Pos	A	C	G	T	Other	Total
1	0	0	0	0	0	0
2	0	0	0	0	0	0
3	0	0	0	0	0	0
4	0	0	0	0	0	0
5	0	0	0	0	0	0
6	0	0	0	0	0	0
7	0	0	0	0	0	0
8	0	0	0	0	0	0
9	0	0	0	0	0	0
10	0	0	0	0	0	0
11	0	0	0	0	0	0
12	4	0	0	0	0	4
13	0	0	0	4	0	4
14	4	0	0	0	0	4
15	0	9	0	0	0	9
16	0	27	0	0	0	27
17	1	0	0	116	0	117
18	0	0	0	134	0	134
19	0	184	0	0	0	184
20	0	207	0	0	0	207
21	0	235	0	0	0	235
22	244	0	1	1	0	246
23	0	0	252	0	0	252
24	0	1	249	0	0	250
25	1	0	0	276	0	277
26	290	0	0	0	0	290
27	291	0	0	1	0	292
28	0	291	0	0	0	291
29	326	0	0	3	0	329
30	355	0	0	1	0	356
31	366	0	0	0	0	366
32	0	374	0	0	0	374
33	0	379	0	0	0	379
34	399	0	0	1	0	400
35	399	0	0	0	0	399
36	0	410	0	0	0	410
37	0	435	0	0	0	435
38	442	0	0	0	0	442
39	443	0	1	0	0	444
40	0	444	0	0	0	444
41	0	0	0	467	0	467
42	0	0	0	470	0	470
43	0	0	0	471	0	471
44	0	467	0	0	0	467
45	0	0	457	0	0	457
46	451	0	0	2	0	453
47	0	0	0	476	0	476
48	0	479	0	0	0	479
49	0	0	0	488	0	488
50	0	483	0	1	0	484
51	0	0	0	490	0	490
52	0	0	0	495	0	495
53	0	1	498	0	0	499
54	0	0	0	495	0	495
55	500	0	0	2	0	502
56	0	0	497	0	0	497
57	491	0	0	0	0	491
58	0	0	0	508	0	508
59	0	510	0	0	0	510
60	0	0	0	516	0	516
61	0	0	515	0	0	515
62	0	0	0	509	0	509
63	0	0	0	516	0	516
64	0	526	0	0	0	526
65	1	0	0	532	0	533
66	0	534	0	0	0	534
67	0	0	0	537	0	537
68	533	0	0	0	0	533
69	522	0	0	1	0	523
70	526	0	0	3	0	529
71	0	521	0	3	0	524
72	1	0	518	0	0	519
73	520	0	0	0	0	520
74	537	0	0	0	0	537
75	1	557	0	0	0	558
76	0	1	0	422	0	423
77	1	0	0	452	0	453
78	0	0	0	421	0	421
79	431	0	0	3	0	434
80	430	0	0	2	0	432
81	432	0	0	2	0	434
82	438	0	0	0	0	438
83	2	0	0	434	0	436
84	0	426	0	2	0	428
85	2	2	0	434	0	438
86	1	2	439	3	0	445
87	0	0	2	465	0	467
88	1	2	471	4	0	478
89	1	0	3	477	0	481
90	1	0	487	3	0	491
91	1	0	490	0	0	491
92	1	500	3	2	0	506
93	1	4	1	525	0	531
94	0	1	550	5	0	556
95	0	1	4	545	0	550
96	0	547	1	5	0	553
97	550	3	1	4	0	558
98	4	570	0	1	0	575
99	2	4	1	556	0	563
100	0	582	3	4	0	589
101	1	4	576	2	0	583
102	0	1	562	0	0	563
103	0	581	5	0	0	586
104	1	4	1	588	0	594
105	0	2	585	3	0	590
106	0	584	4	1	0	589
107	586	5	2	2	0	595
108	6	1	0	589	0	596
109	1	2	610	4	0	617
110	1	619	4	2	0	626
111	0	6	1	616	0	623
112	2	1	1	619	0	623
113	612	1	1	7	0	621
114	4	1	624	1	0	630
115	2	0	5	625	0	632
116	0	1	608	4	0	613
117	0	560	4	2	0	566
118	543	4	2	1	0	550
119	4	527	0	1	0	532
120	2	4	1	501	0	508
121	0	500	0	5	0	505
122	490	4	1	1	0	496
123	3	487	0	3	0	493
124	2	3	480	1	0	486
125	0	483	5	1	0	489
126	475	4	1	1	0	481
127	4	1	486	0	0	491
128	1	2	4	499	0	506
129	479	0	2	5	0	486
130	4	2	0	466	0	472
131	474	0	0	6	0	480
132	475	2	0	1	0	478
133	6	0	0	476	0	482
134	2	2	0	472	0	476
135	471	0	1	8	0	480
136	473	2	0	1	0	476
137	8	0	1	463	0	472
138	465	1	1	7	0	474
139	473	0	0	4	0	477
140	8	476	1	0	0	485
141	2	5	0	491	0	498
142	491	2	0	6	0	499
143	497	0	0	5	0	502
144	8	0	0	496	0	504
145	4	0	0	501	0	505
146	493	0	0	9	0	502
147	6	496	1	4	0	507
148	3	6	0	494	0	503
149	3	2	495	6	0	506
150	1	0	6	492	0	499
151	1	491	2	6	0	500
152	2	5	500	3	0	510
153	1	2	5	492	0	500
154	3	0	2	481	0	486
155	2	0	490	8	0	500
156	476	0	5	4	0	485
157	6	492	2	2	0	502
158	496	5	1	1	0	503
159	7	2	492	1	0	502
160	2	2	510	1	0	515
161	499	0	7	2	0	508
162	5	512	2	0	0	519
163	510	6	1	1	0	518
164	5	514	0	2	0	521
165	3	5	518	1	0	527
166	514	3	6	1	0	524
167	7	0	526	1	0	534
168	2	1	6	521	0	530
169	527	0	2	5	0	534
170	526	2	1	2	0	531
171	8	523	1	1	0	533
172	4	13	2	518	0	537
173	0	533	1	5	0	539
174	1	6	533	2	0	542
175	2	4	4	506	0	516
176	1	500	6	4	0	511
177	0	4	0	488	0	492
178	476	1	2	4	0	483
179	5	0	0	481	0	486
180	2	481	1	3	0	487
181	4	4	0	483	0	491
182	1	3	1	479	0	484
183	1	472	1	8	0	482
184	1	4	0	485	0	490
185	0	4	480	3	0	487
186	1	472	1	4	0	478
187	442	3	3	0	0	448
188	2	2	441	1	0	446
189	3	1	430	0	0	434
190	0	419	5	1	0	425
191	6	6	1	404	0	417
192	2	1	398	1	0	402
193	1	355	1	1	0	358
194	1	2	1	365	0	369
195	0	1	1	368	0	370
196	365	1	0	2	0	368
197	1	363	1	1	0	366
198	3	1	350	0	0	354
199	0	2	350	0	0	352
200	0	0	2	336	0	338
201	1	0	1	397	0	399
202	0	0	0	402	0	402
203	0	488	0	7	0	495
204	0	5	505	2	0	512
205	0	1	4	561	0	566
206	0	567	1	8	0	576
207	0	596	1	2	0	599
208	0	7	617	0	0	624
209	0	3	9	600	0	612
210	1	3	644	10	0	658
211	2	1	13	642	0	658
212	1	0	4	668	0	673
213	0	7	650	14	0	671
214	0	656	11	3	0	670
215	652	11	4	2	0	669
216	11	3	657	1	0	672
217	2	658	13	1	0	674
218	1	675	2	2	0	680
219	4	11	660	1	0	676
220	648	3	14	2	0	667
221	12	5	3	624	0	644
222	3	656	2	10	0	671
223	660	12	3	2	0	677
224	13	5	0	640	0	658
225	2	648	2	11	0	663
226	656	13	1	4	0	674
227	12	6	633	2	0	653
228	2	633	11	3	0	649
229	619	14	3	3	0	639
230	13	622	0	0	0	635
231	613	12	3	2	0	630
232	14	5	2	599	0	620
233	3	600	0	11	0	614
234	1	14	4	602	0	621
235	604	2	3	13	0	622
236	10	2	591	4	0	607
237	1	5	600	2	0	608
238	7	1	11	583	0	602
239	3	1	3	589	0	596
240	2	3	5	579	0	589
241	2	567	2	13	0	584
242	4	12	553	5	0	574
243	0	3	13	535	0	551
244	3	549	3	11	0	566
245	1	570	2	1	0	574
246	3	12	560	2	0	577
247	4	2	547	6	0	559
248	1	4	564	4	0	573
249	1	7	13	550	0	571
250	5	2	550	13	0	570
251	1	2	15	555	0	573
252	3	7	551	14	0	575
253	540	4	14	6	0	564
254	12	572	8	2	0	594
255	4	610	6	4	0	624
256	3	18	634	3	0	658
257	631	5	16	1	0	653
258	649	2	4	7	0	662
259	647	4	3	6	0	660
260	19	5	606	4	0	634
261	7	5	620	3	0	635
262	9	2	18	615	0	644
263	627	4	11	14	0	656
264	625	6	4	5	0	640
265	16	4	613	6	0	639
266	612	3	16	5	0	636
267	17	1	8	600	0	626
268	6	5	608	14	0	633
269	2	4	607	7	0	620
270	581	2	19	8	0	610
271	12	4	600	5	0	621
272	589	5	18	3	0	615
273	20	1	591	1	0	613
274	7	574	20	1	0	602
275	4	590	11	3	0	608
276	4	19	4	568	0	595
277	6	7	6	594	0	613
278	5	3	569	18	0	595
279	5	3	16	560	0	584
280	4	553	8	16	0	581
281	6	566	2	5	0	579
282	4	582	6	5	0	597
283	4	18	8	566	0	596
284	6	6	564	14	0	590
285	6	4	577	6	0	593
286	8	3	18	570	0	599
287	3	3	12	570	0	588
288	7	4	8	554	0	573
289	4	557	3	18	0	582
290	566	15	2	7	0	590
291	564	7	3	3	0	577
292	17	558	7	5	0	587
293	7	16	567	4	0	594
294	568	5	17	5	0	595
295	16	2	574	5	0	597
296	566	4	20	4	0	594
297	578	2	7	5	0	592
298	568	4	5	8	0	585
299	565	6	6	2	0	579
300	17	565	9	4	0	595
301	504	14	1	3	0	522
302	13	503	5	2	0	523
303	413	9	1	1	0	424
304	14	393	4	1	0	412
305	8	8	334	2	0	352
306	2	38	8	284	0	332
307	3	309	7	4	0	323
308	3	292	0	5	0	300
309	257	11	15	7	0	290
310	236	4	1	0	0	241
311	5	244	2	2	0	253
312	6	4	2	232	0	244
313	2	247	3	4	0	256
314	253	5	1	2	0	261
315	5	2	254	0	0	261
316	8	1	3	239	0	251
317	2	0	8	233	0	243
318	3	3	1	239	0	246
319	1	2	238	6	0	247
320	2	236	3	5	0	246
321	2	246	2	2	0	252
322	1	8	3	246	0	258
323	3	2	250	8	0	263
324	1	3	5	254	0	263
325	1	2	3	259	0	265
326	0	4	1	258	0	263
327	1	3	0	258	0	262
328	254	2	3	6	0	265
329	5	253	1	4	0	263
330	254	5	3	3	0	265
331	5	3	254	2	0	264
332	3	1	254	4	0	262
333	0	3	7	252	0	262
334	1	1	2	268	0	272
335	2	265	1	5	0	273
336	3	6	264	4	0	277
337	2	260	7	1	0	270
338	2	7	264	2	0	275
339	251	3	7	2	0	263
340	8	265	2	3	0	278
341	4	4	273	1	0	282
342	5	3	4	264	0	276
343	4	2	270	5	0	281
344	3	270	3	4	0	280
345	4	3	4	262	0	273
346	0	273	1	4	0	278
347	5	4	265	4	0	278
348	1	5	4	265	0	275
349	264	2	4	6	0	276
350	3	264	2	3	0	272
351	2	6	254	0	0	262
352	2	3	3	245	0	253
353	2	1	249	3	0	255
354	1	3	224	1	0	229
355	2	204	3	1	0	210
356	1	1	5	160	0	167
357	0	0	0	165	0	165
358	0	0	0	162	0	162
359	0	0	165	2	0	167
360	0	0	166	0	0	166
361	156	0	1	0	0	157
362	2	0	159	0	0	161
363	144	0	2	0	0	146
364	2	144	0	0	0	146
365	0	1	0	142	0	143
366	0	147	1	1	0	149
367	0	157	0	0	0	157
368	0	1	156	0	0	157
369	0	0	2	155	0	157
370	0	0	160	2	0	162
371	0	0	156	0	0	156
372	153	0	2	0	0	155
373	2	0	159	0	0	161
374	0	0	159	0	0	159
375	160	0	2	0	0	162
376	2	0	160	0	0	162
377	0	0	162	0	0	162
378	0	0	2	157	0	159
379	0	162	0	2	0	164
380	0	1	0	161	0	162
381	0	0	0	157	0	157
382	164	0	0	2	0	166
383	2	0	0	159	0	161
384	0	164	0	2	0	166
385	163	2	0	0	0	165
386	2	0	161	0	0	163
387	157	0	1	0	0	158
388	2	0	178	0	0	180
389	0	0	182	0	0	182
390	0	184	3	0	0	187
391	187	3	0	0	0	190
392	3	189	0	0	0	192
393	0	2	185	0	0	187
394	0	0	3	176	0	179
395	0	194	0	2	0	196
396	196	3	0	0	0	199
397	198	0	0	0	0	198
398	3	194	0	0	0	197
399	197	3	0	0	0	200
400	3	0	0	187	0	190
401	0	194	0	3	0	197
402	0	3	0	195	0	198
403	0	0	0	209	0	209
404	209	0	0	3	0	212
405	203	0	0	0	0	203
406	201	0	0	0	0	201
407	3	0	193	1	0	197
408	189	0	3	1	0	193
409	4	0	0	198	0	202
410	0	0	196	3	0	199
411	0	0	188	0	0	188
412	0	189	2	1	0	192
413	172	2	1	1	0	176
414	1	176	1	0	0	178
415	0	2	0	182	0	184
416	2	0	0	183	0	185
417	0	1	182	2	0	185
418	0	0	2	174	0	176
419	0	1	185	3	0	189
420	0	0	177	1	0	178
421	0	189	1	1	0	191
422	0	1	1	183	0	185
423	0	0	0	180	0	180
424	179	1	0	2	0	182
425	1	0	181	1	0	183
426	0	0	1	183	0	184
427	182	0	0	1	0	183
428	1	0	185	2	0	188
429	186	0	2	1	0	189
430	189	1	0	0	0	190
431	2	0	190	0	0	192
432	1	1	1	181	0	184
433	1	0	1	184	0	186
434	0	0	194	1	0	195
435	191	1	1	1	0	194
436	199	0	0	0	0	199
437	196	0	1	0	0	197
438	199	1	0	0	0	200
439	197	0	1	0	0	198
440	1	1	176	1	0	179
441	1	0	195	0	0	196
442	2	197	1	1	0	201
443	0	1	202	1	0	204
444	1	0	2	199	0	202
445	3	1	1	161	0	166
446	4	0	1	197	0	202
447	1	0	1	202	0	204
448	1	1	204	2	0	208
449	1	197	1	2	0	201
450	0	213	0	2	0	215
451	0	2	2	210	0	214
452	0	219	0	2	0	221
453	219	2	0	1	0	222
454	220	0	0	1	0	221
455	2	232	0	1	0	235
456	2	1	0	234	0	237
457	1	1	2	239	0	243
458	1	1	240	3	0	245
459	235	0	2	3	0	240
460	261	0	3	1	0	265
461	2	266	1	0	0	269
462	271	2	2	0	0	275
463	3	3	276	1	0	283
464	2	279	1	0	0	282
465	1	277	2	3	0	283
466	0	285	2	2	0	289
467	3	3	1	274	0	281
468	272	2	1	3	0	278
469	3	2	1	271	0	277
470	2	0	282	5	0	289
471	2	1	4	287	0	294
472	0	0	305	6	0	311
473	3	0	4	297	0	304
474	4	1	2	292	0	299
475	2	302	2	4	0	310
476	309	4	1	3	0	317
477	5	2	2	298	0	307
478	2	305	1	3	0	311
479	305	6	0	2	0	313
480	276	3	0	2	0	281
481	306	1	1	2	0	310
482	6	302	1	2	0	311
483	3	3	305	2	0	313
484	1	1	6	306	0	314
485	1	1	2	301	0	305
486	0	306	3	6	0	315
487	1	3	307	5	0	316
488	0	2	300	3	0	305
489	291	4	3	0	0	298
490	5	1	2	295	0	303
491	1	1	312	4	0	318
492	2	320	2	1	0	325
493	3	2	1	311	0	317
494	2	336	1	2	0	341
495	2	3	329	1	0	335
496	316	3	3	1	0	323
497	323	1	3	3	0	330
498	3	327	1	3	0	334
499	2	2	0	329	0	333
500	1	3	331	2	0	337
501	0	323	4	1	0	328
502	322	2	3	1	0	328
503	4	307	1	1	0	313
504	1	311	1	2	0	315
505	2	4	2	307	0	315
506	0	317	0	3	0	320
507	313	4	0	4	0	321
508	2	3	1	313	0	319
509	2	0	301	2	0	305
510	2	1	301	1	0	305
511	2	3	3	293	0	301
512	0	300	1	2	0	303
513	296	3	1	4	0	304
514	3	2	2	289	0	296
515	3	2	289	2	0	296
516	2	1	2	290	0	295
517	0	3	1	290	0	294
518	288	2	0	4	0	294
519	2	1	1	290	0	294
520	2	2	286	1	0	291
521	3	0	273	2	0	278
522	0	1	3	281	0	285
523	1	0	4	280	0	285
524	0	0	288	3	0	291
525	259	2	2	4	0	267
526	3	3	278	1	0	285
527	3	276	2	2	0	283
528	0	3	2	287	0	292
529	1	1	290	3	0	295
530	1	1	288	5	0	295
531	2	0	4	285	0	291
532	292	0	3	4	0	299
533	2	0	302	4	0	308
534	1	297	6	3	0	307
535	299	4	3	4	0	310
536	2	2	297	6	0	307
537	293	1	3	3	0	300
538	299	0	3	3	0	305
539	5	306	3	1	0	315
540	2	5	1	296	0	304
541	1	296	2	3	0	302
542	2	2	299	2	0	305
543	296	2	6	3	0	307
544	307	3	4	1	0	315
545	7	0	309	3	0	319
546	3	0	305	3	0	311
547	0	320	6	1	0	327
548	318	3	1	0	0	322
549	5	1	2	310	0	318
550	3	0	1	296	0	300
551	2	305	0	3	0	310
552	303	4	2	2	0	311
553	3	1	305	3	0	312
554	1	4	3	317	0	325
555	323	1	1	6	0	331
556	4	325	2	2	0	333
557	2	5	384	0	0	391
558	3	1	388	0	0	392
559	4	10	8	359	0	381
560	0	368	2	2	0	372
561	0	7	375	2	0	384
562	1	2	7	363	0	373
563	378	2	1	5	0	386
564	7	0	384	1	0	392
565	2	0	7	382	0	391
566	0	0	394	6	0	400
567	0	1	399	1	0	401
568	1	5	7	388	0	401
569	1	0	405	6	0	412
570	370	0	4	3	0	377
571	4	0	391	0	0	395
572	375	0	4	2	0	381
573	4	380	1	0	0	385
574	389	4	1	1	0	395
575	3	403	0	0	0	406
576	1	4	0	399	0	404
577	2	1	0	415	0	418
578	0	0	411	5	0	416
579	0	0	422	1	0	423
580	0	0	3	427	0	430
581	0	0	438	4	0	442
582	1	0	4	422	0	427
583	0	428	1	4	0	433
584	0	444	0	1	0	445
585	0	7	0	444	0	451
586	0	1	0	445	0	446
587	0	0	434	5	0	439
588	1	0	4	428	0	433
589	0	428	1	4	0	433
590	0	430	0	1	0	431
591	0	424	0	0	0	424
592	1	5	0	410	0	416
593	0	409	0	3	0	412
594	405	3	0	1	0	409
595	4	1	0	403	0	408
596	1	0	404	4	0	409
597	1	0	4	404	0	409
598	0	0	405	5	0	410
599	0	0	410	1	0	411
600	0	0	411	0	0	411
601	0	413	6	0	0	419
602	0	4	419	0	0	423
603	419	1	5	1	0	426
604	428	1	1	1	0	431
605	434	0	3	0	0	437
606	5	0	1	433	0	439
607	427	0	1	5	0	433
608	4	423	3	2	0	432
609	2	444	1	2	0	449
610	441	6	2	1	0	450
611	6	2	444	0	0	452
612	2	1	5	446	0	454
613	1	1	449	5	0	456
614	2	1	450	2	0	455
615	0	455	5	2	0	462
616	1	4	3	432	0	440
617	1	2	3	453	0	459
618	449	0	1	7	0	457
619	4	450	1	2	0	457
620	1	458	1	3	0	463
621	0	7	450	5	0	462
622	2	460	7	0	0	469
623	451	6	5	2	0	464
624	451	1	3	4	0	459
625	5	2	454	2	0	463
626	1	2	461	5	0	469
627	0	3	11	448	0	462
628	0	1	5	444	0	450
629	3	448	0	9	0	460
630	3	5	6	437	0	451
631	2	2	3	446	0	453
632	3	434	3	9	0	449
633	4	4	5	436	0	449
634	0	4	3	427	0	434
635	1	418	5	9	0	433
636	2	5	422	4	0	433
637	3	2	8	424	0	437
638	427	0	7	5	0	439
639	423	3	2	3	0	431
640	7	3	417	0	0	427
641	412	2	5	3	0	422
642	423	4	3	2	0	432
643	9	409	1	4	0	423
644	3	6	408	4	0	421
645	1	3	406	4	0	414
646	2	1	9	423	0	435
647	427	2	5	8	0	442
648	455	1	5	3	0	464
649	7	2	1	500	0	510
650	538	4	3	8	0	553
651	548	3	1	7	0	559
652	536	3	1	5	0	545
653	7	4	536	3	0	550
654	2	2	528	4	0	536
655	520	0	6	3	0	529
656	6	1	520	2	0	529
657	1	473	5	0	0	479
658	4	9	1	462	0	476
659	0	1	478	4	0	483
660	1	1	473	0	0	475
661	1	5	3	463	0	472
662	2	0	462	4	0	468
663	2	0	453	0	0	455
664	1	433	5	1	0	440
665	1	452	0	1	0	454
666	448	5	1	1	0	455
667	4	1	1	447	0	453
668	450	0	0	5	0	455
669	5	0	442	1	0	448
670	1	1	4	446	0	452
671	0	0	1	450	0	451
672	444	0	1	6	0	451
673	5	448	1	1	0	455
674	1	6	424	1	0	432
675	0	0	436	0	0	436
676	0	448	8	0	0	456
677	0	6	433	1	0	440
678	1	435	5	0	0	441
679	2	415	1	0	0	418
680	1	4	412	1	0	418
681	400	0	6	0	0	406
682	5	0	3	415	0	423
683	2	427	0	6	0	435
684	0	4	1	421	0	426
685	419	2	0	5	0	426
686	414	1	0	2	0	417
687	414	0	2	0	0	416
688	6	0	413	0	0	419
689	1	1	5	411	0	418
690	0	413	5	5	0	423
691	430	5	1	2	0	438
692	5	3	0	432	0	440
693	1	0	1	432	0	434
694	2	0	0	442	0	444
695	0	0	432	8	0	440
696	415	1	5	1	0	422
697	5	426	1	1	0	433
698	2	5	0	432	0	439
699	1	1	0	436	0	438
700	429	0	0	6	0	435
701	5	1	411	1	0	418
702	1	0	432	1	0	434
703	0	425	7	0	0	432
704	1	6	436	0	0	443
705	420	1	5	1	0	427
706	5	443	1	2	0	451
707	0	6	448	1	0	455
708	429	0	7	0	0	436
709	7	0	459	0	0	466
710	1	465	5	2	0	473
711	0	6	1	476	0	483
712	0	1	0	486	0	487
713	2	0	480	6	0	488
714	1	0	477	1	0	479
715	1	476	8	0	0	485
716	475	6	2	0	0	483
717	4	489	1	1	0	495
718	2	5	0	491	0	498
719	0	2	484	5	0	491
720	452	0	6	2	0	460
721	6	0	1	483	0	490
722	1	476	1	5	0	483
723	0	493	1	1	0	495
724	1	5	0	494	0	500
725	0	1	0	502	0	503
726	496	0	1	7	0	504
727	5	0	1	504	0	510
728	2	1	508	4	0	515
729	491	0	5	1	0	497
730	509	1	2	0	0	512
731	5	1	505	0	0	511
732	511	0	6	1	0	518
733	6	0	1	527	0	534
734	1	1	0	537	0	539
735	0	1	1	536	0	538
736	1	1	0	515	0	517
737	0	523	1	8	0	532
738	538	5	0	3	0	546
739	546	2	0	1	0	549
740	7	0	560	2	0	569
741	575	0	7	0	0	582
742	617	0	3	0	0	620
743	623	1	0	0	0	624
744	647	0	1	1	0	649
745	12	643	0	1	0	656
746	5	7	5	629	0	646
747	2	3	634	9	0	648
748	1	1	600	6	0	608
749	526	5	11	6	0	548
750	511	0	9	0	0	520
751	10	506	2	0	0	518
752	511	5	1	0	0	517
753	8	513	0	0	0	521
754	5	8	0	511	0	524
755	522	4	0	5	0	531
756	517	2	0	3	0	522
757	512	0	0	2	0	514
758	10	506	0	0	0	516
759	507	5	0	2	0	514
760	9	4	1	509	0	523
761	518	2	1	7	0	528
762	9	1	505	4	0	519
763	5	511	6	3	0	525
764	513	6	3	0	0	522
765	7	3	518	0	0	528
766	5	3	5	520	0	533
767	3	0	537	5	0	545
768	1	1	525	3	0	530
769	1	0	8	517	0	526
770	1	1	531	5	0	538
771	0	0	7	530	0	537
772	2	0	2	534	0	538
773	540	0	2	10	0	552
774	7	540	0	5	0	552
775	3	552	2	2	0	559
776	3	569	0	0	0	572
777	1	10	561	1	0	573
778	1	4	5	555	0	565
779	0	2	570	6	0	578
780	546	1	8	3	0	558
781	569	0	4	2	0	575
782	8	575	3	1	0	587
783	7	5	0	565	0	577
784	1	574	1	6	0	582
785	572	7	1	3	0	583
786	7	3	0	574	0	584
787	3	2	569	5	0	579
788	2	568	6	3	0	579
789	0	6	576	3	0	585
790	3	3	9	566	0	581
791	0	4	567	7	0	578
792	547	2	10	3	0	562
793	10	1	566	3	0	580
794	5	570	10	0	0	585
795	5	6	4	569	0	584
796	2	4	2	580	0	588
797	574	4	1	10	0	589
798	568	0	1	6	0	575
799	8	564	1	4	0	577
800	8	6	567	1	0	582
801	4	6	563	1	0	574
802	566	4	10	1	0	581
803	8	3	570	2	0	583
804	5	2	558	0	0	565
805	5	2	560	2	0	569
806	7	0	555	1	0	563
807	4	551	10	2	0	567
808	551	5	9	1	0	566
809	10	4	2	533	0	549
810	526	4	1	7	0	538
811	11	516	1	5	0	533
812	510	7	1	4	0	522
813	9	520	3	5	0	537
814	6	8	4	516	0	534
815	4	531	1	4	0	540
816	2	11	524	3	0	540
817	2	542	9	4	0	557
818	0	9	9	571	0	589
819	575	2	5	9	0	591
820	8	4	4	575	0	591
821	6	1	585	10	0	602
822	4	0	8	583	0	595
823	2	577	4	12	0	595
824	4	9	584	5	0	602
825	573	6	7	3	0	589
826	11	5	3	582	0	601
827	565	2	3	10	0	580
828	574	3	2	3	0	582
829	13	571	3	3	0	590
830	566	10	4	1	0	581
831	574	3	2	3	0	582
832	13	550	4	1	0	568
833	6	7	2	551	0	566
834	3	4	3	560	0	570
835	1	557	1	12	0	571
836	2	8	0	569	0	579
837	1	2	558	12	0	573
838	4	4	8	546	0	562
839	3	1	546	10	0	560
840	2	3	491	2	0	498
841	2	483	8	2	0	495
842	1	467	4	0	0	472
843	2	489	1	1	0	493
844	7	9	6	443	0	465
845	0	1	457	4	0	462
846	447	1	5	0	0	453
847	4	0	2	470	0	476
848	0	0	471	4	0	475
849	1	0	469	1	0	471
850	1	484	3	0	0	488
851	3	3	1	480	0	487
852	481	1	0	4	0	486
853	3	479	0	1	0	483
854	1	472	0	1	0	474
855	3	472	0	0	0	475
856	1	4	0	480	0	485
857	1	483	1	4	0	489
858	3	5	0	525	0	533
859	0	1	1	547	0	549
860	0	0	537	7	0	544
861	501	0	6	2	0	509
862	6	1	545	1	0	553
863	2	1	6	553	0	562
864	1	2	552	5	0	560
865	0	545	5	3	0	553
866	541	5	5	1	0	552
867	8	0	1	526	0	535
868	0	1	1	536	0	538
869	536	1	1	7	0	545
870	535	0	2	2	0	539
871	554	2	1	0	0	557
872	8	0	551	1	0	560
873	513	0	7	2	0	522
874	6	523	0	2	0	531
875	0	530	1	1	0	532
876	3	6	1	514	0	524
877	1	2	1	509	0	513
878	1	518	0	6	0	525
879	3	7	1	509	0	520
880	508	0	1	8	0	517
881	6	1	506	0	0	513
882	1	505	6	1	0	513
883	496	5	0	4	0	505
884	5	498	1	4	0	508
885	0	6	506	1	0	513
886	2	1	6	507	0	516
887	1	1	501	6	0	509
888	2	497	6	1	0	506
889	3	7	2	489	0	501
890	1	2	487	6	0	496
891	2	2	487	0	0	491
892	2	1	5	496	0	504
893	498	1	0	6	0	505
894	494	0	1	3	0	498
895	498	1	0	1	0	500
896	6	1	519	2	0	528
897	2	514	7	1	0	524
898	1	5	3	517	0	526
899	1	3	0	515	0	519
900	1	516	1	7	0	525
901	510	8	1	1	0	520
902	6	1	1	518	0	526
903	0	2	522	8	0	532
904	0	519	7	2	0	528
905	509	6	1	0	0	516
906	5	516	1	1	0	523
907	1	6	0	513	0	520
908	1	0	3	515	0	519
909	1	2	1	512	0	516
910	5	1	505	5	0	516
911	2	0	6	497	0	505
912	1	498	2	8	0	509
913	2	487	1	1	0	491
914	2	7	486	2	0	497
915	457	0	8	3	0	468
916	480	2	3	3	0	488
917	6	468	0	3	0	477
918	435	6	1	1	0	443
919	437	1	1	2	0	441
920	6	455	1	1	0	463
921	0	8	2	462	0	472
922	3	3	482	4	0	492
923	0	2	463	3	0	468
924	481	3	5	0	0	489
925	6	489	2	3	0	500
926	2	6	0	495	0	503
927	3	2	2	499	0	506
928	1	1	1	498	0	501
929	494	2	2	8	0	506
930	8	1	1	496	0	506
931	2	2	3	492	0	499
932	2	2	481	5	0	490
933	462	1	5	3	0	471
934	4	481	4	2	0	491
935	478	6	1	5	0	490
936	7	478	1	2	0	488
937	2	6	2	477	0	487
938	482	1	0	9	0	492
939	490	0	3	1	0	494
940	8	0	481	0	0	489
941	501	2	5	1	0	509
942	6	2	510	1	0	519
943	3	0	497	2	0	502
944	2	2	483	2	0	489
945	1	2	523	1	0	527
946	2	2	6	535	0	545
947	0	0	533	8	0	541
948	1	1	7	525	0	534
949	520	0	1	8	0	529
950	8	2	0	513	0	523
951	504	1	0	10	0	515
952	8	501	0	2	0	511
953	1	8	0	505	0	514
954	1	0	498	8	0	507
955	1	513	5	2	0	521
956	4	8	0	513	0	525
957	0	0	517	7	0	524
958	0	506	6	0	0	512
959	0	505	0	0	0	505
960	3	6	498	1	0	508
961	3	2	7	482	0	494
962	0	1	486	7	0	494
963	466	0	8	0	0	474
964	479	0	0	1	0	480
965	7	476	1	0	0	484
966	475	7	0	1	0	483
967	9	0	0	473	0	482
968	0	1	465	7	0	473
969	455	0	6	2	0	463
970	7	0	454	1	0	462
971	0	447	7	0	0	454
972	449	7	0	0	0	456
973	5	1	1	451	0	458
974	0	2	456	5	0	463
975	455	0	6	2	0	463
976	444	0	0	1	0	445
977	452	0	1	1	0	454
978	7	0	0	442	0	449
979	1	0	0	449	0	450
980	1	0	440	5	0	446
981	0	442	6	1	0	449
982	1	5	0	441	0	447
983	0	0	0	451	0	451
984	0	1	444	5	0	450
985	0	0	437	1	0	438
986	0	0	6	441	0	447
987	432	1	1	5	0	439
988	7	439	1	0	0	447
989	443	6	0	4	0	453
990	7	445	1	0	0	453
991	1	7	444	0	0	452
992	2	0	446	0	0	448
993	437	0	6	0	0	443
994	470	0	2	1	0	473
995	6	468	0	2	0	476
996	1	6	445	0	0	452
997	3	1	6	441	0	451
998	1	2	0	434	0	437
999	0	437	2	6	0	445
1000	1	6	1	444	0	452
1001	0	0	448	9	0	457
1002	434	2	7	0	0	443
1003	438	0	0	3	0	441
1004	428	1	3	0	0	432
1005	439	1	0	2	0	442
1006	10	1	428	1	0	440
1007	430	0	7	2	0	439
1008	9	1	429	0	0	439
1009	2	433	7	0	0	442
1010	4	5	0	434	0	443
1011	438	1	2	8	0	449
1012	6	3	1	463	0	473
1013	1	0	462	10	0	473
1014	458	0	7	1	0	466
1015	469	5	0	2	0	476
1016	8	1	3	462	0	474
1017	3	0	2	472	0	477
1018	3	0	461	7	0	471
1019	2	465	8	2	0	477
1020	439	4	2	4	0	449
1021	8	2	420	0	0	430
1022	404	4	6	0	0	414
1023	11	409	1	1	0	422
1024	395	7	5	2	0	409
1025	9	390	3	0	0	402
1026	2	398	2	2	0	404
1027	6	5	2	389	0	402
1028	2	4	1	397	0	404
1029	2	4	1	398	0	405
1030	1	1	2	400	0	404
1031	3	1	393	9	0	406
1032	392	0	5	8	0	405
1033	402	1	2	4	0	409
1034	405	0	3	1	0	409
1035	10	0	3	398	0	411
1036	6	1	1	403	0	411
1037	402	0	2	7	0	411
1038	400	2	1	5	0	408
1039	397	3	1	3	0	404
1040	11	1	1	387	0	400
1041	6	1	2	376	0	385
1042	4	1	366	7	0	378
1043	1	2	355	6	0	364
1044	4	358	6	5	0	373
1045	311	10	8	4	0	333
1046	305	2	7	3	0	317
1047	310	2	2	4	0	318
1048	8	0	312	2	0	322
1049	313	2	2	1	0	318
1050	318	0	2	2	0	322
1051	313	0	5	3	0	321
1052	10	0	1	312	0	323
1053	6	3	0	314	0	323
1054	7	0	0	309	0	316
1055	2	2	281	7	0	292
1056	262	1	3	4	0	270
1057	3	265	2	4	0	274
1058	235	1	2	1	0	239
1059	3	228	1	1	0	233
1060	1	229	0	2	0	232
1061	4	1	2	225	0	232
1062	2	2	3	220	0	227
1063	2	217	1	2	0	222
1064	217	2	0	2	0	221
1065	218	1	0	2	0	221
1066	4	1	0	214	0	219
1067	5	0	215	1	0	221
1068	2	0	209	2	0	213
1069	2	0	222	2	0	226
1070	1	0	222	2	0	225
1071	214	3	3	1	0	221
1072	210	0	3	1	0	214
1073	2	0	1	209	0	212
1074	2	1	201	2	0	206
1075	3	0	1	205	0	209
1076	2	208	0	2	0	212
1077	1	240	1	0	0	242
1078	247	2	1	1	0	251
1079	245	3	0	0	0	248
1080	245	2	0	0	0	247
1081	4	0	0	244	0	248
1082	1	0	0	249	0	250
1083	1	1	0	250	0	252
1084	1	0	0	249	0	250
1085	1	0	253	3	0	257
1086	1	0	1	254	0	256
1087	267	1	2	2	0	272
1088	2	0	2	267	0	271
1089	1	0	1	269	0	271
1090	1	1	1	270	0	273
1091	2	255	0	4	0	261
1092	1	258	0	3	0	262
1093	0	260	0	2	0	262
1094	1	1	0	246	0	248
1095	1	1	0	246	0	248
1096	247	0	0	2	0	249
1097	245	0	2	2	0	249
1098	240	0	1	0	0	241
1099	2	0	1	243	0	246
1100	1	0	1	248	0	250
1101	1	248	0	3	0	252
1102	1	258	0	2	0	261
1103	256	3	0	0	0	259
1104	1	2	0	254	0	257
1105	258	1	0	1	0	260
1106	267	0	0	3	0	270
1107	3	0	0	264	0	267
1108	2	275	0	3	0	280
1109	281	3	0	2	0	286
1110	290	2	0	0	0	292
1111	3	1	302	1	0	307
1112	281	0	2	1	0	284
1113	2	283	0	1	0	286
1114	2	2	0	304	0	308
1115	345	0	0	3	0	348
1116	3	0	0	353	0	356
1117	3	1	0	353	0	357
1118	1	349	0	3	0	353
1119	351	4	1	0	0	356
1120	356	2	0	0	0	358
1121	6	339	0	1	0	346
1122	1	365	1	3	0	370
1123	368	3	2	1	0	374
1124	372	0	0	2	0	374
1125	3	2	362	1	0	368
1126	0	1	340	2	0	343
1127	5	0	363	0	0	368
1128	2	0	3	371	0	376
1129	1	0	1	379	0	381
1130	1	1	379	5	0	386
1131	370	2	3	1	0	376
1132	388	0	0	2	0	390
1133	386	2	0	1	0	389
1134	383	1	1	2	0	387
1135	4	0	410	2	0	416
1136	430	1	3	2	0	436
1137	446	0	1	4	0	451
1138	448	0	1	1	0	450
1139	448	1	0	2	0	451
1140	451	2	0	1	0	454
1141	4	2	462	1	0	469
1142	1	466	4	0	0	471
1143	2	3	1	455	0	461
1144	1	0	1	471	0	473
1145	3	0	464	3	0	470
1146	442	0	3	2	0	447
1147	4	0	1	458	0	463
1148	1	1	473	4	0	479
1149	3	0	448	1	0	452
1150	3	477	3	0	0	483
1151	2	4	1	484	0	491
1152	4	0	0	490	0	494
1153	0	1	2	481	0	484
1154	486	1	0	4	0	491
1155	6	0	0	482	0	488
1156	1	0	477	5	0	483
1157	2	1	451	2	0	456
1158	3	1	488	0	0	492
1159	2	0	4	503	0	509
1160	509	1	2	3	0	515
1161	3	1	512	1	0	517
1162	500	2	3	1	0	506
1163	563	0	2	2	0	567
1164	6	0	0	590	0	596
1165	0	0	1	601	0	602
1166	1	588	2	4	0	595
1167	0	4	590	1	0	595
1168	592	1	4	0	0	597
1169	4	0	1	599	0	604
1170	0	598	2	4	0	604
1171	0	3	0	606	0	609
1172	3	0	601	3	0	607
1173	1	0	4	587	0	592
1174	2	598	1	2	0	603
1175	2	3	1	594	0	600
1176	601	0	1	5	0	607
1177	3	0	0	578	0	581
1178	1	559	0	3	0	563
1179	0	577	2	0	0	579
1180	567	2	0	2	0	571
1181	4	0	580	1	0	585
1182	1	1	3	567	0	572
1183	0	0	1	582	0	583
1184	0	0	581	3	0	584
1185	0	584	4	1	0	589
1186	1	3	582	0	0	586
1187	0	2	3	574	0	579
1188	0	586	0	3	0	589
1189	598	3	0	0	0	601
1190	2	591	0	1	0	594
1191	0	602	1	0	0	603
1192	614	3	0	3	0	620
1193	629	1	0	0	0	630
1194	635	0	0	1	0	636
1195	4	0	0	638	0	642
1196	0	0	635	4	0	639
1197	636	0	2	0	0	638
1198	678	1	0	0	0	679
1199	4	1	0	705	0	710
1200	0	0	706	3	0	709
1201	0	698	3	1	0	702
1202	703	3	0	2	0	708
1203	740	0	2	2	0	744
1204	2	747	1	0	0	750
1205	1	775	1	0	0	777
1206	769	2	0	2	0	773
1207	774	1	0	1	0	776
1208	764	0	0	1	0	765
1209	2	1	0	763	0	766
1210	2	1	781	2	0	786
1211	2	0	1	757	0	760
1212	1	0	763	2	0	766
1213	1	751	2	0	0	754
1214	0	739	0	1	0	740
1215	0	1	1	708	0	710
1216	1	0	0	710	0	711
1217	1	0	0	707	0	708
1218	0	716	0	2	0	718
1219	721	0	1	0	0	722
1220	711	1	0	1	0	713
1221	1	724	2	0	0	727
1222	1	1	0	702	0	704
1223	1	701	0	0	0	702
1224	2	1	0	701	0	704
1225	1	705	1	0	0	707
1226	707	1	0	0	0	708
1227	3	0	0	700	0	703
1228	1	0	685	1	0	687
1229	687	0	1	2	0	690
1230	688	0	1	2	0	691
1231	0	0	689	0	0	689
1232	1	1	0	690	0	692
1233	1	1	702	0	0	704
1234	1	1	0	697	0	699
1235	0	1	665	2	0	668
1236	632	0	0	2	0	634
1237	0	2	0	636	0	638
1238	2	648	0	1	0	651
1239	658	1	0	0	0	659
1240	1	2	0	671	0	674
1241	2	1	0	660	0	663
1242	1	2	646	2	0	651
1243	1	0	1	682	0	684
1244	1	2	697	1	0	701
1245	0	0	716	2	0	718
1246	0	1	4	753	0	758
1247	1	0	815	4	0	820
1248	817	0	5	1	0	823
1249	958	1	1	0	0	960
1250	1043	1	1	1	0	1046
1251	11	1089	2	2	0	1104
1252	3	9	2	1110	0	1124
1253	1	2	0	1088	0	1091
1254	2	1117	3	10	0	1132
1255	1127	12	0	5	0	1144
1256	13	2	1	1124	0	1140
1257	3	2	1133	12	0	1150
1258	2	2	1103	4	0	1111
1259	2	1109	13	2	0	1126
1260	1113	8	3	3	0	1127
1261	12	3	1105	1	0	1121
1262	1092	1	11	3	0	1107
1263	14	1052	4	1	0	1071
1264	6	8	1042	2	0	1058
1265	1	4	1030	3	0	1038
1266	2	2	1052	2	0	1058
1267	5	1030	13	5	0	1053
1268	3	13	1041	3	0	1060
1269	1029	2	14	1	0	1046
1270	13	2	5	1004	0	1024
1271	3	2	5	1055	0	1065
1272	3	2	3	1060	0	1068
1273	5	3	2	1063	0	1073
1274	5	1	1040	19	0	1065
1275	2	2	9	1043	0	1056
1276	5	1	3	1059	0	1068
1277	1035	2	4	17	0	1058
1278	1064	1	5	5	0	1075
1279	1007	1	3	6	0	1017
1280	15	4	1046	1	0	1066
1281	8	1052	13	2	0	1075
1282	3	1092	5	5	0	1105
1283	1046	17	5	4	0	1072
1284	16	1070	4	3	0	1093
1285	5	14	2	1073	0	1094
1286	6	6	4	1086	0	1102
1287	4	3	1083	20	0	1110
1288	3	1061	17	5	0	1086
1289	4	15	1050	7	0	1076
1290	1032	3	16	8	0	1059
1291	1071	1	5	5	0	1082
1292	18	5	2	1064	0	1089
1293	7	4	4	1049	0	1064
1294	2	1	7	1047	0	1057
1295	7	3	5	1045	0	1060
1296	3	6	1047	20	0	1076
1297	5	6	15	1027	0	1053
1298	6	2	1032	19	0	1059
1299	1	0	1007	10	0	1018
1300	4	997	19	7	0	1027
1301	1014	17	9	5	0	1045
1302	15	1018	6	7	0	1046
1303	3	18	12	972	0	1005
1304	5	4	1005	22	0	1036
1305	978	6	16	9	0	1009
1306	22	2	981	6	0	1011
1307	980	3	17	7	0	1007
1308	999	1	10	8	0	1018
1309	25	1	4	1011	0	1041
1310	7	5	9	993	0	1014
1311	9	2	3	1003	0	1017
1312	6	5	978	22	0	1011
1313	956	3	17	11	0	987
1314	16	967	7	11	0	1001
1315	7	17	5	974	0	1003
1316	975	6	7	18	0	1006
1317	984	3	6	6	0	999
1318	983	6	9	3	0	1001
1319	26	3	948	5	0	982
1320	972	7	17	4	0	1000
1321	988	5	4	10	0	1007
1322	27	2	910	11	0	950
1323	6	7	977	13	0	1003
1324	9	3	23	982	0	1017
1325	5	1	988	24	0	1018
1326	3	952	28	9	0	992
1327	6	990	12	7	0	1015
1328	967	23	5	5	0	1000
1329	25	980	6	6	0	1017
1330	12	22	7	977	0	1018
1331	955	8	5	20	0	988
1332	23	996	3	8	0	1030
1333	7	24	10	978	0	1019
1334	7	7	8	999	0	1021
1335	8	4	979	23	0	1014
1336	9	7	22	968	0	1006
1337	4	4	974	27	0	1009
1338	5	3	952	13	0	973
1339	7	3	20	956	0	986
1340	5	4	6	968	0	983
1341	942	3	8	26	0	979
1342	21	1028	8	12	0	1069
1343	8	21	5	1012	0	1046
1344	4	11	3	1026	0	1044
1345	969	3	2	29	0	1003
1346	24	935	1	8	0	968
1347	12	868	3	9	0	892
1348	7	841	4	8	0	860
1349	5	718	2	3	0	728
1350	583	9	20	1	0	613
1351	565	3	4	1	0	573
1352	543	3	0	0	0	546
1353	547	1	0	1	0	549
1354	9	2	0	535	0	546
1355	2	0	533	7	0	542
1356	3	527	8	0	0	538
1357	4	7	1	515	0	527
1358	1	1	513	8	0	523
1359	2	1	7	508	0	518
1360	0	0	1	523	0	524
1361	1	1	514	8	0	524
1362	2	1	8	506	0	517
1363	2	1	1	496	0	500
1364	507	0	2	9	0	518
1365	509	1	0	2	0	512
1366	508	1	1	2	0	512
1367	506	0	0	4	0	510
1368	10	1	0	499	0	510
1369	5	2	0	502	0	509
1370	5	1	1	497	0	504
1371	496	1	1	8	0	506
1372	11	3	1	484	0	499
1373	4	1	0	498	0	503
1374	3	0	480	9	0	492
1375	3	1	8	471	0	483
1376	4	468	1	9	0	482
1377	2	483	2	4	0	491
1378	467	9	3	2	0	481
1379	10	2	462	3	0	477
1380	0	443	6	5	0	454
1381	439	6	5	1	0	451
1382	6	1	0	438	0	445
1383	1	2	434	9	0	446
1384	3	7	8	426	0	444
1385	2	437	1	9	0	449
1386	430	4	3	3	0	440
1387	8	433	2	1	0	444
1388	435	6	0	3	0	444
1389	437	0	1	3	0	441
1390	6	3	1	442	0	452
1391	3	2	1	432	0	438
1392	2	432	0	8	0	442
1393	432	5	4	4	0	445
1394	8	1	432	2	0	443
1395	417	3	6	3	0	429
1396	405	0	1	5	0	411
1397	8	1	395	1	0	405
1398	3	3	5	379	0	390
1399	378	2	1	8	0	389
1400	7	3	374	1	0	385
1401	5	0	357	4	0	366
1402	346	0	5	4	0	355
1403	6	340	3	1	0	350
1404	2	319	4	2	0	327
1405	2	3	4	311	0	320
1406	3	1	310	3	0	317
1407	299	1	7	2	0	309
1408	5	2	304	2	0	313
1409	3	281	4	1	0	289
1410	276	4	0	5	0	285
1411	2	4	1	279	0	286
1412	277	3	0	5	0	285
1413	5	1	279	1	0	286
1414	2	1	3	277	0	283
1415	3	278	1	3	0	285
1416	2	2	2	273	0	279
1417	1	1	2	280	0	284
1418	1	3	278	5	0	287
1419	4	263	1	1	0	269
1420	2	276	4	1	0	283
1421	2	2	267	2	0	273
1422	256	2	3	0	0	261
1423	259	1	2	1	0	263
1424	2	0	1	257	0	260
1425	250	0	3	2	0	255
1426	3	239	1	0	0	243
1427	0	254	1	2	0	257
1428	255	2	2	1	0	260
1429	3	2	1	257	0	263
1430	266	2	0	2	0	270
1431	267	0	2	2	0	271
1432	3	1	1	250	0	255
1433	4	1	247	2	0	254
1434	248	1	3	1	0	253
1435	249	1	0	1	0	251
1436	4	0	1	245	0	250
1437	3	250	0	4	0	257
1438	3	4	0	247	0	254
1439	0	0	245	5	0	250
1440	0	1	231	3	0	235
1441	2	234	2	1	0	239
1442	11	2	2	132	0	147
1443	0	0	0	140	0	140
1444	0	1	140	1	0	142
1445	139	0	0	1	0	140
1446	143	0	2	0	0	145
1447	145	0	1	0	0	146
1448	145	1	0	0	0	146
1449	1	142	0	1	0	144
1450	0	146	0	1	0	147
1451	150	1	1	0	0	152
1452	2	0	0	151	0	153
1453	1	0	0	150	0	151
1454	1	148	0	1	0	150
1455	1	1	0	149	0	151
1456	1	1	0	145	0	147
1457	0	147	0	0	0	147
1458	1	1	150	0	0	152
1459	0	0	1	149	0	150
1460	147	1	0	2	0	150
1461	145	1	0	1	0	147
1462	1	0	145	2	0	148
1463	0	1	145	1	0	147
1464	0	1	143	0	0	144
1465	0	0	1	137	0	138
1466	1	0	135	2	0	138
1467	1	1	134	0	0	136
1468	2	0	2	138	0	142
1469	0	145	2	1	0	148
1470	0	0	146	0	0	146
1471	0	146	1	1	0	148
1472	145	1	1	0	0	147
1473	1	150	1	0	0	152
1474	0	1	0	150	0	151
1475	150	1	0	1	0	152
1476	1	0	1	146	0	148
1477	0	1	0	151	0	152
1478	1	0	147	1	0	149
1479	0	144	1	0	0	145
1480	0	145	0	1	0	146
1481	1	1	0	144	0	146
1482	0	0	0	151	0	151
1483	0	0	0	149	0	149
1484	0	0	143	1	0	144
1485	0	1	139	0	0	140
1486	136	1	1	0	0	138
1487	1	0	133	1	0	135
1488	0	0	129	1	0	130
1489	0	133	1	1	0	135
1490	0	0	1	134	0	135
1491	0	0	133	0	0	133
1492	1	0	0	132	0	133
1493	0	0	132	0	0	132
1494	0	0	1	132	0	133
1495	0	1	139	0	0	140
1496	0	0	0	140	0	140
1497	0	0	1	136	0	137
1498	0	148	0	1	0	149
1499	0	0	1	148	0	149
1500	0	153	0	1	0	154
1501	0	0	1	155	0	156
1502	0	0	0	153	0	153
1503	154	0	0	1	0	155
1504	0	0	0	151	0	151
1505	0	0	155	1	0	156
1506	1	1	0	152	0	154
1507	0	0	0	154	0	154
1508	0	0	155	1	0	156
1509	1	0	151	0	0	152
1510	0	0	0	155	0	155
1511	0	0	1	156	0	157
1512	0	0	157	1	0	158
1513	0	148	0	1	0	149
1514	0	152	1	0	0	153
1515	152	0	1	0	0	153
1516	0	0	0	153	0	153
1517	156	0	0	2	0	158
1518	151	0	1	0	0	152
1519	0	153	0	0	0	153
1520	154	1	0	0	0	155
1521	155	0	0	0	0	155
1522	0	0	152	0	0	152
1523	1	0	0	154	0	155
1524	1	0	155	0	0	156
1525	0	2	0	155	0	157
1526	1	0	157	0	0	158
1527	1	146	0	0	0	147
1528	0	146	1	0	0	147
1529	0	0	0	141	0	141
1530	136	1	1	1	0	139
1531	0	0	0	140	0	140
1532	1	0	1	139	0	141
1533	0	1	139	1	0	141
1534	0	1	137	1	0	139
1535	0	0	139	1	0	140
1536	1	0	1	142	0	144
1537	0	0	1	139	0	140
1538	0	144	0	2	0	146
1539	0	147	1	1	0	149
1540	146	1	1	0	0	148
1541	0	148	1	0	0	149
1542	1	1	148	1	0	151
1543	0	1	0	149	0	150
1544	0	0	152	0	0	152
1545	0	155	0	1	0	156
1546	0	0	1	152	0	153
1547	149	2	0	0	0	151
1548	0	0	152	1	0	153
1549	1	155	1	1	0	158
1550	0	1	152	0	0	153
1551	0	153	0	1	0	154
1552	0	1	2	148	0	151
1553	149	1	0	1	0	151
1554	147	0	1	1	0	149
1555	1	147	0	1	0	149
1556	147	0	1	0	0	148
1557	0	1	0	146	0	147
1558	148	0	0	1	0	149
1559	0	1	149	1	0	151
1560	1	0	147	1	0	149
1561	0	1	1	146	0	148
1562	0	0	1	152	0	153
1563	0	0	148	2	0	150
1564	1	0	0	149	0	150
1565	146	0	1	2	0	149
1566	144	0	1	2	0	147
1567	1	144	0	1	0	146
1568	1	138	0	1	0	140
1569	136	1	1	0	0	138
1570	1	1	1	136	0	139
1571	134	0	0	1	0	135
1572	0	132	0	2	0	134
1573	129	0	1	0	0	130
1574	0	2	126	0	0	128
1575	1	1	128	0	0	130
1576	1	0	1	130	0	132
1577	0	0	131	1	0	132
1578	1	0	0	128	0	129
1579	1	0	1	125	0	127
1580	0	1	135	1	0	137
1581	0	0	0	132	0	132
1582	1	0	1	137	0	139
1583	0	0	141	1	0	142
1584	0	0	135	2	0	137
1585	135	0	2	0	0	137
1586	0	0	143	1	0	144
1587	154	0	0	0	0	154
1588	164	0	1	0	0	165
1589	1	0	166	0	0	167
1590	1	0	164	0	0	165
1591	0	1	1	159	0	161
1592	0	0	1	159	0	160
1593	0	159	1	1	0	161
1594	0	161	1	1	0	163
1595	0	1	157	1	0	159
1596	156	1	0	1	0	158
1597	156	0	1	0	0	157
1598	2	1	149	0	0	152
1599	1	0	152	0	0	153
1600	1	0	1	151	0	153
1601	1	151	1	1	0	154
1602	0	1	1	152	0	154
1603	0	2	0	154	0	156
1604	154	0	1	2	0	157
1605	149	1	0	1	0	151
1606	2	0	0	152	0	154
1607	1	0	157	1	0	159
1608	147	0	1	2	0	150
1609	1	155	2	1	0	159
1610	154	1	0	1	0	156
1611	152	1	1	1	0	155
1612	2	155	0	1	0	158
1613	2	157	0	0	0	159
1614	1	0	0	158	0	159
1615	1	1	0	164	0	166
1616	0	164	1	2	0	167
1617	1	1	0	164	0	166
1618	0	2	0	163	0	165
1619	1	0	162	1	0	164
1620	166	1	0	1	0	168
1621	166	0	1	1	0	168
1622	166	1	0	1	0	168
1623	1	0	1	169	0	171
1624	166	0	1	1	0	168
1625	1	162	1	3	0	167
1626	3	0	0	161	0	164
1627	0	159	1	2	0	162
1628	2	173	1	0	0	176
1629	173	3	0	0	0	176
1630	173	0	1	1	0	175
1631	169	0	1	0	0	170
1632	168	1	0	2	0	171
1633	170	0	0	1	0	171
1634	0	2	181	0	0	183
1635	178	0	0	1	0	179
1636	1	0	180	0	0	181
1637	175	1	0	0	0	176
1638	174	0	1	0	0	175
1639	173	0	0	0	0	173
1640	1	0	177	0	0	178
1641	2	1	0	173	0	176
1642	2	179	0	0	0	181
1643	184	0	1	1	0	186
1644	182	0	0	1	0	183
1645	1	185	1	1	0	188
1646	183	1	0	0	0	184
1647	2	0	0	181	0	183
1648	1	180	1	0	0	182
1649	184	1	1	0	0	186
1650	184	1	0	0	0	185
1651	1	1	1	182	0	185
1652	185	1	1	0	0	187
1653	3	1	0	190	0	194
1654	3	2	1	187	0	193
1655	1	1	188	2	0	192
1656	0	1	0	188	0	189
1657	0	2	1	191	0	194
1658	2	1	187	2	0	192
1659	1	1	180	1	0	183
1660	0	0	3	184	0	187
1661	2	0	186	1	0	189
1662	184	0	1	2	0	187
1663	1	192	2	1	0	196
1664	0	0	2	212	0	214
1665	1	0	1	211	0	213
1666	2	1	0	206	0	209
1667	207	1	1	2	0	211
1668	209	1	1	3	0	214
1669	219	1	1	2	0	223
1670	3	220	1	1	0	225
1671	3	1	0	225	0	229
1672	3	3	1	222	0	229
1673	229	0	0	0	0	229
1674	224	3	0	0	0	227
1675	1	1	0	230	0	232
1676	3	0	224	1	0	228
1677	230	1	1	0	0	232
1678	233	1	0	0	0	234
1679	1	1	238	3	0	243
1680	222	0	1	3	0	226
1681	1	1	238	1	0	241
1682	236	0	1	1	0	238
1683	3	1	1	252	0	257
1684	2	263	2	1	0	268
1685	2	0	280	1	0	283
1686	4	278	0	1	0	283
1687	1	260	0	1	0	262
1688	295	1	3	1	0	300
1689	1	1	0	293	0	295
1690	0	1	0	294	0	295
1691	306	0	0	1	0	307
1692	0	0	0	309	0	309
1693	0	0	0	309	0	309
1694	1	0	0	309	0	310
1695	0	0	0	305	0	305
1696	0	0	305	1	0	306
1697	0	0	292	1	0	293
1698	0	300	0	1	0	301
1699	309	0	1	0	0	310
1700	0	0	1	318	0	319
1701	0	312	0	0	0	312
1702	1	0	0	335	0	336
1703	0	0	0	336	0	336
1704	0	1	0	333	0	334
1705	0	0	0	342	0	342
1706	0	0	0	346	0	346
1707	0	336	1	1	0	338
1708	0	0	0	343	0	343
1709	0	1	339	2	0	342
1710	0	347	0	0	0	347
1711	0	0	0	350	0	350
1712	0	0	1	347	0	348
1713	0	341	0	2	0	343
1714	0	343	0	1	0	344
1715	339	0	0	2	0	341
1716	0	338	0	0	0	338
1717	339	1	0	0	0	340
1718	339	0	0	0	0	339
1719	0	1	365	0	0	366
1720	1	0	0	351	0	352
1721	1	1	361	0	0	363
1722	0	368	1	0	0	369
1723	1	0	1	346	0	348
1724	0	0	1	376	0	377
1725	1	1	0	384	0	386
1726	1	0	0	385	0	386
1727	0	0	391	1	0	392
1728	0	0	1	379	0	380
1729	0	0	390	1	0	391
1730	0	0	379	0	0	379
1731	382	0	1	3	0	386
1732	399	0	1	1	0	401
1733	401	0	1	1	0	403
1734	2	383	0	0	0	385
1735	1	1	0	397	0	399
1736	1	0	408	1	0	410
1737	0	1	1	402	0	404
1738	0	0	414	2	0	416
1739	418	0	1	0	0	419
1740	418	0	0	1	0	419
1741	417	0	1	1	0	419
1742	2	0	406	0	0	408
1743	2	0	400	0	0	402
1744	2	0	2	427	0	431
1745	1	0	2	408	0	411
1746	1	0	0	430	0	431
1747	0	0	430	2	0	432
1748	1	0	406	1	0	408
1749	418	0	2	2	0	422
1750	2	1	1	433	0	437
1751	2	0	2	434	0	438
1752	443	0	0	2	0	445
1753	2	1	0	438	0	441
1754	466	0	0	4	0	470
1755	486	0	0	1	0	487
1756	484	0	0	3	0	487
1757	4	1	490	0	0	495
1758	2	489	2	4	0	497
1759	514	2	0	2	0	518
1760	2	0	1	510	0	513
1761	1	1	0	509	0	511
1762	1	506	1	2	0	510
1763	504	2	1	1	0	508
1764	495	1	0	0	0	496
1765	502	1	0	1	0	504
1766	3	510	0	1	0	514
1767	538	2	0	0	0	540
1768	545	0	0	3	0	548
1769	543	1	0	1	0	545
1770	4	0	0	532	0	536
1771	0	0	0	538	0	538
1772	1	0	560	3	0	564
1773	1	1	2	544	0	548
1774	0	0	0	562	0	562
1775	0	0	562	1	0	563
1776	539	0	1	0	0	540
1777	560	0	0	1	0	561
1778	2	2	0	558	0	562
1779	0	544	1	2	0	547
1780	0	556	0	0	0	556
1781	1	3	0	554	0	558
1782	0	0	545	3	0	548
1783	0	0	2	516	0	518
1784	0	0	541	2	0	543
1785	1	1	549	0	0	551
1786	1	0	2	561	0	564
1787	566	0	0	3	0	569
1788	546	0	0	0	0	546
1789	2	0	0	554	0	556
1790	0	0	0	553	0	553
1791	0	0	0	554	0	554
1792	0	0	0	551	0	551
1793	558	0	0	2	0	560
1794	561	0	0	0	0	561
1795	549	0	0	0	0	549
1796	2	0	556	0	0	558
1797	0	0	2	548	0	550
1798	0	0	0	572	0	572
1799	576	0	0	2	0	578
1800	2	561	0	0	0	563
1801	560	2	0	1	0	563
1802	560	0	0	0	0	560
1803	557	0	0	0	0	557
1804	552	0	0	1	0	553
1805	2	0	565	0	0	567
1806	0	0	547	0	0	547
1807	591	0	3	2	0	596
1808	595	0	0	1	0	596
1809	586	0	0	1	0	587
1810	605	0	0	0	0	605
1811	3	1	630	0	0	634
1812	0	682	5	0	0	687
1813	1	4	0	715	0	720
1814	764	0	0	9	0	773
1815	780	0	0	2	0	782
1816	828	0	0	1	0	829
1817	843	1	0	0	0	844
1818	849	0	0	1	0	850
1819	821	0	0	1	0	822
1820	9	1	786	1	0	797
1821	0	0	807	0	0	807
1822	0	0	8	800	0	808
1823	0	0	807	8	0	815
1824	0	783	8	1	0	792
1825	1	811	0	0	0	812
1826	1	7	0	835	0	843
1827	1	2	859	6	0	868
1828	2	2	816	0	0	820
1829	840	0	8	1	0	849
1830	911	0	0	2	0	913
1831	9	0	1	923	0	933
1832	938	1	0	9	0	948
1833	8	1	0	943	0	952
1834	2	0	0	937	0	939
1835	2	1	951	8	0	962
1836	1	2	929	0	0	932
1837	4	1	8	934	0	947
1838	4	0	929	8	0	941
1839	900	0	8	3	0	911
1840	942	0	0	2	0	944
1841	9	962	1	1	0	973
1842	967	6	1	3	0	977
1843	9	0	946	1	0	956
1844	941	0	11	1	0	953
1845	965	0	1	2	0	968
1846	966	0	2	3	0	971
1847	10	1	2	950	0	963
1848	3	956	0	7	0	966
1849	964	10	1	0	0	975
1850	969	0	0	2	0	971
1851	9	0	3	972	0	984
1852	964	0	2	9	0	975
1853	13	993	1	2	0	1009
1854	5	9	0	972	0	986
1855	2	1	952	13	0	968
1856	894	2	10	1	0	907
1857	12	0	950	3	0	965
1858	5	0	9	942	0	956
1859	1	941	3	12	0	957
1860	3	1012	3	1	0	1019
1861	0	13	2	1037	0	1052
1862	1	1048	2	14	0	1065
1863	5	17	4	1384	0	1410
1864	5	6	1	1469	0	1481
1865	2	5	2	1480	0	1489
1866	1427	2	1	34	0	1464
1867	29	2	4	1421	0	1456
1868	9	4	1396	30	0	1439
1869	6	1399	23	11	0	1439
1870	1415	27	5	3	0	1450
1871	30	6	1	1407	0	1444
1872	12	4	1	1413	0	1430
1873	16	1	1	1416	0	1434
1874	6	2	1379	37	0	1424
1875	8	1375	29	12	0	1424
1876	1385	26	8	8	0	1427
1877	32	9	6	1347	0	1394
1878	8	1394	5	26	0	1433
1879	1394	28	5	12	0	1439
1880	28	7	1373	10	0	1418
1881	1382	6	31	8	0	1427
1882	29	5	1410	7	0	1451
1883	13	7	1394	2	0	1416
1884	7	1379	29	4	0	1419
1885	9	30	9	1334	0	1382
1886	8	10	1340	28	0	1386
1887	7	1284	30	10	0	1331
1888	7	25	8	1293	0	1333
1889	8	1284	8	27	0	1327
1890	5	29	1302	10	0	1346
1891	4	8	28	1288	0	1328
1892	1	6	1294	32	0	1333
1893	5	7	27	1290	0	1329
1894	6	3	10	1317	0	1336
1895	0	6	1293	37	0	1336
1896	6	6	27	1288	0	1327
1897	1261	3	13	35	0	1312
1898	29	1279	6	16	0	1330
1899	12	29	1272	9	0	1322
1900	1260	9	28	11	0	1308
1901	34	1	10	1234	0	1279
1902	11	1261	6	28	0	1306
1903	1280	28	4	15	0	1327
1904	1310	7	7	10	0	1334
1905	37	7	3	1244	0	1291
1906	17	8	4	1273	0	1302
1907	6	6	7	1275	0	1294
1908	7	7	4	1256	0	1274
1909	10	1234	6	35	0	1285
1910	10	39	4	1182	0	1235
1911	7	1167	3	27	0	1204
1912	7	1148	2	17	0	1174
1913	4	1151	6	14	0	1175
1914	3	31	1056	15	0	1105
1915	6	1078	21	19	0	1124
1916	1006	23	11	18	0	1058
1917	24	1004	8	13	0	1049
1918	10	30	1	953	0	994
1919	5	1010	7	29	0	1051
1920	5	31	6	1009	0	1051
1921	12	16	6	1023	0	1057
1922	7	11	1003	35	0	1056
1923	980	6	27	21	0	1034
1924	1007	9	7	19	0	1042
1925	980	6	8	17	0	1011
1926	28	977	9	13	0	1027
1927	13	22	4	956	0	995
1928	7	11	932	34	0	984
1929	7	924	28	18	0	977
1930	12	29	9	831	0	881
1931	11	875	8	21	0	915
1932	866	22	7	11	0	906
1933	873	12	10	6	0	901
1934	887	5	10	7	0	909
1935	872	9	11	4	0	896
1936	29	8	4	846	0	887
1937	10	5	11	847	0	873
1938	7	849	7	26	0	889
1939	8	26	2	852	0	888
1940	4	12	838	29	0	883
1941	6	6	21	827	0	860
1942	5	6	816	28	0	855
1943	3	792	27	18	0	840
1944	4	23	810	13	0	850
1945	0	10	23	810	0	843
1946	2	6	825	33	0	866
1947	3	6	27	826	0	862
1948	4	3	11	844	0	862
1949	5	10	9	833	0	857
1950	7	6	10	833	0	856
1951	801	5	9	28	0	843
1952	23	813	4	13	0	853
1953	791	28	5	8	0	832
1954	25	10	764	13	0	812
1955	777	5	21	9	0	812
1956	791	4	5	18	0	818
1957	31	4	766	14	0	815
1958	23	3	745	15	0	786
1959	9	733	19	14	0	775
1960	6	696	1	11	0	714
1961	13	18	630	7	0	668
1962	7	565	9	11	0	592
1963	10	11	9	280	0	310
1964	239	0	3	7	0	249
1965	0	1	0	242	0	243
1966	250	0	0	0	0	250
1967	249	1	0	1	0	251
1968	3	248	0	0	0	251
1969	245	1	0	2	0	248
1970	249	0	0	3	0	252
1971	1	0	0	245	0	246
1972	244	1	1	2	0	248
1973	1	254	0	0	0	255
1974	1	1	0	252	0	254
1975	253	1	1	1	0	256
1976	3	0	247	0	0	250
1977	249	2	0	0	0	251
1978	0	1	0	249	0	250
1979	2	0	252	0	0	254
1980	0	0	244	1	0	245
1981	244	0	0	1	0	245
1982	242	0	1	2	0	245
1983	0	1	2	243	0	246
1984	1	0	1	246	0	248
1985	3	0	0	243	0	246
1986	1	245	0	2	0	248
1987	256	0	0	3	0	259
1988	0	256	0	2	0	258
1989	258	1	0	2	0	261
1990	2	1	251	0	0	254
1991	1	1	1	260	0	263
1992	262	1	0	2	0	265
1993	1	0	1	264	0	266
1994	0	0	2	261	0	263
1995	1	259	1	1	0	262
1996	259	0	0	1	0	260
1997	1	270	0	2	0	273
1998	0	3	0	268	0	271
1999	1	1	264	3	0	269
2000	250	1	2	2	0	255
2001	2	2	263	1	0	268
2002	249	0	2	1	0	252
2003	3	258	1	0	0	262
2004	2	2	1	250	0	255
2005	1	258	1	2	0	262
2006	265	4	0	0	0	269
2007	3	1	0	269	0	273
2008	0	2	0	272	0	274
2009	2	0	266	3	0	271
2010	257	1	2	2	0	262
2011	3	0	0	267	0	270
2012	0	1	261	3	0	265
2013	2	253	2	1	0	258
2014	1	2	1	255	0	259
2015	253	0	1	3	0	257
2016	1	2	2	254	0	259
2017	0	2	253	4	0	259
2018	273	0	2	1	0	276
2019	3	0	0	267	0	270
2020	0	0	300	3	0	303
2021	3	0	5	297	0	305
2022	1	0	0	304	0	305
2023	0	306	2	5	0	313
2024	303	4	1	2	0	310
2025	3	301	0	3	0	307
2026	304	6	0	1	0	311
2027	5	2	0	298	0	305
2028	2	302	0	4	0	308
2029	2	4	0	301	0	307
2030	1	1	299	6	0	307
2031	281	2	4	2	0	289
2032	5	1	1	286	0	293
2033	1	0	2	286	0	289
2034	3	0	1	284	0	288
2035	1	0	281	6	0	288
2036	0	0	284	4	0	288
2037	0	286	5	3	0	294
2038	0	6	3	270	0	279
2039	269	1	4	3	0	277
2040	5	276	0	1	0	282
2041	2	5	1	284	0	292
2042	283	1	0	5	0	289
2043	286	3	0	1	0	290
2044	5	270	0	3	0	278
2045	300	5	0	2	0	307
2046	322	1	0	0	0	323
2047	9	3	0	338	0	350
2048	6	337	0	8	0	351
2049	4	7	0	342	0	353
2050	340	3	0	11	0	354
2051	7	3	340	5	0	355
2052	3	1	8	333	0	345
2053	4	1	2	338	0	345
2054	1	1	330	12	0	344
2055	3	1	6	338	0	348
2056	331	1	2	14	0	348
2057	318	0	7	6	0	331
2058	10	0	2	330	0	342
2059	4	0	323	13	0	340
2060	3	0	312	5	0	320
2061	1	310	10	8	0	329
2062	3	327	8	3	0	341
2063	3	11	3	313	0	330
2064	314	5	0	9	0	328
2065	9	312	1	3	0	325
2066	303	6	2	5	0	316
2067	9	4	3	297	0	313
2068	3	7	1	302	0	313
2069	298	3	0	13	0	314
2070	10	297	1	7	0	315
2071	300	9	0	6	0	315
2072	12	4	292	1	0	309
2073	4	6	284	3	0	297
2074	7	0	10	280	0	297
2075	3	0	289	11	0	303
2076	1	2	286	7	0	296
2077	3	3	10	277	0	293
2078	2	2	282	9	0	295
2079	4	0	11	277	0	292
2080	0	1	6	281	0	288
2081	0	0	286	13	0	299
2082	1	0	9	280	0	290
2083	1	0	7	277	0	285
2084	0	272	5	11	0	288
2085	270	6	2	8	0	286
2086	10	2	272	4	0	288
2087	3	3	8	265	0	279
2088	2	1	6	272	0	281
2089	0	0	264	14	0	278
2090	253	4	6	9	0	272
2091	10	260	3	5	0	278
2092	5	9	3	256	0	273
2093	5	5	1	261	0	272
2094	1	258	3	14	0	276
2095	1	7	251	14	0	273
2096	4	259	8	5	0	276
2097	248	9	5	2	0	264
2098	8	3	248	3	0	262
2099	4	5	4	250	0	263
2100	3	1	250	10	0	264
2101	0	1	252	7	0	260
2102	1	248	10	2	0	261
2103	4	7	6	238	0	255
2104	239	4	3	7	0	253
2105	236	1	3	5	0	245
2106	9	228	4	3	0	244
2107	4	6	3	230	0	243
2108	228	5	3	8	0	244
2109	234	2	2	7	0	245
2110	10	228	1	2	0	241
2111	235	7	0	3	0	245
2112	11	5	0	228	0	244
2113	5	231	0	8	0	244
2114	4	8	0	237	0	249
2115	4	1	1	237	0	243
2116	3	5	0	238	0	246
2117	5	1	226	10	0	242
2118	1	2	215	5	0	223
2119	4	210	10	2	0	226
2120	170	6	5	5	0	186
2121	4	176	2	4	0	186
2122	2	5	2	172	0	181
2123	1	3	177	8	0	189
2124	0	1	8	178	0	187
2125	0	3	3	184	0	190
2126	3	1	4	184	0	192
2127	177	4	2	7	0	190
2128	6	2	0	185	0	193
2129	2	2	188	7	0	199
2130	188	1	6	6	0	201
2131	192	1	4	4	0	201
2132	193	2	2	6	0	203
2133	198	0	0	5	0	203
2134	197	0	0	5	0	202
2135	8	187	2	1	0	198
2136	5	5	1	181	0	192
2137	6	186	2	6	0	200
2138	194	5	0	4	0	203
2139	195	4	0	2	0	201
2140	192	2	0	1	0	195
2141	9	181	1	2	0	193
2142	4	184	0	2	0	190
2143	2	187	1	2	0	192
2144	3	7	174	3	0	187
2145	4	15	3	143	0	165
2146	5	119	0	1	0	125
2147	0	103	0	0	0	103
2148	0	1	0	105	0	106
2149	0	0	1	102	0	103
2150	0	0	104	2	0	106
2151	110	0	1	1	0	112
2152	1	0	0	115	0	116
2153	1	0	0	117	0	118
2154	0	0	114	2	0	116
2155	0	0	111	0	0	111
2156	1	115	1	0	0	117
2157	1	1	0	116	0	118
2158	2	0	0	118	0	120
2159	1	0	116	1	0	118
2160	115	0	1	0	0	116
2161	115	1	0	0	0	116
2162	1	0	123	0	0	124
2163	121	1	1	0	0	123
2164	1	0	127	1	0	129
2165	124	0	2	0	0	126
2166	132	0	1	0	0	133
2167	1	2	131	0	0	134
2168	0	1	1	129	0	131
2169	2	1	1	129	0	133
2170	1	0	1	137	0	139
2171	136	1	0	2	0	139
2172	140	1	0	1	0	142
2173	2	1	144	1	0	148
2174	0	0	139	1	0	140
2175	146	1	1	1	0	149
2176	148	0	1	0	0	149
2177	2	0	148	1	0	151
2178	0	1	141	1	0	143
2179	0	0	1	147	0	148
2180	0	0	152	2	0	154
2181	0	0	2	140	0	142
2182	143	1	1	1	0	146
2183	1	0	163	1	0	165
2184	155	1	1	1	0	158
2185	2	0	184	0	0	186
2186	1	0	1	183	0	185
2187	1	0	0	200	0	201
2188	0	0	2	196	0	198
2189	1	203	0	0	0	204
2190	0	1	1	198	0	200
2191	1	0	0	209	0	210
2192	207	0	0	1	0	208
2193	2	0	202	1	0	205
2194	198	0	1	1	0	200
2195	2	0	205	1	0	208
2196	201	0	1	1	0	203
2197	3	205	0	0	0	208
2198	2	1	198	0	0	201
2199	0	0	200	0	0	200
2200	0	0	0	195	0	195
2201	0	0	0	199	0	199
2202	0	0	205	0	0	205
2203	0	0	214	0	0	214
2204	0	0	232	0	0	232
2205	248	0	0	0	0	248
2206	248	0	0	1	0	249
2207	253	0	0	0	0	253
2208	0	0	0	251	0	251
2209	0	0	0	250	0	250
2210	0	0	279	0	0	279
2211	0	0	0	272	0	272
2212	2	0	0	268	0	270
2213	282	0	0	0	0	282
2214	282	0	0	0	0	282
2215	284	0	0	0	0	284
2216	0	0	0	287	0	287
2217	0	0	0	288	0	288
2218	0	0	0	288	0	288
2219	286	0	0	0	0	286
2220	0	0	0	281	0	281
2221	0	286	0	0	0	286
2222	0	0	0	281	0	281
2223	0	274	0	0	0	274
2224	278	0	0	0	0	278
2225	273	0	0	0	0	273
2226	0	274	2	0	0	276
2227	1	281	0	2	0	284
2228	0	0	1	284	0	285
2229	0	0	278	2	0	280
2230	1	1	0	273	0	275
2231	0	0	281	2	0	283
2232	0	286	0	1	0	287
2233	2	0	0	289	0	291
2234	0	0	1	285	0	286
2235	2	0	307	1	0	310
2236	0	1	2	304	0	307
2237	2	0	309	2	0	313
2238	307	0	2	1	0	310
2239	312	0	1	0	0	313
2240	312	0	2	0	0	314
2241	2	0	1	310	0	313
2242	0	1	2	311	0	314
2243	0	0	326	1	0	327
2244	0	1	2	324	0	327
2245	0	332	3	1	0	336
2246	1	1	338	0	0	340
2247	1	0	333	0	0	334
2248	2	0	1	317	0	320
2249	1	0	342	2	0	345
2250	1	0	350	1	0	352
2251	330	0	3	1	0	334
2252	2	372	0	2	0	376
2253	382	1	1	3	0	387
2254	387	0	0	1	0	388
2255	391	0	0	3	0	394
2256	3	0	0	390	0	393
2257	2	0	1	394	0	397
2258	1	0	389	3	0	393
2259	0	0	1	389	0	390
2260	2	397	0	2	0	401
2261	397	1	0	1	0	399
2262	2	395	0	0	0	397
2263	0	397	1	2	0	400
2264	0	3	0	398	0	401
2265	1	0	404	3	0	408
2266	2	1	1	393	0	397
2267	1	0	402	1	0	404
2268	1	399	1	2	0	403
2269	401	2	0	3	0	406
2270	401	2	1	0	0	404
2271	409	0	0	2	0	411
2272	2	0	421	0	0	423
2273	0	2	391	1	0	394
2274	419	1	2	1	0	423
2275	429	1	0	2	0	432
2276	433	0	2	2	0	437
2277	1	0	0	420	0	421
2278	0	0	3	436	0	439
2279	436	1	0	2	0	439
2280	432	0	3	0	0	435
2281	3	0	446	1	0	450
2282	0	0	430	1	0	431
2283	422	0	2	3	0	427
2284	1	0	441	0	0	442
2285	411	0	1	0	0	412
2286	2	0	421	0	0	423
2287	1	2	1	397	0	401
2288	0	0	422	1	0	423
2289	0	0	1	431	0	432
2290	1	0	0	431	0	432
2291	0	435	0	1	0	436
2292	453	1	0	0	0	454
2293	1	0	458	0	0	459
2294	444	0	1	0	0	445
2295	1	466	0	0	0	467
2296	480	1	0	0	0	481
2297	1	0	0	476	0	477
2298	0	0	0	483	0	483
2299	0	504	0	1	0	505
2300	0	1	0	523	0	524
2301	0	0	0	527	0	527
2302	0	0	0	526	0	526
2303	513	0	0	1	0	514
2304	489	0	0	1	0	490
2305	1	0	471	0	0	472
2306	0	485	2	0	0	487
2307	0	1	0	491	0	492
2308	1	0	0	503	0	504
2309	0	1	506	1	0	508
2310	1	0	1	476	0	478
2311	493	0	0	2	0	495
2312	491	0	0	1	0	492
2313	501	0	0	0	0	501
2314	2	0	0	511	0	513
2315	539	0	0	1	0	540
2316	530	0	0	1	0	531
2317	558	0	0	1	0	559
2318	1	0	0	555	0	556
2319	0	0	0	566	0	566
2320	0	0	0	565	0	565
2321	1	0	0	548	0	549
2322	0	0	1	555	0	556
2323	0	0	557	1	0	558
2324	0	0	550	0	0	550
2325	0	552	1	0	0	553
2326	0	1	0	563	0	564
2327	0	1	0	555	0	556
2328	1	0	0	561	0	562
2329	0	0	556	2	0	558
2330	2	0	1	546	0	549
2331	1	0	551	1	0	553
2332	1	0	2	543	0	546
2333	0	2	571	2	0	575
2334	1	581	1	2	0	585
2335	1	1	0	568	0	570
2336	1	0	565	0	0	566
2337	528	1	0	1	0	530
2338	1	567	2	0	0	570
2339	1	0	0	575	0	576
2340	1	569	0	1	0	571
2341	0	0	0	574	0	574
2342	580	0	1	0	0	581
2343	1	0	0	563	0	564
2344	1	561	1	0	0	563
2345	560	0	1	2	0	563
2346	1	0	0	576	0	577
2347	0	0	0	580	0	580
2348	600	0	0	2	0	602
2349	2	0	0	644	0	646
2350	3	0	1	805	0	809
2351	0	1	846	8	0	855
2352	0	1	824	4	0	829
2353	1	0	10	825	0	836
2354	0	1	832	11	0	844
2355	0	2	806	5	0	813
2356	793	0	13	3	0	809
2357	9	1	831	2	0	843
2358	3	832	13	3	0	851
2359	4	7	4	831	0	846
2360	855	3	3	10	0	871
2361	865	3	2	5	0	875
2362	854	1	1	5	0	861
2363	15	862	2	3	0	882
2364	8	8	3	869	0	888
2365	4	4	3	872	0	883
2366	840	3	4	16	0	863
2367	862	3	3	8	0	876
2368	868	1	2	9	0	880
2369	16	0	873	2	0	891
2370	8	860	11	1	0	880
2371	6	984	5	3	0	998
2372	7	15	5	962	0	989
2373	4	12	3	997	0	1016
2374	5	7	996	19	0	1027
2375	996	2	14	13	0	1025
2376	1012	2	5	10	0	1029
2377	20	3	6	1000	0	1029
2378	17	1	2	998	0	1018
2379	10	0	2	1020	0	1032
2380	1005	1	0	25	0	1031
2381	17	2	970	12	0	1001
2382	10	1	982	9	0	1002
2383	10	1	20	976	0	1007
2384	3	3	982	14	0	1002
2385	960	4	21	9	0	994
2386	964	1	9	14	0	988
2387	984	0	8	10	0	1002
2388	27	942	4	4	0	977
2389	951	15	2	4	0	972
2390	28	9	2	932	0	971
2391	12	7	3	931	0	953
2392	7	1	5	940	0	953
2393	2	1	912	32	0	947
2394	11	1	16	902	0	930
2395	7	903	12	21	0	943
2396	884	13	13	13	0	923
2397	15	893	5	15	0	928
2398	11	19	884	6	0	920
2399	16	875	16	4	0	911
2400	839	21	11	9	0	880
2401	19	841	11	7	0	878
2402	12	21	4	791	0	828
2403	13	836	6	14	0	869
2404	834	17	5	14	0	870
2405	843	11	3	11	0	868
2406	820	11	2	9	0	842
2407	29	6	823	8	0	866
2408	16	2	817	7	0	842
2409	12	7	809	6	0	834
2410	809	3	26	6	0	844
2411	19	7	16	800	0	842
2412	8	5	12	812	0	837
2413	9	13	789	25	0	836
2414	10	6	11	797	0	824
2415	757	7	9	25	0	798
2416	15	758	10	14	0	797
2417	758	18	8	10	0	794
2418	26	10	745	3	0	784
2419	757	11	16	2	0	786
2420	766	4	12	2	0	784
2421	767	4	7	8	0	786
2422	28	6	740	7	0	781
2423	21	3	19	744	0	787
2424	16	1	748	17	0	782
2425	7	2	24	753	0	786
2426	4	5	756	26	0	791
2427	7	3	25	749	0	784
2428	9	3	11	761	0	784
2429	755	1	10	21	0	787
2430	755	6	4	17	0	782
2431	773	4	4	8	0	789
2432	32	2	8	741	0	783
2433	19	671	4	21	0	715
2434	14	713	7	11	0	745
2435	719	16	4	13	0	752
2436	17	7	716	5	0	745
2437	713	9	17	7	0	746
2438	26	4	706	6	0	742
2439	720	2	19	6	0	747
2440	685	4	13	3	0	705
2441	25	0	702	7	0	734
2442	703	2	17	8	0	730
2443	713	3	13	6	0	735
2444	710	5	9	6	0	730
2445	29	695	6	8	0	738
2446	17	22	5	688	0	732
2447	18	11	674	17	0	720
2448	11	7	676	7	0	701
2449	11	619	22	8	0	660
2450	5	460	11	3	0	479
2451	10	11	9	401	0	431
2452	396	5	5	9	0	415
2453	13	394	1	3	0	411
2454	10	8	0	396	0	414
2455	6	394	4	7	0	411
2456	401	11	2	4	0	418
2457	12	3	4	391	0	410
2458	11	6	383	7	0	407
2459	7	381	6	5	0	399
2460	4	369	8	5	0	386
2461	6	8	8	347	0	369
2462	9	363	0	6	0	378
2463	6	9	2	355	0	372
2464	366	7	0	10	0	383
2465	361	6	5	9	0	381
2466	370	1	3	5	0	379
2467	376	3	5	2	0	386
2468	12	3	373	5	0	393
2469	7	359	9	0	0	375
2470	6	340	2	5	0	353
2471	2	261	0	3	0	266
2472	1	250	0	1	0	252
2473	232	3	2	1	0	238
2474	228	0	1	0	0	229
2475	230	0	0	0	0	230
2476	227	0	0	1	0	228
2477	1	1	224	0	0	226
2478	233	0	1	0	0	234
2479	234	0	1	0	0	235
2480	241	0	0	0	0	241
2481	1	0	1	236	0	238
2482	1	0	0	239	0	240
2483	238	0	0	1	0	239
2484	1	0	1	236	0	238
2485	1	236	0	1	0	238
2486	2	1	0	241	0	244
2487	1	0	0	237	0	238
2488	0	247	0	1	0	248
2489	0	1	0	249	0	250
2490	1	0	1	246	0	248
2491	249	0	1	1	0	251
2492	1	1	244	0	0	246
2493	247	1	1	0	0	249
2494	1	0	243	1	0	245
2495	1	0	237	0	0	238
2496	0	0	236	0	0	236
2497	237	0	1	1	0	239
2498	1	1	248	0	0	250
2499	247	0	1	0	0	248
2500	252	0	0	2	0	254
2501	253	0	1	0	0	254
2502	1	252	0	0	0	253
2503	255	2	0	0	0	257
2504	1	262	0	1	0	264
2505	0	2	0	264	0	266
2506	0	1	0	261	0	262
2507	1	259	0	1	0	261
2508	1	271	0	0	0	272
2509	1	278	0	0	0	279
2510	279	1	0	0	0	280
2511	1	286	0	2	0	289
2512	287	1	0	0	0	288
2513	1	0	285	0	0	286
2514	293	0	1	0	0	294
2515	293	0	0	0	0	293
2516	1	0	284	0	0	285
2517	0	0	1	288	0	289
2518	0	0	292	1	0	293
2519	0	0	1	290	0	291
2520	0	0	0	289	0	289
2521	294	0	0	3	0	297
2522	293	0	0	0	0	293
2523	1	295	0	0	0	296
2524	296	1	0	0	0	297
2525	1	0	294	0	0	295
2526	293	0	1	0	0	294
2527	1	0	318	0	0	319
2528	0	0	312	0	0	312
2529	324	0	2	0	0	326
2530	328	0	0	0	0	328
2531	2	0	342	0	0	344
2532	1	0	2	338	0	341
2533	0	0	0	346	0	346
2534	0	0	342	2	0	344
2535	0	0	2	336	0	338
2536	0	333	0	3	0	336
2537	0	2	0	351	0	353
2538	0	0	0	349	0	349
2539	0	0	348	2	0	350
2540	338	0	2	0	0	340
2541	353	0	0	0	0	353
2542	351	1	0	0	0	352
2543	345	0	1	0	0	346
2544	3	341	0	0	0	344
2545	2	3	0	330	0	335
2546	1	0	326	2	0	329
2547	0	0	326	1	0	327
2548	2	2	1	318	0	323
2549	1	0	324	1	0	326
2550	305	0	1	1	0	307
2551	1	1	0	313	0	315
2552	0	0	0	317	0	317
2553	0	0	0	313	0	313
2554	311	0	0	2	0	313
2555	2	316	0	0	0	318
2556	310	1	0	2	0	313
2557	306	0	0	0	0	306
2558	2	304	0	0	0	306
2559	0	312	0	1	0	313
2560	314	1	0	2	0	317
2561	2	0	1	312	0	315
2562	0	0	2	312	0	314
2563	327	0	0	2	0	329
2564	1	0	318	0	0	319
2565	316	0	2	0	0	318
2566	318	0	1	1	0	320
2567	2	324	0	2	0	328
2568	351	1	1	1	0	354
2569	347	0	0	0	0	347
2570	3	393	0	0	0	396
2571	2	388	0	0	0	390
2572	2	5	0	381	0	388
2573	393	1	0	5	0	399
2574	5	403	0	0	0	408
2575	1	5	0	412	0	418
2576	418	0	0	7	0	425
2577	6	0	416	1	0	423
2578	1	0	6	414	0	421
2579	0	0	417	5	0	422
2580	410	0	6	0	0	416
2581	419	1	1	0	0	421
2582	6	1	419	1	0	427
2583	1	413	7	2	0	423
2584	2	6	0	419	0	427
2585	1	1	419	5	0	426
2586	0	1	7	420	0	428
2587	0	1	0	430	0	431
2588	1	0	417	7	0	425
2589	406	1	7	0	0	414
2590	424	0	0	2	0	426
2591	7	0	419	1	0	427
2592	0	420	8	0	0	428
2593	1	6	0	417	0	424
2594	1	415	1	4	0	421
2595	1	417	1	0	0	419
2596	427	7	0	0	0	434
2597	6	0	1	432	0	439
2598	0	2	0	423	0	425
2599	0	1	423	7	0	431
2600	3	0	413	0	0	416
2601	1	0	6	416	0	423
2602	0	0	0	422	0	422
2603	0	0	419	7	0	426
2604	1	0	415	0	0	416
2605	1	0	6	410	0	417
2606	410	0	1	6	0	417
2607	6	411	1	0	0	418
2608	400	6	1	1	0	408
2609	6	401	0	1	0	408
2610	1	411	0	1	0	413
2611	398	7	0	0	0	405
2612	7	0	400	1	0	408
2613	0	1	6	396	0	403
2614	1	1	2	411	0	415
2615	1	0	1	427	0	429
2616	0	0	432	7	0	439
2617	0	0	7	431	0	438
2618	437	0	1	8	0	446
2619	8	0	1	448	0	457
2620	0	0	1	465	0	466
2621	457	0	0	11	0	468
2622	463	1	0	0	0	464
2623	8	447	0	1	0	456
2624	0	10	455	1	0	466
2625	1	1	451	0	0	453
2626	2	0	453	0	0	455
2627	0	423	8	0	0	431
2628	0	7	2	412	0	421
2629	0	0	1	423	0	424
2630	416	0	1	9	0	426
2631	8	1	0	405	0	414
2632	0	0	399	9	0	408
2633	0	0	7	402	0	409
2634	1	0	0	410	0	411
2635	0	0	402	9	0	411
2636	0	397	8	0	0	405
2637	0	7	0	373	0	380
2638	0	391	0	7	0	398
2639	0	8	395	0	0	403
2640	390	1	8	0	0	399
2641	396	0	0	1	0	397
2642	399	1	0	0	0	400
2643	9	0	1	388	0	398
2644	1	388	0	9	0	398
2645	390	9	0	0	0	399
2646	401	0	0	0	0	401
2647	389	0	0	0	0	389
2648	9	1	378	0	0	388
2649	365	0	8	0	0	373
2650	9	375	0	0	0	384
2651	368	9	0	0	0	377
2652	8	376	1	0	0	385
2653	378	8	0	0	0	386
2654	9	1	388	0	0	398
2655	384	0	9	0	0	393
2656	395	1	0	0	0	396
2657	363	0	0	1	0	364
2658	395	0	1	0	0	396
2659	10	0	382	0	0	392
2660	1	0	9	379	0	389
2661	376	0	0	10	0	386
2662	9	382	0	0	0	391
2663	1	7	1	360	0	369
2664	0	1	354	10	0	365
2665	2	3	9	356	0	370
2666	0	2	355	9	0	366
2667	0	348	9	1	0	358
2668	1	323	1	0	0	325
2669	0	313	1	1	0	315
2670	1	11	1	270	0	283
2671	0	1	0	276	0	277
2672	0	1	268	6	0	275
2673	0	254	6	0	0	260
2674	237	5	0	2	0	244
2675	5	225	0	1	0	231
2676	0	224	0	0	0	224
2677	2	4	2	214	0	222
2678	213	0	0	4	0	217
2679	216	0	1	0	0	217
2680	4	1	0	211	0	216
2681	208	0	1	4	0	213
2682	4	0	0	207	0	211
2683	0	0	207	4	0	211
2684	210	1	4	0	0	215
2685	5	0	0	215	0	220
2686	0	0	206	5	0	211
2687	1	1	212	0	0	214
2688	0	0	4	211	0	215
2689	213	0	1	4	0	218
2690	211	0	2	1	0	214
2691	3	217	0	1	0	221
2692	230	4	1	0	0	235
2693	234	0	0	0	0	234
2694	234	0	0	1	0	235
2695	4	246	0	1	0	251
2696	239	3	1	1	0	244
2697	245	0	0	0	0	245
2698	6	0	0	242	0	248
2699	231	0	0	4	0	235
2700	4	225	0	0	0	229
2701	0	238	0	0	0	238
2702	1	3	0	239	0	243
2703	0	0	0	243	0	243
2704	1	245	0	4	0	250
2705	245	4	1	0	0	250
2706	4	243	0	0	0	247
2707	247	4	0	0	0	251
2708	4	250	0	0	0	254
2709	0	5	0	239	0	244
2710	0	250	0	3	0	253
2711	256	3	0	0	0	259
2712	256	0	0	0	0	256
2713	254	0	0	0	0	254
2714	3	0	236	0	0	239
2715	2	0	222	0	0	224
2716	0	217	3	0	0	220
2717	0	3	217	0	0	220
2718	0	1	202	1	0	204
2719	0	2	2	181	0	185
2720	0	0	188	1	0	189
2721	0	184	1	0	0	185
2722	187	1	0	0	0	188
2723	1	181	0	0	0	182
2724	0	185	0	0	0	185
2725	185	0	0	1	0	186
2726	189	0	1	0	0	190
2727	1	193	0	1	0	195
2728	193	1	0	0	0	194
2729	194	0	0	0	0	194
2730	191	1	0	0	0	192
2731	1	1	182	0	0	184
2732	0	0	187	1	0	188
2733	0	0	1	190	0	191
2734	0	0	1	190	0	191
2735	192	1	0	1	0	194
2736	2	183	0	0	0	185
2737	0	2	0	188	0	190
2738	0	1	0	193	0	194
2739	0	0	0	192	0	192
2740	1	0	0	189	0	190
2741	1	0	192	0	0	193
2742	0	0	186	1	0	187
2743	1	0	0	195	0	196
2744	0	0	203	1	0	204
2745	203	0	0	0	0	203
2746	1	0	0	212	0	213
2747	0	0	212	1	0	213
2748	199	0	1	0	0	200
2749	0	212	1	0	0	213
2750	211	0	0	1	0	212
2751	1	217	0	0	0	218
2752	0	0	1	222	0	223
2753	0	1	227	0	0	228
2754	2	0	0	212	0	214
2755	0	0	215	1	0	216
2756	221	0	0	0	0	221
2757	0	1	0	225	0	226
2758	225	0	0	0	0	225
2759	1	0	229	1	0	231
2760	243	0	1	2	0	246
2761	268	0	1	0	0	269
2762	1	0	274	0	0	275
2763	2	1	0	269	0	272
2764	0	0	287	0	0	287
2765	0	290	0	2	0	292
2766	292	0	1	0	0	293
2767	288	1	0	0	0	289
2768	1	0	294	0	0	295
2769	2	0	290	0	0	292
2770	1	0	1	297	0	299
2771	0	0	2	303	0	305
2772	307	0	0	1	0	308
2773	0	311	0	1	0	312
2774	317	0	0	0	0	317
2775	310	1	0	0	0	311
2776	1	0	311	0	0	312
2777	309	0	1	0	0	310
2778	0	0	313	1	0	314
2779	2	0	1	322	0	325
2780	1	0	337	0	0	338
2781	0	0	0	336	0	336
2782	1	0	338	0	0	339
2783	331	0	1	2	0	334
2784	331	0	1	0	0	332
2785	2	0	0	328	0	330
2786	334	0	1	1	0	336
2787	0	0	0	339	0	339
2788	2	343	1	0	0	346
2789	343	1	2	1	0	347
2790	1	346	1	2	0	350
2791	2	0	1	346	0	349
2792	0	1	1	328	0	330
2793	2	0	1	329	0	332
2794	1	0	0	326	0	327
2795	0	0	314	1	0	315
2796	292	0	2	2	0	296
2797	308	1	1	1	0	311
2798	2	309	0	1	0	312
2799	3	0	0	310	0	313
2800	0	2	1	310	0	313
2801	2	0	306	1	0	309
2802	297	0	2	1	0	300
2803	1	0	2	302	0	305
2804	2	0	296	0	0	298
2805	302	0	1	2	0	305
2806	307	0	2	1	0	310
2807	305	1	1	0	0	307
2808	2	0	300	1	0	303
2809	2	0	293	1	0	296
2810	299	0	1	0	0	300
2811	1	0	1	301	0	303
2812	2	1	1	302	0	306
2813	2	0	307	1	0	310
2814	295	1	0	2	0	298
2815	0	1	1	311	0	313
2816	328	0	0	1	0	329
2817	321	1	0	2	0	324
2818	325	0	0	2	0	327
2819	1	0	332	1	0	334
2820	2	0	0	333	0	335
2821	336	0	1	2	0	339
2822	0	353	1	1	0	355
2823	2	0	0	356	0	358
2824	1	1	0	356	0	358
2825	356	1	1	2	0	360
2826	353	0	0	2	0	355
2827	2	0	0	350	0	352
2828	1	0	346	1	0	348
2829	341	0	1	1	0	343
2830	1	0	355	1	0	357
2831	364	0	2	0	0	366
2832	364	0	2	1	0	367
2833	4	0	367	0	0	371
2834	3	0	2	381	0	386
2835	0	0	394	4	0	398
2836	0	425	4	2	0	431
2837	2	5	5	414	0	426
2838	1	430	0	7	0	438
2839	1	6	0	442	0	449
2840	1	1	444	6	0	452
2841	2	447	6	1	0	456
2842	1	465	1	1	0	468
2843	0	9	0	468	0	477
2844	475	1	0	7	0	483
2845	7	0	0	518	0	525
2846	534	0	1	6	0	541
2847	6	537	0	2	0	545
2848	589	6	0	0	0	595
2849	6	2	596	0	0	604
2850	3	0	6	591	0	600
2851	1	0	1	594	0	596
2852	1	0	590	10	0	601
2853	577	0	6	3	0	586
2854	585	0	2	1	0	588
2855	10	587	1	0	0	598
2856	4	11	2	543	0	560
2857	0	578	2	8	0	588
2858	3	5	577	2	0	587
2859	1	2	571	3	0	577
2860	0	13	8	540	0	561
2861	543	0	1	7	0	551
2862	8	533	0	1	0	542
2863	535	7	1	0	0	543
2864	6	1	519	2	0	528
2865	518	1	8	1	0	528
2866	535	0	2	0	0	537
2867	8	3	526	0	0	537
2868	5	0	7	522	0	534
2869	527	0	1	7	0	535
2870	529	0	2	2	0	533
2871	527	0	0	1	0	528
2872	8	0	3	513	0	524
2873	2	0	503	7	0	512
2874	496	0	7	3	0	506
2875	7	2	510	0	0	519
2876	1	0	7	513	0	521
2877	2	0	3	518	0	523
2878	1	515	0	8	0	524
2879	2	9	508	1	0	520
2880	0	493	7	3	0	503
2881	2	505	2	1	0	510
2882	1	8	0	508	0	517
2883	1	1	506	7	0	515
2884	3	2	8	504	0	517
2885	3	1	506	9	0	519
2886	1	1	8	505	0	515
2887	1	1	2	502	0	506
2888	0	1	484	10	0	495
2889	0	1	10	486	0	497
2890	3	0	486	8	0	497
2891	3	1	485	2	0	491
2892	1	479	8	4	0	492
2893	483	7	4	2	0	496
2894	9	2	479	2	0	492
2895	472	0	12	2	0	486
2896	11	2	4	479	0	496
2897	3	2	475	11	0	491
2898	2	485	11	2	0	500
2899	1	10	2	488	0	501
2900	2	3	490	10	0	505
2901	3	1	10	471	0	485
2902	4	491	2	8	0	505
2903	499	9	0	4	0	512
2904	7	1	4	500	0	512
2905	487	1	2	11	0	501
2906	495	2	1	3	0	501
2907	500	1	2	2	0	505
2908	498	1	1	3	0	503
2909	493	1	0	4	0	498
2910	8	478	5	1	0	492
2911	6	8	0	484	0	498
2912	2	3	2	486	0	493
2913	2	1	2	487	0	492
2914	3	0	470	10	0	483
2915	4	465	7	4	0	480
2916	483	8	3	2	0	496
2917	476	2	2	2	0	482
2918	10	474	1	2	0	487
2919	1	476	3	2	0	482
2920	468	10	2	3	0	483
2921	10	1	471	2	0	484
2922	3	0	11	455	0	469
2923	454	3	2	9	0	468
2924	12	1	0	445	0	458
2925	4	452	3	7	0	466
2926	3	9	0	462	0	474
2927	2	2	463	9	0	476
2928	461	0	11	1	0	473
2929	474	1	2	2	0	479
2930	10	0	1	456	0	467
2931	4	1	2	454	0	461
2932	442	0	0	9	0	451
2933	6	439	2	1	0	448
2934	4	5	2	414	0	425
2935	2	2	1	417	0	422
2936	378	0	1	2	0	381
2937	4	388	0	2	0	394
2938	385	2	1	1	0	389
2939	3	382	0	1	0	386
2940	4	388	0	0	0	392
2941	372	6	1	1	0	380
2942	5	374	1	1	0	381
2943	4	6	1	360	0	371
2944	2	1	353	5	0	361
2945	0	1	304	3	0	308
2946	0	0	283	0	0	283
2947	0	288	6	0	0	294
2948	231	5	3	0	0	239
2949	5	0	0	220	0	225
2950	0	0	0	229	0	229
2951	1	0	220	5	0	226
2952	219	0	5	0	0	224
2953	5	0	0	220	0	225
2954	0	0	0	225	0	225
2955	0	0	0	219	0	219
2956	213	0	0	4	0	217
2957	5	0	206	0	0	211
2958	210	0	4	0	0	214
2959	6	0	0	211	0	217
2960	0	0	212	4	0	216
2961	208	0	5	1	0	214
2962	5	0	216	0	0	221
2963	0	1	5	212	0	218
2964	0	0	212	5	0	217
2965	0	0	210	1	0	211
2966	200	0	5	1	0	206
2967	4	0	201	0	0	205
2968	1	0	2	198	0	201
2969	199	1	0	4	0	204
2970	5	1	0	196	0	202
2971	0	0	196	5	0	201
2972	1	2	194	0	0	197
2973	0	201	5	1	0	207
2974	1	4	1	198	0	204
2975	191	0	1	6	0	198
2976	3	187	1	1	0	192
2977	187	4	0	1	0	192
2978	6	0	0	188	0	194
2979	185	0	1	5	0	191
2980	4	178	0	1	0	183
2981	0	4	1	177	0	182
2982	177	0	1	4	0	182
2983	5	177	0	1	0	183
2984	0	4	0	178	0	182
2985	0	0	0	183	0	183
2986	177	0	1	3	0	181
2987	4	0	2	174	0	180
2988	1	0	0	178	0	179
2989	0	0	1	178	0	179
2990	1	0	170	4	0	175
2991	169	0	4	0	0	173
2992	3	0	2	186	0	191
2993	1	0	184	6	0	191
2994	191	0	6	1	0	198
2995	6	1	195	1	0	203
2996	3	0	6	192	0	201
2997	1	195	2	7	0	205
2998	0	6	2	191	0	199
2999	2	1	188	5	0	196
3000	0	1	194	3	0	198
3001	1	1	7	193	0	202
3002	1	0	190	5	0	196
3003	182	1	6	3	0	192
3004	6	0	181	3	0	190
3005	2	1	7	177	0	187
3006	2	1	1	178	0	182
3007	1	0	1	183	0	185
3008	176	0	0	10	0	186
3009	183	0	0	4	0	187
3010	190	1	0	2	0	193
3011	6	1	0	186	0	193
3012	3	0	1	188	0	192
3013	2	0	177	7	0	186
3014	0	0	178	4	0	182
3015	1	174	6	2	0	183
3016	3	6	3	147	0	159
3017	0	3	2	149	0	154
3018	0	146	1	7	0	154
3019	147	2	0	4	0	153
3020	5	150	1	1	0	157
3021	144	5	2	0	0	151
3022	6	1	1	143	0	151
3023	147	1	1	5	0	154
3024	4	0	0	148	0	152
3025	2	0	145	5	0	152
3026	1	0	5	144	0	150
3027	140	2	1	6	0	149
3028	4	0	1	143	0	148
3029	2	0	1	145	0	148
3030	2	1	146	5	0	154
3031	1	0	4	147	0	152
3032	1	0	2	149	0	152
3033	1	142	1	6	0	150
3034	0	3	1	143	0	147
3035	0	1	0	147	0	148
3036	1	1	0	144	0	146
3037	0	125	0	6	0	131
3038	1	7	0	117	0	125
3039	108	1	0	5	0	114
3040	4	104	0	1	0	109
3041	1	92	0	1	0	94
3042	1	99	0	0	0	100
3043	1	5	0	94	0	100
3044	0	93	1	2	0	96
3045	1	94	0	1	0	96
3046	91	2	1	1	0	95
3047	1	2	85	1	0	89
3048	87	2	1	0	0	90
3049	2	0	1	86	0	89
3050	1	0	85	1	0	87
3051	82	0	2	1	0	85
3052	1	0	87	2	0	90
3053	1	0	86	0	0	87
3054	91	0	2	0	0	93
3055	1	0	2	91	0	94
3056	1	0	93	2	0	96
3057	93	0	1	2	0	96
3058	93	0	1	2	0	96
3059	3	0	96	0	0	99
3060	101	0	1	0	0	102
3061	103	0	1	0	0	104
3062	2	0	98	1	0	101
3063	99	0	1	1	0	101
3064	101	0	2	0	0	103
3065	2	0	100	0	0	102
3066	2	1	103	0	0	106
3067	0	0	2	104	0	106
3068	0	0	107	2	0	109
3069	106	1	2	1	0	110
3070	2	0	1	109	0	112
3071	1	1	1	108	0	111
3072	2	0	107	2	0	111
3073	0	0	1	108	0	109
3074	1	0	109	2	0	112
3075	106	0	1	2	0	109
3076	108	0	2	1	0	111
3077	2	0	107	1	0	110
3078	109	0	1	0	0	110
3079	108	0	1	1	0	110
3080	2	0	106	1	0	109
3081	110	0	2	0	0	112
3082	110	0	1	1	0	112
3083	2	0	108	1	0	111
3084	104	1	1	0	0	106
3085	2	0	109	1	0	112
3086	1	0	2	112	0	115
3087	1	0	1	111	0	113
3088	0	1	2	113	0	116
3089	0	0	110	5	0	115
3090	105	0	1	1	0	107
3091	2	1	104	1	0	108
3092	0	90	0	1	0	91
3093	0	85	0	1	0	86
3094	82	0	1	0	0	83
3095	0	0	0	80	0	80
3096	0	79	1	0	0	80
3097	77	0	0	0	0	77
3098	77	0	0	0	0	77
3099	0	76	1	0	0	77
3100	1	0	0	74	0	75
3101	1	79	0	0	0	80
3102	79	0	1	0	0	80
3103	80	0	0	0	0	80
3104	1	0	0	78	0	79
3105	79	0	1	0	0	80
3106	1	0	0	79	0	80
3107	0	0	79	0	0	79
3108	76	0	0	0	0	76
3109	0	0	79	1	0	80
3110	0	0	0	76	0	76
3111	75	0	0	0	0	75
3112	1	0	0	75	0	76
3113	0	0	79	0	0	79
3114	0	1	79	0	0	80
3115	0	1	0	78	0	79
3116	77	0	0	0	0	77
3117	0	76	0	1	0	77
3118	0	1	0	77	0	78
3119	1	0	78	0	0	79
3120	77	0	0	0	0	77
3121	77	1	0	0	0	78
3122	0	0	76	1	0	77
3123	77	1	0	0	0	78
3124	0	0	0	76	0	76
3125	1	0	78	0	0	79
3126	76	0	0	2	0	78
3127	1	0	0	77	0	78
3128	0	0	0	77	0	77
3129	77	0	1	0	0	78
3130	1	77	0	0	0	78
3131	0	78	1	0	0	79
3132	78	1	0	1	0	80
3133	77	0	0	2	0	79
3134	1	0	79	1	0	81
3135	0	0	80	0	0	80
3136	0	2	2	77	0	81
3137	80	0	0	2	0	82
3138	80	0	0	0	0	80
3139	79	1	0	1	0	81
3140	1	78	0	1	0	80
3141	0	81	1	0	0	82
3142	1	1	0	82	0	84
3143	1	0	0	84	0	85
3144	0	0	0	85	0	85
3145	1	0	87	1	0	89
3146	0	1	86	1	0	88
3147	88	0	2	0	0	90
3148	90	0	0	1	0	91
3149	1	0	0	89	0	90
3150	0	0	0	89	0	89
3151	0	0	0	89	0	89
3152	0	1	84	1	0	86
3153	0	1	85	0	0	86
3154	1	0	1	83	0	85
3155	0	0	92	1	0	93
3156	0	89	1	0	0	90
3157	0	95	0	0	0	95
3158	95	1	1	1	0	98
3159	2	87	0	0	0	89
3160	1	1	0	90	0	92
3161	1	1	0	90	0	92
3162	0	89	0	2	0	91
3163	0	2	0	92	0	94
3164	0	1	90	2	0	93
3165	0	90	1	2	0	93
3166	0	1	1	84	0	86
3167	0	1	84	1	0	86
3168	0	83	1	1	0	85
3169	0	1	1	80	0	82
3170	0	81	0	1	0	82
3171	0	1	0	81	0	82
3172	0	1	0	76	0	77
3173	0	79	0	2	0	81
3174	76	1	0	0	0	77
3175	77	0	0	0	0	77
3176	2	71	0	1	0	74
3177	1	74	0	0	0	75
3178	1	1	0	77	0	79
3179	1	1	76	1	0	79
3180	74	0	1	2	0	77
3181	74	0	1	2	0	77
3182	2	0	79	1	0	82
3183	80	0	2	0	0	82
3184	80	0	2	0	0	82
3185	2	0	75	1	0	78
3186	76	0	2	0	0	78
3187	1	1	78	0	0	80
3188	1	79	0	0	0	80
3189	78	1	1	0	0	80
3190	79	2	0	0	0	81
3191	2	0	79	1	0	82
3192	80	0	1	1	0	82
3193	81	0	1	0	0	82
3194	2	0	80	1	0	83
3195	84	0	0	0	0	84
3196	84	1	1	0	0	86
3197	3	0	84	1	0	88
3198	84	0	2	0	0	86
3199	1	1	1	82	0	85
3200	1	1	0	85	0	87
3201	0	1	85	2	0	88
3202	1	0	82	2	0	85
3203	1	0	2	86	0	89
3204	1	1	1	87	0	90
3205	91	0	0	2	0	93
3206	3	1	89	1	0	94
3207	92	1	2	1	0	96
3208	2	1	1	93	0	97
3209	1	0	92	4	0	97
3210	107	0	4	1	0	112
3211	2	0	2	118	0	122
3212	3	0	118	2	0	123
3213	112	0	2	1	0	115
3214	2	0	1	116	0	119
3215	118	0	0	2	0	120
3216	2	0	123	2	0	127
3217	2	0	3	114	0	119
3218	0	134	3	1	0	138
3219	138	4	0	1	0	143
3220	142	1	1	0	0	144
3221	5	141	0	0	0	146
3222	151	4	1	0	0	156
3223	150	1	0	0	0	151
3224	151	1	0	0	0	152
3225	4	149	1	1	0	155
3226	2	3	0	150	0	155
3227	1	2	148	3	0	154
3228	0	0	4	151	0	155
3229	1	0	2	151	0	154
3230	0	1	148	4	0	153
3231	0	0	143	3	0	146
3232	0	1	5	143	0	149
3233	0	147	2	1	0	150
3234	149	2	0	2	0	153
3235	149	1	0	1	0	151
3236	3	151	0	1	0	155
3237	154	2	0	0	0	156
3238	159	1	0	0	0	160
3239	3	0	154	1	0	158
3240	155	0	3	0	0	158
3241	3	160	1	0	0	164
3242	1	2	164	1	0	168
3243	0	1	157	0	0	158
3244	1	158	3	0	0	162
3245	157	2	1	1	0	161
3246	3	1	160	0	0	164
3247	1	0	2	158	0	161
3248	0	0	161	2	0	163
3249	154	0	2	1	0	157
3250	2	0	196	0	0	198
3251	1	1	181	0	0	183
3252	193	0	3	0	0	196
3253	2	203	1	0	0	206
3254	206	2	0	0	0	208
3255	207	0	0	0	0	207
3256	3	0	0	203	0	206
3257	1	234	0	2	0	237
3258	234	2	0	3	0	239
3259	2	0	240	0	0	242
3260	237	0	2	1	0	240
3261	2	243	0	0	0	245
3262	240	2	0	0	0	242
3263	243	0	0	0	0	243
3264	3	246	1	0	0	250
3265	0	2	0	253	0	255
3266	254	0	0	2	0	256
3267	2	254	0	0	0	256
3268	0	2	0	255	0	257
3269	256	0	0	2	0	258
3270	2	0	0	261	0	263
3271	0	0	0	263	0	263
3272	0	265	0	2	0	267
3273	262	2	0	0	0	264
3274	270	0	0	0	0	270
3275	275	0	0	0	0	275
3276	2	280	0	0	0	282
3277	278	2	0	0	0	280
3278	279	0	0	0	0	279
3279	2	0	0	277	0	279
3280	0	0	0	278	0	278
3281	0	0	279	2	0	281
3282	0	0	2	276	0	278
3283	0	0	0	271	0	271
3284	0	0	277	2	0	279
3285	257	0	2	0	0	259
3286	2	0	276	0	0	278
3287	0	0	282	0	0	282
3288	0	0	2	279	0	281
3289	0	0	0	288	0	288
3290	0	285	0	2	0	287
3291	286	2	0	0	0	288
3292	283	0	0	0	0	283
3293	2	290	0	0	0	292
3294	0	308	1	0	0	309
3295	1	2	0	310	0	313
3296	0	319	1	2	0	322
3297	319	2	0	0	0	321
3298	321	0	0	0	0	321
3299	2	0	0	314	0	316
3300	0	0	0	316	0	316
3301	316	0	0	3	0	319
3302	2	0	310	0	0	312
3303	313	0	2	0	0	315
3304	3	1	306	0	0	310
3305	305	0	1	1	0	307
3306	1	1	0	307	0	309
3307	0	0	311	1	0	312
3308	0	0	307	0	0	307
3309	306	1	1	1	0	309
3310	296	0	0	1	0	297
3311	1	304	0	0	0	305
3312	1	1	0	314	0	316
3313	0	0	0	317	0	317
3314	321	0	0	2	0	323
3315	1	327	0	0	0	328
3316	323	1	0	0	0	324
3317	1	317	0	0	0	318
3318	0	314	0	0	0	314
3319	314	0	0	1	0	315
3320	0	0	306	0	0	306
3321	0	0	0	304	0	304
3322	0	0	0	305	0	305
3323	0	0	300	0	0	300
3324	0	0	0	295	0	295
3325	2	1	0	266	0	269
3326	0	301	0	0	0	301
3327	306	0	0	0	0	306
3328	0	0	310	0	0	310
3329	301	0	0	0	0	301
3330	0	304	0	0	0	304
3331	1	0	0	308	0	309
3332	328	0	0	1	0	329
3333	1	0	0	327	0	328
3334	0	1	0	330	0	331
3335	1	0	324	1	0	326
3336	315	0	0	1	0	316
3337	320	1	0	1	0	322
3338	1	0	320	0	0	321
3339	0	0	1	320	0	321
3340	0	0	324	1	0	325
3341	323	0	0	1	0	324
3342	328	0	1	0	0	329
3343	0	0	0	330	0	330
3344	332	0	0	0	0	332
3345	0	1	361	0	0	362
3346	1	0	0	360	0	361
3347	0	0	1	361	0	362
3348	2	0	0	367	0	369
3349	1	1	0	368	0	370
3350	333	0	0	2	0	335
3351	1	0	331	0	0	332
3352	0	0	0	339	0	339
3353	0	0	332	1	0	333
3354	0	0	327	0	0	327
3355	1	0	0	327	0	328
3356	1	0	0	329	0	330
3357	302	0	0	0	0	302
3358	0	0	0	302	0	302
3359	0	0	1	300	0	301
3360	1	0	0	304	0	305
3361	311	0	0	1	0	312
3362	309	0	0	0	0	309
3363	307	0	0	0	0	307
3364	302	0	1	0	0	303
3365	0	319	0	1	0	320
3366	0	2	0	322	0	324
3367	0	1	0	326	0	327
3368	338	0	0	4	0	342
3369	4	367	0	1	0	372
3370	2	3	1	392	0	398
3371	0	1	421	5	0	427
3372	471	0	4	1	0	476
3373	6	495	2	0	0	503
3374	523	6	0	1	0	530
3375	538	1	0	1	0	540
3376	8	0	0	540	0	548
3377	1	0	544	8	0	553
3378	1	0	6	558	0	565
3379	558	0	2	8	0	568
3380	8	0	0	557	0	565
3381	559	0	2	7	0	568
3382	9	556	1	2	0	568
3383	582	7	1	1	0	591
3384	8	2	0	585	0	595
3385	3	0	1	617	0	621
3386	621	1	0	9	0	631
3387	632	0	0	3	0	635
3388	629	0	0	3	0	632
3389	623	0	0	2	0	625
3390	625	0	1	1	0	627
3391	12	0	0	612	0	624
3392	3	0	599	10	0	612
3393	3	600	8	0	0	611
3394	590	8	1	0	0	599
3395	9	1	573	3	0	586
3396	565	0	9	0	0	574
3397	8	573	2	3	0	586
3398	584	8	0	2	0	594
3399	9	2	2	580	0	593
3400	6	0	0	589	0	595
3401	0	2	584	11	0	597
3402	3	0	7	588	0	598
3403	2	0	603	9	0	614
3404	2	1	609	5	0	617
3405	617	1	12	0	0	630
3406	630	0	1	2	0	633
3407	13	0	612	2	0	627
3408	610	0	10	2	0	622
3409	623	0	3	1	0	627
3410	12	2	595	2	0	611
3411	3	590	6	2	0	601
3412	6	8	3	622	0	639
3413	626	3	0	10	0	639
3414	631	2	1	2	0	636
3415	630	2	0	1	0	633
3416	633	0	0	4	0	637
3417	629	0	1	2	0	632
3418	14	0	618	0	0	632
3419	5	1	624	2	0	632
3420	5	0	12	634	0	651
3421	646	2	2	11	0	661
3422	653	1	1	4	0	659
3423	656	2	3	1	0	662
3424	629	2	1	3	0	635
3425	12	639	0	3	0	654
3426	5	660	2	3	0	670
3427	659	9	2	3	0	673
3428	668	4	1	2	0	675
3429	13	667	1	2	0	683
3430	680	9	0	4	0	693
3431	11	3	675	4	0	693
3432	6	1	10	656	0	673
3433	3	1	663	10	0	677
3434	4	5	658	3	0	670
3435	4	2	12	670	0	688
3436	4	0	2	688	0	694
3437	7	0	687	11	0	705
3438	4	1	10	680	0	695
3439	7	2	4	687	0	700
3440	686	0	0	15	0	701
3441	695	0	3	3	0	701
3442	11	2	3	691	0	707
3443	7	2	692	12	0	713
3444	5	695	11	5	0	716
3445	674	8	3	3	0	688
3446	14	3	686	3	0	706
3447	7	663	11	2	0	683
3448	4	698	3	3	0	708
3449	704	11	2	2	0	719
3450	715	1	4	2	0	722
3451	13	0	2	697	0	712
3452	5	2	736	10	0	753
3453	3	1	12	732	0	748
3454	7	0	3	740	0	750
3455	5	1	4	737	0	747
3456	739	1	4	10	0	754
3457	13	721	1	2	0	737
3458	8	748	3	6	0	765
3459	5	9	2	741	0	757
3460	5	3	2	765	0	775
3461	749	2	3	13	0	767
3462	747	3	1	6	0	757
3463	742	0	3	6	0	751
3464	13	737	4	3	0	757
3465	730	7	3	2	0	742
3466	12	0	3	730	0	745
3467	7	0	722	8	0	737
3468	6	2	681	0	0	689
3469	673	1	10	3	0	687
3470	8	0	652	4	0	664
3471	6	2	602	2	0	612
3472	547	0	5	2	0	554
3473	9	1	543	0	0	553
3474	1	0	513	1	0	515
3475	5	6	4	494	0	509
3476	3	0	526	3	0	532
3477	2	2	3	519	0	526
3478	0	1	1	520	0	522
3479	1	0	543	4	0	548
3480	1	547	5	1	0	554
3481	552	2	1	1	0	556
3482	4	0	561	1	0	566
3483	0	0	542	1	0	543
3484	491	1	2	1	0	495
3485	4	0	525	0	0	529
3486	0	506	2	0	0	508
3487	3	479	2	2	0	486
3488	2	1	0	529	0	532
3489	0	0	0	527	0	527
3490	538	1	0	2	0	541
3491	531	1	0	2	0	534
3492	537	0	0	2	0	539
3493	1	0	0	544	0	545
3494	545	0	0	1	0	546
3495	539	1	0	1	0	541
3496	3	0	544	0	0	547
3497	0	0	527	2	0	529
3498	1	546	2	2	0	551
3499	2	1	0	553	0	556
3500	549	0	1	2	0	552
3501	2	536	1	0	0	539
3502	0	4	0	546	0	550
3503	534	0	0	2	0	536
3504	524	0	0	1	0	525
3505	1	529	2	2	0	534
3506	534	1	1	1	0	537
3507	544	0	0	0	0	544
3508	1	0	1	541	0	543
3509	0	2	547	1	0	550
3510	2	542	2	0	0	546
3511	1	538	1	2	0	542
3512	518	1	1	1	0	521
3513	1	2	1	524	0	528
3514	0	1	525	1	0	527
3515	0	517	3	1	0	521
3516	526	1	0	1	0	528
3517	521	0	1	2	0	524
3518	1	1	518	0	0	520
3519	1	2	1	509	0	513
3520	1	0	1	534	0	536
3521	1	0	602	3	0	606
3522	615	0	5	3	0	623
3523	744	0	1	2	0	747
3524	5	1	0	871	0	877
3525	0	897	1	6	0	904
3526	3	7	0	932	0	942
3527	2	3	922	7	0	934
3528	921	1	6	5	0	933
3529	9	2	1	947	0	959
3530	3	0	944	9	0	956
3531	917	0	7	4	0	928
3532	10	1	2	943	0	956
3533	4	2	0	938	0	944
3534	929	0	5	9	0	943
3535	10	930	3	3	0	946
3536	917	7	1	6	0	931
3537	8	1	2	915	0	926
3538	918	1	1	7	0	927
3539	9	2	904	2	0	917
3540	4	907	6	6	0	923
3541	5	7	1	919	0	932
3542	916	3	2	10	0	931
3543	8	912	4	4	0	928
3544	5	8	2	921	0	936
3545	926	2	1	11	0	940
3546	905	1	2	5	0	913
3547	9	4	3	888	0	904
3548	3	2	882	12	0	899
3549	6	1	877	4	0	888
3550	884	1	7	5	0	897
3551	8	868	3	8	0	887
3552	4	845	6	3	0	858
3553	843	8	3	3	0	857
3554	10	843	2	2	0	857
3555	4	8	1	852	0	865
3556	5	3	5	857	0	870
3557	858	5	3	8	0	874
3558	830	5	1	7	0	843
3559	831	4	2	11	0	848
3560	16	3	820	4	0	843
3561	7	3	7	824	0	841
3562	5	5	817	12	0	839
3563	9	0	815	8	0	832
3564	8	3	829	3	0	843
3565	7	1	10	832	0	850
3566	2	0	837	14	0	853
3567	7	1	848	1	0	857
3568	6	1	13	841	0	861
3569	839	4	5	13	0	861
3570	9	1	846	5	0	861
3571	6	2	14	840	0	862
3572	5	5	5	848	0	863
3573	6	3	852	15	0	876
3574	6	2	11	849	0	868
3575	8	1	854	13	0	876
3576	6	3	9	835	0	853
3577	5	2	6	838	0	851
3578	4	0	7	838	0	849
3579	6	0	4	824	0	834
3580	801	3	6	14	0	824
3581	797	2	8	7	0	814
3582	11	2	791	6	0	810
3583	4	778	8	11	0	801
3584	4	5	798	7	0	814
3585	5	3	788	6	0	802
3586	784	1	13	7	0	805
3587	14	790	5	6	0	815
3588	789	8	8	3	0	808
3589	11	790	8	6	0	815
3590	787	9	6	7	0	809
3591	803	6	6	2	0	817
3592	11	2	7	792	0	812
3593	5	792	7	10	0	814
3594	6	7	2	798	0	813
3595	6	2	6	799	0	813
3596	3	3	782	17	0	805
3597	3	781	10	10	0	804
3598	8	9	2	792	0	811
3599	801	1	6	14	0	822
3600	821	3	5	10	0	839
3601	823	5	5	8	0	841
3602	15	811	9	4	0	839
3603	842	9	7	7	0	865
3604	15	873	5	4	0	897
3605	8	13	3	901	0	925
3606	4	7	903	14	0	928
3607	6	4	14	897	0	921
3608	11	898	5	14	0	928
3609	6	12	2	902	0	922
3610	5	5	4	905	0	919
3611	2	895	4	22	0	923
3612	900	15	3	7	0	925
3613	16	3	4	890	0	913
3614	4	2	879	19	0	904
3615	4	8	11	890	0	913
3616	5	6	4	902	0	917
3617	7	2	894	22	0	925
3618	6	4	15	868	0	893
3619	8	879	5	14	0	906
3620	8	12	867	12	0	899
3621	8	5	812	6	0	831
3622	4	788	15	5	0	812
3623	3	670	4	6	0	683
3624	0	539	11	0	0	550
3625	499	10	8	3	0	520
3626	476	5	2	1	0	484
3627	470	1	0	3	0	474
3628	7	3	1	466	0	477
3629	4	2	462	5	0	473
3630	3	2	5	458	0	468
3631	2	1	2	461	0	466
3632	460	1	1	8	0	470
3633	462	0	1	5	0	468
3634	7	466	1	3	0	477
3635	462	5	2	3	0	472
3636	464	4	1	2	0	471
3637	471	1	1	4	0	477
3638	8	1	462	2	0	473
3639	5	1	456	0	0	462
3640	3	1	6	459	0	469
3641	1	2	459	4	0	466
3642	451	0	5	3	0	459
3643	445	1	5	1	0	452
3644	7	1	438	1	0	447
3645	428	0	5	1	0	434
3646	6	432	4	0	0	442
3647	440	4	0	2	0	446
3648	5	2	2	436	0	445
3649	5	0	1	437	0	443
3650	1	441	0	5	0	447
3651	436	4	1	4	0	445
3652	438	2	0	2	0	442
3653	5	431	0	1	0	437
3654	3	5	0	423	0	431
3655	2	2	0	429	0	433
3656	2	429	0	7	0	438
3657	1	6	0	429	0	436
3658	4	2	1	428	0	435
3659	431	0	1	7	0	439
3660	430	2	0	4	0	436
3661	6	0	429	2	0	437
3662	427	0	4	2	0	433
3663	7	0	427	0	0	434
3664	3	0	5	420	0	428
3665	1	0	418	6	0	425
3666	2	405	5	2	0	414
3667	2	5	4	392	0	403
3668	1	3	1	398	0	403
3669	393	0	1	8	0	402
3670	5	2	1	390	0	398
3671	3	0	381	6	0	390
3672	383	0	5	2	0	390
3673	383	2	2	0	0	387
3674	384	0	0	3	0	387
3675	371	0	1	2	0	374
3676	9	1	0	384	0	394
3677	4	0	0	389	0	393
3678	1	0	1	407	0	409
3679	3	0	0	416	0	419
3680	414	0	0	9	0	423
3681	418	0	1	3	0	422
3682	10	0	1	398	0	409
3683	2	395	2	9	0	408
3684	398	7	0	4	0	409
3685	8	1	394	0	0	403
3686	2	396	7	2	0	407
3687	385	8	3	0	0	396
3688	10	392	0	1	0	403
3689	4	4	391	1	0	400
3690	386	4	7	2	0	399
3691	392	1	2	0	0	395
3692	11	1	384	0	0	396
3693	4	1	9	383	0	397
3694	3	1	2	394	0	400
3695	3	388	0	9	0	400
3696	0	8	2	388	0	398
3697	378	2	1	10	0	391
3698	9	385	0	4	0	398
3699	3	6	0	361	0	370
3700	2	1	1	367	0	371
3701	1	0	355	9	0	365
3702	0	352	6	2	0	360
3703	326	12	2	1	0	341
3704	8	287	0	1	0	296
3705	1	254	0	0	0	255
3706	244	5	8	1	0	258
3707	4	0	0	242	0	246
3708	0	0	1	246	0	247
3709	242	1	1	4	0	248
3710	5	1	0	241	0	247
3711	1	0	0	243	0	244
3712	248	2	0	5	0	255
3713	5	1	0	248	0	254
3714	1	249	0	4	0	254
3715	244	4	0	2	0	250
3716	5	0	240	1	0	246
3717	1	225	4	2	0	232
3718	0	3	0	225	0	228
3719	1	0	220	5	0	226
3720	1	0	224	1	0	226
3721	0	17	4	195	0	216
3722	196	1	0	4	0	201
3723	5	0	1	194	0	200
3724	1	1	1	198	0	201
3725	1	1	0	199	0	201
3726	1	0	0	201	0	202
3727	1	1	1	199	0	202
3728	2	0	191	5	0	198
3729	1	0	189	1	0	191
3730	1	0	4	188	0	193
3731	1	1	190	5	0	197
3732	1	192	4	2	0	199
3733	0	4	2	188	0	194
3734	1	1	183	6	0	191
3735	180	0	4	2	0	186
3736	5	178	2	0	0	185
3737	1	174	2	1	0	178
3738	0	177	0	3	0	180
3739	2	6	1	174	0	183
3740	176	1	1	5	0	183
3741	5	0	0	176	0	181
3742	173	2	1	5	0	181
3743	5	170	0	1	0	176
3744	170	6	0	2	0	178
3745	5	0	2	169	0	176
3746	1	3	0	173	0	177
3747	2	167	0	5	0	174
3748	1	5	1	167	0	174
3749	0	1	1	168	0	170
3750	3	1	0	169	0	173
3751	165	2	0	5	0	172
3752	166	1	0	2	0	169
3753	5	1	162	1	0	169
3754	165	1	4	2	0	172
3755	4	1	164	3	0	172
3756	1	0	4	166	0	171
3757	2	0	1	168	0	171
3758	0	2	0	167	0	169
3759	3	0	157	5	0	165
3760	2	0	5	165	0	172
3761	0	1	164	5	0	170
3762	2	0	3	165	0	170
3763	164	0	2	4	0	170
3764	3	0	166	2	0	171
3765	165	1	3	2	0	171
3766	4	0	0	172	0	176
3767	170	0	2	5	0	177
3768	4	171	1	2	0	178
3769	0	3	1	177	0	181
3770	1	1	177	5	0	184
3771	3	0	3	170	0	176
3772	0	4	2	170	0	176
3773	1	172	1	3	0	177
3774	0	1	167	4	0	172
3775	1	170	4	1	0	176
3776	148	3	1	0	0	152
3777	1	148	0	2	0	151
3778	131	0	5	0	0	136
3779	129	0	0	1	0	130
3780	124	0	0	0	0	124
3781	0	0	0	124	0	124
3782	0	0	127	0	0	127
3783	0	2	0	130	0	132
3784	1	130	0	0	0	131
3785	1	0	0	129	0	130
3786	130	0	0	0	0	130
3787	0	132	0	1	0	133
3788	0	0	1	124	0	125
3789	0	0	0	125	0	125
3790	124	1	0	0	0	125
3791	0	0	122	1	0	123
3792	1	120	0	0	0	121
3793	0	1	0	118	0	119
3794	0	0	116	1	0	117
3795	0	0	0	117	0	117
3796	1	122	0	0	0	123
3797	0	0	3	123	0	126
3798	0	1	0	116	0	117
3799	0	0	0	116	0	116
3800	0	0	117	0	0	117
3801	117	0	0	1	0	118
3802	0	1	0	126	0	127
3803	143	0	0	2	0	145
3804	145	0	0	1	0	146
3805	150	0	0	1	0	151
3806	148	0	1	0	0	149
3807	154	0	0	0	0	154
3808	1	0	0	151	0	152
3809	1	149	0	1	0	151
3810	1	1	0	149	0	151
3811	1	150	0	1	0	152
3812	1	1	0	141	0	143
3813	140	0	0	1	0	141
3814	1	0	0	137	0	138
3815	0	1	137	1	0	139
3816	130	0	1	3	0	134
3817	1	139	0	0	0	140
3818	139	2	0	1	0	142
3819	138	0	1	1	0	140
3820	133	0	0	1	0	134
3821	1	137	1	0	0	139
3822	1	1	0	136	0	138
3823	0	1	0	137	0	138
3824	1	0	132	1	0	134
3825	1	0	1	134	0	136
3826	1	0	0	129	0	130
3827	1	0	0	134	0	135
3828	0	134	0	2	0	136
3829	134	1	0	1	0	136
3830	132	0	1	0	0	133
3831	1	0	134	1	0	136
3832	0	131	0	1	0	132
3833	0	1	0	137	0	138
3834	0	1	0	138	0	139
3835	1	0	0	134	0	135
3836	1	0	0	136	0	137
3837	0	0	1	140	0	141
3838	0	1	141	1	0	143
3839	1	0	133	1	0	135
3840	137	0	1	1	0	139
3841	145	0	0	1	0	146
3842	146	0	0	2	0	148
3843	1	2	0	147	0	150
3844	0	0	146	2	0	148
3845	147	0	1	0	0	148
3846	152	0	0	1	0	153
3847	3	0	145	0	0	148
3848	150	0	1	1	0	152
3849	1	0	162	1	0	164
3850	1	0	2	164	0	167
3851	1	1	163	1	0	166
3852	164	0	1	0	0	165
3853	165	0	1	0	0	166
3854	165	0	0	0	0	165
3855	172	1	1	0	0	174
3856	1	0	176	2	0	179
3857	0	176	2	1	0	179
3858	173	1	1	0	0	175
3859	176	0	0	1	0	177
3860	2	0	166	1	0	169
3861	1	0	1	171	0	173
3862	0	1	1	172	0	174
3863	1	0	170	1	0	172
3864	165	0	1	0	0	166
3865	170	0	1	0	0	171
3866	1	173	1	0	0	175
3867	172	2	0	2	0	176
3868	174	0	0	3	0	177
3869	174	0	1	1	0	176
3870	173	0	0	1	0	174
3871	3	0	171	1	0	175
3872	172	1	3	0	0	176
3873	3	2	1	170	0	176
3874	1	173	0	2	0	176
3875	2	2	170	0	0	174
3876	2	170	2	0	0	174
3877	1	6	0	163	0	170
3878	0	0	171	2	0	173
3879	163	0	2	0	0	165
3880	3	0	167	0	0	170
3881	166	0	4	0	0	170
3882	3	0	0	163	0	166
3883	0	0	1	161	0	162
3884	0	160	0	3	0	163
3885	0	168	1	0	0	169
3886	1	2	0	171	0	174
3887	170	0	0	2	0	172
3888	171	0	0	0	0	171
3889	172	0	0	1	0	173
3890	3	0	170	0	0	173
3891	166	0	2	0	0	168
3892	4	0	168	0	0	172
3893	1	0	172	0	0	173
3894	170	0	3	0	0	173
3895	177	0	1	1	0	179
3896	2	0	172	1	0	175
3897	1	0	2	167	0	170
3898	2	0	0	173	0	175
3899	172	0	0	2	0	174
3900	175	1	0	1	0	177
3901	2	1	192	1	0	196
3902	2	184	2	0	0	188
3903	1	161	0	0	0	162
3904	160	1	1	0	0	162
3905	1	1	0	159	0	161
3906	0	1	0	157	0	158
3907	1	0	0	162	0	163
3908	159	1	0	2	0	162
3909	1	0	0	161	0	162
3910	163	0	0	2	0	165
3911	170	0	0	0	0	170
3912	2	188	0	1	0	191
3913	1	2	0	202	0	205
3914	0	0	207	2	0	209
3915	199	1	2	0	0	202
3916	209	0	0	3	0	212
3917	209	0	0	0	0	209
3918	3	0	215	0	0	218
3919	1	1	2	218	0	222
3920	220	0	0	2	0	222
3921	213	0	1	0	0	214
3922	215	0	0	1	0	216
3923	2	211	0	0	0	213
3924	1	222	0	0	0	223
3925	1	2	0	234	0	237
3926	0	0	0	234	0	234
3927	0	231	0	3	0	234
3928	234	2	0	1	0	237
3929	2	0	234	0	0	236
3930	1	1	2	236	0	240
3931	1	0	0	236	0	237
3932	0	0	233	2	0	235
3933	231	0	2	1	0	234
3934	235	0	0	1	0	236
3935	2	234	1	0	0	237
3936	234	2	0	0	0	236
3937	2	0	242	0	0	244
3938	243	1	2	0	0	246
3939	3	0	249	1	0	253
3940	245	1	4	0	0	250
3941	252	0	0	1	0	253
3942	254	0	1	0	0	255
3943	251	0	0	0	0	251
3944	3	243	1	0	0	247
3945	249	2	0	0	0	251
3946	261	0	0	0	0	261
3947	4	2	256	0	0	262
3948	253	0	2	0	0	255
3949	3	1	0	257	0	261
3950	0	1	263	2	0	266
3951	261	0	2	1	0	264
3952	2	0	0	268	0	270
3953	273	1	1	2	0	277
3954	291	0	0	1	0	292
3955	3	0	293	1	0	297
3956	296	0	2	2	0	300
3957	302	0	0	1	0	303
3958	297	0	2	0	0	299
3959	305	0	0	0	0	305
3960	5	0	0	301	0	306
3961	0	298	0	3	0	301
3962	294	3	0	1	0	298
3963	309	0	2	1	0	312
3964	314	1	0	0	0	315
3965	4	0	305	1	0	310
3966	3	303	2	0	0	308
3967	2	2	1	302	0	307
3968	1	0	1	306	0	308
3969	2	2	309	2	0	315
3970	2	1	2	308	0	313
3971	1	0	307	3	0	311
3972	1	1	3	309	0	314
3973	0	1	2	316	0	319
3974	1	0	313	4	0	318
3975	306	0	2	8	0	316
3976	321	1	2	3	0	327
3977	5	0	321	0	0	326
3978	308	0	3	1	0	312
3979	325	0	1	1	0	327
3980	4	0	329	1	0	334
3981	4	0	4	328	0	336
3982	5	0	1	337	0	343
3983	338	0	3	4	0	345
3984	3	346	0	5	0	354
3985	332	2	0	3	0	337
3986	338	1	1	2	0	342
3987	4	364	0	0	0	368
3988	366	2	1	0	0	369
3989	370	1	0	0	0	371
3990	5	362	0	0	0	367
3991	3	2	1	364	0	370
3992	4	367	0	1	0	372
3993	1	4	0	369	0	374
3994	1	1	368	5	0	375
3995	1	1	363	1	0	366
3996	363	0	4	3	0	370
3997	367	0	4	0	0	371
3998	3	0	369	2	0	374
3999	373	0	3	0	0	376
4000	382	0	2	0	0	384
4001	357	0	2	2	0	361
4002	7	359	0	0	0	366
4003	4	2	1	369	0	376
4004	373	1	1	2	0	377
4005	369	2	0	1	0	372
4006	4	0	376	1	0	381
4007	4	0	2	375	0	381
4008	3	0	1	379	0	383
4009	1	376	2	4	0	383
4010	1	388	0	2	0	391
4011	1	7	0	379	0	387
4012	2	372	0	2	0	376
4013	361	3	0	1	0	365
4014	2	387	0	1	0	390
4015	392	5	0	0	0	397
4016	6	2	388	0	0	396
4017	419	3	2	1	0	425
4018	429	0	1	1	0	431
4019	431	0	2	0	0	433
4020	425	0	0	0	0	425
4021	7	424	0	1	0	432
4022	3	4	0	434	0	441
4023	2	1	0	433	0	436
4024	0	2	423	5	0	430
4025	1	0	5	417	0	423
4026	1	0	1	420	0	422
4027	421	0	2	6	0	429
4028	4	424	1	2	0	431
4029	2	4	0	431	0	437
4030	3	1	0	434	0	438
4031	1	2	0	439	0	442
4032	433	1	0	8	0	442
4033	5	0	0	435	0	440
4034	438	0	0	6	0	444
4035	7	0	0	439	0	446
4036	2	0	1	445	0	448
4037	3	0	419	6	0	428
4038	410	0	4	4	0	418
4039	4	430	1	2	0	437
4040	450	5	2	1	0	458
4041	6	1	0	456	0	463
4042	2	4	0	453	0	459
4043	465	0	0	6	0	471
4044	476	1	0	3	0	480
4045	9	0	0	491	0	500
4046	4	0	488	6	0	498
4047	3	0	475	1	0	479
4048	2	515	7	1	0	525
4049	521	8	3	2	0	534
4050	516	1	1	0	0	518
4051	9	2	0	512	0	523
4052	3	526	0	9	0	538
4053	3	8	0	526	0	537
4054	1	1	0	510	0	512
4055	0	484	0	11	0	495
4056	482	9	0	4	0	495
4057	9	1	0	481	0	491
4058	1	495	0	10	0	506
4059	3	523	2	1	0	529
4060	528	7	3	4	0	542
4061	9	5	517	2	0	533
4062	522	4	8	1	0	535
4063	14	1	2	526	0	543
4064	5	0	2	526	0	533
4065	3	531	1	12	0	547
4066	2	8	1	539	0	550
4067	1	2	545	15	0	563
4068	2	533	8	3	0	546
4069	4	551	2	2	0	559
4070	531	10	0	6	0	547
4071	10	540	1	3	0	554
4072	1	13	0	547	0	561
4073	4	547	0	7	0	558
4074	2	8	3	556	0	569
4075	3	1	0	563	0	567
4076	1	1	547	14	0	563
4077	3	1	9	545	0	558
4078	2	3	0	556	0	561
4079	544	0	0	15	0	559
4080	10	0	540	3	0	553
4081	1	1	9	554	0	565
4082	2	4	547	10	0	563
4083	544	1	9	5	0	559
4084	10	559	2	1	0	572
4085	594	9	0	8	0	611
4086	11	3	1	610	0	625
4087	4	0	0	607	0	611
4088	2	2	599	13	0	616
4089	571	2	13	4	0	590
4090	12	604	2	4	0	622
4091	604	11	0	6	0	621
4092	15	2	1	608	0	626
4093	3	614	3	14	0	634
4094	619	14	0	4	0	637
4095	12	633	2	4	0	651
4096	6	13	1	641	0	661
4097	1	5	2	648	0	656
4098	7	1	0	654	0	662
4099	0	642	0	19	0	661
4100	3	12	2	646	0	663
4101	1	3	3	657	0	664
4102	635	4	0	17	0	656
4103	645	4	2	3	0	654
4104	644	1	1	6	0	652
4105	13	1	641	7	0	662
4106	650	3	12	2	0	667
4107	661	2	1	3	0	667
4108	644	4	0	6	0	654
4109	14	3	626	3	0	646
4110	632	1	9	8	0	650
4111	14	2	3	646	0	665
4112	4	2	625	12	0	643
4113	2	619	12	5	0	638
4114	3	14	1	598	0	616
4115	5	591	2	12	0	610
4116	5	604	3	3	0	615
4117	568	11	3	4	0	586
4118	9	2	5	562	0	578
4119	566	2	1	10	0	579
4120	12	2	1	565	0	580
4121	560	1	2	9	0	572
4122	10	5	3	554	0	572
4123	558	1	0	15	0	574
4124	9	3	541	4	0	557
4125	5	2	10	551	0	568
4126	1	8	550	10	0	569
4127	4	1	529	5	0	539
4128	1	3	567	5	0	576
4129	4	3	9	556	0	572
4130	4	2	560	10	0	576
4131	555	1	10	8	0	574
4132	12	2	3	564	0	581
4133	5	0	590	14	0	609
4134	3	0	10	587	0	600
4135	3	2	1	602	0	608
4136	3	0	634	13	0	650
4137	3	2	11	640	0	656
4138	5	2	1	645	0	653
4139	3	640	4	11	0	658
4140	630	9	4	6	0	649
4141	633	2	4	5	0	644
4142	12	0	615	6	0	633
4143	599	2	12	2	0	615
4144	13	1	580	1	0	595
4145	3	0	559	3	0	565
4146	3	0	568	2	0	573
4147	1	6	16	539	0	562
4148	2	1	550	5	0	558
4149	0	0	6	542	0	548
4150	4	0	0	549	0	553
4151	2	0	1	547	0	550
4152	5	0	0	539	0	544
4153	527	1	2	7	0	537
4154	538	0	1	1	0	540
4155	6	542	2	2	0	552
4156	1	5	1	558	0	565
4157	0	1	564	5	0	570
4158	1	585	6	4	0	596
4159	0	7	1	590	0	598
4160	1	2	591	7	0	601
4161	1	0	6	588	0	595
4162	2	1	595	6	0	604
4163	3	0	582	0	0	585
4164	0	2	6	595	0	603
4165	1	0	0	594	0	595
4166	592	0	2	8	0	602
4167	6	1	1	580	0	588
4168	571	1	1	7	0	580
4169	4	569	1	2	0	576
4170	0	588	1	4	0	593
4171	2	3	0	589	0	594
4172	595	0	2	4	0	601
4173	5	586	1	2	0	594
4174	2	4	2	602	0	610
4175	616	1	1	5	0	623
4176	619	0	1	0	0	620
4177	619	1	2	0	0	622
4178	609	1	1	2	0	613
4179	630	1	2	1	0	634
4180	4	0	608	4	0	616
4181	1	0	605	2	0	608
4182	0	600	6	3	0	609
4183	0	11	0	601	0	612
4184	4	0	608	5	0	617
4185	1	2	579	2	0	584
4186	0	1	4	584	0	589
4187	1	1	623	1	0	626
4188	1	1	621	1	0	624
4189	0	797	3	1	0	801
4190	793	7	2	0	0	802
4191	6	903	0	0	0	909
4192	1	11	0	927	0	939
4193	930	1	1	12	0	944
4194	10	958	0	2	0	970
4195	1	11	1	931	0	944
4196	0	1	934	10	0	945
4197	943	0	11	1	0	955
4198	954	1	1	2	0	958
4199	969	0	0	4	0	973
4200	12	0	1	969	0	982
4201	4	1	959	10	0	974
4202	1	964	14	3	0	982
4203	2	12	1	968	0	983
4204	977	1	1	15	0	994
4205	11	1	947	1	0	960
4206	1	943	11	1	0	956
4207	1	11	955	3	0	970
4208	943	2	12	0	0	957
4209	973	1	2	1	0	977
4210	969	1	1	1	0	972
4211	15	0	938	0	0	953
4212	3	936	10	2	0	951
4213	3	11	3	936	0	953
4214	2	2	0	956	0	960
4215	1	1	2	955	0	959
4216	1	3	932	12	0	948
4217	924	0	11	6	0	941
4218	12	1	928	2	0	943
4219	946	0	12	3	0	961
4220	967	1	4	3	0	975
4221	961	0	3	1	0	965
4222	952	1	2	2	0	957
4223	13	1	943	2	0	959
4224	5	2	12	947	0	966
4225	1	1	934	13	0	949
4226	4	918	11	2	0	935
4227	2	951	2	2	0	957
4228	944	15	0	5	0	964
4229	932	2	2	4	0	940
4230	14	949	2	3	0	968
4231	953	15	1	1	0	970
4232	14	3	872	3	0	892
4233	930	0	10	5	0	945
4234	18	948	2	0	0	968
4235	953	12	1	3	0	969
4236	919	2	2	3	0	926
4237	18	0	4	897	0	919
4238	6	3	3	907	0	919
4239	891	3	3	13	0	910
4240	15	2	2	894	0	913
4241	887	1	3	14	0	905
4242	16	4	2	888	0	910
4243	887	1	4	13	0	905
4244	879	2	3	5	0	889
4245	16	858	3	3	0	880
4246	5	883	5	1	0	894
4247	866	15	2	0	0	883
4248	17	863	2	1	0	883
4249	6	15	1	866	0	888
4250	5	4	1	877	0	887
4251	862	1	0	18	0	881
4252	14	857	2	6	0	879
4253	4	840	2	7	0	853
4254	3	857	5	7	0	872
4255	9	13	847	2	0	871
4256	7	4	844	2	0	857
4257	9	4	827	1	0	841
4258	9	13	12	745	0	779
4259	6	770	6	12	0	794
4260	762	15	3	3	0	783
4261	14	3	767	4	0	788
4262	6	2	757	3	0	768
4263	4	4	782	1	0	791
4264	4	6	12	761	0	783
4265	6	3	6	777	0	792
4266	6	4	2	781	0	793
4267	773	4	3	14	0	794
4268	774	4	2	5	0	785
4269	775	1	5	3	0	784
4270	13	3	3	758	0	777
4271	7	2	745	12	0	766
4272	5	4	757	5	0	771
4273	9	1	12	755	0	777
4274	7	3	6	745	0	761
4275	731	2	5	16	0	754
4276	13	722	5	5	0	745
4277	727	10	4	5	0	746
4278	16	719	2	6	0	743
4279	12	11	1	715	0	739
4280	8	3	709	14	0	734
4281	10	1	13	712	0	736
4282	716	7	1	16	0	740
4283	13	4	707	5	0	729
4284	691	5	11	2	0	709
4285	12	3	689	5	0	709
4286	7	3	664	3	0	677
4287	622	1	12	4	0	639
4288	14	3	618	4	0	639
4289	6	1	448	2	0	457
4290	9	445	16	3	0	473
4291	343	5	22	1	0	371
4292	324	2	2	0	0	328
4293	316	1	0	2	0	319
4294	4	0	288	3	0	295
4295	295	0	2	3	0	300
4296	1	292	1	4	0	298
4297	287	0	0	0	0	287
4298	0	1	290	2	0	293
4299	4	2	0	269	0	275
4300	0	0	263	0	0	263
4301	1	266	1	1	0	269
4302	2	1	2	256	0	261
4303	1	2	1	258	0	262
4304	263	1	1	1	0	266
4305	262	1	0	1	0	264
4306	261	0	0	0	0	261
4307	261	0	0	1	0	262
4308	258	0	0	0	0	258
4309	2	0	260	0	0	262
4310	2	1	0	261	0	264
4311	0	2	267	0	0	269
4312	1	0	0	262	0	263
4313	267	0	3	0	0	270
4314	272	0	0	2	0	274
4315	277	0	2	0	0	279
4316	280	1	0	1	0	282
4317	1	0	282	1	0	284
4318	3	0	0	282	0	285
4319	1	0	284	0	0	285
4320	1	288	1	1	0	291
4321	1	296	1	0	0	298
4322	2	4	0	293	0	299
4323	2	1	0	322	0	325
4324	1	0	1	335	0	337
4325	1	0	0	355	0	356
4326	351	0	1	4	0	356
4327	3	346	0	3	0	352
4328	331	2	0	1	0	334
4329	1	2	1	330	0	334
4330	3	0	0	331	0	334
4331	0	326	0	4	0	330
4332	0	2	0	329	0	331
4333	324	2	0	2	0	328
4334	1	311	0	2	0	314
4335	3	304	0	0	0	307
4336	309	3	0	1	0	313
4337	2	2	0	309	0	313
4338	2	307	0	2	0	311
4339	0	3	0	314	0	317
4340	319	2	0	3	0	324
4341	4	2	0	318	0	324
4342	3	1	0	323	0	327
4343	325	0	0	5	0	330
4344	4	0	0	324	0	328
4345	2	324	0	3	0	329
4346	1	3	0	327	0	331
4347	1	322	0	2	0	325
4348	0	3	0	326	0	329
4349	323	2	0	4	0	329
4350	328	0	0	2	0	330
4351	5	0	0	328	0	333
4352	2	0	319	3	0	324
4353	316	0	3	3	0	322
4354	3	2	319	0	0	324
4355	325	0	3	1	0	329
4356	320	0	2	1	0	323
4357	6	0	321	0	0	327
4358	2	313	3	3	0	321
4359	318	3	2	1	0	324
4360	330	1	0	0	0	331
4361	4	0	331	0	0	335
4362	332	0	3	1	0	336
4363	331	0	1	0	0	332
4364	333	0	0	1	0	334
4365	4	1	0	329	0	334
4366	3	0	0	326	0	329
4367	1	326	1	4	0	332
4368	1	3	1	340	0	345
4369	2	1	0	338	0	341
4370	1	0	331	6	0	338
4371	1	1	316	2	0	320
4372	307	0	4	2	0	313
4373	320	0	1	1	0	322
4374	4	316	0	0	0	320
4375	2	4	0	318	0	324
4376	2	1	321	4	0	328
4377	0	0	5	331	0	336
4378	2	1	2	336	0	341
4379	0	0	1	352	0	353
4380	2	355	0	5	0	362
4381	1	4	0	365	0	370
4382	1	0	0	369	0	370
4383	1	0	361	4	0	366
4384	1	0	356	3	0	360
4385	350	1	5	1	0	357
4386	364	0	1	3	0	368
4387	4	2	1	379	0	386
4388	0	1	0	374	0	375
4389	1	1	0	378	0	380
4390	1	0	355	5	0	361
4391	0	345	5	4	0	354
4392	1	4	352	2	0	359
4393	352	1	4	2	0	359
4394	5	1	359	1	0	366
4395	351	1	5	2	0	359
4396	351	0	1	2	0	354
4397	358	0	2	2	0	362
4398	6	2	1	344	0	353
4399	3	1	343	4	0	351
4400	2	348	4	2	0	356
4401	2	4	3	341	0	350
4402	1	1	0	355	0	357
4403	1	0	372	5	0	378
4404	1	372	6	1	0	380
4405	391	7	3	1	0	402
4406	6	407	2	0	0	415
4407	447	10	0	0	0	457
4408	8	1	1	453	0	463
4409	3	0	451	10	0	464
4410	1	448	8	2	0	459
4411	457	9	2	1	0	469
4412	10	2	457	1	0	470
4413	459	2	11	0	0	472
4414	461	1	2	0	0	464
4415	12	0	456	2	0	470
4416	447	0	10	3	0	460
4417	454	1	3	0	0	458
4418	451	1	1	0	0	453
4419	12	435	1	0	0	448
4420	421	10	0	0	0	431
4421	11	429	0	0	0	440
4422	1	8	433	1	0	443
4423	2	426	10	0	0	438
4424	396	12	5	0	0	413
4425	403	1	1	0	0	405
4426	412	1	1	1	0	415
4427	13	0	0	396	0	409
4428	7	0	0	404	0	411
4429	388	0	1	12	0	401
4430	404	0	0	2	0	406
4431	12	0	0	394	0	406
4432	3	0	390	10	0	403
4433	1	379	9	2	0	391
4434	2	394	1	1	0	398
4435	0	10	2	387	0	399
4436	1	2	388	10	0	401
4437	1	1	10	375	0	387
4438	1	384	1	7	0	393
4439	3	8	1	385	0	397
4440	2	1	376	9	0	388
4441	1	1	8	385	0	395
4442	0	1	398	11	0	410
4443	2	0	10	400	0	412
4444	1	1	410	10	0	422
4445	0	0	412	2	0	414
4446	391	1	11	1	0	404
4447	410	1	2	0	0	413
4448	413	1	1	0	0	415
4449	12	401	1	2	0	416
4450	3	9	1	408	0	421
4451	403	1	1	10	0	415
4452	417	2	1	1	0	421
4453	416	0	0	2	0	418
4454	13	0	412	1	0	426
4455	3	391	10	1	0	405
4456	3	418	2	1	0	424
4457	413	10	1	2	0	426
4458	10	3	2	413	0	428
4459	410	2	2	10	0	424
4460	11	1	406	2	0	420
4461	4	2	10	396	0	412
4462	2	1	3	406	0	412
4463	2	2	2	396	0	402
4464	3	395	0	8	0	406
4465	397	8	1	2	0	408
4466	398	1	0	4	0	403
4467	10	391	2	2	0	405
4468	3	10	2	391	0	406
4469	390	2	0	10	0	402
4470	11	2	0	391	0	404
4471	387	0	1	11	0	399
4472	10	385	2	2	0	399
4473	382	9	0	2	0	393
4474	11	3	387	1	0	402
4475	3	388	10	2	0	403
4476	2	6	385	2	0	395
4477	0	6	15	371	0	392
4478	368	4	6	10	0	388
4479	372	1	2	2	0	377
4480	366	0	2	2	0	370
4481	12	0	1	351	0	364
4482	353	0	1	11	0	365
4483	10	0	2	351	0	363
4484	348	0	2	12	0	362
4485	359	0	0	2	0	361
4486	13	0	348	2	0	363
4487	3	2	330	0	0	335
4488	3	1	326	0	0	330
4489	1	2	9	314	0	326
4490	315	1	4	9	0	329
4491	8	0	1	317	0	326
4492	3	0	0	333	0	336
4493	346	0	1	11	0	358
4494	351	1	1	3	0	356
4495	353	2	0	1	0	356
4496	359	1	0	0	0	360
4497	10	0	1	346	0	357
4498	342	1	0	9	0	352
4499	10	343	2	1	0	356
4500	337	7	1	4	0	349
4501	347	0	0	2	0	349
4502	10	1	320	2	0	333
4503	297	1	6	1	0	305
4504	7	1	296	2	0	306
4505	4	0	265	0	0	269
4506	4	1	264	1	0	270
4507	3	1	5	219	0	228
4508	0	0	219	3	0	222
4509	0	0	3	204	0	207
4510	0	0	207	3	0	210
4511	0	0	219	0	0	219
4512	0	0	1	216	0	217
4513	1	0	0	225	0	226
4514	0	0	236	2	0	238
4515	224	0	2	0	0	226
4516	2	0	0	228	0	230
4517	0	0	0	233	0	233
4518	232	0	0	2	0	234
4519	3	0	0	237	0	240
4520	0	0	235	2	0	237
4521	0	0	216	1	0	217
4522	0	0	1	212	0	213
4523	0	0	213	0	0	213
4524	0	221	1	0	0	222
4525	0	0	0	217	0	217
4526	220	0	0	0	0	220
4527	0	1	217	0	0	218
4528	210	0	0	1	0	211
4529	0	0	0	226	0	226
4530	0	0	0	231	0	231
4531	1	0	0	226	0	227
4532	0	0	0	228	0	228
4533	231	0	0	0	0	231
4534	0	244	0	0	0	244
4535	0	0	0	244	0	244
4536	0	1	0	244	0	245
4537	0	0	0	244	0	244
4538	0	0	0	241	0	241
4539	239	0	0	1	0	240
4540	0	239	1	1	0	241
4541	236	0	0	0	0	236
4542	0	217	0	0	0	217
4543	1	220	0	0	0	221
4544	211	1	0	0	0	212
4545	0	1	215	0	0	216
4546	1	0	0	217	0	218
4547	223	0	1	0	0	224
4548	233	0	0	1	0	234
4549	220	0	1	2	0	223
4550	240	0	0	0	0	240
4551	1	257	0	0	0	258
4552	265	0	0	0	0	265
4553	265	1	0	1	0	267
4554	1	298	0	0	0	299
4555	2	0	0	301	0	303
4556	0	1	308	1	0	310
4557	0	1	1	306	0	308
4558	309	0	1	2	0	312
4559	0	0	319	1	0	320
4560	1	310	0	0	0	311
4561	0	1	324	0	0	325
4562	1	1	1	307	0	310
4563	0	322	1	1	0	324
4564	320	0	0	2	0	322
4565	0	330	0	0	0	330
4566	2	1	0	328	0	331
4567	0	1	0	331	0	332
4568	329	0	0	2	0	331
4569	1	0	0	326	0	327
4570	1	321	0	1	0	323
4571	331	0	0	0	0	331
4572	333	1	0	0	0	334
4573	2	335	0	0	0	337
4574	333	1	0	0	0	334
4575	1	327	0	0	0	328
4576	323	1	0	0	0	324
4577	1	322	0	0	0	323
4578	1	1	1	313	0	316
4579	0	1	0	325	0	326
4580	330	0	0	0	0	330
4581	336	0	0	2	0	338
4582	3	337	0	0	0	340
4583	1	1	335	0	0	337
4584	335	1	2	1	0	339
4585	3	0	1	336	0	340
4586	1	332	0	6	0	339
4587	0	2	0	339	0	341
4588	341	2	0	2	0	345
4589	344	0	0	2	0	346
4590	345	0	1	1	0	347
4591	4	0	0	346	0	350
4592	2	0	338	2	0	342
4593	314	0	1	1	0	316
4594	318	1	1	0	0	320
4595	324	0	1	0	0	325
4596	3	318	0	1	0	322
4597	1	3	0	325	0	329
4598	1	331	0	2	0	334
4599	0	3	0	340	0	343
4600	0	1	0	346	0	347
4601	0	0	358	4	0	362
4602	1	0	2	394	0	397
4603	0	0	2	399	0	401
4604	412	1	0	4	0	417
4605	4	413	0	1	0	418
4606	403	3	0	1	0	407
4607	419	2	0	1	0	422
4608	5	3	0	418	0	426
4609	1	2	418	4	0	425
4610	1	411	3	2	0	417
4611	0	408	1	0	0	409
4612	402	3	1	2	0	408
4613	2	404	0	2	0	408
4614	2	4	0	388	0	394
4615	6	1	0	394	0	401
4616	0	2	386	4	0	392
4617	1	0	393	1	0	395
4618	2	392	5	0	0	399
4619	1	3	1	391	0	396
4620	390	2	1	4	0	397
4621	5	1	0	396	0	402
4622	2	1	399	4	0	406
4623	4	0	4	399	0	407
4624	394	1	1	5	0	401
4625	395	0	0	3	0	398
4626	5	394	1	1	0	401
4627	397	4	1	1	0	403
4628	5	396	1	0	0	402
4629	395	4	0	0	0	399
4630	5	2	0	386	0	393
4631	2	0	382	5	0	389
4632	0	0	382	2	0	384
4633	0	396	6	1	0	403
4634	1	4	0	381	0	386
4635	1	0	0	398	0	399
4636	396	0	0	4	0	400
4637	397	1	0	1	0	399
4638	406	0	0	1	0	407
4639	4	2	0	406	0	412
4640	3	0	0	412	0	415
4641	3	0	0	415	0	418
4642	0	0	414	4	0	418
4643	1	1	410	0	0	412
4644	409	2	5	1	0	417
4645	405	1	0	1	0	407
4646	6	0	405	1	0	412
4647	405	0	4	1	0	410
4648	398	0	1	1	0	400
4649	4	1	388	1	0	394
4650	0	386	5	1	0	392
4651	2	8	1	367	0	378
4652	0	2	372	5	0	379
4653	0	383	5	2	0	390
4654	0	5	2	348	0	355
4655	1	350	1	4	0	356
4656	1	3	349	0	0	353
4657	0	1	352	0	0	353
4658	1	2	3	351	0	357
4659	351	0	1	3	0	355
4660	3	0	1	350	0	354
4661	346	0	1	4	0	351
4662	3	0	0	350	0	353
4663	2	0	346	3	0	351
4664	343	1	2	0	0	346
4665	4	1	343	1	0	349
4666	349	1	3	0	0	353
4667	3	1	1	344	0	349
4668	1	345	1	4	0	351
4669	0	2	1	346	0	349
4670	1	352	2	3	0	358
4671	2	3	0	338	0	343
4672	3	349	0	3	0	355
4673	346	3	0	3	0	352
4674	349	0	1	1	0	351
4675	351	0	0	1	0	352
4676	4	0	343	0	0	347
4677	3	0	3	338	0	344
4678	0	0	345	5	0	350
4679	1	336	3	1	0	341
4680	0	339	0	3	0	342
4681	334	4	1	0	0	339
4682	2	1	331	1	0	335
4683	1	337	2	0	0	340
4684	3	2	0	339	0	344
4685	341	1	1	2	0	345
4686	4	341	0	0	0	345
4687	345	2	1	0	0	348
4688	3	0	343	1	0	347
4689	0	1	4	343	0	348
4690	0	0	0	352	0	352
4691	1	1	1	371	0	374
4692	1	378	0	3	0	382
4693	2	6	1	362	0	371
4694	1	2	377	4	0	384
4695	1	0	6	376	0	383
4696	1	1	1	378	0	381
4697	0	1	0	372	0	373
4698	3	364	0	4	0	371
4699	1	5	1	355	0	362
4700	3	0	0	358	0	361
4701	0	331	1	5	0	337
4702	301	3	1	2	0	307
4703	3	291	0	1	0	295
4704	0	285	0	1	0	286
4705	4	3	0	282	0	289
4706	0	0	287	7	0	294
4707	273	0	7	0	0	280
4708	4	0	0	277	0	281
4709	0	0	279	7	0	286
4710	0	284	5	2	0	291
4711	1	6	1	279	0	287
4712	0	0	282	6	0	288
4713	1	0	4	275	0	280
4714	1	1	0	278	0	280
4715	273	0	1	4	0	278
4716	5	267	0	1	0	273
4717	275	5	0	0	0	280
4718	4	0	281	1	0	286
4719	0	279	5	0	0	284
4720	1	4	279	1	0	285
4721	0	2	5	280	0	287
4722	275	1	2	3	0	281
4723	4	2	0	274	0	280
4724	273	2	0	5	0	280
4725	280	0	2	0	0	282
4726	3	0	2	279	0	284
4727	0	1	285	6	0	292
4728	3	0	296	1	0	300
4729	1	1	3	305	0	310
4730	2	1	0	310	0	313
4731	307	0	1	5	0	313
4732	4	1	2	296	0	303
4733	1	299	2	4	0	306
4734	0	4	1	300	0	305
4735	2	0	0	297	0	299
4736	290	1	0	7	0	298
4737	5	296	0	1	0	302
4738	2	4	1	290	0	297
4739	0	0	0	289	0	289
4740	0	284	1	5	0	290
4741	0	4	1	289	0	294
4742	0	1	0	287	0	288
4743	0	283	0	7	0	290
4744	1	4	0	290	0	295
4745	0	1	0	291	0	292
4746	1	287	0	5	0	293
4747	0	5	0	291	0	296
4748	290	1	0	5	0	296
4749	292	1	0	0	0	293
4750	283	1	0	0	0	284
4751	289	0	0	2	0	291
4752	4	276	1	2	0	283
4753	261	5	1	0	0	267
4754	3	254	0	2	0	259
4755	0	251	1	1	0	253
4756	2	6	6	238	0	252
4757	0	0	244	6	0	250
4758	237	0	5	1	0	243
4759	249	0	0	1	0	250
4760	4	0	249	2	0	255
4761	255	0	3	0	0	258
4762	259	0	1	0	0	260
4763	5	247	0	0	0	252
4764	274	4	2	0	0	280
4765	4	1	0	271	0	276
4766	2	0	1	273	0	276
4767	0	0	0	279	0	279
4768	2	0	0	272	0	274
4769	272	0	0	5	0	277
4770	5	0	0	269	0	274
4771	1	0	1	272	0	274
4772	0	0	268	5	0	273
4773	256	0	5	1	0	262
4774	268	0	0	1	0	269
4775	272	0	0	2	0	274
4776	4	266	0	2	0	272
4777	1	274	0	0	0	275
4778	269	5	0	1	0	275
4779	4	1	0	269	0	274
4780	0	275	0	6	0	281
4781	0	5	0	271	0	276
4782	1	274	0	4	0	279
4783	268	6	0	0	0	274
4784	4	272	1	1	0	278
4785	0	4	0	277	0	281
4786	1	0	0	281	0	282
4787	1	0	278	6	0	285
4788	0	300	5	1	0	306
4789	2	6	0	299	0	307
4790	0	0	303	7	0	310
4791	0	1	301	2	0	304
4792	1	1	4	301	0	307
4793	0	0	0	305	0	305
4794	0	294	0	5	0	299
4795	0	301	2	1	0	304
4796	0	4	0	308	0	312
4797	306	0	1	5	0	312
4798	5	0	0	324	0	329
4799	337	1	0	4	0	342
4800	346	1	0	2	0	349
4801	349	0	0	2	0	351
4802	6	1	344	1	0	352
4803	347	0	4	3	0	354
4804	5	0	2	353	0	360
4805	4	0	0	351	0	355
4806	1	0	346	6	0	353
4807	3	0	341	2	0	346
4808	1	1	5	339	0	346
4809	3	335	2	0	0	340
4810	0	337	1	3	0	341
4811	3	5	0	336	0	344
4812	333	3	1	3	0	340
4813	2	0	2	337	0	341
4814	3	0	1	339	0	343
4815	1	343	2	3	0	349
4816	0	3	1	346	0	350
4817	1	3	346	2	0	352
4818	2	3	333	2	0	340
4819	328	1	4	2	0	335
4820	4	338	2	2	0	346
4821	338	3	0	4	0	345
4822	331	2	1	4	0	338
4823	5	1	2	328	0	336
4824	2	332	1	3	0	338
4825	1	3	1	332	0	337
4826	331	4	1	4	0	340
4827	5	334	0	4	0	343
4828	318	3	1	0	0	322
4829	4	319	0	1	0	324
4830	319	3	0	1	0	323
4831	313	4	0	2	0	319
4832	6	317	0	1	0	324
4833	2	3	1	314	0	320
4834	310	2	1	4	0	317
4835	3	1	303	3	0	310
4836	5	0	300	1	0	306
4837	3	2	4	302	0	311
4838	303	1	2	4	0	310
4839	3	0	0	309	0	312
4840	303	1	1	3	0	308
4841	3	0	307	4	0	314
4842	312	0	3	1	0	316
4843	327	1	2	1	0	331
4844	7	1	1	319	0	328
4845	2	1	0	322	0	325
4846	4	0	0	319	0	323
4847	1	317	1	6	0	325
4848	1	4	0	323	0	328
4849	1	2	1	326	0	330
4850	325	0	0	6	0	331
4851	326	0	1	4	0	331
4852	6	1	318	2	0	327
4853	320	1	2	4	0	327
4854	3	1	322	3	0	329
4855	315	0	3	3	0	321
4856	5	0	318	3	0	326
4857	3	1	312	3	0	319
4858	3	2	7	307	0	319
4859	3	1	307	2	0	313
4860	307	0	5	4	0	316
4861	6	1	2	316	0	325
4862	321	2	2	4	0	329
4863	322	1	1	5	0	329
4864	303	0	2	2	0	307
4865	300	0	3	2	0	305
4866	6	0	303	2	0	311
4867	3	1	3	305	0	312
4868	2	0	304	3	0	309
4869	2	0	3	305	0	310
4870	305	0	4	4	0	313
4871	6	0	1	306	0	313
4872	310	1	2	2	0	315
4873	5	0	1	310	0	316
4874	4	0	1	311	0	316
4875	306	0	0	7	0	313
4876	4	305	1	3	0	313
4877	305	2	0	4	0	311
4878	5	300	0	1	0	306
4879	4	2	0	303	0	309
4880	303	2	0	2	0	307
4881	4	1	300	3	0	308
4882	3	1	3	300	0	307
4883	305	0	2	2	0	309
4884	304	3	2	2	0	311
4885	5	0	0	302	0	307
4886	6	306	1	1	0	314
4887	0	294	3	4	0	301
4888	2	5	1	277	0	285
4889	284	1	1	3	0	289
4890	3	274	0	3	0	280
4891	4	249	0	1	0	254
4892	247	3	0	0	0	250
4893	2	250	1	0	0	253
4894	257	1	0	1	0	259
4895	2	3	2	254	0	261
4896	5	0	1	255	0	261
4897	0	251	1	6	0	258
4898	0	242	1	4	0	247
4899	226	1	0	1	0	228
4900	2	232	0	0	0	234
4901	2	266	1	2	0	271
4902	3	5	0	267	0	275
4903	270	2	0	3	0	275
4904	3	0	282	2	0	287
4905	288	0	2	0	0	290
4906	3	1	2	306	0	312
4907	3	0	309	3	0	315
4908	0	2	313	3	0	318
4909	0	0	7	318	0	325
4910	3	0	329	3	0	335
4911	323	0	5	4	0	332
4912	338	0	4	2	0	344
4913	7	0	337	1	0	345
4914	5	0	5	332	0	342
4915	1	0	5	328	0	334
4916	337	1	0	8	0	346
4917	5	1	1	326	0	333
4918	4	327	1	5	0	337
4919	331	4	0	4	0	339
4920	4	323	0	1	0	328
4921	4	335	0	2	0	341
4922	0	7	0	333	0	340
4923	1	4	0	340	0	345
4924	2	0	0	340	0	342
4925	0	2	332	7	0	341
4926	323	1	3	3	0	330
4927	4	319	2	1	0	326
4928	328	5	0	1	0	334
4929	330	3	0	2	0	335
4930	7	0	0	332	0	339
4931	4	324	0	5	0	333
4932	1	5	1	337	0	344
4933	2	3	0	340	0	345
4934	339	2	0	7	0	348
4935	345	1	0	4	0	350
4936	8	2	332	1	0	343
4937	343	0	2	1	0	346
4938	4	350	3	3	0	360
4939	354	6	0	1	0	361
4940	6	363	0	1	0	370
4941	4	6	1	356	0	367
4942	5	1	0	347	0	353
4943	0	351	1	7	0	359
4944	3	6	0	360	0	369
4945	0	6	0	361	0	367
4946	1	3	0	362	0	366
4947	1	358	0	8	0	367
4948	0	8	0	361	0	369
4949	2	3	0	361	0	366
4950	0	5	0	364	0	369
4951	1	4	354	9	0	368
4952	342	1	5	6	0	354
4953	6	2	352	3	0	363
4954	355	1	5	3	0	364
4955	5	0	359	4	0	368
4956	357	0	5	3	0	365
4957	359	1	4	2	0	366
4958	10	1	361	0	0	372
4959	7	1	5	353	0	366
4960	2	3	344	4	0	353
4961	333	1	5	4	0	343
4962	6	0	353	4	0	363
4963	6	0	350	3	0	359
4964	344	0	11	2	0	357
4965	9	348	3	2	0	362
4966	5	6	1	350	0	362
4967	352	3	5	6	0	366
4968	7	1	3	351	0	362
4969	7	2	1	356	0	366
4970	353	3	3	10	0	369
4971	359	2	0	5	0	366
4972	11	1	347	4	0	363
4973	4	1	362	3	0	370
4974	5	1	6	355	0	367
4975	2	1	362	9	0	374
4976	7	0	6	370	0	383
4977	2	2	6	362	0	372
4978	3	1	0	374	0	378
4979	367	1	2	8	0	378
4980	5	368	1	7	0	381
4981	373	7	0	5	0	385
4982	366	4	2	6	0	378
4983	9	361	0	8	0	378
4984	365	6	0	4	0	375
4985	7	4	358	1	0	370
4986	6	1	4	358	0	369
4987	354	3	3	5	0	365
4988	7	2	343	4	0	356
4989	340	1	2	3	0	346
4990	4	357	3	2	0	366
4991	415	4	0	3	0	422
4992	413	2	2	3	0	420
4993	12	429	0	4	0	445
4994	436	9	2	1	0	448
4995	15	3	0	439	0	457
4996	4	3	2	447	0	456
4997	452	1	1	12	0	466
4998	445	2	0	5	0	452
4999	12	442	1	4	0	459
5000	5	442	0	3	0	450
5001	3	10	2	404	0	419
5002	3	411	1	5	0	420
5003	3	420	2	2	0	427
5004	395	10	1	2	0	408
5005	7	408	0	2	0	417
5006	385	9	0	0	0	394
5007	7	405	0	2	0	414
5008	4	7	403	2	0	416
5009	3	418	5	1	0	427
5010	403	10	1	2	0	416
5011	402	2	3	1	0	408
5012	7	2	397	1	0	407
5013	3	1	5	381	0	390
5014	4	0	3	399	0	406
5015	1	0	396	9	0	406
5016	0	0	7	398	0	405
5017	0	0	403	11	0	414
5018	1	1	406	2	0	410
5019	405	0	7	3	0	415
5020	6	409	3	1	0	419
5021	403	6	3	0	0	412
5022	8	1	2	405	0	416
5023	4	2	415	5	0	426
5024	4	2	5	407	0	418
5025	3	414	2	5	0	424
5026	430	5	2	4	0	441
5027	434	1	1	3	0	439
5028	7	2	0	429	0	438
5029	3	1	426	5	0	435
5030	408	0	6	1	0	415
5031	7	413	1	1	0	422
5032	414	6	2	1	0	423
5033	7	1	1	415	0	424
5034	416	3	0	6	0	425
5035	8	1	0	416	0	425
5036	2	0	414	10	0	426
5037	2	0	402	3	0	407
5038	404	0	7	4	0	415
5039	7	430	3	1	0	441
5040	425	6	2	0	0	433
5041	428	1	0	0	0	429
5042	6	427	0	1	0	434
5043	420	5	0	0	0	425
5044	7	1	442	0	0	450
5045	1	2	4	449	0	456
5046	2	0	1	457	0	460
5047	0	0	2	456	0	458
5048	0	0	446	9	0	455
5049	0	0	449	3	0	452
5050	0	0	7	448	0	455
5051	0	447	3	4	0	454
5052	0	466	2	1	0	469
5053	463	7	0	3	0	473
5054	469	3	0	1	0	473
5055	4	472	0	1	0	477
5056	3	6	0	481	0	490
5057	2	1	0	487	0	490
5058	489	2	0	7	0	498
5059	7	0	1	491	0	499
5060	1	1	1	499	0	502
5061	3	0	0	499	0	502
5062	0	1	472	10	0	483
5063	0	1	451	4	0	456
5064	466	0	6	3	0	475
5065	7	0	3	491	0	501
5066	2	2	491	7	0	502
5067	2	2	484	2	0	490
5068	490	0	7	4	0	501
5069	7	1	549	0	0	557
5070	1	548	9	1	0	559
5071	3	7	1	601	0	612
5072	0	2	591	9	0	602
5073	582	2	9	2	0	595
5074	8	1	2	612	0	623
5075	2	0	616	8	0	626
5076	3	1	8	616	0	628
5077	1	0	2	634	0	637
5078	628	0	4	10	0	642
5079	9	639	1	4	0	653
5080	1	7	1	641	0	650
5081	642	2	0	10	0	654
5082	648	3	1	3	0	655
5083	647	0	1	4	0	652
5084	664	0	1	0	0	665
5085	12	0	1	649	0	662
5086	638	0	1	9	0	648
5087	650	1	0	2	0	653
5088	633	0	0	4	0	637
5089	645	0	0	2	0	647
5090	12	610	1	0	0	623
5091	2	554	2	1	0	559
5092	2	6	0	558	0	566
5093	1	549	0	2	0	552
5094	553	4	0	0	0	557
5095	6	0	0	556	0	562
5096	551	1	0	4	0	556
5097	558	0	0	1	0	559
5098	4	0	0	574	0	578
5099	1	0	0	578	0	579
5100	2	575	0	3	0	580
5101	573	4	0	2	0	579
5102	3	569	0	1	0	573
5103	570	3	0	2	0	575
5104	3	1	0	581	0	585
5105	0	0	572	3	0	575
5106	567	0	3	1	0	571
5107	544	0	0	1	0	545
5108	4	0	536	0	0	540
5109	1	1	528	2	0	532
5110	2	0	4	526	0	532
5111	578	1	1	3	0	583
5112	614	0	1	1	0	616
5113	627	1	0	1	0	629
5114	622	0	0	1	0	623
5115	5	621	1	3	0	630
5116	631	4	2	0	0	637
5117	7	1	0	624	0	632
5118	1	1	1	625	0	628
5119	2	0	2	635	0	639
5120	1	0	1	643	0	645
5121	635	0	0	8	0	643
5122	7	1	0	655	0	663
5123	1	1	654	7	0	663
5124	5	2	3	668	0	678
5125	3	0	0	667	0	670
5126	3	3	1	660	0	667
5127	4	0	0	657	0	661
5128	648	1	0	8	0	657
5129	5	645	1	3	0	654
5130	2	652	0	5	0	659
5131	4	6	2	646	0	658
5132	644	1	0	6	0	651
5133	652	2	0	4	0	658
5134	7	1	2	651	0	661
5135	2	1	642	8	0	653
5136	639	1	3	6	0	649
5137	9	1	0	669	0	679
5138	3	2	665	7	0	677
5139	639	0	5	2	0	646
5140	8	652	0	2	0	662
5141	733	6	1	3	0	743
5142	17	749	0	3	0	769
5143	8	13	0	746	0	767
5144	6	763	0	14	0	783
5145	5	16	0	789	0	810
5146	771	5	1	18	0	795
5147	15	771	1	4	0	791
5148	4	13	772	6	0	795
5149	5	6	14	775	0	800
5150	3	2	770	13	0	788
5151	6	0	18	766	0	790
5152	3	1	5	786	0	795
5153	3	1	762	19	0	785
5154	728	1	14	9	0	752
5155	18	0	753	5	0	776
5156	6	1	752	2	0	761
5157	4	754	13	3	0	774
5158	1	15	5	760	0	781
5159	6	5	3	766	0	780
5160	5	3	0	766	0	774
5161	0	1	0	780	0	781
5162	3	0	752	21	0	776
5163	736	0	13	11	0	760
5164	15	1	760	7	0	783
5165	7	0	18	742	0	767
5166	741	1	4	19	0	765
5167	16	739	5	7	0	767
5168	5	19	1	720	0	745
5169	692	6	0	14	0	712
5170	14	675	1	7	0	697
5171	5	657	0	4	0	666
5172	649	15	1	1	0	666
5173	12	647	1	4	0	664
5174	641	14	1	2	0	658
5175	17	647	3	0	0	667
5176	659	14	0	3	0	676
5177	670	3	3	2	0	678
5178	17	660	1	1	0	679
5179	7	15	0	648	0	670
5180	6	3	634	12	0	655
5181	630	6	12	4	0	652
5182	12	1	1	635	0	649
5183	3	616	3	14	0	636
5184	4	631	1	6	0	642
5185	4	14	0	633	0	651
5186	625	6	1	16	0	648
5187	13	2	628	5	0	648
5188	5	0	13	642	0	660
5189	4	1	7	646	0	658
5190	0	1	4	658	0	663
5191	5	0	0	645	0	650
5192	0	632	3	20	0	655
5193	2	13	0	636	0	651
5194	3	4	615	15	0	637
5195	0	5	605	6	0	616
5196	2	4	610	3	0	619
5197	0	2	16	597	0	615
5198	574	1	7	15	0	597
5199	13	1	568	9	0	591
5200	4	1	584	7	0	596
5201	4	0	17	571	0	592
5202	570	0	8	14	0	592
5203	14	565	8	5	0	592
5204	568	12	1	8	0	589
5205	20	3	2	563	0	588
5206	4	7	581	13	0	605
5207	6	1	13	575	0	595
5208	4	577	3	17	0	601
5209	591	16	4	5	0	616
5210	13	9	587	4	0	613
5211	6	574	12	5	0	597
5212	548	15	5	3	0	571
5213	16	6	3	547	0	572
5214	5	7	2	560	0	574
5215	562	1	0	23	0	586
5216	571	0	4	7	0	582
5217	587	4	1	6	0	598
5218	26	0	3	562	0	591
5219	8	551	2	20	0	581
5220	564	13	1	5	0	583
5221	17	559	2	5	0	583
5222	536	20	1	1	0	558
5223	19	516	2	1	0	538
5224	6	18	0	524	0	548
5225	529	6	1	18	0	554
5226	544	3	2	5	0	554
5227	552	1	0	4	0	557
5228	552	1	1	1	0	555
5229	554	0	0	5	0	559
5230	24	1	531	2	0	558
5231	12	1	15	526	0	554
5232	3	1	535	17	0	556
5233	3	2	529	5	0	539
5234	523	0	19	4	0	546
5235	529	1	9	2	0	541
5236	530	0	3	2	0	535
5237	24	1	0	496	0	521
5238	499	0	1	17	0	517
5239	20	488	1	7	0	516
5240	5	512	2	5	0	524
5241	4	444	0	0	0	448
5242	420	15	0	1	0	436
5243	11	430	0	1	0	442
5244	403	7	1	2	0	413
5245	396	3	1	2	0	402
5246	10	1	390	3	0	404
5247	4	2	8	383	0	397
5248	4	0	2	412	0	418
5249	405	1	2	11	0	419
5250	418	2	1	3	0	424
5251	11	2	1	408	0	422
5252	6	1	408	10	0	425
5253	5	1	413	3	0	422
5254	2	0	12	414	0	428
5255	4	0	2	423	0	429
5256	4	0	2	424	0	430
5257	410	0	2	13	0	425
5258	416	1	0	5	0	422
5259	14	397	0	5	0	416
5260	4	12	2	403	0	421
5261	6	2	1	407	0	416
5262	1	410	2	12	0	425
5263	1	10	3	411	0	425
5264	410	3	0	13	0	426
5265	13	2	0	412	0	427
5266	7	1	1	418	0	427
5267	403	1	1	14	0	419
5268	409	1	0	6	0	416
5269	417	1	1	4	0	423
5270	16	3	0	400	0	419
5271	5	2	390	13	0	410
5272	6	0	387	4	0	397
5273	3	1	394	3	0	401
5274	2	377	15	3	0	397
5275	368	11	7	0	0	386
5276	14	2	349	1	0	366
5277	343	0	12	1	0	356
5278	11	2	2	351	0	366
5279	333	3	1	11	0	348
5280	363	2	2	2	0	369
5281	13	368	1	1	0	383
5282	371	14	1	1	0	387
5283	378	3	1	0	0	382
5284	15	370	1	2	0	388
5285	5	12	1	375	0	393
5286	2	2	374	14	0	392
5287	2	0	12	369	0	383
5288	4	1	2	381	0	388
5289	374	3	0	13	0	390
5290	13	1	2	376	0	392
5291	4	375	1	11	0	391
5292	2	13	1	370	0	386
5293	1	3	2	384	0	390
5294	3	0	377	15	0	395
5295	2	364	11	6	0	383
5296	2	381	3	4	0	390
5297	370	13	0	4	0	387
5298	12	378	1	2	0	393
5299	4	13	0	372	0	389
5300	1	4	377	14	0	396
5301	0	385	12	5	0	402
5302	383	12	5	1	0	401
5303	11	5	2	380	0	398
5304	2	2	1	392	0	397
5305	3	0	379	14	0	396
5306	1	1	12	365	0	379
5307	1	0	2	376	0	379
5308	365	0	1	16	0	382
5309	359	2	1	2	0	364
5310	17	346	0	4	0	367
5311	317	11	0	2	0	330
5312	13	319	0	1	0	333
5313	2	8	2	305	0	317
5314	1	304	0	10	0	315
5315	1	308	0	4	0	313
5316	294	9	2	2	0	307
5317	296	0	1	1	0	298
5318	7	287	0	1	0	295
5319	287	7	1	0	0	295
5320	291	1	1	1	0	294
5321	298	0	1	2	0	301
5322	6	2	1	299	0	308
5323	292	1	1	7	0	301
5324	9	1	280	0	0	290
5325	276	0	6	1	0	283
5326	6	2	284	1	0	293
5327	3	0	6	293	0	302
5328	1	0	1	302	0	304
5329	2	1	295	6	0	304
5330	292	0	7	3	0	302
5331	305	1	0	1	0	307
5332	7	0	309	2	0	318
5333	2	0	7	308	0	317
5334	2	1	1	310	0	314
5335	2	0	0	320	0	322
5336	312	0	2	7	0	321
5337	313	0	1	3	0	317
5338	7	0	1	298	0	306
5339	1	289	1	6	0	297
5340	1	280	2	0	0	283
5341	276	7	0	1	0	284
5342	7	275	0	2	0	284
5343	0	268	0	2	0	270
5344	2	6	0	242	0	250
5345	0	0	242	5	0	247
5346	0	234	5	0	0	239
5347	1	6	0	228	0	235
5348	0	224	0	4	0	228
5349	0	4	0	225	0	229
5350	227	0	0	4	0	231
5351	4	230	0	0	0	234
5352	228	4	0	0	0	232
5353	232	0	0	0	0	232
5354	4	1	226	0	0	231
5355	220	0	4	0	0	224
5356	4	0	0	227	0	231
5357	0	0	226	3	0	229
5358	0	230	3	0	0	233
5359	0	2	0	233	0	235
5360	0	0	0	234	0	234
5361	231	0	0	3	0	234
5362	3	0	0	231	0	234
5363	0	0	0	231	0	231
5364	231	0	0	3	0	234
5365	3	226	0	0	0	229
5366	227	3	0	0	0	230
5367	3	0	223	0	0	226
5368	218	0	1	0	0	219
5369	1	0	230	0	0	231
5370	0	234	1	0	0	235
5371	237	1	0	1	0	239
5372	233	0	0	0	0	233
5373	1	0	234	0	0	235
5374	0	0	240	0	0	240
5375	0	0	244	0	0	244
5376	0	256	1	0	0	257
5377	2	1	0	253	0	256
5378	0	0	280	1	0	281
5379	0	0	269	0	0	269
5380	0	0	2	274	0	276
5381	0	0	276	1	0	277
5382	275	0	1	1	0	277
5383	324	0	1	0	0	325
5384	3	0	317	0	0	320
5385	2	318	2	0	0	322
5386	0	1	2	323	0	326
5387	1	2	326	2	0	331
5388	0	321	4	2	0	327
5389	0	3	1	333	0	337
5390	333	2	1	3	0	339
5391	332	0	1	3	0	336
5392	5	340	1	0	0	346
5393	2	2	2	349	0	355
5394	2	2	0	347	0	351
5395	1	0	1	346	0	348
5396	1	1	1	345	0	348
5397	1	1	343	5	0	350
5398	0	0	3	347	0	350
5399	1	1	344	2	0	348
5400	1	331	1	5	0	338
5401	336	2	3	0	0	341
5402	1	351	1	2	0	355
5403	2	1	1	354	0	358
5404	1	3	0	353	0	357
5405	348	0	0	4	0	352
5406	1	2	1	353	0	357
5407	2	348	0	4	0	354
5408	0	0	0	356	0	356
5409	1	2	0	350	0	353
5410	350	0	0	5	0	355
5411	2	2	342	2	0	348
5412	2	333	1	3	0	339
5413	0	338	3	2	0	343
5414	2	2	0	343	0	347
5415	335	1	1	2	0	339
5416	1	343	0	2	0	346
5417	2	2	0	343	0	347
5418	0	2	340	4	0	346
5419	3	0	2	340	0	345
5420	338	0	3	2	0	343
5421	337	1	0	5	0	343
5422	3	1	1	334	0	339
5423	338	0	0	5	0	343
5424	335	0	0	5	0	340
5425	4	1	329	0	0	334
5426	318	1	1	2	0	322
5427	2	325	3	0	0	330
5428	326	1	0	2	0	329
5429	2	2	320	0	0	324
5430	4	1	1	324	0	330
5431	327	0	2	3	0	332
5432	3	0	307	2	0	312
5433	3	0	307	1	0	311
5434	1	0	4	313	0	318
5435	3	1	311	1	0	316
5436	312	1	1	4	0	318
5437	3	0	328	0	0	331
5438	3	0	1	334	0	338
5439	0	0	4	336	0	340
5440	361	0	0	3	0	364
5441	1	1	351	2	0	355
5442	3	0	381	1	0	385
5443	0	0	4	416	0	420
5444	2	0	419	3	0	424
5445	412	0	3	2	0	417
5446	2	0	4	408	0	414
5447	2	0	408	4	0	414
5448	0	0	3	417	0	420
5449	2	0	4	417	0	423
5450	419	0	1	6	0	426
5451	2	0	420	2	0	424
5452	411	0	2	4	0	417
5453	2	0	428	3	0	433
5454	414	0	3	0	0	417
5455	420	0	4	4	0	428
5456	427	0	2	2	0	431
5457	4	409	1	2	0	416
5458	418	2	2	1	0	423
5459	420	1	0	0	0	421
5460	5	0	2	417	0	424
5461	3	0	422	2	0	427
5462	410	0	3	3	0	416
5463	5	0	426	1	0	432
5464	4	1	2	428	0	435
5465	3	0	4	430	0	437
5466	440	1	0	4	0	445
5467	2	438	2	3	0	445
5468	4	2	1	434	0	441
5469	1	2	0	441	0	444
5470	1	3	437	3	0	444
5471	1	1	2	431	0	435
5472	1	1	1	440	0	443
5473	1	0	1	430	0	432
5474	1	421	2	5	0	429
5475	416	2	1	5	0	424
5476	421	3	1	3	0	428
5477	4	417	1	3	0	425
5478	384	2	0	2	0	388
5479	4	1	0	397	0	402
5480	2	0	411	4	0	417
5481	1	402	2	2	0	407
5482	2	417	1	1	0	421
5483	411	5	1	0	0	417
5484	439	1	2	1	0	443
5485	10	0	1	441	0	452
5486	0	1	1	450	0	452
5487	3	0	2	446	0	451
5488	433	0	1	7	0	441
5489	9	1	421	3	0	434
5490	432	0	10	2	0	444
5491	11	0	0	432	0	443
5492	1	0	2	423	0	426
5493	2	420	2	9	0	433
5494	1	8	2	426	0	437
5495	4	0	2	431	0	437
5496	3	1	429	7	0	440
5497	2	436	7	4	0	449
5498	440	8	1	1	0	450
5499	434	0	1	4	0	439
5500	441	2	0	6	0	449
5501	449	1	1	3	0	454
5502	8	1	427	3	0	439
5503	425	1	9	2	0	437
5504	9	1	427	0	0	437
5505	5	1	6	423	0	435
5506	5	430	1	7	0	443
5507	4	8	1	429	0	442
5508	3	2	0	441	0	446
5509	4	0	439	8	0	451
5510	434	0	10	1	0	445
5511	443	2	1	4	0	450
5512	8	427	1	3	0	439
5513	3	9	436	2	0	450
5514	0	1	8	439	0	448
5515	1	0	434	11	0	446
5516	1	0	433	5	0	439
5517	4	1	8	430	0	443
5518	3	1	435	8	0	447
5519	3	1	7	438	0	449
5520	0	3	446	10	0	459
5521	1	1	10	440	0	452
5522	442	1	1	12	0	456
5523	450	0	3	4	0	457
5524	449	1	1	6	0	457
5525	440	2	3	2	0	447
5526	10	436	1	5	0	452
5527	5	8	2	444	0	459
5528	3	2	1	449	0	455
5529	5	0	444	11	0	460
5530	5	0	7	435	0	447
5531	2	2	435	8	0	447
5532	2	0	429	2	0	433
5533	427	2	6	4	0	439
5534	11	442	2	4	0	459
5535	444	8	0	6	0	458
5536	448	0	1	5	0	454
5537	9	434	1	5	0	449
5538	436	8	2	7	0	453
5539	13	1	434	0	0	448
5540	3	423	12	1	0	439
5541	425	8	0	2	0	435
5542	11	3	392	0	0	406
5543	365	0	7	5	0	377
5544	8	385	1	1	0	395
5545	388	9	1	3	0	401
5546	397	1	0	3	0	401
5547	8	385	4	1	0	398
5548	3	387	0	1	0	391
5549	3	395	0	0	0	398
5550	4	8	2	394	0	408
5551	6	0	2	407	0	415
5552	403	3	0	10	0	416
5553	397	1	3	2	0	403
5554	9	1	397	1	0	408
5555	0	3	385	3	0	391
5556	0	1	404	4	0	409
5557	1	2	8	410	0	421
5558	1	1	409	9	0	420
5559	2	0	9	413	0	424
5560	414	0	2	8	0	424
5561	12	1	419	0	0	432
5562	409	0	9	0	0	418
5563	409	1	3	2	0	415
5564	9	1	419	1	0	430
5565	1	413	8	3	0	425
5566	2	7	3	420	0	432
5567	1	1	420	9	0	431
5568	3	0	7	415	0	425
5569	1	0	4	459	0	464
5570	444	1	2	11	0	458
5571	11	0	1	452	0	464
5572	2	1	452	9	0	464
5573	3	2	8	452	0	465
5574	453	0	1	14	0	468
5575	11	455	1	2	0	469
5576	456	9	1	4	0	470
5577	8	2	6	452	0	468
5578	4	1	447	12	0	464
5579	1	0	436	5	0	442
5580	3	0	432	1	0	436
5581	2	412	10	1	0	425
5582	409	5	2	2	0	418
5583	6	377	0	1	0	384
5584	342	3	0	1	0	346
5585	2	337	0	0	0	339
5586	2	3	0	340	0	345
5587	2	1	0	342	0	345
5588	0	0	0	342	0	342
5589	0	343	0	4	0	347
5590	0	2	0	360	0	362
5591	1	3	0	423	0	427
5592	440	0	0	6	0	446
5593	8	0	0	466	0	474
5594	3	0	489	7	0	499
5595	481	0	7	1	0	489
5596	504	0	2	3	0	509
5597	10	492	1	0	0	503
5598	491	9	0	1	0	501
5599	503	3	0	0	0	506
5600	13	1	0	498	0	512
5601	5	0	0	510	0	515
5602	1	0	1	516	0	518
5603	508	0	0	10	0	518
5604	503	0	0	5	0	508
5605	12	0	497	1	0	510
5606	494	0	8	1	0	503
5607	506	0	3	2	0	511
5608	505	0	1	1	0	507
5609	14	0	482	1	0	497
5610	7	0	489	1	0	497
5611	3	0	12	492	0	507
5612	3	0	496	12	0	511
5613	2	0	12	485	0	499
5614	1	0	4	479	0	484
5615	4	492	2	10	0	508
5616	495	10	2	4	0	511
5617	11	3	500	3	0	517
5618	506	2	8	1	0	517
5619	13	0	4	506	0	523
5620	500	1	3	9	0	513
5621	11	484	1	5	0	501
5622	4	508	1	3	0	516
5623	4	13	2	507	0	526
5624	2	6	0	516	0	524
5625	3	2	503	13	0	521
5626	2	3	9	500	0	514
5627	494	0	3	14	0	511
5628	9	491	4	4	0	508
5629	5	9	493	4	0	511
5630	2	3	12	495	0	512
5631	2	2	489	11	0	504
5632	3	2	11	496	0	512
5633	1	3	496	11	0	511
5634	3	0	482	8	0	493
5635	3	1	14	477	0	495
5636	479	2	6	12	0	499
5637	481	0	3	6	0	490
5638	477	2	2	2	0	483
5639	16	473	0	1	0	490
5640	475	9	2	3	0	489
5641	478	4	0	5	0	487
5642	17	2	454	2	0	475
5643	6	455	8	4	0	473
5644	4	10	6	443	0	463
5645	437	3	3	12	0	455
5646	10	427	1	9	0	447
5647	444	11	1	4	0	460
5648	454	3	3	2	0	462
5649	449	2	1	2	0	454
5650	445	2	1	2	0	450
5651	14	1	3	425	0	443
5652	425	0	3	11	0	439
5653	11	0	4	424	0	439
5654	4	409	2	13	0	428
5655	2	6	4	416	0	428
5656	412	3	2	11	0	428
5657	13	2	402	5	0	422
5658	7	1	7	404	0	419
5659	414	0	4	7	0	425
5660	10	407	3	5	0	425
5661	407	10	0	2	0	419
5662	414	5	1	3	0	423
5663	14	405	1	3	0	423
5664	400	9	1	6	0	416
5665	9	7	388	4	0	408
5666	6	2	378	2	0	388
5667	377	2	11	2	0	392
5668	12	1	378	0	0	391
5669	6	1	9	344	0	360
5670	5	346	4	8	0	363
5671	347	8	2	3	0	360
5672	11	339	2	4	0	356
5673	5	329	3	1	0	338
5674	3	10	0	359	0	372
5675	3	5	1	355	0	364
5676	3	2	1	356	0	362
5677	1	2	1	359	0	363
5678	3	3	343	10	0	359
5679	4	0	9	344	0	357
5680	3	0	3	349	0	355
5681	339	2	3	11	0	355
5682	8	2	0	336	0	346
5683	4	3	330	8	0	345
5684	331	3	6	3	0	343
5685	8	4	2	329	0	343
5686	5	2	344	8	0	359
5687	4	0	7	345	0	356
5688	2	343	6	9	0	360
5689	348	6	4	3	0	361
5690	8	1	336	6	0	351
5691	1	267	6	1	0	275
5692	252	2	1	2	0	257
5693	1	211	0	3	0	215
5694	3	200	0	0	0	203
5695	198	1	3	1	0	203
5696	0	187	1	2	0	190
5697	2	184	0	1	0	187
5698	0	2	0	184	0	186
5699	0	1	184	1	0	186
5700	1	184	1	1	0	187
5701	0	2	0	185	0	187
5702	1	184	0	1	0	186
5703	184	0	1	1	0	186
5704	0	1	183	1	0	185
5705	1	1	1	179	0	182
5706	188	1	0	1	0	190
5707	0	2	0	191	0	193
5708	2	0	186	0	0	188
5709	183	1	1	1	0	186
5710	191	2	0	1	0	194
5711	2	201	0	2	0	205
5712	0	0	1	200	0	201
5713	1	1	1	203	0	206
5714	206	0	0	1	0	207
5715	197	2	0	0	0	199
5716	1	2	203	0	0	206
5717	1	198	1	1	0	201
5718	204	0	0	2	0	206
5719	4	0	0	201	0	205
5720	1	0	207	1	0	209
5721	0	0	203	0	0	203
5722	1	3	0	200	0	204
5723	202	0	0	0	0	202
5724	0	199	0	2	0	201
5725	217	0	2	1	0	220
5726	0	0	2	218	0	220
5727	1	0	0	220	0	221
5728	3	0	0	219	0	222
5729	221	2	1	1	0	225
5730	2	223	0	0	0	225
5731	1	0	0	240	0	241
5732	0	0	0	235	0	235
5733	0	0	229	2	0	231
5734	1	0	1	227	0	229
5735	0	2	233	1	0	236
5736	1	229	0	2	0	232
5737	0	1	0	234	0	235
5738	229	0	2	0	0	231
5739	0	0	224	3	0	227
5740	0	0	2	235	0	237
5741	0	3	229	1	0	233
5742	227	0	0	2	0	229
5743	2	1	242	0	0	245
5744	0	0	2	237	0	239
5745	242	0	0	3	0	245
5746	1	221	3	0	0	225
5747	240	0	0	1	0	241
5748	0	217	3	0	0	220
5749	0	1	0	246	0	247
5750	2	0	232	1	0	235
5751	1	2	218	1	0	222
5752	2	0	1	244	0	247
5753	253	2	0	1	0	256
5754	242	0	1	2	0	245
5755	1	0	2	244	0	247
5756	0	0	3	249	0	252
5757	248	0	0	3	0	251
5758	2	248	0	0	0	250
5759	1	255	0	0	0	256
5760	260	1	0	2	0	263
5761	1	1	252	2	0	256
5762	2	0	1	252	0	255
5763	0	3	253	1	0	257
5764	0	2	2	256	0	260
5765	2	0	260	2	0	264
5766	0	0	255	0	0	255
5767	0	0	1	262	0	263
5768	0	249	1	1	0	251
5769	262	1	0	1	0	264
5770	1	249	1	0	0	251
5771	0	1	1	262	0	264
5772	259	0	0	3	0	262
5773	1	1	0	262	0	264
5774	267	0	0	2	0	269
5775	268	1	0	1	0	270
5776	266	0	0	1	0	267
5777	2	261	0	0	0	263
5778	274	1	0	1	0	276
5779	2	0	0	279	0	281
5780	293	0	0	2	0	295
5781	3	0	0	302	0	305
5782	306	1	0	2	0	309
5783	317	0	0	0	0	317
5784	2	314	0	1	0	317
5785	1	2	0	357	0	360
5786	0	0	0	344	0	344
5787	1	376	0	5	0	382
5788	1	5	0	375	0	381
5789	375	2	0	4	0	381
5790	393	0	0	2	0	395
5791	382	0	0	1	0	383
5792	5	1	417	0	0	423
5793	447	0	5	2	0	454
5794	462	0	1	0	0	463
5795	468	0	0	0	0	468
5796	8	455	0	0	0	463
5797	1	6	1	464	0	472
5798	2	1	0	473	0	476
5799	0	0	0	465	0	465
5800	1	0	447	7	0	455
5801	1	1	6	446	0	454
5802	452	0	1	8	0	461
5803	6	0	0	458	0	464
5804	2	0	0	470	0	472
5805	0	0	467	8	0	475
5806	1	457	7	4	0	469
5807	486	6	0	0	0	492
5808	7	2	0	484	0	493
5809	484	0	0	8	0	492
5810	7	0	478	1	0	486
5811	452	1	7	0	0	460
5812	7	486	1	1	0	495
5813	1	6	478	1	0	486
5814	1	0	496	0	0	497
5815	0	0	6	485	0	491
5816	0	0	506	7	0	513
5817	0	508	7	1	0	516
5818	0	9	1	500	0	510
5819	0	1	1	507	0	509
5820	1	0	0	510	0	511
5821	502	0	0	8	0	510
5822	6	503	0	2	0	511
5823	1	7	0	512	0	520
5824	1	1	0	520	0	522
5825	498	0	0	9	0	507
5826	8	503	0	2	0	513
5827	522	7	0	0	0	529
5828	519	1	1	1	0	522
5829	530	0	0	0	0	530
5830	8	0	514	0	0	522
5831	2	0	5	509	0	516
5832	0	512	1	7	0	520
5833	0	535	0	1	0	536
5834	0	7	0	525	0	532
5835	1	534	1	6	0	542
5836	562	7	0	1	0	570
5837	8	1	555	0	0	564
5838	554	1	7	0	0	562
5839	573	0	1	2	0	576
5840	8	0	0	570	0	578
5841	568	1	0	9	0	578
5842	8	608	0	2	0	618
5843	617	8	0	3	0	628
5844	625	2	1	1	0	629
5845	679	0	0	1	0	680
5846	10	1	677	1	0	689
5847	3	0	695	1	0	699
5848	3	0	9	693	0	705
5849	3	674	3	7	0	687
5850	3	700	0	2	0	705
5851	1	8	1	690	0	700
5852	696	1	1	10	0	708
5853	8	1	1	698	0	708
5854	3	0	1	711	0	715
5855	703	2	0	12	0	717
5856	12	706	1	3	0	722
5857	4	6	710	2	0	722
5858	0	1	694	4	0	699
5859	709	1	8	0	0	718
5860	8	1	1	705	0	715
5861	3	1	712	7	0	723
5862	0	1	7	712	0	720
5863	2	1	2	717	0	722
5864	2	1	2	724	0	729
5865	2	1	1	717	0	721
5866	3	709	1	9	0	722
5867	0	6	0	723	0	729
5868	719	1	1	8	0	729
5869	7	716	1	3	0	727
5870	730	7	1	5	0	743
5871	731	3	2	2	0	738
5872	749	1	0	2	0	752
5873	9	1	734	1	0	745
5874	732	1	7	4	0	744
5875	753	1	1	2	0	757
5876	747	4	1	1	0	753
5877	750	1	1	4	0	756
5878	7	754	0	4	0	765
5879	748	8	1	2	0	759
5880	6	3	740	2	0	751
5881	4	0	6	736	0	746
5882	3	1	2	741	0	747
5883	742	0	0	10	0	752
5884	9	725	2	2	0	738
5885	701	6	1	3	0	711
5886	8	696	1	2	0	707
5887	674	2	2	3	0	681
5888	679	0	1	0	0	680
5889	4	761	1	2	0	768
5890	755	3	1	1	0	760
5891	790	0	0	2	0	792
5892	7	729	1	1	0	738
5893	1	751	1	0	0	753
5894	789	6	4	2	0	801
5895	11	1	0	815	0	827
5896	822	1	2	9	0	834
5897	841	0	1	4	0	846
5898	856	1	0	1	0	858
5899	859	2	0	0	0	861
5900	7	844	3	1	0	855
5901	4	853	1	1	0	859
5902	858	9	0	0	0	867
5903	9	2	854	4	0	869
5904	5	0	7	839	0	851
5905	1	2	3	855	0	861
5906	842	0	0	9	0	851
5907	8	824	2	3	0	837
5908	3	7	2	831	0	843
5909	1	4	0	843	0	848
5910	838	0	0	12	0	850
5911	7	1	2	840	0	850
5912	836	1	0	8	0	845
5913	838	1	0	5	0	844
5914	846	0	0	2	0	848
5915	11	1	0	834	0	846
5916	3	2	0	838	0	843
5917	2	0	912	11	0	925
5918	6	0	899	3	0	908
5919	912	2	14	4	0	932
5920	12	0	8	932	0	952
5921	10	0	996	11	0	1017
5922	6	0	990	7	0	1003
5923	2	0	19	998	0	1019
5924	3	2	998	12	0	1015
5925	3	0	15	999	0	1017
5926	3	2	9	986	0	1000
5927	4	0	986	18	0	1008
5928	2	2	10	997	0	1011
5929	2	1	9	966	0	978
5930	1	1	5	1003	0	1010
5931	2	0	981	27	0	1010
5932	0	0	13	1010	0	1023
5933	1006	1	7	17	0	1031
5934	15	1011	2	10	0	1038
5935	1002	13	2	7	0	1024
5936	17	8	983	2	0	1010
5937	997	3	12	3	0	1015
5938	999	1	4	5	0	1009
5939	1013	2	6	0	0	1021
5940	24	2	3	986	0	1015
5941	15	1	2	997	0	1015
5942	5	3	930	22	0	960
5943	908	0	14	14	0	936
5944	17	899	11	4	0	931
5945	13	857	4	4	0	878
5946	10	877	2	3	0	892
5947	7	20	1	850	0	878
5948	836	10	0	18	0	864
5949	844	4	3	12	0	863
5950	24	2	832	5	0	863
5951	16	2	15	828	0	861
5952	5	5	7	837	0	854
5953	2	2	826	23	0	853
5954	5	2	804	12	0	823
5955	812	2	21	8	0	843
5956	16	814	8	5	0	843
5957	842	10	3	5	0	860
5958	836	8	6	6	0	856
5959	22	3	3	834	0	862
5960	14	0	3	842	0	859
5961	826	1	4	23	0	854
5962	19	1	3	824	0	847
5963	12	0	1	827	0	840
5964	812	5	2	24	0	843
5965	19	0	3	820	0	842
5966	824	2	4	18	0	848
5967	825	1	2	13	0	841
5968	19	0	809	11	0	839
5969	818	1	16	5	0	840
5970	817	1	11	8	0	837
5971	813	1	6	9	0	829
5972	27	1	712	3	0	743
5973	786	0	11	9	0	806
5974	20	769	6	4	0	799
5975	790	11	7	4	0	812
5976	794	7	6	6	0	813
5977	23	3	2	785	0	813
5978	13	2	2	785	0	802
5979	9	776	5	22	0	812
5980	4	11	3	779	0	797
5981	9	7	2	787	0	805
5982	773	8	3	26	0	810
5983	20	1	0	779	0	800
5984	13	2	4	780	0	799
5985	12	1	3	779	0	795
5986	6	757	4	27	0	794
5987	748	13	2	11	0	774
5988	16	748	1	9	0	774
5989	666	13	1	8	0	688
5990	21	7	653	1	0	682
5991	623	2	11	6	0	642
5992	13	7	621	7	0	648
5993	13	591	12	5	0	621
5994	545	11	19	4	0	579
5995	530	5	3	8	0	546
5996	14	513	2	3	0	532
5997	12	512	1	3	0	528
5998	496	10	5	6	0	517
5999	505	6	2	7	0	520
6000	16	3	4	501	0	524
6001	7	2	3	508	0	520
6002	8	0	490	17	0	515
6003	487	2	7	12	0	508
6004	9	6	7	490	0	512
6005	8	484	5	10	0	507
6006	9	10	1	494	0	514
6007	8	6	1	496	0	511
6008	4	3	485	17	0	509
6009	7	1	7	493	0	508
6010	474	3	7	15	0	499
6011	12	471	3	7	0	493
6012	10	469	2	3	0	484
6013	472	13	1	4	0	490
6014	475	10	2	5	0	492
6015	476	5	0	5	0	486
6016	14	447	4	5	0	470
6017	5	383	0	3	0	391
6018	419	5	2	2	0	428
6019	422	2	2	4	0	430
6020	9	402	3	2	0	416
6021	2	334	0	0	0	336
6022	332	5	0	1	0	338
6023	5	3	0	326	0	334
6024	328	1	1	5	0	335
6025	4	2	0	328	0	334
6026	1	338	1	3	0	343
6027	2	332	0	1	0	335
6028	335	4	1	2	0	342
6029	354	2	0	0	0	356
6030	365	1	0	1	0	367
6031	5	357	0	1	0	363
6032	1	5	321	0	0	327
6033	1	320	2	1	0	324
6034	314	2	0	1	0	317
6035	304	0	0	1	0	305
6036	2	2	302	0	0	306
6037	1	300	3	0	0	304
6038	0	5	0	300	0	305
6039	2	0	0	288	0	290
6040	0	275	1	3	0	279
6041	0	3	291	0	0	294
6042	294	1	4	0	0	299
6043	4	1	0	293	0	298
6044	292	0	0	3	0	295
6045	297	1	0	1	0	299
6046	3	1	1	306	0	311
6047	1	1	0	322	0	324
6048	3	0	0	331	0	334
6049	1	1	0	331	0	333
6050	327	0	1	6	0	334
6051	327	1	0	3	0	331
6052	6	0	329	2	0	337
6053	3	1	5	328	0	337
6054	3	0	0	329	0	332
6055	1	1	1	333	0	336
6056	1	0	327	9	0	337
6057	0	0	6	315	0	321
6058	312	1	0	6	0	319
6059	5	0	2	313	0	320
6060	3	0	314	7	0	324
6061	1	1	6	310	0	318
6062	1	1	309	7	0	318
6063	319	0	6	2	0	327
6064	6	0	0	321	0	327
6065	322	0	2	6	0	330
6066	315	1	0	2	0	318
6067	6	1	1	316	0	324
6068	324	0	0	5	0	329
6069	8	0	0	314	0	322
6070	1	334	1	6	0	342
6071	341	6	0	2	0	349
6072	350	0	0	2	0	352
6073	353	1	0	2	0	356
6074	8	0	1	350	0	359
6075	1	1	0	356	0	358
6076	4	0	0	352	0	356
6077	1	1	341	8	0	351
6078	2	338	7	1	0	348
6079	2	5	0	332	0	339
6080	1	0	333	6	0	340
6081	337	1	6	3	0	347
6082	6	0	1	338	0	345
6083	1	1	333	6	0	341
6084	337	0	5	2	0	344
6085	6	0	1	345	0	352
6086	3	0	1	350	0	354
6087	1	0	0	354	0	355
6088	353	1	1	7	0	362
6089	359	0	0	2	0	361
6090	355	0	0	2	0	357
6091	7	335	0	1	0	343
6092	1	344	0	2	0	347
6093	342	6	0	1	0	349
6094	6	0	354	1	0	361
6095	1	1	7	351	0	360
6096	2	1	0	356	0	359
6097	345	1	1	6	0	353
6098	340	0	1	1	0	342
6099	6	338	1	1	0	346
6100	1	5	0	335	0	341
6101	2	0	337	7	0	346
6102	3	1	340	0	0	344
6103	0	0	6	342	0	348
6104	0	1	1	351	0	353
6105	342	0	1	8	0	351
6106	7	0	2	341	0	350
6107	348	0	1	8	0	357
6108	351	0	0	2	0	353
6109	6	1	349	2	0	358
6110	348	1	5	0	0	354
6111	354	0	0	2	0	356
6112	355	0	3	1	0	359
6113	8	342	1	1	0	352
6114	1	348	1	2	0	352
6115	2	6	0	341	0	349
6116	2	1	337	7	0	347
6117	1	325	5	0	0	331
6118	1	4	0	289	0	294
6119	1	0	2	289	0	292
6120	0	286	0	4	0	290
6121	291	5	0	2	0	298
6122	295	0	0	1	0	296
6123	5	1	299	0	0	305
6124	298	0	4	2	0	304
6125	6	0	288	1	0	295
6126	279	0	5	0	0	284
6127	6	0	286	0	0	292
6128	1	282	4	0	0	287
6129	4	3	1	264	0	272
6130	0	0	1	263	0	264
6131	268	1	1	3	0	273
6132	272	0	0	3	0	275
6133	274	0	0	2	0	276
6134	6	0	269	0	0	275
6135	1	0	2	275	0	278
6136	2	0	0	278	0	280
6137	281	0	1	3	0	285
6138	3	287	1	1	0	292
6139	308	3	0	2	0	313
6140	6	0	0	313	0	319
6141	0	1	0	323	0	324
6142	1	1	0	321	0	323
6143	0	1	0	321	0	322
6144	0	0	0	318	0	318
6145	0	313	1	4	0	318
6146	0	303	0	1	0	304
6147	0	283	0	2	0	285
6148	0	2	0	287	0	289
6149	0	1	286	1	0	288
6150	272	0	1	2	0	275
6151	2	290	1	0	0	293
6152	2	0	1	285	0	288
6153	1	1	0	286	0	288
6154	290	0	0	2	0	292
6155	290	0	0	1	0	291
6156	290	0	1	0	0	291
6157	2	1	0	303	0	306
6158	0	0	306	2	0	308
6159	0	0	308	2	0	310
6160	1	0	2	315	0	318
6161	1	1	312	1	0	315
6162	311	0	1	1	0	313
6163	1	0	2	311	0	314
6164	1	0	309	2	0	312
6165	1	0	1	305	0	307
6166	1	0	317	1	0	319
6167	0	1	341	1	0	343
6168	1	0	2	363	0	366
6169	0	0	381	3	0	384
6170	0	0	365	2	0	367
6171	0	355	3	1	0	359
6172	2	2	1	366	0	371
6173	385	1	0	1	0	387
6174	2	0	0	386	0	388
6175	1	0	0	396	0	397
6176	0	0	396	2	0	398
6177	381	1	1	1	0	384
6178	1	0	1	400	0	402
6179	1	0	0	410	0	411
6180	396	0	0	2	0	398
6181	2	0	0	393	0	395
6182	399	0	0	1	0	400
6183	403	0	0	1	0	404
6184	393	0	0	0	0	393
6185	3	391	0	0	0	394
6186	394	2	0	0	0	396
6187	2	391	0	0	0	393
6188	2	2	1	396	0	401
6189	395	1	0	3	0	399
6190	2	396	1	1	0	400
6191	400	2	1	0	0	403
6192	2	390	0	1	0	393
6193	395	1	0	2	0	398
6194	3	376	0	0	0	379
6195	1	390	0	1	0	392
6196	0	413	0	1	0	414
6197	0	3	1	411	0	415
6198	1	427	1	2	0	431
6199	1	1	0	440	0	442
6200	0	4	0	436	0	440
6201	2	0	0	435	0	437
6202	2	0	0	436	0	438
6203	433	0	0	3	0	436
6204	433	0	0	1	0	434
6205	8	0	427	0	0	435
6206	433	1	3	1	0	438
6207	458	0	2	1	0	461
6208	474	1	1	0	0	476
6209	9	0	472	2	0	483
6210	3	0	505	1	0	509
6211	503	1	9	0	0	513
6212	8	0	517	1	0	526
6213	2	547	6	0	0	555
6214	1	7	2	547	0	557
6215	561	2	1	7	0	571
6216	572	1	1	3	0	577
6217	579	1	0	1	0	581
6218	11	0	1	577	0	589
6219	3	1	1	584	0	589
6220	0	1	592	10	0	603
6221	1	0	7	591	0	599
6222	3	0	2	603	0	608
6223	586	0	1	12	0	599
6224	8	595	3	4	0	610
6225	610	7	2	0	0	619
6226	9	3	2	612	0	626
6227	610	1	1	10	0	622
6228	606	1	2	5	0	614
6229	602	0	1	1	0	604
6230	11	585	2	1	0	599
6231	5	605	2	0	0	612
6232	3	10	0	602	0	615
6233	607	3	1	9	0	620
6234	7	2	1	609	0	619
6235	3	0	1	615	0	619
6236	1	1	613	12	0	627
6237	2	0	6	613	0	621
6238	3	1	3	609	0	616
6239	1	2	0	595	0	598
6240	2	0	587	11	0	600
6241	1	1	577	4	0	583
6242	3	579	8	1	0	591
6243	580	7	2	1	0	590
6244	8	3	0	581	0	592
6245	3	3	582	7	0	595
6246	2	1	6	580	0	589
6247	1	0	2	617	0	620
6248	607	0	1	11	0	619
6249	606	0	1	6	0	613
6250	7	602	1	1	0	611
6251	601	7	2	1	0	611
6252	602	4	0	2	0	608
6253	9	0	0	604	0	613
6254	4	0	598	8	0	610
6255	1	601	9	3	0	614
6256	607	8	3	1	0	619
6257	608	3	1	2	0	614
6258	10	619	0	3	0	632
6259	2	6	2	658	0	668
6260	673	2	0	12	0	687
6261	682	0	0	6	0	688
6262	13	0	0	686	0	699
6263	702	2	0	10	0	714
6264	729	1	0	3	0	733
6265	743	1	0	4	0	748
6266	13	1	755	0	0	769
6267	5	722	8	2	0	737
6268	3	740	4	1	0	748
6269	723	12	2	0	0	737
6270	11	717	0	0	0	728
6271	3	10	708	2	0	723
6272	3	7	9	707	0	726
6273	699	2	4	11	0	716
6274	10	0	1	704	0	715
6275	704	0	1	11	0	716
6276	707	0	1	6	0	714
6277	697	2	0	6	0	705
6278	13	670	0	1	0	684
6279	6	705	1	3	0	715
6280	715	13	2	1	0	731
6281	713	4	1	3	0	721
6282	719	2	0	1	0	722
6283	14	2	0	710	0	726
6284	712	2	1	10	0	725
6285	11	688	1	5	0	705
6286	5	705	1	3	0	714
6287	5	10	0	704	0	719
6288	3	3	690	11	0	707
6289	1	4	683	5	0	693
6290	5	1	9	687	0	702
6291	4	0	694	9	0	707
6292	2	2	9	692	0	705
6293	692	2	4	12	0	710
6294	9	2	2	691	0	704
6295	680	2	1	11	0	694
6296	14	657	1	3	0	675
6297	4	9	660	4	0	677
6298	3	3	10	645	0	661
6299	3	3	4	652	0	662
6300	1	2	635	14	0	652
6301	1	1	10	630	0	642
6302	1	652	4	12	0	669
6303	3	13	3	661	0	680
6304	3	4	1	680	0	688
6305	3	5	2	700	0	710
6306	2	0	703	16	0	721
6307	1	1	667	7	0	676
6308	640	1	10	5	0	656
6309	8	0	640	3	0	651
6310	6	615	7	0	0	628
6311	615	8	5	1	0	629
6312	9	620	2	1	0	632
6313	587	11	3	1	0	602
6314	591	4	1	3	0	599
6315	591	2	0	2	0	595
6316	589	1	2	0	0	592
6317	13	557	0	2	0	572
6318	6	568	0	1	0	575
6319	570	10	1	2	0	583
6320	10	5	554	2	0	571
6321	6	2	7	553	0	568
6322	2	1	3	570	0	576
6323	2	0	558	10	0	570
6324	534	1	8	4	0	547
6325	554	0	3	2	0	559
6326	550	1	2	0	0	553
6327	12	540	1	1	0	554
6328	554	8	0	2	0	564
6329	13	3	0	544	0	560
6330	5	575	1	7	0	588
6331	591	8	0	5	0	604
6332	593	3	1	4	0	601
6333	649	2	3	1	0	655
6334	14	1	1	632	0	648
6335	8	1	1	638	0	648
6336	5	619	1	17	0	642
6337	4	11	628	6	0	649
6338	4	6	8	631	0	649
6339	3	1	5	625	0	634
6340	4	1	1	657	0	663
6341	4	2	636	14	0	656
6342	631	1	11	7	0	650
6343	12	1	3	646	0	662
6344	4	2	653	13	0	672
6345	3	1	13	650	0	667
6346	661	1	5	14	0	681
6347	9	663	3	8	0	683
6348	6	9	2	681	0	698
6349	3	3	683	11	0	700
6350	668	2	9	7	0	686
6351	676	1	7	2	0	686
6352	16	2	667	3	0	688
6353	7	2	12	644	0	665
6354	5	655	5	9	0	674
6355	667	11	3	8	0	689
6356	11	5	653	2	0	671
6357	644	5	10	2	0	661
6358	15	3	639	2	0	659
6359	9	0	591	2	0	602
6360	579	1	11	3	0	594
6361	11	596	3	2	0	612
6362	6	10	578	6	0	600
6363	3	571	10	1	0	585
6364	2	10	561	1	0	574
6365	0	552	9	1	0	562
6366	517	10	4	2	0	533
6367	8	4	504	0	0	516
6368	4	0	500	0	0	504
6369	2	2	488	1	0	493
6370	484	0	11	0	0	495
6371	488	0	4	1	0	493
6372	10	0	0	482	0	492
6373	3	1	499	6	0	509
6374	1	0	506	4	0	511
6375	514	0	10	0	0	524
6376	6	0	3	521	0	530
6377	519	0	1	6	0	526
6378	524	0	2	3	0	529
6379	10	0	0	501	0	511
6380	3	491	0	6	0	500
6381	2	4	0	497	0	503
6382	1	3	1	507	0	512
6383	2	0	501	10	0	513
6384	0	494	8	4	0	506
6385	0	509	3	2	0	514
6386	2	7	0	497	0	506
6387	0	4	498	6	0	508
6388	0	502	6	3	0	511
6389	0	7	506	0	0	513
6390	503	3	6	1	0	513
6391	514	1	4	0	0	519
6392	10	1	506	0	0	517
6393	504	0	8	1	0	513
6394	5	1	4	501	0	511
6395	5	537	0	6	0	548
6396	1	5	2	546	0	554
6397	539	3	0	7	0	549
6398	539	0	1	5	0	545
6399	539	1	2	0	0	542
6400	537	1	1	1	0	540
6401	11	520	0	1	0	532
6402	3	515	0	1	0	519
6403	510	6	2	0	0	518
6404	5	2	526	0	0	533
6405	2	12	6	510	0	530
6406	1	538	3	4	0	546
6407	1	4	1	536	0	542
6408	0	540	0	5	0	545
6409	0	6	1	543	0	550
6410	1	2	546	3	0	552
6411	539	0	6	3	0	548
6412	548	0	1	1	0	550
6413	7	0	544	1	0	552
6414	537	0	7	0	0	544
6415	539	0	1	1	0	541
6416	8	0	524	1	0	533
6417	3	0	7	528	0	538
6418	534	0	1	6	0	541
6419	6	0	527	1	0	534
6420	1	1	7	523	0	532
6421	0	0	538	7	0	545
6422	1	0	539	2	0	542
6423	533	0	5	0	0	538
6424	547	1	1	1	0	550
6425	547	1	1	1	0	550
6426	565	0	1	1	0	567
6427	7	0	1	556	0	564
6428	1	529	0	4	0	534
6429	2	538	1	1	0	542
6430	1	9	1	521	0	532
6431	525	1	0	5	0	531
6432	6	514	0	1	0	521
6433	1	487	0	0	0	488
6434	481	6	0	1	0	488
6435	6	1	0	482	0	489
6436	475	0	1	7	0	483
6437	7	471	0	0	0	478
6438	478	6	0	0	0	484
6439	6	0	492	0	0	498
6440	560	0	6	0	0	566
6441	576	1	0	0	0	577
6442	587	1	1	1	0	590
6443	10	1	534	0	0	545
6444	560	0	5	0	0	565
6445	8	571	1	0	0	580
6446	2	9	556	0	0	567
6447	0	3	9	536	0	548
6448	1	0	2	532	0	535
6449	0	534	0	10	0	544
6450	0	9	0	545	0	554
6451	0	1	0	556	0	557
6452	0	0	540	8	0	548
6453	520	0	8	1	0	529
6454	9	1	536	0	0	546
6455	1	1	9	535	0	546
6456	0	0	544	9	0	553
6457	0	0	8	544	0	552
6458	565	0	1	9	0	575
6459	578	0	0	1	0	579
6460	10	1	0	573	0	584
6461	1	0	587	9	0	597
6462	0	0	8	584	0	592
6463	0	0	575	8	0	583
6464	575	0	7	1	0	583
6465	580	0	1	0	0	581
6466	566	0	0	0	0	566
6467	560	0	1	2	0	563
6468	10	552	1	0	0	563
6469	1	10	0	561	0	572
6470	551	0	1	9	0	561
6471	9	541	0	2	0	552
6472	1	564	0	1	0	566
6473	0	10	520	0	0	530
6474	517	5	9	1	0	532
6475	524	0	1	1	0	526
6476	10	0	515	0	0	525
6477	2	0	9	507	0	518
6478	0	0	2	521	0	523
6479	0	0	515	10	0	525
6480	0	0	8	512	0	520
6481	516	0	1	10	0	527
6482	10	0	501	1	0	512
6483	3	0	500	0	0	503
6484	497	0	10	3	0	510
6485	9	0	507	0	0	516
6486	501	0	9	3	0	513
6487	10	498	2	1	0	511
6488	506	9	0	1	0	516
6489	10	1	1	502	0	514
6490	2	1	0	510	0	513
6491	503	0	2	10	0	515
6492	11	1	0	500	0	512
6493	507	0	1	10	0	518
6494	10	516	0	4	0	530
6495	2	9	1	484	0	496
6496	0	3	0	501	0	504
6497	478	0	1	11	0	490
6498	495	0	0	1	0	496
6499	495	1	0	1	0	497
6500	9	471	1	0	0	481
6501	1	486	1	2	0	490
6502	482	9	0	1	0	492
6503	11	1	477	0	0	489
6504	2	461	10	2	0	475
6505	423	11	6	1	0	441
6506	409	1	3	1	0	414
6507	406	0	1	0	0	407
6508	8	0	1	395	0	404
6509	404	0	1	7	0	412
6510	399	1	1	1	0	402
6511	9	2	1	389	0	401
6512	398	0	1	6	0	405
6513	8	0	392	2	0	402
6514	4	1	6	394	0	405
6515	1	2	3	399	0	405
6516	1	0	1	410	0	412
6517	399	0	0	11	0	410
6518	413	2	1	3	0	419
6519	415	1	0	4	0	420
6520	410	0	1	5	0	416
6521	392	0	2	2	0	396
6522	9	1	1	379	0	390
6523	5	0	2	384	0	391
6524	376	1	2	9	0	388
6525	9	367	1	2	0	379
6526	373	7	1	1	0	382
6527	10	2	352	1	0	365
6528	368	2	6	1	0	377
6529	398	1	1	3	0	403
6530	13	1	407	1	0	422
6531	407	2	5	2	0	416
6532	7	2	409	4	0	422
6533	13	1	432	0	0	446
6534	5	0	16	442	0	463
6535	4	0	8	456	0	468
6536	8	0	450	18	0	476
6537	3	1	458	11	0	473
6538	2	432	16	4	0	454
6539	0	423	10	3	0	436
6540	344	10	3	3	0	360
6541	8	363	4	1	0	376
6542	344	7	2	2	0	355
6543	8	345	2	2	0	357
6544	344	7	1	2	0	354
6545	9	9	334	0	0	352
6546	335	4	6	0	0	345
6547	8	2	6	325	0	341
6548	9	330	2	6	0	347
6549	4	6	0	339	0	349
6550	334	7	0	9	0	350
6551	341	2	2	9	0	354
6552	17	3	0	335	0	355
6553	11	3	333	6	0	353
6554	5	2	334	8	0	349
6555	1	332	12	6	0	351
6556	5	5	9	330	0	349
6557	5	7	333	9	0	354
6558	1	309	7	9	0	326
6559	3	4	6	310	0	323
6560	2	7	3	308	0	320
6561	286	3	1	12	0	302
6562	6	0	2	289	0	297
6563	8	1	280	7	0	296
6564	2	4	5	279	0	290
6565	276	1	5	9	0	291
6566	5	0	268	10	0	283
6567	273	1	6	2	0	282
6568	7	284	6	3	0	300
6569	291	6	3	2	0	302
6570	290	7	1	2	0	300
6571	16	2	0	282	0	300
6572	9	0	2	282	0	293
6573	3	275	1	14	0	293
6574	1	6	1	293	0	301
6575	281	6	1	7	0	295
6576	8	3	272	7	0	290
6577	9	2	4	275	0	290
6578	3	272	7	6	0	288
6579	2	6	3	285	0	296
6580	1	6	0	288	0	295
6581	281	2	0	15	0	298
6582	7	277	2	10	0	296
6583	7	7	1	283	0	298
6584	279	7	1	6	0	293
6585	6	2	2	286	0	296
6586	9	0	2	284	0	295
6587	286	1	0	15	0	302
6588	282	2	1	12	0	297
6589	12	1	283	6	0	302
6590	297	0	5	1	0	303
6591	290	2	7	1	0	300
6592	294	2	2	3	0	301
6593	16	274	0	1	0	291
6594	11	270	0	1	0	282
6595	4	9	1	274	0	288
6596	275	9	0	7	0	291
6597	279	2	1	8	0	290
6598	14	1	2	275	0	292
6599	11	2	292	6	0	311
6600	291	1	5	9	0	306
6601	300	0	8	4	0	312
6602	15	1	2	292	0	310
6603	11	4	0	293	0	308
6604	293	1	0	16	0	310
6605	7	0	1	303	0	311
6606	11	295	1	8	0	315
6607	4	6	1	304	0	315
6608	300	8	1	8	0	317
6609	8	2	295	9	0	314
6610	295	0	7	5	0	307
6611	10	1	295	3	0	309
6612	8	1	7	290	0	306
6613	301	0	6	8	0	315
6614	8	1	2	307	0	318
6615	7	2	1	302	0	312
6616	298	1	1	14	0	314
6617	8	0	293	11	0	312
6618	10	1	304	3	0	318
6619	4	1	14	309	0	328
6620	2	0	9	318	0	329
6621	2	1	3	327	0	333
6622	5	0	320	14	0	339
6623	321	0	5	13	0	339
6624	326	0	8	5	0	339
6625	336	0	2	3	0	341
6626	335	1	1	1	0	338
6627	13	312	2	5	0	332
6628	7	318	1	3	0	329
6629	3	311	0	2	0	316
6630	0	8	0	275	0	283
6631	0	3	3	275	0	281
6632	1	2	266	3	0	272
6633	2	235	1	1	0	239
6634	3	1	0	217	0	221
6635	215	0	1	0	0	216
6636	1	216	0	0	0	217
6637	0	1	0	215	0	216
6638	0	216	0	0	0	216
6639	223	1	0	0	0	224
6640	0	0	0	226	0	226
6641	0	0	227	1	0	228
6642	0	0	217	0	0	217
6643	1	0	0	226	0	227
6644	0	0	0	231	0	231
6645	0	0	0	236	0	236
6646	232	0	0	1	0	233
6647	1	0	233	0	0	234
6648	0	228	1	0	0	229
6649	0	1	0	224	0	225
6650	0	0	227	1	0	228
6651	0	221	1	0	0	222
6652	0	1	0	224	0	225
6653	0	0	223	1	0	224
6654	0	0	1	218	0	219
6655	0	0	0	225	0	225
6656	221	0	0	1	0	222
6657	217	0	0	0	0	217
6658	1	0	0	214	0	215
6659	213	0	0	1	0	214
6660	1	0	216	0	0	217
6661	0	0	1	216	0	217
6662	0	0	226	1	0	227
6663	0	0	1	233	0	234
6664	0	226	0	1	0	227
6665	0	236	0	1	0	237
6666	0	235	0	0	0	235
6667	1	4	0	240	0	245
6668	0	1	0	264	0	265
6669	0	0	263	3	0	266
6670	0	0	273	1	0	274
6671	0	0	289	1	0	290
6672	308	0	4	0	0	312
6673	4	0	1	324	0	329
6674	329	0	0	5	0	334
6675	7	337	0	0	0	344
6676	1	5	0	347	0	353
6677	348	1	0	6	0	355
6678	6	1	0	348	0	355
6679	342	0	0	7	0	349
6680	8	0	355	1	0	364
6681	2	359	5	3	0	369
6682	2	5	1	361	0	369
6683	366	1	2	6	0	375
6684	369	1	0	1	0	371
6685	7	0	0	360	0	367
6686	3	0	0	368	0	371
6687	352	0	0	7	0	359
6688	7	0	0	351	0	358
6689	3	0	343	8	0	354
6690	2	340	5	1	0	348
6691	0	5	1	353	0	359
6692	353	1	2	6	0	362
6693	356	1	0	1	0	358
6694	8	0	350	2	0	360
6695	3	339	8	0	0	350
6696	2	372	1	0	0	375
6697	1	8	2	365	0	376
6698	1	2	0	368	0	371
6699	0	2	0	360	0	362
6700	0	0	0	363	0	363
6701	0	352	0	10	0	362
6702	0	9	0	360	0	369
6703	1	1	0	369	0	371
6704	350	3	0	10	0	363
6705	348	0	0	5	0	353
6706	8	357	0	4	0	369
6707	371	8	1	2	0	382
6708	377	1	2	1	0	381
6709	375	2	3	0	0	380
6710	12	0	363	0	0	375
6711	4	0	9	362	0	375
6712	3	0	1	381	0	385
6713	1	1	368	10	0	380
6714	1	1	8	363	0	373
6715	1	1	1	359	0	362
6716	362	0	2	12	0	376
6717	10	0	363	5	0	378
6718	2	0	11	355	0	368
6719	352	1	4	8	0	365
6720	9	340	4	2	0	355
6721	347	8	0	5	0	360
6722	343	1	0	2	0	346
6723	12	338	0	1	0	351
6724	4	6	0	347	0	357
6725	347	1	0	11	0	359
6726	9	342	0	4	0	355
6727	3	7	1	349	0	360
6728	342	2	2	9	0	355
6729	337	2	2	2	0	343
6730	10	331	0	4	0	345
6731	339	8	0	2	0	349
6732	14	1	1	333	0	349
6733	334	3	1	9	0	347
6734	10	3	328	4	0	345
6735	2	2	8	332	0	344
6736	2	1	1	344	0	348
6737	329	0	2	12	0	343
6738	8	319	2	6	0	335
6739	319	9	0	5	0	333
6740	10	311	0	3	0	324
6741	3	12	293	1	0	309
6742	3	1	298	2	0	304
6743	3	4	9	286	0	302
6744	2	2	287	6	0	297
6745	1	1	9	291	0	302
6746	2	0	1	294	0	297
6747	2	0	1	307	0	310
6748	305	0	0	12	0	317
6749	310	0	0	4	0	314
6750	314	1	1	4	0	320
6751	10	307	0	4	0	321
6752	4	353	2	2	0	361
6753	4	6	380	0	0	390
6754	1	3	7	379	0	390
6755	2	3	380	10	0	395
6756	2	0	10	383	0	395
6757	2	0	2	394	0	398
6758	2	0	3	394	0	399
6759	1	1	379	12	0	393
6760	1	1	8	381	0	391
6761	378	0	3	13	0	394
6762	9	364	3	4	0	380
6763	0	8	0	375	0	383
6764	370	0	0	10	0	380
6765	369	2	1	0	0	372
6766	8	1	1	359	0	369
6767	4	0	0	355	0	359
6768	321	1	1	7	0	330
6769	7	0	0	325	0	332
6770	291	0	1	8	0	300
6771	9	0	0	280	0	289
6772	0	0	267	8	0	275
6773	2	249	4	1	0	256
6774	1	254	1	1	0	257
6775	3	2	1	249	0	255
6776	2	0	1	246	0	249
6777	244	0	0	4	0	248
6778	4	0	1	245	0	250
6779	2	0	0	246	0	248
6780	1	1	0	232	0	234
6781	0	226	0	6	0	232
6782	0	3	0	234	0	237
6783	2	0	0	231	0	233
6784	0	0	0	234	0	234
6785	226	0	0	4	0	230
6786	3	230	0	1	0	234
6787	1	4	1	235	0	241
6788	0	1	0	240	0	241
6789	0	1	0	239	0	240
6790	235	0	0	6	0	241
6791	4	0	0	234	0	238
6792	1	1	0	236	0	238
6793	0	0	226	5	0	231
6794	0	224	2	2	0	228
6795	0	3	0	228	0	231
6796	216	1	0	2	0	219
6797	2	217	0	2	0	221
6798	217	1	0	2	0	220
6799	217	0	1	1	0	219
6800	2	1	0	215	0	218
6801	1	0	0	214	0	215
6802	2	0	212	2	0	216
6803	1	0	1	217	0	219
6804	1	1	218	2	0	222
6805	2	1	1	223	0	227
6806	211	0	1	2	0	214
6807	1	211	0	3	0	215
6808	0	1	2	219	0	222
6809	0	0	0	219	0	219
6810	0	0	1	217	0	218
6811	1	0	0	219	0	220
6812	210	1	1	1	0	213
6813	2	208	0	1	0	211
6814	1	1	0	213	0	215
6815	213	1	0	3	0	217
6816	1	0	205	3	0	209
6817	209	0	2	2	0	213
6818	217	0	0	1	0	218
6819	1	2	215	1	0	219
6820	1	0	1	215	0	217
6821	218	0	0	2	0	220
6822	1	227	1	2	0	231
6823	229	1	0	2	0	232
6824	226	0	0	2	0	228
6825	224	1	0	1	0	226
6826	1	1	0	225	0	227
6827	2	0	0	234	0	236
6828	0	258	1	2	0	261
6829	2	2	0	258	0	262
6830	262	0	0	2	0	264
6831	3	0	255	2	0	260
6832	257	1	2	3	0	263
6833	265	0	0	2	0	267
6834	3	3	1	262	0	269
6835	1	0	1	271	0	273
6836	269	0	0	3	0	272
6837	270	1	1	1	0	273
6838	244	0	1	3	0	248
6839	4	1	262	1	0	268
6840	2	271	2	1	0	276
6841	272	2	0	3	0	277
6842	4	0	0	270	0	274
6843	2	269	2	2	0	275
6844	3	3	0	274	0	280
6845	273	0	1	3	0	277
6846	3	1	1	269	0	274
6847	1	1	268	3	0	273
6848	1	259	2	2	0	264
6849	1	271	0	1	0	273
6850	4	2	251	3	0	260
6851	232	1	4	4	0	241
6852	3	212	0	2	0	217
6853	1	4	0	182	0	187
6854	173	0	3	3	0	179
6855	2	175	0	0	0	177
6856	0	2	0	178	0	180
6857	178	0	0	2	0	180
6858	2	0	1	176	0	179
6859	177	1	1	1	0	180
6860	2	0	178	1	0	181
6861	1	183	1	1	0	186
6862	188	1	1	2	0	192
6863	185	0	0	0	0	185
6864	184	1	1	1	0	187
6865	2	1	176	1	0	180
6866	180	0	2	0	0	182
6867	186	1	0	0	0	187
6868	3	0	0	184	0	187
6869	186	0	1	2	0	189
6870	2	182	0	1	0	185
6871	2	1	0	188	0	191
6872	1	0	189	2	0	192
6873	1	1	1	185	0	188
6874	1	1	1	186	0	189
6875	185	1	0	2	0	188
6876	184	1	1	0	0	186
6877	1	0	181	1	0	183
6878	178	0	1	2	0	181
6879	3	1	179	1	0	184
6880	1	0	1	182	0	184
6881	1	0	183	1	0	185
6882	1	3	1	174	0	179
6883	1	182	1	3	0	187
6884	1	1	186	1	0	189
6885	1	1	192	2	0	196
6886	4	0	1	164	0	169
6887	187	0	2	2	0	191
6888	189	1	1	1	0	192
6889	191	0	2	0	0	193
6890	3	1	0	188	0	192
6891	3	0	1	187	0	191
6892	2	0	1	190	0	193
6893	3	0	1	189	0	193
6894	1	1	183	4	0	189
6895	0	1	1	186	0	188
6896	1	184	1	2	0	188
6897	0	2	1	182	0	185
6898	187	0	1	3	0	191
6899	2	0	186	1	0	189
6900	177	1	1	1	0	180
6901	3	1	187	2	0	193
6902	2	0	181	2	0	185
6903	1	180	4	1	0	186
6904	2	3	2	172	0	179
6905	3	1	1	180	0	185
6906	1	167	3	3	0	174
6907	204	4	1	2	0	211
6908	3	1	1	215	0	220
6909	2	0	0	228	0	230
6910	0	1	0	239	0	240
6911	285	1	1	5	0	292
6912	300	0	1	3	0	304
6913	7	0	0	296	0	303
6914	2	0	0	296	0	298
6915	294	0	0	6	0	300
6916	7	0	0	291	0	298
6917	0	0	0	295	0	295
6918	0	0	0	296	0	296
6919	2	0	288	7	0	297
6920	284	0	4	3	0	291
6921	286	0	2	2	0	290
6922	7	0	271	3	0	281
6923	3	1	4	264	0	272
6924	1	271	1	9	0	282
6925	272	4	0	3	0	279
6926	5	269	2	1	0	277
6927	3	259	1	1	0	264
6928	1	4	0	241	0	246
6929	244	0	0	5	0	249
6930	252	0	2	3	0	257
6931	7	0	0	254	0	261
6932	2	2	0	253	0	257
6933	2	0	0	250	0	252
6934	1	1	0	251	0	253
6935	0	2	0	245	0	247
6936	1	235	0	7	0	243
6937	3	5	0	240	0	248
6938	243	2	0	4	0	249
6939	247	0	0	4	0	251
6940	244	0	0	2	0	246
6941	7	232	1	2	0	242
6942	2	2	0	236	0	240
6943	0	1	236	6	0	243
6944	234	2	4	3	0	243
6945	4	0	3	234	0	241
6946	242	0	1	5	0	248
6947	236	1	0	4	0	241
6948	237	0	1	1	0	239
6949	7	1	0	224	0	232
6950	227	0	0	5	0	232
6951	5	0	1	227	0	233
6952	3	2	0	231	0	236
6953	226	0	0	8	0	234
6954	6	0	0	229	0	235
6955	229	0	1	4	0	234
6956	232	0	0	4	0	236
6957	5	1	0	229	0	235
6958	3	0	0	235	0	238
6959	3	0	0	234	0	237
6960	0	0	218	8	0	226
6961	3	0	219	2	0	224
6962	0	1	6	219	0	226
6963	2	0	2	223	0	227
6964	4	3	0	220	0	227
6965	1	0	0	226	0	227
6966	2	0	0	227	0	229
6967	216	2	0	6	0	224
6968	5	214	0	3	0	222
6969	0	4	2	219	0	225
6970	215	1	0	8	0	224
6971	4	0	2	216	0	222
6972	5	0	0	219	0	224
6973	216	0	0	7	0	223
6974	217	0	1	4	0	222
6975	6	1	213	4	0	224
6976	3	2	4	213	0	222
6977	0	0	215	8	0	223
6978	2	0	4	217	0	223
6979	1	2	1	219	0	223
6980	1	0	1	219	0	221
6981	6	0	206	5	0	217
6982	4	200	4	2	0	210
6983	0	213	2	4	0	219
6984	2	5	1	211	0	219
6985	205	1	1	7	0	214
6986	4	0	202	4	0	210
6987	2	0	213	2	0	217
6988	0	1	5	216	0	222
6989	1	0	2	218	0	221
6990	2	216	0	7	0	225
6991	1	4	0	216	0	221
6992	0	1	0	225	0	226
6993	2	2	0	227	0	231
6994	227	1	2	6	0	236
6995	225	0	3	3	0	231
6996	8	0	0	228	0	236
6997	1	226	0	7	0	234
6998	1	5	1	220	0	227
6999	222	1	0	6	0	229
7000	6	221	1	4	0	232
7001	0	5	0	216	0	221
7002	2	221	0	6	0	229
7003	218	5	1	3	0	227
7004	213	0	1	5	0	219
7005	5	210	0	2	0	217
7006	1	200	0	4	0	205
7007	5	2	187	1	0	195
7008	3	173	2	0	0	178
7009	1	4	1	167	0	173
7010	1	1	158	4	0	164
7011	0	103	2	1	0	106
7012	2	1	0	88	0	91
7013	0	1	0	94	0	95
7014	0	0	0	95	0	95
7015	93	1	1	1	0	96
7016	2	0	92	0	0	94
7017	1	1	89	0	0	91
7018	0	0	1	97	0	98
7019	1	1	102	1	0	105
7020	1	0	3	101	0	105
7021	0	1	1	103	0	105
7022	0	0	0	106	0	106
7023	0	0	1	108	0	109
7024	106	2	0	1	0	109
7025	107	0	0	2	0	109
7026	1	0	0	108	0	109
7027	0	0	107	3	0	110
7028	2	0	1	106	0	109
7029	1	98	1	1	0	101
7030	0	1	0	95	0	96
7031	95	1	0	2	0	98
7032	95	0	1	1	0	97
7033	1	0	0	93	0	94
7034	0	1	0	94	0	95
7035	0	0	0	98	0	98
7036	94	1	0	2	0	97
7037	3	0	95	0	0	98
7038	1	0	96	0	0	97
7039	0	92	1	1	0	94
7040	93	1	0	0	0	94
7041	2	0	0	94	0	96
7042	0	1	95	1	0	97
7043	0	91	1	1	0	93
7044	1	95	0	0	0	96
7045	1	1	0	96	0	98
7046	0	0	0	98	0	98
7047	0	93	0	2	0	95
7048	0	1	0	96	0	97
7049	1	0	0	95	0	96
7050	95	0	1	1	0	97
7051	1	92	1	0	0	94
7052	0	1	0	91	0	92
7053	1	0	95	1	0	97
7054	0	0	1	97	0	98
7055	100	0	1	1	0	102
7056	1	99	0	0	0	100
7057	1	2	0	100	0	103
7058	1	0	98	2	0	101
7059	0	0	101	2	0	103
7060	0	2	1	106	0	109
7061	0	0	0	111	0	111
7062	108	0	0	2	0	110
7063	2	121	0	0	0	123
7064	122	2	0	1	0	125
7065	1	1	121	1	0	124
7066	127	0	2	0	0	129
7067	2	0	124	1	0	127
7068	130	0	1	1	0	132
7069	132	1	0	0	0	133
7070	1	0	134	1	0	136
7071	0	1	128	0	0	129
7072	0	129	1	1	0	131
7073	0	1	1	134	0	136
7074	140	0	0	3	0	143
7075	2	0	0	134	0	136
7076	0	1	0	137	0	138
7077	1	0	0	139	0	140
7078	1	0	136	2	0	139
7079	130	1	2	0	0	133
7080	141	0	1	0	0	142
7081	3	142	0	1	0	146
7082	1	1	1	141	0	144
7083	0	144	1	3	0	148
7084	0	1	0	147	0	148
7085	145	1	0	3	0	149
7086	2	145	0	2	0	149
7087	0	1	0	133	0	134
7088	133	0	0	2	0	135
7089	134	0	0	1	0	135
7090	2	0	1	130	0	133
7091	0	0	132	3	0	135
7092	0	6	2	120	0	128
7093	0	126	0	2	0	128
7094	125	1	0	0	0	126
7095	2	121	0	0	0	123
7096	0	1	0	123	0	124
7097	124	0	0	2	0	126
7098	2	0	0	125	0	127
7099	0	0	0	126	0	126
7100	0	0	124	1	0	125
7101	0	122	1	0	0	123
7102	121	1	0	0	0	122
7103	114	0	0	2	0	116
7104	0	119	0	1	0	120
7105	0	127	0	0	0	127
7106	1	1	0	123	0	125
7107	123	0	0	0	0	123
7108	0	123	0	0	0	123
7109	0	1	0	123	0	124
7110	0	0	124	1	0	125
7111	0	0	1	122	0	123
7112	125	0	0	1	0	126
7113	0	125	0	1	0	126
7114	0	1	0	130	0	131
7115	0	0	129	1	0	130
7116	0	0	129	0	0	129
7117	0	0	3	129	0	132
7118	0	0	0	130	0	130
7119	0	129	0	1	0	130
7120	0	1	0	128	0	129
7121	130	0	0	1	0	131
7122	1	0	0	130	0	131
7123	133	0	0	1	0	134
7124	1	128	0	0	0	129
7125	0	137	0	0	0	137
7126	0	1	0	138	0	139
7127	0	0	0	136	0	136
7128	0	0	136	1	0	137
7129	0	0	1	132	0	133
7130	137	0	0	1	0	138
7131	1	0	135	0	0	136
7132	0	0	1	142	0	143
7133	0	0	155	1	0	156
7134	0	0	1	157	0	158
7135	0	0	0	157	0	157
7136	0	0	0	161	0	161
7137	0	0	160	1	0	161
7138	0	0	1	161	0	162
7139	0	158	2	1	0	161
7140	0	1	0	163	0	164
7141	0	0	0	160	0	160
7142	164	0	0	1	0	165
7143	1	0	166	0	0	167
7144	0	0	1	164	0	165
7145	0	0	166	1	0	167
7146	0	0	158	0	0	158
7147	0	0	1	168	0	169
7148	0	0	0	164	0	164
7149	0	0	0	169	0	169
7150	169	0	0	2	0	171
7151	1	0	173	0	0	174
7152	185	0	1	1	0	187
7153	1	0	1	190	0	192
7154	0	0	0	200	0	200
7155	1	211	0	1	0	213
7156	0	1	0	218	0	219
7157	0	0	0	223	0	223
7158	0	0	1	220	0	221
7159	217	0	0	2	0	219
7160	1	0	215	1	0	217
7161	210	0	1	1	0	212
7162	1	213	1	0	0	215
7163	200	1	0	1	0	202
7164	1	200	0	0	0	201
7165	0	194	0	1	0	195
7166	0	1	0	199	0	200
7167	206	0	0	1	0	207
7168	1	0	1	199	0	201
7169	0	193	0	1	0	194
7170	0	206	1	0	0	207
7171	0	0	1	212	0	213
7172	0	0	0	209	0	209
7173	0	206	0	1	0	207
7174	0	0	0	215	0	215
7175	1	0	0	217	0	218
7176	0	0	1	220	0	221
7177	220	0	0	0	0	220
7178	0	0	218	1	0	219
7179	231	0	0	1	0	232
7180	237	1	0	0	0	238
7181	234	0	0	2	0	236
7182	0	236	0	1	0	237
7183	0	0	0	233	0	233
7184	236	0	0	0	0	236
7185	0	0	1	245	0	246
7186	247	0	0	0	0	247
7187	0	260	1	0	0	261
7188	274	0	0	0	0	274
7189	272	1	0	1	0	274
7190	276	1	0	0	0	277
7191	0	0	0	277	0	277
7192	1	0	0	285	0	286
7193	287	0	0	1	0	288
7194	0	283	0	0	0	283
7195	0	288	0	0	0	288
7196	297	0	0	1	0	298
7197	1	0	0	293	0	294
7198	0	2	0	302	0	304
7199	1	1	0	308	0	310
7200	1	305	1	6	0	313
7201	315	2	0	3	0	320
7202	4	1	0	316	0	321
7203	0	316	1	6	0	323
7204	1	6	1	324	0	332
7205	2	1	0	329	0	332
7206	1	1	0	328	0	330
7207	0	2	0	328	0	330
7208	329	0	0	6	0	335
7209	330	0	0	1	0	331
7210	335	0	2	1	0	338
7211	4	0	0	331	0	335
7212	3	1	330	2	0	336
7213	2	0	322	1	0	325
7214	2	1	317	1	0	321
7215	350	0	2	3	0	355
7216	3	0	1	353	0	357
7217	1	0	1	354	0	356
7218	2	0	1	355	0	358
7219	351	1	0	3	0	355
7220	351	1	0	2	0	354
7221	3	368	0	2	0	373
7222	2	3	0	370	0	375
7223	0	0	362	5	0	367
7224	1	372	2	2	0	377
7225	1	6	0	370	0	377
7226	2	1	0	373	0	376
7227	0	1	1	370	0	372
7228	1	1	0	369	0	371
7229	0	0	364	4	0	368
7230	1	0	363	2	0	366
7231	0	372	2	2	0	376
7232	0	4	0	368	0	372
7233	1	0	1	360	0	362
7234	355	0	1	3	0	359
7235	2	2	358	0	0	362
7236	0	0	3	359	0	362
7237	0	0	0	368	0	368
7238	1	0	372	3	0	376
7239	0	364	4	1	0	369
7240	367	3	0	1	0	371
7241	4	0	369	1	0	374
7242	366	0	4	0	0	370
7243	3	1	378	1	0	383
7244	2	0	4	375	0	381
7245	1	0	383	3	0	387
7246	1	0	395	0	0	396
7247	1	0	3	393	0	397
7248	2	0	0	352	0	354
7249	0	0	1	415	0	416
7250	0	0	1	413	0	414
7251	1	0	0	400	0	401
7252	1	0	396	4	0	401
7253	0	1	383	2	0	386
7254	0	385	4	2	0	391
7255	380	3	1	1	0	385
7256	4	1	1	378	0	384
7257	385	0	1	4	0	390
7258	3	1	0	381	0	385
7259	388	0	0	5	0	393
7260	3	0	0	392	0	395
7261	2	0	1	395	0	398
7262	0	406	1	5	0	412
7263	1	4	0	421	0	426
7264	0	1	0	427	0	428
7265	0	0	0	430	0	430
7266	2	1	0	422	0	425
7267	0	408	0	6	0	414
7268	415	4	0	2	0	421
7269	3	415	0	1	0	419
7270	1	4	0	404	0	409
7271	401	2	0	7	0	410
7272	5	0	400	1	0	406
7273	1	1	394	0	0	396
7274	1	0	4	393	0	398
7275	2	0	1	403	0	406
7276	0	0	1	406	0	407
7277	1	0	1	386	0	388
7278	0	0	0	397	0	397
7279	0	371	0	8	0	379
7280	0	3	0	375	0	378
7281	370	1	0	5	0	376
7282	4	0	0	375	0	379
7283	1	1	374	4	0	380
7284	0	0	3	373	0	376
7285	364	0	1	4	0	369
7286	2	377	0	2	0	381
7287	1	4	0	393	0	398
7288	0	1	0	421	0	422
7289	1	0	410	5	0	416
7290	0	1	549	1	0	551
7291	705	0	6	1	0	712
7292	7	0	1	700	0	708
7293	3	0	1	714	0	718
7294	3	0	769	13	0	785
7295	1	1	776	5	0	783
7296	1	789	14	3	0	807
7297	0	13	6	793	0	812
7298	0	4	787	12	0	803
7299	0	779	13	4	0	796
7300	778	13	3	6	0	800
7301	798	3	3	2	0	806
7302	15	3	1	775	0	794
7303	6	778	0	10	0	794
7304	782	12	1	3	0	798
7305	13	4	0	753	0	770
7306	4	3	774	13	0	794
7307	2	774	16	4	0	796
7308	771	12	4	7	0	794
7309	785	4	5	2	0	796
7310	15	3	2	784	0	804
7311	6	1	0	797	0	804
7312	4	2	766	16	0	788
7313	5	1	10	773	0	789
7314	2	0	3	762	0	767
7315	1	0	4	770	0	775
7316	1	3	1	766	0	771
7317	1	0	0	759	0	760
7318	1	744	0	17	0	762
7319	748	11	0	7	0	766
7320	11	5	736	6	0	758
7321	4	723	14	1	0	742
7322	2	13	1	736	0	752
7323	737	1	3	13	0	754
7324	14	3	1	734	0	752
7325	3	1	1	740	0	745
7326	3	0	0	745	0	748
7327	4	1	1	744	0	750
7328	3	0	721	20	0	744
7329	0	727	14	9	0	750
7330	735	14	3	5	0	757
7331	12	4	726	3	0	745
7332	5	4	13	732	0	754
7333	727	3	3	14	0	747
7334	14	734	3	5	0	756
7335	741	10	3	7	0	761
7336	19	5	1	721	0	746
7337	5	3	1	758	0	767
7338	6	1	0	748	0	755
7339	3	1	0	755	0	759
7340	733	1	1	21	0	756
7341	13	0	0	738	0	751
7342	4	1	0	751	0	756
7343	719	1	2	13	0	735
7344	15	2	708	6	0	731
7345	4	2	12	718	0	736
7346	699	0	6	14	0	719
7347	707	2	3	7	0	719
7348	18	1	1	685	0	705
7349	8	1	0	692	0	701
7350	6	671	1	17	0	695
7351	1	13	0	684	0	698
7352	2	2	2	683	0	689
7353	3	3	659	18	0	683
7354	1	1	666	11	0	679
7355	2	652	12	8	0	674
7356	3	12	5	655	0	675
7357	0	1	8	672	0	681
7358	661	6	2	17	0	686
7359	12	4	1	652	0	669
7360	5	0	647	20	0	672
7361	6	1	14	652	0	673
7362	3	1	615	18	0	637
7363	3	2	635	8	0	648
7364	2	3	16	617	0	638
7365	0	3	6	639	0	648
7366	623	3	5	18	0	649
7367	635	0	1	10	0	646
7368	15	1	4	632	0	652
7369	635	3	3	16	0	657
7370	647	3	0	5	0	655
7371	19	1	1	633	0	654
7372	7	1	2	638	0	648
7373	630	2	2	17	0	651
7374	639	2	2	11	0	654
7375	19	0	3	636	0	658
7376	7	629	2	19	0	657
7377	5	10	0	644	0	659
7378	4	2	2	652	0	660
7379	3	4	624	19	0	650
7380	4	1	12	645	0	662
7381	620	0	1	21	0	642
7382	13	632	2	7	0	654
7383	633	10	3	6	0	652
7384	637	4	1	7	0	649
7385	644	4	0	5	0	653
7386	18	1	1	616	0	636
7387	15	2	568	15	0	600
7388	8	1	549	8	0	566
7389	5	551	10	9	0	575
7390	2	396	6	6	0	410
7391	1	251	2	2	0	256
7392	2	253	1	1	0	257
7393	5	4	238	3	0	250
7394	161	9	8	0	0	178
7395	2	0	0	159	0	161
7396	0	0	0	155	0	155
7397	0	0	0	158	0	158
7398	0	153	0	1	0	154
7399	154	1	0	0	0	155
7400	1	0	153	0	0	154
7401	0	146	1	0	0	147
7402	0	1	0	148	0	149
7403	145	0	0	1	0	146
7404	1	0	0	143	0	144
7405	0	0	138	1	0	139
7406	0	0	137	0	0	137
7407	0	0	0	138	0	138
7408	0	0	0	138	0	138
7409	132	0	2	1	0	135
7410	1	0	130	0	0	131
7411	129	0	1	1	0	131
7412	129	0	0	0	0	129
7413	1	0	0	132	0	133
7414	0	0	135	1	0	136
7415	0	0	0	136	0	136
7416	136	0	0	1	0	137
7417	1	134	0	0	0	135
7418	141	1	0	0	0	142
7419	1	0	0	143	0	144
7420	0	145	0	0	0	145
7421	0	1	0	146	0	147
7422	0	0	0	150	0	150
7423	0	156	0	2	0	158
7424	0	1	0	157	0	158
7425	0	1	0	160	0	161
7426	0	0	0	165	0	165
7427	0	1	170	3	0	174
7428	0	164	2	2	0	168
7429	165	1	1	1	0	168
7430	1	1	1	172	0	175
7431	1	192	0	3	0	196
7432	200	2	0	1	0	203
7433	2	2	0	199	0	203
7434	2	0	0	201	0	203
7435	1	0	0	186	0	187
7436	1	0	0	178	0	179
7437	181	0	0	4	0	185
7438	2	0	1	182	0	185
7439	1	1	1	182	0	185
7440	184	1	0	4	0	189
7441	2	1	0	186	0	189
7442	1	0	183	3	0	187
7443	0	1	3	185	0	189
7444	178	1	2	2	0	183
7445	4	0	0	182	0	186
7446	1	0	183	4	0	188
7447	0	1	181	1	0	183
7448	191	0	2	1	0	194
7449	195	1	1	2	0	199
7450	197	0	0	1	0	198
7451	199	0	1	2	0	202
7452	3	0	196	1	0	200
7453	2	0	2	202	0	206
7454	1	0	1	212	0	214
7455	208	0	0	5	0	213
7456	3	0	0	209	0	212
7457	1	0	206	3	0	210
7458	0	0	3	209	0	212
7459	0	0	209	4	0	213
7460	1	213	2	1	0	217
7461	219	2	2	2	0	225
7462	4	1	1	221	0	227
7463	2	0	217	3	0	222
7464	0	0	3	223	0	226
7465	1	0	1	232	0	234
7466	1	0	228	6	0	235
7467	1	0	3	231	0	235
7468	233	1	1	4	0	239
7469	5	0	223	2	0	230
7470	226	0	3	1	0	230
7471	4	231	1	0	0	236
7472	1	5	221	2	0	229
7473	0	1	227	1	0	229
7474	2	2	5	204	0	213
7475	0	0	1	215	0	216
7476	0	1	215	5	0	221
7477	1	0	4	215	0	220
7478	216	0	1	5	0	222
7479	218	0	0	1	0	219
7480	5	0	0	213	0	218
7481	1	0	0	214	0	215
7482	0	212	1	5	0	218
7483	219	4	0	2	0	225
7484	5	1	0	216	0	222
7485	1	218	1	4	0	224
7486	225	3	0	1	0	229
7487	232	2	0	0	0	234
7488	6	232	1	0	0	239
7489	1	5	0	231	0	237
7490	0	1	0	231	0	232
7491	0	0	218	7	0	225
7492	1	0	5	221	0	227
7493	214	0	1	6	0	221
7494	6	0	0	214	0	220
7495	2	0	212	6	0	220
7496	211	0	5	3	0	219
7497	6	0	1	212	0	219
7498	1	1	214	6	0	222
7499	2	0	6	214	0	222
7500	0	1	212	7	0	220
7501	0	0	6	213	0	219
7502	1	1	1	227	0	230
7503	223	0	1	6	0	230
7504	5	222	0	4	0	231
7505	231	5	1	0	0	237
7506	234	1	0	3	0	238
7507	232	0	2	1	0	235
7508	7	230	1	1	0	239
7509	2	6	225	2	0	235
7510	2	1	6	235	0	244
7511	233	0	3	7	0	243
7512	239	0	2	1	0	242
7513	6	1	0	232	0	239
7514	229	0	2	5	0	236
7515	6	0	222	3	0	231
7516	225	1	6	1	0	233
7517	6	0	217	1	0	224
7518	3	215	5	1	0	224
7519	221	4	1	1	0	227
7520	215	3	0	0	0	218
7521	9	211	1	0	0	221
7522	211	4	1	1	0	217
7523	204	0	0	1	0	205
7524	5	1	199	1	0	206
7525	199	0	4	1	0	204
7526	5	0	192	2	0	199
7527	0	3	5	181	0	189
7528	1	183	0	5	0	189
7529	1	4	190	0	0	195
7530	164	7	4	2	0	177
7531	164	0	0	2	0	166
7532	4	0	0	155	0	159
7533	0	1	155	3	0	159
7534	1	0	1	154	0	156
7535	161	0	0	4	0	165
7536	2	157	2	1	0	162
7537	156	2	1	1	0	160
7538	158	0	1	0	0	159
7539	3	156	1	1	0	161
7540	0	3	1	153	0	157
7541	153	0	0	4	0	157
7542	4	0	1	153	0	158
7543	1	0	0	159	0	160
7544	0	0	159	4	0	163
7545	1	0	4	162	0	167
7546	0	1	1	162	0	164
7547	158	0	0	3	0	161
7548	155	1	0	0	0	156
7549	4	1	0	156	0	161
7550	1	0	149	3	0	153
7551	0	1	155	0	0	156
7552	1	0	3	149	0	153
7553	1	0	155	3	0	159
7554	0	0	3	149	0	152
7555	0	0	1	148	0	149
7556	147	0	1	4	0	152
7557	4	0	143	1	0	148
7558	147	0	3	3	0	153
7559	144	0	2	0	0	146
7560	6	0	136	0	0	142
7561	0	0	139	4	0	143
7562	0	4	5	129	0	138
7563	0	130	1	4	0	135
7564	0	131	0	2	0	133
7565	1	1	1	123	0	126
7566	1	0	1	113	0	115
7567	2	0	0	119	0	121
7568	2	1	0	116	0	119
7569	112	0	2	1	0	115
7570	3	0	1	112	0	116
7571	2	0	110	2	0	114
7572	0	1	2	108	0	111
7573	0	110	2	1	0	113
7574	0	0	0	116	0	116
7575	114	1	0	2	0	117
7576	3	0	0	114	0	117
7577	0	0	109	5	0	114
7578	2	110	3	0	0	115
7579	0	2	1	115	0	118
7580	112	0	2	3	0	117
7581	114	0	1	2	0	117
7582	2	1	0	118	0	121
7583	2	0	111	3	0	116
7584	2	0	105	1	0	108
7585	105	1	2	1	0	109
7586	4	0	104	1	0	109
7587	1	2	100	0	0	103
7588	0	0	5	95	0	100
7589	100	0	1	2	0	103
7590	96	1	0	0	0	97
7591	97	1	0	1	0	99
7592	1	0	107	0	0	108
7593	0	0	108	1	0	109
7594	1	113	1	1	0	116
7595	0	1	1	115	0	117
7596	1	0	1	115	0	117
7597	0	0	0	115	0	115
7598	2	0	1	113	0	116
7599	1	0	113	2	0	116
7600	1	116	1	0	0	118
7601	115	1	1	1	0	118
7602	123	0	1	0	0	124
7603	125	1	0	1	0	127
7604	3	120	1	1	0	125
7605	0	3	1	120	0	124
7606	131	1	0	5	0	137
7607	4	140	0	2	0	146
7608	143	3	1	0	0	147
7609	3	141	0	1	0	145
7610	140	4	1	0	0	145
7611	143	1	0	0	0	144
7612	8	0	0	143	0	151
7613	2	1	1	153	0	157
7614	1	0	151	7	0	159
7615	1	1	153	2	0	157
7616	151	1	5	2	0	159
7617	164	0	1	0	0	165
7618	7	2	0	156	0	165
7619	3	0	1	160	0	164
7620	1	1	158	6	0	166
7621	1	1	4	157	0	163
7622	1	0	157	7	0	165
7623	0	0	6	158	0	164
7624	0	0	2	165	0	167
7625	158	0	1	7	0	166
7626	158	0	2	2	0	162
7627	7	1	0	154	0	162
7628	3	0	1	159	0	163
7629	2	0	152	8	0	162
7630	2	0	5	153	0	160
7631	2	1	151	5	0	159
7632	155	0	4	5	0	164
7633	6	0	2	155	0	163
7634	152	1	1	7	0	161
7635	6	149	2	3	0	160
7636	152	6	1	2	0	161
7637	7	1	1	150	0	159
7638	3	0	1	157	0	161
7639	1	149	0	9	0	159
7640	2	5	2	153	0	162
7641	1	2	154	8	0	165
7642	2	0	7	156	0	165
7643	2	0	153	6	0	161
7644	1	146	5	6	0	158
7645	0	5	2	145	0	152
7646	1	1	142	8	0	152
7647	1	0	140	4	0	145
7648	1	4	5	141	0	151
7649	134	1	2	6	0	143
7650	6	2	134	1	0	143
7651	3	0	4	133	0	140
7652	136	0	3	6	0	145
7653	6	134	1	2	0	143
7654	139	6	1	3	0	149
7655	7	2	1	141	0	151
7656	1	0	1	149	0	151
7657	0	0	2	150	0	152
7658	144	1	1	7	0	153
7659	6	1	0	146	0	153
7660	3	0	0	149	0	152
7661	138	0	2	8	0	148
7662	6	0	137	4	0	147
7663	2	0	6	140	0	148
7664	1	1	141	6	0	149
7665	138	0	6	3	0	147
7666	7	0	1	139	0	147
7667	2	1	135	6	0	144
7668	135	0	7	2	0	144
7669	143	0	1	2	0	146
7670	7	0	149	2	0	158
7671	2	0	5	149	0	156
7672	2	1	1	156	0	160
7673	1	0	159	7	0	167
7674	1	159	6	3	0	169
7675	3	4	162	0	0	169
7676	159	1	6	1	0	167
7677	5	0	171	2	0	178
7678	169	0	6	3	0	178
7679	6	0	177	0	0	183
7680	174	1	6	1	0	182
7681	6	173	4	0	0	183
7682	3	5	0	172	0	180
7683	2	1	0	179	0	182
7684	0	0	173	7	0	180
7685	0	1	6	174	0	181
7686	0	172	2	7	0	181
7687	169	5	2	1	0	177
7688	5	172	1	1	0	179
7689	2	5	1	174	0	182
7690	174	1	1	5	0	181
7691	7	178	1	1	0	187
7692	166	6	0	0	0	172
7693	5	2	169	2	0	178
7694	2	0	6	168	0	176
7695	0	1	2	173	0	176
7696	0	0	0	178	0	178
7697	171	1	0	7	0	179
7698	176	0	1	2	0	179
7699	175	1	0	1	0	177
7700	173	2	0	1	0	176
7701	8	0	162	1	0	171
7702	148	1	3	1	0	153
7703	3	141	1	2	0	147
7704	1	147	0	0	0	148
7705	146	4	5	1	0	156
7706	145	0	1	1	0	147
7707	4	0	1	132	0	137
7708	136	0	0	2	0	138
7709	138	0	0	2	0	140
7710	144	0	0	2	0	146
7711	3	0	0	145	0	148
7712	1	145	0	1	0	147
7713	1	142	0	0	0	143
7714	1	1	0	147	0	149
7715	145	0	0	1	0	146
7716	1	144	0	0	0	145
7717	0	1	0	143	0	144
7718	0	0	143	1	0	144
7719	137	0	1	0	0	138
7720	1	146	0	0	0	147
7721	0	144	0	0	0	144
7722	144	1	0	0	0	145
7723	1	0	150	0	0	151
7724	0	0	1	149	0	150
7725	0	150	0	2	0	152
7726	0	1	0	154	0	155
7727	0	0	0	154	0	154
7728	0	148	1	1	0	150
7729	0	1	0	161	0	162
7730	0	0	0	162	0	162
7731	162	0	0	1	0	163
7732	1	159	0	0	0	160
7733	159	1	0	0	0	160
7734	1	0	0	158	0	159
7735	0	165	0	2	0	167
7736	0	1	166	0	0	167
7737	0	0	0	173	0	173
7738	0	0	0	173	0	173
7739	0	0	176	1	0	177
7740	178	0	1	0	0	179
7741	1	0	0	203	0	204
7742	202	0	0	1	0	203
7743	1	0	199	0	0	200
7744	0	0	1	202	0	203
7745	1	0	212	1	0	214
7746	0	0	2	215	0	217
7747	0	0	0	220	0	220
7748	215	0	1	1	0	217
7749	1	216	0	1	0	218
7750	221	1	0	1	0	223
7751	2	0	220	0	0	222
7752	0	1	0	219	0	220
7753	1	0	230	0	0	231
7754	210	0	1	0	0	211
7755	225	0	0	1	0	226
7756	0	0	227	0	0	227
7757	223	0	1	0	0	224
7758	228	0	0	0	0	228
7759	1	0	1	225	0	227
7760	1	0	225	1	0	227
7761	1	0	228	0	0	229
7762	0	0	2	234	0	236
7763	0	0	1	230	0	231
7764	1	232	1	2	0	236
7765	0	236	1	1	0	238
7766	237	2	0	2	0	241
7767	2	1	1	245	0	249
7768	0	246	0	2	0	248
7769	1	251	0	1	0	253
7770	233	2	0	1	0	236
7771	2	2	0	232	0	236
7772	1	235	0	2	0	238
7773	1	2	1	229	0	233
7774	0	0	0	228	0	228
7775	0	1	2	226	0	229
7776	226	0	0	3	0	229
7777	3	223	0	1	0	227
7778	0	2	1	225	0	228
7779	2	0	0	224	0	226
7780	1	1	0	222	0	224
7781	0	0	218	4	0	222
7782	211	0	3	1	0	215
7783	2	0	1	220	0	223
7784	218	0	1	3	0	222
7785	220	0	0	1	0	221
7786	217	0	0	2	0	219
7787	3	1	212	0	0	216
7788	2	207	2	0	0	211
7789	1	2	0	207	0	210
7790	0	1	209	2	0	212
7791	0	2	199	0	0	201
7792	1	2	2	199	0	204
7793	0	198	1	2	0	201
7794	199	3	1	1	0	204
7795	200	0	0	2	0	202
7796	204	1	0	1	0	206
7797	202	0	0	1	0	203
7798	4	0	202	0	0	206
7799	201	1	2	1	0	205
7800	3	203	0	1	0	207
7801	1	2	1	208	0	212
7802	1	0	0	212	0	213
7803	208	1	1	3	0	213
7804	3	0	0	208	0	211
7805	0	0	205	4	0	209
7806	197	0	2	2	0	201
7807	207	0	0	1	0	208
7808	200	0	1	1	0	202
7809	3	0	193	0	0	196
7810	185	1	2	0	0	188
7811	3	185	0	1	0	189
7812	180	2	3	2	0	187
7813	3	0	1	179	0	183
7814	0	1	0	184	0	185
7815	0	181	0	2	0	183
7816	1	2	0	180	0	183
7817	1	177	0	3	0	181
7818	1	3	0	174	0	178
7819	1	168	0	3	0	172
7820	0	3	1	172	0	176
7821	1	171	0	3	0	175
7822	0	4	0	181	0	185
7823	0	171	0	3	0	174
7824	189	3	0	1	0	193
7825	4	0	0	196	0	200
7826	0	1	0	199	0	200
7827	2	0	1	218	0	221
7828	1	0	0	221	0	222
7829	1	0	222	8	0	231
7830	1	0	5	228	0	234
7831	0	0	1	232	0	233
7832	225	0	2	7	0	234
7833	226	1	1	2	0	230
7834	7	224	0	3	0	234
7835	2	5	0	220	0	227
7836	3	0	0	243	0	246
7837	240	3	0	8	0	251
7838	8	1	223	3	0	235
7839	227	1	6	2	0	236
7840	9	222	0	2	0	233
7841	205	8	1	0	0	214
7842	212	0	0	0	0	212
7843	9	201	0	0	0	210
7844	1	207	0	0	0	208
7845	2	9	0	191	0	202
7846	1	1	189	8	0	199
7847	181	2	8	1	0	192
7848	8	1	182	1	0	192
7849	181	0	9	1	0	191
7850	9	0	184	0	0	193
7851	1	183	9	0	0	193
7852	1	8	1	183	0	193
7853	169	0	1	8	0	178
7854	176	1	1	1	0	179
7855	8	2	0	175	0	185
7856	182	0	0	7	0	189
7857	192	0	0	1	0	193
7858	8	183	0	2	0	193
7859	184	5	0	2	0	191
7860	10	183	0	1	0	194
7861	2	7	1	183	0	193
7862	182	1	0	8	0	191
7863	192	1	0	1	0	194
7864	189	2	0	1	0	192
7865	8	0	181	2	0	191
7866	2	1	186	0	0	189
7867	3	0	4	178	0	185
7868	2	0	1	188	0	191
7869	1	193	3	6	0	203
7870	195	6	3	1	0	205
7871	7	0	0	200	0	207
7872	0	2	0	202	0	204
7873	2	2	200	6	0	210
7874	3	191	5	1	0	200
7875	0	202	0	3	0	205
7876	0	7	1	201	0	209
7877	192	1	2	7	0	202
7878	6	2	1	192	0	201
7879	1	2	0	199	0	202
7880	193	0	1	8	0	202
7881	201	0	0	1	0	202
7882	6	0	1	197	0	204
7883	2	2	194	8	0	206
7884	5	0	6	197	0	208
7885	3	0	0	206	0	209
7886	195	0	0	10	0	205
7887	7	0	2	200	0	209
7888	197	0	1	11	0	209
7889	7	1	201	3	0	212
7890	3	1	6	209	0	219
7891	5	0	0	212	0	217
7892	7	1	1	211	0	220
7893	2	1	4	209	0	216
7894	1	3	0	212	0	216
7895	1	1	200	12	0	214
7896	204	0	6	5	0	215
7897	9	0	1	203	0	213
7898	1	1	199	9	0	210
7899	3	1	206	2	0	212
7900	4	2	6	197	0	209
7901	201	1	1	7	0	210
7902	201	1	4	1	0	207
7903	202	3	3	2	0	210
7904	7	3	0	195	0	205
7905	3	192	2	8	0	205
7906	202	6	2	0	0	210
7907	206	2	0	1	0	209
7908	202	2	2	3	0	209
7909	204	2	2	0	0	208
7910	9	1	3	196	0	209
7911	3	2	194	9	0	208
7912	5	0	7	196	0	208
7913	7	0	196	8	0	211
7914	195	0	5	4	0	204
7915	204	0	3	2	0	209
7916	10	0	193	4	0	207
7917	196	1	8	2	0	207
7918	211	1	1	2	0	215
7919	10	0	2	201	0	213
7920	4	207	2	7	0	220
7921	210	6	1	2	0	219
7922	10	2	0	195	0	207
7923	4	193	0	7	0	204
7924	1	9	0	183	0	193
7925	1	2	186	6	0	195
7926	2	188	4	1	0	195
7927	163	5	3	1	0	172
7928	163	0	1	1	0	165
7929	155	0	1	0	0	156
7930	158	1	1	1	0	161
7931	3	2	2	149	0	156
7932	1	151	0	4	0	156
7933	145	1	1	0	0	147
7934	4	1	151	0	0	156
7935	2	138	2	1	0	143
7936	0	1	130	2	0	133
7937	1	0	0	120	0	121
7938	1	110	2	0	0	113
7939	1	1	0	128	0	130
7940	0	2	138	0	0	140
7941	1	0	0	138	0	139
7942	1	1	0	138	0	140
7943	0	1	0	141	0	142
7944	137	0	1	2	0	140
7945	1	138	1	2	0	142
7946	1	1	0	141	0	143
7947	141	0	0	2	0	143
7948	1	138	1	0	0	140
7949	141	0	0	1	0	142
7950	1	0	143	2	0	146
7951	2	0	0	140	0	142
7952	0	149	0	1	0	150
7953	146	0	0	1	0	147
7954	0	0	144	0	0	144
7955	0	136	0	1	0	137
7956	0	0	1	134	0	135
7957	0	0	0	133	0	133
7958	129	1	0	0	0	130
7959	0	0	0	132	0	132
7960	0	0	128	0	0	128
7961	0	0	0	125	0	125
7962	0	0	127	1	0	128
7963	0	0	1	124	0	125
7964	1	129	0	0	0	130
7965	128	1	0	1	0	130
7966	125	0	0	1	0	126
7967	0	122	0	0	0	122
7968	0	116	0	0	0	116
7969	1	0	0	109	0	110
7970	108	0	0	0	0	108
7971	0	0	0	107	0	107
7972	107	0	0	0	0	107
7973	0	105	0	0	0	105
7974	0	0	0	108	0	108
7975	0	0	109	0	0	109
7976	0	1	0	106	0	107
7977	0	0	0	110	0	110
7978	116	0	0	0	0	116
7979	0	125	0	0	0	125
7980	1	1	0	126	0	128
7981	128	0	0	0	0	128
7982	0	0	125	0	0	125
7983	127	0	0	0	0	127
7984	0	0	0	130	0	130
7985	0	133	0	0	0	133
7986	135	0	0	0	0	135
7987	0	0	136	0	0	136
7988	0	0	131	0	0	131
7989	0	134	0	0	0	134
7990	130	0	0	1	0	131
7991	1	0	1	135	0	137
7992	0	0	0	139	0	139
7993	141	0	0	1	0	142
7994	0	0	143	0	0	143
7995	1	0	0	143	0	144
7996	0	0	151	0	0	151
7997	0	0	0	152	0	152
7998	0	148	0	0	0	148
7999	0	0	0	157	0	157
8000	0	0	156	0	0	156
8001	151	0	0	2	0	153
8002	0	0	0	158	0	158
8003	0	0	160	0	0	160
8004	0	1	0	155	0	156
8005	0	0	0	161	0	161
8006	0	0	155	0	0	155
8007	0	0	158	0	0	158
8008	0	0	1	164	0	165
8009	0	0	164	0	0	164
8010	163	0	0	1	0	164
8011	0	0	0	167	0	167
8012	168	0	0	0	0	168
8013	0	0	164	0	0	164
8014	0	0	1	170	0	171
8015	0	0	176	0	0	176
8016	0	175	1	0	0	176
8017	0	1	181	0	0	182
8018	0	0	172	0	0	172
8019	174	0	1	0	0	175
8020	173	0	0	0	0	173
8021	1	0	180	0	0	181
8022	0	1	1	172	0	174
8023	0	0	0	181	0	181
8024	0	0	185	1	0	186
8025	0	178	1	0	0	179
8026	176	1	0	0	0	177
8027	1	0	180	0	0	181
8028	0	0	1	182	0	183
8029	0	0	0	185	0	185
8030	188	0	0	1	0	189
8031	186	0	0	1	0	187
8032	184	0	0	1	0	185
8033	191	0	0	0	0	191
8034	1	0	0	195	0	196
8035	0	0	198	1	0	199
8036	0	0	1	204	0	205
8037	0	0	0	202	0	202
8038	0	0	0	208	0	208
8039	0	0	205	1	0	206
8040	189	0	1	1	0	191
8041	1	0	0	196	0	197
8042	1	0	199	1	0	201
8043	0	203	1	0	0	204
8044	0	0	0	205	0	205
8045	0	0	0	208	0	208
8046	204	0	0	2	0	206
8047	1	213	0	0	0	214
8048	0	1	211	0	0	212
8049	0	0	1	212	0	213
8050	0	0	0	209	0	209
8051	206	0	0	1	0	207
8052	207	0	0	1	0	208
8053	1	0	0	207	0	208
8054	210	0	0	1	0	211
8055	1	207	0	0	0	208
8056	0	0	220	0	0	220
8057	0	0	1	217	0	218
8058	0	0	0	227	0	227
8059	0	0	0	227	0	227
8060	0	0	0	228	0	228
8061	0	223	0	1	0	224
8062	223	1	0	0	0	224
8063	1	0	0	223	0	224
8064	0	238	0	1	0	239
8065	244	1	0	0	0	245
8066	245	0	0	0	0	245
8067	2	247	0	0	0	249
8068	0	1	0	257	0	258
8069	0	2	0	261	0	263
8070	0	0	0	262	0	262
8071	0	0	0	264	0	264
8072	276	0	0	1	0	277
8073	274	0	0	0	0	274
8074	2	275	0	0	0	277
8075	0	2	277	0	0	279
8076	0	0	2	277	0	279
8077	280	0	0	2	0	282
8078	2	271	0	0	0	273
8079	0	264	0	0	0	264
8080	267	1	0	0	0	268
8081	269	0	0	0	0	269
8082	2	0	0	272	0	274
8083	0	0	279	2	0	281
8084	0	0	298	0	0	298
8085	314	0	4	1	0	319
8086	323	0	1	1	0	325
8087	319	0	0	0	0	319
8088	323	0	0	0	0	323
8089	323	0	0	0	0	323
8090	3	324	0	0	0	327
8091	0	4	0	326	0	330
8092	0	337	0	4	0	341
8093	345	3	0	0	0	348
8094	340	0	1	0	0	341
8095	342	0	0	0	0	342
8096	344	0	0	0	0	344
8097	2	334	0	0	0	336
8098	337	2	0	0	0	339
8099	2	335	0	0	0	337
8100	0	3	0	337	0	340
8101	338	0	0	2	0	340
8102	2	0	342	0	0	344
8103	0	0	2	339	0	341
8104	0	0	0	355	0	355
8105	0	0	348	2	0	350
8106	1	351	2	0	0	354
8107	353	2	0	0	0	355
8108	352	0	0	0	0	352
8109	1	347	0	0	0	348
8110	0	2	0	347	0	349
8111	0	0	353	2	0	355
8112	0	369	2	0	0	371
8113	368	2	0	0	0	370
8114	2	0	367	0	0	369
8115	339	0	1	1	0	341
8116	352	0	0	0	0	352
8117	1	0	369	0	0	370
8118	0	372	1	0	0	373
8119	0	1	0	375	0	376
8120	1	0	381	1	0	383
8121	358	0	1	1	0	360
8122	376	0	0	0	0	376
8123	1	383	0	0	0	384
8124	1	1	0	380	0	382
8125	0	0	0	384	0	384
8126	0	1	395	1	0	397
8127	0	389	2	0	0	391
8128	425	1	0	2	0	428
8129	430	0	0	0	0	430
8130	434	0	0	2	0	436
8131	1	0	426	0	0	427
8132	428	0	1	0	0	429
8133	438	0	0	0	0	438
8134	1	0	0	437	0	438
8135	0	0	434	1	0	435
8136	1	0	1	430	0	432
8137	0	0	435	1	0	436
8138	1	0	1	419	0	421
8139	0	427	0	1	0	428
8140	0	452	0	0	0	452
8141	0	1	1	452	0	454
8142	1	0	0	430	0	431
8143	447	0	0	2	0	449
8144	1	1	441	0	0	443
8145	438	0	2	0	0	440
8146	1	449	0	1	0	451
8147	452	1	0	0	0	453
8148	459	1	0	1	0	461
8149	3	0	0	458	0	461
8150	1	0	483	2	0	486
8151	3	0	2	479	0	484
8152	0	505	4	3	0	512
8153	0	3	0	518	0	521
8154	0	1	1	520	0	522
8155	517	0	0	4	0	521
8156	4	0	0	507	0	511
8157	3	507	0	3	0	513
8158	2	3	0	511	0	516
8159	517	1	0	3	0	521
8160	3	519	0	1	0	523
8161	1	2	0	533	0	536
8162	0	2	0	534	0	536
8163	0	0	0	557	0	557
8164	2	0	0	538	0	540
8165	544	0	0	4	0	548
8166	4	0	0	552	0	556
8167	1	1	0	562	0	564
8168	2	0	0	573	0	575
8169	0	571	0	5	0	576
8170	573	5	0	2	0	580
8171	7	1	575	0	0	583
8172	0	565	5	0	0	570
8173	558	4	1	0	0	563
8174	4	0	566	1	0	571
8175	1	568	4	0	0	573
8176	0	9	1	560	0	570
8177	0	571	0	3	0	574
8178	0	5	565	2	0	572
8179	0	1	568	0	0	569
8180	0	568	6	1	0	575
8181	572	5	1	1	0	579
8182	578	1	0	1	0	580
8183	5	0	556	1	0	562
8184	1	1	509	2	0	513
8185	3	0	526	0	0	529
8186	0	0	6	520	0	526
8187	0	0	1	524	0	525
8188	0	0	0	529	0	529
8189	0	1	537	6	0	544
8190	1	0	7	524	0	532
8191	0	1	2	526	0	529
8192	0	1	517	7	0	525
8193	518	0	5	2	0	525
8194	5	0	3	535	0	543
8195	1	1	0	532	0	534
8196	0	535	1	9	0	545
8197	538	7	0	2	0	547
8198	6	2	538	0	0	546
8199	534	0	6	0	0	540
8200	6	1	1	536	0	544
8201	2	0	543	6	0	551
8202	0	0	6	539	0	545
8203	539	0	3	7	0	549
8204	6	0	537	2	0	545
8205	540	0	7	1	0	548
8206	544	0	2	2	0	548
8207	555	0	0	2	0	557
8208	7	540	0	1	0	548
8209	2	5	1	561	0	569
8210	565	1	0	7	0	573
8211	563	0	0	3	0	566
8212	576	0	1	0	0	577
8213	9	0	564	0	0	573
8214	579	0	7	1	0	587
8215	9	0	3	614	0	626
8216	3	2	609	9	0	623
8217	1	1	9	638	0	649
8218	0	0	4	643	0	647
8219	0	0	648	16	0	664
8220	1	0	13	671	0	685
8221	1	0	4	690	0	695
8222	0	0	760	20	0	780
8223	784	0	20	6	0	810
8224	872	0	6	3	0	881
8225	29	0	2	880	0	911
8226	9	0	871	23	0	903
8227	9	0	22	858	0	889
8228	7	846	7	27	0	887
8229	3	23	3	857	0	886
8230	1	6	5	873	0	885
8231	845	3	5	33	0	886
8232	859	4	1	17	0	881
8233	868	2	3	11	0	884
8234	35	0	4	842	0	881
8235	16	2	1	865	0	884
8236	13	1	833	35	0	882
8237	11	0	25	821	0	857
8238	7	831	8	36	0	882
8239	829	25	5	16	0	875
8240	29	817	6	12	0	864
8241	828	30	5	9	0	872
8242	32	10	1	810	0	853
8243	15	812	3	30	0	860
8244	814	30	5	7	0	856
8245	824	12	0	12	0	848
8246	40	6	4	810	0	860
8247	14	809	4	34	0	861
8248	12	34	1	803	0	850
8249	13	7	787	32	0	839
8250	768	7	29	15	0	819
8251	31	781	5	8	0	825
8252	754	30	1	6	0	791
8253	33	6	4	748	0	791
8254	756	6	4	34	0	800
8255	36	9	761	12	0	818
8256	787	5	30	7	0	829
8257	803	1	7	8	0	819
8258	43	4	777	9	0	833
8259	18	4	30	778	0	830
8260	12	3	13	797	0	825
8261	768	2	5	38	0	813
8262	34	752	8	11	0	805
8263	11	30	8	741	0	790
8264	13	10	728	35	0	786
8265	14	4	743	13	0	774
8266	10	717	31	12	0	770
8267	8	29	708	13	0	758
8268	678	6	35	12	0	731
8269	32	5	16	666	0	719
8270	677	6	9	31	0	723
8271	27	9	674	15	0	725
8272	13	4	34	673	0	724
8273	10	5	9	696	0	720
8274	10	6	663	33	0	712
8275	11	6	31	666	0	714
8276	663	5	11	36	0	715
8277	684	3	6	22	0	715
8278	37	2	10	663	0	712
8279	661	2	11	33	0	707
8280	680	5	2	18	0	705
8281	46	642	5	9	0	702
8282	20	23	6	657	0	706
8283	654	6	7	37	0	704
8284	41	4	6	653	0	704
8285	650	7	4	34	0	695
8286	34	6	3	653	0	696
8287	21	3	647	38	0	709
8288	17	642	27	17	0	703
8289	12	22	8	617	0	659
8290	15	635	5	29	0	684
8291	632	25	11	13	0	681
8292	32	623	9	12	0	676
8293	15	627	5	13	0	660
8294	15	28	4	616	0	663
8295	614	13	8	28	0	663
8296	33	11	3	613	0	660
8297	601	13	4	37	0	655
8298	621	7	7	16	0	651
8299	35	601	6	16	0	658
8300	619	32	6	10	0	667
8301	624	12	4	12	0	652
8302	631	9	5	6	0	651
8303	44	7	577	10	0	638
8304	22	9	20	586	0	637
8305	26	5	7	595	0	633
8306	14	5	564	34	0	617
8307	577	6	25	16	0	624
8308	602	2	11	16	0	631
8309	593	4	6	16	0	619
8310	587	2	8	15	0	612
8311	44	546	11	8	0	609
8312	543	23	2	12	0	580
8313	43	7	4	523	0	577
8314	25	5	485	22	0	537
8315	491	5	18	12	0	526
8316	34	479	5	9	0	527
8317	448	14	2	7	0	471
8318	25	433	3	9	0	470
8319	16	408	4	5	0	433
8320	12	382	1	9	0	404
8321	12	391	10	7	0	420
8322	16	9	296	6	0	327
8323	12	31	12	216	0	271
8324	3	1	189	6	0	199
8325	149	4	5	1	0	159
8326	6	152	0	3	0	161
8327	3	155	0	2	0	160
8328	2	5	1	142	0	150
8329	2	1	1	144	0	148
8330	0	3	140	3	0	146
8331	1	1	143	2	0	147
8332	1	4	3	140	0	148
8333	1	1	140	3	0	145
8334	3	139	1	1	0	144
8335	3	3	0	137	0	143
8336	2	1	1	146	0	150
8337	1	2	146	2	0	151
8338	3	0	2	144	0	149
8339	146	0	0	3	0	149
8340	2	1	3	141	0	147
8341	1	1	0	142	0	144
8342	1	1	136	3	0	141
8343	139	0	1	1	0	141
8344	1	139	2	1	0	143
8345	3	0	1	139	0	143
8346	3	1	137	1	0	142
8347	2	2	1	135	0	140
8348	135	2	1	1	0	139
8349	2	1	133	2	0	138
8350	2	0	1	136	0	139
8351	2	0	136	1	0	139
8352	1	135	0	2	0	138
8353	2	2	137	0	0	141
8354	1	131	2	2	0	136
8355	0	1	106	1	0	108
8356	1	2	0	92	0	95
8357	0	94	0	0	0	94
8358	85	0	0	0	0	85
8359	0	0	0	85	0	85
8360	85	0	0	0	0	85
8361	0	0	0	88	0	88
8362	1	0	0	89	0	90
8363	90	0	0	0	0	90
8364	96	0	0	0	0	96
8365	1	1	0	99	0	101
8366	0	0	106	1	0	107
8367	0	105	1	0	0	106
8368	0	1	108	0	0	109
8369	0	104	1	1	0	106
8370	104	2	0	1	0	107
8371	2	0	99	0	0	101
8372	1	0	105	1	0	107
8373	1	0	2	103	0	106
8374	104	0	3	2	0	109
8375	1	0	120	0	0	121
8376	1	131	1	0	0	133
8377	133	1	0	0	0	134
8378	135	0	1	2	0	138
8379	137	0	1	0	0	138
8380	140	1	0	1	0	142
8381	138	0	0	0	0	138
8382	2	1	139	0	0	142
8383	1	4	2	132	0	139
8384	1	141	1	1	0	144
8385	143	2	1	1	0	147
8386	3	146	0	1	0	150
8387	133	2	0	0	0	135
8388	133	0	1	0	0	134
8389	2	132	1	0	0	135
8390	134	2	0	1	0	137
8391	3	0	0	134	0	137
8392	2	0	0	138	0	140
8393	1	1	138	2	0	142
8394	2	143	2	0	0	147
8395	1	2	1	143	0	147
8396	0	1	0	148	0	149
8397	1	1	0	146	0	148
8398	1	0	142	3	0	146
8399	132	1	2	1	0	136
8400	3	0	0	139	0	142
8401	145	1	0	2	0	148
8402	2	1	0	146	0	149
8403	1	0	153	3	0	157
8404	0	0	156	2	0	158
8405	151	0	3	1	0	155
8406	155	0	1	0	0	156
8407	2	154	0	1	0	157
8408	1	2	151	1	0	155
8409	0	0	3	149	0	152
8410	2	0	0	131	0	133
8411	152	0	2	3	0	157
8412	159	0	0	1	0	160
8413	159	0	0	2	0	161
8414	4	1	155	1	0	161
8415	158	0	4	2	0	164
8416	4	0	1	164	0	169
8417	1	0	1	168	0	170
8418	3	0	0	170	0	173
8419	2	165	1	3	0	171
8420	165	4	0	1	0	170
8421	3	1	1	159	0	164
8422	1	0	164	3	0	168
8423	1	0	3	163	0	167
8424	1	166	0	4	0	171
8425	166	3	0	1	0	170
8426	5	1	0	163	0	169
8427	1	0	2	163	0	166
8428	1	0	163	5	0	169
8429	0	1	4	164	0	169
8430	1	166	0	4	0	171
8431	0	4	0	166	0	170
8432	1	1	162	7	0	171
8433	155	0	4	1	0	160
8434	167	0	0	3	0	170
8435	3	168	2	0	0	173
8436	157	3	0	1	0	161
8437	161	2	0	1	0	164
8438	5	159	0	1	0	165
8439	1	3	1	161	0	166
8440	164	1	0	4	0	169
8441	5	171	1	0	0	177
8442	1	4	175	0	0	180
8443	172	2	3	1	0	178
8444	188	0	0	2	0	190
8445	191	1	1	0	0	193
8446	188	1	0	2	0	191
8447	6	194	1	0	0	201
8448	200	5	1	0	0	206
8449	205	0	0	1	0	206
8450	210	1	0	0	0	211
8451	7	1	0	202	0	210
8452	204	1	0	4	0	209
8453	7	218	0	0	0	225
8454	1	4	235	0	0	240
8455	2	2	4	243	0	251
8456	250	0	0	7	0	257
8457	7	0	251	1	0	259
8458	1	1	5	255	0	262
8459	2	1	254	5	0	262
8460	0	251	6	1	0	258
8461	1	5	1	252	0	259
8462	0	0	252	7	0	259
8463	1	255	4	2	0	262
8464	2	3	3	245	0	253
8465	250	1	1	5	0	257
8466	251	1	0	1	0	253
8467	247	0	0	2	0	249
8468	250	0	0	1	0	251
8469	248	0	1	2	0	251
8470	6	0	245	0	0	251
8471	252	0	4	0	0	256
8472	256	0	0	0	0	256
8473	7	1	1	250	0	259
8474	251	0	1	4	0	256
8475	238	0	1	1	0	240
8476	4	223	0	2	0	229
8477	4	3	0	226	0	233
8478	2	0	0	229	0	231
8479	223	1	0	5	0	229
8480	5	228	0	1	0	234
8481	0	231	0	1	0	232
8482	2	3	0	233	0	238
8483	1	1	0	237	0	239
8484	1	1	0	230	0	232
8485	0	1	0	238	0	239
8486	228	1	0	5	0	234
8487	231	0	0	1	0	232
8488	4	0	231	2	0	237
8489	2	0	4	225	0	231
8490	3	0	0	232	0	235
8491	1	0	231	4	0	236
8492	226	0	3	1	0	230
8493	4	228	0	1	0	233
8494	221	3	1	1	0	226
8495	5	0	0	223	0	228
8496	0	1	225	3	0	229
8497	2	0	4	222	0	228
8498	1	1	233	5	0	240
8499	1	241	4	0	0	246
8500	235	3	2	3	0	243
8501	239	0	4	0	0	243
8502	4	242	0	1	0	247
8503	1	4	0	230	0	235
8504	228	0	1	3	0	232
8505	4	227	0	0	0	231
8506	0	4	0	233	0	237
8507	234	0	0	4	0	238
8508	5	1	233	0	0	239
8509	227	0	3	2	0	232
8510	5	232	0	0	0	237
8511	235	3	1	0	0	239
8512	238	0	0	0	0	238
8513	4	1	232	0	0	237
8514	3	0	3	232	0	238
8515	1	0	0	232	0	233
8516	2	0	230	3	0	235
8517	1	1	2	225	0	229
8518	0	1	0	221	0	222
8519	228	0	1	5	0	234
8520	231	0	0	3	0	234
8521	4	0	0	228	0	232
8522	2	0	227	3	0	232
8523	2	1	3	225	0	231
8524	0	0	1	230	0	231
8525	0	0	229	3	0	232
8526	0	0	3	231	0	234
8527	227	0	1	5	0	233
8528	229	0	1	0	0	230
8529	4	224	0	1	0	229
8530	230	2	1	0	0	233
8531	227	0	0	2	0	229
8532	2	226	1	1	0	230
8533	230	3	1	1	0	235
8534	232	0	1	1	0	234
8535	245	3	0	0	0	248
8536	6	0	242	0	0	248
8537	244	0	3	1	0	248
8538	4	1	0	246	0	251
8539	250	0	1	6	0	257
8540	6	0	247	0	0	253
8541	0	243	4	1	0	248
8542	239	3	1	1	0	244
8543	5	242	1	0	0	248
8544	1	5	1	232	0	239
8545	2	0	0	242	0	244
8546	241	2	0	4	0	247
8547	236	1	0	1	0	238
8548	6	0	232	1	0	239
8549	2	0	228	0	0	230
8550	1	0	231	1	0	233
8551	3	1	3	228	0	235
8552	1	1	228	4	0	234
8553	3	3	205	1	0	212
8554	3	11	4	185	0	203
8555	198	1	0	2	0	201
8556	202	1	0	0	0	203
8557	201	1	0	2	0	204
8558	197	0	1	2	0	200
8559	3	0	0	199	0	202
8560	2	0	0	200	0	202
8561	0	0	218	2	0	220
8562	0	0	3	215	0	218
8563	2	0	2	208	0	212
8564	223	0	1	3	0	227
8565	219	1	1	1	0	222
8566	4	0	2	214	0	220
8567	218	0	1	3	0	222
8568	224	1	0	1	0	226
8569	5	0	0	223	0	228
8570	4	0	0	222	0	226
8571	3	0	218	2	0	223
8572	1	0	215	0	0	216
8573	1	0	1	217	0	219
8574	1	0	1	220	0	222
8575	2	0	222	2	0	226
8576	214	0	3	2	0	219
8577	226	1	0	0	0	227
8578	4	0	216	1	0	221
8579	2	214	4	1	0	221
8580	217	1	1	1	0	220
8581	4	1	236	1	0	242
8582	3	3	2	229	0	237
8583	1	1	0	234	0	236
8584	240	0	1	3	0	244
8585	251	0	2	2	0	255
8586	2	0	1	251	0	254
8587	1	1	0	264	0	266
8588	259	0	1	2	0	262
8589	263	1	2	0	0	266
8590	262	0	1	1	0	264
8591	2	0	267	2	0	271
8592	2	1	3	266	0	272
8593	3	1	1	269	0	274
8594	270	0	2	3	0	275
8595	3	269	1	1	0	274
8596	302	2	1	3	0	308
8597	5	311	0	2	0	318
8598	4	3	1	314	0	322
8599	1	0	0	320	0	321
8600	0	0	315	7	0	322
8601	2	0	4	317	0	323
8602	3	0	312	4	0	319
8603	3	0	2	316	0	321
8604	3	0	1	318	0	322
8605	1	313	1	7	0	322
8606	0	318	0	4	0	322
8607	3	4	0	314	0	321
8608	1	1	0	316	0	318
8609	1	1	0	321	0	323
8610	3	1	0	325	0	329
8611	1	1	0	328	0	330
8612	0	0	329	8	0	337
8613	3	0	6	327	0	336
8614	1	0	1	332	0	334
8615	0	0	325	6	0	331
8616	1	326	6	2	0	335
8617	1	4	0	329	0	334
8618	0	1	325	5	0	331
8619	0	329	4	1	0	334
8620	1	6	0	330	0	337
8621	335	0	2	7	0	344
8622	6	0	0	340	0	346
8623	1	0	0	344	0	345
8624	2	0	0	347	0	349
8625	1	1	1	341	0	344
8626	1	335	1	7	0	344
8627	0	5	0	339	0	344
8628	345	0	1	8	0	354
8629	6	1	1	350	0	358
8630	2	1	0	350	0	353
8631	1	0	2	355	0	358
8632	344	1	1	7	0	353
8633	345	1	0	3	0	349
8634	7	0	1	346	0	354
8635	328	0	0	6	0	334
8636	337	0	0	0	0	337
8637	5	338	1	0	0	344
8638	337	4	0	2	0	343
8639	4	339	0	2	0	345
8640	0	335	2	0	0	337
8641	1	4	0	344	0	349
8642	0	0	352	3	0	355
8643	0	0	4	340	0	344
8644	0	0	0	342	0	342
8645	0	339	0	4	0	343
8646	338	5	0	0	0	343
8647	4	0	0	338	0	342
8648	0	0	357	5	0	362
8649	0	0	4	350	0	354
8650	0	354	0	5	0	359
8651	358	4	0	2	0	364
8652	4	0	1	360	0	365
8653	0	0	365	5	0	370
8654	0	0	4	363	0	367
8655	0	354	1	4	0	359
8656	0	5	0	358	0	363
8657	374	0	0	5	0	379
8658	390	0	1	1	0	392
8659	389	0	0	1	0	390
8660	6	393	0	2	0	401
8661	381	6	0	1	0	388
8662	6	0	1	383	0	390
8663	378	0	0	7	0	385
8664	6	377	1	1	0	385
8665	0	7	0	396	0	403
8666	0	0	410	7	0	417
8667	395	0	5	1	0	401
8668	7	418	0	0	0	425
8669	0	7	0	417	0	424
8670	0	0	0	428	0	428
8671	0	0	0	424	0	424
8672	1	0	0	417	0	418
8673	1	414	0	6	0	421
8674	419	6	1	1	0	427
8675	427	0	0	1	0	428
8676	6	0	422	1	0	429
8677	0	1	7	418	0	426
8678	1	0	421	6	0	428
8679	411	1	6	1	0	419
8680	421	1	1	0	0	423
8681	402	1	0	1	0	404
8682	6	0	1	390	0	397
8683	1	391	0	7	0	399
8684	393	5	1	1	0	400
8685	6	1	0	383	0	390
8686	379	0	0	7	0	386
8687	6	0	372	1	0	379
8688	0	1	368	0	0	369
8689	372	0	5	2	0	379
8690	8	1	0	374	0	383
8691	368	0	0	8	0	376
8692	6	367	0	2	0	375
8693	377	5	1	2	0	385
8694	382	0	0	0	0	382
8695	6	1	385	0	0	392
8696	0	0	351	1	0	352
8697	1	344	5	2	0	352
8698	3	6	0	336	0	345
8699	341	0	2	4	0	347
8700	4	0	0	343	0	347
8701	0	0	0	356	0	356
8702	0	0	344	4	0	348
8703	340	0	3	0	0	343
8704	4	0	0	356	0	360
8705	0	0	353	3	0	356
8706	0	1	354	0	0	355
8707	0	0	3	362	0	365
8708	0	0	356	3	0	359
8709	1	0	358	0	0	359
8710	0	0	3	335	0	338
8711	0	0	357	3	0	360
8712	0	0	3	348	0	351
8713	0	337	0	3	0	340
8714	356	3	0	4	0	363
8715	3	358	1	2	0	364
8716	0	2	0	365	0	367
8717	0	364	0	6	0	370
8718	0	3	396	0	0	399
8719	1	0	3	462	0	466
8720	0	0	538	8	0	546
8721	545	0	8	0	0	553
8722	8	556	0	1	0	565
8723	563	9	1	0	0	573
8724	10	0	0	563	0	573
8725	560	1	0	10	0	571
8726	10	0	557	0	0	567
8727	0	563	8	1	0	572
8728	559	9	1	1	0	570
8729	10	1	1	540	0	552
8730	1	555	0	9	0	565
8731	2	9	1	559	0	571
8732	574	3	0	8	0	585
8733	11	607	0	5	0	623
8734	616	11	2	1	0	630
8735	14	2	605	0	0	621
8736	605	2	9	2	0	618
8737	16	0	0	608	0	624
8738	607	1	2	14	0	624
8739	15	596	0	2	0	613
8740	2	12	2	606	0	622
8741	3	3	1	609	0	616
8742	3	2	593	13	0	611
8743	5	1	10	585	0	601
8744	3	2	2	596	0	603
8745	3	1	1	600	0	605
8746	3	2	1	595	0	601
8747	2	1	594	14	0	611
8748	3	561	9	5	0	578
8749	3	11	3	571	0	588
8750	565	1	2	16	0	584
8751	574	3	0	5	0	582
8752	12	569	1	6	0	588
8753	566	13	0	4	0	583
8754	574	3	2	2	0	581
8755	574	3	1	3	0	581
8756	14	555	3	6	0	578
8757	545	9	0	2	0	556
8758	13	3	0	534	0	550
8759	4	3	523	11	0	541
8760	4	515	9	3	0	531
8761	4	12	3	520	0	539
8762	5	2	515	10	0	532
8763	505	5	10	3	0	523
8764	13	2	2	509	0	526
8765	4	1	1	509	0	515
8766	4	1	1	499	0	505
8767	1	2	2	502	0	507
8768	3	2	480	14	0	499
8769	470	1	10	3	0	484
8770	11	473	1	6	0	491
8771	474	8	1	3	0	486
8772	11	471	1	5	0	488
8773	476	10	2	4	0	492
8774	11	3	2	477	0	493
8775	4	3	470	10	0	487
8776	4	0	474	3	0	481
8777	3	4	10	470	0	487
8778	5	1	3	474	0	483
8779	3	2	1	478	0	484
8780	463	2	3	13	0	481
8781	12	1	467	7	0	487
8782	2	6	10	454	0	472
8783	6	468	6	11	0	491
8784	468	11	1	5	0	485
8785	13	3	467	6	0	489
8786	4	470	10	7	0	491
8787	6	10	464	3	0	483
8788	1	5	14	469	0	489
8789	3	3	464	16	0	486
8790	2	2	467	7	0	478
8791	5	3	10	466	0	484
8792	5	1	466	14	0	486
8793	3	5	471	5	0	484
8794	4	2	15	462	0	483
8795	452	2	3	14	0	471
8796	13	0	441	5	0	459
8797	2	5	12	442	0	461
8798	4	4	2	450	0	460
8799	435	0	5	16	0	456
8800	11	3	2	428	0	444
8801	422	5	4	14	0	445
8802	14	418	2	8	0	442
8803	3	9	5	427	0	444
8804	419	2	4	15	0	440
8805	422	2	2	9	0	435
8806	14	2	3	423	0	442
8807	3	4	419	16	0	442
8808	417	0	13	6	0	436
8809	11	420	2	6	0	439
8810	411	9	2	6	0	428
8811	422	3	2	5	0	432
8812	425	1	1	6	0	433
8813	14	3	415	5	0	437
8814	7	415	12	3	0	437
8815	7	9	2	414	0	432
8816	9	5	2	415	0	431
8817	6	2	396	12	0	416
8818	7	366	10	6	0	389
8819	5	291	0	4	0	300
8820	4	213	4	2	0	223
8821	199	5	9	2	0	215
8822	6	1	3	193	0	203
8823	2	0	0	198	0	200
8824	0	1	196	3	0	200
8825	193	1	4	0	0	198
8826	3	1	0	193	0	197
8827	1	4	0	195	0	200
8828	2	1	193	3	0	199
8829	3	189	2	1	0	195
8830	0	4	1	192	0	197
8831	0	0	195	5	0	200
8832	1	167	2	1	0	171
8833	136	0	1	1	0	138
8834	0	0	137	0	0	137
8835	1	0	0	132	0	133
8836	0	138	0	0	0	138
8837	138	0	0	0	0	138
8838	0	1	0	141	0	142
8839	140	0	0	0	0	140
8840	140	0	0	1	0	141
8841	0	139	2	0	0	141
8842	143	0	1	0	0	144
8843	148	0	0	1	0	149
8844	0	0	146	1	0	147
8845	154	0	0	1	0	155
8846	1	0	153	1	0	155
8847	152	0	1	0	0	153
8848	151	0	1	0	0	152
8849	0	1	167	0	0	168
8850	1	0	0	169	0	170
8851	1	0	173	0	0	174
8852	1	0	164	0	0	165
8853	0	0	190	0	0	190
8854	0	1	0	182	0	183
8855	0	0	0	209	0	209
8856	0	0	0	209	0	209
8857	0	0	1	210	0	211
8858	0	1	210	2	0	213
8859	0	1	2	214	0	217
8860	0	202	0	2	0	204
8861	1	2	226	0	0	229
8862	0	0	2	221	0	223
8863	0	0	232	3	0	235
8864	0	235	4	2	0	241
8865	1	229	0	0	0	230
8866	0	2	1	232	0	235
8867	0	1	230	3	0	234
8868	0	1	228	0	0	229
8869	0	0	2	232	0	234
8870	0	0	1	235	0	236
8871	0	0	2	238	0	240
8872	0	1	238	3	0	242
8873	1	239	2	1	0	243
8874	0	246	1	1	0	248
8875	0	2	1	250	0	253
8876	0	2	246	2	0	250
8877	1	1	238	0	0	240
8878	0	248	2	2	0	252
8879	250	2	1	0	0	253
8880	4	254	1	0	0	259
8881	0	5	276	0	0	281
8882	275	0	3	0	0	278
8883	4	1	0	283	0	288
8884	278	0	2	4	0	284
8885	5	0	0	283	0	288
8886	0	0	1	289	0	290
8887	288	0	0	4	0	292
8888	4	294	0	1	0	299
8889	0	4	293	1	0	298
8890	0	300	4	1	0	305
8891	298	5	1	1	0	305
8892	4	302	2	0	0	308
8893	299	5	1	0	0	305
8894	301	0	0	1	0	302
8895	4	302	0	1	0	307
8896	1	6	0	299	0	306
8897	300	0	0	5	0	305
8898	305	1	1	1	0	308
8899	4	0	0	300	0	304
8900	1	1	296	4	0	302
8901	1	0	301	0	0	302
8902	0	0	4	306	0	310
8903	0	0	298	4	0	302
8904	293	1	5	0	0	299
8905	4	299	0	1	0	304
8906	0	4	0	299	0	303
8907	1	0	0	299	0	300
8908	0	1	0	293	0	294
8909	0	0	0	292	0	292
8910	0	0	0	294	0	294
8911	0	0	289	5	0	294
8912	0	288	4	1	0	293
8913	280	4	0	1	0	285
8914	4	0	1	280	0	285
8915	0	1	0	282	0	283
8916	1	0	0	282	0	283
8917	0	282	0	5	0	287
8918	0	4	0	284	0	288
8919	0	0	0	289	0	289
8920	282	1	0	5	0	288
8921	4	270	0	1	0	275
8922	0	274	0	1	0	275
8923	1	4	0	278	0	283
8924	277	1	0	4	0	282
8925	4	1	288	0	0	293
8926	278	0	4	2	0	284
8927	5	0	300	0	0	305
8928	0	0	4	298	0	302
8929	1	0	0	303	0	304
8930	0	0	0	297	0	297
8931	0	0	0	296	0	296
8932	0	0	0	294	0	294
8933	291	0	0	5	0	296
8934	4	0	290	1	0	295
8935	0	0	4	300	0	304
8936	1	0	312	4	0	317
8937	0	313	5	0	0	318
8938	311	4	0	1	0	316
8939	4	0	323	0	0	327
8940	1	1	4	325	0	331
8941	1	0	0	331	0	332
8942	0	0	331	5	0	336
8943	0	0	334	1	0	335
8944	0	0	5	314	0	319
8945	335	0	1	5	0	341
8946	336	0	1	0	0	337
8947	5	330	0	1	0	336
8948	336	5	0	0	0	341
8949	6	0	0	313	0	319
8950	0	328	0	4	0	332
8951	1	5	0	327	0	333
8952	0	0	339	6	0	345
8953	0	1	6	310	0	317
8954	0	0	1	322	0	323
8955	297	0	1	6	0	304
8956	5	296	0	2	0	303
8957	291	4	0	2	0	297
8958	5	293	0	0	0	298
8959	286	5	0	0	0	291
8960	5	279	0	0	0	284
8961	1	279	0	0	0	280
8962	278	5	0	2	0	285
8963	6	3	0	270	0	279
8964	1	271	0	3	0	275
8965	278	3	0	2	0	283
8966	280	1	0	0	0	281
8967	293	0	0	1	0	294
8968	286	0	1	0	0	287
8969	5	283	0	1	0	289
8970	2	4	0	290	0	296
8971	0	1	0	292	0	293
8972	289	0	0	5	0	294
8973	4	0	0	287	0	291
8974	284	0	0	4	0	288
8975	4	0	280	1	0	285
8976	278	0	3	1	0	282
8977	4	0	287	0	0	291
8978	1	5	4	280	0	290
8979	282	0	1	4	0	287
8980	3	278	0	1	0	282
8981	254	2	0	0	0	256
8982	3	250	4	0	0	257
8983	1	2	0	270	0	273
8984	0	2	269	3	0	274
8985	255	0	2	2	0	259
8986	2	270	1	0	0	273
8987	1	2	0	276	0	279
8988	0	1	0	272	0	273
8989	0	0	0	271	0	271
8990	0	0	277	3	0	280
8991	0	271	4	3	0	278
8992	271	2	1	1	0	275
8993	274	0	0	1	0	275
8994	1	271	0	0	0	272
8995	280	2	0	1	0	283
8996	2	1	0	278	0	281
8997	1	276	0	2	0	279
8998	280	2	0	1	0	283
8999	2	1	279	0	0	282
9000	1	277	2	0	0	280
9001	1	4	1	275	0	281
9002	0	1	0	280	0	281
9003	0	0	272	3	0	275
9004	0	0	2	272	0	274
9005	0	0	280	2	0	282
9006	0	0	2	276	0	278
9007	0	0	1	275	0	276
9008	0	0	0	277	0	277
9009	0	0	0	284	0	284
9010	0	0	280	3	0	283
9011	0	0	309	1	0	310
9012	0	334	4	0	0	338
9013	0	5	1	367	0	373
9014	0	0	377	3	0	380
9015	0	383	6	1	0	390
9016	0	7	1	401	0	409
9017	0	1	407	7	0	415
9018	408	0	4	1	0	413
9019	443	0	1	0	0	444
9020	8	0	0	439	0	447
9021	1	0	438	7	0	446
9022	0	0	7	436	0	443
9023	440	0	1	7	0	448
9024	7	446	0	1	0	454
9025	445	9	0	0	0	454
9026	459	1	0	0	0	460
9027	9	0	0	445	0	454
9028	2	0	0	446	0	448
9029	0	0	1	453	0	454
9030	0	0	0	452	0	452
9031	1	0	1	444	0	446
9032	444	1	0	7	0	452
9033	449	0	0	1	0	450
9034	453	0	0	0	0	453
9035	9	0	424	1	0	434
9036	421	0	7	1	0	429
9037	7	0	1	424	0	432
9038	1	0	424	7	0	432
9039	0	404	7	4	0	415
9040	1	8	1	409	0	419
9041	2	2	0	413	0	417
9042	1	411	0	7	0	419
9043	0	6	0	420	0	426
9044	1	1	417	6	0	425
9045	0	0	428	2	0	430
9046	1	0	8	425	0	434
9047	423	0	1	6	0	430
9048	426	0	0	2	0	428
9049	7	0	423	1	0	431
9050	2	400	5	0	0	407
9051	1	410	1	1	0	413
9052	389	5	1	1	0	396
9053	5	0	403	0	0	408
9054	0	0	5	401	0	406
9055	403	0	0	5	0	408
9056	6	395	0	1	0	402
9057	1	405	2	0	0	408
9058	396	4	1	0	0	401
9059	5	1	0	397	0	403
9060	416	0	0	5	0	421
9061	7	0	1	466	0	474
9062	1	0	1	471	0	473
9063	2	0	472	8	0	482
9064	1	2	6	483	0	492
9065	2	1	1	490	0	494
9066	488	0	2	9	0	499
9067	7	0	1	482	0	490
9068	4	0	481	8	0	493
9069	474	1	7	3	0	485
9070	8	1	2	485	0	496
9071	486	1	2	8	0	497
9072	7	466	0	4	0	477
9073	2	480	0	5	0	487
9074	481	8	0	1	0	490
9075	488	3	0	2	0	493
9076	10	1	3	478	0	492
9077	4	0	474	9	0	487
9078	1	0	8	480	0	489
9079	478	0	1	9	0	488
9080	9	474	1	3	0	487
9081	1	9	2	477	0	489
9082	473	0	1	8	0	482
9083	10	2	450	3	0	465
9084	459	0	8	3	0	470
9085	442	1	3	1	0	447
9086	6	1	447	3	0	457
9087	6	0	447	0	0	453
9088	4	2	8	445	0	459
9089	1	1	3	449	0	454
9090	4	442	2	8	0	456
9091	1	7	1	455	0	464
9092	4	1	455	9	0	469
9093	2	3	7	459	0	471
9094	0	1	2	482	0	485
9095	2	0	465	8	0	475
9096	1	462	7	4	0	474
9097	1	7	1	466	0	475
9098	4	2	2	469	0	477
9099	463	2	1	11	0	477
9100	8	0	4	459	0	471
9101	2	2	455	10	0	469
9102	453	1	7	4	0	465
9103	467	1	2	2	0	472
9104	467	2	3	1	0	473
9105	10	1	452	2	0	465
9106	5	0	8	453	0	466
9107	3	2	2	462	0	469
9108	0	2	3	461	0	466
9109	447	1	2	10	0	460
9110	8	446	1	5	0	460
9111	3	6	402	3	0	414
9112	4	396	4	3	0	407
9113	0	365	2	4	0	371
9114	1	359	2	2	0	364
9115	9	5	3	344	0	361
9116	2	2	335	7	0	346
9117	312	3	6	1	0	322
9118	4	317	3	2	0	326
9119	300	3	1	2	0	306
9120	5	301	0	2	0	308
9121	306	4	0	2	0	312
9122	5	313	1	1	0	320
9123	2	5	323	0	0	330
9124	2	3	4	310	0	319
9125	1	2	1	320	0	324
9126	316	0	2	4	0	322
9127	4	1	0	335	0	340
9128	1	0	339	9	0	349
9129	1	0	6	338	0	345
9130	2	0	340	7	0	349
9131	0	336	6	1	0	343
9132	2	5	3	322	0	332
9133	0	335	1	6	0	342
9134	336	8	0	1	0	345
9135	5	4	1	336	0	346
9136	2	1	337	7	0	347
9137	1	0	343	2	0	346
9138	337	0	8	2	0	347
9139	7	1	3	333	0	344
9140	4	0	330	7	0	341
9141	1	1	329	3	0	334
9142	1	324	9	2	0	336
9143	1	9	3	296	0	309
9144	0	315	3	6	0	324
9145	0	7	0	310	0	317
9146	310	2	0	9	0	321
9147	7	2	0	310	0	319
9148	3	0	0	320	0	323
9149	315	0	1	9	0	325
9150	5	0	1	327	0	333
9151	2	1	2	323	0	328
9152	2	339	0	11	0	352
9153	332	9	0	4	0	345
9154	343	3	1	1	0	348
9155	12	1	1	333	0	347
9156	4	1	0	343	0	348
9157	1	0	1	342	0	344
9158	0	332	1	12	0	345
9159	1	338	0	4	0	343
9160	2	10	0	313	0	325
9161	262	1	0	7	0	270
9162	267	0	0	2	0	269
9163	9	252	0	0	0	261
9164	237	7	0	1	0	245
9165	7	235	0	1	0	243
9166	1	241	0	0	0	242
9167	9	9	0	224	0	242
9168	226	1	0	7	0	234
9169	7	217	0	2	0	226
9170	0	230	0	1	0	231
9171	0	6	0	228	0	234
9172	0	2	0	238	0	240
9173	0	1	230	8	0	239
9174	224	0	7	2	0	233
9175	233	0	1	0	0	234
9176	9	0	225	0	0	234
9177	0	1	229	0	0	230
9178	1	0	7	225	0	233
9179	0	1	1	234	0	236
9180	0	230	0	9	0	239
9181	0	7	0	235	0	242
9182	1	1	230	8	0	240
9183	0	1	6	229	0	236
9184	1	1	1	230	0	233
9185	226	0	0	12	0	238
9186	8	0	224	2	0	234
9187	217	0	9	3	0	229
9188	9	0	221	0	0	230
9189	1	2	8	208	0	219
9190	0	0	209	9	0	218
9191	0	1	208	1	0	210
9192	1	0	8	196	0	205
9193	180	1	1	17	0	199
9194	188	1	2	1	0	192
9195	9	186	2	1	0	198
9196	191	6	1	0	0	198
9197	195	1	0	3	0	199
9198	8	187	2	1	0	198
9199	2	8	2	190	0	202
9200	0	2	1	196	0	199
9201	1	0	0	196	0	197
9202	0	2	1	196	0	199
9203	1	0	184	13	0	198
9204	182	0	10	1	0	193
9205	9	0	2	191	0	202
9206	3	0	0	194	0	197
9207	3	193	0	10	0	206
9208	1	7	0	196	0	204
9209	0	2	190	11	0	203
9210	191	2	8	1	0	202
9211	12	0	198	0	0	210
9212	2	1	8	186	0	197
9213	187	0	1	11	0	199
9214	8	204	0	4	0	216
9215	1	8	0	211	0	220
9216	0	3	208	9	0	220
9217	1	2	9	210	0	222
9218	209	0	1	10	0	220
9219	10	0	208	2	0	220
9220	1	0	208	1	0	210
9221	0	205	8	0	0	213
9222	193	8	1	1	0	203
9223	8	181	1	0	0	190
9224	5	10	170	0	0	185
9225	0	1	172	2	0	175
9226	2	163	9	0	0	174
9227	137	5	2	0	0	144
9228	6	133	0	0	0	139
9229	0	4	0	136	0	140
9230	0	0	0	143	0	143
9231	0	0	141	5	0	146
9232	0	0	4	140	0	144
9233	0	0	137	5	0	142
9234	135	0	5	0	0	140
9235	140	0	0	0	0	140
9236	141	0	0	0	0	141
9237	5	0	130	0	0	135
9238	137	0	4	0	0	141
9239	5	0	0	138	0	143
9240	0	137	0	5	0	142
9241	133	5	0	0	0	138
9242	5	0	133	0	0	138
9243	135	0	3	0	0	138
9244	139	0	0	0	0	139
9245	5	0	128	0	0	133
9246	0	130	6	0	0	136
9247	0	5	0	132	0	137
9248	0	0	134	5	0	139
9249	0	0	132	0	0	132
9250	2	0	5	114	0	121
9251	0	0	107	2	0	109
9252	1	0	2	99	0	102
9253	0	0	0	100	0	100
9254	1	0	0	104	0	105
9255	1	0	101	2	0	104
9256	0	0	2	100	0	102
9257	0	0	102	2	0	104
9258	0	0	2	101	0	103
9259	110	0	0	2	0	112
9260	2	0	0	110	0	112
9261	0	112	0	2	0	114
9262	0	2	0	117	0	119
9263	114	0	0	2	0	116
9264	2	117	0	0	0	119
9265	0	1	0	118	0	119
9266	116	0	0	2	0	118
9267	2	0	122	0	0	124
9268	1	0	2	119	0	122
9269	0	0	122	2	0	124
9270	0	0	113	0	0	113
9271	0	0	2	115	0	117
9272	107	0	0	2	0	109
9273	2	0	106	0	0	108
9274	107	0	2	0	0	109
9275	2	0	0	109	0	111
9276	0	0	110	2	0	112
9277	0	0	109	0	0	109
9278	0	0	108	0	0	108
9279	0	1	1	104	0	106
9280	105	1	0	1	0	107
9281	1	102	0	1	0	104
9282	0	1	1	100	0	102
9283	0	0	0	104	0	104
9284	103	0	0	1	0	104
9285	103	0	1	0	0	104
9286	1	101	1	0	0	103
9287	102	2	0	0	0	104
9288	105	0	0	0	0	105
9289	1	0	0	102	0	103
9290	0	0	103	1	0	104
9291	103	0	1	0	0	104
9292	1	1	0	102	0	104
9293	1	0	0	106	0	107
9294	106	0	0	1	0	107
9295	2	0	0	97	0	99
9296	0	0	0	100	0	100
9297	96	0	1	1	0	98
9298	1	99	0	1	0	101
9299	98	0	1	0	0	99
9300	1	0	98	0	0	99
9301	100	0	1	0	0	101
9302	1	1	0	98	0	100
9303	0	98	0	1	0	99
9304	1	1	1	99	0	102
9305	0	0	1	100	0	101
9306	1	1	0	98	0	100
9307	93	1	1	1	0	96
9308	0	93	1	1	0	95
9309	1	95	0	1	0	97
9310	91	0	1	1	0	93
9311	1	0	99	1	0	101
9312	0	2	101	1	0	104
9313	100	1	2	2	0	105
9314	1	0	88	2	0	91
9315	2	0	1	88	0	91
9316	0	0	1	85	0	86
9317	1	1	1	86	0	89
9318	0	0	1	89	0	90
9319	1	83	1	1	0	86
9320	1	0	1	88	0	90
9321	0	0	87	3	0	90
9322	2	0	0	89	0	91
9323	1	0	87	1	0	89
9324	0	1	89	1	0	91
9325	1	0	1	91	0	93
9326	0	0	93	1	0	94
9327	1	0	0	95	0	96
9328	94	0	0	0	0	94
9329	0	2	92	0	0	94
9330	91	0	0	1	0	92
9331	1	0	0	89	0	90
9332	1	0	89	1	0	91
9333	1	87	2	0	0	90
9334	1	1	1	96	0	99
9335	1	0	102	2	0	105
9336	2	0	0	105	0	107
9337	110	1	0	1	0	112
9338	105	0	0	0	0	105
9339	108	0	0	2	0	110
9340	2	0	0	110	0	112
9341	1	1	0	111	0	113
9342	2	1	0	110	0	113
9343	114	0	0	1	0	115
9344	2	114	0	1	0	117
9345	1	0	0	113	0	114
9346	0	2	0	116	0	118
9347	113	0	0	0	0	113
9348	0	117	1	1	0	119
9349	1	0	0	126	0	127
9350	127	0	0	2	0	129
9351	125	1	0	0	0	126
9352	0	2	0	126	0	128
9353	124	0	2	2	0	128
9354	1	0	1	122	0	124
9355	2	0	124	0	0	126
9356	1	1	0	127	0	129
9357	1	1	1	128	0	131
9358	1	0	0	129	0	130
9359	120	0	2	2	0	124
9360	0	118	1	2	0	121
9361	114	0	0	1	0	115
9362	0	113	1	1	0	115
9363	1	117	0	0	0	118
9364	116	1	0	0	0	117
9365	1	117	0	1	0	119
9366	0	0	0	116	0	116
9367	115	1	0	0	0	116
9368	121	0	0	0	0	121
9369	0	1	0	119	0	120
9370	0	0	2	120	0	122
9371	1	128	1	0	0	130
9372	131	0	0	0	0	131
9373	128	0	0	2	0	130
9374	0	137	0	1	0	138
9375	0	137	0	0	0	137
9376	1	0	0	142	0	143
9377	147	0	0	1	0	148
9378	1	1	0	145	0	147
9379	0	1	0	148	0	149
9380	0	0	149	2	0	151
9381	1	0	148	1	0	150
9382	1	0	1	152	0	154
9383	0	0	156	3	0	159
9384	0	154	2	3	0	159
9385	0	0	2	160	0	162
9386	0	0	1	160	0	161
9387	0	0	1	167	0	168
9388	0	1	164	1	0	166
9389	0	0	156	1	0	157
9390	159	0	1	2	0	162
9391	1	165	0	2	0	168
9392	166	1	1	1	0	169
9393	1	0	1	168	0	170
9394	168	0	1	1	0	170
9395	2	1	0	164	0	167
9396	1	168	0	1	0	170
9397	172	1	0	1	0	174
9398	2	0	168	1	0	171
9399	1	166	1	0	0	168
9400	170	2	0	1	0	173
9401	2	1	0	170	0	173
9402	1	169	1	1	0	172
9403	0	3	0	175	0	178
9404	175	1	0	1	0	177
9405	2	0	0	176	0	178
9406	175	1	0	1	0	177
9407	1	1	177	1	0	180
9408	1	0	1	176	0	178
9409	173	0	0	2	0	175
9410	2	0	172	1	0	175
9411	1	166	2	0	0	169
9412	0	1	0	160	0	161
9413	1	0	155	2	0	158
9414	0	0	159	0	0	159
9415	0	0	2	154	0	156
9416	0	1	154	2	0	157
9417	1	0	149	1	0	151
9418	0	0	3	153	0	156
9419	152	1	0	2	0	155
9420	1	0	1	152	0	154
9421	0	0	2	152	0	154
9422	0	0	153	2	0	155
9423	1	0	1	156	0	158
9424	157	0	0	2	0	159
9425	2	0	157	2	0	161
9426	0	154	2	1	0	157
9427	0	1	1	162	0	164
9428	161	0	0	2	0	163
9429	2	0	1	160	0	163
9430	0	163	1	1	0	165
9431	0	2	165	1	0	168
9432	1	0	1	166	0	168
9433	175	0	0	1	0	176
9434	1	1	172	1	0	175
9435	1	0	2	182	0	185
9436	187	0	2	2	0	191
9437	191	0	0	3	0	194
9438	4	190	1	0	0	195
9439	190	2	0	1	0	193
9440	3	2	0	188	0	193
9441	4	0	186	2	0	192
9442	1	183	2	2	0	188
9443	1	188	2	0	0	191
9444	1	4	0	187	0	192
9445	0	4	1	189	0	194
9446	0	0	185	4	0	189
9447	0	182	1	2	0	185
9448	0	185	2	0	0	187
9449	0	4	0	174	0	178
9450	172	1	0	3	0	176
9451	2	176	1	2	0	181
9452	2	1	0	177	0	180
9453	184	3	0	3	0	190
9454	2	0	0	190	0	192
9455	3	0	0	179	0	182
9456	1	1	0	184	0	186
9457	0	1	0	184	0	185
9458	180	0	0	4	0	184
9459	2	0	0	184	0	186
9460	2	0	177	3	0	182
9461	176	1	2	3	0	182
9462	2	1	177	1	0	181
9463	3	0	177	1	0	181
9464	0	0	3	180	0	183
9465	0	0	4	177	0	181
9466	1	0	2	177	0	180
9467	173	1	2	4	0	180
9468	2	0	171	3	0	176
9469	172	0	2	1	0	175
9470	172	1	2	1	0	176
9471	4	1	167	2	0	174
9472	172	0	2	0	0	174
9473	2	0	173	2	0	177
9474	3	172	2	1	0	178
9475	1	2	4	169	0	176
9476	3	3	0	166	0	172
9477	1	0	0	166	0	167
9478	0	0	0	164	0	164
9479	0	0	164	2	0	166
9480	1	0	160	2	0	163
9481	0	0	3	160	0	163
9482	0	0	163	2	0	165
9483	155	0	1	4	0	160
9484	164	1	2	1	0	168
9485	3	0	0	158	0	161
9486	158	0	0	1	0	159
9487	1	159	1	3	0	164
9488	162	1	0	2	0	165
9489	1	3	160	1	0	165
9490	2	0	2	160	0	164
9491	2	162	2	1	0	167
9492	161	1	1	3	0	166
9493	1	1	1	164	0	167
9494	3	0	163	1	0	167
9495	0	0	2	168	0	170
9496	165	0	3	2	0	170
9497	1	0	163	4	0	168
9498	1	0	2	162	0	165
9499	0	0	3	164	0	167
9500	1	0	164	4	0	169
9501	0	156	2	2	0	160
9502	2	132	2	0	0	136
9503	3	2	0	162	0	167
9504	0	2	1	169	0	172
9505	3	0	0	168	0	171
9506	165	1	0	3	0	169
9507	164	1	0	2	0	167
9508	3	0	0	166	0	169
9509	167	0	0	3	0	170
9510	1	167	0	2	0	170
9511	3	1	0	167	0	171
9512	0	2	1	170	0	173
9513	0	0	2	170	0	172
9514	160	0	0	5	0	165
9515	2	160	1	2	0	165
9516	3	1	0	157	0	161
9517	160	2	0	2	0	164
9518	1	0	0	162	0	163
9519	3	0	1	158	0	162
9520	0	155	0	3	0	158
9521	1	156	0	2	0	159
9522	0	2	1	156	0	159
9523	0	2	0	160	0	162
9524	148	1	0	4	0	153
9525	4	0	0	151	0	155
9526	3	0	148	2	0	153
9527	0	0	2	152	0	154
9528	0	149	2	2	0	153
9529	149	2	0	4	0	155
9530	1	2	1	152	0	156
9531	2	0	0	151	0	153
9532	0	146	0	6	0	152
9533	136	1	0	1	0	138
9534	1	143	0	0	0	144
9535	0	1	0	134	0	135
9536	1	0	125	0	0	126
9537	0	4	0	117	0	121
9538	117	0	0	0	0	117
9539	0	118	0	0	0	118
9540	0	2	0	117	0	119
9541	0	115	0	0	0	115
9542	0	0	0	117	0	117
9543	0	0	119	0	0	119
9544	0	0	0	116	0	116
9545	0	0	0	115	0	115
9546	0	0	1	115	0	116
9547	114	0	0	1	0	115
9548	112	0	0	1	0	113
9549	0	117	0	0	0	117
9550	114	0	0	1	0	115
9551	0	110	0	0	0	110
9552	0	108	0	1	0	109
9553	104	0	1	0	0	105
9554	0	0	97	1	0	98
9555	0	0	0	106	0	106
9556	0	0	0	107	0	107
9557	0	0	0	107	0	107
9558	107	0	0	0	0	107
9559	0	104	0	0	0	104
9560	1	0	0	107	0	108
9561	0	107	0	0	0	107
9562	109	2	0	0	0	111
9563	2	0	0	107	0	109
9564	1	0	1	139	0	141
9565	0	152	0	3	0	155
9566	0	3	0	162	0	165
9567	0	1	0	164	0	165
9568	161	1	0	4	0	166
9569	3	154	0	2	0	159
9570	1	164	0	2	0	167
9571	2	4	0	155	0	161
9572	1	2	149	3	0	155
9573	0	1	151	2	0	154
9574	0	0	3	144	0	147
9575	0	1	149	3	0	153
9576	0	0	4	149	0	153
9577	0	0	1	147	0	148
9578	1	0	1	152	0	154
9579	146	1	0	5	0	152
9580	4	0	0	146	0	150
9581	1	0	0	147	0	148
9582	2	146	1	3	0	152
9583	0	4	1	151	0	156
9584	0	2	148	4	0	154
9585	0	1	4	152	0	157
9586	0	0	2	156	0	158
9587	146	0	2	6	0	154
9588	3	1	0	150	0	154
9589	2	0	1	150	0	153
9590	1	0	0	151	0	152
9591	138	0	0	8	0	146
9592	3	140	1	3	0	147
9593	2	2	0	142	0	146
9594	2	1	1	141	0	145
9595	0	2	137	6	0	145
9596	0	1	3	142	0	146
9597	136	1	1	5	0	143
9598	3	134	2	3	0	142
9599	1	3	1	138	0	143
9600	0	0	0	138	0	138
9601	2	1	133	5	0	141
9602	124	1	2	5	0	132
9603	5	127	1	3	0	136
9604	131	4	1	3	0	139
9605	5	3	1	131	0	140
9606	2	3	0	133	0	138
9607	1	1	0	136	0	138
9608	1	2	1	135	0	139
9609	130	1	1	6	0	138
9610	3	1	1	133	0	138
9611	2	129	1	6	0	138
9612	2	2	1	130	0	135
9613	1	2	1	134	0	138
9614	131	2	0	6	0	139
9615	4	129	2	3	0	138
9616	1	4	0	133	0	138
9617	130	3	0	5	0	138
9618	136	1	0	3	0	140
9619	6	0	1	133	0	140
9620	2	0	125	8	0	135
9621	129	1	2	4	0	136
9622	3	1	0	135	0	139
9623	3	0	128	5	0	136
9624	2	1	4	135	0	142
9625	0	2	1	136	0	139
9626	0	2	1	142	0	145
9627	3	139	1	4	0	147
9628	2	4	1	145	0	152
9629	0	2	1	145	0	148
9630	0	2	1	149	0	152
9631	2	0	1	146	0	149
9632	1	0	0	149	0	150
9633	1	0	1	149	0	151
9634	132	0	1	8	0	141
9635	4	0	126	2	0	132
9636	1	131	3	3	0	138
9637	130	3	1	0	0	134
9638	3	132	1	1	0	137
9639	129	3	0	2	0	134
9640	3	1	0	129	0	133
9641	136	2	1	3	0	142
9642	4	0	0	138	0	142
9643	1	1	0	135	0	137
9644	2	132	0	5	0	139
9645	133	3	0	4	0	140
9646	3	1	139	3	0	146
9647	2	1	2	143	0	148
9648	1	0	152	4	0	157
9649	1	0	152	1	0	154
9650	154	1	3	2	0	160
9651	4	1	2	155	0	162
9652	1	1	154	3	0	159
9653	2	0	160	2	0	164
9654	1	0	3	160	0	164
9655	1	1	2	160	0	164
9656	161	0	1	6	0	168
9657	4	0	0	163	0	167
9658	2	1	167	4	0	174
9659	2	0	2	171	0	175
9660	0	0	3	172	0	175
9661	1	170	1	3	0	175
9662	167	2	1	3	0	173
9663	2	167	2	1	0	172
9664	134	1	0	0	0	135
9665	0	120	0	0	0	120
9666	0	118	0	0	0	118
9667	1	0	0	115	0	116
9668	0	0	0	115	0	115
9669	0	0	0	115	0	115
9670	115	0	0	0	0	115
9671	0	0	114	1	0	115
9672	0	0	0	113	0	113
9673	114	0	0	0	0	114
9674	0	114	0	0	0	114
9675	0	112	0	0	0	112
9676	0	0	0	112	0	112
9677	0	0	0	115	0	115
9678	0	0	0	116	0	116
9679	0	123	0	0	0	123
9680	0	0	0	124	0	124
9681	0	0	125	0	0	125
9682	0	0	111	0	0	111
9683	113	0	0	0	0	113
9684	0	0	0	116	0	116
9685	116	0	0	0	0	116
9686	113	0	0	0	0	113
9687	0	115	0	0	0	115
9688	115	0	0	1	0	116
9689	117	0	0	0	0	117
9690	0	0	0	120	0	120
9691	0	0	0	119	0	119
9692	0	0	124	0	0	124
9693	0	127	0	0	0	127
9694	2	1	0	112	0	115
9695	0	0	0	127	0	127
9696	127	0	0	0	0	127
9697	0	1	0	126	0	127
9698	130	0	0	0	0	130
9699	0	0	0	134	0	134
9700	0	138	0	1	0	139
9701	141	1	0	1	0	143
9702	1	0	0	156	0	157
9703	0	0	0	170	0	170
9704	0	0	0	180	0	180
9705	0	0	183	4	0	187
9706	0	0	4	183	0	187
9707	184	0	0	5	0	189
9708	3	0	0	193	0	196
9709	0	0	0	224	0	224
9710	0	0	0	231	0	231
9711	0	226	0	6	0	232
9712	0	234	0	2	0	236
9713	231	7	0	0	0	238
9714	5	232	0	0	0	237
9715	237	4	0	0	0	241
9716	237	1	0	0	0	238
9717	244	0	0	1	0	245
9718	7	0	238	0	0	245
9719	2	245	5	0	0	252
9720	250	4	1	0	0	255
9721	5	4	0	249	0	258
9722	1	0	0	254	0	255
9723	0	0	0	258	0	258
9724	0	249	0	7	0	256
9725	0	5	0	251	0	256
9726	248	2	0	5	0	255
9727	5	0	0	243	0	248
9728	2	0	0	241	0	243
9729	0	0	238	7	0	245
9730	0	0	257	2	0	259
9731	0	0	7	253	0	260
9732	0	0	2	257	0	259
9733	0	258	0	7	0	265
9734	0	5	0	266	0	271
9735	0	2	0	270	0	272
9736	0	1	0	271	0	272
9737	265	0	0	7	0	272
9738	5	1	264	2	0	272
9739	4	0	5	265	0	274
9740	273	0	2	5	0	280
9741	274	0	0	2	0	276
9742	7	0	1	263	0	271
9743	2	1	0	270	0	273
9744	264	0	0	8	0	272
9745	5	263	0	3	0	271
9746	2	258	0	1	0	261
9747	0	6	0	263	0	269
9748	256	3	0	5	0	264
9749	266	0	0	3	0	269
9750	266	0	0	0	0	266
9751	7	0	268	1	0	276
9752	263	0	5	1	0	269
9753	5	0	267	0	0	272
9754	263	0	6	0	0	269
9755	5	257	3	0	0	265
9756	2	5	268	1	0	276
9757	0	2	5	262	0	269
9758	0	0	277	5	0	282
9759	0	0	5	268	0	273
9760	270	0	2	6	0	278
9761	6	0	274	2	0	282
9762	2	0	6	275	0	283
9763	0	305	2	6	0	313
9764	1	4	0	312	0	317
9765	1	2	0	309	0	312
9766	1	0	0	300	0	301
9767	308	0	0	8	0	316
9768	309	0	0	2	0	311
9769	7	1	0	306	0	314
9770	2	1	304	5	0	312
9771	0	0	296	4	0	300
9772	1	0	7	309	0	317
9773	1	1	319	5	0	326
9774	1	1	5	321	0	328
9775	2	0	3	311	0	316
9776	1	2	0	323	0	326
9777	2	310	1	6	0	319
9778	3	306	0	2	0	311
9779	2	7	0	313	0	322
9780	0	2	3	318	0	323
9781	0	1	0	320	0	321
9782	312	0	1	7	0	320
9783	5	0	313	5	0	323
9784	3	0	5	316	0	324
9785	315	0	3	6	0	324
9786	4	318	0	2	0	324
9787	3	5	0	327	0	335
9788	2	1	0	336	0	339
9789	0	0	0	337	0	337
9790	0	0	0	332	0	332
9791	1	0	327	7	0	335
9792	313	0	7	3	0	323
9793	318	0	1	3	0	322
9794	7	0	319	2	0	328
9795	318	1	6	0	0	325
9796	332	0	2	2	0	336
9797	7	0	330	2	0	339
9798	2	349	4	3	0	358
9799	2	5	1	345	0	353
9800	0	2	357	5	0	364
9801	0	350	4	4	0	358
9802	2	5	344	1	0	352
9803	2	329	2	1	0	334
9804	1	2	3	331	0	337
9805	0	1	324	5	0	330
9806	2	0	1	317	0	320
9807	0	2	329	1	0	332
9808	0	320	1	2	0	323
9809	288	1	2	0	0	291
9810	0	285	0	0	0	285
9811	1	293	0	1	0	295
9812	2	0	0	297	0	299
9813	0	0	0	297	0	297
9814	0	1	0	295	0	296
9815	0	0	0	292	0	292
9816	0	0	0	299	0	299
9817	0	0	324	0	0	324
9818	0	0	0	316	0	316
9819	0	0	0	329	0	329
9820	337	0	0	0	0	337
9821	339	0	0	0	0	339
9822	340	0	0	0	0	340
9823	0	0	0	345	0	345
9824	386	0	0	1	0	387
9825	421	0	0	0	0	421
9826	434	0	0	0	0	434
9827	3	0	427	0	0	430
9828	426	0	0	2	0	428
9829	458	0	0	0	0	458
9830	451	0	0	0	0	451
9831	3	0	0	453	0	456
9832	4	0	452	1	0	457
9833	1	0	1	443	0	445
9834	465	0	1	3	0	469
9835	1	0	0	472	0	473
9836	1	481	0	2	0	484
9837	1	1	0	506	0	508
9838	511	1	0	1	0	513
9839	515	1	0	1	0	517
9840	511	0	0	2	0	513
9841	4	1	525	0	0	530
9842	3	0	2	515	0	520
9843	1	0	2	537	0	540
9844	0	0	539	4	0	543
9845	0	535	2	3	0	540
9846	1	3	538	1	0	543
9847	1	2	2	542	0	547
9848	546	1	2	2	0	551
9849	2	0	544	2	0	548
9850	2	1	2	556	0	561
9851	1	0	554	2	0	557
9852	544	0	3	3	0	550
9853	2	2	2	559	0	565
9854	2	0	580	2	0	584
9855	3	0	2	579	0	584
9856	0	0	583	3	0	586
9857	0	588	3	2	0	593
9858	0	2	2	579	0	583
9859	589	2	1	1	0	593
9860	2	2	0	590	0	594
9861	2	0	0	583	0	585
9862	574	0	1	5	0	580
9863	2	548	0	3	0	553
9864	2	559	0	1	0	562
9865	2	4	0	564	0	570
9866	0	573	0	3	0	576
9867	0	2	1	579	0	582
9868	0	2	0	582	0	584
9869	581	1	0	4	0	586
9870	2	574	0	2	0	578
9871	2	3	584	1	0	590
9872	1	601	2	1	0	605
9873	598	3	3	1	0	605
9874	615	3	1	0	0	619
9875	5	0	0	606	0	611
9876	623	0	1	2	0	626
9877	3	0	0	622	0	625
9878	626	0	0	3	0	629
9879	636	0	1	4	0	641
9880	7	2	0	677	0	686
9881	685	0	0	4	0	689
9882	3	0	687	4	0	694
9883	681	0	3	1	0	685
9884	2	0	4	686	0	692
9885	692	0	1	3	0	696
9886	3	696	1	3	0	703
9887	4	2	0	704	0	710
9888	1	3	0	707	0	711
9889	699	1	1	5	0	706
9890	2	0	700	5	0	707
9891	3	699	3	1	0	706
9892	2	3	3	707	0	715
9893	1	716	0	3	0	720
9894	2	3	0	724	0	729
9895	0	3	1	712	0	716
9896	1	1	0	721	0	723
9897	712	0	0	7	0	719
9898	3	1	0	699	0	703
9899	710	1	0	5	0	716
9900	707	0	1	6	0	714
9901	5	1	0	708	0	714
9902	707	0	0	4	0	711
9903	702	0	0	5	0	707
9904	6	1	690	1	0	698
9905	4	1	1	689	0	695
9906	697	0	3	3	0	703
9907	3	702	1	3	0	709
9908	712	2	0	2	0	716
9909	710	3	1	0	0	714
9910	5	0	707	2	0	714
9911	5	0	2	699	0	706
9912	754	0	2	3	0	759
9913	3	1	1	769	0	774
9914	5	3	1	800	0	809
9915	1	0	0	811	0	812
9916	4	1	0	840	0	845
9917	828	0	2	9	0	839
9918	7	0	845	4	0	856
9919	7	0	7	870	0	884
9920	4	0	957	7	0	968
9921	1	2	1020	4	0	1027
9922	1009	0	21	2	0	1032
9923	13	0	1069	3	0	1085
9924	10	1029	15	0	0	1054
9925	1032	16	13	2	0	1063
9926	1042	8	1	2	0	1053
9927	25	1	1	1015	0	1042
9928	8	3	1023	17	0	1051
9929	2	1	1009	8	0	1020
9930	1023	0	22	2	0	1047
9931	16	0	9	1045	0	1070
9932	1044	0	2	16	0	1062
9933	17	1052	2	10	0	1081
9934	1067	17	0	1	0	1085
9935	1058	6	0	4	0	1068
9936	29	1041	0	0	0	1070
9937	12	20	0	1030	0	1062
9938	1024	8	2	21	0	1055
9939	18	1	1015	11	0	1045
9940	9	1032	19	2	0	1062
9941	2	20	10	1022	0	1054
9942	1028	9	1	20	0	1058
9943	18	1035	3	8	0	1064
9944	1046	22	0	5	0	1073
9945	23	8	1031	3	0	1065
9946	1043	2	19	2	0	1066
9947	21	2	1036	2	0	1061
9948	1036	0	22	1	0	1059
9949	1043	0	10	1	0	1054
9950	30	1	1016	2	0	1049
9951	11	1025	20	3	0	1059
9952	4	17	8	1004	0	1033
9953	4	10	1028	19	0	1061
9954	3	1011	21	10	0	1045
9955	5	19	7	992	0	1023
9956	2	10	4	1028	0	1044
9957	2	2	1010	29	0	1043
9958	6	1	20	1006	0	1033
9959	5	1	11	1021	0	1038
9960	2	2	1007	29	0	1040
9961	4	3	22	1001	0	1030
9962	3	1014	8	21	0	1046
9963	1022	21	3	12	0	1058
9964	23	9	2	1004	0	1038
9965	8	1024	4	19	0	1055
9966	6	21	5	993	0	1025
9967	7	1032	6	21	0	1066
9968	5	18	1020	11	0	1054
9969	3	1036	22	3	0	1064
9970	1020	22	12	5	0	1059
9971	1026	9	7	2	0	1044
9972	1029	7	5	6	0	1047
9973	33	7	1020	4	0	1064
9974	16	4	1029	4	0	1053
9975	12	1034	28	5	0	1079
9976	7	21	15	1024	0	1067
9977	4	1054	10	21	0	1089
9978	8	26	7	985	0	1026
9979	10	1040	4	24	0	1078
9980	1019	25	6	13	0	1063
9981	1093	14	4	10	0	1121
9982	42	5	6	1143	0	1196
9983	22	4	1130	25	0	1181
9984	1127	3	26	14	0	1170
9985	32	1148	14	6	0	1200
9986	16	27	6	1133	0	1182
9987	14	14	5	1121	0	1154
9988	7	1150	4	36	0	1197
9989	1150	34	4	14	0	1202
9990	32	14	1140	10	0	1196
9991	19	8	30	1142	0	1199
9992	1152	6	14	30	0	1202
9993	1145	6	11	14	0	1176
9994	48	1118	7	9	0	1182
9995	22	28	7	1099	0	1156
9996	9	1138	8	29	0	1184
9997	1163	33	4	17	0	1217
9998	30	17	1159	9	0	1215
9999	19	10	1160	5	0	1194
10000	9	10	41	1132	0	1192
10001	10	3	15	1141	0	1169
10002	5	1133	12	38	0	1188
10003	6	31	6	1150	0	1193
10004	3	18	1131	38	0	1190
10005	1129	6	32	22	0	1189
10006	32	7	17	1137	0	1193
10007	15	6	1128	36	0	1185
10008	11	5	34	1141	0	1191
10009	11	0	17	1137	0	1165
10010	3	1124	12	42	0	1181
10011	6	32	4	1131	0	1173
10012	6	18	3	1119	0	1146
10013	4	8	6	1114	0	1132
10014	1017	5	7	40	0	1069
10015	32	1011	1	19	0	1063
10016	14	997	3	10	0	1024
10017	953	34	4	7	0	998
10018	937	16	3	8	0	964
10019	32	875	4	8	0	919
10020	11	815	6	0	0	832
10021	706	16	2	5	0	729
10022	15	700	3	7	0	725
10023	4	702	2	4	0	712
10024	678	17	10	2	0	707
10025	14	674	0	4	0	692
10026	671	17	1	1	0	690
10027	674	5	1	4	0	684
10028	679	5	1	3	0	688
10029	19	669	1	2	0	691
10030	8	673	1	2	0	684
10031	7	15	1	655	0	678
10032	3	669	0	11	0	683
10033	5	18	0	658	0	681
10034	680	5	0	13	0	698
10035	12	8	1	661	0	682
10036	7	665	0	14	0	686
10037	666	10	1	6	0	683
10038	15	651	1	4	0	671
10039	6	689	1	1	0	697
10040	8	24	0	650	0	682
10041	1	655	2	14	0	672
10042	660	17	1	4	0	682
10043	11	5	643	7	0	666
10044	9	647	11	2	0	669
10045	3	10	4	646	0	663
10046	2	9	643	12	0	666
10047	7	4	10	638	0	659
10048	3	5	4	647	0	659
10049	0	4	4	650	0	658
10050	2	2	2	647	0	653
10051	2	4	632	16	0	654
10052	4	631	10	7	0	652
10053	629	8	8	6	0	651
10054	9	8	617	3	0	637
10055	623	5	11	5	0	644
10056	11	3	625	3	0	642
10057	5	3	10	623	0	641
10058	5	1	617	14	0	637
10059	3	1	630	9	0	643
10060	1	5	14	626	0	646
10061	4	2	9	604	0	619
10062	2	4	6	626	0	638
10063	6	3	2	621	0	632
10064	601	2	3	20	0	626
10065	11	5	595	10	0	621
10066	600	3	11	9	0	623
10067	601	2	3	10	0	616
10068	609	5	6	3	0	623
10069	609	2	4	2	0	617
10070	607	4	3	4	0	618
10071	18	4	0	596	0	618
10072	10	1	577	13	0	601
10073	6	2	558	9	0	575
10074	5	559	11	4	0	579
10075	529	11	12	4	0	556
10076	11	6	3	517	0	537
10077	7	7	1	513	0	528
10078	6	506	1	12	0	525
10079	4	504	0	7	0	515
10080	6	497	0	2	0	505
10081	423	17	3	4	0	447
10082	9	3	2	358	0	372
10083	3	349	3	2	0	357
10084	3	6	1	346	0	356
10085	3	1	354	4	0	362
10086	2	4	363	2	0	371
10087	1	0	1	404	0	406
10088	404	3	2	4	0	413
10089	432	2	2	3	0	439
10090	429	5	0	2	0	436
10091	10	2	431	1	0	444
10092	1	1	5	435	0	442
10093	3	4	0	445	0	452
10094	1	0	443	7	0	451
10095	440	3	7	1	0	451
10096	7	0	448	3	0	458
10097	2	1	440	1	0	444
10098	2	1	437	2	0	442
10099	2	0	8	429	0	439
10100	1	0	3	441	0	445
10101	0	1	447	7	0	455
10102	2	1	7	448	0	458
10103	454	0	0	11	0	465
10104	7	0	2	457	0	466
10105	2	1	465	8	0	476
10106	2	2	488	0	0	492
10107	2	4	9	470	0	485
10108	496	0	3	9	0	508
10109	8	512	1	2	0	523
10110	525	9	2	2	0	538
10111	538	1	1	2	0	542
10112	12	2	530	1	0	545
10113	7	0	10	534	0	551
10114	541	0	3	11	0	555
10115	539	0	3	6	0	548
10116	9	533	2	7	0	551
10117	4	8	3	535	0	550
10118	6	1	2	547	0	556
10119	2	3	538	10	0	553
10120	2	0	11	533	0	546
10121	3	0	539	10	0	552
10122	2	0	538	3	0	543
10123	3	0	11	524	0	538
10124	523	0	5	9	0	537
10125	7	510	4	5	0	526
10126	509	9	1	5	0	524
10127	519	1	2	4	0	526
10128	8	517	4	3	0	532
10129	5	8	3	500	0	516
10130	500	1	1	10	0	512
10131	10	482	1	4	0	497
10132	480	13	2	1	0	496
10133	11	469	0	3	0	483
10134	5	8	0	450	0	463
10135	2	2	3	457	0	464
10136	446	1	3	11	0	461
10137	443	0	1	3	0	447
10138	11	442	2	1	0	456
10139	4	8	420	2	0	434
10140	3	2	420	3	0	428
10141	2	2	7	418	0	429
10142	2	426	4	6	0	438
10143	2	7	2	432	0	443
10144	0	1	3	434	0	438
10145	0	0	3	434	0	437
10146	0	0	422	13	0	435
10147	2	0	438	3	0	443
10148	2	448	9	1	0	460
10149	2	8	2	446	0	458
10150	3	1	2	457	0	463
10151	1	3	447	8	0	459
10152	435	1	7	5	0	448
10153	10	0	1	452	0	463
10154	1	3	456	7	0	467
10155	448	1	7	3	0	459
10156	11	471	1	1	0	484
10157	0	10	489	3	0	502
10158	2	2	9	490	0	503
10159	487	2	2	9	0	500
10160	11	0	512	3	0	526
10161	5	2	8	507	0	522
10162	3	2	3	518	0	526
10163	2	0	4	553	0	559
10164	564	1	1	12	0	578
10165	9	562	2	3	0	576
10166	1	10	1	575	0	587
10167	3	1	569	13	0	586
10168	2	1	9	568	0	580
10169	0	556	4	9	0	569
10170	1	584	3	2	0	590
10171	578	11	1	5	0	595
10172	587	3	3	2	0	595
10173	10	1	571	3	0	585
10174	567	0	12	3	0	582
10175	12	571	3	0	0	586
10176	576	9	1	3	0	589
10177	12	1	3	576	0	592
10178	4	2	594	9	0	609
10179	1	2	10	591	0	604
10180	1	1	595	11	0	608
10181	577	0	11	3	0	591
10182	11	1	1	593	0	606
10183	2	613	3	8	0	626
10184	2	10	1	622	0	635
10185	2	1	607	13	0	623
10186	0	594	9	5	0	608
10187	565	8	2	5	0	580
10188	9	547	6	2	0	564
10189	2	536	1	1	0	540
10190	2	7	0	521	0	530
10191	2	530	1	6	0	539
10192	0	9	0	539	0	548
10193	1	2	531	8	0	542
10194	515	2	4	3	0	524
10195	535	1	1	3	0	540
10196	7	0	537	1	0	545
10197	526	0	3	0	0	529
10198	6	518	1	0	0	525
10199	523	4	6	0	0	533
10200	6	5	0	519	0	530
10201	2	2	533	5	0	542
10202	2	537	4	3	0	546
10203	2	4	2	537	0	545
10204	0	2	2	539	0	543
10205	520	2	0	5	0	527
10206	497	0	0	4	0	501
10207	5	497	0	2	0	504
10208	3	460	0	1	0	464
10209	1	472	0	0	0	473
10210	0	3	2	461	0	466
10211	456	2	2	3	0	463
10212	453	1	0	1	0	455
10213	3	0	0	450	0	453
10214	2	0	0	452	0	454
10215	446	0	0	4	0	450
10216	2	0	0	464	0	466
10217	1	1	472	4	0	478
10218	466	0	2	2	0	470
10219	471	0	1	0	0	472
10220	3	1	482	0	0	486
10221	489	0	2	1	0	492
10222	3	0	2	502	0	507
10223	1	0	0	502	0	503
10224	1	1	0	506	0	508
10225	499	2	0	4	0	505
10226	2	507	0	3	0	512
10227	2	2	1	504	0	509
10228	0	496	2	2	0	500
10229	508	4	0	2	0	514
10230	2	3	0	510	0	515
10231	3	2	0	512	0	517
10232	2	519	1	6	0	528
10233	0	3	518	1	0	522
10234	2	1	3	515	0	521
10235	519	3	2	3	0	527
10236	575	2	1	2	0	580
10237	7	0	609	3	0	619
10238	5	2	7	621	0	635
10239	2	638	3	8	0	651
10240	1	6	3	652	0	662
10241	650	5	0	8	0	663
10242	646	2	0	6	0	654
10243	9	1	1	645	0	656
10244	6	632	1	9	0	648
10245	681	5	1	7	0	694
10246	7	5	1	702	0	715
10247	695	2	0	8	0	705
10248	736	2	1	4	0	743
10249	11	2	0	733	0	746
10250	7	0	0	744	0	751
10251	2	1	4	749	0	756
10252	1	744	0	15	0	760
10253	3	9	1	747	0	760
10254	3	2	0	751	0	756
10255	4	2	729	10	0	745
10256	3	3	708	5	0	719
10257	1	3	9	712	0	725
10258	696	2	8	10	0	716
10259	8	713	3	6	0	730
10260	693	6	0	6	0	705
10261	13	3	687	0	0	703
10262	5	4	675	0	0	684
10263	3	669	9	3	0	684
10264	6	8	12	658	0	684
10265	3	3	658	6	0	670
10266	0	3	673	6	0	682
10267	0	2	7	671	0	680
10268	677	1	5	6	0	689
10269	672	0	4	4	0	680
10270	10	0	1	670	0	681
10271	7	1	698	6	0	712
10272	4	0	5	713	0	722
10273	1	1	3	711	0	716
10274	1	705	2	10	0	718
10275	708	5	0	5	0	718
10276	714	4	1	4	0	723
10277	9	722	0	3	0	734
10278	7	5	0	705	0	717
10279	3	717	1	7	0	728
10280	719	7	1	5	0	732
10281	7	2	710	3	0	722
10282	4	2	684	2	0	692
10283	3	0	683	1	0	687
10284	2	1	9	687	0	699
10285	0	1	4	688	0	693
10286	685	0	2	10	0	697
10287	5	0	0	689	0	694
10288	2	2	1	707	0	712
10289	3	0	732	8	0	743
10290	1	0	706	6	0	713
10291	708	1	7	2	0	718
10292	5	719	6	1	0	731
10293	723	6	2	5	0	736
10294	7	2	1	725	0	735
10295	2	3	2	717	0	724
10296	3	709	0	7	0	719
10297	0	6	1	718	0	725
10298	709	1	2	8	0	720
10299	6	3	1	712	0	722
10300	3	0	718	9	0	730
10301	4	701	6	5	0	716
10302	704	5	2	5	0	716
10303	713	2	3	5	0	723
10304	715	2	1	1	0	719
10305	716	1	0	1	0	718
10306	9	1	0	707	0	717
10307	5	2	0	711	0	718
10308	4	1	702	9	0	716
10309	1	0	5	712	0	718
10310	1	3	709	8	0	721
10311	2	0	8	704	0	714
10312	699	1	3	9	0	712
10313	6	720	2	5	0	733
10314	3	5	2	731	0	741
10315	2	4	1	742	0	749
10316	729	2	1	9	0	741
10317	714	0	1	6	0	721
10318	8	0	715	3	0	726
10319	6	722	6	0	0	734
10320	2	5	2	711	0	720
10321	0	2	2	714	0	718
10322	695	3	3	7	0	708
10323	702	0	1	7	0	710
10324	8	0	708	2	0	718
10325	5	1	699	1	0	706
10326	5	1	6	690	0	702
10327	1	1	5	701	0	708
10328	0	0	697	9	0	706
10329	666	2	5	7	0	680
10330	6	1	1	692	0	700
10331	686	0	1	5	0	692
10332	7	674	1	4	0	686
10333	697	6	1	4	0	708
10334	5	3	750	2	0	760
10335	3	747	4	2	0	756
10336	3	707	3	0	0	713
10337	651	6	8	1	0	666
10338	645	2	2	0	0	649
10339	2	1	1	646	0	650
10340	1	639	0	4	0	644
10341	1	642	0	1	0	644
10342	0	2	0	648	0	650
10343	645	1	1	4	0	651
10344	648	1	0	3	0	652
10345	2	0	601	1	0	604
10346	576	1	1	1	0	579
10347	2	633	0	0	0	635
10348	649	2	1	0	0	652
10349	4	801	2	0	0	807
10350	2	886	0	3	0	891
10351	5	19	1	993	0	1018
10352	1086	11	0	20	0	1117
10353	1112	9	0	5	0	1126
10354	26	4	1078	7	0	1115
10355	14	1	23	1094	0	1132
10356	1094	0	4	27	0	1125
10357	30	2	7	1087	0	1126
10358	1096	0	3	30	0	1129
10359	1110	1	2	10	0	1123
10360	33	2	1081	8	0	1124
10361	18	0	22	1069	0	1109
10362	11	1	6	1097	0	1115
10363	13	0	6	1083	0	1102
10364	2	2	1049	33	0	1086
10365	4	3	24	1064	0	1095
10366	5	2	5	1052	0	1064
10367	2	1036	8	31	0	1077
10368	3	22	1021	19	0	1065
10369	3	1041	25	12	0	1081
10370	1031	28	6	11	0	1076
10371	25	9	9	999	0	1042
10372	9	9	4	995	0	1017
10373	13	1003	3	23	0	1042
10374	1009	24	3	13	0	1049
10375	1017	6	3	13	0	1039
10376	31	986	2	8	0	1027
10377	14	1016	3	5	0	1038
10378	1005	26	1	5	0	1037
10379	29	10	980	2	0	1021
10380	9	9	983	3	0	1004
10381	964	5	28	5	0	1002
10382	25	975	12	10	0	1022
10383	988	24	13	7	0	1032
10384	28	10	987	2	0	1027
10385	1002	6	24	8	0	1040
10386	31	1029	8	4	0	1072
10387	13	26	7	1034	0	1080
10388	13	7	7	1033	0	1060
10389	10	8	3	990	0	1011
10390	10	5	3	1005	0	1023
10391	5	6	2	995	0	1008
10392	7	981	1	38	0	1027
10393	992	23	2	21	0	1038
10394	27	7	983	16	0	1033
10395	14	7	24	990	0	1035
10396	11	7	984	28	0	1030
10397	10	6	31	992	0	1039
10398	11	2	11	1014	0	1038
10399	982	6	10	39	0	1037
10400	30	2	974	17	0	1023
10401	10	967	29	12	0	1018
10402	12	25	8	985	0	1030
10403	11	9	9	1006	0	1035
10404	6	9	984	34	0	1033
10405	3	8	26	993	0	1030
10406	6	6	7	1025	0	1044
10407	974	4	6	40	0	1024
10408	28	978	6	24	0	1036
10409	980	28	7	19	0	1034
10410	1005	10	0	17	0	1032
10411	35	10	5	978	0	1028
10412	17	9	973	29	0	1028
10413	17	4	969	11	0	1001
10414	13	6	31	959	0	1009
10415	7	4	16	965	0	992
10416	5	948	16	34	0	1003
10417	949	22	9	18	0	998
10418	28	942	5	15	0	990
10419	11	965	6	10	0	992
10420	956	30	5	10	0	1001
10421	31	18	4	949	0	1002
10422	15	980	5	30	0	1030
10423	9	35	5	984	0	1033
10424	12	11	964	33	0	1020
10425	8	11	979	19	0	1017
10426	9	7	30	985	0	1031
10427	8	5	986	34	0	1033
10428	3	5	40	986	0	1034
10429	6	5	15	997	0	1023
10430	8	2	12	1013	0	1035
10431	966	5	6	49	0	1026
10432	28	941	10	22	0	1001
10433	8	981	4	19	0	1012
10434	906	30	3	15	0	954
10435	926	15	3	12	0	956
10436	32	13	2	898	0	945
10437	15	11	916	28	0	970
10438	15	8	21	924	0	968
10439	10	4	920	37	0	971
10440	7	915	29	16	0	967
10441	5	26	10	933	0	974
10442	916	11	11	32	0	970
10443	32	5	7	930	0	974
10444	11	7	911	33	0	962
10445	895	4	27	20	0	946
10446	33	1	913	17	0	964
10447	13	4	881	7	0	905
10448	9	847	32	12	0	900
10449	4	678	10	4	0	696
10450	9	620	13	5	0	647
10451	465	20	24	11	0	520
10452	425	3	2	2	0	432
10453	2	0	0	439	0	441
10454	1	0	0	441	0	442
10455	1	0	0	447	0	448
10456	0	444	0	3	0	447
10457	450	2	0	0	0	452
10458	2	449	0	0	0	451
10459	1	2	0	454	0	457
10460	457	0	1	2	0	460
10461	2	1	0	455	0	458
10462	2	0	0	456	0	458
10463	463	0	0	3	0	466
10464	458	0	1	2	0	461
10465	3	0	451	1	0	455
10466	2	1	442	0	0	445
10467	1	1	468	0	0	470
10468	1	0	4	454	0	459
10469	1	0	1	465	0	467
10470	0	464	1	4	0	469
10471	477	2	0	3	0	482
10472	4	1	0	478	0	483
10473	1	2	0	485	0	488
10474	2	485	0	4	0	491
10475	0	512	0	2	0	514
10476	2	4	0	518	0	524
10477	2	2	0	581	0	585
10478	578	1	0	7	0	586
10479	580	0	0	6	0	586
10480	8	0	0	583	0	591
10481	6	1	584	4	0	595
10482	2	0	565	4	0	571
10483	2	0	7	575	0	584
10484	2	0	6	554	0	562
10485	1	552	2	8	0	563
10486	525	4	0	6	0	535
10487	4	3	1	530	0	538
10488	4	2	539	4	0	549
10489	3	0	4	550	0	557
10490	0	1	550	8	0	559
10491	0	2	552	3	0	557
10492	1	4	7	559	0	571
10493	552	0	7	7	0	566
10494	4	0	549	4	0	557
10495	4	0	4	548	0	556
10496	3	0	572	4	0	579
10497	1	1	7	568	0	577
10498	3	0	4	572	0	579
10499	1	1	575	7	0	584
10500	0	0	564	7	0	571
10501	3	1	8	550	0	562
10502	0	2	7	569	0	578
10503	1	0	2	578	0	581
10504	0	0	0	568	0	568
10505	560	0	2	11	0	573
10506	563	0	1	7	0	571
10507	8	561	1	4	0	574
10508	565	4	2	3	0	574
10509	6	3	1	559	0	569
10510	560	2	1	7	0	570
10511	7	0	549	5	0	561
10512	556	1	4	4	0	565
10513	8	1	4	555	0	568
10514	5	0	2	564	0	571
10515	571	0	1	11	0	583
10516	7	0	1	613	0	621
10517	5	0	641	9	0	655
10518	655	0	6	6	0	667
10519	7	676	5	7	0	695
10520	4	6	3	706	0	719
10521	6	3	766	10	0	785
10522	1	4	9	761	0	775
10523	1	3	767	13	0	784
10524	2	1	11	763	0	777
10525	1	768	2	15	0	786
10526	1	8	5	775	0	789
10527	2	800	5	12	0	819
10528	1	17	4	784	0	806
10529	1	3	4	848	0	856
10530	1	4	1	850	0	856
10531	1	2	1	845	0	849
10532	2	1	1	849	0	853
10533	4	1	823	20	0	848
10534	3	3	10	838	0	854
10535	2	3	3	850	0	858
10536	836	0	6	22	0	864
10537	12	812	5	15	0	844
10538	820	10	5	11	0	846
10539	15	3	3	822	0	843
10540	6	6	819	16	0	847
10541	5	822	11	11	0	849
10542	813	12	2	14	0	841
10543	13	811	5	8	0	837
10544	6	829	2	7	0	844
10545	822	17	7	6	0	852
10546	16	7	2	879	0	904
10547	873	8	1	21	0	903
10548	20	3	3	851	0	877
10549	6	5	842	19	0	872
10550	8	2	834	9	0	853
10551	812	2	16	10	0	840
10552	830	3	8	7	0	848
10553	20	4	4	800	0	828
10554	12	2	1	820	0	835
10555	789	3	3	21	0	816
10556	13	782	4	15	0	814
10557	6	796	3	8	0	813
10558	796	15	1	8	0	820
10559	811	7	1	4	0	823
10560	17	799	2	6	0	824
10561	13	13	3	800	0	829
10562	10	5	791	16	0	822
10563	8	8	787	6	0	809
10564	777	8	16	7	0	808
10565	16	3	786	8	0	813
10566	9	2	20	773	0	804
10567	11	1	6	768	0	786
10568	4	776	5	20	0	805
10569	771	14	6	12	0	803
10570	20	4	2	778	0	804
10571	8	4	764	17	0	793
10572	5	767	15	8	0	795
10573	6	16	6	762	0	790
10574	4	5	754	20	0	783
10575	3	7	733	8	0	751
10576	6	725	13	8	0	752
10577	650	12	8	8	0	678
10578	12	664	9	6	0	691
10579	665	17	5	5	0	692
10580	15	9	651	6	0	681
10581	646	2	14	5	0	667
10582	10	654	7	7	0	678
10583	6	11	8	663	0	688
10584	4	6	7	674	0	691
10585	666	3	1	20	0	690
10586	14	7	661	8	0	690
10587	663	6	14	8	0	691
10588	664	6	3	6	0	679
10589	14	2	640	9	0	665
10590	5	5	645	6	0	661
10591	9	3	11	627	0	650
10592	633	1	6	15	0	655
10593	631	4	10	6	0	651
10594	14	654	7	5	0	680
10595	9	12	1	665	0	687
10596	11	1	4	639	0	655
10597	8	7	3	647	0	665
10598	6	5	3	651	0	665
10599	645	3	2	18	0	668
10600	17	4	1	658	0	680
10601	8	5	650	14	0	677
10602	10	3	648	8	0	669
10603	640	2	12	10	0	664
10604	17	638	4	9	0	668
10605	7	651	9	2	0	669
10606	7	13	5	657	0	682
10607	10	3	0	669	0	682
10608	7	3	6	658	0	674
10609	5	3	5	668	0	681
10610	4	2	654	21	0	681
10611	6	3	13	665	0	687
10612	6	3	4	672	0	685
10613	2	5	641	21	0	669
10614	618	0	15	12	0	645
10615	15	635	2	10	0	662
10616	585	12	2	10	0	609
10617	7	3	553	7	0	570
10618	6	1	538	2	0	547
10619	1	519	8	4	0	532
10620	464	19	22	5	0	510
10621	423	1	7	5	0	436
10622	414	2	2	1	0	419
10623	7	405	0	3	0	415
10624	395	9	0	2	0	406
10625	8	1	395	2	0	406
10626	2	398	6	2	0	408
10627	381	7	2	2	0	392
10628	6	383	0	2	0	391
10629	368	5	2	0	0	375
10630	357	2	2	2	0	363
10631	8	0	367	2	0	377
10632	2	368	9	0	0	379
10633	369	6	2	0	0	377
10634	4	5	360	0	0	369
10635	4	360	3	0	0	367
10636	1	3	3	350	0	357
10637	0	3	351	3	0	357
10638	0	2	342	2	0	346
10639	5	0	5	346	0	356
10640	341	0	2	2	0	345
10641	5	351	0	2	0	358
10642	1	4	344	0	0	349
10643	2	1	341	0	0	344
10644	329	2	6	0	0	337
10645	3	333	1	1	0	338
10646	281	2	0	0	0	283
10647	2	284	0	0	0	286
10648	280	4	0	0	0	284
10649	280	1	0	0	0	281
10650	3	273	0	0	0	276
10651	2	2	0	276	0	280
10652	288	2	0	2	0	292
10653	3	0	0	293	0	296
10654	2	0	0	304	0	306
10655	312	0	0	6	0	318
10656	3	316	0	2	0	321
10657	316	3	0	1	0	320
10658	3	2	314	0	0	319
10659	2	0	3	317	0	322
10660	0	0	2	318	0	320
10661	311	0	0	5	0	316
10662	314	0	0	2	0	316
10663	5	0	0	310	0	315
10664	3	0	311	3	0	317
10665	0	0	3	312	0	315
10666	1	0	2	315	0	318
10667	0	0	0	319	0	319
10668	0	0	0	320	0	320
10669	318	0	0	5	0	323
10670	4	0	317	2	0	323
10671	2	316	4	0	0	322
10672	0	5	2	310	0	317
10673	1	2	1	321	0	325
10674	0	0	317	6	0	323
10675	0	0	320	2	0	322
10676	0	0	5	327	0	332
10677	0	1	2	331	0	334
10678	0	0	325	5	0	330
10679	1	0	3	325	0	329
10680	324	0	2	5	0	331
10681	5	327	2	2	0	336
10682	2	6	326	2	0	336
10683	1	322	4	1	0	328
10684	2	5	2	326	0	335
10685	1	3	333	3	0	340
10686	1	332	3	2	0	338
10687	0	4	3	331	0	338
10688	0	2	335	6	0	343
10689	1	1	4	334	0	340
10690	1	0	2	339	0	342
10691	337	0	1	7	0	345
10692	6	0	0	335	0	341
10693	339	1	1	5	0	346
10694	312	0	0	3	0	315
10695	309	0	1	3	0	313
10696	8	0	0	300	0	308
10697	3	0	292	6	0	301
10698	3	0	293	2	0	298
10699	303	0	7	1	0	311
10700	5	1	298	1	0	305
10701	276	0	5	2	0	283
10702	5	282	2	2	0	291
10703	287	4	2	1	0	294
10704	5	2	286	1	0	294
10705	2	1	299	2	0	304
10706	3	0	5	301	0	309
10707	0	0	318	4	0	322
10708	0	1	333	3	0	337
10709	2	0	7	357	0	366
10710	0	1	3	373	0	377
10711	0	0	2	382	0	384
10712	0	383	1	8	0	392
10713	0	5	0	379	0	384
10714	0	381	0	7	0	388
10715	384	7	1	2	0	394
10716	388	2	0	3	0	393
10717	9	1	1	380	0	391
10718	3	372	0	6	0	381
10719	1	5	393	4	0	403
10720	396	2	6	2	0	406
10721	8	1	2	388	0	399
10722	3	0	1	394	0	398
10723	2	6	0	396	0	404
10724	392	0	0	10	0	402
10725	6	371	0	4	0	381
10726	3	376	1	2	0	382
10727	363	6	2	1	0	372
10728	7	356	0	1	0	364
10729	365	7	1	1	0	374
10730	367	1	0	0	0	368
10731	9	359	0	0	0	368
10732	3	6	0	353	0	362
10733	1	353	1	7	0	362
10734	0	7	1	357	0	365
10735	0	1	1	381	0	383
10736	382	1	0	9	0	392
10737	389	0	0	3	0	392
10738	10	0	0	388	0	398
10739	2	1	381	9	0	393
10740	376	1	6	3	0	386
10741	7	371	2	2	0	382
10742	1	7	0	375	0	383
10743	2	2	1	383	0	388
10744	2	1	1	385	0	389
10745	373	0	0	11	0	384
10746	375	1	0	4	0	380
10747	8	360	1	1	0	370
10748	2	367	1	1	0	371
10749	5	6	0	363	0	374
10750	2	3	0	373	0	378
10751	0	1	364	9	0	374
10752	2	0	7	358	0	367
10753	2	0	352	9	0	363
10754	1	1	351	0	0	353
10755	0	341	6	2	0	349
10756	2	7	1	333	0	343
10757	342	1	1	7	0	351
10758	9	1	0	339	0	349
10759	1	1	341	8	0	351
10760	336	2	7	0	0	345
10761	343	0	0	2	0	345
10762	7	1	337	0	0	345
10763	2	0	7	346	0	355
10764	341	0	0	8	0	349
10765	8	349	1	1	0	359
10766	354	5	0	1	0	360
10767	358	1	0	1	0	360
10768	8	1	1	354	0	364
10769	2	0	0	362	0	364
10770	358	1	0	6	0	365
10771	7	0	0	363	0	370
10772	0	0	363	9	0	372
10773	354	0	6	1	0	361
10774	360	0	0	1	0	361
10775	7	358	1	0	0	366
10776	0	360	0	1	0	361
10777	2	7	0	345	0	354
10778	0	355	0	9	0	364
10779	2	7	0	358	0	367
10780	355	1	0	5	0	361
10781	354	1	0	1	0	356
10782	6	348	1	0	0	355
10783	344	6	1	3	0	354
10784	6	342	0	2	0	350
10785	339	6	1	1	0	347
10786	343	0	0	2	0	345
10787	6	0	339	1	0	346
10788	334	0	8	0	0	342
10789	8	331	0	0	0	339
10790	1	339	0	1	0	341
10791	335	7	1	0	0	343
10792	7	0	0	339	0	346
10793	1	1	339	7	0	348
10794	1	1	6	339	0	347
10795	3	0	0	347	0	350
10796	2	1	338	6	0	347
10797	334	1	6	1	0	342
10798	8	333	0	3	0	344
10799	324	8	0	0	0	332
10800	8	0	0	322	0	330
10801	321	0	1	6	0	328
10802	6	319	1	1	0	327
10803	2	6	0	317	0	325
10804	318	2	0	6	0	326
10805	6	1	304	0	0	311
10806	1	1	294	1	0	297
10807	275	1	9	1	0	286
10808	6	260	1	1	0	268
10809	0	228	0	1	0	229
10810	3	7	3	220	0	233
10811	0	216	1	4	0	221
10812	1	3	0	221	0	225
10813	0	1	1	224	0	226
10814	1	0	0	221	0	222
10815	0	215	0	5	0	220
10816	1	3	0	213	0	217
10817	0	1	212	2	0	215
10818	0	217	3	1	0	221
10819	1	4	0	201	0	206
10820	0	199	1	3	0	203
10821	203	3	1	0	0	207
10822	203	0	0	0	0	203
10823	201	1	0	1	0	203
10824	3	214	0	0	0	217
10825	0	4	0	211	0	215
10826	0	1	212	3	0	216
10827	0	0	207	1	0	208
10828	207	1	3	1	0	212
10829	204	0	0	1	0	205
10830	3	1	0	218	0	222
10831	0	0	0	232	0	232
10832	0	0	240	3	0	243
10833	0	238	4	0	0	242
10834	1	236	0	2	0	239
10835	0	1	225	0	0	226
10836	1	2	5	207	0	215
10837	2	0	2	189	0	193
10838	1	0	0	215	0	216
10839	0	1	0	214	0	215
10840	210	0	0	6	0	216
10841	3	0	207	0	0	210
10842	209	0	2	0	0	211
10843	4	0	0	209	0	213
10844	210	0	0	3	0	213
10845	3	0	0	209	0	212
10846	0	0	211	3	0	214
10847	0	1	5	213	0	219
10848	0	1	215	2	0	218
10849	0	1	2	210	0	213
10850	0	0	220	3	0	223
10851	1	223	2	1	0	227
10852	0	2	0	218	0	220
10853	0	0	0	217	0	217
10854	0	210	0	3	0	213
10855	216	2	0	1	0	219
10856	2	0	1	217	0	220
10857	1	0	0	211	0	212
10858	210	0	0	3	0	213
10859	211	0	0	0	0	211
10860	213	0	0	1	0	214
10861	215	0	1	0	0	216
10862	2	0	205	1	0	208
10863	204	0	2	0	0	206
10864	211	1	0	0	0	212
10865	2	0	0	201	0	203
10866	0	0	0	198	0	198
10867	194	0	0	3	0	197
10868	2	191	0	0	0	193
10869	0	2	0	189	0	191
10870	0	0	196	2	0	198
10871	0	193	2	0	0	195
10872	193	2	2	0	0	197
10873	197	0	0	0	0	197
10874	194	0	0	0	0	194
10875	196	0	0	0	0	196
10876	2	0	0	188	0	190
10877	0	0	185	2	0	187
10878	0	0	191	0	0	191
10879	0	0	2	202	0	204
10880	211	0	0	2	0	213
10881	2	0	0	212	0	214
10882	0	0	218	2	0	220
10883	220	0	3	0	0	223
10884	222	0	0	1	0	223
10885	3	0	0	222	0	225
10886	0	0	231	3	0	234
10887	0	0	228	0	0	228
10888	225	0	3	1	0	229
10889	3	230	0	0	0	233
10890	0	2	236	0	0	238
10891	0	0	3	237	0	240
10892	240	0	0	4	0	244
10893	3	233	0	0	0	236
10894	0	235	0	0	0	235
10895	233	4	0	0	0	237
10896	3	0	1	235	0	239
10897	251	0	0	4	0	255
10898	4	0	0	260	0	264
10899	0	0	0	263	0	263
10900	0	0	261	5	0	266
10901	1	0	256	0	0	257
10902	0	0	266	0	0	266
10903	1	0	3	268	0	272
10904	268	0	0	5	0	273
10905	5	0	271	0	0	276
10906	1	0	4	264	0	269
10907	0	0	277	4	0	281
10908	0	288	3	1	0	292
10909	2	4	1	291	0	298
10910	0	0	0	296	0	296
10911	0	0	1	295	0	296
10912	291	1	0	5	0	297
10913	4	0	0	295	0	299
10914	1	0	0	300	0	301
10915	294	1	0	5	0	300
10916	5	0	293	1	0	299
10917	288	0	4	1	0	293
10918	285	0	1	1	0	287
10919	6	0	282	0	0	288
10920	282	0	4	0	0	286
10921	5	0	1	282	0	288
10922	2	0	286	4	0	292
10923	282	0	5	0	0	287
10924	280	0	1	0	0	281
10925	5	0	0	275	0	280
10926	1	0	0	279	0	280
10927	0	0	0	283	0	283
10928	274	0	0	5	0	279
10929	4	276	1	1	0	282
10930	262	3	0	1	0	266
10931	3	245	0	0	0	248
10932	1	239	0	0	0	240
10933	0	4	0	235	0	239
10934	0	1	0	240	0	241
10935	0	0	1	238	0	239
10936	1	0	0	237	0	238
10937	2	0	230	4	0	236
10938	226	0	3	4	0	233
10939	3	0	2	236	0	241
10940	1	0	239	3	0	243
10941	1	0	3	237	0	241
10942	0	1	0	241	0	242
10943	0	0	247	4	0	251
10944	0	0	3	246	0	249
10945	1	0	1	248	0	250
10946	247	1	1	4	0	253
10947	3	1	247	1	0	252
10948	241	1	3	2	0	247
10949	2	252	1	1	0	256
10950	247	3	0	1	0	251
10951	241	1	0	2	0	244
10952	4	1	0	241	0	246
10953	1	1	239	3	0	244
10954	1	264	4	0	0	269
10955	0	3	2	253	0	258
10956	1	274	0	4	0	279
10957	276	4	0	2	0	282
10958	4	1	271	0	0	276
10959	1	2	269	1	0	273
10960	0	0	7	263	0	270
10961	0	0	276	4	0	280
10962	0	0	4	277	0	281
10963	0	0	1	283	0	284
10964	283	0	0	8	0	291
10965	5	282	1	2	0	290
10966	0	4	1	291	0	296
10967	0	2	0	298	0	300
10968	1	0	0	298	0	299
10969	1	283	1	5	0	290
10970	1	285	0	1	0	287
10971	280	4	0	0	0	284
10972	279	1	1	2	0	283
10973	277	0	0	1	0	278
10974	6	0	272	1	0	279
10975	1	0	6	270	0	277
10976	2	0	272	4	0	278
10977	2	272	4	1	0	279
10978	259	4	2	1	0	266
10979	4	1	256	1	0	262
10980	2	1	4	248	0	255
10981	1	0	253	4	0	258
10982	244	0	3	1	0	248
10983	250	0	1	0	0	251
10984	251	0	0	1	0	252
10985	246	0	0	1	0	247
10986	4	1	250	1	0	256
10987	244	0	3	2	0	249
10988	251	0	0	0	0	251
10989	3	247	0	0	0	250
10990	246	2	0	0	0	248
10991	250	1	0	0	0	251
10992	3	0	0	239	0	242
10993	1	249	0	2	0	252
10994	263	2	0	1	0	266
10995	279	1	0	1	0	281
10996	3	0	316	0	0	319
10997	2	0	319	0	0	321
10998	1	0	319	0	0	320
10999	1	0	8	314	0	323
11000	308	0	4	4	0	316
11001	4	310	2	2	0	318
11002	307	3	0	1	0	311
11003	6	311	0	0	0	317
11004	311	6	0	0	0	317
11005	8	303	1	0	0	312
11006	2	312	1	0	0	315
11007	299	6	2	0	0	307
11008	2	304	0	2	0	308
11009	2	6	0	301	0	309
11010	2	2	307	4	0	315
11011	1	1	308	1	0	311
11012	0	1	5	301	0	307
11013	1	1	3	311	0	316
11014	1	1	306	4	0	312
11015	0	1	5	304	0	310
11016	1	0	2	310	0	313
11017	306	1	2	6	0	315
11018	4	309	1	4	0	318
11019	1	3	1	306	0	311
11020	2	317	1	4	0	324
11021	321	6	0	1	0	328
11022	4	322	0	1	0	327
11023	325	6	1	1	0	333
11024	331	1	0	2	0	334
11025	5	1	1	321	0	328
11026	4	0	1	322	0	327
11027	2	2	0	325	0	329
11028	1	0	1	328	0	330
11029	1	1	320	7	0	329
11030	318	1	3	3	0	325
11031	5	323	3	3	0	334
11032	3	5	1	330	0	339
11033	3	2	1	336	0	342
11034	1	335	0	8	0	344
11035	334	4	0	6	0	344
11036	4	335	1	4	0	344
11037	1	8	0	338	0	347
11038	4	2	2	343	0	351
11039	3	3	0	342	0	348
11040	3	1	0	339	0	343
11041	337	0	1	7	0	345
11042	5	1	332	5	0	343
11043	1	1	5	326	0	333
11044	5	1	3	327	0	336
11045	2	1	4	327	0	334
11046	1	1	2	332	0	336
11047	319	0	0	11	0	330
11048	6	0	320	5	0	331
11049	2	1	5	308	0	316
11050	6	303	1	6	0	316
11051	5	318	3	1	0	327
11052	324	7	0	4	0	335
11053	6	4	319	2	0	331
11054	295	4	6	1	0	306
11055	11	0	294	2	0	307
11056	3	3	5	276	0	287
11057	283	1	1	5	0	290
11058	6	291	2	2	0	301
11059	2	4	1	285	0	292
11060	2	282	0	7	0	291
11061	289	6	1	3	0	299
11062	286	1	3	2	0	292
11063	4	2	1	283	0	290
11064	4	0	282	5	0	291
11065	3	1	281	2	0	287
11066	1	1	3	289	0	294
11067	0	283	3	6	0	292
11068	2	5	2	299	0	308
11069	3	4	0	292	0	299
11070	2	4	0	295	0	301
11071	2	2	292	7	0	303
11072	3	0	3	296	0	302
11073	0	2	2	300	0	304
11074	0	294	3	7	0	304
11075	3	4	0	297	0	304
11076	0	2	1	306	0	309
11077	0	2	1	312	0	315
11078	1	0	1	311	0	313
11079	1	1	1	309	0	312
11080	0	0	1	308	0	309
11081	2	0	0	302	0	304
11082	0	2	1	300	0	303
11083	1	1	277	18	0	297
11084	0	2	3	294	0	299
11085	293	2	1	7	0	303
11086	5	1	2	276	0	284
11087	1	1	290	8	0	300
11088	295	0	3	4	0	302
11089	299	0	2	4	0	305
11090	295	1	3	3	0	302
11091	303	0	0	3	0	306
11092	8	1	0	298	0	307
11093	3	0	288	6	0	297
11094	3	275	3	5	0	286
11095	3	257	1	3	0	264
11096	3	0	4	227	0	234
11097	0	0	0	226	0	226
11098	0	0	0	223	0	223
11099	0	0	0	227	0	227
11100	0	0	0	246	0	246
11101	288	0	0	1	0	289
11102	2	289	0	0	0	291
11103	1	295	0	0	0	296
11104	0	4	0	306	0	310
11105	0	2	0	309	0	311
11106	0	0	0	316	0	316
11107	0	0	0	311	0	311
11108	0	0	300	5	0	305
11109	2	296	3	1	0	302
11110	0	4	2	297	0	303
11111	289	2	0	3	0	294
11112	3	0	0	295	0	298
11113	2	1	291	4	0	298
11114	0	0	290	5	0	295
11115	0	0	291	2	0	293
11116	0	1	6	293	0	300
11117	296	0	2	4	0	302
11118	4	0	1	301	0	306
11119	4	1	0	302	0	307
11120	294	0	0	9	0	303
11121	4	0	1	302	0	307
11122	2	0	1	305	0	308
11123	0	0	326	5	0	331
11124	0	322	4	3	0	329
11125	1	3	3	327	0	334
11126	329	2	0	5	0	336
11127	5	0	0	331	0	336
11128	3	0	328	4	0	335
11129	0	1	3	332	0	336
11130	1	329	2	4	0	336
11131	1	3	1	334	0	339
11132	2	2	328	4	0	336
11133	0	350	4	3	0	357
11134	1	6	2	356	0	365
11135	0	2	0	392	0	394
11136	3	0	1	394	0	398
11137	0	1	0	395	0	396
11138	0	1	385	6	0	392
11139	0	381	4	4	0	389
11140	384	5	2	1	0	392
11141	391	3	0	4	0	398
11142	7	0	1	390	0	398
11143	2	1	388	5	0	396
11144	382	1	4	5	0	392
11145	3	0	3	395	0	401
11146	3	0	398	5	0	406
11147	1	1	3	406	0	411
11148	3	0	3	404	0	410
11149	1	1	1	410	0	413
11150	1	1	410	7	0	419
11151	2	0	4	396	0	402
11152	1	413	2	4	0	420
11153	412	3	1	5	0	421
11154	418	2	3	0	0	423
11155	420	0	1	2	0	423
11156	5	412	2	2	0	421
11157	413	3	0	3	0	419
11158	6	2	1	406	0	415
11159	410	0	0	6	0	416
11160	406	1	1	4	0	412
11161	8	1	400	0	0	409
11162	3	399	4	2	0	408
11163	401	4	3	2	0	410
11164	5	4	1	396	0	406
11165	3	1	395	5	0	404
11166	0	402	4	5	0	411
11167	392	4	2	2	0	400
11168	5	2	0	390	0	397
11169	3	0	1	392	0	396
11170	1	2	0	397	0	400
11171	2	391	1	6	0	400
11172	2	5	0	394	0	401
11173	0	387	3	5	0	395
11174	0	6	1	393	0	400
11175	2	2	393	4	0	401
11176	0	1	4	396	0	401
11177	0	0	3	398	0	401
11178	0	0	0	402	0	402
11179	0	0	396	8	0	404
11180	1	1	4	390	0	396
11181	1	2	3	402	0	408
11182	1	0	0	408	0	409
11183	0	2	1	406	0	409
11184	2	0	1	406	0	409
11185	2	0	404	7	0	413
11186	1	1	4	406	0	412
11187	2	1	4	390	0	397
11188	383	0	1	9	0	393
11189	4	374	1	7	0	386
11190	3	383	2	4	0	392
11191	2	6	1	387	0	396
11192	0	2	2	388	0	392
11193	0	379	2	8	0	389
11194	2	4	0	387	0	393
11195	1	368	1	12	0	382
11196	3	4	1	373	0	381
11197	0	4	1	366	0	371
11198	2	1	354	6	0	363
11199	0	345	4	6	0	355
11200	1	335	2	4	0	342
11201	283	3	4	1	0	291
11202	2	277	0	0	0	279
11203	2	3	1	275	0	281
11204	1	1	268	2	0	272
11205	1	1	1	271	0	274
11206	264	1	0	2	0	267
11207	2	0	273	2	0	277
11208	0	281	3	0	0	284
11209	2	3	0	250	0	255
11210	1	0	0	286	0	287
11211	288	0	2	2	0	292
11212	1	1	1	294	0	297
11213	0	3	0	295	0	298
11214	2	0	0	294	0	296
11215	0	1	0	296	0	297
11216	295	0	0	4	0	299
11217	294	1	1	1	0	297
11218	2	1	0	293	0	296
11219	292	0	0	3	0	295
11220	2	1	1	284	0	288
11221	0	2	277	2	0	281
11222	1	0	264	1	0	266
11223	1	0	1	253	0	255
11224	2	250	0	2	0	254
11225	1	1	0	253	0	255
11226	250	0	1	2	0	253
11227	1	0	0	253	0	254
11228	250	0	0	3	0	253
11229	2	0	0	253	0	255
11230	1	0	253	1	0	255
11231	0	249	1	2	0	252
11232	2	257	1	0	0	260
11233	2	2	0	236	0	240
11234	0	0	235	3	0	238
11235	0	206	2	0	0	208
11236	0	2	0	204	0	206
11237	200	1	0	1	0	202
11238	1	0	202	1	0	204
11239	1	0	1	211	0	213
11240	0	0	0	216	0	216
11241	1	0	218	1	0	220
11242	0	0	210	1	0	211
11243	0	0	221	0	0	221
11244	0	1	1	219	0	221
11245	0	1	223	1	0	225
11246	217	0	1	1	0	219
11247	1	0	1	235	0	237
11248	0	1	277	1	0	279
11249	0	288	1	1	0	290
11250	1	1	288	0	0	290
11251	0	0	3	289	0	292
11252	289	0	0	3	0	292
11253	2	0	0	298	0	300
11254	0	0	1	305	0	306
11255	319	0	1	2	0	322
11256	3	0	1	326	0	330
11257	0	0	333	4	0	337
11258	331	0	4	0	0	335
11259	4	332	0	0	0	336
11260	337	2	0	1	0	340
11261	3	0	1	339	0	343
11262	1	1	340	3	0	345
11263	0	0	350	0	0	350
11264	0	1	3	347	0	351
11265	1	0	0	342	0	343
11266	0	0	332	3	0	335
11267	0	0	318	1	0	319
11268	331	0	2	0	0	333
11269	3	0	0	336	0	339
11270	333	0	1	3	0	337
11271	4	0	0	336	0	340
11272	0	1	349	3	0	353
11273	1	0	369	0	0	370
11274	1	0	4	365	0	370
11275	1	0	0	374	0	375
11276	0	0	376	5	0	381
11277	384	0	5	0	0	389
11278	5	0	1	396	0	402
11279	413	0	1	5	0	419
11280	5	472	0	1	0	478
11281	2	8	0	485	0	495
11282	493	1	1	10	0	505
11283	10	0	491	2	0	503
11284	2	0	7	500	0	509
11285	2	0	1	506	0	509
11286	1	1	1	505	0	508
11287	0	0	488	11	0	499
11288	2	1	9	488	0	500
11289	1	491	2	7	0	501
11290	1	6	0	494	0	501
11291	0	1	496	10	0	507
11292	0	0	499	2	0	501
11293	1	0	11	496	0	508
11294	1	0	1	508	0	510
11295	1	1	1	510	0	513
11296	0	0	1	512	0	513
11297	503	0	1	10	0	514
11298	509	1	1	2	0	513
11299	11	0	500	1	0	512
11300	1	500	9	5	0	515
11301	2	9	2	512	0	525
11302	527	1	1	10	0	539
11303	497	0	1	7	0	505
11304	538	0	0	1	0	539
11305	533	0	3	1	0	537
11306	11	1	525	0	0	537
11307	510	0	9	2	0	521
11308	10	510	1	1	0	522
11309	3	10	0	511	0	524
11310	2	1	516	11	0	530
11311	2	1	11	514	0	528
11312	2	0	513	9	0	524
11313	2	0	9	514	0	525
11314	1	1	2	520	0	524
11315	509	0	2	12	0	523
11316	9	0	3	513	0	525
11317	2	0	509	11	0	522
11318	0	1	11	526	0	538
11319	522	0	1	13	0	536
11320	9	0	1	521	0	531
11321	3	0	522	10	0	535
11322	1	515	11	3	0	530
11323	531	8	2	5	0	546
11324	9	2	1	519	0	531
11325	2	534	2	11	0	549
11326	537	8	0	3	0	548
11327	10	1	533	1	0	545
11328	1	540	8	1	0	550
11329	2	10	1	538	0	551
11330	1	1	535	13	0	550
11331	4	1	9	533	0	547
11332	533	1	2	9	0	545
11333	11	0	519	3	0	533
11334	3	1	10	522	0	536
11335	0	1	524	11	0	536
11336	1	0	10	522	0	533
11337	2	1	1	534	0	538
11338	517	1	0	12	0	530
11339	9	521	3	2	0	535
11340	2	9	1	529	0	541
11341	518	2	4	9	0	533
11342	522	0	0	5	0	527
11343	10	1	1	513	0	525
11344	3	502	1	10	0	516
11345	0	509	1	4	0	514
11346	5	8	1	509	0	523
11347	2	2	1	510	0	515
11348	460	0	1	12	0	473
11349	10	0	0	446	0	456
11350	3	1	433	7	0	444
11351	420	2	7	1	0	430
11352	6	429	2	1	0	438
11353	423	8	0	2	0	433
11354	10	1	430	0	0	441
11355	1	436	9	2	0	448
11356	434	8	1	1	0	444
11357	431	2	1	0	0	434
11358	10	1	435	0	0	446
11359	423	0	8	1	0	432
11360	433	1	1	0	0	435
11361	6	432	0	1	0	439
11362	1	6	1	438	0	446
11363	0	2	425	7	0	434
11364	0	0	7	433	0	440
11365	0	0	438	8	0	446
11366	0	0	8	434	0	442
11367	440	0	1	7	0	448
11368	7	0	2	453	0	462
11369	1	0	504	10	0	515
11370	509	0	10	2	0	521
11371	12	0	1	521	0	534
11372	1	0	509	13	0	523
11373	493	0	11	1	0	505
11374	10	1	1	498	0	510
11375	2	0	485	10	0	497
11376	2	1	480	2	0	485
11377	2	3	10	479	0	494
11378	2	0	482	9	0	493
11379	0	464	10	2	0	476
11380	3	7	2	400	0	412
11381	389	0	4	5	0	398
11382	5	2	384	2	0	393
11383	0	0	392	1	0	393
11384	378	1	5	0	0	384
11385	5	0	392	1	0	398
11386	384	0	9	1	0	394
11387	9	0	388	0	0	397
11388	1	0	8	391	0	400
11389	4	0	403	5	0	412
11390	1	0	9	402	0	412
11391	1	0	407	9	0	417
11392	1	0	406	0	0	407
11393	389	2	6	3	0	400
11394	5	402	4	2	0	413
11395	406	6	2	1	0	415
11396	7	407	2	1	0	417
11397	1	6	3	416	0	426
11398	5	0	1	421	0	427
11399	417	2	3	6	0	428
11400	8	0	2	415	0	425
11401	2	0	409	7	0	418
11402	393	0	5	3	0	401
11403	401	0	4	3	0	408
11404	7	1	4	399	0	411
11405	3	0	402	8	0	413
11406	4	0	8	397	0	409
11407	2	411	3	8	0	424
11408	2	6	4	413	0	425
11409	2	0	1	419	0	422
11410	1	5	404	5	0	415
11411	382	1	6	8	0	397
11412	7	405	1	4	0	417
11413	398	6	4	3	0	411
11414	7	405	2	4	0	418
11415	1	7	2	401	0	411
11416	8	401	0	6	0	415
11417	1	7	396	3	0	407
11418	2	0	8	387	0	397
11419	7	3	2	390	0	402
11420	0	0	4	401	0	405
11421	391	2	2	8	0	403
11422	7	1	3	396	0	407
11423	385	1	0	13	0	399
11424	396	2	4	1	0	403
11425	383	0	2	8	0	393
11426	8	0	392	3	0	403
11427	6	0	8	391	0	405
11428	5	3	2	400	0	410
11429	4	2	3	405	0	414
11430	425	2	0	10	0	437
11431	8	2	4	421	0	435
11432	3	1	1	440	0	445
11433	472	1	1	12	0	486
11434	8	0	5	488	0	501
11435	3	1	497	13	0	514
11436	3	0	498	6	0	507
11437	3	0	8	509	0	520
11438	507	2	5	8	0	522
11439	496	0	2	8	0	506
11440	9	1	5	492	0	507
11441	5	0	485	8	0	498
11442	5	487	10	3	0	505
11443	4	9	1	501	0	515
11444	6	1	5	499	0	511
11445	2	2	2	503	0	509
11446	493	0	5	15	0	513
11447	10	3	490	8	0	511
11448	493	0	8	10	0	511
11449	13	1	1	501	0	516
11450	3	489	11	13	0	516
11451	502	8	4	3	0	517
11452	501	0	5	2	0	508
11453	12	5	514	5	0	536
11454	5	479	9	7	0	500
11455	4	477	1	4	0	486
11456	482	8	2	6	0	498
11457	10	2	3	480	0	495
11458	4	3	3	479	0	489
11459	5	1	2	477	0	485
11460	3	455	2	12	0	472
11461	6	470	1	4	0	481
11462	465	8	0	6	0	479
11463	7	0	3	466	0	476
11464	2	0	483	11	0	496
11465	3	3	8	520	0	534
11466	2	7	573	12	0	594
11467	5	1	579	4	0	589
11468	7	1	574	6	0	588
11469	1	505	11	3	0	520
11470	3	10	12	482	0	507
11471	0	495	9	9	0	513
11472	3	9	4	478	0	494
11473	4	7	2	493	0	506
11474	490	3	1	17	0	511
11475	6	5	2	500	0	513
11476	486	2	2	15	0	505
11477	485	2	2	9	0	498
11478	14	1	3	480	0	498
11479	6	473	1	11	0	491
11480	9	5	1	474	0	489
11481	6	470	1	11	0	488
11482	2	9	2	478	0	491
11483	1	6	461	12	0	480
11484	1	4	6	474	0	485
11485	1	6	3	474	0	484
11486	457	0	2	17	0	476
11487	6	458	6	7	0	477
11488	6	5	1	472	0	484
11489	2	4	2	456	0	464
11490	6	448	0	12	0	466
11491	3	9	0	455	0	467
11492	435	6	0	12	0	453
11493	445	3	2	11	0	461
11494	10	440	1	6	0	457
11495	4	7	0	450	0	461
11496	432	5	1	8	0	446
11497	11	440	0	5	0	456
11498	5	8	0	434	0	447
11499	4	434	1	12	0	451
11500	436	9	0	7	0	452
11501	6	8	428	6	0	448
11502	6	3	423	4	0	436
11503	4	8	7	425	0	444
11504	7	1	425	8	0	441
11505	1	2	11	422	0	436
11506	413	1	11	11	0	436
11507	7	1	414	10	0	432
11508	3	1	12	418	0	434
11509	4	4	4	425	0	437
11510	425	0	4	11	0	440
11511	7	428	5	7	0	447
11512	433	6	3	9	0	451
11513	436	4	1	9	0	450
11514	13	421	2	4	0	440
11515	6	12	1	428	0	447
11516	13	5	422	7	0	447
11517	8	4	6	417	0	435
11518	3	419	5	10	0	437
11519	427	8	2	10	0	447
11520	6	5	5	430	0	446
11521	5	7	430	11	0	453
11522	4	5	7	443	0	459
11523	7	1	5	448	0	461
11524	3	2	1	454	0	460
11525	1	2	6	452	0	461
11526	3	1	1	443	0	448
11527	2	3	421	17	0	443
11528	7	1	400	14	0	422
11529	2	387	7	9	0	405
11530	2	394	5	8	0	409
11531	389	6	9	4	0	408
11532	4	6	393	2	0	405
11533	341	5	11	2	0	359
11534	5	7	333	2	0	347
11535	8	1	311	5	0	325
11536	3	4	11	305	0	323
11537	314	1	10	5	0	330
11538	3	0	7	314	0	324
11539	6	3	3	315	0	327
11540	3	2	338	14	0	357
11541	6	1	5	343	0	355
11542	1	0	5	345	0	351
11543	3	0	2	346	0	351
11544	1	2	6	338	0	347
11545	0	0	2	348	0	350
11546	334	2	1	13	0	350
11547	5	1	1	338	0	345
11548	3	0	322	13	0	338
11549	3	1	3	327	0	334
11550	5	1	319	9	0	334
11551	2	4	4	328	0	338
11552	2	2	329	8	0	341
11553	2	2	7	304	0	315
11554	0	2	7	315	0	324
11555	1	1	310	12	0	324
11556	300	2	7	6	0	315
11557	4	1	310	9	0	324
11558	5	2	6	311	0	324
11559	313	2	8	4	0	327
11560	6	1	3	315	0	325
11561	5	1	6	314	0	326
11562	4	1	316	11	0	332
11563	6	308	2	9	0	325
11564	0	277	3	8	0	288
11565	1	241	1	7	0	250
11566	8	0	2	175	0	185
11567	181	0	1	0	0	182
11568	0	1	0	183	0	184
11569	1	0	0	185	0	186
11570	1	0	0	182	0	183
11571	0	1	0	184	0	185
11572	0	183	0	1	0	184
11573	0	0	1	187	0	188
11574	1	0	0	185	0	186
11575	0	184	0	0	0	184
11576	186	0	0	0	0	186
11577	0	0	0	185	0	185
11578	186	0	1	0	0	187
11579	184	0	0	1	0	185
11580	0	187	0	1	0	188
11581	0	3	0	197	0	200
11582	0	0	197	1	0	198
11583	0	0	193	1	0	194
11584	0	0	0	194	0	194
11585	201	0	0	1	0	202
11586	204	0	1	0	0	205
11587	0	0	0	206	0	206
11588	207	0	0	2	0	209
11589	0	202	1	0	0	203
11590	207	1	0	0	0	208
11591	0	219	1	0	0	220
11592	0	0	0	226	0	226
11593	1	0	0	228	0	229
11594	0	228	0	1	0	229
11595	229	0	0	2	0	231
11596	0	1	224	0	0	225
11597	0	1	0	228	0	229
11598	0	1	235	0	0	236
11599	1	1	0	236	0	238
11600	239	0	0	1	0	240
11601	1	0	0	241	0	242
11602	241	0	0	0	0	241
11603	237	0	0	1	0	238
11604	0	0	0	241	0	241
11605	0	0	247	1	0	248
11606	0	259	0	0	0	259
11607	0	0	0	259	0	259
11608	256	0	0	0	0	256
11609	0	1	251	0	0	252
11610	1	0	0	257	0	258
11611	0	0	0	247	0	247
11612	1	0	0	254	0	255
11613	252	0	0	0	0	252
11614	0	1	0	246	0	247
11615	0	0	0	252	0	252
11616	0	0	267	0	0	267
11617	0	0	1	264	0	265
11618	0	0	0	269	0	269
11619	1	0	0	274	0	275
11620	1	271	0	0	0	272
11621	0	0	0	264	0	264
11622	0	0	0	259	0	259
11623	252	1	0	1	0	254
11624	1	0	250	0	0	251
11625	0	3	239	0	0	242
11626	0	251	0	1	0	252
11627	0	0	0	263	0	263
11628	261	1	0	0	0	262
11629	1	0	0	259	0	260
11630	0	0	1	262	0	263
11631	0	0	0	269	0	269
11632	0	0	1	264	0	265
11633	0	0	0	266	0	266
11634	1	0	265	0	0	266
11635	0	0	0	262	0	262
11636	264	0	0	1	0	265
11637	1	259	0	0	0	260
11638	0	0	0	267	0	267
11639	0	0	1	265	0	266
11640	1	1	248	0	0	250
11641	0	0	0	246	0	246
11642	1	0	0	264	0	265
11643	271	0	1	1	0	273
11644	1	275	0	1	0	277
11645	0	1	0	284	0	285
11646	0	0	0	286	0	286
11647	1	0	0	286	0	287
11648	0	0	285	2	0	287
11649	1	0	271	1	0	273
11650	0	283	2	1	0	286
11651	0	302	0	2	0	304
11652	0	1	0	298	0	299
11653	0	286	2	1	0	289
11654	0	1	1	315	0	317
11655	0	1	0	348	0	349
11656	0	1	0	361	0	362
11657	1	0	0	420	0	421
11658	0	2	426	5	0	433
11659	2	0	2	428	0	432
11660	0	0	1	436	0	437
11661	1	0	1	443	0	445
11662	432	0	1	8	0	441
11663	2	431	2	4	0	439
11664	2	3	0	420	0	425
11665	1	431	0	4	0	436
11666	429	3	1	3	0	436
11667	392	3	0	2	0	397
11668	3	434	0	2	0	439
11669	3	440	0	1	0	444
11670	3	6	435	0	0	444
11671	3	446	3	0	0	452
11672	2	5	2	448	0	457
11673	450	6	1	3	0	460
11674	4	455	1	4	0	464
11675	3	3	2	465	0	473
11676	2	6	0	464	0	472
11677	2	2	0	479	0	483
11678	476	1	0	6	0	483
11679	3	5	474	4	0	486
11680	461	0	3	5	0	469
11681	5	467	3	3	0	478
11682	4	5	1	468	0	478
11683	3	2	468	5	0	478
11684	454	1	5	5	0	465
11685	5	461	2	4	0	472
11686	4	6	1	461	0	472
11687	1	460	2	7	0	470
11688	2	5	1	468	0	476
11689	4	4	0	471	0	479
11690	1	2	462	7	0	472
11691	1	2	442	5	0	450
11692	1	3	6	443	0	453
11693	0	1	445	9	0	455
11694	0	0	7	451	0	458
11695	2	2	5	441	0	450
11696	0	2	4	458	0	464
11697	450	0	1	12	0	463
11698	5	2	3	448	0	458
11699	2	0	446	10	0	458
11700	448	0	5	8	0	461
11701	7	0	5	453	0	465
11702	4	1	2	458	0	465
11703	456	0	1	11	0	468
11704	5	467	3	5	0	480
11705	6	4	0	469	0	479
11706	1	3	0	468	0	472
11707	459	1	2	10	0	472
11708	9	2	456	3	0	470
11709	3	2	5	455	0	465
11710	3	0	5	455	0	463
11711	4	2	1	453	0	460
11712	2	449	1	13	0	465
11713	0	3	3	460	0	466
11714	452	3	1	10	0	466
11715	6	451	0	9	0	466
11716	438	6	2	7	0	453
11717	7	445	0	3	0	455
11718	444	6	1	6	0	457
11719	7	3	437	6	0	453
11720	5	6	421	3	0	435
11721	429	2	8	3	0	442
11722	7	2	442	3	0	454
11723	7	2	7	439	0	455
11724	3	2	7	423	0	435
11725	2	1	5	450	0	458
11726	441	3	1	10	0	455
11727	6	0	430	8	0	444
11728	435	2	5	6	0	448
11729	7	1	4	455	0	467
11730	451	1	5	7	0	464
11731	10	0	1	454	0	465
11732	459	1	3	11	0	474
11733	12	0	2	484	0	498
11734	4	2	497	11	0	514
11735	507	1	8	8	0	524
11736	530	1	4	6	0	541
11737	12	0	2	534	0	548
11738	7	0	4	528	0	539
11739	5	526	3	13	0	547
11740	515	8	0	7	0	530
11741	9	518	0	9	0	536
11742	500	8	2	6	0	516
11743	11	3	495	4	0	513
11744	6	2	489	5	0	502
11745	4	2	490	3	0	499
11746	488	2	10	2	0	502
11747	10	488	3	7	0	508
11748	2	7	3	493	0	505
11749	480	2	4	11	0	497
11750	10	495	3	4	0	512
11751	6	10	3	478	0	497
11752	4	476	2	9	0	491
11753	3	460	2	4	0	469
11754	1	471	2	5	0	479
11755	433	8	1	5	0	447
11756	7	419	2	1	0	429
11757	5	355	1	0	0	361
11758	1	356	2	1	0	360
11759	350	7	4	2	0	363
11760	354	0	1	2	0	357
11761	9	1	337	3	0	350
11762	333	0	7	3	0	343
11763	350	0	0	2	0	352
11764	6	3	1	345	0	355
11765	348	0	1	6	0	355
11766	10	0	347	0	0	357
11767	2	365	6	3	0	376
11768	366	5	1	5	0	377
11769	9	2	0	383	0	394
11770	375	3	0	6	0	384
11771	7	2	362	2	0	373
11772	366	0	4	2	0	372
11773	7	0	2	371	0	380
11774	1	0	372	6	0	379
11775	1	360	7	0	0	368
11776	1	365	1	1	0	368
11777	1	9	0	350	0	360
11778	1	0	0	354	0	355
11779	0	356	0	4	0	360
11780	355	6	0	0	0	361
11781	352	1	0	0	0	353
11782	354	0	0	1	0	355
11783	6	352	0	0	0	358
11784	0	4	1	350	0	355
11785	1	356	0	4	0	361
11786	359	3	0	0	0	362
11787	361	0	1	1	0	363
11788	5	360	1	0	0	366
11789	364	3	1	0	0	368
11790	4	2	0	368	0	374
11791	0	0	0	372	0	372
11792	372	0	0	6	0	378
11793	369	1	0	1	0	371
11794	365	0	1	0	0	366
11795	5	0	0	367	0	372
11796	1	0	0	374	0	375
11797	0	1	375	4	0	380
11798	0	1	4	377	0	382
11799	0	2	0	371	0	373
11800	1	0	362	4	0	367
11801	1	0	352	1	0	354
11802	0	1	365	0	0	366
11803	2	0	4	362	0	368
11804	2	0	353	4	0	359
11805	1	0	4	347	0	352
11806	1	1	0	353	0	355
11807	1	0	350	5	0	356
11808	1	2	357	2	0	362
11809	2	0	4	354	0	360
11810	1	0	381	5	0	387
11811	0	1	382	0	0	383
11812	0	378	4	1	0	383
11813	391	4	0	2	0	397
11814	392	0	1	1	0	394
11815	391	0	1	0	0	392
11816	4	383	2	0	0	389
11817	1	396	0	1	0	398
11818	0	4	1	393	0	398
11819	0	0	1	394	0	395
11820	1	0	389	4	0	394
11821	0	0	6	382	0	388
11822	387	0	2	5	0	394
11823	5	0	2	375	0	382
11824	0	388	2	4	0	394
11825	388	5	2	0	0	395
11826	397	1	0	2	0	400
11827	402	0	1	1	0	404
11828	6	0	392	2	0	400
11829	1	3	4	390	0	398
11830	438	1	1	6	0	446
11831	7	1	442	1	0	451
11832	0	441	7	2	0	450
11833	0	430	1	2	0	433
11834	407	4	2	1	0	414
11835	5	393	0	2	0	400
11836	2	5	0	384	0	391
11837	1	0	376	5	0	382
11838	1	1	5	378	0	385
11839	379	0	0	5	0	384
11840	6	371	1	0	0	378
11841	371	5	0	1	0	377
11842	5	0	366	0	0	371
11843	0	0	5	359	0	364
11844	1	379	0	4	0	384
11845	0	6	1	388	0	395
11846	391	1	0	5	0	397
11847	391	1	0	0	0	392
11848	396	0	0	1	0	397
11849	393	1	1	0	0	395
11850	5	0	0	385	0	390
11851	1	0	398	5	0	404
11852	0	1	5	381	0	387
11853	2	399	0	4	0	405
11854	395	5	1	1	0	402
11855	5	0	387	1	0	393
11856	384	1	5	1	0	391
11857	4	0	0	391	0	395
11858	1	3	397	4	0	405
11859	1	0	4	400	0	405
11860	416	0	0	7	0	423
11861	420	0	0	2	0	422
11862	418	0	2	2	0	422
11863	5	0	416	1	0	422
11864	1	3	3	411	0	418
11865	0	1	432	5	0	438
11866	1	428	5	0	0	434
11867	410	5	2	0	0	417
11868	6	405	0	1	0	412
11869	386	4	2	3	0	395
11870	5	0	1	381	0	387
11871	0	390	1	9	0	400
11872	402	4	2	1	0	409
11873	5	0	404	1	0	410
11874	2	0	3	393	0	398
11875	395	1	2	4	0	402
11876	5	1	395	1	0	402
11877	2	1	5	386	0	394
11878	2	388	0	4	0	394
11879	2	4	1	399	0	406
11880	1	1	0	402	0	404
11881	397	1	0	4	0	402
11882	4	392	1	1	0	398
11883	0	5	0	398	0	403
11884	1	400	0	5	0	406
11885	1	4	2	404	0	411
11886	0	416	0	5	0	421
11887	412	3	0	2	0	417
11888	4	1	429	1	0	435
11889	0	0	3	421	0	424
11890	2	1	0	415	0	418
11891	1	1	0	421	0	423
11892	3	0	0	413	0	416
11893	1	0	409	4	0	414
11894	0	422	4	2	0	428
11895	419	5	0	1	0	425
11896	423	1	0	1	0	425
11897	4	410	0	1	0	415
11898	418	5	0	0	0	423
11899	418	0	0	0	0	418
11900	5	426	1	0	0	432
11901	0	4	0	424	0	428
11902	0	428	1	4	0	433
11903	423	2	0	2	0	427
11904	4	2	419	1	0	426
11905	407	0	5	0	0	412
11906	4	1	429	0	0	434
11907	1	0	4	429	0	434
11908	418	0	0	6	0	424
11909	4	0	413	0	0	417
11910	393	0	4	2	0	399
11911	405	0	0	0	0	405
11912	4	0	0	414	0	418
11913	1	413	0	3	0	417
11914	418	4	1	1	0	424
11915	4	0	0	418	0	422
11916	0	414	1	3	0	418
11917	415	3	0	0	0	418
11918	4	0	0	419	0	423
11919	0	442	0	4	0	446
11920	1	4	0	456	0	461
11921	459	0	0	5	0	464
11922	458	0	0	0	0	458
11923	455	0	0	1	0	456
11924	4	0	0	449	0	453
11925	0	0	0	456	0	456
11926	0	0	451	3	0	454
11927	0	0	3	460	0	463
11928	0	0	466	4	0	470
11929	0	0	429	2	0	431
11930	0	0	409	0	0	409
11931	0	443	2	0	0	445
11932	0	1	2	428	0	431
11933	0	483	0	2	0	485
11934	492	6	0	1	0	499
11935	508	1	0	1	0	510
11936	7	0	0	528	0	535
11937	1	0	551	7	0	559
11938	1	0	8	548	0	557
11939	2	0	576	8	0	586
11940	2	0	9	576	0	587
11941	0	578	1	6	0	585
11942	1	596	0	1	0	598
11943	591	10	0	1	0	602
11944	8	1	592	0	0	601
11945	1	0	6	589	0	596
11946	2	0	1	610	0	613
11947	615	0	0	11	0	626
11948	8	620	3	1	0	632
11949	617	8	1	1	0	627
11950	9	632	1	0	0	642
11951	610	9	1	1	0	621
11952	622	1	1	1	0	625
11953	10	0	0	622	0	632
11954	3	1	620	9	0	633
11955	606	0	9	2	0	617
11956	8	622	1	1	0	632
11957	632	10	1	0	0	643
11958	9	1	0	613	0	623
11959	1	0	2	614	0	617
11960	0	601	1	8	0	610
11961	1	9	0	605	0	615
11962	1	606	0	9	0	616
11963	1	9	0	603	0	613
11964	2	1	1	607	0	611
11965	578	1	0	11	0	590
11966	10	0	581	2	0	593
11967	3	581	9	0	0	593
11968	0	8	1	585	0	594
11969	585	1	2	8	0	596
11970	600	1	1	1	0	603
11971	592	1	1	1	0	595
11972	12	1	581	1	0	595
11973	580	0	6	3	0	589
11974	8	1	2	587	0	598
11975	580	2	0	9	0	591
11976	9	580	1	2	0	592
11977	4	10	0	584	0	598
11978	581	1	1	10	0	593
11979	9	600	0	3	0	612
11980	2	10	1	604	0	617
11981	1	2	589	10	0	602
11982	610	3	7	4	0	624
11983	628	1	2	2	0	633
11984	15	0	619	1	0	635
11985	4	611	10	3	0	628
11986	1	621	4	1	0	627
11987	0	13	1	617	0	631
11988	3	4	1	594	0	602
11989	2	2	0	615	0	619
11990	6	0	614	12	0	632
11991	618	2	11	4	0	635
11992	647	0	3	3	0	653
11993	651	0	2	4	0	657
11994	650	1	2	5	0	658
11995	666	1	1	4	0	672
11996	669	2	2	0	0	673
11997	15	3	0	696	0	714
11998	10	1	694	13	0	718
11999	2	3	712	6	0	723
12000	2	2	14	729	0	747
12001	2	1	5	728	0	736
12002	3	0	1	731	0	735
12003	1	726	2	20	0	749
12004	727	12	2	8	0	749
12005	13	754	1	4	0	772
12006	10	17	1	742	0	770
12007	738	7	2	19	0	766
12008	15	741	0	9	0	765
12009	7	16	2	745	0	770
12010	4	5	1	761	0	771
12011	3	4	2	761	0	770
12012	6	752	0	24	0	782
12013	2	15	3	759	0	779
12014	5	6	762	18	0	791
12015	4	3	15	777	0	799
12016	3	1	3	795	0	802
12017	3	5	3	828	0	839
12018	6	3	1	837	0	847
12019	4	1	815	30	0	850
12020	3	811	22	14	0	850
12021	2	19	8	828	0	857
12022	5	7	2	852	0	866
12023	5	7	0	837	0	849
12024	5	817	3	30	0	855
12025	3	850	1	14	0	868
12026	832	23	0	9	0	864
12027	26	10	0	814	0	850
12028	6	3	818	27	0	854
12029	4	822	22	9	0	857
12030	800	23	5	9	0	837
12031	24	6	778	6	0	814
12032	9	5	781	5	0	800
12033	4	2	756	6	0	768
12034	4	9	21	726	0	760
12035	2	3	731	18	0	754
12036	3	693	19	9	0	724
12037	0	12	6	664	0	682
12038	0	5	677	14	0	696
12039	1	6	13	646	0	666
12040	640	1	7	17	0	665
12041	12	2	640	9	0	663
12042	633	1	14	6	0	654
12043	14	660	8	2	0	684
12044	644	14	2	6	0	666
12045	19	6	3	649	0	677
12046	651	6	3	14	0	674
12047	649	4	2	9	0	664
12048	641	2	2	5	0	650
12049	21	651	0	4	0	676
12050	642	14	4	4	0	664
12051	655	6	7	1	0	669
12052	22	2	646	3	0	673
12053	8	641	17	4	0	670
12054	7	14	8	646	0	675
12055	4	5	4	666	0	679
12056	5	3	3	668	0	679
12057	4	0	653	23	0	680
12058	4	3	13	652	0	672
12059	2	2	664	19	0	687
12060	662	1	20	8	0	691
12061	671	3	5	9	0	688
12062	20	3	685	4	0	712
12063	688	4	13	6	0	711
12064	703	3	6	5	0	717
12065	712	2	1	3	0	718
12066	25	2	2	684	0	713
12067	11	2	691	16	0	720
12068	12	693	12	7	0	724
12069	8	18	7	688	0	721
12070	9	6	699	13	0	727
12071	5	4	667	8	0	684
12072	672	2	21	8	0	703
12073	15	709	9	4	0	737
12074	714	16	3	9	0	742
12075	725	6	7	5	0	743
12076	19	707	3	9	0	738
12077	714	12	7	8	0	741
12078	17	10	728	4	0	759
12079	10	3	706	8	0	727
12080	9	1	714	3	0	727
12081	4	697	23	3	0	727
12082	695	11	12	3	0	721
12083	700	5	4	7	0	716
12084	23	676	3	5	0	707
12085	12	696	4	4	0	716
12086	8	18	3	692	0	721
12087	4	8	2	706	0	720
12088	689	3	6	18	0	716
12089	12	695	5	8	0	720
12090	687	13	5	5	0	710
12091	679	9	3	3	0	694
12092	19	5	668	1	0	693
12093	14	655	9	1	0	679
12094	9	14	8	651	0	682
12095	636	8	1	12	0	657
12096	16	4	3	637	0	660
12097	605	1	5	11	0	622
12098	13	3	587	3	0	606
12099	3	566	13	2	0	584
12100	9	565	5	1	0	580
12101	5	9	3	555	0	572
12102	3	582	6	6	0	597
12103	589	15	2	3	0	609
12104	10	3	585	7	0	605
12105	562	3	8	3	0	576
12106	10	3	581	4	0	598
12107	6	3	8	581	0	598
12108	4	1	4	588	0	597
12109	5	3	2	589	0	599
12110	581	2	3	11	0	597
12111	8	3	588	5	0	604
12112	5	1	6	574	0	586
12113	6	1	3	583	0	593
12114	2	560	3	10	0	575
12115	5	551	0	3	0	559
12116	2	573	2	3	0	580
12117	1	11	2	548	0	562
12118	1	8	0	529	0	538
12119	1	501	2	5	0	509
12120	1	498	0	1	0	500
12121	500	4	1	3	0	508
12122	3	1	0	505	0	509
12123	0	490	0	2	0	492
12124	502	2	0	0	0	504
12125	2	0	1	512	0	515
12126	578	0	0	1	0	579
12127	2	0	1	600	0	603
12128	0	0	594	4	0	598
12129	0	595	3	1	0	599
12130	599	3	1	1	0	604
12131	5	1	604	0	0	610
12132	1	610	3	0	0	614
12133	0	3	1	621	0	625
12134	0	1	1	626	0	628
12135	2	0	0	616	0	618
12136	0	0	0	611	0	611
12137	0	0	615	4	0	619
12138	0	614	3	1	0	618
12139	0	2	1	623	0	626
12140	624	1	0	5	0	630
12141	3	624	0	1	0	628
12142	2	3	0	669	0	674
12143	0	1	647	4	0	652
12144	0	651	4	2	0	657
12145	2	4	2	605	0	613
12146	0	669	0	3	0	672
12147	669	3	1	2	0	675
12148	667	4	0	0	0	671
12149	6	0	644	3	0	653
12150	645	1	3	1	0	650
12151	666	0	2	1	0	669
12152	9	0	639	0	0	648
12153	3	649	5	0	0	657
12154	1	2	3	646	0	652
12155	1	4	0	659	0	664
12156	658	0	1	8	0	667
12157	4	1	1	659	0	665
12158	3	1	652	5	0	661
12159	632	0	4	5	0	641
12160	5	1	645	0	0	651
12161	5	634	4	2	0	645
12162	609	4	5	1	0	619
12163	5	4	618	0	0	627
12164	5	0	601	0	0	606
12165	1	612	8	0	0	621
12166	2	4	5	617	0	628
12167	0	5	598	4	0	607
12168	1	0	4	561	0	566
12169	1	2	4	591	0	598
12170	1	0	580	9	0	590
12171	0	581	6	5	0	592
12172	0	5	5	586	0	596
12173	562	4	0	7	0	573
12174	558	1	2	4	0	565
12175	9	2	0	553	0	564
12176	6	0	551	5	0	562
12177	1	0	564	4	0	569
12178	2	0	7	556	0	565
12179	1	1	550	5	0	557
12180	552	0	6	5	0	563
12181	4	1	6	569	0	580
12182	4	0	0	577	0	581
12183	1	568	1	10	0	580
12184	1	4	1	579	0	585
12185	0	5	561	7	0	573
12186	547	0	6	6	0	559
12187	562	1	4	1	0	568
12188	10	2	569	1	0	582
12189	5	1	6	620	0	632
12190	2	0	4	635	0	641
12191	1	0	630	13	0	644
12192	0	1	10	643	0	654
12193	1	1	5	656	0	663
12194	2	661	1	13	0	677
12195	2	10	2	701	0	715
12196	1	4	0	714	0	719
12197	716	1	2	18	0	737
12198	740	1	1	6	0	748
12199	752	1	1	1	0	755
12200	755	1	1	2	0	759
12201	751	0	0	3	0	754
12202	19	0	716	3	0	738
12203	7	1	14	719	0	741
12204	3	0	5	731	0	739
12205	2	1	709	18	0	730
12206	690	0	14	7	0	711
12207	709	1	5	3	0	718
12208	21	1	657	1	0	680
12209	699	0	14	3	0	716
12210	710	0	4	1	0	715
12211	21	1	707	0	0	729
12212	9	0	14	699	0	722
12213	4	721	6	12	0	743
12214	2	16	2	748	0	768
12215	4	3	1	754	0	762
12216	2	1	2	745	0	750
12217	1	1	719	23	0	744
12218	705	0	17	10	0	732
12219	731	1	7	4	0	743
12220	23	0	3	720	0	746
12221	7	0	706	19	0	732
12222	4	4	17	703	0	728
12223	3	0	716	22	0	741
12224	1	0	738	7	0	746
12225	3	717	21	4	0	745
12226	9	18	6	658	0	691
12227	647	4	5	18	0	674
12228	635	2	1	6	0	644
12229	652	1	1	6	0	660
12230	22	0	3	626	0	651
12231	6	661	2	22	0	691
12232	4	21	1	682	0	708
12233	3	4	714	24	0	745
12234	776	3	18	9	0	806
12235	840	0	5	5	0	850
12236	30	0	3	825	0	858
12237	15	0	3	845	0	863
12238	9	0	3	850	0	862
12239	2	0	813	33	0	848
12240	777	1	23	13	0	814
12241	27	792	7	6	0	832
12242	6	770	4	4	0	784
12243	4	27	767	2	0	800
12244	2	7	25	756	0	790
12245	2	4	768	25	0	799
12246	749	1	26	8	0	784
12247	24	4	5	748	0	781
12248	7	1	749	26	0	783
12249	6	768	21	8	0	803
12250	772	23	6	10	0	811
12251	24	6	785	3	0	818
12252	7	768	24	2	0	801
12253	5	796	6	5	0	812
12254	782	25	6	3	0	816
12255	30	7	1	783	0	821
12256	9	2	802	26	0	839
12257	7	804	28	6	0	845
12258	810	23	4	6	0	843
12259	823	5	4	7	0	839
12260	25	806	6	5	0	842
12261	8	23	826	4	0	861
12262	5	6	26	826	0	863
12263	824	5	8	24	0	861
12264	843	4	4	5	0	856
12265	29	3	814	7	0	853
12266	12	2	26	812	0	852
12267	9	1	4	842	0	856
12268	5	2	831	28	0	866
12269	4	3	837	9	0	853
12270	831	2	30	6	0	869
12271	861	1	9	8	0	879
12272	866	3	7	4	0	880
12273	867	1	3	7	0	878
12274	31	2	831	6	0	870
12275	844	2	22	5	0	873
12276	35	1	5	836	0	877
12277	9	3	861	27	0	900
12278	5	4	868	9	0	886
12279	5	853	31	11	0	900
12280	5	23	11	848	0	887
12281	6	3	855	24	0	888
12282	836	5	24	10	0	875
12283	25	5	8	803	0	841
12284	8	851	7	20	0	886
12285	858	24	6	6	0	894
12286	873	5	3	7	0	888
12287	30	4	852	7	0	893
12288	9	848	27	6	0	890
12289	8	21	8	796	0	833
12290	794	3	7	23	0	827
12291	24	4	6	787	0	821
12292	9	1	772	22	0	804
12293	725	5	15	4	0	749
12294	22	737	7	6	0	772
12295	11	696	7	1	0	715
12296	7	740	3	4	0	754
12297	705	23	14	4	0	746
12298	702	7	4	5	0	718
12299	703	5	5	5	0	718
12300	25	5	3	685	0	718
12301	8	4	696	16	0	724
12302	9	4	14	701	0	728
12303	701	2	6	23	0	732
12304	19	1	8	710	0	738
12305	727	3	4	18	0	752
12306	741	4	4	6	0	755
12307	734	1	4	7	0	746
12308	25	724	4	3	0	756
12309	734	15	3	4	0	756
12310	23	4	720	1	0	748
12311	11	3	720	3	0	737
12312	8	700	19	6	0	733
12313	6	13	10	672	0	701
12314	671	2	5	13	0	691
12315	16	4	664	3	0	687
12316	665	3	10	4	0	682
12317	13	3	8	661	0	685
12318	9	664	3	13	0	689
12319	7	11	2	684	0	704
12320	3	7	676	11	0	697
12321	661	1	11	5	0	678
12322	15	1	689	9	0	714
12323	5	1	680	5	0	691
12324	656	2	14	1	0	673
12325	11	664	5	5	0	685
12326	675	10	2	2	0	689
12327	681	4	4	4	0	693
12328	21	2	659	1	0	683
12329	655	2	14	1	0	672
12330	12	4	659	3	0	678
12331	7	4	608	3	0	622
12332	6	0	624	4	0	634
12333	3	573	12	1	0	589
12334	478	10	27	4	0	519
12335	480	0	1	3	0	484
12336	476	0	1	0	0	477
12337	469	0	2	3	0	474
12338	5	0	476	1	0	482
12339	4	0	3	475	0	482
12340	1	0	2	480	0	483
12341	480	0	1	4	0	485
12342	3	473	1	1	0	478
12343	3	2	0	467	0	472
12344	466	2	0	5	0	473
12345	4	1	476	1	0	482
12346	3	0	4	469	0	476
12347	0	1	477	4	0	482
12348	0	475	3	2	0	480
12349	2	5	2	444	0	453
12350	441	1	1	3	0	446
12351	4	0	1	434	0	439
12352	2	1	445	3	0	451
12353	1	445	4	1	0	451
12354	441	3	0	1	0	445
12355	4	2	444	0	0	450
12356	430	2	4	0	0	436
12357	5	431	1	1	0	438
12358	438	2	3	1	0	444
12359	433	1	0	1	0	435
12360	4	0	1	441	0	446
12361	2	0	436	3	0	441
12362	3	438	4	1	0	446
12363	1	4	0	450	0	455
12364	1	1	1	455	0	458
12365	1	2	1	484	0	488
12366	3	1	1	517	0	522
12367	2	585	1	6	0	594
12368	614	4	1	4	0	623
12369	4	609	0	3	0	616
12370	4	4	1	637	0	646
12371	650	2	0	5	0	657
12372	7	3	0	647	0	657
12373	2	1	652	8	0	663
12374	4	649	3	5	0	661
12375	3	4	3	659	0	669
12376	2	2	2	663	0	669
12377	630	3	2	6	0	641
12378	5	3	611	8	0	627
12379	627	0	6	6	0	639
12380	610	2	3	3	0	618
12381	605	2	2	4	0	613
12382	11	1	603	2	0	617
12383	6	4	4	596	0	610
12384	4	0	4	593	0	601
12385	5	2	606	6	0	619
12386	2	0	600	8	0	610
12387	616	1	8	4	0	629
12388	7	1	5	623	0	636
12389	630	0	5	7	0	642
12390	639	1	2	4	0	646
12391	14	0	1	641	0	656
12392	5	2	679	10	0	696
12393	672	0	10	4	0	686
12394	12	0	3	697	0	712
12395	5	1	693	13	0	712
12396	6	685	13	2	0	706
12397	686	9	2	5	0	702
12398	11	692	5	4	0	712
12399	6	12	1	660	0	679
12400	3	700	1	13	0	717
12401	682	11	4	3	0	700
12402	689	7	1	3	0	700
12403	17	682	1	1	0	701
12404	683	14	0	3	0	700
12405	673	2	2	4	0	681
12406	15	658	3	1	0	677
12407	666	12	1	1	0	680
12408	18	2	2	651	0	673
12409	5	5	1	667	0	678
12410	659	1	1	17	0	678
12411	15	1	1	629	0	646
12412	4	639	2	13	0	658
12413	641	10	2	3	0	656
12414	644	3	1	5	0	653
12415	17	638	1	6	0	662
12416	643	13	1	2	0	659
12417	651	3	1	3	0	658
12418	19	3	0	631	0	653
12419	7	3	625	13	0	648
12420	6	626	14	4	0	650
12421	633	11	2	1	0	647
12422	625	2	1	7	0	635
12423	15	4	605	2	0	626
12424	610	4	8	3	0	625
12425	16	1	589	6	0	612
12426	597	7	12	2	0	618
12427	19	0	3	598	0	620
12428	9	2	596	13	0	620
12429	4	1	602	7	0	614
12430	10	6	16	575	0	607
12431	4	4	4	585	0	597
12432	5	3	563	12	0	583
12433	4	1	12	566	0	583
12434	5	3	562	13	0	583
12435	6	2	14	557	0	579
12436	5	3	5	559	0	572
12437	6	539	2	14	0	561
12438	11	544	4	4	0	563
12439	5	560	5	8	0	578
12440	5	12	3	558	0	578
12441	6	6	1	570	0	583
12442	7	2	558	14	0	581
12443	553	6	12	6	0	577
12444	560	6	2	7	0	575
12445	11	542	5	8	0	566
12446	552	11	2	8	0	573
12447	16	3	2	547	0	568
12448	546	5	7	9	0	567
12449	558	4	2	5	0	569
12450	19	2	1	546	0	568
12451	529	2	3	13	0	547
12452	14	509	3	7	0	533
12453	2	528	4	7	0	541
12454	11	12	2	513	0	538
12455	10	513	2	12	0	537
12456	3	13	3	511	0	530
12457	10	5	4	515	0	534
12458	497	5	1	12	0	515
12459	15	495	1	7	0	518
12460	488	9	4	5	0	506
12461	471	6	3	7	0	487
12462	16	475	6	2	0	499
12463	474	9	3	5	0	491
12464	16	2	462	7	0	487
12465	4	429	10	4	0	447
12466	403	10	5	5	0	423
12467	13	1	330	5	0	349
12468	3	294	9	4	0	310
12469	4	303	3	3	0	313
12470	264	7	9	4	0	284
12471	263	3	0	2	0	268
12472	264	3	0	3	0	270
12473	8	260	2	2	0	272
12474	1	9	0	266	0	276
12475	259	4	3	10	0	276
12476	274	3	0	3	0	280
12477	10	0	0	267	0	277
12478	4	2	273	9	0	288
12479	1	2	275	1	0	279
12480	4	2	7	274	0	287
12481	3	1	1	291	0	296
12482	5	2	282	9	0	298
12483	4	1	9	278	0	292
12484	3	282	3	10	0	298
12485	273	6	3	1	0	283
12486	11	1	0	268	0	280
12487	256	0	1	7	0	264
12488	7	255	1	3	0	266
12489	3	269	1	1	0	274
12490	262	4	1	0	0	267
12491	3	0	249	3	0	255
12492	205	1	1	0	0	207
12493	2	209	0	0	0	211
12494	0	1	0	192	0	193
12495	189	0	0	2	0	191
12496	1	0	0	183	0	184
12497	198	0	0	1	0	199
12498	196	0	0	0	0	196
12499	1	196	0	0	0	197
12500	192	0	0	0	0	192
12501	0	189	0	0	0	189
12502	190	0	0	0	0	190
12503	0	0	0	194	0	194
12504	196	0	0	0	0	196
12505	0	0	0	200	0	200
12506	206	0	0	0	0	206
12507	213	0	0	0	0	213
12508	214	0	0	2	0	216
12509	217	0	0	1	0	218
12510	220	0	0	0	0	220
12511	0	0	0	221	0	221
12512	218	0	0	1	0	219
12513	0	217	0	0	0	217
12514	0	0	218	0	0	218
12515	0	0	0	216	0	216
12516	0	0	225	0	0	225
12517	0	0	0	235	0	235
12518	0	0	237	0	0	237
12519	238	0	0	1	0	239
12520	0	0	1	251	0	252
12521	1	0	248	0	0	249
12522	0	0	249	2	0	251
12523	0	0	2	256	0	258
12524	289	0	1	0	0	290
12525	0	301	0	2	0	303
12526	305	1	1	0	0	307
12527	300	1	1	0	0	302
12528	2	302	0	1	0	305
12529	322	1	0	0	0	323
12530	1	2	0	322	0	325
12531	2	0	0	323	0	325
12532	1	0	0	325	0	326
12533	327	1	0	2	0	330
12534	1	341	0	1	0	343
12535	1	1	0	348	0	350
12536	1	2	0	349	0	352
12537	350	0	0	3	0	353
12538	1	0	0	350	0	351
12539	1	1	348	1	0	351
12540	0	367	1	2	0	370
12541	375	1	1	1	0	378
12542	2	1	0	374	0	377
12543	1	389	0	2	0	392
12544	392	1	0	1	0	394
12545	2	2	388	0	0	392
12546	2	386	2	0	0	390
12547	392	2	1	1	0	396
12548	3	2	0	392	0	397
12549	2	0	0	391	0	393
12550	0	1	385	3	0	389
12551	1	0	2	390	0	393
12552	1	0	426	2	0	429
12553	0	0	405	2	0	407
12554	1	0	421	1	0	423
12555	434	0	3	2	0	439
12556	437	0	1	5	0	443
12557	449	0	2	0	0	451
12558	4	0	1	446	0	451
12559	1	442	1	2	0	446
12560	1	453	0	1	0	455
12561	455	3	1	0	0	459
12562	463	1	0	1	0	465
12563	4	468	0	1	0	473
12564	468	3	0	0	0	471
12565	3	2	459	1	0	465
12566	3	0	457	0	0	460
12567	0	1	3	441	0	445
12568	2	1	1	459	0	463
12569	2	0	456	3	0	461
12570	0	1	3	453	0	457
12571	453	1	2	2	0	458
12572	2	0	452	6	0	460
12573	445	0	4	1	0	450
12574	2	0	1	458	0	461
12575	1	0	472	4	0	477
12576	1	476	2	1	0	480
12577	480	2	2	1	0	485
12578	4	1	463	0	0	468
12579	461	0	3	2	0	466
12580	3	0	2	465	0	470
12581	464	1	0	4	0	469
12582	3	0	498	1	0	502
12583	1	1	3	503	0	508
12584	523	0	1	2	0	526
12585	547	0	0	2	0	549
12586	568	0	0	0	0	568
12587	569	1	1	1	0	572
12588	6	0	0	549	0	555
12589	4	0	1	543	0	548
12590	2	1	542	4	0	549
12591	2	0	2	545	0	549
12592	3	1	2	541	0	547
12593	0	559	1	5	0	565
12594	569	2	0	4	0	575
12595	576	1	1	2	0	580
12596	4	597	0	2	0	603
12597	3	4	1	580	0	588
12598	1	3	0	589	0	593
12599	580	1	0	7	0	588
12600	6	1	596	4	0	607
12601	3	0	5	602	0	610
12602	2	1	608	10	0	621
12603	605	1	5	4	0	615
12604	610	0	2	1	0	613
12605	610	1	1	1	0	613
12606	9	0	0	602	0	611
12607	3	0	3	600	0	606
12608	597	1	0	9	0	607
12609	6	0	592	3	0	601
12610	4	0	4	595	0	603
12611	597	0	2	6	0	605
12612	5	0	2	599	0	606
12613	3	0	628	7	0	638
12614	1	0	619	3	0	623
12615	619	0	7	3	0	629
12616	5	629	6	0	0	640
12617	636	4	4	1	0	645
12618	650	1	0	0	0	651
12619	6	1	0	643	0	650
12620	3	0	1	630	0	634
12621	1	630	0	6	0	637
12622	630	4	0	2	0	636
12623	5	647	0	1	0	653
12624	2	637	0	1	0	640
12625	1	4	0	625	0	630
12626	629	2	0	6	0	637
12627	636	1	0	2	0	639
12628	4	2	0	631	0	637
12629	4	0	0	617	0	621
12630	3	1	0	613	0	617
12631	616	1	0	5	0	622
12632	3	0	611	4	0	618
12633	2	606	3	3	0	614
12634	594	3	3	2	0	602
12635	4	1	1	595	0	601
12636	2	1	600	4	0	607
12637	3	1	596	2	0	602
12638	1	593	4	3	0	601
12639	1	605	3	1	0	610
12640	3	4	3	583	0	593
12641	0	551	3	3	0	557
12642	0	3	0	590	0	593
12643	2	1	0	584	0	587
12644	579	1	1	6	0	587
12645	2	0	1	584	0	587
12646	1	0	2	589	0	592
12647	3	0	583	4	0	590
12648	2	1	2	600	0	605
12649	607	0	1	5	0	613
12650	609	0	1	2	0	612
12651	3	632	0	3	0	638
12652	615	3	0	3	0	621
12653	4	2	632	0	0	638
12654	2	630	3	1	0	636
12655	3	3	1	630	0	637
12656	0	3	2	643	0	648
12657	0	2	1	643	0	646
12658	632	0	0	7	0	639
12659	618	0	1	5	0	624
12660	5	1	622	3	0	631
12661	4	0	609	1	0	614
12662	3	0	610	1	0	614
12663	1	607	7	2	0	617
12664	0	621	4	1	0	626
12665	624	7	2	1	0	634
12666	626	4	0	0	0	630
12667	4	2	0	630	0	636
12668	7	1	1	616	0	625
12669	1	639	1	5	0	646
12670	2	3	0	659	0	664
12671	2	4	658	4	0	668
12672	1	657	2	5	0	665
12673	1	2	2	656	0	661
12674	0	3	680	5	0	688
12675	1	1	2	651	0	655
12676	1	667	3	7	0	678
12677	683	4	2	3	0	692
12678	683	3	0	4	0	690
12679	717	2	1	2	0	722
12680	10	1	1	713	0	725
12681	10	0	2	728	0	740
12682	717	1	2	11	0	731
12683	4	711	0	6	0	721
12684	709	5	0	2	0	716
12685	7	3	743	1	0	754
12686	751	2	5	1	0	759
12687	765	0	5	3	0	773
12688	15	0	1	751	0	767
12689	773	0	1	9	0	783
12690	799	0	1	7	0	807
12691	14	2	2	787	0	805
12692	7	2	789	6	0	804
12693	758	1	4	8	0	771
12694	7	0	801	2	0	810
12695	6	826	6	4	0	842
12696	2	4	3	828	0	837
12697	4	3	1	855	0	863
12698	918	3	0	10	0	931
12699	7	0	930	6	0	943
12700	5	0	6	893	0	904
12701	2	906	4	6	0	918
12702	3	903	1	5	0	912
12703	0	11	2	918	0	931
12704	6	4	903	9	0	922
12705	5	3	6	911	0	925
12706	3	0	4	905	0	912
12707	3	0	882	11	0	896
12708	2	913	5	6	0	926
12709	886	5	5	7	0	903
12710	4	901	3	4	0	912
12711	9	7	0	903	0	919
12712	877	5	3	7	0	892
12713	9	863	1	6	0	879
12714	5	7	858	3	0	873
12715	845	7	5	2	0	859
12716	8	874	4	3	0	889
12717	871	7	3	2	0	883
12718	10	4	854	2	0	870
12719	848	2	7	2	0	859
12720	5	2	5	858	0	870
12721	5	2	863	6	0	876
12722	3	2	7	846	0	858
12723	3	835	4	6	0	848
12724	3	5	4	833	0	845
12725	4	4	1	827	0	836
12726	4	4	806	13	0	827
12727	3	4	7	820	0	834
12728	2	3	734	10	0	749
12729	4	818	7	7	0	836
12730	2	9	3	822	0	836
12731	3	6	836	8	0	853
12732	5	830	9	5	0	849
12733	2	848	6	3	0	859
12734	4	7	841	3	0	855
12735	2	6	843	5	0	856
12736	3	5	11	833	0	852
12737	830	2	5	6	0	843
12738	5	826	5	8	0	844
12739	5	6	5	802	0	818
12740	804	5	0	9	0	818
12741	7	813	5	6	0	831
12742	807	9	0	5	0	821
12743	6	816	2	5	0	829
12744	818	6	1	6	0	831
12745	810	7	2	5	0	824
12746	828	3	5	0	0	836
12747	11	863	3	3	0	880
12748	7	10	1	871	0	889
12749	4	8	860	8	0	880
12750	6	859	6	11	0	882
12751	3	8	7	831	0	849
12752	3	6	2	831	0	842
12753	6	1	791	10	0	808
12754	3	785	7	7	0	802
12755	775	8	6	3	0	792
12756	8	779	1	4	0	792
12757	8	4	2	771	0	785
12758	4	8	774	7	0	793
12759	772	1	6	7	0	786
12760	6	2	8	781	0	797
12761	7	3	771	9	0	790
12762	755	2	9	7	0	773
12763	6	761	5	4	0	776
12764	766	8	2	5	0	781
12765	763	7	4	6	0	780
12766	13	3	2	772	0	790
12767	6	4	768	8	0	786
12768	3	767	7	5	0	782
12769	3	7	752	8	0	770
12770	3	8	7	732	0	750
12771	2	3	7	753	0	765
12772	739	3	1	13	0	756
12773	6	1	741	7	0	755
12774	4	710	8	7	0	729
12775	3	5	5	714	0	727
12776	4	9	4	708	0	725
12777	701	3	1	11	0	716
12778	9	698	4	4	0	715
12779	3	8	0	672	0	683
12780	658	3	3	8	0	672
12781	8	652	0	2	0	662
12782	630	5	2	0	0	637
12783	627	2	1	3	0	633
12784	7	630	2	2	0	641
12785	551	4	0	1	0	556
12786	4	540	1	2	0	547
12787	538	3	2	0	0	543
12788	531	2	0	2	0	535
12789	3	524	0	2	0	529
12790	498	2	1	2	0	503
12791	498	2	0	2	0	502
12792	502	1	2	1	0	506
12793	5	0	494	2	0	501
12794	2	0	461	1	0	464
12795	1	0	453	0	0	454
12796	435	7	5	0	0	447
12797	2	2	427	0	0	431
12798	1	0	358	0	0	359
12799	0	0	2	326	0	328
12800	330	0	1	1	0	332
12801	1	0	335	1	0	337
12802	1	0	341	0	0	342
12803	0	0	2	343	0	345
12804	0	0	1	345	0	346
12805	0	0	0	348	0	348
12806	0	0	344	2	0	346
12807	0	0	1	346	0	347
12808	349	0	1	1	0	351
12809	1	348	0	2	0	351
12810	1	1	0	351	0	353
12811	0	1	0	357	0	358
12812	0	0	358	2	0	360
12813	0	356	1	1	0	358
12814	356	1	1	0	0	358
12815	1	362	0	0	0	363
12816	1	2	0	360	0	363
12817	0	2	363	2	0	367
12818	0	0	2	383	0	385
12819	0	1	2	390	0	393
12820	397	1	0	4	0	402
12821	2	0	0	382	0	384
12822	1	374	1	3	0	379
12823	0	394	1	1	0	396
12824	1	4	401	0	0	406
12825	402	1	2	0	0	405
12826	3	1	1	400	0	405
12827	1	0	0	402	0	403
12828	2	1	1	405	0	409
12829	400	1	0	4	0	405
12830	3	401	3	1	0	408
12831	407	3	2	0	0	412
12832	4	3	386	1	0	394
12833	3	1	380	2	0	386
12834	393	1	5	1	0	400
12835	6	0	1	400	0	407
12836	1	1	2	406	0	410
12837	1	1	1	408	0	411
12838	0	1	405	5	0	411
12839	408	0	6	3	0	417
12840	410	0	2	4	0	416
12841	407	1	1	2	0	411
12842	6	2	2	397	0	407
12843	1	2	390	5	0	398
12844	2	2	381	2	0	387
12845	1	0	399	3	0	403
12846	4	375	3	2	0	384
12847	9	3	6	327	0	345
12848	320	0	1	5	0	326
12849	2	1	317	2	0	322
12850	320	0	4	0	0	324
12851	2	1	2	324	0	329
12852	1	1	2	319	0	323
12853	1	314	1	4	0	320
12854	1	310	1	3	0	315
12855	1	324	1	3	0	329
12856	1	2	2	327	0	332
12857	323	1	1	5	0	330
12858	326	1	0	2	0	329
12859	4	3	317	0	0	324
12860	315	1	2	2	0	320
12861	3	1	317	1	0	322
12862	2	0	4	318	0	324
12863	1	1	319	5	0	326
12864	320	0	4	1	0	325
12865	2	2	2	323	0	329
12866	1	1	328	4	0	334
12867	2	3	315	0	0	320
12868	332	0	3	3	0	338
12869	335	0	1	1	0	337
12870	4	334	1	4	0	343
12871	0	2	1	355	0	358
12872	0	2	353	4	0	359
12873	1	1	342	1	0	345
12874	1	6	3	351	0	361
12875	347	0	1	2	0	350
12876	4	339	2	0	0	345
12877	1	2	2	350	0	355
12878	352	0	2	3	0	357
12879	5	2	1	347	0	355
12880	0	343	2	5	0	350
12881	4	3	0	351	0	358
12882	350	2	3	3	0	358
12883	5	2	1	352	0	360
12884	354	0	1	5	0	360
12885	4	361	0	3	0	368
12886	363	3	1	3	0	370
12887	5	0	357	3	0	365
12888	354	2	5	1	0	362
12889	360	4	0	2	0	366
12890	6	354	1	2	0	363
12891	2	6	3	352	0	363
12892	5	0	348	4	0	357
12893	0	2	343	4	0	349
12894	328	2	5	3	0	338
12895	323	1	1	2	0	327
12896	6	333	1	1	0	341
12897	3	339	0	1	0	343
12898	330	4	2	2	0	338
12899	4	334	3	1	0	342
12900	2	341	1	2	0	346
12901	4	3	1	343	0	351
12902	0	2	0	340	0	342
12903	2	1	335	5	0	343
12904	1	2	4	334	0	341
12905	333	1	1	5	0	340
12906	6	2	331	0	0	339
12907	3	0	327	2	0	332
12908	3	1	4	336	0	344
12909	2	1	3	341	0	347
12910	2	0	3	340	0	345
12911	1	1	336	5	0	343
12912	1	1	5	319	0	326
12913	2	2	2	330	0	336
12914	325	0	2	4	0	331
12915	5	321	2	2	0	330
12916	324	3	1	2	0	330
12917	6	1	315	1	0	323
12918	288	2	2	1	0	293
12919	3	303	0	2	0	308
12920	281	1	2	0	0	284
12921	2	284	0	0	0	286
12922	268	2	0	0	0	270
12923	2	272	0	0	0	274
12924	0	267	0	2	0	269
12925	0	1	0	275	0	276
12926	272	1	0	1	0	274
12927	274	1	0	0	0	275
12928	279	0	0	2	0	281
12929	1	0	274	0	0	275
12930	1	0	273	0	0	274
12931	1	0	1	277	0	279
12932	0	277	0	1	0	278
12933	0	294	1	0	0	295
12934	0	1	0	288	0	289
12935	284	1	0	2	0	287
12936	287	1	0	1	0	289
12937	287	0	0	1	0	288
12938	2	1	284	0	0	287
12939	2	0	1	288	0	291
12940	1	0	290	1	0	292
12941	289	0	2	0	0	291
12942	297	0	0	1	0	298
12943	1	1	296	0	0	298
12944	1	0	1	300	0	302
12945	292	0	0	0	0	292
12946	2	0	1	293	0	296
12947	0	0	0	303	0	303
12948	1	0	0	323	0	324
12949	339	0	0	2	0	341
12950	4	0	0	367	0	371
12951	377	0	0	4	0	381
12952	4	411	1	1	0	417
12953	1	4	0	430	0	435
12954	2	2	0	433	0	437
12955	1	2	0	428	0	431
12956	427	0	0	9	0	436
12957	4	0	0	429	0	433
12958	2	0	0	433	0	435
12959	431	0	0	8	0	439
12960	432	0	0	5	0	437
12961	430	0	0	3	0	433
12962	8	0	421	2	0	431
12963	6	0	408	0	0	414
12964	423	0	6	1	0	430
12965	5	0	4	420	0	429
12966	2	0	2	407	0	411
12967	416	0	1	8	0	425
12968	413	0	0	4	0	417
12969	415	0	0	3	0	418
12970	7	408	0	1	0	416
12971	404	3	0	1	0	408
12972	400	2	0	0	0	402
12973	6	412	0	1	0	419
12974	3	420	0	0	0	423
12975	4	7	0	420	0	431
12976	434	3	0	5	0	442
12977	432	3	0	5	0	440
12978	441	1	0	3	0	445
12979	7	0	0	439	0	446
12980	438	0	0	6	0	444
12981	6	0	432	3	0	441
12982	435	0	4	1	0	440
12983	4	0	433	2	0	439
12984	4	1	431	0	0	436
12985	2	0	7	416	0	425
12986	419	0	2	5	0	426
12987	4	0	2	423	0	429
12988	2	0	426	5	0	433
12989	1	0	430	4	0	435
12990	2	0	4	431	0	437
12991	429	0	1	4	0	434
12992	4	439	2	2	0	447
12993	3	3	1	449	0	456
12994	2	2	0	467	0	471
12995	1	1	465	4	0	471
12996	0	2	454	3	0	459
12997	1	1	5	459	0	466
12998	454	0	3	4	0	461
12999	4	0	463	2	0	469
13000	3	0	4	453	0	460
13001	1	0	2	459	0	462
13002	1	0	1	463	0	465
13003	452	0	1	6	0	459
13004	3	0	428	4	0	435
13005	3	449	3	2	0	457
13006	2	3	3	460	0	468
13007	1	2	460	4	0	467
13008	1	451	3	4	0	459
13009	1	468	2	1	0	472
13010	463	5	1	4	0	473
13011	3	463	2	5	0	473
13012	465	4	1	0	0	470
13013	4	3	460	1	0	468
13014	4	1	3	471	0	479
13015	466	2	2	5	0	475
13016	6	475	0	3	0	484
13017	4	5	474	2	0	485
13018	1	2	5	451	0	459
13019	2	483	4	3	0	492
13020	0	7	2	489	0	498
13021	488	2	1	4	0	495
13022	4	493	1	5	0	503
13023	490	5	0	4	0	499
13024	498	2	0	3	0	503
13025	8	1	493	2	0	504
13026	5	525	5	0	0	535
13027	2	9	2	557	0	570
13028	2	3	575	8	0	588
13029	2	1	624	3	0	630
13030	1	4	11	648	0	664
13031	666	2	4	9	0	681
13032	672	1	3	4	0	680
13033	20	0	2	659	0	681
13034	8	0	667	12	0	687
13035	4	666	11	6	0	687
13036	680	11	7	4	0	702
13037	696	3	1	2	0	702
13038	19	693	2	1	0	715
13039	710	13	0	0	0	723
13040	16	6	693	0	0	715
13041	689	1	14	2	0	706
13042	694	2	6	1	0	703
13043	20	2	691	1	0	714
13044	8	1	14	679	0	702
13045	3	2	696	14	0	715
13046	3	672	13	6	0	694
13047	4	679	6	2	0	691
13048	3	19	2	646	0	670
13049	1	7	659	10	0	677
13050	1	604	13	5	0	623
13051	0	628	7	0	0	635
13052	574	13	3	5	0	595
13053	581	3	1	0	0	585
13054	15	1	0	578	0	594
13055	3	2	0	571	0	576
13056	1	582	0	15	0	598
13057	584	9	2	3	0	598
13058	585	4	1	0	0	590
13059	13	584	0	1	0	598
13060	4	10	0	596	0	610
13061	2	2	601	10	0	615
13062	0	0	10	599	0	609
13063	598	0	4	11	0	613
13064	11	2	0	603	0	616
13065	4	0	1	620	0	625
13066	622	0	1	15	0	638
13067	13	2	0	611	0	626
13068	5	611	1	10	0	627
13069	1	10	2	626	0	639
13070	2	4	2	624	0	632
13071	3	2	1	624	0	630
13072	1	611	1	16	0	629
13073	2	11	2	599	0	614
13074	2	8	594	11	0	615
13075	3	2	11	593	0	609
13076	2	2	591	12	0	607
13077	2	582	12	6	0	602
13078	3	9	6	592	0	610
13079	4	5	3	591	0	603
13080	2	4	0	599	0	605
13081	4	0	1	603	0	608
13082	2	1	584	16	0	603
13083	1	581	11	7	0	600
13084	4	10	6	592	0	612
13085	2	7	597	11	0	617
13086	3	2	12	604	0	621
13087	611	2	3	13	0	629
13088	14	2	592	5	0	613
13089	593	2	10	3	0	608
13090	12	1	6	607	0	626
13091	6	2	607	12	0	627
13092	2	597	11	6	0	616
13093	3	11	5	597	0	616
13094	3	5	594	13	0	615
13095	5	587	9	4	0	605
13096	2	12	6	592	0	612
13097	586	5	5	14	0	610
13098	606	3	2	8	0	619
13099	608	2	2	4	0	616
13100	18	3	590	4	0	615
13101	8	594	12	5	0	619
13102	6	12	7	607	0	632
13103	1	6	3	649	0	659
13104	647	4	1	20	0	672
13105	16	662	3	7	0	688
13106	670	14	2	4	0	690
13107	674	7	0	4	0	685
13108	685	4	2	3	0	694
13109	20	1	663	6	0	690
13110	674	2	14	5	0	695
13111	18	1	6	672	0	697
13112	6	1	2	687	0	696
13113	665	4	3	20	0	692
13114	15	2	1	664	0	682
13115	7	660	2	16	0	685
13116	3	15	1	649	0	668
13117	633	6	3	17	0	659
13118	13	2	633	10	0	658
13119	4	621	13	7	0	645
13120	4	12	4	630	0	650
13121	628	6	4	14	0	652
13122	13	3	619	11	0	646
13123	9	4	13	609	0	635
13124	2	3	613	14	0	632
13125	3	2	597	7	0	609
13126	2	1	559	3	0	565
13127	2	1	549	1	0	553
13128	1	1	525	2	0	529
13129	440	5	21	1	0	467
13130	6	439	4	0	0	449
13131	417	2	2	2	0	423
13132	416	1	0	0	0	417
13133	3	412	0	1	0	416
13134	2	414	0	1	0	417
13135	416	3	0	0	0	419
13136	416	2	0	3	0	421
13137	2	1	0	410	0	413
13138	1	411	0	3	0	415
13139	410	2	0	1	0	413
13140	2	417	1	0	0	420
13141	0	4	0	415	0	419
13142	417	1	0	3	0	421
13143	416	1	0	1	0	418
13144	3	0	1	413	0	417
13145	2	0	0	420	0	422
13146	1	0	419	2	0	422
13147	0	0	3	414	0	417
13148	0	0	422	3	0	425
13149	1	0	4	399	0	404
13150	0	0	2	405	0	407
13151	403	0	1	3	0	407
13152	401	1	0	2	0	404
13153	4	0	399	1	0	404
13154	398	0	3	0	0	401
13155	3	1	1	400	0	405
13156	1	1	399	2	0	403
13157	1	0	2	389	0	392
13158	1	0	1	422	0	424
13159	0	0	416	4	0	420
13160	0	1	2	425	0	428
13161	1	0	440	3	0	444
13162	0	0	4	459	0	463
13163	498	1	1	6	0	506
13164	4	500	2	2	0	508
13165	512	3	0	2	0	517
13166	7	510	0	1	0	518
13167	510	6	1	1	0	518
13168	7	506	1	0	0	514
13169	504	6	0	2	0	512
13170	6	507	2	1	0	516
13171	4	6	0	512	0	522
13172	2	2	515	6	0	525
13173	2	3	511	2	0	518
13174	1	1	6	508	0	516
13175	507	0	5	5	0	517
13176	5	504	3	2	0	514
13177	3	5	0	517	0	525
13178	2	4	513	5	0	524
13179	2	2	524	4	0	532
13180	0	1	7	510	0	518
13181	0	516	6	6	0	528
13182	514	4	5	4	0	527
13183	4	3	534	1	0	542
13184	3	2	518	2	0	525
13185	4	531	7	0	0	542
13186	518	6	7	0	0	531
13187	517	3	2	1	0	523
13188	8	4	1	508	0	521
13189	514	0	1	4	0	519
13190	506	1	0	5	0	512
13191	7	509	0	2	0	518
13192	511	6	0	0	0	517
13193	6	3	525	1	0	535
13194	4	1	7	515	0	527
13195	2	1	4	520	0	527
13196	512	1	2	8	0	523
13197	8	517	0	6	0	531
13198	514	6	0	3	0	523
13199	8	524	0	2	0	534
13200	6	521	2	0	0	529
13201	4	6	513	1	0	524
13202	3	4	505	3	0	515
13203	465	7	7	2	0	481
13204	477	1	4	1	0	483
13205	5	4	450	3	0	462
13206	7	432	5	1	0	445
13207	1	444	7	0	0	452
13208	441	6	1	2	0	450
13209	437	7	0	1	0	445
13210	8	2	0	437	0	447
13211	442	2	2	5	0	451
13212	4	0	3	443	0	450
13213	4	1	439	5	0	449
13214	4	0	423	5	0	432
13215	434	2	8	2	0	446
13216	4	2	7	435	0	448
13217	4	466	4	4	0	478
13218	472	3	3	4	0	482
13219	470	5	2	3	0	480
13220	9	4	473	4	0	490
13221	491	1	3	1	0	496
13222	499	1	5	2	0	507
13223	8	1	3	500	0	512
13224	8	501	1	4	0	514
13225	7	496	0	2	0	505
13226	3	8	1	523	0	535
13227	2	6	2	509	0	519
13228	2	4	1	512	0	519
13229	4	0	505	12	0	521
13230	2	2	487	6	0	497
13231	4	1	8	490	0	503
13232	4	2	496	5	0	507
13233	4	2	495	5	0	506
13234	0	6	7	492	0	505
13235	3	2	525	4	0	534
13236	0	514	10	4	0	528
13237	538	5	6	7	0	556
13238	7	5	3	537	0	552
13239	4	536	2	3	0	545
13240	3	6	545	4	0	558
13241	3	5	8	538	0	554
13242	2	6	567	5	0	580
13243	4	2	8	569	0	583
13244	3	0	4	587	0	594
13245	2	0	602	9	0	613
13246	3	2	5	592	0	602
13247	5	590	5	7	0	607
13248	4	6	5	613	0	628
13249	2	6	604	8	0	620
13250	3	3	6	604	0	616
13251	607	1	4	10	0	622
13252	6	601	4	5	0	616
13253	6	5	0	609	0	620
13254	5	4	623	6	0	638
13255	1	610	6	3	0	620
13256	2	620	4	4	0	630
13257	2	10	612	1	0	625
13258	1	6	4	588	0	599
13259	0	2	7	580	0	589
13260	3	0	573	9	0	585
13261	4	539	2	5	0	550
13262	1	538	3	5	0	547
13263	487	4	5	0	0	496
13264	4	497	0	0	0	501
13265	482	3	0	1	0	486
13266	3	6	0	467	0	476
13267	476	2	0	3	0	481
13268	4	0	490	2	0	496
13269	500	0	3	2	0	505
13270	4	0	1	510	0	515
13271	1	511	3	3	0	518
13272	518	3	1	1	0	523
13273	3	1	0	525	0	529
13274	1	522	3	3	0	529
13275	1	553	1	1	0	556
13276	552	3	0	2	0	557
13277	555	1	1	1	0	558
13278	554	2	0	0	0	556
13279	6	0	0	539	0	545
13280	1	534	0	5	0	540
13281	1	544	0	0	0	545
13282	1	2	0	546	0	549
13283	540	1	0	4	0	545
13284	515	1	1	2	0	519
13285	534	0	0	3	0	537
13286	4	0	529	1	0	534
13287	1	0	535	0	0	536
13288	563	0	3	1	0	567
13289	3	1	1	570	0	575
13290	0	0	1	571	0	572
13291	1	0	1	567	0	569
13292	0	0	0	571	0	571
13293	1	0	550	4	0	555
13294	0	1	4	546	0	551
13295	0	0	545	5	0	550
13296	522	0	5	0	0	527
13297	4	546	0	1	0	551
13298	0	3	1	567	0	571
13299	1	1	1	554	0	557
13300	550	1	0	8	0	559
13301	553	1	0	2	0	556
13302	550	0	1	3	0	554
13303	544	3	0	1	0	548
13304	5	1	549	0	0	555
13305	2	0	539	1	0	542
13306	2	2	3	552	0	559
13307	554	0	2	4	0	560
13308	549	1	1	3	0	554
13309	3	2	548	1	0	554
13310	1	0	2	543	0	546
13311	545	0	1	2	0	548
13312	2	0	1	547	0	550
13313	2	1	555	2	0	560
13314	2	1	3	554	0	560
13315	557	0	1	7	0	565
13316	3	596	2	0	0	601
13317	587	4	0	4	0	595
13318	598	1	0	3	0	602
13319	596	1	1	2	0	600
13320	4	0	0	590	0	594
13321	578	0	1	5	0	584
13322	3	607	1	1	0	612
13323	0	622	1	0	0	623
13324	1	3	1	618	0	623
13325	633	1	0	6	0	640
13326	6	640	0	3	0	649
13327	788	9	0	3	0	800
13328	857	0	0	1	0	858
13329	15	879	1	0	0	895
13330	7	12	1	885	0	905
13331	6	5	0	896	0	907
13332	2	3	909	19	0	933
13333	1	3	14	895	0	913
13334	2	0	897	18	0	917
13335	2	869	14	9	0	894
13336	3	13	6	879	0	901
13337	849	5	3	16	0	873
13338	865	2	2	8	0	877
13339	19	1	0	862	0	882
13340	6	1	849	17	0	873
13341	829	1	15	5	0	850
13342	16	821	5	4	0	846
13343	7	815	1	1	0	824
13344	2	831	3	1	0	837
13345	7	21	0	797	0	825
13346	2	8	808	13	0	831
13347	1	5	14	797	0	817
13348	0	1	811	19	0	831
13349	2	1	810	8	0	821
13350	0	3	832	2	0	837
13351	0	1	19	806	0	826
13352	1	0	10	830	0	841
13353	1	1	5	839	0	846
13354	1	2	2	820	0	825
13355	812	0	1	24	0	837
13356	15	808	0	9	0	832
13357	810	15	0	8	0	833
13358	16	826	0	4	0	846
13359	10	16	0	826	0	852
13360	3	7	1	859	0	870
13361	847	3	1	21	0	872
13362	857	3	1	8	0	869
13363	870	2	0	7	0	879
13364	868	0	0	5	0	873
13365	871	1	0	2	0	874
13366	23	849	1	0	0	873
13367	845	12	2	6	0	865
13368	12	838	2	1	0	853
13369	820	15	0	1	0	836
13370	15	7	810	1	0	833
13371	6	3	13	804	0	826
13372	2	816	5	12	0	835
13373	4	11	2	819	0	836
13374	2	8	813	15	0	838
13375	3	4	12	779	0	798
13376	788	2	5	20	0	815
13377	14	788	2	9	0	813
13378	7	809	3	4	0	823
13379	4	19	807	4	0	834
13380	4	6	13	808	0	831
13381	1	821	5	14	0	841
13382	1	14	4	844	0	863
13383	3	7	839	16	0	865
13384	2	826	15	8	0	851
13385	3	14	829	4	0	850
13386	1	8	820	3	0	832
13387	3	4	20	807	0	834
13388	809	3	7	15	0	834
13389	14	5	4	814	0	837
13390	7	5	815	17	0	844
13391	4	0	13	827	0	844
13392	2	2	848	16	0	868
13393	2	1	838	11	0	852
13394	842	2	21	6	0	871
13395	876	2	9	5	0	892
13396	884	3	7	5	0	899
13397	23	0	867	7	0	897
13398	10	1	873	2	0	886
13399	4	3	21	854	0	882
13400	2	0	11	877	0	890
13401	865	2	5	20	0	892
13402	16	3	3	872	0	894
13403	8	0	883	22	0	913
13404	3	3	869	10	0	885
13405	4	873	21	6	0	904
13406	1	14	9	886	0	910
13407	3	5	896	17	0	921
13408	1	4	14	886	0	905
13409	892	1	5	21	0	919
13410	17	2	907	10	0	936
13411	8	1	17	910	0	936
13412	7	1	6	927	0	941
13413	7	2	903	21	0	933
13414	4	2	19	888	0	913
13415	5	2	906	19	0	932
13416	852	2	20	9	0	883
13417	20	0	7	846	0	873
13418	6	843	5	15	0	869
13419	844	15	3	8	0	870
13420	854	7	2	5	0	868
13421	21	839	1	8	0	869
13422	22	55	2	729	0	808
13423	4	780	2	13	0	799
13424	4	777	2	4	0	787
13425	3	17	737	2	0	759
13426	3	745	11	6	0	765
13427	2	14	591	3	0	610
13428	489	3	6	1	0	499
13429	495	0	0	1	0	496
13430	5	493	1	3	0	502
13431	0	506	1	0	0	507
13432	0	515	0	1	0	516
13433	518	5	0	1	0	524
13434	12	0	1	526	0	539
13435	0	0	566	8	0	574
13436	0	568	9	1	0	578
13437	2	10	0	586	0	598
13438	2	0	0	590	0	592
13439	0	658	0	9	0	667
13440	714	10	0	0	0	724
13441	14	0	726	0	0	740
13442	2	1	13	917	0	933
13443	0	1009	1	15	0	1025
13444	1020	21	0	2	0	1043
13445	20	4	1007	0	0	1031
13446	4	993	19	3	0	1019
13447	3	23	4	998	0	1028
13448	2	4	989	19	0	1014
13449	980	0	21	4	0	1005
13450	22	3	4	974	0	1003
13451	5	5	965	22	0	997
13452	0	968	23	6	0	997
13453	958	21	4	1	0	984
13454	20	974	0	2	0	996
13455	970	19	2	3	0	994
13456	981	6	2	3	0	992
13457	25	1	1	952	0	979
13458	6	925	2	20	0	953
13459	3	20	933	4	0	960
13460	4	4	21	930	0	959
13461	3	1	6	875	0	885
13462	2	2	3	946	0	953
13463	3	0	1	941	0	945
13464	5	2	0	938	0	945
13465	917	1	1	27	0	946
13466	900	2	3	7	0	912
13467	895	1	2	5	0	903
13468	22	884	2	14	0	922
13469	8	20	902	2	0	932
13470	4	5	916	4	0	929
13471	3	2	923	3	0	931
13472	3	3	25	891	0	922
13473	4	4	8	907	0	923
13474	5	1	4	907	0	917
13475	1	2	888	29	0	920
13476	2	868	23	10	0	903
13477	3	19	879	5	0	906
13478	1	5	891	6	0	903
13479	4	3	29	852	0	888
13480	4	4	868	22	0	898
13481	11	1	23	852	0	887
13482	847	3	7	24	0	881
13483	855	3	3	10	0	871
13484	29	3	839	3	0	874
13485	6	3	23	840	0	872
13486	3	3	838	27	0	871
13487	4	842	24	8	0	878
13488	846	24	6	6	0	882
13489	22	6	837	6	0	871
13490	7	808	26	5	0	846
13491	3	828	8	3	0	842
13492	5	813	4	5	0	827
13493	4	28	779	3	0	814
13494	4	12	24	749	0	789
13495	4	761	6	20	0	791
13496	4	27	6	758	0	795
13497	7	7	4	776	0	794
13498	749	1	7	31	0	788
13499	18	755	4	9	0	786
13500	738	21	3	9	0	771
13501	21	733	5	7	0	766
13502	10	756	3	5	0	774
13503	5	25	735	5	0	770
13504	4	7	23	732	0	766
13505	3	5	729	25	0	762
13506	4	720	20	9	0	753
13507	5	22	721	5	0	753
13508	7	6	727	6	0	746
13509	6	724	29	3	0	762
13510	694	25	6	5	0	730
13511	23	701	7	7	0	738
13512	704	23	10	7	0	744
13513	23	11	694	10	0	738
13514	10	3	714	6	0	733
13515	4	694	26	8	0	732
13516	694	25	8	7	0	734
13517	25	680	7	6	0	718
13518	9	25	6	689	0	729
13519	688	4	8	23	0	723
13520	26	6	682	11	0	725
13521	10	8	26	687	0	731
13522	678	6	9	28	0	721
13523	29	680	6	10	0	725
13524	11	23	7	683	0	724
13525	4	5	683	32	0	724
13526	679	4	24	12	0	719
13527	20	6	9	683	0	718
13528	7	5	672	28	0	712
13529	5	6	25	665	0	701
13530	6	666	12	25	0	709
13531	2	22	664	15	0	703
13532	2	5	29	640	0	676
13533	630	2	9	22	0	663
13534	24	5	7	618	0	654
13535	576	2	9	20	0	607
13536	21	572	7	11	0	611
13537	560	20	6	3	0	589
13538	17	7	555	7	0	586
13539	9	2	480	4	0	495
13540	5	5	425	4	0	439
13541	4	389	25	5	0	423
13542	25	8	25	105	0	163
13543	0	1	4	105	0	110
13544	1	1	0	107	0	109
13545	0	2	1	105	0	108
13546	1	0	103	5	0	109
13547	103	2	2	1	0	108
13548	4	105	0	1	0	110
13549	109	4	1	1	0	115
13550	5	0	0	108	0	113
13551	0	112	1	2	0	115
13552	0	4	0	114	0	118
13553	114	0	2	3	0	119
13554	2	123	1	1	0	127
13555	122	4	1	0	0	127
13556	127	1	0	0	0	128
13557	3	1	1	121	0	126
13558	1	0	127	3	0	131
13559	119	1	3	1	0	124
13560	3	0	1	127	0	131
13561	127	2	0	3	0	132
13562	141	0	0	0	0	141
13563	139	1	1	0	0	141
13564	3	0	139	1	0	143
13565	1	1	3	138	0	143
13566	142	0	1	3	0	146
13567	3	1	145	1	0	150
13568	1	147	3	1	0	152
13569	1	6	0	134	0	141
13570	0	0	145	4	0	149
13571	0	0	145	1	0	146
13572	1	0	2	140	0	143
13573	0	1	0	149	0	150
13574	0	0	0	152	0	152
13575	0	0	1	147	0	148
13576	1	0	143	2	0	146
13577	0	146	2	1	0	149
13578	0	2	1	144	0	147
13579	151	0	0	3	0	154
13580	149	1	0	0	0	150
13581	150	0	0	0	0	150
13582	2	0	0	148	0	150
13583	1	0	0	147	0	148
13584	0	141	0	3	0	144
13585	1	143	0	0	0	144
13586	0	3	0	142	0	145
13587	138	0	0	1	0	139
13588	140	0	0	1	0	141
13589	143	0	0	0	0	143
13590	141	0	0	0	0	141
13591	139	0	0	0	0	139
13592	1	137	1	0	0	139
13593	0	1	0	143	0	144
13594	155	0	0	2	0	157
13595	155	0	0	0	0	155
13596	1	0	0	154	0	155
13597	0	0	0	156	0	156
13598	0	0	161	1	0	162
13599	0	0	1	157	0	158
13600	0	0	0	160	0	160
13601	0	0	165	1	0	166
13602	0	0	1	161	0	162
13603	0	170	0	1	0	171
13604	0	1	172	0	0	173
13605	0	174	1	0	0	175
13606	0	0	1	174	0	175
13607	0	0	0	173	0	173
13608	0	166	0	2	0	168
13609	0	174	0	0	0	174
13610	178	0	0	1	0	179
13611	179	0	0	0	0	179
13612	1	0	177	0	0	178
13613	183	0	1	1	0	185
13614	196	0	0	0	0	196
13615	192	0	0	0	0	192
13616	197	0	0	0	0	197
13617	0	0	192	0	0	192
13618	0	1	189	0	0	190
13619	200	0	0	0	0	200
13620	0	202	1	0	0	203
13621	0	0	210	0	0	210
13622	213	0	0	0	0	213
13623	219	0	0	0	0	219
13624	1	0	220	0	0	221
13625	223	0	1	2	0	226
13626	2	0	0	242	0	244
13627	0	0	252	1	0	253
13628	244	1	1	1	0	247
13629	1	255	0	2	0	258
13630	259	1	1	0	0	261
13631	279	0	1	1	0	281
13632	1	0	0	279	0	280
13633	0	0	0	277	0	277
13634	0	0	0	285	0	285
13635	285	0	0	2	0	287
13636	305	0	1	0	0	306
13637	1	1	0	308	0	310
13638	1	0	0	303	0	304
13639	1	0	295	2	0	298
13640	294	0	1	1	0	296
13641	2	0	1	303	0	306
13642	1	0	0	301	0	302
13643	0	294	0	2	0	296
13644	1	2	0	300	0	303
13645	0	2	0	299	0	301
13646	303	0	0	3	0	306
13647	2	307	0	1	0	310
13648	1	3	0	315	0	319
13649	1	1	0	315	0	317
13650	1	0	0	318	0	319
13651	2	0	311	2	0	315
13652	0	1	1	309	0	311
13653	310	0	1	2	0	313
13654	2	0	312	1	0	315
13655	2	0	1	320	0	323
13656	0	0	2	323	0	325
13657	322	0	0	3	0	325
13658	316	0	1	1	0	318
13659	2	0	319	1	0	322
13660	310	0	1	1	0	312
13661	1	0	320	0	0	321
13662	327	0	1	1	0	329
13663	1	356	1	1	0	359
13664	367	1	1	0	0	369
13665	3	363	0	1	0	367
13666	370	2	0	1	0	373
13667	3	384	0	0	0	387
13668	1	4	0	391	0	396
13669	1	1	0	392	0	394
13670	1	1	0	388	0	390
13671	0	378	0	4	0	382
13672	0	2	0	380	0	382
13673	0	382	0	4	0	386
13674	0	3	0	390	0	393
13675	389	1	0	3	0	393
13676	385	1	0	2	0	388
13677	4	385	0	1	0	390
13678	2	2	1	387	0	392
13679	382	1	0	3	0	386
13680	0	377	0	2	0	379
13681	2	382	1	1	0	386
13682	389	3	0	1	0	393
13683	392	2	1	0	0	395
13684	4	388	0	0	0	392
13685	392	2	1	0	0	395
13686	4	1	0	395	0	400
13687	1	2	420	2	0	425
13688	422	0	2	2	0	426
13689	427	0	1	2	0	430
13690	4	0	428	0	0	432
13691	443	1	2	0	0	446
13692	451	0	1	2	0	454
13693	459	0	1	2	0	462
13694	5	451	0	1	0	457
13695	456	4	0	1	0	461
13696	464	1	0	2	0	467
13697	3	2	0	464	0	469
13698	2	0	0	461	0	463
13699	3	1	0	463	0	467
13700	472	0	0	5	0	477
13701	2	2	0	467	0	471
13702	468	0	0	7	0	475
13703	470	0	0	3	0	473
13704	4	1	0	463	0	468
13705	3	2	0	480	0	485
13706	1	0	0	477	0	478
13707	482	0	0	5	0	487
13708	2	475	0	2	0	479
13709	2	2	0	485	0	489
13710	2	1	0	495	0	498
13711	493	1	1	5	0	500
13712	495	0	0	3	0	498
13713	6	0	481	1	0	488
13714	3	0	497	1	0	501
13715	545	0	5	1	0	551
13716	5	0	2	557	0	564
13717	5	0	1	664	0	670
13718	3	1	663	6	0	673
13719	5	2	4	647	0	658
13720	2	664	1	7	0	674
13721	1	681	2	4	0	688
13722	680	5	0	6	0	691
13723	6	3	671	1	0	681
13724	3	685	4	1	0	693
13725	2	7	4	697	0	710
13726	2	2	693	6	0	703
13727	4	2	5	679	0	690
13728	4	2	3	686	0	695
13729	0	2	697	9	0	708
13730	1	692	3	7	0	703
13731	3	3	2	678	0	686
13732	685	2	2	7	0	696
13733	681	2	2	5	0	690
13734	689	1	3	4	0	697
13735	10	673	0	3	0	686
13736	666	4	0	3	0	673
13737	12	0	1	661	0	674
13738	4	3	649	5	0	661
13739	645	3	5	2	0	655
13740	6	663	1	3	0	673
13741	3	5	3	659	0	670
13742	4	0	2	662	0	668
13743	2	665	2	5	0	674
13744	2	5	2	672	0	681
13745	5	3	0	680	0	688
13746	1	4	2	684	0	691
13747	665	2	0	13	0	680
13748	655	3	4	6	0	668
13749	5	2	678	6	0	691
13750	3	2	4	680	0	689
13751	4	2	2	690	0	698
13752	7	2	1	687	0	697
13753	685	0	2	10	0	697
13754	4	3	670	4	0	681
13755	653	2	6	9	0	670
13756	673	1	2	7	0	683
13757	8	0	2	680	0	690
13758	682	1	1	8	0	692
13759	11	0	652	1	0	664
13760	648	3	3	4	0	658
13761	10	718	1	6	0	735
13762	8	6	704	4	0	722
13763	7	3	706	2	0	718
13764	5	3	9	710	0	727
13765	4	5	714	8	0	731
13766	705	2	6	2	0	715
13767	5	692	3	6	0	706
13768	698	6	5	3	0	712
13769	8	1	3	711	0	723
13770	2	3	708	8	0	721
13771	3	2	713	7	0	725
13772	2	3	5	730	0	740
13773	731	2	3	6	0	742
13774	6	717	4	5	0	732
13775	1	739	4	6	0	750
13776	743	5	1	5	0	754
13777	9	751	1	6	0	767
13778	760	6	0	5	0	771
13779	7	3	5	760	0	775
13780	759	3	2	6	0	770
13781	9	5	0	756	0	770
13782	762	2	1	10	0	775
13783	12	0	1	755	0	768
13784	3	755	4	8	0	770
13785	759	4	1	3	0	767
13786	9	756	0	5	0	770
13787	3	7	720	5	0	735
13788	7	0	4	707	0	718
13789	2	733	4	5	0	744
13790	720	5	3	3	0	731
13791	708	5	4	4	0	721
13792	5	710	4	5	0	724
13793	4	6	704	2	0	716
13794	5	4	3	682	0	694
13795	2	688	3	7	0	700
13796	7	5	3	700	0	715
13797	2	5	2	706	0	715
13798	700	1	3	8	0	712
13799	10	693	0	4	0	707
13800	2	8	3	696	0	709
13801	698	1	2	11	0	712
13802	692	3	1	5	0	701
13803	691	2	2	5	0	700
13804	9	4	2	684	0	699
13805	673	2	2	8	0	685
13806	11	673	2	2	0	688
13807	677	5	1	2	0	685
13808	9	684	0	5	0	698
13809	687	5	2	4	0	698
13810	679	1	1	1	0	682
13811	7	6	1	662	0	676
13812	6	1	677	3	0	687
13813	6	3	654	3	0	666
13814	3	657	3	1	0	664
13815	617	4	0	1	0	622
13816	2	1	609	1	0	613
13817	482	0	1	1	0	484
13818	1	481	0	1	0	483
13819	1	489	0	0	0	490
13820	0	2	0	503	0	505
13821	1	520	1	1	0	523
13822	0	5	529	1	0	535
13823	0	1	1	521	0	523
13824	1	539	1	1	0	542
13825	0	2	0	542	0	544
13826	536	1	1	3	0	541
13827	2	1	0	554	0	557
13828	1	1	563	3	0	568
13829	2	561	3	1	0	567
13830	0	3	1	563	0	567
13831	1	2	1	558	0	562
13832	0	1	1	567	0	569
13833	563	0	0	6	0	569
13834	555	1	0	3	0	559
13835	4	0	561	2	0	567
13836	2	0	552	1	0	555
13837	2	557	4	0	0	563
13838	573	4	2	0	0	579
13839	4	1	1	573	0	579
13840	2	1	0	573	0	576
13841	2	0	0	568	0	570
13842	1	0	0	573	0	574
13843	0	0	559	6	0	565
13844	543	0	3	2	0	548
13845	4	1	1	619	0	625
13846	2	0	617	7	0	626
13847	621	1	7	4	0	633
13848	671	0	1	1	0	673
13849	9	0	767	0	0	776
13850	2	0	797	1	0	800
13851	1	0	10	784	0	795
13852	798	0	2	9	0	809
13853	805	1	1	1	0	808
13854	12	0	0	788	0	800
13855	4	0	3	803	0	810
13856	2	0	803	10	0	815
13857	1	1	10	790	0	802
13858	2	1	801	9	0	813
13859	784	1	10	1	0	796
13860	10	792	2	2	0	806
13861	753	9	2	2	0	766
13862	11	748	4	0	0	763
13863	735	10	0	3	0	748
13864	10	3	2	711	0	726
13865	5	1	0	722	0	728
13866	718	3	0	11	0	732
13867	722	0	1	4	0	727
13868	724	2	1	3	0	730
13869	724	1	1	1	0	727
13870	10	0	716	3	0	729
13871	701	0	8	3	0	712
13872	716	1	3	1	0	721
13873	711	0	2	2	0	715
13874	12	2	1	703	0	718
13875	688	1	1	11	0	701
13876	11	679	2	8	0	700
13877	4	9	1	677	0	691
13878	6	3	0	680	0	689
13879	5	3	668	13	0	689
13880	5	1	9	670	0	685
13881	5	667	4	9	0	685
13882	670	9	1	4	0	684
13883	12	673	1	5	0	691
13884	676	9	1	5	0	691
13885	12	3	2	674	0	691
13886	666	1	2	12	0	681
13887	13	663	1	4	0	681
13888	666	10	3	4	0	683
13889	668	5	1	2	0	676
13890	16	3	1	664	0	684
13891	8	1	3	671	0	683
13892	5	1	652	16	0	674
13893	4	3	8	664	0	679
13894	5	1	6	662	0	674
13895	3	2	649	15	0	669
13896	4	1	8	655	0	668
13897	5	0	653	13	0	671
13898	645	2	12	6	0	665
13899	12	1	4	647	0	664
13900	6	1	640	13	0	660
13901	641	1	10	5	0	657
13902	13	1	3	645	0	662
13903	8	4	648	9	0	669
13904	660	1	9	7	0	677
13905	12	2	2	655	0	671
13906	6	2	5	663	0	676
13907	658	1	3	13	0	675
13908	10	0	1	653	0	664
13909	8	1	4	653	0	666
13910	6	1	1	648	0	656
13911	4	639	1	13	0	657
13912	621	10	2	7	0	640
13913	624	4	2	4	0	634
13914	15	1	1	615	0	632
13915	615	1	4	14	0	634
13916	623	0	1	7	0	631
13917	627	5	1	5	0	638
13918	538	0	2	6	0	546
13919	613	2	1	2	0	618
13920	14	0	571	7	0	592
13921	6	0	539	8	0	553
13922	535	1	14	3	0	553
13923	12	529	6	4	0	551
13924	5	7	3	518	0	533
13925	8	2	512	10	0	532
13926	3	3	503	7	0	516
13927	3	9	12	481	0	505
13928	467	3	9	15	0	494
13929	10	4	0	478	0	492
13930	5	2	474	11	0	492
13931	486	2	10	5	0	503
13932	12	0	5	490	0	507
13933	5	1	3	494	0	503
13934	9	0	0	488	0	497
13935	5	1	1	492	0	499
13936	3	1	482	11	0	497
13937	6	1	8	478	0	493
13938	479	1	6	11	0	497
13939	8	1	467	7	0	483
13940	473	0	8	5	0	486
13941	481	2	4	8	0	495
13942	481	1	3	5	0	490
13943	481	1	2	4	0	488
13944	12	467	2	5	0	486
13945	5	403	5	5	0	418
13946	4	419	2	5	0	430
13947	396	10	8	5	0	419
13948	8	4	370	3	0	385
13949	235	5	5	5	0	250
13950	8	0	3	215	0	226
13951	216	0	1	2	0	219
13952	1	0	0	218	0	219
13953	221	0	0	2	0	223
13954	1	1	2	214	0	218
13955	5	0	0	229	0	234
13956	222	0	0	2	0	224
13957	1	241	1	3	0	246
13958	4	0	239	0	0	243
13959	2	239	0	0	0	241
13960	1	0	228	1	0	230
13961	1	1	0	209	0	211
13962	208	1	2	0	0	211
13963	1	0	0	208	0	209
13964	205	0	0	0	0	205
13965	0	221	0	1	0	222
13966	1	0	223	0	0	224
13967	0	224	0	0	0	224
13968	0	225	1	0	0	226
13969	212	0	0	0	0	212
13970	205	0	0	1	0	206
13971	0	216	0	0	0	216
13972	0	1	0	216	0	217
13973	1	0	0	218	0	219
13974	216	0	0	1	0	217
13975	1	0	216	0	0	217
13976	0	0	213	0	0	213
13977	0	0	0	213	0	213
13978	0	0	216	1	0	217
13979	209	0	1	0	0	210
13980	214	0	0	0	0	214
13981	1	214	0	0	0	215
13982	0	1	220	0	0	221
13983	0	0	0	217	0	217
13984	0	0	234	1	0	235
13985	0	0	1	231	0	232
13986	233	0	0	2	0	235
13987	0	240	0	0	0	240
13988	1	1	259	0	0	261
13989	0	270	0	0	0	270
13990	0	277	0	0	0	277
13991	282	1	0	0	0	283
13992	275	0	0	0	0	275
13993	0	0	277	2	0	279
13994	0	286	1	0	0	287
13995	0	1	0	291	0	292
13996	0	0	0	290	0	290
13997	1	0	0	290	0	291
13998	0	0	300	1	0	301
13999	0	0	1	294	0	295
14000	0	0	0	303	0	303
14001	309	0	0	3	0	312
14002	313	0	0	1	0	314
14003	307	0	0	1	0	308
14004	301	0	0	0	0	301
14005	304	0	0	0	0	304
14006	1	301	0	0	0	302
14007	296	1	0	0	0	297
14008	1	0	298	0	0	299
14009	0	0	1	294	0	295
14010	297	0	0	1	0	298
14011	1	297	0	0	0	298
14012	304	1	0	0	0	305
14013	308	0	0	0	0	308
14014	1	0	0	306	0	307
14015	0	0	0	309	0	309
14016	0	336	0	0	0	336
14017	0	1	0	338	0	339
14018	0	0	368	1	0	369
14019	1	0	1	377	0	379
14020	0	0	382	1	0	383
14021	374	0	1	0	0	375
14022	1	0	0	387	0	388
14023	0	0	402	1	0	403
14024	1	400	1	0	0	402
14025	0	399	0	0	0	399
14026	401	1	0	1	0	403
14027	2	0	0	405	0	407
14028	0	0	431	1	0	432
14029	0	423	2	0	0	425
14030	0	1	428	0	0	429
14031	422	0	1	0	0	423
14032	431	0	0	1	0	432
14033	431	0	0	0	0	431
14034	1	0	0	440	0	441
14035	0	0	439	1	0	440
14036	0	444	1	0	0	445
14037	0	0	0	441	0	441
14038	0	0	435	1	0	436
14039	0	0	425	0	0	425
14040	0	0	1	440	0	441
14041	445	0	0	1	0	446
14042	2	0	0	442	0	444
14043	0	0	0	455	0	455
14044	0	0	448	1	0	449
14045	0	0	1	447	0	448
14046	0	0	0	447	0	447
14047	0	0	457	1	0	458
14048	0	0	450	0	0	450
14049	1	0	1	458	0	460
14050	0	0	469	1	0	470
14051	0	0	1	467	0	468
14052	467	0	0	1	0	468
14053	0	481	0	0	0	481
14054	0	1	0	489	0	490
14055	0	0	481	2	0	483
14056	452	0	2	1	0	455
14057	1	457	1	0	0	459
14058	466	1	0	1	0	468
14059	3	0	0	465	0	468
14060	0	0	0	466	0	466
14061	471	0	0	6	0	477
14062	1	0	477	0	0	478
14063	475	0	1	2	0	478
14064	1	0	0	491	0	492
14065	480	0	1	1	0	482
14066	478	0	1	0	0	479
14067	1	0	0	476	0	477
14068	0	492	2	1	0	495
14069	511	0	0	1	0	512
14070	508	0	0	1	0	509
14071	2	1	504	0	0	507
14072	503	0	1	2	0	506
14073	2	0	2	509	0	513
14074	2	515	1	1	0	519
14075	0	2	0	513	0	515
14076	1	521	1	1	0	524
14077	528	2	0	2	0	532
14078	525	1	0	2	0	528
14079	3	0	0	568	0	571
14080	0	0	572	3	0	575
14081	1	0	554	0	0	555
14082	0	1	2	579	0	582
14083	578	0	0	2	0	580
14084	621	0	0	1	0	622
14085	4	627	0	1	0	632
14086	1	4	0	637	0	642
14087	2	0	644	4	0	650
14088	1	1	667	0	0	669
14089	1	5	5	698	0	709
14090	762	0	2	8	0	772
14091	7	0	2	770	0	779
14092	2	1	758	8	0	769
14093	756	0	6	5	0	767
14094	10	1	2	755	0	768
14095	4	0	3	757	0	764
14096	6	0	0	756	0	762
14097	0	758	1	14	0	773
14098	0	7	747	9	0	763
14099	1	2	751	7	0	761
14100	1	3	10	762	0	776
14101	1	0	761	6	0	768
14102	758	0	10	4	0	772
14103	8	5	2	748	0	763
14104	2	0	3	757	0	762
14105	5	0	1	755	0	761
14106	0	753	1	9	0	763
14107	757	6	1	8	0	772
14108	8	2	2	757	0	769
14109	754	3	0	9	0	766
14110	10	754	3	2	0	769
14111	756	7	0	3	0	766
14112	744	2	0	5	0	751
14113	747	3	0	5	0	755
14114	13	740	0	3	0	756
14115	5	751	1	0	0	757
14116	708	8	1	0	0	717
14117	7	712	1	3	0	723
14118	4	9	679	1	0	693
14119	3	670	8	0	0	681
14120	3	680	2	0	0	685
14121	669	9	3	2	0	683
14122	10	5	659	1	0	675
14123	2	5	651	3	0	661
14124	7	3	10	650	0	670
14125	656	0	8	9	0	673
14126	8	2	667	4	0	681
14127	3	0	11	666	0	680
14128	4	4	641	9	0	658
14129	2	4	627	4	0	637
14130	632	1	9	4	0	646
14131	9	1	636	2	0	648
14132	4	1	11	625	0	641
14133	4	2	4	636	0	646
14134	4	618	6	9	0	637
14135	2	639	2	6	0	649
14136	3	10	2	629	0	644
14137	2	7	634	9	0	652
14138	2	4	9	628	0	643
14139	4	1	2	637	0	644
14140	0	1	641	14	0	656
14141	0	2	10	652	0	664
14142	650	2	5	14	0	671
14143	8	4	639	5	0	656
14144	641	2	9	4	0	656
14145	12	3	3	643	0	661
14146	3	0	9	657	0	669
14147	7	653	1	11	0	672
14148	4	8	0	659	0	671
14149	0	2	3	667	0	672
14150	653	3	0	17	0	673
14151	11	3	1	665	0	680
14152	3	3	5	668	0	679
14153	642	0	4	11	0	657
14154	8	2	2	650	0	662
14155	3	2	2	635	0	642
14156	6	640	2	10	0	658
14157	639	7	2	10	0	658
14158	11	3	2	641	0	657
14159	6	4	0	651	0	661
14160	4	4	628	13	0	649
14161	5	2	10	633	0	650
14162	4	0	3	646	0	653
14163	626	1	5	14	0	646
14164	618	3	2	12	0	635
14165	14	5	0	615	0	634
14166	10	3	600	9	0	622
14167	8	580	10	6	0	604
14168	1	588	5	9	0	603
14169	2	9	9	578	0	598
14170	576	7	3	11	0	597
14171	9	4	2	576	0	591
14172	574	1	3	12	0	590
14173	13	0	1	577	0	591
14174	2	3	2	583	0	590
14175	567	3	4	11	0	585
14176	566	3	2	7	0	578
14177	13	568	3	7	0	591
14178	6	590	2	8	0	606
14179	10	11	1	544	0	566
14180	2	4	2	549	0	557
14181	5	3	539	14	0	561
14182	517	2	9	10	0	538
14183	8	516	4	7	0	535
14184	6	479	2	3	0	490
14185	464	9	4	1	0	478
14186	8	5	460	3	0	476
14187	4	6	446	2	0	458
14188	3	3	397	7	0	410
14189	5	357	8	1	0	371
14190	8	4	5	297	0	314
14191	2	1	0	298	0	301
14192	0	0	0	299	0	299
14193	290	1	0	5	0	296
14194	294	0	1	1	0	296
14195	3	292	1	0	0	296
14196	0	3	1	307	0	311
14197	0	1	304	3	0	308
14198	1	302	2	1	0	306
14199	299	2	0	3	0	304
14200	2	1	298	1	0	302
14201	288	0	2	0	0	290
14202	2	1	292	0	0	295
14203	0	1	2	291	0	294
14204	1	294	0	2	0	297
14205	294	2	1	0	0	297
14206	2	294	1	1	0	298
14207	296	2	0	0	0	298
14208	2	1	0	291	0	294
14209	0	0	310	3	0	313
14210	0	0	2	323	0	325
14211	0	0	0	352	0	352
14212	1	0	356	2	0	359
14213	340	1	3	0	0	344
14214	2	361	0	0	0	363
14215	364	2	0	1	0	367
14216	2	366	1	0	0	369
14217	0	3	0	375	0	378
14218	1	0	374	3	0	378
14219	443	0	4	0	0	447
14220	5	450	0	0	0	455
14221	3	4	1	463	0	471
14222	1	2	0	481	0	484
14223	511	1	0	8	0	520
14224	565	0	0	3	0	568
14225	7	572	0	0	0	579
14226	627	4	0	1	0	632
14227	629	3	0	1	0	633
14228	633	0	1	0	0	634
14229	9	0	628	1	0	638
14230	3	620	5	1	0	629
14231	1	637	4	1	0	643
14232	1	6	0	620	0	627
14233	1	4	1	624	0	630
14234	629	0	1	7	0	637
14235	6	620	0	4	0	630
14236	625	7	0	1	0	633
14237	8	3	1	611	0	623
14238	6	0	0	620	0	626
14239	608	1	0	9	0	618
14240	599	0	1	4	0	604
14241	9	1	586	3	0	599
14242	4	2	5	592	0	603
14243	1	0	585	9	0	595
14244	3	1	575	4	0	583
14245	5	0	581	0	0	586
14246	564	2	11	1	0	578
14247	9	0	3	566	0	578
14248	4	1	1	569	0	575
14249	2	1	1	577	0	581
14250	1	0	566	9	0	576
14251	4	1	5	561	0	571
14252	2	3	3	576	0	584
14253	571	0	0	12	0	583
14254	568	1	0	7	0	576
14255	572	0	2	1	0	575
14256	576	0	1	1	0	578
14257	10	4	0	563	0	577
14258	570	0	1	7	0	578
14259	11	1	0	570	0	582
14260	9	2	547	6	0	564
14261	557	0	7	6	0	570
14262	5	552	3	4	0	564
14263	10	6	0	553	0	569
14264	6	5	1	555	0	567
14265	7	556	2	8	0	573
14266	562	6	2	4	0	574
14267	10	564	0	1	0	575
14268	9	6	557	3	0	575
14269	4	4	550	4	0	562
14270	548	2	9	6	0	565
14271	566	0	6	2	0	574
14272	11	4	550	3	0	568
14273	546	2	8	3	0	559
14274	6	1	543	7	0	557
14275	547	1	5	5	0	558
14276	10	2	544	2	0	558
14277	8	1	542	3	0	554
14278	5	3	8	513	0	529
14279	3	0	4	520	0	527
14280	521	0	3	12	0	536
14281	516	0	5	8	0	529
14282	524	0	5	1	0	530
14283	525	1	2	4	0	532
14284	9	514	2	7	0	532
14285	8	4	4	509	0	525
14286	4	513	2	8	0	527
14287	5	4	4	517	0	530
14288	5	2	1	506	0	514
14289	0	1	3	509	0	513
14290	5	0	494	10	0	509
14291	484	2	5	9	0	500
14292	8	479	5	4	0	496
14293	10	493	1	4	0	508
14294	4	9	493	4	0	510
14295	7	4	6	492	0	509
14296	6	1	4	486	0	497
14297	479	3	3	9	0	494
14298	10	1	2	479	0	492
14299	6	3	2	485	0	496
14300	3	0	2	490	0	495
14301	2	1	4	487	0	494
14302	480	3	1	7	0	491
14303	480	2	1	7	0	490
14304	484	5	2	1	0	492
14305	10	2	3	488	0	503
14306	490	2	5	7	0	504
14307	10	3	1	492	0	506
14308	9	1	4	494	0	508
14309	3	1	470	10	0	484
14310	5	0	461	8	0	474
14311	4	0	438	2	0	444
14312	424	0	10	2	0	436
14313	9	1	5	408	0	423
14314	7	415	5	6	0	433
14315	424	5	3	4	0	436
14316	6	4	415	4	0	429
14317	401	0	6	2	0	409
14318	6	388	5	5	0	404
14319	303	5	0	3	0	311
14320	6	0	0	310	0	316
14321	301	0	2	4	0	307
14322	5	289	1	0	0	295
14323	1	268	0	0	0	269
14324	213	4	3	2	0	222
14325	3	203	0	1	0	207
14326	2	147	0	0	0	149
14327	0	150	2	0	0	152
14328	148	1	2	0	0	151
14329	135	0	0	0	0	135
14330	137	0	0	0	0	137
14331	0	0	0	136	0	136
14332	0	0	0	138	0	138
14333	0	0	137	1	0	138
14334	1	0	1	133	0	135
14335	0	0	143	1	0	144
14336	0	0	1	141	0	142
14337	0	0	0	145	0	145
14338	145	0	0	2	0	147
14339	145	0	0	0	0	145
14340	1	146	0	0	0	147
14341	0	1	0	144	0	145
14342	0	0	146	1	0	147
14343	0	0	1	143	0	144
14344	0	0	0	145	0	145
14345	0	0	0	145	0	145
14346	0	0	143	1	0	144
14347	0	0	133	0	0	133
14348	135	0	1	0	0	136
14349	1	0	0	137	0	138
14350	0	0	144	1	0	145
14351	139	0	1	0	0	140
14352	1	145	0	0	0	146
14353	145	1	0	0	0	146
14354	1	0	151	0	0	152
14355	150	0	2	0	0	152
14356	1	0	0	156	0	157
14357	0	0	164	1	0	165
14358	0	161	1	0	0	162
14359	159	1	0	2	0	162
14360	1	0	0	160	0	161
14361	0	0	0	159	0	159
14362	0	160	0	1	0	161
14363	0	1	0	162	0	163
14364	0	0	161	1	0	162
14365	0	161	1	0	0	162
14366	161	1	0	0	0	162
14367	1	0	0	159	0	160
14368	0	0	0	160	0	160
14369	0	0	159	1	0	160
14370	0	0	1	159	0	160
14371	1	0	166	1	0	168
14372	0	174	1	1	0	176
14373	175	1	0	1	0	177
14374	173	0	1	0	0	174
14375	173	0	0	1	0	174
14376	1	180	1	0	0	182
14377	0	1	0	179	0	180
14378	0	0	0	181	0	181
14379	1	0	0	157	0	158
14380	178	0	0	1	0	179
14381	174	1	0	0	0	175
14382	1	0	0	177	0	178
14383	0	0	207	1	0	208
14384	0	0	1	202	0	203
14385	0	0	0	207	0	207
14386	0	0	0	207	0	207
14387	0	0	1	207	0	208
14388	209	0	1	1	0	211
14389	1	0	0	213	0	214
14390	0	0	0	211	0	211
14391	0	215	1	1	0	217
14392	1	0	0	218	0	219
14393	0	226	0	0	0	226
14394	1	1	0	226	0	228
14395	227	0	1	1	0	229
14396	2	232	0	0	0	234
14397	233	1	0	1	0	235
14398	1	0	236	0	0	237
14399	0	1	1	231	0	233
14400	1	0	242	1	0	244
14401	0	0	1	246	0	247
14402	0	2	0	237	0	239
14403	0	241	0	1	0	242
14404	0	245	0	1	0	246
14405	0	257	1	0	0	258
14406	257	2	0	0	0	259
14407	1	252	0	0	0	253
14408	0	250	0	1	0	251
14409	2	0	0	257	0	259
14410	252	0	1	0	0	253
14411	0	268	0	3	0	271
14412	277	0	1	0	0	278
14413	274	2	0	1	0	277
14414	1	0	295	0	0	296
14415	1	0	0	287	0	288
14416	1	0	0	297	0	298
14417	0	1	0	296	0	297
14418	0	0	0	294	0	294
14419	0	0	285	1	0	286
14420	0	0	266	1	0	267
14421	272	0	0	0	0	272
14422	3	278	0	1	0	282
14423	0	290	0	1	0	291
14424	289	0	1	0	0	290
14425	0	291	0	1	0	292
14426	0	0	0	294	0	294
14427	291	0	0	3	0	294
14428	0	0	293	1	0	294
14429	1	0	0	299	0	300
14430	0	0	303	0	0	303
14431	302	0	0	0	0	302
14432	0	0	335	0	0	335
14433	347	0	0	0	0	347
14434	359	0	0	0	0	359
14435	357	0	0	0	0	357
14436	357	0	0	0	0	357
14437	355	0	0	1	0	356
14438	0	0	0	357	0	357
14439	374	0	0	0	0	374
14440	0	0	0	378	0	378
14441	0	0	0	376	0	376
14442	0	0	0	382	0	382
14443	0	0	387	0	0	387
14444	0	0	0	385	0	385
14445	0	0	0	394	0	394
14446	0	0	389	0	0	389
14447	372	0	0	0	0	372
14448	0	2	0	393	0	395
14449	0	1	399	0	0	400
14450	0	0	381	0	0	381
14451	0	0	0	386	0	386
14452	0	2	399	0	0	401
14453	0	0	0	401	0	401
14454	0	1	0	405	0	406
14455	0	408	0	0	0	408
14456	0	409	0	0	0	409
14457	413	0	0	0	0	413
14458	2	0	0	411	0	413
14459	0	0	0	409	0	409
14460	0	0	0	414	0	414
14461	0	0	422	0	0	422
14462	1	0	0	413	0	414
14463	422	0	0	1	0	423
14464	0	0	431	0	0	431
14465	0	0	0	444	0	444
14466	0	0	0	446	0	446
14467	0	0	0	446	0	446
14468	0	469	0	0	0	469
14469	478	0	0	0	0	478
14470	493	0	0	0	0	493
14471	0	492	0	1	0	493
14472	0	0	0	536	0	536
14473	0	0	534	0	0	534
14474	0	0	535	0	0	535
14475	563	0	0	1	0	564
14476	1	0	0	571	0	572
14477	602	0	0	1	0	603
14478	1	626	1	0	0	628
14479	0	631	0	1	0	632
14480	624	2	1	1	0	628
14481	1	647	2	0	0	650
14482	4	1	1	652	0	658
14483	1	1	0	629	0	631
14484	1	655	0	3	0	659
14485	658	3	0	2	0	663
14486	1	3	661	0	0	665
14487	647	1	1	1	0	650
14488	3	4	659	0	0	666
14489	640	1	2	3	0	646
14490	2	0	670	2	0	674
14491	2	662	3	1	0	668
14492	2	3	2	671	0	678
14493	665	1	1	2	0	669
14494	4	0	657	1	0	662
14495	2	1	655	0	0	658
14496	4	2	4	643	0	653
14497	3	0	662	3	0	668
14498	0	3	4	656	0	663
14499	2	1	3	649	0	655
14500	3	0	654	4	0	661
14501	2	0	6	648	0	656
14502	668	0	5	6	0	679
14503	3	665	5	4	0	677
14504	674	3	3	1	0	681
14505	3	3	2	663	0	671
14506	662	2	0	7	0	671
14507	679	3	2	4	0	688
14508	5	3	2	680	0	690
14509	4	686	1	6	0	697
14510	687	5	2	1	0	695
14511	6	4	662	3	0	675
14512	4	0	657	5	0	666
14513	656	4	5	3	0	668
14514	10	2	2	641	0	655
14515	6	1	653	5	0	665
14516	4	3	7	650	0	664
14517	654	3	4	3	0	664
14518	649	1	3	5	0	658
14519	656	0	5	3	0	664
14520	7	664	4	6	0	681
14521	5	3	3	678	0	689
14522	6	3	2	676	0	687
14523	675	2	4	9	0	690
14524	6	671	4	6	0	687
14525	669	3	1	7	0	680
14526	6	3	4	671	0	684
14527	670	2	3	6	0	681
14528	5	4	644	5	0	658
14529	4	644	3	7	0	658
14530	5	5	5	637	0	652
14531	7	650	0	6	0	663
14532	7	4	3	624	0	638
14533	623	5	1	4	0	633
14534	6	1	600	8	0	615
14535	596	5	5	5	0	611
14536	8	618	4	3	0	633
14537	6	3	4	637	0	650
14538	2	4	5	638	0	649
14539	620	3	3	6	0	632
14540	10	2	609	6	0	627
14541	2	2	10	622	0	636
14542	4	1	7	615	0	627
14543	6	2	1	602	0	611
14544	3	3	4	607	0	617
14545	601	1	2	16	0	620
14546	607	3	0	8	0	618
14547	7	2	606	5	0	620
14548	7	1	597	9	0	614
14549	609	1	4	8	0	622
14550	630	5	2	4	0	641
14551	6	3	1	626	0	636
14552	9	0	2	619	0	630
14553	613	4	2	7	0	626
14554	10	598	4	3	0	615
14555	3	4	7	607	0	621
14556	5	3	2	609	0	619
14557	8	2	597	5	0	612
14558	4	3	5	599	0	611
14559	4	2	604	10	0	620
14560	6	2	6	605	0	619
14561	600	3	5	7	0	615
14562	8	3	2	602	0	615
14563	4	1	595	10	0	610
14564	3	571	7	8	0	589
14565	8	4	3	595	0	610
14566	2	3	597	9	0	611
14567	3	595	7	10	0	615
14568	4	7	1	585	0	597
14569	4	2	571	8	0	585
14570	500	1	8	8	0	517
14571	6	555	3	5	0	569
14572	4	522	2	3	0	531
14573	2	529	3	2	0	536
14574	4	14	4	497	0	519
14575	3	3	519	4	0	529
14576	3	515	5	3	0	526
14577	8	12	4	480	0	504
14578	522	1	2	5	0	530
14579	5	2	2	704	0	713
14580	1	3	836	12	0	852
14581	1	836	13	5	0	855
14582	818	13	4	5	0	840
14583	12	829	2	2	0	845
14584	4	14	802	1	0	821
14585	1	799	15	2	0	817
14586	0	16	5	800	0	821
14587	2	6	791	13	0	812
14588	2	791	15	4	0	812
14589	4	16	4	775	0	799
14590	4	6	2	775	0	787
14591	2	779	3	14	0	798
14592	0	15	3	783	0	801
14593	2	6	777	14	0	799
14594	0	7	779	8	0	794
14595	3	1	20	778	0	802
14596	774	8	5	17	0	804
14597	774	2	4	10	0	790
14598	14	6	1	759	0	780
14599	5	757	2	17	0	781
14600	4	12	7	767	0	790
14601	757	6	5	19	0	787
14602	15	2	6	760	0	783
14603	8	1	3	762	0	774
14604	744	4	1	19	0	768
14605	18	740	1	11	0	770
14606	5	14	3	741	0	763
14607	725	6	4	18	0	753
14608	14	3	713	12	0	742
14609	716	1	12	9	0	738
14610	20	1	4	723	0	748
14611	723	4	1	20	0	748
14612	733	3	0	7	0	743
14613	694	5	1	10	0	710
14614	20	717	1	5	0	743
14615	9	11	712	6	0	738
14616	5	718	16	6	0	745
14617	718	12	5	6	0	741
14618	17	714	0	8	0	739
14619	15	14	1	716	0	746
14620	699	5	0	12	0	716
14621	15	690	8	7	0	720
14622	8	18	699	1	0	726
14623	6	6	14	697	0	723
14624	9	8	698	12	0	727
14625	8	696	13	7	0	724
14626	7	16	4	693	0	720
14627	4	11	3	705	0	723
14628	7	6	6	707	0	726
14629	2	8	2	694	0	706
14630	4	688	8	19	0	719
14631	678	20	6	11	0	715
14632	14	9	683	9	0	715
14633	9	7	14	683	0	713
14634	681	5	6	23	0	715
14635	15	1	687	14	0	717
14636	5	666	13	10	0	694
14637	8	14	5	662	0	689
14638	4	10	657	16	0	687
14639	5	659	15	11	0	690
14640	646	15	4	14	0	679
14641	15	654	4	12	0	685
14642	10	15	4	662	0	691
14643	3	9	6	673	0	691
14644	654	7	4	22	0	687
14645	15	657	8	9	0	689
14646	5	17	7	659	0	688
14647	644	9	2	18	0	673
14648	636	6	6	9	0	657
14649	17	630	6	7	0	660
14650	623	17	2	12	0	654
14651	637	7	3	11	0	658
14652	22	7	3	628	0	660
14653	12	11	616	16	0	655
14654	9	8	11	621	0	649
14655	8	3	8	627	0	646
14656	8	8	611	21	0	648
14657	12	600	10	12	0	634
14658	11	18	6	600	0	635
14659	10	4	4	614	0	632
14660	6	4	3	626	0	639
14661	6	4	5	613	0	628
14662	5	599	6	21	0	631
14663	607	11	6	15	0	639
14664	606	8	7	7	0	628
14665	587	6	2	15	0	610
14666	18	573	4	14	0	609
14667	5	16	1	580	0	602
14668	4	6	565	26	0	601
14669	6	10	15	566	0	597
14670	5	577	6	18	0	606
14671	562	13	1	9	0	585
14672	562	5	2	7	0	576
14673	559	8	3	6	0	576
14674	22	525	2	10	0	559
14675	7	515	5	7	0	534
14676	6	527	6	4	0	543
14677	8	16	512	7	0	543
14678	8	19	450	6	0	483
14679	15	63	9	193	0	280
14680	121	2	9	3	0	135
14681	120	0	0	1	0	121
14682	0	0	0	122	0	122
14683	0	0	0	118	0	118
14684	0	0	0	121	0	121
14685	0	0	0	121	0	121
14686	119	0	0	0	0	119
14687	121	0	0	1	0	122
14688	0	132	0	0	0	132
14689	135	0	0	0	0	135
14690	138	0	0	0	0	138
14691	141	0	0	0	0	141
14692	1	0	126	0	0	127
14693	135	0	0	0	0	135
14694	0	136	0	0	0	136
14695	1	2	0	138	0	141
14696	1	1	1	142	0	145
14697	0	142	3	1	0	146
14698	0	1	1	150	0	152
14699	151	0	0	2	0	153
14700	3	0	0	151	0	154
14701	1	0	149	2	0	152
14702	146	0	1	2	0	149
14703	1	152	1	2	0	156
14704	0	1	0	151	0	152
14705	1	0	0	152	0	153
14706	1	0	0	154	0	155
14707	0	1	151	1	0	153
14708	0	150	1	0	0	151
14709	2	1	0	146	0	149
14710	2	0	137	1	0	140
14711	1	0	2	138	0	141
14712	0	0	140	1	0	141
14713	1	1	1	141	0	144
14714	0	138	0	2	0	140
14715	0	1	0	137	0	138
14716	134	1	0	2	0	137
14717	133	1	0	1	0	135
14718	2	0	136	1	0	139
14719	1	0	128	1	0	130
14720	0	0	150	1	0	151
14721	1	0	3	154	0	158
14722	1	1	0	159	0	161
14723	0	1	0	159	0	160
14724	0	159	0	4	0	163
14725	1	2	0	160	0	163
14726	0	0	1	168	0	169
14727	0	1	1	166	0	168
14728	168	1	0	3	0	172
14729	169	0	1	1	0	171
14730	2	0	169	1	0	172
14731	0	0	163	1	0	164
14732	171	0	3	1	0	175
14733	176	1	0	1	0	178
14734	2	1	173	1	0	177
14735	1	0	168	1	0	170
14736	172	0	2	0	0	174
14737	173	0	1	0	0	174
14738	2	0	170	0	0	172
14739	1	0	4	168	0	173
14740	0	0	1	176	0	177
14741	0	176	0	4	0	180
14742	0	2	0	181	0	183
14743	0	1	193	3	0	197
14744	0	1	2	190	0	193
14745	0	0	0	199	0	199
14746	0	0	191	3	0	194
14747	193	0	2	1	0	196
14748	200	0	0	0	0	200
14749	4	0	1	197	0	202
14750	0	0	2	201	0	203
14751	197	0	1	2	0	200
14752	202	0	0	0	0	202
14753	192	0	1	0	0	193
14754	201	0	2	0	0	203
14755	2	199	1	0	0	202
14756	196	2	0	0	0	198
14757	1	195	1	1	0	198
14758	0	2	1	198	0	201
14759	0	0	0	195	0	195
14760	0	192	0	3	0	195
14761	0	4	0	195	0	199
14762	0	0	1	193	0	194
14763	0	188	1	3	0	192
14764	0	2	0	192	0	194
14765	0	0	1	191	0	192
14766	1	0	1	189	0	191
14767	2	0	184	2	0	188
14768	1	183	2	1	0	187
14769	0	2	0	179	0	181
14770	0	181	0	3	0	184
14771	178	2	0	0	0	180
14772	3	0	175	0	0	178
14773	1	1	167	0	0	169
14774	168	1	2	0	0	171
14775	2	0	0	169	0	171
14776	0	0	165	1	0	166
14777	0	0	165	0	0	165
14778	0	1	2	161	0	164
14779	159	0	0	2	0	161
14780	160	0	0	0	0	160
14781	2	1	1	156	0	160
14782	0	0	157	4	0	161
14783	1	157	2	1	0	161
14784	1	4	0	159	0	164
14785	0	0	160	3	0	163
14786	0	157	4	0	0	161
14787	1	3	1	156	0	161
14788	151	0	0	4	0	155
14789	2	0	1	143	0	146
14790	1	147	0	2	0	150
14791	147	3	0	0	0	150
14792	2	0	154	2	0	158
14793	0	149	2	2	0	153
14794	1	2	153	1	0	157
14795	146	0	2	0	0	148
14796	3	0	0	143	0	146
14797	2	0	2	139	0	143
14798	140	1	1	2	0	144
14799	3	0	0	140	0	143
14800	2	1	137	1	0	141
14801	128	0	3	0	0	131
14802	2	138	1	1	0	142
14803	1	2	0	137	0	140
14804	138	0	0	3	0	141
14805	1	135	1	0	0	137
14806	1	2	0	138	0	141
14807	141	0	0	3	0	144
14808	2	1	0	141	0	144
14809	0	141	0	3	0	144
14810	2	1	142	0	0	145
14811	0	2	1	151	0	154
14812	1	0	1	141	0	143
14813	147	1	0	1	0	149
14814	2	0	0	150	0	152
14815	150	0	1	2	0	153
14816	148	0	1	1	0	150
14817	2	1	0	148	0	151
14818	0	142	0	2	0	144
14819	0	1	1	145	0	147
14820	125	0	1	2	0	128
14821	0	130	1	1	0	132
14822	0	125	1	0	0	126
14823	133	0	0	0	0	133
14824	133	1	0	1	0	135
14825	1	135	1	0	0	137
14826	129	1	1	0	0	131
14827	130	0	1	1	0	132
14828	2	0	1	132	0	135
14829	0	1	139	2	0	142
14830	0	0	2	139	0	141
14831	1	0	142	1	0	144
14832	0	1	1	140	0	142
14833	1	2	135	0	0	138
14834	142	1	0	0	0	143
14835	1	0	0	143	0	144
14836	145	0	1	1	0	147
14837	1	2	0	142	0	145
14838	0	150	0	1	0	151
14839	152	2	1	0	0	155
14840	2	1	147	0	0	150
14841	145	0	1	1	0	147
14842	3	143	0	1	0	147
14843	129	1	1	1	0	132
14844	132	1	0	1	0	134
14845	2	129	1	0	0	132
14846	0	2	0	139	0	141
14847	139	0	1	1	0	141
14848	2	136	0	0	0	138
14849	1	0	0	138	0	139
14850	141	0	0	1	0	142
14851	1	1	0	140	0	142
14852	0	0	0	145	0	145
14853	2	0	0	143	0	145
14854	0	1	140	1	0	142
14855	1	0	1	141	0	143
14856	143	0	0	1	0	144
14857	3	0	142	1	0	146
14858	3	0	1	143	0	147
14859	0	1	0	150	0	151
14860	0	0	150	2	0	152
14861	145	0	1	2	0	148
14862	153	0	1	0	0	154
14863	1	0	161	2	0	164
14864	1	0	2	157	0	160
14865	1	0	0	167	0	168
14866	0	0	172	3	0	175
14867	2	0	1	174	0	177
14868	1	0	1	173	0	175
14869	0	1	183	2	0	186
14870	180	0	1	1	0	182
14871	1	0	2	185	0	188
14872	185	0	1	2	0	188
14873	188	0	0	2	0	190
14874	3	1	188	1	0	193
14875	2	0	3	189	0	194
14876	191	1	0	2	0	194
14877	1	190	1	3	0	195
14878	2	1	1	194	0	198
14879	1	0	0	204	0	205
14880	0	0	2	205	0	207
14881	1	0	205	3	0	209
14882	190	0	1	2	0	193
14883	1	1	1	201	0	204
14884	2	0	0	201	0	203
14885	1	0	197	3	0	201
14886	1	1	1	197	0	200
14887	2	0	1	198	0	201
14888	196	0	2	1	0	199
14889	1	193	0	4	0	198
14890	1	1	186	1	0	189
14891	189	1	3	1	0	194
14892	2	0	0	185	0	187
14893	1	0	184	3	0	188
14894	2	0	183	1	0	186
14895	0	1	2	187	0	190
14896	1	0	199	2	0	202
14897	1	0	200	1	0	202
14898	0	191	1	4	0	196
14899	0	1	2	208	0	211
14900	1	0	208	2	0	211
14901	1	1	1	204	0	207
14902	208	0	2	2	0	212
14903	3	1	1	209	0	214
14904	1	0	1	216	0	218
14905	213	0	2	2	0	217
14906	219	0	2	2	0	223
14907	2	0	1	222	0	225
14908	1	1	228	2	0	232
14909	0	226	3	3	0	232
14910	0	1	1	228	0	230
14911	223	0	1	5	0	229
14912	228	0	2	0	0	230
14913	3	224	0	3	0	230
14914	0	225	2	1	0	228
14915	228	2	0	4	0	234
14916	233	0	1	2	0	236
14917	4	0	235	2	0	241
14918	2	0	1	232	0	235
14919	2	239	1	3	0	245
14920	258	3	1	0	0	262
14921	5	0	1	254	0	260
14922	2	255	1	2	0	260
14923	1	2	255	1	0	259
14924	1	1	4	243	0	249
14925	0	276	1	1	0	278
14926	274	2	0	1	0	277
14927	275	0	0	0	0	275
14928	3	268	0	0	0	271
14929	266	1	4	0	0	271
14930	264	0	0	2	0	266
14931	1	265	0	1	0	267
14932	3	260	1	0	0	264
14933	2	1	0	265	0	268
14934	264	2	0	3	0	269
14935	2	0	283	0	0	285
14936	272	0	5	1	0	278
14937	1	288	0	1	0	290
14938	292	1	0	0	0	293
14939	291	0	0	0	0	291
14940	293	0	1	0	0	294
14941	3	0	0	290	0	293
14942	2	292	0	2	0	296
14943	296	4	0	1	0	301
14944	2	1	296	1	0	300
14945	0	303	1	2	0	306
14946	1	2	0	310	0	313
14947	0	1	303	2	0	306
14948	1	1	300	0	0	302
14949	0	1	2	300	0	303
14950	2	0	0	324	0	326
14951	1	0	1	324	0	326
14952	1	0	0	321	0	322
14953	0	309	0	3	0	312
14954	1	322	0	0	0	323
14955	321	1	0	0	0	322
14956	2	0	2	323	0	327
14957	1	1	0	330	0	332
14958	0	0	0	331	0	331
14959	326	0	2	1	0	329
14960	330	0	2	0	0	332
14961	2	0	0	324	0	326
14962	324	0	0	3	0	327
14963	318	0	0	0	0	318
14964	324	0	0	0	0	324
14965	2	0	0	319	0	321
14966	0	0	301	2	0	303
14967	0	0	276	0	0	276
14968	0	0	303	0	0	303
14969	0	2	309	0	0	311
14970	1	0	0	312	0	313
14971	317	0	0	2	0	319
14972	315	0	0	0	0	315
14973	2	1	313	0	0	316
14974	0	0	308	1	0	309
14975	0	328	1	0	0	329
14976	1	2	0	334	0	337
14977	339	0	0	2	0	341
14978	2	0	333	0	0	335
14979	317	0	2	1	0	320
14980	2	346	1	0	0	349
14981	0	2	0	351	0	353
14982	0	0	0	364	0	364
14983	0	0	0	357	0	357
14984	362	0	0	3	0	365
14985	2	0	0	365	0	367
14986	0	0	0	368	0	368
14987	365	0	0	3	0	368
14988	2	0	0	364	0	366
14989	0	1	369	2	0	372
14990	372	0	2	0	0	374
14991	2	0	0	376	0	378
14992	0	0	1	365	0	366
14993	1	371	0	2	0	374
14994	377	1	0	2	0	380
14995	384	0	0	1	0	385
14996	2	1	0	373	0	376
14997	1	1	377	2	0	381
14998	361	0	2	0	0	363
14999	2	0	382	1	0	385
15000	0	0	2	376	0	378
15001	3	0	1	383	0	387
15002	384	0	1	4	0	389
15003	4	0	0	396	0	400
15004	1	1	392	5	0	399
15005	388	0	4	3	0	395
15006	5	0	424	1	0	430
15007	0	0	423	1	0	424
15008	429	1	4	1	0	435
15009	6	0	1	448	0	455
15010	0	460	2	2	0	464
15011	465	5	1	0	0	471
15012	460	0	0	2	0	462
15013	5	1	461	0	0	467
15014	455	0	5	1	0	461
15015	5	0	1	465	0	471
15016	1	0	479	5	0	485
15017	3	465	4	2	0	474
15018	470	6	0	3	0	479
15019	5	474	1	1	0	481
15020	2	9	0	456	0	467
15021	3	0	1	465	0	469
15022	2	1	0	458	0	461
15023	2	0	0	447	0	449
15024	0	445	1	6	0	452
15025	1	5	422	1	0	429
15026	2	425	5	1	0	433
15027	425	6	1	1	0	433
15028	5	0	1	430	0	436
15029	431	1	0	5	0	437
15030	8	0	0	435	0	443
15031	444	0	1	8	0	453
15032	6	453	2	0	0	461
15033	453	6	2	1	0	462
15034	470	1	1	1	0	473
15035	456	1	1	1	0	459
15036	450	0	1	2	0	453
15037	8	451	0	0	0	459
15038	1	4	443	1	0	449
15039	2	0	4	444	0	450
15040	444	2	0	6	0	452
15041	460	0	1	1	0	462
15042	6	0	0	469	0	475
15043	2	0	486	6	0	494
15044	2	0	5	479	0	486
15045	1	487	0	5	0	493
15046	497	5	2	1	0	505
15047	5	0	0	499	0	504
15048	2	498	0	5	0	505
15049	2	511	0	0	0	513
15050	0	518	0	2	0	520
15051	1	5	1	530	0	537
15052	527	1	0	6	0	534
15053	4	542	0	0	0	546
15054	1	5	0	554	0	560
15055	554	0	0	6	0	560
15056	6	3	1	546	0	556
15057	544	1	0	9	0	554
15058	549	0	0	0	0	549
15059	5	575	0	4	0	584
15060	4	5	0	559	0	568
15061	3	574	1	1	0	579
15062	573	6	2	2	0	583
15063	583	0	0	2	0	585
15064	586	2	0	4	0	592
15065	10	0	1	590	0	601
15066	4	3	591	5	0	603
15067	575	1	5	1	0	582
15068	586	1	1	6	0	594
15069	6	2	2	575	0	585
15070	4	588	0	7	0	599
15071	4	6	1	594	0	605
15072	2	1	0	598	0	601
15073	594	1	0	7	0	602
15074	585	3	2	2	0	592
15075	6	1	576	4	0	587
15076	6	0	4	573	0	583
15077	585	0	0	9	0	594
15078	8	2	2	586	0	598
15079	1	1	585	11	0	598
15080	4	549	9	1	0	563
15081	2	585	0	3	0	590
15082	663	12	2	1	0	678
15083	13	2	1	709	0	725
15084	3	1	0	822	0	826
15085	819	0	0	17	0	836
15086	20	0	815	3	0	838
15087	1	1	20	819	0	841
15088	4	0	818	19	0	841
15089	4	823	17	2	0	846
15090	848	16	1	6	0	871
15091	871	1	2	7	0	881
15092	877	2	4	3	0	886
15093	22	3	845	7	0	877
15094	859	2	20	4	0	885
15095	886	2	1	2	0	891
15096	21	0	6	865	0	892
15097	754	7	3	31	0	795
15098	21	3	842	0	0	866
15099	836	3	18	4	0	861
15100	27	1	834	3	0	865
15101	8	859	21	0	0	888
15102	7	19	4	818	0	848
15103	9	849	4	15	0	877
15104	6	17	853	2	0	878
15105	7	857	14	4	0	882
15106	826	17	5	2	0	850
15107	18	800	4	1	0	823
15108	2	808	4	4	0	818
15109	5	17	775	3	0	800
15110	3	5	18	772	0	798
15111	780	7	1	15	0	803
15112	19	2	771	2	0	794
15113	2	781	17	2	0	802
15114	3	16	3	772	0	794
15115	3	1	778	16	0	798
15116	5	5	766	3	0	779
15117	3	5	15	775	0	798
15118	1	4	786	18	0	809
15119	5	4	20	735	0	764
15120	4	756	5	16	0	781
15121	3	14	7	767	0	791
15122	1	769	8	17	0	795
15123	2	20	1	778	0	801
15124	771	3	6	18	0	798
15125	17	2	5	761	0	785
15126	4	768	4	18	0	794
15127	3	15	3	781	0	802
15128	5	6	774	17	0	802
15129	3	5	15	772	0	795
15130	770	6	1	21	0	798
15131	17	1	752	8	0	778
15132	4	4	15	750	0	773
15133	743	0	2	19	0	764
15134	17	734	6	5	0	762
15135	2	17	4	740	0	763
15136	736	3	1	16	0	756
15137	17	4	4	733	0	758
15138	3	2	734	19	0	758
15139	719	5	13	4	0	741
15140	19	721	2	7	0	749
15141	3	748	7	6	0	764
15142	732	15	3	3	0	753
15143	722	5	2	5	0	734
15144	17	7	4	705	0	733
15145	708	2	1	18	0	729
15146	21	3	693	3	0	720
15147	697	5	17	6	0	725
15148	18	697	2	6	0	723
15149	696	12	5	1	0	714
15150	16	3	687	5	0	711
15151	8	7	14	686	0	715
15152	5	3	4	697	0	709
15153	9	1	2	657	0	669
15154	4	671	3	16	0	694
15155	674	14	2	6	0	696
15156	15	3	6	635	0	659
15157	6	651	1	20	0	678
15158	697	16	2	2	0	717
15159	674	1	3	9	0	687
15160	688	7	2	4	0	701
15161	693	1	1	6	0	701
15162	684	1	5	6	0	696
15163	17	3	3	668	0	691
15164	8	6	1	669	0	684
15165	661	3	3	14	0	681
15166	16	2	3	658	0	679
15167	7	6	1	665	0	679
15168	9	3	634	15	0	661
15169	648	5	12	5	0	670
15170	655	2	1	7	0	665
15171	659	4	2	6	0	671
15172	16	1	4	627	0	648
15173	6	632	1	19	0	658
15174	688	15	4	5	0	712
15175	679	4	4	4	0	691
15176	17	4	3	744	0	768
15177	741	3	2	18	0	764
15178	20	9	616	8	0	653
15179	8	731	14	5	0	758
15180	14	762	5	6	0	787
15181	12	15	749	2	0	778
15182	1	644	15	4	0	664
15183	7	607	3	3	0	620
15184	495	4	7	1	0	507
15185	4	485	0	0	0	489
15186	2	4	0	493	0	499
15187	510	1	0	3	0	514
15188	3	2	491	2	0	498
15189	488	1	4	3	0	496
15190	6	0	483	1	0	490
15191	1	0	489	0	0	490
15192	485	0	5	1	0	491
15193	5	0	494	0	0	499
15194	1	489	7	1	0	498
15195	3	4	1	488	0	496
15196	488	1	2	4	0	495
15197	3	485	0	1	0	489
15198	1	4	0	493	0	498
15199	3	1	487	4	0	495
15200	0	2	3	490	0	495
15201	472	0	2	7	0	481
15202	6	0	472	1	0	479
15203	1	2	4	464	0	471
15204	464	2	1	4	0	471
15205	471	0	2	2	0	475
15206	6	0	0	471	0	477
15207	3	2	0	469	0	474
15208	5	0	484	5	0	494
15209	1	0	481	3	0	485
15210	479	0	5	2	0	486
15211	496	1	3	0	0	500
15212	6	490	4	0	0	500
15213	492	3	0	0	0	495
15214	504	2	0	3	0	509
15215	7	2	532	1	0	542
15216	3	538	4	1	0	546
15217	554	5	2	1	0	562
15218	541	2	2	1	0	546
15219	560	2	0	2	0	564
15220	8	0	1	545	0	554
15221	6	0	0	552	0	558
15222	4	549	0	7	0	560
15223	3	6	0	556	0	565
15224	557	3	0	7	0	567
15225	9	1	0	560	0	570
15226	2	0	549	10	0	561
15227	3	1	534	2	0	540
15228	3	1	6	546	0	556
15229	2	0	554	7	0	563
15230	2	0	544	3	0	549
15231	5	0	7	547	0	559
15232	2	0	3	565	0	570
15233	1	0	560	9	0	570
15234	1	1	564	4	0	570
15235	2	564	6	4	0	576
15236	570	5	3	1	0	579
15237	7	572	2	2	0	583
15238	568	7	0	1	0	576
15239	581	2	1	0	0	584
15240	8	576	0	1	0	585
15241	570	7	1	0	0	578
15242	7	1	1	564	0	573
15243	1	3	569	8	0	581
15244	3	2	7	565	0	577
15245	0	0	2	577	0	579
15246	556	0	3	8	0	567
15247	560	1	0	3	0	564
15248	557	0	0	2	0	559
15249	556	1	0	0	0	557
15250	531	2	0	0	0	533
15251	12	518	0	0	0	530
15252	2	7	0	526	0	535
15253	3	1	533	7	0	544
15254	0	5	7	524	0	536
15255	1	0	2	527	0	530
15256	2	0	2	554	0	558
15257	592	0	0	12	0	604
15258	11	0	0	580	0	591
15259	604	0	0	13	0	617
15260	13	0	618	2	0	633
15261	3	0	10	749	0	762
15262	4	1	784	14	0	803
15263	793	1	15	3	0	812
15264	16	0	3	796	0	815
15265	2	0	803	17	0	822
15266	4	0	14	811	0	829
15267	810	1	3	17	0	831
15268	15	1	810	5	0	831
15269	826	0	10	3	0	839
15270	849	0	2	3	0	854
15271	837	0	3	1	0	841
15272	836	0	4	0	0	840
15273	17	814	0	3	0	834
15274	5	782	1	2	0	790
15275	5	770	3	0	0	778
15276	3	14	1	683	0	701
15277	1	703	1	9	0	714
15278	692	11	2	3	0	708
15279	13	669	2	2	0	686
15280	4	689	2	1	0	696
15281	3	10	4	692	0	709
15282	2	4	1	701	0	708
15283	687	1	1	15	0	704
15284	16	1	0	689	0	706
15285	4	2	680	15	0	701
15286	4	3	660	1	0	668
15287	2	3	678	4	0	687
15288	4	1	13	669	0	687
15289	1	2	3	706	0	712
15290	5	2	682	13	0	702
15291	4	2	680	3	0	689
15292	3	3	686	2	0	694
15293	693	1	13	4	0	711
15294	11	3	2	694	0	710
15295	7	2	2	700	0	711
15296	691	2	1	17	0	711
15297	14	1	3	691	0	709
15298	2	682	5	13	0	702
15299	3	712	4	4	0	723
15300	3	14	3	706	0	726
15301	706	4	1	17	0	728
15302	711	1	2	7	0	721
15303	718	1	4	5	0	728
15304	17	1	4	703	0	725
15305	5	0	694	17	0	716
15306	3	1	17	695	0	716
15307	5	0	689	16	0	710
15308	674	1	16	5	0	696
15309	15	2	5	672	0	694
15310	659	1	3	17	0	680
15311	13	1	661	9	0	684
15312	641	2	18	2	0	663
15313	16	1	679	4	0	700
15314	6	654	13	5	0	678
15315	8	635	2	2	0	647
15316	624	13	4	6	0	647
15317	20	3	1	622	0	646
15318	4	2	625	13	0	644
15319	5	612	12	4	0	633
15320	1	630	4	2	0	637
15321	3	12	2	624	0	641
15322	632	4	3	13	0	652
15323	640	2	1	6	0	649
15324	14	628	2	4	0	648
15325	636	11	3	4	0	654
15326	13	1	5	634	0	653
15327	3	3	633	13	0	652
15328	5	635	14	3	0	657
15329	5	13	3	641	0	662
15330	4	1	3	648	0	656
15331	636	1	3	15	0	655
15332	13	2	625	5	0	645
15333	623	4	12	4	0	643
15334	630	3	6	3	0	642
15335	13	2	3	631	0	649
15336	6	3	0	642	0	651
15337	630	2	2	13	0	647
15338	17	1	1	631	0	650
15339	4	1	625	16	0	646
15340	5	2	621	4	0	632
15341	1	618	11	7	0	637
15342	2	652	3	5	0	662
15343	4	12	1	619	0	636
15344	4	623	2	12	0	641
15345	638	15	1	2	0	656
15346	14	630	3	2	0	649
15347	7	12	0	641	0	660
15348	4	2	4	650	0	660
15349	2	6	642	13	0	663
15350	5	2	11	644	0	662
15351	4	2	2	661	0	669
15352	4	657	4	17	0	682
15353	0	13	6	664	0	683
15354	4	3	4	679	0	690
15355	6	5	664	12	0	687
15356	1	652	13	10	0	676
15357	4	43	2	560	0	609
15358	6	599	2	7	0	614
15359	2	12	568	4	0	586
15360	4	537	10	5	0	556
15361	400	14	3	8	0	425
15362	381	0	3	4	0	388
15363	369	4	1	1	0	375
15364	6	367	1	4	0	378
15365	364	5	0	4	0	373
15366	7	1	0	360	0	368
15367	356	2	3	5	0	366
15368	7	341	0	2	0	350
15369	344	3	2	3	0	352
15370	372	1	0	3	0	376
15371	6	361	1	5	0	373
15372	6	8	357	0	0	371
15373	2	2	7	393	0	404
15374	1	2	423	7	0	433
15375	4	1	10	433	0	448
15376	0	3	2	466	0	471
15377	2	2	468	9	0	481
15378	1	1	9	476	0	487
15379	480	1	2	11	0	494
15380	11	0	479	4	0	494
15381	4	473	9	2	0	488
15382	2	10	3	465	0	480
15383	0	3	1	478	0	482
15384	2	2	470	11	0	485
15385	2	0	10	458	0	470
15386	0	465	2	9	0	476
15387	454	10	1	3	0	468
15388	9	456	0	2	0	467
15389	428	10	0	2	0	440
15390	8	423	1	0	0	432
15391	2	430	0	0	0	432
15392	2	12	413	0	0	427
15393	0	4	7	414	0	425
15394	1	1	2	412	0	416
15395	0	0	1	419	0	420
15396	0	443	1	11	0	455
15397	0	7	0	449	0	456
15398	441	2	0	10	0	453
15399	9	1	2	440	0	452
15400	436	0	0	12	0	448
15401	11	0	434	3	0	448
15402	436	0	10	1	0	447
15403	10	2	2	432	0	446
15404	3	0	0	459	0	462
15405	453	0	1	13	0	467
15406	10	1	459	3	0	473
15407	2	456	10	4	0	472
15408	2	10	1	465	0	478
15409	471	2	2	10	0	485
15410	478	2	0	3	0	483
15411	14	1	0	474	0	489
15412	5	2	469	9	0	485
15413	446	3	8	3	0	460
15414	11	0	446	1	0	458
15415	1	1	9	448	0	459
15416	1	1	452	13	0	467
15417	0	0	9	441	0	450
15418	0	3	422	12	0	437
15419	0	426	11	7	0	444
15420	3	10	1	402	0	416
15421	0	436	1	9	0	446
15422	429	11	0	4	0	444
15423	436	2	3	0	0	441
15424	15	1	420	1	0	437
15425	3	1	9	417	0	430
15426	419	0	3	13	0	435
15427	16	0	1	416	0	433
15428	2	0	4	424	0	430
15429	1	3	408	13	0	425
15430	402	1	9	7	0	419
15431	13	0	416	2	0	431
15432	6	2	10	412	0	430
15433	2	0	417	16	0	435
15434	414	0	15	3	0	432
15435	425	1	2	3	0	431
15436	419	1	5	3	0	428
15437	13	0	2	412	0	427
15438	3	1	402	11	0	417
15439	1	1	411	7	0	420
15440	0	0	10	400	0	410
15441	1	414	3	8	0	426
15442	400	9	1	6	0	416
15443	8	8	1	396	0	413
15444	8	3	392	9	0	412
15445	5	0	9	392	0	406
15446	2	3	404	10	0	419
15447	2	0	9	407	0	418
15448	4	2	411	12	0	429
15449	1	1	400	6	0	408
15450	0	402	10	7	0	419
15451	1	9	399	2	0	411
15452	3	3	394	4	0	404
15453	2	2	12	348	0	364
15454	1	1	2	380	0	384
15455	3	375	4	10	0	392
15456	380	8	3	4	0	395
15457	14	377	0	2	0	393
15458	6	7	2	372	0	387
15459	374	2	2	14	0	392
15460	12	1	4	371	0	388
15461	371	0	5	12	0	388
15462	10	2	1	378	0	391
15463	4	4	376	9	0	393
15464	5	1	9	381	0	396
15465	2	1	3	389	0	395
15466	381	1	4	13	0	399
15467	382	0	2	5	0	389
15468	384	0	3	8	0	395
15469	10	366	5	6	0	387
15470	4	361	4	4	0	373
15471	360	6	7	1	0	374
15472	6	6	362	5	0	379
15473	1	1	336	3	0	341
15474	2	25	8	280	0	315
15475	4	0	284	5	0	293
15476	2	2	263	2	0	269
15477	257	2	5	1	0	265
15478	261	0	1	1	0	263
15479	5	254	2	0	0	261
15480	0	258	1	4	0	263
15481	3	3	1	233	0	240
15482	0	251	2	5	0	258
15483	260	3	1	5	0	269
15484	3	1	3	261	0	268
15485	1	259	0	5	0	265
15486	272	3	1	1	0	277
15487	5	1	278	2	0	286
15488	4	0	281	0	0	285
15489	285	0	4	2	0	291
15490	5	1	287	2	0	295
15491	287	0	3	1	0	291
15492	7	0	1	283	0	291
15493	1	0	285	7	0	293
15494	0	273	6	6	0	285
15495	3	291	1	1	0	296
15496	253	2	1	2	0	258
15497	4	256	2	1	0	263
15498	259	2	1	3	0	265
15499	262	1	1	1	0	265
15500	6	254	0	2	0	262
15501	1	2	2	257	0	262
15502	2	0	272	2	0	276
15503	1	288	1	1	0	291
15504	0	9	2	285	0	296
15505	2	0	1	294	0	297
15506	289	1	2	0	0	292
15507	1	1	0	286	0	288
15508	0	0	284	2	0	286
15509	0	281	0	2	0	283
15510	2	0	0	284	0	286
15511	291	0	1	2	0	294
15512	297	1	2	0	0	300
15513	0	2	0	301	0	303
15514	319	0	0	3	0	322
15515	3	0	321	0	0	324
15516	4	0	0	321	0	325
15517	0	0	329	2	0	331
15518	2	1	0	365	0	368
15519	2	0	3	370	0	375
15520	3	0	0	370	0	373
15521	2	0	2	367	0	371
15522	0	0	0	370	0	370
15523	371	0	0	8	0	379
15524	373	0	2	5	0	380
15525	7	372	0	4	0	383
15526	378	3	2	4	0	387
15527	6	2	1	379	0	388
15528	4	0	1	386	0	391
15529	2	2	0	381	0	385
15530	3	1	383	7	0	394
15531	1	0	3	369	0	373
15532	2	378	3	6	0	389
15533	386	3	0	6	0	395
15534	382	4	3	2	0	391
15535	6	0	372	3	0	381
15536	3	377	4	2	0	386
15537	3	3	2	378	0	386
15538	3	4	383	6	0	396
15539	6	0	6	357	0	369
15540	0	369	2	9	0	380
15541	360	5	0	7	0	372
15542	7	362	3	2	0	374
15543	6	2	365	4	0	377
15544	0	3	359	3	0	365
15545	3	359	6	2	0	370
15546	2	366	2	5	0	375
15547	356	5	3	5	0	369
15548	350	4	2	5	0	361
15549	8	5	1	349	0	363
15550	5	2	345	7	0	359
15551	6	4	3	347	0	360
15552	4	1	4	347	0	356
15553	344	2	3	8	0	357
15554	347	2	3	5	0	357
15555	5	5	0	369	0	379
15556	6	0	371	12	0	389
15557	6	368	8	3	0	385
15558	372	6	3	5	0	386
15559	6	387	3	2	0	398
15560	5	9	1	395	0	410
15561	5	4	1	410	0	420
15562	6	2	2	405	0	415
15563	3	3	3	400	0	409
15564	391	1	0	17	0	409
15565	7	2	3	397	0	409
15566	5	384	2	10	0	401
15567	7	7	1	391	0	406
15568	379	6	2	11	0	398
15569	7	381	3	7	0	398
15570	3	10	1	386	0	400
15571	3	2	370	14	0	389
15572	369	3	7	8	0	387
15573	10	4	3	373	0	390
15574	5	0	368	15	0	388
15575	5	2	365	5	0	377
15576	6	3	8	366	0	383
15577	366	0	4	10	0	380
15578	364	4	5	7	0	380
15579	9	374	3	8	0	394
15580	379	7	2	9	0	397
15581	390	2	1	1	0	394
15582	383	5	1	8	0	397
15583	378	3	4	4	0	389
15584	13	1	4	369	0	387
15585	10	2	0	377	0	389
15586	8	1	358	13	0	380
15587	6	337	8	6	0	357
15588	0	351	3	9	0	363
15589	1	7	344	5	0	357
15590	332	4	6	3	0	345
15591	14	2	2	339	0	357
15592	344	6	2	8	0	360
15593	349	1	2	6	0	358
15594	11	1	337	5	0	354
15595	8	0	6	342	0	356
15596	346	2	2	9	0	359
15597	9	2	4	343	0	358
15598	3	1	339	12	0	355
15599	6	10	9	326	0	351
15600	3	340	2	9	0	354
15601	5	355	3	4	0	367
15602	1	10	333	2	0	346
15603	3	323	8	2	0	336
15604	307	9	5	5	0	326
15605	317	2	1	0	0	320
15606	12	2	0	306	0	320
15607	4	2	4	313	0	323
15608	3	0	1	319	0	323
15609	307	1	1	12	0	321
15610	8	310	0	7	0	325
15611	304	7	2	3	0	316
15612	303	4	1	2	0	310
15613	11	295	0	2	0	308
15614	276	9	0	1	0	286
15615	11	270	1	2	0	284
15616	270	10	0	1	0	281
15617	11	2	264	1	0	278
15618	215	1	8	2	0	226
15619	6	228	1	1	0	236
15620	3	4	2	229	0	238
15621	3	0	0	246	0	249
15622	2	3	1	246	0	252
15623	247	1	1	6	0	255
15624	5	0	1	254	0	260
15625	3	0	246	6	0	255
15626	249	1	3	0	0	253
15627	5	1	245	2	0	253
15628	1	1	5	243	0	250
15629	4	0	243	5	0	252
15630	2	0	6	239	0	247
15631	2	243	0	5	0	250
15632	0	6	2	243	0	251
15633	2	244	0	7	0	253
15634	1	6	2	243	0	252
15635	243	1	0	7	0	251
15636	5	3	1	252	0	261
15637	252	0	0	9	0	261
15638	7	1	239	1	0	248
15639	238	0	4	4	0	246
15640	245	2	1	1	0	249
15641	243	1	2	2	0	248
15642	7	0	1	236	0	244
15643	237	0	0	7	0	244
15644	7	1	221	1	0	230
15645	225	0	2	4	0	231
15646	8	1	227	0	0	236
15647	226	0	6	2	0	234
15648	8	1	0	231	0	240
15649	1	1	242	6	0	250
15650	4	0	5	240	0	249
15651	0	1	2	249	0	252
15652	3	0	243	4	0	250
15653	229	1	5	2	0	237
15654	5	245	0	4	0	254
15655	228	1	1	3	0	233
15656	2	232	1	1	0	236
15657	226	1	1	1	0	229
15658	2	1	221	1	0	225
15659	200	3	5	0	0	208
15660	3	202	0	0	0	205
15661	0	2	0	202	0	204
15662	1	0	0	207	0	208
15663	0	1	0	203	0	204
15664	1	0	206	1	0	208
15665	1	0	2	204	0	207
15666	1	0	222	1	0	224
15667	220	1	1	1	0	223
15668	231	0	0	1	0	232
15669	1	0	0	243	0	244
15670	0	0	248	2	0	250
15671	238	0	2	0	0	240
15672	1	0	307	1	0	309
15673	0	0	1	310	0	311
15674	1	0	0	314	0	315
15675	2	6	0	317	0	325
15676	0	0	0	330	0	330
15677	321	0	1	1	0	323
15678	1	324	0	0	0	325
15679	0	1	312	0	0	313
15680	0	312	1	1	0	314
15681	314	1	0	1	0	316
15682	1	0	0	312	0	313
15683	311	0	0	2	0	313
15684	2	0	0	309	0	311
15685	0	0	0	311	0	311
15686	0	0	1	308	0	309
15687	0	1	308	1	0	310
15688	1	312	1	0	0	314
15689	0	1	319	1	0	321
15690	1	0	1	317	0	319
15691	318	0	0	2	0	320
15692	315	0	0	1	0	316
15693	322	0	0	1	0	323
15694	1	320	1	0	0	322
15695	326	2	0	0	0	328
15696	1	0	0	324	0	325
15697	0	0	0	327	0	327
15698	1	0	0	324	0	325
15699	0	325	0	1	0	326
15700	1	1	0	306	0	308
15701	0	318	0	0	0	318
15702	316	1	0	0	0	317
15703	318	0	0	1	0	319
15704	1	0	0	317	0	318
15705	0	0	306	2	0	308
15706	311	1	1	1	0	314
15707	3	0	1	315	0	319
15708	0	1	309	2	0	312
15709	303	0	0	1	0	304
15710	2	0	0	309	0	311
15711	306	0	0	2	0	308
15712	1	305	1	0	0	307
15713	1	1	0	303	0	305
15714	0	329	1	1	0	331
15715	0	1	1	333	0	335
15716	3	336	1	0	0	340
15717	0	0	2	346	0	348
15718	2	0	344	0	0	346
15719	312	1	0	3	0	316
15720	0	349	0	2	0	351
15721	1	1	340	1	0	343
15722	334	2	1	1	0	338
15723	0	2	0	338	0	340
15724	0	0	346	0	0	346
15725	0	351	0	1	0	352
15726	1	0	2	352	0	355
15727	1	0	364	2	0	367
15728	1	0	0	368	0	369
15729	1	1	0	366	0	368
15730	1	1	383	0	0	385
15731	0	0	0	379	0	379
15732	0	0	383	1	0	384
15733	0	0	0	378	0	378
15734	0	1	406	0	0	407
15735	0	0	0	409	0	409
15736	0	1	0	407	0	408
15737	1	0	0	405	0	406
15738	1	408	0	1	0	410
15739	409	0	0	2	0	411
15740	408	0	1	0	0	409
15741	1	0	0	417	0	418
15742	421	0	0	1	0	422
15743	0	2	420	0	0	422
15744	1	438	0	2	0	441
15745	445	0	0	1	0	446
15746	1	444	0	0	0	445
15747	0	1	0	449	0	450
15748	0	0	0	451	0	451
15749	436	1	0	1	0	438
15750	0	0	1	425	0	426
15751	0	1	439	1	0	441
15752	0	438	0	2	0	440
15753	440	0	2	0	0	442
15754	2	0	0	435	0	437
15755	0	448	1	0	0	449
15756	2	0	1	442	0	445
15757	1	455	1	0	0	457
15758	453	0	0	1	0	454
15759	454	0	1	2	0	457
15760	0	1	450	1	0	452
15761	0	1	447	1	0	449
15762	1	0	1	454	0	456
15763	1	462	0	1	0	464
15764	0	0	0	464	0	464
15765	462	0	1	3	0	466
15766	0	1	456	1	0	458
15767	0	1	1	450	0	452
15768	1	0	451	0	0	452
15769	0	1	431	0	0	432
15770	1	462	0	1	0	464
15771	4	6	1	452	0	463
15772	406	0	0	1	0	407
15773	0	0	409	1	0	410
15774	0	411	1	0	0	412
15775	398	1	0	0	0	399
15776	1	0	0	401	0	402
15777	419	0	1	1	0	421
15778	421	1	0	1	0	423
15779	421	0	0	3	0	424
15780	0	1	437	0	0	438
15781	421	0	0	1	0	422
15782	439	0	0	0	0	439
15783	0	463	1	0	0	464
15784	0	0	1	472	0	473
15785	0	0	0	465	0	465
15786	0	0	0	472	0	472
15787	468	0	0	1	0	469
15788	453	0	1	0	0	454
15789	0	1	454	0	0	455
15790	2	0	0	462	0	464
15791	0	456	1	1	0	458
15792	461	0	1	1	0	463
15793	1	1	460	0	0	462
15794	1	0	0	458	0	459
15795	1	0	1	457	0	459
15796	0	450	1	1	0	452
15797	0	2	0	457	0	459
15798	2	0	0	450	0	452
15799	0	0	1	464	0	465
15800	466	0	0	1	0	467
15801	1	0	0	457	0	458
15802	1	1	0	456	0	458
15803	463	0	1	2	0	466
15804	1	0	0	468	0	469
15805	1	510	0	0	0	511
15806	532	6	0	2	0	540
15807	555	1	0	2	0	558
15808	575	0	0	2	0	577
15809	649	0	0	2	0	651
15810	11	703	0	1	0	715
15811	768	13	0	0	0	781
15812	781	2	1	1	0	785
15813	16	1	0	776	0	793
15814	4	1	751	14	0	770
15815	5	0	12	749	0	766
15816	4	0	1	758	0	763
15817	3	2	0	753	0	758
15818	3	1	1	747	0	752
15819	4	1	0	750	0	755
15820	723	0	0	18	0	741
15821	14	0	1	725	0	740
15822	2	0	727	18	0	747
15823	2	0	11	722	0	735
15824	1	733	1	19	0	754
15825	3	11	0	736	0	750
15826	3	0	730	15	0	748
15827	688	0	14	4	0	706
15828	718	2	2	2	0	724
15829	15	1	749	5	0	770
15830	3	747	15	1	0	766
15831	760	16	2	5	0	783
15832	771	2	2	4	0	779
15833	779	0	2	5	0	786
15834	755	2	1	2	0	760
15835	22	1	1	740	0	764
15836	7	2	741	18	0	768
15837	6	1	16	754	0	777
15838	5	2	3	781	0	791
15839	4	0	775	20	0	799
15840	4	3	780	3	0	790
15841	761	1	15	8	0	785
15842	18	766	4	6	0	794
15843	6	17	1	766	0	790
15844	3	3	748	22	0	776
15845	732	0	19	5	0	756
15846	19	4	749	4	0	776
15847	737	0	19	4	0	760
15848	21	752	3	2	0	778
15849	9	17	0	755	0	781
15850	5	3	747	19	0	774
15851	723	0	17	7	0	747
15852	20	735	7	1	0	763
15853	6	768	2	6	0	782
15854	1	15	4	757	0	777
15855	3	3	3	773	0	782
15856	789	3	3	22	0	817
15857	20	780	5	3	0	808
15858	6	18	2	794	0	820
15859	798	2	0	21	0	821
15860	810	2	4	7	0	823
15861	810	3	2	6	0	821
15862	22	0	809	6	0	837
15863	9	1	828	7	0	845
15864	875	3	16	7	0	901
15865	23	886	4	6	0	919
15866	6	898	4	7	0	915
15867	6	17	4	868	0	895
15868	4	881	2	19	0	906
15869	877	19	4	7	0	907
15870	22	5	7	860	0	894
15871	8	4	856	21	0	889
15872	860	3	18	6	0	887
15873	875	6	5	5	0	891
15874	22	3	2	862	0	889
15875	9	4	2	875	0	890
15876	9	4	3	875	0	891
15877	7	3	6	857	0	873
15878	6	3	825	24	0	858
15879	11	820	16	6	0	853
15880	8	19	5	783	0	815
15881	4	818	5	21	0	848
15882	8	21	3	776	0	808
15883	4	793	1	21	0	819
15884	784	19	1	8	0	812
15885	799	4	2	9	0	814
15886	23	786	3	7	0	819
15887	786	19	5	6	0	816
15888	25	4	5	782	0	816
15889	781	4	3	23	0	811
15890	20	775	2	11	0	808
15891	782	20	7	5	0	814
15892	799	4	3	5	0	811
15893	25	5	3	776	0	809
15894	6	8	763	20	0	797
15895	7	758	19	10	0	794
15896	6	20	7	773	0	806
15897	770	9	4	22	0	805
15898	23	3	771	7	0	804
15899	10	6	17	757	0	790
15900	10	4	2	778	0	794
15901	771	5	2	25	0	803
15902	781	2	5	8	0	796
15903	784	3	3	6	0	796
15904	23	751	2	6	0	782
15905	715	16	2	5	0	738
15906	14	4	685	5	0	708
15907	7	1	664	5	0	677
15908	6	2	656	4	0	668
15909	8	41	25	516	0	590
15910	2	2	515	9	0	528
15911	443	2	6	7	0	458
15912	6	3	0	454	0	463
15913	3	1	458	3	0	465
15914	456	2	3	3	0	464
15915	4	1	1	470	0	476
15916	6	1	0	477	0	484
15917	479	2	1	5	0	487
15918	5	2	2	493	0	502
15919	3	1	496	6	0	506
15920	3	1	4	504	0	512
15921	1	2	521	6	0	530
15922	3	0	5	520	0	528
15923	512	0	3	7	0	522
15924	6	485	1	5	0	497
15925	3	507	3	0	0	513
15926	4	7	0	498	0	509
15927	1	1	1	495	0	498
15928	1	492	1	8	0	502
15929	1	467	2	3	0	473
15930	0	6	1	460	0	467
15931	1	4	1	460	0	466
15932	452	1	1	5	0	459
15933	3	446	1	4	0	454
15934	4	433	1	3	0	441
15935	0	446	0	4	0	450
15936	427	4	3	1	0	435
15937	3	2	430	3	0	438
15938	420	0	4	1	0	425
15939	4	6	2	399	0	411
15940	3	390	0	6	0	399
15941	0	405	3	4	0	412
15942	400	3	1	2	0	406
15943	3	3	2	394	0	402
15944	2	414	0	3	0	419
15945	423	2	2	3	0	430
15946	429	2	0	5	0	436
15947	5	0	418	3	0	426
15948	420	2	5	0	0	427
15949	430	0	1	3	0	434
15950	6	1	1	419	0	427
15951	2	410	1	5	0	418
15952	3	418	2	4	0	427
15953	2	9	2	403	0	416
15954	398	1	2	5	0	406
15955	5	1	371	3	0	380
15956	3	1	352	2	0	358
15957	5	2	344	2	0	353
15958	10	1	338	1	0	350
15959	1	344	5	2	0	352
15960	2	343	3	1	0	349
15961	1	2	331	1	0	335
15962	4	3	320	2	0	329
15963	0	295	6	0	0	301
15964	2	2	0	250	0	254
15965	0	1	267	2	0	270
15966	1	1	2	259	0	263
15967	0	0	1	277	0	278
15968	0	0	1	284	0	285
15969	0	2	0	300	0	302
15970	0	0	300	3	0	303
15971	0	0	4	293	0	297
15972	297	0	0	4	0	301
15973	3	0	296	1	0	300
15974	300	0	4	1	0	305
15975	3	0	0	305	0	308
15976	0	0	309	3	0	312
15977	305	0	3	1	0	309
15978	4	0	0	310	0	314
15979	313	0	1	3	0	317
15980	4	0	0	312	0	316
15981	0	304	0	4	0	308
15982	0	3	316	1	0	320
15983	1	0	3	315	0	319
15984	319	0	0	5	0	324
15985	322	0	1	0	0	323
15986	319	0	0	2	0	321
15987	320	1	0	0	0	321
15988	317	0	1	0	0	318
15989	3	312	0	1	0	316
15990	317	3	0	1	0	321
15991	4	0	318	1	0	323
15992	319	0	3	0	0	322
15993	4	1	1	308	0	314
15994	1	0	313	4	0	318
15995	0	0	313	1	0	314
15996	2	0	3	321	0	326
15997	324	1	1	3	0	329
15998	4	316	1	0	0	321
15999	319	4	0	0	0	323
16000	4	322	1	0	0	327
16001	0	3	1	326	0	330
16002	1	0	0	331	0	332
16003	327	0	0	4	0	331
16004	4	1	0	324	0	329
16005	1	1	321	3	0	326
16006	321	0	3	0	0	324
16007	3	0	0	328	0	331
16008	0	0	0	328	0	328
16009	2	0	323	3	0	328
16010	306	0	3	1	0	310
16011	323	0	1	0	0	324
16012	5	316	0	0	0	321
16013	1	4	310	1	0	316
16014	1	0	312	2	0	315
16015	2	2	3	315	0	322
16016	0	2	2	308	0	312
16017	0	308	1	4	0	313
16018	1	2	294	0	0	297
16019	2	0	3	284	0	289
16020	0	2	283	2	0	287
16021	0	0	3	273	0	276
16022	0	285	1	2	0	288
16023	0	2	0	290	0	292
16024	0	1	0	293	0	294
16025	0	1	1	291	0	293
16026	286	0	1	3	0	290
16027	3	0	288	1	0	292
16028	0	291	4	1	0	296
16029	0	2	0	317	0	319
16030	326	1	0	2	0	329
16031	2	0	1	332	0	335
16032	333	0	0	4	0	337
16033	3	0	347	1	0	351
16034	347	0	2	1	0	350
16035	3	0	1	358	0	362
16036	0	1	352	3	0	356
16037	0	361	4	1	0	366
16038	1	3	0	360	0	364
16039	1	0	0	364	0	365
16040	361	0	0	4	0	365
16041	4	359	2	0	0	365
16042	2	359	0	0	0	361
16043	1	364	0	1	0	366
16044	350	3	1	0	0	354
16045	3	353	0	0	0	356
16046	0	2	1	346	0	349
16047	1	0	0	353	0	354
16048	350	0	0	4	0	354
16049	2	346	2	1	0	351
16050	0	3	1	357	0	361
16051	364	1	0	2	0	367
16052	367	0	0	0	0	367
16053	364	2	0	0	0	366
16054	3	361	1	1	0	366
16055	363	3	0	1	0	367
16056	3	0	0	365	0	368
16057	0	355	1	3	0	359
16058	1	358	0	1	0	360
16059	1	1	0	363	0	365
16060	360	0	1	2	0	363
16061	369	0	0	0	0	369
16062	2	1	0	355	0	358
16063	1	345	0	3	0	349
16064	350	2	1	1	0	354
16065	3	1	339	0	0	343
16066	1	1	327	0	0	329
16067	323	1	2	1	0	327
16068	2	1	324	0	0	327
16069	1	0	1	303	0	305
16070	299	0	3	3	0	305
16071	2	1	0	299	0	302
16072	1	0	297	1	0	299
16073	0	305	2	1	0	308
16074	0	1	2	307	0	310
16075	2	0	305	1	0	308
16076	300	0	2	0	0	302
16077	1	1	0	305	0	307
16078	1	0	304	1	0	306
16079	2	0	3	302	0	307
16080	1	296	1	3	0	301
16081	2	1	0	314	0	317
16082	0	2	1	308	0	311
16083	1	0	3	310	0	314
16084	1	310	1	2	0	314
16085	321	1	2	3	0	327
16086	0	1	1	326	0	328
16087	0	2	0	329	0	331
16088	0	1	1	332	0	334
16089	1	0	327	4	0	332
16090	0	1	1	330	0	332
16091	332	1	0	3	0	336
16092	1	337	1	0	0	339
16093	2	2	0	338	0	342
16094	0	1	0	345	0	346
16095	341	0	0	3	0	344
16096	2	340	0	3	0	345
16097	344	1	2	1	0	348
16098	342	2	1	1	0	346
16099	4	0	0	342	0	346
16100	342	1	0	2	0	345
16101	2	334	1	2	0	339
16102	334	2	0	2	0	338
16103	2	1	1	339	0	343
16104	375	1	0	2	0	378
16105	385	0	0	1	0	386
16106	4	2	378	1	0	385
16107	375	1	1	2	0	379
16108	391	0	0	2	0	393
16109	417	0	0	0	0	417
16110	7	1	431	0	0	439
16111	2	429	4	3	0	438
16112	3	5	2	430	0	440
16113	439	1	1	7	0	448
16114	4	429	2	1	0	436
16115	425	5	1	1	0	432
16116	8	2	0	427	0	437
16117	4	0	433	5	0	442
16118	458	0	3	3	0	464
16119	6	1	1	473	0	481
16120	3	0	470	6	0	479
16121	471	0	4	3	0	478
16122	7	2	479	1	0	489
16123	4	0	7	522	0	533
16124	4	1	4	538	0	547
16125	531	1	2	12	0	546
16126	538	0	0	6	0	544
16127	10	530	2	2	0	544
16128	531	9	1	2	0	543
16129	11	3	501	2	0	517
16130	3	0	506	1	0	510
16131	492	2	8	2	0	504
16132	9	500	3	2	0	514
16133	477	6	2	2	0	487
16134	9	477	2	0	0	488
16135	474	8	1	1	0	484
16136	11	1	1	471	0	484
16137	2	1	463	9	0	475
16138	2	0	8	470	0	480
16139	2	0	3	479	0	484
16140	474	2	1	8	0	485
16141	9	1	465	4	0	479
16142	466	1	8	1	0	476
16143	10	461	4	0	0	475
16144	461	6	1	1	0	469
16145	10	2	0	457	0	469
16146	4	2	449	6	0	461
16147	2	1	8	459	0	470
16148	456	1	2	8	0	467
16149	7	1	2	456	0	466
16150	5	0	1	445	0	451
16151	1	435	1	10	0	447
16152	2	7	0	441	0	450
16153	1	1	437	11	0	450
16154	2	1	10	441	0	454
16155	2	0	3	446	0	451
16156	438	1	1	11	0	451
16157	10	1	0	443	0	454
16158	4	0	433	10	0	447
16159	3	438	7	3	0	451
16160	0	8	3	445	0	456
16161	2	2	2	441	0	447
16162	436	0	0	11	0	447
16163	8	423	1	6	0	438
16164	3	8	1	435	0	447
16165	426	4	0	8	0	438
16166	434	1	1	4	0	440
16167	10	1	1	431	0	443
16168	3	2	424	10	0	439
16169	432	0	7	5	0	444
16170	10	0	2	452	0	464
16171	452	0	4	11	0	467
16172	458	1	1	5	0	465
16173	13	442	1	3	0	459
16174	450	8	1	3	0	462
16175	10	449	1	2	0	462
16176	5	9	3	450	0	467
16177	1	3	1	454	0	459
16178	3	436	3	13	0	455
16179	452	9	0	5	0	466
16180	452	4	1	5	0	462
16181	11	3	437	2	0	453
16182	12	0	432	0	0	444
16183	3	1	12	437	0	453
16184	431	0	6	11	0	448
16185	10	0	3	426	0	439
16186	5	3	1	435	0	444
16187	6	1	431	11	0	449
16188	3	4	432	4	0	443
16189	5	1	436	2	0	444
16190	420	4	13	3	0	440
16191	434	1	6	1	0	442
16192	13	413	2	4	0	432
16193	5	427	2	2	0	436
16194	3	10	1	430	0	444
16195	2	6	425	8	0	441
16196	418	1	6	6	0	431
16197	8	1	427	4	0	440
16198	5	2	9	423	0	439
16199	1	1	4	438	0	444
16200	2	0	4	438	0	444
16201	2	0	1	441	0	444
16202	431	0	3	13	0	447
16203	10	2	0	431	0	443
16204	5	1	400	10	0	416
16205	377	1	8	5	0	391
16206	7	2	382	3	0	394
16207	3	1	381	2	0	387
16208	3	371	12	4	0	390
16209	4	5	6	338	0	353
16210	332	4	4	6	0	346
16211	5	1	0	333	0	339
16212	4	0	327	6	0	337
16213	2	0	3	327	0	332
16214	319	0	1	7	0	327
16215	4	320	3	2	0	329
16216	313	5	0	2	0	320
16217	6	310	0	2	0	318
16218	298	6	2	0	0	306
16219	7	288	0	0	0	295
16220	2	285	1	2	0	290
16221	3	6	278	0	0	287
16222	1	271	5	2	0	279
16223	213	2	4	0	0	219
16224	2	2	1	206	0	211
16225	211	1	1	1	0	214
16226	3	211	1	2	0	217
16227	210	3	0	1	0	214
16228	3	2	209	1	0	215
16229	3	1	2	208	0	214
16230	1	214	2	3	0	220
16231	0	2	2	226	0	230
16232	0	2	0	228	0	230
16233	274	1	0	4	0	279
16234	2	281	0	3	0	286
16235	283	2	0	1	0	286
16236	3	3	283	0	0	289
16237	3	1	275	0	0	279
16238	1	281	5	0	0	287
16239	0	5	2	277	0	284
16240	0	2	279	3	0	284
16241	0	2	3	270	0	275
16242	1	0	2	291	0	294
16243	1	0	282	6	0	289
16244	2	0	282	3	0	287
16245	0	1	295	1	0	297
16246	1	0	303	0	0	304
16247	0	326	7	0	0	333
16248	1	4	3	329	0	337
16249	1	3	2	332	0	338
16250	0	1	335	8	0	344
16251	1	0	4	331	0	336
16252	1	0	352	5	0	358
16253	0	1	6	351	0	358
16254	2	0	2	350	0	354
16255	0	349	3	6	0	358
16256	0	5	1	358	0	364
16257	0	2	0	355	0	357
16258	0	1	0	364	0	365
16259	0	1	354	7	0	362
16260	0	349	4	5	0	358
16261	353	3	3	3	0	362
16262	353	2	2	1	0	358
16263	6	2	0	352	0	360
16264	5	2	1	348	0	356
16265	1	347	2	8	0	358
16266	349	3	0	4	0	356
16267	3	354	1	3	0	361
16268	345	5	1	3	0	354
16269	5	2	343	0	0	350
16270	328	1	6	3	0	338
16271	6	324	3	1	0	334
16272	1	5	2	327	0	335
16273	2	1	1	333	0	337
16274	1	331	0	6	0	338
16275	326	3	1	5	0	335
16276	4	2	1	333	0	340
16277	1	1	0	338	0	340
16278	336	0	2	7	0	345
16279	335	2	1	3	0	341
16280	7	1	331	3	0	342
16281	339	1	4	2	0	346
16282	6	0	1	340	0	347
16283	2	2	338	6	0	348
16284	2	3	4	339	0	348
16285	2	0	339	7	0	348
16286	0	2	330	3	0	335
16287	4	0	4	335	0	343
16288	1	1	339	5	0	346
16289	2	348	5	2	0	357
16290	2	5	1	346	0	354
16291	2	2	1	365	0	370
16292	1	1	359	6	0	367
16293	0	351	4	7	0	362
16294	356	5	1	2	0	364
16295	6	1	2	361	0	370
16296	373	3	0	7	0	383
16297	7	373	1	1	0	382
16298	3	5	377	1	0	386
16299	3	1	6	376	0	386
16300	379	2	3	6	0	390
16301	5	0	383	4	0	392
16302	370	2	6	2	0	380
16303	7	376	1	1	0	385
16304	2	374	1	2	0	379
16305	372	5	1	2	0	380
16306	3	1	0	376	0	380
16307	1	0	1	370	0	372
16308	1	380	0	6	0	387
16309	1	4	2	383	0	390
16310	1	1	1	387	0	390
16311	386	0	0	5	0	391
16312	4	1	0	384	0	389
16313	1	1	393	5	0	400
16314	1	1	5	392	0	399
16315	0	0	2	412	0	414
16316	0	0	416	7	0	423
16317	1	0	4	413	0	418
16318	404	1	2	5	0	412
16319	397	0	0	2	0	399
16320	400	0	0	0	0	400
16321	4	1	1	395	0	401
16322	1	1	403	4	0	409
16323	1	402	4	2	0	409
16324	0	3	0	409	0	412
16325	1	1	413	3	0	418
16326	0	1	3	406	0	410
16327	1	0	1	413	0	415
16328	412	0	0	4	0	416
16329	5	421	0	1	0	427
16330	0	3	403	1	0	407
16331	387	0	3	1	0	391
16332	3	403	0	1	0	407
16333	0	353	1	1	0	355
16334	363	3	3	1	0	370
16335	5	0	0	370	0	375
16336	1	0	404	4	0	409
16337	2	0	3	395	0	400
16338	0	397	0	5	0	402
16339	406	3	2	0	0	411
16340	3	1	0	410	0	414
16341	415	0	1	3	0	419
16342	2	0	2	415	0	419
16343	0	417	0	4	0	421
16344	436	2	0	1	0	439
16345	435	1	0	1	0	437
16346	2	431	0	1	0	434
16347	414	2	0	1	0	417
16348	2	1	0	408	0	411
16349	1	405	0	2	0	408
16350	404	2	0	1	0	407
16351	2	411	0	1	0	414
16352	399	2	0	3	0	404
16353	2	2	0	402	0	406
16354	400	0	1	2	0	403
16355	407	0	0	2	0	409
16356	401	0	0	0	0	401
16357	3	0	1	397	0	401
16358	2	0	0	403	0	405
16359	403	1	0	3	0	407
16360	2	2	409	1	0	414
16361	3	0	2	408	0	413
16362	0	413	1	3	0	417
16363	0	3	0	419	0	422
16364	0	2	0	424	0	426
16365	0	0	416	5	0	421
16366	0	0	3	457	0	460
16367	1	478	1	3	0	483
16368	0	6	0	494	0	500
16369	0	2	559	6	0	567
16370	0	0	7	561	0	568
16371	0	0	2	575	0	577
16372	570	0	0	9	0	579
16373	576	0	0	3	0	579
16374	9	3	0	562	0	574
16375	3	554	0	7	0	564
16376	2	567	0	2	0	571
16377	0	9	561	2	0	572
16378	2	2	7	557	0	568
16379	562	0	2	9	0	573
16380	8	3	1	565	0	577
16381	2	0	567	10	0	579
16382	1	0	9	563	0	573
16383	2	0	2	568	0	572
16384	0	0	1	584	0	585
16385	2	0	569	10	0	581
16386	2	568	7	3	0	580
16387	568	7	2	3	0	580
16388	568	3	1	0	0	572
16389	10	3	0	556	0	569
16390	3	0	553	8	0	564
16391	1	545	7	4	0	557
16392	3	10	2	541	0	556
16393	0	548	1	7	0	556
16394	0	560	2	1	0	563
16395	547	9	5	3	0	564
16396	7	3	539	2	0	551
16397	2	1	531	2	0	536
16398	2	2	9	530	0	543
16399	1	2	3	546	0	552
16400	2	0	541	8	0	551
16401	3	0	5	531	0	539
16402	0	0	539	9	0	548
16403	521	0	9	2	0	532
16404	7	3	2	534	0	546
16405	2	0	547	8	0	557
16406	1	2	6	540	0	549
16407	0	564	2	6	0	572
16408	552	6	0	2	0	560
16409	5	548	2	2	0	557
16410	553	7	2	0	0	562
16411	7	2	547	2	0	558
16412	545	1	6	2	0	554
16413	7	0	4	540	0	551
16414	2	1	545	8	0	556
16415	1	0	8	536	0	545
16416	2	0	528	7	0	537
16417	503	0	7	6	0	516
16418	6	531	4	2	0	543
16419	3	6	1	526	0	536
16420	3	538	0	4	0	545
16421	545	7	0	3	0	555
16422	531	4	0	2	0	537
16423	9	532	0	2	0	543
16424	3	7	3	538	0	551
16425	4	1	0	534	0	539
16426	2	1	0	539	0	542
16427	529	0	2	9	0	540
16428	7	519	1	7	0	534
16429	2	7	3	520	0	532
16430	3	2	0	530	0	535
16431	518	3	1	10	0	532
16432	7	1	510	6	0	524
16433	2	3	510	2	0	517
16434	496	1	8	1	0	506
16435	11	0	488	0	0	499
16436	3	2	461	2	0	468
16437	2	0	9	457	0	468
16438	466	1	5	8	0	480
16439	7	1	1	463	0	472
16440	5	1	453	9	0	468
16441	436	3	6	3	0	448
16442	7	1	439	4	0	451
16443	3	445	10	2	0	460
16444	3	6	4	456	0	469
16445	455	2	4	9	0	470
16446	6	1	2	457	0	466
16447	3	0	1	463	0	467
16448	467	1	3	7	0	478
16449	7	0	3	467	0	477
16450	3	0	1	482	0	486
16451	4	0	477	9	0	490
16452	0	0	8	472	0	480
16453	476	1	4	9	0	490
16454	480	1	1	3	0	485
16455	471	1	2	1	0	475
16456	9	4	0	467	0	480
16457	4	464	1	9	0	478
16458	471	5	2	2	0	480
16459	7	468	3	3	0	481
16460	456	6	0	5	0	467
16461	8	1	1	457	0	467
16462	454	1	2	8	0	465
16463	457	0	1	5	0	463
16464	457	0	4	1	0	462
16465	9	456	0	2	0	467
16466	1	416	0	0	0	417
16467	387	2	0	2	0	391
16468	1	388	0	2	0	391
16469	0	331	0	0	0	331
16470	1	328	1	0	0	330
16471	326	1	3	0	0	330
16472	3	0	0	317	0	320
16473	1	0	0	315	0	316
16474	320	0	0	2	0	322
16475	1	0	328	1	0	330
16476	2	0	1	375	0	378
16477	0	0	2	378	0	380
16478	0	0	1	423	0	424
16479	1	0	0	435	0	436
16480	0	430	1	5	0	436
16481	1	508	1	3	0	513
16482	528	8	1	2	0	539
16483	7	3	0	526	0	536
16484	7	1	0	527	0	535
16485	1	1	515	11	0	528
16486	2	0	7	521	0	530
16487	0	1	526	7	0	534
16488	2	1	6	527	0	536
16489	1	1	554	8	0	564
16490	1	554	7	5	0	567
16491	0	5	5	557	0	567
16492	556	5	2	7	0	570
16493	550	0	0	7	0	557
16494	12	0	2	542	0	556
16495	7	1	540	8	0	556
16496	1	1	543	5	0	550
16497	523	0	11	2	0	536
16498	6	526	6	3	0	541
16499	537	6	3	4	0	550
16500	542	5	1	1	0	549
16501	10	2	529	3	0	544
16502	7	1	7	529	0	544
16503	3	1	6	533	0	543
16504	1	1	2	554	0	558
16505	2	2	0	532	0	536
16506	3	0	0	521	0	524
16507	5	0	503	13	0	521
16508	2	1	503	8	0	514
16509	2	0	13	499	0	514
16510	0	1	6	512	0	519
16511	0	2	3	521	0	526
16512	509	1	0	14	0	524
16513	7	3	2	509	0	521
16514	512	2	1	9	0	524
16515	9	1	2	519	0	531
16516	522	2	1	10	0	535
16517	529	0	1	8	0	538
16518	524	0	0	8	0	532
16519	527	0	2	3	0	532
16520	523	1	3	5	0	532
16521	16	0	3	510	0	529
16522	508	3	4	7	0	522
16523	10	503	1	9	0	523
16524	502	6	1	3	0	512
16525	10	7	1	510	0	528
16526	7	2	506	9	0	524
16527	6	1	6	515	0	528
16528	4	0	518	12	0	534
16529	4	0	6	519	0	529
16530	2	3	7	526	0	538
16531	6	0	516	13	0	535
16532	4	0	513	9	0	526
16533	3	1	13	516	0	533
16534	517	0	7	9	0	533
16535	8	0	515	10	0	533
16536	7	517	7	5	0	536
16537	3	6	529	7	0	545
16538	529	5	7	3	0	544
16539	6	2	7	534	0	549
16540	534	1	2	11	0	548
16541	538	1	3	9	0	551
16542	14	0	3	533	0	550
16543	8	1	510	10	0	529
16544	4	1	8	507	0	520
16545	3	0	8	501	0	512
16546	492	0	4	12	0	508
16547	8	494	3	10	0	515
16548	11	4	1	496	0	512
16549	5	9	490	8	0	512
16550	477	2	10	8	0	497
16551	10	476	6	6	0	498
16552	9	5	5	481	0	500
16553	4	4	1	483	0	492
16554	3	1	3	487	0	494
16555	474	1	2	15	0	492
16556	481	0	3	12	0	496
16557	13	1	3	492	0	509
16558	9	1	479	9	0	498
16559	4	486	7	13	0	510
16560	487	6	7	6	0	506
16561	493	4	4	5	0	506
16562	13	3	1	494	0	511
16563	12	0	3	498	0	513
16564	5	2	498	13	0	518
16565	4	500	6	12	0	522
16566	507	7	6	6	0	526
16567	501	3	4	6	0	514
16568	14	499	0	5	0	518
16569	496	6	2	5	0	509
16570	13	4	1	490	0	508
16571	7	2	484	9	0	502
16572	3	3	6	492	0	504
16573	6	3	480	7	0	496
16574	483	2	7	10	0	502
16575	9	474	6	3	0	492
16576	7	4	2	443	0	456
16577	2	6	435	9	0	452
16578	1	1	404	8	0	414
16579	381	2	11	2	0	396
16580	6	383	5	4	0	398
16581	311	1	8	1	0	321
16582	303	2	1	0	0	306
16583	301	0	2	2	0	305
16584	2	0	3	303	0	308
16585	2	2	306	1	0	311
16586	3	302	2	2	0	309
16587	1	1	4	304	0	310
16588	1	3	305	0	0	309
16589	1	1	273	1	0	276
16590	1	0	1	268	0	270
16591	1	0	267	0	0	268
16592	268	0	0	2	0	270
16593	0	1	1	283	0	285
16594	3	0	1	279	0	283
16595	283	2	0	1	0	286
16596	2	283	0	1	0	286
16597	292	0	1	1	0	294
16598	0	1	2	295	0	298
16599	2	1	0	292	0	295
16600	0	1	0	296	0	297
16601	1	0	2	279	0	282
16602	287	0	1	1	0	289
16603	1	0	281	1	0	283
16604	1	277	1	1	0	280
16605	2	1	1	279	0	283
16606	277	0	0	3	0	280
16607	279	0	1	2	0	282
16608	1	278	2	0	0	281
16609	276	1	1	1	0	279
16610	1	277	0	1	0	279
16611	1	294	1	1	0	297
16612	2	0	0	297	0	299
16613	1	0	301	2	0	304
16614	0	1	0	301	0	302
16615	289	0	1	1	0	291
16616	0	295	0	0	0	295
16617	0	0	0	299	0	299
16618	0	0	334	1	0	335
16619	335	0	1	2	0	338
16620	341	0	0	3	0	344
16621	345	0	1	1	0	347
16622	2	0	338	0	0	340
16623	336	0	1	1	0	338
16624	0	345	0	1	0	346
16625	0	0	0	333	0	333
16626	0	337	0	0	0	337
16627	346	0	0	0	0	346
16628	335	1	0	3	0	339
16629	1	0	345	1	0	347
16630	0	343	0	1	0	344
16631	0	1	0	343	0	344
16632	1	0	0	342	0	343
16633	0	0	2	338	0	340
16634	1	1	0	345	0	347
16635	0	0	0	346	0	346
16636	1	0	331	0	0	332
16637	1	334	0	1	0	336
16638	324	1	0	0	0	325
16639	1	0	335	0	0	336
16640	1	339	0	0	0	340
16641	344	1	0	2	0	347
16642	0	0	355	1	0	356
16643	349	0	1	0	0	350
16644	348	1	0	1	0	350
16645	350	0	0	1	0	351
16646	0	353	0	2	0	355
16647	1	0	349	1	0	351
16648	1	351	2	0	0	354
16649	2	1	1	333	0	337
16650	1	356	0	1	0	358
16651	364	1	0	1	0	366
16652	366	0	0	1	0	367
16653	368	0	0	1	0	369
16654	1	1	375	1	0	378
16655	0	395	1	2	0	398
16656	0	5	1	441	0	447
16657	474	1	0	6	0	481
16658	7	473	0	3	0	483
16659	1	6	1	477	0	485
16660	1	2	491	6	0	500
16661	489	1	6	1	0	497
16662	8	0	508	1	0	517
16663	1	0	540	0	0	541
16664	516	0	9	0	0	525
16665	7	0	525	0	0	532
16666	515	0	9	0	0	524
16667	8	517	2	0	0	527
16668	540	7	1	1	0	549
16669	8	2	2	550	0	562
16670	3	1	2	553	0	559
16671	3	0	0	560	0	563
16672	552	0	2	10	0	564
16673	549	0	0	3	0	552
16674	556	2	0	3	0	561
16675	10	545	0	0	0	555
16676	3	8	0	551	0	562
16677	1	2	544	10	0	557
16678	1	1	7	538	0	547
16679	2	529	2	8	0	541
16680	2	6	1	524	0	533
16681	3	2	1	527	0	533
16682	523	3	0	8	0	534
16683	7	0	0	524	0	531
16684	2	0	516	8	0	526
16685	2	0	518	4	0	524
16686	0	2	9	512	0	523
16687	518	0	5	7	0	530
16688	8	1	0	517	0	526
16689	7	0	0	524	0	531
16690	2	0	519	13	0	534
16691	0	510	10	6	0	526
16692	2	5	6	523	0	536
16693	504	5	1	9	0	519
16694	11	502	0	5	0	518
16695	5	8	1	509	0	523
16696	3	5	511	9	0	528
16697	1	1	10	504	0	516
16698	492	2	7	9	0	510
16699	8	489	1	7	0	505
16700	6	7	505	3	0	521
16701	2	7	6	506	0	521
16702	1	1	505	11	0	518
16703	502	1	10	5	0	518
16704	506	0	4	5	0	515
16705	14	0	500	1	0	515
16706	6	3	8	496	0	513
16707	4	2	511	7	0	524
16708	1	501	10	6	0	518
16709	1	8	6	510	0	525
16710	4	5	506	8	0	523
16711	2	2	9	482	0	495
16712	2	489	8	8	0	507
16713	2	4	2	491	0	499
16714	2	3	482	10	0	497
16715	468	4	6	9	0	487
16716	8	477	4	5	0	494
16717	488	8	3	4	0	503
16718	9	1	449	6	0	465
16719	448	7	7	0	0	462
16720	9	2	441	5	0	457
16721	441	0	12	2	0	455
16722	454	1	4	2	0	461
16723	13	3	2	436	0	454
16724	8	1	2	449	0	460
16725	443	0	5	12	0	460
16726	10	439	2	7	0	458
16727	446	9	3	3	0	461
16728	13	5	2	441	0	461
16729	8	451	1	8	0	468
16730	2	6	2	460	0	470
16731	1	2	3	462	0	468
16732	5	1	1	468	0	475
16733	3	456	2	13	0	474
16734	454	9	1	8	0	472
16735	8	2	4	463	0	477
16736	6	5	458	9	0	478
16737	1	4	454	8	0	467
16738	3	0	464	5	0	472
16739	451	0	15	5	0	471
16740	458	3	6	2	0	469
16741	13	2	449	3	0	467
16742	7	0	10	436	0	453
16743	4	1	9	439	0	453
16744	3	1	459	13	0	476
16745	2	0	466	6	0	474
16746	6	0	11	470	0	487
16747	473	2	7	10	0	492
16748	469	0	5	7	0	481
16749	472	1	1	5	0	479
16750	15	457	0	4	0	476
16751	7	455	2	3	0	467
16752	4	11	2	451	0	468
16753	451	4	1	13	0	469
16754	9	3	436	4	0	452
16755	414	2	4	3	0	423
16756	6	359	3	3	0	371
16757	4	324	0	0	0	328
16758	316	8	3	2	0	329
16759	3	312	1	6	0	322
16760	5	292	1	4	0	302
16761	287	7	7	4	0	305
16762	4	291	2	1	0	298
16763	2	1	2	268	0	273
16764	1	2	1	270	0	274
16765	268	0	2	2	0	272
16766	267	1	3	2	0	273
16767	3	272	1	2	0	278
16768	4	265	1	1	0	271
16769	1	1	264	1	0	267
16770	260	3	6	1	0	270
16771	264	0	2	4	0	270
16772	276	0	2	2	0	280
16773	5	0	1	280	0	286
16774	3	1	1	294	0	299
16775	298	0	0	5	0	303
16776	4	0	1	300	0	305
16777	4	0	304	3	0	311
16778	3	0	2	308	0	313
16779	1	320	3	2	0	326
16780	1	2	0	322	0	325
16781	0	2	0	329	0	331
16782	2	1	0	329	0	332
16783	324	0	1	5	0	330
16784	2	323	0	2	0	327
16785	1	2	0	328	0	331
16786	0	0	329	2	0	331
16787	0	0	311	0	0	311
16788	0	0	2	323	0	325
16789	0	0	0	323	0	323
16790	310	0	0	2	0	312
16791	2	0	0	315	0	317
16792	0	310	0	1	0	311
16793	0	2	327	0	0	329
16794	1	0	2	322	0	325
16795	0	0	327	2	0	329
16796	0	0	2	334	0	336
16797	335	0	0	2	0	337
16798	330	0	0	1	0	331
16799	2	340	0	0	0	342
16800	0	0	0	342	0	342
16801	352	0	0	3	0	355
16802	357	0	0	0	0	357
16803	356	0	0	0	0	356
16804	356	0	0	1	0	357
16805	357	0	0	0	0	357
16806	2	344	0	0	0	346
16807	348	2	0	0	0	350
16808	2	0	341	0	0	343
16809	1	0	2	344	0	347
16810	349	0	0	2	0	351
16811	345	0	0	0	0	345
16812	342	0	0	1	0	343
16813	2	0	342	0	0	344
16814	0	0	2	354	0	356
16815	356	0	0	4	0	360
16816	2	360	0	1	0	363
16817	373	3	0	0	0	376
16818	368	0	0	1	0	369
16819	376	0	0	0	0	376
16820	4	0	0	374	0	378
16821	375	0	0	4	0	379
16822	5	2	373	0	0	380
16823	2	0	382	0	0	384
16824	389	0	4	3	0	396
16825	4	0	395	0	0	399
16826	378	0	3	1	0	382
16827	3	2	390	0	0	395
16828	1	0	3	384	0	388
16829	380	0	1	3	0	384
16830	3	392	0	0	0	395
16831	402	3	0	0	0	405
16832	3	393	0	1	0	397
16833	0	401	1	0	0	402
16834	0	3	1	409	0	413
16835	0	0	0	413	0	413
16836	0	0	0	413	0	413
16837	0	0	401	4	0	405
16838	396	0	3	2	0	401
16839	422	0	0	0	0	422
16840	425	0	0	0	0	425
16841	420	0	0	1	0	421
16842	418	0	0	0	0	418
16843	4	0	404	0	0	408
16844	1	0	409	0	0	410
16845	0	0	4	412	0	416
16846	0	1	411	4	0	416
16847	421	0	3	1	0	425
16848	4	433	0	0	0	437
16849	0	5	0	469	0	474
16850	470	0	0	5	0	475
16851	5	0	0	479	0	484
16852	0	0	483	5	0	488
16853	1	0	476	0	0	477
16854	0	0	4	489	0	493
16855	0	0	488	5	0	493
16856	485	0	5	0	0	490
16857	5	0	0	494	0	499
16858	0	0	495	5	0	500
16859	0	502	6	0	0	508
16860	1	4	0	516	0	521
16861	0	1	517	5	0	523
16862	3	0	4	496	0	503
16863	3	0	0	507	0	510
16864	0	1	508	6	0	515
16865	0	1	6	513	0	520
16866	1	0	1	501	0	503
16867	1	0	1	511	0	513
16868	499	0	1	7	0	507
16869	6	492	1	1	0	500
16870	0	504	2	1	0	507
16871	1	5	491	1	0	498
16872	476	1	5	2	0	484
16873	5	0	465	2	0	472
16874	0	0	460	0	0	460
16875	0	1	4	452	0	457
16876	455	1	1	5	0	462
16877	5	447	2	0	0	454
16878	448	5	1	3	0	457
16879	443	1	2	2	0	448
16880	5	454	1	2	0	462
16881	456	3	0	1	0	460
16882	455	2	0	1	0	458
16883	5	456	1	1	0	463
16884	2	4	2	464	0	472
16885	4	3	0	464	0	471
16886	469	1	1	6	0	477
16887	6	477	2	0	0	485
16888	482	5	1	2	0	490
16889	488	1	0	2	0	491
16890	506	1	2	2	0	511
16891	8	0	1	501	0	510
16892	2	1	0	513	0	516
16893	500	2	0	5	0	507
16894	512	2	0	0	0	514
16895	511	1	0	2	0	514
16896	8	1	1	530	0	540
16897	1	0	530	13	0	544
16898	3	0	8	549	0	560
16899	4	0	2	580	0	586
16900	2	2	566	13	0	583
16901	2	0	651	5	0	658
16902	2	0	16	661	0	679
16903	2	0	656	14	0	672
16904	668	1	12	8	0	689
16905	14	2	5	677	0	698
16906	5	2	3	692	0	702
16907	705	0	3	19	0	727
16908	14	0	4	701	0	719
16909	4	4	3	710	0	721
16910	1	1	5	713	0	720
16911	4	0	1	723	0	728
16912	4	1	696	20	0	721
16913	4	0	12	701	0	717
16914	3	1	686	17	0	707
16915	0	693	11	9	0	713
16916	4	12	4	685	0	705
16917	3	4	668	15	0	690
16918	644	1	13	8	0	666
16919	11	657	8	5	0	681
16920	669	10	3	4	0	686
16921	12	4	3	662	0	681
16922	4	667	1	16	0	688
16923	667	10	2	5	0	684
16924	14	668	1	2	0	685
16925	683	12	1	3	0	699
16926	12	5	3	680	0	700
16927	681	1	1	14	0	697
16928	11	683	3	5	0	702
16929	689	12	1	4	0	706
16930	14	4	663	3	0	684
16931	7	3	10	671	0	691
16932	665	2	4	13	0	684
16933	666	3	1	9	0	679
16934	18	1	1	655	0	675
16935	7	4	662	11	0	684
16936	7	633	10	6	0	656
16937	2	663	4	4	0	673
16938	670	14	2	1	0	687
16939	13	3	1	665	0	682
16940	6	1	2	677	0	686
16941	662	2	1	17	0	682
16942	665	4	1	6	0	676
16943	17	1	652	2	0	672
16944	4	2	9	650	0	665
16945	4	3	641	14	0	662
16946	2	643	12	8	0	665
16947	625	8	5	4	0	642
16948	12	608	3	3	0	626
16949	7	608	2	2	0	619
16950	6	13	2	606	0	627
16951	588	3	1	11	0	603
16952	9	586	2	5	0	602
16953	582	13	1	1	0	597
16954	10	579	1	3	0	593
16955	5	12	0	576	0	593
16956	576	3	0	11	0	590
16957	10	2	579	8	0	599
16958	7	2	11	564	0	584
16959	2	3	555	11	0	571
16960	3	529	10	6	0	548
16961	2	561	5	0	0	568
16962	541	14	3	4	0	562
16963	10	550	1	3	0	564
16964	555	10	4	4	0	573
16965	563	5	0	2	0	570
16966	12	0	561	2	0	575
16967	553	1	9	4	0	567
16968	10	4	569	1	0	584
16969	6	566	11	2	0	585
16970	567	12	2	2	0	583
16971	12	565	0	4	0	581
16972	6	11	0	571	0	588
16973	580	3	3	13	0	599
16974	12	1	1	581	0	595
16975	5	1	595	11	0	612
16976	2	2	11	592	0	607
16977	1	3	4	600	0	608
16978	593	1	2	13	0	609
16979	12	2	591	5	0	610
16980	588	3	10	1	0	602
16981	606	1	4	4	0	615
16982	14	1	2	609	0	626
16983	4	3	1	623	0	631
16984	605	0	2	14	0	621
16985	11	614	0	4	0	629
16986	5	9	1	617	0	632
16987	4	4	613	11	0	632
16988	4	1	596	4	0	605
16989	3	614	13	2	0	632
16990	3	11	2	598	0	614
16991	3	3	3	609	0	618
16992	595	2	0	17	0	614
16993	14	0	0	595	0	609
16994	580	4	1	8	0	593
16995	10	570	2	3	0	585
16996	4	573	1	1	0	579
16997	2	578	0	3	0	583
16998	558	7	2	2	0	569
16999	519	1	2	3	0	525
17000	7	519	0	3	0	529
17001	422	1	2	0	0	425
17002	2	420	1	0	0	423
17003	0	3	0	411	0	414
17004	1	411	0	2	0	414
17005	415	3	0	0	0	418
17006	413	0	0	0	0	413
17007	4	0	0	390	0	394
17008	390	0	1	3	0	394
17009	3	0	0	395	0	398
17010	0	401	1	2	0	404
17011	0	3	0	394	0	397
17012	1	401	0	2	0	404
17013	396	3	0	1	0	400
17014	2	0	387	1	0	390
17015	377	0	2	0	0	379
17016	2	0	0	391	0	393
17017	0	0	385	2	0	387
17018	377	0	1	1	0	379
17019	2	0	399	1	0	402
17020	1	0	3	394	0	398
17021	0	0	1	397	0	398
17022	2	0	0	384	0	386
17023	1	0	0	383	0	384
17024	0	383	0	5	0	388
17025	0	6	0	393	0	399
17026	398	0	0	6	0	404
17027	6	1	395	0	0	402
17028	1	423	5	1	0	430
17029	427	5	2	1	0	435
17030	471	1	1	0	0	473
17031	8	1	0	537	0	546
17032	1	0	538	9	0	548
17033	1	0	8	541	0	550
17034	2	0	3	576	0	581
17035	3	0	576	12	0	591
17036	1	600	8	4	0	613
17037	608	9	4	1	0	622
17038	607	5	0	1	0	613
17039	618	1	0	0	0	619
17040	12	0	0	609	0	621
17041	6	0	0	633	0	639
17042	646	1	0	12	0	659
17043	12	1	0	638	0	651
17044	6	640	0	11	0	657
17045	665	6	0	4	0	675
17046	684	5	1	5	0	695
17047	723	0	1	1	0	725
17048	727	0	0	1	0	728
17049	17	0	688	3	0	708
17050	6	0	696	1	0	703
17051	0	1	15	695	0	711
17052	4	1	4	709	0	718
17053	3	0	698	17	0	718
17054	0	1	709	4	0	714
17055	2	2	15	705	0	724
17056	706	0	4	14	0	724
17057	16	1	0	699	0	716
17058	7	0	704	14	0	725
17059	2	713	12	7	0	734
17060	719	13	6	3	0	741
17061	732	4	2	3	0	741
17062	736	0	1	7	0	744
17063	731	1	5	5	0	742
17064	17	0	698	4	0	719
17065	6	1	14	707	0	728
17066	703	1	5	15	0	724
17067	16	2	2	705	0	725
17068	8	0	5	687	0	700
17069	4	679	3	17	0	703
17070	6	12	0	691	0	709
17071	679	4	0	19	0	702
17072	14	678	2	10	0	704
17073	669	14	3	2	0	688
17074	16	673	2	3	0	694
17075	10	13	1	633	0	657
17076	7	629	0	15	0	651
17077	9	656	2	4	0	671
17078	643	17	7	2	0	669
17079	20	7	637	5	0	669
17080	10	2	630	4	0	646
17081	5	0	624	8	0	637
17082	605	1	15	11	0	632
17083	14	606	10	5	0	635
17084	6	619	3	10	0	638
17085	594	16	4	9	0	623
17086	14	597	5	5	0	621
17087	11	609	5	4	0	629
17088	7	21	2	603	0	633
17089	9	6	592	21	0	628
17090	11	4	608	7	0	630
17091	5	6	17	603	0	631
17092	602	2	7	18	0	629
17093	24	596	4	5	0	629
17094	8	13	5	605	0	631
17095	6	12	596	16	0	630
17096	12	5	593	9	0	619
17097	15	4	17	577	0	613
17098	582	5	6	17	0	610
17099	594	2	4	11	0	611
17100	20	5	576	7	0	608
17101	580	5	18	5	0	608
17102	18	4	572	11	0	605
17103	10	7	15	569	0	601
17104	8	572	15	11	0	606
17105	584	15	8	10	0	617
17106	20	9	2	605	0	636
17107	13	6	2	600	0	621
17108	6	4	5	621	0	636
17109	8	3	10	612	0	633
17110	5	5	589	22	0	621
17111	9	590	16	11	0	626
17112	9	14	11	599	0	633
17113	602	7	7	14	0	630
17114	21	6	5	603	0	635
17115	14	6	5	609	0	634
17116	10	3	597	24	0	634
17117	8	6	588	10	0	612
17118	4	581	15	13	0	613
17119	5	602	8	7	0	622
17120	4	16	4	589	0	613
17121	593	5	4	17	0	619
17122	18	3	591	11	0	623
17123	8	602	12	8	0	630
17124	6	11	10	591	0	618
17125	3	593	3	11	0	610
17126	3	10	4	565	0	582
17127	3	571	4	11	0	589
17128	4	13	3	539	0	559
17129	532	6	3	12	0	553
17130	13	484	5	6	0	508
17131	5	11	2	403	0	421
17132	399	4	4	5	0	412
17133	7	393	2	1	0	403
17134	0	354	2	4	0	360
17135	5	352	0	5	0	362
17136	4	7	2	324	0	337
17137	2	3	3	322	0	330
17138	0	319	1	7	0	327
17139	1	6	2	319	0	328
17140	2	2	318	8	0	330
17141	2	321	5	2	0	330
17142	2	19	3	286	0	310
17143	2	302	1	3	0	308
17144	1	6	299	2	0	308
17145	1	293	4	1	0	299
17146	249	2	2	2	0	255
17147	1	3	0	237	0	241
17148	240	0	0	2	0	242
17149	1	0	243	1	0	245
17150	1	0	1	249	0	251
17151	1	0	250	1	0	252
17152	0	0	1	251	0	252
17153	256	0	1	1	0	258
17154	1	0	0	260	0	261
17155	260	0	0	2	0	262
17156	1	265	1	2	0	269
17157	266	1	0	0	0	267
17158	1	1	263	0	0	265
17159	1	267	1	0	0	269
17160	0	1	1	276	0	278
17161	0	1	0	274	0	275
17162	0	0	268	2	0	270
17163	0	272	1	1	0	274
17164	0	1	1	276	0	278
17165	0	275	0	1	0	276
17166	0	1	0	275	0	276
17167	1	277	0	1	0	279
17168	272	1	0	2	0	275
17169	1	1	0	277	0	279
17170	1	0	278	1	0	280
17171	0	278	1	1	0	280
17172	0	289	1	1	0	291
17173	1	2	289	0	0	292
17174	0	292	1	1	0	294
17175	1	0	1	288	0	290
17176	0	2	302	1	0	305
17177	2	0	1	298	0	301
17178	0	1	1	304	0	306
17179	0	1	305	2	0	308
17180	300	0	1	2	0	303
17181	1	0	1	316	0	318
17182	1	0	342	1	0	344
17183	0	341	1	1	0	343
17184	347	1	1	1	0	350
17185	1	344	0	0	0	345
17186	1	1	0	348	0	350
17187	339	2	0	2	0	343
17188	2	0	0	336	0	338
17189	1	2	339	2	0	344
17190	0	0	2	339	0	341
17191	0	1	344	1	0	346
17192	332	1	1	3	0	337
17193	1	0	346	0	0	347
17194	345	1	0	1	0	347
17195	353	0	1	1	0	355
17196	2	0	348	0	0	350
17197	1	0	332	1	0	334
17198	0	341	3	1	0	345
17199	351	1	2	0	0	354
17200	3	1	0	363	0	367
17201	3	0	0	363	0	366
17202	395	0	1	6	0	402
17203	417	1	0	2	0	420
17204	417	0	1	1	0	419
17205	407	0	0	0	0	407
17206	2	0	0	395	0	397
17207	397	0	0	2	0	399
17208	3	0	0	398	0	401
17209	1	0	1	399	0	401
17210	0	0	0	399	0	399
17211	0	0	390	2	0	392
17212	1	383	1	1	0	386
17213	0	393	1	0	0	394
17214	2	2	0	388	0	392
17215	393	1	0	1	0	395
17216	1	0	1	392	0	394
17217	387	0	1	2	0	390
17218	1	1	405	1	0	408
17219	403	0	1	0	0	404
17220	1	0	1	420	0	422
17221	432	0	0	4	0	436
17222	425	0	0	1	0	426
17223	419	0	0	0	0	419
17224	2	0	0	418	0	420
17225	2	1	415	1	0	419
17226	1	0	1	418	0	420
17227	430	0	1	1	0	432
17228	1	0	474	2	0	477
17229	1	0	1	508	0	510
17230	522	0	1	4	0	527
17231	2	0	524	1	0	527
17232	552	1	1	1	0	555
17233	574	1	1	0	0	576
17234	2	0	0	585	0	587
17235	3	0	0	585	0	588
17236	585	0	0	5	0	590
17237	3	0	0	612	0	615
17238	604	0	0	3	0	607
17239	3	619	0	4	0	626
17240	2	614	0	1	0	617
17241	1	4	0	598	0	603
17242	1	3	609	1	0	614
17243	1	614	1	2	0	618
17244	601	1	2	1	0	605
17245	1	600	1	0	0	602
17246	4	1	599	1	0	605
17247	3	3	1	584	0	591
17248	0	1	612	2	0	615
17249	0	609	1	5	0	615
17250	2	1	3	607	0	613
17251	0	608	0	3	0	611
17252	1	1	615	3	0	620
17253	2	3	1	599	0	605
17254	0	1	620	1	0	622
17255	0	0	1	617	0	618
17256	606	0	4	1	0	611
17257	1	1	602	3	0	607
17258	579	0	1	0	0	580
17259	1	1	589	0	0	591
17260	6	0	2	584	0	592
17261	0	0	605	2	0	607
17262	0	0	3	606	0	609
17263	0	1	3	599	0	603
17264	0	0	0	597	0	597
17265	2	1	0	602	0	605
17266	0	0	647	4	0	651
17267	644	0	1	7	0	652
17268	1	1	4	696	0	702
17269	721	0	0	3	0	724
17270	732	0	0	3	0	735
17271	739	0	1	1	0	741
17272	7	0	0	747	0	754
17273	4	0	1	756	0	761
17274	1	850	0	8	0	859
17275	935	7	1	1	0	944
17276	995	5	0	2	0	1002
17277	1013	1	0	2	0	1016
17278	15	3	994	2	0	1014
17279	9	2	8	1005	0	1024
17280	4	0	1012	9	0	1025
17281	995	1	11	5	0	1012
17282	986	0	8	2	0	996
17283	16	0	1	982	0	999
17284	6	1	3	964	0	974
17285	4	993	0	14	0	1011
17286	995	9	0	8	0	1012
17287	995	5	0	7	0	1007
17288	15	987	1	1	0	1004
17289	1014	11	1	4	0	1030
17290	14	5	1	1011	0	1031
17291	9	1	1	1021	0	1032
17292	1020	2	2	14	0	1038
17293	12	0	1005	7	0	1024
17294	1001	0	10	6	0	1017
17295	1019	0	8	4	0	1031
17296	18	1000	0	3	0	1021
17297	1008	9	3	3	0	1023
17298	13	5	989	3	0	1010
17299	8	4	9	1005	0	1026
17300	997	2	4	12	0	1015
17301	14	0	2	1002	0	1018
17302	5	2	949	12	0	968
17303	5	0	10	943	0	958
17304	3	1013	5	12	0	1033
17305	3	9	1	1038	0	1051
17306	4	4	2	1055	0	1065
17307	1	2	2	1040	0	1045
17308	4	2	0	1050	0	1056
17309	4	0	1033	17	0	1054
17310	5	3	8	1041	0	1057
17311	1037	1	4	12	0	1054
17312	10	1030	4	8	0	1052
17313	6	11	3	1047	0	1067
17314	5	5	1047	12	0	1069
17315	6	2	7	1060	0	1075
17316	1067	2	9	11	0	1089
17317	1075	1	2	11	0	1089
17318	1064	2	1	4	0	1071
17319	17	1	2	1055	0	1075
17320	12	1	1043	11	0	1067
17321	5	1025	10	9	0	1049
17322	1049	9	4	8	0	1070
17323	9	6	4	1049	0	1068
17324	8	4	0	1059	0	1071
17325	8	2	1055	14	0	1079
17326	5	1032	9	9	0	1055
17327	2	1069	7	5	0	1083
17328	7	17	3	1008	0	1035
17329	7	7	967	13	0	994
17330	942	3	10	12	0	967
17331	16	3	931	3	0	953
17332	915	1	13	5	0	934
17333	13	951	9	5	0	978
17334	13	7	941	2	0	963
17335	938	7	10	4	0	959
17336	16	935	9	2	0	962
17337	957	13	4	1	0	975
17338	15	5	962	5	0	987
17339	12	965	9	7	0	993
17340	967	11	8	6	0	992
17341	15	8	953	2	0	978
17342	951	1	13	7	0	972
17343	15	2	8	947	0	972
17344	965	2	1	14	0	982
17345	11	2	8	964	0	985
17346	964	0	1	16	0	981
17347	15	3	971	8	0	997
17348	11	1	13	979	0	1004
17349	8	2	4	978	0	992
17350	6	8	976	14	0	1004
17351	5	2	12	984	0	1003
17352	9	876	10	17	0	912
17353	4	10	3	1052	0	1069
17354	8	4	3	1109	0	1124
17355	6	2	3	1198	0	1209
17356	6	5	1197	20	0	1228
17357	1212	0	15	13	0	1240
17358	15	2	9	1279	0	1305
17359	10	1	1294	20	0	1325
17360	1297	2	17	9	0	1325
17361	1315	2	8	7	0	1332
17362	1361	1	5	11	0	1378
17363	25	2	4	1367	0	1398
17364	14	2	5	1512	0	1533
17365	12	0	1	1511	0	1524
17366	5	1478	3	33	0	1519
17367	1471	16	4	22	0	1513
17368	1456	8	4	14	0	1482
17369	33	5	2	1437	0	1477
17370	19	3	1394	22	0	1438
17371	15	0	1394	15	0	1424
17372	5	1362	22	10	0	1399
17373	6	1393	11	9	0	1419
17374	1269	33	10	11	0	1323
17375	15	1229	5	4	0	1253
17376	1199	14	1	5	0	1219
17377	1189	7	2	3	0	1201
17378	1180	4	2	4	0	1190
17379	24	2	1	1203	0	1230
17380	11	4	3	1256	0	1274
17381	1298	0	3	23	0	1324
17382	16	5	2	1344	0	1367
17383	9	3	1339	21	0	1372
17384	1343	3	14	10	0	1370
17385	19	3	10	1335	0	1367
17386	18	4	4	1346	0	1372
17387	10	3	1	1363	0	1377
17388	9	2	1321	26	0	1358
17389	1281	3	16	17	0	1317
17390	24	0	1302	6	0	1332
17391	16	1	18	1301	0	1336
17392	7	2	1314	22	0	1345
17393	5	1	20	1312	0	1338
17394	5	1	11	1330	0	1347
17395	3	2	1354	29	0	1388
17396	10	1	16	1289	0	1316
17397	5	1353	12	18	0	1388
17398	1361	17	4	16	0	1398
17399	1368	7	5	7	0	1387
17400	31	3	4	1356	0	1394
17401	14	2	1365	25	0	1406
17402	3	1305	23	16	0	1347
17403	3	1368	12	12	0	1395
17404	1287	29	8	5	0	1329
17405	22	14	1276	7	0	1319
17406	1284	6	23	5	0	1318
17407	28	2	8	1284	0	1322
17408	15	1	9	1301	0	1326
17409	1266	4	4	32	0	1306
17410	20	1268	3	22	0	1313
17411	13	20	1289	9	0	1331
17412	8	9	22	1282	0	1321
17413	8	8	1289	22	0	1327
17414	5	1278	24	19	0	1326
17415	8	18	15	1284	0	1325
17416	1262	10	6	27	0	1305
17417	1273	6	5	18	0	1302
17418	33	1	1262	10	0	1306
17419	15	1259	21	10	0	1305
17420	1255	19	13	8	0	1295
17421	17	1254	10	5	0	1286
17422	10	23	3	1262	0	1298
17423	1250	9	5	24	0	1288
17424	24	8	5	1257	0	1294
17425	13	2	1238	25	0	1278
17426	10	8	16	1245	0	1279
17427	11	1	1244	23	0	1279
17428	7	7	24	1236	0	1274
17429	1240	4	11	28	0	1283
17430	27	1238	7	12	0	1284
17431	1248	23	1	14	0	1286
17432	27	10	6	1228	0	1271
17433	12	10	2	1224	0	1248
17434	10	2	1141	38	0	1191
17435	5	4	1199	21	0	1229
17436	7	1206	28	14	0	1255
17437	7	22	1209	5	0	1243
17438	1157	10	24	13	0	1204
17439	24	1158	16	7	0	1205
17440	16	1186	5	16	0	1223
17441	5	1206	8	7	0	1226
17442	4	27	6	1194	0	1231
17443	7	17	1191	25	0	1240
17444	2	1201	25	17	0	1245
17445	10	21	13	1161	0	1205
17446	5	1196	11	19	0	1231
17447	1169	26	5	17	0	1217
17448	1186	16	6	9	0	1217
17449	33	9	5	1180	0	1227
17450	17	10	4	1169	0	1200
17451	1135	6	6	30	0	1177
17452	21	1095	3	21	0	1140
17453	11	1120	8	8	0	1147
17454	13	31	4	1036	0	1084
17455	5	13	944	21	0	983
17456	2	921	16	17	0	956
17457	867	14	11	14	0	906
17458	20	839	6	4	0	869
17459	8	833	2	8	0	851
17460	786	20	7	4	0	817
17461	16	815	1	4	0	836
17462	12	16	779	4	0	811
17463	3	787	18	6	0	814
17464	636	11	10	5	0	662
17465	8	625	1	1	0	635
17466	628	10	2	2	0	642
17467	10	6	2	616	0	634
17468	5	2	1	631	0	639
17469	0	2	624	13	0	639
17470	0	621	8	5	0	634
17471	2	9	5	632	0	648
17472	622	9	0	10	0	641
17473	636	1	2	6	0	645
17474	14	644	0	2	0	660
17475	6	8	1	639	0	654
17476	627	5	2	10	0	644
17477	633	1	2	7	0	643
17478	15	1	610	3	0	629
17479	7	1	567	0	0	575
17480	6	3	539	1	0	549
17481	1	501	9	0	0	511
17482	461	3	7	3	0	474
17483	4	451	0	1	0	456
17484	444	4	1	1	0	450
17485	4	467	2	0	0	473
17486	3	4	0	483	0	490
17487	481	3	2	5	0	491
17488	3	1	481	3	0	488
17489	481	2	4	0	0	487
17490	489	1	2	1	0	493
17491	6	481	0	0	0	487
17492	2	496	0	0	0	498
17493	519	6	0	1	0	526
17494	4	2	546	1	0	553
17495	502	1	4	0	0	507
17496	506	0	3	0	0	509
17497	3	0	0	502	0	505
17498	510	0	0	1	0	511
17499	1	0	0	520	0	521
17500	3	0	0	529	0	532
17501	0	0	0	518	0	518
17502	0	521	0	3	0	524
17503	516	1	0	3	0	520
17504	524	2	0	1	0	527
17505	3	0	0	522	0	525
17506	3	0	0	513	0	516
17507	0	515	1	3	0	519
17508	524	2	0	1	0	527
17509	1	2	512	1	0	516
17510	3	1	1	522	0	527
17511	1	1	508	1	0	511
17512	2	0	1	515	0	518
17513	1	0	505	2	0	508
17514	0	0	1	499	0	500
17515	501	0	2	2	0	505
17516	2	1	513	2	0	518
17517	508	2	1	0	0	511
17518	1	527	2	1	0	531
17519	4	1	1	528	0	534
17520	1	3	2	534	0	540
17521	562	0	0	4	0	566
17522	3	0	0	597	0	600
17523	3	1	618	2	0	624
17524	615	0	1	3	0	619
17525	636	1	2	4	0	643
17526	635	0	1	3	0	639
17527	633	1	0	3	0	637
17528	5	622	0	0	0	627
17529	3	2	1	629	0	635
17530	623	1	1	2	0	627
17531	1	0	1	617	0	619
17532	613	1	0	5	0	619
17533	1	1	606	1	0	609
17534	4	1	597	0	0	602
17535	3	6	3	589	0	601
17536	1	580	1	2	0	584
17537	1	597	2	1	0	601
17538	604	2	0	3	0	609
17539	1	1	598	1	0	601
17540	556	1	0	4	0	561
17541	4	593	1	0	0	598
17542	600	1	2	0	0	603
17543	1	2	0	589	0	592
17544	2	2	608	0	0	612
17545	0	0	1	606	0	607
17546	1	0	1	601	0	603
17547	3	605	0	1	0	609
17548	0	619	0	3	0	622
17549	1	1	2	620	0	624
17550	3	625	0	2	0	630
17551	2	0	626	2	0	630
17552	2	1	602	1	0	606
17553	596	1	1	1	0	599
17554	619	0	1	0	0	620
17555	2	610	0	1	0	613
17556	3	0	0	610	0	613
17557	0	1	0	614	0	615
17558	2	1	620	1	0	624
17559	2	0	2	598	0	602
17560	0	610	4	0	0	614
17561	0	0	592	1	0	593
17562	0	3	579	0	0	582
17563	0	564	1	1	0	566
17564	3	0	574	0	0	577
17565	0	1	2	573	0	576
17566	2	0	1	538	0	541
17567	0	2	587	1	0	590
17568	4	0	1	583	0	588
17569	0	577	2	2	0	581
17570	0	603	2	2	0	607
17571	0	1	0	601	0	602
17572	1	0	605	1	0	607
17573	0	614	2	1	0	617
17574	0	6	1	615	0	622
17575	1	1	608	4	0	614
17576	580	3	2	3	0	588
17577	600	0	1	1	0	602
17578	610	0	3	0	0	613
17579	5	0	0	598	0	603
17580	3	0	0	601	0	604
17581	1	3	623	3	0	630
17582	1	0	2	613	0	616
17583	1	0	0	625	0	626
17584	0	0	624	2	0	626
17585	552	0	2	2	0	556
17586	2	581	0	2	0	585
17587	586	2	3	1	0	592
17588	4	581	1	0	0	586
17589	0	5	0	574	0	579
17590	2	0	578	2	0	582
17591	0	2	2	551	0	555
17592	0	0	558	6	0	564
17593	499	2	4	0	0	505
17594	2	0	502	4	0	508
17595	0	0	6	492	0	498
17596	3	1	508	2	0	514
17597	1	524	4	0	0	529
17598	2	3	1	544	0	550
17599	2	0	2	534	0	538
17600	2	2	0	563	0	567
17601	3	0	554	5	0	562
17602	0	0	567	7	0	574
17603	1	0	7	584	0	592
17604	0	0	6	714	0	720
17605	1	2	2	775	0	780
17606	802	1	0	17	0	820
17607	14	0	1	832	0	847
17608	8	1	854	19	0	882
17609	914	2	15	8	0	939
17610	18	0	7	934	0	959
17611	967	0	4	20	0	991
17612	991	0	1	9	0	1001
17613	28	0	1	987	0	1016
17614	992	0	1	20	0	1013
17615	1003	0	1	8	0	1012
17616	29	0	982	5	0	1016
17617	13	991	18	3	0	1025
17618	7	20	7	968	0	1002
17619	3	6	6	997	0	1012
17620	987	6	1	30	0	1024
17621	977	0	1	14	0	992
17622	959	0	3	10	0	972
17623	35	1	893	3	0	932
17624	16	900	22	0	0	938
17625	903	20	7	6	0	936
17626	24	914	4	4	0	946
17627	924	24	1	3	0	952
17628	28	8	4	915	0	955
17629	917	7	1	22	0	947
17630	928	1	3	9	0	941
17631	942	2	0	9	0	953
17632	38	0	918	3	0	959
17633	946	2	18	3	0	969
17634	34	935	8	1	0	978
17635	953	19	8	4	0	984
17636	974	11	3	1	0	989
17637	978	9	0	1	0	988
17638	38	2	2	939	0	981
17639	18	942	3	22	0	985
17640	957	21	1	13	0	992
17641	26	10	946	9	0	991
17642	20	955	19	2	0	996
17643	14	19	11	917	0	961
17644	8	932	6	18	0	964
17645	936	26	3	11	0	976
17646	959	14	4	8	0	985
17647	39	7	2	943	0	991
17648	22	1	932	24	0	979
17649	16	932	19	13	0	980
17650	11	21	11	815	0	858
17651	8	13	6	973	0	1000
17652	11	6	3	1004	0	1024
17653	981	3	4	37	0	1025
17654	1001	4	6	20	0	1031
17655	1005	4	5	10	0	1024
17656	1025	8	1	6	0	1040
17657	48	2	0	998	0	1048
17658	25	0	1007	31	0	1063
17659	15	2	25	1023	0	1065
17660	12	0	13	1044	0	1069
17661	6	5	11	1045	0	1067
17662	12	5	3	1046	0	1066
17663	1012	3	3	52	0	1070
17664	32	6	2	1029	0	1069
17665	1026	3	5	37	0	1071
17666	1041	4	2	20	0	1067
17667	50	0	982	16	0	1048
17668	33	1	1005	9	0	1048
17669	19	5	1024	11	0	1059
17670	14	4	40	984	0	1042
17671	11	5	1005	31	0	1052
17672	16	3	26	984	0	1029
17673	13	5	14	988	0	1020
17674	979	4	10	45	0	1038
17675	37	3	4	979	0	1023
17676	24	987	5	34	0	1050
17677	1037	26	3	24	0	1090
17678	39	1037	6	9	0	1091
17679	21	31	1035	11	0	1098
17680	16	1053	32	5	0	1106
17681	1021	30	15	11	0	1077
17682	34	17	8	1033	0	1092
17683	26	12	1028	28	0	1094
17684	1033	4	25	24	0	1086
17685	39	5	15	1038	0	1097
17686	25	4	1044	33	0	1106
17687	21	6	25	1053	0	1105
17688	15	6	16	1068	0	1105
17689	13	4	10	1067	0	1094
17690	12	1046	6	42	0	1106
17691	1061	23	5	21	0	1110
17692	35	17	3	1052	0	1107
17693	32	1054	5	22	0	1113
17694	17	24	4	1074	0	1119
17695	15	15	1060	33	0	1123
17696	10	1063	27	20	0	1120
17697	1053	27	17	8	0	1105
17698	1037	17	9	10	0	1073
17699	38	11	6	1013	0	1068
17700	16	9	3	1033	0	1061
17701	1021	4	4	38	0	1067
17702	1005	5	3	22	0	1035
17703	40	989	5	13	0	1047
17704	862	19	4	6	0	891
17705	21	9	804	4	0	838
17706	15	5	774	5	0	799
17707	3	765	18	7	0	793
17708	6	758	8	2	0	774
17709	681	18	13	7	0	719
17710	12	700	1	1	0	714
17711	682	7	0	1	0	690
17712	675	6	2	1	0	684
17713	674	2	1	1	0	678
17714	13	1	1	668	0	683
17715	678	0	2	7	0	687
17716	7	1	666	7	0	681
17717	4	1	670	4	0	679
17718	3	673	10	1	0	687
17719	0	8	685	1	0	694
17720	1	6	7	662	0	676
17721	3	1	690	8	0	702
17722	2	0	683	5	0	690
17723	0	0	11	685	0	696
17724	683	2	4	7	0	696
17725	687	1	2	4	0	694
17726	11	0	703	2	0	716
17727	701	4	7	1	0	713
17728	9	1	716	1	0	727
17729	711	0	9	2	0	722
17730	734	1	6	1	0	742
17731	12	0	3	727	0	742
17732	8	1	0	707	0	716
17733	2	695	2	11	0	710
17734	1	704	2	5	0	712
17735	3	10	1	701	0	715
17736	3	3	1	705	0	712
17737	690	1	1	12	0	704
17738	10	688	1	5	0	704
17739	679	8	1	2	0	690
17740	9	681	3	3	0	696
17741	4	9	676	1	0	690
17742	2	3	7	672	0	684
17743	679	2	5	9	0	695
17744	724	0	1	5	0	730
17745	13	726	2	2	0	743
17746	5	772	0	0	0	777
17747	0	773	0	1	0	774
17748	4	13	0	830	0	847
17749	1	5	847	13	0	866
17750	0	841	16	2	0	859
17751	3	14	3	831	0	851
17752	1	1	3	849	0	854
17753	1	2	832	15	0	850
17754	1	0	840	3	0	844
17755	825	0	17	4	0	846
17756	15	0	850	2	0	867
17757	836	0	18	1	0	855
17758	828	1	1	1	0	831
17759	826	0	2	2	0	830
17760	825	0	0	1	0	826
17761	18	1	802	0	0	821
17762	3	809	12	0	0	824
17763	6	15	1	799	0	821
17764	0	2	808	15	0	825
17765	2	3	16	801	0	822
17766	1	773	3	17	0	794
17767	2	14	2	825	0	843
17768	2	1	0	843	0	846
17769	0	2	0	830	0	832
17770	819	1	0	18	0	838
17771	15	1	0	815	0	831
17772	5	0	0	826	0	831
17773	2	0	1	823	0	826
17774	0	795	1	17	0	813
17775	789	12	0	6	0	807
17776	14	749	0	3	0	766
17777	1	766	1	1	0	769
17778	3	13	1	764	0	781
17779	1	5	0	776	0	782
17780	763	1	1	17	0	782
17781	14	0	0	771	0	785
17782	766	0	1	16	0	783
17783	941	0	1	2	0	944
17784	24	1	0	930	0	955
17785	7	1	0	935	0	943
17786	4	934	0	23	0	961
17787	957	21	0	11	0	989
17788	23	995	2	3	0	1023
17789	994	29	0	0	0	1023
17790	25	7	978	1	0	1011
17791	982	5	23	4	0	1014
17792	1029	1	5	3	0	1038
17793	31	1	5	995	0	1032
17794	11	2	999	26	0	1038
17795	5	1005	22	11	0	1043
17796	3	27	7	1028	0	1065
17797	7	6	1035	27	0	1075
17798	3	6	24	1031	0	1064
17799	1024	1	6	27	0	1058
17800	28	1	1024	6	0	1059
17801	10	1008	23	7	0	1048
17802	10	1029	7	5	0	1051
17803	7	29	7	947	0	990
17804	4	1010	5	21	0	1040
17805	1004	31	4	7	0	1046
17806	1018	8	2	10	0	1038
17807	1010	5	5	6	0	1026
17808	29	3	957	6	0	995
17809	978	5	22	5	0	1010
17810	25	2	8	956	0	991
17811	10	3	5	967	0	985
17812	7	6	1	968	0	982
17813	8	3	3	964	0	978
17814	3	5	931	32	0	971
17815	5	6	940	11	0	962
17816	7	4	925	7	0	943
17817	886	2	29	5	0	922
17818	27	896	11	4	0	938
17819	13	24	6	896	0	939
17820	893	6	1	32	0	932
17821	23	901	6	14	0	944
17822	9	921	4	11	0	945
17823	905	27	4	7	0	943
17824	922	12	5	7	0	946
17825	33	910	6	3	0	952
17826	12	22	8	870	0	912
17827	9	880	3	22	0	914
17828	880	28	2	7	0	917
17829	889	8	6	6	0	909
17830	882	10	2	4	0	898
17831	37	858	0	2	0	897
17832	11	22	3	866	0	902
17833	8	8	866	25	0	907
17834	8	7	20	867	0	902
17835	8	6	6	887	0	907
17836	5	4	856	29	0	894
17837	848	5	22	15	0	890
17838	25	8	6	863	0	902
17839	9	8	7	867	0	891
17840	11	852	3	29	0	895
17841	850	24	2	14	0	890
17842	28	10	1	837	0	876
17843	11	828	6	23	0	868
17844	804	20	5	9	0	838
17845	23	773	2	15	0	813
17846	727	21	2	12	0	762
17847	26	5	729	8	0	768
17848	9	4	649	10	0	672
17849	6	2	644	9	0	661
17850	4	647	22	6	0	679
17851	6	15	15	606	0	642
17852	7	623	4	12	0	646
17853	632	18	2	7	0	659
17854	18	8	629	7	0	662
17855	620	8	14	5	0	647
17856	630	5	7	5	0	647
17857	19	7	7	614	0	647
17858	627	7	6	11	0	651
17859	17	6	5	628	0	656
17860	11	5	624	14	0	654
17861	621	4	15	7	0	647
17862	13	617	8	8	0	646
17863	13	14	2	619	0	648
17864	630	9	4	13	0	656
17865	20	6	1	629	0	656
17866	15	3	627	15	0	660
17867	9	3	13	631	0	656
17868	8	623	8	17	0	656
17869	632	13	5	11	0	661
17870	16	6	5	630	0	657
17871	629	4	3	18	0	654
17872	16	3	4	632	0	655
17873	9	2	3	624	0	638
17874	7	619	3	21	0	650
17875	621	13	1	15	0	650
17876	12	636	3	7	0	658
17877	9	14	4	610	0	637
17878	10	608	1	15	0	634
17879	610	17	0	8	0	635
17880	604	7	1	7	0	619
17881	603	6	1	3	0	613
17882	19	575	2	5	0	601
17883	2	413	2	0	0	417
17884	411	3	0	3	0	417
17885	3	420	1	1	0	425
17886	6	6	2	382	0	396
17887	3	1	380	2	0	386
17888	352	0	1	1	0	354
17889	355	2	0	4	0	361
17890	353	2	0	1	0	356
17891	3	351	1	1	0	356
17892	344	2	1	0	0	347
17893	3	1	359	1	0	364
17894	0	348	5	3	0	356
17895	4	9	1	320	0	334
17896	1	328	0	1	0	330
17897	321	0	1	0	0	322
17898	1	333	0	1	0	335
17899	1	1	0	328	0	330
17900	1	328	0	0	0	329
17901	2	1	0	333	0	336
17902	1	1	0	334	0	336
17903	0	0	337	1	0	338
17904	0	0	2	328	0	330
17905	327	0	1	1	0	329
17906	323	1	0	0	0	324
17907	1	0	0	330	0	331
17908	0	2	322	0	0	324
17909	3	0	0	320	0	323
17910	322	0	3	0	0	325
17911	348	0	0	2	0	350
17912	355	0	0	4	0	359
17913	0	381	0	2	0	383
17914	387	0	0	0	0	387
17915	0	1	385	2	0	388
17916	415	0	3	3	0	421
17917	2	1	0	437	0	440
17918	1	2	0	441	0	444
17919	0	0	0	442	0	442
17920	438	0	1	3	0	442
17921	423	0	0	5	0	428
17922	3	0	2	430	0	435
17923	2	0	432	3	0	437
17924	0	2	1	429	0	432
17925	1	0	2	428	0	431
17926	0	0	424	5	0	429
17927	3	433	1	1	0	438
17928	1	1	1	439	0	442
17929	444	1	0	5	0	450
17930	3	3	0	447	0	453
17931	5	0	0	450	0	455
17932	451	2	1	1	0	455
17933	2	443	0	2	0	447
17934	1	450	0	1	0	452
17935	452	2	0	1	0	455
17936	2	1	453	3	0	459
17937	457	0	1	0	0	458
17938	2	1	487	0	0	490
17939	1	497	1	1	0	500
17940	503	2	2	2	0	509
17941	502	2	0	3	0	507
17942	504	0	0	2	0	506
17943	500	0	2	0	0	502
17944	4	1	507	0	0	512
17945	2	1	1	509	0	513
17946	517	0	1	3	0	521
17947	2	1	555	2	0	560
17948	2	2	546	1	0	551
17949	0	550	4	0	0	554
17950	541	4	2	1	0	548
17951	3	1	0	539	0	543
17952	543	0	0	4	0	547
17953	3	564	0	3	0	570
17954	2	2	0	608	0	612
17955	0	1	0	611	0	612
17956	1	0	0	615	0	616
17957	1	0	629	4	0	634
17958	0	629	4	1	0	634
17959	670	5	1	2	0	678
17960	5	1	0	672	0	678
17961	665	1	0	4	0	670
17962	665	0	0	2	0	667
17963	5	0	0	670	0	675
17964	1	1	675	4	0	681
17965	0	0	3	681	0	684
17966	0	670	1	5	0	676
17967	2	4	1	684	0	691
17968	0	1	679	5	0	685
17969	684	0	4	2	0	690
17970	6	0	0	685	0	691
17971	679	0	0	5	0	684
17972	5	0	674	1	0	680
17973	654	0	4	3	0	661
17974	5	1	681	0	0	687
17975	665	0	4	0	0	669
17976	5	662	0	0	0	667
17977	2	666	1	0	0	669
17978	2	5	0	670	0	677
17979	1	1	2	628	0	632
17980	3	0	0	673	0	676
17981	672	0	0	7	0	679
17982	6	0	1	679	0	686
17983	1	0	682	4	0	687
17984	679	1	4	2	0	686
17985	6	713	2	0	0	721
17986	721	4	0	3	0	728
17987	702	2	1	1	0	706
17988	6	1	700	3	0	710
17989	1	1	4	700	0	706
17990	3	0	1	730	0	734
17991	1	1	746	8	0	756
17992	2	741	6	3	0	752
17993	739	6	3	0	0	748
17994	734	1	0	1	0	736
17995	6	1	2	748	0	757
17996	4	0	0	741	0	745
17997	1	3	1	762	0	767
17998	748	2	0	8	0	758
17999	6	755	2	3	0	766
18000	769	5	0	2	0	776
18001	762	1	1	5	0	769
18002	10	0	812	1	0	823
18003	3	0	9	807	0	819
18004	3	831	2	6	0	842
18005	1	8	1	845	0	855
18006	3	4	0	880	0	887
18007	1	1	900	10	0	912
18008	947	1	7	4	0	959
18009	1032	0	5	3	0	1040
18010	1090	0	0	1	0	1091
18011	11	2	0	1058	0	1071
18012	7	3	2	1056	0	1068
18013	2	1027	1	16	0	1046
18014	1	1066	2	5	0	1074
18015	1054	14	0	2	0	1070
18016	12	1025	0	1	0	1038
18017	9	10	1015	3	0	1037
18018	2	5	10	1043	0	1060
18019	1050	1	7	10	0	1068
18020	10	3	1031	6	0	1050
18021	9	2	1016	2	0	1029
18022	1046	0	13	1	0	1060
18023	1050	2	8	3	0	1063
18024	14	0	2	1045	0	1061
18025	7	3	1035	11	0	1056
18026	5	1	9	1041	0	1056
18027	3	2	1018	12	0	1035
18028	2	1	1051	7	0	1061
18029	4	1065	12	3	0	1084
18030	1068	9	5	4	0	1086
18031	1073	6	3	2	0	1084
18032	14	1065	3	5	0	1087
18033	13	9	1	1057	0	1080
18034	5	6	1	1063	0	1075
18035	4	2	1	1078	0	1085
18036	1059	2	2	18	0	1081
18037	10	1052	2	8	0	1072
18038	1030	9	4	4	0	1047
18039	1019	8	1	2	0	1030
18040	16	3	997	3	0	1019
18041	10	1010	7	1	0	1028
18042	2	8	6	1019	0	1035
18043	7	7	1000	9	0	1023
18044	998	4	9	8	0	1019
18045	1003	2	7	4	0	1016
18046	998	1	6	3	0	1008
18047	972	1	2	4	0	979
18048	17	2	2	952	0	973
18049	9	2	945	9	0	965
18050	4	2	8	967	0	981
18051	956	0	7	12	0	975
18052	950	0	5	8	0	963
18053	13	924	2	4	0	943
18054	906	8	3	4	0	921
18055	12	7	894	4	0	917
18056	13	2	884	1	0	900
18057	884	1	12	4	0	901
18058	9	882	6	2	0	899
18059	8	7	1	829	0	845
18060	3	834	4	11	0	852
18061	5	8	3	856	0	872
18062	7	5	1	847	0	860
18063	9	2	1	874	0	886
18064	849	2	1	17	0	869
18065	863	3	2	12	0	880
18066	858	2	3	8	0	871
18067	14	3	847	3	0	867
18068	858	1	9	3	0	871
18069	12	3	7	871	0	893
18070	11	1	2	901	0	915
18071	9	3	884	16	0	912
18072	5	1	6	1003	0	1015
18073	1024	0	10	16	0	1050
18074	13	0	1025	11	0	1049
18075	13	2	12	1034	0	1061
18076	1040	1	8	17	0	1066
18077	1035	3	5	9	0	1052
18078	23	2	1026	6	0	1057
18079	12	2	1031	5	0	1050
18080	9	0	17	1048	0	1074
18081	1063	1	14	14	0	1092
18082	1060	4	4	12	0	1080
18083	23	4	2	1023	0	1052
18084	15	1034	3	13	0	1065
18085	1030	13	4	10	0	1057
18086	12	1044	5	8	0	1069
18087	7	10	1	1053	0	1071
18088	9	6	1037	14	0	1066
18089	9	5	1012	9	0	1035
18090	6	2	1020	6	0	1034
18091	7	3	21	1001	0	1032
18092	11	0	10	1008	0	1029
18093	1000	3	3	19	0	1025
18094	13	994	1	14	0	1022
18095	998	12	5	7	0	1022
18096	13	7	6	966	0	992
18097	12	966	6	9	0	993
18098	6	983	3	12	0	1004
18099	7	15	3	978	0	1003
18100	975	7	2	14	0	998
18101	10	976	5	10	0	1001
18102	905	7	3	6	0	921
18103	14	915	4	5	0	938
18104	910	11	3	4	0	928
18105	15	9	889	1	0	914
18106	9	4	859	4	0	876
18107	7	829	15	3	0	854
18108	736	15	19	6	0	776
18109	9	685	2	6	0	702
18110	5	645	0	2	0	652
18111	10	10	1	646	0	667
18112	637	4	3	7	0	651
18113	6	645	2	3	0	656
18114	631	5	3	3	0	642
18115	9	622	1	2	0	634
18116	617	7	1	1	0	626
18117	7	606	3	1	0	617
18118	3	604	2	2	0	611
18119	2	8	1	586	0	597
18120	1	598	0	7	0	606
18121	592	8	1	1	0	602
18122	7	2	587	3	0	599
18123	5	2	5	588	0	600
18124	2	2	598	5	0	607
18125	1	2	5	592	0	600
18126	1	2	1	594	0	598
18127	3	2	555	6	0	566
18128	535	1	6	4	0	546
18129	8	532	4	3	0	547
18130	539	7	2	2	0	550
18131	9	540	1	2	0	552
18132	3	8	1	541	0	553
18133	540	2	1	6	0	549
18134	539	3	3	1	0	546
18135	543	0	3	1	0	547
18136	8	5	2	542	0	557
18137	6	0	0	540	0	546
18138	4	552	0	8	0	564
18139	557	6	1	6	0	570
18140	566	3	1	4	0	574
18141	570	3	1	2	0	576
18142	568	2	0	3	0	573
18143	12	553	2	2	0	569
18144	4	8	3	556	0	571
18145	3	3	555	5	0	566
18146	547	2	8	6	0	563
18147	572	1	3	3	0	579
18148	9	1	567	3	0	580
18149	4	2	558	3	0	567
18150	6	3	6	560	0	575
18151	3	2	4	575	0	584
18152	2	2	1	584	0	589
18153	571	2	2	10	0	585
18154	8	2	2	577	0	589
18155	1	1	564	8	0	574
18156	3	1	8	555	0	567
18157	4	1	565	8	0	578
18158	4	3	5	569	0	581
18159	3	2	1	599	0	605
18160	5	3	597	8	0	613
18161	574	2	7	6	0	589
18162	10	589	5	2	0	606
18163	596	8	2	3	0	609
18164	10	5	1	622	0	638
18165	612	2	0	8	0	622
18166	9	638	0	5	0	652
18167	5	690	2	2	0	699
18168	6	22	1	730	0	759
18169	4	9	766	10	0	789
18170	5	2	736	4	0	747
18171	3	739	18	1	0	761
18172	630	10	6	0	0	646
18173	12	7	2	611	0	632
18174	612	1	2	8	0	623
18175	8	588	4	5	0	605
18176	4	611	1	1	0	617
18177	3	12	0	614	0	629
18178	611	5	0	10	0	626
18179	611	1	0	7	0	619
18180	13	2	603	1	0	619
18181	6	2	573	0	0	581
18182	580	1	11	2	0	594
18183	9	577	6	1	0	593
18184	577	6	1	0	0	584
18185	10	4	2	567	0	583
18186	5	1	558	8	0	572
18187	548	0	9	5	0	562
18188	8	541	6	1	0	556
18189	7	556	1	0	0	564
18190	4	11	0	552	0	567
18191	549	5	2	10	0	566
18192	11	1	2	558	0	572
18193	568	2	1	9	0	580
18194	8	5	543	5	0	561
18195	557	1	7	5	0	570
18196	563	1	4	2	0	570
18197	15	0	544	2	0	561
18198	550	1	7	1	0	559
18199	9	538	8	0	0	555
18200	9	6	1	529	0	545
18201	5	541	1	6	0	553
18202	541	6	2	4	0	553
18203	10	4	1	522	0	537
18204	6	529	3	8	0	546
18205	4	8	1	526	0	539
18206	0	536	0	9	0	545
18207	3	11	0	542	0	556
18208	539	5	0	13	0	557
18209	9	4	1	540	0	554
18210	6	1	529	12	0	548
18211	528	3	8	6	0	545
18212	8	2	5	535	0	550
18213	9	0	528	9	0	546
18214	5	2	516	8	0	531
18215	1	1	539	4	0	545
18216	4	0	15	533	0	552
18217	2	1	8	550	0	561
18218	1	1	4	548	0	554
18219	2	2	3	552	0	559
18220	545	0	4	16	0	565
18221	548	0	1	9	0	558
18222	557	4	0	4	0	565
18223	564	2	0	6	0	572
18224	13	3	2	546	0	564
18225	10	1	558	12	0	581
18226	568	3	7	6	0	584
18227	584	2	5	2	0	593
18228	17	0	3	579	0	599
18229	10	3	3	581	0	597
18230	587	1	2	16	0	606
18231	11	5	2	576	0	594
18232	10	563	1	12	0	586
18233	574	8	2	13	0	597
18234	580	4	1	7	0	592
18235	17	3	596	3	0	619
18236	8	4	14	590	0	616
18237	4	5	5	606	0	620
18238	598	3	2	18	0	621
18239	607	1	2	8	0	618
18240	17	1	5	596	0	619
18241	8	3	596	13	0	620
18242	5	1	594	11	0	611
18243	4	4	15	590	0	613
18244	11	3	6	596	0	616
18245	586	1	1	18	0	606
18246	13	568	5	10	0	596
18247	7	573	4	7	0	591
18248	5	585	1	3	0	594
18249	8	18	2	571	0	599
18250	574	7	3	12	0	596
18251	571	2	3	9	0	585
18252	17	562	2	5	0	586
18253	576	13	1	2	0	592
18254	12	10	0	565	0	587
18255	9	3	568	16	0	596
18256	9	2	11	582	0	604
18257	9	2	7	579	0	597
18258	7	1	2	579	0	589
18259	547	5	1	14	0	567
18260	7	1	4	544	0	556
18261	8	536	1	11	0	556
18262	529	6	1	12	0	548
18263	12	517	2	6	0	537
18264	7	490	3	3	0	503
18265	5	507	4	2	0	518
18266	4	13	449	3	0	469
18267	2	417	8	4	0	431
18268	3	4	356	2	0	365
18269	319	1	2	0	0	322
18270	327	0	3	0	0	330
18271	3	0	329	1	0	333
18272	328	0	2	3	0	333
18273	347	0	1	1	0	349
18274	3	0	340	2	0	345
18275	1	358	2	1	0	362
18276	0	2	2	364	0	368
18277	362	0	1	2	0	365
18278	2	0	0	355	0	357
18279	373	0	0	4	0	377
18280	376	0	0	0	0	376
18281	2	1	377	0	0	380
18282	369	1	2	1	0	373
18283	2	383	0	0	0	385
18284	387	2	0	0	0	389
18285	3	0	0	387	0	390
18286	1	0	390	3	0	394
18287	2	1	2	388	0	393
18288	390	0	0	2	0	392
18289	2	395	0	2	0	399
18290	0	2	396	0	0	398
18291	0	0	3	384	0	387
18292	1	1	388	4	0	394
18293	0	391	2	2	0	395
18294	389	1	0	1	0	391
18295	2	1	0	388	0	391
18296	1	2	389	2	0	394
18297	1	2	367	0	0	370
18298	392	1	2	1	0	396
18299	3	0	0	399	0	402
18300	0	1	0	402	0	403
18301	0	0	400	1	0	401
18302	1	1	396	0	0	398
18303	0	426	3	1	0	430
18304	1	2	1	431	0	435
18305	1	0	0	440	0	441
18306	0	426	1	5	0	432
18307	1	2	427	1	0	431
18308	424	0	2	0	0	426
18309	2	0	1	438	0	441
18310	0	2	446	2	0	450
18311	1	0	1	440	0	442
18312	1	442	0	1	0	444
18313	0	2	445	1	0	448
18314	434	1	3	0	0	438
18315	3	0	447	0	0	450
18316	0	0	445	0	0	445
18317	1	1	430	0	0	432
18318	4	1	467	0	0	472
18319	2	0	8	498	0	508
18320	0	0	527	7	0	534
18321	1	0	7	517	0	525
18322	1	526	2	7	0	536
18323	547	5	1	1	0	554
18324	6	2	0	549	0	557
18325	1	0	528	7	0	536
18326	1	527	6	5	0	539
18327	0	6	2	536	0	544
18328	528	2	2	7	0	539
18329	7	541	0	2	0	550
18330	2	6	1	548	0	557
18331	550	1	1	7	0	559
18332	6	1	542	1	0	550
18333	555	0	6	0	0	561
18334	6	0	563	2	0	571
18335	533	0	6	0	0	539
18336	537	0	1	3	0	541
18337	7	0	520	0	0	527
18338	1	509	5	2	0	517
18339	0	5	1	507	0	513
18340	0	1	522	5	0	528
18341	0	0	6	510	0	516
18342	1	0	1	515	0	517
18343	0	0	523	7	0	530
18344	0	0	519	1	0	520
18345	1	0	7	523	0	531
18346	529	0	1	6	0	536
18347	6	522	0	2	0	530
18348	3	533	1	0	0	537
18349	542	7	0	1	0	550
18350	552	0	1	3	0	556
18351	8	1	0	551	0	560
18352	1	1	0	555	0	557
18353	1	0	0	559	0	560
18354	551	1	0	7	0	559
18355	6	518	1	2	0	527
18356	3	547	0	0	0	550
18357	0	6	2	542	0	550
18358	2	1	0	549	0	552
18359	1	0	1	552	0	554
18360	542	0	1	8	0	551
18361	7	543	0	1	0	551
18362	552	6	1	2	0	561
18363	6	3	549	0	0	558
18364	2	553	6	2	0	563
18365	0	7	2	557	0	566
18366	560	2	1	8	0	571
18367	7	0	552	3	0	562
18368	2	0	552	1	0	555
18369	1	0	12	552	0	565
18370	1	1	2	568	0	572
18371	1	1	1	566	0	569
18372	2	1	2	544	0	549
18373	1	1	1	548	0	551
18374	1	540	2	12	0	555
18375	2	7	1	533	0	543
18376	526	1	1	12	0	540
18377	8	532	1	4	0	545
18378	535	11	1	2	0	549
18379	10	3	524	2	0	539
18380	3	3	523	1	0	530
18381	2	2	10	553	0	567
18382	1	0	685	13	0	699
18383	4	1	15	670	0	690
18384	0	2	5	691	0	698
18385	703	0	2	19	0	724
18386	699	1	4	7	0	711
18387	20	701	0	4	0	725
18388	7	738	3	4	0	752
18389	8	19	1	721	0	749
18390	741	8	2	16	0	767
18391	16	3	756	6	0	781
18392	7	3	17	758	0	785
18393	4	1	5	773	0	783
18394	4	1	750	21	0	776
18395	1	753	16	11	0	781
18396	3	14	6	746	0	769
18397	1	6	752	20	0	779
18398	1	4	18	747	0	770
18399	724	4	5	21	0	754
18400	14	719	4	10	0	747
18401	8	738	3	4	0	753
18402	5	18	2	734	0	759
18403	709	7	5	18	0	739
18404	14	712	1	11	0	738
18405	714	16	2	9	0	741
18406	21	8	709	5	0	743
18407	8	5	733	4	0	750
18408	9	5	21	711	0	746
18409	5	2	9	754	0	770
18410	725	3	5	25	0	758
18411	27	2	2	727	0	758
18412	8	4	719	23	0	754
18413	5	7	20	713	0	745
18414	6	3	5	739	0	753
18415	5	0	703	26	0	734
18416	683	5	24	11	0	723
18417	17	2	7	715	0	741
18418	668	3	7	20	0	698
18419	18	629	6	11	0	664
18420	615	16	2	7	0	640
18421	16	607	4	8	0	635
18422	8	620	4	5	0	637
18423	6	17	1	601	0	625
18424	590	7	3	15	0	615
18425	599	12	0	5	0	616
18426	21	5	0	588	0	614
18427	594	2	4	20	0	620
18428	603	2	3	8	0	616
18429	21	3	2	600	0	626
18430	586	3	1	18	0	608
18431	22	583	6	6	0	617
18432	585	14	4	9	0	612
18433	22	4	572	7	0	605
18434	606	5	8	8	0	627
18435	23	5	4	602	0	634
18436	11	2	7	618	0	638
18437	10	1	7	620	0	638
18438	6	1	3	628	0	638
18439	4	1	3	623	0	631
18440	3	587	2	27	0	619
18441	7	612	2	14	0	635
18442	605	17	4	11	0	637
18443	17	11	606	7	0	641
18444	601	6	14	9	0	630
18445	21	4	609	7	0	641
18446	11	4	16	605	0	636
18447	6	5	7	635	0	653
18448	613	6	2	22	0	643
18449	21	4	612	10	0	647
18450	13	2	13	624	0	652
18451	12	2	656	17	0	687
18452	7	674	15	7	0	703
18453	7	15	6	685	0	713
18454	678	4	8	23	0	713
18455	684	4	5	9	0	702
18456	696	5	0	12	0	713
18457	25	673	3	7	0	708
18458	13	697	5	4	0	719
18459	655	16	4	14	0	689
18460	19	683	4	10	0	716
18461	6	703	1	10	0	720
18462	7	20	688	10	0	725
18463	9	675	11	10	0	705
18464	6	684	8	7	0	705
18465	7	20	4	678	0	709
18466	2	12	688	14	0	716
18467	4	9	668	9	0	690
18468	664	3	19	9	0	695
18469	18	6	671	6	0	701
18470	679	4	21	7	0	711
18471	17	4	6	689	0	716
18472	13	687	6	17	0	723
18473	706	15	6	5	0	732
18474	733	6	4	10	0	753
18475	19	4	4	725	0	752
18476	13	2	6	726	0	747
18477	14	4	2	734	0	754
18478	721	4	2	23	0	750
18479	694	5	2	14	0	715
18480	734	2	2	8	0	746
18481	19	683	1	8	0	711
18482	553	5	2	3	0	563
18483	5	544	1	2	0	552
18484	4	535	1	1	0	541
18485	4	9	2	517	0	532
18486	3	519	1	5	0	528
18487	506	4	0	1	0	511
18488	6	0	0	499	0	505
18489	491	3	0	5	0	499
18490	6	475	0	1	0	482
18491	1	487	0	2	0	490
18492	479	5	0	2	0	486
18493	5	506	0	1	0	512
18494	3	5	0	512	0	520
18495	2	0	1	518	0	521
18496	524	0	0	6	0	530
18497	7	0	1	528	0	536
18498	1	1	551	7	0	560
18499	2	0	6	555	0	563
18500	566	2	0	7	0	575
18501	6	585	2	0	0	593
18502	607	5	1	3	0	616
18503	600	1	2	1	0	604
18504	621	1	0	2	0	624
18505	5	0	615	3	0	623
18506	1	0	590	2	0	593
18507	588	0	2	3	0	593
18508	2	600	0	1	0	603
18509	0	3	0	601	0	604
18510	0	1	0	601	0	602
18511	1	590	0	3	0	594
18512	0	605	1	2	0	608
18513	1	2	0	615	0	618
18514	0	0	1	619	0	620
18515	1	0	600	4	0	605
18516	0	2	597	3	0	602
18517	611	0	5	1	0	617
18518	625	0	1	3	0	629
18519	5	0	0	622	0	627
18520	1	1	621	3	0	626
18521	2	1	2	616	0	621
18522	614	0	1	5	0	620
18523	5	0	611	1	0	617
18524	2	0	4	624	0	630
18525	1	0	633	3	0	637
18526	0	624	3	1	0	628
18527	0	4	622	0	0	626
18528	2	3	3	611	0	619
18529	614	0	1	6	0	621
18530	3	1	0	625	0	629
18531	633	1	0	7	0	641
18532	638	0	0	3	0	641
18533	621	0	0	2	0	623
18534	4	1	613	0	0	618
18535	625	0	4	1	0	630
18536	5	0	1	628	0	634
18537	4	0	0	629	0	633
18538	0	0	623	6	0	629
18539	1	0	5	628	0	634
18540	629	0	1	7	0	637
18541	5	633	1	1	0	640
18542	643	3	2	2	0	650
18543	651	1	0	2	0	654
18544	649	0	1	1	0	651
18545	7	2	0	644	0	653
18546	3	0	654	5	0	662
18547	1	0	5	668	0	674
18548	2	0	2	669	0	673
18549	660	0	0	10	0	670
18550	643	0	0	2	0	645
18551	9	3	620	0	0	632
18552	3	0	5	623	0	631
18553	0	0	627	9	0	636
18554	664	1	7	1	0	673
18555	8	728	1	2	0	739
18556	724	7	0	5	0	736
18557	8	751	3	1	0	763
18558	754	11	2	2	0	769
18559	12	751	2	0	0	765
18560	7	13	1	749	0	770
18561	3	4	1	765	0	773
18562	758	0	0	19	0	777
18563	768	0	3	4	0	775
18564	773	0	0	3	0	776
18565	743	2	2	1	0	748
18566	760	0	2	2	0	764
18567	16	2	0	735	0	753
18568	7	732	2	12	0	753
18569	2	17	0	737	0	756
18570	1	718	4	13	0	736
18571	1	13	0	711	0	725
18572	3	711	3	13	0	730
18573	3	13	0	709	0	725
18574	3	5	685	14	0	707
18575	682	1	13	4	0	700
18576	16	678	4	1	0	699
18577	685	14	2	1	0	702
18578	16	6	682	1	0	705
18579	678	0	12	6	0	696
18580	13	2	696	3	0	714
18581	6	0	13	706	0	725
18582	4	760	3	13	0	780
18583	3	12	765	5	0	785
18584	4	5	13	765	0	787
18585	754	0	4	16	0	774
18586	13	4	2	770	0	789
18587	6	1	2	777	0	786
18588	1	2	1	786	0	790
18589	4	2	762	19	0	787
18590	0	1	13	756	0	770
18591	3	743	3	19	0	768
18592	4	13	3	756	0	776
18593	3	3	5	742	0	753
18594	732	2	3	18	0	755
18595	16	3	1	749	0	769
18596	7	0	758	19	0	784
18597	4	1	760	8	0	773
18598	2	1	742	4	0	749
18599	1	729	19	5	0	754
18600	705	16	15	9	0	745
18601	16	699	5	0	0	720
18602	691	17	1	3	0	712
18603	17	6	0	682	0	705
18604	8	2	685	17	0	712
18605	5	1	674	9	0	689
18606	4	713	22	6	0	745
18607	1	14	9	719	0	743
18608	1	6	4	726	0	737
18609	1	2	2	733	0	738
18610	1	2	707	23	0	733
18611	697	2	14	10	0	723
18612	18	0	715	4	0	737
18613	8	1	12	710	0	731
18614	4	1	9	725	0	739
18615	1	1	711	21	0	734
18616	689	1	16	10	0	716
18617	13	702	7	3	0	725
18618	705	17	2	4	0	728
18619	20	7	1	698	0	726
18620	8	699	2	16	0	725
18621	3	14	0	713	0	730
18622	715	4	5	17	0	741
18623	16	2	2	705	0	725
18624	8	3	698	17	0	726
18625	690	2	15	7	0	714
18626	712	0	6	6	0	724
18627	21	3	695	3	0	722
18628	12	2	15	698	0	727
18629	700	4	5	19	0	728
18630	17	1	5	697	0	720
18631	5	1	3	693	0	702
18632	6	2	0	695	0	703
18633	3	2	2	699	0	706
18634	4	3	664	24	0	695
18635	3	1	14	674	0	692
18636	4	1	668	20	0	693
18637	666	1	16	11	0	694
18638	684	2	9	4	0	699
18639	684	0	8	5	0	697
18640	680	1	6	4	0	691
18641	24	2	4	654	0	684
18642	650	3	2	19	0	674
18643	20	4	639	8	0	671
18644	10	2	635	5	0	652
18645	624	1	20	7	0	652
18646	16	624	11	3	0	654
18647	8	606	5	5	0	624
18648	4	19	6	598	0	627
18649	5	9	591	13	0	618
18650	587	4	15	11	0	617
18651	13	2	592	10	0	617
18652	9	569	13	4	0	595
18653	4	10	560	4	0	578
18654	5	512	13	3	0	533
18655	448	10	11	3	0	472
18656	7	436	3	8	0	454
18657	5	411	3	5	0	424
18658	1	11	4	411	0	427
18659	6	3	406	7	0	422
18660	2	3	7	398	0	410
18661	3	3	4	405	0	415
18662	1	0	392	12	0	405
18663	3	2	4	394	0	403
18664	3	390	4	10	0	407
18665	3	5	3	399	0	410
18666	399	3	1	11	0	414
18667	7	2	4	400	0	413
18668	8	1	398	7	0	414
18669	5	1	7	403	0	416
18670	6	0	400	7	0	413
18671	396	0	8	10	0	414
18672	7	2	7	402	0	418
18673	401	1	2	8	0	412
18674	10	2	394	7	0	413
18675	385	1	7	7	0	400
18676	7	400	4	9	0	420
18677	7	4	406	1	0	418
18678	5	5	7	389	0	406
18679	4	2	402	6	0	414
18680	5	382	8	6	0	401
18681	4	401	6	3	0	414
18682	340	8	4	3	0	355
18683	8	361	0	3	0	372
18684	364	7	4	2	0	377
18685	9	3	1	365	0	378
18686	7	1	356	6	0	370
18687	2	362	6	5	0	375
18688	2	10	6	361	0	379
18689	1	4	2	400	0	407
18690	4	1	2	404	0	411
18691	2	1	2	397	0	402
18692	1	378	3	14	0	396
18693	2	390	2	8	0	402
18694	374	8	2	0	0	384
18695	4	366	1	2	0	373
18696	4	5	1	342	0	352
18697	1	2	339	6	0	348
18698	1	336	5	2	0	344
18699	1	4	3	333	0	341
18700	0	2	0	335	0	337
18701	1	342	1	8	0	352
18702	326	5	1	3	0	335
18703	6	3	331	1	0	341
18704	313	3	2	0	0	318
18705	4	324	3	0	0	331
18706	277	3	0	1	0	281
18707	3	290	1	0	0	294
18708	1	2	0	300	0	303
18709	0	1	1	305	0	307
18710	299	1	0	6	0	306
18711	3	0	0	304	0	307
18712	2	0	299	6	0	307
18713	0	295	4	3	0	302
18714	4	295	1	0	0	300
18715	0	6	0	299	0	305
18716	3	1	302	3	0	309
18717	0	5	3	299	0	307
18718	1	2	1	303	0	307
18719	0	1	299	7	0	307
18720	1	1	296	2	0	300
18721	0	297	4	5	0	306
18722	294	3	2	3	0	302
18723	3	3	2	291	0	299
18724	2	278	3	2	0	285
18725	284	6	1	2	0	293
18726	7	1	1	285	0	294
18727	1	1	0	289	0	291
18728	1	283	1	7	0	292
18729	2	6	1	280	0	289
18730	275	2	1	11	0	289
18731	3	1	1	283	0	288
18732	3	3	1	282	0	289
18733	0	1	277	9	0	287
18734	3	1	265	1	0	270
18735	270	2	4	3	0	279
18736	4	1	1	270	0	276
18737	2	0	2	273	0	277
18738	0	2	2	272	0	276
18739	3	0	265	8	0	276
18740	268	1	4	4	0	277
18741	5	0	2	272	0	279
18742	2	1	1	273	0	277
18743	268	1	3	6	0	278
18744	7	265	1	2	0	275
18745	2	4	264	4	0	274
18746	0	3	4	264	0	271
18747	6	272	1	4	0	283
18748	0	6	0	279	0	285
18749	273	1	4	6	0	284
18750	3	3	0	270	0	276
18751	261	2	1	7	0	271
18752	264	0	0	6	0	270
18753	7	0	1	260	0	268
18754	1	254	0	10	0	265
18755	3	262	1	2	0	268
18756	2	6	264	0	0	272
18757	2	2	5	256	0	265
18758	0	4	1	264	0	269
18759	2	3	0	263	0	268
18760	256	0	3	8	0	267
18761	5	2	1	261	0	269
18762	4	0	254	8	0	266
18763	259	0	3	6	0	268
18764	7	2	1	269	0	279
18765	3	1	0	274	0	278
18766	0	2	270	6	0	278
18767	265	1	5	2	0	273
18768	4	1	2	269	0	276
18769	2	1	267	9	0	279
18770	1	0	6	270	0	277
18771	3	0	2	258	0	263
18772	2	269	1	8	0	280
18773	268	4	2	4	0	278
18774	270	1	1	5	0	277
18775	5	268	0	5	0	278
18776	264	8	0	1	0	273
18777	262	3	0	2	0	267
18778	6	0	1	261	0	268
18779	1	2	249	6	0	258
18780	3	0	237	5	0	245
18781	2	2	220	3	0	227
18782	1	1	231	3	0	236
18783	1	2	8	205	0	216
18784	2	1	5	212	0	220
18785	1	1	2	210	0	214
18786	2	0	2	221	0	225
18787	212	0	0	10	0	222
18788	4	226	0	4	0	234
18789	206	2	0	4	0	212
18790	2	0	214	3	0	219
18791	2	1	222	0	0	225
18792	0	2	2	237	0	241
18793	240	0	0	2	0	242
18794	231	0	2	1	0	234
18795	1	228	3	0	0	232
18796	0	236	1	2	0	239
18797	2	2	0	247	0	251
18798	247	0	0	3	0	250
18799	3	246	0	0	0	249
18800	250	2	0	0	0	252
18801	249	1	0	3	0	253
18802	248	1	0	0	0	249
18803	2	0	255	1	0	258
18804	3	251	2	0	0	256
18805	257	3	0	0	0	260
18806	253	2	0	0	0	255
18807	3	246	2	0	0	251
18808	1	235	0	0	0	236
18809	236	2	1	0	0	239
18810	2	1	0	239	0	242
18811	1	0	240	3	0	244
18812	231	0	3	1	0	235
18813	2	2	0	237	0	241
18814	1	247	0	1	0	249
18815	3	2	0	252	0	257
18816	0	1	260	3	0	264
18817	1	0	2	258	0	261
18818	268	0	1	2	0	271
18819	2	0	0	267	0	269
18820	0	1	1	269	0	271
18821	0	0	287	3	0	290
18822	0	0	4	285	0	289
18823	0	290	0	3	0	293
18824	294	1	0	1	0	296
18825	293	0	0	2	0	295
18826	1	2	289	2	0	294
18827	0	0	2	284	0	286
18828	0	287	0	2	0	289
18829	0	290	0	1	0	291
18830	292	1	0	0	0	293
18831	2	0	1	297	0	300
18832	0	0	300	1	0	301
18833	0	2	295	1	0	298
18834	1	1	1	302	0	305
18835	301	1	1	1	0	304
18836	296	0	1	0	0	297
18837	1	1	0	312	0	314
18838	1	0	324	2	0	327
18839	2	324	2	0	0	328
18840	323	2	0	3	0	328
18841	3	324	2	0	0	329
18842	327	2	1	0	0	330
18843	3	0	0	329	0	332
18844	1	1	327	1	0	330
18845	2	2	1	324	0	329
18846	331	1	0	2	0	334
18847	2	2	319	0	0	323
18848	1	323	1	2	0	327
18849	2	2	0	325	0	329
18850	325	1	2	1	0	329
18851	3	1	333	2	0	339
18852	2	0	2	341	0	345
18853	3	0	1	343	0	347
18854	1	1	347	2	0	351
18855	0	1	1	344	0	346
18856	2	0	350	3	0	355
18857	340	0	4	0	0	344
18858	1	1	0	359	0	361
18859	1	2	380	2	0	385
18860	2	383	2	1	0	388
18861	394	1	0	4	0	399
18862	431	0	3	0	0	434
18863	4	1	0	472	0	477
18864	1	486	0	5	0	492
18865	491	5	1	1	0	498
18866	5	1	0	489	0	495
18867	1	2	488	4	0	495
18868	476	0	4	2	0	482
18869	5	476	0	3	0	484
18870	0	4	2	482	0	488
18871	487	0	0	5	0	492
18872	4	2	476	1	0	483
18873	0	0	474	3	0	477
18874	4	1	4	465	0	474
18875	1	1	485	3	0	490
18876	3	0	6	474	0	483
18877	1	468	2	4	0	475
18878	0	4	2	494	0	500
18879	490	0	1	6	0	497
18880	4	3	493	1	0	501
18881	1	499	6	2	0	508
18882	2	3	1	495	0	501
18883	2	3	508	5	0	518
18884	1	3	5	497	0	506
18885	2	496	1	8	0	507
18886	1	511	2	0	0	514
18887	498	6	1	2	0	507
18888	5	512	0	2	0	519
18889	1	6	490	0	0	497
18890	474	1	4	4	0	483
18891	5	6	485	0	0	496
18892	2	0	5	465	0	472
18893	2	0	488	3	0	493
18894	0	485	6	2	0	493
18895	0	4	2	492	0	498
18896	0	1	2	489	0	492
18897	0	3	0	476	0	479
18898	0	0	480	8	0	488
18899	1	0	4	483	0	488
18900	1	0	2	484	0	487
18901	473	1	2	5	0	481
18902	481	0	1	4	0	486
18903	5	1	470	2	0	478
18904	3	471	4	3	0	481
18905	2	3	479	0	0	484
18906	0	2	6	476	0	484
18907	2	3	486	4	0	495
18908	0	2	6	485	0	493
18909	1	1	2	495	0	499
18910	1	2	490	5	0	498
18911	448	0	8	3	0	459
18912	5	498	1	5	0	509
18913	2	3	4	502	0	511
18914	2	2	510	6	0	520
18915	0	4	503	2	0	509
18916	482	1	5	3	0	491
18917	4	499	3	3	0	509
18918	1	4	3	501	0	509
18919	510	1	0	6	0	517
18920	4	2	0	512	0	518
18921	4	0	0	520	0	524
18922	4	0	517	5	0	526
18923	505	0	4	3	0	512
18924	526	1	3	4	0	534
18925	5	0	4	527	0	536
18926	533	1	1	5	0	540
18927	6	0	2	529	0	537
18928	1	522	0	9	0	532
18929	2	540	1	2	0	545
18930	1	7	1	544	0	553
18931	532	1	1	6	0	540
18932	4	3	1	526	0	534
18933	539	0	0	6	0	545
18934	538	0	2	1	0	541
18935	5	0	1	541	0	547
18936	3	1	1	541	0	546
18937	1	2	526	5	0	534
18938	2	0	519	3	0	524
18939	2	2	6	525	0	535
18940	0	0	564	8	0	572
18941	560	1	7	4	0	572
18942	6	0	3	607	0	616
18943	2	0	649	8	0	659
18944	659	0	7	5	0	671
18945	691	0	3	3	0	697
18946	14	721	0	1	0	736
18947	7	8	0	761	0	776
18948	3	6	783	9	0	801
18949	788	2	9	8	0	807
18950	806	0	5	4	0	815
18951	13	1	811	1	0	826
18952	827	0	8	3	0	838
18953	12	1	6	818	0	837
18954	7	0	1	834	0	842
18955	823	1	0	14	0	838
18956	827	2	2	8	0	839
18957	14	0	1	828	0	843
18958	5	1	839	9	0	854
18959	2	812	11	8	0	833
18960	5	8	821	3	0	837
18961	4	5	812	1	0	822
18962	3	788	13	1	0	805
18963	3	7	11	729	0	750
18964	1	5	2	737	0	745
18965	3	0	735	11	0	749
18966	5	0	7	724	0	736
18967	742	2	6	7	0	757
18968	10	1	759	6	0	776
18969	762	3	7	2	0	774
18970	776	0	5	3	0	784
18971	779	0	3	1	0	783
18972	14	1	771	0	0	786
18973	9	1	760	2	0	772
18974	2	0	12	771	0	785
18975	2	2	6	756	0	766
18976	1	775	1	12	0	789
18977	778	6	0	7	0	791
18978	769	4	3	1	0	777
18979	14	763	2	2	0	781
18980	773	7	0	3	0	783
18981	6	766	4	3	0	779
18982	770	7	2	4	0	783
18983	7	5	4	752	0	768
18984	4	0	758	9	0	771
18985	4	1	745	6	0	756
18986	1	2	11	757	0	771
18987	4	0	4	756	0	764
18988	2	0	744	8	0	754
18989	1	2	6	732	0	741
18990	5	0	6	733	0	744
18991	742	1	2	11	0	756
18992	748	1	1	5	0	755
18993	741	0	1	2	0	744
18994	13	1	728	0	0	742
18995	5	730	8	1	0	744
18996	5	5	6	740	0	756
18997	1	8	759	7	0	775
18998	3	756	7	7	0	773
18999	759	8	6	2	0	775
19000	9	4	2	765	0	780
19001	7	1	1	772	0	781
19002	759	2	2	11	0	774
19003	9	1	3	754	0	767
19004	7	2	2	770	0	781
19005	767	1	1	11	0	780
19006	8	5	746	8	0	767
19007	6	754	9	2	0	771
19008	757	7	7	3	0	774
19009	10	4	768	3	0	785
19010	757	1	6	5	0	769
19011	5	783	8	2	0	798
19012	782	5	3	6	0	796
19013	775	6	2	5	0	788
19014	762	2	0	6	0	770
19015	13	0	3	748	0	764
19016	7	2	3	756	0	768
19017	1	739	2	13	0	755
19018	4	748	1	6	0	759
19019	1	753	2	6	0	762
19020	765	7	2	4	0	778
19021	7	6	741	3	0	757
19022	9	2	5	738	0	754
19023	3	1	5	743	0	752
19024	3	733	3	13	0	752
19025	3	7	2	745	0	757
19026	4	4	2	737	0	747
19027	1	739	3	11	0	754
19028	734	7	2	6	0	749
19029	10	741	2	1	0	754
19030	7	7	736	2	0	752
19031	725	5	6	4	0	740
19032	7	736	7	2	0	752
19033	739	5	1	2	0	747
19034	6	10	0	729	0	745
19035	10	2	1	736	0	749
19036	3	3	729	11	0	746
19037	6	2	733	5	0	746
19038	2	5	7	719	0	733
19039	720	1	5	8	0	734
19040	702	1	2	7	0	712
19041	10	712	0	3	0	725
19042	2	689	0	3	0	694
19043	1	656	1	1	0	659
19044	14	10	4	635	0	663
19045	638	1	10	3	0	652
19046	645	0	0	2	0	647
19047	628	0	0	0	0	628
19048	7	0	601	0	0	608
19049	1	721	7	0	0	729
19050	1	6	1	807	0	815
19051	823	1	0	8	0	832
19052	10	0	0	838	0	848
19053	1	0	0	877	0	878
19054	884	0	0	17	0	901
19055	951	1	0	3	0	955
19056	15	1	945	0	0	961
19057	3	1	13	951	0	968
19058	1	0	935	15	0	951
19059	4	0	11	943	0	958
19060	1	0	933	14	0	948
19061	1	3	13	928	0	945
19062	913	0	3	17	0	933
19063	15	908	0	2	0	925
19064	2	942	0	2	0	946
19065	3	15	0	878	0	896
19066	1	943	0	11	0	955
19067	948	14	0	4	0	966
19068	921	2	1	3	0	927
19069	17	1	901	2	0	921
19070	2	904	16	1	0	923
19071	1	12	2	910	0	925
19072	1	2	910	14	0	927
19073	901	1	15	6	0	923
19074	16	1	5	903	0	925
19075	2	1	906	14	0	923
19076	2	1	13	905	0	921
19077	910	1	3	16	0	930
19078	12	2	898	5	0	917
19079	897	0	13	1	0	911
19080	914	2	3	1	0	920
19081	16	3	2	902	0	923
19082	4	2	902	14	0	922
19083	2	2	893	2	0	899
19084	890	2	17	4	0	913
19085	911	1	3	3	0	918
19086	18	0	893	2	0	913
19087	6	1	15	904	0	926
19088	3	0	2	888	0	893
19089	3	902	3	14	0	922
19090	3	12	3	897	0	915
19091	899	3	0	16	0	918
19092	19	0	2	895	0	916
19093	5	0	891	17	0	913
19094	884	0	15	3	0	902
19095	16	2	8	877	0	903
19096	5	1	880	19	0	905
19097	4	858	16	3	0	881
19098	840	16	3	9	0	868
19099	15	868	4	4	0	891
19100	861	13	3	8	0	885
19101	20	4	862	4	0	890
19102	6	848	14	7	0	875
19103	5	879	3	4	0	891
19104	5	13	3	846	0	867
19105	5	6	2	863	0	876
19106	4	1	841	20	0	866
19107	2	1	17	846	0	866
19108	841	0	9	15	0	865
19109	17	5	822	7	0	851
19110	5	2	18	822	0	847
19111	4	3	803	19	0	829
19112	797	3	14	5	0	819
19113	15	805	5	5	0	830
19114	802	21	3	1	0	827
19115	817	4	4	7	0	832
19116	823	5	3	2	0	833
19117	19	3	787	8	0	817
19118	9	789	18	2	0	818
19119	7	14	5	792	0	818
19120	3	6	2	823	0	834
19121	828	2	10	21	0	861
19122	18	2	5	834	0	859
19123	844	0	8	17	0	869
19124	850	3	5	11	0	869
19125	853	1	10	5	0	869
19126	850	1	4	7	0	862
19127	25	2	4	827	0	858
19128	824	4	8	19	0	855
19129	23	2	805	7	0	837
19130	809	5	15	7	0	836
19131	822	4	8	6	0	840
19132	21	2	794	8	0	825
19133	817	3	17	3	0	840
19134	827	1	6	5	0	839
19135	24	2	2	804	0	832
19136	6	2	5	818	0	831
19137	799	6	3	23	0	831
19138	20	6	2	804	0	832
19139	10	2	4	802	0	818
19140	12	761	4	21	0	798
19141	9	12	3	747	0	771
19142	738	3	7	18	0	766
19143	20	3	3	735	0	761
19144	10	0	4	712	0	726
19145	8	686	5	16	0	715
19146	12	10	3	654	0	679
19147	9	3	4	655	0	671
19148	637	3	2	12	0	654
19149	12	8	4	478	0	502
19150	4	0	402	10	0	416
19151	6	365	6	3	0	380
19152	3	358	4	2	0	367
19153	328	4	1	2	0	335
19154	7	321	0	2	0	330
19155	261	3	3	1	0	268
19156	1	249	1	4	0	255
19157	253	2	2	1	0	258
19158	3	1	0	256	0	260
19159	2	1	0	249	0	252
19160	3	254	0	1	0	258
19161	0	2	0	257	0	259
19162	1	0	263	4	0	268
19163	254	2	1	2	0	259
19164	1	277	0	5	0	283
19165	260	2	1	1	0	264
19166	262	0	0	1	0	263
19167	258	0	0	2	0	260
19168	3	0	1	260	0	264
19169	1	1	0	258	0	260
19170	0	260	1	1	0	262
19171	261	1	0	3	0	265
19172	2	258	0	1	0	261
19173	263	3	0	0	0	266
19174	3	2	268	0	0	273
19175	284	0	3	0	0	287
19176	7	1	0	282	0	290
19177	1	0	281	5	0	287
19178	2	1	281	1	0	285
19179	1	0	4	287	0	292
19180	0	1	286	4	0	291
19181	1	0	6	279	0	286
19182	266	1	2	5	0	274
19183	6	0	1	272	0	279
19184	1	1	270	5	0	277
19185	3	261	4	1	0	269
19186	3	268	0	2	0	273
19187	2	4	2	263	0	271
19188	262	1	1	5	0	269
19189	5	2	0	260	0	267
19190	0	3	0	262	0	265
19191	2	0	0	266	0	268
19192	1	1	1	268	0	271
19193	2	0	262	7	0	271
19194	0	0	264	3	0	267
19195	264	0	5	2	0	271
19196	265	0	2	2	0	269
19197	4	0	3	267	0	274
19198	1	0	3	267	0	271
19199	2	0	262	6	0	270
19200	2	267	4	1	0	274
19201	266	4	0	4	0	274
19202	271	0	1	1	0	273
19203	4	2	1	268	0	275
19204	1	2	270	4	0	277
19205	2	1	4	265	0	272
19206	2	269	0	5	0	276
19207	0	4	270	3	0	277
19208	267	0	5	2	0	274
19209	4	1	0	275	0	280
19210	273	1	1	6	0	281
19211	5	0	271	1	0	277
19212	271	0	5	4	0	280
19213	6	0	1	272	0	279
19214	277	1	1	4	0	283
19215	6	1	1	272	0	280
19216	3	264	1	6	0	274
19217	3	273	1	4	0	281
19218	2	6	0	272	0	280
19219	2	0	262	6	0	270
19220	2	260	2	0	0	264
19221	2	7	0	241	0	250
19222	238	0	0	4	0	242
19223	233	0	1	1	0	235
19224	4	2	0	230	0	236
19225	1	0	1	231	0	233
19226	2	224	0	2	0	228
19227	2	231	0	2	0	235
19228	229	3	1	2	0	235
19229	4	0	0	230	0	234
19230	0	1	0	231	0	232
19231	0	1	230	3	0	234
19232	1	0	4	227	0	232
19233	1	0	0	231	0	232
19234	0	0	1	233	0	234
19235	0	0	229	4	0	233
19236	1	1	3	227	0	232
19237	226	1	0	5	0	232
19238	3	0	225	1	0	229
19239	229	1	3	0	0	233
19240	3	1	1	232	0	237
19241	1	0	0	236	0	237
19242	1	0	1	240	0	242
19243	1	0	230	4	0	235
19244	227	0	4	2	0	233
19245	3	237	1	2	0	243
19246	232	3	0	2	0	237
19247	4	235	2	0	0	241
19248	1	4	1	240	0	246
19249	239	1	0	4	0	244
19250	5	1	239	0	0	245
19251	228	2	3	1	0	234
19252	5	0	236	2	0	243
19253	2	2	5	234	0	243
19254	1	1	236	4	0	242
19255	2	235	5	0	0	242
19256	0	3	2	225	0	230
19257	222	2	1	5	0	230
19258	3	1	2	212	0	218
19259	1	210	0	4	0	215
19260	3	3	0	211	0	217
19261	207	0	0	3	0	210
19262	202	1	1	1	0	205
19263	4	201	0	1	0	206
19264	1	179	0	1	0	181
19265	2	3	0	174	0	179
19266	1	1	0	177	0	179
19267	178	2	0	3	0	183
19268	181	1	0	1	0	183
19269	4	182	0	2	0	188
19270	1	5	0	178	0	184
19271	2	0	0	179	0	181
19272	1	1	179	3	0	184
19273	0	182	3	2	0	187
19274	1	170	0	2	0	173
19275	1	1	1	163	0	166
19276	0	0	162	2	0	164
19277	0	1	161	1	0	163
19278	0	0	1	160	0	161
19279	0	1	1	157	0	159
19280	1	0	164	1	0	166
19281	0	0	1	165	0	166
19282	0	0	161	5	0	166
19283	169	0	3	0	0	172
19284	2	0	0	171	0	173
19285	0	0	177	3	0	180
19286	1	0	175	1	0	177
19287	0	0	3	199	0	202
19288	0	0	219	2	0	221
19289	1	0	228	1	0	230
19290	0	225	3	1	0	229
19291	228	2	2	0	0	232
19292	2	1	231	3	0	237
19293	1	1	2	234	0	238
19294	1	0	1	231	0	233
19295	1	0	2	235	0	238
19296	1	0	232	4	0	237
19297	0	1	2	228	0	231
19298	228	0	1	3	0	232
19299	2	1	1	222	0	226
19300	1	0	222	4	0	227
19301	2	0	2	222	0	226
19302	223	0	1	3	0	227
19303	231	0	1	2	0	234
19304	227	0	1	1	0	229
19305	5	0	0	228	0	233
19306	230	0	1	2	0	233
19307	230	1	0	1	0	232
19308	231	0	0	3	0	234
19309	5	220	1	0	0	226
19310	228	2	1	0	0	231
19311	4	3	0	227	0	234
19312	1	1	226	4	0	232
19313	2	225	3	2	0	232
19314	225	2	2	2	0	231
19315	2	2	2	220	0	226
19316	3	3	0	226	0	232
19317	1	223	0	6	0	230
19318	1	226	2	3	0	232
19319	218	3	2	1	0	224
19320	3	219	0	2	0	224
19321	208	2	1	2	0	213
19322	3	205	2	1	0	211
19323	207	3	1	1	0	212
19324	4	213	0	0	0	217
19325	2	218	1	0	0	221
19326	217	3	0	4	0	224
19327	2	2	213	1	0	218
19328	1	214	5	1	0	221
19329	1	3	2	219	0	225
19330	0	1	2	221	0	224
19331	3	1	2	215	0	221
19332	1	1	0	217	0	219
19333	1	1	218	5	0	225
19334	218	0	4	3	0	225
19335	5	0	1	227	0	233
19336	227	0	1	6	0	234
19337	239	0	1	2	0	242
19338	245	0	1	2	0	248
19339	237	0	1	1	0	239
19340	9	0	236	0	0	245
19341	4	1	5	239	0	249
19342	2	1	244	5	0	252
19343	1	245	8	3	0	257
19344	1	5	1	241	0	248
19345	3	1	2	244	0	250
19346	2	1	1	252	0	256
19347	1	0	1	245	0	247
19348	1	1	249	9	0	260
19349	1	0	5	246	0	252
19350	2	1	1	255	0	259
19351	253	2	1	8	0	264
19352	263	0	2	3	0	268
19353	8	1	1	265	0	275
19354	3	0	0	268	0	271
19355	3	1	0	269	0	273
19356	267	0	2	9	0	278
19357	277	1	0	4	0	282
19358	280	1	0	2	0	283
19359	282	1	1	2	0	286
19360	8	278	1	1	0	288
19361	281	6	0	2	0	289
19362	284	1	0	3	0	288
19363	10	0	2	278	0	290
19364	2	3	0	280	0	285
19365	277	0	0	9	0	286
19366	8	264	2	3	0	277
19367	3	276	1	1	0	281
19368	278	5	0	3	0	286
19369	9	2	0	274	0	285
19370	5	0	0	276	0	281
19371	2	1	0	281	0	284
19372	2	0	1	277	0	280
19373	1	1	1	274	0	277
19374	2	265	0	8	0	275
19375	2	5	0	258	0	265
19376	257	2	0	8	0	267
19377	6	1	0	262	0	269
19378	1	2	0	263	0	266
19379	258	0	1	7	0	266
19380	5	260	0	1	0	266
19381	3	5	0	263	0	271
19382	0	257	0	7	0	264
19383	1	8	0	252	0	261
19384	0	1	254	5	0	260
19385	236	1	5	1	0	243
19386	5	243	0	0	0	248
19387	217	4	0	2	0	223
19388	4	0	204	0	0	208
19389	2	3	4	185	0	194
19390	1	196	0	3	0	200
19391	2	203	0	0	0	205
19392	197	3	1	0	0	201
19393	4	0	0	199	0	203
19394	0	0	207	4	0	211
19395	0	2	4	204	0	210
19396	1	0	206	5	0	212
19397	207	0	4	2	0	213
19398	4	0	217	1	0	222
19399	0	0	4	215	0	219
19400	0	214	1	4	0	219
19401	1	4	0	218	0	223
19402	0	214	1	4	0	219
19403	221	4	0	2	0	227
19404	6	1	0	228	0	235
19405	0	0	232	6	0	238
19406	0	1	224	1	0	226
19407	230	0	6	1	0	237
19408	240	0	0	1	0	241
19409	243	0	0	0	0	243
19410	238	0	0	0	0	238
19411	6	232	0	1	0	239
19412	234	7	0	0	0	241
19413	241	0	0	1	0	242
19414	6	0	229	0	0	235
19415	1	0	5	227	0	233
19416	232	0	0	7	0	239
19417	8	0	228	0	0	236
19418	0	1	6	227	0	234
19419	0	1	238	7	0	246
19420	2	0	6	237	0	245
19421	0	241	0	6	0	247
19422	248	4	0	3	0	255
19423	6	0	245	1	0	252
19424	236	0	5	2	0	243
19425	6	1	0	237	0	244
19426	241	1	0	5	0	247
19427	5	0	1	248	0	254
19428	271	0	0	8	0	279
19429	5	0	276	2	0	283
19430	296	0	5	2	0	303
19431	5	0	0	301	0	306
19432	1	0	0	305	0	306
19433	296	0	1	4	0	301
19434	4	0	0	293	0	297
19435	0	0	293	4	0	297
19436	0	0	2	289	0	291
19437	284	0	0	3	0	287
19438	3	283	0	1	0	287
19439	0	281	1	0	0	282
19440	279	3	1	1	0	284
19441	4	286	0	0	0	290
19442	0	2	0	278	0	280
19443	282	1	1	2	0	286
19444	280	0	0	0	0	280
19445	280	1	0	0	0	281
19446	2	0	281	1	0	284
19447	1	0	1	273	0	275
19448	1	280	0	2	0	283
19449	1	2	0	283	0	286
19450	0	0	287	2	0	289
19451	0	283	2	0	0	285
19452	0	2	0	282	0	284
19453	273	1	0	2	0	276
19454	2	273	0	1	0	276
19455	1	2	287	0	0	290
19456	0	1	3	282	0	286
19457	0	0	279	2	0	281
19458	1	0	2	276	0	279
19459	284	0	1	2	0	287
19460	4	0	0	281	0	285
19461	289	0	0	3	0	292
19462	287	1	0	2	0	290
19463	4	289	0	0	0	293
19464	297	2	0	0	0	299
19465	2	292	0	0	0	294
19466	0	2	303	1	0	306
19467	1	0	2	302	0	305
19468	0	0	2	319	0	321
19469	0	0	315	5	0	320
19470	0	315	3	1	0	319
19471	323	3	0	1	0	327
19472	335	2	0	0	0	337
19473	7	0	0	343	0	350
19474	2	0	0	344	0	346
19475	1	0	0	349	0	350
19476	341	0	0	6	0	347
19477	4	0	331	3	0	338
19478	2	0	343	1	0	346
19479	1	0	5	343	0	349
19480	0	0	337	3	0	340
19481	1	0	337	2	0	340
19482	0	1	5	332	0	338
19483	0	0	345	5	0	350
19484	1	345	3	4	0	353
19485	1	4	1	352	0	358
19486	0	2	370	4	0	376
19487	0	1	4	365	0	370
19488	2	358	2	4	0	366
19489	2	3	0	367	0	372
19490	0	2	374	5	0	381
19491	2	0	4	354	0	360
19492	364	1	1	6	0	372
19493	5	0	371	3	0	379
19494	362	0	4	0	0	366
19495	5	367	2	0	0	374
19496	377	4	0	1	0	382
19497	4	1	2	376	0	383
19498	1	368	0	6	0	375
19499	391	6	0	2	0	399
19500	5	2	0	398	0	405
19501	2	1	401	5	0	409
19502	0	399	5	4	0	408
19503	0	3	2	394	0	399
19504	387	2	0	4	0	393
19505	382	1	0	1	0	384
19506	5	0	0	386	0	391
19507	2	0	386	3	0	391
19508	371	0	3	3	0	377
19509	4	0	381	0	0	385
19510	2	0	3	383	0	388
19511	381	0	2	4	0	387
19512	3	382	0	2	0	387
19513	390	4	0	0	0	394
19514	3	2	383	2	0	390
19515	390	1	3	0	0	394
19516	5	0	1	392	0	398
19517	2	0	0	400	0	402
19518	0	0	399	5	0	404
19519	1	1	3	381	0	386
19520	384	0	3	4	0	391
19521	4	1	0	385	0	390
19522	4	387	0	3	0	394
19523	1	4	0	396	0	401
19524	1	397	1	4	0	403
19525	1	4	393	2	0	400
19526	382	2	4	1	0	389
19527	4	1	1	391	0	397
19528	3	0	369	4	0	376
19529	0	359	4	2	0	365
19530	2	3	1	344	0	350
19531	1	2	1	350	0	354
19532	347	0	0	5	0	352
19533	4	1	0	355	0	360
19534	359	0	0	5	0	364
19535	351	1	1	2	0	355
19536	5	348	1	1	0	355
19537	352	3	0	0	0	355
19538	3	2	0	395	0	400
19539	2	1	390	3	0	396
19540	389	1	3	4	0	397
19541	3	1	1	387	0	392
19542	2	0	381	4	0	387
19543	374	0	2	1	0	377
19544	3	0	2	383	0	388
19545	3	387	1	3	0	394
19546	1	4	0	381	0	386
19547	0	384	0	4	0	388
19548	375	3	0	3	0	381
19549	4	1	379	1	0	385
19550	2	385	4	1	0	392
19551	2	3	1	377	0	383
19552	1	1	376	4	0	382
19553	0	1	364	0	0	365
19554	2	374	3	0	0	379
19555	0	4	1	365	0	370
19556	0	2	0	374	0	376
19557	2	0	0	490	0	492
19558	512	1	0	7	0	520
19559	6	0	558	1	0	565
19560	2	564	7	0	0	573
19561	0	8	2	553	0	563
19562	0	3	0	577	0	580
19563	0	0	564	10	0	574
19564	0	0	8	574	0	582
19565	0	1	574	7	0	582
19566	0	0	561	3	0	564
19567	0	0	559	1	0	560
19568	1	0	8	546	0	555
19569	1	0	2	554	0	557
19570	2	2	1	557	0	562
19571	548	1	0	7	0	556
19572	6	543	0	1	0	550
19573	542	7	0	1	0	550
19574	545	1	1	0	0	547
19575	556	0	0	3	0	559
19576	7	560	1	0	0	568
19577	559	5	2	1	0	567
19578	560	1	1	2	0	564
19579	9	0	0	559	0	568
19580	2	1	0	569	0	572
19581	1	0	0	568	0	569
19582	1	1	555	9	0	566
19583	546	1	6	2	0	555
19584	8	0	1	549	0	558
19585	542	0	0	7	0	549
19586	8	535	1	2	0	546
19587	2	8	2	533	0	545
19588	4	3	0	534	0	541
19589	529	0	0	10	0	539
19590	7	1	0	522	0	530
19591	495	0	0	8	0	503
19592	519	2	1	2	0	524
19593	10	506	1	2	0	519
19594	3	512	2	1	0	518
19595	2	11	1	508	0	522
19596	1	515	1	8	0	525
19597	4	7	1	505	0	517
19598	1	1	506	9	0	517
19599	1	1	473	4	0	479
19600	477	0	7	3	0	487
19601	476	1	2	3	0	482
19602	9	469	2	1	0	481
19603	473	8	0	0	0	481
19604	6	503	1	2	0	512
19605	3	7	0	503	0	513
19606	1	3	1	511	0	516
19607	1	0	1	512	0	514
19608	0	0	3	510	0	513
19609	500	0	2	8	0	510
19610	7	496	3	4	0	510
19611	502	5	3	3	0	513
19612	508	2	0	4	0	514
19613	8	0	496	4	0	508
19614	494	2	6	3	0	505
19615	7	489	2	3	0	501
19616	3	8	1	495	0	507
19617	1	1	2	486	0	490
19618	4	487	2	9	0	502
19619	492	7	0	3	0	502
19620	10	3	486	3	0	502
19621	486	1	6	4	0	497
19622	10	3	484	1	0	498
19623	4	2	7	485	0	498
19624	2	2	2	489	0	495
19625	1	2	3	492	0	498
19626	486	2	2	13	0	503
19627	8	0	500	7	0	515
19628	493	2	7	6	0	508
19629	508	1	4	2	0	515
19630	507	1	3	4	0	515
19631	505	3	3	4	0	515
19632	12	0	3	497	0	512
19633	4	1	492	10	0	507
19634	3	0	6	497	0	506
19635	4	4	497	10	0	515
19636	5	3	484	5	0	497
19637	3	500	8	4	0	515
19638	5	7	1	456	0	469
19639	6	4	0	467	0	477
19640	4	3	2	438	0	447
19641	7	0	2	459	0	468
19642	462	1	4	9	0	476
19643	470	1	2	5	0	478
19644	10	3	0	461	0	474
19645	3	1	453	11	0	468
19646	4	1	7	457	0	469
19647	2	3	2	467	0	474
19648	4	1	458	11	0	474
19649	4	1	8	457	0	470
19650	455	1	2	9	0	467
19651	460	0	1	7	0	468
19652	471	3	0	5	0	479
19653	12	2	1	462	0	477
19654	458	3	0	12	0	473
19655	462	1	2	3	0	468
19656	9	1	443	5	0	458
19657	2	0	319	2	0	323
19658	1	1	298	0	0	300
19659	246	0	2	2	0	250
19660	4	242	0	0	0	246
19661	234	2	5	1	0	242
19662	4	263	0	0	0	267
19663	3	3	0	265	0	271
19664	2	0	0	265	0	267
19665	1	0	0	269	0	270
19666	0	0	261	3	0	264
19667	255	0	3	0	0	258
19668	3	0	0	260	0	263
19669	0	0	262	3	0	265
19670	0	0	251	0	0	251
19671	252	0	2	2	0	256
19672	2	260	0	0	0	262
19673	260	2	0	0	0	262
19674	255	0	0	0	0	255
19675	2	253	0	0	0	255
19676	242	2	0	2	0	246
19677	2	0	256	0	0	258
19678	0	0	256	0	0	256
19679	0	0	266	0	0	266
19680	0	0	2	262	0	264
19681	0	0	265	1	0	266
19682	258	0	1	0	0	259
19683	266	0	0	0	0	266
19684	2	0	265	0	0	267
19685	1	0	2	263	0	266
19686	262	0	1	3	0	266
19687	2	279	0	3	0	284
19688	0	286	0	0	0	286
19689	285	2	0	0	0	287
19690	2	0	296	0	0	298
19691	1	0	2	285	0	288
19692	0	0	0	293	0	293
19693	0	0	0	291	0	291
19694	0	289	0	2	0	291
19695	0	4	0	276	0	280
19696	316	1	0	4	0	321
19697	4	0	0	326	0	330
19698	1	330	0	4	0	335
19699	336	4	0	1	0	341
19700	4	1	0	335	0	340
19701	1	1	0	354	0	356
19702	370	0	0	4	0	374
19703	374	0	0	2	0	376
19704	6	0	0	357	0	363
19705	365	0	0	6	0	371
19706	375	0	0	1	0	376
19707	6	371	0	1	0	378
19708	373	6	0	0	0	379
19709	6	371	0	0	0	377
19710	2	6	1	372	0	381
19711	2	2	385	5	0	394
19712	0	1	5	389	0	395
19713	0	0	2	398	0	400
19714	2	0	1	398	0	401
19715	394	0	0	8	0	402
19716	5	391	0	3	0	399
19717	411	5	0	1	0	417
19718	7	429	0	0	0	436
19719	432	6	0	0	0	438
19720	442	2	0	0	0	444
19721	442	1	1	0	0	444
19722	440	0	0	0	0	440
19723	9	0	445	0	0	454
19724	4	0	7	448	0	459
19725	1	1	2	469	0	473
19726	0	1	464	8	0	473
19727	446	0	5	3	0	454
19728	7	1	1	458	0	467
19729	3	0	451	7	0	461
19730	2	1	452	2	0	457
19731	0	0	8	458	0	466
19732	1	0	475	7	0	483
19733	0	1	9	464	0	474
19734	0	0	4	474	0	478
19735	1	0	459	9	0	469
19736	441	0	7	5	0	453
19737	7	0	3	456	0	466
19738	3	0	469	8	0	480
19739	4	1	7	467	0	479
19740	471	1	2	9	0	483
19741	8	0	468	3	0	479
19742	467	0	7	3	0	477
19743	483	1	2	0	0	486
19744	11	0	2	473	0	486
19745	4	0	1	478	0	483
19746	3	0	477	9	0	489
19747	1	0	8	470	0	479
19748	0	1	2	449	0	452
19749	1	0	3	479	0	483
19750	2	1	461	10	0	474
19751	453	0	7	5	0	465
19752	464	0	4	2	0	470
19753	471	0	2	2	0	475
19754	492	0	0	1	0	493
19755	11	1	0	481	0	493
19756	486	1	0	7	0	494
19757	490	1	0	3	0	494
19758	430	2	1	6	0	439
19759	487	1	0	1	0	489
19760	11	483	0	0	0	494
19761	498	7	0	0	0	505
19762	492	2	0	0	0	494
19763	10	487	0	0	0	497
19764	488	7	1	0	0	496
19765	9	2	0	490	0	501
19766	2	2	0	495	0	499
19767	485	0	1	9	0	495
19768	8	484	0	4	0	496
19769	2	491	0	3	0	496
19770	2	10	1	492	0	505
19771	1	3	500	7	0	511
19772	0	2	6	489	0	497
19773	2	0	3	496	0	501
19774	492	0	2	10	0	504
19775	498	0	0	4	0	502
19776	10	0	1	494	0	505
19777	5	0	482	8	0	495
19778	3	0	7	483	0	493
19779	484	0	3	10	0	497
19780	9	0	504	3	0	516
19781	3	514	9	2	0	528
19782	521	8	3	0	0	532
19783	10	2	2	515	0	529
19784	3	1	0	526	0	530
19785	1	0	0	536	0	537
19786	0	0	516	12	0	528
19787	477	0	8	4	0	489
19788	8	0	497	3	0	508
19789	2	487	9	1	0	499
19790	3	5	2	488	0	498
19791	0	2	2	495	0	499
19792	1	2	0	521	0	524
19793	2	0	513	12	0	527
19794	1	0	507	3	0	511
19795	1	0	519	2	0	522
19796	0	506	11	1	0	518
19797	0	6	4	512	0	522
19798	519	1	1	5	0	526
19799	550	1	0	1	0	552
19800	8	0	557	1	0	566
19801	2	558	7	0	0	567
19802	1	8	555	0	0	564
19803	0	553	8	0	0	561
19804	547	8	6	0	0	561
19805	539	1	4	0	0	544
19806	8	537	1	0	0	546
19807	531	7	2	0	0	540
19808	8	1	0	535	0	544
19809	2	1	0	540	0	543
19810	538	1	1	7	0	547
19811	526	2	0	1	0	529
19812	520	0	0	1	0	521
19813	8	499	0	1	0	508
19814	3	526	0	2	0	531
19815	525	7	0	1	0	533
19816	9	1	513	1	0	524
19817	3	3	8	498	0	512
19818	486	3	0	9	0	498
19819	8	483	2	1	0	494
19820	3	508	0	1	0	512
19821	511	9	2	1	0	523
19822	10	1	501	1	0	513
19823	486	4	9	0	0	499
19824	9	2	481	1	0	493
19825	3	2	482	1	0	488
19826	2	1	6	485	0	494
19827	3	3	485	7	0	498
19828	488	0	6	0	0	494
19829	495	1	2	1	0	499
19830	492	3	1	1	0	497
19831	490	1	1	1	0	493
19832	9	0	3	470	0	482
19833	472	0	2	9	0	483
19834	9	472	1	2	0	484
19835	4	7	0	460	0	471
19836	5	478	0	6	0	489
19837	491	9	2	2	0	504
19838	490	1	0	2	0	493
19839	10	1	2	482	0	495
19840	487	0	1	6	0	494
19841	496	2	1	1	0	500
19842	9	1	3	488	0	501
19843	1	4	1	491	0	497
19844	3	2	4	491	0	500
19845	5	2	485	7	0	499
19846	3	1	461	2	0	467
19847	8	0	464	3	0	475
19848	5	3	8	482	0	498
19849	4	0	492	10	0	506
19850	5	0	7	490	0	502
19851	2	2	531	10	0	545
19852	4	0	510	4	0	518
19853	503	1	9	3	0	516
19854	12	502	4	2	0	520
19855	511	8	3	3	0	525
19856	5	2	3	515	0	525
19857	7	0	3	504	0	514
19858	5	1	501	7	0	514
19859	2	509	8	6	0	525
19860	3	7	1	513	0	524
19861	3	3	511	8	0	525
19862	4	502	8	1	0	515
19863	5	8	2	495	0	510
19864	487	2	6	13	0	508
19865	491	1	1	5	0	498
19866	7	1	7	484	0	499
19867	487	2	2	11	0	502
19868	6	488	4	6	0	504
19869	2	8	6	494	0	510
19870	5	1	516	8	0	530
19871	5	2	8	530	0	545
19872	6	1	527	8	0	542
19873	526	1	6	6	0	539
19874	8	0	1	539	0	548
19875	3	534	5	5	0	547
19876	1	11	2	557	0	571
19877	3	0	552	10	0	565
19878	4	4	547	2	0	557
19879	3	2	541	5	0	551
19880	514	2	16	3	0	535
19881	6	517	1	7	0	531
19882	4	4	2	514	0	524
19883	515	3	1	10	0	529
19884	8	513	2	6	0	529
19885	541	7	3	3	0	554
19886	554	2	2	7	0	565
19887	555	0	5	3	0	563
19888	562	2	3	3	0	570
19889	6	3	560	2	0	571
19890	553	0	6	6	0	565
19891	9	4	547	2	0	562
19892	507	3	4	5	0	519
19893	9	1	2	537	0	549
19894	4	1	535	3	0	543
19895	6	515	4	3	0	528
19896	3	16	4	495	0	518
19897	6	510	1	2	0	519
19898	2	510	2	5	0	519
19899	479	4	2	3	0	488
19900	4	0	466	3	0	473
19901	0	452	4	1	0	457
19902	439	3	1	0	0	443
19903	2	449	0	1	0	452
19904	448	2	1	1	0	452
19905	2	1	0	452	0	455
19906	451	1	0	2	0	454
19907	2	0	0	450	0	452
19908	450	0	1	2	0	453
19909	3	1	0	448	0	452
19910	1	467	0	2	0	470
19911	0	3	0	473	0	476
19912	475	0	0	2	0	477
19913	2	473	0	1	0	476
19914	1	2	0	470	0	473
19915	471	0	0	3	0	474
19916	3	0	0	478	0	481
19917	0	0	0	489	0	489
19918	0	1	494	2	0	497
19919	0	0	477	1	0	478
19920	1	0	1	470	0	472
19921	0	1	485	2	0	488
19922	0	0	2	483	0	485
19923	2	2	0	452	0	456
19924	1	0	0	486	0	487
19925	0	0	484	3	0	487
19926	2	0	3	467	0	472
19927	0	0	0	477	0	477
19928	0	487	0	3	0	490
19929	0	2	0	491	0	493
19930	494	0	0	2	0	496
19931	2	0	0	497	0	499
19932	0	0	573	3	0	576
19933	566	0	8	0	0	574
19934	8	630	2	0	0	640
19935	3	8	2	637	0	650
19936	3	0	633	7	0	643
19937	598	3	8	4	0	613
19938	7	617	3	6	0	633
19939	628	7	3	0	0	638
19940	11	2	0	624	0	637
19941	614	3	0	8	0	625
19942	11	0	613	3	0	627
19943	3	601	7	3	0	614
19944	3	652	2	0	0	657
19945	645	11	3	0	0	659
19946	650	5	3	2	0	660
19947	11	3	646	0	0	660
19948	645	1	8	1	0	655
19949	655	1	3	1	0	660
19950	658	0	4	0	0	662
19951	15	607	0	1	0	623
19952	7	626	0	1	0	634
19953	621	10	0	1	0	632
19954	636	5	0	2	0	643
19955	12	642	0	0	0	654
19956	7	6	1	646	0	660
19957	4	4	646	7	0	661
19958	656	4	8	6	0	674
19959	656	0	3	5	0	664
19960	692	0	3	0	0	695
19961	13	678	1	0	0	692
19962	6	9	682	0	0	697
19963	685	2	7	1	0	695
19964	10	3	2	701	0	716
19965	3	1	3	705	0	712
19966	3	2	0	716	0	721
19967	1	0	703	14	0	718
19968	2	0	8	697	0	707
19969	3	1	708	8	0	720
19970	1	678	10	4	0	693
19971	659	6	4	4	0	673
19972	8	663	3	0	0	674
19973	4	682	1	0	0	687
19974	681	9	0	0	0	690
19975	5	684	0	1	0	690
19976	3	8	1	676	0	688
19977	4	681	0	7	0	692
19978	698	9	0	4	0	711
19979	6	697	0	5	0	708
19980	3	7	1	710	0	721
19981	3	2	710	7	0	722
19982	0	3	7	721	0	731
19983	0	729	4	11	0	744
19984	1	9	3	740	0	753
19985	2	2	1	720	0	725
19986	1	5	0	703	0	709
19987	1	2	0	741	0	744
19988	2	1	0	738	0	741
19989	3	1	0	736	0	740
19990	1	1	738	15	0	755
19991	726	1	10	7	0	744
19992	10	0	3	776	0	789
19993	4	3	771	9	0	787
19994	5	1	777	6	0	789
19995	2	0	14	783	0	799
19996	784	0	7	13	0	804
19997	8	2	773	5	0	788
19998	774	0	10	6	0	790
19999	12	0	797	6	0	815
20000	7	1	11	812	0	831
20001	4	1	8	830	0	843
20002	4	0	826	12	0	842
20003	795	1	10	10	0	816
20004	9	1	6	818	0	834
20005	6	0	808	11	0	825
20006	3	0	817	7	0	827
20007	5	0	13	788	0	806
20008	3	813	8	10	0	834
20009	828	7	5	4	0	844
20010	807	5	3	1	0	816
20011	12	4	821	6	0	843
20012	10	2	9	805	0	826
20013	819	1	4	11	0	835
20014	11	1	812	6	0	830
20015	797	0	9	10	0	816
20016	11	798	9	1	0	819
20017	6	9	3	824	0	842
20018	3	3	2	824	0	832
20019	847	5	2	11	0	865
20020	12	3	1	848	0	864
20021	5	2	0	844	0	851
20022	4	2	1	849	0	856
20023	830	0	0	21	0	851
20024	11	1	817	12	0	841
20025	816	0	12	9	0	837
20026	831	1	5	5	0	842
20027	840	0	3	5	0	848
20028	17	1	5	815	0	838
20029	13	1	820	12	0	846
20030	9	811	11	5	0	836
20031	3	824	4	8	0	839
20032	1	769	2	4	0	776
20033	2	6	770	4	0	782
20034	2	6	9	860	0	877
20035	894	2	2	13	0	911
20036	988	2	0	8	0	998
20037	16	1	4	1010	0	1031
20038	7	0	1007	19	0	1033
20039	7	0	1010	8	0	1025
20040	4	0	18	1006	0	1028
20041	5	1	1025	17	0	1048
20042	2	2	20	1038	0	1062
20043	2	4	9	1021	0	1036
20044	0	1026	7	19	0	1052
20045	4	11	4	1042	0	1061
20046	4	7	4	1066	0	1081
20047	1046	2	0	29	0	1077
20048	16	3	2	1051	0	1072
20049	7	1	6	1064	0	1078
20050	1039	0	1	31	0	1071
20051	18	1036	5	13	0	1072
20052	1048	13	3	12	0	1076
20053	18	6	1038	10	0	1072
20054	1039	6	15	4	0	1064
20055	1036	4	6	7	0	1053
20056	24	2	1008	8	0	1042
20057	15	1	1007	1	0	1024
20058	6	3	23	965	0	997
20059	964	0	8	21	0	993
20060	21	1	958	9	0	989
20061	10	3	20	949	0	982
20062	8	0	951	19	0	978
20063	6	1	21	951	0	979
20064	8	1	7	963	0	979
20065	954	1	7	26	0	988
20066	949	1	9	13	0	972
20067	970	1	5	10	0	986
20068	24	2	962	9	0	997
20069	17	1	958	4	0	980
20070	11	1	25	945	0	982
20071	8	1	12	960	0	981
20072	9	1	8	979	0	997
20073	947	1	6	22	0	976
20074	17	943	6	14	0	980
20075	937	13	3	13	0	966
20076	918	7	5	10	0	940
20077	25	905	3	6	0	939
20078	12	913	4	3	0	932
20079	908	22	3	0	0	933
20080	20	10	1	872	0	903
20081	10	878	3	18	0	909
20082	6	15	3	880	0	904
20083	12	6	858	20	0	896
20084	4	4	15	867	0	890
20085	859	3	8	24	0	894
20086	18	3	849	14	0	884
20087	11	2	830	7	0	850
20088	5	19	23	789	0	836
20089	11	800	14	13	0	838
20090	3	786	5	14	0	808
20091	2	813	8	7	0	830
20092	783	22	2	11	0	818
20093	790	8	5	10	0	813
20094	766	7	3	11	0	787
20095	24	767	3	7	0	801
20096	775	12	7	9	0	803
20097	771	6	6	6	0	789
20098	22	3	757	13	0	795
20099	10	735	17	5	0	767
20100	11	17	9	727	0	764
20101	718	10	8	19	0	755
20102	21	6	713	9	0	749
20103	11	4	17	707	0	739
20104	7	712	8	22	0	749
20105	11	16	5	721	0	753
20106	6	5	3	725	0	739
20107	722	4	4	26	0	756
20108	730	2	7	14	0	753
20109	23	8	2	726	0	759
20110	17	1	717	21	0	756
20111	14	1	718	13	0	746
20112	709	4	23	7	0	743
20113	21	5	726	6	0	758
20114	15	3	20	665	0	703
20115	13	685	14	12	0	724
20116	673	10	8	14	0	705
20117	21	690	5	9	0	725
20118	700	14	11	7	0	732
20119	16	6	4	701	0	727
20120	12	6	7	699	0	724
20121	697	2	6	20	0	725
20122	710	3	3	18	0	734
20123	28	1	5	701	0	735
20124	14	5	5	706	0	730
20125	11	5	688	20	0	724
20126	10	4	686	12	0	712
20127	670	5	19	8	0	702
20128	18	3	648	11	0	680
20129	647	4	17	10	0	678
20130	664	3	10	11	0	688
20131	24	3	632	4	0	663
20132	16	609	11	8	0	644
20133	9	629	10	8	0	656
20134	8	5	495	5	0	513
20135	18	60	14	387	0	479
20136	361	7	12	3	0	383
20137	349	1	0	5	0	355
20138	393	1	0	1	0	395
20139	474	1	2	0	0	477
20140	488	1	2	1	0	492
20141	8	484	2	3	0	497
20142	474	6	1	1	0	482
20143	5	473	0	1	0	479
20144	460	5	3	0	0	468
20145	7	1	450	0	0	458
20146	3	0	5	434	0	442
20147	1	1	1	434	0	437
20148	1	436	0	6	0	443
20149	433	4	0	2	0	439
20150	438	1	0	3	0	442
20151	6	0	2	425	0	433
20152	1	1	0	428	0	430
20153	422	0	0	8	0	430
20154	6	1	0	423	0	430
20155	2	0	1	424	0	427
20156	424	0	0	7	0	431
20157	5	1	0	421	0	427
20158	426	0	0	6	0	432
20159	428	0	0	3	0	431
20160	7	0	421	2	0	430
20161	424	0	4	1	0	429
20162	423	0	0	1	0	424
20163	424	0	1	2	0	427
20164	7	0	410	1	0	418
20165	3	0	5	404	0	412
20166	0	0	2	408	0	410
20167	2	0	397	7	0	406
20168	393	1	6	2	0	402
20169	9	0	0	387	0	396
20170	3	1	383	5	0	392
20171	1	0	395	2	0	398
20172	1	1	5	393	0	400
20173	0	0	398	6	0	404
20174	2	1	6	394	0	403
20175	2	0	0	400	0	402
20176	2	2	391	7	0	402
20177	3	0	6	384	0	393
20178	0	382	4	4	0	390
20179	1	392	3	2	0	398
20180	391	6	0	2	0	399
20181	392	3	2	1	0	398
20182	7	386	1	1	0	395
20183	382	7	0	1	0	390
20184	387	1	0	1	0	389
20185	8	2	1	380	0	391
20186	4	0	0	385	0	389
20187	377	0	0	9	0	386
20188	6	376	0	3	0	385
20189	4	380	0	0	0	384
20190	3	7	0	377	0	387
20191	1	0	380	9	0	390
20192	373	0	5	4	0	382
20193	381	0	4	0	0	385
20194	374	0	1	1	0	376
20195	10	375	0	2	0	387
20196	5	4	0	372	0	381
20197	3	1	2	381	0	387
20198	369	0	0	8	0	377
20199	10	369	1	2	0	382
20200	4	8	2	364	0	378
20201	2	4	0	373	0	379
20202	2	1	1	374	0	378
20203	362	0	1	9	0	372
20204	9	365	2	1	0	377
20205	2	8	1	359	0	370
20206	2	360	1	10	0	373
20207	356	6	1	4	0	367
20208	8	2	355	1	0	366
20209	355	3	6	1	0	365
20210	7	0	345	2	0	354
20211	1	2	6	327	0	336
20212	325	2	2	7	0	336
20213	8	0	327	2	0	337
20214	324	0	5	4	0	333
20215	338	1	1	4	0	344
20216	339	1	1	1	0	342
20217	9	0	0	327	0	336
20218	5	0	1	324	0	330
20219	1	0	2	325	0	328
20220	320	0	0	7	0	327
20221	9	334	1	1	0	345
20222	327	4	0	1	0	332
20223	330	1	1	3	0	335
20224	7	0	324	2	0	333
20225	323	0	5	4	0	332
20226	331	0	2	1	0	334
20227	8	1	1	326	0	336
20228	3	1	1	328	0	333
20229	3	0	1	331	0	335
20230	324	0	2	7	0	333
20231	328	0	1	2	0	331
20232	316	1	2	1	0	320
20233	5	301	0	2	0	308
20234	1	282	0	2	0	285
20235	0	295	1	1	0	297
20236	290	5	0	2	0	297
20237	5	1	290	1	0	297
20238	1	0	237	0	0	238
20239	160	0	4	0	0	164
20240	1	0	166	0	0	167
20241	0	0	1	142	0	143
20242	0	138	0	1	0	139
20243	144	1	0	0	0	145
20244	145	0	0	0	0	145
20245	144	0	0	0	0	144
20246	2	0	0	163	0	165
20247	0	0	170	1	0	171
20248	0	0	169	0	0	169
20249	165	0	3	0	0	168
20250	177	0	0	0	0	177
20251	175	0	0	1	0	176
20252	1	0	0	180	0	181
20253	0	0	0	186	0	186
20254	0	0	181	1	0	182
20255	178	0	0	1	0	179
20256	1	1	0	187	0	189
20257	1	0	0	185	0	186
20258	0	0	1	181	0	182
20259	1	186	1	1	0	189
20260	0	1	1	189	0	191
20261	0	0	0	190	0	190
20262	189	0	0	2	0	191
20263	1	0	187	0	0	188
20264	186	0	1	0	0	187
20265	192	0	0	0	0	192
20266	2	0	0	190	0	192
20267	0	0	0	191	0	191
20268	188	0	0	2	0	190
20269	1	0	185	1	0	187
20270	1	186	1	2	0	190
20271	0	1	0	186	0	187
20272	185	0	0	1	0	186
20273	2	0	0	181	0	183
20274	0	0	178	1	0	179
20275	1	0	179	0	0	180
20276	183	0	1	0	0	184
20277	1	0	0	193	0	194
20278	0	0	191	2	0	193
20279	190	0	2	1	0	193
20280	198	0	0	1	0	199
20281	1	0	0	201	0	202
20282	1	0	0	201	0	202
20283	0	201	0	0	0	201
20284	214	0	0	0	0	214
20285	0	1	0	217	0	218
20286	1	0	0	221	0	222
20287	0	0	225	0	0	225
20288	211	0	1	0	0	212
20289	222	0	0	0	0	222
20290	0	219	1	0	0	220
20291	0	0	213	0	0	213
20292	0	1	211	0	0	212
20293	1	1	2	204	0	208
20294	214	0	2	0	0	216
20295	1	0	0	210	0	211
20296	218	0	0	1	0	219
20297	217	0	1	0	0	218
20298	218	0	1	0	0	219
20299	1	0	0	220	0	221
20300	1	0	0	222	0	223
20301	226	0	0	0	0	226
20302	0	0	226	1	0	227
20303	220	0	0	1	0	221
20304	220	0	0	1	0	221
20305	1	0	222	0	0	223
20306	0	0	218	0	0	218
20307	0	215	1	0	0	216
20308	0	2	0	219	0	221
20309	206	0	0	0	0	206
20310	0	0	0	214	0	214
20311	0	0	222	0	0	222
20312	0	218	0	0	0	218
20313	0	219	0	0	0	219
20314	1	0	0	223	0	224
20315	0	0	0	219	0	219
20316	0	224	0	0	0	224
20317	0	0	228	0	0	228
20318	216	0	0	0	0	216
20319	233	0	0	0	0	233
20320	0	231	0	0	0	231
20321	220	0	0	0	0	220
20322	0	0	0	222	0	222
20323	221	0	0	0	0	221
20324	0	0	0	221	0	221
20325	0	231	0	0	0	231
20326	0	0	238	0	0	238
20327	0	0	0	268	0	268
20328	0	0	1	260	0	261
20329	0	0	0	278	0	278
20330	296	0	0	0	0	296
20331	2	0	0	296	0	298
20332	0	0	323	2	0	325
20333	0	0	335	0	0	335
20334	346	0	2	0	0	348
20335	2	0	342	0	0	344
20336	347	0	1	0	0	348
20337	2	0	0	371	0	373
20338	0	0	0	372	0	372
20339	1	0	0	404	0	405
20340	0	0	0	402	0	402
20341	398	0	0	4	0	402
20342	4	0	394	1	0	399
20343	1	0	4	391	0	396
20344	1	400	1	4	0	406
20345	405	4	0	2	0	411
20346	3	1	1	385	0	390
20347	378	0	1	3	0	382
20348	5	0	372	1	0	378
20349	1	0	5	364	0	370
20350	1	372	1	3	0	377
20351	374	3	0	2	0	379
20352	4	2	371	1	0	378
20353	1	0	4	369	0	374
20354	0	0	1	379	0	380
20355	374	0	0	5	0	379
20356	5	0	372	1	0	378
20357	1	0	369	3	0	373
20358	0	2	5	367	0	374
20359	2	0	366	3	0	371
20360	1	0	371	3	0	375
20361	2	0	6	368	0	376
20362	1	0	3	371	0	375
20363	0	0	0	384	0	384
20364	375	2	0	7	0	384
20365	6	374	0	2	0	382
20366	377	4	4	1	0	386
20367	6	1	0	382	0	389
20368	0	383	1	8	0	392
20369	4	4	0	397	0	405
20370	409	2	2	8	0	421
20371	5	430	2	5	0	442
20372	3	5	0	449	0	457
20373	2	1	443	5	0	451
20374	447	0	8	3	0	458
20375	5	1	3	450	0	459
20376	4	1	1	451	0	457
20377	2	1	441	9	0	453
20378	5	0	434	2	0	441
20379	428	3	8	3	0	442
20380	11	428	1	4	0	444
20381	3	7	1	433	0	444
20382	430	3	1	7	0	441
20383	5	1	435	6	0	447
20384	6	420	5	5	0	436
20385	3	8	4	424	0	439
20386	421	1	3	10	0	435
20387	410	1	3	4	0	418
20388	427	2	3	2	0	434
20389	8	413	0	7	0	428
20390	4	6	424	4	0	438
20391	3	2	9	427	0	441
20392	4	0	7	405	0	416
20393	2	1	2	436	0	441
20394	2	5	1	434	0	442
20395	430	0	3	10	0	443
20396	430	1	3	4	0	438
20397	9	1	424	4	0	438
20398	3	3	415	7	0	428
20399	422	2	9	2	0	435
20400	422	1	7	3	0	433
20401	12	1	3	405	0	421
20402	3	409	2	13	0	427
20403	405	8	3	5	0	421
20404	5	400	6	4	0	415
20405	5	412	0	8	0	425
20406	5	8	1	419	0	433
20407	2	4	1	426	0	433
20408	4	2	2	420	0	428
20409	5	2	3	420	0	430
20410	7	1	409	8	0	425
20411	403	4	9	7	0	423
20412	414	3	3	4	0	424
20413	10	2	3	402	0	417
20414	10	2	1	405	0	418
20415	400	5	0	10	0	415
20416	7	2	382	7	0	398
20417	397	2	10	1	0	410
20418	397	2	2	7	0	408
20419	8	4	399	5	0	416
20420	401	1	5	8	0	415
20421	9	0	4	406	0	419
20422	7	1	3	412	0	423
20423	3	1	4	416	0	424
20424	1	5	4	408	0	418
20425	397	0	2	12	0	411
20426	13	0	3	379	0	395
20427	4	0	3	360	0	367
20428	3	339	1	11	0	354
20429	3	340	1	3	0	347
20430	4	5	3	323	0	335
20431	330	1	1	5	0	337
20432	6	1	1	301	0	309
20433	2	2	278	5	0	287
20434	2	1	259	3	0	265
20435	263	0	4	3	0	270
20436	5	263	1	4	0	273
20437	235	4	0	2	0	241
20438	3	1	241	3	0	248
20439	5	3	4	206	0	218
20440	206	0	0	2	0	208
20441	2	200	0	1	0	203
20442	206	0	0	1	0	207
20443	1	0	216	0	0	217
20444	0	1	2	216	0	219
20445	2	0	0	220	0	222
20446	223	2	0	1	0	226
20447	228	0	0	1	0	229
20448	229	0	1	0	0	230
20449	224	0	1	2	0	227
20450	230	1	0	0	0	231
20451	1	235	0	1	0	237
20452	1	1	0	237	0	239
20453	237	0	0	1	0	238
20454	2	1	0	238	0	241
20455	1	1	0	243	0	245
20456	1	0	1	241	0	243
20457	1	237	0	2	0	240
20458	241	1	0	2	0	244
20459	1	0	0	239	0	240
20460	227	0	0	3	0	230
20461	229	1	0	0	0	230
20462	2	223	0	1	0	226
20463	226	1	0	0	0	227
20464	1	0	223	1	0	225
20465	219	0	1	0	0	220
20466	2	1	0	221	0	224
20467	0	1	218	1	0	220
20468	1	221	0	0	0	222
20469	0	1	213	1	0	215
20470	0	196	0	0	0	196
20471	175	2	3	2	0	182
20472	175	0	0	0	0	175
20473	175	0	0	1	0	176
20474	0	176	0	0	0	176
20475	170	0	0	1	0	171
20476	0	0	169	0	0	169
20477	1	0	163	0	0	164
20478	0	0	0	172	0	172
20479	0	0	0	180	0	180
20480	0	181	0	0	0	181
20481	185	0	0	0	0	185
20482	0	0	0	184	0	184
20483	0	183	0	1	0	184
20484	0	0	0	187	0	187
20485	189	0	0	0	0	189
20486	181	0	0	0	0	181
20487	0	1	173	0	0	174
20488	0	0	0	172	0	172
20489	0	0	178	0	0	178
20490	0	0	0	176	0	176
20491	0	0	176	1	0	177
20492	0	0	1	175	0	176
20493	1	0	177	1	0	179
20494	0	0	1	178	0	179
20495	0	0	178	1	0	179
20496	0	0	1	179	0	180
20497	0	0	0	186	0	186
20498	0	195	0	1	0	196
20499	0	1	0	199	0	200
20500	0	0	195	1	0	196
20501	0	0	1	196	0	197
20502	0	0	0	199	0	199
20503	202	0	0	1	0	203
20504	1	0	0	200	0	201
20505	0	0	0	203	0	203
20506	0	1	195	1	0	197
20507	190	0	1	0	0	191
20508	1	0	0	198	0	199
20509	0	0	0	199	0	199
20510	0	0	0	198	0	198
20511	197	0	0	1	0	198
20512	1	0	0	198	0	199
20513	0	0	0	201	0	201
20514	198	0	0	2	0	200
20515	1	193	1	1	0	196
20516	0	1	0	196	0	197
20517	0	0	0	196	0	196
20518	0	0	190	1	0	191
20519	176	0	1	0	0	177
20520	2	0	0	180	0	182
20521	0	0	178	1	0	179
20522	181	0	1	0	0	182
20523	1	0	0	183	0	184
20524	0	0	0	188	0	188
20525	0	0	0	188	0	188
20526	1	0	0	191	0	192
20527	0	1	205	3	0	209
20528	0	0	2	207	0	209
20529	0	0	0	288	0	288
20530	0	0	345	6	0	351
20531	354	0	8	1	0	363
20532	367	0	2	0	0	369
20533	368	0	0	1	0	369
20534	9	0	1	356	0	366
20535	360	0	0	10	0	370
20536	371	0	1	1	0	373
20537	11	0	0	366	0	377
20538	364	0	0	11	0	375
20539	369	1	1	1	0	372
20540	369	0	0	1	0	370
20541	368	0	2	0	0	370
20542	10	0	0	361	0	371
20543	1	347	1	8	0	357
20544	2	350	0	3	0	355
20545	1	355	1	2	0	359
20546	347	11	0	2	0	360
20547	358	2	1	1	0	362
20548	12	1	350	0	0	363
20549	352	1	10	4	0	367
20550	12	0	1	362	0	375
20551	7	0	0	362	0	369
20552	2	0	2	365	0	369
20553	357	0	0	13	0	370
20554	12	2	1	350	0	365
20555	4	344	0	11	0	359
20556	3	10	0	347	0	360
20557	3	1	353	14	0	371
20558	2	1	8	359	0	370
20559	361	2	2	11	0	376
20560	15	1	354	3	0	373
20561	4	0	10	359	0	373
20562	4	0	2	369	0	375
20563	3	1	1	372	0	377
20564	0	359	1	12	0	372
20565	1	11	0	363	0	375
20566	361	2	1	13	0	377
20567	360	3	0	4	0	367
20568	12	1	354	1	0	368
20569	3	0	361	1	0	365
20570	2	2	11	355	0	370
20571	3	0	1	365	0	369
20572	1	0	350	14	0	365
20573	2	2	11	344	0	359
20574	2	350	1	11	0	364
20575	357	10	2	2	0	371
20576	366	1	1	4	0	372
20577	357	0	0	4	0	361
20578	11	1	356	4	0	372
20579	4	1	10	357	0	372
20580	3	0	362	12	0	377
20581	363	0	9	3	0	375
20582	12	356	4	2	0	374
20583	3	10	1	359	0	373
20584	351	2	2	11	0	366
20585	12	0	0	358	0	370
20586	3	1	0	365	0	369
20587	3	0	355	13	0	371
20588	345	0	12	3	0	360
20589	13	348	2	2	0	365
20590	5	9	0	351	0	365
20591	354	1	2	10	0	367
20592	11	0	1	356	0	368
20593	346	1	1	12	0	360
20594	12	346	1	3	0	362
20595	350	11	1	2	0	364
20596	14	3	346	2	0	365
20597	355	2	11	1	0	369
20598	353	1	2	2	0	358
20599	357	0	2	1	0	360
20600	13	0	4	347	0	364
20601	6	1	0	341	0	348
20602	3	3	2	350	0	358
20603	3	338	0	14	0	355
20604	343	13	0	3	0	359
20605	12	1	0	339	0	352
20606	4	0	1	351	0	356
20607	4	2	2	349	0	357
20608	337	0	0	14	0	351
20609	12	2	2	342	0	358
20610	5	0	335	15	0	355
20611	3	342	11	4	0	360
20612	3	12	2	345	0	362
20613	3	4	0	354	0	361
20614	1	4	1	360	0	366
20615	4	1	339	15	0	359
20616	2	3	347	5	0	357
20617	3	0	15	346	0	364
20618	5	0	372	12	0	389
20619	3	1	12	376	0	392
20620	373	0	3	16	0	392
20621	388	0	1	10	0	399
20622	392	0	1	5	0	398
20623	14	2	368	6	0	390
20624	370	2	11	3	0	386
20625	14	0	4	374	0	392
20626	6	2	367	12	0	387
20627	1	1	376	7	0	385
20628	7	353	12	4	0	376
20629	1	294	0	4	0	299
20630	217	5	7	2	0	231
20631	4	1	0	209	0	214
20632	1	0	219	3	0	223
20633	1	1	3	218	0	223
20634	219	1	1	4	0	225
20635	3	0	242	2	0	247
20636	240	0	3	0	0	243
20637	256	0	0	2	0	258
20638	254	0	0	0	0	254
20639	3	252	0	0	0	255
20640	260	3	0	1	0	264
20641	3	1	1	255	0	260
20642	2	0	0	255	0	257
20643	1	0	0	262	0	263
20644	1	0	0	259	0	260
20645	248	0	0	5	0	253
20646	2	251	0	2	0	255
20647	1	235	0	1	0	237
20648	0	250	0	0	0	250
20649	249	3	1	0	0	253
20650	244	0	0	2	0	246
20651	246	0	0	0	0	246
20652	246	0	0	1	0	247
20653	3	0	0	240	0	243
20654	2	0	0	245	0	247
20655	242	0	1	3	0	246
20656	2	241	0	2	0	245
20657	234	2	0	1	0	237
20658	238	1	0	1	0	240
20659	3	0	0	242	0	245
20660	1	240	1	2	0	244
20661	0	1	1	253	0	255
20662	251	1	0	2	0	254
20663	2	0	257	1	0	260
20664	1	0	2	254	0	257
20665	1	256	1	3	0	261
20666	258	2	0	2	0	262
20667	254	1	1	0	0	256
20668	3	0	252	0	0	255
20669	2	254	2	0	0	258
20670	0	2	248	1	0	251
20671	0	1	2	251	0	254
20672	0	2	251	2	0	255
20673	0	0	243	1	0	244
20674	0	242	2	0	0	244
20675	239	2	1	0	0	242
20676	237	1	0	0	0	238
20677	2	245	0	0	0	247
20678	1	244	0	0	0	245
20679	0	2	237	0	0	239
20680	0	2	226	0	0	228
20681	0	0	240	0	0	240
20682	0	1	2	238	0	241
20683	0	0	243	1	0	244
20684	1	0	1	240	0	242
20685	0	0	1	237	0	238
20686	0	0	249	1	0	250
20687	0	251	1	1	0	253
20688	0	0	2	249	0	251
20689	250	1	0	1	0	252
20690	1	0	0	253	0	254
20691	1	0	254	1	0	256
20692	0	249	1	1	0	251
20693	0	256	1	0	0	257
20694	0	1	0	260	0	261
20695	258	1	0	1	0	260
20696	251	0	0	2	0	253
20697	2	0	0	249	0	251
20698	1	262	0	2	0	265
20699	0	1	0	267	0	268
20700	0	1	0	272	0	273
20701	0	0	0	270	0	270
20702	292	0	0	2	0	294
20703	1	292	0	1	0	294
20704	297	2	0	1	0	300
20705	299	1	0	1	0	301
20706	301	0	0	1	0	302
20707	306	0	0	1	0	307
20708	4	0	0	301	0	305
20709	1	1	297	2	0	301
20710	0	297	2	1	0	300
20711	299	3	0	0	0	302
20712	309	0	0	0	0	309
20713	311	0	0	0	0	311
20714	3	0	306	0	0	309
20715	306	0	2	0	0	308
20716	306	0	0	1	0	307
20717	2	0	0	310	0	312
20718	0	0	283	2	0	285
20719	0	280	2	1	0	283
20720	1	2	0	283	0	286
20721	279	0	1	1	0	281
20722	1	0	0	285	0	286
20723	1	1	0	287	0	289
20724	294	0	0	2	0	296
20725	5	0	297	0	0	302
20726	301	0	2	1	0	304
20727	286	0	1	1	0	288
20728	287	1	0	1	0	289
20729	290	1	0	0	0	291
20730	3	0	286	1	0	290
20731	2	0	2	284	0	288
20732	0	1	286	2	0	289
20733	1	2	2	279	0	284
20734	1	1	279	2	0	283
20735	246	1	2	1	0	250
20736	2	246	1	1	0	250
20737	2	256	1	0	0	259
20738	3	2	0	273	0	278
20739	3	0	1	282	0	286
20740	3	284	1	4	0	292
20741	289	2	1	2	0	294
20742	304	0	2	1	0	307
20743	308	2	1	1	0	312
20744	327	1	1	0	0	329
20745	8	0	0	319	0	327
20746	3	0	1	329	0	333
20747	338	1	1	4	0	344
20748	4	0	4	326	0	334
20749	2	0	325	6	0	333
20750	0	0	330	2	0	332
20751	4	0	3	328	0	335
20752	0	2	329	5	0	336
20753	327	2	4	2	0	335
20754	4	1	2	325	0	332
20755	325	1	1	8	0	335
20756	3	2	328	8	0	341
20757	4	1	3	333	0	341
20758	4	0	339	5	0	348
20759	6	337	4	1	0	348
20760	326	5	5	4	0	340
20761	326	1	0	3	0	330
20762	6	320	2	2	0	330
20763	321	5	1	2	0	329
20764	5	0	1	321	0	327
20765	2	0	2	322	0	326
20766	315	2	3	7	0	327
20767	5	315	3	2	0	325
20768	1	316	3	2	0	322
20769	1	4	1	320	0	326
20770	314	2	1	4	0	321
20771	316	3	0	2	0	321
20772	315	2	1	3	0	321
20773	4	1	310	3	0	318
20774	3	1	311	1	0	316
20775	4	312	4	1	0	321
20776	316	3	1	0	0	320
20777	7	1	2	306	0	316
20778	309	1	1	4	0	315
20779	304	3	0	3	0	310
20780	7	1	0	303	0	311
20781	2	0	303	7	0	312
20782	306	0	4	3	0	313
20783	6	1	2	302	0	311
20784	0	2	301	6	0	309
20785	297	1	6	3	0	307
20786	300	1	1	2	0	304
20787	7	1	0	298	0	306
20788	4	1	296	6	0	307
20789	5	0	5	292	0	302
20790	5	297	3	6	0	311
20791	3	6	294	3	0	306
20792	6	301	6	1	0	314
20793	301	5	0	4	0	310
20794	304	2	0	2	0	308
20795	302	1	2	5	0	310
20796	299	3	1	5	0	308
20797	7	0	3	297	0	307
20798	284	0	2	9	0	295
20799	7	0	5	282	0	294
20800	270	0	5	5	0	280
20801	5	272	4	6	0	287
20802	7	3	2	250	0	262
20803	1	245	3	6	0	255
20804	250	2	1	4	0	257
20805	241	2	4	4	0	251
20806	5	241	2	3	0	251
20807	2	4	4	238	0	248
20808	5	2	233	5	0	245
20809	3	4	4	236	0	247
20810	4	5	232	2	0	243
20811	7	2	3	217	0	229
20812	6	217	2	4	0	229
20813	214	5	1	4	0	224
20814	218	1	2	3	0	224
20815	4	2	0	218	0	224
20816	224	3	0	8	0	235
20817	10	2	1	222	0	235
20818	4	4	0	227	0	235
20819	3	3	1	230	0	237
20820	230	2	2	5	0	239
20821	238	0	2	1	0	241
20822	232	2	1	2	0	237
20823	7	218	2	4	0	231
20824	214	3	3	3	0	223
20825	6	200	3	3	0	212
20826	207	5	0	3	0	215
20827	7	3	1	205	0	216
20828	3	1	1	208	0	213
20829	205	4	0	3	0	212
20830	210	0	1	4	0	215
20831	5	200	3	5	0	213
20832	202	2	3	4	0	211
20833	11	0	1	198	0	210
20834	4	0	2	204	0	210
20835	199	2	5	3	0	209
20836	7	1	189	4	0	201
20837	4	183	3	3	0	193
20838	0	0	1	163	0	164
20839	3	0	142	1	0	146
20840	2	0	2	141	0	145
20841	139	2	0	1	0	142
20842	1	121	1	2	0	125
20843	2	119	2	0	0	123
20844	0	105	0	4	0	109
20845	3	1	6	95	0	105
20846	94	0	4	1	0	99
20847	0	0	0	93	0	93
20848	94	0	0	0	0	94
20849	94	0	0	0	0	94
20850	0	0	1	93	0	94
20851	96	0	0	0	0	96
20852	0	0	0	102	0	102
20853	0	0	103	0	0	103
20854	104	0	0	0	0	104
20855	0	0	116	0	0	116
20856	111	0	0	0	0	111
20857	0	0	108	0	0	108
20858	0	0	0	98	0	98
20859	0	0	0	100	0	100
20860	102	0	0	0	0	102
20861	0	0	0	105	0	105
20862	108	0	0	0	0	108
20863	0	105	0	0	0	105
20864	111	0	0	0	0	111
20865	0	0	0	115	0	115
20866	0	0	0	115	0	115
20867	0	0	0	115	0	115
20868	0	0	0	114	0	114
20869	0	0	113	0	0	113
20870	0	0	113	0	0	113
20871	0	0	0	113	0	113
20872	0	2	109	1	0	112
20873	0	112	0	0	0	112
20874	0	0	0	112	0	112
20875	0	0	114	0	0	114
20876	0	0	117	0	0	117
20877	0	0	0	119	0	119
20878	0	0	0	123	0	123
20879	0	122	0	1	0	123
20880	0	0	0	127	0	127
20881	0	0	125	0	0	125
20882	129	0	0	0	0	129
20883	1	0	0	130	0	131
20884	132	0	0	1	0	133
20885	128	0	0	0	0	128
20886	139	0	0	1	0	140
20887	1	0	136	0	0	137
20888	0	0	137	1	0	138
20889	133	0	1	1	0	135
20890	1	0	139	0	0	140
20891	0	0	1	135	0	136
20892	0	0	0	136	0	136
20893	0	0	138	1	0	139
20894	0	136	1	0	0	137
20895	139	1	0	0	0	140
20896	1	139	1	0	0	141
20897	0	142	0	0	0	142
20898	144	1	0	0	0	145
20899	3	0	152	0	0	155
20900	0	0	157	0	0	157
20901	0	0	0	149	0	149
20902	154	0	0	1	0	155
20903	1	152	0	0	0	153
20904	157	1	0	1	0	159
20905	1	1	159	0	0	161
20906	1	170	1	0	0	172
20907	0	2	1	172	0	175
20908	0	2	171	6	0	179
20909	0	0	2	177	0	179
20910	1	0	2	158	0	161
20911	0	0	0	179	0	179
20912	0	0	0	181	0	181
20913	178	0	0	3	0	181
20914	179	0	0	2	0	181
20915	3	0	175	0	0	178
20916	168	0	2	0	0	170
20917	2	168	2	0	0	172
20918	168	2	0	0	0	170
20919	2	2	171	0	0	175
20920	3	0	2	168	0	173
20921	0	0	168	2	0	170
20922	0	0	166	2	0	168
20923	0	0	4	165	0	169
20924	0	0	2	167	0	169
20925	0	0	165	4	0	169
20926	0	164	2	2	0	168
20927	0	169	2	0	0	171
20928	0	4	0	168	0	172
20929	165	2	0	2	0	169
20930	2	174	0	1	0	177
20931	2	2	180	0	0	184
20932	0	2	175	0	0	177
20933	0	0	180	0	0	180
20934	0	0	4	176	0	180
20935	179	0	2	1	0	182
20936	2	179	0	2	0	183
20937	2	2	176	0	0	180
20938	0	179	2	0	0	181
20939	0	1	2	184	0	187
20940	0	2	184	2	0	188
20941	0	190	2	2	0	194
20942	0	2	2	191	0	195
20943	0	2	0	195	0	197
20944	0	0	201	4	0	205
20945	0	0	2	196	0	198
20946	0	198	2	1	0	201
20947	0	2	199	2	0	203
20948	196	2	2	0	0	200
20949	2	0	2	195	0	199
20950	2	0	0	196	0	198
20951	0	197	0	4	0	201
20952	192	2	0	1	0	195
20953	2	2	187	0	0	191
20954	194	0	1	0	0	195
20955	2	1	2	186	0	191
20956	2	190	0	1	0	193
20957	0	2	0	190	0	192
20958	1	2	0	196	0	199
20959	193	0	0	5	0	198
20960	206	0	0	2	0	208
20961	4	0	0	205	0	209
20962	2	0	205	2	0	209
20963	196	1	1	2	0	200
20964	2	200	2	0	0	204
20965	2	2	0	199	0	203
20966	0	2	0	206	0	208
20967	0	0	0	206	0	206
20968	0	0	203	4	0	207
20969	0	0	2	202	0	204
20970	0	201	2	2	0	205
20971	0	1	0	203	0	204
20972	0	203	0	1	0	204
20973	0	2	0	203	0	205
20974	0	1	196	2	0	199
20975	192	0	2	2	0	196
20976	2	0	2	198	0	202
20977	2	0	191	2	0	195
20978	0	188	2	2	0	192
20979	188	2	2	0	0	192
20980	2	1	188	0	0	191
20981	180	2	1	0	0	183
20982	2	0	2	188	0	192
20983	2	0	0	194	0	196
20984	0	188	0	2	0	190
20985	192	1	0	2	0	195
20986	185	2	0	0	0	187
20987	3	196	0	0	0	199
20988	2	2	0	200	0	204
20989	1	2	0	199	0	202
20990	0	0	0	203	0	203
20991	0	0	197	3	0	200
20992	193	0	1	2	0	196
20993	1	0	2	196	0	199
20994	2	0	0	194	0	196
20995	0	0	191	3	0	194
20996	0	0	184	2	0	186
20997	0	0	3	194	0	197
20998	0	0	197	1	0	198
20999	182	0	1	2	0	185
21000	1	0	2	189	0	192
21001	3	2	0	189	0	194
21002	0	0	203	2	0	205
21003	1	0	1	206	0	208
21004	0	0	209	1	0	210
21005	0	203	1	1	0	205
21006	189	0	3	0	0	192
21007	192	0	1	0	0	193
21008	1	190	0	1	0	192
21009	0	0	0	193	0	193
21010	0	0	196	1	0	197
21011	0	0	1	194	0	195
21012	190	0	1	1	0	192
21013	0	189	1	1	0	191
21014	193	1	2	0	0	196
21015	2	0	0	191	0	193
21016	192	1	0	0	0	193
21017	0	191	0	1	0	192
21018	192	0	1	1	0	194
21019	1	0	189	2	0	192
21020	1	187	0	1	0	189
21021	1	1	0	188	0	190
21022	196	1	0	0	0	197
21023	196	0	1	2	0	199
21024	1	0	0	197	0	198
21025	196	1	0	0	0	197
21026	192	2	0	0	0	194
21027	192	0	1	1	0	194
21028	1	1	1	193	0	196
21029	0	2	191	1	0	194
21030	1	0	185	1	0	187
21031	2	0	185	0	0	187
21032	190	0	0	2	0	192
21033	1	0	0	195	0	196
21034	2	194	1	0	0	197
21035	3	0	0	194	0	197
21036	1	204	0	2	0	207
21037	210	0	1	2	0	213
21038	1	2	2	210	0	215
21039	2	0	2	207	0	211
21040	214	0	2	1	0	217
21041	1	1	0	210	0	212
21042	1	1	0	212	0	214
21043	214	1	0	2	0	217
21044	1	1	213	2	0	217
21045	2	1	0	216	0	219
21046	2	0	214	1	0	217
21047	212	0	0	3	0	215
21048	2	0	1	216	0	219
21049	218	0	0	2	0	220
21050	0	0	1	228	0	229
21051	2	0	227	2	0	231
21052	2	0	3	230	0	235
21053	230	0	2	3	0	235
21054	1	230	1	3	0	235
21055	2	2	226	0	0	230
21056	221	1	1	2	0	225
21057	2	224	1	1	0	228
21058	3	233	0	1	0	237
21059	0	259	1	2	0	262
21060	0	3	1	287	0	291
21061	285	2	0	2	0	289
21062	296	1	0	4	0	301
21063	3	1	303	1	0	308
21064	301	0	2	0	0	303
21065	2	296	3	0	0	301
21066	2	3	0	297	0	302
21067	301	4	1	1	0	307
21068	302	1	0	3	0	306
21069	306	0	1	2	0	309
21070	305	0	0	1	0	306
21071	308	1	1	0	0	310
21072	5	0	2	303	0	310
21073	4	1	301	2	0	308
21074	1	1	1	308	0	311
21075	2	0	2	310	0	314
21076	310	0	1	3	0	314
21077	5	305	0	2	0	312
21078	311	1	0	1	0	313
21079	315	3	1	1	0	320
21080	325	1	0	2	0	328
21081	325	0	2	4	0	331
21082	5	0	321	1	0	327
21083	318	1	1	2	0	322
21084	322	0	3	2	0	327
21085	304	1	0	0	0	305
21086	327	2	0	1	0	330
21087	5	1	0	310	0	316
21088	6	0	305	1	0	312
21089	305	0	1	2	0	308
21090	4	307	3	2	0	316
21091	6	1	1	303	0	311
21092	5	316	0	1	0	322
21093	1	1	0	322	0	324
21094	318	2	2	1	0	323
21095	319	0	1	4	0	324
21096	320	1	1	3	0	325
21097	5	0	303	0	0	308
21098	309	2	1	1	0	313
21099	3	0	303	3	0	309
21100	6	0	299	0	0	305
21101	4	0	306	0	0	310
21102	3	0	5	283	0	291
21103	1	1	2	291	0	295
21104	2	1	0	292	0	295
21105	1	1	1	287	0	290
21106	3	0	2	285	0	290
21107	2	0	1	289	0	292
21108	2	292	0	4	0	298
21109	288	1	0	3	0	292
21110	2	301	0	2	0	305
21111	2	1	0	304	0	307
21112	1	2	1	306	0	310
21113	303	0	0	6	0	309
21114	1	301	1	3	0	306
21115	306	2	0	0	0	308
21116	2	5	0	298	0	305
21117	5	0	0	301	0	306
21118	2	1	0	300	0	303
21119	4	1	301	3	0	309
21120	1	2	2	302	0	307
21121	4	0	301	1	0	306
21122	4	0	285	3	0	292
21123	3	0	311	2	0	316
21124	4	0	4	313	0	321
21125	1	1	4	317	0	323
21126	1	0	1	324	0	326
21127	320	1	1	3	0	325
21128	3	3	0	334	0	340
21129	344	1	1	2	0	348
21130	3	337	0	5	0	345
21131	355	3	0	2	0	360
21132	372	2	0	3	0	377
21133	8	374	1	0	0	383
21134	380	3	1	3	0	387
21135	383	1	2	1	0	387
21136	384	1	1	1	0	387
21137	379	1	1	1	0	382
21138	7	0	370	0	0	377
21139	1	364	5	1	0	371
21140	3	2	2	362	0	369
21141	366	1	0	5	0	372
21142	5	0	360	1	0	366
21143	4	352	3	2	0	361
21144	1	3	2	347	0	353
21145	2	351	0	5	0	358
21146	2	4	0	354	0	360
21147	2	2	0	357	0	361
21148	2	1	358	4	0	365
21149	1	2	356	3	0	362
21150	335	1	5	4	0	345
21151	4	0	348	1	0	353
21152	2	2	345	1	0	350
21153	1	1	1	341	0	344
21154	2	4	2	337	0	345
21155	1	344	1	6	0	352
21156	3	364	0	3	0	370
21157	2	2	374	1	0	379
21158	1	2	4	380	0	387
21159	0	0	359	4	0	363
21160	0	0	319	0	0	319
21161	0	321	1	0	0	322
21162	5	3	2	302	0	312
21163	305	0	0	2	0	307
21164	2	0	0	306	0	308
21165	309	0	1	2	0	312
21166	311	0	1	0	0	312
21167	311	1	0	0	0	312
21168	2	0	309	1	0	312
21169	312	0	2	0	0	314
21170	1	0	0	315	0	316
21171	313	0	0	2	0	315
21172	316	0	0	0	0	316
21173	3	312	0	0	0	315
21174	312	2	1	1	0	316
21175	3	0	317	0	0	320
21176	308	0	2	1	0	311
21177	315	0	0	1	0	316
21178	3	311	0	1	0	315
21179	311	3	0	0	0	314
21180	3	0	0	302	0	305
21181	0	0	1	299	0	300
21182	1	297	0	2	0	300
21183	1	2	1	299	0	303
21184	0	1	1	299	0	301
21185	1	0	295	2	0	298
21186	0	1	287	2	0	290
21187	285	1	2	3	0	291
21188	291	1	0	3	0	295
21189	3	0	0	294	0	297
21190	2	0	291	4	0	297
21191	2	296	3	1	0	302
21192	3	2	1	294	0	300
21193	2	1	298	2	0	303
21194	303	0	4	0	0	307
21195	4	0	0	310	0	314
21196	1	315	1	3	0	320
21197	3	3	0	320	0	326
21198	1	1	0	329	0	331
21199	2	1	1	327	0	331
21200	325	0	1	4	0	330
21201	4	0	2	326	0	332
21202	325	2	1	4	0	332
21203	328	0	1	2	0	331
21204	5	3	325	1	0	334
21205	1	329	4	2	0	336
21206	2	4	0	312	0	318
21207	0	343	0	6	0	349
21208	349	7	0	1	0	357
21209	8	0	0	351	0	359
21210	1	0	342	8	0	351
21211	3	1	342	0	0	346
21212	3	0	339	1	0	343
21213	339	1	6	2	0	348
21214	9	342	2	1	0	354
21215	340	6	1	2	0	349
21216	5	345	2	1	0	353
21217	1	6	1	345	0	353
21218	2	1	3	343	0	349
21219	2	343	1	6	0	352
21220	2	6	339	1	0	348
21221	2	347	5	2	0	356
21222	346	8	0	1	0	355
21223	6	0	1	332	0	339
21224	1	0	323	10	0	334
21225	1	2	325	2	0	330
21226	2	0	7	324	0	333
21227	2	1	318	8	0	329
21228	3	1	307	0	0	311
21229	302	0	7	1	0	310
21230	5	294	2	0	0	301
21231	284	3	1	1	0	289
21232	4	1	270	2	0	277
21233	1	266	5	1	0	273
21234	1	277	1	1	0	280
21235	2	4	1	277	0	284
21236	0	1	3	288	0	292
21237	2	1	2	287	0	292
21238	2	0	283	7	0	292
21239	2	3	6	282	0	293
21240	1	1	1	293	0	296
21241	287	1	1	8	0	297
21242	5	283	0	3	0	291
21243	1	4	0	291	0	296
21244	288	1	1	8	0	298
21245	287	0	2	1	0	290
21246	7	2	1	281	0	291
21247	2	1	284	7	0	294
21248	1	2	7	281	0	291
21249	1	0	276	7	0	284
21250	287	1	8	0	0	296
21251	312	1	1	2	0	316
21252	6	0	2	329	0	337
21253	0	0	332	9	0	341
21254	1	334	8	3	0	346
21255	2	5	347	1	0	355
21256	3	7	7	318	0	335
21257	2	327	2	3	0	334
21258	301	6	0	0	0	307
21259	6	0	0	302	0	308
21260	0	298	1	4	0	303
21261	306	6	0	0	0	312
21262	6	1	0	301	0	308
21263	0	300	0	5	0	305
21264	1	6	0	303	0	310
21265	0	0	299	7	0	306
21266	293	0	7	0	0	300
21267	297	0	0	3	0	300
21268	6	0	280	0	0	286
21269	1	282	7	0	0	290
21270	289	6	0	0	0	295
21271	5	1	1	289	0	296
21272	2	0	0	281	0	283
21273	1	0	1	281	0	283
21274	0	1	0	291	0	292
21275	0	1	0	287	0	288
21276	279	0	0	8	0	287
21277	283	0	0	2	0	285
21278	6	0	0	279	0	285
21279	1	0	1	283	0	285
21280	1	0	275	7	0	283
21281	0	0	279	3	0	282
21282	269	0	5	1	0	275
21283	6	1	1	269	0	277
21284	1	0	265	7	0	273
21285	2	0	6	266	0	274
21286	270	0	0	6	0	276
21287	273	0	1	1	0	275
21288	6	0	1	268	0	275
21289	1	0	0	276	0	277
21290	270	0	1	6	0	277
21291	8	0	0	261	0	269
21292	1	263	0	7	0	271
21293	1	5	0	258	0	264
21294	0	0	1	253	0	254
21295	0	1	244	5	0	250
21296	0	0	246	1	0	247
21297	0	237	5	2	0	244
21298	232	6	1	0	0	239
21299	234	0	3	0	0	237
21300	233	0	0	1	0	234
21301	6	221	1	1	0	229
21302	2	227	1	0	0	230
21303	225	5	0	1	0	231
21304	5	226	2	1	0	234
21305	0	6	226	2	0	234
21306	1	220	5	0	0	226
21307	2	2	206	0	0	210
21308	201	1	3	2	0	207
21309	207	2	2	0	0	211
21310	2	204	1	0	0	207
21311	201	3	1	1	0	206
21312	229	1	0	1	0	231
21313	236	0	0	2	0	238
21314	8	1	1	231	0	241
21315	236	0	0	6	0	242
21316	8	0	227	3	0	238
21317	226	0	5	1	0	232
21318	7	1	2	234	0	244
21319	5	0	230	6	0	241
21320	2	0	237	4	0	243
21321	2	0	8	237	0	247
21322	0	0	4	242	0	246
21323	234	0	3	8	0	245
21324	5	0	2	236	0	243
21325	3	0	232	7	0	242
21326	2	0	5	230	0	237
21327	2	242	2	6	0	252
21328	241	5	1	4	0	251
21329	5	1	3	242	0	251
21330	2	1	238	7	0	248
21331	2	239	5	2	0	248
21332	231	5	2	2	0	240
21333	5	2	2	232	0	241
21334	2	1	224	6	0	233
21335	2	223	5	2	0	232
21336	218	3	2	1	0	224
21337	215	2	0	2	0	219
21338	216	1	2	2	0	221
21339	7	1	0	211	0	219
21340	5	0	0	218	0	223
21341	215	1	0	5	0	221
21342	5	209	0	4	0	218
21343	213	3	0	4	0	220
21344	4	2	1	213	0	220
21345	217	1	1	3	0	222
21346	4	3	0	219	0	226
21347	4	0	0	214	0	218
21348	2	0	0	220	0	222
21349	3	0	0	218	0	221
21350	0	0	199	8	0	207
21351	0	1	181	4	0	186
21352	146	1	5	2	0	154
21353	3	0	149	2	0	154
21354	2	0	133	0	0	135
21355	133	0	6	0	0	139
21356	137	0	2	0	0	139
21357	5	0	2	140	0	147
21358	143	0	2	3	0	148
21359	5	148	0	2	0	155
21360	157	3	0	0	0	160
21361	150	1	2	2	0	155
21362	170	0	0	0	0	170
21363	5	2	0	170	0	177
21364	4	166	0	2	0	172
21365	2	169	0	1	0	172
21366	168	5	0	0	0	173
21367	172	2	0	1	0	175
21368	5	2	0	167	0	174
21369	2	2	0	169	0	173
21370	2	166	0	5	0	173
21371	166	3	0	2	0	171
21372	4	2	162	1	0	169
21373	3	0	3	168	0	174
21374	0	2	2	173	0	177
21375	2	0	170	5	0	177
21376	0	0	5	169	0	174
21377	0	151	3	5	0	159
21378	0	3	0	179	0	182
21379	0	2	2	177	0	181
21380	0	164	0	6	0	170
21381	0	185	0	2	0	187
21382	0	5	0	186	0	191
21383	188	2	0	5	0	195
21384	3	1	0	190	0	194
21385	2	2	0	193	0	197
21386	0	204	0	7	0	211
21387	2	3	0	215	0	220
21388	0	2	0	216	0	218
21389	0	0	0	219	0	219
21390	208	2	0	6	0	216
21391	3	0	0	216	0	219
21392	2	0	0	215	0	217
21393	0	0	0	221	0	221
21394	2	0	213	5	0	220
21395	204	0	3	5	0	212
21396	3	212	2	1	0	218
21397	219	3	0	2	0	224
21398	4	2	2	213	0	221
21399	4	0	209	4	0	217
21400	202	1	4	2	0	209
21401	6	0	253	0	0	259
21402	2	0	3	256	0	261
21403	257	0	4	5	0	266
21404	263	0	0	2	0	265
21405	270	0	1	0	0	271
21406	6	0	0	270	0	276
21407	3	0	0	279	0	282
21408	1	0	0	280	0	281
21409	1	265	0	7	0	273
21410	0	269	0	3	0	272
21411	1	269	0	3	0	273
21412	0	252	0	1	0	253
21413	0	2	0	258	0	260
21414	0	0	0	257	0	257
21415	256	0	0	2	0	258
21416	254	0	0	0	0	254
21417	256	0	0	1	0	257
21418	2	0	0	256	0	258
21419	0	0	0	261	0	261
21420	260	0	0	1	0	261
21421	256	0	0	0	0	256
21422	3	0	247	0	0	250
21423	1	0	242	0	0	243
21424	1	0	241	0	0	242
21425	0	0	255	0	0	255
21426	0	0	2	262	0	264
21427	257	0	0	2	0	259
21428	2	256	0	0	0	258
21429	0	3	0	266	0	269
21430	0	0	272	2	0	274
21431	0	288	2	0	0	290
21432	0	2	0	293	0	295
21433	0	0	294	2	0	296
21434	1	0	2	291	0	294
21435	0	0	0	304	0	304
21436	304	0	0	2	0	306
21437	2	0	0	304	0	306
21438	0	0	308	2	0	310
21439	0	0	2	307	0	309
21440	0	326	0	2	0	328
21441	0	2	0	342	0	344
21442	1	0	0	343	0	344
21443	0	0	0	342	0	342
21444	346	0	0	2	0	348
21445	347	0	0	0	0	347
21446	356	0	0	1	0	357
21447	355	0	0	1	0	356
21448	2	0	353	0	0	355
21449	355	0	2	0	0	357
21450	358	0	0	0	0	358
21451	2	0	359	0	0	361
21452	0	1	367	0	0	368
21453	0	2	2	374	0	378
21454	0	379	0	2	0	381
21455	390	2	0	1	0	393
21456	397	0	0	1	0	398
21457	401	0	1	0	0	402
21458	3	0	0	395	0	398
21459	0	423	1	2	0	426
21460	443	2	0	2	0	447
21461	455	0	0	0	0	455
21462	3	0	0	433	0	436
21463	1	0	426	2	0	429
21464	435	0	2	1	0	438
21465	2	0	0	444	0	446
21466	447	0	0	3	0	450
21467	2	1	0	459	0	462
21468	0	0	451	2	0	453
21469	482	1	1	2	0	486
21470	2	0	0	497	0	499
21471	1	0	0	501	0	502
21472	0	0	0	503	0	503
21473	2	0	0	496	0	498
21474	497	0	0	2	0	499
21475	3	0	0	490	0	493
21476	1	483	0	3	0	487
21477	0	2	0	496	0	498
21478	1	492	0	1	0	494
21479	1	2	0	502	0	505
21480	1	0	1	509	0	511
21481	0	496	1	3	0	500
21482	0	3	1	501	0	505
21483	0	0	1	501	0	502
21484	500	0	0	4	0	504
21485	3	1	503	0	0	507
21486	1	1	3	498	0	503
21487	504	0	0	6	0	510
21488	503	0	1	0	0	504
21489	499	1	0	1	0	501
21490	5	0	502	1	0	508
21491	1	0	515	0	0	516
21492	1	1	5	513	0	520
21493	525	0	0	6	0	531
21494	6	0	516	0	0	522
21495	503	0	5	1	0	509
21496	6	513	1	0	0	520
21497	2	4	0	554	0	560
21498	0	0	0	573	0	573
21499	577	0	0	4	0	581
21500	4	0	0	582	0	586
21501	552	0	0	5	0	557
21502	563	0	0	1	0	564
21503	5	0	0	560	0	565
21504	1	0	0	564	0	565
21505	561	0	0	5	0	566
21506	4	0	594	0	0	598
21507	590	0	4	3	0	597
21508	5	1	609	0	0	615
21509	625	0	5	2	0	632
21510	679	0	0	0	0	679
21511	670	0	0	3	0	673
21512	663	0	0	0	0	663
21513	5	667	1	0	0	673
21514	681	4	0	1	0	686
21515	686	0	0	0	0	686
21516	4	735	0	0	0	739
21517	744	4	0	1	0	749
21518	5	0	727	0	0	732
21519	735	1	3	1	0	740
21520	5	0	747	0	0	752
21521	1	0	4	752	0	757
21522	1	0	0	758	0	759
21523	0	0	764	4	0	768
21524	1	0	3	762	0	766
21525	9	3	7	551	0	570
21526	784	0	1	5	0	790
21527	5	0	1	790	0	796
21528	1	0	0	786	0	787
21529	1	0	0	788	0	789
21530	1	773	0	6	0	780
21531	2	4	0	764	0	770
21532	760	1	0	10	0	771
21533	6	1	766	0	0	773
21534	1	0	6	779	0	786
21535	1	0	780	6	0	787
21536	768	0	7	0	0	775
21537	6	0	2	805	0	813
21538	3	0	1045	7	0	1055
21539	5	0	12	1045	0	1062
21540	0	0	9	1033	0	1042
21541	1	1045	9	19	0	1074
21542	2	12	4	1077	0	1095
21543	0	7	0	1152	0	1159
21544	0	5	1136	28	0	1169
21545	4	3	12	1148	0	1167
21546	0	0	8	1158	0	1166
21547	1127	1	8	26	0	1162
21548	1122	0	4	22	0	1148
21549	20	1125	0	12	0	1157
21550	1136	13	1	8	0	1158
21551	1146	5	0	7	0	1158
21552	23	1207	4	3	0	1237
21553	19	18	1	1198	0	1236
21554	1211	8	2	18	0	1239
21555	1203	8	0	11	0	1222
21556	1187	4	2	10	0	1203
21557	31	1171	3	6	0	1211
21558	22	12	1193	6	0	1233
21559	1216	10	14	7	0	1247
21560	1210	13	8	4	0	1235
21561	24	1219	7	10	0	1260
21562	1237	17	5	6	0	1265
21563	1254	8	4	5	0	1271
21564	30	11	2	1231	0	1274
21565	21	7	1231	23	0	1282
21566	21	1	20	1247	0	1289
21567	15	3	10	1257	0	1285
21568	10	5	8	1260	0	1283
21569	11	3	1207	35	0	1256
21570	14	4	17	1192	0	1227
21571	9	4	8	1230	0	1251
21572	6	1	10	1228	0	1245
21573	11	3	7	1241	0	1262
21574	12	0	1	1242	0	1255
21575	7	1219	1	45	0	1272
21576	2	24	3	1259	0	1288
21577	4	8	8	1285	0	1305
21578	9	11	1255	36	0	1311
21579	6	6	18	1357	0	1387
21580	8	5	9	1372	0	1394
21581	10	1	13	1427	0	1451
21582	11	2	4	1442	0	1459
21583	1420	6	5	53	0	1484
21584	25	5	7	1455	0	1492
21585	16	2	1	1465	0	1484
21586	18	3	1409	40	0	1470
21587	9	1352	20	37	0	1418
21588	3	1413	15	30	0	1461
21589	1388	26	14	25	0	1453
21590	21	1406	9	19	0	1455
21591	13	32	1	1400	0	1446
21592	1385	15	4	39	0	1443
21593	28	15	1370	27	0	1440
21594	13	12	24	1395	0	1444
21595	13	1390	14	40	0	1457
21596	12	26	13	1388	0	1439
21597	6	1373	8	39	0	1426
21598	9	36	2	1379	0	1426
21599	1359	20	3	42	0	1424
21600	24	14	1382	32	0	1452
21601	19	9	26	1362	0	1416
21602	19	1363	14	41	0	1437
21603	1362	26	11	33	0	1432
21604	25	15	1360	28	0	1428
21605	18	15	23	1351	0	1407
21606	20	13	1307	33	0	1373
21607	18	6	31	1307	0	1362
21608	8	6	1290	41	0	1345
21609	4	8	39	1269	0	1320
21610	6	8	20	1259	0	1293
21611	1231	9	16	42	0	1298
21612	1245	4	16	30	0	1295
21613	36	7	6	1211	0	1260
21614	25	1204	7	37	0	1273
21615	22	23	5	1227	0	1277
21616	8	13	8	1198	0	1227
21617	1144	11	8	53	0	1216
21618	27	1145	5	35	0	1212
21619	1136	23	6	33	0	1198
21620	1132	19	4	21	0	1176
21621	39	1089	4	18	0	1150
21622	28	1136	3	21	0	1188
21623	1119	30	6	22	0	1177
21624	32	15	1094	23	0	1164
21625	1104	18	23	21	0	1166
21626	1117	12	16	15	0	1160
21627	43	1064	17	20	0	1144
21628	28	24	11	1037	0	1100
21629	24	1086	8	33	0	1151
21630	1086	37	10	24	0	1157
21631	1087	21	8	24	0	1140
21632	40	17	7	1080	0	1144
21633	32	20	7	1072	0	1131
21634	1050	8	1	47	0	1106
21635	37	1033	1	36	0	1107
21636	24	1012	7	31	0	1074
21637	20	1012	6	17	0	1055
21638	8	715	3	16	0	742
21639	13	731	0	16	0	760
21640	16	28	8	705	0	757
21641	5	12	678	31	0	726
21642	11	682	14	11	0	718
21643	610	18	5	8	0	641
21644	16	13	4	602	0	635
21645	595	9	2	20	0	626
21646	21	598	5	6	0	630
21647	588	16	9	6	0	619
21648	21	588	8	9	0	626
21649	10	20	3	589	0	622
21650	589	7	6	18	0	620
21651	601	9	5	12	0	627
21652	20	9	4	599	0	632
21653	11	4	4	603	0	622
21654	11	583	4	24	0	622
21655	9	18	3	595	0	625
21656	12	5	0	608	0	625
21657	11	13	1	590	0	615
21658	9	567	3	21	0	600
21659	509	15	1	11	0	536
21660	18	512	1	10	0	541
21661	488	19	1	7	0	515
21662	12	490	3	10	0	515
21663	11	12	481	6	0	510
21664	15	9	11	470	0	505
21665	9	7	464	13	0	493
21666	9	4	460	8	0	481
21667	8	8	17	454	0	487
21668	6	7	460	13	0	486
21669	11	6	10	462	0	489
21670	10	5	6	462	0	483
21671	8	8	4	469	0	489
21672	461	5	2	20	0	488
21673	16	5	2	457	0	480
21674	12	4	1	455	0	472
21675	424	3	1	19	0	447
21676	12	428	0	10	0	450
21677	10	397	1	7	0	415
21678	5	410	1	9	0	425
21679	6	20	1	298	0	325
21680	3	5	300	9	0	317
21681	247	3	8	1	0	259
21682	4	244	2	0	0	250
21683	222	4	0	0	0	226
21684	221	1	0	1	0	223
21685	219	1	2	0	0	222
21686	2	1	233	2	0	238
21687	0	3	4	231	0	238
21688	4	0	1	235	0	240
21689	3	0	1	234	0	238
21690	2	0	1	229	0	232
21691	0	225	1	3	0	229
21692	231	3	1	0	0	235
21693	2	0	223	3	0	228
21694	214	1	2	1	0	218
21695	3	2	0	207	0	212
21696	1	204	0	3	0	208
21697	2	211	0	1	0	214
21698	1	19	0	189	0	209
21699	0	198	0	1	0	199
21700	159	0	0	0	0	159
21701	0	0	152	0	0	152
21702	1	0	0	148	0	149
21703	0	0	0	152	0	152
21704	0	0	0	155	0	155
21705	0	0	0	155	0	155
21706	155	0	0	0	0	155
21707	0	163	0	0	0	163
21708	176	0	0	0	0	176
21709	0	0	0	179	0	179
21710	0	0	0	187	0	187
21711	0	118	0	71	0	189
21712	191	0	0	1	0	192
21713	191	1	0	0	0	192
21714	1	194	0	0	0	195
21715	1	1	0	181	0	183
21716	0	191	0	0	0	191
21717	189	0	0	1	0	190
21718	0	2	195	0	0	197
21719	2	0	190	0	0	192
21720	184	0	2	0	0	186
21721	0	188	0	1	0	189
21722	1	0	0	192	0	193
21723	0	1	0	190	0	191
21724	0	0	194	2	0	196
21725	1	0	0	194	0	195
21726	0	1	1	190	0	192
21727	1	193	0	1	0	195
21728	0	0	0	198	0	198
21729	0	1	0	195	0	196
21730	192	0	0	1	0	193
21731	1	187	0	1	0	189
21732	2	184	0	0	0	186
21733	1	2	0	189	0	192
21734	0	1	0	192	0	193
21735	0	1	0	192	0	193
21736	1	189	0	1	0	191
21737	0	0	1	191	0	192
21738	0	1	1	190	0	192
21739	0	0	0	192	0	192
21740	0	1	0	187	0	188
21741	0	187	0	2	0	189
21742	0	190	0	1	0	191
21743	191	1	1	1	0	194
21744	193	1	0	1	0	195
21745	1	0	0	193	0	194
21746	1	1	193	0	0	195
21747	0	0	0	198	0	198
21748	0	0	1	194	0	195
21749	198	0	0	2	0	200
21750	0	198	0	3	0	201
21751	1	1	0	200	0	202
21752	1	2	0	196	0	199
21753	2	1	193	2	0	198
21754	0	1	194	2	0	197
21755	0	1	2	196	0	199
21756	1	1	1	192	0	195
21757	1	195	0	2	0	198
21758	0	198	1	3	0	202
21759	200	1	0	2	0	203
21760	3	1	0	198	0	202
21761	1	2	198	1	0	202
21762	1	199	0	3	0	203
21763	1	3	1	199	0	204
21764	203	1	1	2	0	207
21765	0	0	1	202	0	203
21766	197	0	0	2	0	199
21767	0	198	0	2	0	200
21768	194	0	0	1	0	195
21769	0	2	0	199	0	201
21770	1	0	212	2	0	215
21771	0	0	0	213	0	213
21772	0	222	2	0	0	224
21773	0	0	1	228	0	229
21774	0	240	0	3	0	243
21775	0	0	0	249	0	249
21776	0	3	236	2	0	241
21777	0	1	228	3	0	232
21778	1	1	235	1	0	238
21779	236	0	3	3	0	242
21780	2	234	3	1	0	240
21781	2	239	0	2	0	243
21782	233	4	1	1	0	239
21783	233	2	0	1	0	236
21784	5	0	0	233	0	238
21785	4	1	229	2	0	236
21786	0	2	217	2	0	221
21787	2	0	3	220	0	225
21788	219	0	2	4	0	225
21789	1	221	2	2	0	226
21790	2	2	1	219	0	224
21791	218	3	0	4	0	225
21792	217	0	0	6	0	223
21793	3	2	213	0	0	218
21794	208	2	2	1	0	213
21795	2	1	220	1	0	224
21796	2	0	217	2	0	221
21797	0	1	3	213	0	217
21798	0	1	2	215	0	218
21799	1	0	0	219	0	220
21800	1	0	211	4	0	216
21801	216	0	2	4	0	222
21802	2	4	2	219	0	227
21803	221	0	0	3	0	224
21804	215	2	0	1	0	218
21805	3	218	0	3	0	224
21806	3	219	2	0	0	224
21807	0	216	0	0	0	216
21808	3	5	1	193	0	202
21809	1	0	193	2	0	196
21810	2	3	1	177	0	183
21811	0	181	1	1	0	183
21812	1	184	1	2	0	188
21813	1	2	0	184	0	187
21814	180	1	0	3	0	184
21815	1	183	0	1	0	185
21816	1	174	0	0	0	175
21817	181	2	0	1	0	184
21818	2	1	0	179	0	182
21819	1	1	0	179	0	181
21820	0	1	0	182	0	183
21821	180	0	0	3	0	183
21822	178	0	0	1	0	179
21823	3	0	1	179	0	183
21824	2	2	168	1	0	173
21825	169	1	2	1	0	173
21826	3	0	2	172	0	177
21827	1	0	172	3	0	176
21828	0	0	169	3	0	172
21829	2	0	1	172	0	175
21830	1	0	188	2	0	191
21831	2	0	1	208	0	211
21832	0	0	1	204	0	205
21833	1	0	1	223	0	225
21834	220	0	0	2	0	222
21835	1	1	0	221	0	223
21836	1	1	0	222	0	224
21837	0	0	1	223	0	224
21838	0	0	0	226	0	226
21839	0	0	218	2	0	220
21840	0	217	0	3	0	220
21841	0	1	1	213	0	215
21842	0	2	0	213	0	215
21843	1	207	1	2	0	211
21844	1	215	1	3	0	220
21845	214	2	2	2	0	220
21846	2	211	0	1	0	214
21847	2	2	1	211	0	216
21848	1	2	214	2	0	219
21849	207	2	1	2	0	212
21850	2	1	209	2	0	214
21851	206	0	1	0	0	207
21852	206	1	2	0	0	209
21853	2	1	210	2	0	215
21854	2	0	2	198	0	202
21855	2	200	2	2	0	206
21856	0	2	0	209	0	211
21857	214	1	1	2	0	218
21858	221	1	1	2	0	225
21859	5	212	1	3	0	221
21860	218	2	2	1	0	223
21861	6	1	0	219	0	226
21862	215	0	3	4	0	222
21863	218	1	1	2	0	222
21864	5	1	1	214	0	221
21865	217	0	1	6	0	224
21866	214	1	0	4	0	219
21867	5	1	214	3	0	223
21868	216	0	3	2	0	221
21869	4	1	208	1	0	214
21870	3	0	195	2	0	200
21871	1	195	5	1	0	202
21872	5	7	3	175	0	190
21873	0	1	188	4	0	193
21874	2	1	177	0	0	180
21875	178	0	2	1	0	181
21876	3	0	2	177	0	182
21877	1	0	0	183	0	184
21878	0	1	1	182	0	184
21879	0	0	1	183	0	184
21880	1	1	0	185	0	187
21881	1	0	184	3	0	188
21882	0	1	179	1	0	181
21883	1	0	4	184	0	189
21884	183	0	1	3	0	187
21885	3	183	0	2	0	188
21886	2	2	1	182	0	187
21887	181	0	0	5	0	186
21888	3	178	0	2	0	183
21889	1	2	0	186	0	189
21890	2	0	2	189	0	193
21891	2	0	1	190	0	193
21892	187	0	1	4	0	192
21893	3	0	185	1	0	189
21894	185	2	1	1	0	189
21895	3	0	1	187	0	191
21896	1	1	1	181	0	184
21897	0	184	0	2	0	186
21898	1	2	186	1	0	190
21899	185	1	2	2	0	190
21900	191	1	0	2	0	194
21901	4	0	185	0	0	189
21902	184	1	3	1	0	189
21903	3	186	0	2	0	191
21904	0	186	1	1	0	188
21905	1	187	1	1	0	190
21906	187	2	1	1	0	191
21907	3	0	187	0	0	190
21908	3	2	2	183	0	190
21909	1	179	1	3	0	184
21910	0	185	1	0	0	186
21911	0	192	0	0	0	192
21912	1	3	0	161	0	165
21913	183	0	0	3	0	186
21914	3	186	0	1	0	190
21915	3	3	0	188	0	194
21916	1	0	1	192	0	194
21917	183	0	0	3	0	186
21918	4	0	0	179	0	183
21919	0	0	0	190	0	190
21920	1	1	193	3	0	198
21921	2	0	3	189	0	194
21922	3	0	0	201	0	204
21923	206	0	1	2	0	209
21924	204	0	1	1	0	206
21925	3	0	2	203	0	208
21926	191	2	0	2	0	195
21927	200	1	0	1	0	202
21928	2	197	1	1	0	201
21929	0	2	198	0	0	200
21930	1	178	3	0	0	182
21931	3	5	0	158	0	166
21932	150	3	2	3	0	158
21933	2	148	0	1	0	151
21934	0	2	0	153	0	155
21935	152	0	0	3	0	155
21936	155	0	1	0	0	156
21937	2	0	1	151	0	154
21938	0	1	163	3	0	167
21939	1	0	2	166	0	169
21940	0	1	0	171	0	172
21941	0	0	169	3	0	172
21942	1	0	2	166	0	169
21943	0	1	0	169	0	170
21944	175	0	0	3	0	178
21945	2	0	0	180	0	182
21946	0	0	0	180	0	180
21947	178	0	0	2	0	180
21948	173	0	1	0	0	174
21949	174	0	0	0	0	174
21950	2	0	169	1	0	172
21951	0	1	2	169	0	172
21952	0	176	0	1	0	177
21953	0	1	1	179	0	181
21954	1	0	185	2	0	188
21955	1	0	2	186	0	189
21956	1	0	187	3	0	191
21957	169	2	0	0	0	171
21958	176	0	0	0	0	176
21959	0	0	0	182	0	182
21960	0	0	0	183	0	183
21961	0	0	0	179	0	179
21962	0	185	0	0	0	185
21963	181	0	0	0	0	181
21964	186	0	0	0	0	186
21965	0	0	0	187	0	187
21966	0	0	0	183	0	183
21967	0	0	0	186	0	186
21968	0	0	0	188	0	188
21969	0	0	188	0	0	188
21970	0	0	0	188	0	188
21971	188	0	0	0	0	188
21972	190	0	0	0	0	190
21973	0	0	0	181	0	181
21974	0	0	174	0	0	174
21975	171	0	0	0	0	171
21976	0	0	0	175	0	175
21977	0	166	0	0	0	166
21978	0	180	0	0	0	180
21979	181	0	0	0	0	181
21980	0	0	0	183	0	183
21981	0	0	0	191	0	191
21982	0	0	0	191	0	191
21983	0	0	0	193	0	193
21984	0	0	0	201	0	201
21985	0	0	200	2	0	202
21986	0	0	194	1	0	195
21987	0	0	203	0	0	203
21988	0	0	2	197	0	199
21989	0	0	201	1	0	202
21990	0	0	2	199	0	201
21991	0	0	0	205	0	205
21992	0	0	0	212	0	212
21993	215	0	0	2	0	217
21994	2	0	0	216	0	218
21995	0	0	0	218	0	218
21996	215	0	0	2	0	217
21997	2	214	0	0	0	216
21998	0	218	0	0	0	218
21999	212	2	0	1	0	215
22000	2	220	0	1	0	223
22001	221	2	0	0	0	223
22002	223	0	0	0	0	223
22003	217	0	0	0	0	217
22004	217	0	0	0	0	217
22005	217	0	0	0	0	217
22006	2	216	0	0	0	218
22007	212	2	0	1	0	215
22008	216	0	0	0	0	216
22009	1	221	0	0	0	222
22010	243	2	0	0	0	245
22011	245	0	0	1	0	246
22012	266	0	0	1	0	267
22013	280	0	0	1	0	281
22014	2	0	312	4	0	318
22015	0	0	2	335	0	337
22016	1	0	2	339	0	342
22017	0	0	335	3	0	338
22018	1	0	332	1	0	334
22019	328	0	4	1	0	333
22020	2	0	1	343	0	346
22021	1	1	345	3	0	350
22022	0	0	336	3	0	339
22023	335	0	4	1	0	340
22024	341	0	1	1	0	343
22025	343	0	1	1	0	345
22026	4	0	339	1	0	344
22027	4	0	2	341	0	347
22028	0	1	337	2	0	340
22029	343	1	2	2	0	348
22030	3	0	348	1	0	352
22031	1	2	2	349	0	354
22032	2	0	1	352	0	355
22033	2	362	0	4	0	368
22034	366	1	1	2	0	370
22035	3	1	364	1	0	369
22036	364	0	2	2	0	368
22037	2	1	367	3	0	373
22038	3	0	5	357	0	365
22039	1	0	2	358	0	361
22040	3	1	0	357	0	361
22041	356	0	0	4	0	360
22042	4	0	1	353	0	358
22043	2	0	2	357	0	361
22044	3	343	0	4	0	350
22045	2	2	1	342	0	347
22046	341	1	0	3	0	345
22047	2	0	342	2	0	346
22048	1	0	3	341	0	345
22049	0	0	340	3	0	343
22050	2	341	2	1	0	346
22051	1	2	344	1	0	348
22052	341	1	4	0	0	346
22053	341	0	2	1	0	344
22054	4	0	1	333	0	338
22055	335	0	0	3	0	338
22056	331	0	0	4	0	335
22057	5	0	1	335	0	341
22058	2	0	1	339	0	342
22059	0	0	333	6	0	339
22060	1	330	3	2	0	336
22061	330	3	2	1	0	336
22062	4	322	0	2	0	328
22063	2	2	1	328	0	333
22064	0	1	1	327	0	329
22065	1	1	0	324	0	326
22066	0	0	2	324	0	326
22067	2	1	319	4	0	326
22068	312	0	6	3	0	321
22069	322	0	1	1	0	324
22070	5	0	1	316	0	322
22071	314	1	0	5	0	320
22072	5	0	1	318	0	324
22073	3	0	315	5	0	323
22074	0	0	4	313	0	317
22075	0	313	2	4	0	319
22076	2	3	1	311	0	317
22077	2	316	0	3	0	321
22078	1	4	1	296	0	302
22079	0	302	1	4	0	307
22080	298	2	1	1	0	302
22081	3	2	290	1	0	296
22082	2	284	2	1	0	289
22083	0	288	2	1	0	291
22084	3	2	1	283	0	289
22085	1	1	2	283	0	287
22086	3	0	1	284	0	288
22087	2	0	1	286	0	289
22088	1	279	1	6	0	287
22089	2	1	1	282	0	286
22090	1	2	2	279	0	284
22091	274	0	0	4	0	278
22092	2	1	1	272	0	276
22093	3	0	270	3	0	276
22094	0	1	269	1	0	271
22095	260	0	2	3	0	265
22096	1	263	2	3	0	269
22097	3	265	1	2	0	271
22098	1	3	1	269	0	274
22099	0	2	0	271	0	273
22100	0	1	260	3	0	264
22101	257	1	1	2	0	261
22102	260	0	2	3	0	265
22103	3	0	268	2	0	273
22104	2	2	262	1	0	267
22105	263	1	3	2	0	269
22106	267	0	2	2	0	271
22107	267	1	0	2	0	270
22108	261	0	1	1	0	263
22109	4	255	0	1	0	260
22110	233	1	1	2	0	237
22111	2	1	228	3	0	234
22112	3	1	194	0	0	198
22113	1	1	196	2	0	200
22114	1	17	10	124	0	152
22115	120	0	1	2	0	123
22116	119	0	0	1	0	120
22117	1	0	0	120	0	121
22118	0	0	0	123	0	123
22119	0	0	0	125	0	125
22120	0	122	0	3	0	125
22121	123	1	0	0	0	124
22122	132	0	0	0	0	132
22123	132	0	0	0	0	132
22124	133	0	0	0	0	133
22125	131	0	0	0	0	131
22126	1	0	0	130	0	131
22127	0	130	0	1	0	131
22128	0	1	0	126	0	127
22129	0	0	0	129	0	129
22130	123	0	0	1	0	124
22131	1	0	113	0	0	114
22132	0	1	116	0	0	117
22133	0	0	112	0	0	112
22134	116	0	1	0	0	117
22135	121	0	1	0	0	122
22136	0	0	0	126	0	126
22137	0	0	0	126	0	126
22138	0	0	0	128	0	128
22139	0	1	127	1	0	129
22140	0	0	1	128	0	129
22141	0	0	137	1	0	138
22142	0	0	1	138	0	139
22143	0	0	0	137	0	137
22144	0	0	0	143	0	143
22145	142	0	0	1	0	143
22146	146	0	0	0	0	146
22147	1	0	146	0	0	147
22148	141	0	1	0	0	142
22149	143	0	0	0	0	143
22150	1	0	0	142	0	143
22151	141	0	0	1	0	142
22152	1	0	0	140	0	141
22153	0	0	0	141	0	141
22154	0	0	138	1	0	139
22155	140	0	0	0	0	140
22156	0	0	0	139	0	139
22157	0	0	139	0	0	139
22158	0	0	142	2	0	144
22159	0	0	0	141	0	141
22160	0	0	0	141	0	141
22161	143	0	1	0	0	144
22162	0	0	0	145	0	145
22163	0	0	1	143	0	144
22164	0	0	1	146	0	147
22165	0	0	0	159	0	159
22166	175	0	0	1	0	176
22167	175	0	0	0	0	175
22168	179	0	0	2	0	181
22169	183	0	0	1	0	184
22170	0	0	0	193	0	193
22171	194	0	0	1	0	195
22172	1	0	0	192	0	193
22173	199	0	0	0	0	199
22174	1	0	0	198	0	199
22175	1	0	0	195	0	196
22176	0	191	0	5	0	196
22177	0	0	0	200	0	200
22178	198	0	0	1	0	199
22179	194	0	0	0	0	194
22180	0	0	197	1	0	198
22181	0	201	0	0	0	201
22182	200	1	0	0	0	201
22183	0	208	0	1	0	209
22184	213	0	0	0	0	213
22185	1	224	0	0	0	225
22186	0	0	232	0	0	232
22187	0	232	0	0	0	232
22188	0	231	1	0	0	232
22189	0	1	0	238	0	239
22190	252	0	0	0	0	252
22191	2	0	0	253	0	255
22192	0	0	0	258	0	258
22193	252	1	0	0	0	253
22194	257	2	0	0	0	259
22195	0	0	0	263	0	263
22196	1	0	0	264	0	265
22197	2	0	0	263	0	265
22198	261	0	0	3	0	264
22199	1	0	263	2	0	266
22200	2	0	1	260	0	263
22201	2	0	282	1	0	285
22202	0	277	0	3	0	280
22203	0	1	270	2	0	273
22204	1	0	1	272	0	274
22205	1	0	274	1	0	276
22206	273	0	1	1	0	275
22207	1	0	1	278	0	280
22208	0	288	1	1	0	290
22209	1	1	1	289	0	292
22210	0	288	1	2	0	291
22211	0	287	1	2	0	290
22212	2	290	1	0	0	293
22213	2	0	0	286	0	288
22214	1	287	0	1	0	289
22215	286	1	0	1	0	288
22216	1	1	278	2	0	282
22217	1	0	272	0	0	273
22218	0	2	273	1	0	276
22219	1	1	0	279	0	281
22220	1	1	0	273	0	275
22221	1	1	0	273	0	275
22222	2	1	0	265	0	268
22223	1	0	2	259	0	262
22224	1	272	2	1	0	276
22225	1	1	270	1	0	273
22226	0	0	264	3	0	267
22227	1	272	0	2	0	275
22228	2	0	0	279	0	281
22229	0	1	0	277	0	278
22230	1	2	0	273	0	276
22231	271	2	1	0	0	274
22232	0	1	270	0	0	271
22233	268	1	1	0	0	270
22234	265	3	0	2	0	270
22235	0	258	1	4	0	263
22236	1	256	1	2	0	260
22237	266	0	0	2	0	268
22238	1	0	1	268	0	270
22239	4	0	1	266	0	271
22240	4	0	270	2	0	276
22241	1	2	263	3	0	269
22242	1	2	1	275	0	279
22243	281	2	1	2	0	286
22244	3	0	291	4	0	298
22245	297	0	2	2	0	301
22246	1	0	2	308	0	311
22247	3	0	2	314	0	319
22248	0	1	3	316	0	320
22249	1	0	316	4	0	321
22250	2	311	3	2	0	318
22251	0	326	3	0	0	329
22252	331	1	0	1	0	333
22253	341	1	0	3	0	345
22254	2	1	0	344	0	347
22255	341	0	0	3	0	344
22256	1	0	333	1	0	335
22257	1	1	333	0	0	335
22258	0	1	2	329	0	332
22259	332	1	1	1	0	335
22260	2	1	1	337	0	341
22261	2	3	0	343	0	348
22262	345	0	0	4	0	349
22263	346	1	1	2	0	350
22264	4	363	2	1	0	370
22265	353	1	1	1	0	356
22266	3	2	1	339	0	345
22267	1	341	1	2	0	345
22268	338	3	0	3	0	344
22269	5	336	0	0	0	341
22270	3	2	0	331	0	336
22271	332	2	0	3	0	337
22272	4	0	329	1	0	334
22273	1	0	323	2	0	326
22274	0	2	3	319	0	324
22275	3	0	1	327	0	331
22276	0	1	0	325	0	326
22277	0	327	0	6	0	333
22278	335	3	0	0	0	338
22279	341	1	1	0	0	343
22280	346	1	1	0	0	348
22281	6	353	0	1	0	360
22282	1	4	0	392	0	397
22283	1	1	0	385	0	387
22284	2	1	0	385	0	388
22285	364	1	0	6	0	371
22286	5	355	0	3	0	363
22287	3	5	0	352	0	360
22288	0	1	1	356	0	358
22289	0	0	347	11	0	358
22290	1	335	6	3	0	345
22291	1	6	0	337	0	344
22292	1	2	0	343	0	346
22293	2	1	0	345	0	348
22294	333	0	0	8	0	341
22295	7	324	0	1	0	332
22296	328	5	1	0	0	334
22297	5	2	0	326	0	333
22298	326	0	0	7	0	333
22299	7	0	325	2	0	334
22300	328	0	5	2	0	335
22301	316	0	2	1	0	319
22302	6	1	316	2	0	325
22303	2	0	4	320	0	326
22304	1	1	1	319	0	322
22305	323	1	1	7	0	332
22306	6	2	0	336	0	344
22307	2	1	0	333	0	336
22308	2	0	0	332	0	334
22309	0	2	317	7	0	326
22310	313	1	4	3	0	321
22311	5	326	2	1	0	334
22312	3	3	1	320	0	327
22313	1	320	0	7	0	328
22314	2	332	0	3	0	337
22315	0	5	1	334	0	340
22316	2	1	342	6	0	351
22317	1	2	347	2	0	352
22318	2	2	6	346	0	356
22319	1	0	347	7	0	355
22320	346	0	7	3	0	356
22321	7	1	1	355	0	364
22322	4	0	1	356	0	361
22323	0	357	1	9	0	367
22324	1	4	1	357	0	363
22325	1	0	1	357	0	359
22326	3	349	0	7	0	359
22327	0	5	1	358	0	364
22328	1	1	0	358	0	360
22329	2	349	2	6	0	359
22330	354	6	1	2	0	363
22331	5	3	348	2	0	358
22332	2	1	347	2	0	352
22333	1	1	7	350	0	359
22334	2	2	1	356	0	361
22335	1	1	353	8	0	363
22336	2	1	348	1	0	352
22337	335	0	7	2	0	344
22338	8	343	0	1	0	352
22339	344	7	3	0	0	354
22340	8	0	344	1	0	353
22341	1	342	4	2	0	349
22342	2	6	1	356	0	365
22343	1	0	363	5	0	369
22344	0	0	350	2	0	352
22345	1	0	5	368	0	374
22346	0	1	359	6	0	366
22347	0	360	5	2	0	367
22348	1	4	0	359	0	364
22349	0	1	363	5	0	369
22350	2	364	4	1	0	371
22351	361	4	1	0	0	366
22352	3	0	354	0	0	357
22353	0	348	4	1	0	353
22354	0	4	1	351	0	356
22355	0	0	0	359	0	359
22356	353	0	1	4	0	358
22357	5	0	0	349	0	354
22358	0	1	0	354	0	355
22359	351	0	0	4	0	355
22360	4	0	1	345	0	350
22361	0	1	336	4	0	341
22362	1	1	4	333	0	339
22363	0	0	333	3	0	336
22364	0	0	302	0	0	302
22365	0	0	314	1	0	315
22366	3	0	4	306	0	313
22367	0	1	0	319	0	320
22368	315	0	0	3	0	318
22369	2	0	1	310	0	313
22370	0	316	0	2	0	318
22371	1	2	0	330	0	333
22372	2	0	1	323	0	326
22373	0	326	0	2	0	328
22374	334	2	0	2	0	338
22375	325	0	0	2	0	327
22376	3	321	0	0	0	324
22377	0	314	0	1	0	315
22378	0	4	1	314	0	319
22379	317	0	0	1	0	318
22380	1	0	320	1	0	322
22381	0	0	293	1	0	294
22382	260	0	1	0	0	261
22383	0	273	0	0	0	273
22384	0	0	0	270	0	270
22385	0	0	0	278	0	278
22386	0	0	0	284	0	284
22387	0	1	1	279	0	281
22388	0	283	0	0	0	283
22389	0	0	0	281	0	281
22390	282	0	1	0	0	283
22391	0	1	0	284	0	285
22392	1	0	0	284	0	285
22393	287	0	1	0	0	288
22394	282	1	0	0	0	283
22395	288	0	0	1	0	289
22396	288	0	0	1	0	289
22397	1	0	0	289	0	290
22398	287	0	0	1	0	288
22399	0	0	0	288	0	288
22400	289	0	0	0	0	289
22401	290	0	0	1	0	291
22402	0	0	1	295	0	296
22403	1	0	293	1	0	295
22404	291	0	1	1	0	293
22405	292	0	1	2	0	295
22406	279	0	2	0	0	281
22407	280	1	0	1	0	282
22408	0	0	0	284	0	284
22409	1	0	289	0	0	290
22410	0	1	283	1	0	285
22411	279	1	0	1	0	281
22412	295	0	1	1	0	297
22413	0	294	1	1	0	296
22414	0	294	0	1	0	295
22415	306	0	0	2	0	308
22416	2	0	0	297	0	299
22417	0	1	0	306	0	307
22418	304	1	0	1	0	306
22419	1	315	0	0	0	316
22420	313	0	0	2	0	315
22421	0	0	318	0	0	318
22422	311	1	0	2	0	314
22423	1	0	1	311	0	313
22424	0	1	322	0	0	323
22425	0	323	1	1	0	325
22426	0	0	0	333	0	333
22427	0	0	339	3	0	342
22428	1	0	0	339	0	340
22429	351	1	0	0	0	352
22430	0	1	346	1	0	348
22431	337	2	0	1	0	340
22432	0	350	0	2	0	352
22433	0	1	0	358	0	359
22434	2	0	379	0	0	381
22435	2	0	0	377	0	379
22436	1	0	394	0	0	395
22437	1	396	0	0	0	397
22438	382	0	0	2	0	384
22439	2	391	0	0	0	393
22440	0	0	1	394	0	395
22441	0	0	1	393	0	394
22442	1	0	371	0	0	372
22443	322	1	1	2	0	326
22444	0	348	1	1	0	350
22445	1	321	0	0	0	322
22446	0	329	0	1	0	330
22447	0	0	1	325	0	326
22448	0	323	0	1	0	324
22449	1	1	0	319	0	321
22450	0	321	0	0	0	321
22451	0	0	0	312	0	312
22452	0	324	0	0	0	324
22453	328	0	0	0	0	328
22454	0	0	327	0	0	327
22455	314	0	0	0	0	314
22456	320	0	0	0	0	320
22457	325	0	1	0	0	326
22458	1	324	0	2	0	327
22459	329	0	0	0	0	329
22460	327	0	0	0	0	327
22461	337	1	0	0	0	338
22462	1	1	330	0	0	332
22463	1	0	0	332	0	333
22464	1	0	349	0	0	350
22465	0	0	1	336	0	337
22466	338	0	0	1	0	339
22467	0	334	1	0	0	335
22468	0	0	384	2	0	386
22469	0	0	3	396	0	399
22470	0	1	0	423	0	424
22471	0	0	466	4	0	470
22472	453	0	4	0	0	457
22473	474	0	0	1	0	475
22474	477	0	0	0	0	477
22475	5	0	0	478	0	483
22476	2	472	0	5	0	479
22477	1	489	1	0	0	491
22478	1	4	0	489	0	494
22479	2	0	2	481	0	485
22480	1	476	0	4	0	481
22481	482	4	1	2	0	489
22482	5	475	0	1	0	481
22483	1	5	0	473	0	479
22484	2	0	471	5	0	478
22485	0	1	4	463	0	468
22486	463	2	0	5	0	470
22487	5	1	456	0	0	462
22488	458	1	3	3	0	465
22489	475	0	0	2	0	477
22490	474	1	2	0	0	477
22491	482	0	0	1	0	483
22492	486	1	0	1	0	488
22493	3	0	471	1	0	475
22494	3	1	471	0	0	475
22495	498	0	5	1	0	504
22496	514	0	1	0	0	515
22497	10	0	1	546	0	557
22498	4	550	0	8	0	562
22499	3	11	1	562	0	577
22500	573	1	1	13	0	588
22501	15	1	0	544	0	560
22502	4	568	1	10	0	583
22503	574	12	1	5	0	592
22504	574	2	1	1	0	578
22505	578	1	0	4	0	583
22506	16	570	0	1	0	587
22507	3	12	0	577	0	592
22508	2	5	0	576	0	583
22509	2	551	1	18	0	572
22510	3	13	0	557	0	573
22511	556	2	1	15	0	574
22512	559	4	0	2	0	565
22513	15	549	0	3	0	567
22514	4	11	1	544	0	560
22515	5	2	1	547	0	555
22516	1	3	0	550	0	554
22517	531	2	1	17	0	551
22518	12	0	520	8	0	540
22519	505	3	13	2	0	523
22520	15	1	520	5	0	541
22521	7	1	12	502	0	522
22522	6	504	1	13	0	524
22523	4	531	2	3	0	540
22524	506	14	2	7	0	529
22525	521	4	1	3	0	529
22526	14	498	1	5	0	518
22527	7	508	1	3	0	519
22528	510	13	3	3	0	529
22529	516	5	0	2	0	523
22530	15	519	3	5	0	542
22531	522	17	0	2	0	541
22532	17	6	520	3	0	546
22533	515	5	12	3	0	535
22534	509	3	2	3	0	517
22535	20	4	1	491	0	516
22536	5	481	3	14	0	503
22537	7	16	2	483	0	508
22538	489	5	1	16	0	511
22539	17	2	1	474	0	494
22540	6	3	1	485	0	495
22541	6	3	479	18	0	506
22542	3	4	14	486	0	507
22543	7	2	3	500	0	512
22544	492	2	1	18	0	513
22545	15	1	486	8	0	510
22546	487	3	13	5	0	508
22547	15	1	4	489	0	509
22548	8	3	2	500	0	513
22549	4	1	5	494	0	504
22550	6	470	1	20	0	497
22551	2	488	3	6	0	499
22552	4	17	0	475	0	496
22553	470	3	1	16	0	490
22554	487	2	0	5	0	494
22555	17	4	2	473	0	496
22556	474	4	1	16	0	495
22557	17	3	1	475	0	496
22558	5	2	0	487	0	494
22559	461	2	2	17	0	482
22560	18	479	2	2	0	501
22561	471	18	2	3	0	494
22562	477	3	1	7	0	488
22563	482	0	2	7	0	491
22564	18	463	0	6	0	487
22565	4	17	0	465	0	486
22566	8	4	1	476	0	489
22567	5	1	457	20	0	483
22568	3	4	9	412	0	428
22569	4	0	379	13	0	396
22570	1	359	12	3	0	375
22571	4	304	4	1	0	313
22572	2	315	0	4	0	321
22573	4	10	4	309	0	327
22574	3	3	1	320	0	327
22575	1	3	1	320	0	325
22576	2	2	0	326	0	330
22577	1	1	315	16	0	333
22578	4	1	368	6	0	379
22579	1	3	11	376	0	391
22580	1	4	380	14	0	399
22581	381	1	14	6	0	402
22582	395	1	3	3	0	402
22583	14	1	385	6	0	406
22584	4	0	12	390	0	406
22585	5	2	2	402	0	411
22586	3	1	3	405	0	412
22587	2	1	3	406	0	412
22588	2	0	2	409	0	413
22589	309	2	1	21	0	333
22590	387	2	1	8	0	398
22591	12	389	2	6	0	409
22592	3	11	379	4	0	397
22593	3	364	15	7	0	389
22594	2	383	0	6	0	391
22595	350	8	4	4	0	366
22596	10	350	1	2	0	363
22597	1	312	1	2	0	316
22598	305	3	4	2	0	314
22599	4	2	298	3	0	307
22600	285	3	4	1	0	293
22601	5	1	1	292	0	299
22602	2	0	2	282	0	286
22603	3	0	1	283	0	287
22604	2	1	272	7	0	282
22605	1	277	3	5	0	286
22606	285	4	0	4	0	293
22607	3	0	2	290	0	295
22608	0	297	0	7	0	304
22609	3	6	1	298	0	308
22610	2	1	296	6	0	305
22611	2	5	5	298	0	310
22612	2	3	2	306	0	313
22613	5	1	2	303	0	311
22614	300	3	3	7	0	313
22615	8	0	0	300	0	308
22616	3	2	293	9	0	307
22617	2	296	7	3	0	308
22618	5	4	0	300	0	309
22619	0	0	5	306	0	311
22620	2	4	290	7	0	303
22621	3	1	287	5	0	296
22622	284	3	5	4	0	296
22623	285	1	3	3	0	292
22624	7	283	4	2	0	296
22625	284	7	1	3	0	295
22626	7	2	283	1	0	293
22627	1	2	279	4	0	286
22628	277	3	7	2	0	289
22629	274	0	5	5	0	284
22630	4	1	266	5	0	276
22631	256	1	5	5	0	267
22632	9	1	256	4	0	270
22633	260	1	8	5	0	274
22634	269	2	1	3	0	275
22635	5	0	2	268	0	275
22636	3	284	1	7	0	295
22637	226	7	3	6	0	242
22638	4	2	285	5	0	296
22639	1	305	6	1	0	313
22640	296	6	2	2	0	306
22641	286	1	4	2	0	293
22642	5	289	2	2	0	298
22643	7	5	1	288	0	301
22644	4	1	282	7	0	294
22645	4	2	7	287	0	300
22646	1	0	279	11	0	291
22647	2	0	7	285	0	294
22648	1	2	1	294	0	298
22649	4	0	281	8	0	293
22650	0	283	8	4	0	295
22651	3	7	0	281	0	291
22652	2	2	237	9	0	250
22653	278	3	3	4	0	288
22654	5	4	1	287	0	297
22655	2	1	4	290	0	297
22656	290	1	3	5	0	299
22657	6	2	1	282	0	291
22658	1	1	1	284	0	287
22659	5	278	1	5	0	289
22660	3	6	1	275	0	285
22661	1	0	276	9	0	286
22662	2	3	6	274	0	285
22663	2	273	1	6	0	282
22664	1	273	6	4	0	284
22665	3	3	1	278	0	285
22666	274	2	4	5	0	285
22667	5	4	2	273	0	284
22668	277	3	0	4	0	284
22669	6	1	2	279	0	288
22670	278	3	3	5	0	289
22671	286	1	1	1	0	289
22672	4	0	5	277	0	286
22673	4	8	4	266	0	282
22674	7	263	0	5	0	275
22675	3	266	3	5	0	277
22676	2	3	261	5	0	271
22677	4	253	3	2	0	262
22678	191	2	5	1	0	199
22679	3	0	1	188	0	192
22680	1	187	0	2	0	190
22681	190	1	0	2	0	193
22682	2	1	0	192	0	195
22683	0	0	1	188	0	189
22684	0	0	1	190	0	191
22685	1	2	0	196	0	199
22686	1	220	0	2	0	223
22687	1	229	1	0	0	231
22688	252	1	0	1	0	254
22689	1	264	1	1	0	267
22690	1	2	2	264	0	269
22691	1	1	0	267	0	269
22692	2	0	1	268	0	271
22693	1	0	1	267	0	269
22694	268	0	0	3	0	271
22695	270	0	2	2	0	274
22696	3	1	268	0	0	272
22697	3	0	1	268	0	272
22698	0	0	273	2	0	275
22699	1	1	1	272	0	275
22700	0	1	1	284	0	286
22701	285	0	1	3	0	289
22702	3	1	1	283	0	288
22703	2	1	283	2	0	288
22704	2	0	276	2	0	280
22705	277	2	1	0	0	280
22706	1	1	281	2	0	285
22707	2	0	1	265	0	268
22708	2	0	277	2	0	281
22709	1	0	1	272	0	274
22710	0	281	1	2	0	284
22711	0	0	0	279	0	279
22712	0	283	0	0	0	283
22713	0	285	0	1	0	286
22714	1	1	0	288	0	290
22715	286	2	0	0	0	288
22716	0	293	0	2	0	295
22717	1	0	0	290	0	291
22718	288	1	0	1	0	290
22719	296	0	0	2	0	298
22720	303	0	0	0	0	303
22721	2	0	0	298	0	300
22722	1	0	0	302	0	303
22723	305	0	0	2	0	307
22724	300	0	1	1	0	302
22725	298	0	0	1	0	299
22726	1	0	0	300	0	301
22727	2	0	285	0	0	287
22728	289	0	0	2	0	291
22729	0	0	2	284	0	286
22730	1	283	2	0	0	286
22731	1	2	0	284	0	287
22732	0	282	1	1	0	284
22733	1	0	0	294	0	295
22734	0	1	286	0	0	287
22735	0	276	0	1	0	277
22736	1	0	1	269	0	271
22737	0	1	0	266	0	267
22738	1	0	0	265	0	266
22739	268	0	0	2	0	270
22740	2	270	1	1	0	274
22741	3	2	0	273	0	278
22742	274	3	0	2	0	279
22743	280	0	0	3	0	283
22744	5	1	0	274	0	280
22745	3	0	283	2	0	288
22746	0	0	2	286	0	288
22747	0	284	3	3	0	290
22748	0	2	0	293	0	295
22749	289	2	0	2	0	293
22750	2	0	0	295	0	297
22751	2	0	304	2	0	308
22752	0	322	2	3	0	327
22753	333	1	2	0	0	336
22754	2	4	332	0	0	338
22755	338	0	3	1	0	342
22756	3	0	4	335	0	342
22757	5	0	0	339	0	344
22758	0	341	0	7	0	348
22759	362	3	0	2	0	367
22760	2	3	0	365	0	370
22761	5	0	0	360	0	365
22762	0	0	0	370	0	370
22763	1	0	363	6	0	370
22764	0	0	2	366	0	368
22765	373	0	4	3	0	380
22766	391	0	0	4	0	395
22767	9	0	0	385	0	394
22768	5	0	0	388	0	393
22769	385	0	0	6	0	391
22770	2	0	382	4	0	388
22771	389	0	5	0	0	394
22772	4	0	387	0	0	391
22773	4	0	381	0	0	385
22774	3	0	7	378	0	388
22775	0	0	401	3	0	404
22776	392	0	3	4	0	399
22777	6	0	4	405	0	415
22778	4	0	409	3	0	416
22779	406	0	3	5	0	414
22780	407	0	4	2	0	413
22781	7	0	433	0	0	440
22782	5	1	2	424	0	432
22783	0	439	4	1	0	444
22784	449	3	0	3	0	455
22785	3	3	448	0	0	454
22786	410	0	3	1	0	414
22787	3	409	4	0	0	416
22788	383	3	4	0	0	390
22789	375	3	0	0	0	378
22790	387	0	1	0	0	388
22791	6	2	0	380	0	388
22792	3	383	0	3	0	389
22793	0	3	382	2	0	387
22794	0	390	3	0	0	393
22795	1	3	3	371	0	378
22796	0	380	0	4	0	384
22797	0	389	0	2	0	391
22798	381	5	0	1	0	387
22799	4	4	370	0	0	378
22800	3	1	379	0	0	383
22801	0	0	384	0	0	384
22802	0	384	6	0	0	390
22803	392	3	3	0	0	398
22804	395	2	0	0	0	397
22805	398	0	0	0	0	398
22806	5	389	0	0	0	394
22807	3	3	0	399	0	405
22808	0	3	379	3	0	385
22809	0	1	371	3	0	375
22810	378	0	6	0	0	384
22811	381	0	3	0	0	384
22812	383	0	0	0	0	383
22813	6	0	374	0	0	380
22814	377	0	3	0	0	380
22815	3	0	3	378	0	384
22816	3	0	0	377	0	380
22817	0	0	384	6	0	390
22818	0	380	2	3	0	385
22819	0	3	2	380	0	385
22820	0	3	374	3	0	380
22821	369	0	3	4	0	376
22822	4	2	2	378	0	386
22823	5	0	0	380	0	385
22824	375	0	3	8	0	386
22825	4	0	0	382	0	386
22826	379	0	1	5	0	385
22827	376	0	1	5	0	382
22828	6	2	0	377	0	385
22829	5	0	0	383	0	388
22830	386	0	0	7	0	393
22831	3	0	0	395	0	398
22832	398	0	0	5	0	403
22833	397	0	2	3	0	402
22834	396	0	1	1	0	398
22835	8	0	1	393	0	402
22836	4	0	1	390	0	395
22837	398	0	1	9	0	408
22838	3	394	1	5	0	403
22839	3	383	1	0	0	387
22840	378	2	0	2	0	382
22841	2	1	380	1	0	384
22842	376	0	3	0	0	379
22843	3	0	2	395	0	400
22844	2	1	397	2	0	402
22845	400	0	2	2	0	404
22846	2	0	1	402	0	405
22847	2	1	0	415	0	418
22848	1	0	2	417	0	420
22849	3	0	1	417	0	421
22850	415	1	0	2	0	418
22851	1	400	0	1	0	402
22852	377	1	0	1	0	379
22853	5	0	366	0	0	371
22854	1	0	358	1	0	360
22855	0	376	0	1	0	377
22856	3	6	2	374	0	385
22857	0	1	377	0	0	378
22858	1	354	0	1	0	356
22859	0	0	352	0	0	352
22860	0	0	0	345	0	345
22861	0	0	0	349	0	349
22862	350	0	0	0	0	350
22863	0	0	0	342	0	342
22864	343	0	0	0	0	343
22865	0	0	341	0	0	341
22866	0	334	0	0	0	334
22867	0	0	0	350	0	350
22868	0	0	0	366	0	366
22869	0	0	373	0	0	373
22870	0	0	352	0	0	352
22871	356	0	0	0	0	356
22872	371	0	0	0	0	371
22873	0	0	0	367	0	367
22874	0	0	0	367	0	367
22875	0	358	1	0	0	359
22876	0	0	0	378	0	378
22877	374	0	0	1	0	375
22878	376	0	0	0	0	376
22879	1	380	0	0	0	381
22880	384	1	0	0	0	385
22881	360	0	0	0	0	360
22882	0	0	0	383	0	383
22883	0	395	0	4	0	399
22884	0	5	0	401	0	406
22885	0	0	0	402	0	402
22886	0	0	390	5	0	395
22887	408	0	5	0	0	413
22888	6	0	0	439	0	445
22889	0	0	0	474	0	474
22890	0	545	0	12	0	557
22891	0	13	0	592	0	605
22892	602	1	0	16	0	619
22893	645	3	0	5	0	653
22894	19	0	628	4	0	651
22895	7	1	647	2	0	657
22896	5	0	18	663	0	686
22897	5	0	7	682	0	694
22898	2	1	674	19	0	696
22899	0	0	687	9	0	696
22900	2	0	22	661	0	685
22901	2	0	683	18	0	703
22902	0	0	682	7	0	689
22903	0	0	26	672	0	698
22904	680	0	10	20	0	710
22905	703	1	4	9	0	717
22906	22	0	5	689	0	716
22907	8	0	3	697	0	708
22908	690	0	0	25	0	715
22909	20	0	2	687	0	709
22910	692	0	2	21	0	715
22911	705	0	0	12	0	717
22912	25	0	0	694	0	719
22913	12	0	0	706	0	718
22914	692	0	1	26	0	719
22915	20	684	1	8	0	713
22916	9	702	1	8	0	720
22917	4	17	0	694	0	715
22918	4	7	677	19	0	707
22919	4	3	17	690	0	714
22920	688	3	6	22	0	719
22921	17	2	4	689	0	712
22922	690	0	3	22	0	715
22923	19	2	679	9	0	709
22924	690	2	15	7	0	714
22925	22	0	5	700	0	727
22926	8	0	6	717	0	731
22927	6	0	730	23	0	759
22928	5	1	18	738	0	762
22929	4	0	6	759	0	769
22930	7	1	3	764	0	775
22931	739	0	4	28	0	771
22932	19	1	740	12	0	772
22933	7	0	728	11	0	746
22934	728	0	21	8	0	757
22935	753	0	12	2	0	767
22936	24	1	749	3	0	777
22937	8	0	20	729	0	757
22938	6	736	9	18	0	769
22939	9	15	4	760	0	788
22940	754	7	4	21	0	786
22941	762	4	6	11	0	783
22942	24	3	2	753	0	782
22943	10	747	4	21	0	782
22944	10	16	4	747	0	777
22945	7	741	2	21	0	771
22946	748	18	2	15	0	783
22947	738	7	3	10	0	758
22948	760	4	2	6	0	772
22949	26	703	2	9	0	740
22950	14	737	3	3	0	757
22951	10	20	2	745	0	777
22952	6	8	3	755	0	772
22953	4	5	3	757	0	769
22954	6	3	2	763	0	774
22955	3	3	724	33	0	763
22956	712	1	15	12	0	740
22957	18	1	740	11	0	770
22958	756	2	22	8	0	788
22959	24	0	765	10	0	799
22960	763	0	22	4	0	789
22961	25	1	776	6	0	808
22962	773	0	19	6	0	798
22963	26	3	10	779	0	818
22964	798	1	6	24	0	829
22965	26	1	4	800	0	831
22966	15	0	4	812	0	831
22967	7	1	2	799	0	809
22968	7	756	1	28	0	792
22969	759	18	3	13	0	793
22970	766	8	2	10	0	786
22971	26	750	1	10	0	787
22972	12	21	1	763	0	797
22973	7	7	748	22	0	784
22974	740	5	17	12	0	774
22975	772	2	9	6	0	789
22976	762	4	4	9	0	779
22977	31	1	3	733	0	768
22978	13	720	3	20	0	756
22979	7	19	3	723	0	752
22980	723	5	3	23	0	754
22981	24	2	4	709	0	739
22982	10	692	3	17	0	722
22983	679	16	0	9	0	704
22984	21	6	676	9	0	712
22985	12	3	662	8	0	685
22986	7	665	18	3	0	693
22987	7	665	8	4	0	684
22988	8	11	630	3	0	652
22989	5	6	600	3	0	614
22990	5	26	9	480	0	520
22991	469	2	3	7	0	481
22992	6	0	466	4	0	476
22993	1	443	3	0	0	447
22994	439	2	2	4	0	447
22995	4	435	0	0	0	439
22996	407	3	0	0	0	410
22997	3	403	0	2	0	408
22998	0	412	3	0	0	415
22999	1	4	0	410	0	415
23000	1	0	0	411	0	412
23001	2	0	388	2	0	392
23002	0	0	2	386	0	388
23003	382	1	0	2	0	385
23004	389	0	0	1	0	390
23005	3	0	0	377	0	380
23006	0	0	372	3	0	375
23007	1	1	360	0	0	362
23008	1	2	2	374	0	379
23009	0	0	387	2	0	389
23010	0	0	3	383	0	386
23011	2	1	0	373	0	376
23012	0	1	414	3	0	418
23013	409	0	6	0	0	415
23014	417	0	1	0	0	418
23015	5	0	418	1	0	424
23016	1	0	420	0	0	421
23017	0	0	8	441	0	449
23018	0	1	0	471	0	472
23019	1	0	0	482	0	483
23020	0	1	0	488	0	489
23021	483	0	0	8	0	491
23022	515	1	1	0	0	517
23023	10	1	0	557	0	568
23024	1	0	0	589	0	590
23025	1	2	609	11	0	623
23026	2	0	11	630	0	643
23027	1	0	2	662	0	665
23028	690	0	2	15	0	707
23029	14	727	0	5	0	746
23030	3	14	1	741	0	759
23031	3	2	2	746	0	753
23032	0	0	1	732	0	733
23033	1	693	0	20	0	714
23034	1	732	1	4	0	738
23035	0	16	0	726	0	742
23036	0	2	1	728	0	731
23037	1	1	0	730	0	732
23038	699	0	0	20	0	719
23039	16	698	0	4	0	718
23040	705	17	2	4	0	728
23041	718	1	2	5	0	726
23042	17	2	0	710	0	729
23043	8	672	0	20	0	700
23044	684	19	0	3	0	706
23045	16	6	0	684	0	706
23046	688	2	0	20	0	710
23047	21	0	0	695	0	716
23048	4	3	686	21	0	714
23049	4	6	695	3	0	708
23050	1	3	17	690	0	711
23051	2	0	3	700	0	705
23052	3	0	2	697	0	702
23053	5	667	1	19	0	692
23054	2	704	1	4	0	711
23055	686	18	1	4	0	709
23056	691	2	0	6	0	699
23057	19	661	0	7	0	687
23058	4	650	0	5	0	659
23059	4	666	1	1	0	672
23060	634	17	1	5	0	657
23061	17	631	0	9	0	657
23062	7	14	0	640	0	661
23063	630	2	3	17	0	652
23064	638	5	5	4	0	652
23065	16	2	3	622	0	643
23066	7	3	608	18	0	636
23067	4	1	615	11	0	631
23068	2	2	16	609	0	629
23069	5	4	618	13	0	640
23070	8	4	16	614	0	642
23071	8	0	4	626	0	638
23072	3	4	612	17	0	636
23073	1	8	622	11	0	642
23074	2	4	16	620	0	642
23075	5	4	4	632	0	645
23076	610	3	2	26	0	641
23077	14	602	3	13	0	632
23078	7	635	3	10	0	655
23079	625	15	2	6	0	648
23080	639	8	1	10	0	658
23081	17	615	4	9	0	645
23082	7	619	6	7	0	639
23083	614	19	3	9	0	645
23084	20	8	4	602	0	634
23085	600	5	2	19	0	626
23086	17	597	1	15	0	630
23087	600	18	3	9	0	630
23088	17	4	602	8	0	631
23089	596	5	14	8	0	623
23090	20	2	601	8	0	631
23091	9	3	15	603	0	630
23092	591	7	4	17	0	619
23093	13	7	576	9	0	605
23094	7	4	14	581	0	606
23095	585	4	5	18	0	612
23096	21	3	573	11	0	608
23097	8	10	11	582	0	611
23098	576	4	4	20	0	604
23099	14	571	5	12	0	602
23100	12	15	1	592	0	620
23101	8	8	2	594	0	612
23102	9	8	2	595	0	614
23103	4	590	4	27	0	625
23104	9	17	4	607	0	637
23105	3	6	6	624	0	639
23106	5	3	1	628	0	637
23107	11	4	3	650	0	668
23108	3	6	632	23	0	664
23109	616	4	15	9	0	644
23110	632	2	5	11	0	650
23111	18	621	9	7	0	655
23112	5	13	3	595	0	616
23113	7	3	4	601	0	615
23114	5	586	3	15	0	609
23115	5	11	1	591	0	608
23116	561	5	3	18	0	587
23117	6	551	3	11	0	571
23118	531	11	3	6	0	551
23119	8	6	4	527	0	545
23120	4	1	517	20	0	542
23121	5	524	7	9	0	545
23122	480	12	9	9	0	510
23123	7	436	1	5	0	449
23124	8	422	2	2	0	434
23125	382	5	0	1	0	388
23126	6	5	373	1	0	385
23127	0	329	2	4	0	335
23128	252	13	18	3	0	286
23129	230	2	1	2	0	235
23130	0	227	0	3	0	230
23131	1	0	1	233	0	235
23132	1	1	245	0	0	247
23133	1	1	0	249	0	251
23134	0	1	0	242	0	243
23135	0	0	1	249	0	250
23136	0	1	248	1	0	250
23137	2	1	0	244	0	247
23138	0	1	250	1	0	252
23139	1	2	233	0	0	236
23140	231	1	1	1	0	234
23141	1	242	1	0	0	244
23142	0	246	0	2	0	248
23143	1	0	0	268	0	269
23144	298	0	0	1	0	299
23145	299	1	0	1	0	301
23146	293	1	0	3	0	297
23147	296	1	1	0	0	298
23148	290	0	0	1	0	291
23149	0	0	291	1	0	292
23150	0	1	0	287	0	288
23151	1	285	1	0	0	287
23152	1	0	0	294	0	295
23153	295	1	1	0	0	297
23154	0	289	1	1	0	291
23155	1	0	1	293	0	295
23156	291	1	0	1	0	293
23157	313	1	0	1	0	315
23158	0	0	0	315	0	315
23159	1	0	1	311	0	313
23160	1	0	0	316	0	317
23161	0	0	311	0	0	311
23162	1	0	320	0	0	321
23163	2	0	0	328	0	330
23164	0	2	1	330	0	333
23165	333	1	0	0	0	334
23166	332	1	0	1	0	334
23167	337	0	0	1	0	338
23168	345	0	0	0	0	345
23169	333	1	0	0	0	334
23170	1	332	1	1	0	335
23171	345	0	0	1	0	346
23172	343	1	1	1	0	346
23173	339	0	0	5	0	344
23174	0	0	0	363	0	363
23175	0	1	364	4	0	369
23176	2	0	3	373	0	378
23177	1	1	375	2	0	379
23178	1	1	2	371	0	375
23179	2	371	1	5	0	379
23180	377	3	0	2	0	382
23181	385	0	0	2	0	387
23182	3	0	1	390	0	394
23183	0	0	1	409	0	410
23184	2	0	1	409	0	412
23185	0	417	2	4	0	423
23186	409	3	0	1	0	413
23187	412	0	0	1	0	413
23188	4	409	0	0	0	413
23189	2	3	0	415	0	420
23190	1	0	0	409	0	410
23191	1	411	0	3	0	415
23192	416	3	0	1	0	420
23193	419	1	0	0	0	420
23194	6	0	0	412	0	418
23195	1	0	417	5	0	423
23196	1	0	416	0	0	417
23197	0	0	3	437	0	440
23198	0	0	1	433	0	434
23199	1	0	0	435	0	436
23200	431	1	1	5	0	438
23201	444	0	1	1	0	446
23202	4	453	0	1	0	458
23203	454	3	1	1	0	459
23204	4	0	449	3	0	456
23205	0	1	442	1	0	444
23206	1	462	3	0	0	466
23207	434	3	0	0	0	437
23208	4	432	0	1	0	437
23209	432	3	0	1	0	436
23210	3	0	429	6	0	438
23211	0	0	429	1	0	430
23212	1	1	11	417	0	430
23213	3	0	441	3	0	447
23214	2	0	3	447	0	452
23215	2	0	0	417	0	419
23216	1	448	2	5	0	456
23217	1	4	0	453	0	458
23218	2	0	1	459	0	462
23219	471	0	1	8	0	480
23220	4	473	1	3	0	481
23221	2	4	1	479	0	486
23222	2	1	485	5	0	493
23223	444	2	4	6	0	456
23224	7	1	476	2	0	486
23225	2	1	5	472	0	480
23226	2	487	1	6	0	496
23227	2	5	0	491	0	498
23228	510	2	0	9	0	521
23229	508	3	0	2	0	513
23230	7	523	1	1	0	532
23231	536	5	1	2	0	544
23232	532	3	1	2	0	538
23233	536	1	0	5	0	542
23234	544	3	1	2	0	550
23235	530	2	0	3	0	535
23236	8	1	539	2	0	550
23237	5	0	6	531	0	542
23238	1	1	2	530	0	534
23239	0	0	5	544	0	549
23240	1	538	2	8	0	549
23241	1	5	2	539	0	547
23242	2	1	544	9	0	556
23243	3	525	6	4	0	538
23244	6	512	0	3	0	521
23245	8	6	4	503	0	521
23246	5	2	2	504	0	513
23247	1	3	1	499	0	504
23248	1	493	4	5	0	503
23249	1	497	2	1	0	501
23250	497	5	5	0	0	507
23251	493	3	1	2	0	499
23252	6	500	1	0	0	507
23253	500	5	2	4	0	511
23254	518	0	5	2	0	525
23255	5	0	3	527	0	535
23256	1	4	4	544	0	553
23257	4	1	1	531	0	537
23258	1	1	521	8	0	531
23259	1	2	531	3	0	537
23260	2	558	6	3	0	569
23261	576	7	1	4	0	588
23262	8	0	579	5	0	592
23263	578	2	6	3	0	589
23264	8	1	618	4	0	631
23265	639	1	6	3	0	649
23266	8	661	1	4	0	674
23267	667	6	3	2	0	678
23268	8	0	3	657	0	668
23269	4	3	1	671	0	679
23270	3	4	664	14	0	685
23271	3	683	7	4	0	697
23272	6	7	4	678	0	695
23273	4	3	677	7	0	691
23274	639	2	6	2	0	649
23275	8	660	1	1	0	670
23276	647	7	1	0	0	655
23277	9	632	1	1	0	643
23278	1	4	3	636	0	644
23279	633	0	2	5	0	640
23280	3	635	2	1	0	641
23281	2	3	2	645	0	652
23282	0	0	628	7	0	635
23283	609	2	4	3	0	618
23284	4	1	1	621	0	627
23285	1	2	614	6	0	623
23286	1	613	3	3	0	620
23287	3	5	2	618	0	628
23288	2	2	620	6	0	630
23289	3	1	5	603	0	612
23290	2	625	1	3	0	631
23291	1	631	1	5	0	638
23292	1	4	634	3	0	642
23293	4	2	3	627	0	636
23294	1	2	628	6	0	637
23295	621	1	4	4	0	630
23296	8	2	1	610	0	621
23297	2	598	1	5	0	606
23298	4	624	1	1	0	630
23299	621	3	1	0	0	625
23300	5	626	0	1	0	632
23301	624	3	2	2	0	631
23302	5	1	621	1	0	628
23303	592	0	4	3	0	599
23304	4	593	1	1	0	599
23305	592	6	0	0	0	598
23306	4	588	2	1	0	595
23307	0	3	2	588	0	593
23308	0	2	1	601	0	604
23309	1	0	602	4	0	607
23310	571	1	4	4	0	580
23311	5	1	591	1	0	598
23312	601	2	5	1	0	609
23313	6	2	0	595	0	603
23314	0	3	2	602	0	607
23315	3	609	0	5	0	617
23316	2	6	2	625	0	635
23317	2	1	0	636	0	639
23318	2	1	626	5	0	634
23319	591	3	3	2	0	599
23320	3	600	1	2	0	606
23321	604	4	1	3	0	612
23322	4	1	1	604	0	610
23323	4	0	2	599	0	605
23324	601	1	0	4	0	606
23325	5	614	1	0	0	620
23326	611	4	0	2	0	617
23327	4	597	1	2	0	604
23328	1	584	0	3	0	588
23329	581	6	2	1	0	590
23330	5	2	0	571	0	578
23331	0	1	573	5	0	579
23332	1	2	6	562	0	571
23333	5	0	2	551	0	558
23334	2	555	0	6	0	563
23335	3	3	3	555	0	564
23336	0	2	0	561	0	563
23337	0	3	0	565	0	568
23338	2	2	2	564	0	570
23339	0	3	559	8	0	570
23340	3	1	573	4	0	581
23341	1	2	5	583	0	591
23342	2	2	585	5	0	594
23343	2	2	578	1	0	583
23344	2	0	6	583	0	591
23345	1	2	600	6	0	609
23346	2	0	5	591	0	598
23347	2	604	2	6	0	614
23348	631	6	2	2	0	641
23349	6	1	676	3	0	686
23350	0	3	6	669	0	678
23351	5	3	678	5	0	691
23352	2	0	6	729	0	737
23353	1	0	5	732	0	738
23354	734	2	2	8	0	746
23355	7	0	2	743	0	752
23356	718	2	1	11	0	732
23357	725	1	1	8	0	735
23358	9	723	1	3	0	736
23359	708	7	0	5	0	720
23360	10	695	2	1	0	708
23361	4	690	1	1	0	696
23362	668	11	2	2	0	683
23363	9	4	657	1	0	671
23364	2	3	626	2	0	633
23365	595	5	17	0	0	617
23366	599	0	5	2	0	606
23367	6	608	7	1	0	622
23368	628	5	2	1	0	636
23369	633	2	2	1	0	638
23370	619	3	1	3	0	626
23371	9	2	1	613	0	625
23372	618	0	0	5	0	623
23373	10	620	1	3	0	634
23374	6	5	1	634	0	646
23375	5	1	1	634	0	641
23376	3	635	2	8	0	648
23377	3	6	2	640	0	651
23378	636	3	0	10	0	649
23379	637	4	1	5	0	647
23380	8	627	0	3	0	638
23381	5	628	1	4	0	638
23382	632	5	0	1	0	638
23383	8	4	621	0	0	633
23384	3	6	616	2	0	627
23385	5	3	6	616	0	630
23386	5	1	4	626	0	636
23387	1	2	625	7	0	635
23388	4	598	5	4	0	611
23389	5	4	2	595	0	606
23390	2	2	616	5	0	625
23391	2	4	7	606	0	619
23392	1	3	2	611	0	617
23393	1	619	4	9	0	633
23394	1	6	4	622	0	633
23395	1	4	0	626	0	631
23396	3	4	1	629	0	637
23397	622	1	2	12	0	637
23398	5	2	1	616	0	624
23399	4	607	0	11	0	622
23400	613	5	1	5	0	624
23401	6	3	595	5	0	609
23402	4	4	584	4	0	596
23403	600	2	6	5	0	613
23404	9	0	4	602	0	615
23405	4	0	614	6	0	624
23406	4	3	5	615	0	627
23407	5	2	2	628	0	637
23408	618	0	5	10	0	633
23409	604	1	3	8	0	616
23410	9	620	1	5	0	635
23411	6	6	0	618	0	630
23412	6	4	613	4	0	627
23413	3	643	5	5	0	656
23414	632	6	3	5	0	646
23415	5	645	2	2	0	654
23416	643	6	4	2	0	655
23417	6	6	635	2	0	649
23418	641	4	4	2	0	651
23419	664	2	4	1	0	671
23420	8	2	687	2	0	699
23421	11	0	5	672	0	688
23422	4	683	3	4	0	694
23423	4	713	4	4	0	725
23424	1	716	3	5	0	725
23425	1	11	1	681	0	694
23426	3	4	685	5	0	697
23427	3	4	6	680	0	693
23428	1	1	5	700	0	707
23429	3	2	695	9	0	709
23430	2	686	4	8	0	700
23431	2	6	5	691	0	704
23432	693	4	3	8	0	708
23433	6	5	1	696	0	708
23434	7	1	1	696	0	705
23435	3	697	2	8	0	710
23436	702	4	1	7	0	714
23437	5	6	1	731	0	743
23438	2	3	734	6	0	745
23439	3	725	4	5	0	737
23440	718	4	3	3	0	728
23441	4	3	721	1	0	729
23442	701	4	5	1	0	711
23443	8	2	4	709	0	723
23444	5	714	2	6	0	727
23445	711	4	2	5	0	722
23446	699	4	2	2	0	707
23447	7	717	0	2	0	726
23448	5	4	2	704	0	715
23449	3	3	2	674	0	682
23450	664	4	0	7	0	675
23451	4	653	2	6	0	665
23452	3	6	1	613	0	623
23453	3	605	0	2	0	610
23454	0	601	0	4	0	605
23455	3	3	0	584	0	590
23456	578	2	0	2	0	582
23457	4	593	0	1	0	598
23458	4	3	0	588	0	595
23459	1	1	0	589	0	591
23460	0	2	599	3	0	604
23461	3	0	572	2	0	577
23462	1	594	2	1	0	598
23463	0	1	597	1	0	599
23464	0	1	1	598	0	600
23465	0	1	620	2	0	623
23466	1	0	1	619	0	621
23467	0	1	1	611	0	613
23468	0	1	0	610	0	611
23469	598	1	0	3	0	602
23470	1	1	0	587	0	589
23471	1	0	0	583	0	584
23472	1	580	1	2	0	584
23473	0	3	0	582	0	585
23474	598	1	1	4	0	604
23475	1	610	1	4	0	616
23476	612	1	2	1	0	616
23477	1	1	621	2	0	625
23478	1	1	613	2	0	617
23479	0	1	3	640	0	644
23480	1	0	1	653	0	655
23481	1	647	1	5	0	654
23482	0	3	1	615	0	619
23483	650	2	0	6	0	658
23484	641	1	0	5	0	647
23485	7	1	0	651	0	659
23486	1	1	684	6	0	692
23487	2	0	8	693	0	703
23488	1	2	2	718	0	723
23489	1	0	1	724	0	726
23490	1	0	2	715	0	718
23491	2	1	0	703	0	706
23492	1	706	0	6	0	713
23493	699	4	1	4	0	708
23494	716	1	1	2	0	720
23495	720	0	0	1	0	721
23496	3	727	0	2	0	732
23497	720	4	1	2	0	727
23498	4	717	0	3	0	724
23499	4	3	712	1	0	720
23500	1	3	3	712	0	719
23501	1	0	722	6	0	729
23502	0	726	4	1	0	731
23503	712	8	2	2	0	724
23504	4	0	729	3	0	736
23505	4	0	773	3	0	780
23506	1	810	4	2	0	817
23507	1	8	0	817	0	826
23508	2	1	877	5	0	885
23509	4	1	5	874	0	884
23510	2	2	2	950	0	956
23511	2	1	0	1020	0	1023
23512	1064	2	1	13	0	1080
23513	1060	1	2	3	0	1066
23514	16	1	1	1044	0	1062
23515	1055	0	3	17	0	1075
23516	16	1	1034	3	0	1054
23517	4	0	1028	1	0	1033
23518	2	1	1031	4	0	1038
23519	3	0	1048	1	0	1052
23520	0	1011	18	1	0	1030
23521	3	19	3	994	0	1019
23522	4	2	1012	14	0	1032
23523	964	0	15	5	0	984
23524	1019	2	2	3	0	1026
23525	15	967	2	43	0	1027
23526	1004	12	6	5	0	1027
23527	17	1	6	999	0	1023
23528	5	0	1044	15	0	1064
23529	2	4	18	1010	0	1034
23530	2	1054	5	14	0	1075
23531	1036	14	4	5	0	1059
23532	1068	2	7	3	0	1080
23533	18	1040	3	8	0	1069
23534	1051	17	2	4	0	1074
23535	1057	3	3	4	0	1067
23536	21	1064	2	3	0	1090
23537	4	16	3	1023	0	1046
23538	4	1021	4	17	0	1046
23539	1036	17	1	4	0	1058
23540	19	6	2	1031	0	1058
23541	1028	2	3	20	0	1053
23542	20	5	3	1023	0	1051
23543	9	3	1005	17	0	1034
23544	1001	4	15	6	0	1026
23545	24	3	1012	2	0	1041
23546	6	2	16	1007	0	1031
23547	2	3	1006	20	0	1031
23548	7	3	15	1008	0	1033
23549	4	5	1002	19	0	1030
23550	986	2	16	7	0	1011
23551	21	989	3	3	0	1016
23552	995	19	3	6	0	1023
23553	22	1	1	990	0	1014
23554	993	2	4	17	0	1016
23555	19	980	5	5	0	1009
23556	4	987	4	6	0	1001
23557	1	1025	6	5	0	1037
23558	1031	17	6	5	0	1059
23559	20	3	4	1028	0	1055
23560	6	4	3	1032	0	1045
23561	5	5	1003	18	0	1031
23562	6	2	995	4	0	1007
23563	7	1	18	1007	0	1033
23564	3	4	1015	21	0	1043
23565	5	1005	17	4	0	1031
23566	1002	21	5	3	0	1031
23567	19	4	1011	6	0	1040
23568	5	3	1014	2	0	1024
23569	4	4	20	1014	0	1042
23570	1024	4	2	21	0	1051
23571	19	1	7	1024	0	1051
23572	1025	0	7	23	0	1055
23573	18	0	7	1028	0	1053
23574	6	4	1034	18	0	1062
23575	2	1021	21	4	0	1048
23576	6	20	1033	1	0	1060
23577	2	1036	22	6	0	1066
23578	3	21	7	1020	0	1051
23579	1006	4	2	22	0	1034
23580	19	2	1014	5	0	1040
23581	7	3	16	1002	0	1028
23582	7	0	2	1038	0	1047
23583	1017	2	3	23	0	1045
23584	19	3	4	1004	0	1030
23585	4	1020	3	20	0	1047
23586	988	19	5	3	0	1015
23587	16	4	979	4	0	1003
23588	956	4	18	4	0	982
23589	20	983	4	1	0	1008
23590	5	17	3	964	0	989
23591	3	987	3	18	0	1011
23592	991	15	2	8	0	1016
23593	18	3	992	4	0	1017
23594	985	6	15	8	0	1014
23595	18	1016	4	2	0	1040
23596	6	17	2	1016	0	1041
23597	1017	2	4	21	0	1044
23598	1045	3	1	4	0	1053
23599	19	2	1	1028	0	1050
23600	2	4	2	1044	0	1052
23601	4	1029	1	14	0	1048
23602	5	22	2	1042	0	1071
23603	4	1195	4	20	0	1223
23604	3	1271	1	6	0	1281
23605	5	40	3	1187	0	1235
23606	3	1221	1	25	0	1250
23607	9	25	1246	3	0	1283
23608	13	7	1256	5	0	1281
23609	2	1275	29	9	0	1315
23610	4	24	1283	2	0	1313
23611	3	5	1272	5	0	1285
23612	2	2	1192	1	0	1197
23613	0	1195	20	1	0	1216
23614	1163	22	12	1	0	1198
23615	15	1170	3	0	0	1188
23616	4	19	1158	0	0	1181
23617	4	5	15	1148	0	1172
23618	1156	3	4	19	0	1182
23619	16	2	1130	4	0	1152
23620	6	0	17	1132	0	1155
23621	3	0	1137	17	0	1157
23622	2	0	18	1127	0	1147
23623	1112	0	6	19	0	1137
23624	16	1	1123	5	0	1145
23625	4	1139	15	2	0	1160
23626	6	17	4	1107	0	1134
23627	1149	4	2	18	0	1173
23628	17	4	1106	4	0	1131
23629	6	1	18	1054	0	1079
23630	3	1089	5	16	0	1113
23631	1091	15	6	4	0	1116
23632	1132	6	3	5	0	1146
23633	22	6	2	1129	0	1159
23634	8	1121	1	17	0	1147
23635	7	1166	1	4	0	1178
23636	1200	22	2	3	0	1227
23637	23	7	1	1169	0	1200
23638	5	1193	0	21	0	1219
23639	1221	20	1	5	0	1247
23640	23	3	2	1223	0	1251
23641	6	2	2	1245	0	1255
23642	3	4	1186	23	0	1216
23643	3	1207	16	8	0	1234
23644	2	1243	6	4	0	1255
23645	1	24	5	1247	0	1277
23646	1243	7	1	22	0	1273
23647	22	1249	1	5	0	1277
23648	1249	20	3	5	0	1277
23649	22	1234	3	6	0	1265
23650	6	24	2	1245	0	1277
23651	1256	8	3	24	0	1291
23652	27	4	3	1243	0	1277
23653	5	6	1253	25	0	1289
23654	7	5	20	1214	0	1246
23655	3	1235	5	26	0	1269
23656	1241	25	4	8	0	1278
23657	24	1209	4	5	0	1242
23658	6	23	2	1196	0	1227
23659	8	7	1	1221	0	1237
23660	4	5	1187	28	0	1224
23661	1	4	1193	10	0	1208
23662	5	2	23	1185	0	1215
23663	0	3	1190	25	0	1218
23664	3	1178	26	6	0	1213
23665	1175	24	7	5	0	1211
23666	23	6	1176	6	0	1211
23667	1165	7	23	8	0	1203
23668	1208	3	7	5	0	1223
23669	1205	2	8	2	0	1217
23670	1203	4	3	6	0	1216
23671	34	3	3	1186	0	1226
23672	12	5	4	1176	0	1197
23673	9	1165	2	27	0	1203
23674	1135	18	5	11	0	1169
23675	23	11	1115	10	0	1159
23676	7	8	23	1115	0	1153
23677	12	2	6	1139	0	1159
23678	4	6	1103	24	0	1137
23679	2	1109	24	16	0	1151
23680	6	22	8	1082	0	1118
23681	4	6	9	1139	0	1158
23682	1110	6	4	32	0	1152
23683	23	1104	5	13	0	1145
23684	5	22	4	1096	0	1127
23685	5	1092	2	25	0	1124
23686	4	23	6	1109	0	1142
23687	1094	8	4	27	0	1133
23688	1111	6	3	12	0	1132
23689	30	3	4	1092	0	1129
23690	1089	5	2	23	0	1119
23691	1097	3	1	12	0	1113
23692	27	1073	3	10	0	1113
23693	12	24	1	1050	0	1087
23694	8	1056	3	21	0	1088
23695	8	23	4	1042	0	1077
23696	1040	8	4	25	0	1077
23697	22	5	1	1035	0	1063
23698	10	5	4	1053	0	1072
23699	7	3	1024	29	0	1063
23700	6	985	19	14	0	1024
23701	4	1024	9	11	0	1048
23702	993	24	6	10	0	1033
23703	22	12	2	812	0	848
23704	747	5	4	16	0	772
23705	16	723	1	6	0	746
23706	3	681	0	9	0	693
23707	5	694	4	4	0	707
23708	614	23	9	2	0	648
23709	10	613	0	3	0	626
23710	546	12	9	3	0	570
23711	549	1	0	4	0	554
23712	564	0	0	5	0	569
23713	8	1	0	603	0	612
23714	1	2	1	621	0	625
23715	1	2	1	619	0	623
23716	2	0	0	614	0	616
23717	615	1	1	10	0	627
23718	11	598	0	1	0	610
23719	3	9	0	613	0	625
23720	619	2	2	10	0	633
23721	10	1	0	617	0	628
23722	2	1	0	621	0	624
23723	612	0	0	12	0	624
23724	11	0	605	4	0	620
23725	2	0	9	607	0	618
23726	1	2	616	10	0	629
23727	0	4	9	597	0	610
23728	2	1	0	609	0	612
23729	591	1	1	10	0	603
23730	11	577	0	2	0	590
23731	2	577	0	1	0	580
23732	548	7	1	1	0	557
23733	8	548	0	1	0	557
23734	539	6	2	2	0	549
23735	7	0	536	1	0	544
23736	492	0	6	0	0	498
23737	504	0	0	0	0	504
23738	503	0	0	4	0	507
23739	4	0	0	497	0	501
23740	1	0	0	499	0	500
23741	0	479	0	7	0	486
23742	0	10	0	483	0	493
23743	484	1	0	3	0	488
23744	4	479	0	0	0	483
23745	0	485	0	0	0	485
23746	480	3	0	2	0	485
23747	3	1	470	0	0	474
23748	0	0	3	467	0	470
23749	0	0	472	4	0	476
23750	0	0	2	475	0	477
23751	0	473	0	2	0	475
23752	0	2	0	482	0	484
23753	470	0	0	4	0	474
23754	3	0	0	474	0	477
23755	0	0	483	2	0	485
23756	453	0	2	1	0	456
23757	3	485	1	0	0	489
23758	0	517	0	0	0	517
23759	541	3	0	2	0	546
23760	581	0	0	0	0	581
23761	4	0	583	0	0	587
23762	567	0	4	0	0	571
23763	4	583	1	0	0	588
23764	584	4	0	0	0	588
23765	5	1	0	572	0	578
23766	1	544	0	3	0	548
23767	546	3	0	2	0	551
23768	4	1	544	0	0	549
23769	1	0	4	552	0	557
23770	565	0	1	4	0	570
23771	4	0	557	1	0	562
23772	560	0	4	0	0	564
23773	5	0	1	556	0	562
23774	2	0	0	567	0	569
23775	0	0	572	6	0	578
23776	0	0	4	572	0	576
23777	573	0	1	4	0	578
23778	4	565	0	1	0	570
23779	572	4	0	0	0	576
23780	575	1	0	0	0	576
23781	5	0	0	572	0	577
23782	1	0	586	4	0	591
23783	1	0	4	573	0	578
23784	583	0	1	5	0	589
23785	4	579	1	1	0	585
23786	595	4	0	0	0	599
23787	4	1	0	590	0	595
23788	0	0	0	595	0	595
23789	0	0	0	596	0	596
23790	0	0	592	6	0	598
23791	0	0	4	596	0	600
23792	0	0	604	5	0	609
23793	0	0	596	1	0	597
23794	0	0	6	675	0	681
23795	0	0	679	7	0	686
23796	774	0	7	4	0	785
23797	10	0	5	796	0	811
23798	9	0	1	777	0	787
23799	1	791	1	16	0	809
23800	806	11	0	9	0	826
23801	833	7	0	1	0	841
23802	18	837	1	0	0	856
23803	8	10	1	845	0	864
23804	3	8	837	10	0	858
23805	824	2	11	7	0	844
23806	850	1	7	2	0	860
23807	18	1	1	799	0	819
23808	9	1	770	11	0	791
23809	3	752	12	7	0	774
23810	744	10	8	2	0	764
23811	13	7	735	3	0	758
23812	8	729	11	2	0	750
23813	687	11	9	2	0	709
23814	696	7	3	1	0	707
23815	18	0	0	681	0	699
23816	9	679	2	10	0	700
23817	2	6	1	717	0	726
23818	6	6	2	723	0	737
23819	4	2	0	720	0	726
23820	3	2	1	724	0	730
23821	3	1	712	17	0	733
23822	2	2	9	731	0	744
23823	2	3	8	726	0	739
23824	3	1	721	16	0	741
23825	2	721	9	11	0	743
23826	717	11	7	2	0	737
23827	719	8	1	4	0	732
23828	18	3	1	713	0	735
23829	720	2	1	13	0	736
23830	12	1	2	729	0	744
23831	9	2	726	10	0	747
23832	5	1	714	11	0	731
23833	2	721	17	5	0	745
23834	719	7	10	6	0	742
23835	11	10	763	3	0	787
23836	11	1	12	748	0	772
23837	4	2	7	811	0	824
23838	4	2	2	836	0	844
23839	2	2	1	836	0	841
23840	2	2	2	824	0	830
23841	3	1	805	26	0	835
23842	4	1	14	818	0	837
23843	808	2	7	17	0	834
23844	16	798	2	12	0	828
23845	799	14	5	7	0	825
23846	16	810	4	2	0	832
23847	802	16	0	4	0	822
23848	817	8	1	3	0	829
23849	20	2	2	805	0	829
23850	10	3	2	814	0	829
23851	805	1	2	22	0	830
23852	800	2	1	14	0	817
23853	804	2	2	6	0	814
23854	21	767	4	4	0	796
23855	9	784	1	5	0	799
23856	3	18	768	6	0	795
23857	6	12	14	756	0	788
23858	1	3	741	19	0	764
23859	2	713	12	15	0	742
23860	1	13	6	675	0	695
23861	4	7	3	678	0	692
23862	4	2	2	694	0	702
23863	676	5	1	17	0	699
23864	683	2	0	9	0	694
23865	20	679	2	3	0	704
23866	12	12	1	680	0	705
23867	6	7	681	13	0	707
23868	1	3	678	10	0	692
23869	676	4	21	3	0	704
23870	684	2	8	3	0	697
23871	22	1	5	682	0	710
23872	689	0	3	16	0	708
23873	15	2	674	9	0	700
23874	10	667	10	5	0	692
23875	5	11	6	669	0	691
23876	1	6	677	18	0	702
23877	2	2	16	684	0	704
23878	4	1	9	693	0	707
23879	2	1	685	23	0	711
23880	681	2	13	17	0	713
23881	698	2	6	9	0	715
23882	21	730	5	4	0	760
23883	750	15	2	7	0	774
23884	780	9	1	3	0	793
23885	27	5	765	9	0	806
23886	777	2	21	4	0	804
23887	18	808	10	5	0	841
23888	816	18	2	3	0	839
23889	828	11	4	3	0	846
23890	854	3	4	5	0	866
23891	830	4	0	8	0	842
23892	829	1	4	7	0	841
23893	28	805	1	8	0	842
23894	744	14	4	5	0	767
23895	14	725	4	4	0	747
23896	4	615	3	3	0	625
23897	2	659	2	4	0	667
23898	645	13	5	2	0	665
23899	644	5	3	1	0	653
23900	16	2	631	2	0	651
23901	652	5	12	3	0	672
23902	645	0	4	8	0	657
23903	18	1	648	4	0	671
23904	7	0	14	652	0	673
23905	6	0	5	650	0	661
23906	4	3	1	665	0	673
23907	3	2	1	675	0	681
23908	5	1	3	679	0	688
23909	1	4	659	14	0	678
23910	3	650	13	4	0	670
23911	641	14	6	1	0	662
23912	15	640	3	5	0	663
23913	648	13	2	3	0	666
23914	642	5	4	2	0	653
23915	19	4	622	3	0	648
23916	6	6	11	594	0	617
23917	3	606	5	12	0	626
23918	614	13	2	7	0	636
23919	630	4	0	4	0	638
23920	626	2	2	3	0	633
23921	18	636	1	4	0	659
23922	627	13	3	1	0	644
23923	636	6	3	1	0	646
23924	635	3	1	0	0	639
23925	21	2	0	614	0	637
23926	6	3	1	637	0	647
23927	10	0	0	636	0	646
23928	621	2	3	16	0	642
23929	16	619	3	5	0	643
23930	625	14	0	2	0	641
23931	621	6	2	1	0	630
23932	611	2	1	1	0	615
23933	615	1	0	2	0	618
23934	19	595	0	2	0	616
23935	541	10	0	2	0	553
23936	13	534	0	2	0	549
23937	5	509	0	1	0	515
23938	503	10	1	1	0	515
23939	8	493	0	1	0	502
23940	4	511	0	1	0	516
23941	504	12	1	1	0	518
23942	515	4	0	0	0	519
23943	13	3	1	504	0	521
23944	7	2	1	516	0	526
23945	527	1	0	11	0	539
23946	547	3	1	5	0	556
23947	547	0	1	2	0	550
23948	10	3	529	2	0	544
23949	550	2	7	2	0	561
23950	9	4	3	553	0	569
23951	8	1	1	556	0	566
23952	5	0	1	561	0	567
23953	1	2	3	564	0	570
23954	4	2	543	12	0	561
23955	5	3	549	4	0	561
23956	5	1	10	554	0	570
23957	5	0	550	9	0	564
23958	5	2	566	4	0	577
23959	4	0	11	564	0	579
23960	2	1	4	584	0	591
23961	2	3	0	593	0	598
23962	6	0	2	584	0	592
23963	588	3	1	11	0	603
23964	607	3	0	5	0	615
23965	13	4	0	592	0	609
23966	9	1	1	599	0	610
23967	7	0	1	598	0	606
23968	1	1	3	599	0	604
23969	2	1	1	597	0	601
23970	4	591	0	15	0	610
23971	584	7	2	7	0	600
23972	10	593	1	5	0	609
23973	594	9	0	4	0	607
23974	593	5	0	6	0	604
23975	598	0	0	5	0	603
23976	14	0	0	578	0	592
23977	579	2	1	8	0	590
23978	11	3	0	574	0	588
23979	7	3	0	572	0	582
23980	562	4	0	14	0	580
23981	12	559	0	6	0	577
23982	5	519	0	3	0	527
23983	506	7	1	2	0	516
23984	8	3	500	0	0	511
23985	462	1	4	2	0	469
23986	8	1	2	472	0	483
23987	2	436	1	6	0	445
23988	3	438	0	2	0	443
23989	446	6	0	1	0	453
23990	6	3	0	444	0	453
23991	1	461	2	4	0	468
23992	452	4	0	1	0	457
23993	460	1	1	4	0	466
23994	460	2	0	2	0	464
23995	460	1	0	3	0	464
23996	7	454	0	3	0	464
23997	2	437	0	1	0	440
23998	438	5	0	0	0	443
23999	455	2	0	2	0	459
24000	5	1	446	0	0	452
24001	2	433	2	0	0	437
24002	428	3	2	0	0	433
24003	454	3	0	1	0	458
24004	5	1	465	0	0	471
24005	474	0	3	0	0	477
24006	6	0	491	0	0	497
24007	1	1	531	0	0	533
24008	3	1	5	506	0	515
24009	2	522	1	5	0	530
24010	552	5	2	2	0	561
24011	6	3	2	553	0	564
24012	5	1	1	557	0	564
24013	1	1	2	564	0	568
24014	558	1	1	9	0	569
24015	6	1	0	563	0	570
24016	3	1	0	568	0	572
24017	3	0	561	9	0	573
24018	572	0	5	6	0	583
24019	573	1	2	4	0	580
24020	9	1	575	2	0	587
24021	562	0	7	1	0	570
24022	9	2	2	550	0	563
24023	3	558	3	7	0	571
24024	3	6	2	562	0	573
24025	559	2	0	10	0	571
24026	8	557	5	4	0	574
24027	4	7	2	569	0	582
24028	4	3	0	582	0	589
24029	3	2	1	584	0	590
24030	0	3	1	572	0	576
24031	2	583	0	13	0	598
24032	598	9	0	3	0	610
24033	608	4	0	5	0	617
24034	10	625	0	5	0	640
24035	709	10	0	3	0	722
24036	717	4	0	6	0	727
24037	712	1	0	3	0	716
24038	19	3	685	1	0	708
24039	8	1	10	687	0	706
24040	4	3	677	10	0	694
24041	687	1	11	4	0	703
24042	13	677	6	2	0	698
24043	670	10	4	4	0	688
24044	15	673	2	1	0	691
24045	6	14	1	646	0	667
24046	3	7	1	651	0	662
24047	4	2	649	13	0	668
24048	3	648	10	7	0	668
24049	641	13	6	4	0	664
24050	12	6	635	2	0	655
24051	645	3	11	3	0	662
24052	14	2	4	647	0	667
24053	7	0	644	12	0	663
24054	3	645	12	5	0	665
24055	2	11	4	641	0	658
24056	3	4	639	12	0	658
24057	3	3	652	4	0	662
24058	2	637	14	4	0	657
24059	4	11	6	621	0	642
24060	4	7	5	619	0	635
24061	4	620	1	15	0	640
24062	628	11	2	8	0	649
24063	14	5	3	616	0	638
24064	8	612	2	12	0	634
24065	623	11	1	8	0	643
24066	620	5	3	5	0	633
24067	620	4	3	3	0	630
24068	19	607	1	2	0	629
24069	624	12	2	4	0	642
24070	627	5	2	2	0	636
24071	16	5	0	613	0	634
24072	610	2	0	12	0	624
24073	15	1	2	607	0	625
24074	4	4	598	13	0	619
24075	6	2	608	5	0	621
24076	6	0	15	616	0	637
24077	2	6	611	13	0	632
24078	613	2	13	6	0	634
24079	14	0	7	621	0	642
24080	4	2	6	634	0	646
24081	6	2	614	15	0	637
24082	3	608	13	11	0	635
24083	0	630	4	5	0	639
24084	3	13	3	606	0	625
24085	1	7	3	616	0	627
24086	2	3	605	16	0	626
24087	0	3	613	6	0	622
24088	2	3	11	621	0	637
24089	1	1	607	16	0	625
24090	603	2	15	7	0	627
24091	11	2	6	599	0	618
24092	602	1	4	13	0	620
24093	13	2	3	598	0	616
24094	7	2	0	613	0	622
24095	6	1	597	15	0	619
24096	6	605	12	5	0	628
24097	3	11	4	610	0	628
24098	2	3	600	14	0	619
24099	4	595	13	4	0	616
24100	3	10	4	602	0	619
24101	601	2	5	14	0	622
24102	11	5	601	6	0	623
24103	571	1	10	9	0	591
24104	12	0	557	4	0	573
24105	520	0	12	2	0	534
24106	9	527	6	3	0	545
24107	5	495	4	3	0	507
24108	5	14	5	474	0	498
24109	0	480	1	7	0	488
24110	469	8	1	9	0	487
24111	8	4	4	475	0	491
24112	6	4	3	471	0	484
24113	5	2	3	476	0	486
24114	1	1	466	17	0	485
24115	4	1	8	470	0	483
24116	1	4	469	8	0	482
24117	4	457	7	8	0	476
24118	427	6	6	11	0	450
24119	9	445	6	3	0	463
24120	452	9	0	6	0	467
24121	451	5	3	7	0	466
24122	458	3	2	7	0	470
24123	452	4	2	6	0	464
24124	13	2	445	5	0	465
24125	7	1	11	443	0	462
24126	2	6	6	437	0	451
24127	5	3	3	451	0	462
24128	411	2	5	13	0	431
24129	415	3	1	10	0	429
24130	15	431	3	5	0	454
24131	11	6	408	0	0	425
24132	7	3	404	4	0	418
24133	4	392	9	1	0	406
24134	4	382	7	2	0	395
24135	7	4	3	295	0	309
24136	4	4	0	286	0	294
24137	299	2	0	4	0	305
24138	6	294	3	4	0	307
24139	4	3	1	301	0	309
24140	5	4	314	3	0	326
24141	1	2	5	324	0	332
24142	3	1	3	330	0	337
24143	2	3	3	331	0	339
24144	2	5	2	325	0	334
24145	1	1	322	10	0	334
24146	2	309	5	4	0	320
24147	3	311	4	2	0	320
24148	307	5	2	3	0	317
24149	2	303	2	5	0	312
24150	3	319	3	4	0	329
24151	5	3	1	322	0	331
24152	1	4	2	324	0	331
24153	2	2	0	321	0	325
24154	1	1	316	6	0	324
24155	1	314	2	6	0	323
24156	0	5	2	314	0	321
24157	1	318	2	4	0	325
24158	316	3	0	6	0	325
24159	2	315	3	4	0	324
24160	310	6	1	4	0	321
24161	2	4	314	3	0	323
24162	302	1	4	2	0	309
24163	2	5	3	310	0	320
24164	2	6	309	1	0	318
24165	301	2	1	6	0	310
24166	303	4	2	5	0	314
24167	310	1	1	2	0	314
24168	7	2	3	303	0	315
24169	6	3	298	4	0	311
24170	306	0	2	8	0	316
24171	4	2	6	311	0	323
24172	6	0	2	316	0	324
24173	2	2	342	6	0	352
24174	4	341	2	5	0	352
24175	4	1	5	334	0	344
24176	4	343	1	2	0	350
24177	343	0	0	7	0	350
24178	345	2	4	2	0	353
24179	7	0	2	344	0	353
24180	345	1	2	2	0	350
24181	2	351	1	3	0	357
24182	348	1	1	3	0	353
24183	1	349	2	2	0	354
24184	7	1	0	349	0	357
24185	3	3	0	347	0	353
24186	2	351	1	5	0	359
24187	3	0	2	353	0	358
24188	0	5	353	2	0	360
24189	2	349	1	5	0	357
24190	327	4	3	1	0	335
24191	3	329	0	0	0	332
24192	5	1	0	330	0	336
24193	0	3	335	5	0	343
24194	4	4	1	347	0	356
24195	1	4	3	346	0	354
24196	347	0	0	5	0	352
24197	3	2	342	3	0	350
24198	2	346	3	3	0	354
24199	3	2	363	3	0	371
24200	0	1	350	0	0	351
24201	1	0	343	0	0	344
24202	0	2	3	342	0	347
24203	347	0	1	2	0	350
24204	3	351	0	0	0	354
24205	354	2	0	3	0	359
24206	370	0	0	2	0	372
24207	2	0	1	368	0	371
24208	0	371	0	2	0	373
24209	374	2	0	1	0	377
24210	2	375	0	0	0	377
24211	0	2	0	374	0	376
24212	1	0	0	380	0	381
24213	0	377	0	4	0	381
24214	1	2	0	385	0	388
24215	1	2	382	2	0	387
24216	1	0	376	0	0	377
24217	0	2	2	374	0	378
24218	2	0	1	382	0	385
24219	0	1	368	2	0	371
24220	0	1	353	0	0	354
24221	343	0	2	2	0	347
24222	3	359	1	1	0	364
24223	1	385	0	0	0	386
24224	4	3	0	369	0	376
24225	1	2	0	368	0	371
24226	1	0	0	374	0	375
24227	0	1	369	3	0	373
24228	0	0	365	0	0	365
24229	2	1	2	371	0	376
24230	1	0	363	3	0	367
24231	0	358	5	1	0	364
24232	365	3	0	2	0	370
24233	2	1	364	2	0	369
24234	0	1	370	0	0	371
24235	1	0	4	382	0	387
24236	0	0	423	6	0	429
24237	1	436	3	2	0	442
24238	0	6	3	434	0	443
24239	1	2	440	6	0	449
24240	2	422	5	4	0	433
24241	420	6	5	1	0	432
24242	5	4	1	422	0	432
24243	3	0	1	428	0	432
24244	422	0	1	9	0	432
24245	5	420	2	2	0	429
24246	422	6	1	2	0	431
24247	421	2	2	0	0	425
24248	425	1	1	2	0	429
24249	6	0	2	418	0	426
24250	408	1	1	6	0	416
24251	6	393	1	1	0	401
24252	2	414	0	0	0	416
24253	419	6	1	2	0	428
24254	6	1	0	420	0	427
24255	3	1	1	426	0	431
24256	1	2	0	432	0	435
24257	2	0	412	9	0	423
24258	1	416	5	3	0	425
24259	2	5	2	420	0	429
24260	420	3	2	6	0	431
24261	8	0	0	418	0	426
24262	3	1	418	6	0	428
24263	2	419	5	2	0	428
24264	420	6	4	1	0	431
24265	422	3	0	1	0	426
24266	414	0	1	1	0	416
24267	9	1	0	418	0	428
24268	4	0	423	7	0	434
24269	1	2	439	4	0	446
24270	0	440	8	4	0	452
24271	2	7	3	453	0	465
24272	1	3	1	461	0	466
24273	431	2	1	9	0	443
24274	8	1	0	435	0	444
24275	443	0	0	7	0	450
24276	8	0	434	5	0	447
24277	4	0	441	1	0	446
24278	0	2	9	426	0	437
24279	3	0	3	438	0	444
24280	1	0	2	451	0	454
24281	453	1	2	9	0	465
24282	486	1	0	4	0	491
24283	12	0	1	488	0	501
24284	5	0	482	8	0	495
24285	1	1	499	5	0	506
24286	2	0	12	492	0	506
24287	489	1	4	7	0	501
24288	9	1	0	483	0	493
24289	3	1	1	495	0	500
24290	1	1	479	12	0	493
24291	2	0	489	6	0	497
24292	481	0	12	0	0	493
24293	8	0	480	3	0	491
24294	5	3	7	463	0	478
24295	0	1	5	468	0	474
24296	461	1	1	11	0	474
24297	10	458	0	5	0	473
24298	452	7	0	1	0	460
24299	8	436	1	1	0	446
24300	429	8	0	2	0	439
24301	8	5	419	1	0	433
24302	404	1	9	1	0	415
24303	405	0	6	1	0	412
24304	12	2	3	399	0	416
24305	3	0	399	11	0	413
24306	1	3	9	387	0	400
24307	1	1	5	386	0	393
24308	0	377	3	13	0	393
24309	2	11	1	365	0	379
24310	4	377	0	7	0	388
24311	4	8	0	380	0	392
24312	374	4	3	10	0	391
24313	10	1	1	380	0	392
24314	6	2	370	9	0	387
24315	379	1	9	6	0	395
24316	12	1	383	1	0	397
24317	391	0	9	1	0	401
24318	399	0	5	3	0	407
24319	14	389	1	3	0	407
24320	4	417	1	1	0	423
24321	408	15	1	1	0	425
24322	421	5	1	2	0	429
24323	411	0	1	2	0	414
24324	411	0	0	6	0	417
24325	406	0	0	5	0	411
24326	12	0	3	399	0	414
24327	6	2	3	407	0	418
24328	2	1	399	16	0	418
24329	395	0	10	7	0	412
24330	11	0	5	399	0	415
24331	6	0	3	406	0	415
24332	3	4	394	12	0	413
24333	4	391	9	5	0	409
24334	6	401	4	2	0	413
24335	383	13	2	1	0	399
24336	347	3	1	3	0	354
24337	10	319	2	1	0	332
24338	7	318	1	0	0	326
24339	319	7	2	1	0	329
24340	330	1	0	4	0	335
24341	8	0	3	322	0	333
24342	4	0	1	326	0	331
24343	0	1	0	338	0	339
24344	326	1	1	9	0	337
24345	336	3	1	4	0	344
24346	11	2	0	336	0	349
24347	347	2	1	7	0	357
24348	11	0	351	2	0	364
24349	5	1	8	353	0	367
24350	2	2	358	7	0	369
24351	3	349	6	3	0	361
24352	5	5	3	346	0	359
24353	341	3	3	8	0	355
24354	8	1	0	344	0	353
24355	4	1	2	346	0	353
24356	1	3	337	10	0	351
24357	3	0	354	4	0	361
24358	3	355	8	1	0	367
24359	354	7	2	4	0	367
24360	363	1	0	2	0	366
24361	360	1	2	1	0	364
24362	363	2	2	3	0	370
24363	11	2	1	355	0	369
24364	4	2	3	351	0	360
24365	6	357	0	9	0	372
24366	363	6	2	5	0	376
24367	366	3	0	4	0	373
24368	8	2	354	4	0	368
24369	314	0	4	2	0	320
24370	6	318	2	2	0	328
24371	2	5	0	316	0	323
24372	5	319	1	1	0	326
24373	316	5	3	0	0	324
24374	7	310	0	4	0	321
24375	4	5	1	307	0	317
24376	4	1	1	311	0	317
24377	2	2	0	307	0	311
24378	2	297	0	8	0	307
24379	1	6	1	298	0	306
24380	2	4	0	295	0	301
24381	0	271	2	6	0	279
24382	2	246	1	4	0	253
24383	238	6	1	1	0	246
24384	4	242	1	2	0	249
24385	236	6	0	2	0	244
24386	7	3	232	0	0	242
24387	3	239	3	1	0	246
24388	242	5	1	2	0	250
24389	238	3	2	2	0	245
24390	5	3	236	1	0	245
24391	2	1	4	233	0	240
24392	1	1	237	6	0	245
24393	1	228	3	3	0	235
24394	227	4	1	1	0	233
24395	3	223	1	1	0	228
24396	2	2	0	234	0	238
24397	2	3	1	235	0	241
24398	3	3	234	2	0	242
24399	1	2	221	1	0	225
24400	224	2	1	3	0	230
24401	234	0	2	2	0	238
24402	233	1	2	3	0	239
24403	234	2	1	2	0	239
24404	4	230	0	2	0	236
24405	3	1	1	232	0	237
24406	2	1	1	234	0	238
24407	2	234	1	2	0	239
24408	238	2	2	1	0	243
24409	237	4	0	2	0	243
24410	5	1	231	2	0	239
24411	235	1	3	1	0	240
24412	3	2	1	240	0	246
24413	4	0	238	2	0	244
24414	4	1	2	235	0	242
24415	1	0	236	4	0	241
24416	2	1	227	1	0	231
24417	1	1	2	225	0	229
24418	0	223	2	2	0	227
24419	217	1	1	1	0	220
24420	207	0	2	2	0	211
24421	1	240	1	0	0	242
24422	2	240	0	1	0	243
24423	240	2	1	1	0	244
24424	243	1	0	0	0	244
24425	239	1	0	1	0	241
24426	239	1	0	1	0	241
24427	2	0	0	247	0	249
24428	2	1	240	3	0	246
24429	3	242	1	0	0	246
24430	241	1	0	1	0	243
24431	2	255	1	0	0	258
24432	257	2	0	1	0	260
24433	253	1	1	1	0	256
24434	1	2	256	1	0	260
24435	2	265	1	0	0	268
24436	2	1	0	264	0	267
24437	1	1	0	266	0	268
24438	1	1	0	255	0	257
24439	266	0	1	3	0	270
24440	256	1	0	4	0	261
24441	258	0	0	2	0	260
24442	2	261	0	3	0	266
24443	255	1	0	2	0	258
24444	3	267	0	0	0	270
24445	1	2	260	0	0	263
24446	2	259	1	0	0	262
24447	5	1	1	244	0	251
24448	0	0	1	239	0	240
24449	0	1	238	0	0	239
24450	0	0	0	232	0	232
24451	0	0	0	237	0	237
24452	235	0	1	0	0	236
24453	232	0	0	1	0	233
24454	233	0	0	2	0	235
24455	1	240	0	0	0	241
24456	239	0	0	0	0	239
24457	222	0	0	0	0	222
24458	0	235	0	0	0	235
24459	0	0	0	240	0	240
24460	0	0	0	240	0	240
24461	236	0	0	0	0	236
24462	0	0	236	0	0	236
24463	0	234	0	0	0	234
24464	1	0	0	224	0	225
24465	0	222	0	0	0	222
24466	0	221	0	0	0	221
24467	222	0	0	0	0	222
24468	222	0	0	0	0	222
24469	0	0	0	224	0	224
24470	0	0	0	216	0	216
24471	0	0	0	217	0	217
24472	1	0	0	214	0	215
24473	0	0	213	1	0	214
24474	0	0	202	1	0	203
24475	1	0	0	216	0	217
24476	1	0	225	0	0	226
24477	0	231	0	0	0	231
24478	233	1	0	0	0	234
24479	235	0	0	0	0	235
24480	0	0	0	233	0	233
24481	0	0	1	231	0	232
24482	0	0	0	233	0	233
24483	0	241	0	1	0	242
24484	236	0	0	1	0	237
24485	230	0	1	1	0	232
24486	1	0	226	1	0	228
24487	0	1	1	245	0	247
24488	1	0	249	3	0	253
24489	1	0	2	286	0	289
24490	1	0	0	285	0	286
24491	0	1	0	291	0	292
24492	1	0	0	295	0	296
24493	293	0	0	4	0	297
24494	298	1	1	1	0	301
24495	300	0	0	3	0	303
24496	4	0	0	300	0	304
24497	2	0	289	3	0	294
24498	289	0	3	1	0	293
24499	3	1	0	298	0	302
24500	296	0	1	5	0	302
24501	4	0	1	295	0	300
24502	0	286	0	5	0	291
24503	2	301	1	1	0	305
24504	3	1	0	308	0	312
24505	0	0	0	306	0	306
24506	2	1	0	310	0	313
24507	1	310	0	3	0	314
24508	311	3	0	2	0	316
24509	2	311	1	1	0	315
24510	0	3	316	1	0	320
24511	4	0	2	319	0	325
24512	0	321	0	5	0	326
24513	1	5	1	318	0	325
24514	2	0	0	327	0	329
24515	1	3	326	3	0	333
24516	309	1	4	1	0	315
24517	3	326	0	4	0	333
24518	325	4	1	2	0	332
24519	333	1	0	2	0	336
24520	335	2	0	1	0	338
24521	6	0	303	0	0	309
24522	1	1	2	298	0	302
24523	1	1	1	303	0	306
24524	1	0	296	4	0	301
24525	290	1	3	2	0	296
24526	5	0	299	5	0	309
24527	1	0	296	3	0	300
24528	2	299	4	3	0	308
24529	2	4	2	305	0	313
24530	2	1	309	3	0	315
24531	282	1	3	1	0	287
24532	287	0	2	2	0	291
24533	5	0	287	4	0	296
24534	2	1	6	289	0	298
24535	2	0	297	6	0	305
24536	1	297	6	2	0	306
24537	314	3	1	2	0	320
24538	320	0	2	1	0	323
24539	320	1	2	0	0	323
24540	5	1	1	317	0	324
24541	3	1	2	319	0	325
24542	1	1	315	5	0	322
24543	310	0	5	2	0	317
24544	5	2	0	315	0	322
24545	315	0	1	3	0	319
24546	5	0	314	1	0	320
24547	1	0	316	3	0	320
24548	4	0	5	312	0	321
24549	1	1	0	319	0	321
24550	1	0	318	5	0	324
24551	312	0	3	1	0	316
24552	5	0	2	312	0	319
24553	1	325	3	4	0	333
24554	326	4	1	2	0	333
24555	4	318	2	1	0	325
24556	323	4	1	1	0	329
24557	6	0	326	2	0	334
24558	1	1	327	1	0	330
24559	2	325	4	1	0	332
24560	325	4	2	2	0	333
24561	3	2	321	1	0	327
24562	321	1	2	3	0	327
24563	4	324	3	0	0	331
24564	2	3	3	324	0	332
24565	1	1	1	322	0	325
24566	1	314	2	4	0	321
24567	327	4	2	0	0	333
24568	332	2	0	1	0	335
24569	339	2	1	0	0	342
24570	6	0	341	1	0	348
24571	2	1	4	345	0	352
24572	1	2	1	351	0	355
24573	2	1	1	358	0	362
24574	2	1	354	5	0	362
24575	4	342	4	3	0	353
24576	331	4	1	1	0	337
24577	4	0	334	3	0	341
24578	326	1	5	3	0	335
24579	4	335	1	2	0	342
24580	333	3	1	1	0	338
24581	5	1	1	333	0	340
24582	337	1	1	3	0	342
24583	5	1	1	329	0	336
24584	2	0	335	5	0	342
24585	2	3	5	330	0	340
24586	2	0	332	5	0	339
24587	307	2	2	1	0	312
24588	4	309	0	0	0	313
24589	0	3	1	268	0	272
24590	2	284	0	1	0	287
24591	280	1	0	2	0	283
24592	272	0	1	2	0	275
24593	2	271	1	2	0	276
24594	276	1	1	0	0	278
24595	286	0	0	1	0	287
24596	2	1	0	282	0	285
24597	0	0	1	284	0	285
24598	292	1	0	2	0	295
24599	305	0	0	1	0	306
24600	3	0	0	301	0	304
24601	0	1	1	323	0	325
24602	336	0	0	4	0	340
24603	4	0	333	1	0	338
24604	320	1	3	1	0	325
24605	3	0	326	2	0	331
24606	3	316	3	0	0	322
24607	4	3	2	317	0	326
24608	0	1	326	4	0	331
24609	0	328	4	3	0	335
24610	331	3	2	1	0	337
24611	2	2	332	0	0	336
24612	324	0	2	0	0	326
24613	331	0	3	0	0	334
24614	339	1	0	0	0	340
24615	4	0	0	330	0	334
24616	2	358	1	2	0	363
24617	354	3	0	2	0	359
24618	2	2	358	0	0	362
24619	340	0	2	0	0	342
24620	2	0	356	0	0	358
24621	1	346	2	4	0	353
24622	1	2	2	354	0	359
24623	0	2	0	353	0	355
24624	0	352	0	4	0	356
24625	1	2	0	355	0	358
24626	0	2	354	1	0	357
24627	0	350	1	2	0	353
24628	0	2	2	346	0	350
24629	338	1	0	3	0	342
24630	354	0	0	2	0	356
24631	4	0	1	348	0	353
24632	2	368	0	2	0	372
24633	1	1	0	366	0	368
24634	1	1	0	358	0	360
24635	0	0	347	4	0	351
24636	0	350	2	3	0	355
24637	0	2	2	343	0	347
24638	0	3	334	2	0	339
24639	0	332	2	3	0	337
24640	0	2	2	334	0	338
24641	333	1	0	3	0	337
24642	2	335	0	3	0	340
24643	2	3	0	335	0	340
24644	337	2	0	3	0	342
24645	344	0	0	3	0	347
24646	343	0	0	0	0	343
24647	342	1	0	1	0	344
24648	4	0	0	340	0	344
24649	2	0	354	2	0	358
24650	0	1	2	346	0	349
24651	0	349	2	2	0	353
24652	356	2	0	2	0	360
24653	2	3	348	0	0	353
24654	344	0	2	1	0	347
24655	3	0	357	0	0	360
24656	4	0	2	350	0	356
24657	1	0	354	2	0	357
24658	1	1	2	347	0	351
24659	0	0	347	4	0	351
24660	0	1	2	344	0	347
24661	344	0	2	3	0	349
24662	1	354	0	2	0	357
24663	4	2	0	360	0	366
24664	0	2	2	362	0	366
24665	1	1	379	4	0	385
24666	0	0	364	3	0	367
24667	369	0	4	1	0	374
24668	1	372	3	0	0	376
24669	367	2	0	3	0	372
24670	360	1	1	0	0	362
24671	6	0	0	360	0	366
24672	4	362	0	3	0	369
24673	371	3	0	2	0	376
24674	371	2	0	3	0	376
24675	375	1	1	1	0	378
24676	379	0	1	1	0	381
24677	373	1	1	0	0	375
24678	6	0	362	0	0	368
24679	366	1	3	1	0	371
24680	5	0	378	0	0	383
24681	3	0	4	375	0	382
24682	2	0	2	379	0	383
24683	1	0	375	4	0	380
24684	371	0	2	4	0	377
24685	3	0	3	389	0	395
24686	4	1	1	387	0	393
24687	2	0	0	393	0	395
24688	1	2	0	397	0	400
24689	0	0	1	404	0	405
24690	1	1	393	8	0	403
24691	2	0	7	391	0	400
24692	0	2	397	6	0	405
24693	1	2	395	4	0	402
24694	393	1	7	2	0	403
24695	424	1	3	0	0	428
24696	455	1	1	4	0	461
24697	8	0	455	2	0	465
24698	2	2	456	1	0	461
24699	3	0	468	2	0	473
24700	3	478	7	1	0	489
24701	8	10	4	459	0	481
24702	493	0	2	7	0	502
24703	6	1	3	534	0	544
24704	0	552	3	8	0	563
24705	563	6	2	0	0	571
24706	6	1	1	560	0	568
24707	1	570	2	11	0	584
24708	4	4	1	567	0	576
24709	1	0	3	567	0	571
24710	559	2	1	6	0	568
24711	7	1	3	554	0	565
24712	0	0	554	11	0	565
24713	2	1	8	551	0	562
24714	0	537	0	11	0	548
24715	2	545	1	3	0	551
24716	5	6	1	516	0	528
24717	2	2	0	515	0	519
24718	1	510	1	5	0	517
24719	1	511	1	5	0	518
24720	1	518	1	4	0	524
24721	4	8	1	492	0	505
24722	1	514	1	9	0	525
24723	516	5	2	2	0	525
24724	6	2	517	3	0	528
24725	2	2	6	503	0	513
24726	4	519	2	6	0	531
24727	517	6	1	4	0	528
24728	5	3	528	1	0	537
24729	2	534	5	2	0	543
24730	517	6	1	3	0	527
24731	5	508	0	2	0	515
24732	0	514	0	0	0	514
24733	3	6	0	509	0	518
24734	0	518	1	5	0	524
24735	513	8	0	1	0	522
24736	7	1	0	513	0	521
24737	1	2	513	5	0	521
24738	1	1	503	1	0	506
24739	0	1	5	514	0	520
24740	1	2	513	5	0	521
24741	2	0	7	518	0	527
24742	511	1	1	7	0	520
24743	6	1	516	0	0	523
24744	1	1	7	511	0	520
24745	1	505	1	6	0	513
24746	0	7	2	516	0	525
24747	0	1	0	526	0	527
24748	3	524	0	5	0	532
24749	1	5	1	520	0	527
24750	0	1	0	527	0	528
24751	1	2	515	7	0	525
24752	0	512	6	4	0	522
24753	516	5	1	4	0	526
24754	6	2	2	517	0	527
24755	1	1	510	9	0	521
24756	3	1	6	512	0	522
24757	1	0	512	7	0	520
24758	496	2	7	5	0	510
24759	6	517	1	4	0	528
24760	1	6	1	527	0	535
24761	1	3	1	532	0	537
24762	512	2	0	9	0	523
24763	6	0	1	515	0	522
24764	3	2	505	7	0	517
24765	2	2	5	488	0	497
24766	0	489	2	7	0	498
24767	2	498	1	3	0	504
24768	1	504	0	4	0	509
24769	1	12	1	498	0	512
24770	2	3	501	7	0	513
24771	0	498	7	5	0	510
24772	484	12	1	1	0	498
24773	8	500	0	3	0	511
24774	502	8	1	5	0	516
24775	502	3	0	3	0	508
24776	8	0	496	3	0	507
24777	502	2	7	3	0	514
24778	520	2	2	2	0	526
24779	511	3	0	4	0	518
24780	517	3	2	1	0	523
24781	8	3	511	2	0	524
24782	511	2	6	5	0	524
24783	525	2	3	1	0	531
24784	7	526	1	1	0	535
24785	2	6	0	520	0	528
24786	2	4	1	524	0	531
24787	2	520	2	6	0	530
24788	518	5	0	4	0	527
24789	6	514	3	1	0	524
24790	504	5	2	3	0	514
24791	513	3	0	2	0	518
24792	7	511	2	2	0	522
24793	4	6	1	500	0	511
24794	3	3	507	4	0	517
24795	3	483	6	1	0	493
24796	2	13	2	430	0	447
24797	0	439	1	4	0	444
24798	0	454	0	8	0	462
24799	0	10	0	442	0	452
24800	2	2	439	7	0	450
24801	0	432	6	2	0	440
24802	0	415	1	2	0	418
24803	350	6	1	5	0	362
24804	6	3	6	353	0	368
24805	0	7	0	356	0	363
24806	2	5	0	368	0	375
24807	5	1	347	11	0	364
24808	0	0	8	365	0	373
24809	0	368	1	14	0	383
24810	384	8	2	7	0	401
24811	8	1	5	391	0	405
24812	1	2	388	13	0	404
24813	393	5	8	1	0	407
24814	14	0	1	408	0	423
24815	1	0	436	13	0	450
24816	2	0	439	1	0	442
24817	453	0	8	4	0	465
24818	467	0	4	5	0	476
24819	464	0	8	0	0	472
24820	476	0	5	1	0	482
24821	18	0	465	1	0	484
24822	9	469	9	0	0	487
24823	477	9	1	0	0	487
24824	13	465	3	0	0	481
24825	462	12	5	1	0	480
24826	10	466	0	0	0	476
24827	6	12	0	461	0	479
24828	2	6	0	464	0	472
24829	5	3	0	458	0	466
24830	0	449	0	13	0	462
24831	0	454	0	9	0	463
24832	0	10	0	446	0	456
24833	0	439	0	13	0	452
24834	0	18	443	1	0	462
24835	1	6	9	447	0	463
24836	0	3	446	14	0	463
24837	442	5	12	1	0	460
24838	452	0	8	3	0	463
24839	11	0	448	5	0	464
24840	5	1	445	0	0	451
24841	9	0	10	437	0	456
24842	6	0	442	9	0	457
24843	0	0	17	423	0	440
24844	0	409	7	12	0	428
24845	0	9	4	446	0	459
24846	0	3	5	443	0	451
24847	1	4	0	450	0	455
24848	3	6	423	13	0	445
24849	0	0	9	431	0	440
24850	0	0	1	437	0	438
24851	0	0	3	430	0	433
24852	1	424	6	11	0	442
24853	421	9	0	11	0	441
24854	428	2	1	9	0	440
24855	422	4	0	6	0	432
24856	13	5	1	411	0	430
24857	8	0	412	10	0	430
24858	11	0	415	0	0	426
24859	7	415	8	4	0	434
24860	411	9	4	5	0	429
24861	8	406	10	0	0	424
24862	410	11	6	1	0	428
24863	12	408	1	1	0	422
24864	411	11	0	0	0	422
24865	12	435	0	1	0	448
24866	5	11	1	440	0	457
24867	3	6	432	12	0	453
24868	5	3	444	2	0	454
24869	0	6	9	441	0	456
24870	1	1	3	450	0	455
24871	1	1	8	447	0	457
24872	0	0	446	14	0	460
24873	0	0	10	432	0	442
24874	425	1	0	19	0	445
24875	433	1	4	6	0	444
24876	10	422	5	3	0	440
24877	418	9	0	7	0	434
24878	16	416	1	1	0	434
24879	422	12	2	0	0	436
24880	426	5	1	1	0	433
24881	415	4	1	1	0	421
24882	14	5	401	1	0	421
24883	9	2	395	0	0	406
24884	399	0	10	2	0	411
24885	412	1	5	1	0	419
24886	10	1	9	403	0	423
24887	4	1	7	422	0	434
24888	9	0	0	431	0	440
24889	1	1	1	430	0	433
24890	2	0	1	452	0	455
24891	438	1	0	19	0	458
24892	10	1	0	437	0	448
24893	0	0	438	14	0	452
24894	432	1	9	6	0	448
24895	438	2	1	5	0	446
24896	9	427	4	0	0	440
24897	4	438	6	2	0	450
24898	408	8	0	1	0	417
24899	4	422	0	1	0	427
24900	411	7	1	0	0	419
24901	420	1	3	0	0	424
24902	425	2	0	1	0	428
24903	10	2	0	416	0	428
24904	3	409	2	5	0	419
24905	420	3	1	3	0	427
24906	6	1	2	423	0	432
24907	3	1	1	417	0	422
24908	388	1	0	7	0	396
24909	5	377	1	4	0	387
24910	1	2	0	383	0	386
24911	379	1	1	6	0	387
24912	7	379	0	3	0	389
24913	386	7	0	0	0	393
24914	7	1	370	2	0	380
24915	348	0	5	0	0	353
24916	7	358	1	0	0	366
24917	345	7	2	0	0	354
24918	345	0	0	0	0	345
24919	9	352	0	0	0	361
24920	354	5	0	0	0	359
24921	7	349	0	0	0	356
24922	355	5	0	2	0	362
24923	7	1	0	358	0	366
24924	3	0	0	362	0	365
24925	0	1	0	366	0	367
24926	1	1	350	7	0	359
24927	2	0	5	352	0	359
24928	1	0	346	12	0	359
24929	1	0	5	351	0	357
24930	1	353	1	6	0	361
24931	1	6	0	356	0	363
24932	0	1	355	7	0	363
24933	0	0	365	2	0	367
24934	1	2	6	362	0	371
24935	362	0	0	9	0	371
24936	368	0	2	1	0	371
24937	8	371	1	0	0	380
24938	1	7	0	377	0	385
24939	2	0	389	6	0	397
24940	2	0	6	398	0	406
24941	1	2	401	6	0	410
24942	389	1	7	5	0	402
24943	7	1	0	399	0	407
24944	1	0	397	7	0	405
24945	2	0	7	398	0	407
24946	1	1	1	403	0	406
24947	1	0	393	9	0	403
24948	0	0	6	394	0	400
24949	394	1	1	9	0	405
24950	401	0	2	2	0	405
24951	7	1	1	403	0	412
24952	408	0	0	8	0	416
24953	8	1	405	3	0	417
24954	4	0	418	2	0	424
24955	416	0	7	2	0	425
24956	428	0	3	1	0	432
24957	8	0	2	414	0	424
24958	3	0	2	426	0	431
24959	2	1	419	7	0	429
24960	2	2	6	407	0	417
24961	0	417	2	5	0	424
24962	430	6	2	3	0	441
24963	460	1	3	0	0	464
24964	8	458	0	2	0	468
24965	431	7	0	2	0	440
24966	439	1	1	1	0	442
24967	8	442	0	1	0	451
24968	442	7	0	2	0	451
24969	8	448	2	0	0	458
24970	449	8	0	2	0	459
24971	9	2	445	0	0	456
24972	5	2	6	448	0	461
24973	2	1	1	455	0	459
24974	2	0	1	464	0	467
24975	455	0	2	11	0	468
24976	9	0	1	483	0	493
24977	2	0	478	11	0	491
24978	484	0	8	5	0	497
24979	10	0	2	478	0	490
24980	3	471	2	9	0	485
24981	1	490	3	3	0	497
24982	3	10	0	483	0	496
24983	0	4	1	483	0	488
24984	2	2	2	488	0	494
24985	4	1	468	11	0	484
24986	3	458	8	4	0	473
24987	447	10	2	4	0	463
24988	454	2	1	2	0	459
24989	11	445	2	1	0	459
24990	5	448	0	2	0	455
24991	4	11	2	436	0	453
24992	2	3	426	9	0	440
24993	416	4	9	5	0	434
24994	430	1	1	4	0	436
24995	13	0	1	421	0	435
24996	5	0	0	429	0	434
24997	409	2	2	10	0	423
24998	10	0	407	6	0	423
24999	394	1	11	1	0	407
25000	11	397	2	1	0	411
25001	2	7	2	383	0	394
25002	0	379	1	8	0	388
25003	390	7	0	3	0	400
25004	7	1	0	384	0	392
25005	2	1	2	378	0	383
25006	2	379	0	7	0	388
25007	381	6	1	3	0	391
25008	387	1	0	2	0	390
25009	7	4	376	2	0	389
25010	3	2	364	1	0	370
25011	376	0	6	1	0	383
25012	5	1	373	1	0	380
25013	1	1	359	1	0	362
25014	359	1	5	1	0	366
25015	5	1	423	1	0	430
25016	1	0	7	433	0	441
25017	2	0	3	439	0	444
25018	462	0	2	12	0	476
25019	10	0	462	3	0	475
25020	489	2	11	1	0	503
25021	12	0	4	484	0	500
25022	497	1	2	10	0	510
25023	504	1	0	5	0	510
25024	504	1	1	3	0	509
25025	16	0	0	493	0	509
25026	501	1	2	11	0	515
25027	14	0	0	503	0	517
25028	8	0	0	503	0	511
25029	4	2	1	506	0	513
25030	2	0	1	516	0	519
25031	507	0	0	14	0	521
25032	507	0	2	9	0	518
25033	15	0	498	4	0	517
25034	498	1	8	3	0	510
25035	512	0	5	4	0	521
25036	14	1	1	499	0	515
25037	7	485	1	14	0	507
25038	495	9	1	6	0	511
25039	12	3	1	473	0	489
25040	471	1	1	9	0	482
25041	11	463	1	6	0	481
25042	475	10	0	1	0	486
25043	11	4	1	462	0	478
25044	5	463	2	11	0	481
25045	472	10	1	5	0	488
25046	11	462	2	2	0	477
25047	8	485	1	2	0	496
25048	487	13	0	2	0	502
25049	11	7	475	1	0	494
25050	479	1	9	6	0	495
25051	11	2	4	472	0	489
25052	9	2	467	10	0	488
25053	3	0	11	462	0	476
25054	5	1	5	467	0	478
25055	3	0	462	18	0	483
25056	465	0	9	7	0	481
25057	15	1	4	462	0	482
25058	9	0	2	467	0	478
25059	4	0	1	467	0	472
25060	457	1	2	15	0	475
25061	10	1	447	11	0	469
25062	5	2	453	5	0	465
25063	3	0	13	428	0	444
25064	1	0	429	16	0	446
25065	421	0	7	9	0	437
25066	11	424	8	2	0	445
25067	417	8	4	1	0	430
25068	14	5	1	401	0	421
25069	9	394	4	7	0	414
25070	4	8	2	401	0	415
25071	2	407	1	10	0	420
25072	5	10	0	404	0	419
25073	4	6	397	12	0	419
25074	4	2	393	6	0	405
25075	2	397	11	4	0	414
25076	370	7	4	1	0	382
25077	6	5	1	363	0	375
25078	5	2	1	369	0	377
25079	363	0	1	13	0	377
25080	366	2	2	5	0	375
25081	14	2	3	360	0	379
25082	10	0	353	8	0	371
25083	2	355	9	7	0	373
25084	5	5	5	356	0	371
25085	4	5	0	354	0	363
25086	1	356	3	13	0	373
25087	362	6	2	7	0	377
25088	9	6	364	3	0	382
25089	6	1	8	359	0	374
25090	5	0	5	353	0	363
25091	1	5	348	13	0	367
25092	5	1	5	356	0	367
25093	356	0	5	11	0	372
25094	360	4	0	6	0	370
25095	367	1	2	2	0	372
25096	11	349	8	1	0	369
25097	370	7	1	5	0	383
25098	11	4	2	369	0	386
25099	6	0	3	374	0	383
25100	2	417	1	15	0	435
25101	459	11	0	6	0	476
25102	481	4	3	5	0	493
25103	495	3	1	3	0	502
25104	498	1	0	4	0	503
25105	499	3	1	3	0	506
25106	19	1	486	6	0	512
25107	493	0	14	3	0	510
25108	502	2	5	1	0	510
25109	501	2	3	3	0	509
25110	21	1	1	485	0	508
25111	7	1	3	496	0	507
25112	6	0	482	18	0	506
25113	447	0	13	9	0	469
25114	15	477	6	2	0	500
25115	7	420	1	2	0	430
25116	2	8	412	1	0	423
25117	2	408	5	3	0	418
25118	1	388	2	1	0	392
25119	3	23	5	326	0	357
25120	1	343	0	6	0	350
25121	341	6	1	1	0	349
25122	335	1	1	1	0	338
25123	8	2	0	332	0	342
25124	5	0	335	4	0	344
25125	329	0	5	3	0	337
25126	6	0	330	2	0	338
25127	4	0	337	0	0	341
25128	3	0	5	332	0	340
25129	1	0	3	339	0	343
25130	0	0	334	8	0	342
25131	0	328	6	4	0	338
25132	2	346	2	2	0	352
25133	343	7	1	0	0	351
25134	344	4	1	0	0	349
25135	8	1	338	0	0	347
25136	334	1	5	0	0	340
25137	358	1	2	0	0	361
25138	6	0	2	350	0	358
25139	4	2	0	354	0	360
25140	4	0	0	358	0	362
25141	351	0	0	8	0	359
25142	354	0	0	5	0	359
25143	355	0	1	2	0	358
25144	12	0	1	348	0	361
25145	6	0	343	5	0	354
25146	341	0	6	3	0	350
25147	339	1	4	1	0	345
25148	9	1	2	327	0	339
25149	5	332	0	6	0	343
25150	3	5	0	337	0	345
25151	1	340	0	8	0	349
25152	2	8	1	332	0	343
25153	3	344	2	6	0	355
25154	339	7	1	3	0	350
25155	7	2	1	340	0	350
25156	4	335	2	5	0	346
25157	3	6	331	3	0	343
25158	329	2	7	3	0	341
25159	7	3	3	330	0	343
25160	5	335	1	9	0	350
25161	3	9	0	328	0	340
25162	3	314	2	7	0	326
25163	2	335	1	3	0	341
25164	326	6	1	4	0	337
25165	337	4	2	0	0	343
25166	10	2	333	1	0	346
25167	329	1	7	1	0	338
25168	335	2	2	1	0	340
25169	8	329	2	2	0	341
25170	4	5	1	329	0	339
25171	1	2	3	336	0	342
25172	3	2	323	7	0	335
25173	5	1	321	2	0	329
25174	324	0	7	3	0	334
25175	324	1	2	3	0	330
25176	323	0	4	3	0	330
25177	9	1	322	1	0	333
25178	3	1	6	316	0	326
25179	318	1	1	6	0	326
25180	8	0	1	316	0	325
25181	3	2	314	7	0	326
25182	312	1	5	2	0	320
25183	8	1	327	3	0	339
25184	4	323	7	2	0	336
25185	327	6	2	3	0	338
25186	7	1	327	1	0	336
25187	5	1	4	323	0	333
25188	319	2	1	5	0	327
25189	6	1	2	318	0	327
25190	320	2	0	8	0	330
25191	6	0	1	318	0	325
25192	323	3	1	7	0	334
25193	327	0	0	5	0	332
25194	324	0	0	3	0	327
25195	334	2	0	0	0	336
25196	9	0	2	324	0	335
25197	4	0	314	4	0	322
25198	2	0	322	3	0	327
25199	3	315	3	1	0	322
25200	1	271	2	1	0	275
25201	221	0	7	2	0	230
25202	0	1	0	209	0	210
25203	1	0	208	0	0	209
25204	0	0	205	0	0	205
25205	0	1	0	207	0	208
25206	199	0	0	1	0	200
25207	0	199	0	3	0	202
25208	213	0	1	0	0	214
25209	0	0	1	212	0	213
25210	0	0	0	210	0	210
25211	0	0	0	205	0	205
25212	0	1	201	0	0	202
25213	1	0	196	0	0	197
25214	0	197	1	1	0	199
25215	0	1	0	201	0	202
25216	191	0	0	2	0	193
25217	1	1	192	0	0	194
25218	0	0	202	1	0	203
25219	1	0	0	204	0	205
25220	0	0	0	204	0	204
25221	1	0	0	205	0	206
25222	0	0	1	234	0	235
25223	234	0	1	3	0	238
25224	3	0	0	232	0	235
25225	234	0	0	4	0	238
25226	3	0	238	0	0	241
25227	0	233	3	1	0	237
25228	1	3	0	233	0	237
25229	3	0	233	4	0	240
25230	1	0	245	2	0	248
25231	2	252	3	0	0	257
25232	0	4	1	237	0	242
25233	0	1	0	244	0	245
25234	0	0	243	5	0	248
25235	244	0	6	1	0	251
25236	4	1	1	244	0	250
25237	0	2	0	237	0	239
25238	2	0	245	5	0	252
25239	0	244	6	2	0	252
25240	1	275	2	0	0	278
25241	283	4	0	2	0	289
25242	4	0	1	285	0	290
25243	321	0	2	7	0	330
25244	6	2	323	0	0	331
25245	1	2	6	318	0	327
25246	321	1	0	7	0	329
25247	330	0	1	1	0	332
25248	9	0	0	321	0	330
25249	2	0	320	7	0	329
25250	0	0	325	2	0	327
25251	2	1	7	319	0	329
25252	3	1	319	6	0	329
25253	307	1	6	1	0	315
25254	6	313	2	2	0	323
25255	311	6	2	1	0	320
25256	324	0	2	0	0	326
25257	7	0	1	317	0	325
25258	0	0	2	323	0	325
25259	322	0	0	6	0	328
25260	7	1	0	315	0	323
25261	1	1	315	7	0	324
25262	2	317	6	0	0	325
25263	0	6	1	313	0	320
25264	1	0	0	318	0	319
25265	3	0	1	317	0	321
25266	2	0	311	8	0	321
25267	0	310	9	0	0	319
25268	2	6	0	312	0	320
25269	2	0	311	6	0	319
25270	2	0	6	309	0	317
25271	311	0	0	10	0	321
25272	7	0	2	314	0	323
25273	0	2	320	7	0	329
25274	316	0	7	3	0	326
25275	5	318	3	1	0	327
25276	2	328	0	3	0	333
25277	326	7	1	1	0	335
25278	7	0	331	4	0	342
25279	3	0	9	327	0	339
25280	3	1	1	339	0	344
25281	0	2	330	10	0	342
25282	2	336	8	0	0	346
25283	4	6	1	316	0	327
25284	1	0	326	6	0	333
25285	0	0	7	332	0	339
25286	328	0	2	8	0	338
25287	7	1	332	3	0	343
25288	3	3	7	332	0	345
25289	3	1	1	343	0	348
25290	2	3	337	8	0	350
25291	3	0	8	332	0	343
25292	5	306	1	8	0	320
25293	3	6	2	322	0	333
25294	2	329	5	8	0	344
25295	326	7	1	5	0	339
25296	328	0	4	3	0	335
25297	7	1	324	3	0	335
25298	1	4	324	4	0	333
25299	3	2	322	3	0	330
25300	3	316	8	2	0	329
25301	4	8	1	322	0	335
25302	3	0	327	9	0	339
25303	2	1	7	318	0	328
25304	3	1	3	319	0	326
25305	2	2	324	9	0	337
25306	3	1	8	323	0	335
25307	1	2	2	327	0	332
25308	1	313	4	9	0	327
25309	3	7	2	320	0	332
25310	4	0	3	330	0	337
25311	1	1	329	8	0	339
25312	1	4	6	326	0	337
25313	3	1	332	10	0	346
25314	1	3	327	3	0	334
25315	322	2	6	8	0	338
25316	7	0	2	329	0	338
25317	2	327	3	7	0	339
25318	2	330	2	5	0	339
25319	3	9	5	325	0	342
25320	0	3	334	6	0	343
25321	4	331	6	3	0	344
25322	2	6	2	309	0	319
25323	1	1	330	4	0	336
25324	2	336	3	4	0	345
25325	337	6	2	3	0	348
25326	342	0	3	3	0	348
25327	355	3	1	4	0	363
25328	6	1	3	367	0	377
25329	4	1	1	371	0	377
25330	1	1	1	365	0	368
25331	2	0	357	6	0	365
25332	361	2	7	4	0	374
25333	7	1	2	358	0	368
25334	1	1	358	7	0	367
25335	351	1	8	5	0	365
25336	359	0	4	5	0	368
25337	6	2	330	5	0	343
25338	357	0	4	8	0	369
25339	6	369	2	3	0	380
25340	2	4	346	4	0	356
25341	333	3	9	1	0	346
25342	5	338	1	4	0	348
25343	1	2	1	298	0	302
25344	0	299	0	3	0	302
25345	1	3	0	306	0	310
25346	0	1	306	3	0	310
25347	291	1	2	2	0	296
25348	3	0	308	1	0	312
25349	1	304	4	0	0	309
25350	1	305	1	2	0	309
25351	307	3	2	1	0	313
25352	2	1	306	1	0	310
25353	1	1	2	304	0	308
25354	2	0	312	3	0	317
25355	0	318	5	1	0	324
25356	1	2	1	311	0	315
25357	0	315	1	3	0	319
25358	321	3	2	1	0	327
25359	331	1	0	1	0	333
25360	331	2	0	0	0	333
25361	4	0	327	1	0	332
25362	3	2	313	0	0	318
25363	327	1	3	0	0	331
25364	3	0	338	0	0	341
25365	2	0	4	317	0	323
25366	1	324	2	1	0	328
25367	336	1	1	2	0	340
25368	340	2	0	2	0	344
25369	357	1	0	1	0	359
25370	4	0	1	360	0	365
25371	3	0	0	360	0	363
25372	357	0	1	3	0	361
25373	2	351	0	2	0	355
25374	354	3	0	1	0	358
25375	5	1	0	351	0	357
25376	1	1	0	352	0	354
25377	347	0	0	4	0	351
25378	2	338	1	2	0	343
25379	341	2	1	1	0	345
25380	3	352	0	2	0	357
25381	349	3	0	0	0	352
25382	5	1	0	369	0	375
25383	375	1	0	3	0	379
25384	399	0	0	1	0	400
25385	441	0	0	2	0	443
25386	8	451	1	0	0	460
25387	3	5	446	0	0	454
25388	448	1	7	0	0	456
25389	457	1	2	1	0	461
25390	7	447	0	0	0	454
25391	3	5	0	452	0	460
25392	2	3	0	455	0	460
25393	451	1	1	8	0	461
25394	5	0	0	457	0	462
25395	3	0	460	7	0	470
25396	2	1	456	2	0	461
25397	459	1	7	2	0	469
25398	6	0	3	460	0	469
25399	3	0	1	467	0	471
25400	1	0	0	473	0	474
25401	1	0	481	8	0	490
25402	0	0	7	479	0	486
25403	2	0	2	495	0	499
25404	0	1	1	499	0	501
25405	488	0	0	9	0	497
25406	7	0	0	496	0	503
25407	4	1	499	9	0	513
25408	528	1	6	3	0	538
25409	7	0	546	2	0	555
25410	551	0	7	1	0	559
25411	540	1	4	0	0	545
25412	11	2	1	548	0	562
25413	3	551	2	8	0	564
25414	3	7	0	569	0	579
25415	2	7	1	577	0	587
25416	1	582	1	12	0	596
25417	582	7	2	4	0	595
25418	8	577	3	2	0	590
25419	583	9	1	0	0	593
25420	583	3	1	4	0	591
25421	12	0	1	582	0	595
25422	4	1	0	573	0	578
25423	1	0	554	12	0	567
25424	0	2	536	7	0	545
25425	523	0	11	2	0	536
25426	533	0	3	5	0	541
25427	12	514	1	2	0	529
25428	3	5	0	506	0	514
25429	1	2	527	5	0	535
25430	6	1	7	523	0	537
25431	523	0	6	6	0	535
25432	518	0	0	4	0	522
25433	9	516	1	1	0	527
25434	4	5	1	519	0	529
25435	3	5	1	523	0	532
25436	3	0	2	521	0	526
25437	4	0	495	10	0	509
25438	473	2	6	3	0	484
25439	481	1	1	2	0	485
25440	9	3	491	1	0	504
25441	3	487	5	3	0	498
25442	493	6	3	5	0	507
25443	495	3	2	2	0	502
25444	9	0	489	3	0	501
25445	4	2	493	0	0	499
25446	1	2	10	490	0	503
25447	3	4	494	7	0	508
25448	494	1	5	4	0	504
25449	498	2	3	3	0	506
25450	504	0	3	5	0	512
25451	7	1	4	491	0	503
25452	4	512	1	7	0	524
25453	522	6	1	3	0	532
25454	524	3	0	2	0	529
25455	13	2	508	4	0	527
25456	5	3	504	4	0	516
25457	485	0	7	6	0	498
25458	8	2	3	510	0	523
25459	5	1	503	8	0	517
25460	6	496	6	3	0	511
25461	4	8	3	504	0	519
25462	496	4	4	8	0	512
25463	7	505	0	5	0	517
25464	6	6	3	499	0	514
25465	5	495	2	6	0	508
25466	5	507	3	4	0	519
25467	5	6	4	502	0	517
25468	3	5	1	500	0	509
25469	2	497	3	9	0	511
25470	494	7	2	2	0	505
25471	11	3	496	2	0	512
25472	493	2	8	3	0	506
25473	9	1	3	512	0	525
25474	4	3	4	518	0	529
25475	6	1	3	517	0	527
25476	6	1	1	513	0	521
25477	6	0	516	8	0	530
25478	4	2	8	518	0	532
25479	4	4	5	532	0	545
25480	2	540	1	13	0	556
25481	2	6	554	8	0	570
25482	2	562	8	4	0	576
25483	4	8	574	3	0	589
25484	6	573	7	3	0	589
25485	4	6	4	539	0	553
25486	530	4	2	5	0	541
25487	4	534	1	5	0	544
25488	5	5	1	549	0	560
25489	4	2	548	5	0	559
25490	5	555	8	1	0	569
25491	544	4	5	3	0	556
25492	552	2	3	2	0	559
25493	6	549	2	4	0	561
25494	3	3	550	2	0	558
25495	530	1	3	4	0	538
25496	6	1	2	552	0	561
25497	553	3	1	5	0	562
25498	5	560	2	5	0	572
25499	5	566	1	3	0	575
25500	2	6	559	4	0	571
25501	554	2	6	4	0	566
25502	5	5	5	557	0	572
25503	553	1	1	8	0	563
25504	6	555	4	3	0	568
25505	557	6	2	2	0	567
25506	548	3	3	3	0	557
25507	10	1	558	1	0	570
25508	2	531	2	2	0	537
25509	1	530	2	3	0	536
25510	2	7	1	511	0	521
25511	1	504	0	5	0	510
25512	511	3	1	1	0	516
25513	3	513	1	0	0	517
25514	2	4	0	496	0	502
25515	2	478	1	3	0	484
25516	3	478	0	0	0	481
25517	0	496	2	1	0	499
25518	6	2	2	494	0	504
25519	0	2	0	496	0	498
25520	2	0	1	494	0	497
25521	1	488	0	2	0	491
25522	0	4	484	0	0	488
25523	0	2	481	1	0	484
25524	470	2	2	1	0	475
25525	5	1	0	485	0	491
25526	1	2	488	2	0	493
25527	1	2	493	1	0	497
25528	1	508	2	1	0	512
25529	2	3	0	485	0	490
25530	0	1	1	490	0	492
25531	487	2	0	3	0	492
25532	2	2	1	483	0	488
25533	0	0	1	490	0	491
25534	1	2	495	2	0	500
25535	1	0	4	495	0	500
25536	0	3	1	511	0	515
25537	1	0	515	3	0	519
25538	0	3	521	1	0	525
25539	1	516	3	2	0	522
25540	2	3	516	2	0	523
25541	1	2	3	507	0	513
25542	2	0	3	445	0	450
25543	1	1	510	5	0	517
25544	1	510	3	0	0	514
25545	497	3	1	4	0	505
25546	3	510	3	2	0	518
25547	2	4	3	511	0	520
25548	2	1	1	517	0	521
25549	3	518	3	4	0	528
25550	2	4	3	516	0	525
25551	1	2	1	522	0	526
25552	1	1	492	4	0	498
25553	1	491	4	1	0	497
25554	3	4	2	496	0	505
25555	4	0	501	4	0	509
25556	1	5	3	492	0	501
25557	2	1	3	499	0	505
25558	3	1	1	500	0	505
25559	2	4	0	500	0	506
25560	4	1	1	493	0	499
25561	1	499	1	4	0	505
25562	492	8	1	2	0	503
25563	3	4	491	2	0	500
25564	454	3	2	4	0	463
25565	1	3	505	4	0	513
25566	3	540	3	4	0	550
25567	1	6	532	4	0	543
25568	4	537	2	3	0	546
25569	5	5	1	520	0	531
25570	1	2	3	528	0	534
25571	3	531	0	6	0	540
25572	2	549	1	5	0	557
25573	546	4	3	6	0	559
25574	552	4	2	2	0	560
25575	561	3	2	2	0	568
25576	560	6	1	1	0	568
25577	4	1	2	556	0	563
25578	3	550	4	3	0	560
25579	548	5	1	4	0	558
25580	5	4	2	524	0	535
25581	493	2	1	6	0	502
25582	487	2	1	3	0	493
25583	4	465	0	2	0	471
25584	1	433	1	2	0	437
25585	1	455	1	1	0	458
25586	2	8	2	433	0	445
25587	0	451	2	3	0	456
25588	451	2	2	2	0	457
25589	468	0	1	1	0	470
25590	464	0	2	2	0	468
25591	474	2	1	1	0	478
25592	479	0	2	0	0	481
25593	2	3	506	1	0	512
25594	511	0	2	4	0	517
25595	2	0	514	2	0	518
25596	516	2	2	0	0	520
25597	3	0	1	520	0	524
25598	1	1	506	4	0	512
25599	0	0	521	0	0	521
25600	1	547	2	2	0	552
25601	550	6	0	2	0	558
25602	581	0	2	1	0	584
25603	6	614	1	0	0	621
25604	2	6	1	707	0	716
25605	762	2	1	11	0	776
25606	13	2	769	5	0	789
25607	2	760	13	3	0	778
25608	753	11	2	1	0	767
25609	12	749	3	1	0	765
25610	2	14	2	734	0	752
25611	2	757	1	11	0	771
25612	3	17	0	729	0	749
25613	2	741	2	12	0	757
25614	3	770	0	3	0	776
25615	749	14	2	2	0	767
25616	756	5	1	2	0	764
25617	16	3	750	1	0	770
25618	5	3	741	0	0	749
25619	4	1	753	1	0	759
25620	3	2	16	746	0	767
25621	0	2	760	12	0	774
25622	2	1	14	752	0	769
25623	1	3	3	760	0	767
25624	2	752	5	15	0	774
25625	758	12	1	5	0	776
25626	11	756	2	5	0	774
25627	3	14	1	772	0	790
25628	4	3	2	772	0	781
25629	2	3	2	773	0	780
25630	0	1	766	16	0	783
25631	2	1	12	775	0	790
25632	2	0	2	788	0	792
25633	2	1	4	786	0	793
25634	1	2	760	18	0	781
25635	2	759	10	9	0	780
25636	750	14	2	7	0	773
25637	734	2	4	6	0	746
25638	14	747	3	3	0	767
25639	6	13	2	749	0	770
25640	6	4	0	759	0	769
25641	2	4	743	14	0	763
25642	1	742	12	8	0	763
25643	4	11	3	755	0	773
25644	2	5	754	14	0	775
25645	5	4	12	741	0	762
25646	2	4	7	740	0	753
25647	2	5	740	17	0	764
25648	7	0	14	741	0	762
25649	2	4	5	746	0	757
25650	2	2	746	16	0	766
25651	4	5	13	753	0	775
25652	1	2	4	741	0	748
25653	0	4	8	761	0	773
25654	0	5	747	18	0	770
25655	2	0	9	754	0	765
25656	737	3	3	20	0	763
25657	735	2	7	9	0	753
25658	14	735	5	8	0	762
25659	746	12	5	5	0	768
25660	16	2	762	9	0	789
25661	3	6	16	774	0	799
25662	6	2	6	785	0	799
25663	4	1	6	790	0	801
25664	760	2	2	20	0	784
25665	14	752	2	11	0	779
25666	4	13	3	721	0	741
25667	3	728	3	15	0	749
25668	727	14	1	11	0	753
25669	14	730	3	8	0	755
25670	722	16	3	7	0	748
25671	13	715	2	9	0	739
25672	4	711	4	10	0	729
25673	4	14	5	705	0	728
25674	1	7	6	709	0	723
25675	1	6	1	711	0	719
25676	3	4	3	715	0	725
25677	2	3	697	17	0	719
25678	0	694	11	11	0	716
25679	5	10	4	682	0	701
25680	4	681	3	18	0	706
25681	0	17	676	8	0	701
25682	2	5	12	687	0	706
25683	2	4	4	713	0	723
25684	2	3	690	15	0	710
25685	0	672	12	12	0	696
25686	1	11	5	677	0	694
25687	3	4	662	15	0	684
25688	1	656	14	10	0	681
25689	3	11	2	650	0	666
25690	1	3	636	15	0	655
25691	2	4	623	8	0	637
25692	3	617	13	7	0	640
25693	0	648	8	4	0	660
25694	1	15	6	677	0	699
25695	1	6	0	710	0	717
25696	4	4	698	17	0	723
25697	685	3	15	7	0	710
25698	692	4	4	10	0	710
25699	16	5	683	2	0	706
25700	8	645	12	2	0	667
25701	10	636	2	5	0	653
25702	2	598	5	7	0	612
25703	4	511	1	8	0	524
25704	15	17	9	469	0	510
25705	1	1	1	531	0	534
25706	0	3	0	532	0	535
25707	0	1	0	546	0	547
25708	0	532	0	15	0	547
25709	1	8	0	548	0	557
25710	0	541	0	13	0	554
25711	0	12	0	547	0	559
25712	545	5	0	13	0	563
25713	8	4	0	550	0	562
25714	5	537	1	13	0	556
25715	3	7	1	557	0	568
25716	2	6	0	565	0	573
25717	4	4	1	559	0	568
25718	548	1	1	24	0	574
25719	10	4	1	561	0	576
25720	6	2	546	17	0	571
25721	5	561	7	10	0	583
25722	1	12	5	577	0	595
25723	4	6	4	594	0	608
25724	3	6	2	602	0	613
25725	589	5	1	25	0	620
25726	9	4	573	15	0	601
25727	6	3	9	568	0	586
25728	4	570	4	18	0	596
25729	5	11	4	579	0	599
25730	553	6	0	20	0	579
25731	10	560	2	12	0	584
25732	6	11	4	560	0	581
25733	2	11	0	559	0	572
25734	1	548	1	25	0	575
25735	3	12	0	567	0	582
25736	4	10	0	569	0	583
25737	4	4	544	23	0	575
25738	1	545	12	19	0	577
25739	546	12	6	16	0	580
25740	9	10	541	10	0	570
25741	545	7	10	11	0	573
25742	16	7	537	9	0	569
25743	11	5	14	543	0	573
25744	538	1	7	22	0	568
25745	12	7	4	551	0	574
25746	549	4	2	21	0	576
25747	547	3	1	20	0	571
25748	541	4	4	17	0	566
25749	21	534	4	6	0	565
25750	16	12	0	535	0	563
25751	11	7	5	536	0	559
25752	4	10	3	538	0	555
25753	7	2	520	26	0	555
25754	1	4	14	538	0	557
25755	519	2	7	24	0	552
25756	531	3	4	13	0	551
25757	17	2	522	12	0	553
25758	534	1	10	6	0	551
25759	529	4	9	4	0	546
25760	22	3	6	493	0	524
25761	492	5	3	15	0	515
25762	494	6	1	16	0	517
25763	18	2	3	494	0	517
25764	493	2	2	22	0	519
25765	489	4	5	11	0	509
25766	21	5	1	489	0	516
25767	22	3	399	15	0	439
25768	466	2	15	11	0	494
25769	16	5	480	10	0	511
25770	18	0	482	7	0	507
25771	8	471	20	11	0	510
25772	10	11	11	477	0	509
25773	10	7	10	478	0	505
25774	10	4	4	482	0	500
25775	12	0	467	22	0	501
25776	13	0	467	15	0	495
25777	10	469	15	14	0	508
25778	7	7	12	464	0	490
25779	11	6	6	479	0	502
25780	8	5	4	487	0	504
25781	8	2	469	22	0	501
25782	9	461	10	18	0	498
25783	7	10	8	465	0	490
25784	7	7	469	17	0	500
25785	4	5	463	19	0	491
25786	461	2	19	14	0	496
25787	468	1	16	6	0	491
25788	476	3	11	5	0	495
25789	25	5	4	460	0	494
25790	17	1	459	17	0	494
25791	8	464	11	18	0	501
25792	7	471	9	12	0	499
25793	6	15	409	6	0	436
25794	6	14	15	360	0	395
25795	2	5	12	339	0	358
25796	5	329	8	15	0	357
25797	4	337	3	13	0	357
25798	332	13	6	5	0	356
25799	346	9	2	1	0	358
25800	346	3	3	7	0	359
25801	347	0	5	5	0	357
25802	336	6	6	1	0	349
25803	17	320	3	5	0	345
25804	8	248	2	2	0	260
25805	3	200	0	2	0	205
25806	181	7	3	0	0	191
25807	7	1	2	166	0	176
25808	4	1	0	162	0	167
25809	159	0	0	3	0	162
25810	1	162	2	2	0	167
25811	2	2	0	165	0	169
25812	1	1	1	164	0	167
25813	0	1	1	162	0	164
25814	158	0	0	5	0	163
25815	4	0	1	159	0	164
25816	1	0	159	3	0	163
25817	156	1	2	2	0	161
25818	3	1	1	148	0	153
25819	3	0	148	2	0	153
25820	1	146	2	2	0	151
25821	0	138	1	0	0	139
25822	118	3	3	0	0	124
25823	114	0	1	0	0	115
25824	2	118	1	0	0	121
25825	0	2	0	124	0	126
25826	134	0	0	4	0	138
25827	3	0	0	142	0	145
25828	0	0	0	146	0	146
25829	0	0	0	148	0	148
25830	0	0	0	147	0	147
25831	0	143	0	4	0	147
25832	0	3	0	144	0	147
25833	0	1	0	146	0	147
25834	0	0	0	150	0	150
25835	0	0	141	4	0	145
25836	0	139	3	1	0	143
25837	0	4	1	144	0	149
25838	0	1	143	4	0	148
25839	1	0	140	1	0	142
25840	0	142	4	1	0	147
25841	142	3	1	1	0	147
25842	3	1	0	144	0	148
25843	143	0	0	4	0	147
25844	3	142	0	1	0	146
25845	1	3	0	145	0	149
25846	139	1	0	4	0	144
25847	143	0	0	2	0	145
25848	4	0	1	141	0	146
25849	2	0	0	141	0	143
25850	0	0	141	5	0	146
25851	0	0	4	141	0	145
25852	1	0	2	143	0	146
25853	138	1	0	5	0	144
25854	3	143	0	1	0	147
25855	1	3	140	1	0	145
25856	136	1	3	0	0	140
25857	3	141	1	0	0	145
25858	1	3	0	141	0	145
25859	140	1	0	3	0	144
25860	4	0	0	138	0	142
25861	0	0	0	142	0	142
25862	0	0	137	5	0	142
25863	0	0	4	140	0	144
25864	140	0	1	5	0	146
25865	3	0	0	145	0	148
25866	144	0	0	3	0	147
25867	3	142	0	1	0	146
25868	1	146	1	0	0	148
25869	1	3	0	143	0	147
25870	0	2	0	140	0	142
25871	133	0	0	5	0	138
25872	4	137	0	1	0	142
25873	141	3	0	1	0	145
25874	143	1	0	1	0	145
25875	4	0	1	139	0	144
25876	139	0	0	5	0	144
25877	4	0	132	1	0	137
25878	1	0	3	136	0	140
25879	1	0	136	3	0	140
25880	0	1	3	139	0	143
25881	136	1	1	3	0	141
25882	144	0	0	2	0	146
25883	4	143	0	1	0	148
25884	2	3	0	142	0	147
25885	0	2	0	144	0	146
25886	1	146	0	4	0	151
25887	1	4	0	151	0	156
25888	0	1	0	154	0	155
25889	1	145	1	4	0	151
25890	139	2	1	4	0	146
25891	139	2	0	3	0	144
25892	3	0	1	137	0	141
25893	1	1	0	141	0	143
25894	2	0	137	5	0	144
25895	1	1	2	141	0	145
25896	0	138	1	4	0	143
25897	140	3	1	2	0	146
25898	2	1	0	141	0	144
25899	2	1	1	137	0	141
25900	134	0	1	5	0	140
25901	2	131	2	4	0	139
25902	2	4	0	137	0	143
25903	2	1	0	139	0	142
25904	3	135	0	4	0	142
25905	137	4	0	2	0	143
25906	2	2	136	2	0	142
25907	2	0	141	1	0	144
25908	2	0	3	144	0	149
25909	1	1	145	4	0	151
25910	143	0	2	3	0	148
25911	2	0	2	143	0	147
25912	1	0	143	5	0	149
25913	1	0	141	2	0	144
25914	1	146	2	2	0	151
25915	143	2	1	1	0	147
25916	1	145	1	2	0	149
25917	144	2	1	0	0	147
25918	143	3	0	0	0	146
25919	2	143	0	2	0	147
25920	144	1	1	2	0	148
25921	145	1	0	3	0	149
25922	3	0	142	1	0	146
25923	2	5	1	137	0	145
25924	1	133	1	2	0	137
25925	1	125	0	1	0	127
25926	1	2	0	118	0	121
25927	117	0	1	1	0	119
25928	0	0	1	110	0	111
25929	0	0	0	119	0	119
25930	0	0	1	122	0	123
25931	0	140	0	1	0	141
25932	1	0	0	154	0	155
25933	1	0	166	0	0	167
25934	165	1	0	0	0	166
25935	173	1	0	1	0	175
25936	3	171	0	1	0	175
25937	172	2	1	0	0	175
25938	3	1	0	177	0	181
25939	1	0	176	2	0	179
25940	175	1	2	1	0	179
25941	2	181	2	0	0	185
25942	2	2	0	182	0	186
25943	182	0	1	2	0	185
25944	3	178	0	1	0	182
25945	2	180	0	0	0	182
25946	179	3	0	2	0	184
25947	3	1	178	0	0	182
25948	180	1	2	0	0	183
25949	2	2	1	176	0	181
25950	2	0	0	184	0	186
25951	1	0	184	3	0	188
25952	1	1	180	1	0	183
25953	0	1	3	184	0	188
25954	1	0	178	3	0	182
25955	0	0	178	1	0	179
25956	0	0	4	179	0	183
25957	0	0	1	187	0	188
25958	183	0	1	4	0	188
25959	2	0	2	184	0	188
25960	184	0	1	3	0	188
25961	2	183	0	4	0	189
25962	2	2	1	186	0	191
25963	0	0	190	2	0	192
25964	187	1	2	2	0	192
25965	187	1	3	1	0	192
25966	191	0	0	1	0	192
25967	187	0	1	1	0	189
25968	189	0	0	0	0	189
25969	3	0	0	183	0	186
25970	2	0	178	3	0	183
25971	1	0	177	1	0	179
25972	2	0	180	0	0	182
25973	178	0	2	1	0	181
25974	182	0	2	0	0	184
25975	4	0	0	176	0	180
25976	1	180	1	2	0	184
25977	1	2	0	186	0	189
25978	1	1	189	2	0	193
25979	0	0	180	2	0	182
25980	182	1	6	0	0	189
25981	3	0	190	1	0	194
25982	2	0	3	186	0	191
25983	193	0	2	2	0	197
25984	184	1	0	1	0	186
25985	193	0	1	2	0	196
25986	189	0	1	1	0	191
25987	5	0	187	0	0	192
25988	184	1	3	0	0	188
25989	4	184	2	0	0	190
25990	2	3	1	187	0	193
25991	3	0	185	3	0	191
25992	2	0	3	185	0	190
25993	1	1	185	3	0	190
25994	2	0	3	184	0	189
25995	0	0	2	191	0	193
25996	0	1	186	5	0	192
25997	1	1	4	180	0	186
25998	182	1	1	6	0	190
25999	3	0	1	187	0	191
26000	2	0	1	189	0	192
26001	186	1	1	4	0	192
26002	4	189	0	1	0	194
26003	189	3	0	3	0	195
26004	3	192	1	1	0	197
26005	195	3	0	1	0	199
26006	4	2	191	1	0	198
26007	1	0	3	186	0	190
26008	0	1	1	188	0	190
26009	185	0	1	4	0	190
26010	3	184	1	2	0	190
26011	2	3	0	193	0	198
26012	0	2	1	193	0	196
26013	1	183	0	5	0	189
26014	189	4	1	2	0	196
26015	4	191	0	2	0	197
26016	0	3	0	190	0	193
26017	3	2	0	186	0	191
26018	1	191	0	3	0	195
26019	185	4	0	4	0	193
26020	3	1	186	2	0	192
26021	186	1	3	1	0	191
26022	5	184	0	0	0	189
26023	3	4	0	183	0	190
26024	182	1	1	4	0	188
26025	4	0	0	181	0	185
26026	2	2	0	183	0	187
26027	179	0	1	6	0	186
26028	4	175	1	1	0	181
26029	2	181	1	1	0	185
26030	174	5	0	1	0	180
26031	7	0	159	0	0	166
26032	2	159	3	0	0	164
26033	0	7	1	149	0	157
26034	0	0	162	2	0	164
26035	1	0	2	160	0	163
26036	163	0	0	2	0	165
26037	2	165	0	0	0	167
26038	0	2	1	156	0	159
26039	0	164	1	2	0	167
26040	171	2	0	1	0	174
26041	171	1	0	0	0	172
26042	1	174	0	1	0	176
26043	0	3	0	179	0	182
26044	2	182	0	2	0	186
26045	184	3	0	0	0	187
26046	198	0	0	0	0	198
26047	4	1	0	196	0	201
26048	0	1	0	200	0	201
26049	1	0	194	4	0	199
26050	180	0	4	0	0	184
26051	5	0	188	1	0	194
26052	0	0	4	189	0	193
26053	188	0	1	6	0	195
26054	4	196	1	0	0	201
26055	194	4	1	0	0	199
26056	4	0	187	1	0	192
26057	190	0	1	0	0	191
26058	5	197	0	0	0	202
26059	198	4	0	0	0	202
26060	5	213	1	0	0	219
26061	1	4	1	210	0	216
26062	1	1	209	3	0	214
26063	1	1	198	0	0	200
26064	1	1	4	201	0	207
26065	0	1	199	5	0	205
26066	0	0	4	204	0	208
26067	0	0	2	208	0	210
26068	0	0	213	5	0	218
26069	194	0	5	1	0	200
26070	216	0	1	1	0	218
26071	4	214	0	2	0	220
26072	212	4	1	1	0	218
26073	5	0	1	214	0	220
26074	2	0	223	4	0	229
26075	1	1	4	222	0	228
26076	1	1	0	224	0	226
26077	219	0	0	4	0	223
26078	4	212	1	1	0	218
26079	0	220	0	1	0	221
26080	0	3	0	217	0	220
26081	1	0	2	223	0	226
26082	1	219	0	3	0	223
26083	0	4	0	215	0	219
26084	0	1	0	218	0	219
26085	0	214	0	6	0	220
26086	213	3	0	1	0	217
26087	3	1	0	215	0	219
26088	0	218	0	4	0	222
26089	0	4	0	222	0	226
26090	221	1	0	2	0	224
26091	4	216	0	0	0	220
26092	222	2	2	1	0	227
26093	222	1	0	1	0	224
26094	4	0	0	232	0	236
26095	242	1	0	3	0	246
26096	240	1	0	1	0	242
26097	240	0	0	0	0	240
26098	239	0	0	0	0	239
26099	4	0	0	241	0	245
26100	2	0	0	245	0	247
26101	1	0	243	3	0	247
26102	2	0	3	248	0	253
26103	1	0	0	248	0	249
26104	0	0	245	5	0	250
26105	245	0	4	1	0	250
26106	3	0	1	253	0	257
26107	0	0	254	5	0	259
26108	250	0	4	2	0	256
26109	4	0	276	1	0	281
26110	1	290	3	3	0	297
26111	0	296	2	1	0	299
26112	1	3	0	312	0	316
26113	1	1	349	4	0	355
26114	346	1	5	0	0	352
26115	374	1	1	0	0	376
26116	5	1	367	2	0	375
26117	364	0	6	1	0	371
26118	375	0	2	0	0	377
26119	5	373	1	0	0	379
26120	372	4	1	0	0	377
26121	4	2	1	370	0	377
26122	3	0	373	4	0	380
26123	1	1	3	365	0	370
26124	2	382	1	2	0	387
26125	2	395	1	2	0	400
26126	391	3	1	1	0	396
26127	389	1	2	1	0	393
26128	390	1	0	0	0	391
26129	4	2	0	382	0	388
26130	3	1	0	378	0	382
26131	2	368	1	5	0	376
26132	369	3	1	2	0	375
26133	5	370	1	2	0	378
26134	352	4	1	0	0	357
26135	3	356	0	0	0	359
26136	355	3	0	0	0	358
26137	347	2	0	0	0	349
26138	5	0	0	352	0	357
26139	1	350	0	5	0	356
26140	0	2	338	2	0	342
26141	334	3	3	2	0	342
26142	4	330	2	0	0	336
26143	1	4	337	0	0	342
26144	2	0	342	0	0	344
26145	2	5	2	332	0	341
26146	2	0	1	321	0	324
26147	1	328	0	2	0	331
26148	336	1	0	3	0	340
26149	1	3	0	334	0	338
26150	2	347	1	1	0	351
26151	0	368	0	1	0	369
26152	1	3	363	0	0	367
26153	0	2	359	0	0	361
26154	354	0	3	0	0	357
26155	1	0	365	1	0	367
26156	1	0	1	359	0	361
26157	0	2	1	364	0	367
26158	2	0	360	2	0	364
26159	1	0	1	357	0	359
26160	2	1	1	332	0	336
26161	347	1	1	1	0	350
26162	357	0	2	1	0	360
26163	3	0	1	359	0	363
26164	2	351	0	3	0	356
26165	0	364	1	1	0	366
26166	367	2	1	1	0	371
26167	1	1	360	3	0	365
26168	1	0	2	363	0	366
26169	369	0	2	3	0	374
26170	374	0	1	2	0	377
26171	3	0	1	373	0	377
26172	3	0	371	1	0	375
26173	2	0	344	2	0	348
26174	351	0	3	1	0	355
26175	357	2	2	1	0	362
26176	4	364	1	1	0	370
26177	2	366	1	2	0	371
26178	386	2	1	2	0	391
26179	391	3	0	1	0	395
26180	5	1	0	391	0	397
26181	1	0	1	399	0	401
26182	2	1	2	397	0	402
26183	393	1	0	2	0	396
26184	4	1	0	398	0	403
26185	4	0	406	1	0	411
26186	398	1	1	3	0	403
26187	3	2	1	406	0	412
26188	4	1	403	2	0	410
26189	392	0	0	3	0	395
26190	371	1	3	3	0	378
26191	2	413	2	2	0	419
26192	3	412	0	2	0	417
26193	3	4	402	0	0	409
26194	397	2	1	4	0	404
26195	2	405	2	1	0	410
26196	5	1	391	0	0	397
26197	402	1	0	3	0	406
26198	0	423	1	5	0	429
26199	2	1	421	2	0	426
26200	412	1	1	2	0	416
26201	3	425	0	0	0	428
26202	2	2	0	418	0	422
26203	419	2	1	2	0	424
26204	4	419	0	1	0	424
26205	3	1	0	418	0	422
26206	413	1	1	3	0	418
26207	3	0	413	2	0	418
26208	1	411	0	0	0	412
26209	0	1	399	1	0	401
26210	2	4	1	374	0	381
26211	0	1	374	2	0	377
26212	0	352	1	2	0	355
26213	1	321	0	0	0	322
26214	0	2	1	311	0	314
26215	0	1	0	294	0	295
26216	0	0	1	298	0	299
26217	0	0	312	1	0	313
26218	0	0	1	308	0	309
26219	315	1	0	1	0	317
26220	314	1	1	0	0	316
26221	0	0	323	2	0	325
26222	1	326	0	1	0	328
26223	322	0	0	3	0	325
26224	0	317	2	0	0	319
26225	319	1	0	1	0	321
26226	320	0	0	1	0	321
26227	1	1	319	0	0	321
26228	1	327	1	1	0	330
26229	2	1	0	332	0	335
26230	1	0	336	1	0	338
26231	326	2	0	0	0	328
26232	1	0	0	335	0	336
26233	1	0	331	0	0	332
26234	324	0	1	0	0	325
26235	0	1	340	1	0	342
26236	0	0	1	339	0	340
26237	350	0	1	0	0	351
26238	1	367	1	0	0	369
26239	0	0	378	2	0	380
26240	369	0	1	0	0	370
26241	396	1	0	1	0	398
26242	0	407	3	1	0	411
26243	2	0	0	409	0	411
26244	2	0	0	405	0	407
26245	398	2	0	0	0	400
26246	0	0	1	409	0	410
26247	2	0	409	1	0	412
26248	2	0	0	404	0	406
26249	404	1	0	1	0	406
26250	0	397	1	2	0	400
26251	1	0	0	383	0	384
26252	2	395	0	0	0	397
26253	393	1	0	2	0	396
26254	0	1	1	444	0	446
26255	2	1	0	459	0	462
26256	3	458	1	5	0	467
26257	0	3	454	4	0	461
26258	0	4	3	458	0	465
26259	0	3	4	459	0	466
26260	2	0	2	460	0	464
26261	0	455	0	9	0	464
26262	0	3	459	6	0	468
26263	0	4	461	3	0	468
26264	466	1	7	2	0	476
26265	477	0	5	2	0	484
26266	6	0	484	1	0	491
26267	484	0	3	3	0	490
26268	6	1	497	1	0	505
26269	480	0	6	0	0	486
26270	5	489	8	0	0	502
26271	497	3	2	1	0	503
26272	6	3	498	1	0	508
26273	4	3	506	0	0	513
26274	4	1	7	562	0	574
26275	576	0	8	9	0	593
26276	9	643	4	4	0	660
26277	5	11	713	2	0	731
26278	4	4	14	712	0	734
26279	0	2	8	733	0	743
26280	719	0	3	19	0	741
26281	716	1	1	10	0	728
26282	20	0	1	712	0	733
26283	723	4	0	14	0	741
26284	17	0	711	5	0	733
26285	4	0	15	709	0	728
26286	5	0	5	728	0	738
26287	708	3	2	21	0	734
26288	716	0	3	7	0	726
26289	21	2	0	711	0	734
26290	722	0	2	16	0	740
26291	18	1	696	6	0	721
26292	7	699	11	8	0	725
26293	4	13	706	7	0	730
26294	11	6	14	705	0	736
26295	699	4	7	17	0	727
26296	15	694	3	10	0	722
26297	7	15	2	694	0	718
26298	6	5	2	681	0	694
26299	3	677	0	20	0	700
26300	3	13	3	688	0	707
26301	5	3	0	691	0	699
26302	4	2	2	691	0	699
26303	3	3	2	690	0	698
26304	2	1	4	684	0	691
26305	0	665	0	29	0	694
26306	6	15	3	678	0	702
26307	4	5	1	686	0	696
26308	4	3	656	26	0	689
26309	4	656	11	11	0	682
26310	1	17	9	657	0	684
26311	1	6	2	671	0	680
26312	1	6	1	670	0	678
26313	2	648	1	29	0	680
26314	4	12	655	14	0	685
26315	0	5	14	668	0	687
26316	5	5	657	19	0	686
26317	1	0	657	15	0	673
26318	1	4	19	652	0	676
26319	662	0	11	22	0	695
26320	14	4	2	678	0	698
26321	9	1	3	660	0	673
26322	2	659	1	21	0	683
26323	2	12	2	688	0	704
26324	1	5	3	700	0	709
26325	2	5	695	23	0	725
26326	3	693	15	13	0	724
26327	0	12	8	709	0	729
26328	685	7	3	20	0	715
26329	15	5	693	11	0	724
26330	8	0	16	696	0	720
26331	2	2	4	710	0	718
26332	687	1	3	24	0	715
26333	15	687	3	13	0	718
26334	678	16	2	11	0	707
26335	18	684	2	6	0	710
26336	5	13	5	686	0	709
26337	673	8	1	23	0	705
26338	15	5	654	12	0	686
26339	9	643	13	7	0	672
26340	2	662	6	8	0	678
26341	614	21	6	5	0	646
26342	14	10	3	595	0	622
26343	7	602	2	23	0	634
26344	5	623	1	13	0	642
26345	9	17	6	616	0	648
26346	0	13	2	631	0	646
26347	601	5	2	25	0	633
26348	19	607	4	8	0	638
26349	5	16	3	610	0	634
26350	4	6	605	20	0	635
26351	2	613	17	7	0	639
26352	5	17	595	7	0	624
26353	3	606	14	10	0	633
26354	9	18	13	549	0	589
26355	0	7	4	549	0	560
26356	1	551	1	20	0	573
26357	4	13	551	7	0	575
26358	549	4	13	5	0	571
26359	13	7	4	559	0	583
26360	7	5	0	569	0	581
26361	1	1	559	16	0	577
26362	0	6	13	569	0	588
26363	3	3	561	15	0	582
26364	1	9	16	556	0	582
26365	4	1	574	18	0	597
26366	2	575	10	5	0	592
26367	3	13	585	7	0	608
26368	0	5	15	591	0	611
26369	591	6	4	19	0	620
26370	15	584	1	8	0	608
26371	5	12	3	584	0	604
26372	2	5	576	18	0	601
26373	2	584	13	8	0	607
26374	5	8	7	513	0	533
26375	2	4	512	14	0	532
26376	2	446	6	4	0	458
26377	359	2	1	3	0	365
26378	347	3	2	0	0	352
26379	4	0	0	346	0	350
26380	348	0	0	2	0	350
26381	2	0	0	349	0	351
26382	2	0	0	349	0	351
26383	0	0	355	4	0	359
26384	1	0	2	342	0	345
26385	0	0	2	349	0	351
26386	346	0	0	5	0	351
26387	344	0	1	2	0	347
26388	4	343	0	0	0	347
26389	2	2	341	0	0	345
26390	0	1	2	333	0	336
26391	0	0	335	2	0	337
26392	317	0	4	2	0	323
26393	2	0	322	0	0	324
26394	2	0	2	317	0	321
26395	0	318	2	2	0	322
26396	0	2	0	323	0	325
26397	0	2	0	323	0	325
26398	0	1	325	4	0	330
26399	0	0	2	330	0	332
26400	328	0	2	2	0	332
26401	327	0	0	2	0	329
26402	329	0	0	1	0	330
26403	332	0	0	0	0	332
26404	2	322	0	2	0	326
26405	2	324	0	0	0	326
26406	0	3	0	307	0	310
26407	0	2	0	321	0	323
26408	0	306	0	4	0	310
26409	1	2	0	326	0	329
26410	0	1	0	323	0	324
26411	0	0	0	327	0	327
26412	0	1	0	326	0	327
26413	0	0	0	330	0	330
26414	323	0	0	4	0	327
26415	2	314	0	2	0	318
26416	2	2	314	0	0	318
26417	0	2	1	312	0	315
26418	0	0	2	316	0	318
26419	0	0	0	304	0	304
26420	303	0	0	3	0	306
26421	3	331	0	4	0	338
26422	2	6	0	330	0	338
26423	1	326	0	10	0	337
26424	0	11	0	314	0	325
26425	0	306	0	9	0	315
26426	0	10	329	2	0	341
26427	0	5	13	350	0	368
26428	0	1	425	15	0	441
26429	0	0	15	425	0	440
26430	0	1	5	460	0	466
26431	452	0	1	20	0	473
26432	467	0	1	5	0	473
26433	467	0	0	4	0	471
26434	475	0	0	1	0	476
26435	471	1	0	1	0	473
26436	21	0	0	446	0	467
26437	7	449	2	13	0	471
26438	2	15	0	455	0	472
26439	1	4	442	18	0	465
26440	442	1	13	4	0	460
26441	466	4	3	2	0	475
26442	20	1	1	455	0	477
26443	7	0	2	455	0	464
26444	4	438	0	22	0	464
26445	4	15	1	448	0	468
26446	4	4	0	456	0	464
26447	1	438	2	20	0	461
26448	1	14	1	449	0	465
26449	428	6	0	22	0	456
26450	14	2	433	8	0	457
26451	424	1	15	2	0	442
26452	18	0	429	2	0	449
26453	6	1	15	412	0	434
26454	3	0	6	414	0	423
26455	3	405	1	20	0	429
26456	1	424	2	3	0	430
26457	4	19	1	400	0	424
26458	0	9	399	20	0	428
26459	394	4	16	6	0	420
26460	16	2	6	392	0	416
26461	5	387	3	20	0	415
26462	2	15	1	392	0	410
26463	5	4	2	389	0	400
26464	3	376	1	25	0	405
26465	3	19	0	361	0	383
26466	3	4	336	18	0	361
26467	4	4	336	5	0	349
26468	1	6	14	306	0	327
26469	0	317	3	15	0	335
26470	1	14	2	311	0	328
26471	314	2	3	16	0	335
26472	328	1	1	4	0	334
26473	318	3	0	1	0	322
26474	14	298	0	5	0	317
26475	1	14	296	4	0	315
26476	299	6	12	2	0	319
26477	310	1	3	5	0	319
26478	14	297	3	3	0	317
26479	2	15	2	301	0	320
26480	297	4	0	17	0	318
26481	309	1	0	5	0	315
26482	312	1	2	1	0	316
26483	20	0	1	289	0	310
26484	296	0	1	14	0	311
26485	16	1	2	290	0	309
26486	3	1	0	307	0	311
26487	291	3	2	17	0	313
26488	17	2	1	293	0	313
26489	290	2	1	17	0	310
26490	14	1	1	293	0	309
26491	10	0	2	299	0	311
26492	288	0	0	19	0	307
26493	17	2	288	5	0	312
26494	6	3	11	294	0	314
26495	2	0	2	305	0	309
26496	4	3	1	298	0	306
26497	2	2	2	306	0	312
26498	4	0	2	298	0	304
26499	3	272	4	17	0	296
26500	5	13	2	285	0	305
26501	5	5	277	18	0	305
26502	1	1	13	289	0	304
26503	6	2	1	297	0	306
26504	7	2	1	299	0	309
26505	3	1	283	22	0	309
26506	2	6	281	6	0	295
26507	272	3	16	7	0	298
26508	293	0	4	4	0	301
26509	20	287	3	1	0	311
26510	6	16	1	302	0	325
26511	2	5	0	319	0	326
26512	3	2	2	316	0	323
26513	303	4	2	18	0	327
26514	321	2	1	7	0	331
26515	16	2	1	312	0	331
26516	6	4	1	326	0	337
26517	2	0	4	328	0	334
26518	5	1	2	323	0	331
26519	310	2	2	18	0	332
26520	16	1	297	9	0	323
26521	5	249	12	4	0	270
26522	3	256	1	7	0	267
26523	239	6	0	8	0	253
26524	9	7	1	233	0	250
26525	3	3	234	6	0	246
26526	1	1	209	4	0	215
26527	0	213	3	5	0	221
26528	138	1	3	2	0	144
26529	1	0	131	2	0	134
26530	107	2	0	0	0	109
26531	0	0	0	110	0	110
26532	1	0	0	109	0	110
26533	0	106	0	1	0	107
26534	1	106	0	0	0	107
26535	109	0	0	1	0	110
26536	108	0	0	1	0	109
26537	1	111	0	0	0	112
26538	0	1	110	1	0	112
26539	1	0	114	0	0	115
26540	0	0	1	112	0	113
26541	114	0	0	2	0	116
26542	2	113	0	0	0	115
26543	0	1	1	117	0	119
26544	119	0	0	2	0	121
26545	1	0	0	122	0	123
26546	0	2	0	124	0	126
26547	124	0	0	3	0	127
26548	1	127	0	1	0	129
26549	1	129	0	0	0	130
26550	0	2	140	1	0	143
26551	0	1	2	141	0	144
26552	1	0	0	140	0	141
26553	0	0	144	3	0	147
26554	137	0	0	2	0	139
26555	143	0	2	0	0	145
26556	2	0	148	0	0	150
26557	135	0	1	0	0	136
26558	2	0	155	0	0	157
26559	1	164	1	0	0	166
26560	0	1	1	173	0	175
26561	0	1	0	173	0	174
26562	175	0	0	3	0	178
26563	170	0	0	1	0	171
26564	174	0	0	0	0	174
26565	176	0	0	2	0	178
26566	175	0	0	1	0	176
26567	2	0	174	1	0	177
26568	1	168	1	1	0	171
26569	1	1	1	171	0	174
26570	0	175	1	0	0	176
26571	0	168	0	1	0	169
26572	0	2	0	167	0	169
26573	1	3	0	165	0	169
26574	0	0	172	3	0	175
26575	166	0	1	1	0	168
26576	170	0	2	0	0	172
26577	2	169	0	0	0	171
26578	174	1	0	0	0	175
26579	178	1	1	0	0	180
26580	3	0	0	174	0	177
26581	1	0	188	2	0	191
26582	0	0	181	1	0	182
26583	177	0	2	0	0	179
26584	186	0	1	0	0	187
26585	2	177	0	0	0	179
26586	1	184	0	0	0	185
26587	0	3	0	194	0	197
26588	193	2	0	2	0	197
26589	1	1	196	2	0	200
26590	2	0	1	205	0	208
26591	210	0	2	1	0	213
26592	211	0	0	2	0	213
26593	3	0	0	212	0	215
26594	215	0	0	1	0	216
26595	1	0	208	2	0	211
26596	2	0	225	0	0	227
26597	0	0	2	223	0	225
26598	0	0	2	237	0	239
26599	0	0	0	238	0	238
26600	0	228	0	2	0	230
26601	0	234	0	2	0	236
26602	0	4	0	235	0	239
26603	239	2	0	1	0	242
26604	1	0	0	243	0	244
26605	2	0	0	240	0	242
26606	0	238	0	3	0	241
26607	0	240	0	2	0	242
26608	0	3	0	244	0	247
26609	0	2	0	236	0	238
26610	230	0	0	3	0	233
26611	1	224	0	2	0	227
26612	229	1	0	0	0	230
26613	1	2	0	227	0	230
26614	2	0	220	1	0	223
26615	0	0	222	2	0	224
26616	228	0	3	0	0	231
26617	2	0	2	235	0	239
26618	2	0	0	238	0	240
26619	0	2	0	239	0	241
26620	0	0	240	3	0	243
26621	0	0	1	245	0	246
26622	0	248	1	1	0	250
26623	0	0	0	260	0	260
26624	0	2	0	258	0	260
26625	0	252	0	4	0	256
26626	1	1	0	265	0	267
26627	264	2	0	1	0	267
26628	1	262	0	2	0	265
26629	274	1	0	1	0	276
26630	270	2	0	0	0	272
26631	4	0	0	271	0	275
26632	2	0	0	270	0	272
26633	0	0	0	279	0	279
26634	0	1	266	4	0	271
26635	0	262	2	2	0	266
26636	0	278	2	0	0	280
26637	0	2	0	270	0	272
26638	270	2	0	1	0	273
26639	1	0	0	268	0	269
26640	2	1	270	1	0	274
26641	1	264	1	2	0	268
26642	0	277	2	0	0	279
26643	268	3	0	1	0	272
26644	272	2	0	1	0	275
26645	2	277	0	0	0	279
26646	288	1	0	0	0	289
26647	1	1	285	2	0	289
26648	2	0	273	0	0	275
26649	290	0	2	0	0	292
26650	285	0	1	0	0	286
26651	2	0	0	282	0	284
26652	279	0	0	1	0	280
26653	1	0	286	1	0	288
26654	1	0	291	0	0	292
26655	1	0	2	348	0	351
26656	0	0	1	391	0	392
26657	0	0	0	414	0	414
26658	1	1	0	421	0	423
26659	1	1	0	452	0	454
26660	0	1	443	7	0	451
26661	2	0	3	447	0	452
26662	442	0	2	7	0	451
26663	3	2	1	448	0	454
26664	448	0	1	7	0	456
26665	4	0	0	453	0	457
26666	453	0	2	5	0	460
26667	470	1	0	3	0	474
26668	7	1	0	472	0	480
26669	2	0	2	477	0	481
26670	470	0	0	7	0	477
26671	472	0	0	7	0	479
26672	5	0	470	5	0	480
26673	7	0	4	478	0	489
26674	3	1	2	482	0	488
26675	482	0	2	6	0	490
26676	483	1	0	6	0	490
26677	9	2	0	484	0	495
26678	5	0	1	490	0	496
26679	7	0	1	480	0	488
26680	4	0	1	478	0	483
26681	3	452	3	7	0	465
26682	5	460	0	7	0	472
26683	1	4	1	467	0	473
26684	5	460	0	6	0	471
26685	4	4	2	462	0	472
26686	2	3	455	7	0	467
26687	2	2	434	5	0	443
26688	1	453	4	6	0	464
26689	2	3	3	452	0	460
26690	2	4	451	7	0	464
26691	2	3	3	448	0	456
26692	0	1	3	457	0	461
26693	447	3	2	10	0	462
26694	5	2	2	467	0	476
26695	1	2	467	10	0	480
26696	2	1	455	7	0	465
26697	3	462	6	5	0	476
26698	2	473	3	11	0	489
26699	491	6	5	4	0	506
26700	4	2	531	10	0	547
26701	3	3	7	533	0	546
26702	540	1	3	8	0	552
26703	540	1	3	7	0	551
26704	5	547	6	6	0	564
26705	6	2	3	551	0	562
26706	7	3	2	561	0	573
26707	4	3	2	562	0	571
26708	559	1	1	7	0	568
26709	4	1	552	10	0	567
26710	4	570	5	9	0	588
26711	8	4	4	573	0	589
26712	6	1	1	584	0	592
26713	4	5	585	9	0	603
26714	3	2	3	588	0	596
26715	3	0	4	591	0	598
26716	3	3	3	586	0	595
26717	5	3	0	576	0	584
26718	3	2	568	14	0	587
26719	3	4	6	572	0	585
26720	2	2	580	15	0	599
26721	2	579	6	12	0	599
26722	3	4	8	581	0	596
26723	3	5	3	588	0	599
26724	3	2	580	14	0	599
26725	2	575	4	13	0	594
26726	4	4	4	576	0	588
26727	4	2	566	11	0	583
26728	3	566	5	11	0	585
26729	4	5	4	572	0	585
26730	2	3	565	13	0	583
26731	4	2	5	571	0	582
26732	3	6	4	561	0	574
26733	2	1	6	577	0	586
26734	568	6	3	10	0	587
26735	3	565	2	14	0	584
26736	562	4	4	8	0	578
26737	6	4	559	6	0	575
26738	581	2	3	7	0	593
26739	588	2	5	7	0	602
26740	5	2	3	591	0	601
26741	602	3	2	10	0	617
26742	603	3	2	11	0	619
26743	617	3	3	6	0	629
26744	7	4	1	613	0	625
26745	7	0	2	606	0	615
26746	3	3	584	7	0	597
26747	7	1	560	5	0	573
26748	579	4	5	5	0	593
26749	7	2	4	578	0	591
26750	5	579	4	8	0	596
26751	584	2	2	8	0	596
26752	7	584	3	6	0	600
26753	6	573	2	7	0	588
26754	6	6	563	6	0	581
26755	3	2	563	3	0	571
26756	3	13	11	543	0	570
26757	2	0	569	2	0	573
26758	1	0	521	2	0	524
26759	501	1	1	1	0	504
26760	518	0	0	0	0	518
26761	0	0	0	535	0	535
26762	0	0	0	536	0	536
26763	0	0	546	2	0	548
26764	0	542	0	0	0	542
26765	0	0	0	549	0	549
26766	577	0	0	1	0	578
26767	0	0	0	576	0	576
26768	0	577	0	0	0	577
26769	0	0	581	0	0	581
26770	0	589	0	0	0	589
26771	595	0	0	0	0	595
26772	579	0	0	0	0	579
26773	0	0	0	586	0	586
26774	0	0	597	1	0	598
26775	1	0	574	0	0	575
26776	0	601	1	3	0	605
26777	0	0	1	596	0	597
26778	2	0	1	608	0	611
26779	0	1	601	0	0	602
26780	0	1	0	598	0	599
26781	0	616	1	1	0	618
26782	0	2	1	631	0	634
26783	1	0	0	635	0	636
26784	1	1	637	1	0	640
26785	0	0	1	623	0	624
26786	642	0	1	3	0	646
26787	2	0	648	0	0	650
26788	0	0	645	2	0	647
26789	1	661	2	1	0	665
26790	1	1	1	680	0	683
26791	0	0	2	722	0	724
26792	0	1	713	3	0	717
26793	689	1	2	1	0	693
26794	1	0	0	711	0	712
26795	0	1	698	2	0	701
26796	2	0	2	666	0	670
26797	0	1	691	4	0	696
26798	1	0	669	0	0	670
26799	1	678	2	2	0	683
26800	3	1	2	635	0	641
26801	1	651	2	1	0	655
26802	641	2	1	4	0	648
26803	1	1	650	2	0	654
26804	0	636	2	0	0	638
26805	3	2	1	634	0	640
26806	632	0	3	4	0	639
26807	2	629	2	1	0	634
26808	0	2	1	642	0	645
26809	1	0	1	644	0	646
26810	0	650	2	4	0	656
26811	650	4	2	3	0	659
26812	5	0	1	747	0	753
26813	2	4	2	764	0	772
26814	1	0	762	14	0	777
26815	1	791	10	4	0	806
26816	2	9	4	807	0	822
26817	0	3	2	875	0	880
26818	1	885	0	12	0	898
26819	1	10	0	887	0	898
26820	3	2	1	915	0	921
26821	0	4	2	919	0	925
26822	1	922	0	19	0	942
26823	914	9	1	9	0	933
26824	11	6	910	3	0	930
26825	897	3	11	4	0	915
26826	11	902	5	7	0	925
26827	3	13	2	921	0	939
26828	1	10	914	14	0	939
26829	4	3	12	922	0	941
26830	2	2	6	924	0	934
26831	4	2	2	940	0	948
26832	3	3	925	17	0	948
26833	0	918	12	8	0	938
26834	2	10	931	7	0	950
26835	2	934	13	4	0	953
26836	0	16	951	5	0	972
26837	3	5	11	946	0	965
26838	926	2	6	16	0	950
26839	11	959	2	7	0	979
26840	4	15	963	3	0	985
26841	2	942	12	5	0	961
26842	1	13	971	3	0	988
26843	3	3	15	953	0	974
26844	3	4	3	947	0	957
26845	1	952	4	16	0	973
26846	0	978	6	4	0	988
26847	982	19	0	5	0	1006
26848	13	6	3	990	0	1012
26849	3	4	990	17	0	1014
26850	6	3	14	987	0	1010
26851	0	4	987	17	0	1008
26852	2	4	994	7	0	1007
26853	4	5	16	969	0	994
26854	4	979	7	12	0	1002
26855	941	15	5	7	0	968
26856	15	5	3	922	0	945
26857	5	5	2	901	0	913
26858	2	909	5	17	0	933
26859	904	14	4	10	0	932
26860	914	6	3	6	0	929
26861	17	4	3	883	0	907
26862	4	872	3	18	0	897
26863	1	935	2	9	0	947
26864	937	20	2	7	0	966
26865	15	7	936	2	0	960
26866	902	4	13	6	0	925
26867	906	2	7	5	0	920
26868	905	5	2	7	0	919
26869	19	891	2	6	0	918
26870	8	16	2	904	0	930
26871	912	6	5	16	0	939
26872	901	4	4	8	0	917
26873	22	904	2	2	0	930
26874	912	16	3	7	0	938
26875	15	5	2	927	0	949
26876	5	3	2	934	0	944
26877	4	917	3	19	0	943
26878	6	13	1	935	0	955
26879	1	5	0	939	0	945
26880	3	915	3	19	0	940
26881	3	14	3	908	0	928
26882	3	918	4	14	0	939
26883	921	15	4	8	0	948
26884	901	6	4	6	0	917
26885	13	899	2	8	0	922
26886	6	16	895	3	0	920
26887	3	6	13	899	0	921
26888	1	4	891	17	0	913
26889	2	868	11	6	0	887
26890	6	867	6	4	0	883
26891	816	17	2	4	0	839
26892	11	835	4	4	0	854
26893	6	15	3	820	0	844
26894	0	819	3	10	0	832
26895	3	846	4	3	0	856
26896	829	17	2	6	0	854
26897	17	5	2	822	0	846
26898	5	4	816	14	0	839
26899	2	3	798	8	0	811
26900	3	814	14	2	0	833
26901	818	17	4	3	0	842
26902	16	836	3	2	0	857
26903	7	14	1	873	0	895
26904	859	7	4	16	0	886
26905	16	2	4	869	0	891
26906	5	5	1	884	0	895
26907	6	869	1	18	0	894
26908	4	19	3	869	0	895
26909	4	4	870	17	0	895
26910	881	2	8	8	0	899
26911	12	896	5	7	0	920
26912	4	860	1	4	0	869
26913	834	11	1	2	0	848
26914	12	3	835	4	0	854
26915	818	3	14	1	0	836
26916	12	887	0	0	0	899
26917	4	941	2	0	0	947
26918	1	12	954	2	0	969
26919	1	959	10	1	0	971
26920	2	24	3	900	0	929
26921	0	2	3	911	0	916
26922	0	914	1	11	0	926
26923	3	13	1	917	0	934
26924	917	2	2	14	0	935
26925	12	5	908	3	0	928
26926	906	1	10	5	0	922
26927	929	1	1	4	0	935
26928	922	1	3	2	0	928
26929	17	3	916	1	0	937
26930	8	0	13	915	0	936
26931	5	1	916	13	0	935
26932	899	0	16	3	0	918
26933	898	0	2	4	0	904
26934	13	900	5	1	0	919
26935	6	12	2	897	0	917
26936	6	919	1	14	0	940
26937	2	18	915	3	0	938
26938	6	4	14	921	0	945
26939	906	4	1	16	0	927
26940	916	2	3	4	0	925
26941	17	3	2	895	0	917
26942	4	877	3	19	0	903
26943	6	15	894	4	0	919
26944	4	3	903	3	0	913
26945	885	3	18	5	0	911
26946	16	4	903	2	0	925
26947	3	895	20	3	0	921
26948	4	18	5	887	0	914
26949	4	3	908	17	0	932
26950	3	4	19	891	0	917
26951	3	3	895	18	0	919
26952	863	1	23	4	0	891
26953	18	3	5	879	0	905
26954	4	866	7	18	0	895
26955	3	879	4	6	0	892
26956	3	23	3	864	0	893
26957	4	6	2	876	0	888
26958	5	855	3	23	0	886
26959	1	20	857	6	0	884
26960	3	6	14	863	0	886
26961	5	7	863	15	0	890
26962	3	3	855	7	0	868
26963	794	0	22	6	0	822
26964	19	800	8	4	0	831
26965	797	18	6	3	0	824
26966	23	3	6	779	0	811
26967	5	792	4	16	0	817
26968	5	18	5	799	0	827
26969	5	3	2	795	0	805
26970	3	787	3	18	0	811
26971	3	17	778	9	0	807
26972	3	6	17	785	0	811
26973	778	5	6	21	0	810
26974	20	2	8	759	0	789
26975	5	2	2	772	0	781
26976	7	4	743	20	0	774
26977	6	731	18	9	0	764
26978	5	15	4	743	0	767
26979	5	8	734	19	0	766
26980	1	4	736	10	0	751
26981	716	6	20	7	0	749
26982	20	726	8	3	0	757
26983	712	19	9	5	0	745
26984	21	712	6	5	0	744
26985	5	734	8	2	0	749
26986	713	21	5	4	0	743
26987	21	8	3	700	0	732
26988	8	710	4	15	0	737
26989	7	20	2	716	0	745
26990	712	5	1	23	0	741
26991	18	8	716	7	0	749
26992	6	5	710	8	0	729
26993	709	2	19	7	0	737
26994	20	695	9	3	0	727
26995	7	19	697	5	0	728
26996	6	697	23	6	0	732
26997	5	21	7	690	0	723
26998	5	4	701	21	0	731
26999	7	4	22	697	0	730
27000	4	4	691	21	0	720
27001	671	2	22	10	0	705
27002	19	673	4	9	0	705
27003	637	19	9	6	0	671
27004	18	3	7	642	0	670
27005	7	667	2	17	0	693
27006	665	21	5	4	0	695
27007	647	6	4	6	0	663
27008	22	9	659	4	0	694
27009	6	6	663	3	0	678
27010	590	5	19	5	0	619
27011	21	585	6	3	0	615
27012	4	565	6	4	0	579
27013	13	26	6	527	0	572
27014	3	7	521	17	0	548
27015	4	487	16	3	0	510
27016	3	437	5	4	0	449
27017	10	15	3	298	0	326
27018	297	1	1	8	0	307
27019	310	1	1	1	0	313
27020	308	1	0	1	0	310
27021	9	0	306	1	0	316
27022	302	0	8	1	0	311
27023	312	0	2	1	0	315
27024	318	0	1	0	0	319
27025	11	3	0	301	0	315
27026	3	312	0	7	0	322
27027	311	7	0	3	0	321
27028	7	313	0	1	0	321
27029	3	7	0	309	0	319
27030	1	2	335	7	0	345
27031	0	0	7	340	0	347
27032	0	0	4	340	0	344
27033	1	0	341	9	0	351
27034	0	336	6	2	0	344
27035	0	4	2	319	0	325
27036	310	2	0	3	0	315
27037	4	310	0	2	0	316
27038	297	3	0	0	0	300
27039	5	2	0	294	0	301
27040	2	291	0	4	0	297
27041	292	3	0	2	0	297
27042	4	290	0	0	0	294
27043	2	2	280	0	0	284
27044	282	2	3	0	0	287
27045	287	0	2	1	0	290
27046	4	282	0	0	0	286
27047	0	3	276	0	0	279
27048	0	281	3	0	0	284
27049	2	6	2	218	0	228
27050	0	1	0	281	0	282
27051	0	0	0	284	0	284
27052	0	281	0	5	0	286
27053	0	4	0	280	0	284
27054	0	1	0	286	0	287
27055	282	0	0	5	0	287
27056	4	0	0	279	0	283
27057	1	0	0	283	0	284
27058	276	0	0	7	0	283
27059	4	280	0	1	0	285
27060	284	3	0	0	0	287
27061	286	1	0	0	0	287
27062	288	0	0	0	0	288
27063	5	0	0	282	0	287
27064	1	0	0	288	0	289
27065	0	0	281	5	0	286
27066	0	0	281	1	0	282
27067	0	0	280	0	0	280
27068	269	0	5	0	0	274
27069	3	0	277	0	0	280
27070	1	281	4	0	0	286
27071	0	4	1	282	0	287
27072	0	1	0	278	0	279
27073	0	284	0	5	0	289
27074	0	4	302	1	0	307
27075	0	304	4	0	0	308
27076	301	4	1	0	0	306
27077	4	1	307	0	0	312
27078	1	305	4	1	0	311
27079	0	4	315	0	0	319
27080	1	1	4	313	0	319
27081	0	0	311	5	0	316
27082	1	0	5	305	0	311
27083	313	0	1	5	0	319
27084	5	0	311	1	0	317
27085	1	314	5	0	0	320
27086	316	5	1	0	0	322
27087	5	1	325	0	0	331
27088	1	0	322	0	0	323
27089	0	0	6	318	0	324
27090	0	1	322	5	0	328
27091	312	0	4	3	0	319
27092	4	316	1	0	0	321
27093	1	5	1	319	0	326
27094	0	333	0	5	0	338
27095	336	4	1	2	0	343
27096	5	1	336	0	0	342
27097	1	1	352	0	0	354
27098	2	1	5	344	0	352
27099	0	0	1	355	0	356
27100	0	1	0	357	0	358
27101	2	0	0	355	0	357
27102	0	1	367	6	0	374
27103	0	356	7	1	0	364
27104	1	3	1	337	0	342
27105	1	1	328	3	0	333
27106	0	324	4	1	0	329
27107	327	4	2	1	0	334
27108	8	6	0	320	0	334
27109	319	0	0	5	0	324
27110	4	317	0	2	0	323
27111	314	3	0	1	0	318
27112	5	1	325	0	0	331
27113	1	1	3	311	0	316
27114	0	322	0	5	0	327
27115	2	4	316	1	0	323
27116	0	315	4	1	0	320
27117	0	7	1	253	0	261
27118	310	0	0	6	0	316
27119	3	308	0	1	0	312
27120	307	4	0	0	0	311
27121	5	1	300	0	0	306
27122	2	1	285	0	0	288
27123	294	0	4	1	0	299
27124	4	0	0	297	0	301
27125	0	1	1	300	0	302
27126	0	0	309	4	0	313
27127	0	0	305	0	0	305
27128	1	314	2	1	0	318
27129	310	6	1	0	0	317
27130	289	0	0	0	0	289
27131	4	279	0	0	0	283
27132	1	4	0	287	0	292
27133	287	0	1	4	0	292
27134	7	0	1	278	0	286
27135	282	0	1	4	0	287
27136	290	0	0	1	0	291
27137	304	0	1	1	0	306
27138	4	0	0	300	0	304
27139	0	0	0	305	0	305
27140	304	0	0	5	0	309
27141	307	1	0	0	0	308
27142	303	0	1	1	0	305
27143	4	304	0	1	0	309
27144	290	3	0	1	0	294
27145	3	285	1	0	0	289
27146	288	4	0	0	0	292
27147	3	0	287	0	0	290
27148	271	0	2	1	0	274
27149	3	274	0	0	0	277
27150	0	279	0	3	0	282
27151	288	2	0	0	0	290
27152	2	0	1	281	0	284
27153	0	1	0	289	0	290
27154	1	293	0	2	0	296
27155	0	306	1	0	0	307
27156	311	3	1	0	0	315
27157	5	0	328	1	0	334
27158	1	0	7	362	0	370
27159	373	0	0	6	0	379
27160	6	1	378	1	0	386
27161	0	409	6	0	0	415
27162	440	9	0	0	0	449
27163	9	0	450	0	0	459
27164	1	0	8	480	0	489
27165	0	0	488	9	0	497
27166	470	0	8	1	0	479
27167	9	497	1	1	0	508
27168	504	9	0	0	0	513
27169	504	1	0	0	0	505
27170	9	1	0	500	0	510
27171	505	0	0	8	0	513
27172	10	0	0	508	0	518
27173	1	0	0	511	0	512
27174	1	0	491	10	0	502
27175	0	494	8	2	0	504
27176	0	9	1	503	0	513
27177	0	1	0	503	0	504
27178	0	1	0	500	0	501
27179	0	0	487	9	0	496
27180	0	483	7	2	0	492
27181	0	7	1	496	0	504
27182	2	0	0	500	0	502
27183	0	3	491	9	0	503
27184	0	0	8	484	0	492
27185	486	0	1	9	0	496
27186	7	485	1	1	0	494
27187	482	7	0	1	0	490
27188	9	0	476	1	0	486
27189	2	1	8	482	0	493
27190	485	0	2	8	0	495
27191	481	0	0	2	0	483
27192	10	1	473	1	0	485
27193	2	1	9	475	0	487
27194	1	1	476	7	0	485
27195	453	0	9	1	0	463
27196	8	467	2	1	0	478
27197	470	8	1	1	0	480
27198	470	1	1	0	0	472
27199	12	469	0	0	0	481
27200	480	10	1	0	0	491
27201	12	1	476	1	0	490
27202	467	1	9	0	0	477
27203	8	0	2	470	0	480
27204	3	0	493	8	0	504
27205	4	0	8	486	0	498
27206	0	0	3	485	0	488
27207	0	0	2	496	0	498
27208	0	488	0	10	0	498
27209	493	7	0	3	0	503
27210	9	3	0	483	0	495
27211	3	487	0	11	0	501
27212	2	8	1	472	0	483
27213	0	482	0	9	0	491
27214	3	9	477	2	0	491
27215	0	1	9	484	0	494
27216	1	1	2	485	0	489
27217	0	0	483	10	0	493
27218	464	1	9	3	0	477
27219	8	478	1	3	0	490
27220	4	8	1	480	0	493
27221	1	2	1	489	0	493
27222	1	2	0	486	0	489
27223	3	481	1	6	0	491
27224	484	8	1	5	0	498
27225	10	2	479	3	0	494
27226	3	1	471	3	0	478
27227	1	1	10	466	0	478
27228	3	0	3	468	0	474
27229	466	1	1	11	0	479
27230	10	458	0	5	0	473
27231	2	8	2	462	0	474
27232	462	2	0	10	0	474
27233	8	2	0	455	0	465
27234	452	1	2	10	0	465
27235	10	2	445	3	0	460
27236	1	455	7	4	0	467
27237	445	9	4	1	0	459
27238	9	1	448	3	0	461
27239	434	2	10	3	0	449
27240	11	1	445	1	0	458
27241	446	1	8	2	0	457
27242	10	2	1	451	0	464
27243	449	0	1	10	0	460
27244	9	2	1	446	0	458
27245	2	0	0	451	0	453
27246	439	2	0	10	0	451
27247	10	434	2	3	0	449
27248	2	8	2	446	0	458
27249	457	1	1	11	0	470
27250	468	2	0	3	0	473
27251	12	1	0	462	0	475
27252	4	1	2	477	0	484
27253	484	1	0	12	0	497
27254	8	0	2	490	0	500
27255	5	0	0	484	0	489
27256	473	2	0	8	0	483
27257	7	0	0	454	0	461
27258	1	1	417	6	0	425
27259	404	1	4	2	0	411
27260	7	0	409	1	0	417
27261	1	2	379	1	0	383
27262	339	0	11	6	0	356
27263	5	342	2	0	0	349
27264	3	2	0	324	0	329
27265	0	0	0	333	0	333
27266	2	0	0	342	0	344
27267	1	0	0	344	0	345
27268	343	0	1	4	0	348
27269	369	0	0	1	0	370
27270	378	1	1	0	0	380
27271	2	0	415	2	0	419
27272	2	0	5	441	0	448
27273	2	1	2	447	0	452
27274	0	0	0	448	0	448
27275	0	431	1	8	0	440
27276	2	441	0	3	0	446
27277	456	9	0	2	0	467
27278	5	2	0	462	0	469
27279	3	0	0	489	0	492
27280	2	0	0	500	0	502
27281	0	0	486	8	0	494
27282	3	0	483	4	0	490
27283	479	0	9	2	0	490
27284	498	0	4	2	0	504
27285	9	1	1	487	0	498
27286	3	487	0	6	0	496
27287	2	7	0	493	0	502
27288	2	3	0	490	0	495
27289	1	1	481	10	0	493
27290	482	0	6	6	0	494
27291	9	0	3	491	0	503
27292	3	0	2	489	0	494
27293	481	0	0	10	0	491
27294	9	499	2	3	0	513
27295	502	8	0	5	0	515
27296	11	4	0	497	0	512
27297	2	493	0	9	0	504
27298	500	8	0	3	0	511
27299	7	2	1	495	0	505
27300	495	1	0	8	0	504
27301	486	0	1	3	0	490
27302	489	0	0	3	0	492
27303	11	475	0	1	0	487
27304	3	462	0	1	0	466
27305	3	9	0	453	0	465
27306	0	454	0	8	0	462
27307	464	7	0	3	0	474
27308	9	2	0	464	0	475
27309	463	1	0	8	0	472
27310	474	0	1	2	0	477
27311	11	0	0	464	0	475
27312	5	0	1	483	0	489
27313	481	2	1	10	0	494
27314	498	1	0	4	0	503
27315	508	2	0	3	0	513
27316	516	2	0	2	0	520
27317	521	1	1	2	0	525
27318	13	2	0	509	0	524
27319	6	0	0	515	0	521
27320	3	0	0	523	0	526
27321	507	1	0	15	0	523
27322	13	2	0	495	0	510
27323	3	500	1	13	0	517
27324	3	8	3	511	0	525
27325	506	2	1	13	0	522
27326	506	1	1	5	0	513
27327	14	1	488	3	0	506
27328	5	4	9	487	0	505
27329	4	501	2	11	0	518
27330	499	8	1	6	0	514
27331	11	504	1	5	0	521
27332	3	11	0	518	0	532
27333	518	3	1	13	0	535
27334	524	1	1	7	0	533
27335	18	519	0	2	0	539
27336	10	10	0	511	0	531
27337	4	3	514	12	0	533
27338	507	2	8	5	0	522
27339	11	1	513	2	0	527
27340	525	2	11	5	0	543
27341	534	4	4	3	0	545
27342	14	2	2	525	0	543
27343	537	2	0	12	0	551
27344	544	0	1	9	0	554
27345	551	3	0	2	0	556
27346	16	5	0	535	0	556
27347	534	2	2	13	0	551
27348	12	1	2	539	0	554
27349	9	2	2	527	0	540
27350	7	529	2	14	0	552
27351	2	10	3	526	0	541
27352	5	517	1	11	0	534
27353	506	9	0	7	0	522
27354	499	3	0	7	0	509
27355	15	4	1	490	0	510
27356	8	0	0	504	0	512
27357	491	2	0	13	0	506
27358	11	0	479	7	0	497
27359	488	2	8	1	0	499
27360	10	1	3	481	0	495
27361	6	0	464	12	0	482
27362	469	2	7	5	0	483
27363	466	1	4	2	0	473
27364	14	1	471	4	0	490
27365	458	2	7	6	0	473
27366	12	1	443	3	0	459
27367	9	451	8	1	0	469
27368	447	11	4	3	0	465
27369	446	5	3	2	0	456
27370	12	444	1	3	0	460
27371	5	401	1	1	0	408
27372	373	7	2	1	0	383
27373	374	3	1	2	0	380
27374	9	2	0	385	0	396
27375	5	1	380	7	0	393
27376	2	1	362	4	0	369
27377	374	0	7	2	0	383
27378	6	1	378	1	0	386
27379	353	0	8	6	0	367
27380	6	1	3	354	0	364
27381	5	0	1	356	0	362
27382	3	0	358	7	0	368
27383	361	0	5	3	0	369
27384	6	0	2	363	0	371
27385	4	0	1	377	0	382
27386	378	0	1	8	0	387
27387	381	0	1	3	0	385
27388	386	0	1	3	0	390
27389	6	385	1	2	0	394
27390	4	2	378	2	0	386
27391	374	3	3	1	0	381
27392	384	0	3	1	0	388
27393	8	370	0	1	0	379
27394	350	2	2	0	0	354
27395	5	2	0	353	0	360
27396	5	0	362	2	0	369
27397	356	0	3	2	0	361
27398	367	2	2	0	0	371
27399	374	0	1	0	0	375
27400	373	0	0	1	0	374
27401	6	0	1	371	0	378
27402	4	0	0	373	0	377
27403	373	1	0	4	0	378
27404	3	0	0	373	0	376
27405	5	0	0	372	0	377
27406	1	366	0	4	0	371
27407	1	1	0	373	0	375
27408	1	2	1	372	0	376
27409	0	0	1	381	0	382
27410	1	0	1	381	0	383
27411	1	374	1	3	0	379
27412	1	1	0	373	0	375
27413	0	2	0	360	0	362
27414	1	0	350	5	0	356
27415	0	0	339	3	0	342
27416	1	347	2	0	0	350
27417	421	0	2	3	0	426
27418	0	430	0	2	0	432
27419	2	2	0	453	0	457
27420	1	3	491	0	0	495
27421	519	0	2	3	0	524
27422	3	1	3	529	0	536
27423	533	0	0	4	0	537
27424	535	0	0	4	0	539
27425	7	533	0	0	0	540
27426	533	4	0	1	0	538
27427	4	557	1	1	0	563
27428	5	4	0	567	0	576
27429	1	573	1	5	0	580
27430	1	6	567	4	0	578
27431	4	576	5	2	0	587
27432	0	8	3	562	0	573
27433	566	3	0	8	0	577
27434	6	578	4	3	0	591
27435	5	6	1	581	0	593
27436	1	3	0	601	0	605
27437	5	0	597	10	0	612
27438	4	2	5	596	0	607
27439	1	4	599	6	0	610
27440	578	1	5	5	0	589
27441	5	3	598	2	0	608
27442	4	596	6	4	0	610
27443	0	8	5	604	0	617
27444	1	4	3	601	0	609
27445	1	4	0	598	0	603
27446	601	1	0	11	0	613
27447	9	2	0	604	0	615
27448	3	602	0	8	0	613
27449	587	6	1	9	0	603
27450	6	575	1	5	0	587
27451	4	5	4	576	0	589
27452	574	4	1	9	0	588
27453	7	569	3	4	0	583
27454	7	587	1	0	0	595
27455	588	8	3	3	0	602
27456	592	7	0	3	0	602
27457	9	1	583	4	0	597
27458	600	1	5	5	0	611
27459	7	1	597	14	0	619
27460	9	0	5	615	0	629
27461	1	1	616	9	0	627
27462	2	5	7	618	0	632
27463	5	1	611	8	0	625
27464	1	3	7	605	0	616
27465	1	1	4	615	0	621
27466	604	1	1	11	0	617
27467	6	4	590	6	0	606
27468	575	4	8	1	0	588
27469	11	0	579	5	0	595
27470	8	2	558	1	0	569
27471	5	0	11	560	0	576
27472	562	3	4	6	0	575
27473	8	567	4	4	0	583
27474	542	10	4	5	0	561
27475	547	2	5	6	0	560
27476	9	541	1	6	0	557
27477	544	7	5	2	0	558
27478	9	4	544	5	0	562
27479	5	1	7	549	0	562
27480	549	1	3	8	0	561
27481	8	556	3	3	0	570
27482	7	6	3	544	0	560
27483	1	2	6	548	0	557
27484	1	1	6	552	0	560
27485	3	1	0	561	0	565
27486	545	3	2	9	0	559
27487	555	4	1	5	0	565
27488	551	1	4	4	0	560
27489	544	3	0	4	0	551
27490	10	3	535	5	0	553
27491	541	0	6	3	0	550
27492	541	0	6	5	0	552
27493	14	529	0	4	0	547
27494	8	548	2	2	0	560
27495	1	16	1	531	0	549
27496	4	3	0	540	0	547
27497	4	5	521	12	0	542
27498	0	530	8	9	0	547
27499	4	10	1	523	0	538
27500	6	529	3	10	0	548
27501	5	10	2	533	0	550
27502	5	4	2	533	0	544
27503	8	546	1	13	0	568
27504	1	10	6	558	0	575
27505	7	3	563	12	0	585
27506	5	2	575	6	0	588
27507	566	6	11	5	0	588
27508	586	4	5	3	0	598
27509	8	567	5	7	0	587
27510	567	8	6	5	0	586
27511	12	3	5	568	0	588
27512	572	6	1	10	0	589
27513	12	578	0	8	0	598
27514	5	14	568	4	0	591
27515	564	2	9	8	0	583
27516	8	2	583	9	0	602
27517	5	3	504	1	0	513
27518	1	4	489	4	0	498
27519	2	463	13	1	0	479
27520	414	10	14	0	0	438
27521	403	1	2	1	0	407
27522	6	1	1	399	0	407
27523	2	2	0	396	0	400
27524	3	401	1	6	0	411
27525	404	4	1	4	0	413
27526	5	406	0	4	0	415
27527	2	397	0	0	0	399
27528	381	2	3	0	0	386
27529	3	2	0	378	0	383
27530	1	1	1	380	0	383
27531	1	0	1	376	0	378
27532	1	372	1	2	0	376
27533	362	3	0	1	0	366
27534	3	1	1	359	0	364
27535	1	345	0	1	0	347
27536	1	343	0	1	0	345
27537	0	2	0	331	0	333
27538	0	331	0	2	0	333
27539	1	2	0	331	0	334
27540	332	1	0	4	0	337
27541	1	1	324	0	0	326
27542	1	332	2	1	0	336
27543	1	1	0	335	0	337
27544	0	0	342	3	0	345
27545	337	1	2	1	0	341
27546	2	3	0	337	0	342
27547	332	0	1	2	0	335
27548	329	0	0	1	0	330
27549	2	357	0	3	0	362
27550	365	3	0	0	0	368
27551	366	0	0	2	0	368
27552	366	1	0	0	0	367
27553	3	0	0	360	0	363
27554	2	0	0	356	0	358
27555	1	0	1	358	0	360
27556	0	1	351	3	0	355
27557	0	353	1	2	0	356
27558	342	2	1	2	0	347
27559	3	331	1	0	0	335
27560	0	2	0	331	0	333
27561	2	0	323	1	0	326
27562	318	1	1	1	0	321
27563	1	325	0	1	0	327
27564	1	1	1	321	0	324
27565	2	0	0	323	0	325
27566	1	1	320	1	0	323
27567	0	317	1	2	0	320
27568	0	1	0	320	0	321
27569	0	0	1	320	0	321
27570	0	1	1	319	0	321
27571	314	1	0	2	0	317
27572	2	0	312	1	0	315
27573	0	309	1	1	0	311
27574	311	1	0	1	0	313
27575	1	312	2	0	0	315
27576	1	3	0	306	0	310
27577	1	312	0	1	0	314
27578	304	2	0	1	0	307
27579	306	0	0	2	0	308
27580	1	1	1	311	0	314
27581	1	1	1	311	0	314
27582	2	0	0	331	0	333
27583	0	0	335	5	0	340
27584	1	349	2	4	0	356
27585	2	2	0	428	0	432
27586	0	1	1	447	0	449
27587	1	2	0	444	0	447
27588	2	0	0	443	0	445
27589	1	1	437	6	0	445
27590	0	466	4	4	0	474
27591	1	4	1	475	0	481
27592	1	1	0	500	0	502
27593	1	1	502	7	0	511
27594	1	1	5	491	0	498
27595	0	481	2	7	0	490
27596	0	496	1	2	0	499
27597	1	7	1	494	0	503
27598	1	2	480	6	0	489
27599	463	1	4	3	0	471
27600	4	473	2	3	0	482
27601	1	4	466	2	0	473
27602	0	2	467	2	0	471
27603	0	460	7	0	0	467
27604	0	5	463	1	0	469
27605	1	7	6	446	0	460
27606	445	2	2	5	0	454
27607	446	1	0	4	0	451
27608	450	0	2	1	0	453
27609	458	0	4	1	0	463
27610	5	465	1	3	0	474
27611	479	5	1	3	0	488
27612	4	491	1	4	0	500
27613	1	7	479	1	0	488
27614	2	3	5	474	0	484
27615	3	478	1	6	0	488
27616	2	7	0	463	0	472
27617	459	3	1	10	0	473
27618	7	0	5	452	0	464
27619	3	468	2	4	0	477
27620	467	7	2	2	0	478
27621	5	1	467	3	0	476
27622	2	1	7	473	0	483
27623	3	2	1	477	0	483
27624	463	2	3	6	0	474
27625	7	455	0	5	0	467
27626	4	5	452	2	0	463
27627	4	3	5	458	0	470
27628	5	1	455	8	0	469
27629	2	450	5	6	0	463
27630	0	462	6	4	0	472
27631	459	8	1	5	0	473
27632	4	7	455	5	0	471
27633	457	2	7	6	0	472
27634	5	0	4	451	0	460
27635	2	462	3	7	0	474
27636	461	7	2	4	0	474
27637	8	5	462	3	0	478
27638	3	1	8	465	0	477
27639	0	4	4	472	0	480
27640	6	2	1	465	0	474
27641	1	457	3	7	0	468
27642	446	8	3	6	0	463
27643	5	442	4	6	0	457
27644	4	438	5	3	0	450
27645	0	12	4	436	0	452
27646	437	6	4	8	0	455
27647	438	3	3	6	0	450
27648	437	4	1	3	0	445
27649	9	404	4	2	0	419
27650	5	8	3	409	0	425
27651	7	6	408	6	0	427
27652	5	2	8	407	0	422
27653	6	2	4	407	0	419
27654	4	402	3	12	0	421
27655	404	10	2	9	0	425
27656	6	4	2	398	0	410
27657	2	405	4	7	0	418
27658	407	7	3	5	0	422
27659	7	3	421	6	0	437
27660	415	6	4	4	0	429
27661	6	424	2	4	0	436
27662	429	5	2	2	0	438
27663	429	4	2	3	0	438
27664	8	6	426	1	0	441
27665	432	1	6	5	0	444
27666	7	2	442	3	0	454
27667	4	0	449	4	0	457
27668	441	2	6	8	0	457
27669	447	2	3	5	0	457
27670	7	5	451	6	0	469
27671	4	4	10	446	0	464
27672	5	2	2	453	0	462
27673	1	461	4	5	0	471
27674	459	9	2	3	0	473
27675	473	3	2	2	0	480
27676	12	3	471	2	0	488
27677	469	4	8	3	0	484
27678	487	2	2	2	0	493
27679	10	478	3	6	0	497
27680	5	10	3	471	0	489
27681	5	3	1	472	0	481
27682	5	1	3	451	0	460
27683	431	0	4	10	0	445
27684	6	414	2	3	0	425
27685	6	3	0	335	0	344
27686	2	324	3	3	0	332
27687	2	7	3	318	0	330
27688	3	319	0	4	0	326
27689	3	323	1	5	0	332
27690	289	4	3	3	0	299
27691	300	1	3	3	0	307
27692	2	1	0	287	0	290
27693	2	1	0	279	0	282
27694	1	0	0	284	0	285
27695	0	1	1	278	0	280
27696	1	0	0	274	0	275
27697	0	278	1	1	0	280
27698	1	2	1	275	0	279
27699	2	0	0	281	0	283
27700	279	0	0	1	0	280
27701	1	0	1	279	0	281
27702	0	0	0	279	0	279
27703	0	0	291	3	0	294
27704	0	1	1	285	0	287
27705	1	0	0	293	0	294
27706	1	1	302	1	0	305
27707	0	312	2	1	0	315
27708	1	2	318	1	0	322
27709	1	0	305	0	0	306
27710	0	305	2	1	0	308
27711	299	1	1	2	0	303
27712	294	0	1	1	0	296
27713	4	0	0	293	0	297
27714	290	0	0	3	0	293
27715	3	1	295	0	0	299
27716	0	1	2	306	0	309
27717	0	0	335	3	0	338
27718	0	0	4	336	0	340
27719	0	1	0	334	0	335
27720	1	0	0	341	0	342
27721	334	0	0	3	0	337
27722	2	0	0	339	0	341
27723	339	0	0	4	0	343
27724	341	0	1	0	0	342
27725	3	340	0	1	0	344
27726	350	3	1	0	0	354
27727	4	356	0	1	0	361
27728	0	3	0	358	0	361
27729	2	0	0	369	0	371
27730	1	0	1	371	0	373
27731	0	0	365	7	0	372
27732	1	365	6	0	0	372
27733	1	5	0	359	0	365
27734	0	1	0	370	0	371
27735	1	366	0	4	0	371
27736	371	6	0	0	0	377
27737	5	362	0	2	0	369
27738	356	5	0	2	0	363
27739	5	359	0	2	0	366
27740	0	6	1	363	0	370
27741	1	368	0	5	0	374
27742	375	6	0	2	0	383
27743	385	0	0	2	0	387
27744	388	1	0	2	0	391
27745	394	0	0	1	0	395
27746	5	1	402	0	0	408
27747	403	0	5	0	0	408
27748	415	1	0	2	0	418
27749	416	0	0	1	0	417
27750	5	2	398	1	0	406
27751	410	0	5	1	0	416
27752	6	418	0	0	0	424
27753	424	5	0	0	0	429
27754	6	1	446	0	0	453
27755	449	0	8	0	0	457
27756	459	1	0	1	0	461
27757	7	1	1	453	0	462
27758	2	0	450	6	0	458
27759	439	0	6	0	0	445
27760	7	0	0	450	0	457
27761	1	1	1	470	0	473
27762	2	0	470	6	0	478
27763	461	0	6	0	0	467
27764	469	0	0	0	0	469
27765	5	475	1	0	0	481
27766	1	6	0	467	0	474
27767	0	2	1	472	0	475
27768	2	0	0	472	0	474
27769	0	476	0	7	0	483
27770	474	5	0	2	0	481
27771	6	0	2	475	0	483
27772	1	1	0	481	0	483
27773	471	0	1	7	0	479
27774	463	1	0	1	0	465
27775	5	1	0	473	0	479
27776	2	0	0	469	0	471
27777	0	0	452	4	0	456
27778	436	0	4	0	0	440
27779	5	462	1	0	0	468
27780	0	6	0	493	0	499
27781	1	0	0	498	0	499
27782	1	511	0	6	0	518
27783	1	6	0	524	0	531
27784	567	1	0	8	0	576
27785	9	1	0	669	0	679
27786	0	1	1	686	0	688
27787	3	0	0	695	0	698
27788	4	0	692	13	0	709
27789	4	0	8	691	0	703
27790	1	0	692	14	0	707
27791	1	670	12	5	0	688
27792	1	8	3	675	0	687
27793	3	2	3	679	0	687
27794	1	4	3	686	0	694
27795	1	2	1	695	0	699
27796	2	0	0	702	0	704
27797	682	2	0	16	0	700
27798	9	2	680	7	0	698
27799	4	683	8	5	0	700
27800	4	717	3	4	0	728
27801	4	9	2	721	0	736
27802	1	5	4	730	0	740
27803	2	3	2	715	0	722
27804	2	701	1	13	0	717
27805	0	9	1	717	0	727
27806	0	2	708	15	0	725
27807	0	699	7	7	0	713
27808	1	8	1	703	0	713
27809	692	3	4	14	0	713
27810	8	3	2	697	0	710
27811	2	3	0	703	0	708
27812	4	675	1	13	0	693
27813	2	723	1	6	0	732
27814	2	8	0	720	0	730
27815	2	4	0	722	0	728
27816	0	4	716	10	0	730
27817	1	2	6	697	0	706
27818	2	1	2	707	0	712
27819	2	0	2	697	0	701
27820	0	0	3	711	0	714
27821	699	1	0	14	0	714
27822	707	0	1	9	0	717
27823	11	0	0	724	0	735
27824	7	1	0	738	0	746
27825	730	0	0	13	0	743
27826	10	1	0	745	0	756
27827	2	2	742	15	0	761
27828	3	743	7	8	0	761
27829	3	5	2	751	0	761
27830	1	1	6	754	0	762
27831	754	4	2	10	0	770
27832	5	2	2	766	0	775
27833	2	2	1	778	0	783
27834	780	0	0	14	0	794
27835	7	0	1	784	0	792
27836	3	777	0	13	0	793
27837	4	5	0	809	0	818
27838	4	0	1	853	0	858
27839	4	4	0	852	0	860
27840	0	3	2	853	0	858
27841	0	1	838	14	0	853
27842	1	3	811	7	0	822
27843	1	0	7	834	0	842
27844	0	1	5	818	0	824
27845	1	825	4	10	0	840
27846	0	7	3	798	0	808
27847	0	798	0	14	0	812
27848	802	8	2	4	0	816
27849	7	818	0	4	0	829
27850	2	10	0	845	0	857
27851	4	3	0	855	0	862
27852	2	3	839	12	0	856
27853	828	3	6	8	0	845
27854	818	2	2	8	0	830
27855	7	812	4	3	0	826
27856	5	7	4	816	0	832
27857	6	2	838	10	0	856
27858	2	850	9	5	0	866
27859	849	9	3	6	0	867
27860	843	0	2	7	0	852
27861	9	4	820	2	0	835
27862	818	3	6	1	0	828
27863	13	1	1	819	0	834
27864	6	821	3	7	0	837
27865	819	6	2	5	0	832
27866	8	3	1	813	0	825
27867	822	3	1	9	0	835
27868	853	3	0	8	0	864
27869	10	1	4	852	0	867
27870	5	2	868	10	0	885
27871	876	0	6	5	0	887
27872	882	2	2	7	0	893
27873	880	1	3	6	0	890
27874	14	901	2	3	0	920
27875	7	8	1	896	0	912
27876	9	4	0	931	0	944
27877	3	4	928	16	0	951
27878	2	5	10	916	0	933
27879	2	917	5	17	0	941
27880	895	8	5	9	0	917
27881	9	892	3	7	0	911
27882	7	9	892	5	0	913
27883	2	902	8	2	0	914
27884	1	873	7	3	0	884
27885	7	8	6	757	0	778
27886	754	4	0	6	0	764
27887	750	1	4	4	0	759
27888	744	1	0	1	0	746
27889	9	753	1	3	0	766
27890	5	5	757	1	0	768
27891	755	3	4	2	0	764
27892	766	2	3	3	0	774
27893	9	761	1	2	0	773
27894	771	5	1	1	0	778
27895	5	2	1	773	0	781
27896	4	1	793	5	0	803
27897	799	1	5	4	0	809
27898	794	1	4	1	0	800
27899	815	1	2	1	0	819
27900	11	1	0	794	0	806
27901	5	2	0	809	0	816
27902	1	3	0	851	0	855
27903	1	857	0	13	0	871
27904	4	6	1	914	0	925
27905	3	4	0	991	0	998
27906	2	2	999	12	0	1015
27907	1	2	9	994	0	1006
27908	2	0	5	1007	0	1014
27909	3	1	2	1005	0	1011
27910	1	2	2	992	0	997
27911	3	990	0	14	0	1007
27912	3	10	0	1005	0	1018
27913	0	4	3	990	0	997
27914	978	1	0	16	0	995
27915	10	2	976	11	0	999
27916	5	3	949	7	0	964
27917	936	2	13	10	0	961
27918	971	2	6	5	0	984
27919	14	2	2	932	0	950
27920	7	960	3	11	0	981
27921	962	10	1	5	0	978
27922	12	5	3	942	0	962
27923	6	964	6	10	0	986
27924	967	8	1	8	0	984
27925	11	961	1	2	0	975
27926	951	9	1	5	0	966
27927	930	9	0	6	0	945
27928	15	919	3	2	0	939
27929	8	8	1	928	0	945
27930	3	6	921	10	0	940
27931	6	8	8	908	0	930
27932	907	4	5	9	0	925
27933	11	1	899	7	0	918
27934	10	876	7	8	0	901
27935	4	7	5	882	0	898
27936	2	8	868	12	0	890
27937	2	863	8	8	0	881
27938	829	11	5	8	0	853
27939	11	6	1	843	0	861
27940	6	1	4	848	0	859
27941	4	5	4	835	0	848
27942	3	826	1	21	0	851
27943	830	8	5	9	0	852
27944	9	811	0	7	0	827
27945	8	841	2	5	0	856
27946	832	12	3	4	0	851
27947	839	7	0	5	0	851
27948	17	3	819	5	0	844
27949	803	5	8	6	0	822
27950	798	4	8	2	0	812
27951	18	3	2	785	0	808
27952	10	6	770	10	0	796
27953	8	4	8	785	0	805
27954	784	0	3	11	0	798
27955	11	7	785	6	0	809
27956	13	1	8	829	0	851
27957	10	1	5	888	0	904
27958	5	3	4	969	0	981
27959	967	1	6	20	0	994
27960	12	979	6	11	0	1008
27961	986	15	1	11	0	1013
27962	21	6	987	5	0	1019
27963	8	4	17	968	0	997
27964	3	991	7	17	0	1018
27965	994	15	4	14	0	1027
27966	19	5	3	1003	0	1030
27967	10	7	972	17	0	1006
27968	6	7	16	948	0	977
27969	929	7	9	18	0	963
27970	18	915	3	14	0	950
27971	11	15	3	890	0	919
27972	4	917	4	11	0	936
27973	918	16	2	12	0	948
27974	901	8	2	7	0	918
27975	21	878	2	9	0	910
27976	865	13	0	7	0	885
27977	18	10	3	835	0	866
27978	8	852	4	14	0	878
27979	848	15	1	7	0	871
27980	846	9	3	2	0	860
27981	22	811	2	6	0	841
27982	9	814	3	6	0	832
27983	801	15	5	5	0	826
27984	20	3	0	805	0	828
27985	807	5	1	16	0	829
27986	17	7	1	804	0	829
27987	8	5	797	14	0	824
27988	6	5	8	816	0	835
27989	798	4	4	15	0	821
27990	19	5	797	4	0	825
27991	9	3	11	795	0	818
27992	8	0	6	815	0	829
27993	5	1	792	23	0	821
27994	781	5	11	8	0	805
27995	16	4	5	788	0	813
27996	9	0	749	19	0	777
27997	729	4	18	5	0	756
27998	13	747	6	10	0	776
27999	9	752	3	4	0	768
28000	4	743	2	6	0	755
28001	7	10	719	6	0	742
28002	3	14	12	685	0	714
28003	5	5	685	14	0	709
28004	6	20	8	571	0	605
28005	1	554	1	11	0	567
28006	2	530	3	1	0	536
28007	1	12	0	522	0	535
28008	521	3	1	9	0	534
28009	8	0	3	529	0	540
28010	2	2	0	530	0	534
28011	0	524	0	11	0	535
28012	523	6	0	3	0	532
28013	9	521	0	2	0	532
28014	1	8	3	524	0	536
28015	0	1	0	525	0	526
28016	4	518	0	9	0	531
28017	1	9	1	521	0	532
28018	519	2	0	14	0	535
28019	8	4	0	520	0	532
28020	7	2	1	524	0	534
28021	4	521	1	8	0	534
28022	4	11	2	527	0	544
28023	492	3	1	10	0	506
28024	505	2	0	6	0	513
28025	512	5	1	4	0	522
28026	12	1	2	512	0	527
28027	6	2	497	11	0	516
28028	4	2	504	4	0	514
28029	3	6	9	506	0	524
28030	515	3	3	10	0	531
28031	9	3	0	518	0	530
28032	518	4	1	9	0	532
28033	11	4	2	518	0	535
28034	5	0	4	529	0	538
28035	521	3	1	15	0	540
28036	16	3	511	4	0	534
28037	513	2	12	7	0	534
28038	10	5	511	7	0	533
28039	8	3	7	505	0	523
28040	516	2	5	10	0	533
28041	14	4	509	1	0	528
28042	8	3	515	5	0	531
28043	511	1	14	3	0	529
28044	14	2	516	4	0	536
28045	6	523	7	4	0	540
28046	4	11	3	537	0	555
28047	577	5	2	15	0	599
28048	13	1	593	4	0	611
28049	594	2	9	7	0	612
28050	607	2	7	4	0	620
28051	606	0	2	8	0	616
28052	610	2	2	8	0	622
28053	13	3	4	597	0	617
28054	4	597	1	16	0	618
28055	580	9	1	8	0	598
28056	12	1	535	4	0	552
28057	5	437	4	1	0	447
28058	380	3	2	3	0	388
28059	5	339	0	1	0	345
28060	1	365	0	1	0	367
28061	13	2	5	356	0	376
28062	0	0	0	363	0	363
28063	1	0	0	360	0	361
28064	369	0	0	4	0	373
28065	380	0	1	0	0	381
28066	5	0	0	393	0	398
28067	0	0	1	416	0	417
28068	1	0	418	6	0	425
28069	423	0	7	0	0	430
28070	434	0	1	0	0	435
28071	6	0	2	430	0	438
28072	1	0	0	438	0	439
28073	2	0	429	6	0	437
28074	0	1	8	427	0	436
28075	2	0	441	8	0	451
28076	2	453	7	0	0	462
28077	0	5	461	1	0	467
28078	2	3	7	448	0	460
28079	2	1	466	7	0	476
28080	3	0	444	0	0	447
28081	472	0	7	3	0	482
28082	7	0	2	505	0	514
28083	2	1	508	7	0	518
28084	483	1	7	2	0	493
28085	6	1	510	2	0	519
28086	3	1	557	0	0	561
28087	4	569	6	1	0	580
28088	0	8	4	562	0	574
28089	0	4	557	6	0	567
28090	1	2	547	3	0	553
28091	1	1	8	568	0	578
28092	1	0	6	562	0	569
28093	4	569	1	8	0	582
28094	3	6	1	586	0	596
28095	583	2	1	11	0	597
28096	582	3	1	2	0	588
28097	596	0	1	5	0	602
28098	12	1	1	578	0	592
28099	5	580	1	7	0	593
28100	583	6	1	5	0	595
28101	6	573	2	4	0	585
28102	2	567	2	2	0	573
28103	3	563	1	2	0	569
28104	566	10	2	0	0	578
28105	8	5	2	559	0	574
28106	3	3	0	566	0	572
28107	2	566	1	12	0	581
28108	566	7	3	2	0	578
28109	8	2	553	2	0	565
28110	4	3	5	562	0	574
28111	562	1	4	10	0	577
28112	8	579	4	3	0	594
28113	616	6	2	4	0	628
28114	11	3	0	621	0	635
28115	3	641	1	7	0	652
28116	4	8	622	4	0	638
28117	638	2	9	5	0	654
28118	7	3	5	645	0	660
28119	662	0	4	9	0	675
28120	10	1	1	659	0	671
28121	3	644	2	9	0	658
28122	3	8	665	6	0	682
28123	2	3	670	5	0	680
28124	6	4	9	677	0	696
28125	684	0	8	8	0	700
28126	688	1	2	6	0	697
28127	10	1	1	682	0	694
28128	5	1	3	683	0	692
28129	689	2	0	12	0	703
28130	7	1	4	695	0	707
28131	690	4	2	10	0	706
28132	10	693	3	4	0	710
28133	694	5	1	8	0	708
28134	10	3	704	1	0	718
28135	5	3	9	702	0	719
28136	5	0	2	721	0	728
28137	0	0	3	725	0	728
28138	5	713	2	10	0	730
28139	6	662	1	8	0	677
28140	2	9	2	707	0	720
28141	2	5	707	7	0	721
28142	2	4	7	711	0	724
28143	0	1	3	727	0	731
28144	1	705	6	12	0	724
28145	701	7	2	5	0	715
28146	4	683	1	7	0	695
28147	2	669	0	3	0	674
28148	4	9	1	666	0	680
28149	1	5	3	669	0	678
28150	5	2	1	671	0	679
28151	2	1	0	673	0	676
28152	670	1	2	8	0	681
28153	7	662	1	8	0	678
28154	680	6	2	3	0	691
28155	696	3	2	3	0	704
28156	7	6	0	697	0	710
28157	4	3	0	706	0	713
28158	697	3	2	9	0	711
28159	694	0	2	8	0	704
28160	6	1	1	682	0	690
28161	7	0	1	685	0	693
28162	4	3	680	7	0	694
28163	3	675	5	8	0	691
28164	4	699	4	2	0	709
28165	691	6	2	3	0	702
28166	5	5	714	1	0	725
28167	3	4	678	2	0	687
28168	664	1	5	3	0	673
28169	667	0	5	3	0	675
28170	3	740	1	2	0	746
28171	4	773	1	0	0	778
28172	1	4	0	788	0	793
28173	824	4	1	2	0	831
28174	837	1	0	3	0	841
28175	841	0	1	3	0	845
28176	4	1	1	820	0	826
28177	5	0	0	822	0	827
28178	3	0	835	2	0	840
28179	0	1	785	3	0	789
28180	1	1	828	2	0	832
28181	1	15	3	815	0	834
28182	802	0	0	2	0	804
28183	1	0	833	0	0	834
28184	0	0	1	843	0	844
28185	0	857	0	2	0	859
28186	0	1	0	827	0	828
28187	0	0	0	839	0	839
28188	0	0	878	2	0	880
28189	0	0	3	873	0	876
28190	954	0	0	4	0	958
28191	5	0	985	0	0	990
28192	3	0	5	983	0	991
28193	0	0	1016	5	0	1021
28194	1	1016	4	1	0	1022
28195	0	6	1031	0	0	1037
28196	1	3	5	987	0	996
28197	1	0	3	1032	0	1036
28198	0	3	1064	10	0	1077
28199	0	0	6	1047	0	1053
28200	2	0	2	1051	0	1055
28201	0	1062	0	9	0	1071
28202	0	4	1065	2	0	1071
28203	0	2	6	1083	0	1091
28204	0	0	4	1094	0	1098
28205	0	1096	0	10	0	1106
28206	0	7	1	1112	0	1120
28207	1116	3	0	9	0	1128
28208	9	0	0	1121	0	1130
28209	3	1	1124	8	0	1136
28210	1115	1	7	4	0	1127
28211	1182	0	3	1	0	1186
28212	13	0	1181	0	0	1194
28213	1144	0	9	1	0	1154
28214	12	1148	4	0	0	1164
28215	7	9	2	1173	0	1191
28216	5	3	2	1286	0	1296
28217	4	2	0	1284	0	1290
28218	2	2	0	1307	0	1311
28219	1	1	0	1295	0	1297
28220	1288	0	0	23	0	1311
28221	11	0	1272	11	0	1294
28222	1237	0	11	8	0	1256
28223	16	0	1257	7	0	1280
28224	9	0	14	1247	0	1270
28225	1255	0	7	13	0	1275
28226	15	0	5	1254	0	1274
28227	8	1266	3	16	0	1293
28228	1284	11	5	6	0	1306
28229	18	3	0	1316	0	1337
28230	7	2	1252	16	0	1277
28231	1253	3	12	9	0	1277
28232	20	1356	3	5	0	1384
28233	7	14	1393	6	0	1420
28234	3	5	14	1382	0	1404
28235	7	5	7	1340	0	1359
28236	4	1368	3	19	0	1394
28237	1	14	1381	10	0	1406
28238	6	4	14	1372	0	1396
28239	1	7	1404	20	0	1432
28240	2	4	19	1397	0	1422
28241	5	2	7	1403	0	1417
28242	0	0	1415	26	0	1441
28243	2	4	16	1401	0	1423
28244	10	0	10	1225	0	1245
28245	1	2	3	1467	0	1473
28246	3	1	6	1464	0	1474
28247	1427	1	4	28	0	1460
28248	16	2	1407	18	0	1443
28249	1475	4	18	10	0	1507
28250	21	2	6	1539	0	1568
28251	11	2	7	1561	0	1581
28252	7	2	5	1549	0	1563
28253	6	1524	3	26	0	1559
28254	1542	16	1	17	0	1576
28255	15	6	6	1608	0	1635
28256	7	1597	2	28	0	1634
28257	4	18	0	1634	0	1656
28258	1648	7	3	26	0	1684
28259	1650	3	3	18	0	1674
28260	1636	6	2	14	0	1658
28261	26	1623	5	7	0	1661
28262	12	18	1636	10	0	1676
28263	1624	4	18	7	0	1653
28264	1649	5	5	10	0	1669
28265	26	1654	7	5	0	1692
28266	1636	22	4	6	0	1668
28267	1635	5	3	4	0	1647
28268	1656	5	4	7	0	1672
28269	27	1695	3	6	0	1731
28270	18	22	2	1654	0	1696
28271	1645	5	2	26	0	1678
28272	1709	6	1	15	0	1731
28273	1673	1	0	15	0	1689
28274	1685	6	1	11	0	1703
28275	37	2	4	1653	0	1696
28276	16	2	1648	28	0	1694
28277	16	2	24	1635	0	1677
28278	11	1671	7	28	0	1717
28279	10	22	5	1732	0	1769
28280	5	6	1738	33	0	1782
28281	1751	6	29	12	0	1798
28282	30	5	3	1791	0	1829
28283	1753	3	6	37	0	1799
28284	1776	3	3	13	0	1795
28285	43	2	2	1759	0	1806
28286	18	3	1757	33	0	1811
28287	16	3	1675	8	0	1702
28288	1642	5	28	9	0	1684
28289	28	1661	14	10	0	1713
28290	9	1618	6	10	0	1643
28291	13	1617	4	4	0	1638
28292	11	1655	4	4	0	1674
28293	1613	28	9	9	0	1659
28294	1630	8	3	6	0	1647
28295	1617	8	3	8	0	1636
28296	1614	3	3	8	0	1628
28297	32	8	1	1577	0	1618
28298	12	1552	5	26	0	1595
28299	1567	24	2	4	0	1597
28300	30	3	1554	9	0	1596
28301	13	1549	20	7	0	1589
28302	15	20	1545	4	0	1584
28303	1530	6	22	8	0	1566
28304	1556	6	6	10	0	1578
28305	1566	5	7	6	0	1584
28306	29	6	5	1548	0	1588
28307	12	6	1533	20	0	1571
28308	10	1518	21	6	0	1555
28309	1501	20	4	11	0	1536
28310	27	1483	6	6	0	1522
28311	14	1420	2	8	0	1444
28312	16	1410	2	3	0	1431
28313	7	1447	2	9	0	1465
28314	9	19	1399	5	0	1432
28315	6	1389	20	3	0	1418
28316	1294	13	4	4	0	1315
28317	19	0	1	1284	0	1304
28318	5	4	0	1306	0	1315
28319	1279	1	0	18	0	1298
28320	16	1270	3	3	0	1292
28321	5	13	1293	1	0	1312
28322	8	2	13	1265	0	1288
28323	3	4	2	1301	0	1310
28324	5	2	3	1296	0	1306
28325	6	2	1284	14	0	1306
28326	4	1	1265	3	0	1273
28327	7	1	12	1263	0	1283
28328	6	1	1257	12	0	1276
28329	3	2	1213	2	0	1220
28330	1146	1	11	3	0	1161
28331	11	1204	1	3	0	1219
28332	1	1144	1	4	0	1150
28333	5	1141	3	3	0	1152
28334	6	13	2	1100	0	1121
28335	6	1148	1	12	0	1167
28336	1175	12	2	0	0	1189
28337	14	0	1179	4	0	1197
28338	1203	2	14	2	0	1221
28339	16	3	1	1214	0	1234
28340	2	4	2	1250	0	1258
28341	1	1282	2	20	0	1305
28342	1273	18	6	3	0	1300
28343	1290	4	4	2	0	1300
28344	19	1381	3	4	0	1407
28345	7	29	1	1343	0	1380
28346	8	5	1365	22	0	1400
28347	5	4	1371	9	0	1389
28348	5	1367	24	8	0	1404
28349	1358	27	8	6	0	1399
28350	27	5	1355	3	0	1390
28351	10	5	20	1328	0	1363
28352	1341	4	9	25	0	1379
28353	1372	6	6	7	0	1391
28354	25	1654	5	2	0	1686
28355	8	1726	7	1	0	1742
28356	1737	39	2	3	0	1781
28357	38	8	1728	4	0	1778
28358	1723	9	33	7	0	1772
28359	1764	7	5	3	0	1779
28360	43	8	5	1734	0	1790
28361	16	6	1763	32	0	1817
28362	11	3	1760	6	0	1780
28363	1727	4	39	8	0	1778
28364	44	4	1762	4	0	1814
28365	1710	3	39	3	0	1755
28366	1748	3	10	2	0	1763
28367	45	1715	10	3	0	1773
28368	15	33	1707	5	0	1760
28369	10	1651	40	2	0	1703
28370	1641	40	11	1	0	1693
28371	43	8	1624	1	0	1676
28372	12	13	37	1548	0	1610
28373	11	6	1584	31	0	1632
28374	12	6	1588	5	0	1611
28375	8	4	1582	7	0	1601
28376	6	3	1571	7	0	1587
28377	8	1539	43	2	0	1592
28378	6	30	1532	4	0	1572
28379	3	1464	39	3	0	1509
28380	5	39	1447	0	0	1491
28381	1412	8	38	2	0	1460
28382	35	9	11	1351	0	1406
28383	9	1408	16	26	0	1459
28384	1413	33	6	7	0	1459
28385	1433	7	5	8	0	1453
28386	1367	12	10	4	0	1393
28387	1419	4	9	5	0	1437
28388	42	1396	7	2	0	1447
28389	1344	31	9	4	0	1388
28390	1409	7	6	4	0	1426
28391	44	1334	8	5	0	1391
28392	21	34	1286	1	0	1342
28393	11	10	39	1298	0	1358
28394	9	1328	11	30	0	1378
28395	14	31	1333	5	0	1383
28396	15	9	1336	8	0	1368
28397	10	1300	39	6	0	1355
28398	8	1334	17	7	0	1366
28399	10	1387	16	4	0	1417
28400	7	1388	12	3	0	1410
28401	1378	47	11	4	0	1440
28402	1417	19	10	1	0	1447
28403	45	14	1411	3	0	1473
28404	21	7	1422	4	0	1454
28405	16	12	43	1406	0	1477
28406	14	12	20	1441	0	1487
28407	15	7	20	1456	0	1498
28408	1434	7	11	44	0	1496
28409	38	1426	11	16	0	1491
28410	20	1487	11	10	0	1528
28411	19	1515	15	4	0	1553
28412	1478	60	7	8	0	1553
28413	1504	26	10	4	0	1544
28414	57	23	12	1465	0	1557
28415	1516	8	17	39	0	1580
28416	1538	12	9	12	0	1571
28417	72	11	8	1498	0	1589
28418	1505	9	13	50	0	1577
28419	55	1486	16	14	0	1571
28420	26	45	20	1490	0	1581
28421	25	15	1475	43	0	1558
28422	19	1479	52	9	0	1559
28423	25	46	1500	9	0	1580
28424	29	24	49	1424	0	1526
28425	16	1507	20	44	0	1587
28426	18	48	23	1486	0	1575
28427	20	22	20	1518	0	1580
28428	25	17	1474	46	0	1562
28429	18	11	1550	19	0	1598
28430	14	14	67	1529	0	1624
28431	17	13	32	1488	0	1550
28432	11	1531	33	50	0	1625
28433	1493	51	21	17	0	1582
28434	54	1497	28	11	0	1590
28435	20	1540	17	9	0	1586
28436	17	60	1469	12	0	1558
28437	12	1480	53	5	0	1550
28438	15	53	28	1372	0	1468
28439	22	1415	20	47	0	1504
28440	15	47	14	1362	0	1438
28441	10	1363	15	42	0	1430
28442	1366	41	12	14	0	1433
28443	53	1369	11	11	0	1444
28444	30	47	10	1197	0	1284
28445	23	1257	7	41	0	1328
28446	1264	50	12	12	0	1338
28447	1269	19	9	7	0	1304
28448	53	1241	10	11	0	1315
28449	1193	43	4	10	0	1250
28450	47	30	14	1142	0	1233
28451	16	17	1146	41	0	1220
28452	17	14	1178	17	0	1226
28453	12	1160	45	14	0	1231
28454	788	27	18	6	0	839
28455	788	7	9	4	0	808
28456	24	6	767	3	0	800
28457	6	6	780	4	0	796
28458	751	1	24	4	0	780
28459	772	5	15	4	0	796
28460	23	2	753	4	0	782
28461	715	4	16	6	0	741
28462	18	717	4	3	0	742
28463	7	763	3	2	0	775
28464	6	21	2	754	0	783
28465	2	5	7	766	0	780
28466	762	7	2	21	0	792
28467	773	5	1	8	0	787
28468	777	8	0	2	0	787
28469	20	4	1	766	0	791
28470	10	6	3	772	0	791
28471	4	733	3	19	0	759
28472	3	760	2	7	0	772
28473	8	770	2	6	0	786
28474	2	23	2	750	0	777
28475	7	760	1	13	0	781
28476	6	16	742	5	0	769
28477	698	11	12	4	0	725
28478	14	4	737	6	0	761
28479	7	3	738	9	0	757
28480	725	6	18	0	0	749
28481	17	738	6	5	0	766
28482	748	16	2	4	0	770
28483	750	5	3	5	0	763
28484	20	2	733	6	0	761
28485	7	4	749	5	0	765
28486	5	751	19	2	0	777
28487	3	19	755	4	0	781
28488	5	5	16	771	0	797
28489	5	7	8	675	0	695
28490	5	758	5	12	0	780
28491	5	786	2	8	0	801
28492	772	20	4	5	0	801
28493	803	9	6	6	0	824
28494	21	6	4	802	0	833
28495	9	7	4	827	0	847
28496	803	3	3	17	0	826
28497	819	6	5	4	0	834
28498	19	817	4	7	0	847
28499	768	13	4	2	0	787
28500	13	741	2	3	0	759
28501	4	765	3	2	0	774
28502	756	15	0	6	0	777
28503	751	3	2	4	0	760
28504	17	6	4	744	0	771
28505	729	5	2	12	0	748
28506	18	4	733	3	0	758
28507	7	739	10	3	0	759
28508	719	13	4	6	0	742
28509	13	3	733	4	0	753
28510	6	8	6	688	0	708
28511	6	687	4	5	0	702
28512	3	699	0	4	0	706
28513	707	7	4	6	0	724
28514	8	3	692	2	0	705
28515	669	4	6	0	0	679
28516	11	4	2	670	0	687
28517	8	0	668	6	0	682
28518	666	1	7	6	0	680
28519	8	701	5	1	0	715
28520	2	728	5	1	0	736
28521	739	13	0	1	0	753
28522	739	1	0	3	0	743
28523	747	2	4	3	0	756
28524	8	5	2	747	0	762
28525	3	5	2	745	0	755
28526	4	4	743	6	0	757
28527	6	0	720	4	0	730
28528	3	741	10	3	0	757
28529	3	11	2	693	0	709
28530	695	4	0	4	0	703
28531	5	687	1	4	0	697
28532	2	3	1	694	0	700
28533	689	1	2	6	0	698
28534	5	677	0	3	0	685
28535	1	718	1	1	0	721
28536	3	6	699	2	0	710
28537	690	2	5	1	0	698
28538	710	2	2	1	0	715
28539	6	2	685	1	0	694
28540	675	0	4	0	0	679
28541	7	1	691	0	0	699
28542	3	685	3	1	0	692
28543	1	4	1	678	0	684
28544	673	1	1	3	0	678
28545	3	661	1	1	0	666
28546	2	656	1	1	0	660
28547	655	3	1	0	0	659
28548	3	1	698	1	0	703
28549	673	0	4	0	0	677
28550	2	705	0	0	0	707
28551	0	2	676	1	0	679
28552	669	0	3	1	0	673
28553	698	0	0	1	0	699
28554	2	2	0	700	0	704
28555	0	2	1	708	0	711
28556	2	703	1	3	0	709
28557	2	2	695	0	0	699
28558	2	0	2	707	0	711
28559	2	0	735	4	0	741
28560	1	1	735	2	0	739
28561	3	1	5	784	0	793
28562	0	1	808	7	0	816
28563	3	0	791	1	0	795
28564	1	2	7	779	0	789
28565	1	4	793	6	0	804
28566	763	0	6	2	0	771
28567	8	780	2	0	0	790
28568	1	6	796	1	0	804
28569	1	1	834	1	0	837
28570	1	0	8	824	0	833
28571	875	0	3	7	0	885
28572	883	0	1	1	0	885
28573	875	1	1	2	0	879
28574	878	1	1	0	0	880
28575	9	2	0	862	0	873
28576	1	2	886	6	0	895
28577	886	0	6	1	0	893
28578	900	0	3	1	0	904
28579	901	0	1	1	0	903
28580	9	0	877	2	0	888
28581	857	0	6	0	0	863
28582	8	2	1	938	0	949
28583	3	951	0	6	0	960
28584	1	10	0	922	0	933
28585	2	940	1	7	0	950
28586	967	7	0	2	0	976
28587	9	1	977	0	0	987
28588	2	0	8	971	0	981
28589	0	979	2	7	0	988
28590	1	1009	0	2	0	1012
28591	995	9	1	4	0	1009
28592	992	2	0	0	0	994
28593	9	2	953	1	0	965
28594	958	1	8	1	0	968
28595	10	0	2	961	0	973
28596	1	0	980	10	0	991
28597	3	0	974	2	0	979
28598	1	1	11	1018	0	1031
28599	1058	1	3	12	0	1074
28600	14	4	1	1048	0	1067
28601	4	1	0	1059	0	1064
28602	1	0	3	1055	0	1059
28603	3	1062	1	15	0	1081
28604	2	12	1	1068	0	1083
28605	1048	3	0	12	0	1063
28606	10	1034	1	4	0	1049
28607	3	11	2	1059	0	1075
28608	1052	2	1	14	0	1069
28609	14	1022	0	4	0	1040
28610	3	1037	3	2	0	1045
28611	2	13	1	1037	0	1053
28612	1025	3	0	13	0	1041
28613	13	1	1020	5	0	1039
28614	5	1	1008	2	0	1016
28615	1016	1	14	1	0	1032
28616	1052	2	3	3	0	1060
28617	19	1059	0	1	0	1079
28618	2	13	2	1021	0	1038
28619	1	5	1016	14	0	1036
28620	3	1	991	4	0	999
28621	3	2	1058	3	0	1066
28622	2	1049	19	3	0	1073
28623	4	1063	4	1	0	1072
28624	1047	17	2	4	0	1070
28625	16	3	1053	1	0	1073
28626	1037	1	14	3	0	1055
28627	1059	2	3	3	0	1067
28628	18	1	1063	1	0	1083
28629	3	1082	15	4	0	1104
28630	6	12	3	1076	0	1097
28631	5	4	1098	14	0	1121
28632	3	3	1067	5	0	1078
28633	1057	3	16	2	0	1078
28634	16	1090	3	3	0	1112
28635	4	17	1	1052	0	1074
28636	7	3	2	1067	0	1079
28637	2	1054	4	17	0	1077
28638	5	1077	3	4	0	1089
28639	5	1092	3	3	0	1103
28640	3	22	1	1121	0	1147
28641	1165	4	2	19	0	1190
28642	22	3	1	1176	0	1202
28643	10	4	1167	16	0	1197
28644	5	1	1162	6	0	1174
28645	3	1	24	1168	0	1196
28646	3	3	1174	17	0	1197
28647	4	1177	20	6	0	1207
28648	2	21	5	1220	0	1248
28649	1281	4	2	21	0	1308
28650	1285	2	4	7	0	1298
28651	26	1278	3	5	0	1312
28652	1264	24	4	6	0	1298
28653	1296	5	6	7	0	1314
28654	1303	5	6	5	0	1319
28655	27	4	1198	2	0	1231
28656	1252	5	25	1	0	1283
28657	23	1256	6	5	0	1290
28658	12	17	1231	4	0	1264
28659	5	4	1229	3	0	1241
28660	6	1211	20	3	0	1240
28661	1169	23	6	6	0	1204
28662	22	5	3	1141	0	1171
28663	3	1126	4	18	0	1151
28664	1141	18	4	5	0	1168
28665	20	2	2	1154	0	1178
28666	1168	3	2	19	0	1192
28667	21	3	1	1174	0	1199
28668	4	1	1148	22	0	1175
28669	2	2	1123	5	0	1132
28670	6	4	1130	0	0	1140
28671	3	3	22	1106	0	1134
28672	8	4	4	1144	0	1160
28673	7	1	1119	24	0	1151
28674	10	1128	18	3	0	1159
28675	1135	23	5	2	0	1165
28676	1152	2	6	3	0	1163
28677	27	1141	4	3	0	1175
28678	9	21	4	1161	0	1195
28679	4	6	1173	19	0	1202
28680	1159	6	22	7	0	1194
28681	28	6	1168	1	0	1203
28682	8	2	1101	2	0	1113
28683	6	1	1117	4	0	1128
28684	1087	6	25	2	0	1120
28685	27	2	1090	4	0	1123
28686	5	1038	24	3	0	1070
28687	4	1066	8	3	0	1081
28688	8	19	3	1024	0	1054
28689	3	3	4	1048	0	1058
28690	4	5	1031	21	0	1061
28691	1010	1	21	11	0	1043
28692	1046	4	11	1	0	1062
28693	27	1	4	1031	0	1063
28694	1020	4	8	18	0	1050
28695	20	1029	1	7	0	1057
28696	1008	19	2	7	0	1036
28697	19	978	4	3	0	1004
28698	7	972	3	1	0	983
28699	941	18	2	10	0	971
28700	943	5	7	4	0	959
28701	969	3	8	4	0	984
28702	971	1	8	6	0	986
28703	17	3	931	2	0	953
28704	923	2	18	6	0	949
28705	20	2	7	918	0	947
28706	6	926	6	19	0	957
28707	920	14	8	2	0	944
28708	18	922	3	2	0	945
28709	918	16	7	2	0	943
28710	21	7	1	924	0	953
28711	7	4	4	935	0	950
28712	5	5	905	19	0	934
28713	8	3	927	8	0	946
28714	9	922	17	5	0	953
28715	912	14	6	3	0	935
28716	17	901	7	1	0	926
28717	7	900	3	7	0	917
28718	8	922	5	1	0	936
28719	8	22	897	3	0	930
28720	6	904	15	3	0	928
28721	833	20	7	1	0	861
28722	841	6	4	3	0	854
28723	28	1	1	818	0	848
28724	8	802	4	16	0	830
28725	7	827	8	5	0	847
28726	7	16	7	817	0	847
28727	5	5	831	15	0	856
28728	9	796	15	8	0	828
28729	4	22	6	777	0	809
28730	760	9	4	12	0	785
28731	767	5	1	8	0	781
28732	16	776	4	6	0	802
28733	786	14	4	3	0	807
28734	787	6	4	5	0	802
28735	20	3	5	771	0	799
28736	9	2	755	14	0	780
28737	7	775	14	2	0	798
28738	6	22	6	751	0	785
28739	6	9	743	11	0	769
28740	2	721	12	6	0	741
28741	673	16	5	3	0	697
28742	678	7	4	2	0	691
28743	19	4	5	656	0	684
28744	9	666	0	11	0	686
28745	7	16	663	5	0	691
28746	15	2	8	643	0	668
28747	2	7	659	13	0	681
28748	4	585	6	3	0	598
28749	9	12	6	511	0	538
28750	505	6	2	6	0	519
28751	6	510	1	3	0	520
28752	495	6	3	5	0	509
28753	494	6	0	3	0	503
28754	10	494	2	1	0	507
28755	6	8	1	492	0	507
28756	7	3	1	493	0	504
28757	6	472	1	8	0	487
28758	1	494	3	8	0	506
28759	0	11	3	473	0	487
28760	3	493	4	5	0	505
28761	487	7	2	5	0	501
28762	485	5	3	1	0	494
28763	9	5	478	1	0	493
28764	5	2	466	4	0	477
28765	473	3	3	2	0	481
28766	469	2	4	1	0	476
28767	5	480	2	1	0	488
28768	485	4	4	3	0	496
28769	473	4	2	5	0	484
28770	4	460	3	4	0	471
28771	466	6	1	2	0	475
28772	4	6	0	534	0	544
28773	6	4	0	552	0	562
28774	4	2	586	9	0	601
28775	4	565	8	2	0	579
28776	4	577	3	1	0	585
28777	547	14	3	10	0	574
28778	539	2	3	6	0	550
28779	531	0	2	3	0	536
28780	550	2	1	1	0	554
28781	8	3	528	0	0	539
28782	1	1	547	2	0	551
28783	1	559	6	1	0	567
28784	2	6	3	556	0	567
28785	3	3	0	559	0	565
28786	1	568	2	6	0	577
28787	2	6	1	555	0	564
28788	555	1	0	7	0	563
28789	7	550	1	2	0	560
28790	2	7	569	1	0	579
28791	1	576	6	0	0	583
28792	575	7	2	0	0	584
28793	6	2	565	6	0	579
28794	566	0	5	0	0	571
28795	577	0	2	3	0	582
28796	7	1	569	1	0	578
28797	1	0	551	1	0	553
28798	4	0	547	0	0	551
28799	534	3	6	0	0	543
28800	6	0	550	1	0	557
28801	2	543	5	1	0	551
28802	545	6	1	1	0	553
28803	6	1	547	1	0	555
28804	534	0	6	0	0	540
28805	6	1	530	0	0	537
28806	1	1	537	0	0	539
28807	0	559	6	1	0	566
28808	1	5	559	1	0	566
28809	1	2	546	0	0	549
28810	2	500	7	1	0	510
28811	531	6	1	0	0	538
28812	6	1	536	0	0	543
28813	1	4	7	508	0	520
28814	1	528	2	8	0	539
28815	537	5	1	3	0	546
28816	530	1	2	3	0	536
28817	6	2	532	0	0	540
28818	2	514	7	0	0	523
28819	0	534	3	1	0	538
28820	2	8	0	517	0	527
28821	2	503	2	5	0	512
28822	1	7	2	501	0	511
28823	2	3	1	530	0	536
28824	1	536	2	7	0	546
28825	4	6	2	530	0	542
28826	3	533	1	5	0	542
28827	3	6	522	2	0	533
28828	1	2	8	527	0	538
28829	1	2	1	531	0	535
28830	0	518	1	10	0	529
28831	1	538	1	1	0	541
28832	1	11	0	516	0	528
28833	1	519	2	7	0	529
28834	515	9	0	4	0	528
28835	9	3	0	517	0	529
28836	2	523	1	7	0	533
28837	507	7	2	1	0	517
28838	7	503	1	2	0	513
28839	3	6	499	2	0	510
28840	2	5	8	494	0	509
28841	500	1	3	8	0	512
28842	8	1	508	2	0	519
28843	2	1	10	489	0	502
28844	2	495	2	6	0	505
28845	2	6	494	2	0	504
28846	1	503	7	0	0	511
28847	473	7	4	0	0	484
28848	487	4	2	0	0	493
28849	10	480	3	0	0	493
28850	480	8	3	1	0	492
28851	10	1	476	2	0	489
28852	2	2	10	475	0	489
28853	2	1	4	476	0	483
28854	1	476	3	6	0	486
28855	525	7	5	1	0	538
28856	552	3	1	3	0	559
28857	9	2	563	0	0	574
28858	562	1	7	1	0	571
28859	561	3	2	1	0	567
28860	566	1	2	1	0	570
28861	8	2	3	551	0	564
28862	2	2	2	552	0	558
28863	2	556	1	9	0	568
28864	539	9	3	2	0	553
28865	545	2	1	2	0	550
28866	9	540	2	2	0	553
28867	1	10	2	526	0	539
28868	2	521	0	11	0	534
28869	1	544	1	5	0	551
28870	536	9	2	2	0	549
28871	8	4	523	3	0	538
28872	1	0	456	2	0	459
28873	0	459	5	1	0	465
28874	408	2	3	0	0	413
28875	2	0	406	0	0	408
28876	0	387	2	0	0	389
28877	379	2	0	0	0	381
28878	2	0	380	0	0	382
28879	0	0	3	378	0	381
28880	395	0	2	3	0	400
28881	3	0	398	2	0	403
28882	2	1	411	0	0	414
28883	0	0	423	0	0	423
28884	0	0	421	0	0	421
28885	396	0	6	1	0	403
28886	442	0	3	0	0	445
28887	7	435	0	0	0	442
28888	3	6	0	457	0	466
28889	0	3	0	488	0	491
28890	1	476	0	14	0	491
28891	1	6	0	499	0	506
28892	1	507	0	6	0	514
28893	0	508	0	6	0	514
28894	0	11	0	505	0	516
28895	0	7	517	7	0	531
28896	1	522	7	5	0	535
28897	1	7	5	525	0	538
28898	528	6	0	8	0	542
28899	7	2	522	6	0	537
28900	517	1	7	1	0	526
28901	543	1	5	0	0	549
28902	13	0	2	552	0	567
28903	6	0	574	10	0	590
28904	1	1	575	5	0	582
28905	0	604	16	1	0	621
28906	2	12	8	598	0	620
28907	0	7	599	11	0	617
28908	1	2	594	6	0	603
28909	1	595	18	1	0	615
28910	596	12	8	1	0	617
28911	615	6	0	1	0	622
28912	19	1	1	629	0	650
28913	7	0	658	13	0	678
28914	1	0	665	6	0	672
28915	0	683	22	1	0	706
28916	1	13	692	0	0	706
28917	2	6	687	0	0	695
28918	1	5	18	658	0	682
28919	0	2	693	14	0	709
28920	668	0	13	8	0	689
28921	13	2	6	698	0	719
28922	6	3	722	14	0	745
28923	1	738	13	7	0	759
28924	0	14	7	740	0	761
28925	0	8	747	15	0	770
28926	0	771	16	8	0	795
28927	1	15	7	763	0	786
28928	0	789	3	14	0	806
28929	2	13	2	797	0	814
28930	4	6	2	795	0	807
28931	1	1	788	21	0	811
28932	2	799	14	7	0	822
28933	2	12	6	804	0	824
28934	0	8	2	811	0	821
28935	0	2	3	822	0	827
28936	0	2	798	21	0	821
28937	0	792	15	9	0	816
28938	0	15	8	801	0	824
28939	1	6	796	14	0	817
28940	1	797	13	7	0	818
28941	1	14	6	803	0	824
28942	2	8	802	16	0	828
28943	2	808	15	10	0	835
28944	0	15	9	802	0	826
28945	0	9	3	830	0	842
28946	1	2	853	23	0	879
28947	809	1	17	11	0	838
28948	13	857	10	3	0	883
28949	866	14	3	3	0	886
28950	16	6	862	3	0	887
28951	855	2	18	1	0	876
28952	15	2	8	861	0	886
28953	7	1	3	884	0	895
28954	2	1	865	21	0	889
28955	794	3	15	9	0	821
28956	797	4	8	4	0	813
28957	19	787	2	3	0	811
28958	6	808	2	8	0	824
28959	809	21	5	1	0	836
28960	14	10	804	2	0	830
28961	7	839	11	4	0	861
28962	6	12	8	863	0	889
28963	3	7	2	886	0	898
28964	4	1	863	21	0	889
28965	853	2	18	12	0	885
28966	16	3	907	4	0	930
28967	906	2	18	1	0	927
28968	20	1	950	2	0	973
28969	8	962	17	3	0	990
28970	962	19	11	7	0	999
28971	969	7	6	4	0	986
28972	966	4	5	2	0	977
28973	976	3	3	1	0	983
28974	25	2	3	958	0	988
28975	10	2	946	21	0	979
28976	3	3	18	931	0	955
28977	1	947	11	16	0	975
28978	3	16	4	956	0	979
28979	2	7	950	19	0	978
28980	4	3	948	7	0	962
28981	2	2	22	925	0	951
28982	916	2	6	21	0	945
28983	916	1	7	4	0	928
28984	914	2	2	4	0	922
28985	24	3	912	5	0	944
28986	6	1	909	6	0	922
28987	2	906	21	4	0	933
28988	2	908	7	6	0	923
28989	866	14	15	5	0	900
28990	880	3	1	2	0	886
28991	16	879	2	2	0	899
28992	865	11	4	2	0	882
28993	873	2	3	2	0	880
28994	14	873	1	5	0	893
28995	873	12	3	2	0	890
28996	863	4	1	3	0	871
28997	15	871	3	1	0	890
28998	881	12	3	1	0	897
28999	878	5	5	1	0	889
29000	16	5	883	1	0	905
29001	6	0	867	0	0	873
29002	5	856	9	1	0	871
29003	2	852	5	3	0	862
29004	842	12	8	8	0	870
29005	822	4	2	2	0	830
29006	814	3	1	1	0	819
29007	12	803	2	0	0	817
29008	5	4	3	820	0	832
29009	3	2	837	8	0	850
29010	2	5	8	816	0	831
29011	5	836	1	7	0	849
29012	820	6	1	0	0	827
29013	7	793	1	2	0	803
29014	4	4	2	792	0	802
29015	827	2	1	7	0	837
29016	831	2	1	4	0	838
29017	9	0	817	1	0	827
29018	835	1	4	1	0	841
29019	872	2	1	3	0	878
29020	878	1	3	1	0	883
29021	7	2	2	843	0	854
29022	2	834	0	7	0	843
29023	7	5	0	851	0	863
29024	6	2	886	6	0	900
29025	3	877	8	1	0	889
29026	1	7	2	862	0	872
29027	1	2	859	8	0	870
29028	2	860	9	1	0	872
29029	2	7	1	836	0	846
29030	3	1	845	10	0	859
29031	795	3	9	0	0	807
29032	9	2	853	4	0	868
29033	2	1	856	2	0	861
29034	4	870	7	2	0	883
29035	1	8	2	871	0	882
29036	1	1	2	864	0	868
29037	2	848	4	7	0	861
29038	3	8	2	889	0	902
29039	889	1	1	11	0	902
29040	900	3	1	0	0	904
29041	8	2	876	3	0	889
29042	902	0	9	4	0	915
29043	938	1	2	1	0	942
29044	9	3	927	1	0	940
29045	1	924	10	3	0	938
29046	4	908	1	0	0	913
29047	5	10	2	847	0	864
29048	3	899	2	12	0	916
29049	3	12	849	1	0	865
29050	5	2	863	2	0	872
29051	3	907	12	2	0	924
29052	906	14	2	0	0	922
29053	924	3	3	1	0	931
29054	933	2	1	4	0	940
29055	922	5	1	4	0	932
29056	903	1	0	1	0	905
29057	11	898	1	2	0	912
29058	4	11	897	0	0	912
29059	5	0	13	893	0	911
29060	892	3	2	12	0	909
29061	15	861	2	0	0	878
29062	3	12	2	848	0	865
29063	3	1	852	13	0	869
29064	4	823	8	0	0	835
29065	1	860	1	2	0	864
29066	798	11	9	12	0	830
29067	10	806	2	0	0	818
29068	6	11	0	764	0	781
29069	754	1	1	12	0	768
29070	757	1	1	1	0	760
29071	758	2	0	1	0	761
29072	10	1	737	1	0	749
29073	3	737	11	0	0	751
29074	748	10	0	2	0	760
29075	10	0	0	757	0	767
29076	755	2	2	10	0	769
29077	9	731	2	2	0	744
29078	773	9	1	4	0	787
29079	845	1	2	2	0	850
29080	14	2	0	835	0	851
29081	4	1	879	14	0	898
29082	3	0	15	903	0	921
29083	905	2	1	14	0	922
29084	917	2	1	3	0	923
29085	16	886	1	2	0	905
29086	868	14	1	2	0	885
29087	15	874	1	4	0	894
29088	879	15	2	3	0	899
29089	874	3	1	4	0	882
29090	16	1	868	1	0	886
29091	4	875	13	0	0	892
29092	3	17	1	887	0	908
29093	4	3	4	901	0	912
29094	4	3	2	873	0	882
29095	3	889	1	14	0	907
29096	2	16	899	6	0	923
29097	1	3	918	2	0	924
29098	2	1120	16	2	0	1140
29099	1115	17	5	7	0	1144
29100	21	3	1121	1	0	1146
29101	1098	4	20	3	0	1125
29102	24	1109	5	2	0	1140
29103	9	20	1133	1	0	1163
29104	7	6	22	1108	0	1143
29105	6	5	1143	18	0	1172
29106	5	4	1173	6	0	1188
29107	2	1	26	1122	0	1151
29108	2	1130	8	19	0	1159
29109	3	1161	6	5	0	1175
29110	1151	23	5	5	0	1184
29111	21	6	1136	4	0	1167
29112	1148	6	20	4	0	1178
29113	1176	3	8	0	0	1187
29114	25	1174	5	2	0	1206
29115	1126	21	4	4	0	1155
29116	1141	6	4	0	0	1151
29117	1117	4	1	2	0	1124
29118	28	1079	3	1	0	1111
29119	7	1013	4	1	0	1025
29120	6	1067	3	3	0	1079
29121	1055	30	4	3	0	1092
29122	1064	8	5	5	0	1082
29123	27	5	1028	1	0	1061
29124	7	3	1019	1	0	1030
29125	1047	1	19	0	0	1067
29126	1060	4	6	0	0	1070
29127	1081	0	5	3	0	1089
29128	22	1	2	1053	0	1078
29129	9	0	3	1081	0	1093
29130	6	2	1	1079	0	1088
29131	3	1	1	1078	0	1083
29132	3	4	1022	24	0	1053
29133	1	2	1044	8	0	1055
29134	4	1	1044	2	0	1051
29135	4	1	1034	2	0	1041
29136	1026	0	22	1	0	1049
29137	19	1051	8	1	0	1079
29138	6	1085	5	1	0	1097
29139	1063	21	2	4	0	1090
29140	23	7	1052	3	0	1085
29141	10	3	1023	1	0	1037
29142	1036	6	23	1	0	1066
29143	1056	2	8	0	0	1066
29144	20	1040	5	3	0	1068
29145	10	13	3	1053	0	1079
29146	1059	4	1	17	0	1081
29147	1082	5	1	6	0	1094
29148	17	2	2	1082	0	1103
29149	10	1106	2	13	0	1131
29150	1105	12	1	9	0	1127
29151	19	6	1093	3	0	1121
29152	1080	3	15	3	0	1101
29153	19	1103	5	1	0	1128
29154	1117	15	5	3	0	1140
29155	1110	8	0	3	0	1121
29156	18	3	1109	2	0	1132
29157	9	1	1098	1	0	1109
29158	1110	2	18	2	0	1132
29159	1127	4	9	1	0	1141
29160	19	1135	5	1	0	1160
29161	7	15	3	1139	0	1164
29162	5	8	1124	13	0	1150
29163	1118	4	13	4	0	1139
29164	15	1	9	1126	0	1151
29165	5	4	7	1136	0	1152
29166	1129	2	1	19	0	1151
29167	14	1149	7	6	0	1176
29168	1162	12	4	6	0	1184
29169	1180	6	2	6	0	1194
29170	1191	6	4	2	0	1203
29171	20	1184	1	6	0	1211
29172	1202	11	3	4	0	1220
29173	15	10	5	1196	0	1226
29174	11	4	2	1198	0	1215
29175	9	2	1196	15	0	1222
29176	6	9	1170	8	0	1193
29177	7	1198	13	3	0	1221
29178	4	1215	8	2	0	1229
29179	5	14	1136	2	0	1157
29180	5	1162	11	0	0	1178
29181	1136	17	12	2	0	1167
29182	1152	4	2	3	0	1161
29183	1169	5	0	1	0	1175
29184	17	2	1	1127	0	1147
29185	7	4	1	1155	0	1167
29186	6	3	1169	10	0	1188
29187	6	1166	7	8	0	1187
29188	1162	8	3	5	0	1178
29189	7	1157	5	4	0	1173
29190	1176	11	1	2	0	1190
29191	1162	6	0	0	0	1168
29192	14	4	2	1133	0	1153
29193	11	1	2	1144	0	1158
29194	6	3	1	1161	0	1171
29195	6	2	1121	12	0	1141
29196	6	1099	7	6	0	1118
29197	1	1090	5	8	0	1104
29198	0	864	1	1	0	866
29199	0	864	0	1	0	865
29200	1	863	2	1	0	867
29201	850	2	0	0	0	852
29202	3	0	845	1	0	849
29203	0	829	1	2	0	832
29204	1	2	822	1	0	826
29205	1	833	2	2	0	838
29206	5	5	0	680	0	690
29207	2	0	0	801	0	803
29208	1	810	1	2	0	814
29209	810	2	1	1	0	814
29210	3	1	806	0	0	810
29211	0	822	1	2	0	825
29212	0	2	808	2	0	812
29213	0	2	2	805	0	809
29214	1	1	2	774	0	778
29215	1	800	0	2	0	803
29216	1	3	1	807	0	812
29217	1	2	1	816	0	820
29218	0	816	1	6	0	823
29219	1	4	812	0	0	817
29220	2	1	797	1	0	801
29221	786	0	3	2	0	791
29222	822	2	0	2	0	826
29223	2	1	1	798	0	802
29224	1	2	788	1	0	792
29225	1	3	1	763	0	768
29226	1	803	2	4	0	810
29227	0	3	799	1	0	803
29228	3	786	1	4	0	794
29229	2	2	783	0	0	787
29230	1	790	1	2	0	794
29231	790	1	1	3	0	795
29232	1	1	1	792	0	795
29233	1	0	2	786	0	789
29234	0	2	782	2	0	786
29235	1	2	758	2	0	763
29236	3	772	1	2	0	778
29237	761	5	0	1	0	767
29238	3	0	2	751	0	756
29239	2	0	764	2	0	768
29240	3	1	740	1	0	745
29241	711	2	3	1	0	717
29242	708	1	1	2	0	712
29243	1	1	724	1	0	727
29244	0	4	1	706	0	711
29245	1	708	1	2	0	712
29246	714	2	0	2	0	718
29247	2	712	0	1	0	715
29248	681	2	3	2	0	688
29249	2	667	1	0	0	670
29250	1	681	1	0	0	683
29251	2	2	0	673	0	677
29252	0	0	1	675	0	676
29253	0	672	2	1	0	675
29254	0	1	664	4	0	669
29255	1	1	649	2	0	653
29256	2	1	643	0	0	646
29257	646	0	3	2	0	651
29258	649	0	3	2	0	654
29259	2	671	0	1	0	674
29260	3	2	669	0	0	674
29261	1	1	2	668	0	672
29262	1	0	695	3	0	699
29263	0	3	705	0	0	708
29264	0	2	3	790	0	795
29265	1	0	0	837	0	838
29266	0	1	908	6	0	915
29267	939	0	5	4	0	948
29268	5	990	4	3	0	1002
29269	3	1004	2	4	0	1013
29270	3	8	2	987	0	1000
29271	998	5	1	8	0	1012
29272	8	1015	2	3	0	1028
29273	1018	15	0	4	0	1037
29274	11	1021	0	5	0	1037
29275	1090	13	1	4	0	1108
29276	15	7	1088	1	0	1111
29277	10	6	1098	1	0	1115
29278	7	10	10	1070	0	1097
29279	5	4	1078	9	0	1096
29280	5	1019	12	4	0	1040
29281	4	1011	12	4	0	1031
29282	1005	13	11	7	0	1036
29283	11	7	6	989	0	1013
29284	5	1008	3	12	0	1028
29285	1028	19	4	3	0	1054
29286	1011	9	2	6	0	1028
29287	1038	8	1	6	0	1053
29288	22	6	1	1020	0	1049
29289	13	4	2	1038	0	1057
29290	12	7	1029	14	0	1062
29291	13	1	1029	7	0	1050
29292	1024	0	17	10	0	1051
29293	14	1	9	1022	0	1046
29294	4	2	1022	16	0	1044
29295	1010	0	18	8	0	1036
29296	16	1064	8	4	0	1092
29297	1065	14	7	5	0	1091
29298	1083	5	4	7	0	1099
29299	1081	4	6	6	0	1097
29300	23	6	1054	2	0	1085
29301	1053	4	12	4	0	1073
29302	30	3	5	1017	0	1055
29303	18	1000	8	14	0	1040
29304	13	1049	6	8	0	1076
29305	1059	17	3	8	0	1087
29306	1060	9	5	9	0	1083
29307	1069	6	4	4	0	1083
29308	26	7	2	1041	0	1076
29309	16	6	1	1048	0	1071
29310	17	4	2	1019	0	1042
29311	15	1037	2	21	0	1075
29312	1022	16	1	14	0	1053
29313	1035	7	3	11	0	1056
29314	1051	5	3	9	0	1068
29315	28	4	1043	7	0	1082
29316	1050	5	17	3	0	1075
29317	28	6	7	989	0	1030
29318	19	1018	5	16	0	1058
29319	1026	17	2	7	0	1052
29320	1022	11	3	6	0	1042
29321	28	10	1019	5	0	1062
29322	21	4	14	1008	0	1047
29323	18	1033	4	18	0	1073
29324	1058	18	5	8	0	1089
29325	27	5	5	1063	0	1100
29326	13	6	2	1054	0	1075
29327	8	8	4	1067	0	1087
29328	11	6	4	1105	0	1126
29329	13	3	1085	29	0	1130
29330	11	1074	20	16	0	1121
29331	5	18	6	1096	0	1125
29332	7	9	1098	27	0	1141
29333	1096	10	19	11	0	1136
29334	1121	8	6	14	0	1149
29335	25	7	8	1116	0	1156
29336	1120	6	6	24	0	1156
29337	1148	3	6	12	0	1169
29338	31	4	1135	10	0	1180
29339	18	1121	16	8	0	1163
29340	1142	19	6	11	0	1178
29341	26	4	8	1138	0	1176
29342	1152	5	8	26	0	1191
29343	31	8	5	1143	0	1187
29344	14	4	5	1174	0	1197
29345	12	5	1137	30	0	1184
29346	1090	5	17	19	0	1131
29347	25	1147	8	17	0	1197
29348	13	20	1144	13	0	1190
29349	17	1140	23	9	0	1189
29350	1146	21	6	9	0	1182
29351	27	8	9	1135	0	1179
29352	1134	8	8	24	0	1174
29353	30	1139	6	10	0	1185
29354	1150	22	7	10	0	1189
29355	1176	9	6	10	0	1201
29356	1179	10	3	8	0	1200
29357	1158	6	3	9	0	1176
29358	34	1138	4	6	0	1182
29359	1154	21	1	6	0	1182
29360	33	10	1	1129	0	1173
29361	22	5	4	1120	0	1151
29362	18	1061	2	19	0	1100
29363	18	1046	3	12	0	1079
29364	10	1016	5	11	0	1042
29365	962	15	5	8	0	990
29366	21	861	0	8	0	890
29367	7	785	2	4	0	798
29368	765	10	15	4	0	794
29369	770	6	3	3	0	782
29370	14	771	1	3	0	789
29371	776	12	1	2	0	791
29372	14	2	752	3	0	771
29373	732	8	9	2	0	751
29374	18	3	749	2	0	772
29375	6	653	7	3	0	669
29376	5	660	1	3	0	669
29377	14	21	5	630	0	670
29378	647	4	2	13	0	666
29379	654	1	3	5	0	663
29380	673	1	2	2	0	678
29381	675	1	2	2	0	680
29382	659	4	0	3	0	666
29383	11	2	640	2	0	655
29384	3	4	633	3	0	643
29385	634	2	5	3	0	644
29386	6	656	2	3	0	667
29387	640	8	1	0	0	649
29388	653	2	0	2	0	657
29389	674	0	0	2	0	676
29390	665	2	4	3	0	674
29391	670	0	2	4	0	676
29392	8	2	671	2	0	683
29393	685	2	8	4	0	699
29394	692	2	3	2	0	699
29395	9	3	668	2	0	682
29396	639	1	2	3	0	645
29397	661	2	0	3	0	666
29398	11	0	688	3	0	702
29399	5	2	677	2	0	686
29400	5	690	5	1	0	701
29401	4	5	2	702	0	713
29402	5	1	702	4	0	712
29403	720	1	4	1	0	726
29404	7	2	1	754	0	764
29405	3	1	771	4	0	779
29406	770	2	6	2	0	780
29407	785	2	3	0	0	790
29408	791	3	2	4	0	800
29409	6	810	2	2	0	820
29410	4	4	1	805	0	814
29411	2	801	3	4	0	810
29412	814	4	1	2	0	821
29413	808	1	1	3	0	813
29414	8	1	790	0	0	799
29415	2	776	2	1	0	781
29416	2	777	1	0	0	780
29417	2	4	1	775	0	782
29418	2	3	0	774	0	779
29419	784	0	0	3	0	787
29420	4	776	0	0	0	780
29421	3	766	1	1	0	771
29422	1	5	765	2	0	773
29423	2	780	4	1	0	787
29424	764	3	1	1	0	769
29425	2	1	766	1	0	770
29426	705	4	3	2	0	714
29427	4	1	723	1	0	729
29428	663	0	2	1	0	666
29429	3	735	1	2	0	741
29430	781	3	0	0	0	784
29431	4	1	801	0	0	806
29432	811	0	3	2	0	816
29433	805	0	0	0	0	805
29434	4	2	824	0	0	830
29435	829	0	4	1	0	834
29436	845	0	1	0	0	846
29437	826	0	0	1	0	827
29438	3	814	1	0	0	818
29439	842	3	0	0	0	845
29440	4	3	847	0	0	854
29441	0	891	5	0	0	896
29442	901	4	3	0	0	908
29443	898	1	0	0	0	899
29444	905	1	0	1	0	907
29445	4	905	1	0	0	910
29446	1	5	0	1044	0	1050
29447	0	0	1040	10	0	1050
29448	1	0	12	1039	0	1052
29449	1	1	1056	14	0	1072
29450	1024	0	12	2	0	1038
29451	11	1058	3	3	0	1075
29452	2	13	3	1048	0	1066
29453	4	1055	0	12	0	1071
29454	1	14	2	1074	0	1091
29455	3	2	0	1072	0	1077
29456	1	1109	3	14	0	1127
29457	2	12	1	1123	0	1138
29458	1	3	0	1177	0	1181
29459	2	1169	0	13	0	1184
29460	1	1194	2	7	0	1204
29461	2	13	0	1200	0	1215
29462	3	6	1182	16	0	1207
29463	1	1197	15	3	0	1216
29464	1	15	3	1219	0	1238
29465	4	4	1241	15	0	1264
29466	3	1251	13	1	0	1268
29467	1240	16	3	6	0	1265
29468	18	3	1236	2	0	1259
29469	1225	5	16	3	0	1249
29470	22	2	5	1212	0	1241
29471	7	1	4	1223	0	1235
29472	8	4	2	1226	0	1240
29473	5	2	1203	22	0	1232
29474	2	5	1201	7	0	1215
29475	1178	2	17	7	0	1204
29476	19	1	7	1206	0	1233
29477	4	3	1216	20	0	1243
29478	1190	2	18	5	0	1215
29479	17	3	3	1209	0	1232
29480	7	4	6	1200	0	1217
29481	4	7	2	1208	0	1221
29482	3	1200	1	22	0	1226
29483	4	16	3	1187	0	1210
29484	3	1186	2	15	0	1206
29485	4	1201	4	8	0	1217
29486	1198	18	1	11	0	1228
29487	1151	7	1	11	0	1170
29488	1204	6	3	7	0	1220
29489	18	1169	5	5	0	1197
29490	1173	17	4	4	0	1198
29491	1184	5	3	5	0	1197
29492	17	7	2	1147	0	1173
29493	8	1	3	1159	0	1171
29494	6	4	1140	17	0	1167
29495	3	1148	15	12	0	1178
29496	1134	17	6	8	0	1165
29497	1133	7	4	5	0	1149
29498	18	1100	2	6	0	1126
29499	1106	14	2	8	0	1130
29500	1113	6	3	7	0	1129
29501	19	5	3	1089	0	1116
29502	8	1075	3	17	0	1103
29503	10	1085	1	6	0	1102
29504	1070	14	4	7	0	1095
29505	17	9	3	1048	0	1077
29506	9	6	1033	14	0	1062
29507	1023	1	10	9	0	1043
29508	16	0	1045	11	0	1072
29509	5	1029	18	4	0	1056
29510	1036	17	5	5	0	1063
29511	20	6	1024	6	0	1056
29512	6	9	12	1038	0	1065
29513	5	6	1072	15	0	1098
29514	7	1083	18	5	0	1113
29515	5	15	6	1087	0	1113
29516	6	8	1070	17	0	1101
29517	1056	6	14	6	0	1082
29518	16	1102	3	6	0	1127
29519	7	19	3	1082	0	1111
29520	6	1101	1	17	0	1125
29521	1091	21	4	4	0	1120
29522	1096	5	2	8	0	1111
29523	18	1084	4	6	0	1112
29524	10	15	1	1078	0	1104
29525	6	1094	2	16	0	1118
29526	1085	20	3	4	0	1112
29527	25	4	1079	3	0	1111
29528	12	6	1067	4	0	1089
29529	5	1045	16	6	0	1072
29530	5	1041	8	3	0	1057
29531	6	14	6	1006	0	1032
29532	1002	8	3	16	0	1029
29533	1006	6	3	6	0	1021
29534	981	2	4	7	0	994
29535	17	1025	4	5	0	1051
29536	7	16	2	1019	0	1044
29537	9	1031	2	10	0	1052
29538	1031	17	3	8	0	1059
29539	17	5	4	1011	0	1037
29540	9	7	985	16	0	1017
29541	10	974	12	4	0	1000
29542	954	13	4	10	0	981
29543	17	5	956	4	0	982
29544	949	8	9	3	0	969
29545	16	945	4	3	0	968
29546	1	831	0	3	0	835
29547	820	6	2	1	0	829
29548	3	833	2	3	0	841
29549	820	6	1	1	0	828
29550	6	821	2	2	0	831
29551	829	5	3	1	0	838
29552	829	2	1	3	0	835
29553	5	2	844	2	0	853
29554	2	4	821	1	0	828
29555	4	828	3	1	0	836
29556	797	5	3	2	0	807
29557	4	4	772	1	0	781
29558	727	2	3	1	0	733
29559	5	5	3	727	0	740
29560	2	1	742	2	0	747
29561	3	1	708	1	0	713
29562	1	1	756	0	0	758
29563	2	739	2	0	0	743
29564	5	15	3	708	0	731
29565	692	0	1	2	0	695
29566	2	1	0	696	0	699
29567	707	0	1	3	0	711
29568	3	0	2	709	0	714
29569	721	0	3	5	0	729
29570	751	2	1	3	0	757
29571	854	1	2	2	0	859
29572	6	889	1	1	0	897
29573	3	7	922	1	0	933
29574	2	2	6	919	0	929
29575	14	4	5	596	0	619
29576	4	1	0	942	0	947
29577	2	1	0	931	0	934
29578	2	909	0	7	0	918
29579	1	9	900	1	0	911
29580	2	908	8	0	0	918
29581	3	11	2	881	0	897
29582	1	1	1	925	0	928
29583	1	0	1	928	0	930
29584	3	1	0	922	0	926
29585	1	899	0	16	0	916
29586	0	899	2	2	0	903
29587	3	10	883	0	0	896
29588	0	1	8	884	0	893
29589	1	0	2	896	0	899
29590	0	0	1	917	0	918
29591	921	0	0	10	0	931
29592	8	924	0	2	0	934
29593	2	10	906	1	0	919
29594	920	2	9	1	0	932
29595	9	0	2	924	0	935
29596	937	0	2	10	0	949
29597	10	0	0	940	0	950
29598	944	1	0	10	0	955
29599	11	3	0	941	0	955
29600	949	1	1	8	0	959
29601	10	1	974	1	0	986
29602	4	0	7	970	0	981
29603	3	1000	0	12	0	1015
29604	2	13	0	1022	0	1037
29605	1020	1	1	15	0	1037
29606	11	1025	0	4	0	1040
29607	4	12	1	1074	0	1091
29608	1	1068	2	10	0	1081
29609	1	13	3	1082	0	1099
29610	0	5	2	1084	0	1091
29611	2	3	1064	16	0	1085
29612	2	3	12	1053	0	1070
29613	3	2	1017	14	0	1036
29614	3	1018	12	3	0	1036
29615	1011	16	2	3	0	1032
29616	12	3	1002	5	0	1022
29617	991	2	12	4	0	1009
29618	1032	1	2	4	0	1039
29619	16	1	2	1043	0	1062
29620	3	0	1095	15	0	1113
29621	1081	2	13	3	0	1099
29622	1146	4	4	3	0	1157
29623	21	0	2	1116	0	1139
29624	4	2	3	1136	0	1145
29625	7	1143	2	16	0	1168
29626	4	16	1	1140	0	1161
29627	1	1140	3	16	0	1160
29628	3	13	1131	6	0	1153
29629	1	4	11	1114	0	1130
29630	1107	1	4	13	0	1125
29631	1114	2	0	8	0	1124
29632	16	1101	1	1	0	1119
29633	1	13	1	1128	0	1143
29634	1129	2	2	15	0	1148
29635	13	1081	2	4	0	1100
29636	1089	11	1	6	0	1107
29637	13	4	1	1167	0	1185
29638	1235	3	1	14	0	1253
29639	14	2	1353	6	0	1375
29640	8	1364	20	1	0	1393
29641	1358	23	5	4	0	1390
29642	21	1407	3	4	0	1435
29643	1428	23	3	7	0	1461
29644	1456	6	2	5	0	1469
29645	35	2	1436	6	0	1479
29646	10	6	25	1430	0	1471
29647	1468	4	5	30	0	1507
29648	30	2	1449	6	0	1487
29649	1448	6	24	5	0	1483
29650	34	3	3	1465	0	1505
29651	11	3	1453	28	0	1495
29652	6	1	31	1439	0	1477
29653	1424	1	5	35	0	1465
29654	34	4	1453	8	0	1499
29655	12	3	31	1447	0	1493
29656	4	4	5	1495	0	1508
29657	1482	3	1	34	0	1520
29658	1488	1	6	12	0	1507
29659	33	1502	2	6	0	1543
29660	13	26	5	1497	0	1541
29661	7	9	5	1504	0	1525
29662	13	2	4	1490	0	1509
29663	1466	6	0	38	0	1510
29664	1489	4	3	11	0	1507
29665	39	4	1	1464	0	1508
29666	14	1457	4	29	0	1504
29667	9	27	2	1433	0	1471
29668	14	1456	5	28	0	1503
29669	1432	22	8	15	0	1477
29670	32	1397	4	6	0	1439
29671	1288	21	6	9	0	1324
29672	27	6	6	1263	0	1302
29673	1237	5	4	27	0	1273
29674	30	2	1205	12	0	1249
29675	10	1242	24	8	0	1284
29676	1242	20	9	9	0	1280
29677	1253	8	6	8	0	1275
29678	30	3	6	1219	0	1258
29679	13	1229	3	26	0	1271
29680	10	23	4	1273	0	1310
29681	15	4	3	1286	0	1308
29682	9	6	3	1298	0	1316
29683	1272	4	3	33	0	1312
29684	1285	2	4	16	0	1307
29685	29	4	2	1277	0	1312
29686	14	1269	2	27	0	1312
29687	1280	24	2	13	0	1319
29688	25	4	1263	14	0	1306
29689	11	10	16	1285	0	1322
29690	15	4	1267	26	0	1312
29691	13	7	18	1265	0	1303
29692	14	4	1271	30	0	1319
29693	9	5	21	1283	0	1318
29694	1280	8	5	30	0	1323
29695	1292	2	8	12	0	1314
29696	28	1256	5	9	0	1298
29697	1278	19	4	10	0	1311
29698	31	12	3	1274	0	1320
29699	12	8	4	1298	0	1322
29700	1278	9	11	33	0	1331
29701	33	2	1235	16	0	1286
29702	13	2	1236	15	0	1266
29703	13	10	1231	11	0	1265
29704	1216	4	25	11	0	1256
29705	31	5	1232	12	0	1280
29706	13	3	1187	17	0	1220
29707	1153	11	18	9	0	1191
29708	25	1175	8	11	0	1219
29709	11	18	9	1183	0	1221
29710	11	4	6	1221	0	1242
29711	8	4	1213	25	0	1250
29712	1187	4	21	18	0	1230
29713	1215	2	14	11	0	1242
29714	1175	4	6	13	0	1198
29715	29	7	1206	8	0	1250
29716	1196	6	19	8	0	1229
29717	24	5	1172	18	0	1219
29718	11	1167	22	9	0	1209
29719	10	1163	5	14	0	1192
29720	1110	20	5	7	0	1142
29721	26	1084	3	10	0	1123
29722	7	1092	8	7	0	1114
29723	1091	21	5	4	0	1121
29724	20	1083	8	5	0	1116
29725	1076	23	4	5	0	1108
29726	22	9	6	1103	0	1140
29727	13	5	9	1117	0	1144
29728	12	4	6	1128	0	1150
29729	8	11	4	1108	0	1131
29730	7	1097	7	28	0	1139
29731	1115	22	7	10	0	1154
29732	23	1197	5	6	0	1231
29733	13	1257	3	10	0	1283
29734	10	27	1305	8	0	1350
29735	1270	6	24	9	0	1309
29736	24	5	1355	8	0	1392
29737	14	4	1368	4	0	1390
29738	3	1307	31	7	0	1348
29739	1	1257	8	2	0	1268
29740	1278	22	11	2	0	1313
29741	18	1348	5	4	0	1375
29742	6	20	1331	0	0	1357
29743	3	1301	20	1	0	1325
29744	7	17	1303	3	0	1330
29745	1	4	1282	1	0	1288
29746	1247	2	24	3	0	1276
29747	19	3	1261	1	0	1284
29748	4	0	20	1233	0	1257
29749	1230	1	6	21	0	1258
29750	19	1212	2	4	0	1237
29751	3	18	1228	3	0	1252
29752	1222	4	17	7	0	1250
29753	20	4	5	1188	0	1217
29754	3	1146	5	17	0	1171
29755	3	17	1178	5	0	1203
29756	1166	6	18	2	0	1192
29757	18	3	1176	3	0	1200
29758	8	2	19	1166	0	1195
29759	4	2	1139	17	0	1162
29760	6	1	18	1131	0	1156
29761	1128	0	6	22	0	1156
29762	21	1148	2	6	0	1177
29763	1160	16	4	2	0	1182
29764	19	4	1164	2	0	1189
29765	11	3	19	1179	0	1212
29766	2	4	1193	18	0	1217
29767	1177	1	20	3	0	1201
29768	1184	0	6	5	0	1195
29769	22	1185	3	5	0	1215
29770	1195	18	2	2	0	1217
29771	1208	5	1	2	0	1216
29772	23	4	2	1187	0	1216
29773	8	2	1179	18	0	1207
29774	5	1153	19	6	0	1183
29775	5	16	3	1168	0	1192
29776	1160	3	3	20	0	1186
29777	18	3	1146	4	0	1171
29778	8	4	1148	3	0	1163
29779	6	3	1127	2	0	1138
29780	1103	3	24	3	0	1133
29781	18	4	1112	0	0	1134
29782	1101	3	24	0	0	1128
29783	22	2	1061	1	0	1086
29784	8	1090	24	0	0	1122
29785	5	16	8	1076	0	1105
29786	2	7	1081	18	0	1108
29787	1	1070	17	6	0	1094
29788	2	1087	5	3	0	1097
29789	3	21	4	1077	0	1105
29790	1064	6	5	18	0	1093
29791	19	5	2	1069	0	1095
29792	1046	5	3	21	0	1075
29793	23	3	5	1043	0	1074
29794	9	1	1037	19	0	1066
29795	6	3	1047	7	0	1063
29796	1023	1	24	10	0	1058
29797	1046	2	10	6	0	1064
29798	23	4	1009	5	0	1041
29799	1007	3	20	2	0	1032
29800	24	3	1005	1	0	1033
29801	10	979	21	1	0	1011
29802	6	981	5	5	0	997
29803	8	974	5	4	0	991
29804	4	23	7	954	0	988
29805	940	6	6	16	0	968
29806	954	8	4	6	0	972
29807	25	3	4	938	0	970
29808	10	2	909	19	0	940
29809	10	0	22	903	0	935
29810	9	2	907	20	0	938
29811	2	3	24	892	0	921
29812	889	2	9	20	0	920
29813	898	3	9	7	0	917
29814	892	4	6	7	0	909
29815	892	2	6	5	0	905
29816	28	3	3	866	0	900
29817	14	2	2	884	0	902
29818	873	4	5	22	0	904
29819	894	3	3	6	0	906
29820	26	1	3	873	0	903
29821	11	0	4	887	0	902
29822	7	1	6	868	0	882
29823	8	2	2	876	0	888
29824	853	1	2	28	0	884
29825	21	2	828	11	0	862
29826	9	2	19	812	0	842
29827	805	1	9	20	0	835
29828	21	1	800	8	0	830
29829	8	1	17	797	0	823
29830	9	1	796	19	0	825
29831	7	755	20	8	0	790
29832	14	12	10	661	0	697
29833	604	7	8	13	0	632
29834	16	13	4	525	0	558
29835	8	511	2	14	0	535
29836	6	459	2	7	0	474
29837	5	349	3	1	0	358
29838	6	335	0	3	0	344
29839	182	16	25	18	0	241
29840	8	5	6	133	0	152
29841	0	0	105	1	0	106
29842	0	1	1	99	0	101
29843	1	0	98	2	0	101
29844	101	0	0	0	0	101
29845	2	0	0	99	0	101
29846	2	1	0	97	0	100
29847	1	0	0	99	0	100
29848	0	1	0	100	0	101
29849	99	1	0	1	0	101
29850	101	0	0	0	0	101
29851	1	0	0	100	0	101
29852	92	0	1	2	0	95
29853	0	0	91	3	0	94
29854	0	91	1	2	0	94
29855	2	0	0	93	0	95
29856	1	0	1	89	0	91
29857	0	89	1	2	0	92
29858	1	0	0	90	0	91
29859	1	6	1	84	0	92
29860	90	0	1	1	0	92
29861	1	0	82	1	0	84
29862	0	1	72	1	0	74
29863	66	1	0	1	0	68
29864	1	0	59	1	0	61
29865	28	0	2	0	0	30
29866	19	0	1	0	0	20
29867	0	1	0	12	0	13
29868	0	0	11	0	0	11
29869	10	0	0	0	0	10
29870	0	10	0	0	0	10
29871	11	1	2	1	0	15
29872	32	0	1	0	0	33
29873	82	0	0	0	0	82
29874	245	0	0	0	0	245
29875	248	0	0	0	0	248
29876	265	0	0	0	0	265
29877	279	0	0	0	0	279
29878	279	0	0	0	0	279
29879	270	0	0	0	0	270
29880	279	0	0	0	0	279
29881	276	0	0	0	0	276
29882	272	0	0	0	0	272
29883	261	0	0	0	0	261
29884	190	0	0	0	0	190
29885	97	0	0	0	0	97
29886	238	0	0	0	0	238
29887	274	0	0	0	0	274
29888	269	0	0	0	0	269
29889	235	0	0	0	0	235
29890	259	0	0	0	0	259
29891	279	0	0	0	0	279
29892	278	0	0	0	0	278
29893	279	0	0	0	0	279
29894	278	0	0	0	0	278
29895	278	0	0	0	0	278
29896	279	0	0	0	0	279
29897	273	0	0	0	0	273
29898	278	0	0	0	0	278
29899	278	0	0	0	0	278
29900	260	0	0	0	0	260
29901	259	0	0	0	0	259
29902	232	0	4	0	0	236
29903	210	0	23	0	0	233
