Pos	A	C	G	T	Other	Total
1	0	0	0	0	0	0
2	0	0	0	0	0	0
3	0	0	0	2	0	2
4	7	0	1	0	0	8
5	17	0	0	0	0	17
6	20	0	0	0	0	20
7	0	0	20	0	0	20
8	0	0	19	0	0	19
9	0	0	0	27	0	27
10	0	0	0	28	0	28
11	0	0	0	30	0	30
12	93	0	0	5	0	98
13	1	0	0	241	0	242
14	433	0	0	4	0	437
15	0	741	0	0	0	741
16	2	1343	0	0	0	1345
17	7	2	0	2642	0	2651
18	0	1	1	2848	0	2850
19	2	3501	0	2	0	3505
20	1	3740	1	2	0	3744
21	0	4041	2	8	0	4051
22	4239	1	1	19	0	4260
23	2	1	4305	0	0	4308
24	5	1	4303	2	0	4311
25	4	0	2	4644	0	4650
26	5011	0	1	21	0	5033
27	5087	0	0	3	0	5090
28	2	5068	1	2	0	5073
29	6087	2	0	46	0	6135
30	6577	3	3	35	0	6618
31	6710	1	0	11	0	6722
32	3	6741	1	4	0	6749
33	1	6921	2	6	0	6930
34	7165	2	1	14	0	7182
35	7236	2	1	7	0	7246
36	4	7306	3	15	0	7328
37	2	7750	2	5	0	7759
38	7829	2	0	4	0	7835
39	7827	1	0	8	0	7836
40	4	7887	0	4	0	7895
41	5	1	0	8195	0	8201
42	4	5	0	8244	0	8253
43	5	1	1	8223	0	8230
44	3	8181	2	21	0	8207
45	9	3	8096	1	0	8109
46	7849	5	2	2	0	7858
47	2	4	2	8364	0	8372
48	6	8343	1	3	0	8353
49	4	2	1	8471	0	8478
50	1	8551	0	5	0	8557
51	0	5	0	8673	0	8678
52	2	3	0	8772	0	8777
53	5	2	8874	6	0	8887
54	1	2	5	8766	0	8774
55	8912	1	2	6	0	8921
56	7	1	8859	5	0	8872
57	8763	1	7	7	0	8778
58	6	2	1	9075	0	9084
59	1	9089	2	9	0	9101
60	1	6	0	9224	0	9231
61	2	1	9274	8	0	9285
62	1	5	5	9074	0	9085
63	3	1	2	9284	0	9290
64	3	9416	1	13	0	9433
65	5	5	1	9547	0	9558
66	24	9417	1	25	0	9467
67	1	5	2	9590	0	9598
68	9599	2	5	9	0	9615
69	9500	3	0	12	0	9515
70	9580	1	2	6	0	9589
71	19	9641	1	11	0	9672
72	4	8	9564	6	0	9582
73	9359	3	10	10	0	9382
74	9874	1	1	6	0	9882
75	15	10089	2	12	0	10118
76	10	24	3	7843	0	7880
77	4	7	0	7984	0	7995
78	10	3	0	7181	0	7194
79	7284	2	1	61	0	7348
80	7384	3	1	18	0	7406
81	7414	2	1	11	0	7428
82	7538	1	1	18	0	7558
83	59	2	1	7501	0	7563
84	21	7565	0	44	0	7630
85	13	39	1	7766	0	7819
86	7	17	7840	58	0	7922
87	11	5	53	8014	0	8083
88	3	2	8299	68	0	8372
89	9	3	62	8255	0	8329
90	6	5	8632	75	0	8718
91	5	3	8643	23	0	8674
92	3	9080	88	11	0	9182
93	11	83	25	9545	0	9664
94	4	20	9991	89	0	10104
95	6	7	91	9809	0	9913
96	2	10074	27	94	0	10197
97	10136	84	10	34	0	10264
98	85	10593	11	19	0	10708
99	27	89	12	10553	0	10681
100	7	10752	6	90	0	10855
101	9	97	10562	26	0	10694
102	9	29	10514	19	0	10571
103	7	10621	110	32	0	10770
104	9	98	25	10840	0	10972
105	21	28	10862	96	0	11007
106	16	10831	99	31	0	10977
107	10886	97	27	19	0	11029
108	100	28	14	10965	0	11107
109	32	23	11189	102	0	11346
110	10	11216	98	45	0	11369
111	17	93	34	11351	0	11495
112	12	35	17	11346	0	11410
113	11155	10	16	132	0	11313
114	92	20	11137	37	0	11286
115	26	20	100	10980	0	11126
116	16	18	10702	109	0	10845
117	8	10211	106	45	0	10370
118	10048	102	40	23	0	10213
119	94	10019	22	24	0	10159
120	26	109	15	9827	0	9977
121	16	9848	16	104	0	9984
122	9780	108	14	27	0	9929
123	99	9836	17	28	0	9980
124	30	118	9642	23	0	9813
125	19	9731	100	31	0	9881
126	9537	116	35	19	0	9707
127	105	35	9765	24	0	9929
128	32	28	116	9795	0	9971
129	9636	26	36	120	0	9818
130	120	21	23	9508	0	9672
131	9734	26	20	134	0	9914
132	9897	25	17	52	0	9991
133	155	13	19	9811	0	9998
134	61	23	18	9942	0	10044
135	9829	22	14	160	0	10025
136	9766	19	19	71	0	9875
137	155	18	16	9760	0	9949
138	9776	15	13	155	0	9959
139	9831	15	21	63	0	9930
140	161	9808	22	49	0	10040
141	75	120	20	9902	0	10117
142	9982	40	19	166	0	10207
143	10143	34	18	62	0	10257
144	171	24	12	10038	0	10245
145	62	23	18	10172	0	10275
146	10055	18	13	184	0	10270
147	145	10085	21	66	0	10317
148	62	131	12	10092	0	10297
149	38	57	10222	142	0	10459
150	31	31	125	9901	0	10088
151	32	10199	40	143	0	10414
152	44	118	10358	56	0	10576
153	26	48	130	10155	0	10359
154	52	24	56	9905	0	10037
155	37	33	10508	169	0	10747
156	9942	25	131	88	0	10186
157	140	11218	48	56	0	11462
158	11317	119	43	60	0	11539
159	145	59	11335	53	0	11592
160	67	34	11837	47	0	11985
161	11437	23	158	59	0	11677
162	152	12335	55	43	0	12585
163	12368	131	35	67	0	12601
164	154	12684	33	47	0	12918
165	89	138	12791	31	0	13049
166	12466	61	131	63	0	12721
167	160	37	13167	48	0	13412
168	87	25	134	13018	0	13264
169	13195	25	57	161	0	13438
170	13182	27	25	82	0	13316
171	166	13311	34	58	0	13569
172	99	265	25	13023	0	13412
173	47	13342	29	140	0	13558
174	60	118	13278	65	0	13521
175	71	141	133	12452	0	12797
176	34	12633	54	128	0	12849
177	53	123	34	12585	0	12795
178	12102	46	39	136	0	12323
179	102	23	17	12396	0	12538
180	44	12414	9	111	0	12578
181	44	84	18	12479	0	12625
182	38	53	16	12421	0	12528
183	24	12419	24	111	0	12578
184	28	88	18	12482	0	12616
185	42	35	12328	97	0	12502
186	32	12182	79	53	0	12346
187	11767	79	35	41	0	11922
188	81	28	11956	28	0	12093
189	48	24	11733	23	0	11828
190	35	11657	78	30	0	11800
191	61	111	55	11349	0	11576
192	29	27	11176	50	0	11282
193	27	9557	63	47	0	9694
194	26	52	18	10384	0	10480
195	18	27	25	10563	0	10633
196	10377	18	14	65	0	10474
197	40	10350	18	45	0	10453
198	29	43	9901	33	0	10006
199	37	23	9975	16	0	10051
200	23	28	59	9891	0	10001
201	20	10	32	10780	0	10842
202	18	15	16	11001	0	11050
203	14	12121	15	149	0	12299
204	30	146	12510	73	0	12759
205	16	91	157	13110	0	13374
206	16	13483	83	212	0	13794
207	15	14388	43	115	0	14561
208	13	332	15072	50	0	15467
209	21	142	304	15044	0	15511
210	17	66	16714	329	0	17126
211	27	39	386	16483	0	16935
212	23	39	166	17187	0	17415
213	22	30	16947	505	0	17504
214	11	16844	399	239	0	17493
215	16695	354	183	143	0	17375
216	355	177	17086	85	0	17703
217	149	16978	392	68	0	17587
218	77	17554	196	69	0	17896
219	51	539	16998	60	0	17648
220	16494	245	420	57	0	17216
221	394	161	190	16084	0	16829
222	156	17146	133	313	0	17748
223	17116	417	83	178	0	17794
224	415	211	82	16663	0	17371
225	184	16993	65	436	0	17678
226	17155	420	59	228	0	17862
227	415	212	16901	110	0	17638
228	175	16941	402	93	0	17611
229	16606	428	213	69	0	17316
230	404	16689	148	87	0	17328
231	16441	486	94	68	0	17089
232	451	275	66	15893	0	16685
233	211	16175	104	360	0	16850
234	131	426	82	16362	0	17001
235	16111	205	85	482	0	16883
236	404	156	15875	232	0	16667
237	217	110	16269	137	0	16733
238	139	99	524	15759	0	16521
239	102	121	251	16290	0	16764
240	119	95	168	16042	0	16424
241	88	15726	132	599	0	16545
242	73	446	15580	289	0	16388
243	98	241	415	15294	0	16048
244	85	15316	219	420	0	16040
245	112	16021	144	224	0	16501
246	87	514	15731	163	0	16495
247	94	307	15693	125	0	16219
248	70	194	16162	124	0	16550
249	101	140	576	15618	0	16435
250	106	124	16034	404	0	16668
251	88	110	532	15620	0	16350
252	87	110	15748	486	0	16431
253	14566	111	494	290	0	15461
254	404	15760	255	183	0	16602
255	207	16938	161	147	0	17453
256	166	587	17481	116	0	18350
257	16736	297	536	160	0	17729
258	17455	226	259	126	0	18066
259	17449	172	173	132	0	17926
260	734	150	16206	103	0	17193
261	346	96	16615	115	0	17172
262	205	111	744	15929	0	16989
263	16192	106	358	574	0	17230
264	16186	130	245	307	0	16868
265	690	118	15541	219	0	16568
266	15603	115	644	165	0	16527
267	664	112	333	15357	0	16466
268	284	166	15637	587	0	16674
269	188	158	15839	299	0	16484
270	15027	139	796	249	0	16211
271	572	119	15610	164	0	16465
272	15253	105	738	183	0	16279
273	655	102	15565	162	0	16484
274	309	14714	763	171	0	15957
275	215	15592	452	138	0	16397
276	209	698	298	14830	0	16035
277	199	340	293	15681	0	16513
278	197	216	15288	707	0	16408
279	191	203	671	14972	0	16037
280	233	14618	379	641	0	15871
281	204	15106	300	345	0	15955
282	216	15604	276	230	0	16326
283	222	768	268	15004	0	16262
284	249	408	15033	554	0	16244
285	222	264	15292	291	0	16069
286	225	218	796	14772	0	16011
287	213	181	412	15115	0	15921
288	257	166	307	14484	0	15214
289	231	14785	208	768	0	15992
290	14810	579	217	372	0	15978
291	14978	317	205	283	0	15783
292	735	14811	238	226	0	16010
293	421	592	14945	224	0	16182
294	15123	320	633	190	0	16266
295	680	263	15306	171	0	16420
296	15120	212	697	182	0	16211
297	15494	159	351	239	0	16243
298	15414	169	333	199	0	16115
299	15269	158	266	212	0	15905
300	816	15018	223	251	0	16308
301	14164	520	176	230	0	15090
302	613	14204	191	224	0	15232
303	12741	483	172	151	0	13547
304	503	12380	167	155	0	13205
305	245	381	11340	111	0	12077
306	181	1059	364	9620	0	11224
307	122	10373	229	294	0	11018
308	109	9867	122	144	0	10242
309	8873	418	281	217	0	9789
310	8251	104	57	71	0	8483
311	248	8337	61	43	0	8689
312	138	180	56	8068	0	8442
313	98	8767	54	169	0	9088
314	8901	197	51	75	0	9224
315	234	58	8925	53	0	9270
316	135	93	213	8533	0	8974
317	112	40	93	8649	0	8894
318	102	52	67	8752	0	8973
319	86	47	8597	224	0	8954
320	79	8423	204	97	0	8803
321	88	8835	91	65	0	9079
322	90	235	69	8994	0	9388
323	83	100	9171	193	0	9547
324	71	76	230	9056	0	9433
325	70	76	92	9279	0	9517
326	65	67	79	9267	0	9478
327	80	74	52	9329	0	9535
328	9062	60	62	277	0	9461
329	198	9160	60	139	0	9557
330	9202	223	76	110	0	9611
331	233	99	9175	88	0	9595
332	101	98	9410	76	0	9685
333	94	85	243	9167	0	9589
334	79	66	95	9338	0	9578
335	54	9510	82	257	0	9903
336	55	202	9523	151	0	9931
337	51	9623	226	129	0	10029
338	48	229	9731	113	0	10121
339	9170	106	224	98	0	9598
340	208	9792	95	87	0	10182
341	100	212	9839	71	0	10222
342	93	102	209	9644	0	10048
343	56	98	9772	226	0	10152
344	67	9677	214	126	0	10084
345	79	219	100	9452	0	9850
346	67	9676	82	220	0	10045
347	76	223	9640	119	0	10058
348	79	116	209	9511	0	9915
349	9549	97	72	232	0	9950
350	223	9488	74	96	0	9881
351	134	254	9344	55	0	9787
352	115	269	210	8889	0	9483
353	79	71	9343	195	0	9688
354	61	78	8457	87	0	8683
355	46	7860	199	68	0	8173
356	131	89	102	6833	0	7155
357	21	53	39	6857	0	6970
358	21	27	38	6776	0	6862
359	16	25	6938	102	0	7081
360	7	17	6902	47	0	6973
361	6440	22	88	40	0	6590
362	72	16	6853	26	0	6967
363	6451	17	83	25	0	6576
364	66	6745	36	30	0	6877
365	32	66	36	6650	0	6784
366	19	6938	24	71	0	7052
367	7	7067	27	42	0	7143
368	11	79	6922	39	0	7051
369	11	50	77	6811	0	6949
370	13	29	6931	80	0	7053
371	11	21	6504	46	0	6582
372	6488	18	86	40	0	6632
373	60	13	6832	27	0	6932
374	29	12	6664	29	0	6734
375	6419	24	85	34	0	6562
376	64	10	6653	29	0	6756
377	28	24	6710	28	0	6790
378	28	23	85	6353	0	6489
379	12	6614	50	67	0	6743
380	19	68	38	6686	0	6811
381	12	34	41	6564	0	6651
382	6713	22	39	91	0	6865
383	62	19	22	6670	0	6773
384	22	6821	39	81	0	6963
385	6735	76	23	48	0	6882
386	72	39	6797	25	0	6933
387	6596	32	83	31	0	6742
388	78	21	7151	21	0	7271
389	44	23	7327	23	0	7417
390	16	7591	126	28	0	7761
391	7800	89	64	32	0	7985
392	101	8009	35	33	0	8178
393	29	108	8059	28	0	8224
394	29	49	109	7558	0	7745
395	19	8181	49	94	0	8343
396	8354	112	38	39	0	8543
397	8371	42	44	25	0	8482
398	132	8365	33	29	0	8559
399	8635	115	40	16	0	8806
400	126	38	38	8350	0	8552
401	41	8526	34	137	0	8738
402	29	113	37	8779	0	8958
403	18	53	33	9446	0	9550
404	9728	45	32	153	0	9958
405	9611	34	28	60	0	9733
406	9705	29	27	48	0	9809
407	190	21	9584	38	0	9833
408	9555	26	147	29	0	9757
409	162	60	73	9821	0	10116
410	62	23	9915	136	0	10136
411	50	28	9642	49	0	9769
412	37	9776	161	37	0	10011
413	9069	135	71	31	0	9306
414	118	9547	38	27	0	9730
415	50	127	15	9700	0	9892
416	42	29	22	9877	0	9970
417	44	27	10197	138	0	10406
418	44	22	142	9776	0	9984
419	32	20	10385	138	0	10575
420	30	17	10161	50	0	10258
421	27	10441	143	35	0	10646
422	45	94	38	10227	0	10404
423	16	32	32	10148	0	10228
424	10130	19	22	120	0	10291
425	113	20	10123	43	0	10299
426	39	14	108	10319	0	10480
427	10503	13	32	126	0	10674
428	108	16	10582	38	0	10744
429	10408	12	115	41	0	10576
430	10709	19	44	20	0	10792
431	135	19	10927	32	0	11113
432	51	23	115	10662	0	10851
433	38	11	41	10824	0	10914
434	30	19	11050	140	0	11239
435	10784	12	127	65	0	10988
436	11154	11	46	44	0	11255
437	10816	20	44	39	0	10919
438	10953	16	46	32	0	11047
439	10885	21	34	26	0	10966
440	181	53	9246	66	0	9546
441	58	24	10920	38	0	11040
442	43	11000	140	53	0	11236
443	49	111	11111	38	0	11309
444	43	48	140	10915	0	11146
445	97	51	109	8433	0	8690
446	66	22	39	11140	0	11267
447	61	30	40	11187	0	11318
448	75	21	11145	153	0	11394
449	60	10815	126	78	0	11079
450	57	11220	63	48	0	11388
451	52	133	47	10962	0	11194
452	51	11359	40	123	0	11573
453	11394	129	42	60	0	11625
454	11389	44	38	60	0	11531
455	184	11564	28	61	0	11837
456	93	120	37	11607	0	11857
457	78	32	43	11823	0	11976
458	63	28	11771	182	0	12044
459	10896	20	161	93	0	11170
460	11965	29	69	66	0	12129
461	188	12138	54	51	0	12431
462	12326	143	55	57	0	12581
463	208	63	12495	52	0	12818
464	92	12269	174	74	0	12609
465	56	12696	74	71	0	12897
466	56	12680	60	78	0	12874
467	70	213	61	12593	0	12937
468	12622	75	57	227	0	12981
469	245	60	49	12969	0	13323
470	147	43	13380	237	0	13807
471	125	47	272	13445	0	13889
472	116	46	13835	289	0	14286
473	88	42	303	13348	0	13781
474	78	52	128	13344	0	13602
475	73	13690	101	324	0	14188
476	13854	275	113	132	0	14374
477	285	85	92	13549	0	14011
478	108	13826	60	306	0	14300
479	13898	283	67	119	0	14367
480	11827	144	91	157	0	12219
481	13906	82	79	113	0	14180
482	323	13798	66	136	0	14323
483	110	259	13908	106	0	14383
484	94	94	295	13779	0	14262
485	89	129	140	13424	0	13782
486	89	13750	115	318	0	14272
487	93	272	13630	145	0	14140
488	87	77	13412	146	0	13722
489	12919	73	286	113	0	13391
490	321	100	115	12960	0	13496
491	115	36	13180	260	0	13591
492	103	13112	244	110	0	13569
493	128	261	93	12526	0	13008
494	109	13210	90	204	0	13613
495	95	234	13049	76	0	13454
496	12311	77	261	79	0	12728
497	12953	58	108	78	0	13197
498	268	12903	83	99	0	13353
499	102	220	57	12787	0	13166
500	96	61	12783	245	0	13185
501	94	12614	233	93	0	13034
502	12416	239	71	76	0	12802
503	208	11823	42	57	0	12130
504	59	11878	36	38	0	12011
505	105	238	42	11568	0	11953
506	41	11759	19	167	0	11986
507	11712	218	30	58	0	12018
508	198	80	16	11694	0	11988
509	49	39	11319	197	0	11604
510	38	40	10943	52	0	11073
511	42	67	192	10891	0	11192
512	18	11009	59	169	0	11255
513	11037	180	46	59	0	11322
514	178	47	32	10612	0	10869
515	50	43	10503	186	0	10782
516	41	38	171	10443	0	10693
517	26	29	43	10342	0	10440
518	10141	35	35	224	0	10435
519	171	30	33	9994	0	10228
520	58	22	9749	204	0	10033
521	47	31	9588	60	0	9726
522	41	35	194	9724	0	9994
523	33	22	72	9870	0	9997
524	17	33	9974	210	0	10234
525	8998	25	193	93	0	9309
526	182	35	9728	69	0	10014
527	58	9643	187	41	0	9929
528	50	192	61	9745	0	10048
529	35	42	9752	199	0	10028
530	36	50	9629	63	0	9778
531	38	36	200	9272	0	9546
532	9353	23	76	216	0	9668
533	179	34	9567	73	0	9853
534	46	9488	194	59	0	9787
535	9553	177	70	66	0	9866
536	189	67	9579	53	0	9888
537	9285	41	181	70	0	9577
538	9620	36	71	52	0	9779
539	211	9774	69	43	0	10097
540	84	169	51	9241	0	9545
541	53	9536	37	170	0	9796
542	57	193	9481	63	0	9794
543	9411	64	180	72	0	9727
544	9831	50	81	49	0	10011
545	217	52	9768	35	0	10072
546	98	32	9720	52	0	9902
547	67	10046	222	38	0	10373
548	10301	203	84	35	0	10623
549	219	59	57	10250	0	10585
550	79	49	61	9978	0	10167
551	51	10174	53	213	0	10491
552	10094	191	34	101	0	10420
553	194	61	10267	59	0	10581
554	65	51	204	10630	0	10950
555	10944	43	67	243	0	11297
556	271	11248	62	67	0	11648
557	94	251	12729	45	0	13119
558	63	75	13144	58	0	13340
559	73	171	447	12571	0	13262
560	37	13054	146	348	0	13585
561	57	394	13137	95	0	13683
562	51	123	407	12880	0	13461
563	13122	66	109	420	0	13717
564	393	42	13420	102	0	13957
565	101	102	414	13265	0	13882
566	81	27	13584	426	0	14118
567	57	22	13973	105	0	14157
568	65	195	506	13337	0	14103
569	48	20	13638	400	0	14106
570	11879	23	432	131	0	12465
571	340	22	13105	70	0	13537
572	12362	14	380	47	0	12803
573	357	12862	121	38	0	13378
574	13408	316	77	62	0	13863
575	347	13693	63	27	0	14130
576	104	355	47	13777	0	14283
577	65	95	39	14407	0	14606
578	51	61	14109	421	0	14642
579	38	35	14326	140	0	14539
580	32	29	438	14453	0	14952
581	36	26	14773	377	0	15212
582	30	30	434	14171	0	14665
583	27	14213	146	390	0	14776
584	35	14942	112	132	0	15221
585	51	437	78	14634	0	15200
586	37	140	76	14873	0	15126
587	41	92	14549	446	0	15128
588	34	76	378	14224	0	14712
589	40	14069	129	432	0	14670
590	22	14125	103	138	0	14388
591	33	14461	73	118	0	14685
592	37	420	68	13700	0	14225
593	30	13942	78	362	0	14412
594	13772	398	80	119	0	14369
595	353	111	84	13821	0	14369
596	92	74	13736	400	0	14302
597	82	59	380	13585	0	14106
598	50	65	13890	423	0	14428
599	52	59	13893	144	0	14148
600	42	58	13908	130	0	14138
601	48	13760	437	110	0	14355
602	35	362	13993	78	0	14468
603	13766	105	423	104	0	14398
604	14151	98	161	80	0	14490
605	14534	57	134	86	0	14811
606	441	59	98	14313	0	14911
607	14275	49	102	415	0	14841
608	409	13935	109	140	0	14593
609	129	14925	96	135	0	15285
610	14818	415	90	113	0	15436
611	400	147	14986	99	0	15632
612	134	123	397	14874	0	15528
613	110	84	15210	410	0	15814
614	79	84	15212	162	0	15537
615	46	15114	473	152	0	15785
616	61	395	233	14362	0	15051
617	35	132	179	15517	0	15863
618	15123	119	114	489	0	15845
619	382	15044	113	209	0	15748
620	142	15633	116	164	0	16055
621	137	445	15344	139	0	16065
622	99	15597	411	101	0	16208
623	15341	457	180	120	0	16098
624	15438	187	177	119	0	15921
625	449	138	15661	116	0	16364
626	154	105	15817	146	0	16222
627	131	96	577	14925	0	15729
628	109	120	297	15063	0	15589
629	88	15124	241	489	0	15942
630	115	440	178	15183	0	15916
631	128	156	180	15291	0	15755
632	129	15121	158	558	0	15966
633	142	399	158	15095	0	15794
634	92	158	206	14777	0	15233
635	82	14427	178	598	0	15285
636	85	381	14568	272	0	15306
637	92	142	521	14795	0	15550
638	14816	140	226	496	0	15678
639	14778	133	225	168	0	15304
640	536	134	14457	147	0	15274
641	14036	152	451	153	0	14792
642	14700	163	156	142	0	15161
643	484	14457	136	184	0	15261
644	207	438	14060	197	0	14902
645	138	171	14193	225	0	14727
646	89	171	501	14496	0	15257
647	14510	108	267	504	0	15389
648	15105	109	229	211	0	15654
649	489	133	181	15964	0	16767
650	17196	148	119	606	0	18069
651	18149	140	156	222	0	18667
652	17871	159	174	244	0	18448
653	676	162	17536	188	0	18562
654	246	111	17730	180	0	18267
655	17171	57	578	190	0	17996
656	504	71	17308	161	0	18044
657	123	15646	323	62	0	16154
658	174	353	212	15231	0	15970
659	60	76	15799	249	0	16184
660	59	45	15633	65	0	15802
661	79	115	311	15001	0	15506
662	50	26	15574	240	0	15890
663	48	22	15215	68	0	15353
664	43	14000	262	62	0	14367
665	41	15155	84	35	0	15315
666	15276	256	69	33	0	15634
667	254	78	29	15080	0	15441
668	15244	29	39	232	0	15544
669	252	19	15252	51	0	15574
670	77	28	236	14937	0	15278
671	62	25	68	15371	0	15526
672	15165	21	55	276	0	15517
673	214	15215	32	93	0	15554
674	103	221	14069	51	0	14444
675	83	59	14576	32	0	14750
676	35	14754	251	45	0	15085
677	45	212	14586	31	0	14874
678	32	14497	234	20	0	14783
679	36	14032	71	34	0	14173
680	50	235	13903	42	0	14230
681	13392	68	221	15	0	13696
682	214	31	60	14099	0	14404
683	52	14358	42	203	0	14655
684	38	199	33	14440	0	14710
685	14424	51	28	208	0	14711
686	14452	39	25	61	0	14577
687	14463	18	36	39	0	14556
688	266	14	14249	21	0	14550
689	71	22	212	13970	0	14275
690	30	14402	70	201	0	14703
691	14911	199	36	68	0	15214
692	211	51	31	14964	0	15257
693	78	35	31	14748	0	14892
694	50	26	23	15324	0	15423
695	42	23	14863	271	0	15199
696	13877	21	223	92	0	14213
697	241	14908	59	53	0	15261
698	72	213	41	14930	0	15256
699	72	48	30	15112	0	15262
700	14967	25	36	279	0	15307
701	252	25	14436	88	0	14801
702	84	22	15253	46	0	15405
703	60	15345	265	41	0	15711
704	40	207	15885	36	0	16168
705	14851	79	268	54	0	15252
706	219	15892	89	48	0	16248
707	67	238	16166	37	0	16508
708	14873	74	266	54	0	15267
709	247	60	16607	35	0	16949
710	76	16677	284	48	0	17085
711	67	241	93	16712	0	17113
712	53	91	52	17021	0	17217
713	60	53	16669	286	0	17068
714	76	34	16242	100	0	16452
715	56	16503	304	69	0	16932
716	16354	257	113	54	0	16778
717	237	16905	90	56	0	17288
718	106	265	58	16903	0	17332
719	65	94	16766	265	0	17190
720	15540	65	296	104	0	16005
721	263	43	118	16416	0	16840
722	100	16204	90	249	0	16643
723	43	16991	93	88	0	17215
724	48	305	65	16922	0	17340
725	40	123	75	17146	0	17384
726	16879	73	69	308	0	17329
727	259	64	61	17199	0	17583
728	98	65	17224	297	0	17684
729	16853	48	274	122	0	17297
730	17498	51	98	91	0	17738
731	319	57	17561	77	0	18014
732	17238	50	292	72	0	17652
733	318	48	91	18161	0	18618
734	113	55	61	18362	0	18591
735	93	60	57	18496	0	18706
736	78	52	67	17997	0	18194
737	64	18145	69	326	0	18604
738	18507	279	66	125	0	18977
739	18968	119	52	102	0	19241
740	366	69	18988	91	0	19514
741	19405	42	305	96	0	19848
742	20566	53	112	74	0	20805
743	20915	54	75	90	0	21134
744	21672	55	73	76	0	21876
745	479	21401	50	80	0	22010
746	167	458	48	21122	0	21795
747	106	109	21263	386	0	21864
748	95	70	20249	132	0	20546
749	18404	249	519	143	0	19315
750	18470	122	264	57	0	18913
751	297	17751	46	37	0	18131
752	18001	215	42	40	0	18298
753	265	18212	21	32	0	18530
754	125	244	35	18478	0	18882
755	18953	66	26	274	0	19319
756	18822	42	14	91	0	18969
757	18955	18	21	53	0	19047
758	309	18711	26	32	0	19078
759	18821	228	18	45	0	19112
760	287	74	20	18805	0	19186
761	19110	46	29	240	0	19425
762	303	29	18452	72	0	18856
763	99	18733	247	54	0	19133
764	18859	241	75	31	0	19206
765	286	68	18924	30	0	19308
766	142	63	234	18888	0	19327
767	85	39	19302	242	0	19668
768	64	39	19227	83	0	19413
769	70	41	296	19068	0	19475
770	79	24	19837	270	0	20210
771	84	29	272	19622	0	20007
772	73	29	88	19883	0	20073
773	20189	23	53	306	0	20571
774	308	20137	29	126	0	20600
775	115	20890	42	70	0	21117
776	81	21515	44	53	0	21693
777	81	400	21341	38	0	21860
778	94	131	333	20917	0	21475
779	57	70	21865	325	0	22317
780	20840	39	367	115	0	21361
781	21644	34	117	86	0	21881
782	386	21750	82	61	0	22279
783	152	333	50	21370	0	21905
784	85	21943	59	324	0	22411
785	22044	370	35	113	0	22562
786	384	104	38	22013	0	22539
787	128	87	22015	365	0	22595
788	98	21696	351	127	0	22272
789	65	366	22013	78	0	22522
790	79	113	384	21693	0	22269
791	67	74	21912	376	0	22429
792	20754	60	417	130	0	21361
793	370	49	21926	94	0	22439
794	117	21981	404	72	0	22574
795	109	358	120	21997	0	22584
796	73	96	101	22516	0	22786
797	22029	83	60	449	0	22621
798	22207	71	62	157	0	22497
799	442	21791	60	93	0	22386
800	152	368	21620	80	0	22220
801	118	103	21383	81	0	21685
802	20982	88	447	76	0	21593
803	419	59	21238	62	0	21778
804	157	65	20729	60	0	21011
805	111	67	20636	65	0	20879
806	88	68	20592	74	0	20822
807	92	20444	484	74	0	21094
808	20545	396	194	79	0	21214
809	427	135	134	19874	0	20570
810	19880	100	101	377	0	20458
811	426	19707	96	125	0	20354
812	19742	406	71	118	0	20337
813	443	20137	102	71	0	20753
814	171	414	96	19759	0	20440
815	121	20541	102	385	0	21149
816	112	438	20310	110	0	20970
817	105	20721	425	96	0	21347
818	106	454	167	22319	0	23046
819	22471	150	130	458	0	23209
820	474	120	112	22497	0	23203
821	197	97	22402	501	0	23197
822	171	95	471	21813	0	22550
823	107	22317	189	473	0	23086
824	109	474	22323	176	0	23082
825	22115	173	493	145	0	22926
826	512	109	211	22880	0	23712
827	22225	96	163	496	0	22980
828	22556	110	137	183	0	22986
829	548	22524	124	168	0	23364
830	21858	490	145	122	0	22615
831	22587	193	117	128	0	23025
832	569	22446	118	128	0	23261
833	245	460	115	22319	0	23139
834	176	177	122	22317	0	22792
835	123	22337	115	546	0	23121
836	105	501	106	22782	0	23494
837	104	192	22587	532	0	23415
838	153	222	476	22213	0	23064
839	118	96	22154	541	0	22909
840	144	105	20896	208	0	21353
841	107	20585	536	151	0	21379
842	99	20660	210	128	0	21097
843	124	21209	146	108	0	21587
844	186	501	154	20138	0	20979
845	88	184	20480	382	0	21134
846	20044	118	399	151	0	20712
847	409	83	163	20751	0	21406
848	136	101	20718	398	0	21353
849	110	75	20738	152	0	21075
850	72	21001	460	128	0	21661
851	90	410	205	20707	0	21412
852	20305	149	125	385	0	20964
853	359	19998	95	149	0	20601
854	141	19795	97	112	0	20145
855	89	19662	80	97	0	19928
856	90	513	76	19295	0	19974
857	48	20002	75	378	0	20503
858	74	441	78	20836	0	21429
859	68	173	88	21362	0	21691
860	84	122	20921	553	0	21680
861	19223	100	439	251	0	20013
862	445	82	21286	119	0	21932
863	157	165	466	21039	0	21827
864	106	105	21326	460	0	21997
865	67	20988	482	188	0	21725
866	20687	459	223	164	0	21533
867	465	205	141	20172	0	20983
868	154	109	78	20639	0	20980
869	20318	81	93	552	0	21044
870	19985	63	92	221	0	20361
871	20544	84	73	133	0	20834
872	556	76	20066	106	0	20804
873	18865	65	391	100	0	19421
874	438	19206	132	107	0	19883
875	155	19105	70	86	0	19416
876	153	443	96	18174	0	18866
877	90	186	44	17926	0	18246
878	76	17933	56	434	0	18499
879	72	381	49	17961	0	18463
880	17687	139	49	429	0	18304
881	346	95	17744	187	0	18372
882	141	17614	344	120	0	18219
883	17003	357	122	129	0	17611
884	332	17415	91	111	0	17949
885	133	384	17357	88	0	17962
886	123	179	348	17135	0	17785
887	86	111	17276	335	0	17808
888	63	17102	358	163	0	17686
889	83	360	138	17058	0	17639
890	71	153	16983	360	0	17567
891	86	120	17025	163	0	17394
892	64	102	411	17066	0	17643
893	16994	60	175	375	0	17604
894	17215	71	123	142	0	17551
895	17240	83	74	130	0	17527
896	451	64	17275	107	0	17897
897	180	17230	355	86	0	17851
898	117	375	148	17205	0	17845
899	78	148	97	16962	0	17285
900	90	17234	72	409	0	17805
901	17196	357	77	197	0	17827
902	356	171	62	17378	0	17967
903	154	108	17264	374	0	17900
904	88	17233	341	204	0	17866
905	16841	356	181	140	0	17518
906	330	17137	118	148	0	17733
907	167	393	96	16913	0	17569
908	108	163	112	17115	0	17498
909	108	120	97	17183	0	17508
910	105	113	16955	441	0	17614
911	99	129	339	16367	0	16934
912	106	16288	190	420	0	17004
913	77	16460	128	226	0	16891
914	137	407	16042	165	0	16751
915	14833	185	333	158	0	15509
916	15892	126	156	186	0	16360
917	411	15648	119	136	0	16314
918	14067	275	140	118	0	14600
919	14081	122	56	88	0	14347
920	339	14278	72	86	0	14775
921	163	284	80	14383	0	14910
922	125	133	14713	302	0	15273
923	108	117	14169	140	0	14534
924	14387	137	339	131	0	14994
925	298	14744	119	148	0	15309
926	140	290	93	14626	0	15149
927	93	155	74	14858	0	15180
928	108	92	71	14876	0	15147
929	14656	93	79	371	0	15199
930	319	83	106	14673	0	15181
931	155	95	85	14779	0	15114
932	110	107	14228	358	0	14803
933	13267	95	274	164	0	13800
934	281	14005	121	149	0	14556
935	13814	244	103	128	0	14289
936	274	13593	93	91	0	14051
937	128	269	80	13550	0	14027
938	13572	124	72	287	0	14055
939	13704	77	107	134	0	14022
940	323	80	13315	103	0	13821
941	13608	73	252	109	0	14042
942	321	85	13696	103	0	14205
943	141	79	13122	100	0	13442
944	122	75	13056	104	0	13357
945	111	75	14186	79	0	14451
946	93	127	379	14478	0	15077
947	72	70	14815	356	0	15313
948	76	66	383	14571	0	15096
949	14616	69	166	401	0	15252
950	360	75	120	14594	0	15149
951	14337	55	90	458	0	14940
952	369	14414	88	191	0	15062
953	176	377	74	14513	0	15140
954	153	135	14430	386	0	15104
955	101	15002	337	186	0	15626
956	113	528	174	14563	0	15378
957	91	121	14628	387	0	15227
958	55	14080	284	132	0	14551
959	55	14318	117	106	0	14596
960	88	355	14063	66	0	14572
961	69	244	331	13468	0	14112
962	41	92	13576	283	0	13992
963	13017	39	343	99	0	13498
964	13590	23	112	83	0	13808
965	333	13404	96	44	0	13877
966	13581	270	43	45	0	13939
967	343	97	39	13531	0	14010
968	120	81	13408	284	0	13893
969	12883	35	291	108	0	13317
970	315	19	13174	109	0	13617
971	110	13249	336	51	0	13746
972	13606	296	135	40	0	14077
973	319	100	73	13553	0	14045
974	109	78	13549	296	0	14032
975	13409	45	297	117	0	13868
976	13499	31	113	113	0	13756
977	13696	31	104	62	0	13893
978	436	22	50	13361	0	13869
979	182	37	45	13667	0	13931
980	113	36	13310	380	0	13839
981	71	13228	299	179	0	13777
982	44	300	118	13077	0	13539
983	51	107	101	13614	0	13873
984	57	81	13295	396	0	13829
985	55	60	13261	178	0	13554
986	73	43	379	13196	0	13691
987	12974	27	181	350	0	13532
988	299	13052	129	147	0	13627
989	13122	299	75	115	0	13611
990	373	13106	69	83	0	13631
991	156	349	12982	68	0	13555
992	131	125	13141	70	0	13467
993	12670	109	412	63	0	13254
994	13700	60	205	77	0	14042
995	425	13541	132	94	0	14192
996	212	331	13198	95	0	13836
997	171	140	365	13120	0	13796
998	111	115	165	12981	0	13372
999	96	13224	130	444	0	13894
1000	85	338	96	13441	0	13960
1001	86	157	13326	440	0	14009
1002	13039	127	369	200	0	13735
1003	13409	74	161	161	0	13805
1004	13258	76	137	93	0	13564
1005	13766	69	99	83	0	14017
1006	566	48	13187	88	0	13889
1007	13296	54	375	88	0	13813
1008	487	46	13319	70	0	13922
1009	232	13083	444	78	0	13837
1010	176	348	218	13245	0	13987
1011	13437	157	164	373	0	14131
1012	407	118	129	13953	0	14607
1013	200	81	13915	487	0	14683
1014	13872	57	418	208	0	14555
1015	14296	64	189	164	0	14713
1016	540	68	160	13964	0	14732
1017	301	60	104	14272	0	14737
1018	215	71	13792	532	0	14610
1019	137	13915	400	288	0	14740
1020	13596	387	201	185	0	14369
1021	445	168	13150	125	0	13888
1022	12860	117	418	91	0	13486
1023	507	13040	186	67	0	13800
1024	12963	371	135	82	0	13551
1025	496	12617	112	86	0	13311
1026	243	12871	93	90	0	13297
1027	218	482	81	12662	0	13443
1028	142	224	81	13064	0	13511
1029	140	158	84	13150	0	13532
1030	107	80	88	13246	0	13521
1031	124	65	12651	596	0	13436
1032	12485	59	388	296	0	13228
1033	12969	81	176	206	0	13432
1034	13211	66	150	144	0	13571
1035	603	60	115	12746	0	13524
1036	323	55	91	13030	0	13499
1037	12865	61	85	505	0	13516
1038	12962	63	79	263	0	13367
1039	13074	68	78	196	0	13416
1040	618	127	80	12406	0	13231
1041	333	104	88	12306	0	12831
1042	235	55	11706	493	0	12489
1043	153	61	11562	255	0	12031
1044	145	11478	431	203	0	12257
1045	9652	440	348	233	0	10673
1046	9506	116	155	103	0	9880
1047	9534	65	60	105	0	9764
1048	335	55	9532	77	0	9999
1049	9448	33	208	97	0	9786
1050	9646	45	95	84	0	9870
1051	9778	36	69	85	0	9968
1052	350	25	57	9433	0	9865
1053	218	59	50	9419	0	9746
1054	167	28	46	9398	0	9639
1055	117	30	8400	305	0	8852
1056	8167	38	167	159	0	8531
1057	248	8362	85	100	0	8795
1058	7693	150	41	57	0	7941
1059	212	7501	39	49	0	7801
1060	128	7597	26	56	0	7807
1061	145	209	55	7376	0	7785
1062	155	98	67	7250	0	7570
1063	70	7173	23	187	0	7453
1064	7046	143	22	108	0	7319
1065	7097	58	21	89	0	7265
1066	191	46	36	6899	0	7172
1067	123	31	6930	156	0	7240
1068	91	28	6731	90	0	6940
1069	94	30	6962	79	0	7165
1070	75	35	6910	59	0	7079
1071	6440	60	244	57	0	6801
1072	6373	23	80	41	0	6517
1073	178	16	45	6228	0	6467
1074	104	14	6251	127	0	6496
1075	78	19	110	6458	0	6665
1076	62	6481	57	147	0	6747
1077	51	7013	48	82	0	7194
1078	7074	139	39	73	0	7325
1079	7153	72	31	53	0	7309
1080	7218	45	22	54	0	7339
1081	187	43	29	7114	0	7373
1082	111	29	25	7256	0	7421
1083	88	38	27	7282	0	7435
1084	85	28	24	7225	0	7362
1085	71	25	7170	188	0	7454
1086	75	9	104	7229	0	7417
1087	7519	17	52	179	0	7767
1088	152	21	46	7612	0	7831
1089	78	11	44	7777	0	7910
1090	83	40	36	7690	0	7849
1091	68	7500	36	202	0	7806
1092	55	7588	35	106	0	7784
1093	50	7826	18	88	0	7982
1094	47	129	20	7296	0	7492
1095	45	46	23	7382	0	7496
1096	7345	33	18	151	0	7547
1097	7367	29	10	80	0	7486
1098	7446	30	14	60	0	7550
1099	155	19	13	7348	0	7535
1100	83	21	7	7372	0	7483
1101	61	7226	18	138	0	7443
1102	55	7512	9	63	0	7639
1103	7476	122	13	59	0	7670
1104	127	61	17	7426	0	7631
1105	7485	29	18	136	0	7668
1106	7761	19	17	80	0	7877
1107	149	21	19	7659	0	7848
1108	82	8169	17	117	0	8385
1109	8325	94	15	72	0	8506
1110	8659	40	14	79	0	8792
1111	160	20	8948	45	0	9173
1112	8451	17	78	34	0	8580
1113	98	8632	29	15	0	8774
1114	43	77	16	8935	0	9071
1115	9838	28	8	119	0	9993
1116	117	30	6	9969	0	10122
1117	62	21	5	10042	0	10130
1118	46	10096	3	137	0	10282
1119	10117	103	5	66	0	10291
1120	10214	34	1	49	0	10298
1121	143	10118	3	24	0	10288
1122	65	10882	4	21	0	10972
1123	10942	119	11	30	0	11102
1124	10892	53	6	21	0	10972
1125	138	34	10649	18	0	10839
1126	70	23	10102	26	0	10221
1127	50	21	10911	16	0	10998
1128	33	12	135	10999	0	11179
1129	33	5	53	11280	0	11371
1130	26	13	11245	134	0	11418
1131	10984	19	103	75	0	11181
1132	11703	22	34	40	0	11799
1133	11774	15	21	30	0	11840
1134	11707	10	14	31	0	11762
1135	164	16	12457	14	0	12651
1136	12484	15	105	27	0	12631
1137	12751	14	46	36	0	12847
1138	12714	19	40	38	0	12811
1139	12922	6	23	30	0	12981
1140	12902	8	18	30	0	12958
1141	155	12	13039	22	0	13228
1142	75	12996	104	13	0	13188
1143	75	106	35	12888	0	13104
1144	47	36	32	13301	0	13416
1145	49	25	13195	136	0	13405
1146	12198	22	104	79	0	12403
1147	134	21	36	12853	0	13044
1148	74	12	12854	116	0	13056
1149	77	14	12052	54	0	12197
1150	40	12828	132	52	0	13052
1151	55	111	59	13036	0	13261
1152	40	43	38	13145	0	13266
1153	49	34	16	13022	0	13121
1154	13129	13	26	158	0	13326
1155	119	24	17	13116	0	13276
1156	61	19	12936	159	0	13175
1157	66	33	11838	91	0	12028
1158	61	16	13163	57	0	13297
1159	57	21	153	13169	0	13400
1160	13518	17	72	129	0	13736
1161	128	23	13559	58	0	13768
1162	13226	15	113	57	0	13411
1163	14733	14	47	86	0	14880
1164	169	20	46	15011	0	15246
1165	95	15	39	15091	0	15240
1166	62	14997	40	146	0	15245
1167	52	102	15018	90	0	15262
1168	14789	34	123	84	0	15030
1169	156	38	59	15588	0	15841
1170	77	15489	51	147	0	15764
1171	79	126	31	15758	0	15994
1172	60	46	15845	159	0	16110
1173	64	58	138	15544	0	15804
1174	58	15656	56	165	0	15935
1175	59	121	46	15644	0	15870
1176	15655	38	41	174	0	15908
1177	165	41	29	15476	0	15711
1178	72	15238	23	174	0	15507
1179	60	15612	27	71	0	15770
1180	15290	142	38	79	0	15549
1181	152	67	15768	38	0	16025
1182	76	54	126	15697	0	15953
1183	73	42	48	16207	0	16370
1184	58	26	16296	169	0	16549
1185	53	16242	137	99	0	16531
1186	44	131	16362	72	0	16609
1187	50	93	139	16022	0	16304
1188	41	16749	53	122	0	16965
1189	17067	109	56	88	0	17320
1190	126	17010	32	59	0	17227
1191	45	17269	42	54	0	17410
1192	17511	138	58	71	0	17778
1193	17791	54	36	82	0	17963
1194	17934	41	28	71	0	18074
1195	143	26	35	17982	0	18186
1196	75	18	17904	115	0	18112
1197	17565	13	98	84	0	17760
1198	18754	16	45	64	0	18879
1199	177	22	50	19465	0	19714
1200	75	25	19605	161	0	19866
1201	71	19580	169	51	0	19871
1202	19810	170	34	76	0	20090
1203	20599	43	41	97	0	20780
1204	217	20818	27	44	0	21106
1205	76	21357	18	32	0	21483
1206	21260	208	25	43	0	21536
1207	21340	58	22	28	0	21448
1208	21023	47	10	40	0	21120
1209	256	32	23	20790	0	21101
1210	94	31	20824	211	0	21160
1211	76	38	189	20148	0	20451
1212	62	19	20363	225	0	20669
1213	40	19763	200	67	0	20070
1214	34	20051	50	62	0	20197
1215	90	177	42	18852	0	19161
1216	34	37	23	19236	0	19330
1217	45	23	20	18832	0	18920
1218	19	19102	16	200	0	19337
1219	19035	156	24	67	0	19282
1220	18899	43	28	53	0	19023
1221	180	19151	23	41	0	19395
1222	70	187	13	18421	0	18691
1223	62	18582	11	152	0	18807
1224	57	190	7	18512	0	18766
1225	55	18680	4	157	0	18896
1226	18787	177	8	58	0	19030
1227	204	49	11	18432	0	18696
1228	73	30	18337	182	0	18622
1229	17786	16	171	81	0	18054
1230	18249	25	52	77	0	18403
1231	182	35	18164	52	0	18433
1232	63	46	178	18060	0	18347
1233	44	58	18314	182	0	18598
1234	29	53	160	18187	0	18429
1235	30	48	17405	223	0	17706
1236	16615	32	173	115	0	16935
1237	191	42	40	17110	0	17383
1238	78	17091	26	201	0	17396
1239	17652	195	23	68	0	17938
1240	220	77	19	17823	0	18139
1241	72	69	19	17868	0	18028
1242	70	56	17666	235	0	18027
1243	57	52	176	18038	0	18323
1244	43	62	18543	267	0	18915
1245	61	58	18951	88	0	19158
1246	69	39	260	19659	0	20027
1247	63	29	20840	275	0	21207
1248	20728	42	314	93	0	21177
1249	24138	32	83	77	0	24330
1250	26035	37	73	82	0	26227
1251	559	27708	62	91	0	28420
1252	221	521	60	28267	0	29069
1253	161	172	62	27530	0	27925
1254	94	28777	63	630	0	29564
1255	28768	552	52	263	0	29635
1256	599	213	42	28732	0	29586
1257	223	173	29084	622	0	30102
1258	183	88	28181	259	0	28711
1259	99	28437	646	235	0	29417
1260	28740	573	251	156	0	29720
1261	604	190	28657	130	0	29581
1262	27207	107	656	148	0	28118
1263	633	27117	266	113	0	28129
1264	248	576	27398	87	0	28309
1265	198	216	25924	115	0	26453
1266	142	132	27336	109	0	27719
1267	136	26569	760	120	0	27585
1268	166	598	26862	92	0	27718
1269	26293	203	692	86	0	27274
1270	633	162	304	25262	0	26361
1271	231	104	209	27101	0	27645
1272	163	115	120	27367	0	27765
1273	128	128	99	27499	0	27854
1274	147	82	26922	823	0	27974
1275	125	68	586	26850	0	27629
1276	122	67	242	27356	0	27787
1277	26452	88	196	812	0	27548
1278	27119	81	169	362	0	27731
1279	25451	115	172	286	0	26024
1280	775	102	26137	178	0	27192
1281	362	26325	578	192	0	27457
1282	227	27930	257	162	0	28576
1283	26008	736	213	151	0	27108
1284	609	27174	181	156	0	28120
1285	269	707	210	26909	0	28095
1286	184	295	186	27652	0	28317
1287	135	230	26990	790	0	28145
1288	163	26231	675	376	0	27445
1289	156	644	25832	257	0	26889
1290	25261	249	712	232	0	26454
1291	26509	159	291	248	0	27207
1292	803	115	259	26013	0	27190
1293	347	114	218	25895	0	26574
1294	193	110	217	26010	0	26530
1295	213	119	161	26148	0	26641
1296	197	101	25531	950	0	26779
1297	228	189	641	25287	0	26345
1298	169	82	25187	834	0	26272
1299	146	52	24086	431	0	24715
1300	106	24083	730	347	0	25266
1301	24017	554	402	244	0	25217
1302	570	24588	230	227	0	25615
1303	269	656	208	23647	0	24780
1304	200	252	24528	668	0	25648
1305	23704	177	650	318	0	24849
1306	688	125	24212	243	0	25268
1307	24249	131	738	183	0	25301
1308	24701	112	336	175	0	25324
1309	865	122	241	24803	0	26031
1310	432	128	206	24868	0	25634
1311	316	123	170	25197	0	25806
1312	242	133	24235	960	0	25570
1313	23720	129	679	485	0	25013
1314	715	24120	296	383	0	25514
1315	345	659	242	24261	0	25507
1316	24190	290	199	809	0	25488
1317	24717	211	213	403	0	25544
1318	24918	151	229	308	0	25606
1319	1137	195	23703	278	0	25313
1320	24378	178	737	309	0	25602
1321	24811	251	329	330	0	25721
1322	1052	170	21896	414	0	23532
1323	539	163	24851	374	0	25927
1324	373	219	987	24610	0	26189
1325	380	104	25061	856	0	26401
1326	249	23686	1061	464	0	25460
1327	252	25132	658	243	0	26285
1328	24273	926	489	192	0	25880
1329	841	25158	322	211	0	26532
1330	530	855	304	25064	0	26753
1331	24074	387	357	834	0	25652
1332	876	25188	256	432	0	26752
1333	394	879	304	25040	0	26617
1334	306	352	372	25667	0	26697
1335	260	261	24856	1099	0	26476
1336	274	183	901	24990	0	26348
1337	271	244	24759	1053	0	26327
1338	275	122	24929	639	0	25965
1339	351	113	962	24307	0	25733
1340	257	123	441	24950	0	25771
1341	24058	126	309	1239	0	25732
1342	825	25419	257	715	0	27216
1343	422	778	246	25306	0	26752
1344	371	761	258	25247	0	26637
1345	24035	229	159	1259	0	25682
1346	936	23201	151	687	0	24975
1347	564	22216	155	377	0	23312
1348	386	21182	161	295	0	22024
1349	187	19172	175	191	0	19725
1350	15297	626	658	158	0	16739
1351	14759	207	173	113	0	15252
1352	14287	123	60	87	0	14557
1353	14309	86	40	90	0	14525
1354	546	71	49	13793	0	14459
1355	238	72	13618	392	0	14320
1356	130	13482	362	174	0	14148
1357	115	376	150	13343	0	13984
1358	98	158	13360	390	0	14006
1359	97	109	372	13179	0	13757
1360	92	65	155	13365	0	13677
1361	83	59	13111	515	0	13768
1362	74	57	383	13136	0	13650
1363	102	63	206	12571	0	12942
1364	13181	68	93	543	0	13885
1365	13271	49	94	248	0	13662
1366	13363	53	63	162	0	13641
1367	13417	66	61	129	0	13673
1368	558	45	62	12967	0	13632
1369	253	50	47	13212	0	13562
1370	159	49	66	13278	0	13552
1371	12901	48	49	582	0	13580
1372	440	54	69	13032	0	13595
1373	223	55	68	13232	0	13578
1374	174	53	12608	568	0	13403
1375	147	106	366	12494	0	13113
1376	140	12085	159	461	0	12845
1377	121	12885	79	255	0	13340
1378	12365	435	79	164	0	13043
1379	433	184	12232	158	0	13007
1380	217	11822	333	131	0	12503
1381	11497	350	223	114	0	12184
1382	406	139	90	11407	0	12042
1383	169	91	11472	396	0	12128
1384	126	131	339	11268	0	11864
1385	105	11700	139	391	0	12335
1386	11469	347	98	200	0	12114
1387	355	11841	71	148	0	12415
1388	11901	381	61	121	0	12464
1389	12237	157	60	130	0	12584
1390	486	109	58	12061	0	12714
1391	208	104	47	11930	0	12289
1392	145	12001	42	483	0	12671
1393	12136	371	45	225	0	12777
1394	417	150	11980	156	0	12703
1395	11882	96	336	118	0	12432
1396	11949	83	139	106	0	12277
1397	491	72	11498	125	0	12186
1398	212	98	322	11169	0	11801
1399	11280	56	136	410	0	11882
1400	403	58	11135	204	0	11800
1401	193	60	10831	133	0	11217
1402	10184	69	398	121	0	10772
1403	342	10131	165	112	0	10750
1404	161	9721	84	96	0	10062
1405	199	347	110	9486	0	10142
1406	108	159	9419	285	0	9971
1407	8914	108	253	162	0	9437
1408	298	67	9254	116	0	9735
1409	139	8748	250	72	0	9209
1410	8694	240	144	80	0	9158
1411	275	112	71	8702	0	9160
1412	8715	73	57	271	0	9116
1413	302	60	8638	132	0	9132
1414	155	58	229	8465	0	8907
1415	100	8723	102	245	0	9170
1416	95	260	70	8747	0	9172
1417	90	125	50	8984	0	9249
1418	85	69	8805	322	0	9281
1419	95	8536	219	178	0	9028
1420	93	8706	107	101	0	9007
1421	82	248	8350	89	0	8769
1422	7878	125	236	70	0	8309
1423	8080	55	108	73	0	8316
1424	287	68	69	7835	0	8259
1425	7648	32	64	209	0	7953
1426	219	7392	44	120	0	7775
1427	95	7687	39	95	0	7916
1428	7739	210	59	85	0	8093
1429	238	134	52	7690	0	8114
1430	7862	51	45	221	0	8179
1431	8039	36	28	128	0	8231
1432	286	37	21	7697	0	8041
1433	150	42	7637	222	0	8051
1434	7529	42	176	105	0	7852
1435	7766	37	74	74	0	7951
1436	279	67	60	7548	0	7954
1437	143	7633	44	204	0	8024
1438	105	213	34	7672	0	8024
1439	74	79	7596	235	0	7984
1440	76	51	7481	134	0	7742
1441	70	7549	244	98	0	7961
1442	145	141	111	5935	0	6332
1443	23	36	49	5973	0	6081
1444	22	26	5902	114	0	6064
1445	5730	17	87	47	0	5881
1446	6096	14	45	39	0	6194
1447	6141	16	20	21	0	6198
1448	6140	15	19	18	0	6192
1449	135	5996	18	19	0	6168
1450	58	6259	20	31	0	6368
1451	6435	117	20	21	0	6593
1452	124	45	8	6671	0	6848
1453	61	21	18	6856	0	6956
1454	38	6825	15	147	0	7025
1455	37	118	10	6894	0	7059
1456	27	48	16	6800	0	6891
1457	36	6711	11	161	0	6919
1458	42	117	6695	61	0	6915
1459	28	50	107	6788	0	6973
1460	6777	40	49	135	0	7001
1461	6733	28	26	66	0	6853
1462	161	20	6602	42	0	6825
1463	75	20	6504	38	0	6637
1464	52	22	6539	30	0	6643
1465	46	22	151	6466	0	6685
1466	34	19	6480	130	0	6663
1467	30	28	6435	54	0	6547
1468	35	57	153	6309	0	6554
1469	37	6548	64	127	0	6776
1470	33	106	6571	59	0	6769
1471	32	6662	116	41	0	6851
1472	6536	128	64	34	0	6762
1473	116	6599	42	47	0	6804
1474	53	123	31	6559	0	6766
1475	6624	45	23	128	0	6820
1476	129	22	36	6638	0	6825
1477	47	31	23	6733	0	6834
1478	41	28	6740	167	0	6976
1479	33	6437	124	80	0	6674
1480	30	6700	57	49	0	6836
1481	40	168	35	6477	0	6720
1482	22	59	24	6573	0	6678
1483	26	37	24	6403	0	6490
1484	25	21	6289	164	0	6499
1485	37	18	6034	64	0	6153
1486	5724	20	140	54	0	5938
1487	113	14	6090	42	0	6259
1488	51	13	6237	33	0	6334
1489	23	6134	149	26	0	6332
1490	36	152	76	6130	0	6394
1491	15	59	6216	136	0	6426
1492	24	18	132	6119	0	6293
1493	21	20	6334	146	0	6521
1494	21	15	143	6307	0	6486
1495	27	17	6521	145	0	6710
1496	19	16	144	6418	0	6597
1497	15	16	66	6432	0	6529
1498	16	6478	48	158	0	6700
1499	20	118	28	6596	0	6762
1500	21	6655	23	147	0	6846
1501	20	141	24	6733	0	6918
1502	15	53	28	6825	0	6921
1503	6554	36	28	189	0	6807
1504	130	24	22	6591	0	6767
1505	47	20	6480	171	0	6718
1506	32	18	131	6462	0	6643
1507	22	23	58	6561	0	6664
1508	19	17	6357	202	0	6595
1509	21	22	6316	92	0	6451
1510	24	24	163	6252	0	6463
1511	18	15	76	6431	0	6540
1512	15	25	6328	187	0	6555
1513	18	5990	152	94	0	6254
1514	13	6298	70	73	0	6454
1515	6147	142	47	61	0	6397
1516	140	52	43	6241	0	6476
1517	6298	31	43	170	0	6542
1518	6213	22	47	76	0	6358
1519	151	6239	44	51	0	6485
1520	6283	131	34	50	0	6498
1521	6358	52	34	51	0	6495
1522	161	33	6219	49	0	6462
1523	66	27	140	6221	0	6454
1524	36	31	6357	157	0	6581
1525	26	39	158	6368	0	6591
1526	18	32	6331	169	0	6550
1527	30	6034	154	84	0	6302
1528	22	6194	62	58	0	6336
1529	39	158	39	5978	0	6214
1530	5899	50	39	142	0	6130
1531	118	30	24	5915	0	6087
1532	50	18	31	6003	0	6102
1533	32	15	5973	173	0	6193
1534	17	17	5987	91	0	6112
1535	15	20	6053	55	0	6143
1536	13	16	175	5916	0	6120
1537	21	23	70	5864	0	5978
1538	17	5903	44	178	0	6142
1539	19	6157	39	86	0	6301
1540	5964	156	41	56	0	6217
1541	113	6069	29	59	0	6270
1542	48	129	5987	41	0	6205
1543	30	48	146	5930	0	6154
1544	15	32	6111	159	0	6317
1545	14	6056	148	79	0	6297
1546	17	184	79	6061	0	6341
1547	5890	43	46	160	0	6139
1548	121	24	5909	74	0	6128
1549	35	5871	141	66	0	6113
1550	28	114	5765	54	0	5961
1551	20	5638	134	41	0	5833
1552	70	171	78	5186	0	5505
1553	5201	39	37	131	0	5408
1554	5198	19	20	59	0	5296
1555	118	5128	27	41	0	5314
1556	5216	98	20	37	0	5371
1557	108	36	29	5166	0	5339
1558	5182	21	15	126	0	5344
1559	109	17	5186	59	0	5371
1560	43	19	5273	37	0	5372
1561	26	20	140	5117	0	5303
1562	16	18	49	5424	0	5507
1563	17	21	5279	153	0	5470
1564	10	17	111	5282	0	5420
1565	5292	16	48	131	0	5487
1566	5320	25	33	58	0	5436
1567	135	5108	26	38	0	5307
1568	46	5191	23	49	0	5309
1569	5039	125	25	45	0	5234
1570	116	44	25	5009	0	5194
1571	4943	28	29	121	0	5121
1572	120	4975	31	49	0	5175
1573	4961	103	21	40	0	5125
1574	117	33	4873	39	0	5062
1575	45	27	4877	28	0	4977
1576	22	42	127	4785	0	4976
1577	29	20	4884	105	0	5038
1578	29	19	109	4702	0	4859
1579	27	23	46	4620	0	4716
1580	29	19	4888	121	0	5057
1581	19	20	105	4891	0	5035
1582	21	32	43	5142	0	5238
1583	28	17	5236	151	0	5432
1584	31	24	5260	49	0	5364
1585	5167	15	138	33	0	5353
1586	114	17	5329	30	0	5490
1587	5308	33	188	22	0	5551
1588	5704	19	52	27	0	5802
1589	146	10	5792	30	0	5978
1590	53	8	6012	15	0	6088
1591	35	68	172	5645	0	5920
1592	28	20	49	5581	0	5678
1593	9	5613	37	130	0	5789
1594	12	5770	21	58	0	5861
1595	13	131	5598	33	0	5775
1596	5452	38	124	27	0	5641
1597	5622	18	52	24	0	5716
1598	148	20	5510	18	0	5696
1599	59	14	5528	20	0	5621
1600	33	10	145	5329	0	5517
1601	27	5438	52	100	0	5617
1602	19	104	36	5482	0	5641
1603	18	36	31	5599	0	5684
1604	5545	23	18	144	0	5730
1605	5584	12	17	56	0	5669
1606	143	17	18	5622	0	5800
1607	54	10	5659	126	0	5849
1608	5479	10	108	51	0	5648
1609	126	5675	45	25	0	5871
1610	5773	102	26	25	0	5926
1611	5718	36	27	16	0	5797
1612	128	5687	28	24	0	5867
1613	54	5872	12	31	0	5969
1614	35	131	23	5785	0	5974
1615	21	47	19	5880	0	5967
1616	21	5785	19	137	0	5962
1617	16	114	24	5857	0	6011
1618	22	40	22	6007	0	6091
1619	15	24	5904	160	0	6103
1620	5853	18	124	54	0	6049
1621	6052	9	43	39	0	6143
1622	6148	14	20	35	0	6217
1623	165	14	21	5991	0	6191
1624	5923	10	20	127	0	6080
1625	136	5844	23	60	0	6063
1626	60	126	23	5570	0	5779
1627	38	5751	21	106	0	5916
1628	28	6038	16	43	0	6125
1629	5957	130	31	29	0	6147
1630	5971	47	13	23	0	6054
1631	5849	26	12	17	0	5904
1632	5839	14	16	20	0	5889
1633	5841	11	18	15	0	5885
1634	153	12	5767	18	0	5950
1635	5702	15	105	28	0	5850
1636	138	15	5834	21	0	6008
1637	5644	13	109	20	0	5786
1638	5798	14	49	22	0	5883
1639	5722	14	26	20	0	5782
1640	157	8	5751	30	0	5946
1641	73	26	100	5570	0	5769
1642	43	5856	41	81	0	6021
1643	5968	105	31	36	0	6140
1644	5963	37	29	23	0	6052
1645	154	5976	19	16	0	6165
1646	5989	106	13	20	0	6128
1647	140	33	21	5843	0	6037
1648	55	5973	23	104	0	6155
1649	5967	103	11	49	0	6130
1650	6021	45	14	36	0	6116
1651	142	28	19	5956	0	6145
1652	6032	21	26	117	0	6196
1653	149	14	27	6009	0	6199
1654	75	18	24	6091	0	6208
1655	61	14	5987	137	0	6199
1656	48	21	105	5948	0	6122
1657	46	25	44	6061	0	6176
1658	43	30	5957	138	0	6168
1659	40	26	5946	64	0	6076
1660	41	19	116	5940	0	6116
1661	37	23	5959	111	0	6130
1662	5684	19	110	51	0	5864
1663	117	6100	47	43	0	6307
1664	52	102	24	6181	0	6359
1665	52	42	16	6290	0	6400
1666	44	25	17	6287	0	6373
1667	6292	20	15	139	0	6466
1668	6379	14	13	67	0	6473
1669	6431	17	10	49	0	6507
1670	143	6357	16	34	0	6550
1671	70	97	14	6448	0	6629
1672	55	35	10	6489	0	6589
1673	6441	30	7	131	0	6609
1674	6493	31	12	54	0	6590
1675	145	19	12	6406	0	6582
1676	63	21	6416	119	0	6619
1677	6383	26	103	49	0	6561
1678	6536	22	30	37	0	6625
1679	157	15	6539	33	0	6744
1680	6253	14	92	37	0	6396
1681	130	20	6573	34	0	6757
1682	6441	13	87	39	0	6580
1683	127	106	39	6513	0	6785
1684	68	6981	24	87	0	7160
1685	68	80	7296	35	0	7479
1686	49	7288	96	39	0	7472
1687	38	7024	31	31	0	7124
1688	7223	128	74	78	0	7503
1689	91	35	28	7140	0	7294
1690	23	3	4	7017	0	7047
1691	7336	3	7	92	0	7438
1692	66	1	11	7384	0	7462
1693	23	1	7	7434	0	7465
1694	11	5	8	7457	0	7481
1695	15	7	7	7386	0	7415
1696	12	8	7458	76	0	7554
1697	9	4	7251	24	0	7288
1698	10	7375	62	20	0	7467
1699	7468	56	17	29	0	7570
1700	68	13	10	7604	0	7695
1701	22	7615	9	68	0	7714
1702	18	67	5	7959	0	8049
1703	11	18	6	8037	0	8072
1704	13	11	9	8009	0	8042
1705	17	9	7	8154	0	8187
1706	18	9	5	8126	0	8158
1707	17	7984	7	81	0	8089
1708	19	57	11	8125	0	8212
1709	15	15	8032	72	0	8134
1710	22	8008	59	38	0	8127
1711	23	73	15	8102	0	8213
1712	16	27	12	8100	0	8155
1713	19	7948	9	93	0	8069
1714	21	8093	12	33	0	8159
1715	8009	63	8	24	0	8104
1716	59	7968	11	29	0	8067
1717	7947	64	13	23	0	8047
1718	7896	16	10	27	0	7949
1719	75	7	8330	19	0	8431
1720	22	14	59	8038	0	8133
1721	13	13	8453	65	0	8544
1722	13	8532	57	26	0	8628
1723	24	70	26	8045	0	8165
1724	18	24	4	8598	0	8644
1725	7	10	3	8739	0	8759
1726	12	8	5	8879	0	8904
1727	9	14	9083	85	0	9191
1728	7	8	61	8958	0	9034
1729	8	15	9124	75	0	9222
1730	9	16	8980	30	0	9035
1731	8904	10	71	48	0	9033
1732	9436	13	23	23	0	9495
1733	9482	15	10	28	0	9535
1734	77	9353	7	25	0	9462
1735	22	71	10	9526	0	9629
1736	17	21	9804	76	0	9918
1737	20	12	66	9700	0	9798
1738	21	4	10098	77	0	10200
1739	9889	18	69	39	0	10015
1740	10052	8	22	22	0	10104
1741	10026	9	12	19	0	10066
1742	86	11	9776	24	0	9897
1743	32	10	9652	21	0	9715
1744	15	19	90	9864	0	9988
1745	20	16	45	9471	0	9552
1746	8	5	10	10138	0	10161
1747	9	4	10085	82	0	10180
1748	10	10	9444	33	0	9497
1749	9912	4	71	38	0	10025
1750	63	3	27	10489	0	10582
1751	22	5	8	10597	0	10632
1752	10808	5	17	91	0	10921
1753	67	7	11	10828	0	10913
1754	11498	3	7	107	0	11615
1755	11769	5	9	62	0	11845
1756	11716	5	13	30	0	11764
1757	82	12	11900	11	0	12005
1758	27	11839	61	26	0	11953
1759	12163	59	22	33	0	12277
1760	85	16	12	12196	0	12309
1761	32	6	15	12162	0	12215
1762	15	12196	12	84	0	12307
1763	12175	65	10	38	0	12288
1764	12410	16	10	34	0	12470
1765	12639	5	16	30	0	12690
1766	86	12867	14	24	0	12991
1767	13737	71	9	52	0	13869
1768	13802	15	6	39	0	13862
1769	13887	5	10	37	0	13939
1770	93	9	14	13707	0	13823
1771	36	5	9	13844	0	13894
1772	26	5	14290	99	0	14420
1773	28	2	74	13907	0	14011
1774	27	11	25	14015	0	14078
1775	24	8	14330	94	0	14456
1776	13695	3	68	47	0	13813
1777	14494	5	20	24	0	14543
1778	101	21	9	14357	0	14488
1779	39	14130	7	66	0	14242
1780	16	14381	14	39	0	14450
1781	28	126	10	14278	0	14442
1782	26	25	14049	76	0	14176
1783	34	57	59	13478	0	13628
1784	15	14	13882	72	0	13983
1785	10	20	13593	19	0	13642
1786	23	6	40	14030	0	14099
1787	14187	0	18	49	0	14254
1788	13756	0	7	30	0	13793
1789	47	8	7	14134	0	14196
1790	29	4	5	13978	0	14016
1791	18	4	5	14209	0	14236
1792	18	6	1	14137	0	14162
1793	14353	2	5	65	0	14425
1794	14140	2	8	34	0	14184
1795	14121	4	6	26	0	14157
1796	55	4	14144	8	0	14211
1797	25	2	33	14057	0	14117
1798	21	5	12	14435	0	14473
1799	14477	2	9	55	0	14543
1800	37	14266	8	24	0	14335
1801	14377	32	5	34	0	14448
1802	14380	11	14	25	0	14430
1803	14309	11	3	26	0	14349
1804	14232	2	6	13	0	14253
1805	64	9	14621	12	0	14706
1806	60	16	13681	23	0	13780
1807	15063	4	52	32	0	15151
1808	15498	3	17	21	0	15539
1809	15430	3	16	22	0	15471
1810	15469	2	5	25	0	15501
1811	64	16	16118	13	0	16211
1812	29	16883	60	16	0	16988
1813	85	76	21	18213	0	18395
1814	19430	30	12	150	0	19622
1815	19719	11	7	75	0	19812
1816	20620	7	7	58	0	20692
1817	21019	6	8	35	0	21068
1818	21249	4	4	30	0	21287
1819	20485	9	13	29	0	20536
1820	262	11	19445	38	0	19756
1821	125	10	19766	13	0	19914
1822	77	35	177	19680	0	19969
1823	65	1	20129	156	0	20351
1824	60	19462	172	66	0	19760
1825	51	19554	80	52	0	19737
1826	70	204	40	20460	0	20774
1827	50	76	21001	147	0	21274
1828	44	45	19665	71	0	19825
1829	20018	26	221	62	0	20327
1830	21825	20	112	37	0	21994
1831	272	25	52	22225	0	22574
1832	22766	21	40	259	0	23086
1833	280	17	36	22753	0	23086
1834	133	13	33	22764	0	22943
1835	81	12	23040	337	0	23470
1836	69	14	22059	152	0	22294
1837	65	28	331	22353	0	22777
1838	64	20	22423	284	0	22791
1839	21156	8	287	170	0	21621
1840	22650	11	137	100	0	22898
1841	354	22901	82	78	0	23415
1842	23259	253	69	67	0	23648
1843	341	95	22914	49	0	23399
1844	22667	37	302	59	0	23065
1845	23400	21	139	59	0	23619
1846	23608	22	73	53	0	23756
1847	481	30	52	22884	0	23447
1848	222	23027	57	269	0	23575
1849	23342	271	51	113	0	23777
1850	23329	107	67	81	0	23584
1851	473	47	52	23195	0	23767
1852	23217	27	47	363	0	23654
1853	421	23334	45	175	0	23975
1854	225	333	48	23060	0	23666
1855	157	132	22732	374	0	23395
1856	20746	57	355	219	0	21377
1857	414	44	22763	102	0	23323
1858	217	69	367	22693	0	23346
1859	159	22631	153	375	0	23318
1860	139	24399	99	165	0	24802
1861	158	519	74	24769	0	25520
1862	149	23802	146	473	0	24570
1863	137	615	72	32391	0	33215
1864	137	205	89	34332	0	34763
1865	141	135	68	35007	0	35351
1866	33333	120	49	1278	0	34780
1867	951	99	60	33408	0	34518
1868	366	99	32547	1171	0	34183
1869	247	32408	870	520	0	34045
1870	32755	898	263	340	0	34256
1871	1071	288	141	32811	0	34311
1872	440	171	109	33238	0	33958
1873	269	146	105	33762	0	34282
1874	264	138	32182	1342	0	33926
1875	216	32181	917	578	0	33892
1876	32464	945	334	393	0	34136
1877	1043	330	187	31354	0	32914
1878	392	32679	181	1111	0	34363
1879	32669	1024	159	536	0	34388
1880	1100	388	32450	335	0	34273
1881	32209	273	999	318	0	33799
1882	1179	236	32882	249	0	34546
1883	489	223	32814	258	0	33784
1884	318	32344	1209	283	0	34154
1885	345	1017	460	31378	0	33200
1886	280	347	31607	1110	0	33344
1887	256	30236	1136	498	0	32126
1888	262	1030	491	30130	0	31913
1889	190	30661	342	1096	0	32289
1890	218	1112	30646	474	0	32450
1891	211	468	1061	30364	0	32104
1892	184	305	30835	1241	0	32565
1893	193	261	1142	30600	0	32196
1894	173	225	514	31610	0	32522
1895	192	210	30556	1464	0	32422
1896	187	206	1186	30700	0	32279
1897	29654	173	476	1421	0	31724
1898	1008	30018	349	739	0	32114
1899	438	1042	30024	567	0	32071
1900	29649	382	1110	550	0	31691
1901	1213	282	501	29042	0	31038
1902	560	29942	353	1208	0	32063
1903	30448	1075	314	595	0	32432
1904	31197	500	319	458	0	32474
1905	1415	369	290	29400	0	31474
1906	642	326	240	30307	0	31515
1907	453	262	229	30412	0	31356
1908	373	306	221	29930	0	30830
1909	336	28765	235	1756	0	31092
1910	397	1438	253	27912	0	30000
1911	341	27639	237	1463	0	29680
1912	297	27343	227	981	0	28848
1913	279	27003	257	702	0	28241
1914	344	1367	24576	668	0	26955
1915	280	25426	1083	628	0	27417
1916	23687	1279	549	655	0	26170
1917	1050	23957	355	660	0	26022
1918	566	1176	343	21933	0	24018
1919	421	24113	346	1276	0	26156
1920	375	1210	334	24015	0	25934
1921	357	674	377	24867	0	26275
1922	351	540	23732	1576	0	26199
1923	23091	565	1077	838	0	25571
1924	24000	488	446	779	0	25713
1925	23849	435	358	766	0	25408
1926	1284	23132	383	831	0	25630
1927	572	1121	454	22799	0	24946
1928	491	572	22380	1433	0	24876
1929	470	22262	1122	819	0	24673
1930	507	1279	515	19613	0	21914
1931	404	21108	425	1074	0	23011
1932	20753	1119	425	599	0	22896
1933	21059	610	394	509	0	22572
1934	21434	464	460	432	0	22790
1935	21317	437	498	404	0	22656
1936	1294	367	490	20385	0	22536
1937	635	444	412	20344	0	21835
1938	507	20361	384	1243	0	22495
1939	451	1071	343	20884	0	22749
1940	380	556	20271	1329	0	22536
1941	316	476	944	20332	0	22068
1942	242	437	19705	1406	0	21790
1943	205	19387	1029	883	0	21504
1944	247	1001	19645	687	0	21580
1945	251	522	1106	19663	0	21542
1946	227	409	19727	1304	0	21667
1947	240	386	1088	19781	0	21495
1948	273	364	631	20144	0	21412
1949	320	380	435	20271	0	21406
1950	365	405	404	20133	0	21307
1951	19082	402	319	1374	0	21177
1952	984	19333	294	765	0	21376
1953	19023	1018	233	695	0	20969
1954	1016	548	18152	668	0	20384
1955	18373	425	789	660	0	20247
1956	19091	402	337	602	0	20432
1957	1430	368	17899	605	0	20302
1958	890	339	17544	562	0	19335
1959	559	16928	893	638	0	19018
1960	433	16509	381	578	0	17901
1961	599	987	14694	619	0	16899
1962	357	13331	683	679	0	15050
1963	486	710	251	6918	0	8365
1964	6087	80	127	174	0	6468
1965	118	27	19	6111	0	6275
1966	6197	27	19	122	0	6365
1967	6223	32	15	67	0	6337
1968	123	6295	23	41	0	6482
1969	6326	88	17	37	0	6468
1970	6382	53	15	35	0	6485
1971	141	38	11	6237	0	6427
1972	6335	27	14	108	0	6484
1973	99	6418	14	50	0	6581
1974	51	104	13	6477	0	6645
1975	6490	47	17	113	0	6667
1976	107	30	6448	52	0	6637
1977	6446	19	84	27	0	6576
1978	120	44	33	6485	0	6682
1979	52	16	6505	84	0	6657
1980	47	16	6334	38	0	6435
1981	6222	40	130	38	0	6430
1982	6418	14	43	32	0	6507
1983	106	7	17	6368	0	6498
1984	41	10	9	6438	0	6498
1985	24	10	9	6471	0	6514
1986	23	6450	9	98	0	6580
1987	6549	74	11	54	0	6688
1988	78	6560	9	24	0	6671
1989	6599	74	10	27	0	6710
1990	88	32	6498	22	0	6640
1991	44	16	77	6527	0	6664
1992	6685	11	30	93	0	6819
1993	93	12	17	6729	0	6851
1994	39	9	12	6685	0	6745
1995	26	6490	15	108	0	6639
1996	6607	72	17	51	0	6747
1997	88	6994	11	28	0	7121
1998	49	93	8	7131	0	7281
1999	18	37	7027	101	0	7183
2000	6469	17	92	66	0	6644
2001	111	17	6908	15	0	7051
2002	6551	15	92	27	0	6685
2003	98	6941	39	27	0	7105
2004	48	98	19	6841	0	7006
2005	23	7007	14	99	0	7143
2006	7099	99	13	43	0	7254
2007	110	44	10	7145	0	7309
2008	59	17	9	7288	0	7373
2009	31	27	7048	136	0	7242
2010	6748	17	98	63	0	6926
2011	121	19	39	7190	0	7369
2012	61	16	7065	118	0	7260
2013	30	7021	110	56	0	7217
2014	36	100	36	7120	0	7292
2015	7133	36	25	123	0	7317
2016	110	16	19	7165	0	7310
2017	49	28	7177	115	0	7369
2018	7450	14	103	57	0	7624
2019	139	20	38	7391	0	7588
2020	52	18	7982	146	0	8198
2021	30	10	161	8113	0	8314
2022	36	15	52	8216	0	8319
2023	23	8293	33	198	0	8547
2024	8221	159	22	79	0	8481
2025	167	8323	15	54	0	8559
2026	8369	177	17	48	0	8611
2027	183	70	15	8180	0	8448
2028	75	8260	14	175	0	8524
2029	52	177	19	8235	0	8483
2030	35	70	8072	193	0	8370
2031	7791	31	164	83	0	8069
2032	176	40	64	7921	0	8201
2033	78	16	30	7988	0	8112
2034	50	29	30	8062	0	8171
2035	44	25	7756	255	0	8080
2036	40	20	7639	121	0	7820
2037	34	7708	214	74	0	8030
2038	30	180	78	7519	0	7807
2039	7462	64	59	184	0	7769
2040	173	7547	30	98	0	7848
2041	68	169	28	7746	0	8011
2042	7807	62	37	194	0	8100
2043	7847	38	28	98	0	8011
2044	217	7777	23	75	0	8092
2045	8228	187	19	60	0	8494
2046	8905	67	23	54	0	9049
2047	279	49	18	9238	0	9584
2048	116	9220	20	276	0	9632
2049	78	254	24	9427	0	9783
2050	9356	86	22	310	0	9774
2051	309	57	9353	109	0	9828
2052	112	41	246	9325	0	9724
2053	86	50	72	9554	0	9762
2054	78	40	9282	390	0	9790
2055	79	52	263	9355	0	9749
2056	9273	49	92	367	0	9781
2057	8910	50	77	182	0	9219
2058	310	30	63	9277	0	9680
2059	137	30	9151	357	0	9675
2060	79	34	9048	199	0	9360
2061	90	8916	307	153	0	9466
2062	91	9248	119	122	0	9580
2063	109	285	83	8968	0	9445
2064	8865	97	60	307	0	9329
2065	267	8831	67	140	0	9305
2066	8731	276	75	122	0	9204
2067	283	112	66	8692	0	9153
2068	112	98	59	8787	0	9056
2069	8419	76	37	354	0	8886
2070	277	8451	33	170	0	8931
2071	8541	263	36	131	0	8971
2072	325	105	8259	117	0	8806
2073	138	90	8205	88	0	8521
2074	112	87	277	8042	0	8518
2075	83	62	8092	308	0	8545
2076	96	60	7986	142	0	8284
2077	95	70	298	7624	0	8087
2078	88	49	7912	273	0	8322
2079	64	42	304	7720	0	8130
2080	64	30	148	7875	0	8117
2081	60	31	7991	347	0	8429
2082	55	40	300	7761	0	8156
2083	67	36	136	7743	0	7982
2084	57	7596	121	347	0	8121
2085	7598	239	100	186	0	8123
2086	265	82	7609	172	0	8128
2087	101	71	279	7558	0	8009
2088	81	51	125	7813	0	8070
2089	58	69	7519	377	0	8023
2090	7166	50	276	203	0	7695
2091	259	7444	122	157	0	7982
2092	109	255	98	7414	0	7876
2093	92	104	94	7497	0	7787
2094	78	7394	94	373	0	7939
2095	65	239	7402	213	0	7919
2096	70	7502	272	157	0	8001
2097	7092	292	131	148	0	7663
2098	253	114	7031	125	0	7523
2099	94	114	251	6991	0	7450
2100	73	70	7167	317	0	7627
2101	68	80	7237	161	0	7546
2102	76	7198	303	118	0	7695
2103	108	259	178	6875	0	7420
2104	6945	87	107	288	0	7427
2105	7053	76	109	137	0	7375
2106	265	7021	103	135	0	7524
2107	116	225	100	7133	0	7574
2108	7050	92	99	301	0	7542
2109	7216	91	76	138	0	7521
2110	300	7111	63	143	0	7617
2111	7230	248	62	101	0	7641
2112	302	85	59	7058	0	7504
2113	134	7236	77	257	0	7704
2114	126	237	66	7369	0	7798
2115	102	145	67	7443	0	7757
2116	129	137	75	7434	0	7775
2117	104	70	7199	321	0	7694
2118	94	83	6725	137	0	7039
2119	62	6846	210	147	0	7265
2120	6109	165	113	119	0	6506
2121	165	6043	65	109	0	6382
2122	77	151	59	6012	0	6299
2123	48	59	6242	207	0	6556
2124	45	72	174	6100	0	6391
2125	54	57	86	6233	0	6430
2126	44	65	70	6336	0	6515
2127	6226	62	49	214	0	6551
2128	153	43	54	6318	0	6568
2129	44	34	6599	221	0	6898
2130	6321	29	167	131	0	6648
2131	6518	31	76	126	0	6751
2132	6713	30	62	112	0	6917
2133	6728	26	38	128	0	6920
2134	6721	30	50	96	0	6897
2135	199	6603	54	83	0	6939
2136	102	138	57	6469	0	6766
2137	96	6562	53	166	0	6877
2138	6666	137	39	70	0	6912
2139	6702	44	25	82	0	6853
2140	6535	54	33	50	0	6672
2141	198	6371	32	62	0	6663
2142	98	6348	35	48	0	6529
2143	80	6409	26	63	0	6578
2144	112	167	6254	63	0	6596
2145	163	351	117	5337	0	5968
2146	40	5059	22	60	0	5181
2147	12	4798	9	7	0	4826
2148	12	25	9	4754	0	4800
2149	4	8	2	4722	0	4736
2150	4	7	4809	24	0	4844
2151	4897	5	22	22	0	4946
2152	30	4	7	5185	0	5226
2153	6	10	6	5203	0	5225
2154	6	13	5157	38	0	5214
2155	11	4	5019	18	0	5052
2156	7	5300	31	18	0	5356
2157	9	33	14	5332	0	5388
2158	5	14	4	5372	0	5395
2159	4	7	5259	43	0	5313
2160	5010	5	36	16	0	5067
2161	5281	8	16	8	0	5313
2162	39	8	5412	10	0	5469
2163	5355	6	35	13	0	5409
2164	43	8	5502	13	0	5566
2165	5450	7	39	18	0	5514
2166	5554	2	22	14	0	5592
2167	59	2	5627	8	0	5696
2168	20	7	42	5619	0	5688
2169	21	7	23	5575	0	5626
2170	14	6	6	6020	0	6046
2171	5992	4	9	58	0	6063
2172	5962	7	8	19	0	5996
2173	60	7	6097	15	0	6179
2174	24	2	6023	16	0	6065
2175	6243	8	57	21	0	6329
2176	6425	4	12	21	0	6462
2177	63	5	6271	22	0	6361
2178	37	4	6194	9	0	6244
2179	24	5	59	6268	0	6356
2180	12	8	6410	53	0	6483
2181	20	5	67	6060	0	6152
2182	6369	1	17	69	0	6456
2183	76	6	6789	19	0	6890
2184	6602	2	82	16	0	6702
2185	89	4	7659	13	0	7765
2186	29	5	113	7659	0	7806
2187	18	3	38	8139	0	8198
2188	21	3	12	8186	0	8222
2189	22	8228	18	140	0	8408
2190	27	123	20	7732	0	7902
2191	24	20	13	8375	0	8432
2192	8253	13	14	158	0	8438
2193	141	8	8201	37	0	8387
2194	7913	3	128	34	0	8078
2195	142	7	8113	18	0	8280
2196	7603	10	139	15	0	7767
2197	138	8047	29	30	0	8244
2198	46	114	8037	21	0	8218
2199	19	22	7999	15	0	8055
2200	44	48	170	7175	0	7437
2201	21	13	31	7830	0	7895
2202	7	5	7829	139	0	7980
2203	21	2	7824	37	0	7884
2204	13	12	8461	16	0	8502
2205	8604	7	146	33	0	8790
2206	8757	4	59	17	0	8837
2207	8802	2	23	18	0	8845
2208	142	5	21	8625	0	8793
2209	44	1	22	8730	0	8797
2210	17	9	8968	147	0	9141
2211	22	4	128	8746	0	8900
2212	30	12	44	8400	0	8486
2213	8804	3	21	162	0	8990
2214	8832	5	28	48	0	8913
2215	8944	5	13	44	0	9006
2216	153	10	17	8828	0	9008
2217	53	6	25	8895	0	8979
2218	31	12	16	8929	0	8988
2219	8785	6	19	169	0	8979
2220	152	3	18	8565	0	8738
2221	49	8650	23	131	0	8853
2222	44	120	21	8462	0	8647
2223	26	8375	32	134	0	8567
2224	8416	121	22	54	0	8613
2225	8269	35	31	30	0	8365
2226	137	8361	31	37	0	8566
2227	40	8563	32	45	0	8680
2228	36	142	33	8472	0	8683
2229	28	34	8243	161	0	8466
2230	25	23	130	8095	0	8273
2231	34	21	8264	156	0	8475
2232	26	8327	145	65	0	8563
2233	33	120	41	8413	0	8607
2234	46	36	35	8530	0	8647
2235	41	8	8892	178	0	9119
2236	49	16	145	8859	0	9069
2237	35	11	9112	177	0	9335
2238	8995	16	161	69	0	9241
2239	9326	21	49	50	0	9446
2240	9413	4	38	51	0	9506
2241	183	12	37	9178	0	9410
2242	64	14	32	9294	0	9404
2243	47	11	9385	202	0	9645
2244	41	39	160	9127	0	9367
2245	46	9233	55	176	0	9510
2246	44	130	9345	69	0	9588
2247	48	37	9221	51	0	9357
2248	56	49	173	8630	0	8908
2249	47	25	9307	181	0	9560
2250	38	21	9236	75	0	9370
2251	8700	19	156	100	0	8975
2252	140	9746	58	64	0	10008
2253	10063	138	45	64	0	10310
2254	10133	38	32	66	0	10269
2255	10280	30	29	64	0	10403
2256	186	27	39	10158	0	10410
2257	70	21	33	10372	0	10496
2258	51	17	10335	185	0	10588
2259	44	18	149	10129	0	10340
2260	32	10366	59	170	0	10627
2261	10452	122	55	86	0	10715
2262	142	10357	49	52	0	10600
2263	45	10510	39	62	0	10656
2264	44	145	45	10499	0	10733
2265	44	41	10635	147	0	10867
2266	62	41	131	10414	0	10648
2267	55	29	10492	151	0	10727
2268	44	10306	141	62	0	10553
2269	10303	120	56	65	0	10544
2270	10390	21	42	67	0	10520
2271	10592	17	46	74	0	10729
2272	151	13	10857	61	0	11082
2273	60	26	10249	46	0	10381
2274	10579	15	146	63	0	10803
2275	10954	9	44	59	0	11066
2276	11047	9	34	62	0	11152
2277	148	9	29	10896	0	11082
2278	55	14	26	11137	0	11232
2279	11084	12	32	156	0	11284
2280	10969	10	26	78	0	11083
2281	156	19	11238	49	0	11462
2282	73	13	10826	37	0	10949
2283	10494	30	96	50	0	10670
2284	94	18	10803	43	0	10958
2285	9815	19	84	33	0	9951
2286	65	9	10077	13	0	10164
2287	19	42	38	9569	0	9668
2288	13	7	10123	21	0	10164
2289	11	4	20	10053	0	10088
2290	9	5	6	10250	0	10270
2291	1	10498	6	24	0	10529
2292	10683	15	11	22	0	10731
2293	22	5	10922	10	0	10959
2294	10440	7	17	20	0	10484
2295	19	11042	7	9	0	11077
2296	11569	13	8	28	0	11618
2297	27	5	2	11540	0	11574
2298	12	5	1	11610	0	11628
2299	8	11947	2	52	0	12009
2300	4	25	2	12428	0	12459
2301	0	11	3	12496	0	12510
2302	5	7	4	12662	0	12678
2303	12460	2	5	77	0	12544
2304	11726	1	0	32	0	11759
2305	60	6	11597	14	0	11677
2306	24	11745	42	7	0	11818
2307	18	43	14	12028	0	12103
2308	10	13	10	12434	0	12467
2309	7	12	12627	88	0	12734
2310	12	4	80	12258	0	12354
2311	12639	1	31	107	0	12778
2312	12762	1	18	46	0	12827
2313	12996	10	5	37	0	13048
2314	138	3	3	13133	0	13277
2315	13616	4	4	145	0	13769
2316	13645	2	13	72	0	13732
2317	13950	2	4	43	0	13999
2318	150	0	8	13875	0	14033
2319	75	1	4	13966	0	14046
2320	40	3	8	14036	0	14087
2321	27	3	4	13710	0	13744
2322	32	2	13	13756	0	13803
2323	28	6	13665	164	0	13863
2324	30	2	13422	70	0	13524
2325	19	13435	121	63	0	13638
2326	25	94	46	13834	0	13999
2327	31	29	18	13958	0	14036
2328	33	12	9	14016	0	14070
2329	23	10	13854	175	0	14062
2330	25	9	113	13646	0	13793
2331	16	9	13853	147	0	14025
2332	17	9	114	13733	0	13873
2333	21	7	14422	142	0	14592
2334	8	14360	110	91	0	14569
2335	25	103	58	14279	0	14465
2336	16	41	14094	130	0	14281
2337	12569	16	109	120	0	12814
2338	108	14023	51	47	0	14229
2339	57	100	28	14271	0	14456
2340	23	14287	29	108	0	14447
2341	22	115	19	14206	0	14362
2342	14490	44	23	163	0	14720
2343	117	22	16	14288	0	14443
2344	45	14245	23	140	0	14453
2345	14363	120	17	73	0	14573
2346	131	40	19	14478	0	14668
2347	55	45	21	14658	0	14779
2348	14837	15	13	210	0	15075
2349	162	16	18	15581	0	15777
2350	65	16	3	18674	0	18758
2351	38	23	19351	411	0	19823
2352	37	10	19199	162	0	19408
2353	31	21	511	19282	0	19845
2354	32	12	19514	459	0	20017
2355	33	19	19054	191	0	19297
2356	18118	9	572	172	0	18871
2357	430	14	19581	95	0	20120
2358	166	19382	545	75	0	20168
2359	130	410	219	19565	0	20324
2360	20099	140	138	476	0	20853
2361	20556	86	101	192	0	20935
2362	20519	46	68	168	0	20801
2363	667	20268	79	109	0	21123
2364	313	439	80	20318	0	21150
2365	182	160	69	20738	0	21149
2366	19377	133	98	678	0	20286
2367	20484	64	81	312	0	20941
2368	20657	46	71	203	0	20977
2369	710	49	20286	124	0	21169
2370	344	19984	490	122	0	20940
2371	225	22493	217	123	0	23058
2372	177	719	162	22057	0	23115
2373	140	334	90	23487	0	24051
2374	132	197	23512	883	0	24724
2375	23047	112	668	498	0	24325
2376	24199	75	304	333	0	24911
2377	945	67	217	23787	0	25016
2378	521	70	123	24225	0	24939
2379	369	42	97	24509	0	25017
2380	23894	50	83	1103	0	25130
2381	809	79	23069	584	0	24541
2382	419	78	23416	391	0	24304
2383	294	86	879	23142	0	24401
2384	189	73	23396	821	0	24479
2385	22682	57	872	480	0	24091
2386	23156	52	444	361	0	24013
2387	23656	35	311	267	0	24269
2388	1143	22414	221	226	0	24004
2389	22825	634	156	231	0	23846
2390	1012	322	116	22393	0	23843
2391	537	214	127	22569	0	23447
2392	389	107	125	23013	0	23634
2393	273	82	21815	1213	0	23383
2394	240	92	758	21522	0	22612
2395	243	21577	395	1001	0	23216
2396	21134	624	317	601	0	22676
2397	758	21570	235	487	0	23050
2398	469	807	21195	339	0	22810
2399	406	21304	738	264	0	22712
2400	20792	853	422	260	0	22327
2401	805	20840	321	261	0	22227
2402	501	837	251	19011	0	20600
2403	340	20692	237	755	0	22024
2404	20576	840	200	486	0	22102
2405	21043	443	181	385	0	22052
2406	19807	304	214	345	0	20670
2407	1131	262	20321	274	0	21988
2408	654	203	20212	221	0	21290
2409	489	219	20075	224	0	21007
2410	19734	207	1107	237	0	21285
2411	882	203	574	19384	0	21043
2412	518	183	410	19830	0	20941
2413	446	206	19187	916	0	20755
2414	339	209	704	19318	0	20570
2415	18488	193	388	958	0	20027
2416	795	18636	281	579	0	20291
2417	19055	675	244	416	0	20390
2418	988	387	18645	284	0	20304
2419	19058	299	736	247	0	20340
2420	19539	229	448	212	0	20428
2421	19657	222	366	232	0	20477
2422	1197	187	18693	225	0	20302
2423	764	167	747	18641	0	20319
2424	583	127	18861	779	0	20350
2425	465	125	854	18864	0	20308
2426	375	136	18908	884	0	20303
2427	361	137	890	18740	0	20128
2428	314	160	536	19395	0	20405
2429	18847	118	343	1091	0	20399
2430	19158	120	276	662	0	20216
2431	19566	83	259	494	0	20402
2432	1238	88	282	18367	0	19975
2433	785	16921	261	801	0	18768
2434	574	18220	228	504	0	19526
2435	18169	754	213	429	0	19565
2436	877	452	17770	339	0	19438
2437	18018	271	758	312	0	19359
2438	964	187	17714	327	0	19192
2439	18102	147	856	286	0	19391
2440	17457	132	480	330	0	18399
2441	1104	128	17895	281	0	19408
2442	18183	88	755	341	0	19367
2443	18433	118	438	285	0	19274
2444	18507	124	348	263	0	19242
2445	1259	17863	254	278	0	19654
2446	824	958	302	17482	0	19566
2447	589	361	17799	730	0	19479
2448	539	268	18027	434	0	19268
2449	422	17042	870	352	0	18686
2450	314	14503	436	232	0	15485
2451	479	511	445	12839	0	14274
2452	12634	237	224	401	0	13496
2453	486	12735	148	249	0	13618
2454	392	414	119	12371	0	13296
2455	283	12726	117	410	0	13536
2456	12759	412	91	269	0	13531
2457	515	246	104	12417	0	13282
2458	344	197	12140	411	0	13092
2459	284	11832	342	270	0	12728
2460	191	12014	250	193	0	12648
2461	215	444	199	11044	0	11902
2462	183	11693	148	314	0	12338
2463	172	472	142	11470	0	12256
2464	11410	309	95	420	0	12234
2465	11433	225	99	272	0	12029
2466	12006	167	102	193	0	12468
2467	12078	149	96	152	0	12475
2468	633	139	11758	125	0	12655
2469	401	11415	308	121	0	12245
2470	298	11447	183	142	0	12070
2471	136	9827	75	66	0	10104
2472	100	9602	73	50	0	9825
2473	8719	253	234	79	0	9285
2474	8519	55	37	29	0	8640
2475	8678	25	20	26	0	8749
2476	8669	26	4	20	0	8719
2477	172	15	8497	11	0	8695
2478	8836	14	113	26	0	8989
2479	9045	9	39	8	0	9101
2480	9136	11	12	18	0	9177
2481	187	11	11	8984	0	9193
2482	76	13	10	9049	0	9148
2483	9080	13	8	159	0	9260
2484	144	16	11	8933	0	9104
2485	51	8914	9	147	0	9121
2486	31	136	8	9058	0	9233
2487	36	50	6	9085	0	9177
2488	30	9051	11	162	0	9254
2489	39	128	6	9110	0	9283
2490	37	39	7	9197	0	9280
2491	9015	17	17	175	0	9224
2492	155	16	8810	60	0	9041
2493	8707	15	132	37	0	8891
2494	166	21	8790	27	0	9004
2495	65	21	8609	37	0	8732
2496	58	19	8781	35	0	8893
2497	8657	22	174	37	0	8890
2498	156	21	9159	27	0	9363
2499	8977	30	156	48	0	9211
2500	9237	20	44	44	0	9345
2501	9371	15	25	30	0	9441
2502	179	9291	20	33	0	9523
2503	9363	145	22	30	0	9560
2504	150	9482	16	29	0	9677
2505	62	153	14	9586	0	9815
2506	58	58	13	9581	0	9710
2507	37	9368	17	174	0	9596
2508	39	9413	19	58	0	9529
2509	56	9599	22	35	0	9712
2510	9521	165	25	22	0	9733
2511	154	9643	23	22	0	9842
2512	9732	149	19	19	0	9919
2513	162	64	9635	20	0	9881
2514	9605	49	124	25	0	9803
2515	9870	37	43	25	0	9975
2516	203	34	9508	16	0	9761
2517	97	33	127	9357	0	9614
2518	73	23	9493	135	0	9724
2519	59	34	136	9375	0	9604
2520	51	22	48	9490	0	9611
2521	9518	24	29	177	0	9748
2522	9549	27	26	63	0	9665
2523	192	9430	20	41	0	9683
2524	9630	143	16	31	0	9820
2525	182	52	9716	33	0	9983
2526	9744	32	137	42	0	9955
2527	188	23	10158	32	0	10401
2528	93	20	10335	25	0	10473
2529	10529	22	205	40	0	10796
2530	10839	24	78	30	0	10971
2531	236	18	10823	36	0	11113
2532	111	20	173	10409	0	10713
2533	69	28	65	10884	0	11046
2534	53	26	10661	225	0	10965
2535	62	26	176	10392	0	10656
2536	60	10157	81	194	0	10492
2537	59	173	53	10792	0	11077
2538	59	71	44	10803	0	10977
2539	70	34	10487	218	0	10809
2540	9929	34	189	93	0	10245
2541	10531	15	75	60	0	10681
2542	10421	20	53	40	0	10534
2543	10311	14	47	48	0	10420
2544	276	10074	32	43	0	10425
2545	142	167	35	9796	0	10140
2546	98	68	9673	182	0	10021
2547	67	48	9551	86	0	9752
2548	86	64	189	9153	0	9492
2549	48	27	9304	179	0	9558
2550	8601	22	131	84	0	8838
2551	134	21	60	8881	0	9096
2552	61	9	42	8942	0	9054
2553	41	15	24	8972	0	9052
2554	8767	17	32	185	0	9001
2555	128	8793	27	101	0	9049
2556	8846	113	23	61	0	9043
2557	8837	41	32	44	0	8954
2558	174	8542	31	31	0	8778
2559	92	8653	28	29	0	8802
2560	8724	136	44	22	0	8926
2561	147	65	32	8630	0	8874
2562	81	38	29	8582	0	8730
2563	8810	19	28	154	0	9011
2564	145	25	8640	72	0	8882
2565	8505	21	123	39	0	8688
2566	8741	15	58	41	0	8855
2567	172	8929	36	28	0	9165
2568	9276	116	19	34	0	9445
2569	9231	53	15	46	0	9345
2570	174	10061	21	33	0	10289
2571	95	10358	12	35	0	10500
2572	123	201	38	9899	0	10261
2573	10019	96	17	151	0	10283
2574	163	10331	9	70	0	10573
2575	84	184	4	10465	0	10737
2576	10662	77	6	180	0	10925
2577	184	44	10611	88	0	10927
2578	108	30	157	10509	0	10804
2579	63	27	10643	181	0	10914
2580	10292	13	194	104	0	10603
2581	10731	14	89	65	0	10899
2582	258	21	10657	26	0	10962
2583	122	10485	184	41	0	10832
2584	78	161	95	10621	0	10955
2585	52	81	10757	165	0	11055
2586	45	47	191	10666	0	10949
2587	42	27	101	10957	0	11127
2588	35	23	10832	260	0	11150
2589	10502	17	188	150	0	10857
2590	10893	18	101	75	0	11087
2591	258	17	10923	55	0	11253
2592	133	10912	183	59	0	11287
2593	80	183	109	10637	0	11009
2594	54	10768	59	162	0	11043
2595	52	11003	35	100	0	11190
2596	10859	236	44	82	0	11221
2597	185	133	27	10867	0	11212
2598	106	65	27	10745	0	10943
2599	70	36	10598	258	0	10962
2600	53	38	10419	143	0	10653
2601	54	31	240	10320	0	10645
2602	46	26	132	10531	0	10735
2603	46	27	10365	274	0	10712
2604	50	33	10310	152	0	10545
2605	34	38	271	10173	0	10516
2606	10222	44	148	222	0	10636
2607	194	10330	78	151	0	10753
2608	10378	198	55	105	0	10736
2609	227	10394	56	68	0	10745
2610	138	10561	41	73	0	10813
2611	10378	271	51	63	0	10763
2612	224	140	10357	67	0	10788
2613	137	83	203	10306	0	10729
2614	94	59	135	10480	0	10768
2615	72	54	72	11058	0	11256
2616	61	41	11020	360	0	11482
2617	69	44	251	11155	0	11519
2618	11233	50	144	316	0	11743
2619	258	38	78	11578	0	11952
2620	139	36	64	12009	0	12248
2621	11866	40	57	407	0	12370
2622	11948	27	57	222	0	12254
2623	358	11781	58	141	0	12338
2624	185	254	11821	96	0	12356
2625	127	114	11502	85	0	11828
2626	98	61	11585	70	0	11814
2627	86	10978	374	76	0	11514
2628	115	267	216	10430	0	11028
2629	51	120	84	10706	0	10961
2630	10547	74	66	341	0	11028
2631	255	49	56	10512	0	10872
2632	141	47	10473	306	0	10967
2633	87	42	246	10541	0	10916
2634	58	31	143	10681	0	10913
2635	65	27	10492	361	0	10945
2636	57	10422	262	203	0	10944
2637	74	247	140	9821	0	10282
2638	49	10451	105	263	0	10868
2639	59	254	10456	153	0	10922
2640	10341	113	283	108	0	10845
2641	10560	94	136	91	0	10881
2642	10700	54	95	92	0	10941
2643	374	50	61	10353	0	10838
2644	163	10558	61	274	0	11056
2645	10531	258	64	157	0	11010
2646	10729	125	68	112	0	11034
2647	10710	66	65	104	0	10945
2648	359	56	10447	108	0	10970
2649	10245	38	270	103	0	10656
2650	314	10398	130	96	0	10938
2651	10316	230	93	92	0	10731
2652	298	10531	62	89	0	10980
2653	10621	277	68	73	0	11039
2654	300	130	10665	87	0	11182
2655	10677	83	238	81	0	11079
2656	10994	48	119	80	0	11241
2657	9493	98	100	112	0	9803
2658	11093	57	65	61	0	11276
2659	383	52	10722	67	0	11224
2660	207	51	253	10697	0	11208
2661	10715	48	134	269	0	11166
2662	283	10758	80	138	0	11259
2663	168	237	79	10629	0	11113
2664	113	111	10536	271	0	11031
2665	113	130	244	10541	0	11028
2666	121	52	10522	296	0	10991
2667	91	10060	273	164	0	10588
2668	85	9652	114	116	0	9967
2669	86	9680	84	95	0	9945
2670	101	332	94	8431	0	8958
2671	80	98	31	8408	0	8617
2672	58	40	8154	216	0	8468
2673	46	7851	152	92	0	8141
2674	7417	136	62	64	0	7679
2675	149	7122	33	46	0	7350
2676	46	7085	40	30	0	7201
2677	168	171	37	6730	0	7106
2678	6702	43	39	137	0	6921
2679	6753	35	23	54	0	6865
2680	153	20	26	6711	0	6910
2681	6667	24	21	161	0	6873
2682	147	23	26	6621	0	6817
2683	51	32	6520	151	0	6754
2684	6510	26	121	67	0	6724
2685	156	25	43	6478	0	6702
2686	41	28	6352	139	0	6560
2687	39	18	6302	53	0	6412
2688	51	34	133	6319	0	6537
2689	6472	26	45	154	0	6697
2690	6527	30	30	51	0	6638
2691	140	6541	26	46	0	6753
2692	6882	122	15	57	0	7076
2693	6995	40	32	29	0	7096
2694	7100	28	22	40	0	7190
2695	168	7170	22	35	0	7395
2696	7311	117	25	37	0	7490
2697	7456	38	25	27	0	7546
2698	161	29	21	7401	0	7612
2699	7309	24	8	135	0	7476
2700	154	7220	21	45	0	7440
2701	56	7409	28	30	0	7523
2702	55	123	22	7426	0	7626
2703	65	40	16	7487	0	7608
2704	41	7563	15	131	0	7750
2705	7575	126	17	42	0	7760
2706	136	7464	17	30	0	7647
2707	7386	121	13	21	0	7541
2708	143	7501	17	30	0	7691
2709	54	127	14	7448	0	7643
2710	46	7794	9	93	0	7942
2711	7859	128	84	41	0	8112
2712	7841	42	39	41	0	7963
2713	7845	38	43	38	0	7964
2714	163	26	7684	17	0	7890
2715	51	19	7243	19	0	7332
2716	34	7221	82	17	0	7354
2717	30	74	7092	18	0	7214
2718	20	47	6902	14	0	6983
2719	35	114	68	6261	0	6478
2720	13	9	6582	45	0	6649
2721	12	6611	48	11	0	6682
2722	6585	43	9	13	0	6650
2723	41	6483	11	9	0	6544
2724	9	6592	9	6	0	6616
2725	6708	45	13	20	0	6786
2726	6831	15	2	18	0	6866
2727	48	6939	5	10	0	7002
2728	7013	44	10	13	0	7080
2729	7042	11	3	9	0	7065
2730	7011	16	4	7	0	7038
2731	52	6	6780	10	0	6848
2732	21	11	6651	6	0	6689
2733	18	12	35	6859	0	6924
2734	18	11	17	6823	0	6869
2735	7051	3	18	40	0	7112
2736	41	6870	12	13	0	6936
2737	15	53	10	7077	0	7155
2738	18	11	12	7157	0	7198
2739	16	16	8	7207	0	7247
2740	11	14	7	7173	0	7205
2741	16	5	7283	60	0	7364
2742	17	11	7169	23	0	7220
2743	14	12	44	7567	0	7637
2744	13	11	7853	48	0	7925
2745	7663	8	67	25	0	7763
2746	69	6	21	7984	0	8080
2747	19	8	8025	72	0	8124
2748	7478	8	65	24	0	7575
2749	71	7920	20	21	0	8032
2750	7933	57	22	19	0	8031
2751	66	8092	19	17	0	8194
2752	35	68	8	8025	0	8136
2753	28	20	8072	60	0	8180
2754	21	22	71	7736	0	7850
2755	15	11	7844	75	0	7945
2756	7696	17	76	29	0	7818
2757	70	8	24	7992	0	8094
2758	8018	11	18	83	0	8130
2759	89	8	7942	27	0	8066
2760	8115	11	68	35	0	8229
2761	8874	8	17	26	0	8925
2762	128	6	8913	14	0	9061
2763	40	9	105	8775	0	8929
2764	35	6	8964	100	0	9105
2765	21	8922	115	22	0	9080
2766	8931	102	51	37	0	9121
2767	8934	17	33	23	0	9007
2768	120	17	9023	12	0	9172
2769	51	7	9052	23	0	9133
2770	43	11	115	8975	0	9144
2771	30	13	49	9179	0	9271
2772	9288	10	32	112	0	9442
2773	110	9312	22	41	0	9485
2774	9505	96	23	39	0	9663
2775	9570	20	27	34	0	9651
2776	121	20	9378	26	0	9545
2777	9087	11	106	32	0	9236
2778	124	15	9451	19	0	9609
2779	50	13	112	9491	0	9666
2780	53	12	9765	97	0	9927
2781	41	5	123	9678	0	9847
2782	31	11	9829	105	0	9976
2783	9597	4	118	38	0	9757
2784	9859	1	49	37	0	9946
2785	119	9	42	9775	0	9945
2786	10041	8	35	124	0	10208
2787	145	7	28	10092	0	10272
2788	47	10147	35	116	0	10345
2789	10198	86	29	44	0	10357
2790	118	10080	32	42	0	10272
2791	43	112	28	10093	0	10276
2792	49	23	25	9846	0	9943
2793	42	21	22	9715	0	9800
2794	34	16	29	9552	0	9631
2795	36	17	9324	136	0	9513
2796	8596	17	96	79	0	8788
2797	9159	13	25	74	0	9271
2798	131	9120	30	39	0	9320
2799	65	94	22	9215	0	9396
2800	49	28	17	9271	0	9365
2801	44	26	9069	130	0	9269
2802	8765	17	106	59	0	8947
2803	115	20	41	9031	0	9207
2804	44	17	8982	120	0	9163
2805	8943	14	106	70	0	9133
2806	9163	9	38	70	0	9280
2807	9190	12	45	47	0	9294
2808	132	9	8936	45	0	9122
2809	78	10	8518	33	0	8639
2810	8500	19	120	27	0	8666
2811	128	11	48	8607	0	8794
2812	60	12	35	8746	0	8853
2813	49	12	8675	106	0	8842
2814	8384	11	98	53	0	8546
2815	117	10	36	8766	0	8929
2816	8993	11	42	121	0	9167
2817	9073	8	33	53	0	9167
2818	9133	8	28	56	0	9225
2819	155	8	9316	42	0	9521
2820	66	14	114	9257	0	9451
2821	9355	4	48	142	0	9549
2822	139	9590	40	53	0	9822
2823	81	113	31	9801	0	10026
2824	58	34	22	9891	0	10005
2825	9726	26	26	181	0	9959
2826	9676	8	22	76	0	9782
2827	174	13	26	9526	0	9739
2828	90	16	9464	154	0	9724
2829	9348	12	138	66	0	9564
2830	172	15	9625	55	0	9867
2831	9670	12	146	33	0	9861
2832	9824	7	49	50	0	9930
2833	193	13	9681	39	0	9926
2834	91	15	151	9756	0	10013
2835	74	8	10229	163	0	10474
2836	54	10541	179	71	0	10845
2837	74	198	54	10256	0	10582
2838	51	10754	47	185	0	11037
2839	47	203	33	10888	0	11171
2840	44	46	11111	219	0	11420
2841	46	11023	205	87	0	11361
2842	44	11473	62	64	0	11643
2843	120	339	52	11241	0	11752
2844	11147	71	25	232	0	11475
2845	224	35	34	11983	0	12276
2846	12177	20	30	288	0	12515
2847	282	12441	25	93	0	12841
2848	13651	284	18	52	0	14005
2849	373	87	14091	49	0	14600
2850	124	48	324	13962	0	14458
2851	74	29	83	14053	0	14239
2852	58	28	13892	413	0	14391
2853	13428	31	328	147	0	13934
2854	13974	25	99	74	0	14172
2855	399	13726	68	60	0	14253
2856	161	355	36	12950	0	13502
2857	86	13605	48	307	0	14046
2858	72	330	13477	106	0	13985
2859	77	112	13665	80	0	13934
2860	79	286	397	12982	0	13744
2861	12821	47	121	317	0	13306
2862	295	12616	60	124	0	13095
2863	12722	289	42	71	0	13124
2864	332	105	12504	52	0	12993
2865	12642	58	292	53	0	13045
2866	13111	48	103	37	0	13299
2867	397	47	12862	43	0	13349
2868	142	39	322	12619	0	13122
2869	12756	37	128	316	0	13237
2870	12892	34	68	109	0	13103
2871	12967	33	62	62	0	13124
2872	421	32	47	12589	0	13089
2873	169	23	12393	321	0	12906
2874	12352	39	300	120	0	12811
2875	382	35	12617	62	0	13096
2876	179	31	343	12449	0	13002
2877	109	31	126	12594	0	12860
2878	108	12447	73	386	0	13014
2879	92	313	12380	139	0	12924
2880	93	12030	327	91	0	12541
2881	86	12468	131	87	0	12772
2882	95	365	77	12268	0	12805
2883	101	118	12248	333	0	12800
2884	79	68	329	12267	0	12743
2885	84	47	12321	371	0	12823
2886	81	56	358	12126	0	12621
2887	81	64	139	12202	0	12486
2888	81	46	11736	435	0	12298
2889	68	63	348	11724	0	12203
2890	66	61	11812	397	0	12336
2891	78	62	11778	176	0	12094
2892	63	11692	429	138	0	12322
2893	11818	318	168	101	0	12405
2894	358	125	11785	105	0	12373
2895	11637	71	369	109	0	12186
2896	373	54	172	11865	0	12464
2897	150	62	11780	373	0	12365
2898	101	11697	379	180	0	12357
2899	96	318	184	11755	0	12353
2900	76	124	11839	382	0	12421
2901	99	82	378	11290	0	11849
2902	93	11735	174	357	0	12359
2903	11830	345	131	142	0	12448
2904	382	142	92	11833	0	12449
2905	11584	99	106	380	0	12169
2906	11782	67	98	196	0	12143
2907	11839	57	115	129	0	12140
2908	11899	67	104	129	0	12199
2909	11754	58	97	132	0	12041
2910	468	11358	107	116	0	12049
2911	227	333	85	11424	0	12069
2912	166	114	94	11600	0	11974
2913	149	81	92	11607	0	11929
2914	147	70	11108	471	0	11796
2915	148	11020	353	192	0	11713
2916	11214	312	165	144	0	11835
2917	11348	118	103	143	0	11712
2918	462	10971	105	142	0	11680
2919	196	11148	100	138	0	11582
2920	10969	383	100	110	0	11562
2921	385	159	10693	136	0	11373
2922	195	170	366	10301	0	11032
2923	10292	83	182	379	0	10936
2924	359	84	107	10059	0	10609
2925	179	10152	109	362	0	10802
2926	124	324	104	10290	0	10842
2927	112	152	10271	362	0	10897
2928	10083	85	347	180	0	10695
2929	10552	65	161	123	0	10901
2930	449	79	107	10095	0	10730
2931	212	71	89	10355	0	10727
2932	9931	67	96	405	0	10499
2933	376	9835	90	211	0	10512
2934	194	278	99	9707	0	10278
2935	163	133	74	9735	0	10105
2936	8944	49	76	391	0	9460
2937	297	9013	75	199	0	9584
2938	8863	223	66	129	0	9281
2939	301	8739	62	120	0	9222
2940	160	8826	58	95	0	9139
2941	8595	241	81	95	0	9012
2942	265	8621	56	87	0	9029
2943	155	421	128	8152	0	8856
2944	104	113	8249	268	0	8734
2945	88	50	7312	101	0	7551
2946	59	44	6984	75	0	7162
2947	43	6747	212	54	0	7056
2948	5413	146	199	38	0	5796
2949	114	32	29	5107	0	5282
2950	39	14	14	5188	0	5255
2951	14	10	5135	116	0	5275
2952	5142	11	85	60	0	5298
2953	95	5	35	5320	0	5455
2954	42	5	14	5378	0	5439
2955	20	8	10	5386	0	5424
2956	5238	10	10	128	0	5386
2957	98	6	5166	55	0	5325
2958	5174	9	87	23	0	5293
2959	105	7	33	5210	0	5355
2960	48	9	5181	98	0	5336
2961	5078	11	86	46	0	5221
2962	101	9	5268	32	0	5410
2963	47	45	97	5160	0	5349
2964	17	7	5286	99	0	5409
2965	18	11	5070	36	0	5135
2966	4819	11	107	25	0	4962
2967	87	8	4900	17	0	5012
2968	36	19	92	4780	0	4927
2969	4822	6	50	88	0	4966
2970	90	12	23	4923	0	5048
2971	38	13	4912	89	0	5052
2972	23	7	4952	53	0	5035
2973	19	4952	108	34	0	5113
2974	17	85	55	4839	0	4996
2975	4712	30	24	82	0	4848
2976	75	4692	22	36	0	4825
2977	4727	80	10	26	0	4843
2978	86	32	11	4714	0	4843
2979	4701	14	13	92	0	4820
2980	90	4635	12	40	0	4777
2981	45	76	17	4612	0	4750
2982	4621	33	10	83	0	4747
2983	82	4631	17	45	0	4775
2984	44	80	10	4635	0	4769
2985	29	34	10	4645	0	4718
2986	4652	11	27	102	0	4792
2987	85	13	12	4679	0	4789
2988	48	11	19	4663	0	4741
2989	21	13	15	4743	0	4792
2990	31	14	4507	114	0	4666
2991	4447	5	86	63	0	4601
2992	82	9	37	5023	0	5151
2993	39	3	5261	115	0	5418
2994	5271	10	122	57	0	5460
2995	137	12	5491	33	0	5673
2996	68	5	144	5389	0	5606
2997	28	5607	55	148	0	5838
2998	37	124	32	5729	0	5922
2999	28	49	5779	158	0	6014
3000	26	20	5997	71	0	6114
3001	29	15	172	6003	0	6219
3002	18	23	5985	156	0	6182
3003	5825	11	155	76	0	6067
3004	149	16	5966	37	0	6168
3005	71	16	154	5836	0	6077
3006	33	13	67	5995	0	6108
3007	29	16	43	6003	0	6091
3008	5862	7	26	212	0	6107
3009	5917	16	34	88	0	6055
3010	6116	12	23	70	0	6221
3011	208	18	24	5945	0	6195
3012	80	25	22	6108	0	6235
3013	49	9	5890	207	0	6155
3014	31	8	5924	94	0	6057
3015	37	5874	181	56	0	6148
3016	45	168	81	5466	0	5760
3017	30	40	26	5404	0	5500
3018	18	5401	32	163	0	5614
3019	5394	118	32	73	0	5617
3020	127	5450	33	44	0	5654
3021	5431	136	20	40	0	5627
3022	142	52	14	5392	0	5600
3023	5431	21	27	144	0	5623
3024	149	17	21	5423	0	5610
3025	57	17	5347	154	0	5575
3026	35	16	124	5414	0	5589
3027	5325	11	56	155	0	5547
3028	150	10	32	5374	0	5566
3029	58	11	30	5424	0	5523
3030	36	7	5320	195	0	5558
3031	21	12	122	5390	0	5545
3032	29	8	58	5371	0	5466
3033	33	5263	28	180	0	5504
3034	29	119	23	5386	0	5557
3035	29	36	18	5456	0	5539
3036	34	13	13	5458	0	5518
3037	26	5124	21	193	0	5364
3038	24	112	18	5030	0	5184
3039	4815	39	12	143	0	5009
3040	108	4664	11	75	0	4858
3041	36	4407	7	43	0	4493
3042	12	4432	9	31	0	4484
3043	23	148	17	4189	0	4377
3044	17	4147	31	98	0	4293
3045	22	4276	28	55	0	4381
3046	4184	107	31	39	0	4361
3047	104	48	4100	29	0	4281
3048	4083	26	92	38	0	4239
3049	95	31	40	4159	0	4325
3050	33	24	4108	118	0	4283
3051	3985	10	117	77	0	4189
3052	94	11	4004	39	0	4148
3053	44	8	3970	44	0	4066
3054	4013	15	153	38	0	4219
3055	111	6	80	4111	0	4308
3056	57	10	4127	127	0	4321
3057	4079	12	125	93	0	4309
3058	4232	10	55	88	0	4385
3059	144	7	4298	68	0	4517
3060	4417	11	109	56	0	4593
3061	4544	6	55	46	0	4651
3062	179	5	4344	63	0	4591
3063	4386	4	113	67	0	4570
3064	4459	9	62	62	0	4592
3065	153	11	4291	55	0	4510
3066	70	16	4603	43	0	4732
3067	37	24	146	4649	0	4856
3068	29	28	4719	159	0	4935
3069	4653	27	130	95	0	4905
3070	136	43	52	4634	0	4865
3071	77	42	30	4721	0	4870
3072	59	36	4489	164	0	4748
3073	61	28	112	4486	0	4687
3074	54	22	4523	162	0	4761
3075	4531	23	121	106	0	4781
3076	4680	14	55	65	0	4814
3077	170	22	4553	62	0	4807
3078	4575	10	129	65	0	4779
3079	4710	14	60	71	0	4855
3080	196	9	4619	61	0	4885
3081	4689	12	121	88	0	4910
3082	4725	7	72	73	0	4877
3083	168	13	4641	76	0	4898
3084	4644	20	121	74	0	4859
3085	139	22	4701	85	0	4947
3086	63	24	126	4682	0	4895
3087	40	16	56	4783	0	4895
3088	32	25	32	4879	0	4968
3089	38	24	4652	210	0	4924
3090	4444	34	117	108	0	4703
3091	143	34	4601	68	0	4846
3092	56	3979	99	39	0	4173
3093	27	3897	36	32	0	3992
3094	3700	77	36	25	0	3838
3095	83	33	24	3561	0	3701
3096	34	3576	18	62	0	3690
3097	3372	53	9	20	0	3454
3098	3382	20	15	8	0	3425
3099	74	3296	10	9	0	3389
3100	30	50	8	3047	0	3135
3101	18	3140	7	50	0	3215
3102	3147	48	13	21	0	3229
3103	3196	21	10	10	0	3237
3104	82	9	10	3056	0	3157
3105	3122	3	17	51	0	3193
3106	70	5	8	3122	0	3205
3107	31	7	3108	62	0	3208
3108	3051	3	61	23	0	3138
3109	71	2	3120	16	0	3209
3110	32	9	60	3030	0	3131
3111	3085	1	30	68	0	3184
3112	73	10	17	3093	0	3193
3113	30	5	3119	65	0	3219
3114	18	0	3098	24	0	3140
3115	20	46	68	3076	0	3210
3116	3065	4	35	63	0	3167
3117	64	3075	15	24	0	3178
3118	22	49	12	3085	0	3168
3119	19	14	3109	60	0	3202
3120	3062	5	61	21	0	3149
3121	3186	3	28	9	0	3226
3122	78	6	3131	12	0	3227
3123	3150	4	65	14	0	3233
3124	73	3	23	3238	0	3337
3125	30	2	3215	55	0	3302
3126	3165	3	58	28	0	3254
3127	63	6	26	3149	0	3244
3128	27	6	11	3140	0	3184
3129	3163	4	12	62	0	3241
3130	62	3058	8	19	0	3147
3131	21	3159	8	13	0	3201
3132	3130	58	12	17	0	3217
3133	3123	17	15	9	0	3164
3134	71	11	3118	12	0	3212
3135	27	6	3094	7	0	3134
3136	23	6	61	3102	0	3192
3137	3147	5	28	50	0	3230
3138	3096	7	16	25	0	3144
3139	3169	4	8	14	0	3195
3140	66	3098	6	11	0	3181
3141	25	3199	8	8	0	3240
3142	22	59	4	3261	0	3346
3143	21	19	7	3232	0	3279
3144	19	9	7	3347	0	3382
3145	14	8	3424	68	0	3514
3146	19	2	3240	29	0	3290
3147	3393	2	64	14	0	3473
3148	3526	3	23	15	0	3567
3149	69	5	21	3465	0	3560
3150	26	1	12	3475	0	3514
3151	24	3	7	3562	0	3596
3152	20	5	3469	69	0	3563
3153	12	9	3461	31	0	3513
3154	7	6	63	3488	0	3564
3155	13	7	3515	72	0	3607
3156	8	3371	68	24	0	3471
3157	9	3465	22	16	0	3512
3158	3409	57	25	18	0	3509
3159	65	3285	11	12	0	3373
3160	25	64	14	3249	0	3352
3161	19	18	9	3261	0	3307
3162	15	3402	7	73	0	3497
3163	15	70	10	3437	0	3532
3164	23	11	3367	79	0	3480
3165	17	3371	62	21	0	3471
3166	13	76	14	3162	0	3265
3167	5	11	3129	63	0	3208
3168	9	3053	58	19	0	3139
3169	17	52	11	2967	0	3047
3170	11	3025	18	53	0	3107
3171	12	58	5	3006	0	3081
3172	11	12	5	2958	0	2986
3173	10	2991	9	50	0	3060
3174	2931	53	6	22	0	3012
3175	2891	9	7	23	0	2930
3176	57	2872	10	15	0	2954
3177	21	2951	8	13	0	2993
3178	21	47	11	2949	0	3028
3179	7	22	2945	50	0	3024
3180	2843	21	52	15	0	2931
3181	2902	7	9	24	0	2942
3182	61	9	2879	7	0	2956
3183	2846	9	47	15	0	2917
3184	2936	9	10	17	0	2972
3185	58	9	2851	12	0	2930
3186	2802	5	51	14	0	2872
3187	74	6	2894	12	0	2986
3188	15	2932	65	11	0	3023
3189	2976	56	16	7	0	3055
3190	2996	11	21	14	0	3042
3191	61	20	2994	12	0	3087
3192	3008	11	53	15	0	3087
3193	3148	7	10	19	0	3184
3194	63	6	3099	9	0	3177
3195	3123	9	52	11	0	3195
3196	3215	9	11	14	0	3249
3197	66	4	3143	13	0	3226
3198	3152	13	52	15	0	3232
3199	66	9	12	3091	0	3178
3200	14	15	26	3124	0	3179
3201	25	9	3065	61	0	3160
3202	19	8	3036	30	0	3093
3203	13	14	60	3075	0	3162
3204	15	16	25	3135	0	3191
3205	3154	8	20	60	0	3242
3206	63	7	3128	23	0	3221
3207	3135	10	59	20	0	3224
3208	78	12	12	3219	0	3321
3209	13	8	3259	64	0	3344
3210	3409	8	51	12	0	3480
3211	63	9	11	3510	0	3593
3212	12	8	3559	60	0	3639
3213	3456	16	61	20	0	3553
3214	63	15	14	3485	0	3577
3215	3497	3	24	58	0	3582
3216	74	5	3628	15	0	3722
3217	23	5	56	3442	0	3526
3218	24	3699	15	52	0	3790
3219	3769	56	20	11	0	3856
3220	3741	17	11	16	0	3785
3221	73	3856	11	11	0	3951
3222	3893	62	9	9	0	3973
3223	3895	14	9	9	0	3927
3224	3849	15	13	12	0	3889
3225	103	3756	9	9	0	3877
3226	39	61	10	3812	0	3922
3227	24	18	3857	64	0	3963
3228	22	17	69	3784	0	3892
3229	19	4	18	3850	0	3891
3230	15	1	3833	85	0	3934
3231	12	7	3771	31	0	3821
3232	23	8	78	3642	0	3751
3233	17	3871	33	48	0	3969
3234	3909	62	22	19	0	4012
3235	3869	25	5	19	0	3918
3236	83	4008	12	9	0	4112
3237	4079	62	10	8	0	4159
3238	4096	20	7	14	0	4137
3239	83	20	4072	12	0	4187
3240	3965	9	64	13	0	4051
3241	83	4100	20	14	0	4217
3242	28	64	4032	11	0	4135
3243	27	21	3943	13	0	4004
3244	19	3956	89	17	0	4081
3245	3909	59	36	9	0	4013
3246	74	22	3972	4	0	4072
3247	25	16	61	3962	0	4064
3248	24	9	3980	61	0	4074
3249	3846	4	81	26	0	3957
3250	76	7	4600	21	0	4704
3251	25	11	4586	11	0	4633
3252	4577	4	80	8	0	4669
3253	68	4729	36	11	0	4844
3254	4850	63	22	12	0	4947
3255	4911	20	9	11	0	4951
3256	79	21	12	4848	0	4960
3257	31	5179	17	60	0	5287
3258	5288	65	6	36	0	5395
3259	77	21	5284	16	0	5398
3260	5147	14	62	12	0	5235
3261	75	5331	32	8	0	5446
3262	5199	51	15	8	0	5273
3263	5198	20	13	7	0	5238
3264	73	5247	10	8	0	5338
3265	26	49	13	5299	0	5387
3266	5361	19	8	47	0	5435
3267	58	5315	9	29	0	5411
3268	26	51	5	5360	0	5442
3269	5471	21	15	56	0	5563
3270	69	9	8	5731	0	5817
3271	26	12	11	5680	0	5729
3272	19	5726	10	70	0	5825
3273	5775	59	10	28	0	5872
3274	5851	32	8	14	0	5905
3275	5995	8	4	11	0	6018
3276	90	6083	9	10	0	6192
3277	6166	64	14	16	0	6260
3278	6193	25	9	11	0	6238
3279	93	10	3	6116	0	6222
3280	37	10	10	6146	0	6203
3281	23	5	6140	84	0	6252
3282	17	11	63	5999	0	6090
3283	20	12	22	5903	0	5957
3284	22	8	6142	83	0	6255
3285	5666	10	61	41	0	5778
3286	70	15	6153	16	0	6254
3287	36	10	6322	9	0	6377
3288	35	6	72	6324	0	6437
3289	23	11	33	6386	0	6453
3290	20	6520	18	71	0	6629
3291	6500	62	4	29	0	6595
3292	6438	25	8	14	0	6485
3293	89	6419	10	14	0	6532
3294	38	6703	9	13	0	6763
3295	23	79	8	6712	0	6822
3296	21	6950	12	58	0	7041
3297	6973	77	9	38	0	7097
3298	7009	26	8	22	0	7065
3299	102	13	15	6939	0	7069
3300	39	9	11	7049	0	7108
3301	7013	8	12	105	0	7138
3302	83	15	6848	35	0	6981
3303	6822	10	77	15	0	6924
3304	89	9	6916	15	0	7029
3305	6842	6	70	12	0	6930
3306	76	22	28	6895	0	7021
3307	36	6	7013	68	0	7123
3308	17	17	6873	28	0	6935
3309	6785	49	96	31	0	6961
3310	6865	7	27	13	0	6912
3311	77	7109	7	4	0	7197
3312	34	57	4	7404	0	7499
3313	15	23	6	7681	0	7725
3314	7634	4	8	110	0	7756
3315	96	7617	2	26	0	7741
3316	7568	85	9	19	0	7681
3317	99	7500	7	10	0	7616
3318	23	7564	5	20	0	7612
3319	7522	91	6	18	0	7637
3320	94	21	7436	6	0	7557
3321	26	11	86	7398	0	7521
3322	19	8	16	7544	0	7587
3323	10	8	7573	100	0	7691
3324	11	8	84	7446	0	7549
3325	28	8	37	6721	0	6794
3326	9	7570	10	94	0	7683
3327	7600	88	7	32	0	7727
3328	101	24	7645	13	0	7783
3329	7351	16	79	17	0	7463
3330	94	7671	15	19	0	7799
3331	33	89	8	7726	0	7856
3332	7976	23	9	105	0	8113
3333	103	11	5	7968	0	8087
3334	26	12	7	8007	0	8052
3335	16	6	7976	113	0	8111
3336	7530	7	87	36	0	7660
3337	7885	10	23	30	0	7948
3338	117	7	7874	19	0	8017
3339	34	3	96	7831	0	7964
3340	31	6	7916	95	0	8048
3341	7739	6	90	41	0	7876
3342	8080	6	30	17	0	8133
3343	112	4	14	7995	0	8125
3344	8021	4	10	97	0	8132
3345	99	15	8467	28	0	8609
3346	35	9	86	8390	0	8520
3347	32	4	25	8363	0	8424
3348	27	8	9	8622	0	8666
3349	13	18	13	8564	0	8608
3350	7893	9	11	112	0	8025
3351	93	11	7799	29	0	7932
3352	26	10	82	7860	0	7978
3353	25	5	7732	94	0	7856
3354	20	3	7598	34	0	7655
3355	17	3	89	7554	0	7663
3356	20	3	22	7653	0	7698
3357	7389	5	18	110	0	7522
3358	87	6	12	7368	0	7473
3359	29	8	11	7456	0	7504
3360	21	5	12	7576	0	7614
3361	7517	7	8	134	0	7666
3362	7575	5	12	41	0	7633
3363	7627	6	15	25	0	7673
3364	7531	3	7	32	0	7573
3365	92	7747	11	22	0	7872
3366	38	87	7	7803	0	7935
3367	22	25	4	7955	0	8006
3368	8027	10	6	138	0	8181
3369	119	8338	12	51	0	8520
3370	33	121	5	8729	0	8888
3371	20	25	9455	149	0	9649
3372	10053	10	180	54	0	10297
3373	259	10706	40	27	0	11032
3374	11223	256	31	32	0	11542
3375	11702	57	16	22	0	11797
3376	386	36	12	11547	0	11981
3377	108	19	11692	322	0	12141
3378	63	13	305	12053	0	12434
3379	12209	11	66	370	0	12656
3380	349	14	32	12262	0	12657
3381	12214	9	25	378	0	12626
3382	365	12076	22	115	0	12578
3383	12786	331	17	83	0	13217
3384	393	82	11	12984	0	13470
3385	136	34	14	13883	0	14067
3386	13862	26	13	472	0	14373
3387	13934	17	20	136	0	14107
3388	14077	15	13	82	0	14187
3389	14072	14	15	58	0	14159
3390	14004	11	10	66	0	14091
3391	511	11	18	13565	0	14105
3392	177	26	13266	376	0	13845
3393	118	13318	300	106	0	13842
3394	13148	328	79	89	0	13644
3395	402	66	12912	67	0	13447
3396	12779	40	333	49	0	13201
3397	420	12880	87	37	0	13424
3398	13193	339	50	49	0	13631
3399	440	78	32	13100	0	13650
3400	184	48	17	13413	0	13662
3401	119	41	13297	432	0	13889
3402	118	23	343	13292	0	13776
3403	86	22	13666	414	0	14188
3404	96	28	13687	143	0	13954
3405	13786	18	425	114	0	14343
3406	14441	20	141	81	0	14683
3407	479	31	14013	66	0	14589
3408	13894	28	366	74	0	14362
3409	14396	26	104	73	0	14599
3410	512	25	13893	64	0	14494
3411	190	13755	354	77	0	14376
3412	207	359	146	14150	0	14862
3413	14394	81	71	387	0	14933
3414	14827	41	59	134	0	15061
3415	14835	32	50	89	0	15006
3416	14849	29	46	77	0	15001
3417	14763	28	54	62	0	14907
3418	539	30	14112	61	0	14742
3419	235	34	14392	62	0	14723
3420	184	79	407	14304	0	14974
3421	14525	52	159	369	0	15105
3422	14797	49	86	139	0	15071
3423	14869	29	73	100	0	15071
3424	14415	41	56	114	0	14626
3425	522	14352	55	100	0	15029
3426	245	15239	56	118	0	15658
3427	15206	370	56	138	0	15770
3428	15526	109	73	103	0	15811
3429	515	15261	49	111	0	15936
3430	15560	349	59	113	0	16081
3431	519	114	15377	93	0	16103
3432	300	67	362	15170	0	15899
3433	238	62	15278	385	0	15963
3434	229	46	15237	165	0	15677
3435	232	49	419	15281	0	15981
3436	236	44	133	15663	0	16076
3437	216	47	15762	443	0	16468
3438	209	51	379	15248	0	15887
3439	192	62	128	15919	0	16301
3440	15842	49	84	490	0	16465
3441	16016	44	104	187	0	16351
3442	561	58	81	15841	0	16541
3443	282	71	15857	399	0	16609
3444	233	15854	367	167	0	16621
3445	15726	332	159	146	0	16363
3446	473	117	16125	119	0	16834
3447	239	15613	414	106	0	16372
3448	185	16460	163	141	0	16949
3449	16552	386	119	135	0	17192
3450	16975	121	105	119	0	17320
3451	564	59	104	16616	0	17343
3452	263	64	17636	410	0	18373
3453	212	59	446	17592	0	18309
3454	213	65	178	17911	0	18367
3455	224	43	119	18229	0	18615
3456	17919	46	129	544	0	18638
3457	519	17474	113	212	0	18318
3458	260	18415	106	142	0	18923
3459	225	424	100	18105	0	18854
3460	196	151	98	18675	0	19120
3461	18422	92	90	545	0	19149
3462	18368	80	94	224	0	18766
3463	18550	46	84	177	0	18857
3464	604	18091	90	135	0	18920
3465	18180	353	86	120	0	18739
3466	576	272	89	17816	0	18753
3467	328	75	17633	406	0	18442
3468	278	72	16653	167	0	17170
3469	16589	52	447	157	0	17245
3470	454	38	16580	106	0	17178
3471	191	63	15499	82	0	15835
3472	14212	38	267	64	0	14581
3473	222	20	14421	41	0	14704
3474	90	20	14003	32	0	14145
3475	91	130	193	13389	0	13803
3476	64	8	14151	103	0	14326
3477	54	19	116	13533	0	13722
3478	57	12	58	13195	0	13322
3479	33	13	13980	120	0	14146
3480	24	13976	99	53	0	14152
3481	14013	81	56	51	0	14201
3482	113	25	14280	30	0	14448
3483	47	16	13852	15	0	13930
3484	12211	12	129	36	0	12388
3485	101	12	13231	4	0	13348
3486	29	12662	89	18	0	12798
3487	24	11507	67	28	0	11626
3488	32	78	27	13067	0	13204
3489	14	28	24	12817	0	12883
3490	13323	17	18	121	0	13479
3491	13216	10	13	46	0	13285
3492	13319	10	11	30	0	13370
3493	111	7	9	13263	0	13390
3494	13387	6	12	101	0	13506
3495	13210	7	11	48	0	13276
3496	115	13	13277	25	0	13430
3497	58	11	12638	19	0	12726
3498	27	13179	101	20	0	13327
3499	22	86	30	13409	0	13547
3500	13435	29	18	88	0	13570
3501	83	13078	17	37	0	13215
3502	36	86	14	13310	0	13446
3503	13079	29	13	103	0	13224
3504	12857	15	7	54	0	12933
3505	110	12896	6	37	0	13049
3506	12864	83	11	31	0	12989
3507	12894	24	9	36	0	12963
3508	115	17	10	12781	0	12923
3509	46	12	12908	85	0	13051
3510	30	12464	86	49	0	12629
3511	30	12647	32	35	0	12744
3512	12145	97	33	28	0	12303
3513	99	43	20	12073	0	12235
3514	47	27	12050	70	0	12194
3515	24	12010	72	42	0	12148
3516	12108	76	30	27	0	12241
3517	12183	27	16	26	0	12252
3518	108	19	12221	16	0	12364
3519	55	12	80	11883	0	12030
3520	39	13	28	12507	0	12587
3521	30	16	13132	109	0	13287
3522	12987	9	125	73	0	13194
3523	15899	7	45	35	0	15986
3524	282	12	30	18274	0	18598
3525	109	19206	31	363	0	19709
3526	65	427	20	20553	0	21065
3527	46	172	20525	524	0	21267
3528	20209	92	449	238	0	20988
3529	503	51	189	21036	0	21779
3530	215	42	20876	556	0	21689
3531	20219	53	513	262	0	21047
3532	537	32	213	20779	0	21561
3533	249	21	146	20889	0	21305
3534	20500	16	116	699	0	21331
3535	553	20555	84	355	0	21547
3536	20678	470	69	215	0	21432
3537	643	186	62	20460	0	21351
3538	20561	107	49	587	0	21304
3539	650	76	20197	312	0	21235
3540	321	20323	481	223	0	21348
3541	225	521	208	20758	0	21712
3542	20913	241	122	607	0	21883
3543	608	20861	99	313	0	21881
3544	323	563	92	21102	0	22080
3545	21241	236	97	659	0	22233
3546	21186	154	88	324	0	21752
3547	836	113	76	20675	0	21700
3548	435	97	20323	701	0	21556
3549	299	94	20230	372	0	20995
3550	19957	89	698	299	0	21043
3551	713	19802	311	218	0	21044
3552	380	19545	186	181	0	20292
3553	19071	689	184	167	0	20111
3554	674	19388	147	170	0	20379
3555	366	641	140	19266	0	20413
3556	284	305	112	19835	0	20536
3557	19451	239	78	801	0	20569
3558	19279	195	62	412	0	19948
3559	19476	157	61	286	0	19980
3560	952	148	18497	228	0	19825
3561	501	138	525	18687	0	19851
3562	385	96	18628	703	0	19812
3563	323	90	18546	371	0	19330
3564	307	73	19096	266	0	19742
3565	249	91	887	18584	0	19811
3566	233	105	19030	682	0	20050
3567	200	115	19504	389	0	20208
3568	204	132	936	19121	0	20393
3569	19236	131	460	747	0	20574
3570	748	107	19350	385	0	20590
3571	397	104	754	19007	0	20262
3572	306	95	393	19770	0	20564
3573	259	86	19507	942	0	20794
3574	267	90	736	19363	0	20456
3575	278	94	19437	879	0	20688
3576	276	101	771	18953	0	20101
3577	247	127	403	19314	0	20091
3578	221	110	291	19486	0	20108
3579	209	102	251	19405	0	19967
3580	18349	82	276	1100	0	19807
3581	18679	69	244	606	0	19598
3582	885	85	18046	456	0	19472
3583	444	17633	719	418	0	19214
3584	337	561	18237	345	0	19480
3585	280	218	18338	321	0	19157
3586	17713	145	932	287	0	19077
3587	767	17936	510	290	0	19503
3588	18089	590	428	270	0	19377
3589	777	18365	356	262	0	19760
3590	18365	699	352	260	0	19676
3591	18860	303	344	274	0	19781
3592	973	201	296	18097	0	19567
3593	485	18293	223	802	0	19803
3594	384	665	175	18590	0	19814
3595	333	334	189	18983	0	19839
3596	291	200	18189	1061	0	19741
3597	290	18226	683	596	0	19795
3598	264	633	392	18572	0	19861
3599	17781	309	290	924	0	19304
3600	18828	201	276	529	0	19834
3601	19083	156	263	384	0	19886
3602	958	18449	271	368	0	20046
3603	18960	670	249	298	0	20177
3604	889	19438	216	301	0	20844
3605	530	757	227	19851	0	21365
3606	429	347	19768	792	0	21336
3607	397	243	782	19499	0	20921
3608	313	19713	389	856	0	21271
3609	278	754	292	19825	0	21149
3610	224	396	264	20066	0	20950
3611	221	19825	216	1099	0	21361
3612	19891	804	215	574	0	21484
3613	801	396	187	19894	0	21278
3614	404	286	19363	982	0	21035
3615	313	236	708	19743	0	21000
3616	300	170	343	20354	0	21167
3617	273	186	19601	1167	0	21227
3618	318	201	747	19021	0	20287
3619	254	19318	360	1008	0	20940
3620	391	720	19254	603	0	20968
3621	516	365	18870	432	0	20183
3622	209	17999	914	390	0	19512
3623	164	16134	424	285	0	17007
3624	136	13641	210	156	0	14143
3625	11740	521	407	151	0	12819
3626	10958	135	112	86	0	11291
3627	10766	62	45	70	0	10943
3628	370	45	45	10537	0	10997
3629	122	53	10363	309	0	10847
3630	68	50	277	10343	0	10738
3631	55	48	108	10557	0	10768
3632	10274	42	64	383	0	10763
3633	10343	52	52	155	0	10602
3634	337	10319	50	96	0	10802
3635	10268	258	43	87	0	10656
3636	10418	94	42	77	0	10631
3637	10630	59	47	77	0	10813
3638	362	49	10205	85	0	10701
3639	132	52	10223	64	0	10471
3640	88	101	306	9883	0	10378
3641	65	44	9904	294	0	10307
3642	9380	50	261	99	0	9790
3643	9607	38	85	71	0	9801
3644	297	36	9255	47	0	9635
3645	8984	29	213	45	0	9271
3646	242	9037	73	53	0	9405
3647	9115	208	52	44	0	9419
3648	252	74	37	8966	0	9329
3649	112	42	19	8822	0	8995
3650	71	8946	30	252	0	9299
3651	8932	205	28	90	0	9255
3652	9063	83	32	46	0	9224
3653	278	8922	21	47	0	9268
3654	119	211	28	8702	0	9060
3655	78	82	33	8735	0	8928
3656	57	8654	36	265	0	9012
3657	51	221	33	8673	0	8978
3658	61	85	28	8858	0	9032
3659	8595	50	37	274	0	8956
3660	8696	38	26	112	0	8872
3661	287	45	8462	71	0	8865
3662	8407	41	202	71	0	8721
3663	250	35	8398	68	0	8751
3664	102	82	205	8219	0	8608
3665	62	41	8236	227	0	8566
3666	48	8071	204	111	0	8434
3667	95	238	92	7636	0	8061
3668	70	88	38	7727	0	7923
3669	7554	33	30	227	0	7844
3670	193	28	32	7390	0	7643
3671	89	30	7160	204	0	7483
3672	7182	37	163	100	0	7482
3673	7325	36	70	65	0	7496
3674	7451	28	51	60	0	7590
3675	7405	34	33	58	0	7530
3676	256	41	25	7556	0	7878
3677	123	26	29	7842	0	8020
3678	79	24	27	8233	0	8363
3679	63	29	32	8359	0	8483
3680	8110	32	35	293	0	8470
3681	8216	19	36	132	0	8403
3682	284	16	35	7733	0	8068
3683	127	7820	38	215	0	8200
3684	7906	188	34	116	0	8244
3685	249	73	7797	76	0	8195
3686	124	7836	190	70	0	8220
3687	7562	196	82	54	0	7894
3688	214	7549	38	52	0	7853
3689	107	185	7389	42	0	7723
3690	7402	80	178	55	0	7715
3691	7508	40	69	47	0	7664
3692	268	45	7310	40	0	7663
3693	135	21	184	7414	0	7754
3694	101	29	76	7472	0	7678
3695	89	7540	40	248	0	7917
3696	74	188	31	7588	0	7881
3697	7393	71	33	244	0	7741
3698	217	7489	32	119	0	7857
3699	100	198	33	7272	0	7603
3700	86	87	19	7341	0	7533
3701	75	32	7059	256	0	7422
3702	56	7043	167	113	0	7379
3703	6473	198	95	82	0	6848
3704	169	5828	28	61	0	6086
3705	72	5490	22	30	0	5614
3706	5335	161	77	40	0	5613
3707	171	46	14	5176	0	5407
3708	63	39	16	5253	0	5371
3709	5176	38	16	162	0	5392
3710	146	11	16	5246	0	5419
3711	67	23	14	5339	0	5443
3712	5328	26	15	179	0	5548
3713	161	20	9	5299	0	5489
3714	64	5298	24	161	0	5547
3715	5338	132	16	72	0	5558
3716	152	53	5181	43	0	5429
3717	73	5029	120	48	0	5270
3718	42	157	36	4870	0	5105
3719	40	42	4783	128	0	4993
3720	30	20	4808	67	0	4925
3721	48	174	115	4447	0	4784
3722	4393	23	51	124	0	4591
3723	106	16	19	4369	0	4510
3724	50	16	23	4405	0	4494
3725	31	23	6	4475	0	4535
3726	43	14	16	4471	0	4544
3727	24	28	12	4507	0	4571
3728	24	20	4276	138	0	4458
3729	26	13	4226	67	0	4332
3730	25	14	115	4271	0	4425
3731	18	24	4272	120	0	4434
3732	29	4288	94	61	0	4472
3733	26	89	47	4337	0	4499
3734	24	42	4252	110	0	4428
3735	4004	14	101	70	0	4189
3736	96	4132	35	47	0	4310
3737	38	4028	19	44	0	4129
3738	23	4115	21	38	0	4197
3739	46	104	22	4003	0	4175
3740	3978	48	18	94	0	4138
3741	79	28	14	4009	0	4130
3742	3923	26	18	87	0	4054
3743	73	3821	18	59	0	3971
3744	3950	78	14	47	0	4089
3745	93	38	18	3942	0	4091
3746	49	29	13	3959	0	4050
3747	19	3913	12	112	0	4056
3748	32	71	17	3966	0	4086
3749	23	35	18	4013	0	4089
3750	18	24	11	4009	0	4062
3751	3889	32	7	120	0	4048
3752	3748	23	12	68	0	3851
3753	92	17	3842	58	0	4009
3754	3857	12	74	48	0	3991
3755	97	16	3934	41	0	4088
3756	53	17	72	3913	0	4055
3757	25	23	48	3948	0	4044
3758	32	12	21	4015	0	4080
3759	14	17	3908	127	0	4066
3760	20	17	71	3969	0	4077
3761	18	25	4038	102	0	4183
3762	21	18	78	4063	0	4180
3763	4045	16	45	106	0	4212
3764	75	13	4073	77	0	4238
3765	4106	11	78	50	0	4245
3766	82	13	33	4204	0	4332
3767	4177	15	23	98	0	4313
3768	83	4161	26	70	0	4340
3769	53	64	16	4275	0	4408
3770	25	35	4433	104	0	4597
3771	34	38	70	4337	0	4479
3772	26	78	37	4262	0	4403
3773	21	4292	29	123	0	4465
3774	29	67	4231	57	0	4384
3775	15	4219	73	54	0	4361
3776	3817	84	37	37	0	3975
3777	57	3919	14	25	0	4015
3778	3668	48	43	20	0	3779
3779	3624	17	23	18	0	3682
3780	3629	10	5	24	0	3668
3781	74	4	2	3647	0	3727
3782	27	7	3654	63	0	3751
3783	19	5	51	3615	0	3690
3784	9	3671	25	59	0	3764
3785	13	50	13	3692	0	3768
3786	3630	23	8	65	0	3726
3787	49	3641	9	27	0	3726
3788	20	52	11	3559	0	3642
3789	10	21	8	3563	0	3602
3790	3523	9	8	70	0	3610
3791	52	11	3507	30	0	3600
3792	20	3435	55	22	0	3532
3793	23	45	19	3305	0	3392
3794	16	10	3252	36	0	3314
3795	12	24	35	3111	0	3182
3796	8	3139	15	49	0	3211
3797	16	41	12	3231	0	3300
3798	9	14	3	3177	0	3203
3799	6	12	4	3144	0	3166
3800	10	3	3115	53	0	3181
3801	3064	10	33	22	0	3129
3802	37	7	12	3299	0	3355
3803	3567	4	8	55	0	3634
3804	3717	3	4	26	0	3750
3805	3811	4	12	13	0	3840
3806	3788	11	4	12	0	3815
3807	3867	12	3	13	0	3895
3808	76	3	8	3802	0	3889
3809	25	3730	12	65	0	3832
3810	19	62	1	3714	0	3796
3811	7	3697	5	69	0	3778
3812	6	61	8	3560	0	3635
3813	3531	12	2	62	0	3607
3814	42	13	7	3525	0	3587
3815	17	3	3491	54	0	3565
3816	3388	2	38	23	0	3451
3817	49	3470	11	17	0	3547
3818	3522	41	13	11	0	3587
3819	3522	13	5	9	0	3549
3820	3406	8	3	10	0	3427
3821	57	3482	3	4	0	3546
3822	19	40	4	3468	0	3531
3823	13	8	1	3488	0	3510
3824	9	13	3438	49	0	3509
3825	3	10	38	3307	0	3358
3826	9	7	9	3306	0	3331
3827	11	4	5	3385	0	3405
3828	7	3393	2	53	0	3455
3829	3420	37	5	19	0	3481
3830	3328	5	8	12	0	3353
3831	50	14	3461	5	0	3530
3832	19	3453	38	8	0	3518
3833	21	43	5	3491	0	3560
3834	18	8	6	3522	0	3554
3835	14	9	3	3514	0	3540
3836	9	6	3	3554	0	3572
3837	9	5	1	3589	0	3604
3838	6	6	3530	58	0	3600
3839	13	7	3391	31	0	3442
3840	3609	8	44	21	0	3682
3841	3827	3	14	21	0	3865
3842	3870	9	9	17	0	3905
3843	67	11	3	3859	0	3940
3844	27	8	3783	56	0	3874
3845	3771	5	46	21	0	3843
3846	3887	7	11	22	0	3927
3847	61	10	3743	11	0	3825
3848	3751	5	51	23	0	3830
3849	68	7	3965	19	0	4059
3850	26	4	55	3974	0	4059
3851	21	3	4004	63	0	4091
3852	3928	2	59	27	0	4016
3853	4055	7	16	22	0	4100
3854	4078	8	15	18	0	4119
3855	4066	4	8	24	0	4102
3856	88	6	4117	10	0	4221
3857	32	4130	51	16	0	4229
3858	4192	52	17	24	0	4285
3859	4219	13	15	21	0	4268
3860	83	10	4164	14	0	4271
3861	26	14	61	4038	0	4139
3862	26	10	25	4139	0	4200
3863	28	3	4049	73	0	4153
3864	3876	10	58	34	0	3978
3865	4011	7	30	26	0	4074
3866	82	4029	17	19	0	4147
3867	4124	58	20	21	0	4223
3868	4080	21	14	20	0	4135
3869	4111	8	15	18	0	4152
3870	3936	2	14	14	0	3966
3871	101	6	3816	12	0	3935
3872	3796	7	57	17	0	3877
3873	93	41	16	3750	0	3900
3874	36	3808	26	63	0	3933
3875	37	63	3772	19	0	3891
3876	29	3826	55	28	0	3938
3877	42	90	31	3573	0	3736
3878	15	14	3627	51	0	3707
3879	3463	8	55	21	0	3547
3880	59	3	3604	18	0	3684
3881	3559	0	56	6	0	3621
3882	68	2	14	3529	0	3613
3883	25	8	17	3526	0	3576
3884	25	3471	8	61	0	3565
3885	24	3623	9	22	0	3678
3886	23	54	9	3716	0	3802
3887	3696	22	7	51	0	3776
3888	3719	6	9	20	0	3754
3889	3731	4	19	18	0	3772
3890	79	4	3751	9	0	3843
3891	3740	1	45	18	0	3804
3892	66	9	3818	9	0	3902
3893	30	6	3707	11	0	3754
3894	3676	16	68	8	0	3768
3895	3804	4	28	16	0	3852
3896	65	7	3843	7	0	3922
3897	44	2	48	3804	0	3898
3898	27	2	25	3952	0	4006
3899	3984	2	16	49	0	4051
3900	3936	4	9	31	0	3980
3901	63	5	4129	24	0	4221
3902	25	3978	41	13	0	4057
3903	21	3835	18	7	0	3881
3904	3720	38	21	11	0	3790
3905	70	17	10	3640	0	3737
3906	29	6	6	3695	0	3736
3907	23	4	3	3736	0	3766
3908	3707	2	11	34	0	3754
3909	38	1	3	3749	0	3791
3910	3752	2	15	32	0	3801
3911	3882	3	10	16	0	3911
3912	55	4175	7	13	0	4250
3913	28	30	4	4661	0	4723
3914	9	12	4741	40	0	4802
3915	4706	8	40	26	0	4780
3916	4858	6	20	18	0	4902
3917	4902	1	11	10	0	4924
3918	76	1	4977	9	0	5063
3919	28	1	59	5003	0	5091
3920	5158	10	20	50	0	5238
3921	5020	13	7	27	0	5067
3922	5041	3	9	12	0	5065
3923	70	4985	7	22	0	5084
3924	35	5303	5	17	0	5360
3925	25	57	3	5422	0	5507
3926	28	21	6	5368	0	5423
3927	20	5405	6	66	0	5497
3928	5420	50	3	26	0	5499
3929	63	22	5494	15	0	5594
3930	33	10	49	5500	0	5592
3931	18	7	22	5430	0	5477
3932	18	9	5381	67	0	5475
3933	5194	8	58	29	0	5289
3934	5485	4	24	18	0	5531
3935	78	5384	8	15	0	5485
3936	5409	50	17	18	0	5494
3937	68	28	5630	13	0	5739
3938	5781	6	50	18	0	5855
3939	87	9	5850	8	0	5954
3940	5746	17	72	14	0	5849
3941	5799	9	27	12	0	5847
3942	5811	5	16	10	0	5842
3943	5759	5	7	16	0	5787
3944	70	5751	7	11	0	5839
3945	5890	38	11	10	0	5949
3946	6044	16	10	8	0	6078
3947	76	6	6061	7	0	6150
3948	6069	11	39	9	0	6128
3949	62	7	23	6082	0	6174
3950	37	6	6110	47	0	6200
3951	6083	13	52	19	0	6167
3952	69	9	25	6213	0	6316
3953	6390	8	7	58	0	6463
3954	6768	11	12	55	0	6846
3955	73	11	6875	12	0	6971
3956	6831	4	47	23	0	6905
3957	7026	4	28	15	0	7073
3958	7084	8	3	14	0	7109
3959	7155	7	14	16	0	7192
3960	81	4	20	7031	0	7136
3961	45	7089	8	50	0	7192
3962	6911	50	13	37	0	7011
3963	7314	20	13	9	0	7356
3964	7367	4	9	18	0	7398
3965	93	13	7297	9	0	7412
3966	56	7259	42	11	0	7368
3967	45	43	18	7305	0	7411
3968	44	25	16	7364	0	7449
3969	46	6	7589	60	0	7701
3970	37	11	63	7629	0	7740
3971	45	15	7785	67	0	7912
3972	40	5	68	7747	0	7860
3973	38	10	36	7861	0	7945
3974	36	10	7930	95	0	8071
3975	7738	16	73	51	0	7878
3976	8118	10	37	33	0	8198
3977	115	10	8254	33	0	8412
3978	8158	10	78	32	0	8278
3979	8364	6	41	28	0	8439
3980	114	8	8529	27	0	8678
3981	63	7	80	8433	0	8583
3982	49	4	37	8541	0	8631
3983	8610	6	24	102	0	8742
3984	99	8736	22	44	0	8901
3985	8052	86	22	55	0	8215
3986	8772	30	21	20	0	8843
3987	122	8871	14	26	0	9033
3988	9018	69	24	22	0	9133
3989	9025	30	20	18	0	9093
3990	124	8883	19	21	0	9047
3991	68	75	16	8981	0	9140
3992	54	9047	11	83	0	9195
3993	55	76	17	9116	0	9264
3994	49	42	9089	82	0	9262
3995	48	20	8941	41	0	9050
3996	8869	16	96	44	0	9025
3997	9111	30	36	33	0	9210
3998	119	11	9166	24	0	9320
3999	9129	14	76	36	0	9255
4000	9340	14	44	30	0	9428
4001	9122	12	28	33	0	9195
4002	129	9264	28	23	0	9444
4003	69	67	18	9414	0	9568
4004	9384	30	27	90	0	9531
4005	9367	15	25	47	0	9454
4006	138	7	9457	26	0	9628
4007	77	20	80	9346	0	9523
4008	52	14	42	9455	0	9563
4009	57	9360	16	100	0	9533
4010	58	9669	18	39	0	9784
4011	49	174	18	9327	0	9568
4012	45	9407	12	85	0	9549
4013	9012	69	13	37	0	9131
4014	93	9325	10	23	0	9451
4015	9487	91	11	28	0	9617
4016	114	37	9631	17	0	9799
4017	9983	23	105	25	0	10136
4018	10351	14	39	29	0	10433
4019	10375	13	15	16	0	10419
4020	10217	15	14	17	0	10263
4021	183	10082	17	13	0	10295
4022	74	124	7	10261	0	10466
4023	51	52	15	10233	0	10351
4024	44	17	10136	173	0	10370
4025	39	20	125	9946	0	10130
4026	41	15	55	10163	0	10274
4027	10242	14	13	193	0	10462
4028	166	10366	19	78	0	10629
4029	87	140	21	10518	0	10766
4030	55	53	18	10771	0	10897
4031	42	20	14	10949	0	11025
4032	10854	28	13	219	0	11114
4033	171	19	14	10928	0	11132
4034	10938	15	16	212	0	11181
4035	184	15	16	10990	0	11205
4036	79	21	14	11157	0	11271
4037	49	14	10582	236	0	10881
4038	10028	22	147	106	0	10303
4039	184	10496	54	58	0	10792
4040	10838	149	18	73	0	11078
4041	193	63	22	10733	0	11011
4042	101	22	16	10897	0	11036
4043	10893	21	10	237	0	11161
4044	11069	22	14	104	0	11209
4045	261	21	10	11442	0	11734
4046	108	18	11451	234	0	11811
4047	54	19	11400	128	0	11601
4048	57	12195	254	66	0	12572
4049	12453	238	97	55	0	12843
4050	12652	95	34	48	0	12829
4051	347	38	23	12610	0	13018
4052	127	12847	17	281	0	13272
4053	71	259	9	12872	0	13211
4054	78	96	21	12477	0	12672
4055	61	12044	15	337	0	12457
4056	12219	262	22	145	0	12648
4057	282	109	30	12274	0	12695
4058	122	12440	29	294	0	12885
4059	67	13042	18	124	0	13251
4060	13065	316	17	73	0	13471
4061	309	110	12988	64	0	13471
4062	13073	69	257	69	0	13468
4063	326	70	86	13161	0	13643
4064	155	42	34	13222	0	13453
4065	90	13138	25	369	0	13622
4066	87	326	30	13212	0	13655
4067	95	109	13318	332	0	13854
4068	72	13073	252	169	0	13566
4069	64	13409	92	84	0	13649
4070	13128	330	47	70	0	13575
4071	275	13291	35	78	0	13679
4072	116	281	45	13239	0	13681
4073	75	13327	28	298	0	13728
4074	79	289	22	13465	0	13855
4075	58	118	15	13685	0	13876
4076	51	76	13243	399	0	13769
4077	56	52	261	13089	0	13458
4078	45	61	94	13413	0	13613
4079	13094	58	50	397	0	13599
4080	303	56	13029	183	0	13571
4081	141	65	256	13264	0	13726
4082	96	51	13270	339	0	13756
4083	13091	53	283	179	0	13606
4084	305	13437	110	144	0	13996
4085	14033	300	56	146	0	14535
4086	366	118	53	14344	0	14881
4087	168	78	44	14550	0	14840
4088	103	72	14250	456	0	14881
4089	13485	66	299	246	0	14096
4090	353	14532	100	170	0	15155
4091	14566	334	72	146	0	15118
4092	398	134	58	14598	0	15188
4093	187	14720	58	379	0	15344
4094	14777	358	37	190	0	15362
4095	366	15061	40	150	0	15617
4096	169	373	40	15130	0	15712
4097	121	142	51	15302	0	15616
4098	106	108	48	15182	0	15444
4099	107	14751	47	499	0	15404
4100	99	342	39	14981	0	15461
4101	89	175	43	15247	0	15554
4102	14704	109	47	505	0	15365
4103	14863	100	46	244	0	15253
4104	14937	107	32	179	0	15255
4105	502	96	14732	152	0	15482
4106	14886	87	311	150	0	15434
4107	15302	91	109	157	0	15659
4108	14848	97	78	154	0	15177
4109	492	80	14340	148	0	15060
4110	14613	95	292	127	0	15127
4111	442	74	118	14906	0	15540
4112	209	78	14808	413	0	15508
4113	148	14737	312	210	0	15407
4114	139	478	119	14302	0	15038
4115	122	14207	84	338	0	14751
4116	101	14437	72	185	0	14795
4117	13730	331	108	126	0	14295
4118	301	137	45	13693	0	14176
4119	13754	80	48	320	0	14202
4120	324	71	42	13735	0	14172
4121	13742	65	40	318	0	14165
4122	336	52	33	13736	0	14157
4123	13750	65	46	333	0	14194
4124	329	63	13257	150	0	13799
4125	143	83	253	13383	0	13862
4126	142	68	13401	294	0	13905
4127	102	69	12711	168	0	13050
4128	98	60	13172	126	0	13456
4129	96	133	299	12865	0	13393
4130	82	50	13047	303	0	13482
4131	12723	59	262	141	0	13185
4132	260	50	94	13017	0	13421
4133	114	37	14181	304	0	14636
4134	124	42	228	14093	0	14487
4135	92	43	98	14500	0	14733
4136	78	55	15369	340	0	15842
4137	84	35	249	15250	0	15618
4138	95	33	104	15309	0	15541
4139	89	15544	71	318	0	16022
4140	15614	208	61	167	0	16050
4141	15704	70	52	139	0	15965
4142	328	55	15270	111	0	15764
4143	15000	40	227	108	0	15375
4144	303	35	14889	89	0	15316
4145	131	32	14033	88	0	14284
4146	99	28	14361	74	0	14562
4147	123	229	274	13701	0	14327
4148	56	35	13868	171	0	14130
4149	61	43	143	13423	0	13670
4150	57	26	52	13340	0	13475
4151	55	12	53	13456	0	13576
4152	45	12	35	13463	0	13555
4153	13281	18	37	189	0	13525
4154	13283	23	35	94	0	13435
4155	150	13488	35	76	0	13749
4156	75	106	34	13622	0	13837
4157	64	41	13672	148	0	13925
4158	38	13621	136	86	0	13881
4159	81	178	55	14104	0	14418
4160	30	49	14350	180	0	14609
4161	47	35	159	13830	0	14071
4162	29	20	14144	189	0	14382
4163	35	20	13854	83	0	13992
4164	32	15	187	14208	0	14442
4165	34	17	79	14184	0	14314
4166	14347	13	54	217	0	14631
4167	161	9	38	14196	0	14404
4168	14145	11	31	214	0	14401
4169	173	14012	33	92	0	14310
4170	55	14320	35	82	0	14492
4171	50	164	27	14571	0	14812
4172	14557	59	21	179	0	14816
4173	161	14677	28	70	0	14936
4174	66	164	29	15021	0	15280
4175	15153	37	36	212	0	15438
4176	15252	27	31	80	0	15390
4177	15051	28	30	72	0	15181
4178	15074	22	31	64	0	15191
4179	15390	17	19	48	0	15474
4180	230	18	14877	32	0	15157
4181	90	23	14646	41	0	14800
4182	37	14853	172	43	0	15105
4183	61	189	70	14806	0	15126
4184	38	45	15005	152	0	15240
4185	31	36	14640	57	0	14764
4186	42	65	157	14568	0	14832
4187	22	18	15571	170	0	15781
4188	36	12	15530	57	0	15635
4189	22	18764	208	30	0	19024
4190	19035	326	64	25	0	19450
4191	311	20756	29	21	0	21117
4192	58	398	21	21676	0	22153
4193	22094	65	16	404	0	22579
4194	418	22315	19	90	0	22842
4195	89	419	13	22266	0	22787
4196	50	86	22323	422	0	22881
4197	22200	41	417	99	0	22757
4198	22933	38	85	61	0	23117
4199	23388	12	52	49	0	23501
4200	551	22	35	23167	0	23775
4201	135	23	23233	489	0	23880
4202	76	23335	460	103	0	23974
4203	56	454	93	23610	0	24213
4204	23609	78	45	513	0	24245
4205	495	55	23161	103	0	23814
4206	130	22631	460	77	0	23298
4207	77	448	23192	45	0	23762
4208	22671	84	475	71	0	23301
4209	23853	64	119	44	0	24080
4210	23883	49	62	53	0	24047
4211	609	37	23136	40	0	23822
4212	157	22718	489	54	0	23418
4213	131	454	102	22809	0	23496
4214	74	90	82	23371	0	23617
4215	84	61	54	23381	0	23580
4216	66	44	22661	591	0	23362
4217	22078	30	478	182	0	22768
4218	541	38	22755	99	0	23433
4219	22870	44	516	83	0	23513
4220	23565	43	138	66	0	23812
4221	23626	34	79	77	0	23816
4222	23361	54	62	73	0	23550
4223	630	61	22946	66	0	23703
4224	215	35	501	22883	0	23634
4225	148	83	22706	497	0	23434
4226	141	22085	498	152	0	22876
4227	117	23230	138	101	0	23586
4228	22942	572	77	108	0	23699
4229	22554	189	81	91	0	22915
4230	575	23192	83	96	0	23946
4231	23406	539	69	96	0	24110
4232	668	192	20824	92	0	21776
4233	21877	84	399	109	0	22469
4234	636	22350	152	82	0	23220
4235	22769	555	94	76	0	23494
4236	22144	148	95	86	0	22473
4237	749	94	94	21426	0	22363
4238	289	92	80	21858	0	22319
4239	21376	83	122	663	0	22244
4240	663	103	87	21398	0	22251
4241	21393	82	118	668	0	22261
4242	715	97	86	21432	0	22330
4243	21221	92	117	615	0	22045
4244	21377	81	97	210	0	21765
4245	758	20451	137	127	0	21473
4246	325	21310	115	104	0	21854
4247	20639	632	98	117	0	21486
4248	687	20917	115	105	0	21824
4249	249	643	111	20683	0	21686
4250	219	211	106	21148	0	21684
4251	20344	138	99	727	0	21308
4252	635	20294	117	278	0	21324
4253	295	20125	115	217	0	20752
4254	256	20664	146	157	0	21223
4255	304	684	19955	141	0	21084
4256	282	213	20136	125	0	20756
4257	342	172	20197	124	0	20835
4258	308	390	665	18070	0	19433
4259	265	19206	220	531	0	20222
4260	19245	556	154	211	0	20166
4261	667	202	19020	168	0	20057
4262	289	145	19006	192	0	19632
4263	264	126	19463	139	0	19992
4264	277	160	662	18878	0	19977
4265	264	102	228	19379	0	19973
4266	274	113	173	19541	0	20101
4267	19196	105	155	633	0	20089
4268	19320	156	127	217	0	19820
4269	19505	114	142	149	0	19910
4270	775	125	156	18768	0	19824
4271	322	111	18420	561	0	19414
4272	256	154	18826	185	0	19421
4273	260	101	620	18518	0	19499
4274	259	107	186	18588	0	19140
4275	18098	111	162	648	0	19019
4276	666	17833	132	257	0	18888
4277	17976	500	118	184	0	18778
4278	687	17758	117	207	0	18769
4279	339	535	90	17852	0	18816
4280	284	169	17681	601	0	18735
4281	270	209	516	17675	0	18670
4282	17890	133	150	630	0	18803
4283	684	100	17674	259	0	18717
4284	17252	103	527	191	0	18073
4285	778	76	17029	162	0	18045
4286	368	115	16736	142	0	17361
4287	15711	109	586	158	0	16564
4288	644	95	15657	137	0	16533
4289	187	64	12345	71	0	12667
4290	248	11709	493	82	0	12532
4291	9737	379	441	140	0	10697
4292	9182	53	131	42	0	9408
4293	9016	22	46	45	0	9129
4294	164	24	8715	30	0	8933
4295	8443	18	134	32	0	8627
4296	148	8689	41	21	0	8899
4297	8543	119	22	25	0	8709
4298	141	32	8564	18	0	8755
4299	68	98	127	8086	0	8379
4300	26	17	7992	98	0	8133
4301	26	7850	99	33	0	8008
4302	45	86	61	7453	0	7645
4303	30	23	25	7559	0	7637
4304	7634	7	22	92	0	7755
4305	7639	16	14	29	0	7698
4306	7651	8	11	20	0	7690
4307	7619	6	17	20	0	7662
4308	7545	9	13	13	0	7580
4309	109	6	7483	12	0	7610
4310	52	9	74	7436	0	7571
4311	27	12	7750	75	0	7864
4312	22	14	82	7710	0	7828
4313	7885	6	38	91	0	8020
4314	8035	12	18	43	0	8108
4315	8066	5	24	21	0	8116
4316	8145	11	12	20	0	8188
4317	124	11	8263	14	0	8412
4318	49	9	89	8211	0	8358
4319	37	7	8223	90	0	8357
4320	36	8203	89	41	0	8369
4321	24	8228	48	23	0	8323
4322	46	122	38	8083	0	8289
4323	29	24	22	8867	0	8942
4324	33	12	29	9021	0	9095
4325	24	8	21	9663	0	9716
4326	9530	9	20	188	0	9747
4327	154	9465	19	69	0	9707
4328	9356	139	15	44	0	9554
4329	171	37	13	9288	0	9509
4330	74	17	18	9129	0	9238
4331	42	9199	18	167	0	9426
4332	45	145	14	9205	0	9409
4333	9138	43	10	170	0	9361
4334	165	8835	17	64	0	9081
4335	49	8721	10	39	0	8819
4336	8653	163	15	30	0	8861
4337	160	46	9	8704	0	8919
4338	47	8788	11	156	0	9002
4339	60	136	15	8940	0	9151
4340	8914	41	15	181	0	9151
4341	157	30	10	8871	0	9068
4342	57	24	7	8992	0	9080
4343	8903	17	9	198	0	9127
4344	159	20	10	8856	0	9045
4345	46	8968	3	176	0	9193
4346	43	147	4	8939	0	9133
4347	41	8924	6	171	0	9142
4348	26	158	6	9023	0	9213
4349	8982	43	8	180	0	9213
4350	9117	27	5	60	0	9209
4351	184	21	9	9110	0	9324
4352	65	20	8995	174	0	9254
4353	8786	14	141	73	0	9014
4354	169	20	8961	46	0	9196
4355	8925	14	157	49	0	9145
4356	9112	13	34	34	0	9193
4357	198	16	8861	26	0	9101
4358	63	8813	139	25	0	9040
4359	8894	144	45	22	0	9105
4360	9020	31	27	46	0	9124
4361	178	32	9319	23	0	9552
4362	9261	13	134	45	0	9453
4363	9314	16	36	26	0	9392
4364	9382	11	19	23	0	9435
4365	183	10	12	9236	0	9441
4366	71	11	7	9283	0	9372
4367	40	9269	9	166	0	9484
4368	24	123	14	9383	0	9544
4369	37	33	5	9406	0	9481
4370	30	21	9199	177	0	9427
4371	17	16	8850	76	0	8959
4372	8452	13	153	52	0	8670
4373	8919	9	47	24	0	8999
4374	166	8801	23	29	0	9019
4375	73	126	20	8881	0	9100
4376	40	39	9131	141	0	9351
4377	24	23	137	9204	0	9388
4378	36	25	46	9206	0	9313
4379	34	9	22	9614	0	9679
4380	23	9507	17	192	0	9739
4381	24	143	14	9652	0	9833
4382	24	44	16	9770	0	9854
4383	37	25	9575	199	0	9836
4384	30	12	9607	90	0	9739
4385	9274	17	176	63	0	9530
4386	9632	17	61	36	0	9746
4387	187	21	29	9923	0	10160
4388	83	13	14	9806	0	9916
4389	46	16	16	9950	0	10028
4390	29	21	9549	250	0	9849
4391	36	9400	168	100	0	9704
4392	26	180	9412	73	0	9691
4393	9296	59	190	55	0	9600
4394	190	44	9476	51	0	9761
4395	9370	27	200	43	0	9640
4396	9313	25	63	46	0	9447
4397	9567	19	41	50	0	9677
4398	249	22	24	9320	0	9615
4399	99	15	9289	211	0	9614
4400	65	9307	182	85	0	9639
4401	50	178	63	9218	0	9509
4402	40	57	37	9478	0	9612
4403	34	47	9571	257	0	9909
4404	35	9434	200	109	0	9778
4405	9772	208	64	71	0	10115
4406	237	10043	39	63	0	10382
4407	10793	261	33	48	0	11135
4408	303	67	34	11037	0	11441
4409	118	49	11330	270	0	11767
4410	82	11496	266	112	0	11956
4411	11570	273	104	89	0	12036
4412	306	91	11596	49	0	12042
4413	11508	57	307	52	0	11924
4414	11766	41	101	41	0	11949
4415	381	19	11561	47	0	12008
4416	11389	25	306	41	0	11761
4417	11485	25	109	35	0	11654
4418	11373	20	75	28	0	11496
4419	407	11010	56	25	0	11498
4420	10862	276	30	23	0	11191
4421	349	10951	33	31	0	11364
4422	121	291	10909	25	0	11346
4423	97	10822	263	30	0	11212
4424	10244	301	142	41	0	10728
4425	10429	78	46	19	0	10572
4426	10573	51	32	27	0	10683
4427	345	26	26	10234	0	10631
4428	132	28	27	10513	0	10700
4429	10123	20	29	298	0	10470
4430	10465	24	34	98	0	10621
4431	337	25	24	10192	0	10578
4432	150	23	10087	233	0	10493
4433	87	9733	217	84	0	10121
4434	52	10133	69	62	0	10316
4435	61	262	48	9948	0	10319
4436	54	97	9956	221	0	10328
4437	62	86	217	9582	0	9947
4438	50	9683	82	229	0	10044
4439	62	204	51	9682	0	9999
4440	50	81	9615	242	0	9988
4441	56	53	212	9674	0	9995
4442	52	41	10014	254	0	10361
4443	69	24	238	9967	0	10298
4444	57	32	10182	256	0	10527
4445	52	35	10075	99	0	10261
4446	9857	36	279	74	0	10246
4447	10174	36	108	46	0	10364
4448	10263	29	67	48	0	10407
4449	295	10080	50	42	0	10467
4450	144	213	39	10150	0	10546
4451	9789	83	45	234	0	10151
4452	10239	46	43	97	0	10425
4453	10242	33	36	65	0	10376
4454	328	30	10009	54	0	10421
4455	135	9492	221	61	0	9909
4456	86	10077	92	50	0	10305
4457	9911	265	62	49	0	10287
4458	258	102	61	9793	0	10214
4459	9769	62	48	228	0	10107
4460	285	43	9507	86	0	9921
4461	144	41	230	9198	0	9613
4462	107	44	92	9380	0	9623
4463	93	44	68	9145	0	9350
4464	90	9231	41	289	0	9651
4465	9187	219	43	128	0	9577
4466	9340	85	45	77	0	9547
4467	316	9110	47	64	0	9537
4468	145	229	50	9068	0	9492
4469	9120	93	47	235	0	9495
4470	277	75	37	9133	0	9522
4471	9125	52	37	264	0	9478
4472	296	9048	39	102	0	9485
4473	9088	227	46	63	0	9424
4474	304	112	8947	67	0	9430
4475	151	8990	215	64	0	9420
4476	113	215	8797	55	0	9180
4477	132	206	243	8520	0	9101
4478	8441	71	101	236	0	8849
4479	8550	51	53	92	0	8746
4480	8522	51	46	53	0	8672
4481	306	39	48	8217	0	8610
4482	8284	39	35	234	0	8592
4483	270	35	43	8198	0	8546
4484	8212	32	32	255	0	8531
4485	8411	35	30	110	0	8586
4486	308	27	8313	76	0	8724
4487	130	27	7910	59	0	8126
4488	80	29	7915	58	0	8082
4489	63	51	231	7669	0	8014
4490	7698	20	137	194	0	8049
4491	197	33	53	7778	0	8061
4492	103	26	47	8052	0	8228
4493	8381	27	41	241	0	8690
4494	8453	23	43	105	0	8624
4495	8523	22	37	83	0	8665
4496	8607	26	29	61	0	8723
4497	272	16	27	8467	0	8782
4498	8435	15	32	199	0	8681
4499	216	8371	25	94	0	8706
4500	8421	156	43	66	0	8686
4501	8437	54	55	55	0	8601
4502	240	37	8139	43	0	8459
4503	7826	28	156	49	0	8059
4504	203	24	7798	43	0	8068
4505	96	15	7302	45	0	7458
4506	92	44	7189	32	0	7357
4507	116	255	153	6079	0	6603
4508	41	8	6244	64	0	6357
4509	38	46	64	5738	0	5886
4510	30	9	5935	55	0	6029
4511	27	7	6249	27	0	6310
4512	36	28	59	6113	0	6236
4513	27	12	26	6429	0	6494
4514	27	6	6624	50	0	6707
4515	6448	6	40	34	0	6528
4516	54	5	27	6647	0	6733
4517	31	7	11	6728	0	6777
4518	6765	5	14	62	0	6846
4519	53	6	13	6837	0	6909
4520	30	11	6805	43	0	6889
4521	25	7	6467	24	0	6523
4522	22	31	40	6358	0	6451
4523	18	3	6458	45	0	6524
4524	21	6555	35	21	0	6632
4525	22	30	22	6368	0	6442
4526	6447	3	11	32	0	6493
4527	29	6	6429	14	0	6478
4528	6351	3	28	16	0	6398
4529	27	5	14	6633	0	6679
4530	16	0	10	6678	0	6704
4531	14	1	9	6721	0	6745
4532	8	0	14	6686	0	6708
4533	6734	2	6	38	0	6780
4534	28	7128	8	25	0	7189
4535	15	42	6	7253	0	7316
4536	10	12	10	7276	0	7308
4537	14	3	3	7295	0	7315
4538	15	3	11	7270	0	7299
4539	7233	7	12	69	0	7321
4540	42	7208	13	45	0	7308
4541	7178	34	9	20	0	7241
4542	41	6761	7	18	0	6827
4543	23	6831	5	22	0	6881
4544	6736	45	8	13	0	6802
4545	53	21	6927	10	0	7011
4546	27	10	46	6886	0	6969
4547	7127	7	23	59	0	7216
4548	7236	5	9	35	0	7285
4549	6501	41	21	55	0	6618
4550	7395	6	12	18	0	7431
4551	63	7707	13	19	0	7802
4552	7846	58	6	18	0	7928
4553	8072	22	8	17	0	8119
4554	89	8502	5	15	0	8611
4555	37	86	5	8810	0	8938
4556	26	27	8904	109	0	9066
4557	20	11	105	8917	0	9053
4558	8930	7	28	124	0	9089
4559	112	11	9254	41	0	9418
4560	32	9108	113	34	0	9287
4561	22	114	9363	17	0	9516
4562	21	52	123	8903	0	9099
4563	22	9061	40	101	0	9224
4564	9287	120	18	34	0	9459
4565	110	9383	12	33	0	9538
4566	40	116	13	9364	0	9533
4567	28	32	11	9587	0	9658
4568	9457	23	5	141	0	9626
4569	126	9	10	9317	0	9462
4570	45	9346	7	120	0	9518
4571	9412	113	10	49	0	9584
4572	9487	37	7	30	0	9561
4573	132	9536	15	26	0	9709
4574	9538	115	10	28	0	9691
4575	124	9460	15	25	0	9624
4576	9457	123	9	33	0	9622
4577	125	9479	5	40	0	9649
4578	59	127	7	9237	0	9430
4579	39	35	9	9599	0	9682
4580	9514	31	7	136	0	9688
4581	9690	24	8	59	0	9781
4582	154	9624	7	40	0	9825
4583	60	130	9558	29	0	9777
4584	9736	46	114	29	0	9925
4585	138	32	31	9869	0	10070
4586	57	9795	28	122	0	10002
4587	37	134	10	9915	0	10096
4588	9920	37	8	158	0	10123
4589	10009	29	8	53	0	10099
4590	10090	30	6	48	0	10174
4591	184	22	9	9873	0	10088
4592	81	23	9762	128	0	9994
4593	9215	26	115	53	0	9409
4594	9301	25	32	34	0	9392
4595	9438	23	23	32	0	9516
4596	177	9255	10	35	0	9477
4597	76	119	19	9362	0	9576
4598	64	9483	15	121	0	9683
4599	44	144	10	9528	0	9726
4600	49	55	15	9663	0	9782
4601	42	36	9975	165	0	10218
4602	42	20	148	10635	0	10845
4603	42	29	38	11014	0	11123
4604	11084	21	28	236	0	11369
4605	218	11218	10	94	0	11540
4606	11238	219	16	47	0	11520
4607	11894	65	10	45	0	12014
4608	292	52	16	11727	0	12087
4609	125	38	11858	240	0	12261
4610	69	11418	220	88	0	11795
4611	47	11367	62	69	0	11545
4612	11057	301	39	55	0	11452
4613	239	11148	27	48	0	11462
4614	95	272	19	10901	0	11287
4615	63	92	14	11265	0	11434
4616	50	62	10969	301	0	11382
4617	51	35	10867	108	0	11061
4618	44	10886	275	69	0	11274
4619	48	243	96	10903	0	11290
4620	10931	91	30	263	0	11315
4621	264	63	32	11039	0	11398
4622	96	48	11120	271	0	11535
4623	56	59	236	11101	0	11452
4624	10824	28	79	293	0	11224
4625	10900	37	38	115	0	11090
4626	301	10823	29	81	0	11234
4627	10855	255	34	57	0	11201
4628	274	10845	26	55	0	11200
4629	10872	272	20	56	0	11220
4630	305	105	21	10730	0	11161
4631	116	64	10617	267	0	11064
4632	85	47	10468	104	0	10704
4633	57	10654	280	79	0	11070
4634	95	233	113	10243	0	10684
4635	64	88	46	10540	0	10738
4636	10393	62	28	296	0	10779
4637	10537	44	20	119	0	10720
4638	10685	56	19	73	0	10833
4639	347	31	28	10491	0	10897
4640	134	47	28	10702	0	10911
4641	81	42	29	10789	0	10941
4642	67	51	10470	323	0	10911
4643	77	47	10492	116	0	10732
4644	10357	46	263	83	0	10749
4645	10355	37	97	84	0	10573
4646	296	45	10318	59	0	10718
4647	10081	39	243	83	0	10446
4648	9955	38	91	92	0	10176
4649	294	47	9824	72	0	10237
4650	122	9833	253	56	0	10264
4651	123	277	96	9439	0	9935
4652	88	81	9589	248	0	10006
4653	87	9720	232	127	0	10166
4654	100	302	99	8815	0	9316
4655	61	9209	63	203	0	9536
4656	72	215	9025	89	0	9401
4657	89	87	9115	68	0	9359
4658	81	124	262	9026	0	9493
4659	9041	52	108	247	0	9448
4660	248	50	54	9053	0	9405
4661	8967	44	45	253	0	9309
4662	272	38	45	9000	0	9355
4663	112	49	8885	265	0	9311
4664	8695	48	230	121	0	9094
4665	239	46	8848	86	0	9219
4666	8903	53	247	69	0	9272
4667	272	41	97	8704	0	9114
4668	103	8792	69	248	0	9212
4669	94	216	51	8808	0	9169
4670	76	8974	64	255	0	9369
4671	67	226	73	8625	0	8991
4672	52	8944	70	256	0	9322
4673	8836	241	54	142	0	9273
4674	8989	79	49	108	0	9225
4675	8971	51	55	78	0	9155
4676	309	46	8733	79	0	9167
4677	155	49	225	8722	0	9151
4678	115	53	8829	246	0	9243
4679	89	8486	261	115	0	8951
4680	93	8884	109	90	0	9176
4681	8648	262	87	64	0	9061
4682	262	85	8633	55	0	9035
4683	120	8520	237	51	0	8928
4684	91	232	101	8643	0	9067
4685	8527	82	85	269	0	8963
4686	235	8724	62	101	0	9122
4687	8873	239	58	74	0	9244
4688	277	103	8844	66	0	9290
4689	113	60	240	8962	0	9375
4690	85	41	101	9194	0	9421
4691	61	47	64	9494	0	9666
4692	83	9341	64	332	0	9820
4693	88	276	67	9098	0	9529
4694	83	97	9513	309	0	10002
4695	83	37	283	9473	0	9876
4696	75	44	116	9679	0	9914
4697	89	36	74	9485	0	9684
4698	79	9192	57	363	0	9691
4699	86	245	60	9181	0	9572
4700	79	138	48	9167	0	9432
4701	63	8575	61	312	0	9011
4702	7876	195	47	103	0	8221
4703	206	7711	36	84	0	8037
4704	65	7572	35	62	0	7734
4705	89	286	43	7274	0	7692
4706	41	64	7272	213	0	7590
4707	6586	53	152	72	0	6863
4708	153	36	45	6805	0	7039
4709	34	24	6669	174	0	6901
4710	30	6721	142	70	0	6963
4711	29	149	44	6785	0	7007
4712	20	55	6889	167	0	7131
4713	39	31	153	6726	0	6949
4714	29	33	40	6846	0	6948
4715	6580	20	38	193	0	6831
4716	144	6583	27	67	0	6821
4717	6606	146	26	56	0	6834
4718	160	48	6640	47	0	6895
4719	49	6652	148	48	0	6897
4720	36	157	6675	25	0	6893
4721	47	79	158	6614	0	6898
4722	6581	33	55	170	0	6839
4723	144	31	36	6566	0	6777
4724	6557	30	22	177	0	6786
4725	6739	20	21	58	0	6838
4726	185	19	26	6766	0	6996
4727	65	27	6929	174	0	7195
4728	46	18	7108	60	0	7232
4729	33	18	171	7193	0	7415
4730	36	30	58	7387	0	7511
4731	7269	13	45	197	0	7524
4732	168	24	23	7230	0	7445
4733	62	7196	22	173	0	7453
4734	39	144	33	7332	0	7548
4735	40	49	24	7488	0	7601
4736	7316	34	24	219	0	7593
4737	163	7381	19	97	0	7660
4738	55	163	27	7556	0	7801
4739	47	47	15	7620	0	7729
4740	33	7473	21	220	0	7747
4741	27	166	26	7597	0	7816
4742	34	44	18	7591	0	7687
4743	27	7392	18	239	0	7676
4744	25	176	15	7493	0	7709
4745	24	48	25	7469	0	7566
4746	18	7337	31	229	0	7615
4747	21	174	12	7470	0	7677
4748	7374	62	11	248	0	7695
4749	7462	40	16	107	0	7625
4750	7343	42	15	76	0	7476
4751	7370	37	9	89	0	7505
4752	209	7096	13	88	0	7406
4753	6731	160	11	60	0	6962
4754	173	6628	7	51	0	6859
4755	40	6586	13	47	0	6686
4756	63	159	30	6476	0	6728
4757	31	46	6566	157	0	6800
4758	6329	58	116	49	0	6552
4759	6603	29	19	63	0	6714
4760	147	23	6794	46	0	7010
4761	6764	24	126	49	0	6963
4762	7060	31	24	38	0	7153
4763	159	6841	21	51	0	7072
4764	7233	140	22	61	0	7456
4765	164	41	13	7203	0	7421
4766	57	27	19	7294	0	7397
4767	51	24	7	7322	0	7404
4768	49	21	12	7301	0	7383
4769	7258	22	6	187	0	7473
4770	146	23	15	7194	0	7378
4771	53	27	12	7301	0	7393
4772	43	22	7070	175	0	7310
4773	6883	21	123	87	0	7114
4774	7217	13	28	55	0	7313
4775	7213	24	24	48	0	7309
4776	180	6979	19	46	0	7224
4777	61	7130	11	39	0	7241
4778	7007	151	15	50	0	7223
4779	163	42	17	6966	0	7188
4780	58	7058	14	150	0	7280
4781	45	146	8	7016	0	7215
4782	39	7037	8	167	0	7251
4783	6968	146	9	61	0	7184
4784	130	6987	7	59	0	7183
4785	47	142	7	6895	0	7091
4786	45	43	11	7005	0	7104
4787	37	24	6958	173	0	7192
4788	41	7171	124	73	0	7409
4789	47	183	36	7385	0	7651
4790	38	42	7555	183	0	7818
4791	44	26	7698	50	0	7818
4792	21	38	177	7788	0	8024
4793	24	22	62	7850	0	7958
4794	19	7585	32	230	0	7866
4795	19	7934	18	75	0	8046
4796	28	219	6	7913	0	8166
4797	7885	75	6	212	0	8178
4798	180	46	13	8205	0	8444
4799	8328	32	7	226	0	8593
4800	8626	18	5	98	0	8747
4801	8768	22	5	57	0	8852
4802	269	25	8596	35	0	8925
4803	8599	16	179	52	0	8846
4804	232	14	56	8668	0	8970
4805	91	20	36	8771	0	8918
4806	57	15	8592	262	0	8926
4807	40	17	8631	107	0	8795
4808	32	41	217	8357	0	8647
4809	25	8204	82	199	0	8510
4810	21	8413	51	86	0	8571
4811	40	229	26	8347	0	8642
4812	8284	75	19	212	0	8590
4813	192	40	17	8369	0	8618
4814	76	31	15	8395	0	8517
4815	54	8267	13	246	0	8580
4816	45	175	9	8446	0	8675
4817	34	65	8421	226	0	8746
4818	29	38	8208	92	0	8367
4819	8053	23	209	60	0	8345
4820	180	8237	78	47	0	8542
4821	8274	181	34	39	0	8528
4822	8406	70	33	39	0	8548
4823	240	29	24	8052	0	8345
4824	95	8235	21	175	0	8526
4825	50	201	14	8331	0	8596
4826	8194	70	13	205	0	8482
4827	186	7987	12	90	0	8275
4828	7792	170	11	53	0	8026
4829	181	7755	13	51	0	8000
4830	7837	181	6	36	0	8060
4831	7890	72	7	40	0	8009
4832	222	7700	11	36	0	7969
4833	95	178	16	7664	0	7953
4834	7678	65	18	173	0	7934
4835	189	37	7444	73	0	7743
4836	83	31	7435	41	0	7590
4837	59	119	189	7262	0	7629
4838	7317	23	73	168	0	7581
4839	171	19	37	7326	0	7553
4840	7346	25	26	177	0	7574
4841	183	18	7407	88	0	7696
4842	7549	24	143	56	0	7772
4843	7859	21	55	50	0	7985
4844	212	14	27	7721	0	7974
4845	102	21	19	7800	0	7942
4846	61	12	12	7802	0	7887
4847	46	7654	18	228	0	7946
4848	48	145	12	7661	0	7866
4849	42	55	11	7843	0	7951
4850	7677	29	18	222	0	7946
4851	7782	19	25	100	0	7926
4852	199	17	7570	57	0	7843
4853	7531	12	146	59	0	7748
4854	189	24	7597	46	0	7856
4855	7306	24	176	48	0	7554
4856	187	16	7484	38	0	7725
4857	90	18	7299	28	0	7435
4858	74	49	199	7100	0	7422
4859	47	18	7165	165	0	7395
4860	6799	25	147	89	0	7060
4861	154	20	65	7054	0	7293
4862	7126	18	42	167	0	7353
4863	7181	15	38	87	0	7321
4864	6952	15	25	54	0	7046
4865	6917	19	24	45	0	7005
4866	234	15	6750	33	0	7032
4867	124	9	133	6752	0	7018
4868	77	12	6868	141	0	7098
4869	61	15	147	6773	0	6996
4870	6777	14	66	165	0	7022
4871	162	13	41	6807	0	7023
4872	6861	14	34	176	0	7085
4873	174	9	34	6895	0	7112
4874	78	16	25	7029	0	7148
4875	6965	14	24	198	0	7201
4876	159	6887	17	102	0	7165
4877	6966	133	18	59	0	7176
4878	176	6920	9	65	0	7170
4879	93	137	15	6981	0	7226
4880	6909	59	12	152	0	7132
4881	166	40	6813	75	0	7094
4882	85	21	130	6906	0	7142
4883	6925	21	48	155	0	7149
4884	7058	12	35	93	0	7198
4885	213	19	26	6887	0	7145
4886	102	6953	26	157	0	7238
4887	73	7046	18	84	0	7221
4888	85	367	19	6422	0	6893
4889	6502	55	28	141	0	6726
4890	133	6206	13	75	0	6427
4891	32	5905	9	28	0	5974
4892	5579	87	15	11	0	5692
4893	72	5519	7	19	0	5617
4894	5762	81	29	20	0	5892
4895	105	23	2	5740	0	5870
4896	29	24	3	5746	0	5802
4897	29	5635	2	86	0	5752
4898	12	5594	6	33	0	5645
4899	5275	74	2	22	0	5373
4900	71	5421	3	9	0	5504
4901	16	5698	7	12	0	5733
4902	39	78	7	5689	0	5813
4903	5868	29	2	68	0	5967
4904	75	14	6182	24	0	6295
4905	6266	9	95	21	0	6391
4906	112	8	29	6825	0	6974
4907	40	9	6969	108	0	7126
4908	22	8	7165	40	0	7235
4909	17	7	148	7283	0	7455
4910	14	9	7541	131	0	7695
4911	7531	6	145	58	0	7740
4912	7675	13	67	29	0	7784
4913	173	9	7641	22	0	7845
4914	74	5	144	7567	0	7790
4915	46	4	66	7589	0	7705
4916	7755	10	35	176	0	7976
4917	149	5	32	7450	0	7636
4918	67	7520	27	159	0	7773
4919	7637	115	24	78	0	7854
4920	153	7499	16	56	0	7724
4921	77	7803	9	36	0	7925
4922	49	172	24	7714	0	7959
4923	30	71	21	7837	0	7959
4924	33	41	15	7869	0	7958
4925	31	38	7575	199	0	7843
4926	7201	27	133	101	0	7462
4927	131	7450	56	71	0	7708
4928	7600	142	30	62	0	7834
4929	7709	59	21	47	0	7836
4930	205	42	19	7611	0	7877
4931	101	7630	15	148	0	7894
4932	58	152	14	7820	0	8044
4933	57	58	11	7969	0	8095
4934	7935	38	17	215	0	8205
4935	7918	37	17	109	0	8081
4936	200	37	7642	68	0	7947
4937	7891	28	124	60	0	8103
4938	204	7982	48	45	0	8279
4939	8053	151	33	44	0	8281
4940	193	8384	18	43	0	8638
4941	95	178	28	8212	0	8513
4942	70	81	17	8201	0	8369
4943	58	8122	13	217	0	8410
4944	55	170	17	8295	0	8537
4945	49	86	15	8372	0	8522
4946	42	50	20	8301	0	8413
4947	39	8122	16	254	0	8431
4948	52	179	11	8273	0	8515
4949	46	82	14	8373	0	8515
4950	40	51	23	8424	0	8538
4951	26	42	8112	283	0	8463
4952	7862	57	146	151	0	8216
4953	180	37	8114	102	0	8433
4954	8061	31	173	96	0	8361
4955	203	25	8137	83	0	8448
4956	8104	36	181	74	0	8395
4957	8301	48	79	66	0	8494
4958	256	31	8203	65	0	8555
4959	130	28	176	8161	0	8495
4960	90	31	7868	200	0	8189
4961	7850	40	170	102	0	8162
4962	210	25	8202	85	0	8522
4963	119	24	8098	71	0	8312
4964	8008	29	233	67	0	8337
4965	206	8082	114	58	0	8460
4966	120	169	70	8180	0	8539
4967	8283	76	71	206	0	8636
4968	213	36	63	8298	0	8610
4969	120	43	48	8450	0	8661
4970	8299	40	55	257	0	8651
4971	8395	25	31	152	0	8603
4972	253	28	8152	88	0	8521
4973	132	27	8184	90	0	8433
4974	101	37	213	8156	0	8507
4975	82	24	8241	233	0	8580
4976	78	24	215	8151	0	8468
4977	77	28	117	8160	0	8382
4978	79	30	72	8401	0	8582
4979	8101	22	66	294	0	8483
4980	204	8257	49	164	0	8674
4981	8339	168	47	120	0	8674
4982	8366	81	53	104	0	8604
4983	235	8341	31	133	0	8740
4984	8266	167	41	98	0	8572
4985	229	77	8150	86	0	8542
4986	128	104	133	7977	0	8342
4987	8089	51	72	189	0	8401
4988	205	45	7784	116	0	8150
4989	7745	39	138	85	0	8007
4990	176	8136	72	76	0	8460
4991	8862	125	47	77	0	9111
4992	8983	56	51	65	0	9155
4993	286	9037	42	58	0	9423
4994	9171	180	50	59	0	9460
4995	275	96	29	9233	0	9633
4996	181	51	32	9497	0	9761
4997	9359	49	26	270	0	9704
4998	9220	38	37	141	0	9436
4999	306	9206	23	101	0	9636
5000	156	9242	26	89	0	9513
5001	108	318	30	8653	0	9109
5002	82	8764	32	211	0	9089
5003	88	8960	23	103	0	9174
5004	8373	229	40	56	0	8698
5005	164	8407	23	52	0	8646
5006	7925	167	12	35	0	8139
5007	161	8212	11	34	0	8418
5008	114	151	8041	25	0	8331
5009	39	8159	105	25	0	8328
5010	7894	169	77	50	0	8190
5011	7853	66	19	20	0	7958
5012	166	43	7793	15	0	8017
5013	84	25	115	7509	0	7733
5014	41	26	69	7884	0	8020
5015	43	18	7820	154	0	8035
5016	39	23	116	7619	0	7797
5017	26	14	7804	147	0	7991
5018	23	17	7584	84	0	7708
5019	7507	15	143	52	0	7717
5020	121	7657	71	35	0	7884
5021	7672	106	37	28	0	7843
5022	134	57	31	7669	0	7891
5023	79	35	7797	106	0	8017
5024	51	26	113	7614	0	7804
5025	31	7872	63	120	0	8086
5026	8014	105	31	64	0	8214
5027	8048	47	25	44	0	8164
5028	158	34	25	8043	0	8260
5029	78	21	7870	111	0	8080
5030	7557	25	92	74	0	7748
5031	121	7723	49	32	0	7925
5032	7773	107	21	23	0	7924
5033	146	58	22	7695	0	7921
5034	7723	34	18	107	0	7882
5035	151	29	10	7679	0	7869
5036	86	32	7643	114	0	7875
5037	66	16	7431	82	0	7595
5038	7401	16	137	65	0	7619
5039	120	7682	71	49	0	7922
5040	7550	93	63	31	0	7737
5041	7596	59	26	23	0	7704
5042	132	7635	19	14	0	7800
5043	7596	104	12	24	0	7736
5044	135	64	7843	21	0	8063
5045	93	43	84	7835	0	8055
5046	57	41	46	7920	0	8064
5047	57	32	19	8064	0	8172
5048	43	33	7962	140	0	8178
5049	40	27	7968	81	0	8116
5050	32	37	130	7957	0	8156
5051	35	7933	63	116	0	8147
5052	23	8283	25	60	0	8391
5053	8310	137	27	40	0	8514
5054	8355	63	29	38	0	8485
5055	136	8587	33	33	0	8789
5056	68	123	10	8798	0	8999
5057	44	75	16	8871	0	9006
5058	8972	44	33	151	0	9200
5059	145	26	18	9153	0	9342
5060	71	35	25	9109	0	9240
5061	55	33	24	9190	0	9302
5062	49	32	8729	181	0	8991
5063	56	31	8281	103	0	8471
5064	8683	18	140	68	0	8909
5065	122	12	73	9021	0	9228
5066	64	16	8946	159	0	9185
5067	40	24	8698	90	0	8852
5068	8912	31	169	70	0	9182
5069	161	21	9973	46	0	10201
5070	94	10134	164	47	0	10439
5071	46	139	89	10923	0	11197
5072	39	78	10976	169	0	11262
5073	11001	39	190	80	0	11310
5074	213	43	87	11733	0	12076
5075	114	27	11733	214	0	12088
5076	46	30	196	11978	0	12250
5077	48	18	112	12178	0	12356
5078	12121	13	57	303	0	12494
5079	235	12153	52	137	0	12577
5080	111	201	39	12185	0	12536
5081	12241	77	30	261	0	12609
5082	12365	38	28	134	0	12565
5083	12447	26	24	68	0	12565
5084	12543	29	34	52	0	12658
5085	349	26	27	12257	0	12659
5086	12144	21	25	251	0	12441
5087	12229	12	37	120	0	12398
5088	11830	15	26	81	0	11952
5089	11993	23	24	74	0	12114
5090	335	11254	32	65	0	11686
5091	92	10633	13	16	0	10754
5092	50	232	15	10556	0	10853
5093	37	10480	14	129	0	10660
5094	10484	142	14	64	0	10704
5095	165	61	6	10380	0	10612
5096	10335	19	5	146	0	10505
5097	10524	16	4	74	0	10618
5098	185	12	5	10728	0	10930
5099	80	17	3	10686	0	10786
5100	34	10648	7	174	0	10863
5101	10649	124	7	73	0	10853
5102	154	10628	8	32	0	10822
5103	10800	136	5	39	0	10980
5104	162	52	9	10911	0	11134
5105	65	21	10797	141	0	11024
5106	10639	17	128	68	0	10852
5107	10384	12	49	43	0	10488
5108	193	24	10243	24	0	10484
5109	78	21	10281	28	0	10408
5110	59	19	171	10071	0	10320
5111	10867	15	56	159	0	11097
5112	11495	15	26	73	0	11609
5113	11803	9	25	43	0	11880
5114	12032	15	15	45	0	12107
5115	255	11795	15	30	0	12095
5116	12305	156	16	51	0	12528
5117	224	66	11	12145	0	12446
5118	101	22	12	12309	0	12444
5119	53	24	11	12554	0	12642
5120	57	22	11	12737	0	12827
5121	12487	16	7	286	0	12796
5122	229	11	13	12922	0	13175
5123	102	12	12751	250	0	13115
5124	56	15	197	13072	0	13340
5125	62	10	76	13211	0	13359
5126	57	10	29	13212	0	13308
5127	58	12	24	13163	0	13257
5128	12820	13	30	327	0	13190
5129	238	12632	29	137	0	13036
5130	127	12938	17	86	0	13168
5131	61	269	19	12911	0	13260
5132	12738	93	25	243	0	13099
5133	13104	50	6	123	0	13283
5134	306	31	18	13006	0	13361
5135	144	32	12687	253	0	13116
5136	12738	30	189	128	0	13085
5137	267	20	82	13189	0	13558
5138	125	26	13117	262	0	13530
5139	12616	23	225	151	0	13015
5140	272	13050	89	86	0	13497
5141	14113	229	38	75	0	14455
5142	358	14610	26	70	0	15064
5143	188	325	21	14778	0	15312
5144	111	15415	26	353	0	15905
5145	97	421	12	15894	0	16424
5146	15401	180	19	454	0	16054
5147	387	15613	18	223	0	16241
5148	191	376	15456	127	0	16150
5149	106	237	335	15504	0	16182
5150	101	83	15661	422	0	16267
5151	78	58	385	15371	0	15892
5152	74	42	182	15827	0	16125
5153	75	40	15358	548	0	16021
5154	14176	34	391	306	0	14907
5155	389	25	15244	157	0	15815
5156	190	40	15070	116	0	15416
5157	101	15116	506	111	0	15834
5158	85	363	222	15196	0	15866
5159	82	169	112	15463	0	15826
5160	102	77	77	15053	0	15309
5161	63	75	54	15678	0	15870
5162	61	56	15066	595	0	15778
5163	14273	45	357	333	0	15008
5164	395	40	15216	178	0	15829
5165	187	36	389	15076	0	15688
5166	14916	32	189	469	0	15606
5167	382	14982	114	257	0	15735
5168	222	468	74	14594	0	15358
5169	14012	149	81	407	0	14649
5170	374	13535	76	212	0	14197
5171	160	13515	50	108	0	13833
5172	13222	431	57	126	0	13836
5173	327	13289	38	101	0	13755
5174	12852	351	48	99	0	13350
5175	359	13047	32	84	0	13522
5176	13121	344	49	51	0	13565
5177	13314	180	27	60	0	13581
5178	442	13262	47	41	0	13792
5179	213	331	31	13131	0	13706
5180	132	162	12936	317	0	13547
5181	12726	106	287	180	0	13299
5182	338	66	143	12873	0	13420
5183	203	12452	60	347	0	13062
5184	86	13012	55	180	0	13333
5185	64	399	45	13042	0	13550
5186	12946	166	52	359	0	13523
5187	329	109	12931	186	0	13555
5188	191	61	281	13100	0	13633
5189	85	83	148	13408	0	13724
5190	98	63	75	13557	0	13793
5191	80	52	51	13301	0	13484
5192	63	12852	52	511	0	13478
5193	56	307	45	13203	0	13611
5194	47	154	12831	433	0	13465
5195	66	75	12706	248	0	13095
5196	52	84	12903	151	0	13190
5197	52	86	438	12599	0	13175
5198	12376	78	226	345	0	13025
5199	322	59	12400	213	0	12994
5200	190	35	12569	123	0	12917
5201	102	54	456	12208	0	12820
5202	12302	35	219	370	0	12926
5203	323	12236	120	232	0	12911
5204	12293	319	84	147	0	12843
5205	370	167	91	12204	0	12832
5206	206	120	12293	340	0	12959
5207	114	139	303	12052	0	12608
5208	100	12240	179	365	0	12884
5209	12551	344	109	204	0	13208
5210	352	171	12536	146	0	13205
5211	179	12298	318	137	0	12932
5212	11966	368	218	105	0	12657
5213	376	210	130	12048	0	12764
5214	209	103	95	12291	0	12698
5215	12234	73	64	500	0	12871
5216	12532	60	67	261	0	12920
5217	13202	76	69	157	0	13504
5218	595	72	57	12630	0	13354
5219	302	12571	49	421	0	13343
5220	12769	340	57	262	0	13428
5221	427	12768	47	152	0	13394
5222	12446	411	44	107	0	13008
5223	450	12190	48	79	0	12767
5224	245	376	60	11993	0	12674
5225	12065	232	38	385	0	12720
5226	12354	112	25	210	0	12701
5227	12498	90	26	134	0	12748
5228	12551	75	34	125	0	12785
5229	12615	57	31	100	0	12803
5230	586	65	12088	82	0	12821
5231	344	49	316	12094	0	12803
5232	195	55	12274	354	0	12878
5233	166	59	12282	199	0	12706
5234	12141	43	493	115	0	12792
5235	12465	62	222	91	0	12840
5236	12610	50	119	62	0	12841
5237	556	61	99	11990	0	12706
5238	11983	51	78	378	0	12490
5239	475	11707	58	215	0	12455
5240	305	11987	43	116	0	12451
5241	172	11558	28	78	0	11836
5242	10575	332	88	67	0	11062
5243	301	10706	30	76	0	11113
5244	10395	211	63	50	0	10719
5245	10347	113	10	40	0	10510
5246	334	58	10183	29	0	10604
5247	170	52	197	10122	0	10541
5248	107	40	94	10577	0	10818
5249	10661	39	41	281	0	11022
5250	10790	37	25	129	0	10981
5251	354	24	29	10596	0	11003
5252	178	29	10463	257	0	10927
5253	130	25	10582	122	0	10859
5254	102	28	276	10610	0	11016
5255	101	19	115	10618	0	10853
5256	91	30	57	10774	0	10952
5257	10340	28	36	342	0	10746
5258	10498	31	25	168	0	10722
5259	358	10387	43	78	0	10866
5260	174	225	40	10503	0	10942
5261	113	106	34	10605	0	10858
5262	94	10466	28	345	0	10933
5263	105	237	31	10615	0	10988
5264	10583	110	18	304	0	11015
5265	314	48	28	10555	0	10945
5266	165	49	31	10747	0	10992
5267	10430	36	37	363	0	10866
5268	10492	33	31	177	0	10733
5269	10598	42	33	122	0	10795
5270	396	81	38	10269	0	10784
5271	202	35	9972	271	0	10480
5272	139	35	9934	142	0	10250
5273	126	42	9865	89	0	10122
5274	108	9646	278	97	0	10129
5275	9425	246	159	86	0	9916
5276	289	91	9296	71	0	9747
5277	9217	53	227	75	0	9572
5278	295	42	95	9360	0	9792
5279	8979	50	78	279	0	9386
5280	9836	33	55	148	0	10072
5281	309	9838	47	90	0	10284
5282	10076	205	42	86	0	10409
5283	10165	94	48	74	0	10381
5284	335	9967	43	95	0	10440
5285	175	210	40	10120	0	10545
5286	137	96	10049	258	0	10540
5287	124	41	206	9926	0	10297
5288	124	54	88	10107	0	10373
5289	10097	46	54	337	0	10534
5290	293	44	51	10033	0	10421
5291	155	10180	47	294	0	10676
5292	107	229	43	10235	0	10614
5293	98	106	34	10479	0	10717
5294	111	56	10140	354	0	10661
5295	92	9895	214	186	0	10387
5296	117	10280	99	131	0	10627
5297	9962	278	53	122	0	10415
5298	263	10315	43	108	0	10729
5299	147	262	46	10340	0	10795
5300	111	117	10350	281	0	10859
5301	103	10404	234	171	0	10912
5302	10495	251	117	120	0	10983
5303	289	114	77	10504	0	10984
5304	171	73	58	10732	0	11034
5305	113	74	10578	336	0	11101
5306	98	59	240	10376	0	10773
5307	94	52	123	10653	0	10922
5308	10366	42	76	365	0	10849
5309	10071	53	57	181	0	10362
5310	337	9867	44	132	0	10380
5311	9492	211	36	106	0	9845
5312	264	9351	32	105	0	9752
5313	138	352	39	8743	0	9272
5314	99	8864	32	226	0	9221
5315	84	9110	26	125	0	9345
5316	8503	241	97	107	0	8948
5317	8262	87	42	77	0	8468
5318	215	8106	25	61	0	8407
5319	8162	141	32	62	0	8397
5320	8157	68	19	65	0	8309
5321	8326	46	26	82	0	8480
5322	204	39	28	8313	0	8584
5323	8358	40	25	179	0	8602
5324	181	47	8030	91	0	8349
5325	7997	38	128	70	0	8233
5326	184	41	8224	54	0	8503
5327	110	35	132	8315	0	8592
5328	81	40	44	8525	0	8690
5329	83	44	8346	187	0	8660
5330	8101	29	127	101	0	8358
5331	8344	39	58	61	0	8502
5332	205	29	8426	53	0	8713
5333	111	28	141	8315	0	8595
5334	78	32	63	8397	0	8570
5335	60	26	47	8578	0	8711
5336	8403	23	39	209	0	8674
5337	8441	24	36	119	0	8620
5338	207	24	38	8194	0	8463
5339	92	7905	37	152	0	8186
5340	63	7805	27	82	0	7977
5341	7448	135	28	67	0	7678
5342	135	7457	25	55	0	7672
5343	63	7324	15	54	0	7456
5344	79	128	14	6602	0	6823
5345	36	36	6619	75	0	6766
5346	23	6457	58	32	0	6570
5347	30	107	24	6310	0	6471
5348	16	6351	15	58	0	6440
5349	31	68	6	6201	0	6306
5350	6169	21	8	64	0	6262
5351	57	6264	6	26	0	6353
5352	6376	56	4	24	0	6460
5353	6282	20	10	24	0	6336
5354	68	17	6212	15	0	6312
5355	6136	15	48	12	0	6211
5356	59	16	23	6334	0	6432
5357	24	10	6327	47	0	6408
5358	19	6258	42	25	0	6344
5359	19	58	19	6117	0	6213
5360	15	24	11	6165	0	6215
5361	6147	9	6	45	0	6207
5362	42	5	4	6136	0	6187
5363	21	7	12	6155	0	6195
5364	6141	7	3	63	0	6214
5365	41	6149	4	33	0	6227
5366	6118	39	11	24	0	6192
5367	55	22	6149	10	0	6236
5368	5882	12	39	24	0	5957
5369	53	4	6405	17	0	6479
5370	27	6478	36	17	0	6558
5371	6536	46	17	18	0	6617
5372	6356	17	6	28	0	6407
5373	59	19	6398	8	0	6484
5374	37	17	6459	11	0	6524
5375	24	9	6663	15	0	6711
5376	13	6954	58	17	0	7042
5377	17	45	20	6967	0	7049
5378	19	26	7303	47	0	7395
5379	15	21	6916	24	0	6976
5380	20	9	81	7003	0	7113
5381	24	10	7237	58	0	7329
5382	7145	13	84	42	0	7284
5383	8217	10	40	26	0	8293
5384	150	15	8239	11	0	8415
5385	74	8249	116	15	0	8454
5386	46	114	52	8309	0	8521
5387	27	50	8466	110	0	8653
5388	18	8365	118	63	0	8564
5389	50	124	61	8243	0	8478
5390	8259	57	44	125	0	8485
5391	8248	28	17	72	0	8365
5392	146	8352	24	48	0	8570
5393	68	118	27	8406	0	8619
5394	41	55	18	8488	0	8602
5395	31	28	22	8392	0	8473
5396	31	17	18	8518	0	8584
5397	30	15	8363	180	0	8588
5398	22	18	107	8259	0	8406
5399	21	23	8187	137	0	8368
5400	19	7956	114	86	0	8175
5401	7947	101	64	51	0	8163
5402	89	8221	33	35	0	8378
5403	60	119	24	8207	0	8410
5404	45	64	13	8259	0	8381
5405	8128	34	15	160	0	8337
5406	99	27	15	8191	0	8332
5407	55	8044	12	134	0	8245
5408	40	92	13	8273	0	8418
5409	25	66	15	8262	0	8368
5410	8167	34	14	165	0	8380
5411	98	25	8018	97	0	8238
5412	60	7867	75	64	0	8066
5413	31	8044	49	39	0	8163
5414	20	117	24	7883	0	8044
5415	7797	60	15	98	0	7970
5416	76	7772	11	64	0	7923
5417	45	92	11	7871	0	8019
5418	26	55	7769	108	0	7958
5419	25	29	80	7796	0	7930
5420	7836	19	47	121	0	8023
5421	7802	23	27	74	0	7926
5422	128	14	12	7779	0	7933
5423	7905	16	9	119	0	8049
5424	7862	10	7	76	0	7955
5425	135	23	7762	46	0	7966
5426	7511	20	82	38	0	7651
5427	113	7682	54	35	0	7884
5428	7796	87	29	34	0	7946
5429	131	48	7645	15	0	7839
5430	63	44	86	7762	0	7955
5431	8000	16	52	116	0	8184
5432	116	22	7751	65	0	7954
5433	76	12	7851	49	0	7988
5434	62	14	161	7788	0	8025
5435	36	10	8057	128	0	8231
5436	7917	12	157	72	0	8158
5437	139	13	8277	41	0	8470
5438	80	8	156	8313	0	8557
5439	48	7	79	8584	0	8718
5440	8853	12	47	197	0	9109
5441	167	14	8937	98	0	9216
5442	83	9	9433	44	0	9569
5443	59	8	228	10016	0	10311
5444	34	5	10198	219	0	10456
5445	10086	12	241	80	0	10419
5446	214	14	96	10240	0	10564
5447	84	3	10289	227	0	10603
5448	54	8	234	10333	0	10629
5449	49	7	98	10558	0	10712
5450	10536	7	62	286	0	10891
5451	223	17	10514	114	0	10868
5452	10200	10	228	88	0	10526
5453	260	8	10706	54	0	11028
5454	10514	9	259	43	0	10825
5455	10695	13	109	49	0	10866
5456	10707	7	62	62	0	10838
5457	302	10361	40	55	0	10758
5458	10549	199	46	39	0	10833
5459	10696	60	32	45	0	10833
5460	302	34	48	10546	0	10930
5461	143	19	10509	228	0	10899
5462	10253	12	222	122	0	10609
5463	255	11	10684	63	0	11013
5464	120	19	238	10467	0	10844
5465	79	16	106	10823	0	11024
5466	10707	11	60	296	0	11074
5467	238	10748	53	131	0	11170
5468	123	206	38	10691	0	11058
5469	96	63	33	10776	0	10968
5470	61	37	10570	291	0	10959
5471	70	23	221	10478	0	10792
5472	57	14	94	10739	0	10904
5473	73	12	47	10516	0	10648
5474	46	10185	32	306	0	10569
5475	10036	200	32	123	0	10391
5476	10066	73	36	89	0	10264
5477	275	10014	40	65	0	10394
5478	9593	204	23	57	0	9877
5479	239	113	28	9831	0	10211
5480	104	35	10067	234	0	10440
5481	64	9903	215	107	0	10289
5482	51	10315	84	77	0	10527
5483	9883	211	116	38	0	10248
5484	10478	56	47	37	0	10618
5485	275	28	23	10469	0	10795
5486	89	15	21	10691	0	10816
5487	55	11	27	10689	0	10782
5488	10352	20	26	304	0	10702
5489	244	16	10244	100	0	10604
5490	10331	13	218	64	0	10626
5491	262	9	71	10429	0	10771
5492	103	13	35	10357	0	10508
5493	47	10314	32	290	0	10683
5494	54	215	36	10577	0	10882
5495	64	60	27	10787	0	10938
5496	55	31	10657	295	0	11038
5497	62	10665	229	104	0	11060
5498	10901	211	66	87	0	11265
5499	10651	62	46	84	0	10843
5500	11131	36	32	65	0	11264
5501	11109	29	26	67	0	11231
5502	326	25	10622	51	0	11024
5503	10615	22	252	32	0	10921
5504	298	29	10757	45	0	11129
5505	127	18	242	10511	0	10898
5506	85	10789	83	246	0	11203
5507	84	222	31	10898	0	11235
5508	74	67	46	11080	0	11267
5509	64	40	10919	311	0	11334
5510	10601	33	246	132	0	11012
5511	10899	22	89	86	0	11096
5512	288	10664	51	104	0	11107
5513	118	224	10763	70	0	11175
5514	81	63	231	10825	0	11200
5515	65	33	10859	285	0	11242
5516	64	40	10769	113	0	10986
5517	73	49	291	10715	0	11128
5518	86	38	10763	260	0	11147
5519	85	43	235	10719	0	11082
5520	82	34	10869	278	0	11263
5521	78	29	242	10799	0	11148
5522	10860	25	111	302	0	11298
5523	10965	29	57	139	0	11190
5524	10945	31	54	99	0	11129
5525	10821	35	55	95	0	11006
5526	322	10718	38	89	0	11167
5527	143	216	53	10778	0	11190
5528	104	73	44	10976	0	11197
5529	88	56	10686	329	0	11159
5530	95	38	231	10615	0	10979
5531	68	40	10488	293	0	10889
5532	61	40	10086	135	0	10322
5533	9803	35	251	114	0	10203
5534	221	10399	91	104	0	10815
5535	10430	213	69	94	0	10806
5536	10545	77	53	96	0	10771
5537	293	10460	50	80	0	10883
5538	10494	197	56	81	0	10828
5539	288	78	10375	61	0	10802
5540	117	10153	187	71	0	10528
5541	10036	176	95	63	0	10370
5542	223	73	9504	58	0	9858
5543	8798	27	149	58	0	9032
5544	168	9081	55	45	0	9349
5545	9046	135	39	43	0	9263
5546	9007	48	36	50	0	9141
5547	192	8849	32	52	0	9125
5548	84	8698	38	33	0	8853
5549	61	8942	36	38	0	9077
5550	67	156	34	8903	0	9160
5551	35	60	57	8928	0	9080
5552	8917	25	36	187	0	9165
5553	8717	30	44	83	0	8874
5554	172	27	8668	52	0	8919
5555	77	19	8422	59	0	8577
5556	54	13	8748	49	0	8864
5557	50	21	181	8769	0	9021
5558	58	15	8930	153	0	9156
5559	43	20	174	8776	0	9013
5560	8905	11	64	169	0	9149
5561	177	15	8910	71	0	9173
5562	8825	22	156	57	0	9060
5563	8942	24	55	51	0	9072
5564	189	19	9003	38	0	9249
5565	79	9050	164	49	0	9342
5566	66	147	71	9087	0	9371
5567	58	55	9186	158	0	9457
5568	52	25	180	9050	0	9307
5569	46	28	77	9922	0	10073
5570	9737	25	64	232	0	10058
5571	212	18	40	9752	0	10022
5572	78	38	9732	205	0	10053
5573	64	32	193	9792	0	10081
5574	9903	14	70	218	0	10205
5575	201	9970	46	75	0	10292
5576	10023	187	46	49	0	10305
5577	240	121	70	9842	0	10273
5578	127	46	9873	183	0	10229
5579	87	40	9495	63	0	9685
5580	88	30	9346	42	0	9506
5581	52	8956	184	34	0	9226
5582	8512	233	130	60	0	8935
5583	153	8197	38	28	0	8416
5584	7613	111	27	14	0	7765
5585	116	7537	7	13	0	7673
5586	35	118	15	7544	0	7712
5587	23	24	5	7633	0	7685
5588	13	18	8	7616	0	7655
5589	8	7540	13	133	0	7694
5590	16	104	12	7820	0	7952
5591	5	24	11	8637	0	8677
5592	9016	18	7	191	0	9232
5593	198	8	17	9485	0	9708
5594	44	13	10074	216	0	10347
5595	9899	21	225	58	0	10203
5596	10367	11	54	32	0	10464
5597	277	10406	25	35	0	10743
5598	10448	235	18	26	0	10727
5599	10764	70	12	27	0	10873
5600	324	34	15	10587	0	10960
5601	107	29	11	10863	0	11010
5602	65	10	17	11117	0	11209
5603	10929	26	10	352	0	11317
5604	11089	15	13	128	0	11245
5605	344	15	10779	76	0	11214
5606	10725	8	254	56	0	11043
5607	11032	18	66	45	0	11161
5608	11039	14	39	37	0	11129
5609	393	14	10560	28	0	10995
5610	153	15	10737	33	0	10938
5611	84	24	324	10681	0	11113
5612	76	13	10901	288	0	11278
5613	62	13	308	10688	0	11071
5614	68	12	99	10204	0	10383
5615	49	10840	50	311	0	11250
5616	10889	265	57	120	0	11331
5617	319	68	10911	86	0	11384
5618	11198	33	291	58	0	11580
5619	346	42	98	11286	0	11772
5620	11157	25	54	305	0	11541
5621	365	10894	52	109	0	11420
5622	158	11493	34	70	0	11755
5623	104	341	41	11345	0	11831
5624	77	101	36	11644	0	11858
5625	64	66	11301	422	0	11853
5626	76	47	303	11337	0	11763
5627	10959	21	103	401	0	11484
5628	333	11085	57	164	0	11639
5629	137	294	11087	93	0	11611
5630	122	95	313	11068	0	11598
5631	108	45	11198	329	0	11680
5632	88	48	331	11130	0	11597
5633	71	34	11211	371	0	11687
5634	72	24	10960	146	0	11202
5635	67	50	380	10826	0	11323
5636	10823	26	153	363	0	11365
5637	10894	31	96	139	0	11160
5638	10728	27	74	103	0	10932
5639	396	10518	66	94	0	11074
5640	10679	286	56	68	0	11089
5641	10727	97	46	67	0	10937
5642	425	54	10311	73	0	10863
5643	160	10302	316	68	0	10846
5644	124	325	126	10164	0	10739
5645	10130	98	74	327	0	10629
5646	324	10152	52	146	0	10674
5647	10342	316	54	88	0	10800
5648	10497	99	51	93	0	10740
5649	10449	59	46	87	0	10641
5650	10409	68	45	76	0	10598
5651	449	30	49	10029	0	10557
5652	10146	48	49	335	0	10578
5653	382	58	52	9914	0	10406
5654	176	9739	55	334	0	10304
5655	123	253	55	9927	0	10358
5656	9869	93	68	328	0	10358
5657	327	48	9765	178	0	10318
5658	170	45	279	9846	0	10340
5659	9702	33	117	333	0	10185
5660	349	9665	65	153	0	10232
5661	9722	277	80	92	0	10171
5662	9934	95	46	98	0	10173
5663	431	9758	44	83	0	10316
5664	9765	294	52	70	0	10181
5665	406	107	9325	58	0	9896
5666	196	64	9342	78	0	9680
5667	9150	64	316	73	0	9603
5668	344	49	9145	72	0	9610
5669	167	55	260	8362	0	8844
5670	129	8498	115	225	0	8967
5671	8651	245	60	102	0	9058
5672	325	8425	64	67	0	8881
5673	177	8527	49	69	0	8822
5674	140	288	51	8705	0	9184
5675	135	97	42	8834	0	9108
5676	97	70	45	8793	0	9005
5677	91	75	36	8825	0	9027
5678	88	60	8471	351	0	8970
5679	88	44	220	8411	0	8763
5680	87	39	82	8564	0	8772
5681	8339	38	61	325	0	8763
5682	253	49	48	8399	0	8749
5683	128	39	8156	301	0	8624
5684	8088	36	214	143	0	8481
5685	279	50	84	8176	0	8589
5686	149	41	8264	262	0	8716
5687	114	89	228	8110	0	8541
5688	88	8326	107	232	0	8753
5689	8394	202	73	125	0	8794
5690	265	85	8118	66	0	8534
5691	112	7284	168	63	0	7627
5692	6730	153	91	62	0	7036
5693	147	6183	51	39	0	6420
5694	61	5580	35	43	0	5719
5695	5450	105	80	21	0	5656
5696	83	5231	41	18	0	5373
5697	41	5083	18	23	0	5165
5698	74	115	33	4948	0	5170
5699	40	32	4864	62	0	4998
5700	34	4869	44	29	0	4976
5701	29	71	24	4747	0	4871
5702	22	4721	10	41	0	4794
5703	4654	45	5	28	0	4732
5704	59	19	4590	17	0	4685
5705	25	25	44	4624	0	4718
5706	4735	12	20	54	0	4821
5707	51	14	8	4761	0	4834
5708	22	14	4810	57	0	4903
5709	4673	12	38	25	0	4748
5710	4877	6	17	22	0	4922
5711	60	4997	12	10	0	5079
5712	33	41	7	4962	0	5043
5713	19	19	11	5064	0	5113
5714	5122	9	9	57	0	5197
5715	5058	13	4	31	0	5106
5716	65	11	5122	11	0	5209
5717	33	5041	36	11	0	5121
5718	5070	38	19	14	0	5141
5719	46	21	6	5037	0	5110
5720	27	10	5139	37	0	5213
5721	12	6	4971	20	0	5009
5722	7	58	44	4878	0	4987
5723	4955	3	18	27	0	5003
5724	24	4917	3	15	0	4959
5725	5305	21	1	20	0	5347
5726	23	8	6	5424	0	5461
5727	11	7	2	5463	0	5483
5728	11	2	3	5519	0	5535
5729	5518	6	3	35	0	5562
5730	20	5589	5	15	0	5629
5731	12	25	3	5643	0	5683
5732	11	12	2	5612	0	5637
5733	6	6	5579	29	0	5620
5734	4	4	26	5508	0	5542
5735	3	3	5675	30	0	5711
5736	6	5543	23	16	0	5588
5737	7	17	8	5572	0	5604
5738	5522	5	8	21	0	5556
5739	24	5	5555	5	0	5589
5740	6	3	21	5602	0	5632
5741	5	0	5630	26	0	5661
5742	5390	0	24	16	0	5430
5743	28	3	5725	3	0	5759
5744	12	7	23	5600	0	5642
5745	5757	1	6	23	0	5787
5746	24	5269	12	10	0	5315
5747	5623	20	2	4	0	5649
5748	22	5322	11	6	0	5361
5749	6	21	8	5871	0	5906
5750	1	8	5817	23	0	5849
5751	9	6	5782	15	0	5812
5752	9	3	28	5903	0	5943
5753	6104	2	11	34	0	6151
5754	6032	0	4	10	0	6046
5755	33	3	4	5993	0	6033
5756	15	0	0	6113	0	6128
5757	6013	2	4	33	0	6052
5758	27	5874	3	14	0	5918
5759	5	6226	1	15	0	6247
5760	6392	31	1	16	0	6440
5761	34	12	6343	6	0	6395
5762	23	9	27	6284	0	6343
5763	5	7	6327	32	0	6371
5764	11	1	29	6297	0	6338
5765	3	2	6371	37	0	6413
5766	8	4	6146	16	0	6174
5767	11	1	37	6331	0	6380
5768	4	6145	18	28	0	6195
5769	6438	30	7	16	0	6491
5770	32	6390	4	10	0	6436
5771	16	33	3	6498	0	6550
5772	6511	14	11	34	0	6570
5773	33	7	11	6466	0	6517
5774	6462	4	6	45	0	6517
5775	6472	4	7	26	0	6509
5776	6509	3	4	11	0	6527
5777	43	6286	6	12	0	6347
5778	6525	26	4	17	0	6572
5779	40	31	5	6626	0	6702
5780	6812	8	5	50	0	6875
5781	43	8	4	6931	0	6986
5782	6946	8	6	53	0	7013
5783	7061	2	6	34	0	7103
5784	62	7021	9	19	0	7111
5785	26	42	7	7587	0	7662
5786	13	30	7	7549	0	7599
5787	17	7974	5	86	0	8082
5788	15	87	6	8201	0	8309
5789	8184	35	8	120	0	8347
5790	8548	7	8	59	0	8622
5791	8457	10	7	29	0	8503
5792	154	11	8753	26	0	8944
5793	9096	3	110	28	0	9237
5794	9502	5	47	12	0	9566
5795	9640	5	9	22	0	9676
5796	180	9525	17	11	0	9733
5797	78	122	8	9650	0	9858
5798	34	55	3	9821	0	9913
5799	26	24	8	9734	0	9792
5800	28	17	9485	195	0	9725
5801	25	9	120	9600	0	9754
5802	9748	5	57	170	0	9980
5803	151	10	20	9879	0	10060
5804	77	5	16	10241	0	10339
5805	42	7	10112	216	0	10377
5806	36	10132	142	109	0	10419
5807	10552	146	60	73	0	10831
5808	169	65	21	10575	0	10830
5809	10680	21	20	180	0	10901
5810	188	27	10555	88	0	10858
5811	10202	10	145	59	0	10416
5812	177	10721	73	45	0	11016
5813	90	151	10654	35	0	10930
5814	45	61	10708	35	0	10849
5815	49	51	209	10304	0	10613
5816	26	19	10906	170	0	11121
5817	29	10817	173	81	0	11100
5818	33	151	80	10649	0	10913
5819	35	60	34	10907	0	11036
5820	21	31	31	10892	0	10975
5821	10685	17	14	227	0	10943
5822	145	10709	25	108	0	10987
5823	85	144	9	10926	0	11164
5824	41	68	22	11036	0	11167
5825	10688	29	17	228	0	10962
5826	153	10622	17	115	0	10907
5827	10818	145	23	81	0	11067
5828	10819	73	26	48	0	10966
5829	10777	36	17	52	0	10882
5830	245	20	10584	44	0	10893
5831	123	23	148	10418	0	10712
5832	71	10474	70	159	0	10774
5833	58	10710	38	92	0	10898
5834	40	210	27	10517	0	10794
5835	46	10625	23	169	0	10863
5836	11128	177	17	109	0	11431
5837	185	84	11019	66	0	11354
5838	10916	37	140	64	0	11157
5839	11307	36	74	58	0	11475
5840	248	28	31	11285	0	11592
5841	11343	28	32	185	0	11588
5842	196	11835	23	110	0	12164
5843	12072	161	26	91	0	12350
5844	12185	81	29	79	0	12374
5845	13040	51	26	65	0	13182
5846	302	37	13062	57	0	13458
5847	176	40	13200	48	0	13464
5848	106	43	263	13166	0	13578
5849	83	12962	123	213	0	13381
5850	85	13458	64	121	0	13728
5851	85	260	47	13299	0	13691
5852	13412	144	47	252	0	13855
5853	245	76	39	13414	0	13774
5854	133	51	39	13674	0	13897
5855	13535	40	33	326	0	13934
5856	259	13451	46	183	0	13939
5857	144	202	13434	122	0	13902
5858	110	110	13259	92	0	13571
5859	13451	85	276	92	0	13904
5860	243	60	131	13294	0	13728
5861	126	40	13456	250	0	13872
5862	87	42	225	13177	0	13531
5863	81	38	121	13188	0	13428
5864	77	43	65	13560	0	13745
5865	58	44	42	13400	0	13544
5866	61	13069	51	347	0	13528
5867	64	210	45	13387	0	13706
5868	13212	116	32	292	0	13652
5869	231	13100	49	162	0	13542
5870	13591	224	42	144	0	14001
5871	13851	114	39	96	0	14100
5872	13904	73	52	86	0	14115
5873	331	71	13477	69	0	13948
5874	13515	47	203	91	0	13856
5875	13904	49	118	62	0	14133
5876	13670	51	72	77	0	13870
5877	13914	29	49	97	0	14089
5878	345	13713	37	73	0	14168
5879	13715	224	28	88	0	14055
5880	294	107	13562	74	0	14037
5881	160	76	190	13432	0	13858
5882	141	56	77	13700	0	13974
5883	13759	54	55	292	0	14160
5884	263	13537	37	185	0	14022
5885	13257	187	24	94	0	13562
5886	262	13212	25	66	0	13565
5887	12815	171	26	45	0	13057
5888	12776	83	27	36	0	12922
5889	244	13254	20	38	0	13556
5890	13296	163	35	27	0	13521
5891	13708	66	28	27	0	13829
5892	270	12866	24	31	0	13191
5893	116	13097	13	22	0	13248
5894	13691	218	66	26	0	14001
5895	282	94	29	13947	0	14352
5896	14117	55	10	255	0	14437
5897	14599	28	8	100	0	14735
5898	14867	31	2	75	0	14975
5899	14971	31	6	42	0	15050
5900	384	14394	10	39	0	14827
5901	159	14858	11	39	0	15067
5902	14845	294	15	18	0	15172
5903	315	117	14673	13	0	15118
5904	121	86	255	14204	0	14666
5905	96	37	81	14552	0	14766
5906	14254	29	49	299	0	14631
5907	269	14017	26	133	0	14445
5908	111	246	24	13934	0	14315
5909	82	83	15	14348	0	14528
5910	14167	63	8	344	0	14582
5911	289	33	7	14255	0	14584
5912	14196	34	12	335	0	14577
5913	14349	44	14	125	0	14532
5914	14365	36	10	111	0	14522
5915	421	32	11	14127	0	14591
5916	179	33	21	14281	0	14514
5917	136	29	14856	341	0	15362
5918	98	20	14713	165	0	14996
5919	14909	23	393	95	0	15420
5920	381	30	152	15437	0	16000
5921	170	22	16467	382	0	17041
5922	125	28	16656	147	0	16956
5923	94	17	550	16585	0	17246
5924	82	29	16814	462	0	17387
5925	87	32	492	16679	0	17290
5926	90	27	210	16929	0	17256
5927	69	30	16959	605	0	17663
5928	74	20	453	17127	0	17674
5929	105	25	229	16611	0	16970
5930	88	22	109	17674	0	17893
5931	76	36	17056	713	0	17881
5932	93	26	457	17502	0	18078
5933	17473	25	184	626	0	18308
5934	495	17527	107	285	0	18414
5935	17814	438	64	223	0	18539
5936	574	177	17521	115	0	18387
5937	17742	92	468	143	0	18445
5938	18191	44	199	118	0	18552
5939	18138	62	134	114	0	18448
5940	755	53	79	17541	0	18428
5941	350	44	94	17943	0	18431
5942	229	32	16658	682	0	17601
5943	16067	31	481	336	0	16915
5944	589	16103	214	202	0	17108
5945	252	15402	124	159	0	15937
5946	177	15886	74	139	0	16276
5947	232	588	123	15129	0	16072
5948	14984	217	104	494	0	15799
5949	15190	116	91	265	0	15662
5950	625	62	14724	194	0	15605
5951	291	77	452	14724	0	15544
5952	196	67	183	15061	0	15507
5953	159	77	14578	648	0	15462
5954	162	66	14261	340	0	14829
5955	14244	59	586	221	0	15110
5956	504	14382	240	198	0	15324
5957	14654	412	143	195	0	15404
5958	14933	169	113	164	0	15379
5959	650	102	109	14488	0	15349
5960	344	57	91	14923	0	15415
5961	14498	74	95	662	0	15329
5962	570	59	104	14587	0	15320
5963	315	59	112	14836	0	15322
5964	14565	58	110	680	0	15413
5965	568	59	91	14722	0	15440
5966	14748	48	92	615	0	15503
5967	15002	38	108	339	0	15487
5968	651	43	14439	281	0	15414
5969	14592	42	470	224	0	15328
5970	14625	42	240	220	0	15127
5971	14552	45	178	212	0	14987
5972	725	106	11762	233	0	12826
5973	13872	63	399	191	0	14525
5974	585	13720	186	197	0	14688
5975	14130	387	142	208	0	14867
5976	14468	159	110	199	0	14936
5977	697	80	116	14155	0	15048
5978	399	44	121	14356	0	14920
5979	261	14147	100	697	0	15205
5980	233	406	78	14483	0	15200
5981	212	173	125	14838	0	15348
5982	14458	111	117	706	0	15392
5983	622	91	82	14425	0	15220
5984	365	97	69	14711	0	15242
5985	320	82	68	14597	0	15067
5986	237	13929	80	770	0	15016
5987	13863	425	97	400	0	14785
5988	606	13886	109	285	0	14886
5989	13306	437	87	241	0	14071
5990	580	186	12813	231	0	13810
5991	12394	128	374	234	0	13130
5992	539	83	12451	219	0	13292
5993	299	12068	420	174	0	12961
5994	11449	385	327	147	0	12308
5995	11170	187	150	134	0	11641
5996	540	10598	81	126	0	11345
5997	292	10729	86	131	0	11238
5998	10473	373	77	144	0	11067
5999	10657	150	73	129	0	11009
6000	488	105	68	10426	0	11087
6001	284	78	63	10663	0	11088
6002	191	86	10267	424	0	10968
6003	10242	59	257	235	0	10793
6004	417	68	135	10165	0	10785
6005	231	10302	76	357	0	10966
6006	198	261	47	10487	0	10993
6007	174	156	48	10565	0	10943
6008	160	92	10181	446	0	10879
6009	150	74	250	10339	0	10813
6010	10149	78	114	405	0	10746
6011	332	9818	83	259	0	10492
6012	220	10005	46	173	0	10444
6013	9985	352	68	138	0	10543
6014	10128	188	48	133	0	10497
6015	10137	97	41	114	0	10389
6016	484	9628	54	102	0	10268
6017	192	9151	42	64	0	9449
6018	9617	247	70	75	0	10009
6019	9827	131	64	78	0	10100
6020	391	9339	41	69	0	9840
6021	91	8374	17	40	0	8522
6022	8120	175	51	33	0	8379
6023	193	50	3	8002	0	8248
6024	7992	34	17	161	0	8204
6025	190	40	2	8000	0	8232
6026	72	8022	12	161	0	8267
6027	69	8102	10	48	0	8229
6028	8231	174	27	43	0	8475
6029	8320	64	8	40	0	8432
6030	8612	40	16	24	0	8692
6031	238	8524	8	40	0	8810
6032	76	167	8043	22	0	8308
6033	45	8024	151	17	0	8237
6034	7808	216	75	26	0	8125
6035	7612	51	23	24	0	7710
6036	206	33	7441	7	0	7687
6037	55	7343	148	7	0	7553
6038	49	159	47	7304	0	7559
6039	32	46	19	7253	0	7350
6040	24	6684	22	161	0	6891
6041	28	162	7157	32	0	7379
6042	7237	37	154	19	0	7447
6043	184	28	25	7362	0	7599
6044	7381	22	18	158	0	7579
6045	7522	28	11	43	0	7604
6046	195	21	15	7565	0	7796
6047	60	21	8	8027	0	8116
6048	48	20	4	8182	0	8254
6049	40	23	11	8250	0	8324
6050	8023	29	11	245	0	8308
6051	8207	20	13	81	0	8321
6052	248	23	8098	56	0	8425
6053	97	18	173	8119	0	8407
6054	61	24	47	8327	0	8459
6055	31	16	32	8383	0	8462
6056	38	27	8053	264	0	8382
6057	41	21	179	7992	0	8233
6058	7925	13	43	233	0	8214
6059	215	20	27	7948	0	8210
6060	73	26	7921	227	0	8247
6061	55	21	192	7975	0	8243
6062	38	22	8048	231	0	8339
6063	8104	25	202	92	0	8423
6064	226	12	59	8182	0	8479
6065	8204	11	40	226	0	8481
6066	8216	16	28	87	0	8347
6067	253	24	13	8127	0	8417
6068	8273	14	20	257	0	8564
6069	236	24	22	8230	0	8512
6070	85	8696	30	227	0	9038
6071	9058	199	22	83	0	9362
6072	9347	51	24	67	0	9489
6073	9480	32	15	50	0	9577
6074	315	18	21	9264	0	9618
6075	118	12	16	9394	0	9540
6076	72	18	20	9453	0	9563
6077	62	11	8904	328	0	9305
6078	50	8734	215	131	0	9130
6079	60	226	54	8672	0	9012
6080	66	54	8622	252	0	8994
6081	8575	30	223	100	0	8928
6082	267	20	70	8643	0	9000
6083	88	11	8575	268	0	8942
6084	8758	19	213	137	0	9127
6085	248	14	70	8986	0	9318
6086	95	13	35	9149	0	9292
6087	74	15	26	9255	0	9370
6088	9101	7	28	334	0	9470
6089	9236	16	31	134	0	9417
6090	9128	13	34	105	0	9280
6091	292	8663	37	71	0	9063
6092	114	9003	27	70	0	9214
6093	9029	223	34	65	0	9351
6094	260	64	8926	70	0	9320
6095	103	37	207	8879	0	9226
6096	80	20	52	9175	0	9327
6097	8954	12	41	302	0	9309
6098	8814	13	22	122	0	8971
6099	280	8713	25	90	0	9108
6100	127	207	26	8813	0	9173
6101	99	58	8715	244	0	9116
6102	80	31	8799	106	0	9016
6103	63	22	244	8895	0	9224
6104	63	12	81	9192	0	9348
6105	8906	17	43	330	0	9296
6106	250	25	31	9053	0	9359
6107	9268	24	28	305	0	9625
6108	9339	18	29	124	0	9510
6109	292	18	9076	92	0	9478
6110	9217	13	203	79	0	9512
6111	9429	22	62	80	0	9593
6112	9411	10	47	84	0	9552
6113	310	9084	43	69	0	9506
6114	119	9244	24	73	0	9460
6115	88	268	25	9130	0	9511
6116	72	65	9063	256	0	9456
6117	78	8810	186	113	0	9187
6118	80	210	69	8238	0	8597
6119	60	48	37	8087	0	8232
6120	43	8025	22	193	0	8283
6121	8136	136	21	82	0	8375
6122	8304	44	19	60	0	8427
6123	203	32	8339	48	0	8622
6124	8273	22	135	61	0	8491
6125	191	16	8279	51	0	8537
6126	7775	12	148	46	0	7981
6127	175	20	7948	39	0	8182
6128	75	7708	114	38	0	7935
6129	87	103	87	7377	0	7654
6130	37	36	36	7436	0	7545
6131	7511	20	18	133	0	7682
6132	7571	7	23	64	0	7665
6133	7493	10	13	48	0	7564
6134	147	8	7631	35	0	7821
6135	73	10	82	7655	0	7820
6136	55	7	42	7807	0	7911
6137	7800	10	28	134	0	7972
6138	105	7790	22	67	0	7984
6139	8129	84	16	64	0	8293
6140	118	39	14	8257	0	8428
6141	75	24	17	8422	0	8538
6142	48	15	11	8446	0	8520
6143	40	11	13	8522	0	8586
6144	32	25	18	8475	0	8550
6145	35	8152	19	151	0	8357
6146	34	8011	7	66	0	8118
6147	19	7792	12	42	0	7865
6148	22	73	13	7824	0	7932
6149	30	22	7699	68	0	7819
6150	7176	10	60	34	0	7280
6151	74	7825	16	15	0	7930
6152	33	61	16	7868	0	7978
6153	23	22	9	7963	0	8017
6154	8040	9	13	86	0	8148
6155	7962	9	14	41	0	8026
6156	8096	13	13	34	0	8156
6157	88	8	4	8464	0	8564
6158	41	3	8561	76	0	8681
6159	26	14	8690	27	0	8757
6160	27	14	78	8767	0	8886
6161	20	4	8846	88	0	8958
6162	8513	6	87	34	0	8640
6163	83	7	29	8683	0	8802
6164	31	5	8744	86	0	8866
6165	26	4	70	8543	0	8643
6166	29	9	8988	82	0	9108
6167	21	11	9249	38	0	9319
6168	42	36	96	9604	0	9778
6169	20	9	10186	115	0	10330
6170	14	8	9536	52	0	9610
6171	8	9266	135	19	0	9428
6172	51	119	50	9605	0	9825
6173	10057	34	26	127	0	10244
6174	105	18	6	9916	0	10045
6175	43	10	5	10304	0	10362
6176	18	10	10187	147	0	10362
6177	9644	6	104	77	0	9831
6178	116	2	36	10383	0	10537
6179	43	0	23	10575	0	10641
6180	10390	2	13	162	0	10567
6181	116	4	8	10449	0	10577
6182	10450	5	10	145	0	10610
6183	10456	3	18	70	0	10547
6184	10324	6	22	34	0	10386
6185	161	10027	10	28	0	10226
6186	10253	102	12	31	0	10398
6187	141	10203	10	28	0	10382
6188	63	115	9	10270	0	10457
6189	10322	46	10	126	0	10504
6190	122	10343	15	55	0	10535
6191	10445	114	7	45	0	10611
6192	134	10335	9	37	0	10515
6193	10332	127	15	32	0	10506
6194	143	10214	12	25	0	10394
6195	63	10566	16	33	0	10678
6196	53	11254	6	20	0	11333
6197	40	163	11	11002	0	11216
6198	30	11366	9	99	0	11504
6199	27	156	6	11331	0	11520
6200	33	61	8	11403	0	11505
6201	25	47	3	11390	0	11465
6202	28	22	1	11452	0	11503
6203	11370	17	4	203	0	11594
6204	11403	24	4	100	0	11531
6205	182	17	11439	53	0	11691
6206	11772	22	115	53	0	11962
6207	12173	17	46	40	0	12276
6208	12661	25	20	38	0	12744
6209	235	31	12465	24	0	12755
6210	100	25	12654	29	0	12808
6211	12721	19	229	47	0	13016
6212	225	28	13312	25	0	13590
6213	99	13891	211	43	0	14244
6214	53	205	82	14158	0	14498
6215	14603	79	44	248	0	14974
6216	14731	40	29	125	0	14925
6217	14945	25	26	62	0	15058
6218	338	25	21	14811	0	15195
6219	150	19	26	15137	0	15332
6220	85	23	15094	306	0	15508
6221	82	11	210	15113	0	15416
6222	77	18	87	15421	0	15603
6223	15143	13	52	335	0	15543
6224	245	15144	44	147	0	15580
6225	15353	221	24	85	0	15683
6226	272	88	27	15450	0	15837
6227	15373	48	25	258	0	15704
6228	15397	30	17	134	0	15578
6229	15081	24	26	97	0	15228
6230	338	14902	27	60	0	15327
6231	165	15275	28	59	0	15527
6232	104	277	22	15339	0	15742
6233	15442	105	21	258	0	15826
6234	281	60	29	15213	0	15583
6235	122	42	24	15400	0	15588
6236	84	45	15217	343	0	15689
6237	79	40	216	15193	0	15528
6238	73	37	85	15243	0	15438
6239	67	29	43	15290	0	15429
6240	60	23	14923	367	0	15373
6241	75	37	14591	175	0	14878
6242	59	14744	281	124	0	15208
6243	14848	219	106	88	0	15261
6244	264	97	51	14982	0	15394
6245	135	47	15054	260	0	15496
6246	93	40	233	14997	0	15363
6247	93	29	98	15833	0	16053
6248	15684	30	52	364	0	16130
6249	15705	23	36	189	0	15953
6250	334	15563	55	111	0	16063
6251	15656	223	47	98	0	16024
6252	15702	92	45	88	0	15927
6253	365	59	37	15593	0	16054
6254	158	56	15496	273	0	15983
6255	120	15501	237	126	0	15984
6256	15529	254	97	116	0	15996
6257	15637	104	55	86	0	15882
6258	350	15741	37	85	0	16213
6259	168	231	38	16327	0	16764
6260	16891	99	36	333	0	17359
6261	17151	61	24	177	0	17413
6262	409	40	30	17170	0	17649
6263	17112	46	31	380	0	17569
6264	18376	42	35	172	0	18625
6265	18738	39	47	115	0	18939
6266	518	39	18558	95	0	19210
6267	222	18134	290	105	0	18751
6268	142	18656	106	83	0	18987
6269	18098	368	70	75	0	18611
6270	365	18380	30	70	0	18845
6271	150	334	18282	58	0	18824
6272	96	115	303	18351	0	18865
6273	18452	53	89	339	0	18933
6274	363	48	44	18425	0	18880
6275	18639	41	41	381	0	19102
6276	18795	32	29	156	0	19012
6277	18864	44	31	101	0	19040
6278	436	18252	38	86	0	18812
6279	184	19339	36	85	0	19644
6280	19337	365	30	87	0	19819
6281	19188	123	26	95	0	19432
6282	19558	68	40	80	0	19746
6283	450	59	32	19241	0	19782
6284	19148	41	29	368	0	19586
6285	415	18674	31	126	0	19246
6286	171	19394	28	98	0	19691
6287	141	374	22	19236	0	19773
6288	120	130	18989	350	0	19589
6289	125	74	18811	133	0	19143
6290	123	59	365	18944	0	19491
6291	102	42	19052	368	0	19564
6292	112	55	339	19033	0	19539
6293	19254	56	102	376	0	19788
6294	401	47	53	19130	0	19631
6295	18925	60	51	368	0	19404
6296	380	18340	47	149	0	18916
6297	184	325	18658	108	0	19275
6298	132	102	335	18193	0	18762
6299	127	65	99	18960	0	19251
6300	93	69	18788	417	0	19367
6301	120	49	336	18323	0	18828
6302	108	18808	87	379	0	19382
6303	136	338	66	19188	0	19728
6304	112	108	53	19486	0	19759
6305	129	72	42	19774	0	20017
6306	115	70	19550	507	0	20242
6307	118	52	18745	215	0	19130
6308	17686	32	441	140	0	18299
6309	423	43	18111	90	0	18667
6310	146	17946	385	64	0	18541
6311	17953	309	146	82	0	18490
6312	388	17961	66	69	0	18484
6313	17557	344	92	71	0	18064
6314	17658	94	64	80	0	17896
6315	17384	57	38	60	0	17539
6316	17378	48	30	64	0	17520
6317	423	16707	35	62	0	17227
6318	157	17020	34	65	0	17276
6319	17013	360	28	48	0	17449
6320	375	122	16649	36	0	17182
6321	139	92	315	16382	0	16928
6322	102	57	86	16927	0	17172
6323	89	47	16700	381	0	17217
6324	15813	45	330	148	0	16336
6325	16903	45	103	89	0	17140
6326	16722	45	76	80	0	16923
6327	444	16367	65	52	0	16928
6328	17110	323	47	71	0	17551
6329	428	95	40	16727	0	17290
6330	160	17548	42	321	0	18071
6331	18019	369	53	105	0	18546
6332	18394	128	42	80	0	18644
6333	19366	79	55	75	0	19575
6334	584	64	53	18944	0	19645
6335	262	65	26	19145	0	19498
6336	162	18573	43	515	0	19293
6337	282	396	18607	188	0	19473
6338	132	143	396	18738	0	19409
6339	137	79	151	18676	0	19043
6340	103	63	77	19620	0	19863
6341	95	61	19137	592	0	19885
6342	18731	56	436	254	0	19477
6343	491	50	153	19454	0	20148
6344	205	64	19513	501	0	20283
6345	143	48	456	19346	0	19993
6346	19703	47	161	549	0	20460
6347	520	19660	89	237	0	20506
6348	217	454	88	20239	0	20998
6349	152	157	20171	540	0	21020
6350	19386	90	470	225	0	20171
6351	20234	71	161	166	0	20632
6352	645	70	19967	128	0	20810
6353	287	105	506	18948	0	19846
6354	159	19647	184	496	0	20486
6355	19989	477	126	199	0	20791
6356	558	151	19646	149	0	20504
6357	19180	102	529	150	0	19961
6358	632	73	19173	119	0	19997
6359	330	56	18377	127	0	18890
6360	17551	44	604	101	0	18300
6361	481	17984	226	98	0	18789
6362	304	418	17748	82	0	18552
6363	151	17422	457	120	0	18150
6364	189	437	16971	115	0	17712
6365	106	16925	414	89	0	17534
6366	16125	432	253	107	0	16917
6367	397	162	15888	78	0	16525
6368	201	81	15563	85	0	15930
6369	126	72	15267	73	0	15538
6370	14653	98	513	54	0	15318
6371	15000	46	212	51	0	15309
6372	412	44	119	14567	0	15142
6373	176	47	14980	308	0	15511
6374	116	43	14988	147	0	15294
6375	14791	32	433	82	0	15338
6376	362	44	207	15070	0	15683
6377	15003	43	113	326	0	15485
6378	15072	28	110	141	0	15351
6379	474	42	96	14194	0	14806
6380	228	14228	75	322	0	14853
6381	127	305	89	14437	0	14958
6382	102	140	84	14663	0	14989
6383	107	77	14388	432	0	15004
6384	118	13916	345	207	0	14586
6385	95	14484	179	110	0	14868
6386	98	374	116	14207	0	14795
6387	79	152	14211	342	0	14784
6388	83	14074	360	168	0	14685
6389	106	339	14236	98	0	14779
6390	13920	148	381	117	0	14566
6391	14467	81	218	90	0	14856
6392	437	82	14195	81	0	14795
6393	14100	75	390	79	0	14644
6394	400	60	213	14302	0	14975
6395	227	14892	122	320	0	15561
6396	159	326	112	15089	0	15686
6397	14646	136	125	362	0	15269
6398	14886	82	117	174	0	15259
6399	14865	78	105	122	0	15170
6400	14705	81	93	93	0	14972
6401	512	14102	94	110	0	14818
6402	244	14286	105	79	0	14714
6403	14226	372	128	53	0	14779
6404	425	158	14189	155	0	14927
6405	212	375	320	14111	0	15018
6406	132	14991	170	320	0	15613
6407	133	330	89	15012	0	15564
6408	104	15488	104	327	0	16023
6409	87	372	101	15725	0	16285
6410	86	172	15587	379	0	16224
6411	15399	86	368	187	0	16040
6412	15746	83	182	107	0	16118
6413	465	97	15387	79	0	16028
6414	15444	93	384	93	0	16014
6415	15784	76	202	79	0	16141
6416	534	71	15320	58	0	15983
6417	252	63	404	15099	0	15818
6418	15436	50	224	363	0	16073
6419	476	57	15336	155	0	16024
6420	258	48	404	14977	0	15687
6421	158	51	15553	375	0	16137
6422	156	54	15268	186	0	15664
6423	15208	73	495	126	0	15902
6424	15773	53	241	96	0	16163
6425	15943	44	132	107	0	16226
6426	16407	50	102	78	0	16637
6427	579	62	107	15736	0	16484
6428	282	14928	90	372	0	15672
6429	183	15472	93	171	0	15919
6430	134	446	90	14770	0	15440
6431	14998	146	65	355	0	15564
6432	435	14418	57	150	0	15060
6433	128	14214	49	73	0	14464
6434	14154	367	54	52	0	14627
6435	370	110	50	14099	0	14629
6436	14168	61	49	343	0	14621
6437	369	14135	33	104	0	14641
6438	14365	331	42	71	0	14809
6439	414	95	14655	40	0	15204
6440	15901	78	371	56	0	16406
6441	16705	62	96	46	0	16909
6442	17250	46	55	65	0	17416
6443	608	85	15240	72	0	16005
6444	16510	59	322	57	0	16948
6445	499	16544	110	62	0	17215
6446	208	401	16477	41	0	17127
6447	192	244	433	15585	0	16454
6448	136	70	145	15441	0	15792
6449	125	15563	74	478	0	16240
6450	107	386	61	15808	0	16362
6451	99	132	56	16134	0	16421
6452	94	68	15554	521	0	16237
6453	14919	47	417	211	0	15594
6454	457	50	15696	107	0	16310
6455	189	24	445	15583	0	16241
6456	141	27	15857	444	0	16469
6457	111	40	469	15926	0	16546
6458	16205	33	183	482	0	16903
6459	16947	32	122	194	0	17295
6460	572	38	94	16800	0	17504
6461	242	16	16947	496	0	17701
6462	159	36	459	17055	0	17709
6463	123	38	16785	544	0	17490
6464	16295	44	470	234	0	17043
6465	16989	32	179	167	0	17367
6466	16572	51	98	128	0	16849
6467	16826	52	89	102	0	17069
6468	640	16026	80	98	0	16844
6469	272	422	86	16374	0	17154
6470	16079	167	61	517	0	16824
6471	537	15810	92	203	0	16642
6472	241	16342	71	147	0	16801
6473	227	534	15410	112	0	16283
6474	15491	176	483	95	0	16245
6475	16047	105	176	79	0	16407
6476	689	81	15382	71	0	16223
6477	308	55	492	15256	0	16111
6478	237	45	212	15849	0	16343
6479	225	64	15527	579	0	16395
6480	194	60	512	15375	0	16141
6481	15469	42	218	550	0	16279
6482	582	57	15093	230	0	15962
6483	254	62	15518	147	0	15981
6484	15202	57	605	147	0	16011
6485	564	54	15444	139	0	16201
6486	15266	58	563	135	0	16022
6487	582	15233	239	109	0	16163
6488	15499	464	159	111	0	16233
6489	618	150	128	15208	0	16104
6490	297	78	129	15621	0	16125
6491	15296	78	126	629	0	16129
6492	586	82	88	15366	0	16122
6493	15228	71	108	591	0	15998
6494	580	15105	105	268	0	16058
6495	292	466	90	14464	0	15312
6496	250	171	93	14980	0	15494
6497	14623	109	91	639	0	15462
6498	14776	90	98	263	0	15227
6499	14878	69	83	189	0	15219
6500	718	13848	94	162	0	14822
6501	359	14436	63	122	0	14980
6502	14310	542	75	113	0	15040
6503	628	198	13812	121	0	14759
6504	302	13582	430	140	0	14454
6505	12298	483	329	159	0	13269
6506	11815	147	113	100	0	12175
6507	11584	80	57	73	0	11794
6508	521	56	56	11067	0	11700
6509	11187	47	63	363	0	11660
6510	11224	48	38	149	0	11459
6511	507	42	43	10756	0	11348
6512	10899	34	52	375	0	11360
6513	458	48	10460	143	0	11109
6514	233	41	315	10497	0	11086
6515	134	69	116	10744	0	11063
6516	143	43	85	10979	0	11250
6517	10593	35	59	477	0	11164
6518	10949	36	62	206	0	11253
6519	11019	50	49	140	0	11258
6520	10974	28	46	129	0	11177
6521	10729	17	45	105	0	10896
6522	517	21	56	10133	0	10727
6523	278	19	36	10413	0	10746
6524	10045	25	66	415	0	10551
6525	388	9845	40	214	0	10487
6526	9835	275	49	130	0	10289
6527	401	84	9408	130	0	10023
6528	9885	47	275	98	0	10305
6529	10208	49	94	78	0	10429
6530	475	39	10258	95	0	10867
6531	10408	24	292	72	0	10796
6532	437	20	10457	72	0	10986
6533	242	25	10835	39	0	11141
6534	187	78	381	10647	0	11293
6535	171	37	169	11260	0	11637
6536	136	34	11091	378	0	11639
6537	138	31	11162	195	0	11526
6538	98	10612	360	134	0	11204
6539	89	10538	166	102	0	10895
6540	8816	278	200	57	0	9351
6541	192	9020	82	53	0	9347
6542	8536	193	70	49	0	8848
6543	199	8373	51	40	0	8663
6544	8327	180	62	41	0	8610
6545	204	89	7970	36	0	8299
6546	8015	59	164	40	0	8278
6547	215	49	72	7899	0	8235
6548	104	8028	56	152	0	8340
6549	90	181	40	8130	0	8441
6550	8142	94	19	185	0	8440
6551	8291	52	25	78	0	8446
6552	260	42	22	8089	0	8413
6553	126	38	8018	170	0	8352
6554	94	28	7917	89	0	8128
6555	67	8078	199	58	0	8402
6556	72	226	89	7948	0	8335
6557	64	70	7917	172	0	8223
6558	53	7235	150	86	0	7524
6559	87	171	73	7012	0	7343
6560	34	51	45	7074	0	7204
6561	6631	35	38	173	0	6877
6562	131	34	29	6615	0	6809
6563	59	23	6510	170	0	6762
6564	40	31	124	6499	0	6694
6565	6350	26	64	157	0	6597
6566	127	20	6431	88	0	6666
6567	6358	21	114	70	0	6563
6568	148	6475	59	54	0	6736
6569	6652	108	41	48	0	6849
6570	6716	54	37	34	0	6841
6571	175	26	29	6515	0	6745
6572	109	24	21	6589	0	6743
6573	64	6475	27	161	0	6727
6574	58	102	26	6682	0	6868
6575	6535	63	25	157	0	6780
6576	145	33	6441	96	0	6715
6577	95	32	114	6450	0	6691
6578	57	6447	59	135	0	6698
6579	53	115	40	6673	0	6881
6580	38	72	25	6745	0	6880
6581	6606	44	19	187	0	6856
6582	132	6510	13	106	0	6761
6583	71	111	28	6622	0	6832
6584	6543	65	18	150	0	6776
6585	140	54	18	6595	0	6807
6586	73	32	24	6744	0	6873
6587	6754	30	18	198	0	7000
6588	6773	18	16	121	0	6928
6589	176	27	6670	83	0	6956
6590	6634	23	101	70	0	6828
6591	6851	20	50	61	0	6982
6592	6898	16	36	60	0	7010
6593	204	6536	21	51	0	6812
6594	115	6552	18	48	0	6733
6595	85	127	21	6596	0	6829
6596	6612	70	28	124	0	6834
6597	6725	48	20	71	0	6864
6598	183	26	18	6636	0	6863
6599	125	20	6823	124	0	7092
6600	6955	28	103	83	0	7169
6601	7380	29	55	70	0	7534
6602	178	29	28	7230	0	7465
6603	115	25	19	7326	0	7485
6604	7379	16	12	165	0	7572
6605	157	17	16	7318	0	7508
6606	90	7395	22	155	0	7662
6607	83	100	21	7672	0	7876
6608	7734	52	16	147	0	7949
6609	142	32	7613	98	0	7885
6610	7303	21	98	87	0	7509
6611	170	14	7558	58	0	7800
6612	104	17	114	7656	0	7891
6613	7837	21	61	152	0	8071
6614	139	23	38	7848	0	8048
6615	95	16	25	7935	0	8071
6616	7828	15	31	186	0	8060
6617	155	13	7751	110	0	8029
6618	88	18	8115	70	0	8291
6619	68	11	157	8241	0	8477
6620	62	12	78	8472	0	8624
6621	48	10	49	8632	0	8739
6622	50	11	8510	205	0	8776
6623	8236	9	117	137	0	8499
6624	8740	10	58	90	0	8898
6625	8843	10	54	67	0	8974
6626	8888	5	35	75	0	9003
6627	190	8563	28	60	0	8841
6628	108	8566	22	64	0	8760
6629	69	8547	39	45	0	8700
6630	73	138	34	7660	0	7905
6631	73	41	37	7739	0	7890
6632	50	14	7494	65	0	7623
6633	31	6889	40	27	0	6987
6634	58	45	20	6546	0	6669
6635	6386	11	14	38	0	6449
6636	31	6439	9	17	0	6496
6637	10	25	7	6403	0	6445
6638	9	6422	3	40	0	6474
6639	6553	33	5	22	0	6613
6640	41	3	5	6516	0	6565
6641	16	9	6513	30	0	6568
6642	12	2	6418	14	0	6446
6643	7	15	40	6695	0	6757
6644	7	1	12	6777	0	6797
6645	6	1	4	7061	0	7072
6646	7028	4	6	64	0	7102
6647	47	8	6984	20	0	7059
6648	20	6898	42	15	0	6975
6649	14	34	13	6945	0	7006
6650	6	16	6995	41	0	7058
6651	3	6939	42	19	0	7003
6652	17	52	20	7078	0	7167
6653	8	11	7048	42	0	7109
6654	3	6	33	6905	0	6947
6655	6	2	13	7023	0	7044
6656	7074	1	4	49	0	7128
6657	7048	3	5	22	0	7078
6658	46	3	5	7062	0	7116
6659	7106	5	3	42	0	7156
6660	38	0	7164	26	0	7228
6661	13	5	43	7198	0	7259
6662	9	3	7396	42	0	7450
6663	8	15	40	7413	0	7476
6664	6	7277	20	49	0	7352
6665	7	7381	8	27	0	7423
6666	8	7480	6	16	0	7510
6667	15	59	9	7484	0	7567
6668	6	26	2	8161	0	8195
6669	8	7	8109	88	0	8212
6670	12	10	8119	37	0	8178
6671	4	11	8626	12	0	8653
6672	9089	6	103	17	0	9215
6673	108	1	42	9600	0	9751
6674	9975	5	12	144	0	10136
6675	149	10417	8	50	0	10624
6676	54	184	6	10645	0	10889
6677	10985	68	8	193	0	11254
6678	201	24	2	11015	0	11242
6679	11012	7	6	233	0	11258
6680	219	12	10961	87	0	11279
6681	80	11093	200	38	0	11411
6682	36	193	74	11264	0	11567
6683	11241	73	29	227	0	11570
6684	11435	26	13	96	0	11570
6685	276	17	11	11326	0	11630
6686	103	18	13	11471	0	11605
6687	11158	11	11	300	0	11480
6688	226	10	19	11076	0	11331
6689	91	7	10971	243	0	11312
6690	46	10938	204	97	0	11285
6691	33	188	73	11143	0	11437
6692	11112	73	32	231	0	11448
6693	11247	23	27	107	0	11404
6694	288	31	11239	48	0	11606
6695	118	10840	201	56	0	11215
6696	69	11511	74	73	0	11727
6697	39	259	32	11497	0	11827
6698	61	97	21	11569	0	11748
6699	27	42	29	11569	0	11667
6700	40	29	24	11542	0	11635
6701	35	11116	18	367	0	11536
6702	39	221	18	11332	0	11610
6703	50	83	19	11559	0	11711
6704	11228	36	12	365	0	11641
6705	11271	28	25	151	0	11475
6706	319	11139	19	88	0	11565
6707	11308	243	4	87	0	11642
6708	11382	86	18	78	0	11564
6709	11404	50	16	67	0	11537
6710	356	29	10988	75	0	11448
6711	163	31	231	11017	0	11442
6712	79	26	95	11333	0	11533
6713	74	28	10922	341	0	11365
6714	56	30	231	10882	0	11199
6715	81	25	115	10427	0	10648
6716	10837	29	41	361	0	11268
6717	258	42	10682	174	0	11156
6718	126	39	240	10371	0	10776
6719	10236	32	96	317	0	10681
6720	251	10225	43	163	0	10682
6721	10215	231	30	113	0	10589
6722	10197	93	27	108	0	10425
6723	332	9967	21	94	0	10414
6724	150	249	22	10036	0	10457
6725	9944	118	13	309	0	10384
6726	294	9873	19	152	0	10338
6727	157	255	14	9904	0	10330
6728	9728	107	22	293	0	10150
6729	9756	53	21	156	0	9986
6730	361	9500	36	92	0	9989
6731	9632	249	26	93	0	10000
6732	325	104	31	9568	0	10028
6733	9626	52	32	297	0	10007
6734	309	37	9393	159	0	9898
6735	156	32	237	9463	0	9888
6736	111	28	96	9578	0	9813
6737	9286	35	46	389	0	9756
6738	289	9119	38	191	0	9637
6739	9086	234	43	124	0	9487
6740	310	8984	33	112	0	9439
6741	151	250	8645	94	0	9140
6742	121	115	8610	75	0	8921
6743	124	187	304	8276	0	8891
6744	107	51	8343	257	0	8758
6745	80	68	243	8291	0	8682
6746	87	34	86	8292	0	8499
6747	91	48	53	8541	0	8733
6748	8387	40	28	359	0	8814
6749	8406	49	31	175	0	8661
6750	8608	37	19	113	0	8777
6751	364	8391	29	98	0	8882
6752	167	8966	32	88	0	9253
6753	122	297	9418	92	0	9929
6754	100	130	276	9640	0	10146
6755	98	76	9632	333	0	10139
6756	76	50	319	9650	0	10095
6757	71	65	118	9900	0	10154
6758	88	36	80	9984	0	10188
6759	82	45	9446	477	0	10050
6760	83	35	309	9538	0	9965
6761	9363	32	136	438	0	9969
6762	322	9136	77	221	0	9756
6763	137	293	74	9360	0	9864
6764	9273	114	65	399	0	9851
6765	9429	72	48	216	0	9765
6766	427	55	53	9102	0	9637
6767	226	44	43	9082	0	9395
6768	8440	36	40	448	0	8964
6769	361	37	27	8460	0	8885
6770	7889	19	43	361	0	8312
6771	353	32	29	7575	0	7989
6772	158	18	6909	334	0	7419
6773	111	6321	174	176	0	6782
6774	78	6348	65	117	0	6608
6775	136	193	106	5617	0	6052
6776	125	57	109	5606	0	5897
6777	5360	31	29	198	0	5618
6778	132	34	24	5384	0	5574
6779	51	36	17	5419	0	5523
6780	39	28	16	5183	0	5266
6781	32	4976	16	220	0	5244
6782	45	107	8	5140	0	5300
6783	31	32	10	5193	0	5266
6784	29	33	11	5212	0	5285
6785	4915	22	19	234	0	5190
6786	122	4993	9	127	0	5251
6787	53	126	11	5122	0	5312
6788	37	43	11	5197	0	5288
6789	33	36	12	5226	0	5307
6790	5006	21	7	231	0	5265
6791	150	25	10	5044	0	5229
6792	60	18	11	5062	0	5151
6793	40	20	4665	233	0	4958
6794	31	4545	100	135	0	4811
6795	34	123	30	4655	0	4842
6796	4456	32	25	189	0	4702
6797	123	4448	15	103	0	4689
6798	4304	95	14	75	0	4488
6799	4399	42	17	67	0	4525
6800	128	35	14	4326	0	4503
6801	67	23	10	4441	0	4541
6802	64	22	4421	150	0	4657
6803	54	25	87	4541	0	4707
6804	44	13	4534	155	0	4746
6805	36	14	107	4634	0	4791
6806	4364	10	43	167	0	4584
6807	102	4473	34	96	0	4705
6808	46	103	29	4763	0	4941
6809	34	41	28	4826	0	4929
6810	33	22	28	4791	0	4874
6811	32	27	17	4814	0	4890
6812	4658	24	15	194	0	4891
6813	104	4602	20	112	0	4838
6814	46	102	11	4861	0	5020
6815	4801	34	17	182	0	5034
6816	115	29	4694	127	0	4965
6817	4706	17	98	104	0	4925
6818	4866	24	41	71	0	5002
6819	145	28	4757	74	0	5004
6820	78	20	107	4825	0	5030
6821	4911	20	56	153	0	5140
6822	147	5000	42	88	0	5277
6823	5183	97	32	76	0	5388
6824	5208	42	27	65	0	5342
6825	5261	26	26	71	0	5384
6826	184	26	12	5148	0	5370
6827	97	29	16	5356	0	5498
6828	85	5808	14	175	0	6082
6829	83	128	9	6013	0	6233
6830	6027	54	12	183	0	6276
6831	171	37	5933	113	0	6254
6832	5895	32	116	93	0	6136
6833	6293	37	47	82	0	6459
6834	201	32	27	6185	0	6445
6835	118	20	21	6321	0	6480
6836	6290	17	28	217	0	6552
6837	6340	10	29	117	0	6496
6838	5949	20	18	99	0	6086
6839	206	21	6166	87	0	6480
6840	108	6156	115	91	0	6470
6841	6300	114	45	82	0	6541
6842	185	53	29	6254	0	6521
6843	107	6246	18	177	0	6548
6844	87	133	16	6326	0	6562
6845	6364	64	17	177	0	6622
6846	165	62	13	6445	0	6685
6847	135	34	6253	195	0	6617
6848	51	6181	101	123	0	6456
6849	50	6427	37	97	0	6611
6850	63	133	6096	70	0	6362
6851	5477	108	156	98	0	5839
6852	103	5475	48	62	0	5688
6853	66	91	45	4741	0	4943
6854	4705	21	12	45	0	4783
6855	42	4675	6	23	0	4746
6856	27	37	8	4756	0	4828
6857	4781	20	6	43	0	4850
6858	47	8	3	4782	0	4840
6859	4813	6	5	50	0	4874
6860	50	13	4859	29	0	4951
6861	27	4902	33	22	0	4984
6862	5080	35	12	22	0	5149
6863	5028	16	6	14	0	5064
6864	5015	10	9	8	0	5042
6865	62	11	4842	9	0	4924
6866	4833	9	30	9	0	4881
6867	5046	5	15	19	0	5085
6868	63	10	6	5027	0	5106
6869	5074	3	6	45	0	5128
6870	57	4992	7	24	0	5080
6871	38	35	4	5067	0	5144
6872	22	20	5009	45	0	5096
6873	21	20	37	4954	0	5032
6874	20	13	19	5064	0	5116
6875	5065	15	12	57	0	5149
6876	5034	8	7	37	0	5086
6877	64	10	4961	21	0	5056
6878	4871	5	36	23	0	4935
6879	63	6	4936	16	0	5021
6880	33	14	43	4971	0	5061
6881	22	10	4990	49	0	5071
6882	24	10	52	4958	0	5044
6883	26	4978	20	47	0	5071
6884	25	37	5088	20	0	5170
6885	17	26	5164	21	0	5228
6886	33	20	94	4428	0	4575
6887	5221	12	27	59	0	5319
6888	5269	11	15	28	0	5323
6889	5302	5	13	28	0	5348
6890	93	8	16	5188	0	5305
6891	46	5	6	5285	0	5342
6892	37	5	9	5287	0	5338
6893	17	6	12	5284	0	5319
6894	24	12	5136	80	0	5252
6895	18	15	48	5079	0	5160
6896	25	4999	19	70	0	5113
6897	16	52	25	5105	0	5198
6898	5091	22	10	73	0	5196
6899	66	14	5039	37	0	5156
6900	4798	5	53	40	0	4896
6901	80	8	5110	17	0	5215
6902	34	4	4960	15	0	5013
6903	26	4901	78	17	0	5022
6904	32	74	57	4433	0	4596
6905	16	20	24	4886	0	4946
6906	21	4168	48	93	0	4330
6907	5136	65	16	35	0	5252
6908	88	34	5	5343	0	5470
6909	49	18	11	5954	0	6032
6910	26	4	14	6300	0	6344
6911	6864	8	12	198	0	7082
6912	7442	7	9	93	0	7551
6913	228	4	7	7343	0	7582
6914	97	9	9	7421	0	7536
6915	7247	11	2	262	0	7522
6916	209	5	9	7294	0	7517
6917	81	8	12	7406	0	7507
6918	57	6	8	7511	0	7582
6919	57	2	7106	290	0	7455
6920	6867	4	157	147	0	7175
6921	7111	8	53	106	0	7278
6922	259	2	6794	93	0	7148
6923	131	52	171	6454	0	6808
6924	88	6681	68	215	0	7052
6925	6644	159	42	131	0	6976
6926	197	6577	53	111	0	6938
6927	86	6460	42	82	0	6670
6928	105	209	26	6017	0	6357
6929	6026	63	24	203	0	6316
6930	6255	48	21	95	0	6419
6931	218	40	26	6103	0	6387
6932	107	31	18	6179	0	6335
6933	86	35	12	6142	0	6275
6934	64	42	20	6112	0	6238
6935	61	41	9	6029	0	6140
6936	62	5774	10	277	0	6123
6937	58	163	17	5932	0	6170
6938	5830	55	5	271	0	6161
6939	5961	47	9	153	0	6170
6940	5989	24	9	124	0	6146
6941	244	5766	8	121	0	6139
6942	123	168	10	5816	0	6117
6943	82	64	5756	248	0	6150
6944	5676	51	158	134	0	6019
6945	222	65	58	5749	0	6094
6946	5713	30	33	244	0	6020
6947	5654	28	29	122	0	5833
6948	5670	31	13	103	0	5817
6949	280	41	14	5434	0	5769
6950	5456	33	22	221	0	5732
6951	267	34	23	5450	0	5774
6952	138	20	26	5616	0	5800
6953	5463	15	18	274	0	5770
6954	260	21	12	5518	0	5811
6955	5463	15	9	266	0	5753
6956	5571	28	11	140	0	5750
6957	284	25	6	5470	0	5785
6958	151	20	13	5587	0	5771
6959	131	24	5	5619	0	5779
6960	111	14	5175	325	0	5625
6961	98	15	5245	181	0	5539
6962	105	10	192	5171	0	5478
6963	106	7	79	5245	0	5437
6964	87	11	46	5314	0	5458
6965	92	11	33	5287	0	5423
6966	57	14	29	5360	0	5460
6967	5005	19	33	349	0	5406
6968	213	4946	40	171	0	5370
6969	109	154	38	5132	0	5433
6970	5113	53	31	274	0	5471
6971	223	36	18	5180	0	5457
6972	101	33	15	5319	0	5468
6973	5105	18	20	323	0	5466
6974	5192	19	15	195	0	5421
6975	262	19	5005	157	0	5443
6976	148	21	159	5125	0	5453
6977	117	15	5051	281	0	5464
6978	96	16	179	5191	0	5482
6979	84	10	73	5279	0	5446
6980	81	10	42	5330	0	5463
6981	85	10	4984	323	0	5402
6982	92	4822	178	189	0	5281
6983	69	5132	80	152	0	5433
6984	61	179	65	5080	0	5385
6985	4960	58	55	251	0	5324
6986	192	44	4929	161	0	5326
6987	86	31	5227	149	0	5493
6988	75	24	211	5229	0	5539
6989	56	31	91	5246	0	5424
6990	50	5256	80	258	0	5644
6991	54	171	57	5307	0	5589
6992	50	70	48	5619	0	5787
6993	49	44	39	5703	0	5835
6994	5497	36	48	298	0	5879
6995	5592	22	47	187	0	5848
6996	222	18	50	5674	0	5964
6997	100	5583	30	274	0	5987
6998	84	175	28	5715	0	6002
6999	5530	65	22	288	0	5905
7000	191	5589	23	172	0	5975
7001	98	173	31	5336	0	5638
7002	73	5429	26	252	0	5780
7003	5436	173	26	148	0	5783
7004	5278	87	34	119	0	5518
7005	207	5427	16	125	0	5775
7006	92	5496	22	104	0	5714
7007	87	178	5136	81	0	5482
7008	53	4886	127	81	0	5147
7009	76	206	72	4127	0	4481
7010	55	51	4008	128	0	4242
7011	10	3247	56	43	0	3356
7012	7	47	27	2816	0	2897
7013	5	11	11	2861	0	2888
7014	5	6	3	2885	0	2899
7015	2816	5	5	53	0	2879
7016	33	7	2780	22	0	2842
7017	13	11	2805	15	0	2844
7018	9	6	45	2821	0	2881
7019	5	8	2981	40	0	3034
7020	4	6	41	2970	0	3021
7021	4	6	18	2884	0	2912
7022	6	4	11	3044	0	3065
7023	6	3	8	3053	0	3070
7024	2978	6	5	59	0	3048
7025	2991	6	2	29	0	3028
7026	43	3	5	3010	0	3061
7027	19	4	3116	44	0	3183
7028	12	2	32	3095	0	3141
7029	6	2994	15	46	0	3061
7030	5	34	8	3006	0	3053
7031	2988	13	4	50	0	3055
7032	3037	7	6	24	0	3074
7033	44	3	4	3033	0	3084
7034	21	11	3	3046	0	3081
7035	11	6	6	3082	0	3105
7036	3002	5	3	66	0	3076
7037	39	10	2999	27	0	3075
7038	17	8	2947	17	0	2989
7039	12	2903	37	15	0	2967
7040	2936	30	16	12	0	2994
7041	28	14	9	2947	0	2998
7042	11	9	2995	39	0	3054
7043	13	2944	30	13	0	3000
7044	13	3021	12	10	0	3056
7045	9	39	10	3027	0	3085
7046	4	17	6	3070	0	3097
7047	6	3025	4	44	0	3079
7048	4	34	2	3078	0	3118
7049	5	13	4	3107	0	3129
7050	3053	6	5	50	0	3114
7051	33	3047	4	23	0	3107
7052	16	31	1	3039	0	3087
7053	10	12	3021	34	0	3077
7054	7	11	26	3031	0	3075
7055	3046	9	14	36	0	3105
7056	29	3072	12	20	0	3133
7057	12	33	7	3102	0	3154
7058	8	16	3066	37	0	3127
7059	5	10	3161	20	0	3196
7060	8	9	34	3234	0	3285
7061	12	6	13	3315	0	3346
7062	3325	6	7	50	0	3388
7063	31	3427	3	24	0	3485
7064	3481	31	4	17	0	3533
7065	35	13	3542	9	0	3599
7066	3566	12	34	12	0	3624
7067	43	5	3751	15	0	3814
7068	3738	6	43	12	0	3799
7069	3798	4	13	13	0	3828
7070	53	7	3864	13	0	3937
7071	23	5	3858	16	0	3902
7072	13	3802	56	16	0	3887
7073	10	37	25	3956	0	4028
7074	4017	16	12	48	0	4093
7075	40	9	7	4058	0	4114
7076	20	7	7	4111	0	4145
7077	16	5	9	4104	0	4134
7078	6	8	4040	64	0	4118
7079	3839	5	40	31	0	3915
7080	4067	6	19	18	0	4110
7081	58	4113	9	16	0	4196
7082	24	35	9	4109	0	4177
7083	16	4287	7	46	0	4356
7084	9	55	9	4342	0	4415
7085	4305	25	11	61	0	4402
7086	45	4319	12	33	0	4409
7087	31	45	3	4128	0	4207
7088	4092	19	2	55	0	4168
7089	4131	7	7	34	0	4179
7090	60	2	10	4022	0	4094
7091	30	7	4011	49	0	4097
7092	15	41	37	3816	0	3909
7093	9	3968	18	44	0	4039
7094	3945	43	6	24	0	4018
7095	44	3949	5	15	0	4013
7096	25	41	6	3884	0	3956
7097	3941	23	4	47	0	4015
7098	43	9	3	4040	0	4095
7099	23	12	2	4056	0	4093
7100	10	8	3994	59	0	4071
7101	8	3984	40	27	0	4059
7102	3930	47	12	17	0	4006
7103	3588	29	5	27	0	3649
7104	43	3817	7	12	0	3879
7105	13	3782	3	12	0	3810
7106	17	43	10	3743	0	3813
7107	3711	14	10	38	0	3773
7108	38	3731	1	13	0	3783
7109	14	32	0	3769	0	3815
7110	10	14	3760	36	0	3820
7111	7	8	32	3765	0	3812
7112	3791	9	10	41	0	3851
7113	35	3841	8	22	0	3906
7114	20	32	2	3969	0	4023
7115	5	23	3939	35	0	4002
7116	9	9	3920	19	0	3957
7117	10	8	41	3936	0	3995
7118	11	9	18	3977	0	4015
7119	10	3865	9	50	0	3934
7120	14	40	6	3891	0	3951
7121	3937	19	6	47	0	4009
7122	46	7	4	3963	0	4020
7123	4011	11	6	38	0	4066
7124	34	3992	8	29	0	4063
7125	18	4155	12	20	0	4205
7126	18	45	12	4250	0	4325
7127	11	25	5	4172	0	4213
7128	19	5	4151	62	0	4237
7129	9	12	48	4103	0	4172
7130	4128	10	22	55	0	4215
7131	51	8	4144	27	0	4230
7132	25	14	42	4201	0	4282
7133	16	12	4382	62	0	4472
7134	15	10	42	4444	0	4511
7135	12	12	26	4455	0	4505
7136	11	7	11	4557	0	4586
7137	12	7	4533	77	0	4629
7138	10	15	44	4449	0	4518
7139	9	4499	23	63	0	4594
7140	23	41	10	4588	0	4662
7141	12	28	9	4604	0	4653
7142	4540	18	11	83	0	4652
7143	52	7	4526	46	0	4631
7144	21	13	52	4549	0	4635
7145	17	10	4554	65	0	4646
7146	13	10	4465	43	0	4531
7147	9	20	66	4629	0	4724
7148	15	6	29	4575	0	4625
7149	14	6	17	4787	0	4824
7150	4724	11	12	85	0	4832
7151	46	9	4713	51	0	4819
7152	4865	10	49	39	0	4963
7153	59	15	34	5044	0	5152
7154	30	12	15	5176	0	5233
7155	18	5282	10	90	0	5400
7156	16	46	15	5378	0	5455
7157	10	26	12	5371	0	5419
7158	16	13	12	5387	0	5428
7159	5099	15	15	85	0	5214
7160	49	8	4920	59	0	5036
7161	4754	8	50	43	0	4855
7162	54	4961	30	25	0	5070
7163	4854	42	12	44	0	4952
7164	55	4811	13	25	0	4904
7165	27	4792	17	26	0	4862
7166	72	61	32	4639	0	4804
7167	4682	28	20	60	0	4790
7168	45	17	5	4785	0	4852
7169	26	4706	9	60	0	4801
7170	12	5020	11	37	0	5080
7171	13	65	8	5084	0	5170
7172	14	25	7	5091	0	5137
7173	10	5137	6	83	0	5236
7174	10	61	7	5336	0	5414
7175	13	24	2	5409	0	5448
7176	16	14	7	5519	0	5556
7177	5446	7	13	105	0	5571
7178	66	19	5383	50	0	5518
7179	5442	15	61	35	0	5553
7180	5652	6	26	42	0	5726
7181	5616	17	9	32	0	5674
7182	81	5491	10	19	0	5601
7183	41	54	9	5372	0	5476
7184	5399	21	7	70	0	5497
7185	61	12	12	5507	0	5592
7186	5475	8	8	71	0	5562
7187	61	5764	8	33	0	5866
7188	6047	56	7	36	0	6146
7189	6173	21	2	30	0	6226
7190	6295	12	6	23	0	6336
7191	75	13	8	6288	0	6384
7192	43	11	3	6502	0	6559
7193	6528	12	2	79	0	6621
7194	55	6447	4	48	0	6554
7195	31	6471	2	34	0	6538
7196	6719	65	6	34	0	6824
7197	61	28	2	6760	0	6851
7198	35	13	3	6925	0	6976
7199	33	7	4	7027	0	7071
7200	17	6965	6	92	0	7080
7201	7136	55	7	57	0	7255
7202	73	33	3	7189	0	7298
7203	39	7310	4	77	0	7430
7204	30	66	2	7654	0	7752
7205	21	38	4	7802	0	7865
7206	19	15	2	7763	0	7799
7207	17	16	2	7849	0	7884
7208	7806	7	4	117	0	7934
7209	7791	16	3	59	0	7869
7210	7953	13	1	48	0	8015
7211	102	6	3	7978	0	8089
7212	60	13	7879	82	0	8034
7213	43	14	7296	56	0	7409
7214	26	9	7779	46	0	7860
7215	8260	6	84	37	0	8387
7216	77	12	40	8352	0	8481
7217	44	10	22	8318	0	8394
7218	33	14	11	8414	0	8472
7219	8364	7	8	110	0	8489
7220	8335	7	3	71	0	8416
7221	87	8865	8	44	0	9004
7222	59	56	11	9080	0	9206
7223	32	32	8956	78	0	9098
7224	25	9019	51	46	0	9141
7225	23	63	21	9176	0	9283
7226	23	43	18	9201	0	9285
7227	20	23	9	9103	0	9155
7228	24	9	7	8934	0	8974
7229	26	13	8980	107	0	9126
7230	24	14	8517	72	0	8627
7231	15	9031	62	66	0	9174
7232	19	56	28	9186	0	9289
7233	28	24	17	9044	0	9113
7234	8946	18	10	88	0	9062
7235	72	18	9029	49	0	9168
7236	34	4	55	9029	0	9122
7237	31	12	32	9311	0	9386
7238	24	5	9441	87	0	9557
7239	22	9362	56	54	0	9494
7240	9455	59	24	44	0	9582
7241	67	24	9420	37	0	9548
7242	9126	11	54	42	0	9233
7243	77	15	9608	29	0	9729
7244	41	17	60	9705	0	9823
7245	31	12	9755	80	0	9878
7246	26	11	9669	53	0	9759
7247	22	14	73	9913	0	10022
7248	77	43	139	7671	0	7930
7249	23	8	21	10235	0	10287
7250	18	12	17	9986	0	10033
7251	20	8	13	9914	0	9955
7252	12	12	9927	106	0	10057
7253	22	14	9390	71	0	9497
7254	20	9955	75	50	0	10100
7255	10065	55	43	41	0	10204
7256	69	28	23	10341	0	10461
7257	10400	11	17	103	0	10531
7258	86	9	17	10415	0	10527
7259	10664	8	13	121	0	10806
7260	97	8	11	10762	0	10878
7261	40	9	21	10854	0	10924
7262	24	10855	16	123	0	11018
7263	21	78	10	11153	0	11262
7264	20	27	22	11148	0	11217
7265	18	19	17	11139	0	11193
7266	28	12	16	11112	0	11168
7267	22	10792	16	139	0	10969
7268	10851	65	10	69	0	10995
7269	79	10742	11	55	0	10887
7270	30	74	19	10546	0	10669
7271	10402	27	8	86	0	10523
7272	80	16	10127	46	0	10269
7273	28	11	10011	41	0	10091
7274	40	41	90	9844	0	10015
7275	14	11	36	10213	0	10274
7276	7	7	15	10220	0	10249
7277	14	8	24	9460	0	9506
7278	9	6	13	9971	0	9999
7279	9	9823	6	105	0	9943
7280	10	56	10	10036	0	10112
7281	9995	19	13	83	0	10110
7282	61	12	8	10071	0	10152
7283	31	9	10147	93	0	10280
7284	19	3	58	9999	0	10079
7285	9971	3	25	91	0	10090
7286	57	10231	12	44	0	10344
7287	28	59	9	10509	0	10605
7288	16	23	8	10736	0	10783
7289	18	15	10544	141	0	10718
7290	19	9	12188	53	0	12269
7291	14972	19	236	47	0	15274
7292	414	8	81	15433	0	15936
7293	153	13	49	16110	0	16325
7294	139	15	16740	589	0	17483
7295	96	10	17089	289	0	17484
7296	34	17196	623	227	0	18080
7297	41	480	283	17265	0	18069
7298	23	154	17224	520	0	17921
7299	13	17143	593	190	0	17939
7300	17013	549	239	163	0	17964
7301	17734	202	197	115	0	18248
7302	656	160	145	17161	0	18122
7303	290	17337	81	533	0	18241
7304	17341	562	70	212	0	18185
7305	667	224	60	16493	0	17444
7306	287	170	16935	555	0	17947
7307	209	17035	514	241	0	17999
7308	17061	574	197	189	0	18021
7309	17593	226	151	138	0	18108
7310	717	171	119	17074	0	18081
7311	343	134	71	17568	0	18116
7312	265	79	16838	738	0	17920
7313	187	82	539	17036	0	17844
7314	164	72	218	16512	0	16966
7315	131	49	149	17234	0	17563
7316	103	36	110	17276	0	17525
7317	78	36	78	16848	0	17040
7318	49	16419	76	984	0	17528
7319	16426	512	51	537	0	17526
7320	576	192	16316	403	0	17487
7321	215	15871	518	310	0	16914
7322	180	603	190	16220	0	17193
7323	16054	220	162	687	0	17123
7324	597	180	133	16162	0	17072
7325	241	143	92	16533	0	17009
7326	188	94	86	16688	0	17056
7327	147	73	86	16834	0	17140
7328	116	72	15795	1049	0	17032
7329	105	15886	539	602	0	17132
7330	16011	549	188	474	0	17222
7331	620	207	15915	343	0	17085
7332	244	168	648	16048	0	17108
7333	15989	154	253	746	0	17142
7334	671	15930	217	348	0	17166
7335	16048	632	192	292	0	17164
7336	791	274	148	14997	0	16210
7337	367	197	103	16433	0	17100
7338	293	149	84	16373	0	16899
7339	225	96	80	16494	0	16895
7340	15572	117	60	1078	0	16827
7341	685	85	58	15948	0	16776
7342	290	69	62	16422	0	16843
7343	15233	60	80	1058	0	16431
7344	706	78	15011	580	0	16375
7345	337	68	567	15415	0	16387
7346	14877	58	213	876	0	16024
7347	15276	63	152	445	0	15936
7348	867	56	127	14779	0	15829
7349	443	59	102	15001	0	15605
7350	337	14134	104	934	0	15509
7351	244	557	80	14683	0	15564
7352	207	200	63	14931	0	15401
7353	166	150	13768	1057	0	15141
7354	154	109	13797	600	0	14660
7355	94	13559	669	524	0	14846
7356	110	552	326	13543	0	14531
7357	104	225	259	14128	0	14716
7358	13493	177	187	883	0	14740
7359	600	141	159	13555	0	14455
7360	259	113	13138	898	0	14408
7361	238	98	590	13543	0	14469
7362	192	84	12942	918	0	14136
7363	140	81	13436	529	0	14186
7364	142	72	779	13212	0	14205
7365	113	75	370	13863	0	14421
7366	13255	85	296	927	0	14563
7367	13733	72	215	521	0	14541
7368	755	63	187	13585	0	14590
7369	13803	68	135	854	0	14860
7370	14368	47	110	452	0	14977
7371	926	56	74	14023	0	15079
7372	507	48	72	14451	0	15078
7373	14003	55	87	939	0	15084
7374	14355	38	84	541	0	15018
7375	878	34	80	14080	0	15072
7376	462	13700	84	905	0	15151
7377	385	512	65	14270	0	15232
7378	273	176	47	14784	0	15280
7379	217	147	13754	1050	0	15168
7380	194	104	522	14434	0	15254
7381	13542	76	206	997	0	14821
7382	589	13828	181	549	0	15147
7383	13910	552	144	441	0	15047
7384	14135	204	89	364	0	14792
7385	14452	153	87	313	0	15005
7386	955	245	72	13391	0	14663
7387	730	107	12424	735	0	13996
7388	642	88	12338	380	0	13448
7389	313	12208	641	374	0	13536
7390	177	10469	248	263	0	11157
7391	136	7581	90	102	0	7909
7392	124	7270	137	92	0	7623
7393	213	238	6723	104	0	7278
7394	5494	192	242	72	0	6000
7395	96	37	40	5415	0	5588
7396	34	13	13	5315	0	5375
7397	24	18	10	5305	0	5357
7398	20	5227	4	100	0	5351
7399	5171	67	11	47	0	5296
7400	83	21	5179	32	0	5315
7401	20	4892	62	14	0	4988
7402	17	77	31	4926	0	5051
7403	4917	13	9	70	0	5009
7404	60	7	9	4904	0	4980
7405	20	6	4818	60	0	4904
7406	15	5	4734	23	0	4777
7407	11	12	54	4866	0	4943
7408	14	3	12	4862	0	4891
7409	4867	2	4	67	0	4940
7410	56	6	4835	28	0	4925
7411	4778	2	53	17	0	4850
7412	4851	3	16	12	0	4882
7413	77	1	3	4867	0	4948
7414	16	5	4977	66	0	5064
7415	18	6	46	4982	0	5052
7416	5033	3	15	62	0	5113
7417	50	5008	8	31	0	5097
7418	5067	52	12	13	0	5144
7419	52	14	7	5123	0	5196
7420	21	5238	9	68	0	5336
7421	7	59	7	5343	0	5416
7422	15	16	7	5473	0	5511
7423	15	5490	7	75	0	5587
7424	19	60	2	5562	0	5643
7425	15	21	4	5654	0	5694
7426	14	4	6	5827	0	5851
7427	15	7	5824	79	0	5925
7428	7	5761	72	35	0	5875
7429	5876	64	22	17	0	5979
7430	72	30	14	5986	0	6102
7431	23	6460	13	69	0	6565
7432	6896	88	10	33	0	7027
7433	95	26	6	6974	0	7101
7434	38	10	2	7034	0	7084
7435	16	14	3	6969	0	7002
7436	15	8	5	6873	0	6901
7437	6809	8	3	141	0	6961
7438	103	6	6	6865	0	6980
7439	41	6	6	6950	0	7003
7440	6881	14	4	146	0	7045
7441	118	7	3	6929	0	7057
7442	49	4	6834	128	0	7015
7443	21	9	95	6909	0	7034
7444	6767	8	32	126	0	6933
7445	110	7	14	6841	0	6972
7446	48	6	6802	131	0	6987
7447	24	11	6693	69	0	6797
7448	6787	9	127	55	0	6978
7449	7090	3	41	41	0	7175
7450	7149	10	19	41	0	7219
7451	7209	6	18	32	0	7265
7452	169	6	7174	24	0	7373
7453	70	8	105	7122	0	7305
7454	49	5	39	7302	0	7395
7455	7295	6	20	166	0	7487
7456	128	8	27	7391	0	7554
7457	52	7	7316	146	0	7521
7458	26	10	115	7376	0	7527
7459	28	10	7422	141	0	7601
7460	33	7363	115	69	0	7580
7461	7466	111	52	40	0	7669
7462	136	40	27	7445	0	7648
7463	53	14	7255	141	0	7463
7464	39	9	126	7329	0	7503
7465	30	9	38	7738	0	7815
7466	17	7	7752	194	0	7970
7467	30	4	144	7808	0	7986
7468	7750	10	58	190	0	8008
7469	151	11	7305	94	0	7561
7470	7238	10	122	72	0	7442
7471	146	7218	58	60	0	7482
7472	78	120	7208	40	0	7446
7473	40	47	7281	47	0	7415
7474	73	74	189	6273	0	6609
7475	35	21	71	6860	0	6987
7476	29	17	6769	176	0	6991
7477	27	11	140	6781	0	6959
7478	6840	8	66	181	0	7095
7479	6937	6	36	101	0	7080
7480	167	9	27	6825	0	7028
7481	71	9	27	6856	0	6963
7482	54	6818	24	182	0	7078
7483	6988	112	24	96	0	7220
7484	148	42	20	7003	0	7213
7485	78	7013	20	167	0	7278
7486	7087	128	20	103	0	7338
7487	7202	55	29	69	0	7355
7488	183	7243	21	69	0	7516
7489	93	133	22	7292	0	7540
7490	64	49	22	7293	0	7428
7491	51	29	7011	223	0	7314
7492	53	21	147	6967	0	7188
7493	6886	15	60	205	0	7166
7494	170	19	39	6863	0	7091
7495	87	13	6758	217	0	7075
7496	6738	12	147	119	0	7016
7497	186	15	71	6797	0	7069
7498	97	12	6756	201	0	7066
7499	54	13	162	6820	0	7049
7500	67	19	6801	195	0	7082
7501	53	7	171	6841	0	7072
7502	58	14	78	6924	0	7074
7503	6723	13	50	249	0	7035
7504	158	6698	57	140	0	7053
7505	6844	139	44	99	0	7126
7506	6861	51	44	87	0	7043
7507	6935	24	37	90	0	7086
7508	226	6784	43	71	0	7124
7509	117	144	6769	69	0	7099
7510	90	57	163	6786	0	7096
7511	6846	26	83	191	0	7146
7512	6954	27	56	106	0	7143
7513	233	27	45	6748	0	7053
7514	6707	22	45	213	0	6987
7515	215	15	6609	108	0	6947
7516	6624	27	165	92	0	6908
7517	209	17	6571	84	0	6881
7518	109	6435	182	76	0	6802
7519	6469	142	91	70	0	6772
7520	6326	51	49	72	0	6498
7521	227	6174	54	62	0	6517
7522	6122	153	58	68	0	6401
7523	6086	57	43	65	0	6251
7524	231	34	5882	61	0	6208
7525	5768	29	159	61	0	6017
7526	192	16	5684	54	0	5946
7527	102	64	142	5291	0	5599
7528	69	5405	72	131	0	5677
7529	68	102	5329	67	0	5566
7530	4829	149	174	119	0	5271
7531	4533	68	71	88	0	4760
7532	126	22	26	4230	0	4404
7533	64	9	4190	97	0	4360
7534	41	18	79	4227	0	4365
7535	4190	10	37	104	0	4341
7536	100	4263	24	49	0	4436
7537	4246	80	23	33	0	4382
7538	4296	31	9	23	0	4359
7539	128	4205	12	19	0	4364
7540	69	85	11	4208	0	4373
7541	4294	29	18	90	0	4431
7542	107	19	16	4299	0	4441
7543	53	14	17	4516	0	4600
7544	35	13	4497	114	0	4659
7545	30	9	89	4541	0	4669
7546	39	11	32	4572	0	4654
7547	4502	10	16	122	0	4650
7548	4554	8	20	45	0	4627
7549	122	15	19	4506	0	4662
7550	58	11	4402	103	0	4574
7551	40	9	4345	48	0	4442
7552	35	20	107	4277	0	4439
7553	35	5	4406	107	0	4553
7554	32	29	91	4315	0	4467
7555	26	15	47	4305	0	4393
7556	4246	8	27	127	0	4408
7557	105	4	4197	49	0	4355
7558	4151	11	88	40	0	4290
7559	4167	5	38	38	0	4248
7560	124	6	4028	31	0	4189
7561	58	6	4066	31	0	4161
7562	48	174	105	3753	0	4080
7563	43	3730	54	68	0	3895
7564	32	3804	21	41	0	3898
7565	60	77	23	3371	0	3531
7566	35	19	14	3243	0	3311
7567	16	9	11	3352	0	3388
7568	22	5	15	3362	0	3404
7569	3270	8	9	80	0	3367
7570	57	10	14	3289	0	3370
7571	26	8	3236	71	0	3341
7572	15	6	58	3202	0	3281
7573	21	3146	22	66	0	3255
7574	23	45	5	3230	0	3303
7575	3210	13	12	63	0	3298
7576	66	9	15	3244	0	3334
7577	24	3	3238	64	0	3329
7578	9	3143	55	31	0	3238
7579	11	43	28	3195	0	3277
7580	3171	13	11	59	0	3254
7581	3204	5	14	25	0	3248
7582	68	5	3	3193	0	3269
7583	26	7	3049	57	0	3139
7584	26	5	2887	20	0	2938
7585	2947	10	47	7	0	3011
7586	48	1	3021	17	0	3087
7587	26	2	2940	2	0	2970
7588	23	31	34	2733	0	2821
7589	2857	0	16	36	0	2909
7590	2826	3	12	10	0	2851
7591	2840	1	7	11	0	2859
7592	39	3	2912	8	0	2962
7593	17	0	2955	5	0	2977
7594	7	3080	34	10	0	3131
7595	9	20	17	3054	0	3100
7596	12	6	9	3076	0	3103
7597	13	2	10	2948	0	2973
7598	8	0	8	3076	0	3092
7599	7	4	3069	30	0	3110
7600	6	3052	28	18	0	3104
7601	3183	24	15	14	0	3236
7602	3482	6	8	18	0	3514
7603	3566	4	4	19	0	3593
7604	70	3624	9	13	0	3716
7605	20	62	11	3703	0	3796
7606	3832	21	13	71	0	3937
7607	74	3998	5	33	0	4110
7608	3967	74	9	17	0	4067
7609	81	3970	6	20	0	4077
7610	3988	77	6	24	0	4095
7611	4064	25	9	18	0	4116
7612	96	15	11	4047	0	4169
7613	46	9	8	4198	0	4261
7614	28	18	4149	104	0	4299
7615	26	7	4083	36	0	4152
7616	4151	11	111	15	0	4288
7617	4312	7	31	19	0	4369
7618	123	8	15	4210	0	4356
7619	38	14	13	4296	0	4361
7620	28	7	4208	120	0	4363
7621	23	10	91	4157	0	4281
7622	25	10	4199	109	0	4343
7623	23	7	96	4222	0	4348
7624	25	8	30	4387	0	4450
7625	4298	1	22	142	0	4463
7626	4282	9	17	63	0	4371
7627	126	2	25	4257	0	4410
7628	51	9	18	4299	0	4377
7629	34	7	4188	142	0	4371
7630	37	3	97	4225	0	4362
7631	26	10	4221	137	0	4394
7632	4198	8	111	55	0	4372
7633	113	9	36	4259	0	4417
7634	4212	3	32	125	0	4372
7635	124	4172	15	64	0	4375
7636	4217	91	20	48	0	4376
7637	121	28	20	4195	0	4364
7638	52	22	13	4216	0	4303
7639	43	4139	24	131	0	4337
7640	42	94	8	4243	0	4387
7641	33	29	4127	129	0	4318
7642	36	19	105	4143	0	4303
7643	18	11	3976	135	0	4140
7644	36	3824	110	48	0	4018
7645	28	87	34	3847	0	3996
7646	25	29	3811	113	0	3978
7647	18	20	3775	63	0	3876
7648	22	32	124	3706	0	3884
7649	3673	10	50	112	0	3845
7650	100	5	3652	48	0	3805
7651	37	6	98	3642	0	3783
7652	3677	13	32	124	0	3846
7653	99	3575	31	52	0	3757
7654	3752	88	18	46	0	3904
7655	114	20	16	3777	0	3927
7656	41	18	19	3858	0	3936
7657	26	12	13	3937	0	3988
7658	3825	13	22	150	0	4010
7659	107	7	18	3883	0	4015
7660	42	5	22	3952	0	4021
7661	3722	8	12	143	0	3885
7662	111	4	3684	69	0	3868
7663	40	15	97	3746	0	3898
7664	35	5	3731	125	0	3896
7665	3699	14	118	52	0	3883
7666	115	13	30	3772	0	3930
7667	45	8	3782	128	0	3963
7668	3723	14	91	63	0	3891
7669	3830	14	39	47	0	3930
7670	134	11	3903	39	0	4087
7671	56	8	101	3876	0	4041
7672	39	8	37	4026	0	4110
7673	33	16	4013	130	0	4192
7674	26	4000	103	70	0	4199
7675	30	85	4093	50	0	4258
7676	3966	20	113	44	0	4143
7677	106	18	4190	36	0	4350
7678	4064	10	108	40	0	4222
7679	111	8	4154	43	0	4316
7680	4057	4	122	38	0	4221
7681	116	4179	56	34	0	4385
7682	49	88	33	4169	0	4339
7683	48	27	22	4312	0	4409
7684	28	16	4241	137	0	4422
7685	32	7	96	4134	0	4269
7686	25	4159	44	115	0	4343
7687	4103	83	28	49	0	4263
7688	107	4078	21	49	0	4255
7689	39	96	20	4136	0	4291
7690	4132	21	23	126	0	4302
7691	104	4174	21	55	0	4354
7692	4124	91	28	35	0	4278
7693	123	31	4124	35	0	4313
7694	42	19	107	4146	0	4314
7695	43	13	41	4212	0	4309
7696	31	14	32	4308	0	4385
7697	4185	10	24	161	0	4380
7698	4255	21	19	62	0	4357
7699	4285	13	18	48	0	4364
7700	4255	9	18	42	0	4324
7701	133	7	4005	47	0	4192
7702	3575	10	56	28	0	3669
7703	86	3571	37	16	0	3710
7704	26	3546	20	17	0	3609
7705	3461	62	83	21	0	3627
7706	3439	17	39	18	0	3513
7707	58	13	6	3237	0	3314
7708	3323	3	17	47	0	3390
7709	3353	1	8	14	0	3376
7710	3704	5	4	30	0	3743
7711	70	9	5	3673	0	3757
7712	28	3649	7	54	0	3738
7713	24	3727	7	15	0	3773
7714	12	59	10	3734	0	3815
7715	3676	18	2	53	0	3749
7716	52	3677	3	10	0	3742
7717	12	41	3	3667	0	3723
7718	11	6	3724	44	0	3785
7719	3547	10	39	10	0	3606
7720	49	3707	12	10	0	3778
7721	15	3806	7	8	0	3836
7722	3709	46	7	7	0	3769
7723	46	10	3770	11	0	3837
7724	13	6	41	3649	0	3709
7725	10	3741	8	46	0	3805
7726	11	37	6	3792	0	3846
7727	7	8	2	3765	0	3782
7728	12	3463	8	53	0	3536
7729	6	44	2	3882	0	3934
7730	7	11	3	3920	0	3941
7731	3849	8	2	47	0	3906
7732	43	3823	2	12	0	3880
7733	3873	43	2	14	0	3932
7734	54	14	5	3821	0	3894
7735	13	3928	4	44	0	3989
7736	10	44	3916	16	0	3986
7737	15	25	45	3928	0	4013
7738	10	14	10	4038	0	4072
7739	4	7	4095	51	0	4157
7740	3945	7	43	13	0	4008
7741	50	5	8	4408	0	4471
7742	4442	5	6	60	0	4513
7743	58	8	4387	16	0	4469
7744	16	8	50	4468	0	4542
7745	10	5	4702	63	0	4780
7746	10	15	61	4731	0	4817
7747	7	11	16	4828	0	4862
7748	4800	2	9	82	0	4893
7749	63	4841	5	22	0	4931
7750	4845	67	2	10	0	4924
7751	74	18	4917	4	0	5013
7752	23	10	63	4926	0	5022
7753	10	6	5069	71	0	5156
7754	4591	5	71	33	0	4700
7755	4975	3	19	20	0	5017
7756	83	3	4981	14	0	5081
7757	4888	4	65	10	0	4967
7758	5071	4	19	10	0	5104
7759	85	2	7	5062	0	5156
7760	26	6	5006	66	0	5104
7761	15	4	5116	24	0	5159
7762	8	5	82	5146	0	5241
7763	13	8	24	5140	0	5185
7764	10	5040	16	78	0	5144
7765	10	5190	11	36	0	5247
7766	5174	77	9	19	0	5279
7767	75	24	7	5167	0	5273
7768	27	5094	10	75	0	5206
7769	17	5263	8	32	0	5320
7770	5056	79	12	21	0	5168
7771	76	22	10	5119	0	5227
7772	23	5137	10	67	0	5237
7773	19	69	8	5112	0	5208
7774	13	23	8	5093	0	5137
7775	25	10	9	5044	0	5088
7776	4976	12	9	89	0	5086
7777	77	4925	10	33	0	5045
7778	32	63	19	4970	0	5084
7779	18	19	12	5018	0	5067
7780	19	15	8	5029	0	5071
7781	18	9	4865	93	0	4985
7782	4716	6	72	38	0	4832
7783	76	7	26	4890	0	4999
7784	4824	9	14	84	0	4931
7785	4869	5	7	35	0	4916
7786	4847	12	12	25	0	4896
7787	96	12	4840	14	0	4962
7788	35	4834	78	20	0	4967
7789	24	83	22	4797	0	4926
7790	11	25	4789	82	0	4907
7791	20	21	4706	24	0	4771
7792	21	32	78	4554	0	4685
7793	13	4596	24	64	0	4697
7794	4665	67	11	35	0	4778
7795	4723	23	10	26	0	4782
7796	4814	14	11	30	0	4869
7797	4821	7	9	26	0	4863
7798	87	8	4785	22	0	4902
7799	4743	10	67	24	0	4844
7800	77	4880	17	21	0	4995
7801	34	69	10	4968	0	5081
7802	27	24	6	5048	0	5105
7803	5021	12	17	81	0	5131
7804	69	9	8	5008	0	5094
7805	25	9	4893	83	0	5010
7806	4679	7	68	39	0	4793
7807	4862	12	24	26	0	4924
7808	4803	10	20	19	0	4852
7809	86	15	4707	18	0	4826
7810	4288	6	56	24	0	4374
7811	60	4364	19	18	0	4461
7812	4362	46	17	15	0	4440
7813	84	17	18	4250	0	4369
7814	20	11	14	4256	0	4301
7815	16	4227	5	67	0	4315
7816	15	51	7	4236	0	4309
7817	16	4241	10	53	0	4320
7818	15	41	12	4184	0	4252
7819	15	4135	8	51	0	4209
7820	17	51	4	4140	0	4212
7821	16	4153	6	57	0	4232
7822	22	43	4	4242	0	4311
7823	14	4273	5	53	0	4345
7824	4581	52	10	25	0	4668
7825	69	19	8	4632	0	4728
7826	32	11	7	4710	0	4760
7827	15	9	7	5013	0	5044
7828	15	6	9	5159	0	5189
7829	20	8	5243	127	0	5398
7830	21	8	86	5274	0	5389
7831	17	9	30	5395	0	5451
7832	5317	6	13	137	0	5473
7833	5298	2	12	57	0	5369
7834	122	5323	11	28	0	5484
7835	46	87	10	5338	0	5481
7836	29	43	11	5652	0	5735
7837	5854	14	6	152	0	6026
7838	133	25	5593	60	0	5811
7839	5651	6	91	49	0	5797
7840	127	5751	34	26	0	5938
7841	5470	97	14	22	0	5603
7842	5464	39	16	23	0	5542
7843	143	5325	8	14	0	5490
7844	57	5455	11	15	0	5538
7845	46	127	23	5152	0	5348
7846	28	48	5086	94	0	5256
7847	5037	22	91	42	0	5192
7848	107	18	5131	14	0	5270
7849	4991	10	95	20	0	5116
7850	109	16	5116	9	0	5250
7851	49	4989	94	13	0	5145
7852	25	94	44	5004	0	5167
7853	4849	41	17	92	0	4999
7854	4965	20	17	41	0	5043
7855	133	15	13	4964	0	5125
7856	5093	14	12	100	0	5219
7857	5153	8	12	49	0	5222
7858	138	5073	9	29	0	5249
7859	5107	100	10	18	0	5235
7860	134	5157	10	13	0	5314
7861	59	117	8	5191	0	5375
7862	5119	46	10	118	0	5293
7863	5284	17	6	47	0	5354
7864	5337	18	9	22	0	5386
7865	166	17	5194	16	0	5393
7866	70	20	5305	10	0	5405
7867	40	15	142	5332	0	5529
7868	42	13	43	5628	0	5726
7869	35	5861	19	147	0	6062
7870	5952	138	11	52	0	6153
7871	153	56	13	5979	0	6201
7872	72	27	18	6114	0	6231
7873	35	15	6035	190	0	6275
7874	32	5892	135	83	0	6142
7875	32	6136	50	42	0	6260
7876	34	183	26	6137	0	6380
7877	6046	65	16	151	0	6278
7878	144	27	14	6084	0	6269
7879	65	21	16	6215	0	6317
7880	6084	16	18	213	0	6331
7881	6194	28	13	89	0	6324
7882	208	21	5	6108	0	6342
7883	94	16	6030	177	0	6317
7884	51	17	131	6144	0	6343
7885	38	11	61	6237	0	6347
7886	6112	19	25	226	0	6382
7887	167	15	16	6150	0	6348
7888	6164	13	16	197	0	6390
7889	189	16	6167	104	0	6476
7890	91	9	144	6418	0	6662
7891	56	11	60	6613	0	6740
7892	51	13	31	6669	0	6764
7893	39	19	20	6620	0	6698
7894	41	8	18	6544	0	6611
7895	43	17	6227	272	0	6559
7896	6172	13	160	134	0	6479
7897	173	12	64	6277	0	6526
7898	92	11	6082	219	0	6404
7899	60	17	6160	125	0	6362
7900	58	11	196	6108	0	6373
7901	6041	20	101	200	0	6362
7902	6118	20	45	119	0	6302
7903	6221	17	30	94	0	6362
7904	260	10	37	5962	0	6269
7905	117	6013	42	199	0	6371
7906	6099	151	28	120	0	6398
7907	6193	68	35	84	0	6380
7908	6230	34	32	66	0	6362
7909	6216	27	33	55	0	6331
7910	267	32	23	6021	0	6343
7911	125	33	5972	205	0	6335
7912	93	23	167	6008	0	6291
7913	79	21	5992	214	0	6306
7914	5957	16	169	116	0	6258
7915	6128	14	80	77	0	6299
7916	275	13	5892	68	0	6248
7917	5938	20	170	74	0	6202
7918	6161	15	84	88	0	6348
7919	266	19	46	5966	0	6297
7920	150	5981	34	213	0	6378
7921	6072	148	34	100	0	6354
7922	244	93	38	5832	0	6207
7923	132	5793	32	194	0	6151
7924	82	172	30	5609	0	5893
7925	67	55	5542	184	0	5848
7926	65	5520	135	106	0	5826
7927	5202	153	83	89	0	5527
7928	5101	73	71	80	0	5325
7929	5001	28	23	57	0	5109
7930	5008	14	26	53	0	5101
7931	181	50	28	4768	0	5027
7932	94	4815	29	135	0	5073
7933	4563	111	31	88	0	4793
7934	135	43	4737	63	0	4978
7935	88	4629	118	49	0	4884
7936	68	100	4386	48	0	4602
7937	62	47	108	3941	0	4158
7938	40	3753	54	97	0	3944
7939	41	77	32	4064	0	4214
7940	47	35	4174	106	0	4362
7941	47	34	87	4111	0	4279
7942	59	12	41	4234	0	4346
7943	50	17	33	4314	0	4414
7944	4168	20	22	134	0	4344
7945	118	4178	16	78	0	4390
7946	61	88	20	4230	0	4399
7947	4112	40	22	119	0	4293
7948	96	4153	27	77	0	4353
7949	4177	83	26	69	0	4355
7950	129	40	4181	49	0	4399
7951	74	34	87	4056	0	4251
7952	55	4140	54	101	0	4350
7953	4175	90	40	55	0	4360
7954	125	41	4093	43	0	4302
7955	70	3937	93	50	0	4150
7956	67	85	36	3901	0	4089
7957	48	37	31	3941	0	4057
7958	3858	25	16	131	0	4030
7959	101	29	13	3840	0	3983
7960	54	20	3711	104	0	3889
7961	54	34	73	3625	0	3786
7962	43	26	3779	92	0	3940
7963	53	38	80	3576	0	3747
7964	47	3723	42	86	0	3898
7965	3735	55	28	54	0	3872
7966	3643	32	18	44	0	3737
7967	106	3475	20	27	0	3628
7968	41	3315	21	26	0	3403
7969	84	58	39	3005	0	3186
7970	2989	21	19	53	0	3082
7971	53	7	13	2963	0	3036
7972	2940	7	7	39	0	2993
7973	57	2842	4	21	0	2924
7974	28	34	12	2906	0	2980
7975	20	15	2997	42	0	3074
7976	23	17	35	2964	0	3039
7977	12	16	14	3019	0	3061
7978	3078	14	10	48	0	3150
7979	45	3113	6	18	0	3182
7980	18	35	6	3132	0	3191
7981	3111	22	13	36	0	3182
7982	38	17	3120	21	0	3196
7983	3133	7	39	28	0	3207
7984	51	33	16	3209	0	3309
7985	27	3401	7	35	0	3470
7986	3432	29	3	22	0	3486
7987	43	20	3488	12	0	3563
7988	22	9	3421	15	0	3467
7989	15	3400	38	15	0	3468
7990	3180	19	34	5	0	3238
7991	15	6	2	3186	0	3209
7992	7	2	0	3227	0	3236
7993	3287	1	1	23	0	3312
7994	20	2	3324	10	0	3356
7995	9	1	19	3417	0	3446
7996	3	1	3624	20	0	3648
7997	2	2	25	3600	0	3629
7998	3	3672	10	25	0	3710
7999	1	23	5	3735	0	3764
8000	2	9	3722	26	0	3759
8001	3671	5	26	12	0	3714
8002	27	1	11	3792	0	3831
8003	11	1	3830	27	0	3869
8004	5	0	29	3788	0	3822
8005	5	1	16	3844	0	3866
8006	7	3	3866	45	0	3921
8007	3	4	3900	19	0	3926
8008	3	1	40	4012	0	4056
8009	1	4	4036	33	0	4074
8010	3999	0	36	22	0	4057
8011	35	3	18	4065	0	4121
8012	4058	1	10	41	0	4110
8013	39	3	4039	18	0	4099
8014	16	2	36	4115	0	4169
8015	7	1	4359	40	0	4407
8016	1	4315	47	26	0	4389
8017	8	33	4382	12	0	4435
8018	1	13	4251	8	0	4273
8019	4223	5	54	10	0	4292
8020	4349	1	21	8	0	4379
8021	56	1	4458	6	0	4521
8022	16	2	53	4296	0	4367
8023	10	3	20	4422	0	4455
8024	4	0	4568	54	0	4626
8025	7	4446	48	23	0	4524
8026	4409	42	19	17	0	4487
8027	45	14	4545	3	0	4607
8028	17	4	47	4582	0	4650
8029	9	4	15	4665	0	4693
8030	4717	2	10	64	0	4793
8031	4783	0	9	27	0	4819
8032	4801	1	6	15	0	4823
8033	4824	1	9	8	0	4842
8034	61	5	6	4764	0	4836
8035	22	1	4961	55	0	5039
8036	12	2	56	4934	0	5004
8037	14	1	16	5012	0	5043
8038	9	3	7	5180	0	5199
8039	12	1	5123	73	0	5209
8040	5048	3	56	22	0	5129
8041	68	0	17	5259	0	5344
8042	28	1	5344	64	0	5437
8043	14	5395	64	28	0	5501
8044	11	61	24	5458	0	5554
8045	9	18	16	5524	0	5567
8046	5437	9	9	88	0	5543
8047	66	5512	13	29	0	5620
8048	24	62	5507	20	0	5613
8049	13	16	69	5459	0	5557
8050	12	10	22	5512	0	5556
8051	5452	6	17	91	0	5566
8052	5442	7	12	38	0	5499
8053	88	1	11	5483	0	5583
8054	5473	5	8	79	0	5565
8055	83	5403	11	28	0	5525
8056	31	64	5588	18	0	5701
8057	18	16	70	5598	0	5702
8058	12	8	20	5730	0	5770
8059	12	2	18	5743	0	5775
8060	19	5	11	5630	0	5665
8061	13	5535	13	99	0	5660
8062	5406	67	11	41	0	5525
8063	70	19	15	5480	0	5584
8064	25	5713	12	82	0	5832
8065	5759	70	9	36	0	5874
8066	5771	20	11	22	0	5824
8067	88	5833	11	21	0	5953
8068	28	67	8	5944	0	6047
8069	26	21	8	6006	0	6061
8070	19	15	13	5940	0	5987
8071	15	15	12	6039	0	6081
8072	6074	5	7	109	0	6195
8073	6198	6	10	43	0	6257
8074	104	6182	10	29	0	6325
8075	38	81	6165	26	0	6310
8076	24	24	80	6223	0	6351
8077	6265	14	26	101	0	6406
8078	90	6113	18	36	0	6257
8079	35	6223	5	27	0	6290
8080	6306	99	14	20	0	6439
8081	6473	33	14	17	0	6537
8082	121	20	8	6428	0	6577
8083	38	11	6525	111	0	6685
8084	34	11	6541	44	0	6630
8085	6629	18	116	37	0	6800
8086	6832	12	39	19	0	6902
8087	6799	6	12	21	0	6838
8088	6764	6	16	17	0	6803
8089	6766	12	12	15	0	6805
8090	126	6786	11	23	0	6946
8091	42	122	7	6773	0	6944
8092	29	7034	9	97	0	7169
8093	7077	113	21	35	0	7246
8094	6991	36	8	28	0	7063
8095	7004	17	9	17	0	7047
8096	6865	7	9	20	0	6901
8097	105	6778	5	18	0	6906
8098	6763	78	6	17	0	6864
8099	88	6766	7	16	0	6877
8100	38	102	5	6799	0	6944
8101	6751	20	5	85	0	6861
8102	94	14	6893	22	0	7023
8103	34	10	74	6726	0	6844
8104	23	16	18	6923	0	6980
8105	16	9	6893	96	0	7014
8106	14	6824	74	36	0	6948
8107	6815	80	17	26	0	6938
8108	6824	15	7	23	0	6869
8109	96	6760	7	18	0	6881
8110	37	75	8	6828	0	6948
8111	32	18	7065	68	0	7183
8112	16	7267	69	27	0	7379
8113	7251	74	17	26	0	7368
8114	83	26	7214	18	0	7341
8115	6718	22	68	21	0	6829
8116	7042	8	16	11	0	7077
8117	89	11	7238	9	0	7347
8118	30	7280	63	16	0	7389
8119	34	67	24	7165	0	7290
8120	18	16	7510	63	0	7607
8121	7122	17	66	36	0	7241
8122	7382	6	20	20	0	7428
8123	78	7386	15	16	0	7495
8124	42	63	3	7383	0	7491
8125	23	22	5	7501	0	7551
8126	20	15	7550	65	0	7650
8127	15	7654	57	26	0	7752
8128	7870	64	21	40	0	7995
8129	7942	21	14	20	0	7997
8130	8021	16	1	26	0	8064
8131	84	7	7943	6	0	8040
8132	7772	6	59	9	0	7846
8133	8067	8	14	12	0	8101
8134	83	9	11	8050	0	8153
8135	34	9	7851	49	0	7943
8136	24	17	52	7753	0	7846
8137	21	7	7945	60	0	8033
8138	19	48	59	7643	0	7769
8139	14	7713	21	56	0	7804
8140	11	7943	7	20	0	7981
8141	16	53	8	8026	0	8103
8142	10	13	12	7774	0	7809
8143	7859	8	7	52	0	7926
8144	51	7	7819	15	0	7892
8145	7563	9	37	17	0	7626
8146	49	7931	7	10	0	7997
8147	7969	39	7	22	0	8037
8148	7983	13	7	11	0	8014
8149	54	8	7	7972	0	8041
8150	21	4	8208	43	0	8276
8151	18	4	41	8134	0	8197
8152	19	8464	13	40	0	8536
8153	14	58	9	8594	0	8675
8154	12	17	4	8648	0	8681
8155	8591	5	4	81	0	8681
8156	63	6	6	8456	0	8531
8157	20	8340	10	57	0	8427
8158	16	52	4	8520	0	8592
8159	8570	18	2	63	0	8653
8160	65	8612	4	26	0	8707
8161	22	59	8	8850	0	8939
8162	16	16	6	8898	0	8936
8163	11	15	6	9070	0	9102
8164	12	8	2	8954	0	8976
8165	9145	14	4	102	0	9265
8166	93	3	3	9294	0	9393
8167	29	11	6	9494	0	9540
8168	25	5	8	9716	0	9754
8169	14	9902	3	156	0	10075
8170	9869	130	9	60	0	10068
8171	149	31	9927	34	0	10141
8172	39	9833	105	28	0	10005
8173	9683	119	34	20	0	9856
8174	127	40	9966	16	0	10149
8175	41	9936	121	21	0	10119
8176	37	165	35	9823	0	10060
8177	14	10010	26	113	0	10163
8178	19	125	9979	29	0	10152
8179	19	32	9984	31	0	10066
8180	12	10099	135	18	0	10264
8181	10052	117	51	30	0	10250
8182	10047	43	22	19	0	10131
8183	131	22	9674	7	0	9834
8184	44	18	9180	8	0	9250
8185	25	21	9548	6	0	9600
8186	22	10	147	9471	0	9650
8187	15	9	53	9421	0	9498
8188	14	11	27	9771	0	9823
8189	14	8	9963	140	0	10125
8190	19	7	130	9521	0	9677
8191	10	7	37	9837	0	9891
8192	11	11	9682	157	0	9861
8193	9464	4	126	80	0	9674
8194	127	5	44	10168	0	10344
8195	39	7	31	10168	0	10245
8196	27	10300	22	182	0	10531
8197	10330	126	30	63	0	10549
8198	148	52	10266	45	0	10511
8199	10154	21	134	39	0	10348
8200	161	15	54	10277	0	10507
8201	57	26	10377	147	0	10607
8202	42	9	148	10256	0	10455
8203	10332	21	54	170	0	10577
8204	156	12	10316	64	0	10548
8205	10138	10	150	59	0	10357
8206	10403	14	60	33	0	10510
8207	10480	8	37	39	0	10564
8208	203	10193	32	108	0	10536
8209	89	129	32	10494	0	10744
8210	10555	38	18	156	0	10767
8211	10425	26	26	59	0	10536
8212	10461	12	21	48	0	10542
8213	221	17	10118	36	0	10392
8214	10399	12	150	43	0	10604
8215	200	9	61	10844	0	11114
8216	91	8	10798	192	0	11089
8217	59	7	178	10945	0	11189
8218	44	9	68	11027	0	11148
8219	40	13	11138	266	0	11457
8220	34	4	211	11223	0	11472
8221	35	13	84	11590	0	11722
8222	35	21	12730	300	0	13086
8223	13312	7	284	134	0	13737
8224	14642	8	117	78	0	14845
8225	414	6	89	14981	0	15490
8226	191	14	14882	365	0	15452
8227	150	10	355	14610	0	15125
8228	114	14514	130	424	0	15182
8229	117	326	116	14680	0	15239
8230	102	100	80	14979	0	15261
8231	14635	82	70	557	0	15344
8232	14746	56	83	305	0	15190
8233	15035	53	71	241	0	15400
8234	552	63	48	14821	0	15484
8235	268	49	41	15153	0	15511
8236	217	35	14623	572	0	15447
8237	203	42	343	14418	0	15006
8238	201	14527	125	514	0	15367
8239	14657	338	108	261	0	15364
8240	432	14355	88	278	0	15153
8241	14511	412	73	228	0	15224
8242	496	169	89	13951	0	14705
8243	218	14276	78	457	0	15029
8244	14265	438	54	249	0	15006
8245	14511	194	61	198	0	14964
8246	570	177	47	14082	0	14876
8247	315	14171	49	453	0	14988
8248	240	427	46	14291	0	15004
8249	202	193	14005	537	0	14937
8250	13771	167	369	245	0	14552
8251	505	13910	130	239	0	14784
8252	13724	402	115	196	0	14437
8253	504	186	82	13760	0	14532
8254	13974	158	83	476	0	14691
8255	556	106	14380	225	0	15267
8256	14823	101	413	215	0	15552
8257	15051	114	160	170	0	15495
8258	681	82	14955	172	0	15890
8259	422	61	446	14822	0	15751
8260	347	61	205	15073	0	15686
8261	14661	71	187	602	0	15521
8262	578	14472	155	344	0	15549
8263	338	449	126	14328	0	15241
8264	283	170	14080	558	0	15091
8265	207	129	13888	338	0	14562
8266	214	13665	452	319	0	14650
8267	273	398	13493	236	0	14400
8268	12939	252	540	205	0	13936
8269	437	178	239	12604	0	13458
8270	12887	106	211	461	0	13665
8271	461	106	12822	233	0	13622
8272	261	117	439	12762	0	13579
8273	234	119	230	13055	0	13638
8274	221	96	12585	514	0	13416
8275	215	85	402	12625	0	13327
8276	12383	102	199	544	0	13228
8277	12696	72	192	318	0	13278
8278	530	70	156	12490	0	13246
8279	12371	70	123	533	0	13097
8280	12433	72	119	312	0	12936
8281	591	11993	132	272	0	12988
8282	397	331	95	12211	0	13034
8283	12335	152	86	484	0	13057
8284	578	122	102	12232	0	13034
8285	12119	97	93	531	0	12840
8286	611	89	82	11980	0	12762
8287	362	123	11810	555	0	12850
8288	288	11803	356	358	0	12805
8289	297	384	185	10675	0	11541
8290	280	11554	157	479	0	12470
8291	11498	398	137	297	0	12330
8292	501	11149	123	268	0	12041
8293	300	11173	157	236	0	11866
8294	286	470	143	10873	0	11772
8295	10837	278	133	476	0	11724
8296	438	231	102	10848	0	11619
8297	10757	187	99	543	0	11586
8298	10807	194	90	328	0	11419
8299	537	10773	97	263	0	11670
8300	10977	427	111	241	0	11756
8301	11096	206	111	224	0	11637
8302	11114	184	120	208	0	11626
8303	682	132	10440	182	0	11436
8304	458	137	358	10421	0	11374
8305	414	116	172	10707	0	11409
8306	341	113	10156	520	0	11130
8307	10532	98	377	331	0	11338
8308	10875	76	198	296	0	11445
8309	10805	63	199	262	0	11329
8310	10636	69	151	269	0	11125
8311	648	10189	124	273	0	11234
8312	10410	305	115	223	0	11053
8313	684	145	100	10131	0	11060
8314	492	130	9319	413	0	10354
8315	9604	98	262	219	0	10183
8316	585	9519	146	200	0	10450
8317	9205	306	110	170	0	9791
8318	542	8905	83	170	0	9700
8319	325	8569	82	196	0	9172
8320	297	8412	100	190	0	8999
8321	288	8323	121	187	0	8919
8322	253	365	6708	176	0	7502
8323	220	478	258	5515	0	6471
8324	105	65	5080	186	0	5436
8325	4359	47	130	73	0	4609
8326	118	4353	56	65	0	4592
8327	76	4435	32	59	0	4602
8328	66	152	34	4275	0	4527
8329	67	81	23	4339	0	4510
8330	41	78	4219	140	0	4478
8331	43	56	4260	79	0	4438
8332	64	48	106	4190	0	4408
8333	54	34	4181	129	0	4398
8334	65	4092	100	81	0	4338
8335	102	84	49	3995	0	4230
8336	84	55	26	4311	0	4476
8337	88	40	4239	121	0	4488
8338	87	26	89	4222	0	4424
8339	4290	24	52	125	0	4491
8340	145	17	44	4229	0	4435
8341	72	19	50	4249	0	4390
8342	64	15	4159	184	0	4422
8343	4074	15	102	103	0	4294
8344	134	4172	66	58	0	4430
8345	109	82	25	4187	0	4403
8346	109	41	4163	101	0	4414
8347	98	46	79	4142	0	4365
8348	4197	43	38	117	0	4395
8349	161	40	4163	60	0	4424
8350	102	47	94	4124	0	4367
8351	61	38	4235	116	0	4450
8352	63	4196	101	76	0	4436
8353	95	99	4133	40	0	4367
8354	56	4019	105	50	0	4230
8355	37	77	3341	23	0	3478
8356	24	88	65	2865	0	3042
8357	10	2929	34	41	0	3014
8358	2750	36	4	18	0	2808
8359	43	14	7	2758	0	2822
8360	2815	7	2	46	0	2870
8361	47	6	3	2913	0	2969
8362	13	5	6	2986	0	3010
8363	2976	5	6	49	0	3036
8364	3065	4	5	20	0	3094
8365	62	3	1	3172	0	3238
8366	20	2	3261	50	0	3333
8367	9	3232	50	22	0	3313
8368	16	44	3297	10	0	3367
8369	3	3349	49	10	0	3411
8370	3297	52	17	8	0	3374
8371	50	15	3243	4	0	3312
8372	19	8	3226	7	0	3260
8373	11	9	59	3122	0	3201
8374	3184	5	16	49	0	3254
8375	50	4	3431	13	0	3498
8376	16	3660	48	10	0	3734
8377	3733	49	10	14	0	3806
8378	3813	10	17	3	0	3843
8379	3870	8	5	8	0	3891
8380	3885	4	7	7	0	3903
8381	3872	4	3	5	0	3884
8382	62	7	3824	5	0	3898
8383	27	34	45	3724	0	3830
8384	13	3806	15	46	0	3880
8385	3883	43	6	12	0	3944
8386	39	3913	9	8	0	3969
8387	3798	41	7	9	0	3855
8388	3828	11	3	6	0	3848
8389	50	3775	5	3	0	3833
8390	3873	42	0	5	0	3920
8391	46	10	6	3872	0	3934
8392	14	4	2	3912	0	3932
8393	7	3	3838	45	0	3893
8394	8	3914	38	14	0	3974
8395	7	38	13	3939	0	3997
8396	5	15	5	3975	0	4000
8397	8	5	7	3970	0	3990
8398	3	5	3879	53	0	3940
8399	3720	5	39	19	0	3783
8400	47	6	17	3944	0	4014
8401	4016	7	8	48	0	4079
8402	54	1	8	4024	0	4087
8403	19	9	4092	48	0	4168
8404	13	6	4073	23	0	4115
8405	3994	3	62	15	0	4074
8406	4149	8	17	11	0	4185
8407	58	4046	12	15	0	4131
8408	27	40	4069	7	0	4143
8409	16	19	45	3991	0	4071
8410	49	23	50	3220	0	3342
8411	4149	9	9	59	0	4226
8412	4185	2	12	22	0	4221
8413	4186	4	9	12	0	4211
8414	63	11	4124	5	0	4203
8415	4195	4	41	20	0	4260
8416	51	7	16	4227	0	4301
8417	26	3	11	4238	0	4278
8418	8	7	12	4265	0	4292
8419	15	4194	4	53	0	4266
8420	4149	42	5	24	0	4220
8421	49	18	3	4128	0	4198
8422	26	7	4126	46	0	4205
8423	19	6	43	4077	0	4145
8424	15	4129	16	51	0	4211
8425	4164	38	15	28	0	4245
8426	53	17	6	4131	0	4207
8427	22	9	9	4092	0	4132
8428	14	14	4147	57	0	4232
8429	16	5	44	4110	0	4175
8430	13	4148	12	49	0	4222
8431	13	41	11	4244	0	4309
8432	13	16	4281	49	0	4359
8433	3984	7	44	29	0	4064
8434	4234	8	16	19	0	4277
8435	58	4306	12	10	0	4386
8436	4185	35	9	16	0	4245
8437	4254	11	7	15	0	4287
8438	47	4230	6	15	0	4298
8439	24	49	5	4279	0	4357
8440	4387	11	6	42	0	4446
8441	41	4477	5	20	0	4543
8442	16	38	4551	12	0	4617
8443	4513	10	60	19	0	4602
8444	4768	7	8	16	0	4799
8445	4793	6	5	11	0	4815
8446	4793	2	11	8	0	4814
8447	58	4883	3	7	0	4951
8448	4924	36	5	17	0	4982
8449	5043	17	5	8	0	5073
8450	5098	6	3	11	0	5118
8451	62	5	4	5133	0	5204
8452	5134	6	3	54	0	5197
8453	56	5370	3	23	0	5452
8454	29	56	5625	8	0	5718
8455	12	23	61	5879	0	5975
8456	6002	5	19	77	0	6103
8457	78	6	6033	21	0	6138
8458	25	12	71	6005	0	6113
8459	14	7	6033	78	0	6132
8460	15	5975	64	35	0	6089
8461	13	73	21	5889	0	5996
8462	14	20	5948	73	0	6055
8463	11	5935	71	26	0	6043
8464	23	71	19	5874	0	5987
8465	5895	21	24	76	0	6016
8466	5950	2	8	24	0	5984
8467	5977	6	4	7	0	5994
8468	5936	3	5	8	0	5952
8469	5900	3	4	11	0	5918
8470	82	4	5944	6	0	6036
8471	5940	4	52	6	0	6002
8472	6119	2	16	10	0	6147
8473	81	2	5	6095	0	6183
8474	6109	7	9	60	0	6185
8475	5812	5	5	25	0	5847
8476	73	5667	4	8	0	5752
8477	22	60	4	5685	0	5771
8478	15	16	5	5745	0	5781
8479	5687	3	7	76	0	5773
8480	68	5668	6	19	0	5761
8481	27	5763	2	17	0	5809
8482	16	67	5	5851	0	5939
8483	16	22	3	5918	0	5959
8484	10	10	6	5864	0	5890
8485	16	9	5	5939	0	5969
8486	5818	5	3	95	0	5921
8487	5779	4	3	33	0	5819
8488	97	5	5809	17	0	5928
8489	35	5	65	5754	0	5859
8490	26	5	17	5832	0	5880
8491	27	8	5753	89	0	5877
8492	5592	6	72	34	0	5704
8493	78	5715	22	22	0	5837
8494	5695	68	9	19	0	5791
8495	84	20	8	5678	0	5790
8496	34	12	5767	77	0	5890
8497	23	14	65	5830	0	5932
8498	26	8	6002	85	0	6121
8499	18	6007	78	36	0	6139
8500	5898	71	39	42	0	6050
8501	5898	22	12	19	0	5951
8502	92	5863	11	16	0	5982
8503	33	65	10	5809	0	5917
8504	5731	19	8	74	0	5832
8505	80	5683	7	32	0	5802
8506	33	69	11	5772	0	5885
8507	5801	21	9	87	0	5918
8508	86	10	5713	28	0	5837
8509	5632	8	69	28	0	5737
8510	81	5760	22	22	0	5885
8511	5763	71	19	18	0	5871
8512	5726	21	12	16	0	5775
8513	101	13	5633	15	0	5762
8514	34	14	73	5505	0	5626
8515	29	11	17	5694	0	5751
8516	32	11	5641	86	0	5770
8517	26	15	73	5574	0	5688
8518	28	15	26	5323	0	5392
8519	5718	7	13	94	0	5832
8520	5755	9	13	43	0	5820
8521	91	8	12	5714	0	5825
8522	33	9	5746	82	0	5870
8523	34	10	64	5763	0	5871
8524	36	8	17	5815	0	5876
8525	28	14	5859	92	0	5993
8526	23	9	68	5904	0	6004
8527	5898	4	25	94	0	6021
8528	5842	8	14	39	0	5903
8529	88	5791	15	37	0	5931
8530	5931	64	12	38	0	6045
8531	5931	16	9	21	0	5977
8532	101	5886	7	23	0	6017
8533	5973	79	13	21	0	6086
8534	6028	21	7	28	0	6084
8535	6123	13	10	29	0	6175
8536	112	11	5976	25	0	6124
8537	5963	9	80	28	0	6080
8538	101	19	20	6178	0	6318
8539	6196	2	17	102	0	6317
8540	103	10	6142	35	0	6290
8541	42	6033	89	24	0	6188
8542	6039	78	33	27	0	6177
8543	105	6247	16	13	0	6381
8544	45	90	11	6152	0	6298
8545	31	21	6	6297	0	6355
8546	6318	16	5	110	0	6449
8547	6255	8	11	45	0	6319
8548	117	7	6178	27	0	6329
8549	48	8	5874	24	0	5954
8550	34	12	5969	15	0	6030
8551	33	40	114	5814	0	6001
8552	23	10	5879	82	0	5994
8553	21	27	5598	34	0	5680
8554	84	139	79	5194	0	5496
8555	5385	15	39	80	0	5519
8556	5416	3	11	36	0	5466
8557	5435	3	6	24	0	5468
8558	5449	2	7	9	0	5467
8559	88	0	8	5405	0	5501
8560	33	3	9	5460	0	5505
8561	13	3	5607	75	0	5698
8562	8	3	65	5519	0	5595
8563	20	7	40	5309	0	5376
8564	5664	3	17	86	0	5770
8565	5676	4	8	38	0	5726
8566	105	2	8	5611	0	5726
8567	5693	1	9	80	0	5783
8568	5789	2	3	47	0	5841
8569	105	2	8	5824	0	5939
8570	55	2	4	5767	0	5828
8571	22	1	5683	110	0	5816
8572	21	8	5567	46	0	5642
8573	22	8	99	5646	0	5775
8574	11	9	39	5762	0	5821
8575	14	2	5743	96	0	5855
8576	5487	1	76	47	0	5611
8577	5621	3	32	28	0	5684
8578	109	1	5556	21	0	5687
8579	51	5542	77	13	0	5683
8580	5703	53	41	21	0	5818
8581	80	24	5937	16	0	6057
8582	43	12	59	5854	0	5968
8583	32	4	41	5951	0	6028
8584	6076	1	22	91	0	6190
8585	6303	2	10	57	0	6372
8586	90	1	18	6358	0	6467
8587	48	3	8	6662	0	6721
8588	6731	0	11	104	0	6846
8589	6826	1	13	47	0	6887
8590	6826	2	12	32	0	6872
8591	123	2	6875	27	0	7027
8592	60	0	88	6872	0	7020
8593	28	2	33	7089	0	7152
8594	7032	0	19	127	0	7178
8595	103	7001	16	49	0	7169
8596	7487	74	10	33	0	7604
8597	119	7492	16	33	0	7660
8598	54	107	19	7795	0	7975
8599	43	36	17	8023	0	8119
8600	34	14	7956	191	0	8195
8601	29	10	134	7966	0	8139
8602	31	11	8004	167	0	8213
8603	36	12	152	8032	0	8232
8604	33	12	51	8074	0	8170
8605	22	7736	31	193	0	7982
8606	23	8082	24	98	0	8227
8607	45	155	19	7962	0	8181
8608	36	46	23	8260	0	8365
8609	19	27	19	8341	0	8406
8610	25	16	18	8477	0	8536
8611	37	8	19	8585	0	8649
8612	25	8	8348	248	0	8629
8613	30	11	162	8338	0	8541
8614	29	11	54	8543	0	8637
8615	30	8	8228	233	0	8499
8616	26	8141	158	101	0	8426
8617	31	143	57	8310	0	8541
8618	26	44	8246	199	0	8515
8619	27	8239	176	91	0	8533
8620	38	149	54	8380	0	8621
8621	8482	46	39	204	0	8771
8622	170	26	26	8419	0	8641
8623	55	19	27	8516	0	8617
8624	45	23	15	8582	0	8665
8625	41	11	21	8419	0	8492
8626	38	8136	19	244	0	8437
8627	25	161	20	8394	0	8600
8628	8493	49	23	255	0	8820
8629	177	31	17	8600	0	8825
8630	68	18	15	8606	0	8707
8631	36	22	18	8728	0	8804
8632	8369	13	18	270	0	8670
8633	8421	18	24	131	0	8594
8634	203	16	19	8436	0	8674
8635	7978	18	14	222	0	8232
8636	8214	13	22	98	0	8347
8637	190	8152	15	92	0	8449
8638	8052	140	19	73	0	8284
8639	157	7974	20	65	0	8216
8640	61	8034	16	59	0	8170
8641	58	178	39	8002	0	8277
8642	36	62	8047	181	0	8326
8643	34	42	132	7758	0	7966
8644	26	32	39	7819	0	7916
8645	21	7715	28	187	0	7951
8646	7679	132	20	85	0	7916
8647	141	47	11	7702	0	7901
8648	46	32	8407	179	0	8664
8649	39	28	124	8321	0	8512
8650	25	8480	41	177	0	8723
8651	8589	120	35	94	0	8838
8652	128	42	27	8662	0	8859
8653	43	33	8742	173	0	8991
8654	39	24	125	8743	0	8931
8655	22	8487	29	167	0	8705
8656	20	124	30	8690	0	8864
8657	8968	39	19	188	0	9214
8658	9233	42	10	94	0	9379
8659	9375	19	15	87	0	9496
8660	172	9460	17	74	0	9723
8661	9523	140	27	69	0	9759
8662	178	41	12	9693	0	9924
8663	9627	34	28	202	0	9891
8664	172	9774	16	79	0	10041
8665	60	151	12	9974	0	10197
8666	48	48	10072	177	0	10345
8667	9460	47	141	94	0	9742
8668	151	10103	40	71	0	10365
8669	50	150	26	10171	0	10397
8670	39	46	14	10360	0	10459
8671	29	45	12	10135	0	10221
8672	31	20	8	10008	0	10067
8673	20	10000	12	222	0	10254
8674	10145	130	19	116	0	10410
8675	10178	45	13	82	0	10318
8676	184	40	10486	57	0	10767
8677	78	33	137	10492	0	10740
8678	54	26	10608	175	0	10863
8679	10398	16	158	94	0	10666
8680	10622	21	47	64	0	10754
8681	10358	25	38	58	0	10479
8682	219	23	16	10130	0	10388
8683	87	10063	11	172	0	10333
8684	10265	144	15	82	0	10506
8685	175	50	9	10223	0	10457
8686	10211	36	16	191	0	10454
8687	182	26	9746	71	0	10025
8688	66	32	9448	63	0	9609
8689	9793	21	131	43	0	9988
8690	161	28	51	9851	0	10091
8691	9711	12	34	148	0	9905
8692	144	9737	18	70	0	9969
8693	9822	117	13	71	0	10023
8694	9911	44	21	67	0	10043
8695	170	37	9836	46	0	10089
8696	61	24	9146	25	0	9256
8697	51	9354	99	26	0	9530
8698	69	105	100	9132	0	9406
8699	9203	20	57	89	0	9369
8700	70	12	13	9120	0	9215
8701	33	9	8	9277	0	9327
8702	30	12	9106	84	0	9232
8703	8843	2	64	45	0	8954
8704	80	25	23	9348	0	9476
8705	41	15	9182	74	0	9312
8706	37	21	8887	25	0	8970
8707	28	52	77	9125	0	9282
8708	30	16	9258	66	0	9370
8709	28	7	9144	28	0	9207
8710	26	20	71	8457	0	8574
8711	27	13	9363	55	0	9458
8712	22	9	51	9161	0	9243
8713	23	8880	23	76	0	9002
8714	9492	47	16	43	0	9598
8715	60	9566	9	31	0	9666
8716	27	64	15	9647	0	9753
8717	26	9699	10	77	0	9812
8718	23	66	9900	35	0	10024
8719	25	27	78	10857	0	10987
8720	13	20	12736	127	0	12896
8721	12737	11	195	73	0	13016
8722	213	13816	75	45	0	14149
8723	14162	216	48	32	0	14458
8724	289	90	22	14014	0	14415
8725	14202	73	21	232	0	14528
8726	312	37	14137	97	0	14583
8727	131	14190	233	80	0	14634
8728	14247	229	100	48	0	14624
8729	279	97	71	13881	0	14328
8730	125	14187	51	219	0	14582
8731	108	249	35	14462	0	14854
8732	14745	107	22	314	0	15188
8733	285	15949	34	155	0	16423
8734	16115	339	39	102	0	16595
8735	423	169	15919	53	0	16564
8736	15932	104	325	59	0	16420
8737	443	58	127	16113	0	16741
8738	16159	41	87	364	0	16651
8739	417	16023	49	146	0	16635
8740	172	337	57	16157	0	16723
8741	132	147	31	16456	0	16766
8742	93	100	15871	462	0	16526
8743	95	50	331	15744	0	16220
8744	60	60	124	16238	0	16482
8745	71	40	84	16353	0	16548
8746	73	31	50	16433	0	16587
8747	55	52	16080	554	0	16741
8748	64	15212	337	266	0	15879
8749	55	338	139	15522	0	16054
8750	15270	127	102	430	0	15929
8751	15380	91	60	216	0	15747
8752	470	15454	54	184	0	16162
8753	15349	382	44	117	0	15892
8754	15485	138	50	118	0	15791
8755	15443	112	38	110	0	15703
8756	550	15052	57	100	0	15759
8757	14843	354	46	105	0	15348
8758	504	178	41	14332	0	15055
8759	202	110	14255	391	0	14958
8760	147	14173	314	183	0	14817
8761	132	367	151	14076	0	14726
8762	91	142	13972	370	0	14575
8763	13767	118	340	197	0	14422
8764	388	68	127	13904	0	14487
8765	195	51	86	14033	0	14365
8766	142	65	54	13944	0	14205
8767	114	54	47	14003	0	14218
8768	97	54	13384	531	0	14066
8769	12664	36	316	282	0	13298
8770	360	13254	120	177	0	13911
8771	13354	337	87	116	0	13894
8772	418	13384	56	121	0	13979
8773	13531	381	64	103	0	14079
8774	447	161	36	13424	0	14068
8775	194	98	13290	398	0	13980
8776	142	73	13145	179	0	13539
8777	116	70	420	13019	0	13625
8778	97	60	173	13127	0	13457
8779	85	50	118	13296	0	13549
8780	12845	53	80	549	0	13527
8781	375	49	12819	297	0	13540
8782	186	60	350	12437	0	13033
8783	163	12802	144	396	0	13505
8784	12747	352	100	208	0	13407
8785	412	131	12601	169	0	13313
8786	179	12501	368	126	0	13174
8787	181	353	12574	108	0	13216
8788	116	154	389	12614	0	13273
8789	117	121	12565	388	0	13191
8790	87	104	12709	193	0	13093
8791	116	63	458	12620	0	13257
8792	85	64	12658	415	0	13222
8793	89	63	12767	217	0	13136
8794	98	55	467	12465	0	13085
8795	12328	42	249	428	0	13047
8796	372	52	12379	226	0	13029
8797	159	67	401	12293	0	12920
8798	152	50	191	12545	0	12938
8799	12295	48	155	515	0	13013
8800	391	55	113	12498	0	13057
8801	12311	43	124	481	0	12959
8802	428	12196	86	282	0	12992
8803	197	334	100	12544	0	13175
8804	12515	122	101	444	0	13182
8805	12723	101	89	259	0	13172
8806	489	69	89	12585	0	13232
8807	234	50	12398	462	0	13144
8808	12134	41	360	266	0	12801
8809	405	12341	163	210	0	13119
8810	12042	342	140	161	0	12685
8811	12403	127	91	157	0	12778
8812	12523	92	82	147	0	12844
8813	575	72	12038	104	0	12789
8814	281	11994	351	130	0	12756
8815	227	444	136	11857	0	12664
8816	184	233	138	12128	0	12683
8817	165	100	11830	478	0	12573
8818	121	11250	335	256	0	11962
8819	112	10160	126	151	0	10549
8820	61	8745	67	82	0	8955
8821	7902	217	299	81	0	8499
8822	215	82	33	7564	0	7894
8823	69	38	30	7607	0	7744
8824	54	24	7532	205	0	7815
8825	7335	33	160	69	0	7597
8826	170	28	47	7574	0	7819
8827	89	115	35	7625	0	7864
8828	88	13	7568	188	0	7857
8829	40	7501	145	79	0	7765
8830	63	276	55	7423	0	7817
8831	38	54	7438	163	0	7693
8832	22	6902	118	63	0	7105
8833	5851	59	29	23	0	5962
8834	77	12	6022	16	0	6127
8835	24	22	51	5720	0	5817
8836	10	5863	18	42	0	5933
8837	5875	45	20	17	0	5957
8838	53	14	6	5897	0	5970
8839	5940	7	7	51	0	6005
8840	5947	7	1	20	0	5975
8841	58	5966	6	11	0	6041
8842	6054	46	5	12	0	6117
8843	6303	15	2	22	0	6342
8844	67	6	6301	6	0	6380
8845	6210	6	44	17	0	6277
8846	47	5	6295	12	0	6359
8847	6161	8	39	3	0	6211
8848	6231	3	12	10	0	6256
8849	49	3	6348	8	0	6408
8850	18	10	37	6245	0	6310
8851	11	2	6343	36	0	6392
8852	11	4	5940	16	0	5971
8853	13	6	6320	8	0	6347
8854	15	11	49	6227	0	6302
8855	7	2	11	6686	0	6706
8856	10	0	5	6725	0	6740
8857	3	4	7	6867	0	6881
8858	6	3	6994	58	0	7061
8859	10	3	49	6902	0	6964
8860	6	6771	15	67	0	6859
8861	1	52	7396	17	0	7466
8862	6	15	63	7308	0	7392
8863	7	4	7552	65	0	7628
8864	3	7532	69	19	0	7623
8865	4	7703	15	11	0	7733
8866	5	80	10	7717	0	7812
8867	7	21	7706	72	0	7806
8868	11	10	7675	16	0	7712
8869	6	15	92	7668	0	7781
8870	5	17	22	7708	0	7752
8871	3	4	10	7854	0	7871
8872	8	2	7747	87	0	7844
8873	6	7626	71	36	0	7739
8874	3	7957	18	16	0	7994
8875	6	82	8	7969	0	8065
8876	1	23	7896	72	0	7992
8877	10	11	7842	18	0	7881
8878	3	8123	90	15	0	8231
8879	8178	79	31	10	0	8298
8880	75	8277	11	13	0	8376
8881	19	83	8728	5	0	8835
8882	8688	18	100	17	0	8823
8883	98	12	34	8983	0	9127
8884	9154	6	18	106	0	9284
8885	109	14	7	9275	0	9405
8886	37	6	10	9488	0	9541
8887	9527	15	12	156	0	9710
8888	119	9769	14	53	0	9955
8889	50	127	9714	23	0	9914
8890	20	9822	123	14	0	9979
8891	9735	141	48	16	0	9940
8892	126	9742	28	13	0	9909
8893	9759	144	13	20	0	9936
8894	9781	47	14	13	0	9855
8895	170	9786	13	15	0	9984
8896	61	136	13	9641	0	9851
8897	9586	48	11	143	0	9788
8898	9704	24	12	47	0	9787
8899	177	18	11	9489	0	9695
8900	71	9	9295	140	0	9515
8901	30	9	9364	53	0	9456
8902	9	43	162	9406	0	9620
8903	23	11	9285	147	0	9466
8904	8934	18	149	61	0	9162
8905	140	9065	46	30	0	9281
8906	58	134	25	9074	0	9291
8907	31	44	18	9172	0	9265
8908	25	22	17	9127	0	9191
8909	23	13	8	9052	0	9096
8910	22	13	17	9138	0	9190
8911	33	12	8929	190	0	9164
8912	15	8919	140	80	0	9154
8913	9028	126	51	43	0	9248
8914	143	50	31	8893	0	9117
8915	53	24	16	9043	0	9136
8916	31	15	16	9006	0	9068
8917	14	8927	18	221	0	9180
8918	23	141	17	9143	0	9324
8919	15	55	19	9246	0	9335
8920	8976	23	8	206	0	9213
8921	135	8704	14	97	0	8950
8922	53	8821	8	54	0	8936
8923	30	183	10	8824	0	9047
8924	8721	60	17	163	0	8961
8925	143	25	8757	81	0	9006
8926	8458	26	141	51	0	8676
8927	167	13	8733	27	0	8940
8928	51	25	147	8637	0	8860
8929	26	18	52	8767	0	8863
8930	15	14	32	8684	0	8745
8931	22	14	13	8679	0	8728
8932	18	12	18	8561	0	8609
8933	8534	14	11	208	0	8767
8934	143	13	8312	84	0	8552
8935	57	22	136	8424	0	8639
8936	30	17	8642	162	0	8851
8937	9	8607	152	82	0	8850
8938	8591	132	52	55	0	8830
8939	150	55	8754	34	0	8993
8940	67	36	140	8806	0	9049
8941	26	14	64	9098	0	9202
8942	24	15	8947	218	0	9204
8943	25	13	8838	91	0	8967
8944	26	24	203	8444	0	8697
8945	8850	8	80	181	0	9119
8946	8924	15	38	92	0	9069
8947	204	8827	17	56	0	9104
8948	9001	152	25	43	0	9221
8949	187	58	22	8625	0	8892
8950	76	8935	23	172	0	9206
8951	49	151	12	9013	0	9225
8952	36	61	9041	190	0	9328
8953	34	32	154	8807	0	9027
8954	45	20	65	9066	0	9196
8955	8673	23	28	210	0	8934
8956	151	8676	24	97	0	8948
8957	8537	145	24	52	0	8758
8958	157	8505	16	49	0	8727
8959	8155	147	22	42	0	8366
8960	156	8076	13	35	0	8280
8961	73	7988	21	41	0	8123
8962	7845	162	35	47	0	8089
8963	155	90	33	7545	0	7823
8964	71	7532	15	128	0	7746
8965	7630	123	18	74	0	7845
8966	7683	55	16	51	0	7805
8967	7803	28	12	39	0	7882
8968	7722	25	13	30	0	7790
8969	177	7670	11	28	0	7886
8970	66	115	22	7794	0	7997
8971	44	53	11	7941	0	8049
8972	7915	29	15	174	0	8133
8973	129	19	15	7841	0	8004
8974	7725	20	12	149	0	7906
8975	137	14	7517	82	0	7750
8976	7505	16	102	56	0	7679
8977	146	20	7576	34	0	7776
8978	77	96	113	7380	0	7666
8979	7407	19	58	120	0	7604
8980	125	7324	16	70	0	7535
8981	6890	95	16	34	0	7035
8982	108	6787	8	27	0	6930
8983	55	138	18	6993	0	7204
8984	32	42	6857	92	0	7023
8985	6320	65	113	56	0	6554
8986	87	6617	37	26	0	6767
8987	44	122	20	6393	0	6579
8988	25	25	12	6321	0	6383
8989	18	17	4	6270	0	6309
8990	24	10	6279	85	0	6398
8991	17	6277	53	44	0	6391
8992	6222	71	23	27	0	6343
8993	6242	24	9	19	0	6294
8994	71	6178	12	26	0	6287
8995	6436	49	8	34	0	6527
8996	67	30	7	6457	0	6561
8997	41	6459	9	51	0	6560
8998	6536	55	4	30	0	6625
8999	69	27	6383	19	0	6498
9000	31	6522	48	19	0	6620
9001	20	59	28	6565	0	6672
9002	16	27	12	6621	0	6676
9003	21	13	6487	72	0	6593
9004	17	12	44	6348	0	6421
9005	23	13	6518	57	0	6611
9006	14	9	53	6464	0	6540
9007	17	8	27	6549	0	6601
9008	17	6	18	6556	0	6597
9009	15	13	10	6611	0	6649
9010	19	10	6574	73	0	6676
9011	24	13	6686	52	0	6775
9012	16	7405	64	32	0	7517
9013	18	73	28	7986	0	8105
9014	18	28	8255	90	0	8391
9015	8	8258	103	39	0	8408
9016	26	114	38	8630	0	8808
9017	20	45	8876	106	0	9047
9018	8570	20	117	53	0	8760
9019	9408	20	43	24	0	9495
9020	170	10	16	9373	0	9569
9021	66	11	9389	138	0	9604
9022	39	18	133	9326	0	9516
9023	9394	9	51	163	0	9617
9024	135	9577	25	64	0	9801
9025	9757	134	14	41	0	9946
9026	9903	51	8	26	0	9988
9027	196	21	11	9593	0	9821
9028	88	17	13	9687	0	9805
9029	39	13	12	9793	0	9857
9030	33	7	25	9746	0	9811
9031	24	18	13	9703	0	9758
9032	9633	13	10	218	0	9874
9033	9734	16	9	101	0	9860
9034	9711	11	16	58	0	9796
9035	212	13	9223	39	0	9487
9036	9195	9	118	53	0	9375
9037	176	13	52	9259	0	9500
9038	70	10	9221	182	0	9483
9039	44	9065	147	91	0	9347
9040	50	163	61	8954	0	9228
9041	47	51	27	8991	0	9116
9042	37	9010	20	166	0	9233
9043	47	120	30	9375	0	9572
9044	34	44	9288	168	0	9534
9045	37	22	9414	68	0	9541
9046	22	21	184	9502	0	9729
9047	9406	13	79	169	0	9667
9048	9382	20	34	88	0	9524
9049	197	18	9335	64	0	9614
9050	86	8789	149	56	0	9080
9051	43	9180	62	50	0	9335
9052	8854	168	37	62	0	9121
9053	152	63	8959	64	0	9238
9054	76	40	147	8838	0	9101
9055	8849	25	55	175	0	9104
9056	180	8644	37	86	0	8947
9057	82	8858	28	59	0	9027
9058	8790	164	30	47	0	9031
9059	182	78	23	8805	0	9088
9060	9106	43	18	176	0	9343
9061	198	23	20	9771	0	10012
9062	95	19	32	9974	0	10120
9063	67	24	9932	259	0	10282
9064	54	31	175	10233	0	10493
9065	55	31	60	10410	0	10556
9066	10370	24	44	295	0	10733
9067	218	18	35	10518	0	10789
9068	87	29	10452	276	0	10844
9069	10348	24	202	133	0	10707
9070	222	25	84	10592	0	10923
9071	10567	20	68	261	0	10916
9072	261	10156	33	135	0	10585
9073	109	10664	38	111	0	10922
9074	10562	252	42	79	0	10935
9075	10700	107	37	68	0	10912
9076	295	66	37	10512	0	10910
9077	136	42	10430	242	0	10850
9078	110	26	213	10533	0	10882
9079	10418	30	75	284	0	10807
9080	243	10393	62	142	0	10840
9081	120	224	37	10449	0	10830
9082	10363	93	42	259	0	10757
9083	274	66	10066	125	0	10531
9084	10138	40	200	110	0	10488
9085	9760	36	86	120	0	10002
9086	297	37	10139	81	0	10554
9087	146	36	10218	91	0	10491
9088	120	28	266	9985	0	10399
9089	102	33	119	10200	0	10454
9090	72	10264	73	313	0	10722
9091	91	196	50	10420	0	10757
9092	69	95	10450	298	0	10912
9093	87	63	230	10592	0	10972
9094	69	32	94	11086	0	11281
9095	72	24	10613	353	0	11062
9096	66	10514	250	176	0	11006
9097	66	217	108	10639	0	11030
9098	69	89	68	10866	0	11092
9099	10648	72	55	346	0	11121
9100	268	44	48	10646	0	11006
9101	114	33	10468	338	0	10953
9102	10328	38	242	167	0	10775
9103	10606	38	93	138	0	10875
9104	10688	33	74	100	0	10895
9105	368	38	10300	87	0	10793
9106	166	36	256	10250	0	10708
9107	122	23	109	10468	0	10722
9108	102	23	86	10577	0	10788
9109	10170	41	56	367	0	10634
9110	262	10116	66	185	0	10629
9111	152	207	9642	129	0	10130
9112	97	9363	215	100	0	9775
9113	77	8936	83	82	0	9178
9114	49	8711	70	84	0	8914
9115	131	330	148	8234	0	8843
9116	70	96	8161	231	0	8558
9117	7446	74	167	119	0	7806
9118	183	7794	69	106	0	8152
9119	7376	145	54	59	0	7634
9120	146	7551	36	71	0	7804
9121	7645	153	43	56	0	7897
9122	193	7748	23	56	0	8020
9123	97	166	7815	49	0	8127
9124	75	79	149	7681	0	7984
9125	44	58	65	7983	0	8150
9126	7885	47	47	199	0	8178
9127	175	32	20	8400	0	8627
9128	74	34	8375	224	0	8707
9129	79	19	172	8470	0	8740
9130	57	39	8465	214	0	8775
9131	56	8429	190	104	0	8779
9132	58	179	65	8136	0	8438
9133	43	8499	54	189	0	8785
9134	8520	191	51	75	0	8837
9135	172	66	47	8540	0	8825
9136	81	60	8488	203	0	8832
9137	78	54	8389	87	0	8608
9138	8334	40	203	85	0	8662
9139	187	48	85	8392	0	8712
9140	79	29	8295	186	0	8589
9141	66	42	8028	98	0	8234
9142	45	8034	209	76	0	8364
9143	45	185	118	7459	0	7807
9144	31	7794	77	192	0	8094
9145	37	175	48	7643	0	7903
9146	7743	53	38	204	0	8038
9147	151	62	44	7784	0	8041
9148	60	39	39	7938	0	8076
9149	7899	30	44	234	0	8207
9150	178	33	43	8138	0	8392
9151	73	35	35	8146	0	8289
9152	56	8277	32	217	0	8582
9153	8293	156	34	115	0	8598
9154	8429	61	29	100	0	8619
9155	219	39	36	8363	0	8657
9156	88	49	36	8431	0	8604
9157	80	22	51	8335	0	8488
9158	55	7964	39	259	0	8317
9159	44	8245	38	143	0	8470
9160	73	245	45	7899	0	8262
9161	7031	65	29	176	0	7301
9162	7081	45	27	80	0	7233
9163	157	6900	16	69	0	7142
9164	6520	129	17	53	0	6719
9165	137	6444	17	45	0	6643
9166	48	6421	27	41	0	6537
9167	99	159	38	6204	0	6500
9168	6112	31	33	123	0	6299
9169	105	5955	15	56	0	6131
9170	38	6025	17	45	0	6125
9171	24	111	16	5989	0	6140
9172	26	38	11	6090	0	6165
9173	30	34	5961	117	0	6142
9174	5846	28	77	49	0	6000
9175	5842	29	15	51	0	5937
9176	107	23	6024	45	0	6199
9177	31	31	6000	45	0	6107
9178	39	27	97	6116	0	6279
9179	20	22	32	6346	0	6420
9180	29	6317	21	143	0	6510
9181	34	111	18	6455	0	6618
9182	25	54	6470	137	0	6686
9183	35	34	105	6375	0	6549
9184	29	40	21	6493	0	6583
9185	6368	30	29	146	0	6573
9186	113	32	6239	66	0	6450
9187	6146	23	107	56	0	6332
9188	117	37	6174	48	0	6376
9189	43	27	113	6043	0	6226
9190	28	29	6020	137	0	6214
9191	40	17	5994	62	0	6113
9192	28	48	131	5834	0	6041
9193	5606	46	100	134	0	5886
9194	5537	23	35	47	0	5642
9195	100	5610	34	50	0	5794
9196	5531	87	46	44	0	5708
9197	5528	36	28	41	0	5633
9198	104	5494	28	52	0	5678
9199	37	108	18	5570	0	5733
9200	30	29	29	5638	0	5726
9201	25	31	20	5611	0	5687
9202	25	16	24	5637	0	5702
9203	25	11	5510	154	0	5700
9204	5405	15	100	66	0	5586
9205	111	11	41	5564	0	5727
9206	60	14	28	5533	0	5635
9207	31	5595	27	124	0	5777
9208	37	101	22	5686	0	5846
9209	32	33	5604	124	0	5793
9210	5494	34	94	60	0	5682
9211	107	27	5773	65	0	5972
9212	42	41	100	5619	0	5802
9213	5679	14	26	137	0	5856
9214	110	5870	21	64	0	6065
9215	46	98	22	6108	0	6274
9216	45	46	6121	137	0	6349
9217	47	29	106	6164	0	6346
9218	6116	29	31	145	0	6321
9219	127	24	6096	63	0	6310
9220	43	27	5951	53	0	6074
9221	37	5884	120	54	0	6095
9222	5680	114	51	39	0	5884
9223	111	5661	30	46	0	5848
9224	37	98	5529	51	0	5715
9225	33	34	5346	27	0	5440
9226	28	5319	106	33	0	5486
9227	4765	84	60	22	0	4931
9228	78	4774	30	12	0	4894
9229	25	69	19	4715	0	4828
9230	17	20	11	4804	0	4852
9231	13	8	4749	89	0	4859
9232	12	16	79	4733	0	4840
9233	12	7	4822	74	0	4915
9234	4731	9	77	28	0	4845
9235	4852	15	25	13	0	4905
9236	4879	8	13	14	0	4914
9237	90	13	4741	11	0	4855
9238	4763	16	77	22	0	4878
9239	83	13	19	4687	0	4802
9240	29	4758	14	71	0	4872
9241	4768	74	10	41	0	4893
9242	70	19	4630	30	0	4749
9243	4679	6	72	18	0	4775
9244	4664	7	26	22	0	4719
9245	96	5	4608	16	0	4725
9246	32	4606	84	10	0	4732
9247	32	86	21	4592	0	4731
9248	16	15	4604	83	0	4718
9249	19	13	4444	26	0	4502
9250	29	78	77	4127	0	4311
9251	8	9	4152	61	0	4230
9252	24	4	60	3997	0	4085
9253	18	11	20	3806	0	3855
9254	13	7	14	4062	0	4096
9255	15	8	4006	76	0	4105
9256	9	6	62	4022	0	4099
9257	14	6	4065	68	0	4153
9258	9	10	64	4066	0	4149
9259	4160	3	29	68	0	4260
9260	62	11	17	4177	0	4267
9261	26	4282	18	66	0	4392
9262	17	63	8	4478	0	4566
9263	4538	23	13	79	0	4653
9264	68	4563	13	28	0	4672
9265	22	79	12	4567	0	4680
9266	4567	24	11	80	0	4682
9267	69	10	4596	32	0	4707
9268	31	8	71	4588	0	4698
9269	15	8	4641	83	0	4747
9270	15	13	4573	39	0	4640
9271	18	13	91	4519	0	4641
9272	4531	10	34	81	0	4656
9273	81	10	4472	34	0	4597
9274	4414	10	80	26	0	4530
9275	90	17	32	4519	0	4658
9276	32	13	4552	71	0	4668
9277	21	4	4479	34	0	4538
9278	10	9	4474	20	0	4513
9279	16	76	94	4168	0	4354
9280	4236	11	61	65	0	4373
9281	57	4224	24	22	0	4327
9282	28	56	15	4135	0	4234
9283	18	19	10	4216	0	4263
9284	4196	9	11	80	0	4296
9285	4209	9	18	29	0	4265
9286	73	4191	11	20	0	4295
9287	4265	52	17	12	0	4346
9288	4270	24	11	12	0	4317
9289	83	11	8	4221	0	4323
9290	29	10	4208	60	0	4307
9291	4193	8	66	31	0	4298
9292	65	5	18	4299	0	4387
9293	31	4	17	4303	0	4355
9294	4271	6	13	83	0	4373
9295	71	9	12	4123	0	4215
9296	36	4	7	4181	0	4228
9297	4117	5	11	86	0	4219
9298	72	4229	8	37	0	4346
9299	4252	56	14	26	0	4348
9300	75	22	4282	19	0	4398
9301	4317	10	65	18	0	4410
9302	80	5	27	4345	0	4457
9303	36	4409	21	64	0	4530
9304	21	53	11	4496	0	4581
9305	20	18	9	4529	0	4576
9306	19	9	9	4527	0	4564
9307	4411	7	9	93	0	4520
9308	68	4327	8	36	0	4439
9309	18	4340	14	27	0	4399
9310	4269	59	16	15	0	4359
9311	56	27	4440	13	0	4536
9312	29	14	4355	13	0	4411
9313	4188	31	117	19	0	4355
9314	66	11	4214	11	0	4302
9315	20	6	41	4036	0	4103
9316	21	7	33	3746	0	3807
9317	8	4	10	4122	0	4144
9318	12	2	7	4089	0	4110
9319	6	3942	10	72	0	4030
9320	10	51	4	4132	0	4197
9321	9	19	4070	56	0	4154
9322	11	8	48	4062	0	4129
9323	8	3	3976	64	0	4051
9324	11	4	3950	30	0	3995
9325	7	4	62	4028	0	4101
9326	14	4	4074	51	0	4143
9327	4	6	62	4005	0	4077
9328	4060	4	22	68	0	4154
9329	50	5	4068	27	0	4150
9330	3972	5	55	18	0	4050
9331	55	4	22	4057	0	4138
9332	24	4	4039	52	0	4119
9333	14	3974	53	32	0	4073
9334	8	45	27	4051	0	4131
9335	10	15	4174	59	0	4258
9336	8	5	57	4149	0	4219
9337	4261	6	26	66	0	4359
9338	4293	4	11	39	0	4347
9339	4355	5	17	19	0	4396
9340	75	9	9	4343	0	4436
9341	35	2	10	4393	0	4440
9342	13	2	16	4489	0	4520
9343	4587	3	5	84	0	4679
9344	59	4706	10	32	0	4807
9345	23	59	10	4803	0	4895
9346	15	24	7	4942	0	4988
9347	4879	6	11	97	0	4993
9348	72	4984	8	41	0	5105
9349	34	62	4	5265	0	5365
9350	5349	27	9	85	0	5470
9351	5390	12	4	38	0	5444
9352	114	4	5	5351	0	5474
9353	5363	3	10	97	0	5473
9354	104	8	6	5378	0	5496
9355	45	9	5386	110	0	5550
9356	32	5	82	5398	0	5517
9357	30	4	25	5507	0	5566
9358	26	8	13	5545	0	5592
9359	5341	5	8	136	0	5490
9360	83	5337	8	59	0	5487
9361	5239	79	11	39	0	5368
9362	91	5122	5	26	0	5244
9363	30	5192	4	31	0	5257
9364	5182	93	12	28	0	5315
9365	89	5258	7	22	0	5376
9366	39	95	3	5250	0	5387
9367	5229	27	8	93	0	5357
9368	5299	19	12	34	0	5364
9369	102	8	5	5237	0	5352
9370	38	8	8	5250	0	5304
9371	20	5282	8	107	0	5417
9372	5367	70	4	58	0	5499
9373	5340	32	12	29	0	5413
9374	97	5527	6	34	0	5664
9375	43	5602	4	22	0	5671
9376	21	108	9	5633	0	5771
9377	5652	50	6	110	0	5818
9378	104	34	5	5637	0	5780
9379	41	19	5	5755	0	5820
9380	34	15	5585	126	0	5760
9381	18	17	5568	54	0	5657
9382	26	11	110	5598	0	5745
9383	18	8	5598	121	0	5745
9384	17	5589	103	43	0	5752
9385	19	100	24	5655	0	5798
9386	31	26	20	5718	0	5795
9387	13	22	11	5757	0	5803
9388	21	11	5664	151	0	5847
9389	17	21	5549	53	0	5640
9390	5513	17	102	39	0	5671
9391	107	5662	36	32	0	5837
9392	5667	95	16	38	0	5816
9393	107	31	15	5671	0	5824
9394	5759	18	14	126	0	5917
9395	117	6	18	5732	0	5873
9396	38	5847	8	115	0	6008
9397	5885	99	8	52	0	6044
9398	109	34	5700	38	0	5881
9399	33	5701	94	36	0	5864
9400	5651	102	32	35	0	5820
9401	107	34	19	5538	0	5698
9402	41	5511	17	104	0	5673
9403	32	100	8	5696	0	5836
9404	5650	33	11	115	0	5809
9405	105	24	9	5693	0	5831
9406	5699	7	8	129	0	5843
9407	124	15	5637	51	0	5827
9408	43	15	95	5635	0	5788
9409	5598	17	26	121	0	5762
9410	120	23	5566	44	0	5753
9411	47	5322	86	45	0	5500
9412	39	104	33	5213	0	5389
9413	27	37	5245	109	0	5418
9414	22	29	5175	53	0	5279
9415	26	24	103	5206	0	5359
9416	27	19	5193	106	0	5345
9417	22	12	5185	45	0	5264
9418	34	24	99	5050	0	5207
9419	5092	10	45	113	0	5260
9420	94	12	20	5102	0	5228
9421	39	8	18	5193	0	5258
9422	34	5	5217	129	0	5385
9423	32	15	94	5301	0	5442
9424	5368	11	33	123	0	5535
9425	96	21	5342	38	0	5497
9426	32	5313	98	47	0	5490
9427	30	100	31	5415	0	5576
9428	5372	28	30	107	0	5537
9429	104	22	19	5334	0	5479
9430	34	5329	22	119	0	5504
9431	33	91	5462	36	0	5622
9432	20	31	102	5583	0	5736
9433	5908	20	26	116	0	6070
9434	115	13	5844	53	0	6025
9435	46	15	106	6111	0	6278
9436	6306	16	34	139	0	6495
9437	6766	6	30	67	0	6869
9438	184	6891	22	36	0	7133
9439	6956	141	21	35	0	7153
9440	176	50	17	6949	0	7192
9441	56	32	6972	165	0	7225
9442	43	6746	148	78	0	7015
9443	32	6935	54	41	0	7062
9444	23	208	50	6686	0	6967
9445	29	70	27	6827	0	6953
9446	24	25	6579	179	0	6807
9447	18	6474	134	76	0	6702
9448	22	6563	47	49	0	6681
9449	35	180	35	6196	0	6446
9450	6093	49	22	134	0	6298
9451	121	6122	12	49	0	6304
9452	42	124	7	6242	0	6415
9453	6350	33	17	133	0	6533
9454	119	26	11	6398	0	6554
9455	39	17	12	6378	0	6446
9456	28	17	13	6434	0	6492
9457	19	22	7	6435	0	6483
9458	6276	19	11	170	0	6476
9459	120	13	11	6323	0	6467
9460	41	15	6108	137	0	6301
9461	5996	13	107	59	0	6175
9462	126	22	6025	31	0	6204
9463	42	21	6028	39	0	6130
9464	28	16	134	5961	0	6139
9465	37	10	52	6016	0	6115
9466	20	13	18	6097	0	6148
9467	5954	13	18	169	0	6154
9468	129	8	5887	68	0	6092
9469	5868	14	111	54	0	6047
9470	6039	13	42	35	0	6129
9471	152	11	5963	44	0	6170
9472	5853	11	114	42	0	6020
9473	136	13	6003	35	0	6187
9474	44	5897	120	30	0	6091
9475	60	148	78	5789	0	6075
9476	27	36	25	5916	0	6004
9477	26	18	23	5833	0	5900
9478	16	11	27	5807	0	5861
9479	26	13	5702	159	0	5900
9480	24	16	5701	67	0	5808
9481	20	19	126	5717	0	5882
9482	22	17	5747	120	0	5906
9483	5610	8	110	68	0	5796
9484	5834	8	45	49	0	5936
9485	130	10	36	5737	0	5913
9486	5700	20	22	114	0	5856
9487	110	5757	24	56	0	5947
9488	5741	98	16	52	0	5907
9489	126	33	5715	41	0	5915
9490	52	23	100	5638	0	5813
9491	38	5698	40	122	0	5898
9492	5814	93	30	63	0	6000
9493	108	31	21	5857	0	6017
9494	43	23	5760	121	0	5947
9495	39	9	107	5750	0	5905
9496	5710	11	48	131	0	5900
9497	116	7	5690	61	0	5874
9498	59	13	104	5709	0	5885
9499	47	23	47	5826	0	5943
9500	40	11	5700	152	0	5903
9501	34	5570	113	76	0	5793
9502	60	4819	73	72	0	5024
9503	38	115	30	5664	0	5847
9504	42	49	33	5849	0	5973
9505	32	32	21	5916	0	6001
9506	5777	23	30	152	0	5982
9507	5824	22	25	88	0	5959
9508	135	22	34	5801	0	5992
9509	5763	30	23	127	0	5943
9510	106	5681	20	86	0	5893
9511	48	105	23	5814	0	5990
9512	30	47	24	5888	0	5989
9513	25	34	24	5900	0	5983
9514	5657	23	22	169	0	5871
9515	110	5543	15	98	0	5766
9516	59	98	25	5672	0	5854
9517	5621	47	18	144	0	5830
9518	124	22	16	5703	0	5865
9519	52	15	23	5684	0	5774
9520	40	5360	15	170	0	5585
9521	44	5625	13	95	0	5777
9522	39	122	15	5554	0	5730
9523	39	48	18	5532	0	5637
9524	5309	21	20	172	0	5522
9525	117	9	22	5354	0	5502
9526	69	14	5217	137	0	5437
9527	32	19	105	5165	0	5321
9528	33	5152	51	122	0	5358
9529	5204	87	26	81	0	5398
9530	106	37	26	5230	0	5399
9531	66	38	20	5098	0	5222
9532	40	4934	19	158	0	5151
9533	4629	78	23	67	0	4797
9534	93	4702	17	42	0	4854
9535	43	87	24	4514	0	4668
9536	31	18	4369	94	0	4512
9537	53	166	50	3673	0	3942
9538	3653	5	42	43	0	3743
9539	39	3677	4	29	0	3749
9540	23	45	5	3623	0	3696
9541	6	3560	1	35	0	3602
9542	8	45	3	3633	0	3689
9543	5	18	3560	44	0	3627
9544	8	28	35	3451	0	3522
9545	7	4	15	3484	0	3510
9546	10	8	4	3493	0	3515
9547	3367	4	0	51	0	3422
9548	3395	5	1	27	0	3428
9549	38	3433	3	15	0	3489
9550	3445	31	2	11	0	3489
9551	34	3371	1	10	0	3416
9552	13	3429	3	11	0	3456
9553	3314	39	4	12	0	3369
9554	35	20	3274	12	0	3341
9555	17	7	25	3217	0	3266
9556	11	4	12	3277	0	3304
9557	3	3	7	3336	0	3349
9558	3246	7	2	47	0	3302
9559	31	3230	1	24	0	3286
9560	19	30	3	3272	0	3324
9561	8	3253	2	32	0	3295
9562	3408	35	2	20	0	3465
9563	33	19	2	3435	0	3489
9564	24	9	2	3892	0	3927
9565	12	4278	1	67	0	4358
9566	7	54	1	4633	0	4695
9567	6	27	2	4724	0	4759
9568	4550	14	3	109	0	4676
9569	71	4465	4	60	0	4600
9570	30	4596	6	32	0	4664
9571	22	102	1	4450	0	4575
9572	12	48	4312	94	0	4466
9573	9	20	4296	59	0	4384
9574	16	20	94	4240	0	4370
9575	10	13	4260	89	0	4372
9576	9	15	86	4274	0	4384
9577	13	10	45	4169	0	4237
9578	6	13	22	4409	0	4450
9579	4252	11	16	135	0	4414
9580	81	13	12	4312	0	4418
9581	39	7	15	4277	0	4338
9582	18	4253	13	131	0	4415
9583	14	86	11	4404	0	4515
9584	14	33	4309	135	0	4491
9585	16	21	90	4376	0	4503
9586	16	13	39	4484	0	4552
9587	4259	14	26	150	0	4449
9588	83	11	15	4331	0	4440
9589	40	7	9	4311	0	4367
9590	26	9	14	4362	0	4411
9591	4057	12	8	163	0	4240
9592	89	4106	11	86	0	4292
9593	43	86	8	4182	0	4319
9594	31	37	8	4242	0	4318
9595	21	23	4056	147	0	4247
9596	16	18	81	4114	0	4229
9597	3911	12	35	137	0	4095
9598	75	3995	22	80	0	4172
9599	33	86	14	3966	0	4099
9600	28	42	7	4032	0	4109
9601	21	23	3901	138	0	4083
9602	3757	17	80	82	0	3936
9603	85	3862	39	61	0	4047
9604	3819	83	17	49	0	3968
9605	91	46	12	3861	0	4010
9606	39	28	12	3950	0	4029
9607	31	14	12	3974	0	4031
9608	25	20	11	3988	0	4044
9609	3880	17	9	154	0	4060
9610	93	24	7	3884	0	4008
9611	40	3850	8	136	0	4034
9612	27	77	17	3969	0	4090
9613	20	36	19	4039	0	4114
9614	3917	19	19	149	0	4104
9615	88	3916	19	87	0	4110
9616	34	85	10	4055	0	4184
9617	3968	37	14	146	0	4165
9618	4088	23	9	88	0	4208
9619	122	18	3	4068	0	4211
9620	58	20	4002	135	0	4215
9621	3999	22	70	81	0	4172
9622	104	19	26	4084	0	4233
9623	47	14	4150	133	0	4344
9624	34	13	84	4256	0	4387
9625	29	20	33	4328	0	4410
9626	21	10	20	4368	0	4419
9627	32	4403	18	155	0	4608
9628	33	82	15	4529	0	4659
9629	19	31	14	4649	0	4713
9630	24	15	9	4680	0	4728
9631	38	21	10	4669	0	4738
9632	17	17	7	4690	0	4731
9633	18	25	13	4688	0	4744
9634	4401	17	9	177	0	4604
9635	82	16	4285	101	0	4484
9636	33	4244	75	85	0	4437
9637	4237	74	23	66	0	4400
9638	85	4261	24	55	0	4425
9639	4203	84	17	62	0	4366
9640	95	39	10	4206	0	4350
9641	4309	19	23	121	0	4472
9642	100	19	20	4353	0	4492
9643	47	18	13	4310	0	4388
9644	37	4325	13	124	0	4499
9645	4378	74	5	77	0	4534
9646	83	31	4467	72	0	4653
9647	44	21	71	4592	0	4728
9648	31	18	4611	121	0	4781
9649	42	18	4430	70	0	4560
9650	4539	13	88	63	0	4703
9651	80	20	36	4640	0	4776
9652	41	19	4612	113	0	4785
9653	26	8	4763	76	0	4873
9654	35	11	96	4763	0	4905
9655	23	16	41	4930	0	5010
9656	4925	11	28	130	0	5094
9657	93	13	15	5000	0	5121
9658	55	15	5186	105	0	5361
9659	29	6	78	5249	0	5362
9660	35	44	36	5226	0	5341
9661	22	5333	26	113	0	5494
9662	5249	67	24	72	0	5412
9663	76	5196	21	56	0	5349
9664	4744	47	14	45	0	4850
9665	46	4261	7	22	0	4336
9666	14	3997	5	12	0	4028
9667	22	25	21	3986	0	4054
9668	11	8	27	3968	0	4014
9669	11	7	5	3926	0	3949
9670	3865	2	2	30	0	3899
9671	22	3	3869	8	0	3902
9672	6	3	23	3814	0	3846
9673	3806	2	3	26	0	3837
9674	21	3807	5	7	0	3840
9675	3	3832	2	8	0	3845
9676	9	23	3	3883	0	3918
9677	2	2	3	3933	0	3940
9678	5	4	4	3908	0	3921
9679	3	3968	1	28	0	4000
9680	5	18	4	3986	0	4013
9681	4	3	3964	24	0	3995
9682	1	5	3714	9	0	3729
9683	3769	3	10	7	0	3789
9684	12	6	2	3916	0	3936
9685	3917	3	3	15	0	3938
9686	3881	1	0	10	0	3892
9687	9	3910	2	17	0	3938
9688	3983	9	1	7	0	4000
9689	4082	4	0	12	0	4098
9690	12	2	1	4076	0	4091
9691	3	0	1	4147	0	4151
9692	7	0	4227	12	0	4246
9693	4	4261	9	7	0	4281
9694	13	17	10	3860	0	3900
9695	2	1	1	4342	0	4346
9696	4379	3	0	10	0	4392
9697	10	1	1	4371	0	4383
9698	4418	2	1	17	0	4438
9699	11	0	2	4503	0	4516
9700	1	4555	3	17	0	4576
9701	4692	16	1	5	0	4714
9702	20	2	1	5104	0	5127
9703	10	3	1	5509	0	5523
9704	2	1	3	5866	0	5872
9705	2	2	5925	88	0	6017
9706	5	1	80	5986	0	6072
9707	6113	1	18	103	0	6235
9708	89	1	9	6378	0	6477
9709	23	1	7	7068	0	7099
9710	13	1	7	7150	0	7171
9711	8	7079	0	185	0	7272
9712	9	7459	4	61	0	7533
9713	7405	166	16	36	0	7623
9714	134	7524	6	22	0	7686
9715	7538	151	4	23	0	7716
9716	7607	61	8	22	0	7698
9717	7645	22	3	37	0	7707
9718	200	17	7511	16	0	7744
9719	71	7655	126	22	0	7874
9720	7660	134	49	19	0	7862
9721	151	62	15	7673	0	7901
9722	67	29	12	7750	0	7858
9723	33	27	8	7667	0	7735
9724	30	7430	4	199	0	7663
9725	30	134	5	7505	0	7674
9726	7443	61	4	164	0	7672
9727	150	64	6	7335	0	7555
9728	76	21	4	7500	0	7601
9729	41	18	7296	202	0	7557
9730	36	13	7411	95	0	7555
9731	24	16	178	7465	0	7683
9732	17	9	67	7558	0	7651
9733	14	7517	30	217	0	7778
9734	23	135	23	7569	0	7750
9735	16	58	8	7699	0	7781
9736	18	23	6	7701	0	7748
9737	7456	16	29	236	0	7737
9738	140	23	7505	111	0	7779
9739	65	13	135	7624	0	7837
9740	7593	12	55	187	0	7847
9741	7583	18	25	96	0	7722
9742	202	10	24	7469	0	7705
9743	77	21	20	7614	0	7732
9744	7395	15	6	230	0	7646
9745	169	7298	16	102	0	7585
9746	68	7383	14	79	0	7544
9747	50	182	20	7396	0	7648
9748	7413	78	11	188	0	7690
9749	7547	38	11	91	0	7687
9750	7503	26	8	86	0	7623
9751	223	17	7441	63	0	7744
9752	7302	14	133	65	0	7514
9753	190	26	7293	45	0	7554
9754	7164	19	143	62	0	7388
9755	177	7174	64	62	0	7477
9756	91	152	7209	52	0	7504
9757	60	77	142	7215	0	7494
9758	54	42	7173	171	0	7440
9759	50	28	155	7133	0	7366
9760	7105	32	77	190	0	7404
9761	175	21	7164	114	0	7474
9762	99	27	158	7106	0	7390
9763	55	7308	85	192	0	7640
9764	67	142	46	7567	0	7822
9765	54	60	45	7594	0	7753
9766	43	41	36	7426	0	7546
9767	7466	38	35	253	0	7792
9768	7599	38	30	133	0	7800
9769	224	22	25	7570	0	7841
9770	105	28	7422	233	0	7788
9771	71	39	7384	126	0	7620
9772	54	33	204	7580	0	7871
9773	52	37	7752	211	0	8052
9774	60	37	171	7773	0	8041
9775	74	28	95	7624	0	7821
9776	64	21	40	7902	0	8027
9777	58	7457	33	279	0	7827
9778	66	7523	47	142	0	7778
9779	75	189	27	7874	0	8165
9780	35	97	42	7945	0	8119
9781	44	41	28	7980	0	8093
9782	7774	41	31	276	0	8122
9783	185	27	7862	159	0	8233
9784	99	28	149	7917	0	8193
9785	7876	16	94	240	0	8226
9786	172	7868	54	149	0	8243
9787	91	162	48	8058	0	8359
9788	56	67	40	8193	0	8356
9789	40	47	27	8125	0	8239
9790	41	40	34	8139	0	8254
9791	31	22	7826	315	0	8194
9792	7521	22	154	174	0	7871
9793	7818	29	75	135	0	8057
9794	241	22	7821	97	0	8181
9795	7842	23	171	99	0	8135
9796	8034	19	75	96	0	8224
9797	250	30	7986	76	0	8342
9798	122	8194	180	88	0	8584
9799	89	196	90	8193	0	8568
9800	79	59	8447	197	0	8782
9801	68	8199	158	134	0	8559
9802	69	133	7907	74	0	8183
9803	46	7590	119	54	0	7809
9804	69	137	103	7164	0	7473
9805	36	48	7180	86	0	7350
9806	48	69	88	6964	0	7169
9807	44	23	7191	88	0	7346
9808	29	6981	76	72	0	7158
9809	6319	28	44	24	0	6415
9810	26	6198	16	15	0	6255
9811	9	6404	9	21	0	6443
9812	80	41	20	6264	0	6405
9813	6	9	5	6306	0	6326
9814	2	1	2	6259	0	6264
9815	3	8	2	6111	0	6124
9816	4	1	0	6288	0	6293
9817	4	1	6664	30	0	6699
9818	4	5	24	6504	0	6537
9819	5	0	9	6773	0	6787
9820	6903	2	1	39	0	6945
9821	6952	0	6	20	0	6978
9822	7071	2	4	9	0	7086
9823	40	2	1	7125	0	7168
9824	7839	1	4	54	0	7898
9825	8525	5	2	21	0	8553
9826	8804	5	1	18	0	8828
9827	99	2	8778	9	0	8888
9828	8604	3	76	18	0	8701
9829	9071	3	21	14	0	9109
9830	9082	2	7	13	0	9104
9831	106	0	8	9116	0	9230
9832	36	0	9278	89	0	9403
9833	27	0	81	9207	0	9315
9834	9657	2	25	122	0	9806
9835	104	2	10	9850	0	9966
9836	37	10271	7	88	0	10403
9837	26	78	2	10655	0	10761
9838	10646	25	0	116	0	10787
9839	10758	6	10	49	0	10823
9840	10693	5	2	26	0	10726
9841	142	2	10962	12	0	11118
9842	57	4	104	10872	0	11037
9843	45	5	28	11295	0	11373
9844	37	4	11240	140	0	11421
9845	29	10933	108	48	0	11118
9846	25	97	11092	23	0	11237
9847	28	29	120	11141	0	11318
9848	11203	11	38	116	0	11368
9849	122	10	11466	40	0	11638
9850	45	9	112	11440	0	11606
9851	23	13	11525	130	0	11691
9852	11378	10	111	52	0	11551
9853	125	5	43	11767	0	11940
9854	47	9	12090	122	0	12268
9855	38	8	118	12020	0	12184
9856	17	5	12283	134	0	12439
9857	19	12298	126	69	0	12512
9858	20	108	46	12328	0	12502
9859	12440	32	27	141	0	12640
9860	128	16	26	12428	0	12598
9861	48	11	33	12296	0	12388
9862	12209	3	16	182	0	12410
9863	140	11728	30	59	0	11957
9864	46	12066	21	35	0	12168
9865	31	137	21	12098	0	12287
9866	26	12139	27	124	0	12316
9867	22	125	18	12261	0	12426
9868	29	33	14	12330	0	12406
9869	12283	11	21	175	0	12490
9870	120	12144	19	82	0	12365
9871	46	122	12126	40	0	12334
9872	34	12562	113	36	0	12745
9873	12581	124	29	38	0	12772
9874	12957	38	21	42	0	13058
9875	170	18	18	12844	0	13050
9876	13188	16	12	170	0	13386
9877	168	23	10	13186	0	13387
9878	13261	20	16	181	0	13478
9879	13663	29	13	90	0	13795
9880	201	22	14	14293	0	14530
9881	14548	15	11	207	0	14781
9882	194	21	14614	70	0	14899
9883	14453	14	152	56	0	14675
9884	183	14	45	14804	0	15046
9885	14992	16	26	175	0	15209
9886	181	15104	26	68	0	15379
9887	85	141	25	15197	0	15448
9888	71	41	22	15300	0	15434
9889	15269	18	29	208	0	15524
9890	196	29	15278	76	0	15579
9891	80	15209	150	65	0	15504
9892	77	140	51	15468	0	15736
9893	69	15430	20	174	0	15693
9894	72	142	31	15649	0	15894
9895	66	47	27	15320	0	15460
9896	66	25	20	15639	0	15750
9897	15512	21	33	231	0	15797
9898	184	29	15	15287	0	15515
9899	15443	19	14	232	0	15708
9900	15415	30	28	106	0	15579
9901	216	32	24	15454	0	15726
9902	15460	22	27	208	0	15717
9903	15358	20	23	105	0	15506
9904	230	23	15377	73	0	15703
9905	86	26	159	15089	0	15360
9906	15473	27	54	203	0	15757
9907	178	15386	34	93	0	15691
9908	15638	157	39	68	0	15902
9909	15681	48	29	74	0	15832
9910	227	26	15390	63	0	15706
9911	92	21	165	14788	0	15066
9912	15963	18	51	247	0	16279
9913	199	21	39	16244	0	16503
9914	98	24	27	16480	0	16629
9915	73	16	27	16645	0	16761
9916	66	28	29	17134	0	17257
9917	17043	14	26	280	0	17363
9918	249	27	17351	106	0	17733
9919	111	54	215	17820	0	18200
9920	83	33	19119	275	0	19510
9921	77	23	19739	136	0	19975
9922	19646	21	500	101	0	20268
9923	473	24	21321	81	0	21899
9924	195	20650	478	66	0	21389
9925	21027	425	309	77	0	21838
9926	21486	172	89	70	0	21817
9927	620	58	51	21145	0	21874
9928	268	34	21531	431	0	22264
9929	120	37	21566	213	0	21936
9930	22123	20	592	117	0	22852
9931	493	35	248	22782	0	23558
9932	22766	19	112	467	0	23364
9933	482	23272	81	219	0	24054
9934	23337	437	59	110	0	23943
9935	23434	180	49	77	0	23740
9936	669	22933	53	80	0	23735
9937	303	463	37	23217	0	24020
9938	23165	200	53	501	0	23919
9939	554	85	23194	216	0	24049
9940	290	23420	474	106	0	24290
9941	164	503	208	23663	0	24538
9942	23764	213	94	517	0	24588
9943	526	23983	77	243	0	24829
9944	24498	524	64	117	0	25203
9945	628	239	24301	80	0	25248
9946	24080	110	517	101	0	24808
9947	649	86	24595	76	0	25406
9948	24263	72	571	67	0	24973
9949	24327	53	274	78	0	24732
9950	784	60	24062	58	0	24964
9951	367	24087	533	72	0	25059
9952	244	519	275	23236	0	24274
9953	181	239	24220	510	0	25150
9954	160	23914	554	240	0	24868
9955	163	530	293	23360	0	24346
9956	142	254	146	24437	0	24979
9957	143	105	23939	726	0	24913
9958	151	107	576	23315	0	24149
9959	144	90	281	24238	0	24753
9960	142	86	23971	760	0	24959
9961	144	79	593	23388	0	24204
9962	116	23842	310	640	0	24908
9963	24115	526	192	341	0	25174
9964	593	248	169	23926	0	24936
9965	320	24248	178	602	0	25348
9966	213	548	160	23553	0	24474
9967	189	24681	145	547	0	25562
9968	222	599	24355	295	0	25471
9969	193	24758	590	173	0	25714
9970	24528	645	314	195	0	25682
9971	24756	307	205	170	0	25438
9972	24915	206	170	172	0	25463
9973	900	143	24890	156	0	26089
9974	433	153	24508	161	0	25255
9975	331	25508	827	144	0	26810
9976	274	661	392	24928	0	26255
9977	249	26627	216	614	0	27706
9978	308	775	175	24449	0	25707
9979	234	26445	186	632	0	27497
9980	26113	813	160	337	0	27423
9981	27523	404	145	239	0	28311
9982	1039	249	158	27994	0	29440
9983	545	205	27674	797	0	29221
9984	27329	194	787	431	0	28741
9985	934	28058	364	280	0	29636
9986	513	805	267	27748	0	29333
9987	388	398	201	27657	0	28644
9988	288	28354	201	970	0	29813
9989	28511	861	190	491	0	30053
9990	955	449	28158	275	0	29837
9991	526	326	804	28164	0	29820
9992	28290	231	403	870	0	29794
9993	28456	204	308	465	0	29433
9994	1181	28208	225	293	0	29907
9995	636	828	229	27672	0	29365
9996	406	28695	219	840	0	30160
9997	29246	939	189	462	0	30836
9998	986	483	29177	331	0	30977
9999	542	365	29390	264	0	30561
10000	368	262	1090	28996	0	30716
10001	289	238	529	29212	0	30268
10002	271	29070	322	1155	0	30818
10003	260	901	301	29354	0	30816
10004	264	445	28901	1116	0	30726
10005	28491	301	928	594	0	30314
10006	925	263	442	29348	0	30978
10007	488	238	29047	1064	0	30837
10008	357	242	933	29179	0	30711
10009	266	206	475	29018	0	29965
10010	241	28990	320	1220	0	30771
10011	253	905	234	29480	0	30872
10012	227	487	226	29263	0	30203
10013	248	336	225	29356	0	30165
10014	27563	254	210	1387	0	29414
10015	895	27148	187	724	0	28954
10016	462	27664	184	490	0	28800
10017	26794	1018	170	378	0	28360
10018	26363	492	166	342	0	27363
10019	1042	25299	206	303	0	26850
10020	461	24580	156	212	0	25409
10021	22582	689	149	192	0	23612
10022	596	22368	105	192	0	23261
10023	240	22156	63	181	0	22640
10024	21509	626	205	177	0	22517
10025	499	21492	60	149	0	22200
10026	21080	597	96	158	0	21931
10027	20838	272	82	146	0	21338
10028	20821	209	64	134	0	21228
10029	687	20112	74	142	0	21015
10030	336	20237	62	165	0	20800
10031	259	651	62	19510	0	20482
10032	203	19730	48	495	0	20476
10033	181	633	49	20065	0	20928
10034	20408	300	62	622	0	21392
10035	582	277	54	20164	0	21077
10036	288	19964	81	611	0	20944
10037	19767	548	86	286	0	20687
10038	589	19429	78	252	0	20348
10039	307	20000	50	196	0	20553
10040	292	849	98	18913	0	20152
10041	196	19345	62	511	0	20114
10042	19111	640	66	272	0	20089
10043	544	311	18731	211	0	19797
10044	284	18605	457	184	0	19530
10045	237	550	217	18621	0	19625
10046	183	276	18607	554	0	19620
10047	162	214	475	18314	0	19165
10048	145	185	208	18761	0	19299
10049	160	187	157	18983	0	19487
10050	147	166	116	18940	0	19369
10051	153	151	18285	818	0	19407
10052	127	18193	485	477	0	19282
10053	18104	519	226	343	0	19192
10054	512	274	17863	293	0	18942
10055	17802	234	517	251	0	18804
10056	602	189	18106	240	0	19137
10057	317	187	560	18083	0	19147
10058	245	184	17997	586	0	19012
10059	191	157	18410	352	0	19110
10060	176	142	662	18208	0	19188
10061	180	172	386	17384	0	18122
10062	166	185	207	18768	0	19326
10063	157	171	155	18608	0	19091
10064	18182	162	158	839	0	19341
10065	577	147	17940	469	0	19133
10066	18026	162	480	372	0	19040
10067	18340	169	234	303	0	19046
10068	18419	151	174	267	0	19011
10069	18329	161	134	232	0	18856
10070	18443	180	87	240	0	18950
10071	878	197	83	17794	0	18952
10072	484	164	16990	588	0	18226
10073	333	177	16555	312	0	17377
10074	278	16702	504	261	0	17745
10075	15534	542	370	212	0	16658
10076	482	382	188	14928	0	15980
10077	264	329	123	14670	0	15386
10078	211	14545	96	498	0	15350
10079	201	14397	70	285	0	14953
10080	185	14423	68	192	0	14868
10081	12795	588	112	183	0	13678
10082	331	336	57	11621	0	12345
10083	138	11535	33	279	0	11985
10084	99	270	24	11519	0	11912
10085	88	133	11412	294	0	11927
10086	81	82	11685	164	0	12012
10087	103	85	317	12141	0	12646
10088	12470	84	159	302	0	13015
10089	13275	71	58	170	0	13574
10090	13403	63	47	118	0	13631
10091	503	57	13211	80	0	13851
10092	235	65	296	13187	0	13783
10093	142	101	164	13743	0	14150
10094	121	70	13155	456	0	13802
10095	12615	73	331	236	0	13255
10096	389	75	13199	144	0	13807
10097	181	60	12753	107	0	13101
10098	96	39	12819	88	0	13042
10099	102	60	420	12182	0	12764
10100	64	38	202	12657	0	12961
10101	53	44	12764	400	0	13261
10102	63	38	305	12903	0	13309
10103	13037	29	182	372	0	13620
10104	305	24	123	13344	0	13796
10105	165	32	13369	383	0	13949
10106	85	29	13849	246	0	14209
10107	81	45	420	13655	0	14201
10108	14229	23	226	376	0	14854
10109	358	15184	138	206	0	15886
10110	15735	344	93	137	0	16309
10111	16156	186	116	120	0	16578
10112	648	74	16273	118	0	17113
10113	359	40	477	16194	0	17070
10114	16367	38	282	517	0	17204
10115	16284	37	186	316	0	16823
10116	646	16100	146	193	0	17085
10117	363	398	111	16154	0	17026
10118	220	207	109	16711	0	17247
10119	149	96	16125	701	0	17071
10120	134	54	481	16174	0	16843
10121	129	41	16182	606	0	16958
10122	139	41	16132	357	0	16669
10123	123	48	644	15883	0	16698
10124	15696	33	367	552	0	16648
10125	499	15319	210	341	0	16369
10126	15497	394	149	206	0	16246
10127	15607	217	141	168	0	16133
10128	690	15404	114	159	0	16367
10129	382	430	113	14913	0	15838
10130	14868	236	87	431	0	15622
10131	532	14845	88	278	0	15743
10132	14682	409	85	180	0	15356
10133	533	14203	84	133	0	14953
10134	345	399	95	13387	0	14226
10135	211	247	62	13804	0	14324
10136	13412	132	83	548	0	14175
10137	13323	94	51	358	0	13826
10138	588	13344	60	221	0	14213
10139	327	343	13043	163	0	13876
10140	191	195	12940	149	0	13475
10141	147	131	516	12464	0	13258
10142	111	12916	312	426	0	13765
10143	112	316	208	13146	0	13782
10144	130	190	148	13167	0	13635
10145	123	114	138	13262	0	13637
10146	127	89	12884	607	0	13707
10147	122	74	12861	366	0	13423
10148	119	12946	493	257	0	13815
10149	148	346	261	12981	0	13736
10150	160	238	153	13463	0	14014
10151	152	160	13025	557	0	13894
10152	12256	135	366	361	0	13118
10153	420	104	243	13259	0	14026
10154	302	98	13258	453	0	14111
10155	12828	98	401	350	0	13677
10156	447	13087	248	285	0	14067
10157	345	340	13547	209	0	14441
10158	238	233	411	13551	0	14433
10159	13453	150	271	482	0	14356
10160	441	111	13520	323	0	14395
10161	286	89	444	13561	0	14380
10162	186	112	315	13669	0	14282
10163	154	87	245	14551	0	15037
10164	14405	77	191	723	0	15396
10165	438	14160	164	453	0	15215
10166	288	377	152	14586	0	15403
10167	197	243	14539	582	0	15561
10168	164	166	451	14380	0	15161
10169	160	13936	272	602	0	14970
10170	153	14931	198	400	0	15682
10171	14685	538	159	287	0	15669
10172	15078	314	131	258	0	15781
10173	644	204	14677	214	0	15739
10174	14603	137	452	217	0	15409
10175	545	14680	296	193	0	15714
10176	15043	432	184	209	0	15868
10177	585	304	136	14874	0	15899
10178	442	201	14999	491	0	16133
10179	320	163	425	15082	0	15990
10180	264	122	15107	570	0	16063
10181	14803	111	542	389	0	15845
10182	486	129	348	15057	0	16020
10183	310	15492	215	575	0	16592
10184	259	489	183	15854	0	16785
10185	196	278	15633	693	0	16800
10186	157	15398	465	485	0	16505
10187	14723	470	263	345	0	15801
10188	436	14305	193	238	0	15172
10189	217	14033	140	154	0	14544
10190	177	545	119	13401	0	14242
10191	110	13716	107	405	0	14338
10192	148	476	97	13831	0	14552
10193	136	261	13470	460	0	14327
10194	12909	188	334	268	0	13699
10195	13636	141	208	171	0	14156
10196	551	112	13267	151	0	14081
10197	13083	105	366	143	0	13697
10198	466	13049	215	132	0	13862
10199	13316	360	135	128	0	13939
10200	486	211	101	13006	0	13804
10201	269	149	13020	373	0	13811
10202	178	13028	361	247	0	13814
10203	173	383	224	12889	0	13669
10204	90	181	132	13171	0	13574
10205	12496	120	83	513	0	13212
10206	12042	108	73	322	0	12545
10207	462	11749	89	198	0	12498
10208	198	11059	50	142	0	11449
10209	108	10418	42	71	0	10639
10210	198	313	89	9534	0	10134
10211	9430	59	121	177	0	9787
10212	9277	32	16	62	0	9387
10213	198	21	13	9171	0	9403
10214	70	18	9	9265	0	9362
10215	9130	19	16	183	0	9348
10216	162	26	8	9238	0	9434
10217	53	25	9307	174	0	9559
10218	9197	16	136	89	0	9438
10219	9511	20	41	39	0	9611
10220	195	25	9495	35	0	9750
10221	9659	23	136	37	0	9855
10222	189	24	36	9794	0	10043
10223	68	30	23	9833	0	9954
10224	36	18	19	9967	0	10040
10225	9706	23	19	203	0	9951
10226	156	9851	12	82	0	10101
10227	66	157	21	9897	0	10141
10228	41	9698	22	163	0	9924
10229	9760	156	15	65	0	9996
10230	162	58	23	9814	0	10057
10231	80	26	23	9934	0	10063
10232	54	9796	18	217	0	10085
10233	60	159	9776	72	0	10067
10234	40	57	149	9929	0	10175
10235	10031	28	48	184	0	10291
10236	10732	36	30	74	0	10872
10237	279	25	11320	54	0	11678
10238	104	27	257	11618	0	12006
10239	59	11826	100	277	0	12262
10240	48	287	40	12191	0	12566
10241	12040	104	33	341	0	12518
10242	12204	69	21	163	0	12457
10243	380	57	25	11922	0	12384
10244	151	11844	19	317	0	12331
10245	12812	285	22	155	0	13274
10246	338	125	19	13228	0	13710
10247	13389	74	20	344	0	13827
10248	14194	58	17	182	0	14451
10249	434	56	18	14088	0	14596
10250	183	32	19	14333	0	14567
10251	114	25	26	14642	0	14807
10252	95	14400	20	468	0	14983
10253	89	309	22	14830	0	15250
10254	87	115	24	14818	0	15044
10255	83	68	14199	473	0	14823
10256	79	62	13909	210	0	14260
10257	68	47	388	13964	0	14467
10258	13792	36	150	418	0	14396
10259	310	13870	88	218	0	14486
10260	13791	318	56	127	0	14292
10261	385	118	13846	125	0	14474
10262	186	78	13454	123	0	13841
10263	117	13571	371	101	0	14160
10264	153	328	198	13370	0	14049
10265	69	110	13400	321	0	13900
10266	62	83	13486	149	0	13780
10267	61	67	346	13379	0	13853
10268	13408	38	148	335	0	13929
10269	13525	26	92	173	0	13816
10270	363	33	72	13326	0	13794
10271	158	35	14129	334	0	14656
10272	115	29	268	14349	0	14761
10273	99	30	132	14278	0	14539
10274	58	14350	94	384	0	14886
10275	14397	251	77	186	0	14911
10276	14424	97	63	122	0	14706
10277	370	14282	53	114	0	14819
10278	179	273	41	13868	0	14361
10279	108	14147	50	281	0	14586
10280	14214	290	51	145	0	14700
10281	312	131	13998	116	0	14557
10282	144	76	13367	109	0	13696
10283	92	54	13269	66	0	13481
10284	76	73	352	13152	0	13653
10285	56	23	167	13312	0	13558
10286	13238	33	93	321	0	13685
10287	246	30	61	13275	0	13612
10288	146	44	44	13720	0	13954
10289	104	35	14047	358	0	14544
10290	88	31	13506	204	0	13829
10291	13615	39	302	137	0	14093
10292	225	13911	155	112	0	14403
10293	14175	211	84	105	0	14575
10294	282	121	72	14154	0	14629
10295	159	58	62	14148	0	14427
10296	115	13975	57	321	0	14468
10297	92	224	60	14187	0	14563
10298	14019	109	50	325	0	14503
10299	244	74	58	14109	0	14485
10300	157	57	14086	321	0	14621
10301	92	13827	232	190	0	14341
10302	13832	209	125	149	0	14315
10303	14164	111	83	138	0	14496
10304	14186	72	73	122	0	14453
10305	14346	56	60	117	0	14579
10306	383	49	39	14061	0	14532
10307	244	45	53	14319	0	14661
10308	143	55	14054	374	0	14626
10309	127	35	228	14211	0	14601
10310	110	51	14132	329	0	14622
10311	94	48	241	14240	0	14623
10312	14175	57	140	333	0	14705
10313	263	14557	83	227	0	15130
10314	164	215	68	15037	0	15484
10315	110	117	65	15344	0	15636
10316	15049	57	63	413	0	15582
10317	14722	51	77	241	0	15091
10318	361	44	14612	171	0	15188
10319	185	14652	244	170	0	15251
10320	143	223	133	14709	0	15208
10321	120	125	94	14855	0	15194
10322	14676	62	84	385	0	15207
10323	14617	61	90	233	0	15001
10324	375	49	14694	156	0	15274
10325	205	44	14500	138	0	14887
10326	130	45	320	14435	0	14930
10327	113	42	166	14772	0	15093
10328	112	48	14535	365	0	15060
10329	14040	35	274	223	0	14572
10330	286	37	159	14685	0	15167
10331	14520	40	97	336	0	14993
10332	293	14356	77	237	0	14963
10333	14753	218	78	173	0	15222
10334	342	117	15388	136	0	15983
10335	204	15059	256	135	0	15654
10336	127	14964	107	100	0	15298
10337	13990	182	231	79	0	14482
10338	13670	61	49	54	0	13834
10339	180	40	31	13525	0	13776
10340	87	13338	25	160	0	13610
10341	53	13693	42	87	0	13875
10342	50	155	37	13806	0	14048
10343	13885	66	33	167	0	14151
10344	13910	47	28	91	0	14076
10345	195	36	13047	50	0	13328
10346	12376	20	102	51	0	12549
10347	136	12983	46	48	0	13213
10348	13058	146	17	37	0	13258
10349	209	15179	17	36	0	15441
10350	84	16607	16	33	0	16740
10351	99	468	34	18516	0	19117
10352	20155	191	48	474	0	20868
10353	20865	109	4	203	0	21181
10354	710	55	20259	151	0	21175
10355	387	29	487	20403	0	21306
10356	20733	17	202	584	0	21536
10357	703	16	149	20856	0	21724
10358	21006	22	94	668	0	21790
10359	21242	20	87	319	0	21668
10360	845	26	20721	256	0	21848
10361	484	35	518	20378	0	21415
10362	307	28	214	20980	0	21529
10363	247	15	155	21114	0	21531
10364	191	18	20120	885	0	21214
10365	134	10	579	20266	0	20989
10366	113	19	253	19948	0	20333
10367	76	19724	187	889	0	20876
10368	98	536	19411	505	0	20550
10369	56	19945	592	393	0	20986
10370	19966	638	239	274	0	21117
10371	611	296	166	19099	0	20172
10372	313	242	135	18844	0	19534
10373	220	19047	128	744	0	20139
10374	18988	607	69	437	0	20101
10375	19366	254	62	336	0	20018
10376	782	18670	49	309	0	19810
10377	442	19477	45	205	0	20169
10378	19385	771	48	164	0	20368
10379	763	388	18974	114	0	20239
10380	388	277	18914	130	0	19709
10381	18452	223	728	131	0	19534
10382	664	19112	368	127	0	20271
10383	19342	573	272	140	0	20327
10384	748	278	19114	140	0	20280
10385	19328	211	609	135	0	20283
10386	813	19797	283	129	0	21022
10387	437	622	217	19978	0	21254
10388	384	282	138	20174	0	20978
10389	307	229	151	18913	0	19600
10390	267	157	85	19823	0	20332
10391	194	153	102	19393	0	19842
10392	179	19138	86	1094	0	20497
10393	19477	579	89	623	0	20768
10394	658	285	19307	482	0	20732
10395	378	228	570	19738	0	20914
10396	315	188	19676	774	0	20953
10397	251	161	739	19795	0	20946
10398	235	104	371	20315	0	21025
10399	19687	107	313	960	0	21067
10400	677	118	19447	602	0	20844
10401	323	19329	677	457	0	20786
10402	293	584	295	19740	0	20912
10403	233	290	242	20277	0	21042
10404	241	266	19685	898	0	21090
10405	183	193	679	19808	0	20863
10406	170	188	302	20455	0	21115
10407	19199	136	250	1079	0	20664
10408	597	19569	189	667	0	21022
10409	19633	639	170	499	0	20941
10410	20168	309	110	407	0	20994
10411	945	264	109	19770	0	21088
10412	597	190	19396	730	0	20913
10413	429	231	19507	381	0	20548
10414	382	128	785	19289	0	20584
10415	296	153	462	19111	0	20022
10416	193	19229	344	966	0	20732
10417	19172	597	275	593	0	20637
10418	696	18911	220	456	0	20283
10419	370	19536	186	382	0	20474
10420	19548	851	140	350	0	20889
10421	788	508	131	19309	0	20736
10422	495	20169	112	768	0	21544
10423	351	762	140	20404	0	21657
10424	282	385	19858	946	0	21471
10425	281	275	19925	564	0	21045
10426	206	225	805	20276	0	21512
10427	171	215	20298	899	0	21583
10428	192	158	836	20323	0	21509
10429	173	138	477	20530	0	21318
10430	152	126	385	21058	0	21721
10431	19885	125	290	1218	0	21518
10432	607	19352	240	764	0	20963
10433	317	20150	178	619	0	21264
10434	19104	761	174	480	0	20519
10435	19618	449	111	404	0	20582
10436	913	356	133	19076	0	20478
10437	496	302	18912	752	0	20462
10438	398	247	589	19243	0	20477
10439	336	175	19107	853	0	20471
10440	257	19103	706	536	0	20602
10441	222	616	354	19610	0	20802
10442	19433	284	306	887	0	20910
10443	681	301	222	19721	0	20925
10444	384	199	19102	827	0	20512
10445	18913	229	645	513	0	20300
10446	799	157	19355	434	0	20745
10447	628	160	18940	313	0	20041
10448	317	18159	766	371	0	19613
10449	237	15934	346	193	0	16710
10450	241	15100	300	197	0	15838
10451	11765	448	428	316	0	12957
10452	10901	65	80	102	0	11148
10453	95	26	23	10986	0	11130
10454	41	17	14	11022	0	11094
10455	29	12	13	11234	0	11288
10456	27	11135	9	113	0	11284
10457	11224	78	11	59	0	11372
10458	81	11213	20	32	0	11346
10459	34	89	11	11337	0	11471
10460	11210	37	15	111	0	11373
10461	93	25	14	11252	0	11384
10462	39	17	9	11386	0	11451
10463	11416	13	11	125	0	11565
10464	11259	20	20	56	0	11355
10465	113	20	11309	40	0	11482
10466	56	12	11079	35	0	11182
10467	31	24	11390	34	0	11479
10468	32	14	110	11364	0	11520
10469	26	23	42	11488	0	11579
10470	20	11527	35	118	0	11700
10471	11684	87	29	52	0	11852
10472	101	46	19	11839	0	12005
10473	45	28	21	12024	0	12118
10474	34	12081	18	143	0	12276
10475	27	12685	24	57	0	12793
10476	28	122	19	12893	0	13062
10477	19	40	19	14068	0	14146
10478	14109	25	16	246	0	14396
10479	14227	32	14	103	0	14376
10480	234	32	12	14155	0	14433
10481	107	26	14101	218	0	14452
10482	69	31	13601	99	0	13800
10483	55	20	218	13901	0	14194
10484	49	22	85	13564	0	13720
10485	30	13508	54	262	0	13854
10486	13212	178	32	118	0	13540
10487	204	58	28	13235	0	13525
10488	79	42	13267	214	0	13602
10489	61	30	182	13423	0	13696
10490	48	18	13401	231	0	13698
10491	39	20	13454	109	0	13622
10492	62	145	248	13474	0	13929
10493	13473	36	117	226	0	13852
10494	176	18	13348	92	0	13634
10495	76	6	187	13167	0	13436
10496	42	19	13800	204	0	14065
10497	41	19	183	13694	0	13937
10498	41	15	75	13630	0	13761
10499	27	14	13645	252	0	13938
10500	34	11	13241	110	0	13396
10501	52	19	263	12525	0	12859
10502	31	13	102	13595	0	13741
10503	31	14	67	13728	0	13840
10504	24	10	51	13510	0	13595
10505	13434	6	51	268	0	13759
10506	13521	9	30	154	0	13714
10507	214	13396	38	100	0	13748
10508	13564	166	38	82	0	13850
10509	197	62	29	13671	0	13959
10510	13687	32	31	229	0	13979
10511	219	21	13545	110	0	13895
10512	13600	10	193	92	0	13895
10513	209	10	91	13644	0	13954
10514	103	10	54	13989	0	14156
10515	13851	9	43	288	0	14191
10516	225	14	39	14580	0	14858
10517	100	16	15003	297	0	15416
10518	14963	14	264	154	0	15395
10519	280	15562	99	117	0	16058
10520	111	243	58	16177	0	16589
10521	69	82	17407	345	0	17903
10522	62	45	329	17199	0	17635
10523	50	26	17355	410	0	17841
10524	59	31	354	17250	0	17694
10525	42	17315	134	396	0	17887
10526	46	309	80	17501	0	17936
10527	48	18139	50	421	0	18658
10528	66	401	69	17550	0	18086
10529	61	125	55	19163	0	19404
10530	56	69	44	19304	0	19473
10531	58	40	49	19305	0	19452
10532	73	34	41	19362	0	19510
10533	51	35	18645	627	0	19358
10534	50	31	411	18764	0	19256
10535	36	18	161	19149	0	19364
10536	18774	19	104	628	0	19525
10537	396	18714	70	305	0	19485
10538	18897	401	55	227	0	19580
10539	469	146	55	18967	0	19637
10540	179	78	18930	506	0	19693
10541	100	18914	434	272	0	19720
10542	18716	410	176	219	0	19521
10543	421	18501	114	182	0	19218
10544	148	19187	80	169	0	19584
10545	18954	525	80	153	0	19712
10546	455	187	62	20080	0	20784
10547	20142	108	60	588	0	20898
10548	531	71	64	19949	0	20615
10549	201	61	19939	658	0	20859
10550	124	68	20004	300	0	20496
10551	19399	55	602	251	0	20307
10552	20049	42	228	216	0	20535
10553	640	46	156	19472	0	20314
10554	259	50	88	19893	0	20290
10555	18898	60	80	713	0	19751
10556	506	18763	68	356	0	19693
10557	205	19486	68	254	0	20013
10558	19182	566	66	193	0	20007
10559	19541	221	57	156	0	19975
10560	660	19277	71	148	0	20156
10561	290	535	46	19328	0	20199
10562	213	193	19130	565	0	20101
10563	132	144	19256	263	0	19795
10564	18815	101	599	197	0	19712
10565	575	84	19205	167	0	20031
10566	265	73	543	18716	0	19597
10567	201	80	211	18623	0	19115
10568	139	18754	148	665	0	19706
10569	18804	490	108	305	0	19707
10570	579	185	110	18755	0	19629
10571	281	125	18429	588	0	19423
10572	193	18369	485	297	0	19344
10573	144	629	201	18227	0	19201
10574	150	206	18011	591	0	18958
10575	122	155	17618	281	0	18176
10576	119	17273	589	237	0	18218
10577	15932	450	245	160	0	16787
10578	412	16130	157	137	0	16836
10579	16093	439	88	145	0	16765
10580	470	190	15827	133	0	16620
10581	15460	134	416	144	0	16154
10582	463	15850	194	128	0	16635
10583	201	417	130	15853	0	16601
10584	151	172	107	16407	0	16837
10585	16087	130	89	568	0	16874
10586	446	119	15933	287	0	16785
10587	15939	92	423	198	0	16652
10588	16162	100	167	187	0	16616
10589	547	95	15469	158	0	16269
10590	231	90	15701	186	0	16208
10591	186	126	501	15334	0	16147
10592	15484	99	221	486	0	16290
10593	15617	91	176	243	0	16127
10594	543	15467	135	189	0	16334
10595	250	431	106	15645	0	16432
10596	201	190	106	15480	0	15977
10597	170	131	95	15553	0	15949
10598	169	97	93	15805	0	16164
10599	15388	97	112	609	0	16206
10600	525	106	82	15655	0	16368
10601	248	117	15452	554	0	16371
10602	205	108	15385	248	0	15946
10603	15180	105	517	200	0	16002
10604	514	15170	228	161	0	16073
10605	268	15772	164	151	0	16355
10606	231	514	137	15744	0	16626
10607	192	211	121	16066	0	16590
10608	189	117	115	15948	0	16369
10609	154	97	138	16184	0	16573
10610	160	93	15636	659	0	16548
10611	185	103	429	15643	0	16360
10612	193	102	173	15814	0	16282
10613	162	82	15113	627	0	15984
10614	14465	72	484	345	0	15366
10615	445	14928	204	271	0	15848
10616	14260	350	153	204	0	14967
10617	464	142	13869	151	0	14626
10618	220	96	13488	141	0	13945
10619	126	13213	440	142	0	13921
10620	11875	559	578	252	0	13264
10621	11191	130	134	118	0	11573
10622	11159	87	67	115	0	11428
10623	346	10852	65	97	0	11360
10624	10763	242	67	94	0	11166
10625	302	93	10752	82	0	11229
10626	128	10690	252	83	0	11153
10627	10179	253	130	83	0	10645
10628	250	10319	79	77	0	10725
10629	9881	218	58	51	0	10208
10630	9609	85	61	69	0	9824
10631	269	49	9822	49	0	10189
10632	126	9877	212	46	0	10261
10633	9831	198	90	52	0	10171
10634	248	82	9734	41	0	10105
10635	107	9703	210	59	0	10079
10636	113	220	86	9467	0	9886
10637	75	76	9493	184	0	9828
10638	57	71	9234	80	0	9442
10639	75	70	201	9218	0	9564
10640	9030	27	90	188	0	9335
10641	167	9043	56	89	0	9355
10642	100	157	8923	64	0	9244
10643	122	59	8770	35	0	8986
10644	8335	70	197	39	0	8641
10645	174	8683	89	25	0	8971
10646	7401	73	61	8	0	7543
10647	82	7353	18	3	0	7456
10648	7434	79	34	9	0	7556
10649	7262	30	10	8	0	7310
10650	105	7124	11	5	0	7245
10651	38	80	16	7213	0	7347
10652	7490	32	16	76	0	7614
10653	87	15	17	7559	0	7678
10654	34	14	13	7929	0	7990
10655	7950	12	11	145	0	8118
10656	121	8020	15	42	0	8198
10657	8161	116	16	30	0	8323
10658	139	39	8124	16	0	8318
10659	50	21	119	8176	0	8366
10660	29	23	36	8125	0	8213
10661	8068	14	17	146	0	8245
10662	8070	25	14	45	0	8154
10663	164	17	9	8010	0	8200
10664	55	14	8073	138	0	8280
10665	32	17	122	8034	0	8205
10666	35	22	28	8137	0	8222
10667	37	12	19	8186	0	8254
10668	28	15	20	8189	0	8252
10669	8063	12	14	187	0	8276
10670	140	10	8012	76	0	8238
10671	47	8016	121	43	0	8227
10672	37	123	37	7987	0	8184
10673	29	37	24	8247	0	8337
10674	32	21	8104	169	0	8326
10675	34	25	8101	62	0	8222
10676	33	9	152	8259	0	8453
10677	26	20	51	8424	0	8521
10678	37	14	8189	187	0	8427
10679	40	8	142	8195	0	8385
10680	8300	17	53	180	0	8550
10681	146	8529	28	77	0	8780
10682	55	136	8433	50	0	8674
10683	34	8449	155	51	0	8689
10684	45	166	48	8502	0	8761
10685	37	49	8505	174	0	8765
10686	38	8467	160	63	0	8728
10687	35	146	51	8543	0	8775
10688	27	43	8662	163	0	8895
10689	37	30	157	8545	0	8769
10690	29	31	40	8590	0	8690
10691	8575	18	40	200	0	8833
10692	161	15	36	8593	0	8805
10693	8640	16	25	197	0	8878
10694	8453	16	34	81	0	8584
10695	8528	18	32	58	0	8636
10696	206	28	23	8409	0	8666
10697	80	18	8324	176	0	8598
10698	47	22	8108	78	0	8255
10699	8244	18	171	54	0	8487
10700	157	19	8252	47	0	8475
10701	7861	22	147	52	0	8082
10702	142	8022	65	56	0	8285
10703	8096	121	42	48	0	8307
10704	159	33	8160	48	0	8400
10705	64	36	8321	46	0	8467
10706	42	31	164	8390	0	8627
10707	32	10	8743	185	0	8970
10708	35	23	8934	62	0	9054
10709	43	13	194	9369	0	9619
10710	41	11	73	9764	0	9889
10711	34	23	36	10210	0	10303
10712	23	10082	41	284	0	10430
10713	40	196	34	10062	0	10332
10714	25	10446	35	237	0	10743
10715	10418	213	38	125	0	10794
10716	10598	88	31	85	0	10802
10717	267	38	31	10171	0	10507
10718	115	10127	41	228	0	10511
10719	71	195	10375	118	0	10759
10720	10518	76	227	76	0	10897
10721	264	44	91	10500	0	10899
10722	113	31	70	10653	0	10867
10723	69	32	50	10806	0	10957
10724	10394	21	45	356	0	10816
10725	247	10006	45	170	0	10468
10726	105	10253	37	112	0	10507
10727	9864	260	40	86	0	10250
10728	236	10028	33	71	0	10368
10729	10181	240	24	63	0	10508
10730	10240	114	33	52	0	10439
10731	315	10016	30	59	0	10420
10732	131	247	47	9829	0	10254
10733	83	10028	39	239	0	10389
10734	63	249	43	10033	0	10388
10735	58	106	37	10599	0	10800
10736	10621	64	29	380	0	11094
10737	11143	55	38	168	0	11404
10738	361	47	31	11094	0	11533
10739	151	49	10829	349	0	11378
10740	10694	42	257	168	0	11161
10741	314	10779	102	117	0	11312
10742	141	273	64	10809	0	11287
10743	127	121	47	11030	0	11325
10744	94	80	38	11154	0	11366
10745	10607	59	36	454	0	11156
10746	10723	60	26	235	0	11044
10747	360	10139	43	193	0	10735
10748	167	10469	33	134	0	10803
10749	140	335	32	10390	0	10897
10750	124	153	27	10642	0	10946
10751	108	111	10408	414	0	11041
10752	95	91	281	10330	0	10797
10753	92	57	10161	397	0	10707
10754	77	57	9728	176	0	10038
10755	72	9649	325	136	0	10182
10756	96	258	155	9622	0	10131
10757	9729	119	90	324	0	10262
10758	285	70	48	9750	0	10153
10759	135	76	9626	352	0	10189
10760	9567	64	239	179	0	10049
10761	9812	71	92	127	0	10102
10762	360	85	9638	106	0	10189
10763	199	63	249	9834	0	10345
10764	9794	64	96	306	0	10260
10765	326	9855	65	167	0	10413
10766	10030	250	58	145	0	10483
10767	10311	137	51	136	0	10635
10768	385	100	45	10144	0	10674
10769	203	74	50	10488	0	10815
10770	10369	64	42	406	0	10881
10771	359	62	43	10453	0	10917
10772	181	60	10303	417	0	10961
10773	10180	48	263	235	0	10726
10774	10440	47	119	166	0	10772
10775	389	10081	80	136	0	10686
10776	205	10312	45	142	0	10704
10777	157	355	52	10008	0	10572
10778	104	10197	49	357	0	10707
10779	113	337	50	10317	0	10817
10780	10076	138	55	368	0	10637
10781	9967	100	36	195	0	10298
10782	367	9778	62	159	0	10366
10783	9842	277	48	124	0	10291
10784	351	9863	31	115	0	10360
10785	9901	305	52	126	0	10384
10786	10114	135	46	132	0	10427
10787	403	89	9790	134	0	10416
10788	9747	73	273	108	0	10201
10789	365	9571	134	109	0	10179
10790	232	9902	93	95	0	10322
10791	9957	346	64	95	0	10462
10792	353	182	48	9992	0	10575
10793	222	112	9968	307	0	10609
10794	191	87	251	10039	0	10568
10795	147	87	135	10268	0	10637
10796	155	76	9940	410	0	10581
10797	9670	54	269	251	0	10244
10798	341	9804	138	182	0	10465
10799	9818	269	76	157	0	10320
10800	404	132	70	9665	0	10271
10801	9738	110	64	313	0	10225
10802	355	9610	55	196	0	10216
10803	239	287	58	9724	0	10308
10804	9639	140	35	336	0	10150
10805	358	93	9134	207	0	9792
10806	197	84	8727	153	0	9161
10807	8395	99	313	123	0	8930
10808	310	8270	140	109	0	8829
10809	146	7612	74	72	0	7904
10810	251	314	128	6962	0	7655
10811	102	7133	48	192	0	7475
10812	93	221	51	7190	0	7555
10813	71	104	63	7283	0	7521
10814	85	61	48	7187	0	7381
10815	78	6972	48	258	0	7356
10816	68	184	59	7006	0	7317
10817	92	75	6864	208	0	7239
10818	59	6822	139	116	0	7136
10819	67	189	57	6420	0	6733
10820	63	6456	51	155	0	6725
10821	6429	154	34	84	0	6701
10822	6480	63	38	65	0	6646
10823	6496	50	39	72	0	6657
10824	226	6532	23	52	0	6833
10825	116	157	38	6540	0	6851
10826	89	72	6476	157	0	6794
10827	103	59	6330	73	0	6565
10828	6170	87	162	77	0	6496
10829	6308	57	63	60	0	6488
10830	191	23	42	6434	0	6690
10831	102	44	37	6730	0	6913
10832	75	44	6780	199	0	7098
10833	69	6651	125	112	0	6957
10834	64	6644	60	94	0	6862
10835	67	126	6373	49	0	6615
10836	67	141	141	5900	0	6249
10837	47	35	72	5083	0	5237
10838	19	31	21	5886	0	5957
10839	28	17	7	5850	0	5902
10840	5817	24	12	115	0	5968
10841	101	19	5668	43	0	5831
10842	5658	19	80	32	0	5789
10843	115	13	25	5715	0	5868
10844	5731	27	20	91	0	5869
10845	109	16	12	5732	0	5869
10846	56	20	5795	94	0	5965
10847	32	19	92	5795	0	5938
10848	33	16	5926	101	0	6076
10849	30	22	85	5831	0	5968
10850	21	13	6002	98	0	6134
10851	18	5861	73	45	0	5997
10852	14	72	34	5905	0	6025
10853	23	30	17	5882	0	5952
10854	15	5903	9	95	0	6022
10855	6001	67	16	40	0	6124
10856	80	28	12	5972	0	6092
10857	32	23	7	5876	0	5938
10858	5992	12	10	108	0	6122
10859	6128	11	16	52	0	6207
10860	6316	18	13	32	0	6379
10861	6365	6	7	32	0	6410
10862	115	10	6099	21	0	6245
10863	6060	9	81	22	0	6172
10864	6272	16	25	15	0	6328
10865	111	9	18	6027	0	6165
10866	48	16	14	6061	0	6139
10867	5870	7	8	99	0	5984
10868	82	5818	16	40	0	5956
10869	32	75	9	5762	0	5878
10870	27	18	5941	83	0	6069
10871	16	5883	62	37	0	5998
10872	5873	70	19	28	0	5990
10873	5904	14	16	19	0	5953
10874	5908	5	9	12	0	5934
10875	5971	5	5	14	0	5995
10876	77	4	5	5842	0	5928
10877	22	4	5842	69	0	5937
10878	13	6	6232	19	0	6270
10879	20	5	85	6720	0	6830
10880	7161	4	24	100	0	7289
10881	116	3	13	7268	0	7400
10882	28	6	7372	126	0	7532
10883	7415	4	115	47	0	7581
10884	7518	3	30	31	0	7582
10885	147	7	24	7532	0	7710
10886	47	2	7699	126	0	7874
10887	36	1	7765	36	0	7838
10888	7498	0	137	39	0	7674
10889	127	7639	39	20	0	7825
10890	38	109	7757	20	0	7924
10891	32	22	129	7687	0	7870
10892	7664	11	37	129	0	7841
10893	124	7404	28	43	0	7599
10894	36	7558	23	35	0	7652
10895	7535	130	25	26	0	7716
10896	141	38	27	7502	0	7708
10897	7849	20	13	144	0	8026
10898	155	13	18	8011	0	8197
10899	42	14	24	8123	0	8203
10900	46	11	7989	171	0	8217
10901	28	23	7681	64	0	7796
10902	30	16	8045	34	0	8125
10903	23	19	177	8019	0	8238
10904	8113	11	55	163	0	8342
10905	159	17	8080	58	0	8314
10906	58	16	161	8082	0	8317
10907	46	18	8251	173	0	8488
10908	39	8254	163	60	0	8516
10909	44	136	43	8393	0	8616
10910	36	28	50	8431	0	8545
10911	32	20	33	8466	0	8551
10912	8314	9	44	225	0	8592
10913	162	15	42	8323	0	8542
10914	52	11	49	8446	0	8558
10915	8326	16	42	214	0	8598
10916	175	14	8198	95	0	8482
10917	8164	10	166	75	0	8415
10918	8244	13	53	66	0	8376
10919	207	19	8150	34	0	8410
10920	8047	24	162	48	0	8281
10921	197	24	50	8197	0	8468
10922	66	16	8247	187	0	8516
10923	8204	11	160	95	0	8470
10924	8371	12	49	85	0	8517
10925	195	7	37	8327	0	8566
10926	90	10	37	8430	0	8567
10927	72	8	38	8486	0	8604
10928	8280	4	37	227	0	8548
10929	202	8326	34	95	0	8657
10930	8168	120	38	86	0	8412
10931	180	7731	43	55	0	8009
10932	81	7728	40	54	0	7903
10933	68	149	55	7796	0	8068
10934	62	49	50	7900	0	8061
10935	55	31	29	7873	0	7988
10936	58	20	29	7909	0	8016
10937	51	18	7706	212	0	7987
10938	7575	15	137	118	0	7845
10939	169	13	48	7841	0	8071
10940	74	34	7871	177	0	8156
10941	61	25	144	7898	0	8128
10942	60	28	50	8018	0	8156
10943	68	36	8113	187	0	8404
10944	69	34	137	8139	0	8379
10945	51	31	51	8140	0	8273
10946	8120	20	48	225	0	8413
10947	154	16	8189	128	0	8487
10948	7874	15	147	103	0	8139
10949	174	8181	59	86	0	8500
10950	8196	128	51	81	0	8456
10951	8205	33	60	73	0	8371
10952	206	24	47	8123	0	8400
10953	87	20	8053	195	0	8355
10954	53	8393	163	100	0	8709
10955	70	162	74	8155	0	8461
10956	39	8735	54	183	0	9011
10957	8755	183	37	104	0	9079
10958	182	58	8568	77	0	8885
10959	66	42	8505	79	0	8692
10960	76	35	185	8377	0	8673
10961	45	36	8649	199	0	8929
10962	64	28	183	8669	0	8944
10963	55	32	69	8640	0	8796
10964	8788	29	53	254	0	9124
10965	190	8853	48	123	0	9214
10966	80	159	41	9055	0	9335
10967	50	44	56	9214	0	9364
10968	49	39	43	9110	0	9241
10969	59	8766	53	238	0	9116
10970	46	8979	50	113	0	9188
10971	8784	187	36	99	0	9106
10972	8821	58	45	76	0	9000
10973	8833	33	49	69	0	8984
10974	237	27	8622	83	0	8969
10975	98	89	176	8536	0	8899
10976	72	27	8551	212	0	8862
10977	57	8513	160	103	0	8833
10978	7958	166	102	102	0	8328
10979	169	59	7712	46	0	7986
10980	71	47	118	7316	0	7552
10981	32	24	7428	120	0	7604
10982	7116	19	119	60	0	7314
10983	7335	14	48	38	0	7435
10984	7330	16	26	36	0	7408
10985	7217	19	22	37	0	7295
10986	144	17	7246	29	0	7436
10987	7083	11	96	32	0	7222
10988	7221	17	40	30	0	7308
10989	132	7132	19	25	0	7308
10990	7111	88	21	27	0	7247
10991	7234	34	20	33	0	7321
10992	148	22	13	7034	0	7217
10993	60	7260	21	87	0	7428
10994	7528	92	21	37	0	7678
10995	8045	32	15	32	0	8124
10996	184	15	8925	33	0	9157
10997	58	19	9336	17	0	9430
10998	42	14	9567	16	0	9639
10999	50	63	244	9384	0	9741
11000	9411	8	100	187	0	9706
11001	194	9449	47	71	0	9761
11002	9354	172	34	36	0	9596
11003	208	9366	22	40	0	9636
11004	9341	197	23	15	0	9576
11005	214	9239	19	21	0	9493
11006	89	9494	23	13	0	9619
11007	9165	235	20	23	0	9443
11008	199	9310	13	14	0	9536
11009	68	220	13	9194	0	9495
11010	52	78	9245	174	0	9549
11011	40	52	9332	58	0	9482
11012	31	37	214	9136	0	9418
11013	33	24	67	9431	0	9555
11014	22	32	9316	225	0	9595
11015	26	18	192	9219	0	9455
11016	16	22	68	9455	0	9561
11017	9348	17	45	254	0	9664
11018	187	9390	35	107	0	9719
11019	80	183	33	9098	0	9394
11020	50	9448	32	206	0	9736
11021	9428	202	30	89	0	9749
11022	183	9499	38	62	0	9782
11023	9503	211	22	55	0	9791
11024	9500	87	15	44	0	9646
11025	282	56	14	9273	0	9625
11026	112	60	17	9383	0	9572
11027	82	34	19	9491	0	9626
11028	45	41	24	9490	0	9600
11029	48	34	9026	282	0	9390
11030	8693	39	174	133	0	9039
11031	210	9085	68	75	0	9438
11032	100	195	38	9251	0	9584
11033	70	72	35	9338	0	9515
11034	49	9316	36	268	0	9669
11035	9379	213	42	116	0	9750
11036	212	9490	31	90	0	9823
11037	91	229	37	9606	0	9963
11038	79	100	25	9787	0	9991
11039	58	63	29	9823	0	9973
11040	53	56	15	9792	0	9916
11041	9555	42	21	328	0	9946
11042	240	56	9502	130	0	9928
11043	120	40	211	9404	0	9775
11044	72	49	98	9532	0	9751
11045	60	40	78	9631	0	9809
11046	61	36	68	9593	0	9758
11047	9227	39	44	353	0	9663
11048	262	34	9194	164	0	9654
11049	132	90	195	8805	0	9222
11050	92	8724	79	246	0	9141
11051	65	9216	48	117	0	9446
11052	9064	254	35	105	0	9458
11053	244	128	9011	85	0	9468
11054	8505	84	182	68	0	8839
11055	262	67	8685	56	0	9070
11056	106	55	183	8365	0	8709
11057	8551	35	77	232	0	8895
11058	180	8753	72	115	0	9120
11059	79	181	67	8465	0	8792
11060	73	8434	52	200	0	8759
11061	8628	205	38	124	0	8995
11062	8743	75	42	102	0	8962
11063	228	51	35	8694	0	9008
11064	114	45	8456	233	0	8848
11065	100	39	8439	125	0	8703
11066	74	75	191	8354	0	8694
11067	48	8488	84	210	0	8830
11068	50	206	45	8825	0	9126
11069	69	98	29	8577	0	8773
11070	63	82	22	8517	0	8684
11071	68	50	8562	273	0	8953
11072	65	32	168	8585	0	8850
11073	42	33	73	8691	0	8839
11074	27	8528	55	333	0	8943
11075	23	203	34	8427	0	8687
11076	32	66	35	8972	0	9105
11077	30	33	53	9063	0	9179
11078	46	31	37	9043	0	9157
11079	41	35	36	8933	0	9045
11080	34	33	36	8921	0	9024
11081	34	37	12	8767	0	8850
11082	37	55	14	8693	0	8799
11083	51	50	8189	324	0	8614
11084	45	60	153	8338	0	8596
11085	8256	36	63	274	0	8629
11086	200	23	41	8166	0	8430
11087	84	21	8200	280	0	8585
11088	8018	23	160	184	0	8385
11089	8384	29	73	113	0	8599
11090	8349	26	65	104	0	8544
11091	8412	27	44	101	0	8584
11092	257	39	37	8381	0	8714
11093	119	18	8175	261	0	8573
11094	76	7904	150	155	0	8285
11095	63	7492	79	106	0	7740
11096	136	225	228	6092	0	6681
11097	50	26	65	6020	0	6161
11098	9	6	6	5931	0	5952
11099	8	7	6	6184	0	6205
11100	7	3	2	6805	0	6817
11101	7451	5	5	131	0	7592
11102	126	7591	8	49	0	7774
11103	46	8008	2	27	0	8083
11104	18	194	4	8119	0	8335
11105	15	61	7	8348	0	8431
11106	11	25	4	8366	0	8406
11107	12	9	7	8362	0	8390
11108	5	7	8028	263	0	8303
11109	11	7943	169	101	0	8224
11110	15	170	47	8031	0	8263
11111	7904	54	15	198	0	8171
11112	168	29	13	7991	0	8201
11113	57	22	7927	214	0	8220
11114	27	15	7714	99	0	7855
11115	23	19	8043	67	0	8152
11116	19	39	215	7803	0	8076
11117	8012	15	95	211	0	8333
11118	159	18	31	8069	0	8277
11119	54	17	20	8309	0	8400
11120	8181	12	21	264	0	8478
11121	181	15	20	8330	0	8546
11122	67	7	23	8490	0	8587
11123	31	10	8565	238	0	8844
11124	21	8571	183	113	0	8888
11125	24	168	77	8948	0	9217
11126	8907	51	38	222	0	9218
11127	191	18	28	9008	0	9245
11128	70	14	8963	234	0	9281
11129	38	41	182	8935	0	9196
11130	32	8988	60	244	0	9324
11131	25	173	25	9113	0	9336
11132	42	61	8983	221	0	9307
11133	16	9274	178	115	0	9583
11134	23	223	60	9478	0	9784
11135	31	56	34	10162	0	10283
11136	19	43	20	10352	0	10434
11137	19	10	24	10463	0	10516
11138	24	18	10132	337	0	10511
11139	7	10121	230	147	0	10505
11140	10155	225	76	83	0	10539
11141	10369	71	39	84	0	10563
11142	280	49	30	10246	0	10605
11143	88	28	10170	275	0	10561
11144	9979	18	244	118	0	10359
11145	231	30	77	10328	0	10666
11146	80	18	10626	288	0	11012
11147	53	18	235	10654	0	10960
11148	34	16	84	10808	0	10942
11149	29	21	48	10903	0	11001
11150	44	18	10834	358	0	11254
11151	49	21	233	10507	0	10810
11152	38	10856	90	294	0	11278
11153	10847	226	64	129	0	11266
11154	10982	81	40	109	0	11212
11155	10932	54	39	95	0	11120
11156	324	10683	39	101	0	11147
11157	10672	226	30	112	0	11040
11158	272	76	43	10451	0	10842
11159	10414	49	36	317	0	10816
11160	10491	36	32	162	0	10721
11161	314	30	10180	117	0	10641
11162	116	10117	247	86	0	10566
11163	10130	239	88	88	0	10545
11164	284	93	61	10077	0	10515
11165	127	57	10003	275	0	10462
11166	90	9984	243	137	0	10454
11167	9835	238	110	92	0	10275
11168	263	97	50	9896	0	10306
11169	140	55	37	10078	0	10310
11170	96	37	39	10070	0	10242
11171	78	9780	35	375	0	10268
11172	73	246	36	9892	0	10247
11173	69	9733	46	307	0	10155
11174	52	261	40	9882	0	10235
11175	66	102	9758	318	0	10244
11176	65	63	240	9832	0	10200
11177	52	44	109	10042	0	10247
11178	53	37	69	10152	0	10311
11179	56	53	9780	400	0	10289
11180	61	32	240	9829	0	10162
11181	55	34	109	10101	0	10299
11182	33	50	63	10230	0	10376
11183	47	51	40	10211	0	10349
11184	49	39	46	10298	0	10432
11185	43	45	9883	419	0	10390
11186	52	43	248	9993	0	10336
11187	62	38	96	9989	0	10185
11188	9516	32	55	416	0	10019
11189	255	9431	53	220	0	9959
11190	123	9736	52	158	0	10069
11191	88	296	55	9736	0	10175
11192	68	117	47	9751	0	9983
11193	61	9372	45	368	0	9846
11194	75	223	31	9540	0	9869
11195	48	9414	47	364	0	9873
11196	66	261	50	9431	0	9808
11197	70	107	49	9374	0	9600
11198	46	66	8907	363	0	9382
11199	49	8664	201	209	0	9123
11200	55	8370	68	131	0	8624
11201	7170	196	97	83	0	7546
11202	120	7168	35	56	0	7379
11203	79	131	17	6919	0	7146
11204	43	43	6754	150	0	6990
11205	35	69	102	6610	0	6816
11206	6584	32	37	152	0	6805
11207	110	27	6679	79	0	6895
11208	42	6798	96	72	0	7008
11209	51	106	53	6201	0	6411
11210	28	43	32	6989	0	7092
11211	7006	31	35	163	0	7235
11212	105	29	18	7076	0	7228
11213	46	22	30	7104	0	7202
11214	38	33	21	7086	0	7178
11215	25	24	12	7078	0	7139
11216	6907	27	17	186	0	7137
11217	6864	24	16	112	0	7016
11218	124	15	13	6895	0	7047
11219	6749	25	18	155	0	6947
11220	119	16	19	6607	0	6761
11221	44	26	6418	162	0	6650
11222	47	20	6248	87	0	6402
11223	37	65	108	5968	0	6178
11224	24	5993	50	143	0	6210
11225	33	100	28	5903	0	6064
11226	5823	31	16	143	0	6013
11227	90	31	19	5920	0	6060
11228	5909	18	28	149	0	6104
11229	107	36	8	6027	0	6178
11230	48	25	6059	145	0	6277
11231	34	5956	83	80	0	6153
11232	24	6144	30	67	0	6265
11233	36	159	29	5613	0	5837
11234	17	32	5697	100	0	5846
11235	7	5082	32	36	0	5157
11236	24	55	26	4874	0	4979
11237	4791	13	6	40	0	4850
11238	26	12	4864	14	0	4916
11239	9	8	17	4842	0	4876
11240	4	6	8	4985	0	5003
11241	3	6	4962	32	0	5003
11242	3	7	4690	22	0	4722
11243	8	8	4945	15	0	4976
11244	5	8	22	4981	0	5016
11245	6	4	5064	23	0	5097
11246	4674	3	15	14	0	4706
11247	24	0	8	5168	0	5200
11248	14	1	5983	25	0	6023
11249	7	6096	33	14	0	6150
11250	3	27	6084	9	0	6123
11251	2	9	44	6072	0	6127
11252	6259	7	12	49	0	6327
11253	36	2	10	6432	0	6480
11254	5	3	4	6511	0	6523
11255	6911	1	3	52	0	6967
11256	62	4	4	7196	0	7266
11257	12	3	7337	75	0	7427
11258	7263	0	73	23	0	7359
11259	78	7480	17	19	0	7594
11260	7563	74	9	10	0	7656
11261	83	16	8	7603	0	7710
11262	18	11	7538	79	0	7646
11263	17	5	7581	21	0	7624
11264	13	26	89	7603	0	7731
11265	15	3	22	7577	0	7617
11266	6	4	7586	91	0	7687
11267	9	3	7361	33	0	7406
11268	7508	3	90	17	0	7618
11269	77	4	29	7620	0	7730
11270	7675	4	15	86	0	7780
11271	89	4	12	7617	0	7722
11272	24	7	7867	86	0	7984
11273	19	3	8040	24	0	8086
11274	16	11	104	8161	0	8292
11275	14	4	28	8279	0	8325
11276	8	4	8394	115	0	8521
11277	8340	2	103	49	0	8494
11278	117	1	31	8686	0	8835
11279	8996	0	25	136	0	9157
11280	145	10008	18	35	0	10206
11281	41	181	6	10433	0	10661
11282	10470	31	10	221	0	10732
11283	223	19	10479	46	0	10767
11284	48	6	211	10602	0	10867
11285	34	10	52	10693	0	10789
11286	23	6	37	10959	0	11025
11287	20	7	10733	288	0	11048
11288	22	2	234	10611	0	10869
11289	21	10670	54	251	0	10996
11290	19	214	40	10814	0	11087
11291	25	40	10678	260	0	11003
11292	20	24	10822	84	0	10950
11293	28	14	270	10786	0	11098
11294	15	16	71	10959	0	11061
11295	15	9	40	11135	0	11199
11296	15	9	38	11164	0	11226
11297	10863	4	43	327	0	11237
11298	10984	5	27	107	0	11123
11299	268	8	10751	83	0	11110
11300	78	10844	231	66	0	11219
11301	44	219	54	11126	0	11443
11302	11286	42	40	285	0	11653
11303	10290	54	51	115	0	10510
11304	11430	14	42	77	0	11563
11305	11497	16	30	67	0	11610
11306	291	15	11220	62	0	11588
11307	10879	11	240	79	0	11209
11308	282	10882	63	64	0	11291
11309	82	217	43	11085	0	11427
11310	74	55	11109	255	0	11493
11311	50	32	245	11004	0	11331
11312	45	23	11030	293	0	11391
11313	54	17	273	11068	0	11412
11314	42	19	69	11420	0	11550
11315	11204	13	71	330	0	11618
11316	265	14	45	11299	0	11623
11317	78	20	11307	334	0	11739
11318	67	11	259	11543	0	11880
11319	11545	16	81	336	0	11978
11320	284	14	63	11686	0	12047
11321	81	22	11623	335	0	12061
11322	60	11465	275	135	0	11935
11323	11782	248	86	125	0	12241
11324	290	46	57	11505	0	11898
11325	95	11882	51	277	0	12305
11326	11874	245	40	124	0	12283
11327	286	60	11807	90	0	12243
11328	110	11646	261	86	0	12103
11329	66	240	86	11853	0	12245
11330	62	59	11734	304	0	12159
11331	51	49	283	11443	0	11826
11332	11503	31	88	335	0	11957
11333	278	31	11418	127	0	11854
11334	99	28	280	11381	0	11788
11335	84	32	11427	314	0	11857
11336	61	31	290	11376	0	11758
11337	77	17	84	11707	0	11885
11338	11358	38	75	341	0	11812
11339	271	11376	53	175	0	11875
11340	102	239	59	11559	0	11959
11341	11419	49	52	351	0	11871
11342	11556	40	62	130	0	11788
11343	322	42	50	11295	0	11709
11344	116	11027	64	319	0	11526
11345	80	11371	43	133	0	11627
11346	77	309	52	11114	0	11552
11347	90	87	49	11103	0	11329
11348	10063	47	46	333	0	10489
11349	269	35	43	9970	0	10317
11350	81	27	9675	319	0	10102
11351	9332	27	235	135	0	9729
11352	233	9425	73	122	0	9853
11353	9372	222	50	95	0	9739
11354	260	51	9630	105	0	10046
11355	87	9750	207	80	0	10124
11356	9506	237	100	88	0	9931
11357	9580	54	76	66	0	9776
11358	270	46	9577	53	0	9946
11359	9418	33	232	50	0	9733
11360	9700	34	63	60	0	9857
11361	268	9597	38	44	0	9947
11362	115	204	33	9832	0	10184
11363	89	43	9720	226	0	10078
11364	69	41	212	9920	0	10242
11365	62	33	10084	249	0	10428
11366	52	43	238	9978	0	10311
11367	10177	32	62	283	0	10554
11368	252	22	52	10464	0	10790
11369	68	23	11126	284	0	11501
11370	11343	16	287	106	0	11752
11371	327	18	89	11812	0	12246
11372	100	14	11582	342	0	12038
11373	11255	15	311	124	0	11705
11374	346	35	83	11530	0	11994
11375	107	21	11335	327	0	11790
11376	77	18	11214	129	0	11438
11377	78	167	325	10913	0	11483
11378	68	21	11218	305	0	11612
11379	40	10837	298	117	0	11292
11380	92	249	96	9720	0	10157
11381	9653	43	53	205	0	9954
11382	179	31	9730	63	0	10003
11383	67	13	9700	58	0	9838
11384	9279	9	214	43	0	9545
11385	182	6	9726	38	0	9952
11386	9230	8	215	33	0	9486
11387	193	9	9582	29	0	9813
11388	62	8	201	9438	0	9709
11389	57	8	9664	175	0	9904
11390	33	15	209	9515	0	9772
11391	32	18	9802	202	0	10054
11392	34	7	9653	76	0	9770
11393	9236	10	216	58	0	9520
11394	167	9673	111	44	0	9995
11395	9819	138	87	31	0	10075
11396	186	9798	67	23	0	10074
11397	75	166	56	9899	0	10196
11398	68	49	50	10105	0	10272
11399	10009	36	58	193	0	10296
11400	168	19	39	9935	0	10161
11401	68	12	9863	196	0	10139
11402	9493	11	181	84	0	9769
11403	9786	9	91	60	0	9946
11404	212	16	74	9709	0	10011
11405	103	18	9831	169	0	10121
11406	71	27	177	9750	0	10025
11407	53	9790	67	194	0	10104
11408	31	165	56	9914	0	10166
11409	40	42	44	10109	0	10235
11410	41	37	9843	231	0	10152
11411	9041	17	176	127	0	9361
11412	179	9698	69	87	0	10033
11413	9694	151	58	51	0	9954
11414	190	9742	48	64	0	10044
11415	96	173	39	9689	0	9997
11416	60	9790	30	174	0	10054
11417	42	171	9587	86	0	9886
11418	35	63	183	9279	0	9560
11419	47	46	66	9358	0	9517
11420	37	26	60	9655	0	9778
11421	9391	19	56	244	0	9710
11422	184	22	41	9439	0	9686
11423	9245	28	42	230	0	9545
11424	9367	36	50	94	0	9547
11425	9214	30	37	87	0	9368
11426	238	42	9064	74	0	9418
11427	112	31	174	9131	0	9448
11428	80	37	85	9514	0	9716
11429	50	19	85	9726	0	9880
11430	10025	26	64	288	0	10403
11431	241	18	62	10182	0	10503
11432	110	29	41	10549	0	10729
11433	11019	27	52	337	0	11435
11434	285	25	54	11375	0	11739
11435	143	26	11514	328	0	12011
11436	95	27	11720	155	0	11997
11437	86	24	348	11842	0	12300
11438	11760	21	160	349	0	12290
11439	11652	11	88	177	0	11928
11440	381	18	76	11643	0	12118
11441	178	13	11499	354	0	12044
11442	115	11487	308	169	0	12079
11443	101	257	125	11770	0	12253
11444	88	80	99	11986	0	12253
11445	76	49	77	12049	0	12251
11446	11741	27	75	452	0	12295
11447	330	24	11745	203	0	12302
11448	11824	26	315	154	0	12319
11449	377	36	126	11641	0	12180
11450	151	11834	87	337	0	12409
11451	12018	282	58	178	0	12536
11452	12074	94	51	152	0	12371
11453	399	56	12306	127	0	12888
11454	180	11431	320	121	0	12052
11455	108	11706	123	118	0	12055
11456	11610	333	88	102	0	12133
11457	351	104	48	11604	0	12107
11458	163	64	50	11620	0	11897
11459	121	47	64	11613	0	11845
11460	94	10903	54	435	0	11486
11461	76	11443	38	196	0	11753
11462	11163	356	30	119	0	11668
11463	335	122	32	11150	0	11639
11464	146	69	11549	341	0	12105
11465	102	65	318	11979	0	12464
11466	78	54	13031	429	0	13592
11467	68	59	13197	189	0	13513
11468	87	46	13193	128	0	13454
11469	49	12028	470	69	0	12616
11470	108	369	275	11179	0	11931
11471	56	11612	122	311	0	12101
11472	70	362	109	10898	0	11439
11473	40	140	61	11712	0	11953
11474	11402	102	54	448	0	12006
11475	314	57	41	11563	0	11975
11476	11289	45	38	438	0	11810
11477	11502	34	33	227	0	11796
11478	447	32	25	11070	0	11574
11479	215	10881	29	379	0	11504
11480	143	303	30	10819	0	11295
11481	94	10930	28	407	0	11459
11482	94	335	24	10900	0	11353
11483	61	147	10716	428	0	11352
11484	57	109	306	10889	0	11361
11485	58	59	139	11182	0	11438
11486	10584	61	86	501	0	11232
11487	324	10725	62	277	0	11388
11488	157	321	58	10828	0	11364
11489	118	138	49	10827	0	11132
11490	79	10510	49	513	0	11151
11491	75	335	45	10680	0	11135
11492	9859	169	42	471	0	10541
11493	10536	103	27	266	0	10932
11494	425	10248	25	192	0	10890
11495	217	345	22	10316	0	10900
11496	10038	160	31	412	0	10641
11497	381	10210	40	229	0	10860
11498	197	338	41	9848	0	10424
11499	124	10185	37	398	0	10744
11500	10133	392	44	211	0	10780
11501	401	167	9962	151	0	10681
11502	181	136	10058	118	0	10493
11503	128	97	417	10013	0	10655
11504	91	93	10072	391	0	10647
11505	85	77	400	9950	0	10512
11506	9815	64	215	447	0	10541
11507	338	60	9924	243	0	10565
11508	170	61	371	9936	0	10538
11509	113	53	188	10206	0	10560
11510	9857	65	115	526	0	10563
11511	377	9937	74	283	0	10671
11512	10003	334	72	213	0	10622
11513	10161	162	46	163	0	10532
11514	478	9712	40	165	0	10395
11515	266	346	47	9833	0	10492
11516	170	191	9665	371	0	10397
11517	145	126	309	9582	0	10162
11518	125	9662	144	412	0	10343
11519	9786	360	91	227	0	10464
11520	347	189	74	9887	0	10497
11521	172	118	9860	447	0	10597
11522	120	89	326	10068	0	10603
11523	79	104	150	10287	0	10620
11524	92	82	102	10409	0	10685
11525	88	61	72	10501	0	10722
11526	81	63	76	10345	0	10565
11527	99	60	9755	617	0	10531
11528	161	69	9508	371	0	10109
11529	73	8996	384	261	0	9714
11530	60	9137	174	169	0	9540
11531	8777	344	133	150	0	9404
11532	312	146	8791	135	0	9384
11533	7932	136	323	89	0	8480
11534	276	81	7739	85	0	8181
11535	143	64	7460	76	0	7743
11536	115	65	299	7104	0	7583
11537	7301	42	183	230	0	7756
11538	232	37	103	7390	0	7762
11539	115	42	83	7493	0	7733
11540	72	29	7689	345	0	8135
11541	56	31	208	7810	0	8105
11542	58	17	117	7796	0	7988
11543	51	18	66	7885	0	8020
11544	56	20	55	7839	0	7970
11545	49	16	52	7888	0	8005
11546	7525	25	30	411	0	7991
11547	219	27	30	7609	0	7885
11548	116	30	7200	341	0	7687
11549	87	54	179	7283	0	7603
11550	62	19	7149	311	0	7541
11551	68	57	213	7200	0	7538
11552	40	20	7295	309	0	7664
11553	30	45	253	6839	0	7167
11554	31	26	128	7120	0	7305
11555	27	30	6857	307	0	7221
11556	6468	24	192	199	0	6883
11557	161	24	6941	133	0	7259
11558	102	48	208	6954	0	7312
11559	6986	11	134	232	0	7363
11560	176	18	90	7079	0	7363
11561	124	34	53	7180	0	7391
11562	85	11	7116	293	0	7505
11563	57	6849	157	220	0	7283
11564	38	6304	84	130	0	6556
11565	38	6022	47	98	0	6205
11566	205	66	132	4505	0	4908
11567	4547	11	20	27	0	4605
11568	21	2	3	4483	0	4509
11569	10	2	4	4536	0	4552
11570	2	0	4	4591	0	4597
11571	2	1	8	4585	0	4596
11572	0	4576	4	41	0	4621
11573	3	21	7	4725	0	4756
11574	1	9	2	4745	0	4757
11575	3	4714	4	42	0	4763
11576	4814	21	2	17	0	4854
11577	26	6	3	4837	0	4872
11578	4862	1	2	36	0	4901
11579	4840	4	0	18	0	4862
11580	31	4934	4	8	0	4977
11581	6	27	3	5194	0	5230
11582	7	8	5216	27	0	5258
11583	3	9	5162	11	0	5185
11584	10	20	23	5180	0	5233
11585	5329	3	10	27	0	5369
11586	5561	1	5	20	0	5587
11587	27	1	8	5709	0	5745
11588	5770	3	1	41	0	5815
11589	23	5788	7	19	0	5837
11590	5851	21	6	17	0	5895
11591	22	6374	12	13	0	6421
11592	16	28	7	6592	0	6643
11593	13	16	2	6642	0	6673
11594	11	6650	8	37	0	6706
11595	6706	24	6	21	0	6757
11596	33	10	6667	13	0	6723
11597	16	9	24	6651	0	6700
11598	10	7	6791	33	0	6841
11599	13	7	28	6739	0	6787
11600	6878	5	14	43	0	6940
11601	28	7	4	6862	0	6901
11602	6855	5	8	44	0	6912
11603	6787	11	6	31	0	6835
11604	39	4	8	6848	0	6899
11605	23	13	6836	42	0	6914
11606	15	7047	24	29	0	7115
11607	6	26	15	7097	0	7144
11608	7036	9	11	46	0	7102
11609	31	10	6973	27	0	7041
11610	28	6	27	6964	0	7025
11611	19	4	12	6977	0	7012
11612	14	7	14	7066	0	7101
11613	7077	7	8	52	0	7144
11614	32	9	11	6967	0	7019
11615	19	6	10	7108	0	7143
11616	15	10	7155	47	0	7227
11617	14	5	33	7142	0	7194
11618	16	3	16	7298	0	7333
11619	15	10	11	7370	0	7406
11620	17	7281	9	62	0	7369
11621	19	30	11	7197	0	7257
11622	20	16	8	7215	0	7259
11623	7076	6	8	62	0	7152
11624	35	15	6989	31	0	7070
11625	23	4	6605	29	0	6661
11626	14	6971	29	24	0	7038
11627	24	28	29	7126	0	7207
11628	7165	10	16	49	0	7240
11629	30	9	13	7136	0	7188
11630	22	8	6	7273	0	7309
11631	14	2	15	7318	0	7349
11632	13	4	13	7199	0	7229
11633	15	5	8	7214	0	7242
11634	8	10	7175	59	0	7252
11635	17	4	29	7158	0	7208
11636	7216	6	9	58	0	7289
11637	31	7167	3	45	0	7246
11638	20	25	8	7414	0	7467
11639	10	14	7	7473	0	7504
11640	8	10	7435	64	0	7517
11641	9	6	36	7327	0	7378
11642	6	4	15	7721	0	7746
11643	7848	2	16	65	0	7931
11644	33	8044	10	52	0	8139
11645	24	38	5	8240	0	8307
11646	17	20	5	8335	0	8377
11647	13	19	9	8407	0	8448
11648	17	5	8491	87	0	8600
11649	12	6	8098	64	0	8180
11650	12	8391	67	42	0	8512
11651	11	8657	30	39	0	8737
11652	14	72	13	8703	0	8802
11653	11	8288	24	80	0	8403
11654	10	101	11	9286	0	9408
11655	13	37	6	10033	0	10089
11656	6	15	10	10450	0	10481
11657	11	9	10	11317	0	11347
11658	13	10	11476	214	0	11713
11659	8	27	148	11476	0	11659
11660	6	10	70	11734	0	11820
11661	10	7	51	11932	0	12000
11662	11577	12	23	327	0	11939
11663	161	11701	24	190	0	12076
11664	81	167	27	11487	0	11762
11665	50	11809	36	234	0	12129
11666	11576	213	15	172	0	11976
11667	10830	117	25	145	0	11117
11668	201	11785	12	108	0	12106
11669	128	12133	13	75	0	12349
11670	79	284	11914	71	0	12348
11671	56	12222	162	83	0	12523
11672	52	280	80	11959	0	12371
11673	12075	124	72	219	0	12490
11674	199	12352	30	131	0	12712
11675	99	246	35	12572	0	12952
11676	72	139	27	12669	0	12907
11677	51	107	32	12900	0	13090
11678	12638	88	23	358	0	13107
11679	216	58	12565	224	0	13063
11680	12272	72	184	144	0	12672
11681	256	12544	97	108	0	13005
11682	137	239	53	12675	0	13104
11683	89	133	12482	274	0	12978
11684	12023	88	212	178	0	12501
11685	251	12529	112	102	0	12994
11686	132	244	86	12262	0	12724
11687	107	12343	36	243	0	12729
11688	58	287	44	12489	0	12878
11689	57	138	34	12705	0	12934
11690	47	98	12349	336	0	12830
11691	67	71	11700	203	0	12041
11692	36	80	280	11865	0	12261
11693	42	54	12045	303	0	12444
11694	27	57	266	12024	0	12374
11695	45	38	143	11811	0	12037
11696	30	42	102	12356	0	12530
11697	12030	24	84	406	0	12544
11698	213	39	82	12218	0	12552
11699	114	34	12151	369	0	12668
11700	12132	34	245	212	0	12623
11701	226	34	118	12497	0	12875
11702	128	32	88	12637	0	12885
11703	12370	24	56	415	0	12865
11704	251	12526	54	243	0	13074
11705	116	213	68	12764	0	13161
11706	99	103	69	12687	0	12958
11707	12421	72	40	414	0	12947
11708	247	43	12359	269	0	12918
11709	132	47	212	12465	0	12856
11710	114	51	122	12629	0	12916
11711	73	59	70	12500	0	12702
11712	63	12313	59	437	0	12872
11713	65	218	57	12567	0	12907
11714	12334	110	57	377	0	12878
11715	222	12329	68	242	0	12861
11716	12163	231	37	223	0	12654
11717	263	12440	46	163	0	12912
11718	12475	282	31	179	0	12967
11719	296	163	12305	132	0	12896
11720	176	107	12139	151	0	12573
11721	12272	81	281	119	0	12753
11722	279	91	12549	113	0	13032
11723	191	73	271	12470	0	13005
11724	168	81	188	11309	0	11746
11725	108	48	115	12879	0	13150
11726	12579	60	99	404	0	13142
11727	281	41	12432	234	0	12988
11728	12367	54	256	173	0	12850
11729	302	49	165	12792	0	13308
11730	12734	47	100	359	0	13240
11731	338	50	57	13000	0	13445
11732	13398	60	56	393	0	13907
11733	379	40	53	14303	0	14775
11734	186	57	14744	400	0	15387
11735	14916	41	308	232	0	15497
11736	15517	38	161	189	0	15905
11737	484	33	116	15211	0	15844
11738	258	38	84	15028	0	15408
11739	179	15073	80	480	0	15812
11740	14606	285	82	289	0	15262
11741	380	14863	74	198	0	15515
11742	14561	325	63	175	0	15124
11743	435	138	14575	151	0	15299
11744	220	99	14540	141	0	15000
11745	173	63	14301	122	0	14659
11746	14175	74	474	127	0	14850
11747	414	14414	214	112	0	15154
11748	209	321	134	14282	0	14946
11749	14168	145	104	365	0	14782
11750	368	14427	91	198	0	15084
11751	220	639	87	13735	0	14681
11752	149	14025	81	350	0	14605
11753	129	13618	62	204	0	14013
11754	116	13762	64	141	0	14083
11755	12470	419	132	160	0	13181
11756	278	12510	55	102	0	12945
11757	116	11327	50	65	0	11558
11758	68	11335	36	49	0	11488
11759	11122	240	83	48	0	11493
11760	11191	88	46	51	0	11376
11761	245	53	10891	48	0	11237
11762	10686	32	178	45	0	10941
11763	11020	44	80	42	0	11186
11764	251	41	35	10860	0	11187
11765	11042	43	26	183	0	11294
11766	221	35	10840	77	0	11173
11767	89	11371	172	54	0	11686
11768	11503	208	74	36	0	11821
11769	216	113	34	11885	0	12248
11770	11906	51	24	223	0	12204
11771	245	45	11461	85	0	11836
11772	11599	42	192	45	0	11878
11773	272	34	64	11727	0	12097
11774	108	43	11634	210	0	11995
11775	70	11161	192	102	0	11525
11776	60	11709	81	39	0	11889
11777	58	293	59	11345	0	11755
11778	65	108	42	11217	0	11432
11779	41	11398	30	217	0	11686
11780	11431	211	13	76	0	11731
11781	11427	76	20	49	0	11572
11782	11359	34	36	41	0	11470
11783	296	11405	21	29	0	11751
11784	123	208	24	10985	0	11340
11785	73	11488	23	183	0	11767
11786	11433	226	15	77	0	11751
11787	11427	100	15	57	0	11599
11788	268	11220	12	44	0	11544
11789	11313	218	16	42	0	11589
11790	262	91	10	11234	0	11597
11791	108	60	14	11354	0	11536
11792	11364	39	22	273	0	11698
11793	11070	41	23	104	0	11238
11794	11242	38	30	52	0	11362
11795	311	34	21	11009	0	11375
11796	138	46	18	11245	0	11447
11797	86	44	10998	288	0	11416
11798	81	42	203	10875	0	11201
11799	70	48	73	10875	0	11066
11800	77	49	10527	276	0	10929
11801	71	49	10226	120	0	10466
11802	70	30	10617	71	0	10788
11803	50	51	278	10447	0	10826
11804	71	33	10421	249	0	10774
11805	72	49	239	10321	0	10681
11806	68	49	75	10595	0	10787
11807	75	52	10373	293	0	10793
11808	55	52	10519	127	0	10753
11809	65	52	258	10349	0	10724
11810	56	43	10813	255	0	11167
11811	80	43	10712	107	0	10942
11812	50	10647	286	76	0	11059
11813	10882	230	109	69	0	11290
11814	11043	106	64	55	0	11268
11815	11033	62	59	60	0	11214
11816	308	10720	42	71	0	11141
11817	131	10864	46	74	0	11115
11818	95	265	46	10796	0	11202
11819	91	101	50	10839	0	11081
11820	84	59	10577	298	0	11018
11821	87	33	247	10608	0	10975
11822	10648	44	99	283	0	11074
11823	266	39	57	10213	0	10575
11824	121	10543	57	247	0	10968
11825	10773	239	52	103	0	11167
11826	10958	88	46	78	0	11170
11827	11045	65	35	78	0	11223
11828	332	55	10720	65	0	11172
11829	143	131	186	10782	0	11242
11830	11365	44	104	278	0	11791
11831	316	32	11574	117	0	12039
11832	139	10931	270	83	0	11423
11833	88	10464	89	76	0	10717
11834	9514	271	100	47	0	9932
11835	221	9529	47	47	0	9844
11836	95	227	34	9173	0	9529
11837	51	74	9403	224	0	9752
11838	63	63	210	9316	0	9652
11839	9342	31	79	235	0	9687
11840	203	9302	38	88	0	9631
11841	9280	198	38	36	0	9552
11842	229	54	9195	57	0	9535
11843	86	67	193	8829	0	9175
11844	48	9238	73	200	0	9559
11845	42	226	39	9369	0	9676
11846	9340	57	49	237	0	9683
11847	9489	24	43	83	0	9639
11848	9478	29	37	57	0	9601
11849	9564	24	30	48	0	9666
11850	264	19	34	9101	0	9418
11851	102	13	9277	215	0	9607
11852	68	30	197	8981	0	9276
11853	49	9256	67	199	0	9571
11854	9387	186	45	82	0	9700
11855	206	67	9304	50	0	9627
11856	9051	31	200	53	0	9335
11857	221	32	73	9224	0	9550
11858	95	16	9591	230	0	9932
11859	52	18	218	9568	0	9856
11860	9732	15	83	254	0	10084
11861	9849	28	37	88	0	10002
11862	9908	16	42	56	0	10022
11863	267	32	9739	41	0	10079
11864	120	66	189	9682	0	10057
11865	69	22	9917	199	0	10207
11866	63	9794	205	79	0	10141
11867	9324	178	103	62	0	9667
11868	175	9162	51	56	0	9444
11869	8715	135	32	35	0	8917
11870	173	38	20	8509	0	8740
11871	62	8669	20	137	0	8888
11872	8831	141	23	45	0	9040
11873	164	35	8846	28	0	9073
11874	54	31	135	8696	0	8916
11875	8814	24	42	144	0	9024
11876	156	25	8799	42	0	9022
11877	69	32	123	8544	0	8768
11878	47	8464	46	133	0	8690
11879	51	139	28	8857	0	9075
11880	31	47	29	8902	0	9009
11881	8781	33	15	163	0	8992
11882	148	8722	16	57	0	8943
11883	63	143	17	8484	0	8707
11884	33	8633	18	142	0	8826
11885	44	141	25	8634	0	8844
11886	37	8850	35	138	0	9060
11887	8835	141	16	68	0	9060
11888	169	53	8989	30	0	9241
11889	66	42	134	8924	0	9166
11890	54	11	50	9004	0	9119
11891	38	31	32	9055	0	9156
11892	46	28	17	8954	0	9045
11893	44	29	8860	184	0	9117
11894	40	9061	136	82	0	9319
11895	9180	143	31	51	0	9405
11896	9317	40	35	37	0	9429
11897	171	9212	22	60	0	9465
11898	9326	144	27	35	0	9532
11899	9382	50	23	45	0	9500
11900	182	9538	22	38	0	9780
11901	79	154	14	9437	0	9684
11902	55	9632	22	139	0	9848
11903	9590	148	26	46	0	9810
11904	171	46	9440	42	0	9699
11905	8938	29	142	57	0	9166
11906	156	23	9632	61	0	9872
11907	73	26	146	9573	0	9818
11908	9652	17	45	165	0	9879
11909	185	25	9525	57	0	9792
11910	9149	27	141	43	0	9360
11911	9525	19	46	57	0	9647
11912	182	22	40	9509	0	9753
11913	68	9581	22	157	0	9828
11914	9750	148	22	59	0	9979
11915	165	67	18	9705	0	9955
11916	83	9538	19	157	0	9797
11917	9689	153	23	60	0	9925
11918	171	49	19	9795	0	10034
11919	69	10057	30	143	0	10299
11920	56	159	28	10356	0	10599
11921	10445	38	29	172	0	10684
11922	10420	32	20	71	0	10543
11923	10486	27	24	51	0	10588
11924	190	14	30	10238	0	10472
11925	67	38	26	10289	0	10420
11926	66	28	10247	178	0	10519
11927	57	60	139	10201	0	10457
11928	56	25	10542	182	0	10805
11929	38	34	9910	63	0	10045
11930	20	11	9660	25	0	9716
11931	17	10131	83	21	0	10252
11932	28	91	65	9968	0	10152
11933	18	10844	17	60	0	10939
11934	11238	114	10	40	0	11402
11935	11388	23	8	23	0	11442
11936	146	17	11	11783	0	11957
11937	41	10	12118	147	0	12316
11938	24	6	162	12062	0	12254
11939	17	12	12733	179	0	12941
11940	18	12	167	12589	0	12786
11941	11	12628	42	178	0	12859
11942	16	13159	25	47	0	13247
11943	12988	202	13	30	0	13233
11944	187	48	12997	24	0	13256
11945	53	23	175	12881	0	13132
11946	31	17	37	13231	0	13316
11947	13275	20	28	234	0	13557
11948	178	13344	14	68	0	13604
11949	13405	176	22	42	0	13645
11950	194	13607	21	35	0	13857
11951	13474	185	18	40	0	13717
11952	13764	46	21	40	0	13871
11953	219	29	12	13732	0	13992
11954	69	23	13692	190	0	13974
11955	13329	31	189	65	0	13614
11956	200	13798	55	47	0	14100
11957	14053	186	27	38	0	14304
11958	212	52	24	13532	0	13820
11959	72	36	21	13559	0	13688
11960	53	13485	15	218	0	13771
11961	35	201	15	13363	0	13614
11962	44	13604	17	203	0	13868
11963	46	208	10	13498	0	13762
11964	38	56	16	13424	0	13534
11965	13064	37	18	242	0	13361
11966	204	27	13146	82	0	13459
11967	56	12978	181	56	0	13271
11968	54	187	42	13215	0	13498
11969	13273	53	33	214	0	13573
11970	13492	37	15	74	0	13618
11971	13376	33	20	55	0	13484
11972	260	33	13232	46	0	13571
11973	13276	36	189	52	0	13553
11974	241	27	51	13563	0	13882
11975	13462	28	26	233	0	13749
11976	237	13262	32	87	0	13618
11977	95	206	28	13408	0	13737
11978	13303	68	16	241	0	13628
11979	228	13563	17	92	0	13900
11980	88	217	23	13790	0	14118
11981	60	67	13604	243	0	13974
11982	13869	38	205	108	0	14220
11983	14657	28	58	70	0	14813
11984	335	50	14515	50	0	14950
11985	114	14182	245	65	0	14606
11986	88	14650	80	46	0	14864
11987	90	297	48	14607	0	15042
11988	92	94	50	14049	0	14285
11989	57	57	36	14675	0	14825
11990	63	66	14637	335	0	15101
11991	14502	55	258	160	0	14975
11992	15417	45	78	107	0	15647
11993	15674	50	45	91	0	15860
11994	15671	40	48	85	0	15844
11995	15860	36	49	66	0	16011
11996	16073	39	38	77	0	16227
11997	432	53	41	16479	0	17005
11998	179	37	16351	377	0	16944
11999	121	60	16793	137	0	17111
12000	120	59	386	16751	0	17316
12001	116	56	119	16850	0	17141
12002	91	43	70	17177	0	17381
12003	91	17059	76	460	0	17686
12004	17327	378	49	201	0	17955
12005	418	17811	46	141	0	18416
12006	183	406	46	17650	0	18285
12007	17471	145	38	459	0	18113
12008	465	17526	42	180	0	18213
12009	202	412	56	17619	0	18289
12010	154	147	39	18021	0	18361
12011	125	92	35	18009	0	18261
12012	107	17489	62	568	0	18226
12013	117	408	50	17816	0	18391
12014	103	156	17618	557	0	18434
12015	103	88	404	18004	0	18599
12016	104	95	116	18332	0	18647
12017	92	88	63	19180	0	19423
12018	122	86	60	19675	0	19943
12019	98	92	19147	771	0	20108
12020	93	19212	495	373	0	20173
12021	131	517	170	19611	0	20429
12022	102	207	83	20412	0	20804
12023	90	129	79	20358	0	20656
12024	98	19350	93	871	0	20412
12025	73	20545	69	466	0	21153
12026	20123	699	61	317	0	21200
12027	603	280	55	20069	0	21007
12028	207	158	19748	743	0	20856
12029	140	19842	514	354	0	20850
12030	19216	613	195	294	0	20318
12031	619	232	18920	242	0	20013
12032	249	151	18856	229	0	19485
12033	164	135	18866	185	0	19350
12034	162	304	719	18016	0	19201
12035	129	106	18198	610	0	19043
12036	92	17435	610	326	0	18463
12037	79	465	295	17080	0	17919
12038	54	202	17228	584	0	18068
12039	68	179	583	16723	0	17553
12040	16493	136	263	656	0	17548
12041	475	104	16485	397	0	17461
12042	16093	97	573	297	0	17060
12043	519	16752	229	266	0	17766
12044	16776	520	175	213	0	17684
12045	607	220	160	16749	0	17736
12046	16792	142	162	602	0	17698
12047	16985	135	159	299	0	17578
12048	16617	137	150	239	0	17143
12049	719	16656	143	192	0	17710
12050	16753	522	167	189	0	17631
12051	17019	188	182	170	0	17559
12052	739	144	16496	167	0	17546
12053	371	16408	553	192	0	17524
12054	287	544	271	16406	0	17508
12055	233	239	192	16845	0	17509
12056	215	179	192	16979	0	17565
12057	189	153	16338	740	0	17420
12058	191	120	556	16538	0	17405
12059	169	114	16576	739	0	17598
12060	16606	104	613	412	0	17735
12061	17271	113	301	300	0	17985
12062	737	126	17226	285	0	18374
12063	17325	131	571	281	0	18308
12064	17906	122	260	263	0	18551
12065	18241	97	187	246	0	18771
12066	871	98	201	17521	0	18691
12067	507	126	17728	597	0	18958
12068	389	17846	540	374	0	19149
12069	363	536	264	17985	0	19148
12070	339	241	18184	611	0	19375
12071	281	186	17565	342	0	18374
12072	17210	176	681	298	0	18365
12073	552	18031	337	310	0	19230
12074	18221	519	238	308	0	19286
12075	18461	221	220	319	0	19221
12076	694	18218	236	289	0	19437
12077	18394	528	245	245	0	19412
12078	688	248	18512	223	0	19671
12079	446	171	18208	212	0	19037
12080	377	134	18245	212	0	18968
12081	341	17768	704	166	0	18979
12082	17474	469	425	147	0	18515
12083	17639	201	260	176	0	18276
12084	711	16825	252	157	0	17945
12085	383	17541	237	182	0	18343
12086	319	553	212	17315	0	18399
12087	245	311	216	17615	0	18387
12088	17473	208	176	596	0	18453
12089	550	17498	198	305	0	18551
12090	17434	485	208	234	0	18361
12091	17249	254	173	191	0	17867
12092	680	209	16787	168	0	17844
12093	436	16641	436	147	0	17660
12094	400	528	253	16548	0	17729
12095	16559	273	182	401	0	17415
12096	633	208	159	16262	0	17262
12097	15787	116	201	398	0	16502
12098	518	136	15327	198	0	16179
12099	318	14817	456	151	0	15742
12100	278	15406	219	139	0	16042
12101	308	533	199	14518	0	15558
12102	283	15328	138	296	0	16045
12103	15354	432	138	195	0	16119
12104	403	255	15008	157	0	15823
12105	14443	180	335	170	0	15128
12106	399	169	15336	187	0	16091
12107	282	133	312	15237	0	15964
12108	242	141	187	15358	0	15928
12109	252	145	140	15586	0	16123
12110	15604	121	114	376	0	16215
12111	437	90	15775	200	0	16502
12112	260	109	318	15890	0	16577
12113	234	125	179	15951	0	16489
12114	221	15563	115	402	0	16301
12115	205	15593	106	262	0	16166
12116	216	15862	108	202	0	16388
12117	200	367	91	15143	0	15801
12118	148	174	88	14464	0	14874
12119	60	13846	41	159	0	14106
12120	58	13974	51	65	0	14148
12121	13872	125	84	79	0	14160
12122	95	79	28	13769	0	13971
12123	41	13528	17	59	0	13645
12124	13805	41	28	32	0	13906
12125	63	28	25	13899	0	14015
12126	14979	13	19	71	0	15082
12127	109	15	14	15495	0	15633
12128	48	10	15910	122	0	16090
12129	35	15953	100	55	0	16143
12130	15841	107	28	52	0	16028
12131	133	37	16185	11	0	16366
12132	37	16201	100	27	0	16365
12133	31	108	25	16324	0	16488
12134	10	31	16	16521	0	16578
12135	10	17	15	15986	0	16028
12136	28	8	16	15730	0	15782
12137	12	9	16318	128	0	16467
12138	11	16085	89	45	0	16230
12139	11	97	24	16313	0	16445
12140	16094	27	13	105	0	16239
12141	76	16192	8	42	0	16318
12142	31	85	3	17058	0	17177
12143	22	30	16845	136	0	17033
12144	9	16905	144	53	0	17111
12145	41	151	48	16086	0	16326
12146	11	17600	30	94	0	17735
12147	17844	183	10	34	0	18071
12148	17960	58	1	36	0	18055
12149	233	27	17575	29	0	17864
12150	17422	11	162	44	0	17639
12151	18097	10	44	22	0	18173
12152	248	9	17591	19	0	17867
12153	92	17657	183	20	0	17952
12154	67	168	58	17628	0	17921
12155	26	56	37	18394	0	18513
12156	18255	37	18	250	0	18560
12157	210	15	6	18269	0	18500
12158	75	13	18185	228	0	18501
12159	17270	12	194	87	0	17563
12160	218	19	17604	43	0	17884
12161	67	17630	208	44	0	17949
12162	17077	192	62	32	0	17363
12163	226	71	17158	24	0	17479
12164	90	39	16558	30	0	16717
12165	53	16934	222	32	0	17241
12166	42	193	86	17167	0	17488
12167	25	72	16746	207	0	17050
12168	51	58	235	14827	0	15171
12169	38	19	64	16521	0	16642
12170	28	17	16168	262	0	16475
12171	22	16071	216	107	0	16416
12172	25	204	72	16309	0	16610
12173	16032	64	52	224	0	16372
12174	16010	39	38	85	0	16172
12175	269	26	25	16013	0	16333
12176	99	21	15912	227	0	16259
12177	54	21	16247	84	0	16406
12178	30	23	276	16211	0	16540
12179	27	25	16152	245	0	16449
12180	15841	14	257	93	0	16205
12181	268	15	83	16426	0	16792
12182	84	16	53	16724	0	16877
12183	55	16540	44	297	0	16936
12184	39	234	30	16895	0	17198
12185	23	68	16448	291	0	16830
12186	15640	49	258	113	0	16060
12187	16446	22	90	76	0	16634
12188	314	20	16513	56	0	16903
12189	127	21	266	17155	0	17569
12190	81	17	78	17870	0	18046
12191	31	28	17857	423	0	18339
12192	41	21	339	18167	0	18568
12193	68	19	126	18210	0	18423
12194	39	19053	79	493	0	19664
12195	48	412	46	20095	0	20601
12196	39	106	29	20620	0	20794
12197	20728	55	45	645	0	21473
12198	21837	34	45	224	0	22140
12199	22492	20	43	161	0	22716
12200	22348	37	38	85	0	22508
12201	22230	34	38	77	0	22379
12202	779	24	21157	101	0	22061
12203	298	22	537	21124	0	21981
12204	186	32	158	21722	0	22098
12205	128	19	21208	715	0	22070
12206	20323	33	557	273	0	21186
12207	21218	21	173	187	0	21599
12208	733	40	19824	130	0	20727
12209	20815	25	505	121	0	21466
12210	21470	16	167	124	0	21777
12211	784	29	20588	95	0	21496
12212	349	35	586	19850	0	20820
12213	225	20514	203	553	0	21495
12214	176	536	130	21631	0	22473
12215	146	150	94	21997	0	22387
12216	141	95	72	21864	0	22172
12217	119	56	21253	843	0	22271
12218	20804	27	605	327	0	21763
12219	21677	36	211	201	0	22125
12220	778	33	146	21180	0	22137
12221	319	41	20790	683	0	21833
12222	224	39	611	20740	0	21614
12223	145	31	20944	733	0	21853
12224	145	20	20974	291	0	21430
12225	116	20717	754	194	0	21781
12226	180	534	267	19869	0	20850
12227	19516	137	184	627	0	20464
12228	19123	81	97	250	0	19551
12229	19360	43	102	205	0	19710
12230	803	41	101	18686	0	19631
12231	323	19034	91	618	0	20066
12232	208	559	79	19447	0	20293
12233	154	162	19771	739	0	20826
12234	20919	92	658	305	0	21974
12235	22742	50	208	216	0	23216
12236	941	37	158	22396	0	23532
12237	390	49	92	22981	0	23512
12238	249	48	97	23232	0	23626
12239	199	40	22154	1075	0	23468
12240	20913	38	743	479	0	22173
12241	852	21550	263	287	0	22952
12242	307	21610	157	195	0	22269
12243	229	739	21248	163	0	22379
12244	190	324	714	20764	0	21992
12245	139	135	21031	788	0	22093
12246	20182	97	778	293	0	21350
12247	780	84	259	20333	0	21456
12248	295	54	20185	738	0	21272
12249	233	20417	674	301	0	21625
12250	20648	616	239	247	0	21750
12251	756	158	20855	197	0	21966
12252	296	20070	709	181	0	21256
12253	237	21223	257	157	0	21874
12254	21071	771	183	164	0	22189
12255	787	272	143	20982	0	22184
12256	282	175	21489	787	0	22733
12257	216	21530	752	311	0	22809
12258	21725	702	266	225	0	22918
12259	22216	220	196	188	0	22820
12260	912	21557	159	160	0	22788
12261	348	742	21799	170	0	23059
12262	279	239	746	21993	0	23257
12263	21878	168	299	805	0	23150
12264	22391	126	226	293	0	23036
12265	987	114	21697	228	0	23026
12266	448	119	757	21531	0	22855
12267	314	117	265	22346	0	23042
12268	269	91	21916	932	0	23208
12269	212	120	21897	387	0	22616
12270	21762	93	908	289	0	23052
12271	22548	92	367	226	0	23233
12272	22812	111	241	201	0	23365
12273	22963	93	228	201	0	23485
12274	1096	89	21742	211	0	23138
12275	22118	85	769	194	0	23166
12276	1067	67	295	21783	0	23212
12277	469	86	21721	832	0	23108
12278	353	109	21921	388	0	22771
12279	264	21580	908	347	0	23099
12280	235	684	390	21384	0	22693
12281	220	241	21572	773	0	22806
12282	20929	199	813	320	0	22261
12283	875	174	333	19213	0	20595
12284	357	21146	271	622	0	22396
12285	21387	698	246	320	0	22651
12286	21809	213	250	274	0	22546
12287	994	163	21175	210	0	22542
12288	491	20775	765	208	0	22239
12289	365	621	307	20249	0	21542
12290	20098	247	258	689	0	21292
12291	822	281	201	19721	0	21025
12292	365	138	19034	730	0	20267
12293	17420	125	606	284	0	18435
12294	640	17777	256	233	0	18906
12295	261	16635	183	187	0	17266
12296	248	17613	165	176	0	18202
12297	16598	647	409	232	0	17886
12298	16233	213	197	115	0	16758
12299	16298	166	130	77	0	16671
12300	640	119	72	15827	0	16658
12301	304	90	15874	433	0	16701
12302	211	117	451	16001	0	16780
12303	16062	85	190	510	0	16847
12304	524	76	151	16210	0	16961
12305	16438	67	122	522	0	17149
12306	16662	71	125	191	0	17049
12307	16253	77	150	181	0	16661
12308	548	16065	136	165	0	16914
12309	16136	410	131	159	0	16836
12310	567	142	15836	98	0	16643
12311	307	106	15864	70	0	16347
12312	278	15494	484	86	0	16342
12313	324	395	244	14657	0	15620
12314	14767	124	133	381	0	15405
12315	531	101	14535	115	0	15282
12316	14463	67	402	150	0	15082
12317	519	58	187	14346	0	15110
12318	220	14672	162	381	0	15435
12319	163	356	168	15091	0	15778
12320	151	125	15088	438	0	15802
12321	14608	125	402	186	0	15321
12322	461	95	15298	170	0	16024
12323	242	51	14885	105	0	15283
12324	14469	69	413	116	0	15067
12325	445	14578	179	111	0	15313
12326	15031	364	145	69	0	15609
12327	15329	118	122	83	0	15652
12328	572	90	14778	76	0	15516
12329	14542	74	412	99	0	15127
12330	472	72	14582	98	0	15224
12331	203	60	14045	130	0	14438
12332	224	54	14093	116	0	14487
12333	150	13345	369	124	0	13988
12334	11583	349	479	117	0	12528
12335	11276	70	89	46	0	11481
12336	11205	30	35	39	0	11309
12337	11238	18	37	28	0	11321
12338	211	19	11120	29	0	11379
12339	110	20	155	11021	0	11306
12340	70	12	58	11157	0	11297
12341	11174	27	36	184	0	11421
12342	178	11098	35	70	0	11381
12343	77	129	50	10995	0	11251
12344	10965	37	43	160	0	11205
12345	180	37	10952	49	0	11218
12346	67	40	148	10742	0	10997
12347	69	27	10920	149	0	11165
12348	59	10753	150	55	0	11017
12349	83	176	91	10210	0	10560
12350	10040	55	45	148	0	10288
12351	135	28	43	9987	0	10193
12352	59	25	9986	139	0	10209
12353	40	9954	120	54	0	10168
12354	9776	112	33	41	0	9962
12355	129	28	9696	33	0	9886
12356	9097	25	112	21	0	9255
12357	109	9336	44	26	0	9515
12358	9360	96	47	14	0	9517
12359	9445	26	18	27	0	9516
12360	141	20	11	9387	0	9559
12361	52	13	9378	100	0	9543
12362	38	9402	100	46	0	9586
12363	28	104	33	9712	0	9877
12364	33	25	28	9806	0	9892
12365	22	22	21	10272	0	10337
12366	22	14	24	10692	0	10752
12367	22	11607	20	222	0	11871
12368	12229	185	14	79	0	12507
12369	245	12354	23	36	0	12658
12370	89	253	12	13062	0	13416
12371	13345	75	16	281	0	13717
12372	307	43	18	13458	0	13826
12373	125	26	13357	325	0	13833
12374	64	13368	277	126	0	13835
12375	39	285	93	13484	0	13901
12376	37	103	42	13812	0	13994
12377	13161	64	23	385	0	13633
12378	308	35	13038	158	0	13539
12379	12910	34	272	97	0	13313
12380	13140	33	95	72	0	13340
12381	13194	30	57	50	0	13331
12382	420	43	12858	62	0	13383
12383	188	37	291	12677	0	13193
12384	98	45	108	12915	0	13166
12385	70	39	12829	410	0	13348
12386	67	39	12922	191	0	13219
12387	12943	51	375	122	0	13491
12388	355	34	164	13198	0	13751
12389	13402	29	86	371	0	13888
12390	13828	28	56	179	0	14091
12391	447	34	61	13679	0	14221
12392	206	30	14427	371	0	15034
12393	14340	26	363	200	0	14929
12394	441	27	132	15044	0	15644
12395	208	27	14903	418	0	15556
12396	136	14672	398	188	0	15394
12397	14637	363	163	119	0	15282
12398	443	14752	96	97	0	15388
12399	251	405	78	13645	0	14379
12400	155	14842	75	380	0	15452
12401	14490	417	69	216	0	15192
12402	14814	161	82	153	0	15210
12403	539	14602	78	143	0	15362
12404	14704	379	91	130	0	15304
12405	14673	158	96	133	0	15060
12406	569	14258	79	142	0	15048
12407	14442	400	62	142	0	15046
12408	535	160	87	14189	0	14971
12409	275	93	86	14543	0	14997
12410	14259	76	80	541	0	14956
12411	548	57	73	13580	0	14258
12412	294	13873	79	442	0	14688
12413	13872	412	96	198	0	14578
12414	13994	172	81	158	0	14405
12415	556	13935	77	131	0	14699
12416	14051	430	77	120	0	14678
12417	14257	179	90	115	0	14641
12418	633	115	75	13672	0	14495
12419	338	93	13474	443	0	14348
12420	273	13387	374	223	0	14257
12421	13615	404	154	168	0	14341
12422	13752	180	86	144	0	14162
12423	674	105	13165	142	0	14086
12424	13371	91	390	144	0	13996
12425	561	102	12917	153	0	13733
12426	13092	105	424	143	0	13764
12427	582	113	182	12954	0	13831
12428	327	117	12787	468	0	13699
12429	220	140	12947	233	0	13540
12430	233	202	483	12600	0	13518
12431	227	140	178	12757	0	13302
12432	228	118	12191	534	0	13071
12433	226	144	406	12263	0	13039
12434	252	131	12234	463	0	13080
12435	259	115	435	12179	0	12988
12436	275	105	190	12173	0	12743
12437	262	11565	140	514	0	12481
12438	253	11724	119	246	0	12342
12439	244	12220	111	214	0	12789
12440	251	500	93	12047	0	12891
12441	219	223	121	12353	0	12916
12442	209	120	11848	604	0	12781
12443	11708	105	421	345	0	12579
12444	12231	109	207	234	0	12781
12445	642	11833	145	192	0	12812
12446	12101	411	120	182	0	12814
12447	569	210	120	11869	0	12768
12448	12120	120	131	477	0	12848
12449	12361	109	113	290	0	12873
12450	642	112	121	11999	0	12874
12451	11747	122	127	503	0	12499
12452	528	11384	137	251	0	12300
12453	317	11778	98	206	0	12399
12454	254	501	132	11178	0	12065
12455	224	11805	129	398	0	12556
12456	262	451	114	11458	0	12285
12457	279	215	96	11766	0	12356
12458	11398	131	114	548	0	12191
12459	511	11216	119	299	0	12145
12460	11127	378	132	204	0	11841
12461	10983	191	112	194	0	11480
12462	558	10969	103	193	0	11823
12463	10961	379	106	181	0	11627
12464	529	180	10593	206	0	11508
12465	251	10225	337	190	0	11003
12466	9840	305	166	186	0	10497
12467	371	132	8892	121	0	9516
12468	148	7976	203	116	0	8443
12469	125	8094	162	86	0	8467
12470	7186	197	169	81	0	7633
12471	7058	82	52	52	0	7244
12472	7034	59	38	45	0	7176
12473	212	6914	29	54	0	7209
12474	114	161	46	6971	0	7292
12475	6955	81	35	176	0	7247
12476	7071	40	42	99	0	7252
12477	236	41	40	6928	0	7245
12478	122	33	6953	164	0	7272
12479	79	54	6963	86	0	7182
12480	71	39	187	7002	0	7299
12481	79	26	81	7104	0	7290
12482	62	38	7035	216	0	7351
12483	67	33	157	6872	0	7129
12484	54	6988	83	180	0	7305
12485	6895	137	48	89	0	7169
12486	183	92	31	6777	0	7083
12487	6558	37	37	156	0	6788
12488	152	6501	32	92	0	6777
12489	80	6622	29	61	0	6792
12490	6395	135	28	74	0	6632
12491	135	53	6221	54	0	6463
12492	5131	91	110	41	0	5373
12493	84	5122	58	31	0	5295
12494	37	42	27	4623	0	4729
12495	4603	19	6	38	0	4666
12496	37	12	8	4557	0	4614
12497	4676	8	5	39	0	4728
12498	4570	5	4	31	0	4610
12499	48	4738	5	19	0	4810
12500	4581	24	2	10	0	4617
12501	33	4507	2	6	0	4548
12502	4495	22	15	2	0	4534
12503	44	20	5	4439	0	4508
12504	4511	4	1	32	0	4548
12505	21	3	2	4584	0	4610
12506	4745	2	0	26	0	4773
12507	4855	2	1	21	0	4879
12508	4894	2	4	10	0	4910
12509	4911	4	4	8	0	4927
12510	4981	2	2	7	0	4992
12511	33	3	2	5023	0	5061
12512	4962	1	2	26	0	4991
12513	27	4868	5	23	0	4923
12514	17	20	4910	3	0	4950
12515	8	8	17	4907	0	4940
12516	8	2	5078	23	0	5111
12517	8	6	19	5224	0	5257
12518	5	4	5323	29	0	5361
12519	5222	3	27	21	0	5273
12520	34	1	19	5411	0	5465
12521	19	2	5417	33	0	5471
12522	12	5	5640	18	0	5675
12523	8	23	48	5716	0	5795
12524	6277	2	17	61	0	6357
12525	44	6660	9	17	0	6730
12526	6747	56	12	13	0	6828
12527	6774	24	4	9	0	6811
12528	81	6745	2	9	0	6837
12529	6967	55	0	14	0	7036
12530	79	28	2	6982	0	7091
12531	34	13	1	7010	0	7058
12532	17	7	1	7066	0	7091
12533	7036	4	3	91	0	7134
12534	66	7168	1	36	0	7271
12535	26	68	0	7309	0	7403
12536	17	25	1	7440	0	7483
12537	7398	14	2	95	0	7509
12538	83	10	3	7421	0	7517
12539	35	6	7642	85	0	7768
12540	20	8074	86	38	0	8218
12541	8288	96	31	24	0	8439
12542	118	41	16	8151	0	8326
12543	42	8478	8	103	0	8631
12544	8516	112	10	38	0	8676
12545	124	44	8441	21	0	8630
12546	50	8485	100	17	0	8652
12547	8606	118	40	26	0	8790
12548	119	47	17	8542	0	8725
12549	52	20	11	8614	0	8697
12550	32	14	8563	141	0	8750
12551	22	14	109	8500	0	8645
12552	17	9	9069	139	0	9234
12553	19	7	8666	70	0	8762
12554	12	6	9093	47	0	9158
12555	9040	6	162	30	0	9238
12556	9248	4	67	20	0	9339
12557	9433	5	40	10	0	9488
12558	160	9	23	9234	0	9426
12559	70	9242	15	108	0	9435
12560	44	9438	8	40	0	9530
12561	9593	134	5	40	0	9772
12562	9506	51	8	25	0	9590
12563	128	9518	10	16	0	9672
12564	9448	116	13	8	0	9585
12565	137	49	9243	7	0	9436
12566	57	25	9209	7	0	9298
12567	44	16	137	8833	0	9030
12568	27	16	51	9391	0	9485
12569	25	9	9350	137	0	9521
12570	16	5	124	9121	0	9266
12571	9254	10	48	145	0	9457
12572	112	10	9229	60	0	9411
12573	9082	7	118	33	0	9240
12574	137	9	52	9283	0	9481
12575	63	6	9513	116	0	9698
12576	47	9555	108	51	0	9761
12577	9669	104	55	42	0	9870
12578	118	38	9510	24	0	9690
12579	9397	27	115	29	0	9568
12580	132	23	51	9484	0	9690
12581	9527	16	33	116	0	9692
12582	142	8	9845	44	0	10039
12583	66	10	116	9929	0	10121
12584	10281	7	45	132	0	10465
12585	10484	7	36	61	0	10588
12586	10833	9	21	52	0	10915
12587	10944	12	16	41	0	11013
12588	187	18	20	10523	0	10748
12589	96	15	15	10566	0	10692
12590	72	11	10491	164	0	10738
12591	45	13	127	10448	0	10633
12592	51	12	49	10270	0	10382
12593	33	10717	32	184	0	10966
12594	10928	133	22	87	0	11170
12595	11232	45	28	50	0	11355
12596	194	11695	17	62	0	11968
12597	89	174	17	11764	0	12044
12598	67	60	13	11982	0	12122
12599	11622	30	21	244	0	11917
12600	214	24	11903	92	0	12233
12601	80	14	180	12062	0	12336
12602	53	10	12252	222	0	12537
12603	11982	15	204	102	0	12303
12604	12362	17	73	60	0	12512
12605	12541	18	47	47	0	12653
12606	272	18	32	12213	0	12535
12607	123	17	27	12251	0	12418
12608	12231	16	15	256	0	12518
12609	238	22	12066	97	0	12423
12610	93	9	189	12109	0	12400
12611	12199	7	71	235	0	12512
12612	212	26	41	12218	0	12497
12613	109	15	12603	226	0	12953
12614	74	16	12280	97	0	12467
12615	12212	12	225	84	0	12533
12616	214	12530	84	55	0	12883
12617	12753	164	51	74	0	13042
12618	13001	47	44	55	0	13147
12619	246	31	35	12816	0	13128
12620	121	28	28	12758	0	12935
12621	77	12696	24	227	0	13024
12622	12480	160	26	105	0	12771
12623	201	12507	26	76	0	12810
12624	91	12375	18	58	0	12542
12625	77	170	34	11907	0	12188
12626	11883	66	29	178	0	12156
12627	12092	36	24	70	0	12222
12628	208	32	21	11870	0	12131
12629	98	22	16	11758	0	11894
12630	75	21	19	11771	0	11886
12631	11626	13	12	215	0	11866
12632	194	18	11570	99	0	11881
12633	75	11580	144	91	0	11890
12634	11568	129	50	76	0	11823
12635	178	67	39	11499	0	11783
12636	97	27	11537	166	0	11827
12637	77	28	11414	77	0	11596
12638	56	11437	172	66	0	11731
12639	70	11516	72	65	0	11723
12640	80	170	85	10955	0	11290
12641	60	10135	36	129	0	10360
12642	58	108	22	10855	0	11043
12643	49	37	16	11003	0	11105
12644	11035	25	17	153	0	11230
12645	111	20	20	11010	0	11161
12646	48	23	21	11131	0	11223
12647	53	23	10987	140	0	11203
12648	49	23	101	11115	0	11288
12649	11268	26	41	159	0	11494
12650	11356	20	34	74	0	11484
12651	150	11669	22	70	0	11911
12652	11494	126	25	55	0	11700
12653	174	45	11504	59	0	11782
12654	70	11647	138	53	0	11908
12655	54	144	38	11818	0	12054
12656	46	42	31	12090	0	12209
12657	61	37	28	12151	0	12277
12658	12032	37	36	203	0	12308
12659	11540	37	33	98	0	11708
12660	209	32	11764	70	0	12075
12661	86	30	11671	64	0	11851
12662	67	27	11921	71	0	12086
12663	77	11854	188	57	0	12176
12664	65	12225	56	67	0	12413
12665	12164	176	37	82	0	12459
12666	12318	52	35	77	0	12482
12667	213	34	42	12403	0	12692
12668	80	34	29	12299	0	12442
12669	68	12482	34	208	0	12792
12670	66	168	35	12741	0	13010
12671	57	55	12681	221	0	13014
12672	54	12677	178	84	0	12993
12673	56	174	51	12836	0	13117
12674	49	67	13020	193	0	13329
12675	61	50	171	12399	0	12681
12676	59	12795	40	197	0	13091
12677	13067	194	31	103	0	13395
12678	13115	63	28	76	0	13282
12679	13411	48	37	65	0	13561
12680	227	42	29	13370	0	13668
12681	92	40	25	13700	0	13857
12682	13431	37	24	262	0	13754
12683	242	13459	23	106	0	13830
12684	13572	215	28	78	0	13893
12685	257	59	13954	61	0	14331
12686	13870	39	233	68	0	14210
12687	14367	28	62	66	0	14523
12688	332	36	36	14214	0	14618
12689	14439	29	24	281	0	14773
12690	14846	24	43	103	0	15016
12691	364	39	27	14753	0	15183
12692	127	32	14634	302	0	15095
12693	14066	33	258	122	0	14479
12694	298	23	14760	67	0	15148
12695	106	15084	272	48	0	15510
12696	100	255	122	14867	0	15344
12697	41	58	46	15448	0	15593
12698	16265	24	25	331	0	16645
12699	329	25	16576	93	0	17023
12700	88	39	308	16003	0	16438
12701	43	16327	78	305	0	16753
12702	33	16497	41	95	0	16666
12703	36	364	35	16532	0	16967
12704	45	99	16427	328	0	16899
12705	39	37	313	16398	0	16787
12706	36	27	86	16518	0	16667
12707	39	34	16113	376	0	16562
12708	29	16368	283	112	0	16792
12709	16037	315	72	82	0	16506
12710	300	16555	50	53	0	16958
12711	93	327	34	16542	0	16996
12712	16036	98	26	342	0	16502
12713	297	16090	44	109	0	16540
12714	93	319	16095	51	0	16558
12715	15821	96	301	54	0	16272
12716	323	16455	79	47	0	16904
12717	16345	317	47	59	0	16768
12718	383	91	15923	40	0	16437
12719	15900	51	304	52	0	16307
12720	362	28	91	16037	0	16518
12721	125	35	16106	338	0	16604
12722	69	42	326	15721	0	16158
12723	60	15831	90	331	0	16312
12724	53	323	66	16062	0	16504
12725	54	91	34	16287	0	16466
12726	63	50	15761	419	0	16293
12727	59	47	318	15781	0	16205
12728	68	53	14231	396	0	14748
12729	65	15878	238	135	0	16316
12730	60	339	72	15974	0	16445
12731	63	96	16052	367	0	16578
12732	62	15915	343	130	0	16450
12733	49	16681	96	91	0	16917
12734	57	403	16432	73	0	16965
12735	57	121	16506	65	0	16749
12736	61	69	410	16249	0	16789
12737	16231	39	120	381	0	16771
12738	370	16208	70	141	0	16789
12739	125	364	52	16010	0	16551
12740	16012	103	39	374	0	16528
12741	385	16120	41	150	0	16696
12742	16018	365	46	92	0	16521
12743	405	16377	42	90	0	16914
12744	16340	381	60	90	0	16871
12745	16429	120	48	90	0	16687
12746	16731	81	62	81	0	16955
12747	496	17331	47	90	0	17964
12748	206	443	56	17476	0	18181
12749	130	126	17165	460	0	17881
12750	84	17108	417	196	0	17805
12751	141	450	147	16637	0	17375
12752	104	157	75	16835	0	17171
12753	95	80	16151	507	0	16833
12754	72	15826	379	188	0	16465
12755	15586	390	145	130	0	16251
12756	405	15664	78	98	0	16245
12757	155	427	64	15607	0	16253
12758	111	136	15603	406	0	16256
12759	15141	72	391	181	0	15785
12760	407	76	133	15840	0	16456
12761	143	70	15563	428	0	16204
12762	14800	58	394	179	0	15431
12763	396	15273	146	109	0	15924
12764	15356	404	83	102	0	15945
12765	15629	147	65	102	0	15943
12766	486	77	55	15378	0	15996
12767	175	93	15333	418	0	16019
12768	116	15261	388	161	0	15926
12769	74	406	15259	101	0	15840
12770	58	188	401	14957	0	15604
12771	73	118	142	15571	0	15904
12772	15119	92	87	506	0	15804
12773	390	73	15019	211	0	15693
12774	148	14787	396	122	0	15453
12775	96	404	145	14897	0	15542
12776	89	151	83	15271	0	15594
12777	14666	98	72	481	0	15317
12778	401	14836	45	183	0	15465
12779	156	403	49	14585	0	15193
12780	14061	154	56	418	0	14689
12781	358	14259	65	173	0	14855
12782	13950	390	40	89	0	14469
12783	14013	133	59	72	0	14277
12784	430	13628	55	71	0	14184
12785	12667	306	42	54	0	13069
12786	323	12739	39	67	0	13168
12787	12714	294	61	58	0	13127
12788	12737	106	45	58	0	12946
12789	353	12527	33	67	0	12980
12790	12155	253	34	42	0	12484
12791	12312	84	43	60	0	12499
12792	12308	56	34	62	0	12460
12793	343	44	11979	48	0	12414
12794	124	51	11418	51	0	11644
12795	76	42	11447	41	0	11606
12796	11125	93	374	48	0	11640
12797	233	46	10973	41	0	11293
12798	107	41	10023	33	0	10204
12799	88	74	229	9264	0	9655
12800	9391	33	92	150	0	9666
12801	184	22	9482	75	0	9763
12802	85	26	9928	40	0	10079
12803	64	24	212	9804	0	10104
12804	47	20	94	9945	0	10106
12805	43	16	55	10051	0	10165
12806	37	24	9841	232	0	10134
12807	38	26	169	9861	0	10094
12808	9769	14	90	192	0	10065
12809	186	9810	43	96	0	10135
12810	92	169	35	9772	0	10068
12811	65	81	35	9897	0	10078
12812	45	52	9798	232	0	10127
12813	46	9630	170	109	0	9955
12814	9576	170	83	68	0	9897
12815	179	9715	44	56	0	9994
12816	91	192	29	9701	0	10013
12817	63	84	9663	180	0	9990
12818	65	42	168	10044	0	10319
12819	56	33	85	10243	0	10417
12820	10361	34	56	261	0	10712
12821	228	24	38	10050	0	10340
12822	93	10165	44	234	0	10536
12823	72	10770	41	100	0	10983
12824	58	252	10893	57	0	11260
12825	10967	113	211	51	0	11342
12826	229	53	98	11136	0	11516
12827	123	30	57	11238	0	11448
12828	72	30	54	11376	0	11532
12829	11344	24	37	322	0	11727
12830	215	11494	44	156	0	11909
12831	11421	207	29	93	0	11750
12832	249	86	10938	63	0	11336
12833	117	50	10797	47	0	11011
12834	11038	34	279	62	0	11413
12835	264	34	159	11061	0	11518
12836	121	27	62	11227	0	11437
12837	58	25	56	11357	0	11496
12838	52	26	11141	321	0	11540
12839	11087	24	212	153	0	11476
12840	11333	26	107	85	0	11551
12841	11177	25	57	70	0	11329
12842	319	50	56	10860	0	11285
12843	138	29	10705	230	0	11102
12844	81	25	10509	140	0	10755
12845	71	28	10895	83	0	11077
12846	53	10560	255	81	0	10949
12847	129	175	162	9569	0	10035
12848	9535	63	67	146	0	9811
12849	121	26	9631	87	0	9865
12850	9764	15	139	69	0	9987
12851	164	20	72	9858	0	10114
12852	84	23	40	9816	0	9963
12853	53	9604	40	201	0	9898
12854	51	9748	42	98	0	9939
12855	35	10066	36	66	0	10203
12856	60	176	30	10071	0	10337
12857	9991	75	40	158	0	10264
12858	10003	37	43	104	0	10187
12859	189	25	9800	69	0	10083
12860	9704	19	133	67	0	9923
12861	166	26	9787	68	0	10047
12862	101	29	140	9770	0	10040
12863	57	24	9799	156	0	10036
12864	9691	30	161	91	0	9973
12865	158	32	87	9866	0	10143
12866	93	21	10139	144	0	10397
12867	68	25	9635	111	0	9839
12868	9620	14	193	77	0	9904
12869	9891	24	99	57	0	10071
12870	183	9957	49	53	0	10242
12871	105	120	48	10131	0	10404
12872	62	52	10087	146	0	10347
12873	57	28	9971	92	0	10148
12874	65	48	187	10023	0	10323
12875	10075	33	115	165	0	10388
12876	133	9991	58	99	0	10281
12877	83	121	38	10207	0	10449
12878	10198	71	40	159	0	10468
12879	140	50	44	10246	0	10480
12880	94	10226	39	164	0	10523
12881	76	110	34	10428	0	10648
12882	10377	69	34	162	0	10642
12883	151	40	33	10394	0	10618
12884	10520	29	42	165	0	10756
12885	159	10639	41	105	0	10944
12886	10688	125	51	68	0	10932
12887	169	72	10459	64	0	10764
12888	10297	41	148	69	0	10555
12889	10644	31	95	66	0	10836
12890	202	10608	64	72	0	10946
12891	113	141	53	10519	0	10826
12892	70	72	10508	138	0	10788
12893	75	35	10246	98	0	10454
12894	9872	70	191	80	0	10213
12895	9791	44	99	59	0	9993
12896	148	9890	50	56	0	10144
12897	81	10019	37	49	0	10186
12898	9936	119	36	38	0	10129
12899	127	9870	35	39	0	10071
12900	72	10197	36	37	0	10342
12901	71	117	39	10089	0	10316
12902	40	48	36	9844	0	9968
12903	45	32	9909	153	0	10139
12904	46	16	102	9877	0	10041
12905	9861	24	55	130	0	10070
12906	117	18	9804	81	0	10020
12907	74	19	9724	46	0	9863
12908	68	21	132	9686	0	9907
12909	60	23	62	10027	0	10172
12910	45	28	36	10042	0	10151
12911	38	21	9950	152	0	10161
12912	39	16	115	9667	0	9837
12913	35	20	68	10031	0	10154
12914	9906	19	40	135	0	10100
12915	110	9863	29	67	0	10069
12916	9828	87	31	50	0	9996
12917	116	47	9934	25	0	10122
12918	8962	32	81	32	0	9107
12919	96	9638	44	22	0	9800
12920	9123	52	27	22	0	9224
12921	52	9065	12	25	0	9154
12922	8654	51	43	13	0	8761
12923	40	8413	16	10	0	8479
12924	28	8289	8	21	0	8346
12925	68	70	41	8216	0	8395
12926	8309	18	5	36	0	8368
12927	8299	6	3	22	0	8330
12928	8359	3	4	11	0	8377
12929	46	1	8238	6	0	8291
12930	32	6	8193	5	0	8236
12931	12	9	47	8451	0	8519
12932	8	8509	17	40	0	8574
12933	5	8732	7	22	0	8766
12934	18	55	5	8519	0	8597
12935	8509	25	2	44	0	8580
12936	8529	7	2	22	0	8560
12937	8608	4	3	11	0	8626
12938	65	8	8577	3	0	8653
12939	28	5	40	8670	0	8743
12940	15	4	8804	46	0	8869
12941	8774	3	55	23	0	8855
12942	8956	2	20	12	0	8990
12943	80	5	8978	1	0	9064
12944	32	5	52	8885	0	8974
12945	8926	3	19	70	0	9018
12946	66	3	10	9057	0	9136
12947	31	2	7	9120	0	9160
12948	23	4	10	9238	0	9275
12949	10092	4	3	134	0	10233
12950	119	4	4	10699	0	10826
12951	11154	5	4	198	0	11361
12952	217	12162	4	50	0	12433
12953	71	214	2	12910	0	13197
12954	49	64	8	13098	0	13219
12955	22	43	5	13057	0	13127
12956	12820	19	6	366	0	13211
12957	258	13	4	12867	0	13142
12958	82	2	4	13046	0	13134
12959	12988	9	6	347	0	13350
12960	13219	5	9	153	0	13386
12961	13220	7	7	96	0	13330
12962	393	2	12699	62	0	13156
12963	176	12	12331	38	0	12557
12964	12910	3	291	46	0	13250
12965	309	6	122	12747	0	13184
12966	108	11	71	12615	0	12805
12967	12780	2	34	361	0	13177
12968	12646	17	19	154	0	12836
12969	12650	9	12	112	0	12783
12970	381	12363	14	59	0	12817
12971	12492	234	17	50	0	12793
12972	12376	68	15	43	0	12502
12973	350	12045	11	42	0	12448
12974	163	12224	8	52	0	12447
12975	137	270	7	12356	0	12770
12976	12606	101	18	259	0	12984
12977	12715	63	12	100	0	12890
12978	12745	20	12	93	0	12870
12979	397	19	16	12423	0	12855
12980	12531	16	8	292	0	12847
12981	371	8	12217	128	0	12724
12982	12294	19	236	122	0	12671
12983	372	16	12317	59	0	12764
12984	155	24	12039	61	0	12279
12985	131	24	291	11944	0	12390
12986	12087	18	126	302	0	12533
12987	309	17	76	12133	0	12535
12988	124	19	12126	350	0	12619
12989	134	19	12181	158	0	12492
12990	90	13	302	12229	0	12634
12991	12141	13	131	328	0	12613
12992	309	12292	87	141	0	12829
12993	170	229	54	12615	0	13068
12994	143	78	32	12938	0	13191
12995	116	59	12719	368	0	13262
12996	122	31	12526	183	0	12862
12997	95	29	321	12753	0	13198
12998	12744	18	145	344	0	13251
12999	317	27	12632	179	0	13155
13000	174	18	275	12455	0	12922
13001	173	28	86	12511	0	12798
13002	147	29	72	12645	0	12893
13003	12185	37	57	432	0	12711
13004	357	48	11139	233	0	11777
13005	199	12044	204	169	0	12616
13006	180	272	77	12274	0	12803
13007	142	93	12158	352	0	12745
13008	123	11797	282	180	0	12382
13009	134	12317	114	173	0	12738
13010	12256	308	98	122	0	12784
13011	364	12308	72	114	0	12858
13012	12457	332	58	115	0	12962
13013	428	116	12196	120	0	12860
13014	221	93	303	12420	0	13037
13015	12421	55	127	372	0	12975
13016	367	12462	106	219	0	13154
13017	201	278	12356	189	0	13024
13018	201	110	304	11661	0	12276
13019	199	12428	118	297	0	13042
13020	158	320	112	12764	0	13354
13021	12548	124	93	426	0	13191
13022	379	12909	89	203	0	13580
13023	13055	320	87	181	0	13643
13024	13280	126	75	149	0	13630
13025	483	114	13029	140	0	13766
13026	271	13435	344	129	0	14179
13027	228	357	142	14080	0	14807
13028	205	118	14511	442	0	15276
13029	171	97	15688	181	0	16137
13030	166	145	610	16044	0	16965
13031	16508	56	260	576	0	17400
13032	16891	48	179	225	0	17343
13033	711	59	112	16555	0	17437
13034	297	50	16540	644	0	17531
13035	224	16585	545	248	0	17602
13036	16994	532	171	235	0	17932
13037	17376	158	147	156	0	17837
13038	704	16976	110	141	0	17931
13039	17301	569	90	119	0	18079
13040	730	196	16744	95	0	17765
13041	16787	149	563	88	0	17587
13042	16747	110	199	113	0	17169
13043	727	86	16760	89	0	17662
13044	319	90	587	16596	0	17592
13045	260	54	16544	558	0	17416
13046	190	15807	622	222	0	16841
13047	138	16448	220	195	0	17001
13048	183	730	170	15426	0	16509
13049	105	186	15502	496	0	16289
13050	77	14325	428	164	0	14994
13051	75	14451	122	126	0	14774
13052	12661	483	132	118	0	13394
13053	12778	114	55	40	0	12987
13054	371	58	36	12631	0	13096
13055	115	42	36	12584	0	12777
13056	78	12699	24	336	0	13137
13057	12666	314	25	121	0	13126
13058	12924	84	23	74	0	13105
13059	370	12705	23	59	0	13157
13060	123	313	18	12794	0	13248
13061	88	86	12714	320	0	13208
13062	71	63	299	12747	0	13180
13063	12877	47	75	361	0	13360
13064	347	47	55	12938	0	13387
13065	112	39	38	13300	0	13489
13066	13170	22	39	404	0	13635
13067	352	17	34	12954	0	13357
13068	112	12852	31	392	0	13387
13069	90	295	31	13240	0	13656
13070	77	76	31	13562	0	13746
13071	74	60	21	13333	0	13488
13072	59	13044	26	425	0	13554
13073	51	320	28	13127	0	13526
13074	49	92	12902	411	0	13454
13075	50	69	326	12908	0	13353
13076	50	51	12788	405	0	13294
13077	50	12690	338	139	0	13217
13078	61	344	112	12888	0	13405
13079	63	87	82	13174	0	13406
13080	57	66	60	13227	0	13410
13081	57	51	48	13195	0	13351
13082	49	49	12781	497	0	13376
13083	44	12657	334	210	0	13245
13084	56	330	98	13139	0	13623
13085	56	106	13171	413	0	13746
13086	64	87	366	13283	0	13800
13087	13361	62	119	436	0	13978
13088	373	65	12906	176	0	13520
13089	12896	51	342	133	0	13422
13090	439	57	111	13239	0	13846
13091	163	43	13225	418	0	13849
13092	142	12968	358	175	0	13643
13093	121	362	113	13000	0	13596
13094	102	112	13225	420	0	13859
13095	79	13047	388	166	0	13680
13096	74	377	132	13155	0	13738
13097	13077	138	114	426	0	13755
13098	13498	113	78	181	0	13870
13099	13649	64	58	156	0	13927
13100	501	77	13307	113	0	13998
13101	216	13469	369	99	0	14153
13102	144	389	125	13682	0	14340
13103	116	125	103	14586	0	14930
13104	14581	103	57	522	0	15263
13105	441	14820	67	229	0	15557
13106	15045	441	58	188	0	15732
13107	15150	151	51	146	0	15498
13108	15532	129	48	135	0	15844
13109	590	103	15039	128	0	15860
13110	15211	77	429	130	0	15847
13111	565	71	134	15244	0	16014
13112	213	69	108	15530	0	15920
13113	15161	69	66	576	0	15872
13114	521	53	63	14938	0	15575
13115	189	14789	56	581	0	15615
13116	153	438	42	14810	0	15443
13117	14443	135	48	605	0	15231
13118	491	112	14223	233	0	15059
13119	192	14154	400	224	0	14970
13120	162	405	112	14215	0	14894
13121	14114	136	98	500	0	14848
13122	471	100	13877	225	0	14673
13123	204	318	434	13596	0	14552
13124	216	67	13585	498	0	14366
13125	196	63	13186	231	0	13676
13126	146	45	12922	181	0	13294
13127	110	45	12700	146	0	13001
13128	130	66	12117	123	0	12436
13129	10355	242	457	91	0	11145
13130	193	10432	129	64	0	10818
13131	10102	160	87	49	0	10398
13132	10122	48	48	48	0	10266
13133	212	10051	42	37	0	10342
13134	79	10299	48	33	0	10459
13135	10217	166	60	41	0	10484
13136	10217	58	43	45	0	10363
13137	194	43	34	9926	0	10197
13138	87	10107	38	133	0	10365
13139	10218	132	30	62	0	10442
13140	163	10141	31	41	0	10376
13141	72	157	33	10215	0	10477
13142	10282	63	22	149	0	10516
13143	10338	42	22	72	0	10474
13144	194	33	25	10209	0	10461
13145	92	39	17	10325	0	10473
13146	63	34	10168	189	0	10454
13147	63	31	128	10079	0	10301
13148	55	25	10150	177	0	10407
13149	48	26	151	9838	0	10063
13150	42	25	63	10068	0	10198
13151	9979	24	47	195	0	10245
13152	10044	18	41	87	0	10190
13153	187	15	9909	76	0	10187
13154	9773	15	149	59	0	9996
13155	171	22	65	9904	0	10162
13156	84	29	10078	160	0	10351
13157	73	16	149	10083	0	10321
13158	61	15	51	10734	0	10861
13159	52	25	10709	209	0	10995
13160	57	20	161	10919	0	11157
13161	60	22	11261	218	0	11561
13162	55	25	209	11747	0	12036
13163	12421	14	82	252	0	12769
13164	237	12698	59	121	0	13115
13165	13121	235	43	82	0	13481
13166	268	13415	37	76	0	13796
13167	13293	257	29	60	0	13639
13168	275	13301	40	56	0	13672
13169	13197	260	41	60	0	13558
13170	275	13272	33	50	0	13630
13171	134	280	26	13297	0	13737
13172	98	115	13260	259	0	13732
13173	99	85	13129	107	0	13420
13174	78	75	289	13152	0	13594
13175	13186	61	126	270	0	13643
13176	284	13511	79	124	0	13998
13177	131	281	49	13601	0	14062
13178	110	111	13572	285	0	14078
13179	96	95	13802	117	0	14110
13180	81	97	330	13167	0	13675
13181	48	13697	160	279	0	14184
13182	13602	252	105	139	0	14098
13183	282	113	13886	98	0	14379
13184	118	94	13623	78	0	13913
13185	91	13760	313	79	0	14243
13186	13674	273	194	68	0	14209
13187	13804	110	109	66	0	14089
13188	316	76	85	13653	0	14130
13189	13844	54	67	278	0	14243
13190	13701	49	68	114	0	13932
13191	333	13678	57	85	0	14153
13192	13772	252	67	65	0	14156
13193	340	106	13941	50	0	14437
13194	167	76	262	13662	0	14167
13195	118	74	126	13772	0	14090
13196	13664	50	77	302	0	14093
13197	272	13599	66	148	0	14085
13198	13533	233	61	97	0	13924
13199	302	13596	46	78	0	14022
13200	182	13713	39	56	0	13990
13201	130	302	13371	53	0	13856
13202	123	183	12975	53	0	13334
13203	12327	164	287	64	0	12842
13204	12489	69	135	48	0	12741
13205	276	61	12132	32	0	12501
13206	152	11597	167	43	0	11959
13207	95	12032	86	27	0	12240
13208	11887	227	99	33	0	12246
13209	11908	120	53	36	0	12117
13210	241	87	38	11893	0	12259
13211	12107	60	41	170	0	12378
13212	236	49	53	12036	0	12374
13213	123	42	12049	197	0	12411
13214	92	39	11667	102	0	11900
13215	11974	34	236	76	0	12320
13216	208	42	127	11994	0	12371
13217	112	12480	72	184	0	12848
13218	12699	173	49	86	0	13007
13219	12706	89	58	79	0	12932
13220	250	63	12580	59	0	12952
13221	12663	56	183	56	0	12958
13222	13083	52	96	42	0	13273
13223	287	37	71	12858	0	13253
13224	162	12614	69	187	0	13032
13225	136	12829	59	107	0	13131
13226	116	241	34	13241	0	13632
13227	117	127	45	12910	0	13199
13228	105	113	36	13229	0	13483
13229	127	62	12976	289	0	13454
13230	97	70	12530	166	0	12863
13231	104	54	244	12562	0	12964
13232	96	72	12690	217	0	13075
13233	103	68	12516	122	0	12809
13234	80	76	271	12242	0	12669
13235	97	62	12971	236	0	13366
13236	55	12898	268	136	0	13357
13237	13471	222	144	152	0	13989
13238	233	112	127	13370	0	13842
13239	138	13416	103	231	0	13888
13240	105	239	13734	130	0	14208
13241	94	106	264	13796	0	14260
13242	69	94	14268	269	0	14700
13243	59	81	316	14247	0	14703
13244	80	49	168	14856	0	15153
13245	85	55	15140	355	0	15635
13246	88	53	289	14888	0	15318
13247	84	15004	134	328	0	15550
13248	106	282	113	15596	0	16097
13249	81	124	15561	341	0	16107
13250	89	93	320	15399	0	15901
13251	15345	68	150	353	0	15916
13252	312	15390	100	206	0	16008
13253	160	289	95	15505	0	16049
13254	118	129	15634	351	0	16232
13255	105	15154	303	184	0	15746
13256	94	15483	141	140	0	15858
13257	99	346	15171	118	0	15734
13258	100	189	287	14429	0	15005
13259	78	231	137	14331	0	14777
13260	104	72	14375	331	0	14882
13261	66	13591	258	185	0	14100
13262	70	13699	109	97	0	13975
13263	12585	230	88	59	0	12962
13264	187	12623	41	52	0	12903
13265	12276	187	41	45	0	12549
13266	194	51	24	11903	0	12172
13267	12329	44	33	191	0	12597
13268	176	30	12258	68	0	12532
13269	12205	18	170	55	0	12448
13270	188	39	70	12479	0	12776
13271	68	12645	40	187	0	12940
13272	12807	166	32	85	0	13090
13273	194	145	32	12721	0	13092
13274	64	12890	24	188	0	13166
13275	52	13458	28	70	0	13608
13276	13245	196	27	61	0	13529
13277	13325	79	18	38	0	13460
13278	13416	42	26	35	0	13519
13279	227	36	14	12918	0	13195
13280	82	12572	22	174	0	12850
13281	47	13048	22	67	0	13184
13282	42	201	23	13024	0	13290
13283	12853	68	31	207	0	13159
13284	12314	57	20	102	0	12493
13285	12785	36	22	50	0	12893
13286	230	34	12481	61	0	12806
13287	108	38	12545	35	0	12726
13288	13172	34	189	60	0	13455
13289	207	26	69	13034	0	13336
13290	82	35	43	13196	0	13356
13291	75	32	27	12965	0	13099
13292	50	32	31	13106	0	13219
13293	58	34	12677	260	0	13029
13294	46	34	180	12629	0	12889
13295	41	36	12626	229	0	12932
13296	12018	34	199	118	0	12369
13297	179	12598	80	99	0	12956
13298	85	174	60	12964	0	13283
13299	54	67	42	12858	0	13021
13300	12707	48	43	254	0	13052
13301	12714	44	32	116	0	12906
13302	12776	60	38	77	0	12951
13303	12760	38	37	77	0	12912
13304	261	46	12620	75	0	13002
13305	133	35	12441	62	0	12671
13306	90	38	218	12488	0	12834
13307	12633	35	88	223	0	12979
13308	12570	32	71	109	0	12782
13309	246	47	12409	85	0	12787
13310	108	29	190	12243	0	12570
13311	12316	24	88	232	0	12660
13312	227	47	58	12252	0	12584
13313	102	36	12492	241	0	12871
13314	91	38	206	12422	0	12757
13315	12558	32	83	262	0	12935
13316	215	13190	60	115	0	13580
13317	13194	184	51	107	0	13536
13318	13327	74	36	109	0	13546
13319	13476	53	42	100	0	13671
13320	270	44	44	13320	0	13678
13321	13092	42	35	218	0	13387
13322	233	13379	46	99	0	13757
13323	118	13881	33	75	0	14107
13324	118	297	35	13556	0	14006
13325	13792	103	36	240	0	14171
13326	252	14484	31	101	0	14868
13327	17137	255	15	95	0	17502
13328	18441	99	27	57	0	18624
13329	561	19207	25	46	0	19839
13330	252	465	21	19423	0	20161
13331	178	174	26	20041	0	20419
13332	162	107	19833	598	0	20700
13333	153	90	448	19599	0	20290
13334	141	77	19861	588	0	20667
13335	130	19115	492	266	0	20003
13336	118	512	189	19463	0	20282
13337	18666	173	135	609	0	19583
13338	19268	107	85	324	0	19784
13339	591	113	123	19132	0	19959
13340	250	86	18737	589	0	19662
13341	17826	69	476	298	0	18669
13342	524	18027	188	186	0	18925
13343	239	17840	105	185	0	18369
13344	190	18220	97	160	0	18667
13345	247	573	105	17387	0	18312
13346	146	217	17706	476	0	18545
13347	116	188	427	17522	0	18253
13348	117	134	17657	479	0	18387
13349	85	145	17448	215	0	17893
13350	69	129	17908	149	0	18255
13351	79	128	582	17101	0	17890
13352	62	92	247	18018	0	18419
13353	40	65	215	18232	0	18552
13354	53	61	177	17839	0	18130
13355	17721	42	164	655	0	18582
13356	373	17579	179	327	0	18458
13357	17676	392	135	260	0	18463
13358	419	17976	115	246	0	18756
13359	179	436	81	18203	0	18899
13360	132	166	65	18916	0	19279
13361	18536	126	47	668	0	19377
13362	18954	89	50	313	0	19406
13363	19166	112	43	215	0	19536
13364	19084	85	39	180	0	19388
13365	19007	96	25	159	0	19287
13366	662	18536	23	164	0	19385
13367	18113	406	18	175	0	18712
13368	586	18081	24	122	0	18813
13369	18020	427	27	97	0	18571
13370	629	173	17831	72	0	18705
13371	351	149	348	17477	0	18325
13372	271	18099	127	357	0	18854
13373	212	464	83	18138	0	18897
13374	210	211	18074	428	0	18923
13375	175	172	397	17488	0	18232
13376	17338	126	160	511	0	18135
13377	457	17470	139	252	0	18318
13378	195	17944	112	249	0	18500
13379	157	527	18166	162	0	19012
13380	127	255	403	17884	0	18669
13381	110	18541	216	471	0	19338
13382	108	473	140	18930	0	19651
13383	125	213	18883	526	0	19747
13384	100	18383	440	301	0	19224
13385	109	500	18575	198	0	19382
13386	123	274	18395	191	0	18983
13387	105	179	540	18215	0	19039
13388	18481	182	262	478	0	19403
13389	431	149	177	18746	0	19503
13390	208	127	18937	530	0	19802
13391	153	157	506	19304	0	20120
13392	115	159	20079	552	0	20905
13393	130	117	19805	305	0	20357
13394	19879	131	649	287	0	20946
13395	21190	86	344	258	0	21878
13396	21315	74	253	276	0	21918
13397	599	64	20922	233	0	21818
13398	277	62	21149	219	0	21707
13399	220	57	687	20609	0	21573
13400	209	69	360	21160	0	21798
13401	21164	69	247	638	0	22118
13402	586	70	199	21232	0	22087
13403	288	72	21309	630	0	22299
13404	230	57	20782	363	0	21432
13405	180	21195	644	268	0	22287
13406	180	444	298	21788	0	22710
13407	186	185	21958	605	0	22934
13408	190	123	561	21621	0	22495
13409	21834	93	282	651	0	22860
13410	537	106	22062	355	0	23060
13411	265	85	608	21978	0	22936
13412	222	91	294	22459	0	23066
13413	200	99	21869	727	0	22895
13414	221	78	596	21570	0	22465
13415	171	75	21577	686	0	22509
13416	20439	79	590	379	0	21487
13417	557	86	292	20654	0	21589
13418	264	20612	224	606	0	21706
13419	20636	462	192	365	0	21655
13420	20777	160	201	277	0	21415
13421	645	20530	174	256	0	21605
13422	609	1526	198	18170	0	20503
13423	233	19493	138	444	0	20308
13424	209	19699	122	249	0	20279
13425	447	674	18417	229	0	19767
13426	211	18218	426	205	0	19060
13427	221	366	15211	159	0	15957
13428	13096	137	205	82	0	13520
13429	13228	38	54	44	0	13364
13430	137	13219	38	47	0	13441
13431	51	13173	37	33	0	13294
13432	34	13179	29	34	0	13276
13433	13206	131	39	38	0	13414
13434	139	59	19	13368	0	13585
13435	49	32	13857	131	0	14069
13436	37	13803	135	50	0	14025
13437	29	140	43	14102	0	14314
13438	29	40	33	13897	0	13999
13439	19	15054	31	169	0	15273
13440	15927	223	19	68	0	16237
13441	298	57	16356	41	0	16752
13442	101	38	300	19470	0	19909
13443	38	21461	95	460	0	22054
13444	21612	524	42	117	0	22295
13445	555	145	21452	78	0	22230
13446	137	20895	523	76	0	21631
13447	100	573	133	21113	0	21919
13448	69	168	21048	527	0	21812
13449	20448	83	583	158	0	21272
13450	557	73	165	20768	0	21563
13451	177	52	20797	575	0	21601
13452	99	20690	563	194	0	21546
13453	20393	555	172	108	0	21228
13454	536	20801	114	101	0	21552
13455	20847	607	90	70	0	21614
13456	21281	186	69	81	0	21617
13457	700	146	53	20509	0	21408
13458	270	20000	39	547	0	20856
13459	168	535	20089	163	0	20955
13460	132	160	570	19969	0	20831
13461	197	182	285	17238	0	17902
13462	72	93	132	20318	0	20615
13463	104	59	94	20277	0	20534
13464	87	62	77	20369	0	20595
13465	19748	47	82	828	0	20705
13466	19241	86	86	334	0	19747
13467	19437	68	68	226	0	19799
13468	696	19256	49	158	0	20159
13469	304	534	19426	129	0	20393
13470	198	170	19511	98	0	19977
13471	150	121	19929	111	0	20311
13472	116	128	741	19015	0	20000
13473	81	96	296	19737	0	20210
13474	98	66	184	19714	0	20062
13475	71	73	19047	830	0	20021
13476	78	18610	613	397	0	19698
13477	101	578	18762	264	0	19705
13478	90	175	19180	220	0	19665
13479	128	138	732	18450	0	19448
13480	131	124	18801	639	0	19695
13481	147	117	701	18227	0	19192
13482	18088	116	268	723	0	19195
13483	18352	106	200	295	0	18953
13484	762	93	17883	222	0	18960
13485	305	101	671	17811	0	18888
13486	226	113	17928	707	0	18974
13487	176	18112	692	298	0	19278
13488	18156	644	283	235	0	19318
13489	674	246	18070	196	0	19186
13490	268	17315	674	190	0	18447
13491	182	17361	283	176	0	18002
13492	179	17074	217	168	0	17638
13493	175	777	16093	181	0	17226
13494	180	419	693	14991	0	16283
13495	164	15614	248	647	0	16673
13496	203	688	192	15505	0	16588
13497	232	296	189	15951	0	16668
13498	15057	191	217	818	0	16283
13499	612	15177	188	424	0	16401
13500	14889	628	200	342	0	16059
13501	680	14628	180	286	0	15774
13502	352	15209	168	229	0	15958
13503	248	726	14567	255	0	15796
13504	220	382	666	14348	0	15616
13505	185	299	14331	658	0	15473
13506	185	14003	660	357	0	15205
13507	229	612	14075	236	0	15152
13508	216	238	14238	274	0	14966
13509	200	14125	711	285	0	15321
13510	13599	666	317	263	0	14845
13511	609	14075	272	263	0	15219
13512	14036	669	295	257	0	15257
13513	650	306	13959	309	0	15224
13514	290	204	14152	308	0	14954
13515	213	13877	737	320	0	15147
13516	13669	632	317	318	0	14936
13517	653	13757	309	290	0	15009
13518	311	629	266	13823	0	15029
13519	13935	290	230	639	0	15094
13520	683	281	13820	287	0	15071
13521	280	210	734	13923	0	15147
13522	13715	157	398	717	0	14987
13523	664	13752	316	327	0	15059
13524	280	620	247	13881	0	15028
13525	212	257	13789	766	0	15024
13526	13685	190	713	374	0	14962
13527	609	191	371	13847	0	15018
13528	215	166	13746	749	0	14876
13529	162	174	768	13407	0	14511
13530	158	13495	350	742	0	14745
13531	183	622	13575	355	0	14735
13532	202	252	691	13449	0	14594
13533	13107	177	329	701	0	14314
13534	670	188	239	12998	0	14095
13535	12183	160	237	648	0	13228
13536	648	12241	223	300	0	13412
13537	12087	581	251	235	0	13154
13538	630	260	11880	226	0	12996
13539	312	211	10892	185	0	11600
13540	248	198	9831	137	0	10414
13541	202	9033	720	167	0	10122
13542	324	186	523	3961	0	4994
13543	50	26	67	3866	0	4009
13544	13	12	20	3808	0	3853
13545	18	13	17	3856	0	3904
13546	13	8	3858	81	0	3960
13547	3695	12	63	36	0	3806
13548	61	3892	32	20	0	4005
13549	3827	55	14	20	0	3916
13550	62	18	18	3819	0	3917
13551	27	3902	12	50	0	3991
13552	16	62	15	3934	0	4027
13553	3892	18	17	62	0	3989
13554	45	4053	11	27	0	4136
13555	3990	55	13	13	0	4071
13556	3949	22	12	14	0	3997
13557	60	11	11	3973	0	4055
13558	21	16	3942	51	0	4030
13559	3886	13	47	23	0	3969
13560	56	16	13	4028	0	4113
13561	4075	10	12	59	0	4156
13562	4236	7	7	26	0	4276
13563	4251	13	7	18	0	4289
13564	75	10	4237	13	0	4335
13565	20	17	59	4173	0	4269
13566	4231	6	20	58	0	4315
13567	63	22	4409	25	0	4519
13568	23	4420	54	16	0	4513
13569	36	69	23	4063	0	4191
13570	12	17	4278	50	0	4357
13571	12	4	4218	17	0	4251
13572	22	31	52	4083	0	4188
13573	13	12	39	4195	0	4259
13574	11	2	9	4200	0	4222
13575	10	2	7	4139	0	4158
13576	11	3	4138	53	0	4205
13577	7	4202	43	19	0	4271
13578	10	38	16	4250	0	4314
13579	4306	10	8	52	0	4376
13580	4269	6	9	16	0	4300
13581	4293	6	10	15	0	4324
13582	47	8	5	4278	0	4338
13583	16	9	7	4247	0	4279
13584	8	4060	4	54	0	4126
13585	13	4238	2	19	0	4272
13586	40	74	13	4044	0	4171
13587	3958	25	11	68	0	4062
13588	3943	6	1	22	0	3972
13589	3907	3	4	8	0	3922
13590	3936	2	3	8	0	3949
13591	3948	3	0	9	0	3960
13592	33	3950	2	7	0	3992
13593	10	23	3	4038	0	4074
13594	4120	9	2	35	0	4166
13595	4172	4	4	10	0	4190
13596	38	4	1	4154	0	4197
13597	14	2	0	4192	0	4208
13598	13	6	4254	35	0	4308
13599	12	1	28	4092	0	4133
13600	10	2	6	4209	0	4227
13601	7	4	4375	37	0	4423
13602	10	2	19	4335	0	4366
13603	6	4460	7	32	0	4505
13604	11	29	4487	5	0	4532
13605	5	4524	27	9	0	4565
13606	10	30	7	4493	0	4540
13607	5	7	5	4561	0	4578
13608	3	4488	5	36	0	4532
13609	3	4534	3	12	0	4552
13610	4605	29	4	11	0	4649
13611	4569	8	3	8	0	4588
13612	36	4	4600	10	0	4650
13613	4643	4	26	16	0	4689
13614	4852	4	14	7	0	4877
13615	4847	3	2	10	0	4862
13616	4833	4	3	10	0	4850
13617	36	3	4705	8	0	4752
13618	12	11	4513	9	0	4545
13619	4805	0	25	8	0	4838
13620	26	4946	8	6	0	4986
13621	7	20	4926	3	0	4956
13622	4949	11	25	11	0	4996
13623	5004	2	6	6	0	5018
13624	25	5	5033	3	0	5066
13625	5061	3	23	13	0	5100
13626	30	7	9	5540	0	5586
13627	7	4	5713	28	0	5752
13628	5438	2	29	13	0	5482
13629	27	5692	5	13	0	5737
13630	5895	29	5	15	0	5944
13631	6292	5	1	26	0	6324
13632	41	4	2	6313	0	6360
13633	10	2	4	6300	0	6316
13634	8	2	5	6422	0	6437
13635	6413	0	3	42	0	6458
13636	6621	2	3	14	0	6640
13637	55	3	4	6632	0	6694
13638	20	1	3	6589	0	6613
13639	15	3	6481	51	0	6550
13640	6270	4	38	24	0	6336
13641	41	5	8	6726	0	6780
13642	16	3	6	6728	0	6753
13643	13	6646	3	58	0	6720
13644	16	41	1	6723	0	6781
13645	10	10	0	6725	0	6745
13646	6652	9	3	66	0	6730
13647	52	6714	4	24	0	6794
13648	19	53	3	6805	0	6880
13649	13	11	1	6773	0	6798
13650	16	10	2	6801	0	6829
13651	10	6	6657	68	0	6741
13652	7	1	43	6598	0	6649
13653	6585	1	15	67	0	6668
13654	54	3	6522	18	0	6597
13655	21	4	48	6629	0	6702
13656	12	2	12	6752	0	6778
13657	6747	4	10	80	0	6841
13658	6663	7	9	31	0	6710
13659	69	8	6705	25	0	6807
13660	6399	5	49	29	0	6482
13661	66	6	6714	11	0	6797
13662	6673	4	49	24	0	6750
13663	67	7093	20	20	0	7200
13664	7311	62	13	23	0	7409
13665	84	7412	8	13	0	7517
13666	7675	90	6	21	0	7792
13667	96	7615	4	24	0	7739
13668	34	88	8	7840	0	7970
13669	24	25	8	7912	0	7969
13670	13	18	2	7878	0	7911
13671	11	7673	6	126	0	7816
13672	20	80	6	7720	0	7826
13673	13	7763	9	104	0	7889
13674	14	92	10	7896	0	8012
13675	7921	32	5	113	0	8071
13676	7877	21	6	45	0	7949
13677	111	7751	5	30	0	7897
13678	51	90	5	7836	0	7982
13679	7743	31	7	98	0	7879
13680	97	7837	8	47	0	7989
13681	42	7982	4	42	0	8070
13682	8006	119	8	19	0	8152
13683	8056	51	2	18	0	8127
13684	117	7979	5	18	0	8119
13685	7985	102	2	21	0	8110
13686	122	44	2	8009	0	8177
13687	45	29	8229	100	0	8403
13688	8197	22	91	51	0	8361
13689	8327	9	29	40	0	8405
13690	134	24	8352	14	0	8524
13691	8378	16	90	38	0	8522
13692	8542	21	32	31	0	8626
13693	8777	15	22	30	0	8844
13694	151	8675	11	20	0	8857
13695	8808	108	5	29	0	8950
13696	8924	47	12	18	0	9001
13697	162	34	7	8837	0	9040
13698	85	21	2	8928	0	9036
13699	56	19	2	9044	0	9121
13700	8968	25	11	163	0	9167
13701	135	14	4	8848	0	9001
13702	8930	15	6	140	0	9091
13703	8937	12	10	76	0	9035
13704	164	19	7	8849	0	9039
13705	89	10	10	9029	0	9138
13706	62	15	9	9101	0	9187
13707	9046	19	7	181	0	9253
13708	152	9025	7	65	0	9249
13709	71	121	6	9241	0	9439
13710	59	44	8	9412	0	9523
13711	9282	28	4	189	0	9503
13712	9315	21	5	96	0	9437
13713	183	20	8998	66	0	9267
13714	83	16	9028	56	0	9183
13715	9766	19	163	46	0	9994
13716	191	24	56	9995	0	10266
13717	80	19	26	11312	0	11437
13718	67	18	11338	334	0	11757
13719	56	45	240	11266	0	11607
13720	47	11405	62	315	0	11829
13721	46	12018	37	124	0	12225
13722	11824	310	25	76	0	12235
13723	278	105	11782	67	0	12232
13724	103	12052	216	62	0	12433
13725	93	272	80	12209	0	12654
13726	62	83	12049	269	0	12463
13727	65	54	263	11708	0	12090
13728	61	41	73	12045	0	12220
13729	52	31	12001	350	0	12434
13730	50	11980	253	138	0	12421
13731	52	263	81	11713	0	12109
13732	11736	79	57	308	0	12180
13733	11907	55	43	120	0	12125
13734	11974	47	23	80	0	12124
13735	348	11704	37	67	0	12156
13736	11651	252	31	59	0	11993
13737	311	91	24	11631	0	12057
13738	130	45	11461	279	0	11915
13739	11312	39	247	98	0	11696
13740	281	11589	82	82	0	12034
13741	107	248	45	11492	0	11892
13742	79	74	43	11570	0	11766
13743	55	11380	25	341	0	11801
13744	50	252	37	11684	0	12023
13745	67	90	33	11786	0	11976
13746	64	57	24	12004	0	12149
13747	11608	57	33	385	0	12083
13748	11641	57	38	180	0	11916
13749	346	44	11661	122	0	12173
13750	131	53	255	11669	0	12108
13751	103	53	86	12088	0	12330
13752	83	47	67	12185	0	12382
13753	11887	54	68	372	0	12381
13754	288	54	11611	182	0	12135
13755	11438	40	264	150	0	11892
13756	11932	43	93	115	0	12183
13757	343	42	63	11852	0	12300
13758	11903	32	47	341	0	12323
13759	343	42	11549	142	0	12076
13760	11427	37	230	127	0	11821
13761	343	12473	73	119	0	13008
13762	138	253	12271	77	0	12739
13763	123	78	12404	86	0	12691
13764	133	194	296	12119	0	12742
13765	88	47	12420	299	0	12854
13766	11923	70	278	135	0	12406
13767	275	12107	91	110	0	12583
13768	12120	239	74	121	0	12554
13769	299	86	52	12251	0	12688
13770	110	63	12178	327	0	12678
13771	99	45	12273	140	0	12557
13772	92	75	268	12296	0	12731
13773	12377	53	83	342	0	12855
13774	283	12134	64	172	0	12653
13775	93	12516	63	158	0	12830
13776	12476	259	62	138	0	12935
13777	297	12553	58	118	0	13026
13778	12622	276	59	102	0	13059
13779	339	101	48	12512	0	13000
13780	12460	60	60	298	0	12878
13781	317	50	66	12419	0	12852
13782	12503	45	50	321	0	12919
13783	307	36	56	12426	0	12825
13784	140	12285	71	311	0	12807
13785	12387	227	47	146	0	12807
13786	310	12247	59	117	0	12733
13787	135	259	11866	86	0	12346
13788	121	108	249	11534	0	12012
13789	101	11989	92	240	0	12422
13790	11644	263	58	120	0	12085
13791	11738	98	72	84	0	11992
13792	325	11611	79	64	0	12079
13793	119	269	11621	77	0	12086
13794	122	84	252	11356	0	11814
13795	98	11268	102	270	0	11738
13796	87	246	87	11677	0	12097
13797	109	83	66	11802	0	12060
13798	11622	94	51	321	0	12088
13799	282	11547	48	141	0	12018
13800	114	261	39	11762	0	12176
13801	11716	104	48	306	0	12174
13802	11816	69	42	142	0	12069
13803	11757	75	48	120	0	12000
13804	355	62	49	11520	0	11986
13805	11451	65	35	280	0	11831
13806	333	11372	39	104	0	11848
13807	11337	246	44	105	0	11732
13808	290	11405	35	127	0	11857
13809	11354	243	52	115	0	11764
13810	11343	99	38	98	0	11578
13811	359	157	36	11026	0	11578
13812	149	61	11139	259	0	11608
13813	147	53	10820	107	0	11127
13814	109	11021	209	96	0	11435
13815	10553	225	109	83	0	10970
13816	244	91	10360	57	0	10752
13817	8596	32	84	23	0	8735
13818	82	8725	21	15	0	8843
13819	41	8919	19	16	0	8995
13820	34	89	14	9001	0	9138
13821	29	9194	11	64	0	9298
13822	38	87	9441	31	0	9597
13823	43	54	92	9172	0	9361
13824	27	9743	33	114	0	9917
13825	15	139	20	9824	0	9998
13826	9885	42	13	144	0	10084
13827	142	44	8	10067	0	10261
13828	55	32	10199	178	0	10464
13829	42	10339	154	63	0	10598
13830	32	182	43	10347	0	10604
13831	29	69	33	10456	0	10587
13832	36	40	24	10574	0	10674
13833	10327	41	22	243	0	10633
13834	10316	26	17	94	0	10453
13835	224	14	10262	71	0	10571
13836	92	33	10123	42	0	10290
13837	46	10277	209	51	0	10583
13838	10428	176	70	53	0	10727
13839	201	71	50	10470	0	10792
13840	65	57	31	10561	0	10714
13841	61	26	29	10565	0	10681
13842	53	25	10	10637	0	10725
13843	61	26	10221	269	0	10577
13844	9967	26	177	118	0	10288
13845	214	22	57	11180	0	11473
13846	87	17	11136	254	0	11494
13847	11258	32	235	122	0	11647
13848	12451	22	91	85	0	12649
13849	378	31	13345	58	0	13812
13850	173	26	13968	58	0	14225
13851	101	17	440	13779	0	14337
13852	13934	30	171	379	0	14514
13853	14298	17	92	146	0	14553
13854	490	24	83	13818	0	14415
13855	179	18	84	14250	0	14531
13856	103	26	13969	490	0	14588
13857	101	61	392	13712	0	14266
13858	113	24	13770	447	0	14354
13859	13234	17	415	196	0	13862
13860	380	13621	178	140	0	14319
13861	13043	321	86	120	0	13570
13862	403	13001	82	84	0	13570
13863	12943	365	112	84	0	13504
13864	433	133	61	12582	0	13209
13865	202	72	51	12832	0	13157
13866	12618	63	50	475	0	13206
13867	12791	43	36	199	0	13069
13868	12825	49	45	113	0	13032
13869	12985	27	29	103	0	13144
13870	566	34	12391	97	0	13088
13871	12438	33	333	87	0	12891
13872	12825	36	127	72	0	13060
13873	12864	26	70	74	0	13034
13874	580	16	66	12331	0	12993
13875	12091	19	50	421	0	12581
13876	501	12024	63	153	0	12741
13877	281	335	42	12055	0	12713
13878	224	121	44	12362	0	12751
13879	181	61	11970	509	0	12721
13880	142	50	385	11825	0	12402
13881	154	11947	154	475	0	12730
13882	11940	365	92	233	0	12630
13883	471	11980	81	183	0	12715
13884	12109	399	83	172	0	12763
13885	508	155	80	12059	0	12802
13886	11957	108	66	464	0	12595
13887	478	11850	63	230	0	12621
13888	12046	388	69	187	0	12690
13889	12315	160	79	159	0	12713
13890	604	96	72	11966	0	12738
13891	323	97	51	12305	0	12776
13892	247	95	11865	543	0	12750
13893	231	95	367	11871	0	12564
13894	210	64	134	12106	0	12514
13895	187	49	11740	622	0	12598
13896	181	50	397	11903	0	12531
13897	181	55	11701	546	0	12483
13898	11624	43	446	278	0	12391
13899	522	44	177	11677	0	12420
13900	278	52	11400	510	0	12240
13901	11519	41	433	251	0	12244
13902	548	52	174	11571	0	12345
13903	297	47	11652	490	0	12486
13904	11768	37	404	276	0	12485
13905	514	44	189	11841	0	12588
13906	289	45	122	12081	0	12537
13907	11906	52	100	611	0	12669
13908	528	39	94	11892	0	12553
13909	282	45	91	12146	0	12564
13910	212	47	96	11818	0	12173
13911	195	11554	80	623	0	12452
13912	11432	384	80	343	0	12239
13913	11767	144	86	216	0	12213
13914	613	96	65	11367	0	12141
13915	11425	76	56	546	0	12103
13916	11566	66	62	292	0	11986
13917	11644	85	61	210	0	12000
13918	9711	111	113	262	0	10197
13919	11280	51	89	196	0	11616
13920	657	51	10239	206	0	11153
13921	317	66	9939	185	0	10507
13922	9696	84	424	166	0	10370
13923	499	9457	177	176	0	10309
13924	259	310	118	9111	0	9798
13925	182	98	9039	410	0	9729
13926	178	67	9097	194	0	9536
13927	185	161	385	8626	0	9357
13928	8598	111	235	431	0	9375
13929	374	63	97	8618	0	9152
13930	184	39	8567	387	0	9177
13931	8795	26	321	220	0	9362
13932	387	26	143	8940	0	9496
13933	189	24	91	9156	0	9460
13934	167	14	97	9245	0	9523
13935	157	15	74	9099	0	9345
13936	139	14	8665	482	0	9300
13937	137	17	282	8809	0	9245
13938	8713	15	117	414	0	9259
13939	345	29	8380	271	0	9025
13940	8519	17	281	222	0	9039
13941	8754	32	242	170	0	9198
13942	8842	37	85	152	0	9116
13943	8795	25	80	159	0	9059
13944	470	8366	52	138	0	9026
13945	184	7482	48	108	0	7822
13946	165	7673	57	78	0	7973
13947	6895	383	265	172	0	7715
13948	280	102	6306	100	0	6788
13949	4840	108	162	36	0	5146
13950	142	16	36	4581	0	4775
13951	4587	7	14	85	0	4693
13952	85	1	13	4574	0	4673
13953	4651	5	7	91	0	4754
13954	91	3	6	4637	0	4737
13955	35	10	9	4806	0	4860
13956	4490	7	12	96	0	4605
13957	80	4983	12	35	0	5110
13958	42	57	4957	22	0	5078
13959	34	4905	61	24	0	5024
13960	25	59	4729	22	0	4835
13961	28	59	66	4420	0	4573
13962	4533	8	48	47	0	4636
13963	45	9	8	4459	0	4521
13964	4449	0	10	50	0	4509
13965	48	4836	12	23	0	4919
13966	26	34	4987	14	0	5061
13967	17	4957	36	13	0	5023
13968	16	5045	10	12	0	5083
13969	4781	35	28	7	0	4851
13970	4707	7	7	5	0	4726
13971	33	4785	4	6	0	4828
13972	13	25	2	4846	0	4886
13973	8	9	5	4880	0	4902
13974	4911	3	5	36	0	4955
13975	32	4	4936	12	0	4984
13976	12	1	4821	6	0	4840
13977	10	2	30	4918	0	4960
13978	11	2	5023	33	0	5069
13979	4776	2	38	17	0	4833
13980	5057	2	13	4	0	5076
13981	42	5062	4	5	0	5113
13982	15	39	5224	4	0	5282
13983	13	16	37	5200	0	5266
13984	11	7	5526	39	0	5583
13985	4	9	39	5478	0	5530
13986	5561	2	15	47	0	5625
13987	45	5645	5	23	0	5718
13988	15	40	5799	8	0	5862
13989	12	5829	47	13	0	5901
13990	15	6184	12	10	0	6221
13991	6303	51	11	16	0	6381
13992	6189	13	8	19	0	6229
13993	62	7	6258	13	0	6340
13994	18	6389	42	17	0	6466
13995	15	43	21	6471	0	6550
13996	9	12	6	6485	0	6512
13997	16	11	15	6380	0	6422
13998	8	9	6521	68	0	6606
13999	13	3	46	6420	0	6482
14000	13	8	17	6664	0	6702
14001	6732	6	5	71	0	6814
14002	6734	5	9	30	0	6778
14003	6662	8	12	23	0	6705
14004	6562	7	8	18	0	6595
14005	6560	17	6	10	0	6593
14006	68	6508	5	16	0	6597
14007	6457	44	4	9	0	6514
14008	60	19	6433	9	0	6521
14009	28	31	43	6315	0	6417
14010	6446	10	14	43	0	6513
14011	47	6450	8	22	0	6527
14012	6583	36	14	17	0	6650
14013	6740	12	4	29	0	6785
14014	64	5	6	6808	0	6883
14015	33	10	8	6875	0	6926
14016	21	7212	6	60	0	7299
14017	26	50	3	7409	0	7488
14018	22	27	7671	56	0	7776
14019	21	7	58	7901	0	7987
14020	22	13	8084	66	0	8185
14021	8017	9	66	42	0	8134
14022	83	13	43	8305	0	8444
14023	53	13	8466	79	0	8611
14024	17	8223	90	54	0	8384
14025	18	8465	41	21	0	8545
14026	8435	99	20	31	0	8585
14027	84	46	19	8471	0	8620
14028	41	18	8610	75	0	8744
14029	17	8374	69	40	0	8500
14030	23	72	8503	19	0	8617
14031	8281	30	79	21	0	8411
14032	8406	13	36	23	0	8478
14033	8487	16	17	19	0	8539
14034	114	12	24	8467	0	8617
14035	44	14	8483	81	0	8622
14036	23	8411	83	37	0	8554
14037	38	75	44	8545	0	8702
14038	20	36	8429	94	0	8579
14039	25	18	8216	46	0	8305
14040	20	26	107	8437	0	8590
14041	8571	13	53	88	0	8725
14042	92	14	24	8566	0	8696
14043	57	9	26	8681	0	8773
14044	27	11	8728	119	0	8885
14045	31	6	86	8669	0	8792
14046	22	9	56	8688	0	8775
14047	13	19	8710	130	0	8872
14048	24	19	8547	62	0	8652
14049	27	12	115	8645	0	8799
14050	16	6	8809	111	0	8942
14051	13	5	102	8749	0	8869
14052	8781	12	72	99	0	8964
14053	73	8896	24	85	0	9078
14054	39	74	33	9030	0	9176
14055	19	38	8877	101	0	9035
14056	8172	10	89	78	0	8349
14057	88	8424	48	40	0	8600
14058	8597	76	31	55	0	8759
14059	91	36	35	8569	0	8731
14060	56	19	25	8576	0	8676
14061	8715	21	27	139	0	8902
14062	101	13	8737	65	0	8916
14063	8582	6	92	44	0	8724
14064	90	20	46	8801	0	8957
14065	8464	15	28	98	0	8605
14066	8372	12	37	72	0	8493
14067	137	15	24	8351	0	8527
14068	68	8599	21	111	0	8799
14069	8909	92	18	65	0	9084
14070	9095	48	23	46	0	9212
14071	172	16	9042	42	0	9272
14072	9035	22	124	42	0	9223
14073	164	18	61	9079	0	9322
14074	95	9125	29	129	0	9378
14075	48	117	35	8993	0	9193
14076	56	9135	19	111	0	9321
14077	9117	125	20	85	0	9347
14078	9287	59	25	50	0	9421
14079	178	28	24	9545	0	9775
14080	96	26	9509	138	0	9769
14081	58	35	9445	84	0	9622
14082	57	17	187	9715	0	9976
14083	9788	18	85	161	0	10052
14084	10246	17	41	103	0	10407
14085	231	10415	36	42	0	10724
14086	103	163	37	10496	0	10799
14087	64	80	10686	198	0	11028
14088	63	34	10978	99	0	11174
14089	57	95	293	11373	0	11818
14090	12275	20	116	331	0	12742
14091	321	13	64	12504	0	12902
14092	137	19	12364	355	0	12875
14093	12352	23	328	160	0	12863
14094	347	11	137	12395	0	12890
14095	147	14	76	12644	0	12881
14096	87	15	56	12611	0	12769
14097	54	12339	47	468	0	12908
14098	55	298	12271	189	0	12813
14099	42	114	12515	137	0	12808
14100	51	61	426	12471	0	13009
14101	61	28	12533	364	0	12986
14102	12289	26	379	178	0	12872
14103	344	18	173	12386	0	12921
14104	146	31	90	12557	0	12824
14105	80	29	64	12598	0	12771
14106	59	12365	71	484	0	12979
14107	12598	313	68	226	0	13205
14108	358	118	44	12654	0	13174
14109	12516	58	66	418	0	13058
14110	390	12537	50	187	0	13164
14111	12527	336	53	143	0	13059
14112	12280	126	49	118	0	12573
14113	12540	61	37	124	0	12762
14114	483	11920	49	92	0	12544
14115	226	12118	37	95	0	12476
14116	11574	390	56	96	0	12116
14117	401	11736	33	85	0	12255
14118	173	358	11222	87	0	11840
14119	115	10794	300	85	0	11294
14120	97	11115	110	81	0	11403
14121	10890	377	82	63	0	11412
14122	346	156	10714	53	0	11269
14123	139	104	10619	49	0	10911
14124	136	82	374	10405	0	10997
14125	10567	67	170	322	0	11126
14126	340	48	10599	123	0	11110
14127	161	52	325	10521	0	11059
14128	102	61	10271	333	0	10767
14129	91	52	10162	149	0	10454
14130	9961	57	378	110	0	10506
14131	340	54	10214	64	0	10672
14132	147	54	355	10022	0	10578
14133	129	53	153	10089	0	10424
14134	94	9897	97	383	0	10471
14135	90	10287	73	174	0	10624
14136	80	360	78	9955	0	10473
14137	62	146	10052	334	0	10594
14138	87	79	320	10080	0	10566
14139	67	68	149	10378	0	10662
14140	69	65	10286	420	0	10840
14141	71	43	337	10351	0	10802
14142	10374	48	167	401	0	10990
14143	319	60	10353	181	0	10913
14144	10264	54	349	150	0	10817
14145	380	40	168	10362	0	10950
14146	160	41	114	10812	0	11127
14147	122	10793	92	442	0	11449
14148	83	336	103	10974	0	11496
14149	82	117	80	11426	0	11705
14150	11083	86	82	512	0	11763
14151	370	49	92	11227	0	11738
14152	158	60	90	11468	0	11776
14153	10936	52	79	545	0	11612
14154	378	50	96	11131	0	11655
14155	175	62	94	10852	0	11183
14156	111	10867	81	520	0	11579
14157	11034	332	94	266	0	11726
14158	377	135	72	11085	0	11669
14159	180	93	56	11399	0	11728
14160	132	70	10942	538	0	11682
14161	100	60	335	10969	0	11464
14162	85	52	165	11277	0	11579
14163	10793	43	96	570	0	11502
14164	11068	62	66	285	0	11481
14165	474	53	65	10946	0	11538
14166	223	52	10658	456	0	11389
14167	145	10222	330	247	0	10944
14168	126	10624	151	163	0	11064
14169	151	437	146	10259	0	10993
14170	10197	148	83	443	0	10871
14171	358	102	60	10277	0	10797
14172	10340	63	38	446	0	10887
14173	368	75	39	10543	0	11025
14174	179	44	53	10704	0	10980
14175	10312	64	39	491	0	10906
14176	10361	73	34	244	0	10712
14177	439	10300	44	168	0	10951
14178	202	10702	48	139	0	11091
14179	128	356	48	10012	0	10544
14180	94	183	40	10215	0	10532
14181	114	88	9825	386	0	10413
14182	9024	56	283	210	0	9573
14183	313	9398	103	156	0	9970
14184	107	9159	65	101	0	9432
14185	8743	275	92	101	0	9211
14186	286	89	8708	79	0	9162
14187	117	61	8386	75	0	8639
14188	132	76	7893	71	0	8172
14189	50	7398	185	36	0	7669
14190	79	85	105	6413	0	6682
14191	20	24	12	6405	0	6461
14192	19	14	15	6463	0	6511
14193	6273	8	11	118	0	6410
14194	6230	9	11	57	0	6307
14195	90	6268	9	39	0	6406
14196	35	82	9	6446	0	6572
14197	36	39	6451	89	0	6615
14198	20	6523	69	45	0	6657
14199	6454	81	29	41	0	6605
14200	84	32	6453	27	0	6596
14201	5962	22	72	28	0	6084
14202	76	26	6378	22	0	6502
14203	35	35	71	6241	0	6382
14204	20	6381	25	73	0	6499
14205	6452	70	21	44	0	6587
14206	80	6470	18	27	0	6595
14207	6371	71	17	31	0	6490
14208	83	24	11	6360	0	6478
14209	30	18	6527	90	0	6665
14210	21	23	69	6624	0	6737
14211	22	15	14	7193	0	7244
14212	20	16	7155	123	0	7314
14213	6907	13	104	60	0	7084
14214	109	7360	24	43	0	7536
14215	7371	102	24	41	0	7538
14216	114	7506	19	25	0	7664
14217	45	122	10	7718	0	7895
14218	28	36	7617	131	0	7812
14219	8387	20	118	49	0	8574
14220	177	8752	36	31	0	8996
14221	47	164	19	8845	0	9075
14222	38	51	20	9213	0	9322
14223	9527	32	14	211	0	9784
14224	10130	26	10	78	0	10244
14225	241	10281	16	48	0	10586
14226	11079	213	7	38	0	11337
14227	11273	75	12	32	0	11392
14228	11554	30	8	35	0	11627
14229	339	26	11528	39	0	11932
14230	125	11270	241	35	0	11671
14231	76	11795	82	36	0	11989
14232	62	317	43	11199	0	11621
14233	54	124	26	11555	0	11759
14234	11529	63	15	320	0	11927
14235	262	11460	16	127	0	11865
14236	11602	266	27	65	0	11960
14237	286	105	19	11435	0	11845
14238	128	60	12	11708	0	11908
14239	11369	41	15	343	0	11768
14240	11317	30	14	148	0	11509
14241	375	31	11064	69	0	11539
14242	177	53	250	10962	0	11442
14243	98	40	10874	260	0	11272
14244	71	39	10708	111	0	10929
14245	55	38	10868	70	0	11031
14246	10335	65	360	67	0	10827
14247	244	28	124	10234	0	10630
14248	117	27	63	10291	0	10498
14249	64	37	32	10519	0	10652
14250	52	27	10376	325	0	10780
14251	56	17	215	10372	0	10660
14252	51	20	95	10673	0	10839
14253	10413	20	43	314	0	10790
14254	10519	26	28	139	0	10712
14255	10684	19	34	86	0	10823
14256	10680	16	31	83	0	10810
14257	369	25	40	10358	0	10792
14258	10502	16	42	259	0	10819
14259	308	31	41	10479	0	10859
14260	159	29	9995	291	0	10474
14261	10218	19	213	148	0	10598
14262	297	10256	85	100	0	10738
14263	166	219	59	10225	0	10669
14264	98	120	40	10288	0	10546
14265	88	10300	33	337	0	10758
14266	10262	239	28	161	0	10690
14267	296	10182	27	112	0	10617
14268	179	251	10059	75	0	10564
14269	123	118	10152	77	0	10470
14270	10028	83	297	73	0	10481
14271	10289	46	117	85	0	10537
14272	357	48	9913	87	0	10405
14273	9941	27	244	84	0	10296
14274	336	47	9933	75	0	10391
14275	9938	34	282	66	0	10320
14276	327	53	9928	84	0	10392
14277	173	44	10044	95	0	10356
14278	134	46	316	9553	0	10049
14279	122	43	180	9592	0	9937
14280	9862	48	96	339	0	10345
14281	9810	49	81	193	0	10133
14282	9843	41	83	117	0	10084
14283	10065	44	67	126	0	10302
14284	401	9653	87	102	0	10243
14285	269	219	62	9520	0	10070
14286	169	9664	81	275	0	10189
14287	160	254	81	9660	0	10155
14288	154	108	75	9644	0	9981
14289	141	78	85	9631	0	9935
14290	128	45	9293	393	0	9859
14291	9066	44	275	218	0	9603
14292	319	8955	133	170	0	9577
14293	200	9374	78	154	0	9806
14294	169	302	9355	126	0	9952
14295	157	124	277	9307	0	9865
14296	122	80	137	9366	0	9705
14297	9210	62	87	377	0	9736
14298	335	50	74	9162	0	9621
14299	185	61	72	9318	0	9636
14300	158	52	59	9400	0	9669
14301	130	60	85	9466	0	9741
14302	9066	36	72	430	0	9604
14303	9228	32	95	237	0	9592
14304	9327	37	81	159	0	9604
14305	428	31	74	9159	0	9692
14306	9214	48	86	324	0	9672
14307	363	39	88	9350	0	9840
14308	184	52	104	9683	0	10023
14309	160	24	9223	405	0	9812
14310	143	34	9074	225	0	9476
14311	128	33	8791	141	0	9093
14312	8576	56	362	140	0	9134
14313	305	69	178	8129	0	8681
14314	174	8388	108	300	0	8970
14315	8584	193	105	166	0	9048
14316	343	78	8416	125	0	8962
14317	8185	56	234	100	0	8575
14318	330	7989	119	111	0	8549
14319	7227	146	91	81	0	7545
14320	261	88	44	7158	0	7551
14321	7101	36	47	195	0	7379
14322	219	6787	51	123	0	7180
14323	119	6725	56	99	0	6999
14324	5976	146	58	67	0	6247
14325	137	5978	46	65	0	6226
14326	34	4998	15	26	0	5073
14327	47	5019	34	17	0	5117
14328	4665	125	103	25	0	4918
14329	4523	22	15	11	0	4571
14330	4527	12	6	11	0	4556
14331	75	17	3	4453	0	4548
14332	30	14	4	4539	0	4587
14333	18	10	4474	65	0	4567
14334	16	8	51	4466	0	4541
14335	14	10	4588	62	0	4674
14336	13	8	60	4558	0	4639
14337	17	7	17	4646	0	4687
14338	4586	7	8	71	0	4672
14339	4586	8	8	22	0	4624
14340	69	4569	6	22	0	4666
14341	30	53	6	4567	0	4656
14342	22	19	4759	59	0	4859
14343	17	16	54	4772	0	4859
14344	23	7	13	4829	0	4872
14345	11	8	10	4895	0	4924
14346	10	8	4808	77	0	4903
14347	8	4	4590	32	0	4634
14348	4738	5	62	23	0	4828
14349	59	6	20	4833	0	4918
14350	20	5	4878	62	0	4965
14351	4677	5	58	28	0	4768
14352	59	4913	18	20	0	5010
14353	4979	50	19	17	0	5065
14354	67	12	5112	14	0	5205
14355	4966	5	61	17	0	5049
14356	61	13	22	5027	0	5123
14357	27	5	5116	55	0	5203
14358	15	5052	57	19	0	5143
14359	5100	58	18	19	0	5195
14360	60	28	20	5080	0	5188
14361	22	11	12	5100	0	5145
14362	14	5111	10	61	0	5196
14363	18	53	6	5119	0	5196
14364	18	15	5110	63	0	5206
14365	16	5050	49	24	0	5139
14366	5083	54	14	18	0	5169
14367	54	23	15	5058	0	5150
14368	24	15	10	5051	0	5100
14369	18	12	4982	66	0	5078
14370	13	12	54	4999	0	5078
14371	17	11	5136	64	0	5228
14372	15	5155	58	25	0	5253
14373	5076	47	30	23	0	5176
14374	5072	18	15	17	0	5122
14375	5100	18	13	10	0	5141
14376	67	5233	5	22	0	5327
14377	26	42	11	5241	0	5320
14378	16	18	6	5265	0	5305
14379	34	16	34	4598	0	4682
14380	5198	7	9	67	0	5281
14381	5173	3	7	34	0	5217
14382	59	12	6	5156	0	5233
14383	26	4	5452	63	0	5545
14384	14	6	53	5390	0	5463
14385	14	10	12	5443	0	5479
14386	12	7	9	5444	0	5472
14387	11	6	12	5484	0	5513
14388	5507	6	7	80	0	5600
14389	48	3	10	5612	0	5673
14390	20	3	7	5638	0	5668
14391	15	5683	11	67	0	5776
14392	15	55	8	5883	0	5961
14393	16	6070	4	76	0	6166
14394	9	66	10	6113	0	6198
14395	6115	22	9	82	0	6228
14396	65	6186	5	37	0	6293
14397	6201	74	3	25	0	6303
14398	86	20	6319	19	0	6444
14399	31	11	78	6269	0	6389
14400	20	13	6470	86	0	6589
14401	20	9	78	6456	0	6563
14402	6	26	24	6498	0	6554
14403	13	6404	12	99	0	6528
14404	12	6552	7	45	0	6616
14405	7	6778	7	31	0	6823
14406	6690	92	14	18	0	6814
14407	65	6502	5	24	0	6596
14408	22	6459	12	13	0	6506
14409	64	73	11	6482	0	6630
14410	6483	16	3	67	0	6569
14411	47	6813	6	21	0	6887
14412	6923	52	1	29	0	7005
14413	6986	16	4	11	0	7017
14414	70	6	7107	15	0	7198
14415	22	11	52	6978	0	7063
14416	10	10	12	7180	0	7212
14417	11	7	5	7205	0	7228
14418	6	5	6	7117	0	7134
14419	8	4	6916	69	0	6997
14420	6	12	6308	24	0	6350
14421	6488	7	59	18	0	6572
14422	50	6715	15	14	0	6794
14423	10	6808	5	13	0	6836
14424	6871	60	4	11	0	6946
14425	49	6850	4	7	0	6910
14426	17	49	4	7035	0	7105
14427	7036	22	2	63	0	7123
14428	53	8	7069	20	0	7150
14429	17	7	49	7178	0	7251
14430	8	8	7282	58	0	7356
14431	7107	9	48	21	0	7185
14432	63	8	7787	4	0	7862
14433	7851	10	57	22	0	7940
14434	8199	6	25	21	0	8251
14435	8213	8	2	24	0	8247
14436	8225	6	3	22	0	8256
14437	8285	4	5	14	0	8308
14438	98	6	7	8229	0	8340
14439	8462	4	9	92	0	8567
14440	66	6	3	8518	0	8593
14441	29	8	6	8506	0	8549
14442	10	8	7	8450	0	8475
14443	11	3	8398	87	0	8499
14444	10	5	66	8244	0	8325
14445	12	7	23	8496	0	8538
14446	12	5	8345	95	0	8457
14447	7786	6	67	45	0	7904
14448	68	9	26	8409	0	8512
14449	30	10	8421	68	0	8529
14450	18	12	8130	29	0	8189
14451	16	16	83	8169	0	8284
14452	16	10	8333	74	0	8433
14453	14	10	68	8348	0	8440
14454	13	4	30	8258	0	8305
14455	21	8184	9	85	0	8299
14456	9	8339	15	32	0	8395
14457	8424	74	9	26	0	8533
14458	73	21	8	8442	0	8544
14459	33	5	5	8375	0	8418
14460	12	7	8	8617	0	8644
14461	15	5	8667	88	0	8775
14462	13	9	63	8518	0	8603
14463	8633	9	27	79	0	8748
14464	73	8	8745	40	0	8866
14465	37	7	70	8951	0	9065
14466	12	10	29	8971	0	9022
14467	18	8	9	9192	0	9227
14468	9	9435	8	91	0	9543
14469	9607	77	14	39	0	9737
14470	9974	29	10	23	0	10036
14471	132	10058	8	20	0	10218
14472	43	103	12	10551	0	10709
14473	21	35	10609	127	0	10792
14474	30	18	10461	60	0	10569
14475	10883	15	178	24	0	11100
14476	168	5	57	11196	0	11426
14477	11644	6	34	159	0	11843
14478	188	11981	26	72	0	12267
14479	73	12305	13	41	0	12432
14480	12178	239	11	35	0	12463
14481	192	12596	10	32	0	12830
14482	82	206	12	12654	0	12954
14483	57	79	13	12291	0	12440
14484	41	12849	9	225	0	13124
14485	12972	212	14	98	0	13296
14486	216	90	13066	52	0	13424
14487	12792	52	202	50	0	13096
14488	261	42	13317	29	0	13649
14489	12715	30	232	52	0	13029
14490	257	25	13556	44	0	13882
14491	112	13256	241	37	0	13646
14492	92	254	104	13255	0	13705
14493	13113	73	60	219	0	13465
14494	237	44	12931	77	0	13289
14495	103	22	12982	40	0	13147
14496	85	32	287	12650	0	13054
14497	49	18	12982	208	0	13257
14498	45	25	245	12695	0	13010
14499	49	24	105	12550	0	12728
14500	42	27	12764	279	0	13112
14501	42	22	225	12683	0	12972
14502	12972	15	103	253	0	13343
14503	197	12840	67	133	0	13237
14504	13035	194	64	92	0	13385
14505	224	82	48	12780	0	13134
14506	12830	42	37	255	0	13164
14507	13039	27	40	123	0	13229
14508	308	25	45	12778	0	13156
14509	141	12808	41	225	0	13215
14510	12976	209	39	112	0	13336
14511	249	96	12488	65	0	12898
14512	129	62	12361	67	0	12619
14513	12295	34	265	71	0	12665
14514	252	30	129	12253	0	12664
14515	127	25	12264	240	0	12656
14516	83	32	237	12242	0	12594
14517	12375	39	107	269	0	12790
14518	12641	30	75	149	0	12895
14519	12589	20	80	96	0	12785
14520	312	12674	61	68	0	13115
14521	173	207	47	12845	0	13272
14522	108	89	48	12953	0	13198
14523	12717	64	48	313	0	13142
14524	261	12575	32	161	0	13029
14525	12582	208	41	100	0	12931
14526	303	94	43	12429	0	12869
14527	12445	59	34	244	0	12782
14528	276	62	11881	126	0	12345
14529	148	11925	215	103	0	12391
14530	132	230	92	11469	0	11923
14531	87	12113	77	196	0	12473
14532	94	229	54	11757	0	12134
14533	11665	91	45	264	0	12065
14534	257	69	11196	114	0	11636
14535	11029	50	213	110	0	11402
14536	263	11468	108	75	0	11914
14537	138	202	88	11690	0	12118
14538	124	91	54	11881	0	12150
14539	11505	77	54	292	0	11928
14540	254	57	11381	149	0	11841
14541	130	45	208	11541	0	11924
14542	121	48	99	11537	0	11805
14543	92	59	74	11571	0	11796
14544	101	43	53	11675	0	11872
14545	11436	48	56	353	0	11893
14546	11385	42	44	200	0	11671
14547	303	30	11473	141	0	11947
14548	157	45	11373	117	0	11692
14549	11476	30	265	115	0	11886
14550	11903	36	110	104	0	12153
14551	297	42	95	11737	0	12171
14552	191	42	54	11726	0	12013
14553	11563	32	62	310	0	11967
14554	276	11389	64	163	0	11892
14555	154	197	71	11606	0	12028
14556	139	75	58	11807	0	12079
14557	102	56	11473	316	0	11947
14558	109	42	203	11538	0	11892
14559	99	29	11563	314	0	12005
14560	88	26	233	11578	0	11925
14561	11388	44	109	299	0	11840
14562	245	33	81	11469	0	11828
14563	127	42	11312	324	0	11805
14564	113	10828	221	167	0	11329
14565	112	215	102	11375	0	11804
14566	97	76	11377	285	0	11835
14567	108	11357	228	142	0	11835
14568	116	235	103	11157	0	11611
14569	106	76	10976	252	0	11410
14570	9400	61	181	175	0	9817
14571	192	10473	92	115	0	10872
14572	89	10070	56	87	0	10302
14573	70	10268	47	66	0	10451
14574	126	286	64	9682	0	10158
14575	49	68	9883	178	0	10178
14576	32	9693	152	89	0	9966
14577	105	259	90	9230	0	9684
14578	9527	43	48	122	0	9740
14579	132	24	22	11972	0	12150
14580	95	22	14168	266	0	14551
14581	48	14338	304	120	0	14810
14582	14034	333	103	91	0	14561
14583	321	14316	64	70	0	14771
14584	156	373	13695	54	0	14278
14585	61	13824	346	66	0	14297
14586	64	453	141	13408	0	14066
14587	62	159	13419	321	0	13961
14588	67	13258	373	102	0	13800
14589	80	426	122	12905	0	13533
14590	52	188	108	12938	0	13286
14591	19	12987	97	385	0	13488
14592	26	402	82	13073	0	13583
14593	22	176	12950	431	0	13579
14594	15	132	13204	189	0	13540
14595	31	141	412	13049	0	13633
14596	12935	97	147	468	0	13647
14597	13009	95	115	225	0	13444
14598	379	110	89	12768	0	13346
14599	125	12797	117	429	0	13468
14600	90	335	142	12936	0	13503
14601	12753	127	117	451	0	13448
14602	380	87	84	12743	0	13294
14603	188	79	57	12928	0	13252
14604	12598	84	50	509	0	13241
14605	383	12461	35	290	0	13169
14606	154	389	48	12656	0	13247
14607	12477	144	48	476	0	13145
14608	414	90	12134	260	0	12898
14609	12195	78	332	246	0	12851
14610	453	77	89	12408	0	13027
14611	12437	87	74	462	0	13060
14612	12569	90	62	243	0	12964
14613	11838	105	60	214	0	12217
14614	515	12158	74	161	0	12908
14615	271	348	12130	124	0	12873
14616	223	12278	344	145	0	12990
14617	12275	390	111	146	0	12922
14618	503	12103	95	119	0	12820
14619	286	410	56	12129	0	12881
14620	11932	175	57	403	0	12567
14621	445	11960	76	141	0	12622
14622	198	449	11874	124	0	12645
14623	196	223	342	11939	0	12700
14624	161	181	11991	416	0	12749
14625	133	12017	397	270	0	12817
14626	137	440	128	11972	0	12677
14627	152	189	109	12266	0	12716
14628	107	176	115	12276	0	12674
14629	94	115	121	11910	0	12240
14630	77	11842	110	552	0	12581
14631	11673	448	99	281	0	12501
14632	391	193	11665	262	0	12511
14633	152	150	382	11795	0	12479
14634	11644	124	141	564	0	12473
14635	444	119	11699	296	0	12558
14636	183	11485	394	238	0	12300
14637	178	448	179	11374	0	12179
14638	151	204	11477	452	0	12284
14639	132	11486	450	241	0	12309
14640	11141	436	203	214	0	11994
14641	430	11433	159	187	0	12209
14642	161	484	168	11368	0	12181
14643	136	247	114	11793	0	12290
14644	11316	219	122	561	0	12218
14645	411	11404	148	299	0	12262
14646	173	508	168	11491	0	12340
14647	11210	262	136	532	0	12140
14648	11269	228	113	311	0	11921
14649	523	11116	99	278	0	12016
14650	11171	505	80	256	0	12012
14651	11438	254	81	234	0	12007
14652	558	264	89	11066	0	11977
14653	298	193	10867	559	0	11917
14654	325	176	389	10824	0	11714
14655	245	158	152	11156	0	11711
14656	216	155	10642	610	0	11623
14657	244	10525	379	327	0	11475
14658	225	438	158	10642	0	11463
14659	164	196	157	11017	0	11534
14660	155	144	170	11096	0	11565
14661	134	108	165	10789	0	11196
14662	154	10543	141	682	0	11520
14663	10615	419	144	381	0	11559
14664	10718	195	78	372	0	11363
14665	10528	164	47	348	0	11087
14666	567	9971	66	356	0	10960
14667	263	470	61	10068	0	10862
14668	224	225	9851	597	0	10897
14669	246	228	348	9798	0	10620
14670	313	9991	118	519	0	10941
14671	9851	436	86	278	0	10651
14672	9965	210	68	261	0	10504
14673	9862	201	80	211	0	10354
14674	542	9543	111	237	0	10433
14675	288	9290	148	225	0	9951
14676	259	9782	122	200	0	10363
14677	285	516	9410	168	0	10379
14678	359	389	8636	260	0	9644
14679	368	1148	340	5033	0	6889
14680	3868	51	138	112	0	4169
14681	3810	9	12	24	0	3855
14682	81	12	11	3920	0	4024
14683	28	16	6	3884	0	3934
14684	20	16	3	4008	0	4047
14685	19	12	9	4014	0	4054
14686	3981	15	12	86	0	4094
14687	4060	10	8	36	0	4114
14688	80	4165	12	26	0	4283
14689	4198	73	6	24	0	4301
14690	4230	21	9	21	0	4281
14691	4288	15	10	23	0	4336
14692	102	25	3720	25	0	3872
14693	4059	10	52	27	0	4148
14694	91	4151	16	22	0	4280
14695	39	76	8	4286	0	4409
14696	21	26	9	4356	0	4412
14697	22	4238	11	99	0	4370
14698	24	84	7	4404	0	4519
14699	4377	19	11	106	0	4513
14700	95	22	12	4437	0	4566
14701	41	15	4371	101	0	4528
14702	4268	10	84	43	0	4405
14703	96	4471	17	40	0	4624
14704	33	86	10	4510	0	4639
14705	20	33	10	4569	0	4632
14706	28	15	4	4574	0	4621
14707	25	16	4464	123	0	4628
14708	28	4419	74	55	0	4576
14709	30	81	23	4439	0	4573
14710	29	26	4352	92	0	4499
14711	23	25	76	4293	0	4417
14712	31	13	4293	94	0	4431
14713	23	45	78	4197	0	4343
14714	25	4151	28	92	0	4296
14715	24	70	18	4115	0	4227
14716	4061	22	18	96	0	4197
14717	4067	14	11	49	0	4141
14718	86	18	4056	32	0	4192
14719	26	12	3898	33	0	3969
14720	18	6	4182	27	0	4233
14721	12	23	77	4125	0	4237
14722	14	7	34	4337	0	4392
14723	10	6	17	4361	0	4394
14724	16	4348	7	105	0	4476
14725	15	79	11	4352	0	4457
14726	17	25	9	4535	0	4586
14727	22	16	13	4691	0	4742
14728	4634	10	16	117	0	4777
14729	4706	12	14	53	0	4785
14730	104	9	4691	35	0	4839
14731	40	13	4664	35	0	4752
14732	4702	12	98	31	0	4843
14733	4890	11	38	34	0	4973
14734	115	7	4950	33	0	5105
14735	35	11	4891	26	0	4963
14736	4837	11	117	30	0	4995
14737	4994	9	35	31	0	5069
14738	131	6	4995	27	0	5159
14739	50	9	106	4929	0	5094
14740	36	5	40	5030	0	5111
14741	30	5091	22	113	0	5256
14742	23	98	25	5221	0	5367
14743	22	26	5495	125	0	5668
14744	24	9	118	5505	0	5656
14745	20	12	49	5603	0	5684
14746	16	10	5465	160	0	5651
14747	5325	11	119	65	0	5520
14748	5585	8	47	47	0	5687
14749	145	11	22	5481	0	5659
14750	51	3	23	5607	0	5684
14751	5514	8	30	155	0	5707
14752	5545	7	26	63	0	5641
14753	5172	20	28	39	0	5259
14754	5552	9	22	40	0	5623
14755	147	5385	24	40	0	5596
14756	5385	97	21	35	0	5538
14757	133	5345	14	35	0	5527
14758	62	106	24	5392	0	5584
14759	33	36	21	5391	0	5481
14760	34	5234	14	159	0	5441
14761	35	105	15	5349	0	5504
14762	36	36	15	5314	0	5401
14763	33	5204	17	152	0	5406
14764	40	111	18	5270	0	5439
14765	30	42	18	5354	0	5444
14766	32	17	18	5376	0	5443
14767	33	15	5174	167	0	5389
14768	36	5045	109	64	0	5254
14769	41	134	41	4889	0	5105
14770	15	5059	20	133	0	5227
14771	4962	104	24	66	0	5156
14772	118	43	4894	47	0	5102
14773	51	21	4810	38	0	4920
14774	4622	20	123	53	0	4818
14775	119	64	69	4612	0	4864
14776	50	19	4437	99	0	4605
14777	31	7	4374	54	0	4466
14778	26	53	118	4192	0	4389
14779	4157	3	38	98	0	4296
14780	4192	16	19	48	0	4275
14781	116	10	21	4118	0	4265
14782	46	7	4026	93	0	4172
14783	26	4110	84	47	0	4267
14784	32	71	32	4126	0	4261
14785	24	35	4094	94	0	4247
14786	26	4034	80	57	0	4197
14787	36	77	34	3987	0	4134
14788	3884	40	22	89	0	4035
14789	78	26	17	3799	0	3920
14790	35	3863	16	95	0	4009
14791	3874	75	17	47	0	4013
14792	81	27	3978	32	0	4118
14793	44	3928	76	31	0	4079
14794	28	65	3926	35	0	4054
14795	3746	45	72	30	0	3893
14796	76	21	32	3657	0	3786
14797	36	10	24	3819	0	3889
14798	3797	12	19	92	0	3920
14799	73	16	17	3820	0	3926
14800	38	11	3735	81	0	3865
14801	3592	5	68	48	0	3713
14802	75	3759	35	34	0	3903
14803	38	69	10	3736	0	3853
14804	3704	22	17	83	0	3826
14805	71	3652	19	46	0	3788
14806	38	60	16	3750	0	3864
14807	3751	29	17	79	0	3876
14808	70	16	11	3740	0	3837
14809	43	3699	6	85	0	3833
14810	26	65	3761	44	0	3896
14811	21	38	57	3872	0	3988
14812	31	10	31	3733	0	3805
14813	3914	16	9	94	0	4033
14814	71	17	10	3930	0	4028
14815	3931	20	15	82	0	4048
14816	3965	12	10	48	0	4035
14817	88	11	13	3932	0	4044
14818	37	3947	6	88	0	4078
14819	31	67	7	3908	0	4013
14820	3670	28	11	83	0	3792
14821	72	3735	9	46	0	3862
14822	25	3779	11	17	0	3832
14823	3822	69	5	25	0	3921
14824	3878	21	3	26	0	3928
14825	73	3873	17	12	0	3975
14826	3871	77	27	14	0	3989
14827	3836	24	20	20	0	3900
14828	84	16	5	3802	0	3907
14829	37	4	3903	64	0	4008
14830	13	16	58	3890	0	3977
14831	14	8	3968	65	0	4055
14832	22	11	58	3966	0	4057
14833	13	7	3955	69	0	4044
14834	3768	13	56	27	0	3864
14835	48	3	29	3839	0	3919
14836	4022	3	13	60	0	4098
14837	65	15	4	3968	0	4052
14838	29	4070	4	64	0	4167
14839	4154	55	8	32	0	4249
14840	69	15	4046	17	0	4147
14841	3914	22	45	15	0	3996
14842	53	3950	18	15	0	4036
14843	3685	40	17	7	0	3749
14844	3717	10	4	11	0	3742
14845	55	3757	11	5	0	3828
14846	19	41	2	3912	0	3974
14847	3939	13	5	63	0	4020
14848	67	3924	6	18	0	4015
14849	18	55	2	4002	0	4077
14850	4049	21	2	65	0	4137
14851	69	11	5	4050	0	4135
14852	27	5	5	4087	0	4124
14853	21	8	3	4118	0	4150
14854	12	13	4014	82	0	4121
14855	13	5	54	4017	0	4089
14856	4059	5	14	72	0	4150
14857	61	10	4051	30	0	4152
14858	25	4	56	4077	0	4162
14859	25	7	17	4151	0	4200
14860	9	13	4085	84	0	4191
14861	4002	4	58	36	0	4100
14862	4176	6	21	21	0	4224
14863	83	3	4166	24	0	4276
14864	33	7	64	4113	0	4217
14865	21	4	23	4267	0	4315
14866	20	3	4402	86	0	4511
14867	14	9	67	4446	0	4536
14868	17	5	26	4478	0	4526
14869	16	3	4600	104	0	4723
14870	4522	4	75	42	0	4643
14871	82	9	23	4734	0	4848
14872	4705	3	16	101	0	4825
14873	4782	3	6	38	0	4829
14874	110	5	4758	26	0	4899
14875	39	5	87	4693	0	4824
14876	4731	4	22	106	0	4863
14877	92	4834	20	39	0	4985
14878	35	80	15	5014	0	5144
14879	25	24	17	5063	0	5129
14880	15	8	13	5175	0	5211
14881	18	7	5080	130	0	5235
14882	4737	5	95	53	0	4890
14883	97	4	34	4911	0	5046
14884	51	5	9	4966	0	5031
14885	32	3	4899	121	0	5055
14886	17	8	97	4889	0	5011
14887	19	5	29	5037	0	5090
14888	4915	6	20	131	0	5072
14889	97	4911	16	50	0	5074
14890	30	83	4926	47	0	5086
14891	4903	22	91	39	0	5055
14892	101	10	33	4874	0	5018
14893	35	6	4950	110	0	5101
14894	31	12	5043	51	0	5137
14895	28	12	106	5088	0	5234
14896	23	9	5203	110	0	5345
14897	17	4	5161	57	0	5239
14898	17	5051	116	37	0	5221
14899	23	81	38	5375	0	5517
14900	18	23	5420	109	0	5570
14901	16	16	97	5316	0	5445
14902	5513	6	42	119	0	5680
14903	95	7	21	5552	0	5675
14904	40	4	20	5678	0	5742
14905	5569	4	25	134	0	5732
14906	5684	4	17	62	0	5767
14907	111	7	24	5819	0	5961
14908	43	9	5875	111	0	6038
14909	24	5824	111	51	0	6010
14910	25	89	38	5910	0	6062
14911	5876	24	21	124	0	6045
14912	5885	13	26	52	0	5976
14913	134	5735	26	43	0	5938
14914	47	5909	14	34	0	6004
14915	5942	108	15	36	0	6101
14916	5994	29	22	35	0	6080
14917	138	14	6188	29	0	6369
14918	45	17	102	6058	0	6222
14919	20	6280	45	116	0	6461
14920	6545	100	25	46	0	6716
14921	127	40	22	6451	0	6640
14922	31	6464	25	123	0	6643
14923	26	104	6549	52	0	6731
14924	30	76	103	6282	0	6491
14925	17	6707	28	114	0	6866
14926	6767	101	24	46	0	6938
14927	6814	30	14	42	0	6900
14928	120	6767	15	20	0	6922
14929	6635	95	10	23	0	6763
14930	6635	22	6	26	0	6689
14931	118	6572	8	22	0	6720
14932	35	6717	14	13	0	6779
14933	22	120	16	6661	0	6819
14934	6692	27	11	105	0	6835
14935	101	16	6884	27	0	7028
14936	6508	17	85	20	0	6630
14937	83	6879	21	13	0	6996
14938	6868	79	13	22	0	6982
14939	6918	20	10	15	0	6963
14940	6951	10	13	19	0	6993
14941	107	12	7	6840	0	6966
14942	31	6831	7	88	0	6957
14943	6947	75	8	35	0	7065
14944	89	26	6998	11	0	7124
14945	29	6991	78	13	0	7111
14946	22	79	19	7178	0	7298
14947	8	27	6993	72	0	7100
14948	17	11	6988	20	0	7036
14949	18	16	78	6916	0	7028
14950	13	7	22	7300	0	7342
14951	10	8	13	7377	0	7408
14952	15	12	7	7238	0	7272
14953	13	7074	16	92	0	7195
14954	18	7365	7	24	0	7414
14955	7520	80	7	22	0	7629
14956	72	33	11	7528	0	7644
14957	25	15	11	7594	0	7645
14958	22	11	4	7701	0	7738
14959	7667	10	5	95	0	7777
14960	7714	11	7	33	0	7765
14961	88	15	5	7684	0	7792
14962	7809	9	5	88	0	7911
14963	7814	10	12	26	0	7862
14964	7936	10	7	21	0	7974
14965	97	11	8	7831	0	7947
14966	36	14	7526	68	0	7644
14967	27	9	7075	39	0	7150
14968	27	10	7288	23	0	7348
14969	23	11	7512	18	0	7564
14970	26	37	72	7441	0	7576
14971	7527	16	35	49	0	7627
14972	7478	15	9	22	0	7524
14973	73	9	7500	15	0	7597
14974	38	7	7701	12	0	7758
14975	13	8504	62	8	0	8587
14976	21	66	28	8612	0	8727
14977	8651	26	32	57	0	8766
14978	52	10	8594	29	0	8685
14979	8311	15	44	28	0	8398
14980	46	8907	23	23	0	8999
14981	26	51	7	9143	0	9227
14982	19	23	10	9435	0	9487
14983	23	9	7	9275	0	9314
14984	9567	10	3	95	0	9675
14985	66	15	4	9585	0	9670
14986	42	7	5	9649	0	9703
14987	9673	8	8	101	0	9790
14988	69	12	5	9648	0	9734
14989	39	10	9840	75	0	9964
14990	9732	8	57	55	0	9852
14991	76	6	27	9988	0	10097
14992	38	11	13	9911	0	9973
14993	29	9876	11	82	0	9998
14994	9937	65	7	46	0	10055
14995	10117	31	10	43	0	10201
14996	102	10	9	10043	0	10164
14997	50	8	10057	72	0	10187
14998	9391	7	69	50	0	9517
14999	83	12	10169	25	0	10289
15000	48	11	79	10004	0	10142
15001	24	13	36	10469	0	10542
15002	10515	11	21	121	0	10668
15003	97	10	12	10959	0	11078
15004	42	8	10970	113	0	11133
15005	10670	4	99	62	0	10835
15006	112	5	11562	28	0	11707
15007	47	11	11560	19	0	11637
15008	11963	9	127	33	0	12132
15009	130	10	51	12447	0	12638
15010	55	12697	29	114	0	12895
15011	12823	95	24	60	0	13002
15012	12832	40	15	34	0	12921
15013	148	14	12734	27	0	12923
15014	12650	11	119	26	0	12806
15015	140	14	55	12886	0	13095
15016	70	14	13037	119	0	13240
15017	42	12705	119	61	0	12927
15018	12634	109	55	39	0	12837
15019	113	12794	31	36	0	12974
15020	72	104	25	12703	0	12904
15021	42	52	11	12767	0	12872
15022	32	15	20	12682	0	12749
15023	27	18	15	12333	0	12393
15024	30	12323	20	156	0	12529
15025	23	92	12009	71	0	12195
15026	16	12137	90	53	0	12296
15027	12172	98	45	34	0	12349
15028	103	59	21	12206	0	12389
15029	12233	20	21	120	0	12394
15030	117	32	12	12290	0	12451
15031	12453	8	17	148	0	12626
15032	110	12572	12	72	0	12766
15033	12842	101	15	50	0	13008
15034	12884	45	19	41	0	12989
15035	12570	26	12	25	0	12633
15036	12629	20	20	40	0	12709
15037	171	12393	11	28	0	12603
15038	83	96	12407	30	0	12616
15039	63	38	90	12358	0	12549
15040	12457	26	49	108	0	12640
15041	12729	18	21	53	0	12821
15042	165	25	16	12870	0	13076
15043	85	17	13369	118	0	13589
15044	60	18	108	13096	0	13282
15045	42	13570	50	134	0	13796
15046	13763	119	33	84	0	13999
15047	145	63	22	13926	0	14156
15048	64	13785	23	157	0	14029
15049	54	14405	20	67	0	14546
15050	36	14744	15	51	0	14846
15051	37	189	12	15075	0	15313
15052	15191	70	15	159	0	15435
15053	151	15320	16	93	0	15580
15054	74	160	12	15519	0	15765
15055	15424	69	14	178	0	15685
15056	176	50	12	15480	0	15718
15057	15437	25	12	190	0	15664
15058	15514	26	10	94	0	15644
15059	216	15983	12	52	0	16263
15060	122	160	10	15443	0	15735
15061	65	16181	14	134	0	16394
15062	16114	176	14	77	0	16381
15063	16231	75	11	61	0	16378
15064	16386	43	16	43	0	16488
15065	250	32	16	16266	0	16564
15066	113	23	16168	180	0	16484
15067	15791	37	164	83	0	16075
15068	16335	35	57	65	0	16492
15069	240	33	33	16017	0	16323
15070	126	16322	29	178	0	16655
15071	92	176	9	16518	0	16795
15072	64	82	22	16753	0	16921
15073	16603	67	19	219	0	16908
15074	16190	49	15	115	0	16369
15075	242	40	15469	79	0	15830
15076	124	45	162	15371	0	15702
15077	15492	34	51	216	0	15793
15078	220	37	30	15527	0	15814
15079	111	46	15485	236	0	15878
15080	84	14787	166	117	0	15154
15081	71	15469	59	91	0	15690
15082	16225	205	50	71	0	16551
15083	251	78	23	17061	0	17413
15084	97	59	20	18983	0	19159
15085	18959	46	23	400	0	19428
15086	382	60	18821	161	0	19424
15087	162	40	325	18940	0	19467
15088	138	31	19031	401	0	19601
15089	101	19046	362	162	0	19671
15090	19442	340	140	142	0	20064
15091	19987	121	83	108	0	20299
15092	20315	89	72	81	0	20557
15093	532	65	19750	109	0	20456
15094	20271	67	359	93	0	20790
15095	20776	68	146	75	0	21065
15096	549	66	72	20664	0	21351
15097	17153	116	179	488	0	17936
15098	426	67	20327	159	0	20979
15099	20161	43	356	139	0	20699
15100	545	45	20168	93	0	20851
15101	283	20406	369	97	0	21155
15102	214	545	183	18629	0	19571
15103	190	20083	87	325	0	20685
15104	186	360	19721	120	0	20387
15105	129	20018	366	142	0	20655
15106	18958	388	130	79	0	19555
15107	361	18568	119	86	0	19134
15108	168	18464	64	86	0	18782
15109	162	383	18071	63	0	18679
15110	125	208	326	17903	0	18562
15111	18138	116	128	364	0	18746
15112	361	141	18109	122	0	18733
15113	181	18209	359	116	0	18865
15114	150	376	114	18180	0	18820
15115	162	139	18331	359	0	18991
15116	134	115	18203	145	0	18597
15117	111	112	426	18352	0	19001
15118	150	77	18459	366	0	19052
15119	117	79	423	16912	0	17531
15120	125	17853	171	357	0	18506
15121	101	326	162	17942	0	18531
15122	105	18117	127	367	0	18716
15123	121	391	122	18318	0	18952
15124	18142	158	118	418	0	18836
15125	404	118	114	18089	0	18725
15126	152	18149	84	464	0	18849
15127	131	383	106	18505	0	19125
15128	125	142	18296	447	0	19010
15129	109	149	355	18395	0	19008
15130	18416	91	148	463	0	19118
15131	395	110	17912	189	0	18606
15132	168	120	367	17922	0	18577
15133	17634	87	159	430	0	18310
15134	401	17555	142	219	0	18317
15135	190	369	135	17663	0	18357
15136	17877	142	98	463	0	18580
15137	447	118	136	17922	0	18623
15138	190	122	17795	467	0	18574
15139	17449	103	352	223	0	18127
15140	426	17683	193	161	0	18463
15141	179	17992	132	187	0	18490
15142	17973	396	153	158	0	18680
15143	17483	184	137	116	0	17920
15144	462	153	97	17233	0	17945
15145	17095	121	132	352	0	17700
15146	433	124	16361	202	0	17120
15147	16269	109	361	153	0	16892
15148	414	16250	149	156	0	16969
15149	16169	345	152	129	0	16795
15150	426	166	15811	125	0	16528
15151	256	172	369	15654	0	16451
15152	211	113	155	15792	0	16271
15153	146	128	153	14380	0	14807
15154	166	15292	125	389	0	15972
15155	15480	328	124	201	0	16133
15156	415	118	114	14245	0	14892
15157	202	14798	147	347	0	15494
15158	15891	320	120	221	0	16552
15159	15367	149	146	174	0	15836
15160	15559	146	100	176	0	15981
15161	15527	135	80	199	0	15941
15162	15269	112	81	163	0	15625
15163	445	119	112	15041	0	15717
15164	314	128	84	15027	0	15553
15165	14918	99	114	439	0	15570
15166	433	158	77	14901	0	15569
15167	253	138	84	15022	0	15497
15168	211	125	14007	462	0	14805
15169	14587	106	339	251	0	15283
15170	14823	121	132	251	0	15327
15171	14970	98	121	216	0	15405
15172	474	140	115	13560	0	14289
15173	236	14267	93	430	0	15026
15174	15477	313	115	200	0	16105
15175	14959	146	125	254	0	15484
15176	514	125	94	16436	0	17169
15177	16656	87	151	449	0	17343
15178	697	243	12530	287	0	13757
15179	297	16970	276	249	0	17792
15180	336	17444	156	248	0	18184
15181	409	465	16991	210	0	18075
15182	179	15821	355	195	0	16550
15183	215	15274	202	209	0	15900
15184	13448	220	195	118	0	13981
15185	187	13383	82	125	0	13777
15186	159	217	74	13584	0	14034
15187	13880	133	66	211	0	14290
15188	228	87	13605	150	0	14070
15189	13458	84	152	130	0	13824
15190	232	91	13392	107	0	13822
15191	152	61	13101	120	0	13434
15192	12805	64	212	116	0	13197
15193	223	51	13108	101	0	13483
15194	132	12541	159	66	0	12898
15195	160	199	169	12195	0	12723
15196	12144	81	71	162	0	12458
15197	184	11836	40	111	0	12171
15198	121	139	57	11891	0	12208
15199	87	95	11862	157	0	12201
15200	107	56	117	11880	0	12160
15201	11682	42	87	173	0	11984
15202	182	40	11573	112	0	11907
15203	148	31	135	11474	0	11788
15204	11582	48	87	185	0	11902
15205	11866	35	45	127	0	12073
15206	265	31	48	11734	0	12078
15207	173	39	34	11760	0	12006
15208	112	34	11881	223	0	12250
15209	131	27	11643	126	0	11927
15210	11678	26	189	87	0	11980
15211	11996	30	98	76	0	12200
15212	216	11821	63	65	0	12165
15213	11846	109	58	34	0	12047
15214	12166	76	47	51	0	12340
15215	247	39	12757	60	0	13103
15216	133	13104	131	71	0	13439
15217	13237	146	94	52	0	13529
15218	13286	85	42	28	0	13441
15219	13586	29	29	35	0	13679
15220	256	41	24	13283	0	13604
15221	162	47	13	13348	0	13570
15222	104	13292	19	209	0	13624
15223	84	157	17	13526	0	13784
15224	13440	76	18	198	0	13732
15225	199	41	17	13531	0	13788
15226	128	39	13268	195	0	13630
15227	79	36	13019	128	0	13262
15228	79	22	206	13171	0	13478
15229	60	24	13426	201	0	13711
15230	57	13	13211	140	0	13421
15231	53	29	252	13161	0	13495
15232	41	42	126	13519	0	13728
15233	52	15	13601	246	0	13914
15234	48	11	13484	121	0	13664
15235	51	13671	234	69	0	14025
15236	13699	155	130	84	0	14068
15237	179	14055	78	55	0	14367
15238	13954	172	61	50	0	14237
15239	14080	95	52	44	0	14271
15240	233	14027	34	46	0	14340
15241	14164	179	30	40	0	14413
15242	232	95	37	14008	0	14372
15243	133	50	14159	174	0	14516
15244	76	43	168	13959	0	14246
15245	65	38	90	14329	0	14522
15246	13804	34	48	257	0	14143
15247	13938	19	48	131	0	14136
15248	14026	26	29	80	0	14161
15249	14001	18	36	81	0	14136
15250	13719	21	30	68	0	13838
15251	298	13304	33	53	0	13688
15252	165	158	31	13633	0	13987
15253	101	94	13669	191	0	14055
15254	86	34	167	13646	0	13933
15255	90	41	87	13607	0	13825
15256	66	29	55	14231	0	14381
15257	14502	23	45	295	0	14865
15258	252	23	43	14519	0	14837
15259	14786	25	28	298	0	15137
15260	299	24	15084	155	0	15562
15261	155	16	257	17280	0	17708
15262	95	14	18009	410	0	18528
15263	17989	16	379	194	0	18578
15264	397	24	154	18235	0	18810
15265	186	25	18393	413	0	19017
15266	105	15	381	18478	0	18979
15267	18581	16	184	451	0	19232
15268	428	26	18411	206	0	19071
15269	18486	16	384	149	0	19035
15270	19083	19	184	102	0	19388
15271	18980	12	106	109	0	19207
15272	18790	9	67	100	0	18966
15273	552	18152	79	92	0	18875
15274	234	17484	70	94	0	17882
15275	166	17093	71	90	0	17420
15276	173	770	80	15317	0	16340
15277	77	15765	61	277	0	16180
15278	15286	319	58	105	0	15768
15279	328	14895	47	86	0	15356
15280	136	15363	39	57	0	15595
15281	104	338	61	15236	0	15739
15282	86	128	51	15559	0	15824
15283	15259	78	46	394	0	15777
15284	342	58	50	15265	0	15715
15285	160	58	14869	353	0	15440
15286	100	64	14027	163	0	14354
15287	111	56	14581	109	0	14857
15288	116	49	383	14331	0	14879
15289	129	37	120	15317	0	15603
15290	128	42	14855	407	0	15432
15291	119	50	14609	165	0	14943
15292	123	72	15281	84	0	15560
15293	15325	77	432	94	0	15928
15294	359	72	167	15702	0	16300
15295	142	68	96	16037	0	16343
15296	15907	72	77	470	0	16526
15297	376	81	72	15836	0	16365
15298	162	15637	76	421	0	16296
15299	108	16338	67	185	0	16698
15300	105	405	55	16240	0	16805
15301	16164	133	44	446	0	16787
15302	16290	85	58	214	0	16647
15303	16455	55	76	169	0	16755
15304	477	41	90	16209	0	16817
15305	212	41	15849	414	0	16516
15306	139	29	364	15941	0	16473
15307	94	38	15863	467	0	16462
15308	15444	32	419	212	0	16107
15309	409	26	182	15624	0	16241
15310	15301	39	159	452	0	15951
15311	433	41	15434	211	0	16119
15312	14871	23	406	183	0	15483
15313	472	22	15787	129	0	16410
15314	248	14750	400	134	0	15532
15315	172	14907	148	153	0	15380
15316	14527	391	130	131	0	15179
15317	420	168	78	14409	0	15075
15318	207	97	14455	392	0	15151
15319	150	14047	325	178	0	14700
15320	145	14726	142	115	0	15128
15321	156	430	71	14590	0	15247
15322	14698	160	60	414	0	15332
15323	14862	98	72	176	0	15208
15324	455	14679	78	143	0	15355
15325	14844	366	84	133	0	15427
15326	416	139	81	14780	0	15416
15327	199	102	14640	402	0	15343
15328	158	14706	365	200	0	15429
15329	153	354	159	14711	0	15377
15330	137	134	107	14923	0	15301
15331	14636	81	88	484	0	15289
15332	417	73	14422	201	0	15113
15333	14305	84	383	133	0	14905
15334	14670	81	155	119	0	15025
15335	491	75	121	14306	0	14993
15336	216	78	106	14620	0	15020
15337	14021	86	85	481	0	14673
15338	426	80	89	14125	0	14720
15339	199	80	13897	465	0	14641
15340	128	88	13763	198	0	14177
15341	116	13500	425	155	0	14196
15342	123	14440	155	149	0	14867
15343	152	425	96	13708	0	14381
15344	144	13880	69	380	0	14473
15345	14049	393	71	212	0	14725
15346	402	14203	72	160	0	14837
15347	185	394	73	14248	0	14900
15348	111	172	71	14563	0	14917
15349	99	130	14204	500	0	14933
15350	121	93	360	14138	0	14712
15351	130	62	150	14471	0	14813
15352	147	14466	109	477	0	15199
15353	156	353	88	14608	0	15205
15354	138	129	92	15025	0	15384
15355	187	83	14551	542	0	15363
15356	109	14386	375	261	0	15131
15357	130	1020	132	12834	0	14116
15358	103	13693	98	372	0	14266
15359	99	322	13138	188	0	13747
15360	66	12723	295	178	0	13262
15361	10168	350	192	152	0	10862
15362	9856	60	51	33	0	10000
15363	9764	49	22	36	0	9871
15364	185	9668	20	30	0	9903
15365	9585	151	23	35	0	9794
15366	181	94	15	9432	0	9722
15367	9319	46	15	156	0	9536
15368	155	9274	24	59	0	9512
15369	9309	145	16	58	0	9528
15370	9483	57	17	46	0	9603
15371	177	9637	14	41	0	9869
15372	90	145	9579	48	0	9862
15373	64	57	145	10308	0	10574
15374	50	62	10902	195	0	11209
15375	39	42	239	11164	0	11484
15376	41	20	70	11784	0	11915
15377	31	33	11799	335	0	12198
15378	30	41	277	11837	0	12185
15379	11937	24	79	349	0	12389
15380	287	23	11934	124	0	12368
15381	81	11905	294	74	0	12354
15382	69	288	75	11786	0	12218
15383	53	68	53	12254	0	12428
15384	53	51	11959	366	0	12429
15385	43	50	279	11637	0	12009
15386	34	11840	78	326	0	12278
15387	11636	274	77	130	0	12117
15388	272	11679	46	85	0	12082
15389	11005	287	33	57	0	11382
15390	253	11034	25	55	0	11367
15391	81	11373	44	41	0	11539
15392	53	309	10759	39	0	11160
15393	73	170	311	10494	0	11048
15394	39	83	61	10498	0	10681
15395	35	42	51	10808	0	10936
15396	29	10985	39	365	0	11418
15397	36	296	31	11146	0	11509
15398	11077	104	27	381	0	11589
15399	320	58	38	11178	0	11594
15400	11122	48	28	400	0	11598
15401	366	38	11070	149	0	11623
15402	11165	39	313	118	0	11635
15403	373	41	105	11203	0	11722
15404	120	45	62	11766	0	11993
15405	11711	32	64	438	0	12245
15406	354	40	11731	178	0	12303
15407	123	11700	330	143	0	12296
15408	86	342	104	11905	0	12437
15409	11824	116	73	379	0	12392
15410	12175	85	59	141	0	12460
15411	446	75	37	11894	0	12452
15412	170	73	11770	418	0	12431
15413	11367	47	344	147	0	11905
15414	390	61	11530	110	0	12091
15415	161	70	380	11370	0	11981
15416	95	54	11448	415	0	12012
15417	88	79	360	11362	0	11889
15418	71	54	11156	432	0	11713
15419	65	11061	370	199	0	11695
15420	98	351	130	10248	0	10827
15421	61	11080	86	345	0	11572
15422	11069	347	65	157	0	11638
15423	11323	112	64	118	0	11617
15424	432	71	10915	115	0	11533
15425	185	56	326	10886	0	11453
15426	11039	50	131	379	0	11599
15427	397	40	100	10924	0	11461
15428	166	51	78	11068	0	11363
15429	105	42	10641	489	0	11277
15430	10414	44	341	233	0	11032
15431	392	30	10769	152	0	11343
15432	162	48	371	10741	0	11322
15433	131	44	10764	405	0	11344
15434	10663	41	390	201	0	11295
15435	10876	40	161	141	0	11218
15436	10908	34	132	134	0	11208
15437	487	52	109	10626	0	11274
15438	205	35	10429	412	0	11081
15439	151	40	10611	194	0	10996
15440	132	93	431	9863	0	10519
15441	91	10337	188	409	0	11025
15442	10036	331	152	187	0	10706
15443	390	124	109	10076	0	10699
15444	181	91	10020	387	0	10679
15445	133	77	334	10145	0	10689
15446	127	74	10310	425	0	10936
15447	130	92	377	10429	0	11028
15448	124	50	10463	448	0	11085
15449	135	69	10466	218	0	10888
15450	104	10196	442	199	0	10941
15451	110	308	10256	151	0	10825
15452	113	110	10326	151	0	10700
15453	139	82	469	8730	0	9420
15454	108	62	195	9334	0	9699
15455	110	9644	134	409	0	10297
15456	9675	290	129	191	0	10285
15457	358	9631	119	156	0	10264
15458	173	301	105	9666	0	10245
15459	9690	117	144	366	0	10317
15460	380	73	109	9687	0	10249
15461	9691	54	121	399	0	10265
15462	390	48	100	9828	0	10366
15463	189	52	9754	432	0	10427
15464	154	46	338	9873	0	10411
15465	123	50	171	10157	0	10501
15466	9849	52	129	471	0	10501
15467	9915	38	116	266	0	10335
15468	9795	43	129	169	0	10136
15469	436	9217	129	155	0	9937
15470	177	9403	121	143	0	9844
15471	9261	337	127	136	0	9861
15472	361	122	9262	126	0	9871
15473	151	91	8764	129	0	9135
15474	146	297	358	7761	0	8562
15475	70	38	7910	265	0	8283
15476	64	29	7564	123	0	7780
15477	7211	41	294	99	0	7645
15478	7368	28	134	84	0	7614
15479	250	7246	75	71	0	7642
15480	116	7503	64	58	0	7741
15481	100	196	62	6668	0	7026
15482	60	7373	49	174	0	7656
15483	7494	186	58	106	0	7844
15484	210	73	44	7266	0	7593
15485	106	7493	41	195	0	7835
15486	7712	161	52	98	0	8023
15487	203	78	7667	71	0	8019
15488	101	39	7560	73	0	7773
15489	7623	27	229	60	0	7939
15490	203	35	7535	68	0	7841
15491	7416	18	183	53	0	7670
15492	200	46	86	7426	0	7758
15493	100	27	7440	161	0	7728
15494	66	7217	179	94	0	7556
15495	47	7465	90	68	0	7670
15496	6764	132	52	29	0	6977
15497	116	6860	33	32	0	7041
15498	6590	104	28	24	0	6746
15499	6589	34	33	19	0	6675
15500	116	6524	29	26	0	6695
15501	37	99	37	6436	0	6609
15502	27	27	6604	104	0	6762
15503	18	6796	111	31	0	6956
15504	21	226	44	6867	0	7158
15505	18	47	30	7386	0	7481
15506	7183	11	12	141	0	7347
15507	116	10	9	7135	0	7270
15508	32	12	7105	129	0	7278
15509	22	7054	117	36	0	7229
15510	16	123	32	7126	0	7297
15511	7141	33	14	131	0	7319
15512	7332	16	13	34	0	7395
15513	146	21	12	7298	0	7477
15514	7525	10	9	130	0	7674
15515	148	7	7531	41	0	7727
15516	49	10	135	7530	0	7724
15517	34	8	7664	148	0	7854
15518	18	9	142	8135	0	8304
15519	16	12	45	8132	0	8205
15520	20	8	24	8223	0	8275
15521	17	17	16	8207	0	8257
15522	18	13	12	8166	0	8209
15523	8019	13	11	248	0	8291
15524	8182	9	7	88	0	8286
15525	214	8073	12	61	0	8360
15526	8216	160	25	49	0	8450
15527	190	51	20	8196	0	8457
15528	68	18	17	8381	0	8484
15529	47	18	23	8376	0	8464
15530	49	9	8376	240	0	8674
15531	36	9	172	8070	0	8287
15532	37	8288	46	203	0	8574
15533	8336	170	32	78	0	8616
15534	8411	49	23	67	0	8550
15535	228	25	8232	51	0	8536
15536	75	8269	175	64	0	8583
15537	55	168	54	8298	0	8575
15538	43	54	8365	217	0	8679
15539	36	33	177	7956	0	8202
15540	27	8132	52	238	0	8449
15541	8031	170	35	103	0	8339
15542	202	8098	27	63	0	8390
15543	67	187	8103	56	0	8413
15544	67	62	8016	47	0	8192
15545	50	7822	198	56	0	8126
15546	36	7850	53	68	0	8007
15547	7578	189	47	58	0	7872
15548	7682	58	39	47	0	7826
15549	216	44	22	7622	0	7904
15550	74	50	7535	189	0	7848
15551	60	26	178	7525	0	7789
15552	56	31	52	7602	0	7741
15553	7452	29	37	226	0	7744
15554	7452	39	35	86	0	7612
15555	218	23	36	7702	0	7979
15556	63	33	7741	210	0	8047
15557	38	7776	185	100	0	8099
15558	7807	201	67	60	0	8135
15559	213	8071	35	61	0	8380
15560	85	232	24	8294	0	8635
15561	57	76	31	8679	0	8843
15562	54	38	37	8647	0	8776
15563	27	43	43	8531	0	8644
15564	8253	47	33	303	0	8636
15565	241	33	23	8296	0	8593
15566	94	8174	17	267	0	8552
15567	73	200	18	8311	0	8602
15568	8092	59	33	278	0	8462
15569	222	8122	33	141	0	8518
15570	80	210	35	8184	0	8509
15571	64	83	8020	253	0	8420
15572	7961	47	199	116	0	8323
15573	253	45	57	8026	0	8381
15574	99	24	7879	257	0	8259
15575	59	41	7802	115	0	8017
15576	90	93	250	7714	0	8147
15577	7670	48	93	253	0	8064
15578	7772	38	52	120	0	7982
15579	242	7844	45	95	0	8226
15580	7750	193	26	106	0	8075
15581	7904	68	28	100	0	8100
15582	7909	43	31	88	0	8071
15583	7811	39	33	99	0	7982
15584	291	32	24	7613	0	7960
15585	124	31	27	7738	0	7920
15586	91	39	7301	275	0	7706
15587	61	6988	174	129	0	7352
15588	56	7235	65	112	0	7468
15589	62	209	7126	81	0	7478
15590	6985	79	187	85	0	7336
15591	199	44	72	7111	0	7426
15592	7147	42	54	210	0	7453
15593	7176	32	42	108	0	7358
15594	255	38	6984	68	0	7345
15595	113	33	172	7007	0	7325
15596	7060	24	63	208	0	7355
15597	230	33	39	7017	0	7319
15598	111	37	6969	220	0	7337
15599	75	227	181	6669	0	7152
15600	85	6959	78	174	0	7296
15601	65	7150	40	103	0	7358
15602	67	200	6803	63	0	7133
15603	62	6597	157	56	0	6872
15604	5977	177	89	68	0	6311
15605	5849	60	28	45	0	5982
15606	153	20	34	5735	0	5942
15607	62	26	28	5834	0	5950
15608	53	25	13	5890	0	5981
15609	5716	17	19	164	0	5916
15610	131	5749	16	68	0	5964
15611	5685	105	13	48	0	5851
15612	5636	43	15	44	0	5738
15613	159	5594	7	44	0	5804
15614	5324	94	13	28	0	5459
15615	110	5349	19	33	0	5511
15616	5403	103	13	33	0	5552
15617	120	36	5282	38	0	5476
15618	4669	61	119	18	0	4867
15619	83	4782	23	26	0	4914
15620	51	71	36	4747	0	4905
15621	29	21	6	4962	0	5018
15622	31	13	9	4993	0	5046
15623	5067	13	4	120	0	5204
15624	92	17	11	5156	0	5276
15625	44	8	5084	108	0	5244
15626	4988	14	84	44	0	5130
15627	97	20	5070	33	0	5220
15628	39	30	96	5032	0	5197
15629	41	14	5081	104	0	5240
15630	25	41	85	4866	0	5017
15631	22	4956	35	100	0	5113
15632	23	85	23	4887	0	5018
15633	21	4921	20	90	0	5052
15634	30	77	13	4973	0	5093
15635	4965	32	18	103	0	5118
15636	97	16	14	5147	0	5274
15637	5166	11	15	106	0	5298
15638	100	14	4971	41	0	5126
15639	5050	17	75	31	0	5173
15640	5141	15	30	30	0	5216
15641	5175	17	12	22	0	5226
15642	124	13	18	5137	0	5292
15643	5076	11	9	92	0	5188
15644	119	12	4899	35	0	5065
15645	4925	12	81	36	0	5054
15646	104	16	4923	35	0	5078
15647	4973	11	87	26	0	5097
15648	108	14	37	5029	0	5188
15649	53	15	5118	92	0	5278
15650	40	9	86	5110	0	5245
15651	36	10	38	5202	0	5286
15652	35	13	5095	118	0	5261
15653	4892	4	90	56	0	5042
15654	97	5196	30	39	0	5362
15655	5045	69	25	37	0	5176
15656	81	4949	15	24	0	5069
15657	4842	65	23	26	0	4956
15658	86	21	4766	18	0	4891
15659	4263	68	90	36	0	4457
15660	57	4253	19	17	0	4346
15661	37	36	28	4094	0	4195
15662	21	13	10	4185	0	4229
15663	17	8	7	4219	0	4251
15664	18	8	4223	56	0	4305
15665	22	6	43	4209	0	4280
15666	15	3	4431	57	0	4506
15667	4603	4	48	21	0	4676
15668	4944	2	22	22	0	4990
15669	81	7	11	4992	0	5091
15670	30	2	5065	71	0	5168
15671	5017	3	71	30	0	5121
15672	83	6	6025	20	0	6134
15673	30	3	89	6018	0	6140
15674	13	5	31	6232	0	6281
15675	18	4	15	6452	0	6489
15676	17	1	18	6520	0	6556
15677	6320	4	15	131	0	6470
15678	106	6349	8	49	0	6512
15679	42	96	6149	18	0	6305
15680	17	6149	95	26	0	6287
15681	6195	100	34	17	0	6346
15682	108	30	15	6190	0	6343
15683	6234	11	16	119	0	6380
15684	111	11	12	6250	0	6384
15685	40	8	17	6260	0	6325
15686	26	10	8	6311	0	6355
15687	16	5	6131	146	0	6298
15688	13	6041	103	59	0	6216
15689	26	92	6151	30	0	6299
15690	16	26	111	6192	0	6345
15691	6267	12	34	123	0	6436
15692	6274	14	14	54	0	6356
15693	6306	9	18	38	0	6371
15694	122	6264	15	37	0	6438
15695	6456	93	15	49	0	6613
15696	120	27	15	6481	0	6643
15697	46	13	17	6614	0	6690
15698	24	12	17	6619	0	6672
15699	22	6596	16	134	0	6768
15700	32	97	14	6393	0	6536
15701	30	6594	14	113	0	6751
15702	6581	106	19	51	0	6757
15703	6682	33	10	40	0	6765
15704	134	14	12	6729	0	6889
15705	56	14	6619	129	0	6818
15706	6559	15	95	65	0	6734
15707	130	16	31	6752	0	6929
15708	42	13	6738	135	0	6928
15709	6527	15	108	60	0	6710
15710	120	14	30	6805	0	6969
15711	6800	11	17	130	0	6958
15712	120	6772	12	57	0	6961
15713	52	100	15	6691	0	6858
15714	32	6928	12	126	0	7098
15715	43	142	20	6991	0	7196
15716	25	7046	18	124	0	7213
15717	43	111	10	7148	0	7312
15718	28	34	7030	120	0	7212
15719	6097	21	98	71	0	6287
15720	104	6969	38	37	0	7148
15721	50	89	6834	23	0	6996
15722	6689	27	89	36	0	6841
15723	103	19	29	6889	0	7040
15724	43	14	6833	99	0	6989
15725	22	6812	75	52	0	6961
15726	17	78	37	6930	0	7062
15727	17	37	7041	97	0	7192
15728	17	21	83	6991	0	7112
15729	19	16	21	7138	0	7194
15730	21	15	7265	109	0	7410
15731	20	17	85	7266	0	7388
15732	25	11	7429	104	0	7569
15733	20	9	91	7419	0	7539
15734	16	15	7684	113	0	7828
15735	19	13	91	7661	0	7784
15736	25	7	38	7621	0	7691
15737	23	15	19	7587	0	7644
15738	16	7497	29	109	0	7651
15739	7521	92	16	62	0	7691
15740	7635	33	15	39	0	7722
15741	122	13	16	7655	0	7806
15742	7700	19	16	116	0	7851
15743	102	17	7707	56	0	7882
15744	37	7757	98	42	0	7934
15745	7845	93	28	43	0	8009
15746	94	7856	23	40	0	8013
15747	33	90	19	7973	0	8115
15748	16	43	24	8019	0	8102
15749	7769	17	17	139	0	7942
15750	102	26	17	7817	0	7962
15751	45	15	7792	117	0	7969
15752	32	7740	97	50	0	7919
15753	7899	94	35	34	0	8062
15754	106	28	16	7844	0	7994
15755	43	7999	11	118	0	8171
15756	26	100	21	7964	0	8111
15757	21	8185	21	112	0	8339
15758	8218	106	16	55	0	8395
15759	8224	36	13	42	0	8315
15760	135	17	8124	40	0	8316
15761	51	25	8073	42	0	8191
15762	30	15	111	8127	0	8283
15763	24	8253	29	99	0	8405
15764	23	97	17	8376	0	8513
15765	8338	38	18	115	0	8509
15766	106	16	8187	56	0	8365
15767	38	25	72	7839	0	7974
15768	25	10	7847	83	0	7965
15769	21	14	7516	38	0	7589
15770	19	7949	84	29	0	8081
15771	105	247	55	7388	0	7795
15772	6986	22	24	55	0	7087
15773	45	6	6951	18	0	7020
15774	11	6818	44	10	0	6883
15775	6684	29	10	15	0	6738
15776	34	11	2	6705	0	6752
15777	6892	5	4	45	0	6946
15778	6896	4	1	29	0	6930
15779	6932	0	6	21	0	6959
15780	38	4	7211	8	0	7261
15781	6885	1	35	15	0	6936
15782	7288	3	12	13	0	7316
15783	40	7372	3	11	0	7426
15784	12	32	3	7494	0	7541
15785	13	10	5	7399	0	7427
15786	7	9	4	7531	0	7551
15787	7527	5	6	45	0	7583
15788	7314	5	4	22	0	7345
15789	47	12	7486	11	0	7556
15790	15	2	36	7416	0	7469
15791	12	7428	8	28	0	7476
15792	7520	29	6	16	0	7571
15793	40	11	7532	7	0	7590
15794	18	3	39	7316	0	7376
15795	14	6	11	7365	0	7396
15796	8	7358	9	47	0	7422
15797	2	40	6	7400	0	7448
15798	13	11	19	6961	0	7004
15799	7	6	3	7333	0	7349
15800	7302	4	4	56	0	7366
15801	52	0	4	7168	0	7224
15802	11	4	8	7182	0	7205
15803	7299	2	6	67	0	7374
15804	46	10	3	7335	0	7394
15805	14	7764	2	52	0	7832
15806	8098	64	4	29	0	8195
15807	8429	20	6	18	0	8473
15808	8653	14	5	15	0	8687
15809	9340	7	3	13	0	9363
15810	177	10099	2	14	0	10292
15811	11216	181	0	24	0	11421
15812	11511	40	8	18	0	11577
15813	321	30	4	11304	0	11659
15814	88	10	11143	271	0	11512
15815	52	8	252	11087	0	11399
15816	30	1	47	11229	0	11307
15817	27	7	35	11134	0	11203
15818	13	7	14	11132	0	11166
15819	19	8	9	11209	0	11245
15820	10762	5	4	370	0	11141
15821	274	10	4	10864	0	11152
15822	63	8	10981	315	0	11367
15823	59	4	265	10889	0	11217
15824	21	11027	48	308	0	11404
15825	27	282	40	11087	0	11436
15826	20	51	11088	304	0	11463
15827	10157	38	265	100	0	10560
15828	10836	8	55	76	0	10975
15829	325	10	11170	39	0	11544
15830	87	11159	266	33	0	11545
15831	11362	255	76	46	0	11739
15832	11533	49	35	38	0	11655
15833	11586	40	12	38	0	11676
15834	11434	14	15	33	0	11496
15835	383	10	11	11083	0	11487
15836	141	18	11246	280	0	11685
15837	94	14	277	11309	0	11694
15838	56	10	62	11830	0	11958
15839	73	12	11630	362	0	12077
15840	55	33	11571	128	0	11787
15841	11326	16	350	80	0	11772
15842	336	11573	108	63	0	12080
15843	119	287	67	11608	0	12081
15844	87	67	11473	341	0	11968
15845	11001	42	318	145	0	11506
15846	320	23	11488	120	0	11951
15847	11173	16	335	121	0	11645
15848	355	11481	90	106	0	12032
15849	122	292	74	11527	0	12015
15850	115	70	11405	362	0	11952
15851	10898	59	299	158	0	11414
15852	341	11238	97	117	0	11793
15853	125	11694	88	79	0	11986
15854	104	344	60	11506	0	12014
15855	77	118	55	11815	0	12065
15856	11992	88	60	400	0	12540
15857	391	11946	50	166	0	12553
15858	158	356	58	12198	0	12770
15859	12130	91	48	425	0	12694
15860	12660	73	53	154	0	12940
15861	12906	52	43	125	0	13126
15862	529	51	12873	115	0	13568
15863	232	27	13293	109	0	13661
15864	13895	26	434	128	0	14483
15865	506	13904	153	121	0	14684
15866	172	14273	117	115	0	14677
15867	143	483	85	13524	0	14235
15868	103	14005	74	468	0	14650
15869	14008	483	73	209	0	14773
15870	480	149	89	13925	0	14643
15871	185	102	13876	505	0	14668
15872	13866	75	457	164	0	14562
15873	14383	80	149	144	0	14756
15874	607	79	124	13966	0	14776
15875	259	79	86	14318	0	14742
15876	207	69	90	14374	0	14740
15877	182	76	84	14270	0	14612
15878	167	70	13479	645	0	14361
15879	144	13384	439	291	0	14258
15880	171	472	153	12657	0	13453
15881	131	13397	122	509	0	14159
15882	143	517	111	12594	0	13365
15883	138	13202	83	494	0	13917
15884	13158	547	71	252	0	14028
15885	13406	186	61	228	0	13881
15886	566	13146	89	215	0	14016
15887	13302	477	105	172	0	14056
15888	610	179	83	13242	0	14114
15889	13127	160	95	534	0	13916
15890	604	13096	103	221	0	14024
15891	13232	495	81	168	0	13976
15892	13582	194	107	128	0	14011
15893	693	161	85	13028	0	13967
15894	304	135	12952	511	0	13902
15895	234	12921	455	214	0	13824
15896	226	484	178	13042	0	13930
15897	13079	226	120	542	0	13967
15898	563	192	12926	240	0	13921
15899	271	147	439	12871	0	13728
15900	217	145	156	13298	0	13816
15901	13140	95	115	663	0	14013
15902	13376	119	114	304	0	13913
15903	13218	118	97	244	0	13677
15904	674	12688	94	223	0	13679
15905	12373	458	86	200	0	13117
15906	565	165	11725	214	0	12669
15907	256	125	11462	197	0	12040
15908	211	115	11506	180	0	12012
15909	270	561	562	9952	0	11345
15910	139	107	9757	348	0	10351
15911	8631	62	236	152	0	9081
15912	270	49	93	8786	0	9198
15913	151	65	8915	258	0	9389
15914	9170	59	224	154	0	9607
15915	304	74	93	9324	0	9795
15916	175	62	71	9608	0	9916
15917	9620	69	74	314	0	10077
15918	293	60	84	9950	0	10387
15919	144	67	9993	307	0	10511
15920	135	59	237	10129	0	10560
15921	137	56	10311	299	0	10803
15922	107	69	284	10119	0	10579
15923	10025	43	107	319	0	10494
15924	305	9729	72	171	0	10277
15925	164	10064	77	129	0	10434
15926	149	272	69	9885	0	10375
15927	120	112	55	9987	0	10274
15928	110	9660	63	343	0	10176
15929	135	9594	51	170	0	9950
15930	104	267	80	9354	0	9805
15931	98	115	84	9449	0	9746
15932	9090	67	77	347	0	9581
15933	262	9007	64	188	0	9521
15934	133	8968	71	150	0	9322
15935	110	9320	60	114	0	9604
15936	8908	291	73	128	0	9400
15937	271	116	8895	111	0	9393
15938	8700	85	237	124	0	9146
15939	276	62	93	8618	0	9049
15940	131	8288	72	275	0	8766
15941	109	8801	54	125	0	9089
15942	8650	248	56	120	0	9074
15943	267	108	63	8424	0	8862
15944	103	9097	71	265	0	9536
15945	9269	253	70	135	0	9727
15946	9470	108	56	119	0	9753
15947	321	79	9284	88	0	9772
15948	9342	70	227	83	0	9722
15949	9599	51	97	105	0	9852
15950	328	60	68	9319	0	9775
15951	143	9111	57	286	0	9597
15952	119	9427	40	147	0	9733
15953	96	323	45	9274	0	9738
15954	8958	120	43	314	0	9435
15955	281	90	8477	149	0	8997
15956	157	63	8458	93	0	8771
15957	165	56	8292	82	0	8595
15958	128	70	8420	82	0	8700
15959	81	8325	230	82	0	8718
15960	73	8377	89	76	0	8615
15961	135	266	7771	53	0	8225
15962	87	129	7666	64	0	7946
15963	44	7080	159	59	0	7342
15964	34	102	68	6534	0	6738
15965	15	34	6857	92	0	6998
15966	13	21	92	6653	0	6779
15967	12	10	32	7053	0	7107
15968	17	9	15	7190	0	7231
15969	8	12	13	7489	0	7522
15970	7	11	7373	164	0	7555
15971	8	11	125	7165	0	7309
15972	7300	8	40	153	0	7501
15973	133	10	7202	43	0	7388
15974	7329	9	138	31	0	7507
15975	145	6	38	7507	0	7696
15976	48	10	7563	139	0	7760
15977	7494	9	150	42	0	7695
15978	149	10	50	7637	0	7846
15979	7691	10	25	156	0	7882
15980	153	9	27	7548	0	7737
15981	50	7546	18	161	0	7775
15982	24	137	7778	68	0	8007
15983	28	33	148	7870	0	8079
15984	7893	16	46	172	0	8127
15985	7980	20	33	59	0	8092
15986	8000	15	27	42	0	8084
15987	7968	21	23	40	0	8052
15988	7844	26	22	33	0	7925
15989	181	7827	15	37	0	8060
15990	7888	151	21	36	0	8096
15991	166	52	7781	31	0	8030
15992	7757	30	146	36	0	7969
15993	169	30	43	7533	0	7775
15994	60	26	7787	150	0	8023
15995	34	36	7795	57	0	7922
15996	37	27	168	7777	0	8009
15997	7875	22	50	168	0	8115
15998	168	7780	33	60	0	8041
15999	7811	158	23	38	0	8030
16000	168	7885	29	36	0	8118
16001	73	163	26	8047	0	8309
16002	55	49	22	8242	0	8368
16003	8171	33	23	191	0	8418
16004	188	29	22	8183	0	8422
16005	72	25	8186	176	0	8459
16006	8187	18	153	63	0	8421
16007	184	22	51	8289	0	8546
16008	76	23	31	8312	0	8442
16009	63	19	8151	194	0	8427
16010	7639	31	159	87	0	7916
16011	8169	29	52	43	0	8293
16012	202	8115	26	46	0	8389
16013	67	138	7852	37	0	8094
16014	63	41	7657	24	0	7785
16015	59	85	165	7420	0	7729
16016	52	48	63	7368	0	7531
16017	43	7390	35	149	0	7617
16018	30	125	7101	52	0	7308
16019	31	37	126	6888	0	7082
16020	27	14	7060	133	0	7234
16021	31	28	119	6702	0	6880
16022	28	6826	46	109	0	7009
16023	23	108	23	6967	0	7121
16024	30	35	25	6999	0	7089
16025	24	16	27	6973	0	7040
16026	6877	15	23	163	0	7078
16027	123	16	6812	64	0	7015
16028	38	7058	117	45	0	7258
16029	32	120	48	7453	0	7653
16030	7695	36	24	146	0	7901
16031	141	18	23	7922	0	8104
16032	8024	14	32	164	0	8234
16033	157	14	8159	68	0	8398
16034	8194	10	156	49	0	8409
16035	172	9	54	8434	0	8669
16036	79	10	8449	174	0	8712
16037	43	8306	161	83	0	8593
16038	48	145	50	8279	0	8522
16039	30	48	29	8528	0	8635
16040	8310	25	30	211	0	8576
16041	178	8177	26	77	0	8458
16042	65	8048	22	65	0	8200
16043	36	8390	24	47	0	8497
16044	7802	172	40	33	0	8047
16045	163	7811	18	33	0	8025
16046	79	155	21	7709	0	7964
16047	50	39	26	7806	0	7921
16048	7711	28	19	186	0	7944
16049	155	7665	18	60	0	7898
16050	48	126	18	7803	0	7995
16051	7921	44	15	170	0	8150
16052	7930	21	21	65	0	8037
16053	7890	21	17	49	0	7977
16054	168	7805	22	41	0	8036
16055	7716	130	18	37	0	7901
16056	157	62	16	7575	0	7810
16057	52	7417	14	141	0	7624
16058	31	7606	6	67	0	7710
16059	69	169	15	7490	0	7743
16060	7406	57	22	147	0	7632
16061	7603	24	14	69	0	7710
16062	168	29	17	7305	0	7519
16063	63	7246	17	141	0	7467
16064	7317	124	18	63	0	7522
16065	136	43	7152	40	0	7371
16066	45	27	7000	46	0	7118
16067	6841	21	112	35	0	7009
16068	121	30	6838	26	0	7015
16069	43	31	91	6407	0	6572
16070	6465	13	35	92	0	6605
16071	96	14	13	6669	0	6792
16072	38	11	6647	92	0	6788
16073	21	6691	81	46	0	6839
16074	17	81	25	6811	0	6934
16075	25	25	6768	86	0	6904
16076	6550	17	83	37	0	6687
16077	84	16	30	6762	0	6892
16078	44	12	6782	89	0	6927
16079	22	8	75	6673	0	6778
16080	18	6679	28	78	0	6803
16081	17	91	13	6929	0	7050
16082	20	36	4	6908	0	6968
16083	25	12	8	6753	0	6798
16084	15	6779	12	107	0	6913
16085	6937	79	3	47	0	7066
16086	73	31	10	6963	0	7077
16087	51	14	8	6973	0	7046
16088	24	14	5	7080	0	7123
16089	16	11	6971	118	0	7116
16090	19	20	77	7000	0	7116
16091	7100	13	28	105	0	7246
16092	94	7129	17	48	0	7288
16093	40	96	10	7329	0	7475
16094	23	32	11	7384	0	7450
16095	7291	19	12	131	0	7453
16096	105	7393	8	49	0	7555
16097	7477	104	8	33	0	7622
16098	7663	37	6	39	0	7745
16099	142	19	12	7561	0	7734
16100	7547	19	8	124	0	7698
16101	120	7271	8	51	0	7450
16102	7329	116	11	29	0	7485
16103	129	41	7	7442	0	7619
16104	7814	18	9	140	0	7981
16105	8126	15	14	54	0	8209
16106	183	19	7743	29	0	7974
16107	8160	21	101	41	0	8323
16108	8470	17	27	36	0	8550
16109	8814	13	17	31	0	8875
16110	213	21	9225	37	0	9496
16111	76	9348	185	27	0	9636
16112	54	202	70	9353	0	9679
16113	9354	73	32	214	0	9673
16114	212	9226	23	92	0	9553
16115	9273	222	10	49	0	9554
16116	234	72	13	9364	0	9683
16117	102	29	9333	227	0	9691
16118	9587	23	194	83	0	9887
16119	243	24	68	9843	0	10178
16120	101	12	9874	238	0	10225
16121	9919	16	228	90	0	10253
16122	260	11	10145	56	0	10472
16123	115	24	238	10418	0	10795
16124	58	18	94	11027	0	11197
16125	10870	14	34	342	0	11260
16126	10925	15	35	143	0	11118
16127	339	10817	18	92	0	11266
16128	10837	251	27	70	0	11185
16129	322	85	10352	32	0	10791
16130	137	43	10261	39	0	10480
16131	9930	59	308	33	0	10330
16132	266	9929	119	30	0	10344
16133	9642	213	75	26	0	9956
16134	247	9609	47	26	0	9929
16135	9603	222	28	21	0	9874
16136	261	92	24	9423	0	9800
16137	133	39	9476	220	0	9868
16138	79	30	212	9504	0	9825
16139	69	18	85	9767	0	9939
16140	9613	15	44	301	0	9973
16141	235	20	9515	122	0	9892
16142	9409	14	215	75	0	9713
16143	258	9406	84	53	0	9801
16144	9527	219	49	27	0	9822
16145	270	83	44	9320	0	9717
16146	128	47	9256	221	0	9652
16147	93	46	216	9306	0	9661
16148	9335	24	94	262	0	9715
16149	256	28	45	9392	0	9721
16150	124	25	49	9306	0	9504
16151	89	8970	38	302	0	9399
16152	67	209	33	9203	0	9512
16153	59	73	9088	286	0	9506
16154	54	39	219	9166	0	9478
16155	65	37	97	9320	0	9519
16156	9087	28	46	330	0	9491
16157	259	24	49	9137	0	9469
16158	129	25	9026	297	0	9477
16159	85	9005	225	146	0	9461
16160	82	208	108	9099	0	9497
16161	77	96	54	9177	0	9404
16162	9029	48	55	309	0	9441
16163	262	8853	43	142	0	9300
16164	130	233	30	9015	0	9408
16165	8699	93	39	289	0	9120
16166	9022	47	28	131	0	9228
16167	300	53	37	8906	0	9296
16168	162	34	8895	285	0	9376
16169	9027	34	222	153	0	9436
16170	298	28	110	9313	0	9749
16171	9237	17	67	325	0	9646
16172	9319	36	66	141	0	9562
16173	371	8938	41	98	0	9448
16174	8922	227	37	113	0	9299
16175	323	8971	46	71	0	9411
16176	174	253	42	8911	0	9380
16177	98	134	47	8897	0	9176
16178	113	8822	30	326	0	9291
16179	8948	253	24	174	0	9399
16180	8969	106	36	122	0	9233
16181	344	65	8552	100	0	9061
16182	164	64	8608	81	0	8917
16183	129	36	297	8605	0	9067
16184	8702	33	133	298	0	9166
16185	295	40	81	8673	0	9089
16186	149	38	54	8922	0	9163
16187	112	39	8801	372	0	9324
16188	119	32	8836	176	0	9163
16189	74	39	8954	136	0	9203
16190	8613	43	329	125	0	9110
16191	8834	49	146	82	0	9111
16192	316	8511	79	89	0	8995
16193	147	8709	64	99	0	9019
16194	138	292	51	8626	0	9107
16195	99	115	8709	279	0	9202
16196	8532	76	225	142	0	8975
16197	266	53	8918	97	0	9334
16198	119	38	249	8793	0	9199
16199	95	34	115	9029	0	9273
16200	94	26	68	9090	0	9278
16201	75	21	62	9229	0	9387
16202	8955	32	37	384	0	9408
16203	271	53	41	8944	0	9309
16204	128	25	8631	300	0	9084
16205	8141	26	204	173	0	8544
16206	259	20	8398	92	0	8769
16207	116	25	8272	92	0	8505
16208	88	8100	267	77	0	8532
16209	192	216	144	7225	0	7777
16210	7106	43	99	145	0	7393
16211	146	30	28	7064	0	7268
16212	61	22	7082	159	0	7324
16213	50	16	124	7148	0	7338
16214	7103	11	46	158	0	7318
16215	129	7139	32	85	0	7385
16216	7041	104	30	68	0	7243
16217	144	6983	22	44	0	7193
16218	6885	120	23	56	0	7084
16219	130	6730	19	32	0	6911
16220	61	6723	19	34	0	6837
16221	44	123	6481	21	0	6669
16222	38	6370	108	24	0	6540
16223	5751	82	62	26	0	5921
16224	77	27	17	5594	0	5715
16225	5669	14	3	60	0	5746
16226	62	5813	6	16	0	5897
16227	5814	59	6	17	0	5896
16228	65	22	5855	11	0	5953
16229	25	17	56	5806	0	5904
16230	18	5986	22	59	0	6085
16231	18	60	13	6168	0	6259
16232	14	28	5	6229	0	6276
16233	6876	11	14	74	0	6975
16234	76	7007	14	35	0	7132
16235	7179	93	9	20	0	7301
16236	116	40	7226	14	0	7396
16237	61	28	7067	14	0	7170
16238	35	7170	127	21	0	7353
16239	38	99	61	7234	0	7432
16240	20	49	7325	96	0	7490
16241	23	29	120	6964	0	7136
16242	21	21	52	7446	0	7540
16243	18	14	7268	151	0	7451
16244	26	15	7220	77	0	7338
16245	14	16	7489	58	0	7577
16246	16	15	7503	37	0	7571
16247	18	7688	163	32	0	7901
16248	28	106	86	7650	0	7870
16249	23	50	58	7905	0	8036
16250	24	32	7842	150	0	8048
16251	10	25	136	7743	0	7914
16252	11	27	8102	145	0	8285
16253	11	23	143	8003	0	8180
16254	8	16	78	8049	0	8151
16255	11	8050	53	180	0	8294
16256	25	111	42	8127	0	8305
16257	18	46	32	8072	0	8168
16258	13	35	36	8119	0	8203
16259	17	33	7885	189	0	8124
16260	11	7830	129	114	0	8084
16261	7870	128	61	66	0	8125
16262	7943	51	45	63	0	8102
16263	144	38	32	7897	0	8111
16264	80	37	27	7819	0	7963
16265	44	7931	31	184	0	8190
16266	7949	129	25	100	0	8203
16267	127	8070	20	70	0	8287
16268	7874	123	24	67	0	8088
16269	129	65	7784	38	0	8016
16270	7455	44	121	57	0	7677
16271	129	7659	49	39	0	7876
16272	69	116	37	7717	0	7939
16273	49	51	34	7716	0	7850
16274	38	7694	24	146	0	7902
16275	7714	122	23	86	0	7945
16276	127	60	24	7832	0	8043
16277	58	45	28	8050	0	8181
16278	8030	36	27	178	0	8271
16279	8337	35	18	94	0	8484
16280	172	32	8278	70	0	8552
16281	8427	27	129	54	0	8637
16282	169	27	69	8477	0	8742
16283	78	16	8501	160	0	8755
16284	55	30	153	8388	0	8626
16285	43	26	8309	178	0	8556
16286	32	29	8377	95	0	8533
16287	34	23	171	8362	0	8590
16288	27	26	8426	174	0	8653
16289	34	8448	157	108	0	8747
16290	37	122	85	8510	0	8754
16291	29	52	70	8796	0	8947
16292	36	44	8726	197	0	9003
16293	40	8627	148	104	0	8919
16294	8699	132	84	83	0	8998
16295	148	59	62	8829	0	9098
16296	8837	47	52	186	0	9122
16297	159	8722	46	101	0	9028
16298	79	154	8818	76	0	9127
16299	49	74	166	8822	0	9111
16300	8773	58	93	169	0	9093
16301	150	56	8738	115	0	9059
16302	8511	20	184	94	0	8809
16303	169	8498	82	75	0	8824
16304	88	8551	47	64	0	8750
16305	8460	164	68	58	0	8750
16306	157	83	55	8372	0	8667
16307	82	81	50	8260	0	8473
16308	67	8310	32	183	0	8592
16309	50	136	36	8423	0	8645
16310	45	66	33	8513	0	8657
16311	8336	47	18	227	0	8628
16312	130	52	35	8293	0	8510
16313	77	27	8184	208	0	8496
16314	60	21	125	8269	0	8475
16315	45	36	77	8374	0	8532
16316	42	32	8250	222	0	8546
16317	33	30	143	8282	0	8488
16318	8073	31	66	222	0	8392
16319	8027	32	43	124	0	8226
16320	8086	32	40	111	0	8269
16321	202	15	36	8043	0	8296
16322	101	38	7976	180	0	8295
16323	89	7983	124	113	0	8309
16324	72	119	64	8106	0	8361
16325	58	70	8059	179	0	8366
16326	62	40	142	7897	0	8141
16327	43	36	71	7971	0	8121
16328	7690	25	61	212	0	7988
16329	135	7845	37	139	0	8156
16330	88	127	7615	88	0	7918
16331	7343	75	137	74	0	7629
16332	160	7441	70	73	0	7744
16333	50	6946	25	43	0	7064
16334	6950	107	92	35	0	7184
16335	120	46	21	7025	0	7212
16336	58	23	7434	117	0	7632
16337	32	36	118	7332	0	7518
16338	39	7423	44	129	0	7635
16339	7532	125	28	61	0	7746
16340	127	42	29	7554	0	7752
16341	7660	25	17	151	0	7853
16342	147	20	12	7533	0	7712
16343	53	7729	25	137	0	7944
16344	7970	123	24	67	0	8184
16345	8085	42	18	53	0	8198
16346	175	7983	17	50	0	8225
16347	7883	141	17	35	0	8076
16348	160	71	16	7682	0	7929
16349	72	7729	11	149	0	7961
16350	7741	144	19	60	0	7964
16351	156	7846	18	44	0	8064
16352	7764	145	11	44	0	7964
16353	160	61	15	7760	0	7996
16354	7849	36	12	156	0	8053
16355	7925	26	16	73	0	8040
16356	8001	20	15	44	0	8080
16357	185	35	6	7896	0	8122
16358	92	28	15	8054	0	8189
16359	7955	22	15	177	0	8169
16360	169	29	8011	65	0	8274
16361	75	29	124	7993	0	8221
16362	62	8062	42	170	0	8336
16363	58	150	14	8233	0	8455
16364	62	44	20	8306	0	8432
16365	53	40	8109	193	0	8395
16366	59	39	127	8347	0	8572
16367	37	8685	57	195	0	8974
16368	45	169	27	8966	0	9207
16369	55	70	9504	212	0	9841
16370	56	52	184	9636	0	9928
16371	61	27	66	9994	0	10148
16372	9779	22	35	310	0	10146
16373	9891	19	25	149	0	10084
16374	282	51	29	9651	0	10013
16375	130	9495	16	251	0	9892
16376	83	9668	23	125	0	9899
16377	67	233	9478	88	0	9866
16378	74	187	198	9325	0	9784
16379	9225	63	100	243	0	9631
16380	202	74	50	9217	0	9543
16381	104	42	9208	241	0	9595
16382	64	34	187	9236	0	9521
16383	61	33	74	9412	0	9580
16384	58	14	56	9567	0	9695
16385	44	29	9363	315	0	9751
16386	57	9319	175	149	0	9700
16387	9285	180	65	111	0	9641
16388	9255	74	55	105	0	9489
16389	246	58	31	9088	0	9423
16390	125	49	9056	224	0	9454
16391	81	9086	189	109	0	9465
16392	73	216	80	8859	0	9228
16393	59	9048	45	198	0	9350
16394	34	9305	32	125	0	9496
16395	9015	237	54	86	0	9392
16396	203	107	9040	61	0	9411
16397	89	54	8948	69	0	9160
16398	82	69	203	8932	0	9286
16399	57	40	100	9229	0	9426
16400	56	37	9234	225	0	9552
16401	50	34	178	9049	0	9311
16402	50	35	9178	240	0	9503
16403	8796	24	183	136	0	9139
16404	189	32	93	9152	0	9466
16405	91	38	9527	204	0	9860
16406	64	43	168	9181	0	9456
16407	49	9813	78	213	0	10153
16408	9786	169	58	117	0	10130
16409	187	9874	46	95	0	10202
16410	9959	182	54	70	0	10265
16411	208	86	9834	70	0	10198
16412	9827	66	165	80	0	10138
16413	217	46	80	10020	0	10363
16414	96	44	10058	202	0	10400
16415	78	32	182	9983	0	10275
16416	47	38	9868	232	0	10185
16417	9385	33	190	122	0	9730
16418	198	9854	79	101	0	10232
16419	98	156	78	9617	0	9949
16420	59	9992	46	208	0	10305
16421	9983	203	53	95	0	10334
16422	10021	76	44	81	0	10222
16423	215	10012	43	114	0	10384
16424	120	183	37	10088	0	10428
16425	84	93	48	10155	0	10380
16426	77	58	35	10161	0	10331
16427	9995	46	40	286	0	10367
16428	172	9947	40	155	0	10314
16429	88	174	37	9919	0	10218
16430	61	91	64	10009	0	10225
16431	9792	71	49	270	0	10182
16432	197	55	9633	148	0	10033
16433	108	36	9443	128	0	9715
16434	9159	29	207	115	0	9510
16435	179	29	9291	85	0	9584
16436	90	35	8638	61	0	8824
16437	79	45	182	8527	0	8833
16438	8788	24	125	173	0	9110
16439	154	34	65	8832	0	9085
16440	89	24	8814	180	0	9107
16441	8505	24	153	100	0	8782
16442	150	35	8837	81	0	9103
16443	77	8998	144	64	0	9283
16444	107	148	110	9043	0	9408
16445	9124	55	68	132	0	9379
16446	115	41	42	9102	0	9300
16447	53	24	43	9179	0	9299
16448	9327	18	28	175	0	9548
16449	118	18	27	9402	0	9565
16450	63	15	41	9544	0	9663
16451	47	17	9440	177	0	9681
16452	37	14	101	9352	0	9504
16453	9472	11	61	159	0	9703
16454	9438	17	42	97	0	9594
16455	9448	19	33	72	0	9572
16456	160	33	42	9277	0	9512
16457	90	9268	23	130	0	9511
16458	9363	92	28	67	0	9550
16459	127	9416	26	49	0	9618
16460	9352	108	17	54	0	9531
16461	124	55	25	9366	0	9570
16462	9350	37	16	115	0	9518
16463	9290	13	17	73	0	9393
16464	9300	17	26	60	0	9403
16465	146	9187	25	42	0	9400
16466	67	8999	13	47	0	9126
16467	8632	73	20	25	0	8750
16468	82	8633	10	30	0	8755
16469	15	7996	10	19	0	8040
16470	12	7851	6	6	0	7875
16471	7848	44	34	13	0	7939
16472	28	9	2	7790	0	7829
16473	8	3	1	7831	0	7843
16474	7882	2	12	37	0	7933
16475	28	3	8066	13	0	8110
16476	8	22	25	8463	0	8518
16477	13	2	8	8467	0	8490
16478	3	2	7	9205	0	9217
16479	15	1	0	9583	0	9599
16480	4	9560	8	165	0	9737
16481	2	11409	7	63	0	11481
16482	11726	228	0	30	0	11984
16483	239	95	4	11749	0	12087
16484	88	49	1	11994	0	12132
16485	60	22	11713	327	0	12122
16486	28	15	230	11822	0	12095
16487	26	22	11941	331	0	12320
16488	21	11	284	12062	0	12378
16489	9	15	12525	351	0	12900
16490	10	12464	354	143	0	12971
16491	18	272	113	12703	0	13106
16492	12699	93	85	353	0	13230
16493	12788	63	43	142	0	13036
16494	400	33	29	12644	0	13106
16495	165	33	12579	354	0	13131
16496	96	29	12483	152	0	12760
16497	11989	14	397	124	0	12524
16498	325	12226	167	76	0	12794
16499	12431	308	95	74	0	12908
16500	12478	110	65	73	0	12726
16501	448	75	12193	60	0	12776
16502	187	40	351	12011	0	12589
16503	125	41	149	12194	0	12509
16504	71	40	100	12726	0	12937
16505	92	27	53	12111	0	12283
16506	91	24	65	11918	0	12098
16507	57	28	11443	575	0	12103
16508	60	24	11622	268	0	11974
16509	57	25	443	11580	0	12105
16510	59	24	209	11891	0	12183
16511	62	27	114	12139	0	12342
16512	11596	25	81	580	0	12282
16513	385	31	79	11772	0	12267
16514	11787	34	65	508	0	12394
16515	446	25	59	12170	0	12700
16516	12239	26	60	531	0	12856
16517	12554	23	44	292	0	12913
16518	12393	11	63	237	0	12704
16519	12445	26	75	177	0	12723
16520	12487	17	68	161	0	12733
16521	582	21	65	12091	0	12759
16522	12121	31	68	462	0	12682
16523	494	11986	50	253	0	12783
16524	12178	331	63	216	0	12788
16525	519	116	68	12322	0	13025
16526	245	86	12174	477	0	12982
16527	204	40	372	12419	0	13035
16528	158	40	12387	550	0	13135
16529	147	27	427	12466	0	13067
16530	146	24	169	12890	0	13229
16531	137	37	12506	573	0	13253
16532	139	35	12558	326	0	13058
16533	145	28	485	12680	0	13338
16534	12587	29	230	543	0	13389
16535	469	28	12609	294	0	13400
16536	229	12673	425	251	0	13578
16537	188	350	13137	185	0	13860
16538	12972	120	471	201	0	13764
16539	470	79	208	13121	0	13878
16540	13099	56	175	506	0	13836
16541	13348	42	118	264	0	13772
16542	577	40	96	13066	0	13779
16543	323	33	12638	517	0	13511
16544	215	39	423	12608	0	13285
16545	176	18	205	12835	0	13234
16546	12239	25	157	650	0	13071
16547	478	12373	122	364	0	13337
16548	244	352	117	12577	0	13290
16549	204	138	12273	532	0	13147
16550	11983	101	440	306	0	12830
16551	496	12210	208	238	0	13152
16552	273	377	163	12425	0	13238
16553	210	144	97	12701	0	13152
16554	173	97	109	12892	0	13271
16555	12351	64	111	711	0	13237
16556	12682	44	93	416	0	13235
16557	608	36	93	12785	0	13522
16558	325	36	12581	580	0	13522
16559	233	12590	410	311	0	13544
16560	12653	382	189	260	0	13484
16561	13120	147	161	222	0	13650
16562	623	91	109	12863	0	13686
16563	328	62	92	13314	0	13796
16564	257	53	13027	627	0	13964
16565	178	13138	424	378	0	14118
16566	13403	410	213	292	0	14318
16567	13427	151	160	233	0	13971
16568	595	13298	101	218	0	14212
16569	13404	421	85	184	0	14094
16570	597	171	92	13307	0	14167
16571	286	120	13250	551	0	14207
16572	240	75	440	13512	0	14267
16573	190	68	13376	600	0	14234
16574	13162	65	468	328	0	14023
16575	527	13153	202	269	0	14151
16576	231	498	126	12800	0	13655
16577	184	143	12733	503	0	13563
16578	159	100	12513	247	0	13019
16579	11803	119	428	202	0	12552
16580	377	11961	202	178	0	12718
16581	10252	205	215	80	0	10752
16582	10113	66	71	67	0	10317
16583	10074	39	38	65	0	10216
16584	258	55	53	9920	0	10286
16585	126	22	9916	196	0	10260
16586	98	9952	163	73	0	10286
16587	93	252	82	9970	0	10397
16588	67	71	9966	197	0	10301
16589	56	41	9303	81	0	9481
16590	45	66	159	9258	0	9528
16591	41	16	9212	146	0	9415
16592	8744	24	132	79	0	8979
16593	126	19	64	9203	0	9412
16594	68	20	41	9423	0	9552
16595	9396	26	34	151	0	9607
16596	128	9300	31	71	0	9530
16597	9727	105	31	74	0	9937
16598	135	48	32	9689	0	9904
16599	81	34	28	9783	0	9926
16600	63	26	30	9839	0	9958
16601	65	18	23	9721	0	9827
16602	9596	15	22	172	0	9805
16603	133	23	9507	92	0	9755
16604	61	9491	111	58	0	9721
16605	47	97	55	9638	0	9837
16606	9328	44	38	139	0	9549
16607	9602	28	33	76	0	9739
16608	128	9588	34	56	0	9806
16609	9484	89	28	50	0	9651
16610	126	9533	22	53	0	9734
16611	65	9874	27	49	0	10015
16612	52	121	29	9912	0	10114
16613	45	41	9974	121	0	10181
16614	43	86	94	9670	0	9893
16615	9632	46	44	120	0	9842
16616	98	9588	20	82	0	9788
16617	57	86	25	9742	0	9910
16618	36	34	10477	120	0	10667
16619	10557	23	88	82	0	10750
16620	10988	25	47	60	0	11120
16621	11043	24	22	54	0	11143
16622	146	18	10804	35	0	11003
16623	10525	21	85	31	0	10662
16624	120	10815	37	30	0	11002
16625	66	87	20	10584	0	10757
16626	41	10855	21	82	0	10999
16627	10966	93	18	52	0	11129
16628	10664	43	15	45	0	10767
16629	110	24	11091	28	0	11253
16630	54	10998	81	25	0	11158
16631	35	98	40	11056	0	11229
16632	29	39	26	11103	0	11197
16633	31	21	34	10956	0	11042
16634	39	13	26	10799	0	10877
16635	42	15	19	11145	0	11221
16636	35	30	10767	129	0	10961
16637	30	10628	103	63	0	10824
16638	10595	93	33	44	0	10765
16639	122	39	10923	35	0	11119
16640	46	11067	102	48	0	11263
16641	11206	103	42	41	0	11392
16642	137	38	11553	31	0	11759
16643	11249	29	119	39	0	11436
16644	11350	25	43	45	0	11463
16645	11445	22	31	29	0	11527
16646	156	11518	25	40	0	11739
16647	79	118	11365	28	0	11590
16648	39	11504	118	31	0	11692
16649	67	149	60	10012	0	10288
16650	33	11525	23	113	0	11694
16651	11420	131	19	48	0	11618
16652	11706	46	15	40	0	11807
16653	11568	32	19	36	0	11655
16654	189	23	11643	32	0	11887
16655	72	12042	127	29	0	12270
16656	53	186	54	12966	0	13259
16657	13951	58	28	220	0	14257
16658	300	13830	22	93	0	14245
16659	115	288	27	13905	0	14335
16660	93	110	14207	290	0	14700
16661	14139	69	311	122	0	14641
16662	367	37	15246	76	0	15726
16663	158	38	15739	36	0	15971
16664	14796	31	484	41	0	15352
16665	435	33	15218	28	0	15714
16666	14587	26	469	23	0	15105
16667	457	14697	189	28	0	15371
16668	15182	366	140	44	0	15732
16669	494	136	92	15125	0	15847
16670	236	90	94	15029	0	15449
16671	160	46	88	15527	0	15821
16672	15167	50	81	579	0	15877
16673	15167	38	77	278	0	15560
16674	15315	33	60	168	0	15576
16675	638	14729	48	112	0	15527
16676	327	380	51	14974	0	15732
16677	221	159	14710	446	0	15536
16678	167	96	381	14342	0	14986
16679	112	14118	180	527	0	14937
16680	137	378	110	14381	0	15006
16681	132	169	63	14688	0	15052
16682	14405	113	53	586	0	15157
16683	478	81	41	14530	0	15130
16684	221	69	14217	591	0	15098
16685	165	64	14045	305	0	14579
16686	126	52	511	14272	0	14961
16687	14105	62	270	526	0	14963
16688	472	57	162	14215	0	14906
16689	230	67	109	14679	0	15085
16690	182	44	14179	685	0	15090
16691	143	14020	443	360	0	14966
16692	121	388	221	14408	0	15138
16693	13990	166	176	545	0	14877
16694	450	13949	144	302	0	14845
16695	242	407	100	14260	0	15009
16696	185	177	14001	564	0	14927
16697	135	130	438	13935	0	14638
16698	13563	90	212	610	0	14475
16699	439	13483	181	314	0	14417
16700	236	415	13647	250	0	14548
16701	197	201	422	13643	0	14463
16702	144	147	13872	557	0	14720
16703	13587	108	494	321	0	14510
16704	13982	104	261	250	0	14597
16705	619	88	13805	213	0	14725
16706	335	83	496	13690	0	14604
16707	267	92	13975	518	0	14852
16708	193	13751	553	307	0	14804
16709	160	439	299	14067	0	14965
16710	157	186	14018	569	0	14930
16711	170	162	568	13308	0	14208
16712	196	13514	306	535	0	14551
16713	171	454	208	13751	0	14584
16714	152	193	13569	615	0	14529
16715	13058	148	540	373	0	14119
16716	485	13459	295	287	0	14526
16717	13722	473	213	262	0	14670
16718	603	222	12891	219	0	13935
16719	12641	163	520	233	0	13557
16720	608	134	12676	237	0	13655
16721	12607	122	562	213	0	13504
16722	13102	119	288	209	0	13718
16723	712	95	237	12674	0	13718
16724	420	118	197	13113	0	13848
16725	12898	116	157	664	0	13835
16726	596	12832	166	398	0	13992
16727	13146	456	178	318	0	14098
16728	678	203	181	12853	0	13915
16729	382	12634	174	592	0	13782
16730	330	464	163	13187	0	14144
16731	277	203	131	13602	0	14213
16732	231	151	150	13448	0	13980
16733	225	12987	115	830	0	14157
16734	13145	455	143	479	0	14222
16735	587	236	137	13271	0	14231
16736	326	175	12816	682	0	13999
16737	255	158	12835	425	0	13673
16738	208	113	12987	396	0	13704
16739	12634	119	643	316	0	13712
16740	12871	113	326	325	0	13635
16741	647	124	12483	253	0	13507
16742	369	110	482	11848	0	12809
16743	260	112	271	12316	0	12959
16744	196	81	12430	666	0	13373
16745	159	96	12538	424	0	13217
16746	169	76	599	12675	0	13519
16747	12571	86	353	589	0	13599
16748	12578	68	265	347	0	13258
16749	12604	67	199	300	0	13170
16750	642	12022	202	261	0	13127
16751	343	12522	190	239	0	13294
16752	270	470	180	12358	0	13278
16753	12319	224	174	511	0	13228
16754	511	159	11925	299	0	12894
16755	11276	109	380	281	0	12046
16756	430	10518	194	189	0	11331
16757	173	9596	78	106	0	9953
16758	9441	248	103	102	0	9894
16759	261	9327	82	79	0	9749
16760	120	9047	71	72	0	9310
16761	8488	310	259	172	0	9229
16762	144	8295	49	42	0	8530
16763	41	88	24	7936	0	8089
16764	38	38	15	7974	0	8065
16765	7927	16	16	99	0	8058
16766	7893	18	9	44	0	7964
16767	95	7848	10	34	0	7987
16768	30	7872	15	17	0	7934
16769	34	76	7758	13	0	7881
16770	7697	36	103	23	0	7859
16771	7996	18	23	13	0	8050
16772	8155	6	13	14	0	8188
16773	105	7	6	8212	0	8330
16774	26	12	7	8642	0	8687
16775	8841	12	9	103	0	8965
16776	115	9	6	8925	0	9055
16777	32	11	9061	112	0	9216
16778	31	7	92	9094	0	9224
16779	21	9413	25	119	0	9578
16780	12	103	14	9612	0	9741
16781	18	26	8	9887	0	9939
16782	20	16	4	9965	0	10005
16783	9844	9	9	147	0	10009
16784	110	9850	3	59	0	10022
16785	34	107	9	10021	0	10171
16786	23	27	10003	130	0	10183
16787	16	24	9664	44	0	9748
16788	21	16	126	9766	0	9929
16789	17	12	37	9848	0	9914
16790	9682	10	20	153	0	9865
16791	125	8	11	9503	0	9647
16792	26	9526	13	138	0	9703
16793	31	111	9843	47	0	10032
16794	25	42	110	9881	0	10058
16795	22	19	10024	138	0	10203
16796	21	17	127	9980	0	10145
16797	10022	8	52	143	0	10225
16798	10081	9	31	60	0	10181
16799	143	9997	21	34	0	10195
16800	57	114	11	10049	0	10231
16801	10222	24	30	147	0	10423
16802	10329	17	22	69	0	10437
16803	10403	26	23	42	0	10494
16804	10423	8	21	45	0	10497
16805	10289	17	20	45	0	10371
16806	152	10105	28	31	0	10316
16807	10176	115	19	33	0	10343
16808	160	29	10114	23	0	10326
16809	67	18	107	10078	0	10270
16810	10193	26	31	126	0	10376
16811	10198	25	21	57	0	10301
16812	10172	15	12	44	0	10243
16813	168	13	10181	55	0	10417
16814	76	15	123	10320	0	10534
16815	10473	15	40	146	0	10674
16816	131	10519	18	58	0	10726
16817	10806	124	16	59	0	11005
16818	10723	36	14	49	0	10822
16819	10806	27	17	54	0	10904
16820	180	54	14	10924	0	11172
16821	11049	31	11	151	0	11242
16822	157	27	10871	78	0	11133
16823	70	18	10911	53	0	11052
16824	10878	15	156	63	0	11112
16825	170	13	10999	45	0	11227
16826	10345	18	111	35	0	10509
16827	142	21	10679	28	0	10870
16828	60	17	111	10412	0	10600
16829	10362	18	41	116	0	10537
16830	123	10277	28	60	0	10488
16831	10438	94	18	45	0	10595
16832	129	10261	25	26	0	10441
16833	53	10586	18	33	0	10690
16834	49	116	18	10676	0	10859
16835	49	31	25	10697	0	10802
16836	34	19	22	10661	0	10736
16837	34	14	10529	150	0	10727
16838	10336	14	115	65	0	10530
16839	11054	8	36	47	0	11145
16840	11120	15	25	30	0	11190
16841	11114	16	16	32	0	11178
16842	11095	13	13	34	0	11155
16843	182	29	10463	26	0	10700
16844	84	19	10437	36	0	10576
16845	69	9	139	10643	0	10860
16846	65	12	10538	141	0	10756
16847	10625	11	141	56	0	10833
16848	182	11085	49	40	0	11356
16849	80	140	28	11742	0	11990
16850	11911	35	27	188	0	12161
16851	211	20	26	12084	0	12341
16852	107	21	12117	198	0	12443
16853	73	13	12114	75	0	12275
16854	66	15	233	12421	0	12735
16855	64	11	12491	210	0	12776
16856	12162	8	208	86	0	12464
16857	228	17	82	12346	0	12673
16858	101	26	12364	210	0	12701
16859	60	12274	191	99	0	12624
16860	76	174	68	12572	0	12890
16861	62	72	12648	218	0	13000
16862	61	36	213	12336	0	12646
16863	63	17	82	12602	0	12764
16864	59	14	12573	298	0	12944
16865	49	14	239	12556	0	12858
16866	71	10	98	12313	0	12492
16867	56	14	61	12737	0	12868
16868	12347	6	64	296	0	12713
16869	241	12146	35	116	0	12538
16870	93	12465	35	81	0	12674
16871	67	238	12140	52	0	12497
16872	11741	82	212	53	0	12088
16873	205	40	11810	58	0	12113
16874	86	24	11528	36	0	11674
16875	54	61	223	11156	0	11494
16876	11200	17	83	189	0	11489
16877	156	11121	49	93	0	11419
16878	10984	147	45	60	0	11236
16879	10745	59	36	52	0	10892
16880	204	10857	24	37	0	11122
16881	10698	150	64	37	0	10949
16882	10575	56	41	34	0	10706
16883	191	10619	28	21	0	10859
16884	77	161	36	10619	0	10893
16885	72	58	36	10707	0	10873
16886	10729	22	34	190	0	10975
16887	153	10882	28	104	0	11167
16888	11144	155	32	50	0	11381
16889	11274	51	27	44	0	11396
16890	11749	35	15	55	0	11854
16891	254	25	24	11583	0	11886
16892	109	17	20	11841	0	11987
16893	11583	21	18	243	0	11865
16894	11789	25	16	86	0	11916
16895	11839	19	23	47	0	11928
16896	279	16	14	11996	0	12305
16897	108	20	12078	221	0	12427
16898	54	17	203	12315	0	12589
16899	55	11	85	13222	0	13373
16900	46	25	13034	324	0	13429
16901	46	31	13989	126	0	14192
16902	51	21	376	14195	0	14643
16903	64	17	14363	339	0	14783
16904	14460	17	362	161	0	15000
16905	337	19	151	14663	0	15170
16906	165	13	71	15006	0	15255
16907	15108	17	59	475	0	15659
16908	366	24	57	15095	0	15542
16909	182	10	38	15366	0	15596
16910	93	15	58	15532	0	15698
16911	90	19	46	15566	0	15721
16912	71	12	15013	551	0	15647
16913	61	25	334	15125	0	15545
16914	74	28	14758	437	0	15297
16915	61	14793	360	241	0	15455
16916	43	306	160	14827	0	15336
16917	71	130	14416	419	0	15036
16918	13796	58	357	249	0	14460
16919	361	14229	165	153	0	14908
16920	14415	311	84	157	0	14967
16921	412	117	71	14004	0	14604
16922	174	14196	54	403	0	14827
16923	14260	322	44	238	0	14864
16924	353	14351	60	168	0	14932
16925	14547	349	63	131	0	15090
16926	399	166	57	14494	0	15116
16927	14586	77	58	397	0	15118
16928	387	14651	62	208	0	15308
16929	14782	361	54	154	0	15351
16930	421	139	14464	122	0	15146
16931	207	92	348	14583	0	15230
16932	14483	62	141	398	0	15084
16933	14763	62	81	218	0	15124
16934	502	52	63	14482	0	15099
16935	227	65	14352	404	0	15048
16936	150	13755	326	205	0	14436
16937	119	14499	155	134	0	14907
16938	14442	439	126	134	0	15141
16939	389	173	54	14248	0	14864
16940	202	86	57	14519	0	14864
16941	14259	62	43	495	0	14859
16942	14336	65	65	244	0	14710
16943	506	59	14236	134	0	14935
16944	241	55	328	14352	0	14976
16945	171	43	14178	399	0	14791
16946	145	14145	325	229	0	14844
16947	13705	293	159	193	0	14350
16948	344	13678	97	128	0	14247
16949	181	13598	67	109	0	13955
16950	195	347	80	13308	0	13930
16951	13028	150	68	343	0	13589
16952	289	13049	52	215	0	13605
16953	12973	294	63	143	0	13473
16954	334	12849	64	110	0	13357
16955	175	308	50	12965	0	13498
16956	12943	151	64	334	0	13492
16957	332	96	13053	194	0	13675
16958	201	106	288	12971	0	13566
16959	136	68	12997	349	0	13550
16960	144	12404	286	187	0	13021
16961	112	12936	121	137	0	13306
16962	12496	369	87	173	0	13125
16963	287	12832	53	144	0	13316
16964	12892	305	79	131	0	13407
16965	13075	169	53	135	0	13432
16966	386	107	12693	109	0	13295
16967	12705	78	252	126	0	13161
16968	338	103	13040	108	0	13589
16969	206	13055	276	115	0	13652
16970	13126	293	162	90	0	13671
16971	341	13037	111	97	0	13586
16972	188	303	69	13181	0	13741
16973	13296	144	101	315	0	13856
16974	369	112	42	13283	0	13806
16975	210	105	13439	343	0	14097
16976	145	108	277	13351	0	13881
16977	134	96	136	13679	0	14045
16978	13503	123	83	399	0	14108
16979	361	94	13387	219	0	14061
16980	13397	84	287	135	0	13903
16981	13963	71	145	132	0	14311
16982	445	74	89	13875	0	14483
16983	280	67	75	14012	0	14434
16984	13829	82	70	426	0	14407
16985	393	14002	72	221	0	14688
16986	236	286	82	13967	0	14571
16987	163	146	13679	338	0	14326
16988	158	115	13039	191	0	13503
16989	140	13615	326	135	0	14216
16990	137	298	153	13278	0	13866
16991	136	156	98	13482	0	13872
16992	13174	115	63	385	0	13737
16993	338	101	59	13096	0	13594
16994	12798	87	68	321	0	13274
16995	319	12561	64	206	0	13150
16996	160	12675	51	158	0	13044
16997	136	13079	44	124	0	13383
16998	12691	326	119	146	0	13282
16999	11956	165	107	97	0	12325
17000	292	11610	37	122	0	12061
17001	10542	89	43	33	0	10707
17002	102	10351	13	27	0	10493
17003	59	111	17	10191	0	10378
17004	33	10164	11	103	0	10311
17005	10202	120	21	50	0	10393
17006	10249	42	9	41	0	10341
17007	131	36	16	9863	0	10046
17008	9943	36	5	100	0	10084
17009	114	22	8	9935	0	10079
17010	42	10127	15	114	0	10298
17011	42	132	17	10181	0	10372
17012	40	10151	7	104	0	10302
17013	10094	96	13	49	0	10252
17014	115	39	9873	38	0	10065
17015	9578	24	73	22	0	9697
17016	92	19	25	9934	0	10070
17017	43	27	9850	83	0	10003
17018	9492	17	68	48	0	9625
17019	90	28	10069	21	0	10208
17020	44	16	78	9794	0	9932
17021	43	10	34	10015	0	10102
17022	34	11	15	9868	0	9928
17023	29	24	13	9848	0	9914
17024	21	9667	14	131	0	9833
17025	29	95	14	10288	0	10426
17026	10314	31	13	117	0	10475
17027	100	21	10193	52	0	10366
17028	60	10646	82	41	0	10829
17029	11009	122	33	44	0	11208
17030	11755	58	18	35	0	11866
17031	212	25	6	13105	0	13348
17032	72	21	13158	238	0	13489
17033	43	20	221	13128	0	13412
17034	23	26	104	14117	0	14270
17035	31	21	13987	377	0	14416
17036	41	14592	282	164	0	15079
17037	15100	334	135	73	0	15642
17038	15298	152	50	76	0	15576
17039	15747	74	32	56	0	15909
17040	563	33	40	15297	0	15933
17041	263	29	25	15982	0	16299
17042	16028	19	40	571	0	16658
17043	465	37	29	15412	0	15943
17044	236	15604	36	466	0	16342
17045	16304	374	33	220	0	16931
17046	16258	178	56	178	0	16670
17047	17473	94	39	122	0	17728
17048	17750	51	31	123	0	17955
17049	760	50	16556	95	0	17461
17050	385	40	16730	85	0	17240
17051	234	60	574	16664	0	17532
17052	196	41	262	17053	0	17552
17053	171	32	16616	638	0	17457
17054	161	36	16743	315	0	17255
17055	154	41	596	16640	0	17431
17056	16697	30	290	505	0	17522
17057	541	33	155	16592	0	17321
17058	309	24	16658	554	0	17545
17059	215	16701	483	286	0	17685
17060	16965	400	242	198	0	17805
17061	17249	192	173	148	0	17762
17062	17406	99	137	137	0	17779
17063	17415	46	127	138	0	17726
17064	771	42	16443	156	0	17412
17065	385	39	482	16591	0	17497
17066	16709	43	263	521	0	17536
17067	585	47	168	16692	0	17492
17068	377	40	118	16281	0	16816
17069	288	15967	101	667	0	17023
17070	230	424	90	16521	0	17265
17071	16188	204	113	609	0	17114
17072	571	16198	111	323	0	17203
17073	16237	465	102	221	0	17025
17074	665	16093	85	186	0	17029
17075	394	509	72	15410	0	16385
17076	294	15398	97	520	0	16309
17077	217	16140	94	345	0	16796
17078	15833	586	95	264	0	16778
17079	618	289	15543	227	0	16677
17080	375	187	15398	207	0	16167
17081	260	141	15421	227	0	16049
17082	14683	137	664	225	0	15709
17083	563	14929	320	204	0	16016
17084	369	15499	182	176	0	16226
17085	14777	641	116	177	0	15711
17086	623	14700	129	163	0	15615
17087	384	15296	149	179	0	16008
17088	293	647	133	15131	0	16204
17089	274	363	14949	587	0	16173
17090	278	236	15228	342	0	16084
17091	273	196	663	15147	0	16279
17092	14939	193	363	615	0	16110
17093	625	15055	251	346	0	16277
17094	442	552	172	15218	0	16384
17095	402	314	14928	560	0	16204
17096	329	256	14571	349	0	15505
17097	320	201	682	14485	0	15688
17098	14452	171	365	646	0	15634
17099	14860	157	244	430	0	15691
17100	842	173	14285	310	0	15610
17101	14426	164	604	282	0	15476
17102	746	145	14449	268	0	15608
17103	502	127	665	13774	0	15068
17104	424	14033	387	625	0	15469
17105	14540	503	285	375	0	15703
17106	731	303	250	14480	0	15764
17107	516	206	243	14473	0	15438
17108	433	127	233	14950	0	15743
17109	360	114	252	14930	0	15656
17110	328	135	13931	867	0	15261
17111	316	13746	614	514	0	15190
17112	382	480	398	14079	0	15339
17113	14017	265	272	701	0	15255
17114	736	177	235	14177	0	15325
17115	462	157	230	14440	0	15289
17116	347	158	13700	872	0	15077
17117	294	177	13472	570	0	14513
17118	308	13230	679	430	0	14647
17119	322	13689	374	440	0	14825
17120	297	660	280	13680	0	14917
17121	13597	380	201	747	0	14925
17122	655	249	13399	484	0	14787
17123	422	13514	539	410	0	14885
17124	387	563	329	12983	0	14262
17125	266	13265	224	641	0	14396
17126	272	614	202	12679	0	13767
17127	237	12938	189	642	0	14006
17128	290	573	166	12396	0	13425
17129	11886	343	161	593	0	12983
17130	473	11193	152	362	0	12180
17131	234	512	84	9447	0	10277
17132	9297	192	114	370	0	9973
17133	325	9189	76	238	0	9828
17134	156	8211	51	165	0	8583
17135	159	8230	61	112	0	8562
17136	211	264	131	7191	0	7797
17137	56	123	47	7054	0	7280
17138	43	6896	31	187	0	7157
17139	50	162	26	6879	0	7117
17140	77	96	6863	152	0	7188
17141	40	6827	111	84	0	7062
17142	54	437	53	6127	0	6671
17143	46	6561	19	100	0	6726
17144	41	120	6313	61	0	6535
17145	26	6286	74	45	0	6431
17146	5539	111	53	63	0	5766
17147	73	21	7	5425	0	5526
17148	5420	6	2	46	0	5474
17149	43	4	5409	12	0	5468
17150	12	3	40	5515	0	5570
17151	4	8	5625	48	0	5685
17152	8	4	46	5586	0	5644
17153	5754	6	11	60	0	5831
17154	49	2	3	5769	0	5823
17155	5788	5	5	56	0	5854
17156	42	5851	1	19	0	5913
17157	5775	47	8	11	0	5841
17158	45	11	5644	12	0	5712
17159	15	5696	43	11	0	5765
17160	9	42	17	5679	0	5747
17161	25	16	5	5668	0	5714
17162	5	7	5589	49	0	5650
17163	7	5569	39	12	0	5627
17164	5	38	11	5591	0	5645
17165	3	5607	4	36	0	5650
17166	4	41	2	5558	0	5605
17167	2	5570	1	41	0	5614
17168	5548	41	5	15	0	5609
17169	49	21	4	5595	0	5669
17170	11	6	5542	41	0	5600
17171	4	5503	37	12	0	5556
17172	1	5688	6	8	0	5703
17173	3	44	5599	6	0	5652
17174	4	5653	35	3	0	5695
17175	4	35	5	5662	0	5706
17176	6	8	5722	34	0	5770
17177	4	7	35	5682	0	5728
17178	4	8	7	5801	0	5820
17179	2	4	5816	39	0	5861
17180	5576	5	37	17	0	5635
17181	35	4	10	5910	0	5959
17182	9	3	6304	36	0	6352
17183	4	6321	36	13	0	6374
17184	6391	34	8	17	0	6450
17185	31	6305	11	5	0	6352
17186	11	34	4	6348	0	6397
17187	6199	7	5	44	0	6255
17188	38	3	6	6173	0	6220
17189	11	7	6335	42	0	6395
17190	11	1	41	6262	0	6315
17191	7	8	6302	41	0	6358
17192	6116	5	40	18	0	6179
17193	43	7	6368	9	0	6427
17194	6394	1	44	13	0	6452
17195	6483	7	13	8	0	6511
17196	50	4	6518	10	0	6582
17197	16	6	6311	13	0	6346
17198	9	6564	50	9	0	6632
17199	6806	42	14	14	0	6876
17200	52	9	7	6879	0	6947
17201	17	6	8	6876	0	6907
17202	7215	4	7	87	0	7313
17203	7350	2	9	23	0	7384
17204	7345	9	6	14	0	7374
17205	7300	2	7	8	0	7317
17206	59	6	5	7196	0	7266
17207	7243	3	3	57	0	7306
17208	57	7	4	7251	0	7319
17209	15	3	7	7276	0	7301
17210	15	8	3	7319	0	7345
17211	13	6	7182	64	0	7265
17212	10	6996	55	19	0	7080
17213	9	7093	12	15	0	7129
17214	7	50	7	7214	0	7278
17215	7218	11	7	55	0	7291
17216	56	5	2	7188	0	7251
17217	7195	1	7	58	0	7261
17218	55	4	7491	17	0	7567
17219	7333	11	45	22	0	7411
17220	57	4	13	7620	0	7694
17221	7834	5	10	67	0	7916
17222	7757	6	5	29	0	7797
17223	7877	3	4	22	0	7906
17224	72	4	6	7847	0	7929
17225	22	6	7891	57	0	7976
17226	16	4	60	7874	0	7954
17227	8102	2	12	77	0	8193
17228	74	9	9013	18	0	9114
17229	29	4	63	9476	0	9572
17230	9963	4	17	83	0	10067
17231	95	5	10196	19	0	10315
17232	10728	5	80	44	0	10857
17233	11280	2	24	35	0	11341
17234	133	7	17	11434	0	11591
17235	55	7	7	11664	0	11733
17236	11655	5	11	168	0	11839
17237	138	3	13	12145	0	12299
17238	12057	5	4	192	0	12258
17239	173	12224	13	59	0	12469
17240	51	12423	9	50	0	12533
17241	38	195	3	12424	0	12660
17242	21	77	12702	179	0	12979
17243	23	12631	169	62	0	12885
17244	12384	202	50	54	0	12690
17245	150	12287	32	26	0	12495
17246	56	182	12246	15	0	12499
17247	42	76	172	12138	0	12428
17248	16	36	12550	192	0	12794
17249	21	12789	187	57	0	13054
17250	30	189	43	12759	0	13021
17251	16	12728	34	148	0	12926
17252	16	186	12760	49	0	13011
17253	16	57	186	12629	0	12888
17254	17	49	12917	174	0	13157
17255	23	14	183	12785	0	13005
17256	12879	28	53	193	0	13153
17257	172	16	12759	57	0	13004
17258	12299	13	167	64	0	12543
17259	182	14	12728	23	0	12947
17260	59	18	185	12708	0	12970
17261	47	14	13238	175	0	13474
17262	31	27	179	13222	0	13459
17263	31	12	72	13480	0	13595
17264	25	13	48	13217	0	13303
17265	17	10	34	13594	0	13655
17266	19	11	14136	258	0	14424
17267	13921	10	171	126	0	14228
17268	178	13	64	15041	0	15296
17269	15099	10	40	218	0	15367
17270	15330	10	35	87	0	15462
17271	15616	10	24	86	0	15736
17272	263	11	35	15715	0	16024
17273	101	14	22	15996	0	16133
17274	56	17064	21	241	0	17382
17275	18732	271	26	121	0	19150
17276	19983	86	18	88	0	20175
17277	20234	59	30	71	0	20394
17278	564	44	20135	48	0	20791
17279	250	29	361	20113	0	20753
17280	178	31	20070	382	0	20661
17281	19835	21	417	161	0	20434
17282	20285	12	199	104	0	20600
17283	552	15	105	19943	0	20615
17284	247	25	94	19746	0	20112
17285	172	20249	51	484	0	20956
17286	20558	363	47	238	0	21206
17287	20771	145	38	159	0	21113
17288	554	20319	45	115	0	21033
17289	20670	407	54	115	0	21246
17290	533	157	45	20589	0	21324
17291	275	99	49	20827	0	21250
17292	20876	75	33	546	0	21530
17293	509	48	20603	247	0	21407
17294	20464	44	366	215	0	21089
17295	21022	39	144	152	0	21357
17296	576	20490	90	116	0	21272
17297	20966	373	79	102	0	21520
17298	572	163	20516	51	0	21302
17299	297	116	374	20603	0	21390
17300	20752	79	156	422	0	21409
17301	542	57	94	20748	0	21441
17302	272	55	20373	479	0	21179
17303	204	35	402	19971	0	20612
17304	143	21399	216	502	0	22260
17305	151	382	119	22130	0	22782
17306	164	155	89	22625	0	23033
17307	129	106	79	22294	0	22608
17308	128	77	59	22699	0	22963
17309	92	78	22078	721	0	22969
17310	103	68	384	22322	0	22877
17311	22212	42	156	627	0	23037
17312	451	22027	112	342	0	22932
17313	248	406	96	22807	0	23557
17314	178	168	22934	546	0	23826
17315	152	114	416	23239	0	23921
17316	23458	76	181	631	0	24346
17317	23701	57	115	337	0	24210
17318	23356	56	113	236	0	23761
17319	712	29	90	23216	0	24047
17320	390	39	23024	537	0	23990
17321	302	22808	418	291	0	23819
17322	23508	401	203	218	0	24330
17323	555	191	135	23266	0	24147
17324	325	116	140	23558	0	24139
17325	263	102	23122	644	0	24131
17326	257	22461	442	367	0	23527
17327	220	23406	198	294	0	24118
17328	256	593	154	22417	0	23420
17329	193	226	21910	544	0	22873
17330	20662	148	417	355	0	21582
17331	519	154	20827	222	0	21722
17332	20090	123	379	241	0	20833
17333	549	21347	203	192	0	22291
17334	305	355	21157	203	0	22020
17335	20509	170	434	199	0	21312
17336	539	20937	205	131	0	21812
17337	21426	386	144	169	0	22125
17338	514	195	21176	113	0	21998
17339	302	21116	343	148	0	21909
17340	21407	364	191	147	0	22109
17341	511	182	21036	118	0	21847
17342	20896	120	375	125	0	21516
17343	502	111	195	20939	0	21747
17344	21247	81	149	393	0	21870
17345	483	87	134	21122	0	21826
17346	21120	79	118	422	0	21739
17347	465	81	20949	299	0	21794
17348	304	74	326	21127	0	21831
17349	184	71	184	21128	0	21567
17350	179	70	20819	559	0	21627
17351	151	72	379	20898	0	21500
17352	170	16813	315	573	0	17871
17353	112	309	148	21947	0	22516
17354	130	147	127	22609	0	23013
17355	131	107	102	24104	0	24444
17356	141	102	23799	723	0	24765
17357	23191	73	469	448	0	24181
17358	557	66	227	25668	0	26518
17359	276	60	26009	704	0	27049
17360	25397	60	602	381	0	26440
17361	26548	66	245	265	0	27124
17362	27277	76	167	235	0	27755
17363	905	93	155	26946	0	28099
17364	463	67	126	29338	0	29994
17365	307	79	123	29166	0	29675
17366	276	28461	104	1014	0	29855
17367	28587	663	113	556	0	29919
17368	28766	268	111	388	0	29533
17369	1019	190	123	28463	0	29795
17370	568	131	27737	873	0	29309
17371	483	109	27762	447	0	28801
17372	272	26753	918	315	0	28258
17373	267	28057	394	291	0	29009
17374	25689	1006	416	381	0	27492
17375	623	25172	135	210	0	26140
17376	24563	578	115	123	0	25379
17377	24612	206	68	111	0	24997
17378	24632	119	46	131	0	24928
17379	778	98	64	24286	0	25226
17380	379	56	55	25881	0	26371
17381	26428	72	47	749	0	27296
17382	722	66	47	27171	0	28006
17383	321	69	27105	745	0	28240
17384	27371	65	632	329	0	28397
17385	781	78	211	27518	0	28588
17386	339	94	115	28054	0	28602
17387	284	74	74	28538	0	28970
17388	200	84	27373	1021	0	28678
17389	25957	59	689	473	0	27178
17390	818	60	27375	256	0	28509
17391	380	54	759	27300	0	28493
17392	213	73	27856	825	0	28967
17393	205	62	793	27357	0	28417
17394	199	62	312	28315	0	28888
17395	188	63	28657	1043	0	29951
17396	238	75	813	27069	0	28195
17397	211	28779	291	867	0	30148
17398	29045	684	199	396	0	30324
17399	29688	216	139	364	0	30407
17400	1021	126	121	29261	0	30529
17401	456	79	29181	890	0	30606
17402	290	27795	784	459	0	29328
17403	218	29430	318	318	0	30284
17404	27938	869	223	271	0	29301
17405	878	324	27478	262	0	28942
17406	27293	171	811	296	0	28571
17407	932	101	342	27380	0	28755
17408	419	168	224	28024	0	28835
17409	26952	111	182	1090	0	28335
17410	859	27037	164	549	0	28609
17411	404	715	27216	349	0	28684
17412	323	289	812	26736	0	28160
17413	238	171	27165	947	0	28521
17414	206	26620	897	462	0	28185
17415	219	742	373	26940	0	28274
17416	26476	318	248	961	0	28003
17417	27088	185	235	472	0	27980
17418	1094	169	26289	353	0	27905
17419	538	26229	821	310	0	27898
17420	26146	775	388	304	0	27613
17421	922	26338	236	342	0	27838
17422	469	885	227	26021	0	27602
17423	26032	371	168	918	0	27489
17424	943	234	194	26216	0	27587
17425	476	201	25628	1029	0	27334
17426	380	148	831	25902	0	27261
17427	300	208	25631	1049	0	27188
17428	320	144	906	25556	0	26926
17429	25348	148	402	1069	0	26967
17430	916	25412	307	573	0	27208
17431	25453	828	287	413	0	26981
17432	1016	366	230	25295	0	26907
17433	495	282	223	25554	0	26554
17434	368	246	22784	1227	0	24625
17435	333	171	24848	634	0	25986
17436	338	24606	996	449	0	26389
17437	329	835	24527	387	0	26078
17438	23495	333	1014	385	0	25227
17439	949	24126	459	399	0	25933
17440	462	24864	344	344	0	26014
17441	356	25312	299	357	0	26324
17442	328	1167	228	24690	0	26413
17443	311	518	24750	1034	0	26613
17444	321	24941	910	545	0	26717
17445	323	921	417	23567	0	25228
17446	304	25141	315	973	0	26733
17447	24677	958	285	526	0	26446
17448	25283	433	282	459	0	26457
17449	1095	338	257	24747	0	26437
17450	559	300	265	25079	0	26203
17451	23909	259	230	1233	0	25631
17452	929	23507	279	648	0	25363
17453	469	24185	224	474	0	25352
17454	466	1113	217	22678	0	24474
17455	254	422	21344	893	0	22913
17456	214	21012	719	480	0	22425
17457	19663	750	392	336	0	21141
17458	657	18994	252	301	0	20204
17459	310	19037	188	230	0	19765
17460	17955	787	216	214	0	19172
17461	632	18392	153	213	0	19390
17462	312	700	17668	205	0	18885
17463	243	17690	566	225	0	18724
17464	15324	556	296	150	0	16326
17465	396	15250	156	110	0	15912
17466	15012	487	177	100	0	15776
17467	478	240	85	14750	0	15553
17468	205	177	78	15199	0	15659
17469	169	139	14897	480	0	15685
17470	149	15001	337	220	0	15707
17471	133	410	142	15181	0	15866
17472	15000	177	110	450	0	15737
17473	15139	132	98	223	0	15592
17474	439	15379	101	179	0	16098
17475	206	445	90	15559	0	16300
17476	15756	197	78	452	0	16483
17477	15989	163	107	210	0	16469
17478	594	149	15210	142	0	16095
17479	275	126	14666	132	0	15199
17480	174	127	14288	103	0	14692
17481	96	13439	388	72	0	13995
17482	12270	320	339	61	0	12990
17483	281	12157	83	49	0	12570
17484	11827	288	83	40	0	12238
17485	260	12249	28	37	0	12574
17486	93	260	42	12478	0	12873
17487	12655	81	28	242	0	13006
17488	257	65	12660	64	0	13046
17489	12484	58	221	62	0	12825
17490	12844	45	78	47	0	13014
17491	300	12572	39	37	0	12948
17492	99	12683	33	29	0	12844
17493	12910	266	56	38	0	13270
17494	272	82	13014	30	0	13398
17495	11954	140	262	54	0	12410
17496	12106	61	91	33	0	12291
17497	268	30	22	11765	0	12085
17498	11990	39	20	192	0	12241
17499	236	43	17	12092	0	12388
17500	96	38	15	12380	0	12529
17501	67	40	23	12075	0	12205
17502	51	12045	22	230	0	12348
17503	12158	184	21	79	0	12442
17504	12334	64	24	61	0	12483
17505	269	35	27	12213	0	12544
17506	102	36	18	12061	0	12217
17507	67	12099	25	228	0	12419
17508	12142	214	27	91	0	12474
17509	249	78	11986	46	0	12359
17510	94	60	191	12087	0	12432
17511	76	49	11925	215	0	12265
17512	79	44	198	11947	0	12268
17513	63	43	12047	228	0	12381
17514	65	40	210	11865	0	12180
17515	12018	29	76	246	0	12369
17516	245	36	12368	89	0	12738
17517	12121	35	206	88	0	12450
17518	252	12881	85	56	0	13274
17519	102	205	62	13133	0	13502
17520	82	69	52	13427	0	13630
17521	13705	55	51	284	0	14095
17522	249	45	38	14097	0	14429
17523	120	53	14084	232	0	14489
17524	13988	40	176	130	0	14334
17525	14681	39	65	85	0	14870
17526	14700	43	25	87	0	14855
17527	14654	37	30	87	0	14808
17528	294	14393	32	66	0	14785
17529	140	190	34	14669	0	15033
17530	14621	59	51	233	0	14964
17531	262	47	38	14466	0	14813
17532	14352	48	34	214	0	14648
17533	270	46	13964	82	0	14362
17534	139	41	13909	58	0	14147
17535	104	255	213	13140	0	13712
17536	81	13590	78	211	0	13960
17537	78	13963	52	102	0	14195
17538	13681	203	52	111	0	14047
17539	214	55	13643	69	0	13981
17540	12668	24	153	79	0	12924
17541	183	13405	76	65	0	13729
17542	13495	151	43	58	0	13747
17543	197	58	31	13343	0	13629
17544	102	41	13587	166	0	13896
17545	90	37	146	13476	0	13749
17546	80	34	49	13559	0	13722
17547	70	13339	41	208	0	13658
17548	57	13833	37	95	0	14022
17549	65	182	32	13738	0	14017
17550	78	13983	30	191	0	14282
17551	69	161	13939	82	0	14251
17552	77	55	13491	73	0	13696
17553	12923	45	199	68	0	13235
17554	13858	26	69	64	0	14017
17555	208	13651	39	52	0	13950
17556	97	154	36	13700	0	13987
17557	78	61	28	13910	0	14077
17558	66	50	13791	196	0	14103
17559	69	32	154	13167	0	13422
17560	44	13614	76	187	0	13921
17561	60	161	13292	90	0	13603
17562	61	62	13138	73	0	13334
17563	58	12734	194	62	0	13048
17564	57	170	13361	50	0	13638
17565	50	78	170	13160	0	13458
17566	86	48	103	11905	0	12142
17567	67	33	13517	203	0	13820
17568	70	52	156	13226	0	13504
17569	51	13052	66	187	0	13356
17570	48	13662	53	95	0	13858
17571	62	220	37	13487	0	13806
17572	43	61	13788	197	0	14089
17573	39	13765	169	94	0	14067
17574	102	274	77	13350	0	13803
17575	38	57	12972	183	0	13250
17576	12005	19	108	54	0	12186
17577	12723	12	34	39	0	12808
17578	12792	19	22	37	0	12870
17579	123	20	13	12578	0	12734
17580	39	9	25	12721	0	12794
17581	34	12	12958	125	0	13129
17582	26	12	115	12796	0	12949
17583	32	26	30	13019	0	13107
17584	17	24	13003	142	0	13186
17585	11219	12	107	89	0	11427
17586	102	12049	46	50	0	12247
17587	12093	102	26	34	0	12255
17588	109	11941	19	30	0	12099
17589	43	123	21	11985	0	12172
17590	40	31	11979	114	0	12164
17591	40	65	105	11528	0	11738
17592	21	23	11676	131	0	11851
17593	10094	17	98	72	0	10281
17594	74	12	10991	31	0	11108
17595	30	12	98	10560	0	10700
17596	30	11	10913	89	0	11043
17597	19	10964	101	42	0	11126
17598	42	84	37	11068	0	11231
17599	31	29	34	10909	0	11003
17600	26	15	16	11388	0	11445
17601	21	7	11343	139	0	11510
17602	13	20	11398	67	0	11498
17603	11	5	131	11548	0	11695
17604	12	6	56	13049	0	13123
17605	17	8	32	13991	0	14048
17606	14473	9	29	275	0	14786
17607	211	6	23	15097	0	15337
17608	93	21	15996	274	0	16384
17609	16936	11	256	130	0	17333
17610	327	21	116	17917	0	18381
17611	18926	10	56	365	0	19357
17612	19369	8	49	187	0	19613
17613	526	20	40	19205	0	19791
17614	19334	6	41	407	0	19788
17615	19492	9	28	206	0	19735
17616	567	6	18676	119	0	19368
17617	267	18696	350	96	0	19409
17618	163	331	174	18025	0	18693
17619	103	158	94	18767	0	19122
17620	18481	79	65	539	0	19164
17621	18210	49	39	272	0	18570
17622	18262	30	31	192	0	18515
17623	608	11	17232	136	0	17987
17624	317	17411	368	89	0	18185
17625	17408	357	180	76	0	18021
17626	449	17545	116	69	0	18179
17627	17687	443	65	77	0	18272
17628	503	199	39	17509	0	18250
17629	17524	114	36	422	0	18096
17630	17721	60	43	220	0	18044
17631	17955	41	25	141	0	18162
17632	683	24	17469	116	0	18292
17633	17815	34	370	83	0	18302
17634	581	17742	176	68	0	18567
17635	18155	388	102	89	0	18734
17636	18351	186	74	86	0	18697
17637	18566	109	44	82	0	18801
17638	741	72	46	17594	0	18453
17639	385	17851	55	386	0	18677
17640	17952	404	44	212	0	18612
17641	551	197	17701	142	0	18591
17642	325	17866	403	110	0	18704
17643	292	458	194	16645	0	17589
17644	202	17610	103	366	0	18281
17645	17534	458	81	194	0	18267
17646	18167	254	54	126	0	18601
17647	731	137	36	17785	0	18689
17648	391	106	17428	468	0	18393
17649	281	17466	412	245	0	18404
17650	377	458	219	14480	0	15534
17651	204	222	113	18009	0	18548
17652	192	119	86	18851	0	19248
17653	18491	91	60	722	0	19364
17654	18851	73	57	357	0	19338
17655	19021	62	56	206	0	19345
17656	19257	89	48	156	0	19550
17657	887	84	52	18581	0	19604
17658	485	78	18438	629	0	19630
17659	333	68	471	18824	0	19696
17660	256	68	213	19022	0	19559
17661	232	75	115	19186	0	19608
17662	271	64	78	19313	0	19726
17663	18714	55	87	867	0	19723
17664	643	58	101	18940	0	19742
17665	18863	68	100	694	0	19725
17666	19222	74	77	438	0	19811
17667	882	72	18397	296	0	19647
17668	564	63	18284	226	0	19137
17669	393	46	18812	269	0	19520
17670	375	102	690	18212	0	19379
17671	332	54	18540	604	0	19530
17672	324	64	595	18005	0	18988
17673	296	84	300	18294	0	18974
17674	18326	78	193	810	0	19407
17675	676	94	138	18224	0	19132
17676	462	18658	139	673	0	19932
17677	19339	447	119	448	0	20353
17678	719	19451	127	284	0	20581
17679	464	535	19509	251	0	20759
17680	293	19782	517	257	0	20849
17681	19481	599	272	207	0	20559
17682	700	325	153	19310	0	20488
17683	477	223	19098	578	0	20376
17684	19235	128	535	352	0	20250
17685	749	150	260	19319	0	20478
17686	510	105	19386	598	0	20599
17687	383	135	528	19535	0	20581
17688	365	95	302	19808	0	20570
17689	321	95	202	19741	0	20359
17690	310	19424	164	786	0	20684
17691	19779	487	150	457	0	20873
17692	706	274	105	19494	0	20579
17693	482	19613	129	611	0	20835
17694	365	560	66	19930	0	20921
17695	282	326	19633	692	0	20933
17696	317	19816	455	417	0	21005
17697	19748	565	252	285	0	20850
17698	19980	333	171	230	0	20714
17699	808	189	148	19499	0	20644
17700	471	208	124	19833	0	20636
17701	19661	149	102	773	0	20685
17702	19266	132	150	440	0	19988
17703	769	19344	112	356	0	20581
17704	18067	416	121	284	0	18888
17705	646	217	17021	198	0	18082
17706	444	128	16541	182	0	17295
17707	234	16012	458	174	0	16878
17708	175	15510	221	159	0	16065
17709	13713	439	355	116	0	14623
17710	312	13608	89	103	0	14112
17711	13079	250	70	70	0	13469
17712	12934	106	54	58	0	13152
17713	12865	68	44	68	0	13045
17714	304	42	54	12688	0	13088
17715	12793	59	36	253	0	13141
17716	285	46	12604	108	0	13043
17717	155	46	12601	72	0	12874
17718	118	12716	236	82	0	13152
17719	104	199	12843	66	0	13212
17720	95	97	224	12358	0	12774
17721	71	53	12792	237	0	13153
17722	94	48	12512	109	0	12763
17723	78	50	249	12572	0	12949
17724	12707	46	123	224	0	13100
17725	12857	48	80	118	0	13103
17726	278	41	13140	61	0	13520
17727	12885	48	213	98	0	13244
17728	246	45	13310	69	0	13670
17729	13218	40	230	63	0	13551
17730	13753	38	108	89	0	13988
17731	300	33	80	13535	0	13948
17732	169	32	51	13201	0	13453
17733	113	12799	64	266	0	13242
17734	99	13299	38	130	0	13566
17735	92	215	62	13068	0	13437
17736	79	95	66	13215	0	13455
17737	12879	48	57	251	0	13235
17738	214	12779	42	121	0	13156
17739	12753	193	46	90	0	13082
17740	203	12707	52	85	0	13047
17741	114	221	12580	53	0	12968
17742	98	117	192	12450	0	12857
17743	12602	57	75	234	0	12968
17744	12950	43	45	109	0	13147
17745	290	12980	38	81	0	13389
17746	133	13221	49	56	0	13459
17747	100	13561	42	55	0	13758
17748	95	322	60	14213	0	14690
17749	95	99	14500	253	0	14947
17750	71	14399	265	107	0	14842
17751	90	304	86	14483	0	14963
17752	38	62	39	14821	0	14960
17753	34	47	14477	275	0	14833
17754	45	45	14302	95	0	14487
17755	14078	35	274	74	0	14461
17756	254	33	14806	42	0	15135
17757	14591	32	253	59	0	14935
17758	14582	28	80	41	0	14731
17759	14697	25	45	38	0	14805
17760	14601	30	49	38	0	14718
17761	326	27	14133	31	0	14517
17762	110	14209	222	43	0	14584
17763	89	235	80	14068	0	14472
17764	78	78	14250	228	0	14634
17765	73	41	240	13839	0	14193
17766	68	12738	120	264	0	13190
17767	67	233	56	14335	0	14691
17768	48	77	49	14455	0	14629
17769	56	53	41	14176	0	14326
17770	14143	44	36	330	0	14553
17771	264	31	42	14140	0	14477
17772	107	41	30	14246	0	14424
17773	69	46	52	14116	0	14283
17774	49	13434	47	318	0	13848
17775	13364	227	42	133	0	13766
17776	246	12677	49	80	0	13052
17777	77	12567	23	62	0	12729
17778	50	237	46	12518	0	12851
17779	65	56	35	12568	0	12724
17780	12391	38	36	287	0	12752
17781	256	32	28	12510	0	12826
17782	12599	31	25	261	0	12916
17783	14606	33	34	91	0	14764
17784	427	31	38	14553	0	15049
17785	172	23	31	14623	0	14849
17786	84	14812	30	473	0	15399
17787	15371	370	31	197	0	15969
17788	407	16041	28	117	0	16593
17789	16088	443	38	78	0	16647
17790	488	176	15764	72	0	16500
17791	15816	79	392	84	0	16371
17792	16546	58	137	94	0	16835
17793	595	46	59	15987	0	16687
17794	227	53	16016	473	0	16769
17795	121	16149	432	208	0	16910
17796	107	475	172	16644	0	17398
17797	109	185	16671	506	0	17471
17798	103	122	465	16675	0	17365
17799	16522	70	169	571	0	17332
17800	538	52	16461	226	0	17277
17801	212	16082	474	147	0	16915
17802	143	16857	195	113	0	17308
17803	162	608	110	14856	0	15736
17804	98	16440	92	392	0	17022
17805	16345	519	55	190	0	17109
17806	16460	194	42	136	0	16832
17807	16583	97	69	98	0	16847
17808	636	103	15830	79	0	16648
17809	16182	100	443	97	0	16822
17810	535	83	175	15962	0	16755
17811	230	74	93	16118	0	16515
17812	150	68	63	16268	0	16549
17813	136	60	56	16234	0	16486
17814	115	70	15636	689	0	16510
17815	99	79	15688	303	0	16169
17816	115	63	15651	204	0	16033
17817	14977	60	620	164	0	15821
17818	519	15192	224	164	0	16099
17819	244	460	118	15240	0	16062
17820	15097	187	75	565	0	15924
17821	509	15317	82	265	0	16173
17822	232	15797	98	166	0	16293
17823	15364	601	98	122	0	16185
17824	15699	261	72	108	0	16140
17825	632	15366	77	133	0	16208
17826	309	488	59	14336	0	15192
17827	202	14904	59	484	0	15649
17828	14770	540	78	222	0	15610
17829	14791	231	71	156	0	15249
17830	14914	150	63	124	0	15251
17831	713	14306	54	129	0	15202
17832	316	509	47	14489	0	15361
17833	200	207	14347	545	0	15299
17834	169	149	458	14368	0	15144
17835	153	138	176	14842	0	15309
17836	154	101	14276	653	0	15184
17837	14178	96	476	280	0	15030
17838	572	104	188	14430	0	15294
17839	269	111	103	14422	0	14905
17840	184	14295	82	638	0	15199
17841	14316	511	78	308	0	15213
17842	573	228	84	14059	0	14944
17843	256	14182	92	543	0	15073
17844	13817	495	77	260	0	14649
17845	517	13828	69	195	0	14609
17846	13284	493	88	172	0	14037
17847	566	219	13030	145	0	13960
17848	239	129	12017	122	0	12507
17849	157	79	11849	106	0	12191
17850	121	11701	560	82	0	12464
17851	197	440	287	10416	0	11340
17852	102	11175	97	365	0	11739
17853	11348	417	65	176	0	12006
17854	400	190	11253	118	0	11961
17855	11135	114	382	90	0	11721
17856	11395	81	190	79	0	11745
17857	502	96	115	11097	0	11810
17858	11314	90	71	374	0	11849
17859	454	71	66	11379	0	11970
17860	219	95	11231	398	0	11943
17861	11122	68	357	201	0	11748
17862	393	11237	179	119	0	11928
17863	227	362	112	11281	0	11982
17864	11353	183	69	370	0	11975
17865	433	119	48	11387	0	11987
17866	226	78	11179	429	0	11912
17867	145	70	364	11128	0	11707
17868	121	11163	190	403	0	11877
17869	11281	357	101	174	0	11913
17870	410	178	59	11228	0	11875
17871	11316	112	61	414	0	11903
17872	457	71	39	11318	0	11885
17873	214	50	61	11226	0	11551
17874	136	11148	66	471	0	11821
17875	11127	350	61	228	0	11766
17876	394	11546	60	151	0	12151
17877	216	386	50	10977	0	11629
17878	142	11268	42	383	0	11835
17879	11263	378	45	202	0	11888
17880	11165	167	61	162	0	11555
17881	11256	134	46	119	0	11555
17882	490	10680	53	116	0	11339
17883	105	8935	22	46	0	9108
17884	8745	210	32	58	0	9045
17885	204	8911	22	42	0	9179
17886	124	347	78	8178	0	8727
17887	71	64	7993	162	0	8290
17888	7287	46	100	36	0	7469
17889	7444	22	16	52	0	7534
17890	7422	28	13	21	0	7484
17891	135	7463	8	26	0	7632
17892	7379	98	15	31	0	7523
17893	126	30	7664	14	0	7834
17894	39	7666	80	20	0	7805
17895	52	197	22	7121	0	7392
17896	20	7114	12	53	0	7199
17897	6795	58	27	18	0	6898
17898	43	6927	7	18	0	6995
17899	12	44	6	6871	0	6933
17900	12	6895	2	41	0	6950
17901	9	43	10	7040	0	7102
17902	11	13	6	6862	0	6892
17903	7	8	6922	45	0	6982
17904	9	8	42	6731	0	6790
17905	6781	6	7	55	0	6849
17906	6790	10	4	16	0	6820
17907	61	8	2	6853	0	6924
17908	20	9	6783	45	0	6857
17909	22	9	38	6731	0	6800
17910	6808	8	7	53	0	6876
17911	7147	13	5	40	0	7205
17912	7249	11	4	22	0	7286
17913	52	7492	8	11	0	7563
17914	7570	42	8	19	0	7639
17915	53	16	7469	10	0	7548
17916	7969	12	42	24	0	8047
17917	54	14	5	8328	0	8401
17918	21	9	7	8332	0	8369
17919	23	9	9	8399	0	8440
17920	8252	14	10	67	0	8343
17921	8126	8	5	32	0	8171
17922	65	18	4	8150	0	8237
17923	36	10	8359	59	0	8464
17924	27	9	49	8367	0	8452
17925	31	9	12	8404	0	8456
17926	22	16	8405	66	0	8509
17927	17	8446	49	29	0	8541
17928	21	47	9	8633	0	8710
17929	8803	18	12	70	0	8903
17930	55	18	14	8846	0	8933
17931	25	16	7	8899	0	8947
17932	8941	13	4	83	0	9041
17933	66	8883	5	36	0	8990
17934	25	9047	6	32	0	9110
17935	9043	62	7	32	0	9144
17936	69	24	9042	15	0	9150
17937	8691	19	52	38	0	8800
17938	71	20	9490	13	0	9594
17939	27	9575	54	14	0	9670
17940	9687	47	26	25	0	9785
17941	9801	12	13	19	0	9845
17942	9852	12	15	29	0	9908
17943	9921	13	7	31	0	9972
17944	79	18	9896	13	0	10006
17945	48	9	46	9812	0	9915
17946	10001	11	15	71	0	10098
17947	68	6	10272	29	0	10375
17948	35	8	10057	16	0	10116
17949	24	10093	51	20	0	10188
17950	10155	47	37	26	0	10265
17951	74	16	13	10037	0	10140
17952	10072	5	12	49	0	10138
17953	44	10177	6	21	0	10248
17954	26	48	10	10720	0	10804
17955	16	16	3	10670	0	10705
17956	22	11	6	10850	0	10889
17957	19	11	11011	76	0	11117
17958	13	11098	59	37	0	11207
17959	11904	71	20	26	0	12021
17960	113	26	9	11904	0	12052
17961	11928	11	16	123	0	12078
17962	11851	11	6	37	0	11905
17963	148	6	8	11872	0	12034
17964	56	10	12115	118	0	12299
17965	40	10	106	12037	0	12193
17966	28	12062	35	118	0	12243
17967	25	101	16	12313	0	12455
17968	29	27	12230	125	0	12411
17969	12038	18	111	52	0	12219
17970	127	16	31	12411	0	12585
17971	12362	10	21	131	0	12524
17972	136	6	12277	47	0	12466
17973	11719	5	112	41	0	11877
17974	138	14	12343	22	0	12517
17975	11792	7	115	36	0	11950
17976	127	11979	46	21	0	12173
17977	56	12256	24	14	0	12350
17978	40	146	21	12324	0	12531
17979	62	63	50	11201	0	11376
17980	18	28	9	12297	0	12352
17981	12364	18	11	149	0	12542
17982	112	21	7	12487	0	12627
17983	42	10	12479	144	0	12675
17984	12024	13	110	76	0	12223
17985	120	12625	34	35	0	12814
17986	12780	110	16	43	0	12949
17987	12605	27	15	30	0	12677
17988	152	23	12733	23	0	12931
17989	70	15	123	12476	0	12684
17990	43	14	40	13205	0	13302
17991	33	12	13289	156	0	13490
17992	16	13153	148	59	0	13376
17993	12907	133	33	51	0	13124
17994	13016	37	23	62	0	13138
17995	169	26	18	13170	0	13383
17996	72	15	21	13105	0	13213
17997	51	7	8	13580	0	13646
17998	13281	12	14	222	0	13529
17999	162	13508	17	88	0	13775
18000	13616	150	14	59	0	13839
18001	13636	53	16	37	0	13742
18002	228	25	14055	26	0	14334
18003	93	29	180	13719	0	14021
18004	55	14310	56	194	0	14615
18005	51	187	34	14632	0	14904
18006	49	59	26	15059	0	15193
18007	36	30	15276	280	0	15622
18008	15711	25	226	117	0	16079
18009	17428	23	80	68	0	17599
18010	18394	17	42	70	0	18523
18011	432	15	34	17955	0	18436
18012	170	46	21	17905	0	18142
18013	94	17616	27	434	0	18171
18014	66	18433	28	185	0	18712
18015	18161	420	34	104	0	18719
18016	368	17961	26	80	0	18435
18017	151	391	17816	74	0	18432
18018	122	143	358	18117	0	18740
18019	18333	86	130	383	0	18932
18020	405	65	18176	144	0	18790
18021	177	50	18180	92	0	18499
18022	18369	39	454	85	0	18947
18023	18535	33	176	89	0	18833
18024	525	51	90	18193	0	18859
18025	212	39	18245	399	0	18895
18026	150	48	388	18289	0	18875
18027	123	68	17592	464	0	18247
18028	101	48	18229	198	0	18576
18029	84	18330	461	148	0	19023
18030	18421	365	191	104	0	19081
18031	18613	130	126	99	0	18968
18032	490	18463	95	103	0	19151
18033	255	380	82	18361	0	19078
18034	172	158	73	18517	0	18920
18035	132	83	81	18830	0	19126
18036	18456	58	74	542	0	19130
18037	410	18308	64	244	0	19026
18038	18051	376	67	181	0	18675
18039	18110	146	79	130	0	18465
18040	529	105	17570	110	0	18314
18041	254	17536	387	93	0	18270
18042	195	386	160	17705	0	18446
18043	150	165	17655	393	0	18363
18044	17266	109	399	195	0	17969
18045	17766	75	168	150	0	18159
18046	17800	74	102	135	0	18111
18047	17643	54	84	120	0	17901
18048	584	63	84	17090	0	17821
18049	308	59	17038	408	0	17813
18050	237	57	356	17103	0	17753
18051	17173	54	171	461	0	17859
18052	17245	50	117	218	0	17630
18053	528	16788	84	170	0	17570
18054	16664	339	93	119	0	17215
18055	507	145	16408	99	0	17159
18056	251	107	16372	92	0	16822
18057	15964	95	462	98	0	16619
18058	446	15903	195	103	0	16647
18059	248	299	104	14898	0	15549
18060	155	15182	89	288	0	15714
18061	131	334	66	15342	0	15873
18062	147	132	52	15479	0	15810
18063	127	93	73	15825	0	16118
18064	15228	71	56	476	0	15831
18065	15624	72	45	213	0	15954
18066	15564	53	62	153	0	15832
18067	470	66	15185	115	0	15836
18068	15263	57	313	121	0	15754
18069	459	65	153	15580	0	16257
18070	246	56	109	16177	0	16588
18071	200	58	16114	444	0	16816
18072	156	72	368	17597	0	18193
18073	18449	52	169	522	0	19192
18074	499	48	18359	269	0	19175
18075	264	45	453	18544	0	19306
18076	18609	37	200	515	0	19361
18077	18731	40	134	257	0	19162
18078	667	50	18391	170	0	19278
18079	335	41	18773	132	0	19281
18080	222	43	560	18850	0	19675
18081	19100	48	265	502	0	19915
18082	19477	56	150	245	0	19928
18083	644	77	122	18450	0	19293
18084	327	19074	117	486	0	20004
18085	19099	424	105	246	0	19874
18086	570	19279	103	189	0	20141
18087	290	491	84	19446	0	20311
18088	233	192	19092	529	0	20046
18089	201	108	18816	244	0	19369
18090	173	73	19114	185	0	19545
18091	175	74	656	18527	0	19432
18092	173	54	271	18992	0	19490
18093	18652	52	185	631	0	19520
18094	530	18424	129	317	0	19400
18095	18747	430	112	196	0	19485
18096	603	186	91	17847	0	18727
18097	289	18061	86	449	0	18885
18098	193	18781	84	251	0	19309
18099	180	542	85	18391	0	19198
18100	18318	224	89	489	0	19120
18101	480	18420	107	262	0	19269
18102	17615	420	97	176	0	18308
18103	509	18002	87	138	0	18736
18104	17730	462	117	135	0	18444
18105	566	185	17306	114	0	18171
18106	303	127	16962	95	0	17487
18107	191	16754	456	90	0	17491
18108	15189	544	411	121	0	16265
18109	329	14398	107	65	0	14899
18110	130	13435	68	47	0	13680
18111	258	364	52	13380	0	14054
18112	13379	134	54	247	0	13814
18113	255	13552	44	112	0	13963
18114	13183	256	39	62	0	13540
18115	274	13169	20	43	0	13506
18116	12910	262	34	34	0	13240
18117	244	12753	39	41	0	13077
18118	99	12898	38	38	0	13073
18119	76	297	36	12302	0	12711
18120	52	12673	29	192	0	12946
18121	12521	249	24	80	0	12874
18122	221	104	12399	55	0	12779
18123	117	73	193	12380	0	12763
18124	70	61	12545	214	0	12890
18125	55	45	220	12384	0	12704
18126	46	50	81	12580	0	12757
18127	51	56	12022	271	0	12400
18128	11280	38	205	141	0	11664
18129	215	11769	93	98	0	12175
18130	11944	210	61	68	0	12283
18131	259	11947	43	62	0	12311
18132	125	243	41	11912	0	12321
18133	11900	109	52	219	0	12280
18134	11994	61	54	114	0	12223
18135	12076	44	57	78	0	12255
18136	329	52	56	11858	0	12295
18137	173	42	40	11897	0	12152
18138	117	12055	46	264	0	12482
18139	12141	232	32	161	0	12566
18140	12372	112	37	92	0	12613
18141	12337	91	46	69	0	12543
18142	12268	71	44	67	0	12450
18143	347	11875	52	71	0	12345
18144	167	229	49	12012	0	12457
18145	110	118	11916	243	0	12387
18146	11713	86	224	118	0	12141
18147	12330	68	93	96	0	12587
18148	344	70	12171	78	0	12663
18149	188	74	12255	80	0	12597
18150	131	80	291	12329	0	12831
18151	89	72	131	12666	0	12958
18152	84	77	87	12888	0	13136
18153	12505	72	59	365	0	13001
18154	275	65	66	12585	0	12991
18155	143	65	12328	310	0	12846
18156	101	73	249	12571	0	12994
18157	100	59	12589	313	0	13061
18158	93	75	259	12508	0	12935
18159	96	68	122	13079	0	13365
18160	104	62	12994	342	0	13502
18161	12388	81	254	189	0	12912
18162	292	13060	124	113	0	13589
18163	13277	296	69	84	0	13726
18164	347	149	33	13530	0	14059
18165	13579	117	35	323	0	14054
18166	352	13863	40	163	0	14418
18167	173	14738	41	101	0	15053
18168	143	675	52	14925	0	15795
18169	123	210	15589	348	0	16270
18170	112	127	15224	160	0	15623
18171	91	15187	459	123	0	15860
18172	13071	393	189	121	0	13774
18173	274	152	87	12832	0	13345
18174	12695	66	76	275	0	13112
18175	273	12587	75	124	0	13059
18176	139	13029	60	69	0	13297
18177	102	390	39	12914	0	13445
18178	12913	163	29	295	0	13400
18179	13024	94	20	153	0	13291
18180	390	85	12642	71	0	13188
18181	169	91	12254	60	0	12574
18182	12125	65	309	65	0	12564
18183	302	12250	128	54	0	12734
18184	12111	243	93	41	0	12488
18185	353	113	72	11878	0	12416
18186	172	65	11729	231	0	12197
18187	11270	64	260	104	0	11698
18188	284	11431	125	61	0	11901
18189	149	11620	64	62	0	11895
18190	152	308	83	11414	0	11957
18191	11540	131	70	262	0	12003
18192	268	89	68	11594	0	12019
18193	11867	82	57	270	0	12276
18194	287	97	11413	136	0	11933
18195	11565	81	180	102	0	11928
18196	11897	54	79	100	0	12130
18197	377	49	11324	100	0	11850
18198	11161	43	235	83	0	11522
18199	348	11094	124	61	0	11627
18200	207	229	97	10925	0	11458
18201	158	11150	84	216	0	11608
18202	11306	247	76	105	0	11734
18203	324	135	74	10952	0	11485
18204	182	10981	59	255	0	11477
18205	121	280	51	10993	0	11445
18206	105	11158	40	271	0	11574
18207	102	294	32	11267	0	11695
18208	11253	159	35	298	0	11745
18209	271	103	34	11300	0	11708
18210	141	105	11027	304	0	11577
18211	10933	95	212	187	0	11427
18212	268	90	95	11124	0	11577
18213	167	72	10820	317	0	11376
18214	136	46	10497	198	0	10877
18215	121	46	11063	126	0	11356
18216	102	40	359	10933	0	11434
18217	128	29	181	11389	0	11727
18218	93	44	149	11428	0	11714
18219	90	40	136	11512	0	11778
18220	11434	45	117	395	0	11991
18221	11728	47	104	232	0	12111
18222	11922	46	72	190	0	12230
18223	12129	56	51	183	0	12419
18224	398	49	44	11884	0	12375
18225	240	56	12000	337	0	12633
18226	12062	47	238	186	0	12533
18227	12594	52	106	128	0	12880
18228	448	64	59	12364	0	12935
18229	254	44	70	12647	0	13015
18230	12700	46	63	414	0	13223
18231	375	40	82	12267	0	12764
18232	251	12216	71	337	0	12875
18233	12583	254	61	224	0	13122
18234	12552	122	73	173	0	12920
18235	439	72	12761	153	0	13425
18236	239	76	279	12883	0	13477
18237	159	67	156	13263	0	13645
18238	13164	73	91	422	0	13750
18239	13383	63	79	211	0	13736
18240	471	61	69	13272	0	13873
18241	252	48	13183	394	0	13877
18242	188	37	13332	248	0	13805
18243	185	34	341	13469	0	14029
18244	194	62	147	13696	0	14099
18245	13389	42	115	445	0	13991
18246	392	13107	113	234	0	13846
18247	222	13023	105	169	0	13519
18248	143	13504	100	171	0	13918
18249	174	369	109	13218	0	13870
18250	13185	140	104	387	0	13816
18251	13264	108	46	178	0	13596
18252	390	13158	38	158	0	13744
18253	13378	341	39	124	0	13882
18254	398	156	29	13300	0	13883
18255	214	93	13330	368	0	14005
18256	182	81	267	13223	0	13753
18257	206	75	104	13468	0	13853
18258	176	76	50	13491	0	13793
18259	13016	52	68	435	0	13571
18260	332	86	68	12647	0	13133
18261	163	12567	63	414	0	13207
18262	12364	233	111	237	0	12945
18263	303	12264	50	199	0	12816
18264	155	11970	42	165	0	12332
18265	144	12137	56	135	0	12472
18266	142	242	11318	96	0	11798
18267	67	10931	203	104	0	11305
18268	101	184	9944	86	0	10315
18269	9301	42	114	44	0	9501
18270	9706	23	20	41	0	9790
18271	112	23	9989	27	0	10151
18272	10082	21	83	60	0	10246
18273	10509	14	24	36	0	10583
18274	114	20	10444	22	0	10600
18275	39	10674	88	27	0	10828
18276	45	91	21	10749	0	10906
18277	10880	22	17	108	0	11027
18278	110	13	21	10790	0	10934
18279	11120	15	10	126	0	11271
18280	11156	12	11	54	0	11233
18281	121	16	11055	31	0	11223
18282	11012	16	86	34	0	11148
18283	113	11378	20	33	0	11544
18284	11543	92	16	27	0	11678
18285	125	25	7	11584	0	11741
18286	48	16	11530	109	0	11703
18287	40	26	95	11396	0	11557
18288	11410	19	19	129	0	11577
18289	111	11390	17	51	0	11569
18290	49	106	11376	33	0	11564
18291	41	33	97	11014	0	11185
18292	33	15	11427	123	0	11598
18293	27	11412	104	54	0	11597
18294	11424	92	33	43	0	11592
18295	123	34	18	11452	0	11627
18296	59	24	11448	114	0	11645
18297	50	28	11010	52	0	11140
18298	11679	31	116	55	0	11881
18299	114	31	38	11918	0	12101
18300	49	38	22	11961	0	12070
18301	52	22	12135	135	0	12344
18302	49	24	12050	47	0	12170
18303	36	12501	132	46	0	12715
18304	55	123	41	12574	0	12793
18305	60	28	34	12523	0	12645
18306	46	12495	22	140	0	12703
18307	52	129	12374	56	0	12611
18308	12081	37	132	55	0	12305
18309	150	28	42	12687	0	12907
18310	49	28	12839	150	0	13066
18311	48	27	131	12336	0	12542
18312	56	12633	34	148	0	12871
18313	51	126	12578	62	0	12817
18314	12247	46	131	47	0	12471
18315	151	45	12653	34	0	12883
18316	58	34	12281	37	0	12410
18317	54	41	11990	35	0	12120
18318	47	33	12777	32	0	12889
18319	53	36	162	12684	0	12935
18320	49	17	13370	153	0	13589
18321	45	29	155	12912	0	13141
18322	29	13241	51	162	0	13483
18323	13927	150	32	53	0	14162
18324	196	40	31	14161	0	14428
18325	64	25	14182	197	0	14468
18326	38	14146	189	86	0	14459
18327	41	202	62	14238	0	14543
18328	14124	57	38	228	0	14447
18329	191	14181	33	71	0	14476
18330	65	221	20	14286	0	14592
18331	14342	54	29	205	0	14630
18332	203	24	14182	60	0	14469
18333	13997	32	196	39	0	14264
18334	200	23	14364	39	0	14626
18335	13536	9	210	34	0	13789
18336	13755	19	73	26	0	13873
18337	222	13	13530	30	0	13795
18338	72	13287	165	16	0	13540
18339	75	179	74	12783	0	13111
18340	30	52	13512	165	0	13759
18341	29	30	165	12984	0	13208
18342	25	34	57	13152	0	13268
18343	21	12	13330	204	0	13567
18344	18	12	13294	64	0	13388
18345	20	9	200	13342	0	13571
18346	13641	6	67	183	0	13897
18347	157	13437	55	54	0	13703
18348	51	13563	33	28	0	13675
18349	13560	184	24	50	0	13818
18350	13749	48	40	40	0	13877
18351	208	39	28	13689	0	13964
18352	62	29	13	13705	0	13809
18353	54	17	14	13860	0	13945
18354	13561	16	16	224	0	13817
18355	167	12988	18	91	0	13264
18356	55	13337	20	49	0	13461
18357	33	196	32	13313	0	13574
18358	39	44	17	13531	0	13631
18359	35	33	14	13504	0	13586
18360	13339	31	17	234	0	13621
18361	173	13495	12	95	0	13775
18362	13713	170	21	52	0	13956
18363	202	54	13673	40	0	13969
18364	78	13886	183	37	0	14184
18365	37	210	56	13842	0	14145
18366	13828	53	35	227	0	14143
18367	228	33	13786	75	0	14122
18368	68	53	13847	52	0	14020
18369	54	27	251	13857	0	14189
18370	46	21	83	13926	0	14076
18371	39	26	58	13597	0	13720
18372	32	16	53	13008	0	13109
18373	42	30	37	13068	0	13177
18374	34	12675	42	305	0	13056
18375	44	192	35	12805	0	13076
18376	12554	60	35	286	0	12935
18377	208	12680	24	123	0	13035
18378	12623	225	31	95	0	12974
18379	243	70	12254	78	0	12645
18380	89	42	12356	67	0	12554
18381	74	56	251	12626	0	13007
18382	63	31	14717	263	0	15074
18383	47	34	339	14635	0	15055
18384	58	35	155	14614	0	14862
18385	15208	25	80	466	0	15779
18386	15370	38	65	204	0	15677
18387	440	15929	48	123	0	16540
18388	191	16755	42	113	0	17101
18389	110	493	43	16752	0	17398
18390	16862	185	39	453	0	17539
18391	431	105	16940	185	0	17661
18392	184	77	418	17015	0	17694
18393	115	51	173	17271	0	17610
18394	81	67	16924	578	0	17650
18395	51	16928	452	266	0	17697
18396	78	411	171	16879	0	17539
18397	70	173	17111	505	0	17859
18398	63	97	452	16871	0	17483
18399	16206	62	183	549	0	17000
18400	403	16240	111	280	0	17034
18401	174	16611	90	159	0	17034
18402	108	548	67	16301	0	17024
18403	15858	210	64	493	0	16625
18404	403	16051	85	240	0	16779
18405	16157	458	57	190	0	16862
18406	496	200	16023	161	0	16880
18407	237	130	16588	131	0	17086
18408	143	118	576	15985	0	16822
18409	122	82	250	16981	0	17435
18410	16459	87	145	644	0	17335
18411	532	87	113	16578	0	17310
18412	284	92	16426	589	0	17391
18413	172	131	457	16459	0	17219
18414	155	100	219	16921	0	17395
18415	124	105	16198	709	0	17136
18416	15727	87	504	380	0	16698
18417	498	85	253	16372	0	17208
18418	15787	56	152	651	0	16646
18419	480	15246	147	327	0	16200
18420	15079	424	126	250	0	15879
18421	459	14916	104	229	0	15708
18422	240	15156	122	198	0	15716
18423	267	553	196	14071	0	15087
18424	13911	235	174	468	0	14788
18425	14035	161	82	261	0	14539
18426	503	158	87	13778	0	14526
18427	13838	127	88	482	0	14535
18428	14050	127	74	283	0	14534
18429	573	144	71	13944	0	14732
18430	13626	104	68	481	0	14279
18431	531	13812	85	268	0	14696
18432	14005	416	113	206	0	14740
18433	516	209	13491	201	0	14417
18434	14104	123	382	226	0	14835
18435	523	82	211	14073	0	14889
18436	296	65	142	14445	0	14948
18437	211	60	125	14473	0	14869
18438	187	94	115	14417	0	14813
18439	162	84	116	14316	0	14678
18440	146	13049	130	682	0	14007
18441	149	14055	114	406	0	14724
18442	13960	449	99	307	0	14815
18443	480	221	13760	255	0	14716
18444	13773	177	370	212	0	14532
18445	545	146	13883	199	0	14773
18446	314	148	411	13684	0	14557
18447	255	159	180	14196	0	14790
18448	13767	145	104	604	0	14620
18449	544	128	13773	321	0	14766
18450	374	130	383	13955	0	14842
18451	269	115	14403	512	0	15299
18452	246	14634	421	322	0	15623
18453	248	389	198	15121	0	15956
18454	15121	180	121	568	0	15990
18455	14795	128	108	341	0	15372
18456	15237	109	98	284	0	15728
18457	666	14813	105	247	0	15831
18458	351	15579	116	245	0	16291
18459	14260	535	109	258	0	15162
18460	478	15345	106	256	0	16185
18461	309	15484	103	259	0	16155
18462	238	536	14862	270	0	15906
18463	196	14723	378	260	0	15557
18464	173	14853	205	225	0	15456
18465	171	540	117	14774	0	15602
18466	157	305	14746	480	0	15688
18467	175	201	14406	300	0	15082
18468	14191	142	510	233	0	15076
18469	489	121	14651	174	0	15435
18470	14837	116	447	190	0	15590
18471	515	108	257	14724	0	15604
18472	323	14886	163	476	0	15848
18473	15517	380	130	325	0	16352
18474	16140	224	141	238	0	16743
18475	623	130	124	15921	0	16798
18476	370	95	140	16124	0	16729
18477	261	105	124	16352	0	16842
18478	15888	102	113	660	0	16763
18479	14697	149	92	381	0	15319
18480	16066	121	78	258	0	16523
18481	655	15169	63	208	0	16095
18482	13270	242	50	111	0	13673
18483	323	12827	51	101	0	13302
18484	178	12830	50	82	0	13140
18485	232	580	132	11742	0	12686
18486	107	12019	70	221	0	12417
18487	11326	182	62	95	0	11665
18488	213	116	23	11152	0	11504
18489	10906	45	19	166	0	11136
18490	174	10497	22	79	0	10772
18491	85	10969	17	55	0	11126
18492	11014	172	16	51	0	11253
18493	164	11266	18	37	0	11485
18494	98	164	26	11284	0	11572
18495	64	61	32	11395	0	11552
18496	11323	29	23	199	0	11574
18497	156	27	13	11380	0	11576
18498	88	29	11587	170	0	11874
18499	57	31	139	11651	0	11878
18500	11890	27	55	190	0	12162
18501	181	12208	36	72	0	12497
18502	12914	182	24	70	0	13190
18503	12655	88	25	53	0	12821
18504	13120	47	8	54	0	13229
18505	267	37	12881	42	0	13227
18506	111	34	12591	40	0	12776
18507	12376	28	191	31	0	12626
18508	184	12692	77	30	0	12983
18509	73	187	42	12844	0	13146
18510	48	74	25	12836	0	12983
18511	38	12446	24	215	0	12723
18512	38	12856	23	74	0	12991
18513	38	207	20	12909	0	13174
18514	38	79	18	13029	0	13164
18515	32	56	12690	222	0	13000
18516	49	32	12136	107	0	12324
18517	12465	36	212	67	0	12780
18518	13147	28	85	46	0	13306
18519	247	21	51	13034	0	13353
18520	108	37	13039	187	0	13371
18521	77	36	182	12919	0	13214
18522	12892	40	66	224	0	13222
18523	219	34	12898	95	0	13246
18524	90	47	188	13080	0	13405
18525	69	38	13167	199	0	13473
18526	55	12933	210	91	0	13289
18527	45	199	13076	52	0	13372
18528	65	114	196	12770	0	13145
18529	12975	51	90	199	0	13315
18530	186	31	50	13137	0	13404
18531	13168	23	34	227	0	13452
18532	13356	25	37	95	0	13513
18533	13166	29	25	79	0	13299
18534	266	25	12851	35	0	13177
18535	13020	27	163	64	0	13274
18536	231	20	81	13115	0	13447
18537	106	32	51	13250	0	13439
18538	79	19	13116	233	0	13447
18539	51	46	171	13124	0	13392
18540	13306	25	67	218	0	13616
18541	187	13295	56	107	0	13645
18542	13490	167	37	72	0	13766
18543	13592	65	27	48	0	13732
18544	13695	39	21	56	0	13811
18545	270	47	25	13396	0	13738
18546	119	30	13559	201	0	13909
18547	81	22	171	13789	0	14063
18548	63	22	73	13974	0	14132
18549	13843	20	44	264	0	14171
18550	13546	27	36	131	0	13740
18551	274	27	13139	74	0	13514
18552	130	44	184	13008	0	13366
18553	81	25	13200	214	0	13520
18554	13220	15	218	107	0	13560
18555	224	14386	82	96	0	14788
18556	14598	211	60	57	0	14926
18557	282	14898	32	54	0	15266
18558	14767	262	34	44	0	15107
18559	285	14865	26	51	0	15227
18560	129	283	42	14936	0	15390
18561	90	88	28	15300	0	15506
18562	15201	60	26	330	0	15617
18563	15154	29	28	133	0	15344
18564	15304	28	26	92	0	15450
18565	14902	29	27	63	0	15021
18566	15145	29	14	56	0	15244
18567	388	25	26	14695	0	15134
18568	173	14661	21	263	0	15118
18569	135	240	15	14477	0	14867
18570	91	14439	22	289	0	14841
18571	84	284	21	14179	0	14568
18572	62	14288	24	289	0	14663
18573	73	285	22	14033	0	14413
18574	70	85	13540	298	0	13993
18575	13053	56	234	138	0	13481
18576	275	13506	72	77	0	13930
18577	13531	254	46	71	0	13902
18578	298	85	13406	64	0	13853
18579	13122	62	251	52	0	13487
18580	322	51	13902	50	0	14325
18581	120	50	278	13942	0	14390
18582	91	14893	98	276	0	15358
18583	85	304	15069	92	0	15550
18584	74	112	324	15189	0	15699
18585	14569	74	141	370	0	15154
18586	339	51	69	15478	0	15937
18587	143	36	52	15717	0	15948
18588	121	25	45	15921	0	16112
18589	81	32	15483	477	0	16073
18590	68	34	327	15284	0	15713
18591	55	15049	125	411	0	15640
18592	64	310	85	15296	0	15755
18593	71	113	45	15297	0	15526
18594	15059	75	42	463	0	15639
18595	343	55	30	15438	0	15866
18596	139	48	15610	418	0	16215
18597	90	30	15531	198	0	15849
18598	82	34	15559	154	0	15829
18599	63	15589	464	102	0	16218
18600	15264	352	259	102	0	15977
18601	339	15200	115	102	0	15756
18602	14966	360	84	86	0	15496
18603	399	136	63	14785	0	15383
18604	154	95	15035	354	0	15638
18605	124	57	14710	171	0	15062
18606	66	15299	423	132	0	15920
18607	78	372	180	15307	0	15937
18608	73	148	108	15663	0	15992
18609	68	108	69	15753	0	15998
18610	61	77	15399	537	0	16074
18611	14539	61	391	274	0	15265
18612	374	60	15396	170	0	16000
18613	172	61	439	15235	0	15907
18614	134	65	175	15827	0	16201
18615	104	51	15406	559	0	16120
18616	14834	49	400	289	0	15572
18617	413	15445	194	194	0	16246
18618	15536	381	135	151	0	16203
18619	468	148	104	15208	0	15928
18620	171	15459	99	437	0	16166
18621	139	400	62	15737	0	16338
18622	15591	166	83	527	0	16367
18623	446	106	78	15612	0	16242
18624	203	85	15239	526	0	16053
18625	15006	81	412	256	0	15755
18626	15475	51	183	231	0	15940
18627	527	89	15160	153	0	15929
18628	261	84	409	15126	0	15880
18629	15440	64	186	500	0	16190
18630	494	75	122	15214	0	15905
18631	220	55	95	15185	0	15555
18632	167	63	112	15172	0	15514
18633	153	50	93	15229	0	15525
18634	121	68	14648	637	0	15474
18635	100	60	428	14789	0	15377
18636	111	44	14641	585	0	15381
18637	14453	61	457	299	0	15270
18638	14932	63	215	241	0	15451
18639	14930	36	155	208	0	15329
18640	15005	49	120	196	0	15370
18641	632	44	112	14423	0	15211
18642	14397	52	111	517	0	15077
18643	521	44	14154	284	0	15003
18644	262	32	14162	218	0	14674
18645	13546	46	478	203	0	14273
18646	465	13515	239	199	0	14418
18647	238	13729	146	171	0	14284
18648	195	438	149	13508	0	14290
18649	144	161	13500	471	0	14276
18650	12967	105	391	271	0	13734
18651	423	80	13558	197	0	14258
18652	224	12997	408	191	0	13820
18653	201	322	12921	177	0	13621
18654	149	12518	390	149	0	13206
18655	11273	407	278	151	0	12109
18656	313	11213	159	140	0	11825
18657	184	10962	107	91	0	11344
18658	138	326	81	10869	0	11414
18659	114	152	10649	315	0	11230
18660	109	102	293	10366	0	10870
18661	99	81	148	10674	0	11002
18662	103	73	10420	382	0	10978
18663	110	55	304	10139	0	10608
18664	74	10085	179	323	0	10661
18665	97	266	134	10485	0	10982
18666	10439	109	106	356	0	11010
18667	316	100	85	10545	0	11046
18668	172	74	10432	356	0	11034
18669	124	79	271	10604	0	11078
18670	121	60	10457	368	0	11006
18671	10322	72	323	197	0	10914
18672	292	62	168	10600	0	11122
18673	10581	52	132	349	0	11114
18674	334	47	10520	188	0	11089
18675	10022	63	287	186	0	10558
18676	333	10473	147	145	0	11098
18677	155	256	10558	154	0	11123
18678	151	237	296	10314	0	10998
18679	122	82	10611	316	0	11131
18680	96	9962	308	177	0	10543
18681	107	10462	162	140	0	10871
18682	9353	227	95	105	0	9780
18683	237	9920	55	91	0	10303
18684	10125	235	83	81	0	10524
18685	287	85	66	10135	0	10573
18686	133	57	10023	261	0	10474
18687	91	10120	225	106	0	10542
18688	98	272	99	10041	0	10510
18689	83	82	71	10441	0	10677
18690	69	67	58	10610	0	10804
18691	73	65	65	10440	0	10643
18692	66	10009	51	323	0	10449
18693	50	10552	48	154	0	10804
18694	10142	256	64	97	0	10559
18695	234	10084	46	97	0	10461
18696	73	249	44	9609	0	9975
18697	54	76	9602	231	0	9963
18698	41	9475	216	86	0	9818
18699	41	207	79	9162	0	9489
18700	50	109	47	9179	0	9385
18701	39	9189	32	223	0	9483
18702	8911	208	35	81	0	9235
18703	181	67	8913	84	0	9245
18704	8350	50	169	59	0	8628
18705	180	8703	54	33	0	8970
18706	8116	155	43	28	0	8342
18707	144	8309	19	29	0	8501
18708	67	156	18	8690	0	8931
18709	32	61	23	8875	0	8991
18710	8686	42	12	206	0	8946
18711	159	45	17	8728	0	8949
18712	74	41	8624	192	0	8931
18713	43	8378	144	73	0	8638
18714	32	8578	45	55	0	8710
18715	28	186	33	8437	0	8684
18716	29	72	8471	152	0	8724
18717	21	56	140	8321	0	8538
18718	20	35	42	8433	0	8530
18719	20	36	8226	204	0	8486
18720	24	31	8001	89	0	8145
18721	22	8202	154	75	0	8453
18722	8246	151	58	60	0	8515
18723	145	67	39	8131	0	8382
18724	51	8014	35	150	0	8250
18725	8261	164	21	79	0	8525
18726	142	68	21	8291	0	8522
18727	52	48	22	8275	0	8397
18728	33	8145	15	205	0	8398
18729	28	150	24	8153	0	8355
18730	8152	62	27	204	0	8445
18731	137	63	25	8259	0	8484
18732	63	50	14	8352	0	8479
18733	38	46	8158	194	0	8436
18734	43	44	7765	101	0	7953
18735	8006	47	170	75	0	8298
18736	157	36	60	8035	0	8288
18737	59	42	40	8102	0	8243
18738	55	40	34	8199	0	8328
18739	43	43	7960	232	0	8278
18740	7893	41	138	121	0	8193
18741	153	33	61	7973	0	8220
18742	73	41	48	8071	0	8233
18743	7887	46	30	217	0	8180
18744	158	7782	41	128	0	8109
18745	54	148	7784	100	0	8086
18746	51	70	150	7540	0	7811
18747	43	7651	62	193	0	7949
18748	44	145	52	7805	0	8046
18749	7636	70	39	215	0	7960
18750	158	64	39	7625	0	7886
18751	7507	47	30	211	0	7795
18752	7521	43	43	118	0	7725
18753	196	39	33	7343	0	7611
18754	99	7201	29	201	0	7530
18755	52	7446	31	128	0	7657
18756	52	171	7348	101	0	7672
18757	50	91	160	7035	0	7336
18758	43	63	65	7450	0	7621
18759	37	48	53	7527	0	7665
18760	7346	39	41	251	0	7677
18761	178	40	30	7400	0	7648
18762	87	43	7369	223	0	7722
18763	7401	32	145	138	0	7716
18764	172	38	62	7646	0	7918
18765	74	43	43	7780	0	7940
18766	64	35	7569	238	0	7906
18767	7444	25	151	158	0	7778
18768	177	26	61	7667	0	7931
18769	76	34	7771	230	0	8111
18770	68	31	168	7751	0	8018
18771	72	29	80	7370	0	7551
18772	55	7757	66	211	0	8089
18773	7703	149	54	133	0	8039
18774	7646	58	37	132	0	7873
18775	192	7600	41	117	0	7950
18776	7558	162	40	98	0	7858
18777	7546	66	41	91	0	7744
18778	230	43	32	7508	0	7813
18779	112	30	7294	217	0	7653
18780	78	44	7000	108	0	7230
18781	73	26	6854	101	0	7054
18782	49	25	6895	88	0	7057
18783	66	153	223	6100	0	6542
18784	14	22	89	6288	0	6413
18785	35	20	49	6213	0	6317
18786	41	14	30	6326	0	6411
18787	6264	9	29	200	0	6502
18788	129	6438	20	106	0	6693
18789	6585	103	20	71	0	6779
18790	145	38	6539	53	0	6775
18791	68	34	6724	45	0	6871
18792	58	65	155	6765	0	7043
18793	6825	18	119	164	0	7126
18794	6710	12	48	88	0	6858
18795	160	6643	42	59	0	6904
18796	70	6747	27	53	0	6897
18797	48	156	21	6748	0	6973
18798	6719	54	26	148	0	6947
18799	139	6770	18	76	0	7003
18800	6862	134	25	58	0	7079
18801	6921	56	14	42	0	7033
18802	6993	38	10	47	0	7088
18803	192	24	6821	24	0	7061
18804	83	6904	117	31	0	7135
18805	6807	112	50	31	0	7000
18806	6768	47	40	34	0	6889
18807	169	6511	28	31	0	6739
18808	52	6221	14	12	0	6299
18809	6222	121	28	16	0	6387
18810	127	38	11	6184	0	6360
18811	54	37	6203	85	0	6379
18812	6086	29	90	30	0	6235
18813	118	24	27	6328	0	6497
18814	56	6531	18	98	0	6703
18815	43	104	16	6669	0	6832
18816	35	43	6766	103	0	6947
18817	35	31	91	6721	0	6878
18818	7103	20	36	119	0	7278
18819	123	18	22	7155	0	7318
18820	40	20	19	7241	0	7320
18821	38	21	7260	138	0	7457
18822	38	4	104	7072	0	7218
18823	24	7209	43	119	0	7395
18824	7258	103	23	64	0	7448
18825	7109	36	19	41	0	7205
18826	134	33	7172	42	0	7381
18827	62	26	101	7011	0	7200
18828	36	6972	46	108	0	7162
18829	30	7215	25	63	0	7333
18830	7162	132	19	38	0	7351
18831	139	45	17	7280	0	7481
18832	47	34	7248	137	0	7466
18833	36	25	7209	48	0	7318
18834	34	19	136	7328	0	7517
18835	7350	18	50	134	0	7552
18836	7361	27	31	61	0	7480
18837	169	19	24	7660	0	7872
18838	68	19	7812	132	0	8031
18839	45	7825	118	61	0	8049
18840	7882	117	50	43	0	8092
18841	132	7976	32	45	0	8185
18842	8081	127	26	30	0	8264
18843	155	44	20	8068	0	8287
18844	66	33	8099	133	0	8331
18845	48	28	132	8007	0	8215
18846	8123	24	42	152	0	8341
18847	144	11	8137	66	0	8358
18848	54	8152	123	41	0	8370
18849	51	118	44	8251	0	8464
18850	8285	41	36	155	0	8517
18851	147	37	8288	46	0	8518
18852	62	22	132	8313	0	8529
18853	48	23	53	8557	0	8681
18854	39	16	8497	176	0	8728
18855	51	23	137	8370	0	8581
18856	37	17	8481	168	0	8703
18857	8302	25	147	85	0	8559
18858	144	28	59	8880	0	9111
18859	72	20	9322	149	0	9563
18860	40	9444	152	75	0	9711
18861	9742	144	52	55	0	9993
18862	10453	48	25	78	0	10604
18863	224	26	45	11422	0	11717
18864	81	11765	37	220	0	12103
18865	11941	249	22	97	0	12309
18866	284	67	38	11976	0	12365
18867	101	53	11939	266	0	12359
18868	11645	42	237	106	0	12030
18869	285	11714	67	60	0	12126
18870	110	235	50	11871	0	12266
18871	11863	77	45	264	0	12249
18872	287	48	11658	95	0	12088
18873	106	54	11866	59	0	12085
18874	88	40	283	11562	0	11973
18875	80	18	12000	273	0	12371
18876	57	32	301	11727	0	12117
18877	41	11706	117	284	0	12148
18878	48	254	73	12255	0	12630
18879	12071	76	55	318	0	12520
18880	265	46	12132	128	0	12571
18881	98	12109	261	100	0	12568
18882	72	252	97	12114	0	12535
18883	62	91	12339	278	0	12770
18884	52	107	267	11829	0	12255
18885	41	11994	112	272	0	12419
18886	36	12399	61	117	0	12613
18887	11939	253	60	85	0	12337
18888	218	12131	53	65	0	12467
18889	55	232	11703	66	0	12056
18890	11022	101	246	51	0	11420
18891	217	60	11563	36	0	11876
18892	81	41	210	10884	0	11216
18893	47	34	11621	186	0	11888
18894	41	11463	213	65	0	11782
18895	42	179	74	11466	0	11761
18896	28	62	46	11482	0	11618
18897	31	29	47	11370	0	11477
18898	21	40	11351	244	0	11656
18899	23	36	176	11151	0	11386
18900	17	29	67	11484	0	11597
18901	11205	24	45	256	0	11530
18902	11293	24	44	125	0	11486
18903	222	26	11285	73	0	11606
18904	91	11063	176	79	0	11409
18905	71	170	11270	46	0	11557
18906	53	55	206	11284	0	11598
18907	39	43	11557	191	0	11830
18908	35	34	217	11423	0	11709
18909	27	29	93	11720	0	11869
18910	18	17	11594	267	0	11896
18911	10746	21	213	125	0	11105
18912	184	11577	83	92	0	11936
18913	60	190	56	11658	0	11964
18914	42	56	11770	224	0	12092
18915	53	47	11345	92	0	11537
18916	11128	31	221	68	0	11448
18917	180	11513	100	55	0	11848
18918	65	181	75	11460	0	11781
18919	11696	61	61	199	0	12017
18920	193	39	42	11741	0	12015
18921	70	36	39	12074	0	12219
18922	48	36	11978	255	0	12317
18923	11498	28	180	134	0	11840
18924	12136	26	75	81	0	12318
18925	236	22	54	12096	0	12408
18926	12083	21	50	220	0	12374
18927	225	26	44	12052	0	12347
18928	101	11709	37	240	0	12087
18929	68	12274	43	99	0	12484
18930	75	205	38	12401	0	12719
18931	12172	78	39	228	0	12517
18932	181	60	30	12220	0	12491
18933	12319	32	24	245	0	12620
18934	12444	30	33	116	0	12623
18935	233	28	23	12410	0	12694
18936	110	26	34	12590	0	12760
18937	85	25	12113	270	0	12493
18938	90	22	12060	106	0	12278
18939	61	28	222	12242	0	12553
18940	48	19	12845	241	0	13153
18941	12620	19	247	114	0	13000
18942	195	22	106	13578	0	13901
18943	79	26	14316	255	0	14676
18944	14310	23	282	132	0	14747
18945	15892	19	109	99	0	16119
18946	380	16862	67	83	0	17392
18947	184	296	64	17380	0	17924
18948	143	105	17629	315	0	18192
18949	17568	66	313	171	0	18118
18950	18203	55	138	121	0	18517
18951	428	38	18071	90	0	18627
18952	18127	22	352	74	0	18575
18953	416	33	158	17971	0	18578
18954	208	55	88	18274	0	18625
18955	18095	29	78	435	0	18637
18956	18268	16	62	200	0	18546
18957	466	101	66	17904	0	18537
18958	262	22	17731	382	0	18397
18959	178	17174	286	188	0	17826
18960	157	276	17236	127	0	17796
18961	128	144	17064	108	0	17444
18962	115	16413	449	113	0	17090
18963	149	275	260	14858	0	15542
18964	79	84	124	15183	0	15470
18965	48	53	15076	271	0	15448
18966	74	50	234	14809	0	15167
18967	15113	30	109	289	0	15541
18968	252	27	15225	161	0	15665
18969	15206	25	241	113	0	15585
18970	15662	15	123	91	0	15891
18971	15756	21	80	96	0	15953
18972	379	25	15393	74	0	15871
18973	211	29	15421	56	0	15717
18974	167	38	307	15271	0	15783
18975	145	39	161	14884	0	15229
18976	86	15538	108	285	0	16017
18977	15548	223	104	137	0	16012
18978	15520	82	82	137	0	15821
18979	323	15496	94	100	0	16013
18980	15573	227	79	104	0	15983
18981	338	15371	56	126	0	15891
18982	15675	244	66	101	0	16086
18983	337	112	63	15315	0	15827
18984	194	82	15316	259	0	15851
18985	156	56	15109	130	0	15451
18986	129	60	316	15165	0	15670
18987	104	47	177	15321	0	15649
18988	80	47	15041	336	0	15504
18989	89	37	301	14761	0	15188
18990	89	43	177	14651	0	14960
18991	14886	43	123	382	0	15434
18992	15093	33	95	206	0	15427
18993	14828	47	74	160	0	15109
18994	379	30	14548	122	0	15079
18995	212	14573	258	108	0	15151
18996	188	229	123	14866	0	15406
18997	138	88	15032	269	0	15527
18998	135	15019	288	122	0	15564
18999	15321	246	160	110	0	15837
19000	307	102	106	15316	0	15831
19001	163	74	106	15563	0	15906
19002	15406	62	104	355	0	15927
19003	311	50	76	15426	0	15863
19004	171	53	70	15581	0	15875
19005	15555	51	65	392	0	16063
19006	349	59	15255	198	0	15861
19007	201	15166	257	160	0	15784
19008	15311	246	125	139	0	15821
19009	330	121	15431	98	0	15980
19010	15173	93	287	106	0	15659
19011	330	15623	166	106	0	16225
19012	15553	261	119	124	0	16057
19013	15559	111	114	113	0	15897
19014	15410	78	93	131	0	15712
19015	408	80	84	15104	0	15676
19016	250	90	78	15175	0	15593
19017	186	14940	81	373	0	15580
19018	166	15019	79	212	0	15476
19019	158	15166	70	176	0	15570
19020	15117	298	68	132	0	15615
19021	320	141	14879	114	0	15454
19022	195	92	252	14853	0	15392
19023	131	82	143	14868	0	15224
19024	125	14853	93	319	0	15390
19025	124	260	80	15012	0	15476
19026	128	131	81	14891	0	15231
19027	132	15154	66	351	0	15703
19028	15100	263	82	204	0	15649
19029	274	15230	62	173	0	15739
19030	165	278	14909	140	0	15492
19031	14825	148	229	121	0	15323
19032	296	15212	99	123	0	15730
19033	15118	251	78	116	0	15563
19034	310	122	90	14995	0	15517
19035	185	81	97	15030	0	15393
19036	138	98	14861	321	0	15418
19037	155	77	14705	153	0	15090
19038	136	139	279	14692	0	15246
19039	14638	59	142	281	0	15120
19040	14071	57	93	171	0	14392
19041	334	14026	72	122	0	14554
19042	183	13495	51	90	0	13819
19043	115	13073	48	59	0	13295
19044	302	460	193	11720	0	12675
19045	11294	51	218	198	0	11761
19046	10894	21	14	40	0	10969
19047	10665	15	8	28	0	10716
19048	131	22	10361	21	0	10535
19049	42	11822	116	29	0	12009
19050	42	146	32	13366	0	13586
19051	13849	36	23	231	0	14139
19052	266	17	10	14365	0	14658
19053	60	17	11	15159	0	15247
19054	15073	11	16	343	0	15443
19055	16315	19	12	90	0	16436
19056	408	26	16428	48	0	16910
19057	139	19	346	16495	0	16999
19058	70	16	16551	377	0	17014
19059	59	18	375	16560	0	17012
19060	73	17	16548	402	0	17040
19061	45	44	386	16443	0	16918
19062	16134	16	115	415	0	16680
19063	349	16111	64	156	0	16680
19064	117	16873	44	97	0	17131
19065	95	445	37	15720	0	16297
19066	40	17041	28	344	0	17453
19067	17015	412	27	110	0	17564
19068	16946	126	16	80	0	17168
19069	481	72	16545	40	0	17138
19070	147	16572	364	61	0	17144
19071	111	374	116	16673	0	17274
19072	76	116	16602	386	0	17180
19073	16436	50	392	122	0	17000
19074	411	53	120	16660	0	17244
19075	138	44	16744	393	0	17319
19076	65	58	383	16738	0	17244
19077	16734	43	117	442	0	17336
19078	411	31	16540	152	0	17134
19079	16381	39	395	95	0	16910
19080	16919	31	114	82	0	17146
19081	502	32	73	16553	0	17160
19082	182	47	16389	388	0	17006
19083	103	55	16191	145	0	16494
19084	16143	35	458	103	0	16739
19085	16690	33	156	78	0	16957
19086	528	21	16435	76	0	17060
19087	189	20	426	16404	0	17039
19088	122	25	153	16474	0	16774
19089	92	16589	89	482	0	17252
19090	105	369	75	16811	0	17360
19091	16709	100	76	479	0	17364
19092	447	44	63	16787	0	17341
19093	173	37	16576	481	0	17267
19094	16307	30	422	213	0	16972
19095	464	32	147	16401	0	17044
19096	182	39	16289	451	0	16961
19097	112	16043	434	190	0	16779
19098	15719	381	150	137	0	16387
19099	440	16088	103	116	0	16747
19100	16079	416	79	138	0	16712
19101	475	138	15832	111	0	16556
19102	185	15345	415	124	0	16069
19103	145	16057	142	91	0	16435
19104	146	495	96	15511	0	16248
19105	121	169	94	15870	0	16254
19106	108	81	15447	539	0	16175
19107	113	80	429	15481	0	16103
19108	15349	72	178	504	0	16103
19109	433	65	15112	257	0	15867
19110	190	65	452	15110	0	15817
19111	143	72	14979	479	0	15673
19112	14597	82	471	194	0	15344
19113	459	14949	180	173	0	15761
19114	14960	415	144	151	0	15670
19115	15382	148	124	145	0	15799
19116	15491	117	126	115	0	15849
19117	608	101	14675	126	0	15510
19118	274	14691	423	137	0	15525
19119	189	405	191	14814	0	15599
19120	159	158	142	15519	0	15978
19121	15640	86	121	588	0	16435
19122	561	85	128	15860	0	16634
19123	15980	70	142	605	0	16797
19124	16194	71	170	298	0	16733
19125	16388	55	120	192	0	16755
19126	16384	80	106	183	0	16753
19127	755	65	103	15658	0	16581
19128	15741	69	84	565	0	16459
19129	692	56	15059	236	0	16043
19130	15219	57	517	160	0	15953
19131	15757	79	208	130	0	16174
19132	729	79	14815	357	0	15980
19133	15225	61	494	146	0	15926
19134	15814	51	222	125	0	16212
19135	737	54	147	15152	0	16090
19136	344	57	128	15549	0	16078
19137	15048	290	107	664	0	16109
19138	642	47	110	15271	0	16070
19139	357	39	98	15167	0	15661
19140	232	14628	102	686	0	15648
19141	219	411	95	14902	0	15627
19142	14610	136	92	603	0	15441
19143	590	64	108	14606	0	15368
19144	293	55	94	14518	0	14960
19145	199	13654	97	650	0	14600
19146	222	420	86	13547	0	14275
19147	236	164	83	13570	0	14053
19148	12960	60	80	630	0	13730
19149	523	262	63	11061	0	11909
19150	209	52	9645	406	0	10312
19151	123	8768	265	199	0	9355
19152	84	8537	99	136	0	8856
19153	7901	272	78	111	0	8362
19154	248	8013	60	90	0	8411
19155	6840	170	104	58	0	7172
19156	185	6733	17	52	0	6987
19157	6884	155	37	49	0	7125
19158	180	69	12	6840	0	7101
19159	87	49	6	6924	0	7066
19160	57	6915	8	213	0	7193
19161	54	163	11	7091	0	7319
19162	54	60	7064	188	0	7366
19163	6802	33	136	103	0	7074
19164	163	7223	58	68	0	7512
19165	7135	162	19	52	0	7368
19166	7209	71	20	40	0	7340
19167	7322	30	17	41	0	7410
19168	248	29	11	7061	0	7349
19169	117	32	16	7062	0	7227
19170	66	7068	12	217	0	7363
19171	7077	157	4	96	0	7334
19172	174	7162	9	60	0	7405
19173	7183	165	12	51	0	7411
19174	203	102	7248	30	0	7583
19175	7512	31	157	49	0	7749
19176	220	23	67	7550	0	7860
19177	136	24	7554	187	0	7901
19178	73	32	7660	96	0	7861
19179	58	21	242	7670	0	7991
19180	66	21	7729	206	0	8022
19181	64	19	215	7651	0	7949
19182	7426	17	90	236	0	7769
19183	217	21	40	7556	0	7834
19184	111	25	7429	225	0	7790
19185	85	7198	189	127	0	7599
19186	72	7513	85	80	0	7750
19187	74	258	62	7269	0	7663
19188	7295	98	69	229	0	7691
19189	208	53	19	7377	0	7657
19190	112	25	23	7535	0	7695
19191	77	20	21	7684	0	7802
19192	70	34	20	7675	0	7799
19193	54	30	7473	305	0	7862
19194	56	23	7441	143	0	7663
19195	7398	27	241	85	0	7751
19196	7647	25	95	91	0	7858
19197	279	30	45	7553	0	7907
19198	127	22	40	7745	0	7934
19199	79	25	7507	290	0	7901
19200	78	7557	181	138	0	7954
19201	7534	179	90	113	0	7916
19202	7723	81	57	69	0	7930
19203	278	54	33	7608	0	7973
19204	129	42	7611	234	0	8016
19205	81	33	187	7550	0	7851
19206	72	7596	86	225	0	7979
19207	58	192	7678	133	0	8061
19208	7664	86	198	90	0	8038
19209	219	51	94	7837	0	8201
19210	7949	41	49	244	0	8283
19211	248	32	7727	124	0	8131
19212	7790	37	191	95	0	8113
19213	233	30	94	7804	0	8161
19214	7767	39	73	220	0	8099
19215	252	26	38	7645	0	7961
19216	117	7382	34	265	0	7798
19217	95	7683	49	116	0	7943
19218	85	274	41	7485	0	7885
19219	66	81	7442	213	0	7802
19220	60	7275	160	116	0	7611
19221	137	191	99	6693	0	7120
19222	6500	61	50	148	0	6759
19223	6532	28	21	82	0	6663
19224	164	18	27	6501	0	6710
19225	93	25	17	6499	0	6634
19226	55	6294	29	174	0	6552
19227	48	6541	23	94	0	6706
19228	6528	140	16	72	0	6756
19229	131	71	26	6521	0	6749
19230	74	42	20	6632	0	6768
19231	36	29	6537	195	0	6797
19232	39	21	121	6540	0	6721
19233	45	21	67	6548	0	6681
19234	41	15	40	6654	0	6750
19235	35	18	6545	209	0	6807
19236	36	19	137	6601	0	6793
19237	6561	23	75	180	0	6839
19238	131	20	6439	101	0	6691
19239	6785	16	130	97	0	7028
19240	151	16	63	6883	0	7113
19241	87	16	46	7095	0	7244
19242	55	19	25	7276	0	7375
19243	35	24	7038	223	0	7320
19244	6852	22	126	132	0	7132
19245	141	7381	76	81	0	7679
19246	7419	131	45	62	0	7657
19247	171	7527	29	54	0	7781
19248	83	158	22	7596	0	7859
19249	7588	62	15	196	0	7861
19250	152	35	7458	112	0	7757
19251	7357	26	144	83	0	7610
19252	171	28	7711	61	0	7971
19253	109	46	159	7624	0	7938
19254	76	15	7587	158	0	7836
19255	44	7485	151	113	0	7793
19256	78	148	85	7251	0	7562
19257	7031	69	50	183	0	7333
19258	125	28	30	6972	0	7155
19259	74	6871	29	142	0	7116
19260	49	121	19	6925	0	7114
19261	6803	62	18	148	0	7031
19262	6677	29	28	84	0	6818
19263	174	6640	20	60	0	6894
19264	65	6364	13	38	0	6480
19265	53	120	16	6167	0	6356
19266	34	46	21	6217	0	6318
19267	6146	22	14	134	0	6316
19268	6119	17	13	69	0	6218
19269	117	6156	15	32	0	6320
19270	63	106	17	6026	0	6212
19271	41	50	17	6120	0	6228
19272	30	25	6093	125	0	6273
19273	26	5954	80	84	0	6144
19274	20	5870	30	31	0	5951
19275	20	106	21	5582	0	5729
19276	16	25	5547	76	0	5664
19277	15	11	5464	27	0	5517
19278	19	15	74	5526	0	5634
19279	14	13	26	5605	0	5658
19280	7	11	5603	83	0	5704
19281	12	7	65	5645	0	5729
19282	18	8	5767	77	0	5870
19283	5873	11	68	40	0	5992
19284	92	11	21	6016	0	6140
19285	36	11	6195	103	0	6345
19286	16	10	6338	52	0	6416
19287	26	18	128	6622	0	6794
19288	16	11	7138	121	0	7286
19289	13	17	7279	50	0	7359
19290	11	7152	151	33	0	7347
19291	7329	120	50	23	0	7522
19292	135	40	7523	21	0	7719
19293	42	17	133	7520	0	7712
19294	23	15	52	7636	0	7726
19295	15	11	23	7844	0	7893
19296	14	13	7663	187	0	7877
19297	17	9	142	7547	0	7715
19298	7576	6	50	177	0	7809
19299	139	10	30	7579	0	7758
19300	49	8	7555	169	0	7781
19301	28	10	141	7542	0	7721
19302	7612	6	65	174	0	7857
19303	7697	7	33	74	0	7811
19304	7653	9	30	46	0	7738
19305	192	7	29	7557	0	7785
19306	7572	7	36	156	0	7771
19307	7560	11	21	72	0	7664
19308	7581	6	26	45	0	7658
19309	200	7290	23	35	0	7548
19310	7390	134	25	38	0	7587
19311	167	39	20	7374	0	7600
19312	73	17	7277	149	0	7516
19313	44	7259	133	71	0	7507
19314	7346	136	56	44	0	7582
19315	150	50	37	7364	0	7601
19316	62	22	26	7358	0	7468
19317	38	7152	23	181	0	7394
19318	37	7454	30	65	0	7586
19319	7149	175	24	42	0	7390
19320	152	7226	14	38	0	7430
19321	7039	147	14	38	0	7238
19322	155	7031	23	48	0	7257
19323	6991	154	15	33	0	7193
19324	172	6998	11	31	0	7212
19325	68	7249	16	33	0	7366
19326	7126	175	27	37	0	7365
19327	158	55	7100	40	0	7353
19328	61	7103	139	38	0	7341
19329	45	143	48	7126	0	7362
19330	40	53	27	7347	0	7467
19331	38	30	19	7232	0	7319
19332	39	19	24	7279	0	7361
19333	43	23	7204	194	0	7464
19334	7139	22	134	72	0	7367
19335	157	24	47	7407	0	7635
19336	7500	22	19	178	0	7719
19337	7833	14	17	76	0	7940
19338	7937	26	30	43	0	8036
19339	7794	26	26	32	0	7878
19340	230	19	7674	40	0	7963
19341	93	24	173	7553	0	7843
19342	47	17	7703	201	0	7968
19343	44	7647	195	80	0	7966
19344	65	207	91	7151	0	7514
19345	52	56	29	7485	0	7622
19346	29	21	25	7529	0	7604
19347	27	17	18	7447	0	7509
19348	27	18	7274	237	0	7556
19349	36	15	161	7325	0	7537
19350	39	14	61	7457	0	7571
19351	7394	20	28	233	0	7675
19352	7724	25	23	98	0	7870
19353	250	12	26	7851	0	8139
19354	87	22	29	8001	0	8139
19355	55	17	22	8104	0	8198
19356	7968	16	26	284	0	8294
19357	8162	16	21	129	0	8328
19358	7903	28	25	85	0	8041
19359	8127	15	31	67	0	8240
19360	269	8037	25	54	0	8385
19361	8135	179	13	67	0	8394
19362	8277	54	26	56	0	8413
19363	268	34	12	8013	0	8327
19364	122	22	17	8069	0	8230
19365	7847	24	14	266	0	8151
19366	246	7679	13	109	0	8047
19367	112	7957	14	71	0	8154
19368	8043	210	17	75	0	8345
19369	231	76	15	8107	0	8429
19370	101	42	23	8210	0	8376
19371	77	30	13	8314	0	8434
19372	74	31	12	8236	0	8353
19373	70	30	5	8120	0	8225
19374	59	7911	12	266	0	8248
19375	57	170	16	7970	0	8213
19376	7927	76	10	229	0	8242
19377	210	38	16	7882	0	8146
19378	102	37	11	7969	0	8119
19379	7774	21	13	280	0	8088
19380	196	7812	15	141	0	8164
19381	99	238	15	7697	0	8049
19382	65	7800	14	204	0	8083
19383	62	242	27	7579	0	7910
19384	57	61	7489	192	0	7799
19385	6996	74	130	103	0	7303
19386	148	7021	44	68	0	7281
19387	6675	128	21	55	0	6879
19388	132	40	6510	48	0	6730
19389	61	96	95	6046	0	6298
19390	42	6140	41	109	0	6332
19391	32	6313	17	67	0	6429
19392	6116	114	32	58	0	6320
19393	111	50	15	6178	0	6354
19394	52	22	6499	114	0	6687
19395	37	32	80	6568	0	6717
19396	31	13	6609	118	0	6771
19397	6365	17	88	76	0	6546
19398	104	15	6737	50	0	6906
19399	55	14	98	6673	0	6840
19400	38	6881	41	115	0	7075
19401	38	91	18	6905	0	7052
19402	34	6964	20	115	0	7133
19403	7183	100	13	67	0	7363
19404	121	43	10	7405	0	7579
19405	64	24	7471	132	0	7691
19406	46	31	7272	76	0	7425
19407	7372	15	120	63	0	7570
19408	7732	16	44	64	0	7856
19409	7712	17	20	53	0	7802
19410	7704	12	17	51	0	7784
19411	165	7591	16	45	0	7817
19412	7716	102	15	50	0	7883
19413	7759	45	14	44	0	7862
19414	160	31	7577	43	0	7811
19415	80	27	92	7554	0	7753
19416	7701	21	34	135	0	7891
19417	130	21	7506	86	0	7743
19418	69	21	97	7533	0	7720
19419	59	23	7718	140	0	7940
19420	55	20	100	7599	0	7774
19421	53	7779	46	120	0	7998
19422	7914	99	23	76	0	8112
19423	134	40	7717	55	0	7946
19424	7699	27	94	53	0	7873
19425	130	36	36	7751	0	7953
19426	7869	28	19	133	0	8049
19427	138	26	18	7862	0	8044
19428	8208	23	17	167	0	8415
19429	130	27	8092	86	0	8335
19430	8419	19	103	66	0	8607
19431	130	25	49	8575	0	8779
19432	77	22	24	8687	0	8810
19433	8545	23	22	161	0	8751
19434	136	26	12	8584	0	8758
19435	57	18	8470	139	0	8684
19436	52	52	86	8347	0	8537
19437	8055	18	37	115	0	8225
19438	93	7906	20	64	0	8083
19439	52	7870	22	39	0	7983
19440	7719	64	13	39	0	7835
19441	78	8034	18	28	0	8158
19442	64	60	37	7809	0	7970
19443	7777	25	39	77	0	7918
19444	7783	18	11	35	0	7847
19445	7765	19	11	26	0	7821
19446	71	13	7796	23	0	7903
19447	39	44	44	7697	0	7824
19448	25	7840	23	59	0	7947
19449	26	50	20	7879	0	7975
19450	25	19	8066	58	0	8168
19451	19	7823	53	26	0	7921
19452	29	82	12	7728	0	7851
19453	7514	12	20	34	0	7580
19454	36	7557	5	16	0	7614
19455	17	33	7929	9	0	7988
19456	14	15	48	7884	0	7961
19457	14	3	8001	49	0	8067
19458	9	6	55	7756	0	7826
19459	8087	0	23	74	0	8184
19460	61	5	10	8090	0	8166
19461	8143	9	2	70	0	8224
19462	8217	3	4	26	0	8250
19463	75	8327	5	12	0	8419
19464	8494	52	7	12	0	8565
19465	56	8444	11	11	0	8522
19466	24	61	8648	8	0	8741
19467	32	18	67	8593	0	8710
19468	15	8	24	9217	0	9264
19469	15	7	8993	103	0	9118
19470	16	8954	79	41	0	9090
19471	9135	79	24	28	0	9266
19472	9469	26	13	37	0	9545
19473	112	17	8	9682	0	9819
19474	47	8	11	9673	0	9739
19475	34	7	7	9920	0	9968
19476	9779	7	2	130	0	9918
19477	97	4	9642	52	0	9795
19478	36	8	9743	29	0	9816
19479	25	9	107	9880	0	10021
19480	26	8	9780	96	0	9910
19481	26	9	9758	43	0	9836
19482	16	10	119	9502	0	9647
19483	15	11	9957	109	0	10092
19484	17	9826	106	47	0	9996
19485	22	87	37	10037	0	10183
19486	16	28	10180	106	0	10330
19487	17	20	99	9972	0	10108
19488	25	9625	31	120	0	9801
19489	26	95	30	9929	0	10080
19490	24	31	10025	119	0	10199
19491	32	22	103	9688	0	9845
19492	9870	15	37	139	0	10061
19493	103	16	9815	45	0	9979
19494	9242	10	108	43	0	9403
19495	128	9575	44	28	0	9775
19496	9706	101	33	31	0	9871
19497	124	47	21	9718	0	9910
19498	44	9668	20	124	0	9856
19499	10076	112	21	53	0	10262
19500	139	37	16	10220	0	10412
19501	46	38	10312	151	0	10547
19502	29	10424	151	62	0	10666
19503	36	146	39	10487	0	10708
19504	10323	46	29	158	0	10556
19505	10237	17	25	50	0	10329
19506	171	14	24	10195	0	10404
19507	67	16	10155	155	0	10393
19508	9654	14	144	86	0	9898
19509	149	17	10142	53	0	10361
19510	63	24	166	10006	0	10259
19511	10223	23	55	172	0	10473
19512	143	10182	32	69	0	10426
19513	10318	136	28	57	0	10539
19514	179	53	10191	35	0	10458
19515	10182	27	156	56	0	10421
19516	174	24	70	10316	0	10584
19517	77	17	43	10534	0	10671
19518	53	20	10446	191	0	10710
19519	35	19	155	10203	0	10412
19520	10334	16	54	179	0	10583
19521	171	20	39	10325	0	10555
19522	73	10328	44	169	0	10614
19523	53	134	37	10371	0	10595
19524	46	10404	23	182	0	10655
19525	32	151	10271	79	0	10533
19526	9968	57	151	72	0	10248
19527	163	34	63	10391	0	10651
19528	80	26	9997	166	0	10269
19529	56	9874	156	95	0	10181
19530	31	151	61	9780	0	10023
19531	30	64	46	9910	0	10050
19532	9803	34	27	219	0	10083
19533	169	27	46	9977	0	10219
19534	10035	30	31	198	0	10294
19535	10150	27	29	104	0	10310
19536	212	10152	26	77	0	10467
19537	10424	178	33	54	0	10689
19538	213	64	27	11318	0	11622
19539	95	25	11377	239	0	11736
19540	11304	23	200	117	0	11644
19541	247	22	82	11166	0	11517
19542	90	30	11090	243	0	11453
19543	10829	20	214	119	0	11182
19544	244	31	71	11096	0	11442
19545	112	11215	43	242	0	11612
19546	82	206	37	10981	0	11306
19547	59	11169	38	252	0	11518
19548	11071	228	40	100	0	11439
19549	236	73	11143	80	0	11532
19550	103	11027	222	79	0	11431
19551	69	212	76	11012	0	11369
19552	53	77	10962	229	0	11321
19553	49	56	10630	112	0	10847
19554	51	10759	243	77	0	11130
19555	79	239	109	10426	0	10853
19556	61	75	54	10658	0	10848
19557	43	45	41	11924	0	12053
19558	12323	42	44	374	0	12783
19559	327	34	13214	147	0	13722
19560	113	13329	372	93	0	13907
19561	84	383	132	13450	0	14049
19562	62	135	75	14090	0	14362
19563	46	87	13671	525	0	14329
19564	58	77	404	13703	0	14242
19565	47	30	13592	491	0	14160
19566	45	27	13263	193	0	13528
19567	62	35	13253	108	0	13458
19568	63	30	503	12550	0	13146
19569	46	37	186	12925	0	13194
19570	34	27	88	13276	0	13425
19571	12774	29	63	529	0	13395
19572	369	12580	61	207	0	13217
19573	12838	364	52	133	0	13387
19574	12469	137	66	111	0	12783
19575	13119	56	44	76	0	13295
19576	495	12914	52	81	0	13542
19577	13004	380	47	71	0	13502
19578	13230	131	33	79	0	13473
19579	503	81	32	12887	0	13503
19580	210	44	41	13237	0	13532
19581	114	45	33	13499	0	13691
19582	81	44	13045	547	0	13717
19583	12748	37	381	228	0	13394
19584	432	38	147	12961	0	13578
19585	12761	43	88	475	0	13367
19586	442	12721	58	207	0	13428
19587	165	379	64	12874	0	13482
19588	110	129	59	13231	0	13529
19589	12827	68	68	563	0	13526
19590	432	47	54	12932	0	13465
19591	11941	68	60	529	0	12598
19592	12925	41	35	235	0	13236
19593	517	12323	45	145	0	13030
19594	205	12747	31	112	0	13095
19595	128	574	49	12189	0	12940
19596	82	12566	35	418	0	13101
19597	95	449	42	12523	0	13109
19598	87	143	12352	470	0	13052
19599	74	85	12083	185	0	12427
19600	11428	66	445	134	0	12073
19601	11767	50	174	83	0	12074
19602	445	11396	78	236	0	12155
19603	11568	334	54	97	0	12053
19604	386	12008	45	103	0	12542
19605	165	369	50	12081	0	12665
19606	101	117	62	12339	0	12619
19607	65	81	45	12376	0	12567
19608	53	43	56	12518	0	12670
19609	12031	40	56	542	0	12669
19610	347	12043	52	229	0	12671
19611	12120	340	40	173	0	12673
19612	12413	122	54	110	0	12699
19613	500	73	11972	100	0	12645
19614	11921	54	338	92	0	12405
19615	434	11889	121	75	0	12519
19616	189	371	60	11896	0	12516
19617	127	148	38	11906	0	12219
19618	101	11812	44	441	0	12398
19619	12004	373	36	213	0	12626
19620	407	145	11794	130	0	12476
19621	11792	78	350	126	0	12346
19622	447	62	12051	114	0	12674
19623	209	55	396	12020	0	12680
19624	169	51	145	12434	0	12799
19625	115	58	134	12628	0	12935
19626	12429	82	78	593	0	13182
19627	385	74	12548	310	0	13317
19628	12582	69	370	245	0	13266
19629	12976	52	192	197	0	13417
19630	13047	41	120	221	0	13429
19631	13042	42	130	175	0	13389
19632	564	50	122	12677	0	13413
19633	248	43	12575	440	0	13306
19634	165	113	374	12448	0	13100
19635	156	30	12417	511	0	13114
19636	149	58	12143	263	0	12613
19637	154	11997	405	197	0	12753
19638	191	345	183	10766	0	11485
19639	167	136	64	11246	0	11613
19640	189	113	74	9987	0	10363
19641	173	70	46	11106	0	11395
19642	11053	78	30	444	0	11605
19643	11250	45	48	207	0	11550
19644	492	56	36	10945	0	11529
19645	248	39	10785	402	0	11474
19646	143	36	274	11014	0	11467
19647	110	35	102	11285	0	11532
19648	93	39	10944	500	0	11576
19649	114	30	290	10906	0	11340
19650	10875	29	123	440	0	11467
19651	11084	44	61	212	0	11401
19652	11177	56	36	169	0	11438
19653	473	53	29	10894	0	11449
19654	10859	60	31	392	0	11342
19655	10888	55	23	216	0	11182
19656	449	42	10517	168	0	11176
19657	174	13	8836	82	0	9105
19658	99	17	8701	80	0	8897
19659	7503	26	106	22	0	7657
19660	78	7511	35	21	0	7645
19661	7320	53	64	12	0	7449
19662	58	7725	7	22	0	7812
19663	33	61	17	7728	0	7839
19664	12	13	6	7821	0	7852
19665	17	6	10	7843	0	7876
19666	16	5	7805	73	0	7899
19667	7390	5	67	30	0	7492
19668	69	5	17	7768	0	7859
19669	17	5	7762	66	0	7850
19670	13	7	7447	21	0	7488
19671	7470	7	69	22	0	7568
19672	67	7792	20	16	0	7895
19673	7721	61	23	14	0	7819
19674	7706	9	10	18	0	7743
19675	71	7666	4	19	0	7760
19676	7588	61	17	10	0	7676
19677	73	12	7794	9	0	7888
19678	28	6	7536	5	0	7575
19679	21	9	7823	8	0	7861
19680	30	40	83	7637	0	7790
19681	9	2	7748	49	0	7808
19682	7379	5	54	17	0	7455
19683	7589	1	16	15	0	7621
19684	67	5	7675	2	0	7749
19685	21	3	47	7582	0	7653
19686	7655	2	19	51	0	7727
19687	52	7841	9	18	0	7920
19688	14	7986	7	10	0	8017
19689	7985	54	4	14	0	8057
19690	52	17	8076	2	0	8147
19691	14	39	49	7788	0	7890
19692	9	8	15	7863	0	7895
19693	3	2	10	7962	0	7977
19694	3	7899	7	51	0	7960
19695	16	53	13	7433	0	7515
19696	8524	9	2	67	0	8602
19697	67	8	2	8822	0	8899
19698	11	8906	5	74	0	8996
19699	9121	70	1	31	0	9223
19700	73	18	3	9140	0	9234
19701	23	21	2	9414	0	9460
19702	9474	8	1	97	0	9580
19703	9536	2	3	44	0	9585
19704	108	8	5	9400	0	9521
19705	9713	5	0	98	0	9816
19706	9799	2	1	38	0	9840
19707	114	9853	6	40	0	10013
19708	9927	96	2	17	0	10042
19709	126	9872	2	17	0	10017
19710	41	107	1	9931	0	10080
19711	44	27	10047	100	0	10218
19712	23	25	88	9904	0	10040
19713	23	7	28	9995	0	10053
19714	22	8	21	10258	0	10309
19715	10188	11	1	155	0	10355
19716	115	10172	7	64	0	10358
19717	10639	101	5	45	0	10790
19718	138	11059	3	37	0	11237
19719	11389	129	7	32	0	11557
19720	11472	48	6	35	0	11561
19721	11516	31	10	30	0	11587
19722	11335	13	8	29	0	11385
19723	190	19	11357	25	0	11591
19724	86	14	127	11391	0	11618
19725	62	12	44	11701	0	11819
19726	42	17	11578	191	0	11828
19727	11181	18	150	77	0	11426
19728	184	21	40	11552	0	11797
19729	81	23	11421	168	0	11693
19730	66	15	11344	63	0	11488
19731	46	12	198	11630	0	11886
19732	48	17	11925	178	0	12168
19733	52	16	195	11752	0	12015
19734	40	8	65	11814	0	11927
19735	40	8	11588	220	0	11856
19736	11244	9	177	108	0	11538
19737	189	12	65	11644	0	11910
19738	78	14	11791	191	0	12074
19739	62	15	171	11805	0	12053
19740	11848	10	76	224	0	12158
19741	192	2	11838	92	0	12124
19742	11605	6	179	96	0	11886
19743	12183	3	75	67	0	12328
19744	232	6	55	12078	0	12371
19745	110	8	34	12007	0	12159
19746	83	21	11910	220	0	12234
19747	59	16	179	11910	0	12164
19748	60	29	86	11149	0	11324
19749	48	9	63	12074	0	12194
19750	54	14	11755	275	0	12098
19751	11528	5	178	144	0	11855
19752	11957	5	78	95	0	12135
19753	12184	8	53	87	0	12332
19754	12413	12	40	79	0	12544
19755	260	16	39	12364	0	12679
19756	12283	15	37	223	0	12558
19757	12370	26	30	109	0	12535
19758	10114	94	57	150	0	10415
19759	12295	25	38	80	0	12438
19760	276	12166	47	73	0	12562
19761	12283	162	43	72	0	12560
19762	12160	43	35	71	0	12309
19763	281	12089	32	98	0	12500
19764	12188	189	46	72	0	12495
19765	306	55	36	12161	0	12558
19766	141	54	28	12301	0	12524
19767	12125	15	33	278	0	12451
19768	270	11868	39	118	0	12295
19769	131	11959	31	94	0	12215
19770	122	223	42	12034	0	12421
19771	85	88	12072	230	0	12475
19772	95	45	205	11872	0	12217
19773	80	23	68	12106	0	12277
19774	11835	32	58	288	0	12213
19775	11925	23	35	137	0	12120
19776	286	20	41	11810	0	12157
19777	134	30	11711	259	0	12134
19778	103	25	206	11856	0	12190
19779	12042	26	87	276	0	12431
19780	269	24	12544	120	0	12957
19781	126	12755	258	106	0	13245
19782	13213	240	102	74	0	13629
19783	315	66	60	13272	0	13713
19784	133	45	41	13408	0	13627
19785	106	29	50	13627	0	13812
19786	73	27	13138	411	0	13649
19787	12237	20	270	203	0	12730
19788	308	16	12770	137	0	13231
19789	118	12582	295	107	0	13102
19790	125	231	101	12783	0	13240
19791	93	76	90	13044	0	13303
19792	109	57	38	13409	0	13613
19793	105	27	13109	404	0	13645
19794	78	27	13001	195	0	13301
19795	85	20	13228	143	0	13476
19796	63	13088	340	120	0	13611
19797	99	281	166	12972	0	13518
19798	13102	64	94	311	0	13571
19799	13700	51	59	123	0	13933
19800	402	29	14193	97	0	14721
19801	165	14324	313	83	0	14885
19802	106	288	14392	74	0	14860
19803	81	14762	329	83	0	15255
19804	14237	442	209	109	0	14997
19805	14316	108	73	70	0	14567
19806	390	14133	64	62	0	14649
19807	14158	337	47	65	0	14607
19808	383	103	42	14054	0	14582
19809	152	61	48	14376	0	14637
19810	14157	54	43	398	0	14652
19811	14028	50	34	150	0	14262
19812	14066	31	25	108	0	14230
19813	446	13653	36	93	0	14228
19814	179	14195	30	68	0	14472
19815	14068	373	42	65	0	14548
19816	384	134	13901	51	0	14470
19817	145	195	323	13335	0	13998
19818	12961	60	111	328	0	13460
19819	370	12540	60	106	0	13076
19820	141	13135	47	62	0	13385
19821	13068	381	46	55	0	13550
19822	388	117	12767	59	0	13331
19823	12315	142	306	55	0	12818
19824	359	68	12305	64	0	12796
19825	170	39	12394	29	0	12632
19826	127	55	337	12235	0	12754
19827	84	58	12567	266	0	12975
19828	12260	46	299	98	0	12703
19829	12688	43	125	73	0	12929
19830	12847	30	68	57	0	13002
19831	12755	32	59	61	0	12907
19832	391	28	53	12269	0	12741
19833	12314	32	33	288	0	12667
19834	344	12260	47	101	0	12752
19835	174	259	29	12009	0	12471
19836	120	12533	40	253	0	12946
19837	12914	292	38	110	0	13354
19838	12934	98	37	71	0	13140
19839	374	59	42	12736	0	13211
19840	12821	56	42	291	0	13210
19841	13009	46	38	111	0	13204
19842	390	41	49	12706	0	13186
19843	182	46	46	12778	0	13052
19844	141	39	34	13002	0	13216
19845	113	40	12555	361	0	13069
19846	101	31	12029	181	0	12342
19847	104	36	12533	104	0	12777
19848	98	39	354	12616	0	13107
19849	78	42	12859	310	0	13289
19850	86	40	308	12708	0	13142
19851	96	38	13770	327	0	14231
19852	107	32	13346	141	0	13626
19853	13128	26	354	115	0	13623
19854	300	13350	153	89	0	13892
19855	13710	269	89	82	0	14150
19856	338	96	90	13619	0	14143
19857	143	71	53	13877	0	14144
19858	135	60	13786	348	0	14329
19859	105	13737	277	162	0	14281
19860	110	256	108	14059	0	14533
19861	82	103	14106	306	0	14597
19862	77	13802	259	121	0	14259
19863	84	245	104	13753	0	14186
19864	13651	83	84	293	0	14111
19865	13739	59	74	123	0	13995
19866	323	53	64	13654	0	14094
19867	13707	38	59	278	0	14082
19868	302	13737	61	107	0	14207
19869	143	243	51	13930	0	14367
19870	112	82	14116	277	0	14587
19871	111	59	243	14223	0	14636
19872	90	44	14338	307	0	14779
19873	14037	51	291	147	0	14526
19874	321	54	107	14502	0	14984
19875	138	14647	73	299	0	15157
19876	119	306	71	15122	0	15618
19877	96	100	15020	324	0	15540
19878	94	62	14732	161	0	15049
19879	95	60	14673	108	0	14936
19880	13727	131	399	100	0	14357
19881	233	14042	138	74	0	14487
19882	113	208	72	13868	0	14261
19883	13882	85	64	224	0	14255
19884	234	13885	62	114	0	14295
19885	14555	208	59	108	0	14930
19886	14735	84	59	90	0	14968
19887	14995	38	54	79	0	15166
19888	15096	52	56	57	0	15261
19889	323	35	14629	61	0	15048
19890	14379	35	224	65	0	14703
19891	267	38	14454	57	0	14816
19892	13768	30	215	54	0	14067
19893	263	50	115	14364	0	14792
19894	146	18	14120	169	0	14453
19895	94	13909	186	90	0	14279
19896	126	575	101	13236	0	14038
19897	82	13680	50	142	0	13954
19898	61	13762	51	94	0	13968
19899	12833	167	93	70	0	13163
19900	134	45	12496	38	0	12713
19901	57	12074	87	18	0	12236
19902	11778	87	99	28	0	11992
19903	77	11821	27	9	0	11934
19904	11840	69	16	21	0	11946
19905	89	40	9	11770	0	11908
19906	11877	15	14	71	0	11977
19907	86	3	15	11750	0	11854
19908	11823	11	14	80	0	11928
19909	84	7	15	11789	0	11895
19910	42	12063	8	69	0	12182
19911	20	65	12	12312	0	12409
19912	12279	29	6	90	0	12404
19913	74	12197	14	45	0	12330
19914	37	76	9	12246	0	12368
19915	12434	22	16	80	0	12552
19916	78	19	11	12517	0	12625
19917	43	16	8	12520	0	12587
19918	24	16	12682	94	0	12816
19919	31	12	12325	35	0	12403
19920	19	15	90	12283	0	12407
19921	26	34	12923	69	0	13052
19922	24	14	73	12857	0	12968
19923	54	18	46	11435	0	11553
19924	20	16	16	12975	0	13027
19925	20	18	12984	107	0	13129
19926	25	15	76	12391	0	12507
19927	17	17	24	12706	0	12764
19928	17	12857	18	98	0	12990
19929	19	67	12	12988	0	13086
19930	12949	31	13	92	0	13085
19931	87	15	10	13119	0	13231
19932	47	16	14776	101	0	14940
19933	14390	13	154	70	0	14627
19934	183	15974	77	41	0	16275
19935	95	221	50	16610	0	16976
19936	73	92	16396	230	0	16791
19937	15513	64	231	135	0	15943
19938	239	16263	102	91	0	16695
19939	16484	250	72	66	0	16872
19940	293	98	52	16426	0	16869
19941	16497	68	36	270	0	16871
19942	322	45	16492	138	0	16997
19943	150	16207	251	83	0	16691
19944	116	17343	95	65	0	17619
19945	17463	323	72	64	0	17922
19946	17561	147	46	66	0	17820
19947	353	108	17401	26	0	17888
19948	17029	63	243	43	0	17378
19949	17513	55	109	41	0	17718
19950	17591	33	66	40	0	17730
19951	414	16417	54	29	0	16914
19952	212	16780	45	22	0	17059
19953	16753	306	35	38	0	17132
19954	16946	157	22	30	0	17155
19955	361	16841	22	46	0	17270
19956	197	285	16	16902	0	17400
19957	124	137	16859	231	0	17351
19958	16444	98	246	111	0	16899
19959	15028	134	143	186	0	15491
19960	17334	45	72	58	0	17509
19961	377	17028	44	53	0	17502
19962	177	254	17134	43	0	17608
19963	17470	111	258	41	0	17880
19964	335	81	108	17641	0	18165
19965	178	55	77	17661	0	17971
19966	141	47	46	18149	0	18383
19967	82	44	17792	405	0	18323
19968	86	36	257	17546	0	17925
19969	71	24	17682	365	0	18142
19970	47	17138	291	186	0	17662
19971	16818	236	128	129	0	17311
19972	232	16881	99	74	0	17286
19973	119	17057	58	60	0	17294
19974	16886	326	48	62	0	17322
19975	260	16991	32	29	0	17312
19976	136	310	26	16614	0	17086
19977	107	16538	19	207	0	16871
19978	16367	304	13	89	0	16773
19979	269	16466	13	69	0	16817
19980	130	319	17	16676	0	17142
19981	105	152	16475	245	0	16977
19982	84	105	228	16529	0	16946
19983	66	16513	102	346	0	17027
19984	57	271	83	16843	0	17254
19985	48	126	46	16504	0	16724
19986	69	93	61	15916	0	16139
19987	55	57	41	16694	0	16847
19988	52	63	23	16860	0	16998
19989	59	45	31	17030	0	17165
19990	53	42	16888	504	0	17487
19991	16515	41	295	277	0	17128
19992	310	21	128	18193	0	18652
19993	150	36	18275	430	0	18891
19994	117	51	18427	229	0	18824
19995	84	38	478	18676	0	19276
19996	18901	31	259	434	0	19625
19997	384	50	18569	241	0	19244
19998	18301	43	463	178	0	18985
19999	459	58	19026	121	0	19664
20000	255	68	454	18910	0	19687
20001	229	49	228	19491	0	19997
20002	165	67	19255	491	0	19978
20003	18439	64	436	276	0	19215
20004	431	63	229	19116	0	19839
20005	228	44	19094	485	0	19851
20006	179	67	19168	257	0	19671
20007	167	58	541	18323	0	19089
20008	141	19062	288	410	0	19901
20009	19325	362	213	237	0	20137
20010	19242	159	190	187	0	19778
20011	555	135	19139	138	0	19967
20012	295	110	431	18727	0	19563
20013	19182	87	214	470	0	19953
20014	532	63	19084	248	0	19927
20015	18664	46	449	220	0	19379
20016	524	18506	255	185	0	19470
20017	276	360	212	19103	0	19951
20018	238	165	151	19344	0	19898
20019	19544	107	159	588	0	20398
20020	512	94	111	19632	0	20349
20021	251	94	110	19554	0	20009
20022	197	60	97	19793	0	20147
20023	19228	47	92	747	0	20114
20024	496	49	19104	412	0	20061
20025	18954	36	421	344	0	19755
20026	19041	55	221	260	0	19577
20027	19622	45	167	219	0	20053
20028	734	57	139	18923	0	19853
20029	414	64	19077	490	0	20045
20030	302	18437	455	291	0	19485
20031	236	18757	224	261	0	19478
20032	179	17761	129	157	0	18226
20033	194	387	17387	158	0	18126
20034	165	446	386	18226	0	19223
20035	18649	100	137	506	0	19392
20036	20430	71	91	282	0	20874
20037	693	56	78	21326	0	22153
20038	355	46	21128	620	0	22149
20039	230	37	21266	314	0	21847
20040	165	38	682	21373	0	22258
20041	141	28	21607	650	0	22426
20042	122	35	692	21561	0	22410
20043	114	32	337	21277	0	21760
20044	98	20982	257	813	0	22150
20045	113	525	156	21538	0	22332
20046	110	207	145	22255	0	22717
20047	21551	147	132	945	0	22775
20048	637	83	134	21882	0	22736
20049	328	72	129	22183	0	22712
20050	21274	62	120	987	0	22443
20051	647	21163	154	552	0	22516
20052	21490	536	158	364	0	22548
20053	780	222	21082	297	0	22381
20054	21072	161	634	270	0	22137
20055	21294	98	337	284	0	22013
20056	914	70	20596	251	0	21831
20057	484	86	20643	229	0	21442
20058	376	107	885	19836	0	21204
20059	19979	63	463	760	0	21265
20060	792	48	19730	397	0	20967
20061	415	61	772	19658	0	20906
20062	325	64	19746	779	0	20914
20063	274	49	806	19628	0	20757
20064	232	60	438	20116	0	20846
20065	19517	44	339	988	0	20888
20066	19369	72	259	601	0	20301
20067	20169	61	210	481	0	20921
20068	1009	64	19696	364	0	21133
20069	552	62	19849	330	0	20793
20070	414	78	878	19604	0	20974
20071	320	108	460	20071	0	20959
20072	339	92	323	20473	0	21227
20073	19465	69	294	1041	0	20869
20074	763	19357	246	630	0	20996
20075	19295	542	245	470	0	20552
20076	19264	245	204	408	0	20121
20077	979	18762	223	333	0	20297
20078	591	19430	215	289	0	20525
20079	19185	745	213	331	0	20474
20080	791	353	191	18676	0	20011
20081	490	18627	163	854	0	20134
20082	473	631	144	18976	0	20224
20083	403	302	18498	929	0	20132
20084	334	219	641	18846	0	20040
20085	18579	138	403	1020	0	20140
20086	810	120	18242	594	0	19766
20087	494	122	18228	501	0	19345
20088	423	590	923	16742	0	18678
20089	402	16859	524	763	0	18548
20090	339	16971	318	560	0	18188
20091	269	17560	267	485	0	18581
20092	16339	730	256	404	0	17729
20093	16358	308	175	408	0	17249
20094	15793	197	145	355	0	16490
20095	808	15501	164	403	0	16876
20096	15794	473	177	342	0	16786
20097	15813	247	178	314	0	16552
20098	826	216	15202	291	0	16535
20099	527	14756	563	249	0	16095
20100	415	526	375	14845	0	16161
20101	14818	281	276	613	0	15988
20102	731	200	14599	366	0	15896
20103	444	116	584	14258	0	15402
20104	331	14398	359	689	0	15777
20105	336	468	255	14579	0	15638
20106	327	239	212	14832	0	15610
20107	14560	154	249	856	0	15819
20108	14770	129	229	574	0	15702
20109	793	115	240	14636	0	15784
20110	488	132	14277	743	0	15640
20111	371	117	14446	511	0	15445
20112	14554	144	670	378	0	15746
20113	814	117	14707	266	0	15904
20114	550	169	633	13543	0	14895
20115	427	13930	421	550	0	15328
20116	14038	453	341	371	0	15203
20117	682	14000	285	341	0	15308
20118	14250	544	247	354	0	15395
20119	686	256	214	14099	0	15255
20120	460	196	194	14414	0	15264
20121	14103	186	185	790	0	15264
20122	14483	153	161	482	0	15279
20123	866	170	173	14148	0	15357
20124	569	195	164	14311	0	15239
20125	430	210	13679	721	0	15040
20126	364	180	13669	441	0	14654
20127	13524	170	635	370	0	14699
20128	628	198	13086	317	0	14229
20129	13259	146	547	346	0	14298
20130	13463	125	367	340	0	14295
20131	773	104	12837	323	0	14037
20132	482	12143	495	284	0	13404
20133	391	12535	339	251	0	13516
20134	228	271	10623	126	0	11248
20135	446	748	486	8894	0	10574
20136	8027	204	322	376	0	8929
20137	7770	35	34	63	0	7902
20138	8430	23	41	49	0	8543
20139	9685	25	27	56	0	9793
20140	9988	28	17	64	0	10097
20141	352	10069	36	41	0	10498
20142	9898	260	31	39	0	10228
20143	305	9815	26	26	0	10172
20144	9605	252	24	21	0	9902
20145	312	70	9312	18	0	9712
20146	119	32	224	8958	0	9333
20147	88	27	48	8819	0	8982
20148	63	8953	32	245	0	9293
20149	8976	248	12	75	0	9311
20150	9210	77	17	43	0	9347
20151	304	56	17	8968	0	9345
20152	118	33	27	9157	0	9335
20153	8988	23	24	309	0	9344
20154	272	20	18	9030	0	9340
20155	84	35	20	9208	0	9347
20156	9023	27	11	309	0	9370
20157	296	24	12	9032	0	9364
20158	9046	24	10	303	0	9383
20159	9264	16	11	122	0	9413
20160	331	11	8998	76	0	9416
20161	9111	10	205	89	0	9415
20162	9073	15	43	75	0	9206
20163	9107	16	29	56	0	9208
20164	342	12	8618	63	0	9035
20165	154	9	219	8562	0	8944
20166	123	11	49	8864	0	9047
20167	81	15	8604	295	0	8995
20168	8472	11	235	88	0	8806
20169	320	11	55	8406	0	8792
20170	132	13	8280	260	0	8685
20171	113	13	8669	79	0	8874
20172	87	7	283	8576	0	8953
20173	68	14	8865	294	0	9241
20174	72	12	288	8788	0	9160
20175	84	11	81	9035	0	9211
20176	55	17	8818	345	0	9235
20177	71	18	272	8569	0	8930
20178	79	8429	99	283	0	8890
20179	55	9021	69	117	0	9262
20180	8863	264	79	82	0	9288
20181	8969	68	47	101	0	9185
20182	299	8817	41	96	0	9253
20183	8844	246	56	73	0	9219
20184	9084	59	33	84	0	9260
20185	331	57	30	8837	0	9255
20186	129	50	44	9048	0	9271
20187	8786	40	26	340	0	9192
20188	322	8626	24	129	0	9101
20189	125	8916	36	79	0	9156
20190	131	294	32	8755	0	9212
20191	125	86	8735	292	0	9238
20192	8617	56	269	119	0	9061
20193	8945	40	71	110	0	9166
20194	8793	43	41	92	0	8969
20195	364	8786	41	68	0	9259
20196	171	291	26	8670	0	9158
20197	140	93	37	9025	0	9295
20198	8794	66	48	352	0	9260
20199	344	8783	48	150	0	9325
20200	182	285	35	8789	0	9291
20201	162	94	40	9017	0	9313
20202	167	71	31	9039	0	9308
20203	8867	67	26	402	0	9362
20204	365	8822	33	189	0	9409
20205	181	358	36	8553	0	9128
20206	148	8915	43	325	0	9431
20207	8864	328	35	178	0	9405
20208	365	99	8721	143	0	9328
20209	8631	65	291	156	0	9143
20210	373	64	8457	156	0	9050
20211	187	187	266	8042	0	8682
20212	8114	54	86	318	0	8572
20213	359	53	7992	151	0	8555
20214	8060	50	253	139	0	8502
20215	8401	27	92	151	0	8671
20216	8513	29	70	128	0	8740
20217	383	25	79	8155	0	8642
20218	185	28	55	8254	0	8522
20219	166	18	57	8378	0	8619
20220	8089	18	79	367	0	8553
20221	337	8182	48	183	0	8750
20222	8331	206	56	120	0	8713
20223	8539	55	80	83	0	8757
20224	393	45	8235	94	0	8767
20225	8298	34	239	115	0	8686
20226	8732	22	87	131	0	8972
20227	381	26	78	8524	0	9009
20228	173	43	77	8653	0	8946
20229	141	33	56	8771	0	9001
20230	8475	33	63	353	0	8924
20231	8469	31	71	166	0	8737
20232	8250	17	71	138	0	8476
20233	336	7787	68	119	0	8310
20234	129	7546	63	91	0	7829
20235	93	7824	58	121	0	8096
20236	7685	237	102	125	0	8149
20237	259	79	7436	128	0	7902
20238	115	65	6589	107	0	6876
20239	5117	37	124	37	0	5315
20240	84	7	5517	21	0	5629
20241	15	3	45	4861	0	4924
20242	9	4844	15	37	0	4905
20243	5201	39	3	11	0	5254
20244	5230	13	7	11	0	5261
20245	5304	4	3	15	0	5326
20246	49	10	2	5729	0	5790
20247	20	3	5900	35	0	5958
20248	19	7	5672	13	0	5711
20249	5850	5	36	10	0	5901
20250	5997	5	14	14	0	6030
20251	5984	1	10	12	0	6007
20252	50	2	11	6005	0	6068
20253	22	2	7	6041	0	6072
20254	22	4	6057	41	0	6124
20255	6013	6	32	15	0	6066
20256	40	3	6	6295	0	6344
20257	14	2	4	6287	0	6307
20258	11	1	9	6302	0	6323
20259	15	6202	6	43	0	6266
20260	11	37	3	6265	0	6316
20261	12	11	5	6234	0	6262
20262	6236	6	6	49	0	6297
20263	48	11	6118	11	0	6188
20264	5945	1	38	17	0	6001
20265	6244	1	8	19	0	6272
20266	54	2	5	6171	0	6232
20267	16	10	7	6165	0	6198
20268	6155	0	6	49	0	6210
20269	47	2	6035	17	0	6101
20270	24	6058	30	14	0	6126
20271	16	31	10	5979	0	6036
20272	5979	9	3	39	0	6030
20273	35	7	8	5777	0	5827
20274	14	11	5741	36	0	5802
20275	14	11	5588	21	0	5634
20276	5608	3	61	13	0	5685
20277	45	5	12	5882	0	5944
20278	15	2	5816	31	0	5864
20279	5620	0	26	24	0	5670
20280	6051	0	7	16	0	6074
20281	29	5	2	6065	0	6101
20282	11	5	7	6051	0	6074
20283	14	6062	2	27	0	6105
20284	6268	22	2	29	0	6321
20285	30	15	1	6302	0	6348
20286	11	1	4	6357	0	6373
20287	8	5	6401	24	0	6438
20288	5955	1	23	13	0	5992
20289	6276	2	5	16	0	6299
20290	30	6190	3	15	0	6238
20291	13	17	6063	2	0	6095
20292	9	5	6027	6	0	6047
20293	23	19	21	5941	0	6004
20294	6262	15	21	35	0	6333
20295	19	1	11	6222	0	6253
20296	6426	1	7	20	0	6454
20297	6437	1	1	20	0	6459
20298	6535	1	1	9	0	6546
20299	20	5	4	6485	0	6514
20300	16	0	3	6474	0	6493
20301	6622	1	0	24	0	6647
20302	18	3	6715	9	0	6745
20303	6177	1	7	17	0	6202
20304	6353	1	2	14	0	6370
20305	13	0	6512	1	0	6526
20306	6	1	6327	3	0	6337
20307	3	6481	5	3	0	6492
20308	21	6	10	6558	0	6595
20309	6305	6	3	7	0	6321
20310	4	1	0	6556	0	6561
20311	4	1	6633	2	0	6640
20312	1	6495	4	4	0	6504
20313	3	6515	3	4	0	6525
20314	3	5	1	6616	0	6625
20315	1	4	1	6450	0	6456
20316	2	6341	0	5	0	6348
20317	3	2	6307	4	0	6316
20318	5993	4	4	10	0	6011
20319	6497	0	4	7	0	6508
20320	7	6519	0	3	0	6529
20321	6346	6	0	5	0	6357
20322	7	18	1	6253	0	6279
20323	6281	4	1	13	0	6299
20324	8	0	0	6198	0	6206
20325	7	6425	0	9	0	6441
20326	5	18	6366	7	0	6396
20327	3	7	13	6650	0	6673
20328	12	2	12	6379	0	6405
20329	1	2	1	7007	0	7011
20330	7214	0	1	56	0	7271
20331	43	2	0	7261	0	7306
20332	23	2	7747	50	0	7822
20333	12	1	7984	26	0	8023
20334	8223	1	115	15	0	8354
20335	99	0	8459	7	0	8565
20336	8462	2	103	8	0	8575
20337	113	0	32	9266	0	9411
20338	35	2	7	9550	0	9594
20339	10	1	7	10279	0	10297
20340	13	3	6	10275	0	10297
20341	10158	5	6	236	0	10405
20342	192	1	10186	72	0	10451
20343	55	1	183	9973	0	10212
20344	21	10332	50	194	0	10597
20345	10406	191	16	73	0	10686
20346	209	43	9	9985	0	10246
20347	9882	17	10	222	0	10131
20348	219	10	9786	59	0	10074
20349	68	5	201	9435	0	9709
20350	32	9738	50	199	0	10019
20351	9804	191	23	69	0	10087
20352	230	43	9743	53	0	10069
20353	81	14	208	9648	0	9951
20354	38	12	65	9876	0	9991
20355	9625	12	36	272	0	9945
20356	219	16	9519	96	0	9850
20357	81	15	9673	53	0	9822
20358	50	10	258	9585	0	9903
20359	53	2	9554	249	0	9858
20360	31	11	9710	86	0	9838
20361	44	13	263	9482	0	9802
20362	33	19	96	9685	0	9833
20363	40	15	55	10039	0	10149
20364	9783	8	51	300	0	10142
20365	231	9929	50	128	0	10338
20366	10067	215	35	84	0	10401
20367	258	51	31	10035	0	10375
20368	83	10052	36	273	0	10444
20369	53	220	42	10427	0	10742
20370	10606	56	44	313	0	11019
20371	268	11337	43	136	0	11784
20372	99	287	46	11856	0	12288
20373	48	72	11960	352	0	12432
20374	11951	42	313	154	0	12460
20375	324	42	100	12039	0	12505
20376	133	33	65	12281	0	12512
20377	81	30	11892	436	0	12439
20378	78	30	11952	180	0	12240
20379	11670	29	380	140	0	12219
20380	368	11582	132	116	0	12198
20381	119	324	89	11702	0	12234
20382	11745	96	78	377	0	12296
20383	376	54	11721	158	0	12309
20384	134	11621	345	119	0	12219
20385	102	322	121	11710	0	12255
20386	11740	97	92	395	0	12324
20387	11580	64	65	194	0	11903
20388	11943	50	72	147	0	12212
20389	434	11544	77	138	0	12193
20390	181	320	11607	110	0	12218
20391	137	100	354	11674	0	12265
20392	136	96	161	10898	0	11291
20393	100	62	87	12005	0	12254
20394	90	48	81	11939	0	12158
20395	11520	38	77	509	0	12144
20396	11587	54	66	232	0	11939
20397	441	48	11217	175	0	11881
20398	181	32	11262	143	0	11618
20399	11042	42	396	129	0	11609
20400	11291	42	156	110	0	11599
20401	462	49	112	10778	0	11401
20402	194	10881	93	399	0	11567
20403	10913	328	92	187	0	11520
20404	413	10701	74	155	0	11343
20405	165	10920	67	160	0	11312
20406	149	386	64	10965	0	11564
20407	117	136	73	11260	0	11586
20408	115	85	89	11295	0	11584
20409	95	79	85	11308	0	11567
20410	108	63	10755	529	0	11455
20411	10654	57	352	244	0	11307
20412	11051	54	132	180	0	11417
20413	467	40	94	10688	0	11289
20414	196	68	73	10936	0	11273
20415	10727	67	80	474	0	11348
20416	425	69	10139	228	0	10861
20417	10671	63	328	168	0	11230
20418	10867	65	127	162	0	11221
20419	469	52	10467	159	0	11147
20420	10751	60	335	153	0	11299
20421	441	54	137	10772	0	11404
20422	194	50	115	11027	0	11386
20423	171	41	88	11026	0	11326
20424	155	41	89	11052	0	11337
20425	10470	45	67	532	0	11114
20426	420	29	78	10404	0	10931
20427	168	44	78	10077	0	10367
20428	153	9300	71	455	0	9979
20429	133	9687	71	208	0	10099
20430	129	321	51	9485	0	9986
20431	9404	94	40	404	0	9942
20432	376	94	57	8880	0	9407
20433	141	49	8129	338	0	8657
20434	122	38	7729	156	0	8045
20435	7570	34	264	138	0	8006
20436	274	7608	102	114	0	8098
20437	6919	185	133	83	0	7320
20438	260	51	6936	69	0	7316
20439	165	296	177	6131	0	6769
20440	6082	40	67	157	0	6346
20441	158	6079	46	73	0	6356
20442	5974	119	50	70	0	6213
20443	178	43	6321	52	0	6594
20444	73	67	123	6149	0	6412
20445	67	26	52	6304	0	6449
20446	6316	21	39	188	0	6564
20447	6389	21	42	85	0	6537
20448	6605	20	24	73	0	6722
20449	6602	30	14	57	0	6703
20450	6663	17	14	53	0	6747
20451	193	6513	14	44	0	6764
20452	91	95	23	6648	0	6857
20453	6746	42	20	141	0	6949
20454	152	30	16	6727	0	6925
20455	75	19	13	6757	0	6864
20456	77	17	11	6749	0	6854
20457	63	6547	17	163	0	6790
20458	6648	100	17	97	0	6862
20459	121	40	27	6644	0	6832
20460	6537	19	26	158	0	6740
20461	6515	24	14	83	0	6636
20462	169	6395	12	64	0	6640
20463	6414	97	13	55	0	6579
20464	165	39	6269	38	0	6511
20465	6137	30	107	27	0	6301
20466	139	55	94	6064	0	6352
20467	79	23	6126	103	0	6331
20468	55	6065	84	54	0	6258
20469	77	81	5982	51	0	6191
20470	26	5620	63	34	0	5743
20471	4781	118	100	56	0	5055
20472	4620	23	35	11	0	4689
20473	4495	4	6	16	0	4521
20474	21	4444	5	4	0	4474
20475	4385	11	2	7	0	4405
20476	14	3	4342	1	0	4360
20477	5	10	4287	3	0	4305
20478	6	20	13	4209	0	4248
20479	6	2	10	4439	0	4457
20480	0	4399	2	17	0	4418
20481	4490	13	1	5	0	4509
20482	14	2	0	4545	0	4561
20483	1	4480	3	16	0	4500
20484	3	15	0	4591	0	4609
20485	4592	4	4	19	0	4619
20486	4499	2	0	7	0	4508
20487	24	3	4356	4	0	4387
20488	15	3	17	4416	0	4451
20489	8	0	4424	19	0	4451
20490	2	0	24	4422	0	4448
20491	2	2	4430	25	0	4459
20492	1	0	25	4419	0	4445
20493	0	4	4476	27	0	4507
20494	2	6	22	4448	0	4478
20495	8	2	4578	23	0	4611
20496	5	1	24	4549	0	4579
20497	4	4	6	4673	0	4687
20498	3	4838	4	33	0	4878
20499	7	23	3	5022	0	5055
20500	5	5	4993	34	0	5037
20501	3	5	31	4937	0	4976
20502	2	1	8	5003	0	5014
20503	5027	1	10	43	0	5081
20504	30	0	3	5092	0	5125
20505	8	2	5	5056	0	5071
20506	4	3	4973	46	0	5026
20507	4898	1	35	23	0	4957
20508	30	0	8	5127	0	5165
20509	10	3	11	5129	0	5153
20510	6	3	1	5183	0	5193
20511	5177	2	2	53	0	5234
20512	32	4	3	5211	0	5250
20513	8	1	5	5249	0	5263
20514	5218	2	5	53	0	5278
20515	36	5195	3	27	0	5261
20516	10	32	4	5188	0	5234
20517	8	6	6	5233	0	5253
20518	6	7	5110	58	0	5181
20519	4557	2	42	43	0	4644
20520	42	2	13	5027	0	5084
20521	18	6	4924	45	0	4993
20522	4926	4	38	37	0	5005
20523	41	5	11	5174	0	5231
20524	16	2	7	5268	0	5293
20525	17	0	5	5310	0	5332
20526	11	2	4	5396	0	5413
20527	1	4	5647	76	0	5728
20528	7	3	58	5694	0	5762
20529	9	6	17	6652	0	6684
20530	8	1	7740	137	0	7886
20531	8090	0	178	60	0	8328
20532	8571	1	67	56	0	8695
20533	8653	1	76	25	0	8755
20534	348	0	54	8427	0	8829
20535	8649	1	30	214	0	8894
20536	8850	2	10	83	0	8945
20537	368	1	6	8688	0	9063
20538	8549	8	6	276	0	8839
20539	8636	4	6	124	0	8770
20540	8597	4	8	115	0	8724
20541	8664	2	10	84	0	8760
20542	410	0	5	8256	0	8671
20543	240	7746	8	230	0	8224
20544	196	7840	20	88	0	8144
20545	140	7991	18	93	0	8242
20546	7704	322	12	80	0	8118
20547	8082	186	5	52	0	8325
20548	311	156	7744	48	0	8259
20549	7969	93	211	44	0	8317
20550	394	52	74	8016	0	8536
20551	200	21	81	8129	0	8431
20552	177	10	64	8251	0	8502
20553	8028	5	36	383	0	8452
20554	298	5	14	8075	0	8392
20555	133	7800	16	386	0	8335
20556	135	205	8	8078	0	8426
20557	101	91	8057	370	0	8619
20558	70	112	214	8222	0	8618
20559	8161	89	79	348	0	8677
20560	293	52	8165	164	0	8674
20561	139	21	267	8227	0	8654
20562	151	20	107	8167	0	8445
20563	120	9	106	8257	0	8492
20564	84	8107	69	386	0	8646
20565	57	210	38	8403	0	8708
20566	8178	80	21	430	0	8709
20567	8236	87	21	229	0	8573
20568	351	69	7954	172	0	8546
20569	202	49	8103	131	0	8485
20570	181	37	275	8071	0	8564
20571	136	21	164	8371	0	8692
20572	83	19	8287	331	0	8720
20573	72	23	293	7970	0	8358
20574	59	8083	145	356	0	8643
20575	8418	222	122	208	0	8970
20576	8558	92	82	160	0	8892
20577	8584	81	43	143	0	8851
20578	417	70	8398	88	0	8973
20579	259	51	244	8455	0	9009
20580	225	25	8391	280	0	8921
20581	8266	18	296	143	0	8723
20582	314	8255	149	140	0	8858
20583	142	232	131	8285	0	8790
20584	8337	90	93	291	0	8811
20585	307	86	56	8368	0	8817
20586	157	64	36	8627	0	8884
20587	136	43	8288	401	0	8868
20588	8074	33	236	246	0	8589
20589	301	8255	98	210	0	8864
20590	189	211	97	8431	0	8928
20591	8427	89	80	315	0	8911
20592	344	90	53	8429	0	8916
20593	8343	78	46	359	0	8826
20594	366	8307	30	217	0	8920
20595	8444	239	33	180	0	8896
20596	415	103	8267	132	0	8917
20597	8387	99	262	93	0	8841
20598	8364	66	102	99	0	8631
20599	8395	53	127	75	0	8650
20600	488	31	77	8008	0	8604
20601	324	43	58	7769	0	8194
20602	264	40	39	8060	0	8403
20603	201	7819	27	391	0	8438
20604	7985	238	21	274	0	8518
20605	332	99	29	8045	0	8505
20606	180	97	32	8119	0	8428
20607	184	76	33	8137	0	8430
20608	7916	61	36	420	0	8433
20609	310	44	39	8043	0	8436
20610	196	35	7666	450	0	8347
20611	159	7773	225	274	0	8431
20612	154	241	92	7971	0	8458
20613	114	119	85	8142	0	8460
20614	97	117	67	8247	0	8528
20615	77	82	7828	462	0	8449
20616	94	44	7869	311	0	8318
20617	77	33	300	8069	0	8479
20618	87	43	8188	375	0	8693
20619	75	22	336	8347	0	8780
20620	8315	23	169	426	0	8933
20621	8650	22	132	294	0	9098
20622	8710	33	88	231	0	9062
20623	425	35	8328	179	0	8967
20624	8399	34	247	134	0	8814
20625	441	54	127	8422	0	9044
20626	258	30	8344	288	0	8920
20627	212	19	8140	174	0	8545
20628	156	7900	301	209	0	8566
20629	83	7242	148	137	0	7610
20630	5812	173	216	64	0	6265
20631	118	33	27	5532	0	5710
20632	41	16	5573	76	0	5706
20633	30	16	63	5593	0	5702
20634	5650	8	30	83	0	5771
20635	87	5	5973	47	0	6112
20636	5960	4	88	43	0	6095
20637	6297	6	29	38	0	6370
20638	6272	6	17	31	0	6326
20639	121	6155	19	30	0	6325
20640	6352	84	11	26	0	6473
20641	108	28	13	6462	0	6611
20642	50	20	13	6452	0	6535
20643	31	10	12	6566	0	6619
20644	23	9	10	6522	0	6564
20645	6307	7	17	138	0	6469
20646	105	6189	12	62	0	6368
20647	34	5995	13	42	0	6084
20648	28	6174	16	26	0	6244
20649	6145	103	25	34	0	6307
20650	6156	27	21	24	0	6228
20651	6130	15	12	24	0	6181
20652	6135	14	10	22	0	6181
20653	122	8	11	6101	0	6242
20654	48	9	15	6132	0	6204
20655	6099	8	10	119	0	6236
20656	86	6069	12	55	0	6222
20657	5936	81	10	31	0	6058
20658	6077	26	5	31	0	6139
20659	113	20	10	6009	0	6152
20660	54	6127	5	89	0	6275
20661	31	94	11	6299	0	6435
20662	6300	15	7	116	0	6438
20663	109	19	6365	36	0	6529
20664	39	13	81	6199	0	6332
20665	42	6368	19	80	0	6509
20666	6392	81	23	32	0	6528
20667	6382	15	12	35	0	6444
20668	110	23	6358	20	0	6511
20669	42	6232	84	22	0	6380
20670	30	93	6350	20	0	6493
20671	30	35	97	6136	0	6298
20672	17	17	6139	92	0	6265
20673	22	13	6076	28	0	6139
20674	18	6064	79	30	0	6191
20675	5994	68	23	19	0	6104
20676	6133	14	17	25	0	6189
20677	77	6198	9	18	0	6302
20678	28	6238	11	13	0	6290
20679	30	85	6015	12	0	6142
20680	29	21	5942	16	0	6008
20681	16	27	6148	17	0	6208
20682	25	16	89	6112	0	6242
20683	18	12	6215	78	0	6323
20684	24	8	82	5996	0	6110
20685	18	15	20	5898	0	5951
20686	20	17	6069	74	0	6180
20687	18	6050	69	33	0	6170
20688	26	71	18	6082	0	6197
20689	6097	19	18	82	0	6216
20690	85	26	10	6079	0	6200
20691	31	12	6094	85	0	6222
20692	33	6033	73	29	0	6168
20693	18	6278	22	31	0	6349
20694	30	86	25	6167	0	6308
20695	6128	30	11	90	0	6259
20696	6151	22	13	28	0	6214
20697	106	15	7	6064	0	6192
20698	39	6262	9	84	0	6394
20699	42	86	14	6329	0	6471
20700	33	23	11	6556	0	6623
20701	26	20	11	6607	0	6664
20702	6864	22	8	136	0	7030
20703	111	6924	14	47	0	7096
20704	7012	108	8	41	0	7169
20705	7161	33	20	30	0	7244
20706	7212	32	7	32	0	7283
20707	7406	20	15	24	0	7465
20708	167	28	9	7264	0	7468
20709	76	18	7290	126	0	7510
20710	43	7333	121	53	0	7550
20711	7438	134	45	44	0	7661
20712	7591	42	30	30	0	7693
20713	7743	30	10	38	0	7821
20714	198	19	7543	16	0	7776
20715	7502	18	130	21	0	7671
20716	7730	21	45	18	0	7814
20717	194	25	26	7615	0	7860
20718	86	16	7339	141	0	7582
20719	54	7261	133	54	0	7502
20720	41	149	49	7187	0	7426
20721	7079	45	33	149	0	7306
20722	138	31	20	7038	0	7227
20723	62	17	17	7207	0	7303
20724	7205	17	14	171	0	7407
20725	148	18	7095	70	0	7331
20726	7098	17	132	31	0	7278
20727	7085	8	61	31	0	7185
20728	7072	16	31	32	0	7151
20729	7104	19	20	27	0	7170
20730	185	12	6859	29	0	7085
20731	89	24	130	6806	0	7049
20732	53	14	6844	137	0	7048
20733	32	30	134	6726	0	6922
20734	43	15	6729	140	0	6927
20735	6189	10	119	57	0	6375
20736	120	6100	46	40	0	6306
20737	60	6196	35	11	0	6302
20738	55	125	27	6416	0	6623
20739	56	54	19	6599	0	6728
20740	44	6752	14	136	0	6946
20741	6799	119	8	66	0	6992
20742	7232	41	17	36	0	7326
20743	7534	23	19	21	0	7597
20744	8003	7	18	26	0	8054
20745	220	13	17	7942	0	8192
20746	108	7	16	8243	0	8374
20747	8334	15	15	226	0	8590
20748	191	14	15	8288	0	8508
20749	107	14	8056	197	0	8374
20750	67	13	8079	100	0	8259
20751	37	12	220	8154	0	8423
20752	39	12	8178	185	0	8414
20753	8055	4	191	97	0	8347
20754	189	10	80	8142	0	8421
20755	8196	12	60	174	0	8442
20756	218	7	8165	91	0	8481
20757	110	21	167	8171	0	8469
20758	71	10	8182	188	0	8451
20759	41	8105	199	108	0	8453
20760	7929	169	107	78	0	8283
20761	7992	81	57	53	0	8183
20762	243	7867	27	42	0	8179
20763	7823	161	27	41	0	8052
20764	214	72	20	7684	0	7990
20765	119	46	23	7816	0	8004
20766	7681	16	14	250	0	7961
20767	201	7481	27	120	0	7829
20768	126	7605	15	69	0	7815
20769	78	219	25	7517	0	7839
20770	7411	99	17	181	0	7708
20771	7560	48	30	101	0	7739
20772	7608	27	25	57	0	7717
20773	296	25	7323	36	0	7680
20774	157	25	7291	40	0	7513
20775	86	7205	229	45	0	7565
20776	7174	169	107	44	0	7494
20777	214	88	56	7017	0	7375
20778	7081	51	26	183	0	7341
20779	7152	33	30	103	0	7318
20780	279	27	30	6958	0	7294
20781	166	34	6937	189	0	7326
20782	6986	27	172	111	0	7296
20783	242	18	86	6983	0	7329
20784	141	19	6967	196	0	7323
20785	6945	26	174	124	0	7269
20786	7098	13	95	82	0	7288
20787	281	20	65	6919	0	7285
20788	156	21	6844	221	0	7242
20789	108	18	183	6739	0	7048
20790	81	6857	94	233	0	7265
20791	88	160	6843	111	0	7202
20792	82	6936	188	81	0	7287
20793	6837	183	113	56	0	7189
20794	6949	84	68	53	0	7154
20795	6992	42	61	57	0	7152
20796	6995	29	60	53	0	7137
20797	337	23	46	6730	0	7136
20798	6620	29	44	195	0	6888
20799	263	25	32	6505	0	6825
20800	6292	15	42	206	0	6555
20801	233	6125	29	129	0	6516
20802	115	152	36	5702	0	6005
20803	84	5760	34	159	0	6037
20804	5734	157	28	102	0	6021
20805	5715	73	31	62	0	5881
20806	218	5553	21	52	0	5844
20807	150	146	18	5399	0	5713
20808	83	67	5312	151	0	5613
20809	72	66	118	5270	0	5526
20810	67	26	5243	166	0	5502
20811	75	39	141	4860	0	5115
20812	59	4983	73	144	0	5259
20813	4924	111	48	84	0	5167
20814	4982	58	34	58	0	5132
20815	191	51	24	4899	0	5165
20816	5105	21	23	149	0	5298
20817	175	19	31	5068	0	5293
20818	102	28	21	5095	0	5246
20819	91	22	19	5140	0	5272
20820	5069	20	28	196	0	5313
20821	5112	19	13	125	0	5269
20822	5168	13	19	72	0	5272
20823	211	4939	21	53	0	5224
20824	4911	107	20	53	0	5091
20825	165	4794	28	36	0	5023
20826	4871	134	18	44	0	5067
20827	174	64	25	4799	0	5062
20828	109	42	24	4891	0	5066
20829	4846	36	17	151	0	5050
20830	4852	28	18	95	0	4993
20831	186	4722	20	60	0	4988
20832	4806	113	16	44	0	4979
20833	176	57	9	4721	0	4963
20834	106	41	14	4822	0	4983
20835	4765	25	14	169	0	4973
20836	163	21	4660	107	0	4951
20837	100	4520	104	56	0	4780
20838	91	106	46	4176	0	4419
20839	51	45	3942	93	0	4131
20840	53	168	90	3641	0	3952
20841	3672	16	53	119	0	3860
20842	98	3321	33	58	0	3510
20843	55	3045	17	46	0	3163
20844	36	2664	13	20	0	2733
20845	69	134	44	2335	0	2582
20846	2324	11	84	60	0	2479
20847	39	6	3	2296	0	2344
20848	2278	5	3	36	0	2322
20849	2297	5	4	16	0	2322
20850	35	5	7	2274	0	2321
20851	2306	3	5	30	0	2344
20852	40	4	1	2328	0	2373
20853	14	3	2379	31	0	2427
20854	2383	5	34	14	0	2436
20855	36	5	2625	13	0	2679
20856	2539	3	32	9	0	2583
20857	33	2	2585	11	0	2631
20858	10	1	24	2478	0	2513
20859	9	1	3	2544	0	2557
20860	2598	3	3	34	0	2638
20861	32	4	1	2672	0	2709
20862	2699	3	2	34	0	2738
20863	29	2723	1	10	0	2763
20864	2866	24	1	16	0	2907
20865	31	4	3	2911	0	2949
20866	9	2	1	2954	0	2966
20867	8	3	3	2963	0	2977
20868	5	2	1	2960	0	2968
20869	5	3	2912	34	0	2954
20870	4	3	2862	10	0	2879
20871	1	3	25	2894	0	2923
20872	7	2	2929	30	0	2968
20873	4	2916	26	10	0	2956
20874	7	28	8	2914	0	2957
20875	6	7	2965	30	0	3008
20876	1	6	2980	11	0	2998
20877	7	7	25	3085	0	3124
20878	6	3	4	3119	0	3132
20879	2	3145	4	34	0	3185
20880	5	31	3	3207	0	3246
20881	4	3	3226	36	0	3269
20882	3209	3	41	15	0	3268
20883	41	1	4	3334	0	3380
20884	3426	4	5	50	0	3485
20885	3463	2	11	13	0	3489
20886	3569	3	2	12	0	3586
20887	45	6	3614	7	0	3672
20888	12	2	3609	8	0	3631
20889	3480	1	44	14	0	3539
20890	49	2	3705	6	0	3762
20891	10	3	43	3602	0	3658
20892	7	4	9	3685	0	3705
20893	8	2	3715	45	0	3770
20894	12	3699	46	10	0	3767
20895	3721	38	11	15	0	3785
20896	45	3724	10	12	0	3791
20897	13	3881	7	9	0	3910
20898	3879	45	9	12	0	3945
20899	45	12	4012	8	0	4077
20900	13	5	4076	4	0	4098
20901	10	4	47	4022	0	4083
20902	4061	6	11	55	0	4133
20903	49	4103	8	13	0	4173
20904	4133	47	6	17	0	4203
20905	54	10	4238	6	0	4308
20906	12	4523	48	9	0	4592
20907	15	60	9	4677	0	4761
20908	13	18	4724	65	0	4820
20909	16	8	67	4727	0	4818
20910	28	5	29	4147	0	4209
20911	8	6	14	4811	0	4839
20912	6	4	12	4796	0	4818
20913	4707	2	11	88	0	4808
20914	4716	5	8	27	0	4756
20915	79	8	4733	20	0	4840
20916	4562	6	64	21	0	4653
20917	74	4614	22	11	0	4721
20918	4663	71	16	13	0	4763
20919	83	13	4689	12	0	4797
20920	18	9	73	4603	0	4703
20921	14	8	4665	78	0	4765
20922	20	7	4677	20	0	4724
20923	19	11	81	4590	0	4701
20924	11	12	26	4677	0	4726
20925	13	2	4635	85	0	4735
20926	16	4535	73	18	0	4642
20927	10	4669	22	13	0	4714
20928	12	69	13	4731	0	4825
20929	4696	20	13	77	0	4806
20930	62	4876	13	23	0	4974
20931	21	73	4902	15	0	5011
20932	11	14	4817	15	0	4857
20933	12	10	4895	19	0	4936
20934	12	10	86	4750	0	4858
20935	4862	9	27	75	0	4973
20936	71	4810	17	33	0	4931
20937	25	69	4801	14	0	4909
20938	14	4794	76	16	0	4900
20939	17	72	19	4850	0	4958
20940	22	20	4857	67	0	4966
20941	16	4857	77	22	0	4972
20942	15	71	29	4836	0	4951
20943	11	23	18	4997	0	5049
20944	10	13	5046	87	0	5156
20945	12	6	88	4897	0	5003
20946	4	4906	29	73	0	5012
20947	6	75	4890	41	0	5012
20948	4834	17	74	32	0	4957
20949	72	12	29	4942	0	5055
20950	21	22	12	4946	0	5001
20951	13	4945	14	82	0	5054
20952	4900	68	21	26	0	5015
20953	72	23	4805	15	0	4915
20954	4730	12	67	26	0	4835
20955	71	22	28	4668	0	4789
20956	16	4651	18	67	0	4752
20957	11	59	14	4661	0	4745
20958	13	16	22	4821	0	4872
20959	4775	13	12	88	0	4888
20960	4866	4	10	44	0	4924
20961	80	11	10	4836	0	4937
20962	22	10	4777	82	0	4891
20963	4578	6	69	36	0	4689
20964	78	4776	22	12	0	4888
20965	26	73	9	4832	0	4940
20966	12	18	12	4982	0	5024
20967	10	13	13	5007	0	5043
20968	10	13	4923	103	0	5049
20969	15	13	78	4854	0	4960
20970	7	4937	40	90	0	5074
20971	16	66	12	4908	0	5002
20972	16	4983	12	79	0	5090
20973	12	81	15	4999	0	5107
20974	12	30	4952	83	0	5077
20975	4710	16	75	43	0	4844
20976	81	12	33	4983	0	5109
20977	26	12	4983	78	0	5099
20978	9	4973	71	49	0	5102
20979	4956	66	30	32	0	5084
20980	69	18	4920	21	0	5028
20981	4869	17	75	36	0	4997
20982	79	7	35	4988	0	5109
20983	31	6	13	5009	0	5059
20984	14	4925	8	78	0	5025
20985	4949	52	11	31	0	5043
20986	4846	20	8	16	0	4890
20987	71	4969	9	14	0	5063
20988	26	59	8	5053	0	5146
20989	16	18	7	5092	0	5133
20990	11	7	7	5038	0	5063
20991	9	6	4975	80	0	5070
20992	4887	5	64	40	0	4996
20993	61	8	25	4989	0	5083
20994	18	8	13	5060	0	5099
20995	10	7	4921	83	0	5021
20996	13	8	4858	29	0	4908
20997	11	31	70	5015	0	5127
20998	10	7	5130	65	0	5212
20999	4903	10	62	40	0	5015
21000	59	2	31	5048	0	5140
21001	32	6	10	5149	0	5197
21002	14	8	5280	80	0	5382
21003	9	21	60	5327	0	5417
21004	8	7	5429	72	0	5516
21005	4	5295	60	43	0	5402
21006	4938	72	43	35	0	5088
21007	4937	18	12	21	0	4988
21008	52	4891	8	9	0	4960
21009	25	44	3	4996	0	5068
21010	10	22	5038	42	0	5112
21011	10	7	34	4994	0	5045
21012	5029	8	21	58	0	5116
21013	36	5061	11	29	0	5137
21014	5087	38	11	17	0	5153
21015	49	19	7	5007	0	5082
21016	5041	8	7	42	0	5098
21017	43	4975	9	24	0	5051
21018	5053	37	8	25	0	5123
21019	50	18	4975	11	0	5054
21020	20	5083	36	15	0	5154
21021	21	29	19	5112	0	5181
21022	5362	16	20	48	0	5446
21023	5433	13	5	26	0	5477
21024	67	5	7	5470	0	5549
21025	5521	11	3	59	0	5594
21026	5506	5	5	30	0	5546
21027	5632	8	5	17	0	5662
21028	71	8	4	5558	0	5641
21029	26	4	5552	55	0	5637
21030	20	5	5260	31	0	5316
21031	14	4	5404	20	0	5442
21032	5461	7	58	11	0	5537
21033	48	5	27	5521	0	5601
21034	24	5597	13	47	0	5681
21035	19	42	4	5604	0	5669
21036	11	5666	8	52	0	5737
21037	5870	49	5	22	0	5946
21038	54	18	12	5919	0	6003
21039	25	12	5	6050	0	6092
21040	6124	9	9	72	0	6214
21041	67	7	7	6170	0	6251
21042	28	4	8	6286	0	6326
21043	6405	5	7	85	0	6502
21044	75	7	6453	34	0	6569
21045	34	4	64	6468	0	6570
21046	26	10	6483	77	0	6596
21047	6385	3	72	40	0	6500
21048	78	6	26	6554	0	6664
21049	6528	7	18	82	0	6635
21050	82	5	8	6588	0	6683
21051	24	5	6785	97	0	6911
21052	31	7	77	6915	0	7030
21053	7067	8	33	100	0	7208
21054	83	7103	14	38	0	7238
21055	46	78	7072	22	0	7218
21056	6814	27	79	21	0	6941
21057	86	7033	21	31	0	7171
21058	35	7009	21	15	0	7080
21059	33	7351	8	124	0	7516
21060	19	108	12	7928	0	8067
21061	8069	30	16	123	0	8238
21062	8430	14	11	46	0	8501
21063	169	9	8324	27	0	8529
21064	8230	5	133	26	0	8394
21065	148	8199	37	16	0	8400
21066	50	121	21	8315	0	8507
21067	8571	30	15	142	0	8758
21068	8682	15	8	48	0	8753
21069	8689	20	13	30	0	8752
21070	8613	12	18	26	0	8669
21071	8697	13	13	25	0	8748
21072	184	23	8	8534	0	8749
21073	80	18	8513	146	0	8757
21074	66	19	134	8616	0	8835
21075	65	9	30	8770	0	8874
21076	8628	14	13	169	0	8824
21077	166	8380	24	60	0	8630
21078	8531	133	16	47	0	8727
21079	8724	39	14	45	0	8822
21080	8987	21	17	55	0	9080
21081	8986	14	21	55	0	9076
21082	246	11	8664	34	0	8955
21083	8731	12	136	44	0	8923
21084	8940	19	39	41	0	9039
21085	7885	56	38	72	0	8051
21086	8925	13	19	38	0	8995
21087	256	13	16	8590	0	8875
21088	122	15	8452	163	0	8752
21089	8382	12	147	57	0	8598
21090	225	8527	36	48	0	8836
21091	115	142	38	8421	0	8716
21092	101	8662	25	156	0	8944
21093	87	139	31	8870	0	9127
21094	8942	43	22	185	0	9192
21095	9017	29	26	64	0	9136
21096	9039	25	31	44	0	9139
21097	240	27	8540	40	0	8847
21098	8566	21	140	35	0	8762
21099	232	33	8425	42	0	8732
21100	130	16	8344	41	0	8531
21101	107	30	8532	37	0	8706
21102	91	49	203	7986	0	8329
21103	105	18	69	8308	0	8500
21104	84	24	44	8319	0	8471
21105	80	17	29	8313	0	8439
21106	89	20	49	7982	0	8140
21107	80	14	32	8277	0	8403
21108	77	8260	47	186	0	8570
21109	8204	143	26	83	0	8456
21110	174	8299	40	62	0	8575
21111	83	142	32	8418	0	8675
21112	62	50	36	8568	0	8716
21113	8405	25	28	216	0	8674
21114	200	8329	26	97	0	8652
21115	8482	147	32	74	0	8735
21116	215	46	25	8437	0	8723
21117	104	43	34	8527	0	8708
21118	86	27	38	8534	0	8685
21119	76	38	8336	203	0	8653
21120	86	31	144	8292	0	8553
21121	67	40	8142	199	0	8448
21122	83	35	7822	96	0	8036
21123	85	26	8176	86	0	8373
21124	86	25	157	8181	0	8449
21125	73	24	61	8445	0	8603
21126	75	18	46	8588	0	8727
21127	8568	30	43	224	0	8865
21128	206	33	44	8851	0	9134
21129	9044	25	41	236	0	9346
21130	223	9046	50	113	0	9432
21131	9536	173	37	115	0	9861
21132	9943	51	32	116	0	10142
21133	283	10054	40	76	0	10453
21134	10117	184	26	86	0	10413
21135	10180	58	40	84	0	10362
21136	10433	28	44	77	0	10582
21137	10335	31	44	78	0	10488
21138	323	23	10018	76	0	10440
21139	137	9898	199	69	0	10303
21140	123	212	64	9760	0	10159
21141	9880	64	46	228	0	10218
21142	256	40	9813	107	0	10216
21143	135	9724	176	65	0	10100
21144	126	178	60	9382	0	9746
21145	110	9647	37	223	0	10017
21146	101	191	34	9722	0	10048
21147	98	77	29	9810	0	10014
21148	106	39	9732	234	0	10111
21149	99	38	9589	91	0	9817
21150	9172	41	231	83	0	9527
21151	234	38	9554	62	0	9888
21152	107	43	9465	48	0	9663
21153	90	56	215	9282	0	9643
21154	91	42	85	9251	0	9469
21155	73	9246	56	222	0	9597
21156	64	9919	54	99	0	10136
21157	79	228	10117	77	0	10501
21158	60	146	250	10471	0	10927
21159	65	46	10349	236	0	10696
21160	45	22	9692	81	0	9840
21161	35	9589	235	49	0	9908
21162	74	182	94	9240	0	9590
21163	9254	50	59	161	0	9524
21164	159	29	33	9340	0	9561
21165	9385	30	21	192	0	9628
21166	9417	14	26	81	0	9538
21167	9399	19	24	49	0	9491
21168	222	21	9216	38	0	9497
21169	9235	17	168	32	0	9452
21170	200	15	67	9411	0	9693
21171	9503	14	46	173	0	9736
21172	9553	8	33	66	0	9660
21173	211	9340	28	45	0	9624
21174	9393	159	28	40	0	9620
21175	201	54	9323	26	0	9604
21176	9183	26	155	37	0	9401
21177	9340	28	52	21	0	9441
21178	207	9251	37	33	0	9528
21179	9267	153	25	28	0	9473
21180	192	50	27	8889	0	9158
21181	86	25	23	8922	0	9056
21182	53	8858	22	199	0	9132
21183	54	144	24	8966	0	9188
21184	43	49	22	9086	0	9200
21185	42	30	8913	215	0	9200
21186	45	20	8785	78	0	8928
21187	8620	24	191	54	0	8889
21188	8987	14	68	37	0	9106
21189	224	13	40	8911	0	9188
21190	97	17	8833	174	0	9121
21191	65	8767	173	67	0	9072
21192	49	154	66	8703	0	8972
21193	40	53	8738	185	0	9016
21194	8463	37	166	87	0	8753
21195	192	19	57	8927	0	9195
21196	78	9075	43	194	0	9390
21197	62	171	37	9214	0	9484
21198	60	59	32	9394	0	9545
21199	48	31	32	9506	0	9617
21200	9318	29	31	251	0	9629
21201	217	17	20	9307	0	9561
21202	9324	28	23	240	0	9615
21203	9478	29	26	97	0	9630
21204	269	17	9243	69	0	9598
21205	102	9285	190	62	0	9639
21206	102	182	73	8654	0	9011
21207	57	9666	51	178	0	9952
21208	9874	223	33	88	0	10218
21209	250	75	33	9873	0	10231
21210	93	40	9758	250	0	10141
21211	77	34	9684	88	0	9883
21212	72	30	9785	65	0	9952
21213	9593	25	278	72	0	9968
21214	244	9759	102	39	0	10144
21215	9758	212	56	55	0	10081
21216	250	9835	53	54	0	10192
21217	123	244	39	9762	0	10168
21218	74	78	43	9734	0	9929
21219	63	9799	38	282	0	10182
21220	74	226	9806	109	0	10215
21221	44	9931	228	74	0	10277
21222	9819	238	78	66	0	10201
21223	247	105	40	9556	0	9948
21224	98	44	9370	247	0	9759
21225	66	57	9421	83	0	9627
21226	85	67	268	9222	0	9642
21227	59	28	9100	238	0	9425
21228	44	53	8727	83	0	8907
21229	8205	46	247	61	0	8559
21230	170	8285	85	65	0	8605
21231	7870	167	55	34	0	8126
21232	199	56	7727	38	0	8020
21233	84	7299	188	32	0	7603
21234	50	7536	86	33	0	7705
21235	81	255	93	7340	0	7769
21236	33	62	38	7546	0	7679
21237	28	52	27	7671	0	7778
21238	29	32	7491	257	0	7809
21239	27	39	180	7520	0	7766
21240	39	23	59	7721	0	7842
21241	7464	23	43	244	0	7774
21242	188	7347	31	101	0	7667
21243	77	177	32	7369	0	7655
21244	7339	64	25	229	0	7657
21245	7328	38	26	85	0	7477
21246	227	45	24	7223	0	7519
21247	93	22	7178	223	0	7516
21248	65	31	183	7213	0	7492
21249	47	22	7183	225	0	7477
21250	7186	17	204	101	0	7508
21251	7731	29	84	62	0	7906
21252	273	43	47	7832	0	8195
21253	97	23	7890	235	0	8245
21254	71	8284	224	91	0	8670
21255	45	244	8518	59	0	8866
21256	61	161	261	7681	0	8164
21257	30	7928	104	216	0	8278
21258	7368	208	29	61	0	7666
21259	221	60	21	7157	0	7459
21260	61	7257	17	194	0	7529
21261	7336	215	19	77	0	7647
21262	217	57	22	7252	0	7548
21263	59	7256	20	216	0	7551
21264	42	210	24	7260	0	7536
21265	28	52	7183	227	0	7490
21266	7034	37	200	80	0	7351
21267	7208	29	59	45	0	7341
21268	248	20	6951	47	0	7266
21269	74	6890	200	34	0	7198
21270	6961	204	64	29	0	7258
21271	215	60	30	6911	0	7216
21272	67	39	35	6997	0	7138
21273	49	24	21	7088	0	7182
21274	44	24	26	7100	0	7194
21275	35	27	19	7084	0	7165
21276	6819	22	22	283	0	7146
21277	7001	23	27	98	0	7149
21278	257	23	17	6856	0	7153
21279	89	19	13	7030	0	7151
21280	60	17	6734	276	0	7087
21281	33	27	6837	111	0	7008
21282	6668	22	246	72	0	7008
21283	238	19	70	6716	0	7043
21284	83	25	6634	234	0	6976
21285	61	14	206	6669	0	6950
21286	6643	24	67	252	0	6986
21287	6892	22	43	109	0	7066
21288	262	18	38	6716	0	7034
21289	102	17	30	6927	0	7076
21290	6815	20	29	280	0	7144
21291	245	11	20	6725	0	7001
21292	73	6727	32	259	0	7091
21293	73	217	25	6700	0	7015
21294	64	62	29	6768	0	6923
21295	54	32	6418	261	0	6765
21296	43	23	6280	110	0	6456
21297	39	6273	212	95	0	6619
21298	6084	196	84	73	0	6437
21299	6114	54	47	51	0	6266
21300	6166	20	34	66	0	6286
21301	236	5888	28	63	0	6215
21302	93	6161	30	63	0	6347
21303	5929	203	42	59	0	6233
21304	204	5985	31	76	0	6296
21305	85	199	5826	52	0	6162
21306	65	5813	169	83	0	6130
21307	69	189	5538	63	0	5859
21308	5243	70	182	67	0	5562
21309	5430	48	68	57	0	5603
21310	196	5317	43	58	0	5614
21311	5416	174	34	57	0	5681
21312	5849	65	34	63	0	6011
21313	5976	50	34	64	0	6124
21314	282	40	33	5801	0	6156
21315	5878	33	26	220	0	6157
21316	257	41	5643	93	0	6034
21317	5747	40	188	67	0	6042
21318	263	37	62	5742	0	6104
21319	116	41	5622	212	0	5991
21320	86	29	5723	93	0	5931
21321	69	37	223	5631	0	5960
21322	65	33	91	5808	0	5997
21323	5710	25	61	265	0	6061
21324	228	36	37	5697	0	5998
21325	109	36	5580	249	0	5974
21326	78	26	197	5558	0	5859
21327	67	5687	68	255	0	6077
21328	5794	180	51	115	0	6140
21329	225	64	32	5817	0	6138
21330	108	39	5683	241	0	6071
21331	81	5688	181	106	0	6056
21332	5518	161	80	74	0	5833
21333	211	66	55	5538	0	5870
21334	98	45	5462	195	0	5800
21335	78	5358	184	97	0	5717
21336	5279	175	102	74	0	5630
21337	5264	52	59	68	0	5443
21338	5370	31	36	55	0	5492
21339	241	24	29	5190	0	5484
21340	113	26	30	5323	0	5492
21341	5169	13	22	244	0	5448
21342	207	5103	27	110	0	5447
21343	5164	151	26	82	0	5423
21344	213	53	22	5124	0	5412
21345	5238	36	19	213	0	5506
21346	202	24	31	5221	0	5478
21347	93	23	35	5281	0	5432
21348	72	31	22	5314	0	5439
21349	75	26	31	5313	0	5445
21350	55	28	4918	228	0	5229
21351	46	22	4619	94	0	4781
21352	4137	25	117	60	0	4339
21353	124	11	4249	36	0	4420
21354	36	8	3599	18	0	3661
21355	3312	12	114	19	0	3457
21356	3368	5	53	12	0	3438
21357	83	5	26	3587	0	3701
21358	3659	3	14	65	0	3741
21359	75	3766	8	24	0	3873
21360	3854	48	5	26	0	3933
21361	3864	18	8	11	0	3901
21362	4014	14	6	18	0	4052
21363	91	11	6	3970	0	4078
21364	41	3904	8	58	0	4011
21365	28	3991	7	23	0	4049
21366	4008	59	10	21	0	4098
21367	4036	28	5	16	0	4085
21368	75	17	4	3976	0	4072
21369	40	11	6	3958	0	4015
21370	28	3926	7	65	0	4026
21371	3913	51	9	35	0	4008
21372	66	21	3960	21	0	4068
21373	34	19	47	3921	0	4021
21374	28	9	19	3976	0	4032
21375	15	6	3969	69	0	4059
21376	15	8	46	3901	0	3970
21377	11	3292	36	67	0	3406
21378	14	45	15	4037	0	4111
21379	13	22	8	3967	0	4010
21380	15	3767	11	65	0	3858
21381	12	3983	9	37	0	4041
21382	21	60	8	4017	0	4106
21383	4029	31	10	62	0	4132
21384	52	19	3	4041	0	4115
21385	25	6	7	4093	0	4131
21386	19	4173	11	72	0	4275
21387	17	41	6	4305	0	4369
21388	9	20	6	4298	0	4333
21389	15	12	5	4308	0	4340
21390	4183	7	5	87	0	4282
21391	53	6	9	4263	0	4331
21392	27	9	7	4241	0	4284
21393	25	1	4	4280	0	4310
21394	15	5	4164	83	0	4267
21395	3924	1	47	47	0	4019
21396	50	4159	26	29	0	4264
21397	4231	42	18	18	0	4309
21398	66	19	6	4222	0	4313
21399	36	17	4152	49	0	4254
21400	3939	10	43	31	0	4023
21401	59	8	4749	28	0	4844
21402	37	13	44	4663	0	4757
21403	4859	5	28	50	0	4942
21404	4825	2	16	25	0	4868
21405	5048	4	7	37	0	5096
21406	76	4	2	5069	0	5151
21407	42	12	4	5156	0	5214
21408	30	13	3	5187	0	5233
21409	20	4991	5	73	0	5089
21410	13	4955	8	43	0	5019
21411	12	4917	6	35	0	4970
21412	6	4719	3	11	0	4739
21413	16	18	10	4798	0	4842
21414	8	3	4	4846	0	4861
21415	4845	1	7	18	0	4871
21416	4781	0	1	13	0	4795
21417	4908	3	2	20	0	4933
21418	15	2	4	4948	0	4969
21419	7	1	2	5009	0	5019
21420	4962	5	1	21	0	4989
21421	4883	2	0	15	0	4900
21422	12	5	4881	9	0	4907
21423	17	11	4670	12	0	4710
21424	3	7	4831	10	0	4851
21425	3	3	5099	8	0	5113
21426	9	4	12	5113	0	5138
21427	5110	5	3	22	0	5140
21428	11	5051	4	13	0	5079
21429	8	12	3	5222	0	5245
21430	9	5	5298	19	0	5331
21431	6	5434	11	16	0	5467
21432	3	10	3	5647	0	5663
21433	8	3	5627	16	0	5654
21434	4	2	12	5559	0	5577
21435	6	2	5	5682	0	5695
21436	5776	3	4	21	0	5804
21437	15	2	5	5792	0	5814
21438	9	3	5817	17	0	5846
21439	4	5	13	5752	0	5774
21440	5	6177	6	18	0	6206
21441	6	9	5	6510	0	6530
21442	3	6	4	6554	0	6567
21443	8	2	8	6517	0	6535
21444	6661	2	6	26	0	6695
21445	6661	1	1	25	0	6688
21446	6786	0	1	16	0	6803
21447	6822	1	1	8	0	6832
21448	24	1	6757	6	0	6788
21449	6608	1	12	14	0	6635
21450	6858	1	4	11	0	6874
21451	14	2	6725	4	0	6745
21452	7	3	6909	3	0	6922
21453	4	14	13	6973	0	7004
21454	1	7096	8	13	0	7118
21455	7311	9	4	15	0	7339
21456	7486	4	1	9	0	7500
21457	7473	2	0	20	0	7495
21458	17	0	3	7450	0	7470
21459	7	7711	2	11	0	7731
21460	8084	9	0	25	0	8118
21461	8252	3	0	17	0	8272
21462	16	2	2	8171	0	8191
21463	9	1	8041	13	0	8064
21464	7995	0	13	15	0	8023
21465	16	0	5	8309	0	8330
21466	8427	3	2	18	0	8450
21467	15	0	1	8555	0	8571
21468	8	4	8536	14	0	8562
21469	8856	0	11	32	0	8899
21470	14	1	5	9133	0	9153
21471	12	1	2	9120	0	9135
21472	6	2	0	9139	0	9147
21473	5	1	1	9105	0	9112
21474	9259	0	2	25	0	9286
21475	14	2	0	9229	0	9245
21476	9	9203	0	13	0	9225
21477	5	11	2	9420	0	9438
21478	3	9416	2	17	0	9438
21479	3	14	2	9644	0	9663
21480	6	7	1	9703	0	9717
21481	1	9574	1	15	0	9591
21482	2	11	1	9770	0	9784
21483	6	6	1	9667	0	9680
21484	9720	4	1	24	0	9749
21485	15	1	9875	10	0	9901
21486	10	0	19	9974	0	10003
21487	10122	2	7	30	0	10161
21488	10167	0	3	17	0	10187
21489	10237	0	0	19	0	10256
21490	56	3	10384	4	0	10447
21491	20	3	10693	7	0	10723
21492	17	28	61	11052	0	11158
21493	11268	5	32	61	0	11366
21494	56	3	11130	16	0	11205
21495	10805	4	56	27	0	10892
21496	65	11336	24	3	0	11428
21497	22	50	17	12048	0	12137
21498	24	14	8	12353	0	12399
21499	12542	10	14	80	0	12646
21500	65	7	9	12675	0	12756
21501	12307	10	3	86	0	12406
21502	12519	7	5	47	0	12578
21503	84	3	1	12453	0	12541
21504	38	4	2	12522	0	12566
21505	12505	1	6	102	0	12614
21506	71	4	12977	40	0	13092
21507	12934	0	60	49	0	13043
21508	87	3	13674	22	0	13786
21509	13770	2	67	35	0	13874
21510	14640	1	21	49	0	14711
21511	14458	6	21	21	0	14506
21512	14370	3	13	14	0	14400
21513	95	14513	13	12	0	14633
21514	14978	59	12	43	0	15092
21515	15075	13	4	18	0	15110
21516	91	15905	9	16	0	16021
21517	16166	59	2	35	0	16262
21518	90	23	15990	9	0	16112
21519	15806	20	57	24	0	15907
21520	102	22	16207	9	0	16340
21521	37	13	75	16316	0	16441
21522	36	8	25	16445	0	16514
21523	31	7	16415	86	0	16539
21524	34	4	79	16358	0	16475
21525	232	118	303	10499	0	11152
21526	17144	3	32	135	0	17314
21527	106	7	9	17283	0	17405
21528	34	5	22	17250	0	17311
21529	34	8	9	17343	0	17394
21530	28	16978	11	137	0	17154
21531	30	88	9	17140	0	17267
21532	17206	18	7	130	0	17361
21533	121	17	17244	50	0	17432
21534	45	10	109	17492	0	17656
21535	31	18	17466	141	0	17656
21536	17127	10	125	56	0	17318
21537	142	5	31	18155	0	18333
21538	59	13	21087	149	0	21308
21539	36	11	326	21318	0	21691
21540	39	12	169	21241	0	21461
21541	31	21314	132	498	0	21975
21542	34	310	73	22114	0	22531
21543	21	155	41	23220	0	23437
21544	32	132	22827	634	0	23625
21545	32	66	377	22914	0	23389
21546	33	37	178	23390	0	23638
21547	22666	25	127	685	0	23503
21548	22675	24	86	384	0	23169
21549	516	22623	67	292	0	23498
21550	23125	379	59	215	0	23778
21551	23240	182	66	178	0	23666
21552	658	23671	64	166	0	24559
21553	371	464	65	23765	0	24665
21554	23983	210	34	535	0	24762
21555	24058	152	41	309	0	24560
21556	23716	126	32	227	0	24101
21557	748	23024	54	183	0	24009
21558	462	432	23434	156	0	24484
21559	23626	201	408	149	0	24384
21560	24079	198	178	142	0	24597
21561	737	23912	139	138	0	24926
21562	24267	507	95	163	0	25032
21563	24898	243	75	109	0	25325
21564	881	198	65	24324	0	25468
21565	502	162	24496	574	0	25734
21566	388	94	525	24914	0	25921
21567	344	73	235	25160	0	25812
21568	256	107	151	25485	0	25999
21569	223	107	24497	868	0	25695
21570	246	73	545	23739	0	24603
21571	225	76	240	24937	0	25478
21572	176	64	185	25216	0	25641
21573	160	69	142	25170	0	25541
21574	169	62	96	25214	0	25541
21575	167	24390	79	1174	0	25810
21576	142	526	79	25160	0	25907
21577	123	230	112	26033	0	26498
21578	119	150	25103	1024	0	26396
21579	138	109	537	26873	0	27657
21580	105	92	246	27587	0	28030
21581	125	64	179	28879	0	29247
21582	125	76	149	29459	0	29809
21583	28766	79	109	1408	0	30362
21584	751	73	98	29650	0	30572
21585	361	83	74	29901	0	30419
21586	261	98	28277	1353	0	29989
21587	212	27034	685	813	0	28744
21588	146	28659	314	653	0	29772
21589	27982	828	267	543	0	29620
21590	716	28096	212	476	0	29500
21591	370	822	118	27709	0	29019
21592	27427	383	91	1051	0	28952
21593	813	262	27349	657	0	29081
21594	396	233	688	27671	0	28988
21595	289	27649	342	1009	0	29289
21596	262	762	202	27588	0	28814
21597	154	27592	187	1137	0	29070
21598	189	860	116	27899	0	29064
21599	27446	457	88	1170	0	29161
21600	851	300	27932	674	0	29757
21601	465	251	771	27240	0	28727
21602	316	28112	371	1056	0	29855
21603	28066	873	253	636	0	29828
21604	937	416	27795	539	0	29687
21605	459	327	816	27797	0	29399
21606	361	278	27049	1081	0	28769
21607	365	175	948	27000	0	28488
21608	281	163	26560	1185	0	28189
21609	213	191	1009	26198	0	27611
21610	200	169	520	26611	0	27500
21611	25615	152	343	1402	0	27512
21612	26228	160	277	800	0	27465
21613	1161	153	218	25358	0	26890
21614	603	25209	192	1151	0	27155
21615	435	816	196	25762	0	27209
21616	311	390	175	25550	0	26426
21617	24076	243	179	1497	0	25995
21618	898	24117	154	922	0	26091
21619	24237	854	167	706	0	25964
21620	24356	432	128	603	0	25519
21621	1181	23137	143	553	0	25014
21622	593	24588	119	579	0	25879
21623	24039	1042	165	578	0	25824
21624	1070	499	23367	631	0	25567
21625	23514	364	839	602	0	25319
21626	23817	327	353	553	0	25050
21627	1323	23123	267	508	0	25221
21628	762	891	227	21638	0	23518
21629	531	23303	215	1076	0	25125
21630	23169	1015	225	688	0	25097
21631	23751	568	243	536	0	25098
21632	1261	439	210	23001	0	24911
21633	746	463	172	23490	0	24871
21634	22212	371	136	1344	0	24063
21635	1077	22116	120	890	0	24203
21636	676	21951	142	691	0	23460
21637	554	21784	165	592	0	23095
21638	319	18235	120	386	0	19060
21639	258	18597	140	404	0	19399
21640	328	969	186	17786	0	19269
21641	217	422	17128	822	0	18589
21642	233	17290	508	456	0	18487
21643	16254	695	190	311	0	17450
21644	649	329	159	16169	0	17306
21645	16112	257	128	680	0	17177
21646	650	16107	147	359	0	17263
21647	16233	611	171	265	0	17280
21648	655	16339	164	259	0	17417
21649	385	630	184	16355	0	17554
21650	16351	278	173	645	0	17447
21651	16798	205	186	407	0	17596
21652	720	191	159	16518	0	17588
21653	377	178	154	16618	0	17327
21654	289	16132	121	845	0	17387
21655	307	568	84	16421	0	17380
21656	294	254	76	16765	0	17389
21657	317	320	63	16448	0	17148
21658	262	15677	71	857	0	16867
21659	14836	522	62	522	0	15942
21660	562	15073	64	369	0	16068
21661	14702	579	58	311	0	15650
21662	604	14729	65	285	0	15683
21663	423	599	14239	237	0	15498
21664	328	353	443	14153	0	15277
21665	275	285	13836	540	0	14936
21666	287	245	13861	249	0	14642
21667	277	264	566	13622	0	14729
21668	271	196	13752	562	0	14781
21669	322	160	554	13591	0	14627
21670	303	168	263	13844	0	14578
21671	260	176	190	14175	0	14801
21672	13761	187	169	722	0	14839
21673	595	187	119	13854	0	14755
21674	347	180	94	14070	0	14691
21675	13289	147	65	768	0	14269
21676	608	13092	51	485	0	14236
21677	377	12609	42	374	0	13402
21678	329	12834	43	297	0	13503
21679	261	933	48	10576	0	11818
21680	181	200	10593	440	0	11414
21681	9028	230	339	217	0	9814
21682	317	9288	76	142	0	9823
21683	8683	292	56	97	0	9128
21684	8774	135	39	61	0	9009
21685	8845	105	27	59	0	9036
21686	316	108	8735	59	0	9218
21687	168	120	194	8777	0	9259
21688	153	87	66	9007	0	9313
21689	140	72	66	9056	0	9334
21690	131	58	62	8873	0	9124
21691	132	8612	33	296	0	9073
21692	8784	229	29	130	0	9172
21693	248	94	8358	106	0	8806
21694	7970	80	155	109	0	8314
21695	258	176	58	7619	0	8111
21696	122	7448	31	216	0	7817
21697	94	7702	22	112	0	7930
21698	125	490	36	6867	0	7518
21699	74	7057	26	209	0	7366
21700	6172	107	28	56	0	6363
21701	92	37	6000	49	0	6178
21702	36	41	72	5707	0	5856
21703	24	17	17	5837	0	5895
21704	21	12	11	5896	0	5940
21705	14	15	12	5842	0	5883
21706	5855	17	8	91	0	5971
21707	70	5962	10	47	0	6089
21708	6424	79	10	26	0	6539
21709	107	28	6	6613	0	6754
21710	42	15	10	6928	0	6995
21711	22	7126	21	154	0	7323
21712	7392	122	15	54	0	7583
21713	7635	39	10	48	0	7732
21714	173	7480	7	48	0	7708
21715	56	141	10	7202	0	7409
21716	40	7424	8	133	0	7605
21717	7403	158	15	43	0	7619
21718	157	48	7429	30	0	7664
21719	56	35	7259	25	0	7375
21720	7001	25	152	36	0	7214
21721	138	7246	52	26	0	7462
21722	66	135	24	7245	0	7470
21723	30	51	21	7357	0	7459
21724	24	31	7313	184	0	7552
21725	27	28	133	7271	0	7459
21726	34	23	45	7390	0	7492
21727	16	7250	31	185	0	7482
21728	20	130	23	7327	0	7500
21729	20	52	21	7335	0	7428
21730	7115	31	10	201	0	7357
21731	132	6990	8	93	0	7223
21732	44	7154	13	53	0	7264
21733	26	157	19	7109	0	7311
21734	28	48	7	7270	0	7353
21735	25	46	6	7209	0	7286
21736	17	7084	11	194	0	7306
21737	16	139	8	7203	0	7366
21738	29	46	8	7200	0	7283
21739	17	38	10	7236	0	7301
21740	18	30	8	7162	0	7218
21741	16	6940	7	202	0	7165
21742	22	7352	8	93	0	7475
21743	7222	168	8	76	0	7474
21744	7317	60	9	57	0	7443
21745	189	45	7	7240	0	7481
21746	60	36	7209	168	0	7473
21747	37	22	139	7197	0	7395
21748	26	26	43	7153	0	7248
21749	6953	18	20	200	0	7191
21750	141	7067	16	83	0	7307
21751	51	148	15	7012	0	7226
21752	46	45	11	7162	0	7264
21753	29	35	6918	208	0	7190
21754	26	31	6992	91	0	7140
21755	26	26	166	6946	0	7164
21756	17	30	60	6968	0	7075
21757	25	6820	26	204	0	7075
21758	18	7009	29	82	0	7138
21759	6884	164	24	64	0	7136
21760	157	76	12	6975	0	7220
21761	49	40	6900	159	0	7148
21762	31	6782	127	72	0	7012
21763	32	134	58	6909	0	7133
21764	6889	49	25	160	0	7123
21765	120	32	10	6949	0	7111
21766	6825	34	13	174	0	7046
21767	135	6898	13	72	0	7118
21768	6789	130	10	66	0	6995
21769	150	54	12	6894	0	7110
21770	67	34	7158	160	0	7419
21771	35	41	146	7079	0	7301
21772	34	7422	48	177	0	7681
21773	37	167	24	7467	0	7695
21774	26	7740	24	202	0	7992
21775	21	195	19	8024	0	8259
21776	21	79	7785	237	0	8122
21777	22	38	7691	123	0	7874
21778	19	41	7830	81	0	7971
21779	7662	33	241	76	0	8012
21780	182	7690	86	57	0	8015
21781	73	7941	52	42	0	8108
21782	7683	243	36	51	0	8013
21783	7798	95	26	55	0	7974
21784	237	53	25	7661	0	7976
21785	85	52	7616	213	0	7966
21786	70	37	7381	75	0	7563
21787	52	28	236	7345	0	7661
21788	7336	24	75	237	0	7672
21789	195	7363	49	94	0	7701
21790	61	202	36	7449	0	7748
21791	7347	56	33	241	0	7677
21792	7491	50	22	117	0	7680
21793	237	38	7299	81	0	7655
21794	7172	38	184	72	0	7466
21795	228	32	7365	68	0	7693
21796	103	22	7525	55	0	7705
21797	65	38	237	7260	0	7600
21798	45	22	97	7439	0	7603
21799	49	32	60	7520	0	7661
21800	39	32	7282	283	0	7636
21801	7256	33	194	124	0	7607
21802	206	36	59	7504	0	7805
21803	7351	23	53	254	0	7681
21804	7439	31	46	109	0	7625
21805	241	7382	39	94	0	7756
21806	103	7516	33	91	0	7743
21807	58	7530	37	71	0	7696
21808	78	273	44	6772	0	7167
21809	43	78	6725	181	0	7027
21810	47	268	138	6101	0	6554
21811	40	6150	51	165	0	6406
21812	35	6054	40	62	0	6191
21813	29	157	28	5876	0	6090
21814	5748	60	24	133	0	5965
21815	121	5675	18	55	0	5869
21816	42	5693	19	46	0	5800
21817	5724	130	28	53	0	5935
21818	130	48	24	5709	0	5911
21819	45	39	16	5766	0	5866
21820	37	29	15	5874	0	5955
21821	5639	16	13	174	0	5842
21822	5728	18	13	73	0	5832
21823	159	17	14	5665	0	5855
21824	67	19	5490	131	0	5707
21825	5501	15	126	49	0	5691
21826	140	8	44	5563	0	5755
21827	53	13	5450	143	0	5659
21828	31	15	5445	55	0	5546
21829	43	24	140	5509	0	5716
21830	27	16	5744	157	0	5944
21831	22	13	146	6084	0	6265
21832	40	16	66	6081	0	6203
21833	34	13	37	6649	0	6733
21834	6524	16	27	229	0	6796
21835	167	23	20	6570	0	6780
21836	62	28	18	6706	0	6814
21837	40	32	26	6707	0	6805
21838	46	27	23	6713	0	6809
21839	28	33	6414	238	0	6713
21840	26	6421	144	106	0	6697
21841	30	141	49	6273	0	6493
21842	25	63	29	6153	0	6270
21843	29	5950	30	179	0	6188
21844	23	6243	25	82	0	6373
21845	6126	159	24	77	0	6386
21846	146	6009	22	59	0	6236
21847	47	158	22	5979	0	6206
21848	47	62	6077	165	0	6351
21849	5898	42	125	61	0	6126
21850	155	33	5882	61	0	6131
21851	5869	19	142	66	0	6096
21852	6014	13	50	47	0	6124
21853	183	15	6020	47	0	6265
21854	82	11	155	5782	0	6030
21855	61	5937	51	165	0	6214
21856	43	130	50	6328	0	6551
21857	6511	29	44	180	0	6764
21858	6784	27	21	88	0	6920
21859	177	6681	39	70	0	6967
21860	6724	143	35	67	0	6969
21861	188	42	31	6571	0	6832
21862	6566	30	24	193	0	6813
21863	6696	23	28	89	0	6836
21864	205	20	17	6587	0	6829
21865	6560	26	16	188	0	6790
21866	6408	27	15	88	0	6538
21867	185	25	6346	83	0	6639
21868	6290	20	137	73	0	6520
21869	191	22	6241	63	0	6517
21870	71	17	5931	55	0	6074
21871	50	6060	151	47	0	6308
21872	67	128	64	5593	0	5852
21873	31	31	5783	116	0	5961
21874	35	21	5567	51	0	5674
21875	5557	38	115	40	0	5750
21876	88	18	49	5617	0	5772
21877	35	20	31	5755	0	5841
21878	30	16	17	5811	0	5874
21879	22	9	18	5848	0	5897
21880	24	19	19	5868	0	5930
21881	31	17	5768	125	0	5941
21882	31	10	5745	56	0	5842
21883	23	12	94	5839	0	5968
21884	5771	15	42	111	0	5939
21885	89	5738	30	53	0	5910
21886	44	81	14	5753	0	5892
21887	5722	24	15	105	0	5866
21888	97	5732	21	48	0	5898
21889	52	92	19	5752	0	5915
21890	52	30	18	5813	0	5913
21891	34	25	14	5820	0	5893
21892	5705	21	18	133	0	5877
21893	99	10	5609	72	0	5790
21894	5657	10	88	47	0	5802
21895	110	13	39	5717	0	5879
21896	48	11	34	5596	0	5689
21897	47	5587	20	121	0	5775
21898	33	74	5523	62	0	5692
21899	5549	22	91	64	0	5726
21900	5718	17	35	53	0	5823
21901	109	18	5712	55	0	5894
21902	5539	9	90	41	0	5679
21903	106	5718	43	39	0	5906
21904	40	5843	33	48	0	5964
21905	39	5856	30	34	0	5959
21906	5681	109	25	34	0	5849
21907	94	49	5730	29	0	5902
21908	49	76	76	5532	0	5733
21909	30	5522	25	95	0	5672
21910	26	5573	29	42	0	5670
21911	26	5622	25	37	0	5710
21912	65	142	26	4663	0	4896
21913	5440	41	19	87	0	5587
21914	86	5505	16	50	0	5657
21915	44	78	14	5553	0	5689
21916	29	33	15	5631	0	5708
21917	5511	27	13	115	0	5666
21918	76	21	22	5516	0	5635
21919	52	14	12	5617	0	5695
21920	34	24	5558	114	0	5730
21921	39	19	70	5548	0	5676
21922	29	14	30	5712	0	5785
21923	5668	8	16	122	0	5814
21924	5667	14	14	63	0	5758
21925	111	14	14	5696	0	5835
21926	5492	16	16	106	0	5630
21927	5691	12	13	54	0	5770
21928	113	5651	22	43	0	5829
21929	67	70	5616	27	0	5780
21930	46	5431	87	16	0	5580
21931	84	164	59	4945	0	5252
21932	4748	34	47	53	0	4882
21933	40	4730	8	22	0	4800
21934	27	41	6	4741	0	4815
21935	4713	25	12	43	0	4793
21936	4707	10	14	22	0	4753
21937	46	10	9	4716	0	4781
21938	23	7	4812	54	0	4896
21939	19	12	32	4863	0	4926
21940	8	11	14	4947	0	4980
21941	11	6	4930	67	0	5014
21942	20	7	34	4888	0	4949
21943	11	6	21	4922	0	4960
21944	5084	8	14	72	0	5178
21945	42	6	18	5159	0	5225
21946	24	7	6	5198	0	5235
21947	5143	8	4	68	0	5223
21948	5083	6	8	32	0	5129
21949	5106	10	2	26	0	5144
21950	60	7	5054	27	0	5148
21951	27	28	41	4996	0	5092
21952	18	5219	17	50	0	5304
21953	22	57	6	5470	0	5555
21954	22	14	5594	55	0	5685
21955	35	33	47	5263	0	5378
21956	15	13	5376	61	0	5465
21957	4980	23	73	23	0	5099
21958	5015	8	15	13	0	5051
21959	38	3	5	5124	0	5170
21960	21	3	4	5084	0	5112
21961	12	1	1	5081	0	5095
21962	8	5125	5	46	0	5184
21963	5181	28	5	23	0	5237
21964	5249	13	1	19	0	5282
21965	42	6	1	5211	0	5260
21966	19	3	5	5216	0	5243
21967	8	6	2	5250	0	5266
21968	4	5	4	5242	0	5255
21969	13	3	5170	44	0	5230
21970	12	1	30	5170	0	5213
21971	5077	3	15	50	0	5145
21972	5082	2	2	24	0	5110
21973	46	5	6	4930	0	4987
21974	19	4	4812	38	0	4873
21975	4634	4	34	25	0	4697
21976	41	13	10	4796	0	4860
21977	21	4680	8	44	0	4753
21978	8	4804	3	27	0	4842
21979	4865	39	11	21	0	4936
21980	39	16	3	4965	0	5023
21981	19	7	5	5042	0	5073
21982	13	1	1	5257	0	5272
21983	10	3	1	5321	0	5335
21984	4	5	4	5560	0	5573
21985	4	5	5538	86	0	5633
21986	8	0	5457	28	0	5493
21987	10	4	5531	14	0	5559
21988	11	0	80	5508	0	5599
21989	8	1	5609	76	0	5694
21990	9	2	77	5579	0	5667
21991	9	1	22	5633	0	5665
21992	5	2	11	5832	0	5850
21993	5917	0	11	107	0	6035
21994	82	2	12	5930	0	6026
21995	23	3	13	6069	0	6108
21996	6004	2	14	103	0	6123
21997	83	6017	14	34	0	6148
21998	20	6255	9	30	0	6314
21999	6245	104	11	34	0	6394
22000	93	6339	4	31	0	6467
22001	6271	98	11	34	0	6414
22002	6369	22	10	19	0	6420
22003	6319	11	2	19	0	6351
22004	6198	6	1	23	0	6228
22005	6264	7	3	25	0	6299
22006	130	6164	4	27	0	6325
22007	6146	102	5	21	0	6274
22008	6261	25	8	15	0	6309
22009	133	6266	8	16	0	6423
22010	6589	104	7	14	0	6714
22011	6761	30	3	23	0	6817
22012	7183	15	7	16	0	7221
22013	7457	10	4	24	0	7495
22014	231	10	7772	20	0	8033
22015	95	9	192	8290	0	8586
22016	54	12	44	8613	0	8723
22017	42	14	8387	268	0	8711
22018	36	14	8361	84	0	8495
22019	8307	15	259	53	0	8634
22020	244	12	80	8498	0	8834
22021	88	11	8544	232	0	8875
22022	65	11	8474	69	0	8619
22023	8395	12	277	42	0	8726
22024	8703	6	83	43	0	8835
22025	8731	4	58	37	0	8830
22026	305	5	8562	35	0	8907
22027	115	5	242	8542	0	8904
22028	82	8	8617	238	0	8945
22029	8545	14	251	81	0	8891
22030	261	8	8815	51	0	9135
22031	93	19	270	8673	0	9055
22032	75	13	88	8856	0	9032
22033	55	8895	68	268	0	9286
22034	9070	229	44	109	0	9452
22035	296	60	9090	68	0	9514
22036	9106	35	279	59	0	9479
22037	318	18	9345	44	0	9725
22038	124	16	304	9070	0	9514
22039	88	4	112	9315	0	9519
22040	62	12	81	9398	0	9553
22041	9114	8	55	371	0	9548
22042	306	18	54	8992	0	9370
22043	117	14	34	9269	0	9434
22044	97	8852	39	358	0	9346
22045	77	251	42	8998	0	9368
22046	8822	69	48	326	0	9265
22047	305	48	8792	126	0	9271
22048	131	23	271	8706	0	9131
22049	95	28	8666	305	0	9094
22050	85	8427	298	132	0	8942
22051	66	238	8620	106	0	9030
22052	8286	97	319	115	0	8817
22053	8472	43	120	80	0	8715
22054	335	28	100	8131	0	8594
22055	8211	19	61	305	0	8596
22056	8354	11	67	127	0	8559
22057	362	16	74	8187	0	8639
22058	151	21	79	8426	0	8677
22059	119	14	8076	361	0	8570
22060	98	7989	275	145	0	8507
22061	8016	234	135	104	0	8489
22062	307	7876	92	85	0	8360
22063	134	267	77	7897	0	8375
22064	125	84	51	8045	0	8305
22065	110	54	67	8064	0	8295
22066	98	33	60	8093	0	8284
22067	75	19	7741	410	0	8245
22068	7600	20	290	185	0	8095
22069	8000	29	116	117	0	8262
22070	358	31	99	7796	0	8284
22071	7830	27	67	319	0	8243
22072	340	46	62	7916	0	8364
22073	155	33	7843	346	0	8377
22074	126	37	274	7802	0	8239
22075	106	7783	107	351	0	8347
22076	94	225	83	7756	0	8158
22077	91	7830	79	337	0	8337
22078	88	262	62	7685	0	8097
22079	65	7793	53	355	0	8266
22080	7597	275	58	170	0	8100
22081	299	98	7568	145	0	8110
22082	134	7162	252	124	0	7672
22083	102	7420	109	124	0	7755
22084	118	270	135	7031	0	7554
22085	94	95	64	7084	0	7337
22086	62	58	78	7108	0	7306
22087	78	44	57	7160	0	7339
22088	78	6877	70	351	0	7376
22089	82	222	50	6969	0	7323
22090	89	82	57	7086	0	7314
22091	6784	64	61	339	0	7248
22092	267	43	46	6953	0	7309
22093	125	45	6724	314	0	7208
22094	108	31	6663	165	0	6967
22095	6389	48	251	139	0	6827
22096	233	6465	109	128	0	6935
22097	96	6585	61	118	0	6860
22098	103	237	60	6324	0	6724
22099	56	109	36	6471	0	6672
22100	64	72	6175	287	0	6598
22101	6041	58	191	160	0	6450
22102	6306	43	70	139	0	6558
22103	238	41	6403	127	0	6809
22104	106	43	6316	120	0	6585
22105	6334	25	224	134	0	6717
22106	6688	28	103	112	0	6931
22107	6706	25	80	99	0	6910
22108	6643	26	52	86	0	6807
22109	296	6296	41	97	0	6730
22110	6086	187	47	84	0	6404
22111	232	58	5803	90	0	6183
22112	102	46	5473	62	0	5683
22113	72	35	5451	68	0	5626
22114	115	362	211	4244	0	4932
22115	4218	5	87	62	0	4372
22116	4237	12	11	34	0	4294
22117	67	5	16	4208	0	4296
22118	31	14	24	4054	0	4123
22119	28	12	17	4244	0	4301
22120	25	4350	11	71	0	4457
22121	4402	40	9	44	0	4495
22122	4414	33	7	33	0	4487
22123	4457	19	12	27	0	4515
22124	4452	4	3	34	0	4493
22125	4435	8	15	30	0	4488
22126	71	8	15	4313	0	4407
22127	36	4262	14	58	0	4370
22128	40	45	3	4184	0	4272
22129	26	37	8	4175	0	4246
22130	4091	11	2	74	0	4178
22131	59	7	3994	39	0	4099
22132	22	3	3791	23	0	3839
22133	13	5	3877	16	0	3911
22134	3970	4	42	14	0	4030
22135	4075	4	47	10	0	4136
22136	27	8	3	4213	0	4251
22137	10	1	1	4165	0	4177
22138	3	2	3	4296	0	4304
22139	2	1	4350	37	0	4390
22140	4	0	28	4247	0	4279
22141	6	4	4552	29	0	4591
22142	5	7	30	4522	0	4564
22143	4	2	7	4566	0	4579
22144	6	2	3	4706	0	4717
22145	4674	2	3	41	0	4720
22146	4721	2	5	21	0	4749
22147	42	3	4678	11	0	4734
22148	4614	4	30	9	0	4657
22149	4730	3	5	11	0	4749
22150	36	2	7	4727	0	4772
22151	4796	0	5	43	0	4844
22152	35	0	2	4860	0	4897
22153	13	0	5	4912	0	4930
22154	6	1	4854	45	0	4906
22155	4658	1	32	21	0	4712
22156	38	0	16	4879	0	4933
22157	8	0	4936	45	0	4989
22158	11	1	4973	15	0	5000
22159	6	1	34	4954	0	4995
22160	12	0	15	5037	0	5064
22161	5106	0	14	49	0	5169
22162	42	0	10	5161	0	5213
22163	12	0	4	5167	0	5183
22164	15	0	14	5243	0	5272
22165	7	0	12	5590	0	5609
22166	5800	0	9	74	0	5883
22167	5857	1	8	42	0	5908
22168	6112	0	5	35	0	6152
22169	6226	0	9	27	0	6262
22170	105	1	7	6481	0	6594
22171	6628	0	5	118	0	6751
22172	121	0	11	6602	0	6734
22173	6694	2	12	120	0	6828
22174	138	0	9	6682	0	6829
22175	45	0	7	6670	0	6722
22176	40	6647	6	146	0	6839
22177	21	105	8	6676	0	6810
22178	6621	14	7	148	0	6790
22179	6631	13	6	49	0	6699
22180	145	9	6612	43	0	6809
22181	46	6675	113	44	0	6878
22182	6717	108	31	35	0	6891
22183	133	6885	19	29	0	7066
22184	6928	122	14	33	0	7097
22185	153	7334	13	27	0	7527
22186	57	126	7489	23	0	7695
22187	39	7489	117	34	0	7679
22188	36	7674	21	36	0	7767
22189	30	128	15	7865	0	8038
22190	8028	40	8	157	0	8233
22191	134	23	7	8112	0	8276
22192	55	21	8	8133	0	8217
22193	8036	13	15	174	0	8238
22194	8311	16	4	76	0	8407
22195	163	16	9	8301	0	8489
22196	73	7	12	8369	0	8461
22197	59	13	10	8381	0	8463
22198	8233	13	6	200	0	8452
22199	156	16	8253	73	0	8498
22200	67	20	117	8277	0	8481
22201	47	19	8388	157	0	8611
22202	28	8277	124	78	0	8507
22203	37	129	8134	53	0	8353
22204	40	47	132	8100	0	8319
22205	46	31	8102	150	0	8329
22206	7930	25	142	63	0	8160
22207	151	18	44	8131	0	8344
22208	54	8327	30	155	0	8566
22209	63	136	20	8378	0	8597
22210	45	8288	20	171	0	8524
22211	42	8345	19	76	0	8482
22212	39	8390	21	56	0	8506
22213	50	153	14	7967	0	8184
22214	37	8125	16	147	0	8325
22215	8107	151	14	72	0	8344
22216	147	52	7973	76	0	8248
22217	68	41	7808	60	0	7977
22218	57	35	8084	55	0	8231
22219	46	25	156	8150	0	8377
22220	44	30	58	7973	0	8105
22221	57	25	35	7986	0	8103
22222	59	17	34	8051	0	8161
22223	65	28	36	7826	0	7955
22224	47	8032	37	200	0	8316
22225	48	148	7939	97	0	8232
22226	51	49	7843	78	0	8021
22227	48	8065	146	69	0	8328
22228	32	138	63	8212	0	8445
22229	42	57	34	8322	0	8455
22230	36	51	32	8298	0	8417
22231	8158	42	28	205	0	8433
22232	157	29	8062	114	0	8362
22233	7910	37	128	80	0	8155
22234	8057	29	51	81	0	8218
22235	169	7776	40	82	0	8067
22236	73	7884	30	75	0	8062
22237	7979	145	33	75	0	8232
22238	156	66	31	8047	0	8300
22239	76	50	25	8397	0	8548
22240	72	34	8468	210	0	8784
22241	54	51	8375	73	0	8553
22242	42	41	174	8527	0	8784
22243	8628	55	62	182	0	8927
22244	175	39	8870	84	0	9168
22245	9029	44	167	94	0	9334
22246	186	43	62	9303	0	9594
22247	72	37	45	9746	0	9900
22248	78	37	33	9995	0	10143
22249	52	45	9877	266	0	10240
22250	55	9545	195	119	0	9914
22251	48	10140	72	90	0	10350
22252	10121	216	35	92	0	10464
22253	10391	65	41	88	0	10585
22254	252	42	39	10351	0	10684
22255	10357	31	38	257	0	10683
22256	260	33	10177	105	0	10575
22257	76	38	10142	89	0	10345
22258	74	24	238	10017	0	10353
22259	10204	19	96	250	0	10569
22260	226	27	59	10249	0	10561
22261	79	21	64	10581	0	10745
22262	10331	24	56	304	0	10715
22263	10583	31	56	128	0	10798
22264	272	10878	39	103	0	11292
22265	10920	218	45	82	0	11265
22266	294	124	34	10768	0	11220
22267	84	10943	34	282	0	11343
22268	10812	254	20	90	0	11176
22269	269	10838	39	76	0	11222
22270	100	301	30	10484	0	10915
22271	10436	56	44	241	0	10777
22272	243	32	10265	65	0	10605
22273	79	18	10241	44	0	10382
22274	55	65	229	10038	0	10387
22275	53	12	62	10284	0	10411
22276	45	19	24	10084	0	10172
22277	29	10189	22	234	0	10474
22278	10442	219	27	76	0	10764
22279	10611	58	20	53	0	10742
22280	10642	37	16	49	0	10744
22281	282	10766	13	36	0	11097
22282	92	222	14	11340	0	11668
22283	50	56	18	11480	0	11604
22284	54	28	15	11525	0	11622
22285	10748	30	24	319	0	11121
22286	235	10669	30	111	0	11045
22287	84	228	23	10672	0	11007
22288	48	64	13	10853	0	10978
22289	38	34	10433	326	0	10831
22290	31	10262	237	104	0	10634
22291	50	255	56	10227	0	10588
22292	63	66	20	10418	0	10567
22293	65	36	21	10402	0	10524
22294	9875	36	22	319	0	10252
22295	254	9858	19	142	0	10273
22296	9950	245	16	94	0	10305
22297	269	70	17	9915	0	10271
22298	9934	49	15	297	0	10295
22299	296	37	9770	113	0	10216
22300	9867	32	236	89	0	10224
22301	10007	25	61	80	0	10173
22302	328	35	9854	64	0	10281
22303	101	42	248	9896	0	10287
22304	73	31	68	9885	0	10057
22305	10058	27	36	362	0	10483
22306	286	31	31	10147	0	10495
22307	113	35	28	10200	0	10376
22308	85	39	20	10217	0	10361
22309	81	34	9774	359	0	10248
22310	9504	34	234	153	0	9925
22311	303	10001	68	91	0	10463
22312	118	258	50	9921	0	10347
22313	85	9950	43	306	0	10384
22314	87	10480	26	133	0	10726
22315	72	309	38	10448	0	10867
22316	59	98	10403	339	0	10899
22317	74	63	10492	160	0	10789
22318	86	50	300	10580	0	11016
22319	90	42	10534	349	0	11015
22320	10517	53	289	151	0	11010
22321	311	47	75	10874	0	11307
22322	120	45	53	11055	0	11273
22323	87	10920	54	385	0	11446
22324	71	294	36	11013	0	11414
22325	67	98	33	11032	0	11230
22326	71	10709	47	444	0	11271
22327	72	294	45	11008	0	11419
22328	68	92	42	11061	0	11263
22329	65	10805	48	396	0	11314
22330	10824	281	57	168	0	11330
22331	317	89	10735	135	0	11276
22332	117	64	10723	119	0	11023
22333	90	109	324	10537	0	11060
22334	99	91	81	10839	0	11110
22335	78	57	10525	393	0	11053
22336	60	61	10444	194	0	10759
22337	9883	65	294	164	0	10406
22338	277	10279	98	138	0	10792
22339	10099	257	54	117	0	10527
22340	292	88	9960	110	0	10450
22341	107	9949	256	110	0	10422
22342	73	267	96	10098	0	10534
22343	69	87	10187	313	0	10656
22344	65	56	10005	137	0	10263
22345	74	139	299	10058	0	10570
22346	59	44	10060	331	0	10494
22347	46	9748	253	150	0	10197
22348	49	255	86	9699	0	10089
22349	53	74	9706	295	0	10128
22350	62	9809	253	111	0	10235
22351	9702	245	92	89	0	10128
22352	269	77	9618	77	0	10041
22353	98	9569	245	64	0	9976
22354	57	247	99	9537	0	9940
22355	51	80	59	9960	0	10150
22356	9787	57	58	314	0	10216
22357	251	37	55	9820	0	10163
22358	78	27	54	9956	0	10115
22359	9594	44	46	346	0	10030
22360	259	31	45	9628	0	9963
22361	83	24	9331	303	0	9741
22362	60	77	228	9299	0	9664
22363	43	30	9237	286	0	9596
22364	39	23	8709	123	0	8894
22365	37	26	8653	63	0	8779
22366	53	77	218	8048	0	8396
22367	31	23	105	8266	0	8425
22368	8142	19	43	199	0	8403
22369	136	20	41	8021	0	8218
22370	57	8418	36	172	0	8683
22371	31	134	20	8712	0	8897
22372	29	48	41	8643	0	8761
22373	21	8599	48	192	0	8860
22374	8623	135	43	98	0	8899
22375	8534	47	39	73	0	8693
22376	166	8429	41	66	0	8702
22377	50	8413	33	48	0	8544
22378	49	261	46	8154	0	8510
22379	8226	62	64	147	0	8499
22380	149	36	8187	76	0	8448
22381	53	31	7621	49	0	7754
22382	7171	24	120	39	0	7354
22383	101	7442	43	30	0	7616
22384	36	98	30	7465	0	7629
22385	33	39	33	7382	0	7487
22386	25	20	28	7505	0	7578
22387	26	26	21	7510	0	7583
22388	20	7471	18	148	0	7657
22389	20	88	22	7605	0	7735
22390	7577	40	14	126	0	7757
22391	104	18	19	7693	0	7834
22392	38	21	14	7770	0	7843
22393	7795	18	14	154	0	7981
22394	7860	15	20	74	0	7969
22395	7954	12	18	59	0	8043
22396	7985	17	16	51	0	8069
22397	138	18	21	7909	0	8086
22398	7946	10	14	136	0	8106
22399	118	15	26	7886	0	8045
22400	7838	10	23	138	0	8009
22401	7832	8	13	77	0	7930
22402	151	15	15	7775	0	7956
22403	61	18	7776	133	0	7988
22404	7846	16	97	72	0	8031
22405	7987	15	37	49	0	8088
22406	7971	17	18	49	0	8055
22407	8024	19	23	38	0	8104
22408	160	16	18	8044	0	8238
22409	90	13	8072	124	0	8299
22410	57	20	8075	56	0	8208
22411	8078	24	119	51	0	8272
22412	8209	12	45	47	0	8313
22413	129	8099	32	42	0	8302
22414	62	8047	26	30	0	8165
22415	8259	105	28	43	0	8435
22416	122	35	22	8075	0	8254
22417	72	30	20	8439	0	8561
22418	8394	17	13	145	0	8569
22419	108	8639	21	66	0	8834
22420	8837	83	15	62	0	8997
22421	111	34	8748	45	0	8938
22422	8657	19	83	51	0	8810
22423	109	22	33	8735	0	8899
22424	61	15	8906	108	0	9090
22425	42	8948	93	62	0	9145
22426	53	89	40	9279	0	9461
22427	29	32	9681	128	0	9870
22428	46	18	101	9597	0	9762
22429	9971	15	48	135	0	10169
22430	126	17	9899	69	0	10111
22431	9714	7	102	60	0	9883
22432	129	10115	55	46	0	10345
22433	75	100	26	10390	0	10591
22434	54	49	10848	107	0	11058
22435	59	18	110	10699	0	10886
22436	48	20	11000	136	0	11204
22437	40	10820	114	83	0	11057
22438	10746	102	67	51	0	10966
22439	121	11033	25	45	0	11224
22440	73	107	29	10898	0	11107
22441	48	53	26	10922	0	11049
22442	36	24	10638	142	0	10840
22443	9304	35	103	98	0	9540
22444	98	10188	55	61	0	10402
22445	57	9716	23	39	0	9835
22446	29	9911	18	26	0	9984
22447	77	154	24	9669	0	9924
22448	19	9693	24	75	0	9811
22449	32	97	24	9582	0	9735
22450	21	9580	19	81	0	9701
22451	30	74	12	9471	0	9587
22452	20	9620	11	64	0	9715
22453	9577	70	20	47	0	9714
22454	56	42	9476	17	0	9591
22455	9024	45	64	36	0	9169
22456	9413	23	31	26	0	9493
22457	9526	14	17	27	0	9584
22458	73	9512	16	22	0	9623
22459	9673	53	9	19	0	9754
22460	9659	42	10	22	0	9733
22461	9687	23	13	14	0	9737
22462	87	18	9534	12	0	9651
22463	62	9	54	9655	0	9780
22464	37	14	9875	56	0	9982
22465	36	18	55	9697	0	9806
22466	9809	21	40	61	0	9931
22467	66	9747	13	40	0	9866
22468	60	62	10380	16	0	10518
22469	39	37	74	10362	0	10512
22470	21	15	47	10939	0	11022
22471	21	21	11869	141	0	12052
22472	11643	18	162	63	0	11886
22473	12294	22	53	40	0	12409
22474	12567	24	22	26	0	12639
22475	240	27	18	12509	0	12794
22476	84	12208	23	192	0	12507
22477	52	12841	22	79	0	12994
22478	45	216	20	12827	0	13108
22479	53	76	17	12688	0	12834
22480	44	12596	20	226	0	12886
22481	12603	184	18	97	0	12902
22482	204	12546	15	54	0	12819
22483	77	201	18	12386	0	12682
22484	62	73	12304	202	0	12641
22485	39	60	173	12181	0	12453
22486	12365	40	57	222	0	12684
22487	197	44	12303	82	0	12626
22488	12317	40	175	78	0	12610
22489	12686	32	71	51	0	12840
22490	12818	29	49	57	0	12953
22491	12831	30	29	58	0	12948
22492	13098	26	37	46	0	13207
22493	287	21	12616	40	0	12964
22494	148	24	12466	50	0	12688
22495	13449	26	232	37	0	13744
22496	14070	19	101	32	0	14222
22497	343	26	46	14516	0	14931
22498	160	14659	34	262	0	15115
22499	107	263	33	15026	0	15429
22500	15365	103	24	324	0	15816
22501	336	62	29	14951	0	15378
22502	144	15438	27	310	0	15919
22503	15496	287	22	134	0	15939
22504	15322	126	19	90	0	15557
22505	15470	72	16	82	0	15640
22506	426	15155	21	65	0	15667
22507	199	295	19	15209	0	15722
22508	142	118	25	15131	0	15416
22509	110	14588	18	375	0	15091
22510	111	308	15	14930	0	15364
22511	14736	116	9	365	0	15226
22512	14868	87	15	149	0	15119
22513	420	14483	19	120	0	15042
22514	201	302	19	14594	0	15116
22515	144	122	20	14731	0	15017
22516	103	84	35	14809	0	15031
22517	14161	66	31	454	0	14712
22518	366	51	13856	208	0	14481
22519	13474	47	278	155	0	13954
22520	418	45	13671	119	0	14253
22521	198	70	324	13202	0	13794
22522	169	13243	126	343	0	13881
22523	151	13937	82	179	0	14349
22524	13571	400	60	151	0	14182
22525	13636	182	47	139	0	14004
22526	434	13202	51	108	0	13795
22527	203	13169	23	113	0	13508
22528	13227	415	47	101	0	13790
22529	13712	185	41	118	0	14056
22530	454	13826	35	106	0	14421
22531	14191	368	38	86	0	14683
22532	460	179	13784	67	0	14490
22533	13853	140	302	81	0	14376
22534	13915	92	99	99	0	14205
22535	497	83	74	13515	0	14169
22536	251	13432	53	372	0	14108
22537	229	349	45	13521	0	14144
22538	13752	124	52	402	0	14330
22539	510	85	45	13347	0	13987
22540	276	75	44	13702	0	14097
22541	213	75	13611	460	0	14359
22542	175	72	316	13786	0	14349
22543	164	53	125	14127	0	14469
22544	13893	69	84	508	0	14554
22545	409	66	13781	266	0	14522
22546	13883	83	338	181	0	14485
22547	445	84	134	13953	0	14616
22548	237	79	73	14208	0	14597
22549	181	77	53	14062	0	14373
22550	150	13448	42	524	0	14164
22551	166	13876	52	246	0	14340
22552	175	410	53	13734	0	14372
22553	13740	164	40	424	0	14368
22554	13962	121	46	191	0	14320
22555	531	94	45	13697	0	14367
22556	13764	90	44	398	0	14296
22557	490	93	35	13709	0	14327
22558	247	92	35	13962	0	14336
22559	13288	85	37	526	0	13936
22560	423	13706	32	268	0	14429
22561	13794	365	26	192	0	14377
22562	13853	153	20	185	0	14211
22563	13660	114	27	182	0	13983
22564	533	13395	26	175	0	14129
22565	301	425	60	13411	0	14197
22566	218	172	41	13786	0	14217
22567	189	105	13181	521	0	13996
22568	178	176	327	12626	0	13307
22569	169	71	12211	444	0	12895
22570	141	11538	299	210	0	12188
22571	107	10393	110	153	0	10763
22572	97	10596	81	101	0	10875
22573	163	313	120	10579	0	11175
22574	118	127	36	10690	0	10971
22575	50	83	35	10624	0	10792
22576	60	58	22	10675	0	10815
22577	47	53	10511	356	0	10967
22578	57	59	12470	198	0	12784
22579	59	61	301	13252	0	13673
22580	76	54	13594	350	0	14074
22581	13550	32	309	186	0	14077
22582	13922	28	127	141	0	14218
22583	392	38	13779	130	0	14339
22584	175	40	297	13783	0	14295
22585	123	44	126	13999	0	14292
22586	120	38	77	14216	0	14451
22587	123	40	57	14025	0	14245
22588	112	50	59	14203	0	14424
22589	10329	177	93	523	0	11122
22590	13956	48	46	247	0	14297
22591	384	13706	33	297	0	14420
22592	179	279	13328	164	0	13950
22593	116	13163	266	152	0	13697
22594	86	13446	106	128	0	13766
22595	12583	297	52	107	0	13039
22596	266	12343	52	96	0	12757
22597	71	11715	39	57	0	11882
22598	11440	242	62	47	0	11791
22599	211	94	11341	37	0	11683
22600	11066	49	162	43	0	11320
22601	197	42	67	11212	0	11518
22602	89	35	27	11028	0	11179
22603	55	22	31	11170	0	11278
22604	39	18	10876	257	0	11190
22605	40	10867	170	122	0	11199
22606	10948	153	60	95	0	11256
22607	185	59	52	11083	0	11379
22608	76	11140	27	237	0	11480
22609	38	194	64	11527	0	11823
22610	59	79	11449	223	0	11810
22611	73	52	188	11518	0	11831
22612	49	45	83	11798	0	11975
22613	38	41	33	11905	0	12017
22614	11736	38	32	322	0	12128
22615	215	31	33	11921	0	12200
22616	89	20	11751	310	0	12170
22617	52	11782	200	169	0	12203
22618	62	198	67	11916	0	12243
22619	79	79	38	12086	0	12282
22620	42	58	11733	310	0	12143
22621	52	39	11537	135	0	11763
22622	11337	78	293	116	0	11824
22623	11188	62	119	106	0	11475
22624	303	11274	80	86	0	11743
22625	11262	222	75	74	0	11633
22626	250	95	11170	95	0	11610
22627	154	36	11019	113	0	11322
22628	10808	61	279	129	0	11277
22629	10529	41	104	146	0	10820
22630	253	25	10129	164	0	10571
22631	9886	31	209	144	0	10270
22632	243	38	10029	127	0	10437
22633	9973	38	211	81	0	10303
22634	10053	75	95	70	0	10293
22635	266	80	81	9730	0	10157
22636	110	10573	68	226	0	10977
22637	8230	297	97	143	0	8767
22638	213	123	10551	88	0	10975
22639	135	10570	228	69	0	11002
22640	10615	268	97	97	0	11077
22641	10224	135	68	101	0	10528
22642	311	10199	71	107	0	10688
22643	173	220	81	10230	0	10704
22644	104	109	10103	290	0	10606
22645	111	59	239	10191	0	10600
22646	91	81	10070	307	0	10549
22647	82	71	260	10126	0	10539
22648	91	84	121	10227	0	10523
22649	87	63	9970	326	0	10446
22650	88	9935	263	178	0	10464
22651	101	238	116	9866	0	10321
22652	135	161	7392	343	0	8031
22653	9807	84	176	185	0	10252
22654	261	69	103	9992	0	10425
22655	117	65	92	10193	0	10467
22656	9980	46	106	356	0	10488
22657	305	50	72	9902	0	10329
22658	197	39	61	9768	0	10065
22659	101	9752	98	338	0	10289
22660	113	243	70	9727	0	10153
22661	103	92	9541	322	0	10058
22662	104	48	248	9345	0	9745
22663	91	9286	148	279	0	9804
22664	95	9467	104	181	0	9847
22665	108	272	97	9444	0	9921
22666	9440	121	89	273	0	9923
22667	267	102	104	9479	0	9952
22668	9485	115	79	268	0	9947
22669	305	69	98	9508	0	9980
22670	9519	56	100	283	0	9958
22671	9733	69	81	173	0	10056
22672	370	115	87	9261	0	9833
22673	220	384	125	8800	0	9529
22674	153	8808	96	337	0	9394
22675	139	9096	109	176	0	9520
22676	166	223	8932	157	0	9478
22677	141	8692	217	178	0	9228
22678	6267	249	237	119	0	6872
22679	196	90	82	5900	0	6268
22680	73	5694	33	116	0	5916
22681	5840	108	26	79	0	6053
22682	126	47	27	5850	0	6050
22683	74	29	28	5764	0	5895
22684	43	19	33	5916	0	6011
22685	46	47	36	5912	0	6041
22686	49	5883	27	171	0	6130
22687	42	6285	29	78	0	6434
22688	6419	127	27	54	0	6627
22689	134	6499	25	51	0	6709
22690	58	136	26	6374	0	6594
22691	43	53	17	6457	0	6570
22692	44	32	16	6471	0	6563
22693	39	25	12	6513	0	6589
22694	6357	34	18	187	0	6596
22695	6515	20	14	87	0	6636
22696	184	18	6367	60	0	6629
22697	78	18	128	6468	0	6692
22698	41	24	6586	172	0	6823
22699	49	32	129	6510	0	6720
22700	34	37	57	6597	0	6725
22701	6597	36	37	202	0	6872
22702	159	34	34	6690	0	6917
22703	78	32	6684	162	0	6956
22704	54	39	6547	88	0	6728
22705	6667	32	158	75	0	6932
22706	159	28	6763	66	0	7016
22707	69	40	132	6467	0	6708
22708	43	15	6644	170	0	6872
22709	31	55	126	6391	0	6603
22710	24	6401	53	162	0	6640
22711	31	121	48	6379	0	6579
22712	24	6299	36	148	0	6507
22713	15	6401	32	81	0	6529
22714	22	152	19	6208	0	6401
22715	6112	50	23	138	0	6323
22716	99	6209	13	77	0	6398
22717	43	97	12	6273	0	6425
22718	6271	37	12	134	0	6454
22719	6382	22	9	93	0	6506
22720	6486	20	15	54	0	6575
22721	144	22	8	6388	0	6562
22722	63	16	17	6472	0	6568
22723	6472	18	19	161	0	6670
22724	6480	18	16	88	0	6602
22725	6551	24	14	57	0	6646
22726	134	22	18	6520	0	6694
22727	62	27	6312	119	0	6520
22728	6335	18	81	64	0	6498
22729	127	16	33	6297	0	6473
22730	57	6314	26	126	0	6523
22731	57	134	19	6235	0	6445
22732	42	6193	21	116	0	6372
22733	40	104	12	6274	0	6430
22734	34	33	6136	134	0	6337
22735	25	5934	86	74	0	6119
22736	25	67	26	5352	0	5470
22737	15	24	18	5364	0	5421
22738	16	17	4	5332	0	5369
22739	5414	10	6	94	0	5524
22740	65	5533	4	43	0	5645
22741	28	65	5	5676	0	5774
22742	5832	18	8	78	0	5936
22743	5887	24	12	43	0	5966
22744	111	9	4	5937	0	6061
22745	45	12	6025	107	0	6189
22746	32	16	79	5968	0	6095
22747	22	6008	27	103	0	6160
22748	20	83	15	6127	0	6245
22749	6123	26	9	118	0	6276
22750	94	19	16	6263	0	6392
22751	39	10	6332	119	0	6500
22752	28	6731	88	46	0	6893
22753	6915	104	33	44	0	7096
22754	114	33	7008	30	0	7185
22755	7116	23	120	35	0	7294
22756	140	13	35	7369	0	7557
22757	45	14	24	7584	0	7667
22758	33	7706	13	156	0	7908
22759	8120	130	16	65	0	8331
22760	154	42	10	8279	0	8485
22761	51	25	15	8489	0	8580
22762	49	11	17	8698	0	8775
22763	32	20	8590	217	0	8859
22764	17	9	153	8645	0	8824
22765	8697	6	47	203	0	8953
22766	8881	16	26	78	0	9001
22767	198	15	14	8803	0	9030
22768	69	7	18	8933	0	9027
22769	8772	14	8	219	0	9013
22770	174	11	8641	86	0	8912
22771	8605	13	153	73	0	8844
22772	186	12	8560	49	0	8807
22773	69	10	8631	40	0	8750
22774	58	16	182	8641	0	8897
22775	31	10	8746	174	0	8961
22776	8631	11	158	78	0	8878
22777	164	12	61	8845	0	9082
22778	61	10	8869	172	0	9112
22779	8668	9	146	71	0	8894
22780	8822	7	50	58	0	8937
22781	199	10	8880	38	0	9127
22782	91	61	158	8494	0	8804
22783	51	8916	58	141	0	9166
22784	9027	131	46	64	0	9268
22785	166	39	8894	44	0	9143
22786	8343	50	158	51	0	8602
22787	166	8584	55	34	0	8839
22788	8277	111	55	31	0	8474
22789	8211	34	24	28	0	8297
22790	8240	19	15	31	0	8305
22791	162	25	17	8137	0	8341
22792	71	8168	22	116	0	8377
22793	44	111	8087	48	0	8290
22794	32	8225	113	42	0	8412
22795	44	124	35	7603	0	7806
22796	27	7962	34	108	0	8131
22797	25	8214	16	43	0	8298
22798	7960	143	22	41	0	8166
22799	136	52	7932	22	0	8142
22800	63	30	8019	23	0	8135
22801	39	21	7934	25	0	8019
22802	29	7979	137	28	0	8173
22803	7925	113	58	31	0	8127
22804	7983	35	31	31	0	8080
22805	7931	22	29	27	0	8009
22806	140	7771	19	28	0	7958
22807	57	113	14	7955	0	8139
22808	38	43	7756	122	0	7959
22809	41	29	7653	54	0	7777
22810	7761	12	126	48	0	7947
22811	7969	18	62	37	0	8086
22812	7988	22	39	32	0	8081
22813	171	19	7769	30	0	7989
22814	7783	14	132	33	0	7962
22815	160	12	43	7820	0	8035
22816	77	12	31	7788	0	7908
22817	55	26	7856	155	0	8092
22818	54	7853	107	75	0	8089
22819	60	100	52	7958	0	8170
22820	38	38	7847	160	0	8083
22821	7652	29	132	88	0	7901
22822	138	21	58	7960	0	8177
22823	71	11	57	7976	0	8115
22824	7895	12	37	195	0	8139
22825	171	11	24	7863	0	8069
22826	7879	9	38	167	0	8093
22827	7914	14	28	123	0	8079
22828	182	16	27	7901	0	8126
22829	121	8	46	7938	0	8113
22830	7829	9	41	189	0	8068
22831	163	11	31	7944	0	8149
22832	7939	11	51	163	0	8164
22833	7887	15	59	84	0	8045
22834	7960	10	37	75	0	8082
22835	203	16	54	7808	0	8081
22836	119	23	42	7923	0	8107
22837	7885	16	41	188	0	8130
22838	164	7727	50	71	0	8012
22839	101	7611	47	43	0	7802
22840	7498	117	41	54	0	7710
22841	142	46	7395	32	0	7615
22842	7313	27	114	31	0	7485
22843	151	28	41	7592	0	7812
22844	76	18	7641	101	0	7836
22845	7621	14	103	54	0	7792
22846	137	24	34	7728	0	7923
22847	74	26	32	7945	0	8077
22848	63	12	38	8233	0	8346
22849	73	22	12	8187	0	8294
22850	8114	40	14	128	0	8296
22851	117	8016	18	66	0	8217
22852	7541	65	18	38	0	7662
22853	95	32	7456	13	0	7596
22854	49	21	7155	13	0	7238
22855	37	7410	61	19	0	7527
22856	114	157	99	7104	0	7474
22857	24	29	7154	46	0	7253
22858	12	6520	37	30	0	6599
22859	11	12	6510	12	0	6545
22860	7	13	10	6337	0	6367
22861	10	3	12	6260	0	6285
22862	6400	2	4	21	0	6427
22863	8	4	0	6277	0	6289
22864	6297	0	1	15	0	6313
22865	12	3	6293	8	0	6316
22866	10	6394	9	5	0	6418
22867	7	6	7	6696	0	6716
22868	5	6	6	6929	0	6946
22869	6	4	7001	12	0	7023
22870	12	3	6531	19	0	6565
22871	6605	1	10	9	0	6625
22872	7022	2	9	11	0	7044
22873	16	1	4	6993	0	7014
22874	10	0	4	6930	0	6944
22875	7	6876	4	14	0	6901
22876	3	10	2	7103	0	7118
22877	7061	7	1	18	0	7087
22878	7118	3	3	21	0	7145
22879	20	7140	4	3	0	7167
22880	7256	10	2	10	0	7278
22881	7086	6	3	7	0	7102
22882	24	4	2	7494	0	7524
22883	15	7615	4	40	0	7674
22884	3	37	1	7813	0	7854
22885	7	9	0	7882	0	7898
22886	2	6	7755	54	0	7817
22887	7732	3	45	19	0	7799
22888	66	2	10	8377	0	8455
22889	16	1	7	8774	0	8798
22890	10	9764	2	131	0	9907
22891	6	145	5	10787	0	10943
22892	11111	35	4	203	0	11353
22893	12030	20	2	67	0	12119
22894	288	13	11969	32	0	12302
22895	99	16	12117	22	0	12254
22896	52	12	297	12499	0	12860
22897	40	6	90	12988	0	13124
22898	42	4	12804	346	0	13196
22899	35	6	12925	109	0	13075
22900	32	12	367	12398	0	12809
22901	17	3	13076	314	0	13410
22902	51	8	13058	121	0	13238
22903	14	9	388	12872	0	13283
22904	13082	3	147	325	0	13557
22905	13426	1	101	131	0	13659
22906	346	7	76	13289	0	13718
22907	119	4	55	13413	0	13591
22908	13211	4	46	409	0	13670
22909	329	1	49	13176	0	13555
22910	13165	3	42	367	0	13577
22911	13387	3	29	160	0	13579
22912	402	5	26	13212	0	13645
22913	161	9	23	13481	0	13674
22914	13130	8	19	432	0	13589
22915	350	12899	17	181	0	13447
22916	154	13250	23	115	0	13542
22917	99	345	25	12913	0	13382
22918	83	117	12786	348	0	13334
22919	69	53	301	12802	0	13225
22920	12775	36	116	383	0	13310
22921	328	36	50	12894	0	13308
22922	12923	21	46	389	0	13379
22923	346	32	12914	161	0	13453
22924	13068	22	304	157	0	13551
22925	357	21	111	13325	0	13814
22926	164	13	67	13684	0	13928
22927	108	14	13893	436	0	14451
22928	103	9	303	13936	0	14351
22929	97	10	116	14379	0	14602
22930	75	14	66	14651	0	14806
22931	14299	24	45	495	0	14863
22932	340	18	14190	227	0	14775
22933	147	19	14126	162	0	14454
22934	14035	16	387	153	0	14591
22935	14444	8	144	148	0	14744
22936	435	20	14435	112	0	15002
22937	187	13	337	14077	0	14614
22938	131	14465	151	337	0	15084
22939	124	277	114	14801	0	15316
22940	14734	91	115	379	0	15319
22941	14961	41	106	210	0	15318
22942	420	33	95	14676	0	15224
22943	172	14532	107	408	0	15219
22944	131	292	105	14307	0	14835
22945	124	14522	92	399	0	15137
22946	14590	306	74	225	0	15195
22947	14187	116	101	168	0	14572
22948	14308	62	89	166	0	14625
22949	453	13561	86	173	0	14273
22950	225	14099	75	149	0	14548
22951	173	364	76	14125	0	14738
22952	149	121	69	14305	0	14644
22953	162	71	61	14114	0	14408
22954	132	60	60	14423	0	14675
22955	134	54	13718	547	0	14453
22956	13433	56	312	290	0	14091
22957	413	56	14028	204	0	14701
22958	14442	46	356	210	0	15054
22959	453	39	14734	187	0	15413
22960	14762	50	390	177	0	15379
22961	452	56	15105	174	0	15787
22962	14886	50	399	168	0	15503
22963	495	39	180	15203	0	15917
22964	15509	40	144	442	0	16135
22965	498	41	99	15528	0	16166
22966	301	33	107	15613	0	16054
22967	188	37	97	15308	0	15630
22968	180	14701	94	547	0	15522
22969	14772	328	83	315	0	15498
22970	14953	123	58	260	0	15394
22971	528	14709	75	247	0	15559
22972	273	356	63	14935	0	15627
22973	181	152	14575	486	0	15394
22974	14491	77	357	286	0	15211
22975	15000	64	163	207	0	15434
22976	14973	59	98	183	0	15313
22977	590	50	95	14372	0	15107
22978	284	14217	91	452	0	15044
22979	204	347	97	14428	0	15076
22980	14367	133	81	463	0	15044
22981	507	63	98	13946	0	14614
22982	262	13737	81	430	0	14510
22983	13542	328	74	255	0	14199
22984	466	163	13424	166	0	14219
22985	339	92	13183	166	0	13780
22986	183	13147	402	161	0	13893
22987	181	13222	158	140	0	13701
22988	290	372	12495	143	0	13300
22989	223	232	12024	133	0	12612
22990	204	636	380	9921	0	11141
22991	10253	64	146	208	0	10671
22992	214	38	10183	98	0	10533
22993	85	9543	126	46	0	9800
22994	9456	112	87	48	0	9703
22995	123	9354	29	30	0	9536
22996	8964	85	30	22	0	9101
22997	85	8917	29	24	0	9055
22998	69	9032	14	28	0	9143
22999	43	121	38	9035	0	9237
23000	46	49	33	9032	0	9160
23001	34	23	8661	97	0	8815
23002	35	29	63	8505	0	8632
23003	8583	26	36	94	0	8739
23004	8647	19	13	55	0	8734
23005	106	16	14	8556	0	8692
23006	49	28	8422	84	0	8583
23007	40	13	8192	60	0	8305
23008	28	24	94	8438	0	8584
23009	28	13	8611	77	0	8729
23010	20	21	73	8471	0	8585
23011	31	16	46	8257	0	8350
23012	17	16	8864	98	0	8995
23013	8513	15	89	66	0	8683
23014	8913	15	55	23	0	9006
23015	112	11	8937	37	0	9097
23016	54	6	9123	31	0	9214
23017	40	16	154	9186	0	9396
23018	30	15	59	9870	0	9974
23019	22	16	30	10214	0	10282
23020	38	11	36	10027	0	10112
23021	10202	15	16	189	0	10422
23022	10662	19	21	86	0	10788
23023	186	10	26	11177	0	11399
23024	87	18	24	11664	0	11793
23025	42	10	12344	256	0	12652
23026	40	9	221	12759	0	13029
23027	35	9	107	13242	0	13393
23028	13819	7	42	440	0	14308
23029	339	14934	26	179	0	15478
23030	140	365	18	15146	0	15669
23031	60	124	27	15420	0	15631
23032	43	44	29	15230	0	15346
23033	39	13859	29	588	0	14515
23034	47	14937	17	243	0	15244
23035	33	480	30	14906	0	15449
23036	37	162	20	14981	0	15200
23037	34	66	20	15157	0	15277
23038	14188	41	26	606	0	14861
23039	382	14431	20	268	0	15101
23040	14628	415	34	139	0	15216
23041	14926	154	20	114	0	15214
23042	516	90	16	14477	0	15099
23043	191	14281	21	464	0	14957
23044	14357	418	30	216	0	15021
23045	444	163	7	14427	0	15041
23046	14670	87	13	485	0	15255
23047	485	67	22	14803	0	15377
23048	197	47	14585	520	0	15349
23049	102	57	14871	238	0	15268
23050	78	54	491	14806	0	15429
23051	86	53	170	15110	0	15419
23052	84	56	73	14918	0	15131
23053	87	14222	47	633	0	14989
23054	83	15072	33	275	0	15463
23055	14698	501	46	188	0	15433
23056	14658	194	43	135	0	15030
23057	525	14239	35	135	0	14934
23058	183	13798	29	133	0	14143
23059	101	14308	31	126	0	14566
23060	13428	511	45	140	0	14124
23061	378	13657	27	115	0	14177
23062	158	420	25	13626	0	14229
23063	13484	157	24	441	0	14106
23064	13660	86	25	204	0	13975
23065	499	71	27	13248	0	13845
23066	201	75	12975	436	0	13687
23067	108	80	13204	188	0	13580
23068	89	67	438	13193	0	13787
23069	87	71	13398	446	0	14002
23070	98	68	383	13472	0	14021
23071	90	74	129	13632	0	13925
23072	80	69	13310	540	0	13999
23073	83	56	13512	235	0	13886
23074	85	62	466	13376	0	13989
23075	72	60	179	13972	0	14283
23076	13403	71	95	583	0	14152
23077	391	13260	60	286	0	13997
23078	170	14104	58	198	0	14530
23079	13598	485	67	168	0	14318
23080	14143	196	57	188	0	14584
23081	499	13728	52	181	0	14460
23082	211	14103	60	166	0	14540
23083	13998	507	54	175	0	14734
23084	435	227	51	13970	0	14683
23085	13793	125	53	522	0	14493
23086	484	13836	48	261	0	14629
23087	13942	445	44	193	0	14624
23088	501	196	13735	167	0	14599
23089	13746	125	381	166	0	14418
23090	517	93	13801	162	0	14573
23091	252	93	420	13621	0	14386
23092	13495	106	148	516	0	14265
23093	485	87	13190	265	0	14027
23094	234	89	399	13349	0	14071
23095	13260	86	176	543	0	14065
23096	497	110	13213	268	0	14088
23097	228	106	397	13412	0	14143
23098	13210	86	166	535	0	13997
23099	450	13231	114	291	0	14086
23100	226	429	75	13613	0	14343
23101	166	199	74	13564	0	14003
23102	150	149	58	13767	0	14124
23103	153	13509	71	617	0	14350
23104	170	496	50	14057	0	14773
23105	163	203	52	14366	0	14784
23106	178	138	70	14392	0	14778
23107	172	122	60	14824	0	15178
23108	201	118	14249	650	0	15218
23109	13874	148	411	308	0	14741
23110	14596	103	152	236	0	15087
23111	604	14408	117	180	0	15309
23112	269	429	75	14191	0	14964
23113	180	202	79	14415	0	14876
23114	154	14074	97	613	0	14938
23115	122	365	82	14319	0	14888
23116	13647	149	104	549	0	14449
23117	385	13553	124	293	0	14355
23118	13202	372	101	225	0	13900
23119	435	153	94	13161	0	13843
23120	155	103	13106	515	0	13879
23121	118	13169	347	278	0	13912
23122	12548	406	202	189	0	13345
23123	368	12030	78	134	0	12610
23124	151	12029	50	107	0	12337
23125	10757	327	151	93	0	11328
23126	310	103	10621	79	0	11113
23127	92	9983	160	66	0	10301
23128	8435	347	334	139	0	9255
23129	7770	53	56	36	0	7915
23130	86	7712	6	9	0	7813
23131	42	74	12	7930	0	8058
23132	19	29	8061	72	0	8181
23133	17	22	63	8008	0	8110
23134	29	16	21	7723	0	7789
23135	12	15	15	8293	0	8335
23136	13	11	8266	102	0	8392
23137	20	10	72	8064	0	8166
23138	13	18	8248	81	0	8360
23139	18	12	7877	44	0	7951
23140	7474	8	80	35	0	7597
23141	70	7992	36	21	0	8119
23142	30	8126	15	18	0	8189
23143	38	88	17	8415	0	8558
23144	9025	39	11	110	0	9185
23145	9275	23	7	41	0	9346
23146	9096	16	7	35	0	9154
23147	9192	17	11	23	0	9243
23148	8995	17	11	28	0	9051
23149	132	10	8809	17	0	8968
23150	57	15	75	8800	0	8947
23151	32	8708	41	79	0	8860
23152	27	87	25	8930	0	9069
23153	9043	37	14	92	0	9186
23154	85	8922	16	54	0	9077
23155	56	84	11	9191	0	9342
23156	9294	46	11	87	0	9438
23157	9499	24	11	63	0	9597
23158	130	17	12	9415	0	9574
23159	74	16	13	9254	0	9357
23160	37	16	18	9381	0	9452
23161	27	15	9192	148	0	9382
23162	30	24	9158	67	0	9279
23163	20	16	109	9425	0	9570
23164	30	12	52	9515	0	9609
23165	9501	25	23	130	0	9679
23166	9490	12	15	79	0	9596
23167	9632	18	21	49	0	9720
23168	9805	18	11	52	0	9886
23169	9710	13	17	42	0	9782
23170	131	9714	20	38	0	9903
23171	9953	96	11	44	0	10104
23172	10010	43	13	42	0	10108
23173	10013	29	14	28	0	10084
23174	148	21	8	10225	0	10402
23175	71	14	10114	133	0	10332
23176	55	21	103	10308	0	10487
23177	48	14	10690	126	0	10878
23178	54	14	109	10340	0	10517
23179	30	10629	48	129	0	10836
23180	10664	100	23	62	0	10849
23181	10988	44	18	48	0	11098
23182	161	25	20	11073	0	11279
23183	73	23	14	11329	0	11439
23184	57	16	10	11330	0	11413
23185	51	11435	8	150	0	11644
23186	11445	108	19	66	0	11638
23187	11544	41	9	52	0	11646
23188	161	11524	18	34	0	11737
23189	79	110	15	11685	0	11889
23190	44	53	13	11533	0	11643
23191	41	11623	12	164	0	11840
23192	11822	120	12	74	0	12028
23193	11850	38	19	47	0	11954
23194	168	23	12	11873	0	12076
23195	66	16	11898	139	0	12119
23196	50	21	11507	70	0	11648
23197	57	16	149	12206	0	12428
23198	48	20	48	12163	0	12279
23199	39	22	29	12443	0	12533
23200	12310	7	19	206	0	12542
23201	12509	24	20	92	0	12645
23202	197	12878	17	71	0	13163
23203	13112	127	16	56	0	13311
23204	193	49	12958	38	0	13238
23205	90	24	12854	37	0	13005
23206	47	13194	187	41	0	13469
23207	12898	153	80	42	0	13173
23208	149	12807	32	30	0	13018
23209	12797	123	18	36	0	12974
23210	150	54	12795	41	0	13040
23211	81	30	12655	27	0	12793
23212	52	15	161	12510	0	12738
23213	50	31	13025	141	0	13247
23214	48	14	136	13105	0	13303
23215	67	32	104	11720	0	11923
23216	43	13118	31	174	0	13366
23217	27	144	29	13291	0	13491
23218	45	50	30	13377	0	13502
23219	13672	37	24	199	0	13932
23220	175	13490	18	88	0	13771
23221	72	154	28	13804	0	14058
23222	46	55	13698	185	0	13984
23223	12622	31	159	102	0	12914
23224	189	29	13522	48	0	13788
23225	84	36	159	13293	0	13572
23226	43	13906	71	185	0	14205
23227	49	191	29	13977	0	14246
23228	14352	66	29	238	0	14685
23229	14435	37	29	115	0	14616
23230	287	14818	31	74	0	15210
23231	15206	231	27	66	0	15530
23232	15282	71	27	77	0	15457
23233	15094	46	48	68	0	15256
23234	15690	30	20	64	0	15804
23235	14576	38	53	92	0	14759
23236	305	26	15126	54	0	15511
23237	126	35	225	15050	0	15436
23238	94	39	88	14907	0	15128
23239	85	37	37	15244	0	15403
23240	62	15203	35	305	0	15605
23241	68	241	34	15239	0	15582
23242	81	78	15210	262	0	15631
23243	66	14814	222	117	0	15219
23244	65	14626	78	72	0	14841
23245	123	255	53	14357	0	14788
23246	51	89	41	14452	0	14633
23247	61	44	33	14289	0	14427
23248	51	13855	35	301	0	14242
23249	44	14256	37	125	0	14462
23250	14156	243	29	106	0	14534
23251	14229	87	42	65	0	14423
23252	274	14293	26	79	0	14672
23253	14584	231	32	62	0	14909
23254	14950	87	28	91	0	15156
23255	281	48	39	14983	0	15351
23256	114	42	36	15194	0	15386
23257	71	48	45	15227	0	15391
23258	76	62	14944	311	0	15393
23259	77	41	14914	125	0	15157
23260	64	15694	276	91	0	16125
23261	16149	262	93	93	0	16597
23262	303	103	16204	76	0	16686
23263	16217	67	282	89	0	16655
23264	352	52	17152	75	0	17631
23265	17313	44	323	90	0	17770
23266	365	18084	128	72	0	18649
23267	18237	339	61	86	0	18723
23268	380	124	74	18005	0	18583
23269	150	84	57	18528	0	18819
23270	122	64	18183	438	0	18807
23271	88	18646	297	171	0	19202
23272	99	366	98	18829	0	19392
23273	93	139	18708	380	0	19320
23274	17410	73	337	151	0	17971
23275	330	18250	129	107	0	18816
23276	18129	313	68	105	0	18615
23277	338	17712	63	116	0	18229
23278	162	328	50	17771	0	18311
23279	17519	122	54	367	0	18062
23280	312	17589	54	157	0	18112
23281	119	327	48	17632	0	18126
23282	96	113	17303	353	0	17865
23283	16574	83	289	147	0	17093
23284	348	72	87	17228	0	17735
23285	156	62	17001	351	0	17570
23286	112	16928	298	147	0	17485
23287	112	294	99	17044	0	17549
23288	94	120	16994	331	0	17539
23289	104	91	299	16451	0	16945
23290	92	16850	104	309	0	17355
23291	88	17197	82	144	0	17511
23292	79	352	16954	107	0	17492
23293	107	160	298	16729	0	17294
23294	68	87	17067	318	0	17540
23295	16567	76	308	165	0	17116
23296	330	73	114	16576	0	17093
23297	129	16135	63	294	0	16621
23298	82	16903	42	132	0	17159
23299	16482	342	47	77	0	16948
23300	277	16761	38	69	0	17145
23301	16562	304	68	77	0	17011
23302	305	103	16088	66	0	16562
23303	15223	77	253	43	0	15596
23304	290	15599	76	59	0	16024
23305	15582	252	76	51	0	15961
23306	276	15452	36	50	0	15814
23307	105	278	37	15393	0	15813
23308	69	100	32	15834	0	16035
23309	46	73	15529	306	0	15954
23310	14774	42	250	142	0	15208
23311	271	39	15317	71	0	15698
23312	15431	47	267	47	0	15792
23313	301	49	93	15328	0	15771
23314	112	61	48	15514	0	15735
23315	64	15600	36	329	0	16029
23316	62	279	40	16134	0	16515
23317	42	105	46	16565	0	16758
23318	56	68	16196	375	0	16695
23319	15021	58	282	164	0	15525
23320	295	15631	116	84	0	16126
23321	15681	287	61	70	0	16099
23322	326	98	48	15654	0	16126
23323	127	78	42	15903	0	16150
23324	15692	54	41	362	0	16149
23325	304	15912	44	144	0	16404
23326	15459	260	40	85	0	15844
23327	306	15348	45	62	0	15761
23328	100	15222	17	51	0	15390
23329	14988	320	141	37	0	15486
23330	333	112	72	14512	0	15029
23331	99	69	14332	276	0	14776
23332	87	44	241	14166	0	14538
23333	58	45	79	14240	0	14422
23334	44	14080	47	314	0	14485
23335	48	266	25	14358	0	14697
23336	34	104	32	14420	0	14590
23337	45	55	29	14600	0	14729
23338	43	42	24	14796	0	14905
23339	36	51	14457	383	0	14927
23340	36	50	14750	148	0	14984
23341	34	38	323	15082	0	15477
23342	39	35	15045	338	0	15457
23343	36	45	14914	139	0	15134
23344	41	33	342	15210	0	15626
23345	42	46	15672	330	0	16090
23346	58	50	335	15021	0	15464
23347	36	15593	106	317	0	16052
23348	15994	316	83	112	0	16505
23349	320	115	16735	80	0	17250
23350	114	69	346	16790	0	17319
23351	65	39	17155	392	0	17651
23352	53	39	388	18047	0	18527
23353	58	41	117	18655	0	18871
23354	18487	41	87	537	0	19152
23355	444	43	56	19042	0	19585
23356	18358	50	49	546	0	19003
23357	19108	32	65	208	0	19413
23358	563	18691	50	142	0	19446
23359	18443	423	40	108	0	19014
23360	489	17961	46	81	0	18577
23361	146	18353	32	106	0	18637
23362	17762	514	75	87	0	18438
23363	468	160	17588	73	0	18289
23364	148	98	17084	71	0	17401
23365	16307	123	552	66	0	17048
23366	16523	66	154	58	0	16801
23367	476	16454	65	41	0	17036
23368	16753	370	61	61	0	17245
23369	16844	129	70	75	0	17118
23370	16697	59	51	68	0	16875
23371	529	41	45	16228	0	16843
23372	16159	48	37	409	0	16653
23373	434	16485	42	154	0	17115
23374	201	355	39	16784	0	17379
23375	117	121	42	16925	0	17205
23376	109	16786	32	483	0	17410
23377	95	380	45	17041	0	17561
23378	16798	140	33	460	0	17431
23379	17110	77	31	186	0	17404
23380	498	16337	28	128	0	16991
23381	195	16861	35	96	0	17187
23382	16742	460	25	99	0	17326
23383	463	146	16532	87	0	17228
23384	199	94	16602	81	0	16976
23385	136	96	452	16195	0	16879
23386	122	86	145	16724	0	17077
23387	117	78	16372	480	0	17047
23388	119	15775	408	201	0	16503
23389	151	384	155	15448	0	16138
23390	120	148	16302	425	0	16995
23391	118	82	384	16272	0	16856
23392	101	88	157	16279	0	16625
23393	101	16563	102	481	0	17247
23394	95	412	67	16606	0	17180
23395	90	158	79	16876	0	17203
23396	107	82	87	16974	0	17250
23397	16531	72	81	577	0	17261
23398	439	79	63	16209	0	16790
23399	198	16314	58	461	0	17031
23400	16302	390	54	233	0	16979
23401	450	164	15991	161	0	16766
23402	212	98	15909	138	0	16357
23403	15932	66	480	153	0	16631
23404	475	90	167	16144	0	16876
23405	202	75	16192	461	0	16930
23406	158	75	407	16201	0	16841
23407	113	84	171	16754	0	17122
23408	16310	85	105	542	0	17042
23409	16597	70	92	259	0	17018
23410	522	16631	92	183	0	17428
23411	251	406	94	16635	0	17386
23412	168	157	16724	450	0	17499
23413	132	17217	383	223	0	17955
23414	17072	403	147	153	0	17775
23415	410	17366	109	132	0	18017
23416	17180	384	101	137	0	17802
23417	446	142	16980	135	0	17703
23418	16907	95	363	127	0	17492
23419	17756	92	137	132	0	18117
23420	558	81	18070	113	0	18822
23421	232	167	413	17710	0	18522
23422	156	17956	159	438	0	18709
23423	139	18838	96	214	0	19287
23424	114	18954	86	147	0	19301
23425	161	627	86	18141	0	19015
23426	108	233	18276	437	0	19054
23427	109	144	382	18022	0	18657
23428	132	109	147	18559	0	18947
23429	122	87	18296	530	0	19035
23430	102	18179	408	246	0	18935
23431	117	397	172	18175	0	18861
23432	18347	150	105	473	0	19075
23433	432	108	92	18453	0	19085
23434	214	81	75	18486	0	18856
23435	127	18360	75	532	0	19094
23436	18539	424	57	262	0	19282
23437	431	166	65	18935	0	19597
23438	192	96	18635	489	0	19412
23439	111	18506	357	251	0	19225
23440	18192	375	163	165	0	18895
23441	396	178	18162	134	0	18870
23442	17787	101	377	132	0	18397
23443	422	101	180	17709	0	18412
23444	196	17819	110	366	0	18491
23445	17647	351	84	196	0	18278
23446	17645	159	72	138	0	18014
23447	447	17900	78	106	0	18531
23448	231	365	61	17604	0	18261
23449	125	181	50	17259	0	17615
23450	16757	87	61	396	0	17301
23451	313	16662	70	208	0	17253
23452	151	376	44	15475	0	16046
23453	76	15124	36	242	0	15478
23454	66	14809	44	116	0	15035
23455	118	269	60	14119	0	14566
23456	14035	101	55	195	0	14386
23457	160	14064	23	99	0	14346
23458	93	202	22	13987	0	14304
23459	66	85	17	14076	0	14244
23460	50	59	13872	209	0	14190
23461	72	58	13157	121	0	13408
23462	36	13681	180	96	0	13993
23463	36	152	13590	64	0	13842
23464	47	91	174	13534	0	13846
23465	37	64	13681	177	0	13959
23466	34	53	162	13822	0	14071
23467	34	56	70	13912	0	14072
23468	33	40	43	13904	0	14020
23469	13564	49	36	235	0	13884
23470	158	40	26	13531	0	13755
23471	74	45	17	13568	0	13704
23472	51	13440	25	223	0	13739
23473	40	140	20	13351	0	13551
23474	13362	60	34	224	0	13680
23475	130	13630	35	109	0	13904
23476	13689	158	21	96	0	13964
23477	164	80	13590	64	0	13898
23478	89	61	13712	52	0	13914
23479	59	59	182	14110	0	14410
23480	47	40	89	14414	0	14590
23481	44	14308	57	221	0	14630
23482	61	184	61	13476	0	13782
23483	14281	74	35	241	0	14631
23484	14231	61	32	130	0	14454
23485	211	59	27	14471	0	14768
23486	104	44	15074	224	0	15446
23487	71	43	167	15218	0	15499
23488	74	40	76	15749	0	15939
23489	48	43	49	15921	0	16061
23490	45	59	47	15711	0	15862
23491	46	39	46	15442	0	15573
23492	41	15406	33	295	0	15775
23493	15227	195	35	166	0	15623
23494	15449	78	29	157	0	15713
23495	15633	60	34	130	0	15857
23496	248	15827	30	98	0	16203
23497	15735	215	22	93	0	16065
23498	243	15794	27	90	0	16154
23499	134	221	15634	69	0	16058
23500	81	111	194	15385	0	15771
23501	67	61	15820	260	0	16208
23502	53	15926	217	140	0	16336
23503	15810	225	89	121	0	16245
23504	229	101	16183	106	0	16619
23505	120	77	16810	87	0	17094
23506	85	17563	321	71	0	18040
23507	87	293	145	17834	0	18359
23508	85	113	18519	316	0	19033
23509	75	92	349	17776	0	18292
23510	61	67	136	19699	0	19963
23511	64	60	90	20756	0	20970
23512	21356	44	63	617	0	22080
23513	21586	47	68	302	0	22003
23514	590	61	38	21602	0	22291
23515	21869	42	42	577	0	22530
23516	588	44	21405	266	0	22303
23517	271	45	21186	198	0	21700
23518	210	40	21461	150	0	21861
23519	140	33	21476	130	0	21779
23520	116	20597	595	105	0	21413
23521	167	444	309	20040	0	20960
23522	133	121	20581	405	0	21240
23523	19386	75	474	193	0	20128
23524	20567	36	226	138	0	20967
23525	527	20382	184	131	0	21224
23526	20439	385	171	106	0	21101
23527	509	148	193	20369	0	21219
23528	208	105	20900	425	0	21638
23529	168	76	537	19884	0	20665
23530	114	20899	265	434	0	21712
23531	20195	450	183	215	0	21043
23532	20989	176	131	193	0	21489
23533	555	20866	125	126	0	21672
23534	21104	440	85	141	0	21770
23535	21220	195	74	114	0	21603
23536	634	20924	90	116	0	21764
23537	335	455	79	20342	0	21211
23538	220	20574	81	443	0	21318
23539	20856	486	98	212	0	21652
23540	519	255	93	20764	0	21631
23541	20805	184	82	479	0	21550
23542	606	132	70	20740	0	21548
23543	317	160	20347	510	0	21334
23544	20037	136	410	222	0	20805
23545	590	138	20311	176	0	21215
23546	354	112	485	20165	0	21116
23547	230	124	20026	522	0	20902
23548	201	120	500	20027	0	20848
23549	200	100	20018	590	0	20908
23550	19447	94	534	300	0	20375
23551	534	19925	219	278	0	20956
23552	20179	423	211	195	0	21008
23553	586	156	160	20164	0	21066
23554	19990	120	200	531	0	20841
23555	584	19926	175	248	0	20933
23556	258	19925	189	209	0	20581
23557	236	20806	171	190	0	21403
23558	20768	590	166	203	0	21727
23559	565	252	159	20705	0	21681
23560	273	198	112	21049	0	21632
23561	271	164	20443	591	0	21469
23562	242	181	20134	302	0	20859
23563	256	157	512	20444	0	21369
23564	229	155	20731	539	0	21654
23565	188	20537	523	283	0	21531
23566	20514	542	225	244	0	21525
23567	538	250	20766	176	0	21730
23568	283	197	20859	177	0	21516
23569	236	170	657	20456	0	21519
23570	20972	111	323	624	0	22030
23571	553	90	269	21038	0	21950
23572	20990	84	263	637	0	21974
23573	609	88	240	20983	0	21920
23574	296	101	20825	627	0	21849
23575	253	20344	613	287	0	21497
23576	230	501	20548	235	0	21514
23577	228	20603	616	214	0	21661
23578	225	596	364	20195	0	21380
23579	20008	203	284	549	0	21044
23580	566	150	19960	303	0	20979
23581	311	108	542	19892	0	20853
23582	276	132	239	20377	0	21024
23583	20321	98	205	695	0	21319
23584	551	140	179	19947	0	20817
23585	256	20119	199	581	0	21155
23586	19565	507	182	282	0	20536
23587	509	272	19374	234	0	20389
23588	18776	193	477	211	0	19657
23589	564	19110	218	227	0	20119
23590	351	483	176	18284	0	19294
23591	264	19233	138	527	0	20162
23592	19200	509	127	287	0	20123
23593	581	224	19193	249	0	20247
23594	18626	270	459	207	0	19562
23595	602	19136	194	187	0	20119
23596	304	499	160	19210	0	20173
23597	19355	233	136	480	0	20204
23598	19622	182	166	230	0	20200
23599	633	144	121	19272	0	20170
23600	346	172	123	19401	0	20042
23601	272	19030	116	596	0	20014
23602	232	571	112	18993	0	19908
23603	225	20256	128	516	0	21125
23604	218	21152	130	288	0	21788
23605	226	888	137	19179	0	20430
23606	194	19859	94	492	0	20639
23607	247	475	19757	248	0	20727
23608	366	194	20226	204	0	20990
23609	177	20805	525	237	0	21744
23610	194	433	20748	156	0	21531
23611	132	205	20634	139	0	21110
23612	69	113	19293	47	0	19522
23613	38	18906	495	56	0	19495
23614	18150	400	294	64	0	18908
23615	281	18101	118	28	0	18528
23616	108	339	18110	19	0	18576
23617	78	135	329	17626	0	18168
23618	17760	108	129	294	0	18291
23619	312	61	17672	110	0	18155
23620	130	47	332	17610	0	18119
23621	84	36	17953	302	0	18375
23622	45	37	382	17436	0	17900
23623	17317	40	156	353	0	17866
23624	310	39	17458	134	0	17941
23625	112	17444	346	113	0	18015
23626	93	314	164	17117	0	17688
23627	17618	122	116	313	0	18169
23628	344	98	17151	134	0	17727
23629	157	65	361	16242	0	16825
23630	90	17008	158	307	0	17563
23631	17229	323	116	138	0	17806
23632	17893	126	80	120	0	18219
23633	458	85	77	17559	0	18179
23634	196	17659	78	386	0	18319
23635	117	18666	60	164	0	19007
23636	18932	468	57	119	0	19576
23637	457	199	61	18474	0	19191
23638	160	18936	76	439	0	19611
23639	18933	441	64	161	0	19599
23640	448	179	55	19031	0	19713
23641	182	115	59	19406	0	19762
23642	139	83	18325	540	0	19087
23643	71	18685	379	243	0	19378
23644	84	19617	134	153	0	19988
23645	88	516	92	19520	0	20216
23646	19477	204	61	473	0	20215
23647	414	19652	71	188	0	20325
23648	19682	485	48	142	0	20357
23649	497	19734	46	83	0	20360
23650	202	493	60	19745	0	20500
23651	19722	208	46	466	0	20442
23652	483	156	53	19730	0	20422
23653	205	123	19651	506	0	20485
23654	150	113	415	18990	0	19668
23655	101	19458	171	492	0	20222
23656	19246	483	108	208	0	20045
23657	455	19265	86	165	0	19971
23658	197	518	69	18878	0	19662
23659	151	215	61	19494	0	19921
23660	111	169	18832	580	0	19692
23661	118	124	18912	236	0	19390
23662	79	180	524	18888	0	19671
23663	94	115	18872	519	0	19600
23664	86	18613	484	247	0	19430
23665	18530	459	198	190	0	19377
23666	432	193	18859	126	0	19610
23667	18383	148	453	158	0	19142
23668	19032	118	201	127	0	19478
23669	19030	101	153	114	0	19398
23670	19076	121	110	91	0	19398
23671	610	112	114	18572	0	19408
23672	300	92	108	18329	0	18829
23673	208	18225	116	525	0	19074
23674	18173	443	120	251	0	18987
23675	493	215	17954	165	0	18827
23676	217	164	446	17847	0	18674
23677	184	126	196	18221	0	18727
23678	137	125	17627	571	0	18460
23679	149	17754	461	280	0	18644
23680	168	453	225	16975	0	17821
23681	127	195	165	18281	0	18768
23682	17781	153	112	597	0	18643
23683	473	17598	105	313	0	18489
23684	257	455	104	17468	0	18284
23685	173	17456	93	527	0	18249
23686	144	501	93	17809	0	18547
23687	17462	193	78	560	0	18293
23688	17820	173	103	271	0	18367
23689	575	123	89	17566	0	18353
23690	17435	125	84	555	0	18199
23691	17559	101	88	285	0	18033
23692	612	17234	74	211	0	18131
23693	344	428	81	16815	0	17668
23694	218	17133	78	470	0	17899
23695	190	500	55	17159	0	17904
23696	17106	228	51	544	0	17929
23697	492	190	60	17089	0	17831
23698	264	142	52	17305	0	17763
23699	197	147	16639	633	0	17616
23700	170	15982	362	360	0	16874
23701	198	16897	150	238	0	17483
23702	16480	514	116	267	0	17377
23703	471	320	67	14859	0	15717
23704	13989	155	65	409	0	14618
23705	398	13513	54	219	0	14184
23706	195	12833	49	178	0	13255
23707	150	13407	43	133	0	13733
23708	11536	381	227	148	0	12292
23709	247	11581	55	107	0	11990
23710	10838	258	129	119	0	11344
23711	10673	59	28	76	0	10836
23712	10955	49	28	63	0	11095
23713	205	56	14	11584	0	11859
23714	81	53	19	11972	0	12125
23715	81	31	23	12098	0	12233
23716	59	40	18	12005	0	12122
23717	11917	30	23	282	0	12252
23718	225	11728	22	95	0	12070
23719	91	203	16	11912	0	12222
23720	12058	65	18	253	0	12394
23721	236	45	15	11939	0	12235
23722	68	47	16	12026	0	12157
23723	11907	38	31	278	0	12254
23724	241	44	11712	95	0	12092
23725	95	50	178	11743	0	12066
23726	62	30	11886	248	0	12226
23727	62	24	183	11711	0	11980
23728	49	116	51	11763	0	11979
23729	11533	19	29	258	0	11839
23730	199	11207	30	105	0	11541
23731	61	11221	22	67	0	11371
23732	10792	168	18	70	0	11048
23733	169	11175	16	47	0	11407
23734	11215	152	68	65	0	11500
23735	170	30	11055	32	0	11287
23736	10389	28	111	38	0	10566
23737	10791	6	20	27	0	10844
23738	10910	6	13	28	0	10957
23739	122	8	10	10745	0	10885
23740	53	15	3	10744	0	10815
23741	25	10670	12	122	0	10829
23742	31	125	3	10749	0	10908
23743	10715	23	10	128	0	10876
23744	101	10740	12	42	0	10895
23745	23	10757	7	37	0	10824
23746	10728	107	12	20	0	10867
23747	110	32	10639	14	0	10795
23748	33	24	97	10442	0	10596
23749	32	10	10657	97	0	10796
23750	20	17	95	10444	0	10576
23751	16	10537	20	99	0	10672
23752	16	89	18	10772	0	10895
23753	10662	22	9	110	0	10803
23754	99	18	3	10674	0	10794
23755	30	8	10861	113	0	11012
23756	10143	9	98	53	0	10303
23757	107	10783	25	29	0	10944
23758	34	11403	14	22	0	11473
23759	11769	128	14	40	0	11951
23760	12436	39	7	21	0	12503
23761	195	25	12369	15	0	12604
23762	11944	20	161	25	0	12150
23763	189	12379	40	20	0	12628
23764	12562	167	26	22	0	12777
23765	203	44	10	12158	0	12415
23766	63	11663	13	149	0	11888
23767	11869	167	9	57	0	12102
23768	202	54	11779	30	0	12065
23769	74	34	159	11824	0	12091
23770	12123	22	43	200	0	12388
23771	195	25	12019	66	0	12305
23772	12086	25	180	55	0	12346
23773	220	19	50	11990	0	12279
23774	78	18	34	12253	0	12383
23775	54	28	12172	227	0	12481
23776	56	18	175	12087	0	12336
23777	12379	14	62	222	0	12677
23778	189	12238	36	99	0	12562
23779	12408	181	18	65	0	12672
23780	12550	55	20	63	0	12688
23781	255	25	21	12403	0	12704
23782	94	34	12503	234	0	12865
23783	64	28	196	12441	0	12729
23784	12643	17	58	235	0	12953
23785	213	12432	34	96	0	12775
23786	12818	189	19	70	0	13096
23787	245	66	15	12794	0	13120
23788	99	34	32	13051	0	13216
23789	64	26	31	13167	0	13288
23790	55	26	12876	292	0	13249
23791	56	29	205	12900	0	13190
23792	69	25	12800	241	0	13135
23793	54	33	12803	93	0	12983
23794	66	30	243	13603	0	13942
23795	53	31	13821	268	0	14173
23796	14906	16	255	141	0	15318
23797	311	19	105	15804	0	16239
23798	149	25	50	15864	0	16088
23799	86	16371	54	418	0	16929
23800	16616	325	37	204	0	17182
23801	17262	130	41	123	0	17556
23802	475	17190	34	91	0	17790
23803	221	349	37	17250	0	17857
23804	142	154	17300	364	0	17960
23805	16924	84	350	203	0	17561
23806	17703	59	155	136	0	18053
23807	535	63	81	16825	0	17504
23808	259	70	16407	402	0	17138
23809	167	16225	351	195	0	16938
23810	16106	386	157	122	0	16771
23811	435	182	16117	104	0	16838
23812	221	15908	371	85	0	16585
23813	15194	343	235	77	0	15849
23814	15259	131	114	88	0	15592
23815	494	75	83	14847	0	15499
23816	253	14919	51	357	0	15580
23817	164	344	70	15581	0	16159
23818	106	176	62	15985	0	16329
23819	117	102	63	15522	0	15804
23820	102	73	55	16002	0	16232
23821	94	74	15481	569	0	16218
23822	110	62	357	15725	0	16254
23823	117	66	150	16044	0	16377
23824	113	50	15546	558	0	16267
23825	91	15538	362	305	0	16296
23826	15510	373	159	225	0	16267
23827	15817	161	101	175	0	16254
23828	496	91	83	15685	0	16355
23829	15763	66	56	507	0	16392
23830	480	44	77	15915	0	16516
23831	231	58	15749	521	0	16559
23832	157	57	15671	291	0	16176
23833	115	15396	494	200	0	16205
23834	15190	377	222	156	0	15945
23835	458	176	15747	120	0	16501
23836	266	106	416	15126	0	15914
23837	201	58	216	16144	0	16619
23838	165	59	137	16744	0	17105
23839	154	53	86	16774	0	17067
23840	149	70	106	16692	0	17017
23841	106	65	16101	831	0	17103
23842	123	94	464	16408	0	17089
23843	16037	91	260	661	0	17049
23844	509	15900	158	403	0	16970
23845	15992	432	111	295	0	16830
23846	527	16021	112	276	0	16936
23847	16120	501	98	278	0	16997
23848	16495	259	120	240	0	17114
23849	731	130	94	16100	0	17055
23850	386	104	114	16465	0	17069
23851	16000	84	109	758	0	16951
23852	15729	100	119	426	0	16374
23853	16148	120	91	278	0	16637
23854	774	15126	101	212	0	16213
23855	408	15597	100	197	0	16302
23856	307	585	15240	179	0	16311
23857	280	394	427	14978	0	16079
23858	239	155	14822	560	0	15776
23859	171	14478	442	423	0	15514
23860	159	395	245	13911	0	14710
23861	127	207	112	14107	0	14553
23862	157	108	88	14423	0	14776
23863	13774	132	92	689	0	14687
23864	13931	114	82	425	0	14552
23865	557	13910	116	272	0	14855
23866	297	389	99	14130	0	14915
23867	214	205	14041	510	0	14970
23868	162	161	13746	348	0	14417
23869	13848	135	520	246	0	14749
23870	14211	85	265	224	0	14785
23871	608	85	139	13990	0	14822
23872	14126	71	104	526	0	14827
23873	563	78	13714	337	0	14692
23874	351	13735	395	254	0	14735
23875	248	397	260	13844	0	14749
23876	188	242	14163	473	0	15066
23877	171	147	450	14179	0	14947
23878	172	99	274	14449	0	14994
23879	162	86	14263	662	0	15173
23880	13876	65	412	468	0	14821
23881	14571	79	238	345	0	15233
23882	537	14824	152	311	0	15824
23883	15264	394	136	268	0	16062
23884	15697	248	115	269	0	16329
23885	650	136	15477	270	0	16533
23886	15443	113	463	256	0	16275
23887	590	16089	253	241	0	17173
23888	16267	457	160	232	0	17116
23889	16730	251	135	164	0	17280
23890	17187	174	111	141	0	17613
23891	16393	145	80	169	0	16787
23892	17170	110	80	165	0	17525
23893	858	16625	80	192	0	17755
23894	16136	436	102	167	0	16841
23895	692	15701	94	147	0	16634
23896	297	14000	71	99	0	14467
23897	184	14134	66	98	0	14482
23898	13571	450	274	110	0	14405
23899	13456	181	72	83	0	13792
23900	468	101	13047	67	0	13683
23901	13358	90	287	65	0	13800
23902	13655	54	136	87	0	13932
23903	496	59	13567	85	0	14207
23904	232	39	358	13453	0	14082
23905	194	53	160	13343	0	13750
23906	125	49	79	14188	0	14441
23907	109	62	50	14288	0	14509
23908	142	42	35	14409	0	14628
23909	119	67	13871	512	0	14569
23910	113	13866	335	232	0	14546
23911	13606	343	142	124	0	14215
23912	399	13697	66	105	0	14267
23913	13742	372	70	74	0	14258
23914	13849	169	51	80	0	14149
23915	543	89	13369	67	0	14068
23916	249	150	313	12482	0	13194
23917	150	12976	139	299	0	13564
23918	13094	309	69	158	0	13630
23919	13111	131	75	111	0	13428
23920	13315	85	35	95	0	13530
23921	480	13219	46	80	0	13825
23922	13299	303	62	70	0	13734
23923	13441	137	51	63	0	13692
23924	13461	87	33	66	0	13647
23925	487	58	46	13014	0	13605
23926	266	55	36	13305	0	13662
23927	186	53	28	13474	0	13741
23928	13166	52	33	431	0	13682
23929	374	13158	39	202	0	13773
23930	13279	294	30	106	0	13709
23931	13118	149	29	73	0	13369
23932	12950	83	38	50	0	13121
23933	13058	75	17	51	0	13201
23934	522	12620	31	45	0	13218
23935	12066	278	32	45	0	12421
23936	400	11780	21	50	0	12251
23937	170	11661	18	38	0	11887
23938	11496	275	46	45	0	11862
23939	304	11298	12	47	0	11661
23940	152	11670	14	41	0	11877
23941	11625	263	86	40	0	12014
23942	11814	117	19	39	0	11989
23943	322	86	15	11484	0	11907
23944	174	74	9	11904	0	12161
23945	12146	50	14	294	0	12504
23946	12639	54	17	120	0	12830
23947	12463	56	28	94	0	12641
23948	329	64	12257	43	0	12693
23949	12735	64	185	45	0	13029
23950	328	59	67	12772	0	13226
23951	167	51	41	12928	0	13187
23952	137	39	35	13031	0	13242
23953	106	62	24	12978	0	13170
23954	102	49	12568	306	0	13025
23955	115	51	12573	132	0	12871
23956	109	49	248	12675	0	13081
23957	98	53	12632	266	0	13049
23958	129	42	12632	131	0	12934
23959	132	45	262	12791	0	13230
23960	121	51	105	13081	0	13358
23961	121	39	68	13509	0	13737
23962	124	52	68	13033	0	13277
23963	13424	48	40	352	0	13864
23964	13850	45	36	201	0	14132
23965	357	39	38	13522	0	13956
23966	187	45	39	13672	0	13943
23967	156	45	40	13590	0	13831
23968	115	52	39	13544	0	13750
23969	115	39	48	13482	0	13684
23970	119	13267	36	362	0	13784
23971	13355	230	51	180	0	13816
23972	294	13366	48	133	0	13841
23973	13459	252	25	148	0	13884
23974	13528	114	29	113	0	13784
23975	13512	65	28	115	0	13720
23976	388	70	22	12871	0	13351
23977	12946	55	25	283	0	13309
23978	341	61	22	12770	0	13194
23979	205	98	19	12715	0	13037
23980	12781	45	24	344	0	13194
23981	330	12420	20	159	0	12929
23982	137	12246	12	110	0	12505
23983	12049	211	15	91	0	12366
23984	258	89	11989	68	0	12404
23985	11590	70	155	88	0	11903
23986	264	102	66	11591	0	12023
23987	129	11041	26	172	0	11368
23988	95	11184	9	104	0	11392
23989	11408	180	23	96	0	11707
23990	181	104	14	11594	0	11893
23991	107	11936	10	139	0	12192
23992	11904	101	26	96	0	12127
23993	11848	61	11	70	0	11990
23994	11906	32	5	54	0	11997
23995	11971	29	5	59	0	12064
23996	181	11625	7	49	0	11862
23997	83	11681	5	37	0	11806
23998	11786	118	10	33	0	11947
23999	11942	61	11	39	0	12053
24000	153	30	11850	25	0	12058
24001	49	11590	68	16	0	11723
24002	11566	67	51	28	0	11712
24003	11835	25	11	19	0	11890
24004	118	19	11918	6	0	12061
24005	11614	11	88	32	0	11745
24006	134	5	12430	11	0	12580
24007	38	9	13142	7	0	13196
24008	19	29	174	12391	0	12613
24009	14	12689	56	142	0	12901
24010	13675	152	15	56	0	13898
24011	163	46	5	13729	0	13943
24012	61	19	5	13901	0	13986
24013	23	13	1	14118	0	14155
24014	13999	6	1	253	0	14259
24015	186	8	4	13973	0	14171
24016	68	8	6	14323	0	14405
24017	35	7	14214	233	0	14489
24018	13975	6	180	101	0	14262
24019	14614	6	67	39	0	14726
24020	274	14	14520	26	0	14834
24021	14174	5	209	38	0	14426
24022	243	13	64	14313	0	14633
24023	88	14373	36	212	0	14709
24024	50	204	12	14564	0	14830
24025	14413	66	16	241	0	14736
24026	220	14466	13	108	0	14807
24027	90	207	9	14658	0	14964
24028	49	84	10	14945	0	15088
24029	43	24	12	14926	0	15005
24030	49	15	15	14417	0	14496
24031	27	14834	18	292	0	15171
24032	14954	233	11	117	0	15315
24033	15203	73	19	54	0	15349
24034	319	15382	20	51	0	15772
24035	16660	287	11	51	0	17009
24036	17492	93	18	38	0	17641
24037	17453	41	8	41	0	17543
24038	515	29	16860	45	0	17449
24039	211	26	335	16763	0	17335
24040	126	20	16426	376	0	16948
24041	16430	16	349	157	0	16952
24042	401	16646	127	101	0	17275
24043	16550	339	69	85	0	17043
24044	426	16613	56	50	0	17145
24045	196	401	44	15921	0	16562
24046	150	145	37	16217	0	16549
24047	114	88	16006	446	0	16654
24048	95	16234	363	219	0	16911
24049	16073	400	158	131	0	16762
24050	448	175	16128	88	0	16839
24051	16106	94	403	87	0	16690
24052	490	74	160	16191	0	16915
24053	220	81	16216	434	0	16951
24054	134	16202	424	200	0	16960
24055	142	400	148	16125	0	16815
24056	100	155	16210	449	0	16914
24057	119	108	16148	179	0	16554
24058	103	15963	496	135	0	16697
24059	135	393	229	15577	0	16334
24060	119	162	128	15453	0	15862
24061	91	15412	94	520	0	16117
24062	15628	425	72	222	0	16347
24063	446	177	84	15320	0	16027
24064	202	15208	84	471	0	15965
24065	15439	426	71	213	0	16149
24066	15460	163	81	176	0	15880
24067	15705	120	94	138	0	16057
24068	580	15383	80	119	0	16162
24069	15638	430	78	133	0	16279
24070	15809	194	65	127	0	16195
24071	620	143	77	15359	0	16199
24072	15608	120	58	455	0	16241
24073	581	112	43	15557	0	16293
24074	279	100	15168	527	0	16074
24075	219	123	15483	247	0	16072
24076	197	69	508	15620	0	16394
24077	168	90	15796	508	0	16562
24078	15416	102	494	258	0	16270
24079	552	83	193	15854	0	16682
24080	281	75	129	16091	0	16576
24081	232	76	15543	603	0	16454
24082	167	14939	456	333	0	15895
24083	155	15753	199	228	0	16335
24084	140	516	175	15240	0	16071
24085	148	234	118	15575	0	16075
24086	152	144	14949	618	0	15863
24087	137	121	15247	296	0	15801
24088	150	109	574	15197	0	16030
24089	146	100	14886	564	0	15696
24090	14661	115	537	291	0	15604
24091	569	125	218	14697	0	15609
24092	14931	105	145	609	0	15790
24093	617	109	129	14864	0	15719
24094	277	106	101	15296	0	15780
24095	215	97	14688	704	0	15704
24096	187	14792	516	326	0	15821
24097	202	486	205	14825	0	15718
24098	140	207	14717	604	0	15668
24099	182	14403	511	302	0	15398
24100	156	510	230	14462	0	15358
24101	14448	176	188	596	0	15408
24102	521	125	14490	295	0	15431
24103	14029	105	495	243	0	14872
24104	585	85	13904	185	0	14759
24105	13006	81	555	157	0	13799
24106	498	12980	244	158	0	13880
24107	195	12559	162	148	0	13064
24108	182	602	190	11659	0	12633
24109	122	11890	134	391	0	12537
24110	11747	438	113	222	0	12520
24111	400	150	106	11786	0	12442
24112	179	122	102	11992	0	12395
24113	132	121	89	12122	0	12464
24114	105	92	11527	543	0	12267
24115	90	93	369	11637	0	12189
24116	89	89	11358	478	0	12014
24117	93	11144	407	242	0	11886
24118	10531	332	194	184	0	11241
24119	352	10960	112	159	0	11583
24120	11030	357	118	154	0	11659
24121	11205	141	100	142	0	11588
24122	11275	88	80	153	0	11596
24123	11166	93	89	137	0	11485
24124	485	73	10762	114	0	11434
24125	223	71	345	10699	0	11338
24126	175	96	147	10668	0	11086
24127	137	82	108	11066	0	11393
24128	9734	105	97	465	0	10401
24129	10106	74	75	263	0	10518
24130	411	10628	79	167	0	11285
24131	206	266	10312	118	0	10902
24132	179	91	10169	126	0	10565
24133	120	9879	356	123	0	10478
24134	130	10000	180	117	0	10427
24135	268	328	283	8133	0	9012
24136	84	74	46	7941	0	8145
24137	8039	47	38	208	0	8332
24138	175	8003	42	102	0	8322
24139	86	173	38	8248	0	8545
24140	56	63	8370	197	0	8686
24141	64	59	188	8586	0	8897
24142	55	52	49	8802	0	8958
24143	55	35	53	8934	0	9077
24144	53	40	41	8762	0	8896
24145	56	31	8464	242	0	8793
24146	48	8124	182	114	0	8468
24147	49	8310	66	86	0	8511
24148	7865	172	39	55	0	8131
24149	160	7794	45	56	0	8055
24150	65	8174	28	57	0	8324
24151	53	181	35	8171	0	8440
24152	55	69	32	8259	0	8415
24153	42	55	27	8270	0	8394
24154	42	44	8109	209	0	8404
24155	45	8109	138	97	0	8389
24156	46	161	48	8006	0	8261
24157	44	8260	30	175	0	8509
24158	8217	143	42	97	0	8499
24159	142	8258	43	75	0	8518
24160	8276	149	43	77	0	8545
24161	161	63	8211	65	0	8500
24162	8180	53	159	59	0	8451
24163	163	56	48	8357	0	8624
24164	77	51	8400	157	0	8685
24165	8242	39	141	73	0	8495
24166	8431	54	47	52	0	8584
24167	8521	45	35	53	0	8654
24168	183	35	34	8435	0	8687
24169	75	45	8411	186	0	8717
24170	8433	31	155	99	0	8718
24171	166	29	51	8750	0	8996
24172	69	33	38	8831	0	8971
24173	56	39	8892	202	0	9189
24174	49	8821	146	87	0	9103
24175	50	151	49	8613	0	8863
24176	47	8841	47	139	0	9074
24177	8673	150	28	66	0	8917
24178	8744	50	35	57	0	8886
24179	172	51	27	8638	0	8888
24180	8607	34	27	163	0	8831
24181	147	8595	31	75	0	8848
24182	8524	124	20	66	0	8734
24183	145	8555	24	52	0	8776
24184	82	140	35	8564	0	8821
24185	62	65	23	8459	0	8609
24186	39	8538	26	145	0	8748
24187	51	126	29	8540	0	8746
24188	41	50	8473	152	0	8716
24189	39	8225	100	80	0	8444
24190	7668	83	23	41	0	7815
24191	71	7701	31	34	0	7837
24192	44	65	17	7525	0	7651
24193	26	32	7557	68	0	7683
24194	34	31	68	7495	0	7628
24195	25	24	25	7522	0	7596
24196	7411	15	19	96	0	7541
24197	94	12	7392	49	0	7547
24198	34	7411	68	48	0	7561
24199	33	75	7658	35	0	7801
24200	23	31	7634	24	0	7712
24201	22	37	7588	24	0	7671
24202	45	119	88	7189	0	7441
24203	7515	14	39	75	0	7643
24204	67	7565	20	28	0	7680
24205	7758	77	12	34	0	7881
24206	8095	17	10	45	0	8167
24207	80	20	13	7973	0	8086
24208	32	8040	9	84	0	8165
24209	8059	74	8	30	0	8171
24210	82	8129	9	25	0	8245
24211	30	85	12	8128	0	8255
24212	24	28	14	8416	0	8482
24213	21	8373	16	99	0	8509
24214	16	75	9	8468	0	8568
24215	19	35	8281	89	0	8424
24216	22	19	8202	30	0	8273
24217	16	23	87	8330	0	8456
24218	10	22	27	8469	0	8528
24219	23	12	8072	98	0	8205
24220	17	25	7884	32	0	7958
24221	7512	9	89	52	0	7662
24222	82	7800	33	28	0	7943
24223	28	8316	27	24	0	8395
24224	21	97	12	8156	0	8286
24225	18	37	10	8239	0	8304
24226	18	27	15	8281	0	8341
24227	23	15	8203	97	0	8338
24228	20	17	8036	49	0	8122
24229	21	16	96	8268	0	8401
24230	16	16	8208	97	0	8337
24231	18	8116	104	41	0	8279
24232	8129	94	39	35	0	8297
24233	101	22	8113	26	0	8262
24234	31	24	8061	18	0	8134
24235	29	22	106	8183	0	8340
24236	18	16	8971	119	0	9124
24237	19	9173	128	56	0	9376
24238	25	122	32	9338	0	9517
24239	22	32	9393	130	0	9577
24240	15	9163	132	57	0	9367
24241	9012	127	50	40	0	9229
24242	119	44	34	8975	0	9172
24243	38	32	23	9045	0	9138
24244	8990	19	20	148	0	9177
24245	116	9008	14	74	0	9212
24246	9082	115	21	45	0	9263
24247	9067	50	14	34	0	9165
24248	9102	23	18	26	0	9169
24249	166	21	14	8902	0	9103
24250	8630	18	15	131	0	8794
24251	150	8250	16	44	0	8460
24252	59	8533	13	36	0	8641
24253	8741	135	21	31	0	8928
24254	142	49	16	8818	0	9025
24255	66	33	8	8871	0	8978
24256	43	30	3	8926	0	9002
24257	33	19	8556	183	0	8791
24258	29	8569	124	70	0	8792
24259	24	128	46	8715	0	8913
24260	8736	47	23	160	0	8966
24261	143	26	21	8740	0	8930
24262	52	21	8645	169	0	8887
24263	37	8645	122	80	0	8884
24264	8673	129	53	53	0	8908
24265	8626	60	31	33	0	8750
24266	8735	39	16	43	0	8833
24267	193	21	24	8683	0	8921
24268	74	26	8666	156	0	8922
24269	58	26	8906	70	0	9060
24270	44	9112	176	48	0	9380
24271	51	186	66	9060	0	9363
24272	48	50	42	9302	0	9442
24273	8887	38	27	236	0	9188
24274	175	32	22	9118	0	9347
24275	9348	30	23	228	0	9629
24276	238	30	9213	88	0	9569
24277	87	23	9450	77	0	9637
24278	84	19	237	9309	0	9649
24279	49	15	91	9551	0	9706
24280	48	22	58	9788	0	9916
24281	9783	19	45	296	0	10143
24282	10458	19	46	128	0	10651
24283	290	29	32	10626	0	10977
24284	112	16	10421	298	0	10847
24285	66	21	10693	138	0	10918
24286	49	12	326	10810	0	11197
24287	10967	17	148	324	0	11456
24288	296	19	87	11006	0	11408
24289	119	20	53	11298	0	11490
24290	77	19	11020	389	0	11505
24291	49	16	11094	184	0	11343
24292	10741	21	351	122	0	11235
24293	314	17	11048	79	0	11458
24294	136	17	308	10799	0	11260
24295	107	16	122	11064	0	11309
24296	10912	6	94	389	0	11401
24297	297	10770	73	167	0	11307
24298	10792	269	75	125	0	11261
24299	317	10672	62	79	0	11130
24300	10582	285	39	92	0	10998
24301	344	99	10379	82	0	10904
24302	9912	81	283	102	0	10378
24303	10175	31	120	79	0	10405
24304	361	58	93	9955	0	10467
24305	172	36	9910	265	0	10383
24306	127	17	284	9448	0	9876
24307	84	21	123	9624	0	9852
24308	66	9374	80	390	0	9910
24309	74	236	60	9311	0	9681
24310	69	9363	48	312	0	9792
24311	87	268	37	9342	0	9734
24312	9225	114	39	334	0	9712
24313	284	69	50	9315	0	9718
24314	145	44	9194	340	0	9723
24315	9129	36	275	161	0	9601
24316	317	40	9399	107	0	9863
24317	9409	27	281	117	0	9834
24318	9749	26	129	103	0	10007
24319	366	9494	96	116	0	10072
24320	194	10002	74	87	0	10357
24321	9801	342	74	93	0	10310
24322	10198	140	67	87	0	10492
24323	10057	81	47	85	0	10270
24324	10084	52	57	103	0	10296
24325	10116	52	43	103	0	10314
24326	440	38	36	9834	0	10348
24327	218	41	52	10066	0	10377
24328	151	49	9810	386	0	10396
24329	9710	26	308	180	0	10224
24330	365	33	143	9752	0	10293
24331	202	25	85	9950	0	10262
24332	138	50	9723	399	0	10310
24333	116	9348	305	219	0	9988
24334	113	9871	139	130	0	10253
24335	9521	364	101	153	0	10139
24336	9044	131	83	91	0	9349
24337	410	8443	48	88	0	8989
24338	173	8479	61	71	0	8784
24339	8413	278	57	84	0	8832
24340	8712	97	63	88	0	8960
24341	332	58	51	8454	0	8895
24342	179	43	42	8621	0	8885
24343	123	39	38	8842	0	9042
24344	8530	37	40	364	0	8971
24345	8700	33	57	176	0	8966
24346	345	49	42	8721	0	9157
24347	9129	59	54	296	0	9538
24348	363	45	9254	143	0	9805
24349	185	53	271	9336	0	9845
24350	147	47	9294	333	0	9821
24351	104	9196	310	171	0	9781
24352	120	298	153	9186	0	9757
24353	9100	100	98	317	0	9615
24354	338	63	53	9088	0	9542
24355	163	47	50	9267	0	9527
24356	115	32	8948	403	0	9498
24357	98	44	9020	191	0	9353
24358	106	9167	316	136	0	9725
24359	9230	273	132	96	0	9731
24360	9454	108	65	80	0	9707
24361	9453	66	52	91	0	9662
24362	9583	47	51	90	0	9771
24363	433	42	60	9298	0	9833
24364	215	40	50	9415	0	9720
24365	130	9489	50	379	0	10048
24366	9544	287	39	167	0	10037
24367	9656	107	38	126	0	9927
24368	423	66	9234	91	0	9814
24369	8561	35	244	67	0	8907
24370	304	8673	96	75	0	9148
24371	153	364	61	8339	0	8917
24372	115	8687	50	237	0	9089
24373	8589	266	43	120	0	9018
24374	300	8578	27	66	0	8971
24375	152	245	23	8286	0	8706
24376	102	82	24	8444	0	8652
24377	79	43	22	8266	0	8410
24378	70	8019	34	304	0	8427
24379	84	321	18	8001	0	8424
24380	82	172	34	7966	0	8254
24381	59	7357	18	274	0	7708
24382	43	7136	11	106	0	7296
24383	6699	183	24	49	0	6955
24384	177	6782	17	46	0	7022
24385	6551	152	12	30	0	6745
24386	162	60	6432	39	0	6693
24387	69	6323	121	33	0	6546
24388	6316	139	43	28	0	6526
24389	6288	56	10	26	0	6380
24390	171	23	6120	37	0	6351
24391	79	29	119	6051	0	6278
24392	47	15	6189	139	0	6390
24393	32	6086	121	57	0	6296
24394	6003	140	50	41	0	6234
24395	136	5948	28	34	0	6146
24396	57	129	17	5965	0	6168
24397	41	55	15	6087	0	6198
24398	34	23	5943	159	0	6159
24399	31	31	5693	54	0	5809
24400	5634	31	146	31	0	5842
24401	5877	17	41	43	0	5978
24402	5897	27	24	27	0	5975
24403	5868	16	22	32	0	5938
24404	167	5839	9	36	0	6051
24405	74	118	23	5821	0	6036
24406	48	48	19	5920	0	6035
24407	41	5966	14	163	0	6184
24408	6098	132	18	57	0	6305
24409	6166	40	17	43	0	6266
24410	171	36	6069	38	0	6314
24411	6135	25	120	27	0	6307
24412	154	29	40	6115	0	6338
24413	74	17	6093	136	0	6320
24414	54	32	126	6042	0	6254
24415	51	18	6105	139	0	6313
24416	35	21	5977	58	0	6091
24417	45	92	145	5680	0	5962
24418	34	5734	61	124	0	5953
24419	5721	107	33	46	0	5907
24420	5598	37	30	27	0	5692
24421	137	5714	10	39	0	5900
24422	55	5846	21	33	0	5955
24423	5842	136	22	33	0	6033
24424	5920	50	11	35	0	6016
24425	5919	34	17	24	0	5994
24426	5926	25	16	21	0	5988
24427	157	24	15	5920	0	6116
24428	69	26	5936	106	0	6137
24429	44	5916	100	51	0	6111
24430	5871	110	36	28	0	6045
24431	119	6070	12	25	0	6226
24432	6056	116	21	18	0	6211
24433	6119	44	10	21	0	6194
24434	145	28	6065	19	0	6257
24435	56	6154	100	11	0	6321
24436	46	112	26	6168	0	6352
24437	37	39	14	6296	0	6386
24438	30	25	20	6009	0	6084
24439	6126	26	8	142	0	6302
24440	5989	19	18	57	0	6083
24441	6014	19	14	43	0	6090
24442	134	5990	13	33	0	6170
24443	5928	104	11	25	0	6068
24444	118	5912	8	32	0	6070
24445	58	106	5823	20	0	6007
24446	36	5784	82	23	0	5925
24447	76	147	79	5216	0	5518
24448	10	23	14	5058	0	5105
24449	17	18	5021	52	0	5108
24450	25	6	42	4882	0	4955
24451	14	11	17	4994	0	5036
24452	5069	9	9	64	0	5151
24453	5011	11	8	24	0	5054
24454	5083	13	12	14	0	5122
24455	62	5078	8	14	0	5162
24456	5083	50	7	19	0	5159
24457	4983	16	8	19	0	5026
24458	68	5033	8	16	0	5125
24459	23	47	16	5043	0	5129
24460	19	21	10	5073	0	5123
24461	5081	12	4	69	0	5166
24462	67	11	4949	21	0	5048
24463	25	4777	52	19	0	4873
24464	20	84	11	4598	0	4713
24465	20	4542	7	57	0	4626
24466	24	4602	5	13	0	4644
24467	4636	51	9	20	0	4716
24468	4647	14	4	16	0	4681
24469	51	14	5	4662	0	4732
24470	21	13	4	4552	0	4590
24471	18	13	6	4570	0	4607
24472	16	17	4	4513	0	4550
24473	17	8	4409	61	0	4495
24474	16	4	4180	25	0	4225
24475	15	14	48	4443	0	4520
24476	11	6	4768	61	0	4846
24477	11	4846	50	19	0	4926
24478	4935	49	12	19	0	5015
24479	5063	13	10	20	0	5106
24480	61	16	8	5063	0	5148
24481	26	11	6	5126	0	5169
24482	26	6	8	5167	0	5207
24483	18	5188	8	69	0	5283
24484	5220	58	5	30	0	5313
24485	5266	14	7	23	0	5310
24486	70	12	5167	24	0	5273
24487	32	8	62	5464	0	5566
24488	24	14	5698	84	0	5820
24489	15	12	78	6202	0	6307
24490	17	5	20	6224	0	6266
24491	18	13	18	6213	0	6262
24492	15	14	8	6474	0	6511
24493	6466	5	8	145	0	6624
24494	6715	8	6	62	0	6791
24495	6873	6	7	48	0	6934
24496	176	6	7	6825	0	7014
24497	65	13	6698	139	0	6915
24498	6617	9	123	49	0	6798
24499	146	11	39	6801	0	6997
24500	6837	5	23	151	0	7016
24501	147	7	10	6792	0	6956
24502	50	6585	19	149	0	6803
24503	35	6924	14	58	0	7031
24504	46	148	8	6889	0	7091
24505	24	53	15	6917	0	7009
24506	16	30	8	6944	0	6998
24507	32	6766	6	188	0	6992
24508	6746	131	3	74	0	6954
24509	146	6760	8	54	0	6968
24510	52	141	6786	42	0	7021
24511	36	52	138	6733	0	6959
24512	22	6982	48	153	0	7205
24513	26	145	28	6957	0	7156
24514	28	49	13	7067	0	7157
24515	26	19	7053	209	0	7307
24516	6720	27	137	97	0	6981
24517	150	7330	44	57	0	7581
24518	7367	148	21	55	0	7591
24519	7559	44	13	48	0	7664
24520	7627	21	12	44	0	7704
24521	225	28	7248	26	0	7527
24522	93	20	151	7138	0	7402
24523	49	25	45	7324	0	7443
24524	37	11	7158	206	0	7412
24525	6769	7	157	105	0	7038
24526	176	27	7230	55	0	7488
24527	60	15	7135	45	0	7255
24528	37	7151	172	44	0	7404
24529	42	152	72	7166	0	7432
24530	33	54	7229	160	0	7476
24531	6785	27	152	85	0	7049
24532	7078	22	45	56	0	7201
24533	193	24	7067	37	0	7321
24534	85	15	140	7166	0	7406
24535	42	25	7296	157	0	7520
24536	30	7272	163	74	0	7539
24537	7582	158	56	61	0	7857
24538	7759	49	31	51	0	7890
24539	7942	32	29	36	0	8039
24540	221	18	28	7796	0	8063
24541	81	16	25	8009	0	8131
24542	54	24	7858	209	0	8145
24543	7698	21	164	90	0	7973
24544	179	19	63	7912	0	8173
24545	7888	16	40	183	0	8127
24546	222	13	7872	69	0	8176
24547	74	13	8045	51	0	8183
24548	55	6	205	7782	0	8048
24549	37	20	84	8189	0	8330
24550	53	19	8027	215	0	8314
24551	7775	19	191	79	0	8064
24552	207	16	64	7897	0	8184
24553	78	8097	49	182	0	8406
24554	8262	177	40	70	0	8549
24555	192	8332	30	70	0	8624
24556	8390	190	33	56	0	8669
24557	230	56	8475	35	0	8796
24558	101	33	8298	32	0	8464
24559	64	8412	204	50	0	8730
24560	8420	169	98	40	0	8727
24561	202	52	8392	35	0	8681
24562	8161	35	181	45	0	8422
24563	214	8349	73	48	0	8684
24564	90	166	49	8493	0	8798
24565	75	44	37	8468	0	8624
24566	41	8248	45	209	0	8543
24567	8640	174	34	88	0	8936
24568	8868	54	45	56	0	9023
24569	9134	33	34	39	0	9240
24570	250	45	8988	40	0	9323
24571	113	20	189	8990	0	9312
24572	63	19	95	9124	0	9301
24573	50	34	51	9304	0	9439
24574	45	22	9074	266	0	9407
24575	43	8894	182	103	0	9222
24576	8617	180	76	60	0	8933
24577	213	65	8673	36	0	8987
24578	8462	47	189	58	0	8756
24579	206	8568	78	36	0	8888
24580	8637	180	47	41	0	8905
24581	210	99	43	8492	0	8844
24582	8662	32	38	202	0	8934
24583	230	24	38	8636	0	8928
24584	99	27	8765	192	0	9083
24585	86	110	180	8659	0	9035
24586	58	33	8731	214	0	9036
24587	8072	27	173	77	0	8349
24588	176	8212	83	41	0	8512
24589	81	168	23	7540	0	7812
24590	41	7892	34	113	0	8080
24591	7891	124	41	45	0	8101
24592	7854	49	26	39	0	7968
24593	153	7725	28	28	0	7934
24594	7697	101	26	43	0	7867
24595	7879	32	42	27	0	7980
24596	139	18	20	7780	0	7957
24597	38	29	21	7901	0	7989
24598	8081	8	19	123	0	8231
24599	8267	21	24	43	0	8355
24600	159	18	21	8150	0	8348
24601	69	25	5	9027	0	9126
24602	9401	14	19	181	0	9615
24603	178	8	9443	70	0	9699
24604	9126	26	159	51	0	9362
24605	198	16	9337	38	0	9589
24606	69	9187	177	24	0	9457
24607	70	147	44	9180	0	9441
24608	48	40	9454	157	0	9699
24609	40	9649	145	59	0	9893
24610	9573	165	63	52	0	9853
24611	158	48	9822	35	0	10063
24612	9608	30	154	29	0	9821
24613	9986	34	45	24	0	10089
24614	10211	23	31	44	0	10309
24615	211	19	27	9742	0	9999
24616	86	10079	30	133	0	10328
24617	9845	148	15	65	0	10073
24618	187	27	10058	42	0	10314
24619	9334	28	150	63	0	9575
24620	187	26	10010	19	0	10242
24621	74	9912	148	42	0	10176
24622	59	126	48	9944	0	10177
24623	39	40	42	10003	0	10124
24624	49	9850	29	149	0	10077
24625	46	136	31	9995	0	10208
24626	38	48	9987	167	0	10240
24627	37	10010	131	65	0	10243
24628	40	158	44	9910	0	10152
24629	9828	55	41	166	0	10090
24630	10129	33	27	57	0	10246
24631	199	30	31	10219	0	10479
24632	98	10424	24	157	0	10703
24633	76	156	21	10455	0	10708
24634	55	47	30	10355	0	10487
24635	45	54	9922	218	0	10239
24636	50	10010	138	104	0	10302
24637	49	141	42	9970	0	10202
24638	48	44	9856	160	0	10108
24639	30	9785	147	62	0	10024
24640	50	164	48	9838	0	10100
24641	9819	41	62	177	0	10099
24642	165	9989	22	57	0	10233
24643	67	151	31	10093	0	10342
24644	10275	65	15	169	0	10524
24645	10372	45	20	81	0	10518
24646	10390	34	24	59	0	10507
24647	10326	32	22	40	0	10420
24648	231	23	25	10136	0	10415
24649	101	29	10217	163	0	10510
24650	86	52	134	9921	0	10193
24651	57	10134	46	174	0	10411
24652	10284	150	41	75	0	10550
24653	179	49	10056	72	0	10356
24654	9747	39	146	43	0	9975
24655	184	35	9912	35	0	10166
24656	78	32	158	9851	0	10119
24657	62	25	9961	145	0	10193
24658	56	27	152	9831	0	10066
24659	41	32	9911	171	0	10155
24660	49	31	160	9783	0	10023
24661	9900	31	63	189	0	10183
24662	170	10245	43	83	0	10541
24663	67	145	45	10331	0	10588
24664	70	47	30	10331	0	10478
24665	51	40	10368	179	0	10638
24666	57	31	10018	96	0	10202
24667	9802	34	170	77	0	10083
24668	149	10088	82	69	0	10388
24669	10028	130	62	50	0	10270
24670	10192	50	44	57	0	10343
24671	182	39	30	9966	0	10217
24672	81	10254	28	145	0	10508
24673	10469	129	48	67	0	10713
24674	10588	43	43	54	0	10728
24675	10678	37	34	50	0	10799
24676	10698	32	35	53	0	10818
24677	10637	19	29	48	0	10733
24678	210	29	10372	30	0	10641
24679	10272	16	133	47	0	10468
24680	193	31	10366	35	0	10625
24681	103	27	149	10159	0	10438
24682	94	18	49	10502	0	10663
24683	72	15	10296	166	0	10549
24684	10126	23	134	88	0	10371
24685	163	14	67	10327	0	10571
24686	82	18	61	10620	0	10781
24687	74	17	38	10733	0	10862
24688	53	27	39	10623	0	10742
24689	60	31	25	10751	0	10867
24690	42	21	10663	226	0	10952
24691	49	18	157	10597	0	10821
24692	44	27	10671	198	0	10940
24693	44	21	10477	109	0	10651
24694	10527	11	193	79	0	10810
24695	10855	16	85	57	0	11013
24696	11485	16	61	69	0	11631
24697	284	16	11653	59	0	12012
24698	140	15	11694	48	0	11897
24699	84	15	11969	57	0	12125
24700	61	12199	328	47	0	12635
24701	139	353	205	11517	0	12214
24702	11829	73	92	235	0	12229
24703	239	31	44	12501	0	12815
24704	104	12719	32	274	0	13129
24705	12903	238	31	133	0	13305
24706	276	95	30	12770	0	13171
24707	129	12896	29	284	0	13338
24708	67	247	28	13003	0	13345
24709	45	103	51	12995	0	13194
24710	12614	61	38	364	0	13077
24711	274	36	35	12544	0	12889
24712	134	60	12284	338	0	12816
24713	112	41	252	12176	0	12581
24714	74	11691	135	352	0	12252
24715	72	12219	81	172	0	12544
24716	55	346	78	11753	0	12232
24717	54	160	74	11745	0	12033
24718	60	11482	76	400	0	12018
24719	60	11628	61	232	0	11981
24720	61	11888	66	165	0	12180
24721	85	403	36	11031	0	11555
24722	82	11764	30	320	0	12196
24723	11617	375	30	193	0	12215
24724	284	208	11768	158	0	12418
24725	148	151	249	11506	0	12054
24726	83	11870	105	342	0	12400
24727	11693	343	63	211	0	12310
24728	296	199	11756	165	0	12416
24729	145	11841	276	161	0	12423
24730	11590	333	140	146	0	12209
24731	300	11443	87	110	0	11940
24732	140	11611	83	109	0	11943
24733	100	419	74	11368	0	11961
24734	62	11666	52	307	0	12087
24735	11472	365	41	172	0	12050
24736	286	196	57	11447	0	11986
24737	135	180	11287	317	0	11919
24738	103	145	11301	168	0	11717
24739	71	185	319	11201	0	11776
24740	69	166	11379	299	0	11913
24741	76	150	281	11392	0	11899
24742	11098	119	134	358	0	11709
24743	303	100	11124	191	0	11718
24744	156	90	271	10911	0	11428
24745	97	10860	173	325	0	11455
24746	74	291	125	11167	0	11657
24747	87	166	99	11196	0	11548
24748	68	11051	120	398	0	11637
24749	82	303	90	11371	0	11846
24750	98	180	73	11491	0	11842
24751	64	161	11172	405	0	11802
24752	55	11131	261	245	0	11692
24753	11139	334	121	188	0	11782
24754	257	196	87	11304	0	11844
24755	140	131	11283	373	0	11927
24756	96	119	271	11313	0	11799
24757	62	104	11215	379	0	11760
24758	10708	98	308	271	0	11385
24759	253	11159	190	188	0	11790
24760	136	299	132	11305	0	11872
24761	141	160	96	11597	0	11994
24762	11069	116	99	424	0	11708
24763	290	107	110	11186	0	11693
24764	144	123	10983	413	0	11663
24765	105	116	278	10768	0	11267
24766	92	10500	153	416	0	11161
24767	86	10930	101	260	0	11377
24768	80	11133	80	236	0	11529
24769	82	416	80	11006	0	11584
24770	97	207	10750	394	0	11448
24771	66	10799	281	268	0	11414
24772	10449	348	177	195	0	11169
24773	273	10743	104	210	0	11330
24774	10754	364	101	190	0	11409
24775	10873	193	109	176	0	11351
24776	348	177	10685	166	0	11376
24777	10931	139	293	169	0	11532
24778	11369	142	160	161	0	11832
24779	10824	177	100	165	0	11266
24780	11418	132	69	169	0	11788
24781	417	124	11114	158	0	11813
24782	11160	111	278	148	0	11697
24783	11674	113	164	139	0	12090
24784	406	11743	133	119	0	12401
24785	237	356	88	11539	0	12220
24786	173	227	69	11646	0	12115
24787	158	11627	75	391	0	12251
24788	11564	356	82	201	0	12203
24789	345	11681	100	145	0	12271
24790	11404	337	111	118	0	11970
24791	11500	206	76	102	0	11884
24792	441	11447	58	91	0	12037
24793	262	327	69	11340	0	11998
24794	204	169	11346	321	0	12040
24795	172	11079	266	191	0	11708
24796	178	471	144	9998	0	10791
24797	126	10135	88	205	0	10554
24798	98	10445	48	126	0	10717
24799	139	430	71	9721	0	10361
24800	84	114	9943	197	0	10338
24801	55	9574	163	139	0	9931
24802	42	9500	92	76	0	9710
24803	8307	161	68	19	0	8555
24804	99	71	14	8412	0	8596
24805	42	39	11	8484	0	8576
24806	32	20	7	8658	0	8717
24807	13	25	8570	174	0	8782
24808	20	17	114	8673	0	8824
24809	9	8904	51	159	0	9123
24810	9221	138	31	74	0	9464
24811	148	60	18	9269	0	9495
24812	63	46	9259	163	0	9531
24813	9398	28	143	74	0	9643
24814	170	20	57	9795	0	10042
24815	74	25	10257	179	0	10535
24816	46	22	10327	78	0	10473
24817	10440	26	247	52	0	10765
24818	11006	15	95	34	0	11150
24819	10953	20	39	30	0	11042
24820	11104	20	32	35	0	11191
24821	284	21	10887	22	0	11214
24822	116	10973	187	35	0	11311
24823	11022	180	70	41	0	11313
24824	211	10884	43	46	0	11184
24825	10860	211	36	32	0	11139
24826	233	10909	22	28	0	11192
24827	100	235	23	10874	0	11232
24828	66	85	22	10897	0	11070
24829	47	53	28	10864	0	10992
24830	39	10523	24	269	0	10855
24831	46	10766	25	114	0	10951
24832	50	248	24	10339	0	10661
24833	35	10525	29	210	0	10799
24834	37	234	10447	87	0	10805
24835	46	94	199	10435	0	10774
24836	45	77	10520	202	0	10844
24837	10331	40	220	99	0	10690
24838	10529	50	81	64	0	10724
24839	286	46	10381	43	0	10756
24840	126	44	10309	52	0	10531
24841	68	35	266	10246	0	10615
24842	62	51	10372	210	0	10695
24843	56	41	224	9953	0	10274
24844	47	9532	118	242	0	9939
24845	46	215	64	10234	0	10559
24846	38	100	44	10337	0	10519
24847	48	73	39	10276	0	10436
24848	36	57	9936	313	0	10342
24849	38	54	213	9821	0	10126
24850	51	47	101	9861	0	10060
24851	43	56	67	9701	0	9867
24852	42	9818	51	289	0	10200
24853	9798	206	52	148	0	10204
24854	9906	87	57	95	0	10145
24855	9861	63	42	87	0	10053
24856	305	49	55	9634	0	10043
24857	144	44	9532	250	0	9970
24858	108	38	9446	140	0	9732
24859	56	9466	274	98	0	9894
24860	9280	215	117	85	0	9697
24861	208	9411	68	89	0	9776
24862	9405	235	61	66	0	9767
24863	234	9353	45	95	0	9727
24864	9278	230	61	86	0	9655
24865	240	9517	49	82	0	9888
24866	134	246	46	9485	0	9911
24867	100	115	9397	242	0	9854
24868	72	92	9471	137	0	9772
24869	74	101	265	9273	0	9713
24870	81	67	126	9324	0	9598
24871	69	61	88	9480	0	9698
24872	83	50	9215	318	0	9666
24873	68	55	221	9077	0	9421
24874	8841	52	119	289	0	9301
24875	8940	40	100	147	0	9227
24876	275	8746	64	115	0	9200
24877	8605	216	61	70	0	8952
24878	265	8489	37	85	0	8876
24879	8480	242	54	75	0	8851
24880	8562	114	62	75	0	8813
24881	8366	102	53	75	0	8596
24882	308	64	8267	79	0	8718
24883	152	67	8049	67	0	8335
24884	7744	56	251	80	0	8131
24885	8041	43	148	74	0	8306
24886	270	57	82	7890	0	8299
24887	158	28	55	8245	0	8486
24888	102	42	51	8459	0	8654
24889	74	49	62	8539	0	8724
24890	66	66	44	8837	0	9013
24891	8618	52	42	359	0	9071
24892	271	53	40	8719	0	9083
24893	130	52	8664	292	0	9138
24894	8516	46	231	162	0	8955
24895	8826	40	109	124	0	9099
24896	319	8644	64	92	0	9119
24897	164	8835	42	82	0	9123
24898	8053	242	41	59	0	8395
24899	202	8287	51	48	0	8588
24900	8033	213	87	55	0	8388
24901	8422	72	41	58	0	8593
24902	8493	38	29	50	0	8610
24903	284	26	26	8085	0	8421
24904	113	8161	29	218	0	8521
24905	8259	187	26	102	0	8574
24906	229	68	22	8238	0	8557
24907	115	35	25	8157	0	8332
24908	7711	14	26	260	0	8011
24909	187	7546	25	124	0	7882
24910	85	170	16	7404	0	7675
24911	7464	79	10	181	0	7734
24912	176	7566	14	85	0	7841
24913	7588	168	3	54	0	7813
24914	211	67	7066	38	0	7382
24915	6970	36	121	28	0	7155
24916	176	7150	42	30	0	7398
24917	6995	144	59	23	0	7221
24918	6893	60	3	30	0	6986
24919	195	7028	3	21	0	7247
24920	7029	139	4	23	0	7195
24921	160	6910	3	16	0	7089
24922	7169	146	6	28	0	7349
24923	169	57	8	7156	0	7390
24924	86	33	3	7216	0	7338
24925	47	19	2	7321	0	7389
24926	30	23	7028	196	0	7277
24927	42	28	131	7055	0	7256
24928	41	17	7087	159	0	7304
24929	33	25	144	6986	0	7188
24930	42	7064	54	148	0	7308
24931	37	150	16	7182	0	7385
24932	38	68	7143	154	0	7403
24933	36	28	7359	73	0	7496
24934	31	31	182	7280	0	7524
24935	7258	14	64	161	0	7497
24936	7374	15	26	78	0	7493
24937	195	7362	11	50	0	7618
24938	83	151	9	7437	0	7680
24939	37	65	7667	158	0	7927
24940	31	24	144	7707	0	7906
24941	36	21	7764	163	0	7984
24942	7567	25	157	88	0	7837
24943	165	20	63	7778	0	8026
24944	82	22	7738	157	0	7999
24945	40	32	139	7767	0	7978
24946	39	22	66	7902	0	8029
24947	32	18	7839	208	0	8097
24948	36	13	141	7835	0	8025
24949	7816	24	68	186	0	8094
24950	7981	19	32	81	0	8113
24951	206	22	19	7988	0	8235
24952	8044	21	24	171	0	8260
24953	172	22	8073	103	0	8370
24954	84	23	8039	57	0	8203
24955	8085	11	198	54	0	8348
24956	8340	13	90	50	0	8493
24957	207	18	32	8138	0	8395
24958	108	19	25	8280	0	8432
24959	48	16	8159	224	0	8447
24960	43	23	147	7873	0	8086
24961	43	8136	87	164	0	8430
24962	8226	149	42	95	0	8512
24963	8801	61	37	57	0	8956
24964	237	8771	24	55	0	9087
24965	8684	176	24	53	0	8937
24966	8773	67	29	58	0	8927
24967	240	8851	41	38	0	9170
24968	8946	179	27	61	0	9213
24969	208	8969	44	36	0	9257
24970	9057	192	25	50	0	9324
24971	222	81	8989	43	0	9335
24972	108	35	183	8995	0	9321
24973	49	23	81	9281	0	9434
24974	51	16	48	9599	0	9714
24975	9443	25	27	293	0	9788
24976	230	21	23	9776	0	10050
24977	109	23	9736	255	0	10123
24978	9770	26	215	112	0	10123
24979	247	20	91	9781	0	10139
24980	117	9589	46	242	0	9994
24981	56	9967	28	130	0	10181
24982	58	269	41	9796	0	10164
24983	62	91	31	9845	0	10029
24984	55	44	28	10039	0	10166
24985	64	19	9574	315	0	9972
24986	48	9446	204	149	0	9847
24987	9202	186	85	84	0	9557
24988	9105	71	42	64	0	9282
24989	247	8886	31	53	0	9217
24990	107	9023	16	53	0	9199
24991	121	239	74	8682	0	9116
24992	39	80	8671	199	0	8989
24993	8186	78	182	77	0	8523
24994	8455	23	68	57	0	8603
24995	203	17	32	8358	0	8610
24996	82	14	26	8406	0	8528
24997	8137	18	22	211	0	8388
24998	162	23	8108	96	0	8389
24999	7909	16	139	67	0	8131
25000	162	8012	65	43	0	8282
25001	53	126	24	7528	0	7731
25002	38	7595	16	125	0	7774
25003	7658	123	22	61	0	7864
25004	149	39	14	7533	0	7735
25005	68	19	17	7444	0	7548
25006	31	7449	15	142	0	7637
25007	7485	110	19	57	0	7671
25008	7528	44	16	35	0	7623
25009	148	28	7411	30	0	7617
25010	62	22	7135	32	0	7251
25011	7099	15	132	34	0	7280
25012	122	15	7120	31	0	7288
25013	51	19	6763	31	0	6864
25014	6686	33	120	37	0	6876
25015	102	15	7204	25	0	7346
25016	44	31	137	7117	0	7329
25017	42	8	47	7171	0	7268
25018	7572	14	29	165	0	7780
25019	160	15	7691	73	0	7939
25020	8004	12	159	51	0	8226
25021	209	11	63	8071	0	8354
25022	8076	13	51	188	0	8328
25023	8200	12	22	82	0	8316
25024	8266	9	18	68	0	8361
25025	289	9	15	8058	0	8371
25026	8167	15	13	204	0	8399
25027	275	7	14	8109	0	8405
25028	135	9	16	8189	0	8349
25029	97	12	16	8286	0	8411
25030	83	11	14	8318	0	8426
25031	8135	15	13	290	0	8453
25032	8263	11	10	144	0	8428
25033	274	12	8222	101	0	8609
25034	8367	8	180	81	0	8636
25035	8671	7	75	89	0	8842
25036	294	8	42	8439	0	8783
25037	147	8353	27	225	0	8752
25038	8538	178	27	101	0	8844
25039	271	69	32	8241	0	8613
25040	8216	41	25	221	0	8503
25041	266	8128	25	119	0	8538
25042	8382	193	25	69	0	8669
25043	296	78	17	8217	0	8608
25044	129	8167	18	233	0	8547
25045	8386	207	16	115	0	8724
25046	253	8274	18	99	0	8644
25047	131	8654	10	82	0	8877
25048	8623	258	24	70	0	8975
25049	251	120	8479	55	0	8905
25050	8646	65	187	59	0	8957
25051	295	58	73	8537	0	8963
25052	145	51	8639	214	0	9049
25053	140	39	206	8483	0	8868
25054	107	45	93	8724	0	8969
25055	115	37	8579	298	0	9029
25056	8604	33	220	151	0	9008
25057	287	31	102	8683	0	9103
25058	158	25	53	8847	0	9083
25059	134	22	35	8862	0	9053
25060	8695	28	43	368	0	9134
25061	283	31	8497	195	0	9006
25062	144	36	8599	140	0	8919
25063	112	35	240	8189	0	8576
25064	92	31	8147	249	0	8519
25065	7959	33	222	140	0	8354
25066	224	7976	106	119	0	8425
25067	7905	177	88	83	0	8253
25068	282	80	60	7646	0	8068
25069	145	7705	73	193	0	8116
25070	136	196	62	7695	0	8089
25071	108	7753	52	234	0	8147
25072	100	219	44	7826	0	8189
25073	94	93	7656	264	0	8107
25074	81	84	7355	147	0	7667
25075	87	7412	208	134	0	7841
25076	7098	166	109	103	0	7476
25077	170	83	64	6991	0	7308
25078	98	64	49	7048	0	7259
25079	7009	49	42	238	0	7338
25080	7046	48	52	134	0	7280
25081	249	30	58	6986	0	7323
25082	135	43	6907	195	0	7280
25083	116	6934	157	109	0	7316
25084	115	147	78	6986	0	7326
25085	96	78	70	6921	0	7165
25086	94	7097	39	228	0	7458
25087	7149	160	48	136	0	7493
25088	191	91	7168	120	0	7570
25089	90	75	157	7149	0	7471
25090	89	64	80	7100	0	7333
25091	56	68	7028	257	0	7409
25092	77	46	162	7124	0	7409
25093	7120	47	98	262	0	7527
25094	7164	59	68	140	0	7431
25095	7222	34	61	132	0	7449
25096	256	7019	64	96	0	7435
25097	7385	152	53	120	0	7710
25098	257	78	61	7284	0	7680
25099	146	59	66	7335	0	7606
25100	138	7854	42	240	0	8274
25101	8661	192	46	146	0	9045
25102	9188	96	42	110	0	9436
25103	9320	82	37	118	0	9557
25104	9473	73	37	110	0	9693
25105	9495	63	36	107	0	9701
25106	382	52	9204	114	0	9752
25107	9435	57	235	100	0	9827
25108	9630	44	99	97	0	9870
25109	9527	40	87	88	0	9742
25110	413	25	71	9241	0	9750
25111	231	43	73	9392	0	9739
25112	206	27	9099	314	0	9646
25113	8099	51	248	189	0	8587
25114	301	8891	115	139	0	9446
25115	151	8610	59	110	0	8930
25116	171	198	8546	71	0	8986
25117	106	8360	184	92	0	8742
25118	93	8293	82	81	0	8549
25119	138	280	103	7252	0	7773
25120	59	7547	26	131	0	7763
25121	7457	148	26	72	0	7703
25122	7401	69	18	48	0	7536
25123	198	39	19	7285	0	7541
25124	102	40	7239	135	0	7516
25125	7189	29	125	65	0	7408
25126	173	25	7306	51	0	7555
25127	95	23	7393	40	0	7551
25128	82	25	154	7135	0	7396
25129	68	32	73	7302	0	7475
25130	63	18	7340	167	0	7588
25131	52	7037	146	79	0	7314
25132	46	7404	55	63	0	7568
25133	7165	157	70	62	0	7454
25134	7213	51	38	44	0	7346
25135	138	31	7028	33	0	7230
25136	6903	32	110	20	0	7065
25137	7226	19	42	21	0	7308
25138	151	17	27	7088	0	7283
25139	75	23	20	7202	0	7320
25140	64	20	18	7186	0	7288
25141	7152	16	11	147	0	7326
25142	7154	15	17	59	0	7245
25143	7214	16	10	56	0	7296
25144	193	18	9	7077	0	7297
25145	106	6	6952	121	0	7185
25146	6859	11	107	42	0	7019
25147	6895	9	34	45	0	6983
25148	176	14	41	6683	0	6914
25149	100	6778	23	115	0	7016
25150	82	104	22	6752	0	6960
25151	60	6817	20	125	0	7022
25152	59	141	20	6557	0	6777
25153	51	6861	23	140	0	7075
25154	6830	123	26	61	0	7040
25155	134	59	19	6812	0	7024
25156	64	6862	22	117	0	7065
25157	57	120	6799	54	0	7030
25158	6751	59	111	38	0	6959
25159	130	53	43	6783	0	7009
25160	61	6798	28	113	0	7000
25161	57	113	28	6679	0	6877
25162	51	6601	12	143	0	6807
25163	49	6993	15	68	0	7125
25164	6911	142	28	48	0	7129
25165	7101	67	19	41	0	7228
25166	149	43	7104	24	0	7320
25167	7054	34	101	26	0	7215
25168	7127	26	58	42	0	7253
25169	152	7055	47	27	0	7281
25170	85	109	24	7091	0	7309
25171	64	52	18	7126	0	7260
25172	47	40	7014	137	0	7238
25173	51	45	6889	64	0	7049
25174	7042	28	133	45	0	7248
25175	7161	20	65	33	0	7279
25176	7178	23	47	26	0	7274
25177	166	13	7012	35	0	7226
25178	100	14	110	6959	0	7183
25179	7064	11	51	118	0	7244
25180	138	19	34	7061	0	7252
25181	66	18	6972	139	0	7195
25182	6725	17	104	72	0	6918
25183	150	21	7129	46	0	7346
25184	79	7032	112	42	0	7265
25185	7146	94	61	33	0	7334
25186	143	46	7035	28	0	7252
25187	83	40	117	6925	0	7165
25188	6977	26	51	114	0	7168
25189	133	17	29	7025	0	7204
25190	7063	19	30	141	0	7253
25191	142	25	16	7021	0	7204
25192	7180	19	17	153	0	7369
25193	7225	30	20	71	0	7346
25194	7213	17	14	60	0	7304
25195	7183	27	23	44	0	7277
25196	184	51	29	7103	0	7367
25197	103	27	6897	103	0	7130
25198	80	28	6822	57	0	6987
25199	47	6841	118	46	0	7052
25200	48	6324	46	33	0	6451
25201	5410	103	176	19	0	5708
25202	62	33	23	5162	0	5280
25203	22	5	5396	40	0	5463
25204	17	7	5772	27	0	5823
25205	20	24	47	5797	0	5888
25206	5864	7	25	36	0	5932
25207	40	5994	5	27	0	6066
25208	6326	30	5	31	0	6392
25209	43	19	10	6450	0	6522
25210	25	5	11	6424	0	6465
25211	23	3	3	6465	0	6494
25212	16	3	6425	50	0	6494
25213	13	9	6219	27	0	6268
25214	12	6291	52	17	0	6372
25215	12	38	23	6487	0	6560
25216	6419	19	10	42	0	6490
25217	38	8	6309	27	0	6382
25218	23	7	6464	17	0	6511
25219	22	12	56	6588	0	6678
25220	16	11	24	6748	0	6799
25221	16	7	12	6812	0	6847
25222	18	14	7	7095	0	7134
25223	7369	2	8	92	0	7471
25224	69	4	10	7513	0	7596
25225	7573	5	18	93	0	7689
25226	91	10	7845	37	0	7983
25227	33	7995	79	24	0	8131
25228	24	78	23	8088	0	8213
25229	25	22	8194	90	0	8331
25230	16	14	8016	45	0	8091
25231	19	8238	103	22	0	8382
25232	13	77	32	8112	0	8234
25233	12	23	9	8191	0	8235
25234	11	15	8231	97	0	8354
25235	7969	9	90	42	0	8110
25236	91	5	31	8248	0	8375
25237	28	11	19	8198	0	8256
25238	15	9	8344	119	0	8487
25239	6	8224	103	49	0	8382
25240	9	8912	42	25	0	8988
25241	9060	139	26	23	0	9248
25242	125	53	15	9166	0	9359
25243	9584	11	18	146	0	9759
25244	158	12	9514	72	0	9756
25245	67	18	151	9494	0	9730
25246	9567	10	64	170	0	9811
25247	9739	14	20	85	0	9858
25248	231	10	14	9653	0	9908
25249	84	8	9602	179	0	9873
25250	39	12	9696	77	0	9824
25251	33	21	210	9673	0	9937
25252	27	21	9704	180	0	9932
25253	9308	17	159	83	0	9567
25254	182	9594	72	45	0	9893
25255	9736	157	45	45	0	9983
25256	9905	55	28	59	0	10047
25257	214	20	45	9891	0	10170
25258	80	25	42	9993	0	10140
25259	9975	19	35	248	0	10277
25260	191	19	35	9999	0	10244
25261	80	13	9941	204	0	10238
25262	43	9844	177	92	0	10156
25263	34	164	77	9836	0	10111
25264	36	63	31	9928	0	10058
25265	44	28	32	9979	0	10083
25266	47	23	9682	254	0	10006
25267	51	9573	173	104	0	9901
25268	29	156	74	9841	0	10100
25269	43	57	9731	206	0	10037
25270	37	34	183	9726	0	9980
25271	9777	23	72	227	0	10099
25272	194	29	42	9878	0	10143
25273	90	28	9797	212	0	10127
25274	9728	18	178	133	0	10057
25275	179	10029	84	86	0	10378
25276	82	10484	64	79	0	10709
25277	10607	193	47	83	0	10930
25278	206	72	10790	70	0	11138
25279	103	26	197	10689	0	11015
25280	57	28	90	10999	0	11174
25281	53	32	10968	242	0	11295
25282	53	10895	184	117	0	11249
25283	61	184	77	10058	0	10380
25284	57	60	10923	222	0	11262
25285	66	37	195	10847	0	11145
25286	10870	39	78	250	0	11237
25287	215	30	11027	129	0	11401
25288	93	39	197	11118	0	11447
25289	60	35	80	11287	0	11462
25290	58	55	11031	283	0	11427
25291	61	32	190	10698	0	10981
25292	56	9749	124	242	0	10171
25293	63	178	74	10296	0	10611
25294	46	10888	65	209	0	11208
25295	10946	184	68	137	0	11335
25296	10774	65	66	119	0	11024
25297	257	36	10788	97	0	11178
25298	105	42	10593	102	0	10842
25299	73	46	10536	84	0	10739
25300	55	10570	242	82	0	10949
25301	72	183	113	10826	0	11194
25302	67	74	10897	212	0	11250
25303	82	31	205	10291	0	10609
25304	56	37	114	10266	0	10473
25305	70	41	10277	249	0	10637
25306	69	47	196	10313	0	10625
25307	51	54	98	10090	0	10293
25308	63	9834	65	276	0	10238
25309	69	176	66	10067	0	10378
25310	47	70	65	10269	0	10451
25311	40	41	10068	294	0	10443
25312	53	28	221	9890	0	10192
25313	41	39	10067	282	0	10429
25314	48	33	9742	159	0	9982
25315	9650	44	242	116	0	10052
25316	177	44	125	9690	0	10036
25317	83	9836	77	265	0	10261
25318	54	9995	69	153	0	10271
25319	54	241	87	10112	0	10494
25320	59	82	10023	250	0	10414
25321	68	10006	221	133	0	10428
25322	67	232	91	9751	0	10141
25323	40	69	9840	204	0	10153
25324	38	9862	147	104	0	10151
25325	10318	157	86	97	0	10658
25326	10190	75	71	72	0	10408
25327	10221	42	41	85	0	10389
25328	185	40	52	11070	0	11347
25329	78	38	46	11176	0	11338
25330	48	33	49	11202	0	11332
25331	28	23	11019	269	0	11339
25332	11098	31	187	142	0	11458
25333	202	20	92	11084	0	11398
25334	69	46	10891	211	0	11217
25335	11168	47	177	122	0	11514
25336	11482	28	84	89	0	11683
25337	273	124	8946	102	0	9445
25338	11129	31	138	102	0	11400
25339	220	11441	83	75	0	11819
25340	70	149	11096	35	0	11350
25341	10647	59	182	74	0	10962
25342	144	10784	71	56	0	11055
25343	34	106	37	10357	0	10534
25344	22	10477	25	140	0	10664
25345	22	124	24	10637	0	10807
25346	12	25	10654	137	0	10828
25347	9822	21	125	70	0	10038
25348	115	11	10697	48	0	10871
25349	38	10384	125	36	0	10583
25350	23	10688	48	34	0	10793
25351	10558	122	33	22	0	10735
25352	108	47	10506	31	0	10692
25353	37	34	120	10359	0	10550
25354	33	19	10426	121	0	10599
25355	16	10431	123	45	0	10615
25356	26	104	48	9816	0	9994
25357	15	10392	34	89	0	10530
25358	10558	126	32	51	0	10767
25359	10644	37	36	32	0	10749
25360	10632	32	19	22	0	10705
25361	148	24	10444	21	0	10637
25362	46	20	10171	34	0	10271
25363	10271	17	150	28	0	10466
25364	124	9	10677	30	0	10840
25365	54	13	152	10099	0	10318
25366	26	10415	47	115	0	10603
25367	10718	120	38	57	0	10933
25368	10684	34	19	49	0	10786
25369	10958	27	14	47	0	11046
25370	173	7	23	10935	0	11138
25371	52	15	25	11058	0	11150
25372	10946	9	29	183	0	11167
25373	135	10798	32	69	0	11034
25374	10672	136	28	40	0	10876
25375	157	37	23	10448	0	10665
25376	41	26	19	10383	0	10469
25377	10036	16	20	168	0	10240
25378	137	9920	13	59	0	10129
25379	9932	126	17	36	0	10111
25380	142	9942	15	21	0	10120
25381	9800	137	17	20	0	9974
25382	171	34	12	10621	0	10838
25383	10732	22	11	139	0	10904
25384	11161	11	9	64	0	11245
25385	12111	16	16	37	0	12180
25386	225	12612	10	23	0	12870
25387	71	195	12436	21	0	12723
25388	12478	54	217	20	0	12769
25389	12769	39	58	19	0	12885
25390	264	12602	33	16	0	12915
25391	108	203	16	12772	0	13099
25392	57	60	9	12987	0	13113
25393	12978	34	20	263	0	13295
25394	229	28	10	13114	0	13381
25395	90	16	13084	248	0	13438
25396	64	20	12957	79	0	13120
25397	13291	19	256	63	0	13629
25398	245	15	76	13288	0	13624
25399	88	16	46	13493	0	13643
25400	64	13	29	13630	0	13736
25401	48	15	13539	298	0	13900
25402	44	19	233	13484	0	13780
25403	58	8	72	13869	0	14007
25404	40	16	39	14039	0	14134
25405	13668	14	29	326	0	14037
25406	258	11	24	13780	0	14073
25407	92	20	14039	290	0	14441
25408	14320	19	241	126	0	14706
25409	285	27	14749	72	0	15133
25410	15008	14	280	81	0	15383
25411	15262	28	91	60	0	15441
25412	377	27	42	15335	0	15781
25413	138	15446	42	323	0	15949
25414	93	273	29	15740	0	16135
25415	77	126	38	15941	0	16182
25416	63	16045	31	392	0	16531
25417	15970	283	43	141	0	16437
25418	312	15906	44	113	0	16375
25419	15927	317	47	70	0	16361
25420	16176	92	26	77	0	16371
25421	392	48	31	15835	0	16306
25422	157	42	28	15891	0	16118
25423	93	28	15415	404	0	15940
25424	72	29	14950	168	0	15219
25425	14563	33	336	127	0	15059
25426	14907	19	131	108	0	15165
25427	373	14196	63	79	0	14711
25428	150	250	58	13613	0	14071
25429	107	62	14284	296	0	14749
25430	108	171	291	14096	0	14666
25431	13924	46	119	337	0	14426
25432	13791	20	65	115	0	13991
25433	340	13749	49	76	0	14214
25434	150	244	24	13870	0	14288
25435	80	92	28	14077	0	14277
25436	68	59	26	14055	0	14208
25437	50	49	13405	361	0	13865
25438	12616	31	228	178	0	13053
25439	13315	51	67	99	0	13532
25440	339	50	13299	75	0	13763
25441	152	13302	247	72	0	13773
25442	13372	247	77	86	0	13782
25443	13502	73	54	106	0	13735
25444	339	53	13150	98	0	13640
25445	150	40	13529	83	0	13802
25446	125	43	321	13406	0	13895
25447	103	38	13555	267	0	13963
25448	13216	43	300	100	0	13659
25449	13493	39	101	90	0	13723
25450	13724	44	81	78	0	13927
25451	355	32	75	13220	0	13682
25452	161	13811	54	275	0	14301
25453	14048	229	49	137	0	14463
25454	14107	75	59	90	0	14331
25455	344	67	13830	108	0	14349
25456	165	52	13579	95	0	13891
25457	13333	39	275	102	0	13749
25458	320	41	97	13847	0	14305
25459	152	34	13792	278	0	14256
25460	126	13689	258	139	0	14212
25461	124	229	109	13796	0	14258
25462	13718	75	77	284	0	14154
25463	285	13920	86	117	0	14408
25464	149	244	66	13765	0	14224
25465	137	13631	63	262	0	14093
25466	115	14088	76	98	0	14377
25467	114	278	66	13983	0	14441
25468	76	110	80	14022	0	14288
25469	92	14193	67	311	0	14663
25470	14270	245	53	146	0	14714
25471	314	81	14331	98	0	14824
25472	14151	80	241	96	0	14568
25473	331	63	90	14561	0	15045
25474	161	63	67	14761	0	15052
25475	125	63	43	14859	0	15090
25476	125	45	57	14785	0	15012
25477	88	48	14754	353	0	15243
25478	115	35	270	14644	0	15064
25479	115	74	117	14668	0	14974
25480	98	14907	79	348	0	15432
25481	120	265	15102	152	0	15639
25482	72	15488	279	146	0	15985
25483	82	292	15794	120	0	16288
25484	87	15993	285	101	0	16466
25485	180	372	177	14563	0	15292
25486	14473	80	61	238	0	14852
25487	248	14587	41	99	0	14975
25488	100	234	37	14886	0	15257
25489	87	96	15028	262	0	15473
25490	63	15253	245	114	0	15675
25491	15029	265	98	93	0	15485
25492	15224	103	83	85	0	15495
25493	304	15105	56	55	0	15520
25494	143	263	14859	49	0	15314
25495	14569	107	262	62	0	15000
25496	286	83	111	15050	0	15530
25497	14902	58	72	290	0	15322
25498	287	15062	56	132	0	15537
25499	118	15551	42	87	0	15798
25500	106	318	15252	76	0	15752
25501	15096	150	256	87	0	15589
25502	300	142	103	15405	0	15950
25503	15408	72	80	268	0	15828
25504	284	15464	53	111	0	15912
25505	15547	260	47	85	0	15939
25506	15482	116	44	65	0	15707
25507	333	86	15543	47	0	16009
25508	141	14906	221	43	0	15311
25509	93	15203	83	57	0	15436
25510	74	371	59	14123	0	14627
25511	53	14254	43	197	0	14547
25512	14239	248	31	85	0	14603
25513	214	14224	36	51	0	14525
25514	93	263	15	13934	0	14305
25515	58	13788	22	192	0	14060
25516	51	13545	31	60	0	13687
25517	55	13955	17	48	0	14075
25518	88	283	21	13728	0	14120
25519	54	114	20	13830	0	14018
25520	41	96	27	13699	0	13863
25521	43	13412	22	256	0	13733
25522	46	197	13325	111	0	13679
25523	34	95	13124	84	0	13337
25524	13103	100	197	51	0	13451
25525	193	76	86	13491	0	13846
25526	85	66	13679	194	0	14024
25527	76	58	13574	93	0	13801
25528	51	13989	221	75	0	14336
25529	46	217	87	13249	0	13599
25530	39	119	54	13543	0	13755
25531	13403	78	42	264	0	13787
25532	197	65	38	13461	0	13761
25533	83	70	39	13490	0	13682
25534	55	83	13554	273	0	13965
25535	47	61	198	13455	0	13761
25536	50	68	83	13953	0	14154
25537	51	73	13874	278	0	14276
25538	42	52	13788	148	0	14030
25539	38	13696	251	107	0	14092
25540	42	209	13694	86	0	14031
25541	41	100	226	13485	0	13852
25542	101	115	196	10993	0	11405
25543	38	78	13762	259	0	14137
25544	43	13608	203	148	0	14002
25545	13002	199	106	134	0	13441
25546	178	13353	93	107	0	13731
25547	98	235	65	13386	0	13784
25548	64	120	60	13544	0	13788
25549	49	13431	69	295	0	13844
25550	57	234	70	13419	0	13780
25551	49	102	67	13521	0	13739
25552	49	105	12866	299	0	13319
25553	44	12806	222	171	0	13243
25554	38	238	100	12939	0	13315
25555	38	140	12841	265	0	13284
25556	55	91	230	12754	0	13130
25557	50	86	106	12810	0	13052
25558	64	64	83	13022	0	13233
25559	45	81	78	12927	0	13131
25560	52	77	56	12699	0	12884
25561	60	12819	64	317	0	13260
25562	12706	229	64	180	0	13179
25563	200	108	12530	148	0	12986
25564	11376	92	214	148	0	11830
25565	198	91	12834	113	0	13236
25566	89	13059	225	113	0	13486
25567	73	246	12937	109	0	13365
25568	44	13174	254	103	0	13575
25569	69	286	147	12161	0	12663
25570	62	120	74	12549	0	12805
25571	43	12639	58	286	0	13026
25572	33	13125	65	167	0	13390
25573	13096	285	65	140	0	13586
25574	13459	142	48	130	0	13779
25575	13490	79	48	112	0	13729
25576	13739	71	60	112	0	13982
25577	301	79	40	13370	0	13790
25578	129	13460	54	244	0	13887
25579	13473	239	47	158	0	13917
25580	229	121	36	13223	0	13609
25581	12883	67	45	226	0	13221
25582	12518	52	42	140	0	12752
25583	226	11959	35	88	0	12308
25584	90	11406	32	61	0	11589
25585	53	11829	26	57	0	11965
25586	64	329	49	11112	0	11554
25587	37	11479	23	122	0	11661
25588	11298	129	32	78	0	11537
25589	11350	56	16	57	0	11479
25590	11281	31	17	58	0	11387
25591	11476	27	10	44	0	11557
25592	11610	22	18	38	0	11688
25593	169	29	11924	26	0	12148
25594	11979	18	137	33	0	12167
25595	173	24	12148	32	0	12377
25596	12007	22	141	28	0	12198
25597	171	22	59	12061	0	12313
25598	76	34	11585	152	0	11847
25599	44	19	12068	62	0	12193
25600	32	12666	161	23	0	12882
25601	12737	170	71	26	0	13004
25602	13074	57	32	26	0	13189
25603	230	14104	19	17	0	14370
25604	81	202	14	16171	0	16468
25605	17830	87	7	291	0	18215
25606	371	41	18139	106	0	18657
25607	135	17829	334	57	0	18355
25608	17435	348	111	54	0	17948
25609	369	17765	53	45	0	18232
25610	177	398	40	17054	0	17669
25611	88	17876	37	300	0	18301
25612	83	457	36	17224	0	17800
25613	62	17369	27	349	0	17807
25614	48	17903	28	329	0	18308
25615	17533	505	29	84	0	18151
25616	18128	208	30	75	0	18441
25617	486	138	17763	67	0	18454
25618	218	107	17483	51	0	17859
25619	120	103	17977	51	0	18251
25620	110	91	511	17840	0	18552
25621	104	88	18277	372	0	18841
25622	80	90	458	18037	0	18665
25623	91	83	209	18076	0	18459
25624	57	18163	123	525	0	18868
25625	18220	405	102	249	0	18976
25626	408	18507	90	146	0	19151
25627	179	480	90	18814	0	19563
25628	119	230	72	19054	0	19475
25629	123	144	68	19157	0	19492
25630	131	128	18704	588	0	19551
25631	121	102	439	18692	0	19354
25632	82	111	215	18978	0	19386
25633	101	99	120	19262	0	19582
25634	80	120	18408	632	0	19240
25635	78	18364	420	350	0	19212
25636	18211	455	186	250	0	19102
25637	17741	225	106	258	0	18330
25638	493	18411	100	214	0	19218
25639	220	509	94	18394	0	19217
25640	169	255	93	18994	0	19511
25641	175	172	18496	612	0	19455
25642	152	18429	457	321	0	19359
25643	130	484	218	18667	0	19499
25644	120	231	18649	576	0	19576
25645	108	187	493	18481	0	19269
25646	109	133	239	18589	0	19070
25647	79	167	18460	682	0	19388
25648	95	146	474	18398	0	19113
25649	112	150	241	18330	0	18833
25650	133	144	18495	705	0	19477
25651	129	137	485	18584	0	19335
25652	120	143	250	18120	0	18633
25653	86	110	171	19070	0	19437
25654	72	110	18514	779	0	19475
25655	91	91	524	18670	0	19376
25656	18308	104	269	719	0	19400
25657	18443	88	199	451	0	19181
25658	522	18404	166	378	0	19470
25659	18715	432	175	344	0	19666
25660	501	212	18970	299	0	19982
25661	278	148	478	19048	0	19952
25662	202	116	243	19310	0	19871
25663	160	144	144	19698	0	20146
25664	18647	122	157	768	0	19694
25665	448	18655	155	472	0	19730
25666	198	440	135	17980	0	18753
25667	118	18324	143	642	0	19227
25668	18037	465	142	423	0	19067
25669	443	18205	130	337	0	19115
25670	17900	484	140	297	0	18821
25671	479	17661	115	301	0	18556
25672	259	17877	105	282	0	18523
25673	197	544	135	17680	0	18556
25674	163	263	120	17818	0	18364
25675	139	199	154	17779	0	18271
25676	124	184	122	17781	0	18211
25677	129	185	17041	739	0	18094
25678	122	17097	400	445	0	18064
25679	97	462	191	16659	0	17409
25680	98	17124	147	619	0	17988
25681	110	475	17084	383	0	18052
25682	131	273	422	16991	0	17817
25683	148	195	199	17693	0	18235
25684	142	183	17141	659	0	18125
25685	139	16818	444	400	0	17801
25686	93	450	254	16961	0	17758
25687	75	200	16809	644	0	17728
25688	62	16766	459	465	0	17752
25689	85	451	215	16712	0	17463
25690	93	234	16495	615	0	17437
25691	104	191	16163	384	0	16842
25692	98	15875	478	324	0	16775
25693	108	16553	200	270	0	17131
25694	137	509	222	16707	0	17575
25695	98	274	138	17947	0	18457
25696	106	191	17676	685	0	18658
25697	17085	176	471	423	0	18155
25698	17544	193	220	344	0	18301
25699	533	151	17347	314	0	18345
25700	209	16637	478	295	0	17619
25701	138	16658	219	285	0	17300
25702	131	16222	170	256	0	16779
25703	195	13057	279	310	0	13841
25704	415	766	289	11678	0	13148
25705	64	82	54	13246	0	13446
25706	17	50	7	13382	0	13456
25707	11	29	21	13771	0	13832
25708	8	14066	15	433	0	14522
25709	24	295	8	14129	0	14456
25710	11	14152	19	379	0	14561
25711	14	352	16	14378	0	14760
25712	14155	136	9	397	0	14697
25713	282	94	17	14267	0	14660
25714	106	14097	15	410	0	14628
25715	83	325	5	14434	0	14847
25716	43	125	16	14713	0	14897
25717	23	120	15	14732	0	14890
25718	14165	77	9	593	0	14844
25719	319	96	12	14546	0	14973
25720	111	84	14097	536	0	14828
25721	103	14423	287	282	0	15095
25722	66	366	105	14917	0	15454
25723	70	169	81	15466	0	15786
25724	64	139	35	15679	0	15917
25725	14968	111	38	645	0	15762
25726	370	95	14548	366	0	15379
25727	162	77	323	14118	0	14680
25728	111	14369	117	521	0	15118
25729	88	376	94	14626	0	15184
25730	13922	189	53	560	0	14724
25731	325	14315	48	345	0	15033
25732	150	411	37	14387	0	14985
25733	96	168	35	14555	0	14854
25734	76	14159	34	629	0	14898
25735	69	382	39	14559	0	15049
25736	76	162	43	14810	0	15091
25737	71	158	14147	622	0	14998
25738	52	14114	338	386	0	14890
25739	14059	407	117	340	0	14923
25740	377	197	13985	261	0	14820
25741	13808	162	348	281	0	14599
25742	452	133	13879	259	0	14723
25743	186	129	397	14058	0	14770
25744	13836	108	169	616	0	14729
25745	389	142	107	14167	0	14805
25746	14087	119	96	680	0	14982
25747	14331	140	70	393	0	14934
25748	14258	134	86	331	0	14809
25749	555	14020	111	279	0	14965
25750	315	445	83	13988	0	14831
25751	233	208	96	14363	0	14900
25752	187	165	93	14377	0	14822
25753	176	109	13809	744	0	14838
25754	160	108	410	14142	0	14820
25755	13886	93	181	685	0	14845
25756	14193	100	144	411	0	14848
25757	599	95	13734	346	0	14774
25758	13931	119	405	281	0	14736
25759	14225	103	175	302	0	14805
25760	615	127	142	13533	0	14417
25761	13457	112	99	651	0	14319
25762	13739	100	91	426	0	14356
25763	614	101	102	13520	0	14337
25764	13494	92	115	645	0	14346
25765	13718	104	116	374	0	14312
25766	639	119	125	13459	0	14342
25767	444	143	11142	599	0	12328
25768	12972	112	338	354	0	13776
25769	597	88	13185	323	0	14193
25770	400	91	13204	278	0	13973
25771	333	12975	484	293	0	14085
25772	309	381	241	12984	0	13915
25773	298	161	158	13366	0	13983
25774	286	121	142	13202	0	13751
25775	296	106	12895	731	0	14028
25776	326	78	12955	407	0	13766
25777	269	12894	522	335	0	14020
25778	276	407	281	12809	0	13773
25779	273	150	228	13258	0	13909
25780	232	120	180	13384	0	13916
25781	244	85	12840	727	0	13896
25782	219	12705	471	464	0	13859
25783	221	368	237	12924	0	13750
25784	258	158	12898	615	0	13929
25785	248	124	12998	377	0	13747
25786	12747	101	558	328	0	13734
25787	12945	96	316	295	0	13652
25788	13058	110	229	296	0	13693
25789	626	108	164	12611	0	13509
25790	360	69	12522	613	0	13564
25791	285	12268	447	419	0	13419
25792	222	12722	263	361	0	13568
25793	265	430	11666	247	0	12608
25794	276	455	515	10579	0	11825
25795	235	240	259	9816	0	10550
25796	224	9506	201	417	0	10348
25797	213	9762	174	266	0	10415
25798	9507	332	155	217	0	10211
25799	9629	186	145	179	0	10139
25800	9732	101	130	196	0	10159
25801	9644	90	126	205	0	10065
25802	9369	87	124	174	0	9754
25803	494	8880	111	173	0	9658
25804	209	7823	95	150	0	8277
25805	124	6698	65	88	0	6975
25806	6009	229	279	94	0	6611
25807	281	188	118	5442	0	6029
25808	57	29	42	5268	0	5396
25809	5166	22	39	127	0	5354
25810	105	5151	35	75	0	5366
25811	64	80	35	5198	0	5377
25812	48	45	46	5251	0	5390
25813	51	35	53	5238	0	5377
25814	5145	30	35	115	0	5325
25815	118	21	31	5229	0	5399
25816	64	26	5058	101	0	5249
25817	4979	26	78	58	0	5141
25818	118	31	32	5069	0	5250
25819	65	27	5067	93	0	5252
25820	56	4981	75	53	0	5165
25821	34	4767	41	28	0	4870
25822	4313	106	124	33	0	4576
25823	4200	27	33	34	0	4294
25824	50	4385	9	15	0	4459
25825	33	44	6	4569	0	4652
25826	4894	16	4	64	0	4978
25827	62	7	10	5316	0	5395
25828	32	6	2	5588	0	5628
25829	17	5	0	5627	0	5649
25830	12	1	9	5631	0	5653
25831	10	5484	8	123	0	5625
25832	8	69	5	5613	0	5695
25833	6	28	12	5624	0	5670
25834	6	19	6	5635	0	5666
25835	6	9	5420	135	0	5570
25836	9	5453	74	63	0	5599
25837	8	83	32	5555	0	5678
25838	3	28	5508	115	0	5654
25839	14	13	5280	52	0	5359
25840	5	5495	111	34	0	5645
25841	5503	92	45	24	0	5664
25842	85	36	21	5585	0	5727
25843	5558	19	12	111	0	5700
25844	95	5690	14	50	0	5849
25845	41	95	9	5740	0	5885
25846	5547	45	4	112	0	5708
25847	5700	19	5	61	0	5785
25848	119	12	10	5647	0	5788
25849	51	15	6	5642	0	5714
25850	31	12	5608	139	0	5790
25851	25	8	90	5623	0	5746
25852	23	14	40	5779	0	5856
25853	5641	8	22	146	0	5817
25854	89	5691	18	66	0	5864
25855	37	94	5621	47	0	5799
25856	5510	30	89	38	0	5667
25857	97	5710	36	33	0	5876
25858	46	94	15	5717	0	5872
25859	5660	46	9	99	0	5814
25860	100	25	8	5628	0	5761
25861	52	12	10	5689	0	5763
25862	26	16	5619	142	0	5803
25863	18	9	93	5666	0	5786
25864	5704	11	39	133	0	5887
25865	95	7	19	5739	0	5860
25866	5661	8	12	130	0	5811
25867	100	5492	11	72	0	5675
25868	51	5699	14	43	0	5807
25869	28	114	8	5715	0	5865
25870	25	51	7	5764	0	5847
25871	5592	29	6	144	0	5771
25872	99	5611	8	70	0	5788
25873	5720	99	8	54	0	5881
25874	5769	41	9	52	0	5871
25875	135	22	13	5693	0	5863
25876	5710	16	13	127	0	5866
25877	126	18	5470	59	0	5673
25878	63	13	95	5495	0	5666
25879	42	9	5581	119	0	5751
25880	32	17	103	5637	0	5789
25881	5547	21	45	134	0	5747
25882	5727	18	26	70	0	5841
25883	138	5670	15	53	0	5876
25884	72	107	10	5669	0	5858
25885	37	49	10	5738	0	5834
25886	41	5661	12	161	0	5875
25887	42	112	8	5768	0	5930
25888	29	52	5	5835	0	5921
25889	31	5693	7	182	0	5913
25890	5611	107	12	84	0	5814
25891	5659	53	11	65	0	5788
25892	152	30	16	5608	0	5806
25893	64	20	9	5686	0	5779
25894	44	24	5578	170	0	5816
25895	44	21	103	5510	0	5678
25896	31	5489	47	146	0	5713
25897	5590	107	23	83	0	5803
25898	107	55	22	5624	0	5808
25899	59	29	17	5601	0	5706
25900	5462	25	9	171	0	5667
25901	118	5512	9	90	0	5729
25902	59	108	13	5639	0	5819
25903	42	49	12	5663	0	5766
25904	38	5575	10	175	0	5798
25905	5614	113	10	87	0	5824
25906	126	49	5553	60	0	5788
25907	62	29	5645	50	0	5786
25908	34	26	126	5644	0	5830
25909	32	27	5662	130	0	5851
25910	5552	22	109	76	0	5759
25911	118	18	52	5744	0	5932
25912	58	12	5904	141	0	6115
25913	45	16	5882	74	0	6017
25914	31	6044	132	54	0	6261
25915	5988	100	57	36	0	6181
25916	114	6045	25	46	0	6230
25917	6113	104	35	55	0	6307
25918	6149	42	25	45	0	6261
25919	125	5965	24	34	0	6148
25920	5987	99	18	28	0	6132
25921	5947	40	17	33	0	6037
25922	144	21	5872	24	0	6061
25923	84	260	81	5447	0	5872
25924	36	5376	40	80	0	5532
25925	24	5268	13	37	0	5342
25926	98	168	54	4738	0	5058
25927	4541	43	34	84	0	4702
25928	47	11	4	4431	0	4493
25929	22	3	0	4575	0	4600
25930	12	6	1	4684	0	4703
25931	9	4922	3	67	0	5001
25932	6	61	2	5251	0	5320
25933	10	21	5589	79	0	5699
25934	5574	6	84	32	0	5696
25935	5965	7	20	13	0	6005
25936	117	5918	8	12	0	6055
25937	6071	92	7	12	0	6182
25938	108	30	4	6154	0	6296
25939	44	9	6119	94	0	6266
25940	5986	11	89	35	0	6121
25941	92	6170	30	14	0	6306
25942	35	84	15	6209	0	6343
25943	6356	31	9	102	0	6498
25944	102	6250	5	37	0	6394
25945	39	6377	6	23	0	6445
25946	6318	122	3	20	0	6463
25947	109	44	6163	17	0	6333
25948	6236	20	95	12	0	6363
25949	109	19	31	6251	0	6410
25950	45	13	11	6296	0	6365
25951	31	8	6185	126	0	6350
25952	18	12	6136	46	0	6212
25953	18	10	118	6255	0	6401
25954	25	11	6150	108	0	6294
25955	19	12	6181	44	0	6256
25956	17	13	131	6172	0	6333
25957	25	8	44	6244	0	6321
25958	6201	4	24	139	0	6368
25959	98	9	18	6228	0	6353
25960	6230	6	16	124	0	6376
25961	108	6207	15	54	0	6384
25962	50	103	11	6306	0	6470
25963	23	35	6319	114	0	6491
25964	6193	21	95	48	0	6357
25965	6430	14	39	26	0	6509
25966	6468	18	23	21	0	6530
25967	6392	8	17	26	0	6443
25968	6368	5	16	26	0	6415
25969	156	8	17	6199	0	6380
25970	73	5	6131	116	0	6325
25971	32	11	6001	52	0	6096
25972	24	7	6221	30	0	6282
25973	6040	8	151	26	0	6225
25974	6321	13	60	25	0	6419
25975	149	10	25	6122	0	6306
25976	61	6366	24	101	0	6552
25977	40	102	22	6534	0	6698
25978	39	36	6482	125	0	6682
25979	35	21	6407	51	0	6514
25980	6265	18	131	40	0	6454
25981	126	16	6592	26	0	6760
25982	59	13	115	6516	0	6703
25983	6691	9	44	124	0	6868
25984	6431	20	31	58	0	6540
25985	6871	8	29	21	0	6929
25986	6931	6	20	28	0	6985
25987	159	8	6756	30	0	6953
25988	6692	7	118	16	0	6833
25989	144	6777	47	23	0	6991
25990	66	102	25	6869	0	7062
25991	47	35	6858	119	0	7059
25992	42	17	123	6801	0	6983
25993	40	24	6906	127	0	7097
25994	36	14	130	6894	0	7074
25995	39	10	48	6993	0	7090
25996	23	11	6875	156	0	7065
25997	33	10	130	6860	0	7033
25998	6920	8	57	142	0	7127
25999	129	11	34	6967	0	7141
26000	63	9	34	7076	0	7182
26001	6912	8	32	173	0	7125
26002	128	6880	26	73	0	7107
26003	6984	107	27	40	0	7158
26004	141	6969	18	43	0	7171
26005	7149	119	15	42	0	7325
26006	152	45	7075	28	0	7300
26007	69	29	123	7015	0	7236
26008	44	21	52	7153	0	7270
26009	7031	21	34	163	0	7249
26010	140	6949	35	60	0	7184
26011	57	113	31	6882	0	7083
26012	44	33	30	6809	0	6916
26013	34	6586	26	162	0	6808
26014	6503	108	22	85	0	6718
26015	129	6533	36	49	0	6747
26016	59	115	23	6498	0	6695
26017	43	35	25	6342	0	6445
26018	38	6271	24	150	0	6483
26019	6238	115	13	66	0	6432
26020	138	48	6143	46	0	6375
26021	6048	26	106	50	0	6230
26022	140	6168	43	47	0	6398
26023	70	112	31	6230	0	6443
26024	6276	50	25	131	0	6482
26025	135	19	25	6281	0	6460
26026	71	20	26	6382	0	6499
26027	6332	20	27	178	0	6557
26028	136	6183	17	75	0	6411
26029	60	6398	14	53	0	6525
26030	6281	119	18	45	0	6463
26031	121	35	6128	37	0	6321
26032	59	5810	79	24	0	5972
26033	82	131	80	5446	0	5739
26034	18	29	6124	62	0	6233
26035	23	37	89	5941	0	6090
26036	6053	7	31	87	0	6178
26037	75	6233	14	31	0	6353
26038	40	78	7	6019	0	6144
26039	19	6196	10	67	0	6292
26040	6284	85	8	33	0	6410
26041	6412	37	3	25	0	6477
26042	109	6512	4	25	0	6650
26043	38	79	6	6406	0	6529
26044	21	6663	4	84	0	6772
26045	6834	101	5	41	0	6981
26046	6974	40	5	19	0	7038
26047	129	20	9	6884	0	7042
26048	52	20	2	7020	0	7094
26049	33	15	6838	133	0	7019
26050	6585	18	96	56	0	6755
26051	111	18	6819	31	0	6979
26052	59	15	101	6745	0	6920
26053	6715	14	44	108	0	6881
26054	105	6852	17	63	0	7037
26055	6696	99	27	29	0	6851
26056	119	49	6427	30	0	6625
26057	6582	21	84	34	0	6721
26058	124	6887	27	23	0	7061
26059	6952	100	8	20	0	7080
26060	114	7074	12	33	0	7233
26061	67	108	9	7004	0	7188
26062	33	50	6904	107	0	7094
26063	40	31	6741	44	0	6856
26064	28	32	131	6797	0	6988
26065	34	19	6938	120	0	7111
26066	24	34	106	6888	0	7052
26067	33	19	46	6885	0	6983
26068	35	16	7080	137	0	7268
26069	6416	15	119	81	0	6631
26070	7046	14	52	48	0	7160
26071	129	6969	32	30	0	7160
26072	6967	88	18	32	0	7105
26073	121	55	16	6984	0	7176
26074	61	21	7290	115	0	7487
26075	41	33	104	7259	0	7437
26076	39	38	53	7260	0	7390
26077	7116	20	19	131	0	7286
26078	104	7032	22	58	0	7216
26079	43	7114	13	55	0	7225
26080	29	115	16	7157	0	7317
26081	34	51	18	7066	0	7169
26082	22	7007	12	125	0	7166
26083	38	85	9	6963	0	7095
26084	26	48	22	6889	0	6985
26085	27	6815	10	120	0	6972
26086	6761	74	12	74	0	6921
26087	69	49	18	6754	0	6890
26088	44	6793	9	102	0	6948
26089	27	78	16	6834	0	6955
26090	6748	46	19	101	0	6914
26091	83	6782	9	58	0	6932
26092	6854	89	6	41	0	6990
26093	6877	52	8	52	0	6989
26094	122	35	4	6971	0	7132
26095	7131	30	8	98	0	7267
26096	7177	15	9	82	0	7283
26097	7209	28	7	50	0	7294
26098	7232	26	8	34	0	7300
26099	148	20	7	7191	0	7366
26100	75	13	10	7269	0	7367
26101	42	26	7188	119	0	7375
26102	37	12	67	7307	0	7423
26103	47	10	35	7359	0	7451
26104	42	30	7321	140	0	7533
26105	7206	13	87	97	0	7403
26106	111	19	56	7493	0	7679
26107	77	23	7663	125	0	7888
26108	7524	12	105	86	0	7727
26109	158	19	8361	44	0	8582
26110	77	8607	126	41	0	8851
26111	56	9021	60	59	0	9196
26112	44	179	33	9438	0	9694
26113	37	68	10203	170	0	10478
26114	10289	30	184	98	0	10601
26115	10926	35	77	72	0	11110
26116	261	27	10778	61	0	11127
26117	10862	28	201	45	0	11136
26118	10982	16	84	51	0	11133
26119	254	10926	57	44	0	11281
26120	11035	172	48	38	0	11293
26121	239	77	37	10936	0	11289
26122	100	38	10921	194	0	11253
26123	80	43	182	10396	0	10701
26124	52	10866	88	188	0	11194
26125	55	11217	48	103	0	11423
26126	11120	230	50	55	0	11455
26127	11087	91	39	54	0	11271
26128	11109	55	50	46	0	11260
26129	278	48	45	10864	0	11235
26130	135	109	39	10563	0	10846
26131	93	10633	48	232	0	11006
26132	10606	198	39	113	0	10956
26133	259	10768	50	80	0	11157
26134	10009	158	41	54	0	10262
26135	224	10018	55	47	0	10344
26136	9965	172	66	42	0	10245
26137	9579	90	30	51	0	9750
26138	270	70	33	9487	0	9860
26139	137	9747	30	156	0	10070
26140	133	171	9400	72	0	9776
26141	9180	105	152	89	0	9526
26142	201	9087	74	62	0	9424
26143	88	168	9339	66	0	9661
26144	67	96	9414	41	0	9618
26145	84	103	159	9063	0	9409
26146	96	50	44	8876	0	9066
26147	85	9283	16	165	0	9549
26148	9534	153	13	91	0	9791
26149	196	75	13	9425	0	9709
26150	100	9749	7	154	0	10010
26151	73	10158	16	73	0	10320
26152	95	184	10000	39	0	10318
26153	73	103	9983	28	0	10187
26154	9799	69	157	28	0	10053
26155	192	77	10007	28	0	10304
26156	117	62	146	9847	0	10172
26157	84	56	61	10119	0	10320
26158	71	52	10068	189	0	10380
26159	76	65	148	9877	0	10166
26160	65	49	102	9394	0	9610
26161	9886	58	53	198	0	10195
26162	10077	66	63	73	0	10279
26163	197	52	69	9866	0	10184
26164	79	9755	69	169	0	10072
26165	47	10156	59	99	0	10361
26166	10187	182	61	75	0	10505
26167	190	94	10144	71	0	10499
26168	102	68	163	10089	0	10422
26169	10376	73	77	213	0	10739
26170	10515	81	66	94	0	10756
26171	213	66	67	10471	0	10817
26172	106	58	10461	179	0	10804
26173	86	65	10055	85	0	10291
26174	9780	40	231	86	0	10137
26175	10084	40	136	84	0	10344
26176	226	10104	81	95	0	10506
26177	111	10406	71	105	0	10693
26178	10560	202	97	115	0	10974
26179	10691	81	78	108	0	10958
26180	297	47	53	10747	0	11144
26181	180	57	54	10863	0	11154
26182	136	55	49	10952	0	11192
26183	10792	64	56	262	0	11174
26184	270	83	62	10810	0	11225
26185	159	82	10803	214	0	11258
26186	10692	62	189	114	0	11057
26187	264	65	96	10853	0	11278
26188	144	75	10919	216	0	11354
26189	10691	79	187	132	0	11089
26190	9929	118	93	88	0	10228
26191	263	11086	69	104	0	11522
26192	166	11325	85	86	0	11662
26193	146	213	10632	84	0	11075
26194	11060	116	155	95	0	11426
26195	266	11469	60	89	0	11884
26196	172	246	10858	76	0	11352
26197	11191	116	164	79	0	11550
26198	289	11891	65	100	0	12345
26199	150	227	11787	109	0	12273
26200	11528	98	195	118	0	11939
26201	275	11795	63	112	0	12245
26202	134	215	49	11669	0	12067
26203	11629	75	78	253	0	12035
26204	248	11595	59	134	0	12036
26205	118	269	62	11415	0	11864
26206	11438	58	76	232	0	11804
26207	221	45	11309	105	0	11680
26208	83	11017	200	75	0	11375
26209	108	194	10541	59	0	10902
26210	75	160	167	10079	0	10481
26211	61	46	10069	147	0	10323
26212	44	9458	133	41	0	9676
26213	19	8952	42	24	0	9037
26214	71	121	43	8564	0	8799
26215	21	19	13	8221	0	8274
26216	15	15	10	8359	0	8399
26217	16	14	8627	93	0	8750
26218	20	7	84	8652	0	8763
26219	8675	5	22	102	0	8804
26220	8671	11	9	26	0	8717
26221	107	10	8805	16	0	8938
26222	28	8791	84	12	0	8915
26223	8783	84	22	16	0	8905
26224	89	8752	16	12	0	8869
26225	8764	92	16	14	0	8886
26226	8833	18	6	26	0	8883
26227	108	13	8750	17	0	8888
26228	33	8851	82	21	0	8987
26229	25	89	25	8874	0	9013
26230	17	23	8912	94	0	9046
26231	8514	21	94	27	0	8656
26232	104	16	19	8803	0	8942
26233	31	16	8686	87	0	8820
26234	8443	12	93	31	0	8579
26235	110	15	8871	12	0	9008
26236	39	23	98	8878	0	9038
26237	9283	9	30	117	0	9439
26238	101	9456	20	25	0	9602
26239	39	95	9572	21	0	9727
26240	9448	29	107	23	0	9607
26241	10366	16	27	18	0	10427
26242	149	10478	25	16	0	10668
26243	48	135	21	10533	0	10737
26244	33	34	9	10416	0	10492
26245	10228	30	13	177	0	10448
26246	143	19	19	10323	0	10504
26247	48	24	10330	159	0	10561
26248	43	12	137	10148	0	10340
26249	10101	12	39	183	0	10335
26250	139	9933	30	67	0	10169
26251	47	146	18	9576	0	9787
26252	36	9785	15	150	0	9986
26253	9959	169	7	54	0	10189
26254	170	55	13	10517	0	10755
26255	54	35	24	10803	0	10916
26256	45	10849	21	242	0	11157
26257	36	199	10707	88	0	11030
26258	35	65	206	10626	0	10932
26259	19	50	54	10907	0	11030
26260	30	25	41	10847	0	10943
26261	34	10649	21	270	0	10974
26262	27	195	10744	110	0	11076
26263	25	66	10965	77	0	11133
26264	10866	46	254	61	0	11227
26265	11185	26	99	41	0	11351
26266	275	21	11156	44	0	11496
26267	10939	21	229	76	0	11265
26268	248	30	11319	43	0	11640
26269	10897	23	262	35	0	11217
26270	249	11207	83	44	0	11583
26271	11294	202	64	45	0	11605
26272	263	66	11313	44	0	11686
26273	93	50	11541	50	0	11734
26274	81	37	271	11892	0	12281
26275	12173	25	108	283	0	12589
26276	286	12694	77	107	0	13164
26277	116	311	13906	64	0	14397
26278	92	83	392	14169	0	14736
26279	66	53	136	14781	0	15036
26280	14347	35	79	504	0	14965
26281	14653	33	55	176	0	14917
26282	513	48	54	14404	0	15019
26283	14504	36	34	456	0	15030
26284	497	35	14205	148	0	14885
26285	190	30	425	14059	0	14704
26286	115	36	133	14540	0	14824
26287	14250	19	85	541	0	14895
26288	14417	27	54	199	0	14697
26289	542	40	63	14103	0	14748
26290	14131	24	57	494	0	14706
26291	503	33	13711	188	0	14435
26292	194	13664	418	139	0	14415
26293	143	390	13727	99	0	14359
26294	129	216	442	13671	0	14458
26295	13400	74	159	466	0	14099
26296	460	13326	99	168	0	14053
26297	187	394	76	13171	0	13828
26298	109	134	82	13034	0	13359
26299	103	12912	57	521	0	13593
26300	104	414	65	13124	0	13707
26301	116	125	52	13315	0	13608
26302	114	79	53	13425	0	13671
26303	116	48	60	13372	0	13596
26304	113	53	58	13162	0	13386
26305	80	12679	76	628	0	13463
26306	101	390	74	12957	0	13522
26307	91	138	71	13140	0	13440
26308	107	92	12470	616	0	13285
26309	113	12470	394	274	0	13251
26310	114	407	133	12682	0	13336
26311	100	135	82	12901	0	13218
26312	97	103	71	12824	0	13095
26313	98	12350	71	606	0	13125
26314	97	381	12375	309	0	13162
26315	94	137	410	12724	0	13365
26316	103	91	12536	561	0	13291
26317	105	82	12425	269	0	12881
26318	104	94	491	12358	0	13047
26319	12381	73	201	571	0	13226
26320	431	53	118	12576	0	13178
26321	165	77	100	12558	0	12900
26322	115	12430	78	611	0	13234
26323	100	384	65	12797	0	13346
26324	95	131	89	13066	0	13381
26325	72	100	12625	659	0	13456
26326	83	12524	394	340	0	13341
26327	83	413	143	12779	0	13418
26328	12377	148	120	578	0	13223
26329	403	107	12373	292	0	13175
26330	138	81	433	12501	0	13153
26331	115	79	152	12892	0	13238
26332	12339	70	104	658	0	13171
26333	419	12257	82	425	0	13183
26334	12181	407	66	288	0	12942
26335	412	12160	64	251	0	12887
26336	158	473	73	12190	0	12894
26337	11937	154	93	571	0	12755
26338	395	118	11773	310	0	12596
26339	155	11500	395	246	0	12296
26340	104	11751	156	244	0	12255
26341	10783	408	135	202	0	11528
26342	379	166	98	10571	0	11214
26343	118	10420	86	502	0	11126
26344	112	10863	63	277	0	11315
26345	104	425	79	10772	0	11380
26346	100	172	53	11023	0	11348
26347	10515	133	57	543	0	11248
26348	358	10551	63	283	0	11255
26349	147	407	79	10640	0	11273
26350	116	137	10483	482	0	11218
26351	96	10441	364	248	0	11149
26352	96	363	10335	219	0	11013
26353	89	10306	371	224	0	10990
26354	133	378	192	9658	0	10361
26355	100	126	69	9541	0	9836
26356	82	9394	50	421	0	9947
26357	83	314	9398	208	0	10003
26358	9324	144	276	194	0	9938
26359	317	104	109	9652	0	10182
26360	132	93	80	9889	0	10194
26361	72	106	9624	433	0	10235
26362	66	111	291	9690	0	10158
26363	74	103	9591	406	0	10174
26364	62	105	305	9579	0	10051
26365	54	102	9736	405	0	10297
26366	51	9724	297	232	0	10304
26367	51	338	10005	203	0	10597
26368	63	145	333	10196	0	10737
26369	10029	117	110	451	0	10707
26370	334	10003	87	203	0	10627
26371	112	402	60	10021	0	10595
26372	88	124	9818	435	0	10465
26373	64	9836	329	194	0	10423
26374	68	411	100	9179	0	9758
26375	51	121	9098	349	0	9619
26376	33	8356	243	133	0	8765
26377	6747	281	142	118	0	7288
26378	6469	52	45	35	0	6601
26379	128	18	13	6451	0	6610
26380	6488	17	17	124	0	6646
26381	118	16	10	6441	0	6585
26382	23	10	15	6608	0	6656
26383	24	16	6658	141	0	6839
26384	22	17	111	6583	0	6733
26385	14	15	23	6752	0	6804
26386	6601	16	14	146	0	6777
26387	6574	9	14	44	0	6641
26388	124	6528	9	40	0	6701
26389	32	102	6584	29	0	6747
26390	31	41	115	6485	0	6672
26391	20	24	6450	124	0	6618
26392	5978	13	113	42	0	6146
26393	109	8	6262	26	0	6405
26394	30	20	90	6049	0	6189
26395	14	6127	21	97	0	6259
26396	11	89	19	6118	0	6237
26397	10	25	19	6114	0	6168
26398	10	15	6221	118	0	6364
26399	12	13	87	6170	0	6282
26400	6132	11	23	114	0	6280
26401	6224	8	17	35	0	6284
26402	6205	11	15	33	0	6264
26403	6222	12	24	25	0	6283
26404	106	6061	14	39	0	6220
26405	27	6116	23	21	0	6187
26406	44	97	27	5592	0	5760
26407	22	22	22	6035	0	6101
26408	11	5764	18	123	0	5916
26409	19	96	6	5983	0	6104
26410	22	25	11	6024	0	6082
26411	17	18	12	5993	0	6040
26412	22	16	21	5964	0	6023
26413	22	17	17	6025	0	6081
26414	5836	13	9	141	0	5999
26415	103	5702	18	42	0	5865
26416	37	92	5637	37	0	5803
26417	32	21	87	5621	0	5761
26418	20	33	27	5693	0	5773
26419	14	23	14	5582	0	5633
26420	5501	19	13	143	0	5676
26421	96	5787	11	64	0	5958
26422	32	121	18	5892	0	6063
26423	30	6064	17	163	0	6274
26424	27	153	11	6007	0	6198
26425	23	5905	14	185	0	6127
26426	28	159	6285	65	0	6537
26427	24	49	180	6669	0	6922
26428	23	34	7697	238	0	7992
26429	22	27	261	7797	0	8107
26430	19	30	79	8478	0	8606
26431	8301	18	42	369	0	8730
26432	8483	16	31	134	0	8664
26433	8653	29	26	90	0	8798
26434	8595	20	22	69	0	8706
26435	8624	22	26	54	0	8726
26436	374	30	24	8112	0	8540
26437	129	8217	30	305	0	8681
26438	81	282	27	8241	0	8631
26439	52	78	8054	355	0	8539
26440	8005	51	271	124	0	8451
26441	8436	27	72	90	0	8625
26442	378	14	45	8219	0	8656
26443	154	18	32	8212	0	8416
26444	110	7911	12	369	0	8402
26445	80	277	14	8144	0	8515
26446	69	89	21	8194	0	8373
26447	67	7957	24	390	0	8438
26448	57	301	23	8100	0	8481
26449	7624	79	32	370	0	8105
26450	283	50	7746	150	0	8229
26451	7627	49	274	111	0	8061
26452	317	30	7711	109	0	8167
26453	111	34	292	7646	0	8083
26454	84	28	87	7649	0	7848
26455	70	7377	51	387	0	7885
26456	57	7765	41	167	0	8030
26457	78	317	26	7457	0	7878
26458	68	104	7431	335	0	7938
26459	7221	58	278	137	0	7694
26460	309	45	84	7274	0	7712
26461	102	7209	58	331	0	7700
26462	82	280	44	7327	0	7733
26463	78	103	35	7291	0	7507
26464	69	7084	26	374	0	7553
26465	88	294	34	6785	0	7201
26466	57	76	6321	319	0	6773
26467	50	52	6173	133	0	6408
26468	44	93	246	5807	0	6190
26469	32	6057	81	249	0	6419
26470	36	226	48	6068	0	6378
26471	6048	77	32	279	0	6436
26472	6209	51	17	132	0	6409
26473	6006	51	16	94	0	6167
26474	276	5887	35	89	0	6287
26475	96	216	5837	66	0	6215
26476	5797	71	220	74	0	6162
26477	6046	49	76	72	0	6243
26478	257	5845	52	73	0	6227
26479	103	208	31	5763	0	6105
26480	5766	79	31	237	0	6113
26481	5887	55	24	94	0	6060
26482	5934	41	34	66	0	6075
26483	307	30	35	5545	0	5917
26484	5655	34	31	252	0	5972
26485	277	37	33	5645	0	5992
26486	115	40	24	5819	0	5998
26487	5633	46	26	313	0	6018
26488	275	38	24	5628	0	5965
26489	5626	30	33	277	0	5966
26490	297	29	34	5598	0	5958
26491	142	26	30	5776	0	5974
26492	5527	25	29	346	0	5927
26493	275	32	5447	176	0	5930
26494	142	42	205	5643	0	6032
26495	122	28	64	5762	0	5976
26496	133	20	43	5704	0	5900
26497	128	35	30	5766	0	5959
26498	105	27	28	5584	0	5744
26499	109	5313	23	366	0	5811
26500	90	219	35	5492	0	5836
26501	99	87	5376	318	0	5880
26502	98	59	214	5542	0	5913
26503	96	37	73	5707	0	5913
26504	84	31	44	5850	0	6009
26505	91	48	5494	370	0	6003
26506	77	47	5577	202	0	5903
26507	5467	45	262	172	0	5946
26508	5680	40	92	143	0	5955
26509	280	5882	71	130	0	6363
26510	122	232	36	6206	0	6596
26511	87	90	31	6562	0	6770
26512	76	65	45	6647	0	6833
26513	6422	35	51	380	0	6888
26514	6681	37	61	190	0	6969
26515	305	33	59	6600	0	6997
26516	130	26	47	6760	0	6963
26517	100	49	48	6801	0	6998
26518	68	51	37	6800	0	6956
26519	6451	51	30	409	0	6941
26520	248	47	6300	207	0	6802
26521	103	5601	180	171	0	6055
26522	64	5587	64	127	0	5842
26523	5311	199	59	105	0	5674
26524	168	216	51	5203	0	5638
26525	73	50	5228	243	0	5594
26526	41	56	4822	138	0	5057
26527	42	4948	124	121	0	5235
26528	3935	49	61	41	0	4086
26529	49	18	3838	23	0	3928
26530	3354	16	30	16	0	3416
26531	18	4	7	3488	0	3517
26532	8	4	5	3491	0	3508
26533	3	3476	6	32	0	3517
26534	5	3576	1	15	0	3597
26535	3653	13	3	13	0	3682
26536	3647	1	12	9	0	3669
26537	18	3696	4	7	0	3725
26538	9	13	3611	10	0	3643
26539	8	8	3656	8	0	3680
26540	5	22	16	3699	0	3742
26541	3835	5	17	18	0	3875
26542	16	3803	4	15	0	3838
26543	6	12	1	3990	0	4009
26544	4041	8	1	16	0	4066
26545	16	6	6	4106	0	4134
26546	8	2	6	4235	0	4251
26547	4243	4	2	31	0	4280
26548	24	4265	5	14	0	4308
26549	11	4437	4	8	0	4460
26550	6	22	4506	13	0	4547
26551	8	8	19	4588	0	4623
26552	8	11	6	4558	0	4583
26553	5	4	4678	32	0	4719
26554	4188	1	21	23	0	4233
26555	4485	6	12	19	0	4522
26556	22	7	4764	10	0	4803
26557	4240	5	26	29	0	4300
26558	27	4	5103	11	0	5145
26559	9	5357	21	9	0	5396
26560	9	20	14	5644	0	5687
26561	9	6	9	5793	0	5817
26562	5766	6	0	38	0	5810
26563	5733	4	7	16	0	5760
26564	5735	5	5	13	0	5758
26565	5775	5	8	11	0	5799
26566	5760	4	8	8	0	5780
26567	33	6	5666	9	0	5714
26568	13	5687	24	15	0	5739
26569	10	36	12	5782	0	5840
26570	8	5723	5	26	0	5762
26571	9	5774	2	13	0	5798
26572	10	25	6	5748	0	5789
26573	18	9	2	5777	0	5806
26574	11	6	5765	26	0	5808
26575	5447	9	25	21	0	5502
26576	5791	1	9	14	0	5815
26577	30	5705	8	9	0	5752
26578	5795	30	5	6	0	5836
26579	5985	6	5	20	0	6016
26580	28	11	5	5959	0	6003
26581	15	8	6168	27	0	6218
26582	12	6	6085	15	0	6118
26583	6109	1	20	15	0	6145
26584	6249	4	8	8	0	6269
26585	28	6203	6	5	0	6242
26586	16	6394	1	1	0	6412
26587	12	35	0	6595	0	6642
26588	6629	12	3	32	0	6676
26589	27	8	6748	10	0	6793
26590	12	6	33	6892	0	6943
26591	7083	1	10	44	0	7138
26592	7154	4	10	17	0	7185
26593	41	5	2	7294	0	7342
26594	7302	3	9	48	0	7362
26595	49	4	7117	15	0	7185
26596	15	4	7404	14	0	7437
26597	22	1	48	7320	0	7391
26598	6	1	19	7699	0	7725
26599	9	3	13	7677	0	7702
26600	8	7471	10	48	0	7537
26601	7	7664	1	29	0	7701
26602	9	49	1	7718	0	7777
26603	7763	19	11	46	0	7839
26604	39	16	6	7812	0	7873
26605	15	7	5	7838	0	7865
26606	10	7717	6	53	0	7786
26607	8	7861	4	25	0	7898
26608	5	48	3	7954	0	8010
26609	6	23	1	7557	0	7587
26610	7406	12	1	55	0	7474
26611	35	7241	7	26	0	7309
26612	7296	34	2	24	0	7356
26613	45	10	0	7328	0	7383
26614	18	14	7191	38	0	7261
26615	13	10	6997	16	0	7036
26616	7203	8	43	21	0	7275
26617	32	5	21	7451	0	7509
26618	12	3	12	7473	0	7500
26619	14	3	4	7543	0	7564
26620	8	1	7617	57	0	7683
26621	4	2	31	7705	0	7742
26622	2	7654	11	54	0	7721
26623	4	41	12	7904	0	7961
26624	6	12	6	7899	0	7923
26625	5	8009	3	57	0	8074
26626	6	58	2	8324	0	8390
26627	8178	17	1	84	0	8280
26628	72	8237	4	26	0	8339
26629	8662	87	5	25	0	8779
26630	8815	20	3	16	0	8854
26631	126	13	3	8823	0	8965
26632	44	7	0	8793	0	8844
26633	23	9	0	8955	0	8987
26634	13	7	8649	147	0	8816
26635	8	8364	101	55	0	8528
26636	10	8693	25	30	0	8758
26637	14	115	10	8552	0	8691
26638	8504	30	6	114	0	8654
26639	104	14	4	8439	0	8561
26640	26	27	8546	126	0	8725
26641	17	8378	102	45	0	8542
26642	11	8631	22	24	0	8688
26643	8564	122	13	19	0	8718
26644	8698	37	11	20	0	8766
26645	122	8956	9	10	0	9097
26646	9114	101	3	26	0	9244
26647	130	28	8988	17	0	9163
26648	37	24	8878	17	0	8956
26649	9045	15	129	15	0	9204
26650	9421	12	38	11	0	9482
26651	154	8	23	9344	0	9529
26652	9356	14	12	130	0	9512
26653	151	11	9398	37	0	9597
26654	52	6	9771	30	0	9859
26655	44	9	171	10420	0	10644
26656	23	8	50	11792	0	11873
26657	24	9	22	12327	0	12382
26658	27	14	31	12098	0	12170
26659	27	4	14	13087	0	13132
26660	19	9	12688	441	0	13157
26661	27	9	312	12698	0	13046
26662	12687	12	85	432	0	13216
26663	335	9	46	12872	0	13262
26664	12728	6	33	454	0	13221
26665	364	9	23	12863	0	13259
26666	12939	6	32	477	0	13454
26667	13376	13	38	217	0	13644
26668	453	15	42	13166	0	13676
26669	175	8	36	13516	0	13735
26670	13191	9	31	516	0	13747
26671	13411	9	35	237	0	13692
26672	493	11	13066	186	0	13756
26673	237	9	319	13255	0	13820
26674	178	14	91	13665	0	13948
26675	13401	19	50	504	0	13974
26676	13698	13	37	237	0	13985
26677	516	12	29	13647	0	14204
26678	245	13	32	13980	0	14270
26679	176	13	42	13912	0	14143
26680	126	11	48	13862	0	14047
26681	112	12850	48	595	0	13605
26682	122	13295	36	267	0	13720
26683	126	382	35	13213	0	13756
26684	107	13271	34	497	0	13909
26685	87	357	22	13544	0	14010
26686	92	112	13343	533	0	14080
26687	75	78	13164	289	0	13606
26688	66	13430	380	237	0	14113
26689	86	391	113	13378	0	13968
26690	55	143	13287	501	0	13986
26691	58	107	346	13257	0	13768
26692	73	86	134	13718	0	14011
26693	13323	77	116	587	0	14103
26694	394	65	98	13752	0	14309
26695	153	60	13956	549	0	14718
26696	135	47	14127	278	0	14587
26697	112	13849	444	229	0	14634
26698	109	14853	174	235	0	15371
26699	15075	388	123	225	0	15811
26700	424	118	15754	221	0	16517
26701	205	72	382	15791	0	16450
26702	15940	45	159	519	0	16663
26703	16007	47	117	274	0	16445
26704	491	16046	97	224	0	16858
26705	242	357	95	15738	0	16432
26706	174	122	97	16736	0	17129
26707	153	96	86	16704	0	17039
26708	16334	79	75	598	0	17086
26709	458	75	16107	313	0	16953
26710	218	16395	354	256	0	17223
26711	164	369	132	16462	0	17127
26712	143	132	93	17068	0	17436
26713	117	124	16561	629	0	17431
26714	122	99	353	16537	0	17111
26715	118	87	137	17106	0	17448
26716	111	92	103	17115	0	17421
26717	100	92	102	17101	0	17395
26718	84	81	16543	724	0	17432
26719	95	74	409	16599	0	17177
26720	77	66	16743	645	0	17531
26721	79	16517	437	393	0	17426
26722	77	344	192	16912	0	17525
26723	96	148	140	17302	0	17686
26724	106	67	16704	701	0	17578
26725	119	16368	393	437	0	17317
26726	131	375	172	16459	0	17137
26727	145	117	16408	537	0	17207
26728	116	16164	367	371	0	17018
26729	124	348	160	16291	0	16923
26730	132	126	16136	496	0	16890
26731	145	104	351	16011	0	16611
26732	137	102	165	15857	0	16261
26733	111	80	138	16566	0	16895
26734	16148	91	113	548	0	16900
26735	347	15993	117	333	0	16790
26736	16182	334	100	284	0	16900
26737	372	132	16166	285	0	16955
26738	16437	94	321	329	0	17181
26739	17308	87	141	320	0	17856
26740	415	62	112	17154	0	17743
26741	17335	85	96	555	0	18071
26742	17536	107	77	337	0	18057
26743	17740	86	75	317	0	18218
26744	437	101	74	17605	0	18217
26745	237	105	80	17417	0	17839
26746	164	76	16640	501	0	17381
26747	173	87	15920	287	0	16467
26748	16139	58	348	271	0	16816
26749	368	156	167	16448	0	17139
26750	177	16558	146	389	0	17270
26751	16645	262	132	277	0	17316
26752	311	16454	105	244	0	17114
26753	158	16695	111	253	0	17217
26754	216	348	15989	232	0	16785
26755	121	110	16186	174	0	16591
26756	121	421	302	15254	0	16098
26757	71	45	16054	193	0	16363
26758	52	48	14753	61	0	14914
26759	14142	28	67	58	0	14295
26760	14915	7	12	36	0	14970
26761	37	5	13	15076	0	15131
26762	19	7	21	15116	0	15163
26763	17	20	15436	36	0	15509
26764	15	15441	24	28	0	15508
26765	19	26	19	15319	0	15383
26766	15944	6	14	68	0	16032
26767	38	7	8	16015	0	16068
26768	18	16147	20	42	0	16227
26769	16	43	15946	19	0	16024
26770	11	16383	37	30	0	16461
26771	16623	37	18	33	0	16711
26772	16489	14	15	26	0	16544
26773	58	15	5	16382	0	16460
26774	23	11	16695	57	0	16786
26775	39	19	15644	34	0	15736
26776	16	16540	67	18	0	16641
26777	38	58	36	15759	0	15891
26778	12	28	17	16720	0	16777
26779	12	15	16533	69	0	16629
26780	10	10	62	16289	0	16371
26781	7	17062	23	68	0	17160
26782	17	82	10	17355	0	17464
26783	11	30	10	17434	0	17485
26784	18	15	17405	131	0	17569
26785	15	25	99	16965	0	17104
26786	17121	7	38	115	0	17281
26787	109	12	17239	42	0	17402
26788	42	6	16850	28	0	16926
26789	16	17398	141	24	0	17579
26790	31	126	63	17841	0	18061
26791	27	42	17	18659	0	18745
26792	11	14	18489	180	0	18694
26793	17395	9	143	91	0	17638
26794	137	8	67	18327	0	18539
26795	58	8	17985	154	0	18205
26796	37	11	146	17251	0	17445
26797	15	9	17750	168	0	17942
26798	22	9	16947	82	0	17060
26799	11	17006	201	52	0	17270
26800	17	143	82	16251	0	16493
26801	11	16714	31	146	0	16902
26802	16447	155	25	71	0	16698
26803	147	68	16549	28	0	16792
26804	56	16263	150	34	0	16503
26805	29	153	71	16335	0	16588
26806	16193	63	35	166	0	16457
26807	129	16190	30	94	0	16443
26808	63	148	31	16372	0	16614
26809	29	70	16	16369	0	16484
26810	14	16364	19	206	0	16603
26811	16530	169	28	91	0	16818
26812	167	75	18	17971	0	18231
26813	62	30	28	18799	0	18919
26814	33	33	18541	361	0	18968
26815	20	19377	276	181	0	19854
26816	29	303	124	19866	0	20322
26817	31	131	60	21717	0	21939
26818	16	21887	47	493	0	22443
26819	27	417	39	22223	0	22706
26820	34	180	20	23093	0	23327
26821	31	70	25	23377	0	23503
26822	17	23173	44	643	0	23877
26823	23062	487	31	287	0	23867
26824	485	170	23122	157	0	23934
26825	22404	90	464	137	0	23095
26826	513	23054	191	92	0	23850
26827	199	475	100	22977	0	23751
26828	96	205	23030	528	0	23859
26829	74	114	494	23026	0	23708
26830	64	88	195	23130	0	23477
26831	61	58	111	23618	0	23848
26832	46	62	22971	744	0	23823
26833	50	22727	492	374	0	23643
26834	40	493	23178	208	0	23919
26835	36	23470	560	181	0	24247
26836	46	540	23962	144	0	24692
26837	40	234	563	23821	0	24658
26838	23303	135	239	629	0	24306
26839	451	23962	147	319	0	24879
26840	183	554	24121	205	0	25063
26841	92	24073	537	176	0	24878
26842	91	608	24413	172	0	25284
26843	66	269	603	23621	0	24559
26844	97	156	268	23344	0	23865
26845	67	23583	160	695	0	24505
26846	70	24775	127	333	0	25305
26847	24597	707	110	247	0	25661
26848	557	296	121	24276	0	25250
26849	212	225	24332	662	0	25431
26850	146	125	595	24826	0	25692
26851	97	154	25057	747	0	26055
26852	76	162	25095	390	0	25723
26853	93	142	768	23936	0	24939
26854	96	24285	311	655	0	25347
26855	23641	609	237	359	0	24846
26856	563	274	152	23514	0	24503
26857	229	201	170	23143	0	23743
26858	120	23416	150	815	0	24501
26859	23188	622	155	377	0	24342
26860	23567	293	127	318	0	24305
26861	705	201	168	22743	0	23817
26862	321	22512	137	671	0	23641
26863	170	23859	160	372	0	24561
26864	23377	785	142	290	0	24594
26865	571	358	23321	245	0	24495
26866	22759	260	608	246	0	23873
26867	23174	194	325	210	0	23903
26868	23034	174	181	256	0	23645
26869	757	22624	153	244	0	23778
26870	339	691	145	22750	0	23925
26871	22764	305	163	683	0	23915
26872	22896	215	147	358	0	23616
26873	703	22729	171	269	0	23872
26874	22984	595	129	260	0	23968
26875	678	301	138	23021	0	24138
26876	308	213	135	23117	0	23773
26877	180	22852	124	795	0	23951
26878	194	609	133	23285	0	24221
26879	178	319	114	23429	0	24040
26880	155	23025	130	827	0	24137
26881	185	619	122	22034	0	22960
26882	138	22695	121	702	0	23656
26883	22639	633	120	379	0	23771
26884	22135	330	113	281	0	22859
26885	630	22229	119	252	0	23230
26886	343	577	22010	210	0	23140
26887	232	368	493	22080	0	23173
26888	182	236	22009	575	0	23002
26889	189	21176	548	323	0	22236
26890	181	21814	253	251	0	22499
26891	20729	588	177	183	0	21677
26892	523	21436	120	161	0	22240
26893	288	543	115	20817	0	21763
26894	190	21071	108	493	0	21862
26895	195	21735	90	268	0	22288
26896	21519	624	83	215	0	22441
26897	543	298	81	21499	0	22421
26898	272	224	21382	510	0	22388
26899	202	207	20920	278	0	21607
26900	164	21551	505	246	0	22466
26901	21497	524	206	212	0	22439
26902	478	21772	158	148	0	22556
26903	266	604	95	22141	0	23106
26904	22220	282	95	550	0	23147
26905	586	192	92	22483	0	23353
26906	260	188	99	22698	0	23245
26907	182	22587	89	676	0	23534
26908	216	561	61	22936	0	23774
26909	152	294	22838	606	0	23890
26910	22491	206	468	329	0	23494
26911	569	23325	191	237	0	24322
26912	202	23457	86	212	0	23957
26913	22596	531	99	120	0	23346
26914	537	258	22758	119	0	23672
26915	21497	237	486	151	0	22371
26916	481	23637	153	114	0	24385
26917	151	25005	94	68	0	25318
26918	94	640	25343	55	0	26132
26919	79	25735	566	70	0	26450
26920	143	687	244	23432	0	24506
26921	65	212	75	24138	0	24490
26922	38	24354	39	597	0	25028
26923	37	532	25	24714	0	25308
26924	24707	204	31	589	0	25531
26925	520	127	24434	202	0	25283
26926	24492	116	501	134	0	25243
26927	25430	97	179	108	0	25814
26928	25347	98	85	107	0	25637
26929	748	104	24831	96	0	25779
26930	293	88	530	24730	0	25641
26931	155	102	25001	567	0	25825
26932	24202	81	595	250	0	25128
26933	24425	64	212	151	0	24852
26934	725	24459	129	89	0	25402
26935	342	552	76	24389	0	25359
26936	194	24914	91	571	0	25770
26937	132	617	25102	211	0	26062
26938	148	281	604	25009	0	26042
26939	24707	142	224	667	0	25740
26940	25229	76	122	250	0	25677
26941	835	113	69	24006	0	25023
26942	320	24113	68	580	0	25081
26943	178	620	24500	239	0	25537
26944	133	253	24854	159	0	25399
26945	23942	144	784	152	0	25022
26946	698	102	24869	91	0	25760
26947	299	24604	668	144	0	25715
26948	191	622	267	24500	0	25580
26949	129	259	24932	610	0	25930
26950	118	137	693	24427	0	25375
26951	135	101	24748	702	0	25686
26952	23528	94	741	272	0	24635
26953	691	89	319	23847	0	24946
26954	281	23542	187	652	0	24662
26955	154	24441	160	305	0	25060
26956	115	815	164	23911	0	25005
26957	142	307	133	23933	0	24515
26958	132	23753	155	820	0	24860
26959	143	658	23701	351	0	24853
26960	133	291	687	23803	0	24914
26961	129	197	23997	726	0	25049
26962	117	158	23562	347	0	24184
26963	22261	128	874	250	0	23513
26964	678	22864	382	182	0	24106
26965	23037	701	204	188	0	24130
26966	762	316	174	22246	0	23498
26967	306	22878	179	701	0	24064
26968	222	736	201	23084	0	24243
26969	162	320	206	23085	0	23773
26970	180	22754	172	903	0	24009
26971	154	773	22674	397	0	23998
26972	177	353	698	22791	0	24019
26973	22660	251	319	817	0	24047
26974	778	195	204	22623	0	23800
26975	342	174	179	22923	0	23618
26976	246	209	22041	973	0	23469
26977	208	21945	746	456	0	23355
26978	216	748	337	22009	0	23310
26979	195	356	21974	809	0	23334
26980	185	276	21934	424	0	22819
26981	21184	186	943	370	0	22683
26982	748	21623	441	307	0	23119
26983	21425	758	316	293	0	22792
26984	787	21325	247	318	0	22677
26985	372	21994	225	317	0	22908
26986	21332	953	246	294	0	22825
26987	802	407	238	20706	0	22153
26988	405	21068	271	797	0	22541
26989	323	792	237	21492	0	22844
26990	21379	350	223	887	0	22839
26991	888	261	21159	423	0	22731
26992	443	268	20717	310	0	21738
26993	20314	217	931	276	0	21738
26994	817	20473	457	285	0	22032
26995	423	791	20372	240	0	21826
26996	328	20384	803	274	0	21789
26997	279	874	399	20048	0	21600
26998	257	412	20241	825	0	21735
26999	225	284	826	20243	0	21578
27000	205	258	20046	894	0	21403
27001	19156	226	914	462	0	20758
27002	785	19692	417	344	0	21238
27003	19583	770	308	279	0	20940
27004	820	399	280	18856	0	20355
27005	361	20107	265	782	0	21515
27006	19949	855	267	409	0	21480
27007	19397	384	339	334	0	20454
27008	911	288	19891	308	0	21398
27009	435	244	20026	274	0	20979
27010	18052	234	953	239	0	19478
27011	705	18220	453	262	0	19640
27012	302	17945	305	212	0	18764
27013	440	1217	368	16461	0	18486
27014	262	345	16674	658	0	17939
27015	235	15892	642	324	0	17093
27016	177	14816	297	260	0	15550
27017	472	464	189	10907	0	12032
27018	10925	124	104	263	0	11416
27019	11012	91	54	117	0	11274
27020	11183	63	56	86	0	11388
27021	346	64	10970	63	0	11443
27022	10940	54	255	58	0	11307
27023	11109	73	110	60	0	11352
27024	11247	69	69	52	0	11437
27025	358	71	66	10730	0	11225
27026	139	10832	69	239	0	11279
27027	10825	272	46	95	0	11238
27028	283	10858	56	87	0	11284
27029	107	263	50	10825	0	11245
27030	72	113	11254	260	0	11699
27031	78	95	260	11177	0	11610
27032	96	62	82	11390	0	11630
27033	53	73	11253	324	0	11703
27034	75	11138	264	117	0	11594
27035	70	239	79	10463	0	10851
27036	10260	86	55	256	0	10657
27037	230	10055	57	92	0	10434
27038	9746	217	37	63	0	10063
27039	219	145	39	9420	0	9823
27040	94	9660	29	198	0	9981
27041	9517	202	29	75	0	9823
27042	218	9630	29	47	0	9924
27043	76	196	9254	39	0	9565
27044	8860	106	199	51	0	9216
27045	9096	77	56	40	0	9269
27046	243	8955	29	45	0	9272
27047	76	179	8636	25	0	8916
27048	44	8826	173	23	0	9066
27049	154	240	123	6463	0	6980
27050	31	76	22	8833	0	8962
27051	23	49	17	8824	0	8913
27052	31	8735	17	229	0	9012
27053	37	178	6	8824	0	9045
27054	26	73	16	8934	0	9049
27055	8735	51	11	226	0	9023
27056	188	33	14	8752	0	8987
27057	81	21	11	8951	0	9064
27058	8683	15	12	233	0	8943
27059	189	8766	11	81	0	9047
27060	8857	181	10	49	0	9097
27061	8876	67	18	41	0	9002
27062	8980	44	10	33	0	9067
27063	263	34	7	8788	0	9092
27064	96	24	16	8996	0	9132
27065	49	29	8654	247	0	8979
27066	50	33	8542	101	0	8726
27067	55	32	8542	62	0	8691
27068	8246	40	223	53	0	8562
27069	209	25	8551	47	0	8832
27070	95	8593	197	49	0	8934
27071	62	181	78	8686	0	9007
27072	45	75	51	8641	0	8812
27073	47	8894	38	212	0	9191
27074	52	210	9078	85	0	9425
27075	56	9252	174	64	0	9546
27076	9301	223	67	44	0	9635
27077	212	89	9294	51	0	9646
27078	91	9260	195	50	0	9596
27079	71	208	9348	48	0	9675
27080	59	85	205	9317	0	9666
27081	56	59	9421	201	0	9737
27082	67	41	219	9230	0	9557
27083	9457	35	84	223	0	9799
27084	243	36	9426	89	0	9794
27085	96	9473	195	71	0	9835
27086	9537	208	78	59	0	9882
27087	231	82	9659	65	0	10037
27088	98	60	9693	67	0	9918
27089	74	47	234	9556	0	9911
27090	66	46	9648	226	0	9986
27091	9234	42	225	117	0	9618
27092	208	9362	88	90	0	9748
27093	92	202	61	9479	0	9834
27094	70	9885	50	204	0	10209
27095	9998	219	56	112	0	10385
27096	233	88	9950	85	0	10356
27097	107	62	10205	71	0	10445
27098	75	58	262	10055	0	10450
27099	55	60	103	10262	0	10480
27100	71	55	71	10347	0	10544
27101	67	47	55	10425	0	10594
27102	71	49	10321	296	0	10737
27103	49	10170	231	135	0	10585
27104	69	214	80	9667	0	10030
27105	42	72	9273	181	0	9568
27106	33	9140	165	78	0	9416
27107	9067	169	78	53	0	9367
27108	244	89	38	8954	0	9325
27109	8754	42	38	172	0	9006
27110	156	8749	29	76	0	9010
27111	8782	152	26	54	0	9014
27112	175	66	8912	47	0	9200
27113	80	97	161	8606	0	8944
27114	36	8857	53	155	0	9101
27115	35	143	8721	89	0	8988
27116	27	8709	149	64	0	8949
27117	81	220	92	6524	0	6917
27118	8176	48	41	126	0	8391
27119	123	8186	29	65	0	8403
27120	8153	120	22	37	0	8332
27121	144	40	8035	41	0	8260
27122	58	29	7944	41	0	8072
27123	7878	24	150	38	0	8090
27124	130	48	59	7915	0	8152
27125	55	46	45	7968	0	8114
27126	37	13	8094	135	0	8279
27127	28	36	7797	54	0	7915
27128	34	8090	130	39	0	8293
27129	7687	144	87	58	0	7976
27130	7330	36	39	28	0	7433
27131	102	7241	18	16	0	7377
27132	51	86	24	7418	0	7579
27133	7465	32	23	94	0	7614
27134	86	15	13	7496	0	7610
27135	7560	15	19	97	0	7691
27136	7609	16	15	43	0	7683
27137	7770	11	18	35	0	7834
27138	103	12	15	7587	0	7717
27139	41	10	20	7801	0	7872
27140	7564	14	14	111	0	7703
27141	7564	11	18	43	0	7636
27142	7566	9	16	27	0	7618
27143	119	7462	15	18	0	7614
27144	7328	68	13	15	0	7424
27145	70	7316	11	19	0	7416
27146	7228	68	13	14	0	7323
27147	74	20	7252	19	0	7365
27148	6646	32	72	18	0	6768
27149	49	6804	23	14	0	6890
27150	22	6813	6	7	0	6848
27151	6975	43	15	18	0	7051
27152	44	9	10	7010	0	7073
27153	16	8	6	7205	0	7235
27154	14	7209	4	58	0	7285
27155	13	7614	5	21	0	7653
27156	7853	52	6	20	0	7931
27157	71	16	8223	4	0	8314
27158	21	12	63	8739	0	8835
27159	9060	8	9	85	0	9162
27160	109	4	9194	18	0	9325
27161	24	10096	101	11	0	10232
27162	10875	166	18	16	0	11075
27163	225	25	11466	12	0	11728
27164	42	20	231	12303	0	12596
27165	26	12	12748	273	0	13059
27166	12291	6	284	66	0	12647
27167	277	12949	63	21	0	13310
27168	13113	283	30	36	0	13462
27169	13173	53	21	17	0	13264
27170	350	31	12	12955	0	13348
27171	13087	22	11	307	0	13427
27172	321	14	12	13144	0	13491
27173	79	13	7	13233	0	13332
27174	47	14	12661	346	0	13068
27175	37	12634	265	79	0	13015
27176	29	283	68	12704	0	13084
27177	31	51	21	12937	0	13040
27178	27	22	23	12932	0	13004
27179	13	26	12625	352	0	13016
27180	13	12484	269	100	0	12866
27181	24	265	60	12688	0	13037
27182	24	51	28	12947	0	13050
27183	10	33	12601	334	0	12978
27184	29	27	277	12315	0	12648
27185	12482	6	63	317	0	12868
27186	264	12577	29	81	0	12951
27187	12515	266	20	50	0	12851
27188	306	63	12511	35	0	12915
27189	73	30	267	12539	0	12909
27190	12770	20	59	290	0	13139
27191	12920	11	30	77	0	13038
27192	331	18	12887	39	0	13275
27193	105	23	271	12759	0	13158
27194	52	9	12737	285	0	13083
27195	12224	8	290	92	0	12614
27196	270	12655	73	42	0	13040
27197	12959	276	45	43	0	13323
27198	13067	57	30	24	0	13178
27199	349	13045	21	29	0	13444
27200	13284	302	27	42	0	13655
27201	347	62	13118	20	0	13547
27202	13176	46	290	29	0	13541
27203	350	28	55	13289	0	13722
27204	107	20	13446	328	0	13901
27205	56	23	312	13440	0	13831
27206	75	14	78	13239	0	13406
27207	38	19	49	13555	0	13661
27208	51	13383	32	353	0	13819
27209	13477	290	28	129	0	13924
27210	321	65	39	13489	0	13914
27211	85	13381	28	337	0	13831
27212	64	319	24	13151	0	13558
27213	75	13244	16	337	0	13672
27214	54	320	13213	105	0	13692
27215	58	90	300	13114	0	13562
27216	55	43	82	13486	0	13666
27217	38	51	13302	391	0	13782
27218	12519	28	319	153	0	13019
27219	303	13161	91	104	0	13659
27220	104	325	76	13253	0	13758
27221	78	80	51	13247	0	13456
27222	70	57	31	13135	0	13293
27223	68	13075	49	405	0	13597
27224	13083	317	41	158	0	13599
27225	358	85	13062	107	0	13612
27226	100	60	12762	115	0	13037
27227	84	48	359	12750	0	13241
27228	65	30	110	13156	0	13361
27229	12846	48	70	437	0	13401
27230	349	12716	67	154	0	13286
27231	104	325	51	12953	0	13433
27232	12821	92	57	380	0	13350
27233	359	62	49	12763	0	13233
27234	12769	45	47	416	0	13277
27235	388	41	12418	156	0	13003
27236	121	12642	324	116	0	13203
27237	12736	325	101	96	0	13258
27238	372	97	12687	93	0	13249
27239	12411	56	342	110	0	12919
27240	397	48	12481	91	0	13017
27241	12540	47	369	72	0	13028
27242	407	48	100	12623	0	13178
27243	12726	47	74	377	0	13224
27244	399	37	72	12670	0	13178
27245	144	33	51	12926	0	13154
27246	12702	43	63	440	0	13248
27247	375	12508	50	176	0	13109
27248	119	328	55	12805	0	13307
27249	12876	90	45	400	0	13411
27250	13242	66	40	160	0	13508
27251	414	53	47	12932	0	13446
27252	159	51	33	13245	0	13488
27253	13122	67	44	421	0	13654
27254	410	40	44	13154	0	13648
27255	151	57	36	13197	0	13441
27256	12773	38	46	422	0	13279
27257	393	47	44	12314	0	12798
27258	118	34	11481	389	0	12022
27259	10974	28	272	143	0	11417
27260	336	31	11186	99	0	11652
27261	83	27	10099	87	0	10296
27262	9099	129	389	52	0	9669
27263	177	8884	92	32	0	9185
27264	69	107	62	8124	0	8362
27265	31	11	26	8064	0	8132
27266	29	8	16	8296	0	8349
27267	12	8	7	8536	0	8563
27268	8372	15	17	147	0	8551
27269	9160	9	2	40	0	9211
27270	9527	8	7	26	0	9568
27271	171	4	10122	27	0	10324
27272	58	2	180	10723	0	10963
27273	36	5	70	11054	0	11165
27274	31	3	27	10865	0	10926
27275	25	10477	21	345	0	10868
27276	29	10826	14	145	0	11014
27277	11123	311	16	79	0	11529
27278	277	119	11	11211	0	11618
27279	116	47	10	11941	0	12114
27280	58	32	12	12247	0	12349
27281	43	29	11707	449	0	12228
27282	36	18	11547	201	0	11802
27283	11527	13	382	117	0	12039
27284	12129	12	137	78	0	12356
27285	418	18	69	11801	0	12306
27286	165	11784	45	317	0	12311
27287	97	289	35	11893	0	12314
27288	64	108	23	11984	0	12179
27289	58	44	11571	446	0	12119
27290	11635	24	292	204	0	12155
27291	317	19	134	12110	0	12580
27292	151	22	63	12031	0	12267
27293	11666	8	49	475	0	12198
27294	349	12054	29	221	0	12653
27295	12361	334	26	134	0	12855
27296	419	168	24	12047	0	12658
27297	174	11793	15	367	0	12349
27298	11903	329	16	192	0	12440
27299	387	151	31	11800	0	12369
27300	11655	74	26	384	0	12139
27301	11549	41	23	215	0	11828
27302	11634	38	20	132	0	11824
27303	513	11063	32	94	0	11702
27304	237	11185	26	84	0	11532
27305	151	420	20	10868	0	11459
27306	101	11097	16	344	0	11558
27307	11234	367	9	204	0	11814
27308	381	180	19	11246	0	11826
27309	11289	91	18	390	0	11788
27310	11550	56	26	216	0	11848
27311	507	56	34	11176	0	11773
27312	273	41	27	11752	0	12093
27313	11587	48	30	536	0	12201
27314	11881	51	28	263	0	12223
27315	12298	41	19	179	0	12537
27316	12549	62	22	147	0	12780
27317	12868	45	9	141	0	13063
27318	605	48	15	12437	0	13105
27319	319	54	22	12687	0	13082
27320	209	48	17	12878	0	13152
27321	12468	49	21	590	0	13128
27322	453	36	18	12413	0	12920
27323	275	12221	21	485	0	13002
27324	180	340	25	12591	0	13136
27325	12314	165	22	481	0	12982
27326	12551	94	28	262	0	12935
27327	575	83	12117	183	0	12958
27328	311	95	314	11894	0	12614
27329	196	12255	135	438	0	13024
27330	12452	353	59	257	0	13121
27331	435	12565	47	185	0	13232
27332	277	381	35	12771	0	13464
27333	12893	191	33	460	0	13577
27334	13126	108	31	279	0	13544
27335	605	12934	25	200	0	13764
27336	345	370	19	12976	0	13710
27337	232	193	12868	433	0	13726
27338	12657	113	323	274	0	13367
27339	507	90	12922	172	0	13691
27340	13087	73	375	181	0	13716
27341	13406	64	174	185	0	13829
27342	633	63	78	13196	0	13970
27343	13538	60	43	474	0	14115
27344	13820	80	40	287	0	14227
27345	14029	78	30	182	0	14319
27346	703	60	27	13550	0	14340
27347	13764	63	40	489	0	14356
27348	580	65	39	13662	0	14346
27349	346	60	47	13704	0	14157
27350	236	13385	57	588	0	14266
27351	236	360	35	13187	0	13818
27352	210	13233	32	470	0	13945
27353	13123	376	16	274	0	13789
27354	13225	193	23	200	0	13641
27355	588	113	14	12904	0	13619
27356	341	84	19	13121	0	13565
27357	12883	59	30	570	0	13542
27358	497	63	12482	298	0	13340
27359	12806	53	297	203	0	13359
27360	520	63	145	12569	0	13297
27361	340	55	12118	432	0	12945
27362	12122	64	307	270	0	12763
27363	12549	51	156	196	0	12952
27364	581	56	12186	165	0	12988
27365	12265	60	297	187	0	12809
27366	497	52	12008	144	0	12701
27367	328	11936	330	121	0	12715
27368	11982	308	251	159	0	12700
27369	11728	173	140	140	0	12181
27370	537	11185	55	111	0	11888
27371	234	10635	71	106	0	11046
27372	9974	237	97	67	0	10375
27373	10020	83	42	69	0	10214
27374	308	58	27	10030	0	10423
27375	145	45	9811	205	0	10206
27376	117	48	9488	103	0	9756
27377	9665	32	185	73	0	9955
27378	224	31	9743	63	0	10061
27379	9287	85	202	56	0	9630
27380	204	31	67	9201	0	9503
27381	109	12	39	9289	0	9449
27382	84	18	9355	180	0	9637
27383	9414	7	135	91	0	9647
27384	187	19	59	9512	0	9777
27385	91	9	40	10118	0	10258
27386	10033	11	28	195	0	10267
27387	10048	6	46	112	0	10212
27388	10116	16	26	63	0	10221
27389	198	10136	29	64	0	10427
27390	96	106	9793	43	0	10038
27391	9610	41	123	42	0	9816
27392	9801	21	48	42	0	9912
27393	172	9560	41	34	0	9807
27394	9215	82	37	22	0	9356
27395	121	27	15	9130	0	9293
27396	49	17	9341	90	0	9497
27397	9215	13	89	36	0	9353
27398	9452	24	41	27	0	9544
27399	9488	7	15	19	0	9529
27400	9555	10	14	19	0	9598
27401	127	10	10	9477	0	9624
27402	56	9	9	9485	0	9559
27403	9559	5	8	110	0	9682
27404	116	11	13	9542	0	9682
27405	48	5	18	9567	0	9638
27406	34	9384	11	115	0	9544
27407	36	78	14	9582	0	9710
27408	37	16	10	9604	0	9667
27409	44	5	5	9673	0	9727
27410	31	10	8	9718	0	9767
27411	30	9563	12	114	0	9719
27412	33	79	9	9410	0	9531
27413	32	27	8	9218	0	9285
27414	28	14	9025	118	0	9185
27415	37	12	8529	57	0	8635
27416	20	8676	92	38	0	8826
27417	9231	79	25	28	0	9363
27418	114	9452	18	29	0	9613
27419	35	116	15	10070	0	10236
27420	28	27	10716	138	0	10909
27421	11351	12	149	59	0	11571
27422	171	12	32	11851	0	12066
27423	11821	13	13	180	0	12027
27424	12084	7	21	65	0	12177
27425	189	12010	22	38	0	12259
27426	12076	155	14	26	0	12271
27427	173	12426	6	35	0	12640
27428	54	211	5	12700	0	12970
27429	43	12766	10	178	0	12997
27430	48	191	12725	50	0	13014
27431	27	12856	181	37	0	13101
27432	33	219	45	12525	0	12822
27433	12579	41	21	192	0	12833
27434	175	12749	21	43	0	12988
27435	59	192	11	12810	0	13072
27436	40	45	8	13122	0	13215
27437	33	36	12967	252	0	13288
27438	29	20	209	12950	0	13208
27439	27	28	13052	248	0	13355
27440	12666	13	237	76	0	12992
27441	255	23	13319	45	0	13642
27442	63	13387	230	56	0	13736
27443	64	231	54	13328	0	13677
27444	47	51	32	13459	0	13589
27445	46	52	17	13461	0	13576
27446	13447	27	16	326	0	13816
27447	270	30	17	13279	0	13596
27448	69	13402	20	292	0	13783
27449	13181	258	30	89	0	13558
27450	249	13119	23	84	0	13475
27451	72	267	35	13191	0	13565
27452	13235	70	21	288	0	13614
27453	273	12975	30	92	0	13370
27454	81	13477	21	79	0	13658
27455	13399	280	25	75	0	13779
27456	13614	99	18	70	0	13801
27457	307	48	13358	70	0	13783
27458	13497	49	251	78	0	13875
27459	301	43	13797	69	0	14210
27460	120	49	276	14088	0	14533
27461	68	41	14119	305	0	14533
27462	54	59	288	14141	0	14542
27463	60	42	14213	334	0	14649
27464	62	53	299	13946	0	14360
27465	43	44	81	14348	0	14516
27466	14048	33	45	384	0	14510
27467	313	40	13879	138	0	14370
27468	13340	51	288	89	0	13768
27469	341	33	13725	76	0	14175
27470	118	38	13740	66	0	13962
27471	88	50	348	13492	0	13978
27472	13549	44	122	316	0	14031
27473	264	13526	85	127	0	14002
27474	13455	272	50	112	0	13889
27475	13576	72	67	82	0	13797
27476	340	13309	45	175	0	13869
27477	13504	278	54	56	0	13892
27478	348	91	13642	67	0	14148
27479	122	64	294	13680	0	14160
27480	13733	44	87	306	0	14170
27481	286	13743	88	125	0	14242
27482	127	265	59	13583	0	14034
27483	87	85	70	13648	0	13890
27484	81	72	48	13803	0	14004
27485	78	58	48	13866	0	14050
27486	13575	42	46	385	0	14048
27487	13754	51	48	174	0	14027
27488	13766	40	61	114	0	13981
27489	13521	39	57	106	0	13723
27490	390	46	13436	80	0	13952
27491	13435	51	286	92	0	13864
27492	13782	41	111	84	0	14018
27493	375	13467	71	104	0	14017
27494	172	13805	66	80	0	14123
27495	134	324	47	13464	0	13969
27496	110	106	50	13661	0	13927
27497	97	79	13367	362	0	13905
27498	90	13484	290	174	0	14038
27499	110	267	94	13357	0	13828
27500	101	13543	83	300	0	14027
27501	109	288	64	13891	0	14352
27502	121	93	52	13951	0	14217
27503	102	14165	61	356	0	14684
27504	100	283	64	14427	0	14874
27505	99	104	14536	340	0	15079
27506	109	71	14449	164	0	14793
27507	14221	62	373	126	0	14782
27508	14892	64	139	105	0	15200
27509	387	14621	100	105	0	15213
27510	14782	301	60	109	0	15252
27511	387	101	57	14778	0	15323
27512	14762	95	58	336	0	15251
27513	355	14725	46	177	0	15303
27514	228	308	14557	122	0	15215
27515	14353	100	369	131	0	14953
27516	359	93	14972	100	0	15524
27517	174	74	13961	89	0	14298
27518	163	61	13838	87	0	14149
27519	110	13496	307	82	0	13995
27520	12617	336	283	114	0	13350
27521	12280	99	81	84	0	12544
27522	268	76	56	11990	0	12390
27523	146	52	39	11949	0	12186
27524	114	12146	57	237	0	12554
27525	12271	184	53	143	0	12651
27526	217	12239	71	105	0	12632
27527	106	11972	68	74	0	12220
27528	11714	192	75	72	0	12053
27529	255	79	61	11523	0	11918
27530	99	63	51	11549	0	11762
27531	91	48	46	11660	0	11845
27532	77	11518	41	230	0	11866
27533	11500	154	37	118	0	11809
27534	210	110	38	11321	0	11679
27535	93	10907	36	156	0	11192
27536	70	10856	37	75	0	11038
27537	65	174	39	10515	0	10793
27538	46	10638	29	148	0	10861
27539	58	158	29	10550	0	10795
27540	10331	83	17	164	0	10595
27541	134	42	10090	81	0	10347
27542	65	10281	93	73	0	10512
27543	66	132	51	10412	0	10661
27544	51	55	10582	114	0	10802
27545	10296	36	116	63	0	10511
27546	166	62	52	10641	0	10921
27547	10699	29	32	143	0	10903
27548	10676	27	13	80	0	10796
27549	165	11114	17	52	0	11348
27550	11369	116	15	57	0	11557
27551	11340	61	23	37	0	11461
27552	11386	36	15	45	0	11482
27553	176	31	21	11133	0	11361
27554	99	27	18	11071	0	11215
27555	62	28	17	11189	0	11296
27556	47	38	11004	160	0	11249
27557	34	10925	103	84	0	11146
27558	10761	107	47	58	0	10973
27559	96	10646	22	41	0	10805
27560	53	104	10	10475	0	10642
27561	43	37	10405	90	0	10575
27562	9700	32	91	59	0	9882
27563	88	10382	35	38	0	10543
27564	47	85	20	10361	0	10513
27565	39	31	14	10335	0	10419
27566	23	27	10228	108	0	10386
27567	21	10167	72	62	0	10322
27568	27	96	29	10238	0	10390
27569	26	35	21	10295	0	10377
27570	20	23	11	10112	0	10166
27571	9905	17	15	134	0	10071
27572	91	24	9765	58	0	9938
27573	41	9765	88	53	0	9947
27574	9767	84	38	32	0	9921
27575	85	9856	27	32	0	10000
27576	42	102	15	9769	0	9928
27577	34	9874	8	91	0	10007
27578	9563	97	17	42	0	9719
27579	9727	42	4	52	0	9825
27580	122	27	7	9830	0	9986
27581	54	17	12	9851	0	9934
27582	38	23	10	10238	0	10309
27583	34	21	10332	145	0	10532
27584	27	10678	115	67	0	10887
27585	32	128	34	12302	0	12496
27586	23	52	24	12749	0	12848
27587	24	30	17	13004	0	13075
27588	34	32	12	13049	0	13127
27589	27	32	12830	335	0	13224
27590	22	13774	231	137	0	14164
27591	27	283	59	14655	0	15024
27592	27	87	43	16087	0	16244
27593	27	63	15773	433	0	16296
27594	26	35	327	15339	0	15727
27595	29	15208	99	398	0	15734
27596	15	15899	61	180	0	16155
27597	25	424	28	15732	0	16209
27598	36	145	15241	410	0	15832
27599	14346	84	344	231	0	15005
27600	317	15050	132	178	0	15677
27601	98	367	14826	136	0	15427
27602	62	151	14787	133	0	15133
27603	26	14679	439	106	0	15250
27604	53	376	14839	86	0	15354
27605	75	259	400	14384	0	15118
27606	14321	105	156	383	0	14965
27607	14500	78	125	166	0	14869
27608	14553	75	93	137	0	14858
27609	14892	78	94	101	0	15165
27610	439	15116	82	106	0	15743
27611	15295	370	75	103	0	15843
27612	429	15457	73	112	0	16071
27613	190	412	15229	88	0	15919
27614	158	167	380	14702	0	15407
27615	115	15401	147	355	0	16018
27616	115	416	110	15069	0	15710
27617	14731	202	73	434	0	15440
27618	408	131	96	14507	0	15142
27619	157	14902	87	422	0	15568
27620	15004	412	80	159	0	15655
27621	409	175	14861	151	0	15596
27622	198	140	380	14793	0	15511
27623	151	80	139	15148	0	15518
27624	14345	106	99	502	0	15052
27625	427	14329	72	247	0	15075
27626	205	419	14128	146	0	14898
27627	165	169	384	14232	0	14950
27628	109	132	14242	448	0	14931
27629	100	13747	412	227	0	14486
27630	96	14412	145	190	0	14843
27631	14138	486	129	127	0	14880
27632	386	219	14087	149	0	14841
27633	14158	138	419	163	0	14878
27634	438	122	178	13751	0	14489
27635	157	14218	143	404	0	14922
27636	14194	435	101	196	0	14926
27637	424	200	14244	166	0	15034
27638	221	134	413	14199	0	14967
27639	156	121	185	14427	0	14889
27640	134	140	150	14169	0	14593
27641	122	13996	104	563	0	14785
27642	13582	420	118	272	0	14392
27643	414	13508	128	200	0	14250
27644	174	13755	112	181	0	14222
27645	172	474	103	13513	0	14262
27646	13474	257	112	422	0	14265
27647	13308	162	112	218	0	13800
27648	13329	160	104	183	0	13776
27649	512	12588	104	148	0	13352
27650	252	434	71	12648	0	13405
27651	206	219	12579	416	0	13420
27652	186	155	380	12598	0	13319
27653	182	123	161	12468	0	12934
27654	165	12612	127	485	0	13389
27655	12743	432	89	269	0	13533
27656	451	206	88	12488	0	13233
27657	216	12777	95	459	0	13547
27658	12875	431	98	236	0	13640
27659	453	211	12597	218	0	13479
27660	12591	202	357	167	0	13317
27661	475	12860	139	174	0	13648
27662	12941	433	116	148	0	13638
27663	13110	241	90	142	0	13583
27664	521	197	12766	148	0	13632
27665	12914	147	381	152	0	13594
27666	498	143	13033	147	0	13821
27667	288	126	13175	141	0	13730
27668	12999	150	452	128	0	13729
27669	13339	131	207	122	0	13799
27670	560	142	13173	119	0	13994
27671	305	120	442	13011	0	13878
27672	242	94	217	12987	0	13540
27673	193	13413	170	462	0	14238
27674	12823	405	131	224	0	13583
27675	13658	202	111	153	0	14124
27676	574	144	13288	121	0	14127
27677	13529	99	405	160	0	14193
27678	13848	129	185	147	0	14309
27679	553	13501	137	123	0	14314
27680	313	420	123	13382	0	14238
27681	293	193	130	13376	0	13992
27682	273	132	115	13376	0	13896
27683	12737	106	119	473	0	13435
27684	458	12302	100	243	0	13103
27685	219	409	72	10406	0	11106
27686	158	10418	71	272	0	10919
27687	128	660	67	9344	0	10199
27688	99	9671	48	263	0	10081
27689	111	9859	61	177	0	10208
27690	8232	338	138	159	0	8867
27691	7824	131	154	140	0	8249
27692	138	43	15	7085	0	7281
27693	51	16	16	7139	0	7222
27694	39	20	13	7203	0	7275
27695	31	14	14	7187	0	7246
27696	26	13	18	7052	0	7109
27697	22	6942	9	138	0	7111
27698	27	98	6	7021	0	7152
27699	32	30	8	7136	0	7206
27700	7026	26	13	125	0	7190
27701	116	13	11	7014	0	7154
27702	52	9	11	7045	0	7117
27703	38	17	6971	125	0	7151
27704	27	22	91	6791	0	6931
27705	39	54	36	7030	0	7159
27706	35	17	7043	139	0	7234
27707	20	7097	106	76	0	7299
27708	27	113	7178	43	0	7361
27709	24	32	7209	28	0	7293
27710	12	6945	131	17	0	7105
27711	6837	102	65	28	0	7032
27712	6834	20	22	14	0	6890
27713	111	9	5	6732	0	6857
27714	6885	3	5	106	0	6999
27715	111	6	7044	28	0	7189
27716	34	4	100	7163	0	7301
27717	15	13	7599	116	0	7743
27718	16	2	111	7676	0	7805
27719	16	9	33	7715	0	7773
27720	16	11	11	7802	0	7840
27721	7696	8	10	159	0	7873
27722	120	5	13	7777	0	7915
27723	7701	11	7	149	0	7868
27724	7839	8	12	54	0	7913
27725	143	7776	12	41	0	7972
27726	7828	107	8	38	0	7981
27727	124	7931	16	30	0	8101
27728	43	115	15	7880	0	8053
27729	24	36	11	8089	0	8160
27730	21	17	21	8187	0	8246
27731	28	16	7971	171	0	8186
27732	24	7918	131	66	0	8139
27733	29	128	39	7610	0	7806
27734	38	46	16	7709	0	7809
27735	20	7913	10	162	0	8105
27736	7938	131	9	65	0	8143
27737	139	7758	13	43	0	7953
27738	7740	147	13	36	0	7936
27739	146	7890	15	35	0	8086
27740	53	142	10	7713	0	7918
27741	25	8000	12	139	0	8176
27742	8127	145	7	76	0	8355
27743	8312	41	6	74	0	8433
27744	8318	21	13	61	0	8413
27745	8339	28	11	44	0	8422
27746	172	23	8238	41	0	8474
27747	8284	24	121	46	0	8475
27748	8518	20	33	40	0	8611
27749	8514	24	13	38	0	8589
27750	178	26	8318	40	0	8562
27751	8247	20	122	34	0	8423
27752	151	8452	36	46	0	8685
27753	8562	128	13	49	0	8752
27754	161	48	8895	36	0	9140
27755	8805	27	133	41	0	9006
27756	9036	16	39	36	0	9127
27757	162	17	20	8914	0	9113
27758	70	17	8835	136	0	9058
27759	8844	17	119	65	0	9045
27760	146	16	43	8915	0	9120
27761	72	9	24	8995	0	9100
27762	51	20	8940	148	0	9159
27763	8541	16	118	72	0	8747
27764	8975	19	41	35	0	9070
27765	164	8950	20	33	0	9167
27766	74	121	19	8865	0	9079
27767	45	41	17	8931	0	9034
27768	50	20	18	8856	0	8944
27769	52	8814	22	145	0	9033
27770	8755	121	18	68	0	8962
27771	140	40	22	8720	0	8922
27772	67	23	17	8799	0	8906
27773	8504	14	14	162	0	8694
27774	8466	14	19	66	0	8565
27775	166	23	13	8447	0	8649
27776	85	18	17	8398	0	8518
27777	50	16	8042	153	0	8261
27778	7606	20	111	68	0	7805
27779	150	8001	26	44	0	8221
27780	64	120	13	8221	0	8418
27781	52	26	13	8383	0	8474
27782	39	8502	15	164	0	8720
27783	55	140	9	8771	0	8975
27784	9234	52	19	182	0	9487
27785	191	21	17	10488	0	10717
27786	83	22	15	10848	0	10968
27787	54	17	11	11133	0	11215
27788	44	16	10790	394	0	11244
27789	47	20	234	10900	0	11201
27790	40	15	10860	344	0	11259
27791	39	10520	248	188	0	10995
27792	39	238	125	10556	0	10958
27793	35	104	67	10713	0	10919
27794	35	52	40	10920	0	11047
27795	26	48	37	10934	0	11045
27796	27	34	20	11075	0	11156
27797	10596	24	36	424	0	11080
27798	226	20	10657	235	0	11138
27799	113	10437	210	164	0	10924
27800	56	11101	104	120	0	11381
27801	52	282	66	11116	0	11516
27802	55	124	37	11371	0	11587
27803	33	76	34	11283	0	11426
27804	34	11098	29	365	0	11526
27805	32	244	29	11190	0	11495
27806	21	128	11031	324	0	11504
27807	23	10907	194	186	0	11310
27808	40	260	99	10940	0	11339
27809	10668	118	67	296	0	11149
27810	178	52	35	10745	0	11010
27811	104	53	22	10628	0	10807
27812	59	10309	20	326	0	10714
27813	46	10858	22	186	0	11112
27814	50	249	19	10796	0	11114
27815	29	114	23	10796	0	10962
27816	24	70	10546	302	0	10942
27817	21	63	159	10273	0	10516
27818	17	36	94	10471	0	10618
27819	14	28	46	10512	0	10600
27820	17	25	43	10602	0	10687
27821	10301	29	36	365	0	10731
27822	10497	17	25	237	0	10776
27823	246	23	26	10688	0	10983
27824	126	20	15	11080	0	11241
27825	10850	15	10	378	0	11253
27826	220	14	18	11420	0	11672
27827	118	23	11516	346	0	12003
27828	66	11566	185	238	0	12055
27829	55	179	106	11778	0	12118
27830	50	94	67	11982	0	12193
27831	11933	52	65	362	0	12412
27832	182	60	42	12167	0	12451
27833	89	49	33	12388	0	12559
27834	12293	27	23	418	0	12761
27835	216	33	19	12468	0	12736
27836	126	12453	22	354	0	12955
27837	81	196	24	13067	0	13368
27838	70	109	25	13582	0	13786
27839	61	69	28	13456	0	13614
27840	45	59	22	13608	0	13734
27841	39	58	13075	439	0	13611
27842	43	59	12767	290	0	13159
27843	25	53	258	13113	0	13449
27844	16	52	129	13006	0	13203
27845	20	12921	87	408	0	13436
27846	24	214	69	12741	0	13048
27847	24	12749	70	374	0	13217
27848	12839	236	43	268	0	13386
27849	197	13483	52	218	0	13950
27850	124	273	26	13896	0	14319
27851	78	153	24	14143	0	14398
27852	61	104	13721	425	0	14311
27853	13029	77	195	305	0	13606
27854	13270	69	97	221	0	13657
27855	289	13254	70	203	0	13816
27856	156	221	65	13190	0	13632
27857	111	130	13690	300	0	14231
27858	70	13828	219	234	0	14351
27859	13721	248	112	195	0	14276
27860	13816	129	63	180	0	14188
27861	318	93	13341	176	0	13928
27862	13504	72	210	172	0	13958
27863	326	66	99	13686	0	14177
27864	193	13665	64	325	0	14247
27865	13683	218	52	217	0	14170
27866	286	130	50	13687	0	14153
27867	13854	77	42	355	0	14328
27868	14398	68	34	263	0	14763
27869	363	67	32	14313	0	14775
27870	202	54	14451	378	0	15085
27871	14464	44	228	267	0	15003
27872	14966	45	119	186	0	15316
27873	15126	42	69	179	0	15416
27874	403	15350	56	184	0	15993
27875	223	260	55	15553	0	16091
27876	169	125	33	16310	0	16637
27877	109	87	16034	474	0	16704
27878	110	96	258	15894	0	16358
27879	89	15932	124	432	0	16577
27880	15780	274	83	292	0	16429
27881	288	15793	73	203	0	16357
27882	169	285	15676	175	0	16305
27883	91	15725	274	171	0	16261
27884	80	16037	152	144	0	16413
27885	163	229	115	14353	0	14860
27886	14363	78	48	175	0	14664
27887	14380	38	14	91	0	14523
27888	14258	27	18	68	0	14371
27889	201	14419	20	52	0	14692
27890	94	144	14309	32	0	14579
27891	14267	60	146	31	0	14504
27892	14639	42	56	36	0	14773
27893	212	14433	33	41	0	14719
27894	14763	157	21	41	0	14982
27895	197	69	20	14797	0	15083
27896	88	38	15421	168	0	15715
27897	15336	26	164	91	0	15617
27898	15407	31	64	67	0	15569
27899	15865	21	35	43	0	15964
27900	249	25	20	15486	0	15780
27901	113	30	27	15671	0	15841
27902	76	17	17	16279	0	16389
27903	42	16234	24	296	0	16596
27904	110	234	48	16163	0	16555
27905	50	91	17	18405	0	18563
27906	49	53	18336	381	0	18819
27907	50	41	305	18259	0	18655
27908	55	34	87	18847	0	19023
27909	48	29	57	18844	0	18978
27910	53	27	31	18718	0	18829
27911	36	18444	32	469	0	18981
27912	46	329	28	18698	0	19101
27913	53	98	35	18730	0	18916
27914	18445	67	36	496	0	19044
27915	366	43	18312	219	0	18940
27916	144	44	17994	162	0	18344
27917	17705	39	420	137	0	18301
27918	18484	36	152	117	0	18789
27919	475	51	73	17374	0	17973
27920	178	18180	53	356	0	18767
27921	18285	346	39	170	0	18840
27922	429	130	40	17901	0	18500
27923	155	18027	56	386	0	18624
27924	17918	324	61	148	0	18451
27925	397	17948	39	106	0	18490
27926	17619	358	27	93	0	18097
27927	17246	124	33	95	0	17498
27928	444	16801	23	86	0	17354
27929	211	360	21	16761	0	17353
27930	120	141	16602	388	0	17251
27931	96	129	317	16393	0	16935
27932	16389	63	114	413	0	16979
27933	381	78	16175	161	0	16795
27934	161	16010	336	125	0	16632
27935	131	381	112	15889	0	16513
27936	83	151	15715	368	0	16317
27937	66	15521	336	176	0	16099
27938	15320	345	144	150	0	15959
27939	358	142	71	15403	0	15974
27940	159	76	51	15632	0	15918
27941	97	65	66	15442	0	15670
27942	67	15239	60	468	0	15834
27943	15205	320	51	225	0	15801
27944	352	15037	56	137	0	15582
27945	152	15588	43	118	0	15901
27946	15439	425	33	119	0	16016
27947	15593	166	35	116	0	15910
27948	469	101	14946	109	0	15625
27949	14520	89	316	102	0	15027
27950	14581	101	106	92	0	14880
27951	493	64	71	14151	0	14779
27952	213	84	14031	370	0	14698
27953	163	86	330	14021	0	14600
27954	14235	55	111	416	0	14817
27955	441	57	14243	168	0	14909
27956	190	56	357	14811	0	15414
27957	170	49	136	15828	0	16183
27958	126	53	80	17469	0	17728
27959	17300	44	65	738	0	18147
27960	565	17715	75	299	0	18654
27961	17843	562	44	203	0	18652
27962	668	181	17883	151	0	18883
27963	231	106	587	17441	0	18365
27964	153	18011	174	612	0	18950
27965	18127	578	94	280	0	19079
27966	641	197	71	18156	0	19065
27967	246	137	17766	666	0	18815
27968	175	105	550	17608	0	18438
27969	17068	82	198	709	0	18057
27970	576	16939	120	332	0	17967
27971	247	631	86	15744	0	16708
27972	144	16791	60	602	0	17597
27973	16543	593	70	268	0	17474
27974	16409	218	81	202	0	16910
27975	705	15996	73	178	0	16952
27976	15708	546	69	149	0	16472
27977	657	199	61	15011	0	15928
27978	236	15476	48	552	0	16312
27979	15438	579	45	203	0	16265
27980	15979	207	54	146	0	16386
27981	732	15085	52	110	0	15979
27982	289	15452	38	103	0	15882
27983	15091	597	50	98	0	15836
27984	610	238	39	14934	0	15821
27985	15114	157	44	570	0	15885
27986	642	126	34	15069	0	15871
27987	282	101	14788	577	0	15748
27988	215	95	467	15121	0	15898
27989	14937	119	138	600	0	15794
27990	626	108	14959	216	0	15909
27991	257	83	506	15035	0	15881
27992	181	74	152	15683	0	16090
27993	163	68	15103	705	0	16039
27994	14739	54	539	293	0	15625
27995	593	68	180	14983	0	15824
27996	213	74	14164	611	0	15062
27997	13493	60	542	251	0	14346
27998	517	14142	184	204	0	15047
27999	204	14210	119	182	0	14715
28000	130	14571	110	169	0	14980
28001	155	566	13773	129	0	14623
28002	159	391	477	13209	0	14236
28003	115	114	13139	551	0	13919
28004	113	439	407	11675	0	12634
28005	79	11335	157	419	0	11990
28006	56	11373	62	186	0	11677
28007	105	455	77	11000	0	11637
28008	10982	157	67	421	0	11627
28009	351	83	31	11201	0	11666
28010	135	96	47	11189	0	11467
28011	93	11043	36	452	0	11624
28012	10972	343	33	182	0	11530
28013	339	11075	41	114	0	11569
28014	135	389	26	11050	0	11600
28015	133	147	33	11087	0	11400
28016	80	10895	51	451	0	11477
28017	73	360	41	11055	0	11529
28018	10924	140	37	461	0	11562
28019	415	120	31	11028	0	11594
28020	194	135	24	11100	0	11453
28021	146	10849	51	473	0	11519
28022	147	339	56	11042	0	11584
28023	10698	157	45	465	0	11365
28024	11118	132	50	228	0	11528
28025	11499	116	35	158	0	11808
28026	517	112	54	11284	0	11967
28027	242	93	11088	456	0	11879
28028	168	99	11269	220	0	11756
28029	170	101	412	11328	0	12011
28030	11359	112	127	482	0	12080
28031	454	109	81	11455	0	12099
28032	11657	118	53	479	0	12307
28033	506	88	47	11724	0	12365
28034	258	103	45	12040	0	12446
28035	11788	108	49	509	0	12454
28036	483	124	11442	210	0	12259
28037	11554	94	340	187	0	12175
28038	493	97	11441	171	0	12202
28039	275	85	365	11433	0	12158
28040	11620	55	142	455	0	12272
28041	443	90	11723	217	0	12473
28042	221	89	11941	140	0	12391
28043	11809	74	439	141	0	12463
28044	484	88	11887	121	0	12580
28045	218	11782	399	176	0	12575
28046	170	344	162	12261	0	12937
28047	12868	126	131	500	0	13625
28048	431	75	12943	256	0	13705
28049	13041	76	415	177	0	13709
28050	13579	49	205	161	0	13994
28051	13553	64	150	147	0	13914
28052	13593	89	127	177	0	13986
28053	548	173	111	12918	0	13750
28054	244	13062	121	430	0	13857
28055	12875	366	124	249	0	13614
28056	433	112	12196	176	0	12917
28057	160	10685	248	101	0	11194
28058	9496	166	105	50	0	9817
28059	153	8830	68	46	0	9097
28060	77	9019	33	30	0	9159
28061	254	152	146	8599	0	9151
28062	71	44	47	8748	0	8910
28063	39	32	27	8732	0	8830
28064	8827	14	27	151	0	9019
28065	9176	11	19	79	0	9285
28066	167	15	23	9307	0	9512
28067	81	20	26	9812	0	9939
28068	64	19	10143	201	0	10427
28069	10061	22	203	88	0	10374
28070	10539	22	65	54	0	10680
28071	267	19	44	10447	0	10777
28072	110	23	29	10639	0	10801
28073	82	14	10441	275	0	10812
28074	60	17	209	10502	0	10788
28075	54	19	10794	253	0	11120
28076	55	10644	227	118	0	11044
28077	60	185	10810	79	0	11134
28078	57	63	243	10576	0	10939
28079	49	28	10974	221	0	11272
28080	45	32	10663	79	0	10819
28081	10832	31	263	62	0	11188
28082	226	29	101	11640	0	11996
28083	85	18	11682	251	0	12036
28084	11133	18	277	106	0	11534
28085	282	22	11735	63	0	12102
28086	108	20	12321	49	0	12498
28087	70	12263	294	74	0	12701
28088	44	214	133	12226	0	12617
28089	51	68	12203	254	0	12576
28090	49	40	11919	98	0	12106
28091	55	31	296	11852	0	12234
28092	74	17	136	11863	0	12090
28093	51	11980	65	301	0	12397
28094	47	212	54	12153	0	12466
28095	12240	74	59	281	0	12654
28096	12311	44	51	129	0	12535
28097	12543	26	46	110	0	12725
28098	327	33	63	12061	0	12484
28099	133	12054	47	264	0	12498
28100	12106	222	50	123	0	12501
28101	263	12026	55	89	0	12433
28102	104	11802	55	78	0	12039
28103	72	11999	44	87	0	12202
28104	11978	282	49	78	0	12387
28105	254	95	62	11902	0	12313
28106	124	61	50	11967	0	12202
28107	82	11873	60	289	0	12304
28108	11710	243	61	128	0	12142
28109	262	90	11603	93	0	12048
28110	95	59	256	11711	0	12121
28111	11647	37	120	265	0	12069
28112	266	11971	83	104	0	12424
28113	12350	226	59	104	0	12739
28114	269	93	66	12304	0	12732
28115	107	12498	68	245	0	12918
28116	83	234	12350	127	0	12794
28117	12358	80	257	89	0	12784
28118	267	79	94	12617	0	13057
28119	12815	37	67	276	0	13195
28120	285	47	59	12674	0	13065
28121	122	12528	61	279	0	12990
28122	99	214	12814	122	0	13249
28123	91	91	12943	100	0	13225
28124	94	191	290	12687	0	13262
28125	12762	52	147	266	0	13227
28126	12877	42	63	113	0	13095
28127	283	37	52	12627	0	12999
28128	133	33	53	12752	0	12971
28129	12871	36	48	307	0	13262
28130	251	48	31	12986	0	13316
28131	13027	32	42	281	0	13382
28132	252	12876	46	125	0	13299
28133	13017	210	47	105	0	13379
28134	284	96	13295	77	0	13752
28135	143	47	227	13337	0	13754
28136	102	50	88	13651	0	13891
28137	79	48	70	13696	0	13893
28138	87	13106	51	319	0	13563
28139	90	12379	58	166	0	12693
28140	63	267	44	13407	0	13781
28141	56	95	13499	293	0	13943
28142	56	72	213	13540	0	13881
28143	53	63	92	13889	0	14097
28144	58	13661	68	318	0	14105
28145	13587	226	61	146	0	14020
28146	226	13276	54	98	0	13654
28147	105	13858	63	78	0	14104
28148	84	261	55	14040	0	14440
28149	85	100	50	14210	0	14445
28150	83	63	43	14141	0	14330
28151	67	51	43	14293	0	14454
28152	14079	40	39	335	0	14493
28153	219	14119	61	140	0	14539
28154	14531	223	52	120	0	14926
28155	15117	89	46	115	0	15367
28156	280	53	46	15044	0	15423
28157	123	44	30	15305	0	15502
28158	15233	33	36	325	0	15627
28159	15526	43	34	162	0	15765
28160	293	46	19	15194	0	15552
28161	135	56	17	15361	0	15569
28162	100	52	15275	303	0	15730
28163	85	14947	186	141	0	15359
28164	101	15687	52	213	0	16053
28165	15473	216	41	101	0	15831
28166	208	91	16154	72	0	16525
28167	83	49	15260	86	0	15478
28168	14676	55	148	63	0	14942
28169	15338	29	60	47	0	15474
28170	128	17098	29	32	0	17287
28171	56	18089	21	41	0	18207
28172	50	120	22	18512	0	18704
28173	19537	52	16	176	0	19781
28174	19737	30	10	83	0	19860
28175	20071	22	8	89	0	20190
28176	140	36	14	19998	0	20188
28177	65	29	15	20236	0	20345
28178	53	30	20185	127	0	20395
28179	46	22	18704	86	0	18858
28180	51	20	20151	49	0	20271
28181	60	243	106	19700	0	20109
28182	19614	7	24	79	0	19724
28183	61	8	20136	28	0	20233
28184	38	10	50	20033	0	20131
28185	22	20606	22	61	0	20711
28186	26	41	12	20784	0	20863
28187	25	16	9	20681	0	20731
28188	18	12	21322	79	0	21431
28189	18	15	68	20982	0	21083
28190	22169	10	28	102	0	22309
28191	132	15	23117	42	0	23306
28192	57	13	131	23132	0	23333
28193	38	10	23983	137	0	24168
28194	23	23955	164	68	0	24210
28195	31	153	24390	42	0	24616
28196	41	86	195	22662	0	22984
28197	24	38	78	24515	0	24655
28198	16	23	25244	207	0	25490
28199	22	16	178	24578	0	24794
28200	36	14	75	24512	0	24637
28201	14	24949	49	238	0	25250
28202	20	146	25379	115	0	25660
28203	19	64	179	24963	0	25225
28204	24	33	78	26021	0	26156
28205	15	25947	54	270	0	26286
28206	13	171	40	26460	0	26684
28207	26421	65	42	257	0	26785
28208	172	44	38	26592	0	26846
28209	73	35	26813	244	0	27165
28210	26054	26	195	147	0	26422
28211	27841	31	89	97	0	28058
28212	286	24	28193	84	0	28587
28213	27055	22	240	129	0	27446
28214	269	28416	111	87	0	28883
28215	133	242	60	29272	0	29707
28216	97	110	43	31549	0	31799
28217	77	53	70	30869	0	31069
28218	52	31	47	32088	0	32218
28219	64	28	35	32093	0	32220
28220	31912	29	41	603	0	32585
28221	369	29	31569	291	0	32258
28222	30231	22	356	203	0	30812
28223	411	33	31347	185	0	31976
28224	199	25	387	31350	0	31961
28225	31560	20	173	532	0	32285
28226	427	14	88	31613	0	32142
28227	220	31788	106	486	0	32600
28228	32767	343	96	289	0	33495
28229	482	159	90	33824	0	34555
28230	269	94	32500	479	0	33342
28231	31587	54	369	305	0	32315
28232	481	34517	163	207	0	35368
28233	245	423	35176	167	0	36011
28234	173	222	453	34775	0	35623
28235	179	110	264	33154	0	33707
28236	112	34839	109	664	0	35724
28237	145	433	35007	324	0	35909
28238	111	205	485	34689	0	35490
28239	108	111	36328	588	0	37135
28240	115	86	518	35686	0	36405
28241	87	85	268	35964	0	36404
28242	83	76	35998	769	0	36926
28243	107	62	510	35644	0	36323
28244	287	185	670	27983	0	29125
28245	100	63	189	37336	0	37688
28246	112	41	167	37373	0	37693
28247	35886	56	149	958	0	37049
28248	563	45	35570	503	0	36681
28249	36352	48	577	418	0	37395
28250	670	51	315	38401	0	39437
28251	347	73	210	39227	0	39857
28252	213	66	156	39156	0	39591
28253	183	38388	139	1049	0	39759
28254	38652	624	149	607	0	40032
28255	688	296	137	40030	0	41151
28256	356	39885	184	845	0	41270
28257	207	580	153	40755	0	41695
28258	40744	267	150	952	0	42113
28259	40638	168	143	615	0	41564
28260	40619	146	154	438	0	41357
28261	886	40353	143	413	0	41795
28262	406	636	40403	369	0	41814
28263	39845	299	623	436	0	41203
28264	41033	182	294	401	0	41910
28265	856	41193	223	405	0	42677
28266	41015	654	153	364	0	42186
28267	40374	288	153	370	0	41185
28268	41240	170	127	380	0	41917
28269	1062	41952	156	349	0	43519
28270	572	659	163	41272	0	42666
28271	41084	333	141	914	0	42472
28272	41949	182	130	529	0	42790
28273	40540	179	87	433	0	41239
28274	41139	146	81	377	0	41743
28275	1240	157	87	40209	0	41693
28276	667	171	40037	923	0	41798
28277	493	159	723	39785	0	41160
28278	406	40506	308	980	0	42200
28279	388	767	151	42006	0	43312
28280	412	340	42080	1080	0	43912
28281	42315	211	803	546	0	43875
28282	1125	159	352	43343	0	44979
28283	43090	175	237	1056	0	44558
28284	43805	186	206	664	0	44861
28285	1277	152	169	43975	0	45573
28286	718	171	44009	1037	0	45935
28287	605	173	41873	576	0	43227
28288	41536	171	983	448	0	43138
28289	1111	42513	440	380	0	44444
28290	610	42154	249	366	0	43379
28291	523	41812	176	335	0	42846
28292	468	43250	181	310	0	44209
28293	42038	1000	332	339	0	43709
28294	42488	407	205	303	0	43403
28295	42251	271	147	266	0	42935
28296	42467	250	145	251	0	43113
28297	1214	261	119	41024	0	42618
28298	629	40885	121	831	0	42466
28299	40946	788	136	430	0	42300
28300	1016	390	40689	314	0	42409
28301	661	40550	682	272	0	42165
28302	539	706	40881	272	0	42398
28303	40262	327	785	296	0	41670
28304	41611	230	335	286	0	42462
28305	41655	217	219	281	0	42372
28306	1194	218	191	40999	0	42602
28307	679	185	41071	788	0	42723
28308	481	40854	737	416	0	42488
28309	40216	705	372	307	0	41600
28310	988	39972	228	293	0	41481
28311	635	38919	151	248	0	39953
28312	488	38467	137	834	0	39926
28313	453	39461	138	260	0	40312
28314	424	827	37908	219	0	39378
28315	366	38131	651	254	0	39402
28316	35742	656	284	198	0	36880
28317	678	263	110	35651	0	36702
28318	370	198	88	36181	0	36837
28319	35836	170	101	642	0	36749
28320	631	35279	109	338	0	36357
28321	371	574	35803	177	0	36925
28322	328	272	498	35400	0	36498
28323	305	188	217	36342	0	37052
28324	302	175	146	36616	0	37239
28325	288	179	36025	667	0	37159
28326	287	163	35608	312	0	36370
28327	330	158	596	35698	0	36782
28328	283	160	35593	533	0	36569
28329	299	163	33409	254	0	34125
28330	31190	163	601	239	0	32193
28331	609	33464	256	174	0	34503
28332	305	32456	141	173	0	33075
28333	298	33207	138	136	0	33779
28334	319	656	162	32185	0	33322
28335	210	33664	123	406	0	34403
28336	33963	492	143	245	0	34843
28337	528	235	34134	183	0	35080
28338	34311	180	481	168	0	35140
28339	593	157	211	34444	0	35405
28340	301	148	142	34746	0	35337
28341	222	35760	147	618	0	36747
28342	35711	554	130	290	0	36685
28343	35851	226	207	193	0	36477
28344	785	37579	123	195	0	38682
28345	348	803	121	36819	0	38091
28346	262	274	37365	654	0	38555
28347	211	199	37077	295	0	37782
28348	193	37957	820	201	0	39171
28349	37247	867	373	253	0	38740
28350	760	276	37166	72	0	38274
28351	341	172	678	36347	0	37538
28352	37203	136	279	675	0	38293
28353	37859	116	147	294	0	38416
28354	932	44113	142	182	0	45369
28355	386	46842	134	128	0	47490
28356	46901	1311	144	107	0	48463
28357	1204	528	46809	89	0	48630
28358	46635	308	1076	104	0	48123
28359	47922	221	407	118	0	48668
28360	1569	225	242	46839	0	48875
28361	664	188	47624	1074	0	49550
28362	411	166	47244	413	0	48234
28363	46153	125	1479	245	0	48002
28364	1345	136	47954	141	0	49576
28365	45787	133	1299	155	0	47374
28366	47198	134	507	135	0	47974
28367	1532	46568	300	138	0	48538
28368	709	1095	46292	95	0	48191
28369	419	45580	1147	101	0	47247
28370	45077	1184	542	110	0	46913
28371	1270	512	44810	80	0	46672
28372	639	371	1171	42928	0	45109
28373	445	195	44591	1035	0	46266
28374	405	189	44519	415	0	45528
28375	382	141	44526	205	0	45254
28376	345	140	44249	149	0	44883
28377	344	42491	1655	140	0	44630
28378	366	1054	42457	134	0	44011
28379	328	41452	1312	145	0	43237
28380	289	1146	40934	134	0	42503
28381	39973	475	1331	137	0	41916
28382	1250	259	662	37674	0	39845
28383	587	40655	446	818	0	42506
28384	39832	1029	408	349	0	41618
28385	40139	504	389	209	0	41241
28386	37507	365	385	184	0	38441
28387	39529	278	410	120	0	40337
28388	1552	39008	399	153	0	41112
28389	37013	1145	406	182	0	38746
28390	39458	580	370	155	0	40563
28391	1551	37931	392	170	0	40044
28392	769	1179	36361	164	0	38473
28393	573	582	1218	35627	0	38000
28394	451	37337	734	941	0	39463
28395	437	1194	37458	438	0	39527
28396	444	633	37795	216	0	39088
28397	474	36785	1608	185	0	39052
28398	518	37564	853	173	0	39108
28399	496	38986	606	206	0	40294
28400	503	38824	453	196	0	39976
28401	38714	1763	463	170	0	41110
28402	39777	926	407	176	0	41286
28403	1897	579	39109	183	0	41768
28404	1100	477	39865	162	0	41604
28405	809	421	1743	38523	0	41496
28406	674	457	923	39650	0	41704
28407	664	439	600	40360	0	42063
28408	39435	427	581	1640	0	42083
28409	1558	39275	577	742	0	42152
28410	953	40985	588	426	0	42952
28411	750	42662	556	274	0	44242
28412	41320	2070	569	263	0	44222
28413	42553	1032	633	275	0	44493
28414	2241	731	567	41258	0	44797
28415	42780	606	680	1391	0	45457
28416	43612	597	630	633	0	45472
28417	2492	632	606	42242	0	45972
28418	42892	652	599	1631	0	45774
28419	2222	42159	711	747	0	45839
28420	1289	1742	798	41999	0	45828
28421	1156	921	41610	1579	0	45266
28422	986	41481	2033	737	0	45237
28423	980	1881	42288	549	0	45698
28424	1061	1012	2103	39262	0	43438
28425	885	42184	1364	1502	0	45935
28426	1086	1781	1048	41766	0	45681
28427	949	1037	997	42938	0	45921
28428	1041	783	41847	2130	0	45801
28429	964	697	44479	953	0	47093
28430	844	711	2472	43524	0	47551
28431	966	662	1469	42464	0	45561
28432	806	44123	1200	1944	0	48073
28433	42410	1940	949	974	0	46273
28434	2095	42969	940	697	0	46701
28435	1247	44524	793	582	0	47146
28436	960	2344	42328	517	0	46149
28437	690	42770	2020	617	0	46097
28438	784	2107	1289	39297	0	43477
28439	715	41924	1052	1587	0	45278
28440	693	2090	811	40004	0	43598
28441	565	40948	901	1741	0	44155
28442	40331	2047	747	925	0	44050
28443	1812	41101	802	651	0	44366
28444	961	1975	629	36325	0	39890
28445	791	38873	527	1370	0	41561
28446	38344	1883	626	682	0	41535
28447	38351	1123	361	570	0	40405
28448	2052	37830	472	458	0	40812
28449	37243	1725	421	413	0	39802
28450	1966	1489	440	35260	0	39155
28451	1032	826	35580	1438	0	38876
28452	909	714	35823	766	0	38212
28453	733	36031	1655	611	0	39030
28454	27346	1052	673	345	0	29416
28455	27250	402	237	261	0	28150
28456	1067	271	26608	240	0	28186
28457	438	271	26461	217	0	27387
28458	25770	230	899	250	0	27149
28459	26787	291	334	230	0	27642
28460	970	244	25931	215	0	27360
28461	24474	293	748	175	0	25690
28462	841	24820	323	202	0	26186
28463	363	26560	207	206	0	27336
28464	291	994	238	25591	0	27114
28465	218	442	201	26189	0	27050
28466	25997	307	208	933	0	27445
28467	26119	274	207	409	0	27009
28468	26184	248	208	313	0	26953
28469	956	244	182	25655	0	27037
28470	455	269	156	25874	0	26754
28471	332	24403	174	941	0	25850
28472	281	25060	158	421	0	25920
28473	279	26146	150	294	0	26869
28474	299	1001	181	24789	0	26270
28475	292	25586	158	707	0	26743
28476	277	899	24682	344	0	26202
28477	23690	480	665	281	0	25116
28478	848	376	25041	245	0	26510
28479	411	346	25006	234	0	25997
28480	24139	316	841	217	0	25513
28481	831	25143	349	189	0	26512
28482	25438	844	200	235	0	26717
28483	25841	444	149	268	0	26702
28484	1008	339	24969	227	0	26543
28485	527	300	25744	201	0	26772
28486	415	26044	831	190	0	27480
28487	391	841	26254	190	0	27676
28488	367	425	791	26260	0	27843
28489	374	357	472	22401	0	23604
28490	289	26116	312	852	0	27569
28491	294	27426	273	376	0	28369
28492	27129	1010	214	287	0	28640
28493	28327	500	200	281	0	29308
28494	1027	365	231	27944	0	29567
28495	537	292	263	28645	0	29737
28496	27880	256	270	929	0	29335
28497	28329	259	255	417	0	29260
28498	1007	28160	246	337	0	29750
28499	27216	750	188	196	0	28350
28500	875	26102	171	155	0	27303
28501	437	27183	151	161	0	27932
28502	26965	844	198	182	0	28189
28503	27056	390	179	205	0	27830
28504	921	326	118	26435	0	27800
28505	26546	242	122	632	0	27542
28506	925	207	25993	256	0	27381
28507	471	26260	553	246	0	27530
28508	26152	631	228	276	0	27287
28509	789	308	26640	208	0	27945
28510	348	574	455	24274	0	25651
28511	298	24727	225	387	0	25637
28512	242	25555	163	193	0	26153
28513	25659	556	172	191	0	26578
28514	551	246	25210	122	0	26129
28515	24317	150	370	78	0	24915
28516	527	117	203	24962	0	25809
28517	279	96	25224	302	0	25901
28518	25295	98	369	252	0	26014
28519	438	27051	177	120	0	27786
28520	205	28426	154	81	0	28866
28521	29137	404	137	107	0	29785
28522	29220	213	99	98	0	29630
28523	29941	151	69	141	0	30302
28524	518	115	69	29553	0	30255
28525	308	93	80	29942	0	30423
28526	234	64	29648	377	0	30323
28527	209	78	28407	197	0	28891
28528	166	29435	338	158	0	30097
28529	150	350	171	28285	0	28956
28530	28074	102	79	250	0	28505
28531	262	27936	30	137	0	28365
28532	130	257	30	28276	0	28693
28533	28264	105	42	270	0	28681
28534	261	28035	34	136	0	28466
28535	149	29302	46	86	0	29583
28536	141	256	28600	52	0	29049
28537	28058	139	219	81	0	28497
28538	29301	91	92	88	0	29572
28539	295	83	28694	55	0	29127
28540	27286	47	172	76	0	27581
28541	240	67	29026	22	0	29355
28542	113	28628	179	35	0	28955
28543	138	235	107	28570	0	29050
28544	28474	80	65	181	0	28800
28545	167	28104	41	77	0	28389
28546	101	28478	26	37	0	28642
28547	28027	165	27	42	0	28261
28548	169	72	29563	23	0	29827
28549	28575	61	133	74	0	28843
28550	145	30072	58	37	0	30312
28551	88	115	29256	10	0	29469
28552	28911	56	109	40	0	29116
28553	30086	40	37	28	0	30191
28554	161	25	32	29815	0	30033
28555	88	25	26	30060	0	30199
28556	54	29638	17	137	0	29846
28557	48	119	29472	65	0	29704
28558	51	44	123	29279	0	29497
28559	50	39	31005	143	0	31237
28560	43	39	30474	70	0	30626
28561	44	26	211	32310	0	32591
28562	55	25	33127	249	0	33456
28563	55	36	31956	104	0	32151
28564	54	34	356	31685	0	32129
28565	47	19	32737	290	0	33093
28566	30401	32	341	136	0	30910
28567	270	31813	144	89	0	32316
28568	126	263	32701	61	0	33151
28569	91	102	33810	42	0	34045
28570	85	69	409	32426	0	32989
28571	35144	47	160	301	0	35652
28572	35247	26	128	136	0	35537
28573	35147	27	70	86	0	35330
28574	35276	42	66	78	0	35462
28575	433	30	73	34678	0	35214
28576	193	44	34756	297	0	35290
28577	34659	37	320	157	0	35173
28578	35437	20	134	94	0	35685
28579	35742	25	90	84	0	35941
28580	464	36	34722	43	0	35265
28581	34110	29	314	50	0	34503
28582	396	41	146	36464	0	37047
28583	201	36865	111	352	0	37529
28584	154	415	81	36550	0	37200
28585	121	37557	65	431	0	38174
28586	38132	456	71	169	0	38828
28587	564	143	38922	112	0	39741
28588	211	117	599	38269	0	39196
28589	121	38707	210	561	0	39599
28590	107	40287	138	187	0	40719
28591	40219	692	139	145	0	41195
28592	40263	257	103	88	0	40711
28593	797	163	38529	70	0	39559
28594	38751	88	693	84	0	39616
28595	783	71	230	39159	0	40243
28596	292	67	39801	659	0	40819
28597	249	77	39129	222	0	39677
28598	234	61	788	40019	0	41102
28599	42363	68	283	763	0	43477
28600	850	44	189	42333	0	43416
28601	337	39	161	42632	0	43169
28602	249	39	142	42635	0	43065
28603	216	42177	125	1023	0	43541
28604	212	719	119	43031	0	44081
28605	41817	221	150	967	0	43155
28606	823	42156	145	376	0	43500
28607	330	752	115	42852	0	44049
28608	42294	267	120	932	0	43613
28609	850	40919	122	426	0	42317
28610	332	42063	133	280	0	42808
28611	261	988	113	41962	0	43324
28612	41071	361	113	935	0	42480
28613	955	246	40563	405	0	42169
28614	381	171	39531	348	0	40431
28615	40074	180	1055	234	0	41543
28616	42009	163	428	226	0	42826
28617	1203	41758	250	197	0	43408
28618	568	924	198	40122	0	41812
28619	420	373	39878	926	0	41597
28620	318	251	38793	428	0	39790
28621	275	165	41093	301	0	41834
28622	263	39963	1408	213	0	41847
28623	230	41023	613	234	0	42100
28624	40694	1192	341	241	0	42468
28625	1164	468	40638	244	0	42514
28626	39893	289	1110	238	0	41530
28627	41173	170	479	261	0	42083
28628	1450	198	40645	246	0	42539
28629	624	41267	1140	233	0	43264
28630	512	1148	458	40310	0	42428
28631	388	468	42246	1149	0	44251
28632	346	340	40795	493	0	41974
28633	39881	289	1370	370	0	41910
28634	1242	41171	616	291	0	43320
28635	546	1219	437	39671	0	41873
28636	435	562	262	39949	0	41208
28637	351	39771	278	1412	0	41812
28638	340	40687	326	605	0	41958
28639	310	41642	344	428	0	42724
28640	383	1542	271	41930	0	44126
28641	43014	660	252	1332	0	45258
28642	1447	436	285	43642	0	45810
28643	605	359	43061	1571	0	45596
28644	449	327	43176	709	0	44661
28645	400	328	1656	43521	0	45905
28646	354	321	43554	1481	0	45710
28647	357	43160	1585	731	0	45833
28648	332	1446	672	43700	0	46150
28649	45042	580	471	1693	0	47786
28650	45667	418	429	750	0	47264
28651	1898	45847	363	586	0	48694
28652	45909	1659	327	537	0	48432
28653	47352	693	343	439	0	48827
28654	47814	488	318	479	0	49099
28655	2296	493	41528	423	0	44740
28656	44754	389	1443	473	0	47059
28657	1960	44590	625	457	0	47632
28658	939	1569	44553	361	0	47422
28659	717	712	44419	380	0	46228
28660	584	43817	1911	414	0	46726
28661	42786	1668	880	385	0	45719
28662	1796	639	525	40841	0	43801
28663	772	41458	398	1429	0	44057
28664	42039	1537	381	650	0	44607
28665	1690	711	372	42126	0	44899
28666	42671	501	345	1679	0	45196
28667	1877	402	321	42955	0	45555
28668	890	376	41703	1766	0	44735
28669	598	421	41518	764	0	43301
28670	565	409	42029	562	0	43565
28671	535	371	2021	40252	0	43179
28672	506	411	893	42205	0	44015
28673	490	403	41052	1957	0	43902
28674	534	40757	1700	875	0	43866
28675	41449	1574	842	550	0	44415
28676	41907	658	659	449	0	43673
28677	2084	41654	537	436	0	44711
28678	1090	1780	491	42123	0	45484
28679	819	704	43069	1643	0	46235
28680	42566	520	1864	735	0	45685
28681	1958	408	43219	570	0	46155
28682	1053	390	40534	370	0	42347
28683	795	391	41519	381	0	43086
28684	39162	433	2194	371	0	42160
28685	1784	374	39599	333	0	42090
28686	914	37229	1731	349	0	40223
28687	694	38667	954	325	0	40640
28688	609	1580	731	36173	0	39093
28689	565	670	548	37279	0	39062
28690	542	424	36575	1545	0	39086
28691	35668	391	1500	693	0	38252
28692	37651	384	751	489	0	39275
28693	1747	373	621	36783	0	39524
28694	36877	292	545	1365	0	39079
28695	1558	36539	550	688	0	39335
28696	36349	1337	470	483	0	38639
28697	1618	35064	485	520	0	37687
28698	786	35698	407	427	0	37318
28699	33791	1424	473	358	0	36046
28700	33823	596	427	437	0	35283
28701	34925	408	412	359	0	36104
28702	35447	353	435	324	0	36559
28703	1740	375	32914	316	0	35345
28704	33231	340	1285	308	0	35164
28705	1571	300	615	32055	0	34541
28706	860	32770	495	1103	0	35228
28707	32978	1160	403	548	0	35089
28708	1448	32974	398	400	0	35220
28709	33417	1253	378	343	0	35391
28710	1531	556	370	32987	0	35444
28711	798	375	397	34029	0	35599
28712	683	396	31878	1358	0	34315
28713	680	342	32994	611	0	34627
28714	600	33089	1369	477	0	35535
28715	32220	1126	678	392	0	34416
28716	1398	31690	460	340	0	33888
28717	833	30951	377	336	0	32497
28718	685	32362	379	305	0	33731
28719	718	1318	30793	267	0	33096
28720	627	31455	1069	258	0	33409
28721	28900	1193	572	291	0	30956
28722	29241	569	344	279	0	30433
28723	1387	422	310	27833	0	29952
28724	724	27459	340	943	0	29466
28725	605	28516	344	415	0	29880
28726	568	1256	286	27920	0	30030
28727	625	551	27982	921	0	30079
28728	533	27418	933	471	0	29355
28729	642	1135	414	26506	0	28697
28730	25711	597	291	959	0	27558
28731	26149	406	266	495	0	27316
28732	1165	26273	277	334	0	28049
28733	26585	1002	277	252	0	28116
28734	26922	470	273	317	0	27982
28735	1307	396	282	25618	0	27603
28736	720	362	25195	861	0	27138
28737	533	25415	863	443	0	27254
28738	494	1189	460	24968	0	27111
28739	451	539	24894	820	0	26704
28740	400	24209	786	409	0	25804
28741	22363	825	416	335	0	23939
28742	22902	419	281	213	0	23815
28743	965	364	199	22170	0	23698
28744	550	22486	193	678	0	23907
28745	437	726	22357	328	0	23848
28746	387	518	660	22059	0	23624
28747	353	335	22482	650	0	23820
28748	275	21052	608	312	0	22247
28749	534	659	354	18398	0	19945
28750	18171	249	200	416	0	19036
28751	425	17953	112	216	0	18706
28752	17845	437	94	160	0	18536
28753	17682	241	109	145	0	18177
28754	568	17831	77	149	0	18625
28755	336	420	83	17802	0	18641
28756	264	309	89	17810	0	18472
28757	236	17242	97	450	0	18025
28758	186	17887	103	251	0	18427
28759	202	488	103	16938	0	17731
28760	204	17497	88	335	0	18124
28761	17577	423	86	184	0	18270
28762	17569	244	86	127	0	18026
28763	502	210	17145	120	0	17977
28764	293	161	16718	122	0	17294
28765	16577	169	388	116	0	17250
28766	17073	155	190	111	0	17529
28767	388	17426	119	129	0	18062
28768	17364	357	129	123	0	17973
28769	17283	225	83	110	0	17701
28770	452	17023	66	108	0	17649
28771	17451	381	61	118	0	18011
28772	424	269	66	19158	0	19917
28773	264	228	69	19971	0	20532
28774	197	156	20632	574	0	21559
28775	138	19905	445	257	0	20745
28776	139	20824	168	147	0	21278
28777	19410	811	220	290	0	20731
28778	19432	245	90	137	0	19904
28779	18768	127	50	93	0	19038
28780	19841	73	43	76	0	20033
28781	592	88	18494	69	0	19243
28782	222	86	19420	53	0	19781
28783	117	19586	460	74	0	20237
28784	122	469	175	19520	0	20286
28785	125	201	89	19396	0	19811
28786	137	19821	47	456	0	20461
28787	144	496	43	19562	0	20245
28788	19458	179	56	470	0	20163
28789	518	19552	57	169	0	20296
28790	221	447	19751	104	0	20523
28791	150	20215	446	86	0	20897
28792	20110	500	161	109	0	20880
28793	484	196	19925	95	0	20700
28794	19581	142	483	111	0	20317
28795	20143	106	142	95	0	20486
28796	574	100	19666	68	0	20408
28797	241	113	19591	62	0	20007
28798	149	91	19525	71	0	19836
28799	18442	102	530	64	0	19138
28800	483	96	19486	52	0	20117
28801	207	19145	460	55	0	19867
28802	19154	413	182	52	0	19801
28803	455	155	19084	37	0	19731
28804	18391	81	469	46	0	18987
28805	494	71	18987	30	0	19582
28806	222	69	19290	28	0	19609
28807	152	19431	524	41	0	20148
28808	144	389	19601	39	0	20173
28809	149	139	19309	34	0	19631
28810	131	17198	578	49	0	17956
28811	18662	425	262	35	0	19384
28812	474	169	18882	25	0	19550
28813	208	110	484	17560	0	18362
28814	139	18858	226	332	0	19555
28815	19028	432	164	119	0	19743
28816	19011	175	136	89	0	19411
28817	539	118	18734	59	0	19450
28818	228	18037	495	41	0	18801
28819	143	18978	248	43	0	19412
28820	132	546	172	18259	0	19109
28821	156	17973	144	374	0	18647
28822	203	510	134	17324	0	18171
28823	181	206	118	18881	0	19386
28824	167	18818	123	506	0	19614
28825	149	490	149	18700	0	19488
28826	145	18653	154	436	0	19388
28827	147	525	18328	171	0	19171
28828	153	230	482	18288	0	19153
28829	115	188	214	18579	0	19096
28830	101	18278	158	524	0	19061
28831	137	18972	102	237	0	19448
28832	151	601	110	18091	0	18953
28833	129	18529	138	470	0	19266
28834	18422	594	137	221	0	19374
28835	513	262	126	18436	0	19337
28836	217	18564	152	489	0	19422
28837	18268	543	146	205	0	19162
28838	519	18214	150	161	0	19044
28839	241	565	18035	152	0	18993
28840	193	268	502	17911	0	18874
28841	18188	200	272	491	0	19151
28842	519	189	18324	230	0	19262
28843	269	193	520	17608	0	18590
28844	212	17790	248	447	0	18697
28845	194	549	17516	187	0	18446
28846	175	17989	540	146	0	18850
28847	17215	547	256	120	0	18138
28848	17722	244	246	108	0	18320
28849	585	17587	216	115	0	18503
28850	17450	541	199	120	0	18310
28851	555	253	17271	103	0	18182
28852	249	198	578	16912	0	17937
28853	180	191	299	16710	0	17380
28854	194	17206	206	504	0	18110
28855	17943	550	200	224	0	18917
28856	18627	255	190	154	0	19226
28857	585	220	18469	99	0	19373
28858	18443	186	529	113	0	19271
28859	19068	181	237	99	0	19585
28860	19112	169	205	112	0	19598
28861	663	165	164	18413	0	19405
28862	296	191	156	18589	0	19232
28863	211	18671	155	521	0	19558
28864	18137	497	160	237	0	19031
28865	18299	239	137	163	0	18838
28866	603	18171	138	125	0	19037
28867	262	591	134	17302	0	18289
28868	175	17569	122	434	0	18300
28869	156	18459	97	181	0	18893
28870	17856	577	131	187	0	18751
28871	541	237	17375	139	0	18292
28872	181	152	15225	80	0	15638
28873	98	15138	265	100	0	15601
28874	13791	206	189	47	0	14233
28875	191	57	13672	34	0	13954
28876	65	12966	155	51	0	13237
28877	12762	115	59	25	0	12961
28878	119	45	12535	20	0	12719
28879	47	42	108	12271	0	12468
28880	13252	23	37	123	0	13435
28881	158	28	13371	42	0	13599
28882	49	25	13883	35	0	13992
28883	36	25	14488	25	0	14574
28884	27	22	14277	31	0	14357
28885	13830	47	193	38	0	14108
28886	14954	20	44	14	0	15032
28887	182	14950	33	22	0	15187
28888	46	170	27	15621	0	15864
28889	31	41	17	16125	0	16214
28890	29	15957	11	238	0	16235
28891	29	250	13	16211	0	16503
28892	21	16586	15	240	0	16862
28893	19	17090	15	80	0	17204
28894	24	325	12	16868	0	17229
28895	17	100	16997	271	0	17385
28896	18	17055	257	76	0	17406
28897	19	282	72	17192	0	17565
28898	17253	89	45	274	0	17661
28899	271	56	17075	69	0	17471
28900	16740	37	278	63	0	17118
28901	17468	42	82	52	0	17644
28902	353	39	46	17443	0	17881
28903	115	35	18102	323	0	18575
28904	83	41	18061	90	0	18275
28905	57	19002	413	73	0	19545
28906	58	390	136	18701	0	19285
28907	51	106	18919	354	0	19430
28908	30	59	18895	121	0	19105
28909	30	19130	462	76	0	19698
28910	19181	370	156	54	0	19761
28911	19653	117	103	68	0	19941
28912	458	81	76	20242	0	20857
28913	163	54	20797	418	0	21432
28914	106	49	20814	154	0	21123
28915	62	21337	540	116	0	22055
28916	62	415	21610	64	0	22151
28917	51	152	21615	37	0	21855
28918	60	158	595	20265	0	21078
28919	41	61	21669	427	0	22198
28920	20760	30	543	162	0	21495
28921	416	44	220	21747	0	22427
28922	147	37	22337	450	0	22971
28923	88	22294	495	162	0	23039
28924	63	419	185	22465	0	23132
28925	49	150	22748	444	0	23391
28926	39	23158	494	182	0	23873
28927	52	456	208	22752	0	23468
28928	36	23586	150	445	0	24217
28929	61	530	105	23645	0	24341
28930	47	178	104	23812	0	24141
28931	29	119	23577	622	0	24347
28932	37	23647	505	269	0	24458
28933	41	484	238	23802	0	24565
28934	51	193	158	23927	0	24329
28935	37	141	125	24268	0	24571
28936	49	74	23559	683	0	24365
28937	33	23363	513	304	0	24213
28938	39	483	237	23595	0	24354
28939	53	204	23446	541	0	24244
28940	37	23342	538	274	0	24191
28941	26	514	249	23503	0	24292
28942	37	234	23579	536	0	24386
28943	33	23512	527	295	0	24367
28944	35	516	255	23252	0	24058
28945	42	240	197	24031	0	24510
28946	42	178	23865	689	0	24774
28947	22462	101	539	387	0	23489
28948	432	23859	263	205	0	24759
28949	24010	542	170	189	0	24911
28950	519	226	24178	171	0	25094
28951	24078	168	559	154	0	24959
28952	536	134	264	24255	0	25189
28953	208	120	177	24984	0	25489
28954	121	123	24333	714	0	25291
28955	22463	95	568	364	0	23490
28956	23002	97	279	247	0	23625
28957	585	22735	181	203	0	23704
28958	241	23634	162	206	0	24243
28959	23491	650	161	162	0	24464
28960	552	277	23419	148	0	24396
28961	225	24050	554	184	0	25013
28962	146	579	264	24420	0	25409
28963	124	243	190	25098	0	25655
28964	106	157	24689	719	0	25671
28965	24359	136	588	350	0	25433
28966	576	133	26116	223	0	27048
28967	26665	135	691	192	0	27683
28968	713	119	27777	162	0	28771
28969	292	27804	758	173	0	29027
28970	28176	640	357	140	0	29313
28971	28490	299	226	197	0	29212
28972	28148	187	184	183	0	28702
28973	28408	119	189	153	0	28869
28974	919	126	171	27779	0	28995
28975	417	130	27697	662	0	28906
28976	279	138	668	26940	0	28025
28977	184	27511	316	694	0	28705
28978	170	650	237	27696	0	28753
28979	163	252	27534	734	0	28683
28980	137	185	27192	335	0	27849
28981	170	213	787	26418	0	27588
28982	26046	121	434	673	0	27274
28983	25488	122	260	339	0	26209
28984	25995	117	202	233	0	26547
28985	877	110	25687	181	0	26855
28986	434	111	25358	151	0	26054
28987	296	24988	714	170	0	26168
28988	206	25399	368	153	0	26126
28989	24083	613	428	140	0	25264
28990	24191	271	195	166	0	24823
28991	666	24591	125	166	0	25548
28992	24219	448	145	127	0	24939
28993	24238	218	146	110	0	24712
28994	651	24281	137	121	0	25190
28995	24629	462	154	124	0	25369
28996	24404	257	114	148	0	24923
28997	627	24554	134	132	0	25447
28998	24717	463	136	144	0	25460
28999	24977	226	172	111	0	25486
29000	687	164	24541	132	0	25524
29001	390	123	24333	123	0	24969
29002	294	23870	537	115	0	24816
29003	199	24367	290	112	0	24968
29004	23858	544	325	111	0	24838
29005	23067	237	171	83	0	23558
29006	22898	164	112	63	0	23237
29007	584	23115	117	77	0	23893
29008	339	378	121	23398	0	24236
29009	257	219	23723	321	0	24520
29010	253	358	346	22818	0	23775
29011	219	23685	180	343	0	24427
29012	22941	330	109	122	0	23502
29013	418	22332	87	93	0	22930
29014	253	336	83	22083	0	22755
29015	23207	169	81	328	0	23785
29016	23269	135	72	133	0	23609
29017	486	111	22919	94	0	23610
29018	23188	105	317	77	0	23687
29019	24287	80	159	68	0	24594
29020	24565	99	114	67	0	24845
29021	532	99	101	23457	0	24189
29022	281	23705	102	306	0	24394
29023	222	359	94	24164	0	24839
29024	204	165	24214	353	0	24936
29025	189	24380	354	181	0	25104
29026	199	401	145	24040	0	24785
29027	185	155	24121	323	0	24784
29028	178	24060	364	138	0	24740
29029	202	374	164	23431	0	24171
29030	199	184	23980	337	0	24700
29031	22011	164	354	199	0	22728
29032	485	118	24271	114	0	24988
29033	298	105	24065	87	0	24555
29034	245	24428	449	85	0	25207
29035	244	378	187	24583	0	25392
29036	216	205	147	24180	0	24748
29037	199	24185	118	415	0	24917
29038	223	379	107	25148	0	25857
29039	25430	193	99	447	0	26169
29040	25523	164	98	188	0	25973
29041	571	127	24135	159	0	24992
29042	25224	125	359	140	0	25848
29043	26203	111	174	144	0	26632
29044	567	130	26191	103	0	26991
29045	290	26190	415	119	0	27014
29046	216	26643	206	96	0	27161
29047	220	529	173	24375	0	25297
29048	161	26257	140	323	0	26881
29049	229	506	24157	171	0	25063
29050	196	245	25171	147	0	25759
29051	191	26080	478	107	0	26856
29052	25855	457	236	97	0	26645
29053	26544	225	148	117	0	27034
29054	26833	210	98	103	0	27244
29055	26914	163	85	118	0	27280
29056	25231	165	94	140	0	25630
29057	608	26028	94	93	0	26823
29058	343	442	25842	75	0	26702
29059	271	233	389	25602	0	26495
29060	25367	173	171	394	0	26105
29061	498	25001	133	166	0	25798
29062	269	561	96	24395	0	25321
29063	227	197	24451	344	0	25219
29064	175	23710	388	154	0	24427
29065	132	24071	175	106	0	24484
29066	21908	716	285	301	0	23210
29067	305	21483	64	62	0	21914
29068	186	273	42	20549	0	21050
29069	20529	92	42	258	0	20921
29070	20468	65	48	78	0	20659
29071	20561	65	32	61	0	20719
29072	332	46	20028	40	0	20446
29073	134	20187	216	32	0	20569
29074	20652	256	76	56	0	21040
29075	253	114	58	20428	0	20853
29076	20543	68	43	254	0	20908
29077	277	20294	40	101	0	20712
29078	21026	257	34	49	0	21366
29079	22344	111	31	63	0	22549
29080	418	63	37	22056	0	22574
29081	176	78	22972	310	0	23536
29082	139	67	310	23323	0	23839
29083	23352	48	103	380	0	23883
29084	23533	56	73	129	0	23791
29085	446	22981	58	100	0	23585
29086	22582	338	56	66	0	23042
29087	411	22733	48	82	0	23274
29088	22889	372	53	72	0	23386
29089	22479	132	58	84	0	22753
29090	456	101	22633	61	0	23251
29091	174	22566	341	65	0	23146
29092	145	377	109	22832	0	23463
29093	111	132	70	23099	0	23412
29094	96	101	70	22443	0	22710
29095	98	22507	60	470	0	23135
29096	109	351	22363	180	0	23003
29097	115	130	22605	101	0	22951
29098	101	26845	408	85	0	27439
29099	27085	534	153	95	0	27867
29100	580	173	27225	63	0	28041
29101	26683	143	530	86	0	27442
29102	612	27223	175	67	0	28077
29103	234	561	27660	53	0	28508
29104	186	194	559	27354	0	28293
29105	129	154	28173	563	0	29019
29106	138	93	28978	201	0	29410
29107	147	118	684	26581	0	27530
29108	133	27486	254	499	0	28372
29109	124	28407	152	160	0	28843
29110	28211	671	122	108	0	29112
29111	621	243	27990	86	0	28940
29112	28373	180	554	113	0	29220
29113	28806	137	221	71	0	29235
29114	682	29087	167	72	0	30008
29115	28243	571	93	57	0	28964
29116	28420	219	85	63	0	28787
29117	27399	148	98	76	0	27721
29118	723	26807	95	89	0	27714
29119	311	25310	103	71	0	25795
29120	194	26749	80	67	0	27090
29121	26555	686	200	61	0	27502
29122	26566	301	101	65	0	27033
29123	672	177	24909	51	0	25809
29124	325	124	24772	42	0	25263
29125	25700	88	554	40	0	26382
29126	26313	82	200	56	0	26651
29127	26602	76	131	72	0	26881
29128	646	83	109	25948	0	26786
29129	300	66	77	26352	0	26795
29130	211	88	62	26585	0	26946
29131	164	103	72	26712	0	27051
29132	146	118	24817	612	0	25693
29133	136	91	25183	234	0	25644
29134	143	86	25419	131	0	25779
29135	170	72	25466	74	0	25782
29136	25091	64	590	63	0	25808
29137	515	25314	240	72	0	26141
29138	249	26175	151	64	0	26639
29139	25881	537	100	75	0	26593
29140	559	210	25844	73	0	26686
29141	238	171	25164	86	0	25659
29142	24864	168	579	120	0	25731
29143	25544	104	247	103	0	25998
29144	572	25256	164	86	0	26078
29145	306	438	145	24998	0	25887
29146	25395	148	150	402	0	26095
29147	25836	135	126	140	0	26237
29148	624	125	104	25299	0	26152
29149	326	25990	89	419	0	26824
29150	26238	458	91	167	0	26954
29151	548	207	25616	137	0	26508
29152	25304	161	459	120	0	26044
29153	562	25655	195	114	0	26526
29154	25979	454	189	92	0	26714
29155	25261	197	154	112	0	25724
29156	594	151	25958	96	0	26799
29157	293	124	25431	106	0	25954
29158	25609	113	566	97	0	26385
29159	26412	117	253	80	0	26862
29160	580	26479	183	71	0	27313
29161	301	502	140	26795	0	27738
29162	271	189	26695	416	0	27571
29163	26303	141	539	151	0	27134
29164	586	131	220	26839	0	27776
29165	319	117	187	27191	0	27814
29166	27047	123	159	521	0	27850
29167	567	27491	140	260	0	28458
29168	27810	480	133	187	0	28610
29169	28104	162	159	119	0	28544
29170	28389	160	140	118	0	28807
29171	704	27908	137	141	0	28890
29172	28372	512	115	98	0	29097
29173	707	200	116	28157	0	29180
29174	342	189	122	28223	0	28876
29175	391	131	28208	576	0	29306
29176	349	128	27596	237	0	28310
29177	256	28098	593	186	0	29133
29178	244	29015	236	127	0	29622
29179	236	548	27757	100	0	28641
29180	193	28216	498	70	0	28977
29181	28184	645	263	161	0	29253
29182	28563	186	114	69	0	28932
29183	29023	145	87	66	0	29321
29184	723	119	80	27691	0	28613
29185	315	88	84	28683	0	29170
29186	232	97	28708	576	0	29613
29187	146	28447	455	274	0	29322
29188	28531	477	178	181	0	29367
29189	520	28703	139	87	0	29449
29190	28883	547	102	70	0	29602
29191	29136	185	102	85	0	29508
29192	701	128	77	28307	0	29213
29193	366	94	70	28625	0	29155
29194	248	104	56	29468	0	29876
29195	265	68	28243	672	0	29248
29196	169	27403	453	334	0	28359
29197	153	27670	179	238	0	28240
29198	71	23449	51	70	0	23641
29199	76	23254	46	60	0	23436
29200	75	23334	35	60	0	23504
29201	22122	331	110	72	0	22635
29202	284	137	22276	39	0	22736
29203	106	22121	234	50	0	22511
29204	95	261	21465	26	0	21847
29205	62	22051	257	39	0	22409
29206	170	404	150	16782	0	17506
29207	69	134	55	20783	0	21041
29208	80	21320	47	252	0	21699
29209	21100	255	47	116	0	21518
29210	254	110	20853	85	0	21302
29211	107	21082	225	60	0	21474
29212	99	265	20590	40	0	20994
29213	94	104	249	20347	0	20794
29214	78	98	91	19303	0	19570
29215	67	20246	68	265	0	20646
29216	82	259	55	20576	0	20972
29217	86	111	38	20642	0	20877
29218	68	20527	51	309	0	20955
29219	68	260	20263	143	0	20734
29220	84	116	19998	111	0	20309
29221	19455	110	272	84	0	19921
29222	20642	85	103	66	0	20896
29223	307	97	72	19961	0	20437
29224	146	83	20044	270	0	20543
29225	108	83	242	19338	0	19771
29226	85	20192	99	279	0	20655
29227	60	265	20166	128	0	20619
29228	58	19923	248	101	0	20330
29229	59	292	19820	86	0	20257
29230	50	20019	280	71	0	20420
29231	19891	329	117	61	0	20398
29232	258	153	91	19653	0	20155
29233	118	125	75	19510	0	19828
29234	109	102	19545	308	0	20064
29235	105	81	18778	134	0	19098
29236	65	19504	291	117	0	19977
29237	19461	270	135	114	0	19980
29238	264	146	98	19183	0	19691
29239	112	116	19463	267	0	19958
29240	89	114	18563	116	0	18882
29241	17532	105	293	123	0	18053
29242	18379	107	132	98	0	18716
29243	313	100	18604	93	0	19110
29244	158	174	267	17719	0	18318
29245	104	18387	123	248	0	18862
29246	18535	257	105	148	0	19045
29247	240	18518	83	123	0	18964
29248	17979	261	67	97	0	18404
29249	231	17807	63	82	0	18183
29250	97	18191	60	82	0	18430
29251	104	288	66	18206	0	18664
29252	71	156	66	18225	0	18518
29253	55	18183	71	272	0	18581
29254	68	249	17865	106	0	18288
29255	60	126	17691	86	0	17963
29256	64	104	17670	74	0	17912
29257	16690	86	285	100	0	17161
29258	17581	85	118	86	0	17870
29259	255	17967	82	78	0	18382
29260	108	252	17748	64	0	18172
29261	59	143	254	17597	0	18053
29262	70	109	18357	256	0	18792
29263	44	93	18766	119	0	19022
29264	45	87	339	19878	0	20349
29265	54	69	158	21079	0	21360
29266	47	82	22477	476	0	23082
29267	22324	63	425	247	0	23059
29268	443	23834	206	171	0	24654
29269	190	25193	157	120	0	25660
29270	151	671	125	24601	0	25548
29271	25168	317	94	498	0	26077
29272	543	25561	91	250	0	26445
29273	25575	623	82	160	0	26440
29274	637	25839	58	139	0	26673
29275	26481	703	70	113	0	27367
29276	741	332	26398	115	0	27586
29277	359	256	26768	92	0	27475
29278	274	367	721	25512	0	26874
29279	190	161	25960	547	0	26858
29280	158	24212	705	238	0	25313
29281	143	24319	338	173	0	24973
29282	24325	769	299	139	0	25532
29283	565	363	204	23610	0	24742
29284	246	24537	150	539	0	25472
29285	24848	650	131	252	0	25881
29286	24400	351	106	181	0	25038
29287	25257	267	85	135	0	25744
29288	947	187	76	24563	0	25773
29289	497	155	72	25106	0	25830
29290	346	162	24564	771	0	25843
29291	283	122	24493	386	0	25284
29292	24137	87	749	286	0	25259
29293	699	124	382	24124	0	25329
29294	347	106	24127	675	0	25255
29295	23706	98	659	366	0	24829
29296	696	24860	360	246	0	26162
29297	25120	579	291	200	0	26190
29298	25609	280	202	167	0	26258
29299	25806	185	153	183	0	26327
29300	1025	136	24766	126	0	26053
29301	24857	127	635	102	0	25721
29302	975	130	276	23894	0	25275
29303	540	23537	233	594	0	24904
29304	443	25150	182	283	0	26058
29305	25067	746	166	216	0	26195
29306	25306	344	158	146	0	25954
29307	25685	243	132	138	0	26198
29308	1083	176	115	24562	0	25936
29309	618	173	104	25006	0	25901
29310	487	169	103	24216	0	24975
29311	416	24398	110	887	0	25811
29312	24355	638	101	461	0	25555
29313	24850	311	87	347	0	25595
29314	25159	231	101	303	0	25794
29315	1091	196	24501	264	0	26052
29316	25270	190	612	223	0	26295
29317	1082	201	266	23813	0	25362
29318	648	24639	190	626	0	26103
29319	24770	689	129	311	0	25899
29320	24901	324	128	240	0	25593
29321	1161	242	24613	199	0	26215
29322	704	191	683	24086	0	25664
29323	527	24881	306	728	0	26442
29324	25696	725	244	404	0	27069
29325	967	366	174	25657	0	27164
29326	572	274	173	25828	0	26847
29327	498	219	154	26434	0	27305
29328	395	222	118	27270	0	28005
29329	384	189	26345	1199	0	28117
29330	380	26363	715	656	0	28114
29331	354	777	307	26792	0	28230
29332	322	367	26939	992	0	28620
29333	26793	296	779	568	0	28436
29334	27772	217	363	475	0	28827
29335	1089	227	334	27519	0	29169
29336	27747	214	251	970	0	29182
29337	28803	195	226	545	0	29769
29338	1278	184	28109	397	0	29968
29339	755	28238	781	343	0	30117
29340	28839	783	342	329	0	30293
29341	1133	313	301	28706	0	30453
29342	29351	256	266	949	0	30822
29343	1170	206	231	29016	0	30623
29344	626	232	218	29721	0	30797
29345	561	217	28493	1151	0	30422
29346	27168	185	809	652	0	28814
29347	1027	28846	361	525	0	30759
29348	652	759	28698	440	0	30549
29349	502	28924	793	432	0	30651
29350	28756	908	393	355	0	30412
29351	1111	421	307	28477	0	30316
29352	28559	312	232	916	0	30019
29353	1115	28555	220	488	0	30378
29354	29194	864	216	432	0	30706
29355	29740	389	188	371	0	30688
29356	29906	309	171	341	0	30727
29357	29774	208	155	366	0	30503
29358	1427	28949	157	319	0	30852
29359	29290	802	162	271	0	30525
29360	1328	373	140	28606	0	30447
29361	807	442	144	28453	0	29846
29362	683	26639	148	944	0	28414
29363	592	26784	116	535	0	28027
29364	496	27105	120	348	0	28069
29365	25465	863	202	356	0	26886
29366	786	24026	84	278	0	25174
29367	345	22554	103	188	0	23190
29368	22364	558	301	214	0	23437
29369	22182	203	70	161	0	22616
29370	622	22628	72	144	0	23466
29371	22663	457	66	152	0	23338
29372	591	179	22149	100	0	23019
29373	21678	155	333	132	0	22298
29374	556	124	22101	134	0	22915
29375	230	20689	302	97	0	21318
29376	186	21347	110	107	0	21750
29377	403	535	170	20437	0	21545
29378	21100	115	90	314	0	21619
29379	21663	90	31	166	0	21950
29380	22227	90	45	132	0	22494
29381	22245	82	45	101	0	22473
29382	21946	102	29	90	0	22167
29383	381	79	21343	77	0	21880
29384	193	94	20704	89	0	21080
29385	21633	95	226	102	0	22056
29386	312	22238	90	79	0	22719
29387	22371	225	69	116	0	22781
29388	23190	90	50	115	0	23445
29389	23934	73	35	138	0	24180
29390	24127	62	52	112	0	24353
29391	24178	94	50	97	0	24419
29392	359	73	24021	81	0	24534
29393	24345	93	193	111	0	24742
29394	24741	86	82	83	0	24992
29395	342	95	24085	91	0	24613
29396	23262	100	169	114	0	23645
29397	24448	76	80	88	0	24692
29398	357	70	25384	65	0	25876
29399	218	78	24820	68	0	25184
29400	189	25773	229	65	0	26256
29401	196	238	98	25965	0	26497
29402	194	99	26148	199	0	26640
29403	25914	85	207	120	0	26326
29404	343	87	80	27320	0	27830
29405	178	99	27682	242	0	28201
29406	27123	71	219	123	0	27536
29407	28109	78	87	91	0	28365
29408	28342	88	63	66	0	28559
29409	388	28592	53	97	0	29130
29410	217	278	58	28481	0	29034
29411	185	28837	64	240	0	29326
29412	29196	280	81	112	0	29669
29413	28972	134	66	93	0	29265
29414	412	109	28916	50	0	29487
29415	184	28284	227	70	0	28765
29416	141	28626	94	47	0	28908
29417	159	284	81	28556	0	29080
29418	158	112	57	28677	0	29004
29419	28613	97	35	275	0	29020
29420	364	28390	35	105	0	28894
29421	188	28372	29	61	0	28650
29422	222	302	28097	48	0	28669
29423	161	28531	210	48	0	28950
29424	28389	257	100	62	0	28808
29425	342	118	28013	39	0	28512
29426	25840	80	227	70	0	26217
29427	261	58	27175	31	0	27525
29428	24305	51	179	83	0	24618
29429	217	27178	56	50	0	27501
29430	27995	222	38	32	0	28287
29431	302	83	28965	26	0	29376
29432	28583	78	290	57	0	29008
29433	29207	39	89	45	0	29380
29434	355	41	29735	13	0	30144
29435	29388	42	260	42	0	29732
29436	30317	34	101	26	0	30478
29437	29672	32	45	34	0	29783
29438	371	29061	38	31	0	29501
29439	29552	258	40	35	0	29885
29440	357	118	29076	25	0	29576
29441	155	30438	236	28	0	30857
29442	30891	315	111	39	0	31356
29443	30607	111	72	32	0	30822
29444	31124	59	32	21	0	31236
29445	437	30876	49	34	0	31396
29446	181	315	38	34121	0	34655
29447	122	124	34061	438	0	34745
29448	125	52	497	33956	0	34630
29449	97	54	34853	537	0	35541
29450	33730	51	575	190	0	34546
29451	592	35178	199	78	0	36047
29452	263	563	94	34986	0	35906
29453	156	35663	67	500	0	36386
29454	130	623	52	35793	0	36598
29455	122	223	49	35921	0	36315
29456	102	36585	43	767	0	37497
29457	104	661	41	37238	0	38044
29458	103	245	54	38386	0	38788
29459	103	38146	71	866	0	39186
29460	103	39460	64	332	0	39959
29461	99	917	78	39267	0	40361
29462	135	338	39105	787	0	40365
29463	100	39746	754	317	0	40917
29464	126	867	236	39703	0	40932
29465	143	337	41218	848	0	42546
29466	108	41553	849	369	0	42879
29467	41131	942	290	256	0	42619
29468	917	386	40709	179	0	42191
29469	39909	231	892	193	0	41225
29470	968	200	305	39834	0	41307
29471	363	154	170	40262	0	40949
29472	199	190	124	40456	0	40969
29473	176	174	39282	1251	0	40883
29474	148	193	38763	506	0	39610
29475	38180	197	1096	315	0	39788
29476	948	175	407	39001	0	40531
29477	364	159	39197	1017	0	40737
29478	38345	173	957	461	0	39936
29479	1021	179	369	38519	0	40088
29480	429	169	245	38726	0	39569
29481	293	164	195	38498	0	39150
29482	222	38271	185	1262	0	39940
29483	229	968	163	37257	0	38617
29484	206	36953	155	1130	0	38444
29485	181	38677	182	532	0	39572
29486	37865	1183	195	341	0	39584
29487	34952	516	229	374	0	36071
29488	37641	276	177	317	0	38411
29489	1204	36318	184	304	0	38010
29490	36266	971	166	296	0	37699
29491	36895	417	174	305	0	37791
29492	1303	250	186	35673	0	37412
29493	529	238	183	36291	0	37241
29494	318	216	35032	1380	0	36946
29495	266	35453	955	648	0	37322
29496	34839	1026	395	434	0	36694
29497	35196	464	267	356	0	36283
29498	1174	34746	209	347	0	36476
29499	34727	1053	184	325	0	36289
29500	35075	437	159	369	0	36040
29501	1308	369	158	33729	0	35564
29502	582	32871	159	1077	0	34689
29503	399	34280	176	535	0	35390
29504	33436	1137	188	458	0	35219
29505	1132	536	154	33045	0	34867
29506	499	367	32543	1121	0	34530
29507	31985	291	913	618	0	33807
29508	1061	287	33352	442	0	35142
29509	498	32958	940	410	0	34806
29510	32936	980	446	431	0	34793
29511	1094	450	32968	405	0	34917
29512	526	444	935	33515	0	35420
29513	401	324	34688	1092	0	36505
29514	335	34957	967	591	0	36850
29515	367	1052	403	34978	0	36800
29516	358	523	34659	1126	0	36666
29517	33246	392	914	655	0	35207
29518	985	35274	400	502	0	37161
29519	544	1007	285	34167	0	36003
29520	375	35726	269	1023	0	37393
29521	35332	1081	212	580	0	37205
29522	35293	549	225	503	0	36570
29523	1167	35396	265	485	0	37313
29524	609	1023	267	34753	0	36652
29525	371	35784	266	1040	0	37461
29526	35620	1060	292	576	0	37548
29527	1048	548	35288	419	0	37303
29528	575	442	34889	389	0	36295
29529	429	35242	1034	393	0	37098
29530	382	36071	508	335	0	37296
29531	416	1062	414	34890	0	36782
29532	34711	517	253	982	0	36463
29533	35387	359	240	514	0	36500
29534	34600	308	239	370	0	35517
29535	1246	35337	233	371	0	37187
29536	630	879	231	34899	0	36639
29537	488	35820	215	956	0	37479
29538	36003	951	246	524	0	37724
29539	1091	464	227	35651	0	37433
29540	586	277	35024	993	0	36880
29541	387	34887	853	521	0	36648
29542	34556	889	377	387	0	36209
29543	977	462	34355	298	0	36092
29544	33579	402	826	355	0	35162
29545	1041	33748	302	361	0	35452
29546	369	31550	152	187	0	32258
29547	30760	706	168	165	0	31799
29548	660	31376	108	150	0	32294
29549	30526	591	178	133	0	31428
29550	599	30663	76	138	0	31476
29551	30751	604	138	134	0	31627
29552	30806	275	139	100	0	31320
29553	732	190	30745	96	0	31763
29554	322	186	30105	81	0	30694
29555	231	30374	494	88	0	31187
29556	29817	513	291	125	0	30746
29557	502	209	29227	89	0	30027
29558	27991	176	419	90	0	28676
29559	447	239	212	27767	0	28665
29560	188	96	28468	288	0	29040
29561	154	96	27266	114	0	27630
29562	142	82	28395	86	0	28705
29563	94	28457	341	52	0	28944
29564	391	691	356	26860	0	28298
29565	26291	69	85	188	0	26633
29566	163	28	31	26459	0	26681
29567	26762	26	31	185	0	27004
29568	191	24	25	26804	0	27044
29569	27238	25	23	233	0	27519
29570	26631	45	32	152	0	26860
29571	29992	31	24	57	0	30104
29572	322	30364	26	36	0	30748
29573	132	278	30782	30	0	31222
29574	86	121	284	30768	0	31259
29575	548	335	561	17151	0	18595
29576	70	62	51	31750	0	31933
29577	79	54	41	31215	0	31389
29578	64	30630	45	497	0	31236
29579	63	332	30440	201	0	31036
29580	43	31002	352	139	0	31536
29581	78	417	140	29802	0	30437
29582	52	190	57	31495	0	31794
29583	52	102	60	31653	0	31867
29584	68	73	39	31364	0	31544
29585	59	30362	46	537	0	31004
29586	60	30715	45	227	0	31047
29587	59	463	30216	148	0	30886
29588	61	194	375	30329	0	30959
29589	63	129	150	30819	0	31161
29590	64	139	62	31627	0	31892
29591	31582	115	61	596	0	32354
29592	416	31476	60	276	0	32228
29593	208	444	31415	152	0	32219
29594	31381	180	389	165	0	32115
29595	472	96	153	31775	0	32496
29596	32278	114	75	494	0	32961
29597	512	93	55	32371	0	33031
29598	32473	107	58	506	0	33144
29599	502	88	81	32362	0	33033
29600	32215	77	74	507	0	32873
29601	531	86	32290	239	0	33146
29602	291	70	412	31891	0	32664
29603	183	32925	166	434	0	33708
29604	173	450	91	33664	0	34378
29605	33430	213	93	517	0	34253
29606	494	33192	99	253	0	34038
29607	245	529	86	34463	0	35323
29608	144	34046	77	575	0	34842
29609	162	576	56	34632	0	35426
29610	138	241	64	34955	0	35398
29611	161	147	33972	727	0	35007
29612	129	121	534	32949	0	33733
29613	112	117	32170	627	0	33026
29614	87	31559	593	355	0	32594
29615	31718	553	224	214	0	32709
29616	570	239	31736	185	0	32730
29617	30932	126	577	216	0	31851
29618	32513	118	252	161	0	33044
29619	762	94	141	32503	0	33500
29620	308	74	33253	630	0	34265
29621	32624	69	623	323	0	33639
29622	35195	67	250	238	0	35750
29623	834	84	145	34289	0	35352
29624	376	79	126	34721	0	35302
29625	229	34359	102	860	0	35550
29626	208	725	107	34136	0	35176
29627	148	34554	92	777	0	35571
29628	173	654	34240	389	0	35456
29629	129	343	543	33314	0	34329
29630	32509	195	266	711	0	33681
29631	32833	107	118	336	0	33394
29632	706	32637	72	232	0	33647
29633	309	548	85	32774	0	33716
29634	32775	216	65	661	0	33717
29635	599	31687	61	348	0	32695
29636	31771	568	50	261	0	32650
29637	664	253	46	32427	0	33390
29638	33885	180	45	647	0	34757
29639	752	121	36408	287	0	37568
29640	306	36754	725	240	0	38025
29641	36675	759	252	211	0	37897
29642	803	38024	138	196	0	39161
29643	38663	871	93	167	0	39794
29644	39867	305	81	172	0	40425
29645	1156	205	39467	127	0	40955
29646	483	131	828	39055	0	40497
29647	40452	118	295	913	0	41778
29648	998	111	39973	359	0	41441
29649	39979	101	898	239	0	41217
29650	1058	112	294	40111	0	41575
29651	433	98	39839	938	0	41308
29652	300	113	914	39438	0	40765
29653	38999	86	322	1058	0	40465
29654	1033	103	39599	419	0	41154
29655	422	118	907	39723	0	41170
29656	296	87	319	40458	0	41160
29657	40276	79	209	1223	0	41787
29658	40326	84	173	505	0	41088
29659	1169	40380	174	347	0	42070
29660	528	888	141	40029	0	41586
29661	384	326	149	40331	0	41190
29662	328	205	138	40078	0	40749
29663	38979	133	137	1307	0	40556
29664	39651	146	153	561	0	40511
29665	1310	147	131	38787	0	40375
29666	621	38149	131	1057	0	39958
29667	465	998	166	37559	0	39188
29668	405	38535	132	1039	0	40111
29669	37911	960	136	527	0	39534
29670	1108	37142	154	413	0	38817
29671	34993	836	168	292	0	36289
29672	1063	319	164	34424	0	35970
29673	34277	187	186	925	0	35575
29674	1063	110	33766	481	0	35420
29675	505	34477	804	365	0	36151
29676	34253	818	454	323	0	35848
29677	34644	266	239	354	0	35503
29678	1064	198	181	33514	0	34957
29679	515	33791	179	913	0	35398
29680	454	707	122	35063	0	36346
29681	383	254	161	35337	0	36135
29682	359	192	157	35398	0	36106
29683	34966	152	117	1231	0	36466
29684	35467	149	135	608	0	36359
29685	1151	161	119	34751	0	36182
29686	592	34857	76	967	0	36492
29687	35512	770	88	507	0	36877
29688	991	298	34879	457	0	36625
29689	480	286	674	35391	0	36831
29690	446	216	35141	1003	0	36806
29691	403	192	755	35098	0	36448
29692	382	211	35055	1054	0	36702
29693	381	193	773	34896	0	36243
29694	34973	230	269	1029	0	36501
29695	35326	217	178	517	0	36238
29696	1087	34276	139	387	0	35889
29697	35370	806	136	368	0	36680
29698	1060	370	132	34950	0	36512
29699	601	244	146	35649	0	36640
29700	35465	189	168	1137	0	36959
29701	1044	204	34310	555	0	36113
29702	577	211	33942	452	0	35182
29703	515	232	33545	382	0	34674
29704	33035	160	843	439	0	34477
29705	995	216	34150	397	0	35758
29706	599	189	32765	395	0	33948
29707	31647	223	860	414	0	33144
29708	874	32608	374	424	0	34280
29709	488	646	252	33210	0	34596
29710	430	267	210	33911	0	34818
29711	401	177	33372	992	0	34942
29712	32703	157	739	578	0	34177
29713	33434	146	345	451	0	34376
29714	32041	185	319	384	0	32929
29715	982	131	33183	415	0	34711
29716	32182	130	751	411	0	33474
29717	970	137	31982	414	0	33503
29718	496	31507	709	403	0	33115
29719	458	32247	309	385	0	33399
29720	30631	686	270	384	0	31971
29721	775	30067	206	373	0	31421
29722	482	30024	171	307	0	30984
29723	29634	666	208	291	0	30799
29724	770	29654	214	286	0	30924
29725	29643	597	226	294	0	30760
29726	814	264	195	29794	0	31067
29727	444	194	224	30150	0	31012
29728	364	149	226	30246	0	30985
29729	315	203	258	29633	0	30409
29730	330	29341	255	805	0	30731
29731	29720	596	237	384	0	30937
29732	792	30755	222	323	0	32092
29733	521	31689	275	391	0	32876
29734	540	852	32413	260	0	34065
29735	31052	343	893	289	0	32577
29736	1054	220	33815	250	0	35339
29737	648	150	35091	274	0	36163
29738	332	33844	1016	259	0	35451
29739	152	34091	335	142	0	34720
29740	34305	1041	353	135	0	35834
29741	886	36228	161	148	0	37423
29742	449	944	35337	86	0	36816
29743	219	34777	842	96	0	35934
29744	169	955	34846	66	0	36036
29745	113	398	34139	53	0	34703
29746	32415	258	1229	63	0	33965
29747	856	153	33617	42	0	34668
29748	343	157	1038	32182	0	33720
29749	31990	94	507	785	0	33376
29750	805	31987	302	358	0	33452
29751	416	790	32343	163	0	33712
29752	31899	317	930	127	0	33273
29753	937	196	393	31036	0	32562
29754	413	30288	241	730	0	31672
29755	221	784	31075	324	0	32404
29756	30514	312	895	175	0	31896
29757	908	191	31303	105	0	32507
29758	422	108	989	30843	0	32362
29759	277	110	30630	823	0	31840
29760	173	72	1019	30527	0	31791
29761	29977	94	453	961	0	31485
29762	815	30665	310	438	0	32228
29763	31237	811	198	244	0	32490
29764	991	350	31055	151	0	32547
29765	440	173	905	31586	0	33104
29766	278	124	32125	914	0	33441
29767	31245	122	1038	418	0	32823
29768	32361	83	475	201	0	33120
29769	1205	32091	320	154	0	33770
29770	32709	900	212	132	0	33953
29771	33305	359	209	97	0	33970
29772	1402	194	130	32130	0	33856
29773	663	146	31917	917	0	33643
29774	388	30829	916	418	0	32551
29775	327	969	383	31105	0	32784
29776	31310	408	240	962	0	32920
29777	1087	212	30796	428	0	32523
29778	492	161	31041	229	0	31923
29779	316	167	30488	178	0	31149
29780	29504	145	1379	155	0	31183
29781	1087	151	30141	108	0	31487
29782	29389	126	1250	111	0	30876
29783	1184	129	27867	80	0	29260
29784	525	28959	1163	100	0	30747
29785	383	906	576	28594	0	30459
29786	261	382	28871	911	0	30425
29787	258	27648	1092	410	0	29408
29788	201	28874	580	227	0	29882
29789	248	1246	336	28223	0	30053
29790	27926	538	300	973	0	29737
29791	979	350	282	28160	0	29771
29792	27783	266	247	1084	0	29380
29793	1131	250	239	27731	0	29351
29794	568	224	27284	1128	0	29204
29795	404	217	27653	520	0	28794
29796	26730	161	1355	389	0	28635
29797	27410	160	680	284	0	28534
29798	1353	167	26474	278	0	28272
29799	26208	177	1193	202	0	27780
29800	1313	187	26279	189	0	27968
29801	729	24725	1233	160	0	26847
29802	520	25246	647	169	0	26582
29803	442	25519	478	189	0	26628
29804	447	1304	420	24564	0	26735
29805	24486	603	407	977	0	26473
29806	25215	415	335	454	0	26419
29807	1426	347	325	24392	0	26490
29808	761	323	23367	1037	0	25488
29809	512	278	1101	23570	0	25461
29810	451	222	23464	1145	0	25282
29811	390	191	1258	23249	0	25088
29812	22836	159	718	1237	0	24950
29813	23675	155	536	617	0	24983
29814	23824	152	440	458	0	24874
29815	23915	145	423	350	0	24833
29816	1636	155	328	22620	0	24739
29817	889	149	342	23396	0	24776
29818	22889	153	326	1367	0	24735
29819	23664	124	290	645	0	24723
29820	1612	135	280	22657	0	24684
29821	850	140	255	23365	0	24610
29822	627	136	250	23354	0	24367
29823	534	149	211	23530	0	24424
29824	22419	147	223	1611	0	24400
29825	1256	151	21864	831	0	24102
29826	701	127	1011	21914	0	23753
29827	21730	110	529	1304	0	23673
29828	1231	131	21256	752	0	23370
29829	769	154	1048	21453	0	23424
29830	552	120	21396	1205	0	23273
29831	504	20365	1157	628	0	22654
29832	495	832	649	18978	0	20954
29833	17870	321	492	1010	0	19693
29834	986	514	399	16090	0	17989
29835	547	15525	364	935	0	17371
29836	428	14672	288	471	0	15859
29837	318	11933	222	289	0	12762
29838	320	11351	197	261	0	12129
29839	6501	899	674	573	0	8647
29840	529	297	208	4801	0	5835
29841	85	30	4017	224	0	4356
29842	69	30	176	3839	0	4114
29843	80	24	3766	199	0	4069
29844	3754	31	163	88	0	4036
29845	209	32	77	3699	0	4017
29846	128	24	35	3827	0	4014
29847	73	25	50	3847	0	3995
29848	77	31	24	3865	0	3997
29849	3693	23	29	229	0	3974
29850	3804	34	31	104	0	3973
29851	204	29	33	3690	0	3956
29852	3562	20	33	214	0	3829
29853	185	14	3476	118	0	3793
29854	71	3383	143	111	0	3708
29855	70	129	56	3455	0	3710
29856	64	35	51	3443	0	3593
29857	51	3330	34	217	0	3632
29858	69	120	40	3338	0	3567
29859	58	123	49	3313	0	3543
29860	3249	17	50	214	0	3530
29861	167	20	3081	86	0	3354
29862	85	19	2870	47	0	3021
29863	2767	15	150	62	0	2994
29864	138	11	2601	50	0	2800
29865	1435	34	149	16	0	1634
29866	1170	9	56	13	0	1248
29867	73	28	16	925	0	1042
29868	17	3	749	24	0	793
29869	591	21	16	17	0	645
29870	21	600	7	3	0	631
29871	362	37	31	20	0	450
29872	262	26	22	9	0	319
29873	232	29	5	1	0	267
29874	595	6	2	0	0	603
29875	590	5	0	1	0	596
29876	594	0	0	2	0	596
29877	589	0	0	3	0	592
29878	590	1	1	0	0	592
29879	585	0	0	3	0	588
29880	571	0	0	2	0	573
29881	564	0	0	1	0	565
29882	562	0	1	2	0	565
29883	568	0	1	1	0	570
29884	562	0	0	1	0	563
29885	559	0	2	1	0	562
29886	561	0	0	0	0	561
29887	559	0	0	0	0	559
29888	556	0	1	1	0	558
29889	550	0	1	1	0	552
29890	554	0	0	0	0	554
29891	547	2	0	0	0	549
29892	560	1	0	1	0	562
29893	547	0	0	3	0	550
29894	548	0	0	0	0	548
29895	535	1	0	0	0	536
29896	527	1	0	0	0	528
29897	524	1	0	0	0	525
29898	537	1	0	0	0	538
29899	525	0	0	0	0	525
29900	536	0	0	1	0	537
29901	519	0	2	1	0	522
29902	485	0	0	1	0	486
29903	433	2	10	4	0	449
29904	2	0	0	0	0	2
29905	1	0	0	0	0	1
29906	0	0	0	1	0	1
29907	0	0	0	1	0	1
29908	0	0	0	1	0	1
29909	1	0	0	0	0	1
29910	0	0	0	0	0	0
29911	0	0	0	1	0	1
29912	1	0	0	0	0	1
