Pos	A	C	G	T	Other	Total
1	0	0	0	0	0	0
2	0	0	0	0	0	0
3	0	0	0	0	0	0
4	0	0	0	0	0	0
5	0	0	0	0	0	0
6	0	0	0	0	0	0
7	0	0	0	0	0	0
8	0	0	0	0	0	0
9	0	0	0	0	0	0
10	0	0	0	0	0	0
11	0	0	0	0	0	0
12	90	0	0	0	0	90
13	0	0	0	92	0	92
14	91	0	0	0	0	91
15	0	85	0	1	0	86
16	0	145	0	0	0	145
17	0	0	0	546	0	546
18	0	0	0	543	0	543
19	0	731	1	0	0	732
20	0	739	0	1	0	740
21	0	823	0	2	0	825
22	860	0	0	0	0	860
23	1	0	863	0	0	864
24	2	0	827	0	0	829
25	0	0	0	974	0	974
26	1114	0	0	0	0	1114
27	1128	0	0	0	0	1128
28	0	1090	1	0	0	1091
29	1212	0	0	0	0	1212
30	1200	0	0	0	0	1200
31	1223	0	1	0	0	1224
32	0	1194	1	2	0	1197
33	0	1184	0	1	0	1185
34	1315	0	1	0	0	1316
35	1362	0	0	0	0	1362
36	0	1335	1	1	0	1337
37	0	1478	0	1	0	1479
38	1517	0	0	0	0	1517
39	1510	0	0	1	0	1511
40	0	1490	0	1	0	1491
41	0	0	0	1541	0	1541
42	0	0	0	1555	0	1555
43	0	0	0	1533	0	1533
44	0	1515	0	1	0	1516
45	0	0	1489	0	0	1489
46	1314	1	1	0	0	1316
47	0	0	0	1561	0	1561
48	0	1546	0	1	0	1547
49	1	0	0	1603	0	1604
50	0	1526	0	0	0	1526
51	0	0	0	1590	0	1590
52	0	0	0	1589	0	1589
53	0	0	1572	1	0	1573
54	0	0	0	1523	0	1523
55	1576	0	1	0	0	1577
56	0	0	1551	0	0	1551
57	1459	0	0	0	0	1459
58	0	0	0	1566	0	1566
59	0	1522	1	1	0	1524
60	0	1	0	1578	0	1579
61	0	0	1553	0	0	1553
62	0	0	0	1503	0	1503
63	0	0	0	1581	0	1581
64	0	1625	1	0	0	1626
65	0	0	0	1686	0	1686
66	0	1638	1	1	0	1640
67	0	0	0	1683	0	1683
68	1658	0	0	0	0	1658
69	1574	0	0	0	0	1574
70	1616	0	0	0	0	1616
71	0	1622	0	0	0	1622
72	0	0	1565	0	0	1565
73	1505	0	0	0	0	1505
74	1644	0	0	0	0	1644
75	0	1582	1	0	0	1583
76	0	0	0	1314	0	1314
77	0	0	0	1252	0	1252
78	0	0	0	1198	0	1198
79	1206	0	0	0	0	1206
80	1185	0	0	0	0	1185
81	1198	0	0	1	0	1199
82	1202	0	0	1	0	1203
83	2	0	0	1210	0	1212
84	0	1176	0	0	0	1176
85	0	2	0	1243	0	1245
86	1	1	1204	1	0	1207
87	1	0	1	1202	0	1204
88	1	0	1269	1	0	1271
89	0	1	0	1277	0	1278
90	0	0	1331	2	0	1333
91	3	3	1269	0	0	1275
92	0	1221	0	6	0	1227
93	0	1	1	1341	0	1343
94	1	0	1334	3	0	1338
95	1	0	2	1311	0	1314
96	1	1320	0	1	0	1322
97	1384	1	1	0	0	1386
98	2	1358	2	0	0	1362
99	0	2	0	1373	0	1375
100	0	1345	0	0	0	1345
101	0	3	1305	1	0	1309
102	1	0	1273	1	0	1275
103	0	1273	2	6	0	1281
104	1	1	1	1362	0	1365
105	6	1	1339	4	0	1350
106	3	1278	4	2	0	1287
107	1345	2	1	0	0	1348
108	3	2	1	1337	0	1343
109	2	0	1341	4	0	1347
110	2	1290	4	2	0	1298
111	0	3	0	1362	0	1365
112	0	1	2	1275	0	1278
113	1231	1	4	2	0	1238
114	3	1	1272	3	0	1279
115	0	0	2	1234	0	1236
116	0	3	1248	4	0	1255
117	1	964	4	0	0	969
118	999	2	2	1	0	1004
119	2	958	3	4	0	967
120	2	1	1	983	0	987
121	0	972	3	2	0	977
122	942	4	0	3	0	949
123	3	950	1	1	0	955
124	5	3	891	2	0	901
125	1	841	3	2	0	847
126	846	4	1	2	0	853
127	1	2	896	3	0	902
128	0	1	5	903	0	909
129	836	1	3	1	0	841
130	1	4	1	831	0	837
131	836	0	2	5	0	843
132	832	2	4	0	0	838
133	3	3	0	828	0	834
134	3	1	1	776	0	781
135	714	1	1	4	0	720
136	695	2	2	1	0	700
137	1	3	0	612	0	616
138	610	0	0	4	0	614
139	595	1	1	4	0	601
140	4	566	3	1	0	574
141	1	3	2	571	0	577
142	566	0	1	5	0	572
143	564	1	4	1	0	570
144	3	3	0	569	0	575
145	6	1	0	568	0	575
146	563	2	0	5	0	570
147	3	558	1	3	0	565
148	4	4	1	540	0	549
149	4	2	525	4	0	535
150	2	2	2	523	0	529
151	4	520	2	4	0	530
152	4	4	520	2	0	530
153	4	1	2	525	0	532
154	2	1	4	506	0	513
155	4	1	519	6	0	530
156	471	1	5	4	0	481
157	4	510	4	9	0	527
158	530	2	0	4	0	536
159	6	1	519	4	0	530
160	5	1	511	6	0	523
161	542	3	4	6	0	555
162	5	553	1	6	0	565
163	551	2	1	4	0	558
164	7	482	2	5	0	496
165	7	3	491	3	0	504
166	483	4	2	6	0	495
167	8	3	488	3	0	502
168	5	1	3	502	0	511
169	501	3	1	4	0	509
170	501	0	2	5	0	508
171	4	448	2	8	0	462
172	6	4	1	449	0	460
173	5	443	1	7	0	456
174	5	5	437	4	0	451
175	3	2	5	440	0	450
176	3	372	3	4	0	382
177	4	1	2	380	0	387
178	326	2	2	8	0	338
179	6	1	0	381	0	388
180	3	418	3	2	0	426
181	3	1	3	432	0	439
182	2	2	0	434	0	438
183	4	420	2	2	0	428
184	6	1	1	430	0	438
185	2	5	398	3	0	408
186	4	383	3	5	0	395
187	439	1	3	1	0	444
188	4	4	393	3	0	404
189	3	3	350	4	0	360
190	4	329	4	5	0	342
191	5	3	1	337	0	346
192	5	4	335	5	0	349
193	1	291	4	6	0	302
194	4	4	2	321	0	331
195	5	4	2	319	0	330
196	277	2	2	5	0	286
197	3	287	5	5	0	300
198	4	3	297	4	0	308
199	3	6	299	1	0	309
200	1	3	5	301	0	310
201	2	3	1	370	0	376
202	1	5	2	381	0	389
203	4	615	4	11	0	634
204	3	19	625	6	0	653
205	1	9	22	866	0	898
206	5	889	10	32	0	936
207	3	918	6	12	0	939
208	3	46	968	7	0	1024
209	2	15	41	1008	0	1066
210	1	10	1123	45	0	1179
211	1	6	47	1137	0	1191
212	1	5	18	1165	0	1189
213	3	4	1160	62	0	1229
214	3	1197	46	22	0	1268
215	1198	45	18	10	0	1271
216	47	20	1162	8	0	1237
217	17	1183	49	5	0	1254
218	7	1241	16	8	0	1272
219	3	58	1165	7	0	1233
220	1154	17	51	6	0	1228
221	43	13	16	997	0	1069
222	15	1186	9	37	0	1247
223	1197	47	6	16	0	1266
224	49	24	6	1120	0	1199
225	16	1169	10	44	0	1239
226	1198	49	11	16	0	1274
227	47	18	1081	9	0	1155
228	15	1121	42	11	0	1189
229	1106	47	21	10	0	1184
230	47	1129	8	10	0	1194
231	1138	53	6	11	0	1208
232	48	27	8	1059	0	1142
233	20	1096	8	48	0	1172
234	8	56	10	1131	0	1205
235	1114	22	16	55	0	1207
236	51	10	1089	27	0	1177
237	20	8	1120	17	0	1165
238	8	12	63	1083	0	1166
239	14	11	26	1115	0	1166
240	9	9	18	1110	0	1146
241	7	1099	12	66	0	1184
242	11	56	1060	25	0	1152
243	8	25	54	1047	0	1134
244	6	1088	23	56	0	1173
245	14	1112	16	21	0	1163
246	12	68	1109	11	0	1200
247	17	26	1145	12	0	1200
248	12	20	1167	13	0	1212
249	10	23	65	1123	0	1221
250	11	18	1132	55	0	1216
251	14	14	58	1144	0	1230
252	16	16	1136	52	0	1220
253	1104	12	64	29	0	1209
254	52	1150	24	18	0	1244
255	31	1278	13	15	0	1337
256	16	77	1236	15	0	1344
257	1237	32	62	15	0	1346
258	1326	22	27	19	0	1394
259	1334	12	22	21	0	1389
260	85	21	1249	19	0	1374
261	39	14	1268	13	0	1334
262	15	23	87	1236	0	1361
263	1248	10	44	64	0	1366
264	1254	16	28	39	0	1337
265	75	29	1213	26	0	1343
266	1228	20	74	24	0	1346
267	73	18	44	1220	0	1355
268	27	12	1231	77	0	1347
269	20	17	1252	40	0	1329
270	1191	25	85	36	0	1337
271	62	21	1226	21	0	1330
272	1208	15	97	28	0	1348
273	68	18	1204	23	0	1313
274	38	1169	93	23	0	1323
275	28	1242	46	27	0	1343
276	20	91	37	1205	0	1353
277	19	46	31	1270	0	1366
278	20	22	1202	79	0	1323
279	25	20	80	1168	0	1293
280	24	1125	50	71	0	1270
281	28	1191	26	38	0	1283
282	28	1219	39	20	0	1306
283	41	86	18	1172	0	1317
284	32	37	1153	71	0	1293
285	34	25	1189	30	0	1278
286	25	61	91	1108	0	1285
287	29	22	45	1160	0	1256
288	32	20	34	1063	0	1149
289	41	1121	27	78	0	1267
290	1143	60	29	29	0	1261
291	1141	42	21	27	0	1231
292	90	1151	29	23	0	1293
293	43	71	1192	24	0	1330
294	1222	33	75	24	0	1354
295	79	22	1215	20	0	1336
296	1218	15	80	21	0	1334
297	1237	16	50	30	0	1333
298	1255	18	32	24	0	1329
299	1234	23	24	35	0	1316
300	88	1251	35	19	0	1393
301	1148	66	30	30	0	1274
302	69	1192	24	37	0	1322
303	808	48	73	29	0	958
304	46	898	19	28	0	991
305	11	31	578	8	0	628
306	9	18	27	565	0	619
307	12	576	9	25	0	622
308	9	552	10	12	0	583
309	528	16	7	13	0	564
310	404	4	5	3	0	416
311	13	395	5	5	0	418
312	11	9	3	392	0	415
313	5	390	4	12	0	411
314	406	17	2	2	0	427
315	21	6	385	3	0	415
316	10	3	14	394	0	421
317	6	5	7	398	0	416
318	6	3	7	409	0	425
319	6	2	389	21	0	418
320	8	383	19	7	0	417
321	9	406	5	4	0	424
322	6	21	6	393	0	426
323	9	8	383	15	0	415
324	2	11	15	491	0	519
325	7	6	2	506	0	521
326	5	6	5	503	0	519
327	7	3	3	510	0	523
328	492	5	3	21	0	521
329	13	495	4	12	0	524
330	495	17	3	9	0	524
331	18	12	484	6	0	520
332	8	8	497	3	0	516
333	4	5	21	467	0	497
334	4	4	8	478	0	494
335	1	483	4	21	0	509
336	2	15	471	10	0	498
337	1	487	14	8	0	510
338	5	18	483	4	0	510
339	447	6	16	5	0	474
340	15	488	5	7	0	515
341	7	16	495	8	0	526
342	6	10	15	474	0	505
343	4	5	494	16	0	519
344	3	454	20	8	0	485
345	5	16	7	454	0	482
346	5	461	5	19	0	490
347	5	16	448	10	0	479
348	4	8	18	453	0	483
349	449	7	14	19	0	489
350	16	449	5	10	0	480
351	5	19	445	9	0	478
352	7	7	17	433	0	464
353	6	11	447	16	0	480
354	3	5	459	7	0	474
355	0	356	6	2	0	364
356	1	3	2	355	0	361
357	0	1	1	353	0	355
358	1	1	0	352	0	354
359	0	0	352	4	0	356
360	1	2	337	1	0	341
361	306	2	5	0	0	313
362	4	0	341	2	0	347
363	327	1	4	0	0	332
364	3	334	3	0	0	340
365	1	4	1	339	0	345
366	0	334	1	4	0	339
367	1	333	2	1	0	337
368	0	3	332	0	0	335
369	0	2	4	329	0	335
370	0	0	339	4	0	343
371	2	1	327	2	0	332
372	313	2	5	1	0	321
373	4	0	336	0	0	340
374	1	1	326	0	0	328
375	315	0	6	1	0	322
376	3	1	330	2	0	336
377	3	1	325	2	0	331
378	0	3	5	307	0	315
379	0	311	3	3	0	317
380	0	5	0	335	0	340
381	1	1	1	330	0	333
382	332	1	3	3	0	339
383	3	1	0	324	0	328
384	1	325	1	5	0	332
385	327	3	2	2	0	334
386	5	1	321	2	0	329
387	305	1	5	0	0	311
388	3	0	376	1	0	380
389	4	1	375	0	0	380
390	0	358	9	1	0	368
391	374	6	4	0	0	384
392	6	348	2	2	0	358
393	4	7	299	1	0	311
394	0	2	6	282	0	290
395	1	298	2	6	0	307
396	310	8	1	1	0	320
397	305	1	1	2	0	309
398	8	305	1	0	0	314
399	329	7	2	0	0	338
400	7	1	4	272	0	284
401	2	266	1	8	0	277
402	1	6	4	277	0	288
403	1	3	2	285	0	291
404	280	1	1	8	0	290
405	286	1	2	2	0	291
406	285	1	1	2	0	289
407	10	1	277	1	0	289
408	275	0	8	1	0	284
409	7	3	2	275	0	287
410	4	0	306	7	0	317
411	2	1	301	4	0	308
412	1	302	9	1	0	313
413	242	4	0	1	0	247
414	3	231	0	1	0	235
415	1	3	0	235	0	239
416	1	0	0	242	0	243
417	1	0	240	4	0	245
418	1	0	5	229	0	235
419	2	0	237	6	0	245
420	0	1	255	1	0	257
421	0	238	5	1	0	244
422	0	4	1	257	0	262
423	1	1	0	259	0	261
424	172	0	0	4	0	176
425	6	1	163	1	0	171
426	0	1	4	167	0	172
427	178	0	0	4	0	182
428	4	0	175	2	0	181
429	171	0	5	1	0	177
430	179	1	1	0	0	181
431	6	1	173	0	0	180
432	1	1	5	208	0	215
433	1	1	1	262	0	265
434	0	1	286	8	0	295
435	287	1	6	1	0	295
436	302	0	2	0	0	304
437	300	1	0	2	0	303
438	303	1	1	0	0	305
439	300	1	2	0	0	303
440	5	2	288	1	0	296
441	1	1	290	2	0	294
442	0	283	6	2	0	291
443	2	3	290	3	0	298
444	1	0	6	290	0	297
445	1	1	2	283	0	287
446	2	1	0	318	0	321
447	1	0	2	314	0	317
448	3	0	316	4	0	323
449	4	302	5	2	0	313
450	1	318	4	0	0	323
451	1	4	1	312	0	318
452	1	313	1	7	0	322
453	321	6	2	0	0	329
454	326	0	1	1	0	328
455	9	320	0	3	0	332
456	2	6	1	328	0	337
457	2	0	1	336	0	339
458	2	0	405	8	0	415
459	411	0	11	1	0	423
460	452	1	2	0	0	455
461	15	445	0	3	0	463
462	439	14	2	3	0	458
463	14	2	428	6	0	450
464	3	424	16	2	0	445
465	3	444	3	2	0	452
466	3	456	2	3	0	464
467	2	15	1	445	0	463
468	449	1	2	16	0	468
469	13	2	4	440	0	459
470	4	1	640	17	0	662
471	0	2	29	637	0	668
472	2	2	637	30	0	671
473	3	1	27	605	0	636
474	2	5	4	598	0	609
475	2	631	0	19	0	652
476	646	29	2	2	0	679
477	28	3	2	627	0	660
478	4	624	2	27	0	657
479	647	27	1	2	0	677
480	595	3	2	4	0	604
481	652	2	4	1	0	659
482	31	637	2	4	0	674
483	1	30	621	1	0	653
484	2	4	26	638	0	670
485	3	1	2	629	0	635
486	2	628	2	27	0	659
487	7	27	628	2	0	664
488	2	5	594	5	0	606
489	560	2	27	1	0	590
490	28	4	3	584	0	619
491	7	2	568	28	0	605
492	2	576	29	7	0	614
493	2	27	7	545	0	581
494	2	573	5	25	0	605
495	6	26	568	4	0	604
496	543	4	23	7	0	577
497	638	5	5	3	0	651
498	28	627	2	6	0	663
499	3	25	3	610	0	641
500	3	7	596	28	0	634
501	4	597	28	4	0	633
502	590	24	4	3	0	621
503	27	600	5	3	0	635
504	4	621	0	9	0	634
505	2	29	4	591	0	626
506	2	601	7	27	0	637
507	604	28	3	6	0	641
508	28	5	4	602	0	639
509	5	6	585	27	0	623
510	4	4	564	5	0	577
511	5	4	27	553	0	589
512	4	567	5	26	0	602
513	573	26	3	7	0	609
514	27	5	3	569	0	604
515	3	6	611	25	0	645
516	6	3	27	614	0	650
517	5	6	5	637	0	653
518	625	10	3	27	0	665
519	30	3	3	605	0	641
520	4	3	604	29	0	640
521	5	8	613	4	0	630
522	6	4	27	592	0	629
523	0	9	5	614	0	628
524	6	5	609	28	0	648
525	557	4	25	8	0	594
526	24	7	601	5	0	637
527	7	574	30	1	0	612
528	2	29	3	601	0	635
529	5	5	596	28	0	634
530	3	4	605	9	0	621
531	4	3	28	576	0	611
532	560	5	7	27	0	599
533	29	5	515	7	0	556
534	1	486	25	9	0	521
535	510	29	10	3	0	552
536	28	4	515	7	0	554
537	499	6	25	8	0	538
538	530	4	4	5	0	543
539	26	553	5	10	0	594
540	6	27	10	497	0	540
541	5	547	5	23	0	580
542	5	24	544	8	0	581
543	533	5	27	7	0	572
544	566	2	9	8	0	585
545	22	6	543	6	0	577
546	6	3	548	6	0	563
547	3	522	29	8	0	562
548	539	28	7	6	0	580
549	29	4	6	514	0	553
550	6	3	8	508	0	525
551	4	534	9	22	0	569
552	534	27	5	7	0	573
553	28	5	542	7	0	582
554	3	5	23	487	0	518
555	483	2	7	23	0	515
556	21	509	8	7	0	545
557	8	24	566	1	0	599
558	7	5	570	2	0	584
559	2	3	23	492	0	520
560	2	501	7	14	0	524
561	0	20	554	3	0	577
562	3	6	19	548	0	576
563	587	1	3	23	0	614
564	21	4	598	3	0	626
565	4	2	22	617	0	645
566	4	3	617	21	0	645
567	5	5	629	2	0	641
568	6	1	22	617	0	646
569	3	2	626	24	0	655
570	347	0	7	0	0	354
571	6	1	419	0	0	426
572	394	0	6	0	0	400
573	6	402	1	0	0	409
574	493	5	0	0	0	498
575	5	484	0	0	0	489
576	0	6	0	499	0	505
577	0	0	0	537	0	537
578	0	1	524	6	0	531
579	0	1	520	0	0	521
580	0	0	6	534	0	540
581	0	0	528	8	0	536
582	0	1	6	523	0	530
583	0	510	3	3	0	516
584	0	536	0	2	0	538
585	0	6	1	530	0	537
586	0	0	1	540	0	541
587	1	1	538	7	0	547
588	0	1	6	525	0	532
589	0	549	1	6	0	556
590	0	550	2	4	0	556
591	0	562	3	0	0	565
592	1	6	0	555	0	562
593	1	560	1	5	0	567
594	566	6	1	0	0	573
595	6	3	1	571	0	581
596	1	0	563	8	0	572
597	1	2	8	511	0	522
598	1	0	523	9	0	533
599	2	1	515	3	0	521
600	1	0	510	1	0	512
601	1	480	10	6	0	497
602	3	7	510	2	0	522
603	512	1	8	1	0	522
604	529	1	1	2	0	533
605	572	3	3	0	0	578
606	7	1	2	572	0	582
607	571	1	0	9	0	581
608	8	534	6	1	0	549
609	1	568	5	2	0	576
610	574	5	1	5	0	585
611	7	3	565	1	0	576
612	2	1	7	555	0	565
613	0	4	558	6	0	568
614	3	2	552	3	0	560
615	0	514	9	3	0	526
616	3	6	1	494	0	504
617	0	3	1	531	0	535
618	519	1	3	8	0	531
619	7	556	4	3	0	570
620	0	567	1	5	0	573
621	2	6	562	2	0	572
622	1	557	10	2	0	570
623	555	10	2	3	0	570
624	545	2	4	4	0	555
625	8	2	574	1	0	585
626	1	2	570	4	0	577
627	2	4	10	539	0	555
628	3	3	3	555	0	564
629	1	584	5	11	0	601
630	1	10	4	599	0	614
631	1	5	2	584	0	592
632	3	590	3	11	0	607
633	2	10	3	599	0	614
634	1	1	4	571	0	577
635	1	554	3	11	0	569
636	1	9	544	3	0	557
637	3	4	9	569	0	585
638	570	2	2	13	0	587
639	529	3	3	4	0	539
640	10	1	514	2	0	527
641	515	3	10	2	0	530
642	513	3	4	2	0	522
643	8	530	5	2	0	545
644	2	8	517	4	0	531
645	4	5	530	1	0	540
646	4	0	10	610	0	624
647	638	3	3	9	0	653
648	648	2	5	2	0	657
649	16	3	4	647	0	670
650	739	1	0	19	0	759
651	772	4	3	3	0	782
652	771	3	0	1	0	775
653	17	3	725	4	0	749
654	6	5	759	3	0	773
655	816	2	24	5	0	847
656	19	2	781	2	0	804
657	4	720	15	2	0	741
658	1	14	4	720	0	739
659	1	3	715	15	0	734
660	0	2	717	4	0	723
661	1	2	14	644	0	661
662	0	1	671	13	0	685
663	1	0	627	3	0	631
664	1	543	16	3	0	563
665	0	614	3	2	0	619
666	608	13	1	1	0	623
667	12	1	2	602	0	617
668	608	2	1	11	0	622
669	14	0	627	4	0	645
670	4	0	11	619	0	634
671	0	0	3	657	0	660
672	630	1	2	13	0	646
673	11	622	2	4	0	639
674	3	12	542	3	0	560
675	0	4	551	2	0	557
676	2	551	13	4	0	570
677	1	11	520	0	0	532
678	1	522	11	2	0	536
679	0	518	3	1	0	522
680	0	14	473	0	0	487
681	489	2	11	0	0	502
682	11	0	2	528	0	541
683	2	526	0	8	0	536
684	0	11	0	549	0	560
685	542	2	2	11	0	557
686	554	0	1	1	0	556
687	526	0	0	1	0	527
688	13	0	530	0	0	543
689	2	0	11	514	0	527
690	0	513	3	10	0	526
691	537	11	0	2	0	550
692	12	1	0	531	0	544
693	2	0	0	537	0	539
694	1	0	0	552	0	553
695	1	0	510	14	0	525
696	496	0	11	4	0	511
697	11	513	3	0	0	527
698	3	11	1	535	0	550
699	1	2	1	545	0	549
700	529	0	1	13	0	543
701	11	0	505	2	0	518
702	2	2	573	0	0	577
703	0	572	12	2	0	586
704	1	10	624	0	0	635
705	552	4	15	0	0	571
706	13	592	3	1	0	609
707	4	13	597	1	0	615
708	521	2	16	2	0	541
709	13	2	607	0	0	622
710	3	583	15	2	0	603
711	3	13	2	640	0	658
712	2	3	1	660	0	666
713	4	1	639	14	0	658
714	2	1	636	2	0	641
715	0	618	16	3	0	637
716	628	14	3	2	0	647
717	16	672	0	1	0	689
718	3	14	3	681	0	701
719	0	5	613	14	0	632
720	571	0	16	5	0	592
721	14	1	5	626	0	646
722	2	619	4	9	0	634
723	0	644	1	3	0	648
724	0	17	1	640	0	658
725	1	4	3	650	0	658
726	638	1	2	15	0	656
727	14	2	1	645	0	662
728	3	2	638	13	0	656
729	591	1	15	5	0	612
730	641	1	3	1	0	646
731	17	1	631	0	0	649
732	694	3	13	1	0	711
733	13	0	5	732	0	750
734	5	0	1	742	0	748
735	1	4	2	744	0	751
736	1	1	2	727	0	731
737	0	734	0	16	0	750
738	763	14	3	4	0	784
739	810	3	3	1	0	817
740	16	1	798	0	0	815
741	810	2	17	2	0	831
742	834	3	2	1	0	840
743	813	1	2	3	0	819
744	910	1	0	3	0	914
745	27	907	2	0	0	936
746	4	16	1	854	0	875
747	3	0	825	16	0	844
748	2	3	792	2	0	799
749	699	82	18	1	0	800
750	727	0	29	0	0	756
751	11	695	2	1	0	709
752	718	11	1	0	0	730
753	14	700	0	0	0	714
754	2	13	0	688	0	703
755	640	2	0	11	0	653
756	672	1	0	1	0	674
757	689	1	0	1	0	691
758	12	671	0	0	0	683
759	694	10	0	1	0	705
760	14	0	1	685	0	700
761	686	2	1	9	0	698
762	13	1	665	1	0	680
763	3	657	9	2	0	671
764	684	11	1	1	0	697
765	12	2	725	0	0	739
766	1	2	12	765	0	780
767	3	1	772	13	0	789
768	3	3	745	1	0	752
769	1	1	13	735	0	750
770	0	0	740	12	0	752
771	0	1	15	733	0	749
772	2	0	3	742	0	747
773	734	0	2	16	0	752
774	11	733	1	3	0	748
775	3	740	1	2	0	746
776	3	751	2	1	0	757
777	5	15	709	3	0	732
778	2	4	15	712	0	733
779	3	4	728	13	0	748
780	694	1	12	3	0	710
781	741	2	5	2	0	750
782	12	711	5	4	0	732
783	7	12	1	716	0	736
784	5	736	3	15	0	759
785	759	17	2	3	0	781
786	17	5	1	765	0	788
787	5	7	761	15	0	788
788	7	725	16	3	0	751
789	2	20	730	4	0	756
790	3	2	18	741	0	764
791	4	2	750	16	0	772
792	707	1	17	3	0	728
793	18	1	747	3	0	769
794	5	717	17	6	0	745
795	7	19	3	723	0	752
796	5	3	5	759	0	772
797	737	6	3	19	0	765
798	741	2	5	4	0	752
799	18	717	3	4	0	742
800	10	17	730	3	0	760
801	9	4	731	3	0	747
802	723	6	23	4	0	756
803	20	2	705	4	0	731
804	6	2	666	5	0	679
805	8	3	655	6	0	672
806	5	7	654	2	0	668
807	7	648	20	4	0	679
808	659	19	5	1	0	684
809	21	6	7	643	0	677
810	659	4	5	19	0	687
811	25	617	6	5	0	653
812	620	21	6	3	0	650
813	20	627	5	7	0	659
814	9	21	8	599	0	637
815	9	623	7	17	0	656
816	9	18	605	8	0	640
817	4	633	20	6	0	663
818	7	25	5	718	0	755
819	727	6	4	19	0	756
820	21	10	4	719	0	754
821	10	3	710	25	0	748
822	9	7	17	676	0	709
823	10	695	8	17	0	730
824	8	21	707	7	0	743
825	728	8	23	5	0	764
826	21	11	6	802	0	840
827	861	4	11	23	0	899
828	853	6	8	7	0	874
829	20	847	11	8	0	886
830	837	24	5	6	0	872
831	872	6	8	4	0	890
832	22	776	9	4	0	811
833	9	20	5	788	0	822
834	8	4	9	779	0	800
835	8	770	8	24	0	810
836	10	20	7	792	0	829
837	2	9	740	27	0	778
838	6	9	20	752	0	787
839	5	6	708	26	0	745
840	4	6	686	11	0	707
841	5	721	21	11	0	758
842	6	750	10	4	0	770
843	8	799	9	6	0	822
844	33	14	2	658	0	707
845	0	5	643	11	0	659
846	637	3	9	3	0	652
847	9	1	5	705	0	720
848	4	3	696	7	0	710
849	4	3	685	3	0	695
850	5	685	9	4	0	703
851	4	11	5	703	0	723
852	698	3	5	11	0	717
853	8	700	6	3	0	717
854	4	706	4	4	0	718
855	3	706	3	8	0	720
856	2	10	5	657	0	674
857	7	656	3	9	0	675
858	3	11	4	755	0	773
859	3	7	4	874	0	888
860	3	6	851	20	0	880
861	837	6	19	9	0	871
862	21	4	918	5	0	948
863	9	3	24	924	0	960
864	5	8	896	22	0	931
865	1	845	22	8	0	876
866	842	18	8	11	0	879
867	23	7	5	819	0	854
868	10	3	5	855	0	873
869	845	2	5	26	0	878
870	841	1	3	14	0	859
871	861	6	2	4	0	873
872	26	8	802	3	0	839
873	793	5	15	3	0	816
874	23	812	6	6	0	847
875	10	831	5	7	0	853
876	8	27	3	887	0	925
877	7	11	3	891	0	912
878	5	886	2	24	0	917
879	5	21	4	911	0	941
880	889	7	1	25	0	922
881	20	9	858	8	0	895
882	9	910	16	10	0	945
883	869	19	7	7	0	902
884	17	899	3	7	0	926
885	6	23	863	5	0	897
886	2	8	16	854	0	880
887	6	5	855	20	0	886
888	4	834	21	8	0	867
889	2	22	8	863	0	895
890	5	11	855	17	0	888
891	2	9	840	7	0	858
892	4	1	22	857	0	884
893	864	5	11	18	0	898
894	872	5	4	9	0	890
895	881	4	2	6	0	893
896	24	3	841	4	0	872
897	7	835	20	4	0	866
898	7	19	9	838	0	873
899	4	7	3	840	0	854
900	6	854	5	20	0	885
901	857	21	5	7	0	890
902	19	8	2	823	0	852
903	5	7	784	19	0	815
904	5	800	12	9	0	826
905	790	21	5	7	0	823
906	16	813	7	7	0	843
907	5	21	3	802	0	831
908	4	5	4	833	0	846
909	6	6	4	821	0	837
910	6	3	800	24	0	833
911	4	6	19	793	0	822
912	4	776	10	18	0	808
913	6	837	6	11	0	860
914	8	21	812	8	0	849
915	769	8	18	13	0	808
916	834	5	12	7	0	858
917	21	780	6	7	0	814
918	720	13	1	6	0	740
919	716	9	3	7	0	735
920	23	702	1	10	0	736
921	14	13	6	718	0	751
922	14	8	688	13	0	723
923	15	6	664	5	0	690
924	690	5	20	8	0	723
925	19	646	9	6	0	680
926	8	18	7	633	0	666
927	7	15	2	587	0	611
928	4	9	2	601	0	616
929	573	5	4	26	0	608
930	19	6	6	581	0	612
931	11	7	2	563	0	583
932	10	8	529	20	0	567
933	502	4	13	14	0	533
934	21	578	9	7	0	615
935	588	16	6	3	0	613
936	17	576	6	5	0	604
937	7	18	9	583	0	617
938	588	7	8	18	0	621
939	598	7	9	9	0	623
940	19	9	564	6	0	598
941	524	4	15	11	0	554
942	16	2	521	9	0	548
943	8	4	498	8	0	518
944	8	2	491	8	0	509
945	11	3	568	3	0	585
946	10	4	19	558	0	591
947	9	6	554	16	0	585
948	8	3	18	557	0	586
949	554	9	8	19	0	590
950	18	7	6	567	0	598
951	540	5	4	22	0	571
952	16	549	7	10	0	582
953	9	19	4	558	0	590
954	8	13	508	20	0	549
955	7	548	20	10	0	585
956	5	18	9	617	0	649
957	7	10	598	19	0	634
958	7	516	11	6	0	540
959	5	418	0	5	0	428
960	2	6	418	5	0	431
961	0	1	3	329	0	333
962	0	1	336	2	0	339
963	328	0	5	0	0	333
964	342	0	0	1	0	343
965	2	334	2	0	0	338
966	336	2	0	1	0	339
967	2	0	0	337	0	339
968	0	1	332	3	0	336
969	323	0	3	1	0	327
970	2	2	334	1	0	339
971	0	324	2	1	0	327
972	337	2	1	0	0	340
973	2	1	0	330	0	333
974	0	1	368	3	0	372
975	370	0	3	0	0	373
976	318	1	0	0	0	319
977	308	1	1	0	0	310
978	2	0	1	316	0	319
979	1	0	0	319	0	320
980	1	1	329	2	0	333
981	1	331	2	2	0	336
982	1	2	0	315	0	318
983	0	1	0	321	0	322
984	1	1	318	2	0	322
985	1	0	314	2	0	317
986	0	0	3	320	0	323
987	314	0	2	2	0	318
988	2	317	1	0	0	320
989	319	3	0	2	0	324
990	4	355	2	1	0	362
991	1	5	359	1	0	366
992	1	1	407	0	0	409
993	394	1	4	0	0	399
994	413	0	0	1	0	414
995	3	417	2	0	0	422
996	2	2	409	1	0	414
997	2	0	2	414	0	418
998	0	2	0	403	0	405
999	1	414	0	1	0	416
1000	0	2	0	424	0	426
1001	0	1	414	4	0	419
1002	406	1	3	0	0	410
1003	424	0	2	2	0	428
1004	418	1	1	2	0	422
1005	425	0	0	0	0	425
1006	2	1	418	2	0	423
1007	403	0	3	0	0	406
1008	6	1	404	0	0	411
1009	2	410	4	0	0	416
1010	3	2	1	442	0	448
1011	443	0	1	3	0	447
1012	3	1	1	446	0	451
1013	1	1	416	3	0	421
1014	416	1	3	0	0	420
1015	437	1	0	3	0	441
1016	2	0	1	442	0	445
1017	1	1	1	441	0	444
1018	1	0	430	4	0	435
1019	0	431	4	3	0	438
1020	440	2	0	1	0	443
1021	3	1	432	0	0	436
1022	425	1	2	2	0	430
1023	4	434	0	2	0	440
1024	429	2	4	0	0	435
1025	4	424	1	1	0	430
1026	2	429	1	0	0	432
1027	2	5	1	438	0	446
1028	1	2	0	443	0	446
1029	1	2	1	434	0	438
1030	1	0	0	443	0	444
1031	0	0	434	4	0	438
1032	425	2	1	1	0	429
1033	444	0	0	3	0	447
1034	393	0	2	1	0	396
1035	4	0	0	393	0	397
1036	2	0	0	397	0	399
1037	399	0	1	2	0	402
1038	392	0	0	1	0	393
1039	397	0	1	1	0	399
1040	5	0	0	391	0	396
1041	0	0	1	392	0	393
1042	1	1	382	3	0	387
1043	2	1	376	2	0	381
1044	1	390	3	1	0	395
1045	314	2	0	1	0	317
1046	316	0	1	0	0	317
1047	275	0	0	1	0	276
1048	1	0	331	0	0	332
1049	324	0	1	1	0	326
1050	334	1	0	1	0	336
1051	332	0	1	0	0	333
1052	1	1	0	336	0	338
1053	2	0	0	330	0	332
1054	0	0	1	335	0	336
1055	3	0	323	0	0	326
1056	241	0	0	0	0	241
1057	0	256	0	0	0	256
1058	263	0	0	1	0	264
1059	0	260	0	1	0	261
1060	0	271	1	1	0	273
1061	0	0	1	279	0	280
1062	1	0	0	274	0	275
1063	0	267	0	4	0	271
1064	279	0	0	0	0	279
1065	275	1	0	1	0	277
1066	0	0	0	267	0	267
1067	0	0	274	1	0	275
1068	0	0	258	1	0	259
1069	0	1	266	0	0	267
1070	1	1	262	0	0	264
1071	258	0	0	0	0	258
1072	277	0	0	1	0	278
1073	0	0	1	270	0	271
1074	0	0	230	0	0	230
1075	0	0	1	259	0	260
1076	0	255	1	3	0	259
1077	1	306	0	0	0	307
1078	314	1	0	0	0	315
1079	311	0	0	1	0	312
1080	288	0	1	0	0	289
1081	4	0	0	283	0	287
1082	0	1	0	294	0	295
1083	0	1	0	293	0	294
1084	1	0	0	290	0	291
1085	1	0	286	4	0	291
1086	2	0	2	280	0	284
1087	293	0	0	5	0	298
1088	4	0	0	289	0	293
1089	0	0	0	294	0	294
1090	0	0	0	254	0	254
1091	0	294	1	4	0	299
1092	0	251	0	1	0	252
1093	1	259	0	0	0	260
1094	0	10	0	254	0	264
1095	0	2	1	261	0	264
1096	258	0	0	9	0	267
1097	258	0	0	3	0	261
1098	295	0	0	0	0	295
1099	10	0	0	288	0	298
1100	2	0	0	295	0	297
1101	0	278	0	8	0	286
1102	0	286	0	2	0	288
1103	291	9	0	1	0	301
1104	7	3	0	290	0	300
1105	297	1	0	7	0	305
1106	305	0	0	3	0	308
1107	13	0	0	282	0	295
1108	4	289	0	7	0	300
1109	295	8	0	2	0	305
1110	280	3	0	1	0	284
1111	12	0	279	1	0	292
1112	289	1	9	1	0	300
1113	9	271	3	0	0	283
1114	3	11	0	364	0	378
1115	543	4	0	12	0	559
1116	11	2	0	574	0	587
1117	4	0	0	577	0	581
1118	1	562	0	14	0	577
1119	587	13	0	3	0	603
1120	594	4	0	1	0	599
1121	16	565	2	0	0	583
1122	3	819	2	2	0	826
1123	841	13	0	1	0	855
1124	847	4	0	1	0	852
1125	16	1	806	1	0	824
1126	7	2	782	0	0	791
1127	1	5	833	2	0	841
1128	2	1	13	821	0	837
1129	1	1	3	867	0	872
1130	2	2	911	16	0	931
1131	893	1	12	5	0	911
1132	956	1	4	2	0	963
1133	958	3	0	0	0	961
1134	955	1	1	0	0	957
1135	19	0	1005	2	0	1026
1136	1027	3	12	1	0	1043
1137	1043	2	3	3	0	1051
1138	1045	0	0	1	0	1046
1139	1048	1	1	2	0	1052
1140	1053	0	3	1	0	1057
1141	17	4	1122	1	0	1144
1142	5	1070	15	3	0	1093
1143	4	13	3	1141	0	1161
1144	2	3	0	1264	0	1269
1145	2	4	1227	18	0	1251
1146	1146	4	14	4	0	1168
1147	17	2	2	1237	0	1258
1148	8	2	1179	13	0	1202
1149	2	6	1110	5	0	1123
1150	0	1156	18	3	0	1177
1151	4	11	4	1207	0	1226
1152	8	3	1	1210	0	1222
1153	5	2	5	1220	0	1232
1154	1223	1	4	15	0	1243
1155	14	0	1	1220	0	1235
1156	6	1	1175	17	0	1199
1157	2	4	1090	8	0	1104
1158	3	4	1323	2	0	1332
1159	8	2	18	1285	0	1313
1160	1370	0	4	15	0	1389
1161	21	0	1359	4	0	1384
1162	1355	0	15	1	0	1371
1163	1404	1	6	3	0	1414
1164	20	2	3	1440	0	1465
1165	10	2	0	1435	0	1447
1166	8	1381	1	13	0	1403
1167	7	11	1398	5	0	1421
1168	1337	2	14	3	0	1356
1169	15	1	7	1444	0	1467
1170	4	1399	2	17	0	1422
1171	4	14	2	1456	0	1476
1172	3	4	1436	17	0	1460
1173	3	1	15	1404	0	1423
1174	5	1397	7	16	0	1425
1175	4	9	2	1441	0	1456
1176	1474	5	4	14	0	1497
1177	11	3	4	1431	0	1449
1178	6	1384	4	10	0	1404
1179	2	1410	4	9	0	1425
1180	1389	11	4	5	0	1409
1181	12	5	1412	6	0	1435
1182	7	1	10	1425	0	1443
1183	3	1	6	1541	0	1551
1184	2	1	1496	13	0	1512
1185	5	1446	11	10	0	1472
1186	10	8	1497	3	0	1518
1187	5	4	10	1471	0	1490
1188	6	1496	9	7	0	1518
1189	1566	8	6	3	0	1583
1190	14	1503	4	3	0	1524
1191	5	1446	2	5	0	1458
1192	1510	4	1	5	0	1520
1193	1476	2	1	3	0	1482
1194	1498	3	1	1	0	1503
1195	9	1	4	1464	0	1478
1196	3	4	1465	7	0	1479
1197	1390	2	7	6	0	1405
1198	1466	4	0	5	0	1475
1199	7	1	5	1541	0	1554
1200	6	3	1528	9	0	1546
1201	1	1458	8	7	0	1474
1202	1528	9	2	3	0	1542
1203	1600	2	3	4	0	1609
1204	8	1640	2	3	0	1653
1205	0	1754	2	4	0	1760
1206	1793	5	1	3	0	1802
1207	1776	2	1	4	0	1783
1208	1778	0	3	0	0	1781
1209	4	1	3	1784	0	1792
1210	2	0	1828	7	0	1837
1211	1	1	9	1763	0	1774
1212	3	4	1824	6	0	1837
1213	0	1715	8	4	0	1727
1214	1	1725	4	2	0	1732
1215	1	5	2	1640	0	1648
1216	0	0	0	1627	0	1627
1217	0	0	1	1613	0	1614
1218	0	1613	3	1	0	1617
1219	1660	1	0	0	0	1661
1220	1628	0	0	2	0	1630
1221	1	1639	0	5	0	1645
1222	0	2	0	1443	0	1445
1223	1	1434	1	1	0	1437
1224	1	1	0	1446	0	1448
1225	1	1423	1	2	0	1427
1226	1504	1	0	1	0	1506
1227	1	0	1	1463	0	1465
1228	1	0	1422	2	0	1425
1229	1397	0	2	0	0	1399
1230	1364	1	0	0	0	1365
1231	1	2	1350	1	0	1354
1232	0	0	1	1337	0	1338
1233	0	0	1363	2	0	1365
1234	0	2	1	1362	0	1365
1235	0	2	1284	1	0	1287
1236	1200	1	1	0	0	1202
1237	2	0	0	1318	0	1320
1238	0	1263	2	1	0	1266
1239	1322	1	0	1	0	1324
1240	1	1	0	1315	0	1317
1241	0	0	0	1226	0	1226
1242	1	1	1206	1	0	1209
1243	1	0	1	1211	0	1213
1244	1	0	1197	6	0	1204
1245	0	1	1257	1	0	1259
1246	1	0	7	1317	0	1325
1247	1	1	1547	8	0	1557
1248	1623	1	13	2	0	1639
1249	2153	2	2	1	0	2158
1250	2254	0	1	2	0	2257
1251	38	2339	6	2	0	2385
1252	13	30	2	2429	0	2474
1253	6	10	0	2345	0	2361
1254	2	2450	3	40	0	2495
1255	2463	32	3	13	0	2511
1256	32	10	0	2480	0	2522
1257	12	4	2489	34	0	2539
1258	8	8	2236	12	0	2264
1259	4	2249	43	4	0	2300
1260	2330	28	14	2	0	2374
1261	30	14	2290	3	0	2337
1262	2123	1	34	4	0	2162
1263	34	2142	19	8	0	2203
1264	13	26	2247	0	0	2286
1265	9	8	2240	1	0	2258
1266	5	8	2215	0	0	2228
1267	4	2124	53	2	0	2183
1268	5	34	2219	0	0	2258
1269	2199	12	40	3	0	2254
1270	38	6	14	2237	0	2295
1271	22	4	4	2295	0	2325
1272	17	5	4	2317	0	2343
1273	20	10	2	2334	0	2366
1274	20	6	2211	60	0	2297
1275	7	22	33	2229	0	2291
1276	11	9	16	2249	0	2285
1277	2205	4	11	64	0	2284
1278	2395	22	11	23	0	2451
1279	2373	1	12	16	0	2402
1280	59	16	2283	23	0	2381
1281	31	2353	59	2	0	2445
1282	16	2453	30	11	0	2510
1283	2247	65	19	12	0	2343
1284	57	2371	14	5	0	2447
1285	22	57	29	2350	0	2458
1286	27	26	10	2421	0	2484
1287	8	22	2323	59	0	2412
1288	11	2215	77	23	0	2326
1289	8	55	2281	16	0	2360
1290	2247	23	67	13	0	2350
1291	2351	21	32	10	0	2414
1292	68	8	29	2337	0	2442
1293	41	10	10	2374	0	2435
1294	12	7	10	2412	0	2441
1295	10	5	19	2469	0	2503
1296	12	4	2366	87	0	2469
1297	6	13	56	2401	0	2476
1298	14	5	2323	67	0	2409
1299	26	5	2222	43	0	2296
1300	26	2229	62	32	0	2349
1301	2328	51	21	17	0	2417
1302	70	2388	20	22	0	2500
1303	32	78	13	2304	0	2427
1304	17	30	2312	66	0	2425
1305	2216	34	61	27	0	2338
1306	66	25	2238	21	0	2350
1307	2306	12	72	19	0	2409
1308	2313	25	33	17	0	2388
1309	92	13	16	2360	0	2481
1310	36	11	23	2352	0	2422
1311	20	19	29	2379	0	2447
1312	20	31	2231	99	0	2381
1313	2238	9	78	48	0	2373
1314	86	2207	28	34	0	2355
1315	45	68	22	2251	0	2386
1316	2235	23	12	113	0	2383
1317	2317	12	21	52	0	2402
1318	2282	15	21	37	0	2355
1319	95	19	2164	43	0	2321
1320	2237	13	92	27	0	2369
1321	2260	20	35	41	0	2356
1322	104	21	2087	31	0	2243
1323	47	22	2296	25	0	2390
1324	34	29	88	2267	0	2418
1325	27	8	2256	95	0	2386
1326	18	2151	99	41	0	2309
1327	19	2268	47	34	0	2368
1328	2242	89	45	19	0	2395
1329	100	2291	30	15	0	2436
1330	42	82	34	2332	0	2490
1331	2253	32	25	85	0	2395
1332	95	2317	18	42	0	2472
1333	26	78	30	2361	0	2495
1334	28	28	32	2401	0	2489
1335	32	20	2278	113	0	2443
1336	23	14	90	2303	0	2430
1337	48	9	2263	97	0	2417
1338	28	15	2295	51	0	2389
1339	38	6	90	2286	0	2420
1340	38	9	39	2422	0	2508
1341	2344	13	21	116	0	2494
1342	99	2664	28	55	0	2846
1343	50	89	28	2613	0	2780
1344	37	62	26	2683	0	2808
1345	2474	19	20	130	0	2643
1346	109	2443	33	54	0	2639
1347	51	2273	29	24	0	2377
1348	30	2074	14	31	0	2149
1349	7	1682	8	11	0	1708
1350	1382	74	30	8	0	1494
1351	1367	16	40	3	0	1426
1352	1327	10	4	2	0	1343
1353	1390	6	2	5	0	1403
1354	73	5	2	1335	0	1415
1355	19	3	1291	60	0	1373
1356	5	1296	54	19	0	1374
1357	8	83	13	1294	0	1398
1358	8	15	1299	63	0	1385
1359	5	5	63	1317	0	1390
1360	6	8	15	1366	0	1395
1361	3	8	1274	74	0	1359
1362	6	8	60	1273	0	1347
1363	9	8	15	1336	0	1368
1364	1295	4	8	78	0	1385
1365	1394	4	6	25	0	1429
1366	1406	6	6	11	0	1429
1367	1404	6	3	18	0	1431
1368	79	9	9	1331	0	1428
1369	23	11	4	1384	0	1422
1370	10	11	4	1440	0	1465
1371	1362	4	8	79	0	1453
1372	72	12	4	1363	0	1451
1373	25	5	0	1433	0	1463
1374	13	11	1319	79	0	1422
1375	16	8	60	1322	0	1406
1376	18	1281	18	70	0	1387
1377	15	1392	12	24	0	1443
1378	1183	67	8	14	0	1272
1379	68	19	1130	20	0	1237
1380	24	1107	56	17	0	1204
1381	1096	64	17	13	0	1190
1382	60	21	8	1107	0	1196
1383	23	10	1069	68	0	1170
1384	11	14	56	1034	0	1115
1385	14	1086	12	62	0	1174
1386	1070	53	8	24	0	1155
1387	59	1100	8	15	0	1182
1388	1103	54	8	21	0	1186
1389	1133	18	8	17	0	1176
1390	76	10	8	1100	0	1194
1391	30	6	2	1091	0	1129
1392	22	1080	10	67	0	1179
1393	1110	51	10	22	0	1193
1394	63	16	1071	28	0	1178
1395	1042	5	57	21	0	1125
1396	1077	11	15	19	0	1122
1397	67	9	1026	17	0	1119
1398	21	10	52	1040	0	1123
1399	1051	6	17	61	0	1135
1400	64	8	1022	25	0	1119
1401	21	16	1036	13	0	1086
1402	896	9	48	15	0	968
1403	47	879	9	17	0	952
1404	23	898	8	12	0	941
1405	10	48	9	872	0	939
1406	18	20	857	38	0	933
1407	803	11	42	16	0	872
1408	42	13	826	14	0	895
1409	22	735	29	14	0	800
1410	732	36	9	11	0	788
1411	39	16	8	726	0	789
1412	761	9	4	40	0	814
1413	37	8	723	16	0	784
1414	19	12	37	714	0	782
1415	17	743	15	34	0	809
1416	17	34	7	744	0	802
1417	15	17	7	759	0	798
1418	15	6	707	47	0	775
1419	11	707	38	21	0	777
1420	12	727	15	10	0	764
1421	14	35	707	14	0	770
1422	675	15	37	11	0	738
1423	679	5	16	8	0	708
1424	40	7	10	661	0	718
1425	662	8	8	38	0	716
1426	38	649	10	15	0	712
1427	16	684	7	15	0	722
1428	627	36	9	11	0	683
1429	35	26	6	615	0	682
1430	593	6	2	34	0	635
1431	602	10	4	18	0	634
1432	44	8	7	577	0	636
1433	21	5	560	39	0	625
1434	570	5	36	20	0	631
1435	602	8	11	9	0	630
1436	43	7	5	571	0	626
1437	18	567	7	35	0	627
1438	14	32	9	583	0	638
1439	13	11	559	38	0	621
1440	8	7	507	12	0	534
1441	6	504	32	13	0	555
1442	2	4	2	164	0	172
1443	2	4	1	171	0	178
1444	2	1	165	5	0	173
1445	164	1	4	3	0	172
1446	200	0	2	0	0	202
1447	196	0	1	3	0	200
1448	202	1	1	2	0	206
1449	7	245	2	2	0	256
1450	4	260	3	1	0	268
1451	252	8	4	0	0	264
1452	6	4	1	255	0	266
1453	2	2	0	196	0	200
1454	0	196	0	10	0	206
1455	1	5	2	193	0	201
1456	2	1	0	200	0	203
1457	1	192	3	7	0	203
1458	2	7	195	1	0	205
1459	2	2	3	198	0	205
1460	198	3	1	7	0	209
1461	205	1	0	2	0	208
1462	9	2	189	1	0	201
1463	3	1	197	3	0	204
1464	2	1	202	3	0	208
1465	0	1	4	141	0	146
1466	0	1	141	5	0	147
1467	0	1	143	2	0	146
1468	1	1	4	132	0	138
1469	0	139	1	5	0	145
1470	0	4	122	1	0	127
1471	1	121	4	1	0	127
1472	131	3	0	1	0	135
1473	4	129	1	0	0	134
1474	1	3	1	127	0	132
1475	130	0	3	3	0	136
1476	3	0	2	124	0	129
1477	0	0	2	130	0	132
1478	0	0	125	4	0	129
1479	0	147	3	1	0	151
1480	0	158	1	1	0	160
1481	0	4	1	159	0	164
1482	0	1	1	158	0	160
1483	1	1	1	159	0	162
1484	1	1	180	2	0	184
1485	2	1	183	1	0	187
1486	173	1	2	1	0	177
1487	4	1	190	2	0	197
1488	2	0	175	2	0	179
1489	1	183	3	2	0	189
1490	0	4	1	195	0	200
1491	1	2	197	4	0	204
1492	0	3	3	186	0	192
1493	0	0	197	5	0	202
1494	0	0	3	202	0	205
1495	0	1	194	4	0	199
1496	1	0	5	191	0	197
1497	1	0	1	196	0	198
1498	2	192	3	3	0	200
1499	2	3	2	198	0	205
1500	0	226	3	4	0	233
1501	0	4	1	232	0	237
1502	0	1	2	235	0	238
1503	230	0	1	6	0	237
1504	3	0	3	210	0	216
1505	2	0	203	5	0	210
1506	0	0	5	206	0	211
1507	0	1	0	214	0	215
1508	0	0	210	5	0	215
1509	1	2	197	1	0	201
1510	1	1	1	199	0	202
1511	0	2	0	213	0	215
1512	0	1	203	5	0	209
1513	1	197	3	1	0	202
1514	1	207	1	3	0	212
1515	210	3	0	3	0	216
1516	3	0	2	237	0	242
1517	235	1	1	5	0	242
1518	236	1	1	1	0	239
1519	3	228	1	3	0	235
1520	235	4	1	2	0	242
1521	235	0	2	2	0	239
1522	3	1	231	2	0	237
1523	0	0	5	230	0	235
1524	1	1	287	4	0	293
1525	0	2	5	286	0	293
1526	1	3	267	4	0	275
1527	1	264	3	3	0	271
1528	1	267	1	2	0	271
1529	2	3	1	279	0	285
1530	295	1	0	4	0	300
1531	6	2	0	284	0	292
1532	2	1	1	298	0	302
1533	2	0	294	3	0	299
1534	1	0	296	2	0	299
1535	0	0	296	3	0	299
1536	0	1	1	288	0	290
1537	0	0	3	292	0	295
1538	0	297	0	7	0	304
1539	0	312	2	3	0	317
1540	297	6	1	2	0	306
1541	5	298	1	3	0	307
1542	1	4	299	5	0	309
1543	1	1	6	305	0	313
1544	0	1	302	9	0	312
1545	1	303	7	3	0	314
1546	0	4	4	283	0	291
1547	277	0	3	6	0	286
1548	4	0	284	4	0	292
1549	0	212	1	2	0	215
1550	0	1	207	1	0	209
1551	0	212	1	1	0	214
1552	0	2	1	218	0	221
1553	222	0	0	2	0	224
1554	222	1	0	1	0	224
1555	1	219	0	2	0	222
1556	219	2	0	1	0	222
1557	2	0	2	219	0	223
1558	220	2	1	2	0	225
1559	0	0	219	2	0	221
1560	1	1	217	1	0	220
1561	0	2	3	208	0	213
1562	0	3	1	221	0	225
1563	1	1	219	3	0	224
1564	1	2	1	220	0	224
1565	219	0	0	4	0	223
1566	219	1	1	1	0	222
1567	2	211	3	1	0	217
1568	0	220	2	1	0	223
1569	220	1	2	2	0	225
1570	2	0	1	219	0	222
1571	218	1	1	2	0	222
1572	0	217	1	2	0	220
1573	221	2	1	0	0	224
1574	2	2	218	2	0	224
1575	1	2	214	0	0	217
1576	1	0	4	188	0	193
1577	0	1	196	3	0	200
1578	0	1	3	190	0	194
1579	1	1	0	195	0	197
1580	1	1	195	2	0	199
1581	1	2	2	190	0	195
1582	1	0	1	219	0	221
1583	2	1	225	4	0	232
1584	1	1	197	0	0	199
1585	196	4	2	1	0	203
1586	6	0	238	1	0	245
1587	246	2	3	1	0	252
1588	280	1	2	1	0	284
1589	5	2	270	2	0	279
1590	4	0	270	1	0	275
1591	1	2	5	263	0	271
1592	2	1	3	248	0	254
1593	2	267	3	5	0	277
1594	1	344	4	5	0	354
1595	1	5	345	4	0	355
1596	332	1	7	5	0	345
1597	345	1	4	4	0	354
1598	7	2	358	4	0	371
1599	3	1	359	1	0	364
1600	3	2	6	334	0	345
1601	3	338	3	4	0	348
1602	6	4	1	348	0	359
1603	1	2	4	355	0	362
1604	356	3	1	6	0	366
1605	352	2	1	3	0	358
1606	5	4	2	351	0	362
1607	3	1	383	4	0	391
1608	372	2	6	4	0	384
1609	6	387	5	2	0	400
1610	407	5	2	2	0	416
1611	393	3	3	4	0	403
1612	7	389	3	3	0	402
1613	4	397	3	1	0	405
1614	1	9	1	398	0	409
1615	3	1	2	405	0	411
1616	1	370	3	8	0	382
1617	4	4	1	380	0	389
1618	3	4	2	382	0	391
1619	3	0	366	6	0	375
1620	366	1	6	4	0	377
1621	385	1	2	1	0	389
1622	379	1	3	3	0	386
1623	7	0	3	378	0	388
1624	324	0	1	4	0	329
1625	5	301	0	2	0	308
1626	2	3	1	309	0	315
1627	1	307	0	4	0	312
1628	1	373	1	3	0	378
1629	385	5	1	1	0	392
1630	362	2	1	0	0	365
1631	364	1	0	0	0	365
1632	362	1	1	0	0	364
1633	360	1	0	0	0	361
1634	6	0	340	0	0	346
1635	337	0	4	1	0	342
1636	4	0	355	1	0	360
1637	327	0	2	0	0	329
1638	351	0	1	1	0	353
1639	334	0	1	1	0	336
1640	5	0	353	0	0	358
1641	1	1	2	330	0	334
1642	1	336	1	3	0	341
1643	356	2	1	0	0	359
1644	349	1	1	0	0	351
1645	4	371	0	0	0	375
1646	387	2	1	1	0	391
1647	3	1	0	378	0	382
1648	2	420	0	2	0	424
1649	450	2	1	1	0	454
1650	444	1	0	0	0	445
1651	5	0	0	438	0	443
1652	449	0	1	3	0	453
1653	2	2	1	445	0	450
1654	2	1	0	445	0	448
1655	1	1	443	3	0	448
1656	1	1	2	426	0	430
1657	2	1	1	445	0	449
1658	0	0	436	4	0	440
1659	2	0	424	2	0	428
1660	1	0	4	422	0	427
1661	0	1	443	3	0	447
1662	404	0	2	2	0	408
1663	2	422	3	2	0	429
1664	2	3	1	460	0	466
1665	1	1	0	516	0	518
1666	0	0	1	508	0	509
1667	519	1	1	3	0	524
1668	503	1	0	1	0	505
1669	507	1	0	1	0	509
1670	4	492	2	2	0	500
1671	3	2	0	558	0	563
1672	1	2	0	557	0	560
1673	562	1	0	3	0	566
1674	560	0	0	2	0	562
1675	3	1	0	556	0	560
1676	1	2	536	3	0	542
1677	520	0	1	3	0	524
1678	536	0	1	1	0	538
1679	4	1	559	0	0	564
1680	532	0	2	2	0	536
1681	2	0	566	1	0	569
1682	549	0	2	0	0	551
1683	3	0	1	560	0	564
1684	2	578	1	1	0	582
1685	3	1	587	1	0	592
1686	0	544	2	3	0	549
1687	2	535	1	1	0	539
1688	589	0	0	0	0	589
1689	0	0	0	572	0	572
1690	0	0	0	569	0	569
1691	605	0	0	0	0	605
1692	0	0	0	640	0	640
1693	0	0	0	645	0	645
1694	0	0	0	573	0	573
1695	0	0	0	573	0	573
1696	0	0	575	0	0	575
1697	0	0	555	0	0	555
1698	0	543	0	0	0	543
1699	547	0	0	0	0	547
1700	0	0	0	598	0	598
1701	0	575	0	0	0	575
1702	0	0	0	643	0	643
1703	0	0	0	643	0	643
1704	0	0	0	634	0	634
1705	0	0	0	645	0	645
1706	0	0	0	639	0	639
1707	0	579	1	0	0	580
1708	0	0	0	604	0	604
1709	0	0	593	0	0	593
1710	0	568	0	1	0	569
1711	0	0	0	599	0	599
1712	0	0	0	601	0	601
1713	0	565	0	0	0	565
1714	0	598	0	0	0	598
1715	596	0	0	0	0	596
1716	0	572	0	1	0	573
1717	605	0	0	0	0	605
1718	589	0	1	0	0	590
1719	0	1	578	0	0	579
1720	0	0	1	525	0	526
1721	0	0	579	0	0	579
1722	0	567	0	1	0	568
1723	0	0	1	583	0	584
1724	0	0	0	599	0	599
1725	0	0	0	622	0	622
1726	0	0	0	626	0	626
1727	2	0	661	1	0	664
1728	0	0	1	599	0	600
1729	1	0	650	1	0	652
1730	0	0	634	0	0	634
1731	614	0	2	0	0	616
1732	648	0	1	0	0	649
1733	666	0	0	0	0	666
1734	2	631	0	0	0	633
1735	0	2	0	684	0	686
1736	1	1	709	4	0	715
1737	2	0	3	692	0	697
1738	0	0	702	2	0	704
1739	678	0	2	0	0	680
1740	701	0	0	0	0	701
1741	701	0	0	0	0	701
1742	2	0	737	0	0	739
1743	0	0	718	0	0	718
1744	0	0	2	770	0	772
1745	2	0	1	746	0	749
1746	1	0	1	767	0	769
1747	0	0	763	2	0	765
1748	0	1	671	0	0	672
1749	680	0	3	0	0	683
1750	2	0	0	771	0	773
1751	0	0	0	774	0	774
1752	780	0	0	2	0	782
1753	2	1	0	771	0	774
1754	789	0	0	2	0	791
1755	828	1	0	0	0	829
1756	797	0	0	0	0	797
1757	2	0	861	1	0	864
1758	0	824	2	2	0	828
1759	902	2	0	0	0	904
1760	2	0	0	886	0	888
1761	0	0	0	887	0	887
1762	0	860	3	3	0	866
1763	937	2	0	0	0	939
1764	907	0	0	1	0	908
1765	906	0	0	1	0	907
1766	2	887	2	0	0	891
1767	938	2	0	0	0	940
1768	934	1	0	0	0	935
1769	924	0	1	0	0	925
1770	2	0	0	902	0	904
1771	0	1	1	889	0	891
1772	0	1	954	3	0	958
1773	1	1	2	935	0	939
1774	1	0	0	964	0	965
1775	0	2	957	2	0	961
1776	921	0	2	2	0	925
1777	969	0	1	0	0	970
1778	2	0	0	961	0	963
1779	0	924	0	3	0	927
1780	1	915	1	0	0	917
1781	1	2	0	953	0	956
1782	5	0	903	2	0	910
1783	0	0	3	878	0	881
1784	0	0	889	2	0	891
1785	0	2	942	1	0	945
1786	0	0	2	980	0	982
1787	1002	0	0	3	0	1005
1788	959	0	1	0	0	960
1789	2	1	1	970	0	974
1790	2	1	0	963	0	966
1791	1	0	0	951	0	952
1792	0	1	0	906	0	907
1793	915	0	0	2	0	917
1794	898	0	0	2	0	900
1795	897	0	0	0	0	897
1796	4	1	893	0	0	898
1797	1	0	2	894	0	897
1798	0	0	1	910	0	911
1799	917	1	1	1	0	920
1800	3	828	0	1	0	832
1801	848	1	0	1	0	850
1802	822	0	0	2	0	824
1803	816	1	0	0	0	817
1804	818	0	1	0	0	819
1805	5	2	871	1	0	879
1806	1	3	803	0	0	807
1807	898	1	1	0	0	900
1808	901	0	0	0	0	901
1809	894	0	0	0	0	894
1810	952	0	0	0	0	952
1811	8	0	1061	2	0	1071
1812	1	1136	13	1	0	1151
1813	1	13	2	1206	0	1222
1814	1218	0	0	16	0	1234
1815	1238	0	0	2	0	1240
1816	1440	0	2	0	0	1442
1817	1502	1	2	1	0	1506
1818	1497	0	1	1	0	1499
1819	1507	0	1	1	0	1509
1820	31	5	1397	0	0	1433
1821	5	3	1436	0	0	1444
1822	4	3	26	1433	0	1466
1823	8	0	1434	26	0	1468
1824	10	1382	29	4	0	1425
1825	8	1472	5	1	0	1486
1826	7	29	5	1479	0	1520
1827	11	2	1453	28	0	1494
1828	10	2	1415	6	0	1433
1829	1361	1	30	2	0	1394
1830	1528	3	12	1	0	1544
1831	30	4	3	1488	0	1525
1832	1517	4	4	35	0	1560
1833	26	4	7	1507	0	1544
1834	9	5	7	1532	0	1553
1835	5	5	1481	37	0	1528
1836	8	0	1436	14	0	1458
1837	6	2	39	1412	0	1459
1838	10	2	1441	31	0	1484
1839	1378	0	29	12	0	1419
1840	1469	1	10	8	0	1488
1841	40	1487	7	10	0	1544
1842	1490	29	4	6	0	1529
1843	33	7	1470	7	0	1517
1844	1446	0	35	9	0	1490
1845	1491	0	15	4	0	1510
1846	1495	2	9	3	0	1509
1847	46	2	3	1399	0	1450
1848	13	1414	9	27	0	1463
1849	1465	30	5	9	0	1509
1850	1434	9	6	3	0	1452
1851	48	4	4	1392	0	1448
1852	1407	2	6	34	0	1449
1853	38	1492	8	9	0	1547
1854	19	37	2	1509	0	1567
1855	17	8	1428	36	0	1489
1856	1352	5	37	15	0	1409
1857	46	7	1400	7	0	1460
1858	19	8	32	1368	0	1427
1859	15	1364	12	38	0	1429
1860	10	1522	5	15	0	1552
1861	10	53	7	1493	0	1563
1862	16	1654	8	45	0	1723
1863	15	51	10	2008	0	2084
1864	10	20	9	2099	0	2138
1865	10	12	8	2087	0	2117
1866	2033	13	9	102	0	2157
1867	86	9	6	2074	0	2175
1868	33	9	1943	89	0	2074
1869	20	1986	74	35	0	2115
1870	2012	76	26	21	0	2135
1871	83	22	6	2010	0	2121
1872	37	12	5	2020	0	2074
1873	20	9	5	2067	0	2101
1874	19	5	1890	117	0	2031
1875	16	1940	83	39	0	2078
1876	1959	80	22	24	0	2085
1877	91	30	11	1804	0	1936
1878	26	1952	13	80	0	2071
1879	1976	80	13	40	0	2109
1880	83	26	1946	26	0	2081
1881	1943	12	94	19	0	2068
1882	94	19	1966	14	0	2093
1883	40	13	1953	16	0	2022
1884	23	1915	100	22	0	2060
1885	21	92	32	1848	0	1993
1886	22	24	1820	94	0	1960
1887	20	1794	85	38	0	1937
1888	23	81	32	1711	0	1847
1889	18	1770	30	76	0	1894
1890	11	75	1794	39	0	1919
1891	11	33	85	1822	0	1951
1892	11	21	1811	92	0	1935
1893	16	14	95	1827	0	1952
1894	12	18	27	1902	0	1959
1895	14	12	1784	119	0	1929
1896	6	17	91	1849	0	1963
1897	1752	15	30	100	0	1897
1898	88	1791	17	45	0	1941
1899	35	84	1774	40	0	1933
1900	1797	29	94	27	0	1947
1901	90	21	31	1717	0	1859
1902	36	1801	23	88	0	1948
1903	1822	82	18	43	0	1965
1904	1867	30	15	34	0	1946
1905	98	29	20	1728	0	1875
1906	35	18	17	1797	0	1867
1907	31	22	9	1837	0	1899
1908	17	12	17	1814	0	1860
1909	22	1708	18	122	0	1870
1910	26	82	8	1637	0	1753
1911	26	1501	13	87	0	1627
1912	14	1468	15	48	0	1545
1913	22	1460	20	37	0	1539
1914	24	93	1353	38	0	1508
1915	9	1456	71	41	0	1577
1916	1177	76	57	33	0	1343
1917	59	1196	18	38	0	1311
1918	23	69	13	1064	0	1169
1919	15	1202	11	82	0	1310
1920	23	71	15	1165	0	1274
1921	16	40	16	1261	0	1333
1922	19	21	1177	91	0	1308
1923	1161	30	65	45	0	1301
1924	1222	27	24	28	0	1301
1925	1161	22	25	24	0	1232
1926	84	1150	19	33	0	1286
1927	36	65	22	1161	0	1284
1928	18	28	1103	79	0	1228
1929	18	1137	75	40	0	1270
1930	23	65	31	926	0	1045
1931	19	1084	19	59	0	1181
1932	1085	80	14	28	0	1207
1933	1128	36	14	21	0	1199
1934	1140	21	23	25	0	1209
1935	1147	19	29	18	0	1213
1936	73	18	27	1093	0	1211
1937	25	18	32	1093	0	1168
1938	17	1073	26	74	0	1190
1939	10	60	15	1127	0	1212
1940	14	24	1063	80	0	1181
1941	13	28	59	1039	0	1139
1942	16	17	1012	78	0	1123
1943	13	1012	61	41	0	1127
1944	14	60	1020	29	0	1123
1945	16	23	70	1028	0	1137
1946	17	20	1022	70	0	1129
1947	20	18	61	1049	0	1148
1948	18	17	26	1083	0	1144
1949	16	12	25	1080	0	1133
1950	14	20	16	1088	0	1138
1951	1020	11	11	91	0	1133
1952	54	1037	11	47	0	1149
1953	935	53	17	31	0	1036
1954	66	26	893	25	0	1010
1955	927	20	44	35	0	1026
1956	963	24	19	24	0	1030
1957	73	20	894	23	0	1010
1958	54	15	897	21	0	987
1959	22	901	50	26	0	999
1960	11	830	14	26	0	881
1961	11	46	744	24	0	825
1962	9	609	33	21	0	672
1963	1	21	0	226	0	248
1964	216	0	0	9	0	225
1965	60	1	0	160	0	221
1966	169	0	0	0	0	169
1967	189	0	1	0	0	190
1968	1	197	0	0	0	198
1969	207	0	0	0	0	207
1970	207	0	1	0	0	208
1971	0	0	1	204	0	205
1972	210	1	0	0	0	211
1973	0	206	0	0	0	206
1974	0	0	1	208	0	209
1975	207	1	0	0	0	208
1976	0	0	196	1	0	197
1977	203	0	0	0	0	203
1978	0	0	0	211	0	211
1979	1	0	198	0	0	199
1980	1	0	196	0	0	197
1981	196	1	0	0	0	197
1982	254	0	0	0	0	254
1983	1	0	0	249	0	250
1984	0	0	0	252	0	252
1985	0	0	0	252	0	252
1986	0	245	0	1	0	246
1987	254	0	0	0	0	254
1988	1	246	0	0	0	247
1989	250	0	1	0	0	251
1990	1	1	232	0	0	234
1991	0	0	0	248	0	248
1992	254	0	1	0	0	255
1993	0	0	1	253	0	254
1994	1	0	0	251	0	252
1995	1	241	0	0	0	242
1996	252	0	0	1	0	253
1997	0	262	0	1	0	263
1998	0	1	0	265	0	266
1999	0	2	255	1	0	258
2000	212	0	1	1	0	214
2001	1	3	257	0	0	261
2002	238	0	1	1	0	240
2003	1	256	3	0	0	260
2004	2	2	0	260	0	264
2005	1	251	2	2	0	256
2006	262	2	0	2	0	266
2007	2	1	0	260	0	263
2008	1	1	0	269	0	271
2009	0	1	256	3	0	260
2010	229	1	2	2	0	234
2011	2	0	1	265	0	268
2012	1	0	259	3	0	263
2013	1	250	3	1	0	255
2014	1	2	2	220	0	225
2015	223	1	0	3	0	227
2016	2	0	1	221	0	224
2017	1	1	235	3	0	240
2018	257	1	1	1	0	260
2019	6	0	1	270	0	277
2020	1	0	323	7	0	331
2021	0	0	6	341	0	347
2022	1	0	0	325	0	326
2023	1	317	0	6	0	324
2024	320	7	1	2	0	330
2025	6	315	0	1	0	322
2026	315	7	0	0	0	322
2027	7	2	0	304	0	313
2028	2	315	0	6	0	323
2029	0	7	0	323	0	330
2030	1	1	259	7	0	268
2031	262	0	5	2	0	269
2032	7	0	1	271	0	279
2033	1	0	0	274	0	275
2034	0	0	1	282	0	283
2035	1	0	260	10	0	271
2036	0	0	261	2	0	263
2037	0	259	8	1	0	268
2038	0	6	1	272	0	279
2039	268	1	1	7	0	277
2040	7	263	2	1	0	273
2041	1	7	0	299	0	307
2042	270	1	0	8	0	279
2043	273	0	0	2	0	275
2044	8	267	1	1	0	277
2045	275	6	0	3	0	284
2046	345	3	0	0	0	348
2047	13	1	0	345	0	359
2048	5	351	1	13	0	370
2049	2	13	0	371	0	386
2050	366	6	0	15	0	387
2051	13	2	345	8	0	368
2052	8	2	14	405	0	429
2053	2	0	7	427	0	436
2054	2	1	399	21	0	423
2055	2	2	15	414	0	433
2056	406	1	6	19	0	432
2057	399	0	3	12	0	414
2058	23	1	4	411	0	439
2059	8	0	391	20	0	419
2060	2	3	375	11	0	391
2061	1	385	16	8	0	410
2062	5	412	9	5	0	431
2063	5	22	3	402	0	432
2064	401	7	2	20	0	430
2065	17	402	3	12	0	434
2066	396	15	4	6	0	421
2067	17	10	4	373	0	404
2068	9	4	3	383	0	399
2069	351	4	1	24	0	380
2070	20	352	2	13	0	387
2071	371	15	4	5	0	395
2072	18	8	353	6	0	385
2073	11	5	358	2	0	376
2074	3	3	22	351	0	379
2075	4	2	356	21	0	383
2076	5	3	363	10	0	381
2077	2	5	20	352	0	379
2078	5	4	359	17	0	385
2079	5	2	20	359	0	386
2080	4	1	8	370	0	383
2081	5	3	372	27	0	407
2082	2	5	18	348	0	373
2083	6	2	8	342	0	358
2084	3	345	7	21	0	376
2085	347	15	7	14	0	383
2086	16	8	340	13	0	377
2087	7	2	20	347	0	376
2088	7	2	11	360	0	380
2089	1	2	345	28	0	376
2090	336	2	21	13	0	372
2091	15	336	7	13	0	371
2092	11	13	8	340	0	372
2093	3	8	8	350	0	369
2094	5	340	3	26	0	374
2095	3	18	328	12	0	361
2096	3	338	13	10	0	364
2097	331	15	9	3	0	358
2098	16	10	323	2	0	351
2099	7	4	16	333	0	360
2100	3	2	331	19	0	355
2101	1	4	336	14	0	355
2102	5	320	21	5	0	351
2103	3	20	8	320	0	351
2104	324	8	3	17	0	352
2105	327	3	6	10	0	346
2106	16	317	4	11	0	348
2107	9	12	5	328	0	354
2108	321	12	9	14	0	356
2109	332	4	5	9	0	350
2110	21	323	5	6	0	355
2111	332	12	6	5	0	355
2112	14	7	6	320	0	347
2113	7	359	7	16	0	389
2114	4	15	8	375	0	402
2115	3	9	3	385	0	400
2116	6	4	3	392	0	405
2117	5	3	331	23	0	362
2118	7	6	314	11	0	338
2119	3	311	21	5	0	340
2120	251	12	16	7	0	286
2121	13	249	1	9	0	272
2122	7	12	3	254	0	276
2123	9	6	240	12	0	267
2124	4	4	11	245	0	264
2125	4	4	8	247	0	263
2126	4	3	2	263	0	272
2127	249	5	3	17	0	274
2128	13	2	0	259	0	274
2129	5	6	268	14	0	293
2130	269	3	12	10	0	294
2131	273	2	9	10	0	294
2132	281	5	4	6	0	296
2133	282	4	4	6	0	296
2134	287	3	4	7	0	301
2135	15	262	7	6	0	290
2136	6	9	7	262	0	284
2137	5	284	4	15	0	308
2138	290	12	3	7	0	312
2139	292	5	2	5	0	304
2140	290	5	3	5	0	303
2141	17	255	2	6	0	280
2142	10	261	2	4	0	277
2143	5	256	2	4	0	267
2144	8	16	240	2	0	266
2145	9	55	7	197	0	268
2146	5	178	3	4	0	190
2147	0	144	0	0	0	144
2148	0	0	0	147	0	147
2149	0	0	0	145	0	145
2150	0	0	143	0	0	143
2151	132	0	0	0	0	132
2152	0	0	0	107	0	107
2153	0	0	0	107	0	107
2154	0	0	104	0	0	104
2155	0	0	98	0	0	98
2156	0	106	0	0	0	106
2157	0	0	0	107	0	107
2158	0	0	0	105	0	105
2159	0	0	104	0	0	104
2160	97	0	0	0	0	97
2161	105	0	1	0	0	106
2162	0	0	101	0	0	101
2163	97	0	0	0	0	97
2164	0	0	96	0	0	96
2165	103	0	0	0	0	103
2166	106	0	0	0	0	106
2167	0	1	145	0	0	146
2168	0	0	0	144	0	144
2169	0	0	0	150	0	150
2170	0	0	0	153	0	153
2171	153	0	0	0	0	153
2172	152	0	0	0	0	152
2173	0	0	169	0	0	169
2174	0	1	152	0	0	153
2175	163	0	0	0	0	163
2176	170	0	0	0	0	170
2177	0	0	168	0	0	168
2178	2	0	162	0	0	164
2179	0	0	0	163	0	163
2180	0	0	171	0	0	171
2181	0	0	0	148	0	148
2182	169	0	0	0	0	169
2183	0	0	219	0	0	219
2184	206	0	0	0	0	206
2185	0	0	330	0	0	330
2186	0	0	2	326	0	328
2187	0	0	0	336	0	336
2188	0	0	0	340	0	340
2189	0	324	0	3	0	327
2190	0	3	0	337	0	340
2191	0	0	0	338	0	338
2192	340	0	0	3	0	343
2193	3	0	328	0	0	331
2194	308	0	3	0	0	311
2195	3	0	333	0	0	336
2196	293	0	3	0	0	296
2197	3	306	1	0	0	310
2198	0	3	326	0	0	329
2199	0	0	322	0	0	322
2200	0	0	3	305	0	308
2201	0	0	0	334	0	334
2202	0	0	329	3	0	332
2203	0	0	310	0	0	310
2204	0	0	313	0	0	313
2205	422	0	3	0	0	425
2206	433	0	0	0	0	433
2207	427	0	0	0	0	427
2208	3	0	0	430	0	433
2209	0	0	0	434	0	434
2210	0	0	434	3	0	437
2211	0	0	3	420	0	423
2212	0	0	0	471	0	471
2213	436	0	0	5	0	441
2214	427	1	0	1	0	429
2215	431	1	0	1	0	433
2216	4	0	0	432	0	436
2217	1	0	1	439	0	441
2218	2	0	1	439	0	442
2219	439	1	1	3	0	444
2220	4	0	1	421	0	426
2221	1	401	1	5	0	408
2222	1	4	0	431	0	436
2223	0	423	1	3	0	427
2224	433	3	2	1	0	439
2225	418	0	1	1	0	420
2226	3	407	0	2	0	412
2227	0	430	2	1	0	433
2228	1	3	2	433	0	439
2229	0	0	413	3	0	416
2230	2	0	4	393	0	399
2231	3	1	405	3	0	412
2232	2	381	7	0	0	390
2233	0	3	1	407	0	411
2234	0	0	0	417	0	417
2235	0	0	406	5	0	411
2236	0	0	3	406	0	409
2237	0	0	391	5	0	396
2238	358	0	30	1	0	389
2239	406	0	0	0	0	406
2240	403	0	0	0	0	403
2241	5	0	0	395	0	400
2242	0	0	0	403	0	403
2243	0	0	422	6	0	428
2244	1	0	3	407	0	411
2245	1	405	1	3	0	410
2246	0	3	423	2	0	428
2247	1	1	408	1	0	411
2248	1	1	3	385	0	390
2249	3	1	412	3	0	419
2250	2	0	396	1	0	399
2251	350	1	3	2	0	356
2252	2	565	1	1	0	569
2253	615	4	0	1	0	620
2254	616	0	1	2	0	619
2255	617	1	1	1	0	620
2256	3	0	1	601	0	605
2257	0	2	1	613	0	616
2258	1	0	607	4	0	612
2259	2	0	1	590	0	593
2260	0	587	3	4	0	594
2261	612	4	1	1	0	618
2262	2	588	1	2	0	593
2263	1	599	2	0	0	602
2264	1	5	0	609	0	615
2265	3	0	608	3	0	614
2266	1	1	3	607	0	612
2267	0	0	584	6	0	590
2268	0	555	4	2	0	561
2269	601	3	2	0	0	606
2270	597	1	0	2	0	600
2271	597	1	2	0	0	600
2272	4	0	577	0	0	581
2273	1	1	517	1	0	520
2274	576	0	3	1	0	580
2275	607	0	1	1	0	609
2276	610	0	1	1	0	612
2277	3	1	1	589	0	594
2278	2	1	0	605	0	608
2279	607	1	0	3	0	611
2280	600	0	2	0	0	602
2281	4	0	603	1	0	608
2282	0	0	560	1	0	561
2283	532	0	3	1	0	536
2284	2	0	541	1	0	544
2285	426	1	0	0	0	427
2286	0	0	428	0	0	428
2287	0	0	0	419	0	419
2288	0	0	450	0	0	450
2289	0	0	0	448	0	448
2290	0	0	0	464	0	464
2291	0	436	0	0	0	436
2292	462	0	0	0	0	462
2293	0	0	458	0	0	458
2294	447	0	0	0	0	447
2295	0	458	0	1	0	459
2296	488	0	0	0	0	488
2297	0	0	0	481	0	481
2298	0	0	0	480	0	480
2299	0	472	0	1	0	473
2300	0	0	0	535	0	535
2301	0	0	0	527	0	527
2302	0	0	0	536	0	536
2303	523	0	0	2	0	525
2304	509	0	0	0	0	509
2305	2	0	441	0	0	443
2306	0	437	2	0	0	439
2307	0	2	0	459	0	461
2308	0	1	0	465	0	466
2309	0	0	462	2	0	464
2310	0	0	2	457	0	459
2311	462	0	0	2	0	464
2312	426	0	0	1	0	427
2313	427	0	0	0	0	427
2314	2	0	0	446	0	448
2315	478	0	0	2	0	480
2316	481	0	0	0	0	481
2317	474	0	0	0	0	474
2318	2	0	0	477	0	479
2319	0	0	0	475	0	475
2320	0	0	0	483	0	483
2321	2	0	0	474	0	476
2322	1	0	0	473	0	474
2323	0	1	461	2	0	464
2324	0	1	460	0	0	461
2325	0	446	2	1	0	449
2326	0	2	0	511	0	513
2327	0	0	1	505	0	506
2328	0	0	0	519	0	519
2329	1	0	509	2	0	512
2330	0	0	2	497	0	499
2331	2	0	510	2	0	514
2332	0	0	2	510	0	512
2333	1	0	541	2	0	544
2334	0	506	3	2	0	511
2335	1	2	0	551	0	554
2336	2	0	528	3	0	533
2337	461	0	3	2	0	466
2338	2	545	0	2	0	549
2339	0	2	0	568	0	570
2340	0	547	2	4	0	553
2341	0	2	0	572	0	574
2342	612	0	0	3	0	615
2343	3	1	0	574	0	578
2344	0	579	0	5	0	584
2345	592	3	0	1	0	596
2346	3	0	0	584	0	587
2347	0	0	1	636	0	637
2348	688	0	0	5	0	693
2349	8	0	1	800	0	809
2350	1	0	0	1134	0	1135
2351	5	1	1109	21	0	1136
2352	3	1	979	10	0	993
2353	0	0	28	977	0	1005
2354	0	2	1013	20	0	1035
2355	5	0	1008	11	0	1024
2356	983	1	24	4	0	1012
2357	20	0	993	4	0	1017
2358	11	995	22	5	0	1033
2359	3	18	14	1000	0	1035
2360	1023	10	5	20	0	1058
2361	1046	2	4	13	0	1065
2362	1035	2	5	2	0	1044
2363	30	1021	3	4	0	1058
2364	14	20	1	1011	0	1046
2365	6	10	3	1056	0	1075
2366	996	5	2	27	0	1030
2367	1026	1	2	15	0	1044
2368	1035	2	4	5	0	1046
2369	33	5	1073	3	0	1114
2370	16	1102	25	2	0	1145
2371	6	1310	12	3	0	1331
2372	4	37	4	1296	0	1341
2373	2	18	3	1349	0	1372
2374	5	7	1282	48	0	1342
2375	1264	2	35	22	0	1323
2376	1308	3	15	7	0	1333
2377	48	2	9	1294	0	1353
2378	23	3	5	1316	0	1347
2379	10	3	5	1345	0	1363
2380	1312	1	2	57	0	1372
2381	36	3	1281	25	0	1345
2382	18	4	1298	12	0	1332
2383	11	0	47	1292	0	1350
2384	10	2	1269	38	0	1319
2385	1271	2	40	20	0	1333
2386	1308	1	18	10	0	1337
2387	1315	2	12	10	0	1339
2388	53	1243	6	8	0	1310
2389	1256	31	10	5	0	1302
2390	43	17	4	1230	0	1294
2391	23	8	1	1277	0	1309
2392	9	2	7	1302	0	1320
2393	9	2	1261	59	0	1331
2394	8	4	35	1238	0	1285
2395	8	1273	17	41	0	1339
2396	1264	35	12	21	0	1332
2397	37	1316	7	16	0	1376
2398	18	40	1272	13	0	1343
2399	11	1317	32	9	0	1369
2400	1256	38	18	11	0	1323
2401	35	1274	14	13	0	1336
2402	23	40	8	1102	0	1173
2403	8	1273	11	31	0	1323
2404	1274	38	7	17	0	1336
2405	1284	22	9	14	0	1329
2406	1279	9	11	7	0	1306
2407	55	9	1268	9	0	1341
2408	34	7	1261	4	0	1306
2409	20	10	1277	5	0	1312
2410	1270	9	52	10	0	1341
2411	44	5	24	1259	0	1332
2412	26	9	12	1284	0	1331
2413	18	3	1243	52	0	1316
2414	14	9	31	1258	0	1312
2415	1204	4	28	46	0	1282
2416	36	1193	15	29	0	1273
2417	1231	33	11	21	0	1296
2418	51	20	1203	9	0	1283
2419	1232	13	36	11	0	1292
2420	1254	5	23	8	0	1290
2421	1259	11	17	4	0	1291
2422	59	9	1205	11	0	1284
2423	30	5	37	1217	0	1289
2424	23	7	1203	40	0	1273
2425	21	4	39	1237	0	1301
2426	19	4	1197	41	0	1261
2427	17	9	42	1212	0	1280
2428	17	3	25	1251	0	1296
2429	1213	6	12	61	0	1292
2430	1234	2	13	32	0	1281
2431	1247	3	8	23	0	1281
2432	61	5	15	1161	0	1242
2433	29	1118	11	46	0	1204
2434	20	1199	10	24	0	1253
2435	1188	47	10	21	0	1266
2436	43	29	1150	16	0	1238
2437	1201	10	38	10	0	1259
2438	49	10	1232	14	0	1305
2439	1281	8	43	8	0	1340
2440	1278	9	24	11	0	1322
2441	62	4	1285	11	0	1362
2442	1256	7	39	13	0	1315
2443	1264	3	21	14	0	1302
2444	1285	3	14	10	0	1312
2445	63	1309	10	11	0	1393
2446	31	48	13	1316	0	1408
2447	21	21	1307	37	0	1386
2448	21	8	1255	18	0	1302
2449	10	1136	43	11	0	1200
2450	12	840	12	9	0	873
2451	49	18	9	791	0	867
2452	791	9	8	14	0	822
2453	18	775	5	13	0	811
2454	12	16	5	758	0	791
2455	6	756	1	14	0	777
2456	780	21	2	6	0	809
2457	19	7	4	793	0	823
2458	12	8	780	16	0	816
2459	10	778	16	11	0	815
2460	7	794	7	6	0	814
2461	6	20	10	745	0	781
2462	5	773	2	17	0	797
2463	3	16	5	772	0	796
2464	763	13	1	20	0	797
2465	767	9	4	6	0	786
2466	774	6	0	9	0	789
2467	786	4	3	5	0	798
2468	26	4	757	4	0	791
2469	11	640	11	4	0	666
2470	8	617	5	1	0	631
2471	2	491	1	0	0	494
2472	1	465	1	1	0	468
2473	481	2	1	0	0	484
2474	467	0	0	1	0	468
2475	474	0	0	0	0	474
2476	469	0	0	0	0	469
2477	1	4	473	1	0	479
2478	548	0	1	0	0	549
2479	571	0	0	0	0	571
2480	569	0	0	0	0	569
2481	1	0	0	560	0	561
2482	0	0	0	569	0	569
2483	577	0	0	1	0	578
2484	2	0	0	569	0	571
2485	0	545	0	1	0	546
2486	0	0	0	571	0	571
2487	0	0	0	573	0	573
2488	0	540	0	1	0	541
2489	0	1	0	568	0	569
2490	0	0	0	570	0	570
2491	566	0	0	1	0	567
2492	2	0	513	1	0	516
2493	486	0	1	0	0	487
2494	1	0	471	0	0	472
2495	0	0	469	0	0	469
2496	0	2	478	0	0	480
2497	449	0	1	0	0	450
2498	1	0	486	0	0	487
2499	480	0	1	0	0	481
2500	490	0	0	0	0	490
2501	492	0	0	0	0	492
2502	1	478	0	0	0	479
2503	493	1	0	0	0	494
2504	1	487	0	0	0	488
2505	0	1	0	488	0	489
2506	0	0	0	493	0	493
2507	1	481	0	0	0	482
2508	0	474	0	1	0	475
2509	0	487	1	1	0	489
2510	491	2	0	0	0	493
2511	1	479	0	0	0	480
2512	494	1	0	1	0	496
2513	1	2	432	0	0	435
2514	470	0	2	1	0	473
2515	481	0	0	0	0	481
2516	2	1	462	0	0	465
2517	1	0	1	465	0	467
2518	0	0	476	1	0	477
2519	0	0	2	470	0	472
2520	0	1	0	481	0	482
2521	482	1	0	3	0	486
2522	480	1	0	0	0	481
2523	1	460	1	2	0	464
2524	484	1	0	0	0	485
2525	2	1	440	0	0	443
2526	451	1	1	1	0	454
2527	1	1	505	0	0	507
2528	1	2	475	0	0	478
2529	499	0	1	0	0	500
2530	523	0	0	0	0	523
2531	2	0	516	1	0	519
2532	0	0	2	483	0	485
2533	1	0	0	519	0	520
2534	2	0	511	1	0	514
2535	1	0	1	505	0	507
2536	0	522	3	4	0	529
2537	1	1	0	605	0	607
2538	2	0	0	510	0	512
2539	2	1	500	2	0	505
2540	462	1	2	1	0	466
2541	469	0	1	2	0	472
2542	469	0	0	1	0	470
2543	469	1	1	0	0	471
2544	3	448	0	2	0	453
2545	0	1	1	395	0	397
2546	1	0	386	2	0	389
2547	1	0	342	0	0	343
2548	2	0	1	349	0	352
2549	0	1	342	1	0	344
2550	350	0	2	1	0	353
2551	2	0	1	350	0	353
2552	2	1	0	346	0	349
2553	0	1	1	355	0	357
2554	353	0	0	2	0	355
2555	3	342	1	0	0	346
2556	303	1	1	0	0	305
2557	264	1	0	45	0	310
2558	1	304	1	0	0	306
2559	0	308	1	0	0	309
2560	311	1	1	1	0	314
2561	2	0	0	338	0	340
2562	0	1	1	334	0	336
2563	384	0	0	1	0	385
2564	4	4	370	0	0	378
2565	415	0	2	0	0	417
2566	419	2	1	1	0	423
2567	4	416	0	0	0	420
2568	454	3	0	1	0	458
2569	433	3	0	1	0	437
2570	3	519	1	0	0	523
2571	1	563	0	1	0	565
2572	1	4	0	576	0	581
2573	590	4	1	3	0	598
2574	4	592	0	3	0	599
2575	5	3	0	644	0	652
2576	644	4	0	4	0	652
2577	5	2	584	3	0	594
2578	4	0	4	543	0	551
2579	3	1	539	4	0	547
2580	515	2	6	4	0	527
2581	537	1	3	3	0	544
2582	8	1	527	1	0	537
2583	5	526	5	2	0	538
2584	3	5	3	616	0	627
2585	0	4	612	5	0	621
2586	1	1	6	598	0	606
2587	2	0	4	623	0	629
2588	0	0	615	8	0	623
2589	573	0	6	8	0	587
2590	606	0	4	2	0	612
2591	9	0	636	0	0	645
2592	5	641	6	0	0	652
2593	2	6	4	616	0	628
2594	0	649	3	4	0	656
2595	0	651	2	3	0	656
2596	647	7	1	5	0	660
2597	5	6	1	647	0	659
2598	6	3	0	631	0	640
2599	3	0	619	8	0	630
2600	3	2	607	5	0	617
2601	1	2	9	610	0	622
2602	0	1	6	642	0	649
2603	1	2	628	8	0	639
2604	1	3	619	5	0	628
2605	1	2	7	630	0	640
2606	631	1	6	5	0	643
2607	4	739	3	7	0	753
2608	739	7	1	7	0	754
2609	9	771	4	2	0	786
2610	10	768	3	3	0	784
2611	785	17	1	3	0	806
2612	8	10	780	1	0	799
2613	11	5	7	775	0	798
2614	4	2	12	808	0	826
2615	5	2	6	945	0	958
2616	1	2	919	25	0	947
2617	4	3	12	939	0	958
2618	935	4	9	17	0	965
2619	15	4	6	904	0	929
2620	14	4	1	953	0	972
2621	935	3	3	27	0	968
2622	888	2	3	18	0	911
2623	23	881	4	12	0	920
2624	17	14	912	6	0	949
2625	9	12	912	4	0	937
2626	8	6	917	6	0	937
2627	6	849	32	3	0	890
2628	3	16	18	853	0	890
2629	3	12	9	897	0	921
2630	875	5	5	25	0	910
2631	18	3	2	898	0	921
2632	15	6	887	23	0	931
2633	7	2	21	907	0	937
2634	6	6	14	917	0	943
2635	3	1	883	32	0	919
2636	2	837	19	20	0	878
2637	2	20	14	717	0	753
2638	2	817	9	23	0	851
2639	5	24	805	13	0	847
2640	818	11	21	7	0	857
2641	833	8	13	7	0	861
2642	843	2	12	9	0	866
2643	32	4	5	797	0	838
2644	17	813	7	21	0	858
2645	821	21	4	15	0	861
2646	826	15	6	10	0	857
2647	840	8	2	7	0	857
2648	36	3	807	5	0	851
2649	810	4	21	6	0	841
2650	24	808	14	7	0	853
2651	823	18	9	3	0	853
2652	27	821	1	9	0	858
2653	837	22	4	6	0	869
2654	25	17	857	3	0	902
2655	862	11	19	4	0	896
2656	888	3	12	6	0	909
2657	860	4	10	4	0	878
2658	889	4	3	5	0	901
2659	35	3	844	7	0	889
2660	22	6	14	866	0	908
2661	832	3	15	18	0	868
2662	23	836	11	14	0	884
2663	15	15	6	809	0	845
2664	10	10	782	22	0	824
2665	4	7	15	765	0	791
2666	7	3	738	24	0	772
2667	5	730	20	14	0	769
2668	5	716	8	12	0	741
2669	13	734	8	2	0	757
2670	0	22	44	567	0	633
2671	2	10	4	574	0	590
2672	0	4	563	22	0	589
2673	3	537	13	11	0	564
2674	481	58	8	5	0	552
2675	12	485	4	6	0	507
2676	9	501	3	3	0	516
2677	4	18	4	500	0	526
2678	500	11	3	15	0	529
2679	503	5	2	12	0	522
2680	19	4	1	503	0	527
2681	513	1	2	16	0	532
2682	16	0	3	508	0	527
2683	13	3	485	15	0	516
2684	439	4	11	11	0	465
2685	13	3	7	440	0	463
2686	11	1	434	12	0	458
2687	4	4	423	12	0	443
2688	7	1	18	433	0	459
2689	435	3	9	18	0	465
2690	424	2	7	11	0	444
2691	20	397	2	7	0	426
2692	435	12	2	5	0	454
2693	425	8	4	4	0	441
2694	432	4	5	3	0	444
2695	23	421	2	5	0	451
2696	432	15	3	1	0	451
2697	438	9	2	0	0	449
2698	20	9	1	425	0	455
2699	417	2	2	15	0	436
2700	20	413	3	8	0	444
2701	14	432	2	5	0	453
2702	10	20	2	419	0	451
2703	7	10	1	422	0	440
2704	7	421	1	22	0	451
2705	407	13	6	10	0	436
2706	16	427	2	6	0	451
2707	307	9	0	2	0	318
2708	13	343	3	2	0	361
2709	5	9	1	328	0	343
2710	4	376	2	11	0	393
2711	339	14	40	3	0	396
2712	387	2	2	2	0	393
2713	388	8	0	1	0	397
2714	14	2	360	2	0	378
2715	2	0	248	0	0	250
2716	3	256	4	1	0	264
2717	2	4	254	0	0	260
2718	3	0	251	0	0	254
2719	0	1	5	240	0	246
2720	1	0	261	5	0	267
2721	1	253	5	1	0	260
2722	258	5	1	1	0	265
2723	3	255	2	1	0	261
2724	0	247	1	1	0	249
2725	252	4	1	1	0	258
2726	234	0	0	0	0	234
2727	4	228	1	0	0	233
2728	240	4	0	0	0	244
2729	237	0	0	0	0	237
2730	241	0	0	0	0	241
2731	4	0	220	0	0	224
2732	0	1	197	0	0	198
2733	0	0	2	201	0	203
2734	0	0	0	207	0	207
2735	215	0	0	2	0	217
2736	2	210	0	0	0	212
2737	0	1	0	212	0	213
2738	0	0	0	214	0	214
2739	0	0	0	211	0	211
2740	0	0	0	209	0	209
2741	0	0	206	2	0	208
2742	0	0	197	0	0	197
2743	0	0	2	205	0	207
2744	0	0	208	2	0	210
2745	192	0	3	0	0	195
2746	2	0	0	211	0	213
2747	0	0	205	2	0	207
2748	178	0	2	0	0	180
2749	2	206	1	1	0	210
2750	208	2	0	0	0	210
2751	2	198	1	0	0	201
2752	0	2	0	209	0	211
2753	0	0	204	2	0	206
2754	0	0	2	154	0	156
2755	0	0	153	2	0	155
2756	156	0	2	0	0	158
2757	2	0	0	163	0	165
2758	163	0	0	2	0	165
2759	2	0	154	0	0	156
2760	149	0	2	0	0	151
2761	159	0	0	0	0	159
2762	2	0	157	0	0	159
2763	0	0	2	152	0	154
2764	0	0	157	2	0	159
2765	0	156	2	0	0	158
2766	178	2	0	0	0	180
2767	177	0	0	0	0	177
2768	2	0	175	0	0	177
2769	0	0	170	0	0	170
2770	0	0	2	164	0	166
2771	0	0	0	174	0	174
2772	176	0	0	2	0	178
2773	2	169	0	0	0	171
2774	177	2	0	0	0	179
2775	178	0	0	0	0	178
2776	2	0	171	0	0	173
2777	155	1	2	0	0	158
2778	2	1	173	0	0	176
2779	0	1	2	172	0	175
2780	1	0	209	2	0	212
2781	1	0	2	201	0	204
2782	1	0	212	2	0	215
2783	206	0	2	0	0	208
2784	214	0	1	0	0	215
2785	2	1	0	210	0	213
2786	214	0	1	2	0	217
2787	2	0	1	213	0	216
2788	0	203	0	3	0	206
2789	216	2	1	0	0	219
2790	2	207	0	1	0	210
2791	1	2	0	216	0	219
2792	0	1	0	194	0	195
2793	0	1	0	191	0	192
2794	1	0	0	193	0	194
2795	0	0	190	2	0	192
2796	161	1	2	0	0	164
2797	192	0	0	0	0	192
2798	3	188	0	0	0	191
2799	1	2	0	193	0	196
2800	0	0	1	192	0	193
2801	0	0	190	2	0	192
2802	179	0	2	1	0	182
2803	2	0	0	190	0	192
2804	2	1	188	2	0	193
2805	180	0	2	0	0	182
2806	186	0	0	0	0	186
2807	190	0	0	1	0	191
2808	2	0	153	1	0	156
2809	0	0	126	0	0	126
2810	101	0	0	0	0	101
2811	0	0	0	105	0	105
2812	0	0	0	119	0	119
2813	0	0	119	1	0	120
2814	82	0	0	0	0	82
2815	0	0	0	137	0	137
2816	138	0	0	1	0	139
2817	137	0	0	0	0	137
2818	136	0	0	0	0	136
2819	1	0	137	0	0	138
2820	0	0	0	133	0	133
2821	138	0	0	1	0	139
2822	1	133	0	0	0	134
2823	0	1	0	136	0	137
2824	0	0	0	137	0	137
2825	137	0	0	1	0	138
2826	136	0	0	0	0	136
2827	1	0	0	138	0	139
2828	0	0	135	1	0	136
2829	134	0	1	0	0	135
2830	1	0	135	0	0	136
2831	138	0	1	0	0	139
2832	137	0	0	0	0	137
2833	1	0	135	0	0	136
2834	0	0	1	131	0	132
2835	0	0	145	1	0	146
2836	0	170	0	0	0	170
2837	0	1	0	166	0	167
2838	0	170	1	1	0	172
2839	0	1	0	177	0	178
2840	0	0	180	1	0	181
2841	0	180	1	0	0	181
2842	0	189	1	1	0	191
2843	2	2	0	192	0	196
2844	221	1	0	1	0	223
2845	2	0	0	261	0	263
2846	261	0	2	3	0	266
2847	3	255	0	2	0	260
2848	366	3	0	0	0	369
2849	5	2	395	1	0	403
2850	3	0	7	385	0	395
2851	2	0	3	401	0	406
2852	1	1	390	9	0	401
2853	378	0	6	5	0	389
2854	387	0	3	4	0	394
2855	10	393	3	0	0	406
2856	6	8	0	347	0	361
2857	3	379	0	3	0	385
2858	1	9	385	2	0	397
2859	2	3	393	3	0	401
2860	0	2	9	392	0	403
2861	394	0	6	7	0	407
2862	6	385	3	5	0	399
2863	404	8	1	1	0	414
2864	9	2	390	1	0	402
2865	392	3	7	1	0	403
2866	385	2	3	1	0	391
2867	9	1	379	1	0	390
2868	5	3	8	364	0	380
2869	383	1	4	9	0	397
2870	383	0	4	4	0	391
2871	380	2	0	3	0	385
2872	13	1	0	379	0	393
2873	5	1	375	8	0	389
2874	374	2	6	3	0	385
2875	11	0	366	3	0	380
2876	5	1	11	366	0	383
2877	3	1	3	354	0	361
2878	1	370	2	8	0	381
2879	1	8	369	4	0	382
2880	4	333	7	3	0	347
2881	2	341	4	3	0	350
2882	1	11	5	339	0	356
2883	2	3	342	11	0	358
2884	2	4	9	344	0	359
2885	1	2	338	11	0	352
2886	3	1	11	339	0	354
2887	2	3	4	350	0	359
2888	3	1	335	12	0	351
2889	0	5	9	340	0	354
2890	3	3	336	12	0	354
2891	2	2	332	6	0	342
2892	6	323	13	4	0	346
2893	341	9	5	4	0	359
2894	10	3	342	2	0	357
2895	324	7	7	5	0	343
2896	15	1	7	339	0	362
2897	7	3	326	9	0	345
2898	6	327	9	13	0	355
2899	3	8	8	334	0	353
2900	3	6	337	10	0	356
2901	7	7	7	316	0	337
2902	6	330	8	11	0	355
2903	342	10	7	5	0	364
2904	13	6	1	340	0	360
2905	343	5	4	11	0	363
2906	343	4	5	4	0	356
2907	341	3	3	7	0	354
2908	353	4	5	3	0	365
2909	336	4	3	5	0	348
2910	16	318	3	6	0	343
2911	8	12	6	326	0	352
2912	7	3	5	321	0	336
2913	6	5	4	325	0	340
2914	7	2	299	16	0	324
2915	3	268	12	9	0	292
2916	304	9	5	8	0	326
2917	302	4	7	4	0	317
2918	15	292	5	2	0	314
2919	8	306	3	7	0	324
2920	307	14	3	3	0	327
2921	11	8	299	4	0	322
2922	9	5	10	305	0	329
2923	304	2	10	13	0	329
2924	9	3	7	287	0	306
2925	9	299	3	14	0	325
2926	4	10	6	307	0	327
2927	1	7	304	15	0	327
2928	287	7	11	9	0	314
2929	306	5	9	8	0	328
2930	13	4	11	298	0	326
2931	11	3	1	342	0	357
2932	326	4	7	14	0	351
2933	14	316	5	11	0	346
2934	8	11	5	324	0	348
2935	6	6	4	327	0	343
2936	283	5	3	16	0	307
2937	13	282	3	11	0	309
2938	315	10	2	9	0	336
2939	13	310	5	2	0	330
2940	7	316	3	7	0	333
2941	325	13	6	4	0	348
2942	16	333	4	2	0	355
2943	8	16	2	342	0	368
2944	7	6	305	16	0	334
2945	1	7	266	9	0	283
2946	2	3	271	9	0	285
2947	7	257	20	1	0	285
2948	148	8	22	0	0	178
2949	7	2	1	127	0	137
2950	3	2	0	138	0	143
2951	2	1	127	11	0	141
2952	134	0	7	6	0	147
2953	6	1	5	137	0	149
2954	3	0	4	142	0	149
2955	2	0	1	145	0	148
2956	136	1	0	12	0	149
2957	7	1	124	6	0	138
2958	136	0	5	3	0	144
2959	8	0	4	136	0	148
2960	3	1	138	6	0	148
2961	139	0	6	4	0	149
2962	6	1	135	3	0	145
2963	3	0	8	135	0	146
2964	3	0	135	8	0	146
2965	1	0	145	3	0	149
2966	137	0	10	2	0	149
2967	8	1	137	1	0	147
2968	4	0	9	134	0	147
2969	138	0	4	8	0	150
2970	7	1	4	137	0	149
2971	3	0	137	10	0	150
2972	2	0	135	3	0	140
2973	0	128	10	3	0	141
2974	2	6	6	128	0	142
2975	133	4	3	8	0	148
2976	8	129	1	5	0	143
2977	137	6	2	4	0	149
2978	11	3	0	137	0	151
2979	136	2	2	9	0	149
2980	8	130	2	4	0	144
2981	4	7	1	133	0	145
2982	133	4	1	7	0	145
2983	7	135	1	6	0	149
2984	5	7	1	131	0	144
2985	4	4	2	139	0	149
2986	138	2	1	10	0	151
2987	8	0	1	143	0	152
2988	4	1	3	139	0	147
2989	4	1	1	144	0	150
2990	1	0	147	13	0	161
2991	146	2	8	6	0	162
2992	8	0	3	205	0	216
2993	3	1	204	10	0	218
2994	205	0	7	7	0	219
2995	10	0	202	5	0	217
2996	4	1	11	197	0	213
2997	6	186	4	8	0	204
2998	1	7	6	208	0	222
2999	2	4	203	11	0	220
3000	1	6	198	6	0	211
3001	1	2	11	207	0	221
3002	4	1	205	9	0	219
3003	204	1	12	3	0	220
3004	7	1	203	7	0	218
3005	5	0	12	198	0	215
3006	5	2	5	210	0	222
3007	1	0	6	210	0	217
3008	204	2	4	14	0	224
3009	204	1	3	9	0	217
3010	213	1	2	7	0	223
3011	17	1	2	204	0	224
3012	10	0	1	214	0	225
3013	7	0	189	12	0	208
3014	3	0	199	11	0	213
3015	1	194	13	10	0	218
3016	1	5	6	164	0	176
3017	4	1	3	155	0	163
3018	2	165	2	7	0	176
3019	167	5	1	5	0	178
3020	6	159	2	7	0	174
3021	169	8	3	2	0	182
3022	10	3	2	166	0	181
3023	168	5	4	5	0	182
3024	8	2	0	169	0	179
3025	3	1	160	10	0	174
3026	4	1	7	171	0	183
3027	167	2	4	8	0	181
3028	6	1	6	167	0	180
3029	5	1	1	176	0	183
3030	4	0	197	9	0	210
3031	3	0	5	191	0	199
3032	2	0	2	191	0	195
3033	0	183	4	14	0	201
3034	1	6	4	189	0	200
3035	3	2	1	195	0	201
3036	4	4	1	188	0	197
3037	1	187	1	13	0	202
3038	4	5	1	160	0	170
3039	148	3	5	11	0	167
3040	8	151	3	7	0	169
3041	1	111	2	4	0	118
3042	2	112	2	4	0	120
3043	3	3	3	110	0	119
3044	3	110	3	2	0	118
3045	2	61	4	56	0	123
3046	114	2	1	6	0	123
3047	1	3	110	5	0	119
3048	108	2	3	4	0	117
3049	4	0	5	116	0	125
3050	2	0	115	4	0	121
3051	113	1	6	2	0	122
3052	3	0	114	5	0	122
3053	2	0	114	3	0	119
3054	113	0	7	2	0	122
3055	2	0	3	119	0	124
3056	0	1	117	6	0	124
3057	117	0	1	5	0	123
3058	117	0	1	5	0	123
3059	6	1	111	2	0	120
3060	119	0	2	4	0	125
3061	118	1	1	5	0	125
3062	6	0	114	3	0	123
3063	115	0	5	3	0	123
3064	120	2	3	2	0	127
3065	2	2	114	4	0	122
3066	2	1	115	5	0	123
3067	3	3	3	114	0	123
3068	3	1	116	2	0	122
3069	115	4	4	3	0	126
3070	4	2	2	115	0	123
3071	4	1	3	116	0	124
3072	5	2	113	4	0	124
3073	4	0	1	118	0	123
3074	1	1	114	7	0	123
3075	114	0	5	6	0	125
3076	115	0	2	7	0	124
3077	5	0	111	5	0	121
3078	116	1	2	6	0	125
3079	117	0	2	5	0	124
3080	3	0	113	6	0	122
3081	116	1	3	5	0	125
3082	115	3	2	3	0	123
3083	2	4	110	5	0	121
3084	111	0	3	6	0	120
3085	4	1	111	4	0	120
3086	1	4	2	113	0	120
3087	4	2	1	115	0	122
3088	3	2	2	114	0	121
3089	4	3	111	5	0	123
3090	89	1	0	6	0	96
3091	3	1	94	3	0	101
3092	0	40	0	0	0	40
3093	0	42	0	0	0	42
3094	39	0	0	0	0	39
3095	0	0	0	41	0	41
3096	0	42	0	0	0	42
3097	43	0	0	0	0	43
3098	43	0	0	0	0	43
3099	0	74	0	0	0	74
3100	0	0	0	80	0	80
3101	0	74	0	0	0	74
3102	81	0	0	0	0	81
3103	80	0	0	0	0	80
3104	0	0	0	79	0	79
3105	81	0	0	0	0	81
3106	0	0	0	80	0	80
3107	0	0	78	0	0	78
3108	78	0	0	0	0	78
3109	0	0	77	0	0	77
3110	0	0	0	74	0	74
3111	80	0	0	0	0	80
3112	0	0	0	80	0	80
3113	0	0	78	0	0	78
3114	0	0	77	0	0	77
3115	0	0	0	77	0	77
3116	79	0	0	0	0	79
3117	0	75	0	0	0	75
3118	0	0	0	108	0	108
3119	0	0	104	0	0	104
3120	101	0	0	0	0	101
3121	106	0	0	0	0	106
3122	0	0	101	0	0	101
3123	103	0	0	0	0	103
3124	0	0	0	107	0	107
3125	0	0	108	0	0	108
3126	105	0	0	0	0	105
3127	0	0	0	105	0	105
3128	0	0	0	101	0	101
3129	108	0	0	0	0	108
3130	0	64	0	0	0	64
3131	0	65	0	0	0	65
3132	65	0	0	0	0	65
3133	60	0	0	0	0	60
3134	0	0	65	0	0	65
3135	0	0	57	1	0	58
3136	0	0	0	60	0	60
3137	63	0	0	0	0	63
3138	63	0	0	1	0	64
3139	62	0	0	1	0	63
3140	0	63	0	0	0	63
3141	0	59	0	1	0	60
3142	0	0	1	63	0	64
3143	1	0	0	63	0	64
3144	0	0	0	61	0	61
3145	0	0	61	0	0	61
3146	1	0	50	0	0	51
3147	63	0	0	0	0	63
3148	62	0	1	0	0	63
3149	0	0	0	63	0	63
3150	1	0	0	61	0	62
3151	0	0	1	63	0	64
3152	1	0	60	0	0	61
3153	0	0	57	0	0	57
3154	0	0	0	62	0	62
3155	0	0	62	0	0	62
3156	0	59	0	1	0	60
3157	0	57	1	0	0	58
3158	62	0	0	0	0	62
3159	0	61	0	0	0	61
3160	0	1	0	61	0	62
3161	0	1	0	62	0	63
3162	1	60	0	0	0	61
3163	0	0	0	97	0	97
3164	1	1	93	0	0	95
3165	1	93	0	0	0	94
3166	0	0	0	92	0	92
3167	0	0	97	0	0	97
3168	0	90	0	0	0	90
3169	0	0	0	96	0	96
3170	0	94	0	0	0	94
3171	0	0	0	97	0	97
3172	0	0	0	96	0	96
3173	0	93	0	0	0	93
3174	96	0	0	0	0	96
3175	90	0	0	0	0	90
3176	0	92	0	0	0	92
3177	0	94	0	0	0	94
3178	0	0	0	97	0	97
3179	0	0	90	0	0	90
3180	118	0	0	0	0	118
3181	120	0	0	1	0	121
3182	0	0	120	0	0	120
3183	116	0	1	0	0	117
3184	122	0	0	0	0	122
3185	0	0	120	0	0	120
3186	113	0	0	0	0	113
3187	0	0	184	0	0	184
3188	0	179	0	0	0	179
3189	190	0	0	0	0	190
3190	183	0	0	0	0	183
3191	1	0	185	0	0	186
3192	183	0	0	0	0	183
3193	188	0	2	0	0	190
3194	0	0	181	0	0	181
3195	182	0	0	0	0	182
3196	188	0	0	0	0	188
3197	0	0	198	0	0	198
3198	205	0	0	0	0	205
3199	0	0	0	174	0	174
3200	0	0	0	173	0	173
3201	0	0	173	0	0	173
3202	0	0	183	0	0	183
3203	0	0	0	200	0	200
3204	0	0	0	201	0	201
3205	203	0	0	1	0	204
3206	0	1	200	0	0	201
3207	233	0	0	0	0	233
3208	0	0	0	239	0	239
3209	0	0	238	0	0	238
3210	266	0	0	0	0	266
3211	0	0	0	274	0	274
3212	0	0	270	0	0	270
3213	264	0	0	0	0	264
3214	0	0	0	269	0	269
3215	277	0	0	0	0	277
3216	0	1	314	0	0	315
3217	1	0	0	297	0	298
3218	0	308	0	0	0	308
3219	327	0	0	0	0	327
3220	317	0	0	0	0	317
3221	0	314	0	0	0	314
3222	326	0	0	0	0	326
3223	319	0	0	1	0	320
3224	324	0	0	1	0	325
3225	1	310	1	0	0	312
3226	3	0	0	327	0	330
3227	1	0	327	3	0	331
3228	2	0	3	311	0	316
3229	3	0	0	312	0	315
3230	1	0	319	4	0	324
3231	3	0	319	1	0	323
3232	4	1	2	291	0	298
3233	3	310	1	2	0	316
3234	327	1	2	1	0	331
3235	324	0	2	2	0	328
3236	2	315	1	2	0	320
3237	344	2	1	0	0	347
3238	334	1	0	1	0	336
3239	4	4	339	0	0	347
3240	329	2	0	0	0	331
3241	3	323	1	3	0	330
3242	5	1	325	1	0	332
3243	4	1	318	0	0	323
3244	2	321	0	5	0	328
3245	341	1	2	2	0	346
3246	1	1	339	3	0	344
3247	0	0	2	334	0	336
3248	0	0	336	3	0	339
3249	316	1	4	2	0	323
3250	1	0	347	2	0	350
3251	0	1	327	1	0	329
3252	328	2	1	1	0	332
3253	4	313	0	1	0	318
3254	350	3	0	0	0	353
3255	349	2	1	0	0	352
3256	7	1	0	349	0	357
3257	3	352	2	1	0	358
3258	365	0	4	0	0	369
3259	4	1	370	0	0	375
3260	359	1	3	1	0	364
3261	2	363	5	0	0	370
3262	374	3	6	0	0	383
3263	341	2	2	2	0	347
3264	2	330	4	1	0	337
3265	4	2	2	344	0	352
3266	342	0	5	1	0	348
3267	2	335	4	1	0	342
3268	2	1	3	344	0	350
3269	344	1	5	0	0	350
3270	6	0	3	340	0	349
3271	3	4	2	338	0	347
3272	4	326	1	3	0	334
3273	335	2	1	0	0	338
3274	341	1	0	2	0	344
3275	339	3	1	3	0	346
3276	4	358	1	2	0	365
3277	373	2	3	0	0	378
3278	376	2	2	1	0	381
3279	3	2	1	369	0	375
3280	4	3	2	338	0	347
3281	6	1	334	1	0	342
3282	3	3	0	328	0	334
3283	2	3	0	334	0	339
3284	5	1	338	3	0	347
3285	298	2	1	3	0	304
3286	2	3	337	3	0	345
3287	4	2	274	2	0	282
3288	2	2	1	277	0	282
3289	2	0	1	270	0	273
3290	2	269	0	3	0	274
3291	282	2	0	2	0	286
3292	264	2	2	1	0	269
3293	3	270	0	0	0	273
3294	4	315	1	0	0	320
3295	6	6	0	305	0	317
3296	5	313	2	3	0	323
3297	300	2	2	3	0	307
3298	299	0	1	5	0	305
3299	6	0	2	299	0	307
3300	1	1	4	326	0	332
3301	323	0	2	9	0	334
3302	6	0	292	3	0	301
3303	294	2	7	1	0	304
3304	8	0	288	2	0	298
3305	296	0	8	1	0	305
3306	6	1	3	299	0	309
3307	2	2	254	5	0	263
3308	2	1	266	1	0	270
3309	267	0	5	1	0	273
3310	240	0	0	0	0	240
3311	5	233	1	0	0	239
3312	0	5	0	239	0	244
3313	0	0	0	245	0	245
3314	242	0	0	5	0	247
3315	4	236	0	1	0	241
3316	195	5	0	0	0	200
3317	5	184	0	0	0	189
3318	0	175	0	0	0	175
3319	168	4	0	0	0	172
3320	5	0	163	0	0	168
3321	0	0	5	165	0	170
3322	0	0	0	192	0	192
3323	0	0	184	5	0	189
3324	1	0	5	188	0	194
3325	1	0	0	179	0	180
3326	0	185	1	5	0	191
3327	190	5	0	2	0	197
3328	5	0	188	1	0	194
3329	190	1	5	0	0	196
3330	6	185	0	0	0	191
3331	1	5	0	190	0	196
3332	189	0	0	5	0	194
3333	5	1	0	191	0	197
3334	2	0	0	198	0	200
3335	1	1	188	4	0	194
3336	180	0	5	2	0	187
3337	178	0	0	2	0	180
3338	5	0	168	0	0	173
3339	1	0	5	171	0	177
3340	1	0	170	6	0	177
3341	168	1	4	0	0	173
3342	176	0	0	1	0	177
3343	5	0	2	171	0	178
3344	172	0	0	5	0	177
3345	6	1	165	0	0	172
3346	0	0	5	171	0	176
3347	2	0	0	174	0	176
3348	0	0	0	180	0	180
3349	0	0	0	181	0	181
3350	160	0	1	6	0	167
3351	6	0	156	1	0	163
3352	1	0	5	161	0	167
3353	1	0	157	5	0	163
3354	0	0	152	1	0	153
3355	0	0	6	159	0	165
3356	1	0	1	157	0	159
3357	182	0	1	5	0	188
3358	5	0	0	182	0	187
3359	1	0	0	164	0	165
3360	1	0	1	170	0	172
3361	165	0	0	7	0	172
3362	169	0	0	3	0	172
3363	166	0	0	2	0	168
3364	168	0	0	1	0	169
3365	6	212	0	0	0	218
3366	1	7	1	216	0	225
3367	0	0	0	225	0	225
3368	283	1	1	8	0	293
3369	12	316	2	2	0	332
3370	1	14	0	344	0	359
3371	2	1	323	15	0	341
3372	350	3	15	1	0	369
3373	17	359	1	4	0	381
3374	365	17	2	1	0	385
3375	420	1	0	1	0	422
3376	26	4	0	363	0	393
3377	7	0	359	23	0	389
3378	5	0	20	370	0	395
3379	367	0	3	27	0	397
3380	22	0	4	373	0	399
3381	372	0	0	29	0	401
3382	24	371	0	4	0	399
3383	380	23	0	5	0	408
3384	28	4	0	375	0	407
3385	3	4	0	396	0	403
3386	383	0	2	23	0	408
3387	398	0	0	7	0	405
3388	404	0	0	4	0	408
3389	409	0	0	2	0	411
3390	403	1	1	0	0	405
3391	30	0	0	378	0	408
3392	9	1	355	24	0	389
3393	4	362	22	7	0	395
3394	342	18	4	5	0	369
3395	20	3	332	2	0	357
3396	339	4	17	0	0	360
3397	22	328	2	1	0	353
3398	366	19	3	2	0	390
3399	28	4	0	358	0	390
3400	5	4	0	368	0	377
3401	4	0	341	27	0	372
3402	2	0	19	351	0	372
3403	4	0	364	24	0	392
3404	4	0	376	4	0	384
3405	367	2	21	4	0	394
3406	391	2	6	5	0	404
3407	24	0	365	2	0	391
3408	360	0	19	3	0	382
3409	375	1	3	1	0	380
3410	25	2	337	3	0	367
3411	12	334	17	3	0	366
3412	9	19	4	353	0	385
3413	355	6	4	22	0	387
3414	369	7	0	10	0	386
3415	377	0	4	8	0	389
3416	385	0	2	5	0	392
3417	386	6	1	2	0	395
3418	32	2	342	2	0	378
3419	13	0	360	5	0	378
3420	7	23	22	337	0	389
3421	354	2	12	22	0	390
3422	347	1	3	9	0	360
3423	354	1	1	5	0	361
3424	337	2	1	6	0	346
3425	34	313	1	5	0	353
3426	11	346	1	2	0	360
3427	331	24	2	3	0	360
3428	347	8	4	5	0	364
3429	26	331	2	9	0	368
3430	347	20	1	3	0	371
3431	30	3	322	7	0	362
3432	14	3	22	328	0	367
3433	12	4	326	23	0	365
3434	14	2	347	3	0	366
3435	1	2	19	337	0	359
3436	5	0	10	357	0	372
3437	4	5	352	27	0	388
3438	10	2	20	351	0	383
3439	6	1	7	381	0	395
3440	368	0	5	27	0	400
3441	385	4	2	8	0	399
3442	31	2	2	362	0	397
3443	8	2	347	25	0	382
3444	8	350	17	12	0	387
3445	357	21	10	5	0	393
3446	24	5	348	7	0	384
3447	10	336	26	1	0	373
3448	7	368	9	2	0	386
3449	365	25	4	1	0	395
3450	378	7	5	2	0	392
3451	29	4	6	352	0	391
3452	13	3	413	24	0	453
3453	12	2	20	423	0	457
3454	5	0	10	447	0	462
3455	4	4	8	452	0	468
3456	425	1	3	34	0	463
3457	32	385	2	10	0	429
3458	14	416	6	4	0	440
3459	13	25	5	398	0	441
3460	11	7	2	425	0	445
3461	417	4	4	26	0	451
3462	422	3	6	8	0	439
3463	426	1	4	6	0	437
3464	34	406	2	5	0	447
3465	369	20	0	2	0	391
3466	30	5	0	356	0	391
3467	13	4	347	19	0	383
3468	5	2	265	4	0	276
3469	244	1	15	1	0	261
3470	11	0	242	1	0	254
3471	4	2	250	3	0	259
3472	212	1	8	0	0	221
3473	8	0	218	0	0	226
3474	5	1	221	1	0	228
3475	0	2	4	176	0	182
3476	1	0	179	2	0	182
3477	0	0	3	170	0	173
3478	0	0	1	181	0	182
3479	0	0	176	2	0	178
3480	0	186	4	2	0	192
3481	194	2	1	2	0	199
3482	3	1	220	1	0	225
3483	2	1	219	0	0	222
3484	195	1	3	1	0	200
3485	2	0	238	0	0	240
3486	1	233	3	0	0	237
3487	1	227	1	0	0	229
3488	0	2	1	264	0	267
3489	0	2	0	265	0	267
3490	265	1	0	3	0	269
3491	266	0	0	1	0	267
3492	267	0	0	0	0	267
3493	3	0	0	264	0	267
3494	267	0	1	2	0	270
3495	262	0	0	2	0	264
3496	3	1	263	1	0	268
3497	1	0	258	1	0	260
3498	0	244	2	0	0	246
3499	0	1	1	279	0	281
3500	275	0	0	1	0	276
3501	1	267	0	1	0	269
3502	1	1	0	276	0	278
3503	274	0	0	1	0	275
3504	285	0	0	1	0	286
3505	2	283	0	0	0	285
3506	285	1	0	0	0	286
3507	322	1	0	0	0	323
3508	2	0	0	321	0	323
3509	1	0	321	2	0	324
3510	0	304	1	1	0	306
3511	0	317	1	0	0	318
3512	322	2	0	0	0	324
3513	1	1	0	320	0	322
3514	0	1	312	1	0	314
3515	0	310	2	1	0	313
3516	322	1	1	0	0	324
3517	318	1	0	0	0	319
3518	1	0	311	0	0	312
3519	2	0	1	306	0	309
3520	0	0	1	324	0	325
3521	0	0	317	2	0	319
3522	297	0	1	1	0	299
3523	339	0	1	1	0	341
3524	3	0	0	375	0	378
3525	1	378	0	5	0	384
3526	0	4	0	393	0	397
3527	0	1	379	6	0	386
3528	378	0	7	1	0	386
3529	6	0	1	400	0	407
3530	1	1	389	6	0	397
3531	379	0	6	2	0	387
3532	6	0	2	396	0	404
3533	2	0	0	401	0	403
3534	395	0	0	8	0	403
3535	6	381	1	1	0	389
3536	395	6	0	0	0	401
3537	6	1	0	370	0	377
3538	370	0	1	7	0	378
3539	7	0	358	1	0	366
3540	1	361	6	0	0	368
3541	1	6	1	374	0	382
3542	371	1	0	7	0	379
3543	7	368	0	1	0	376
3544	1	6	1	372	0	380
3545	372	2	1	6	0	381
3546	373	0	0	2	0	375
3547	8	0	0	373	0	381
3548	3	0	401	6	0	410
3549	0	0	389	2	0	391
3550	395	0	7	0	0	402
3551	6	397	1	0	0	404
3552	0	344	0	1	0	345
3553	345	4	1	0	0	350
3554	5	335	2	0	0	342
3555	1	5	0	342	0	348
3556	0	1	0	346	0	347
3557	346	1	0	5	0	352
3558	334	0	1	0	0	335
3559	334	1	0	0	0	335
3560	5	1	314	1	0	321
3561	0	0	5	325	0	330
3562	2	0	322	5	0	329
3563	4	0	305	0	0	309
3564	1	0	322	0	0	323
3565	0	0	6	318	0	324
3566	0	1	347	6	0	354
3567	0	0	354	1	0	355
3568	0	0	7	344	0	351
3569	360	0	1	5	0	366
3570	5	0	341	2	0	348
3571	1	0	7	321	0	329
3572	1	0	1	341	0	343
3573	0	0	342	7	0	349
3574	1	0	5	335	0	341
3575	1	0	341	5	0	347
3576	0	1	6	334	0	341
3577	1	0	0	347	0	348
3578	1	0	1	343	0	345
3579	1	0	0	346	0	347
3580	319	0	2	5	0	326
3581	341	1	0	1	0	343
3582	5	0	320	2	0	327
3583	0	297	5	2	0	304
3584	0	5	312	1	0	318
3585	1	0	296	3	0	300
3586	276	0	5	0	0	281
3587	5	295	1	0	0	301
3588	289	5	1	1	0	296
3589	5	291	3	0	0	299
3590	304	7	1	0	0	312
3591	311	0	0	0	0	311
3592	6	2	0	298	0	306
3593	1	323	0	7	0	331
3594	1	8	0	322	0	331
3595	1	0	0	331	0	332
3596	1	0	318	9	0	328
3597	0	301	7	1	0	309
3598	1	8	0	313	0	322
3599	297	0	1	8	0	306
3600	309	0	0	1	0	310
3601	311	0	2	0	0	313
3602	9	306	0	1	0	316
3603	306	9	1	2	0	318
3604	10	320	1	0	0	331
3605	0	8	1	364	0	373
3606	1	0	361	14	0	376
3607	0	1	13	331	0	345
3608	1	326	2	16	0	345
3609	0	14	0	334	0	348
3610	1	0	0	346	0	347
3611	0	334	2	15	0	351
3612	338	16	0	2	0	356
3613	16	0	0	345	0	361
3614	1	0	336	17	0	354
3615	0	0	16	345	0	361
3616	0	2	1	362	0	365
3617	2	0	357	18	0	377
3618	0	0	17	358	0	375
3619	0	32	0	354	0	386
3620	0	1	360	16	0	377
3621	2	0	373	1	0	376
3622	2	355	11	1	0	369
3623	0	347	1	0	0	348
3624	0	316	0	1	0	317
3625	299	13	1	2	0	315
3626	298	1	0	1	0	300
3627	305	1	1	0	0	307
3628	12	0	0	285	0	297
3629	0	0	281	12	0	293
3630	1	0	12	283	0	296
3631	0	0	0	303	0	303
3632	287	0	1	12	0	300
3633	296	0	1	1	0	298
3634	11	317	1	2	0	331
3635	322	12	1	1	0	336
3636	330	0	2	1	0	333
3637	345	2	0	0	0	347
3638	16	1	322	0	0	339
3639	0	3	332	1	0	336
3640	2	1	14	327	0	344
3641	2	0	329	14	0	345
3642	317	0	15	2	0	334
3643	344	0	1	2	0	347
3644	14	0	327	2	0	343
3645	320	1	14	2	0	337
3646	15	321	1	3	0	340
3647	329	14	1	1	0	345
3648	14	1	0	292	0	307
3649	0	4	0	327	0	331
3650	2	318	0	12	0	332
3651	319	14	0	2	0	335
3652	326	0	0	1	0	327
3653	13	315	1	0	0	329
3654	1	12	2	324	0	339
3655	2	0	2	327	0	331
3656	1	323	0	14	0	338
3657	3	14	1	319	0	337
3658	3	1	1	334	0	339
3659	323	1	2	13	0	339
3660	333	2	1	1	0	337
3661	16	2	316	2	0	336
3662	322	1	12	0	0	335
3663	16	1	317	2	0	336
3664	0	1	16	317	0	334
3665	3	1	319	19	0	342
3666	1	287	11	2	0	301
3667	3	15	0	292	0	310
3668	3	1	1	307	0	312
3669	292	3	0	17	0	312
3670	12	1	2	294	0	309
3671	2	1	286	19	0	308
3672	288	2	15	2	0	307
3673	312	1	1	4	0	318
3674	312	0	1	5	0	318
3675	310	0	2	2	0	314
3676	16	2	2	345	0	365
3677	3	1	0	361	0	365
3678	2	1	3	359	0	365
3679	2	2	3	383	0	390
3680	360	3	0	20	0	383
3681	351	3	2	2	0	358
3682	18	4	0	314	0	336
3683	4	328	1	19	0	352
3684	338	17	2	4	0	361
3685	20	1	326	3	0	350
3686	1	332	17	4	0	354
3687	333	16	4	1	0	354
3688	20	403	2	4	0	429
3689	4	15	393	2	0	414
3690	405	1	14	2	0	422
3691	420	1	4	1	0	426
3692	18	5	394	2	0	419
3693	5	0	15	425	0	445
3694	5	0	1	450	0	456
3695	5	446	2	19	0	472
3696	3	17	3	455	0	478
3697	440	2	3	24	0	469
3698	18	444	0	9	0	471
3699	4	18	1	430	0	453
3700	8	1	0	452	0	461
3701	4	4	412	19	0	439
3702	1	414	19	10	0	444
3703	396	19	1	6	0	422
3704	18	366	2	2	0	388
3705	4	350	3	2	0	359
3706	343	18	0	3	0	364
3707	10	4	1	335	0	350
3708	3	5	0	339	0	347
3709	331	1	1	13	0	346
3710	13	0	0	334	0	347
3711	3	1	0	345	0	349
3712	386	0	1	13	0	400
3713	9	0	0	412	0	421
3714	2	404	1	17	0	424
3715	413	10	0	3	0	426
3716	13	4	388	4	0	409
3717	3	366	12	3	0	384
3718	3	12	2	393	0	410
3719	2	4	385	13	0	404
3720	1	3	404	5	0	413
3721	3	1	15	416	0	435
3722	418	1	6	13	0	438
3723	12	2	3	420	0	437
3724	4	0	1	451	0	456
3725	4	3	0	457	0	464
3726	2	2	1	455	0	460
3727	2	2	0	459	0	463
3728	4	1	427	19	0	451
3729	4	1	425	7	0	437
3730	1	3	14	435	0	453
3731	2	1	432	18	0	453
3732	3	428	18	5	0	454
3733	1	13	4	441	0	459
3734	2	4	402	16	0	424
3735	380	5	12	4	0	401
3736	15	386	4	6	0	411
3737	3	384	6	5	0	398
3738	2	398	1	5	0	406
3739	3	14	0	405	0	422
3740	399	4	2	15	0	420
3741	12	2	1	404	0	419
3742	395	2	2	14	0	413
3743	13	394	0	7	0	414
3744	401	13	1	5	0	420
3745	14	5	0	402	0	421
3746	6	2	3	400	0	411
3747	3	389	3	13	0	408
3748	4	11	0	404	0	419
3749	1	5	3	385	0	394
3750	3	2	2	388	0	395
3751	374	2	1	20	0	397
3752	378	0	1	11	0	390
3753	17	2	362	7	0	388
3754	370	2	11	10	0	393
3755	13	1	364	10	0	388
3756	8	2	10	374	0	394
3757	5	4	5	377	0	391
3758	2	5	3	389	0	399
3759	3	4	374	18	0	399
3760	2	2	13	381	0	398
3761	1	4	377	15	0	397
3762	2	4	13	460	0	479
3763	457	3	4	17	0	481
3764	13	4	450	6	0	473
3765	447	1	15	5	0	468
3766	14	3	4	461	0	482
3767	456	2	2	17	0	477
3768	14	444	3	8	0	469
3769	5	12	1	461	0	479
3770	3	3	447	21	0	474
3771	6	1	12	504	0	523
3772	6	1	5	493	0	505
3773	1	481	2	17	0	501
3774	7	16	469	6	0	498
3775	4	479	15	8	0	506
3776	355	11	3	3	0	372
3777	8	349	1	3	0	361
3778	338	8	24	3	0	373
3779	344	1	2	3	0	350
3780	357	3	1	3	0	364
3781	14	1	0	351	0	366
3782	5	0	343	12	0	360
3783	2	1	10	344	0	357
3784	2	339	2	13	0	356
3785	0	8	2	362	0	372
3786	351	2	0	14	0	367
3787	8	343	3	6	0	360
3788	4	9	3	356	0	372
3789	3	2	2	365	0	372
3790	356	2	3	13	0	374
3791	10	2	351	3	0	366
3792	2	328	8	6	0	344
3793	3	35	3	292	0	333
3794	0	0	282	4	0	286
3795	1	0	3	271	0	275
3796	1	278	1	4	0	284
3797	1	3	0	292	0	296
3798	0	1	2	289	0	292
3799	0	0	0	295	0	295
3800	2	1	278	3	0	284
3801	257	0	3	3	0	263
3802	4	0	0	287	0	291
3803	287	2	0	4	0	293
3804	285	0	1	1	0	287
3805	283	1	0	2	0	286
3806	287	0	0	0	0	287
3807	289	1	2	0	0	292
3808	4	1	0	280	0	285
3809	1	277	0	3	0	281
3810	1	3	1	282	0	287
3811	0	274	1	3	0	278
3812	0	5	1	238	0	244
3813	208	0	0	2	0	210
3814	1	1	0	206	0	208
3815	1	0	198	3	0	202
3816	191	0	3	0	0	194
3817	2	196	0	1	0	199
3818	197	2	0	2	0	201
3819	176	0	24	0	0	200
3820	175	0	0	0	0	175
3821	2	164	0	0	0	166
3822	1	1	0	172	0	174
3823	1	0	0	173	0	174
3824	0	0	149	2	0	151
3825	0	1	1	139	0	141
3826	0	0	0	151	0	151
3827	0	1	0	151	0	152
3828	0	169	0	2	0	171
3829	180	1	0	0	0	181
3830	169	0	0	1	0	170
3831	1	1	214	1	0	217
3832	1	206	1	0	0	208
3833	0	2	0	216	0	218
3834	1	0	0	222	0	223
3835	0	0	0	216	0	216
3836	1	0	0	219	0	220
3837	0	1	0	219	0	220
3838	0	0	201	2	0	203
3839	0	1	171	2	0	174
3840	205	0	1	0	0	206
3841	261	0	0	1	0	262
3842	261	0	0	1	0	262
3843	1	0	0	256	0	257
3844	0	1	248	1	0	250
3845	243	0	0	0	0	243
3846	262	0	0	1	0	263
3847	1	0	249	0	0	250
3848	306	1	1	0	0	308
3849	1	1	317	1	0	320
3850	1	0	1	314	0	316
3851	0	0	322	2	0	324
3852	309	0	1	2	0	312
3853	319	0	1	1	0	321
3854	325	0	1	0	0	326
3855	323	0	1	0	0	324
3856	5	1	306	0	0	312
3857	2	299	2	0	0	303
3858	325	1	1	0	0	327
3859	316	1	1	1	0	319
3860	2	0	306	0	0	308
3861	2	0	1	296	0	299
3862	1	0	1	253	0	255
3863	0	0	249	2	0	251
3864	235	0	2	2	0	239
3865	247	0	2	0	0	249
3866	1	294	0	1	0	296
3867	358	4	1	0	0	363
3868	350	3	0	1	0	354
3869	365	1	0	0	0	366
3870	359	0	1	1	0	361
3871	9	0	299	0	0	308
3872	287	0	4	0	0	291
3873	5	1	3	294	0	303
3874	3	327	1	4	0	335
3875	2	4	325	2	0	333
3876	0	324	6	0	0	330
3877	0	5	2	315	0	322
3878	0	3	312	4	0	319
3879	289	1	5	3	0	298
3880	3	2	310	1	0	316
3881	306	0	4	0	0	310
3882	4	0	3	312	0	319
3883	3	0	1	310	0	314
3884	1	304	0	6	0	311
3885	0	351	0	3	0	354
3886	0	6	0	351	0	357
3887	352	4	0	3	0	359
3888	352	1	0	3	0	356
3889	345	0	0	1	0	346
3890	6	1	339	0	0	346
3891	357	0	3	0	0	360
3892	4	0	416	0	0	420
3893	3	1	403	0	0	407
3894	409	0	6	0	0	415
3895	427	0	3	0	0	430
3896	6	0	423	0	0	429
3897	3	0	3	389	0	395
3898	1	0	4	433	0	438
3899	431	0	1	6	0	438
3900	420	0	0	4	0	424
3901	8	0	420	1	0	429
3902	6	414	2	0	0	422
3903	1	421	5	0	0	427
3904	424	8	0	0	0	432
3905	5	4	0	424	0	433
3906	5	1	0	428	0	434
3907	1	0	2	502	0	505
3908	408	0	1	14	0	423
3909	7	1	0	503	0	511
3910	500	0	2	9	0	511
3911	491	0	0	3	0	494
3912	13	490	1	1	0	505
3913	5	10	0	524	0	539
3914	3	3	512	8	0	526
3915	498	1	7	3	0	509
3916	521	0	2	1	0	524
3917	524	1	1	0	0	526
3918	12	1	558	0	0	571
3919	5	1	7	556	0	569
3920	609	0	2	11	0	622
3921	600	2	2	3	0	607
3922	600	0	2	1	0	603
3923	11	596	2	0	0	609
3924	4	601	0	2	0	607
3925	1	11	2	608	0	622
3926	2	4	0	607	0	613
3927	0	600	2	11	0	613
3928	581	8	0	4	0	593
3929	7	3	626	3	0	639
3930	4	1	7	626	0	638
3931	1	1	3	593	0	598
3932	1	2	595	11	0	609
3933	546	0	9	5	0	560
3934	608	0	3	1	0	612
3935	13	577	3	1	0	594
3936	605	8	1	1	0	615
3937	10	3	574	0	0	587
3938	591	1	7	1	0	600
3939	9	0	642	0	0	651
3940	635	0	11	1	0	647
3941	615	0	2	1	0	618
3942	621	1	1	0	0	623
3943	613	0	2	0	0	615
3944	11	603	1	2	0	617
3945	616	9	0	2	0	627
3946	622	4	0	0	0	626
3947	14	1	631	0	0	646
3948	587	0	8	1	0	596
3949	9	0	2	574	0	585
3950	3	0	584	10	0	597
3951	569	0	8	2	0	579
3952	9	0	1	590	0	600
3953	593	1	2	8	0	604
3954	605	1	0	4	0	610
3955	12	1	590	2	0	605
3956	587	0	8	4	0	599
3957	604	1	2	0	0	607
3958	603	0	2	0	0	605
3959	606	2	1	1	0	610
3960	12	2	0	589	0	603
3961	3	584	4	7	0	598
3962	596	8	1	3	0	608
3963	592	2	0	1	0	595
3964	605	1	0	0	0	606
3965	10	2	592	1	0	605
3966	1	519	6	3	0	529
3967	3	5	1	488	0	497
3968	3	0	0	498	0	501
3969	2	1	512	5	0	520
3970	1	2	5	501	0	509
3971	1	2	517	5	0	525
3972	1	0	5	508	0	514
3973	1	0	1	520	0	522
3974	0	3	481	5	0	489
3975	465	0	4	1	0	470
3976	489	0	2	1	0	492
3977	6	1	483	3	0	493
3978	472	1	5	1	0	479
3979	488	0	2	2	0	492
3980	6	1	488	0	0	495
3981	3	0	3	470	0	476
3982	0	2	1	484	0	487
3983	491	0	0	5	0	496
3984	7	555	2	0	0	564
3985	525	5	1	0	0	531
3986	532	0	3	1	0	536
3987	7	564	0	1	0	572
3988	579	5	0	0	0	584
3989	569	0	1	0	0	570
3990	5	567	0	2	0	574
3991	0	8	1	556	0	565
3992	4	522	1	6	0	533
3993	3	6	0	535	0	544
3994	2	0	528	7	0	537
3995	3	3	549	0	0	555
3996	591	2	6	2	0	601
3997	616	0	2	2	0	620
3998	10	0	612	2	0	624
3999	597	0	6	3	0	606
4000	620	0	1	1	0	622
4001	623	0	2	0	0	625
4002	8	601	4	1	0	614
4003	5	8	1	619	0	633
4004	621	0	1	7	0	629
4005	621	0	1	0	0	622
4006	12	1	608	0	0	621
4007	0	0	3	527	0	530
4008	2	0	0	545	0	547
4009	2	531	0	2	0	535
4010	0	539	3	0	0	542
4011	0	3	0	549	0	552
4012	0	540	1	3	0	544
4013	529	3	0	0	0	532
4014	2	555	1	2	0	560
4015	568	2	1	1	0	572
4016	4	1	550	0	0	555
4017	579	2	2	0	0	583
4018	708	1	1	0	0	710
4019	714	0	1	0	0	715
4020	664	0	2	0	0	666
4021	11	645	1	1	0	658
4022	5	7	0	677	0	689
4023	4	1	1	687	0	693
4024	4	2	674	8	0	688
4025	2	4	6	640	0	652
4026	3	0	1	685	0	689
4027	681	1	4	9	0	695
4028	7	661	3	5	0	676
4029	5	7	0	624	0	636
4030	4	1	0	629	0	634
4031	2	3	2	631	0	638
4032	624	2	0	14	0	640
4033	7	2	1	635	0	645
4034	630	2	1	14	0	647
4035	11	1	3	614	0	629
4036	3	0	5	634	0	642
4037	6	2	593	9	0	610
4038	554	0	8	5	0	567
4039	9	544	4	4	0	561
4040	571	7	4	1	0	583
4041	15	1	2	556	0	574
4042	6	4	1	620	0	631
4043	627	3	1	12	0	643
4044	625	2	0	7	0	634
4045	19	0	0	618	0	637
4046	7	3	649	10	0	669
4047	14	1	576	5	0	596
4048	3	605	12	8	0	628
4049	655	9	7	3	0	674
4050	669	5	2	5	0	681
4051	13	7	0	668	0	688
4052	7	671	0	12	0	690
4053	9	13	0	698	0	720
4054	3	3	2	681	0	689
4055	2	666	0	21	0	689
4056	669	14	2	10	0	695
4057	19	4	3	653	0	679
4058	6	676	3	15	0	700
4059	9	711	1	6	0	727
4060	714	16	2	9	0	741
4061	19	7	705	5	0	736
4062	710	9	15	2	0	736
4063	22	3	3	732	0	760
4064	7	3	4	732	0	746
4065	10	718	3	19	0	750
4066	4	14	1	750	0	769
4067	4	3	728	23	0	758
4068	7	698	10	8	0	723
4069	4	705	2	9	0	720
4070	710	15	4	9	0	738
4071	13	707	4	8	0	732
4072	5	20	2	703	0	730
4073	9	701	0	19	0	729
4074	11	18	1	714	0	744
4075	3	4	1	696	0	704
4076	4	5	660	24	0	693
4077	1	7	14	670	0	692
4078	6	5	3	689	0	703
4079	675	4	4	25	0	708
4080	23	5	675	9	0	712
4081	9	2	16	680	0	707
4082	11	6	695	21	0	733
4083	717	4	16	10	0	747
4084	24	664	9	13	0	710
4085	698	24	3	6	0	731
4086	26	8	8	673	0	715
4087	12	9	3	663	0	687
4088	8	8	620	31	0	667
4089	567	9	16	17	0	609
4090	25	631	4	10	0	670
4091	584	21	6	13	0	624
4092	20	10	3	627	0	660
4093	11	707	1	20	0	739
4094	716	21	1	11	0	749
4095	18	670	1	11	0	700
4096	9	23	6	645	0	683
4097	5	9	4	665	0	683
4098	3	10	2	671	0	686
4099	6	632	2	32	0	672
4100	7	18	2	648	0	675
4101	2	10	3	668	0	683
4102	655	7	5	31	0	698
4103	648	6	1	20	0	675
4104	661	5	2	12	0	680
4105	33	10	629	4	0	676
4106	646	4	20	6	0	676
4107	672	6	8	7	0	693
4108	667	5	6	7	0	685
4109	33	8	613	6	0	660
4110	634	5	18	8	0	665
4111	26	3	9	657	0	695
4112	14	6	633	28	0	681
4113	10	617	18	16	0	661
4114	5	20	9	622	0	656
4115	3	608	6	25	0	642
4116	5	631	2	17	0	655
4117	583	25	4	6	0	618
4118	17	11	4	473	0	505
4119	480	3	4	14	0	501
4120	19	3	3	476	0	501
4121	516	7	1	20	0	544
4122	19	2	2	516	0	539
4123	512	6	2	19	0	539
4124	21	4	492	12	0	529
4125	12	4	13	510	0	539
4126	5	3	502	19	0	529
4127	7	5	460	13	0	485
4128	5	7	505	9	0	526
4129	9	3	19	504	0	535
4130	3	7	503	16	0	529
4131	503	2	14	15	0	534
4132	18	4	10	514	0	546
4133	17	1	538	18	0	574
4134	7	7	16	541	0	571
4135	8	1	8	558	0	575
4136	5	3	542	28	0	578
4137	7	2	13	572	0	594
4138	9	4	8	549	0	570
4139	7	549	8	23	0	587
4140	571	15	7	12	0	605
4141	588	10	5	7	0	610
4142	19	1	499	7	0	526
4143	547	3	15	4	0	569
4144	13	2	532	8	0	555
4145	9	1	558	4	0	572
4146	5	1	541	3	0	550
4147	3	38	18	515	0	574
4148	8	3	552	8	0	571
4149	1	1	7	511	0	520
4150	2	1	7	484	0	494
4151	3	0	2	484	0	489
4152	1	1	3	499	0	504
4153	472	0	2	15	0	489
4154	476	1	2	10	0	489
4155	13	490	4	1	0	508
4156	8	9	2	552	0	571
4157	1	6	533	15	0	555
4158	2	504	15	7	0	528
4159	2	12	8	524	0	546
4160	2	7	575	14	0	598
4161	2	3	16	546	0	567
4162	1	0	557	16	0	574
4163	3	1	582	7	0	593
4164	3	2	17	586	0	608
4165	1	1	7	605	0	614
4166	590	0	3	22	0	615
4167	13	1	3	605	0	622
4168	638	1	1	18	0	658
4169	14	614	1	10	0	639
4170	5	634	3	5	0	647
4171	5	18	2	646	0	671
4172	643	9	3	13	0	668
4173	14	638	5	7	0	664
4174	9	12	4	646	0	671
4175	677	7	3	15	0	702
4176	702	1	1	11	0	715
4177	691	0	3	6	0	700
4178	706	0	4	3	0	713
4179	702	1	4	3	0	710
4180	21	3	713	4	0	741
4181	11	0	709	5	0	725
4182	4	699	14	5	0	722
4183	1	8	5	664	0	678
4184	1	3	688	11	0	703
4185	2	4	689	3	0	698
4186	3	4	8	723	0	738
4187	2	1	764	12	0	779
4188	2	2	736	3	0	743
4189	3	1053	10	8	0	1074
4190	1077	26	7	3	0	1113
4191	24	1134	5	3	0	1166
4192	2	26	1	1117	0	1146
4193	1065	4	0	26	0	1095
4194	24	1076	0	4	0	1104
4195	4	29	1	1101	0	1135
4196	2	7	1066	29	0	1104
4197	1074	2	24	6	0	1106
4198	1113	2	6	2	0	1123
4199	1192	0	3	0	0	1195
4200	39	1	1	1165	0	1206
4201	9	1	1125	33	0	1168
4202	4	1165	33	4	0	1206
4203	1	32	2	1193	0	1228
4204	1191	3	1	35	0	1230
4205	33	2	1150	3	0	1188
4206	3	1136	33	3	0	1175
4207	4	30	1175	1	0	1210
4208	1140	4	36	2	0	1182
4209	1222	2	6	1	0	1231
4210	1231	1	4	0	0	1236
4211	41	5	1131	3	0	1180
4212	7	1136	36	1	0	1180
4213	5	30	6	1154	0	1195
4214	2	5	4	1193	0	1204
4215	4	1	0	1213	0	1218
4216	1	1	1172	41	0	1215
4217	1178	1	30	11	0	1220
4218	36	3	1168	5	0	1212
4219	1203	1	33	4	0	1241
4220	1232	2	4	6	0	1244
4221	1210	1	4	3	0	1218
4222	1188	2	3	2	0	1195
4223	40	7	1128	1	0	1176
4224	10	1	30	1172	0	1213
4225	7	4	1118	37	0	1166
4226	8	1105	37	8	0	1158
4227	4	1197	8	6	0	1215
4228	1153	43	5	3	0	1204
4229	1158	9	3	7	0	1177
4230	37	1178	5	10	0	1230
4231	1202	35	3	5	0	1245
4232	46	9	1109	5	0	1169
4233	1137	6	30	6	0	1179
4234	38	1122	14	6	0	1180
4235	1162	40	5	5	0	1212
4236	1179	8	3	5	0	1195
4237	49	5	2	1120	0	1176
4238	14	7	2	1160	0	1183
4239	1135	3	7	44	0	1189
4240	41	4	5	1139	0	1189
4241	1122	5	7	42	0	1176
4242	52	5	2	1132	0	1191
4243	1061	3	8	43	0	1115
4244	1073	3	4	8	0	1088
4245	38	1010	10	5	0	1063
4246	18	1077	3	5	0	1103
4247	1010	41	4	4	0	1059
4248	38	1043	3	7	0	1091
4249	8	40	9	1028	0	1085
4250	11	8	8	1076	0	1103
4251	1013	9	1	43	0	1066
4252	39	1028	6	14	0	1087
4253	15	1039	3	17	0	1074
4254	10	1021	11	6	0	1048
4255	14	47	966	5	0	1032
4256	9	10	978	8	0	1005
4257	18	4	977	4	0	1003
4258	19	7	31	879	0	936
4259	11	928	35	30	0	1004
4260	935	35	6	8	0	984
4261	42	8	917	2	0	969
4262	16	7	921	9	0	953
4263	14	4	902	6	0	926
4264	13	7	40	873	0	933
4265	13	7	7	904	0	931
4266	12	4	8	920	0	944
4267	893	2	5	40	0	940
4268	865	11	7	9	0	892
4269	873	3	4	8	0	888
4270	44	7	7	843	0	901
4271	15	5	826	37	0	883
4272	13	7	850	9	0	879
4273	19	3	34	843	0	899
4274	15	5	10	871	0	901
4275	823	8	5	40	0	876
4276	42	799	4	12	0	857
4277	812	37	6	6	0	861
4278	40	795	7	14	0	856
4279	15	36	6	810	0	867
4280	10	12	741	42	0	805
4281	11	5	32	757	0	805
4282	755	10	4	39	0	808
4283	41	11	734	12	0	798
4284	726	10	36	4	0	776
4285	48	3	709	6	0	766
4286	16	9	681	6	0	712
4287	655	6	30	12	0	703
4288	32	9	649	9	0	699
4289	12	1	311	3	0	327
4290	7	312	15	6	0	340
4291	208	17	30	3	0	258
4292	212	2	0	4	0	218
4293	192	0	32	5	0	229
4294	9	2	178	3	0	192
4295	173	2	9	2	0	186
4296	9	180	1	4	0	194
4297	185	10	0	2	0	197
4298	10	3	178	2	0	193
4299	1	1	0	113	0	115
4300	3	0	111	1	0	115
4301	1	110	0	0	0	111
4302	0	0	6	77	0	83
4303	0	0	1	85	0	86
4304	76	0	1	0	0	77
4305	75	0	0	1	0	76
4306	76	0	0	0	0	76
4307	77	0	0	0	0	77
4308	74	1	0	0	0	75
4309	1	0	76	0	0	77
4310	0	1	0	73	0	74
4311	0	0	75	1	0	76
4312	0	0	1	77	0	78
4313	76	0	0	1	0	77
4314	76	0	0	1	0	77
4315	72	0	1	0	0	73
4316	113	0	0	0	0	113
4317	6	0	115	0	0	121
4318	0	0	8	115	0	123
4319	1	0	111	7	0	119
4320	0	113	8	1	0	122
4321	0	116	1	0	0	117
4322	0	7	0	114	0	121
4323	0	0	0	126	0	126
4324	1	0	0	153	0	154
4325	1	0	0	154	0	155
4326	146	0	1	9	0	156
4327	10	145	0	0	0	155
4328	146	10	0	0	0	156
4329	10	0	0	144	0	154
4330	0	0	1	132	0	133
4331	0	129	0	8	0	137
4332	0	9	1	139	0	149
4333	136	1	0	9	0	146
4334	8	132	0	1	0	141
4335	0	144	0	1	0	145
4336	134	9	0	0	0	143
4337	8	0	0	134	0	142
4338	0	136	0	8	0	144
4339	0	9	0	137	0	146
4340	138	0	0	9	0	147
4341	11	0	0	137	0	148
4342	0	0	0	149	0	149
4343	138	0	0	9	0	147
4344	9	0	0	136	0	145
4345	0	131	0	8	0	139
4346	0	9	0	133	0	142
4347	0	131	0	8	0	139
4348	0	8	0	140	0	148
4349	136	1	0	10	0	147
4350	147	0	0	0	0	147
4351	8	1	0	145	0	154
4352	0	0	144	9	0	153
4353	145	0	9	1	0	155
4354	9	0	143	0	0	152
4355	142	1	8	0	0	151
4356	154	0	0	1	0	155
4357	10	0	140	0	0	150
4358	0	141	9	0	0	150
4359	140	9	0	1	0	150
4360	152	0	0	0	0	152
4361	9	0	186	1	0	196
4362	184	1	9	0	0	194
4363	193	0	0	1	0	194
4364	213	0	0	0	0	213
4365	8	0	0	214	0	222
4366	0	0	0	220	0	220
4367	1	205	0	9	0	215
4368	0	9	0	214	0	223
4369	0	1	0	222	0	223
4370	0	0	210	9	0	219
4371	0	1	211	0	0	212
4372	198	0	9	1	0	208
4373	211	0	0	0	0	211
4374	11	198	0	0	0	209
4375	0	9	1	206	0	216
4376	0	0	203	10	0	213
4377	1	0	11	203	0	215
4378	0	1	1	227	0	229
4379	1	1	0	223	0	225
4380	1	217	0	8	0	226
4381	0	10	1	219	0	230
4382	0	1	0	230	0	231
4383	1	0	218	11	0	230
4384	3	0	223	0	0	226
4385	216	1	10	0	0	227
4386	226	0	0	0	0	226
4387	11	0	0	224	0	235
4388	0	0	0	229	0	229
4389	0	1	0	229	0	230
4390	0	0	213	12	0	225
4391	1	202	11	0	0	214
4392	0	11	209	1	0	221
4393	212	1	10	1	0	224
4394	11	0	216	0	0	227
4395	213	0	11	1	0	225
4396	219	1	0	0	0	220
4397	223	0	0	1	0	224
4398	11	1	1	214	0	227
4399	0	0	214	13	0	227
4400	0	212	11	2	0	225
4401	1	10	0	216	0	227
4402	0	1	0	221	0	222
4403	0	1	212	12	0	225
4404	0	212	9	2	0	223
4405	216	11	1	1	0	229
4406	10	214	1	2	0	227
4407	288	10	1	0	0	299
4408	13	0	1	289	0	303
4409	3	0	286	15	0	304
4410	2	288	11	2	0	303
4411	296	13	1	3	0	313
4412	13	1	290	1	0	305
4413	289	1	13	1	0	304
4414	308	0	3	0	0	311
4415	15	1	289	0	0	305
4416	226	0	7	0	0	233
4417	238	0	1	0	0	239
4418	229	0	2	0	0	231
4419	9	228	0	0	0	237
4420	229	6	0	1	0	236
4421	8	220	2	0	0	230
4422	0	8	225	0	0	233
4423	1	217	6	1	0	225
4424	194	5	0	1	0	200
4425	194	1	1	0	0	196
4426	197	2	0	0	0	199
4427	7	0	0	187	0	194
4428	3	1	0	194	0	198
4429	193	0	0	6	0	199
4430	196	0	1	3	0	200
4431	5	1	1	192	0	199
4432	2	1	177	4	0	184
4433	0	174	5	1	0	180
4434	1	183	2	1	0	187
4435	2	5	1	186	0	194
4436	1	2	183	4	0	190
4437	1	1	5	176	0	183
4438	1	182	1	5	0	189
4439	2	4	1	183	0	190
4440	1	2	181	4	0	188
4441	1	2	4	178	0	185
4442	1	1	188	4	0	194
4443	1	1	5	186	0	193
4444	0	1	191	6	0	198
4445	1	1	195	1	0	198
4446	188	1	5	1	0	195
4447	193	0	2	0	0	195
4448	191	0	2	1	0	194
4449	7	184	0	2	0	193
4450	5	4	1	191	0	201
4451	179	2	1	4	0	186
4452	189	1	0	1	0	191
4453	185	0	2	3	0	190
4454	7	1	185	0	0	193
4455	3	174	4	0	0	181
4456	2	183	2	1	0	188
4457	186	4	2	1	0	193
4458	5	2	2	186	0	195
4459	183	2	0	4	0	189
4460	6	3	179	2	0	190
4461	4	0	5	138	0	147
4462	2	1	2	140	0	145
4463	0	0	3	139	0	142
4464	1	112	1	8	0	122
4465	111	4	2	3	0	120
4466	117	1	2	1	0	121
4467	8	109	1	2	0	120
4468	4	4	1	111	0	120
4469	114	2	0	5	0	121
4470	8	3	0	110	0	121
4471	111	2	1	7	0	121
4472	7	132	1	14	0	154
4473	148	5	2	1	0	156
4474	8	4	136	1	0	149
4475	5	165	7	1	0	178
4476	3	4	165	1	0	173
4477	3	2	5	159	0	169
4478	155	2	3	5	0	165
4479	157	1	2	3	0	163
4480	161	1	1	2	0	165
4481	6	0	5	155	0	166
4482	159	1	0	5	0	165
4483	7	3	1	155	0	166
4484	161	1	0	6	0	168
4485	158	4	1	2	0	165
4486	6	1	152	2	0	161
4487	5	2	153	2	0	162
4488	5	2	149	1	0	157
4489	5	1	5	152	0	163
4490	152	0	4	4	0	160
4491	5	1	2	147	0	155
4492	3	2	1	155	0	161
4493	155	1	0	6	0	162
4494	154	0	1	6	0	161
4495	153	0	2	2	0	157
4496	157	2	1	1	0	161
4497	6	2	2	151	0	161
4498	148	1	1	6	0	156
4499	5	146	2	4	0	157
4500	153	5	1	4	0	163
4501	153	1	2	2	0	158
4502	5	1	144	4	0	154
4503	152	1	4	3	0	160
4504	4	2	147	3	0	156
4505	5	2	145	2	0	154
4506	6	2	150	1	0	159
4507	1	6	0	68	0	75
4508	0	0	68	1	0	69
4509	1	0	0	68	0	69
4510	0	1	68	0	0	69
4511	1	0	89	0	0	90
4512	1	0	0	92	0	93
4513	0	0	1	93	0	94
4514	1	1	96	0	0	98
4515	93	0	1	0	0	94
4516	0	0	2	97	0	99
4517	0	1	1	97	0	99
4518	97	0	1	1	0	99
4519	0	0	1	98	0	99
4520	1	0	98	1	0	100
4521	1	0	96	0	0	97
4522	1	0	1	97	0	99
4523	0	0	96	1	0	97
4524	1	94	0	1	0	96
4525	0	0	1	97	0	98
4526	99	0	0	0	0	99
4527	1	0	95	1	0	97
4528	92	0	1	1	0	94
4529	1	1	1	96	0	99
4530	1	0	1	98	0	100
4531	0	0	2	98	0	100
4532	1	1	1	98	0	101
4533	97	0	0	2	0	99
4534	0	97	0	2	0	99
4535	2	1	0	97	0	100
4536	2	0	0	98	0	100
4537	3	0	0	98	0	101
4538	2	0	1	98	0	101
4539	98	0	1	1	0	100
4540	1	95	0	2	0	98
4541	97	1	1	1	0	100
4542	2	88	0	2	0	92
4543	1	83	1	1	0	86
4544	88	0	2	0	0	90
4545	2	1	86	0	0	89
4546	0	0	1	91	0	92
4547	91	0	1	1	0	93
4548	86	0	1	2	0	89
4549	83	0	1	3	0	87
4550	93	0	0	0	0	93
4551	1	91	1	1	0	94
4552	90	0	2	0	0	92
4553	89	1	2	0	0	92
4554	0	90	0	2	0	92
4555	3	0	0	92	0	95
4556	0	0	93	0	0	93
4557	2	0	0	92	0	94
4558	93	0	0	1	0	94
4559	2	0	91	1	0	94
4560	3	90	0	0	0	93
4561	2	0	93	1	0	96
4562	0	1	2	84	0	87
4563	2	142	1	0	0	145
4564	150	0	0	1	0	151
4565	1	146	2	0	0	149
4566	1	1	0	146	0	148
4567	0	0	2	150	0	152
4568	152	0	1	1	0	154
4569	1	0	1	147	0	149
4570	1	146	2	1	0	150
4571	194	1	2	1	0	198
4572	158	0	0	0	0	158
4573	0	160	0	0	0	160
4574	165	0	0	0	0	165
4575	0	133	0	0	0	133
4576	137	0	0	0	0	137
4577	0	217	0	0	0	217
4578	0	0	0	220	0	220
4579	0	0	0	223	0	223
4580	224	0	0	0	0	224
4581	222	0	0	0	0	222
4582	0	206	0	1	0	207
4583	0	0	219	0	0	219
4584	204	0	0	0	0	204
4585	0	0	0	268	0	268
4586	0	259	0	0	0	259
4587	0	0	0	272	0	272
4588	271	0	0	0	0	271
4589	269	0	0	0	0	269
4590	267	0	0	0	0	267
4591	0	0	0	264	0	264
4592	0	1	266	0	0	267
4593	238	0	0	0	0	238
4594	262	0	0	0	0	262
4595	284	0	0	0	0	284
4596	0	281	0	0	0	281
4597	0	0	0	289	0	289
4598	0	287	0	0	0	287
4599	0	0	0	286	0	286
4600	0	0	0	281	0	281
4601	0	0	284	0	0	284
4602	0	0	0	278	0	278
4603	0	0	0	286	0	286
4604	295	0	0	0	0	295
4605	1	285	0	0	0	286
4606	294	1	0	0	0	295
4607	288	0	0	0	0	288
4608	1	0	0	366	0	367
4609	1	0	412	1	0	414
4610	0	397	1	1	0	399
4611	0	390	0	0	0	390
4612	399	1	0	0	0	400
4613	1	394	0	1	0	396
4614	0	2	0	391	0	393
4615	0	0	0	386	0	386
4616	2	0	424	1	0	427
4617	0	1	406	1	0	408
4618	1	405	1	0	0	407
4619	0	1	1	427	0	429
4620	425	1	0	1	0	427
4621	1	1	1	417	0	420
4622	2	0	420	2	0	424
4623	1	3	1	420	0	425
4624	401	1	1	3	0	406
4625	417	2	0	2	0	421
4626	1	410	1	1	0	413
4627	428	1	0	4	0	433
4628	2	411	1	2	0	416
4629	427	1	1	2	0	431
4630	1	2	0	418	0	421
4631	3	0	417	2	0	422
4632	3	1	381	0	0	385
4633	0	408	1	1	0	410
4634	3	1	1	417	0	422
4635	1	2	0	420	0	423
4636	428	1	0	2	0	431
4637	416	2	1	0	0	419
4638	424	3	0	0	0	427
4639	2	1	0	412	0	415
4640	2	1	0	424	0	427
4641	1	3	1	427	0	432
4642	0	1	415	4	0	420
4643	0	1	408	2	0	411
4644	391	0	4	0	0	395
4645	412	1	1	2	0	416
4646	1	2	410	3	0	416
4647	386	0	2	2	0	390
4648	411	1	0	2	0	414
4649	4	0	409	1	0	414
4650	3	387	2	3	0	395
4651	1	2	0	411	0	414
4652	6	0	406	1	0	413
4653	2	425	2	0	0	429
4654	2	6	0	451	0	459
4655	2	435	0	5	0	442
4656	2	6	423	0	0	431
4657	2	2	440	2	0	446
4658	0	1	6	438	0	445
4659	456	0	5	5	0	466
4660	4	1	1	451	0	457
4661	459	2	0	4	0	465
4662	5	0	0	451	0	456
4663	7	0	394	5	0	406
4664	355	0	4	6	0	365
4665	6	1	396	1	0	404
4666	383	1	4	3	0	391
4667	5	0	3	397	0	405
4668	2	396	1	6	0	405
4669	1	4	1	486	0	492
4670	2	476	3	4	0	485
4671	1	5	2	439	0	447
4672	4	429	0	3	0	436
4673	435	4	1	3	0	443
4674	425	2	3	0	0	430
4675	429	1	0	0	0	430
4676	8	1	431	1	0	441
4677	2	1	5	349	0	357
4678	0	2	355	6	0	363
4679	1	344	4	3	0	352
4680	1	360	3	0	0	364
4681	355	7	1	0	0	363
4682	3	3	345	1	0	352
4683	2	319	4	2	0	327
4684	1	4	4	357	0	366
4685	353	2	2	6	0	363
4686	8	345	1	3	0	357
4687	355	6	0	2	0	363
4688	8	3	348	1	0	360
4689	5	0	7	339	0	351
4690	2	0	3	342	0	347
4691	3	1	1	385	0	390
4692	2	373	2	17	0	394
4693	1	16	1	381	0	399
4694	1	3	394	21	0	419
4695	0	0	13	365	0	378
4696	1	1	2	467	0	471
4697	0	2	0	466	0	468
4698	0	444	2	16	0	462
4699	0	15	1	463	0	479
4700	0	3	0	463	0	466
4701	0	446	0	22	0	468
4702	448	11	1	3	0	463
4703	14	438	2	2	0	456
4704	1	449	0	2	0	452
4705	0	15	0	454	0	469
4706	0	4	429	14	0	447
4707	373	1	11	3	0	388
4708	13	2	1	371	0	387
4709	3	2	318	16	0	339
4710	1	313	13	3	0	330
4711	1	13	3	331	0	348
4712	1	2	327	15	0	345
4713	0	0	14	321	0	335
4714	0	0	4	343	0	347
4715	335	1	0	18	0	354
4716	13	295	1	4	0	313
4717	294	14	2	2	0	312
4718	14	3	290	3	0	310
4719	3	286	11	2	0	302
4720	2	14	300	0	0	316
4721	1	3	13	322	0	339
4722	358	0	2	17	0	377
4723	16	1	1	348	0	366
4724	353	3	2	16	0	374
4725	365	0	1	3	0	369
4726	19	0	0	351	0	370
4727	4	0	399	17	0	420
4728	1	2	425	5	0	433
4729	4	0	13	470	0	487
4730	4	0	4	488	0	496
4731	477	1	1	22	0	501
4732	17	1	2	481	0	501
4733	4	490	2	18	0	514
4734	0	17	1	518	0	536
4735	3	2	1	535	0	541
4736	513	1	3	21	0	538
4737	17	496	0	8	0	521
4738	3	19	1	517	0	540
4739	3	2	1	528	0	534
4740	4	493	0	23	0	520
4741	2	16	2	512	0	532
4742	2	4	5	522	0	533
4743	1	485	4	26	0	516
4744	3	17	0	517	0	537
4745	1	4	3	525	0	533
4746	2	496	1	25	0	524
4747	2	18	0	521	0	541
4748	507	5	1	25	0	538
4749	506	3	3	8	0	520
4750	515	3	0	7	0	525
4751	518	7	1	4	0	530
4752	18	509	2	7	0	536
4753	479	14	1	9	0	503
4754	17	465	3	6	0	491
4755	8	470	1	5	0	484
4756	4	14	1	487	0	506
4757	5	2	459	18	0	484
4758	453	6	14	2	0	475
4759	480	5	1	9	0	495
4760	14	3	467	6	0	490
4761	433	4	14	8	0	459
4762	479	3	3	7	0	492
4763	19	452	1	8	0	480
4764	543	15	1	5	0	564
4765	16	2	1	540	0	559
4766	10	3	2	543	0	558
4767	7	4	2	547	0	560
4768	4	6	3	538	0	551
4769	455	1	3	20	0	479
4770	17	2	1	447	0	467
4771	5	1	2	464	0	472
4772	6	3	434	21	0	464
4773	393	3	14	5	0	415
4774	441	3	1	11	0	456
4775	446	1	4	7	0	458
4776	17	408	3	5	0	433
4777	5	454	3	6	0	468
4778	463	14	2	9	0	488
4779	23	2	1	457	0	483
4780	6	467	1	20	0	494
4781	5	16	0	473	0	494
4782	5	467	2	17	0	491
4783	471	15	0	7	0	493
4784	16	507	1	7	0	531
4785	1	16	0	473	0	490
4786	3	4	1	492	0	500
4787	6	2	500	18	0	526
4788	5	593	11	3	0	612
4789	4	20	3	617	0	644
4790	3	7	626	27	0	663
4791	2	4	693	5	0	704
4792	2	2	18	715	0	737
4793	3	1	8	702	0	714
4794	0	658	4	17	0	679
4795	1	696	0	10	0	707
4796	1	19	1	715	0	736
4797	693	7	0	16	0	716
4798	17	3	0	734	0	754
4799	828	2	1	19	0	850
4800	852	1	0	8	0	861
4801	880	0	1	7	0	888
4802	35	1	840	2	0	878
4803	852	1	24	4	0	881
4804	25	1	8	867	0	901
4805	10	2	4	877	0	893
4806	3	3	816	30	0	852
4807	2	2	824	15	0	843
4808	2	3	30	827	0	862
4809	3	800	12	23	0	838
4810	1	858	2	12	0	873
4811	2	29	1	871	0	903
4812	842	9	3	23	0	877
4813	25	6	3	847	0	881
4814	12	1	1	849	0	863
4815	7	834	2	30	0	873
4816	2	21	1	865	0	889
4817	4	11	817	28	0	860
4818	3	4	799	13	0	819
4819	839	1	31	11	0	882
4820	27	881	13	9	0	930
4821	875	26	4	3	0	908
4822	859	9	2	3	0	873
4823	34	5	3	786	0	828
4824	11	836	1	22	0	870
4825	6	24	1	847	0	878
4826	838	9	0	25	0	872
4827	26	790	0	12	0	828
4828	765	23	2	5	0	795
4829	29	726	2	2	0	759
4830	790	25	2	2	0	819
4831	820	10	1	4	0	835
4832	33	774	3	4	0	814
4833	12	24	3	811	0	850
4834	811	6	3	27	0	847
4835	70	6	728	9	0	813
4836	11	4	783	6	0	804
4837	4	2	29	793	0	828
4838	789	5	11	22	0	827
4839	23	0	4	795	0	822
4840	807	3	1	27	0	838
4841	28	6	799	12	0	845
4842	826	2	24	5	0	857
4843	848	7	10	1	0	866
4844	36	1	4	819	0	860
4845	15	2	3	841	0	861
4846	6	5	4	843	0	858
4847	6	798	2	36	0	842
4848	6	27	0	832	0	865
4849	9	9	2	846	0	866
4850	830	11	2	32	0	875
4851	905	4	2	19	0	930
4852	41	4	857	5	0	907
4853	879	5	24	6	0	914
4854	36	4	873	6	0	919
4855	853	5	27	7	0	892
4856	37	0	869	8	0	914
4857	15	2	877	6	0	900
4858	7	7	40	852	0	906
4859	6	3	849	36	0	894
4860	852	1	28	22	0	903
4861	34	2	13	910	0	959
4862	917	2	9	32	0	960
4863	916	2	6	13	0	937
4864	883	2	3	6	0	894
4865	873	3	3	10	0	889
4866	47	2	812	8	0	869
4867	18	2	27	844	0	891
4868	9	2	820	35	0	866
4869	8	2	30	851	0	891
4870	830	5	12	33	0	880
4871	33	2	5	859	0	899
4872	848	4	5	38	0	895
4873	34	6	5	848	0	893
4874	17	2	4	873	0	896
4875	831	3	6	41	0	881
4876	34	827	4	13	0	878
4877	802	25	6	10	0	843
4878	33	807	10	3	0	853
4879	15	29	6	814	0	864
4880	808	9	9	32	0	858
4881	35	5	785	12	0	837
4882	13	3	28	806	0	850
4883	809	2	10	30	0	851
4884	779	5	6	13	0	803
4885	42	3	5	747	0	797
4886	29	813	3	27	0	872
4887	10	718	3	13	0	744
4888	4	23	2	640	0	669
4889	645	6	2	20	0	673
4890	18	602	4	11	0	635
4891	11	633	2	3	0	649
4892	614	25	2	3	0	644
4893	22	624	1	7	0	654
4894	633	24	2	6	0	665
4895	26	6	1	634	0	667
4896	9	4	0	577	0	590
4897	6	537	0	26	0	569
4898	6	552	0	12	0	570
4899	418	19	0	5	0	442
4900	13	418	1	2	0	434
4901	5	456	1	16	0	478
4902	5	17	1	475	0	498
4903	480	12	2	19	0	513
4904	19	7	474	12	0	512
4905	506	2	18	7	0	533
4906	31	3	10	551	0	595
4907	16	2	576	29	0	623
4908	8	5	583	16	0	612
4909	2	4	40	582	0	628
4910	8	2	585	31	0	626
4911	563	3	33	20	0	619
4912	594	7	20	7	0	628
4913	44	4	564	3	0	615
4914	22	4	26	573	0	625
4915	12	3	23	592	0	630
4916	600	2	8	41	0	651
4917	38	3	3	588	0	632
4918	17	612	13	36	0	678
4919	587	22	19	17	0	645
4920	38	559	6	18	0	621
4921	19	628	8	19	0	674
4922	7	33	17	612	0	669
4923	7	22	13	636	0	678
4924	9	9	6	664	0	688
4925	7	6	616	46	0	675
4926	603	10	22	26	0	661
4927	40	607	16	14	0	677
4928	641	22	19	15	0	697
4929	653	18	4	26	0	701
4930	44	10	5	585	0	644
4931	39	530	4	31	0	604
4932	10	31	4	572	0	617
4933	11	29	2	563	0	605
4934	592	10	3	42	0	647
4935	596	19	1	31	0	647
4936	44	19	532	15	0	610
4937	575	3	26	22	0	626
4938	35	565	13	26	0	639
4939	585	26	10	21	0	642
4940	45	566	16	6	0	633
4941	32	30	8	536	0	606
4942	20	30	1	557	0	608
4943	23	554	4	37	0	618
4944	26	25	3	566	0	620
4945	9	23	2	583	0	617
4946	8	22	2	569	0	601
4947	6	531	3	67	0	607
4948	7	27	5	576	0	615
4949	21	18	3	570	0	612
4950	17	10	5	589	0	621
4951	11	8	488	50	0	557
4952	545	12	20	26	0	603
4953	34	14	548	22	0	618
4954	558	8	28	15	0	609
4955	32	21	544	18	0	615
4956	549	4	30	29	0	612
4957	577	4	15	30	0	626
4958	41	15	550	15	0	621
4959	31	6	26	555	0	618
4960	11	3	550	48	0	612
4961	506	6	29	31	0	572
4962	33	16	519	16	0	584
4963	22	3	521	22	0	568
4964	508	4	40	24	0	576
4965	29	494	30	21	0	574
4966	26	22	24	523	0	595
4967	549	16	18	26	0	609
4968	36	9	21	540	0	606
4969	36	2	13	554	0	605
4970	547	5	18	40	0	610
4971	561	8	9	29	0	607
4972	64	5	506	11	0	586
4973	27	4	533	17	0	581
4974	10	1	44	553	0	608
4975	16	2	559	30	0	607
4976	26	4	38	542	0	610
4977	7	2	37	558	0	604
4978	14	2	26	570	0	612
4979	550	5	7	48	0	610
4980	30	544	12	28	0	614
4981	552	26	6	31	0	615
4982	569	14	4	21	0	608
4983	40	547	5	29	0	621
4984	586	26	8	23	0	643
4985	55	18	554	9	0	636
4986	37	8	30	506	0	581
4987	541	5	31	26	0	603
4988	29	9	529	21	0	588
4989	513	7	24	26	0	570
4990	32	506	30	14	0	582
4991	556	20	7	23	0	606
4992	572	13	3	25	0	613
4993	52	531	9	21	0	613
4994	580	29	3	6	0	618
4995	45	29	3	555	0	632
4996	43	7	7	581	0	638
4997	565	5	6	44	0	620
4998	533	24	1	27	0	585
4999	66	542	7	9	0	624
5000	29	567	13	16	0	625
5001	10	33	1	506	0	550
5002	22	496	4	26	0	548
5003	19	534	13	15	0	581
5004	486	31	1	6	0	524
5005	19	486	0	3	0	508
5006	431	11	0	2	0	444
5007	11	431	1	0	0	443
5008	8	14	413	0	0	435
5009	6	429	9	1	0	445
5010	440	13	5	0	0	458
5011	442	7	2	0	0	451
5012	17	5	432	0	0	454
5013	10	0	11	389	0	410
5014	2	3	7	443	0	455
5015	4	0	452	16	0	472
5016	4	0	9	425	0	438
5017	0	1	438	11	0	450
5018	0	1	387	9	0	397
5019	375	0	14	7	0	396
5020	9	392	12	0	0	413
5021	368	9	2	3	0	382
5022	12	7	3	360	0	382
5023	7	3	362	9	0	381
5024	6	0	9	351	0	366
5025	0	349	6	11	0	366
5026	367	9	2	7	0	385
5027	367	8	0	4	0	379
5028	17	2	3	357	0	379
5029	10	1	351	10	0	372
5030	342	3	11	7	0	363
5031	12	344	6	3	0	365
5032	372	8	2	1	0	383
5033	12	8	1	364	0	385
5034	329	3	3	10	0	345
5035	17	0	1	339	0	357
5036	6	5	341	12	0	364
5037	7	0	336	8	0	351
5038	330	1	15	7	0	353
5039	14	339	8	2	0	363
5040	357	10	2	4	0	373
5041	374	6	4	0	0	384
5042	17	365	3	2	0	387
5043	368	15	0	0	0	383
5044	14	10	382	2	0	408
5045	11	4	9	383	0	407
5046	5	3	7	393	0	408
5047	4	2	3	408	0	417
5048	5	2	399	19	0	425
5049	1	2	406	9	0	418
5050	1	3	17	394	0	415
5051	1	384	10	13	0	408
5052	2	355	2	5	0	364
5053	362	15	4	3	0	384
5054	358	9	4	1	0	372
5055	15	377	3	4	0	399
5056	11	11	1	384	0	407
5057	1	12	0	393	0	406
5058	396	2	4	17	0	419
5059	12	1	0	399	0	412
5060	10	4	2	402	0	418
5061	5	1	2	408	0	416
5062	4	0	379	22	0	405
5063	3	3	376	13	0	395
5064	377	1	18	7	0	403
5065	10	0	9	398	0	417
5066	8	1	395	15	0	419
5067	4	1	376	10	0	391
5068	382	2	21	3	0	408
5069	19	1	446	1	0	467
5070	11	454	17	3	0	485
5071	5	13	11	467	0	496
5072	0	12	463	14	0	489
5073	489	4	15	9	0	517
5074	15	1	12	510	0	538
5075	12	6	510	16	0	544
5076	4	0	13	537	0	554
5077	3	1	12	546	0	562
5078	539	0	2	29	0	570
5079	18	519	3	16	0	556
5080	12	17	5	531	0	565
5081	539	9	1	18	0	567
5082	551	4	1	13	0	569
5083	569	1	0	6	0	576
5084	570	3	2	1	0	576
5085	25	2	4	529	0	560
5086	537	0	2	19	0	558
5087	514	0	3	12	0	529
5088	514	2	1	6	0	523
5089	508	2	1	4	0	515
5090	29	484	4	6	0	523
5091	7	390	0	0	0	397
5092	2	10	1	390	0	403
5093	2	383	1	6	0	392
5094	394	6	2	5	0	407
5095	9	3	1	375	0	388
5096	385	0	0	7	0	392
5097	436	0	2	4	0	442
5098	11	0	1	436	0	448
5099	4	1	0	431	0	436
5100	1	419	0	11	0	431
5101	436	9	1	3	0	449
5102	8	433	1	3	0	445
5103	420	8	0	3	0	431
5104	11	4	0	414	0	429
5105	7	1	408	7	0	423
5106	414	0	6	2	0	422
5107	392	0	2	2	0	396
5108	13	1	383	3	0	400
5109	4	1	381	3	0	389
5110	3	1	9	375	0	388
5111	380	2	3	9	0	394
5112	427	2	0	7	0	436
5113	443	2	0	3	0	448
5114	441	4	1	3	0	449
5115	13	404	2	2	0	421
5116	427	8	1	1	0	437
5117	12	3	1	420	0	436
5118	6	1	2	432	0	441
5119	5	0	2	438	0	445
5120	3	0	1	444	0	448
5121	437	0	0	13	0	450
5122	11	1	1	437	0	450
5123	7	2	423	8	0	440
5124	5	2	7	442	0	456
5125	2	3	3	456	0	464
5126	4	2	1	458	0	465
5127	0	0	1	462	0	463
5128	441	2	3	16	0	462
5129	13	427	1	6	0	447
5130	7	442	1	5	0	455
5131	5	11	3	444	0	463
5132	443	4	2	12	0	461
5133	446	1	1	9	0	457
5134	17	0	1	446	0	464
5135	7	2	407	14	0	430
5136	420	0	10	8	0	438
5137	14	3	3	421	0	441
5138	7	2	406	14	0	429
5139	390	3	11	7	0	411
5140	12	407	5	5	0	429
5141	545	11	2	2	0	560
5142	24	572	0	4	0	600
5143	13	23	1	579	0	616
5144	4	566	4	27	0	601
5145	3	25	2	627	0	657
5146	589	10	2	30	0	631
5147	25	592	3	19	0	639
5148	17	23	584	5	0	629
5149	8	23	22	599	0	652
5150	4	5	600	25	0	634
5151	4	3	27	586	0	620
5152	0	1	12	625	0	638
5153	1	2	589	42	0	634
5154	528	0	27	16	0	571
5155	26	0	572	9	0	607
5156	17	2	570	2	0	591
5157	6	552	36	3	0	597
5158	4	23	15	565	0	607
5159	2	13	4	600	0	619
5160	0	6	3	601	0	610
5161	3	1	0	612	0	616
5162	0	2	560	44	0	606
5163	520	0	25	21	0	566
5164	26	3	558	7	0	594
5165	12	2	30	573	0	617
5166	557	1	14	27	0	599
5167	26	551	5	17	0	599
5168	12	18	4	553	0	587
5169	492	12	0	27	0	531
5170	20	478	4	17	0	519
5171	14	553	2	8	0	577
5172	538	32	4	4	0	578
5173	22	510	0	1	0	533
5174	500	23	2	2	0	527
5175	23	479	1	2	0	505
5176	475	20	1	1	0	497
5177	461	11	1	2	0	475
5178	32	449	1	0	0	482
5179	13	21	0	461	0	495
5180	3	8	444	21	0	476
5181	443	2	16	12	0	473
5182	18	2	9	442	0	471
5183	11	412	4	20	0	447
5184	6	440	2	12	0	460
5185	3	26	0	440	0	469
5186	436	12	0	22	0	470
5187	19	5	460	14	0	498
5188	13	1	21	483	0	518
5189	8	5	10	503	0	526
5190	3	3	5	512	0	523
5191	1	1	3	507	0	512
5192	1	470	2	33	0	506
5193	1	23	2	501	0	527
5194	5	11	475	28	0	519
5195	3	7	481	14	0	505
5196	4	5	498	5	0	512
5197	2	4	32	435	0	473
5198	435	2	18	20	0	475
5199	23	2	429	13	0	467
5200	11	3	441	10	0	465
5201	6	4	32	428	0	470
5202	421	5	15	26	0	467
5203	20	421	6	21	0	468
5204	467	21	3	9	0	500
5205	24	12	5	460	0	501
5206	13	4	439	25	0	481
5207	6	2	22	423	0	453
5208	5	435	14	25	0	479
5209	521	20	8	17	0	566
5210	23	14	500	10	0	547
5211	14	514	22	9	0	559
5212	476	25	14	6	0	521
5213	26	14	5	467	0	512
5214	13	6	6	499	0	524
5215	476	5	5	35	0	521
5216	492	4	3	17	0	516
5217	502	3	7	8	0	520
5218	36	3	5	454	0	498
5219	17	445	2	27	0	491
5220	461	23	4	13	0	501
5221	26	465	2	8	0	501
5222	472	23	4	4	0	503
5223	25	470	3	6	0	504
5224	17	22	3	496	0	538
5225	496	16	1	22	0	535
5226	512	9	1	14	0	536
5227	515	4	1	9	0	529
5228	522	4	4	4	0	534
5229	520	5	4	2	0	531
5230	36	4	480	4	0	524
5231	16	5	19	492	0	532
5232	8	5	481	23	0	517
5233	8	5	487	15	0	515
5234	492	4	26	8	0	530
5235	512	3	16	5	0	536
5236	518	4	5	5	0	532
5237	31	6	2	490	0	529
5238	497	4	3	21	0	525
5239	26	490	3	11	0	530
5240	19	532	1	10	0	562
5241	4	343	2	1	0	350
5242	287	11	1	3	0	302
5243	6	358	1	5	0	370
5244	347	7	0	1	0	355
5245	342	4	1	0	0	347
5246	10	0	327	2	0	339
5247	6	0	5	326	0	337
5248	2	2	6	337	0	347
5249	333	0	0	12	0	345
5250	337	0	3	3	0	343
5251	8	0	2	335	0	345
5252	6	1	321	8	0	336
5253	2	1	320	5	0	328
5254	4	0	8	328	0	340
5255	3	0	4	331	0	338
5256	2	2	0	340	0	344
5257	327	1	2	11	0	341
5258	324	2	2	4	0	332
5259	10	325	1	1	0	337
5260	4	6	2	328	0	340
5261	1	5	1	331	0	338
5262	5	323	0	8	0	336
5263	4	6	2	337	0	349
5264	331	5	3	7	0	346
5265	7	0	0	341	0	348
5266	4	0	2	342	0	348
5267	337	2	1	9	0	349
5268	341	0	0	5	0	346
5269	338	1	0	3	0	342
5270	11	0	3	330	0	344
5271	3	0	277	6	0	286
5272	1	0	273	3	0	277
5273	0	0	280	0	0	280
5274	1	272	7	0	0	280
5275	280	6	2	1	0	289
5276	6	3	274	0	0	283
5277	283	0	5	0	0	288
5278	5	0	5	278	0	288
5279	326	1	0	5	0	332
5280	316	0	1	4	0	321
5281	8	375	3	0	0	386
5282	423	5	0	0	0	428
5283	422	3	0	2	0	427
5284	9	453	1	1	0	464
5285	5	5	1	471	0	482
5286	2	4	449	6	0	461
5287	3	1	5	419	0	428
5288	3	0	2	430	0	435
5289	425	2	1	8	0	436
5290	7	0	1	422	0	430
5291	3	418	1	8	0	430
5292	2	5	0	422	0	429
5293	2	5	0	431	0	438
5294	3	1	411	10	0	425
5295	2	410	6	6	0	424
5296	2	421	5	0	0	428
5297	411	8	1	4	0	424
5298	6	422	0	5	0	433
5299	5	6	1	421	0	433
5300	3	4	433	5	0	445
5301	3	434	6	5	0	448
5302	442	9	5	1	0	457
5303	7	5	2	438	0	452
5304	4	0	1	440	0	445
5305	1	1	417	12	0	431
5306	1	3	8	415	0	427
5307	3	2	2	434	0	441
5308	425	0	2	12	0	439
5309	360	1	0	5	0	366
5310	10	357	1	3	0	371
5311	364	6	0	2	0	372
5312	8	357	0	1	0	366
5313	5	8	0	364	0	377
5314	3	370	2	7	0	382
5315	1	379	2	5	0	387
5316	378	13	1	1	0	393
5317	379	7	1	1	0	388
5318	14	359	0	1	0	374
5319	382	10	1	1	0	394
5320	368	5	1	1	0	375
5321	388	0	1	0	0	389
5322	16	0	1	381	0	398
5323	390	2	1	10	0	403
5324	11	2	334	6	0	353
5325	341	1	9	1	0	352
5326	12	0	362	0	0	374
5327	7	1	9	361	0	378
5328	1	2	3	380	0	386
5329	2	0	362	13	0	377
5330	351	1	10	6	0	368
5331	373	1	6	3	0	383
5332	16	0	374	2	0	392
5333	6	1	8	378	0	393
5334	1	0	5	389	0	395
5335	1	1	0	405	0	407
5336	383	0	1	15	0	399
5337	395	0	3	7	0	405
5338	14	1	1	377	0	393
5339	6	357	0	10	0	373
5340	2	342	0	4	0	348
5341	334	10	0	0	0	344
5342	8	339	0	1	0	348
5343	2	268	0	0	0	270
5344	1	8	0	275	0	284
5345	0	2	261	6	0	269
5346	0	258	6	3	0	267
5347	0	6	2	275	0	283
5348	0	271	0	7	0	278
5349	0	7	0	279	0	286
5350	275	3	0	6	0	284
5351	7	266	0	2	0	275
5352	279	6	0	0	0	285
5353	281	3	0	1	0	285
5354	9	0	265	0	0	274
5355	266	1	6	0	0	273
5356	7	0	2	274	0	283
5357	2	0	269	8	0	279
5358	1	260	7	3	0	271
5359	0	7	4	274	0	285
5360	2	2	0	282	0	286
5361	276	0	1	9	0	286
5362	7	0	0	275	0	282
5363	3	0	1	283	0	287
5364	275	1	0	9	0	285
5365	7	263	1	3	0	274
5366	274	7	0	0	0	281
5367	7	2	261	1	0	271
5368	245	2	5	2	0	254
5369	6	2	264	1	0	273
5370	3	254	6	1	0	264
5371	269	6	2	1	0	278
5372	275	3	0	0	0	278
5373	9	1	260	1	0	271
5374	3	1	259	1	0	264
5375	3	1	263	0	0	267
5376	1	248	9	1	0	259
5377	3	6	1	262	0	272
5378	1	3	316	6	0	326
5379	2	2	282	3	0	289
5380	0	0	15	277	0	292
5381	1	1	225	11	0	238
5382	194	0	11	4	0	209
5383	285	1	4	0	0	290
5384	17	0	223	3	0	243
5385	6	229	12	1	0	248
5386	1	13	6	229	0	249
5387	2	5	228	12	0	247
5388	2	238	13	6	0	259
5389	1	13	6	238	0	258
5390	240	4	2	14	0	260
5391	244	1	1	6	0	252
5392	14	234	3	3	0	254
5393	5	13	0	242	0	260
5394	3	4	0	254	0	261
5395	3	1	2	255	0	261
5396	1	3	0	257	0	261
5397	0	2	234	21	0	257
5398	2	1	12	249	0	264
5399	2	2	232	15	0	251
5400	0	218	11	5	0	234
5401	217	9	6	3	0	235
5402	9	228	3	3	0	243
5403	6	10	1	233	0	250
5404	2	4	1	242	0	249
5405	232	2	1	14	0	249
5406	14	1	0	234	0	249
5407	5	226	5	10	0	246
5408	1	15	1	238	0	255
5409	2	3	0	240	0	245
5410	232	3	1	15	0	251
5411	10	6	207	7	0	230
5412	4	221	8	8	0	241
5413	6	219	2	1	0	228
5414	3	8	1	215	0	227
5415	215	8	1	7	0	231
5416	7	215	0	7	0	229
5417	2	7	0	222	0	231
5418	2	2	211	11	0	226
5419	1	0	9	217	0	227
5420	216	1	6	8	0	231
5421	223	2	1	6	0	232
5422	9	0	4	206	0	219
5423	209	3	0	8	0	220
5424	215	2	0	2	0	219
5425	10	3	199	3	0	215
5426	175	0	9	4	0	188
5427	8	191	2	4	0	205
5428	202	7	1	0	0	210
5429	10	2	189	3	0	204
5430	4	3	6	192	0	205
5431	196	1	2	10	0	209
5432	10	0	177	5	0	192
5433	5	0	183	1	0	189
5434	3	1	10	176	0	190
5435	1	4	179	7	0	191
5436	181	3	9	2	0	195
5437	7	0	207	4	0	218
5438	4	0	8	202	0	214
5439	3	3	3	211	0	220
5440	207	0	3	12	0	222
5441	7	0	204	2	0	213
5442	2	0	253	7	0	262
5443	4	0	9	252	0	265
5444	5	0	254	7	0	266
5445	277	0	11	5	0	293
5446	12	0	3	284	0	299
5447	5	1	279	10	0	295
5448	4	0	13	273	0	290
5449	5	0	5	289	0	299
5450	284	3	4	11	0	302
5451	12	1	280	6	0	299
5452	273	0	14	3	0	290
5453	12	0	292	4	0	308
5454	293	1	7	1	0	302
5455	297	0	9	1	0	307
5456	299	0	4	2	0	305
5457	14	292	1	5	0	312
5458	299	8	3	0	0	310
5459	305	3	2	1	0	311
5460	14	1	3	294	0	312
5461	5	0	280	13	0	298
5462	287	0	9	7	0	303
5463	15	1	339	1	0	356
5464	5	0	13	335	0	353
5465	1	2	8	359	0	370
5466	352	1	1	15	0	369
5467	11	342	4	4	0	361
5468	6	9	0	347	0	362
5469	1	3	2	362	0	368
5470	4	0	340	12	0	356
5471	1	1	10	344	0	356
5472	0	0	3	364	0	367
5473	3	1	1	349	0	354
5474	2	344	4	13	0	363
5475	351	8	0	7	0	366
5476	346	3	3	4	0	356
5477	15	355	2	3	0	375
5478	339	6	1	0	0	346
5479	10	2	0	362	0	374
5480	2	3	389	11	0	405
5481	2	380	10	5	0	397
5482	1	408	3	1	0	413
5483	351	9	0	0	0	360
5484	345	3	0	0	0	348
5485	10	0	0	359	0	369
5486	4	0	0	362	0	366
5487	0	1	0	362	0	363
5488	353	0	0	11	0	364
5489	8	0	334	3	0	345
5490	338	0	7	1	0	346
5491	7	0	3	342	0	352
5492	3	0	0	349	0	352
5493	1	343	2	9	0	355
5494	0	7	1	352	0	360
5495	1	3	0	361	0	365
5496	1	0	345	11	0	357
5497	0	335	6	4	0	345
5498	354	7	3	1	0	365
5499	346	3	1	1	0	351
5500	356	1	0	1	0	358
5501	357	1	1	1	0	360
5502	10	1	321	0	0	332
5503	340	0	7	1	0	348
5504	8	0	339	2	0	349
5505	5	0	7	329	0	341
5506	1	332	2	7	0	342
5507	2	7	1	345	0	355
5508	1	3	3	347	0	354
5509	3	1	339	10	0	353
5510	308	0	7	4	0	319
5511	338	2	3	1	0	344
5512	10	319	0	1	0	330
5513	5	7	330	3	0	345
5514	1	3	7	335	0	346
5515	1	0	332	9	0	342
5516	1	4	329	4	0	338
5517	3	3	9	335	0	350
5518	1	0	338	8	0	347
5519	2	0	7	337	0	346
5520	2	0	336	11	0	349
5521	1	0	8	342	0	351
5522	380	2	3	8	0	393
5523	377	1	3	6	0	387
5524	373	0	0	5	0	378
5525	372	3	3	1	0	379
5526	9	354	0	6	0	369
5527	4	7	0	358	0	369
5528	1	3	3	363	0	370
5529	5	2	350	10	0	367
5530	3	1	7	346	0	357
5531	2	3	357	7	0	369
5532	2	2	344	5	0	353
5533	362	0	9	5	0	376
5534	8	359	6	3	0	376
5535	374	8	4	2	0	388
5536	415	3	0	4	0	422
5537	12	369	5	3	0	389
5538	386	7	1	2	0	396
5539	12	5	373	1	0	391
5540	6	398	9	2	0	415
5541	416	11	5	1	0	433
5542	12	7	343	2	0	364
5543	367	0	10	2	0	379
5544	10	383	9	1	0	403
5545	361	12	1	0	0	374
5546	353	4	0	4	0	361
5547	10	355	2	1	0	368
5548	5	350	3	1	0	359
5549	2	366	1	2	0	371
5550	2	9	3	357	0	371
5551	3	6	1	361	0	371
5552	379	1	2	11	0	393
5553	377	3	0	6	0	386
5554	14	2	362	2	0	380
5555	7	3	363	4	0	377
5556	1	4	367	5	0	377
5557	6	0	11	363	0	380
5558	4	1	381	7	0	393
5559	2	3	10	388	0	403
5560	384	1	7	9	0	401
5561	8	1	374	6	0	389
5562	375	1	8	1	0	385
5563	341	3	5	2	0	351
5564	16	0	324	3	0	343
5565	7	317	7	2	0	333
5566	1	10	4	329	0	344
5567	6	4	322	9	0	341
5568	3	2	11	326	0	342
5569	1	3	5	347	0	356
5570	338	0	1	14	0	353
5571	11	1	4	339	0	355
5572	10	0	327	9	0	346
5573	1	2	10	340	0	353
5574	337	1	5	9	0	352
5575	10	329	4	6	0	349
5576	369	9	2	4	0	384
5577	7	19	4	342	0	372
5578	4	3	326	8	0	341
5579	3	5	277	4	0	289
5580	2	1	252	1	0	256
5581	3	239	6	2	0	250
5582	244	2	3	0	0	249
5583	2	227	2	0	0	231
5584	222	3	12	0	0	237
5585	3	218	0	0	0	221
5586	3	2	1	235	0	241
5587	0	4	0	230	0	234
5588	2	0	0	240	0	242
5589	0	227	0	6	0	233
5590	0	1	0	238	0	239
5591	0	2	0	239	0	241
5592	296	1	0	4	0	301
5593	5	1	0	325	0	331
5594	2	0	334	4	0	340
5595	334	0	4	4	0	342
5596	351	1	2	0	0	354
5597	8	337	0	2	0	347
5598	352	4	2	0	0	358
5599	347	3	0	1	0	351
5600	8	1	1	341	0	351
5601	2	3	1	345	0	351
5602	4	0	1	354	0	359
5603	351	1	1	7	0	360
5604	353	0	0	4	0	357
5605	8	2	342	2	0	354
5606	347	0	5	3	0	355
5607	349	1	3	0	0	353
5608	353	1	1	1	0	356
5609	6	1	342	2	0	351
5610	4	2	336	0	0	342
5611	2	1	6	341	0	350
5612	3	0	343	7	0	353
5613	1	0	7	331	0	339
5614	3	0	5	307	0	315
5615	0	337	2	8	0	347
5616	344	5	4	1	0	354
5617	6	3	339	3	0	351
5618	402	1	5	4	0	412
5619	9	3	4	414	0	430
5620	412	0	0	8	0	420
5621	10	397	4	4	0	415
5622	7	379	2	3	0	391
5623	4	8	1	383	0	396
5624	3	5	2	387	0	397
5625	3	2	372	11	0	388
5626	3	4	6	379	0	392
5627	367	1	4	11	0	383
5628	11	371	1	6	0	389
5629	5	5	374	5	0	389
5630	5	2	8	380	0	395
5631	6	2	377	8	0	393
5632	2	24	10	372	0	408
5633	3	2	375	7	0	387
5634	5	0	368	6	0	379
5635	2	1	8	382	0	393
5636	348	1	5	9	0	363
5637	345	1	3	5	0	354
5638	341	0	3	5	0	349
5639	9	360	6	4	0	379
5640	346	4	2	3	0	355
5641	348	0	2	1	0	351
5642	10	4	355	0	0	369
5643	5	348	6	2	0	361
5644	5	4	1	349	0	359
5645	348	1	4	4	0	357
5646	6	328	4	3	0	341
5647	383	6	3	3	0	395
5648	390	2	1	4	0	397
5649	393	2	1	3	0	399
5650	391	3	0	3	0	397
5651	9	3	0	384	0	396
5652	366	2	2	4	0	374
5653	7	0	2	352	0	361
5654	4	347	0	8	0	359
5655	3	5	2	365	0	375
5656	365	1	1	8	0	375
5657	6	2	349	2	0	359
5658	0	3	5	344	0	352
5659	343	1	1	9	0	354
5660	6	334	2	3	0	345
5661	349	4	4	2	0	359
5662	351	0	0	4	0	355
5663	7	336	2	1	0	346
5664	349	5	1	0	0	355
5665	8	1	328	1	0	338
5666	3	3	326	1	0	333
5667	334	2	5	1	0	342
5668	5	1	327	2	0	335
5669	2	1	7	313	0	323
5670	2	318	3	3	0	326
5671	335	4	2	2	0	343
5672	9	324	2	1	0	336
5673	2	333	1	2	0	338
5674	4	6	0	368	0	378
5675	2	2	0	368	0	372
5676	4	3	0	335	0	342
5677	3	2	0	344	0	349
5678	1	1	334	7	0	343
5679	2	1	4	336	0	343
5680	2	0	0	349	0	351
5681	344	1	1	7	0	353
5682	5	1	1	347	0	354
5683	3	0	330	7	0	340
5684	322	2	5	3	0	332
5685	6	0	0	347	0	353
5686	6	0	334	6	0	346
5687	1	3	5	347	0	356
5688	3	349	1	6	0	359
5689	355	5	2	2	0	364
5690	4	3	349	4	0	360
5691	3	360	7	3	0	373
5692	320	2	1	2	0	325
5693	3	283	0	2	0	288
5694	2	275	0	0	0	277
5695	276	3	1	0	0	280
5696	2	269	1	1	0	273
5697	1	271	1	2	0	275
5698	0	2	1	272	0	275
5699	0	3	268	3	0	274
5700	0	254	4	0	0	258
5701	0	3	1	271	0	275
5702	1	264	0	3	0	268
5703	279	3	0	0	0	282
5704	3	1	269	0	0	273
5705	1	3	2	265	0	271
5706	275	1	0	3	0	279
5707	4	1	1	275	0	281
5708	1	2	303	3	0	309
5709	294	1	3	0	0	298
5710	306	0	0	3	0	309
5711	3	332	4	1	0	340
5712	2	3	0	353	0	358
5713	2	1	0	351	0	354
5714	341	1	0	2	0	344
5715	335	0	0	1	0	336
5716	4	1	337	1	0	343
5717	2	323	3	2	0	330
5718	281	0	0	0	0	281
5719	0	0	0	276	0	276
5720	0	0	277	0	0	277
5721	0	0	260	0	0	260
5722	0	0	0	276	0	276
5723	284	0	0	0	0	284
5724	0	269	0	0	0	269
5725	322	0	0	0	0	322
5726	0	0	0	330	0	330
5727	0	0	0	329	0	329
5728	0	0	0	328	0	328
5729	333	0	0	0	0	333
5730	0	319	1	1	0	321
5731	0	0	0	336	0	336
5732	0	0	0	315	0	315
5733	0	1	307	0	0	308
5734	0	0	0	300	0	300
5735	0	0	314	0	0	314
5736	0	321	0	0	0	321
5737	0	0	0	341	0	341
5738	342	0	0	0	0	342
5739	0	0	316	0	0	316
5740	0	0	0	308	0	308
5741	0	0	313	0	0	313
5742	269	0	0	0	0	269
5743	0	0	364	0	0	364
5744	0	0	0	338	0	338
5745	365	0	0	0	0	365
5746	0	326	0	0	0	326
5747	327	0	0	0	0	327
5748	0	307	0	1	0	308
5749	0	0	0	318	0	318
5750	0	0	312	0	0	312
5751	0	0	336	0	0	336
5752	0	0	0	367	0	367
5753	382	0	0	0	0	382
5754	372	0	0	0	0	372
5755	0	0	0	369	0	369
5756	0	0	0	377	0	377
5757	378	0	0	0	0	378
5758	0	448	0	0	0	448
5759	0	454	0	2	0	456
5760	476	0	0	0	0	476
5761	0	0	490	0	0	490
5762	1	0	0	484	0	485
5763	0	1	504	0	0	505
5764	0	0	0	489	0	489
5765	0	0	503	0	0	503
5766	0	1	470	0	0	471
5767	1	0	0	492	0	493
5768	0	446	0	0	0	446
5769	514	0	0	1	0	515
5770	0	485	0	1	0	486
5771	0	0	0	510	0	510
5772	505	0	0	0	0	505
5773	0	0	0	567	0	567
5774	588	0	0	0	0	588
5775	579	0	0	0	0	579
5776	587	0	0	0	0	587
5777	0	550	0	0	0	550
5778	623	0	0	0	0	623
5779	0	1	0	648	0	649
5780	703	0	0	2	0	705
5781	1	0	0	693	0	694
5782	699	0	0	3	0	702
5783	698	0	0	1	0	699
5784	2	665	0	0	0	667
5785	1	2	0	808	0	811
5786	0	0	0	805	0	805
5787	0	798	0	5	0	803
5788	0	5	0	844	0	849
5789	834	2	0	6	0	842
5790	852	1	0	3	0	856
5791	846	0	0	2	0	848
5792	11	1	807	0	0	819
5793	914	0	8	0	0	922
5794	949	0	3	0	0	952
5795	950	0	1	1	0	952
5796	12	910	0	0	0	922
5797	2	7	0	939	0	948
5798	1	4	0	966	0	971
5799	0	1	0	955	0	956
5800	1	2	917	12	0	932
5801	1	0	8	932	0	941
5802	933	0	3	9	0	945
5803	7	0	2	946	0	955
5804	5	0	0	954	0	959
5805	3	0	913	11	0	927
5806	3	872	8	3	0	886
5807	944	9	3	1	0	957
5808	8	2	1	913	0	924
5809	912	1	0	9	0	922
5810	9	0	858	4	0	871
5811	825	0	9	1	0	835
5812	6	819	4	2	0	831
5813	4	8	830	0	0	842
5814	0	3	834	1	0	838
5815	1	0	13	800	0	814
5816	1	1	884	10	0	896
5817	2	883	11	4	0	900
5818	2	8	3	925	0	938
5819	2	4	0	930	0	936
5820	2	1	0	945	0	948
5821	971	2	1	13	0	987
5822	10	935	0	6	0	951
5823	3	10	0	974	0	987
5824	1	3	1	985	0	990
5825	1000	2	1	13	0	1016
5826	10	1013	1	6	0	1030
5827	1042	8	0	3	0	1053
5828	1044	3	0	2	0	1049
5829	1038	1	2	0	0	1041
5830	16	0	996	1	0	1013
5831	6	1	9	1001	0	1017
5832	5	964	4	9	0	982
5833	1	1028	1	5	0	1035
5834	1	11	0	1039	0	1051
5835	0	1011	2	9	0	1022
5836	1055	8	0	5	0	1068
5837	9	5	1007	3	0	1024
5838	995	1	10	5	0	1011
5839	1055	0	3	2	0	1060
5840	12	0	2	1067	0	1081
5841	1076	2	1	9	0	1088
5842	10	1073	3	6	0	1092
5843	1072	10	0	3	0	1085
5844	1078	4	1	1	0	1084
5845	1139	2	1	3	0	1145
5846	20	3	1154	0	0	1177
5847	10	4	1202	1	0	1217
5848	8	0	21	1241	0	1270
5849	5	1192	11	16	0	1224
5850	3	1244	6	5	0	1258
5851	0	19	3	1235	0	1257
5852	1231	11	2	20	0	1264
5853	15	6	2	1229	0	1252
5854	5	2	1	1232	0	1240
5855	1230	0	2	27	0	1259
5856	19	1178	2	16	0	1215
5857	5	17	1172	10	0	1204
5858	7	9	1060	3	0	1079
5859	1185	6	21	2	0	1214
5860	14	3	8	1151	0	1176
5861	9	5	1185	18	0	1217
5862	8	2	17	1158	0	1185
5863	8	1	5	1164	0	1178
5864	5	1	5	1211	0	1222
5865	4	2	0	1202	0	1208
5866	4	1159	2	30	0	1195
5867	2	17	3	1209	0	1231
5868	1196	7	2	23	0	1228
5869	16	1150	6	11	0	1183
5870	1226	17	4	6	0	1253
5871	1302	7	0	7	0	1316
5872	1310	8	3	4	0	1325
5873	28	4	1155	4	0	1191
5874	1161	2	21	4	0	1188
5875	1210	1	5	3	0	1219
5876	1200	1	4	5	0	1210
5877	1211	3	2	4	0	1220
5878	29	1155	2	4	0	1190
5879	1164	15	2	3	0	1184
5880	22	8	1087	2	0	1119
5881	8	5	15	1095	0	1123
5882	8	4	7	1113	0	1132
5883	1155	1	4	22	0	1182
5884	16	1111	4	10	0	1141
5885	1051	14	2	5	0	1072
5886	14	998	2	5	0	1019
5887	997	12	0	4	0	1013
5888	1019	4	0	4	0	1027
5889	13	1217	2	2	0	1234
5890	1239	17	1	1	0	1258
5891	1313	4	1	0	0	1318
5892	32	1224	2	1	0	1259
5893	7	1217	2	2	0	1228
5894	1312	29	2	0	0	1343
5895	35	6	0	1317	0	1358
5896	1320	6	2	31	0	1359
5897	1423	3	1	6	0	1433
5898	1439	0	0	9	0	1448
5899	1427	2	0	2	0	1431
5900	45	1334	0	2	0	1381
5901	16	1386	1	8	0	1411
5902	1437	41	2	1	0	1481
5903	42	13	1486	0	0	1541
5904	10	8	37	1515	0	1570
5905	11	4	6	1575	0	1596
5906	1511	2	6	42	0	1561
5907	40	1495	3	13	0	1551
5908	13	34	2	1541	0	1590
5909	9	7	2	1586	0	1604
5910	1601	6	1	45	0	1653
5911	42	2	0	1616	0	1660
5912	1614	5	0	47	0	1666
5913	1651	4	1	9	0	1665
5914	1650	2	1	13	0	1666
5915	51	2	1	1602	0	1656
5916	19	4	1	1603	0	1627
5917	9	5	1722	45	0	1781
5918	12	4	1709	13	0	1738
5919	1720	3	53	10	0	1786
5920	46	2	19	1802	0	1869
5921	15	1	1799	53	0	1868
5922	11	5	1812	16	0	1844
5923	8	3	57	1836	0	1904
5924	9	4	1819	55	0	1887
5925	7	5	56	1739	0	1807
5926	12	1	14	1808	0	1835
5927	6	3	1801	64	0	1874
5928	6	2	52	1809	0	1869
5929	11	1	16	1845	0	1873
5930	8	3	14	1889	0	1914
5931	10	1	1776	79	0	1866
5932	10	2	51	1890	0	1953
5933	1842	3	17	66	0	1928
5934	50	1834	16	28	0	1928
5935	1909	49	9	17	0	1984
5936	62	16	1902	15	0	1995
5937	1943	10	51	9	0	2013
5938	1966	4	19	8	0	1997
5939	1952	6	13	12	0	1983
5940	74	7	11	1895	0	1987
5941	29	2	8	1955	0	1994
5942	24	7	1741	72	0	1844
5943	1764	0	48	33	0	1845
5944	58	1760	22	23	0	1863
5945	23	1721	12	17	0	1773
5946	15	1742	5	18	0	1780
5947	11	56	11	1645	0	1723
5948	1621	21	6	53	0	1701
5949	1662	12	11	19	0	1704
5950	63	11	1608	18	0	1700
5951	29	8	42	1616	0	1695
5952	23	4	17	1677	0	1721
5953	22	5	1605	64	0	1696
5954	22	4	1578	31	0	1635
5955	1585	7	55	28	0	1675
5956	60	1573	23	19	0	1675
5957	1623	47	10	25	0	1705
5958	1677	15	13	15	0	1720
5959	64	16	15	1583	0	1678
5960	41	7	2	1640	0	1690
5961	1579	9	8	68	0	1664
5962	62	7	9	1582	0	1660
5963	25	6	12	1628	0	1671
5964	1580	1	7	73	0	1661
5965	52	5	11	1598	0	1666
5966	1602	2	10	70	0	1684
5967	1636	4	18	30	0	1688
5968	74	4	1543	24	0	1645
5969	1582	13	52	23	0	1670
5970	1601	4	23	22	0	1650
5971	1544	5	18	24	0	1591
5972	78	8	1336	26	0	1448
5973	1470	3	44	22	0	1539
5974	68	1440	19	22	0	1549
5975	1499	48	17	24	0	1588
5976	1539	11	9	32	0	1591
5977	67	8	16	1494	0	1585
5978	39	3	16	1486	0	1544
5979	26	1447	11	69	0	1553
5980	29	47	5	1469	0	1550
5981	24	17	9	1525	0	1575
5982	1494	8	14	72	0	1588
5983	65	4	10	1472	0	1551
5984	37	3	6	1506	0	1552
5985	22	7	16	1483	0	1528
5986	26	1426	11	81	0	1544
5987	1424	46	11	31	0	1512
5988	59	1413	12	36	0	1520
5989	1164	43	10	14	0	1231
5990	56	17	1110	23	0	1206
5991	1024	16	26	16	0	1082
5992	49	11	1001	14	0	1075
5993	34	1001	29	15	0	1079
5994	916	23	12	19	0	970
5995	864	10	10	14	0	898
5996	37	869	9	14	0	929
5997	18	822	8	13	0	861
5998	799	21	3	10	0	833
5999	798	20	2	7	0	827
6000	33	5	5	782	0	825
6001	21	8	8	797	0	834
6002	20	6	746	27	0	799
6003	719	5	14	18	0	756
6004	28	10	10	703	0	751
6005	18	702	7	28	0	755
6006	12	17	4	733	0	766
6007	18	9	6	739	0	772
6008	14	8	689	33	0	744
6009	8	12	10	740	0	770
6010	655	8	9	29	0	701
6011	18	663	6	15	0	702
6012	23	667	4	15	0	709
6013	643	22	5	9	0	679
6014	646	12	3	9	0	670
6015	627	8	11	7	0	653
6016	34	626	6	11	0	677
6017	8	436	2	2	0	448
6018	494	14	0	3	0	511
6019	507	6	3	3	0	519
6020	22	492	1	2	0	517
6021	5	437	2	2	0	446
6022	433	11	0	4	0	448
6023	11	5	1	433	0	450
6024	497	3	0	9	0	509
6025	15	1	0	508	0	524
6026	5	473	2	12	0	492
6027	6	429	5	2	0	442
6028	435	12	1	2	0	450
6029	433	6	0	3	0	442
6030	441	4	1	1	0	447
6031	15	419	4	2	0	440
6032	7	9	348	0	0	364
6033	3	387	7	0	0	397
6034	350	9	3	0	0	362
6035	356	2	1	0	0	359
6036	9	2	272	0	0	283
6037	4	278	6	0	0	288
6038	2	7	2	286	0	297
6039	0	3	1	255	0	259
6040	2	276	0	9	0	287
6041	2	7	269	4	0	282
6042	282	2	6	1	0	291
6043	7	2	1	286	0	296
6044	288	0	1	9	0	298
6045	289	1	0	4	0	294
6046	11	1	0	282	0	294
6047	7	0	1	286	0	294
6048	7	2	1	288	0	298
6049	1	4	0	282	0	287
6050	274	2	0	10	0	286
6051	278	0	0	4	0	282
6052	11	1	263	3	0	278
6053	6	2	7	272	0	287
6054	3	2	2	278	0	285
6055	1	4	1	281	0	287
6056	5	4	262	11	0	282
6057	4	2	6	274	0	286
6058	273	1	4	9	0	287
6059	10	4	1	273	0	288
6060	4	3	265	11	0	283
6061	5	1	8	276	0	290
6062	2	4	259	11	0	276
6063	276	2	7	3	0	288
6064	12	0	4	272	0	288
6065	273	2	3	10	0	288
6066	266	3	1	4	0	274
6067	13	1	0	262	0	276
6068	278	2	3	8	0	291
6069	11	4	1	264	0	280
6070	6	300	2	10	0	318
6071	311	8	2	4	0	325
6072	367	5	0	4	0	376
6073	369	2	1	2	0	374
6074	14	2	1	359	0	376
6075	4	0	2	362	0	368
6076	1	3	0	370	0	374
6077	4	1	344	15	0	364
6078	3	336	7	8	0	354
6079	7	9	2	355	0	373
6080	5	3	342	11	0	361
6081	347	1	9	5	0	362
6082	9	1	2	336	0	348
6083	5	0	320	15	0	340
6084	361	3	11	6	0	381
6085	11	0	5	364	0	380
6086	5	1	1	373	0	380
6087	9	0	0	379	0	388
6088	371	1	3	16	0	391
6089	372	1	4	8	0	385
6090	408	1	1	6	0	416
6091	12	389	3	4	0	408
6092	6	395	2	4	0	407
6093	408	11	1	7	0	427
6094	12	2	428	4	0	446
6095	9	1	9	445	0	464
6096	4	3	3	458	0	468
6097	454	2	1	14	0	471
6098	447	2	1	10	0	460
6099	15	435	4	4	0	458
6100	7	8	2	450	0	467
6101	6	2	442	15	0	465
6102	6	2	434	8	0	450
6103	6	0	13	440	0	459
6104	5	1	1	464	0	471
6105	452	1	4	17	0	474
6106	9	1	4	482	0	496
6107	485	2	1	13	0	501
6108	484	0	0	12	0	496
6109	15	2	464	4	0	485
6110	474	3	6	5	0	488
6111	477	1	4	7	0	489
6112	471	0	3	8	0	482
6113	14	455	4	5	0	478
6114	7	472	2	8	0	489
6115	5	9	2	482	0	498
6116	8	3	469	12	0	492
6117	5	424	5	4	0	438
6118	0	26	0	351	0	377
6119	3	0	1	350	0	354
6120	3	331	3	4	0	341
6121	343	3	0	4	0	350
6122	342	0	0	5	0	347
6123	7	0	334	1	0	342
6124	270	0	1	0	0	271
6125	1	2	246	1	0	250
6126	216	0	1	4	0	221
6127	1	0	239	1	0	241
6128	1	271	4	0	0	276
6129	1	1	0	296	0	298
6130	1	0	0	292	0	293
6131	296	2	0	1	0	299
6132	293	1	0	3	0	297
6133	288	0	0	0	0	288
6134	4	0	358	0	0	362
6135	0	0	3	356	0	359
6136	3	1	0	371	0	375
6137	377	0	0	2	0	379
6138	4	357	0	0	0	361
6139	397	6	0	0	0	403
6140	1	2	0	391	0	394
6141	0	0	2	396	0	398
6142	1	0	4	396	0	401
6143	0	3	0	398	0	401
6144	0	0	1	397	0	398
6145	2	375	1	4	0	382
6146	0	378	0	3	0	381
6147	3	382	0	1	0	386
6148	4	2	0	396	0	402
6149	1	0	383	2	0	386
6150	357	0	1	2	0	360
6151	2	379	3	0	0	384
6152	4	2	0	388	0	394
6153	0	2	3	391	0	396
6154	412	4	0	1	0	417
6155	442	0	1	2	0	445
6156	436	0	0	4	0	440
6157	5	1	0	484	0	490
6158	4	0	498	3	0	505
6159	3	1	479	1	0	484
6160	0	2	5	488	0	495
6161	1	0	490	6	0	497
6162	468	0	3	3	0	474
6163	5	0	1	499	0	505
6164	1	3	525	3	0	532
6165	3	0	3	507	0	513
6166	2	0	519	5	0	526
6167	0	0	507	4	0	511
6168	32	1	2	466	0	501
6169	1	0	573	5	0	579
6170	0	0	538	0	0	538
6171	0	475	12	4	0	491
6172	0	7	2	498	0	507
6173	525	2	0	6	0	533
6174	5	0	1	557	0	563
6175	2	0	0	585	0	587
6176	0	0	576	10	0	586
6177	519	0	8	2	0	529
6178	7	0	1	576	0	584
6179	2	0	0	589	0	591
6180	570	0	1	8	0	579
6181	8	0	0	572	0	580
6182	576	0	0	9	0	585
6183	573	0	0	5	0	578
6184	560	0	0	0	0	560
6185	9	528	1	3	0	541
6186	561	5	0	0	0	566
6187	8	537	0	0	0	545
6188	3	7	0	546	0	556
6189	553	3	0	7	0	563
6190	9	508	0	2	0	519
6191	521	8	0	0	0	529
6192	7	502	2	1	0	512
6193	514	7	0	0	0	521
6194	8	452	1	0	0	461
6195	2	478	0	0	0	480
6196	0	510	0	0	0	510
6197	1	9	0	496	0	506
6198	0	518	0	6	0	524
6199	0	8	0	564	0	572
6200	0	3	0	571	0	574
6201	1	0	0	571	0	572
6202	0	1	0	570	0	571
6203	556	0	0	11	0	567
6204	562	0	0	2	0	564
6205	9	0	556	1	0	566
6206	539	0	7	1	0	547
6207	567	0	2	0	0	569
6208	602	0	0	0	0	602
6209	11	0	597	0	0	608
6210	4	1	615	0	0	620
6211	597	0	11	0	0	608
6212	10	0	613	0	0	623
6213	3	670	13	0	0	686
6214	0	12	3	711	0	726
6215	724	4	0	12	0	740
6216	720	1	1	4	0	726
6217	731	0	0	1	0	732
6218	17	0	0	706	0	723
6219	4	1	0	732	0	737
6220	3	1	699	17	0	720
6221	2	0	13	700	0	715
6222	4	0	4	730	0	738
6223	723	0	3	16	0	742
6224	13	698	1	7	0	719
6225	753	12	1	6	0	772
6226	15	4	2	745	0	766
6227	744	1	0	14	0	759
6228	711	1	1	6	0	719
6229	673	1	2	3	0	679
6230	14	660	1	12	0	687
6231	7	688	2	1	0	698
6232	2	16	1	703	0	722
6233	700	5	0	14	0	719
6234	15	1	0	635	0	651
6235	6	2	0	648	0	656
6236	3	2	624	17	0	646
6237	2	2	12	639	0	655
6238	1	1	6	634	0	642
6239	2	0	2	621	0	625
6240	0	2	601	18	0	621
6241	1	1	593	11	0	606
6242	1	590	16	5	0	612
6243	608	11	4	5	0	628
6244	15	6	2	610	0	633
6245	5	2	610	16	0	633
6246	4	1	13	611	0	629
6247	2	1	5	638	0	646
6248	620	1	2	20	0	643
6249	621	2	2	4	0	629
6250	15	607	1	7	0	630
6251	633	13	2	3	0	651
6252	635	5	2	3	0	645
6253	20	3	0	618	0	641
6254	9	3	582	15	0	609
6255	7	534	11	6	0	558
6256	557	13	4	3	0	577
6257	532	5	1	4	0	542
6258	16	503	3	5	0	527
6259	6	14	0	532	0	552
6260	556	4	4	14	0	578
6261	574	5	1	5	0	585
6262	20	5	1	585	0	611
6263	618	3	1	14	0	636
6264	635	3	0	11	0	649
6265	637	3	2	5	0	647
6266	24	1	690	6	0	721
6267	12	698	15	6	0	731
6268	9	786	3	8	0	806
6269	712	17	4	4	0	737
6270	17	709	3	5	0	734
6271	9	14	710	5	0	738
6272	9	5	12	719	0	745
6273	704	4	8	17	0	733
6274	18	6	4	668	0	696
6275	659	4	0	19	0	682
6276	662	3	3	9	0	677
6277	657	4	3	5	0	669
6278	20	630	4	6	0	660
6279	11	711	2	9	0	733
6280	737	17	2	4	0	760
6281	718	10	2	7	0	737
6282	741	4	3	7	0	755
6283	22	2	1	725	0	750
6284	716	3	0	20	0	739
6285	15	697	3	10	0	725
6286	9	720	4	8	0	741
6287	9	16	1	730	0	756
6288	8	7	709	17	0	741
6289	14	4	692	8	0	718
6290	5	4	18	719	0	746
6291	6	5	715	16	0	742
6292	5	9	15	716	0	745
6293	723	3	5	18	0	749
6294	16	2	5	730	0	753
6295	718	3	7	17	0	745
6296	15	687	4	12	0	718
6297	12	12	688	10	0	722
6298	9	6	16	664	0	695
6299	3	3	4	666	0	676
6300	11	5	705	19	0	740
6301	9	2	13	688	0	712
6302	8	750	6	14	0	778
6303	3	14	5	768	0	790
6304	5	9	6	778	0	798
6305	4	5	2	763	0	774
6306	7	1	725	25	0	758
6307	6	9	711	9	0	735
6308	671	3	19	8	0	701
6309	16	5	673	5	0	699
6310	10	628	12	11	0	661
6311	655	9	6	8	0	678
6312	16	644	4	8	0	672
6313	585	7	1	2	0	595
6314	590	5	4	0	0	599
6315	585	2	0	2	0	589
6316	573	2	2	1	0	578
6317	12	552	2	1	0	567
6318	6	568	0	3	0	577
6319	569	10	4	3	0	586
6320	12	3	595	1	0	611
6321	9	3	9	608	0	629
6322	4	3	5	636	0	648
6323	3	1	618	12	0	634
6324	585	6	9	4	0	604
6325	607	5	7	2	0	621
6326	614	2	1	4	0	621
6327	14	589	4	3	0	610
6328	722	8	2	6	0	738
6329	13	5	0	704	0	722
6330	8	710	4	13	0	735
6331	733	12	1	7	0	753
6332	734	10	1	2	0	747
6333	787	3	1	4	0	795
6334	16	6	2	777	0	801
6335	11	6	1	789	0	807
6336	5	752	3	19	0	779
6337	6	15	746	8	0	775
6338	7	9	13	772	0	801
6339	6	2	8	774	0	790
6340	8	2	1	801	0	812
6341	4	5	773	22	0	804
6342	755	3	15	11	0	784
6343	14	2	7	792	0	815
6344	9	6	824	14	0	853
6345	4	5	14	824	0	847
6346	870	3	8	17	0	898
6347	22	922	3	12	0	959
6348	13	13	3	962	0	991
6349	7	10	940	19	0	976
6350	890	4	15	14	0	923
6351	992	6	9	4	0	1011
6352	24	7	950	6	0	987
6353	14	5	15	913	0	947
6354	3	938	12	20	0	973
6355	981	14	7	12	0	1014
6356	19	10	951	6	0	986
6357	928	4	17	8	0	957
6358	18	2	962	11	0	993
6359	22	2	941	12	0	977
6360	935	2	21	12	0	970
6361	15	952	13	9	0	989
6362	43	14	905	4	0	966
6363	9	923	13	7	0	952
6364	11	9	880	7	0	907
6365	4	879	17	6	0	906
6366	817	9	11	7	0	844
6367	16	6	814	5	0	841
6368	8	3	812	2	0	825
6369	3	2	769	2	0	776
6370	797	0	14	3	0	814
6371	812	2	6	1	0	821
6372	14	3	1	805	0	823
6373	9	0	940	7	0	956
6374	2	1	932	5	0	940
6375	967	2	12	1	0	982
6376	9	1	7	987	0	1004
6377	994	1	5	6	0	1006
6378	995	2	1	8	0	1006
6379	13	3	2	915	0	933
6380	8	892	5	6	0	911
6381	3	6	3	934	0	946
6382	2	8	4	931	0	945
6383	2	2	899	11	0	914
6384	3	840	8	11	0	862
6385	2	890	11	2	0	905
6386	0	16	3	912	0	931
6387	4	7	905	4	0	920
6388	2	827	12	8	0	849
6389	1	8	860	4	0	873
6390	866	7	7	2	0	882
6391	906	1	9	0	0	916
6392	13	1	888	2	0	904
6393	891	1	11	3	0	906
6394	8	0	11	910	0	929
6395	11	857	2	7	0	877
6396	6	6	2	920	0	934
6397	971	8	2	12	0	993
6398	970	3	2	7	0	982
6399	967	0	4	3	0	974
6400	901	1	2	4	0	908
6401	15	866	1	2	0	884
6402	6	885	3	2	0	896
6403	911	10	1	3	0	925
6404	8	8	880	2	0	898
6405	5	4	7	873	0	889
6406	1	884	5	9	0	899
6407	2	7	2	914	0	925
6408	0	885	7	7	0	899
6409	1	11	2	913	0	927
6410	3	7	955	8	0	973
6411	931	2	8	6	0	947
6412	986	1	8	0	0	995
6413	12	4	962	1	0	979
6414	945	1	10	1	0	957
6415	996	1	5	2	0	1004
6416	17	3	976	1	0	997
6417	6	0	12	954	0	972
6418	986	0	6	8	0	1000
6419	12	2	961	6	0	981
6420	7	2	7	903	0	919
6421	7	2	963	9	0	981
6422	4	1	917	7	0	929
6423	935	1	11	3	0	950
6424	993	2	6	0	0	1001
6425	1069	1	3	2	0	1075
6426	1084	4	1	4	0	1093
6427	15	4	1	1059	0	1079
6428	8	899	2	7	0	916
6429	1	909	1	4	0	915
6430	1	8	0	953	0	962
6431	1062	4	2	6	0	1074
6432	9	1058	3	6	0	1076
6433	5	1031	0	1	0	1037
6434	1058	14	2	0	0	1074
6435	11	4	1	1045	0	1061
6436	1063	0	1	10	0	1074
6437	12	1002	1	4	0	1019
6438	1056	9	0	1	0	1066
6439	11	7	1093	0	0	1111
6440	1365	0	11	2	0	1378
6441	1421	0	3	2	0	1426
6442	1429	2	0	0	0	1431
6443	29	1	1347	2	0	1379
6444	1311	15	14	0	0	1340
6445	16	1253	11	3	0	1283
6446	6	14	1251	0	0	1271
6447	2	3	20	1171	0	1196
6448	1	0	4	1201	0	1206
6449	1	1185	1	22	0	1209
6450	1	17	1	1232	0	1251
6451	2	7	0	1215	0	1224
6452	0	3	1167	18	0	1188
6453	1050	0	15	6	0	1071
6454	19	1	1177	1	0	1198
6455	8	0	17	1149	0	1174
6456	1	1	1194	18	0	1214
6457	0	0	18	1192	0	1210
6458	1291	0	7	20	0	1318
6459	1304	2	0	7	0	1313
6460	33	0	1	1278	0	1312
6461	9	1	1236	24	0	1270
6462	1	0	23	1255	0	1279
6463	0	3	1236	23	0	1262
6464	1168	1	20	11	0	1200
6465	1204	2	6	1	0	1213
6466	1217	1	3	3	0	1224
6467	1202	0	1	1	0	1204
6468	30	1098	2	0	0	1130
6469	10	22	1	1148	0	1181
6470	1117	6	3	23	0	1149
6471	24	1103	2	8	0	1137
6472	10	1136	1	2	0	1149
6473	3	29	974	0	0	1006
6474	1001	6	20	3	0	1030
6475	1046	1	10	2	0	1059
6476	31	2	999	3	0	1035
6477	10	0	20	1010	0	1040
6478	3	1	8	1058	0	1070
6479	2	1	1029	33	0	1065
6480	4	0	24	1035	0	1063
6481	1041	1	8	24	0	1074
6482	25	1	1010	9	0	1045
6483	10	1	1029	2	0	1042
6484	1011	0	29	6	0	1046
6485	26	4	1012	0	0	1042
6486	1013	1	23	1	0	1038
6487	24	983	10	7	0	1024
6488	1040	23	3	2	0	1068
6489	24	7	4	1024	0	1059
6490	6	2	5	1058	0	1071
6491	1034	2	0	33	0	1069
6492	25	0	4	1037	0	1066
6493	1040	0	4	25	0	1069
6494	27	1016	0	8	0	1051
6495	12	25	2	1011	0	1050
6496	3	6	2	1058	0	1069
6497	963	2	2	31	0	998
6498	981	4	0	8	0	993
6499	977	1	2	4	0	984
6500	34	907	3	2	0	946
6501	13	973	1	2	0	989
6502	935	28	2	2	0	967
6503	28	7	952	3	0	990
6504	10	968	22	3	0	1003
6505	1000	22	4	3	0	1029
6506	999	7	4	2	0	1012
6507	1015	1	1	3	0	1020
6508	32	3	1	964	0	1000
6509	998	0	5	24	0	1027
6510	941	2	2	9	0	954
6511	34	3	2	913	0	952
6512	923	1	4	23	0	951
6513	23	2	873	9	0	907
6514	12	5	20	893	0	930
6515	3	6	7	909	0	925
6516	5	0	4	934	0	943
6517	930	2	3	35	0	970
6518	956	1	2	13	0	972
6519	954	4	1	5	0	964
6520	951	1	3	7	0	962
6521	915	2	2	6	0	925
6522	29	0	8	871	0	908
6523	13	1	1	898	0	913
6524	871	1	8	28	0	908
6525	26	788	0	17	0	831
6526	822	22	7	3	0	854
6527	27	7	779	6	0	819
6528	880	3	21	4	0	908
6529	1031	1	6	4	0	1042
6530	39	1	1069	9	0	1118
6531	1048	6	25	4	0	1083
6532	30	2	979	7	0	1018
6533	14	2	938	3	0	957
6534	10	4	31	999	0	1044
6535	8	1	13	1118	0	1140
6536	15	1	1096	36	0	1148
6537	11	1	1135	14	0	1161
6538	6	1112	40	7	0	1165
6539	5	1109	15	6	0	1135
6540	904	27	4	5	0	940
6541	30	955	3	3	0	991
6542	957	23	5	3	0	988
6543	24	951	4	3	0	982
6544	968	25	2	3	0	998
6545	28	8	921	2	0	959
6546	948	6	23	0	0	977
6547	29	3	8	928	0	968
6548	11	931	3	21	0	966
6549	9	21	0	965	0	995
6550	959	9	3	23	0	994
6551	975	3	1	7	0	986
6552	28	1	2	953	0	984
6553	12	5	945	24	0	986
6554	8	3	926	12	0	949
6555	4	919	28	4	0	955
6556	9	22	9	944	0	984
6557	3	10	929	20	0	962
6558	6	793	17	7	0	823
6559	4	15	10	838	0	867
6560	6	6	3	861	0	876
6561	852	2	2	30	0	886
6562	16	3	4	860	0	883
6563	6	3	836	22	0	867
6564	5	2	16	852	0	875
6565	842	1	6	21	0	870
6566	18	0	825	11	0	854
6567	804	3	18	7	0	832
6568	17	823	14	2	0	856
6569	854	18	3	7	0	882
6570	869	6	2	3	0	880
6571	22	2	9	810	0	843
6572	12	3	5	829	0	849
6573	5	804	3	27	0	839
6574	6	16	3	835	0	860
6575	816	5	4	18	0	843
6576	17	3	796	13	0	829
6577	6	5	17	788	0	816
6578	4	767	4	18	0	793
6579	6	14	4	785	0	809
6580	6	7	3	815	0	831
6581	793	4	3	22	0	822
6582	18	786	2	10	0	816
6583	10	16	2	802	0	830
6584	803	6	3	19	0	831
6585	17	4	3	806	0	830
6586	10	3	2	818	0	833
6587	792	10	1	24	0	827
6588	807	0	1	17	0	825
6589	28	1	782	6	0	817
6590	772	2	19	6	0	799
6591	796	3	6	10	0	815
6592	804	4	5	4	0	817
6593	26	744	2	7	0	779
6594	11	792	4	6	0	813
6595	10	15	4	791	0	820
6596	792	8	3	16	0	819
6597	809	6	1	9	0	825
6598	29	2	2	775	0	808
6599	11	3	798	20	0	832
6600	811	3	13	14	0	841
6601	866	3	6	6	0	881
6602	26	3	3	832	0	864
6603	12	0	3	813	0	828
6604	795	0	4	24	0	823
6605	23	2	4	795	0	824
6606	14	805	4	19	0	842
6607	6	20	1	833	0	860
6608	850	7	3	21	0	881
6609	23	2	832	13	0	870
6610	821	1	17	9	0	848
6611	23	4	846	3	0	876
6612	7	4	15	843	0	869
6613	860	2	7	19	0	888
6614	20	0	5	846	0	871
6615	15	2	2	861	0	880
6616	838	1	4	29	0	872
6617	20	1	810	16	0	847
6618	12	1	844	5	0	862
6619	9	1	21	830	0	861
6620	5	6	6	861	0	878
6621	6	2	4	866	0	878
6622	6	4	819	25	0	854
6623	789	1	18	11	0	819
6624	857	1	6	14	0	878
6625	855	2	5	6	0	868
6626	855	2	1	11	0	869
6627	29	804	6	4	0	843
6628	12	797	3	8	0	820
6629	10	674	2	6	0	692
6630	9	11	2	600	0	622
6631	3	2	4	542	0	551
6632	3	2	525	10	0	540
6633	3	520	7	5	0	535
6634	1	5	0	441	0	447
6635	372	0	1	10	0	383
6636	0	346	3	2	0	351
6637	3	1	2	315	0	321
6638	3	355	0	2	0	360
6639	372	0	0	2	0	374
6640	0	0	0	259	0	259
6641	0	0	255	0	0	255
6642	0	0	262	0	0	262
6643	0	0	1	271	0	272
6644	0	0	1	262	0	263
6645	0	1	1	276	0	278
6646	278	0	2	2	0	282
6647	1	0	268	2	0	271
6648	1	254	1	2	0	258
6649	0	1	0	272	0	273
6650	1	1	266	1	0	269
6651	0	262	2	1	0	265
6652	0	2	0	278	0	280
6653	0	2	273	2	0	277
6654	0	0	2	269	0	271
6655	0	1	0	271	0	272
6656	276	0	0	3	0	279
6657	258	0	1	1	0	260
6658	2	0	0	257	0	259
6659	258	0	0	2	0	260
6660	2	0	248	1	0	251
6661	2	0	0	267	0	269
6662	0	0	278	4	0	282
6663	1	0	2	287	0	290
6664	0	278	2	3	0	283
6665	0	317	0	2	0	319
6666	0	321	2	0	0	323
6667	0	4	0	322	0	326
6668	0	1	0	356	0	357
6669	0	1	338	4	0	343
6670	0	4	451	1	0	456
6671	0	0	510	1	0	511
6672	501	0	6	1	0	508
6673	4	0	2	529	0	535
6674	528	0	1	4	0	533
6675	4	529	1	1	0	535
6676	2	5	1	544	0	552
6677	546	2	0	7	0	555
6678	7	0	0	547	0	554
6679	547	1	0	6	0	554
6680	7	0	550	5	0	562
6681	5	557	4	0	0	566
6682	0	6	4	585	0	595
6683	579	3	0	6	0	588
6684	576	0	1	5	0	582
6685	9	0	0	575	0	584
6686	3	0	1	585	0	589
6687	578	0	0	13	0	591
6688	7	1	2	570	0	580
6689	4	1	562	9	0	576
6690	0	547	8	5	0	560
6691	2	7	5	580	0	594
6692	576	5	3	9	0	593
6693	580	0	3	5	0	588
6694	11	4	562	4	0	581
6695	7	524	9	4	0	544
6696	5	568	4	0	0	577
6697	1	9	1	596	0	607
6698	7	3	2	589	0	601
6699	1	2	2	554	0	559
6700	4	3	0	550	0	557
6701	3	525	3	12	0	543
6702	2	9	1	534	0	546
6703	5	4	0	552	0	561
6704	534	1	1	14	0	550
6705	518	2	1	6	0	527
6706	13	486	1	5	0	505
6707	509	7	0	9	0	525
6708	484	4	1	4	0	493
6709	489	3	1	4	0	497
6710	11	2	455	5	0	473
6711	7	3	7	464	0	481
6712	4	1	4	489	0	498
6713	6	1	468	11	0	486
6714	4	3	8	465	0	480
6715	2	3	7	472	0	484
6716	476	3	1	15	0	495
6717	9	4	455	9	0	477
6718	6	0	8	461	0	475
6719	444	17	4	12	0	477
6720	7	465	1	11	0	484
6721	470	7	1	7	0	485
6722	462	8	0	6	0	476
6723	14	438	1	6	0	459
6724	4	5	1	462	0	472
6725	456	8	2	7	0	473
6726	13	451	0	9	0	473
6727	7	10	0	465	0	482
6728	432	6	1	7	0	446
6729	430	3	2	8	0	443
6730	14	422	1	5	0	442
6731	468	4	4	5	0	481
6732	6	5	5	531	0	547
6733	528	1	1	10	0	540
6734	5	2	521	7	0	535
6735	8	4	9	527	0	548
6736	3	0	9	528	0	540
6737	521	1	1	15	0	538
6738	9	474	3	12	0	498
6739	474	7	3	7	0	491
6740	9	469	0	9	0	487
6741	11	5	447	5	0	468
6742	10	5	444	4	0	463
6743	4	1	8	457	0	470
6744	7	8	445	6	0	466
6745	5	5	6	453	0	469
6746	8	4	3	451	0	466
6747	9	3	1	461	0	474
6748	459	1	3	13	0	476
6749	440	5	1	8	0	454
6750	472	3	2	6	0	483
6751	9	508	3	7	0	527
6752	11	557	1	8	0	577
6753	7	9	598	10	0	624
6754	8	3	11	632	0	654
6755	3	10	631	15	0	659
6756	4	2	15	654	0	675
6757	7	4	9	664	0	684
6758	11	1	5	669	0	686
6759	5	9	611	23	0	648
6760	5	6	13	648	0	672
6761	629	7	10	22	0	668
6762	16	626	8	18	0	668
6763	13	12	10	672	0	707
6764	658	11	5	25	0	699
6765	621	6	3	18	0	648
6766	20	6	3	604	0	633
6767	15	1	4	624	0	644
6768	596	1	2	30	0	629
6769	21	3	1	601	0	626
6770	464	2	0	22	0	488
6771	16	1	1	412	0	430
6772	12	1	376	16	0	405
6773	7	396	12	15	0	430
6774	4	420	8	7	0	439
6775	2	11	4	407	0	424
6776	2	6	2	417	0	427
6777	415	4	0	15	0	434
6778	10	2	0	418	0	430
6779	6	1	1	423	0	431
6780	5	0	2	381	0	388
6781	2	354	0	21	0	377
6782	3	10	1	384	0	398
6783	1	5	1	390	0	397
6784	3	3	1	386	0	393
6785	359	2	0	20	0	381
6786	10	362	3	13	0	388
6787	5	9	0	385	0	399
6788	5	6	0	383	0	394
6789	4	7	1	389	0	401
6790	373	4	1	22	0	400
6791	10	0	1	383	0	394
6792	7	0	0	393	0	400
6793	4	3	359	18	0	384
6794	3	367	8	16	0	394
6795	2	8	4	386	0	400
6796	374	6	5	17	0	402
6797	11	363	2	10	0	386
6798	373	11	0	9	0	393
6799	376	4	2	6	0	388
6800	12	4	1	375	0	392
6801	10	22	2	361	0	395
6802	9	2	409	15	0	435
6803	3	0	9	427	0	439
6804	5	2	418	15	0	440
6805	3	2	14	420	0	439
6806	417	2	6	17	0	442
6807	9	402	7	11	0	429
6808	8	10	2	427	0	447
6809	4	5	1	431	0	441
6810	5	5	3	426	0	439
6811	2	3	3	445	0	453
6812	420	0	3	24	0	447
6813	12	406	1	16	0	435
6814	6	11	2	433	0	452
6815	424	6	1	19	0	450
6816	13	4	411	11	0	439
6817	415	4	8	11	0	438
6818	427	0	6	13	0	446
6819	17	2	397	13	0	429
6820	13	1	11	413	0	438
6821	423	3	5	13	0	444
6822	13	409	3	13	0	438
6823	439	8	2	10	0	459
6824	436	7	2	7	0	452
6825	444	5	1	3	0	453
6826	22	3	0	416	0	441
6827	15	2	3	467	0	487
6828	7	479	2	13	0	501
6829	6	10	2	506	0	524
6830	506	5	1	19	0	531
6831	12	7	440	8	0	467
6832	393	2	9	10	0	414
6833	416	0	7	6	0	429
6834	18	4	4	389	0	415
6835	12	1	2	430	0	445
6836	425	4	1	19	0	449
6837	416	2	0	16	0	434
6838	422	1	2	10	0	435
6839	24	0	397	6	0	427
6840	16	405	10	5	0	436
6841	425	11	6	6	0	448
6842	14	7	6	401	0	428
6843	5	397	5	15	0	422
6844	11	11	1	414	0	437
6845	411	5	1	17	0	434
6846	15	4	1	411	0	431
6847	9	4	382	16	0	411
6848	7	378	11	12	0	408
6849	5	401	4	10	0	420
6850	5	11	374	5	0	395
6851	304	7	7	5	0	323
6852	9	297	5	2	0	313
6853	1	1	2	253	0	257
6854	250	0	0	1	0	251
6855	1	244	0	0	0	245
6856	0	1	0	252	0	253
6857	249	0	0	0	0	249
6858	1	1	0	243	0	245
6859	247	1	0	3	0	251
6860	3	2	260	1	0	266
6861	1	258	1	2	0	262
6862	280	1	1	0	0	282
6863	244	0	2	0	0	246
6864	251	1	0	0	0	252
6865	2	0	242	0	0	244
6866	241	0	1	2	0	244
6867	249	0	0	1	0	250
6868	4	0	1	241	0	246
6869	251	0	0	1	0	252
6870	1	234	0	0	0	235
6871	0	2	0	249	0	251
6872	2	1	242	1	0	246
6873	1	0	1	215	0	217
6874	0	1	0	220	0	221
6875	218	1	1	2	0	222
6876	220	0	0	2	0	222
6877	2	0	211	3	0	216
6878	212	0	2	1	0	215
6879	2	0	216	1	0	219
6880	0	2	2	220	0	224
6881	1	1	217	2	0	221
6882	2	0	3	206	0	211
6883	1	211	1	1	0	214
6884	1	1	210	1	0	213
6885	2	1	203	2	0	208
6886	1	2	1	202	0	206
6887	218	0	1	3	0	222
6888	219	0	1	1	0	221
6889	242	0	0	1	0	243
6890	1	0	0	238	0	239
6891	2	0	2	234	0	238
6892	1	2	1	239	0	243
6893	2	1	0	238	0	241
6894	2	0	239	2	0	243
6895	2	1	1	242	0	246
6896	1	237	1	2	0	241
6897	2	1	2	248	0	253
6898	245	0	0	1	0	246
6899	2	1	238	1	0	242
6900	228	1	1	3	0	233
6901	4	2	239	0	0	245
6902	0	2	240	1	0	243
6903	2	248	3	1	0	254
6904	0	2	3	240	0	245
6905	0	2	2	239	0	243
6906	2	240	0	3	0	245
6907	295	2	0	2	0	299
6908	4	1	0	326	0	331
6909	7	1	1	368	0	377
6910	4	1	1	382	0	388
6911	435	0	1	18	0	454
6912	450	0	1	11	0	462
6913	26	2	2	449	0	479
6914	11	1	1	465	0	478
6915	440	2	1	27	0	470
6916	22	2	2	457	0	483
6917	8	0	1	471	0	480
6918	10	0	0	473	0	483
6919	7	1	427	31	0	466
6920	443	0	16	16	0	475
6921	467	0	7	13	0	487
6922	29	1	405	23	0	458
6923	12	1	15	397	0	425
6924	8	425	9	22	0	464
6925	407	18	5	15	0	445
6926	19	424	4	13	0	460
6927	11	369	32	5	0	417
6928	8	23	3	369	0	403
6929	358	11	4	23	0	396
6930	380	4	2	14	0	400
6931	28	4	3	363	0	398
6932	14	3	3	377	0	397
6933	9	5	0	387	0	401
6934	7	5	1	386	0	399
6935	7	3	1	364	0	375
6936	4	332	0	34	0	370
6937	6	19	0	364	0	389
6938	345	8	0	31	0	384
6939	365	4	1	17	0	387
6940	365	1	0	14	0	380
6941	31	332	2	10	0	375
6942	15	18	1	353	0	387
6943	9	9	333	26	0	377
6944	342	3	15	17	0	377
6945	25	3	6	354	0	388
6946	419	6	3	23	0	451
6947	437	2	1	13	0	453
6948	435	5	0	6	0	446
6949	34	4	1	419	0	458
6950	394	2	3	23	0	422
6951	29	2	1	390	0	422
6952	13	1	2	401	0	417
6953	389	1	2	31	0	423
6954	24	2	0	394	0	420
6955	390	0	1	29	0	420
6956	399	1	1	16	0	417
6957	34	1	0	383	0	418
6958	18	1	0	399	0	418
6959	8	1	0	416	0	425
6960	13	0	337	34	0	384
6961	8	4	338	20	0	370
6962	8	2	20	352	0	382
6963	7	3	10	370	0	390
6964	5	0	4	384	0	393
6965	6	0	5	381	0	392
6966	7	1	1	386	0	395
6967	354	1	2	38	0	395
6968	22	341	5	22	0	390
6969	11	17	4	364	0	396
6970	351	8	2	30	0	391
6971	21	4	3	372	0	400
6972	13	0	2	378	0	393
6973	356	2	0	37	0	395
6974	368	2	1	21	0	392
6975	32	3	343	9	0	387
6976	16	1	18	357	0	392
6977	9	2	345	29	0	385
6978	5	2	19	360	0	386
6979	9	0	7	376	0	392
6980	9	1	4	379	0	393
6981	7	2	332	37	0	378
6982	4	338	24	18	0	384
6983	7	357	12	13	0	389
6984	3	25	6	356	0	390
6985	346	9	3	31	0	389
6986	19	5	342	18	0	384
6987	7	3	344	15	0	369
6988	5	4	25	339	0	373
6989	5	4	11	326	0	346
6990	5	349	5	26	0	385
6991	3	17	2	372	0	394
6992	5	11	2	378	0	396
6993	4	5	5	388	0	402
6994	342	1	4	38	0	385
6995	342	3	4	16	0	365
6996	26	10	5	334	0	375
6997	9	327	4	29	0	369
6998	7	17	2	359	0	385
6999	328	8	4	33	0	373
7000	21	334	1	19	0	375
7001	9	18	2	338	0	367
7002	6	279	0	22	0	307
7003	275	23	3	9	0	310
7004	276	9	1	10	0	296
7005	23	264	0	5	0	292
7006	11	292	1	9	0	313
7007	3	25	220	4	0	252
7008	4	207	14	5	0	230
7009	3	16	1	150	0	170
7010	3	3	156	16	0	178
7011	0	81	0	0	0	81
7012	0	0	0	81	0	81
7013	0	0	0	84	0	84
7014	0	0	0	84	0	84
7015	82	0	0	0	0	82
7016	0	0	73	0	0	73
7017	0	0	73	0	0	73
7018	0	0	0	70	0	70
7019	0	0	77	0	0	77
7020	0	0	0	73	0	73
7021	0	0	1	71	0	72
7022	0	0	0	74	0	74
7023	0	0	0	75	0	75
7024	73	0	0	0	0	73
7025	68	0	0	0	0	68
7026	0	0	0	75	0	75
7027	0	0	123	0	0	123
7028	0	0	0	117	0	117
7029	0	117	0	0	0	117
7030	0	0	0	127	0	127
7031	126	0	0	0	0	126
7032	125	0	0	0	0	125
7033	0	0	0	124	0	124
7034	0	0	0	121	0	121
7035	0	0	0	127	0	127
7036	119	0	0	0	0	119
7037	0	0	120	0	0	120
7038	0	0	117	0	0	117
7039	0	113	1	0	0	114
7040	211	0	0	0	0	211
7041	0	0	0	224	0	224
7042	0	0	291	0	0	291
7043	0	273	1	0	0	274
7044	0	286	0	0	0	286
7045	0	0	0	294	0	294
7046	0	0	0	285	0	285
7047	0	280	0	0	0	280
7048	0	0	0	291	0	291
7049	0	0	0	286	0	286
7050	293	0	0	0	0	293
7051	0	277	0	1	0	278
7052	0	0	0	287	0	287
7053	0	0	292	0	0	292
7054	0	0	0	268	0	268
7055	296	0	0	0	0	296
7056	0	308	1	0	0	309
7057	0	0	0	317	0	317
7058	0	0	323	0	0	323
7059	0	0	297	0	0	297
7060	0	0	0	286	0	286
7061	0	0	0	315	0	315
7062	329	0	0	0	0	329
7063	0	312	0	0	0	312
7064	326	0	0	0	0	326
7065	0	0	320	0	0	320
7066	259	0	0	0	0	259
7067	0	0	318	0	0	318
7068	280	0	0	0	0	280
7069	303	0	0	0	0	303
7070	0	0	308	0	0	308
7071	0	1	283	0	0	284
7072	0	280	1	1	0	282
7073	0	0	0	321	0	321
7074	322	0	0	0	0	322
7075	0	0	0	316	0	316
7076	0	0	0	310	0	310
7077	0	0	0	317	0	317
7078	0	0	317	0	0	317
7079	251	0	1	0	0	252
7080	293	0	0	0	0	293
7081	0	292	1	0	0	293
7082	0	0	0	314	0	314
7083	0	306	0	0	0	306
7084	0	0	0	313	0	313
7085	317	0	0	0	0	317
7086	0	299	1	0	0	300
7087	0	0	0	316	0	316
7088	318	0	0	0	0	318
7089	306	0	0	0	0	306
7090	0	0	0	281	0	281
7091	0	0	285	0	0	285
7092	0	0	0	276	0	276
7093	0	281	0	0	0	281
7094	292	0	0	0	0	292
7095	0	280	0	0	0	280
7096	0	0	0	284	0	284
7097	292	0	0	0	0	292
7098	0	0	0	277	0	277
7099	0	0	0	276	0	276
7100	0	0	288	0	0	288
7101	0	273	0	0	0	273
7102	279	0	0	0	0	279
7103	273	0	0	0	0	273
7104	0	275	0	0	0	275
7105	0	284	0	0	0	284
7106	0	0	0	289	0	289
7107	290	0	0	0	0	290
7108	0	280	0	0	0	280
7109	0	0	0	284	0	284
7110	0	0	278	0	0	278
7111	0	0	0	261	0	261
7112	290	0	0	0	0	290
7113	0	281	0	0	0	281
7114	0	0	0	332	0	332
7115	1	0	330	0	0	331
7116	0	0	301	0	0	301
7117	0	0	1	304	0	305
7118	0	0	0	434	0	434
7119	0	426	0	1	0	427
7120	0	0	0	448	0	448
7121	472	0	0	0	0	472
7122	0	0	0	483	0	483
7123	501	0	0	0	0	501
7124	0	535	0	0	0	535
7125	0	562	1	0	0	563
7126	0	0	0	585	0	585
7127	0	0	0	537	0	537
7128	1	0	541	1	0	543
7129	0	0	1	490	0	491
7130	541	0	0	1	0	542
7131	1	0	544	1	0	546
7132	0	0	1	510	0	511
7133	0	0	620	3	0	623
7134	0	0	1	608	0	609
7135	0	0	0	645	0	645
7136	0	0	0	672	0	672
7137	0	0	681	1	0	682
7138	0	0	1	630	0	631
7139	0	649	1	1	0	651
7140	0	1	0	621	0	622
7141	0	0	0	588	0	588
7142	574	0	0	1	0	575
7143	4	1	548	0	0	553
7144	0	0	3	592	0	595
7145	0	0	596	8	0	604
7146	1	0	539	0	0	540
7147	0	0	8	584	0	592
7148	0	0	0	596	0	596
7149	0	0	0	623	0	623
7150	631	0	0	13	0	644
7151	13	0	613	1	0	627
7152	578	1	11	1	0	591
7153	13	0	1	624	0	638
7154	0	0	1	677	0	678
7155	1	757	1	13	0	772
7156	3	12	1	752	0	768
7157	0	0	1	811	0	812
7158	1	0	1	813	0	815
7159	797	0	1	15	0	813
7160	15	3	782	2	0	802
7161	703	1	9	2	0	715
7162	13	764	2	6	0	785
7163	792	11	1	5	0	809
7164	11	761	2	3	0	777
7165	1	770	1	3	0	775
7166	2	13	3	805	0	823
7167	804	0	2	17	0	823
7168	15	1	3	786	0	805
7169	1	771	3	16	0	791
7170	1	916	4	6	0	927
7171	2	12	1	950	0	965
7172	1	0	2	939	0	942
7173	4	926	1	14	0	945
7174	1	12	2	1000	0	1015
7175	3	1	1	987	0	992
7176	2	2	1	984	0	989
7177	1094	0	0	20	0	1114
7178	13	3	1153	5	0	1174
7179	1171	4	13	5	0	1193
7180	1252	1	1	5	0	1259
7181	1241	0	4	5	0	1250
7182	16	1192	2	4	0	1214
7183	3	14	0	1251	0	1268
7184	1256	2	2	17	0	1277
7185	16	3	1	1235	0	1255
7186	1253	2	1	16	0	1272
7187	18	1234	2	0	0	1254
7188	1400	14	1	4	0	1419
7189	1397	1	0	7	0	1405
7190	1400	1	0	5	0	1406
7191	15	3	1	1425	0	1444
7192	2	1	2	1514	0	1519
7193	1520	3	0	20	0	1543
7194	15	1504	3	5	0	1527
7195	4	1549	3	6	0	1562
7196	1596	13	1	3	0	1613
7197	15	3	2	1568	0	1588
7198	5	3	0	1553	0	1561
7199	5	1	2	1583	0	1591
7200	3	1522	0	17	0	1542
7201	1550	13	1	7	0	1571
7202	20	2	1	1578	0	1601
7203	4	1608	2	20	0	1634
7204	7	12	1	1684	0	1704
7205	5	4	2	1774	0	1785
7206	2	4	0	1772	0	1778
7207	3	4	0	1786	0	1793
7208	1809	2	1	23	0	1835
7209	1784	5	4	5	0	1798
7210	1843	3	0	8	0	1854
7211	17	2	1	1844	0	1864
7212	5	3	1735	23	0	1766
7213	8	6	1584	8	0	1606
7214	11	4	1658	4	0	1677
7215	1800	2	14	8	0	1824
7216	20	3	2	1848	0	1873
7217	7	1	2	1828	0	1838
7218	5	6	2	1784	0	1797
7219	1761	5	1	19	0	1786
7220	1741	1	1	10	0	1753
7221	19	1855	2	10	0	1886
7222	5	16	1	1945	0	1967
7223	7	4	1897	19	0	1927
7224	5	1835	12	4	0	1856
7225	6	12	0	1934	0	1952
7226	5	1	2	1923	0	1931
7227	2	5	1	1892	0	1900
7228	3	3	1	1878	0	1885
7229	4	2	1875	19	0	1900
7230	4	3	1800	10	0	1817
7231	3	1775	14	6	0	1798
7232	3	13	3	1882	0	1901
7233	6	2	2	1829	0	1839
7234	1801	1	2	19	0	1823
7235	19	6	1733	6	0	1764
7236	3	2	16	1710	0	1731
7237	2	2	2	1794	0	1800
7238	9	0	1768	14	0	1791
7239	5	1661	12	8	0	1686
7240	1786	16	0	7	0	1809
7241	14	3	1782	6	0	1805
7242	1708	2	11	6	0	1727
7243	19	1	1763	4	0	1787
7244	3	0	6	1694	0	1703
7245	3	3	1783	8	0	1797
7246	3	3	1804	3	0	1813
7247	1	0	0	1721	0	1722
7248	3	4	3	1592	0	1602
7249	0	1	1	1806	0	1808
7250	1	0	0	1759	0	1760
7251	0	0	1	1771	0	1772
7252	0	0	1750	3	0	1753
7253	0	3	1622	2	0	1627
7254	1	1556	3	4	0	1564
7255	1692	0	1	1	0	1694
7256	1	0	1	1696	0	1698
7257	1663	0	0	2	0	1665
7258	1	0	0	1641	0	1642
7259	1654	0	1	1	0	1656
7260	2	0	1	1642	0	1645
7261	1	2	0	1670	0	1673
7262	1	1652	1	2	0	1656
7263	0	0	1	1736	0	1737
7264	0	0	0	1719	0	1719
7265	1	0	0	1712	0	1713
7266	1	0	0	1724	0	1725
7267	0	1639	1	1	0	1641
7268	1727	0	0	2	0	1729
7269	0	1648	3	0	0	1651
7270	0	0	0	1583	0	1583
7271	1574	0	0	0	0	1574
7272	1	1	1477	0	0	1479
7273	1	2	1496	0	0	1499
7274	1	0	1	1424	0	1426
7275	0	1	1	1527	0	1529
7276	0	1	0	1527	0	1528
7277	1	0	0	1383	0	1384
7278	0	0	0	1355	0	1355
7279	0	1252	0	1	0	1253
7280	0	4	0	1306	0	1310
7281	1301	0	0	0	0	1301
7282	0	0	0	1289	0	1289
7283	0	0	1342	0	0	1342
7284	0	0	5	1319	0	1324
7285	1345	1	2	6	0	1354
7286	5	1306	0	2	0	1313
7287	2	4	0	1458	0	1464
7288	0	1	0	1451	0	1452
7289	0	2	1420	13	0	1435
7290	0	2	2229	2	0	2233
7291	2699	0	60	0	0	2759
7292	94	0	28	2779	0	2901
7293	36	0	19	2922	0	2977
7294	29	3	2875	145	0	3052
7295	9	3	2871	74	0	2957
7296	5	2882	148	46	0	3081
7297	3	108	61	2980	0	3152
7298	4	48	2832	125	0	3009
7299	0	2976	128	50	0	3154
7300	3066	125	52	34	0	3277
7301	3216	52	33	19	0	3320
7302	167	37	15	2996	0	3215
7303	78	3022	13	113	0	3226
7304	3086	130	9	47	0	3272
7305	161	56	7	2467	0	2691
7306	66	39	2731	129	0	2965
7307	41	2868	108	42	0	3059
7308	2889	132	45	29	0	3095
7309	2999	46	32	22	0	3099
7310	165	97	18	2803	0	3083
7311	75	21	15	3002	0	3113
7312	51	23	2726	172	0	2972
7313	33	10	109	2927	0	3079
7314	21	6	42	2962	0	3031
7315	14	6	29	2952	0	3001
7316	12	6	17	2986	0	3021
7317	8	7	12	2872	0	2899
7318	10	2687	12	217	0	2926
7319	2761	122	7	114	0	3004
7320	133	42	2566	74	0	2815
7321	49	2555	111	49	0	2764
7322	39	132	47	2593	0	2811
7323	2532	62	37	136	0	2767
7324	140	38	21	2563	0	2762
7325	55	17	15	2663	0	2750
7326	35	17	10	2687	0	2749
7327	22	11	9	2740	0	2782
7328	24	14	2327	232	0	2597
7329	16	2442	119	125	0	2702
7330	2531	126	45	84	0	2786
7331	130	47	2441	67	0	2685
7332	54	35	141	2545	0	2775
7333	2537	27	62	145	0	2771
7334	142	2511	38	66	0	2757
7335	2559	136	27	49	0	2771
7336	160	53	23	2523	0	2759
7337	78	45	17	2638	0	2778
7338	62	26	11	2690	0	2789
7339	41	21	5	2727	0	2794
7340	2513	12	6	244	0	2775
7341	138	16	9	2560	0	2723
7342	67	13	7	2681	0	2768
7343	2506	8	8	227	0	2749
7344	157	8	2354	121	0	2640
7345	64	11	123	2474	0	2672
7346	2391	15	45	177	0	2628
7347	2485	4	37	86	0	2612
7348	192	6	18	2416	0	2632
7349	90	5	18	2464	0	2577
7350	59	2279	13	206	0	2557
7351	38	116	7	2449	0	2610
7352	29	42	7	2552	0	2630
7353	14	33	2250	235	0	2532
7354	19	24	2316	142	0	2501
7355	19	2241	162	99	0	2521
7356	16	131	73	2281	0	2501
7357	20	48	55	2435	0	2558
7358	2285	42	46	201	0	2574
7359	132	35	30	2388	0	2585
7360	59	28	2244	213	0	2544
7361	51	14	133	2382	0	2580
7362	40	17	2177	206	0	2440
7363	29	16	2273	114	0	2432
7364	31	15	181	2210	0	2437
7365	16	9	95	2404	0	2524
7366	2232	28	55	215	0	2530
7367	2364	19	39	104	0	2526
7368	186	15	30	2314	0	2545
7369	2310	12	25	181	0	2528
7370	2397	13	15	100	0	2525
7371	220	13	13	2270	0	2516
7372	123	12	10	2408	0	2553
7373	2283	17	9	223	0	2532
7374	2434	6	12	123	0	2575
7375	205	4	17	2320	0	2546
7376	103	2186	20	196	0	2505
7377	70	129	10	2333	0	2542
7378	59	48	10	2460	0	2577
7379	41	37	2122	234	0	2434
7380	25	17	119	2413	0	2574
7381	2154	16	50	228	0	2448
7382	132	2239	44	120	0	2535
7383	2248	117	32	88	0	2485
7384	2308	55	18	66	0	2447
7385	2366	46	11	59	0	2482
7386	235	30	5	2245	0	2515
7387	108	21	1939	160	0	2228
7388	67	25	2001	90	0	2183
7389	48	2003	164	78	0	2293
7390	28	1168	29	28	0	1253
7391	7	519	7	9	0	542
7392	2	459	17	7	0	485
7393	23	27	423	4	0	477
7394	254	4	11	6	0	275
7395	8	0	2	204	0	214
7396	4	0	0	214	0	218
7397	4	0	0	210	0	214
7398	2	205	0	10	0	217
7399	211	7	1	2	0	221
7400	8	3	204	2	0	217
7401	2	147	3	0	0	152
7402	0	3	1	153	0	157
7403	182	2	0	3	0	187
7404	3	0	0	186	0	189
7405	2	0	184	3	0	189
7406	0	0	180	2	0	182
7407	0	0	5	181	0	186
7408	0	0	2	183	0	185
7409	185	0	0	5	0	190
7410	3	0	176	2	0	181
7411	180	0	3	0	0	183
7412	183	0	1	0	0	184
7413	5	0	0	184	0	189
7414	2	0	180	3	0	185
7415	0	0	3	188	0	191
7416	182	0	2	3	0	187
7417	3	181	0	2	0	186
7418	183	3	0	0	0	186
7419	3	2	0	180	0	185
7420	2	183	0	4	0	189
7421	0	4	0	187	0	191
7422	0	2	0	181	0	183
7423	0	180	0	6	0	186
7424	0	2	1	186	0	189
7425	0	2	0	198	0	200
7426	0	0	0	201	0	201
7427	0	2	185	6	0	193
7428	1	188	4	2	0	195
7429	194	4	1	0	0	199
7430	5	2	0	194	0	201
7431	2	215	0	4	0	221
7432	223	5	1	2	0	231
7433	5	1	0	223	0	229
7434	2	2	0	227	0	231
7435	1	2	0	229	0	232
7436	1	1	0	230	0	232
7437	221	1	0	9	0	231
7438	5	0	1	228	0	234
7439	3	0	0	233	0	236
7440	223	0	0	9	0	232
7441	6	0	0	227	0	233
7442	2	1	204	8	0	215
7443	1	1	5	213	0	220
7444	247	0	1	7	0	255
7445	5	0	3	250	0	258
7446	2	1	223	7	0	233
7447	1	0	221	5	0	227
7448	226	0	4	3	0	233
7449	238	0	3	3	0	244
7450	235	0	3	1	0	239
7451	240	0	1	1	0	242
7452	9	0	236	2	0	247
7453	4	0	4	252	0	260
7454	4	0	3	254	0	261
7455	243	0	2	10	0	255
7456	8	0	2	254	0	264
7457	4	1	241	9	0	255
7458	4	0	5	251	0	260
7459	0	1	246	9	0	256
7460	1	247	7	5	0	260
7461	250	4	2	4	0	260
7462	6	3	2	253	0	264
7463	5	2	241	8	0	256
7464	3	1	7	251	0	262
7465	4	0	2	258	0	264
7466	3	0	242	12	0	257
7467	1	0	8	256	0	265
7468	252	1	4	10	0	267
7469	9	1	240	6	0	256
7470	242	1	6	6	0	255
7471	8	244	3	2	0	257
7472	5	3	246	4	0	258
7473	2	4	216	29	0	251
7474	1	3	4	184	0	192
7475	0	0	2	213	0	215
7476	0	2	213	6	0	221
7477	2	1	5	210	0	218
7478	212	0	1	9	0	222
7479	215	0	2	3	0	220
7480	6	0	2	177	0	185
7481	2	1	2	176	0	181
7482	4	178	1	1	0	184
7483	182	3	1	5	0	191
7484	6	0	0	181	0	187
7485	1	178	0	5	0	184
7486	183	4	2	2	0	191
7487	177	1	0	5	0	183
7488	3	107	3	1	0	114
7489	1	5	1	154	0	161
7490	5	0	1	156	0	162
7491	3	3	169	7	0	182
7492	1	2	7	175	0	185
7493	169	0	1	11	0	181
7494	5	0	1	179	0	185
7495	3	0	172	6	0	181
7496	168	0	5	8	0	181
7497	8	0	3	177	0	188
7498	3	1	173	10	0	187
7499	4	0	7	177	0	188
7500	3	2	190	7	0	202
7501	3	1	7	192	0	203
7502	3	1	4	199	0	207
7503	194	0	3	7	0	204
7504	4	187	3	4	0	198
7505	194	4	1	5	0	204
7506	194	1	0	5	0	200
7507	195	1	3	0	0	199
7508	7	187	1	2	0	197
7509	5	3	184	1	0	193
7510	3	1	4	193	0	201
7511	195	2	1	4	0	202
7512	196	1	1	2	0	200
7513	5	1	3	191	0	200
7514	196	1	1	4	0	202
7515	8	0	186	3	0	197
7516	187	1	5	1	0	194
7517	6	1	182	4	0	193
7518	4	178	6	4	0	192
7519	193	5	3	3	0	204
7520	192	2	4	2	0	200
7521	5	184	2	5	0	196
7522	197	4	1	1	0	203
7523	197	1	1	4	0	203
7524	9	2	186	0	0	197
7525	183	2	4	4	0	193
7526	6	1	177	3	0	187
7527	5	0	6	164	0	175
7528	2	172	3	5	0	182
7529	3	0	179	4	0	186
7530	144	1	5	18	0	168
7531	152	0	2	2	0	156
7532	4	2	0	154	0	160
7533	2	1	150	2	0	155
7534	2	0	2	152	0	156
7535	150	0	1	2	0	153
7536	1	148	0	3	0	152
7537	154	3	2	1	0	160
7538	152	1	1	3	0	157
7539	5	149	1	1	0	156
7540	4	2	0	150	0	156
7541	156	1	0	3	0	160
7542	5	0	0	153	0	158
7543	2	2	1	149	0	154
7544	1	0	113	3	0	117
7545	2	0	3	161	0	166
7546	1	1	2	171	0	175
7547	167	1	0	7	0	175
7548	198	0	0	3	0	201
7549	16	1	1	197	0	215
7550	2	1	196	14	0	213
7551	5	0	173	1	0	179
7552	2	0	15	161	0	178
7553	1	1	160	13	0	175
7554	2	0	14	156	0	172
7555	0	0	3	164	0	167
7556	158	2	1	16	0	177
7557	15	0	156	1	0	172
7558	161	0	13	2	0	176
7559	172	0	2	1	0	175
7560	16	0	151	1	0	168
7561	2	0	164	1	0	167
7562	2	18	13	131	0	164
7563	2	125	1	12	0	140
7564	1	144	2	1	0	148
7565	2	13	1	139	0	155
7566	3	1	1	149	0	154
7567	1	1	0	151	0	153
7568	0	2	1	155	0	158
7569	140	0	0	16	0	156
7570	14	0	0	144	0	158
7571	1	1	131	16	0	149
7572	2	0	11	131	0	144
7573	1	133	2	12	0	148
7574	0	11	1	146	0	158
7575	137	1	1	14	0	153
7576	14	1	0	144	0	159
7577	2	1	132	15	0	150
7578	1	134	12	4	0	151
7579	1	10	3	142	0	156
7580	137	1	2	13	0	153
7581	154	0	2	3	0	159
7582	14	1	0	142	0	157
7583	3	0	137	14	0	154
7584	3	0	143	3	0	149
7585	143	0	14	2	0	159
7586	13	0	143	1	0	157
7587	3	0	178	3	0	184
7588	2	41	15	127	0	185
7589	128	0	1	11	0	140
7590	135	0	1	0	0	136
7591	139	0	0	3	0	142
7592	12	0	127	1	0	140
7593	1	0	134	2	0	137
7594	1	122	14	2	0	139
7595	1	10	2	124	0	137
7596	1	1	2	135	0	139
7597	0	2	1	135	0	138
7598	1	0	1	138	0	140
7599	0	0	126	15	0	141
7600	1	108	7	4	0	120
7601	115	11	1	3	0	130
7602	117	0	1	2	0	120
7603	119	1	3	3	0	126
7604	14	107	1	2	0	124
7605	2	12	2	112	0	128
7606	110	2	3	13	0	128
7607	12	129	2	4	0	147
7608	128	11	2	5	0	146
7609	12	128	1	4	0	145
7610	130	13	2	4	0	149
7611	145	2	2	1	0	150
7612	11	1	1	133	0	146
7613	3	0	2	145	0	150
7614	3	0	131	14	0	148
7615	1	1	136	5	0	143
7616	131	1	12	6	0	150
7617	146	2	3	1	0	152
7618	11	2	2	134	0	149
7619	2	2	3	145	0	152
7620	2	1	126	16	0	145
7621	1	1	9	139	0	150
7622	3	0	131	16	0	150
7623	4	0	12	131	0	147
7624	1	2	1	147	0	151
7625	131	1	3	14	0	149
7626	139	2	3	2	0	146
7627	12	2	0	137	0	151
7628	3	1	1	147	0	152
7629	3	0	132	14	0	149
7630	1	0	12	137	0	150
7631	2	1	130	15	0	148
7632	131	1	13	1	0	146
7633	13	2	1	136	0	152
7634	129	1	3	13	0	146
7635	14	127	2	1	0	144
7636	133	12	1	3	0	149
7637	12	1	2	135	0	150
7638	1	1	4	139	0	145
7639	3	129	3	12	0	147
7640	1	12	3	133	0	149
7641	3	0	126	14	0	143
7642	2	3	11	133	0	149
7643	4	1	128	14	0	147
7644	5	128	12	2	0	147
7645	0	6	0	82	0	88
7646	0	0	81	8	0	89
7647	1	0	88	0	0	89
7648	0	0	0	52	0	52
7649	52	0	0	0	0	52
7650	0	0	52	0	0	52
7651	0	0	0	52	0	52
7652	52	0	0	0	0	52
7653	0	48	0	0	0	48
7654	52	0	0	0	0	52
7655	0	0	0	51	0	51
7656	0	0	0	101	0	101
7657	0	0	0	103	0	103
7658	103	0	0	0	0	103
7659	0	0	0	103	0	103
7660	0	0	0	103	0	103
7661	101	0	0	0	0	101
7662	0	0	102	0	0	102
7663	0	0	0	98	0	98
7664	0	0	102	0	0	102
7665	102	0	0	0	0	102
7666	0	0	0	102	0	102
7667	0	0	102	0	0	102
7668	99	0	0	0	0	99
7669	97	0	0	0	0	97
7670	0	0	103	0	0	103
7671	0	0	0	97	0	97
7672	0	0	0	103	0	103
7673	0	0	98	0	0	98
7674	0	145	0	0	0	145
7675	1	0	160	0	0	161
7676	147	0	0	0	0	147
7677	0	0	160	0	0	160
7678	147	0	0	0	0	147
7679	0	0	159	0	0	159
7680	152	0	0	0	0	152
7681	0	153	0	0	0	153
7682	0	0	0	156	0	156
7683	0	0	0	161	0	161
7684	0	0	160	0	0	160
7685	0	0	0	157	0	157
7686	0	159	0	0	0	159
7687	132	0	0	0	0	132
7688	0	126	0	0	0	126
7689	0	0	0	132	0	132
7690	130	0	0	0	0	130
7691	0	130	0	0	0	130
7692	130	0	0	0	0	130
7693	0	0	127	0	0	127
7694	0	0	0	125	0	125
7695	0	0	0	126	0	126
7696	0	0	0	130	0	130
7697	130	0	0	0	0	130
7698	130	0	0	0	0	130
7699	127	0	0	0	0	127
7700	131	0	0	0	0	131
7701	0	0	129	0	0	129
7702	124	0	0	1	0	125
7703	0	126	0	0	0	126
7704	0	125	0	0	0	125
7705	130	0	0	0	0	130
7706	129	0	0	0	0	129
7707	0	0	0	107	0	107
7708	125	0	0	0	0	125
7709	121	0	0	0	0	121
7710	126	0	0	0	0	126
7711	0	0	0	123	0	123
7712	0	118	0	0	0	118
7713	0	130	0	0	0	130
7714	0	0	0	133	0	133
7715	134	0	0	0	0	134
7716	0	133	0	0	0	133
7717	0	0	0	133	0	133
7718	0	0	131	0	0	131
7719	112	1	0	0	0	113
7720	0	124	0	0	0	124
7721	0	132	0	0	0	132
7722	129	0	0	0	0	129
7723	0	0	128	0	0	128
7724	0	0	0	128	0	128
7725	0	127	0	0	0	127
7726	0	0	0	133	0	133
7727	0	0	0	130	0	130
7728	0	125	0	0	0	125
7729	0	0	0	132	0	132
7730	0	0	0	129	0	129
7731	133	0	0	0	0	133
7732	0	128	0	0	0	128
7733	130	0	0	0	0	130
7734	0	0	0	129	0	129
7735	0	125	0	0	0	125
7736	0	0	118	0	0	118
7737	0	0	0	121	0	121
7738	0	0	0	127	0	127
7739	0	0	119	8	0	127
7740	111	0	0	0	0	111
7741	0	0	0	156	0	156
7742	157	0	0	2	0	159
7743	2	0	156	1	0	159
7744	1	0	2	158	0	161
7745	1	0	158	2	0	161
7746	0	0	2	149	0	151
7747	0	0	1	204	0	205
7748	201	0	1	6	0	208
7749	7	191	0	2	0	200
7750	202	5	0	1	0	208
7751	6	1	198	0	0	205
7752	1	1	4	193	0	199
7753	1	0	201	5	0	207
7754	179	1	5	1	0	186
7755	203	0	1	1	0	205
7756	6	0	149	0	0	155
7757	147	0	5	0	0	152
7758	156	0	1	0	0	157
7759	5	0	1	152	0	158
7760	1	0	149	4	0	154
7761	1	0	147	1	0	149
7762	0	0	5	148	0	153
7763	0	0	2	149	0	151
7764	1	147	1	6	0	155
7765	0	157	1	2	0	160
7766	153	6	0	2	0	161
7767	5	2	1	152	0	160
7768	1	144	0	6	0	151
7769	1	152	0	2	0	155
7770	186	6	0	1	0	193
7771	5	3	0	185	0	193
7772	2	187	0	7	0	196
7773	1	5	1	189	0	196
7774	0	1	0	145	0	146
7775	0	1	1	145	0	147
7776	139	0	0	7	0	146
7777	6	154	0	3	0	163
7778	2	4	1	160	0	167
7779	2	1	1	166	0	170
7780	2	1	0	165	0	168
7781	1	1	152	8	0	162
7782	152	0	6	2	0	160
7783	7	0	3	159	0	169
7784	158	0	3	7	0	168
7785	162	0	1	3	0	166
7786	166	1	1	1	0	169
7787	7	1	155	1	0	164
7788	4	185	6	0	0	195
7789	1	4	3	190	0	198
7790	2	2	185	6	0	195
7791	1	2	187	3	0	193
7792	1	1	5	188	0	195
7793	1	184	4	4	0	193
7794	189	6	3	2	0	200
7795	214	1	0	5	0	220
7796	218	1	1	1	0	221
7797	217	3	0	2	0	222
7798	10	1	202	2	0	215
7799	205	1	4	2	0	212
7800	6	215	1	2	0	224
7801	2	7	1	214	0	224
7802	3	2	2	219	0	226
7803	217	1	1	10	0	229
7804	7	1	2	215	0	225
7805	3	1	207	9	0	220
7806	207	0	5	4	0	216
7807	209	1	3	4	0	217
7808	211	0	1	2	0	214
7809	10	1	193	0	0	204
7810	192	2	5	4	0	203
7811	6	190	5	4	0	205
7812	201	6	4	2	0	213
7813	8	1	2	192	0	203
7814	3	1	2	199	0	205
7815	3	189	1	7	0	200
7816	3	8	0	195	0	206
7817	5	188	1	9	0	203
7818	3	5	2	196	0	206
7819	2	189	2	6	0	199
7820	0	8	2	191	0	201
7821	3	193	0	8	0	204
7822	1	7	1	192	0	201
7823	1	189	2	6	0	198
7824	193	6	1	5	0	205
7825	7	2	0	194	0	203
7826	2	2	1	200	0	205
7827	6	1	1	198	0	206
7828	4	3	0	200	0	207
7829	4	0	197	11	0	212
7830	2	1	4	210	0	217
7831	2	0	3	218	0	223
7832	207	1	3	7	0	218
7833	208	2	1	4	0	215
7834	9	204	0	5	0	218
7835	5	6	0	239	0	250
7836	5	1	0	279	0	285
7837	319	2	2	15	0	338
7838	18	1	321	5	0	345
7839	319	3	16	2	0	340
7840	18	327	2	3	0	350
7841	302	13	2	2	0	319
7842	298	1	1	2	0	302
7843	13	294	1	1	0	309
7844	3	310	0	1	0	314
7845	2	15	1	298	0	316
7846	1	2	295	17	0	315
7847	252	0	11	1	0	264
7848	11	0	251	0	0	262
7849	248	0	11	0	0	259
7850	11	0	253	0	0	264
7851	1	251	9	0	0	261
7852	0	10	1	255	0	266
7853	256	0	0	11	0	267
7854	267	0	0	1	0	268
7855	12	0	0	257	0	269
7856	255	0	0	11	0	266
7857	262	0	0	1	0	263
7858	10	252	0	0	0	262
7859	259	9	0	0	0	268
7860	11	248	1	0	0	260
7861	1	11	0	309	0	321
7862	306	0	0	10	0	316
7863	315	0	0	1	0	316
7864	319	0	0	0	0	319
7865	10	0	296	0	0	306
7866	1	0	301	0	0	302
7867	0	0	10	298	0	308
7868	1	0	1	303	0	305
7869	0	306	0	10	0	316
7870	271	10	0	1	0	282
7871	11	1	0	268	0	280
7872	1	0	0	282	0	283
7873	0	1	280	12	0	293
7874	0	275	10	2	0	287
7875	0	284	1	2	0	287
7876	0	12	0	290	0	302
7877	297	0	0	11	0	308
7878	11	0	0	292	0	303
7879	1	0	0	307	0	308
7880	292	0	0	11	0	303
7881	306	0	0	1	0	307
7882	12	0	0	295	0	307
7883	1	0	290	11	0	302
7884	1	0	11	291	0	303
7885	0	0	1	307	0	308
7886	296	0	0	12	0	308
7887	11	0	0	294	0	305
7888	268	0	0	11	0	279
7889	11	0	295	1	0	307
7890	1	0	10	314	0	325
7891	0	0	0	322	0	322
7892	0	0	0	328	0	328
7893	0	0	0	322	0	322
7894	0	0	0	327	0	327
7895	0	0	285	13	0	298
7896	282	0	10	1	0	293
7897	13	0	1	293	0	307
7898	1	0	295	12	0	308
7899	1	0	301	2	0	304
7900	1	1	12	291	0	305
7901	296	0	1	11	0	308
7902	300	0	0	1	0	301
7903	308	2	0	0	0	310
7904	14	1	0	273	0	288
7905	2	279	0	13	0	294
7906	294	13	1	2	0	310
7907	305	2	0	0	0	307
7908	305	0	1	1	0	307
7909	309	0	1	0	0	310
7910	13	1	1	294	0	309
7911	2	0	292	12	0	306
7912	2	0	12	295	0	309
7913	1	1	290	12	0	304
7914	293	2	12	2	0	309
7915	305	0	1	4	0	310
7916	15	0	291	1	0	307
7917	286	0	11	1	0	298
7918	303	1	2	2	0	308
7919	16	0	1	285	0	302
7920	3	288	1	10	0	302
7921	292	13	0	3	0	308
7922	14	0	0	292	0	306
7923	3	282	2	10	0	297
7924	2	10	0	298	0	310
7925	2	1	293	13	0	309
7926	2	283	11	1	0	297
7927	297	12	1	1	0	311
7928	283	2	17	1	0	303
7929	287	1	1	0	0	289
7930	289	1	0	1	0	291
7931	12	0	0	269	0	281
7932	3	270	0	11	0	284
7933	277	11	1	0	0	289
7934	13	2	268	2	0	285
7935	1	233	9	1	0	244
7936	0	4	222	2	0	228
7937	0	0	2	170	0	172
7938	0	144	0	1	0	145
7939	1	1	0	157	0	159
7940	0	0	153	1	0	154
7941	1	1	1	147	0	150
7942	0	0	0	154	0	154
7943	0	0	0	158	0	158
7944	153	1	0	1	0	155
7945	3	149	0	0	0	152
7946	0	1	0	156	0	157
7947	155	1	0	1	0	157
7948	1	147	0	2	0	150
7949	151	1	1	0	0	153
7950	1	1	149	0	0	151
7951	1	0	1	149	0	151
7952	1	151	0	0	0	152
7953	155	1	0	0	0	156
7954	1	0	149	0	0	150
7955	0	133	1	1	0	135
7956	0	3	2	147	0	152
7957	1	0	0	153	0	154
7958	152	0	1	1	0	154
7959	1	1	0	149	0	151
7960	0	0	148	1	0	149
7961	0	0	1	103	0	104
7962	0	1	102	1	0	104
7963	0	0	1	98	0	99
7964	0	95	1	1	0	97
7965	102	1	0	1	0	104
7966	95	0	0	1	0	96
7967	1	101	0	1	0	103
7968	1	98	0	0	0	99
7969	0	2	0	102	0	104
7970	101	0	0	2	0	103
7971	2	0	0	99	0	101
7972	135	1	0	1	0	137
7973	2	138	1	0	0	141
7974	0	1	1	142	0	144
7975	0	0	141	2	0	143
7976	26	1	1	111	0	139
7977	1	0	0	153	0	154
7978	172	0	1	1	0	174
7979	1	155	1	0	0	157
7980	0	1	0	171	0	172
7981	172	0	0	2	0	174
7982	2	0	167	0	0	169
7983	152	0	1	1	0	154
7984	1	0	1	169	0	171
7985	0	164	0	2	0	166
7986	167	1	1	0	0	169
7987	1	0	167	1	0	169
7988	0	1	162	0	0	163
7989	1	135	1	0	0	137
7990	126	0	0	0	0	126
7991	0	0	0	125	0	125
7992	0	0	0	163	0	163
7993	166	0	0	1	0	167
7994	1	0	164	0	0	165
7995	0	0	0	164	0	164
7996	0	0	171	1	0	172
7997	0	0	1	168	0	169
7998	0	210	0	1	0	211
7999	0	1	0	220	0	221
8000	0	0	213	2	0	215
8001	208	0	3	0	0	211
8002	2	0	0	221	0	223
8003	0	0	222	2	0	224
8004	0	0	2	223	0	225
8005	0	0	0	232	0	232
8006	0	0	222	2	0	224
8007	0	0	214	1	0	215
8008	0	0	2	216	0	218
8009	0	0	220	2	0	222
8010	215	0	2	0	0	217
8011	2	0	0	227	0	229
8012	227	0	0	2	0	229
8013	3	0	221	0	0	224
8014	0	0	2	225	0	227
8015	0	0	239	3	0	242
8016	0	226	3	1	0	230
8017	1	1	243	0	0	245
8018	0	0	233	0	0	233
8019	246	0	2	1	0	249
8020	263	0	2	0	0	265
8021	4	1	258	1	0	264
8022	1	0	5	269	0	275
8023	0	0	1	286	0	287
8024	1	0	285	4	0	290
8025	1	274	4	2	0	281
8026	282	4	0	2	0	288
8027	4	0	291	1	0	296
8028	1	0	4	291	0	296
8029	0	0	0	306	0	306
8030	307	0	2	3	0	312
8031	307	0	1	1	0	309
8032	306	0	0	2	0	308
8033	308	0	2	0	0	310
8034	5	0	1	302	0	308
8035	0	2	292	6	0	300
8036	1	0	4	295	0	300
8037	1	0	1	300	0	302
8038	0	0	0	303	0	303
8039	1	0	288	4	0	293
8040	280	1	3	0	0	284
8041	4	0	1	315	0	320
8042	0	1	310	4	0	315
8043	1	348	4	0	0	353
8044	1	4	1	364	0	370
8045	0	0	2	372	0	374
8046	365	0	0	5	0	370
8047	5	356	1	2	0	364
8048	1	4	398	0	0	403
8049	0	1	5	382	0	388
8050	1	0	1	406	0	408
8051	396	0	4	4	0	404
8052	394	3	0	2	0	399
8053	6	1	0	403	0	410
8054	404	0	1	5	0	410
8055	4	381	1	2	0	388
8056	2	4	389	2	0	397
8057	3	0	4	380	0	387
8058	1	0	0	407	0	408
8059	1	0	1	403	0	405
8060	1	0	0	400	0	401
8061	0	385	1	7	0	393
8062	402	4	2	1	0	409
8063	4	1	1	399	0	405
8064	0	437	2	6	0	445
8065	456	4	0	2	0	462
8066	446	0	3	1	0	450
8067	7	442	1	0	0	450
8068	0	4	0	465	0	469
8069	0	0	1	469	0	470
8070	1	2	0	460	0	463
8071	0	1	0	465	0	466
8072	425	0	2	7	0	434
8073	383	0	1	2	0	386
8074	5	389	0	1	0	395
8075	2	3	393	0	0	398
8076	1	0	5	393	0	399
8077	374	0	0	8	0	382
8078	6	334	1	1	0	342
8079	1	348	0	1	0	350
8080	360	5	1	1	0	367
8081	359	0	0	1	0	360
8082	5	2	0	353	0	360
8083	0	0	358	6	0	364
8084	0	1	347	6	0	354
8085	430	1	4	3	0	438
8086	447	0	1	2	0	450
8087	443	1	0	4	0	448
8088	442	3	0	0	0	445
8089	443	0	1	1	0	445
8090	4	418	2	3	0	427
8091	0	6	0	455	0	461
8092	2	432	0	3	0	437
8093	509	3	0	0	0	512
8094	501	1	0	0	0	502
8095	497	0	0	1	0	498
8096	497	0	0	2	0	499
8097	3	477	1	2	0	483
8098	460	2	0	2	0	464
8099	3	441	0	1	0	445
8100	0	2	0	458	0	460
8101	456	1	1	2	0	460
8102	4	0	448	0	0	452
8103	0	0	2	479	0	481
8104	1	0	1	487	0	489
8105	0	1	498	2	0	501
8106	0	464	2	2	0	468
8107	500	2	0	1	0	503
8108	554	0	0	0	0	554
8109	2	533	0	1	0	536
8110	0	2	2	551	0	555
8111	1	1	607	2	0	611
8112	1	584	2	2	0	589
8113	610	2	0	1	0	613
8114	4	0	614	0	0	618
8115	528	0	3	2	0	533
8116	594	0	0	0	0	594
8117	2	2	645	0	0	649
8118	0	609	3	1	0	613
8119	0	1	0	683	0	684
8120	0	0	703	0	0	703
8121	674	0	0	2	0	676
8122	695	0	0	0	0	695
8123	0	669	1	0	0	670
8124	0	0	0	694	0	694
8125	0	0	0	701	0	701
8126	3	1	688	0	0	692
8127	0	659	0	0	0	659
8128	707	0	0	1	0	708
8129	694	0	0	0	0	694
8130	712	0	0	0	0	712
8131	0	1	699	0	0	700
8132	670	0	0	0	0	670
8133	667	0	47	0	0	714
8134	0	0	0	723	0	723
8135	1	0	719	0	0	720
8136	0	0	0	704	0	704
8137	0	0	715	0	0	715
8138	0	0	0	701	0	701
8139	0	685	0	0	0	685
8140	1	693	0	0	0	694
8141	0	1	0	706	0	707
8142	0	0	0	697	0	697
8143	651	0	0	0	0	651
8144	0	0	633	0	0	633
8145	617	0	0	2	0	619
8146	0	623	1	0	0	624
8147	653	0	0	0	0	653
8148	621	0	0	0	0	621
8149	0	0	0	618	0	618
8150	0	0	671	0	0	671
8151	0	0	0	672	0	672
8152	0	671	1	0	0	672
8153	1	0	0	700	0	701
8154	0	0	0	697	0	697
8155	702	0	0	0	0	702
8156	0	0	0	699	0	699
8157	0	676	1	0	0	677
8158	0	0	0	707	0	707
8159	701	0	0	0	0	701
8160	0	694	0	0	0	694
8161	0	0	0	707	0	707
8162	0	0	0	714	0	714
8163	0	0	0	743	0	743
8164	0	0	0	697	0	697
8165	686	0	0	4	0	690
8166	3	0	0	691	0	694
8167	0	0	0	715	0	715
8168	0	0	0	741	0	741
8169	0	710	0	7	0	717
8170	720	6	3	3	0	732
8171	5	5	703	0	0	713
8172	2	696	8	0	0	706
8173	723	6	2	0	0	731
8174	6	4	776	0	0	786
8175	2	756	6	1	0	765
8176	0	6	2	771	0	779
8177	0	773	0	5	0	778
8178	1	6	761	2	0	770
8179	1	3	789	1	0	794
8180	0	767	6	1	0	774
8181	822	6	2	1	0	831
8182	817	2	1	1	0	821
8183	9	2	793	0	0	804
8184	4	2	690	3	0	699
8185	1	2	715	0	0	718
8186	0	1	8	717	0	726
8187	0	0	2	723	0	725
8188	0	0	1	745	0	746
8189	0	1	787	8	0	796
8190	2	0	7	760	0	769
8191	2	0	2	774	0	778
8192	2	1	713	9	0	725
8193	609	1	8	5	0	623
8194	7	0	1	682	0	690
8195	3	1	1	675	0	680
8196	1	662	1	7	0	671
8197	679	7	2	2	0	690
8198	8	4	666	1	0	679
8199	666	0	7	1	0	674
8200	7	0	2	684	0	693
8201	4	3	707	7	0	721
8202	3	1	6	719	0	729
8203	674	1	3	10	0	688
8204	6	0	680	6	0	692
8205	667	1	6	2	0	676
8206	686	2	4	1	0	693
8207	690	1	2	1	0	694
8208	8	613	1	2	0	624
8209	3	8	0	682	0	693
8210	688	5	3	8	0	704
8211	638	1	2	5	0	646
8212	696	2	2	2	0	702
8213	17	2	662	3	0	684
8214	761	2	15	1	0	779
8215	16	2	9	842	0	869
8216	7	4	830	20	0	861
8217	6	1	21	858	0	886
8218	4	1	5	888	0	898
8219	2	2	848	32	0	884
8220	0	1	24	819	0	844
8221	0	1	12	857	0	870
8222	1	1	973	28	0	1003
8223	1029	1	25	16	0	1071
8224	1181	0	17	5	0	1203
8225	45	0	5	1328	0	1378
8226	17	2	1288	42	0	1349
8227	5	0	40	1272	0	1317
8228	6	1286	12	42	0	1346
8229	11	33	8	1289	0	1341
8230	6	13	7	1316	0	1342
8231	1287	6	5	54	0	1352
8232	1283	2	4	33	0	1322
8233	1312	5	10	14	0	1341
8234	51	4	8	1280	0	1343
8235	22	5	5	1336	0	1368
8236	17	7	1206	60	0	1290
8237	12	3	34	1256	0	1305
8238	18	1254	15	48	0	1335
8239	1289	31	11	23	0	1354
8240	53	1289	6	19	0	1367
8241	1335	40	10	17	0	1402
8242	47	15	7	1230	0	1299
8243	19	1299	15	45	0	1378
8244	1310	36	6	30	0	1382
8245	1312	27	8	21	0	1368
8246	67	12	5	1299	0	1383
8247	31	1304	5	48	0	1388
8248	24	43	4	1331	0	1402
8249	18	22	1318	51	0	1409
8250	1268	12	42	28	0	1350
8251	52	1277	15	25	0	1369
8252	1293	44	7	20	0	1364
8253	54	20	7	1295	0	1376
8254	1303	12	7	53	0	1375
8255	61	11	1246	27	0	1345
8256	1283	12	40	23	0	1358
8257	1285	7	21	16	0	1329
8258	66	9	1292	22	0	1389
8259	45	6	43	1288	0	1382
8260	28	9	24	1335	0	1396
8261	1283	7	13	74	0	1377
8262	62	1272	13	41	0	1388
8263	36	39	14	1285	0	1374
8264	32	25	1254	47	0	1358
8265	21	13	1236	40	0	1310
8266	18	1236	57	32	0	1343
8267	20	42	1239	23	0	1324
8268	1205	21	47	25	0	1298
8269	57	17	22	1198	0	1294
8270	1222	13	19	55	0	1309
8271	55	16	1183	29	0	1283
8272	28	8	50	1193	0	1279
8273	23	11	30	1237	0	1301
8274	20	12	1154	58	0	1244
8275	26	11	38	1180	0	1255
8276	1146	14	24	55	0	1239
8277	1191	1	17	34	0	1243
8278	66	9	12	1166	0	1253
8279	1151	13	15	51	0	1230
8280	1144	5	14	41	0	1204
8281	65	1091	18	30	0	1204
8282	41	34	15	1128	0	1218
8283	1137	23	7	56	0	1223
8284	57	11	13	1146	0	1227
8285	1130	8	9	58	0	1205
8286	66	11	8	1134	0	1219
8287	40	11	1076	59	0	1186
8288	37	1096	42	40	0	1215
8289	25	46	23	893	0	987
8290	29	1066	16	52	0	1163
8291	1030	47	20	36	0	1133
8292	61	1038	10	28	0	1137
8293	35	1074	11	20	0	1140
8294	26	59	18	1066	0	1169
8295	1061	37	11	58	0	1167
8296	52	18	12	1091	0	1173
8297	1074	18	10	59	0	1161
8298	1052	22	8	27	0	1109
8299	66	1062	10	33	0	1171
8300	1095	43	10	21	0	1169
8301	1058	28	9	32	0	1127
8302	1090	19	8	22	0	1139
8303	82	12	987	23	0	1104
8304	54	12	39	1002	0	1107
8305	35	13	20	1049	0	1117
8306	38	17	981	57	0	1093
8307	1016	13	41	39	0	1109
8308	1062	15	21	26	0	1124
8309	1029	6	19	23	0	1077
8310	1005	8	19	24	0	1056
8311	77	957	12	36	0	1082
8312	916	34	11	16	0	977
8313	52	16	11	915	0	994
8314	40	12	791	44	0	887
8315	783	1	24	21	0	829
8316	48	770	18	14	0	850
8317	700	29	6	12	0	747
8318	46	689	4	21	0	760
8319	26	643	7	12	0	688
8320	19	714	8	17	0	758
8321	19	725	6	7	0	757
8322	15	27	541	15	0	598
8323	8	14	15	487	0	524
8324	10	13	380	13	0	416
8325	206	0	5	5	0	216
8326	5	218	4	2	0	229
8327	4	219	3	1	0	227
8328	1	7	2	219	0	229
8329	0	6	0	222	0	228
8330	2	1	214	8	0	225
8331	1	3	219	4	0	227
8332	1	2	7	217	0	227
8333	1	2	221	5	0	229
8334	1	215	6	2	0	224
8335	0	6	4	214	0	224
8336	2	4	2	221	0	229
8337	2	1	220	7	0	230
8338	4	0	4	214	0	222
8339	220	1	4	6	0	231
8340	5	2	2	217	0	226
8341	4	0	1	203	0	208
8342	2	0	196	10	0	208
8343	177	0	6	5	0	188
8344	5	196	6	2	0	209
8345	4	4	0	201	0	209
8346	4	3	194	5	0	206
8347	1	2	5	152	0	160
8348	161	0	2	5	0	168
8349	3	0	156	4	0	163
8350	5	1	3	155	0	164
8351	2	1	160	4	0	167
8352	2	151	2	6	0	161
8353	2	2	160	4	0	168
8354	1	154	3	3	0	161
8355	1	3	157	1	0	162
8356	1	2	3	146	0	152
8357	0	154	4	2	0	160
8358	104	0	0	0	0	104
8359	0	0	0	106	0	106
8360	104	0	0	0	0	104
8361	0	0	0	105	0	105
8362	0	0	0	105	0	105
8363	103	0	1	0	0	104
8364	103	0	0	0	0	103
8365	0	0	0	165	0	165
8366	0	0	166	0	0	166
8367	0	159	0	1	0	160
8368	0	0	164	0	0	164
8369	0	155	1	1	0	157
8370	168	0	0	0	0	168
8371	0	0	163	0	0	163
8372	0	1	184	0	0	185
8373	0	0	0	179	0	179
8374	192	0	0	0	0	192
8375	0	0	191	0	0	191
8376	0	195	1	0	0	196
8377	212	0	0	0	0	212
8378	211	0	0	0	0	211
8379	235	0	0	0	0	235
8380	235	0	0	0	0	235
8381	229	0	0	0	0	229
8382	0	0	234	0	0	234
8383	0	0	0	226	0	226
8384	0	220	0	0	0	220
8385	239	0	0	0	0	239
8386	0	228	0	1	0	229
8387	234	0	0	0	0	234
8388	236	0	0	0	0	236
8389	0	227	0	0	0	227
8390	237	0	0	0	0	237
8391	0	0	0	227	0	227
8392	0	0	0	231	0	231
8393	0	0	232	0	0	232
8394	0	213	1	0	0	214
8395	0	0	0	231	0	231
8396	0	0	0	237	0	237
8397	0	0	0	236	0	236
8398	1	1	224	0	0	226
8399	189	0	0	0	0	189
8400	0	0	0	223	0	223
8401	231	0	0	0	0	231
8402	2	0	0	230	0	232
8403	2	0	228	2	0	232
8404	0	1	207	1	0	209
8405	205	0	2	0	0	207
8406	233	0	1	0	0	234
8407	3	210	0	0	0	213
8408	1	2	219	0	0	222
8409	0	1	1	210	0	212
8410	0	0	1	204	0	205
8411	228	0	0	3	0	231
8412	221	0	0	1	0	222
8413	224	0	0	0	0	224
8414	3	0	223	0	0	226
8415	221	0	2	0	0	223
8416	2	0	0	221	0	223
8417	1	0	0	215	0	216
8418	0	0	0	217	0	217
8419	0	199	0	3	0	202
8420	142	2	0	1	0	145
8421	2	1	0	142	0	145
8422	1	0	136	2	0	139
8423	0	0	1	136	0	137
8424	0	133	1	2	0	136
8425	142	2	0	1	0	145
8426	2	1	0	137	0	140
8427	1	0	0	141	0	142
8428	0	0	138	3	0	141
8429	0	0	2	138	0	140
8430	0	130	1	2	0	133
8431	0	2	0	144	0	146
8432	0	1	136	2	0	139
8433	115	0	2	1	0	118
8434	135	0	1	0	0	136
8435	3	136	0	0	0	139
8436	141	2	0	0	0	143
8437	138	1	0	0	0	139
8438	3	139	0	0	0	142
8439	1	2	0	140	0	143
8440	140	1	0	2	0	143
8441	1	131	0	1	0	133
8442	1	2	135	0	0	138
8443	135	1	2	0	0	138
8444	138	0	1	0	0	139
8445	138	0	0	0	0	138
8446	141	0	0	0	0	141
8447	2	171	0	0	0	173
8448	173	4	0	0	0	177
8449	206	1	0	0	0	207
8450	232	0	0	0	0	232
8451	8	0	0	216	0	224
8452	222	0	0	7	0	229
8453	7	273	0	1	0	281
8454	1	8	288	0	0	297
8455	0	1	7	288	0	296
8456	293	0	1	8	0	302
8457	8	1	319	1	0	329
8458	2	0	7	339	0	348
8459	1	0	342	7	0	350
8460	0	372	7	3	0	382
8461	1	7	1	385	0	394
8462	0	2	383	8	0	393
8463	0	376	8	1	0	385
8464	0	8	0	389	0	397
8465	420	1	0	5	0	426
8466	425	0	1	1	0	427
8467	427	0	0	1	0	428
8468	428	0	1	0	0	429
8469	425	2	0	1	0	428
8470	10	0	472	1	0	483
8471	484	1	7	0	0	492
8472	474	1	1	1	0	477
8473	9	0	0	470	0	479
8474	475	0	0	7	0	482
8475	475	0	1	1	0	477
8476	10	434	1	1	0	446
8477	3	5	1	453	0	462
8478	2	2	0	460	0	464
8479	432	0	2	10	0	444
8480	6	436	1	2	0	445
8481	2	492	2	0	0	496
8482	0	9	0	506	0	515
8483	3	2	0	504	0	509
8484	2	0	1	500	0	503
8485	1	2	0	515	0	518
8486	503	0	0	15	0	518
8487	493	1	0	5	0	499
8488	14	0	495	2	0	511
8489	6	1	10	464	0	481
8490	3	2	3	505	0	513
8491	3	0	523	14	0	540
8492	508	0	8	6	0	522
8493	12	521	2	3	0	538
8494	554	10	1	1	0	566
8495	12	3	0	542	0	557
8496	6	1	543	10	0	560
8497	3	0	11	513	0	527
8498	1	2	585	11	0	599
8499	1	563	9	5	0	578
8500	581	17	3	3	0	604
8501	594	2	0	1	0	597
8502	9	564	0	3	0	576
8503	4	4	0	593	0	601
8504	596	3	0	10	0	609
8505	8	572	2	4	0	586
8506	3	6	0	595	0	604
8507	645	3	1	8	0	657
8508	8	4	611	3	0	626
8509	618	0	7	3	0	628
8510	9	618	3	1	0	631
8511	644	8	1	1	0	654
8512	642	2	0	3	0	647
8513	11	1	637	2	0	651
8514	6	2	7	584	0	599
8515	1	2	3	683	0	689
8516	3	1	671	10	0	685
8517	2	1	6	655	0	664
8518	5	0	4	660	0	669
8519	685	0	2	10	0	697
8520	678	2	1	4	0	685
8521	12	2	2	672	0	688
8522	7	2	698	8	0	715
8523	3	2	8	695	0	708
8524	0	1	3	723	0	727
8525	4	1	710	10	0	725
8526	2	0	9	708	0	719
8527	713	1	3	9	0	726
8528	713	0	2	5	0	720
8529	12	695	1	2	0	710
8530	721	8	1	4	0	734
8531	717	3	3	2	0	725
8532	10	674	3	2	0	689
8533	724	8	0	4	0	736
8534	718	3	1	2	0	724
8535	748	1	2	4	0	755
8536	14	0	719	3	0	736
8537	719	1	8	1	0	729
8538	12	1	3	747	0	763
8539	769	0	3	11	0	783
8540	14	1	738	5	0	758
8541	6	708	12	4	0	730
8542	761	11	2	3	0	777
8543	10	732	5	2	0	749
8544	5	11	1	745	0	762
8545	6	4	1	773	0	784
8546	745	4	31	16	0	796
8547	726	1	1	6	0	734
8548	14	1	769	5	0	789
8549	4	0	688	1	0	693
8550	3	2	692	0	0	697
8551	0	1	11	690	0	702
8552	3	0	697	6	0	706
8553	2	2	632	2	0	638
8554	2	0	9	621	0	632
8555	686	0	6	7	0	699
8556	680	0	6	3	0	689
8557	651	1	2	5	0	659
8558	617	1	2	3	0	623
8559	11	1	5	623	0	640
8560	7	1	4	582	0	594
8561	5	1	581	11	0	598
8562	3	3	7	559	0	572
8563	5	0	5	567	0	577
8564	584	1	5	11	0	601
8565	509	0	4	9	0	522
8566	8	0	5	521	0	534
8567	523	0	4	8	0	535
8568	517	0	5	6	0	528
8569	12	0	3	508	0	523
8570	9	1	3	460	0	473
8571	7	1	489	11	0	508
8572	7	1	471	13	0	492
8573	7	2	11	595	0	615
8574	8	0	9	585	0	602
8575	8	3	593	11	0	615
8576	569	1	6	12	0	588
8577	593	3	5	9	0	610
8578	17	0	585	6	0	608
8579	11	561	11	10	0	593
8580	578	5	5	6	0	594
8581	11	0	523	8	0	542
8582	3	4	14	509	0	530
8583	9	0	11	528	0	548
8584	536	0	10	12	0	558
8585	578	1	3	14	0	596
8586	16	1	5	586	0	608
8587	12	2	7	599	0	620
8588	606	0	5	12	0	623
8589	595	0	3	9	0	607
8590	596	1	4	12	0	613
8591	13	2	547	6	0	568
8592	8	0	11	555	0	574
8593	4	0	6	634	0	644
8594	623	0	7	18	0	648
8595	19	678	4	11	0	712
8596	835	8	2	11	0	856
8597	22	822	6	8	0	858
8598	16	17	3	792	0	828
8599	16	3	2	875	0	896
8600	10	4	829	32	0	875
8601	11	2	19	832	0	864
8602	9	3	835	26	0	873
8603	6	3	18	849	0	876
8604	5	1	6	861	0	873
8605	5	802	11	32	0	850
8606	12	837	6	15	0	870
8607	12	24	5	805	0	846
8608	9	6	5	829	0	849
8609	5	4	9	828	0	846
8610	11	3	4	837	0	855
8611	12	3	5	844	0	864
8612	5	2	803	31	0	841
8613	6	6	19	796	0	827
8614	8	3	10	831	0	852
8615	11	2	750	33	0	796
8616	6	733	18	23	0	780
8617	4	20	8	771	0	803
8618	8	7	751	32	0	798
8619	8	726	23	16	0	773
8620	7	19	7	773	0	806
8621	808	7	8	32	0	855
8622	24	5	6	789	0	824
8623	11	4	4	791	0	810
8624	11	5	4	805	0	825
8625	5	6	6	789	0	806
8626	6	739	2	41	0	788
8627	5	22	3	798	0	828
8628	780	8	3	33	0	824
8629	19	7	5	797	0	828
8630	10	2	8	802	0	822
8631	5	4	6	819	0	834
8632	775	3	8	42	0	828
8633	786	4	5	27	0	822
8634	27	2	6	802	0	837
8635	740	5	3	32	0	780
8636	750	8	5	15	0	778
8637	25	745	3	16	0	789
8638	738	18	3	10	0	769
8639	21	721	1	13	0	756
8640	9	739	2	16	0	766
8641	4	21	2	760	0	787
8642	4	10	787	26	0	827
8643	7	4	16	789	0	816
8644	5	3	5	821	0	834
8645	4	773	6	29	0	812
8646	797	21	2	14	0	834
8647	19	9	2	804	0	834
8648	8	2	711	16	0	737
8649	1	3	11	720	0	735
8650	1	723	4	18	0	746
8651	740	14	0	13	0	767
8652	17	6	1	746	0	770
8653	9	3	734	20	0	766
8654	2	2	12	733	0	749
8655	2	690	3	17	0	712
8656	2	18	0	729	0	749
8657	738	8	1	21	0	768
8658	778	3	2	8	0	791
8659	780	1	1	9	0	791
8660	18	761	4	6	0	789
8661	787	16	0	10	0	813
8662	23	6	1	789	0	819
8663	800	0	1	20	0	821
8664	18	780	1	13	0	812
8665	12	19	1	792	0	824
8666	4	6	820	23	0	853
8667	754	7	18	11	0	790
8668	21	817	6	3	0	847
8669	7	22	2	844	0	875
8670	2	8	4	862	0	876
8671	2	1	1	816	0	820
8672	1	4	3	824	0	832
8673	2	706	1	30	0	739
8674	736	22	0	13	0	771
8675	738	9	1	8	0	756
8676	26	0	722	6	0	754
8677	8	3	17	731	0	759
8678	5	2	725	22	0	754
8679	734	3	17	13	0	767
8680	771	3	6	3	0	783
8681	779	1	2	4	0	786
8682	22	2	1	747	0	772
8683	8	719	6	21	0	754
8684	801	19	2	7	0	829
8685	20	11	0	764	0	795
8686	741	0	1	26	0	768
8687	23	6	698	8	0	735
8688	13	3	698	3	0	717
8689	723	1	21	9	0	754
8690	23	3	5	731	0	762
8691	724	2	1	20	0	747
8692	17	643	49	12	0	721
8693	676	16	3	2	0	697
8694	690	6	1	4	0	701
8695	19	4	570	7	0	600
8696	3	2	419	1	0	425
8697	1	410	9	2	0	422
8698	5	9	45	395	0	454
8699	403	1	1	4	0	409
8700	5	0	1	388	0	394
8701	1	1	1	389	0	392
8702	3	1	376	5	0	385
8703	372	1	4	0	0	377
8704	6	0	0	404	0	410
8705	1	2	371	6	0	380
8706	3	1	368	1	0	373
8707	1	0	4	419	0	424
8708	2	1	418	4	0	425
8709	2	2	398	0	0	402
8710	1	1	8	386	0	396
8711	0	0	453	6	0	459
8712	3	0	5	500	0	508
8713	0	460	4	5	0	469
8714	510	4	0	5	0	519
8715	5	489	0	3	0	497
8716	2	3	0	510	0	515
8717	1	533	0	9	0	543
8718	0	7	549	0	0	556
8719	4	2	8	575	0	589
8720	3	0	704	12	0	719
8721	703	1	18	0	0	722
8722	22	858	3	4	0	887
8723	886	28	4	1	0	919
8724	37	3	0	869	0	909
8725	888	6	2	29	0	925
8726	39	4	852	5	0	900
8727	6	838	28	10	0	882
8728	884	32	2	3	0	921
8729	40	5	6	804	0	855
8730	5	849	8	26	0	888
8731	12	30	2	877	0	921
8732	888	4	3	34	0	929
8733	32	958	2	6	0	998
8734	987	38	3	7	0	1035
8735	42	10	1005	9	0	1066
8736	1027	5	39	3	0	1074
8737	45	7	5	1033	0	1090
8738	1023	5	7	42	0	1077
8739	49	1026	5	9	0	1089
8740	8	42	3	1035	0	1088
8741	9	8	5	1082	0	1104
8742	7	9	938	49	0	1003
8743	6	2	38	960	0	1006
8744	6	2	4	1018	0	1030
8745	3	2	6	1063	0	1074
8746	2	4	5	1080	0	1091
8747	4	3	991	56	0	1054
8748	3	990	42	21	0	1056
8749	6	38	4	1052	0	1100
8750	1010	7	11	47	0	1075
8751	1037	7	7	12	0	1063
8752	39	1015	4	17	0	1075
8753	1031	40	5	12	0	1088
8754	1058	5	7	10	0	1080
8755	1048	10	5	6	0	1069
8756	52	1000	3	5	0	1060
8757	996	42	1	9	0	1048
8758	55	4	4	958	0	1021
8759	14	10	927	45	0	996
8760	11	927	39	9	0	986
8761	9	40	5	967	0	1021
8762	9	7	929	43	0	988
8763	921	10	36	13	0	980
8764	42	10	8	940	0	1000
8765	13	9	6	983	0	1011
8766	15	1	5	939	0	960
8767	10	5	4	955	0	974
8768	9	9	865	53	0	936
8769	846	5	41	25	0	917
8770	46	888	9	14	0	957
8771	884	38	8	12	0	942
8772	49	868	3	16	0	936
8773	892	47	5	10	0	954
8774	48	8	3	879	0	938
8775	10	16	844	49	0	919
8776	21	5	924	6	0	956
8777	8	12	38	912	0	970
8778	9	8	11	939	0	967
8779	5	2	11	939	0	957
8780	908	4	5	51	0	968
8781	44	9	876	19	0	948
8782	12	864	38	19	0	933
8783	11	921	9	11	0	952
8784	879	40	9	14	0	942
8785	40	16	867	10	0	933
8786	13	865	33	15	0	926
8787	11	46	858	13	0	928
8788	15	7	44	878	0	944
8789	12	10	881	45	0	948
8790	4	10	910	15	0	939
8791	10	8	43	896	0	957
8792	10	2	887	51	0	950
8793	6	5	902	17	0	930
8794	4	14	43	863	0	924
8795	892	6	18	49	0	965
8796	44	6	863	18	0	931
8797	14	4	46	868	0	932
8798	14	7	12	917	0	950
8799	887	4	10	55	0	956
8800	42	7	11	895	0	955
8801	875	3	10	57	0	945
8802	46	860	16	17	0	939
8803	19	41	4	895	0	959
8804	883	10	11	53	0	957
8805	920	9	4	20	0	953
8806	49	8	5	881	0	943
8807	20	6	813	47	0	886
8808	789	8	42	20	0	859
8809	41	824	11	18	0	894
8810	836	42	17	11	0	906
8811	833	8	7	16	0	864
8812	794	10	6	9	0	819
8813	55	6	727	16	0	804
8814	16	742	44	17	0	819
8815	17	43	10	746	0	816
8816	13	20	12	777	0	822
8817	14	13	688	48	0	763
8818	12	652	32	13	0	709
8819	7	649	12	12	0	680
8820	5	553	7	11	0	576
8821	381	22	100	3	0	506
8822	18	2	2	332	0	354
8823	1	3	0	354	0	358
8824	5	0	327	14	0	346
8825	335	4	11	4	0	354
8826	13	3	2	352	0	370
8827	5	3	2	364	0	374
8828	5	1	344	15	0	365
8829	3	340	12	7	0	362
8830	3	12	4	350	0	369
8831	4	4	345	16	0	369
8832	1	321	10	8	0	340
8833	262	7	1	4	0	274
8834	9	3	260	2	0	274
8835	0	0	0	175	0	175
8836	0	166	0	0	0	166
8837	175	0	0	0	0	175
8838	0	1	0	171	0	172
8839	177	0	0	0	0	177
8840	171	0	0	0	0	171
8841	0	169	0	0	0	169
8842	175	0	0	0	0	175
8843	169	0	0	0	0	169
8844	0	0	194	0	0	194
8845	148	0	0	0	0	148
8846	0	0	152	0	0	152
8847	152	0	0	0	0	152
8848	151	0	0	0	0	151
8849	0	0	149	0	0	149
8850	0	0	0	145	0	145
8851	0	0	148	0	0	148
8852	0	0	143	0	0	143
8853	0	0	179	0	0	179
8854	0	0	0	166	0	166
8855	0	0	0	179	0	179
8856	0	0	0	179	0	179
8857	0	0	0	231	0	231
8858	0	0	219	3	0	222
8859	0	0	3	251	0	254
8860	0	254	1	4	0	259
8861	0	4	264	1	0	269
8862	0	0	3	262	0	265
8863	0	1	340	3	0	344
8864	0	333	4	2	0	339
8865	0	343	1	0	0	344
8866	0	4	0	351	0	355
8867	0	1	349	4	0	354
8868	0	0	342	1	0	343
8869	0	0	5	341	0	346
8870	0	0	1	337	0	338
8871	0	0	0	356	0	356
8872	0	0	345	5	0	350
8873	0	325	3	2	0	330
8874	0	361	1	1	0	363
8875	0	5	0	365	0	370
8876	0	1	322	4	0	327
8877	0	0	307	1	0	308
8878	0	311	4	0	0	315
8879	344	4	1	0	0	349
8880	3	317	0	1	0	321
8881	2	4	337	0	0	343
8882	333	0	3	0	0	336
8883	3	0	1	346	0	350
8884	319	0	0	4	0	323
8885	4	0	0	319	0	323
8886	1	0	0	328	0	329
8887	346	0	0	4	0	350
8888	4	340	0	2	0	346
8889	0	5	334	0	0	339
8890	0	348	3	0	0	351
8891	347	3	1	0	0	351
8892	4	343	0	0	0	347
8893	350	4	0	0	0	354
8894	348	1	0	0	0	349
8895	5	384	0	1	0	390
8896	1	5	0	393	0	399
8897	388	0	0	6	0	394
8898	396	0	0	2	0	398
8899	7	0	0	391	0	398
8900	2	0	379	6	0	387
8901	0	0	386	2	0	388
8902	0	0	8	387	0	395
8903	0	0	379	6	0	385
8904	368	0	5	2	0	375
8905	5	364	2	2	0	373
8906	2	7	0	387	0	396
8907	0	2	0	420	0	422
8908	0	0	0	414	0	414
8909	0	0	0	415	0	415
8910	0	0	0	425	0	425
8911	0	1	401	8	0	410
8912	0	393	3	2	0	398
8913	418	7	2	1	0	428
8914	7	2	0	416	0	425
8915	3	0	0	419	0	422
8916	0	0	0	419	0	419
8917	1	405	1	9	0	416
8918	0	7	3	419	0	429
8919	0	2	2	426	0	430
8920	411	1	2	9	0	423
8921	6	401	1	2	0	410
8922	3	410	0	0	0	413
8923	1	8	0	419	0	428
8924	418	2	1	7	0	428
8925	6	1	410	4	0	421
8926	405	0	4	4	0	413
8927	8	0	401	3	0	412
8928	3	0	5	413	0	421
8929	0	1	3	417	0	421
8930	1	2	0	420	0	423
8931	1	1	1	423	0	426
8932	0	0	0	401	0	401
8933	388	0	2	9	0	399
8934	7	1	390	3	0	401
8935	2	3	5	396	0	406
8936	1	1	476	9	0	487
8937	1	472	6	5	0	484
8938	493	8	2	1	0	504
8939	8	4	524	2	0	538
8940	2	1	5	532	0	540
8941	2	0	3	543	0	548
8942	1	1	543	10	0	555
8943	2	0	534	3	0	539
8944	2	1	7	488	0	498
8945	513	1	3	8	0	525
8946	514	0	2	5	0	521
8947	8	506	2	2	0	518
8948	519	7	0	3	0	529
8949	6	4	0	511	0	521
8950	5	528	0	8	0	541
8951	2	6	1	552	0	561
8952	0	2	581	8	0	591
8953	0	0	6	550	0	556
8954	1	1	4	564	0	570
8955	567	2	2	7	0	578
8956	9	552	1	3	0	565
8957	505	3	2	2	0	512
8958	3	495	1	5	0	504
8959	445	2	1	2	0	450
8960	2	447	3	0	0	452
8961	2	446	1	4	0	453
8962	462	3	0	3	0	468
8963	5	1	1	379	0	386
8964	1	369	0	3	0	373
8965	384	3	0	1	0	388
8966	372	1	1	2	0	376
8967	382	1	0	3	0	386
8968	384	1	2	1	0	388
8969	4	361	3	1	0	369
8970	0	2	2	384	0	388
8971	0	1	0	386	0	387
8972	389	0	1	5	0	395
8973	2	3	1	387	0	393
8974	375	1	0	5	0	381
8975	4	1	366	2	0	373
8976	348	1	3	2	0	354
8977	2	1	364	1	0	368
8978	2	2	2	361	0	367
8979	348	1	2	4	0	355
8980	3	353	0	1	0	357
8981	365	3	0	1	0	369
8982	3	352	2	1	0	358
8983	2	2	0	423	0	427
8984	3	1	402	5	0	411
8985	382	1	2	1	0	386
8986	3	403	2	2	0	410
8987	1	2	0	388	0	391
8988	1	1	0	392	0	394
8989	1	0	0	395	0	396
8990	1	1	386	4	0	392
8991	2	371	2	2	0	377
8992	385	2	2	1	0	390
8993	380	2	1	0	0	383
8994	4	375	1	1	0	381
8995	343	0	1	0	0	344
8996	0	0	0	340	0	340
8997	0	320	2	0	0	322
8998	342	0	0	0	0	342
8999	0	1	319	0	0	320
9000	0	303	2	0	0	305
9001	0	0	0	338	0	338
9002	0	1	0	340	0	341
9003	0	0	324	0	0	324
9004	1	0	0	319	0	320
9005	0	0	318	1	0	319
9006	0	0	0	327	0	327
9007	0	0	0	309	0	309
9008	0	0	0	310	0	310
9009	0	0	0	310	0	310
9010	0	0	391	0	0	391
9011	0	0	492	0	0	492
9012	0	526	11	2	0	539
9013	0	15	5	593	0	613
9014	1	4	573	16	0	594
9015	0	564	14	5	0	583
9016	0	17	7	609	0	633
9017	0	6	592	19	0	617
9018	585	1	19	6	0	611
9019	695	1	6	1	0	703
9020	27	1	1	691	0	720
9021	9	1	654	20	0	684
9022	3	0	18	689	0	710
9023	665	0	9	22	0	696
9024	19	699	3	10	0	731
9025	773	19	1	4	0	797
9026	775	9	1	1	0	786
9027	30	1	0	759	0	790
9028	12	1	0	784	0	797
9029	4	1	0	792	0	797
9030	2	0	0	790	0	792
9031	1	0	0	803	0	804
9032	763	0	0	33	0	796
9033	782	0	0	12	0	794
9034	799	0	1	4	0	804
9035	31	1	734	2	0	768
9036	685	1	21	2	0	709
9037	23	2	8	684	0	717
9038	11	2	642	22	0	677
9039	3	666	21	8	0	698
9040	1	22	8	669	0	700
9041	4	8	2	690	0	704
9042	1	673	3	28	0	705
9043	2	18	1	747	0	768
9044	2	12	721	24	0	759
9045	3	3	723	16	0	745
9046	3	1	33	739	0	776
9047	727	2	12	28	0	769
9048	737	1	6	12	0	756
9049	31	3	718	6	0	758
9050	12	661	25	5	0	703
9051	8	720	9	2	0	739
9052	659	29	3	5	0	696
9053	26	12	664	4	0	706
9054	10	5	20	668	0	703
9055	667	4	8	30	0	709
9056	26	650	7	19	0	702
9057	15	678	6	5	0	704
9058	670	29	1	7	0	707
9059	34	11	0	672	0	717
9060	706	7	5	24	0	742
9061	35	6	2	741	0	784
9062	16	3	2	768	0	789
9063	6	3	710	41	0	760
9064	6	4	24	741	0	775
9065	5	1	13	767	0	786
9066	732	1	4	47	0	784
9067	29	2	4	761	0	796
9068	17	2	717	37	0	773
9069	727	4	24	22	0	777
9070	34	1	17	746	0	798
9071	756	1	9	38	0	804
9072	38	693	12	16	0	759
9073	20	759	3	12	0	794
9074	754	38	5	8	0	805
9075	772	20	4	2	0	798
9076	41	9	2	759	0	811
9077	18	4	729	37	0	788
9078	12	9	31	764	0	816
9079	731	4	16	45	0	796
9080	31	713	10	26	0	780
9081	22	29	7	729	0	787
9082	736	17	3	38	0	794
9083	41	8	658	19	0	726
9084	682	10	34	13	0	739
9085	698	5	20	14	0	737
9086	49	2	705	18	0	774
9087	27	6	704	15	0	752
9088	16	4	42	677	0	739
9089	10	5	21	681	0	717
9090	6	697	12	50	0	765
9091	15	33	7	718	0	773
9092	12	20	688	44	0	764
9093	12	7	36	715	0	770
9094	14	4	19	817	0	854
9095	10	5	763	58	0	836
9096	16	767	33	24	0	840
9097	12	33	15	793	0	853
9098	11	16	7	823	0	857
9099	787	7	14	49	0	857
9100	34	8	8	806	0	856
9101	22	2	757	53	0	834
9102	776	4	31	30	0	841
9103	810	5	23	27	0	865
9104	825	4	15	20	0	864
9105	54	11	760	19	0	844
9106	29	16	30	766	0	841
9107	24	8	20	794	0	846
9108	16	5	16	834	0	871
9109	778	6	11	55	0	850
9110	36	673	12	33	0	754
9111	20	17	531	13	0	581
9112	15	518	18	26	0	577
9113	12	481	33	11	0	537
9114	10	513	9	30	0	562
9115	14	26	22	509	0	571
9116	6	30	451	43	0	530
9117	423	6	15	43	0	487
9118	16	438	12	45	0	511
9119	393	10	22	15	0	440
9120	26	400	8	25	0	459
9121	414	14	20	9	0	457
9122	45	430	4	12	0	491
9123	27	21	433	5	0	486
9124	24	13	14	394	0	445
9125	12	5	23	365	0	405
9126	340	6	7	54	0	407
9127	33	3	10	363	0	409
9128	17	24	339	31	0	411
9129	29	8	27	381	0	445
9130	11	43	380	17	0	451
9131	7	389	24	21	0	441
9132	7	51	16	350	0	424
9133	5	396	10	37	0	448
9134	379	28	21	20	0	448
9135	29	16	8	397	0	450
9136	15	21	387	14	0	437
9137	38	11	373	19	0	441
9138	365	36	27	10	0	438
9139	48	8	12	329	0	397
9140	15	39	325	18	0	397
9141	22	10	325	15	0	372
9142	11	340	27	25	0	403
9143	5	10	21	285	0	321
9144	18	290	7	25	0	340
9145	7	9	6	326	0	348
9146	295	12	23	14	0	344
9147	8	2	9	322	0	341
9148	12	1	33	300	0	346
9149	286	19	8	37	0	350
9150	11	7	21	352	0	391
9151	8	33	7	327	0	375
9152	18	324	7	33	0	382
9153	332	26	3	29	0	390
9154	345	12	20	10	0	387
9155	14	8	23	347	0	392
9156	29	2	21	337	0	389
9157	10	3	16	361	0	390
9158	17	312	19	30	0	378
9159	7	331	23	32	0	393
9160	4	28	20	301	0	353
9161	256	10	16	25	0	307
9162	254	36	1	12	0	303
9163	11	253	3	34	0	301
9164	268	19	1	8	0	296
9165	10	247	1	37	0	295
9166	19	253	0	28	0	300
9167	20	9	1	278	0	308
9168	250	10	2	37	0	299
9169	19	250	1	26	0	296
9170	8	261	2	25	0	296
9171	24	8	0	242	0	274
9172	24	17	0	239	0	280
9173	20	1	224	21	0	266
9174	222	2	2	26	0	252
9175	228	2	4	37	0	271
9176	5	15	229	19	0	268
9177	5	21	221	17	0	264
9178	2	16	4	241	0	263
9179	19	16	3	231	0	269
9180	22	227	1	20	0	270
9181	19	3	1	234	0	257
9182	16	3	225	4	0	248
9183	3	1	1	229	0	234
9184	2	1	3	226	0	232
9185	232	3	2	4	0	241
9186	3	1	197	6	0	207
9187	199	1	2	2	0	204
9188	3	1	199	4	0	207
9189	4	2	4	199	0	209
9190	2	2	203	4	0	211
9191	2	1	198	5	0	206
9192	0	2	6	201	0	209
9193	198	1	3	4	0	206
9194	125	0	1	6	0	132
9195	6	132	2	3	0	143
9196	135	4	1	1	0	141
9197	132	5	0	2	0	139
9198	5	134	1	3	0	143
9199	3	2	1	126	0	132
9200	1	3	2	135	0	141
9201	3	3	1	135	0	142
9202	1	1	1	139	0	142
9203	1	4	130	6	0	141
9204	133	0	4	6	0	143
9205	2	0	3	136	0	141
9206	5	0	2	127	0	134
9207	3	133	3	5	0	144
9208	3	2	0	139	0	144
9209	2	3	130	4	0	139
9210	133	1	3	5	0	142
9211	1	2	134	5	0	142
9212	7	1	2	136	0	146
9213	137	1	4	3	0	145
9214	2	135	1	5	0	143
9215	2	1	2	138	0	143
9216	2	3	132	7	0	144
9217	0	2	2	142	0	146
9218	137	1	5	5	0	148
9219	3	1	142	6	0	152
9220	7	0	138	3	0	148
9221	3	142	5	4	0	154
9222	95	2	2	1	0	100
9223	1	98	2	1	0	102
9224	3	0	98	0	0	101
9225	1	2	98	2	0	103
9226	1	142	1	1	0	145
9227	132	0	2	2	0	136
9228	0	179	1	1	0	181
9229	0	0	0	137	0	137
9230	0	0	0	140	0	140
9231	1	0	132	0	0	133
9232	0	0	1	133	0	134
9233	0	0	139	0	0	139
9234	135	0	0	1	0	136
9235	160	0	0	0	0	160
9236	159	1	0	0	0	160
9237	0	0	163	1	0	164
9238	157	0	1	0	0	158
9239	0	0	0	157	0	157
9240	0	192	0	1	0	193
9241	208	0	0	0	0	208
9242	0	0	196	0	0	196
9243	189	0	0	0	0	189
9244	198	0	1	0	0	199
9245	0	0	199	1	0	200
9246	0	186	1	0	0	187
9247	0	0	1	203	0	204
9248	0	1	199	1	0	201
9249	1	0	190	0	0	191
9250	0	0	0	151	0	151
9251	0	1	191	0	0	192
9252	0	0	0	182	0	182
9253	0	0	0	164	0	164
9254	0	0	0	194	0	194
9255	0	0	195	0	0	195
9256	0	0	0	181	0	181
9257	0	0	197	0	0	197
9258	0	0	0	193	0	193
9259	194	0	0	0	0	194
9260	0	0	0	212	0	212
9261	0	209	0	0	0	209
9262	0	0	0	216	0	216
9263	215	0	0	0	0	215
9264	0	205	0	0	0	205
9265	0	0	0	216	0	216
9266	216	0	0	0	0	216
9267	0	0	206	0	0	206
9268	0	0	0	197	0	197
9269	0	0	204	0	0	204
9270	0	0	207	0	0	207
9271	0	0	0	202	0	202
9272	211	0	0	0	0	211
9273	0	0	204	0	0	204
9274	200	0	0	0	0	200
9275	0	0	0	209	0	209
9276	0	0	207	0	0	207
9277	1	0	194	1	0	196
9278	0	0	201	0	0	201
9279	0	0	0	190	0	190
9280	207	0	0	0	0	207
9281	0	195	0	0	0	195
9282	0	0	0	200	0	200
9283	0	0	0	205	0	205
9284	208	0	0	0	0	208
9285	206	0	0	0	0	206
9286	0	202	0	0	0	202
9287	208	0	0	0	0	208
9288	205	0	0	0	0	205
9289	0	0	0	205	0	205
9290	0	0	204	0	0	204
9291	199	0	0	0	0	199
9292	0	0	0	205	0	205
9293	0	0	0	203	0	203
9294	209	0	0	0	0	209
9295	0	0	0	203	0	203
9296	0	0	0	209	0	209
9297	208	0	0	0	0	208
9298	0	223	0	0	0	223
9299	231	0	0	1	0	232
9300	1	0	226	0	0	227
9301	218	0	0	0	0	218
9302	0	0	0	229	0	229
9303	1	226	0	0	0	227
9304	0	0	1	229	0	230
9305	0	0	0	222	0	222
9306	0	0	1	225	0	226
9307	231	0	1	0	0	232
9308	0	215	0	2	0	217
9309	1	221	0	0	0	222
9310	229	0	0	1	0	230
9311	2	0	220	0	0	222
9312	0	1	202	1	0	204
9313	209	2	1	1	0	213
9314	1	0	215	0	0	216
9315	0	0	2	206	0	208
9316	0	1	0	200	0	201
9317	1	0	1	220	0	222
9318	0	0	1	218	0	219
9319	0	231	0	1	0	232
9320	1	0	0	247	0	248
9321	2	0	240	0	0	242
9322	2	1	0	232	0	235
9323	0	1	236	2	0	239
9324	2	0	237	0	0	239
9325	0	0	2	236	0	238
9326	0	0	200	2	0	202
9327	0	0	2	194	0	196
9328	172	0	1	0	0	173
9329	0	0	171	2	0	173
9330	149	0	0	2	0	151
9331	1	0	1	172	0	174
9332	2	0	172	1	0	175
9333	1	170	0	2	0	173
9334	1	1	1	203	0	206
9335	1	1	180	0	0	182
9336	2	0	1	172	0	175
9337	181	0	1	2	0	184
9338	175	0	1	0	0	176
9339	210	1	0	1	0	212
9340	0	1	0	171	0	172
9341	0	0	0	173	0	173
9342	2	0	0	174	0	176
9343	175	0	0	2	0	177
9344	1	168	0	1	0	170
9345	2	1	0	172	0	175
9346	1	1	0	218	0	220
9347	222	0	0	1	0	223
9348	0	217	2	0	0	219
9349	2	0	0	254	0	256
9350	251	0	0	4	0	255
9351	219	1	1	1	0	222
9352	3	0	0	223	0	226
9353	225	0	0	5	0	230
9354	3	0	0	223	0	226
9355	2	1	205	3	0	211
9356	1	3	2	213	0	219
9357	1	1	0	251	0	253
9358	0	0	3	251	0	254
9359	253	0	1	4	0	258
9360	2	251	0	1	0	254
9361	250	2	0	1	0	253
9362	3	241	0	0	0	244
9363	0	250	0	1	0	251
9364	250	2	0	0	0	252
9365	1	248	0	0	0	249
9366	0	3	0	256	0	259
9367	251	0	0	2	0	253
9368	251	1	0	0	0	252
9369	2	0	0	252	0	254
9370	1	0	0	248	0	249
9371	1	248	0	2	0	251
9372	254	2	0	1	0	257
9373	232	0	0	1	0	233
9374	2	322	0	0	0	324
9375	2	309	1	2	0	314
9376	1	9	0	333	0	343
9377	317	2	0	11	0	330
9378	11	1	0	328	0	340
9379	0	1	0	340	0	341
9380	1	0	313	12	0	326
9381	2	0	320	1	0	323
9382	0	0	11	326	0	337
9383	0	0	303	12	0	315
9384	0	346	10	1	0	357
9385	1	13	1	366	0	381
9386	2	0	1	382	0	385
9387	1	1	0	377	0	379
9388	0	2	356	13	0	371
9389	0	1	341	1	0	343
9390	355	0	9	2	0	366
9391	11	359	1	0	0	371
9392	366	11	1	2	0	380
9393	11	0	1	367	0	379
9394	369	2	2	11	0	384
9395	12	0	1	348	0	361
9396	0	353	1	14	0	368
9397	367	10	0	1	0	378
9398	11	3	324	0	0	338
9399	0	375	9	1	0	385
9400	395	11	0	2	0	408
9401	12	1	1	375	0	389
9402	1	363	1	8	0	373
9403	1	11	1	394	0	407
9404	396	1	1	11	0	409
9405	11	2	1	398	0	412
9406	399	1	0	13	0	413
9407	13	3	387	2	0	405
9408	2	3	12	390	0	407
9409	394	1	1	15	0	411
9410	14	1	376	1	0	392
9411	1	366	10	6	0	383
9412	2	12	3	392	0	409
9413	1	2	387	11	0	401
9414	3	1	374	4	0	382
9415	0	1	11	388	0	400
9416	2	1	393	13	0	409
9417	1	2	385	3	0	391
9418	3	0	9	387	0	399
9419	368	1	2	15	0	386
9420	13	3	2	365	0	383
9421	1	2	3	375	0	381
9422	1	2	356	15	0	374
9423	5	1	10	411	0	427
9424	408	2	3	13	0	426
9425	13	3	391	2	0	409
9426	3	378	10	4	0	395
9427	4	12	2	413	0	431
9428	408	1	2	15	0	426
9429	13	2	0	423	0	438
9430	3	411	2	16	0	432
9431	2	12	412	3	0	429
9432	1	3	11	423	0	438
9433	490	2	1	13	0	506
9434	20	2	447	5	0	474
9435	2	5	19	451	0	477
9436	458	3	3	23	0	487
9437	472	0	1	7	0	480
9438	22	448	1	5	0	476
9439	427	19	1	6	0	453
9440	19	3	6	421	0	449
9441	1	1	465	25	0	492
9442	6	443	18	4	0	471
9443	2	494	5	3	0	504
9444	1	67	2	438	0	508
9445	1	3	1	502	0	507
9446	2	1	423	24	0	450
9447	3	420	20	6	0	449
9448	2	431	4	5	0	442
9449	2	15	6	400	0	423
9450	404	2	4	18	0	428
9451	20	401	2	5	0	428
9452	4	17	1	415	0	437
9453	415	2	0	20	0	437
9454	18	1	1	416	0	436
9455	3	1	5	424	0	433
9456	1	2	1	433	0	437
9457	5	4	0	406	0	415
9458	417	1	3	20	0	441
9459	17	4	2	421	0	444
9460	5	3	376	20	0	404
9461	370	2	20	3	0	395
9462	18	2	396	3	0	419
9463	4	5	516	3	0	528
9464	3	0	19	516	0	538
9465	2	1	3	545	0	551
9466	4	2	1	552	0	559
9467	536	2	4	20	0	562
9468	19	0	521	6	0	546
9469	567	0	17	5	0	589
9470	595	0	6	2	0	603
9471	20	5	553	2	0	580
9472	582	3	17	3	0	605
9473	18	0	673	7	0	698
9474	1	661	9	0	0	671
9475	1	8	1	699	0	709
9476	0	1	1	709	0	711
9477	0	1	1	680	0	682
9478	1	0	0	689	0	690
9479	0	0	697	10	0	707
9480	0	1	685	2	0	688
9481	1	0	8	679	0	688
9482	0	0	701	8	0	709
9483	636	0	7	2	0	645
9484	672	0	1	0	0	673
9485	9	0	1	658	0	668
9486	670	0	0	8	0	678
9487	7	631	1	7	0	646
9488	663	9	0	1	0	673
9489	9	1	655	1	0	666
9490	1	0	7	645	0	653
9491	0	649	2	9	0	660
9492	732	8	0	2	0	742
9493	8	2	1	724	0	735
9494	1	0	723	8	0	732
9495	0	0	8	712	0	720
9496	725	0	2	8	0	735
9497	9	1	733	1	0	744
9498	2	0	8	715	0	725
9499	2	0	1	685	0	688
9500	4	0	689	8	0	701
9501	0	656	7	2	0	665
9502	3	713	1	0	0	717
9503	0	11	1	795	0	807
9504	0	1	2	798	0	801
9505	0	3	0	810	0	813
9506	803	1	0	12	0	816
9507	780	0	0	7	0	787
9508	12	0	1	792	0	805
9509	807	0	1	11	0	819
9510	12	764	0	2	0	778
9511	2	10	1	795	0	808
9512	1	2	0	803	0	806
9513	2	1	0	806	0	809
9514	787	2	1	14	0	804
9515	10	756	0	6	0	772
9516	3	9	0	803	0	815
9517	799	2	0	13	0	814
9518	10	1	0	797	0	808
9519	2	0	0	795	0	797
9520	2	765	0	14	0	781
9521	4	767	1	4	0	776
9522	0	10	0	802	0	812
9523	1	2	2	777	0	782
9524	762	2	0	12	0	776
9525	10	1	2	759	0	772
9526	2	0	754	13	0	769
9527	2	0	8	754	0	764
9528	1	717	2	14	0	734
9529	750	9	1	5	0	765
9530	10	2	0	789	0	801
9531	3	2	1	792	0	798
9532	3	766	1	15	0	785
9533	742	3	0	2	0	747
9534	3	765	0	2	0	770
9535	1	4	0	681	0	686
9536	1	0	669	3	0	673
9537	0	1	2	756	0	759
9538	775	1	1	7	0	784
9539	5	767	3	4	0	779
9540	2	3	0	812	0	817
9541	3	782	2	4	0	791
9542	0	8	0	826	0	834
9543	2	3	750	6	0	761
9544	1	3	5	735	0	744
9545	0	1	2	749	0	752
9546	2	0	2	771	0	775
9547	742	2	0	9	0	753
9548	744	1	0	5	0	750
9549	5	804	0	3	0	812
9550	810	5	0	3	0	818
9551	5	777	3	1	0	786
9552	1	785	3	4	0	793
9553	850	6	1	3	0	860
9554	8	2	798	5	0	813
9555	2	3	6	803	0	814
9556	4	1	1	840	0	846
9557	2	2	1	858	0	863
9558	813	2	0	11	0	826
9559	9	790	0	5	0	804
9560	3	10	0	803	0	816
9561	5	781	0	10	0	796
9562	832	10	2	3	0	847
9563	10	2	1	724	0	737
9564	2	2	1	904	0	909
9565	1	934	3	27	0	965
9566	6	18	0	968	0	992
9567	3	10	0	993	0	1006
9568	995	7	1	28	0	1031
9569	22	911	4	16	0	953
9570	5	1078	4	10	0	1097
9571	12	26	0	1130	0	1168
9572	7	14	1023	35	0	1079
9573	4	14	945	12	0	975
9574	2	9	26	931	0	968
9575	0	10	887	39	0	936
9576	5	2	28	928	0	963
9577	5	5	12	920	0	942
9578	1	8	12	958	0	979
9579	910	1	2	53	0	966
9580	26	5	8	924	0	963
9581	10	3	8	936	0	957
9582	10	866	1	50	0	927
9583	5	21	8	947	0	981
9584	9	13	871	44	0	937
9585	6	12	27	927	0	972
9586	4	7	5	965	0	981
9587	909	10	9	39	0	967
9588	27	8	3	938	0	976
9589	9	4	9	942	0	964
9590	10	5	5	966	0	986
9591	862	3	5	55	0	925
9592	29	827	9	26	0	891
9593	6	29	2	885	0	922
9594	6	14	5	910	0	935
9595	9	10	808	58	0	885
9596	11	4	30	886	0	931
9597	806	8	8	56	0	878
9598	32	836	9	32	0	909
9599	11	28	3	851	0	893
9600	11	11	11	893	0	926
9601	7	12	804	54	0	877
9602	721	6	25	37	0	789
9603	30	736	15	19	0	800
9604	737	26	9	26	0	798
9605	34	7	5	769	0	815
9606	11	16	10	773	0	810
9607	16	7	4	793	0	820
9608	14	7	5	802	0	828
9609	748	5	10	54	0	817
9610	33	8	5	762	0	808
9611	6	714	4	57	0	781
9612	13	24	8	771	0	816
9613	11	6	8	819	0	844
9614	762	10	5	52	0	829
9615	32	721	4	41	0	798
9616	16	33	3	796	0	848
9617	762	15	5	57	0	839
9618	782	4	3	49	0	838
9619	41	11	8	797	0	857
9620	19	13	716	48	0	796
9621	771	4	25	46	0	846
9622	37	10	12	799	0	858
9623	22	8	750	53	0	833
9624	11	7	32	809	0	859
9625	16	6	10	811	0	843
9626	24	5	7	787	0	823
9627	6	737	6	67	0	816
9628	9	26	14	827	0	876
9629	16	8	6	830	0	860
9630	9	10	6	844	0	869
9631	12	6	9	838	0	865
9632	7	18	5	780	0	810
9633	16	7	3	797	0	823
9634	691	5	3	72	0	771
9635	27	7	661	45	0	740
9636	14	678	25	39	0	756
9637	698	26	10	32	0	766
9638	34	693	9	30	0	766
9639	680	35	9	21	0	745
9640	35	15	12	693	0	755
9641	674	12	6	60	0	752
9642	49	6	12	673	0	740
9643	16	11	8	686	0	721
9644	19	667	3	49	0	738
9645	679	31	4	39	0	753
9646	42	13	641	30	0	726
9647	18	7	28	694	0	747
9648	9	7	664	58	0	738
9649	21	12	592	27	0	652
9650	597	6	30	33	0	666
9651	37	3	26	624	0	690
9652	13	8	585	55	0	661
9653	17	7	538	35	0	597
9654	11	2	35	570	0	618
9655	13	9	15	589	0	626
9656	570	4	11	50	0	635
9657	27	4	15	585	0	631
9658	22	5	583	46	0	656
9659	14	4	22	637	0	677
9660	9	6	14	617	0	646
9661	14	610	15	43	0	682
9662	609	24	8	35	0	676
9663	27	618	15	34	0	694
9664	456	11	6	20	0	493
9665	15	357	6	6	0	384
9666	5	375	3	15	0	398
9667	71	11	2	326	0	410
9668	8	7	1	331	0	347
9669	8	5	4	331	0	348
9670	182	1	0	7	0	190
9671	3	1	205	4	0	213
9672	3	0	2	201	0	206
9673	199	0	3	4	0	206
9674	3	200	3	3	0	209
9675	2	207	1	3	0	213
9676	1	4	0	203	0	208
9677	1	3	0	201	0	205
9678	1	2	0	201	0	204
9679	0	199	0	7	0	206
9680	0	2	0	208	0	210
9681	0	1	203	6	0	210
9682	0	1	189	7	0	197
9683	186	2	4	4	0	196
9684	4	0	3	204	0	211
9685	207	0	3	3	0	213
9686	200	1	2	4	0	207
9687	8	199	0	1	0	208
9688	208	3	1	2	0	214
9689	215	3	1	1	0	220
9690	6	1	1	215	0	223
9691	5	1	1	209	0	216
9692	3	0	234	6	0	243
9693	1	230	3	7	0	241
9694	0	2	2	233	0	237
9695	2	2	1	237	0	242
9696	238	2	1	6	0	247
9697	1	1	2	238	0	242
9698	238	0	1	7	0	246
9699	2	0	1	238	0	241
9700	4	229	1	4	0	238
9701	279	2	0	6	0	287
9702	2	3	1	330	0	336
9703	4	1	0	397	0	402
9704	2	2	2	466	0	472
9705	1	3	433	28	0	465
9706	2	1	20	450	0	473
9707	449	0	5	30	0	484
9708	21	1	3	461	0	486
9709	7	0	3	566	0	576
9710	4	0	1	559	0	564
9711	3	502	2	42	0	549
9712	2	549	1	17	0	569
9713	506	29	0	5	0	540
9714	26	522	2	2	0	552
9715	522	29	0	2	0	553
9716	535	9	1	2	0	547
9717	556	4	0	1	0	561
9718	38	2	535	0	0	575
9719	13	547	23	1	0	584
9720	621	27	8	3	0	659
9721	26	9	3	635	0	673
9722	11	6	1	660	0	678
9723	5	2	0	678	0	685
9724	2	613	3	37	0	655
9725	1	22	1	666	0	690
9726	648	5	1	32	0	686
9727	30	3	0	635	0	668
9728	10	1	1	653	0	665
9729	3	2	613	40	0	658
9730	2	6	623	14	0	645
9731	1	2	34	640	0	677
9732	2	0	11	666	0	679
9733	3	634	4	40	0	681
9734	2	26	2	678	0	708
9735	0	9	2	692	0	703
9736	5	3	2	700	0	710
9737	663	3	1	43	0	710
9738	28	4	646	20	0	698
9739	10	2	27	706	0	745
9740	711	5	10	31	0	757
9741	718	2	4	11	0	735
9742	37	2	1	696	0	736
9743	16	6	0	729	0	751
9744	698	2	2	38	0	740
9745	30	681	1	16	0	728
9746	12	713	2	11	0	738
9747	8	33	3	710	0	754
9748	708	13	1	33	0	755
9749	714	4	2	15	0	735
9750	718	3	1	10	0	732
9751	39	1	698	9	0	747
9752	654	4	25	7	0	690
9753	30	6	682	10	0	728
9754	666	4	28	8	0	706
9755	31	660	11	6	0	708
9756	16	30	685	5	0	736
9757	7	9	28	680	0	724
9758	6	2	653	32	0	693
9759	5	3	31	630	0	669
9760	641	2	10	37	0	690
9761	29	5	605	16	0	655
9762	13	4	26	557	0	600
9763	9	581	9	34	0	633
9764	3	28	7	623	0	661
9765	5	12	2	627	0	646
9766	7	6	3	647	0	663
9767	609	3	6	45	0	663
9768	626	1	2	21	0	650
9769	42	4	1	617	0	664
9770	16	5	581	35	0	637
9771	9	4	586	16	0	615
9772	4	3	36	583	0	626
9773	8	5	609	35	0	657
9774	8	7	28	610	0	653
9775	7	5	10	615	0	637
9776	6	5	5	631	0	647
9777	6	566	8	42	0	622
9778	10	624	2	22	0	658
9779	9	31	8	639	0	687
9780	5	12	9	657	0	683
9781	4	8	4	677	0	693
9782	634	4	7	44	0	689
9783	32	3	614	19	0	668
9784	10	3	27	639	0	679
9785	619	2	9	44	0	674
9786	32	600	6	17	0	655
9787	12	29	8	641	0	690
9788	7	11	2	667	0	687
9789	5	7	2	655	0	669
9790	6	2	4	652	0	664
9791	3	4	599	47	0	653
9792	552	3	27	22	0	604
9793	609	2	10	16	0	637
9794	43	2	575	11	0	631
9795	595	3	27	12	0	637
9796	641	4	8	8	0	661
9797	42	3	606	7	0	658
9798	19	615	26	9	0	669
9799	9	27	14	631	0	681
9800	4	9	657	38	0	708
9801	6	605	32	18	0	661
9802	9	24	569	9	0	611
9803	6	503	11	5	0	525
9804	2	10	5	459	0	476
9805	3	4	453	10	0	470
9806	5	0	7	435	0	447
9807	3	1	489	8	0	501
9808	2	475	10	7	0	494
9809	428	0	0	0	0	428
9810	0	416	0	0	0	416
9811	0	506	1	1	0	508
9812	0	0	0	524	0	524
9813	0	0	0	515	0	515
9814	0	0	0	518	0	518
9815	0	0	0	509	0	509
9816	0	0	0	523	0	523
9817	1	1	517	0	0	519
9818	0	1	0	468	0	469
9819	0	0	0	494	0	494
9820	455	0	0	1	0	456
9821	423	0	0	0	0	423
9822	433	0	0	0	0	433
9823	0	0	0	429	0	429
9824	445	0	0	0	0	445
9825	442	0	0	1	0	443
9826	451	0	0	0	0	451
9827	2	1	449	0	0	452
9828	439	0	1	0	0	440
9829	452	0	0	0	0	452
9830	441	0	1	0	0	442
9831	2	0	0	441	0	443
9832	1	1	441	0	0	443
9833	1	0	1	440	0	442
9834	482	0	0	2	0	484
9835	1	0	1	472	0	474
9836	0	566	2	2	0	570
9837	1	1	0	598	0	600
9838	597	0	0	2	0	599
9839	557	1	0	0	0	558
9840	550	0	0	2	0	552
9841	3	0	645	0	0	648
9842	1	0	1	619	0	621
9843	1	0	0	687	0	688
9844	1	0	725	1	0	727
9845	0	684	1	1	0	686
9846	0	2	716	1	0	719
9847	0	0	2	710	0	712
9848	738	1	0	1	0	740
9849	1	0	724	0	0	725
9850	0	0	1	727	0	728
9851	1	1	732	1	0	735
9852	702	0	2	0	0	704
9853	1	0	0	743	0	744
9854	0	1	741	1	0	743
9855	1	0	0	746	0	747
9856	0	0	791	3	0	794
9857	0	792	3	2	0	797
9858	0	2	1	839	0	842
9859	870	1	1	2	0	874
9860	2	1	0	866	0	869
9861	1	0	0	867	0	868
9862	880	0	0	3	0	883
9863	2	822	0	2	0	826
9864	1	838	0	1	0	840
9865	1	3	0	856	0	860
9866	0	829	0	2	0	831
9867	0	3	0	855	0	858
9868	0	1	0	852	0	853
9869	852	1	0	3	0	856
9870	1	814	1	3	0	819
9871	1	2	832	1	0	836
9872	1	844	1	0	0	846
9873	864	3	0	0	0	867
9874	862	1	1	0	0	864
9875	3	1	0	851	0	855
9876	870	0	0	2	0	872
9877	3	1	0	859	0	863
9878	844	0	0	5	0	849
9879	879	0	1	1	0	881
9880	2	0	0	970	0	972
9881	980	0	0	3	0	983
9882	4	0	952	1	0	957
9883	940	0	2	2	0	944
9884	3	0	1	1041	0	1045
9885	1052	0	1	2	0	1055
9886	3	1022	2	1	0	1028
9887	1	2	0	1050	0	1053
9888	0	1	0	1052	0	1053
9889	1056	2	0	3	0	1061
9890	3	0	1031	1	0	1035
9891	1	995	1	2	0	999
9892	2	2	1	1047	0	1052
9893	0	1110	2	3	0	1115
9894	0	4	1	1168	0	1173
9895	0	2	0	1132	0	1134
9896	2	1	0	1136	0	1139
9897	1139	0	0	5	0	1144
9898	2	0	0	1122	0	1124
9899	1126	0	0	3	0	1129
9900	1081	1	1	3	0	1086
9901	4	1	0	1153	0	1158
9902	1159	0	0	3	0	1162
9903	1135	1	0	3	0	1139
9904	4	0	1135	2	0	1141
9905	1	1	3	1106	0	1111
9906	1163	0	0	2	0	1165
9907	2	1117	1	3	0	1123
9908	1173	2	1	1	0	1177
9909	1144	4	0	0	0	1148
9910	4	2	1163	1	0	1170
9911	3	0	2	1016	0	1021
9912	1129	0	1	3	0	1133
9913	3	0	2	1122	0	1127
9914	1	1	0	1119	0	1121
9915	2	0	0	1122	0	1124
9916	1	0	0	1178	0	1179
9917	1153	0	0	8	0	1161
9918	6	1	1194	3	0	1204
9919	2	0	9	1263	0	1274
9920	5	0	1438	11	0	1454
9921	2	4	1631	5	0	1642
9922	1627	0	52	5	0	1684
9923	43	1	1724	1	0	1769
9924	16	1673	45	4	0	1738
9925	1810	39	22	2	0	1873
9926	1818	16	4	1	0	1839
9927	56	3	7	1702	0	1768
9928	18	6	1755	40	0	1819
9929	10	2	1711	16	0	1739
9930	1759	2	52	1	0	1814
9931	43	3	15	1821	0	1882
9932	1849	0	6	44	0	1899
9933	44	1773	10	20	0	1847
9934	1821	40	2	4	0	1867
9935	1809	16	5	5	0	1835
9936	64	1632	5	2	0	1703
9937	23	42	2	1693	0	1760
9938	1697	19	0	46	0	1762
9939	53	4	1674	18	0	1749
9940	21	1693	39	4	0	1757
9941	5	42	22	1663	0	1732
9942	1652	17	8	47	0	1724
9943	50	1668	11	18	0	1747
9944	1671	50	6	5	0	1732
9945	51	23	1607	8	0	1689
9946	1627	5	45	2	0	1679
9947	57	12	1651	0	0	1720
9948	1629	4	48	7	0	1688
9949	1674	0	28	4	0	1706
9950	69	8	1633	3	0	1713
9951	30	1619	55	5	0	1709
9952	16	46	27	1662	0	1751
9953	20	20	1644	51	0	1735
9954	11	1652	54	22	0	1739
9955	11	50	22	1667	0	1750
9956	19	21	10	1697	0	1747
9957	12	11	1607	63	0	1693
9958	9	12	49	1561	0	1631
9959	7	7	22	1634	0	1670
9960	15	3	1577	68	0	1663
9961	8	8	59	1534	0	1609
9962	7	1550	26	58	0	1641
9963	1594	45	11	34	0	1684
9964	51	27	22	1562	0	1662
9965	31	1558	10	53	0	1652
9966	19	49	18	1455	0	1541
9967	20	1581	31	37	0	1669
9968	28	59	1535	19	0	1641
9969	23	1558	60	11	0	1652
9970	1598	59	20	15	0	1692
9971	1594	30	21	11	0	1656
9972	1587	17	18	21	0	1643
9973	81	10	1552	17	0	1660
9974	41	10	1551	16	0	1618
9975	25	1531	84	16	0	1656
9976	25	59	35	1493	0	1612
9977	33	1569	13	57	0	1672
9978	33	63	21	1427	0	1544
9979	27	1599	13	44	0	1683
9980	1593	63	12	40	0	1708
9981	1856	38	18	18	0	1930
9982	98	26	22	1982	0	2128
9983	49	22	1908	88	0	2067
9984	1854	18	77	41	0	1990
9985	93	1892	45	26	0	2056
9986	38	87	16	1892	0	2033
9987	32	38	21	1862	0	1953
9988	32	1952	21	89	0	2094
9989	1986	94	13	52	0	2145
9990	92	41	1993	25	0	2151
9991	55	25	84	2004	0	2168
9992	2027	19	38	76	0	2160
9993	1933	19	30	35	0	2017
9994	131	1864	22	21	0	2038
9995	55	82	25	1825	0	1987
9996	42	1901	32	76	0	2051
9997	1938	97	25	39	0	2099
9998	93	43	1937	35	0	2108
9999	44	34	1957	31	0	2066
10000	27	33	98	1938	0	2096
10001	26	26	41	1875	0	1968
10002	24	1895	31	106	0	2056
10003	28	79	34	1961	0	2102
10004	24	33	1880	118	0	2055
10005	1888	21	91	57	0	2057
10006	92	21	47	1938	0	2098
10007	46	21	1847	107	0	2021
10008	28	28	85	1903	0	2044
10009	27	25	35	1857	0	1944
10010	14	1842	13	119	0	1988
10011	20	85	31	1854	0	1990
10012	17	47	23	1904	0	1991
10013	18	65	19	1913	0	2015
10014	1856	28	25	118	0	2027
10015	93	1813	14	57	0	1977
10016	46	1873	21	34	0	1974
10017	1817	97	16	37	0	1967
10018	1732	40	25	21	0	1818
10019	94	1646	24	26	0	1790
10020	31	1511	41	20	0	1603
10021	1205	44	6	12	0	1267
10022	39	1190	6	12	0	1247
10023	14	1181	4	7	0	1206
10024	1154	44	3	5	0	1206
10025	35	1129	2	13	0	1179
10026	1138	42	5	14	0	1199
10027	1127	18	7	6	0	1158
10028	1124	14	2	9	0	1149
10029	42	1102	10	4	0	1158
10030	25	1066	3	13	0	1107
10031	21	44	3	1042	0	1110
10032	16	1069	4	31	0	1120
10033	12	43	4	1075	0	1134
10034	1043	17	9	41	0	1110
10035	35	15	6	1045	0	1101
10036	23	1046	6	34	0	1109
10037	1037	34	6	24	0	1101
10038	39	1029	5	17	0	1090
10039	18	1086	1	21	0	1126
10040	40	48	4	1017	0	1109
10041	16	1072	3	29	0	1120
10042	1092	41	9	17	0	1159
10043	34	23	1032	14	0	1103
10044	23	1067	31	16	0	1137
10045	16	33	15	1104	0	1168
10046	12	22	1086	35	0	1155
10047	10	17	32	1076	0	1135
10048	12	17	15	1109	0	1153
10049	14	18	13	1102	0	1147
10050	14	6	13	1072	0	1105
10051	13	11	1011	53	0	1088
10052	7	998	29	44	0	1078
10053	1033	28	20	30	0	1111
10054	29	24	999	20	0	1072
10055	996	19	31	27	0	1073
10056	41	12	997	22	0	1072
10057	24	6	38	1009	0	1077
10058	18	19	993	37	0	1067
10059	17	16	1011	26	0	1070
10060	15	18	40	1005	0	1078
10061	15	11	21	1003	0	1050
10062	13	14	21	1031	0	1079
10063	15	17	12	1032	0	1076
10064	1006	12	9	59	0	1086
10065	37	10	983	35	0	1065
10066	993	20	26	29	0	1068
10067	1033	16	8	27	0	1084
10068	1028	18	15	14	0	1075
10069	1034	18	9	14	0	1075
10070	1045	12	4	19	0	1080
10071	60	13	7	1003	0	1083
10072	38	13	976	38	0	1065
10073	30	15	966	17	0	1028
10074	21	979	31	20	0	1051
10075	960	38	12	19	0	1029
10076	37	25	10	944	0	1016
10077	18	21	5	956	0	1000
10078	25	927	4	38	0	994
10079	18	915	6	25	0	964
10080	16	873	7	14	0	910
10081	623	20	1	7	0	651
10082	4	26	1	411	0	442
10083	1	375	1	4	0	381
10084	1	3	0	386	0	390
10085	0	2	378	3	0	383
10086	0	2	395	3	0	400
10087	0	0	8	542	0	550
10088	580	0	3	17	0	600
10089	624	0	1	5	0	630
10090	599	0	2	2	0	603
10091	24	1	577	1	0	603
10092	11	0	17	573	0	601
10093	4	0	7	604	0	615
10094	4	1	581	25	0	611
10095	540	0	19	6	0	565
10096	19	0	592	4	0	615
10097	8	0	589	3	0	600
10098	1	0	533	1	0	535
10099	2	0	22	499	0	523
10100	1	0	7	527	0	535
10101	1	1	513	19	0	534
10102	3	0	17	518	0	538
10103	519	1	9	19	0	548
10104	16	0	4	531	0	551
10105	7	0	543	17	0	567
10106	3	2	541	12	0	558
10107	6	0	23	526	0	555
10108	631	0	10	16	0	657
10109	28	658	4	11	0	701
10110	684	19	7	3	0	713
10111	690	8	7	8	0	713
10112	40	5	657	8	0	710
10113	16	3	29	668	0	716
10114	617	2	14	29	0	662
10115	622	0	8	14	0	644
10116	32	599	11	8	0	650
10117	16	24	7	620	0	667
10118	7	9	7	652	0	675
10119	5	5	609	41	0	660
10120	1	2	31	634	0	668
10121	4	1	616	36	0	657
10122	4	3	630	16	0	653
10123	5	2	36	621	0	664
10124	620	0	19	36	0	675
10125	25	621	10	16	0	672
10126	650	25	9	8	0	692
10127	663	10	4	8	0	685
10128	38	673	8	4	0	723
10129	20	32	3	658	0	713
10130	678	12	1	27	0	718
10131	35	671	6	11	0	723
10132	672	31	3	9	0	715
10133	38	720	4	6	0	768
10134	25	31	4	733	0	793
10135	10	15	7	764	0	796
10136	737	8	1	47	0	793
10137	738	3	2	20	0	763
10138	37	718	6	14	0	775
10139	14	23	665	12	0	714
10140	8	13	705	5	0	731
10141	5	6	37	644	0	692
10142	4	678	16	31	0	729
10143	9	24	9	686	0	728
10144	9	13	4	656	0	682
10145	7	6	4	671	0	688
10146	9	7	638	34	0	688
10147	7	8	625	16	0	656
10148	8	629	28	14	0	679
10149	10	29	14	624	0	677
10150	6	12	7	680	0	705
10151	9	8	648	37	0	702
10152	604	10	27	14	0	655
10153	29	7	9	667	0	712
10154	16	4	674	37	0	731
10155	664	6	30	12	0	712
10156	34	683	14	11	0	742
10157	16	32	703	9	0	760
10158	8	13	35	755	0	811
10159	776	6	21	32	0	835
10160	33	5	784	23	0	845
10161	12	8	32	792	0	844
10162	10	3	11	822	0	846
10163	7	5	7	892	0	911
10164	865	2	13	51	0	931
10165	32	851	12	27	0	922
10166	14	31	9	873	0	927
10167	7	20	885	41	0	953
10168	6	10	33	872	0	921
10169	5	833	15	44	0	897
10170	6	900	15	18	0	939
10171	900	42	6	14	0	962
10172	912	18	5	13	0	948
10173	47	7	882	9	0	945
10174	878	6	35	10	0	929
10175	39	888	15	8	0	950
10176	920	32	14	8	0	974
10177	41	16	7	921	0	985
10178	22	9	908	41	0	980
10179	13	5	37	922	0	977
10180	11	3	906	44	0	964
10181	886	2	39	27	0	954
10182	36	6	17	905	0	964
10183	19	898	11	39	0	967
10184	12	36	8	952	0	1008
10185	12	17	904	41	0	974
10186	5	897	32	23	0	957
10187	758	21	12	16	0	807
10188	18	703	7	8	0	736
10189	12	702	1	4	0	719
10190	8	23	4	684	0	719
10191	3	697	4	18	0	722
10192	2	19	5	708	0	734
10193	3	8	692	24	0	727
10194	626	11	16	8	0	661
10195	706	2	9	8	0	725
10196	22	2	664	6	0	694
10197	630	3	21	6	0	660
10198	20	665	10	5	0	700
10199	685	19	5	2	0	711
10200	27	11	2	684	0	724
10201	11	8	716	20	0	755
10202	10	740	17	9	0	776
10203	4	18	8	760	0	790
10204	2	10	8	779	0	799
10205	722	8	2	29	0	761
10206	714	3	2	14	0	733
10207	26	706	5	11	0	748
10208	11	626	2	3	0	642
10209	2	603	4	4	0	613
10210	3	12	0	630	0	645
10211	621	5	0	9	0	635
10212	624	2	2	5	0	633
10213	10	2	0	688	0	700
10214	6	0	3	693	0	702
10215	694	4	0	10	0	708
10216	7	5	0	699	0	711
10217	4	3	671	9	0	687
10218	655	3	6	7	0	671
10219	670	0	2	4	0	676
10220	14	1	713	0	0	728
10221	713	4	4	2	0	723
10222	11	3	4	737	0	755
10223	6	2	4	731	0	743
10224	5	0	1	743	0	749
10225	706	3	3	13	0	725
10226	10	718	2	9	0	739
10227	6	9	2	752	0	769
10228	6	703	3	8	0	720
10229	720	11	1	6	0	738
10230	9	5	2	715	0	731
10231	7	4	1	761	0	773
10232	6	785	0	12	0	803
10233	5	7	725	6	0	743
10234	4	7	7	748	0	766
10235	763	7	4	10	0	784
10236	823	6	3	7	0	839
10237	21	2	859	8	0	890
10238	16	1	14	861	0	892
10239	6	871	14	17	0	908
10240	3	18	4	915	0	940
10241	909	13	0	19	0	941
10242	887	4	2	14	0	907
10243	27	2	2	883	0	914
10244	16	846	3	16	0	881
10245	892	20	2	12	0	926
10246	20	11	3	891	0	925
10247	917	5	4	19	0	945
10248	906	3	2	16	0	927
10249	24	5	2	902	0	933
10250	17	0	3	894	0	914
10251	6	1	1	941	0	949
10252	6	904	1	28	0	939
10253	6	19	2	930	0	957
10254	5	14	1	911	0	931
10255	5	10	874	25	0	914
10256	2	3	856	19	0	880
10257	4	4	18	881	0	907
10258	834	3	14	17	0	868
10259	15	808	5	18	0	846
10260	810	14	4	8	0	836
10261	22	12	802	6	0	842
10262	14	7	790	6	0	817
10263	9	761	18	5	0	793
10264	3	11	8	771	0	793
10265	6	9	764	11	0	790
10266	1	5	765	12	0	783
10267	3	3	16	735	0	757
10268	750	1	10	10	0	771
10269	743	1	3	11	0	758
10270	18	0	1	742	0	761
10271	14	2	805	11	0	832
10272	4	2	6	819	0	831
10273	5	0	6	817	0	828
10274	2	799	3	18	0	822
10275	834	11	1	11	0	857
10276	831	7	1	5	0	844
10277	16	814	0	5	0	835
10278	8	11	3	803	0	825
10279	2	803	4	10	0	819
10280	819	12	0	11	0	842
10281	14	7	790	5	0	816
10282	9	4	765	2	0	780
10283	6	1	796	3	0	806
10284	1	2	23	769	0	795
10285	2	1	11	796	0	810
10286	801	1	3	17	0	822
10287	9	2	3	790	0	804
10288	9	1	3	814	0	827
10289	4	1	890	17	0	912
10290	2	1	839	13	0	855
10291	851	2	16	4	0	873
10292	11	859	11	2	0	883
10293	902	8	3	5	0	918
10294	13	7	4	894	0	918
10295	11	3	2	890	0	906
10296	8	867	5	17	0	897
10297	3	12	2	908	0	925
10298	895	7	2	16	0	920
10299	14	6	1	905	0	926
10300	10	4	861	18	0	893
10301	7	878	10	14	0	909
10302	899	12	8	7	0	926
10303	907	9	4	4	0	924
10304	908	5	2	6	0	921
10305	919	6	3	5	0	933
10306	26	3	4	885	0	918
10307	16	2	3	903	0	924
10308	9	2	899	24	0	934
10309	7	1	12	935	0	955
10310	6	2	891	24	0	923
10311	6	1	11	906	0	924
10312	898	2	11	21	0	932
10313	11	923	8	17	0	959
10314	12	13	3	947	0	975
10315	4	8	5	956	0	973
10316	956	3	4	18	0	981
10317	930	2	2	17	0	951
10318	23	6	916	11	0	956
10319	16	919	11	7	0	953
10320	7	13	10	870	0	900
10321	7	13	8	887	0	915
10322	892	4	5	26	0	927
10323	881	3	6	16	0	906
10324	18	6	887	6	0	917
10325	12	2	859	6	0	879
10326	6	3	22	832	0	863
10327	11	2	10	857	0	880
10328	13	4	859	21	0	897
10329	828	1	14	17	0	860
10330	18	2	12	882	0	914
10331	833	0	10	20	0	863
10332	17	768	4	21	0	810
10333	821	14	6	8	0	849
10334	18	10	875	11	0	914
10335	14	793	13	6	0	826
10336	3	765	2	5	0	775
10337	708	4	1	4	0	717
10338	706	4	0	3	0	713
10339	5	2	1	696	0	704
10340	4	683	1	3	0	691
10341	3	690	1	3	0	697
10342	2	4	1	712	0	719
10343	699	2	0	4	0	705
10344	691	2	0	1	0	694
10345	6	1	690	1	0	698
10346	673	1	3	0	0	677
10347	5	714	1	0	0	720
10348	772	11	1	1	0	785
10349	14	993	1	2	0	1010
10350	3	1083	26	1	0	1113
10351	4	35	0	1298	0	1337
10352	1440	15	1	38	0	1494
10353	1480	7	0	18	0	1505
10354	52	4	1401	11	0	1468
10355	31	2	38	1436	0	1507
10356	1419	1	19	41	0	1480
10357	46	1	11	1438	0	1496
10358	1437	2	5	49	0	1493
10359	1462	1	2	23	0	1488
10360	64	3	1375	12	0	1454
10361	32	4	37	1393	0	1466
10362	16	3	20	1411	0	1450
10363	8	1	8	1445	0	1462
10364	11	2	1342	65	0	1420
10365	6	1	41	1371	0	1419
10366	3	3	19	1403	0	1428
10367	4	1374	11	65	0	1454
10368	4	39	1322	32	0	1397
10369	5	1391	39	22	0	1457
10370	1395	50	18	11	0	1474
10371	40	20	13	1314	0	1387
10372	20	12	7	1297	0	1336
10373	12	1329	5	57	0	1403
10374	1325	41	3	31	0	1400
10375	1349	23	3	17	0	1392
10376	62	1261	5	10	0	1338
10377	29	1338	1	15	0	1383
10378	1345	48	1	7	0	1401
10379	49	29	1368	6	0	1452
10380	28	14	1373	2	0	1417
10381	1369	11	56	7	0	1443
10382	44	1364	30	7	0	1445
10383	1440	42	14	8	0	1504
10384	52	24	1369	6	0	1451
10385	1387	16	40	8	0	1451
10386	62	1355	26	5	0	1448
10387	30	45	16	1401	0	1492
10388	19	25	9	1426	0	1479
10389	20	15	4	1330	0	1369
10390	14	8	7	1351	0	1380
10391	14	8	7	1308	0	1337
10392	10	1266	7	77	0	1360
10393	1312	46	2	42	0	1402
10394	53	22	1262	29	0	1366
10395	29	15	44	1304	0	1392
10396	22	9	1310	53	0	1394
10397	14	11	50	1334	0	1409
10398	11	11	25	1376	0	1423
10399	1327	8	18	79	0	1432
10400	50	4	1324	45	0	1423
10401	31	1224	47	29	0	1331
10402	20	45	24	1233	0	1322
10403	12	23	16	1310	0	1361
10404	9	19	1248	73	0	1349
10405	12	11	48	1273	0	1344
10406	10	12	23	1327	0	1372
10407	1232	6	15	76	0	1329
10408	40	1303	14	44	0	1401
10409	1318	45	11	26	0	1400
10410	1344	25	6	22	0	1397
10411	71	17	2	1292	0	1382
10412	37	13	1366	47	0	1463
10413	20	9	1276	29	0	1334
10414	15	13	60	1295	0	1383
10415	19	5	34	1255	0	1313
10416	10	1269	21	61	0	1361
10417	1274	44	14	42	0	1374
10418	49	1280	11	26	0	1366
10419	34	1323	10	16	0	1383
10420	1310	67	7	17	0	1401
10421	47	37	7	1281	0	1372
10422	27	1361	6	53	0	1447
10423	22	49	8	1401	0	1480
10424	13	32	1343	64	0	1452
10425	17	20	1397	39	0	1473
10426	9	13	85	1384	0	1491
10427	10	10	1413	57	0	1490
10428	7	9	56	1393	0	1465
10429	8	5	30	1430	0	1473
10430	6	9	22	1476	0	1513
10431	1379	6	16	79	0	1480
10432	41	1332	13	51	0	1437
10433	25	1378	11	33	0	1447
10434	1285	58	8	24	0	1375
10435	1318	34	8	19	0	1379
10436	63	20	5	1301	0	1389
10437	38	12	1263	47	0	1360
10438	18	12	41	1299	0	1370
10439	12	9	1337	65	0	1423
10440	13	1332	50	35	0	1430
10441	12	43	27	1391	0	1473
10442	1400	22	18	55	0	1495
10443	43	14	16	1423	0	1496
10444	27	10	1371	58	0	1466
10445	1334	11	48	36	0	1429
10446	50	8	1385	29	0	1472
10447	29	3	1374	17	0	1423
10448	18	1429	46	15	0	1508
10449	8	1210	23	5	0	1246
10450	26	1125	13	8	0	1172
10451	882	6	25	50	0	963
10452	782	0	0	0	0	782
10453	0	0	0	778	0	778
10454	0	0	0	787	0	787
10455	0	0	0	799	0	799
10456	0	760	0	1	0	761
10457	805	0	0	0	0	805
10458	0	767	1	0	0	768
10459	0	0	0	804	0	804
10460	808	0	0	0	0	808
10461	0	0	0	779	0	779
10462	0	0	0	785	0	785
10463	793	0	0	0	0	793
10464	770	0	0	0	0	770
10465	0	0	797	0	0	797
10466	1	0	730	0	0	731
10467	1	1	777	0	0	779
10468	0	0	0	760	0	760
10469	0	0	0	792	0	792
10470	0	785	0	0	0	785
10471	805	0	0	0	0	805
10472	0	0	0	803	0	803
10473	0	0	0	795	0	795
10474	0	778	1	0	0	779
10475	0	784	0	1	0	785
10476	0	0	0	795	0	795
10477	0	1	0	882	0	883
10478	889	0	0	3	0	892
10479	809	0	0	3	0	812
10480	5	0	0	811	0	816
10481	4	1	791	4	0	800
10482	3	0	743	4	0	750
10483	3	0	5	784	0	792
10484	1	0	3	790	0	794
10485	0	768	3	5	0	776
10486	801	1	3	3	0	808
10487	2	2	0	802	0	806
10488	3	2	801	6	0	812
10489	2	2	2	840	0	846
10490	3	3	816	4	0	826
10491	2	0	818	6	0	826
10492	1	0	6	828	0	835
10493	844	0	6	5	0	855
10494	2	0	826	5	0	833
10495	4	0	6	816	0	826
10496	2	1	935	5	0	943
10497	3	0	3	927	0	933
10498	0	1	5	925	0	931
10499	1	1	932	8	0	942
10500	2	3	867	9	0	881
10501	2	1	10	833	0	846
10502	0	1	3	895	0	899
10503	1	0	5	910	0	916
10504	1	0	0	910	0	911
10505	911	0	4	9	0	924
10506	905	0	0	10	0	915
10507	5	875	4	6	0	890
10508	844	2	1	5	0	852
10509	5	4	2	827	0	838
10510	898	0	1	4	0	903
10511	6	3	855	4	0	868
10512	821	1	5	5	0	832
10513	6	1	2	841	0	850
10514	7	0	2	859	0	868
10515	888	0	2	11	0	901
10516	7	0	2	1029	0	1038
10517	6	2	1163	21	0	1192
10518	1132	2	16	15	0	1165
10519	22	1140	10	4	0	1176
10520	12	16	3	1194	0	1225
10521	9	8	1240	20	0	1277
10522	3	3	19	1229	0	1254
10523	10	4	1200	21	0	1235
10524	1	4	18	1244	0	1267
10525	2	1173	10	25	0	1210
10526	3	16	5	1224	0	1248
10527	4	1280	2	33	0	1319
10528	3	22	6	1337	0	1368
10529	4	11	2	1413	0	1430
10530	2	8	6	1420	0	1436
10531	8	2	3	1412	0	1425
10532	6	4	7	1435	0	1452
10533	5	5	1334	54	0	1398
10534	1	4	30	1387	0	1422
10535	3	2	14	1423	0	1442
10536	1454	5	9	47	0	1515
10537	28	1443	7	34	0	1512
10538	1479	39	6	12	0	1536
10539	36	16	4	1415	0	1471
10540	15	12	1318	48	0	1393
10541	6	1360	38	26	0	1430
10542	1351	36	14	21	0	1422
10543	31	1378	9	21	0	1439
10544	14	1420	10	19	0	1463
10545	1401	50	6	20	0	1477
10546	40	21	5	1481	0	1547
10547	1455	8	6	57	0	1526
10548	47	9	6	1330	0	1392
10549	27	7	1250	59	0	1343
10550	10	9	1265	33	0	1317
10551	1236	2	63	23	0	1324
10552	1309	9	22	20	0	1360
10553	66	3	19	1276	0	1364
10554	24	11	9	1317	0	1361
10555	1252	9	9	71	0	1341
10556	54	1216	3	33	0	1306
10557	24	1284	3	25	0	1336
10558	1276	57	7	14	0	1354
10559	1292	27	2	24	0	1345
10560	72	1238	8	18	0	1336
10561	31	52	6	1265	0	1354
10562	20	28	1223	57	0	1328
10563	18	12	1243	30	0	1303
10564	1257	8	58	21	0	1344
10565	58	9	1246	15	0	1328
10566	30	9	51	1223	0	1313
10567	20	7	19	1210	0	1256
10568	17	1202	15	64	0	1298
10569	1228	51	7	35	0	1321
10570	60	23	16	1233	0	1332
10571	28	15	1161	64	0	1268
10572	24	1271	46	35	0	1376
10573	15	85	22	1275	0	1397
10574	18	26	1258	60	0	1362
10575	19	13	1238	33	0	1303
10576	9	1262	71	30	0	1372
10577	1189	50	29	13	0	1281
10578	47	1232	15	21	0	1315
10579	1258	51	12	20	0	1341
10580	56	19	1206	15	0	1296
10581	1203	21	45	19	0	1288
10582	59	1218	19	17	0	1313
10583	22	53	13	1231	0	1319
10584	22	20	9	1291	0	1342
10585	1247	16	10	66	0	1339
10586	47	12	1218	37	0	1314
10587	1267	14	51	15	0	1347
10588	1303	9	22	16	0	1350
10589	66	14	1202	17	0	1299
10590	38	10	1217	17	0	1282
10591	15	14	62	1216	0	1307
10592	1245	8	24	51	0	1328
10593	1242	17	14	28	0	1301
10594	68	1177	12	18	0	1275
10595	26	53	14	1241	0	1334
10596	18	24	9	1163	0	1214
10597	15	22	8	1182	0	1227
10598	22	10	7	1192	0	1231
10599	1135	9	12	73	0	1229
10600	58	9	14	1197	0	1278
10601	32	8	1139	61	0	1240
10602	23	7	1128	35	0	1193
10603	1107	8	61	21	0	1197
10604	53	1109	31	16	0	1209
10605	30	1158	17	15	0	1220
10606	33	63	7	1152	0	1255
10607	19	29	9	1198	0	1255
10608	19	16	6	1192	0	1233
10609	16	11	9	1225	0	1261
10610	12	11	1069	71	0	1163
10611	13	11	47	1111	0	1182
10612	15	8	21	1111	0	1155
10613	16	5	1033	74	0	1128
10614	980	5	50	32	0	1067
10615	49	1005	21	22	0	1097
10616	875	32	12	12	0	931
10617	38	6	703	13	0	760
10618	16	6	712	9	0	743
10619	10	680	36	6	0	732
10620	728	33	14	29	0	804
10621	670	7	7	11	0	695
10622	676	5	4	11	0	696
10623	35	615	5	12	0	667
10624	630	31	2	6	0	669
10625	35	10	608	6	0	659
10626	15	574	27	6	0	622
10627	524	26	9	2	0	561
10628	27	484	4	2	0	517
10629	446	26	0	6	0	478
10630	453	7	3	5	0	468
10631	27	3	430	4	0	464
10632	10	424	23	3	0	460
10633	434	20	11	2	0	467
10634	23	8	421	2	0	454
10635	9	423	21	6	0	459
10636	6	13	3	357	0	379
10637	3	5	351	13	0	372
10638	2	6	355	4	0	367
10639	4	1	18	355	0	378
10640	355	2	7	15	0	379
10641	14	337	4	5	0	360
10642	4	14	414	6	0	438
10643	1	4	378	1	0	384
10644	362	1	13	2	0	378
10645	13	374	3	2	0	392
10646	321	2	0	0	0	323
10647	2	309	1	0	0	312
10648	322	2	0	0	0	324
10649	329	0	1	0	0	330
10650	3	324	1	0	0	328
10651	0	3	0	337	0	340
10652	336	0	0	3	0	339
10653	4	0	0	328	0	332
10654	0	1	0	328	0	329
10655	336	0	0	4	0	340
10656	3	320	0	1	0	324
10657	334	3	0	1	0	338
10658	3	0	319	1	0	323
10659	1	0	3	316	0	320
10660	0	0	0	329	0	329
10661	332	0	1	3	0	336
10662	329	0	1	0	0	330
10663	4	0	0	319	0	323
10664	0	1	362	3	0	366
10665	0	1	2	367	0	370
10666	0	0	0	376	0	376
10667	0	0	0	376	0	376
10668	1	0	0	368	0	369
10669	374	0	0	4	0	378
10670	3	0	370	0	0	373
10671	0	383	3	2	0	388
10672	0	3	0	331	0	334
10673	0	0	1	338	0	339
10674	1	0	337	3	0	341
10675	0	1	361	1	0	363
10676	1	0	3	404	0	408
10677	0	0	2	405	0	407
10678	0	0	362	5	0	367
10679	0	1	4	361	0	366
10680	361	0	1	5	0	367
10681	5	356	0	2	0	363
10682	2	4	350	0	0	356
10683	0	379	4	2	0	385
10684	2	4	1	386	0	393
10685	1	2	377	3	0	383
10686	0	363	4	2	0	369
10687	0	3	1	350	0	354
10688	1	1	341	3	0	346
10689	0	1	3	339	0	343
10690	0	1	1	343	0	345
10691	350	0	0	4	0	354
10692	2	0	0	348	0	350
10693	349	0	0	3	0	352
10694	334	0	0	2	0	336
10695	330	0	0	0	0	330
10696	3	0	0	325	0	328
10697	3	0	323	2	0	328
10698	0	1	311	2	0	314
10699	308	0	3	1	0	312
10700	2	0	317	1	0	320
10701	301	0	3	1	0	305
10702	2	313	1	0	0	316
10703	326	3	0	0	0	329
10704	2	1	326	0	0	329
10705	2	1	369	1	0	373
10706	0	1	5	386	0	392
10707	1	0	389	4	0	394
10708	0	1	420	4	0	425
10709	2	0	6	452	0	460
10710	1	1	3	464	0	469
10711	1	0	2	474	0	477
10712	0	513	0	9	0	522
10713	2	6	0	487	0	495
10714	0	514	1	9	0	524
10715	519	7	0	5	0	531
10716	563	4	1	1	0	569
10717	8	1	1	636	0	646
10718	2	623	1	8	0	634
10719	2	7	623	3	0	635
10720	591	1	8	1	0	601
10721	7	0	2	610	0	619
10722	4	2	0	600	0	606
10723	2	0	2	622	0	626
10724	605	1	1	9	0	616
10725	9	594	2	6	0	611
10726	3	658	3	3	0	667
10727	667	8	2	6	0	683
10728	8	661	3	4	0	676
10729	670	8	6	2	0	686
10730	667	6	1	3	0	677
10731	12	656	2	3	0	673
10732	4	13	1	656	0	674
10733	3	654	5	7	0	669
10734	4	9	3	667	0	683
10735	1	4	1	740	0	746
10736	727	3	7	16	0	753
10737	793	2	3	10	0	808
10738	15	3	4	795	0	817
10739	6	0	775	16	0	797
10740	759	1	12	14	0	786
10741	15	771	7	11	0	804
10742	9	12	4	732	0	757
10743	2	11	4	748	0	765
10744	9	4	0	754	0	767
10745	718	8	1	20	0	747
10746	713	3	1	14	0	731
10747	17	705	1	9	0	732
10748	7	725	4	8	0	744
10749	9	18	3	714	0	744
10750	9	8	4	728	0	749
10751	5	9	699	17	0	730
10752	4	3	11	717	0	735
10753	5	3	714	21	0	743
10754	7	3	687	13	0	710
10755	8	705	16	8	0	737
10756	4	14	9	714	0	741
10757	716	11	6	16	0	749
10758	18	4	4	720	0	746
10759	12	7	705	16	0	740
10760	690	6	10	14	0	720
10761	709	4	7	11	0	731
10762	19	7	668	9	0	703
10763	11	4	13	709	0	737
10764	668	4	5	17	0	694
10765	17	659	4	12	0	692
10766	677	13	5	12	0	707
10767	690	9	1	13	0	713
10768	19	5	11	674	0	709
10769	11	4	4	689	0	708
10770	676	6	10	22	0	714
10771	22	2	7	656	0	687
10772	8	7	627	28	0	670
10773	689	4	16	23	0	732
10774	691	4	8	18	0	721
10775	21	652	3	10	0	686
10776	11	626	4	11	0	652
10777	12	19	5	621	0	657
10778	10	620	3	16	0	649
10779	8	16	6	644	0	674
10780	633	5	5	22	0	665
10781	634	7	2	11	0	654
10782	15	625	9	9	0	658
10783	607	12	5	12	0	636
10784	18	608	4	10	0	640
10785	618	14	2	11	0	645
10786	624	9	4	8	0	645
10787	22	2	594	10	0	628
10788	599	6	14	6	0	625
10789	20	588	6	8	0	622
10790	19	678	3	3	0	703
10791	687	21	5	5	0	718
10792	25	8	3	684	0	720
10793	13	10	661	19	0	703
10794	7	9	13	675	0	704
10795	11	5	7	696	0	719
10796	9	10	657	25	0	701
10797	654	3	18	18	0	693
10798	23	670	6	13	0	712
10799	653	18	3	10	0	684
10800	30	7	3	607	0	647
10801	616	7	3	21	0	647
10802	26	596	5	10	0	637
10803	19	17	3	612	0	651
10804	611	15	5	23	0	654
10805	23	4	530	9	0	566
10806	7	10	498	7	0	522
10807	485	3	14	10	0	512
10808	20	472	5	2	0	499
10809	9	446	3	4	0	462
10810	7	17	5	420	0	449
10811	4	427	2	15	0	448
10812	2	12	3	444	0	461
10813	2	5	6	490	0	503
10814	8	4	3	493	0	508
10815	5	483	4	19	0	511
10816	5	14	5	454	0	478
10817	2	11	354	15	0	382
10818	4	358	8	13	0	383
10819	4	14	3	349	0	370
10820	5	364	4	17	0	390
10821	374	11	3	7	0	395
10822	374	6	6	6	0	392
10823	381	6	4	3	0	394
10824	23	367	2	2	0	394
10825	10	13	4	371	0	398
10826	9	11	310	11	0	341
10827	9	6	308	8	0	331
10828	303	6	15	6	0	330
10829	321	2	6	8	0	337
10830	15	6	4	321	0	346
10831	7	5	2	328	0	342
10832	9	3	296	19	0	327
10833	6	287	9	14	0	316
10834	2	309	9	7	0	327
10835	2	6	239	3	0	250
10836	47	1	5	202	0	255
10837	0	1	3	190	0	194
10838	3	0	0	190	0	193
10839	2	3	0	199	0	204
10840	196	2	0	5	0	203
10841	6	2	191	4	0	203
10842	190	1	4	3	0	198
10843	4	4	2	194	0	204
10844	194	3	0	9	0	206
10845	7	0	1	195	0	203
10846	3	2	189	5	0	199
10847	2	1	6	195	0	204
10848	4	3	193	5	0	205
10849	5	3	4	192	0	204
10850	2	4	203	6	0	215
10851	6	200	5	3	0	214
10852	1	8	2	201	0	212
10853	3	1	1	200	0	205
10854	3	206	2	5	0	216
10855	208	5	3	2	0	218
10856	6	6	1	206	0	219
10857	5	1	0	216	0	222
10858	206	2	3	7	0	218
10859	213	3	2	3	0	221
10860	226	1	2	6	0	235
10861	225	3	2	3	0	233
10862	9	2	218	3	0	232
10863	220	2	7	2	0	231
10864	223	1	2	4	0	230
10865	9	4	0	221	0	234
10866	2	1	1	231	0	235
10867	219	2	2	7	0	230
10868	5	214	2	5	0	226
10869	5	5	1	222	0	233
10870	3	3	214	6	0	226
10871	2	233	7	6	0	248
10872	249	6	2	3	0	260
10873	181	1	1	1	0	184
10874	182	1	0	1	0	184
10875	185	0	2	0	0	187
10876	5	1	1	181	0	188
10877	2	0	173	3	0	178
10878	0	3	231	1	0	235
10879	1	1	8	321	0	331
10880	374	0	6	9	0	389
10881	17	1	0	395	0	413
10882	6	1	388	16	0	411
10883	382	0	16	7	0	405
10884	401	0	6	2	0	409
10885	18	1	1	392	0	412
10886	6	0	388	16	0	410
10887	3	1	382	5	0	391
10888	376	2	19	1	0	398
10889	14	377	6	2	0	399
10890	4	13	311	2	0	330
10891	1	4	12	316	0	333
10892	335	0	4	14	0	353
10893	12	329	1	5	0	347
10894	6	342	1	1	0	350
10895	336	16	1	1	0	354
10896	14	3	2	343	0	362
10897	338	0	2	13	0	353
10898	13	1	2	340	0	356
10899	5	0	2	350	0	357
10900	0	2	351	18	0	371
10901	1	1	340	4	0	346
10902	0	1	359	1	0	361
10903	1	2	18	343	0	364
10904	356	1	5	11	0	373
10905	13	2	340	6	0	361
10906	6	1	12	346	0	365
10907	1	0	354	15	0	370
10908	2	351	12	6	0	371
10909	2	13	5	383	0	403
10910	0	2	2	394	0	398
10911	2	0	2	406	0	410
10912	390	0	2	20	0	412
10913	14	0	2	347	0	363
10914	5	0	4	358	0	367
10915	341	0	2	18	0	361
10916	15	0	331	5	0	351
10917	339	2	13	1	0	355
10918	352	1	5	2	0	360
10919	17	1	338	2	0	358
10920	375	1	12	4	0	392
10921	14	1	3	403	0	421
10922	5	2	406	14	0	427
10923	412	0	13	8	0	433
10924	432	0	4	4	0	440
10925	18	0	1	521	0	540
10926	8	0	0	522	0	530
10927	3	0	2	541	0	546
10928	515	0	2	20	0	537
10929	17	503	1	7	0	528
10930	522	14	4	2	0	542
10931	15	492	5	1	0	513
10932	12	516	0	2	0	530
10933	2	16	3	522	0	543
10934	2	6	3	541	0	552
10935	3	1	2	528	0	534
10936	3	1	2	542	0	548
10937	4	1	503	19	0	527
10938	491	1	14	8	0	514
10939	14	0	5	523	0	542
10940	8	1	502	17	0	528
10941	2	4	14	510	0	530
10942	3	3	4	535	0	545
10943	3	4	506	20	0	533
10944	3	3	13	509	0	528
10945	4	0	6	519	0	529
10946	514	2	1	20	0	537
10947	15	1	510	11	0	537
10948	499	1	17	6	0	523
10949	12	492	11	4	0	519
10950	494	13	3	5	0	515
10951	504	4	3	5	0	516
10952	22	0	3	496	0	521
10953	8	0	496	19	0	523
10954	1	513	15	11	0	540
10955	1	15	8	515	0	539
10956	1	555	3	15	0	574
10957	568	19	2	6	0	595
10958	20	7	555	5	0	587
10959	14	0	556	4	0	574
10960	3	1	23	544	0	571
10961	3	2	549	20	0	574
10962	3	0	15	555	0	573
10963	3	3	5	570	0	581
10964	558	1	3	25	0	587
10965	20	538	3	9	0	570
10966	11	19	1	559	0	590
10967	2	6	3	654	0	665
10968	3	2	5	647	0	657
10969	3	598	3	25	0	629
10970	2	643	4	7	0	656
10971	605	21	5	4	0	635
10972	614	6	3	5	0	628
10973	626	1	3	7	0	637
10974	21	1	599	7	0	628
10975	5	1	19	607	0	632
10976	5	1	588	24	0	618
10977	3	596	17	11	0	627
10978	551	16	3	2	0	572
10979	17	4	458	2	0	481
10980	3	1	5	405	0	414
10981	0	0	392	8	0	400
10982	410	1	4	6	0	421
10983	436	1	2	3	0	442
10984	437	2	0	1	0	440
10985	438	2	0	1	0	441
10986	8	1	487	15	0	511
10987	498	1	4	2	0	505
10988	513	1	2	2	0	518
10989	7	485	2	2	0	496
10990	516	6	0	3	0	525
10991	519	1	1	1	0	522
10992	8	1	1	474	0	484
10993	3	473	2	4	0	482
10994	494	5	2	1	0	502
10995	505	1	1	1	0	508
10996	8	0	632	1	0	641
10997	4	0	661	1	0	666
10998	3	1	673	1	0	678
10999	2	0	15	656	0	673
11000	664	1	6	13	0	684
11001	11	654	3	5	0	673
11002	662	12	1	2	0	677
11003	17	653	1	1	0	672
11004	658	14	2	0	0	674
11005	18	656	2	2	0	678
11006	7	663	1	1	0	672
11007	633	13	2	3	0	651
11008	13	641	2	1	0	657
11009	5	15	1	637	0	658
11010	2	3	625	12	0	642
11011	2	4	622	3	0	631
11012	2	1	12	610	0	625
11013	2	2	5	647	0	656
11014	1	3	641	15	0	660
11015	3	2	12	623	0	640
11016	3	1	2	652	0	658
11017	633	1	5	16	0	655
11018	11	652	3	6	0	672
11019	3	12	2	627	0	644
11020	4	628	0	14	0	646
11021	588	14	1	4	0	607
11022	13	591	1	5	0	610
11023	588	14	2	2	0	606
11024	607	5	1	2	0	615
11025	15	4	1	500	0	520
11026	5	2	1	513	0	521
11027	3	3	1	513	0	520
11028	2	1	2	514	0	519
11029	1	4	465	19	0	489
11030	531	1	11	6	0	549
11031	16	545	5	3	0	569
11032	5	11	2	554	0	572
11033	3	3	3	560	0	569
11034	3	549	0	18	0	570
11035	534	12	2	7	0	555
11036	15	546	0	4	0	565
11037	7	14	1	556	0	578
11038	4	3	3	568	0	578
11039	3	5	1	572	0	581
11040	3	0	1	577	0	581
11041	555	3	0	21	0	579
11042	19	2	538	4	0	563
11043	9	3	11	553	0	576
11044	6	2	2	564	0	574
11045	2	1	3	572	0	578
11046	4	0	1	576	0	581
11047	551	2	1	21	0	575
11048	14	2	540	7	0	563
11049	8	1	14	523	0	546
11050	5	517	5	11	0	538
11051	2	537	3	8	0	550
11052	531	14	2	5	0	552
11053	12	4	530	4	0	550
11054	470	2	9	3	0	484
11055	14	1	485	1	0	501
11056	2	1	11	460	0	474
11057	518	0	2	10	0	530
11058	7	510	2	4	0	523
11059	2	8	0	501	0	511
11060	4	511	0	6	0	521
11061	521	10	2	3	0	536
11062	570	3	0	3	0	576
11063	10	2	1	586	0	599
11064	4	1	572	11	0	588
11065	3	0	565	3	0	571
11066	2	1	11	571	0	585
11067	1	503	6	9	0	519
11068	1	10	2	527	0	540
11069	2	3	1	492	0	498
11070	1	4	0	497	0	502
11071	2	0	477	12	0	491
11072	2	1	10	486	0	499
11073	1	2	3	489	0	495
11074	1	555	4	14	0	574
11075	0	14	0	566	0	580
11076	2	3	0	606	0	611
11077	1	3	1	602	0	607
11078	1	1	1	610	0	613
11079	1	0	1	605	0	607
11080	1	0	0	614	0	615
11081	1	0	1	608	0	610
11082	0	1	0	572	0	573
11083	1	0	540	13	0	554
11084	1	0	11	549	0	561
11085	548	0	2	13	0	563
11086	8	1	2	506	0	517
11087	2	1	484	13	0	500
11088	476	0	8	5	0	489
11089	504	1	2	4	0	511
11090	504	0	4	1	0	509
11091	494	0	1	2	0	497
11092	12	1	0	531	0	544
11093	5	2	508	9	0	524
11094	3	500	11	5	0	519
11095	1	549	3	4	0	557
11096	40	3	1	392	0	436
11097	0	0	1	420	0	421
11098	0	0	1	408	0	409
11099	0	1	0	418	0	419
11100	0	1	0	427	0	428
11101	519	0	0	5	0	524
11102	8	506	1	2	0	517
11103	5	517	0	1	0	523
11104	3	14	1	530	0	548
11105	3	7	0	533	0	543
11106	0	2	0	542	0	544
11107	0	1	0	539	0	540
11108	0	2	572	19	0	593
11109	0	558	21	11	0	590
11110	0	22	4	607	0	633
11111	598	4	3	26	0	631
11112	21	4	0	605	0	630
11113	7	1	584	26	0	618
11114	4	1	571	7	0	583
11115	1	3	589	6	0	599
11116	1	0	32	562	0	595
11117	596	0	8	29	0	633
11118	25	1	6	571	0	603
11119	5	1	1	605	0	612
11120	677	0	3	34	0	714
11121	26	2	0	682	0	710
11122	6	0	0	710	0	716
11123	7	1	807	32	0	847
11124	2	780	20	14	0	816
11125	1	26	9	865	0	901
11126	880	6	7	29	0	922
11127	21	7	3	891	0	922
11128	6	4	864	33	0	907
11129	6	1	21	864	0	892
11130	3	936	8	31	0	978
11131	3	25	6	990	0	1024
11132	4	6	953	36	0	999
11133	1	909	26	14	0	950
11134	1	27	8	978	0	1014
11135	3	7	7	1007	0	1024
11136	2	8	2	980	0	992
11137	0	3	2	1006	0	1011
11138	3	2	946	43	0	994
11139	2	907	27	18	0	954
11140	981	28	7	12	0	1028
11141	996	8	6	10	0	1020
11142	35	6	5	971	0	1017
11143	11	4	962	32	0	1009
11144	946	2	29	10	0	987
11145	29	3	8	991	0	1031
11146	7	2	1003	35	0	1047
11147	5	0	28	1025	0	1058
11148	4	3	12	1041	0	1060
11149	0	5	4	1065	0	1074
11150	6	2	1011	41	0	1060
11151	3	3	23	977	0	1006
11152	4	991	9	34	0	1038
11153	1040	25	8	17	0	1090
11154	1039	9	6	11	0	1065
11155	1056	5	4	10	0	1075
11156	37	996	7	6	0	1046
11157	1004	28	0	9	0	1041
11158	29	10	3	991	0	1033
11159	998	6	2	35	0	1041
11160	994	2	4	17	0	1017
11161	35	5	952	14	0	1006
11162	14	880	29	9	0	932
11163	906	26	12	6	0	950
11164	27	14	8	907	0	956
11165	15	8	873	34	0	930
11166	12	864	27	13	0	916
11167	895	29	9	12	0	945
11168	21	13	8	896	0	938
11169	18	3	7	917	0	945
11170	8	7	4	946	0	965
11171	10	847	10	36	0	903
11172	6	32	5	919	0	962
11173	10	855	5	38	0	908
11174	4	31	6	848	0	889
11175	11	12	847	36	0	906
11176	4	6	23	889	0	922
11177	9	6	8	899	0	922
11178	6	4	8	926	0	944
11179	8	5	852	41	0	906
11180	2	5	22	875	0	904
11181	8	6	13	905	0	932
11182	6	4	4	925	0	939
11183	5	5	8	906	0	924
11184	6	3	4	915	0	928
11185	8	5	875	41	0	929
11186	6	4	26	913	0	949
11187	6	3	8	948	0	965
11188	894	2	7	45	0	948
11189	17	838	8	23	0	886
11190	11	891	3	23	0	928
11191	11	33	5	916	0	965
11192	7	11	3	914	0	935
11193	3	847	5	44	0	899
11194	7	27	6	882	0	922
11195	5	819	6	35	0	865
11196	5	28	4	844	0	881
11197	5	9	5	839	0	858
11198	7	7	772	43	0	829
11199	6	731	26	22	0	785
11200	6	790	7	17	0	820
11201	662	21	4	13	0	700
11202	8	666	4	13	0	691
11203	3	19	3	690	0	715
11204	1	8	652	29	0	690
11205	1	6	18	658	0	683
11206	653	6	4	29	0	692
11207	23	5	631	16	0	675
11208	2	560	5	5	0	572
11209	1	2	4	588	0	595
11210	2	3	2	618	0	625
11211	620	2	1	9	0	632
11212	2	3	1	620	0	626
11213	3	2	2	621	0	628
11214	0	2	2	627	0	631
11215	1	2	1	621	0	625
11216	616	0	1	13	0	630
11217	612	1	1	7	0	621
11218	2	2	1	625	0	630
11219	614	1	1	6	0	622
11220	1	1	1	516	0	519
11221	5	3	516	4	0	528
11222	3	2	472	7	0	484
11223	3	2	2	371	0	378
11224	0	362	4	6	0	372
11225	1	1	0	372	0	374
11226	331	3	1	4	0	339
11227	2	1	2	331	0	336
11228	330	2	0	4	0	336
11229	1	1	3	332	0	337
11230	0	1	218	0	0	219
11231	0	211	0	1	0	212
11232	0	220	0	1	0	221
11233	0	0	0	290	0	290
11234	0	0	269	0	0	269
11235	0	248	0	0	0	248
11236	0	0	0	286	0	286
11237	283	0	0	0	0	283
11238	1	3	300	0	0	304
11239	0	0	0	312	0	312
11240	0	0	0	332	0	332
11241	0	0	322	0	0	322
11242	0	0	292	1	0	293
11243	1	0	320	0	0	321
11244	0	0	0	316	0	316
11245	0	0	321	0	0	321
11246	248	0	0	0	0	248
11247	0	0	0	290	0	290
11248	0	1	319	0	0	320
11249	0	302	0	0	0	302
11250	0	0	308	0	0	308
11251	0	0	0	288	0	288
11252	322	0	0	0	0	322
11253	0	0	0	439	0	439
11254	0	0	0	439	0	439
11255	443	0	0	1	0	444
11256	0	0	0	442	0	442
11257	2	1	470	0	0	473
11258	500	0	1	2	0	503
11259	2	492	1	1	0	496
11260	561	2	0	0	0	563
11261	1	1	0	561	0	563
11262	2	0	599	3	0	604
11263	0	0	574	1	0	575
11264	0	0	3	595	0	598
11265	0	0	1	594	0	595
11266	0	0	593	3	0	596
11267	0	0	552	1	0	553
11268	597	0	3	0	0	600
11269	2	0	1	607	0	610
11270	598	0	0	2	0	600
11271	2	0	0	598	0	600
11272	1	0	592	2	0	595
11273	0	1	644	1	0	646
11274	1	0	3	673	0	677
11275	1	1	1	621	0	624
11276	1	0	611	4	0	616
11277	585	0	2	2	0	589
11278	2	0	2	643	0	647
11279	832	0	1	2	0	835
11280	10	1059	1	2	0	1072
11281	1	20	0	1113	0	1134
11282	1109	6	1	21	0	1137
11283	22	0	1110	6	0	1138
11284	7	2	20	1128	0	1157
11285	0	0	5	1107	0	1112
11286	3	0	0	1131	0	1134
11287	0	0	1089	28	0	1117
11288	0	1	20	1098	0	1119
11289	1	1091	6	24	0	1122
11290	1	22	0	1137	0	1160
11291	0	7	1107	22	0	1136
11292	1	0	1091	11	0	1103
11293	1	1	24	1090	0	1116
11294	1	0	8	1102	0	1111
11295	2	0	2	1148	0	1152
11296	1	1	2	1162	0	1166
11297	1139	2	1	33	0	1175
11298	1139	0	2	11	0	1152
11299	30	1	1085	3	0	1119
11300	6	1083	25	4	0	1118
11301	2	22	5	1139	0	1168
11302	1217	6	1	25	0	1249
11303	1170	2	7	9	0	1188
11304	1234	2	3	4	0	1243
11305	1231	0	1	4	0	1236
11306	32	2	1170	5	0	1209
11307	1177	1	24	5	0	1207
11308	26	1145	10	5	0	1186
11309	11	23	3	1194	0	1231
11310	3	7	1167	24	0	1201
11311	3	3	21	1166	0	1193
11312	3	4	1164	31	0	1202
11313	5	0	25	1173	0	1203
11314	3	0	12	1209	0	1224
11315	1190	1	3	36	0	1230
11316	26	2	2	1198	0	1228
11317	6	4	1234	31	0	1275
11318	4	0	24	1268	0	1296
11319	1255	3	7	28	0	1293
11320	28	2	4	1265	0	1299
11321	10	3	1228	27	0	1268
11322	1	1163	26	15	0	1205
11323	1360	23	10	6	0	1399
11324	26	8	6	1274	0	1314
11325	7	1341	6	28	0	1382
11326	1364	27	2	10	0	1403
11327	28	7	1324	9	0	1368
11328	12	1267	28	6	0	1313
11329	5	23	11	1254	0	1293
11330	11	9	1222	27	0	1269
11331	3	6	25	1196	0	1230
11332	1224	2	9	33	0	1268
11333	25	3	1158	14	0	1200
11334	13	1	26	1162	0	1202
11335	8	1	1172	30	0	1211
11336	6	3	26	1175	0	1210
11337	4	5	9	1195	0	1213
11338	1133	3	6	39	0	1181
11339	30	1089	9	15	0	1143
11340	11	24	6	1139	0	1180
11341	1151	8	3	35	0	1197
11342	1168	3	3	20	0	1194
11343	31	1	10	1132	0	1174
11344	10	1094	8	34	0	1146
11345	9	1162	2	14	0	1187
11346	11	30	2	1166	0	1209
11347	1	10	9	1185	0	1205
11348	1119	6	7	37	0	1169
11349	31	3	6	1134	0	1174
11350	12	6	1088	33	0	1139
11351	1034	4	24	22	0	1084
11352	30	1083	13	12	0	1138
11353	1139	25	6	13	0	1183
11354	30	6	1103	11	0	1150
11355	15	1127	23	12	0	1177
11356	1197	32	6	37	0	1272
11357	1220	8	7	10	0	1245
11358	35	2	1124	7	0	1168
11359	1139	7	25	6	0	1177
11360	1124	1	9	11	0	1145
11361	38	1076	5	3	0	1122
11362	9	26	7	1076	0	1118
11363	10	7	1033	30	0	1080
11364	11	2	25	1046	0	1084
11365	6	6	1046	29	0	1087
11366	4	4	25	1059	0	1092
11367	1068	3	11	28	0	1110
11368	31	1	4	1089	0	1125
11369	6	4	1177	31	0	1218
11370	1193	6	31	17	0	1247
11371	34	1	15	1241	0	1291
11372	19	3	1201	36	0	1259
11373	1164	2	34	19	0	1219
11374	39	2	14	1207	0	1262
11375	19	5	1166	38	0	1228
11376	9	5	1159	18	0	1191
11377	7	1	38	1219	0	1265
11378	7	7	1206	35	0	1255
11379	7	964	28	20	0	1019
11380	1	9	6	758	0	774
11381	759	6	5	10	0	780
11382	10	3	763	10	0	786
11383	7	0	730	2	0	739
11384	694	1	18	2	0	715
11385	9	1	750	3	0	763
11386	717	0	14	1	0	732
11387	15	0	735	1	0	751
11388	7	0	15	720	0	742
11389	7	2	729	9	0	747
11390	1	2	13	698	0	714
11391	3	0	744	13	0	760
11392	3	0	729	7	0	739
11393	658	0	16	4	0	678
11394	10	702	13	1	0	726
11395	739	10	5	1	0	755
11396	10	712	3	1	0	726
11397	11	12	3	725	0	751
11398	4	7	4	735	0	750
11399	736	4	1	16	0	757
11400	11	0	2	725	0	738
11401	8	2	724	14	0	748
11402	674	1	8	10	0	693
11403	691	0	9	6	0	706
11404	18	2	4	689	0	713
11405	14	3	673	11	0	701
11406	8	0	9	814	0	831
11407	4	806	10	11	0	831
11408	4	9	4	824	0	841
11409	5	6	1	838	0	850
11410	6	2	803	18	0	829
11411	714	1	12	13	0	740
11412	8	786	12	6	0	812
11413	823	10	6	2	0	841
11414	12	812	3	6	0	833
11415	7	11	4	794	0	816
11416	4	793	5	14	0	816
11417	3	12	725	11	0	751
11418	0	10	11	707	0	728
11419	4	6	8	746	0	764
11420	4	1	6	771	0	782
11421	756	2	7	22	0	787
11422	15	2	5	758	0	780
11423	673	3	5	16	0	697
11424	680	1	4	11	0	696
11425	660	3	5	7	0	675
11426	22	1	622	7	0	652
11427	15	2	15	635	0	667
11428	5	1	14	661	0	681
11429	7	3	7	736	0	753
11430	720	0	4	30	0	754
11431	18	3	3	720	0	744
11432	12	1	7	739	0	759
11433	756	1	5	25	0	787
11434	16	1	6	800	0	823
11435	16	1	832	18	0	867
11436	10	3	920	14	0	947
11437	4	2	29	942	0	977
11438	940	2	9	29	0	980
11439	916	0	12	18	0	946
11440	36	0	7	939	0	982
11441	16	2	904	24	0	946
11442	6	889	22	22	0	939
11443	11	18	16	950	0	995
11444	6	12	9	965	0	992
11445	10	6	8	977	0	1001
11446	954	6	11	35	0	1006
11447	21	3	929	27	0	980
11448	947	5	21	12	0	985
11449	29	3	12	932	0	976
11450	14	937	10	24	0	985
11451	957	17	8	16	0	998
11452	922	11	9	11	0	953
11453	36	7	898	5	0	946
11454	18	855	23	13	0	909
11455	9	833	10	10	0	862
11456	802	20	7	6	0	835
11457	20	14	4	804	0	842
11458	15	4	6	817	0	842
11459	8	9	5	811	0	833
11460	7	771	2	28	0	808
11461	5	811	2	19	0	837
11462	811	21	5	10	0	847
11463	17	15	2	814	0	848
11464	12	8	825	22	0	867
11465	7	6	17	978	0	1008
11466	7	10	966	36	0	1019
11467	10	2	945	27	0	984
11468	5	5	945	13	0	968
11469	4	797	35	3	0	839
11470	3	24	45	745	0	817
11471	2	785	10	23	0	820
11472	3	27	5	779	0	814
11473	3	15	2	770	0	790
11474	753	7	7	37	0	804
11475	22	3	3	774	0	802
11476	760	3	2	34	0	799
11477	739	1	5	20	0	765
11478	36	4	5	708	0	753
11479	19	712	2	30	0	763
11480	11	22	6	704	0	743
11481	5	694	4	59	0	762
11482	2	28	2	716	0	748
11483	4	16	673	32	0	725
11484	4	6	22	709	0	741
11485	4	4	13	727	0	748
11486	674	2	10	40	0	726
11487	23	689	4	28	0	744
11488	16	25	2	705	0	748
11489	12	16	3	695	0	726
11490	9	691	2	43	0	745
11491	6	23	2	697	0	728
11492	663	14	5	37	0	719
11493	681	11	4	20	0	716
11494	35	653	3	18	0	709
11495	22	24	3	678	0	727
11496	668	14	1	34	0	717
11497	21	866	7	21	0	915
11498	17	25	4	849	0	895
11499	11	875	4	25	0	915
11500	879	27	5	19	0	930
11501	27	19	856	13	0	915
11502	17	11	805	12	0	845
11503	10	7	35	809	0	861
11504	10	9	847	27	0	893
11505	7	4	33	834	0	878
11506	738	8	19	35	0	800
11507	30	6	786	26	0	848
11508	20	9	24	784	0	837
11509	15	4	15	934	0	968
11510	921	5	10	40	0	976
11511	23	894	8	29	0	954
11512	913	31	2	19	0	965
11513	933	17	3	13	0	966
11514	40	879	4	16	0	939
11515	26	23	5	918	0	972
11516	15	15	859	34	0	923
11517	5	8	28	877	0	918
11518	8	874	20	34	0	936
11519	976	25	12	24	0	1037
11520	29	23	6	987	0	1045
11521	17	11	1121	40	0	1189
11522	12	6	27	1121	0	1166
11523	6	9	18	1164	0	1197
11524	5	8	10	1175	0	1198
11525	14	7	7	1166	0	1194
11526	9	5	2	1151	0	1167
11527	8	7	1100	58	0	1173
11528	10	9	1097	31	0	1147
11529	4	1010	34	24	0	1072
11530	4	1172	19	16	0	1211
11531	1195	35	7	12	0	1249
11532	31	20	1148	10	0	1209
11533	1107	12	19	11	0	1149
11534	25	3	1086	15	0	1129
11535	18	2	1032	9	0	1061
11536	6	4	24	921	0	955
11537	1035	1	19	23	0	1078
11538	16	5	8	1044	0	1073
11539	13	3	5	1031	0	1052
11540	4	8	1299	28	0	1339
11541	4	3	16	1283	0	1306
11542	3	5	12	1336	0	1356
11543	6	4	9	1345	0	1364
11544	4	4	4	1351	0	1363
11545	11	0	3	1344	0	1358
11546	1336	3	4	33	0	1376
11547	18	2	3	1345	0	1368
11548	13	6	1309	27	0	1355
11549	11	2	16	1318	0	1347
11550	2	6	1315	25	0	1348
11551	5	5	18	1277	0	1305
11552	7	2	1365	25	0	1399
11553	2	3	21	1342	0	1368
11554	1	1	17	1506	0	1525
11555	5	4	1469	34	0	1512
11556	1258	4	21	28	0	1311
11557	17	1	1483	22	0	1523
11558	16	1	23	1470	0	1510
11559	1500	1	14	26	0	1541
11560	19	2	14	1560	0	1595
11561	16	0	6	1572	0	1594
11562	13	5	1596	32	0	1646
11563	5	1524	17	28	0	1574
11564	4	1518	14	19	0	1555
11565	0	1406	6	4	0	1416
11566	1	4	3	1458	0	1466
11567	1460	2	1	0	0	1463
11568	0	5	0	1441	0	1446
11569	3	2	0	1448	0	1453
11570	2	0	1	1455	0	1458
11571	4	0	0	1448	0	1452
11572	0	1380	1	7	0	1388
11573	0	1	0	1472	0	1473
11574	1	4	0	1466	0	1471
11575	0	1416	0	7	0	1423
11576	1461	3	0	7	0	1471
11577	1	2	1	1461	0	1465
11578	1488	1	0	4	0	1493
11579	1478	4	0	3	0	1485
11580	5	1428	1	3	0	1437
11581	5	0	1	1509	0	1515
11582	6	4	1452	1	0	1463
11583	4	2	1408	5	0	1419
11584	0	3	4	1461	0	1468
11585	1495	1	6	5	0	1507
11586	1472	0	5	4	0	1481
11587	3	1	4	1479	0	1487
11588	1497	0	1	5	0	1503
11589	6	1427	0	7	0	1440
11590	1486	2	1	3	0	1492
11591	4	1468	0	5	0	1477
11592	5	2	2	1536	0	1545
11593	3	7	1	1534	0	1545
11594	5	1489	0	3	0	1497
11595	1530	3	0	7	0	1540
11596	3	3	1463	7	0	1476
11597	3	2	2	1341	0	1348
11598	3	6	1340	1	0	1350
11599	3	1	2	1320	0	1326
11600	1359	0	6	3	0	1368
11601	1	2	2	1343	0	1348
11602	1353	1	3	6	0	1363
11603	1337	0	1	9	0	1347
11604	5	3	0	1328	0	1336
11605	8	0	1315	4	0	1327
11606	5	1231	2	5	0	1243
11607	4	1	1	1307	0	1313
11608	1301	3	3	5	0	1312
11609	1	2	1138	5	0	1146
11610	5	4	0	1167	0	1176
11611	3	0	5	1182	0	1190
11612	4	0	2	1215	0	1221
11613	1209	0	4	7	0	1220
11614	2	1	0	1197	0	1200
11615	5	0	1	1216	0	1222
11616	2	1	1196	9	0	1208
11617	5	1	4	1217	0	1227
11618	2	1	5	1235	0	1243
11619	1	1	3	1196	0	1201
11620	1	1177	3	12	0	1193
11621	1	4	0	1163	0	1168
11622	0	5	1	1169	0	1175
11623	1136	3	1	16	0	1156
11624	12	5	1124	9	0	1150
11625	7	2	1035	10	0	1054
11626	4	1020	18	6	0	1048
11627	3	12	7	1164	0	1186
11628	1141	6	5	16	0	1168
11629	12	5	2	1133	0	1152
11630	8	3	0	1052	0	1063
11631	3	0	3	1070	0	1076
11632	4	1	1	1070	0	1076
11633	1	2	1	1077	0	1081
11634	0	1	1013	25	0	1039
11635	3	3	11	1044	0	1061
11636	1032	1	4	20	0	1057
11637	11	925	3	11	0	950
11638	8	11	3	978	0	1000
11639	2	5	2	1007	0	1016
11640	3	2	667	20	0	692
11641	0	5	10	672	0	687
11642	1	1	6	752	0	760
11643	706	0	2	30	0	738
11644	16	707	5	13	0	741
11645	5	17	1	729	0	752
11646	5	6	1	746	0	758
11647	2	3	2	751	0	758
11648	3	3	757	30	0	793
11649	1	4	695	16	0	716
11650	1	715	26	12	0	754
11651	2	777	13	7	0	799
11652	1	23	1	705	0	730
11653	0	691	4	20	0	715
11654	0	20	1	694	0	715
11655	1	6	2	930	0	939
11656	0	2	1	1249	0	1252
11657	0	1	1	1522	0	1524
11658	1	5	1370	106	0	1482
11659	1	1	65	1505	0	1572
11660	2	2	26	1455	0	1485
11661	0	0	12	1519	0	1531
11662	1255	1	17	136	0	1409
11663	70	1297	13	72	0	1452
11664	33	72	8	1160	0	1273
11665	15	1352	7	102	0	1476
11666	1253	88	4	53	0	1398
11667	1079	55	4	38	0	1176
11668	90	1305	0	32	0	1427
11669	36	1404	3	24	0	1467
11670	31	129	1202	21	0	1383
11671	25	1351	64	18	0	1458
11672	22	102	31	1334	0	1489
11673	1293	57	13	99	0	1462
11674	76	1344	15	55	0	1490
11675	34	105	18	1445	0	1602
11676	17	58	9	1534	0	1618
11677	20	29	6	1620	0	1675
11678	1465	32	3	149	0	1649
11679	91	21	1356	82	0	1550
11680	1435	22	72	58	0	1587
11681	98	1428	30	47	0	1603
11682	56	92	19	1481	0	1648
11683	36	50	1392	100	0	1578
11684	1404	27	89	54	0	1574
11685	110	1435	47	24	0	1616
11686	47	103	23	1387	0	1560
11687	31	1459	17	95	0	1602
11688	20	102	19	1473	0	1614
11689	23	55	12	1620	0	1710
11690	20	35	1455	151	0	1661
11691	17	34	1522	93	0	1666
11692	15	25	119	1553	0	1712
11693	14	19	1567	145	0	1745
11694	11	18	107	1600	0	1736
11695	11	9	72	1642	0	1734
11696	15	12	43	1715	0	1785
11697	1559	11	38	164	0	1772
11698	91	10	30	1652	0	1783
11699	43	21	1551	151	0	1766
11700	1623	11	87	106	0	1827
11701	100	18	45	1672	0	1835
11702	60	18	23	1760	0	1861
11703	1606	15	28	168	0	1817
11704	100	1644	24	95	0	1863
11705	55	88	24	1733	0	1900
11706	27	47	23	1814	0	1911
11707	1679	21	17	171	0	1888
11708	96	25	1587	100	0	1808
11709	58	21	82	1710	0	1871
11710	31	18	45	1782	0	1876
11711	27	12	24	1746	0	1809
11712	30	1648	25	169	0	1872
11713	16	79	28	1769	0	1892
11714	1658	41	16	159	0	1874
11715	92	1663	14	115	0	1884
11716	1641	91	10	81	0	1823
11717	104	1640	15	61	0	1820
11718	1678	99	4	63	0	1844
11719	120	67	1612	48	0	1847
11720	75	39	1607	49	0	1770
11721	1537	38	108	33	0	1716
11722	116	34	1503	36	0	1689
11723	62	20	107	1436	0	1625
11724	32	20	71	1525	0	1648
11725	38	11	40	1601	0	1690
11726	1511	13	40	147	0	1711
11727	100	10	1457	92	0	1659
11728	1510	19	86	76	0	1691
11729	95	16	49	1597	0	1757
11730	1596	22	23	124	0	1765
11731	117	15	26	1603	0	1761
11732	1603	14	26	121	0	1764
11733	126	18	27	1668	0	1839
11734	84	15	1579	125	0	1803
11735	1647	12	87	83	0	1829
11736	1721	10	52	61	0	1844
11737	152	12	26	1647	0	1837
11738	77	10	31	1636	0	1754
11739	59	1584	26	144	0	1813
11740	1581	84	21	81	0	1767
11741	122	1607	17	67	0	1813
11742	1596	81	22	66	0	1765
11743	107	51	1539	59	0	1756
11744	71	29	1603	50	0	1753
11745	48	30	1601	44	0	1723
11746	1537	26	118	39	0	1720
11747	103	1558	73	39	0	1773
11748	68	80	49	1528	0	1725
11749	1493	43	38	93	0	1667
11750	109	1536	29	63	0	1737
11751	70	97	25	1522	0	1714
11752	46	1529	24	102	0	1701
11753	46	1524	18	69	0	1657
11754	38	1583	13	41	0	1675
11755	1218	72	8	20	0	1318
11756	41	1015	8	13	0	1077
11757	13	735	9	8	0	765
11758	7	717	6	4	0	734
11759	720	16	9	4	0	749
11760	726	8	5	8	0	747
11761	21	4	697	7	0	729
11762	705	6	13	10	0	734
11763	726	4	7	4	0	741
11764	23	3	2	708	0	736
11765	726	4	2	18	0	750
11766	15	6	672	14	0	707
11767	19	746	13	3	0	781
11768	810	13	8	9	0	840
11769	27	7	4	910	0	948
11770	924	2	2	26	0	954
11771	28	5	865	11	0	909
11772	884	4	17	7	0	912
11773	28	3	10	891	0	932
11774	15	5	862	25	0	907
11775	6	745	22	13	0	786
11776	3	859	7	7	0	876
11777	9	25	1	855	0	890
11778	5	12	4	828	0	849
11779	7	855	3	23	0	888
11780	931	21	6	12	0	970
11781	938	9	7	4	0	958
11782	928	5	8	2	0	943
11783	31	995	2	4	0	1032
11784	13	21	2	971	0	1007
11785	5	998	4	20	0	1027
11786	1027	20	3	10	0	1060
11787	1024	14	2	5	0	1045
11788	33	987	3	6	0	1029
11789	987	14	0	3	0	1004
11790	17	4	2	975	0	998
11791	4	1	2	932	0	939
11792	936	2	4	19	0	961
11793	885	1	2	4	0	892
11794	890	1	2	2	0	895
11795	19	3	3	866	0	891
11796	6	0	2	896	0	904
11797	4	2	847	20	0	873
11798	4	3	16	855	0	878
11799	2	5	4	850	0	861
11800	4	6	801	19	0	830
11801	5	6	777	3	0	791
11802	2	3	805	2	0	812
11803	3	2	21	796	0	822
11804	3	4	786	14	0	807
11805	3	6	15	759	0	783
11806	2	3	4	788	0	797
11807	5	2	785	21	0	813
11808	5	7	775	5	0	792
11809	4	2	18	762	0	786
11810	7	4	808	17	0	836
11811	5	6	806	6	0	823
11812	2	760	21	5	0	788
11813	811	16	6	0	0	833
11814	820	10	1	1	0	832
11815	822	4	1	3	0	830
11816	23	777	2	4	0	806
11817	6	844	2	4	0	856
11818	6	20	2	861	0	889
11819	8	6	3	848	0	865
11820	9	0	820	20	0	849
11821	8	2	16	802	0	828
11822	839	3	4	19	0	865
11823	20	3	2	805	0	830
11824	9	806	3	16	0	834
11825	839	15	3	7	0	864
11826	840	7	2	1	0	850
11827	845	4	3	3	0	855
11828	23	3	817	4	0	847
11829	8	0	14	771	0	793
11830	825	2	4	16	0	847
11831	20	2	812	6	0	840
11832	8	778	18	3	0	807
11833	3	762	2	1	0	768
11834	733	8	0	3	0	744
11835	6	738	1	3	0	748
11836	2	6	1	750	0	759
11837	1	2	737	8	0	748
11838	0	0	6	721	0	727
11839	743	0	5	6	0	754
11840	6	761	4	3	0	774
11841	783	6	2	1	0	792
11842	6	2	761	2	0	771
11843	2	0	6	761	0	769
11844	1	744	3	10	0	758
11845	0	5	1	794	0	800
11846	832	2	3	6	0	843
11847	831	0	2	3	0	836
11848	830	0	1	2	0	833
11849	832	0	3	0	0	835
11850	8	1	2	780	0	791
11851	4	2	897	5	0	908
11852	2	0	6	878	0	886
11853	3	858	2	5	0	868
11854	923	6	0	3	0	932
11855	6	2	916	0	0	924
11856	887	2	6	1	0	896
11857	6	0	2	904	0	912
11858	3	0	927	8	0	938
11859	0	0	8	903	0	911
11860	928	0	2	9	0	939
11861	935	0	1	3	0	939
11862	925	0	1	2	0	928
11863	9	2	919	0	0	930
11864	6	0	6	883	0	895
11865	4	1	918	6	0	929
11866	2	869	8	1	0	880
11867	851	5	3	1	0	860
11868	5	782	1	3	0	791
11869	718	0	0	0	0	718
11870	0	0	0	693	0	693
11871	0	677	0	2	0	679
11872	714	0	0	0	0	714
11873	0	1	689	0	0	690
11874	0	0	0	675	0	675
11875	709	0	0	0	0	709
11876	0	0	633	0	0	633
11877	0	0	0	582	0	582
11878	0	617	0	1	0	618
11879	0	0	0	666	0	666
11880	0	0	0	611	0	611
11881	585	0	1	0	0	586
11882	0	587	0	1	0	588
11883	0	0	0	533	0	533
11884	0	515	1	0	0	516
11885	0	0	0	530	0	530
11886	0	520	0	0	0	520
11887	525	0	0	0	0	525
11888	0	0	516	2	0	518
11889	1	0	0	516	0	517
11890	0	0	0	521	0	521
11891	0	0	0	536	0	536
11892	0	0	0	525	0	525
11893	0	0	595	0	0	595
11894	0	569	1	1	0	571
11895	601	0	0	0	0	601
11896	597	0	0	0	0	597
11897	0	578	1	2	0	581
11898	597	1	0	0	0	598
11899	589	0	0	0	0	589
11900	0	579	0	0	0	579
11901	0	0	0	600	0	600
11902	0	578	1	0	0	579
11903	590	0	0	1	0	591
11904	0	0	543	1	0	544
11905	509	0	0	1	0	510
11906	0	0	602	0	0	602
11907	0	0	0	597	0	597
11908	612	0	0	0	0	612
11909	0	0	585	0	0	585
11910	547	0	0	1	0	548
11911	577	0	0	0	0	577
11912	0	0	0	570	0	570
11913	1	546	0	2	0	549
11914	577	0	0	1	0	578
11915	0	0	0	579	0	579
11916	0	536	2	0	0	538
11917	542	1	0	0	0	543
11918	0	0	0	542	0	542
11919	0	655	2	1	0	658
11920	0	0	0	692	0	692
11921	758	0	0	0	0	758
11922	745	0	0	0	0	745
11923	751	0	0	0	0	751
11924	0	1	0	743	0	744
11925	0	1	0	752	0	753
11926	0	0	747	0	0	747
11927	1	0	17	755	0	773
11928	0	0	805	0	0	805
11929	1	0	752	0	0	753
11930	1	0	732	1	0	734
11931	0	705	1	1	0	707
11932	0	1	1	734	0	736
11933	1	779	1	3	0	784
11934	908	2	0	0	0	910
11935	893	3	0	0	0	896
11936	3	0	0	904	0	907
11937	3	0	926	2	0	931
11938	1	0	4	915	0	920
11939	1	0	924	4	0	929
11940	0	1	4	838	0	843
11941	0	843	4	5	0	852
11942	0	875	2	2	0	879
11943	876	5	0	1	0	882
11944	3	6	861	0	0	870
11945	1	1	4	858	0	864
11946	1	1	2	845	0	849
11947	863	0	2	7	0	872
11948	4	883	2	5	0	894
11949	908	4	0	3	0	915
11950	6	898	0	1	0	905
11951	791	7	0	1	0	799
11952	783	2	1	0	0	786
11953	6	2	0	789	0	797
11954	3	1	767	5	0	776
11955	743	0	4	3	0	750
11956	5	772	2	2	0	781
11957	787	6	2	0	0	795
11958	7	3	0	762	0	772
11959	2	3	1	758	0	764
11960	3	755	0	7	0	765
11961	1	3	0	762	0	766
11962	1	756	0	7	0	764
11963	0	7	0	769	0	776
11964	2	2	0	768	0	772
11965	759	3	0	7	0	769
11966	7	1	724	4	0	736
11967	3	733	5	5	0	746
11968	5	6	1	787	0	799
11969	835	4	2	8	0	849
11970	862	2	2	4	0	870
11971	878	1	1	3	0	883
11972	10	1	864	3	0	878
11973	882	1	7	4	0	894
11974	9	1	3	930	0	943
11975	913	3	3	7	0	926
11976	9	895	2	3	0	909
11977	4	9	1	927	0	941
11978	859	4	2	8	0	873
11979	9	891	1	6	0	907
11980	6	12	2	933	0	953
11981	7	5	1005	15	0	1032
11982	1002	5	9	7	0	1023
11983	1076	2	3	6	0	1087
11984	22	5	1063	1	0	1091
11985	11	1042	14	2	0	1069
11986	8	1077	5	6	0	1096
11987	4	15	6	1100	0	1125
11988	3	7	4	1080	0	1094
11989	3	7	2	1074	0	1086
11990	3	4	1046	22	0	1075
11991	1013	2	13	10	0	1038
11992	1118	4	5	7	0	1134
11993	1112	3	3	4	0	1122
11994	1148	4	5	2	0	1159
11995	1143	4	2	5	0	1154
11996	1189	3	2	8	0	1202
11997	42	3	2	1186	0	1233
11998	21	5	1165	27	0	1218
11999	13	2	1148	14	0	1177
12000	6	4	33	1210	0	1253
12001	5	6	14	1187	0	1212
12002	10	1	6	1186	0	1203
12003	7	1204	9	35	0	1255
12004	1203	25	4	22	0	1254
12005	31	1256	4	9	0	1300
12006	14	36	4	1233	0	1287
12007	1185	15	3	31	0	1234
12008	32	1196	4	17	0	1249
12009	16	32	2	1228	0	1278
12010	12	13	2	1251	0	1278
12011	12	7	2	1254	0	1275
12012	4	1247	6	42	0	1299
12013	8	37	5	1315	0	1365
12014	8	16	1239	51	0	1314
12015	9	10	30	1277	0	1326
12016	13	6	10	1318	0	1347
12017	10	7	9	1354	0	1380
12018	38	7	10	1409	0	1464
12019	11	8	1230	61	0	1310
12020	7	1289	39	33	0	1368
12021	8	39	12	1238	0	1297
12022	6	17	7	1344	0	1374
12023	6	12	6	1301	0	1325
12024	6	1260	5	75	0	1346
12025	7	1353	10	32	0	1402
12026	1339	65	6	22	0	1432
12027	47	24	1	1296	0	1368
12028	18	11	1268	63	0	1360
12029	17	1303	39	30	0	1389
12030	1309	50	12	23	0	1394
12031	46	26	1292	17	0	1381
12032	23	18	1296	15	0	1352
12033	52	5	1241	24	0	1322
12034	6	38	54	1138	0	1236
12035	5	16	1150	54	0	1225
12036	8	1186	47	25	0	1266
12037	7	43	22	1186	0	1258
12038	7	14	1186	51	0	1258
12039	3	12	56	1196	0	1267
12040	1198	8	15	62	0	1283
12041	44	7	1171	29	0	1251
12042	1157	14	48	16	0	1235
12043	47	1307	11	20	0	1385
12044	1337	44	16	15	0	1412
12045	49	12	14	1337	0	1412
12046	1447	11	11	49	0	1518
12047	1439	10	14	17	0	1480
12048	1371	8	12	18	0	1409
12049	52	1412	8	18	0	1490
12050	1452	46	11	10	0	1519
12051	1443	13	10	19	0	1485
12052	61	10	1381	9	0	1461
12053	29	1383	46	13	0	1471
12054	27	45	14	1401	0	1487
12055	18	22	19	1432	0	1491
12056	20	14	11	1461	0	1506
12057	17	10	1408	68	0	1503
12058	14	7	50	1417	0	1488
12059	11	16	1407	62	0	1496
12060	1468	9	43	34	0	1554
12061	1518	6	18	34	0	1576
12062	59	8	1473	26	0	1566
12063	1472	14	45	14	0	1545
12064	1538	15	13	18	0	1584
12065	1546	8	19	17	0	1590
12066	67	9	16	1499	0	1591
12067	35	13	1494	53	0	1595
12068	24	1482	47	26	0	1579
12069	25	41	19	1486	0	1571
12070	22	14	1435	56	0	1527
12071	21	13	1415	20	0	1469
12072	1333	15	53	29	0	1430
12073	43	1381	32	23	0	1479
12074	1416	47	25	18	0	1506
12075	1431	20	14	26	0	1491
12076	51	1407	19	22	0	1499
12077	1417	45	21	18	0	1501
12078	63	12	1404	24	0	1503
12079	27	16	1370	19	0	1432
12080	22	10	1361	16	0	1409
12081	25	1252	51	12	0	1340
12082	1235	43	21	13	0	1312
12083	1229	16	16	11	0	1272
12084	52	1210	22	14	0	1298
12085	33	1257	21	10	0	1321
12086	25	43	16	1237	0	1321
12087	25	25	15	1261	0	1326
12088	1276	27	4	47	0	1354
12089	57	1271	13	23	0	1364
12090	1287	47	16	14	0	1364
12091	1261	24	14	14	0	1313
12092	41	14	1226	15	0	1296
12093	14	1173	32	21	0	1240
12094	20	28	12	1197	0	1257
12095	1206	20	9	29	0	1264
12096	40	12	9	1127	0	1188
12097	1126	5	12	28	0	1171
12098	33	6	1084	7	0	1130
12099	16	1083	24	8	0	1131
12100	17	1073	10	11	0	1111
12101	15	25	10	1015	0	1065
12102	18	1104	6	22	0	1150
12103	1137	25	6	11	0	1179
12104	31	7	1080	8	0	1126
12105	1034	11	27	8	0	1080
12106	25	16	1045	9	0	1095
12107	13	14	19	1045	0	1091
12108	12	12	8	1063	0	1095
12109	15	6	12	1078	0	1111
12110	1070	7	13	27	0	1117
12111	35	8	1105	6	0	1154
12112	16	7	13	1035	0	1071
12113	13	6	11	1025	0	1055
12114	10	998	6	21	0	1035
12115	13	1028	6	13	0	1060
12116	16	1075	11	7	0	1109
12117	14	10	15	1053	0	1092
12118	4	4	61	900	0	969
12119	2	872	1	1	0	876
12120	1	887	1	2	0	891
12121	915	3	0	2	0	920
12122	1	0	0	848	0	849
12123	0	841	1	2	0	844
12124	859	1	0	0	0	860
12125	1	0	0	857	0	858
12126	943	0	0	2	0	945
12127	5	0	0	962	0	967
12128	1	3	926	6	0	936
12129	0	926	6	1	0	933
12130	931	6	1	0	0	938
12131	7	1	935	0	0	943
12132	1	940	6	0	0	947
12133	0	5	0	978	0	983
12134	0	1	0	977	0	978
12135	0	0	0	942	0	942
12136	0	1	0	911	0	912
12137	3	3	893	5	0	904
12138	0	887	6	0	0	893
12139	1	5	0	918	0	924
12140	891	1	0	6	0	898
12141	6	904	0	3	0	913
12142	0	5	1	1067	0	1073
12143	0	4	899	8	0	911
12144	1	899	7	7	0	914
12145	3	10	3	854	0	870
12146	2	925	2	2	0	931
12147	966	12	0	2	0	980
12148	956	3	0	2	0	961
12149	16	1	836	0	0	853
12150	834	0	10	3	0	847
12151	859	0	3	0	0	862
12152	16	3	799	0	0	818
12153	4	805	10	2	0	821
12154	1	13	2	841	0	857
12155	0	6	1	858	0	865
12156	846	1	0	17	0	864
12157	14	0	2	845	0	861
12158	4	2	836	14	0	856
12159	793	0	13	5	0	811
12160	14	5	765	2	0	786
12161	5	778	14	1	0	798
12162	790	14	2	0	0	806
12163	12	3	786	1	0	802
12164	5	1	748	2	0	756
12165	4	768	12	3	0	787
12166	0	13	3	802	0	818
12167	1	5	750	12	0	768
12168	1	0	13	714	0	728
12169	0	0	4	836	0	840
12170	4	2	790	16	0	812
12171	0	759	13	6	0	778
12172	0	13	6	813	0	832
12173	806	1	1	14	0	822
12174	813	2	2	4	0	821
12175	16	2	0	818	0	836
12176	7	0	799	12	0	818
12177	1	1	843	5	0	850
12178	0	0	18	860	0	878
12179	0	2	871	12	0	885
12180	881	1	14	6	0	902
12181	15	0	5	922	0	942
12182	3	0	1	926	0	930
12183	3	978	0	19	0	1000
12184	2	15	2	1090	0	1109
12185	0	6	1046	17	0	1069
12186	1002	2	16	7	0	1027
12187	1075	0	3	3	0	1081
12188	21	0	1024	1	0	1046
12189	6	0	12	1114	0	1132
12190	1	0	5	1159	0	1165
12191	1	1	1130	21	0	1153
12192	2	1	20	1110	0	1133
12193	1	0	6	1141	0	1148
12194	3	1123	4	23	0	1153
12195	2	13	1	1226	0	1242
12196	1	4	1	1258	0	1264
12197	1236	5	1	28	0	1270
12198	1441	1	0	10	0	1452
12199	1445	0	3	6	0	1454
12200	1467	0	2	2	0	1471
12201	1454	1	0	2	0	1457
12202	30	1	1361	2	0	1394
12203	10	1	21	1354	0	1386
12204	8	0	4	1402	0	1414
12205	5	1	1378	28	0	1412
12206	1375	0	21	10	0	1406
12207	1432	0	5	8	0	1445
12208	31	3	1355	2	0	1391
12209	1390	0	23	7	0	1420
12210	1422	0	5	8	0	1435
12211	31	3	1377	3	0	1414
12212	15	1	23	1318	0	1357
12213	10	1366	9	22	0	1407
12214	10	27	8	1436	0	1481
12215	8	5	3	1446	0	1462
12216	6	4	6	1431	0	1447
12217	4	3	1376	39	0	1422
12218	1341	2	27	18	0	1388
12219	1420	2	9	9	0	1440
12220	35	1	8	1408	0	1452
12221	12	3	1364	39	0	1418
12222	7	1	32	1365	0	1405
12223	9	2	1350	37	0	1398
12224	9	1	1343	12	0	1365
12225	6	1365	36	9	0	1416
12226	6	22	11	1377	0	1416
12227	1366	6	9	26	0	1407
12228	1310	6	7	13	0	1336
12229	1312	3	5	13	0	1333
12230	31	1	4	1298	0	1334
12231	15	1311	6	22	0	1354
12232	16	30	2	1379	0	1427
12233	14	4	1493	39	0	1550
12234	1637	9	37	13	0	1696
12235	1760	2	11	13	0	1786
12236	50	3	9	1740	0	1802
12237	23	2	6	1765	0	1796
12238	17	3	11	1790	0	1821
12239	18	5	1665	62	0	1750
12240	1446	6	56	29	0	1537
12241	50	1620	14	22	0	1706
12242	11	1540	16	17	0	1584
12243	13	49	1511	14	0	1587
12244	11	12	48	1523	0	1594
12245	8	12	1559	55	0	1634
12246	1376	11	47	13	0	1447
12247	45	5	14	1468	0	1532
12248	18	4	1452	45	0	1519
12249	17	1487	40	19	0	1563
12250	1503	38	12	19	0	1572
12251	45	8	1529	19	0	1601
12252	15	1497	42	20	0	1574
12253	14	1579	16	15	0	1624
12254	1564	44	16	7	0	1631
12255	48	13	10	1558	0	1629
12256	18	18	1528	41	0	1605
12257	16	1532	47	14	0	1609
12258	1528	45	14	19	0	1606
12259	1561	9	13	16	0	1599
12260	50	1483	12	12	0	1557
12261	21	40	1579	16	0	1656
12262	15	14	38	1622	0	1689
12263	1651	15	9	44	0	1719
12264	1667	9	18	11	0	1705
12265	60	8	1607	16	0	1691
12266	22	8	47	1560	0	1637
12267	22	10	10	1662	0	1704
12268	21	5	1597	50	0	1673
12269	17	8	1501	27	0	1553
12270	1531	9	56	25	0	1621
12271	1607	9	20	17	0	1653
12272	1604	6	18	18	0	1646
12273	1623	3	19	10	0	1655
12274	63	12	1521	8	0	1604
12275	1561	8	44	11	0	1624
12276	63	0	13	1550	0	1626
12277	25	3	1519	51	0	1598
12278	27	10	1527	13	0	1577
12279	21	1480	61	16	0	1578
12280	15	43	14	1479	0	1551
12281	8	10	1473	44	0	1535
12282	1416	12	51	16	0	1495
12283	43	5	24	1192	0	1264
12284	20	1325	16	28	0	1389
12285	1363	40	8	14	0	1425
12286	1386	9	15	13	0	1423
12287	56	13	1323	11	0	1403
12288	20	1387	43	13	0	1463
12289	17	35	14	1337	0	1403
12290	1343	11	16	34	0	1404
12291	42	12	8	1356	0	1418
12292	20	6	1306	42	0	1374
12293	1192	10	37	19	0	1258
12294	38	1274	15	19	0	1346
12295	15	1190	14	8	0	1227
12296	15	1310	9	7	0	1341
12297	1280	39	53	8	0	1380
12298	1179	14	7	7	0	1207
12299	1188	15	9	3	0	1215
12300	45	4	8	1154	0	1211
12301	20	6	1132	36	0	1194
12302	12	3	36	1152	0	1203
12303	1170	6	8	34	0	1218
12304	36	3	7	1163	0	1209
12305	1156	5	6	41	0	1208
12306	1180	4	10	14	0	1208
12307	1151	4	9	10	0	1174
12308	41	1114	10	5	0	1170
12309	1157	31	4	5	0	1197
12310	44	10	1133	6	0	1193
12311	24	10	1106	3	0	1143
12312	17	1083	36	7	0	1143
12313	9	24	9	1082	0	1124
12314	1094	6	9	25	0	1134
12315	29	8	1064	10	0	1111
12316	1005	3	31	7	0	1046
12317	29	8	6	1063	0	1106
12318	15	1057	5	30	0	1107
12319	15	23	5	1096	0	1139
12320	15	5	1060	23	0	1103
12321	1011	6	22	13	0	1052
12322	26	7	1060	11	0	1104
12323	13	10	1058	4	0	1085
12324	996	0	29	6	0	1031
12325	29	922	20	1	0	972
12326	1000	30	10	3	0	1043
12327	1022	8	6	6	0	1042
12328	39	4	953	6	0	1002
12329	966	5	28	2	0	1001
12330	35	8	955	6	0	1004
12331	16	0	885	7	0	908
12332	13	1	905	2	0	921
12333	2	698	16	4	0	720
12334	541	1	42	2	0	586
12335	541	2	0	2	0	545
12336	537	0	1	1	0	539
12337	538	0	2	0	0	540
12338	3	0	526	0	0	529
12339	3	0	0	521	0	524
12340	3	0	1	547	0	551
12341	552	0	0	2	0	554
12342	1	544	2	2	0	549
12343	3	0	1	556	0	560
12344	556	2	0	1	0	559
12345	0	0	515	3	0	518
12346	3	0	2	541	0	546
12347	0	1	561	1	0	563
12348	0	538	2	5	0	545
12349	0	1	3	493	0	497
12350	487	3	0	2	0	492
12351	1	0	0	469	0	470
12352	2	0	487	1	0	490
12353	0	446	3	3	0	452
12354	486	1	3	0	0	490
12355	1	5	491	0	0	497
12356	486	0	1	1	0	488
12357	1	478	5	2	0	486
12358	562	1	0	0	0	563
12359	575	3	0	0	0	578
12360	4	2	0	567	0	573
12361	4	0	504	1	0	509
12362	0	478	1	3	0	482
12363	0	2	2	610	0	614
12364	0	3	0	668	0	671
12365	1	0	0	778	0	779
12366	1	0	0	801	0	802
12367	0	875	0	18	0	893
12368	943	7	1	4	0	955
12369	7	950	0	1	0	958
12370	4	8	0	1171	0	1183
12371	1165	5	0	11	0	1181
12372	11	0	0	1232	0	1243
12373	9	2	1197	12	0	1220
12374	1	1194	13	8	0	1216
12375	3	10	6	1201	0	1220
12376	0	9	1	1248	0	1258
12377	1219	1	0	17	0	1237
12378	12	2	1172	9	0	1195
12379	1172	0	10	4	0	1186
12380	1117	3	7	1	0	1128
12381	1143	2	1	5	0	1151
12382	22	0	1116	2	0	1140
12383	10	2	11	1107	0	1130
12384	2	0	10	1127	0	1139
12385	3	2	1158	20	0	1183
12386	3	1	1142	12	0	1158
12387	1168	0	27	4	0	1199
12388	21	1	13	1234	0	1269
12389	1240	0	4	19	0	1263
12390	1241	1	1	17	0	1260
12391	32	1	2	1226	0	1261
12392	15	3	1226	17	0	1261
12393	1185	1	21	18	0	1225
12394	21	2	14	1278	0	1315
12395	18	1	1223	22	0	1264
12396	5	1217	20	18	0	1260
12397	1226	20	14	7	0	1267
12398	23	1214	5	4	0	1246
12399	20	22	3	1040	0	1085
12400	7	1218	4	16	0	1245
12401	1200	22	5	14	0	1241
12402	1231	16	1	7	0	1255
12403	34	1258	4	8	0	1304
12404	1295	17	3	3	0	1318
12405	1276	20	4	5	0	1305
12406	36	1264	5	7	0	1312
12407	1282	21	6	4	0	1313
12408	25	19	4	1255	0	1303
12409	18	7	5	1280	0	1310
12410	1251	3	0	38	0	1292
12411	27	3	0	1197	0	1227
12412	23	1230	5	18	0	1276
12413	1223	20	3	16	0	1262
12414	1216	17	1	8	0	1242
12415	33	1238	3	9	0	1283
12416	1260	19	6	4	0	1289
12417	1255	19	2	7	0	1283
12418	39	3	2	1248	0	1292
12419	21	3	1220	24	0	1268
12420	12	1223	19	19	0	1273
12421	1272	23	15	5	0	1315
12422	1287	16	5	10	0	1318
12423	43	7	1250	3	0	1303
12424	1293	4	17	4	0	1318
12425	29	2	1265	9	0	1305
12426	1261	7	24	4	0	1296
12427	32	5	13	1255	0	1305
12428	26	1	1241	27	0	1295
12429	7	8	1246	21	0	1282
12430	11	5	37	1234	0	1287
12431	11	8	17	1249	0	1285
12432	9	4	1212	41	0	1266
12433	13	6	20	1243	0	1282
12434	13	10	1230	27	0	1280
12435	13	4	23	1231	0	1271
12436	12	10	17	1200	0	1239
12437	13	1203	6	38	0	1260
12438	14	1202	7	27	0	1250
12439	11	1268	8	11	0	1298
12440	10	38	7	1256	0	1311
12441	12	20	9	1289	0	1330
12442	7	9	1231	48	0	1295
12443	1225	9	23	24	0	1281
12444	1247	6	17	17	0	1287
12445	41	1242	11	12	0	1306
12446	1245	24	7	9	0	1285
12447	38	17	6	1213	0	1274
12448	1216	7	7	25	0	1255
12449	1237	4	8	19	0	1268
12450	40	7	7	1218	0	1272
12451	1176	6	4	32	0	1218
12452	30	1163	11	25	0	1229
12453	20	1191	10	13	0	1234
12454	15	33	11	1155	0	1214
12455	14	1208	7	20	0	1249
12456	14	25	7	1191	0	1237
12457	21	18	6	1215	0	1260
12458	1142	9	3	45	0	1199
12459	28	1189	13	21	0	1251
12460	1203	23	4	11	0	1241
12461	1135	17	6	14	0	1172
12462	37	1163	9	9	0	1218
12463	1106	19	8	9	0	1142
12464	27	20	1010	10	0	1067
12465	20	939	17	6	0	982
12466	880	19	14	7	0	920
12467	17	15	785	9	0	826
12468	19	741	15	6	0	781
12469	10	718	51	7	0	786
12470	533	22	3	4	0	562
12471	529	14	2	5	0	550
12472	480	4	4	3	0	491
12473	20	492	1	7	0	520
12474	12	13	2	517	0	544
12475	564	14	3	11	0	592
12476	570	3	1	12	0	586
12477	22	2	1	562	0	587
12478	14	5	602	10	0	631
12479	6	5	596	14	0	621
12480	6	2	19	597	0	624
12481	8	4	10	608	0	630
12482	5	3	621	22	0	651
12483	3	4	11	582	0	600
12484	7	611	14	13	0	645
12485	572	8	2	4	0	586
12486	9	4	1	575	0	589
12487	558	2	3	9	0	572
12488	11	483	3	5	0	502
12489	7	501	2	5	0	515
12490	513	8	1	4	0	526
12491	7	5	494	5	0	511
12492	467	3	5	3	0	478
12493	6	470	6	2	0	484
12494	1	4	0	416	0	421
12495	421	2	2	2	0	427
12496	3	1	1	413	0	418
12497	419	3	0	5	0	427
12498	404	0	3	2	0	409
12499	3	446	1	5	0	455
12500	481	2	0	3	0	486
12501	2	453	0	2	0	457
12502	449	4	1	0	0	454
12503	4	3	0	408	0	415
12504	412	1	2	3	0	418
12505	6	0	0	412	0	418
12506	442	2	1	3	0	448
12507	432	2	0	2	0	436
12508	441	1	1	0	0	443
12509	436	3	0	1	0	440
12510	433	1	0	1	0	435
12511	3	2	1	433	0	439
12512	428	2	1	3	0	434
12513	6	412	0	3	0	421
12514	4	3	427	2	0	436
12515	2	4	2	411	0	419
12516	2	1	436	4	0	443
12517	3	2	1	420	0	426
12518	3	1	435	5	0	444
12519	426	1	2	2	0	431
12520	4	0	2	434	0	440
12521	1	0	411	2	0	414
12522	0	0	399	2	0	401
12523	0	0	4	413	0	417
12524	421	0	2	1	0	424
12525	2	490	0	2	0	494
12526	576	2	0	0	0	578
12527	578	1	0	0	0	579
12528	3	557	2	0	0	562
12529	575	2	0	0	0	577
12530	2	2	0	572	0	576
12531	2	0	0	572	0	574
12532	0	0	0	575	0	575
12533	576	0	0	4	0	580
12534	2	590	1	3	0	596
12535	1	7	0	608	0	616
12536	0	4	0	615	0	619
12537	614	0	0	11	0	625
12538	6	0	0	600	0	606
12539	4	0	583	6	0	593
12540	0	563	5	4	0	572
12541	583	6	3	0	0	592
12542	6	4	0	576	0	586
12543	4	579	0	5	0	588
12544	588	6	0	4	0	598
12545	5	5	572	0	0	582
12546	3	544	5	1	0	553
12547	592	7	1	1	0	601
12548	6	4	0	580	0	590
12549	4	0	0	580	0	584
12550	1	0	571	10	0	582
12551	0	0	6	565	0	571
12552	1	1	691	6	0	699
12553	0	1	699	5	0	705
12554	1	3	679	1	0	684
12555	652	0	9	1	0	662
12556	682	1	4	0	0	687
12557	705	1	0	1	0	707
12558	9	0	1	686	0	696
12559	2	654	2	8	0	666
12560	3	741	0	3	0	747
12561	811	7	1	2	0	821
12562	807	4	0	1	0	812
12563	8	771	2	0	0	781
12564	787	5	2	2	0	796
12565	5	2	768	3	0	778
12566	4	1	760	2	0	767
12567	1	0	8	695	0	704
12568	1	1	3	784	0	789
12569	0	1	779	10	0	790
12570	2	2	5	743	0	752
12571	781	0	2	6	0	789
12572	5	1	768	4	0	778
12573	697	3	7	0	0	707
12574	7	3	2	730	0	742
12575	5	0	721	5	0	731
12576	0	688	7	4	0	699
12577	732	6	5	0	0	743
12578	7	3	677	2	0	689
12579	663	0	7	1	0	671
12580	6	1	5	666	0	678
12581	672	0	0	9	0	681
12582	7	2	907	6	0	922
12583	3	0	7	925	0	935
12584	962	0	4	5	0	971
12585	952	0	1	5	0	958
12586	1005	2	2	0	0	1009
12587	1019	1	1	1	0	1022
12588	11	0	2	992	0	1005
12589	4	2	2	993	0	1001
12590	4	1	997	11	0	1013
12591	2	1	8	972	0	983
12592	3	0	5	971	0	979
12593	1	974	1	11	0	987
12594	994	8	0	3	0	1005
12595	1034	3	3	2	0	1042
12596	15	1049	2	1	0	1067
12597	5	14	0	1084	0	1103
12598	3	3	0	1112	0	1118
12599	1044	2	2	19	0	1067
12600	17	0	1040	5	0	1062
12601	6	0	16	1044	0	1066
12602	1	1	1090	16	0	1108
12603	1025	0	15	8	0	1048
12604	1089	1	5	6	0	1101
12605	1107	0	2	2	0	1111
12606	18	1	3	1061	0	1083
12607	8	1	0	1054	0	1063
12608	1064	0	2	19	0	1085
12609	16	1	1037	4	0	1058
12610	8	1	13	1051	0	1073
12611	1067	0	5	16	0	1088
12612	15	1	2	1060	0	1078
12613	4	0	1174	16	0	1194
12614	4	0	1123	8	0	1135
12615	1104	0	18	1	0	1123
12616	16	1110	7	2	0	1135
12617	1185	14	0	4	0	1203
12618	1177	5	2	2	0	1186
12619	19	1	1	1160	0	1181
12620	4	0	3	1163	0	1170
12621	5	1139	0	21	0	1165
12622	1165	15	2	3	0	1185
12623	14	1150	3	6	0	1173
12624	6	1155	1	2	0	1164
12625	2	16	3	1091	0	1112
12626	1017	3	1	17	0	1038
12627	1025	1	2	4	0	1032
12628	19	0	1	998	0	1018
12629	5	2	2	1010	0	1019
12630	3	1	3	1030	0	1037
12631	1006	0	1	21	0	1028
12632	17	4	1004	5	0	1030
12633	8	987	12	6	0	1013
12634	980	9	2	6	0	997
12635	12	1	1	958	0	972
12636	1	0	964	12	0	977
12637	4	2	950	4	0	960
12638	3	928	14	0	0	945
12639	4	937	0	3	0	944
12640	4	11	1	931	0	947
12641	2	901	5	10	0	918
12642	3	9	2	942	0	956
12643	2	3	2	940	0	947
12644	961	3	0	11	0	975
12645	12	2	1	958	0	973
12646	4	1	0	963	0	968
12647	2	2	935	13	0	952
12648	1	1	10	944	0	956
12649	942	2	1	11	0	956
12650	943	0	2	3	0	948
12651	11	928	2	2	0	943
12652	881	12	1	5	0	899
12653	15	1	885	4	0	905
12654	6	891	10	1	0	908
12655	4	9	0	925	0	938
12656	4	1	0	963	0	968
12657	1	5	0	971	0	977
12658	986	0	2	14	0	1002
12659	910	2	1	3	0	916
12660	13	4	856	1	0	874
12661	2	2	786	5	0	795
12662	5	2	787	5	0	799
12663	3	783	14	4	0	804
12664	2	777	8	6	0	793
12665	821	13	2	4	0	840
12666	823	2	1	3	0	829
12667	15	2	2	814	0	833
12668	1	1	1	815	0	818
12669	3	804	2	11	0	820
12670	2	13	0	872	0	887
12671	4	4	835	18	0	861
12672	4	817	16	6	0	843
12673	4	14	4	856	0	878
12674	1	7	861	14	0	883
12675	4	4	16	788	0	812
12676	2	808	3	15	0	828
12677	876	15	2	2	0	895
12678	877	4	1	3	0	885
12679	934	4	0	4	0	942
12680	18	1	2	920	0	941
12681	5	1	1	1007	0	1014
12682	769	3	1	25	0	798
12683	20	734	5	7	0	766
12684	758	20	1	7	0	786
12685	26	3	993	1	0	1023
12686	1049	1	28	2	0	1080
12687	1068	2	12	3	0	1085
12688	50	0	3	1041	0	1094
12689	1071	2	3	36	0	1112
12690	1056	3	2	11	0	1072
12691	41	4	2	1052	0	1099
12692	15	2	1003	38	0	1058
12693	1011	0	34	16	0	1061
12694	38	7	991	6	0	1042
12695	14	1038	27	4	0	1083
12696	4	26	9	1043	0	1082
12697	0	9	3	1086	0	1098
12698	1239	2	2	38	0	1281
12699	39	4	1183	13	0	1239
12700	12	2	25	1195	0	1234
12701	3	1263	8	32	0	1306
12702	1	1224	1	11	0	1237
12703	2	45	1	1266	0	1314
12704	2	16	1187	39	0	1244
12705	1	5	27	1273	0	1306
12706	4	2	8	1271	0	1285
12707	0	7	1076	48	0	1131
12708	3	1241	32	12	0	1288
12709	1199	33	9	5	0	1246
12710	34	1250	2	3	0	1289
12711	12	38	2	1237	0	1289
12712	1156	9	1	39	0	1205
12713	40	1071	4	14	0	1129
12714	12	39	1067	4	0	1122
12715	1078	9	33	4	0	1124
12716	37	1106	14	1	0	1158
12717	1165	38	1	3	0	1207
12718	41	9	1095	7	0	1152
12719	1137	4	34	6	0	1181
12720	39	3	10	1140	0	1192
12721	12	0	1122	43	0	1177
12722	2	1	38	1139	0	1180
12723	7	1146	9	37	0	1199
12724	9	35	3	1196	0	1243
12725	5	12	2	1235	0	1254
12726	8	5	1135	51	0	1199
12727	9	1	28	1216	0	1254
12728	10	10	972	47	0	1039
12729	6	1181	35	14	0	1236
12730	7	40	10	1205	0	1262
12731	8	14	1181	38	0	1241
12732	4	1207	37	13	0	1261
12733	28	1243	13	11	0	1295
12734	10	47	1223	7	0	1287
12735	10	14	1239	10	0	1273
12736	8	8	46	1241	0	1303
12737	1244	2	13	47	0	1306
12738	42	1236	9	21	0	1308
12739	24	42	6	1238	0	1310
12740	1251	14	6	46	0	1317
12741	46	1236	10	20	0	1312
12742	1259	41	3	16	0	1319
12743	51	1299	7	10	0	1367
12744	1313	45	6	14	0	1378
12745	1310	16	4	12	0	1342
12746	1309	5	8	14	0	1336
12747	57	1435	7	13	0	1512
12748	27	48	7	1476	0	1558
12749	19	22	1403	55	0	1499
12750	13	1448	53	28	0	1542
12751	16	50	26	1458	0	1550
12752	17	22	12	1476	0	1527
12753	20	14	1294	72	0	1400
12754	18	1301	51	38	0	1408
12755	1314	55	23	18	0	1410
12756	63	1328	11	18	0	1420
12757	31	49	9	1329	0	1418
12758	20	19	1276	66	0	1381
12759	1272	11	56	29	0	1368
12760	53	15	23	1333	0	1424
12761	22	12	1273	68	0	1375
12762	1257	17	53	32	0	1359
12763	52	1305	22	24	0	1403
12764	1338	51	19	20	0	1428
12765	1340	31	15	19	0	1405
12766	66	15	9	1331	0	1421
12767	29	17	1293	61	0	1400
12768	21	1280	50	24	0	1375
12769	8	61	1317	22	0	1408
12770	10	30	49	1260	0	1349
12771	5	24	27	1319	0	1375
12772	1282	13	13	76	0	1384
12773	48	9	1247	40	0	1344
12774	28	1245	52	20	0	1345
12775	15	53	20	1263	0	1351
12776	15	27	13	1333	0	1388
12777	1248	22	2	65	0	1337
12778	50	1248	5	30	0	1333
12779	31	51	9	1201	0	1292
12780	1160	33	12	55	0	1260
12781	42	1129	6	26	0	1203
12782	1164	45	6	11	0	1226
12783	1164	28	11	4	0	1207
12784	67	1132	8	10	0	1217
12785	816	27	4	6	0	853
12786	31	783	4	4	0	822
12787	849	24	2	8	0	883
12788	847	9	7	4	0	867
12789	27	821	4	7	0	859
12790	855	24	4	8	0	891
12791	868	8	4	10	0	890
12792	876	8	2	9	0	895
12793	34	6	813	8	0	861
12794	11	4	723	6	0	744
12795	9	4	786	3	0	802
12796	815	4	30	5	0	854
12797	24	3	787	7	0	821
12798	11	1	570	1	0	583
12799	5	4	17	539	0	565
12800	557	1	9	14	0	581
12801	16	3	541	6	0	566
12802	7	6	542	5	0	560
12803	7	1	17	530	0	555
12804	4	2	11	558	0	575
12805	3	4	3	566	0	576
12806	3	4	543	25	0	575
12807	4	2	13	553	0	572
12808	540	3	9	15	0	567
12809	16	577	6	9	0	608
12810	10	15	3	602	0	630
12811	4	8	2	616	0	630
12812	3	4	679	21	0	707
12813	3	682	18	10	0	713
12814	728	15	8	4	0	755
12815	17	718	8	2	0	745
12816	11	21	3	753	0	788
12817	9	9	737	19	0	774
12818	5	6	20	764	0	795
12819	7	2	10	820	0	839
12820	832	3	6	29	0	870
12821	21	0	5	786	0	812
12822	11	790	5	23	0	829
12823	8	816	1	12	0	837
12824	5	29	808	5	0	847
12825	806	8	22	6	0	842
12826	24	5	9	828	0	866
12827	13	1	8	841	0	863
12828	7	3	8	866	0	884
12829	824	4	7	34	0	869
12830	27	803	4	16	0	850
12831	826	22	2	9	0	859
12832	28	9	767	6	0	810
12833	10	9	768	4	0	791
12834	803	1	27	8	0	839
12835	21	1	17	794	0	833
12836	11	5	5	819	0	840
12837	7	2	2	839	0	850
12838	4	5	784	38	0	831
12839	792	2	20	17	0	831
12840	818	7	14	8	0	847
12841	825	6	3	8	0	842
12842	38	5	3	803	0	849
12843	17	9	731	26	0	783
12844	10	6	719	19	0	754
12845	10	5	793	9	0	817
12846	9	821	31	7	0	868
12847	6	18	6	668	0	698
12848	680	6	4	13	0	703
12849	19	5	658	7	0	689
12850	665	6	15	6	0	692
12851	19	4	6	678	0	707
12852	13	1	5	677	0	696
12853	10	698	2	22	0	732
12854	3	757	8	8	0	776
12855	5	851	7	8	0	871
12856	4	21	7	850	0	882
12857	853	8	2	13	0	876
12858	854	4	6	10	0	874
12859	19	2	822	5	0	848
12860	831	2	17	11	0	861
12861	19	2	829	4	0	854
12862	10	3	19	829	0	861
12863	6	2	804	16	0	828
12864	799	4	18	11	0	832
12865	16	0	10	804	0	830
12866	12	1	809	15	0	837
12867	6	1	755	9	0	771
12868	774	2	19	10	0	805
12869	812	3	7	11	0	833
12870	17	813	5	11	0	846
12871	9	15	7	884	0	915
12872	5	8	888	19	0	920
12873	8	5	890	10	0	913
12874	8	6	13	915	0	942
12875	925	2	8	20	0	955
12876	19	892	10	8	0	929
12877	6	14	6	947	0	973
12878	940	3	7	20	0	970
12879	13	9	6	923	0	951
12880	10	894	3	26	0	933
12881	2	9	4	940	0	955
12882	925	1	7	9	0	942
12883	10	4	4	922	0	940
12884	933	0	4	12	0	949
12885	12	918	2	7	0	939
12886	973	11	4	4	0	992
12887	12	4	888	6	0	910
12888	870	3	10	9	0	892
12889	926	1	5	6	0	938
12890	12	880	4	7	0	903
12891	8	8	1	914	0	931
12892	4	6	880	10	0	900
12893	6	1	842	3	0	852
12894	879	3	12	1	0	895
12895	836	0	4	4	0	844
12896	9	814	5	4	0	832
12897	1	833	2	8	0	844
12898	841	7	1	4	0	853
12899	9	807	2	5	0	823
12900	5	840	4	2	0	851
12901	7	9	0	847	0	863
12902	5	0	2	852	0	859
12903	4	2	828	9	0	843
12904	5	1	8	821	0	835
12905	835	1	6	7	0	849
12906	8	4	827	3	0	842
12907	1	0	791	5	0	797
12908	3	4	11	794	0	812
12909	3	1	4	785	0	793
12910	5	2	4	796	0	807
12911	6	1	777	10	0	794
12912	5	0	5	682	0	692
12913	0	2	2	700	0	704
12914	658	0	1	5	0	664
12915	5	639	1	1	0	646
12916	660	3	0	1	0	664
12917	3	0	634	0	0	637
12918	571	0	1	0	0	572
12919	1	605	0	1	0	607
12920	610	1	0	0	0	611
12921	1	588	1	1	0	591
12922	561	0	0	0	0	561
12923	0	530	0	0	0	530
12924	0	543	0	0	0	543
12925	0	0	0	581	0	581
12926	588	0	0	0	0	588
12927	581	0	0	0	0	581
12928	573	0	0	0	0	573
12929	0	0	548	0	0	548
12930	0	1	537	0	0	538
12931	0	0	0	556	0	556
12932	0	562	1	0	0	563
12933	0	578	1	0	0	579
12934	0	1	0	593	0	594
12935	598	0	0	0	0	598
12936	605	0	0	0	0	605
12937	604	0	0	0	0	604
12938	1	1	573	0	0	575
12939	0	0	1	589	0	590
12940	0	2	581	1	0	584
12941	589	0	1	0	0	590
12942	597	0	0	0	0	597
12943	1	0	584	0	0	585
12944	0	0	1	603	0	604
12945	602	0	0	1	0	603
12946	1	0	0	574	0	575
12947	0	0	0	579	0	579
12948	0	0	0	647	0	647
12949	651	0	0	1	0	652
12950	2	0	0	791	0	793
12951	762	0	0	9	0	771
12952	7	755	1	1	0	764
12953	1	9	0	772	0	782
12954	0	3	0	744	0	747
12955	0	1	0	660	0	661
12956	660	0	1	12	0	673
12957	10	0	0	652	0	662
12958	4	0	0	650	0	654
12959	663	0	0	9	0	672
12960	660	0	0	3	0	663
12961	664	0	0	1	0	665
12962	13	0	623	0	0	636
12963	4	2	574	0	0	580
12964	642	0	10	0	0	652
12965	9	0	4	655	0	668
12966	2	0	1	649	0	652
12967	660	0	0	10	0	670
12968	686	0	0	3	0	689
12969	683	0	0	1	0	684
12970	12	643	0	0	0	655
12971	631	9	0	0	0	640
12972	592	3	0	0	0	595
12973	9	584	0	0	0	593
12974	5	564	0	0	0	569
12975	1	5	0	588	0	594
12976	613	3	0	8	0	624
12977	612	1	0	3	0	616
12978	611	0	1	1	0	613
12979	13	0	1	599	0	613
12980	611	0	0	8	0	619
12981	8	0	548	3	0	559
12982	559	0	8	1	0	568
12983	11	1	557	0	0	569
12984	2	0	546	0	0	548
12985	1	0	10	533	0	544
12986	523	0	4	8	0	535
12987	9	0	1	529	0	539
12988	4	0	524	9	0	537
12989	0	0	514	4	0	518
12990	0	0	11	531	0	542
12991	518	0	3	8	0	529
12992	6	511	1	5	0	523
12993	2	8	0	525	0	535
12994	1	2	0	537	0	540
12995	2	1	521	12	0	536
12996	0	1	503	4	0	508
12997	1	0	9	527	0	537
12998	529	1	4	11	0	545
12999	9	0	509	4	0	522
13000	3	1	8	522	0	534
13001	2	0	3	534	0	539
13002	1	1	1	538	0	541
13003	532	0	0	16	0	548
13004	10	1	431	6	0	448
13005	4	512	5	3	0	524
13006	2	10	1	530	0	543
13007	3	3	521	13	0	540
13008	2	503	11	5	0	521
13009	3	524	6	4	0	537
13010	529	12	2	1	0	544
13011	11	532	1	5	0	549
13012	535	11	1	5	0	552
13013	15	3	588	5	0	611
13014	8	1	9	623	0	641
13015	592	1	4	13	0	610
13016	13	575	3	8	0	599
13017	10	10	574	7	0	601
13018	8	35	8	463	0	514
13019	6	563	4	18	0	591
13020	8	11	1	571	0	591
13021	567	7	1	14	0	589
13022	11	598	2	11	0	622
13023	690	11	1	7	0	709
13024	711	4	1	7	0	723
13025	28	1	645	7	0	681
13026	10	675	18	6	0	709
13027	6	18	6	699	0	729
13028	11	6	775	20	0	812
13029	7	4	818	10	0	839
13030	8	1	29	869	0	907
13031	877	1	14	26	0	918
13032	850	3	4	8	0	865
13033	37	3	5	865	0	910
13034	16	6	809	30	0	861
13035	13	833	24	11	0	881
13036	903	26	7	6	0	942
13037	889	8	8	4	0	909
13038	30	886	2	5	0	923
13039	919	29	3	5	0	956
13040	42	6	881	4	0	933
13041	904	4	26	2	0	936
13042	912	9	8	4	0	933
13043	33	3	900	7	0	943
13044	13	1	29	885	0	928
13045	12	2	833	29	0	876
13046	11	832	27	10	0	880
13047	8	875	12	10	0	905
13048	4	28	10	791	0	833
13049	9	11	758	29	0	807
13050	1	618	15	6	0	640
13051	3	656	6	5	0	670
13052	610	20	4	2	0	636
13053	599	6	1	2	0	608
13054	20	6	2	612	0	640
13055	7	3	3	586	0	599
13056	6	617	3	20	0	646
13057	611	17	2	7	0	637
13058	618	7	0	5	0	630
13059	15	624	4	2	0	645
13060	6	18	3	639	0	666
13061	6	5	607	17	0	635
13062	4	7	12	632	0	655
13063	633	5	3	20	0	661
13064	17	3	3	644	0	667
13065	6	0	6	654	0	666
13066	637	3	0	24	0	664
13067	19	4	1	620	0	644
13068	7	591	0	21	0	619
13069	8	14	1	589	0	612
13070	5	5	1	613	0	624
13071	2	6	2	577	0	587
13072	4	633	1	24	0	662
13073	7	17	4	618	0	646
13074	6	6	594	25	0	631
13075	2	6	20	640	0	668
13076	0	4	602	26	0	632
13077	1	622	23	9	0	655
13078	5	18	4	638	0	665
13079	10	5	2	659	0	676
13080	4	8	4	644	0	660
13081	2	6	4	659	0	671
13082	6	6	606	30	0	648
13083	4	609	19	13	0	645
13084	6	24	8	632	0	670
13085	4	5	624	28	0	661
13086	5	5	21	643	0	674
13087	668	5	8	24	0	705
13088	21	5	627	13	0	666
13089	678	4	19	9	0	710
13090	28	4	5	679	0	716
13091	10	3	666	28	0	707
13092	10	711	25	11	0	757
13093	5	25	9	719	0	758
13094	10	13	727	22	0	772
13095	8	725	22	14	0	769
13096	3	23	7	750	0	783
13097	742	8	8	23	0	781
13098	749	6	8	12	0	775
13099	769	7	3	8	0	787
13100	34	2	721	11	0	768
13101	18	732	26	6	0	782
13102	6	23	8	724	0	761
13103	6	14	9	742	0	771
13104	763	8	8	27	0	806
13105	26	787	4	12	0	829
13106	773	27	2	13	0	815
13107	777	11	9	5	0	802
13108	796	10	5	7	0	818
13109	35	7	757	6	0	805
13110	781	6	22	9	0	818
13111	34	7	8	781	0	830
13112	12	4	5	814	0	835
13113	735	2	3	32	0	772
13114	27	9	1	689	0	726
13115	10	684	3	30	0	727
13116	9	22	6	704	0	741
13117	687	8	4	29	0	728
13118	23	6	667	17	0	713
13119	12	650	19	11	0	692
13120	9	22	6	670	0	707
13121	669	9	4	30	0	712
13122	28	4	667	12	0	711
13123	5	6	46	571	0	628
13124	6	3	610	19	0	638
13125	4	2	600	9	0	615
13126	3	4	571	8	0	586
13127	3	1	578	8	0	590
13128	2	3	475	4	0	484
13129	440	2	10	8	0	460
13130	10	420	14	2	0	446
13131	428	5	5	2	0	440
13132	416	3	2	6	0	427
13133	8	411	5	2	0	426
13134	2	421	7	4	0	434
13135	429	7	4	4	0	444
13136	369	4	4	1	0	378
13137	5	1	3	358	0	367
13138	8	365	1	4	0	378
13139	380	8	1	5	0	394
13140	9	380	0	2	0	391
13141	8	5	2	385	0	400
13142	388	7	1	5	0	401
13143	380	4	0	6	0	390
13144	7	2	1	375	0	385
13145	7	2	1	388	0	398
13146	2	1	373	11	0	387
13147	2	2	7	368	0	379
13148	5	1	378	8	0	392
13149	6	2	5	372	0	385
13150	3	0	6	406	0	415
13151	408	0	2	11	0	421
13152	406	0	4	5	0	415
13153	9	2	407	5	0	423
13154	386	1	8	6	0	401
13155	8	0	6	396	0	410
13156	3	1	398	10	0	412
13157	3	3	7	421	0	434
13158	4	3	2	431	0	440
13159	4	1	419	11	0	435
13160	6	1	7	413	0	427
13161	5	2	434	8	0	449
13162	2	3	8	455	0	468
13163	456	2	4	10	0	472
13164	7	448	3	9	0	467
13165	473	9	4	4	0	490
13166	8	477	3	7	0	495
13167	479	9	5	4	0	497
13168	8	480	6	4	0	498
13169	480	8	4	4	0	496
13170	12	482	6	1	0	501
13171	3	10	3	493	0	509
13172	4	3	431	8	0	446
13173	2	3	454	4	0	463
13174	4	2	8	458	0	472
13175	440	5	2	7	0	454
13176	11	442	2	2	0	457
13177	4	10	0	445	0	459
13178	2	3	440	10	0	455
13179	2	5	543	3	0	553
13180	5	0	8	525	0	538
13181	1	551	6	7	0	565
13182	550	6	3	3	0	562
13183	7	4	555	8	0	574
13184	5	0	583	2	0	590
13185	0	575	9	6	0	590
13186	579	6	3	5	0	593
13187	564	6	3	2	0	575
13188	8	1	2	611	0	622
13189	648	1	5	8	0	662
13190	632	1	4	5	0	642
13191	10	642	2	3	0	657
13192	622	9	0	0	0	631
13193	10	2	716	0	0	728
13194	2	1	7	672	0	682
13195	2	1	0	699	0	702
13196	713	3	0	6	0	722
13197	8	730	0	2	0	740
13198	739	7	1	0	0	747
13199	9	757	1	2	0	769
13200	2	769	2	3	0	776
13201	2	6	769	2	0	779
13202	2	1	768	1	0	772
13203	697	1	25	2	0	725
13204	734	1	0	0	0	735
13205	5	2	786	3	0	796
13206	0	762	5	4	0	771
13207	1	783	4	0	0	788
13208	808	6	0	1	0	815
13209	810	1	1	1	0	813
13210	6	2	0	790	0	798
13211	811	1	1	5	0	818
13212	5	1	3	785	0	794
13213	4	1	792	4	0	801
13214	2	5	710	0	0	717
13215	737	0	4	0	0	741
13216	4	1	2	781	0	788
13217	2	832	0	5	0	839
13218	874	6	0	1	0	881
13219	855	1	0	2	0	858
13220	7	2	856	0	0	865
13221	805	0	7	1	0	813
13222	811	1	3	4	0	819
13223	6	2	0	800	0	808
13224	2	766	3	7	0	778
13225	1	791	2	2	0	796
13226	3	5	3	805	0	816
13227	2	1	3	776	0	782
13228	0	3	3	792	0	798
13229	0	4	785	5	0	794
13230	4	1	722	0	0	727
13231	3	1	8	726	0	738
13232	5	0	804	5	0	814
13233	2	3	778	1	0	784
13234	5	2	5	733	0	745
13235	6	4	820	5	0	835
13236	4	795	6	1	0	806
13237	928	6	1	1	0	936
13238	10	1	0	908	0	919
13239	2	885	1	7	0	895
13240	7	6	895	1	0	909
13241	2	0	10	854	0	866
13242	2	0	941	10	0	953
13243	3	1	9	897	0	910
13244	4	2	1	953	0	960
13245	2	3	945	8	0	958
13246	3	2	7	906	0	918
13247	3	913	1	8	0	925
13248	2	9	2	956	0	969
13249	3	2	954	8	0	967
13250	3	3	5	876	0	887
13251	898	0	3	5	0	906
13252	5	887	5	4	0	901
13253	1	5	3	908	0	917
13254	2	1	897	5	0	905
13255	3	858	6	2	0	869
13256	1	871	1	3	0	876
13257	5	5	821	3	0	834
13258	3	1	3	802	0	809
13259	1	4	0	825	0	830
13260	4	1	844	4	0	853
13261	0	777	6	3	0	786
13262	1	815	2	4	0	822
13263	829	1	3	3	0	836
13264	3	802	1	1	0	807
13265	809	6	1	0	0	816
13266	5	2	0	793	0	800
13267	862	2	1	4	0	869
13268	4	7	849	0	0	860
13269	785	0	4	1	0	790
13270	4	1	2	862	0	869
13271	4	851	1	2	0	858
13272	895	1	2	1	0	899
13273	2	0	0	848	0	850
13274	0	845	0	2	0	847
13275	1	859	1	0	0	861
13276	890	1	0	1	0	892
13277	908	0	0	1	0	909
13278	904	2	0	0	0	906
13279	2	1	0	780	0	783
13280	2	784	1	2	0	789
13281	2	797	0	0	0	799
13282	1	1	0	805	0	807
13283	828	0	0	2	0	830
13284	785	2	0	0	0	787
13285	764	1	0	2	0	767
13286	2	2	743	1	0	748
13287	3	0	707	0	0	710
13288	722	1	1	0	0	724
13289	2	0	1	706	0	709
13290	0	2	2	698	0	702
13291	1	2	1	684	0	688
13292	1	0	0	690	0	691
13293	1	0	608	3	0	612
13294	0	0	0	585	0	585
13295	1	0	603	3	0	607
13296	530	0	3	2	0	535
13297	1	571	2	1	0	575
13298	0	1	1	601	0	603
13299	1	0	1	561	0	563
13300	562	1	0	2	0	565
13301	540	1	0	2	0	543
13302	549	0	0	3	0	552
13303	547	0	1	1	0	549
13304	3	0	555	2	0	560
13305	2	1	491	1	0	495
13306	3	0	0	480	0	483
13307	497	1	0	1	0	499
13308	492	0	1	1	0	494
13309	2	0	492	4	0	498
13310	2	1	1	482	0	486
13311	508	0	0	1	0	509
13312	3	0	0	494	0	497
13313	2	0	501	2	0	505
13314	2	0	2	485	0	489
13315	505	0	1	2	0	508
13316	0	531	2	2	0	535
13317	512	1	2	1	0	516
13318	506	0	1	1	0	508
13319	501	1	0	2	0	504
13320	2	1	0	500	0	503
13321	504	1	0	2	0	507
13322	4	558	3	2	0	567
13323	1	623	2	1	0	627
13324	1	11	0	620	0	632
13325	616	4	1	12	0	633
13326	8	634	1	2	0	645
13327	783	17	0	3	0	803
13328	876	3	0	2	0	881
13329	21	877	2	3	0	903
13330	11	19	0	894	0	924
13331	7	6	1	949	0	963
13332	8	5	879	22	0	914
13333	4	4	19	929	0	956
13334	0	5	929	29	0	963
13335	2	906	22	11	0	941
13336	0	20	6	950	0	976
13337	835	2	8	25	0	870
13338	860	5	3	8	0	876
13339	21	4	4	856	0	885
13340	9	3	836	25	0	873
13341	807	1	23	9	0	840
13342	22	794	7	7	0	830
13343	8	758	5	11	0	782
13344	7	797	3	10	0	817
13345	6	24	6	790	0	826
13346	4	12	807	23	0	846
13347	5	10	18	820	0	853
13348	6	5	808	24	0	843
13349	2	7	813	9	0	831
13350	3	4	828	10	0	845
13351	7	2	26	798	0	833
13352	3	5	10	847	0	865
13353	2	6	14	837	0	859
13354	1	2	8	863	0	874
13355	849	3	6	32	0	890
13356	20	821	7	16	0	864
13357	842	17	3	15	0	877
13358	26	837	7	8	0	878
13359	5	25	4	844	0	878
13360	10	6	5	920	0	941
13361	897	11	2	29	0	939
13362	907	4	3	13	0	927
13363	908	7	4	15	0	934
13364	914	1	7	11	0	933
13365	924	5	1	9	0	939
13366	31	879	2	6	0	918
13367	827	23	2	6	0	858
13368	29	820	2	3	0	854
13369	832	22	5	11	0	870
13370	32	9	803	5	0	849
13371	10	12	21	785	0	828
13372	16	789	9	20	0	834
13373	6	27	10	807	0	850
13374	12	7	798	25	0	842
13375	6	8	23	807	0	844
13376	770	6	4	33	0	813
13377	20	780	7	15	0	822
13378	5	798	4	21	0	828
13379	16	26	827	4	0	873
13380	7	13	21	805	0	846
13381	12	827	8	18	0	865
13382	6	29	6	849	0	890
13383	3	11	859	34	0	907
13384	4	819	27	21	0	871
13385	8	25	864	13	0	910
13386	9	10	856	7	0	882
13387	5	8	26	862	0	901
13388	878	7	13	22	0	920
13389	27	14	8	877	0	926
13390	10	9	864	32	0	915
13391	13	8	26	906	0	953
13392	12	11	915	31	0	969
13393	12	4	911	17	0	944
13394	898	6	35	18	0	957
13395	995	7	19	11	0	1032
13396	1029	9	11	14	0	1063
13397	32	7	997	7	0	1043
13398	20	8	1005	9	0	1042
13399	13	3	36	971	0	1023
13400	14	5	19	1006	0	1044
13401	995	9	13	36	0	1053
13402	26	5	17	1003	0	1051
13403	13	4	995	33	0	1045
13404	11	4	959	29	0	1003
13405	7	986	36	17	0	1046
13406	10	20	15	1026	0	1071
13407	8	14	1015	32	0	1069
13408	12	11	28	1015	0	1066
13409	1016	7	20	31	0	1074
13410	24	9	1022	20	0	1075
13411	16	2	31	1016	0	1065
13412	14	8	15	1027	0	1064
13413	10	4	1004	42	0	1060
13414	13	2	35	1002	0	1052
13415	10	2	1008	38	0	1058
13416	934	3	35	20	0	992
13417	28	5	20	955	0	1008
13418	21	966	14	27	0	1028
13419	1000	30	5	19	0	1054
13420	1004	12	13	7	0	1036
13421	38	989	12	11	0	1050
13422	73	36	9	818	0	936
13423	14	858	3	20	0	895
13424	6	873	4	18	0	901
13425	44	23	808	10	0	885
13426	9	839	13	11	0	872
13427	4	39	684	7	0	734
13428	542	7	8	1	0	558
13429	554	0	7	2	0	563
13430	8	570	2	1	0	581
13431	6	549	1	2	0	558
13432	2	556	0	1	0	559
13433	491	8	2	0	0	501
13434	4	4	1	484	0	493
13435	5	3	553	5	0	566
13436	0	555	10	6	0	571
13437	2	5	5	583	0	595
13438	1	6	1	557	0	565
13439	1	674	3	8	0	686
13440	830	8	1	6	0	845
13441	16	7	844	3	0	870
13442	11	3	17	1179	0	1210
13443	3	1350	8	37	0	1398
13444	1370	48	1	12	0	1431
13445	49	14	1304	8	0	1375
13446	13	1309	50	4	0	1376
13447	7	47	13	1340	0	1407
13448	9	13	1339	45	0	1406
13449	1315	7	52	13	0	1387
13450	45	6	14	1325	0	1390
13451	18	1	1292	50	0	1361
13452	10	1291	52	30	0	1383
13453	1267	46	14	13	0	1340
13454	46	1330	8	9	0	1393
13455	1316	53	5	3	0	1377
13456	1351	19	1	5	0	1376
13457	58	9	5	1273	0	1345
13458	18	1243	6	46	0	1313
13459	12	47	1291	25	0	1375
13460	5	14	49	1315	0	1383
13461	3	11	17	1309	0	1340
13462	6	7	5	1359	0	1377
13463	9	3	7	1366	0	1385
13464	6	6	7	1376	0	1395
13465	1315	3	3	74	0	1395
13466	1318	4	3	27	0	1352
13467	1300	8	4	15	0	1327
13468	61	1270	6	10	0	1347
13469	29	45	1338	5	0	1417
13470	14	14	1360	10	0	1398
13471	7	13	1372	10	0	1402
13472	7	12	68	1278	0	1365
13473	10	4	21	1356	0	1391
13474	8	3	15	1361	0	1387
13475	3	9	1274	72	0	1358
13476	7	1252	47	32	0	1338
13477	9	52	1280	15	0	1356
13478	8	18	1307	11	0	1344
13479	8	9	67	1240	0	1324
13480	3	11	1253	51	0	1318
13481	7	6	60	1256	0	1329
13482	1244	7	23	59	0	1333
13483	1240	3	12	23	0	1278
13484	67	11	1180	13	0	1271
13485	25	12	51	1193	0	1281
13486	19	11	1205	57	0	1292
13487	12	1221	65	20	0	1318
13488	1239	61	25	15	0	1340
13489	58	18	1205	20	0	1301
13490	21	1208	60	14	0	1303
13491	17	1221	16	19	0	1273
13492	9	1231	15	15	0	1270
13493	11	68	1140	9	0	1228
13494	12	30	56	1077	0	1175
13495	17	1154	24	52	0	1247
13496	12	62	9	1115	0	1198
13497	13	17	15	1185	0	1230
13498	1108	14	12	67	0	1201
13499	54	1124	16	29	0	1223
13500	1107	57	8	24	0	1196
13501	60	1090	12	21	0	1183
13502	21	1152	13	19	0	1205
13503	18	66	1100	20	0	1204
13504	12	28	57	1128	0	1225
13505	8	23	1090	61	0	1182
13506	20	1066	61	27	0	1174
13507	17	54	1095	28	0	1194
13508	19	18	1109	20	0	1166
13509	13	1103	61	21	0	1198
13510	1065	60	25	16	0	1166
13511	55	1102	24	18	0	1199
13512	1108	60	18	18	0	1204
13513	62	16	1096	23	0	1197
13514	21	16	1115	24	0	1176
13515	16	1091	65	24	0	1196
13516	1081	56	26	20	0	1183
13517	55	1065	23	14	0	1157
13518	21	58	19	1073	0	1171
13519	1067	23	17	58	0	1165
13520	58	17	1040	23	0	1138
13521	16	14	63	1096	0	1189
13522	1069	7	30	62	0	1168
13523	58	1056	24	32	0	1170
13524	18	55	19	1083	0	1175
13525	15	20	1053	69	0	1157
13526	1083	15	63	29	0	1190
13527	57	12	29	1096	0	1194
13528	20	10	1130	62	0	1222
13529	16	15	63	1119	0	1213
13530	12	1119	24	67	0	1222
13531	11	56	1140	28	0	1235
13532	13	18	65	1157	0	1253
13533	1137	20	26	62	0	1245
13534	62	16	18	1156	0	1252
13535	1051	10	24	63	0	1148
13536	56	1079	11	29	0	1175
13537	1079	56	18	14	0	1167
13538	58	17	1054	16	0	1145
13539	16	20	985	14	0	1035
13540	18	11	852	5	0	886
13541	10	803	55	7	0	875
13542	10	8	31	276	0	325
13543	0	3	0	292	0	295
13544	2	0	0	278	0	280
13545	1	1	0	279	0	281
13546	2	0	266	6	0	274
13547	254	0	7	1	0	262
13548	5	266	1	2	0	274
13549	271	4	2	1	0	278
13550	4	3	1	272	0	280
13551	2	268	1	5	0	276
13552	0	5	2	298	0	305
13553	297	3	1	4	0	305
13554	5	297	0	2	0	304
13555	307	5	0	1	0	313
13556	308	1	1	1	0	311
13557	7	0	1	302	0	310
13558	1	2	295	4	0	302
13559	267	1	4	2	0	274
13560	5	0	2	262	0	269
13561	265	1	1	4	0	271
13562	262	1	1	1	0	265
13563	268	1	0	0	0	269
13564	5	1	257	1	0	264
13565	1	1	4	260	0	266
13566	261	0	1	5	0	267
13567	6	1	256	3	0	266
13568	1	223	6	1	0	231
13569	1	4	2	227	0	234
13570	1	2	232	4	0	239
13571	1	0	223	2	0	226
13572	0	0	6	269	0	275
13573	0	1	1	273	0	275
13574	0	2	0	275	0	277
13575	1	0	1	276	0	278
13576	0	0	266	6	0	272
13577	1	259	4	2	0	266
13578	1	4	1	278	0	284
13579	325	1	0	5	0	331
13580	325	1	1	1	0	328
13581	329	0	0	0	0	329
13582	5	0	1	321	0	327
13583	2	0	1	321	0	324
13584	1	303	1	5	0	310
13585	1	341	0	1	0	343
13586	0	1	0	296	0	297
13587	293	1	0	1	0	295
13588	293	0	0	1	0	294
13589	289	0	0	0	0	289
13590	306	0	0	0	0	306
13591	308	0	0	0	0	308
13592	1	304	0	0	0	305
13593	0	1	0	317	0	318
13594	319	0	0	1	0	320
13595	308	0	0	0	0	308
13596	1	0	0	288	0	289
13597	0	0	0	306	0	306
13598	0	0	296	1	0	297
13599	0	0	1	285	0	286
13600	0	0	0	299	0	299
13601	0	0	342	1	0	343
13602	0	0	1	332	0	333
13603	0	357	0	1	0	358
13604	1	0	353	1	0	355
13605	0	363	1	0	0	364
13606	0	1	0	363	0	364
13607	0	0	0	372	0	372
13608	0	360	0	2	0	362
13609	0	371	0	2	0	373
13610	372	1	0	0	0	373
13611	368	0	0	0	0	368
13612	1	0	353	0	0	354
13613	379	0	1	0	0	380
13614	393	0	0	0	0	393
13615	400	0	0	0	0	400
13616	413	0	1	1	0	415
13617	2	0	398	0	0	400
13618	3	0	372	0	0	375
13619	388	0	1	0	0	389
13620	1	418	3	0	0	422
13621	1	0	420	0	0	421
13622	413	1	0	0	0	414
13623	425	0	1	0	0	426
13624	1	2	436	0	0	439
13625	407	0	3	0	0	410
13626	3	0	1	453	0	457
13627	2	0	443	2	0	447
13628	348	0	3	1	0	352
13629	3	372	1	0	0	376
13630	396	3	0	0	0	399
13631	445	1	0	0	0	446
13632	3	0	0	430	0	433
13633	1	0	0	434	0	435
13634	0	0	0	449	0	449
13635	438	0	0	4	0	442
13636	477	0	0	1	0	478
13637	4	0	0	474	0	478
13638	1	0	0	468	0	469
13639	1	0	455	4	0	460
13640	424	0	3	3	0	430
13641	3	0	1	465	0	469
13642	1	0	0	469	0	470
13643	0	454	0	4	0	458
13644	0	3	0	468	0	471
13645	0	1	1	467	0	469
13646	457	0	0	4	0	461
13647	2	452	0	2	0	456
13648	1	2	1	471	0	475
13649	0	1	0	458	0	459
13650	0	1	1	460	0	462
13651	1	0	463	4	0	468
13652	1	0	3	439	0	443
13653	431	0	1	4	0	436
13654	3	0	418	2	0	423
13655	1	0	3	433	0	437
13656	1	0	1	442	0	444
13657	459	0	0	4	0	463
13658	458	0	0	2	0	460
13659	4	0	462	1	0	467
13660	426	0	4	1	0	431
13661	4	0	459	0	0	463
13662	445	0	3	1	0	449
13663	4	478	3	1	0	486
13664	519	5	0	0	0	524
13665	4	500	1	2	0	507
13666	520	4	0	1	0	525
13667	4	555	1	0	0	560
13668	2	5	0	567	0	574
13669	0	2	0	562	0	564
13670	0	0	0	570	0	570
13671	0	553	1	7	0	561
13672	1	4	1	548	0	554
13673	0	525	0	6	0	531
13674	1	4	1	544	0	550
13675	540	2	1	4	0	547
13676	538	1	0	3	0	542
13677	7	514	0	1	0	522
13678	4	4	0	545	0	553
13679	506	2	0	5	0	513
13680	4	502	1	3	0	510
13681	2	500	2	2	0	506
13682	534	6	1	0	0	541
13683	529	2	1	0	0	532
13684	5	515	0	1	0	521
13685	524	4	0	1	0	529
13686	4	3	1	528	0	536
13687	4	0	538	4	0	546
13688	531	1	4	3	0	539
13689	552	0	2	2	0	556
13690	7	1	514	1	0	523
13691	502	0	5	2	0	509
13692	538	1	2	1	0	542
13693	567	0	0	1	0	568
13694	8	531	1	1	0	541
13695	550	5	0	2	0	557
13696	565	3	1	0	0	569
13697	9	2	0	554	0	565
13698	6	1	1	549	0	557
13699	2	2	0	569	0	573
13700	670	4	0	7	0	681
13701	10	1	1	626	0	638
13702	626	1	0	8	0	635
13703	605	2	1	4	0	612
13704	14	0	0	593	0	607
13705	4	1	0	637	0	642
13706	3	0	3	649	0	655
13707	673	0	0	10	0	683
13708	8	644	2	3	0	657
13709	8	6	2	692	0	708
13710	3	5	0	710	0	718
13711	702	0	1	11	0	714
13712	748	2	1	5	0	756
13713	15	2	697	2	0	716
13714	6	3	657	3	0	669
13715	701	1	11	3	0	716
13716	12	0	3	688	0	703
13717	6	1	1	823	0	831
13718	3	1	795	29	0	828
13719	5	0	22	786	0	813
13720	1	770	6	23	0	800
13721	5	790	2	6	0	803
13722	780	26	0	8	0	814
13723	23	9	744	7	0	783
13724	5	751	13	6	0	775
13725	4	19	4	776	0	803
13726	4	8	750	19	0	781
13727	8	7	22	738	0	775
13728	5	2	8	772	0	787
13729	2	2	746	26	0	776
13730	4	740	18	12	0	774
13731	7	19	6	706	0	738
13732	714	4	5	25	0	748
13733	731	2	7	10	0	750
13734	725	3	8	7	0	743
13735	27	755	1	5	0	788
13736	702	25	2	7	0	736
13737	22	5	3	722	0	752
13738	12	4	700	22	0	738
13739	697	5	17	5	0	724
13740	19	716	5	7	0	747
13741	7	21	5	716	0	749
13742	7	3	8	725	0	743
13743	3	722	4	30	0	759
13744	3	24	4	748	0	779
13745	4	9	6	758	0	777
13746	6	5	2	776	0	789
13747	750	2	4	33	0	789
13748	753	4	1	12	0	770
13749	31	7	730	9	0	777
13750	11	6	21	745	0	783
13751	11	4	6	767	0	788
13752	12	2	5	770	0	789
13753	750	5	8	30	0	793
13754	31	6	716	12	0	765
13755	728	5	22	16	0	771
13756	761	5	6	14	0	786
13757	26	2	5	729	0	762
13758	715	3	5	30	0	753
13759	31	9	677	13	0	730
13760	711	3	16	18	0	748
13761	35	726	5	14	0	780
13762	15	26	725	9	0	775
13763	17	6	695	13	0	731
13764	13	5	25	693	0	736
13765	12	3	700	31	0	746
13766	697	5	20	20	0	742
13767	25	652	13	12	0	702
13768	664	21	13	12	0	710
13769	30	6	5	669	0	710
13770	10	4	651	35	0	700
13771	16	6	663	13	0	698
13772	14	7	24	674	0	719
13773	672	4	12	28	0	716
13774	26	648	8	20	0	702
13775	16	702	6	19	0	743
13776	694	24	13	9	0	740
13777	26	684	9	11	0	730
13778	687	23	12	12	0	734
13779	32	11	10	680	0	733
13780	694	8	1	27	0	730
13781	27	8	6	688	0	729
13782	673	8	3	26	0	710
13783	30	6	8	651	0	695
13784	12	639	6	37	0	694
13785	654	22	6	12	0	694
13786	30	636	8	11	0	685
13787	14	27	688	11	0	740
13788	11	10	22	629	0	672
13789	5	686	7	29	0	727
13790	694	27	8	6	0	735
13791	677	16	8	10	0	711
13792	27	671	8	11	0	717
13793	13	22	632	13	0	680
13794	9	10	20	625	0	664
13795	14	644	10	26	0	694
13796	9	22	6	646	0	683
13797	15	8	6	666	0	695
13798	711	8	4	30	0	753
13799	21	690	6	17	0	734
13800	13	21	4	595	0	633
13801	596	9	4	24	0	633
13802	602	5	5	11	0	623
13803	611	3	5	11	0	630
13804	23	10	2	616	0	651
13805	580	4	1	19	0	604
13806	24	563	3	6	0	596
13807	544	17	1	6	0	568
13808	23	591	2	5	0	621
13809	576	20	3	3	0	602
13810	583	6	3	5	0	597
13811	22	3	4	571	0	600
13812	9	1	518	19	0	547
13813	6	7	512	4	0	529
13814	9	508	14	3	0	534
13815	529	16	5	4	0	554
13816	17	6	523	5	0	551
13817	370	0	7	0	0	377
13818	0	376	0	3	0	379
13819	0	401	1	0	0	402
13820	0	0	0	428	0	428
13821	0	466	0	0	0	466
13822	0	7	468	0	0	475
13823	1	2	6	465	0	474
13824	0	469	2	6	0	477
13825	0	7	0	495	0	502
13826	495	2	0	7	0	504
13827	7	0	0	487	0	494
13828	2	0	474	7	0	483
13829	0	468	9	2	0	479
13830	0	5	1	489	0	495
13831	0	3	0	489	0	492
13832	0	3	1	503	0	507
13833	489	1	0	8	0	498
13834	492	1	0	2	0	495
13835	9	0	435	1	0	445
13836	4	1	423	0	0	428
13837	0	409	7	2	0	418
13838	445	7	2	0	0	454
13839	7	3	0	439	0	449
13840	3	0	1	491	0	495
13841	1	1	0	504	0	506
13842	0	0	0	510	0	510
13843	1	0	460	13	0	474
13844	447	0	8	3	0	458
13845	11	0	2	555	0	568
13846	3	0	541	17	0	561
13847	556	1	17	4	0	578
13848	607	0	5	0	0	612
13849	22	2	738	1	0	763
13850	7	0	793	1	0	801
13851	1	0	23	793	0	817
13852	800	0	4	23	0	827
13853	814	0	0	6	0	820
13854	28	0	2	776	0	806
13855	4	0	1	815	0	820
13856	2	0	784	24	0	810
13857	3	1	23	789	0	816
13858	1	0	783	23	0	807
13859	773	1	22	8	0	804
13860	24	841	10	6	0	881
13861	853	25	2	6	0	886
13862	29	832	3	4	0	868
13863	860	27	2	4	0	893
13864	26	13	1	829	0	869
13865	15	3	3	868	0	889
13866	843	3	2	37	0	885
13867	859	3	1	15	0	878
13868	874	1	3	3	0	881
13869	899	2	0	6	0	907
13870	43	3	838	3	0	887
13871	841	2	24	2	0	869
13872	863	4	12	3	0	882
13873	879	0	1	3	0	883
13874	37	2	2	837	0	878
13875	816	0	2	30	0	848
13876	36	796	0	14	0	846
13877	19	26	1	820	0	866
13878	11	10	2	854	0	877
13879	8	2	788	38	0	836
13880	6	2	26	793	0	827
13881	8	804	11	30	0	853
13882	797	28	3	21	0	849
13883	30	825	4	6	0	865
13884	834	29	2	10	0	875
13885	29	16	4	823	0	872
13886	823	4	4	32	0	863
13887	28	809	3	20	0	860
13888	835	29	5	3	0	872
13889	846	12	2	8	0	868
13890	46	4	0	840	0	890
13891	22	6	3	880	0	911
13892	11	2	843	45	0	901
13893	9	5	24	859	0	897
13894	10	2	13	878	0	903
13895	13	3	836	45	0	897
13896	10	4	29	869	0	912
13897	8	3	850	37	0	898
13898	787	5	27	19	0	838
13899	31	4	17	807	0	859
13900	18	1	790	34	0	843
13901	779	4	30	21	0	834
13902	37	3	16	805	0	861
13903	20	3	800	39	0	862
13904	821	4	32	18	0	875
13905	38	2	14	839	0	893
13906	20	3	5	863	0	891
13907	838	1	8	44	0	891
13908	39	1	4	784	0	828
13909	22	2	5	838	0	867
13910	14	2	5	816	0	837
13911	18	780	2	45	0	845
13912	813	27	7	20	0	867
13913	859	14	2	15	0	890
13914	48	3	2	842	0	895
13915	842	8	7	38	0	895
13916	854	0	2	29	0	885
13917	863	2	4	13	0	882
13918	821	7	4	17	0	849
13919	834	6	4	13	0	857
13920	47	5	752	8	0	812
13921	25	3	707	11	0	746
13922	703	2	29	6	0	740
13923	34	702	14	4	0	754
13924	26	20	2	717	0	765
13925	20	11	699	21	0	751
13926	19	6	694	14	0	733
13927	12	2	27	724	0	765
13928	778	2	16	27	0	823
13929	27	6	7	832	0	872
13930	14	4	820	31	0	869
13931	805	3	23	21	0	852
13932	30	2	16	836	0	884
13933	11	3	5	845	0	864
13934	6	3	9	858	0	876
13935	11	2	5	869	0	887
13936	7	4	813	45	0	869
13937	10	1	24	837	0	872
13938	839	0	10	36	0	885
13939	27	2	810	19	0	858
13940	762	5	21	7	0	795
13941	804	0	11	15	0	830
13942	794	1	6	12	0	813
13943	780	1	6	7	0	794
13944	31	752	4	19	0	806
13945	13	664	8	6	0	691
13946	8	682	6	8	0	704
13947	757	18	4	9	0	788
13948	17	10	702	4	0	733
13949	539	2	22	6	0	569
13950	10	2	11	520	0	543
13951	538	2	1	8	0	549
13952	7	0	4	533	0	544
13953	533	1	6	8	0	548
13954	11	1	1	524	0	537
13955	9	0	1	534	0	544
13956	397	1	4	15	0	417
13957	11	518	1	13	0	543
13958	10	5	602	7	0	624
13959	6	584	6	8	0	604
13960	0	0	490	1	0	491
13961	1	1	0	471	0	473
13962	508	0	1	0	0	509
13963	1	0	0	500	0	501
13964	505	0	0	0	0	505
13965	1	487	0	5	0	493
13966	1	1	519	0	0	521
13967	0	495	1	0	0	496
13968	1	511	1	0	0	513
13969	506	1	0	0	0	507
13970	502	1	0	1	0	504
13971	0	492	1	0	0	493
13972	0	0	1	507	0	508
13973	0	0	0	514	0	514
13974	513	0	0	0	0	513
13975	0	0	503	1	0	504
13976	0	3	480	1	0	484
13977	1	0	0	478	0	479
13978	0	1	495	1	0	497
13979	455	0	3	1	0	459
13980	483	0	0	1	0	484
13981	0	472	0	3	0	475
13982	1	0	494	0	0	495
13983	1	0	0	480	0	481
13984	2	1	541	0	0	544
13985	1	0	1	533	0	535
13986	540	0	0	0	0	540
13987	1	485	1	0	0	487
13988	1	0	501	0	0	502
13989	2	462	1	0	0	465
13990	0	461	1	0	0	462
13991	477	0	0	1	0	478
13992	460	1	1	0	0	462
13993	1	0	457	0	0	458
13994	0	441	2	1	0	444
13995	2	0	0	475	0	477
13996	0	0	0	473	0	473
13997	1	0	1	466	0	468
13998	2	0	483	1	0	486
13999	1	0	0	469	0	470
14000	0	0	0	514	0	514
14001	519	0	0	2	0	521
14002	543	0	0	1	0	544
14003	537	1	1	0	0	539
14004	506	0	1	1	0	508
14005	513	1	0	0	0	514
14006	0	482	2	0	0	484
14007	518	0	0	0	0	518
14008	2	0	508	0	0	510
14009	0	0	0	462	0	462
14010	485	0	0	0	0	485
14011	0	450	2	1	0	453
14012	479	0	0	1	0	480
14013	457	0	0	0	0	457
14014	0	0	0	442	0	442
14015	0	0	0	450	0	450
14016	0	489	0	0	0	489
14017	0	0	0	512	0	512
14018	0	0	493	0	0	493
14019	0	0	0	486	0	486
14020	0	0	495	0	0	495
14021	499	0	0	0	0	499
14022	3	0	0	553	0	556
14023	2	0	540	3	0	545
14024	0	505	4	3	0	512
14025	0	535	2	0	0	537
14026	578	3	0	0	0	581
14027	3	2	0	564	0	569
14028	2	0	587	3	0	592
14029	0	502	4	5	0	511
14030	3	3	568	0	0	574
14031	575	2	2	0	0	579
14032	577	0	2	0	0	579
14033	589	0	0	0	0	589
14034	5	0	0	578	0	583
14035	3	0	571	3	0	577
14036	0	549	6	2	0	557
14037	0	2	2	591	0	595
14038	0	3	565	3	0	571
14039	1	0	549	2	0	552
14040	1	0	5	572	0	578
14041	591	0	3	4	0	598
14042	3	0	0	588	0	591
14043	2	0	0	618	0	620
14044	1	1	617	5	0	624
14045	1	1	3	592	0	597
14046	0	0	3	605	0	608
14047	0	2	542	5	0	549
14048	0	1	534	2	0	537
14049	1	0	6	532	0	539
14050	2	0	550	4	0	556
14051	1	0	3	543	0	547
14052	553	1	2	3	0	559
14053	3	578	2	4	0	587
14054	3	2	1	598	0	604
14055	1	2	587	3	0	593
14056	481	0	3	3	0	487
14057	3	539	3	1	0	546
14058	519	3	1	0	0	523
14059	3	3	0	513	0	519
14060	3	0	0	507	0	510
14061	516	0	1	7	0	524
14062	3	0	509	3	0	515
14063	496	0	4	2	0	502
14064	4	0	2	510	0	516
14065	517	0	0	4	0	521
14066	492	0	1	3	0	496
14067	5	0	1	482	0	488
14068	2	479	0	5	0	486
14069	591	3	1	3	0	598
14070	601	2	1	1	0	605
14071	12	0	614	0	0	626
14072	603	1	5	1	0	610
14073	5	0	7	612	0	624
14074	6	609	2	6	0	623
14075	2	5	0	642	0	649
14076	0	626	0	6	0	632
14077	642	5	0	5	0	652
14078	635	5	1	0	0	641
14079	12	0	0	656	0	668
14080	8	1	647	6	0	662
14081	1	1	650	7	0	659
14082	1	0	11	678	0	690
14083	689	0	6	7	0	702
14084	796	0	0	6	0	802
14085	19	807	1	0	0	827
14086	7	14	0	824	0	845
14087	4	7	933	14	0	958
14088	2	6	983	8	0	999
14089	2	0	33	1120	0	1155
14090	1290	0	13	42	0	1345
14091	52	0	5	1347	0	1404
14092	12	0	1297	63	0	1372
14093	1313	1	48	13	0	1375
14094	51	0	11	1309	0	1371
14095	14	1	7	1400	0	1422
14096	10	0	2	1360	0	1372
14097	3	1287	4	64	0	1358
14098	1	49	1331	20	0	1401
14099	1	10	1394	14	0	1419
14100	3	7	64	1322	0	1396
14101	3	3	1333	57	0	1396
14102	1249	2	56	13	0	1320
14103	56	1	16	1285	0	1358
14104	13	0	10	1310	0	1333
14105	10	0	3	1316	0	1329
14106	3	1270	4	75	0	1352
14107	1297	53	2	20	0	1372
14108	55	13	3	1296	0	1367
14109	1318	9	6	60	0	1393
14110	62	1314	5	21	0	1402
14111	1337	52	4	12	0	1405
14112	1330	13	4	5	0	1352
14113	1349	11	4	4	0	1368
14114	74	1245	5	10	0	1334
14115	21	1408	2	8	0	1439
14116	1299	66	1	4	0	1370
14117	58	1325	2	7	0	1392
14118	16	67	1292	7	0	1382
14119	13	1290	53	6	0	1362
14120	5	1393	16	4	0	1418
14121	1306	65	9	2	0	1382
14122	60	21	1287	1	0	1369
14123	17	14	1329	2	0	1362
14124	15	6	61	1306	0	1388
14125	1334	8	22	58	0	1422
14126	56	7	1316	13	0	1392
14127	14	4	57	1317	0	1392
14128	13	4	1239	57	0	1313
14129	7	3	1255	16	0	1281
14130	1176	6	64	12	0	1258
14131	60	5	1243	7	0	1315
14132	17	4	66	1210	0	1297
14133	14	2	22	1209	0	1247
14134	8	1203	13	68	0	1292
14135	10	1267	6	23	0	1306
14136	14	61	7	1253	0	1335
14137	6	24	1220	60	0	1310
14138	4	14	56	1244	0	1318
14139	1	7	23	1306	0	1337
14140	11	4	1230	69	0	1314
14141	6	5	61	1257	0	1329
14142	1251	1	19	76	0	1347
14143	55	2	1230	31	0	1318
14144	1239	7	65	21	0	1332
14145	76	6	18	1231	0	1331
14146	22	6	21	1282	0	1331
14147	16	1236	15	82	0	1349
14148	8	57	10	1291	0	1366
14149	11	19	8	1341	0	1379
14150	1276	17	12	80	0	1385
14151	63	8	11	1299	0	1381
14152	19	3	11	1352	0	1385
14153	1223	10	14	84	0	1331
14154	72	7	7	1278	0	1364
14155	24	6	21	1239	0	1290
14156	23	1225	7	87	0	1342
14157	1232	59	16	43	0	1350
14158	67	23	16	1261	0	1367
14159	30	17	7	1320	0	1374
14160	25	9	1219	87	0	1340
14161	20	6	59	1268	0	1353
14162	2	19	22	1330	0	1373
14163	1230	8	10	88	0	1336
14164	1274	13	15	42	0	1344
14165	84	9	8	1262	0	1363
14166	24	14	1191	76	0	1305
14167	22	1169	62	30	0	1283
14168	26	1248	19	31	0	1324
14169	16	65	18	1169	0	1268
14170	1122	19	12	66	0	1219
14171	60	27	10	1142	0	1239
14172	1133	13	5	78	0	1229
14173	78	12	5	1180	0	1275
14174	31	12	7	1211	0	1261
14175	1161	11	12	81	0	1265
14176	1138	15	12	34	0	1199
14177	77	1126	7	25	0	1235
14178	33	1233	6	18	0	1290
14179	34	71	9	1143	0	1257
14180	13	29	11	1213	0	1266
14181	19	22	1086	70	0	1197
14182	1060	21	59	29	0	1169
14183	59	1118	18	33	0	1228
14184	13	987	16	22	0	1038
14185	959	55	15	11	0	1040
14186	64	12	931	14	0	1021
14187	12	14	818	6	0	850
14188	13	12	777	7	0	809
14189	6	609	27	8	0	650
14190	2	44	30	393	0	469
14191	3	4	3	432	0	442
14192	4	2	2	439	0	447
14193	431	5	0	9	0	445
14194	420	3	1	6	0	430
14195	6	419	1	5	0	431
14196	2	6	3	437	0	448
14197	5	3	417	6	0	431
14198	2	406	6	4	0	418
14199	416	9	2	2	0	429
14200	9	3	407	4	0	423
14201	381	1	9	3	0	394
14202	9	2	405	3	0	419
14203	6	0	8	400	0	414
14204	3	404	6	6	0	419
14205	415	7	1	2	0	425
14206	5	415	1	3	0	424
14207	418	6	1	4	0	429
14208	8	5	0	417	0	430
14209	6	1	366	7	0	380
14210	2	5	5	367	0	379
14211	5	0	2	449	0	456
14212	0	3	459	8	0	470
14213	434	3	10	7	0	454
14214	13	467	5	5	0	490
14215	405	8	2	1	0	416
14216	11	405	2	0	0	418
14217	4	11	1	404	0	420
14218	3	4	384	8	0	399
14219	435	3	10	2	0	450
14220	12	455	2	4	0	473
14221	2	12	1	445	0	460
14222	3	2	1	463	0	469
14223	452	4	0	13	0	469
14224	461	3	0	4	0	468
14225	15	454	0	7	0	476
14226	574	12	2	3	0	591
14227	586	2	0	2	0	590
14228	596	3	1	1	0	601
14229	31	7	576	0	0	614
14230	11	585	19	2	0	617
14231	7	595	6	3	0	611
14232	5	26	5	544	0	580
14233	4	10	3	592	0	609
14234	570	8	1	24	0	603
14235	20	582	1	10	0	613
14236	598	19	0	5	0	622
14237	24	7	2	589	0	622
14238	10	4	2	615	0	631
14239	598	3	3	28	0	632
14240	615	4	3	12	0	634
14241	30	3	576	9	0	618
14242	8	4	18	585	0	615
14243	10	1	556	23	0	590
14244	9	4	559	7	0	579
14245	6	3	563	6	0	578
14246	537	1	31	2	0	571
14247	24	1	14	534	0	573
14248	7	5	8	551	0	571
14249	6	4	4	571	0	585
14250	7	3	533	34	0	577
14251	6	2	20	553	0	581
14252	8	1	6	565	0	580
14253	549	6	6	28	0	589
14254	545	2	4	12	0	563
14255	561	2	3	9	0	575
14256	570	2	0	6	0	578
14257	36	2	4	537	0	579
14258	549	4	0	22	0	575
14259	28	5	1	542	0	576
14260	10	2	518	31	0	561
14261	528	2	20	16	0	566
14262	26	525	6	10	0	567
14263	10	23	8	524	0	565
14264	20	6	4	537	0	567
14265	5	535	2	27	0	569
14266	533	24	1	17	0	575
14267	26	527	3	9	0	565
14268	17	26	529	8	0	580
14269	7	10	550	6	0	573
14270	534	8	24	9	0	575
14271	565	7	14	3	0	589
14272	35	5	540	6	0	586
14273	512	2	25	7	0	546
14274	35	1	496	2	0	534
14275	480	2	25	8	0	515
14276	31	3	461	6	0	501
14277	15	1	494	8	0	518
14278	11	1	27	434	0	473
14279	7	2	11	478	0	498
14280	463	4	7	30	0	504
14281	472	5	3	15	0	495
14282	483	2	3	11	0	499
14283	478	1	3	7	0	489
14284	36	457	1	6	0	500
14285	18	18	2	453	0	491
14286	14	514	4	20	0	552
14287	4	18	4	536	0	562
14288	8	7	5	526	0	546
14289	13	4	0	526	0	543
14290	9	4	484	31	0	528
14291	480	0	19	18	0	517
14292	23	473	14	10	0	520
14293	10	507	9	10	0	536
14294	9	21	486	7	0	523
14295	7	19	25	465	0	516
14296	7	7	13	484	0	511
14297	474	5	10	33	0	522
14298	28	4	2	477	0	511
14299	18	3	4	490	0	515
14300	10	4	4	492	0	510
14301	14	1	4	501	0	520
14302	472	3	6	35	0	516
14303	495	4	1	20	0	520
14304	497	3	8	10	0	518
14305	37	3	5	470	0	515
14306	479	0	9	26	0	514
14307	32	3	3	480	0	518
14308	17	0	5	493	0	515
14309	16	2	461	29	0	508
14310	10	2	474	19	0	505
14311	9	2	398	6	0	415
14312	358	3	21	7	0	389
14313	16	2	11	344	0	373
14314	6	393	6	20	0	425
14315	412	13	6	10	0	441
14316	19	7	396	8	0	430
14317	392	1	14	10	0	417
14318	23	400	9	4	0	436
14319	374	10	4	5	0	393
14320	20	4	1	370	0	395
14321	374	2	2	15	0	393
14322	17	360	2	9	0	388
14323	12	385	3	6	0	406
14324	349	14	0	4	0	367
14325	10	347	4	6	0	367
14326	4	223	1	0	0	228
14327	0	232	1	2	0	235
14328	204	2	38	2	0	246
14329	193	0	0	2	0	195
14330	190	0	0	2	0	192
14331	3	0	0	188	0	191
14332	1	1	0	192	0	194
14333	1	0	185	3	0	189
14334	2	0	1	179	0	182
14335	1	2	187	1	0	191
14336	0	0	1	172	0	173
14337	0	0	0	179	0	179
14338	180	0	0	1	0	181
14339	177	0	0	0	0	177
14340	1	168	0	0	0	169
14341	0	1	0	177	0	178
14342	0	0	174	1	0	175
14343	0	0	1	214	0	215
14344	0	1	0	218	0	219
14345	0	0	0	227	0	227
14346	0	0	225	1	0	226
14347	0	1	197	0	0	198
14348	205	0	1	0	0	206
14349	1	0	0	225	0	226
14350	0	1	226	1	0	228
14351	215	0	1	0	0	216
14352	1	210	0	0	0	211
14353	230	1	0	0	0	231
14354	1	0	220	0	0	221
14355	191	0	0	1	0	192
14356	0	0	0	203	0	203
14357	0	0	217	0	0	217
14358	0	202	0	1	0	203
14359	212	0	0	0	0	212
14360	0	0	0	209	0	209
14361	0	0	0	212	0	212
14362	0	250	0	0	0	250
14363	0	0	0	258	0	258
14364	0	0	249	0	0	249
14365	0	245	1	0	0	246
14366	257	0	0	0	0	257
14367	0	0	0	252	0	252
14368	0	0	0	256	0	256
14369	0	0	251	0	0	251
14370	0	0	0	281	0	281
14371	0	0	294	0	0	294
14372	0	286	1	0	0	287
14373	313	0	0	0	0	313
14374	306	0	0	0	0	306
14375	310	0	0	0	0	310
14376	0	310	0	0	0	310
14377	0	0	0	316	0	316
14378	0	0	0	310	0	310
14379	0	1	0	303	0	304
14380	318	0	0	0	0	318
14381	308	0	0	0	0	308
14382	0	0	0	314	0	314
14383	0	0	320	0	0	320
14384	0	0	0	312	0	312
14385	0	0	0	321	0	321
14386	0	0	0	262	0	262
14387	0	0	0	266	0	266
14388	270	0	0	0	0	270
14389	0	0	0	267	0	267
14390	0	0	0	266	0	266
14391	0	301	0	0	0	301
14392	0	0	0	307	0	307
14393	0	312	0	0	0	312
14394	0	0	0	328	0	328
14395	327	0	0	0	0	327
14396	0	314	0	0	0	314
14397	315	0	0	0	0	315
14398	0	1	323	0	0	324
14399	0	0	1	325	0	326
14400	0	1	377	1	0	379
14401	0	0	1	371	0	372
14402	0	0	0	385	0	385
14403	0	364	0	1	0	365
14404	0	371	0	0	0	371
14405	0	391	0	0	0	391
14406	403	1	0	0	0	404
14407	1	389	0	0	0	390
14408	0	392	0	0	0	392
14409	0	1	0	414	0	415
14410	419	0	0	1	0	420
14411	1	411	0	0	0	412
14412	452	1	0	0	0	453
14413	448	0	0	1	0	449
14414	1	0	418	1	0	420
14415	0	0	1	424	0	425
14416	0	0	0	456	0	456
14417	0	0	0	452	0	452
14418	0	1	0	481	0	482
14419	1	0	462	1	0	464
14420	0	2	403	0	0	405
14421	427	0	1	1	0	429
14422	1	456	0	0	0	457
14423	0	433	0	0	0	433
14424	453	1	0	0	0	454
14425	1	434	0	0	0	435
14426	0	1	0	436	0	437
14427	439	0	0	1	0	440
14428	1	1	459	0	0	461
14429	0	0	0	462	0	462
14430	0	0	457	1	0	458
14431	451	0	1	0	0	452
14432	1	0	470	0	0	471
14433	466	0	1	1	0	468
14434	479	0	1	1	0	481
14435	482	0	0	1	0	483
14436	478	0	0	1	0	479
14437	476	1	0	0	0	477
14438	1	1	0	472	0	474
14439	535	1	0	1	0	537
14440	2	0	0	527	0	529
14441	0	1	0	518	0	519
14442	0	1	0	522	0	523
14443	0	0	484	2	0	486
14444	2	0	1	460	0	463
14445	0	1	0	483	0	484
14446	1	0	475	1	0	477
14447	410	0	2	0	0	412
14448	1	0	1	477	0	479
14449	0	0	480	2	0	482
14450	0	1	470	1	0	472
14451	0	0	0	462	0	462
14452	0	0	519	3	0	522
14453	0	0	2	503	0	505
14454	0	0	1	532	0	533
14455	1	522	1	1	0	525
14456	0	518	0	0	0	518
14457	543	2	0	0	0	545
14458	2	0	0	536	0	538
14459	0	1	0	529	0	530
14460	0	0	0	541	0	541
14461	1	0	582	1	0	584
14462	0	0	2	538	0	540
14463	553	0	0	2	0	555
14464	1	0	583	0	0	584
14465	1	0	1	585	0	587
14466	0	0	1	602	0	603
14467	1	0	0	618	0	619
14468	1	606	0	1	0	608
14469	632	5	0	1	0	638
14470	592	0	0	0	0	592
14471	6	575	0	1	0	582
14472	1	6	0	590	0	597
14473	1	1	579	6	0	587
14474	2	0	535	2	0	539
14475	552	0	8	2	0	562
14476	5	0	1	607	0	613
14477	620	0	1	7	0	628
14478	7	629	0	3	0	639
14479	2	630	0	2	0	634
14480	653	8	1	0	0	662
14481	8	630	0	0	0	638
14482	2	8	1	645	0	656
14483	2	3	1	657	0	663
14484	0	795	1	9	0	805
14485	830	7	1	4	0	842
14486	8	2	817	0	0	827
14487	799	1	6	2	0	808
14488	9	0	869	2	0	880
14489	756	0	9	1	0	766
14490	11	2	880	0	0	893
14491	6	811	12	0	0	829
14492	2	9	4	859	0	874
14493	844	3	2	11	0	860
14494	9	1	827	4	0	841
14495	5	0	835	2	0	842
14496	2	0	12	808	0	822
14497	1	1	843	9	0	854
14498	0	0	10	801	0	811
14499	1	0	3	812	0	816
14500	0	0	783	11	0	794
14501	1	0	9	782	0	792
14502	803	0	4	12	0	819
14503	10	786	4	4	0	804
14504	825	9	1	5	0	840
14505	13	3	1	809	0	826
14506	820	2	4	8	0	834
14507	820	1	1	3	0	825
14508	13	2	1	840	0	856
14509	8	828	1	12	0	849
14510	885	8	2	4	0	899
14511	13	5	840	3	0	861
14512	4	4	816	2	0	826
14513	812	0	10	3	0	825
14514	8	1	13	811	0	833
14515	6	2	788	11	0	807
14516	5	0	9	783	0	797
14517	782	2	5	13	0	802
14518	767	2	6	5	0	780
14519	776	3	4	3	0	786
14520	14	799	1	3	0	817
14521	6	11	3	817	0	837
14522	6	4	0	830	0	840
14523	832	3	1	16	0	852
14524	12	815	1	8	0	836
14525	850	9	1	7	0	867
14526	15	5	3	830	0	853
14527	839	6	3	10	0	858
14528	17	0	790	5	0	812
14529	8	777	10	6	0	801
14530	7	10	9	795	0	821
14531	5	822	5	13	0	845
14532	2	12	2	851	0	867
14533	851	5	2	12	0	870
14534	15	4	824	5	0	848
14535	802	3	11	4	0	820
14536	12	810	11	4	0	837
14537	12	11	4	843	0	870
14538	2	4	6	859	0	871
14539	800	3	5	18	0	826
14540	11	1	767	13	0	792
14541	9	2	12	806	0	829
14542	7	4	4	819	0	834
14543	8	3	4	817	0	832
14544	5	4	4	829	0	842
14545	819	0	3	20	0	842
14546	803	2	1	12	0	818
14547	16	5	811	9	0	841
14548	7	7	770	9	0	793
14549	825	5	10	6	0	846
14550	851	2	8	3	0	864
14551	19	1	8	831	0	859
14552	12	1	5	810	0	828
14553	809	5	2	14	0	830
14554	12	767	1	14	0	794
14555	5	12	4	795	0	816
14556	8	3	3	800	0	814
14557	9	4	762	15	0	790
14558	7	0	11	761	0	779
14559	8	1	777	12	0	798
14560	3	5	13	773	0	794
14561	734	0	6	21	0	761
14562	12	2	3	743	0	760
14563	13	1	717	11	0	742
14564	6	645	11	9	0	671
14565	5	9	7	683	0	704
14566	7	4	652	16	0	679
14567	8	636	11	9	0	664
14568	2	7	2	663	0	674
14569	6	5	643	7	0	661
14570	516	4	5	10	0	535
14571	7	635	3	5	0	650
14572	3	644	4	5	0	656
14573	8	680	2	4	0	694
14574	2	9	3	674	0	688
14575	4	8	719	6	0	737
14576	2	674	10	10	0	696
14577	39	10	7	761	0	817
14578	785	9	6	17	0	817
14579	19	4	2	1140	0	1165
14580	8	2	1445	58	0	1513
14581	10	1488	54	23	0	1575
14582	1479	59	14	20	0	1572
14583	55	1480	15	5	0	1555
14584	18	72	1278	13	0	1381
14585	16	1341	64	5	0	1426
14586	2	124	20	1302	0	1448
14587	11	20	1257	55	0	1343
14588	4	1284	51	19	0	1358
14589	10	60	25	1278	0	1373
14590	4	35	14	1280	0	1333
14591	3	1296	13	79	0	1391
14592	3	70	12	1338	0	1423
14593	2	32	1284	76	0	1394
14594	2	20	1332	24	0	1378
14595	2	11	70	1329	0	1412
14596	1298	15	26	74	0	1413
14597	1343	11	16	39	0	1409
14598	71	12	14	1303	0	1400
14599	26	1308	18	65	0	1417
14600	11	61	15	1335	0	1422
14601	1272	20	15	79	0	1386
14602	65	16	8	1320	0	1409
14603	27	7	7	1377	0	1418
14604	1305	15	5	83	0	1408
14605	59	1276	6	50	0	1391
14606	29	70	5	1298	0	1402
14607	1312	20	2	84	0	1418
14608	71	16	1251	42	0	1380
14609	1284	6	57	33	0	1380
14610	74	17	19	1301	0	1411
14611	1322	9	14	78	0	1423
14612	1355	13	2	34	0	1404
14613	1305	6	12	31	0	1354
14614	103	1269	9	15	0	1396
14615	33	62	1217	21	0	1333
14616	34	1357	59	14	0	1464
14617	1345	72	18	19	0	1454
14618	88	1334	16	11	0	1449
14619	40	78	3	1324	0	1445
14620	1269	21	13	68	0	1371
14621	66	1291	6	25	0	1388
14622	38	66	1221	19	0	1344
14623	24	40	51	1255	0	1370
14624	17	21	1231	76	0	1345
14625	21	1273	70	32	0	1396
14626	18	78	20	1246	0	1362
14627	15	28	24	1297	0	1364
14628	12	27	7	1328	0	1374
14629	12	8	22	1272	0	1314
14630	15	1228	9	91	0	1343
14631	1224	69	17	41	0	1351
14632	65	33	1186	31	0	1315
14633	24	20	63	1241	0	1348
14634	1226	9	25	88	0	1348
14635	68	25	1177	40	0	1310
14636	35	1190	60	36	0	1321
14637	21	78	33	1190	0	1322
14638	17	26	1168	75	0	1286
14639	18	1207	62	36	0	1323
14640	1149	62	33	40	0	1284
14641	68	1189	25	13	0	1295
14642	24	81	16	1155	0	1276
14643	20	34	20	1242	0	1316
14644	1154	30	16	95	0	1295
14645	77	1168	21	40	0	1306
14646	27	90	11	1202	0	1330
14647	1143	36	17	73	0	1269
14648	1161	38	17	45	0	1261
14649	88	1146	11	46	0	1291
14650	1170	79	12	29	0	1290
14651	1225	35	6	32	0	1298
14652	94	36	9	1163	0	1302
14653	49	21	1118	84	0	1272
14654	34	26	59	1172	0	1291
14655	35	15	22	1213	0	1285
14656	32	21	1080	95	0	1228
14657	31	1113	58	53	0	1255
14658	27	66	32	1129	0	1254
14659	12	34	22	1187	0	1255
14660	13	17	20	1204	0	1254
14661	18	11	19	1170	0	1218
14662	22	1115	14	104	0	1255
14663	1121	71	12	57	0	1261
14664	1147	31	8	49	0	1235
14665	1155	21	7	45	0	1228
14666	92	1101	9	46	0	1248
14667	37	72	3	1137	0	1249
14668	34	31	1066	86	0	1217
14669	33	25	66	1089	0	1213
14670	39	1113	18	81	0	1251
14671	1104	72	14	34	0	1224
14672	1128	36	6	35	0	1205
14673	1096	28	17	24	0	1165
14674	91	1049	13	29	0	1182
14675	30	1003	20	19	0	1072
14676	29	1030	13	24	0	1096
14677	24	64	871	21	0	980
14678	31	34	850	7	0	922
14679	26	130	28	380	0	564
14680	129	0	0	0	0	129
14681	123	0	0	0	0	123
14682	0	0	0	124	0	124
14683	0	0	0	126	0	126
14684	0	0	0	128	0	128
14685	0	0	0	131	0	131
14686	124	0	0	0	0	124
14687	121	0	0	0	0	121
14688	0	175	0	0	0	175
14689	173	0	0	1	0	174
14690	173	0	0	0	0	173
14691	169	0	0	0	0	169
14692	0	2	162	0	0	164
14693	160	0	0	0	0	160
14694	0	160	1	0	0	161
14695	0	0	0	183	0	183
14696	0	0	0	186	0	186
14697	0	176	0	2	0	178
14698	0	1	0	190	0	191
14699	189	0	0	2	0	191
14700	2	0	0	185	0	187
14701	0	0	186	2	0	188
14702	175	0	2	0	0	177
14703	2	180	1	0	0	183
14704	0	1	0	189	0	190
14705	2	0	0	189	0	191
14706	2	0	0	191	0	193
14707	1	0	180	2	0	183
14708	0	127	1	1	0	129
14709	1	1	0	144	0	146
14710	0	1	141	2	0	144
14711	1	0	1	124	0	126
14712	1	0	124	2	0	127
14713	0	2	1	120	0	123
14714	1	156	0	1	0	158
14715	2	1	0	168	0	171
14716	116	0	0	2	0	118
14717	117	0	2	0	0	119
14718	3	0	111	0	0	114
14719	0	2	107	0	0	109
14720	0	0	157	2	0	159
14721	0	0	1	154	0	155
14722	1	1	0	165	0	167
14723	1	0	1	235	0	237
14724	0	225	1	1	0	227
14725	0	1	1	234	0	236
14726	0	0	3	246	0	249
14727	1	1	0	251	0	253
14728	249	1	0	3	0	253
14729	245	0	0	3	0	248
14730	1	2	241	1	0	245
14731	0	0	222	3	0	225
14732	244	1	3	1	0	249
14733	251	0	1	2	0	254
14734	3	0	239	3	0	245
14735	3	0	228	2	0	233
14736	239	1	4	1	0	245
14737	250	2	2	2	0	256
14738	3	0	246	3	0	252
14739	2	1	2	242	0	247
14740	1	1	3	241	0	246
14741	3	234	3	1	0	241
14742	3	2	1	249	0	255
14743	2	0	246	3	0	251
14744	3	0	4	241	0	248
14745	3	0	1	250	0	254
14746	2	3	244	5	0	254
14747	226	1	2	5	0	234
14748	242	0	2	4	0	248
14749	5	1	2	247	0	255
14750	4	0	3	253	0	260
14751	252	1	3	2	0	258
14752	240	0	4	2	0	246
14753	246	0	2	5	0	253
14754	249	0	2	3	0	254
14755	5	234	1	5	0	245
14756	245	3	4	1	0	253
14757	2	235	2	5	0	244
14758	3	1	1	249	0	254
14759	4	1	2	247	0	254
14760	5	235	1	3	0	244
14761	5	2	2	251	0	260
14762	2	0	4	245	0	251
14763	2	231	2	4	0	239
14764	6	1	2	250	0	259
14765	5	0	2	247	0	254
14766	2	2	2	247	0	253
14767	2	0	241	9	0	252
14768	2	230	2	3	0	237
14769	5	2	0	236	0	243
14770	4	234	4	2	0	244
14771	246	3	0	6	0	255
14772	4	0	236	7	0	247
14773	3	5	234	1	0	243
14774	239	1	2	5	0	247
14775	2	2	3	250	0	257
14776	1	2	228	7	0	238
14777	2	1	222	7	0	232
14778	1	3	2	234	0	240
14779	238	1	2	4	0	245
14780	228	0	3	2	0	233
14781	2	2	4	234	0	242
14782	3	2	227	5	0	237
14783	3	242	2	4	0	251
14784	3	2	1	258	0	264
14785	3	3	255	4	0	265
14786	4	241	2	6	0	253
14787	4	4	0	258	0	266
14788	221	1	1	6	0	229
14789	3	3	3	212	0	221
14790	2	209	4	5	0	220
14791	216	2	3	5	0	226
14792	5	4	212	2	0	223
14793	3	206	3	6	0	218
14794	2	2	220	4	0	228
14795	192	3	4	2	0	201
14796	3	2	1	195	0	201
14797	2	1	3	207	0	213
14798	204	1	4	4	0	213
14799	2	2	3	198	0	205
14800	1	3	201	3	0	208
14801	189	2	0	2	0	193
14802	0	187	2	5	0	194
14803	2	1	2	207	0	212
14804	201	1	4	2	0	208
14805	1	187	4	5	0	197
14806	6	3	2	235	0	246
14807	237	0	2	5	0	244
14808	3	3	3	236	0	245
14809	2	244	4	4	0	254
14810	5	4	240	4	0	253
14811	5	3	2	253	0	263
14812	5	1	2	256	0	264
14813	260	2	1	6	0	269
14814	2	1	0	212	0	215
14815	217	0	0	2	0	219
14816	213	1	0	2	0	216
14817	2	2	0	210	0	214
14818	0	202	1	3	0	206
14819	0	3	1	212	0	216
14820	157	1	0	4	0	162
14821	2	155	1	1	0	159
14822	1	163	0	0	0	164
14823	185	2	0	2	0	189
14824	188	0	0	2	0	190
14825	5	181	0	2	0	188
14826	167	4	0	0	0	171
14827	170	1	0	0	0	171
14828	3	0	0	169	0	172
14829	0	0	193	4	0	197
14830	0	0	4	196	0	200
14831	1	0	195	4	0	200
14832	1	0	3	195	0	199
14833	0	1	198	4	0	203
14834	201	0	4	0	0	205
14835	5	0	0	202	0	207
14836	198	0	0	5	0	203
14837	4	0	1	198	0	203
14838	0	192	0	5	0	197
14839	203	4	1	0	0	208
14840	5	0	193	1	0	199
14841	190	0	4	0	0	194
14842	5	234	0	0	0	239
14843	241	4	0	1	0	246
14844	248	0	0	0	0	248
14845	4	233	0	2	0	239
14846	0	5	1	243	0	249
14847	243	0	0	5	0	248
14848	4	226	1	2	0	233
14849	1	4	0	245	0	250
14850	246	1	1	4	0	252
14851	7	0	0	240	0	247
14852	0	1	0	240	0	241
14853	2	1	0	247	0	250
14854	2	1	232	6	0	241
14855	2	1	4	236	0	243
14856	242	1	1	4	0	248
14857	3	1	227	3	0	234
14858	2	0	5	237	0	244
14859	1	1	0	245	0	247
14860	1	1	237	5	0	244
14861	220	1	4	1	0	226
14862	237	1	1	2	0	241
14863	5	0	231	2	0	238
14864	2	0	4	224	0	230
14865	1	2	1	237	0	241
14866	2	1	234	6	0	243
14867	1	0	5	265	0	271
14868	1	0	2	280	0	283
14869	2	1	271	8	0	282
14870	254	0	8	1	0	263
14871	7	1	2	343	0	353
14872	341	1	1	11	0	354
14873	349	2	0	3	0	354
14874	12	0	338	2	0	352
14875	2	1	10	332	0	345
14876	337	0	1	16	0	354
14877	12	377	3	2	0	394
14878	5	10	0	397	0	412
14879	1	1	3	401	0	406
14880	4	0	1	402	0	407
14881	3	1	432	13	0	449
14882	391	2	13	6	0	412
14883	15	0	4	419	0	438
14884	4	1	1	429	0	435
14885	1	1	452	24	0	478
14886	1	1	16	452	0	470
14887	4	1	3	480	0	488
14888	460	1	2	18	0	481
14889	17	441	1	4	0	463
14890	6	13	455	2	0	476
14891	454	3	13	4	0	474
14892	13	0	1	474	0	488
14893	9	0	459	14	0	482
14894	0	3	458	8	0	469
14895	2	1	17	454	0	474
14896	5	0	462	14	0	481
14897	16	1	432	5	0	454
14898	2	391	21	6	0	420
14899	3	12	4	451	0	470
14900	3	3	445	17	0	468
14901	2	0	14	442	0	458
14902	480	1	6	16	0	503
14903	13	1	1	469	0	484
14904	4	1	3	493	0	501
14905	475	2	3	17	0	497
14906	438	2	3	9	0	452
14907	19	0	1	442	0	462
14908	3	0	434	16	0	453
14909	2	392	12	8	0	414
14910	3	9	5	423	0	440
14911	423	1	3	15	0	442
14912	417	2	4	7	0	430
14913	15	400	5	4	0	424
14914	3	409	4	4	0	420
14915	425	12	2	8	0	447
14916	426	2	4	3	0	435
14917	13	1	455	5	0	474
14918	9	1	11	432	0	453
14919	7	441	4	10	0	462
14920	457	12	5	5	0	479
14921	14	4	2	447	0	467
14922	6	540	3	15	0	564
14923	0	10	512	5	0	527
14924	2	2	9	495	0	508
14925	2	503	3	20	0	528
14926	528	10	0	7	0	545
14927	528	3	2	3	0	536
14928	13	514	2	3	0	532
14929	500	10	1	2	0	513
14930	486	4	1	3	0	494
14931	13	488	4	1	0	506
14932	2	499	1	5	0	507
14933	1	11	3	498	0	513
14934	516	2	1	13	0	532
14935	10	2	507	6	0	525
14936	474	3	10	1	0	488
14937	12	505	2	2	0	521
14938	522	10	1	5	0	538
14939	526	3	5	0	0	534
14940	539	1	2	3	0	545
14941	13	1	2	512	0	528
14942	5	480	4	7	0	496
14943	502	8	3	4	0	517
14944	11	5	486	3	0	505
14945	4	471	14	4	0	493
14946	3	11	4	491	0	509
14947	1	7	484	13	0	505
14948	3	2	488	4	0	497
14949	1	0	13	480	0	494
14950	5	2	1	493	0	501
14951	3	2	3	497	0	505
14952	4	0	2	490	0	496
14953	4	464	1	14	0	483
14954	5	490	2	3	0	500
14955	490	12	0	5	0	507
14956	10	5	1	492	0	508
14957	6	2	1	490	0	499
14958	3	2	2	527	0	534
14959	568	4	0	14	0	586
14960	574	1	2	3	0	580
14961	16	3	1	563	0	583
14962	570	3	1	13	0	587
14963	578	2	3	4	0	587
14964	574	0	2	4	0	580
14965	13	1	1	561	0	576
14966	4	0	550	13	0	567
14967	2	2	486	4	0	494
14968	2	3	550	2	0	557
14969	5	0	565	1	0	571
14970	2	63	8	497	0	570
14971	508	1	2	3	0	514
14972	500	1	0	4	0	505
14973	5	2	501	1	0	509
14974	4	0	600	1	0	605
14975	2	591	7	0	0	600
14976	1	5	1	891	0	898
14977	853	2	0	6	0	861
14978	7	0	881	3	0	891
14979	853	1	5	1	0	860
14980	5	900	2	1	0	908
14981	0	1	0	877	0	878
14982	0	0	0	878	0	878
14983	0	0	0	868	0	868
14984	880	0	0	1	0	881
14985	1	0	0	837	0	838
14986	0	0	0	836	0	836
14987	835	0	0	1	0	836
14988	1	0	0	824	0	825
14989	0	0	871	1	0	872
14990	851	0	1	0	0	852
14991	1	0	0	881	0	882
14992	0	0	0	872	0	872
14993	0	900	1	1	0	902
14994	929	1	0	0	0	930
14995	926	0	0	0	0	926
14996	1	0	0	913	0	914
14997	1	0	920	1	0	922
14998	841	0	1	0	0	842
14999	1	0	915	0	0	916
15000	0	0	1	893	0	894
15001	0	0	0	917	0	917
15002	904	0	0	1	0	905
15003	1	0	0	1110	0	1111
15004	0	0	1170	1	0	1171
15005	1099	0	2	0	0	1101
15006	1	0	1216	4	0	1221
15007	1	1	1177	0	0	1179
15008	1254	0	6	0	0	1260
15009	3	1	3	1271	0	1278
15010	2	1259	1	4	0	1266
15011	1312	3	0	1	0	1316
15012	1285	2	1	0	0	1288
15013	7	2	1296	0	0	1305
15014	1280	0	4	0	0	1284
15015	5	0	2	1286	0	1293
15016	2	2	1363	4	0	1371
15017	2	1376	3	2	0	1383
15018	1415	4	2	2	0	1423
15019	3	1541	2	0	0	1546
15020	3	5	0	1590	0	1598
15021	1	2	0	1586	0	1589
15022	0	1	1	1544	0	1546
15023	0	1	0	1466	0	1467
15024	1	1447	1	8	0	1457
15025	0	6	1438	3	0	1447
15026	0	1436	4	3	0	1443
15027	1497	5	2	1	0	1505
15028	5	2	1	1492	0	1500
15029	1501	1	0	5	0	1507
15030	5	1	0	1577	0	1583
15031	1600	0	1	5	0	1606
15032	5	1533	1	2	0	1541
15033	1674	4	0	1	0	1679
15034	1640	2	0	1	0	1643
15035	1617	1	0	0	0	1618
15036	1646	0	0	1	0	1647
15037	6	1574	1	1	0	1582
15038	3	6	1654	0	0	1663
15039	2	2	3	1673	0	1680
15040	1710	1	2	4	0	1717
15041	1705	0	1	2	0	1708
15042	7	0	0	1684	0	1691
15043	3	1	1689	4	0	1697
15044	1	1	5	1655	0	1662
15045	0	1678	2	6	0	1686
15046	1724	4	1	2	0	1731
15047	5	2	0	1706	0	1713
15048	2	1587	1	6	0	1596
15049	1	1677	2	3	0	1683
15050	0	1836	0	1	0	1837
15051	0	6	0	1860	0	1866
15052	1878	3	0	3	0	1884
15053	4	1818	0	4	0	1826
15054	3	5	0	1881	0	1889
15055	1880	3	1	5	0	1889
15056	4	1	0	1866	0	1871
15057	1885	0	0	6	0	1891
15058	1834	0	0	4	0	1838
15059	7	1734	0	4	0	1745
15060	5	5	0	1775	0	1785
15061	2	1747	3	5	0	1757
15062	1794	5	0	3	0	1802
15063	1762	3	0	0	0	1765
15064	1828	1	0	0	0	1829
15065	8	2	0	1822	0	1832
15066	3	0	1810	6	0	1819
15067	1776	1	5	3	0	1785
15068	1792	0	2	1	0	1795
15069	8	0	1	1777	0	1786
15070	5	1734	2	3	0	1744
15071	1	5	0	1809	0	1815
15072	0	3	1	1807	0	1811
15073	1886	2	0	7	0	1895
15074	1732	0	0	5	0	1737
15075	7	0	1832	4	0	1843
15076	4	2	3	1549	0	1558
15077	1662	1	3	4	0	1670
15078	3	1	1	1629	0	1634
15079	5	1	1621	6	0	1633
15080	3	1461	8	4	0	1476
15081	0	1578	4	1	0	1583
15082	1812	7	0	2	0	1821
15083	14	4	0	1905	0	1923
15084	8	1	0	2140	0	2149
15085	2116	0	1	36	0	2153
15086	31	3	2060	12	0	2106
15087	11	2	25	2082	0	2120
15088	32	2	2020	36	0	2090
15089	4	1967	28	13	0	2012
15090	2250	24	14	2	0	2290
15091	2277	12	1	6	0	2296
15092	2302	1	4	2	0	2309
15093	41	5	2152	2	0	2200
15094	2292	1	30	2	0	2325
15095	2372	1	12	2	0	2387
15096	50	2	1	2275	0	2328
15097	2327	1	8	30	0	2366
15098	31	1	2313	12	0	2357
15099	2213	2	27	3	0	2245
15100	32	6	2272	5	0	2315
15101	20	2229	30	2	0	2281
15102	4	82	16	2044	0	2146
15103	8	2115	3	26	0	2152
15104	5	36	1974	7	0	2022
15105	5	2066	24	3	0	2098
15106	1980	25	9	5	0	2019
15107	26	1970	6	1	0	2003
15108	13	1926	9	2	0	1950
15109	2	36	1984	0	0	2022
15110	8	9	27	1977	0	2021
15111	2021	4	9	29	0	2063
15112	26	9	1962	14	0	2011
15113	12	1929	30	2	0	1973
15114	1	26	10	1947	0	1984
15115	11	10	1982	27	0	2030
15116	3	5	1930	9	0	1947
15117	4	8	33	1928	0	1973
15118	4	1	1878	33	0	1916
15119	4	6	27	1577	0	1614
15120	4	1720	19	23	0	1766
15121	3	28	3	1725	0	1759
15122	4	1706	7	21	0	1738
15123	2	27	1	1762	0	1792
15124	1694	17	1	29	0	1741
15125	28	4	2	1718	0	1752
15126	14	1672	7	26	0	1719
15127	7	27	3	1777	0	1814
15128	9	12	1710	28	0	1759
15129	2	6	28	1749	0	1785
15130	1673	7	9	34	0	1723
15131	30	6	1600	14	0	1650
15132	15	1	33	1660	0	1709
15133	1604	2	10	32	0	1648
15134	39	1559	6	14	0	1618
15135	26	31	6	1576	0	1639
15136	1616	12	8	36	0	1672
15137	40	4	6	1627	0	1677
15138	20	9	1474	32	0	1535
15139	1483	5	34	19	0	1541
15140	40	1490	20	9	0	1559
15141	18	1485	7	11	0	1521
15142	1559	42	8	6	0	1615
15143	1566	22	8	13	0	1609
15144	44	16	8	1525	0	1593
15145	1582	14	12	35	0	1643
15146	41	12	1540	20	0	1613
15147	1593	9	33	6	0	1641
15148	34	1621	13	15	0	1683
15149	1689	33	9	11	0	1742
15150	39	18	1487	8	0	1552
15151	28	17	40	1531	0	1616
15152	17	10	26	1555	0	1608
15153	19	12	14	1392	0	1437
15154	15	1538	17	36	0	1606
15155	1589	34	12	24	0	1659
15156	45	15	19	1389	0	1468
15157	24	1381	19	41	0	1465
15158	1635	37	14	19	0	1705
15159	1646	17	17	17	0	1697
15160	1666	13	11	18	0	1708
15161	1657	18	12	17	0	1704
15162	1629	19	10	17	0	1675
15163	50	17	15	1620	0	1702
15164	42	13	14	1595	0	1664
15165	1554	13	13	56	0	1636
15166	41	22	15	1554	0	1632
15167	23	16	20	1573	0	1632
15168	14	18	1418	57	0	1507
15169	1514	18	36	27	0	1595
15170	1579	23	25	21	0	1648
15171	1591	17	18	20	0	1646
15172	44	23	17	1400	0	1484
15173	23	1427	20	45	0	1515
15174	1767	40	30	21	0	1858
15175	1626	30	17	31	0	1704
15176	63	19	13	1678	0	1773
15177	1631	20	13	61	0	1725
15178	64	44	1238	40	0	1386
15179	35	1684	55	28	0	1802
15180	24	1744	20	31	0	1819
15181	71	71	1592	20	0	1754
15182	19	1494	45	17	0	1575
15183	23	1396	19	20	0	1458
15184	1158	39	11	19	0	1227
15185	34	1163	16	21	0	1234
15186	25	30	14	1177	0	1246
15187	1185	18	13	43	0	1259
15188	40	13	1134	24	0	1211
15189	1118	17	26	16	0	1177
15190	36	9	1066	17	0	1128
15191	24	8	1119	19	0	1170
15192	1056	7	35	18	0	1116
15193	31	2	1076	25	0	1134
15194	18	928	27	5	0	978
15195	7	25	14	960	0	1006
15196	965	14	5	24	0	1008
15197	28	899	3	14	0	944
15198	18	26	2	923	0	969
15199	17	10	900	28	0	955
15200	12	4	22	928	0	966
15201	920	4	12	31	0	967
15202	30	1	905	14	0	950
15203	18	5	24	910	0	957
15204	956	9	12	25	0	1002
15205	975	3	7	13	0	998
15206	39	4	4	949	0	996
15207	20	5	1	975	0	1001
15208	12	2	977	38	0	1029
15209	6	3	970	15	0	994
15210	964	0	30	9	0	1003
15211	1004	1	14	2	0	1021
15212	32	973	5	0	0	1010
15213	1011	20	1	4	0	1036
15214	1082	10	2	3	0	1097
15215	36	5	1096	5	0	1142
15216	18	1106	26	3	0	1153
15217	1151	25	13	0	0	1189
15218	1163	13	3	1	0	1180
15219	1186	5	2	1	0	1194
15220	46	2	0	1133	0	1181
15221	18	2	0	1150	0	1170
15222	6	1111	2	42	0	1161
15223	4	27	3	1168	0	1202
15224	1136	11	0	38	0	1185
15225	34	4	0	1151	0	1189
15226	14	2	1134	36	0	1186
15227	5	1	1132	17	0	1155
15228	5	2	40	1137	0	1184
15229	3	3	1143	33	0	1182
15230	2	1	1182	15	0	1200
15231	1	1	42	1110	0	1154
15232	1	1	18	1180	0	1200
15233	1	1	1163	41	0	1206
15234	5	1	1152	16	0	1174
15235	2	1178	44	7	0	1231
15236	1201	31	16	5	0	1253
15237	32	1236	7	3	0	1278
15238	1262	32	3	4	0	1301
15239	1312	13	2	2	0	1329
15240	44	1296	3	4	0	1347
15241	1338	36	3	1	0	1378
15242	42	15	2	1317	0	1376
15243	20	7	1306	32	0	1365
15244	7	6	33	1296	0	1342
15245	6	3	14	1366	0	1389
15246	1265	5	6	47	0	1323
15247	1279	3	4	23	0	1309
15248	1251	3	4	9	0	1267
15249	1249	1	6	7	0	1263
15250	1268	2	4	6	0	1280
15251	55	1196	2	4	0	1257
15252	26	36	4	1248	0	1314
15253	11	16	1219	37	0	1283
15254	7	5	39	1231	0	1282
15255	9	30	18	1226	0	1283
15256	5	2	7	1296	0	1310
15257	1335	5	4	58	0	1402
15258	47	1	8	1382	0	1438
15259	1408	8	5	51	0	1472
15260	64	2	1434	23	0	1523
15261	32	3	46	1735	0	1816
15262	15	4	1769	64	0	1852
15263	1777	1	63	32	0	1873
15264	62	3	25	1791	0	1881
15265	29	5	1809	66	0	1909
15266	11	3	67	1871	0	1952
15267	1855	1	27	71	0	1954
15268	65	1	1783	41	0	1890
15269	1841	2	66	13	0	1922
15270	1926	2	31	20	0	1979
15271	1897	1	19	16	0	1933
15272	1865	1	18	12	0	1896
15273	99	1817	10	11	0	1937
15274	27	1509	17	11	0	1564
15275	21	1558	11	15	0	1605
15276	20	106	12	1413	0	1551
15277	17	1462	12	40	0	1531
15278	1444	44	5	19	0	1512
15279	52	1396	5	9	0	1462
15280	23	1441	9	9	0	1482
15281	27	58	5	1433	0	1523
15282	22	22	5	1483	0	1532
15283	1422	23	5	55	0	1505
15284	53	14	4	1452	0	1523
15285	18	17	1401	59	0	1495
15286	10	22	1390	28	0	1450
15287	14	8	1434	25	0	1481
15288	17	6	48	1384	0	1455
15289	29	9	24	1512	0	1574
15290	26	8	1418	63	0	1515
15291	21	10	1368	29	0	1428
15292	19	12	1399	18	0	1448
15293	1381	6	64	21	0	1472
15294	44	11	27	1403	0	1485
15295	20	7	19	1450	0	1496
15296	1394	6	25	62	0	1487
15297	49	8	21	1382	0	1460
15298	21	1345	19	58	0	1443
15299	17	1410	8	36	0	1471
15300	17	51	10	1413	0	1491
15301	1383	19	11	69	0	1482
15302	1438	10	17	24	0	1489
15303	1443	10	16	27	0	1496
15304	63	12	17	1377	0	1469
15305	43	10	1346	49	0	1448
15306	24	6	47	1394	0	1471
15307	20	9	1334	62	0	1425
15308	1295	11	56	35	0	1397
15309	59	7	26	1265	0	1357
15310	1258	12	25	58	0	1353
15311	60	2	1243	35	0	1340
15312	1225	2	55	27	0	1309
15313	75	1	1309	23	0	1408
15314	48	1186	42	22	0	1298
15315	20	1225	24	28	0	1297
15316	1188	45	14	19	0	1266
15317	44	19	17	1137	0	1217
15318	32	12	1097	43	0	1184
15319	23	1099	36	21	0	1179
15320	27	1158	19	16	0	1220
15321	19	49	10	1148	0	1226
15322	1175	21	13	36	0	1245
15323	1186	16	11	28	0	1241
15324	49	1173	13	29	0	1264
15325	1176	52	17	19	0	1264
15326	57	25	8	1180	0	1270
15327	25	17	1150	56	0	1248
15328	32	1146	47	25	0	1250
15329	25	40	28	1162	0	1255
15330	15	23	18	1187	0	1243
15331	1157	14	19	57	0	1247
15332	55	12	1156	31	0	1254
15333	1183	11	46	18	0	1258
15334	1212	16	22	19	0	1269
15335	66	12	14	1150	0	1242
15336	30	11	18	1190	0	1249
15337	1131	17	15	57	0	1220
15338	52	17	19	1140	0	1228
15339	25	16	1044	59	0	1144
15340	24	19	1026	28	0	1097
15341	24	1003	48	25	0	1100
15342	19	1064	23	26	0	1132
15343	37	48	13	950	0	1048
15344	18	1042	13	44	0	1117
15345	965	41	13	23	0	1042
15346	46	999	11	29	0	1085
15347	20	37	13	1015	0	1085
15348	13	24	10	1050	0	1097
15349	16	16	977	52	0	1061
15350	8	14	36	927	0	985
15351	19	5	22	929	0	975
15352	20	934	16	44	0	1014
15353	14	67	17	919	0	1017
15354	18	14	7	1016	0	1055
15355	14	10	955	54	0	1033
15356	12	962	37	35	0	1046
15357	10	72	21	818	0	921
15358	14	835	9	35	0	893
15359	5	29	779	27	0	840
15360	7	725	27	20	0	779
15361	475	15	4	0	0	494
15362	416	2	2	1	0	421
15363	416	2	0	1	0	419
15364	11	406	0	1	0	418
15365	369	8	0	1	0	378
15366	11	2	0	362	0	375
15367	360	2	1	10	0	373
15368	9	352	1	4	0	366
15369	326	8	3	2	0	339
15370	336	2	0	1	0	339
15371	9	325	0	3	0	337
15372	3	7	325	1	0	336
15373	2	2	9	332	0	345
15374	2	1	327	11	0	341
15375	0	0	12	360	0	372
15376	0	2	1	414	0	417
15377	0	1	444	13	0	458
15378	0	1	14	484	0	499
15379	485	0	2	19	0	506
15380	15	2	481	4	0	502
15381	4	475	14	2	0	495
15382	3	16	2	468	0	489
15383	1	3	3	496	0	503
15384	1	3	468	18	0	490
15385	3	1	14	447	0	465
15386	0	471	3	19	0	493
15387	466	15	1	2	0	484
15388	15	481	2	5	0	503
15389	411	18	2	0	0	431
15390	17	412	0	1	0	430
15391	4	446	0	4	0	454
15392	1	21	418	1	0	441
15393	2	4	18	429	0	453
15394	1	2	3	444	0	450
15395	2	0	1	455	0	458
15396	2	432	1	23	0	458
15397	1	20	0	445	0	466
15398	441	3	0	23	0	467
15399	21	2	0	447	0	470
15400	440	2	1	25	0	468
15401	21	1	428	5	0	455
15402	507	0	20	7	0	534
15403	21	2	4	504	0	531
15404	3	2	5	561	0	571
15405	544	3	1	27	0	575
15406	22	2	522	7	0	553
15407	4	528	20	6	0	558
15408	3	22	5	540	0	570
15409	549	3	2	23	0	577
15410	560	5	1	6	0	572
15411	26	1	2	548	0	577
15412	4	3	531	24	0	562
15413	452	2	21	6	0	481
15414	21	2	446	4	0	473
15415	3	3	21	451	0	478
15416	4	1	450	21	0	476
15417	3	1	20	451	0	475
15418	2	3	429	25	0	459
15419	1	441	22	11	0	475
15420	4	25	4	384	0	417
15421	3	441	2	20	0	466
15422	417	18	2	4	0	441
15423	424	6	1	6	0	437
15424	25	0	407	2	0	434
15425	5	3	20	411	0	439
15426	416	1	2	20	0	439
15427	17	1	3	415	0	436
15428	4	1	2	433	0	440
15429	5	1	408	22	0	436
15430	397	1	20	7	0	425
15431	18	6	422	3	0	449
15432	5	1	17	393	0	416
15433	8	0	386	17	0	411
15434	393	1	15	6	0	415
15435	406	0	5	9	0	420
15436	406	1	5	6	0	418
15437	27	0	3	394	0	424
15438	7	0	392	18	0	417
15439	1	2	390	10	0	403
15440	4	0	23	361	0	388
15441	2	387	5	19	0	413
15442	394	16	7	5	0	422
15443	17	6	3	400	0	426
15444	6	1	390	21	0	418
15445	6	5	16	400	0	427
15446	6	4	428	19	0	457
15447	6	1	16	434	0	457
15448	2	3	439	20	0	464
15449	4	4	431	9	0	448
15450	8	416	19	3	0	446
15451	4	18	459	10	0	491
15452	1	4	469	10	0	484
15453	6	1	18	365	0	390
15454	5	4	8	381	0	398
15455	3	422	5	18	0	448
15456	415	14	4	9	0	442
15457	15	409	5	9	0	438
15458	11	14	2	392	0	419
15459	389	4	5	16	0	414
15460	20	1	4	397	0	422
15461	391	4	2	19	0	416
15462	17	0	6	399	0	422
15463	7	2	384	15	0	408
15464	3	0	17	401	0	421
15465	5	7	5	402	0	419
15466	397	1	4	20	0	422
15467	401	2	4	9	0	416
15468	389	1	6	9	0	405
15469	15	374	4	11	0	404
15470	8	393	4	5	0	410
15471	391	13	7	8	0	419
15472	15	5	381	7	0	408
15473	5	2	415	9	0	431
15474	9	44	16	366	0	435
15475	4	0	369	18	0	391
15476	6	2	334	6	0	348
15477	288	0	11	7	0	306
15478	248	0	3	5	0	256
15479	7	248	4	4	0	263
15480	1	256	4	6	0	267
15481	2	11	6	190	0	209
15482	6	253	1	7	0	267
15483	301	6	4	2	0	313
15484	8	4	4	269	0	285
15485	4	288	1	12	0	305
15486	298	7	5	3	0	313
15487	10	0	297	3	0	310
15488	3	2	294	4	0	303
15489	296	2	7	4	0	309
15490	8	4	275	4	0	291
15491	227	1	4	2	0	234
15492	4	2	2	268	0	276
15493	2	2	269	3	0	276
15494	1	259	4	4	0	268
15495	4	266	2	2	0	274
15496	267	1	4	5	0	277
15497	3	267	3	2	0	275
15498	270	1	4	2	0	277
15499	268	1	4	1	0	274
15500	2	263	6	2	0	273
15501	4	1	4	268	0	277
15502	0	0	193	0	0	193
15503	0	191	0	0	0	191
15504	0	0	1	171	0	172
15505	0	0	1	170	0	171
15506	171	0	0	1	0	172
15507	0	0	1	169	0	170
15508	0	2	171	0	0	173
15509	0	167	0	0	0	167
15510	0	1	1	171	0	173
15511	172	0	0	1	0	173
15512	170	0	0	1	0	171
15513	0	0	0	172	0	172
15514	173	1	2	0	0	176
15515	1	0	168	3	0	172
15516	0	1	3	167	0	171
15517	0	0	172	2	0	174
15518	1	1	0	202	0	204
15519	1	0	2	230	0	233
15520	1	0	2	229	0	232
15521	1	0	0	237	0	238
15522	0	1	1	235	0	237
15523	259	2	0	7	0	268
15524	264	0	0	3	0	267
15525	7	248	2	1	0	258
15526	258	5	0	2	0	265
15527	8	1	0	257	0	266
15528	1	1	1	263	0	266
15529	3	1	1	249	0	254
15530	3	0	250	8	0	261
15531	1	1	6	223	0	231
15532	1	231	1	6	0	239
15533	238	6	0	5	0	249
15534	242	0	0	2	0	244
15535	8	2	234	1	0	245
15536	4	243	5	0	0	252
15537	1	6	1	252	0	260
15538	0	4	280	4	0	288
15539	4	1	5	262	0	272
15540	1	279	4	5	0	289
15541	282	6	4	2	0	294
15542	7	283	0	3	0	293
15543	1	6	287	3	0	297
15544	1	3	321	0	0	325
15545	4	313	4	2	0	323
15546	0	289	0	0	0	289
15547	291	6	0	0	0	297
15548	292	2	0	1	0	295
15549	6	0	1	281	0	288
15550	1	0	310	8	0	319
15551	1	0	6	269	0	276
15552	0	1	1	286	0	288
15553	288	1	0	8	0	297
15554	272	0	0	3	0	275
15555	10	0	0	290	0	300
15556	2	0	285	7	0	294
15557	0	313	6	1	0	320
15558	321	10	1	2	0	334
15559	10	358	1	2	0	371
15560	4	13	0	363	0	380
15561	0	4	0	375	0	379
15562	2	1	3	375	0	381
15563	0	2	0	383	0	385
15564	370	2	1	18	0	391
15565	15	1	0	367	0	383
15566	6	356	1	15	0	378
15567	1	14	1	365	0	381
15568	361	6	0	15	0	382
15569	13	352	0	5	0	370
15570	4	13	2	366	0	385
15571	1	4	360	16	0	381
15572	343	4	14	5	0	366
15573	14	0	4	343	0	361
15574	6	1	340	13	0	360
15575	2	1	340	3	0	346
15576	0	0	17	339	0	356
15577	378	1	8	13	0	400
15578	384	2	1	4	0	391
15579	20	367	0	2	0	389
15580	387	14	1	0	0	402
15581	381	3	0	3	0	387
15582	387	1	1	2	0	391
15583	351	0	0	4	0	355
15584	18	0	0	331	0	349
15585	7	1	0	338	0	346
15586	4	0	327	18	0	349
15587	3	303	12	7	0	325
15588	2	322	4	3	0	331
15589	1	17	322	1	0	341
15590	306	6	12	2	0	326
15591	12	3	3	330	0	348
15592	339	0	3	15	0	357
15593	336	1	0	7	0	344
15594	17	2	325	4	0	348
15595	6	0	15	321	0	342
15596	335	1	5	14	0	355
15597	14	0	1	336	0	351
15598	7	2	325	13	0	347
15599	3	0	14	313	0	330
15600	3	406	5	13	0	427
15601	1	436	2	7	0	446
15602	3	14	421	3	0	441
15603	2	414	13	1	0	430
15604	429	15	6	0	0	450
15605	436	5	1	4	0	446
15606	14	3	1	416	0	434
15607	4	1	4	430	0	439
15608	1	2	2	444	0	449
15609	432	4	0	16	0	452
15610	16	419	2	5	0	442
15611	436	16	0	1	0	453
15612	446	4	1	2	0	453
15613	20	416	0	2	0	438
15614	517	14	1	1	0	533
15615	15	498	1	0	0	514
15616	511	14	0	4	0	529
15617	18	5	523	2	0	548
15618	433	26	9	4	0	472
15619	8	467	4	1	0	480
15620	2	9	1	473	0	485
15621	1	5	0	529	0	535
15622	1	1	0	575	0	577
15623	565	0	0	18	0	583
15624	10	1	0	562	0	573
15625	5	0	545	13	0	563
15626	533	2	7	7	0	549
15627	8	1	551	4	0	564
15628	6	2	8	538	0	554
15629	2	3	555	10	0	570
15630	2	1	8	551	0	562
15631	0	539	6	10	0	555
15632	1	8	2	557	0	568
15633	1	541	2	9	0	553
15634	2	9	1	565	0	577
15635	558	3	1	10	0	572
15636	8	1	1	618	0	628
15637	622	1	2	10	0	635
15638	13	0	540	6	0	559
15639	567	2	8	1	0	578
15640	595	1	4	0	0	600
15641	582	2	1	0	0	585
15642	17	0	0	565	0	582
15643	591	0	0	10	0	601
15644	13	0	504	6	0	523
15645	519	1	8	4	0	532
15646	10	2	524	3	0	539
15647	511	2	10	2	0	525
15648	10	3	4	531	0	548
15649	4	3	559	9	0	575
15650	4	2	8	522	0	536
15651	2	0	6	538	0	546
15652	4	0	535	13	0	552
15653	442	0	7	8	0	457
15654	12	542	6	1	0	561
15655	574	7	2	3	0	586
15656	10	598	1	2	0	611
15657	587	3	0	3	0	593
15658	6	3	568	1	0	578
15659	498	1	0	0	0	499
15660	0	510	2	0	0	512
15661	0	0	1	541	0	542
15662	0	1	0	529	0	530
15663	0	0	0	531	0	531
15664	1	0	540	1	0	542
15665	0	0	0	510	0	510
15666	0	0	549	0	0	549
15667	516	1	0	1	0	518
15668	539	1	1	0	0	541
15669	1	0	0	540	0	541
15670	1	0	544	0	0	545
15671	479	0	0	1	0	480
15672	0	0	621	0	0	621
15673	1	1	0	612	0	614
15674	0	0	1	637	0	638
15675	0	0	0	682	0	682
15676	0	0	0	699	0	699
15677	657	0	0	4	0	661
15678	3	665	1	3	0	672
15679	1	4	667	1	0	673
15680	1	661	4	0	0	666
15681	694	3	1	0	0	698
15682	4	2	1	693	0	700
15683	698	1	0	3	0	702
15684	4	0	0	691	0	695
15685	1	0	0	693	0	694
15686	1	0	0	703	0	704
15687	0	0	683	5	0	688
15688	0	641	4	3	0	648
15689	2	4	684	1	0	691
15690	0	1	4	687	0	692
15691	698	1	2	3	0	704
15692	680	0	1	3	0	684
15693	678	0	0	3	0	681
15694	5	669	1	1	0	676
15695	701	4	0	1	0	706
15696	5	1	0	684	0	690
15697	1	3	0	690	0	694
15698	2	0	1	691	0	694
15699	0	688	0	6	0	694
15700	2	3	0	601	0	606
15701	0	587	0	6	0	593
15702	605	4	1	2	0	612
15703	596	1	0	4	0	601
15704	4	1	1	601	0	607
15705	2	1	582	5	0	590
15706	624	0	5	2	0	631
15707	4	0	0	680	0	684
15708	2	1	664	3	0	670
15709	606	0	4	3	0	613
15710	4	1	1	684	0	690
15711	680	1	1	3	0	685
15712	6	651	0	1	0	658
15713	2	3	0	683	0	688
15714	2	615	0	5	0	622
15715	0	4	0	660	0	664
15716	0	649	0	7	0	656
15717	1	4	1	661	0	667
15718	0	4	635	3	0	642
15719	461	3	6	2	0	472
15720	4	621	2	4	0	631
15721	4	3	574	1	0	582
15722	536	0	6	0	0	542
15723	6	1	0	563	0	570
15724	1	1	591	5	0	598
15725	4	597	7	4	0	612
15726	1	4	2	647	0	654
15727	2	0	692	6	0	700
15728	2	2	4	696	0	704
15729	1	2	1	718	0	722
15730	1	0	709	6	0	716
15731	2	3	3	705	0	713
15732	2	2	701	8	0	713
15733	2	2	5	691	0	700
15734	0	3	708	8	0	719
15735	2	1	5	709	0	717
15736	2	1	1	656	0	660
15737	3	2	1	655	0	661
15738	2	632	2	6	0	642
15739	665	2	1	3	0	671
15740	646	1	1	6	0	654
15741	6	2	0	655	0	663
15742	651	2	0	7	0	660
15743	6	0	635	3	0	644
15744	1	648	6	4	0	659
15745	678	4	2	3	0	687
15746	5	655	3	3	0	666
15747	2	4	2	688	0	696
15748	2	2	2	684	0	690
15749	652	1	3	3	0	659
15750	4	2	0	649	0	655
15751	3	1	638	5	0	647
15752	4	617	3	4	0	628
15753	646	4	1	6	0	657
15754	3	1	2	608	0	614
15755	1	604	0	6	0	611
15756	2	5	0	600	0	607
15757	1	599	2	8	0	610
15758	611	3	1	4	0	619
15759	605	1	1	3	0	610
15760	7	2	596	4	0	609
15761	2	2	587	3	0	594
15762	5	0	6	599	0	610
15763	3	577	1	6	0	587
15764	1	2	4	613	0	620
15765	610	1	2	6	0	619
15766	7	2	582	3	0	594
15767	0	0	4	582	0	586
15768	3	1	588	4	0	596
15769	2	2	566	3	0	573
15770	2	575	6	6	0	589
15771	1	44	1	570	0	616
15772	523	3	2	1	0	529
15773	2	2	502	2	0	508
15774	0	482	3	2	0	487
15775	464	0	0	0	0	464
15776	0	1	0	462	0	463
15777	466	0	0	0	0	466
15778	445	0	0	0	0	445
15779	485	0	0	1	0	486
15780	0	0	487	0	0	487
15781	462	0	0	0	0	462
15782	491	0	0	0	0	491
15783	0	486	0	0	0	486
15784	0	0	0	510	0	510
15785	0	0	0	507	0	507
15786	0	0	0	504	0	504
15787	510	0	0	0	0	510
15788	494	0	0	0	0	494
15789	0	1	498	0	0	499
15790	0	0	0	498	0	498
15791	1	477	1	0	0	479
15792	507	0	0	0	0	507
15793	1	1	489	0	0	491
15794	0	0	0	485	0	485
15795	0	0	0	497	0	497
15796	0	491	0	0	0	491
15797	0	0	0	541	0	541
15798	0	0	0	513	0	513
15799	0	0	1	525	0	526
15800	527	0	0	0	0	527
15801	0	0	0	533	0	533
15802	0	0	0	534	0	534
15803	545	0	0	1	0	546
15804	0	1	0	575	0	576
15805	0	651	1	1	0	653
15806	630	5	0	0	0	635
15807	601	3	0	0	0	604
15808	639	0	0	0	0	639
15809	871	0	0	0	0	871
15810	23	957	1	0	0	981
15811	1203	22	0	0	0	1225
15812	1240	6	0	0	0	1246
15813	38	5	0	1210	0	1253
15814	12	2	1261	32	0	1307
15815	7	0	28	1270	0	1305
15816	6	1	5	1305	0	1317
15817	3	1	6	1279	0	1289
15818	2	2	2	1283	0	1289
15819	2	0	0	1311	0	1313
15820	1263	0	0	45	0	1308
15821	33	0	1	1279	0	1313
15822	10	5	1252	42	0	1309
15823	11	0	31	1249	0	1291
15824	5	1199	9	42	0	1255
15825	2	28	8	1224	0	1262
15826	2	7	1189	40	0	1238
15827	1044	8	32	19	0	1103
15828	1121	3	10	15	0	1149
15829	43	3	1138	11	0	1195
15830	15	1154	31	8	0	1208
15831	1198	31	9	8	0	1246
15832	1225	10	5	3	0	1243
15833	1208	6	6	8	0	1228
15834	1276	4	5	5	0	1290
15835	55	2	1	1244	0	1302
15836	21	7	1241	42	0	1311
15837	16	2	39	1269	0	1326
15838	11	4	11	1312	0	1338
15839	14	5	1240	51	0	1310
15840	12	5	1258	18	0	1293
15841	1243	7	47	14	0	1311
15842	52	1251	16	10	0	1329
15843	22	43	12	1273	0	1350
15844	16	9	1233	54	0	1312
15845	1201	6	45	25	0	1277
15846	47	4	1227	30	0	1308
15847	1202	2	53	23	0	1280
15848	49	1222	20	23	0	1314
15849	21	40	10	1265	0	1336
15850	13	12	1205	56	0	1286
15851	1182	9	46	24	0	1261
15852	44	1224	18	21	0	1307
15853	19	1321	14	14	0	1368
15854	13	58	12	1292	0	1375
15855	15	28	13	1407	0	1463
15856	1452	14	9	65	0	1540
15857	65	1428	14	30	0	1537
15858	27	54	13	1467	0	1561
15859	1437	25	10	60	0	1532
15860	1496	14	9	28	0	1547
15861	1518	13	6	21	0	1558
15862	89	2	1420	15	0	1526
15863	45	15	1464	19	0	1543
15864	1471	10	64	17	0	1562
15865	75	1492	24	22	0	1613
15866	32	1546	16	30	0	1624
15867	26	69	18	1472	0	1585
15868	22	1522	13	72	0	1629
15869	1516	72	13	34	0	1635
15870	71	25	21	1515	0	1632
15871	32	15	1470	74	0	1591
15872	1497	13	62	30	0	1602
15873	1543	16	29	21	0	1609
15874	82	17	22	1500	0	1621
15875	37	18	20	1543	0	1618
15876	39	18	10	1584	0	1651
15877	33	12	16	1601	0	1662
15878	28	15	1414	98	0	1555
15879	23	1430	65	42	0	1560
15880	24	65	27	1278	0	1394
15881	26	1456	24	58	0	1564
15882	24	72	13	1321	0	1430
15883	19	1434	14	73	0	1540
15884	1438	69	15	44	0	1566
15885	1447	31	15	37	0	1530
15886	85	1441	13	34	0	1573
15887	1476	77	6	31	0	1590
15888	79	33	13	1460	0	1585
15889	1459	26	16	78	0	1579
15890	82	1439	14	32	0	1567
15891	1468	70	12	25	0	1575
15892	1532	32	9	24	0	1597
15893	95	24	15	1449	0	1583
15894	46	26	1394	71	0	1537
15895	49	1388	63	26	0	1526
15896	31	75	23	1442	0	1571
15897	1428	42	13	72	0	1555
15898	80	30	1371	41	0	1522
15899	43	23	59	1394	0	1519
15900	40	16	20	1454	0	1530
15901	1433	20	20	84	0	1557
15902	1459	21	19	42	0	1541
15903	1431	14	8	43	0	1496
15904	95	1350	15	35	0	1495
15905	1316	54	14	27	0	1411
15906	84	22	1243	26	0	1375
15907	32	21	1275	33	0	1361
15908	32	15	1260	34	0	1341
15909	25	62	53	939	0	1079
15910	19	6	865	49	0	939
15911	656	6	25	18	0	705
15912	37	10	15	656	0	718
15913	24	4	641	32	0	701
15914	546	8	31	14	0	599
15915	36	8	16	567	0	627
15916	18	4	13	599	0	634
15917	574	6	17	39	0	636
15918	44	6	11	620	0	681
15919	17	6	603	43	0	669
15920	11	5	31	636	0	683
15921	18	7	598	35	0	658
15922	16	5	29	608	0	658
15923	575	4	20	41	0	640
15924	35	564	10	28	0	637
15925	20	609	12	14	0	655
15926	11	39	6	595	0	651
15927	16	13	8	592	0	629
15928	15	548	7	44	0	614
15929	6	561	15	22	0	604
15930	9	37	10	556	0	612
15931	7	13	7	578	0	605
15932	525	14	8	48	0	595
15933	36	521	5	22	0	584
15934	16	473	4	18	0	511
15935	5	512	4	18	0	539
15936	447	30	6	9	0	492
15937	25	12	428	12	0	477
15938	445	14	22	11	0	492
15939	25	13	10	433	0	481
15940	18	403	5	27	0	453
15941	2	462	8	19	0	491
15942	451	30	4	9	0	494
15943	24	12	4	416	0	456
15944	13	445	8	24	0	490
15945	446	35	4	13	0	498
15946	477	9	4	9	0	499
15947	27	10	433	14	0	484
15948	450	13	18	9	0	490
15949	469	10	6	10	0	495
15950	37	11	2	424	0	474
15951	11	431	9	24	0	475
15952	16	440	3	14	0	473
15953	14	19	4	402	0	439
15954	393	9	5	25	0	432
15955	23	9	324	5	0	361
15956	5	7	204	1	0	217
15957	4	1	208	6	0	219
15958	8	2	207	1	0	218
15959	3	206	13	1	0	223
15960	5	208	6	2	0	221
15961	2	11	202	3	0	218
15962	1	4	202	1	0	208
15963	3	160	7	2	0	172
15964	0	8	1	116	0	125
15965	0	2	119	4	0	125
15966	0	1	8	154	0	163
15967	1	3	2	165	0	171
15968	0	1	0	163	0	164
15969	0	2	3	195	0	200
15970	1	1	184	13	0	199
15971	1	0	10	187	0	198
15972	188	0	3	12	0	203
15973	10	1	183	4	0	198
15974	185	0	9	1	0	195
15975	9	0	1	190	0	200
15976	4	1	173	9	0	187
15977	175	1	11	3	0	190
15978	11	0	2	178	0	191
15979	178	0	0	14	0	192
15980	10	0	3	161	0	174
15981	4	169	3	10	0	186
15982	2	8	174	4	0	188
15983	3	1	8	177	0	189
15984	177	1	2	11	0	191
15985	185	2	0	3	0	190
15986	189	0	5	1	0	195
15987	182	1	1	4	0	188
15988	179	1	1	1	0	182
15989	13	173	1	4	0	191
15990	179	9	3	2	0	193
15991	10	2	174	5	0	191
15992	181	1	9	2	0	193
15993	9	5	3	124	0	141
15994	7	0	172	9	0	188
15995	4	0	183	1	0	188
15996	5	1	11	173	0	190
15997	176	3	1	11	0	191
15998	10	176	4	2	0	192
15999	168	10	4	2	0	184
16000	10	173	1	6	0	190
16001	6	9	3	178	0	196
16002	4	5	1	190	0	200
16003	194	2	1	14	0	211
16004	11	6	1	198	0	216
16005	4	0	197	14	0	215
16006	196	3	10	7	0	216
16007	16	1	3	191	0	211
16008	3	2	0	209	0	214
16009	5	1	195	10	0	211
16010	190	2	8	2	0	202
16011	205	1	1	5	0	212
16012	14	207	0	6	0	227
16013	4	10	212	1	0	227
16014	7	4	204	1	0	216
16015	5	46	7	160	0	218
16016	1	2	4	207	0	214
16017	5	211	4	6	0	226
16018	2	4	162	3	0	171
16019	2	1	6	165	0	174
16020	2	1	166	7	0	176
16021	2	1	4	155	0	162
16022	2	168	3	4	0	177
16023	2	5	1	172	0	180
16024	2	1	1	173	0	177
16025	2	2	2	177	0	183
16026	175	0	3	6	0	184
16027	5	0	168	7	0	180
16028	4	174	8	1	0	187
16029	2	4	3	195	0	204
16030	197	3	1	6	0	207
16031	6	1	1	195	0	203
16032	198	0	2	7	0	207
16033	7	2	185	4	0	198
16034	181	2	4	2	0	189
16035	7	1	2	187	0	197
16036	6	1	185	6	0	198
16037	2	185	5	3	0	195
16038	2	5	3	187	0	197
16039	4	1	1	197	0	203
16040	190	0	1	7	0	198
16041	5	189	2	3	0	199
16042	3	192	1	1	0	197
16043	3	188	4	1	0	196
16044	183	5	4	2	0	194
16045	5	235	1	1	0	242
16046	3	4	1	235	0	243
16047	0	3	4	238	0	245
16048	234	0	1	8	0	243
16049	5	226	0	5	0	236
16050	1	7	2	234	0	244
16051	226	4	2	5	0	237
16052	228	1	1	4	0	234
16053	225	3	0	2	0	230
16054	4	218	1	6	0	229
16055	231	5	0	2	0	238
16056	6	2	1	219	0	228
16057	3	219	1	7	0	230
16058	1	224	3	5	0	233
16059	6	5	1	226	0	238
16060	226	1	0	8	0	235
16061	227	2	3	3	0	235
16062	7	2	2	221	0	232
16063	6	218	1	5	0	230
16064	225	6	0	6	0	237
16065	6	4	234	1	0	245
16066	1	1	183	0	0	185
16067	185	0	3	1	0	189
16068	3	0	211	0	0	214
16069	1	0	2	183	0	186
16070	187	0	1	1	0	189
16071	1	0	0	184	0	185
16072	1	0	181	1	0	183
16073	0	194	1	1	0	196
16074	0	1	1	199	0	201
16075	0	1	200	1	0	202
16076	188	0	1	1	0	190
16077	1	0	1	201	0	203
16078	2	0	197	1	0	200
16079	0	0	1	195	0	196
16080	0	185	1	1	0	187
16081	0	1	0	200	0	201
16082	0	1	0	197	0	198
16083	0	0	0	200	0	200
16084	0	193	0	2	0	195
16085	199	1	0	1	0	201
16086	1	1	0	199	0	201
16087	1	0	0	196	0	197
16088	0	0	0	200	0	200
16089	0	0	199	1	0	200
16090	0	0	1	197	0	198
16091	197	0	1	1	0	199
16092	1	195	0	1	0	197
16093	1	1	0	208	0	210
16094	0	1	0	211	0	212
16095	207	0	0	5	0	212
16096	2	206	0	3	0	211
16097	213	2	0	0	0	215
16098	210	3	0	0	0	213
16099	5	0	0	208	0	213
16100	212	0	0	2	0	214
16101	2	201	0	2	0	205
16102	205	1	0	0	0	206
16103	2	5	0	184	0	191
16104	220	0	0	2	0	222
16105	214	0	0	3	0	217
16106	5	1	227	0	0	233
16107	235	0	3	1	0	239
16108	238	0	3	2	0	243
16109	253	0	0	0	0	253
16110	6	2	240	1	0	249
16111	3	232	4	0	0	239
16112	1	4	3	246	0	254
16113	245	4	0	5	0	254
16114	4	237	1	5	0	247
16115	213	4	0	0	0	217
16116	4	4	1	208	0	217
16117	4	0	202	5	0	211
16118	223	0	3	6	0	232
16119	4	1	4	225	0	234
16120	3	0	228	5	0	236
16121	225	1	4	5	0	235
16122	5	0	228	2	0	235
16123	5	1	5	233	0	244
16124	2	0	4	262	0	268
16125	257	1	0	10	0	268
16126	249	0	2	5	0	256
16127	10	251	0	2	0	263
16128	285	7	0	0	0	292
16129	6	4	258	2	0	270
16130	5	2	265	2	0	274
16131	272	1	10	2	0	285
16132	5	276	4	2	0	287
16133	282	4	0	3	0	289
16134	7	281	1	1	0	290
16135	287	6	0	1	0	294
16136	6	5	1	278	0	290
16137	8	0	271	6	0	285
16138	0	0	6	269	0	275
16139	3	0	4	279	0	286
16140	280	2	1	9	0	292
16141	6	2	270	5	0	283
16142	271	0	4	2	0	277
16143	7	273	6	0	0	286
16144	286	6	0	1	0	293
16145	8	4	1	241	0	254
16146	8	1	232	5	0	246
16147	2	1	5	244	0	252
16148	242	1	5	7	0	255
16149	8	1	2	239	0	250
16150	7	2	3	240	0	252
16151	1	233	1	13	0	248
16152	2	7	2	245	0	256
16153	5	4	231	5	0	245
16154	3	1	7	235	0	246
16155	2	1	5	245	0	253
16156	237	0	0	12	0	249
16157	10	1	2	241	0	254
16158	6	0	229	8	0	243
16159	1	234	5	6	0	246
16160	4	7	4	237	0	252
16161	2	5	4	243	0	254
16162	241	2	3	10	0	256
16163	7	235	0	8	0	250
16164	4	8	1	242	0	255
16165	228	5	2	6	0	241
16166	230	3	1	8	0	242
16167	10	0	2	230	0	242
16168	7	1	194	8	0	210
16169	197	0	6	8	0	211
16170	6	0	5	206	0	217
16171	208	3	1	7	0	219
16172	209	1	1	5	0	216
16173	7	181	5	4	0	197
16174	190	4	1	4	0	199
16175	5	220	0	4	0	229
16176	8	4	0	249	0	261
16177	2	6	1	244	0	253
16178	2	240	4	10	0	256
16179	257	5	1	7	0	270
16180	253	4	3	3	0	263
16181	10	0	244	6	0	260
16182	5	2	272	6	0	285
16183	4	4	9	268	0	285
16184	281	2	2	9	0	294
16185	8	3	2	277	0	290
16186	10	0	1	285	0	296
16187	0	3	273	12	0	288
16188	3	0	262	6	0	271
16189	4	1	272	6	0	283
16190	253	2	11	4	0	270
16191	266	2	5	2	0	275
16192	12	266	1	3	0	282
16193	4	263	1	4	0	272
16194	5	6	1	265	0	277
16195	1	6	257	6	0	270
16196	250	0	7	10	0	267
16197	7	2	261	4	0	274
16198	7	0	4	255	0	266
16199	4	1	5	265	0	275
16200	6	0	2	268	0	276
16201	3	3	1	270	0	277
16202	270	3	1	10	0	284
16203	6	3	1	246	0	256
16204	4	1	236	7	0	248
16205	215	2	4	8	0	229
16206	9	1	230	3	0	243
16207	4	3	222	4	0	233
16208	1	225	8	8	0	242
16209	1	6	3	272	0	282
16210	270	4	1	6	0	281
16211	8	0	3	268	0	279
16212	4	1	291	8	0	304
16213	2	1	5	294	0	302
16214	300	1	2	7	0	310
16215	3	338	3	6	0	350
16216	349	4	4	0	0	357
16217	5	337	2	4	0	348
16218	360	3	0	2	0	365
16219	3	372	1	4	0	380
16220	1	376	0	2	0	379
16221	0	5	365	1	0	371
16222	1	358	3	3	0	365
16223	351	3	13	1	0	368
16224	2	0	0	337	0	339
16225	344	0	0	2	0	346
16226	2	341	0	1	0	344
16227	344	2	0	0	0	346
16228	2	0	315	0	0	317
16229	0	0	2	316	0	318
16230	0	317	0	3	0	320
16231	0	2	0	333	0	335
16232	0	0	0	332	0	332
16233	349	0	0	5	0	354
16234	3	334	1	1	0	339
16235	347	4	0	1	0	352
16236	4	1	348	1	0	354
16237	3	1	338	1	0	343
16238	1	329	6	3	0	339
16239	0	4	2	344	0	350
16240	0	1	346	3	0	350
16241	1	0	5	303	0	309
16242	0	0	2	346	0	348
16243	0	0	344	6	0	350
16244	0	1	337	2	0	340
16245	0	0	339	0	0	339
16246	2	0	337	0	0	339
16247	0	328	7	1	0	336
16248	0	4	2	364	0	370
16249	0	2	0	375	0	377
16250	0	0	366	6	0	372
16251	0	1	4	357	0	362
16252	1	0	391	4	0	396
16253	0	1	4	387	0	392
16254	1	0	2	392	0	395
16255	0	395	0	6	0	401
16256	0	5	0	407	0	412
16257	0	3	1	396	0	400
16258	0	1	0	412	0	413
16259	0	0	421	6	0	427
16260	0	415	4	3	0	422
16261	426	4	2	0	0	432
16262	427	3	0	0	0	430
16263	6	0	0	423	0	429
16264	1	0	1	423	0	425
16265	1	440	0	8	0	449
16266	452	5	0	1	0	458
16267	4	446	0	1	0	451
16268	426	3	0	1	0	430
16269	3	2	406	0	0	411
16270	394	1	3	0	0	398
16271	4	407	2	0	0	413
16272	1	3	1	421	0	426
16273	0	0	1	423	0	424
16274	0	413	0	3	0	416
16275	394	3	0	2	0	399
16276	3	2	1	358	0	364
16277	2	0	0	368	0	370
16278	400	0	0	5	0	405
16279	391	0	1	2	0	394
16280	5	0	386	0	0	391
16281	390	0	3	0	0	393
16282	3	0	2	400	0	405
16283	2	1	395	3	0	401
16284	0	0	2	432	0	434
16285	0	0	437	4	0	441
16286	1	2	419	2	0	424
16287	0	0	41	388	0	429
16288	1	0	435	3	0	439
16289	0	408	4	3	0	415
16290	0	3	2	422	0	427
16291	0	3	0	438	0	441
16292	2	1	424	6	0	433
16293	0	415	2	3	0	420
16294	422	3	1	1	0	427
16295	3	2	1	434	0	440
16296	435	0	0	3	0	438
16297	4	419	0	2	0	425
16298	4	3	426	0	0	433
16299	0	2	2	416	0	420
16300	420	0	2	3	0	425
16301	2	1	425	2	0	430
16302	395	2	2	0	0	399
16303	1	422	2	0	0	425
16304	3	410	1	0	0	414
16305	425	2	2	0	0	429
16306	2	2	1	421	0	426
16307	3	1	0	426	0	430
16308	0	462	3	5	0	470
16309	0	1	1	441	0	443
16310	0	2	0	437	0	439
16311	437	0	1	5	0	443
16312	2	0	2	400	0	404
16313	1	1	391	2	0	395
16314	0	0	4	389	0	393
16315	0	1	3	347	0	351
16316	0	0	337	5	0	342
16317	0	0	2	344	0	346
16318	332	0	3	3	0	338
16319	308	0	1	3	0	312
16320	312	0	1	1	0	314
16321	4	0	1	313	0	318
16322	2	0	329	4	0	335
16323	0	330	2	3	0	335
16324	0	3	2	340	0	345
16325	0	1	337	3	0	341
16326	0	1	1	333	0	335
16327	0	0	3	333	0	336
16328	334	1	1	4	0	340
16329	3	326	0	3	0	332
16330	5	3	309	0	0	317
16331	280	1	0	0	0	281
16332	0	295	1	1	0	297
16333	0	286	0	0	0	286
16334	293	0	0	0	0	293
16335	0	0	0	292	0	292
16336	0	0	378	0	0	378
16337	1	0	1	369	0	371
16338	0	393	0	1	0	394
16339	400	1	0	0	0	401
16340	2	1	0	396	0	399
16341	400	0	0	1	0	401
16342	1	0	0	396	0	397
16343	1	429	0	1	0	431
16344	438	3	0	1	0	442
16345	449	1	0	0	0	450
16346	5	446	0	0	0	451
16347	454	4	0	0	0	458
16348	4	2	0	419	0	425
16349	2	417	0	4	0	423
16350	428	4	0	0	0	432
16351	4	410	0	2	0	416
16352	402	3	0	0	0	405
16353	4	2	0	391	0	397
16354	402	0	0	4	0	406
16355	397	0	0	3	0	400
16356	400	0	0	0	0	400
16357	6	0	0	391	0	397
16358	2	0	0	394	0	396
16359	366	0	0	6	0	372
16360	4	0	361	2	0	367
16361	2	0	4	358	0	364
16362	0	393	3	4	0	400
16363	0	4	0	413	0	417
16364	0	1	0	415	0	416
16365	0	0	377	7	0	384
16366	0	1	4	426	0	431
16367	0	452	2	7	0	461
16368	0	8	0	479	0	487
16369	1	3	601	9	0	614
16370	0	0	16	611	0	627
16371	1	1	9	653	0	664
16372	625	0	1	29	0	655
16373	626	1	2	10	0	639
16374	29	0	0	617	0	646
16375	10	633	1	15	0	659
16376	2	654	2	8	0	666
16377	3	27	638	0	0	668
16378	0	11	15	658	0	684
16379	655	2	9	18	0	684
16380	17	2	0	680	0	699
16381	11	0	655	17	0	683
16382	0	0	18	666	0	684
16383	2	0	12	659	0	673
16384	0	0	0	657	0	657
16385	1	1	605	29	0	636
16386	2	598	15	15	0	630
16387	623	18	9	3	0	653
16388	642	12	1	3	0	658
16389	27	2	2	627	0	658
16390	12	3	607	17	0	639
16391	3	609	18	13	0	643
16392	3	22	10	583	0	618
16393	3	596	0	14	0	613
16394	1	625	3	10	0	639
16395	643	29	2	1	0	675
16396	19	10	642	4	0	675
16397	11	3	643	2	0	659
16398	0	4	29	626	0	659
16399	4	1	12	661	0	678
16400	1	2	663	29	0	695
16401	4	2	19	652	0	677
16402	4	1	643	21	0	669
16403	610	1	17	14	0	642
16404	19	2	14	652	0	687
16405	13	3	637	22	0	675
16406	2	3	18	626	0	649
16407	3	709	12	17	0	741
16408	671	18	1	13	0	703
16409	20	664	3	3	0	690
16410	684	16	2	4	0	706
16411	17	14	659	5	0	695
16412	670	1	19	4	0	694
16413	18	4	12	673	0	707
16414	15	2	702	19	0	738
16415	0	0	21	723	0	744
16416	4	4	707	20	0	735
16417	675	1	18	17	0	711
16418	19	672	18	3	0	712
16419	12	19	2	651	0	684
16420	1	688	4	24	0	717
16421	696	20	2	10	0	728
16422	682	15	3	3	0	703
16423	30	657	0	7	0	694
16424	18	21	1	665	0	705
16425	7	17	1	678	0	703
16426	6	1	3	703	0	713
16427	666	4	6	36	0	712
16428	18	654	4	17	0	693
16429	11	18	2	680	0	711
16430	3	12	8	696	0	719
16431	680	2	1	35	0	718
16432	21	4	671	19	0	715
16433	14	4	665	9	0	692
16434	664	2	32	8	0	706
16435	23	2	675	6	0	706
16436	15	4	591	4	0	614
16437	5	19	31	568	0	623
16438	578	3	11	23	0	615
16439	19	4	6	581	0	610
16440	18	1	573	18	0	610
16441	555	1	16	20	0	592
16442	19	6	570	4	0	599
16443	11	541	16	8	0	576
16444	3	32	15	551	0	601
16445	556	9	5	18	0	588
16446	15	2	9	552	0	578
16447	12	4	5	563	0	584
16448	572	1	5	26	0	604
16449	17	2	4	573	0	596
16450	10	1	4	584	0	599
16451	3	1	558	27	0	589
16452	6	2	15	574	0	597
16453	566	2	11	20	0	599
16454	575	4	3	14	0	596
16455	575	2	5	5	0	587
16456	24	3	2	559	0	588
16457	15	554	1	16	0	586
16458	574	17	2	9	0	602
16459	19	567	2	6	0	594
16460	575	17	3	8	0	603
16461	19	12	3	568	0	602
16462	535	1	2	19	0	557
16463	530	2	7	12	0	551
16464	532	0	5	5	0	542
16465	22	509	7	6	0	544
16466	13	507	2	6	0	528
16467	470	17	4	2	0	493
16468	13	481	1	6	0	501
16469	3	352	3	0	0	358
16470	0	332	1	0	0	333
16471	346	4	0	0	0	350
16472	2	5	0	338	0	345
16473	4	1	0	339	0	344
16474	377	0	0	6	0	383
16475	3	0	340	4	0	347
16476	5	0	3	372	0	380
16477	1	0	5	378	0	384
16478	0	0	1	384	0	385
16479	0	0	0	383	0	383
16480	0	348	0	16	0	364
16481	0	496	0	9	0	505
16482	505	15	0	2	0	522
16483	14	9	0	511	0	534
16484	7	3	0	525	0	535
16485	2	0	496	24	0	522
16486	0	0	14	513	0	527
16487	0	1	507	18	0	526
16488	0	2	18	510	0	530
16489	3	2	543	17	0	565
16490	0	518	25	9	0	552
16491	0	22	6	554	0	582
16492	562	9	4	23	0	598
16493	577	2	0	10	0	589
16494	30	0	2	571	0	603
16495	9	1	543	25	0	578
16496	1	0	551	9	0	561
16497	530	2	32	2	0	566
16498	23	521	12	2	0	558
16499	562	23	3	2	0	590
16500	550	8	1	2	0	561
16501	31	2	510	4	0	547
16502	13	0	24	507	0	544
16503	3	2	10	537	0	552
16504	3	1	3	616	0	623
16505	4	2	0	649	0	655
16506	3	2	2	661	0	668
16507	2	3	540	53	0	598
16508	0	0	571	17	0	588
16509	2	0	43	548	0	593
16510	5	0	14	581	0	600
16511	0	3	3	602	0	608
16512	559	1	3	52	0	615
16513	35	2	1	571	0	609
16514	526	1	2	39	0	568
16515	38	2	2	533	0	575
16516	527	1	2	44	0	574
16517	554	0	0	21	0	575
16518	553	0	3	11	0	567
16519	562	1	0	8	0	571
16520	559	0	7	7	0	573
16521	51	3	4	519	0	577
16522	508	1	2	43	0	554
16523	37	494	2	19	0	552
16524	520	36	3	9	0	568
16525	46	12	2	517	0	577
16526	18	3	503	42	0	566
16527	9	1	32	531	0	573
16528	2	4	509	47	0	562
16529	8	1	32	519	0	560
16530	6	4	16	574	0	600
16531	9	5	525	51	0	590
16532	8	3	570	22	0	603
16533	7	2	46	564	0	619
16534	549	0	16	50	0	615
16535	44	1	536	19	0	600
16536	16	607	37	17	0	677
16537	10	36	641	10	0	697
16538	631	13	36	13	0	693
16539	37	5	20	641	0	703
16540	660	2	7	46	0	715
16541	677	4	6	19	0	706
16542	52	2	7	655	0	716
16543	24	3	599	45	0	671
16544	5	0	32	630	0	667
16545	6	0	18	655	0	679
16546	592	2	7	61	0	662
16547	42	598	4	24	0	668
16548	15	37	11	621	0	684
16549	10	18	597	42	0	667
16550	591	5	34	20	0	650
16551	44	609	18	8	0	679
16552	20	35	3	633	0	691
16553	15	14	4	656	0	689
16554	6	6	5	685	0	702
16555	632	0	1	64	0	697
16556	682	3	5	29	0	719
16557	60	1	4	718	0	783
16558	22	3	672	51	0	748
16559	10	699	36	22	0	767
16560	702	41	16	13	0	772
16561	734	15	7	16	0	772
16562	55	3	5	761	0	824
16563	26	0	5	761	0	792
16564	9	9	694	62	0	774
16565	8	728	38	31	0	805
16566	749	38	16	14	0	817
16567	765	14	6	12	0	797
16568	59	739	5	11	0	814
16569	738	39	2	5	0	784
16570	45	13	2	722	0	782
16571	20	3	707	44	0	774
16572	10	6	37	717	0	770
16573	15	5	699	42	0	761
16574	662	0	32	15	0	709
16575	41	665	8	10	0	724
16576	10	35	5	636	0	686
16577	9	9	617	42	0	677
16578	2	8	629	10	0	649
16579	610	2	34	6	0	652
16580	33	633	8	9	0	683
16581	525	27	3	4	0	559
16582	533	8	5	3	0	549
16583	534	2	2	9	0	547
16584	35	0	6	513	0	554
16585	8	2	498	31	0	539
16586	2	495	26	14	0	537
16587	9	25	51	472	0	557
16588	4	12	525	17	0	558
16589	2	1	476	11	0	490
16590	1	1	26	472	0	500
16591	2	1	483	17	0	503
16592	440	2	17	6	0	465
16593	19	4	6	480	0	509
16594	10	1	0	501	0	512
16595	491	0	2	25	0	518
16596	19	491	3	6	0	519
16597	559	13	0	4	0	576
16598	15	7	3	541	0	566
16599	7	2	4	558	0	571
16600	1	1	0	569	0	571
16601	3	0	4	564	0	571
16602	539	1	3	21	0	564
16603	16	3	577	9	0	605
16604	4	502	11	5	0	522
16605	2	5	2	488	0	497
16606	485	2	1	5	0	493
16607	485	0	0	2	0	487
16608	5	468	1	0	0	474
16609	486	6	0	1	0	493
16610	5	468	0	1	0	474
16611	2	535	2	1	0	540
16612	3	7	0	543	0	553
16613	0	1	539	6	0	546
16614	0	2	5	523	0	530
16615	543	1	1	6	0	551
16616	7	524	1	1	0	533
16617	3	4	1	537	0	545
16618	0	3	530	7	0	540
16619	506	0	5	1	0	512
16620	544	1	1	0	0	546
16621	538	1	1	1	0	541
16622	7	2	515	3	0	527
16623	514	0	6	0	0	520
16624	6	574	1	1	0	582
16625	3	6	0	586	0	595
16626	0	573	1	7	0	581
16627	582	5	1	3	0	591
16628	554	1	2	2	0	559
16629	8	1	605	1	0	615
16630	1	559	3	3	0	566
16631	1	3	1	590	0	595
16632	1	1	0	566	0	568
16633	1	0	0	561	0	562
16634	0	0	0	555	0	555
16635	1	0	1	554	0	556
16636	1	2	471	4	0	478
16637	1	465	2	2	0	470
16638	462	4	2	1	0	469
16639	3	2	466	0	0	471
16640	0	482	3	3	0	488
16641	499	3	3	1	0	506
16642	4	3	488	1	0	496
16643	467	0	2	1	0	470
16644	476	1	2	2	0	481
16645	459	0	0	2	0	461
16646	5	477	2	5	0	489
16647	3	3	469	0	0	475
16648	1	465	3	1	0	470
16649	0	3	2	447	0	452
16650	0	464	1	4	0	469
16651	465	2	0	1	0	468
16652	532	3	0	0	0	535
16653	523	0	1	0	0	524
16654	7	3	518	0	0	528
16655	4	600	5	1	0	610
16656	0	2	3	624	0	629
16657	764	3	0	3	0	770
16658	13	755	0	4	0	772
16659	7	12	0	770	0	789
16660	2	5	747	13	0	767
16661	738	2	13	6	0	759
16662	13	0	712	2	0	727
16663	6	0	726	0	0	732
16664	682	0	20	0	0	702
16665	13	1	688	0	0	702
16666	670	0	14	0	0	684
16667	15	678	6	2	0	701
16668	692	12	2	1	0	707
16669	15	5	1	684	0	705
16670	8	4	0	750	0	762
16671	2	2	2	760	0	766
16672	748	0	1	19	0	768
16673	779	1	1	8	0	789
16674	773	1	2	3	0	779
16675	21	769	2	0	0	792
16676	7	12	2	784	0	805
16677	5	9	754	13	0	781
16678	2	3	14	719	0	738
16679	2	719	10	15	0	746
16680	3	11	5	737	0	756
16681	5	6	3	749	0	763
16682	743	3	3	20	0	769
16683	19	2	0	744	0	765
16684	8	2	754	18	0	782
16685	6	1	737	9	0	753
16686	1	2	18	767	0	788
16687	767	2	6	17	0	792
16688	15	0	3	748	0	766
16689	9	0	2	796	0	807
16690	7	2	757	20	0	786
16691	4	753	15	12	0	784
16692	2	12	9	786	0	809
16693	757	5	4	15	0	781
16694	12	761	4	9	0	786
16695	8	12	2	776	0	798
16696	4	8	734	16	0	762
16697	2	2	14	720	0	738
16698	704	2	7	21	0	734
16699	15	684	5	13	0	717
16700	6	12	701	10	0	729
16701	6	6	18	672	0	702
16702	3	6	702	18	0	729
16703	651	1	17	14	0	683
16704	669	0	14	8	0	691
16705	23	1	655	9	0	688
16706	13	3	15	648	0	679
16707	4	1	662	21	0	688
16708	2	653	17	14	0	686
16709	4	14	10	669	0	697
16710	4	11	654	19	0	688
16711	3	7	18	596	0	624
16712	8	604	7	20	0	639
16713	4	15	7	624	0	650
16714	5	6	605	21	0	637
16715	588	4	19	10	0	621
16716	19	606	12	7	0	644
16717	629	14	5	5	0	653
16718	16	10	679	7	0	712
16719	680	5	20	5	0	710
16720	23	3	680	7	0	713
16721	676	3	20	7	0	706
16722	705	1	9	8	0	723
16723	25	7	6	674	0	712
16724	11	3	7	670	0	691
16725	649	5	5	26	0	685
16726	17	644	6	17	0	684
16727	686	19	6	7	0	718
16728	20	9	4	672	0	705
16729	10	634	12	18	0	674
16730	10	12	5	659	0	686
16731	7	11	7	663	0	688
16732	7	6	5	653	0	671
16733	6	631	5	28	0	670
16734	656	17	4	13	0	690
16735	19	5	3	660	0	687
16736	14	2	675	22	0	713
16737	8	5	668	11	0	692
16738	11	3	664	9	0	687
16739	673	2	26	8	0	709
16740	664	6	8	10	0	688
16741	22	4	640	12	0	678
16742	11	4	16	625	0	656
16743	7	2	8	658	0	675
16744	8	3	705	22	0	738
16745	3	7	698	18	0	726
16746	8	4	22	700	0	734
16747	705	2	9	23	0	739
16748	677	4	6	14	0	701
16749	703	3	8	9	0	723
16750	22	686	4	10	0	722
16751	12	705	6	7	0	730
16752	7	15	7	625	0	654
16753	620	5	8	17	0	650
16754	14	4	613	14	0	645
16755	484	3	17	7	0	511
16756	16	499	7	6	0	528
16757	1	312	2	2	0	317
16758	320	2	0	0	0	322
16759	1	313	1	2	0	317
16760	1	311	3	1	0	316
16761	322	0	1	1	0	324
16762	0	322	2	2	0	326
16763	3	0	1	324	0	328
16764	1	1	2	321	0	325
16765	330	2	1	1	0	334
16766	315	0	1	1	0	317
16767	2	330	1	2	0	335
16768	2	340	1	0	0	343
16769	1	1	323	2	0	327
16770	309	2	0	3	0	314
16771	317	0	0	3	0	320
16772	321	2	1	1	0	325
16773	0	0	0	276	0	276
16774	0	0	0	308	0	308
16775	309	0	0	2	0	311
16776	2	0	0	310	0	312
16777	0	0	322	2	0	324
16778	0	0	1	325	0	326
16779	0	320	0	1	0	321
16780	0	2	0	326	0	328
16781	0	0	0	327	0	327
16782	0	0	0	331	0	331
16783	328	0	0	2	0	330
16784	2	318	0	1	0	321
16785	0	1	0	331	0	332
16786	0	0	322	3	0	325
16787	0	1	294	0	0	295
16788	0	0	2	319	0	321
16789	0	0	0	301	0	301
16790	297	0	0	2	0	299
16791	2	0	0	297	0	299
16792	0	338	0	2	0	340
16793	0	1	331	0	0	332
16794	0	0	2	373	0	375
16795	0	0	381	2	0	383
16796	0	0	1	369	0	370
16797	381	0	0	2	0	383
16798	384	0	0	0	0	384
16799	2	351	0	1	0	354
16800	0	2	0	381	0	383
16801	383	0	0	2	0	385
16802	385	0	0	0	0	385
16803	389	0	0	0	0	389
16804	390	0	0	0	0	390
16805	394	0	0	0	0	394
16806	1	372	0	0	0	373
16807	395	2	0	0	0	397
16808	2	0	375	0	0	377
16809	0	0	2	375	0	377
16810	406	0	0	2	0	408
16811	399	0	0	1	0	400
16812	399	0	0	0	0	399
16813	3	0	389	0	0	392
16814	0	0	2	388	0	390
16815	404	0	0	2	0	406
16816	2	409	1	0	0	412
16817	509	2	0	0	0	511
16818	435	0	0	1	0	436
16819	439	0	0	0	0	439
16820	2	0	0	430	0	432
16821	437	0	0	2	0	439
16822	2	0	410	0	0	412
16823	1	2	404	0	0	407
16824	413	0	2	0	0	415
16825	2	0	428	0	0	430
16826	395	0	2	0	0	397
16827	5	0	403	0	0	408
16828	0	0	2	393	0	395
16829	411	0	0	1	0	412
16830	2	375	0	3	0	380
16831	408	2	0	0	0	410
16832	2	386	0	2	0	390
16833	0	442	0	0	0	442
16834	0	2	0	456	0	458
16835	0	0	0	454	0	454
16836	0	0	0	426	0	426
16837	0	0	417	2	0	419
16838	391	0	2	0	0	393
16839	440	0	0	0	0	440
16840	444	0	0	0	0	444
16841	447	0	0	0	0	447
16842	438	0	0	0	0	438
16843	5	1	412	0	0	418
16844	1	0	369	0	0	370
16845	0	0	3	370	0	373
16846	0	0	413	3	0	416
16847	386	0	6	0	0	392
16848	4	419	0	1	0	424
16849	0	7	0	506	0	513
16850	504	0	0	10	0	514
16851	9	0	0	495	0	504
16852	1	0	501	11	0	513
16853	2	0	499	1	0	502
16854	0	0	9	513	0	522
16855	2	0	522	13	0	537
16856	54	0	459	2	0	515
16857	0	0	14	506	0	520
16858	2	0	513	12	0	527
16859	0	532	14	2	0	548
16860	0	11	2	582	0	595
16861	0	0	627	13	0	640
16862	0	1	14	611	0	626
16863	0	0	3	626	0	629
16864	0	0	621	18	0	639
16865	0	0	14	616	0	630
16866	0	0	2	609	0	611
16867	0	0	0	635	0	635
16868	598	0	0	17	0	615
16869	15	583	3	4	0	605
16870	2	602	0	2	0	606
16871	1	16	589	1	0	607
16872	567	3	14	1	0	585
16873	16	1	594	0	0	611
16874	1	2	579	0	0	582
16875	2	1	14	561	0	578
16876	572	0	5	12	0	589
16877	12	547	2	3	0	564
16878	560	13	0	4	0	577
16879	558	1	3	0	0	562
16880	13	554	2	3	0	572
16881	565	13	0	4	0	582
16882	559	3	1	4	0	567
16883	16	557	0	4	0	577
16884	4	11	0	534	0	549
16885	1	6	1	548	0	556
16886	535	2	3	18	0	558
16887	16	523	1	5	0	545
16888	544	14	2	4	0	564
16889	546	2	6	2	0	556
16890	665	1	3	5	0	674
16891	19	1	2	666	0	688
16892	4	3	3	648	0	658
16893	624	0	3	20	0	647
16894	629	1	1	6	0	637
16895	626	3	1	2	0	632
16896	19	5	0	632	0	656
16897	9	1	628	18	0	656
16898	5	2	22	638	0	667
16899	4	2	2	718	0	726
16900	3	1	686	26	0	716
16901	3	1	815	5	0	824
16902	2	2	25	839	0	868
16903	3	4	934	30	0	971
16904	985	2	23	11	0	1021
16905	31	1	10	1046	0	1088
16906	9	4	4	1080	0	1097
16907	1125	3	2	38	0	1168
16908	29	1	4	1161	0	1195
16909	16	1	2	1177	0	1196
16910	3	3	4	1182	0	1192
16911	6	2	5	1177	0	1190
16912	7	2	1124	39	0	1172
16913	8	1	25	1149	0	1183
16914	4	5	1106	34	0	1149
16915	7	1103	28	22	0	1160
16916	2	23	14	1105	0	1144
16917	7	8	1015	35	0	1065
16918	961	3	26	17	0	1007
16919	28	1019	14	9	0	1070
16920	1060	29	4	9	0	1102
16921	29	6	4	1001	0	1040
16922	14	1085	9	29	0	1137
16923	1109	26	2	14	0	1151
16924	26	1107	3	14	0	1150
16925	1108	25	5	17	0	1155
16926	32	7	4	1113	0	1156
16927	1112	8	3	35	0	1158
16928	29	1098	6	21	0	1154
16929	1102	30	5	15	0	1152
16930	32	10	1085	12	0	1139
16931	14	4	29	1113	0	1160
16932	1141	5	13	33	0	1192
16933	1123	7	6	16	0	1152
16934	43	4	5	1101	0	1153
16935	13	5	1122	39	0	1179
16936	14	1070	30	18	0	1132
16937	12	1144	11	8	0	1175
16938	1139	34	23	11	0	1207
16939	32	10	5	1132	0	1179
16940	15	7	5	1153	0	1180
16941	1141	8	6	37	0	1192
16942	1102	6	6	14	0	1128
16943	41	4	1105	13	0	1163
16944	15	8	29	1121	0	1173
16945	12	5	1101	36	0	1154
16946	12	1104	22	23	0	1161
16947	1106	26	13	10	0	1155
16948	24	1167	6	15	0	1212
16949	13	1131	6	12	0	1162
16950	8	27	7	1141	0	1183
16951	1132	10	4	26	0	1172
16952	23	1117	3	18	0	1161
16953	1131	27	5	9	0	1172
16954	20	1102	4	13	0	1139
16955	13	18	5	1122	0	1158
16956	1114	10	4	24	0	1152
16957	25	5	1117	16	0	1163
16958	15	3	17	1109	0	1144
16959	10	5	1186	24	0	1225
16960	7	1110	16	19	0	1152
16961	10	1120	13	4	0	1147
16962	1120	20	2	11	0	1153
16963	16	1117	5	10	0	1148
16964	1138	15	8	5	0	1166
16965	1126	11	4	12	0	1153
16966	21	11	1109	5	0	1146
16967	1078	6	17	3	0	1104
16968	19	11	1116	4	0	1150
16969	14	1129	17	6	0	1166
16970	1169	12	6	11	0	1198
16971	22	1141	4	4	0	1171
16972	16	17	3	1172	0	1208
16973	1200	10	7	17	0	1234
16974	20	6	7	1198	0	1231
16975	10	5	1181	24	0	1220
16976	9	8	19	1184	0	1220
16977	10	6	6	1210	0	1232
16978	1203	6	2	27	0	1238
16979	19	5	1183	11	0	1218
16980	1190	8	19	8	0	1225
16981	1237	6	4	5	0	1252
16982	29	3	6	1213	0	1251
16983	11	4	7	1240	0	1262
16984	1223	4	7	25	0	1259
16985	26	1262	3	11	0	1302
16986	16	17	4	1291	0	1328
16987	6	7	1257	24	0	1294
16988	7	8	1199	17	0	1231
16989	12	1250	23	6	0	1291
16990	5	18	5	1163	0	1191
16991	6	6	4	1180	0	1196
16992	1164	5	10	16	0	1195
16993	15	7	3	1168	0	1193
16994	1133	4	5	19	0	1161
16995	19	1084	6	13	0	1122
16996	11	1100	7	8	0	1126
16997	8	1088	3	8	0	1107
16998	1103	16	1	7	0	1127
16999	1034	7	4	6	0	1051
17000	19	1042	1	8	0	1070
17001	887	4	0	0	0	891
17002	5	859	0	0	0	864
17003	1	3	0	758	0	762
17004	1	704	2	2	0	709
17005	720	3	1	1	0	725
17006	708	1	1	1	0	711
17007	4	1	0	649	0	654
17008	626	0	1	5	0	632
17009	5	1	0	621	0	627
17010	1	609	0	5	0	615
17011	2	3	0	625	0	630
17012	0	611	1	6	0	618
17013	624	3	2	0	0	629
17014	3	3	580	1	0	587
17015	585	0	3	2	0	590
17016	5	1	1	619	0	626
17017	1	1	604	3	0	609
17018	589	1	3	1	0	594
17019	4	2	633	2	0	641
17020	1	0	10	631	0	642
17021	1	1	0	658	0	660
17022	2	1	2	642	0	647
17023	3	1	0	640	0	644
17024	0	636	0	16	0	652
17025	1	9	1	662	0	673
17026	657	3	1	13	0	674
17027	12	4	632	4	0	652
17028	3	626	12	6	0	647
17029	660	12	1	2	0	675
17030	715	2	3	2	0	722
17031	13	4	1	805	0	823
17032	6	0	739	18	0	763
17033	3	1	16	792	0	812
17034	3	0	5	828	0	836
17035	4	1	774	22	0	801
17036	2	799	22	10	0	833
17037	877	19	5	8	0	909
17038	871	6	7	5	0	889
17039	886	8	0	5	0	899
17040	36	2	2	864	0	904
17041	18	4	2	929	0	953
17042	989	1	1	40	0	1031
17043	42	2	3	924	0	971
17044	16	945	2	35	0	998
17045	982	31	3	13	0	1029
17046	1086	9	3	15	0	1113
17047	1117	10	2	6	0	1135
17048	1057	4	4	9	0	1074
17049	66	7	1005	10	0	1088
17050	32	5	1026	5	0	1068
17051	19	3	52	1019	0	1093
17052	9	5	22	1081	0	1117
17053	14	4	1015	57	0	1090
17054	13	5	1037	26	0	1081
17055	13	2	55	1040	0	1110
17056	1039	3	21	49	0	1112
17057	49	4	15	1064	0	1132
17058	19	5	1034	49	0	1107
17059	21	951	43	21	0	1036
17060	978	40	14	19	0	1051
17061	1012	15	19	8	0	1054
17062	1012	13	8	9	0	1042
17063	1040	3	7	12	0	1062
17064	76	8	944	6	0	1034
17065	32	5	46	974	0	1057
17066	985	5	19	48	0	1057
17067	53	5	18	986	0	1062
17068	29	4	6	935	0	974
17069	24	950	9	57	0	1040
17070	18	43	7	993	0	1061
17071	971	14	7	59	0	1051
17072	51	965	13	25	0	1054
17073	940	38	4	28	0	1010
17074	60	940	7	17	0	1024
17075	21	49	7	874	0	951
17076	22	902	10	41	0	975
17077	19	967	4	23	0	1013
17078	951	48	6	17	0	1022
17079	56	25	882	12	0	975
17080	27	14	902	15	0	958
17081	23	11	895	18	0	947
17082	842	9	64	17	0	932
17083	51	881	27	18	0	977
17084	23	933	21	15	0	992
17085	838	57	8	16	0	919
17086	56	834	12	12	0	914
17087	28	879	10	15	0	932
17088	21	56	9	860	0	946
17089	22	36	848	48	0	954
17090	21	21	864	27	0	933
17091	22	20	55	870	0	967
17092	846	20	26	51	0	943
17093	59	849	19	27	0	954
17094	35	46	14	885	0	980
17095	25	20	856	55	0	956
17096	27	19	873	24	0	943
17097	15	14	69	887	0	985
17098	889	13	33	53	0	988
17099	923	19	15	31	0	988
17100	72	13	863	29	0	977
17101	899	15	57	12	0	983
17102	63	11	839	27	0	940
17103	37	13	60	774	0	884
17104	32	842	25	48	0	947
17105	886	49	20	25	0	980
17106	65	28	14	885	0	992
17107	35	25	16	885	0	961
17108	37	8	16	912	0	973
17109	27	20	16	925	0	988
17110	34	7	841	76	0	958
17111	23	849	57	41	0	970
17112	20	46	37	890	0	993
17113	864	18	33	64	0	979
17114	54	19	22	926	0	1021
17115	31	8	23	957	0	1019
17116	25	18	883	73	0	999
17117	21	16	897	47	0	981
17118	25	919	66	35	0	1045
17119	22	937	24	26	0	1009
17120	17	51	17	964	0	1049
17121	954	25	19	49	0	1047
17122	44	20	883	34	0	981
17123	34	890	44	26	0	994
17124	26	43	22	837	0	928
17125	29	845	20	76	0	970
17126	20	52	12	842	0	926
17127	20	880	12	48	0	960
17128	15	48	15	900	0	978
17129	864	23	8	62	0	957
17130	50	827	13	31	0	921
17131	17	37	7	746	0	807
17132	685	19	12	44	0	760
17133	34	675	12	24	0	745
17134	21	660	10	22	0	713
17135	13	685	7	13	0	718
17136	42	38	5	623	0	708
17137	10	16	1	615	0	642
17138	5	613	5	36	0	659
17139	4	28	4	631	0	667
17140	3	13	583	32	0	631
17141	7	599	17	7	0	630
17142	4	12	6	511	0	533
17143	5	525	10	12	0	552
17144	7	15	496	4	0	522
17145	5	535	19	4	0	563
17146	396	1	0	2	0	399
17147	1	1	1	386	0	389
17148	394	2	0	1	0	397
17149	2	0	352	3	0	357
17150	1	2	1	346	0	350
17151	1	1	363	2	0	367
17152	1	1	2	349	0	353
17153	436	1	1	1	0	439
17154	1	0	1	426	0	428
17155	420	1	0	1	0	422
17156	1	463	3	1	0	468
17157	440	2	0	3	0	445
17158	3	0	442	1	0	446
17159	0	400	4	4	0	408
17160	3	1	0	426	0	430
17161	0	0	2	432	0	434
17162	2	0	419	3	0	424
17163	1	391	3	1	0	396
17164	2	1	0	396	0	399
17165	1	419	1	0	0	421
17166	0	3	0	418	0	421
17167	2	416	0	3	0	421
17168	430	2	1	2	0	435
17169	2	1	2	399	0	404
17170	1	2	395	2	0	400
17171	0	384	1	4	0	389
17172	0	490	1	1	0	492
17173	1	2	480	2	0	485
17174	0	477	1	1	0	479
17175	2	3	0	494	0	499
17176	0	0	492	3	0	495
17177	0	2	3	479	0	484
17178	1	2	0	529	0	532
17179	1	3	534	2	0	540
17180	475	1	3	0	0	479
17181	1	2	0	532	0	535
17182	0	3	595	5	0	603
17183	0	603	3	2	0	608
17184	635	4	0	4	0	643
17185	1	606	2	3	0	612
17186	0	3	3	635	0	641
17187	641	1	1	4	0	647
17188	2	3	1	623	0	629
17189	1	1	672	3	0	677
17190	1	4	1	641	0	647
17191	3	1	655	1	0	660
17192	604	3	3	1	0	611
17193	2	2	653	4	0	661
17194	623	0	3	2	0	628
17195	609	2	1	4	0	616
17196	1	1	619	2	0	623
17197	1	4	639	6	0	650
17198	1	629	5	5	0	640
17199	682	3	0	4	0	689
17200	3	3	2	670	0	678
17201	4	2	2	669	0	677
17202	754	2	1	1	0	758
17203	749	6	5	1	0	761
17204	771	1	2	3	0	777
17205	795	5	2	3	0	805
17206	5	3	2	785	0	795
17207	796	3	2	8	0	809
17208	3	3	3	795	0	804
17209	3	4	3	805	0	815
17210	5	3	1	812	0	821
17211	3	3	792	4	0	802
17212	4	755	1	6	0	766
17213	3	774	3	6	0	786
17214	6	3	1	785	0	795
17215	788	1	1	5	0	795
17216	5	1	1	776	0	783
17217	781	3	1	4	0	789
17218	2	4	737	5	0	748
17219	714	3	4	2	0	723
17220	1	2	3	722	0	728
17221	731	4	3	4	0	742
17222	713	1	2	8	0	724
17223	754	2	2	6	0	764
17224	3	3	3	746	0	755
17225	5	4	739	3	0	751
17226	4	0	3	728	0	735
17227	751	5	0	6	0	762
17228	3	1	853	5	0	862
17229	6	6	2	908	0	922
17230	991	1	2	3	0	997
17231	4	5	957	6	0	972
17232	980	2	4	3	0	989
17233	1021	5	0	6	0	1032
17234	6	2	3	1014	0	1025
17235	0	0	1	987	0	988
17236	1006	0	0	2	0	1008
17237	2	0	0	1016	0	1018
17238	1011	0	1	1	0	1013
17239	3	1003	1	3	0	1010
17240	2	1069	0	1	0	1072
17241	0	10	0	1069	0	1079
17242	1	4	1086	7	0	1098
17243	2	1071	6	4	0	1083
17244	1085	6	4	1	0	1096
17245	7	1055	5	1	0	1068
17246	3	10	1059	0	0	1072
17247	0	5	5	1036	0	1046
17248	1	0	1119	7	0	1127
17249	0	1172	6	4	0	1182
17250	2	7	2	1227	0	1238
17251	1	1188	1	6	0	1196
17252	1	8	1227	3	0	1239
17253	1	2	6	1166	0	1175
17254	1	0	1212	7	0	1220
17255	0	1	6	1179	0	1186
17256	1157	1	3	7	0	1168
17257	7	2	1132	4	0	1145
17258	1148	1	7	0	0	1156
17259	7	1	1183	1	0	1192
17260	3	0	6	1168	0	1177
17261	1	2	1262	7	0	1272
17262	1	1	6	1242	0	1250
17263	1	0	4	1262	0	1267
17264	2	0	1	1250	0	1253
17265	1	0	1	1279	0	1281
17266	0	1	1265	10	0	1276
17267	1116	0	7	4	0	1127
17268	6	1	4	1280	0	1291
17269	1318	0	0	11	0	1329
17270	1293	0	1	5	0	1299
17271	1327	0	1	2	0	1330
17272	11	0	0	1287	0	1298
17273	7	1	1	1315	0	1324
17274	3	1284	1	13	0	1301
17275	1434	10	0	3	0	1447
17276	1518	4	0	3	0	1525
17277	1509	3	1	3	0	1516
17278	30	6	1472	2	0	1510
17279	17	0	16	1475	0	1508
17280	9	2	1490	16	0	1517
17281	1452	1	17	11	0	1481
17282	1445	1	15	3	0	1464
17283	29	1	4	1395	0	1429
17284	16	1	7	1363	0	1387
17285	11	1409	4	25	0	1449
17286	1455	16	3	14	0	1488
17287	1462	10	3	9	0	1484
17288	30	1421	3	8	0	1462
17289	1440	21	1	3	0	1465
17290	25	11	2	1407	0	1445
17291	17	4	1	1432	0	1454
17292	1432	9	3	26	0	1470
17293	27	5	1405	14	0	1451
17294	1413	2	14	9	0	1438
17295	1436	3	10	8	0	1457
17296	32	1383	4	4	0	1423
17297	1419	15	10	5	0	1449
17298	25	12	1370	4	0	1411
17299	24	6	13	1377	0	1420
17300	1399	7	11	14	0	1431
17301	27	2	4	1404	0	1437
17302	19	1	1315	18	0	1353
17303	6	3	17	1305	0	1331
17304	11	1342	15	20	0	1388
17305	7	13	8	1380	0	1408
17306	7	12	9	1369	0	1397
17307	7	7	3	1369	0	1386
17308	9	7	2	1390	0	1408
17309	5	5	1328	37	0	1375
17310	8	4	15	1335	0	1362
17311	1350	3	13	31	0	1397
17312	19	1300	8	27	0	1354
17313	12	16	6	1353	0	1387
17314	9	13	1322	26	0	1370
17315	7	4	18	1342	0	1371
17316	1337	7	13	27	0	1384
17317	1292	1	7	26	0	1326
17318	1321	3	9	10	0	1343
17319	40	2	1	1336	0	1379
17320	29	3	1309	22	0	1363
17321	19	1285	21	19	0	1344
17322	1357	17	15	8	0	1397
17323	25	11	7	1321	0	1364
17324	20	3	9	1328	0	1360
17325	16	8	1330	36	0	1390
17326	16	1317	23	26	0	1382
17327	11	1392	17	17	0	1437
17328	8	37	7	1302	0	1354
17329	13	19	1232	24	0	1288
17330	1149	11	23	19	0	1202
17331	23	12	1253	13	0	1301
17332	1182	4	24	16	0	1226
17333	26	1223	19	32	0	1300
17334	24	21	1245	10	0	1300
17335	1183	13	24	12	0	1232
17336	24	1199	16	12	0	1251
17337	1233	30	6	9	0	1278
17338	32	14	1197	6	0	1249
17339	21	1151	20	6	0	1198
17340	1157	22	8	11	0	1198
17341	25	13	1118	11	0	1167
17342	1095	5	24	8	0	1132
17343	25	8	16	1101	0	1150
17344	1126	5	8	18	0	1157
17345	25	5	10	1109	0	1149
17346	1119	6	9	23	0	1157
17347	26	5	1089	23	0	1143
17348	19	8	15	1080	0	1122
17349	14	4	14	1016	0	1048
17350	18	7	971	31	0	1027
17351	9	8	20	1009	0	1046
17352	7	983	16	31	0	1037
17353	7	14	6	1118	0	1145
17354	10	15	12	1257	0	1294
17355	10	3	7	1461	0	1481
17356	8	12	1445	55	0	1520
17357	1454	3	45	32	0	1534
17358	64	6	17	1530	0	1617
17359	27	5	1491	73	0	1596
17360	1563	6	66	26	0	1661
17361	1577	6	21	21	0	1625
17362	1727	6	14	13	0	1760
17363	103	5	12	1673	0	1793
17364	49	8	9	2023	0	2089
17365	32	7	9	1973	0	2021
17366	20	1977	6	127	0	2130
17367	2005	95	8	65	0	2173
17368	2081	39	10	36	0	2166
17369	143	18	12	1975	0	2148
17370	66	9	1928	115	0	2118
17371	30	10	1964	59	0	2063
17372	19	1816	137	32	0	2004
17373	21	1957	46	17	0	2041
17374	1807	119	44	20	0	1990
17375	102	1857	12	14	0	1985
17376	1844	97	7	17	0	1965
17377	1877	37	8	17	0	1939
17378	1876	23	7	15	0	1921
17379	145	15	7	1764	0	1931
17380	66	9	6	1895	0	1976
17381	1883	7	2	135	0	2027
17382	117	6	10	1993	0	2126
17383	56	7	1927	129	0	2119
17384	2000	9	111	53	0	2173
17385	124	16	39	1932	0	2111
17386	55	15	16	2089	0	2175
17387	38	11	4	2152	0	2205
17388	24	16	1965	169	0	2174
17389	1965	9	119	65	0	2158
17390	139	7	2006	34	0	2186
17391	55	8	126	2009	0	2198
17392	36	9	2044	130	0	2219
17393	24	12	132	2018	0	2186
17394	27	10	43	2115	0	2195
17395	26	10	1986	166	0	2188
17396	27	11	128	1857	0	2023
17397	29	2029	51	125	0	2234
17398	2052	110	21	72	0	2255
17399	2138	41	17	40	0	2236
17400	169	15	15	2105	0	2304
17401	65	6	2078	142	0	2291
17402	41	2013	124	66	0	2244
17403	27	2183	52	42	0	2304
17404	2064	148	32	32	0	2276
17405	128	56	2008	35	0	2227
17406	2061	25	122	39	0	2247
17407	144	7	46	2066	0	2263
17408	54	14	37	2184	0	2289
17409	2013	10	24	177	0	2224
17410	131	2001	21	76	0	2229
17411	64	115	2011	41	0	2231
17412	40	39	122	2034	0	2235
17413	24	20	2030	146	0	2220
17414	19	2005	143	70	0	2237
17415	20	126	50	2074	0	2270
17416	2038	55	34	142	0	2269
17417	2164	27	26	66	0	2283
17418	170	21	2050	42	0	2283
17419	82	2080	123	41	0	2326
17420	2078	118	52	43	0	2291
17421	132	2097	34	36	0	2299
17422	74	138	22	2091	0	2325
17423	2096	59	21	129	0	2305
17424	138	39	22	2211	0	2410
17425	69	21	2070	156	0	2316
17426	40	20	131	2115	0	2306
17427	33	22	2062	151	0	2268
17428	32	26	132	2110	0	2300
17429	2050	14	47	156	0	2267
17430	133	2013	37	72	0	2255
17431	2014	120	24	50	0	2208
17432	150	61	24	1952	0	2187
17433	60	31	18	2080	0	2189
17434	45	26	1856	175	0	2102
17435	34	27	1960	85	0	2106
17436	40	1943	149	46	0	2178
17437	34	119	1970	50	0	2173
17438	1854	48	148	35	0	2085
17439	138	1958	58	40	0	2194
17440	50	2072	44	38	0	2204
17441	44	2114	26	43	0	2227
17442	41	177	21	2047	0	2286
17443	27	72	2042	136	0	2277
17444	35	2124	132	67	0	2358
17445	27	131	47	1988	0	2193
17446	19	2150	47	127	0	2343
17447	2145	139	25	65	0	2374
17448	2238	61	34	50	0	2383
17449	165	43	22	2142	0	2372
17450	79	17	33	2269	0	2398
17451	2033	26	24	176	0	2259
17452	131	1964	17	83	0	2195
17453	55	2072	23	50	0	2200
17454	36	147	12	1820	0	2015
17455	16	57	1626	116	0	1815
17456	18	1635	96	53	0	1802
17457	1529	94	32	32	0	1687
17458	71	1537	31	19	0	1658
17459	39	1581	12	22	0	1654
17460	1476	100	14	17	0	1607
17461	70	1529	17	19	0	1635
17462	32	76	1373	15	0	1496
17463	15	1366	51	18	0	1450
17464	1055	67	34	4	0	1160
17465	27	1061	10	3	0	1101
17466	1046	31	3	6	0	1086
17467	27	16	4	1035	0	1082
17468	17	9	5	1104	0	1135
17469	8	8	1060	32	0	1108
17470	4	1040	27	18	0	1089
17471	2	30	8	1083	0	1123
17472	1063	9	8	26	0	1106
17473	1074	14	2	8	0	1098
17474	33	1049	6	9	0	1097
17475	14	25	2	1102	0	1143
17476	1041	9	4	26	0	1080
17477	1043	13	3	9	0	1068
17478	32	9	995	7	0	1043
17479	10	5	932	8	0	955
17480	9	2	976	5	0	992
17481	7	928	20	1	0	956
17482	842	9	34	2	0	887
17483	6	815	3	2	0	826
17484	820	3	1	0	0	824
17485	4	837	1	2	0	844
17486	0	4	0	816	0	820
17487	829	1	0	4	0	834
17488	5	0	814	0	0	819
17489	794	1	4	0	0	799
17490	838	0	0	1	0	839
17491	5	850	1	0	0	856
17492	0	823	0	0	0	823
17493	842	2	0	1	0	845
17494	3	0	873	0	0	876
17495	854	0	1	0	0	855
17496	876	0	0	0	0	876
17497	1	0	0	838	0	839
17498	866	0	0	1	0	867
17499	1	0	0	983	0	984
17500	0	0	0	977	0	977
17501	0	0	0	925	0	925
17502	0	888	0	1	0	889
17503	926	1	0	0	0	927
17504	926	0	0	0	0	926
17505	1	0	0	915	0	916
17506	0	0	0	924	0	924
17507	0	897	1	3	0	901
17508	964	1	1	0	0	966
17509	2	2	936	0	0	940
17510	1	0	1	957	0	959
17511	0	1	941	1	0	943
17512	0	1	1	927	0	929
17513	1	0	1020	1	0	1022
17514	0	0	1	989	0	990
17515	1038	0	0	1	0	1039
17516	3	0	1031	0	0	1034
17517	986	0	1	1	0	988
17518	2	1003	1	1	0	1007
17519	0	1	0	1085	0	1086
17520	0	0	0	1109	0	1109
17521	1240	0	0	2	0	1242
17522	1	3	0	1296	0	1300
17523	1	1	1273	1	0	1276
17524	1155	0	1	2	0	1158
17525	1224	0	0	3	0	1227
17526	1217	0	0	0	0	1217
17527	1216	1	0	0	0	1217
17528	2	1165	3	1	0	1171
17529	0	1	1	1236	0	1238
17530	1234	0	0	2	0	1236
17531	1	0	1	1206	0	1208
17532	1221	0	1	2	0	1224
17533	1	0	1199	0	0	1200
17534	2	2	1189	1	0	1194
17535	1	23	1	1093	0	1118
17536	0	1145	1	0	0	1146
17537	1	1160	1	1	0	1163
17538	1179	1	0	0	0	1180
17539	1	0	1204	1	0	1206
17540	1042	0	2	2	0	1046
17541	1	1173	0	0	0	1174
17542	1168	0	0	1	0	1169
17543	0	0	1	1120	0	1121
17544	1	1	1099	0	0	1101
17545	1	0	0	1057	0	1058
17546	1	0	0	1095	0	1096
17547	1	1066	1	0	0	1068
17548	0	1198	1	3	0	1202
17549	0	1	0	1229	0	1230
17550	1	1212	0	1	0	1214
17551	2	2	1163	0	0	1167
17552	2	3	1136	0	0	1141
17553	993	0	6	0	0	999
17554	1202	0	0	0	0	1202
17555	1	1174	0	2	0	1177
17556	0	2	0	1147	0	1149
17557	0	1	0	1164	0	1165
17558	3	1	1139	2	0	1145
17559	0	0	2	1077	0	1079
17560	1	1091	2	4	0	1098
17561	1	4	1072	0	0	1077
17562	1	1	1067	0	0	1069
17563	0	975	3	3	0	981
17564	0	3	1058	0	0	1061
17565	0	0	2	1043	0	1045
17566	0	1	1	1008	0	1010
17567	0	1	1080	1	0	1082
17568	0	1	0	1008	0	1009
17569	0	1002	0	2	0	1004
17570	0	1054	1	0	0	1055
17571	0	1	1	1071	0	1073
17572	1	1	1074	1	0	1077
17573	1	1063	3	0	0	1067
17574	0	2	0	1133	0	1135
17575	1	1	1056	1	0	1059
17576	962	0	1	3	0	966
17577	1069	0	1	2	0	1072
17578	1070	1	0	0	0	1071
17579	1	0	0	1051	0	1052
17580	0	1	0	1047	0	1048
17581	0	0	1057	1	0	1058
17582	0	1	1	1036	0	1038
17583	0	1	0	1086	0	1087
17584	0	33	1041	1	0	1075
17585	847	0	2	6	0	855
17586	1	999	0	1	0	1001
17587	1041	1	0	0	0	1042
17588	1	999	2	1	0	1003
17589	0	1	0	1038	0	1039
17590	0	1	1009	1	0	1011
17591	0	0	1	954	0	955
17592	1	0	1000	1	0	1002
17593	755	0	10	2	0	767
17594	1	0	956	0	0	957
17595	0	0	1	886	0	887
17596	0	0	954	1	0	955
17597	0	879	6	2	0	887
17598	2	2	0	981	0	985
17599	0	0	0	865	0	865
17600	0	1	1	965	0	967
17601	1	0	943	5	0	949
17602	0	0	1025	1	0	1026
17603	1	0	5	1026	0	1032
17604	1	2	3	1467	0	1473
17605	1	0	3	1660	0	1664
17606	1750	0	3	35	0	1788
17607	31	0	0	1858	0	1889
17608	15	2	1860	43	0	1920
17609	2066	0	33	14	0	2113
17610	46	0	12	2116	0	2174
17611	2226	1	8	46	0	2281
17612	2235	0	2	19	0	2256
17613	64	1	1	2152	0	2218
17614	2160	0	2	57	0	2219
17615	2149	0	6	23	0	2178
17616	76	0	2089	14	0	2179
17617	33	2090	50	7	0	2180
17618	23	44	20	1973	0	2060
17619	10	17	10	2116	0	2153
17620	2051	8	3	70	0	2132
17621	1975	2	4	29	0	2010
17622	1938	2	0	17	0	1957
17623	80	4	1799	6	0	1889
17624	39	1847	48	4	0	1938
17625	1879	48	22	13	0	1962
17626	54	1902	12	10	0	1978
17627	1970	56	4	7	0	2037
17628	62	23	1	1940	0	2026
17629	1959	11	3	50	0	2023
17630	1980	4	6	25	0	2015
17631	2001	6	3	16	0	2026
17632	88	5	1962	6	0	2061
17633	2027	6	48	10	0	2091
17634	69	1981	24	8	0	2082
17635	2063	50	10	11	0	2134
17636	2083	19	5	11	0	2118
17637	2189	11	5	6	0	2211
17638	94	3	4	2039	0	2140
17639	42	2062	6	51	0	2161
17640	2109	47	3	23	0	2182
17641	64	29	2027	12	0	2132
17642	43	2098	48	10	0	2199
17643	30	54	22	1901	0	2007
17644	23	2083	12	45	0	2163
17645	2123	61	7	26	0	2217
17646	2151	34	4	17	0	2206
17647	86	14	4	2143	0	2247
17648	48	7	1968	60	0	2083
17649	26	2030	47	29	0	2132
17650	31	59	29	1570	0	1689
17651	18	34	13	1976	0	2041
17652	21	17	11	2115	0	2164
17653	2100	9	8	87	0	2204
17654	2138	11	5	45	0	2199
17655	2158	7	8	19	0	2192
17656	2182	11	6	19	0	2218
17657	98	10	5	2114	0	2227
17658	56	4	2107	73	0	2240
17659	32	9	57	2184	0	2282
17660	33	7	24	2240	0	2304
17661	33	4	16	2218	0	2271
17662	41	10	7	2270	0	2328
17663	2201	4	10	120	0	2335
17664	97	6	16	2217	0	2336
17665	2225	3	11	91	0	2330
17666	2261	4	22	60	0	2347
17667	129	14	2201	39	0	2383
17668	79	8	2201	39	0	2327
17669	55	9	2234	39	0	2337
17670	63	8	96	2182	0	2349
17671	48	8	2200	86	0	2342
17672	42	12	86	2165	0	2305
17673	43	21	36	2223	0	2323
17674	2200	8	24	113	0	2345
17675	90	17	20	2181	0	2308
17676	65	2190	21	95	0	2371
17677	2290	70	12	59	0	2431
17678	113	2297	17	29	0	2456
17679	62	83	2297	36	0	2478
17680	52	2339	69	30	0	2490
17681	2350	81	39	31	0	2501
17682	101	57	17	2316	0	2491
17683	92	25	2257	74	0	2448
17684	2306	17	72	51	0	2446
17685	113	21	39	2315	0	2488
17686	79	6	2299	88	0	2472
17687	57	19	82	2290	0	2448
17688	62	10	46	2349	0	2467
17689	55	14	24	2319	0	2412
17690	42	2292	20	110	0	2464
17691	2342	67	16	55	0	2480
17692	110	45	13	2278	0	2446
17693	77	2268	10	94	0	2449
17694	54	77	10	2318	0	2459
17695	52	53	2268	90	0	2463
17696	43	2292	78	56	0	2469
17697	2330	98	47	21	0	2496
17698	2392	57	24	20	0	2493
17699	112	26	23	2354	0	2515
17700	51	40	19	2350	0	2460
17701	2308	12	16	111	0	2447
17702	2135	24	13	64	0	2236
17703	113	2149	18	47	0	2327
17704	1720	41	16	18	0	1795
17705	53	19	1534	23	0	1629
17706	25	7	1433	22	0	1487
17707	12	1357	41	15	0	1425
17708	20	1353	14	11	0	1398
17709	1133	31	6	5	0	1175
17710	23	1137	2	13	0	1175
17711	1060	22	3	8	0	1093
17712	1058	9	7	9	0	1083
17713	1060	6	4	7	0	1077
17714	26	6	2	1025	0	1059
17715	1052	4	4	22	0	1082
17716	25	1	991	11	0	1028
17717	11	2	988	10	0	1011
17718	11	985	22	10	0	1028
17719	12	17	1008	2	0	1039
17720	6	5	21	973	0	1005
17721	8	5	1021	22	0	1056
17722	7	5	1012	6	0	1030
17723	3	3	27	1011	0	1044
17724	1024	5	11	21	0	1061
17725	1024	7	3	8	0	1042
17726	23	7	1043	6	0	1079
17727	997	6	19	4	0	1026
17728	27	9	1049	1	0	1086
17729	1047	3	18	2	0	1070
17730	1178	3	8	3	0	1192
17731	31	3	4	1155	0	1193
17732	13	3	3	1067	0	1086
17733	11	1041	8	24	0	1084
17734	5	1113	10	7	0	1135
17735	4	22	10	1113	0	1149
17736	6	11	5	1127	0	1149
17737	1021	4	6	25	0	1056
17738	16	1007	10	13	0	1046
17739	1019	16	6	2	0	1043
17740	15	1011	6	5	0	1037
17741	8	16	1019	4	0	1047
17742	7	3	16	973	0	999
17743	969	1	7	17	0	994
17744	1056	1	3	4	0	1064
17745	25	1014	6	1	0	1046
17746	10	1091	7	1	0	1109
17747	4	1077	2	2	0	1085
17748	6	15	2	1228	0	1251
17749	3	5	1196	24	0	1228
17750	6	1199	26	6	0	1237
17751	1	27	3	1233	0	1264
17752	1	5	0	1281	0	1287
17753	2	4	1255	28	0	1289
17754	1	2	1248	7	0	1258
17755	1222	3	31	4	0	1260
17756	32	6	1318	4	0	1360
17757	1314	4	31	4	0	1353
17758	1286	4	6	3	0	1299
17759	1289	4	5	4	0	1302
17760	1288	1	2	4	0	1295
17761	36	3	1253	4	0	1296
17762	5	1229	26	2	0	1262
17763	5	24	4	1301	0	1334
17764	7	3	1282	29	0	1321
17765	3	2	30	1258	0	1293
17766	5	1246	4	30	0	1285
17767	5	22	4	1323	0	1354
17768	3	2	3	1299	0	1307
17769	1	5	2	1309	0	1317
17770	1272	4	4	34	0	1314
17771	29	3	3	1286	0	1321
17772	3	1	4	1292	0	1300
17773	6	2	6	1269	0	1283
17774	4	1216	5	31	0	1256
17775	1223	28	2	14	0	1267
17776	32	1143	1	9	0	1185
17777	3	1117	4	8	0	1132
17778	6	25	5	1103	0	1139
17779	6	5	5	1130	0	1146
17780	1102	6	6	31	0	1145
17781	34	1	3	1109	0	1147
17782	1110	2	4	34	0	1150
17783	1339	4	1	8	0	1352
17784	41	2	3	1318	0	1364
17785	16	8	2	1321	0	1347
17786	9	1301	5	53	0	1368
17787	1343	46	2	25	0	1416
17788	45	1441	5	16	0	1507
17789	1499	56	9	9	0	1573
17790	57	17	1449	10	0	1533
17791	1490	10	50	10	0	1560
17792	1578	8	12	7	0	1605
17793	63	4	9	1534	0	1610
17794	23	9	1499	59	0	1590
17795	17	1476	50	18	0	1561
17796	9	51	15	1520	0	1595
17797	19	17	1430	56	0	1522
17798	13	12	49	1435	0	1509
17799	1396	6	14	62	0	1478
17800	58	9	1343	20	0	1430
17801	17	1359	56	15	0	1447
17802	13	1431	14	16	0	1474
17803	10	61	13	1211	0	1295
17804	8	1453	9	43	0	1513
17805	1458	60	10	20	0	1548
17806	1493	17	6	17	0	1533
17807	1470	14	7	15	0	1506
17808	73	7	1331	19	0	1430
17809	1410	8	56	12	0	1486
17810	67	15	16	1393	0	1491
17811	27	11	11	1425	0	1474
17812	19	9	10	1442	0	1480
17813	16	10	10	1459	0	1495
17814	19	9	1376	78	0	1482
17815	20	9	1397	29	0	1455
17816	15	15	1359	25	0	1414
17817	1346	9	64	20	0	1439
17818	50	1360	28	26	0	1464
17819	22	56	16	1390	0	1484
17820	1390	17	10	67	0	1484
17821	55	1401	10	33	0	1499
17822	28	1459	10	24	0	1521
17823	1427	68	7	17	0	1519
17824	1457	23	11	14	0	1505
17825	64	1418	8	21	0	1511
17826	36	59	4	1319	0	1418
17827	23	1375	6	60	0	1464
17828	1379	65	3	22	0	1469
17829	1390	13	7	22	0	1432
17830	1287	16	9	15	0	1327
17831	76	1228	11	15	0	1330
17832	34	53	7	1271	0	1365
17833	24	21	1233	63	0	1341
17834	20	18	49	1248	0	1335
17835	12	14	14	1311	0	1351
17836	13	14	1222	75	0	1324
17837	1217	11	52	36	0	1316
17838	64	4	20	1256	0	1344
17839	29	12	18	1208	0	1267
17840	25	1198	6	69	0	1298
17841	1203	60	6	33	0	1302
17842	61	26	9	1185	0	1281
17843	26	1209	8	63	0	1306
17844	1115	57	3	27	0	1202
17845	61	1125	8	21	0	1215
17846	1107	63	5	10	0	1185
17847	70	17	1064	17	0	1168
17848	19	15	949	12	0	995
17849	16	12	916	11	0	955
17850	11	932	62	9	0	1014
17851	26	48	25	806	0	905
17852	13	857	37	44	0	951
17853	873	46	7	20	0	946
17854	45	18	857	20	0	940
17855	859	18	41	9	0	927
17856	857	9	16	9	0	891
17857	57	9	17	853	0	936
17858	878	11	7	45	0	941
17859	58	6	8	909	0	981
17860	24	8	862	53	0	947
17861	850	8	35	24	0	917
17862	47	841	18	15	0	921
17863	16	36	14	829	0	895
17864	838	18	8	37	0	901
17865	40	14	5	845	0	904
17866	20	8	796	45	0	869
17867	14	9	32	823	0	878
17868	13	837	14	44	0	908
17869	859	37	11	15	0	922
17870	42	16	9	858	0	925
17871	866	12	6	40	0	924
17872	46	7	4	860	0	917
17873	15	6	4	858	0	883
17874	16	841	3	48	0	908
17875	838	34	4	25	0	901
17876	46	925	6	15	0	992
17877	21	43	6	901	0	971
17878	16	927	4	37	0	984
17879	930	42	3	20	0	995
17880	944	17	3	18	0	982
17881	924	13	5	13	0	955
17882	53	901	6	14	0	974
17883	6	701	4	4	0	715
17884	695	25	4	2	0	726
17885	26	768	3	4	0	801
17886	7	21	23	737	0	788
17887	5	4	733	24	0	766
17888	629	5	10	2	0	646
17889	639	1	1	2	0	643
17890	592	0	2	0	0	594
17891	13	576	0	1	0	590
17892	575	11	0	0	0	586
17893	13	1	557	1	0	572
17894	3	589	11	0	0	603
17895	1	9	0	598	0	608
17896	0	593	2	9	0	604
17897	593	11	0	1	0	605
17898	7	600	0	1	0	608
17899	1	10	0	603	0	614
17900	2	593	0	10	0	605
17901	1	9	0	608	0	618
17902	0	1	1	611	0	613
17903	0	1	600	12	0	613
17904	0	2	8	534	0	544
17905	557	0	0	11	0	568
17906	560	0	1	2	0	563
17907	12	0	0	554	0	566
17908	2	1	553	12	0	568
17909	1	0	8	544	0	553
17910	554	1	0	10	0	565
17911	562	0	1	1	0	564
17912	554	1	0	1	0	556
17913	12	582	0	2	0	596
17914	593	8	0	0	0	601
17915	12	1	554	1	0	568
17916	644	1	9	1	0	655
17917	15	0	1	688	0	704
17918	2	1	2	694	0	699
17919	2	1	0	703	0	706
17920	667	1	0	17	0	685
17921	663	1	0	4	0	668
17922	16	0	0	652	0	668
17923	3	0	685	15	0	703
17924	2	1	12	677	0	692
17925	1	0	0	709	0	710
17926	1	1	693	16	0	711
17927	1	652	11	3	0	667
17928	0	14	1	675	0	690
17929	677	1	2	14	0	694
17930	14	2	0	674	0	690
17931	2	0	0	690	0	692
17932	679	2	0	15	0	696
17933	14	646	1	4	0	665
17934	3	707	0	2	0	712
17935	705	16	0	2	0	723
17936	15	4	705	1	0	725
17937	691	1	14	1	0	707
17938	17	0	768	2	0	787
17939	2	760	15	1	0	778
17940	776	13	1	1	0	791
17941	790	4	1	0	0	795
17942	790	1	0	1	0	792
17943	777	1	1	1	0	780
17944	14	0	756	2	0	772
17945	5	0	14	709	0	728
17946	743	0	3	14	0	760
17947	16	4	760	2	0	782
17948	4	3	715	1	0	723
17949	3	709	12	1	0	725
17950	723	5	2	0	0	730
17951	5	1	0	721	0	727
17952	724	0	1	5	0	730
17953	5	696	0	3	0	704
17954	3	5	0	752	0	760
17955	1	1	1	730	0	733
17956	1	1	1	756	0	759
17957	1	1	713	7	0	722
17958	1	728	6	1	0	736
17959	782	6	1	2	0	791
17960	10	1	0	787	0	798
17961	782	1	1	8	0	792
17962	786	0	1	2	0	789
17963	8	1	0	773	0	782
17964	4	0	764	9	0	777
17965	0	1	7	774	0	782
17966	2	738	2	7	0	749
17967	2	8	0	773	0	783
17968	0	1	755	11	0	767
17969	745	0	9	2	0	756
17970	10	0	2	767	0	779
17971	761	2	1	11	0	775
17972	11	1	803	2	0	817
17973	761	0	11	1	0	773
17974	11	2	806	1	0	820
17975	758	0	11	2	0	771
17976	12	709	7	0	0	728
17977	3	777	2	3	0	785
17978	4	11	1	788	0	804
17979	3	1	1	774	0	779
17980	5	0	2	794	0	801
17981	790	2	0	14	0	806
17982	10	1	5	778	0	794
17983	3	0	859	16	0	878
17984	860	2	9	3	0	874
17985	9	800	3	3	0	815
17986	838	10	4	3	0	855
17987	796	3	1	3	0	803
17988	14	0	796	7	0	817
17989	5	1	10	799	0	815
17990	2	3	3	862	0	870
17991	3	3	841	14	0	861
17992	3	794	15	8	0	820
17993	851	13	4	3	0	871
17994	845	4	1	4	0	854
17995	15	1	3	828	0	847
17996	4	3	1	879	0	887
17997	3	2	1	900	0	906
17998	879	2	0	19	0	900
17999	13	895	1	6	0	915
18000	927	11	3	2	0	943
18001	942	5	1	3	0	951
18002	16	3	992	3	0	1014
18003	11	1	11	952	0	975
18004	2	988	6	13	0	1009
18005	6	14	1	1015	0	1036
18006	4	5	5	1039	0	1053
18007	5	2	1046	20	0	1073
18008	1112	1	16	10	0	1139
18009	1257	3	9	4	0	1273
18010	1243	4	2	3	0	1252
18011	34	1	2	1242	0	1279
18012	9	2	6	1197	0	1214
18013	4	1195	1	34	0	1234
18014	4	1240	1	15	0	1260
18015	1239	34	3	3	0	1279
18016	23	1137	3	6	0	1169
18017	14	21	1159	3	0	1197
18018	3	9	21	1179	0	1212
18019	1218	1	9	24	0	1252
18020	22	4	1169	14	0	1209
18021	10	5	1146	1	0	1162
18022	1195	4	28	3	0	1230
18023	1182	4	9	7	0	1202
18024	33	2	1	1161	0	1197
18025	14	3	1163	24	0	1204
18026	3	2	22	1161	0	1188
18027	7	4	1169	26	0	1206
18028	10	4	1169	12	0	1195
18029	3	1165	30	5	0	1203
18030	1210	23	9	4	0	1246
18031	1206	9	2	7	0	1224
18032	34	1169	9	4	0	1216
18033	12	22	2	1189	0	1225
18034	4	12	6	1157	0	1179
18035	5	3	5	1198	0	1211
18036	1152	5	3	33	0	1193
18037	29	1096	3	15	0	1143
18038	1104	23	4	4	0	1135
18039	1112	9	5	6	0	1132
18040	33	3	1068	8	0	1112
18041	17	1035	25	5	0	1082
18042	6	24	8	1085	0	1123
18043	8	15	1065	22	0	1110
18044	1048	2	21	18	0	1089
18045	1115	1	11	5	0	1132
18046	1111	5	5	9	0	1130
18047	1079	3	6	8	0	1096
18048	33	7	1	1064	0	1105
18049	16	4	1015	27	0	1062
18050	6	3	21	1033	0	1063
18051	1033	5	14	24	0	1076
18052	1049	2	2	15	0	1068
18053	36	1047	2	9	0	1094
18054	1058	23	6	6	0	1093
18055	27	12	1011	13	0	1063
18056	17	5	1006	8	0	1036
18057	1018	6	27	5	0	1056
18058	33	1006	12	3	0	1054
18059	17	21	1	936	0	975
18060	8	957	4	18	0	987
18061	5	19	3	974	0	1001
18062	7	12	3	958	0	980
18063	7	7	5	983	0	1002
18064	965	3	5	31	0	1004
18065	1008	5	4	12	0	1029
18066	1019	3	3	3	0	1028
18067	32	5	972	5	0	1014
18068	918	0	18	10	0	946
18069	23	2	16	964	0	1005
18070	14	2	6	978	0	1000
18071	11	6	969	24	0	1010
18072	8	6	18	1059	0	1091
18073	1112	4	13	24	0	1153
18074	27	3	1090	18	0	1138
18075	18	3	23	1088	0	1132
18076	1111	4	14	29	0	1158
18077	1078	3	6	18	0	1105
18078	38	4	1057	6	0	1105
18079	21	4	1060	9	0	1094
18080	15	3	26	1077	0	1121
18081	1105	5	17	29	0	1156
18082	1141	4	6	23	0	1174
18083	42	2	6	999	0	1049
18084	24	998	3	23	0	1048
18085	1020	21	10	17	0	1068
18086	30	1058	10	7	0	1105
18087	20	22	7	1078	0	1127
18088	17	17	1068	26	0	1128
18089	12	5	998	14	0	1029
18090	11	2	1016	6	0	1035
18091	7	7	28	1009	0	1051
18092	11	1	12	1039	0	1063
18093	1034	7	8	31	0	1080
18094	26	989	4	24	0	1043
18095	1031	21	7	7	0	1066
18096	27	8	8	935	0	978
18097	14	1005	10	23	0	1052
18098	8	1035	5	17	0	1065
18099	8	31	5	992	0	1036
18100	996	11	7	25	0	1039
18101	27	995	5	14	0	1041
18102	946	21	3	6	0	976
18103	19	1003	3	7	0	1032
18104	1032	20	4	4	0	1060
18105	18	16	971	7	0	1012
18106	18	5	970	6	0	999
18107	7	946	22	6	0	981
18108	852	31	4	1	0	888
18109	13	761	2	1	0	777
18110	3	787	3	7	0	800
18111	6	11	1	813	0	831
18112	817	5	4	7	0	833
18113	12	813	5	3	0	833
18114	810	10	2	1	0	823
18115	10	793	0	2	0	805
18116	806	8	1	3	0	818
18117	8	734	1	2	0	745
18118	4	730	2	3	0	739
18119	4	10	0	723	0	737
18120	4	725	1	7	0	737
18121	734	9	1	2	0	746
18122	6	8	719	2	0	735
18123	7	2	6	716	0	731
18124	2	5	714	7	0	728
18125	2	6	7	714	0	729
18126	1	2	3	744	0	750
18127	1	3	676	10	0	690
18128	590	2	6	5	0	603
18129	8	648	4	1	0	661
18130	693	6	2	7	0	708
18131	6	672	4	4	0	686
18132	6	6	1	686	0	699
18133	688	6	2	10	0	706
18134	685	2	2	7	0	696
18135	696	1	3	2	0	702
18136	10	5	0	682	0	697
18137	8	2	2	664	0	676
18138	5	644	4	45	0	698
18139	695	6	1	10	0	712
18140	700	3	2	2	0	707
18141	697	1	3	3	0	704
18142	755	3	1	3	0	762
18143	18	728	0	3	0	749
18144	8	12	0	758	0	778
18145	6	10	728	12	0	756
18146	720	2	14	5	0	741
18147	764	2	2	5	0	773
18148	21	5	708	3	0	737
18149	10	4	710	1	0	725
18150	3	5	15	721	0	744
18151	5	4	4	753	0	766
18152	7	1	6	772	0	786
18153	742	4	5	15	0	766
18154	18	3	2	753	0	776
18155	6	3	740	17	0	766
18156	5	3	17	748	0	773
18157	4	3	770	17	0	794
18158	2	2	16	755	0	775
18159	3	1	6	795	0	805
18160	6	2	751	21	0	780
18161	689	1	15	12	0	717
18162	14	779	10	7	0	810
18163	884	13	5	9	0	911
18164	21	9	3	958	0	991
18165	909	6	3	27	0	945
18166	28	936	2	12	0	978
18167	10	1044	4	8	0	1066
18168	9	82	1	1130	0	1222
18169	8	18	1217	40	0	1283
18170	3	16	1202	14	0	1235
18171	3	1203	52	16	0	1274
18172	1047	40	19	9	0	1115
18173	37	9	17	1062	0	1125
18174	1041	13	12	41	0	1107
18175	45	1033	5	11	0	1094
18176	17	1089	5	12	0	1123
18177	15	48	2	1071	0	1136
18178	1054	17	4	43	0	1118
18179	1187	19	2	11	0	1219
18180	50	16	1132	12	0	1210
18181	22	7	1122	11	0	1162
18182	1088	2	46	8	0	1144
18183	49	1082	24	2	0	1157
18184	1109	41	20	3	0	1173
18185	56	14	8	1099	0	1177
18186	21	16	1054	41	0	1132
18187	1040	12	39	14	0	1105
18188	47	1045	13	13	0	1118
18189	14	1099	14	9	0	1136
18190	15	50	11	1099	0	1175
18191	1097	19	9	41	0	1166
18192	48	18	6	1093	0	1165
18193	1125	15	4	53	0	1197
18194	54	7	1052	21	0	1134
18195	1060	5	37	19	0	1121
18196	1132	5	10	15	0	1162
18197	65	5	1019	6	0	1095
18198	1016	8	42	8	0	1074
18199	62	1151	9	12	0	1234
18200	29	39	16	1139	0	1223
18201	24	1124	15	35	0	1198
18202	1160	55	9	13	0	1237
18203	49	22	7	1076	0	1154
18204	21	1042	7	46	0	1116
18205	21	47	5	1062	0	1135
18206	19	1045	4	52	0	1120
18207	11	49	7	1088	0	1155
18208	1069	25	5	61	0	1160
18209	45	21	4	1086	0	1156
18210	20	15	1006	60	0	1101
18211	1005	13	38	24	0	1080
18212	50	4	14	1044	0	1112
18213	22	4	1004	55	0	1085
18214	22	8	999	20	0	1049
18215	18	8	1016	19	0	1061
18216	18	3	62	997	0	1080
18217	11	6	30	1056	0	1103
18218	10	3	24	1065	0	1102
18219	13	4	18	1099	0	1134
18220	1075	5	13	73	0	1166
18221	1109	9	8	36	0	1162
18222	1118	6	6	31	0	1161
18223	1137	4	7	22	0	1170
18224	74	8	6	1081	0	1169
18225	46	4	1115	54	0	1219
18226	1156	9	43	21	0	1229
18227	1215	9	12	24	0	1260
18228	68	6	14	1164	0	1252
18229	28	10	14	1204	0	1256
18230	1191	8	9	58	0	1266
18231	62	9	6	1151	0	1228
18232	24	1125	9	69	0	1227
18233	1183	47	7	30	0	1267
18234	1185	20	9	20	0	1234
18235	64	15	1153	25	0	1257
18236	32	19	51	1178	0	1280
18237	33	6	19	1245	0	1303
18238	1205	12	16	63	0	1296
18239	1241	9	14	30	0	1294
18240	65	6	9	1223	0	1303
18241	36	8	1160	68	0	1272
18242	33	6	1128	27	0	1194
18243	32	5	49	1146	0	1232
18244	18	33	22	1169	0	1242
18245	1142	4	26	54	0	1226
18246	48	1094	17	28	0	1187
18247	24	1164	16	27	0	1231
18248	24	1179	12	22	0	1237
18249	23	54	6	1172	0	1255
18250	1156	27	7	48	0	1238
18251	1159	20	6	25	0	1210
18252	54	1150	3	25	0	1232
18253	1163	37	3	24	0	1227
18254	65	15	4	1135	0	1219
18255	32	15	1103	42	0	1192
18256	32	12	35	1137	0	1216
18257	17	8	12	1159	0	1196
18258	23	4	11	1167	0	1205
18259	1137	5	8	59	0	1209
18260	45	4	12	1120	0	1181
18261	22	1099	7	63	0	1191
18262	1060	40	20	30	0	1150
18263	35	985	8	19	0	1047
18264	11	926	2	16	0	955
18265	14	910	5	13	0	942
18266	10	33	832	7	0	882
18267	8	768	24	2	0	802
18268	6	8	651	2	0	667
18269	553	1	3	1	0	558
18270	590	0	0	0	0	590
18271	4	0	649	0	0	653
18272	669	0	2	1	0	672
18273	723	0	1	0	0	724
18274	3	0	736	0	0	739
18275	0	699	3	1	0	703
18276	0	3	0	794	0	797
18277	808	0	0	2	0	810
18278	2	1	0	785	0	788
18279	687	1	0	3	0	691
18280	707	1	0	0	0	708
18281	5	0	704	1	0	710
18282	700	0	3	0	0	703
18283	4	680	1	0	0	685
18284	777	6	0	0	0	783
18285	6	2	0	766	0	774
18286	1	0	777	6	0	784
18287	0	0	6	764	0	770
18288	782	0	1	6	0	789
18289	3	756	0	2	0	761
18290	1	5	760	1	0	767
18291	1	1	5	722	0	729
18292	0	1	777	5	0	783
18293	0	717	6	1	0	724
18294	783	4	0	1	0	788
18295	5	2	1	778	0	786
18296	1	1	765	5	0	772
18297	0	3	720	1	0	724
18298	786	0	7	0	0	793
18299	4	1	1	702	0	708
18300	1	0	2	696	0	699
18301	1	0	710	8	0	719
18302	2	0	701	1	0	704
18303	0	699	8	1	0	708
18304	1	5	1	740	0	747
18305	1	1	1	736	0	739
18306	0	716	2	5	0	723
18307	2	8	715	0	0	725
18308	648	1	5	1	0	655
18309	5	0	1	742	0	748
18310	2	0	820	6	0	828
18311	1	0	7	779	0	787
18312	2	756	3	7	0	768
18313	1	6	787	2	0	796
18314	735	1	5	2	0	743
18315	5	0	800	1	0	806
18316	3	1	739	0	0	743
18317	1	1	744	1	0	747
18318	0	0	823	1	0	824
18319	0	0	7	856	0	863
18320	1	1	980	7	0	989
18321	0	3	11	934	0	948
18322	1	932	8	12	0	953
18323	1003	12	0	6	0	1021
18324	14	4	3	1049	0	1070
18325	7	2	968	14	0	991
18326	2	913	15	6	0	936
18327	1	14	7	977	0	999
18328	954	6	1	16	0	977
18329	14	947	3	5	0	969
18330	7	17	2	1028	0	1054
18331	1058	6	1	16	0	1081
18332	15	1	1019	7	0	1042
18333	1038	1	14	4	0	1057
18334	16	1	1046	1	0	1064
18335	988	0	11	0	0	999
18336	988	3	6	2	0	999
18337	23	2	979	0	0	1004
18338	7	963	12	4	0	986
18339	2	12	7	994	0	1015
18340	3	7	1098	13	0	1121
18341	1	3	14	1064	0	1082
18342	23	2	6	1132	0	1163
18343	2	4	1135	26	0	1167
18344	3	2	1114	10	0	1129
18345	4	1	18	1106	0	1129
18346	1228	2	8	20	0	1258
18347	18	1122	4	8	0	1152
18348	7	1158	4	3	0	1172
18349	1206	24	2	3	0	1235
18350	1202	8	3	1	0	1214
18351	24	3	4	1175	0	1206
18352	11	2	1	1203	0	1217
18353	3	0	4	1229	0	1236
18354	1166	0	4	21	0	1191
18355	18	1127	3	10	0	1158
18356	9	1150	4	3	0	1166
18357	5	24	2	1158	0	1189
18358	3	6	5	1265	0	1279
18359	0	3	5	1270	0	1278
18360	1249	2	2	28	0	1281
18361	17	1270	3	13	0	1303
18362	1310	18	4	4	0	1336
18363	20	7	1297	5	0	1329
18364	8	1339	19	5	0	1371
18365	4	21	7	1368	0	1400
18366	1375	8	2	27	0	1412
18367	28	5	1351	10	0	1394
18368	11	3	1348	3	0	1365
18369	5	4	27	1324	0	1360
18370	7	4	8	1381	0	1400
18371	4	0	3	1348	0	1355
18372	2	3	1	1303	0	1309
18373	4	2	0	1261	0	1267
18374	6	1198	1	35	0	1240
18375	3	26	4	1295	0	1328
18376	1226	9	3	29	0	1267
18377	24	1312	6	15	0	1357
18378	1332	25	4	8	0	1369
18379	27	8	1302	8	0	1345
18380	13	7	1256	5	0	1281
18381	7	4	24	1239	0	1274
18382	3	5	1669	23	0	1700
18383	5	4	43	1666	0	1718
18384	4	2	23	1664	0	1693
18385	1707	3	6	64	0	1780
18386	1619	3	3	27	0	1652
18387	62	1717	8	14	0	1801
18388	20	1812	5	8	0	1845
18389	9	67	4	1787	0	1867
18390	1777	23	6	51	0	1857
18391	49	13	1789	28	0	1879
18392	21	5	53	1778	0	1857
18393	11	5	20	1843	0	1879
18394	10	5	1759	75	0	1849
18395	5	1762	48	32	0	1847
18396	5	52	18	1826	0	1901
18397	9	21	1800	63	0	1893
18398	9	11	53	1786	0	1859
18399	1721	8	25	60	0	1814
18400	51	1718	11	30	0	1810
18401	18	1775	18	16	0	1827
18402	13	59	7	1790	0	1869
18403	1725	23	11	56	0	1815
18404	47	1716	8	32	0	1803
18405	1763	59	6	21	0	1849
18406	61	21	1719	17	0	1818
18407	36	12	1728	12	0	1788
18408	10	17	68	1611	0	1706
18409	10	9	24	1790	0	1833
18410	1673	8	15	80	0	1776
18411	69	8	10	1718	0	1805
18412	27	18	1701	69	0	1815
18413	15	20	52	1701	0	1788
18414	13	12	22	1795	0	1842
18415	14	9	1687	88	0	1798
18416	1602	14	58	39	0	1713
18417	57	8	27	1764	0	1856
18418	1678	8	17	72	0	1775
18419	54	1535	19	39	0	1647
18420	1481	46	11	16	0	1554
18421	48	1440	9	26	0	1523
18422	26	1478	12	14	0	1530
18423	62	60	8	1497	0	1627
18424	1492	24	12	52	0	1580
18425	1509	18	6	26	0	1559
18426	59	17	6	1488	0	1570
18427	1493	10	8	58	0	1569
18428	1584	7	10	22	0	1623
18429	66	17	10	1549	0	1642
18430	1489	10	11	60	0	1570
18431	56	1436	12	33	0	1537
18432	1494	41	13	18	0	1566
18433	54	23	1469	21	0	1567
18434	1551	11	45	22	0	1629
18435	52	10	22	1553	0	1637
18436	33	2	15	1602	0	1652
18437	17	10	13	1609	0	1649
18438	15	6	10	1607	0	1638
18439	13	9	7	1598	0	1627
18440	15	1344	11	74	0	1444
18441	19	1426	13	37	0	1495
18442	1406	57	1	23	0	1487
18443	52	27	1344	18	0	1441
18444	1368	16	38	18	0	1440
18445	62	13	1364	18	0	1457
18446	42	14	40	1301	0	1397
18447	19	21	16	1368	0	1424
18448	1326	12	8	68	0	1414
18449	56	9	1331	30	0	1426
18450	37	8	37	1345	0	1427
18451	26	6	1331	62	0	1425
18452	25	1305	44	29	0	1403
18453	28	41	20	1360	0	1449
18454	1340	19	13	62	0	1434
18455	1320	11	10	36	0	1377
18456	1375	18	4	21	0	1418
18457	68	1329	5	25	0	1427
18458	36	1321	10	20	0	1387
18459	1189	60	12	25	0	1286
18460	59	1277	6	29	0	1371
18461	21	1261	10	29	0	1321
18462	23	59	1164	28	0	1274
18463	20	1169	42	24	0	1255
18464	8	1167	24	18	0	1217
18465	13	61	7	1160	0	1241
18466	16	34	1119	44	0	1213
18467	23	13	1122	26	0	1184
18468	1086	12	53	25	0	1176
18469	51	10	1133	11	0	1205
18470	1157	9	51	11	0	1228
18471	50	6	26	1106	0	1188
18472	35	1102	13	48	0	1198
18473	1167	42	10	26	0	1245
18474	1229	19	10	16	0	1274
18475	56	14	11	1155	0	1236
18476	31	12	6	1187	0	1236
18477	20	9	10	1198	0	1237
18478	1137	11	7	63	0	1218
18479	1142	7	9	34	0	1192
18480	1151	10	6	16	0	1183
18481	65	1111	9	15	0	1200
18482	717	13	0	4	0	734
18483	13	697	2	1	0	713
18484	11	709	1	3	0	724
18485	2	8	2	652	0	664
18486	0	645	1	5	0	651
18487	543	7	0	2	0	552
18488	6	3	2	544	0	555
18489	535	2	1	5	0	543
18490	7	518	1	4	0	530
18491	2	561	3	1	0	567
18492	587	6	0	2	0	595
18493	8	575	0	2	0	585
18494	7	6	0	606	0	619
18495	5	6	1	696	0	708
18496	771	4	0	16	0	791
18497	16	0	1	778	0	795
18498	8	4	774	15	0	801
18499	8	0	10	791	0	809
18500	805	4	7	14	0	830
18501	23	848	2	5	0	878
18502	949	19	2	6	0	976
18503	945	9	1	4	0	959
18504	976	5	1	7	0	989
18505	32	2	975	5	0	1014
18506	12	4	1000	5	0	1021
18507	1022	4	24	7	0	1057
18508	27	959	13	4	0	1003
18509	13	26	5	984	0	1028
18510	6	13	4	975	0	998
18511	7	930	4	30	0	971
18512	4	998	8	12	0	1022
18513	6	27	3	1003	0	1039
18514	3	11	3	1032	0	1049
18515	7	8	975	35	0	1025
18516	5	5	947	23	0	980
18517	956	4	31	13	0	1004
18518	1011	2	17	5	0	1035
18519	37	3	9	993	0	1042
18520	17	5	991	28	0	1041
18521	14	6	25	988	0	1033
18522	999	4	10	32	0	1045
18523	34	2	978	13	0	1027
18524	13	4	30	987	0	1034
18525	9	5	984	29	0	1027
18526	8	929	30	11	0	978
18527	4	37	988	7	0	1036
18528	4	10	27	898	0	939
18529	933	7	9	26	0	975
18530	26	3	7	932	0	968
18531	1006	7	7	26	0	1046
18532	1026	2	4	13	0	1045
18533	979	0	5	12	0	996
18534	40	6	905	5	0	956
18535	934	1	27	6	0	968
18536	33	3	12	941	0	989
18537	17	2	5	960	0	984
18538	16	4	915	35	0	970
18539	4	3	25	940	0	972
18540	938	1	12	35	0	986
18541	26	913	11	13	0	963
18542	1042	24	6	9	0	1081
18543	1050	9	5	9	0	1073
18544	1058	5	6	11	0	1080
18545	38	6	2	1029	0	1075
18546	16	6	1073	24	0	1119
18547	12	2	25	1070	0	1109
18548	13	0	9	1099	0	1121
18549	1066	1	9	36	0	1112
18550	1048	1	4	16	0	1069
18551	35	0	1043	11	0	1089
18552	20	2	24	1084	0	1130
18553	11	0	1097	32	0	1140
18554	1186	5	37	14	0	1242
18555	42	1336	11	13	0	1402
18556	1421	34	5	11	0	1471
18557	49	1388	8	4	0	1449
18558	1424	43	4	9	0	1480
18559	50	1413	3	5	0	1471
18560	19	45	5	1388	0	1457
18561	14	12	3	1459	0	1488
18562	1433	5	5	49	0	1492
18563	1441	5	5	19	0	1470
18564	1457	1	5	17	0	1480
18565	1424	3	6	8	0	1441
18566	1454	0	3	12	0	1469
18567	55	4	5	1397	0	1461
18568	25	1416	7	41	0	1489
18569	19	40	3	1410	0	1472
18570	12	1416	4	43	0	1475
18571	6	42	2	1413	0	1463
18572	9	1392	12	42	0	1455
18573	10	44	3	1445	0	1502
18574	8	19	1343	47	0	1417
18575	1300	11	33	20	0	1364
18576	39	1355	12	13	0	1419
18577	1350	37	11	10	0	1408
18578	49	16	1291	8	0	1364
18579	1310	7	39	9	0	1365
18580	54	6	1434	9	0	1503
18581	18	4	47	1482	0	1551
18582	20	1605	16	51	0	1692
18583	9	51	1654	17	0	1731
18584	13	17	52	1675	0	1757
18585	1659	11	20	55	0	1745
18586	52	7	13	1709	0	1781
18587	23	8	5	1756	0	1792
18588	15	9	3	1775	0	1802
18589	10	10	1639	73	0	1732
18590	8	6	46	1694	0	1754
18591	16	1610	16	64	0	1706
18592	9	50	7	1669	0	1735
18593	7	12	6	1724	0	1749
18594	1661	6	3	71	0	1741
18595	60	9	5	1652	0	1726
18596	25	3	1622	55	0	1705
18597	18	6	1617	16	0	1657
18598	7	5	1602	18	0	1632
18599	2	1576	63	14	0	1655
18600	1575	42	18	10	0	1645
18601	39	1519	7	10	0	1575
18602	1478	38	4	4	0	1524
18603	42	12	2	1466	0	1522
18604	19	9	1475	35	0	1538
18605	13	4	1397	20	0	1434
18606	8	1366	44	13	0	1431
18607	7	39	13	1348	0	1407
18608	9	16	6	1393	0	1424
18609	5	6	2	1429	0	1442
18610	10	5	1370	54	0	1439
18611	1303	2	39	22	0	1366
18612	44	8	1360	10	0	1422
18613	20	5	44	1360	0	1429
18614	9	8	13	1418	0	1448
18615	10	6	1340	57	0	1413
18616	1308	5	38	24	0	1375
18617	49	1342	13	13	0	1417
18618	1386	40	12	12	0	1450
18619	50	17	3	1329	0	1399
18620	17	1357	10	46	0	1430
18621	11	50	10	1392	0	1463
18622	1374	18	4	57	0	1453
18623	48	19	7	1348	0	1422
18624	31	7	1294	54	0	1386
18625	1321	11	37	28	0	1397
18626	1358	6	16	16	0	1396
18627	57	4	1281	16	0	1358
18628	25	8	42	1315	0	1390
18629	1325	9	16	56	0	1406
18630	52	6	10	1331	0	1399
18631	24	7	4	1292	0	1327
18632	24	6	7	1295	0	1332
18633	14	9	5	1316	0	1344
18634	14	7	1203	63	0	1287
18635	7	6	41	1259	0	1313
18636	3	11	1214	57	0	1285
18637	1214	10	40	27	0	1291
18638	1283	11	13	20	0	1327
18639	1276	10	9	24	0	1319
18640	1284	10	8	18	0	1320
18641	58	4	7	1252	0	1321
18642	1156	2	13	44	0	1215
18643	52	7	1127	19	0	1205
18644	18	7	1137	14	0	1176
18645	1105	1	50	18	0	1174
18646	41	1028	20	12	0	1101
18647	15	1096	12	15	0	1138
18648	14	49	5	1065	0	1133
18649	11	15	1037	48	0	1111
18650	1007	8	53	19	0	1087
18651	47	4	1039	22	0	1112
18652	21	999	36	15	0	1071
18653	15	33	979	14	0	1041
18654	6	916	29	16	0	967
18655	758	26	33	7	0	824
18656	25	706	5	6	0	742
18657	9	721	6	10	0	746
18658	6	34	2	720	0	762
18659	4	10	706	27	0	747
18660	3	8	23	687	0	721
18661	9	0	11	744	0	764
18662	3	6	717	33	0	759
18663	6	6	21	689	0	722
18664	7	703	12	26	0	748
18665	4	22	10	728	0	764
18666	724	8	7	32	0	771
18667	24	4	4	741	0	773
18668	13	3	690	29	0	735
18669	7	4	24	701	0	736
18670	5	6	691	30	0	732
18671	675	1	20	20	0	716
18672	27	1	14	708	0	750
18673	717	3	7	29	0	756
18674	28	5	687	12	0	732
18675	663	1	21	11	0	696
18676	25	715	12	6	0	758
18677	17	20	791	8	0	836
18678	5	8	24	796	0	833
18679	11	7	845	27	0	890
18680	5	699	21	12	0	737
18681	5	685	12	6	0	708
18682	501	8	2	2	0	513
18683	11	496	2	1	0	510
18684	496	8	1	3	0	508
18685	8	1	1	496	0	506
18686	3	2	487	12	0	504
18687	2	484	8	6	0	500
18688	1	8	2	502	0	513
18689	1	2	2	504	0	509
18690	4	0	1	503	0	508
18691	0	2	0	467	0	469
18692	3	453	4	8	0	468
18693	3	471	1	5	0	480
18694	436	7	4	3	0	450
18695	9	393	2	3	0	407
18696	2	7	2	324	0	335
18697	2	1	309	9	0	321
18698	3	409	8	2	0	422
18699	2	12	0	436	0	450
18700	4	21	0	412	0	437
18701	1	434	2	7	0	444
18702	432	12	1	2	0	447
18703	9	2	427	3	0	441
18704	373	0	6	1	0	380
18705	5	423	0	1	0	429
18706	420	5	0	0	0	425
18707	4	452	2	0	0	458
18708	2	5	0	481	0	488
18709	0	2	0	488	0	490
18710	479	0	0	7	0	486
18711	6	2	0	483	0	491
18712	2	0	476	8	0	486
18713	0	458	6	3	0	467
18714	2	474	1	0	0	477
18715	0	7	0	483	0	490
18716	0	1	476	6	0	483
18717	0	2	6	464	0	472
18718	0	2	1	489	0	492
18719	0	1	470	8	0	479
18720	2	0	465	1	0	468
18721	0	457	9	2	0	468
18722	479	6	1	2	0	488
18723	6	2	2	469	0	479
18724	2	444	3	5	0	454
18725	462	8	0	2	0	472
18726	8	1	0	461	0	470
18727	1	1	0	470	0	472
18728	2	448	0	7	0	457
18729	2	6	0	470	0	478
18730	464	1	1	11	0	477
18731	6	1	0	465	0	472
18732	3	2	0	460	0	465
18733	0	0	440	12	0	452
18734	3	2	424	1	0	430
18735	445	2	7	3	0	457
18736	7	1	1	455	0	464
18737	1	1	3	462	0	467
18738	0	0	4	465	0	469
18739	3	1	441	8	0	453
18740	444	0	6	5	0	455
18741	6	0	3	461	0	470
18742	2	2	2	467	0	473
18743	453	2	1	9	0	465
18744	9	443	0	3	0	455
18745	1	6	439	5	0	451
18746	0	3	6	441	0	450
18747	3	446	1	6	0	456
18748	1	7	1	460	0	469
18749	453	1	3	8	0	465
18750	6	3	1	460	0	470
18751	433	3	1	8	0	445
18752	448	0	1	5	0	454
18753	10	2	0	432	0	444
18754	2	380	1	9	0	392
18755	3	386	2	3	0	394
18756	4	5	377	4	0	390
18757	1	4	8	372	0	385
18758	3	2	1	393	0	399
18759	2	2	0	401	0	405
18760	391	1	2	11	0	405
18761	7	1	1	381	0	390
18762	3	1	376	10	0	390
18763	365	1	9	5	0	380
18764	9	0	3	377	0	389
18765	3	2	0	387	0	392
18766	2	3	377	10	0	392
18767	359	2	8	4	0	373
18768	6	0	4	383	0	393
18769	5	1	401	10	0	417
18770	3	1	8	407	0	419
18771	3	1	2	384	0	390
18772	1	388	4	7	0	400
18773	389	10	3	2	0	404
18774	402	4	1	3	0	410
18775	7	394	2	5	0	408
18776	389	11	2	2	0	404
18777	361	5	0	4	0	370
18778	12	0	1	368	0	381
18779	2	2	307	12	0	323
18780	3	2	363	3	0	371
18781	6	3	340	2	0	351
18782	4	0	338	6	0	348
18783	2	0	9	339	0	350
18784	0	4	5	342	0	351
18785	3	1	4	345	0	353
18786	1	0	4	352	0	357
18787	358	1	2	14	0	375
18788	9	401	3	8	0	421
18789	440	7	0	7	0	454
18790	11	3	428	7	0	449
18791	6	2	524	4	0	536
18792	6	2	12	537	0	557
18793	553	2	4	13	0	572
18794	499	1	5	7	0	512
18795	13	525	5	5	0	548
18796	7	542	2	5	0	556
18797	3	110	4	493	0	610
18798	488	3	3	8	0	502
18799	7	461	2	5	0	475
18800	476	9	0	3	0	488
18801	462	4	1	3	0	470
18802	465	3	1	2	0	471
18803	13	2	455	2	0	472
18804	6	456	7	1	0	470
18805	460	5	2	0	0	467
18806	470	3	0	0	0	473
18807	9	412	2	2	0	425
18808	3	404	2	0	0	409
18809	409	5	1	1	0	416
18810	6	3	1	403	0	413
18811	4	2	418	3	0	427
18812	414	3	3	1	0	421
18813	5	3	1	425	0	434
18814	3	453	1	5	0	462
18815	3	4	1	491	0	499
18816	4	2	475	5	0	486
18817	2	2	5	473	0	482
18818	555	1	3	5	0	564
18819	5	1	1	550	0	557
18820	3	1	1	555	0	560
18821	5	2	541	6	0	554
18822	2	2	5	524	0	533
18823	3	521	2	8	0	534
18824	555	4	1	5	0	565
18825	534	2	1	3	0	540
18826	5	4	535	3	0	547
18827	4	1	4	527	0	536
18828	4	513	3	6	0	526
18829	6	538	1	3	0	548
18830	550	7	1	2	0	560
18831	6	4	1	551	0	562
18832	5	2	541	6	0	554
18833	4	3	516	3	0	526
18834	2	3	5	546	0	556
18835	546	5	1	4	0	556
18836	546	1	2	3	0	552
18837	8	0	3	536	0	547
18838	3	2	533	5	0	543
18839	4	517	4	4	0	529
18840	544	6	2	3	0	555
18841	7	619	2	3	0	631
18842	644	5	2	2	0	653
18843	7	2	2	634	0	645
18844	2	3	629	8	0	642
18845	4	6	6	620	0	636
18846	630	3	1	9	0	643
18847	7	1	613	4	0	625
18848	4	602	6	6	0	618
18849	4	2	3	627	0	636
18850	627	3	5	8	0	643
18851	5	3	606	8	0	622
18852	7	1	7	611	0	626
18853	3	2	3	633	0	641
18854	2	4	626	9	0	641
18855	4	1	6	601	0	612
18856	5	2	625	7	0	639
18857	549	4	9	5	0	567
18858	7	1	3	643	0	654
18859	3	2	657	6	0	668
18860	1	648	7	6	0	662
18861	690	3	4	6	0	703
18862	901	2	2	7	0	912
18863	14	2	5	991	0	1012
18864	4	1026	3	14	0	1047
18865	1054	19	1	7	0	1081
18866	18	2	3	1053	0	1076
18867	10	4	1027	19	0	1060
18868	1011	4	17	9	0	1041
18869	21	977	5	7	0	1010
18870	9	18	2	1157	0	1186
18871	1167	2	5	26	0	1200
18872	22	6	1150	5	0	1183
18873	12	7	1133	7	0	1159
18874	12	6	22	1053	0	1093
18875	5	5	1142	24	0	1176
18876	8	3	23	1097	0	1131
18877	6	1027	12	25	0	1070
18878	4	21	14	1100	0	1139
18879	1087	5	3	33	0	1128
18880	18	6	1070	6	0	1100
18881	6	1039	23	13	0	1081
18882	6	24	4	1088	0	1122
18883	3	5	1219	29	0	1256
18884	6	7	25	1157	0	1195
18885	2	1165	15	23	0	1205
18886	2	1195	8	10	0	1215
18887	1181	22	6	9	0	1218
18888	19	1152	4	7	0	1182
18889	2	23	1111	5	0	1141
18890	1011	6	20	1	0	1038
18891	19	8	1156	2	0	1185
18892	8	1	23	1062	0	1094
18893	7	5	1175	16	0	1203
18894	0	1146	24	7	0	1177
18895	4	20	3	1217	0	1244
18896	3	1	7	1241	0	1252
18897	2	5	2	1187	0	1196
18898	1	2	1136	21	0	1160
18899	4	5	12	1106	0	1127
18900	0	3	2	1178	0	1183
18901	1143	1	5	18	0	1167
18902	1168	2	1	9	0	1180
18903	19	1	1169	6	0	1195
18904	5	1117	22	6	0	1150
18905	6	17	1144	7	0	1174
18906	5	4	21	1140	0	1170
18907	6	3	1176	22	0	1207
18908	4	2	25	1156	0	1187
18909	0	5	4	1200	0	1209
18910	4	1	1168	19	0	1192
18911	1015	3	21	12	0	1051
18912	19	1159	7	5	0	1190
18913	5	19	2	1203	0	1229
18914	5	2	1148	22	0	1177
18915	2	4	1086	6	0	1098
18916	1045	2	20	3	0	1070
18917	19	1081	5	4	0	1109
18918	3	20	1	1101	0	1125
18919	1095	3	6	19	0	1123
18920	21	4	4	1086	0	1115
18921	8	0	2	1141	0	1151
18922	3	5	1141	21	0	1170
18923	1074	2	18	11	0	1105
18924	1184	0	4	7	0	1195
18925	19	4	6	1175	0	1204
18926	1185	1	2	26	0	1214
18927	24	1	4	1174	0	1203
18928	6	1103	8	22	0	1139
18929	15	1166	2	3	0	1186
18930	2	22	1	1208	0	1233
18931	1203	3	3	22	0	1231
18932	19	5	3	1199	0	1226
18933	1233	5	4	24	0	1266
18934	1236	5	2	8	0	1251
18935	21	3	6	1216	0	1246
18936	12	2	4	1234	0	1252
18937	5	5	1198	28	0	1236
18938	6	3	1231	12	0	1252
18939	8	1	23	1233	0	1265
18940	1	2	1277	22	0	1302
18941	1142	2	22	9	0	1175
18942	20	2	9	1220	0	1251
18943	4	0	1253	25	0	1282
18944	1236	0	27	12	0	1275
18945	1441	2	8	8	0	1459
18946	36	1503	5	6	0	1550
18947	13	29	4	1583	0	1629
18948	7	10	1623	30	0	1670
18949	1616	10	27	9	0	1662
18950	1708	0	9	8	0	1725
18951	41	7	1734	1	0	1783
18952	1751	1	31	7	0	1790
18953	33	3	11	1764	0	1811
18954	13	2	8	1816	0	1839
18955	1788	2	3	40	0	1833
18956	1790	1	8	14	0	1813
18957	40	2	3	1797	0	1842
18958	15	1	1871	37	0	1924
18959	5	1754	32	18	0	1809
18960	7	25	1832	12	0	1876
18961	7	7	1821	5	0	1840
18962	2	1636	30	7	0	1675
18963	1	16	9	1506	0	1532
18964	0	9	3	1579	0	1591
18965	3	3	1543	25	0	1574
18966	3	2	20	1512	0	1537
18967	1560	1	9	20	0	1590
18968	19	5	1499	11	0	1534
18969	1526	2	21	6	0	1555
18970	1496	0	10	5	0	1511
18971	1499	0	6	2	0	1507
18972	29	3	1440	4	0	1476
18973	15	1	1487	4	0	1507
18974	8	0	23	1443	0	1474
18975	7	2	10	1451	0	1470
18976	4	1435	5	26	0	1470
18977	1498	14	5	11	0	1528
18978	1491	6	7	3	0	1507
18979	24	1476	5	5	0	1510
18980	1489	17	2	5	0	1513
18981	17	1426	4	5	0	1452
18982	1489	15	3	2	0	1509
18983	16	9	4	1349	0	1378
18984	12	3	1328	17	0	1360
18985	6	4	1286	10	0	1306
18986	5	3	23	1341	0	1372
18987	2	1	11	1397	0	1411
18988	8	2	1343	20	0	1373
18989	5	3	15	1313	0	1336
18990	6	0	11	1342	0	1359
18991	1246	2	10	22	0	1280
18992	1251	1	4	14	0	1270
18993	1246	1	1	11	0	1259
18994	25	2	1169	3	0	1199
18995	13	1149	18	5	0	1185
18996	9	11	9	1197	0	1226
18997	8	9	1228	15	0	1260
18998	9	1200	15	8	0	1232
18999	1265	16	11	4	0	1296
19000	17	8	7	1259	0	1291
19001	15	3	3	1270	0	1291
19002	1270	4	6	24	0	1304
19003	18	4	5	1256	0	1283
19004	13	2	3	1257	0	1275
19005	1251	3	3	27	0	1284
19006	19	2	1235	14	0	1270
19007	13	1218	16	8	0	1255
19008	1259	15	10	5	0	1289
19009	20	8	1273	5	0	1306
19010	1262	3	16	5	0	1286
19011	21	1282	10	9	0	1322
19012	1301	13	7	4	0	1325
19013	1285	9	5	4	0	1303
19014	1297	3	4	6	0	1310
19015	22	2	8	1269	0	1301
19016	13	5	2	1271	0	1291
19017	6	1232	6	21	0	1265
19018	8	1246	5	10	0	1269
19019	6	1262	1	8	0	1277
19020	1272	21	5	5	0	1303
19021	16	11	1212	7	0	1246
19022	12	4	14	1182	0	1212
19023	8	3	8	1194	0	1213
19024	5	1154	4	24	0	1187
19025	3	18	6	1197	0	1224
19026	9	8	2	1183	0	1202
19027	4	1165	5	26	0	1200
19028	1181	16	1	12	0	1210
19029	15	1161	4	6	0	1186
19030	11	18	1124	6	0	1159
19031	1144	9	13	6	0	1172
19032	21	1152	13	6	0	1192
19033	1129	17	4	3	0	1153
19034	17	8	2	1121	0	1148
19035	10	3	3	1151	0	1167
19036	4	5	1141	21	0	1171
19037	9	6	1129	10	0	1154
19038	4	5	19	1133	0	1161
19039	1135	4	8	16	0	1163
19040	1212	4	5	8	0	1229
19041	24	1259	3	7	0	1293
19042	8	1231	5	7	0	1251
19043	7	1200	2	2	0	1211
19044	3	58	11	1171	0	1243
19045	1097	2	0	15	0	1114
19046	971	2	1	2	0	976
19047	1004	2	3	0	0	1009
19048	14	4	895	2	0	915
19049	5	1313	15	1	0	1334
19050	4	11	2	1607	0	1624
19051	1647	5	1	16	0	1669
19052	28	5	1	1670	0	1704
19053	3	6	0	1710	0	1719
19054	1677	1	1	33	0	1712
19055	1822	0	1	4	0	1827
19056	40	2	1812	5	0	1859
19057	8	0	32	1861	0	1901
19058	7	0	1694	33	0	1734
19059	2	2	36	1750	0	1790
19060	3	6	1624	36	0	1669
19061	3	36	33	1675	0	1747
19062	1629	3	5	36	0	1673
19063	30	1625	5	13	0	1673
19064	6	1677	2	11	0	1696
19065	11	36	1	1359	0	1407
19066	4	1657	3	24	0	1688
19067	1646	34	4	8	0	1692
19068	1700	6	2	8	0	1716
19069	37	8	1610	1	0	1656
19070	9	1623	31	10	0	1673
19071	5	32	9	1703	0	1749
19072	6	6	1677	37	0	1726
19073	1646	6	30	5	0	1687
19074	34	9	4	1675	0	1722
19075	10	6	1652	35	0	1703
19076	6	3	32	1703	0	1744
19077	1668	6	4	38	0	1716
19078	45	2	1635	9	0	1691
19079	1623	1	35	6	0	1665
19080	1661	4	12	5	0	1682
19081	34	8	6	1638	0	1686
19082	13	2	1602	38	0	1655
19083	15	2	1616	6	0	1639
19084	1622	5	36	11	0	1674
19085	1673	2	10	14	0	1699
19086	40	3	1603	8	0	1654
19087	13	4	32	1604	0	1653
19088	15	4	12	1489	0	1520
19089	6	1593	11	35	0	1645
19090	15	36	5	1633	0	1689
19091	1634	8	5	46	0	1693
19092	38	5	7	1653	0	1703
19093	7	2	1594	46	0	1649
19094	1607	5	41	13	0	1666
19095	47	7	8	1595	0	1657
19096	16	4	1553	42	0	1615
19097	10	1541	43	15	0	1609
19098	1464	38	9	16	0	1527
19099	41	1567	8	19	0	1635
19100	1577	42	8	12	0	1639
19101	54	10	1492	12	0	1568
19102	18	1467	39	18	0	1542
19103	16	1562	17	18	0	1613
19104	19	42	12	1528	0	1601
19105	19	12	7	1598	0	1636
19106	10	6	1521	62	0	1599
19107	9	8	51	1560	0	1628
19108	1535	13	13	52	0	1613
19109	54	4	1466	24	0	1548
19110	12	13	51	1511	0	1587
19111	25	7	1443	48	0	1523
19112	1465	11	50	19	0	1545
19113	38	1499	16	29	0	1582
19114	1540	48	20	19	0	1627
19115	1590	15	9	31	0	1645
19116	1605	13	14	29	0	1661
19117	65	16	1499	17	0	1597
19118	32	1535	37	27	0	1631
19119	27	46	23	1543	0	1639
19120	18	22	19	1648	0	1707
19121	1676	15	27	60	0	1778
19122	59	10	21	1693	0	1783
19123	1689	10	17	66	0	1782
19124	1684	17	25	29	0	1755
19125	1696	8	24	31	0	1759
19126	1722	8	18	24	0	1772
19127	66	20	22	1679	0	1787
19128	1684	13	23	59	0	1779
19129	69	17	1585	27	0	1698
19130	1637	14	54	33	0	1738
19131	1703	17	20	21	0	1761
19132	82	9	1589	19	0	1699
19133	1643	16	53	17	0	1729
19134	1712	17	20	15	0	1764
19135	69	11	25	1644	0	1749
19136	38	13	19	1680	0	1750
19137	1627	9	17	73	0	1726
19138	65	8	20	1649	0	1742
19139	33	9	26	1624	0	1692
19140	28	1468	18	66	0	1580
19141	29	39	14	1455	0	1537
19142	1438	8	16	62	0	1524
19143	60	9	20	1439	0	1528
19144	28	9	12	1414	0	1463
19145	26	1388	15	58	0	1487
19146	23	43	17	1418	0	1501
19147	27	15	21	1428	0	1491
19148	1342	11	18	51	0	1422
19149	51	6	10	877	0	944
19150	11	5	623	38	0	677
19151	8	487	18	11	0	524
19152	6	488	7	10	0	511
19153	507	19	7	7	0	540
19154	21	534	2	8	0	565
19155	398	12	1	6	0	417
19156	8	324	0	2	0	334
19157	332	6	0	1	0	339
19158	7	4	0	323	0	334
19159	4	1	0	324	0	329
19160	2	319	0	9	0	330
19161	2	6	0	334	0	342
19162	1	2	316	8	0	327
19163	314	3	5	3	0	325
19164	8	321	2	3	0	334
19165	335	7	2	2	0	346
19166	330	2	1	0	0	333
19167	335	1	0	2	0	338
19168	9	2	1	270	0	282
19169	4	2	0	267	0	273
19170	4	272	0	9	0	285
19171	272	6	0	4	0	282
19172	6	272	0	4	0	282
19173	278	7	0	1	0	286
19174	9	4	266	1	0	280
19175	292	1	6	0	0	299
19176	11	1	2	305	0	319
19177	3	0	304	11	0	318
19178	6	1	306	3	0	316
19179	3	1	10	307	0	321
19180	2	1	301	11	0	315
19181	2	1	11	308	0	322
19182	303	1	5	11	0	320
19183	9	0	4	306	0	319
19184	7	0	292	10	0	309
19185	5	289	7	7	0	308
19186	4	303	3	8	0	318
19187	3	8	4	282	0	297
19188	279	4	2	8	0	293
19189	7	6	1	279	0	293
19190	4	4	0	280	0	288
19191	8	0	0	290	0	298
19192	6	1	0	286	0	293
19193	2	2	275	15	0	294
19194	4	2	268	10	0	284
19195	270	3	8	6	0	287
19196	282	1	3	6	0	292
19197	9	1	6	274	0	290
19198	9	1	5	277	0	292
19199	10	0	268	10	0	288
19200	6	269	6	6	0	287
19201	268	5	4	10	0	287
19202	277	4	3	8	0	292
19203	10	4	5	277	0	296
19204	9	5	268	7	0	289
19205	11	2	4	252	0	269
19206	6	267	2	8	0	283
19207	2	4	269	11	0	286
19208	265	4	8	6	0	283
19209	5	3	2	283	0	293
19210	275	5	4	6	0	290
19211	8	2	259	6	0	275
19212	263	0	5	7	0	275
19213	9	1	4	270	0	284
19214	211	2	2	10	0	225
19215	10	2	4	204	0	220
19216	7	201	3	8	0	219
19217	5	211	2	8	0	226
19218	5	16	2	206	0	229
19219	5	7	175	12	0	199
19220	2	171	8	4	0	185
19221	3	3	1	172	0	179
19222	166	1	2	9	0	178
19223	174	3	3	4	0	184
19224	6	3	1	174	0	184
19225	6	2	0	171	0	179
19226	7	162	1	11	0	181
19227	5	173	1	6	0	185
19228	167	6	1	7	0	181
19229	5	6	1	179	0	191
19230	4	6	1	181	0	192
19231	4	4	167	10	0	185
19232	7	2	6	174	0	189
19233	2	1	3	182	0	188
19234	2	0	3	183	0	188
19235	1	3	169	11	0	184
19236	1	2	5	179	0	187
19237	172	1	5	13	0	191
19238	6	2	165	11	0	184
19239	174	1	6	7	0	188
19240	7	0	5	189	0	201
19241	7	0	1	186	0	194
19242	4	0	3	195	0	202
19243	4	1	178	12	0	195
19244	175	0	6	10	0	191
19245	7	159	5	8	0	179
19246	168	4	3	7	0	182
19247	8	157	4	3	0	172
19248	6	7	3	167	0	183
19249	168	6	1	6	0	181
19250	7	6	159	6	0	178
19251	166	3	5	6	0	180
19252	9	2	165	4	0	180
19253	4	1	7	114	0	126
19254	6	0	110	4	0	120
19255	2	113	6	2	0	123
19256	3	4	5	117	0	129
19257	113	3	4	6	0	126
19258	4	2	3	111	0	120
19259	5	111	1	5	0	122
19260	2	5	2	118	0	127
19261	117	2	0	9	0	128
19262	119	2	2	5	0	128
19263	7	111	0	5	0	123
19264	4	115	1	3	0	123
19265	5	8	0	146	0	159
19266	4	5	0	154	0	163
19267	152	5	0	6	0	163
19268	147	4	0	5	0	156
19269	6	146	0	4	0	156
19270	4	4	0	153	0	161
19271	4	4	0	153	0	161
19272	4	3	140	8	0	155
19273	2	143	4	6	0	155
19274	1	149	4	6	0	160
19275	2	6	0	133	0	141
19276	2	2	112	6	0	122
19277	0	2	114	4	0	120
19278	1	1	7	111	0	120
19279	1	3	3	116	0	123
19280	0	1	115	9	0	125
19281	1	1	5	115	0	122
19282	0	1	115	4	0	120
19283	114	0	2	7	0	123
19284	3	0	5	115	0	123
19285	3	0	116	5	0	124
19286	0	0	112	6	0	118
19287	0	0	7	123	0	130
19288	3	0	132	4	0	139
19289	1	0	135	8	0	144
19290	3	115	9	0	0	127
19291	136	4	6	2	0	148
19292	6	3	129	4	0	142
19293	4	0	5	131	0	140
19294	0	0	7	139	0	146
19295	1	2	0	141	0	144
19296	2	2	145	7	0	156
19297	2	1	6	144	0	153
19298	146	3	3	6	0	158
19299	6	0	0	148	0	154
19300	3	1	141	7	0	152
19301	0	0	8	146	0	154
19302	145	0	3	8	0	156
19303	149	0	2	5	0	156
19304	148	0	1	4	0	153
19305	6	0	3	141	0	150
19306	147	1	0	8	0	156
19307	149	0	1	5	0	155
19308	146	0	2	0	0	148
19309	8	165	0	3	0	176
19310	170	5	0	3	0	178
19311	7	3	0	175	0	185
19312	7	1	172	4	0	184
19313	2	167	4	5	0	178
19314	175	6	3	0	0	184
19315	7	4	0	171	0	182
19316	4	1	0	172	0	177
19317	0	173	2	8	0	183
19318	1	191	0	4	0	196
19319	176	7	0	2	0	185
19320	5	176	2	2	0	185
19321	122	1	0	0	0	123
19322	0	119	0	1	0	120
19323	122	1	0	0	0	123
19324	1	117	1	0	0	119
19325	0	122	0	0	0	122
19326	122	1	0	0	0	123
19327	1	0	127	0	0	128
19328	0	131	0	0	0	131
19329	0	1	0	134	0	135
19330	0	0	0	134	0	134
19331	0	0	0	134	0	134
19332	0	0	0	134	0	134
19333	0	0	134	1	0	135
19334	122	0	0	0	0	122
19335	1	0	0	135	0	136
19336	196	0	0	1	0	197
19337	207	0	0	0	0	207
19338	206	0	0	0	0	206
19339	231	0	0	0	0	231
19340	2	0	210	0	0	212
19341	0	0	0	215	0	215
19342	0	0	213	3	0	216
19343	0	234	1	0	0	235
19344	0	1	0	247	0	248
19345	0	0	0	249	0	249
19346	0	0	0	249	0	249
19347	0	0	0	247	0	247
19348	0	0	251	1	0	252
19349	0	0	1	243	0	244
19350	0	0	0	248	0	248
19351	254	0	0	1	0	255
19352	250	0	0	0	0	250
19353	1	0	0	251	0	252
19354	0	0	0	252	0	252
19355	0	0	0	252	0	252
19356	256	0	0	1	0	257
19357	291	0	0	0	0	291
19358	285	0	0	0	0	285
19359	286	0	0	0	0	286
19360	1	283	0	0	0	284
19361	290	1	0	0	0	291
19362	290	0	0	0	0	290
19363	1	0	0	286	0	287
19364	1	0	0	290	0	291
19365	258	0	0	1	0	259
19366	1	249	0	1	0	251
19367	0	250	0	0	0	250
19368	302	1	0	0	0	303
19369	1	0	0	321	0	322
19370	0	0	0	317	0	317
19371	0	0	0	321	0	321
19372	0	0	0	325	0	325
19373	0	0	0	320	0	320
19374	0	308	0	1	0	309
19375	0	1	0	327	0	328
19376	323	0	0	2	0	325
19377	1	0	0	321	0	322
19378	0	1	0	321	0	322
19379	326	0	0	1	0	327
19380	0	311	0	0	0	311
19381	0	1	0	326	0	327
19382	0	317	0	1	0	318
19383	0	1	0	324	0	325
19384	0	0	315	1	0	316
19385	288	0	0	0	0	288
19386	1	310	0	0	0	311
19387	308	0	0	0	0	308
19388	0	0	295	0	0	295
19389	0	0	0	287	0	287
19390	0	286	0	0	0	286
19391	0	290	0	0	0	290
19392	302	0	0	0	0	302
19393	0	0	0	294	0	294
19394	0	0	288	0	0	288
19395	0	0	0	288	0	288
19396	0	1	279	0	0	280
19397	263	0	0	0	0	263
19398	0	0	276	0	0	276
19399	0	0	0	268	0	268
19400	0	261	0	0	0	261
19401	0	0	0	280	0	280
19402	0	276	0	0	0	276
19403	288	0	0	0	0	288
19404	0	0	0	281	0	281
19405	0	0	284	0	0	284
19406	0	1	260	0	0	261
19407	256	0	0	0	0	256
19408	286	0	0	0	0	286
19409	255	0	0	1	0	256
19410	260	0	0	0	0	260
19411	0	248	0	0	0	248
19412	263	0	0	0	0	263
19413	261	0	0	0	0	261
19414	0	0	255	0	0	255
19415	0	0	0	241	0	241
19416	262	0	0	0	0	262
19417	0	0	252	0	0	252
19418	0	0	0	239	0	239
19419	0	0	277	1	0	278
19420	0	0	0	261	0	261
19421	0	257	0	0	0	257
19422	280	0	0	0	0	280
19423	0	0	282	0	0	282
19424	282	0	0	0	0	282
19425	0	0	0	285	0	285
19426	301	0	0	0	0	301
19427	0	0	0	284	0	284
19428	335	0	0	0	0	335
19429	0	0	310	0	0	310
19430	350	0	0	0	0	350
19431	0	0	0	357	0	357
19432	0	0	0	367	0	367
19433	366	0	0	0	0	366
19434	0	0	0	360	0	360
19435	2	0	359	0	0	361
19436	0	0	0	303	0	303
19437	285	0	0	0	0	285
19438	0	281	0	0	0	281
19439	0	253	0	0	0	253
19440	270	0	0	0	0	270
19441	0	259	0	0	0	259
19442	0	0	0	264	0	264
19443	242	0	0	0	0	242
19444	228	0	0	0	0	228
19445	234	0	0	0	0	234
19446	1	0	226	0	0	227
19447	0	0	0	227	0	227
19448	0	228	0	0	0	228
19449	0	0	0	234	0	234
19450	0	0	232	0	0	232
19451	0	210	0	0	0	210
19452	0	0	0	235	0	235
19453	238	0	0	1	0	239
19454	0	231	0	1	0	232
19455	0	0	236	0	0	236
19456	0	0	0	223	0	223
19457	0	0	202	0	0	202
19458	0	0	0	190	0	190
19459	207	0	0	0	0	207
19460	0	0	0	200	0	200
19461	202	0	0	0	0	202
19462	202	0	0	0	0	202
19463	0	188	0	0	0	188
19464	207	0	0	0	0	207
19465	0	201	0	0	0	201
19466	0	0	212	0	0	212
19467	0	0	1	197	0	198
19468	0	0	0	193	0	193
19469	0	0	167	1	0	168
19470	0	158	0	0	0	158
19471	173	1	0	0	0	174
19472	174	0	0	0	0	174
19473	1	0	0	166	0	167
19474	0	0	0	169	0	169
19475	0	0	0	173	0	173
19476	172	0	0	1	0	173
19477	1	0	165	0	0	166
19478	0	0	165	0	0	165
19479	0	0	1	168	0	169
19480	0	0	170	1	0	171
19481	1	0	165	0	0	166
19482	0	0	2	162	0	164
19483	0	0	164	1	0	165
19484	0	158	1	0	0	159
19485	1	1	0	167	0	169
19486	0	0	175	1	0	176
19487	0	0	1	174	0	175
19488	0	177	1	1	0	179
19489	0	0	0	182	0	182
19490	0	0	189	1	0	190
19491	0	0	0	198	0	198
19492	200	0	0	2	0	202
19493	2	0	197	0	0	199
19494	186	0	2	0	0	188
19495	2	216	0	0	0	218
19496	225	2	0	0	0	227
19497	2	1	0	225	0	228
19498	0	221	1	2	0	224
19499	223	2	0	0	0	225
19500	3	0	0	250	0	253
19501	0	1	266	2	0	269
19502	0	265	2	0	0	267
19503	0	3	0	316	0	319
19504	315	0	0	2	0	317
19505	305	0	0	0	0	305
19506	2	0	0	307	0	309
19507	1	0	306	2	0	309
19508	291	0	2	0	0	293
19509	3	0	306	0	0	309
19510	0	0	2	293	0	295
19511	312	0	0	2	0	314
19512	2	302	0	0	0	304
19513	312	3	0	0	0	315
19514	2	0	303	4	0	309
19515	299	0	2	0	0	301
19516	2	0	0	306	0	308
19517	0	0	0	310	0	310
19518	0	0	304	2	0	306
19519	1	0	2	272	0	275
19520	277	1	1	2	0	281
19521	2	0	0	280	0	282
19522	1	277	0	2	0	280
19523	0	2	0	270	0	272
19524	1	269	0	2	0	272
19525	0	3	249	0	0	252
19526	232	0	2	0	0	234
19527	2	1	0	258	0	261
19528	1	0	210	4	0	215
19529	0	209	4	0	0	213
19530	1	2	0	188	0	191
19531	1	1	0	191	0	193
19532	189	0	0	2	0	191
19533	2	1	0	190	0	193
19534	186	1	0	3	0	190
19535	192	1	0	0	0	193
19536	2	180	1	1	0	184
19537	186	2	1	0	0	189
19538	2	0	0	199	0	201
19539	0	0	195	2	0	197
19540	191	1	2	0	0	194
19541	3	0	0	201	0	204
19542	0	0	193	3	0	196
19543	186	0	3	0	0	189
19544	3	0	0	199	0	202
19545	1	208	1	2	0	212
19546	1	3	0	204	0	208
19547	0	201	1	3	0	205
19548	207	4	0	0	0	211
19549	4	0	203	1	0	208
19550	0	206	4	0	0	210
19551	2	2	0	214	0	218
19552	0	0	209	5	0	214
19553	0	0	206	1	0	207
19554	1	234	4	0	0	239
19555	0	3	0	228	0	231
19556	1	1	0	229	0	231
19557	0	0	0	384	0	384
19558	438	2	0	14	0	454
19559	17	1	468	2	0	488
19560	2	481	20	2	0	505
19561	0	23	4	468	0	495
19562	2	2	0	524	0	528
19563	0	1	492	24	0	517
19564	0	1	22	506	0	529
19565	1	1	495	22	0	519
19566	0	0	479	6	0	485
19567	1	1	483	4	0	489
19568	1	1	21	467	0	490
19569	1	0	4	470	0	475
19570	1	0	2	494	0	497
19571	466	1	1	22	0	490
19572	20	478	0	5	0	503
19573	502	21	0	2	0	525
19574	498	3	2	3	0	506
19575	505	1	1	1	0	508
19576	22	496	3	1	0	522
19577	501	21	1	3	0	526
19578	582	3	3	1	0	589
19579	23	0	1	569	0	593
19580	3	2	1	596	0	602
19581	0	2	1	617	0	620
19582	3	1	566	25	0	595
19583	567	3	21	6	0	597
19584	23	1	4	594	0	622
19585	575	0	3	25	0	603
19586	20	571	6	5	0	602
19587	4	21	4	583	0	612
19588	1	3	4	611	0	619
19589	578	0	3	25	0	606
19590	21	2	2	590	0	615
19591	557	0	2	26	0	585
19592	588	1	1	8	0	598
19593	26	557	2	4	0	589
19594	5	593	0	3	0	601
19595	5	25	0	549	0	579
19596	5	551	2	24	0	582
19597	6	26	0	573	0	605
19598	5	4	551	25	0	585
19599	4	1	545	8	0	558
19600	523	1	28	2	0	554
19601	538	1	3	7	0	549
19602	27	511	3	5	0	546
19603	469	24	2	5	0	500
19604	21	514	3	5	0	543
19605	6	24	2	523	0	555
19606	4	4	1	540	0	549
19607	4	1	3	544	0	552
19608	2	2	3	546	0	553
19609	518	3	2	27	0	550
19610	25	510	0	9	0	544
19611	524	23	0	7	0	554
19612	554	3	0	5	0	562
19613	31	6	495	2	0	534
19614	510	5	21	4	0	540
19615	28	508	4	4	0	544
19616	9	24	0	516	0	549
19617	2	9	2	518	0	531
19618	6	505	2	25	0	538
19619	526	30	5	6	0	567
19620	26	6	503	8	0	543
19621	515	1	26	9	0	551
19622	28	4	521	7	0	560
19623	10	5	28	534	0	577
19624	6	4	12	551	0	573
19625	9	6	8	562	0	585
19626	585	6	8	37	0	636
19627	28	4	561	15	0	608
19628	567	5	29	18	0	619
19629	602	3	8	18	0	631
19630	603	5	8	11	0	627
19631	604	6	10	8	0	628
19632	35	2	8	585	0	630
19633	16	3	532	69	0	620
19634	11	4	25	588	0	628
19635	10	7	569	32	0	618
19636	11	7	558	12	0	588
19637	14	559	27	10	0	610
19638	13	28	3	552	0	596
19639	15	9	3	577	0	604
19640	15	5	5	564	0	589
19641	14	6	5	585	0	610
19642	576	4	4	34	0	618
19643	584	3	4	14	0	605
19644	36	5	3	571	0	615
19645	13	5	536	36	0	590
19646	8	3	22	559	0	592
19647	9	3	8	585	0	605
19648	9	3	557	38	0	607
19649	11	1	26	597	0	635
19650	591	3	7	34	0	635
19651	605	4	2	11	0	622
19652	611	5	1	6	0	623
19653	36	5	2	582	0	625
19654	550	5	3	28	0	586
19655	563	5	3	16	0	587
19656	37	3	529	11	0	580
19657	9	4	396	4	0	413
19658	3	4	359	4	0	370
19659	313	0	6	2	0	321
19660	5	306	4	2	0	317
19661	321	3	1	2	0	327
19662	3	308	3	3	0	317
19663	1	3	0	315	0	319
19664	2	1	0	317	0	320
19665	0	0	1	319	0	320
19666	0	1	306	5	0	312
19667	283	1	4	3	0	291
19668	5	0	0	317	0	322
19669	2	1	307	3	0	313
19670	1	0	283	2	0	286
19671	293	1	3	1	0	298
19672	4	293	1	2	0	300
19673	349	3	0	3	0	355
19674	349	0	1	3	0	353
19675	4	330	3	1	0	338
19676	347	3	0	1	0	351
19677	5	1	327	1	0	334
19678	2	0	265	0	0	267
19679	1	1	270	1	0	273
19680	17	0	2	257	0	276
19681	0	1	259	3	0	263
19682	248	0	4	0	0	252
19683	259	1	1	0	0	261
19684	2	1	256	1	0	260
19685	1	0	2	258	0	261
19686	314	1	1	4	0	320
19687	4	315	2	0	0	321
19688	1	318	0	0	0	319
19689	340	3	0	2	0	345
19690	1	0	363	1	0	365
19691	0	0	2	362	0	364
19692	0	0	0	339	0	339
19693	0	0	0	349	0	349
19694	0	331	1	1	0	333
19695	0	0	0	376	0	376
19696	465	0	0	1	0	466
19697	2	1	0	518	0	521
19698	2	505	0	4	0	511
19699	527	5	0	3	0	535
19700	5	4	0	522	0	531
19701	4	2	0	527	0	533
19702	540	1	0	8	0	549
19703	536	0	0	6	0	542
19704	9	0	0	504	0	513
19705	508	0	1	7	0	516
19706	519	0	0	4	0	523
19707	10	503	0	2	0	515
19708	528	3	0	1	0	532
19709	7	510	0	1	0	518
19710	5	6	0	525	0	536
19711	3	5	554	5	0	567
19712	2	3	5	557	0	567
19713	0	1	4	561	0	566
19714	1	1	2	581	0	585
19715	569	0	1	10	0	580
19716	5	558	0	9	0	572
19717	572	5	0	4	0	581
19718	8	616	0	1	0	625
19719	658	5	0	1	0	664
19720	668	5	1	1	0	675
19721	668	2	0	1	0	671
19722	665	1	0	1	0	667
19723	12	1	634	1	0	648
19724	9	0	5	634	0	648
19725	3	1	4	660	0	668
19726	2	1	604	10	0	617
19727	585	1	7	6	0	599
19728	8	0	3	616	0	627
19729	5	2	604	9	0	620
19730	3	2	590	5	0	600
19731	3	1	9	677	0	690
19732	1	1	808	7	0	817
19733	2	0	8	802	0	812
19734	2	0	4	826	0	832
19735	0	0	816	11	0	827
19736	768	2	8	7	0	785
19737	10	0	5	823	0	838
19738	5	1	837	9	0	852
19739	2	1	9	833	0	845
19740	834	0	5	11	0	850
19741	8	1	825	8	0	842
19742	780	0	8	7	0	795
19743	838	0	4	3	0	845
19744	15	0	4	832	0	851
19745	7	1	2	829	0	839
19746	7	0	824	11	0	842
19747	3	1	6	817	0	827
19748	1	1	3	785	0	790
19749	3	1	4	811	0	819
19750	1	2	784	16	0	803
19751	771	0	7	11	0	789
19752	804	0	5	6	0	815
19753	805	0	2	5	0	812
19754	814	2	1	3	0	820
19755	15	0	0	809	0	824
19756	821	2	1	7	0	831
19757	788	1	1	5	0	795
19758	737	1	0	3	0	741
19759	778	1	1	1	0	781
19760	15	832	2	3	0	852
19761	891	9	2	3	0	905
19762	901	4	2	2	0	909
19763	16	867	0	5	0	888
19764	887	10	3	3	0	903
19765	18	4	0	877	0	899
19766	7	2	1	896	0	906
19767	885	2	4	13	0	904
19768	15	856	3	6	0	880
19769	4	889	2	7	0	902
19770	6	12	3	882	0	903
19771	3	7	878	13	0	901
19772	2	3	9	841	0	855
19773	3	1	7	840	0	851
19774	830	0	3	18	0	851
19775	827	1	1	10	0	839
19776	13	1	4	838	0	856
19777	9	2	824	13	0	848
19778	8	1	9	856	0	874
19779	849	1	8	14	0	872
19780	13	0	892	6	0	911
19781	10	863	13	6	0	892
19782	915	12	6	8	0	941
19783	17	5	4	897	0	923
19784	6	3	5	893	0	907
19785	3	3	0	934	0	940
19786	1	0	853	26	0	880
19787	726	2	17	12	0	757
19788	13	0	826	7	0	846
19789	8	852	17	6	0	883
19790	7	10	6	872	0	895
19791	7	4	5	894	0	910
19792	4	3	4	905	0	916
19793	2	2	873	23	0	900
19794	5	1	879	12	0	897
19795	5	0	918	4	0	927
19796	1	822	21	4	0	848
19797	2	11	2	810	0	825
19798	817	2	0	14	0	833
19799	935	1	2	1	0	939
19800	15	1	932	2	0	950
19801	5	924	15	2	0	946
19802	3	13	950	0	0	966
19803	4	980	12	5	0	1001
19804	996	16	9	3	0	1024
19805	1014	8	2	2	0	1026
19806	22	957	4	5	0	988
19807	1002	15	3	0	0	1020
19808	22	8	0	980	0	1010
19809	11	3	3	999	0	1016
19810	995	4	2	23	0	1024
19811	928	5	1	10	0	944
19812	949	1	2	6	0	958
19813	26	903	1	4	0	934
19814	14	943	3	2	0	962
19815	951	21	2	5	0	979
19816	20	9	916	6	0	951
19817	13	4	15	951	0	983
19818	877	2	6	16	0	901
19819	23	834	3	10	0	870
19820	10	840	4	2	0	856
19821	858	25	1	4	0	888
19822	22	13	817	1	0	853
19823	839	5	19	1	0	864
19824	18	17	812	1	0	848
19825	16	2	812	3	0	833
19826	7	2	24	838	0	871
19827	3	6	867	16	0	892
19828	841	5	18	7	0	871
19829	874	2	10	4	0	890
19830	874	2	4	3	0	883
19831	807	5	4	1	0	817
19832	28	3	4	664	0	699
19833	667	0	2	20	0	689
19834	19	645	4	14	0	682
19835	14	14	5	624	0	657
19836	11	653	4	15	0	683
19837	722	17	4	8	0	751
19838	711	9	1	7	0	728
19839	27	3	2	704	0	736
19840	717	3	3	21	0	744
19841	720	2	4	9	0	735
19842	26	4	2	705	0	737
19843	14	2	5	704	0	725
19844	8	8	1	722	0	739
19845	10	4	674	26	0	714
19846	8	4	660	13	0	685
19847	6	1	682	7	0	696
19848	10	2	25	677	0	714
19849	7	3	708	16	0	734
19850	5	0	20	702	0	727
19851	5	2	696	25	0	728
19852	5	4	681	13	0	703
19853	662	1	26	5	0	694
19854	22	707	13	5	0	747
19855	731	17	8	3	0	759
19856	20	10	4	790	0	824
19857	13	5	7	816	0	841
19858	10	6	798	32	0	846
19859	7	802	24	16	0	849
19860	7	19	10	749	0	785
19861	9	14	704	19	0	746
19862	9	704	17	11	0	741
19863	11	17	11	726	0	765
19864	722	11	7	24	0	764
19865	732	4	6	18	0	760
19866	28	7	8	723	0	766
19867	736	6	3	22	0	767
19868	23	758	3	18	0	802
19869	15	22	6	794	0	837
19870	12	15	795	19	0	841
19871	10	7	21	805	0	843
19872	11	7	811	21	0	850
19873	785	3	23	17	0	828
19874	23	4	15	803	0	845
19875	16	786	5	24	0	831
19876	12	19	7	824	0	862
19877	14	11	846	23	0	894
19878	11	6	840	19	0	876
19879	12	7	853	9	0	881
19880	790	7	27	3	0	827
19881	17	824	14	11	0	866
19882	13	14	8	848	0	883
19883	842	13	7	15	0	877
19884	17	825	8	17	0	867
19885	951	19	7	7	0	984
19886	933	14	7	6	0	960
19887	1027	8	10	4	0	1049
19888	1043	5	3	8	0	1059
19889	29	5	963	8	0	1005
19890	1005	3	16	7	0	1031
19891	23	4	986	7	0	1020
19892	897	4	18	8	0	927
19893	21	5	11	1002	0	1039
19894	18	2	950	15	0	985
19895	14	875	12	13	0	914
19896	11	22	13	887	0	933
19897	10	988	9	14	0	1021
19898	11	1013	3	14	0	1041
19899	844	12	4	8	0	868
19900	13	11	861	6	0	891
19901	6	832	10	6	0	854
19902	838	4	2	1	0	845
19903	5	958	4	0	0	967
19904	1010	4	2	0	0	1016
19905	5	2	1	987	0	995
19906	1006	3	1	3	0	1013
19907	6	1	0	995	0	1002
19908	1000	1	1	5	0	1007
19909	6	0	2	992	0	1000
19910	2	1144	1	5	0	1152
19911	4	2	0	1208	0	1214
19912	1201	4	0	6	0	1211
19913	6	1164	1	6	0	1177
19914	5	3	0	1201	0	1209
19915	1244	4	2	4	0	1254
19916	5	2	0	1235	0	1242
19917	5	0	1	1227	0	1233
19918	3	3	1210	5	0	1221
19919	3	1	1174	5	0	1183
19920	1	0	6	1178	0	1185
19921	2	1	1244	5	0	1252
19922	1	0	4	1213	0	1218
19923	4	1	3	1164	0	1172
19924	0	1	2	1258	0	1261
19925	2	1	1243	7	0	1253
19926	0	2	5	1154	0	1161
19927	1	1	2	1255	0	1259
19928	1	1200	2	6	0	1209
19929	0	7	0	1385	0	1392
19930	1379	2	0	5	0	1386
19931	4	1	1	1365	0	1371
19932	5	2	1572	7	0	1586
19933	1412	1	8	4	0	1425
19934	6	1625	5	2	0	1638
19935	6	9	1	1706	0	1722
19936	1	5	1671	12	0	1689
19937	1496	1	10	5	0	1512
19938	12	1670	4	4	0	1690
19939	1734	13	3	3	0	1753
19940	12	5	2	1717	0	1736
19941	1727	2	2	13	0	1744
19942	13	2	1767	6	0	1788
19943	6	1661	11	6	0	1684
19944	3	1810	6	3	0	1822
19945	1867	10	3	3	0	1883
19946	1848	5	2	2	0	1857
19947	14	2	1839	1	0	1856
19948	1758	3	9	2	0	1772
19949	1820	3	5	2	0	1830
19950	1945	1	2	3	0	1951
19951	16	1880	3	5	0	1904
19952	8	1984	4	4	0	2000
19953	2051	15	0	3	0	2069
19954	2023	6	0	1	0	2030
19955	15	2066	1	4	0	2086
19956	2	12	0	2063	0	2077
19957	1	6	1993	7	0	2007
19958	1910	0	6	3	0	1919
19959	1955	3	1	3	0	1962
19960	2032	1	3	2	0	2038
19961	8	1939	5	1	0	1953
19962	4	6	1929	1	0	1940
19963	1961	2	7	1	0	1971
19964	9	0	3	2012	0	2024
19965	4	1	0	1991	0	1996
19966	1	2	1	2045	0	2049
19967	2	1	2008	9	0	2020
19968	3	0	6	1908	0	1917
19969	1	0	1948	9	0	1958
19970	0	1835	8	4	0	1847
19971	1934	10	3	2	0	1949
19972	8	1891	2	2	0	1903
19973	4	1919	2	3	0	1928
19974	2008	10	3	1	0	2022
19975	6	2056	2	2	0	2066
19976	6	9	0	2076	0	2091
19977	2	2004	2	8	0	2016
19978	2012	8	0	2	0	2022
19979	8	1964	2	2	0	1976
19980	2	11	0	2010	0	2023
19981	2	5	1932	9	0	1948
19982	2	3	8	1988	0	2001
19983	3	1962	3	12	0	1980
19984	0	11	1	2069	0	2081
19985	2	2	2	2017	0	2023
19986	3	1	4	1993	0	2001
19987	4	1	0	1964	0	1969
19988	1	5	1	1961	0	1968
19989	3	1	2	2009	0	2015
19990	2	2	1881	16	0	1901
19991	1789	0	13	8	0	1810
19992	13	3	4	1965	0	1985
19993	4	3	1888	19	0	1914
19994	0	5	1820	6	0	1831
19995	5	0	16	1922	0	1943
19996	1976	0	6	15	0	1997
19997	16	4	1809	4	0	1833
19998	1794	3	15	2	0	1814
19999	19	2	1876	1	0	1898
20000	7	3	13	1846	0	1869
20001	3	3	4	1899	0	1909
20002	4	4	1829	16	0	1853
20003	1582	1	16	4	0	1603
20004	14	2	4	1727	0	1747
20005	6	4	1694	15	0	1719
20006	3	3	1645	5	0	1656
20007	5	3	17	1633	0	1658
20008	6	1612	6	13	0	1637
20009	1727	13	3	6	0	1749
20010	1529	5	3	4	0	1541
20011	16	5	1596	3	0	1620
20012	7	7	12	1487	0	1513
20013	1583	1	5	18	0	1607
20014	19	2	1551	6	0	1578
20015	1497	2	17	4	0	1520
20016	14	1443	8	6	0	1471
20017	3	14	5	1559	0	1581
20018	4	2	5	1589	0	1600
20019	1677	0	3	19	0	1699
20020	20	4	1	1659	0	1684
20021	4	3	4	1666	0	1677
20022	1	4	4	1688	0	1697
20023	1637	3	5	30	0	1675
20024	27	4	1632	8	0	1671
20025	1601	3	21	8	0	1633
20026	1643	3	6	10	0	1662
20027	1636	2	7	6	0	1651
20028	27	3	2	1620	0	1652
20029	7	5	1586	24	0	1622
20030	4	1571	28	11	0	1614
20031	8	1707	9	6	0	1730
20032	4	1671	5	7	0	1687
20033	5	40	1679	7	0	1731
20034	1	4	38	2118	0	2161
20035	2200	3	3	56	0	2262
20036	2420	3	2	20	0	2445
20037	72	0	4	2729	0	2805
20038	19	3	2616	80	0	2718
20039	10	5	2668	20	0	2703
20040	4	1	89	2698	0	2792
20041	5	6	2623	85	0	2719
20042	5	2	74	2654	0	2735
20043	8	0	25	2622	0	2655
20044	2	2700	14	93	0	2809
20045	10	76	7	2743	0	2836
20046	10	18	7	2900	0	2935
20047	2728	54	10	113	0	2905
20048	82	6	6	2809	0	2903
20049	25	6	10	2894	0	2935
20050	2690	1	11	115	0	2817
20051	86	2647	10	43	0	2786
20052	2669	74	13	21	0	2777
20053	93	22	2583	19	0	2717
20054	2611	10	83	22	0	2726
20055	2595	8	28	15	0	2646
20056	118	9	2468	16	0	2611
20057	39	4	2510	18	0	2571
20058	21	8	106	2482	0	2617
20059	2493	1	33	93	0	2620
20060	93	7	2449	35	0	2584
20061	31	4	97	2513	0	2645
20062	19	7	2477	101	0	2604
20063	18	8	88	2463	0	2577
20064	21	3	33	2534	0	2591
20065	2502	6	24	110	0	2642
20066	2563	6	17	45	0	2631
20067	2622	4	20	37	0	2683
20068	117	5	2513	35	0	2670
20069	49	2	2535	33	0	2619
20070	27	7	106	2520	0	2660
20071	29	5	43	2586	0	2663
20072	17	11	24	2658	0	2710
20073	2475	8	21	124	0	2628
20074	89	2484	22	61	0	2656
20075	2392	78	14	41	0	2525
20076	2392	28	13	26	0	2459
20077	114	2364	16	28	0	2522
20078	51	2476	20	31	0	2578
20079	2386	98	26	20	0	2530
20080	106	32	22	2355	0	2515
20081	50	2411	19	112	0	2592
20082	44	79	19	2423	0	2565
20083	33	29	2330	117	0	2509
20084	35	15	89	2380	0	2519
20085	2353	13	61	114	0	2541
20086	104	10	2312	66	0	2492
20087	51	7	2334	52	0	2444
20088	32	12	120	2137	0	2301
20089	25	2179	58	120	0	2382
20090	23	2242	35	68	0	2368
20091	27	2340	24	58	0	2449
20092	2309	104	20	62	0	2495
20093	2366	45	17	53	0	2481
20094	2273	24	26	47	0	2370
20095	117	2243	20	60	0	2440
20096	2320	84	25	45	0	2474
20097	2309	35	31	41	0	2416
20098	132	27	2152	56	0	2367
20099	85	2162	100	38	0	2385
20100	56	102	51	2215	0	2424
20101	2246	43	33	111	0	2433
20102	120	30	2150	51	0	2351
20103	55	22	113	2132	0	2322
20104	43	2181	44	135	0	2403
20105	61	90	35	2172	0	2358
20106	46	40	42	2299	0	2427
20107	2231	25	41	142	0	2439
20108	2292	22	37	71	0	2422
20109	133	28	43	2247	0	2451
20110	54	27	2154	137	0	2372
20111	65	20	2117	75	0	2277
20112	2111	17	151	67	0	2346
20113	144	24	2090	44	0	2302
20114	72	24	107	1873	0	2076
20115	65	2003	65	82	0	2215
20116	2036	86	42	56	0	2220
20117	118	2032	43	55	0	2248
20118	2061	92	42	49	0	2244
20119	127	42	27	2046	0	2242
20120	66	36	28	2127	0	2257
20121	2073	35	27	125	0	2260
20122	2113	28	26	68	0	2235
20123	149	42	31	2034	0	2256
20124	75	33	30	2073	0	2211
20125	64	31	1987	123	0	2205
20126	61	25	1997	71	0	2154
20127	2027	39	111	58	0	2235
20128	117	29	1909	63	0	2118
20129	1959	23	90	60	0	2132
20130	1945	22	50	55	0	2072
20131	123	30	1769	45	0	1967
20132	69	1557	78	41	0	1745
20133	58	1592	54	30	0	1734
20134	50	44	1062	23	0	1179
20135	34	172	39	835	0	1080
20136	531	61	112	143	0	847
20137	431	6	6	16	0	459
20138	569	7	8	16	0	600
20139	835	2	9	12	0	858
20140	826	2	9	10	0	847
20141	45	876	6	9	0	936
20142	797	27	4	3	0	831
20143	28	805	6	4	0	843
20144	722	20	1	0	0	743
20145	21	4	692	0	0	717
20146	6	2	20	695	0	723
20147	3	0	7	674	0	684
20148	0	692	2	23	0	717
20149	735	21	0	4	0	760
20150	757	5	1	2	0	765
20151	26	3	0	735	0	764
20152	8	0	1	758	0	767
20153	737	1	0	27	0	765
20154	20	1	0	742	0	763
20155	6	1	0	762	0	769
20156	742	1	0	27	0	770
20157	23	1	0	747	0	771
20158	737	2	1	24	0	764
20159	759	1	1	6	0	767
20160	30	1	741	2	0	774
20161	755	1	18	3	0	777
20162	753	1	6	3	0	763
20163	758	1	1	1	0	761
20164	27	3	716	2	0	748
20165	9	2	21	682	0	714
20166	8	2	4	716	0	730
20167	1	2	687	29	0	719
20168	681	0	21	10	0	712
20169	25	2	4	695	0	726
20170	9	1	665	23	0	698
20171	5	1	699	5	0	710
20172	6	0	23	703	0	732
20173	4	0	698	26	0	728
20174	4	1	24	687	0	716
20175	5	1	4	720	0	730
20176	5	1	673	30	0	709
20177	2	1	20	649	0	672
20178	4	674	4	22	0	704
20179	7	709	2	8	0	726
20180	695	25	2	4	0	726
20181	684	6	3	4	0	697
20182	30	662	1	5	0	698
20183	673	23	4	2	0	702
20184	681	5	2	2	0	690
20185	30	3	3	652	0	688
20186	8	3	5	680	0	696
20187	630	2	3	32	0	667
20188	23	628	2	12	0	665
20189	10	656	4	4	0	674
20190	9	25	4	645	0	683
20191	7	6	684	29	0	726
20192	670	3	19	12	0	704
20193	701	3	9	4	0	717
20194	681	3	3	3	0	690
20195	28	681	2	8	0	719
20196	12	28	2	655	0	697
20197	11	6	2	707	0	726
20198	680	5	2	33	0	720
20199	30	682	3	13	0	728
20200	14	24	4	677	0	719
20201	12	9	2	702	0	725
20202	16	5	0	718	0	739
20203	681	5	2	35	0	723
20204	36	676	4	12	0	728
20205	15	33	2	624	0	674
20206	15	683	0	28	0	726
20207	694	28	7	16	0	745
20208	33	10	668	11	0	722
20209	668	5	27	11	0	711
20210	32	7	662	13	0	714
20211	18	4	26	676	0	724
20212	678	5	11	36	0	730
20213	33	3	658	15	0	709
20214	681	2	24	11	0	718
20215	726	4	10	11	0	751
20216	731	4	5	14	0	754
20217	38	2	5	693	0	738
20218	15	5	3	719	0	742
20219	10	4	3	735	0	752
20220	691	2	4	36	0	733
20221	32	685	2	19	0	738
20222	705	25	8	8	0	746
20223	736	7	3	6	0	752
20224	43	2	686	8	0	739
20225	683	1	30	4	0	718
20226	711	2	14	7	0	734
20227	42	3	3	703	0	751
20228	16	4	10	712	0	742
20229	6	5	8	712	0	731
20230	680	2	3	44	0	729
20231	682	3	12	18	0	715
20232	682	2	6	6	0	696
20233	35	647	5	9	0	696
20234	10	656	8	10	0	684
20235	8	714	8	6	0	736
20236	684	29	5	11	0	729
20237	31	8	670	10	0	719
20238	12	3	537	6	0	558
20239	243	0	5	3	0	251
20240	2	1	252	3	0	258
20241	3	0	1	185	0	189
20242	1	187	3	2	0	193
20243	204	1	0	2	0	207
20244	202	2	1	0	0	205
20245	212	1	0	1	0	214
20246	4	0	0	229	0	233
20247	2	1	226	1	0	230
20248	2	0	213	2	0	217
20249	195	0	4	0	0	199
20250	200	0	4	0	0	204
20251	205	0	1	1	0	207
20252	5	0	1	197	0	203
20253	4	0	0	201	0	205
20254	3	2	195	3	0	203
20255	211	2	1	3	0	217
20256	3	0	2	221	0	226
20257	5	0	0	218	0	223
20258	1	1	1	222	0	225
20259	1	211	1	4	0	217
20260	1	1	1	213	0	216
20261	1	2	0	214	0	217
20262	206	0	0	5	0	211
20263	3	2	199	3	0	207
20264	202	1	1	1	0	205
20265	209	1	2	1	0	213
20266	4	1	1	209	0	215
20267	4	1	0	209	0	214
20268	207	0	1	3	0	211
20269	2	1	198	3	0	204
20270	3	200	2	1	0	206
20271	1	2	3	197	0	203
20272	206	2	1	1	0	210
20273	2	0	0	211	0	213
20274	5	0	195	1	0	201
20275	2	0	190	2	0	194
20276	222	1	2	1	0	226
20277	2	0	2	225	0	229
20278	3	0	220	4	0	227
20279	218	0	1	4	0	223
20280	240	1	2	1	0	244
20281	4	0	2	236	0	242
20282	3	1	1	233	0	238
20283	2	230	1	3	0	236
20284	245	0	1	2	0	248
20285	4	2	0	251	0	257
20286	3	0	1	252	0	256
20287	0	0	245	6	0	251
20288	236	0	2	4	0	242
20289	247	0	2	2	0	251
20290	4	241	1	1	0	247
20291	1	0	188	0	0	189
20292	0	0	192	0	0	192
20293	0	0	0	189	0	189
20294	220	0	0	0	0	220
20295	0	0	0	217	0	217
20296	218	0	0	0	0	218
20297	226	0	0	0	0	226
20298	225	0	0	0	0	225
20299	0	0	0	225	0	225
20300	0	0	0	220	0	220
20301	227	0	0	0	0	227
20302	0	0	227	0	0	227
20303	211	0	0	0	0	211
20304	211	0	0	1	0	212
20305	0	0	223	0	0	223
20306	0	0	217	0	0	217
20307	0	208	1	0	0	209
20308	0	0	0	223	0	223
20309	193	1	1	1	0	196
20310	0	0	0	217	0	217
20311	0	0	222	0	0	222
20312	0	211	0	0	0	211
20313	0	212	0	0	0	212
20314	0	0	0	229	0	229
20315	0	0	0	204	0	204
20316	0	198	0	0	0	198
20317	0	1	194	0	0	195
20318	187	0	0	0	0	187
20319	202	0	0	1	0	203
20320	0	206	0	0	0	206
20321	209	0	0	0	0	209
20322	0	0	0	202	0	202
20323	211	0	0	0	0	211
20324	0	0	0	208	0	208
20325	0	214	0	0	0	214
20326	0	0	216	0	0	216
20327	0	0	0	228	0	228
20328	0	0	0	226	0	226
20329	0	0	0	236	0	236
20330	237	0	0	0	0	237
20331	0	0	0	236	0	236
20332	0	0	245	0	0	245
20333	0	1	310	0	0	311
20334	331	0	0	0	0	331
20335	3	0	302	0	0	305
20336	306	0	2	0	0	308
20337	3	0	0	319	0	322
20338	0	0	0	317	0	317
20339	0	0	0	318	0	318
20340	0	0	0	326	0	326
20341	343	0	0	4	0	347
20342	6	0	334	1	0	341
20343	1	0	4	333	0	338
20344	0	347	1	5	0	353
20345	341	5	1	1	0	348
20346	5	1	0	324	0	330
20347	323	0	1	5	0	329
20348	6	0	318	1	0	325
20349	1	0	4	296	0	301
20350	0	316	1	6	0	323
20351	324	5	0	2	0	331
20352	6	1	323	1	0	331
20353	2	0	5	320	0	327
20354	0	0	2	328	0	330
20355	305	0	0	8	0	313
20356	4	1	306	2	0	313
20357	3	0	306	0	0	309
20358	0	0	5	304	0	309
20359	1	0	304	4	0	309
20360	0	0	342	1	0	343
20361	1	0	5	356	0	362
20362	1	1	2	353	0	357
20363	2	0	1	367	0	370
20364	361	0	2	6	0	369
20365	6	361	0	4	0	371
20366	362	5	2	3	0	372
20367	9	2	1	360	0	372
20368	3	351	2	7	0	363
20369	2	5	2	369	0	378
20370	405	1	2	9	0	417
20371	7	424	1	6	0	438
20372	5	7	1	424	0	437
20373	3	1	417	9	0	430
20374	424	1	7	5	0	437
20375	7	2	3	425	0	437
20376	6	1	2	413	0	422
20377	2	3	399	11	0	415
20378	5	2	394	3	0	404
20379	398	0	9	4	0	411
20380	8	389	4	5	0	406
20381	1	8	1	393	0	403
20382	399	2	0	11	0	412
20383	11	3	388	1	0	403
20384	2	373	10	5	0	390
20385	1	7	6	402	0	416
20386	396	2	3	10	0	411
20387	389	1	3	4	0	397
20388	397	0	5	4	0	406
20389	11	379	4	3	0	397
20390	3	6	392	5	0	406
20391	2	1	10	396	0	409
20392	2	3	3	390	0	398
20393	3	1	1	401	0	406
20394	2	0	2	399	0	403
20395	388	0	1	13	0	402
20396	389	4	0	9	0	402
20397	14	2	388	5	0	409
20398	7	2	394	2	0	405
20399	388	1	9	4	0	402
20400	405	2	3	5	0	415
20401	12	4	5	374	0	395
20402	4	386	2	11	0	403
20403	389	10	0	6	0	405
20404	8	373	5	4	0	390
20405	3	422	4	6	0	435
20406	5	7	2	439	0	453
20407	5	4	2	449	0	460
20408	3	2	3	445	0	453
20409	2	2	3	449	0	456
20410	4	2	430	13	0	449
20411	431	2	10	5	0	448
20412	447	2	3	4	0	456
20413	10	2	3	433	0	448
20414	6	1	1	435	0	443
20415	435	3	4	9	0	451
20416	11	3	413	4	0	431
20417	423	3	8	5	0	439
20418	465	0	4	6	0	475
20419	13	0	444	5	0	462
20420	463	1	8	4	0	476
20421	11	2	4	456	0	473
20422	3	1	4	461	0	469
20423	7	1	1	472	0	481
20424	4	1	3	470	0	478
20425	438	1	4	15	0	458
20426	7	1	1	432	0	441
20427	7	1	1	417	0	426
20428	4	386	4	10	0	404
20429	2	402	5	5	0	414
20430	4	8	2	408	0	422
20431	406	2	3	8	0	419
20432	10	1	2	397	0	410
20433	5	1	305	9	0	320
20434	1	3	292	3	0	299
20435	293	0	4	3	0	300
20436	5	303	2	1	0	311
20437	295	3	2	2	0	302
20438	6	2	302	0	0	310
20439	6	1	3	277	0	287
20440	285	2	2	4	0	293
20441	4	278	2	2	0	286
20442	286	2	2	3	0	293
20443	4	1	275	5	0	285
20444	1	1	3	275	0	280
20445	1	0	0	288	0	289
20446	303	0	1	3	0	307
20447	288	0	1	4	0	293
20448	323	0	2	3	0	328
20449	326	3	1	0	0	330
20450	326	1	0	2	0	329
20451	6	309	1	1	0	317
20452	2	2	2	327	0	333
20453	348	1	0	3	0	352
20454	4	2	1	339	0	346
20455	1	1	2	344	0	348
20456	3	2	0	344	0	349
20457	2	341	0	5	0	348
20458	349	4	0	3	0	356
20459	1	1	2	353	0	357
20460	313	1	0	5	0	319
20461	296	0	1	0	0	297
20462	3	284	1	3	0	291
20463	294	2	1	2	0	299
20464	5	0	288	1	0	294
20465	290	1	2	2	0	295
20466	5	0	1	292	0	298
20467	1	1	292	3	0	297
20468	5	276	1	3	0	285
20469	5	5	286	1	0	297
20470	0	231	1	1	0	233
20471	223	0	0	0	0	223
20472	219	0	0	0	0	219
20473	219	0	0	0	0	219
20474	0	213	0	0	0	213
20475	223	0	0	0	0	223
20476	0	1	212	0	0	213
20477	1	1	209	0	0	211
20478	0	0	0	204	0	204
20479	0	0	0	216	0	216
20480	0	210	0	1	0	211
20481	217	0	0	0	0	217
20482	0	0	0	220	0	220
20483	0	210	0	0	0	210
20484	0	1	0	219	0	220
20485	202	0	0	0	0	202
20486	200	0	0	1	0	201
20487	0	0	198	0	0	198
20488	0	0	0	195	0	195
20489	0	0	192	0	0	192
20490	0	0	0	196	0	196
20491	0	0	199	0	0	199
20492	0	0	0	196	0	196
20493	0	0	195	0	0	195
20494	0	0	0	194	0	194
20495	0	0	195	0	0	195
20496	0	0	0	185	0	185
20497	0	0	0	181	0	181
20498	0	169	0	0	0	169
20499	0	0	0	182	0	182
20500	0	0	179	0	0	179
20501	1	0	0	176	0	177
20502	0	0	0	206	0	206
20503	206	0	0	0	0	206
20504	0	0	0	232	0	232
20505	0	0	0	193	0	193
20506	0	0	184	0	0	184
20507	180	0	0	0	0	180
20508	0	0	0	193	0	193
20509	1	0	0	195	0	196
20510	0	0	0	197	0	197
20511	197	0	0	0	0	197
20512	1	0	0	192	0	193
20513	0	0	0	196	0	196
20514	193	0	0	0	0	193
20515	0	190	1	0	0	191
20516	0	0	0	195	0	195
20517	0	0	0	193	0	193
20518	0	0	154	0	0	154
20519	106	0	0	0	0	106
20520	0	0	0	156	0	156
20521	0	0	156	0	0	156
20522	153	0	0	0	0	153
20523	0	0	0	155	0	155
20524	0	0	0	155	0	155
20525	0	0	0	154	0	154
20526	0	0	0	156	0	156
20527	0	0	169	0	0	169
20528	0	0	0	163	0	163
20529	0	0	0	266	0	266
20530	0	1	378	3	0	382
20531	404	0	5	0	0	409
20532	426	0	0	1	0	427
20533	402	0	2	0	0	404
20534	6	0	0	405	0	411
20535	406	0	0	5	0	411
20536	409	0	0	0	0	409
20537	5	0	0	406	0	411
20538	386	0	0	6	0	392
20539	392	0	0	0	0	392
20540	390	0	0	2	0	392
20541	389	0	0	1	0	390
20542	6	0	0	383	0	389
20543	2	385	0	3	0	390
20544	3	382	0	0	0	385
20545	1	374	3	2	0	380
20546	360	7	0	1	0	368
20547	366	2	0	0	0	368
20548	7	3	331	0	0	341
20549	329	1	4	2	0	336
20550	9	0	0	336	0	345
20551	3	0	2	340	0	345
20552	2	0	1	343	0	346
20553	313	0	0	7	0	320
20554	4	0	0	317	0	321
20555	2	312	0	7	0	321
20556	4	5	0	319	0	328
20557	1	0	333	9	0	343
20558	0	4	4	339	0	347
20559	344	3	0	7	0	354
20560	4	2	329	1	0	336
20561	3	0	5	332	0	340
20562	4	0	0	335	0	339
20563	1	0	4	331	0	336
20564	0	332	2	5	0	339
20565	0	5	1	349	0	355
20566	340	0	0	10	0	350
20567	347	2	0	4	0	353
20568	7	1	332	3	0	343
20569	3	0	331	4	0	338
20570	4	2	4	339	0	349
20571	2	0	2	345	0	349
20572	2	0	341	6	0	349
20573	2	0	6	307	0	315
20574	3	334	0	6	0	343
20575	337	5	3	1	0	346
20576	344	0	0	3	0	347
20577	348	3	0	3	0	354
20578	7	2	335	2	0	346
20579	3	4	5	356	0	368
20580	3	1	344	8	0	356
20581	345	0	6	0	0	351
20582	5	355	1	2	0	363
20583	1	5	5	353	0	364
20584	357	0	3	6	0	366
20585	6	2	0	361	0	369
20586	0	1	4	406	0	411
20587	5	0	378	7	0	390
20588	368	0	5	2	0	375
20589	10	392	0	4	0	406
20590	4	6	3	406	0	419
20591	402	0	1	6	0	409
20592	14	1	1	392	0	408
20593	386	1	2	11	0	400
20594	15	394	1	4	0	414
20595	406	5	3	6	0	420
20596	16	0	390	3	0	409
20597	399	4	5	2	0	410
20598	400	2	1	6	0	409
20599	405	4	2	1	0	412
20600	10	3	2	397	0	412
20601	9	6	0	402	0	417
20602	11	2	3	379	0	395
20603	8	380	3	6	0	397
20604	358	9	5	6	0	378
20605	13	1	0	386	0	400
20606	4	3	3	388	0	398
20607	7	0	0	397	0	404
20608	388	1	1	14	0	404
20609	13	3	1	383	0	400
20610	6	0	364	11	0	381
20611	6	377	6	4	0	393
20612	3	5	1	389	0	398
20613	3	4	7	387	0	401
20614	4	3	2	397	0	406
20615	5	3	372	10	0	390
20616	3	2	373	8	0	386
20617	5	1	6	390	0	402
20618	2	2	375	13	0	392
20619	6	0	8	385	0	399
20620	384	4	3	15	0	406
20621	387	0	4	12	0	403
20622	387	1	2	9	0	399
20623	16	2	376	3	0	397
20624	374	2	8	7	0	391
20625	11	2	7	411	0	431
20626	4	2	399	13	0	418
20627	5	0	378	6	0	389
20628	3	382	9	8	0	402
20629	3	285	3	7	0	298
20630	188	1	10	0	0	199
20631	0	0	0	168	0	168
20632	0	0	168	0	0	168
20633	0	0	0	161	0	161
20634	166	0	0	0	0	166
20635	0	0	189	0	0	189
20636	180	0	2	1	0	183
20637	191	0	0	0	0	191
20638	190	0	0	0	0	190
20639	2	183	0	0	0	185
20640	190	2	0	0	0	192
20641	2	0	0	196	0	198
20642	0	0	0	194	0	194
20643	0	0	0	198	0	198
20644	0	0	0	200	0	200
20645	196	0	0	2	0	198
20646	1	192	0	0	0	193
20647	0	178	0	0	0	178
20648	0	192	0	0	0	192
20649	195	2	0	0	0	197
20650	194	0	0	0	0	194
20651	192	0	0	0	0	192
20652	193	1	0	0	0	194
20653	1	0	0	193	0	194
20654	0	0	0	192	0	192
20655	196	0	0	2	0	198
20656	2	180	0	0	0	182
20657	171	2	0	0	0	173
20658	170	0	0	0	0	170
20659	2	0	0	167	0	169
20660	0	190	0	2	0	192
20661	0	4	0	190	0	194
20662	191	0	0	4	0	195
20663	4	0	181	0	0	185
20664	0	0	4	182	0	186
20665	0	180	1	3	0	184
20666	187	4	0	0	0	191
20667	187	0	0	0	0	187
20668	4	2	184	0	0	190
20669	0	173	3	1	0	177
20670	0	4	189	0	0	193
20671	0	0	4	186	0	190
20672	2	0	187	4	0	193
20673	0	0	192	0	0	192
20674	0	198	3	0	0	201
20675	214	4	0	0	0	218
20676	212	0	0	0	0	212
20677	3	210	0	1	0	214
20678	0	207	0	1	0	208
20679	0	4	180	1	0	185
20680	0	1	188	1	0	190
20681	2	0	189	0	0	191
20682	1	1	5	187	0	194
20683	1	1	188	4	0	194
20684	1	0	4	190	0	195
20685	1	1	1	183	0	186
20686	1	0	159	4	0	164
20687	1	157	4	0	0	162
20688	1	4	0	161	0	166
20689	161	0	0	4	0	165
20690	3	0	0	163	0	166
20691	1	0	159	4	0	164
20692	0	152	4	2	0	158
20693	1	160	0	0	0	161
20694	1	4	0	161	0	166
20695	161	0	0	5	0	166
20696	165	1	0	0	0	166
20697	3	0	0	159	0	162
20698	1	202	0	5	0	208
20699	0	4	1	201	0	206
20700	0	0	0	207	0	207
20701	0	1	0	195	0	196
20702	223	0	0	4	0	227
20703	6	224	0	0	0	230
20704	231	5	1	0	0	237
20705	209	3	0	0	0	212
20706	207	0	1	0	0	208
20707	216	0	0	1	0	217
20708	7	0	1	205	0	213
20709	2	0	212	6	0	220
20710	0	216	7	2	0	225
20711	223	6	2	0	0	231
20712	225	2	0	0	0	227
20713	233	1	0	0	0	234
20714	10	1	218	0	0	229
20715	215	0	9	0	0	224
20716	230	0	3	0	0	233
20717	10	0	1	220	0	231
20718	1	1	219	8	0	229
20719	0	214	7	2	0	223
20720	0	8	2	222	0	232
20721	221	1	0	8	0	230
20722	6	0	1	222	0	229
20723	2	1	0	230	0	233
20724	253	1	0	11	0	265
20725	9	0	213	3	0	225
20726	223	0	8	1	0	232
20727	231	0	3	0	0	234
20728	229	1	0	0	0	230
20729	234	2	1	0	0	237
20730	12	0	196	1	0	209
20731	5	0	7	201	0	213
20732	2	0	196	8	0	206
20733	1	1	8	206	0	216
20734	0	1	194	8	0	203
20735	174	0	4	6	0	184
20736	6	170	4	1	0	181
20737	3	177	1	2	0	183
20738	1	10	0	177	0	188
20739	1	3	0	194	0	198
20740	2	200	0	8	0	210
20741	195	9	0	4	0	208
20742	203	4	0	1	0	208
20743	224	1	1	1	0	227
20744	222	0	1	0	0	223
20745	11	0	1	217	0	229
20746	5	1	0	246	0	252
20747	244	0	1	9	0	254
20748	9	0	0	247	0	256
20749	4	0	231	11	0	246
20750	2	0	242	4	0	248
20751	2	1	9	241	0	253
20752	0	0	239	9	0	248
20753	241	0	9	4	0	254
20754	7	0	5	244	0	256
20755	245	0	3	8	0	256
20756	9	1	235	4	0	249
20757	5	1	7	243	0	256
20758	2	1	232	10	0	245
20759	1	237	10	5	0	253
20760	219	5	4	2	0	230
20761	222	3	3	1	0	229
20762	9	219	1	0	0	229
20763	223	6	0	0	0	229
20764	9	3	0	217	0	229
20765	5	1	0	223	0	229
20766	217	0	1	8	0	226
20767	6	216	0	6	0	228
20768	2	219	1	3	0	225
20769	2	7	0	218	0	227
20770	207	5	1	5	0	218
20771	211	3	0	3	0	217
20772	217	1	0	2	0	220
20773	9	1	203	1	0	214
20774	5	0	186	1	0	192
20775	3	189	6	1	0	199
20776	193	6	5	0	0	204
20777	6	2	3	190	0	201
20778	191	1	2	5	0	199
20779	197	1	1	3	0	202
20780	10	1	0	193	0	204
20781	7	0	186	7	0	200
20782	195	0	6	4	0	205
20783	7	0	3	193	0	203
20784	3	1	187	6	0	197
20785	192	0	7	4	0	203
20786	197	0	3	2	0	202
20787	9	0	2	195	0	206
20788	5	0	187	5	0	197
20789	4	2	5	185	0	196
20790	1	189	3	9	0	202
20791	3	5	184	4	0	196
20792	0	195	6	4	0	205
20793	192	6	2	2	0	202
20794	199	4	1	0	0	204
20795	198	3	1	0	0	202
20796	203	1	0	0	0	204
20797	11	0	0	194	0	205
20798	157	0	0	7	0	164
20799	11	1	0	153	0	165
20800	148	0	1	11	0	160
20801	7	149	2	7	0	165
20802	4	5	3	108	0	120
20803	2	113	1	9	0	125
20804	113	5	4	1	0	123
20805	115	2	1	3	0	121
20806	6	114	0	4	0	124
20807	6	6	0	115	0	127
20808	4	1	115	5	0	125
20809	1	2	1	102	0	106
20810	1	1	94	3	0	99
20811	0	1	2	95	0	98
20812	2	97	1	4	0	104
20813	100	1	1	2	0	104
20814	100	3	0	1	0	104
20815	5	2	0	99	0	106
20816	103	0	0	3	0	106
20817	2	1	0	101	0	104
20818	5	0	0	102	0	107
20819	2	1	0	103	0	106
20820	99	2	0	5	0	106
20821	96	0	0	5	0	101
20822	100	0	0	3	0	103
20823	6	99	0	1	0	106
20824	71	1	0	0	0	72
20825	4	68	1	0	0	73
20826	70	2	1	0	0	73
20827	3	1	0	67	0	71
20828	1	1	0	71	0	73
20829	72	0	1	2	0	75
20830	69	0	0	2	0	71
20831	3	65	0	2	0	70
20832	71	1	0	2	0	74
20833	4	0	1	69	0	74
20834	2	1	0	70	0	73
20835	72	0	0	3	0	75
20836	1	0	69	2	0	72
20837	2	66	1	2	0	71
20838	2	1	0	60	0	63
20839	0	0	47	0	0	47
20840	1	1	0	45	0	47
20841	45	0	0	1	0	46
20842	0	41	1	1	0	43
20843	0	20	0	1	0	21
20844	1	23	0	0	0	24
20845	23	1	0	0	0	24
20846	0	0	0	0	0	0
20847	0	0	0	0	0	0
20848	0	0	0	0	0	0
20849	0	0	0	0	0	0
20850	0	0	0	0	0	0
20851	0	0	0	0	0	0
20852	0	0	0	0	0	0
20853	0	0	0	0	0	0
20854	0	0	0	0	0	0
20855	0	0	1	0	0	1
20856	1	0	0	0	0	1
20857	0	0	29	0	0	29
20858	0	0	0	23	0	23
20859	0	0	0	26	0	26
20860	30	0	0	0	0	30
20861	0	0	0	30	0	30
20862	30	0	0	0	0	30
20863	0	58	0	0	0	58
20864	95	0	0	0	0	95
20865	0	0	0	93	0	93
20866	0	0	0	95	0	95
20867	0	0	0	93	0	93
20868	0	0	0	91	0	91
20869	0	0	91	0	0	91
20870	0	0	91	0	0	91
20871	0	0	0	92	0	92
20872	0	0	93	0	0	93
20873	0	91	0	0	0	91
20874	0	0	0	92	0	92
20875	0	0	93	0	0	93
20876	0	0	85	0	0	85
20877	0	0	0	89	0	89
20878	0	0	0	93	0	93
20879	0	93	0	0	0	93
20880	0	0	0	91	0	91
20881	0	0	91	0	0	91
20882	83	0	0	0	0	83
20883	0	0	0	92	0	92
20884	94	0	0	0	0	94
20885	89	0	0	0	0	89
20886	106	0	0	0	0	106
20887	0	0	109	0	0	109
20888	0	0	109	0	0	109
20889	81	0	0	0	0	81
20890	0	0	152	0	0	152
20891	0	0	0	145	0	145
20892	0	0	0	149	0	149
20893	0	0	156	0	0	156
20894	0	151	0	0	0	151
20895	156	0	0	0	0	156
20896	0	147	0	0	0	147
20897	0	162	0	0	0	162
20898	173	0	0	0	0	173
20899	0	0	170	0	0	170
20900	1	0	161	0	0	162
20901	0	0	0	161	0	161
20902	173	0	0	0	0	173
20903	0	168	0	0	0	168
20904	172	0	0	0	0	172
20905	0	0	167	0	0	167
20906	0	166	0	0	0	166
20907	0	0	0	171	0	171
20908	0	0	170	0	0	170
20909	0	0	0	158	0	158
20910	0	0	0	143	0	143
20911	0	0	0	167	0	167
20912	0	0	0	170	0	170
20913	170	0	0	0	0	170
20914	157	0	0	0	0	157
20915	0	0	166	0	0	166
20916	158	0	0	0	0	158
20917	0	157	0	0	0	157
20918	168	0	0	0	0	168
20919	0	0	168	0	0	168
20920	1	0	0	158	0	159
20921	0	0	167	0	0	167
20922	0	0	159	0	0	159
20923	0	0	0	160	0	160
20924	0	0	0	160	0	160
20925	0	0	166	0	0	166
20926	0	156	0	0	0	156
20927	0	165	0	0	0	165
20928	0	0	0	168	0	168
20929	207	0	0	0	0	207
20930	0	201	0	0	0	201
20931	0	0	197	0	0	197
20932	0	0	188	0	0	188
20933	0	0	202	0	0	202
20934	0	0	0	190	0	190
20935	206	0	0	0	0	206
20936	0	200	0	0	0	200
20937	0	0	198	0	0	198
20938	0	198	1	0	0	199
20939	0	0	0	206	0	206
20940	0	0	201	0	0	201
20941	0	196	0	0	0	196
20942	0	0	0	201	0	201
20943	0	0	0	206	0	206
20944	0	0	228	0	0	228
20945	0	0	0	218	0	218
20946	1	215	0	0	0	216
20947	0	1	223	0	0	224
20948	217	0	1	0	0	218
20949	0	0	1	225	0	226
20950	0	0	1	223	0	224
20951	0	220	0	1	0	221
20952	231	0	0	0	0	231
20953	0	1	227	0	0	228
20954	214	0	2	1	0	217
20955	0	1	0	226	0	227
20956	0	222	0	0	0	222
20957	0	0	1	204	0	205
20958	0	1	0	208	0	209
20959	203	0	0	1	0	204
20960	199	0	0	1	0	200
20961	0	0	1	207	0	208
20962	0	0	193	0	0	193
20963	155	1	0	0	0	156
20964	0	137	1	0	0	138
20965	1	0	0	144	0	145
20966	0	0	0	141	0	141
20967	0	0	0	144	0	144
20968	0	1	140	0	0	141
20969	1	0	0	141	0	142
20970	0	143	1	14	0	158
20971	1	0	0	155	0	156
20972	0	157	0	1	0	158
20973	0	1	0	159	0	160
20974	0	0	156	1	0	157
20975	141	0	0	1	0	142
20976	1	0	0	173	0	174
20977	1	0	168	0	0	169
20978	0	167	0	1	0	168
20979	172	0	1	0	0	173
20980	1	0	169	0	0	170
20981	163	1	0	0	0	164
20982	0	0	0	191	0	191
20983	0	0	0	186	0	186
20984	0	184	0	1	0	185
20985	190	0	1	0	0	191
20986	174	0	0	0	0	174
20987	0	169	0	0	0	169
20988	0	0	0	207	0	207
20989	0	1	0	202	0	203
20990	0	0	0	166	0	166
20991	0	0	158	0	0	158
20992	157	0	0	0	0	157
20993	0	0	0	162	0	162
20994	0	0	1	162	0	163
20995	0	1	157	0	0	158
20996	1	0	154	0	0	155
20997	0	0	1	147	0	148
20998	1	0	144	0	0	145
20999	145	0	0	0	0	145
21000	0	0	0	144	0	144
21001	0	1	0	145	0	146
21002	1	0	161	0	0	162
21003	0	0	0	160	0	160
21004	0	1	162	0	0	163
21005	0	180	0	0	0	180
21006	185	0	1	1	0	187
21007	186	0	0	1	0	187
21008	0	186	1	0	0	187
21009	1	0	0	207	0	208
21010	2	0	199	1	0	202
21011	0	0	0	201	0	201
21012	202	0	3	0	0	205
21013	0	201	1	0	0	202
21014	204	0	0	1	0	205
21015	0	1	1	201	0	203
21016	207	0	0	0	0	207
21017	0	199	0	1	0	200
21018	227	0	0	0	0	227
21019	5	0	235	0	0	240
21020	0	247	0	1	0	248
21021	0	0	1	254	0	255
21022	257	1	0	0	0	258
21023	253	0	0	0	0	253
21024	0	0	0	254	0	254
21025	257	1	0	0	0	258
21026	253	0	0	1	0	254
21027	272	0	1	0	0	273
21028	0	0	0	266	0	266
21029	0	0	223	0	0	223
21030	0	0	200	1	0	201
21031	0	0	216	0	0	216
21032	221	0	0	0	0	221
21033	0	0	0	226	0	226
21034	0	214	0	0	0	214
21035	0	0	0	230	0	230
21036	0	217	0	0	0	217
21037	229	0	0	0	0	229
21038	0	0	0	226	0	226
21039	0	0	0	225	0	225
21040	226	0	0	0	0	226
21041	0	0	0	225	0	225
21042	0	0	0	227	0	227
21043	225	0	0	0	0	225
21044	0	0	224	0	0	224
21045	0	0	1	224	0	225
21046	0	0	223	1	0	224
21047	222	0	1	0	0	223
21048	1	0	0	228	0	229
21049	229	0	0	1	0	230
21050	1	0	0	238	0	239
21051	0	1	296	2	0	299
21052	0	0	2	300	0	302
21053	301	1	0	1	0	303
21054	2	290	0	1	0	293
21055	1	3	281	0	0	285
21056	286	0	2	0	0	288
21057	2	291	2	0	0	295
21058	1	295	1	0	0	297
21059	0	381	0	0	0	381
21060	0	3	0	440	0	443
21061	444	0	0	5	0	449
21062	442	1	0	1	0	444
21063	7	0	420	0	0	427
21064	419	0	6	0	0	425
21065	6	416	1	1	0	424
21066	1	6	1	434	0	442
21067	495	3	0	6	0	504
21068	499	0	0	3	0	502
21069	503	0	0	0	0	503
21070	481	0	0	1	0	482
21071	474	0	3	1	0	478
21072	9	0	0	476	0	485
21073	1	4	466	6	0	477
21074	0	1	5	473	0	479
21075	3	0	1	481	0	485
21076	470	1	0	6	0	477
21077	10	446	0	1	0	457
21078	466	6	0	0	0	472
21079	467	1	0	0	0	468
21080	474	1	1	3	0	479
21081	483	0	1	1	0	485
21082	8	2	518	3	0	531
21083	515	0	5	3	0	523
21084	535	0	1	0	0	536
21085	510	1	2	2	0	515
21086	534	0	2	0	0	536
21087	11	0	0	526	0	537
21088	5	0	473	8	0	486
21089	490	0	6	4	0	500
21090	5	477	3	5	0	490
21091	5	6	2	496	0	509
21092	4	517	0	6	0	527
21093	5	7	0	529	0	541
21094	530	3	0	7	0	540
21095	532	0	1	4	0	537
21096	533	0	3	0	0	536
21097	12	2	491	0	0	505
21098	508	2	6	0	0	516
21099	8	1	495	3	0	507
21100	3	3	477	2	0	485
21101	3	0	490	5	0	498
21102	5	0	7	463	0	475
21103	4	0	3	491	0	498
21104	6	0	0	494	0	500
21105	0	3	3	465	0	471
21106	5	1	0	462	0	468
21107	2	2	1	463	0	468
21108	2	455	3	6	0	466
21109	452	6	2	1	0	461
21110	7	442	1	5	0	455
21111	4	6	0	454	0	464
21112	2	3	1	458	0	464
21113	452	0	1	11	0	464
21114	7	441	2	5	0	455
21115	453	6	0	5	0	464
21116	6	4	4	449	0	463
21117	7	1	1	454	0	463
21118	2	5	1	443	0	451
21119	1	0	407	14	0	422
21120	3	2	6	407	0	418
21121	5	1	397	10	0	413
21122	4	4	391	4	0	403
21123	9	1	411	2	0	423
21124	6	0	6	397	0	409
21125	4	1	1	426	0	432
21126	4	2	1	428	0	435
21127	395	1	4	11	0	411
21128	10	1	2	513	0	526
21129	531	1	5	14	0	551
21130	16	524	3	4	0	547
21131	531	13	2	2	0	548
21132	553	2	0	4	0	559
21133	14	549	2	8	0	573
21134	572	10	1	5	0	588
21135	571	2	2	5	0	580
21136	567	1	5	6	0	579
21137	588	0	2	2	0	592
21138	17	6	554	1	0	578
21139	9	553	14	2	0	578
21140	8	13	1	562	0	584
21141	573	4	2	16	0	595
21142	20	1	560	5	0	586
21143	5	554	13	4	0	576
21144	7	9	2	519	0	537
21145	7	551	2	13	0	573
21146	6	13	3	559	0	581
21147	7	6	1	562	0	576
21148	6	2	545	18	0	571
21149	12	1	537	2	0	552
21150	477	1	17	1	0	496
21151	15	6	492	0	0	513
21152	4	2	494	4	0	504
21153	4	6	14	475	0	499
21154	6	1	1	483	0	491
21155	7	475	3	14	0	499
21156	5	528	3	3	0	539
21157	4	13	569	4	0	590
21158	5	3	15	590	0	613
21159	3	0	506	16	0	525
21160	1	0	451	2	0	454
21161	0	443	11	1	0	455
21162	1	9	3	454	0	467
21163	450	1	2	7	0	460
21164	10	2	3	458	0	473
21165	461	1	2	12	0	476
21166	466	1	1	4	0	472
21167	426	0	1	4	0	431
21168	15	1	408	1	0	425
21169	410	1	11	1	0	423
21170	13	1	2	417	0	433
21171	419	0	1	12	0	432
21172	421	0	2	2	0	425
21173	12	418	3	2	0	435
21174	435	13	0	1	0	449
21175	13	2	420	3	0	438
21176	439	2	10	1	0	452
21177	448	1	2	1	0	452
21178	12	436	2	3	0	453
21179	450	11	2	2	0	465
21180	13	1	1	421	0	436
21181	6	2	1	420	0	429
21182	5	365	1	11	0	382
21183	3	9	1	383	0	396
21184	3	3	0	397	0	403
21185	2	1	379	13	0	395
21186	2	2	381	3	0	388
21187	364	1	11	2	0	378
21188	388	1	4	3	0	396
21189	13	0	2	383	0	398
21190	3	2	387	10	0	402
21191	2	375	12	4	0	393
21192	5	11	1	362	0	379
21193	2	0	352	10	0	364
21194	368	2	12	2	0	384
21195	13	2	2	382	0	399
21196	3	384	2	12	0	401
21197	4	11	4	384	0	403
21198	2	3	2	414	0	421
21199	1	1	3	424	0	429
21200	413	3	1	20	0	437
21201	14	2	2	421	0	439
21202	407	1	3	19	0	430
21203	419	1	2	6	0	428
21204	18	3	401	5	0	427
21205	9	403	13	3	0	428
21206	5	15	5	345	0	370
21207	5	408	4	7	0	424
21208	438	14	5	4	0	461
21209	15	8	1	439	0	463
21210	5	3	435	15	0	458
21211	6	1	446	5	0	458
21212	3	2	446	8	0	459
21213	417	1	21	4	0	443
21214	17	431	6	6	0	460
21215	422	18	4	5	0	449
21216	19	433	5	3	0	460
21217	9	16	4	433	0	462
21218	6	8	1	424	0	439
21219	6	430	3	15	0	454
21220	6	19	421	7	0	453
21221	5	436	16	6	0	463
21222	432	15	5	4	0	456
21223	15	7	5	424	0	451
21224	7	6	412	16	0	441
21225	10	2	427	5	0	444
21226	5	2	16	422	0	445
21227	4	4	426	16	0	450
21228	3	0	317	6	0	326
21229	281	0	14	5	0	300
21230	12	282	6	4	0	304
21231	297	9	3	3	0	312
21232	9	5	283	4	0	301
21233	8	272	11	0	0	291
21234	3	262	5	4	0	274
21235	2	12	4	257	0	275
21236	4	8	1	261	0	274
21237	1	2	3	299	0	305
21238	1	5	280	17	0	303
21239	4	2	9	289	0	304
21240	1	1	4	306	0	312
21241	286	0	6	15	0	307
21242	13	279	3	9	0	304
21243	3	9	2	296	0	310
21244	292	6	1	12	0	311
21245	281	5	1	6	0	293
21246	16	1	0	277	0	294
21247	6	3	267	12	0	288
21248	7	0	11	273	0	291
21249	3	2	270	15	0	290
21250	281	3	13	4	0	301
21251	302	2	6	6	0	316
21252	13	1	7	329	0	350
21253	7	3	319	14	0	343
21254	5	386	12	11	0	414
21255	4	15	396	4	0	419
21256	3	7	19	302	0	331
21257	1	319	6	13	0	339
21258	298	11	3	4	0	316
21259	13	5	1	279	0	298
21260	5	299	0	9	0	313
21261	298	11	0	3	0	312
21262	13	3	0	292	0	308
21263	5	295	1	11	0	312
21264	2	12	1	303	0	318
21265	0	5	294	15	0	314
21266	291	2	13	5	0	311
21267	303	0	6	3	0	312
21268	16	1	284	1	0	302
21269	7	293	10	1	0	311
21270	292	12	4	1	0	309
21271	12	5	2	289	0	308
21272	5	3	1	299	0	308
21273	2	2	0	295	0	299
21274	0	2	1	295	0	298
21275	2	0	0	301	0	303
21276	266	2	0	19	0	287
21277	277	2	0	7	0	286
21278	17	1	2	264	0	284
21279	6	1	2	279	0	288
21280	4	2	265	17	0	288
21281	2	2	268	8	0	280
21282	266	2	17	2	0	287
21283	13	1	7	257	0	278
21284	6	1	254	12	0	273
21285	4	3	12	259	0	278
21286	255	2	5	15	0	277
21287	262	1	4	6	0	273
21288	16	4	1	248	0	269
21289	8	1	1	266	0	276
21290	257	0	0	21	0	278
21291	12	2	1	249	0	264
21292	4	250	2	18	0	274
21293	4	12	4	256	0	276
21294	4	3	0	245	0	252
21295	2	4	219	18	0	243
21296	4	0	228	8	0	240
21297	2	228	14	4	0	248
21298	206	11	3	3	0	223
21299	210	2	2	2	0	216
21300	212	1	2	3	0	218
21301	13	203	0	4	0	220
21302	2	212	1	5	0	220
21303	199	12	4	2	0	217
21304	10	203	4	2	0	219
21305	6	11	206	2	0	225
21306	6	206	9	3	0	224
21307	1	13	210	6	0	230
21308	179	2	12	4	0	197
21309	181	6	3	6	0	196
21310	16	202	3	4	0	225
21311	216	12	0	8	0	236
21312	231	5	2	8	0	246
21313	245	3	1	6	0	255
21314	21	1	2	232	0	256
21315	242	5	1	11	0	259
21316	15	4	255	11	0	285
21317	282	2	11	12	0	307
21318	16	4	10	275	0	305
21319	11	2	270	13	0	296
21320	6	4	309	7	0	326
21321	4	3	14	318	0	339
21322	5	4	11	326	0	346
21323	323	3	7	18	0	351
21324	13	4	4	331	0	352
21325	11	6	333	15	0	365
21326	7	4	9	339	0	359
21327	5	351	6	21	0	383
21328	373	12	4	13	0	402
21329	14	9	2	367	0	392
21330	13	6	353	15	0	387
21331	10	355	10	15	0	390
21332	408	11	6	10	0	435
21333	10	6	10	457	0	483
21334	11	6	456	11	0	484
21335	11	433	13	7	0	464
21336	439	8	37	7	0	491
21337	430	6	5	6	0	447
21338	440	3	2	7	0	452
21339	17	3	3	432	0	455
21340	9	3	1	465	0	478
21341	461	0	1	17	0	479
21342	10	432	1	14	0	457
21343	466	6	5	10	0	487
21344	9	8	5	458	0	480
21345	526	3	2	11	0	542
21346	13	2	1	540	0	556
21347	12	3	2	568	0	585
21348	4	2	5	573	0	584
21349	2	4	7	567	0	580
21350	5	3	535	14	0	557
21351	8	2	580	10	0	600
21352	493	3	11	6	0	513
21353	8	3	603	4	0	618
21354	5	0	503	0	0	508
21355	477	0	5	1	0	483
21356	536	0	4	1	0	541
21357	5	0	1	529	0	535
21358	543	0	1	1	0	545
21359	4	535	0	1	0	540
21360	568	3	0	2	0	573
21361	560	3	0	0	0	563
21362	589	1	1	2	0	593
21363	5	0	1	590	0	596
21364	4	540	0	3	0	547
21365	3	561	0	3	0	567
21366	594	3	0	4	0	601
21367	585	2	1	1	0	589
21368	4	2	1	572	0	579
21369	5	1	1	573	0	580
21370	4	557	0	4	0	565
21371	592	1	1	4	0	598
21372	2	2	577	1	0	582
21373	5	2	1	552	0	560
21374	4	0	3	571	0	578
21375	1	1	565	6	0	573
21376	2	0	2	545	0	549
21377	1	487	4	5	0	497
21378	3	1	1	581	0	586
21379	2	2	0	566	0	570
21380	2	532	3	5	0	542
21381	0	570	0	6	0	576
21382	0	5	0	603	0	608
21383	597	5	1	1	0	604
21384	2	2	1	591	0	596
21385	5	0	1	634	0	640
21386	1	620	1	7	0	629
21387	1	2	1	673	0	677
21388	2	3	0	661	0	666
21389	2	1	0	669	0	672
21390	761	0	1	6	0	768
21391	2	1	0	746	0	749
21392	4	1	0	744	0	749
21393	2	0	2	752	0	756
21394	2	0	733	6	0	741
21395	649	2	2	5	0	658
21396	3	678	5	3	0	689
21397	750	2	1	1	0	754
21398	3	5	0	739	0	747
21399	4	2	732	2	0	740
21400	667	0	1	5	0	673
21401	3	3	923	1	0	930
21402	3	1	2	909	0	915
21403	979	1	2	1	0	983
21404	961	1	1	5	0	968
21405	981	0	1	3	0	985
21406	5	1	0	968	0	974
21407	4	0	0	973	0	977
21408	3	0	1	985	0	989
21409	1	926	0	9	0	936
21410	0	931	1	6	0	938
21411	0	931	0	4	0	935
21412	0	930	0	0	0	930
21413	0	0	0	960	0	960
21414	0	0	0	953	0	953
21415	955	1	0	0	0	956
21416	889	0	0	1	0	890
21417	922	0	0	0	0	922
21418	0	1	0	917	0	918
21419	0	0	0	945	0	945
21420	909	0	0	1	0	910
21421	848	0	0	0	0	848
21422	0	0	851	1	0	852
21423	0	2	762	1	0	765
21424	0	2	809	1	0	812
21425	1	0	824	0	0	825
21426	0	0	0	795	0	795
21427	865	0	0	0	0	865
21428	0	794	1	0	0	795
21429	0	1	0	856	0	857
21430	0	2	834	0	0	836
21431	0	818	2	2	0	822
21432	0	0	0	856	0	856
21433	0	0	798	5	0	803
21434	1	1	1	777	0	780
21435	0	0	0	806	0	806
21436	829	0	0	0	0	829
21437	0	0	0	817	0	817
21438	0	0	814	1	0	815
21439	0	0	0	813	0	813
21440	0	881	1	2	0	884
21441	0	0	0	981	0	981
21442	0	0	0	1053	0	1053
21443	0	1	0	1038	0	1039
21444	1056	0	0	0	0	1056
21445	999	0	1	0	0	1000
21446	1039	0	1	0	0	1040
21447	1017	0	0	0	0	1017
21448	0	0	997	0	0	997
21449	967	0	0	0	0	967
21450	1018	0	0	2	0	1020
21451	0	0	960	0	0	960
21452	0	0	918	0	0	918
21453	0	0	0	903	0	903
21454	0	892	2	0	0	894
21455	966	0	0	0	0	966
21456	947	0	0	0	0	947
21457	950	0	0	0	0	950
21458	0	0	0	943	0	943
21459	0	887	1	0	0	888
21460	948	0	0	0	0	948
21461	934	0	0	0	0	934
21462	0	0	0	902	0	902
21463	0	0	876	0	0	876
21464	874	0	0	1	0	875
21465	1	1	0	909	0	911
21466	969	0	0	0	0	969
21467	0	0	0	961	0	961
21468	0	0	975	0	0	975
21469	990	0	0	0	0	990
21470	0	0	0	1009	0	1009
21471	0	0	0	1002	0	1002
21472	0	0	0	1011	0	1011
21473	0	0	0	1006	0	1006
21474	1027	0	0	0	0	1027
21475	0	0	0	1011	0	1011
21476	0	971	0	1	0	972
21477	0	0	0	1042	0	1042
21478	0	1010	0	1	0	1011
21479	0	1	0	1034	0	1035
21480	0	0	0	1036	0	1036
21481	0	964	0	1	0	965
21482	0	1	0	1010	0	1011
21483	0	0	0	1008	0	1008
21484	994	0	1	1	0	996
21485	1	0	966	0	0	967
21486	0	0	1	961	0	962
21487	969	0	0	2	0	971
21488	934	0	0	0	0	934
21489	955	0	0	0	0	955
21490	1	0	869	1	0	871
21491	0	1	844	0	0	845
21492	0	0	1	865	0	866
21493	908	0	0	1	0	909
21494	1	3	883	0	0	887
21495	854	0	1	0	0	855
21496	1	872	0	0	0	873
21497	0	1	0	995	0	996
21498	0	0	0	995	0	995
21499	1017	1	0	1	0	1019
21500	1	1	0	1008	0	1010
21501	812	0	0	1	0	813
21502	807	0	0	0	0	807
21503	1	0	0	803	0	804
21504	0	0	0	806	0	806
21505	793	0	0	2	0	795
21506	1	0	807	0	0	808
21507	787	0	1	0	0	788
21508	1	0	826	0	0	827
21509	853	0	1	0	0	854
21510	904	0	0	0	0	904
21511	900	0	0	0	0	900
21512	878	0	0	1	0	879
21513	1	901	0	0	0	902
21514	935	1	1	0	0	937
21515	932	0	1	2	0	935
21516	2	919	1	0	0	922
21517	978	1	0	1	0	980
21518	2	3	935	0	0	940
21519	920	0	2	2	0	924
21520	5	2	941	0	0	948
21521	1	0	4	929	0	934
21522	1	0	0	975	0	976
21523	0	0	1019	4	0	1023
21524	2	0	3	983	0	988
21525	2	2	4	947	0	955
21526	1071	0	0	4	0	1075
21527	4	1	0	1036	0	1041
21528	3	0	0	1068	0	1071
21529	0	0	0	1079	0	1079
21530	2	1031	2	7	0	1042
21531	1	4	0	1033	0	1038
21532	1011	3	0	7	0	1021
21533	5	1	1009	6	0	1021
21534	5	1	4	1042	0	1052
21535	0	1	1033	7	0	1041
21536	978	0	5	5	0	988
21537	5	0	5	1111	0	1121
21538	8	2	1689	15	0	1714
21539	1	0	42	1714	0	1757
21540	4	0	34	1584	0	1622
21541	3	1533	12	75	0	1623
21542	2	39	10	1566	0	1617
21543	1	30	6	1712	0	1749
21544	2	11	1592	101	0	1706
21545	6	9	53	1659	0	1727
21546	2	4	36	1707	0	1749
21547	1623	3	11	111	0	1748
21548	1621	1	13	54	0	1689
21549	92	1629	7	29	0	1757
21550	1668	55	6	25	0	1754
21551	1700	35	7	18	0	1760
21552	106	1699	6	17	0	1828
21553	51	65	8	1713	0	1837
21554	1770	39	2	75	0	1886
21555	1821	12	2	52	0	1887
21556	1791	14	5	23	0	1833
21557	106	1724	11	23	0	1864
21558	59	61	1706	22	0	1848
21559	1840	38	59	18	0	1955
21560	1903	14	34	12	0	1963
21561	118	1838	12	14	0	1982
21562	1892	70	16	12	0	1990
21563	1948	44	8	9	0	2009
21564	121	14	9	1872	0	2016
21565	73	20	1873	76	0	2042
21566	43	11	67	1937	0	2058
21567	36	11	40	1956	0	2043
21568	30	9	11	2005	0	2055
21569	23	11	1853	128	0	2015
21570	17	14	76	1936	0	2043
21571	20	4	41	2000	0	2065
21572	20	7	14	2036	0	2077
21573	19	6	20	2032	0	2077
21574	19	7	11	2028	0	2065
21575	23	1936	5	152	0	2116
21576	13	77	11	2110	0	2211
21577	14	39	13	2191	0	2257
21578	15	11	2061	145	0	2232
21579	13	15	72	2282	0	2382
21580	12	10	48	2385	0	2455
21581	16	6	19	2458	0	2499
21582	16	5	21	2554	0	2596
21583	2421	10	16	207	0	2654
21584	94	15	10	2532	0	2651
21585	65	9	8	2595	0	2677
21586	32	15	2261	204	0	2512
21587	21	2256	94	123	0	2494
21588	9	2463	61	76	0	2609
21589	2355	137	30	62	0	2584
21590	101	2425	21	60	0	2607
21591	69	121	18	2417	0	2625
21592	2386	76	7	147	0	2616
21593	120	36	2316	106	0	2578
21594	76	29	101	2374	0	2580
21595	45	2362	65	144	0	2616
21596	31	112	28	2364	0	2535
21597	22	2388	25	141	0	2576
21598	30	117	11	2417	0	2575
21599	2371	83	11	147	0	2612
21600	124	45	2360	102	0	2631
21601	90	34	103	2307	0	2534
21602	44	2390	69	139	0	2642
21603	2414	119	32	94	0	2659
21604	132	70	2357	63	0	2622
21605	89	43	109	2405	0	2646
21606	42	31	2351	143	0	2567
21607	50	25	120	2443	0	2638
21608	29	29	2369	157	0	2584
21609	27	22	127	2364	0	2540
21610	21	35	90	2439	0	2585
21611	2304	16	33	225	0	2578
21612	2401	15	35	122	0	2573
21613	183	16	32	2257	0	2488
21614	96	2310	23	160	0	2589
21615	54	113	14	2438	0	2619
21616	40	67	25	2510	0	2642
21617	2283	37	30	230	0	2580
21618	125	2303	27	150	0	2605
21619	2369	115	20	105	0	2609
21620	2372	76	27	83	0	2558
21621	190	2224	27	75	0	2516
21622	97	2406	21	75	0	2599
21623	2322	164	21	72	0	2579
21624	150	87	2164	81	0	2482
21625	2281	40	107	76	0	2504
21626	2337	39	74	69	0	2519
21627	190	2216	38	67	0	2511
21628	101	125	32	1959	0	2217
21629	72	2268	19	133	0	2492
21630	2221	146	26	97	0	2490
21631	2316	91	23	70	0	2500
21632	195	55	20	2213	0	2483
21633	110	53	17	2369	0	2549
21634	2171	39	17	211	0	2438
21635	151	2154	19	135	0	2459
21636	93	2208	19	96	0	2416
21637	64	2229	21	60	0	2374
21638	30	1497	14	39	0	1580
21639	26	1544	12	39	0	1621
21640	35	106	28	1486	0	1655
21641	35	57	1363	92	0	1547
21642	23	1455	67	63	0	1608
21643	1343	72	29	31	0	1475
21644	69	46	20	1353	0	1488
21645	1397	27	13	82	0	1519
21646	78	1334	28	45	0	1485
21647	1370	64	12	46	0	1492
21648	67	1377	20	26	0	1490
21649	50	71	12	1392	0	1525
21650	1383	41	19	81	0	1524
21651	1391	29	17	47	0	1484
21652	87	21	14	1371	0	1493
21653	56	18	11	1386	0	1471
21654	39	1320	21	97	0	1477
21655	30	62	12	1360	0	1464
21656	17	46	8	1375	0	1446
21657	34	23	8	1359	0	1424
21658	22	1278	10	105	0	1415
21659	1184	60	5	65	0	1314
21660	67	1274	7	28	0	1376
21661	1246	66	4	40	0	1356
21662	79	1236	9	27	0	1351
21663	50	77	1181	26	0	1334
21664	36	50	49	1231	0	1366
21665	41	27	1176	63	0	1307
21666	35	25	1157	35	0	1252
21667	32	30	61	1168	0	1291
21668	39	29	1139	55	0	1262
21669	30	30	58	1109	0	1227
21670	25	24	30	1146	0	1225
21671	39	19	27	1175	0	1260
21672	1116	19	14	89	0	1238
21673	69	19	11	1141	0	1240
21674	51	14	11	1177	0	1253
21675	1027	20	9	93	0	1149
21676	63	950	6	57	0	1076
21677	37	836	5	32	0	910
21678	22	858	4	32	0	916
21679	12	110	3	640	0	765
21680	17	15	619	41	0	692
21681	560	22	19	16	0	617
21682	29	556	33	13	0	631
21683	491	25	1	6	0	523
21684	565	12	4	4	0	585
21685	563	8	2	10	0	583
21686	21	9	541	3	0	574
21687	7	8	17	546	0	578
21688	8	8	5	566	0	587
21689	14	6	5	560	0	585
21690	14	8	4	547	0	573
21691	11	622	3	19	0	655
21692	627	18	7	10	0	662
21693	19	6	561	9	0	595
21694	558	6	17	11	0	592
21695	16	2	3	561	0	582
21696	8	559	2	23	0	592
21697	6	564	3	11	0	584
21698	8	72	3	507	0	590
21699	7	535	4	14	0	560
21700	468	7	4	4	0	483
21701	10	3	424	4	0	441
21702	7	2	5	434	0	448
21703	3	7	0	438	0	448
21704	4	3	1	434	0	442
21705	3	5	1	436	0	445
21706	437	5	1	8	0	451
21707	7	429	4	4	0	444
21708	489	7	2	7	0	505
21709	6	1	4	485	0	496
21710	3	3	0	481	0	487
21711	1	482	1	13	0	497
21712	485	9	0	6	0	500
21713	479	5	0	5	0	489
21714	14	401	2	3	0	420
21715	6	6	1	358	0	371
21716	6	371	0	7	0	384
21717	373	7	3	6	0	389
21718	5	5	364	5	0	379
21719	3	3	322	3	0	331
21720	320	6	2	0	0	328
21721	8	331	2	3	0	344
21722	3	6	2	335	0	346
21723	5	5	1	340	0	351
21724	5	3	320	6	0	334
21725	4	3	6	327	0	340
21726	3	3	5	330	0	341
21727	4	332	5	5	0	346
21728	2	7	1	337	0	347
21729	3	4	1	334	0	342
21730	325	1	3	14	0	343
21731	4	310	2	10	0	326
21732	3	320	3	7	0	333
21733	2	9	2	328	0	341
21734	2	4	2	335	0	343
21735	4	4	0	329	0	337
21736	2	318	0	12	0	332
21737	1	7	0	333	0	341
21738	4	7	0	335	0	346
21739	1	4	2	334	0	341
21740	0	6	1	337	0	344
21741	4	299	0	14	0	317
21742	1	326	1	8	0	336
21743	324	8	0	8	0	340
21744	326	5	0	9	0	340
21745	7	1	1	302	0	311
21746	5	1	285	14	0	305
21747	2	2	5	262	0	271
21748	1	6	3	264	0	274
21749	262	4	0	8	0	274
21750	7	256	1	6	0	270
21751	7	5	0	263	0	275
21752	2	5	2	265	0	274
21753	3	3	253	10	0	269
21754	1	1	248	11	0	261
21755	3	1	5	264	0	273
21756	3	3	3	262	0	271
21757	1	250	2	10	0	263
21758	3	255	0	7	0	265
21759	262	9	3	6	0	280
21760	5	1	0	223	0	229
21761	3	1	208	6	0	218
21762	0	212	5	5	0	222
21763	1	4	3	219	0	227
21764	217	2	0	6	0	225
21765	4	1	1	222	0	228
21766	217	2	0	6	0	225
21767	3	213	0	6	0	222
21768	219	5	1	1	0	226
21769	5	3	0	217	0	225
21770	4	2	212	4	0	222
21771	0	0	4	217	0	221
21772	2	212	3	5	0	222
21773	1	4	0	221	0	226
21774	1	282	2	4	0	289
21775	1	8	1	302	0	312
21776	2	4	286	9	0	301
21777	2	2	278	6	0	288
21778	0	2	288	6	0	296
21779	288	2	10	3	0	303
21780	5	280	6	3	0	294
21781	5	296	1	3	0	305
21782	286	11	0	5	0	302
21783	299	5	1	2	0	307
21784	10	5	2	229	0	246
21785	4	3	227	11	0	245
21786	5	1	225	8	0	239
21787	3	3	8	230	0	244
21788	227	5	1	13	0	246
21789	6	229	0	7	0	242
21790	5	8	2	234	0	249
21791	168	4	2	14	0	188
21792	176	1	4	6	0	187
21793	10	4	172	3	0	189
21794	171	2	6	6	0	185
21795	12	2	167	3	0	184
21796	8	4	169	1	0	182
21797	3	2	11	170	0	186
21798	4	4	4	174	0	186
21799	4	0	4	181	0	189
21800	1	3	162	14	0	180
21801	202	2	9	8	0	221
21802	10	2	5	204	0	221
21803	197	2	3	13	0	215
21804	198	2	2	8	0	210
21805	16	194	2	4	0	216
21806	4	204	3	3	0	214
21807	2	204	2	7	0	215
21808	4	9	1	148	0	162
21809	3	4	192	9	0	208
21810	1	3	13	181	0	198
21811	4	192	4	12	0	212
21812	2	208	2	5	0	217
21813	1	15	4	200	0	220
21814	199	3	1	14	0	217
21815	13	190	2	5	0	210
21816	3	198	3	5	0	209
21817	196	11	1	3	0	211
21818	16	4	1	202	0	223
21819	4	2	3	207	0	216
21820	2	2	2	215	0	221
21821	205	1	0	17	0	223
21822	207	3	1	7	0	218
21823	17	3	1	203	0	224
21824	9	1	195	18	0	223
21825	192	2	13	9	0	216
21826	17	1	4	206	0	228
21827	6	4	195	17	0	222
21828	5	5	204	5	0	219
21829	4	2	14	162	0	182
21830	2	1	160	15	0	178
21831	1	1	13	169	0	184
21832	2	1	2	174	0	179
21833	0	0	3	182	0	185
21834	163	2	6	13	0	184
21835	13	1	1	169	0	184
21836	2	2	2	180	0	186
21837	3	1	3	174	0	181
21838	2	1	0	184	0	187
21839	3	2	148	16	0	169
21840	3	160	9	5	0	177
21841	3	12	1	163	0	179
21842	4	1	1	168	0	174
21843	1	131	5	14	0	151
21844	1	171	3	7	0	182
21845	167	11	2	5	0	185
21846	10	159	2	4	0	175
21847	1	13	3	167	0	184
21848	4	1	164	13	0	182
21849	160	3	12	6	0	181
21850	12	2	164	4	0	182
21851	167	3	13	2	0	185
21852	173	3	3	3	0	182
21853	12	4	164	5	0	185
21854	5	2	13	149	0	169
21855	3	164	2	13	0	182
21856	4	11	1	166	0	182
21857	190	1	4	15	0	210
21858	195	1	1	6	0	203
21859	14	185	3	3	0	205
21860	189	13	2	5	0	209
21861	15	1	1	191	0	208
21862	189	3	3	14	0	209
21863	201	3	0	6	0	210
21864	18	2	2	189	0	211
21865	192	2	0	16	0	210
21866	194	4	0	5	0	203
21867	15	2	179	4	0	200
21868	185	0	11	6	0	202
21869	18	1	180	2	0	201
21870	4	1	191	4	0	200
21871	2	202	12	5	0	221
21872	7	13	1	200	0	221
21873	2	3	205	14	0	224
21874	2	0	126	1	0	129
21875	122	0	7	0	0	129
21876	6	0	4	126	0	136
21877	1	1	1	134	0	137
21878	0	2	2	137	0	141
21879	1	1	1	132	0	135
21880	0	2	1	132	0	135
21881	1	2	123	8	0	134
21882	1	2	127	5	0	135
21883	2	1	4	128	0	135
21884	125	3	1	9	0	138
21885	7	123	0	4	0	134
21886	2	8	0	128	0	138
21887	127	1	1	11	0	140
21888	6	152	3	4	0	165
21889	3	4	1	161	0	169
21890	2	1	1	165	0	169
21891	5	1	1	165	0	172
21892	163	1	0	10	0	174
21893	7	0	151	4	0	162
21894	149	1	7	2	0	159
21895	7	2	2	159	0	170
21896	1	0	2	165	0	168
21897	1	193	4	8	0	206
21898	2	5	192	5	0	204
21899	179	2	9	2	0	192
21900	199	0	3	3	0	205
21901	9	1	170	5	0	185
21902	164	0	6	5	0	175
21903	8	169	1	3	0	181
21904	2	178	1	4	0	185
21905	2	177	1	4	0	184
21906	173	6	1	3	0	183
21907	6	3	196	3	0	208
21908	3	49	9	142	0	203
21909	0	141	0	0	0	141
21910	0	145	0	0	0	145
21911	0	146	0	0	0	146
21912	0	0	0	133	0	133
21913	148	0	0	0	0	148
21914	0	145	0	0	0	145
21915	0	0	0	148	0	148
21916	0	0	0	146	0	146
21917	148	0	0	0	0	148
21918	0	0	0	145	0	145
21919	0	0	0	147	0	147
21920	0	0	142	0	0	142
21921	0	0	1	141	0	142
21922	0	1	0	145	0	146
21923	147	0	0	0	0	147
21924	142	0	0	0	0	142
21925	0	0	0	144	0	144
21926	144	0	0	0	0	144
21927	141	0	0	0	0	141
21928	0	140	0	0	0	140
21929	0	0	140	0	0	140
21930	0	138	1	0	0	139
21931	0	0	0	143	0	143
21932	145	0	0	0	0	145
21933	0	140	0	0	0	140
21934	0	0	0	143	0	143
21935	142	0	0	0	0	142
21936	143	0	0	0	0	143
21937	0	0	0	141	0	141
21938	0	0	139	0	0	139
21939	0	0	0	140	0	140
21940	0	0	0	142	0	142
21941	0	0	140	0	0	140
21942	0	0	0	141	0	141
21943	0	0	0	141	0	141
21944	145	0	0	0	0	145
21945	0	0	0	194	0	194
21946	0	0	0	190	0	190
21947	198	0	0	0	0	198
21948	187	0	0	0	0	187
21949	191	0	0	0	0	191
21950	0	0	191	1	0	192
21951	0	0	0	195	0	195
21952	0	190	0	1	0	191
21953	0	0	0	198	0	198
21954	1	0	202	0	0	203
21955	0	0	0	195	0	195
21956	0	0	203	1	0	204
21957	175	0	0	0	0	175
21958	181	0	0	0	0	181
21959	0	0	0	180	0	180
21960	0	0	0	180	0	180
21961	0	0	0	181	0	181
21962	0	169	0	0	0	169
21963	180	0	0	0	0	180
21964	178	0	0	0	0	178
21965	0	0	0	178	0	178
21966	0	1	0	180	0	181
21967	0	0	0	183	0	183
21968	0	0	0	182	0	182
21969	0	1	180	0	0	181
21970	0	0	0	181	0	181
21971	159	0	0	0	0	159
21972	155	0	0	0	0	155
21973	0	0	0	163	0	163
21974	0	0	167	0	0	167
21975	161	0	0	0	0	161
21976	0	0	0	172	0	172
21977	0	167	0	0	0	167
21978	0	161	0	0	0	161
21979	170	0	0	0	0	170
21980	0	0	0	166	0	166
21981	0	0	0	165	0	165
21982	0	0	0	197	0	197
21983	0	0	0	204	0	204
21984	0	0	0	203	0	203
21985	1	0	194	4	0	199
21986	1	0	191	0	0	192
21987	0	1	195	0	0	196
21988	0	0	3	165	0	168
21989	2	0	166	5	0	173
21990	0	0	4	169	0	173
21991	0	0	1	171	0	172
21992	0	0	0	172	0	172
21993	171	0	1	6	0	178
21994	2	1	1	172	0	176
21995	0	0	2	174	0	176
21996	192	0	1	5	0	198
21997	4	180	1	2	0	187
21998	0	190	3	1	0	194
21999	184	8	0	2	0	194
22000	8	182	1	2	0	193
22001	183	7	0	3	0	193
22002	205	1	0	1	0	207
22003	202	1	0	2	0	205
22004	223	2	0	1	0	226
22005	221	0	0	1	0	222
22006	11	209	0	1	0	221
22007	192	11	0	0	0	203
22008	200	2	0	0	0	202
22009	11	233	0	0	0	244
22010	302	11	0	0	0	313
22011	312	2	0	1	0	315
22012	341	1	0	1	0	343
22013	346	1	0	1	0	348
22014	24	1	314	0	0	339
22015	6	2	16	329	0	353
22016	5	0	3	357	0	365
22017	3	2	334	22	0	361
22018	3	2	351	3	0	359
22019	348	1	18	2	0	369
22020	20	4	3	349	0	376
22021	6	3	350	19	0	378
22022	4	5	351	4	0	364
22023	350	0	20	0	0	370
22024	370	3	2	4	0	379
22025	373	0	3	2	0	378
22026	25	2	345	4	0	376
22027	8	1	20	342	0	371
22028	6	2	350	19	0	377
22029	346	1	18	4	0	369
22030	22	3	428	0	0	453
22031	8	3	18	412	0	441
22032	7	1	5	421	0	434
22033	6	424	3	15	0	448
22034	445	17	3	1	0	466
22035	27	5	425	1	0	458
22036	438	0	20	3	0	461
22037	21	1	424	5	0	451
22038	5	2	20	421	0	448
22039	2	0	8	447	0	457
22040	5	0	3	459	0	467
22041	443	0	6	22	0	471
22042	21	1	4	431	0	457
22043	5	1	7	448	0	461
22044	2	426	5	27	0	460
22045	11	16	3	396	0	426
22046	390	2	6	19	0	417
22047	33	1	378	5	0	417
22048	11	1	21	380	0	413
22049	6	1	370	29	0	406
22050	4	408	24	9	0	445
22051	6	18	413	10	0	447
22052	422	1	23	4	0	450
22053	448	2	8	5	0	463
22054	25	1	5	418	0	449
22055	412	4	5	27	0	448
22056	428	1	6	9	0	444
22057	27	3	6	408	0	444
22058	19	0	5	422	0	446
22059	10	2	400	25	0	437
22060	14	385	24	8	0	431
22061	413	23	9	7	0	452
22062	26	399	5	11	0	441
22063	17	19	7	415	0	458
22064	9	8	4	431	0	452
22065	12	0	7	428	0	447
22066	8	5	3	431	0	447
22067	6	2	406	30	0	444
22068	399	6	19	9	0	433
22069	436	1	10	11	0	458
22070	30	2	7	417	0	456
22071	421	3	8	26	0	458
22072	25	3	9	419	0	456
22073	13	4	443	26	0	486
22074	9	3	20	434	0	466
22075	12	437	7	27	0	483
22076	8	16	10	451	0	485
22077	10	442	9	27	0	488
22078	14	20	4	452	0	490
22079	11	444	4	28	0	487
22080	450	18	4	14	0	486
22081	21	6	442	10	0	479
22082	7	396	16	13	0	432
22083	7	422	8	7	0	444
22084	7	21	12	412	0	452
22085	9	5	7	431	0	452
22086	4	4	8	423	0	439
22087	6	3	3	434	0	446
22088	7	402	6	25	0	440
22089	12	13	4	431	0	460
22090	11	3	5	436	0	455
22091	430	0	6	22	0	458
22092	24	0	5	434	0	463
22093	9	3	441	25	0	478
22094	5	3	426	17	0	451
22095	419	3	19	10	0	451
22096	20	405	5	8	0	438
22097	5	395	3	9	0	412
22098	3	13	7	396	0	419
22099	5	11	0	396	0	412
22100	2	1	380	23	0	406
22101	358	1	10	10	0	379
22102	361	0	10	9	0	380
22103	16	1	360	15	0	392
22104	9	1	336	4	0	350
22105	324	1	11	8	0	344
22106	353	0	4	5	0	362
22107	351	1	3	8	0	363
22108	355	0	4	5	0	364
22109	11	294	1	7	0	313
22110	247	5	0	1	0	253
22111	7	0	230	2	0	239
22112	0	0	192	0	0	192
22113	0	0	194	0	0	194
22114	14	0	0	188	0	202
22115	196	0	0	0	0	196
22116	196	0	0	0	0	196
22117	0	0	0	191	0	191
22118	0	0	1	171	0	172
22119	0	0	0	185	0	185
22120	0	212	0	0	0	212
22121	282	0	0	0	0	282
22122	273	0	0	0	0	273
22123	270	0	0	0	0	270
22124	272	0	0	0	0	272
22125	276	0	0	0	0	276
22126	0	0	0	271	0	271
22127	0	267	1	0	0	268
22128	0	0	0	271	0	271
22129	0	0	0	266	0	266
22130	206	0	0	0	0	206
22131	0	0	233	0	0	233
22132	0	0	209	0	0	209
22133	0	1	208	0	0	209
22134	228	0	0	0	0	228
22135	242	0	0	0	0	242
22136	0	0	0	239	0	239
22137	0	0	0	234	0	234
22138	0	0	0	241	0	241
22139	0	0	245	0	0	245
22140	0	0	0	228	0	228
22141	0	0	244	0	0	244
22142	0	0	0	229	0	229
22143	0	0	0	238	0	238
22144	0	0	0	243	0	243
22145	246	0	0	0	0	246
22146	255	0	0	0	0	255
22147	1	0	255	0	0	256
22148	246	0	0	0	0	246
22149	254	0	0	0	0	254
22150	0	0	0	223	0	223
22151	240	0	0	0	0	240
22152	0	0	0	237	0	237
22153	0	0	0	239	0	239
22154	0	0	235	0	0	235
22155	215	0	0	0	0	215
22156	0	0	0	234	0	234
22157	1	1	235	0	0	237
22158	0	1	248	0	0	249
22159	0	0	0	253	0	253
22160	0	0	0	256	0	256
22161	264	0	0	0	0	264
22162	0	0	0	282	0	282
22163	1	0	0	283	0	284
22164	0	0	0	281	0	281
22165	0	0	0	283	0	283
22166	373	0	0	0	0	373
22167	355	0	0	0	0	355
22168	364	0	1	0	0	365
22169	363	0	0	0	0	363
22170	1	0	0	366	0	367
22171	374	0	0	1	0	375
22172	1	0	0	368	0	369
22173	330	0	0	1	0	331
22174	1	0	0	325	0	326
22175	0	0	0	319	0	319
22176	0	322	0	1	0	323
22177	0	1	0	331	0	332
22178	327	0	0	1	0	328
22179	311	0	0	0	0	311
22180	2	1	363	0	0	366
22181	0	362	1	1	0	364
22182	375	1	0	0	0	376
22183	1	403	0	0	0	404
22184	400	1	0	0	0	401
22185	1	394	0	1	0	396
22186	0	1	377	0	0	378
22187	0	364	3	0	0	367
22188	0	391	0	0	0	391
22189	0	2	0	420	0	422
22190	414	0	0	1	0	415
22191	1	1	0	407	0	409
22192	0	0	0	410	0	410
22193	387	0	0	2	0	389
22194	382	0	0	0	0	382
22195	1	0	0	383	0	384
22196	0	0	0	381	0	381
22197	0	0	0	390	0	390
22198	384	0	0	1	0	385
22199	1	0	380	1	0	382
22200	0	0	1	380	0	381
22201	0	0	373	1	0	374
22202	0	358	0	2	0	360
22203	0	2	383	0	0	385
22204	0	0	0	389	0	389
22205	0	0	391	1	0	392
22206	383	0	1	0	0	384
22207	2	0	0	392	0	394
22208	1	390	0	1	0	392
22209	1	1	0	396	0	398
22210	0	384	0	2	0	386
22211	1	386	0	1	0	388
22212	0	385	0	1	0	386
22213	1	1	0	381	0	383
22214	0	382	0	2	0	384
22215	391	1	0	0	0	392
22216	2	2	367	0	0	371
22217	1	2	390	2	0	395
22218	2	0	404	0	0	406
22219	2	0	1	424	0	427
22220	2	0	1	385	0	388
22221	1	2	0	345	0	348
22222	5	0	0	347	0	352
22223	2	1	0	336	0	339
22224	4	400	0	1	0	405
22225	2	4	386	1	0	393
22226	2	0	365	3	0	370
22227	3	385	1	2	0	391
22228	2	2	0	408	0	412
22229	3	0	2	397	0	402
22230	2	1	2	398	0	403
22231	383	1	1	3	0	388
22232	2	2	365	5	0	374
22233	366	0	1	4	0	371
22234	370	2	0	1	0	373
22235	2	338	2	4	0	346
22236	2	370	0	2	0	374
22237	377	4	0	2	0	383
22238	3	1	2	374	0	380
22239	2	3	2	399	0	406
22240	2	2	386	5	0	395
22241	1	2	402	2	0	407
22242	3	2	4	438	0	447
22243	444	3	3	5	0	455
22244	5	2	493	2	0	502
22245	554	0	10	3	0	567
22246	10	2	2	550	0	564
22247	6	0	2	554	0	562
22248	4	3	1	560	0	568
22249	2	2	534	14	0	552
22250	3	497	5	5	0	510
22251	1	568	1	5	0	575
22252	592	11	3	4	0	610
22253	593	2	1	3	0	599
22254	11	2	4	590	0	607
22255	600	0	1	12	0	613
22256	14	2	558	5	0	579
22257	4	3	573	2	0	582
22258	4	2	11	578	0	595
22259	594	0	6	15	0	615
22260	11	2	2	588	0	603
22261	4	2	1	604	0	611
22262	573	0	3	16	0	592
22263	561	2	1	7	0	571
22264	16	560	3	4	0	583
22265	576	12	2	4	0	594
22266	14	2	1	490	0	507
22267	2	483	1	10	0	496
22268	516	10	0	3	0	529
22269	12	533	2	3	0	550
22270	3	12	1	547	0	563
22271	552	2	0	14	0	568
22272	15	3	530	2	0	550
22273	5	2	539	3	0	549
22274	2	4	13	535	0	554
22275	4	0	4	622	0	630
22276	3	0	3	606	0	612
22277	0	606	3	15	0	624
22278	628	12	1	5	0	646
22279	621	5	2	4	0	632
22280	581	3	0	2	0	586
22281	17	618	0	3	0	638
22282	7	13	1	712	0	733
22283	8	3	1	686	0	698
22284	3	2	3	705	0	713
22285	678	1	4	20	0	703
22286	14	663	1	13	0	691
22287	5	18	0	686	0	709
22288	8	2	0	704	0	714
22289	3	5	630	22	0	660
22290	4	644	17	7	0	672
22291	9	16	3	661	0	689
22292	1	5	4	674	0	684
22293	2	4	2	682	0	690
22294	671	3	2	25	0	701
22295	17	655	1	11	0	684
22296	673	16	0	10	0	699
22297	20	5	0	667	0	692
22298	673	5	3	21	0	702
22299	24	4	639	6	0	673
22300	640	4	16	6	0	666
22301	674	2	6	4	0	686
22302	22	3	640	7	0	672
22303	7	2	15	630	0	654
22304	5	1	4	729	0	739
22305	721	5	4	22	0	752
22306	21	2	3	715	0	741
22307	6	5	1	727	0	739
22308	7	0	1	744	0	752
22309	1	5	691	25	0	722
22310	613	3	15	14	0	645
22311	17	692	4	13	0	726
22312	5	15	3	714	0	737
22313	6	689	2	17	0	714
22314	6	710	2	8	0	726
22315	6	21	0	726	0	753
22316	2	8	707	23	0	740
22317	6	7	629	10	0	652
22318	4	5	17	655	0	681
22319	2	4	675	25	0	706
22320	632	0	19	12	0	663
22321	21	2	8	690	0	721
22322	9	3	5	700	0	717
22323	4	775	2	27	0	808
22324	6	17	1	841	0	865
22325	8	4	1	835	0	848
22326	7	807	0	27	0	841
22327	3	14	3	842	0	862
22328	10	6	3	829	0	848
22329	6	787	8	26	0	827
22330	810	18	7	14	0	849
22331	19	10	788	15	0	832
22332	9	5	788	16	0	818
22333	7	9	18	796	0	830
22334	7	10	6	832	0	855
22335	5	4	806	28	0	843
22336	5	5	784	18	0	812
22337	729	5	23	14	0	771
22338	20	789	11	12	0	832
22339	877	18	6	13	0	914
22340	17	6	849	14	0	886
22341	11	837	17	12	0	877
22342	8	19	6	876	0	909
22343	4	12	850	25	0	891
22344	4	4	771	19	0	798
22345	4	4	18	743	0	769
22346	7	7	770	17	0	801
22347	4	772	15	13	0	804
22348	5	12	9	878	0	904
22349	5	8	848	25	0	886
22350	4	851	15	19	0	889
22351	804	15	4	13	0	836
22352	19	9	794	4	0	826
22353	9	780	19	13	0	821
22354	9	19	5	811	0	844
22355	7	6	13	864	0	890
22356	858	7	10	24	0	899
22357	25	7	6	850	0	888
22358	9	5	5	845	0	864
22359	815	6	6	26	0	853
22360	20	0	6	837	0	863
22361	4	4	812	32	0	852
22362	8	4	21	826	0	859
22363	8	1	807	35	0	851
22364	2	6	787	17	0	812
22365	4	8	796	16	0	824
22366	7	6	23	769	0	805
22367	8	4	32	804	0	848
22368	786	4	5	18	0	813
22369	14	5	5	743	0	767
22370	3	748	6	26	0	783
22371	5	15	1	810	0	831
22372	3	4	7	799	0	813
22373	4	779	4	24	0	811
22374	773	16	4	15	0	808
22375	723	2	6	10	0	741
22376	17	729	3	9	0	758
22377	10	762	1	8	0	781
22378	5	18	4	764	0	791
22379	758	10	5	18	0	791
22380	20	6	771	10	0	807
22381	3	9	705	9	0	726
22382	646	3	13	5	0	667
22383	15	663	7	5	0	690
22384	4	13	5	694	0	716
22385	3	6	2	699	0	710
22386	4	7	1	701	0	713
22387	3	2	1	700	0	706
22388	0	674	0	21	0	695
22389	2	13	2	709	0	726
22390	703	1	2	19	0	725
22391	14	7	1	745	0	767
22392	3	2	2	759	0	766
22393	774	2	2	18	0	796
22394	781	3	1	10	0	795
22395	771	2	2	10	0	785
22396	787	1	3	7	0	798
22397	19	2	2	771	0	794
22398	785	1	2	14	0	802
22399	18	2	2	780	0	802
22400	771	1	0	21	0	793
22401	781	1	1	9	0	792
22402	16	0	0	777	0	793
22403	8	2	744	16	0	770
22404	681	1	10	9	0	701
22405	731	0	1	8	0	740
22406	729	2	3	5	0	739
22407	725	0	2	6	0	733
22408	22	0	1	710	0	733
22409	11	1	759	15	0	786
22410	13	1	731	4	0	749
22411	750	0	12	8	0	770
22412	785	0	7	3	0	795
22413	17	777	5	5	0	804
22414	7	806	6	3	0	822
22415	831	12	3	2	0	848
22416	19	5	1	810	0	835
22417	5	7	1	848	0	861
22418	837	1	3	17	0	858
22419	15	815	3	7	0	840
22420	843	13	0	8	0	864
22421	17	4	816	3	0	840
22422	779	6	12	4	0	801
22423	22	4	1	731	0	758
22424	4	2	648	14	0	668
22425	6	618	11	5	0	640
22426	8	12	2	660	0	682
22427	4	2	653	15	0	674
22428	3	5	13	645	0	666
22429	654	3	3	16	0	676
22430	14	2	635	6	0	657
22431	617	1	14	5	0	637
22432	14	629	4	5	0	652
22433	7	12	5	654	0	678
22434	6	4	681	13	0	704
22435	3	3	14	681	0	701
22436	1	2	695	18	0	716
22437	4	658	12	6	0	680
22438	685	11	5	8	0	709
22439	12	673	4	6	0	695
22440	2	17	2	678	0	699
22441	4	3	1	699	0	707
22442	3	6	638	13	0	660
22443	513	5	12	6	0	536
22444	13	619	2	6	0	640
22445	2	578	3	3	0	586
22446	4	605	4	3	0	616
22447	3	70	33	517	0	623
22448	0	498	1	6	0	505
22449	1	5	0	515	0	521
22450	1	503	0	6	0	510
22451	1	6	0	512	0	519
22452	1	536	0	6	0	543
22453	541	5	0	2	0	548
22454	5	1	528	0	0	534
22455	484	0	0	0	0	484
22456	527	0	0	0	0	527
22457	576	0	0	0	0	576
22458	0	550	1	0	0	551
22459	581	0	0	0	0	581
22460	571	0	0	0	0	571
22461	549	0	1	1	0	551
22462	0	0	564	0	0	564
22463	0	0	0	613	0	613
22464	0	0	632	1	0	633
22465	0	0	1	621	0	622
22466	633	0	0	1	0	634
22467	1	607	2	1	0	611
22468	1	1	707	0	0	709
22469	0	0	7	681	0	688
22470	0	0	0	811	0	811
22471	0	1	852	15	0	868
22472	871	0	17	3	0	891
22473	922	0	2	1	0	925
22474	1083	0	1	1	0	1085
22475	28	0	0	1031	0	1059
22476	3	970	2	28	0	1003
22477	2	1052	0	3	0	1057
22478	2	29	1	1031	0	1063
22479	3	4	0	1020	0	1027
22480	1	1003	1	27	0	1032
22481	1007	27	1	5	0	1040
22482	25	996	2	4	0	1027
22483	4	30	0	995	0	1029
22484	2	7	978	29	0	1016
22485	2	5	27	978	0	1012
22486	994	4	3	30	0	1031
22487	27	6	951	6	0	990
22488	971	0	27	5	0	1003
22489	1007	2	3	3	0	1015
22490	1009	1	2	2	0	1014
22491	960	1	3	0	0	964
22492	992	1	2	3	0	998
22493	35	2	934	1	0	972
22494	10	1	964	1	0	976
22495	972	0	34	2	0	1008
22496	1019	0	4	1	0	1024
22497	41	2	4	1055	0	1102
22498	11	1079	3	43	0	1136
22499	8	44	1	1103	0	1156
22500	1095	8	2	48	0	1153
22501	48	4	1	1012	0	1065
22502	10	1084	1	50	0	1145
22503	1100	48	1	9	0	1158
22504	1115	9	3	9	0	1136
22505	1095	5	1	6	0	1107
22506	55	1085	0	7	0	1147
22507	19	45	1	1082	0	1147
22508	12	11	0	1107	0	1130
22509	9	1003	2	51	0	1065
22510	6	46	2	1043	0	1097
22511	1031	12	3	53	0	1099
22512	1047	7	0	16	0	1070
22513	51	984	6	9	0	1050
22514	16	47	3	994	0	1060
22515	11	14	0	1042	0	1067
22516	8	6	4	1059	0	1077
22517	991	5	3	63	0	1062
22518	55	7	950	21	0	1033
22519	954	3	45	13	0	1015
22520	57	6	925	13	0	1001
22521	20	7	48	881	0	956
22522	18	899	13	47	0	977
22523	13	984	10	21	0	1028
22524	957	59	6	17	0	1039
22525	979	24	6	12	0	1021
22526	59	928	3	12	0	1002
22527	20	1041	2	18	0	1081
22528	1067	58	2	19	0	1146
22529	1099	25	9	3	0	1136
22530	74	1085	5	12	0	1176
22531	1115	58	6	9	0	1188
22532	68	21	1054	10	0	1153
22533	1096	14	53	6	0	1169
22534	1102	9	15	10	0	1136
22535	79	11	7	1038	0	1135
22536	31	994	9	62	0	1096
22537	27	56	11	1059	0	1153
22538	1019	15	5	66	0	1105
22539	74	10	5	976	0	1065
22540	36	7	8	1032	0	1083
22541	28	15	950	66	0	1059
22542	23	3	50	1003	0	1079
22543	18	12	17	1060	0	1107
22544	1012	8	7	80	0	1107
22545	74	7	988	31	0	1100
22546	1008	8	59	28	0	1103
22547	66	20	14	1011	0	1111
22548	27	7	8	1051	0	1093
22549	32	6	7	1019	0	1064
22550	17	966	7	79	0	1069
22551	21	1029	5	25	0	1080
22552	24	63	9	982	0	1078
22553	977	19	8	73	0	1077
22554	1020	14	4	28	0	1066
22555	79	18	8	976	0	1081
22556	960	9	6	67	0	1042
22557	78	5	4	920	0	1007
22558	29	17	4	966	0	1016
22559	870	12	6	82	0	970
22560	68	895	4	39	0	1006
22561	931	53	3	17	0	1004
22562	962	25	3	19	0	1009
22563	868	14	5	29	0	916
22564	80	832	4	16	0	932
22565	35	58	6	855	0	954
22566	32	17	3	908	0	960
22567	24	13	814	76	0	927
22568	18	13	48	772	0	851
22569	14	11	731	65	0	821
22570	16	620	38	31	0	705
22571	67	501	11	13	0	592
22572	10	545	9	11	0	575
22573	13	45	161	365	0	584
22574	6	10	3	385	0	404
22575	1	9	3	395	0	408
22576	4	7	0	408	0	419
22577	7	4	380	43	0	434
22578	5	7	472	17	0	501
22579	5	7	29	482	0	523
22580	5	3	476	38	0	522
22581	467	3	32	17	0	519
22582	498	3	8	11	0	520
22583	42	8	461	6	0	517
22584	21	2	26	474	0	523
22585	8	4	9	517	0	538
22586	6	3	7	523	0	539
22587	13	4	0	522	0	539
22588	8	6	8	527	0	549
22589	411	7	5	49	0	472
22590	494	6	4	19	0	523
22591	39	491	8	19	0	557
22592	17	26	443	13	0	499
22593	15	417	20	10	0	462
22594	6	421	12	11	0	450
22595	404	21	3	11	0	439
22596	21	416	2	17	0	456
22597	6	306	1	7	0	320
22598	305	9	0	8	0	322
22599	9	7	288	7	0	311
22600	302	5	12	1	0	320
22601	14	1	5	298	0	318
22602	7	3	2	308	0	320
22603	5	3	2	311	0	321
22604	2	6	294	16	0	318
22605	3	295	9	10	0	317
22606	297	7	4	8	0	316
22607	7	3	5	291	0	306
22608	4	291	1	13	0	309
22609	3	11	4	305	0	323
22610	3	6	292	12	0	313
22611	1	5	8	295	0	309
22612	5	2	2	311	0	320
22613	5	1	2	310	0	318
22614	295	2	1	18	0	316
22615	11	0	3	298	0	312
22616	3	4	282	14	0	303
22617	5	284	11	7	0	307
22618	5	4	6	292	0	307
22619	2	5	4	328	0	339
22620	7	5	332	14	0	358
22621	9	0	337	8	0	354
22622	326	1	13	9	0	349
22623	315	20	11	5	0	351
22624	9	315	3	8	0	335
22625	323	10	1	9	0	343
22626	10	3	319	9	0	341
22627	3	5	287	10	0	305
22628	209	0	4	3	0	216
22629	207	0	2	3	0	212
22630	4	0	200	2	0	206
22631	203	0	4	3	0	210
22632	8	0	195	1	0	204
22633	201	0	5	1	0	207
22634	205	3	1	1	0	210
22635	4	1	5	189	0	199
22636	2	253	0	3	0	258
22637	241	6	0	0	0	247
22638	7	0	252	3	0	262
22639	0	251	3	0	0	254
22640	261	6	0	1	0	268
22641	254	0	2	0	0	256
22642	4	241	2	1	0	248
22643	5	3	0	243	0	251
22644	1	0	234	8	0	243
22645	1	2	4	240	0	247
22646	0	0	240	9	0	249
22647	0	0	9	232	0	241
22648	0	4	0	243	0	247
22649	3	0	233	5	0	241
22650	0	228	4	5	0	237
22651	0	7	1	235	0	243
22652	0	0	221	6	0	227
22653	229	2	7	1	0	239
22654	3	0	0	244	0	247
22655	0	1	1	245	0	247
22656	243	0	0	6	0	249
22657	7	0	1	236	0	244
22658	0	0	1	236	0	237
22659	3	252	2	3	0	260
22660	1	7	0	261	0	269
22661	0	0	256	7	0	263
22662	1	2	4	245	0	252
22663	0	245	3	4	0	252
22664	1	258	3	0	0	262
22665	4	4	0	261	0	269
22666	261	2	1	5	0	269
22667	4	5	1	259	0	269
22668	263	0	0	6	0	269
22669	6	0	4	260	0	270
22670	257	2	3	7	0	269
22671	270	0	0	0	0	270
22672	8	0	1	259	0	268
22673	2	2	2	252	0	258
22674	6	235	0	4	0	245
22675	1	256	4	2	0	263
22676	4	4	258	3	0	269
22677	3	239	4	1	0	247
22678	162	7	2	2	0	173
22679	4	0	1	162	0	167
22680	1	160	0	3	0	164
22681	206	3	0	1	0	210
22682	3	2	0	202	0	207
22683	2	0	0	208	0	210
22684	0	0	3	207	0	210
22685	0	1	2	195	0	198
22686	3	185	0	4	0	192
22687	2	188	0	0	0	190
22688	186	4	1	0	0	191
22689	4	202	0	2	0	208
22690	0	3	4	197	0	204
22691	1	0	2	201	0	204
22692	3	0	0	196	0	199
22693	2	0	0	202	0	204
22694	198	2	1	4	0	205
22695	196	0	0	0	0	196
22696	3	1	184	0	0	188
22697	1	1	4	189	0	195
22698	3	0	194	3	0	200
22699	3	1	3	193	0	200
22700	1	1	1	201	0	204
22701	199	0	0	5	0	204
22702	4	1	3	193	0	201
22703	2	1	188	4	0	195
22704	3	0	178	2	0	183
22705	184	1	3	3	0	191
22706	4	3	193	3	0	203
22707	1	1	5	191	0	198
22708	0	2	193	4	0	199
22709	1	3	3	188	0	195
22710	2	186	2	5	0	195
22711	2	5	0	191	0	198
22712	3	190	0	5	0	198
22713	1	193	1	5	0	200
22714	2	4	2	192	0	200
22715	189	0	0	10	0	199
22716	5	191	2	1	0	199
22717	3	5	0	237	0	245
22718	237	0	1	7	0	245
22719	207	0	0	1	0	208
22720	194	2	1	1	0	198
22721	1	0	1	192	0	194
22722	0	0	1	198	0	199
22723	196	0	0	2	0	198
22724	194	0	1	2	0	197
22725	194	0	1	1	0	196
22726	2	0	2	194	0	198
22727	1	0	186	2	0	189
22728	183	1	2	1	0	187
22729	1	0	0	195	0	196
22730	0	185	1	3	0	189
22731	0	2	0	196	0	198
22732	1	189	0	2	0	192
22733	1	1	0	194	0	196
22734	0	2	187	1	0	190
22735	0	5	2	184	0	191
22736	2	0	0	129	0	131
22737	2	0	1	133	0	136
22738	1	1	0	135	0	137
22739	134	0	1	3	0	138
22740	2	155	0	1	0	158
22741	2	6	0	162	0	170
22742	163	0	0	5	0	168
22743	163	2	0	1	0	166
22744	5	1	0	159	0	165
22745	2	0	158	6	0	166
22746	4	0	5	160	0	169
22747	1	155	0	5	0	161
22748	0	6	1	160	0	167
22749	159	0	0	7	0	166
22750	7	2	0	154	0	163
22751	0	0	158	7	0	165
22752	1	193	6	1	0	201
22753	202	9	0	3	0	214
22754	9	4	192	1	0	206
22755	198	1	8	2	0	209
22756	11	0	3	203	0	217
22757	3	0	2	211	0	216
22758	2	200	1	11	0	214
22759	187	8	0	6	0	201
22760	9	2	0	185	0	196
22761	4	3	0	186	0	193
22762	3	0	0	198	0	201
22763	0	1	173	12	0	186
22764	2	0	7	187	0	196
22765	188	1	3	11	0	203
22766	190	0	1	5	0	196
22767	10	1	1	186	0	198
22768	3	1	0	200	0	204
22769	196	1	1	12	0	210
22770	9	2	176	6	0	193
22771	253	1	8	3	0	265
22772	10	0	249	3	0	262
22773	3	0	258	2	0	263
22774	3	2	9	251	0	265
22775	3	0	307	10	0	320
22776	305	1	9	4	0	319
22777	8	0	2	356	0	366
22778	3	0	376	9	0	388
22779	362	0	8	3	0	373
22780	379	0	2	5	0	386
22781	10	0	449	0	0	459
22782	5	2	8	436	0	451
22783	3	473	2	8	0	486
22784	498	7	2	3	0	510
22785	8	2	558	3	0	571
22786	532	2	7	2	0	543
22787	10	540	3	0	0	553
22788	581	7	2	0	0	590
22789	569	1	1	0	0	571
22790	583	1	1	1	0	586
22791	11	1	0	579	0	591
22792	6	576	1	8	0	591
22793	3	6	563	3	0	575
22794	1	584	8	1	0	594
22795	2	8	2	561	0	573
22796	1	560	1	6	0	568
22797	3	577	1	2	0	583
22798	587	8	1	2	0	598
22799	7	4	572	1	0	584
22800	4	3	568	5	0	580
22801	3	2	562	2	0	569
22802	0	553	14	0	0	567
22803	593	9	4	1	0	607
22804	598	2	2	1	0	603
22805	591	3	0	2	0	596
22806	9	566	0	3	0	578
22807	4	8	1	588	0	601
22808	4	3	572	8	0	587
22809	1	3	537	2	0	543
22810	566	2	7	3	0	578
22811	583	2	4	3	0	592
22812	593	1	4	1	0	599
22813	14	0	559	2	0	575
22814	564	1	7	1	0	573
22815	12	1	2	581	0	596
22816	2	2	5	590	0	599
22817	5	2	538	9	0	554
22818	3	514	6	8	0	531
22819	3	6	3	629	0	641
22820	3	4	605	10	0	622
22821	561	2	10	4	0	577
22822	7	5	5	627	0	644
22823	7	0	2	629	0	638
22824	623	0	3	11	0	637
22825	11	0	3	629	0	643
22826	631	1	1	16	0	649
22827	653	2	2	3	0	660
22828	15	1	1	644	0	661
22829	9	0	3	644	0	656
22830	656	0	1	12	0	669
22831	8	2	2	647	0	659
22832	668	1	2	14	0	685
22833	733	1	3	3	0	740
22834	729	1	3	4	0	737
22835	14	1	1	710	0	726
22836	6	3	3	724	0	736
22837	733	0	4	11	0	748
22838	11	682	2	8	0	703
22839	6	691	2	5	0	704
22840	703	6	4	3	0	716
22841	7	8	657	3	0	675
22842	732	1	6	0	0	739
22843	9	1	4	809	0	823
22844	5	0	840	7	0	852
22845	847	4	6	5	0	862
22846	7	3	2	857	0	869
22847	6	2	2	924	0	934
22848	7	1	2	917	0	927
22849	4	1	1	926	0	932
22850	939	2	1	6	0	948
22851	6	899	4	6	0	915
22852	859	0	0	1	0	860
22853	0	0	867	0	0	867
22854	0	1	836	0	0	837
22855	0	844	1	1	0	846
22856	0	0	0	898	0	898
22857	0	0	882	0	0	882
22858	0	779	1	6	0	786
22859	0	1	850	0	0	851
22860	0	0	0	851	0	851
22861	0	0	0	869	0	869
22862	885	0	0	0	0	885
22863	0	1	0	861	0	862
22864	928	0	0	1	0	929
22865	0	1	910	0	0	911
22866	0	862	0	0	0	862
22867	0	0	0	948	0	948
22868	0	1	0	1008	0	1009
22869	1	1	982	0	0	984
22870	0	3	899	0	0	902
22871	841	1	0	0	0	842
22872	930	0	0	0	0	930
22873	0	1	0	937	0	938
22874	0	0	0	923	0	923
22875	0	842	0	1	0	843
22876	0	0	0	997	0	997
22877	952	0	0	0	0	952
22878	903	0	0	2	0	905
22879	0	869	0	2	0	871
22880	951	0	0	0	0	951
22881	865	0	0	0	0	865
22882	0	0	0	945	0	945
22883	0	988	1	1	0	990
22884	0	1	0	1036	0	1037
22885	1	0	0	953	0	954
22886	2	1	911	1	0	915
22887	913	0	1	2	0	916
22888	3	1	0	984	0	988
22889	0	0	0	998	0	998
22890	0	1069	0	5	0	1074
22891	0	15	1	1201	0	1217
22892	1229	2	0	20	0	1251
22893	1343	3	0	6	0	1352
22894	35	1	1317	5	0	1358
22895	8	5	1337	0	0	1350
22896	3	1	34	1307	0	1345
22897	1	0	7	1403	0	1411
22898	4	2	1349	34	0	1389
22899	2	0	1352	9	0	1363
22900	1	0	33	1302	0	1336
22901	1	1	1412	32	0	1446
22902	1	0	1401	8	0	1410
22903	2	0	36	1367	0	1405
22904	1407	0	11	30	0	1448
22905	1400	1	7	7	0	1415
22906	34	1	6	1385	0	1426
22907	9	0	5	1431	0	1445
22908	1410	1	3	37	0	1451
22909	32	0	3	1423	0	1458
22910	1417	0	1	34	0	1452
22911	1424	0	2	8	0	1434
22912	35	0	3	1404	0	1442
22913	11	0	3	1442	0	1456
22914	1401	0	1	40	0	1442
22915	29	1385	2	13	0	1429
22916	11	1433	5	4	0	1453
22917	7	35	3	1454	0	1499
22918	3	9	1413	37	0	1462
22919	5	5	31	1337	0	1378
22920	1358	2	3	37	0	1400
22921	32	3	5	1343	0	1383
22922	1375	3	1	38	0	1417
22923	36	1	1343	10	0	1390
22924	1311	3	31	12	0	1357
22925	40	1	5	1366	0	1412
22926	9	2	4	1411	0	1426
22927	9	1	1348	40	0	1398
22928	6	2	31	1362	0	1401
22929	6	1	9	1437	0	1453
22930	4	0	6	1476	0	1486
22931	1447	2	2	45	0	1496
22932	33	2	1461	14	0	1510
22933	6	5	1388	7	0	1406
22934	1441	2	36	8	0	1487
22935	1479	0	11	12	0	1502
22936	40	2	1444	10	0	1496
22937	16	0	32	1418	0	1466
22938	6	1419	11	33	0	1469
22939	7	30	10	1523	0	1570
22940	1513	4	6	40	0	1563
22941	1542	4	6	11	0	1563
22942	39	0	8	1435	0	1482
22943	12	1391	11	38	0	1452
22944	7	31	7	1363	0	1408
22945	6	1421	6	40	0	1473
22946	1460	35	4	14	0	1513
22947	1404	4	5	17	0	1430
22948	1386	6	6	11	0	1409
22949	46	1330	3	9	0	1388
22950	12	1383	7	11	0	1413
22951	8	38	7	1396	0	1449
22952	14	9	2	1414	0	1439
22953	11	8	5	1382	0	1406
22954	12	3	3	1439	0	1457
22955	9	7	1324	50	0	1390
22956	1324	4	27	23	0	1378
22957	39	4	1413	17	0	1473
22958	1490	4	30	14	0	1538
22959	45	6	1540	13	0	1604
22960	1546	6	40	13	0	1605
22961	49	2	1595	11	0	1657
22962	1563	1	41	14	0	1619
22963	46	2	13	1624	0	1685
22964	1633	5	11	41	0	1690
22965	46	5	6	1627	0	1684
22966	16	3	9	1654	0	1682
22967	11	3	14	1605	0	1633
22968	7	1492	6	55	0	1560
22969	1533	32	5	24	0	1594
22970	1544	6	5	16	0	1571
22971	47	1497	6	13	0	1563
22972	16	33	9	1554	0	1612
22973	19	12	1470	44	0	1545
22974	1486	8	37	18	0	1549
22975	1566	1	11	13	0	1591
22976	1455	5	13	8	0	1481
22977	52	5	7	1421	0	1485
22978	19	1399	6	48	0	1472
22979	17	36	4	1446	0	1503
22980	1412	9	5	41	0	1467
22981	44	7	4	1364	0	1419
22982	12	1269	7	34	0	1322
22983	1178	35	4	13	0	1230
22984	40	11	1160	10	0	1221
22985	20	8	1169	4	0	1201
22986	8	1125	36	11	0	1180
22987	5	1123	10	4	0	1142
22988	4	42	1088	11	0	1145
22989	9	94	1018	5	0	1126
22990	7	107	20	838	0	972
22991	907	5	5	11	0	928
22992	14	2	860	4	0	880
22993	4	682	6	1	0	693
22994	766	3	3	0	0	772
22995	3	730	0	4	0	737
22996	740	3	2	0	0	745
22997	5	724	2	0	0	731
22998	5	730	0	1	0	736
22999	3	7	0	762	0	772
23000	0	4	0	773	0	777
23001	0	1	719	6	0	726
23002	0	1	4	716	0	721
23003	729	1	3	3	0	736
23004	728	0	0	7	0	735
23005	6	1	0	719	0	726
23006	4	1	712	3	0	720
23007	1	1	698	4	0	704
23008	1	0	8	718	0	727
23009	1	0	723	3	0	727
23010	0	1	2	708	0	711
23011	2	0	6	697	0	705
23012	0	0	756	6	0	762
23013	698	0	3	6	0	707
23014	762	0	4	0	0	766
23015	7	2	810	1	0	820
23016	5	4	796	1	0	806
23017	2	0	8	826	0	836
23018	1	2	4	915	0	922
23019	3	0	0	969	0	972
23020	1	1	1	977	0	980
23021	959	1	1	13	0	974
23022	961	0	0	10	0	971
23023	14	1	0	1019	0	1034
23024	7	1	1	1083	0	1092
23025	1	0	1193	20	0	1214
23026	5	0	17	1338	0	1360
23027	5	1	15	1672	0	1693
23028	1638	0	4	75	0	1717
23029	52	1643	5	21	0	1721
23030	16	56	5	1687	0	1764
23031	5	14	1	1739	0	1759
23032	7	5	2	1676	0	1690
23033	1	1496	3	83	0	1583
23034	2	1631	0	31	0	1664
23035	1	69	2	1529	0	1601
23036	6	22	0	1644	0	1672
23037	2	13	0	1680	0	1695
23038	1565	12	2	85	0	1664
23039	58	1569	3	33	0	1663
23040	1587	62	4	20	0	1673
23041	1641	19	2	18	0	1680
23042	79	9	1	1557	0	1646
23043	24	1539	1	68	0	1632
23044	1541	65	1	22	0	1629
23045	71	19	1	1502	0	1593
23046	1488	7	1	74	0	1570
23047	64	10	0	1511	0	1585
23048	22	10	1438	71	0	1541
23049	11	3	1518	30	0	1562
23050	12	6	67	1519	0	1604
23051	7	7	18	1576	0	1608
23052	6	4	12	1539	0	1561
23053	6	1459	10	79	0	1554
23054	2	1565	6	34	0	1607
23055	1517	80	3	20	0	1620
23056	1468	23	6	13	0	1510
23057	69	1445	5	10	0	1529
23058	19	1367	1	12	0	1399
23059	12	1410	0	10	0	1432
23060	1268	80	3	4	0	1355
23061	59	1279	2	4	0	1344
23062	11	68	0	1291	0	1370
23063	1270	21	5	63	0	1359
23064	1313	11	5	18	0	1347
23065	67	13	3	1249	0	1332
23066	19	9	1215	72	0	1315
23067	19	5	1234	25	0	1283
23068	13	6	69	1241	0	1329
23069	7	9	1270	70	0	1356
23070	6	7	65	1280	0	1358
23071	10	4	22	1327	0	1363
23072	10	6	1264	83	0	1363
23073	11	5	1300	28	0	1344
23074	4	7	72	1264	0	1347
23075	6	5	24	1348	0	1383
23076	1265	10	12	82	0	1369
23077	53	1248	13	36	0	1350
23078	15	1321	5	32	0	1373
23079	1244	74	4	29	0	1351
23080	1318	24	5	24	0	1371
23081	77	1264	7	19	0	1367
23082	23	1337	5	22	0	1387
23083	1287	74	6	22	0	1389
23084	71	26	6	1300	0	1403
23085	1266	21	3	80	0	1370
23086	71	1275	5	34	0	1385
23087	1311	69	2	24	0	1406
23088	82	20	1247	27	0	1376
23089	1285	18	59	13	0	1375
23090	74	19	1258	23	0	1374
23091	37	11	58	1292	0	1398
23092	1286	9	24	76	0	1395
23093	75	15	1242	34	0	1366
23094	31	13	71	1262	0	1377
23095	1263	8	16	89	0	1376
23096	81	9	1227	34	0	1351
23097	29	14	67	1266	0	1376
23098	1229	16	20	85	0	1350
23099	73	1211	17	35	0	1336
23100	23	65	12	1230	0	1330
23101	17	25	5	1295	0	1342
23102	20	17	7	1271	0	1315
23103	17	1300	9	86	0	1412
23104	16	77	9	1347	0	1449
23105	14	26	8	1401	0	1449
23106	20	14	5	1406	0	1445
23107	20	24	5	1433	0	1482
23108	16	19	1294	109	0	1438
23109	1305	15	67	45	0	1432
23110	1403	9	21	36	0	1469
23111	89	1338	11	31	0	1469
23112	31	77	14	1323	0	1445
23113	29	20	10	1365	0	1424
23114	26	1301	9	94	0	1430
23115	14	81	11	1246	0	1352
23116	1188	20	13	101	0	1322
23117	72	1176	22	46	0	1316
23118	1124	74	13	32	0	1243
23119	70	21	11	1106	0	1208
23120	25	16	1046	82	0	1169
23121	15	1082	63	39	0	1199
23122	1106	74	18	26	0	1224
23123	63	1125	19	27	0	1234
23124	23	1174	11	18	0	1226
23125	963	70	5	9	0	1047
23126	70	13	829	9	0	921
23127	4	541	13	3	0	561
23128	447	13	2	1	0	463
23129	410	5	3	1	0	419
23130	9	403	2	1	0	415
23131	5	10	0	414	0	429
23132	4	3	551	9	0	567
23133	4	5	7	537	0	553
23134	0	2	3	539	0	544
23135	1	1	3	575	0	580
23136	1	0	564	13	0	578
23137	2	0	8	552	0	562
23138	0	2	564	12	0	578
23139	2	2	531	5	0	540
23140	466	1	11	3	0	481
23141	8	535	3	3	0	549
23142	3	557	4	2	0	566
23143	3	10	3	561	0	577
23144	666	7	0	6	0	679
23145	663	4	1	5	0	673
23146	668	3	1	3	0	675
23147	672	2	1	2	0	677
23148	645	0	0	2	0	647
23149	14	2	596	1	0	613
23150	6	1	7	585	0	599
23151	5	599	3	9	0	616
23152	3	7	3	613	0	626
23153	619	2	3	12	0	636
23154	6	594	1	8	0	609
23155	4	9	3	614	0	630
23156	625	2	2	10	0	639
23157	628	6	1	3	0	638
23158	11	4	0	617	0	632
23159	6	3	0	614	0	623
23160	5	2	0	631	0	638
23161	3	2	613	17	0	635
23162	2	2	599	7	0	610
23163	6	0	9	608	0	623
23164	6	2	5	617	0	630
23165	620	3	5	12	0	640
23166	605	0	5	12	0	622
23167	612	1	0	12	0	625
23168	648	5	2	5	0	660
23169	627	2	1	6	0	636
23170	19	767	2	3	0	791
23171	812	13	0	5	0	830
23172	801	5	0	5	0	811
23173	809	5	3	4	0	821
23174	17	4	3	799	0	823
23175	12	4	786	8	0	810
23176	13	2	7	775	0	797
23177	7	7	928	13	0	955
23178	4	5	10	895	0	914
23179	4	915	8	13	0	940
23180	964	7	5	9	0	985
23181	1008	7	3	8	0	1026
23182	13	5	1	1006	0	1025
23183	11	6	2	992	0	1011
23184	6	4	2	1030	0	1042
23185	6	978	2	15	0	1001
23186	1021	9	4	8	0	1042
23187	1014	4	3	8	0	1029
23188	12	1030	1	10	0	1053
23189	8	13	0	1065	0	1086
23190	9	5	3	1077	0	1094
23191	6	1029	3	18	0	1056
23192	1080	11	5	6	0	1102
23193	1072	3	3	10	0	1088
23194	15	5	4	1060	0	1084
23195	10	6	1052	12	0	1080
23196	7	6	1000	5	0	1018
23197	4	1	12	1090	0	1107
23198	7	2	6	1091	0	1106
23199	5	3	6	1175	0	1189
23200	1221	2	3	20	0	1246
23201	1227	1	4	11	0	1243
23202	19	1284	1	11	0	1315
23203	1238	7	0	1	0	1246
23204	12	1	1208	2	0	1223
23205	4	4	1176	0	0	1184
23206	5	1273	11	4	0	1293
23207	1276	6	16	0	0	1298
23208	7	1225	1	1	0	1234
23209	1291	5	3	0	0	1299
23210	7	2	1237	0	0	1246
23211	2	2	1220	0	0	1224
23212	1	1	6	1175	0	1183
23213	3	0	1340	5	0	1348
23214	0	1	9	1333	0	1343
23215	1	2	2	1253	0	1258
23216	0	1327	2	7	0	1336
23217	0	4	2	1387	0	1393
23218	0	1	0	1386	0	1387
23219	1380	0	1	5	0	1386
23220	5	1334	0	5	0	1344
23221	1	5	0	1382	0	1388
23222	1	2	1296	7	0	1306
23223	1067	1	5	1	0	1074
23224	6	2	1171	2	0	1181
23225	1	1	6	1216	0	1224
23226	2	1196	1	4	0	1203
23227	1	7	1	1254	0	1263
23228	1259	2	3	6	0	1270
23229	1260	2	0	4	0	1266
23230	6	1274	2	3	0	1285
23231	1334	5	0	3	0	1342
23232	1194	2	1	2	0	1199
23233	1188	1	1	4	0	1194
23234	1202	2	1	0	0	1205
23235	1170	0	0	3	0	1173
23236	8	1	1165	1	0	1175
23237	5	0	4	1152	0	1161
23238	4	1	2	1183	0	1190
23239	3	1	1	1176	0	1181
23240	3	1170	2	7	0	1182
23241	4	5	0	1198	0	1207
23242	2	2	1160	7	0	1171
23243	2	1129	5	5	0	1141
23244	0	1076	3	6	0	1085
23245	1	5	3	1097	0	1106
23246	1	6	1	1099	0	1107
23247	1	2	1	1082	0	1086
23248	0	1053	2	11	0	1066
23249	3	1068	1	5	0	1077
23250	1100	7	2	4	0	1113
23251	1084	4	1	2	0	1091
23252	10	1064	1	6	0	1081
23253	1112	6	2	5	0	1125
23254	1094	5	2	4	0	1105
23255	10	4	1	1137	0	1152
23256	10	4	2	1113	0	1129
23257	10	4	4	1142	0	1160
23258	8	8	1166	9	0	1191
23259	7	6	1143	4	0	1160
23260	5	1206	13	6	0	1230
23261	1269	16	6	7	0	1298
23262	15	5	1237	6	0	1263
23263	1233	5	16	6	0	1260
23264	15	8	1395	6	0	1424
23265	1416	5	18	7	0	1446
23266	20	1476	9	4	0	1509
23267	1488	20	7	8	0	1523
23268	21	8	5	1481	0	1515
23269	8	5	5	1526	0	1544
23270	4	7	1390	30	0	1431
23271	11	1471	17	10	0	1509
23272	7	29	6	1516	0	1558
23273	7	4	1466	30	0	1507
23274	1336	7	27	11	0	1381
23275	29	1472	5	9	0	1515
23276	1487	26	7	9	0	1529
23277	25	1393	8	12	0	1438
23278	10	26	5	1413	0	1454
23279	1386	10	7	30	0	1433
23280	28	1383	5	15	0	1431
23281	8	28	6	1370	0	1412
23282	12	7	1330	31	0	1380
23283	1283	11	26	8	0	1328
23284	35	5	2	1350	0	1392
23285	11	8	1318	32	0	1369
23286	13	1320	26	10	0	1369
23287	13	29	3	1355	0	1400
23288	17	7	1271	30	0	1325
23289	9	9	26	1219	0	1263
23290	10	1256	6	28	0	1300
23291	11	1315	9	13	0	1348
23292	8	36	1254	5	0	1303
23293	4	8	26	1282	0	1320
23294	7	8	1259	34	0	1308
23295	1249	6	26	14	0	1295
23296	26	13	7	1272	0	1318
23297	5	1201	6	29	0	1241
23298	4	1267	8	5	0	1284
23299	1184	26	1	7	0	1218
23300	21	1146	2	4	0	1173
23301	1171	22	2	3	0	1198
23302	19	2	1064	4	0	1089
23303	1013	1	20	2	0	1036
23304	21	1070	4	5	0	1100
23305	1080	20	1	4	0	1105
23306	21	996	4	3	0	1024
23307	4	24	0	993	0	1021
23308	3	5	1	1027	0	1036
23309	6	2	982	19	0	1009
23310	941	3	19	2	0	965
23311	23	5	967	2	0	997
23312	1008	6	18	3	0	1035
23313	19	2	4	992	0	1017
23314	3	3	1	1044	0	1051
23315	2	1031	5	29	0	1067
23316	7	27	1	1036	0	1071
23317	1	2	3	1075	0	1081
23318	4	8	996	32	0	1040
23319	944	4	31	7	0	986
23320	32	1017	3	7	0	1059
23321	1084	33	3	5	0	1125
23322	40	1	2	1071	0	1114
23323	2	5	2	1118	0	1127
23324	1081	1	2	38	0	1122
23325	31	1058	5	9	0	1103
23326	1113	33	5	6	0	1157
23327	37	1082	1	7	0	1127
23328	6	1147	3	3	0	1159
23329	1127	36	2	4	0	1169
23330	36	9	2	1061	0	1108
23331	8	6	1051	39	0	1104
23332	10	4	36	1034	0	1084
23333	8	8	2	1042	0	1060
23334	4	1025	7	43	0	1079
23335	9	41	4	1045	0	1099
23336	9	9	1	1082	0	1101
23337	5	7	3	1077	0	1092
23338	1	7	5	1096	0	1109
23339	3	4	1027	49	0	1083
23340	4	7	1200	14	0	1225
23341	4	9	41	1221	0	1275
23342	9	5	1216	51	0	1281
23343	5	6	1224	19	0	1254
23344	5	7	45	1221	0	1278
23345	8	5	1293	51	0	1357
23346	5	7	43	1210	0	1265
23347	7	1358	16	49	0	1430
23348	1362	42	8	20	0	1432
23349	41	17	1518	12	0	1588
23350	14	8	48	1620	0	1690
23351	8	5	1620	60	0	1693
23352	9	5	58	1740	0	1812
23353	4	9	11	1831	0	1855
23354	1779	7	8	80	0	1874
23355	60	10	7	1804	0	1881
23356	1736	4	6	79	0	1825
23357	1778	8	7	27	0	1820
23358	69	1701	7	17	0	1794
23359	1638	60	5	16	0	1719
23360	62	1639	13	16	0	1730
23361	18	1813	17	14	0	1862
23362	1793	71	13	22	0	1899
23363	68	18	1747	16	0	1849
23364	26	15	1612	11	0	1664
23365	1507	35	63	19	0	1624
23366	1554	5	45	15	0	1619
23367	62	1565	4	14	0	1645
23368	1612	56	3	8	0	1679
23369	1599	15	12	8	0	1634
23370	1479	8	14	12	0	1513
23371	63	7	9	1471	0	1550
23372	1425	2	13	55	0	1495
23373	50	1540	10	28	0	1628
23374	21	46	11	1615	0	1693
23375	16	16	7	1647	0	1686
23376	13	1625	3	62	0	1703
23377	14	51	2	1640	0	1707
23378	1580	16	3	60	0	1659
23379	1652	10	8	23	0	1693
23380	59	1566	8	19	0	1652
23381	21	1661	8	15	0	1705
23382	1688	57	7	17	0	1769
23383	50	24	1752	18	0	1844
23384	24	13	1753	17	0	1807
23385	20	1	62	1711	0	1794
23386	16	6	21	1821	0	1864
23387	16	12	1746	63	0	1837
23388	16	1717	48	24	0	1805
23389	26	44	18	1743	0	1831
23390	12	30	1761	47	0	1850
23391	14	21	43	1739	0	1817
23392	19	8	18	1780	0	1825
23393	11	1785	18	63	0	1877
23394	10	47	22	1802	0	1881
23395	16	21	6	1832	0	1875
23396	16	18	6	1885	0	1925
23397	1841	10	6	71	0	1928
23398	61	10	7	1754	0	1832
23399	39	1815	5	51	0	1910
23400	1886	51	6	22	0	1965
23401	58	25	1773	22	0	1878
23402	34	13	1759	13	0	1819
23403	1780	18	61	11	0	1870
23404	55	10	26	1842	0	1933
23405	30	10	1862	57	0	1959
23406	14	18	47	1883	0	1962
23407	14	10	22	2058	0	2104
23408	2021	9	13	73	0	2116
23409	2002	10	13	27	0	2052
23410	79	2001	11	23	0	2114
23411	31	122	10	2053	0	2216
23412	29	29	2185	53	0	2296
23413	16	2107	48	27	0	2198
23414	2141	39	25	20	0	2225
23415	51	2110	8	81	0	2250
23416	2221	45	5	27	0	2298
23417	57	23	2165	13	0	2258
23418	2143	16	41	20	0	2220
23419	2202	14	19	23	0	2258
23420	65	16	2316	15	0	2412
23421	22	11	42	2196	0	2271
23422	19	2206	27	41	0	2293
23423	22	2268	12	19	0	2321
23424	13	2310	8	18	0	2349
23425	14	60	9	2259	0	2342
23426	28	24	2154	46	0	2252
23427	21	12	42	2152	0	2227
23428	19	8	27	2218	0	2272
23429	16	12	2168	62	0	2258
23430	15	2141	41	31	0	2228
23431	14	43	27	2204	0	2288
23432	2191	26	16	41	0	2274
23433	48	18	10	2193	0	2269
23434	24	9	14	2205	0	2252
23435	16	2172	9	69	0	2266
23436	2219	47	6	35	0	2307
23437	50	31	6	2279	0	2366
23438	35	20	2230	47	0	2332
23439	23	2219	40	32	0	2314
23440	2091	33	17	17	0	2158
23441	37	13	2123	21	0	2194
23442	2031	5	48	18	0	2102
23443	40	15	21	2117	0	2193
23444	26	2131	9	41	0	2207
23445	2067	37	18	23	0	2145
23446	2032	18	12	19	0	2081
23447	46	2022	12	18	0	2098
23448	23	44	12	2061	0	2140
23449	14	21	12	1939	0	1986
23450	1793	11	10	47	0	1861
23451	23	1786	16	29	0	1854
23452	4	21	7	1702	0	1734
23453	10	1647	5	26	0	1688
23454	9	1677	16	10	0	1712
23455	5	21	7	1640	0	1673
23456	1639	2	5	25	0	1671
23457	16	1641	3	15	0	1675
23458	24	19	2	1766	0	1811
23459	12	6	1	1779	0	1798
23460	16	13	1657	18	0	1704
23461	10	9	1501	15	0	1535
23462	3	1520	19	24	0	1566
23463	10	19	1568	12	0	1609
23464	13	42	20	1534	0	1609
23465	9	13	1638	16	0	1676
23466	4	9	21	1585	0	1619
23467	9	12	5	1602	0	1628
23468	5	11	7	1611	0	1634
23469	1619	9	6	20	0	1654
23470	29	6	1	1596	0	1632
23471	11	10	3	1596	0	1620
23472	7	1550	2	26	0	1585
23473	9	12	4	1499	0	1524
23474	1448	5	7	22	0	1482
23475	21	1396	6	8	0	1431
23476	1397	27	5	10	0	1439
23477	16	7	1359	17	0	1399
23478	8	17	1318	10	0	1353
23479	5	13	16	1285	0	1319
23480	5	7	3	1365	0	1380
23481	7	1302	3	20	0	1332
23482	4	21	3	1343	0	1371
23483	1279	5	0	31	0	1315
23484	1242	4	4	22	0	1272
23485	14	8	13	1261	0	1296
23486	5	10	1336	22	0	1373
23487	8	10	16	1391	0	1425
23488	7	4	17	1464	0	1492
23489	3	9	9	1482	0	1503
23490	5	6	18	1470	0	1499
23491	3	3	14	1460	0	1480
23492	4	1386	7	47	0	1444
23493	1402	19	6	30	0	1457
23494	1403	6	5	25	0	1439
23495	1411	9	1	27	0	1448
23496	28	1392	1	27	0	1448
23497	1414	28	3	12	0	1457
23498	35	1368	3	18	0	1424
23499	19	23	1332	12	0	1386
23500	9	20	23	1289	0	1341
23501	18	4	1339	38	0	1399
23502	7	1312	35	13	0	1367
23503	1341	23	17	14	0	1395
23504	28	8	1353	22	0	1411
23505	8	11	1307	10	0	1336
23506	9	1306	35	8	0	1358
23507	15	27	11	1306	0	1359
23508	20	12	1312	28	0	1372
23509	12	9	30	1357	0	1408
23510	7	12	12	1483	0	1514
23511	13	6	11	1585	0	1615
23512	1513	7	9	69	0	1598
23513	1554	1	9	40	0	1604
23514	64	3	8	1594	0	1669
23515	1560	6	9	81	0	1656
23516	68	8	1558	46	0	1680
23517	32	4	1568	22	0	1626
23518	22	3	1583	22	0	1630
23519	25	2	1543	19	0	1589
23520	23	1360	80	15	0	1478
23521	26	53	30	1380	0	1489
23522	18	22	1422	63	0	1525
23523	1370	8	68	28	0	1474
23524	1464	5	41	10	0	1520
23525	78	1442	33	13	0	1566
23526	1483	62	33	6	0	1584
23527	66	27	27	1470	0	1590
23528	33	17	1488	63	0	1601
23529	14	14	71	1405	0	1504
23530	18	1457	46	61	0	1582
23531	1485	61	24	29	0	1599
23532	1516	29	13	17	0	1575
23533	86	1488	13	16	0	1603
23534	1581	66	8	20	0	1675
23535	1570	29	17	21	0	1637
23536	91	1530	13	20	0	1654
23537	43	67	13	1430	0	1553
23538	25	1478	8	62	0	1573
23539	1511	70	9	29	0	1619
23540	79	36	8	1479	0	1602
23541	1429	28	11	63	0	1531
23542	85	20	7	1428	0	1540
23543	53	16	1367	68	0	1504
23544	1373	21	55	34	0	1483
23545	79	21	1391	28	0	1519
23546	39	18	60	1397	0	1514
23547	39	16	1364	74	0	1493
23548	34	5	65	1387	0	1491
23549	25	12	1343	91	0	1471
23550	1338	3	69	53	0	1463
23551	72	1351	44	32	0	1499
23552	1359	64	31	18	0	1472
23553	84	20	24	1344	0	1472
23554	1299	14	27	77	0	1417
23555	70	1309	21	45	0	1445
23556	41	1344	28	27	0	1440
23557	29	1495	19	23	0	1566
23558	1345	86	22	12	0	1465
23559	72	44	8	1330	0	1454
23560	48	26	13	1394	0	1481
23561	35	16	1299	92	0	1442
23562	30	24	1311	44	0	1409
23563	35	26	73	1333	0	1467
23564	17	31	1327	73	0	1448
23565	24	1266	64	39	0	1393
23566	1287	70	32	32	0	1421
23567	77	30	1382	33	0	1522
23568	37	20	1407	32	0	1496
23569	20	13	100	1385	0	1518
23570	1410	11	55	80	0	1556
23571	77	10	34	1424	0	1545
23572	1410	13	37	84	0	1544
23573	81	19	28	1437	0	1565
23574	49	16	1431	78	0	1574
23575	33	1393	90	48	0	1564
23576	22	68	1459	28	0	1577
23577	27	1444	85	33	0	1589
23578	32	68	48	1455	0	1603
23579	1469	31	28	80	0	1608
23580	84	21	1421	51	0	1577
23581	49	16	75	1449	0	1589
23582	24	14	47	1516	0	1601
23583	1427	24	33	90	0	1574
23584	76	28	25	1399	0	1528
23585	39	1392	27	76	0	1534
23586	1338	80	17	45	0	1480
23587	86	35	1269	30	0	1420
23588	1215	21	59	24	0	1319
23589	66	1208	34	40	0	1348
23590	49	66	12	1158	0	1285
23591	32	1261	12	71	0	1376
23592	1268	64	13	44	0	1389
23593	74	39	1222	20	0	1355
23594	1251	24	56	22	0	1353
23595	82	1249	34	25	0	1390
23596	53	70	23	1335	0	1481
23597	1333	40	19	71	0	1463
23598	1369	27	21	43	0	1460
23599	98	21	22	1325	0	1466
23600	43	22	23	1346	0	1434
23601	43	1320	23	79	0	1465
23602	62	66	19	1316	0	1463
23603	33	1572	18	71	0	1694
23604	32	1645	12	48	0	1737
23605	41	142	18	1544	0	1745
23606	29	1661	20	68	0	1778
23607	25	75	1749	48	0	1897
23608	29	35	1759	38	0	1861
23609	15	1687	79	31	0	1812
23610	65	66	1673	26	0	1830
23611	12	25	1648	17	0	1702
23612	7	9	1447	8	0	1471
23613	3	1434	59	9	0	1505
23614	1360	39	10	4	0	1413
23615	34	1350	10	8	0	1402
23616	10	40	1323	3	0	1376
23617	8	13	35	1349	0	1405
23618	1348	11	15	33	0	1407
23619	42	5	1350	7	0	1404
23620	11	9	39	1337	0	1396
23621	7	5	1348	39	0	1399
23622	3	37	43	1310	0	1393
23623	1335	9	18	33	0	1395
23624	38	9	1295	13	0	1355
23625	13	1309	34	9	0	1365
23626	10	38	9	1303	0	1360
23627	1392	11	6	37	0	1446
23628	41	6	1346	13	0	1406
23629	11	6	41	1249	0	1307
23630	11	1378	11	37	0	1437
23631	1410	37	12	17	0	1476
23632	1437	9	9	16	0	1471
23633	49	9	10	1409	0	1477
23634	17	1337	5	40	0	1399
23635	8	1422	13	9	0	1452
23636	1492	48	9	9	0	1558
23637	45	17	9	1418	0	1489
23638	10	1443	6	47	0	1506
23639	1523	42	9	9	0	1583
23640	44	15	7	1536	0	1602
23641	13	6	9	1620	0	1648
23642	13	17	1346	54	0	1430
23643	14	1535	41	16	0	1606
23644	7	1638	12	12	0	1669
23645	2	54	6	1609	0	1671
23646	1599	20	5	46	0	1670
23647	46	1597	8	17	0	1668
23648	1607	50	10	7	0	1674
23649	51	1592	6	12	0	1661
23650	17	57	4	1591	0	1669
23651	1622	14	2	54	0	1692
23652	51	9	7	1647	0	1714
23653	14	8	1628	57	0	1707
23654	10	12	50	1589	0	1661
23655	7	1650	13	47	0	1717
23656	1621	52	5	17	0	1695
23657	48	1547	14	16	0	1625
23658	16	54	6	1500	0	1576
23659	16	23	3	1581	0	1623
23660	14	10	1490	57	0	1571
23661	13	16	1517	17	0	1563
23662	5	14	53	1555	0	1627
23663	13	7	1484	55	0	1559
23664	8	1511	52	22	0	1593
23665	1554	55	17	16	0	1642
23666	50	19	1650	16	0	1735
23667	1553	17	42	9	0	1621
23668	1629	14	13	8	0	1664
23669	1613	8	12	19	0	1652
23670	1684	7	10	18	0	1719
23671	57	14	17	1618	0	1706
23672	18	10	13	1595	0	1636
23673	15	1584	15	57	0	1671
23674	1597	51	9	21	0	1678
23675	57	20	1523	14	0	1614
23676	21	15	42	1556	0	1634
23677	14	10	16	1600	0	1640
23678	16	10	1573	50	0	1649
23679	16	1617	40	29	0	1702
23680	19	48	19	1547	0	1633
23681	14	14	12	1674	0	1714
23682	1630	12	9	64	0	1715
23683	48	1604	7	27	0	1686
23684	21	49	5	1616	0	1691
23685	17	1593	12	42	0	1664
23686	11	49	12	1656	0	1728
23687	1632	13	8	58	0	1711
23688	1649	8	8	30	0	1695
23689	52	12	12	1652	0	1728
23690	1606	9	15	55	0	1685
23691	1602	15	8	27	0	1652
23692	60	1600	3	19	0	1682
23693	32	49	5	1570	0	1656
23694	24	1603	5	49	0	1681
23695	16	53	4	1625	0	1698
23696	1550	20	4	56	0	1630
23697	51	16	5	1546	0	1618
23698	27	6	4	1589	0	1626
23699	16	9	1472	60	0	1557
23700	14	1421	37	27	0	1499
23701	21	1499	8	21	0	1549
23702	1537	53	8	20	0	1618
23703	38	37	4	1228	0	1307
23704	1223	13	4	39	0	1279
23705	35	1140	3	20	0	1198
23706	13	980	2	11	0	1006
23707	6	1036	2	7	0	1051
23708	1015	20	2	7	0	1044
23709	17	1004	2	9	0	1032
23710	957	15	36	9	0	1017
23711	965	4	0	5	0	974
23712	960	3	4	2	0	969
23713	17	5	0	930	0	952
23714	5	5	0	964	0	974
23715	5	2	2	965	0	974
23716	2	4	0	964	0	970
23717	956	1	1	20	0	978
23718	15	920	1	7	0	943
23719	5	17	1	957	0	980
23720	954	4	2	16	0	976
23721	17	2	1	943	0	963
23722	5	2	3	946	0	956
23723	947	3	3	20	0	973
23724	19	5	910	3	0	937
23725	8	2	15	904	0	929
23726	5	3	986	20	0	1014
23727	2	0	11	935	0	948
23728	4	3	2	916	0	925
23729	903	1	2	15	0	921
23730	12	868	3	5	0	888
23731	3	851	1	2	0	857
23732	852	10	0	2	0	864
23733	11	825	1	2	0	839
23734	953	9	1	2	0	965
23735	10	2	910	6	0	928
23736	840	0	4	0	0	844
23737	853	1	1	1	0	856
23738	857	1	0	2	0	860
23739	5	0	1	798	0	804
23740	1	0	0	808	0	809
23741	2	746	0	5	0	753
23742	1	43	0	741	0	785
23743	736	0	0	4	0	740
23744	3	749	1	1	0	754
23745	0	768	0	3	0	771
23746	782	2	1	1	0	786
23747	3	1	770	0	0	774
23748	0	0	3	746	0	749
23749	0	0	767	4	0	771
23750	0	1	3	767	0	771
23751	0	754	1	4	0	759
23752	0	2	0	780	0	782
23753	742	0	0	2	0	744
23754	2	1	0	723	0	726
23755	0	1	791	3	0	795
23756	720	0	8	3	0	731
23757	8	753	3	2	0	766
23758	3	780	2	1	0	786
23759	811	11	2	0	0	824
23760	844	4	0	0	0	848
23761	12	2	822	0	0	836
23762	798	0	10	1	0	809
23763	10	823	4	1	0	838
23764	859	9	1	1	0	870
23765	11	5	0	878	0	894
23766	6	732	1	9	0	748
23767	768	9	1	3	0	781
23768	13	9	739	2	0	763
23769	5	4	9	739	0	757
23770	710	2	4	10	0	726
23771	11	1	698	4	0	714
23772	689	1	8	2	0	700
23773	10	1	7	689	0	707
23774	8	1	1	708	0	718
23775	1	4	684	15	0	704
23776	2	1	8	681	0	692
23777	690	0	3	12	0	705
23778	8	618	4	5	0	635
23779	643	9	1	3	0	656
23780	631	4	5	0	0	640
23781	15	3	1	633	0	652
23782	8	2	657	10	0	677
23783	5	2	11	649	0	667
23784	670	1	4	11	0	686
23785	9	635	6	8	0	658
23786	662	9	2	5	0	678
23787	13	7	3	653	0	676
23788	7	4	1	653	0	665
23789	6	2	1	672	0	681
23790	3	5	649	15	0	672
23791	7	1	9	638	0	655
23792	4	0	623	12	0	639
23793	0	1	644	12	0	657
23794	6	1	15	753	0	775
23795	3	4	751	19	0	777
23796	798	0	18	9	0	825
23797	23	3	8	851	0	885
23798	15	0	2	910	0	927
23799	4	888	2	41	0	935
23800	923	26	4	20	0	973
23801	956	15	2	9	0	982
23802	40	881	5	5	0	931
23803	22	26	3	898	0	949
23804	9	19	880	31	0	939
23805	850	4	28	19	0	901
23806	914	2	15	10	0	941
23807	41	4	8	791	0	844
23808	21	2	766	36	0	825
23809	5	738	28	18	0	789
23810	768	26	13	6	0	813
23811	34	17	838	3	0	892
23812	19	843	26	8	0	896
23813	874	26	17	6	0	923
23814	880	20	8	4	0	912
23815	46	5	2	847	0	900
23816	20	945	7	26	0	998
23817	10	29	3	1083	0	1125
23818	9	13	6	1096	0	1124
23819	8	7	2	1090	0	1107
23820	10	2	3	1112	0	1127
23821	5	10	1041	50	0	1106
23822	10	5	27	1125	0	1167
23823	6	1	18	1165	0	1190
23824	5	5	1176	49	0	1235
23825	11	1155	29	27	0	1222
23826	1145	32	20	11	0	1208
23827	1159	18	7	10	0	1194
23828	46	9	4	1150	0	1209
23829	1154	7	8	32	0	1201
23830	39	6	3	1186	0	1234
23831	23	3	1165	38	0	1229
23832	11	4	1123	26	0	1164
23833	11	1096	47	12	0	1166
23834	1071	30	21	12	0	1134
23835	34	20	1140	12	0	1206
23836	20	9	43	1090	0	1162
23837	11	6	23	1273	0	1313
23838	12	5	9	1367	0	1393
23839	12	4	5	1379	0	1400
23840	7	5	9	1390	0	1411
23841	10	9	1292	76	0	1387
23842	10	3	37	1320	0	1370
23843	1317	7	22	62	0	1408
23844	44	1250	15	38	0	1347
23845	1284	43	6	20	0	1353
23846	51	1287	11	15	0	1364
23847	1303	44	6	19	0	1372
23848	1308	25	6	13	0	1352
23849	64	13	4	1320	0	1401
23850	34	8	6	1354	0	1402
23851	1321	6	10	67	0	1404
23852	1263	8	11	36	0	1318
23853	1311	8	8	17	0	1344
23854	68	1252	8	20	0	1348
23855	23	1250	6	15	0	1294
23856	19	49	1209	9	0	1286
23857	13	18	35	1221	0	1287
23858	10	11	1234	45	0	1300
23859	3	1222	34	35	0	1294
23860	1	39	19	1210	0	1269
23861	8	18	12	1219	0	1257
23862	5	5	5	1271	0	1286
23863	1255	4	8	59	0	1326
23864	1261	11	2	31	0	1305
23865	50	1224	3	20	0	1297
23866	24	35	6	1278	0	1343
23867	13	20	1210	45	0	1288
23868	15	8	1157	25	0	1205
23869	1218	8	42	13	0	1281
23870	1282	6	20	14	0	1322
23871	56	6	7	1255	0	1324
23872	1280	4	8	45	0	1337
23873	49	4	1205	22	0	1280
23874	29	1204	32	15	0	1280
23875	16	41	20	1255	0	1332
23876	14	17	1225	41	0	1297
23877	9	10	41	1238	0	1298
23878	9	4	29	1281	0	1323
23879	6	15	1300	62	0	1383
23880	1236	7	30	43	0	1316
23881	1343	4	27	23	0	1397
23882	50	1323	5	25	0	1403
23883	1452	34	12	18	0	1516
23884	1495	24	8	18	0	1545
23885	68	11	1401	16	0	1496
23886	1403	9	43	11	0	1466
23887	55	1425	21	12	0	1513
23888	1463	49	10	13	0	1535
23889	1542	19	8	11	0	1580
23890	1578	12	9	11	0	1610
23891	1530	6	6	21	0	1563
23892	1547	7	6	14	0	1574
23893	86	1432	7	12	0	1537
23894	1432	38	1	6	0	1477
23895	55	1390	4	10	0	1459
23896	17	1298	5	9	0	1329
23897	13	1341	4	14	0	1372
23898	1258	36	11	4	0	1309
23899	1280	15	3	8	0	1306
23900	42	11	1196	7	0	1256
23901	1257	8	25	6	0	1296
23902	1289	4	9	6	0	1308
23903	50	4	1234	5	0	1293
23904	23	3	30	1228	0	1284
23905	15	6	13	1250	0	1284
23906	13	7	3	1296	0	1319
23907	8	12	3	1294	0	1317
23908	8	4	5	1312	0	1329
23909	12	7	1286	44	0	1349
23910	13	1305	37	15	0	1370
23911	1234	31	14	6	0	1285
23912	43	1246	3	8	0	1300
23913	1270	35	7	7	0	1319
23914	1286	16	3	4	0	1309
23915	49	11	1229	5	0	1294
23916	19	10	31	1077	0	1137
23917	7	1077	12	31	0	1127
23918	1137	30	7	18	0	1192
23919	1134	10	7	15	0	1166
23920	1147	6	8	7	0	1168
23921	45	1157	6	5	0	1213
23922	1113	29	7	4	0	1153
23923	1148	14	3	5	0	1170
23924	1101	11	1	7	0	1120
23925	50	7	9	1047	0	1113
23926	32	5	4	1085	0	1126
23927	14	9	8	1106	0	1137
23928	1064	7	7	42	0	1120
23929	43	1043	4	18	0	1108
23930	1036	34	4	8	0	1082
23931	1065	12	7	4	0	1088
23932	1061	9	2	3	0	1075
23933	1052	7	2	4	0	1065
23934	52	1013	5	3	0	1073
23935	936	25	3	3	0	967
23936	33	892	3	5	0	933
23937	15	863	2	5	0	885
23938	796	22	1	6	0	825
23939	25	769	2	7	0	803
23940	14	793	5	5	0	817
23941	834	27	1	4	0	866
23942	842	15	1	1	0	859
23943	37	6	3	809	0	855
23944	19	5	2	820	0	846
23945	818	3	3	23	0	847
23946	842	5	6	9	0	862
23947	849	8	2	6	0	865
23948	35	6	792	3	0	836
23949	785	7	18	4	0	814
23950	29	8	5	790	0	832
23951	17	7	4	800	0	828
23952	12	9	2	816	0	839
23953	17	5	1	812	0	835
23954	15	7	772	25	0	819
23955	13	5	734	9	0	761
23956	12	6	17	736	0	771
23957	13	2	737	20	0	772
23958	12	6	720	10	0	748
23959	14	6	22	773	0	815
23960	14	6	8	800	0	828
23961	5	8	5	814	0	832
23962	10	7	1	843	0	861
23963	784	9	1	25	0	819
23964	834	3	2	14	0	853
23965	33	6	1	772	0	812
23966	21	1	5	773	0	800
23967	11	7	3	780	0	801
23968	11	4	5	783	0	803
23969	13	4	2	766	0	785
23970	11	781	5	26	0	823
23971	796	20	3	16	0	835
23972	27	800	1	12	0	840
23973	814	18	2	9	0	843
23974	814	11	1	7	0	833
23975	826	2	3	10	0	841
23976	35	7	1	795	0	838
23977	813	1	2	22	0	838
23978	25	8	0	792	0	825
23979	15	2	3	718	0	738
23980	678	4	2	24	0	708
23981	18	657	1	14	0	690
23982	10	640	4	3	0	657
23983	583	18	1	2	0	604
23984	12	6	547	2	0	567
23985	525	3	10	2	0	540
23986	12	1	7	550	0	570
23987	8	546	1	11	0	566
23988	4	560	2	8	0	574
23989	517	8	0	2	0	527
23990	8	3	0	491	0	502
23991	3	493	1	11	0	508
23992	502	6	0	6	0	514
23993	510	3	0	2	0	515
23994	457	0	0	1	0	458
23995	459	2	0	0	0	461
23996	7	430	0	1	0	438
23997	4	445	2	0	0	451
23998	480	4	0	0	0	484
23999	551	3	1	2	0	557
24000	8	2	534	0	0	544
24001	6	498	3	0	0	507
24002	582	3	3	1	0	589
24003	572	4	0	0	0	576
24004	7	0	605	0	0	612
24005	603	0	6	2	0	611
24006	7	1	644	0	0	652
24007	9	0	693	0	0	702
24008	3	75	13	567	0	658
24009	0	603	7	6	0	616
24010	633	8	4	4	0	649
24011	7	6	1	630	0	644
24012	7	4	1	633	0	645
24013	4	0	0	653	0	657
24014	628	1	1	19	0	649
24015	9	0	0	624	0	633
24016	6	0	0	626	0	632
24017	4	1	603	16	0	624
24018	577	0	7	12	0	596
24019	611	0	7	4	0	622
24020	21	0	597	3	0	621
24021	600	1	13	1	0	615
24022	20	0	7	582	0	609
24023	9	565	5	15	0	594
24024	6	16	2	588	0	612
24025	565	9	1	17	0	592
24026	16	517	1	8	0	542
24027	6	12	0	517	0	535
24028	4	7	3	529	0	543
24029	3	2	1	598	0	604
24030	2	0	4	543	0	549
24031	1	615	1	23	0	640
24032	632	17	2	14	0	665
24033	623	9	1	5	0	638
24034	31	664	1	3	0	699
24035	751	17	1	6	0	775
24036	772	8	1	6	0	787
24037	772	5	1	6	0	784
24038	53	2	721	4	0	780
24039	19	2	31	746	0	798
24040	12	1	720	37	0	770
24041	697	1	38	16	0	752
24042	35	710	15	9	0	769
24043	690	27	9	4	0	730
24044	37	719	3	8	0	767
24045	15	37	2	679	0	733
24046	10	13	2	717	0	742
24047	8	11	680	41	0	740
24048	4	743	28	27	0	802
24049	789	32	14	12	0	847
24050	39	14	782	6	0	841
24051	793	11	32	11	0	847
24052	42	6	12	803	0	863
24053	19	4	769	41	0	833
24054	13	774	40	18	0	845
24055	9	38	13	825	0	885
24056	7	15	804	40	0	866
24057	8	10	822	15	0	855
24058	7	834	46	12	0	899
24059	6	40	18	759	0	823
24060	12	16	11	751	0	790
24061	12	784	5	44	0	845
24062	764	38	8	17	0	827
24063	40	13	5	721	0	779
24064	19	726	2	41	0	788
24065	852	34	5	10	0	901
24066	867	18	6	8	0	899
24067	858	12	4	12	0	886
24068	55	829	5	10	0	899
24069	860	42	7	6	0	915
24070	849	17	3	9	0	878
24071	52	12	5	812	0	881
24072	817	7	7	44	0	875
24073	53	9	2	824	0	888
24074	18	4	794	52	0	868
24075	18	3	810	18	0	849
24076	12	7	50	819	0	888
24077	9	11	808	45	0	873
24078	784	5	45	17	0	851
24079	40	5	17	807	0	869
24080	14	7	12	848	0	881
24081	8	4	849	60	0	921
24082	7	827	40	25	0	899
24083	7	902	15	17	0	941
24084	15	47	9	846	0	917
24085	6	25	7	905	0	943
24086	12	15	849	51	0	927
24087	11	13	863	26	0	913
24088	12	6	45	935	0	998
24089	15	8	916	52	0	991
24090	935	11	51	14	0	1011
24091	60	8	15	957	0	1040
24092	959	10	7	53	0	1029
24093	56	10	8	948	0	1022
24094	28	4	5	998	0	1035
24095	18	8	924	63	0	1013
24096	14	923	44	26	0	1007
24097	9	47	17	958	0	1031
24098	10	15	916	51	0	992
24099	12	830	48	15	0	905
24100	13	38	13	858	0	922
24101	869	17	14	50	0	950
24102	48	9	790	20	0	867
24103	772	4	49	18	0	843
24104	48	7	778	9	0	842
24105	714	12	47	8	0	781
24106	47	756	16	13	0	832
24107	15	712	9	7	0	743
24108	4	44	20	665	0	733
24109	5	691	5	41	0	742
24110	717	34	5	16	0	772
24111	34	10	10	718	0	772
24112	10	9	3	747	0	769
24113	10	1	4	770	0	785
24114	7	1	702	45	0	755
24115	5	7	34	713	0	759
24116	7	3	703	46	0	759
24117	4	690	38	15	0	747
24118	681	33	11	6	0	731
24119	31	778	4	8	0	821
24120	810	32	34	7	0	883
24121	822	7	3	8	0	840
24122	829	6	2	8	0	845
24123	833	4	6	7	0	850
24124	35	2	780	5	0	822
24125	11	4	28	770	0	813
24126	6	4	12	796	0	818
24127	10	3	4	836	0	853
24128	770	6	7	35	0	818
24129	779	6	0	10	0	795
24130	29	797	3	13	0	842
24131	10	27	730	7	0	774
24132	11	6	734	4	0	755
24133	6	720	29	6	0	761
24134	6	722	6	8	0	742
24135	3	14	2	594	0	613
24136	3	7	4	588	0	602
24137	601	2	2	20	0	625
24138	16	591	2	6	0	615
24139	5	10	4	630	0	649
24140	8	3	597	12	0	620
24141	2	3	12	678	0	695
24142	6	0	6	688	0	700
24143	3	7	5	699	0	714
24144	6	4	1	715	0	726
24145	5	3	679	16	0	703
24146	5	646	16	4	0	671
24147	9	676	0	10	0	695
24148	631	9	3	7	0	650
24149	7	581	1	3	0	592
24150	3	598	1	1	0	603
24151	1	8	2	591	0	602
24152	4	1	0	591	0	596
24153	0	2	3	586	0	591
24154	2	3	589	8	0	602
24155	1	518	7	4	0	530
24156	1	7	1	561	0	570
24157	1	527	1	6	0	535
24158	548	4	2	0	0	554
24159	5	526	3	1	0	535
24160	541	4	2	0	0	547
24161	5	4	520	0	0	529
24162	565	2	5	1	0	573
24163	5	1	1	581	0	588
24164	1	1	582	6	0	590
24165	477	0	4	2	0	483
24166	495	1	1	2	0	499
24167	498	3	0	2	0	503
24168	5	0	2	486	0	493
24169	2	1	487	5	0	495
24170	452	1	4	4	0	461
24171	4	1	2	491	0	498
24172	2	1	0	491	0	494
24173	2	0	540	8	0	550
24174	1	528	5	3	0	537
24175	1	6	1	556	0	564
24176	1	536	3	3	0	543
24177	558	4	0	0	0	562
24178	558	3	1	1	0	563
24179	6	2	0	546	0	554
24180	557	0	0	8	0	565
24181	6	481	0	4	0	491
24182	493	5	1	2	0	501
24183	6	487	0	1	0	494
24184	1	6	1	491	0	499
24185	1	2	1	494	0	498
24186	0	485	1	6	0	492
24187	1	5	1	495	0	502
24188	1	3	467	7	0	478
24189	3	449	6	2	0	460
24190	449	0	1	0	0	450
24191	1	442	0	0	0	443
24192	0	1	0	455	0	456
24193	0	0	446	0	0	446
24194	1	0	0	462	0	463
24195	0	0	0	474	0	474
24196	475	0	0	1	0	476
24197	1	0	474	1	0	476
24198	0	460	5	3	0	468
24199	2	1	494	1	0	498
24200	1	0	478	1	0	480
24201	0	1	461	0	0	462
24202	0	2	2	440	0	444
24203	470	0	0	1	0	471
24204	1	448	1	0	0	450
24205	471	1	1	0	0	473
24206	453	1	0	1	0	455
24207	1	0	1	423	0	425
24208	0	417	2	1	0	420
24209	417	1	0	0	0	418
24210	2	396	0	1	0	399
24211	1	1	0	393	0	395
24212	0	2	0	401	0	403
24213	2	391	0	1	0	394
24214	1	1	0	405	0	407
24215	0	0	379	3	0	382
24216	0	1	376	1	0	378
24217	1	1	0	395	0	397
24218	0	1	0	400	0	401
24219	0	0	311	2	0	313
24220	0	0	308	1	0	309
24221	283	1	1	1	0	286
24222	1	307	0	1	0	309
24223	0	331	1	0	0	332
24224	0	1	2	334	0	337
24225	1	0	0	328	0	329
24226	0	1	0	297	0	298
24227	0	1	291	1	0	293
24228	0	0	275	0	0	275
24229	1	0	1	289	0	291
24230	0	1	269	2	0	272
24231	0	259	2	1	0	262
24232	267	1	0	0	0	268
24233	2	0	265	2	0	269
24234	0	0	261	1	0	262
24235	0	1	2	260	0	263
24236	1	0	315	1	0	317
24237	0	303	1	2	0	306
24238	0	1	2	362	0	365
24239	0	2	333	5	0	340
24240	1	339	4	1	0	345
24241	321	5	2	2	0	330
24242	4	1	2	320	0	327
24243	0	2	0	328	0	330
24244	324	1	2	4	0	331
24245	5	322	0	3	0	330
24246	329	3	0	4	0	336
24247	329	0	1	3	0	333
24248	327	3	0	3	0	333
24249	9	1	0	320	0	330
24250	324	2	0	5	0	331
24251	10	308	1	2	0	321
24252	3	310	0	3	0	316
24253	339	5	0	1	0	345
24254	5	0	0	343	0	348
24255	2	1	1	344	0	348
24256	3	2	0	344	0	349
24257	1	3	324	7	0	335
24258	2	330	5	3	0	340
24259	0	5	0	346	0	351
24260	341	1	2	7	0	351
24261	5	1	0	345	0	351
24262	0	1	283	7	0	291
24263	2	278	4	2	0	286
24264	294	4	0	5	0	303
24265	292	0	2	1	0	295
24266	292	3	0	2	0	297
24267	6	1	2	292	0	301
24268	6	2	339	4	0	351
24269	6	1	341	1	0	349
24270	3	375	7	2	0	387
24271	3	6	2	381	0	392
24272	1	0	2	393	0	396
24273	320	2	4	8	0	334
24274	7	1	2	331	0	341
24275	327	1	1	11	0	340
24276	9	0	308	3	0	320
24277	1	0	325	6	0	332
24278	7	1	5	321	0	334
24279	1	0	3	330	0	334
24280	2	0	5	333	0	340
24281	408	1	3	10	0	422
24282	422	0	2	5	0	429
24283	8	1	0	475	0	484
24284	4	0	460	12	0	476
24285	5	0	475	8	0	488
24286	3	0	10	488	0	501
24287	484	1	10	10	0	505
24288	9	1	6	446	0	462
24289	4	0	3	461	0	468
24290	6	0	447	14	0	467
24291	6	1	438	12	0	457
24292	455	1	12	10	0	478
24293	11	2	469	3	0	485
24294	5	0	14	432	0	451
24295	7	1	7	450	0	465
24296	447	0	9	14	0	470
24297	10	446	2	10	0	468
24298	429	8	1	8	0	446
24299	15	423	2	4	0	444
24300	434	12	1	4	0	451
24301	17	2	416	4	0	439
24302	419	5	11	4	0	439
24303	435	2	7	3	0	447
24304	13	3	8	430	0	454
24305	11	3	414	12	0	440
24306	10	1	9	429	0	449
24307	4	2	4	431	0	441
24308	8	418	5	15	0	446
24309	4	8	3	417	0	432
24310	5	420	5	13	0	443
24311	4	14	3	435	0	456
24312	426	4	3	17	0	450
24313	11	6	2	430	0	449
24314	6	2	411	21	0	440
24315	428	2	14	6	0	450
24316	9	3	590	13	0	615
24317	604	1	19	3	0	627
24318	603	3	4	6	0	616
24319	16	581	8	10	0	615
24320	14	611	6	2	0	633
24321	604	16	4	6	0	630
24322	608	8	5	4	0	625
24323	608	8	3	3	0	622
24324	594	2	5	6	0	607
24325	593	5	1	7	0	606
24326	26	3	5	584	0	618
24327	16	1	2	611	0	630
24328	17	1	566	19	0	603
24329	584	1	18	12	0	615
24330	21	2	6	645	0	674
24331	11	3	8	677	0	699
24332	9	8	615	28	0	660
24333	8	610	20	17	0	655
24334	12	652	6	12	0	682
24335	651	19	6	4	0	680
24336	605	5	1	12	0	623
24337	27	572	7	5	0	611
24338	9	556	7	6	0	578
24339	553	18	2	8	0	581
24340	548	7	6	5	0	566
24341	25	4	2	550	0	581
24342	13	0	3	554	0	570
24343	8	6	3	568	0	585
24344	540	6	5	24	0	575
24345	557	6	0	11	0	574
24346	22	6	4	554	0	586
24347	559	2	3	18	0	582
24348	27	2	520	9	0	558
24349	10	3	15	555	0	583
24350	11	5	519	16	0	551
24351	11	535	17	7	0	570
24352	6	16	9	550	0	581
24353	525	3	3	18	0	549
24354	20	4	5	523	0	552
24355	8	4	2	547	0	561
24356	11	4	507	19	0	541
24357	11	5	488	12	0	516
24358	9	521	21	10	0	561
24359	528	15	6	4	0	553
24360	540	6	6	7	0	559
24361	537	9	1	9	0	556
24362	541	1	5	10	0	557
24363	24	7	5	523	0	559
24364	14	5	5	482	0	506
24365	18	520	2	18	0	558
24366	519	13	4	19	0	555
24367	535	4	6	13	0	558
24368	23	7	442	5	0	477
24369	437	6	15	4	0	462
24370	19	430	3	5	0	457
24371	18	13	2	401	0	434
24372	12	426	2	13	0	453
24373	428	15	1	8	0	452
24374	20	432	4	4	0	460
24375	12	14	2	437	0	465
24376	7	4	3	447	0	461
24377	3	8	2	446	0	459
24378	5	424	4	23	0	456
24379	12	11	0	441	0	464
24380	8	7	5	438	0	458
24381	8	335	2	19	0	364
24382	5	343	2	11	0	361
24383	278	12	2	3	0	295
24384	9	295	3	1	0	308
24385	276	10	2	4	0	292
24386	16	3	300	2	0	321
24387	4	358	8	7	0	377
24388	371	12	0	5	0	388
24389	379	2	1	4	0	386
24390	12	2	354	7	0	375
24391	5	1	11	368	0	385
24392	2	3	362	11	0	378
24393	6	333	10	3	0	352
24394	328	13	2	0	0	343
24395	15	338	1	3	0	357
24396	4	12	3	333	0	352
24397	8	3	2	352	0	365
24398	3	1	340	12	0	356
24399	3	4	330	7	0	344
24400	334	2	11	5	0	352
24401	348	5	2	3	0	358
24402	349	3	3	4	0	359
24403	344	1	2	6	0	353
24404	13	339	3	3	0	358
24405	4	12	1	340	0	357
24406	3	4	1	335	0	343
24407	3	338	1	14	0	356
24408	347	14	0	2	0	363
24409	355	4	1	4	0	364
24410	13	5	336	3	0	357
24411	342	4	11	4	0	361
24412	15	0	3	350	0	368
24413	5	2	337	13	0	357
24414	6	3	12	341	0	362
24415	6	5	341	14	0	366
24416	1	0	161	0	0	162
24417	0	0	3	155	0	158
24418	0	155	0	4	0	159
24419	162	2	1	0	0	165
24420	163	1	0	0	0	164
24421	3	189	0	0	0	192
24422	0	195	0	0	0	195
24423	225	2	0	2	0	229
24424	270	0	0	1	0	271
24425	272	0	1	0	0	273
24426	274	0	1	0	0	275
24427	2	0	0	321	0	323
24428	1	0	315	3	0	319
24429	1	312	2	0	0	315
24430	258	1	0	0	0	259
24431	1	245	0	0	0	246
24432	258	1	0	0	0	259
24433	253	0	0	0	0	253
24434	1	1	308	0	0	310
24435	0	330	0	0	0	330
24436	0	1	0	339	0	340
24437	0	0	0	337	0	337
24438	0	0	0	333	0	333
24439	336	0	0	1	0	337
24440	331	0	0	0	0	331
24441	333	0	0	0	0	333
24442	1	327	0	0	0	328
24443	332	1	0	0	0	333
24444	1	326	0	0	0	327
24445	0	3	316	0	0	319
24446	0	323	0	0	0	323
24447	0	1	0	336	0	337
24448	0	0	0	337	0	337
24449	0	1	331	1	0	333
24450	0	0	1	326	0	327
24451	1	0	0	333	0	334
24452	335	0	0	1	0	336
24453	324	0	0	0	0	324
24454	329	0	0	0	0	329
24455	1	322	0	0	0	323
24456	356	1	0	0	0	357
24457	352	0	0	0	0	352
24458	1	343	0	0	0	344
24459	0	1	0	353	0	354
24460	0	0	0	352	0	352
24461	348	0	0	1	0	349
24462	1	0	349	0	0	350
24463	0	340	0	1	0	341
24464	0	1	0	350	0	351
24465	0	339	0	1	0	340
24466	0	346	0	1	0	347
24467	354	1	1	0	0	356
24468	352	1	0	0	0	353
24469	2	0	0	347	0	349
24470	0	1	0	350	0	351
24471	1	0	0	353	0	354
24472	1	0	0	355	0	356
24473	0	0	342	1	0	343
24474	2	1	335	1	0	339
24475	0	0	2	346	0	348
24476	0	1	343	2	0	346
24477	1	319	1	2	0	323
24478	352	2	1	0	0	355
24479	346	1	0	0	0	347
24480	3	0	0	344	0	347
24481	0	3	1	344	0	348
24482	2	1	0	346	0	349
24483	1	331	0	2	0	334
24484	348	1	2	2	0	353
24485	362	1	0	0	0	363
24486	2	0	304	2	0	308
24487	1	0	1	295	0	297
24488	2	0	290	4	0	296
24489	1	1	2	311	0	315
24490	2	0	0	315	0	317
24491	2	1	0	310	0	313
24492	1	1	1	319	0	322
24493	313	1	0	5	0	319
24494	308	2	0	2	0	312
24495	356	0	1	1	0	358
24496	6	0	1	349	0	356
24497	2	1	342	6	0	351
24498	336	0	4	3	0	343
24499	4	1	2	350	0	357
24500	406	0	0	4	0	410
24501	4	0	1	402	0	407
24502	2	393	1	4	0	400
24503	3	400	0	1	0	404
24504	3	6	0	409	0	418
24505	0	3	0	407	0	410
24506	3	0	1	405	0	409
24507	3	396	0	6	0	405
24508	406	4	0	3	0	413
24509	5	400	3	3	0	411
24510	1	5	392	5	0	403
24511	1	2	4	397	0	404
24512	0	398	3	5	0	406
24513	0	6	1	406	0	413
24514	1	1	0	411	0	413
24515	1	2	396	8	0	407
24516	376	3	5	1	0	385
24517	7	386	1	1	0	395
24518	405	5	1	1	0	412
24519	408	1	1	5	0	415
24520	409	1	1	4	0	415
24521	8	4	365	3	0	380
24522	1	1	4	372	0	378
24523	2	0	4	350	0	356
24524	3	1	299	8	0	311
24525	281	1	5	3	0	290
24526	6	3	305	3	0	317
24527	7	0	242	3	0	252
24528	4	278	4	1	0	287
24529	2	3	3	289	0	297
24530	1	2	284	6	0	293
24531	275	1	3	6	0	285
24532	288	2	3	3	0	296
24533	7	1	287	1	0	296
24534	3	0	5	255	0	263
24535	3	2	299	4	0	308
24536	0	340	5	4	0	349
24537	442	9	1	2	0	454
24538	445	2	2	1	0	450
24539	447	1	1	2	0	451
24540	13	1	2	459	0	475
24541	2	0	2	479	0	483
24542	2	2	458	13	0	475
24543	456	1	12	4	0	473
24544	12	2	3	468	0	485
24545	468	1	3	13	0	485
24546	14	1	466	4	0	485
24547	4	3	471	0	0	478
24548	5	0	12	446	0	463
24549	1	1	2	473	0	477
24550	2	1	459	14	0	476
24551	448	2	12	2	0	464
24552	10	2	2	441	0	455
24553	4	457	1	12	0	474
24554	457	9	5	1	0	472
24555	13	459	4	1	0	477
24556	448	11	4	2	0	465
24557	12	3	442	6	0	463
24558	3	2	435	3	0	443
24559	4	434	15	1	0	454
24560	452	10	2	2	0	466
24561	12	4	441	1	0	458
24562	441	1	10	2	0	454
24563	13	441	2	4	0	460
24564	6	12	2	444	0	464
24565	5	1	9	427	0	442
24566	3	430	6	14	0	453
24567	452	12	3	4	0	471
24568	465	2	3	0	0	470
24569	461	0	4	3	0	468
24570	16	1	446	3	0	466
24571	5	3	13	443	0	464
24572	4	3	4	458	0	469
24573	5	0	2	468	0	475
24574	3	3	437	17	0	460
24575	4	433	14	4	0	455
24576	454	12	5	1	0	472
24577	16	2	440	3	0	461
24578	444	3	13	4	0	464
24579	16	422	6	5	0	449
24580	454	13	5	3	0	475
24581	14	5	3	465	0	487
24582	494	2	5	17	0	518
24583	17	3	4	498	0	522
24584	7	3	498	18	0	526
24585	5	3	16	495	0	519
24586	5	0	485	15	0	505
24587	449	3	12	3	0	467
24588	16	452	1	1	0	470
24589	7	12	0	426	0	445
24590	6	447	2	7	0	462
24591	452	11	5	4	0	472
24592	446	3	5	2	0	456
24593	13	441	1	6	0	461
24594	489	10	3	4	0	506
24595	499	2	3	2	0	506
24596	13	2	2	479	0	496
24597	2	2	2	497	0	503
24598	493	2	0	13	0	508
24599	490	1	3	3	0	497
24600	14	3	1	427	0	445
24601	6	2	0	461	0	469
24602	457	0	1	13	0	471
24603	13	1	448	2	0	464
24604	425	3	11	3	0	442
24605	15	1	434	5	0	455
24606	2	434	14	3	0	453
24607	5	9	3	444	0	461
24608	0	5	450	12	0	467
24609	4	432	10	3	0	449
24610	453	10	2	3	0	468
24611	12	2	465	1	0	480
24612	465	2	9	2	0	478
24613	478	3	2	1	0	484
24614	515	2	1	4	0	522
24615	12	2	1	474	0	489
24616	5	536	1	9	0	551
24617	586	13	4	3	0	606
24618	10	2	573	4	0	589
24619	557	2	11	2	0	572
24620	16	1	581	0	0	598
24621	6	574	11	1	0	592
24622	1	11	3	581	0	596
24623	3	2	0	585	0	590
24624	5	578	1	7	0	591
24625	3	11	2	611	0	627
24626	3	3	642	14	0	662
24627	4	637	11	2	0	654
24628	4	12	3	631	0	650
24629	621	3	1	16	0	641
24630	664	0	2	6	0	672
24631	18	2	1	658	0	679
24632	6	652	3	13	0	674
24633	3	14	2	670	0	689
24634	1	2	4	657	0	664
24635	4	5	534	17	0	560
24636	0	511	12	6	0	529
24637	1	6	1	436	0	444
24638	3	3	401	6	0	413
24639	0	425	6	3	0	434
24640	2	6	1	405	0	414
24641	402	1	1	7	0	411
24642	6	414	0	4	0	424
24643	1	7	0	426	0	434
24644	429	2	0	8	0	439
24645	425	1	1	3	0	430
24646	428	0	2	1	0	431
24647	434	2	1	0	0	437
24648	7	1	0	428	0	436
24649	3	0	415	9	0	427
24650	3	2	5	413	0	423
24651	1	408	1	8	0	418
24652	436	5	3	2	0	446
24653	8	3	431	2	0	444
24654	428	0	6	2	0	436
24655	10	0	430	1	0	441
24656	2	1	7	429	0	439
24657	1	1	429	8	0	439
24658	1	1	5	434	0	441
24659	2	1	428	7	0	438
24660	1	1	6	426	0	434
24661	427	2	1	8	0	438
24662	9	490	0	2	0	501
24663	4	7	1	496	0	508
24664	0	1	1	510	0	512
24665	2	0	495	8	0	505
24666	3	0	481	2	0	486
24667	474	1	6	1	0	482
24668	6	488	2	3	0	499
24669	505	6	0	4	0	515
24670	507	2	2	0	0	511
24671	7	0	2	480	0	489
24672	3	573	0	8	0	584
24673	611	5	2	1	0	619
24674	610	2	1	1	0	614
24675	613	0	1	3	0	617
24676	613	2	3	0	0	618
24677	612	2	1	3	0	618
24678	12	0	587	0	0	599
24679	589	1	8	2	0	600
24680	11	13	613	1	0	638
24681	2	1	4	598	0	605
24682	2	0	0	599	0	601
24683	1	3	575	5	0	584
24684	570	0	3	1	0	574
24685	6	1	0	636	0	643
24686	1	0	1	641	0	643
24687	2	0	0	644	0	646
24688	2	1	1	637	0	641
24689	0	1	1	652	0	654
24690	3	0	679	5	0	687
24691	0	1	6	670	0	677
24692	1	1	684	7	0	693
24693	2	1	649	2	0	654
24694	639	0	5	1	0	645
24695	639	0	0	1	0	640
24696	673	0	0	2	0	675
24697	10	0	660	2	0	672
24698	1	0	661	1	0	663
24699	0	0	707	3	0	710
24700	1	728	13	2	0	744
24701	1	11	8	788	0	808
24702	793	6	2	15	0	816
24703	16	1	1	808	0	826
24704	8	793	2	12	0	815
24705	872	14	2	9	0	897
24706	17	7	2	861	0	887
24707	7	840	1	19	0	867
24708	4	17	1	870	0	892
24709	2	7	1	916	0	926
24710	890	3	2	22	0	917
24711	15	5	1	879	0	900
24712	8	3	834	23	0	868
24713	6	1	15	857	0	879
24714	2	807	9	21	0	839
24715	1	846	3	8	0	858
24716	4	17	2	796	0	819
24717	0	8	0	758	0	766
24718	3	735	1	19	0	758
24719	2	755	2	13	0	772
24720	0	774	3	8	0	785
24721	3	24	0	724	0	751
24722	4	755	1	17	0	777
24723	807	19	2	8	0	836
24724	16	13	827	5	0	861
24725	9	5	12	795	0	821
24726	2	775	6	15	0	798
24727	764	16	2	6	0	788
24728	14	8	748	6	0	776
24729	7	731	15	5	0	758
24730	735	15	7	1	0	758
24731	14	717	2	3	0	736
24732	5	755	3	2	0	765
24733	2	20	0	753	0	775
24734	3	747	3	12	0	765
24735	748	18	2	5	0	773
24736	12	8	0	748	0	768
24737	7	6	742	15	0	770
24738	4	5	740	7	0	756
24739	2	4	18	742	0	766
24740	2	6	762	13	0	783
24741	2	1	16	765	0	784
24742	754	4	8	15	0	781
24743	13	1	736	8	0	758
24744	8	0	16	735	0	759
24745	1	714	12	15	0	742
24746	4	14	3	756	0	777
24747	3	8	3	760	0	774
24748	2	715	6	18	0	741
24749	0	14	4	763	0	781
24750	3	8	0	771	0	782
24751	0	5	736	20	0	761
24752	3	716	14	12	0	745
24753	732	13	6	7	0	758
24754	11	12	4	746	0	773
24755	11	3	762	12	0	788
24756	3	4	12	754	0	773
24757	2	3	791	16	0	812
24758	768	2	16	13	0	799
24759	15	769	11	6	0	801
24760	9	11	7	803	0	830
24761	4	6	4	824	0	838
24762	750	4	3	20	0	777
24763	13	2	5	754	0	774
24764	10	4	724	16	0	754
24765	4	6	12	731	0	753
24766	4	703	7	16	0	730
24767	2	741	2	12	0	757
24768	2	757	3	6	0	768
24769	1	30	1	740	0	772
24770	2	16	717	13	0	748
24771	3	702	12	13	0	730
24772	655	18	9	5	0	687
24773	14	630	3	5	0	652
24774	675	13	7	5	0	700
24775	676	8	5	6	0	695
24776	19	7	654	4	0	684
24777	661	6	11	5	0	683
24778	718	1	12	2	0	733
24779	699	7	2	3	0	711
24780	688	3	3	5	0	699
24781	22	4	648	4	0	678
24782	649	4	11	5	0	669
24783	672	2	7	5	0	686
24784	18	709	5	3	0	735
24785	15	12	2	721	0	750
24786	6	10	1	725	0	742
24787	0	742	7	19	0	768
24788	726	18	2	9	0	755
24789	14	745	4	6	0	769
24790	695	15	6	4	0	720
24791	723	12	2	4	0	741
24792	24	726	1	3	0	754
24793	10	17	4	744	0	775
24794	9	7	724	15	0	755
24795	6	709	11	8	0	734
24796	4	13	8	678	0	703
24797	5	735	4	11	0	755
24798	5	871	2	8	0	886
24799	31	22	1	792	0	846
24800	5	11	771	18	0	805
24801	1	708	16	13	0	738
24802	0	749	9	4	0	762
24803	698	25	5	3	0	731
24804	18	14	1	714	0	747
24805	7	8	0	694	0	709
24806	5	4	1	771	0	781
24807	3	2	747	33	0	785
24808	2	3	21	756	0	782
24809	2	734	8	26	0	770
24810	783	19	7	7	0	816
24811	25	7	2	790	0	824
24812	11	4	763	26	0	804
24813	776	4	24	8	0	812
24814	30	1	9	801	0	841
24815	11	1	797	30	0	839
24816	8	2	812	8	0	830
24817	791	1	37	9	0	838
24818	840	2	10	4	0	856
24819	830	3	7	1	0	841
24820	848	1	2	3	0	854
24821	45	5	775	2	0	827
24822	18	838	27	3	0	886
24823	805	27	9	2	0	843
24824	30	771	6	2	0	809
24825	772	34	3	2	0	811
24826	34	805	1	1	0	841
24827	11	31	2	805	0	849
24828	6	9	3	821	0	839
24829	4	6	1	826	0	837
24830	3	768	2	44	0	817
24831	5	808	4	17	0	834
24832	3	37	2	768	0	810
24833	5	783	3	29	0	820
24834	8	31	763	8	0	810
24835	2	12	30	771	0	815
24836	3	6	769	31	0	809
24837	756	6	34	12	0	808
24838	792	5	12	7	0	816
24839	40	4	762	9	0	815
24840	15	5	767	7	0	794
24841	13	3	36	750	0	802
24842	5	9	754	33	0	801
24843	3	4	38	731	0	776
24844	6	718	12	27	0	763
24845	3	32	8	761	0	804
24846	3	13	5	776	0	797
24847	2	11	6	788	0	807
24848	5	7	742	45	0	799
24849	6	6	32	749	0	793
24850	6	5	13	751	0	775
24851	9	5	8	729	0	751
24852	3	743	7	35	0	788
24853	753	33	4	16	0	806
24854	777	12	4	14	0	807
24855	752	8	5	12	0	777
24856	42	8	6	726	0	782
24857	18	6	668	35	0	727
24858	14	6	668	18	0	706
24859	7	679	35	15	0	736
24860	671	30	16	11	0	728
24861	31	688	13	12	0	744
24862	691	36	10	10	0	747
24863	35	687	6	9	0	737
24864	698	36	5	7	0	746
24865	37	692	6	7	0	742
24866	19	37	5	696	0	757
24867	16	13	668	37	0	734
24868	14	9	683	18	0	724
24869	10	6	38	682	0	736
24870	10	6	21	711	0	748
24871	10	8	15	741	0	774
24872	5	11	691	53	0	760
24873	12	7	31	701	0	751
24874	667	8	13	44	0	732
24875	672	8	9	21	0	710
24876	46	660	5	16	0	727
24877	653	35	6	12	0	706
24878	44	625	5	14	0	688
24879	642	41	11	11	0	705
24880	663	19	8	9	0	699
24881	661	11	4	10	0	686
24882	45	10	612	17	0	684
24883	22	11	625	8	0	666
24884	580	6	44	11	0	641
24885	558	4	19	11	0	592
24886	51	4	15	516	0	586
24887	24	6	10	531	0	571
24888	21	5	9	542	0	577
24889	10	8	11	544	0	573
24890	10	9	6	557	0	582
24891	466	6	7	53	0	532
24892	34	10	6	484	0	534
24893	18	9	435	44	0	506
24894	444	10	31	23	0	508
24895	478	1	14	18	0	511
24896	43	434	11	18	0	506
24897	12	397	8	16	0	433
24898	264	16	3	8	0	291
24899	16	295	2	10	0	323
24900	298	17	3	5	0	323
24901	321	2	2	10	0	335
24902	326	3	3	6	0	338
24903	23	1	3	308	0	335
24904	7	317	3	20	0	347
24905	308	14	4	2	0	328
24906	13	1	3	253	0	270
24907	2	1	0	235	0	238
24908	223	0	3	13	0	239
24909	11	216	1	4	0	232
24910	1	11	1	220	0	233
24911	223	0	1	12	0	236
24912	9	224	1	2	0	236
24913	233	4	0	1	0	238
24914	4	2	222	0	0	228
24915	202	0	3	1	0	206
24916	3	208	0	0	0	211
24917	213	3	0	0	0	216
24918	208	0	0	0	0	208
24919	2	226	2	1	0	231
24920	240	2	0	0	0	242
24921	2	233	0	0	0	235
24922	192	1	0	0	0	193
24923	3	0	0	191	0	194
24924	0	1	0	192	0	193
24925	1	0	0	198	0	199
24926	0	0	164	2	0	166
24927	1	0	2	164	0	167
24928	0	1	164	3	0	168
24929	0	0	2	163	0	165
24930	0	163	0	2	0	165
24931	0	0	1	169	0	170
24932	0	0	163	3	0	166
24933	0	1	163	0	0	164
24934	0	0	2	169	0	171
24935	166	1	0	2	0	169
24936	167	0	0	1	0	168
24937	2	164	1	0	0	167
24938	0	2	1	189	0	192
24939	0	0	187	11	0	198
24940	2	0	10	187	0	199
24941	1	0	187	11	0	199
24942	180	1	10	0	0	191
24943	10	0	0	192	0	202
24944	0	0	191	11	0	202
24945	0	0	9	204	0	213
24946	0	1	0	208	0	209
24947	1	0	199	11	0	211
24948	0	0	11	206	0	217
24949	207	0	1	11	0	219
24950	215	0	0	1	0	216
24951	11	0	0	205	0	216
24952	208	0	1	11	0	220
24953	11	0	210	1	0	222
24954	1	1	206	0	0	208
24955	209	0	10	0	0	219
24956	228	0	0	1	0	229
24957	10	0	0	214	0	224
24958	0	0	1	228	0	229
24959	0	0	228	11	0	239
24960	1	0	9	208	0	218
24961	1	260	0	9	0	270
24962	297	10	0	1	0	308
24963	340	0	0	3	0	343
24964	17	325	1	0	0	343
24965	338	14	0	1	0	353
24966	345	3	0	0	0	348
24967	18	327	1	0	0	346
24968	331	15	0	0	0	346
24969	15	334	0	0	0	349
24970	325	14	0	0	0	339
24971	17	2	316	0	0	335
24972	3	2	13	318	0	336
24973	3	0	2	330	0	335
24974	1	2	0	339	0	342
24975	321	0	1	16	0	338
24976	15	0	0	330	0	345
24977	2	1	320	16	0	339
24978	318	0	13	4	0	335
24979	13	2	4	316	0	335
24980	3	309	1	16	0	329
24981	0	327	4	3	0	334
24982	0	16	0	324	0	340
24983	0	4	1	332	0	337
24984	0	0	0	363	0	363
24985	3	0	334	17	0	354
24986	1	331	16	3	0	351
24987	339	14	3	3	0	359
24988	342	2	0	0	0	344
24989	18	334	1	1	0	354
24990	2	377	1	1	0	381
24991	1	15	0	378	0	394
24992	1	2	371	18	0	392
24993	371	0	12	6	0	389
24994	393	0	3	3	0	399
24995	16	0	2	379	0	397
24996	2	1	0	396	0	399
24997	383	1	3	18	0	405
24998	15	1	401	5	0	422
24999	375	1	11	3	0	390
25000	15	395	4	1	0	415
25001	3	14	1	384	0	402
25002	3	384	2	13	0	402
25003	399	12	0	3	0	414
25004	16	2	0	372	0	390
25005	4	1	1	384	0	390
25006	1	363	3	17	0	384
25007	375	15	3	2	0	395
25008	396	2	2	1	0	401
25009	20	0	366	2	0	388
25010	4	2	319	1	0	326
25011	327	0	14	1	0	342
25012	13	1	330	2	0	346
25013	4	0	315	0	0	319
25014	310	0	12	2	0	324
25015	13	0	402	4	0	419
25016	4	2	19	394	0	419
25017	1	1	8	408	0	418
25018	460	1	3	28	0	492
25019	24	1	457	10	0	492
25020	465	0	24	4	0	493
25021	32	2	8	463	0	505
25022	474	2	6	25	0	507
25023	492	1	4	7	0	504
25024	507	0	1	4	0	512
25025	38	2	2	470	0	512
25026	532	2	0	29	0	563
25027	35	3	0	525	0	563
25028	16	2	1	539	0	558
25029	12	1	2	551	0	566
25030	6	2	2	559	0	569
25031	520	1	3	43	0	567
25032	543	3	1	20	0	567
25033	39	1	531	11	0	582
25034	556	1	29	6	0	592
25035	582	1	11	5	0	599
25036	42	1	6	536	0	585
25037	16	539	4	33	0	592
25038	546	15	3	7	0	571
25039	27	7	0	535	0	569
25040	537	4	2	25	0	568
25041	26	528	2	13	0	569
25042	546	19	1	7	0	573
25043	25	8	1	505	0	539
25044	13	518	1	19	0	551
25045	566	23	0	12	0	601
25046	21	545	2	10	0	578
25047	11	560	2	9	0	582
25048	574	27	3	5	0	609
25049	22	15	548	6	0	591
25050	576	9	18	5	0	608
25051	28	8	7	566	0	609
25052	18	4	558	19	0	599
25053	12	4	21	537	0	574
25054	11	3	9	577	0	600
25055	6	1	543	36	0	586
25056	542	2	20	14	0	578
25057	25	3	12	563	0	603
25058	17	0	4	575	0	596
25059	7	3	4	569	0	583
25060	584	3	2	32	0	621
25061	23	2	534	23	0	582
25062	11	3	510	15	0	539
25063	5	4	18	471	0	498
25064	11	0	462	18	0	491
25065	464	1	22	9	0	496
25066	17	454	14	8	0	493
25067	476	13	7	7	0	503
25068	23	7	6	452	0	488
25069	15	462	2	20	0	499
25070	11	18	2	468	0	499
25071	13	468	7	17	0	505
25072	11	16	1	484	0	512
25073	7	8	456	29	0	500
25074	6	12	448	16	0	482
25075	10	459	17	14	0	500
25076	488	15	10	11	0	524
25077	18	9	12	462	0	501
25078	13	6	7	486	0	512
25079	491	7	3	24	0	525
25080	489	5	4	15	0	513
25081	29	2	3	484	0	518
25082	17	5	461	26	0	509
25083	18	460	18	12	0	508
25084	16	15	7	468	0	506
25085	8	10	8	451	0	477
25086	8	473	5	28	0	514
25087	482	22	3	19	0	526
25088	20	10	477	14	0	521
25089	14	7	19	475	0	515
25090	15	5	9	461	0	490
25091	8	9	439	31	0	487
25092	12	2	20	452	0	486
25093	447	4	9	32	0	492
25094	456	6	6	17	0	485
25095	457	2	7	10	0	476
25096	28	434	5	13	0	480
25097	471	17	5	8	0	501
25098	33	8	3	412	0	456
25099	14	13	4	439	0	470
25100	12	495	6	25	0	538
25101	522	23	3	16	0	564
25102	586	14	4	13	0	617
25103	594	10	3	13	0	620
25104	593	8	5	11	0	617
25105	601	9	2	11	0	623
25106	43	1	551	11	0	606
25107	583	3	28	4	0	618
25108	586	3	10	8	0	607
25109	590	2	11	8	0	611
25110	42	0	7	564	0	613
25111	20	2	7	596	0	625
25112	23	3	544	33	0	603
25113	495	4	24	20	0	543
25114	29	538	12	19	0	598
25115	4	455	6	14	0	479
25116	5	16	451	6	0	478
25117	11	463	16	3	0	493
25118	6	429	3	1	0	439
25119	2	13	2	332	0	349
25120	1	377	0	10	0	388
25121	384	13	0	1	0	398
25122	383	3	0	3	0	389
25123	10	2	2	382	0	396
25124	3	1	375	10	0	389
25125	373	2	8	1	0	384
25126	13	0	331	2	0	346
25127	3	0	335	3	0	341
25128	2	1	10	306	0	319
25129	2	7	5	325	0	339
25130	3	0	319	16	0	338
25131	0	321	12	3	0	336
25132	0	337	3	3	0	343
25133	307	9	3	1	0	320
25134	311	4	0	1	0	316
25135	9	2	299	0	0	310
25136	298	1	8	1	0	308
25137	360	2	1	0	0	363
25138	11	0	1	348	0	360
25139	5	0	0	356	0	361
25140	2	0	0	362	0	364
25141	349	0	1	10	0	360
25142	361	0	0	4	0	365
25143	361	0	1	2	0	364
25144	10	0	1	356	0	367
25145	2	1	291	9	0	303
25146	302	0	8	3	0	313
25147	307	0	3	2	0	312
25148	13	1	3	289	0	306
25149	6	299	0	8	0	313
25150	6	8	2	291	0	307
25151	5	299	3	10	0	317
25152	4	10	1	287	0	302
25153	5	294	0	12	0	311
25154	302	10	1	2	0	315
25155	8	1	1	293	0	303
25156	2	293	2	12	0	309
25157	3	9	282	4	0	298
25158	289	4	8	2	0	303
25159	10	4	1	289	0	304
25160	3	262	4	9	0	278
25161	3	10	3	248	0	264
25162	2	256	2	6	0	266
25163	3	272	0	2	0	277
25164	259	10	1	4	0	274
25165	271	5	1	2	0	279
25166	13	4	258	1	0	276
25167	270	2	7	2	0	281
25168	263	2	2	3	0	270
25169	10	258	5	2	0	275
25170	7	10	2	257	0	276
25171	3	1	3	270	0	277
25172	1	2	260	12	0	275
25173	1	3	253	3	0	260
25174	257	2	10	4	0	273
25175	269	1	6	1	0	277
25176	257	4	3	2	0	266
25177	12	3	245	1	0	261
25178	7	1	8	252	0	268
25179	255	1	3	8	0	267
25180	9	2	4	252	0	267
25181	6	1	248	11	0	266
25182	250	0	9	3	0	262
25183	10	0	247	6	0	263
25184	3	228	10	3	0	244
25185	236	6	2	3	0	247
25186	9	2	231	2	0	244
25187	5	2	7	231	0	245
25188	233	0	2	9	0	244
25189	7	2	3	231	0	243
25190	289	1	3	9	0	302
25191	13	1	1	289	0	304
25192	291	0	0	10	0	301
25193	294	2	1	4	0	301
25194	287	1	2	4	0	294
25195	291	1	0	3	0	295
25196	11	2	13	344	0	370
25197	3	1	364	11	0	379
25198	3	4	358	3	0	368
25199	2	305	1	2	0	310
25200	0	264	0	1	0	265
25201	203	1	1	51	0	256
25202	0	0	0	200	0	200
25203	0	0	199	0	0	199
25204	0	0	214	0	0	214
25205	0	0	0	214	0	214
25206	231	0	0	0	0	231
25207	0	213	1	0	0	214
25208	231	0	0	0	0	231
25209	0	0	0	224	0	224
25210	0	0	0	224	0	224
25211	0	0	0	222	0	222
25212	0	0	223	0	0	223
25213	0	1	209	1	0	211
25214	0	196	1	0	0	197
25215	0	0	0	223	0	223
25216	229	0	0	0	0	229
25217	0	0	216	0	0	216
25218	0	1	256	0	0	257
25219	0	0	0	257	0	257
25220	0	0	0	278	0	278
25221	0	0	0	280	0	280
25222	0	1	0	339	0	340
25223	346	0	0	3	0	349
25224	3	0	0	340	0	343
25225	338	0	0	3	0	341
25226	3	0	335	1	0	339
25227	1	324	3	0	0	328
25228	0	3	1	340	0	344
25229	1	1	332	4	0	338
25230	2	1	316	1	0	320
25231	1	316	6	1	0	324
25232	1	3	2	335	0	341
25233	0	1	1	342	0	344
25234	0	0	335	5	0	340
25235	311	0	4	1	0	316
25236	3	0	3	333	0	339
25237	1	1	1	292	0	295
25238	0	1	281	5	0	287
25239	0	274	3	3	0	280
25240	0	283	2	2	0	287
25241	288	4	1	0	0	293
25242	4	1	0	289	0	294
25243	292	0	0	4	0	296
25244	3	0	283	1	0	287
25245	1	1	4	285	0	291
25246	292	1	1	3	0	297
25247	291	1	0	2	0	294
25248	5	0	0	281	0	286
25249	3	0	290	4	0	297
25250	1	0	281	2	0	284
25251	1	0	5	279	0	285
25252	1	0	278	5	0	284
25253	273	1	3	2	0	279
25254	5	257	1	3	0	266
25255	286	3	2	3	0	294
25256	284	1	3	0	0	288
25257	4	2	2	277	0	285
25258	1	1	1	285	0	288
25259	286	0	2	7	0	295
25260	4	1	4	278	0	287
25261	3	2	279	3	0	287
25262	1	301	3	3	0	308
25263	1	2	1	320	0	324
25264	0	1	1	316	0	318
25265	3	0	2	316	0	321
25266	3	1	309	7	0	320
25267	3	289	6	9	0	307
25268	0	3	3	319	0	325
25269	2	3	379	4	0	388
25270	0	3	4	375	0	382
25271	392	3	3	6	0	404
25272	5	0	2	391	0	398
25273	5	2	388	6	0	401
25274	363	0	4	4	0	371
25275	3	370	5	4	0	382
25276	2	383	3	6	0	394
25277	393	3	2	3	0	401
25278	5	2	441	3	0	451
25279	4	1	4	420	0	429
25280	1	1	4	448	0	454
25281	2	2	441	8	0	453
25282	1	423	7	4	0	435
25283	4	5	2	435	0	446
25284	2	3	448	6	0	459
25285	4	2	4	435	0	445
25286	451	0	4	8	0	463
25287	6	2	478	3	0	489
25288	2	3	4	476	0	485
25289	4	1	1	483	0	489
25290	3	0	431	10	0	444
25291	3	0	6	414	0	423
25292	1	405	8	6	0	420
25293	1	6	2	431	0	440
25294	2	420	4	7	0	433
25295	435	3	1	6	0	445
25296	358	2	3	6	0	369
25297	7	0	339	0	0	346
25298	2	5	343	2	0	352
25299	1	1	324	6	0	332
25300	1	323	7	3	0	334
25301	3	4	1	345	0	353
25302	4	4	364	8	0	380
25303	6	0	5	341	0	352
25304	3	1	5	389	0	398
25305	2	1	387	8	0	398
25306	0	4	5	388	0	397
25307	3	1	2	384	0	390
25308	2	394	3	9	0	408
25309	0	3	4	409	0	416
25310	0	1	2	414	0	417
25311	0	1	404	11	0	416
25312	1	1	7	402	0	411
25313	1	2	412	8	0	423
25314	0	1	386	7	0	394
25315	392	3	7	3	0	405
25316	6	0	2	393	0	401
25317	3	394	6	6	0	409
25318	0	357	3	5	0	365
25319	2	5	1	362	0	370
25320	0	4	351	7	0	362
25321	3	341	10	3	0	357
25322	0	1	0	275	0	276
25323	0	0	352	1	0	353
25324	0	395	1	0	0	396
25325	420	3	0	0	0	423
25326	419	0	0	0	0	419
25327	408	0	0	0	0	408
25328	3	1	0	411	0	415
25329	0	0	0	417	0	417
25330	0	0	0	423	0	423
25331	0	1	407	3	0	411
25332	382	0	2	0	0	384
25333	2	0	0	411	0	413
25334	0	0	411	3	0	414
25335	402	0	3	0	0	405
25336	416	0	0	0	0	416
25337	4	2	471	0	0	477
25338	481	1	1	0	0	483
25339	3	525	1	0	0	529
25340	0	3	535	0	0	538
25341	521	0	3	1	0	525
25342	3	537	0	0	0	540
25343	0	3	0	544	0	547
25344	0	542	0	3	0	545
25345	0	3	0	571	0	574
25346	0	1	555	4	0	560
25347	493	1	6	2	0	502
25348	5	0	557	0	0	562
25349	1	535	5	0	0	541
25350	0	562	2	0	0	564
25351	568	5	0	0	0	573
25352	4	1	560	0	0	565
25353	1	0	4	545	0	550
25354	0	1	610	4	0	615
25355	0	648	6	2	0	656
25356	0	4	2	654	0	660
25357	0	660	0	2	0	662
25358	681	4	0	1	0	686
25359	680	1	0	0	0	681
25360	672	0	0	0	0	672
25361	5	0	668	0	0	673
25362	1	0	611	0	0	612
25363	600	1	5	0	0	606
25364	5	0	644	0	0	649
25365	2	0	4	618	0	624
25366	0	618	1	4	0	623
25367	792	4	0	3	0	799
25368	847	1	0	1	0	849
25369	784	0	1	1	0	786
25370	7	0	1	770	0	778
25371	3	1	0	787	0	791
25372	793	0	0	8	0	801
25373	6	774	1	3	0	784
25374	790	6	1	1	0	798
25375	9	1	0	771	0	781
25376	1	1	2	790	0	794
25377	797	0	1	8	0	806
25378	9	722	1	2	0	734
25379	733	8	1	2	0	744
25380	9	730	0	1	0	740
25381	737	9	0	2	0	748
25382	9	1	1	755	0	766
25383	753	3	1	9	0	766
25384	740	2	1	2	0	745
25385	834	1	0	4	0	839
25386	17	899	3	1	0	920
25387	6	22	865	1	0	894
25388	841	5	18	2	0	866
25389	888	1	4	1	0	894
25390	25	863	5	0	0	893
25391	9	18	2	898	0	927
25392	1	5	2	916	0	924
25393	893	2	4	24	0	923
25394	23	2	2	891	0	918
25395	8	2	889	22	0	921
25396	3	5	897	6	0	911
25397	898	1	23	5	0	927
25398	25	2	4	1005	0	1036
25399	9	2	3	1009	0	1023
25400	3	1	2	1024	0	1030
25401	3	1	1020	28	0	1052
25402	6	1	23	980	0	1010
25403	4	3	7	1024	0	1038
25404	3	2	3	1000	0	1008
25405	975	3	4	30	0	1012
25406	26	2	2	977	0	1007
25407	9	1	985	25	0	1020
25408	1016	4	22	10	0	1052
25409	31	5	1051	9	0	1096
25410	1007	3	35	5	0	1050
25411	893	2	12	2	0	909
25412	40	4	5	1052	0	1101
25413	10	1048	5	36	0	1099
25414	9	33	1	1061	0	1104
25415	7	7	2	1074	0	1090
25416	8	1121	8	34	0	1171
25417	1135	31	3	14	0	1183
25418	35	1119	7	5	0	1166
25419	1151	32	7	5	0	1195
25420	1166	6	5	4	0	1181
25421	34	3	7	1137	0	1181
25422	13	4	3	1160	0	1180
25423	11	3	1052	41	0	1107
25424	5	3	985	12	0	1005
25425	950	3	32	11	0	996
25426	1026	2	7	7	0	1042
25427	35	989	3	10	0	1037
25428	12	31	3	1021	0	1067
25429	7	3	1121	42	0	1173
25430	2	2	34	1236	0	1274
25431	1266	1	5	35	0	1307
25432	1257	1	8	9	0	1275
25433	38	1227	2	5	0	1272
25434	12	28	5	1245	0	1290
25435	9	5	3	1256	0	1273
25436	7	7	2	1253	0	1269
25437	7	5	1114	41	0	1167
25438	960	4	30	13	0	1007
25439	1113	9	7	9	0	1138
25440	50	4	1064	6	0	1124
25441	12	1065	28	7	0	1112
25442	1106	31	3	7	0	1147
25443	1110	9	2	5	0	1126
25444	40	3	1080	10	0	1133
25445	10	5	1303	7	0	1325
25446	7	0	33	1275	0	1315
25447	3	3	1313	30	0	1349
25448	1270	4	26	6	0	1306
25449	1341	1	7	4	0	1353
25450	1340	7	8	2	0	1357
25451	36	1	4	1273	0	1314
25452	9	1286	8	25	0	1328
25453	1330	27	4	12	0	1373
25454	1287	5	4	4	0	1300
25455	38	1	1193	6	0	1238
25456	7	7	1174	5	0	1193
25457	1064	1	28	7	0	1100
25458	32	4	5	1228	0	1269
25459	10	4	1283	36	0	1333
25460	5	1250	31	8	0	1294
25461	8	26	8	1299	0	1341
25462	1292	7	8	33	0	1340
25463	35	1248	8	9	0	1300
25464	11	31	2	1262	0	1306
25465	10	1251	9	26	0	1296
25466	7	1277	4	7	0	1295
25467	6	32	72	1090	0	1200
25468	4	3	7	1113	0	1127
25469	5	1060	3	30	0	1098
25470	1080	28	7	7	0	1122
25471	35	5	1081	3	0	1124
25472	980	7	24	1	0	1012
25473	32	3	5	1084	0	1124
25474	8	1	3	1105	0	1117
25475	5	8	1	1112	0	1126
25476	8	2	1	1102	0	1113
25477	9	3	1093	30	0	1135
25478	5	2	29	1059	0	1095
25479	6	1	8	1089	0	1104
25480	7	1165	4	29	0	1205
25481	5	31	1146	9	0	1191
25482	2	1205	27	7	0	1241
25483	3	29	1192	5	0	1229
25484	4	1239	29	8	0	1280
25485	6	95	5	1110	0	1216
25486	1088	3	1	23	0	1115
25487	22	1139	0	7	0	1168
25488	4	22	3	1156	0	1185
25489	2	10	1128	29	0	1169
25490	1	1256	23	8	0	1288
25491	1256	23	10	3	0	1292
25492	1236	8	1	3	0	1248
25493	27	1220	3	1	0	1251
25494	11	22	1222	2	0	1257
25495	1127	10	19	3	0	1159
25496	21	2	9	1335	0	1367
25497	1323	3	2	26	0	1354
25498	27	1207	2	9	0	1245
25499	11	1341	1	7	0	1360
25500	9	38	1386	4	0	1437
25501	1287	13	24	2	0	1326
25502	27	5	8	1460	0	1500
25503	1489	3	5	28	0	1525
25504	29	1543	3	10	0	1585
25505	1569	27	2	7	0	1605
25506	1581	12	3	1	0	1597
25507	36	6	1514	5	0	1561
25508	15	1407	17	5	0	1444
25509	4	1461	10	6	0	1481
25510	6	24	4	1430	0	1464
25511	6	1432	2	16	0	1456
25512	1453	26	0	7	0	1486
25513	15	1451	3	6	0	1475
25514	12	21	4	1454	0	1491
25515	8	1434	2	17	0	1461
25516	8	1376	2	11	0	1397
25517	5	1392	1	5	0	1403
25518	5	29	1	1376	0	1411
25519	7	13	2	1379	0	1401
25520	9	6	1	1379	0	1395
25521	3	1341	5	28	0	1377
25522	6	18	1318	12	0	1354
25523	2	15	1319	6	0	1342
25524	1268	10	20	3	0	1301
25525	20	5	11	1329	0	1365
25526	10	6	1362	15	0	1393
25527	7	8	1335	10	0	1360
25528	1	1329	23	8	0	1361
25529	1	21	11	1246	0	1279
25530	2	20	4	1171	0	1197
25531	1171	11	0	27	0	1209
25532	16	6	0	1174	0	1196
25533	7	4	2	1190	0	1203
25534	5	5	1172	29	0	1211
25535	3	4	16	1138	0	1161
25536	2	4	12	1181	0	1199
25537	4	3	1172	24	0	1203
25538	5	3	1141	15	0	1164
25539	3	1103	29	11	0	1146
25540	3	17	1234	4	0	1258
25541	3	8	26	1178	0	1215
25542	2	7	15	1075	0	1099
25543	5	4	1226	29	0	1264
25544	3	1188	14	20	0	1225
25545	993	17	9	10	0	1029
25546	17	1054	6	10	0	1087
25547	9	23	3	1054	0	1089
25548	4	11	5	1074	0	1094
25549	2	1046	7	33	0	1088
25550	4	20	4	1083	0	1111
25551	2	8	10	1086	0	1106
25552	6	10	1045	28	0	1089
25553	1	1027	22	16	0	1066
25554	5	19	13	1066	0	1103
25555	1	14	1050	22	0	1087
25556	2	7	20	1030	0	1059
25557	1	7	16	1039	0	1063
25558	5	8	3	1054	0	1070
25559	5	7	3	997	0	1012
25560	1	11	2	989	0	1003
25561	2	971	2	34	0	1009
25562	978	16	5	18	0	1017
25563	22	14	1002	11	0	1049
25564	869	8	16	16	0	909
25565	23	6	1008	9	0	1046
25566	7	984	24	8	0	1023
25567	5	20	999	8	0	1032
25568	3	1045	22	11	0	1081
25569	3	18	13	1011	0	1045
25570	3	13	7	1011	0	1034
25571	3	1013	4	26	0	1046
25572	2	1126	2	22	0	1152
25573	1120	27	3	15	0	1165
25574	1179	17	4	11	0	1211
25575	1176	12	3	9	0	1200
25576	1177	7	4	7	0	1195
25577	39	5	5	1163	0	1212
25578	21	1165	5	21	0	1212
25579	1181	26	5	11	0	1223
25580	21	12	4	1067	0	1104
25581	1054	8	6	23	0	1091
25582	970	8	8	11	0	997
25583	27	1013	3	11	0	1054
25584	12	970	2	7	0	991
25585	6	1114	2	2	0	1124
25586	5	75	3	1037	0	1120
25587	5	1039	1	8	0	1053
25588	1060	14	2	1	0	1077
25589	1038	4	2	2	0	1046
25590	939	4	0	5	0	948
25591	940	4	1	6	0	951
25592	999	2	1	1	0	1003
25593	22	1	1101	2	0	1126
25594	1134	0	13	5	0	1152
25595	25	3	1132	1	0	1161
25596	1121	1	13	0	0	1135
25597	12	1	4	1111	0	1128
25598	4	2	1138	8	0	1152
25599	5	1	1150	2	0	1158
25600	2	1227	13	4	0	1246
25601	1413	23	5	2	0	1443
25602	1430	3	4	0	0	1437
25603	41	1593	4	0	0	1638
25604	13	49	0	1663	0	1725
25605	1743	8	0	51	0	1802
25606	62	18	1696	14	0	1790
25607	13	1785	54	14	0	1866
25608	1775	60	11	5	0	1851
25609	64	1784	15	3	0	1866
25610	21	75	5	1688	0	1789
25611	14	1809	5	49	0	1877
25612	10	79	3	1720	0	1812
25613	10	1729	1	67	0	1807
25614	4	1841	4	18	0	1867
25615	1768	78	3	19	0	1868
25616	1861	31	2	8	0	1902
25617	76	25	1878	4	0	1983
25618	29	15	1863	7	0	1914
25619	28	13	1910	5	0	1956
25620	12	10	84	1857	0	1963
25621	10	10	1899	63	0	1982
25622	8	11	78	1855	0	1952
25623	8	11	22	1900	0	1941
25624	8	1842	19	76	0	1945
25625	1861	70	10	34	0	1975
25626	67	1906	8	24	0	2005
25627	19	76	11	1926	0	2032
25628	22	24	10	1975	0	2031
25629	14	24	14	1993	0	2045
25630	15	21	1887	92	0	2015
25631	14	10	63	1923	0	2010
25632	10	13	25	1967	0	2015
25633	11	8	23	2013	0	2055
25634	14	18	1877	97	0	2006
25635	8	1923	65	48	0	2044
25636	1936	77	18	35	0	2066
25637	1904	29	16	30	0	1979
25638	75	2007	10	20	0	2112
25639	34	78	11	2000	0	2123
25640	32	27	11	2026	0	2096
25641	18	29	1908	89	0	2044
25642	10	1899	70	44	0	2023
25643	10	66	24	1985	0	2085
25644	12	27	1950	84	0	2073
25645	10	20	78	1914	0	2022
25646	10	24	21	1962	0	2017
25647	16	16	1920	96	0	2048
25648	16	15	70	1944	0	2045
25649	11	17	29	2003	0	2060
25650	14	15	1935	99	0	2063
25651	15	11	76	1961	0	2063
25652	10	14	28	1974	0	2026
25653	5	13	29	2042	0	2089
25654	9	7	1897	119	0	2032
25655	4	6	74	1996	0	2080
25656	1970	10	30	112	0	2122
25657	1987	10	31	48	0	2076
25658	77	1959	22	40	0	2098
25659	2029	68	10	32	0	2139
25660	91	19	2044	32	0	2186
25661	28	27	67	2044	0	2166
25662	29	13	23	2064	0	2129
25663	18	10	27	2116	0	2171
25664	1992	6	19	112	0	2129
25665	62	2007	17	56	0	2142
25666	23	67	10	2006	0	2106
25667	26	2006	14	88	0	2134
25668	1978	82	13	37	0	2110
25669	72	1989	14	38	0	2113
25670	1958	83	10	36	0	2087
25671	80	1939	13	28	0	2060
25672	24	1977	9	28	0	2038
25673	24	86	9	1939	0	2058
25674	16	27	12	1945	0	2000
25675	14	30	12	1938	0	1994
25676	10	13	13	1975	0	2011
25677	6	18	1831	105	0	1960
25678	13	1812	54	59	0	1938
25679	17	69	22	1817	0	1925
25680	13	1832	26	75	0	1946
25681	15	89	1804	33	0	1941
25682	14	27	66	1808	0	1915
25683	10	24	23	1961	0	2018
25684	12	16	1843	97	0	1968
25685	11	1713	67	57	0	1848
25686	9	68	22	1765	0	1864
25687	14	20	1746	85	0	1865
25688	4	1751	65	44	0	1864
25689	13	67	21	1796	0	1897
25690	10	26	1743	84	0	1863
25691	11	27	1743	41	0	1822
25692	11	1689	80	37	0	1817
25693	6	1662	36	25	0	1729
25694	11	79	16	1683	0	1789
25695	11	34	18	1904	0	1967
25696	6	30	1720	94	0	1850
25697	1677	17	66	48	0	1808
25698	1765	13	22	43	0	1843
25699	77	17	1573	26	0	1693
25700	28	1382	61	23	0	1494
25701	14	1283	16	13	0	1326
25702	4	1207	19	8	0	1238
25703	3	1017	5	9	0	1034
25704	1	29	32	1067	0	1129
25705	2	2	1	1265	0	1270
25706	0	3	1	1243	0	1247
25707	0	1	0	1239	0	1240
25708	0	1189	0	65	0	1254
25709	0	40	0	1224	0	1264
25710	0	1193	2	54	0	1249
25711	1	49	1	1241	0	1292
25712	1240	19	0	54	0	1313
25713	42	12	1	1254	0	1309
25714	14	1200	1	52	0	1267
25715	11	40	1	1261	0	1313
25716	5	13	0	1280	0	1298
25717	1	9	0	1311	0	1321
25718	1226	4	3	86	0	1319
25719	49	4	0	1285	0	1338
25720	17	9	1168	78	0	1272
25721	11	1361	43	32	0	1447
25722	5	61	15	1465	0	1546
25723	7	20	9	1512	0	1548
25724	4	20	2	1533	0	1559
25725	1494	13	2	104	0	1613
25726	71	14	1355	55	0	1495
25727	20	8	62	1407	0	1497
25728	16	1418	18	88	0	1540
25729	11	65	11	1476	0	1563
25730	1367	26	5	105	0	1503
25731	58	1433	4	48	0	1543
25732	24	77	4	1450	0	1555
25733	14	31	3	1505	0	1553
25734	10	1360	4	111	0	1485
25735	7	73	1	1446	0	1527
25736	8	22	2	1503	0	1535
25737	11	29	1291	113	0	1444
25738	2	1292	65	71	0	1430
25739	1335	73	23	46	0	1477
25740	71	26	1315	45	0	1457
25741	1334	23	67	39	0	1463
25742	92	15	1325	39	0	1471
25743	32	15	79	1360	0	1486
25744	1334	9	29	100	0	1472
25745	76	20	19	1382	0	1497
25746	1348	13	7	126	0	1494
25747	1362	13	6	68	0	1449
25748	1348	18	9	49	0	1424
25749	108	1256	17	44	0	1425
25750	49	85	7	1299	0	1440
25751	29	41	10	1388	0	1468
25752	20	32	5	1409	0	1466
25753	25	17	1248	140	0	1430
25754	19	12	78	1373	0	1482
25755	1318	15	26	130	0	1489
25756	1338	18	31	60	0	1447
25757	100	19	1233	60	0	1412
25758	1308	19	74	41	0	1442
25759	1359	17	34	37	0	1447
25760	114	20	28	1221	0	1383
25761	1239	18	13	105	0	1375
25762	1283	20	14	62	0	1379
25763	121	19	12	1246	0	1398
25764	1232	12	21	111	0	1376
25765	1272	15	14	71	0	1372
25766	119	17	14	1241	0	1391
25767	65	22	1079	112	0	1278
25768	1218	14	74	58	0	1364
25769	105	18	1183	47	0	1353
25770	62	11	1198	47	0	1318
25771	48	1166	101	36	0	1351
25772	41	77	41	1189	0	1348
25773	41	29	30	1263	0	1363
25774	32	20	18	1308	0	1378
25775	52	13	1162	127	0	1354
25776	42	15	1179	64	0	1300
25777	47	1168	87	57	0	1359
25778	55	73	41	1144	0	1313
25779	46	25	33	1226	0	1330
25780	44	20	23	1292	0	1379
25781	42	10	1178	135	0	1365
25782	45	1172	80	78	0	1375
25783	40	69	38	1193	0	1340
25784	46	27	1175	103	0	1351
25785	46	20	1201	57	0	1324
25786	1203	15	102	50	0	1370
25787	1246	11	56	37	0	1350
25788	1269	11	41	42	0	1363
25789	129	9	32	1116	0	1286
25790	67	10	1144	102	0	1323
25791	52	1134	84	64	0	1334
25792	41	1179	39	55	0	1314
25793	34	88	1125	47	0	1294
25794	33	81	80	992	0	1186
25795	28	24	39	910	0	1001
25796	31	859	32	96	0	1018
25797	31	956	26	62	0	1075
25798	937	70	35	42	0	1084
25799	1006	35	28	30	0	1099
25800	1020	28	23	30	0	1101
25801	1018	15	20	43	0	1096
25802	1003	15	15	39	0	1072
25803	102	868	25	34	0	1029
25804	46	664	26	21	0	757
25805	21	538	10	20	0	589
25806	480	28	5	17	0	530
25807	50	10	11	465	0	536
25808	12	10	14	486	0	522
25809	458	9	14	36	0	517
25810	31	454	9	20	0	514
25811	16	28	8	476	0	528
25812	7	10	17	463	0	497
25813	7	8	15	472	0	502
25814	442	8	8	44	0	502
25815	33	11	10	449	0	503
25816	15	10	407	35	0	467
25817	369	4	28	16	0	417
25818	34	5	11	368	0	418
25819	18	9	357	29	0	413
25820	16	352	27	14	0	409
25821	4	200	6	8	0	218
25822	151	10	1	0	0	162
25823	180	2	0	1	0	183
25824	10	170	2	2	0	184
25825	0	1	0	126	0	127
25826	125	0	0	1	0	126
25827	1	0	0	161	0	162
25828	0	0	0	184	0	184
25829	0	0	0	190	0	190
25830	0	0	0	185	0	185
25831	0	173	0	8	0	181
25832	0	4	0	188	0	192
25833	0	2	0	191	0	193
25834	0	1	0	192	0	193
25835	0	0	174	10	0	184
25836	0	169	4	4	0	177
25837	0	4	2	188	0	194
25838	0	2	173	10	0	185
25839	0	1	172	6	0	179
25840	0	180	7	2	0	189
25841	181	8	2	2	0	193
25842	4	2	2	204	0	212
25843	194	1	3	7	0	205
25844	6	198	3	5	0	212
25845	5	9	1	200	0	215
25846	199	5	0	7	0	211
25847	198	1	1	8	0	208
25848	11	1	1	197	0	210
25849	2	4	1	208	0	215
25850	2	1	196	12	0	211
25851	5	1	4	201	0	211
25852	3	2	2	206	0	213
25853	198	1	2	12	0	213
25854	5	180	1	9	0	195
25855	4	5	175	5	0	189
25856	182	3	4	6	0	195
25857	7	175	3	6	0	191
25858	7	7	0	184	0	198
25859	177	4	2	8	0	191
25860	6	1	3	189	0	199
25861	6	2	0	190	0	198
25862	4	3	177	11	0	195
25863	2	2	4	191	0	199
25864	185	1	2	10	0	198
25865	6	1	4	191	0	202
25866	175	0	1	13	0	189
25867	7	167	1	10	0	185
25868	8	182	0	8	0	198
25869	6	9	0	186	0	201
25870	3	5	1	193	0	202
25871	180	4	2	10	0	196
25872	5	181	2	10	0	198
25873	187	7	1	5	0	200
25874	195	4	0	7	0	206
25875	10	2	1	190	0	203
25876	192	3	0	9	0	204
25877	9	5	180	4	0	198
25878	7	3	6	190	0	206
25879	4	0	181	13	0	198
25880	4	2	4	194	0	204
25881	170	3	4	9	0	186
25882	181	3	5	9	0	198
25883	12	178	2	8	0	200
25884	4	7	3	184	0	198
25885	4	3	1	191	0	199
25886	8	176	1	13	0	198
25887	7	8	1	184	0	200
25888	1	7	2	186	0	196
25889	2	175	6	16	0	199
25890	157	8	2	14	0	181
25891	164	9	1	6	0	180
25892	10	0	1	165	0	176
25893	5	4	0	172	0	181
25894	5	7	152	13	0	177
25895	6	5	5	158	0	174
25896	6	150	4	11	0	171
25897	160	9	2	10	0	181
25898	9	5	2	161	0	177
25899	6	4	4	155	0	169
25900	146	1	4	13	0	164
25901	10	144	2	9	0	165
25902	6	7	2	149	0	164
25903	3	3	2	151	0	159
25904	4	141	2	15	0	162
25905	144	10	0	10	0	164
25906	10	10	137	4	0	161
25907	7	4	140	9	0	160
25908	6	2	9	145	0	162
25909	5	2	139	11	0	157
25910	142	4	8	8	0	162
25911	8	2	8	147	0	165
25912	6	1	179	13	0	199
25913	3	4	177	11	0	195
25914	5	175	9	8	0	197
25915	180	7	5	3	0	195
25916	7	186	5	7	0	205
25917	161	8	7	2	0	178
25918	157	6	3	6	0	172
25919	10	158	3	4	0	175
25920	164	7	0	6	0	177
25921	163	5	3	4	0	175
25922	11	2	153	6	0	172
25923	7	8	4	131	0	150
25924	8	126	5	8	0	147
25925	8	128	1	8	0	145
25926	7	42	2	102	0	153
25927	99	1	0	6	0	106
25928	3	0	0	78	0	81
25929	1	0	1	79	0	81
25930	0	0	0	80	0	80
25931	0	74	0	4	0	78
25932	0	2	1	79	0	82
25933	1	1	98	2	0	102
25934	95	0	0	2	0	97
25935	100	0	1	0	0	101
25936	2	95	0	0	0	97
25937	98	3	0	0	0	101
25938	3	1	0	96	0	100
25939	1	1	94	2	0	98
25940	96	0	1	1	0	98
25941	3	98	1	0	0	102
25942	0	1	0	80	0	81
25943	82	0	0	1	0	83
25944	1	79	0	0	0	80
25945	0	82	0	0	0	82
25946	82	1	0	0	0	83
25947	1	0	79	0	0	80
25948	80	0	1	0	0	81
25949	1	0	0	80	0	81
25950	0	0	0	83	0	83
25951	0	0	82	1	0	83
25952	0	0	79	0	0	79
25953	0	0	0	82	0	82
25954	0	0	81	1	0	82
25955	1	0	88	0	0	89
25956	1	0	1	86	0	88
25957	0	1	1	92	0	94
25958	95	0	0	1	0	96
25959	2	1	0	93	0	96
25960	92	0	1	1	0	94
25961	3	92	0	0	0	95
25962	0	2	0	92	0	94
25963	0	0	93	2	0	95
25964	89	0	1	0	0	90
25965	94	2	0	0	0	96
25966	94	1	0	1	0	96
25967	96	0	0	0	0	96
25968	93	1	0	0	0	94
25969	2	1	0	94	0	97
25970	1	0	93	2	0	96
25971	0	0	92	1	0	93
25972	1	0	86	0	0	87
25973	86	0	2	1	0	89
25974	90	0	0	2	0	92
25975	1	1	2	88	0	92
25976	0	101	2	1	0	104
25977	0	1	0	105	0	106
25978	0	0	103	2	0	105
25979	1	0	101	0	0	102
25980	96	0	1	2	0	99
25981	1	0	100	1	0	102
25982	1	0	0	86	0	87
25983	90	0	0	2	0	92
25984	89	0	1	0	0	90
25985	89	1	0	0	0	90
25986	91	0	0	1	0	92
25987	1	0	84	0	0	85
25988	89	0	0	0	0	89
25989	2	90	0	0	0	92
25990	1	0	0	89	0	90
25991	1	0	89	0	0	90
25992	1	0	1	85	0	87
25993	0	0	87	1	0	88
25994	1	0	1	85	0	87
25995	1	0	1	88	0	90
25996	0	0	90	0	0	90
25997	1	1	0	88	0	90
25998	89	0	0	0	0	89
25999	0	0	1	90	0	91
26000	0	1	1	88	0	90
26001	89	0	0	1	0	90
26002	0	87	2	0	0	89
26003	89	0	1	1	0	91
26004	2	85	0	0	0	87
26005	102	0	1	0	0	103
26006	0	0	98	1	0	99
26007	2	0	0	95	0	97
26008	1	0	1	100	0	102
26009	103	0	0	0	0	103
26010	1	98	0	0	0	99
26011	0	0	1	100	0	101
26012	1	0	1	59	0	61
26013	0	61	0	1	0	62
26014	59	0	1	1	0	61
26015	0	57	1	1	0	59
26016	0	0	0	63	0	63
26017	0	0	1	58	0	59
26018	0	59	0	2	0	61
26019	62	0	0	1	0	63
26020	0	0	60	1	0	61
26021	59	0	0	2	0	61
26022	2	61	0	0	0	63
26023	0	1	0	62	0	63
26024	61	0	0	1	0	62
26025	1	1	0	60	0	62
26026	1	1	0	59	0	61
26027	56	0	1	0	0	57
26028	0	55	0	1	0	56
26029	1	93	0	1	0	95
26030	94	0	1	0	0	95
26031	0	1	121	2	0	124
26032	0	119	0	2	0	121
26033	0	0	0	105	0	105
26034	0	0	117	0	0	117
26035	0	0	0	115	0	115
26036	117	0	0	0	0	117
26037	0	116	0	1	0	117
26038	0	0	0	120	0	120
26039	0	120	0	0	0	120
26040	116	0	0	0	0	116
26041	117	0	0	0	0	117
26042	0	118	0	0	0	118
26043	0	0	0	119	0	119
26044	0	119	0	0	0	119
26045	124	0	0	0	0	124
26046	122	0	0	0	0	122
26047	0	0	0	117	0	117
26048	0	0	0	117	0	117
26049	0	0	119	0	0	119
26050	104	0	0	0	0	104
26051	0	0	121	0	0	121
26052	0	0	0	118	0	118
26053	121	0	0	0	0	121
26054	0	122	0	0	0	122
26055	111	0	0	0	0	111
26056	0	0	109	0	0	109
26057	98	0	0	0	0	98
26058	0	105	0	0	0	105
26059	112	0	0	0	0	112
26060	0	112	0	0	0	112
26061	0	0	0	111	0	111
26062	0	0	110	0	0	110
26063	0	0	108	0	0	108
26064	0	0	0	107	0	107
26065	0	0	113	0	0	113
26066	0	0	0	108	0	108
26067	0	0	0	104	0	104
26068	0	0	108	0	0	108
26069	79	0	0	0	0	79
26070	104	0	0	0	0	104
26071	0	106	0	0	0	106
26072	108	0	0	0	0	108
26073	0	0	0	109	0	109
26074	0	0	133	0	0	133
26075	0	0	0	119	0	119
26076	0	0	0	120	0	120
26077	141	0	0	0	0	141
26078	0	135	0	0	0	135
26079	0	137	0	0	0	137
26080	0	0	0	140	0	140
26081	0	0	0	133	0	133
26082	0	138	0	0	0	138
26083	0	0	0	140	0	140
26084	0	0	0	135	0	135
26085	0	139	0	0	0	139
26086	142	0	0	0	0	142
26087	0	0	0	142	0	142
26088	0	138	0	0	0	138
26089	0	0	0	140	0	140
26090	142	0	0	0	0	142
26091	0	138	0	0	0	138
26092	139	0	0	0	0	139
26093	138	0	0	0	0	138
26094	0	0	0	138	0	138
26095	140	0	0	0	0	140
26096	135	0	0	0	0	135
26097	135	0	0	0	0	135
26098	141	0	0	0	0	141
26099	0	0	0	135	0	135
26100	0	0	0	136	0	136
26101	0	0	148	0	0	148
26102	0	0	0	140	0	140
26103	0	0	0	143	0	143
26104	0	0	146	0	0	146
26105	115	0	0	0	0	115
26106	0	0	0	134	0	134
26107	0	0	148	0	0	148
26108	133	0	0	0	0	133
26109	0	0	165	0	0	165
26110	0	161	1	0	0	162
26111	0	169	1	0	0	170
26112	0	0	1	180	0	181
26113	0	0	281	3	0	284
26114	259	0	3	1	0	263
26115	296	0	0	0	0	296
26116	3	2	292	0	0	297
26117	278	0	2	2	0	282
26118	302	0	2	0	0	304
26119	4	295	1	0	0	300
26120	300	3	1	0	0	304
26121	3	1	1	298	0	303
26122	1	0	297	3	0	301
26123	1	0	5	272	0	278
26124	0	287	3	3	0	293
26125	4	346	0	0	0	350
26126	349	4	1	3	0	357
26127	341	2	3	1	0	347
26128	342	2	1	1	0	346
26129	7	1	0	309	0	317
26130	1	2	2	305	0	310
26131	6	288	1	2	0	297
26132	355	3	0	1	0	359
26133	4	348	0	0	0	352
26134	339	3	0	2	0	344
26135	5	329	0	4	0	338
26136	333	6	2	1	0	342
26137	391	0	0	0	0	391
26138	4	2	1	373	0	380
26139	3	380	2	2	0	387
26140	3	6	394	2	0	405
26141	377	3	4	1	0	385
26142	8	415	1	0	0	424
26143	4	3	428	4	0	439
26144	2	2	418	3	0	425
26145	2	2	4	447	0	455
26146	3	4	0	463	0	470
26147	2	493	0	4	0	499
26148	511	6	1	1	0	519
26149	6	2	2	503	0	513
26150	4	473	0	4	0	481
26151	4	490	1	2	0	497
26152	2	5	478	1	0	486
26153	5	4	466	1	0	476
26154	461	1	5	1	0	468
26155	5	2	493	2	0	502
26156	3	2	3	474	0	482
26157	0	2	4	497	0	503
26158	3	1	496	4	0	504
26159	3	2	4	476	0	485
26160	0	1	3	481	0	485
26161	480	5	1	4	0	490
26162	495	1	1	3	0	500
26163	6	0	3	496	0	505
26164	1	479	1	5	0	486
26165	3	482	3	3	0	491
26166	494	3	3	5	0	505
26167	5	2	491	3	0	501
26168	4	3	5	488	0	500
26169	498	4	5	3	0	510
26170	495	2	4	4	0	505
26171	7	2	1	479	0	489
26172	6	1	488	5	0	500
26173	3	2	444	5	0	454
26174	421	2	5	7	0	435
26175	473	4	3	2	0	482
26176	8	436	4	5	0	453
26177	5	438	5	4	0	452
26178	475	7	2	2	0	486
26179	472	4	1	4	0	481
26180	8	3	4	553	0	568
26181	6	3	1	566	0	576
26182	5	4	3	576	0	588
26183	578	4	3	5	0	590
26184	16	1	2	557	0	576
26185	5	2	613	12	0	632
26186	612	4	9	2	0	627
26187	10	2	3	622	0	637
26188	7	5	626	8	0	646
26189	582	4	9	2	0	597
26190	614	2	2	5	0	623
26191	8	623	3	3	0	637
26192	8	629	1	6	0	644
26193	6	10	604	6	0	626
26194	575	4	4	4	0	587
26195	9	623	1	6	0	639
26196	9	5	608	7	0	629
26197	559	4	4	4	0	571
26198	8	608	3	7	0	626
26199	3	6	616	7	0	632
26200	561	6	5	3	0	575
26201	11	601	2	4	0	618
26202	4	8	5	622	0	639
26203	656	2	1	5	0	664
26204	9	635	3	5	0	652
26205	7	18	2	640	0	667
26206	663	6	1	5	0	675
26207	4	1	641	2	0	648
26208	6	619	4	1	0	630
26209	0	4	600	1	0	605
26210	0	0	4	610	0	614
26211	1	1	624	2	0	628
26212	1	582	2	1	0	586
26213	0	512	0	0	0	512
26214	0	19	1	512	0	532
26215	0	0	0	488	0	488
26216	0	0	0	508	0	508
26217	0	0	512	0	0	512
26218	0	0	0	503	0	503
26219	509	0	0	0	0	509
26220	477	0	0	0	0	477
26221	0	0	498	0	0	498
26222	0	466	0	0	0	466
26223	503	0	0	0	0	503
26224	0	493	2	1	0	496
26225	457	0	0	0	0	457
26226	450	0	0	0	0	450
26227	0	0	448	0	0	448
26228	0	432	2	0	0	434
26229	0	0	0	454	0	454
26230	1	0	444	0	0	445
26231	437	0	0	0	0	437
26232	0	0	0	419	0	419
26233	0	0	422	0	0	422
26234	376	0	1	0	0	377
26235	0	0	457	0	0	457
26236	0	0	0	465	0	465
26237	485	0	0	0	0	485
26238	0	478	0	0	0	478
26239	0	0	491	0	0	491
26240	476	0	0	1	0	477
26241	534	0	0	0	0	534
26242	1	565	0	0	0	566
26243	0	1	1	585	0	587
26244	2	0	0	591	0	593
26245	540	2	0	1	0	543
26246	1	1	0	541	0	543
26247	0	0	538	4	0	542
26248	2	0	1	517	0	520
26249	572	0	0	3	0	575
26250	4	562	2	2	0	570
26251	2	5	1	568	0	576
26252	3	559	0	5	0	567
26253	573	6	0	1	0	580
26254	5	1	1	580	0	587
26255	1	4	0	621	0	626
26256	2	603	0	9	0	614
26257	3	8	583	4	0	598
26258	3	1	8	603	0	615
26259	0	1	2	626	0	629
26260	1	1	3	618	0	623
26261	2	593	1	11	0	607
26262	1	9	595	4	0	609
26263	0	2	607	5	0	614
26264	579	2	8	2	0	591
26265	624	1	3	0	0	628
26266	10	1	617	0	0	628
26267	594	0	12	2	0	608
26268	11	2	607	3	0	623
26269	615	1	9	1	0	626
26270	10	608	3	1	0	622
26271	646	7	4	1	0	658
26272	12	3	642	2	0	659
26273	4	1	640	0	0	645
26274	2	2	9	604	0	617
26275	649	0	4	9	0	662
26276	8	757	5	1	0	771
26277	3	15	960	2	0	980
26278	3	1	26	967	0	997
26279	1	4	4	1027	0	1036
26280	915	3	5	28	0	951
26281	926	1	5	10	0	942
26282	31	0	2	923	0	956
26283	933	1	2	31	0	967
26284	40	20	866	6	0	932
26285	7	2	25	854	0	888
26286	9	1	6	847	0	863
26287	820	1	8	31	0	860
26288	836	0	2	14	0	852
26289	30	1	1	824	0	856
26290	817	1	4	31	0	853
26291	38	1	771	7	0	817
26292	6	818	29	12	0	865
26293	14	29	830	3	0	876
26294	5	3	34	862	0	904
26295	853	6	5	35	0	899
26296	33	847	8	4	0	892
26297	4	31	6	851	0	892
26298	7	5	4	858	0	874
26299	4	863	2	36	0	905
26300	4	34	1	890	0	929
26301	6	4	4	919	0	933
26302	2	7	1	924	0	934
26303	3	1	2	899	0	905
26304	6	2	2	886	0	896
26305	5	843	4	40	0	892
26306	5	29	1	870	0	905
26307	3	3	2	893	0	901
26308	5	7	811	39	0	862
26309	3	829	31	18	0	881
26310	4	32	2	858	0	896
26311	6	4	10	845	0	865
26312	3	10	8	838	0	859
26313	2	799	5	47	0	853
26314	3	31	799	20	0	853
26315	8	5	35	846	0	894
26316	8	10	812	40	0	870
26317	4	7	837	18	0	866
26318	6	3	39	855	0	903
26319	852	5	14	38	0	909
26320	33	5	12	845	0	895
26321	11	1	6	856	0	874
26322	13	825	6	48	0	892
26323	11	28	3	852	0	894
26324	6	5	2	892	0	905
26325	7	8	821	51	0	887
26326	6	849	31	25	0	911
26327	5	34	7	876	0	922
26328	839	9	11	44	0	903
26329	36	12	835	15	0	898
26330	6	7	33	858	0	904
26331	11	5	8	869	0	893
26332	832	5	9	47	0	893
26333	34	829	5	20	0	888
26334	819	36	8	21	0	884
26335	34	794	5	21	0	854
26336	10	40	5	786	0	841
26337	769	11	6	43	0	829
26338	36	10	754	23	0	823
26339	8	778	32	25	0	843
26340	13	756	10	16	0	795
26341	693	37	8	24	0	762
26342	35	9	4	644	0	692
26343	10	631	4	40	0	685
26344	9	664	6	16	0	695
26345	5	41	6	669	0	721
26346	3	14	6	704	0	727
26347	651	9	3	48	0	711
26348	31	685	7	25	0	748
26349	7	32	7	660	0	706
26350	11	7	615	42	0	675
26351	6	654	26	21	0	707
26352	7	31	636	22	0	696
26353	7	637	33	17	0	694
26354	7	35	9	606	0	657
26355	8	5	14	595	0	622
26356	5	576	5	39	0	625
26357	10	27	585	19	0	641
26358	592	6	26	20	0	644
26359	26	14	5	603	0	648
26360	8	11	10	633	0	662
26361	7	12	581	39	0	639
26362	8	7	26	620	0	661
26363	6	7	585	41	0	639
26364	4	6	31	613	0	654
26365	4	8	583	44	0	639
26366	5	633	32	21	0	691
26367	4	30	634	19	0	687
26368	7	10	26	672	0	715
26369	653	13	7	37	0	710
26370	25	650	11	22	0	708
26371	7	31	7	667	0	712
26372	13	14	652	38	0	717
26373	6	686	32	11	0	735
26374	4	35	45	672	0	756
26375	12	12	687	32	0	743
26376	3	541	21	11	0	576
26377	335	7	3	4	0	349
26378	307	3	2	1	0	313
26379	6	2	0	315	0	323
26380	309	2	3	6	0	320
26381	4	4	1	305	0	314
26382	3	2	0	316	0	321
26383	1	1	327	9	0	338
26384	4	2	3	331	0	340
26385	1	1	5	342	0	349
26386	339	3	1	8	0	351
26387	330	4	2	4	0	340
26388	8	329	3	5	0	345
26389	4	7	334	1	0	346
26390	1	4	5	339	0	349
26391	4	5	333	5	0	347
26392	259	1	2	4	0	266
26393	2	2	269	2	0	275
26394	2	0	4	276	0	282
26395	1	269	1	4	0	275
26396	1	1	2	275	0	279
26397	2	2	0	268	0	272
26398	1	1	286	5	0	293
26399	2	1	1	263	0	267
26400	266	1	1	2	0	270
26401	262	1	0	5	0	268
26402	263	0	3	2	0	268
26403	258	0	1	2	0	261
26404	3	258	2	2	0	265
26405	4	275	0	1	0	280
26406	2	3	2	277	0	284
26407	1	2	0	285	0	288
26408	1	273	2	3	0	279
26409	1	2	1	288	0	292
26410	1	2	2	284	0	289
26411	2	0	1	283	0	286
26412	1	1	1	287	0	290
26413	2	1	0	286	0	289
26414	284	1	0	3	0	288
26415	2	276	1	3	0	282
26416	1	3	263	3	0	270
26417	0	1	2	276	0	279
26418	1	1	2	282	0	286
26419	3	1	0	281	0	285
26420	276	1	0	4	0	281
26421	2	295	3	2	0	302
26422	2	2	0	374	0	378
26423	0	375	2	9	0	386
26424	0	7	0	376	0	383
26425	3	357	0	6	0	366
26426	0	10	345	7	0	362
26427	2	5	6	381	0	394
26428	2	3	502	9	0	516
26429	2	1	15	504	0	522
26430	0	2	9	540	0	551
26431	523	0	8	23	0	554
26432	521	2	0	19	0	542
26433	541	0	3	7	0	551
26434	545	3	1	4	0	553
26435	542	0	1	7	0	550
26436	31	2	2	508	0	543
26437	19	546	4	15	0	584
26438	9	13	0	549	0	571
26439	5	8	517	21	0	551
26440	516	10	14	11	0	551
26441	542	1	6	11	0	560
26442	25	4	4	536	0	569
26443	17	1	2	541	0	561
26444	13	510	3	25	0	551
26445	6	11	2	545	0	564
26446	3	11	0	537	0	551
26447	2	523	2	29	0	556
26448	2	14	2	519	0	537
26449	495	9	1	25	0	530
26450	17	6	477	12	0	512
26451	480	2	14	12	0	508
26452	23	3	478	5	0	509
26453	12	3	20	479	0	514
26454	11	1	8	465	0	485
26455	1	457	8	27	0	493
26456	3	492	4	14	0	513
26457	2	17	2	492	0	513
26458	3	16	460	20	0	499
26459	461	9	15	11	0	496
26460	17	3	9	473	0	502
26461	9	477	8	19	0	513
26462	9	12	2	494	0	517
26463	2	10	4	498	0	514
26464	3	481	0	26	0	510
26465	3	11	2	500	0	516
26466	2	12	415	23	0	452
26467	3	8	421	12	0	444
26468	6	20	20	421	0	467
26469	2	426	10	14	0	452
26470	0	11	3	445	0	459
26471	432	8	2	20	0	462
26472	422	8	1	9	0	440
26473	407	4	1	8	0	420
26474	24	390	2	4	0	420
26475	14	11	393	1	0	419
26476	400	6	14	3	0	423
26477	415	7	7	3	0	432
26478	20	399	7	1	0	427
26479	13	12	2	402	0	429
26480	414	7	1	13	0	435
26481	413	8	0	8	0	429
26482	420	2	0	9	0	431
26483	25	3	1	377	0	406
26484	439	1	5	13	0	458
26485	23	0	0	427	0	450
26486	10	1	2	441	0	454
26487	433	2	0	23	0	458
26488	16	0	0	440	0	456
26489	434	3	0	19	0	456
26490	23	1	3	429	0	456
26491	12	1	2	450	0	465
26492	427	1	3	32	0	463
26493	21	2	402	20	0	445
26494	13	0	14	429	0	456
26495	14	2	9	438	0	463
26496	10	0	7	440	0	457
26497	11	0	3	443	0	457
26498	7	1	2	422	0	432
26499	5	393	0	35	0	433
26500	5	14	2	423	0	444
26501	8	7	396	22	0	433
26502	7	8	15	409	0	439
26503	9	4	7	417	0	437
26504	5	1	5	441	0	452
26505	4	2	384	35	0	425
26506	3	6	375	22	0	406
26507	363	3	20	16	0	402
26508	382	3	15	11	0	411
26509	22	379	9	7	0	417
26510	17	15	4	382	0	418
26511	12	7	0	402	0	421
26512	3	9	3	406	0	421
26513	382	4	3	32	0	421
26514	377	3	9	18	0	407
26515	25	1	2	392	0	420
26516	16	1	3	398	0	418
26517	12	7	0	404	0	423
26518	4	9	2	401	0	416
26519	367	3	1	38	0	409
26520	14	1	332	23	0	370
26521	15	306	17	14	0	352
26522	10	233	4	6	0	253
26523	236	17	5	6	0	264
26524	8	11	1	239	0	259
26525	6	6	224	19	0	255
26526	6	5	221	12	0	244
26527	3	247	15	11	0	276
26528	126	0	2	0	0	128
26529	0	0	124	0	0	124
26530	95	0	0	0	0	95
26531	0	0	0	130	0	130
26532	0	0	0	132	0	132
26533	0	129	1	0	0	130
26534	0	145	0	0	0	145
26535	148	0	0	0	0	148
26536	140	0	0	0	0	140
26537	0	116	0	0	0	116
26538	0	0	112	0	0	112
26539	0	0	109	0	0	109
26540	0	0	0	107	0	107
26541	116	0	0	0	0	116
26542	0	114	0	0	0	114
26543	0	0	0	116	0	116
26544	117	0	0	0	0	117
26545	0	0	0	113	0	113
26546	0	0	0	113	0	113
26547	114	0	0	0	0	114
26548	0	114	0	0	0	114
26549	0	114	0	0	0	114
26550	0	0	106	0	0	106
26551	0	0	0	115	0	115
26552	0	0	1	109	0	110
26553	0	0	116	0	0	116
26554	82	0	0	0	0	82
26555	104	0	0	0	0	104
26556	0	0	113	0	0	113
26557	80	0	0	1	0	81
26558	0	0	150	0	0	150
26559	0	197	0	0	0	197
26560	0	1	0	279	0	280
26561	0	0	0	275	0	275
26562	281	0	0	0	0	281
26563	276	0	0	1	0	277
26564	275	0	0	0	0	275
26565	276	0	0	0	0	276
26566	267	0	0	0	0	267
26567	0	0	268	0	0	268
26568	0	264	1	0	0	265
26569	0	0	0	275	0	275
26570	0	269	0	0	0	269
26571	0	269	0	0	0	269
26572	0	0	0	274	0	274
26573	0	0	0	275	0	275
26574	0	0	270	0	0	270
26575	234	1	1	0	0	236
26576	276	0	0	0	0	276
26577	0	265	0	0	0	265
26578	277	0	0	0	0	277
26579	280	0	0	0	0	280
26580	0	0	0	271	0	271
26581	0	0	315	0	0	315
26582	1	0	306	0	0	307
26583	305	0	0	0	0	305
26584	275	0	0	0	0	275
26585	0	266	0	0	0	266
26586	0	270	0	0	0	270
26587	0	0	0	278	0	278
26588	276	0	0	0	0	276
26589	0	0	295	0	0	295
26590	0	0	0	322	0	322
26591	332	0	0	0	0	332
26592	381	0	0	1	0	382
26593	0	0	0	497	0	497
26594	503	0	0	0	0	503
26595	0	1	474	0	0	475
26596	0	1	476	0	0	477
26597	0	0	1	453	0	454
26598	0	0	0	492	0	492
26599	0	0	0	488	0	488
26600	0	471	0	1	0	472
26601	0	494	0	0	0	494
26602	0	0	0	497	0	497
26603	506	0	0	0	0	506
26604	0	1	0	500	0	501
26605	0	0	0	495	0	495
26606	0	486	1	0	0	487
26607	0	492	0	1	0	493
26608	0	0	0	502	0	502
26609	0	0	0	501	0	501
26610	512	0	0	0	0	512
26611	0	486	0	0	0	486
26612	507	0	0	0	0	507
26613	0	0	0	509	0	509
26614	0	0	492	0	0	492
26615	1	2	549	0	0	552
26616	560	0	1	0	0	561
26617	0	0	0	599	0	599
26618	0	0	0	584	0	584
26619	0	1	0	591	0	592
26620	0	0	586	0	0	586
26621	0	0	0	583	0	583
26622	0	575	1	1	0	577
26623	0	1	0	621	0	622
26624	0	0	1	617	0	618
26625	0	675	2	2	0	679
26626	0	2	0	707	0	709
26627	677	0	0	3	0	680
26628	3	664	0	0	0	667
26629	687	4	0	0	0	691
26630	688	1	0	0	0	689
26631	5	0	0	657	0	662
26632	0	0	0	644	0	644
26633	0	0	0	667	0	667
26634	0	0	627	5	0	632
26635	0	603	2	2	0	607
26636	0	636	1	0	0	637
26637	0	3	0	644	0	647
26638	643	1	0	4	0	648
26639	4	0	0	624	0	628
26640	1	0	638	5	0	644
26641	0	608	5	4	0	617
26642	0	614	0	3	0	617
26643	692	5	0	1	0	698
26644	692	2	0	0	0	694
26645	5	679	0	1	0	685
26646	739	3	0	0	0	742
26647	5	3	691	0	0	699
26648	2	3	672	0	0	677
26649	712	0	5	0	0	717
26650	729	0	1	1	0	731
26651	5	0	0	710	0	715
26652	739	0	0	5	0	744
26653	6	2	692	1	0	701
26654	3	3	740	0	0	746
26655	0	0	4	774	0	778
26656	0	2	1	927	0	930
26657	1	0	0	961	0	962
26658	0	0	0	1024	0	1024
26659	0	2	1	1059	0	1062
26660	0	2	948	43	0	993
26661	1	1	35	960	0	997
26662	988	2	1	43	0	1034
26663	40	0	1	991	0	1032
26664	994	1	1	42	0	1038
26665	37	1	1	996	0	1035
26666	993	0	2	47	0	1042
26667	1047	0	3	8	0	1058
26668	38	0	2	1003	0	1043
26669	9	2	1	1093	0	1105
26670	1056	2	1	50	0	1109
26671	1077	0	3	8	0	1088
26672	44	2	1013	8	0	1067
26673	10	1	37	1028	0	1076
26674	6	1	2	1091	0	1100
26675	1054	2	3	47	0	1106
26676	1078	3	1	12	0	1094
26677	44	0	2	1040	0	1086
26678	9	1	1	1075	0	1086
26679	7	3	4	1095	0	1109
26680	7	0	0	1075	0	1082
26681	7	958	4	46	0	1015
26682	7	1015	2	9	0	1033
26683	8	38	2	1007	0	1055
26684	4	932	2	98	0	1036
26685	7	37	1	1015	0	1060
26686	8	4	973	48	0	1033
26687	5	3	988	13	0	1009
26688	3	1003	33	11	0	1050
26689	3	42	3	1027	0	1075
26690	5	4	972	49	0	1030
26691	4	5	34	974	0	1017
26692	1	3	4	988	0	996
26693	837	3	6	50	0	896
26694	44	3	5	922	0	974
26695	8	5	932	53	0	998
26696	6	2	927	18	0	953
26697	5	892	34	14	0	945
26698	8	1080	5	17	0	1110
26699	1141	43	3	12	0	1199
26700	49	4	1269	9	0	1331
26701	7	3	36	1266	0	1312
26702	1286	4	8	47	0	1345
26703	1301	4	4	13	0	1322
26704	43	1290	4	11	0	1348
26705	10	43	6	1286	0	1345
26706	9	5	7	1346	0	1367
26707	9	4	5	1359	0	1377
26708	1318	4	3	52	0	1377
26709	47	3	1281	13	0	1344
26710	7	1262	38	16	0	1323
26711	10	43	6	1314	0	1373
26712	9	6	4	1367	0	1386
26713	4	5	1284	55	0	1348
26714	4	7	39	1281	0	1331
26715	6	9	5	1279	0	1299
26716	3	8	8	1282	0	1301
26717	6	8	3	1279	0	1296
26718	3	6	1217	53	0	1279
26719	2	4	44	1227	0	1277
26720	5	4	1235	52	0	1296
26721	2	1193	36	21	0	1252
26722	5	41	6	1243	0	1295
26723	5	3	8	1285	0	1301
26724	6	4	1216	53	0	1279
26725	3	1109	38	23	0	1173
26726	8	36	5	1142	0	1191
26727	4	6	1115	44	0	1169
26728	3	1082	36	12	0	1133
26729	6	35	5	1152	0	1198
26730	4	6	1128	47	0	1185
26731	6	6	37	1116	0	1165
26732	8	4	8	1144	0	1164
26733	5	6	5	1184	0	1200
26734	1146	6	4	47	0	1203
26735	37	1108	3	11	0	1159
26736	1137	36	7	16	0	1196
26737	37	9	1135	14	0	1195
26738	1115	4	33	17	0	1169
26739	1187	5	6	13	0	1211
26740	36	8	4	1161	0	1209
26741	1168	4	3	48	0	1223
26742	1192	5	7	10	0	1214
26743	1139	5	4	12	0	1160
26744	36	6	6	1096	0	1144
26745	8	1	6	1135	0	1150
26746	7	8	1023	41	0	1079
26747	5	2	1029	14	0	1050
26748	993	2	33	9	0	1037
26749	40	1	8	1061	0	1110
26750	6	1097	4	40	0	1147
26751	1134	33	6	13	0	1186
26752	36	1115	6	13	0	1170
26753	5	1141	7	9	0	1162
26754	62	43	981	8	0	1094
26755	8	4	1126	6	0	1144
26756	17	3	25	995	0	1040
26757	1	3	1067	25	0	1096
26758	1	2	908	1	0	912
26759	833	0	2	0	0	835
26760	919	0	0	0	0	919
26761	2	1	0	893	0	896
26762	0	0	0	883	0	883
26763	0	0	893	3	0	896
26764	0	845	2	0	0	847
26765	0	2	0	893	0	895
26766	928	0	0	2	0	930
26767	2	1	0	928	0	931
26768	0	929	0	3	0	932
26769	0	3	884	0	0	887
26770	0	875	2	3	0	880
26771	911	2	0	0	0	913
26772	896	0	0	0	0	896
26773	3	0	0	887	0	890
26774	0	0	917	2	0	919
26775	0	1	871	0	0	872
26776	0	882	3	0	0	885
26777	0	2	0	902	0	904
26778	0	0	0	931	0	931
26779	0	0	909	2	0	911
26780	0	0	4	888	0	892
26781	0	940	1	2	0	943
26782	0	2	0	974	0	976
26783	0	0	0	968	0	968
26784	0	0	960	2	0	962
26785	1	0	2	926	0	929
26786	939	0	0	2	0	941
26787	2	1	937	0	0	940
26788	0	1	914	0	0	915
26789	1	862	5	1	0	869
26790	0	3	2	955	0	960
26791	0	1	1	998	0	1000
26792	0	0	976	3	0	979
26793	898	0	5	0	0	903
26794	2	0	1	918	0	921
26795	2	0	880	2	0	884
26796	1	1	3	852	0	857
26797	4	0	875	3	0	882
26798	2	1	725	1	0	729
26799	0	678	3	2	0	683
26800	0	3	1	576	0	580
26801	1	593	2	2	0	598
26802	582	4	0	1	0	587
26803	2	3	589	4	0	598
26804	1	547	5	2	0	555
26805	0	4	3	568	0	575
26806	559	2	0	3	0	564
26807	5	556	1	1	0	563
26808	1	3	1	597	0	602
26809	1	0	2	598	0	601
26810	0	598	4	4	0	606
26811	631	7	3	4	0	645
26812	4	4	2	741	0	751
26813	3	0	2	787	0	792
26814	0	5	747	21	0	773
26815	1	758	18	9	0	786
26816	1	19	6	783	0	809
26817	0	12	2	884	0	898
26818	0	888	2	34	0	924
26819	3	20	2	1011	0	1036
26820	0	13	1	1062	0	1076
26821	3	2	1	1157	0	1163
26822	1	1068	5	50	0	1124
26823	1096	30	3	16	0	1145
26824	35	16	1071	4	0	1126
26825	1071	8	31	7	0	1117
26826	36	1074	12	9	0	1131
26827	11	31	10	1106	0	1158
26828	8	14	1140	33	0	1195
26829	3	9	31	1157	0	1200
26830	4	2	15	1169	0	1190
26831	2	3	6	1250	0	1261
26832	2	9	1178	55	0	1244
26833	2	1138	37	29	0	1206
26834	2	36	1178	16	0	1232
26835	2	1272	41	13	0	1328
26836	7	40	1318	9	0	1374
26837	6	18	40	1322	0	1386
26838	1284	9	19	38	0	1350
26839	30	1338	10	21	0	1399
26840	24	33	1308	22	0	1387
26841	8	1328	39	17	0	1392
26842	5	43	1367	16	0	1431
26843	2	18	41	1400	0	1461
26844	9	12	17	1481	0	1519
26845	2	1478	18	48	0	1546
26846	9	1562	7	28	0	1606
26847	1624	51	8	17	0	1700
26848	43	24	7	1634	0	1708
26849	21	14	1613	52	0	1700
26850	11	11	48	1583	0	1653
26851	7	3	1578	63	0	1651
26852	5	11	1557	32	0	1605
26853	8	10	64	1503	0	1585
26854	2	1547	27	55	0	1631
26855	1451	42	16	25	0	1534
26856	41	26	13	1422	0	1502
26857	20	15	8	1475	0	1518
26858	12	1496	9	59	0	1576
26859	1502	46	13	32	0	1593
26860	1499	27	8	18	0	1552
26861	62	15	15	1437	0	1529
26862	26	1428	13	56	0	1523
26863	13	1578	26	31	0	1648
26864	1562	62	13	23	0	1660
26865	47	33	1553	18	0	1651
26866	1525	20	54	14	0	1613
26867	1564	16	25	18	0	1623
26868	1578	14	12	19	0	1623
26869	65	1574	13	25	0	1677
26870	32	52	10	1678	0	1772
26871	1683	26	13	59	0	1781
26872	1697	15	15	30	0	1757
26873	65	1651	11	20	0	1747
26874	1666	52	14	19	0	1751
26875	57	28	15	1666	0	1766
26876	29	17	12	1700	0	1758
26877	16	1665	12	74	0	1767
26878	18	52	8	1712	0	1790
26879	18	29	16	1779	0	1842
26880	23	1743	8	77	0	1851
26881	14	59	17	1691	0	1781
26882	17	1709	8	68	0	1802
26883	1717	61	16	34	0	1828
26884	1696	31	15	27	0	1769
26885	72	1704	8	28	0	1812
26886	37	70	1668	21	0	1796
26887	32	32	57	1693	0	1814
26888	22	21	1650	75	0	1768
26889	16	1641	55	45	0	1757
26890	18	1704	27	31	0	1780
26891	1650	69	16	25	0	1760
26892	61	1826	17	16	0	1920
26893	37	65	12	1774	0	1888
26894	28	1769	6	59	0	1862
26895	26	1846	8	35	0	1915
26896	1819	75	10	23	0	1927
26897	59	31	16	1835	0	1941
26898	37	31	1768	63	0	1899
26899	26	15	1749	41	0	1831
26900	14	1767	62	36	0	1879
26901	1794	72	28	18	0	1912
26902	60	1876	16	18	0	1970
26903	34	70	17	1948	0	2069
26904	1930	45	11	57	0	2043
26905	66	20	16	1949	0	2051
26906	41	20	8	1958	0	2027
26907	28	1911	15	73	0	2027
26908	18	65	10	1932	0	2025
26909	16	39	1843	68	0	1966
26910	1738	35	53	33	0	1859
26911	64	1810	24	32	0	1930
26912	26	1808	13	20	0	1867
26913	1770	52	12	22	0	1856
26914	52	36	1800	16	0	1904
26915	1746	25	37	10	0	1818
26916	54	1918	15	20	0	2007
26917	14	2113	12	20	0	2159
26918	15	77	1988	17	0	2097
26919	10	1999	58	17	0	2084
26920	10	63	16	1882	0	1971
26921	9	17	13	1862	0	1901
26922	12	1869	6	55	0	1942
26923	11	55	3	1927	0	1996
26924	1923	22	2	54	0	2001
26925	51	16	1853	20	0	1940
26926	1873	12	51	12	0	1948
26927	1942	11	15	7	0	1975
26928	1886	7	9	8	0	1910
26929	72	10	1808	6	0	1896
26930	26	13	45	1771	0	1855
26931	13	11	1759	54	0	1837
26932	1729	11	51	21	0	1812
26933	1751	10	19	15	0	1795
26934	57	1778	12	21	0	1868
26935	26	56	6	1787	0	1875
26936	21	1752	4	57	0	1834
26937	14	54	1719	26	0	1813
26938	6	26	53	1773	0	1858
26939	1774	7	14	59	0	1854
26940	1810	10	8	20	0	1848
26941	72	13	11	1684	0	1780
26942	28	1680	16	58	0	1782
26943	19	48	1710	25	0	1802
26944	8	16	1661	12	0	1697
26945	1564	15	60	9	0	1648
26946	55	15	1724	5	0	1799
26947	10	1576	53	9	0	1648
26948	14	41	11	1627	0	1693
26949	13	13	1656	41	0	1723
26950	5	10	47	1632	0	1694
26951	4	9	1650	57	0	1720
26952	1539	6	51	18	0	1614
26953	46	5	18	1625	0	1694
26954	14	1577	11	51	0	1653
26955	13	1672	10	11	0	1706
26956	8	56	6	1762	0	1832
26957	10	21	8	1715	0	1754
26958	11	1670	10	52	0	1743
26959	8	43	1668	24	0	1743
26960	7	19	46	1682	0	1754
26961	8	13	1699	48	0	1768
26962	5	6	1682	19	0	1712
26963	1545	6	55	17	0	1623
26964	44	1593	26	9	0	1672
26965	1610	46	13	9	0	1678
26966	52	16	4	1576	0	1648
26967	17	1568	7	41	0	1633
26968	10	51	8	1596	0	1665
26969	10	15	5	1569	0	1599
26970	5	1461	13	64	0	1543
26971	9	50	1459	19	0	1537
26972	9	14	43	1512	0	1578
26973	1502	18	15	51	0	1586
26974	46	9	16	1514	0	1585
26975	15	8	18	1522	0	1563
26976	23	10	1423	61	0	1517
26977	11	1403	48	29	0	1491
26978	14	50	17	1460	0	1541
26979	12	21	1390	53	0	1476
26980	3	21	1379	21	0	1424
26981	1321	9	57	27	0	1414
26982	43	1369	25	22	0	1459
26983	1383	52	17	12	0	1464
26984	52	1351	36	18	0	1457
26985	26	1403	9	18	0	1456
26986	1377	65	11	13	0	1466
26987	51	29	6	1352	0	1438
26988	16	1393	16	52	0	1477
26989	23	45	12	1422	0	1502
26990	1414	18	13	58	0	1503
26991	54	22	1377	33	0	1486
26992	22	13	1263	19	0	1317
26993	1198	11	62	17	0	1288
26994	60	1224	24	8	0	1316
26995	19	52	1247	11	0	1329
26996	25	1239	53	14	0	1331
26997	12	59	18	1241	0	1330
26998	11	25	1229	50	0	1315
26999	13	13	51	1245	0	1322
27000	8	14	1233	58	0	1313
27001	1148	13	58	27	0	1246
27002	53	1155	20	24	0	1252
27003	1128	45	14	15	0	1202
27004	48	26	22	1043	0	1139
27005	20	1212	14	52	0	1298
27006	1257	49	11	17	0	1334
27007	1265	18	13	22	0	1318
27008	53	24	1227	14	0	1318
27009	29	18	1237	13	0	1297
27010	1174	8	58	17	0	1257
27011	47	1212	32	17	0	1308
27012	19	1213	22	16	0	1270
27013	60	71	17	1123	0	1271
27014	15	29	1070	42	0	1156
27015	10	1100	43	16	0	1169
27016	14	998	18	15	0	1045
27017	3	15	5	715	0	738
27018	788	8	4	15	0	815
27019	836	5	3	8	0	852
27020	847	3	4	4	0	858
27021	21	8	858	2	0	889
27022	867	6	16	2	0	891
27023	864	2	6	3	0	875
27024	885	2	5	2	0	894
27025	24	4	1	844	0	873
27026	10	891	4	18	0	923
27027	921	14	4	6	0	945
27028	17	909	2	3	0	931
27029	9	17	2	1060	0	1088
27030	10	2	1034	20	0	1066
27031	4	7	19	1035	0	1065
27032	5	5	8	1052	0	1070
27033	6	8	1012	24	0	1050
27034	4	981	22	14	0	1021
27035	4	14	8	913	0	939
27036	915	4	7	15	0	941
27037	15	916	2	11	0	944
27038	913	15	5	6	0	939
27039	24	9	4	893	0	930
27040	12	889	1	14	0	916
27041	890	15	5	8	0	918
27042	15	944	6	7	0	972
27043	11	20	877	4	0	912
27044	1048	8	13	3	0	1072
27045	1079	8	4	5	0	1096
27046	34	976	4	4	0	1018
27047	11	28	922	2	0	963
27048	4	965	24	5	0	998
27049	3	29	5	897	0	934
27050	3	4	4	1055	0	1066
27051	2	7	3	1120	0	1132
27052	1	1083	3	49	0	1136
27053	7	35	3	1102	0	1147
27054	0	15	1	1147	0	1163
27055	1100	6	0	53	0	1159
27056	41	2	0	1013	0	1056
27057	16	6	1	1088	0	1111
27058	1104	4	0	54	0	1162
27059	37	1091	0	18	0	1146
27060	1137	38	2	9	0	1186
27061	1150	15	1	3	0	1169
27062	1157	5	1	5	0	1168
27063	55	4	2	1117	0	1178
27064	20	4	8	1157	0	1189
27065	16	6	1088	48	0	1158
27066	11	3	1091	19	0	1124
27067	7	5	1114	8	0	1134
27068	1056	4	52	9	0	1121
27069	46	6	1072	8	0	1132
27070	14	1087	38	6	0	1145
27071	6	40	15	1176	0	1237
27072	6	14	4	1131	0	1155
27073	5	1195	4	43	0	1247
27074	4	37	1298	21	0	1360
27075	7	1323	36	9	0	1375
27076	1335	41	18	7	0	1401
27077	45	16	1316	8	0	1385
27078	21	1289	40	7	0	1357
27079	20	39	1312	2	0	1373
27080	7	19	41	1315	0	1382
27081	13	5	1335	45	0	1398
27082	6	6	43	1306	0	1361
27083	1343	5	18	48	0	1414
27084	42	6	1324	22	0	1394
27085	19	1287	40	13	0	1359
27086	1357	39	24	5	0	1425
27087	45	19	1361	12	0	1437
27088	22	9	1338	8	0	1377
27089	11	4	56	1319	0	1390
27090	6	11	1334	47	0	1398
27091	1279	6	47	22	0	1354
27092	46	1269	19	14	0	1348
27093	22	46	9	1290	0	1367
27094	10	1312	7	41	0	1370
27095	1344	50	7	19	0	1420
27096	52	19	1293	11	0	1375
27097	22	10	1361	14	0	1407
27098	9	12	58	1358	0	1437
27099	9	8	25	1414	0	1456
27100	12	9	13	1404	0	1438
27101	8	8	16	1429	0	1461
27102	8	12	1388	65	0	1473
27103	17	1352	43	29	0	1441
27104	10	40	16	1319	0	1385
27105	9	22	1363	44	0	1438
27106	13	1361	39	20	0	1433
27107	1397	43	23	12	0	1475
27108	44	19	11	1387	0	1461
27109	1371	13	4	51	0	1439
27110	41	1362	11	28	0	1442
27111	1390	42	9	20	0	1461
27112	51	20	1339	11	0	1421
27113	19	9	41	1288	0	1357
27114	14	1347	19	43	0	1423
27115	12	39	1338	21	0	1410
27116	12	1343	40	19	0	1414
27117	6	39	21	1227	0	1293
27118	1270	16	7	38	0	1331
27119	38	1204	11	15	0	1268
27120	1249	32	5	11	0	1297
27121	41	19	1146	11	0	1217
27122	22	5	1127	10	0	1164
27123	1189	10	46	13	0	1258
27124	39	50	21	1149	0	1259
27125	18	6	13	1225	0	1262
27126	11	8	1224	42	0	1285
27127	8	8	1192	16	0	1224
27128	12	1184	47	9	0	1252
27129	1093	26	21	6	0	1146
27130	1113	15	6	7	0	1141
27131	37	1085	7	9	0	1138
27132	12	27	8	1114	0	1161
27133	1122	15	5	31	0	1173
27134	30	5	8	1125	0	1168
27135	1136	8	5	30	0	1179
27136	1135	4	8	16	0	1163
27137	1217	7	4	8	0	1236
27138	41	5	6	1169	0	1221
27139	17	5	9	1206	0	1237
27140	1187	7	4	41	0	1239
27141	1168	3	9	20	0	1200
27142	1117	7	2	10	0	1136
27143	48	1049	7	5	0	1109
27144	927	15	6	2	0	950
27145	19	893	7	0	0	919
27146	914	14	3	4	0	935
27147	18	11	879	4	0	912
27148	827	2	17	6	0	852
27149	17	872	12	7	0	908
27150	7	805	7	2	0	821
27151	781	1	1	0	0	783
27152	1	2	0	753	0	756
27153	3	0	0	759	0	762
27154	2	732	3	1	0	738
27155	0	763	0	4	0	767
27156	841	2	0	3	0	846
27157	4	1	774	1	0	780
27158	2	2	3	729	0	736
27159	754	0	1	3	0	758
27160	4	0	732	1	0	737
27161	4	802	2	2	0	810
27162	900	13	1	2	0	916
27163	25	1	898	2	0	926
27164	7	2	23	997	0	1029
27165	6	0	1040	36	0	1082
27166	986	0	36	10	0	1032
27167	34	1037	10	5	0	1086
27168	1075	37	4	3	0	1119
27169	1097	9	3	1	0	1110
27170	46	4	1	1069	0	1120
27171	954	2	1	37	0	994
27172	40	1	0	950	0	991
27173	11	0	0	992	0	1003
27174	3	4	805	48	0	860
27175	2	829	28	13	0	872
27176	0	34	8	857	0	899
27177	1	10	3	890	0	904
27178	1	4	1	905	0	911
27179	0	3	835	48	0	886
27180	2	814	30	19	0	865
27181	0	33	8	870	0	911
27182	1	10	2	938	0	951
27183	1	4	885	43	0	933
27184	2	2	34	897	0	935
27185	888	1	11	43	0	943
27186	36	889	4	12	0	941
27187	870	37	4	4	0	915
27188	40	8	869	4	0	921
27189	12	3	34	881	0	930
27190	896	2	7	38	0	943
27191	914	1	5	9	0	929
27192	47	1	895	6	0	949
27193	12	0	36	872	0	920
27194	9	0	876	39	0	924
27195	816	3	39	11	0	869
27196	33	879	11	7	0	930
27197	857	37	5	4	0	903
27198	889	10	5	2	0	906
27199	46	850	2	3	0	901
27200	880	37	2	5	0	924
27201	41	10	825	2	0	878
27202	836	4	33	2	0	875
27203	44	4	7	833	0	888
27204	14	3	946	41	0	1004
27205	9	0	38	867	0	914
27206	5	1	11	898	0	915
27207	3	1	8	894	0	906
27208	6	857	6	45	0	914
27209	877	40	5	20	0	942
27210	45	11	4	869	0	929
27211	19	858	4	42	0	923
27212	9	44	3	845	0	901
27213	14	859	1	40	0	914
27214	9	43	855	14	0	921
27215	10	11	40	861	0	922
27216	4	7	19	924	0	954
27217	5	10	872	56	0	943
27218	791	4	43	22	0	860
27219	47	864	16	16	0	943
27220	16	42	9	879	0	946
27221	14	14	9	889	0	926
27222	13	9	6	891	0	919
27223	11	832	8	58	0	909
27224	843	38	9	23	0	913
27225	47	16	822	21	0	906
27226	17	7	781	19	0	824
27227	18	7	48	740	0	813
27228	10	9	15	817	0	851
27229	771	7	13	61	0	852
27230	42	740	9	29	0	820
27231	14	47	7	796	0	864
27232	779	13	12	52	0	856
27233	52	12	9	777	0	850
27234	775	6	11	63	0	855
27235	50	4	730	29	0	813
27236	21	732	36	22	0	811
27237	721	41	20	13	0	795
27238	53	20	712	12	0	797
27239	722	14	41	15	0	792
27240	58	6	708	19	0	791
27241	722	13	45	11	0	791
27242	54	6	17	715	0	792
27243	746	5	14	50	0	815
27244	54	11	16	733	0	814
27245	28	6	10	777	0	821
27246	725	5	16	68	0	814
27247	49	702	12	31	0	794
27248	19	44	10	747	0	820
27249	740	19	8	53	0	820
27250	770	15	9	25	0	819
27251	58	13	4	723	0	798
27252	28	8	11	768	0	815
27253	729	8	8	56	0	801
27254	55	15	8	729	0	807
27255	26	11	7	769	0	813
27256	666	8	8	59	0	741
27257	47	8	10	678	0	743
27258	17	7	645	59	0	728
27259	616	4	44	23	0	687
27260	57	4	630	16	0	707
27261	18	14	559	16	0	607
27262	442	4	52	12	0	510
27263	18	462	9	9	0	498
27264	2	1	0	359	0	362
27265	0	0	0	334	0	334
27266	2	0	0	426	0	428
27267	0	0	0	443	0	443
27268	428	1	0	6	0	435
27269	517	0	0	0	0	517
27270	601	0	0	1	0	602
27271	9	0	884	1	0	894
27272	6	0	28	931	0	965
27273	6	0	8	955	0	969
27274	1	0	4	909	0	914
27275	1	843	2	44	0	890
27276	1	932	1	18	0	952
27277	896	43	0	10	0	949
27278	33	18	2	917	0	970
27279	10	7	0	963	0	980
27280	8	3	0	988	0	999
27281	3	2	904	54	0	963
27282	3	3	877	22	0	905
27283	870	3	45	11	0	929
27284	922	1	19	6	0	948
27285	48	0	6	870	0	924
27286	18	885	2	36	0	941
27287	7	34	4	891	0	936
27288	3	13	3	914	0	933
27289	4	6	843	48	0	901
27290	857	2	35	22	0	916
27291	37	3	12	895	0	947
27292	17	3	6	910	0	936
27293	876	2	6	51	0	935
27294	37	847	4	26	0	914
27295	875	37	1	19	0	932
27296	45	12	2	856	0	915
27297	12	827	5	38	0	882
27298	844	38	2	19	0	903
27299	42	15	1	851	0	909
27300	845	7	1	46	0	899
27301	865	4	3	22	0	894
27302	867	4	0	15	0	886
27303	54	812	1	12	0	879
27304	22	741	8	8	0	779
27305	14	47	7	692	0	760
27306	13	719	1	41	0	774
27307	727	37	1	23	0	788
27308	40	16	2	737	0	795
27309	733	14	2	42	0	791
27310	766	10	2	20	0	798
27311	55	3	4	724	0	786
27312	25	3	2	813	0	843
27313	773	6	1	66	0	846
27314	782	6	7	27	0	822
27315	809	3	7	23	0	842
27316	809	6	3	14	0	832
27317	826	2	1	13	0	842
27318	69	7	1	774	0	851
27319	24	12	2	803	0	841
27320	24	10	4	819	0	857
27321	761	4	3	74	0	842
27322	59	5	3	760	0	827
27323	29	771	3	62	0	865
27324	22	42	4	806	0	874
27325	785	20	7	61	0	873
27326	825	10	4	28	0	867
27327	65	8	755	24	0	852
27328	32	9	43	746	0	830
27329	26	786	14	48	0	874
27330	807	47	6	31	0	891
27331	55	819	4	26	0	904
27332	31	47	4	820	0	902
27333	826	20	4	49	0	899
27334	842	8	7	32	0	889
27335	65	820	2	25	0	912
27336	38	47	1	829	0	915
27337	28	24	825	48	0	925
27338	837	15	44	24	0	920
27339	55	10	819	25	0	909
27340	852	10	45	16	0	923
27341	881	7	15	14	0	917
27342	64	16	9	867	0	956
27343	910	6	4	59	0	979
27344	935	6	4	30	0	975
27345	965	11	2	17	0	995
27346	78	11	5	910	0	1004
27347	932	12	4	55	0	1003
27348	73	5	2	919	0	999
27349	33	8	6	930	0	977
27350	33	925	5	69	0	1032
27351	22	47	4	898	0	971
27352	27	930	1	62	0	1020
27353	945	48	3	27	0	1023
27354	985	21	1	24	0	1031
27355	73	10	2	962	0	1047
27356	37	7	3	1001	0	1048
27357	971	13	0	72	0	1056
27358	65	5	922	42	0	1034
27359	976	7	44	23	0	1050
27360	81	3	16	955	0	1055
27361	32	6	801	56	0	895
27362	828	6	41	31	0	906
27363	900	6	16	30	0	952
27364	74	7	835	16	0	932
27365	889	1	45	19	0	954
27366	63	14	845	14	0	936
27367	30	853	42	20	0	945
27368	815	40	75	13	0	943
27369	784	20	6	6	0	816
27370	58	689	10	8	0	765
27371	9	394	2	4	0	409
27372	348	10	1	3	0	362
27373	354	3	2	3	0	362
27374	13	1	1	349	0	364
27375	6	2	340	9	0	357
27376	6	1	325	4	0	336
27377	345	2	10	3	0	360
27378	16	2	340	0	0	358
27379	342	1	9	4	0	356
27380	10	0	2	345	0	357
27381	4	2	1	350	0	357
27382	4	0	338	12	0	354
27383	326	2	10	3	0	341
27384	12	1	1	340	0	354
27385	3	1	1	349	0	354
27386	344	0	0	15	0	359
27387	346	1	0	5	0	352
27388	338	1	1	2	0	342
27389	10	335	2	4	0	351
27390	5	11	329	2	0	347
27391	329	1	8	5	0	343
27392	338	1	3	3	0	345
27393	12	328	1	3	0	344
27394	337	7	0	1	0	345
27395	9	2	2	331	0	344
27396	4	4	358	8	0	374
27397	355	0	8	2	0	365
27398	369	1	3	2	0	375
27399	368	0	1	2	0	371
27400	374	1	1	2	0	378
27401	12	2	1	355	0	370
27402	3	4	2	355	0	364
27403	364	0	0	10	0	374
27404	12	0	1	359	0	372
27405	5	2	1	362	0	370
27406	2	356	2	7	0	367
27407	5	8	3	362	0	378
27408	6	2	1	368	0	377
27409	1	1	3	369	0	374
27410	3	2	1	366	0	372
27411	2	362	1	11	0	376
27412	0	0	0	320	0	320
27413	0	0	0	321	0	321
27414	0	0	324	0	0	324
27415	0	0	305	0	0	305
27416	0	301	0	0	0	301
27417	367	0	0	0	0	367
27418	6	361	0	0	0	367
27419	0	7	0	418	0	425
27420	0	1	436	7	0	444
27421	424	0	11	0	0	435
27422	10	0	0	443	0	453
27423	415	0	1	10	0	426
27424	420	0	0	0	0	420
27425	11	413	1	4	0	429
27426	410	11	0	0	0	421
27427	12	395	0	0	0	407
27428	1	12	0	400	0	413
27429	1	399	0	11	0	411
27430	0	13	363	1	0	377
27431	1	375	10	1	0	387
27432	0	13	2	388	0	403
27433	393	1	1	12	0	407
27434	13	407	1	2	0	423
27435	1	16	0	395	0	412
27436	2	1	0	410	0	413
27437	1	2	380	16	0	399
27438	0	1	15	383	0	399
27439	1	1	382	16	0	400
27440	373	0	16	3	0	392
27441	15	2	386	1	0	404
27442	3	359	13	2	0	377
27443	2	15	1	348	0	366
27444	3	2	1	341	0	347
27445	1	2	0	342	0	345
27446	329	2	0	17	0	348
27447	14	0	1	318	0	333
27448	1	361	1	13	0	376
27449	356	13	1	3	0	373
27450	15	314	0	6	0	335
27451	3	15	2	315	0	335
27452	314	5	0	14	0	333
27453	15	305	0	5	0	325
27454	2	330	0	4	0	336
27455	321	16	1	2	0	340
27456	334	2	0	2	0	338
27457	16	2	317	2	0	337
27458	338	1	15	1	0	355
27459	17	0	330	3	0	350
27460	4	1	18	335	0	358
27461	4	0	333	19	0	356
27462	3	1	17	339	0	360
27463	6	2	296	17	0	321
27464	4	4	17	309	0	334
27465	3	4	2	323	0	332
27466	311	4	1	21	0	337
27467	18	1	307	6	0	332
27468	301	4	15	8	0	328
27469	21	3	291	7	0	322
27470	7	3	303	3	0	316
27471	4	4	17	291	0	316
27472	290	2	5	22	0	319
27473	19	290	5	4	0	318
27474	284	21	2	9	0	316
27475	289	1	3	9	0	302
27476	22	288	4	2	0	316
27477	295	19	6	2	0	322
27478	22	3	283	4	0	312
27479	7	5	20	289	0	321
27480	284	1	6	20	0	311
27481	18	289	6	6	0	319
27482	6	17	3	283	0	309
27483	5	5	1	301	0	312
27484	4	6	2	297	0	309
27485	7	4	1	309	0	321
27486	290	5	2	23	0	320
27487	307	6	1	10	0	324
27488	300	1	5	8	0	314
27489	305	6	2	4	0	317
27490	24	6	278	7	0	315
27491	284	1	17	6	0	308
27492	303	3	3	5	0	314
27493	23	280	6	2	0	311
27494	9	295	3	6	0	313
27495	11	20	3	279	0	313
27496	8	5	4	274	0	291
27497	3	8	251	21	0	283
27498	8	281	20	6	0	315
27499	5	19	4	276	0	304
27500	1	282	9	24	0	316
27501	4	24	5	281	0	314
27502	5	5	2	312	0	324
27503	3	300	4	23	0	330
27504	6	19	2	308	0	335
27505	7	2	295	22	0	326
27506	3	9	316	6	0	334
27507	304	3	21	7	0	335
27508	310	3	8	5	0	326
27509	20	299	10	5	0	334
27510	308	19	5	4	0	336
27511	29	4	2	302	0	337
27512	289	10	2	21	0	322
27513	26	296	4	5	0	331
27514	12	17	287	7	0	323
27515	294	3	22	6	0	325
27516	24	6	289	4	0	323
27517	10	5	232	4	0	251
27518	6	4	239	6	0	255
27519	6	186	15	7	0	214
27520	160	5	8	2	0	175
27521	164	3	5	2	0	174
27522	8	3	5	159	0	175
27523	6	3	2	159	0	170
27524	6	166	1	9	0	182
27525	168	6	2	4	0	180
27526	5	164	3	5	0	177
27527	3	170	1	3	0	177
27528	164	5	2	2	0	173
27529	8	4	2	165	0	179
27530	3	3	0	197	0	203
27531	5	1	2	196	0	204
27532	2	192	1	9	0	204
27533	171	2	0	4	0	177
27534	3	1	1	164	0	169
27535	1	166	1	3	0	171
27536	3	166	0	1	0	170
27537	3	2	1	165	0	171
27538	1	168	0	5	0	174
27539	2	4	1	168	0	175
27540	168	3	0	3	0	174
27541	4	2	155	2	0	163
27542	1	158	2	4	0	165
27543	2	4	1	156	0	163
27544	0	1	150	5	0	156
27545	157	1	3	2	0	163
27546	3	2	1	156	0	162
27547	119	1	2	39	0	161
27548	124	0	1	2	0	127
27549	2	121	2	3	0	128
27550	122	3	0	3	0	128
27551	127	0	0	2	0	129
27552	125	3	1	0	0	129
27553	6	2	0	117	0	125
27554	4	0	1	159	0	164
27555	4	0	2	156	0	162
27556	4	1	151	4	0	160
27557	2	154	2	3	0	161
27558	136	2	0	3	0	141
27559	3	133	1	1	0	138
27560	1	3	1	140	0	145
27561	3	1	137	2	0	143
27562	132	2	1	1	0	136
27563	0	136	1	3	0	140
27564	0	1	0	116	0	117
27565	0	0	0	114	0	114
27566	1	0	114	1	0	116
27567	0	114	1	0	0	115
27568	0	1	0	116	0	117
27569	0	0	0	116	0	116
27570	0	0	1	117	0	118
27571	115	0	0	1	0	116
27572	1	0	115	1	0	117
27573	0	111	1	1	0	113
27574	114	1	0	1	0	116
27575	2	110	0	0	0	112
27576	0	1	0	114	0	115
27577	0	113	0	1	0	114
27578	116	1	0	0	0	117
27579	117	1	0	0	0	118
27580	1	0	0	115	0	116
27581	0	0	0	116	0	116
27582	1	0	0	115	0	116
27583	2	0	111	1	0	114
27584	0	110	1	1	0	112
27585	1	1	0	160	0	162
27586	0	0	0	162	0	162
27587	0	0	1	164	0	165
27588	0	1	0	189	0	190
27589	0	1	180	9	0	190
27590	0	181	3	5	0	189
27591	0	4	2	185	0	191
27592	0	3	0	229	0	232
27593	0	1	222	8	0	231
27594	0	2	4	215	0	221
27595	0	216	2	7	0	225
27596	0	221	0	5	0	226
27597	0	7	1	222	0	230
27598	0	3	191	5	0	199
27599	156	18	5	3	0	182
27600	5	186	3	0	0	194
27601	2	3	188	3	0	196
27602	0	3	198	1	0	202
27603	1	194	6	1	0	202
27604	0	6	230	1	0	237
27605	0	3	6	233	0	242
27606	233	1	5	5	0	244
27607	233	1	0	4	0	238
27608	227	1	1	1	0	230
27609	233	0	2	1	0	236
27610	9	233	0	1	0	243
27611	235	5	0	0	0	240
27612	6	260	3	0	0	269
27613	4	5	248	2	0	259
27614	1	4	6	241	0	252
27615	3	254	3	4	0	264
27616	1	6	1	308	0	316
27617	298	1	2	5	0	306
27618	5	2	1	299	0	307
27619	3	294	0	3	0	300
27620	302	6	1	5	0	314
27621	6	3	296	1	0	306
27622	5	0	4	296	0	305
27623	1	3	2	301	0	307
27624	297	0	1	9	0	307
27625	6	288	2	2	0	298
27626	5	6	290	1	0	302
27627	1	3	6	292	0	302
27628	1	1	293	5	0	300
27629	1	280	7	3	0	291
27630	1	269	4	2	0	276
27631	270	8	0	2	0	280
27632	6	3	266	1	0	276
27633	269	3	5	1	0	278
27634	6	1	3	258	0	268
27635	4	264	1	6	0	275
27636	267	6	3	4	0	280
27637	6	5	301	2	0	314
27638	3	2	5	294	0	304
27639	1	2	4	294	0	301
27640	3	0	1	300	0	304
27641	1	297	2	8	0	308
27642	296	7	1	5	0	309
27643	6	291	0	3	0	300
27644	4	298	3	1	0	306
27645	2	9	2	301	0	314
27646	299	5	0	6	0	310
27647	295	1	1	4	0	301
27648	334	2	3	1	0	340
27649	8	325	1	3	0	337
27650	4	3	1	336	0	344
27651	1	5	329	7	0	342
27652	3	2	5	321	0	331
27653	1	3	4	326	0	334
27654	3	291	1	10	0	305
27655	302	4	1	6	0	313
27656	5	4	2	293	0	304
27657	4	300	0	5	0	309
27658	300	8	1	4	0	313
27659	6	4	295	2	0	307
27660	282	2	6	4	0	294
27661	4	295	3	3	0	305
27662	308	5	0	4	0	317
27663	307	5	3	1	0	316
27664	11	1	306	3	0	321
27665	300	5	5	1	0	311
27666	8	3	351	1	0	363
27667	4	3	354	1	0	362
27668	334	1	10	3	0	348
27669	350	1	4	2	0	357
27670	9	3	360	1	0	373
27671	8	1	6	336	0	351
27672	3	1	5	350	0	359
27673	4	349	0	10	0	363
27674	403	4	4	2	0	413
27675	398	6	2	3	0	409
27676	12	1	392	1	0	406
27677	380	5	3	0	0	388
27678	402	1	6	0	0	409
27679	11	418	0	5	0	434
27680	3	6	3	433	0	445
27681	4	5	0	429	0	438
27682	3	2	2	439	0	446
27683	437	1	3	8	0	449
27684	6	429	2	6	0	443
27685	3	2	0	389	0	394
27686	2	377	0	3	0	382
27687	1	27	1	364	0	393
27688	1	351	0	3	0	355
27689	0	352	1	1	0	354
27690	351	0	1	1	0	353
27691	361	0	1	0	0	362
27692	0	0	0	340	0	340
27693	0	0	0	383	0	383
27694	0	0	0	389	0	389
27695	0	0	0	386	0	386
27696	0	0	1	382	0	383
27697	0	376	0	1	0	377
27698	0	0	0	387	0	387
27699	0	0	0	388	0	388
27700	376	0	0	0	0	376
27701	0	1	0	379	0	380
27702	0	0	0	364	0	364
27703	0	0	364	0	0	364
27704	0	0	0	325	0	325
27705	0	0	0	334	0	334
27706	1	0	394	0	0	395
27707	0	389	1	1	0	391
27708	0	0	418	0	0	418
27709	0	0	439	0	0	439
27710	0	389	2	1	0	392
27711	456	0	0	0	0	456
27712	432	0	0	0	0	432
27713	0	0	0	426	0	426
27714	421	0	0	0	0	421
27715	0	0	428	0	0	428
27716	0	0	0	385	0	385
27717	0	0	417	0	0	417
27718	0	0	0	412	0	412
27719	0	0	0	442	0	442
27720	0	0	0	454	0	454
27721	456	0	0	0	0	456
27722	0	0	1	454	0	455
27723	486	0	0	1	0	487
27724	484	0	0	0	0	484
27725	0	473	0	0	0	473
27726	490	0	0	0	0	490
27727	0	472	0	0	0	472
27728	0	0	0	490	0	490
27729	0	0	0	478	0	478
27730	0	0	0	481	0	481
27731	0	0	482	0	0	482
27732	0	458	0	1	0	459
27733	0	0	0	487	0	487
27734	0	0	0	486	0	486
27735	0	480	0	0	0	480
27736	487	0	0	0	0	487
27737	0	446	0	0	0	446
27738	450	0	0	0	0	450
27739	0	456	0	1	0	457
27740	0	0	0	457	0	457
27741	0	447	0	0	0	447
27742	461	0	0	0	0	461
27743	453	0	0	0	0	453
27744	449	0	0	0	0	449
27745	442	0	0	0	0	442
27746	0	0	444	0	0	444
27747	444	0	0	0	0	444
27748	420	0	0	0	0	420
27749	420	0	0	0	0	420
27750	0	2	398	0	0	400
27751	399	0	0	0	0	399
27752	0	409	0	0	0	409
27753	420	0	1	0	0	421
27754	0	2	622	0	0	624
27755	612	0	1	0	0	613
27756	622	0	0	0	0	622
27757	1	0	529	83	0	613
27758	0	0	594	0	0	594
27759	737	0	0	0	0	737
27760	0	0	0	738	0	738
27761	1	0	0	726	0	727
27762	0	0	753	0	0	753
27763	667	1	1	0	0	669
27764	737	0	0	0	0	737
27765	0	708	2	0	0	710
27766	0	0	0	707	0	707
27767	0	0	0	699	0	699
27768	0	0	0	693	0	693
27769	0	682	0	0	0	682
27770	696	0	0	0	0	696
27771	0	0	0	697	0	697
27772	0	0	0	704	0	704
27773	703	1	0	1	0	705
27774	648	0	0	0	0	648
27775	1	0	0	655	0	656
27776	0	0	0	660	0	660
27777	1	0	639	0	0	640
27778	584	0	1	2	0	587
27779	0	605	0	0	0	605
27780	0	0	0	707	0	707
27781	0	0	0	709	0	709
27782	0	702	2	9	0	713
27783	0	11	0	742	0	753
27784	848	2	0	16	0	866
27785	16	3	0	1086	0	1105
27786	6	3	0	1125	0	1134
27787	5	0	0	1158	0	1163
27788	3	0	1093	54	0	1150
27789	1	0	28	1131	0	1160
27790	0	5	1072	50	0	1127
27791	0	1059	36	25	0	1120
27792	1	29	18	1109	0	1157
27793	0	14	8	1130	0	1152
27794	1	7	7	1160	0	1175
27795	1	7	1	1166	0	1175
27796	0	1	2	1180	0	1183
27797	1120	1	0	67	0	1188
27798	32	3	1097	32	0	1164
27799	14	1119	32	20	0	1185
27800	8	1225	14	15	0	1262
27801	8	39	8	1229	0	1284
27802	1	22	8	1259	0	1290
27803	1	15	2	1264	0	1282
27804	0	1210	4	58	0	1272
27805	3	32	2	1266	0	1303
27806	1	22	1156	51	0	1230
27807	1	1139	32	31	0	1203
27808	2	44	14	1180	0	1240
27809	1119	16	9	51	0	1195
27810	30	9	8	1149	0	1196
27811	17	8	2	1163	0	1190
27812	12	1059	4	58	0	1133
27813	8	1126	3	34	0	1171
27814	5	42	5	1154	0	1206
27815	2	24	3	1189	0	1218
27816	4	15	1105	69	0	1193
27817	3	10	34	1126	0	1173
27818	0	5	17	1178	0	1200
27819	1	7	13	1147	0	1168
27820	1	6	10	1150	0	1167
27821	1086	6	8	76	0	1176
27822	1110	3	6	51	0	1170
27823	50	7	5	1099	0	1161
27824	29	8	1	1149	0	1187
27825	1136	1	2	77	0	1216
27826	44	3	3	1170	0	1220
27827	19	10	1114	70	0	1213
27828	12	1106	31	48	0	1197
27829	17	40	19	1194	0	1270
27830	7	19	14	1222	0	1262
27831	1179	16	15	68	0	1278
27832	34	17	2	1242	0	1295
27833	20	10	6	1269	0	1305
27834	1244	4	2	90	0	1340
27835	47	7	7	1274	0	1335
27836	23	1253	0	71	0	1347
27837	15	44	3	1340	0	1402
27838	13	19	7	1409	0	1448
27839	9	17	7	1399	0	1432
27840	6	18	4	1420	0	1448
27841	7	14	1298	96	0	1415
27842	9	13	1318	60	0	1400
27843	0	8	52	1376	0	1436
27844	1	16	26	1366	0	1409
27845	3	1317	22	79	0	1421
27846	4	41	11	1364	0	1420
27847	4	1323	7	81	0	1415
27848	1322	44	8	49	0	1423
27849	44	1361	10	33	0	1448
27850	25	53	5	1435	0	1518
27851	13	33	2	1466	0	1514
27852	14	16	1355	86	0	1471
27853	1293	17	37	55	0	1402
27854	1190	6	20	43	0	1259
27855	54	1176	12	37	0	1279
27856	32	46	14	1159	0	1251
27857	21	24	1169	65	0	1279
27858	19	1186	41	42	0	1288
27859	1099	49	17	33	0	1198
27860	1125	29	11	32	0	1197
27861	66	14	1067	33	0	1180
27862	1106	10	40	34	0	1190
27863	67	12	21	1083	0	1183
27864	34	1060	13	66	0	1173
27865	1097	41	13	47	0	1198
27866	58	23	8	1105	0	1194
27867	1122	16	7	79	0	1224
27868	1193	16	5	45	0	1259
27869	69	16	8	1184	0	1277
27870	38	8	1134	77	0	1257
27871	1265	9	44	45	0	1363
27872	1320	12	22	37	0	1391
27873	1315	10	12	33	0	1370
27874	78	1298	14	31	0	1421
27875	48	48	7	1314	0	1417
27876	30	32	7	1375	0	1444
27877	21	23	1259	89	0	1392
27878	10	24	45	1303	0	1382
27879	12	1293	31	83	0	1419
27880	1217	42	12	55	0	1326
27881	42	1240	17	25	0	1324
27882	30	44	1164	24	0	1262
27883	15	1219	41	27	0	1302
27884	13	1163	24	13	0	1213
27885	6	25	1	888	0	920
27886	882	12	18	15	0	927
27887	871	3	3	14	0	891
27888	866	3	2	2	0	873
27889	27	877	1	4	0	909
27890	12	14	861	5	0	892
27891	874	9	12	5	0	900
27892	910	1	10	6	0	927
27893	29	865	3	2	0	899
27894	888	14	4	1	0	907
27895	19	10	2	868	0	899
27896	15	3	865	18	0	901
27897	848	4	14	13	0	879
27898	857	6	8	6	0	877
27899	846	3	5	5	0	859
27900	23	2	2	778	0	805
27901	15	5	5	788	0	813
27902	7	1	1	859	0	868
27903	7	818	1	38	0	864
27904	7	22	4	920	0	953
27905	7	13	2	951	0	973
27906	4	10	891	46	0	951
27907	1	7	28	966	0	1002
27908	5	4	11	999	0	1019
27909	7	3	4	996	0	1010
27910	9	5	2	979	0	995
27911	7	936	5	52	0	1000
27912	2	37	5	971	0	1015
27913	3	13	5	999	0	1020
27914	951	4	5	52	0	1012
27915	34	11	926	28	0	999
27916	19	8	924	16	0	967
27917	921	7	43	13	0	984
27918	965	2	17	14	0	998
27919	50	7	8	808	0	873
27920	25	931	7	28	0	991
27921	949	30	6	15	0	1000
27922	44	14	6	912	0	976
27923	17	918	6	39	0	980
27924	940	34	5	25	0	1004
27925	41	909	2	9	0	961
27926	921	38	2	11	0	972
27927	909	20	4	13	0	946
27928	52	868	5	9	0	934
27929	20	34	5	865	0	924
27930	13	12	843	45	0	913
27931	8	15	27	831	0	881
27932	845	6	12	40	0	903
27933	34	8	799	26	0	867
27934	21	780	30	13	0	844
27935	12	29	13	817	0	871
27936	13	19	740	36	0	808
27937	9	730	30	23	0	792
27938	705	26	16	12	0	759
27939	30	15	6	725	0	776
27940	19	10	7	742	0	778
27941	6	7	7	744	0	764
27942	8	716	6	46	0	776
27943	721	33	5	26	0	785
27944	32	706	9	13	0	760
27945	18	740	4	11	0	773
27946	734	42	4	12	0	792
27947	748	16	5	14	0	783
27948	41	13	697	13	0	764
27949	711	8	27	8	0	754
27950	685	9	12	7	0	713
27951	49	10	1	651	0	711
27952	25	7	634	37	0	703
27953	15	5	30	654	0	704
27954	706	6	14	35	0	761
27955	43	2	683	17	0	745
27956	20	6	34	742	0	802
27957	16	8	12	891	0	927
27958	14	3	10	1086	0	1113
27959	1070	7	8	78	0	1163
27960	58	1069	7	31	0	1165
27961	1085	58	5	24	0	1172
27962	72	21	1057	14	0	1164
27963	30	11	54	1042	0	1137
27964	19	1091	17	61	0	1188
27965	1100	56	13	25	0	1194
27966	67	25	6	1107	0	1205
27967	29	14	1038	69	0	1150
27968	14	12	53	1055	0	1134
27969	995	3	23	70	0	1091
27970	52	1000	15	31	0	1098
27971	24	50	2	808	0	884
27972	13	901	6	55	0	975
27973	892	62	5	18	0	977
27974	888	18	3	16	0	925
27975	62	878	7	7	0	954
27976	910	58	3	9	0	980
27977	67	17	5	852	0	941
27978	20	887	1	53	0	961
27979	898	54	1	21	0	974
27980	932	16	6	12	0	966
27981	65	824	3	13	0	905
27982	29	874	3	5	0	911
27983	857	63	3	9	0	932
27984	60	24	2	847	0	933
27985	863	19	1	58	0	941
27986	64	8	1	856	0	929
27987	22	10	808	60	0	900
27988	17	8	44	860	0	929
27989	822	7	9	66	0	904
27990	54	9	798	23	0	884
27991	25	2	48	803	0	878
27992	16	3	13	870	0	902
27993	11	9	796	64	0	880
27994	777	2	44	31	0	854
27995	55	5	14	804	0	878
27996	15	6	769	62	0	852
27997	726	7	50	19	0	802
27998	54	779	14	20	0	867
27999	16	796	14	14	0	840
28000	16	820	10	8	0	854
28001	8	58	735	13	0	814
28002	10	13	44	761	0	828
28003	4	11	787	50	0	852
28004	7	7	29	688	0	731
28005	5	660	12	33	0	710
28006	5	679	7	17	0	708
28007	4	30	3	638	0	675
28008	641	14	4	28	0	687
28009	27	9	2	659	0	697
28010	8	5	0	669	0	682
28011	6	637	3	32	0	678
28012	670	23	0	17	0	710
28013	28	675	1	16	0	720
28014	15	32	1	686	0	734
28015	10	16	1	701	0	728
28016	10	683	3	32	0	728
28017	2	30	4	717	0	753
28018	694	11	2	44	0	751
28019	29	14	3	697	0	743
28020	17	7	2	718	0	744
28021	16	710	3	39	0	768
28022	10	28	8	756	0	802
28023	727	11	4	42	0	784
28024	724	13	4	18	0	759
28025	752	8	0	20	0	780
28026	46	9	2	725	0	782
28027	24	10	678	33	0	745
28028	15	7	700	21	0	743
28029	13	6	31	752	0	802
28030	761	8	13	33	0	815
28031	32	11	8	764	0	815
28032	756	9	3	44	0	812
28033	40	8	5	760	0	813
28034	23	5	3	755	0	786
28035	747	8	1	39	0	795
28036	38	9	691	18	0	756
28037	758	7	25	21	0	811
28038	44	8	755	10	0	817
28039	15	6	30	742	0	793
28040	781	4	7	26	0	818
28041	32	3	779	18	0	832
28042	17	5	752	11	0	785
28043	764	5	34	10	0	813
28044	32	4	762	11	0	809
28045	16	815	31	19	0	881
28046	13	23	11	890	0	937
28047	912	9	15	35	0	971
28048	29	7	961	18	0	1015
28049	953	2	28	20	0	1003
28050	1004	3	14	10	0	1031
28051	999	5	17	11	0	1032
28052	1042	2	6	13	0	1063
28053	41	25	9	967	0	1042
28054	21	943	8	28	0	1000
28055	969	29	5	13	0	1016
28056	33	13	895	16	0	957
28057	13	757	16	11	0	797
28058	662	4	3	2	0	671
28059	0	603	1	4	0	608
28060	1	637	0	1	0	639
28061	17	1	1	632	0	651
28062	0	1	0	630	0	631
28063	2	1	0	623	0	626
28064	632	1	0	5	0	638
28065	619	2	0	1	0	622
28066	1	1	0	647	0	649
28067	3	0	0	669	0	672
28068	4	0	649	4	0	657
28069	612	0	1	3	0	616
28070	657	2	0	1	0	660
28071	1	0	1	665	0	667
28072	3	0	1	664	0	668
28073	2	0	665	1	0	668
28074	2	0	1	687	0	690
28075	2	0	689	4	0	695
28076	0	725	7	8	0	740
28077	1	2	774	2	0	779
28078	0	1	3	742	0	746
28079	2	3	812	2	0	819
28080	1	2	746	4	0	753
28081	759	1	1	1	0	762
28082	1	0	1	826	0	828
28083	2	0	817	3	0	822
28084	723	0	1	1	0	725
28085	1	0	811	0	0	812
28086	2	0	919	0	0	921
28087	1	904	4	2	0	911
28088	1	0	2	956	0	959
28089	2	0	948	0	0	950
28090	0	2	895	0	0	897
28091	0	0	2	920	0	922
28092	3	1	1	932	0	937
28093	0	915	5	1	0	921
28094	1	2	1	961	0	965
28095	1031	0	1	3	0	1035
28096	1007	0	0	1	0	1008
28097	1018	0	2	2	0	1022
28098	3	1	0	1010	0	1014
28099	3	993	1	0	0	997
28100	1039	0	0	0	0	1039
28101	4	1032	1	2	0	1039
28102	0	977	0	2	0	979
28103	0	1001	0	2	0	1003
28104	1018	0	1	0	0	1019
28105	0	0	0	986	0	986
28106	0	0	1	1008	0	1009
28107	0	996	0	1	0	997
28108	976	0	2	0	0	978
28109	0	1	1023	1	0	1025
28110	0	0	1	1021	0	1022
28111	1055	0	1	1	0	1057
28112	1	1046	0	3	0	1050
28113	1195	0	0	1	0	1196
28114	0	0	1	1218	0	1219
28115	1	1185	1	2	0	1189
28116	1	0	1171	0	0	1172
28117	1159	0	0	0	0	1159
28118	0	1	0	1229	0	1230
28119	1241	0	0	1	0	1242
28120	0	0	0	1230	0	1230
28121	0	1233	2	1	0	1236
28122	0	0	1280	1	0	1281
28123	0	1	1357	1	0	1359
28124	0	15	0	1378	0	1393
28125	1456	0	1	1	0	1458
28126	1440	0	0	0	0	1440
28127	1	0	0	1426	0	1427
28128	1	0	0	1413	0	1414
28129	1479	0	0	1	0	1480
28130	0	1	0	1501	0	1502
28131	1523	0	0	0	0	1523
28132	0	1455	1	0	0	1456
28133	1504	1	0	1	0	1506
28134	2	1	1521	0	0	1524
28135	1	0	0	1537	0	1538
28136	0	0	0	1583	0	1583
28137	0	0	0	1581	0	1581
28138	0	1516	0	0	0	1516
28139	1	1502	1	0	0	1504
28140	0	0	1	1577	0	1578
28141	0	0	1650	1	0	1651
28142	1	0	0	1585	0	1586
28143	0	1	0	1622	0	1623
28144	2	6	1	1640	0	1649
28145	1573	0	0	0	0	1573
28146	0	1508	0	1	0	1509
28147	0	1515	1	2	0	1518
28148	1	1	0	1476	0	1478
28149	0	0	0	1482	0	1482
28150	1	0	0	1455	0	1456
28151	0	0	0	1469	0	1469
28152	1453	1	0	0	0	1454
28153	0	1400	2	1	0	1403
28154	1462	0	1	0	0	1463
28155	1484	0	0	2	0	1486
28156	1	0	0	1503	0	1504
28157	0	0	0	1510	0	1510
28158	1527	0	0	4	0	1531
28159	1493	1	0	1	0	1495
28160	1	0	0	1374	0	1375
28161	0	0	0	1443	0	1443
28162	1	0	1428	0	0	1429
28163	0	1377	0	1	0	1378
28164	1296	101	1	1	0	1399
28165	1368	1	2	2	0	1373
28166	0	1	1458	2	0	1461
28167	1	1	1323	0	0	1325
28168	1303	0	3	2	0	1308
28169	1439	0	1	1	0	1441
28170	2	1503	0	1	0	1506
28171	1	1568	0	1	0	1570
28172	1	3	0	1628	0	1632
28173	1704	1	0	1	0	1706
28174	1726	0	1	1	0	1728
28175	1793	0	0	0	0	1793
28176	1	0	0	1672	0	1673
28177	1	0	0	1715	0	1716
28178	1	1	1664	2	0	1668
28179	1	2	1544	1	0	1548
28180	0	2	1608	0	0	1610
28181	0	0	3	1603	0	1606
28182	1655	0	1	2	0	1658
28183	2	0	1659	2	0	1663
28184	1	0	1	1614	0	1616
28185	0	1662	2	1	0	1665
28186	1	2	0	1618	0	1621
28187	0	1	0	1592	0	1593
28188	0	0	1702	1	0	1703
28189	0	0	3	1650	0	1653
28190	1985	0	1	4	0	1990
28191	8	0	2095	4	0	2107
28192	6	0	10	2072	0	2088
28193	2	1	2149	10	0	2162
28194	2	2038	16	7	0	2063
28195	4	19	2079	2	0	2104
28196	2	6	20	2014	0	2042
28197	1	2	8	2143	0	2154
28198	0	5	2149	20	0	2174
28199	1	2	17	2120	0	2140
28200	2	2	8	2142	0	2154
28201	0	2060	5	30	0	2095
28202	0	22	2112	10	0	2144
28203	2	6	23	2087	0	2118
28204	0	2	10	2146	0	2158
28205	1	2171	5	33	0	2210
28206	1	21	3	2266	0	2291
28207	2251	8	4	26	0	2289
28208	21	1	3	2252	0	2277
28209	6	3	2146	28	0	2183
28210	2053	2	19	14	0	2088
28211	2335	2	7	9	0	2353
28212	50	2	2386	5	0	2443
28213	2377	1	32	7	0	2417
28214	44	2501	16	5	0	2566
28215	15	40	11	2659	0	2725
28216	8	10	3	2992	0	3013
28217	6	5	7	3026	0	3044
28218	3	5	5	3048	0	3061
28219	7	5	1	3079	0	3092
28220	3033	4	4	85	0	3126
28221	61	2	2890	43	0	2996
28222	2819	4	61	24	0	2908
28223	62	4	2771	21	0	2858
28224	31	4	59	2771	0	2865
28225	2831	2	29	75	0	2937
28226	67	1	16	2809	0	2893
28227	32	2743	15	68	0	2858
28228	2950	56	14	35	0	3055
28229	63	23	12	3072	0	3170
28230	34	9	2926	75	0	3044
28231	2739	9	59	38	0	2845
28232	62	2979	19	28	0	3088
28233	34	60	3057	18	0	3169
28234	17	23	64	3057	0	3161
28235	13	9	29	3009	0	3060
28236	21	2976	16	83	0	3096
28237	19	66	2962	41	0	3088
28238	11	65	74	2945	0	3095
28239	20	17	3078	72	0	3187
28240	8	15	65	3025	0	3113
28241	14	9	34	3027	0	3084
28242	24	5	3094	96	0	3219
28243	10	4	68	3123	0	3205
28244	13	15	41	2943	0	3012
28245	13	7	22	3473	0	3515
28246	14	11	18	3538	0	3581
28247	3418	4	31	127	0	3580
28248	90	4	3330	72	0	3496
28249	3476	12	84	48	0	3620
28250	91	6	35	3631	0	3763
28251	37	9	31	3684	0	3761
28252	25	10	21	3677	0	3733
28253	23	3547	24	121	0	3715
28254	3687	75	15	72	0	3849
28255	82	30	17	4168	0	4297
28256	35	4048	23	119	0	4225
28257	36	78	9	4244	0	4367
28258	4323	38	23	124	0	4508
28259	4275	23	23	64	0	4385
28260	4312	16	20	59	0	4407
28261	106	4132	24	43	0	4305
28262	55	89	4274	48	0	4466
28263	4272	34	82	46	0	4434
28264	4498	28	35	43	0	4604
28265	114	4369	33	43	0	4559
28266	4473	78	19	49	0	4619
28267	4402	36	29	43	0	4510
28268	4486	21	18	45	0	4570
28269	130	4313	17	47	0	4507
28270	55	84	25	4433	0	4597
28271	4625	32	17	107	0	4781
28272	4655	28	17	59	0	4759
28273	4597	19	13	54	0	4683
28274	4588	16	17	51	0	4672
28275	131	18	9	4446	0	4604
28276	77	10	4354	116	0	4557
28277	59	12	77	4396	0	4544
28278	47	4500	37	105	0	4689
28279	43	81	25	4769	0	4918
28280	46	33	4618	132	0	4829
28281	4623	25	95	68	0	4811
28282	117	22	31	4821	0	4991
28283	4799	24	22	123	0	4968
28284	4780	19	25	70	0	4894
28285	141	20	15	4913	0	5089
28286	88	20	4810	121	0	5039
28287	60	27	4439	68	0	4594
28288	4341	15	104	46	0	4506
28289	126	4556	44	38	0	4764
28290	62	4342	25	33	0	4462
28291	53	4456	15	40	0	4564
28292	37	4595	18	38	0	4688
28293	4615	104	56	34	0	4809
28294	4634	47	12	25	0	4718
28295	4634	35	9	26	0	4704
28296	4643	23	16	33	0	4715
28297	115	32	11	4474	0	4632
28298	66	4472	17	88	0	4643
28299	4556	64	12	37	0	4669
28300	112	38	4298	30	0	4478
28301	58	4293	67	45	0	4463
28302	49	69	4377	33	0	4528
28303	4321	29	81	28	0	4459
28304	4482	20	39	29	0	4570
28305	4388	24	31	30	0	4473
28306	114	31	16	4339	0	4500
28307	71	22	4288	88	0	4469
28308	57	4163	70	44	0	4334
28309	4249	68	30	31	0	4378
28310	100	4193	20	36	0	4349
28311	54	3962	10	31	0	4057
28312	45	3988	22	17	0	4072
28313	49	3860	7	29	0	3945
28314	50	71	3452	18	0	3591
28315	34	3603	52	19	0	3708
28316	3306	39	14	11	0	3370
28317	38	15	12	3229	0	3294
28318	19	12	11	3299	0	3341
28319	3366	10	6	24	0	3406
28320	42	3234	4	19	0	3299
28321	24	30	3241	21	0	3316
28322	26	8	28	3267	0	3329
28323	17	16	12	3320	0	3365
28324	28	8	16	3373	0	3425
28325	12	16	3296	38	0	3362
28326	13	16	3299	21	0	3349
28327	14	9	26	3299	0	3348
28328	18	10	3261	30	0	3319
28329	22	10	3002	13	0	3047
28330	2448	15	37	19	0	2519
28331	30	2913	20	17	0	2980
28332	12	2929	17	15	0	2973
28333	17	3324	9	13	0	3363
28334	16	40	6	3251	0	3313
28335	14	3395	5	22	0	3436
28336	3486	29	16	7	0	3538
28337	31	15	3338	13	0	3397
28338	3423	12	32	11	0	3478
28339	45	9	7	3545	0	3606
28340	22	10	8	3587	0	3627
28341	20	3694	10	26	0	3750
28342	3620	32	15	16	0	3683
28343	3581	9	15	13	0	3618
28344	44	3564	6	13	0	3627
28345	12	52	2	3368	0	3434
28346	9	8	3517	26	0	3560
28347	6	10	3598	8	0	3622
28348	8	3557	41	11	0	3617
28349	3513	28	11	5	0	3557
28350	39	10	3480	3	0	3532
28351	9	7	30	3415	0	3461
28352	3567	4	8	32	0	3611
28353	3624	3	8	4	0	3639
28354	41	5213	13	9	0	5276
28355	17	5428	3	8	0	5456
28356	5513	150	8	2	0	5673
28357	137	53	5496	6	0	5692
28358	5375	39	137	3	0	5554
28359	5554	12	31	4	0	5601
28360	176	12	25	5420	0	5633
28361	61	7	5388	136	0	5592
28362	43	9	5286	31	0	5369
28363	5290	4	170	24	0	5488
28364	151	11	5454	14	0	5630
28365	5222	9	166	5	0	5402
28366	5520	6	42	3	0	5571
28367	177	5245	40	6	0	5468
28368	70	144	5195	2	0	5411
28369	41	5281	145	7	0	5474
28370	5323	155	35	10	0	5523
28371	160	46	5180	1	0	5387
28372	43	32	156	5140	0	5371
28373	39	22	5299	143	0	5503
28374	21	11	5372	37	0	5441
28375	28	9	5326	24	0	5387
28376	21	11	5291	12	0	5335
28377	22	4909	208	24	0	5163
28378	22	140	4949	9	0	5120
28379	14	4902	172	13	0	5101
28380	67	185	4900	5	0	5157
28381	4884	56	199	5	0	5144
28382	188	33	57	4407	0	4685
28383	43	4960	57	123	0	5183
28384	4990	164	30	31	0	5215
28385	5055	41	32	22	0	5150
28386	4995	41	27	16	0	5079
28387	5035	30	33	4	0	5102
28388	215	4887	32	11	0	5145
28389	4921	165	27	8	0	5121
28390	5017	50	39	5	0	5111
28391	224	4671	27	20	0	4942
28392	82	176	4466	9	0	4733
28393	62	48	172	4332	0	4614
28394	56	4488	65	157	0	4766
28395	37	178	4516	30	0	4761
28396	53	46	4555	28	0	4682
28397	34	4432	220	20	0	4706
28398	37	4656	86	11	0	4790
28399	46	4860	70	11	0	4987
28400	34	5062	42	9	0	5147
28401	4834	253	43	8	0	5138
28402	4927	99	33	7	0	5066
28403	241	75	4883	16	0	5215
28404	100	52	5080	12	0	5244
28405	80	34	232	4828	0	5174
28406	57	29	104	5038	0	5228
28407	45	33	87	5139	0	5304
28408	5003	30	54	232	0	5319
28409	211	4933	41	82	0	5267
28410	67	5125	53	46	0	5291
28411	71	5244	59	29	0	5403
28412	5212	274	43	15	0	5544
28413	5368	120	52	16	0	5556
28414	283	68	55	5340	0	5746
28415	5524	50	55	208	0	5837
28416	5514	58	43	70	0	5685
28417	297	48	57	5387	0	5789
28418	5381	54	44	238	0	5717
28419	279	5267	53	79	0	5678
28420	138	228	59	5449	0	5874
28421	102	102	5231	224	0	5659
28422	93	5273	258	66	0	5690
28423	90	251	5406	56	0	5803
28424	77	98	279	5080	0	5534
28425	75	5482	127	192	0	5876
28426	75	236	102	5370	0	5783
28427	86	99	80	5614	0	5879
28428	79	86	5432	265	0	5862
28429	76	62	5665	105	0	5908
28430	82	56	295	5597	0	6030
28431	68	69	136	5358	0	5631
28432	67	5604	121	244	0	6036
28433	5065	263	76	101	0	5505
28434	264	5276	74	68	0	5682
28435	123	5414	72	41	0	5650
28436	108	308	4965	50	0	5431
28437	66	5237	259	46	0	5608
28438	62	287	133	4630	0	5112
28439	72	5040	101	220	0	5433
28440	50	271	81	4902	0	5304
28441	55	5033	75	253	0	5416
28442	4903	281	71	91	0	5346
28443	267	4991	54	71	0	5383
28444	104	298	58	4552	0	5012
28445	98	4939	51	210	0	5298
28446	4816	287	45	63	0	5211
28447	4751	137	39	60	0	4987
28448	304	4650	40	47	0	5041
28449	4740	264	32	34	0	5070
28450	288	108	31	4590	0	5017
28451	138	82	4590	241	0	5051
28452	94	83	4649	95	0	4921
28453	69	4672	283	76	0	5100
28454	2701	119	102	32	0	2954
28455	2771	48	24	25	0	2868
28456	139	29	2578	25	0	2771
28457	53	24	2474	20	0	2571
28458	2415	27	119	18	0	2579
28459	2551	27	40	24	0	2642
28460	134	32	2405	20	0	2591
28461	2395	23	96	26	0	2540
28462	103	2402	43	22	0	2570
28463	38	2423	27	25	0	2513
28464	23	129	29	2339	0	2520
28465	13	59	15	2397	0	2484
28466	2329	35	14	126	0	2504
28467	2372	28	10	58	0	2468
28468	2392	28	12	34	0	2466
28469	130	20	17	2319	0	2486
28470	62	20	21	2351	0	2454
28471	32	2171	21	124	0	2348
28472	24	2227	20	63	0	2334
28473	22	2296	13	34	0	2365
28474	27	138	13	2232	0	2410
28475	24	2341	12	95	0	2472
28476	20	119	2189	45	0	2373
28477	2116	63	99	29	0	2307
28478	109	43	2274	24	0	2450
28479	50	31	2236	17	0	2334
28480	2147	30	98	16	0	2291
28481	81	2277	39	21	0	2418
28482	2359	91	21	20	0	2491
28483	2387	40	19	23	0	2469
28484	108	40	2439	15	0	2602
28485	53	29	2382	15	0	2479
28486	31	2357	95	20	0	2503
28487	33	97	2419	19	0	2568
28488	32	46	89	2364	0	2531
28489	34	35	39	2235	0	2343
28490	29	2369	25	91	0	2514
28491	35	2479	24	42	0	2580
28492	2463	111	20	25	0	2619
28493	2472	54	28	25	0	2579
28494	111	40	21	2429	0	2601
28495	62	36	15	2517	0	2630
28496	2438	40	17	99	0	2594
28497	2459	31	26	54	0	2570
28498	105	2467	29	29	0	2630
28499	2264	77	26	19	0	2386
28500	99	2057	14	19	0	2189
28501	55	2129	21	14	0	2219
28502	2138	89	17	17	0	2261
28503	2193	48	17	17	0	2275
28504	111	33	16	2021	0	2181
28505	2107	31	13	70	0	2221
28506	90	33	2018	44	0	2185
28507	57	2056	61	26	0	2200
28508	2039	72	30	26	0	2167
28509	93	33	2074	14	0	2214
28510	47	168	67	1792	0	2074
28511	36	1861	30	55	0	1982
28512	28	1777	13	21	0	1839
28513	1812	64	11	7	0	1894
28514	55	16	1609	5	0	1685
28515	1522	9	41	5	0	1577
28516	47	13	12	1540	0	1612
28517	27	4	1525	38	0	1594
28518	1470	8	46	14	0	1538
28519	43	1467	25	3	0	1538
28520	12	1537	12	7	0	1568
28521	1558	51	5	9	0	1623
28522	1585	19	4	13	0	1621
28523	1592	6	6	13	0	1617
28524	59	8	10	1521	0	1598
28525	27	6	8	1558	0	1599
28526	23	6	1505	47	0	1581
28527	14	6	1504	21	0	1545
28528	13	1471	43	15	0	1542
28529	49	27	7	1330	0	1413
28530	1328	11	2	24	0	1365
28531	24	1288	2	9	0	1323
28532	4	26	4	1329	0	1363
28533	1308	8	0	25	0	1341
28534	27	1268	3	5	0	1303
28535	16	1429	4	2	0	1451
28536	13	30	1386	3	0	1432
28537	1409	6	21	8	0	1444
28538	1501	5	8	5	0	1519
28539	30	12	1463	2	0	1507
28540	1230	0	5	2	0	1237
28541	4	1	1319	0	0	1324
28542	3	1273	5	0	0	1281
28543	0	33	3	1311	0	1347
28544	1365	5	0	1	0	1371
28545	4	1271	2	1	0	1278
28546	0	1244	0	0	0	1244
28547	1252	2	0	0	0	1254
28548	2	3	1296	0	0	1301
28549	1269	0	1	1	0	1271
28550	2	1292	1	2	0	1297
28551	0	6	1196	0	0	1202
28552	1212	0	2	0	0	1214
28553	1264	0	0	0	0	1264
28554	1	0	0	1229	0	1230
28555	0	1	0	1237	0	1238
28556	0	1214	0	2	0	1216
28557	0	4	1204	0	0	1208
28558	1	0	2	1326	0	1329
28559	1	1	1402	11	0	1415
28560	0	0	1481	3	0	1484
28561	0	1	18	1594	0	1613
28562	0	1	1625	23	0	1649
28563	0	1	1610	8	0	1619
28564	0	0	27	1556	0	1583
28565	1	0	1661	23	0	1685
28566	1500	0	26	8	0	1534
28567	21	1501	9	8	0	1539
28568	8	24	1614	0	0	1646
28569	7	8	1637	1	0	1653
28570	0	6	31	1593	0	1630
28571	1707	0	13	25	0	1745
28572	1712	1	5	5	0	1723
28573	1722	1	3	7	0	1733
28574	1658	1	1	1	0	1661
28575	38	0	2	1554	0	1594
28576	12	2	1732	28	0	1774
28577	1765	0	52	7	0	1824
28578	1808	0	9	8	0	1825
28579	1825	0	5	5	0	1835
28580	40	2	1752	4	0	1798
28581	1575	0	31	4	0	1610
28582	32	3	12	1692	0	1739
28583	9	1677	10	30	0	1726
28584	9	25	6	1567	0	1607
28585	2	1586	8	33	0	1629
28586	1692	32	7	10	0	1741
28587	31	8	1630	10	0	1679
28588	13	7	33	1578	0	1631
28589	10	1582	15	24	0	1631
28590	5	1640	9	10	0	1664
28591	1671	39	7	4	0	1721
28592	1699	15	6	3	0	1723
28593	40	7	1624	3	0	1674
28594	1644	1	35	3	0	1683
28595	41	1	13	1660	0	1715
28596	21	2	1737	32	0	1792
28597	17	3	1709	14	0	1743
28598	9	3	43	1778	0	1833
28599	1800	0	20	40	0	1860
28600	43	1	9	1791	0	1844
28601	18	0	5	1828	0	1851
28602	10	2	8	1816	0	1836
28603	10	1747	7	56	0	1820
28604	9	38	7	1862	0	1916
28605	1793	13	7	49	0	1862
28606	39	1747	8	22	0	1816
28607	16	45	3	1811	0	1875
28608	1775	19	7	47	0	1848
28609	47	1677	5	21	0	1750
28610	21	1728	7	13	0	1769
28611	15	57	8	1726	0	1806
28612	1649	23	7	50	0	1729
28613	51	10	1655	18	0	1734
28614	20	6	1660	17	0	1703
28615	1674	7	64	6	0	1751
28616	1854	6	24	4	0	1888
28617	80	1845	12	12	0	1949
28618	34	53	7	1860	0	1954
28619	14	20	1882	56	0	1972
28620	10	11	1811	23	0	1855
28621	11	4	2026	17	0	2058
28622	12	1923	83	9	0	2027
28623	10	2024	27	16	0	2077
28624	2035	75	12	13	0	2135
28625	69	33	2017	8	0	2127
28626	1968	11	64	13	0	2056
28627	2070	8	28	12	0	2118
28628	83	16	2014	10	0	2123
28629	38	1994	64	10	0	2106
28630	23	65	31	2028	0	2147
28631	15	23	2057	69	0	2164
28632	11	18	2018	22	0	2069
28633	1859	11	75	19	0	1964
28634	63	2034	27	9	0	2133
28635	30	70	20	1845	0	1965
28636	21	27	17	1833	0	1898
28637	16	1832	12	79	0	1939
28638	17	1893	20	24	0	1954
28639	13	1860	10	88	0	1971
28640	13	89	9	2225	0	2336
28641	2201	36	11	96	0	2344
28642	87	21	14	2233	0	2355
28643	31	11	2233	100	0	2375
28644	18	10	2280	26	0	2334
28645	11	16	103	2259	0	2389
28646	14	11	2315	95	0	2435
28647	12	2240	100	83	0	2435
28648	18	97	24	2484	0	2623
28649	2626	29	25	107	0	2787
28650	2639	17	14	31	0	2701
28651	131	2553	11	26	0	2721
28652	2615	113	9	22	0	2759
28653	2696	34	14	18	0	2762
28654	2729	26	19	19	0	2793
28655	138	12	2466	22	0	2638
28656	2495	17	104	16	0	2632
28657	113	2564	35	21	0	2733
28658	55	99	2411	14	0	2579
28659	28	35	2457	12	0	2532
28660	16	2335	102	11	0	2464
28661	2293	90	22	10	0	2415
28662	97	22	14	2232	0	2365
28663	32	2219	10	75	0	2336
28664	2254	90	14	27	0	2385
28665	100	19	8	2341	0	2468
28666	2344	11	11	98	0	2464
28667	108	11	15	2386	0	2520
28668	27	11	2353	100	0	2491
28669	28	11	2463	28	0	2530
28670	17	18	2455	17	0	2507
28671	14	13	115	2266	0	2408
28672	17	16	34	2477	0	2544
28673	21	24	2320	110	0	2475
28674	14	2356	94	35	0	2499
28675	2391	96	30	19	0	2536
28676	2207	28	16	19	0	2270
28677	115	2123	17	13	0	2268
28678	38	93	13	2268	0	2412
28679	21	28	2291	96	0	2436
28680	2270	14	116	27	0	2427
28681	104	15	2311	20	0	2450
28682	77	15	2291	21	0	2404
28683	28	18	2360	18	0	2424
28684	2225	16	124	23	0	2388
28685	111	18	2306	16	0	2451
28686	41	2173	114	10	0	2338
28687	38	2435	31	16	0	2520
28688	34	110	25	2318	0	2487
28689	30	28	31	2441	0	2530
28690	27	24	2339	106	0	2496
28691	2264	25	108	37	0	2434
28692	2468	11	49	24	0	2552
28693	118	17	38	2419	0	2592
28694	2398	23	35	103	0	2559
28695	114	2394	32	41	0	2581
28696	2318	109	23	26	0	2476
28697	119	2267	18	29	0	2433
28698	30	2286	25	22	0	2363
28699	2255	112	25	18	0	2410
28700	2303	37	15	24	0	2379
28701	2388	16	17	26	0	2447
28702	2461	17	24	19	0	2521
28703	126	25	2244	20	0	2415
28704	2278	19	93	18	0	2408
28705	106	18	32	2264	0	2420
28706	44	2372	26	82	0	2524
28707	2381	88	29	25	0	2523
28708	102	2405	22	18	0	2547
28709	2428	96	22	20	0	2566
28710	107	28	20	2377	0	2532
28711	51	22	21	2459	0	2553
28712	38	23	2353	97	0	2511
28713	38	19	2401	21	0	2479
28714	34	2405	81	32	0	2552
28715	2284	82	25	20	0	2411
28716	93	2248	24	16	0	2381
28717	33	2257	18	19	0	2327
28718	39	2483	14	12	0	2548
28719	36	88	2348	18	0	2490
28720	35	2482	80	12	0	2609
28721	2294	83	18	15	0	2410
28722	2334	21	22	17	0	2394
28723	84	23	15	2225	0	2347
28724	22	2250	21	72	0	2365
28725	32	2340	19	15	0	2406
28726	27	83	15	2297	0	2422
28727	27	26	2222	84	0	2359
28728	30	2257	69	21	0	2377
28729	20	109	22	2240	0	2391
28730	2208	25	17	74	0	2324
28731	2248	25	12	19	0	2304
28732	81	2252	7	16	0	2356
28733	2244	83	11	22	0	2360
28734	2307	30	14	16	0	2367
28735	91	21	19	2236	0	2367
28736	34	19	2216	70	0	2339
28737	26	2214	70	21	0	2331
28738	35	75	20	2257	0	2387
28739	26	20	2230	79	0	2355
28740	16	1888	55	16	0	1975
28741	1888	60	9	12	0	1969
28742	1907	21	33	12	0	1973
28743	60	16	11	1825	0	1912
28744	19	1818	7	53	0	1897
28745	22	47	1791	21	0	1881
28746	21	16	45	1700	0	1782
28747	14	9	1711	57	0	1791
28748	11	1492	36	15	0	1554
28749	42	31	10	1321	0	1404
28750	1307	8	4	33	0	1352
28751	32	1294	8	6	0	1340
28752	1284	31	6	6	0	1327
28753	1342	13	6	11	0	1372
28754	33	1362	7	4	0	1406
28755	15	32	4	1365	0	1416
28756	14	11	4	1369	0	1398
28757	16	1295	5	22	0	1338
28758	13	1337	2	12	0	1364
28759	12	30	6	1291	0	1339
28760	10	1315	7	25	0	1357
28761	1491	32	1	9	0	1533
28762	1434	14	6	5	0	1459
28763	26	8	1423	10	0	1467
28764	10	14	1370	8	0	1402
28765	1249	6	17	3	0	1275
28766	1351	4	4	6	0	1365
28767	20	1361	5	8	0	1394
28768	1393	16	5	1	0	1415
28769	1323	12	2	2	0	1339
28770	18	1295	6	4	0	1323
28771	1339	19	4	3	0	1365
28772	19	11	1	1534	0	1565
28773	15	5	2	1594	0	1616
28774	7	11	1510	40	0	1568
28775	9	1503	37	9	0	1558
28776	8	1695	6	7	0	1716
28777	1672	51	79	6	0	1808
28778	1693	4	4	3	0	1704
28779	1703	6	1	5	0	1715
28780	1728	6	4	3	0	1741
28781	55	6	1665	6	0	1732
28782	10	8	1758	5	0	1781
28783	8	1841	47	2	0	1898
28784	7	50	5	1903	0	1965
28785	6	12	2	1816	0	1836
28786	8	1836	2	46	0	1892
28787	10	48	2	1764	0	1824
28788	1738	12	3	49	0	1802
28789	51	1729	6	8	0	1794
28790	16	51	1779	7	0	1853
28791	4	1823	45	10	0	1882
28792	1831	44	10	4	0	1889
28793	50	10	1785	8	0	1853
28794	1765	8	49	6	0	1828
28795	1843	11	5	5	0	1864
28796	56	5	1799	8	0	1868
28797	13	7	1837	6	0	1863
28798	9	9	1815	5	0	1838
28799	1653	6	50	4	0	1713
28800	51	6	1796	4	0	1857
28801	15	1670	52	1	0	1738
28802	1730	46	8	4	0	1788
28803	57	8	1702	2	0	1769
28804	1558	10	49	2	0	1619
28805	51	5	1624	4	0	1684
28806	18	3	1634	4	0	1659
28807	12	1620	48	14	0	1694
28808	8	46	1676	5	0	1735
28809	13	6	1688	8	0	1715
28810	7	1515	57	9	0	1588
28811	1675	50	12	5	0	1742
28812	52	12	1642	4	0	1710
28813	14	14	47	1494	0	1569
28814	12	1569	16	35	0	1632
28815	1599	45	12	7	0	1663
28816	1596	14	10	6	0	1626
28817	60	6	1580	4	0	1650
28818	11	1383	53	4	0	1451
28819	13	1477	17	5	0	1512
28820	8	55	13	1338	0	1414
28821	10	1354	7	34	0	1405
28822	9	51	11	1327	0	1398
28823	15	10	7	1417	0	1449
28824	15	1400	15	48	0	1478
28825	10	51	14	1403	0	1478
28826	14	1399	6	45	0	1464
28827	8	49	1357	11	0	1425
28828	9	11	46	1371	0	1437
28829	7	14	15	1415	0	1451
28830	7	1371	14	52	0	1444
28831	12	1444	9	12	0	1477
28832	10	57	10	1370	0	1447
28833	14	1406	12	45	0	1477
28834	1393	57	10	11	0	1471
28835	62	14	9	1379	0	1464
28836	15	1383	20	44	0	1462
28837	1400	51	15	11	0	1477
28838	50	1446	12	9	0	1517
28839	11	60	1396	13	0	1480
28840	13	11	45	1425	0	1494
28841	1440	20	15	50	0	1525
28842	56	9	1426	16	0	1507
28843	18	17	49	1380	0	1464
28844	11	1410	12	53	0	1486
28845	17	54	1376	7	0	1454
28846	8	1501	55	7	0	1571
28847	1615	49	14	12	0	1690
28848	1625	18	22	7	0	1672
28849	62	1571	11	10	0	1654
28850	1618	53	13	9	0	1693
28851	53	14	1562	8	0	1637
28852	16	16	61	1529	0	1622
28853	9	15	25	1483	0	1532
28854	19	1471	16	48	0	1554
28855	1615	58	22	8	0	1703
28856	1792	20	13	8	0	1833
28857	61	21	1687	9	0	1778
28858	1734	13	53	4	0	1804
28859	1789	9	15	10	0	1823
28860	1787	15	21	10	0	1833
28861	64	13	13	1554	0	1644
28862	15	19	11	1657	0	1702
28863	16	1611	22	54	0	1703
28864	1646	59	24	14	0	1743
28865	1674	22	10	15	0	1721
28866	67	1625	8	12	0	1712
28867	14	66	15	1580	0	1675
28868	13	1584	7	48	0	1652
28869	12	1650	9	15	0	1686
28870	1580	60	12	25	0	1677
28871	71	23	1549	13	0	1656
28872	8	4	1307	7	0	1326
28873	5	1280	30	4	0	1319
28874	1307	34	7	3	0	1351
28875	30	7	1264	4	0	1305
28876	6	1044	30	3	0	1083
28877	1066	12	1	4	0	1083
28878	14	3	1001	2	0	1020
28879	2	4	15	940	0	961
28880	1087	0	3	16	0	1106
28881	16	6	1084	3	0	1109
28882	3	2	1048	0	0	1053
28883	3	5	1006	1	0	1015
28884	2	3	961	2	0	968
28885	960	2	16	1	0	979
28886	1052	4	2	1	0	1059
28887	15	1050	0	3	0	1068
28888	4	21	3	1127	0	1155
28889	2	1	2	1217	0	1222
28890	2	1105	0	27	0	1134
28891	1	29	2	1119	0	1151
28892	4	1109	1	24	0	1138
28893	3	1143	0	6	0	1152
28894	1	25	4	1133	0	1163
28895	3	5	1170	28	0	1206
28896	4	1150	27	3	0	1184
28897	2	30	8	1207	0	1247
28898	1221	9	0	32	0	1262
28899	30	1	1192	11	0	1234
28900	1194	5	31	0	0	1230
28901	1260	1	9	2	0	1272
28902	43	1	1	1235	0	1280
28903	10	4	1423	28	0	1465
28904	6	4	1426	13	0	1449
28905	6	1439	43	3	0	1491
28906	3	37	11	1506	0	1557
28907	6	9	1470	33	0	1518
28908	4	4	1504	11	0	1523
28909	2	1454	49	6	0	1511
28910	1529	41	11	2	0	1583
28911	1551	8	3	2	0	1564
28912	46	3	7	1684	0	1740
28913	12	6	1755	46	0	1819
28914	7	13	1767	10	0	1797
28915	5	1707	58	12	0	1782
28916	6	46	1825	8	0	1885
28917	4	14	1786	1	0	1805
28918	2	3	54	1640	0	1699
28919	3	4	1793	38	0	1838
28920	1716	1	40	12	0	1769
28921	38	1	15	1823	0	1877
28922	14	2	1815	42	0	1873
28923	1	1792	40	16	0	1849
28924	4	41	11	1862	0	1918
28925	1	9	1816	43	0	1869
28926	0	1861	48	14	0	1923
28927	1	51	13	1866	0	1931
28928	3	1937	5	48	0	1993
28929	5	51	6	1949	0	2011
28930	3	19	4	1992	0	2018
28931	5	5	1886	63	0	1959
28932	4	1947	49	19	0	2019
28933	2	50	14	2009	0	2075
28934	2	13	10	2027	0	2052
28935	2	7	4	2083	0	2096
28936	3	9	1968	66	0	2046
28937	3	1914	52	26	0	1995
28938	3	51	18	1948	0	2020
28939	3	17	1910	56	0	1986
28940	1	1897	58	22	0	1978
28941	3	52	17	1947	0	2019
28942	4	19	1938	51	0	2012
28943	0	1927	55	21	0	2003
28944	1	52	18	1932	0	2003
28945	4	18	7	2037	0	2066
28946	2	9	2057	60	0	2128
28947	1858	8	50	23	0	1939
28948	47	2006	24	11	0	2088
28949	2061	54	8	8	0	2131
28950	52	20	2048	10	0	2130
28951	2102	6	53	9	0	2170
28952	50	12	19	2073	0	2154
28953	16	6	13	2193	0	2228
28954	4	7	2107	68	0	2186
28955	1936	6	59	24	0	2025
28956	1940	6	18	14	0	1978
28957	58	1928	10	13	0	2009
28958	18	2079	11	10	0	2118
28959	2072	63	11	9	0	2155
28960	57	21	2015	10	0	2103
28961	21	2019	61	13	0	2114
28962	6	49	21	1997	0	2073
28963	6	20	15	2098	0	2139
28964	7	12	2054	58	0	2131
28965	1997	12	56	24	0	2089
28966	49	12	2174	12	0	2247
28967	2154	10	58	13	0	2235
28968	57	8	2152	14	0	2231
28969	23	2112	64	8	0	2207
28970	2286	55	22	13	0	2376
28971	2317	19	17	11	0	2364
28972	2318	7	20	6	0	2351
28973	2330	14	11	11	0	2366
28974	68	8	12	2290	0	2378
28975	26	8	2236	54	0	2324
28976	13	7	54	2214	0	2288
28977	9	2271	31	56	0	2367
28978	9	54	13	2379	0	2455
28979	9	24	2359	64	0	2456
28980	13	3	2287	24	0	2327
28981	9	12	64	2207	0	2292
28982	2303	7	19	60	0	2389
28983	2259	6	20	27	0	2312
28984	2291	15	11	12	0	2329
28985	63	6	2227	20	0	2316
28986	25	17	2239	10	0	2291
28987	16	2157	56	13	0	2242
28988	13	2174	18	18	0	2223
28989	2092	55	15	9	0	2171
28990	2113	21	13	10	0	2157
28991	52	2238	10	14	0	2314
28992	2403	51	11	6	0	2471
28993	2402	19	6	19	0	2446
28994	55	2353	14	10	0	2432
28995	2399	39	6	4	0	2448
28996	2422	13	7	11	0	2453
28997	45	2362	13	7	0	2427
28998	2470	39	5	11	0	2525
28999	2443	15	6	8	0	2472
29000	51	4	2419	8	0	2482
29001	17	13	2332	11	0	2373
29002	5	2258	50	13	0	2326
29003	12	2190	14	8	0	2224
29004	2256	29	9	6	0	2300
29005	2209	11	8	4	0	2232
29006	2111	10	9	1	0	2131
29007	46	2030	3	6	0	2085
29008	18	31	11	2211	0	2271
29009	15	18	2202	24	0	2259
29010	20	56	29	2065	0	2170
29011	13	2150	9	22	0	2194
29012	2147	25	4	7	0	2183
29013	35	2005	5	1	0	2046
29014	13	25	1	2153	0	2192
29015	2183	11	9	24	0	2227
29016	2176	5	6	12	0	2199
29017	32	10	2113	1	0	2156
29018	2155	11	30	6	0	2202
29019	2424	7	7	7	0	2445
29020	2447	6	7	2	0	2462
29021	46	5	5	2308	0	2364
29022	20	2318	7	23	0	2368
29023	13	27	5	2428	0	2473
29024	13	15	2439	27	0	2494
29025	10	2511	40	14	0	2575
29026	9	32	8	2514	0	2563
29027	12	14	2432	29	0	2487
29028	6	2485	35	8	0	2534
29029	8	40	6	2491	0	2545
29030	13	9	2537	33	0	2592
29031	2112	7	35	10	0	2164
29032	38	5	2577	6	0	2626
29033	22	9	2501	1	0	2533
29034	15	2459	33	8	0	2515
29035	13	39	8	2557	0	2617
29036	14	11	4	2515	0	2544
29037	14	2502	9	29	0	2554
29038	13	34	9	2614	0	2670
29039	2637	10	11	46	0	2704
29040	2648	9	3	9	0	2669
29041	45	6	2528	7	0	2586
29042	2494	7	35	1	0	2537
29043	2589	13	9	9	0	2620
29044	44	11	2562	9	0	2626
29045	10	2522	32	12	0	2576
29046	10	2493	10	8	0	2521
29047	11	49	7	2209	0	2276
29048	10	2435	9	32	0	2486
29049	6	45	2347	6	0	2404
29050	11	9	2265	11	0	2296
29051	10	2228	49	11	0	2298
29052	2392	39	11	4	0	2446
29053	2424	13	5	8	0	2450
29054	2432	10	7	5	0	2454
29055	2417	6	11	5	0	2439
29056	2347	8	5	5	0	2365
29057	47	2271	6	10	0	2334
29058	21	38	2203	6	0	2268
29059	14	9	37	2260	0	2320
29060	2225	17	8	36	0	2286
29061	45	2255	7	13	0	2320
29062	15	36	2	2288	0	2341
29063	11	10	2234	36	0	2291
29064	13	2155	40	5	0	2213
29065	11	2303	4	2	0	2320
29066	2172	35	3	2	0	2212
29067	31	2136	3	1	0	2171
29068	5	29	3	2168	0	2205
29069	2175	4	3	28	0	2210
29070	2056	5	1	4	0	2066
29071	2075	2	1	2	0	2080
29072	34	3	1958	1	0	1996
29073	7	1949	31	1	0	1988
29074	2067	28	2	1	0	2098
29075	34	6	0	2044	0	2084
29076	2069	3	1	30	0	2103
29077	26	1950	4	5	0	1985
29078	2191	29	3	2	0	2225
29079	2301	8	1	1	0	2311
29080	43	4	1	2321	0	2369
29081	8	4	2325	42	0	2379
29082	4	2	41	2402	0	2449
29083	2377	3	7	46	0	2433
29084	2408	3	2	7	0	2420
29085	54	2472	2	6	0	2534
29086	2459	47	2	3	0	2511
29087	42	2478	4	4	0	2528
29088	2512	43	2	3	0	2560
29089	2525	9	2	4	0	2540
29090	50	8	2489	2	0	2549
29091	14	2436	43	2	0	2495
29092	7	41	8	2457	0	2513
29093	10	10	4	2507	0	2531
29094	5	8	3	2469	0	2485
29095	6	2439	4	51	0	2500
29096	5	42	2404	10	0	2461
29097	7	11	2452	6	0	2476
29098	8	3269	43	14	0	3334
29099	3359	58	10	4	0	3431
29100	64	23	3320	10	0	3417
29101	3309	9	61	8	0	3387
29102	69	3265	27	7	0	3368
29103	33	63	3317	4	0	3417
29104	15	31	62	3326	0	3434
29105	18	26	3373	59	0	3476
29106	20	14	3498	19	0	3551
29107	24	7	88	3140	0	3259
29108	20	3233	33	58	0	3344
29109	12	3393	22	23	0	3450
29110	3393	80	17	17	0	3507
29111	69	33	3306	17	0	3425
29112	3311	36	85	51	0	3483
29113	3406	14	35	17	0	3472
29114	88	3294	41	12	0	3435
29115	3326	80	22	6	0	3434
29116	3322	60	4	7	0	3393
29117	3230	28	39	6	0	3303
29118	98	3169	28	30	0	3325
29119	78	2782	28	13	0	2901
29120	30	2996	52	3	0	3081
29121	3044	85	18	13	0	3160
29122	3058	72	14	14	0	3158
29123	106	47	2877	5	0	3035
29124	76	41	2765	21	0	2903
29125	2770	38	109	6	0	2923
29126	2845	37	55	11	0	2948
29127	2918	36	37	24	0	3015
29128	124	53	26	2743	0	2946
29129	76	43	32	2789	0	2940
29130	81	23	46	2809	0	2959
29131	59	33	43	2848	0	2983
29132	67	43	2658	76	0	2844
29133	56	42	2682	44	0	2824
29134	42	57	2673	40	0	2812
29135	76	27	2636	27	0	2766
29136	2580	33	76	33	0	2722
29137	99	2564	55	31	0	2749
29138	59	2644	64	21	0	2788
29139	2686	90	45	13	0	2834
29140	116	59	2620	13	0	2808
29141	100	51	2568	14	0	2733
29142	2616	35	91	27	0	2769
29143	2681	39	62	41	0	2823
29144	114	2598	50	43	0	2805
29145	97	76	32	2642	0	2847
29146	2729	55	52	58	0	2894
29147	2741	55	63	25	0	2884
29148	114	41	56	2586	0	2797
29149	102	2673	44	66	0	2885
29150	2795	63	41	50	0	2949
29151	102	61	2651	56	0	2870
29152	2700	49	93	34	0	2876
29153	121	2718	67	31	0	2937
29154	2831	53	68	33	0	2985
29155	2794	46	73	40	0	2953
29156	143	37	2802	35	0	3017
29157	93	48	2778	40	0	2959
29158	2760	63	94	38	0	2955
29159	2841	51	59	47	0	2998
29160	118	2907	67	31	0	3123
29161	115	58	68	2989	0	3230
29162	87	42	2958	63	0	3150
29163	2893	43	113	33	0	3082
29164	115	60	66	2910	0	3151
29165	100	35	57	2933	0	3125
29166	2952	49	32	71	0	3104
29167	102	2893	34	60	0	3089
29168	2959	66	48	56	0	3129
29169	2955	50	53	29	0	3087
29170	2966	23	54	41	0	3084
29171	107	2885	78	30	0	3100
29172	2989	56	39	36	0	3120
29173	134	67	30	2874	0	3105
29174	117	59	26	2869	0	3071
29175	99	43	2799	105	0	3046
29176	88	36	2826	50	0	3000
29177	95	2792	94	34	0	3015
29178	82	2696	61	39	0	2878
29179	87	58	2377	40	0	2562
29180	68	2387	59	29	0	2543
29181	2487	96	44	27	0	2654
29182	2546	50	48	16	0	2660
29183	2586	33	26	15	0	2660
29184	107	29	37	2433	0	2606
29185	68	46	36	2433	0	2583
29186	80	36	2440	57	0	2613
29187	64	2379	42	50	0	2535
29188	2461	46	23	46	0	2576
29189	80	2418	48	24	0	2570
29190	2403	46	36	16	0	2501
29191	2386	50	23	30	0	2489
29192	93	36	12	2353	0	2494
29193	59	30	24	2374	0	2487
29194	51	41	13	2426	0	2531
29195	62	25	2307	62	0	2456
29196	59	2244	44	45	0	2392
29197	76	2352	34	24	0	2486
29198	3	1373	3	4	0	1383
29199	2	1384	1	3	0	1390
29200	2	1405	0	1	0	1408
29201	1323	12	3	1	0	1339
29202	9	3	1375	2	0	1389
29203	5	1392	9	2	0	1408
29204	3	12	1326	3	0	1344
29205	1	1367	8	5	0	1381
29206	2	6	1	1182	0	1191
29207	0	1	2	1255	0	1258
29208	0	1277	1	4	0	1282
29209	1288	5	0	0	0	1293
29210	5	2	1232	0	0	1239
29211	0	1235	6	2	0	1243
29212	2	7	1168	1	0	1178
29213	1	0	5	1188	0	1194
29214	2	1	1	1117	0	1121
29215	0	1138	2	7	0	1147
29216	0	4	1	1205	0	1210
29217	1	2	2	1184	0	1189
29218	0	1151	0	6	0	1157
29219	3	6	1138	1	0	1148
29220	1	4	1151	0	0	1156
29221	1136	0	4	0	0	1140
29222	1224	1	0	0	0	1225
29223	5	1	0	1182	0	1188
29224	0	2	1216	6	0	1224
29225	0	0	4	1199	0	1203
29226	0	1196	2	5	0	1203
29227	2	5	1158	0	0	1165
29228	0	1120	5	2	0	1127
29229	2	4	1151	1	0	1158
29230	0	1142	6	0	0	1148
29231	1180	6	1	0	0	1187
29232	6	0	0	1167	0	1173
29233	1	0	1	1147	0	1149
29234	2	1	1170	4	0	1177
29235	2	4	1096	2	0	1104
29236	0	1123	3	1	0	1127
29237	1176	4	1	2	0	1183
29238	4	2	0	1159	0	1165
29239	1	2	1166	3	0	1172
29240	1	6	1089	2	0	1098
29241	1025	0	6	0	0	1031
29242	1076	2	0	1	0	1079
29243	7	0	1115	1	0	1123
29244	1	0	4	1087	0	1092
29245	0	1086	0	9	0	1095
29246	1123	5	2	0	0	1130
29247	1	1090	1	2	0	1094
29248	1078	4	0	1	0	1083
29249	4	1067	0	1	0	1072
29250	0	1101	1	1	0	1103
29251	1	3	2	1073	0	1079
29252	1	0	1	1068	0	1070
29253	2	1032	0	3	0	1037
29254	2	5	984	1	0	992
29255	2	2	958	0	0	962
29256	0	1	924	2	0	927
29257	881	1	4	0	0	886
29258	923	0	1	0	0	924
29259	3	1021	0	0	0	1024
29260	0	10	916	0	0	926
29261	0	2	8	916	0	926
29262	2	2	949	9	0	962
29263	0	1	992	4	0	997
29264	0	0	13	1244	0	1257
29265	0	1	5	1332	0	1338
29266	0	2	1433	26	0	1461
29267	1537	1	21	16	0	1575
29268	28	1666	12	7	0	1713
29269	13	1730	7	5	0	1755
29270	8	42	3	1737	0	1790
29271	1828	19	3	29	0	1879
29272	38	2003	4	14	0	2059
29273	2019	50	1	8	0	2078
29274	41	2033	4	4	0	2082
29275	2171	50	3	14	0	2238
29276	48	22	2152	15	0	2237
29277	25	23	2220	7	0	2275
29278	20	13	57	2203	0	2293
29279	13	12	2168	34	0	2227
29280	10	2095	57	17	0	2179
29281	14	2111	30	11	0	2166
29282	2064	54	23	3	0	2144
29283	40	32	13	1988	0	2073
29284	19	2040	16	39	0	2114
29285	2097	46	10	24	0	2177
29286	2016	27	9	11	0	2063
29287	2098	20	12	4	0	2134
29288	69	7	5	2061	0	2142
29289	37	9	4	2109	0	2159
29290	24	10	2049	62	0	2145
29291	25	7	2017	35	0	2084
29292	1982	11	57	20	0	2070
29293	48	18	33	1972	0	2071
29294	26	8	1944	58	0	2036
29295	1954	4	53	34	0	2045
29296	45	1990	35	18	0	2088
29297	2057	44	20	6	0	2127
29298	2082	31	10	7	0	2130
29299	2096	17	9	10	0	2132
29300	81	8	2007	10	0	2106
29301	1981	13	52	10	0	2056
29302	63	11	28	1863	0	1965
29303	42	1808	32	39	0	1921
29304	29	2039	18	21	0	2107
29305	2056	66	10	16	0	2148
29306	2081	34	13	14	0	2142
29307	2100	16	12	15	0	2143
29308	77	24	10	1998	0	2109
29309	52	22	4	2032	0	2110
29310	41	17	3	1966	0	2027
29311	40	1995	10	64	0	2109
29312	2044	44	3	41	0	2132
29313	2063	25	5	39	0	2132
29314	2107	21	16	22	0	2166
29315	79	9	2019	21	0	2128
29316	2128	21	47	14	0	2210
29317	81	20	27	2077	0	2205
29318	59	2179	24	52	0	2314
29319	2208	58	13	27	0	2306
29320	2144	41	12	19	0	2216
29321	101	22	2151	15	0	2289
29322	68	12	54	2108	0	2242
29323	38	2186	35	64	0	2323
29324	2240	72	27	26	0	2365
29325	92	35	11	2227	0	2365
29326	55	24	14	2263	0	2356
29327	33	18	11	2347	0	2409
29328	24	27	9	2438	0	2498
29329	40	19	2264	99	0	2422
29330	38	2296	59	58	0	2451
29331	30	65	29	2355	0	2479
29332	26	35	2302	92	0	2455
29333	2312	19	62	61	0	2454
29334	2402	13	43	34	0	2492
29335	94	26	29	2369	0	2518
29336	2397	22	18	74	0	2511
29337	2533	9	18	45	0	2605
29338	115	17	2443	29	0	2604
29339	69	2471	64	26	0	2630
29340	2529	65	36	26	0	2656
29341	92	38	20	2571	0	2721
29342	2602	24	20	73	0	2719
29343	101	23	16	2520	0	2660
29344	60	19	19	2585	0	2683
29345	49	18	2450	97	0	2614
29346	2243	14	70	67	0	2394
29347	83	2574	27	49	0	2733
29348	56	70	2556	44	0	2726
29349	37	2585	65	37	0	2724
29350	2590	72	35	26	0	2723
29351	83	41	28	2578	0	2730
29352	2563	26	16	81	0	2686
29353	88	2540	17	51	0	2696
29354	2618	73	15	29	0	2735
29355	2662	39	11	25	0	2737
29356	2655	22	14	28	0	2719
29357	2661	13	12	28	0	2714
29358	115	2556	18	23	0	2712
29359	2547	61	18	16	0	2642
29360	97	38	10	2480	0	2625
29361	61	27	14	2465	0	2567
29362	51	2308	16	84	0	2459
29363	42	2337	8	46	0	2433
29364	43	2141	5	31	0	2220
29365	2027	56	9	27	0	2119
29366	61	1891	8	23	0	1983
29367	26	1673	7	10	0	1716
29368	1733	44	6	10	0	1793
29369	1709	23	5	10	0	1747
29370	50	1701	8	7	0	1766
29371	1675	37	3	8	0	1723
29372	49	20	1441	11	0	1521
29373	1437	7	24	14	0	1482
29374	43	15	1423	14	0	1495
29375	19	1250	21	5	0	1295
29376	13	1280	12	8	0	1313
29377	53	78	2	1202	0	1335
29378	1259	16	4	68	0	1347
29379	1322	4	3	15	0	1344
29380	1320	15	2	9	0	1346
29381	1314	5	5	7	0	1331
29382	1281	4	8	15	0	1308
29383	33	8	1192	12	0	1245
29384	17	15	1160	5	0	1197
29385	1222	13	30	7	0	1272
29386	30	1226	12	4	0	1272
29387	1198	21	3	2	0	1224
29388	1238	15	0	6	0	1259
29389	1257	5	6	2	0	1270
29390	1256	7	3	4	0	1270
29391	1290	3	2	4	0	1299
29392	31	5	1221	10	0	1267
29393	1241	6	23	5	0	1275
29394	1263	8	14	7	0	1292
29395	35	10	1212	10	0	1267
29396	1136	10	24	3	0	1173
29397	1180	8	9	7	0	1204
29398	33	9	1177	9	0	1228
29399	19	8	1151	5	0	1183
29400	19	1163	26	5	0	1213
29401	19	24	6	1209	0	1258
29402	15	8	1234	23	0	1280
29403	1222	5	18	8	0	1253
29404	45	7	7	1237	0	1296
29405	18	3	1371	19	0	1411
29406	1306	10	24	7	0	1347
29407	1359	9	8	1	0	1377
29408	1370	9	3	7	0	1389
29409	38	1411	4	8	0	1461
29410	18	26	4	1414	0	1462
29411	17	1391	5	23	0	1436
29412	1413	25	7	9	0	1454
29413	1410	12	5	2	0	1429
29414	41	7	1379	5	0	1432
29415	13	1311	23	1	0	1348
29416	15	1279	6	3	0	1303
29417	11	13	0	1165	0	1189
29418	7	6	3	1178	0	1194
29419	1166	6	2	12	0	1186
29420	17	1159	2	5	0	1183
29421	11	1203	2	5	0	1221
29422	12	16	1196	3	0	1227
29423	10	1185	5	0	0	1200
29424	1269	10	2	1	0	1282
29425	18	8	1239	0	0	1265
29426	1012	3	14	3	0	1032
29427	15	3	1166	1	0	1185
29428	844	2	18	4	0	868
29429	11	1149	3	2	0	1165
29430	1168	12	3	0	0	1183
29431	14	5	1246	1	0	1266
29432	1217	4	11	1	0	1233
29433	1275	1	1	2	0	1279
29434	17	3	1297	1	0	1318
29435	1332	1	12	0	0	1345
29436	1411	1	4	0	0	1416
29437	1413	2	2	0	0	1417
29438	15	1350	3	1	0	1369
29439	1383	14	1	0	0	1398
29440	21	4	1506	1	0	1532
29441	6	1618	16	0	0	1640
29442	1686	18	4	1	0	1709
29443	1670	4	3	0	0	1677
29444	1726	2	1	0	0	1729
29445	29	1700	5	2	0	1736
29446	10	23	1	2048	0	2082
29447	8	6	1897	37	0	1948
29448	6	4	33	1886	0	1929
29449	7	5	1905	39	0	1956
29450	1853	2	42	9	0	1906
29451	39	1987	11	5	0	2042
29452	11	39	5	2002	0	2057
29453	10	2062	4	37	0	2113
29454	6	45	2	2035	0	2088
29455	5	11	2	2038	0	2056
29456	5	2093	1	46	0	2145
29457	2	44	1	2068	0	2115
29458	6	9	4	2130	0	2149
29459	4	2094	4	55	0	2157
29460	2	2168	5	13	0	2188
29461	9	49	1	2136	0	2195
29462	5	17	2099	44	0	2165
29463	5	2159	44	17	0	2225
29464	4	50	10	2225	0	2289
29465	14	14	2185	48	0	2261
29466	7	2219	46	16	0	2288
29467	2259	55	8	9	0	2331
29468	55	12	2204	12	0	2283
29469	2142	13	52	9	0	2216
29470	59	8	12	2123	0	2202
29471	14	11	11	2188	0	2224
29472	10	7	8	2215	0	2240
29473	9	7	2134	66	0	2216
29474	8	9	2143	27	0	2187
29475	2014	8	58	20	0	2100
29476	53	9	14	2156	0	2232
29477	10	15	2252	59	0	2336
29478	2253	8	50	21	0	2332
29479	52	13	13	2363	0	2441
29480	14	11	10	2419	0	2454
29481	11	9	8	2411	0	2439
29482	11	2426	6	66	0	2509
29483	7	55	4	2467	0	2533
29484	8	2446	8	64	0	2526
29485	5	2546	11	21	0	2583
29486	2510	65	7	20	0	2602
29487	2473	24	10	18	0	2525
29488	2552	15	15	14	0	2596
29489	67	2560	17	11	0	2655
29490	2627	51	10	14	0	2702
29491	2568	18	9	16	0	2611
29492	68	17	8	2571	0	2664
29493	27	16	10	2597	0	2650
29494	19	11	2571	71	0	2672
29495	17	2605	53	41	0	2716
29496	2673	56	21	32	0	2782
29497	2682	18	15	26	0	2741
29498	65	2665	11	23	0	2764
29499	2699	60	12	17	0	2788
29500	2658	27	12	23	0	2720
29501	73	19	13	2610	0	2715
29502	28	2539	12	62	0	2641
29503	19	2642	15	30	0	2706
29504	2592	61	10	34	0	2697
29505	61	34	17	2495	0	2607
29506	28	32	2436	66	0	2562
29507	2317	24	52	29	0	2422
29508	63	24	2516	26	0	2629
29509	24	2488	50	23	0	2585
29510	2525	55	14	26	0	2620
29511	65	20	2516	27	0	2628
29512	27	23	53	2588	0	2691
29513	26	22	2675	68	0	2791
29514	25	2669	58	31	0	2783
29515	19	59	25	2752	0	2855
29516	18	25	2718	72	0	2833
29517	2471	21	61	39	0	2592
29518	64	2708	24	37	0	2833
29519	28	59	17	2654	0	2758
29520	19	2727	18	66	0	2830
29521	2647	67	13	34	0	2761
29522	2597	38	7	32	0	2674
29523	67	2584	10	37	0	2698
29524	23	60	14	2528	0	2625
29525	24	2528	15	61	0	2628
29526	2533	68	14	31	0	2646
29527	199	26	2346	32	0	2603
29528	72	22	2441	23	0	2558
29529	24	2423	50	7	0	2504
29530	33	2480	12	14	0	2539
29531	27	52	24	2404	0	2507
29532	2395	25	11	61	0	2492
29533	2375	17	15	30	0	2437
29534	2290	20	15	21	0	2346
29535	58	2294	11	26	0	2389
29536	30	55	14	2257	0	2356
29537	26	2238	21	51	0	2336
29538	2246	50	13	15	0	2324
29539	59	15	12	2221	0	2307
29540	21	19	2004	54	0	2098
29541	20	1890	38	11	0	1959
29542	1894	35	12	15	0	1956
29543	52	12	1891	13	0	1968
29544	1830	14	31	19	0	1894
29545	37	1926	5	11	0	1979
29546	13	1630	5	6	0	1654
29547	1628	13	7	7	0	1655
29548	17	1680	3	14	0	1714
29549	1651	16	4	4	0	1675
29550	17	1604	3	1	0	1625
29551	1674	18	3	5	0	1700
29552	1601	8	2	6	0	1617
29553	21	8	1624	2	0	1655
29554	10	8	1622	3	0	1643
29555	10	1600	13	7	0	1630
29556	1624	11	3	4	0	1642
29557	13	5	1580	1	0	1599
29558	1542	2	13	2	0	1559
29559	9	3	7	1571	0	1590
29560	6	5	1675	8	0	1694
29561	4	10	1592	1	0	1607
29562	2	5	1766	6	0	1779
29563	4	1731	8	2	0	1745
29564	0	2	0	1767	0	1769
29565	1766	0	0	2	0	1768
29566	2	0	0	1749	0	1751
29567	1767	0	0	2	0	1769
29568	2	0	0	1766	0	1768
29569	1759	0	0	2	0	1761
29570	1731	1	0	0	0	1732
29571	1995	0	0	0	0	1995
29572	18	1955	3	3	0	1979
29573	2	17	1928	0	0	1947
29574	0	4	17	1930	0	1951
29575	5	11	16	1485	0	1517
29576	0	1	0	1941	0	1942
29577	2	0	0	1795	0	1797
29578	0	1695	0	24	0	1719
29579	2	17	1636	5	0	1660
29580	0	1648	16	2	0	1666
29581	0	15	4	1714	0	1733
29582	0	3	1	1758	0	1762
29583	1	0	0	1721	0	1722
29584	0	1	0	1702	0	1703
29585	0	1621	1	24	0	1646
29586	0	1673	1	5	0	1679
29587	1	22	1588	5	0	1616
29588	1	5	15	1639	0	1660
29589	0	0	5	1579	0	1584
29590	0	0	0	1618	0	1618
29591	1588	2	0	20	0	1610
29592	17	1532	1	6	0	1556
29593	4	19	1508	1	0	1532
29594	1482	5	17	3	0	1507
29595	17	0	4	1480	0	1501
29596	1544	0	0	20	0	1564
29597	20	1	1	1535	0	1557
29598	1582	2	0	17	0	1601
29599	16	1	2	1560	0	1579
29600	1567	0	1	16	0	1584
29601	17	1	1648	7	0	1673
29602	8	0	16	1663	0	1687
29603	0	1849	5	18	0	1872
29604	3	17	1	1953	0	1974
29605	1914	5	0	24	0	1943
29606	21	1834	2	11	0	1868
29607	7	20	2	2017	0	2046
29608	1	1939	0	31	0	1971
29609	1	35	0	1944	0	1980
29610	0	5	1	1966	0	1972
29611	5	2	1867	38	0	1912
29612	0	1	30	1809	0	1840
29613	3	0	1718	34	0	1755
29614	1	1665	32	9	0	1707
29615	1699	27	4	5	0	1735
29616	32	8	1675	4	0	1719
29617	1707	2	32	3	0	1744
29618	1848	0	7	3	0	1858
29619	36	2	1	1849	0	1888
29620	8	2	1920	38	0	1968
29621	1999	2	31	9	0	2041
29622	2202	1	8	4	0	2215
29623	40	1	2	2181	0	2224
29624	14	2	1	2228	0	2245
29625	4	2171	2	43	0	2220
29626	0	31	4	2242	0	2277
29627	3	2188	2	36	0	2229
29628	3	36	2174	9	0	2222
29629	3	11	33	2229	0	2276
29630	2252	2	9	40	0	2303
29631	2288	4	3	12	0	2307
29632	45	2235	3	10	0	2293
29633	10	34	2	2322	0	2368
29634	2324	10	3	37	0	2374
29635	35	2233	2	12	0	2282
29636	2281	33	0	8	0	2322
29637	43	10	3	2446	0	2502
29638	2676	8	3	51	0	2738
29639	68	12	2887	21	0	2988
29640	16	3152	80	15	0	3263
29641	3204	83	14	9	0	3310
29642	77	3186	7	7	0	3277
29643	3244	90	2	14	0	3350
29644	3469	20	3	5	0	3497
29645	111	19	3374	6	0	3510
29646	32	7	91	3314	0	3444
29647	3472	7	17	97	0	3593
29648	104	8	3533	25	0	3670
29649	3656	8	96	14	0	3774
29650	104	7	16	3689	0	3816
29651	26	8	3591	99	0	3724
29652	15	7	98	3583	0	3703
29653	3581	2	16	116	0	3715
29654	108	10	3493	26	0	3637
29655	33	7	96	3559	0	3695
29656	22	7	18	3729	0	3776
29657	3655	7	10	118	0	3790
29658	3648	5	12	29	0	3694
29659	118	3549	12	21	0	3700
29660	50	91	11	3532	0	3684
29661	30	25	14	3625	0	3694
29662	25	14	14	3488	0	3541
29663	3382	11	7	133	0	3533
29664	3449	10	16	33	0	3508
29665	130	14	10	3347	0	3501
29666	50	3293	9	104	0	3456
29667	33	91	13	3285	0	3422
29668	29	3314	16	110	0	3469
29669	3367	102	13	37	0	3519
29670	120	3356	25	27	0	3528
29671	3122	90	12	27	0	3251
29672	113	15	10	3110	0	3248
29673	3111	20	15	98	0	3244
29674	123	10	2853	38	0	3024
29675	35	2996	80	37	0	3148
29676	3127	87	21	26	0	3261
29677	3200	20	14	32	0	3266
29678	114	19	16	3048	0	3197
29679	48	3005	11	99	0	3163
29680	48	77	7	3190	0	3322
29681	31	24	11	3128	0	3194
29682	40	23	8	3205	0	3276
29683	3132	16	11	124	0	3283
29684	3312	11	12	55	0	3390
29685	118	21	11	3161	0	3311
29686	55	3153	15	100	0	3323
29687	3318	90	12	45	0	3465
29688	133	22	3187	44	0	3386
29689	40	30	101	3327	0	3498
29690	44	24	3195	116	0	3379
29691	42	19	93	3332	0	3486
29692	42	22	3361	128	0	3553
29693	37	22	101	3432	0	3592
29694	3458	18	18	134	0	3628
29695	3493	16	26	54	0	3589
29696	132	3290	14	52	0	3488
29697	3415	103	12	43	0	3573
29698	141	36	13	3344	0	3534
29699	53	23	21	3436	0	3533
29700	3369	25	11	146	0	3551
29701	139	20	3197	60	0	3416
29702	62	26	3209	49	0	3346
29703	60	30	3126	52	0	3268
29704	3016	22	114	50	0	3202
29705	125	21	3212	59	0	3417
29706	61	24	3194	59	0	3338
29707	3069	21	99	31	0	3220
29708	115	3113	36	53	0	3317
29709	57	90	29	3241	0	3417
29710	51	29	28	3331	0	3439
29711	52	26	3196	126	0	3400
29712	3220	19	90	63	0	3392
29713	3354	24	41	50	0	3469
29714	3334	18	24	42	0	3418
29715	116	23	3247	57	0	3443
29716	3244	17	94	58	0	3413
29717	135	17	3041	51	0	3244
29718	60	3091	90	42	0	3283
29719	66	3214	28	38	0	3346
29720	3110	101	28	50	0	3289
29721	110	2945	33	52	0	3140
29722	46	3013	34	49	0	3142
29723	2965	89	21	47	0	3122
29724	101	2987	33	39	0	3160
29725	2996	85	27	42	0	3150
29726	107	27	32	2989	0	3155
29727	63	24	22	3040	0	3149
29728	57	20	29	3093	0	3199
29729	44	31	23	3048	0	3146
29730	40	2931	28	110	0	3109
29731	3067	91	25	50	0	3233
29732	112	3279	29	49	0	3469
29733	44	3593	24	42	0	3703
29734	47	110	3566	43	0	3766
29735	3495	35	109	42	0	3681
29736	154	27	3763	31	0	3975
29737	92	30	4044	38	0	4204
29738	49	3983	96	19	0	4147
29739	14	3806	19	14	0	3853
29740	3757	85	17	13	0	3872
29741	66	3818	35	17	0	3936
29742	30	78	3947	19	0	4074
29743	29	3634	110	12	0	3785
29744	9	61	3955	5	0	4030
29745	8	28	3915	2	0	3953
29746	3793	25	87	9	0	3914
29747	80	8	3812	64	0	3964
29748	19	7	80	3690	0	3796
29749	3547	4	31	68	0	3650
29750	71	3418	35	22	0	3546
29751	21	51	3598	20	0	3690
29752	3604	18	70	10	0	3702
29753	75	14	23	3392	0	3504
29754	25	3224	43	55	0	3347
29755	21	59	3559	20	0	3659
29756	3553	21	70	14	0	3658
29757	70	15	3585	7	0	3677
29758	23	9	80	3572	0	3684
29759	21	6	3527	64	0	3618
29760	13	6	80	3616	0	3715
29761	3495	7	28	76	0	3606
29762	67	3572	24	36	0	3699
29763	3694	64	14	22	0	3794
29764	83	22	3640	9	0	3754
29765	30	13	70	3685	0	3798
29766	25	12	3644	67	0	3748
29767	3696	6	75	24	0	3801
29768	3695	6	30	18	0	3749
29769	88	3699	26	7	0	3820
29770	3785	69	19	8	0	3881
29771	3798	22	11	6	0	3837
29772	97	23	15	3704	0	3839
29773	48	13	3592	68	0	3721
29774	34	3537	77	22	0	3670
29775	22	65	22	3732	0	3841
29776	3735	25	20	74	0	3854
29777	78	23	3665	27	0	3793
29778	35	14	3688	17	0	3754
29779	24	13	3677	17	0	3731
29780	3609	13	102	15	0	3739
29781	81	15	3657	11	0	3764
29782	3572	9	88	7	0	3676
29783	90	15	3279	6	0	3390
29784	33	3415	80	7	0	3535
29785	31	65	34	3413	0	3543
29786	15	26	3399	64	0	3504
29787	17	3321	84	24	0	3446
29788	15	3442	33	17	0	3507
29789	9	86	25	3430	0	3550
29790	3410	40	21	64	0	3535
29791	74	28	15	3437	0	3554
29792	3295	21	21	78	0	3415
29793	76	18	18	3311	0	3423
29794	36	12	3270	81	0	3399
29795	27	14	3278	33	0	3352
29796	3250	15	96	29	0	3390
29797	3359	13	48	17	0	3437
29798	99	12	3273	14	0	3398
29799	3288	16	86	14	0	3404
29800	92	17	3269	11	0	3389
29801	43	3239	101	7	0	3390
29802	37	3248	52	14	0	3351
29803	34	3134	36	9	0	3213
29804	22	107	39	3084	0	3252
29805	2999	53	41	64	0	3157
29806	3024	30	31	25	0	3110
29807	97	34	30	2983	0	3144
29808	47	26	2877	78	0	3028
29809	41	22	87	2917	0	3067
29810	40	22	2872	95	0	3029
29811	22	19	102	2887	0	3030
29812	2866	24	49	86	0	3025
29813	2906	14	53	39	0	3012
29814	2899	10	47	42	0	2998
29815	2894	13	35	23	0	2965
29816	117	23	35	2760	0	2935
29817	61	7	37	2863	0	2968
29818	2807	13	21	92	0	2933
29819	2847	25	24	47	0	2943
29820	113	20	31	2790	0	2954
29821	72	2	29	2844	0	2947
29822	48	12	18	2770	0	2848
29823	27	23	23	2800	0	2873
29824	2705	15	23	116	0	2859
29825	103	13	2628	51	0	2795
29826	42	14	82	2633	0	2771
29827	2644	8	42	93	0	2787
29828	94	14	2578	52	0	2738
29829	57	7	82	2643	0	2789
29830	47	13	2578	83	0	2721
29831	37	2426	77	37	0	2577
29832	37	45	45	2167	0	2294
29833	1840	23	44	51	0	1958
29834	56	15	30	1716	0	1817
29835	37	1705	32	64	0	1838
29836	34	1560	24	36	0	1654
29837	17	820	11	18	0	866
29838	10	851	11	13	0	885
29839	402	59	140	35	0	636
29840	14	6	5	260	0	285
29841	6	1	179	6	0	192
29842	8	2	5	170	0	185
29843	8	0	165	7	0	180
29844	171	1	4	5	0	181
29845	6	3	4	169	0	182
29846	7	4	2	170	0	183
29847	5	1	3	171	0	180
29848	2	3	1	179	0	185
29849	169	3	2	11	0	185
29850	172	0	1	11	0	184
29851	8	1	2	173	0	184
29852	175	2	2	7	0	186
29853	5	1	163	10	0	179
29854	7	161	5	7	0	180
29855	6	4	2	167	0	179
29856	3	3	5	166	0	177
29857	3	163	1	12	0	179
29858	5	4	5	170	0	184
29859	2	5	3	175	0	185
29860	173	1	2	10	0	186
29861	10	1	166	6	0	183
29862	2	1	100	2	0	105
29863	100	0	3	2	0	105
29864	4	0	103	1	0	108
29865	9	0	0	0	0	9
29866	6	0	2	0	0	8
29867	2	0	0	6	0	8
29868	2	0	6	0	0	8
29869	0	0	0	0	0	0
29870	0	0	0	0	0	0
29871	0	0	0	0	0	0
29872	0	0	0	0	0	0
29873	0	0	0	0	0	0
29874	1	0	0	0	0	1
29875	1	0	0	0	0	1
29876	1	0	0	0	0	1
29877	1	0	0	0	0	1
29878	1	0	0	0	0	1
29879	1	0	0	0	0	1
29880	1	0	0	0	0	1
29881	1	0	0	0	0	1
29882	1	0	0	0	0	1
29883	1	0	0	0	0	1
29884	1	0	0	0	0	1
29885	1	0	0	0	0	1
29886	1	0	0	0	0	1
29887	1	0	0	0	0	1
29888	1	0	0	0	0	1
29889	1	0	0	0	0	1
29890	1	0	0	0	0	1
29891	1	0	0	0	0	1
29892	1	0	0	0	0	1
29893	1	0	0	0	0	1
29894	1	0	0	0	0	1
29895	1	0	0	0	0	1
29896	1	0	0	0	0	1
29897	1	0	0	0	0	1
29898	1	0	0	0	0	1
29899	1	0	0	0	0	1
29900	1	0	0	0	0	1
29901	1	0	0	0	0	1
29902	1	0	0	0	0	1
29903	1	0	0	0	0	1
