Pos	A	C	G	T	Other	Total
1	113	0	0	0	0	113
2	1	0	0	211	0	212
3	1	0	2	387	0	390
4	613	0	6	12	0	631
5	1350	0	2	6	0	1358
6	1512	0	0	0	0	1512
7	14	0	1601	0	0	1615
8	5	2	1697	0	0	1704
9	11	0	17	1882	0	1910
10	2	2	9	2072	0	2085
11	7	0	3	2412	0	2422
12	4111	0	2	87	0	4200
13	27	38	0	9112	0	9177
14	16228	1	5	476	0	16710
15	35	27165	25	24	0	27249
16	43	49954	37	157	0	50191
17	458	72	24	116151	0	116705
18	468	57	29	125944	0	126498
19	100	161969	114	219	0	162402
20	67	175649	107	169	0	175992
21	54	195801	122	801	0	196778
22	204352	82	105	1659	0	206198
23	167	214	205758	43	0	206182
24	235	340	200935	34	0	201544
25	397	26	81	221437	0	221941
26	234968	11	47	1301	0	236327
27	237352	14	51	997	0	238414
28	125	237781	147	305	0	238358
29	272334	98	62	2022	0	274516
30	290514	61	60	1980	0	292615
31	297857	28	38	1401	0	299324
32	179	300082	179	184	0	300624
33	77	308373	182	201	0	308833
34	319532	126	32	1403	0	321093
35	321574	43	28	1497	0	323142
36	179	326743	221	346	0	327489
37	86	345194	224	325	0	345829
38	348086	129	38	1307	0	349560
39	348058	52	41	1171	0	349322
40	214	351297	175	278	0	351964
41	310	281	29	365275	0	365895
42	391	99	62	367492	0	368044
43	403	66	36	367143	0	367648
44	95	367198	140	423	0	367856
45	369	521	359624	75	0	360589
46	336169	161	324	946	0	337600
47	342	54	34	374681	0	375111
48	109	371810	229	308	0	372456
49	224	209	13	379462	0	379908
50	58	376867	227	339	0	377491
51	311	205	34	381706	0	382256
52	305	88	26	383561	0	383980
53	136	414	384298	230	0	385078
54	536	87	206	376915	0	377744
55	383074	41	100	1430	0	384645
56	358	351	378028	122	0	378859
57	366741	72	279	1214	0	368306
58	461	97	87	388633	0	389278
59	114	388511	224	450	0	389299
60	296	266	23	394186	0	394771
61	154	417	393637	340	0	394548
62	654	103	271	384029	0	385057
63	359	85	77	394192	0	394713
64	118	398685	247	595	0	399645
65	485	322	26	404857	0	405690
66	714	399114	230	752	0	400810
67	268	311	48	405802	0	406429
68	401338	88	48	2031	0	403505
69	389393	89	170	1789	0	391441
70	393587	66	108	1855	0	395616
71	1295	398481	352	700	0	400828
72	804	812	389052	133	0	390801
73	376846	168	487	1722	0	379223
74	400617	75	151	1702	0	402545
75	679	407796	258	509	0	409242
76	832	837	48	332134	0	333851
77	793	279	65	330844	0	331981
78	958	211	137	297047	0	298353
79	300088	138	85	4111	0	304422
80	298298	130	117	2698	0	301243
81	297874	88	83	2516	0	300561
82	303465	71	73	2228	0	305837
83	2529	107	53	303637	0	306326
84	830	303055	295	1647	0	305827
85	1208	1372	54	311490	0	314124
86	619	983	311405	1730	0	314737
87	1686	254	1611	314300	0	317851
88	495	617	326569	2377	0	330058
89	1564	253	2268	321144	0	325229
90	359	572	335428	2832	0	339191
91	599	701	327642	1206	0	330148
92	281	344679	3412	1105	0	349477
93	1635	2720	1021	356782	0	362158
94	663	1193	369991	2866	0	374713
95	1746	426	3179	361475	0	366826
96	401	369825	1410	3224	0	374860
97	368755	2998	678	4298	0	376729
98	2854	385185	886	923	0	389848
99	1989	3331	549	380878	0	386747
100	474	389061	896	3053	0	393484
101	692	3963	377424	1366	0	383445
102	783	1781	370949	1009	0	374522
103	397	382016	4334	1216	0	387963
104	1496	3411	1551	388401	0	394859
105	788	1837	390286	3297	0	396208
106	446	387874	3787	1891	0	393998
107	384751	3404	1456	3587	0	393198
108	4200	1377	1029	390068	0	396674
109	1298	1462	399533	3475	0	405768
110	792	399474	3765	1546	0	405577
111	1792	3709	1275	402825	0	409601
112	1737	1614	863	400429	0	404643
113	389283	1079	874	7326	0	398562
114	3296	1373	394073	1705	0	400447
115	2373	853	3732	385553	0	392511
116	796	1232	378659	3797	0	384484
117	496	343337	4021	1981	0	349835
118	330271	3554	1714	3364	0	338903
119	3030	322711	1472	1199	0	328412
120	2014	3964	875	311208	0	318061
121	927	308771	1113	3406	0	314217
122	298876	3893	986	3124	0	306879
123	3311	303835	1154	1385	0	309685
124	1362	4447	296704	1135	0	303648
125	790	298087	3756	1314	0	303947
126	288073	4077	1453	2597	0	296200
127	3858	2085	297215	914	0	304072
128	2258	1286	4116	296282	0	303942
129	285847	1134	1788	5114	0	293883
130	4817	1184	1273	277393	0	284667
131	281403	1215	1019	5624	0	289261
132	283635	1091	913	2856	0	288495
133	6171	1202	859	279847	0	288079
134	3104	1164	702	280835	0	285805
135	275355	1129	708	6858	0	284050
136	271770	1072	853	3415	0	277110
137	6452	1070	789	267614	0	275925
138	267248	1067	895	6116	0	275326
139	268477	979	865	3414	0	273735
140	6107	266736	1113	1798	0	275754
141	3371	4400	973	268833	0	277577
142	269391	1682	860	6605	0	278538
143	273430	1138	784	3397	0	278749
144	6923	1056	789	270272	0	279040
145	3787	983	733	274677	0	280180
146	270344	907	761	7375	0	279387
147	5439	272106	930	3447	0	281922
148	3448	4535	690	271798	0	280471
149	2403	2248	272033	5462	0	282146
150	2959	1310	4296	264524	0	273089
151	2027	269347	1844	5675	0	278893
152	2086	4695	269368	2658	0	278807
153	2719	1919	4487	264913	0	274038
154	2953	1556	1801	261382	0	267692
155	1831	1370	270277	6464	0	279942
156	250665	1022	4727	4564	0	260978
157	5405	274155	2133	2673	0	284366
158	272999	4605	1358	4032	0	282994
159	5844	2259	271722	2417	0	282242
160	3061	1745	273797	1945	0	280548
161	258416	1517	5576	3226	0	268735
162	5397	274831	2426	2366	0	285020
163	271589	4710	1698	3333	0	281330
164	5615	273315	1593	1949	0	282472
165	2910	5559	271342	1823	0	281634
166	263743	2218	4892	3273	0	274126
167	5866	1826	276911	1912	0	286515
168	3687	1397	5050	273172	0	283306
169	274762	1241	2299	6586	0	284888
170	273561	1337	1517	3759	0	280174
171	6414	270443	1668	2089	0	280614
172	3839	7451	1478	262860	0	275628
173	2421	267035	1682	5011	0	276149
174	2253	4760	264588	2383	0	273984
175	3336	3936	4410	245202	0	256884
176	1977	247846	1980	4268	0	256071
177	2359	3985	1207	242786	0	250337
178	229251	1616	1268	4780	0	236915
179	4278	1158	945	235639	0	242020
180	2112	235425	1152	3898	0	242587
181	2113	3203	898	238212	0	244426
182	2128	1746	952	236447	0	241273
183	1756	235258	955	4218	0	242187
184	2163	3579	988	235943	0	242673
185	1828	1715	232218	3907	0	239668
186	1525	229596	3125	2164	0	236410
187	213136	2691	1287	2745	0	219859
188	3230	1424	215787	1156	0	221597
189	1758	1208	210228	1135	0	214329
190	1452	206075	2841	1229	0	211597
191	2824	3513	2002	196590	0	204929
192	1223	1075	192476	2227	0	197001
193	1215	171292	2221	1398	0	176126
194	1340	1826	796	173834	0	177796
195	1297	840	559	176612	0	179308
196	171620	672	508	3267	0	176067
197	1958	173493	633	1354	0	177438
198	1132	2028	161200	989	0	165349
199	951	1138	162904	857	0	165850
200	1183	853	1900	161017	0	164953
201	1348	755	958	185331	0	188392
202	1132	658	709	189225	0	191724
203	696	227299	817	4646	0	233458
204	720	5820	235125	2201	0	243866
205	1811	2652	5546	242352	0	252361
206	659	260814	2860	6877	0	271210
207	592	275785	1556	3353	0	281286
208	738	10299	286890	1909	0	299836
209	1962	4101	9003	281137	0	296203
210	831	2419	315963	9524	0	328737
211	2347	1494	11380	311562	0	326783
212	2362	1327	5221	326348	0	335258
213	971	1395	322116	14781	0	339263
214	558	319091	11881	7186	0	338716
215	314142	10647	5434	5230	0	335453
216	10327	5250	324164	2752	0	342493
217	4441	321783	12109	2439	0	340772
218	2308	337284	6167	2101	0	347860
219	1571	15542	323159	1966	0	342238
220	315555	7551	12399	2587	0	338092
221	12543	4790	6128	292770	0	316231
222	4845	325958	4361	9549	0	344713
223	324569	12442	2864	5926	0	345801
224	13364	6410	2832	307704	0	330310
225	5519	322142	2765	11782	0	342208
226	324357	12576	2426	7559	0	346918
227	12004	6723	316249	3715	0	338691
228	5588	319582	12242	2943	0	340355
229	307644	12752	6401	3979	0	330776
230	11398	313387	4478	2719	0	331982
231	303804	14519	3032	3029	0	324384
232	14065	8426	2642	288670	0	313803
233	6088	296872	3875	10514	0	317349
234	5660	12676	2826	300090	0	321252
235	296260	6694	3159	14839	0	320952
236	11554	5128	292290	7690	0	316662
237	6639	4058	300471	5164	0	316332
238	6078	3418	15816	286930	0	312242
239	4707	4286	8063	294314	0	311370
240	5316	3874	5140	288477	0	302807
241	3059	287341	5060	16126	0	311586
242	2775	13592	282627	8263	0	307257
243	4804	7843	12472	269049	0	294168
244	3003	273405	7579	12525	0	296512
245	3925	290864	5022	6915	0	306726
246	3634	16010	285110	5312	0	310066
247	3328	9965	286962	3941	0	304196
248	3570	6939	293947	3849	0	308305
249	4777	5081	17310	280175	0	307343
250	3335	5265	290741	12319	0	311660
251	4697	4488	15556	284337	0	309078
252	3466	4409	289372	14381	0	311628
253	269892	4623	15172	8845	0	298532
254	12877	291711	8386	5996	0	318970
255	6883	321109	5570	4721	0	338283
256	5208	18467	329552	4238	0	357465
257	319320	9532	14994	5739	0	349585
258	336121	7081	8035	4916	0	356153
259	340600	5635	6059	4894	0	357188
260	20604	4869	321445	4126	0	351044
261	10022	4143	333755	4556	0	352476
262	7210	3983	20744	322693	0	354630
263	326981	4080	10787	17378	0	359226
264	334841	4327	7888	10294	0	357350
265	18848	4549	323402	7640	0	354439
266	325205	4792	17898	6457	0	354352
267	18613	4996	10981	319315	0	353905
268	8892	5577	328213	16811	0	359493
269	5911	5909	335234	9434	0	356488
270	316250	5342	23354	7986	0	352932
271	15883	4877	334583	6399	0	361742
272	324242	4365	22219	6770	0	357596
273	17876	4359	334798	6191	0	363224
274	9365	314467	23081	6727	0	353640
275	7008	336931	14882	6170	0	364991
276	7627	19166	11246	322558	0	360597
277	7484	10608	10260	340013	0	368365
278	7000	7740	332715	20022	0	367477
279	7345	6873	21100	317860	0	353178
280	7202	314239	13413	18046	0	352900
281	7628	327425	10524	10407	0	355984
282	8010	343599	9769	7033	0	368411
283	9743	22032	9218	326156	0	367149
284	8883	12124	330899	16075	0	367981
285	8023	8751	338844	9112	0	364730
286	9233	7565	23400	323513	0	363711
287	9112	6707	13551	331639	0	361009
288	10017	6519	9927	314175	0	340638
289	9315	326052	8153	20818	0	364338
290	328939	16403	7924	12284	0	365550
291	331703	9785	7672	9455	0	358615
292	22182	328514	7957	7848	0	366501
293	12888	17490	333079	7078	0	370535
294	335432	10454	18655	7021	0	371562
295	20503	8181	340859	5843	0	375386
296	336155	6698	20967	6280	0	370100
297	345112	6059	12611	7251	0	371033
298	345312	6268	10277	7300	0	369157
299	341400	5687	8934	8381	0	364402
300	23084	333444	8313	8773	0	373614
301	306246	13770	7048	9028	0	336092
302	16982	308073	7307	8385	0	340747
303	263722	12405	5787	5747	0	287661
304	13350	255977	5593	5017	0	279937
305	7235	10056	232568	3253	0	253112
306	5634	20966	9966	196939	0	233505
307	4082	211413	6893	7933	0	230321
308	3677	204150	4090	4592	0	216509
309	186707	8743	7674	5725	0	208849
310	171297	2735	2354	2402	0	178788
311	6604	174187	2209	1473	0	184473
312	3909	4310	2145	165165	0	175529
313	2903	180345	1993	3861	0	189102
314	182647	4731	1933	2101	0	191412
315	6292	2176	181706	1294	0	191468
316	4135	2209	5160	174841	0	186345
317	3463	1422	2837	175911	0	183633
318	3137	1451	2411	179647	0	186646
319	2498	1513	177207	5282	0	186500
320	2492	173804	5147	2275	0	183718
321	2722	181897	2695	1531	0	188845
322	3220	5223	2072	182017	0	192532
323	2705	2613	185660	4417	0	195395
324	2818	2312	5092	181470	0	191692
325	2478	2477	2557	186387	0	193899
326	2551	2390	2206	185833	0	192980
327	2881	2185	1774	186936	0	193776
328	182843	1782	2056	6628	0	193309
329	4840	184801	2283	3532	0	195456
330	184248	4876	2452	3305	0	194881
331	5258	2736	184634	2650	0	195278
332	2808	2669	187160	2317	0	194954
333	3093	2568	5283	179916	0	190860
334	2521	2300	2657	184276	0	191754
335	1787	190573	2546	6034	0	200940
336	1920	4873	190950	3476	0	201219
337	1567	193557	5478	3512	0	204114
338	1651	5087	195802	2985	0	205525
339	180236	2491	5255	3584	0	191566
340	5029	196339	2426	2728	0	206522
341	2804	5398	196770	2181	0	207153
342	3288	2899	4825	192171	0	203183
343	2270	2767	196637	4952	0	206626
344	1967	195823	5336	2636	0	205762
345	2606	5079	2707	189751	0	200143
346	2195	194775	2234	5495	0	204699
347	2421	5058	194980	2997	0	205456
348	3125	2886	4630	191297	0	201938
349	192615	2481	1949	5610	0	202655
350	5486	191901	1883	2355	0	201625
351	3191	5470	187731	1865	0	198257
352	3241	6193	4562	177759	0	191755
353	2176	2482	186336	4408	0	195402
354	1788	2061	167456	1928	0	173233
355	1275	155593	4070	1524	0	162462
356	1777	1862	1523	136013	0	141175
357	644	785	666	136793	0	138888
358	653	661	426	136112	0	137852
359	381	611	138884	1949	0	141825
360	432	518	136568	837	0	138355
361	122136	445	1879	1197	0	125657
362	1532	490	135339	437	0	137798
363	124131	398	1602	928	0	127059
364	1462	132904	704	487	0	135557
365	665	1588	575	129608	0	132436
366	311	135201	529	1476	0	137517
367	247	138903	588	748	0	140486
368	244	1702	135864	515	0	138325
369	518	821	1495	133134	0	135968
370	230	683	135505	1552	0	137970
371	301	582	125730	709	0	127322
372	123476	336	1746	1010	0	126568
373	1303	377	132251	510	0	134441
374	499	437	128367	533	0	129836
375	122519	296	1709	941	0	125465
376	1317	387	129327	589	0	131620
377	508	489	132356	486	0	133839
378	630	459	1585	126262	0	128936
379	280	132518	814	1292	0	134904
380	398	1413	677	133596	0	136084
381	386	539	718	130629	0	132272
382	133134	421	582	2296	0	136433
383	1371	397	619	131877	0	134264
384	478	135916	645	1682	0	138721
385	133089	1393	602	1183	0	136267
386	1388	747	134180	702	0	137017
387	125228	521	1658	1067	0	128474
388	1655	520	140599	543	0	143317
389	650	549	142717	510	0	144426
390	373	148062	2314	596	0	151345
391	149727	1747	1059	996	0	153529
392	1657	152255	925	780	0	155617
393	640	2096	153240	646	0	156622
394	944	890	2052	142005	0	145891
395	370	155454	1039	1759	0	158622
396	156465	2020	837	1158	0	160480
397	156332	843	643	919	0	158737
398	2374	157446	818	422	0	161060
399	159544	2147	693	701	0	163085
400	2423	886	740	154733	0	158782
401	715	158599	1006	2111	0	162431
402	822	2144	760	162605	0	166331
403	844	1006	697	170939	0	173486
404	173248	808	728	3123	0	177907
405	170514	672	680	1457	0	173323
406	170337	590	702	1176	0	172805
407	3072	645	170199	649	0	174565
408	166083	510	2595	867	0	170055
409	3206	1192	1199	172417	0	178014
410	1213	603	174084	2439	0	178339
411	1149	519	164990	966	0	167624
412	698	167182	2963	804	0	171647
413	155789	2125	1426	842	0	160182
414	2039	161604	667	578	0	164888
415	1236	2046	437	160889	0	164608
416	1100	694	449	163663	0	165906
417	716	494	166792	2391	0	170393
418	1334	538	2203	157116	0	161191
419	724	376	167239	2158	0	170497
420	729	439	160946	813	0	162927
421	547	166548	2433	620	0	170148
422	1059	1669	889	162198	0	165815
423	863	572	565	161833	0	163833
424	161362	444	468	2330	0	164604
425	1862	454	161370	762	0	164448
426	1063	394	1748	164764	0	167969
427	167220	327	701	2514	0	170762
428	1850	459	168695	907	0	171911
429	163740	283	1966	1163	0	167152
430	169972	338	840	1027	0	172177
431	2336	464	175960	475	0	179235
432	1440	399	1983	170945	0	174767
433	1061	386	926	175404	0	177777
434	679	398	180294	2357	0	183728
435	173030	394	2109	1703	0	177236
436	181624	326	1016	1343	0	184309
437	178014	352	862	1112	0	180340
438	179254	394	725	1017	0	181390
439	178256	461	817	1046	0	180580
440	2914	766	165436	1078	0	170194
441	1468	549	181448	803	0	184268
442	1073	183570	2478	841	0	187962
443	1120	1997	185229	756	0	189102
444	1483	884	2359	178333	0	183059
445	2366	882	1588	146961	0	151797
446	1441	544	881	185606	0	188472
447	1573	485	721	187969	0	190748
448	1325	494	188792	2720	0	193331
449	1289	183516	2349	1378	0	188532
450	1280	194828	1133	1070	0	198311
451	1474	2375	969	187148	0	191966
452	1026	197005	967	2262	0	201260
453	196733	2340	768	1689	0	201530
454	195148	871	840	1619	0	198478
455	3098	204175	944	1108	0	209325
456	1926	2292	776	204686	0	209680
457	1590	794	968	209751	0	213103
458	1138	695	210671	3447	0	215951
459	192340	584	2943	2447	0	198314
460	212249	660	1458	1804	0	216171
461	3583	219070	1259	1172	0	225084
462	220599	2991	1062	1677	0	226329
463	3724	1363	226963	1162	0	233212
464	1731	222314	3273	1388	0	228706
465	1518	231662	1487	1334	0	236001
466	1315	232766	1306	1266	0	236653
467	1750	3955	1079	230139	0	236923
468	229372	1496	1048	4143	0	236059
469	4316	1126	1133	232969	0	239544
470	1961	1007	239602	4303	0	246873
471	2154	868	4082	238626	0	245730
472	1531	1079	250316	4591	0	257517
473	2086	980	4535	238786	0	246387
474	2095	1013	1951	236610	0	241669
475	1347	248254	1701	4585	0	255887
476	252904	4062	1364	2777	0	261107
477	4994	1551	1389	245832	0	253766
478	2089	252100	1378	4542	0	260109
479	252507	4263	1255	2868	0	260893
480	226296	1920	1648	2966	0	232830
481	253013	1314	1319	2456	0	258102
482	5116	252600	1417	1835	0	260968
483	2272	4192	252848	1906	0	261218
484	2313	1799	4472	250043	0	258627
485	2356	2151	1831	245224	0	251562
486	1718	251259	1643	5299	0	259919
487	1900	4050	250654	2476	0	259080
488	1827	1649	245291	2008	0	250775
489	236134	1311	4602	2028	0	244075
490	5006	1810	1721	239396	0	247933
491	1917	1003	248093	4031	0	255044
492	1563	253126	3771	1780	0	260240
493	2287	3865	1457	241006	0	248615
494	1573	255610	1340	3325	0	261848
495	1413	3794	253119	1498	0	259824
496	236544	1539	3784	2161	0	244028
497	249793	1039	1630	1938	0	254400
498	4240	253226	1306	1389	0	260161
499	2351	3609	957	251930	0	258847
500	1566	1487	253210	3709	0	259972
501	1268	249910	3814	1663	0	256655
502	243658	3545	1464	2005	0	250672
503	3388	239034	1060	974	0	244456
504	1192	242043	822	879	0	244936
505	1634	3701	813	236180	0	242328
506	730	241031	719	3023	0	245503
507	238912	3429	731	1774	0	244846
508	3591	1531	632	236405	0	242159
509	1116	1075	229863	2913	0	234967
510	987	1090	214885	1064	0	218026
511	1198	1050	2944	215402	0	220594
512	592	219589	1111	2751	0	224043
513	219837	2862	795	1590	0	225084
514	3073	1107	635	214806	0	219621
515	1011	1054	212550	2774	0	217389
516	1206	896	2657	208353	0	213112
517	961	980	893	210380	0	213214
518	207947	931	726	3685	0	213289
519	2916	857	592	205428	0	209793
520	1115	865	203781	3004	0	208765
521	986	880	202230	1250	0	205346
522	1156	702	3051	206716	0	211625
523	1142	758	1364	211382	0	214646
524	724	830	222338	3291	0	227183
525	195639	771	2889	2341	0	201640
526	2868	901	219865	1189	0	224823
527	1070	218749	3049	1088	0	223956
528	1175	2817	1167	221242	0	226401
529	797	1165	222415	3106	0	227483
530	841	973	216692	1412	0	219918
531	1119	935	3208	210678	0	215940
532	213120	664	1413	3818	0	219015
533	2760	807	217133	1412	0	222112
534	1002	216545	3053	1262	0	221862
535	216967	2673	1291	1935	0	222866
536	2862	1099	219584	1165	0	224710
537	208145	761	3088	1751	0	213745
538	217884	630	1433	1637	0	221584
539	3165	224261	1226	1208	0	229860
540	1547	2729	1097	213384	0	218757
541	1046	219899	1036	2751	0	224732
542	950	3021	216284	1271	0	221526
543	211842	1184	3062	1673	0	217761
544	220946	902	1283	1569	0	224700
545	3480	968	222043	951	0	227442
546	1709	939	217586	825	0	221059
547	1164	228217	3559	902	0	233842
548	232358	3155	1613	1249	0	238375
549	3816	1195	1187	230636	0	236834
550	1846	932	1089	222465	0	226332
551	1098	229554	1131	3187	0	234970
552	224774	3088	999	2064	0	230925
553	3189	1387	231588	1057	0	237221
554	1671	1000	3241	242341	0	248253
555	245969	822	1414	4436	0	252641
556	4079	250893	1292	1443	0	257707
557	1630	3948	276753	848	0	283179
558	1309	1443	281112	743	0	284607
559	2057	2983	6009	268091	0	279140
560	763	282087	1904	4556	0	289310
561	873	5309	283607	1217	0	291006
562	1682	1950	5227	275243	0	284102
563	284060	826	1609	6119	0	292614
564	5531	936	293078	1329	0	300874
565	2593	1309	5830	289018	0	298750
566	1105	815	299895	5842	0	307657
567	979	718	305218	1514	0	308429
568	2134	2646	7402	296913	0	309095
569	997	699	307743	5843	0	315282
570	255917	525	6662	2958	0	266062
571	5362	528	299476	1003	0	306369
572	273601	317	6130	1594	0	281642
573	5379	291016	2195	721	0	299311
574	298138	5065	1292	1916	0	306411
575	5381	306837	1403	702	0	314323
576	2605	5445	966	304803	0	313819
577	2193	1429	957	315303	0	319882
578	1017	978	311050	6463	0	319508
579	768	955	311847	2086	0	315656
580	1728	468	7166	314523	0	323885
581	766	774	321210	6079	0	328829
582	1600	643	6873	303577	0	312693
583	655	310722	2961	5966	0	320304
584	971	326906	2270	1989	0	332136
585	1805	6921	1821	318193	0	328740
586	1893	2165	1510	323808	0	329376
587	881	1711	319876	7142	0	329610
588	1887	1333	6373	309336	0	318929
589	854	309238	2652	6780	0	319524
590	730	311380	2224	2910	0	317244
591	745	316894	2014	2395	0	322048
592	1668	6807	1904	297227	0	307606
593	675	303757	2355	6028	0	312815
594	299462	6192	1934	3470	0	311058
595	6576	2135	1923	299462	0	310096
596	1909	1707	299418	6796	0	309830
597	2349	1511	6751	293227	0	303838
598	1225	1612	303487	7179	0	313503
599	1239	1622	301906	2922	0	307689
600	1330	1438	302595	2385	0	307748
601	1066	301054	8352	2441	0	312913
602	1135	6467	306569	1974	0	316145
603	298061	2486	7422	2979	0	310948
604	306165	2003	3288	2608	0	314064
605	311644	1797	2709	2597	0	318747
606	8016	1638	2305	308345	0	320304
607	307086	1689	2211	8099	0	319085
608	6679	298565	2724	3287	0	311255
609	2567	318236	2356	2967	0	326126
610	314168	7261	2547	3484	0	327460
611	6789	3010	319462	2470	0	331731
612	3106	2163	7396	316242	0	328907
613	1944	2063	324391	7258	0	335656
614	1599	2200	323205	3327	0	330331
615	1297	325119	8456	2741	0	337613
616	2333	7207	3950	309752	0	323242
617	1902	2894	3214	330374	0	338384
618	323744	2279	2596	9399	0	338018
619	6648	324598	2742	4082	0	338070
620	2927	335520	2640	3320	0	344407
621	2625	8343	331374	3004	0	345346
622	2068	337560	7533	2787	0	349948
623	328578	8078	4098	3694	0	344448
624	328146	3699	3967	3755	0	339567
625	7675	3088	339069	2694	0	352526
626	2881	2744	341064	3176	0	349865
627	2888	2443	11050	320053	0	336434
628	2757	2860	5953	323933	0	335503
629	2395	329317	4975	9029	0	345716
630	3254	7700	4227	330063	0	345244
631	3463	3100	4524	330091	0	341178
632	2965	327751	4088	9836	0	344640
633	3421	7378	3946	329435	0	344180
634	2766	3523	4748	319985	0	331022
635	2274	317227	4635	10001	0	334137
636	2462	7364	318772	5040	0	333638
637	3352	3157	9508	324344	0	340361
638	325444	2864	4899	9662	0	342869
639	320840	2822	4795	4759	0	333216
640	9867	3356	316831	3183	0	333237
641	307161	3783	8264	4262	0	323470
642	320990	3718	3408	4653	0	332769
643	8424	318694	3127	4341	0	334586
644	3935	7978	310694	4537	0	327144
645	2435	4067	312036	4771	0	323309
646	2699	4044	9725	323428	0	339896
647	325159	2761	5598	10373	0	343891
648	341252	2423	4652	5241	0	353568
649	9712	3000	3822	367720	0	384254
650	397387	2931	3120	11909	0	415347
651	412297	3326	3091	5825	0	424539
652	409605	3568	3407	5848	0	422428
653	12990	3626	399484	4106	0	420206
654	5473	2682	396996	3700	0	408851
655	385692	1625	10716	4942	0	402975
656	9845	2053	396205	3087	0	411190
657	3044	366965	7791	1334	0	379134
658	4260	7534	4797	360586	0	377177
659	1827	2285	372907	6138	0	383157
660	1667	1533	368297	2270	0	373767
661	3210	3063	8160	350815	0	365248
662	1637	840	365413	6203	0	374093
663	1681	954	355547	2402	0	360584
664	1502	323742	7584	1879	0	334707
665	1319	350336	3019	1004	0	355678
666	348984	6111	2314	1672	0	359081
667	6934	2283	1404	343012	0	353633
668	344694	961	1407	6198	0	353260
669	6290	956	340669	1548	0	349463
670	3455	832	5797	333538	0	343622
671	2448	1075	2209	345732	0	351464
672	340284	579	1654	7817	0	350334
673	5669	341261	1631	2776	0	351337
674	2449	5466	322260	1729	0	331904
675	1967	1948	327456	1323	0	332694
676	1155	334719	6970	1399	0	344243
677	1293	5458	331369	1106	0	339226
678	1343	329118	6179	972	0	337612
679	1493	326096	2547	1034	0	331170
680	2132	6297	317000	844	0	326273
681	301713	2003	6108	1359	0	311183
682	6580	1290	2419	323839	0	334128
683	2226	329388	2167	5188	0	338969
684	2656	4872	1583	329351	0	338462
685	327753	1892	1481	6431	0	337557
686	324546	1344	1526	3010	0	330426
687	323072	1034	1779	2381	0	328266
688	6670	1083	319367	1156	0	328276
689	3357	1099	6084	310170	0	320710
690	1309	322541	3046	4928	0	331824
691	335186	5210	2258	2893	0	345547
692	6205	2324	1761	335401	0	345691
693	3416	1902	1526	332505	0	339349
694	2591	1333	1535	345911	0	351370
695	1873	1347	340901	7246	0	351367
696	311314	1133	5505	4458	0	322410
697	6441	341060	2384	2352	0	352237
698	3904	5246	1731	340181	0	351062
699	3682	1821	1437	344957	0	351897
700	338129	1188	1612	8030	0	348959
701	7040	1398	328044	2944	0	339426
702	3098	1323	340338	1979	0	346738
703	2205	336039	7683	1868	0	347795
704	1881	6102	348110	1533	0	357626
705	319375	2502	7563	2813	0	332253
706	6033	350942	3533	2146	0	362654
707	2417	6746	354650	1894	0	365707
708	319853	2732	7650	2829	0	333064
709	6826	2259	361874	1835	0	372794
710	3187	362275	7772	2003	0	375237
711	3429	6635	3346	361140	0	374550
712	3239	2943	2326	370119	0	378627
713	2751	2331	361855	7975	0	374912
714	3215	1815	352859	3461	0	361350
715	2822	356318	8503	2643	0	370286
716	348770	6489	4266	3145	0	362670
717	7251	363913	3481	2288	0	376933
718	4135	7244	2840	361316	0	375535
719	3107	3397	359521	7105	0	373130
720	327772	2443	8207	4025	0	342447
721	8036	2095	4246	348417	0	362794
722	3559	341443	3988	7038	0	356028
723	2230	363153	4030	3459	0	372872
724	2618	8222	3217	359908	0	373965
725	2610	3903	3013	366488	0	376014
726	358393	3177	2897	9480	0	373947
727	7477	2824	2777	365837	0	378915
728	3384	2592	365722	8607	0	380305
729	351469	2315	8165	5004	0	366953
730	368094	2038	4022	4333	0	378487
731	8738	2645	370571	3033	0	384987
732	360402	2287	8161	3331	0	374181
733	9539	2328	3791	380540	0	396198
734	5316	2474	2876	385505	0	396171
735	4317	2520	2620	389912	0	399369
736	4031	2348	2682	376319	0	385380
737	2499	380213	3092	10181	0	395985
738	385521	8042	2828	5832	0	402223
739	395331	3763	2560	5045	0	406699
740	10458	3121	395125	3911	0	412615
741	402045	2283	8613	4662	0	417603
742	428481	2159	4331	4035	0	439006
743	436167	2298	3348	3885	0	445698
744	452260	2116	3082	3732	0	461190
745	13697	444753	2761	3079	0	464290
746	7445	10880	1904	433329	0	453558
747	4333	3880	436658	10037	0	454908
748	3870	2933	410072	4654	0	421529
749	357908	6185	13249	4934	0	382276
750	361212	2235	5899	2967	0	372313
751	8100	347891	1983	1385	0	359359
752	350184	5517	1568	1977	0	359246
753	7437	351747	1270	1094	0	361548
754	4924	6342	1072	349170	0	361508
755	354559	2490	1093	7398	0	365540
756	348981	1528	959	3511	0	354979
757	351301	1114	770	2845	0	356030
758	8811	346773	1050	1504	0	358138
759	348226	5952	867	2031	0	357076
760	8965	2516	894	346454	0	358829
761	352761	1395	1142	7015	0	362313
762	8309	1477	340949	2433	0	353168
763	4221	345570	6037	1677	0	357505
764	345033	5633	2288	2286	0	355240
765	7656	2671	344808	1161	0	356296
766	4927	1781	5733	341027	0	353468
767	2961	1594	351106	5756	0	361417
768	2955	1469	344977	2457	0	351858
769	3767	1127	7454	340975	0	353323
770	2808	1155	354270	6031	0	364264
771	3627	997	6788	345933	0	357345
772	3402	1157	3035	352650	0	360244
773	353532	992	2040	8943	0	365507
774	7064	353731	1955	3697	0	366447
775	3625	363192	1845	2406	0	371068
776	2711	370286	1878	2039	0	376914
777	2757	8470	363197	1602	0	376026
778	3833	3683	6945	357015	0	371476
779	2282	2487	371223	6763	0	382755
780	342782	1724	7741	4218	0	356465
781	362040	1463	3601	3274	0	370378
782	8505	366172	2805	2225	0	379707
783	5231	6607	2024	358225	0	372087
784	3088	370408	2125	6636	0	382257
785	370799	7351	1523	4054	0	383727
786	8846	3369	1393	369432	0	383040
787	4233	2755	370297	7447	0	384732
788	3030	364753	7087	3718	0	378588
789	3022	7725	371334	2311	0	384392
790	3602	3423	7674	364622	0	379321
791	2464	2477	368125	7504	0	380570
792	341825	1936	8288	4816	0	356865
793	8180	2089	367844	2686	0	380799
794	4134	368459	8316	2630	0	383539
795	4106	7221	3840	366840	0	382007
796	3717	3452	2828	377045	0	387042
797	370164	2496	2452	10195	0	385307
798	371436	2293	2545	5469	0	381743
799	9396	367351	2621	3474	0	382842
800	4611	7225	366665	2910	0	381411
801	3581	3494	363254	2503	0	372832
802	351798	2502	9315	3409	0	367024
803	8565	2383	365990	2241	0	379179
804	4382	2318	355990	2243	0	364933
805	3448	2255	356293	2130	0	364126
806	3409	2205	355215	2011	0	362840
807	3019	353229	10375	2146	0	368769
808	354213	7525	5668	3048	0	370454
809	8831	3647	3711	345043	0	361232
810	345109	2659	3175	8064	0	359007
811	9008	342003	3194	3555	0	357760
812	342146	7534	2848	3697	0	356225
813	8820	351800	3188	2392	0	366200
814	5653	7943	3180	344458	0	361234
815	3844	364678	3548	6614	0	378684
816	3840	8602	358855	3235	0	374532
817	3266	369624	8969	2534	0	384393
818	3881	8707	4927	401386	0	418901
819	404221	4244	3819	9478	0	421762
820	10297	3397	3369	403915	0	420978
821	5238	3423	405058	9350	0	423069
822	5222	2856	9086	390648	0	407812
823	3534	401779	4819	9774	0	419906
824	3808	9057	402499	4652	0	420016
825	396479	4703	9779	4379	0	415340
826	10817	3362	5103	413345	0	432627
827	407470	3084	4016	10712	0	425282
828	408267	2941	3728	6388	0	421324
829	10988	409976	3971	4116	0	429051
830	402229	8910	3725	5055	0	419919
831	410619	4436	3520	4681	0	423256
832	11817	407055	3636	3293	0	425801
833	6744	8667	3188	403846	0	422445
834	5073	4254	3582	403272	0	416181
835	3452	403868	3463	10491	0	421274
836	4329	9171	2901	412787	0	429188
837	3104	4884	409395	9644	0	427027
838	4957	5087	9001	399949	0	418994
839	3884	3063	401240	9796	0	417983
840	3723	2621	373122	4571	0	384037
841	2889	368574	9389	3828	0	384680
842	2630	366304	4648	2855	0	376437
843	2890	375170	3436	2550	0	384046
844	5238	8077	3304	351191	0	367810
845	1802	3507	355556	5868	0	366733
846	341472	2127	6242	4016	0	353857
847	6495	1669	2736	357950	0	368850
848	2322	2094	358644	6098	0	369158
849	1909	2133	354496	2793	0	361331
850	1382	362995	7169	2180	0	373726
851	2452	6452	2990	356206	0	368100
852	353331	2429	2416	6985	0	365161
853	5371	349979	2240	2718	0	360308
854	2214	349448	1886	2101	0	355649
855	1483	350440	1905	1838	0	355666
856	2049	7840	1716	346135	0	357740
857	1106	360103	1821	6096	0	369126
858	2199	6820	1748	381667	0	392434
859	2640	2791	1566	393138	0	400135
860	1877	2262	386623	8988	0	399750
861	347594	1880	7701	5577	0	362752
862	7269	2124	395295	2123	0	406811
863	3865	3147	7961	389109	0	404082
864	1761	2175	398434	7976	0	410346
865	1436	394097	8258	3526	0	407317
866	391124	8074	3720	3734	0	406652
867	8365	3811	2339	382136	0	396651
868	3862	2320	1757	393098	0	401037
869	389540	1666	1653	10544	0	403403
870	385373	1658	1833	5309	0	394173
871	394879	1538	1584	4218	0	402219
872	9505	1857	390316	2449	0	404127
873	367705	1447	7076	3343	0	379571
874	8171	378933	3071	1988	0	392163
875	3252	385342	2070	1938	0	392602
876	3779	8173	1724	372296	0	385972
877	3118	3339	1400	367916	0	375773
878	1796	370530	1560	8370	0	382256
879	3066	7413	1228	371474	0	383181
880	366382	2956	1269	9173	0	379780
881	7331	2442	368035	3856	0	381664
882	3089	366363	6864	2866	0	379182
883	353113	7135	2618	3558	0	366424
884	6947	363211	2017	2643	0	374818
885	3031	7817	361210	2161	0	374219
886	3580	3686	7028	355682	0	369976
887	2086	2880	360178	7213	0	372357
888	1784	356417	7530	3452	0	369183
889	2797	7450	2962	354685	0	367894
890	1832	3395	353994	7576	0	366797
891	2000	2821	354036	3489	0	362346
892	2763	2342	8200	353564	0	366869
893	352951	1765	3604	8565	0	366885
894	355270	1726	2655	4353	0	364004
895	356611	1967	2059	3542	0	364179
896	9217	2298	358055	2250	0	371820
897	3735	357857	7253	2332	0	371177
898	3284	7295	3282	355450	0	369311
899	2736	3171	2369	352070	0	360346
900	2003	358425	2236	8433	0	371097
901	355732	7368	1934	4945	0	369979
902	8004	3395	1729	359269	0	372397
903	3353	2627	357735	7853	0	371568
904	2292	356746	7635	3931	0	370604
905	346496	7317	3547	4520	0	361880
906	7132	354072	2755	3160	0	367119
907	4237	7731	2338	347758	0	362064
908	3724	3483	2349	350791	0	360347
909	3312	2587	2583	353345	0	361827
910	2312	2773	349473	9469	0	364027
911	2870	2883	7501	337156	0	350410
912	2189	337818	3733	8806	0	352546
913	2280	339182	2847	4575	0	348884
914	3016	8122	328123	3604	0	342865
915	305015	3590	7106	4706	0	320417
916	321309	2608	3503	4631	0	332051
917	8268	316819	2778	3146	0	331011
918	282246	5789	2549	3065	0	293649
919	282617	2660	1577	3134	0	289988
920	7058	289780	1706	2422	0	300966
921	4072	6438	1693	291576	0	303779
922	2712	3047	301790	6697	0	314246
923	2590	2758	290240	3308	0	298896
924	291811	2412	7425	3917	0	305565
925	6607	300560	3128	2822	0	313117
926	3706	6857	2102	298037	0	310702
927	3133	3292	1773	301457	0	309655
928	3181	2327	1879	302446	0	309833
929	294936	2079	1842	9257	0	308114
930	7991	2079	1774	295423	0	307267
931	4464	2162	1599	298251	0	306476
932	3008	2274	287412	7895	0	300589
933	265291	1959	6210	5040	0	278500
934	6506	282856	3025	3066	0	295453
935	278620	6173	2021	3734	0	290548
936	6430	275016	2233	2494	0	286173
937	3818	6247	2121	274306	0	286492
938	274418	2595	1830	7537	0	286380
939	277786	2180	1779	4386	0	286131
940	7312	2121	272613	2835	0	284881
941	275191	1788	5670	3716	0	286365
942	7589	1945	280193	2369	0	292096
943	3599	2033	271590	2172	0	279394
944	2736	1991	271319	2286	0	278332
945	2386	2113	292145	2155	0	298799
946	3192	2341	9098	294568	0	309199
947	2342	1847	302137	7990	0	314316
948	3028	1887	8636	295401	0	308952
949	297204	1751	3557	9594	0	312106
950	8940	1841	2667	296243	0	309691
951	290656	1614	2411	10270	0	304951
952	8497	293044	2429	4112	0	308082
953	4765	8430	2147	292301	0	307643
954	3351	3079	291205	8827	0	306462
955	2361	299210	7994	4312	0	313877
956	4176	10631	3426	288751	0	306984
957	2660	2753	292322	8163	0	305898
958	1463	277333	7036	3081	0	288913
959	1207	283102	2688	2394	0	289391
960	2177	7737	276806	1829	0	288549
961	2958	4470	7434	262907	0	277769
962	1221	1731	266942	6620	0	276514
963	251318	912	7112	2932	0	262274
964	262406	656	2255	2475	0	267792
965	7369	259451	1811	1136	0	269767
966	260748	6209	1095	1614	0	269666
967	8206	1922	1052	259539	0	270719
968	2324	1545	258539	6456	0	268864
969	244775	868	6588	3068	0	255299
970	6946	860	252662	1884	0	262352
971	2173	251592	7266	1250	0	262281
972	256543	6473	2680	1745	0	267441
973	7742	2193	1668	255770	0	267373
974	2246	1610	258313	6389	0	268558
975	252761	934	6851	3005	0	263551
976	255538	779	2571	2476	0	261364
977	259483	849	1910	1771	0	264013
978	9711	889	1224	251873	0	263697
979	4610	968	1144	258539	0	265261
980	2508	986	254947	7940	0	266381
981	1664	253323	6916	3268	0	265171
982	2592	6234	2578	249896	0	261300
983	2563	1994	2005	259943	0	266505
984	1508	1749	256209	7947	0	267413
985	1482	1435	255815	3306	0	262038
986	2478	950	8300	253253	0	264981
987	247936	853	3600	8397	0	260786
988	6774	252439	2901	2977	0	265091
989	252397	6601	1934	3093	0	264025
990	7972	254897	1984	2028	0	266881
991	3422	7493	255588	1856	0	268359
992	2628	2653	260076	2157	0	267514
993	250830	1865	9098	2683	0	264476
994	281512	1428	3842	2689	0	289471
995	9924	279237	2934	2237	0	294332
996	4901	8173	273742	2463	0	289279
997	4883	3258	8772	270995	0	287908
998	3991	2865	4256	267473	0	278585
999	2695	274975	3922	10265	0	291857
1000	3482	8507	2567	278284	0	292840
1001	2519	3945	279021	10649	0	296134
1002	270733	3469	9014	5548	0	288764
1003	282138	2271	4398	4414	0	293221
1004	279467	2280	3674	3624	0	289045
1005	289508	1641	3186	2973	0	297308
1006	13954	1685	277723	2154	0	295516
1007	277176	1289	9631	2621	0	290717
1008	13095	1564	278587	1693	0	294939
1009	6460	274482	11281	1909	0	294132
1010	5824	8211	5772	279333	0	299140
1011	285531	3443	4785	9766	0	303525
1012	11255	2951	3441	296859	0	314506
1013	5178	2539	298761	11531	0	318009
1014	297457	2062	10417	6007	0	315943
1015	310975	1799	5199	5104	0	323077
1016	14578	1837	4191	303745	0	324351
1017	8704	1557	3221	312966	0	326448
1018	6190	1952	303243	13181	0	324566
1019	4523	305243	10387	6972	0	327125
1020	298084	9316	5107	5497	0	318004
1021	11305	4169	287307	3370	0	306151
1022	274136	3283	10203	3186	0	290808
1023	12078	283195	5156	2551	0	302980
1024	282125	9033	4204	2858	0	298220
1025	12520	274762	3335	2303	0	292920
1026	6698	282801	2956	2349	0	294804
1027	6894	11228	2989	275227	0	296338
1028	5425	5672	2602	285185	0	298884
1029	5066	4076	2261	288217	0	299620
1030	4377	2826	2165	291454	0	300822
1031	3193	2360	280377	14696	0	300626
1032	273264	2216	9553	8113	0	293146
1033	288019	2092	4551	6087	0	300749
1034	295332	1721	4107	4571	0	305731
1035	15583	1657	3361	284378	0	304979
1036	9729	1581	2751	291290	0	305351
1037	290071	1727	2461	12811	0	307070
1038	291648	1990	2460	7025	0	303123
1039	294922	2208	2176	5657	0	304963
1040	15571	2562	2452	280763	0	301348
1041	9162	2431	2350	280380	0	294323
1042	6318	1859	268607	11945	0	288729
1043	4855	1730	260696	7245	0	274526
1044	4255	264531	10358	5471	0	284615
1045	236831	8871	8136	5565	0	259403
1046	237720	3408	4267	3478	0	248873
1047	240868	2450	2302	3386	0	249006
1048	10460	1963	241304	2778	0	256505
1049	238809	1554	6122	3769	0	250254
1050	247232	1233	3280	3588	0	255333
1051	251097	1209	2742	3301	0	258349
1052	11760	978	2282	242634	0	257654
1053	8182	962	1983	243769	0	254896
1054	6647	992	1860	245410	0	254909
1055	4533	1224	223875	9691	0	239323
1056	209697	1212	5188	6302	0	222399
1057	7644	223175	3028	4205	0	238052
1058	207781	4377	1857	2934	0	216949
1059	7198	202124	1469	2347	0	213138
1060	4708	208074	1333	2115	0	216230
1061	5180	6145	1790	204397	0	217512
1062	4123	3733	1891	201738	0	211485
1063	2904	201449	1210	6021	0	211584
1064	200285	4768	1084	4391	0	210528
1065	201593	2623	1137	3659	0	209012
1066	6943	2049	1261	198437	0	208690
1067	4850	1517	198921	5605	0	210893
1068	4467	1176	189424	3648	0	198715
1069	3904	1037	198747	3012	0	206700
1070	3780	1119	199184	2239	0	206322
1071	191851	1504	7413	2441	0	203209
1072	196955	892	3887	2003	0	203737
1073	7046	835	2616	192256	0	202753
1074	4692	919	192276	4906	0	202793
1075	4197	944	4325	193979	0	203445
1076	3023	196256	2718	5539	0	207536
1077	2989	219031	2313	3214	0	227547
1078	222771	5225	1655	3535	0	233186
1079	224223	3326	1264	2750	0	231563
1080	226824	2451	1209	2761	0	233245
1081	7492	1730	1445	222857	0	233524
1082	5075	1506	1412	227381	0	235374
1083	4481	1399	1332	228499	0	235711
1084	4170	1066	1035	227345	0	233616
1085	3590	918	224160	7406	0	236074
1086	3317	755	3791	225669	0	233532
1087	234383	657	2552	7340	0	244932
1088	5522	698	2473	237001	0	245694
1089	3853	931	1854	239678	0	246316
1090	3837	1867	1719	236746	0	244169
1091	2960	226207	1546	7675	0	238388
1092	2788	227164	1298	4928	0	236178
1093	2349	234602	1134	3871	0	241956
1094	2234	3474	918	215645	0	222271
1095	1913	1397	837	217687	0	221834
1096	217531	916	598	4908	0	223953
1097	215947	743	608	2919	0	220217
1098	218518	725	624	2424	0	222291
1099	4435	790	663	217255	0	223143
1100	2588	711	651	217311	0	221261
1101	2095	214547	740	3996	0	221378
1102	2013	223465	578	2121	0	228177
1103	222820	3151	444	2329	0	228744
1104	4107	1375	363	222238	0	228083
1105	222674	824	533	4270	0	228301
1106	228109	642	605	2817	0	232173
1107	4232	585	693	225546	0	231056
1108	1943	235490	813	3555	0	241801
1109	239804	2617	560	2818	0	245799
1110	244297	1088	419	2643	0	248447
1111	4310	914	251325	1433	0	257982
1112	233616	546	1892	1907	0	237961
1113	2667	241095	870	811	0	245443
1114	1637	1731	358	248048	0	251774
1115	269168	751	282	3909	0	274110
1116	3209	541	200	271479	0	275429
1117	2133	440	190	270068	0	272831
1118	1065	271851	327	3361	0	276604
1119	270056	2216	191	2701	0	275164
1120	271172	1068	164	1989	0	274393
1121	3519	268773	300	963	0	273555
1122	1778	286164	374	628	0	288944
1123	286189	2850	366	1743	0	291148
1124	282694	1415	196	1567	0	285872
1125	3548	1048	274319	580	0	279495
1126	2326	873	253343	592	0	257134
1127	1465	747	275730	520	0	278462
1128	1592	392	3202	281721	0	286907
1129	1361	372	1477	287014	0	290224
1130	836	572	285283	3044	0	289735
1131	274481	440	2410	2698	0	280029
1132	295021	407	1104	2019	0	298551
1133	296238	392	665	1701	0	298996
1134	291293	376	417	1702	0	293788
1135	4168	606	312141	472	0	317387
1136	310970	387	2346	2135	0	315838
1137	321763	350	1472	2232	0	325817
1138	322297	353	860	1878	0	325388
1139	324631	299	592	1681	0	327203
1140	321244	298	519	1702	0	323763
1141	4290	593	327582	657	0	333122
1142	2433	327461	2455	713	0	333062
1143	2370	2233	1135	329360	0	335098
1144	1792	1114	776	337319	0	341001
1145	1362	1038	333794	3198	0	339392
1146	302521	616	2529	2822	0	308488
1147	3680	460	1163	327558	0	332861
1148	2191	616	329945	2672	0	335424
1149	2103	791	305018	1615	0	309527
1150	1486	333096	3380	1183	0	339145
1151	1847	2342	1649	339074	0	344912
1152	1723	1260	1035	341818	0	345836
1153	1715	893	781	338539	0	341928
1154	341645	530	684	5017	0	347876
1155	3468	467	655	340761	0	345351
1156	2014	675	335198	3420	0	341307
1157	2094	851	299174	2251	0	304370
1158	1609	812	339058	1445	0	342924
1159	2147	592	3741	344873	0	351353
1160	353444	467	1998	4339	0	360248
1161	3355	721	354367	1592	0	360035
1162	343170	446	2919	2568	0	349103
1163	385051	410	1641	3448	0	390550
1164	4751	423	1179	393074	0	399427
1165	3187	454	963	393379	0	397983
1166	1916	394545	1065	3707	0	401233
1167	1803	2644	393136	2154	0	399737
1168	381326	1105	2982	2801	0	388214
1169	3907	930	1677	405127	0	411641
1170	2086	403311	1480	3226	0	410103
1171	2238	2635	1013	410898	0	416784
1172	1534	1572	410501	3484	0	417091
1173	2246	1152	3047	400074	0	406519
1174	1331	404546	1945	3715	0	411537
1175	1805	2449	1238	406282	0	411774
1176	401358	1151	1104	4937	0	408550
1177	3778	973	942	391822	0	397515
1178	2027	382621	1189	3717	0	389554
1179	1533	392804	1169	2242	0	397748
1180	371918	3143	961	3721	0	379743
1181	3400	1947	392203	1364	0	398914
1182	2900	1180	2814	384372	0	391266
1183	2247	952	1553	399630	0	404382
1184	1597	920	401522	3994	0	408033
1185	1300	400128	3310	2740	0	407478
1186	1311	2912	404995	1768	0	410986
1187	1857	2304	3174	392067	0	399402
1188	969	407477	2006	2793	0	413245
1189	411662	2287	1179	4041	0	419169
1190	2735	410659	1194	1529	0	416117
1191	1523	416133	1065	1936	0	420657
1192	419785	2903	1094	3535	0	427317
1193	418839	1446	949	3540	0	424774
1194	425001	845	811	2958	0	429615
1195	3812	601	805	427994	0	433212
1196	1867	910	423647	2486	0	428910
1197	409962	516	2406	3869	0	416753
1198	436675	503	1341	3076	0	441595
1199	4483	471	949	453548	0	459451
1200	1909	948	454774	3084	0	460715
1201	1251	449918	3131	1711	0	456011
1202	447429	2795	1282	3694	0	455200
1203	462346	1107	947	4120	0	468520
1204	3924	468728	999	1046	0	474697
1205	2040	479197	836	886	0	482959
1206	474771	3449	622	3497	0	482339
1207	471340	1471	531	3179	0	476521
1208	465205	961	478	2756	0	469400
1209	5012	681	506	464017	0	470216
1210	2035	1102	467656	3077	0	473870
1211	2711	789	2817	448808	0	455125
1212	1199	989	457024	3437	0	462649
1213	948	444096	3532	1851	0	450427
1214	817	451185	1551	1255	0	454808
1215	2271	2561	829	424158	0	429819
1216	1718	709	501	428536	0	431464
1217	1775	669	412	421874	0	424730
1218	592	430858	677	2755	0	434882
1219	423395	2291	501	3733	0	429920
1220	417225	919	496	3469	0	422109
1221	2744	432005	682	935	0	436366
1222	2073	2476	284	416860	0	421693
1223	1086	420687	542	2397	0	424712
1224	1685	2960	338	419091	0	424074
1225	954	423142	526	2470	0	427092
1226	420516	2628	415	3528	0	427087
1227	3569	1093	316	415567	0	420545
1228	1297	1348	412340	2599	0	417584
1229	395951	621	2310	4109	0	402991
1230	404446	652	857	4038	0	409993
1231	2833	1297	407260	1032	0	412422
1232	2361	832	2309	404907	0	410409
1233	1166	1308	412145	2710	0	417329
1234	1824	952	2417	409151	0	414344
1235	843	1446	391822	2946	0	397057
1236	366148	932	2503	3363	0	372946
1237	3314	995	768	382804	0	387881
1238	1193	383810	968	2839	0	388810
1239	391284	2942	493	3348	0	398067
1240	3982	1200	466	395908	0	401556
1241	2241	1092	549	392668	0	396550
1242	1368	1493	388807	3513	0	395181
1243	2523	887	2710	397221	0	403341
1244	1223	1398	411976	4411	0	419008
1245	1395	1430	416500	1813	0	421138
1246	2413	880	5146	434880	0	443319
1247	1295	1183	472054	5127	0	479659
1248	463325	791	7083	4649	0	475848
1249	549032	674	2384	4235	0	556325
1250	590587	795	1477	4499	0	597358
1251	15330	621555	1780	1716	0	640381
1252	10185	12439	1216	621929	0	645769
1253	7429	5278	1177	613122	0	627006
1254	2811	644392	1794	15522	0	664519
1255	638681	13654	1182	10266	0	663783
1256	16751	5940	1025	637609	0	661325
1257	6574	4529	650085	14948	0	676136
1258	4841	3253	622894	7162	0	638150
1259	2825	628343	17899	5565	0	654632
1260	629512	13506	7953	6470	0	657441
1261	14958	6545	630955	3037	0	655495
1262	594745	3901	15746	5842	0	620234
1263	17069	591971	7966	3298	0	620304
1264	7846	14648	600652	2381	0	625527
1265	5660	6810	586820	2962	0	602252
1266	3910	4719	602652	3062	0	614343
1267	3400	583673	21514	2935	0	611522
1268	4126	15059	592127	2069	0	613381
1269	569339	6149	18341	4332	0	598161
1270	18059	4576	9149	563057	0	594841
1271	10164	3067	6900	587241	0	607372
1272	8393	3180	4366	594132	0	610071
1273	7660	2810	3314	598558	0	612342
1274	4266	2896	588169	21990	0	617321
1275	6888	2313	15036	582155	0	606392
1276	6406	2445	7134	597038	0	613023
1277	577159	2473	6092	23775	0	609499
1278	589762	2101	5427	13614	0	610904
1279	568421	2318	4982	11066	0	586787
1280	21283	3500	577172	5821	0	607776
1281	11040	578552	16229	5121	0	610942
1282	7672	617783	8529	4555	0	638539
1283	573548	19407	5722	8232	0	606909
1284	16147	604246	5177	4982	0	630552
1285	11376	19148	4493	591289	0	626306
1286	9418	8814	4277	611709	0	634218
1287	4711	6938	600070	21439	0	633158
1288	4084	588080	18561	11688	0	622413
1289	4056	17772	584814	8167	0	614809
1290	560042	7972	19803	8744	0	596561
1291	597110	5744	9998	6860	0	619712
1292	24685	4045	7509	583118	0	619357
1293	13517	3732	6147	582594	0	605990
1294	9239	3771	5892	587410	0	606312
1295	8726	4142	4897	593095	0	610860
1296	5539	3790	580239	27172	0	616740
1297	7992	4452	17455	575490	0	605389
1298	4736	3253	577374	23995	0	609358
1299	4385	2622	557660	13767	0	578434
1300	3679	557289	23048	10564	0	594580
1301	556874	16112	12426	9671	0	595083
1302	16802	575567	8712	7246	0	608327
1303	11590	19363	6521	554969	0	592443
1304	7393	9026	583948	19101	0	619468
1305	561782	6186	19633	12437	0	600038
1306	19828	4829	579378	8980	0	613015
1307	576658	4172	22256	8643	0	611729
1308	591356	3709	11423	7800	0	614288
1309	28206	3770	8771	594248	0	634995
1310	16352	3762	7251	596362	0	623727
1311	12665	3917	6706	608352	0	631640
1312	8421	4984	585172	29157	0	627734
1313	569296	4890	21064	17038	0	612288
1314	22438	578103	11110	11917	0	623568
1315	14652	19820	8128	583188	0	625788
1316	584778	9865	7024	26420	0	628087
1317	600260	7367	7407	15359	0	630393
1318	607162	6210	6648	12521	0	632541
1319	34391	6493	576412	9744	0	627040
1320	591936	6442	22397	11055	0	631830
1321	605576	7470	11589	11923	0	636558
1322	32126	6157	549100	13069	0	600452
1323	17841	6439	608039	11006	0	643325
1324	16026	6382	29971	596886	0	649265
1325	12076	4861	614596	25274	0	656807
1326	9000	576542	33129	14209	0	632880
1327	8913	618128	20786	9239	0	657066
1328	589490	27665	15261	9499	0	641915
1329	26636	616369	11705	7602	0	662312
1330	19109	25776	11578	610643	0	667106
1331	587149	12924	11400	26545	0	638018
1332	26571	616345	10636	14048	0	667600
1333	15649	25726	10834	611076	0	663285
1334	13137	11687	11964	629567	0	666355
1335	9701	8842	610037	33834	0	662414
1336	11242	7203	27532	612690	0	658667
1337	9099	7286	609764	33561	0	659710
1338	10067	4876	612923	20678	0	648544
1339	12675	5293	29254	593627	0	640849
1340	10834	5266	14787	613839	0	644726
1341	590082	4608	10421	38915	0	644026
1342	25603	637092	9958	22562	0	695215
1343	16774	23646	8464	628248	0	677132
1344	15277	18230	7840	637827	0	679174
1345	602695	8364	5754	38720	0	655533
1346	28920	580928	6066	21046	0	636960
1347	16011	553602	6189	13840	0	589642
1348	11322	528015	6056	10215	0	555608
1349	6104	473202	5273	6424	0	491003
1350	383185	18148	15162	5701	0	422196
1351	378133	6357	4322	4876	0	393688
1352	369353	4057	2246	4337	0	379993
1353	371864	2957	1947	3963	0	380731
1354	18724	2927	1902	356871	0	380424
1355	7485	3190	352707	13200	0	376582
1356	5117	349063	12617	5742	0	372539
1357	5593	12621	4752	345682	0	368648
1358	4147	4780	347687	13563	0	370177
1359	5525	3900	12624	342678	0	364727
1360	5176	3075	4883	351120	0	364254
1361	3405	3183	343114	16453	0	366155
1362	4525	3115	12928	340776	0	361344
1363	5462	3023	5669	338428	0	352582
1364	343012	2559	3870	17858	0	367299
1365	347453	2457	3332	8869	0	362111
1366	348145	2311	2648	7178	0	360282
1367	350336	2444	2598	6240	0	361618
1368	19071	2342	2815	335768	0	359996
1369	9337	2579	2828	345849	0	360593
1370	7298	2955	2647	349883	0	362783
1371	337361	2687	2707	19716	0	362471
1372	16703	2795	2806	340779	0	363083
1373	9389	2473	2624	349127	0	363613
1374	7020	2674	330613	19177	0	359484
1375	7542	3407	12757	322878	0	346584
1376	5902	313605	5505	16844	0	341856
1377	5618	339847	3633	8882	0	357980
1378	327321	14468	3145	7099	0	352033
1379	16005	5879	322614	6050	0	350548
1380	7892	312263	12278	5422	0	337855
1381	304894	11975	6532	5468	0	328869
1382	15251	4890	3887	302727	0	326755
1383	6418	3916	301992	14652	0	326978
1384	6446	4952	12030	290156	0	313584
1385	4637	305146	5123	14451	0	329357
1386	299031	11833	4102	8371	0	323337
1387	12725	308755	3647	6670	0	331797
1388	307700	12840	3160	6185	0	329885
1389	317100	5259	2685	6144	0	331188
1390	16741	4466	2442	309516	0	333165
1391	8282	3765	2350	304550	0	318947
1392	5747	307064	2509	16260	0	331580
1393	310810	12159	2430	8961	0	334360
1394	14339	5366	305867	6553	0	332125
1395	303002	4106	11164	6119	0	324391
1396	306811	3154	4360	6050	0	320375
1397	15623	2852	292384	5777	0	316636
1398	7861	4273	10942	283661	0	306737
1399	286609	2806	4383	14707	0	308505
1400	13807	2920	282761	7213	0	306701
1401	6632	2977	276265	5578	0	291452
1402	254991	2756	13001	5604	0	276352
1403	12153	253719	5708	4738	0	276318
1404	5512	243904	3488	4036	0	256940
1405	6763	11793	3302	232370	0	254228
1406	4217	5404	233538	9820	0	252979
1407	222362	3539	9415	5481	0	240797
1408	10762	2689	229064	4104	0	246619
1409	5007	211958	9139	2935	0	229039
1410	211573	9006	4123	3382	0	228084
1411	10482	4022	2741	210528	0	227773
1412	211909	2890	2153	10397	0	227349
1413	11049	2228	207632	5140	0	226049
1414	5950	2501	8364	200634	0	217449
1415	4283	209632	3796	8371	0	226082
1416	4339	9300	2627	207851	0	224117
1417	4260	4983	1992	215240	0	226475
1418	4400	3371	210325	10600	0	228696
1419	4429	201795	8399	5765	0	220388
1420	4150	207128	3942	4996	0	220216
1421	4211	8517	198904	3207	0	214839
1422	184957	4010	8592	3459	0	201018
1423	192901	2350	4080	3480	0	202811
1424	10850	2595	3163	184806	0	201414
1425	179295	1611	2422	8144	0	191472
1426	8368	168502	2697	4242	0	183809
1427	3677	179607	2518	3725	0	189527
1428	177568	7760	2396	3867	0	191591
1429	8843	4526	2415	175010	0	190794
1430	177532	2054	2352	8279	0	190217
1431	182892	1504	1688	4714	0	190798
1432	10059	1871	1549	173667	0	187146
1433	5399	2252	172235	7442	0	187328
1434	170983	2058	6444	3809	0	183294
1435	177864	1566	2985	2985	0	185400
1436	10363	1816	2347	169145	0	183671
1437	5201	169716	2034	7575	0	184526
1438	4145	7240	1684	171900	0	184969
1439	3647	2814	169268	8308	0	184037
1440	3280	2397	168135	4432	0	178244
1441	2829	166450	7854	4236	0	181369
1442	4302	3960	2878	110311	0	121451
1443	1349	1056	1467	112184	0	116056
1444	1141	905	110871	3010	0	115927
1445	105882	723	2591	1688	0	110884
1446	112702	622	1186	1365	0	115875
1447	111953	606	988	1223	0	114770
1448	113524	629	800	1126	0	116079
1449	3766	108985	795	930	0	114476
1450	1865	114184	829	927	0	117805
1451	116231	3072	736	1193	0	121232
1452	3499	1403	706	118317	0	123925
1453	1943	904	703	120309	0	123859
1454	1397	120396	807	3545	0	126145
1455	1486	2995	656	121591	0	126728
1456	1552	1343	604	119590	0	123089
1457	1255	119513	704	3839	0	125311
1458	1311	3055	118920	1751	0	125037
1459	1418	1406	2857	120258	0	125939
1460	120468	1079	1140	3642	0	126329
1461	120454	885	872	1900	0	124111
1462	4132	857	117137	1256	0	123382
1463	2197	813	115523	1082	0	119615
1464	1660	769	116910	1051	0	120390
1465	1735	1026	3574	114018	0	120353
1466	1290	707	115491	3231	0	120719
1467	1207	808	114519	1644	0	118178
1468	1513	2280	3586	109834	0	117213
1469	1138	115955	1677	2975	0	121745
1470	1200	2699	116144	1525	0	121568
1471	969	117225	2961	1284	0	122439
1472	114577	3035	1525	1397	0	120534
1473	2713	115786	1128	1067	0	120694
1474	1606	2713	964	114382	0	119665
1475	115165	1064	890	3085	0	120204
1476	3095	813	882	114373	0	119163
1477	1742	724	895	116097	0	119458
1478	1154	716	117869	3415	0	123154
1479	1028	111982	2775	1769	0	117554
1480	995	117629	1412	1294	0	121330
1481	1196	3086	1107	112370	0	117759
1482	1032	1169	829	112996	0	116026
1483	1065	903	759	111094	0	113821
1484	737	729	108287	3198	0	112951
1485	759	730	102165	1450	0	105104
1486	95867	531	2572	1418	0	100388
1487	1951	536	99989	823	0	103299
1488	802	462	99468	699	0	101431
1489	542	97199	2307	637	0	100685
1490	923	2242	1247	95948	0	100360
1491	507	660	97356	1822	0	100345
1492	634	449	1927	94578	0	97588
1493	385	415	98840	2127	0	101767
1494	597	392	2081	98180	0	101250
1495	333	407	103947	2213	0	106900
1496	571	324	2077	102496	0	105468
1497	512	299	953	102655	0	104419
1498	292	105719	808	2353	0	109172
1499	449	1767	635	106025	0	108876
1500	301	107909	649	2191	0	111050
1501	480	1940	637	109391	0	112448
1502	484	764	614	110519	0	112381
1503	107260	572	588	2849	0	111269
1504	1953	489	561	107595	0	110598
1505	688	446	106682	2523	0	110339
1506	655	366	2033	105899	0	108953
1507	514	362	926	108080	0	109882
1508	310	420	105957	2859	0	109546
1509	356	428	103980	1473	0	106237
1510	555	440	2392	103008	0	106395
1511	500	444	1030	106605	0	108579
1512	290	522	105910	2854	0	109576
1513	284	101306	2165	1561	0	105316
1514	279	106322	1023	1256	0	108880
1515	103622	2179	795	1438	0	108034
1516	2083	904	703	106294	0	109984
1517	107747	562	657	2889	0	111855
1518	105503	426	744	1679	0	108352
1519	2082	107363	823	1096	0	111364
1520	108260	1925	740	1363	0	112288
1521	108951	748	720	1302	0	111721
1522	2303	607	107591	948	0	111449
1523	1133	579	2231	107382	0	111325
1524	613	481	111035	2460	0	114589
1525	773	660	2465	110793	0	114691
1526	479	500	111607	2550	0	115136
1527	405	106241	2367	1234	0	110247
1528	462	109704	1172	913	0	112251
1529	950	2358	852	106872	0	111032
1530	106140	759	676	2480	0	110055
1531	2086	453	570	105861	0	108970
1532	1034	427	593	106441	0	108495
1533	566	444	107821	2572	0	111403
1534	479	432	106974	1245	0	109130
1535	421	463	108335	982	0	110201
1536	564	412	2482	106378	0	109836
1537	542	432	1146	105454	0	107574
1538	311	106808	929	2466	0	110514
1539	308	112375	790	1394	0	114867
1540	109655	2128	709	1470	0	113962
1541	1664	111797	722	971	0	115154
1542	699	2076	111118	874	0	114767
1543	760	871	2028	109571	0	113230
1544	452	603	115149	2389	0	118593
1545	312	115580	2259	1426	0	119577
1546	611	2259	1148	116681	0	120699
1547	113047	683	1004	2784	0	117518
1548	1693	566	114808	1242	0	118309
1549	587	115807	2185	1139	0	119718
1550	487	1811	115052	993	0	118343
1551	340	113998	2131	834	0	117303
1552	944	2326	1285	109041	0	113596
1553	108974	723	670	2125	0	112492
1554	107432	475	495	1311	0	109713
1555	1581	107642	660	737	0	110620
1556	108918	1479	524	1101	0	112022
1557	1740	665	521	108655	0	111581
1558	108960	529	561	2123	0	112173
1559	1611	528	108735	1032	0	111906
1560	809	502	108503	828	0	110642
1561	946	401	1879	105785	0	109011
1562	637	481	892	113120	0	115130
1563	441	490	112362	2092	0	115385
1564	660	468	1734	111231	0	114093
1565	111611	420	855	2471	0	115357
1566	111360	425	610	1592	0	113987
1567	1997	108259	677	880	0	111813
1568	882	110047	551	824	0	112304
1569	107066	1819	515	981	0	110381
1570	1932	824	501	106414	0	109671
1571	105636	545	530	2194	0	108905
1572	1694	105210	633	1000	0	108537
1573	104983	1412	625	1150	0	108170
1574	1712	736	102811	682	0	105941
1575	819	588	101557	745	0	103709
1576	934	829	1889	101759	0	105411
1577	598	527	105289	1648	0	108062
1578	688	549	1589	100651	0	103477
1579	825	399	745	98953	0	100922
1580	495	453	106913	1811	0	109672
1581	745	468	1575	105910	0	108698
1582	839	398	721	112513	0	114471
1583	498	466	117894	2116	0	120974
1584	520	454	116822	914	0	118710
1585	113807	379	2034	1177	0	117397
1586	1962	356	121998	628	0	124944
1587	125351	499	2262	946	0	129058
1588	137294	306	1028	864	0	139492
1589	3131	338	140275	500	0	144244
1590	1358	332	146807	439	0	148936
1591	1397	692	3583	140683	0	146355
1592	1091	348	1577	140047	0	143063
1593	468	142371	1135	3250	0	147224
1594	463	149141	864	1628	0	152096
1595	425	3074	145419	998	0	149916
1596	137511	1242	2931	1217	0	142901
1597	143891	704	1406	1058	0	147059
1598	3512	532	143555	577	0	148176
1599	1629	489	142986	505	0	145609
1600	1525	416	3450	139614	0	145005
1601	807	145927	1697	2377	0	150808
1602	1286	2476	1104	147822	0	152688
1603	1130	1001	933	150943	0	154007
1604	150252	586	828	3796	0	155462
1605	149631	460	629	2071	0	152791
1606	3892	463	570	154411	0	159336
1607	1646	595	154956	3013	0	160210
1608	146174	450	2762	1974	0	151360
1609	2971	158877	1518	1000	0	164366
1610	161571	2468	945	1240	0	166224
1611	159795	969	758	1246	0	162768
1612	3580	159971	910	659	0	165120
1613	1627	164497	861	699	0	167684
1614	1478	3407	728	162477	0	168090
1615	1211	1593	617	163795	0	167216
1616	735	163403	618	3612	0	168368
1617	1268	2871	454	164587	0	169180
1618	1345	1240	545	167129	0	170259
1619	807	930	164833	3878	0	170448
1620	159786	543	3010	2493	0	165832
1621	168007	454	1490	1740	0	171691
1622	170710	466	982	1347	0	173505
1623	4636	534	751	167267	0	173188
1624	166399	333	682	3417	0	170831
1625	3757	163686	724	1520	0	169687
1626	2302	3119	611	157777	0	163809
1627	1379	159845	731	2747	0	164702
1628	1067	170383	657	1538	0	173645
1629	170588	3115	809	1625	0	176137
1630	171850	1484	641	1351	0	175326
1631	171111	861	555	1278	0	173805
1632	171554	660	535	1208	0	173957
1633	171087	613	582	1044	0	173326
1634	4456	660	171757	613	0	177486
1635	168522	555	2583	1198	0	172858
1636	3933	589	179149	621	0	184292
1637	172030	465	2984	1163	0	176642
1638	176605	422	1420	1164	0	179611
1639	172762	454	1139	1141	0	175496
1640	4241	571	184935	831	0	190578
1641	2684	1126	2885	178410	0	185105
1642	1684	190125	1514	2285	0	195608
1643	194067	2464	1021	1601	0	199153
1644	192441	1233	844	1350	0	195868
1645	4282	195495	847	687	0	201311
1646	200226	2618	726	1222	0	204792
1647	4209	1147	806	196235	0	202397
1648	1979	199989	959	2739	0	205666
1649	201928	2794	674	2008	0	207404
1650	202340	1341	728	1568	0	205977
1651	4653	1018	770	201515	0	207956
1652	205270	821	866	3426	0	210383
1653	4438	667	1008	205477	0	211590
1654	2655	600	1016	207475	0	211746
1655	1998	900	205805	4029	0	212732
1656	2229	894	2862	201818	0	207803
1657	1973	919	1431	206936	0	211259
1658	1626	984	206895	3852	0	213357
1659	1589	1040	203535	2083	0	208247
1660	1944	659	3560	208531	0	214694
1661	1467	757	210718	3475	0	216417
1662	194113	734	3378	2490	0	200715
1663	3432	216191	1792	1505	0	222920
1664	2277	2724	1025	223328	0	229354
1665	1907	1273	883	227068	0	231131
1666	1935	911	719	225892	0	229457
1667	228042	689	556	4934	0	234221
1668	224844	696	673	2936	0	229149
1669	229244	705	642	2349	0	232940
1670	4398	230153	613	1659	0	236823
1671	2892	2828	489	235396	0	241605
1672	2400	1371	498	237287	0	241556
1673	236553	1051	454	4463	0	242521
1674	235436	1013	379	2634	0	239462
1675	4617	954	492	236448	0	242511
1676	2510	1139	235830	3309	0	242788
1677	231031	1029	2565	2832	0	237457
1678	240133	736	1014	2568	0	244451
1679	4414	799	243043	1531	0	249787
1680	224669	590	2617	2288	0	230164
1681	4071	598	244106	1186	0	249961
1682	239229	326	2923	1829	0	244307
1683	4152	2318	1573	246056	0	254099
1684	2323	258909	1024	2652	0	264908
1685	2127	2431	267748	1412	0	273718
1686	1515	265988	2984	1327	0	271814
1687	1338	258828	1257	965	0	262388
1688	270843	2870	1463	2690	0	277866
1689	2462	810	578	269481	0	273331
1690	938	248	221	263978	0	265385
1691	274996	161	237	2989	0	278383
1692	1932	188	217	277050	0	279387
1693	1053	219	206	274846	0	276324
1694	818	230	187	275003	0	276238
1695	921	205	228	271652	0	273006
1696	455	423	275662	1855	0	278395
1697	499	469	263918	789	0	265675
1698	401	272137	1666	654	0	274858
1699	276394	1375	459	1666	0	279894
1700	1899	418	233	281118	0	283668
1701	694	278794	403	1767	0	281658
1702	880	1513	209	292645	0	295247
1703	841	463	204	292897	0	294405
1704	933	347	231	291491	0	293002
1705	960	258	232	296606	0	298056
1706	875	308	258	295930	0	297371
1707	410	292474	406	2121	0	295411
1708	714	1545	218	297790	0	300267
1709	528	713	292086	1913	0	295240
1710	422	293003	1544	1118	0	296087
1711	795	1591	399	296602	0	299387
1712	741	657	292	295153	0	296843
1713	391	290621	404	2163	0	293579
1714	398	295888	383	1060	0	297729
1715	291057	1531	252	2085	0	294925
1716	1343	290552	443	896	0	293234
1717	290027	1432	333	2007	0	293799
1718	285768	447	351	1958	0	288524
1719	1662	608	300777	608	0	303655
1720	1479	442	1380	287585	0	290886
1721	499	604	305498	1659	0	308260
1722	388	308881	1581	948	0	311798
1723	1394	1874	454	296163	0	299885
1724	925	652	272	311454	0	313303
1725	996	375	236	311688	0	313295
1726	857	349	208	315860	0	317274
1727	453	553	321340	2258	0	324604
1728	973	299	1555	314950	0	317777
1729	440	508	320788	2207	0	323943
1730	526	636	310882	990	0	313034
1731	297065	348	2077	2457	0	301947
1732	321516	303	661	2043	0	324523
1733	324351	298	416	2076	0	327141
1734	2004	318387	542	916	0	321849
1735	1071	1680	321	324878	0	327950
1736	647	839	331865	2062	0	335413
1737	1310	431	1762	326943	0	330446
1738	732	648	341331	2154	0	344865
1739	331065	395	2017	2668	0	336145
1740	334465	313	763	2121	0	337662
1741	333493	256	535	2164	0	336448
1742	2456	600	322567	567	0	326190
1743	1202	683	318950	642	0	321477
1744	1351	563	2082	332926	0	336922
1745	1527	335	789	326145	0	328796
1746	925	227	507	340865	0	342524
1747	535	517	340542	2207	0	343801
1748	839	728	310909	1067	0	313543
1749	324529	262	2024	1921	0	328736
1750	2151	254	759	347150	0	350314
1751	1144	235	617	347571	0	349567
1752	353075	199	571	3829	0	357674
1753	2238	251	533	352662	0	355684
1754	370949	224	378	4621	0	376172
1755	377673	196	425	3595	0	381889
1756	372740	254	485	3017	0	376496
1757	2392	513	385272	745	0	388922
1758	912	381074	2080	1069	0	385135
1759	392791	1618	630	2527	0	397566
1760	2617	443	505	395886	0	399451
1761	1470	327	507	393393	0	395697
1762	730	395744	719	2414	0	399607
1763	390455	1811	426	2798	0	395490
1764	386594	524	403	2643	0	390164
1765	390530	335	396	2687	0	393948
1766	2558	396105	679	840	0	400182
1767	413672	1905	418	3209	0	419204
1768	413596	596	373	2773	0	417338
1769	414136	350	364	2280	0	417130
1770	3287	341	365	407882	0	411875
1771	1614	347	375	411582	0	413918
1772	1034	729	417034	2589	0	421386
1773	1942	337	1994	404328	0	408601
1774	1682	328	642	410302	0	412954
1775	894	642	417059	2701	0	421296
1776	388217	345	1943	3103	0	393608
1777	414677	261	616	2522	0	418076
1778	3228	547	406	411959	0	416140
1779	1215	404509	656	2207	0	408587
1780	957	411195	652	1044	0	413848
1781	1447	2885	412	406889	0	411633
1782	1013	1033	397163	2181	0	401390
1783	1860	1131	1808	381349	0	386148
1784	702	638	388783	2015	0	392138
1785	701	670	377526	742	0	379639
1786	1148	199	1343	388559	0	391249
1787	392022	116	570	3310	0	396018
1788	377893	138	416	2108	0	380555
1789	1963	234	304	386056	0	388557
1790	1401	233	295	384795	0	386724
1791	973	162	248	386019	0	387402
1792	937	185	269	381720	0	383111
1793	384875	122	229	3484	0	388710
1794	378410	189	302	2615	0	381516
1795	376665	167	285	2583	0	379700
1796	1783	481	379226	514	0	382004
1797	1532	157	1177	375530	0	378396
1798	1068	188	458	386399	0	388113
1799	383954	121	313	3177	0	387565
1800	1488	378803	555	879	0	381725
1801	377277	1110	247	2731	0	381365
1802	374924	393	253	2404	0	377974
1803	372220	254	257	2270	0	375001
1804	369564	217	264	2408	0	372453
1805	2368	589	372149	502	0	375608
1806	1806	877	346097	573	0	349353
1807	377693	155	1947	2464	0	382259
1808	387839	132	652	2260	0	390883
1809	385284	156	471	2128	0	388039
1810	387325	151	360	2286	0	390122
1811	3083	510	407272	568	0	411433
1812	1262	425608	3665	792	0	431327
1813	2666	4056	1315	455664	0	463701
1814	476467	1551	775	7993	0	486786
1815	484141	855	485	5314	0	490795
1816	516868	431	444	4001	0	521744
1817	528751	266	433	3264	0	532714
1818	536004	267	382	3084	0	539737
1819	517331	334	481	2813	0	520959
1820	14803	967	480608	1214	0	497592
1821	7391	771	497665	576	0	506403
1822	6464	745	10178	487257	0	504644
1823	3928	734	505136	7628	0	517426
1824	3524	486458	10207	3649	0	503838
1825	3178	500997	5252	2205	0	511632
1826	4555	10574	3109	502313	0	520551
1827	2614	4956	515724	7966	0	531260
1828	2341	3053	491381	3912	0	500687
1829	484853	1760	12684	4783	0	504080
1830	540525	1536	6532	3881	0	552474
1831	15933	1598	3663	545913	0	567107
1832	558330	1583	2529	14234	0	576676
1833	16501	1316	2380	554266	0	574463
1834	9511	819	2355	559192	0	571877
1835	4814	1075	563803	17022	0	586714
1836	3941	1199	541145	7849	0	554134
1837	5685	815	16734	534451	0	557685
1838	3369	1202	541072	13971	0	559614
1839	503401	675	15193	9670	0	528939
1840	542400	553	7072	7194	0	557219
1841	17796	545450	5111	3952	0	572309
1842	552320	12124	3564	5689	0	573697
1843	17611	5218	540072	2457	0	565358
1844	532426	2369	14757	4445	0	553997
1845	549456	1221	6954	4654	0	562285
1846	556857	1180	4510	3988	0	566535
1847	24936	1364	3088	521238	0	550626
1848	11960	533159	3576	12398	0	561093
1849	539708	13041	2991	8242	0	563982
1850	546312	5355	3207	5798	0	560672
1851	23760	2999	3346	535886	0	565991
1852	539423	1773	2819	18094	0	562109
1853	20297	538061	3051	8171	0	569580
1854	13393	14408	2464	526477	0	556742
1855	8419	6764	516189	16491	0	547863
1856	473811	3869	15614	10879	0	504173
1857	19632	2677	516364	5430	0	544103
1858	12714	2858	17564	505123	0	538259
1859	8176	501524	8483	16247	0	534430
1860	6963	559313	5779	7795	0	579850
1861	8960	21099	4038	549772	0	583869
1862	7172	581198	5100	18433	0	611903
1863	10201	22381	4162	746888	0	783632
1864	10396	9286	3983	796601	0	820266
1865	9745	6391	3863	819210	0	839209
1866	779353	5456	3204	45204	0	833217
1867	36730	4751	2794	780428	0	824703
1868	15487	4845	761371	39136	0	820839
1869	11574	763411	29507	18441	0	822933
1870	768701	29815	10322	15058	0	823896
1871	40682	11068	6034	760942	0	818726
1872	22420	6889	4838	781348	0	815495
1873	17437	5349	4882	799197	0	826865
1874	11742	5886	763058	45152	0	825838
1875	10021	765343	32474	21237	0	829075
1876	768176	31518	12956	17615	0	830265
1877	38827	12957	8426	731970	0	792180
1878	15436	780060	8007	36680	0	840183
1879	779481	34270	7164	21801	0	842716
1880	36625	15161	772185	14024	0	837995
1881	772431	10128	35081	14036	0	831676
1882	40548	9667	788835	9783	0	848833
1883	19755	9346	793348	9703	0	832152
1884	14532	776626	42229	11133	0	844520
1885	16495	33816	18091	746084	0	814486
1886	11626	13800	761888	37691	0	825005
1887	10595	743057	39712	18705	0	812069
1888	13632	34021	18775	710444	0	776872
1889	8893	740677	13918	36457	0	799945
1890	8190	37542	743777	18772	0	808281
1891	12449	16765	36932	737012	0	803158
1892	8087	12617	747520	41609	0	809833
1893	13124	9757	39806	741524	0	804211
1894	13210	8752	18708	768667	0	809337
1895	9193	8754	742280	49897	0	810124
1896	13235	7325	39957	747846	0	808363
1897	714853	7086	19265	49726	0	790930
1898	36103	729553	14273	26509	0	806438
1899	18198	34876	732843	20790	0	806707
1900	728097	15082	38249	19879	0	801307
1901	43971	11151	18175	692962	0	766259
1902	21389	725940	13724	39682	0	800735
1903	739552	35939	11633	24045	0	811169
1904	765263	16934	11372	19147	0	812716
1905	51294	13755	10577	720982	0	796608
1906	27116	11256	9397	747903	0	795672
1907	19672	10245	9036	756732	0	795685
1908	17227	11607	9010	740988	0	778832
1909	13988	707237	9895	56671	0	787791
1910	18412	46629	9699	682165	0	756905
1911	12356	671242	9085	46828	0	739511
1912	11318	669916	9472	29063	0	719769
1913	8734	664305	10151	23126	0	706316
1914	10588	41050	612148	20669	0	684455
1915	9209	630682	33054	21184	0	694129
1916	573415	36187	17486	22156	0	649244
1917	30452	580717	10951	21237	0	643357
1918	17041	33608	10046	533652	0	594347
1919	12379	581676	10690	39822	0	644567
1920	13455	35394	10430	581419	0	640698
1921	13964	19078	10806	605255	0	649103
1922	11991	16167	575865	46056	0	650079
1923	560159	15470	31942	28234	0	635805
1924	578786	14779	14329	25863	0	633757
1925	580394	13038	11971	24797	0	630200
1926	37594	562158	12755	25254	0	637761
1927	19770	32732	12866	560492	0	625860
1928	15473	17398	548949	41789	0	623609
1929	14450	543864	33509	24799	0	616622
1930	17019	35762	15516	459809	0	528106
1931	13993	509115	12809	29563	0	565480
1932	501778	30949	12745	19281	0	564753
1933	512658	18083	12410	15912	0	559063
1934	520630	13523	14022	14687	0	562862
1935	519559	12228	16102	13322	0	561211
1936	37347	12062	14972	495116	0	559497
1937	19317	12811	13974	495626	0	541728
1938	14250	498013	13807	34347	0	560417
1939	14374	31224	10732	508514	0	564844
1940	10756	17329	493686	38009	0	559780
1941	9665	14375	28132	496038	0	548210
1942	7031	15033	484379	38433	0	544876
1943	6755	477376	29795	25635	0	539561
1944	6690	29871	483870	20534	0	540965
1945	9127	15831	32691	483129	0	540778
1946	7912	12171	488135	38038	0	546256
1947	9418	11345	32820	486367	0	539950
1948	10139	11734	17648	498443	0	537964
1949	11720	11145	13811	500652	0	537328
1950	11465	12188	13411	499117	0	536181
1951	471463	12366	10870	40142	0	534841
1952	28325	477546	9976	23336	0	539183
1953	469762	28836	8712	20826	0	528136
1954	28900	15867	453340	19131	0	517238
1955	458530	12281	22861	19243	0	512915
1956	477189	11281	10087	19252	0	517809
1957	37076	11759	449247	18015	0	516097
1958	24341	9873	441465	17809	0	493488
1959	16394	425207	25571	19644	0	486816
1960	11946	408679	10751	18930	0	450306
1961	13862	25837	369138	19495	0	428332
1962	8101	330745	18896	19046	0	376788
1963	10552	14786	7667	168721	0	201726
1964	152325	2314	3355	5503	0	163497
1965	4008	1359	1035	151444	0	157846
1966	152278	1268	686	4591	0	158823
1967	152126	1236	759	2590	0	156711
1968	4032	153625	925	1765	0	160347
1969	153579	3222	702	2127	0	159630
1970	155010	1513	573	2027	0	159123
1971	4537	1419	561	150972	0	157489
1972	152247	1092	482	4232	0	158053
1973	3701	153591	604	2081	0	159977
1974	2181	3042	462	154974	0	160659
1975	154414	1512	548	4253	0	160727
1976	3307	1323	151863	1905	0	158398
1977	149453	922	2590	1642	0	154607
1978	3978	1381	1116	151818	0	158293
1979	1688	795	150931	2568	0	155982
1980	1370	793	146046	1190	0	149399
1981	141929	1483	3613	1650	0	148675
1982	142727	406	1366	1217	0	145716
1983	2987	343	737	140473	0	144540
1984	1648	298	470	141465	0	143881
1985	1285	320	339	141120	0	143064
1986	719	141845	462	2752	0	145778
1987	141890	1958	346	2011	0	146205
1988	2284	142579	423	1042	0	146328
1989	141758	2180	327	1326	0	145591
1990	2641	1000	140204	645	0	144490
1991	1675	618	1997	141163	0	145453
1992	144503	424	886	2892	0	148705
1993	2812	430	684	144579	0	148505
1994	1649	347	572	143195	0	145763
1995	1022	140024	554	2801	0	144401
1996	141050	2047	433	2026	0	145556
1997	2430	148021	561	1154	0	152166
1998	1525	2584	410	150079	0	154598
1999	1054	1103	147418	2650	0	152225
2000	132064	760	2410	1989	0	137223
2001	2847	660	144521	1072	0	149100
2002	134144	557	2658	1398	0	138757
2003	3033	145590	1183	819	0	150625
2004	1747	2631	708	138797	0	143883
2005	1072	144774	626	2629	0	149101
2006	145652	2900	551	1710	0	150813
2007	3360	1217	387	145624	0	150588
2008	1796	836	405	149188	0	152225
2009	1260	748	143622	3551	0	149181
2010	135877	577	2543	2225	0	141222
2011	3486	506	965	146435	0	151392
2012	1507	583	143259	3162	0	148511
2013	1155	141496	2905	1491	0	147047
2014	1308	2498	1173	143131	0	148110
2015	143563	1071	875	3560	0	149069
2016	3246	834	649	144253	0	148982
2017	1484	740	144823	3298	0	150345
2018	150530	521	2746	2089	0	155886
2019	3963	487	1077	152633	0	158160
2020	1662	661	167025	3663	0	173011
2021	1768	443	3918	167878	0	174007
2022	1564	550	1474	167876	0	171464
2023	1035	171787	1167	5006	0	178995
2024	169657	3901	796	2991	0	177345
2025	4369	173153	715	1715	0	179952
2026	172980	4575	576	1877	0	180008
2027	5308	1747	606	166790	0	174451
2028	2084	173171	651	4150	0	180056
2029	2179	4286	529	172513	0	179507
2030	1272	1832	169410	4962	0	177476
2031	162178	1183	4042	2638	0	170041
2032	4986	873	1499	165980	0	173338
2033	2580	730	1114	165906	0	170330
2034	2244	604	819	168419	0	172086
2035	1202	841	162236	6387	0	170666
2036	1215	823	160535	3169	0	165742
2037	1090	161670	5134	2275	0	170169
2038	1537	4231	1889	155604	0	163261
2039	154637	1471	1336	5051	0	162495
2040	4156	157593	998	2179	0	164926
2041	2483	4208	694	161816	0	169201
2042	162429	1650	771	5337	0	170187
2043	162045	1207	742	2883	0	166877
2044	5250	162387	769	1933	0	170339
2045	172156	4197	665	2137	0	179155
2046	187149	1648	543	2028	0	191368
2047	7253	1377	603	190942	0	200175
2048	2895	191083	874	6307	0	201159
2049	3007	5507	764	196936	0	206214
2050	195089	2070	781	7798	0	205738
2051	6743	1763	195566	3116	0	207188
2052	3757	1337	5524	194089	0	204707
2053	3273	1219	1883	199462	0	205837
2054	1892	1380	194789	8618	0	206679
2055	2514	1355	6044	195794	0	205707
2056	194404	1139	2261	8846	0	206650
2057	190998	984	1807	4678	0	198467
2058	8569	975	1554	193167	0	204265
2059	3725	943	190701	8214	0	203583
2060	2777	951	187276	4465	0	195469
2061	2214	183546	7456	3790	0	197006
2062	2211	193078	3178	3225	0	201692
2063	3231	6643	2177	183084	0	195135
2064	180508	2361	1753	7516	0	192138
2065	5941	182435	1817	3623	0	193816
2066	180272	6036	1790	3306	0	191404
2067	7212	2561	1621	179788	0	191182
2068	3538	2250	1325	182742	0	189855
2069	174441	1743	1157	8680	0	186021
2070	6827	176907	1015	4186	0	188935
2071	178717	6010	912	3566	0	189205
2072	7424	2776	173177	2686	0	186063
2073	3478	2052	171467	2406	0	179403
2074	3501	2006	6739	166608	0	178854
2075	2310	1752	169925	6839	0	180826
2076	2321	1710	168013	3349	0	175393
2077	2936	1936	6847	159870	0	171589
2078	2248	1394	165896	6687	0	176225
2079	2652	1133	6948	161248	0	171981
2080	2392	1103	3384	164912	0	171791
2081	1748	983	167854	8412	0	178997
2082	2185	1026	6663	164815	0	174689
2083	2242	1089	3363	163271	0	169965
2084	1764	162955	2796	8168	0	175683
2085	163120	5412	2402	4766	0	175700
2086	5990	2227	164216	3917	0	176350
2087	3092	1567	6473	163293	0	174425
2088	2513	1316	3399	168496	0	175724
2089	1699	1435	163301	8587	0	175022
2090	152016	1350	6443	5362	0	165171
2091	5856	161816	3239	4052	0	174963
2092	3218	5572	2553	161981	0	173324
2093	2615	2443	2309	163804	0	171171
2094	1930	162639	2234	8745	0	175548
2095	2039	5713	161901	5133	0	174786
2096	1827	164634	6454	4010	0	176925
2097	157552	6426	3015	3784	0	170777
2098	5850	3089	156744	3114	0	168797
2099	3274	2456	5887	155945	0	167562
2100	2386	1798	159170	6998	0	170352
2101	1972	2030	158688	3872	0	166562
2102	1804	157614	7329	3368	0	170115
2103	3052	5547	3761	150221	0	162581
2104	151720	2317	2927	6271	0	163235
2105	152611	1881	2643	3748	0	160883
2106	6027	153375	2446	3434	0	165282
2107	3050	5022	2391	156294	0	166757
2108	154077	2464	2350	6737	0	165628
2109	157633	2178	1974	3790	0	165575
2110	6549	155620	1941	3328	0	167438
2111	159205	4945	1776	3033	0	168959
2112	6739	2288	1753	154273	0	165053
2113	3160	159488	2006	6265	0	170919
2114	3111	5245	1845	163630	0	173831
2115	3009	2884	1828	164504	0	172225
2116	3086	3074	1715	164907	0	172782
2117	2359	1987	159603	7566	0	171515
2118	2340	1734	145587	3813	0	153474
2119	1904	150105	5161	3381	0	160551
2120	133762	3913	2567	2912	0	143154
2121	3700	132532	1702	2740	0	140674
2122	2219	3493	1381	132597	0	139690
2123	1527	1745	137762	4430	0	145464
2124	1634	1656	4008	133758	0	141056
2125	1502	1473	2206	137418	0	142599
2126	1426	1571	1584	141502	0	146083
2127	138302	1444	1289	5278	0	146313
2128	3404	1256	1424	140536	0	146620
2129	1421	1130	149145	4923	0	156619
2130	140799	895	3904	3608	0	149206
2131	145713	950	2028	3100	0	151791
2132	151861	820	1487	2943	0	157111
2133	152484	756	1254	2729	0	157223
2134	152308	886	1207	2441	0	156842
2135	4742	149699	1350	2120	0	157911
2136	2818	2955	1282	146269	0	153324
2137	2443	149806	1071	3654	0	156974
2138	151064	3067	917	2379	0	157427
2139	150092	1434	1052	2072	0	154650
2140	146080	1143	894	1999	0	150116
2141	4536	141924	955	1600	0	149015
2142	2227	141934	978	1414	0	146553
2143	1932	143956	883	1474	0	148245
2144	2558	3886	140549	1344	0	148337
2145	3438	6275	2886	121032	0	133631
2146	848	113538	739	1383	0	116508
2147	206	109541	184	222	0	110153
2148	315	503	205	109448	0	110471
2149	234	185	60	108786	0	109265
2150	116	205	109788	532	0	110641
2151	105870	121	503	609	0	107103
2152	678	105	142	115635	0	116560
2153	382	103	125	115356	0	115966
2154	179	185	115043	685	0	116092
2155	210	217	108384	272	0	109083
2156	120	118992	705	265	0	120082
2157	271	573	258	121088	0	122190
2158	275	185	154	121908	0	122522
2159	163	245	118938	670	0	120016
2160	108387	157	594	669	0	109807
2161	116627	144	216	569	0	117556
2162	775	211	119538	223	0	120747
2163	115653	121	619	656	0	117049
2164	831	173	121717	186	0	122907
2165	119790	130	662	534	0	121116
2166	123076	127	261	610	0	124074
2167	914	157	126513	201	0	127785
2168	648	129	677	124867	0	126321
2169	670	152	269	123979	0	125070
2170	438	120	161	132774	0	133493
2171	131891	106	151	1417	0	133565
2172	129448	112	178	934	0	130672
2173	1110	172	132974	323	0	134579
2174	517	300	125702	314	0	126833
2175	134497	119	1078	780	0	136474
2176	138634	113	408	722	0	139877
2177	1224	189	136775	297	0	138485
2178	550	234	133743	246	0	134773
2179	694	111	1141	137714	0	139660
2180	394	200	142029	1043	0	143666
2181	604	100	1135	135068	0	136907
2182	142273	74	509	1719	0	144575
2183	1328	156	149525	561	0	151570
2184	140235	74	1550	933	0	142792
2185	1781	175	167372	317	0	169645
2186	1138	78	1938	164522	0	167676
2187	1004	82	658	172046	0	173790
2188	933	103	435	174049	0	175520
2189	467	175906	464	2430	0	179267
2190	1289	1939	370	166146	0	169744
2191	987	376	319	177722	0	179404
2192	176115	209	323	2909	0	179556
2193	2209	264	173883	791	0	177147
2194	159887	137	2091	1137	0	163252
2195	2406	241	173112	467	0	176226
2196	153843	141	2191	1120	0	157295
2197	2302	172026	802	474	0	175604
2198	873	1846	170941	340	0	174000
2199	605	545	168747	384	0	170281
2200	1450	686	2492	156628	0	161256
2201	912	199	745	169646	0	171502
2202	421	203	172557	2307	0	175488
2203	484	343	169911	783	0	171521
2204	502	320	186530	627	0	187979
2205	194562	166	2497	1483	0	198708
2206	199934	99	955	1191	0	202179
2207	201075	90	712	918	0	202795
2208	2860	113	644	198036	0	201653
2209	1303	76	628	200029	0	202036
2210	707	231	210619	2398	0	213955
2211	1110	208	2181	204017	0	207516
2212	1307	195	883	198550	0	200935
2213	208332	132	682	3252	0	212398
2214	205836	155	568	1736	0	208295
2215	211826	150	508	1500	0	213984
2216	2999	135	587	211440	0	215161
2217	1452	152	653	211217	0	213474
2218	1204	121	660	212425	0	214410
2219	210765	122	550	3202	0	214639
2220	2757	221	557	206968	0	210503
2221	1100	209072	747	2197	0	213116
2222	1235	1811	638	206594	0	210278
2223	736	204377	834	2239	0	208186
2224	205089	1889	821	1583	0	209382
2225	199478	480	712	1725	0	202395
2226	2351	203099	851	1044	0	207345
2227	1048	208322	864	1210	0	211444
2228	1198	2262	754	207355	0	211569
2229	890	747	201449	2500	0	205586
2230	1287	426	2289	193694	0	197696
2231	858	514	201666	2883	0	205921
2232	793	201255	2550	1530	0	206128
2233	1253	1947	963	203980	0	208143
2234	1150	612	805	206659	0	209226
2235	920	610	214581	2990	0	219101
2236	1418	409	2467	210938	0	215232
2237	959	565	218689	2986	0	223199
2238	212878	337	2664	2008	0	217887
2239	220857	350	1064	1801	0	224072
2240	223869	404	822	1828	0	226923
2241	3405	437	791	220464	0	225097
2242	1618	294	795	222320	0	225027
2243	1100	463	227469	3468	0	232500
2244	1538	693	2673	219496	0	224400
2245	1018	224807	1331	3231	0	230387
2246	1113	2342	227251	1498	0	232204
2247	1158	861	222380	1436	0	225835
2248	1921	1006	3002	208541	0	214470
2249	1039	613	228606	3157	0	233415
2250	1045	666	223102	1757	0	226570
2251	208135	558	2989	2413	0	214095
2252	2609	238572	1303	1453	0	243937
2253	245489	2166	1019	2614	0	251288
2254	245104	739	869	2297	0	249009
2255	247175	584	884	2113	0	250756
2256	3376	499	962	244538	0	249375
2257	1783	506	953	248569	0	251811
2258	1199	698	248986	3370	0	254253
2259	1584	521	2569	241800	0	246474
2260	945	249102	1525	3039	0	254611
2261	250286	2029	1289	2469	0	256073
2262	2637	248285	1239	1397	0	253558
2263	1231	251558	1259	1254	0	255302
2264	1514	2509	1027	251834	0	256884
2265	1215	1085	253617	2751	0	258668
2266	1772	801	2569	247744	0	252886
2267	1169	762	250126	2919	0	254976
2268	1123	246922	2696	1530	0	252271
2269	247913	1908	1291	2382	0	253494
2270	248399	629	939	2315	0	252282
2271	250976	525	924	2568	0	254993
2272	2876	660	259934	1305	0	264775
2273	1608	859	239444	1306	0	243217
2274	253448	529	2546	2257	0	258780
2275	261978	430	1115	2208	0	265731
2276	264053	479	798	1957	0	267287
2277	3133	465	595	261589	0	265782
2278	1762	438	610	265342	0	268152
2279	264649	344	641	3776	0	269410
2280	258526	351	691	2637	0	262205
2281	2720	610	265758	1226	0	270314
2282	1579	651	252471	997	0	255698
2283	245295	340	1560	1964	0	249159
2284	1794	538	256681	712	0	259725
2285	234235	189	1249	1546	0	237219
2286	1203	371	243259	422	0	245255
2287	778	542	707	235068	0	237095
2288	400	328	248007	574	0	249309
2289	738	170	597	246665	0	248170
2290	576	154	243	249837	0	250810
2291	248	253764	364	744	0	255120
2292	253889	478	165	1777	0	256309
2293	695	418	260607	192	0	261912
2294	243948	133	609	1493	0	246183
2295	644	262365	446	253	0	263708
2296	271786	501	280	1466	0	274033
2297	1073	206	193	270877	0	272349
2298	754	143	160	272433	0	273490
2299	253	279968	359	1133	0	281713
2300	555	926	140	290956	0	292577
2301	710	358	166	291197	0	292431
2302	584	226	137	294419	0	295366
2303	284938	105	163	3456	0	288662
2304	265789	112	203	2210	0	268314
2305	2327	414	264158	483	0	267382
2306	821	266061	1889	560	0	269331
2307	946	1628	562	273033	0	276169
2308	850	534	284	282148	0	283816
2309	431	571	284373	2551	0	287926
2310	1033	245	2141	271039	0	274458
2311	276871	163	702	4008	0	281744
2312	277219	165	416	2419	0	280219
2313	281177	183	344	1883	0	283587
2314	3812	174	217	283757	0	287960
2315	293832	112	213	4803	0	298960
2316	293639	116	265	2847	0	296867
2317	298534	119	234	2093	0	300980
2318	4217	142	232	297295	0	301886
2319	2164	185	233	299498	0	302080
2320	1586	177	226	301218	0	303207
2321	1602	199	222	293941	0	295964
2322	1471	137	239	295285	0	297132
2323	762	414	293031	3887	0	298094
2324	823	417	287530	1616	0	290386
2325	763	288906	3188	1202	0	294059
2326	1292	2320	939	294511	0	299062
2327	1254	654	480	296644	0	299032
2328	1327	381	330	298489	0	300527
2329	730	512	294085	4045	0	299372
2330	1488	215	2657	288752	0	293112
2331	687	507	292565	3643	0	297402
2332	1276	210	2846	288199	0	292531
2333	638	535	298743	3771	0	303687
2334	444	296608	3098	2129	0	302279
2335	1091	2809	999	292960	0	297859
2336	518	1000	289194	3460	0	294172
2337	251803	499	3130	3570	0	259002
2338	2734	287485	1415	1239	0	292873
2339	1522	2751	708	290603	0	295584
2340	536	291589	846	3363	0	296334
2341	1105	2943	477	293059	0	297584
2342	293259	851	534	5097	0	299741
2343	3580	563	550	287718	0	292411
2344	1135	287644	751	3608	0	293138
2345	286882	2882	457	3159	0	293380
2346	3739	944	482	292976	0	298141
2347	1850	932	469	297789	0	301040
2348	300393	499	482	6868	0	308242
2349	5129	469	453	327617	0	333668
2350	3740	441	468	418075	0	422724
2351	1444	861	432610	13412	0	448327
2352	1224	974	430019	4726	0	436943
2353	3525	576	15889	422914	0	442904
2354	1156	907	434369	13702	0	450134
2355	1162	894	430000	5579	0	437635
2356	402497	371	17822	5770	0	426460
2357	13620	837	432282	2617	0	449356
2358	4642	425432	16449	2643	0	449166
2359	6044	12528	6181	427275	0	452028
2360	436966	3917	4259	16101	0	461243
2361	448329	2512	2775	7584	0	461200
2362	446156	1227	2510	6610	0	456503
2363	19617	437994	2705	3619	0	463935
2364	11239	13555	2416	431058	0	458268
2365	8061	4621	2452	448770	0	463904
2366	429505	3007	2794	20851	0	456157
2367	443916	1625	2497	10763	0	458801
2368	447746	1541	2444	7958	0	459689
2369	21649	1579	437751	4449	0	465428
2370	10039	423933	16208	4886	0	455066
2371	6687	491010	8075	4091	0	509863
2372	8238	20833	6140	468086	0	503297
2373	8140	9894	3652	498265	0	519951
2374	4650	5983	494352	26600	0	531585
2375	480376	3555	20868	15570	0	520369
2376	508724	2734	9965	10702	0	532125
2377	30375	2837	7318	492804	0	533334
2378	18793	2979	4088	504883	0	530743
2379	13946	1875	3270	516324	0	535415
2380	501443	1873	2473	33580	0	539369
2381	25582	2480	483374	16998	0	528434
2382	13877	2792	494769	11966	0	523404
2383	12580	3320	26347	481450	0	523697
2384	6335	3330	491941	24944	0	526550
2385	474257	2589	25427	16189	0	518462
2386	491008	1745	13363	12513	0	518629
2387	500742	1385	9540	9777	0	521444
2388	34352	466801	7019	7352	0	515524
2389	480467	18632	5773	7614	0	512486
2390	32505	9932	3825	462787	0	509049
2391	18510	6996	3940	475312	0	504758
2392	14626	3626	4166	488578	0	510996
2393	8325	3369	459718	36174	0	507586
2394	10177	2937	22942	448073	0	484129
2395	7726	454664	13166	29312	0	504868
2396	444027	18227	10368	18691	0	491313
2397	22631	457893	7471	15172	0	503167
2398	14080	22979	449854	10886	0	497799
2399	12718	453087	22652	9014	0	497471
2400	435252	24523	13081	8899	0	481755
2401	24151	440317	11068	7890	0	483426
2402	16386	24733	8456	386306	0	435881
2403	10998	438749	7977	21647	0	479371
2404	434304	24035	7171	15133	0	480643
2405	447251	12304	6918	12260	0	478733
2406	436314	9122	6669	10684	0	462789
2407	34711	7562	429482	8295	0	480050
2408	20776	7159	428775	7405	0	464115
2409	15982	6773	428045	7587	0	458387
2410	419258	5877	31475	8529	0	465139
2411	28209	6547	17926	409159	0	461841
2412	18157	5722	12701	423847	0	460427
2413	13091	6517	409119	29041	0	457768
2414	11761	6519	22084	415036	0	455400
2415	392174	6769	12523	30175	0	441641
2416	25303	394177	9832	18144	0	447456
2417	408078	20973	7785	13583	0	450419
2418	31169	12782	395346	8658	0	447955
2419	406682	10084	22233	8386	0	447385
2420	419607	7769	13553	7726	0	448655
2421	423207	7721	11535	8282	0	450745
2422	36701	6585	394847	8241	0	446374
2423	24804	5617	23038	394895	0	448354
2424	19571	4497	400359	23612	0	448039
2425	16815	4215	25938	401650	0	448618
2426	13262	4779	404957	27534	0	450532
2427	13195	4602	27822	400457	0	446076
2428	12034	4664	16337	418153	0	451188
2429	402857	4083	12050	33170	0	452160
2430	408571	4068	9218	21131	0	442988
2431	422439	3287	9079	15891	0	450696
2432	37735	3091	9482	391873	0	442181
2433	23064	356680	9282	25646	0	414672
2434	18168	396741	7714	16995	0	439618
2435	397620	23214	6817	14479	0	442130
2436	28213	13990	387404	10522	0	440129
2437	395000	8782	22880	10781	0	437443
2438	30281	6594	391433	9259	0	437567
2439	402088	5635	26158	9542	0	443423
2440	394772	4767	15042	11029	0	425610
2441	34435	4158	395699	9696	0	443988
2442	407244	3333	23573	11258	0	445408
2443	414864	3788	14633	9912	0	443197
2444	418792	4026	11807	8818	0	443443
2445	38784	393817	8559	9027	0	450187
2446	25159	23516	9026	388223	0	445924
2447	17529	11680	391635	22886	0	443730
2448	14950	8957	396140	14211	0	434258
2449	13643	355256	26232	10484	0	405615
2450	8181	271204	12690	5167	0	297242
2451	10452	10663	10718	240557	0	272390
2452	236789	6545	5657	9928	0	258919
2453	11137	240018	4043	7375	0	262573
2454	10392	8781	3483	235498	0	258154
2455	8323	241114	3209	9199	0	261845
2456	241607	9638	2413	7321	0	260979
2457	12102	7263	2624	237800	0	259789
2458	8962	5635	234427	9197	0	258221
2459	7115	226261	8150	7398	0	248924
2460	5248	231727	7207	5445	0	249627
2461	5823	10328	5544	212035	0	233730
2462	4813	228569	4166	6762	0	244310
2463	4921	10519	3514	225282	0	244236
2464	225117	7695	2538	9950	0	245300
2465	228421	5730	2528	7472	0	244151
2466	236952	4042	2421	5571	0	248986
2467	239164	3651	2542	4387	0	249744
2468	15364	3337	229709	3567	0	251977
2469	11225	219329	6731	3055	0	240340
2470	8055	222812	5469	3122	0	239458
2471	3388	184370	1847	1365	0	190970
2472	2185	180775	1576	1147	0	185683
2473	172128	3244	3190	1465	0	180027
2474	169745	1149	843	942	0	172679
2475	174023	655	349	1067	0	176094
2476	174863	544	332	953	0	176692
2477	3079	680	170807	402	0	174968
2478	179664	379	1933	1072	0	183048
2479	185075	412	938	935	0	187360
2480	187374	389	521	756	0	189040
2481	3474	472	405	184444	0	188795
2482	2011	457	379	185964	0	188811
2483	187790	457	414	2933	0	191594
2484	2726	576	295	184461	0	188058
2485	1439	182116	409	3025	0	186989
2486	1393	2020	238	187451	0	191102
2487	1258	962	287	187069	0	189576
2488	982	187932	405	2760	0	192079
2489	1285	1954	381	189760	0	193380
2490	1250	1028	356	190380	0	193014
2491	187632	720	287	3283	0	191922
2492	2453	731	179551	1380	0	184115
2493	175340	532	1794	1585	0	179251
2494	2750	641	179028	768	0	183187
2495	1708	650	171022	723	0	174103
2496	1350	602	175874	661	0	178487
2497	173662	471	2716	1183	0	178032
2498	2531	535	187634	557	0	191257
2499	182494	538	2513	1358	0	186903
2500	187901	377	1089	1230	0	190597
2501	189202	378	709	1204	0	191493
2502	2873	188838	578	539	0	192828
2503	190153	1848	393	1191	0	193585
2504	2501	192998	466	511	0	196476
2505	1761	2061	339	195966	0	200127
2506	1493	1042	316	195771	0	198622
2507	999	193152	507	2489	0	197147
2508	950	193692	542	1294	0	196478
2509	872	199116	556	819	0	201363
2510	197210	2433	440	1309	0	201392
2511	2274	200949	504	604	0	204331
2512	201193	2199	354	1303	0	205049
2513	2550	1447	197085	432	0	201514
2514	195440	917	1786	1176	0	199319
2515	202556	698	845	1197	0	205296
2516	3131	819	197473	360	0	201783
2517	2209	585	1874	196198	0	200866
2518	1298	657	200351	1981	0	204287
2519	1426	496	2074	197622	0	201618
2520	1274	504	1031	199950	0	202759
2521	200887	508	652	3356	0	205403
2522	199716	498	517	2154	0	202885
2523	2831	198933	605	969	0	203338
2524	201377	1986	360	1530	0	205253
2525	2911	1238	201384	565	0	206098
2526	196853	694	2061	1503	0	201111
2527	3073	693	209279	564	0	213609
2528	1945	724	206851	501	0	210021
2529	212015	478	3157	1242	0	216892
2530	218150	461	1606	1321	0	221538
2531	3759	597	221749	536	0	226641
2532	2659	511	2786	211829	0	217785
2533	1741	477	1345	222958	0	226521
2534	1259	674	219103	3223	0	224259
2535	1738	549	2658	212567	0	217512
2536	1339	210277	1613	2849	0	216078
2537	1603	2547	956	224015	0	229121
2538	1680	1331	797	222503	0	226311
2539	1552	1031	217073	3388	0	223044
2540	200025	677	2797	2699	0	206198
2541	214529	544	1490	1965	0	218528
2542	213160	480	996	1774	0	216410
2543	211779	395	927	1639	0	214740
2544	4721	207845	1018	945	0	214529
2545	3272	2360	767	202637	0	209036
2546	2295	1207	201009	2862	0	207373
2547	1853	880	198105	1791	0	202629
2548	2122	950	3115	194465	0	200652
2549	1333	717	200487	3260	0	205797
2550	192785	534	2846	2512	0	198677
2551	3064	561	1409	200724	0	205758
2552	1870	523	1071	201150	0	204614
2553	1539	506	826	201747	0	204618
2554	197422	491	781	4925	0	203619
2555	2876	197688	894	2328	0	203786
2556	197545	2264	780	2506	0	203095
2557	197307	990	785	2136	0	201218
2558	3806	192486	1060	1127	0	198479
2559	2207	195802	1181	871	0	200061
2560	198384	2712	1256	1447	0	203799
2561	3680	1277	1185	197176	0	203318
2562	2428	778	1240	195556	0	200002
2563	201395	533	1101	3844	0	206873
2564	3585	743	198031	1561	0	203920
2565	193542	509	2991	1967	0	199009
2566	199666	441	1493	1865	0	203465
2567	4532	203337	992	1056	0	209917
2568	214847	2580	766	1642	0	219835
2569	215354	1290	605	1981	0	219230
2570	4981	233717	671	1006	0	240375
2571	2130	240801	657	777	0	244365
2572	2742	5012	583	233032	0	241369
2573	236572	2197	408	4779	0	243956
2574	4212	244833	417	1896	0	251358
2575	2853	4749	225	248009	0	255836
2576	251179	1896	290	5861	0	259226
2577	5493	1349	247307	1996	0	256145
2578	3603	809	4505	243250	0	252167
2579	1676	788	248347	5179	0	255990
2580	237075	539	5474	3034	0	246122
2581	248568	557	2232	2385	0	253742
2582	6896	652	246920	1139	0	255607
2583	3137	243457	5551	1092	0	253237
2584	3302	4877	2295	245481	0	255955
2585	1714	2133	249407	4979	0	258233
2586	2517	1278	5584	247120	0	256499
2587	2622	946	2351	255281	0	261200
2588	1398	970	252509	7404	0	262281
2589	239827	631	5946	4347	0	250751
2590	253473	598	2546	3085	0	259702
2591	7515	802	253786	1722	0	263825
2592	3347	253305	6324	1717	0	264693
2593	3394	5529	2822	243882	0	255627
2594	2017	248877	2024	5385	0	258303
2595	1627	257531	1651	2522	0	263331
2596	253249	7279	1369	2736	0	264633
2597	6991	3163	1079	252901	0	264134
2598	3928	1885	1014	251084	0	257911
2599	2163	1622	249736	7492	0	261013
2600	1897	1361	246954	3719	0	253931
2601	2817	1063	7279	243000	0	254159
2602	2787	1080	3256	249856	0	256979
2603	1770	1321	247315	7940	0	258346
2604	1758	1388	247295	3701	0	254142
2605	2362	1220	8033	243068	0	254683
2606	243816	1261	3611	8396	0	257084
2607	6214	246735	2808	4102	0	259859
2608	245929	6510	2022	3544	0	258005
2609	7534	245729	1843	2541	0	257647
2610	3746	252895	1688	2248	0	260577
2611	246531	7951	1629	3002	0	259113
2612	7563	3590	248511	2022	0	261686
2613	4398	2291	7111	246302	0	260102
2614	3579	1938	3406	253085	0	262008
2615	3328	1648	2366	270939	0	278281
2616	2244	1687	270034	9961	0	283926
2617	2909	1476	7962	270962	0	283309
2618	275117	1452	3766	10329	0	290664
2619	8830	1426	2771	283025	0	296052
2620	4917	1323	2292	297600	0	306132
2621	294399	1343	1952	12460	0	310154
2622	294540	1360	1844	6722	0	304466
2623	10604	291613	2165	4414	0	308796
2624	5111	8121	293886	3384	0	310502
2625	3975	3297	290096	2948	0	300316
2626	3254	2336	294361	2764	0	302715
2627	2555	280442	11144	2982	0	297123
2628	3740	7930	5525	270652	0	287847
2629	3001	3139	3276	281048	0	290464
2630	276070	2310	2873	11168	0	292421
2631	9377	1948	2433	274201	0	287959
2632	4033	1786	273392	10604	0	289815
2633	3729	1418	8721	274529	0	288397
2634	3499	1442	4102	279174	0	288217
2635	2620	1744	273039	11838	0	289241
2636	2470	269955	9163	6406	0	287994
2637	3502	7964	4323	246871	0	262660
2638	2356	270438	3979	8898	0	285671
2639	2201	8809	271626	4752	0	287388
2640	266300	3878	9797	4570	0	284545
2641	273616	2992	4502	4271	0	285381
2642	277267	2374	3376	4282	0	287299
2643	12096	2209	2986	266791	0	284082
2644	5503	272414	2979	9631	0	290527
2645	271905	8352	2701	6067	0	289025
2646	277639	3571	2925	5001	0	289136
2647	276116	2583	2858	4892	0	286449
2648	11761	2255	268278	4259	0	286553
2649	260043	1772	9008	4361	0	275184
2650	10595	266137	4305	3765	0	284802
2651	264490	8184	3339	4129	0	280142
2652	9992	269424	3165	3519	0	286100
2653	271689	9063	2922	3917	0	287591
2654	11069	4122	273350	3172	0	291713
2655	270795	2851	8990	3556	0	286192
2656	281976	2389	4052	3426	0	291843
2657	253252	2562	3382	4409	0	263605
2658	284160	2526	2549	3119	0	292354
2659	13209	2452	272333	2752	0	290746
2660	7910	2185	8409	271553	0	290057
2661	273275	1774	4019	9577	0	288645
2662	10784	270390	3475	4700	0	289349
2663	6525	7825	2698	268905	0	285953
2664	4676	3590	266970	9427	0	284663
2665	5529	4200	8449	265896	0	284074
2666	4379	2377	268598	9867	0	285221
2667	3855	254821	9285	5525	0	273486
2668	3405	243408	4430	4190	0	255433
2669	3799	248466	2990	3571	0	258826
2670	4649	8568	2466	219111	0	234794
2671	4028	2770	1660	219812	0	228270
2672	2955	1834	214889	6772	0	226450
2673	2474	206910	5678	3053	0	218115
2674	195300	4869	2344	2550	0	205063
2675	5260	188871	1875	1792	0	197798
2676	2283	192488	1520	1614	0	197905
2677	4141	5439	1800	185225	0	196605
2678	183829	1927	1599	5314	0	192669
2679	186016	1450	1354	2782	0	191602
2680	5632	1258	1437	184402	0	192729
2681	183602	1326	1154	5375	0	191457
2682	5290	1365	1126	183355	0	191136
2683	2221	1498	180354	5260	0	189333
2684	179317	1324	4183	3011	0	187835
2685	5177	1385	1914	181614	0	190090
2686	2027	1291	176998	4528	0	184844
2687	1829	1493	172787	2149	0	178258
2688	2149	1591	4334	175260	0	183334
2689	179566	1318	2018	4731	0	187633
2690	179640	1252	1332	2497	0	184721
2691	4910	180405	1198	1727	0	188240
2692	187135	3765	1053	2267	0	194220
2693	187799	1590	1083	1980	0	192452
2694	189612	1212	989	2000	0	193813
2695	5442	190337	1020	1584	0	198383
2696	193912	3489	1049	1993	0	200443
2697	197289	1495	982	1637	0	201403
2698	5738	1242	840	194505	0	202325
2699	191328	1007	901	4095	0	197331
2700	4754	187831	1146	1609	0	195340
2701	2609	193537	1093	1387	0	198626
2702	2712	3719	986	193845	0	201262
2703	2749	1750	876	194549	0	199924
2704	2324	197572	926	3691	0	204513
2705	196934	3485	718	1907	0	203044
2706	4685	193750	751	1178	0	200364
2707	192393	3242	694	1314	0	197643
2708	4581	194968	747	915	0	201211
2709	2938	3412	676	189409	0	196435
2710	2402	198535	610	2942	0	204489
2711	199682	3669	1978	1924	0	207253
2712	197881	1633	1403	1871	0	202788
2713	196009	1367	1374	1838	0	200588
2714	4611	1274	189053	1029	0	195967
2715	2063	1023	174924	813	0	178823
2716	1218	175793	2342	922	0	180275
2717	1387	2365	172450	692	0	176894
2718	1114	1326	165348	868	0	168656
2719	1338	2926	2098	147333	0	153695
2720	547	460	155003	1159	0	157169
2721	342	154611	1179	499	0	156631
2722	152643	1061	366	827	0	154897
2723	1087	151152	318	277	0	152834
2724	450	153331	243	272	0	154296
2725	154123	1238	196	827	0	156384
2726	154622	437	176	777	0	156012
2727	1246	157602	284	235	0	159367
2728	158894	1083	237	822	0	161036
2729	157747	430	243	675	0	159095
2730	157344	340	192	745	0	158621
2731	1467	438	151763	217	0	153885
2732	700	484	147171	237	0	148592
2733	750	372	1158	152711	0	154991
2734	719	302	400	154021	0	155442
2735	157967	287	241	1652	0	160147
2736	1217	154305	317	465	0	156304
2737	759	1234	231	158197	0	160421
2738	647	483	217	159008	0	160355
2739	699	353	230	159798	0	161080
2740	807	278	212	159166	0	160463
2741	489	402	160735	1707	0	163333
2742	544	531	156413	595	0	158083
2743	805	288	1579	163348	0	166020
2744	502	349	166084	1536	0	168471
2745	159549	249	1856	1049	0	162703
2746	2116	294	644	168043	0	171097
2747	801	312	168681	1804	0	171598
2748	153395	216	1748	1460	0	156819
2749	1900	166620	750	535	0	169805
2750	166920	1543	426	955	0	169844
2751	1860	171963	450	441	0	174714
2752	1101	1701	313	169765	0	172880
2753	647	709	170466	1631	0	173453
2754	873	541	1707	162581	0	165702
2755	490	444	163416	1844	0	166194
2756	159287	347	1871	1169	0	162674
2757	2062	300	655	166643	0	169660
2758	167402	275	472	2460	0	170609
2759	2054	390	165206	704	0	168354
2760	167004	242	1700	1185	0	170131
2761	178862	235	677	1161	0	180935
2762	2766	323	181627	335	0	185051
2763	1677	405	2121	178463	0	182666
2764	834	386	184082	1953	0	187255
2765	615	182839	2277	761	0	186492
2766	181565	2166	1241	1565	0	186537
2767	180859	562	638	1189	0	183248
2768	2549	424	183419	377	0	186769
2769	1110	441	180269	345	0	182165
2770	1350	304	2388	177229	0	181271
2771	1023	267	923	182261	0	184474
2772	183660	212	645	3031	0	187548
2773	2144	184010	715	836	0	187705
2774	186917	1819	478	1403	0	190617
2775	187051	506	513	1278	0	189348
2776	2618	498	183206	449	0	186771
2777	174692	264	2160	1209	0	178325
2778	2453	392	184798	425	0	188068
2779	1669	301	2132	184120	0	188222
2780	970	424	191700	1909	0	195003
2781	1397	246	2241	188824	0	192708
2782	774	331	192181	2055	0	195341
2783	183554	279	2502	1597	0	187932
2784	189393	163	1079	1242	0	191877
2785	2819	182	769	188632	0	192402
2786	191490	217	737	2834	0	195278
2787	2829	265	639	193219	0	196952
2788	1187	194399	774	2288	0	198648
2789	194421	1696	665	1807	0	198589
2790	2462	193075	805	803	0	197145
2791	1515	2022	610	194009	0	198156
2792	1361	657	573	189102	0	191693
2793	1255	441	577	186989	0	189262
2794	1197	363	534	184663	0	186757
2795	773	486	179727	2798	0	183784
2796	161143	371	2051	2130	0	165695
2797	174917	326	787	1648	0	177678
2798	2644	175317	682	954	0	179597
2799	1551	1774	531	177085	0	180941
2800	1292	589	545	178124	0	180550
2801	888	578	172805	2626	0	176897
2802	164821	367	2132	1807	0	169127
2803	2592	367	957	171899	0	175815
2804	1122	470	169558	2294	0	173444
2805	166061	335	2146	1971	0	170513
2806	172143	261	927	1744	0	175075
2807	172005	236	761	1748	0	174750
2808	2894	303	167954	874	0	172025
2809	1549	362	157756	724	0	160391
2810	158092	296	2368	1073	0	161829
2811	2596	355	1075	161559	0	165585
2812	1433	298	744	164765	0	167240
2813	1002	371	163751	2167	0	167291
2814	156756	219	1810	1528	0	160313
2815	2335	274	841	165934	0	169384
2816	170274	176	704	3052	0	174206
2817	171584	161	672	1796	0	174213
2818	171346	167	573	1714	0	173800
2819	3219	335	175319	801	0	179674
2820	1851	223	2233	174662	0	178969
2821	175749	191	959	3204	0	180103
2822	2816	180585	868	1178	0	185447
2823	1858	2142	614	184151	0	188765
2824	1584	646	512	186668	0	189410
2825	183230	382	523	4003	0	188138
2826	182109	287	594	2077	0	185067
2827	3822	229	500	180562	0	185113
2828	1749	388	178657	2904	0	183698
2829	173556	290	2550	2112	0	178508
2830	3403	386	182733	941	0	187463
2831	183218	204	2831	1596	0	187849
2832	188249	174	1281	1470	0	191174
2833	4172	290	187333	788	0	192583
2834	2464	474	3148	187647	0	193733
2835	1471	393	198290	3476	0	203630
2836	1219	208721	3922	1478	0	215340
2837	1800	4252	1435	200939	0	208426
2838	1070	214210	1012	3972	0	220264
2839	1790	4550	689	215718	0	222747
2840	1103	1384	220467	4835	0	227789
2841	936	217857	5093	1898	0	225784
2842	830	229391	1684	1127	0	233032
2843	2165	6782	1157	226893	0	236997
2844	227726	1933	744	6058	0	236461
2845	6307	963	496	250965	0	258731
2846	256245	578	511	7707	0	265041
2847	6817	262670	672	2386	0	272545
2848	294106	6657	507	2333	0	303603
2849	8699	2340	303594	1048	0	315681
2850	4639	1222	7674	297439	0	310974
2851	3634	805	2253	300475	0	307167
2852	1478	881	299903	10012	0	312274
2853	285113	696	8319	4565	0	298693
2854	298231	777	2588	3136	0	304732
2855	9984	294920	1824	1599	0	308327
2856	5535	8646	1151	272387	0	287719
2857	2604	294147	1318	7186	0	305255
2858	1936	8615	290891	2947	0	304389
2859	1928	3075	295399	2187	0	302589
2860	3337	3846	10039	282778	0	300000
2861	281005	1281	3608	9122	0	295016
2862	8171	277050	2263	3247	0	290731
2863	279361	7911	1471	2851	0	291594
2864	9122	3062	273505	1827	0	287516
2865	274516	1843	8193	2326	0	286878
2866	285529	1627	2975	2185	0	292316
2867	11097	1538	279305	1274	0	293214
2868	5815	1415	8639	273656	0	289525
2869	280091	1218	3155	9383	0	293847
2870	282752	1262	2222	4050	0	290286
2871	284849	1257	1933	2801	0	290840
2872	12963	1059	1888	275398	0	291308
2873	5322	1210	273060	8625	0	288217
2874	271192	965	8463	4285	0	284905
2875	10687	1311	277142	2365	0	291505
2876	6325	1162	9266	271342	0	288095
2877	5157	1107	3700	271337	0	281301
2878	3567	276578	2775	9841	0	292761
2879	3345	8308	274882	4021	0	290556
2880	2950	263467	9244	3213	0	278874
2881	2699	274745	4067	2868	0	284379
2882	3931	9933	2900	269584	0	286348
2883	3054	3832	270620	9380	0	286886
2884	4222	2387	9175	269960	0	285744
2885	2871	2180	272267	10448	0	287766
2886	3833	1977	9853	268595	0	284258
2887	3732	2119	4357	272468	0	282676
2888	2780	2160	260905	11883	0	277728
2889	3546	1902	10128	259423	0	274999
2890	2508	1903	262729	11645	0	278785
2891	2702	1984	262288	5685	0	272659
2892	2553	257907	12108	4253	0	276821
2893	260313	8933	5338	4222	0	278806
2894	10387	3867	260545	3173	0	277972
2895	255597	2721	10500	3885	0	272703
2896	11429	2107	5263	261498	0	280297
2897	4920	2163	260544	10749	0	278376
2898	3508	258144	11285	5464	0	278401
2899	3926	9146	5685	258805	0	277562
2900	3126	4018	261739	10907	0	279790
2901	4061	3069	10912	244598	0	262640
2902	3325	258831	5487	10283	0	277926
2903	261743	9610	4340	5348	0	281041
2904	11467	4303	3885	261892	0	281547
2905	258202	3240	3600	11650	0	276692
2906	263941	2687	3587	6074	0	276289
2907	266396	2273	3553	5274	0	277496
2908	267911	2166	3655	4899	0	278631
2909	263968	2034	3514	4801	0	274317
2910	13894	252022	3548	4512	0	273976
2911	7846	9327	3173	254913	0	275259
2912	6398	3930	3080	261283	0	274691
2913	5844	2741	3399	262566	0	274550
2914	5172	2506	249730	13642	0	271050
2915	4808	247954	10439	6921	0	270122
2916	253577	9324	5131	5284	0	273316
2917	255679	3904	4346	5307	0	269236
2918	13747	244880	4004	4784	0	267415
2919	6532	254069	3956	4734	0	269291
2920	249620	11551	3831	4900	0	269902
2921	12215	5451	243614	4026	0	265306
2922	6830	4744	11100	236556	0	259230
2923	237555	3398	5832	11270	0	258055
2924	12244	2890	4059	229717	0	248910
2925	5633	231885	3979	11500	0	252997
2926	5541	9523	3487	236131	0	254682
2927	4358	4595	235217	11689	0	255859
2928	229604	3201	11072	6101	0	249978
2929	242812	2568	5080	4880	0	255340
2930	14477	2344	3867	230900	0	251588
2931	8385	2326	3482	236805	0	250998
2932	226702	2437	3193	12660	0	244992
2933	12238	222389	3249	6460	0	244336
2934	7127	8074	3326	219870	0	238397
2935	6351	3349	2747	222586	0	235033
2936	201687	1883	2398	11504	0	217472
2937	9432	199763	2619	6190	0	218004
2938	195697	6777	1982	4979	0	209435
2939	9844	188540	2064	3991	0	204439
2940	5162	193441	2142	3441	0	204186
2941	186379	7519	2274	3356	0	199528
2942	8106	186061	2032	3306	0	199505
2943	5217	10399	3521	175693	0	194830
2944	3745	3252	176325	7569	0	190891
2945	2578	1992	150242	3401	0	158213
2946	1759	1669	143784	2444	0	149656
2947	1627	139211	6158	2030	0	149026
2948	104777	3679	4925	1014	0	114395
2949	3212	1259	1009	97822	0	103302
2950	1505	766	544	100081	0	102896
2951	893	589	97782	3456	0	102720
2952	97037	475	2623	1943	0	102078
2953	3016	405	1192	101283	0	105896
2954	1582	406	718	103007	0	105713
2955	1197	376	529	103174	0	105276
2956	99364	351	407	4384	0	104506
2957	2974	379	97258	2066	0	102677
2958	97451	314	2613	1508	0	101886
2959	3501	390	1136	98353	0	103380
2960	1652	457	97702	2992	0	102803
2961	95227	411	2661	1708	0	100007
2962	3182	483	99284	1185	0	104134
2963	1952	1015	2991	96528	0	102486
2964	1184	508	99720	2952	0	104364
2965	984	429	96735	1408	0	99556
2966	90399	346	3692	1311	0	95748
2967	2779	358	93634	879	0	97650
2968	1607	323	3281	91513	0	96724
2969	92185	337	1766	2926	0	97214
2970	3093	340	1200	93736	0	98369
2971	1471	414	93134	3144	0	98163
2972	1098	363	94107	1733	0	97301
2973	917	93799	3507	1230	0	99453
2974	1039	2479	1809	92457	0	97784
2975	89701	1026	1180	3057	0	94964
2976	2553	88677	892	1635	0	93757
2977	89372	2427	702	1386	0	93887
2978	3097	1179	705	88248	0	93229
2979	88156	728	659	3076	0	92619
2980	3168	86438	705	1601	0	91912
2981	1843	2388	574	87285	0	92090
2982	87701	1114	569	3093	0	92477
2983	2956	87963	634	1667	0	93220
2984	1852	2591	657	88044	0	93144
2985	1340	1262	648	89125	0	92375
2986	89373	775	695	3734	0	94577
2987	3000	626	701	89988	0	94315
2988	1782	489	700	91047	0	94018
2989	1282	440	782	93036	0	95540
2990	1096	436	87269	4159	0	92960
2991	85950	333	2807	2494	0	91584
2992	3069	358	1421	101382	0	106230
2993	1714	399	105510	3998	0	111621
2994	104193	343	3851	2334	0	110721
2995	4197	420	109759	1631	0	116007
2996	2148	384	4256	105878	0	112666
2997	1366	109235	2030	3977	0	116608
2998	1462	3394	1296	113079	0	119231
2999	1097	1376	113578	4719	0	120770
3000	1052	918	117322	2335	0	121627
3001	1350	712	4966	117088	0	124116
3002	974	622	117229	4630	0	123455
3003	112321	530	4773	2478	0	120102
3004	4198	590	116462	1606	0	122856
3005	2223	596	4613	113383	0	120815
3006	1666	526	2194	117048	0	121434
3007	1380	497	1586	117700	0	121163
3008	114027	477	1197	6205	0	121906
3009	115586	435	1146	3281	0	120448
3010	118631	440	1046	2465	0	122582
3011	6027	515	896	115287	0	122725
3012	2913	634	884	118188	0	122619
3013	1815	310	113086	5897	0	121108
3014	1439	346	113856	3059	0	118700
3015	1244	112395	4981	2227	0	120847
3016	1651	3802	2136	101416	0	109005
3017	1233	1033	1206	100357	0	103829
3018	875	101152	954	3901	0	106882
3019	101004	2694	859	2291	0	106848
3020	3034	101667	828	1527	0	107056
3021	101446	3003	796	1526	0	106771
3022	3584	1294	695	100823	0	106396
3023	101724	673	705	3649	0	106751
3024	3659	506	753	102135	0	107053
3025	1569	554	99730	3682	0	105535
3026	1370	471	3082	101939	0	106862
3027	100107	422	1473	4022	0	106024
3028	3500	372	1014	101669	0	106555
3029	1726	392	811	102966	0	105895
3030	1124	433	101816	4663	0	108036
3031	1192	315	3058	103577	0	108142
3032	1234	295	1343	103049	0	105921
3033	962	100979	958	4489	0	107388
3034	1239	2610	723	104230	0	108802
3035	1260	898	621	106881	0	109660
3036	1213	503	649	105925	0	108290
3037	704	100454	679	4842	0	106679
3038	949	2551	487	100870	0	104857
3039	96503	799	501	4036	0	101839
3040	2667	93754	564	2003	0	98988
3041	1074	90602	427	1494	0	93597
3042	704	92385	441	1235	0	94765
3043	842	3658	575	87195	0	92270
3044	620	85319	1020	2919	0	89878
3045	824	90066	1147	1574	0	93611
3046	88296	2455	1282	1351	0	93384
3047	2729	1057	85937	1198	0	90921
3048	84951	925	2709	1503	0	90088
3049	2651	851	1232	87540	0	92274
3050	833	785	86857	3377	0	91852
3051	83903	636	3429	2027	0	89995
3052	2447	593	85474	1732	0	90246
3053	1087	460	84832	1634	0	88013
3054	86919	416	3996	1652	0	92983
3055	3243	459	2411	89129	0	95242
3056	1434	426	90238	3774	0	95872
3057	88757	337	3532	2818	0	95444
3058	92097	357	1620	2876	0	96950
3059	3885	412	92142	2443	0	98882
3060	94476	347	2947	2252	0	100022
3061	98086	261	1295	2085	0	101727
3062	4593	326	92773	2088	0	99780
3063	93577	291	3049	2529	0	99446
3064	95748	340	1696	2429	0	100213
3065	3780	544	92271	1923	0	98518
3066	1799	795	98780	1728	0	103102
3067	1477	962	3899	99609	0	105947
3068	1157	985	100073	4367	0	106582
3069	99414	1136	3409	2686	0	106645
3070	3938	1254	1359	99586	0	106137
3071	2416	1356	958	101911	0	106641
3072	2206	1307	97755	4163	0	105431
3073	2277	1124	2966	97753	0	104120
3074	2115	858	98023	4483	0	105479
3075	99256	691	3279	2800	0	106026
3076	102447	623	1639	2447	0	107156
3077	4417	605	99877	2395	0	107294
3078	100494	507	3488	2464	0	106953
3079	104119	432	1564	2752	0	108867
3080	4415	472	101820	2714	0	109421
3081	103605	435	3518	3097	0	110655
3082	105994	461	1859	2986	0	111300
3083	4005	573	103264	2881	0	110723
3084	102272	757	3264	2955	0	109248
3085	3646	926	104434	2990	0	111996
3086	1811	802	3276	105031	0	110920
3087	1444	757	1350	106956	0	110507
3088	1456	931	1033	109200	0	112620
3089	1305	1015	103505	5551	0	111376
3090	97566	983	2893	3338	0	104780
3091	3797	1172	101806	2373	0	109148
3092	1463	86480	2401	1416	0	91760
3093	920	86285	1042	914	0	89161
3094	83490	1610	1129	888	0	87117
3095	2056	690	612	80611	0	83969
3096	963	81562	494	1590	0	84609
3097	79294	1094	528	746	0	81662
3098	78630	306	447	621	0	80004
3099	1628	80537	457	436	0	83058
3100	908	1138	381	75635	0	78062
3101	567	77878	420	1227	0	80092
3102	79321	1190	399	672	0	81582
3103	80178	372	395	521	0	81466
3104	1877	239	392	77941	0	80449
3105	78876	232	365	1403	0	80876
3106	1772	256	354	78765	0	81147
3107	792	305	77927	1433	0	80457
3108	75950	208	1380	684	0	78222
3109	1751	264	77905	373	0	80293
3110	914	273	1478	76847	0	79512
3111	78951	170	577	1553	0	81251
3112	1827	212	379	79405	0	81823
3113	754	231	78938	1562	0	81485
3114	688	236	77206	589	0	78719
3115	797	653	1678	77790	0	80918
3116	78367	177	873	1736	0	81153
3117	1698	79459	433	670	0	82260
3118	909	1258	388	80648	0	83203
3119	692	363	81116	1455	0	83626
3120	79770	216	1570	743	0	82299
3121	84482	151	667	649	0	85949
3122	2014	190	82696	338	0	85238
3123	83073	152	1499	561	0	85285
3124	1962	224	641	86428	0	89255
3125	859	164	86129	1430	0	88582
3126	84544	158	1535	745	0	86982
3127	1786	197	668	84923	0	87574
3128	936	181	494	83585	0	85196
3129	85473	145	385	1815	0	87818
3130	1541	82504	458	691	0	85194
3131	725	84877	400	524	0	86526
3132	84989	1275	452	690	0	87406
3133	82836	362	385	617	0	84200
3134	1784	225	85373	375	0	87757
3135	860	218	83243	393	0	84714
3136	768	283	1493	84736	0	87280
3137	86794	104	661	1511	0	89070
3138	86080	123	453	769	0	87425
3139	86916	93	389	677	0	88075
3140	1678	84516	387	488	0	87069
3141	788	86944	394	453	0	88579
3142	750	1248	356	89726	0	92080
3143	794	444	301	89409	0	90948
3144	805	269	333	92104	0	93511
3145	687	240	92688	1602	0	95217
3146	759	362	83322	651	0	85094
3147	91068	192	1691	638	0	93589
3148	96237	162	694	662	0	97755
3149	2013	132	489	95101	0	97735
3150	1064	163	412	94529	0	96168
3151	879	162	359	97318	0	98718
3152	672	230	94040	1864	0	96806
3153	573	270	92990	812	0	94645
3154	547	352	1456	93943	0	96298
3155	372	187	96576	1611	0	98746
3156	324	92646	1427	782	0	95179
3157	331	96367	591	589	0	97878
3158	95592	1353	495	727	0	98167
3159	1349	94648	437	354	0	96788
3160	798	1295	312	95754	0	98159
3161	613	455	278	96241	0	97587
3162	423	99235	318	1636	0	101612
3163	619	1548	251	101342	0	103760
3164	448	539	99440	1807	0	102234
3165	366	100198	1596	807	0	102967
3166	502	1470	536	96061	0	98569
3167	285	447	96523	1384	0	98639
3168	278	94915	1320	551	0	97064
3169	507	1297	476	92869	0	95149
3170	263	95762	358	1191	0	97574
3171	427	1306	256	95997	0	97986
3172	452	509	196	93668	0	94825
3173	286	94696	278	1453	0	96713
3174	92403	1261	249	838	0	94751
3175	90616	464	241	715	0	92036
3176	1476	91042	329	474	0	93321
3177	583	93938	301	387	0	95209
3178	603	1465	230	94107	0	96405
3179	361	652	92697	1372	0	95082
3180	88742	404	1255	867	0	91268
3181	91451	300	471	703	0	92925
3182	1618	372	91074	417	0	93481
3183	89073	317	1279	632	0	91301
3184	92460	283	442	639	0	93824
3185	1709	297	90001	419	0	92426
3186	85956	288	1349	620	0	88213
3187	1600	331	92518	368	0	94817
3188	671	93697	1465	358	0	96191
3189	95101	1311	542	573	0	97527
3190	95456	506	346	600	0	96908
3191	1715	448	94924	382	0	97469
3192	95109	335	1376	632	0	97452
3193	99404	289	543	798	0	101034
3194	1810	368	98603	374	0	101155
3195	99807	300	1332	652	0	102091
3196	102900	262	579	638	0	104379
3197	1834	400	100461	355	0	103050
3198	101892	367	1439	601	0	104299
3199	1818	284	588	100703	0	103393
3200	903	344	473	101302	0	103022
3201	603	387	100182	1740	0	102912
3202	581	413	97631	764	0	99389
3203	645	332	1621	101159	0	103757
3204	674	336	692	102930	0	104632
3205	105977	274	433	1850	0	108534
3206	1678	334	104063	693	0	106768
3207	104890	284	1514	685	0	107373
3208	1985	347	603	109480	0	112415
3209	728	329	110762	1532	0	113351
3210	114523	244	1565	995	0	117327
3211	1955	208	605	121518	0	124286
3212	727	272	121779	1719	0	124497
3213	118940	251	1747	952	0	121890
3214	2020	282	662	122693	0	125657
3215	124487	155	540	2089	0	127271
3216	1984	221	130610	603	0	133418
3217	1199	264	1779	123660	0	126902
3218	621	133480	776	1582	0	136459
3219	135062	1685	555	1048	0	138350
3220	134463	555	384	970	0	136372
3221	2291	137346	461	426	0	140524
3222	139416	1779	365	703	0	142263
3223	138335	545	349	773	0	140002
3224	137595	334	404	684	0	139017
3225	2708	135438	437	349	0	138932
3226	1423	1740	327	137371	0	140861
3227	855	656	139016	1918	0	142445
3228	1125	354	1963	135078	0	138520
3229	969	233	771	136711	0	138684
3230	620	279	138227	2462	0	141588
3231	668	323	134782	977	0	136750
3232	1002	327	2375	130181	0	133885
3233	592	138333	1020	1695	0	141640
3234	138811	1861	616	1001	0	142289
3235	137072	627	403	909	0	139011
3236	2624	141146	473	508	0	144751
3237	143444	1909	359	837	0	146549
3238	142514	669	353	836	0	144372
3239	2757	515	142944	397	0	146613
3240	136651	344	2084	924	0	140003
3241	2528	144661	810	564	0	148563
3242	1133	1934	141942	369	0	145378
3243	1025	745	136459	419	0	138648
3244	657	140471	2517	459	0	144104
3245	139512	1797	935	707	0	142951
3246	2225	673	141336	399	0	144633
3247	1299	411	1903	140798	0	144411
3248	791	429	141531	1805	0	144556
3249	132170	306	2077	1126	0	135679
3250	2327	459	159391	532	0	162709
3251	1180	479	155887	380	0	157926
3252	155255	253	2244	902	0	158654
3253	2181	163033	1037	390	0	166641
3254	166530	1754	700	898	0	169882
3255	168300	654	554	812	0	170320
3256	2694	590	459	166316	0	170059
3257	1095	179640	610	1664	0	183009
3258	181185	1767	472	1503	0	184927
3259	2265	777	182967	491	0	186500
3260	175478	463	1885	1085	0	178911
3261	2216	183382	974	479	0	187051
3262	180453	1455	673	786	0	183367
3263	180059	499	512	848	0	181918
3264	2071	182742	531	366	0	185710
3265	1136	1475	473	184452	0	187536
3266	185767	500	520	1975	0	188762
3267	1901	184186	552	578	0	187217
3268	1163	1599	386	185675	0	188823
3269	188878	519	451	2169	0	192017
3270	2207	507	375	193822	0	196911
3271	1214	396	380	192387	0	194377
3272	823	194627	517	2172	0	198139
3273	193883	1914	403	1463	0	197663
3274	197535	726	433	1234	0	199928
3275	200537	467	342	1089	0	202435
3276	2804	206422	529	442	0	210197
3277	208746	2010	400	1132	0	212288
3278	209746	719	357	958	0	211780
3279	3124	515	312	206932	0	210883
3280	1556	458	374	207849	0	210237
3281	1187	558	207308	2420	0	211473
3282	1281	409	2027	201719	0	205436
3283	1442	488	685	199484	0	202099
3284	933	572	206579	2508	0	210592
3285	183135	452	2150	1902	0	187639
3286	2680	549	206187	636	0	210052
3287	1313	653	207756	509	0	210231
3288	1406	386	2369	206749	0	210910
3289	1229	440	864	209141	0	211674
3290	854	213263	837	2168	0	217122
3291	212736	2081	419	1628	0	216864
3292	208757	653	436	1377	0	211223
3293	2794	210199	542	644	0	214179
3294	1185	221127	533	677	0	223522
3295	1318	2777	423	218989	0	223507
3296	758	226846	573	2146	0	230323
3297	226843	2726	418	1715	0	231702
3298	226518	958	423	1283	0	229182
3299	3759	787	438	224548	0	229532
3300	1878	515	465	226387	0	229245
3301	226352	408	434	3983	0	231177
3302	3176	691	218487	1280	0	223634
3303	215668	406	2617	1647	0	220338
3304	3508	609	218090	561	0	222768
3305	215776	312	2552	1143	0	219783
3306	3362	663	845	219465	0	224335
3307	1414	553	223664	2422	0	228053
3308	1122	546	216290	932	0	218890
3309	211626	837	3483	1710	0	217656
3310	216024	351	1137	1479	0	218991
3311	3016	221003	711	458	0	225188
3312	1635	2065	375	229116	0	233191
3313	1227	695	335	235586	0	237843
3314	233941	376	320	4665	0	239302
3315	3277	232582	479	1481	0	237819
3316	226736	2687	308	1763	0	231494
3317	3219	223928	489	629	0	228265
3318	1205	224299	436	513	0	226453
3319	222686	3092	322	1372	0	227472
3320	3185	1298	219694	334	0	224511
3321	1840	713	2563	217285	0	222401
3322	1378	398	859	220671	0	223306
3323	637	514	221479	3428	0	226058
3324	1243	354	2629	217072	0	221298
3325	1893	495	1046	200309	0	203743
3326	524	221272	674	3406	0	225876
3327	219149	2711	320	2534	0	224714
3328	3171	1253	222287	810	0	227521
3329	208980	663	2685	1566	0	213894
3330	3247	221230	1083	670	0	226230
3331	1805	2778	539	224236	0	229358
3332	231953	1061	389	4053	0	237456
3333	3827	608	371	231877	0	236683
3334	1981	426	409	232898	0	235714
3335	1027	610	231253	4087	0	236977
3336	214639	401	2943	2900	0	220883
3337	227969	372	1087	2196	0	231624
3338	4145	596	229584	851	0	235176
3339	2325	411	2996	227478	0	233210
3340	1306	556	230519	3136	0	235517
3341	221776	377	3312	2438	0	227903
3342	234997	327	1326	1878	0	238528
3343	4410	362	782	234537	0	240091
3344	234631	335	566	4336	0	239868
3345	3812	538	248909	1634	0	254893
3346	2477	324	3058	247057	0	252916
3347	2032	334	1230	247378	0	250974
3348	1451	348	784	256538	0	259121
3349	1446	376	630	255174	0	257626
3350	234257	305	520	5478	0	240560
3351	3561	510	229568	2049	0	235688
3352	2123	284	3045	232791	0	238243
3353	1279	442	229758	3654	0	235133
3354	1123	540	223740	1808	0	227211
3355	1424	276	3798	224873	0	230371
3356	1306	312	1600	229032	0	232250
3357	218909	229	978	4913	0	225029
3358	3741	300	687	220080	0	224808
3359	1939	314	705	221751	0	224709
3360	1537	249	574	225677	0	228037
3361	223188	254	535	6032	0	230009
3362	223829	253	595	3235	0	227912
3363	225711	255	605	2371	0	228942
3364	222657	241	611	2090	0	225599
3365	4661	228318	764	1360	0	235103
3366	2436	3301	575	231210	0	237522
3367	1831	1211	641	235703	0	239386
3368	237952	610	569	6094	0	245225
3369	4596	247372	669	2787	0	255424
3370	2632	4220	401	263339	0	270592
3371	1416	1657	282991	5538	0	291602
3372	295340	708	5751	3799	0	305598
3373	7973	319173	2089	1929	0	331164
3374	333399	7571	1253	2309	0	344532
3375	345434	2246	815	1869	0	350364
3376	13165	1114	595	337075	0	351949
3377	4309	1109	339203	9587	0	354208
3378	4371	654	8827	347088	0	360940
3379	351967	724	2681	11824	0	367196
3380	11656	535	1390	352238	0	365819
3381	353139	483	1110	11792	0	366524
3382	10856	348607	1055	4461	0	364979
3383	365510	9212	873	3645	0	379240
3384	12901	2714	816	365327	0	381758
3385	6665	1510	868	390168	0	399211
3386	391818	1198	776	14119	0	407911
3387	393648	976	644	6191	0	401459
3388	397275	988	594	4338	0	403195
3389	396568	810	638	3613	0	401629
3390	395931	661	718	3323	0	400633
3391	16953	643	919	381009	0	399524
3392	6773	1136	372524	11305	0	391738
3393	4667	373291	9125	4868	0	391951
3394	368201	9096	3025	4270	0	384592
3395	12414	3102	359855	2664	0	378035
3396	354244	1875	9556	3055	0	368730
3397	12813	358615	3376	2294	0	377098
3398	369234	9260	2127	3064	0	383685
3399	14668	3280	1391	363825	0	383164
3400	8865	1949	1102	371905	0	383821
3401	5565	1811	369448	13033	0	389857
3402	7629	1146	9532	362286	0	380593
3403	5167	1454	376690	12312	0	395623
3404	5206	1436	374535	5948	0	387125
3405	372992	1134	12271	5724	0	392121
3406	393912	1214	4629	5300	0	405055
3407	15159	1809	380030	3874	0	400872
3408	375360	1418	10490	4897	0	392165
3409	389896	1346	4088	4492	0	399822
3410	16767	1710	374127	3283	0	395887
3411	8860	371320	10292	3590	0	394062
3412	10122	9662	3994	385668	0	409446
3413	399194	3050	2662	12259	0	417165
3414	409153	1985	2110	6558	0	419806
3415	410295	1515	2153	5150	0	419113
3416	411310	1343	2387	4898	0	419938
3417	410678	1453	2786	4187	0	419104
3418	17595	1759	392858	3009	0	415221
3419	10447	2152	401469	2849	0	416917
3420	10258	2682	11824	402015	0	426779
3421	412626	2372	5438	11905	0	432341
3422	418965	2127	3783	6653	0	431528
3423	419509	1920	3518	5835	0	430782
3424	409023	1803	3548	6519	0	420893
3425	17297	396507	3824	5509	0	423137
3426	10352	422494	3693	6085	0	442624
3427	426070	10041	3196	7334	0	446641
3428	432575	4024	3180	6651	0	446430
3429	18162	422205	3395	5266	0	449028
3430	433455	9591	3000	5942	0	451988
3431	18043	4450	421321	4563	0	448377
3432	12787	2783	10568	418131	0	444269
3433	10586	2718	419362	11814	0	444480
3434	11000	2720	414440	5748	0	433908
3435	11799	2159	12226	417689	0	443873
3436	12349	1849	5340	429670	0	449208
3437	11529	2153	431814	12932	0	458428
3438	11760	2106	10949	416623	0	441438
3439	10599	2483	5300	436960	0	455342
3440	435697	2367	4412	15297	0	457773
3441	437156	2610	4627	7696	0	452089
3442	19803	2736	4183	429789	0	456511
3443	12237	3142	427860	12003	0	455242
3444	10900	426986	11468	6195	0	455549
3445	422628	9606	5977	6598	0	444809
3446	17163	4129	432743	5291	0	459326
3447	11078	412323	12723	5375	0	441499
3448	9104	439156	6656	5949	0	460865
3449	444306	10263	5794	6641	0	467004
3450	451957	4249	5364	6224	0	467794
3451	18708	3090	5087	440793	0	467678
3452	11201	3301	459457	11812	0	485771
3453	11444	2625	12566	456326	0	482961
3454	11302	2607	6624	464079	0	484612
3455	11227	2374	5560	471179	0	490340
3456	466197	2297	5380	15498	0	489372
3457	17423	449048	5460	6960	0	478891
3458	10670	473264	5550	5670	0	495154
3459	9947	11499	4962	467514	0	493922
3460	9414	4837	4772	481390	0	500413
3461	472938	3304	4650	17081	0	497973
3462	467340	2911	4433	9345	0	484029
3463	472168	2452	3935	8025	0	486580
3464	19801	460004	4463	5765	0	490033
3465	464106	8500	4169	6347	0	483122
3466	18044	5965	4507	453768	0	482284
3467	11242	2918	447168	12327	0	473655
3468	10700	2664	416236	6654	0	436254
3469	411209	1901	11422	7220	0	431752
3470	12927	1949	407415	4255	0	426546
3471	7596	1935	376156	3016	0	388703
3472	335857	1127	5957	3446	0	346387
3473	6098	1017	343649	1457	0	352221
3474	2971	1041	331991	1104	0	337107
3475	3292	2754	3944	316124	0	326114
3476	1519	642	336198	2197	0	340556
3477	2123	487	2521	318998	0	324129
3478	2053	536	1252	318364	0	322205
3479	1229	620	332351	2600	0	336800
3480	965	333829	2446	1629	0	338869
3481	332100	1700	1292	3041	0	338133
3482	2563	1024	343010	807	0	347404
3483	1446	851	333193	777	0	336267
3484	287608	539	2882	2503	0	293532
3485	2343	602	318942	393	0	322280
3486	1049	305511	2161	524	0	309245
3487	1101	293886	1622	634	0	297243
3488	1068	1721	694	318525	0	322008
3489	1096	839	499	313611	0	316045
3490	323518	436	389	4325	0	328668
3491	318517	366	377	2935	0	322195
3492	320869	316	379	2274	0	323838
3493	3069	335	340	322004	0	325748
3494	324002	257	352	3829	0	328440
3495	317460	296	457	2998	0	321211
3496	2805	544	323566	724	0	327639
3497	1801	612	308313	597	0	311323
3498	1012	323062	2543	605	0	327222
3499	1090	1668	1143	327384	0	331285
3500	327253	719	737	3519	0	332228
3501	1969	321695	877	1045	0	325586
3502	1342	1833	542	328674	0	332391
3503	321042	741	495	3900	0	326178
3504	313041	475	464	3018	0	316998
3505	2516	317793	660	924	0	321893
3506	315952	1740	397	2629	0	320718
3507	314491	778	432	2229	0	317930
3508	3363	551	422	314832	0	319168
3509	1483	755	318345	1943	0	322526
3510	1078	308182	2121	1119	0	312500
3511	709	312711	1152	809	0	315381
3512	296695	2148	766	2075	0	301684
3513	2649	1078	500	292505	0	296732
3514	1017	909	291999	1740	0	295665
3515	663	290313	2040	855	0	293871
3516	291077	1709	710	2585	0	296081
3517	291195	690	503	2543	0	294931
3518	2562	823	293719	458	0	297562
3519	2077	440	1875	284784	0	289176
3520	1374	364	762	301329	0	303829
3521	774	640	327494	2676	0	331584
3522	328352	357	3203	3273	0	335185
3523	413789	357	1389	2557	0	418092
3524	11122	498	955	483542	0	496117
3525	3638	500706	1450	12192	0	517986
3526	5526	12596	636	529973	0	548731
3527	2128	6320	528897	16074	0	553419
3528	520767	3216	13866	10161	0	548010
3529	18090	2654	6353	542696	0	569793
3530	7704	2951	538718	17765	0	567138
3531	522755	1773	16411	11868	0	552807
3532	19984	1567	8807	533995	0	564353
3533	12852	1117	5412	541383	0	560764
3534	531721	678	4489	25759	0	562647
3535	18388	531179	4595	12463	0	566625
3536	535619	14202	2929	10433	0	563183
3537	23552	6747	2321	528284	0	560904
3538	533101	4169	1743	21889	0	560902
3539	22665	4091	519628	11297	0	557681
3540	12604	521830	15541	8076	0	558051
3541	12586	15946	7354	533009	0	568895
3542	538095	8054	4887	22092	0	573128
3543	20749	535351	5160	11213	0	572473
3544	15659	17692	4508	539842	0	577701
3545	545504	9324	3566	23111	0	581505
3546	539103	5794	3490	14941	0	563328
3547	30519	5089	2692	521680	0	559980
3548	15900	5575	514434	22781	0	558690
3549	11692	4610	518840	14543	0	549685
3550	514021	3749	22121	12724	0	552615
3551	23953	509049	11845	9581	0	554428
3552	14109	515351	8580	8441	0	546481
3553	498945	21648	7664	9270	0	537527
3554	22541	513397	7110	7168	0	550216
3555	18190	21624	5644	503306	0	548764
3556	14847	13288	4436	523004	0	555575
3557	515415	10276	3622	28317	0	557630
3558	513845	8434	3156	17221	0	542656
3559	519763	7567	2549	13686	0	543565
3560	32145	6592	488721	11166	0	538624
3561	23554	4918	16850	494652	0	539974
3562	16949	4441	496034	23088	0	540512
3563	15116	4090	493017	14496	0	526719
3564	13730	4170	510578	10850	0	539328
3565	13523	4593	29412	493235	0	540763
3566	10100	5384	508531	23770	0	547785
3567	9508	5726	518354	14166	0	547754
3568	10405	5315	31485	503587	0	550792
3569	506506	4281	19112	26977	0	556876
3570	24163	4492	512143	16245	0	557043
3571	17082	4110	26669	499350	0	547211
3572	14726	3741	16325	520532	0	555324
3573	11925	4321	512612	31362	0	560220
3574	13854	4307	24169	510588	0	552918
3575	11209	4781	514058	29738	0	559786
3576	12755	5035	25357	502346	0	545493
3577	11851	4933	15633	513759	0	546176
3578	11039	4061	12533	519684	0	547317
3579	9840	3958	11306	520304	0	545408
3580	484965	3265	11630	39605	0	539465
3581	492962	3431	10256	26279	0	532928
3582	29546	4072	477146	19374	0	530138
3583	18095	463667	23340	17722	0	522824
3584	14626	17744	484836	15116	0	532322
3585	13178	9493	487433	13369	0	523473
3586	468917	5782	31743	13777	0	520219
3587	25079	475537	21268	11922	0	533806
3588	482051	19214	16878	12284	0	530427
3589	25904	485386	16571	10826	0	538687
3590	488738	21991	15063	11338	0	537130
3591	503092	11984	13073	11370	0	539519
3592	34084	9241	11446	477141	0	531912
3593	20395	482143	10033	25994	0	538565
3594	17328	22244	8499	490947	0	539018
3595	15563	12111	8474	505376	0	541524
3596	13003	8593	482991	35453	0	540040
3597	11240	483664	23802	23791	0	542497
3598	11604	21031	14942	495505	0	543082
3599	469296	10882	12276	33979	0	526433
3600	500270	7781	11328	22680	0	542059
3601	507732	6563	11084	18283	0	543662
3602	32767	489013	10630	15815	0	548225
3603	507170	21665	9683	15280	0	553798
3604	32529	521890	9668	12491	0	576578
3605	23778	25047	8943	536370	0	594138
3606	17721	14203	531634	27683	0	591241
3607	16667	10342	25861	527103	0	579973
3608	13423	528740	15766	30128	0	588057
3609	12727	25475	11940	536567	0	586709
3610	12049	14050	9964	545225	0	581288
3611	9863	534991	9875	37809	0	592538
3612	538678	26814	8436	24355	0	598283
3613	29662	15421	7569	541252	0	593904
3614	16554	11597	523997	34533	0	586681
3615	15234	9700	24386	536557	0	585877
3616	14908	8889	13216	556257	0	593270
3617	11804	8569	532921	40934	0	594228
3618	13469	8366	26094	516128	0	564057
3619	10473	525731	15159	36861	0	588224
3620	12096	24689	527448	24285	0	588518
3621	14338	13186	511916	17919	0	557359
3622	8535	478286	31165	14814	0	532800
3623	6188	414651	14282	11144	0	446265
3624	4014	342172	6852	5272	0	358310
3625	300818	13777	10846	5291	0	330732
3626	285627	4445	3400	4177	0	297649
3627	284848	2543	2018	3458	0	292867
3628	12535	2002	1940	277637	0	294114
3629	4383	2219	272920	10216	0	289738
3630	4071	2035	9002	271384	0	286492
3631	3504	1888	3697	279085	0	288174
3632	271512	1909	2565	12870	0	288856
3633	273804	2004	2255	6196	0	284259
3634	10733	272445	2377	3971	0	289526
3635	272688	8886	1950	4313	0	287837
3636	278431	3823	1925	3782	0	287961
3637	284316	2736	1581	4050	0	292683
3638	12412	2318	272534	3045	0	290309
3639	5391	1987	273212	2743	0	283333
3640	5075	2710	10178	265176	0	283139
3641	2866	1988	268387	9692	0	282933
3642	254709	1815	9234	4796	0	270554
3643	264009	1507	3676	3777	0	272969
3644	10798	1631	253302	2346	0	268077
3645	246260	1183	7864	2829	0	258136
3646	9672	248749	3327	1944	0	263692
3647	252216	7794	2045	2457	0	264512
3648	10455	2984	1650	246842	0	261931
3649	5688	1955	1402	241920	0	250965
3650	3673	246809	1535	8994	0	261011
3651	246207	7852	1525	4418	0	260002
3652	248781	3103	1582	3348	0	256814
3653	10099	245104	1773	2240	0	259216
3654	5623	7876	1494	238674	0	253667
3655	4465	3300	1397	240964	0	250126
3656	3156	239318	1589	9767	0	253830
3657	3845	8214	1555	238585	0	252199
3658	3688	3658	1475	246405	0	255226
3659	238982	2477	1335	11137	0	253931
3660	241773	1940	1286	5669	0	250668
3661	10853	1948	234842	3623	0	251266
3662	232758	1766	7535	3954	0	246013
3663	9663	2065	233960	2922	0	248610
3664	5390	2351	8009	228920	0	244670
3665	3614	1834	229201	8855	0	243504
3666	3091	225115	8166	4317	0	240689
3667	3990	7686	3450	218416	0	233542
3668	3312	3034	2012	224715	0	233073
3669	218434	2046	1514	9828	0	231822
3670	8742	1738	1396	216749	0	228625
3671	3989	1755	211270	8910	0	225924
3672	212251	1507	6947	4871	0	225576
3673	219790	1606	2924	3641	0	227961
3674	222122	1643	2163	3141	0	229069
3675	222410	1500	1819	2933	0	228662
3676	11209	1357	1695	225602	0	239863
3677	5756	1350	1531	235966	0	244603
3678	4287	1362	1595	247958	0	255202
3679	3900	1341	1549	252770	0	259560
3680	243432	1342	1553	12840	0	259167
3681	248706	1155	1456	6111	0	257428
3682	12553	975	1451	231318	0	246297
3683	5439	235436	1708	9804	0	252387
3684	238326	7829	1823	5107	0	253085
3685	10669	3236	234481	3576	0	251962
3686	5217	236365	8314	3017	0	252913
3687	228075	7912	3072	3323	0	242382
3688	9671	229384	2037	2564	0	243656
3689	4641	8138	225784	2394	0	240957
3690	226038	3164	7921	2891	0	240014
3691	231489	1983	2996	2717	0	239185
3692	11711	1748	223370	2204	0	239033
3693	6611	1299	7888	226317	0	242115
3694	5297	1137	3066	229053	0	238553
3695	3827	227996	2164	10421	0	244408
3696	4219	7820	1718	230463	0	244220
3697	224173	2874	1558	10429	0	239034
3698	9550	225157	1639	4691	0	241037
3699	5345	7487	1405	217317	0	231554
3700	4557	3164	1105	221935	0	230761
3701	3198	2103	211726	9989	0	227016
3702	2943	211819	7142	4391	0	226295
3703	196260	7396	2807	3611	0	210074
3704	6840	169588	1435	1992	0	179855
3705	2822	164613	1109	1527	0	170071
3706	160962	5911	2205	2005	0	171083
3707	6303	2187	958	156537	0	165985
3708	2973	1466	840	160431	0	165710
3709	157800	1103	698	6961	0	166562
3710	6426	970	548	158984	0	166928
3711	3444	970	560	162745	0	167719
3712	163092	961	500	7491	0	172044
3713	6572	863	514	160625	0	168574
3714	2690	160263	716	6437	0	170106
3715	161701	5072	526	3321	0	170620
3716	6100	2133	155203	2140	0	165576
3717	2755	150695	4691	1958	0	160099
3718	2352	5763	1587	146166	0	155868
3719	1535	1823	144154	5165	0	152677
3720	1460	1262	143769	2383	0	148874
3721	2166	5418	4993	131908	0	144485
3722	131488	719	2135	4941	0	139283
3723	4316	495	915	130417	0	136143
3724	2128	571	677	132482	0	135858
3725	1643	627	512	134009	0	136791
3726	1506	570	558	134040	0	136674
3727	1292	716	540	134972	0	137520
3728	977	829	127846	5489	0	135141
3729	1026	712	126832	2544	0	131114
3730	1218	636	4366	127594	0	133814
3731	887	684	128213	4530	0	134314
3732	921	127555	4093	2343	0	134912
3733	1212	3571	1788	129159	0	135730
3734	835	1397	126503	4534	0	133269
3735	115519	873	3883	2812	0	123087
3736	3786	122332	1582	1893	0	129593
3737	1409	118976	943	1696	0	123024
3738	1038	122623	754	1543	0	125958
3739	1322	4394	732	119848	0	126296
3740	118883	1636	705	4552	0	125776
3741	3748	1036	620	119359	0	124763
3742	116396	716	837	4665	0	122614
3743	3674	114191	711	2146	0	120722
3744	117043	3512	560	1934	0	123049
3745	4145	1681	576	117120	0	123522
3746	1961	1295	419	117916	0	121591
3747	1264	115880	623	4544	0	122311
3748	1277	3516	563	117948	0	123304
3749	1268	1458	479	119940	0	123145
3750	1150	1173	483	120429	0	123235
3751	115567	961	519	5447	0	122494
3752	114068	772	478	3230	0	118548
3753	4326	792	113979	2089	0	121186
3754	113905	690	3186	2098	0	119879
3755	4160	825	115919	1688	0	122592
3756	2173	784	3486	115442	0	121885
3757	1645	820	1430	118455	0	122350
3758	1267	754	984	120670	0	123675
3759	923	724	115665	5380	0	122692
3760	1008	799	3575	117372	0	122754
3761	773	837	118724	4797	0	125131
3762	1003	646	3740	119704	0	125093
3763	118684	607	1543	5242	0	126076
3764	3673	700	119273	2677	0	126323
3765	118703	607	3487	2315	0	125112
3766	4117	552	1502	121749	0	127920
3767	121167	639	1057	4931	0	127794
3768	3879	120375	959	2642	0	127855
3769	1872	3122	861	123780	0	129635
3770	1205	1233	125966	4685	0	133089
3771	1410	1164	3465	125068	0	131107
3772	1189	2343	1532	122573	0	127637
3773	853	121947	1142	5006	0	128948
3774	1109	3190	120922	2572	0	127793
3775	805	121344	3408	2013	0	127570
3776	108059	2927	1524	1863	0	114373
3777	2400	110368	886	1136	0	114790
3778	100503	2146	1480	1023	0	105152
3779	100691	750	858	1044	0	103343
3780	101083	438	363	922	0	102806
3781	3049	352	307	101101	0	104809
3782	1176	367	101131	2440	0	105114
3783	874	354	2093	98273	0	101594
3784	507	101298	885	2406	0	105096
3785	645	1999	497	102409	0	105550
3786	100161	739	429	2872	0	104201
3787	2047	100945	448	1215	0	104655
3788	999	2055	371	98149	0	101574
3789	772	863	367	99043	0	101045
3790	97551	491	288	3109	0	101439
3791	2195	486	96678	1347	0	100706
3792	1023	94493	2033	936	0	98485
3793	818	1691	677	91348	0	94534
3794	489	572	90337	1737	0	93135
3795	530	568	1581	86555	0	89234
3796	284	88488	659	1773	0	91204
3797	523	1562	412	91880	0	94377
3798	442	544	292	90643	0	91921
3799	416	328	234	90299	0	91277
3800	256	304	88740	2195	0	91495
3801	85471	233	1494	1171	0	88369
3802	1643	240	529	93796	0	96208
3803	100686	186	339	2303	0	103514
3804	103710	209	315	1142	0	105376
3805	105473	207	249	841	0	106770
3806	104582	250	209	829	0	105870
3807	106472	177	191	731	0	107571
3808	3076	211	193	104227	0	107707
3809	1180	102702	232	2156	0	106270
3810	1051	1802	169	101493	0	104515
3811	503	101745	236	2138	0	104622
3812	644	1748	121	97550	0	100063
3813	96842	523	114	2025	0	99504
3814	1838	374	112	96208	0	98532
3815	711	254	95204	1774	0	97943
3816	90371	158	1346	1060	0	92935
3817	1659	95667	486	539	0	98351
3818	96746	1380	382	695	0	99203
3819	96712	494	225	555	0	97986
3820	94274	290	118	598	0	95280
3821	2018	97016	145	303	0	99482
3822	1120	1313	119	96902	0	99454
3823	780	535	74	97908	0	99297
3824	412	378	97150	1821	0	99761
3825	753	253	1273	92814	0	95093
3826	683	190	422	93722	0	95017
3827	636	150	254	96453	0	97493
3828	335	97194	211	1974	0	99714
3829	97604	1385	167	1129	0	100285
3830	95434	506	140	859	0	96939
3831	1904	465	98112	430	0	100911
3832	912	97612	1335	440	0	100299
3833	934	1392	425	99662	0	102413
3834	801	526	257	100970	0	102554
3835	783	405	162	100885	0	102235
3836	778	263	158	101796	0	102995
3837	717	193	145	103700	0	104755
3838	445	293	101069	2303	0	104110
3839	433	390	94962	1216	0	97001
3840	101717	260	1749	1172	0	104898
3841	107979	282	646	929	0	109836
3842	109081	308	388	781	0	110558
3843	2725	226	272	109201	0	112424
3844	1158	234	107626	2010	0	111028
3845	106288	206	1781	1213	0	109488
3846	110325	280	637	1040	0	112282
3847	2437	316	106741	664	0	110158
3848	106088	221	1727	843	0	108879
3849	2469	270	116081	587	0	119407
3850	1403	243	1917	116834	0	120397
3851	800	284	118539	2165	0	121788
3852	114530	228	2189	1240	0	118187
3853	119459	211	868	1030	0	121568
3854	120251	198	565	925	0	121939
3855	120355	145	402	1078	0	121980
3856	2912	252	123849	617	0	127630
3857	1264	124413	1931	690	0	128298
3858	127305	1774	727	867	0	130673
3859	127984	572	501	783	0	129840
3860	2945	443	127820	426	0	131634
3861	1686	308	2070	124304	0	128368
3862	1318	277	762	129061	0	131418
3863	789	261	126629	2576	0	130255
3864	118159	196	2103	1580	0	122038
3865	127141	188	770	1205	0	129304
3866	2715	127745	644	818	0	131922
3867	132877	1848	456	1071	0	136252
3868	132978	566	504	931	0	134979
3869	134053	385	548	754	0	135740
3870	130816	296	538	701	0	132351
3871	3393	349	126721	487	0	130950
3872	124693	227	2017	687	0	127624
3873	3248	793	840	125733	0	130614
3874	1476	128441	662	2086	0	132665
3875	1273	1839	125589	917	0	129618
3876	1066	128071	2121	736	0	131994
3877	1376	2408	1009	123292	0	128085
3878	855	587	125313	1604	0	128359
3879	115557	365	1711	922	0	118555
3880	1973	321	124232	489	0	127015
3881	122221	193	1697	626	0	124737
3882	2222	137	640	123681	0	126680
3883	1328	134	471	123606	0	125539
3884	965	121319	478	1758	0	124520
3885	842	126079	466	714	0	128101
3886	954	1646	375	129635	0	132610
3887	128470	612	333	1981	0	131396
3888	128086	409	375	886	0	129756
3889	128032	261	357	761	0	129411
3890	2364	320	128204	393	0	131281
3891	124622	201	1579	793	0	127195
3892	2111	209	131459	475	0	134254
3893	1126	287	124148	374	0	125935
3894	126597	307	2125	579	0	129608
3895	131358	214	833	626	0	133031
3896	2171	339	131057	303	0	133870
3897	1361	258	1569	128848	0	132036
3898	1048	293	628	135015	0	136984
3899	135096	197	481	2020	0	137794
3900	131560	149	430	1067	0	133206
3901	2277	225	140850	538	0	143890
3902	1111	136044	1500	460	0	139115
3903	686	133473	568	350	0	135077
3904	132952	1033	672	622	0	135279
3905	1654	318	401	132337	0	134710
3906	843	217	301	134018	0	135379
3907	718	162	273	136043	0	137196
3908	133417	151	272	1358	0	135198
3909	1545	163	255	135896	0	137859
3910	136534	95	319	1456	0	138404
3911	138649	109	316	740	0	139814
3912	1684	147716	391	364	0	150155
3913	1132	1122	297	159565	0	162116
3914	773	466	160209	1601	0	163049
3915	155886	332	1774	1160	0	159152
3916	162017	258	750	895	0	163920
3917	162539	211	570	916	0	164236
3918	2855	233	166667	467	0	170222
3919	1723	144	1948	166700	0	170515
3920	170775	136	826	2460	0	174197
3921	165068	145	602	1232	0	167047
3922	165197	200	412	963	0	166772
3923	2980	162409	502	550	0	166441
3924	1569	170577	443	544	0	173133
3925	1467	2154	276	174754	0	178651
3926	1290	902	288	173825	0	176305
3927	899	173169	380	2426	0	176874
3928	173477	1933	324	1502	0	177236
3929	2468	955	177131	753	0	181307
3930	1596	527	1881	177448	0	181452
3931	1351	430	713	177622	0	180116
3932	882	550	175730	2506	0	179668
3933	165291	420	2086	1721	0	169518
3934	179275	327	873	1241	0	181716
3935	2970	175505	691	734	0	179900
3936	177296	1794	469	1065	0	180624
3937	2845	924	181903	554	0	186226
3938	182479	495	2089	1299	0	186362
3939	2939	504	188651	498	0	192592
3940	184116	612	2558	1112	0	188398
3941	190327	312	1065	1004	0	192708
3942	190562	243	779	904	0	192488
3943	188324	215	585	998	0	190122
3944	3131	186198	645	475	0	190449
3945	192945	1591	447	1009	0	195992
3946	197105	673	415	996	0	199189
3947	3338	596	195973	377	0	200284
3948	196633	376	1786	853	0	199648
3949	3062	451	744	196794	0	201051
3950	1723	479	194559	1862	0	198623
3951	195084	332	1980	1181	0	198577
3952	2995	363	845	200370	0	204573
3953	204391	316	682	2629	0	208018
3954	216529	317	494	2252	0	219592
3955	3205	444	221970	768	0	226387
3956	218864	247	1981	1449	0	222541
3957	226356	259	923	1183	0	228721
3958	226436	280	656	1033	0	228405
3959	229972	232	562	965	0	231731
3960	3838	233	569	223836	0	228476
3961	2063	224316	689	2012	0	229080
3962	224054	1855	568	1843	0	228320
3963	230388	732	470	1174	0	232764
3964	231350	455	402	1110	0	233317
3965	3908	544	227368	422	0	232242
3966	2156	226686	2149	520	0	231511
3967	2163	1907	936	228797	0	233803
3968	1996	775	767	231171	0	234709
3969	1738	623	235444	2520	0	240325
3970	2101	404	2570	233053	0	238128
3971	1553	518	238010	2980	0	243061
3972	1778	330	2992	235967	0	241067
3973	1796	346	1323	240437	0	243902
3974	1354	526	242369	3784	0	248033
3975	231612	417	2971	2677	0	237677
3976	245710	329	1409	2209	0	249657
3977	4266	551	250269	1045	0	256131
3978	244069	384	2960	1814	0	249227
3979	252349	280	1502	1782	0	255913
3980	4526	453	258548	828	0	264355
3981	3203	368	3029	254132	0	260732
3982	2499	302	1533	259566	0	263900
3983	262213	197	1208	4383	0	268001
3984	3860	265428	1047	1996	0	272331
3985	252038	2694	1011	2792	0	258535
3986	265073	979	802	1955	0	268809
3987	4626	270775	839	993	0	277233
3988	275618	2736	757	1793	0	280904
3989	275370	1277	950	1603	0	279200
3990	4970	271707	769	761	0	278207
3991	3303	2874	714	274279	0	281170
3992	2362	276466	792	2867	0	282487
3993	2431	3253	711	279741	0	286136
3994	1980	1621	277814	3460	0	284875
3995	1818	1224	271289	1802	0	276133
3996	267738	709	3895	2352	0	274694
3997	278534	672	1837	2083	0	283126
3998	4961	829	280068	913	0	286771
3999	276231	514	3515	1847	0	282107
4000	286416	420	1752	1747	0	290335
4001	279625	444	1312	1736	0	283117
4002	5602	283216	1229	862	0	290909
4003	3583	2837	897	290629	0	297946
4004	290346	1231	896	4275	0	296748
4005	286694	792	827	2838	0	291151
4006	5418	900	291348	1255	0	298921
4007	3868	619	3177	287018	0	294682
4008	2903	643	1655	292878	0	298079
4009	2187	288917	1399	3968	0	296471
4010	2124	302734	1037	2110	0	308005
4011	2474	5278	792	293848	0	302392
4012	1775	295814	919	3441	0	301949
4013	287158	2832	641	2252	0	292883
4014	3530	298938	728	996	0	304192
4015	303537	3405	524	2046	0	309512
4016	4521	1632	304896	608	0	311657
4017	311040	984	3964	1887	0	317875
4018	328294	498	1445	1753	0	331990
4019	329035	441	910	1532	0	331918
4020	325782	399	706	1811	0	328698
4021	6898	320974	857	799	0	329528
4022	4114	4166	517	327747	0	336544
4023	3115	1844	462	328980	0	334401
4024	1755	1384	324548	5885	0	333572
4025	2506	908	4204	316993	0	324611
4026	2093	762	1713	327610	0	332178
4027	329454	623	1014	7473	0	338564
4028	5224	331271	1011	3008	0	340514
4029	3745	4621	733	335416	0	344515
4030	3080	1898	776	341535	0	347289
4031	2717	1258	675	345166	0	349816
4032	342625	959	694	8469	0	352747
4033	6444	867	661	344954	0	352926
4034	347050	685	659	7915	0	356309
4035	6941	850	872	347970	0	356633
4036	4204	687	727	353157	0	358775
4037	2681	757	335304	7656	0	346398
4038	308661	891	5071	5179	0	319802
4039	6307	333574	2352	2565	0	344798
4040	346739	4758	1211	3505	0	356213
4041	7562	2035	943	343230	0	353770
4042	4528	1408	667	348843	0	355446
4043	350512	1000	620	8812	0	360944
4044	352612	815	613	5121	0	359161
4045	9373	911	508	366964	0	377756
4046	4260	1095	368622	7325	0	381302
4047	3126	988	360668	3916	0	368698
4048	2378	384583	7224	2795	0	396980
4049	390347	6606	3451	3845	0	404249
4050	393225	2501	1678	3295	0	400699
4051	10491	1658	1074	393654	0	406877
4052	4389	400891	1012	7733	0	414025
4053	4333	7301	601	401597	0	413832
4054	3836	2757	714	387701	0	395008
4055	2312	372835	1022	9845	0	386014
4056	373790	7106	960	5758	0	387614
4057	9293	3105	995	375088	0	388481
4058	4212	381708	1344	8311	0	395575
4059	3126	401592	1185	3934	0	409837
4060	398065	8625	1232	4228	0	412150
4061	9086	3941	393205	2321	0	408553
4062	395993	2610	7148	3196	0	408947
4063	10901	2272	2493	400559	0	416225
4064	5981	1866	1581	401094	0	410522
4065	3710	402277	1395	10067	0	417449
4066	4483	8521	1033	405007	0	419044
4067	3372	3536	405631	9863	0	422402
4068	2940	394162	7208	5342	0	409652
4069	2535	406938	2645	3680	0	415798
4070	398950	8705	1810	4512	0	413977
4071	8087	404280	1556	2922	0	416845
4072	4703	8472	1139	403265	0	417579
4073	3166	405137	1247	8455	0	418005
4074	3934	8215	953	409020	0	422122
4075	3867	3652	963	412462	0	420944
4076	2538	3183	399236	11436	0	416393
4077	3453	2369	6978	392555	0	405355
4078	3267	2190	2756	404819	0	413032
4079	394822	2311	1987	12880	0	412000
4080	9016	2575	392215	5920	0	409726
4081	5740	2262	7198	399800	0	415000
4082	3795	2633	398163	10389	0	414980
4083	386940	2435	8024	7041	0	404440
4084	9293	403239	3496	5376	0	421404
4085	423792	8624	2355	6271	0	441042
4086	11469	3894	1890	433121	0	450374
4087	6314	3189	1590	435865	0	446958
4088	4132	3077	427256	13697	0	448162
4089	391556	2574	8529	9458	0	412117
4090	10280	433052	3528	6221	0	453081
4091	427848	9642	2521	6377	0	446388
4092	12379	4331	2140	433207	0	452057
4093	5933	437928	2374	11434	0	457669
4094	437621	9957	2049	7787	0	457414
4095	11315	446933	2044	5397	0	465689
4096	6670	10647	1746	447139	0	466202
4097	5753	4797	1620	451977	0	464147
4098	5079	3865	1879	447646	0	458469
4099	3685	436961	2185	14954	0	457785
4100	4550	10147	1813	444400	0	460910
4101	4720	5038	1729	451412	0	462899
4102	433926	4102	1706	16699	0	456433
4103	437371	3853	1555	9216	0	451995
4104	438538	3753	1488	7472	0	451251
4105	14452	3935	429817	5896	0	454100
4106	430447	3760	8735	6772	0	449714
4107	442731	3488	3584	6473	0	456276
4108	435652	3512	2631	7026	0	448821
4109	14284	3999	418024	5484	0	441791
4110	417989	3143	8528	6279	0	435939
4111	14037	3025	3490	429371	0	449923
4112	6963	3094	422178	12395	0	444630
4113	5338	418417	9594	6962	0	440311
4114	6154	13197	3766	398723	0	421840
4115	4223	395205	3264	10522	0	413214
4116	4235	404229	2723	5775	0	416962
4117	382461	9083	3408	5356	0	400308
4118	9818	3688	1903	381107	0	396516
4119	383454	2851	1692	10007	0	398004
4120	10196	2547	1404	383059	0	397206
4121	382492	2360	1545	10288	0	396685
4122	10110	2247	1524	382222	0	396103
4123	380820	2389	1461	10738	0	395408
4124	9680	2619	364743	4704	0	381746
4125	5670	2885	6800	368921	0	384276
4126	4353	2985	369361	8864	0	385563
4127	4442	2822	346214	5022	0	358500
4128	3364	2729	363396	4290	0	373779
4129	4357	3271	8282	356606	0	372516
4130	3036	2300	358495	9089	0	372920
4131	351612	1850	7334	5959	0	366755
4132	8483	1883	2794	359730	0	372890
4133	3979	1842	372782	9421	0	388024
4134	4533	1508	6959	369771	0	382771
4135	4183	1447	2827	375698	0	384155
4136	3431	1700	385027	9758	0	399916
4137	4535	1454	7393	378645	0	392027
4138	4314	1348	3412	376291	0	385365
4139	3651	381850	2973	8991	0	397465
4140	380892	5836	2739	6444	0	395911
4141	382469	2167	2481	5747	0	392864
4142	9241	2090	371342	3927	0	386600
4143	359246	1431	6870	5086	0	372633
4144	8861	1491	357560	3424	0	371336
4145	4340	1403	335170	2935	0	343848
4146	3396	1400	337811	2784	0	345391
4147	4358	5896	7470	321042	0	338766
4148	2333	1187	326306	5716	0	335542
4149	2328	1372	5065	314891	0	323656
4150	2432	746	2357	316742	0	322277
4151	2410	691	1790	315567	0	320458
4152	2436	762	1681	314070	0	318949
4153	308519	798	1398	7804	0	318519
4154	308113	702	1434	5006	0	315255
4155	5459	313502	1740	3044	0	323745
4156	3211	3711	1477	319653	0	328052
4157	2536	1670	323577	5109	0	332892
4158	1972	325911	5267	3061	0	336211
4159	2694	5603	2448	336715	0	347460
4160	1788	1840	342799	6619	0	353046
4161	2519	1389	6103	331232	0	341243
4162	1378	1199	338296	6953	0	347826
4163	1616	1249	330961	3371	0	337197
4164	2226	903	7011	337326	0	347466
4165	2195	889	3059	340753	0	346896
4166	338680	561	2385	9246	0	350872
4167	6341	515	2077	337941	0	346874
4168	332454	636	1776	8986	0	343852
4169	5934	327205	2044	3968	0	339151
4170	2716	337808	1958	3123	0	345605
4171	2821	5707	1455	340600	0	350583
4172	337836	2085	1450	8227	0	349598
4173	5988	340059	1840	3501	0	351388
4174	3632	5494	1636	348834	0	359596
4175	353153	1834	1618	8801	0	365406
4176	355569	1441	1636	4728	0	363374
4177	350849	1228	1777	4534	0	358388
4178	351815	919	1592	4414	0	358740
4179	361003	890	1426	4044	0	367363
4180	8507	1218	345714	2361	0	357800
4181	4128	1135	340423	2339	0	348025
4182	3067	343829	6405	2035	0	355336
4183	3829	6797	3208	341522	0	355356
4184	2267	2079	350511	5508	0	360365
4185	1981	1588	336395	2298	0	342262
4186	3026	2195	5957	330449	0	341627
4187	1372	1123	355934	5391	0	363820
4188	1295	1100	350197	2214	0	354806
4189	1162	448752	6738	1832	0	458484
4190	447617	8470	2573	3428	0	462088
4191	8445	495620	2270	1424	0	507759
4192	4895	10598	1515	511150	0	528158
4193	519542	2372	1478	12750	0	536142
4194	11102	529461	2312	3014	0	545889
4195	5809	11328	1678	520640	0	539455
4196	2210	3400	528054	11471	0	545135
4197	524630	1977	11429	5102	0	543138
4198	540474	1613	3070	4480	0	549637
4199	552907	1101	2209	3748	0	559965
4200	17237	1139	1694	544447	0	564517
4201	5033	1915	547338	12462	0	566748
4202	3186	545389	12827	3798	0	565200
4203	5761	12288	3050	551724	0	572823
4204	555774	3278	2138	14837	0	576027
4205	14239	3123	547276	3778	0	568416
4206	4416	535404	13067	3710	0	556597
4207	3761	12379	550714	2552	0	569406
4208	537002	3643	13710	4380	0	558735
4209	565068	2446	4289	4210	0	576013
4210	567946	1819	3128	3866	0	576759
4211	18077	1940	545543	1811	0	567371
4212	6842	540001	13551	2123	0	562517
4213	7784	12263	4249	537906	0	562202
4214	6416	3451	3470	553697	0	567034
4215	6116	2651	3198	556897	0	568862
4216	3302	2918	545255	16632	0	568107
4217	527938	1813	14094	8099	0	551944
4218	15273	2209	547608	4402	0	569492
4219	547162	2191	15594	5299	0	570246
4220	564239	2340	5390	5123	0	577092
4221	568741	1981	4081	4842	0	579645
4222	565856	2190	3291	4662	0	575999
4223	20123	3093	550372	2663	0	576251
4224	11592	2468	14155	548577	0	576792
4225	6801	3794	549179	14253	0	574027
4226	6034	527112	15239	5956	0	554341
4227	5581	562063	5548	5335	0	578527
4228	551324	16296	4197	7012	0	578829
4229	547279	6267	4178	6815	0	564539
4230	18593	559921	4950	4739	0	588203
4231	566959	15570	4046	5765	0	592340
4232	20732	6560	520079	4628	0	551999
4233	541955	4440	13283	5616	0	565294
4234	21102	558415	6181	4106	0	589804
4235	572759	15978	4622	5271	0	598630
4236	570792	5883	4697	4987	0	586359
4237	25557	4703	4833	550952	0	586045
4238	13213	4491	4627	564462	0	586793
4239	558016	4355	5565	20559	0	588495
4240	22870	5360	4562	557153	0	589945
4241	559622	4601	5107	20265	0	589595
4242	25435	4100	4449	559200	0	593184
4243	556329	3761	5199	19851	0	585140
4244	558806	4022	4806	9075	0	576709
4245	24720	529139	6224	6123	0	566206
4246	13278	559157	5701	5480	0	583616
4247	544165	18410	5026	6890	0	574491
4248	22030	551327	5288	5600	0	584245
4249	13546	18643	5283	541058	0	578530
4250	12246	7595	5160	556665	0	581666
4251	536446	6141	4938	23459	0	570984
4252	21126	534687	5844	10901	0	572558
4253	12729	524497	5726	8967	0	551919
4254	12077	541319	6172	7693	0	567261
4255	13421	20095	525852	6726	0	566094
4256	12931	8634	523018	6470	0	551053
4257	13568	7386	526384	5953	0	553291
4258	14124	12412	19432	454087	0	500055
4259	10979	498065	8614	14808	0	532466
4260	501046	16790	5724	8937	0	532497
4261	21716	7402	491549	7190	0	527857
4262	12257	6463	487646	7080	0	513446
4263	11098	6097	500683	6374	0	524252
4264	12500	5561	19491	488406	0	525958
4265	12734	5349	8924	498231	0	525238
4266	13153	5992	6647	504573	0	530365
4267	500218	5725	5637	18905	0	530485
4268	499322	6243	5845	8653	0	520063
4269	504935	5201	6363	7366	0	523865
4270	24647	5354	6967	487604	0	524572
4271	12753	5485	479739	16374	0	514351
4272	11321	6470	488537	7644	0	513972
4273	13081	4884	17129	484340	0	519434
4274	12876	4822	7731	486685	0	512114
4275	478171	4720	6623	19208	0	508722
4276	21089	469748	6099	9891	0	506827
4277	474840	13939	5086	9110	0	502975
4278	21545	465413	4685	9030	0	500673
4279	14101	14690	4167	469109	0	502067
4280	11282	6237	465885	18343	0	501747
4281	12705	6345	14311	464106	0	497467
4282	472396	4946	5639	19495	0	502476
4283	21475	4604	462367	9680	0	498126
4284	450875	4625	14792	8676	0	478968
4285	22531	4308	447791	6413	0	481043
4286	13156	5004	438650	5977	0	462787
4287	411524	4116	15763	7462	0	438865
4288	19823	4229	415959	6236	0	446247
4289	7400	2519	314660	3409	0	327988
4290	8141	306578	13035	3469	0	331223
4291	256736	8996	11371	4434	0	281537
4292	242982	2257	3154	2291	0	250684
4293	240993	1185	1237	2086	0	245501
4294	5652	1164	230861	1227	0	238904
4295	222202	871	4045	1968	0	229086
4296	4788	230845	1729	1223	0	238585
4297	227194	3753	1108	1812	0	233867
4298	4896	1516	227136	996	0	234544
4299	2879	3015	3825	215294	0	225013
4300	1503	792	216129	3075	0	221499
4301	1097	212936	3573	1448	0	219054
4302	1900	2374	1890	205730	0	211894
4303	1428	933	998	209734	0	213093
4304	212112	523	782	3708	0	217125
4305	210332	453	654	2028	0	213467
4306	210587	391	564	1604	0	213146
4307	209846	366	597	1413	0	212222
4308	207128	334	625	1316	0	209403
4309	3827	458	206635	631	0	211551
4310	2217	380	2600	204071	0	209268
4311	1289	563	214203	2487	0	218542
4312	1401	439	2836	213231	0	217907
4313	216109	352	1278	3693	0	221432
4314	219473	342	898	2063	0	222776
4315	220028	430	754	1564	0	222776
4316	220152	411	715	1385	0	222663
4317	4127	591	224469	724	0	229911
4318	2407	470	2880	220317	0	226074
4319	1467	506	222799	3027	0	227799
4320	1272	220887	3337	1387	0	226883
4321	1232	225201	1608	927	0	228968
4322	2126	3404	1106	223052	0	229688
4323	1621	1153	856	240375	0	244005
4324	1998	640	846	247198	0	250682
4325	1698	353	885	262683	0	265619
4326	259901	298	792	6781	0	267772
4327	4869	258472	927	2372	0	266640
4328	255454	4111	589	2085	0	262239
4329	5872	1450	543	252927	0	260792
4330	3093	755	596	247775	0	252219
4331	1529	251776	864	5178	0	259347
4332	2079	4273	621	251992	0	258965
4333	250793	1415	608	5823	0	258639
4334	4783	239340	793	2169	0	247085
4335	1616	236307	497	1264	0	239684
4336	235002	4465	438	1588	0	241493
4337	4938	1670	350	235085	0	242043
4338	1737	235486	575	4312	0	242110
4339	2285	4084	505	239667	0	246541
4340	239795	1434	521	5534	0	247284
4341	5197	1010	309	238111	0	244627
4342	2689	640	318	241021	0	244668
4343	238766	527	307	6381	0	245981
4344	5252	604	296	237081	0	243233
4345	2005	237194	482	5011	0	244692
4346	2347	3910	274	235567	0	242098
4347	1202	235702	492	4789	0	242185
4348	1778	4350	310	238643	0	245081
4349	235995	1610	314	6063	0	243982
4350	238932	989	359	3047	0	243327
4351	6136	778	302	239464	0	246680
4352	2359	986	234579	4869	0	242793
4353	226960	656	3834	3241	0	234691
4354	4967	807	233025	1726	0	240525
4355	231280	605	4205	2429	0	238519
4356	234864	561	1420	2392	0	239237
4357	6027	731	229206	1222	0	237186
4358	2445	227169	4241	1316	0	235171
4359	227788	4204	1676	2152	0	235820
4360	230070	1570	818	2388	0	234846
4361	5552	1263	234004	1099	0	241918
4362	231184	796	4033	2193	0	238206
4363	231132	641	1293	2129	0	235195
4364	233498	622	785	1860	0	236765
4365	6690	610	503	229340	0	237143
4366	3445	618	524	230967	0	235554
4367	2068	229972	637	5342	0	238019
4368	2241	3853	476	235303	0	241873
4369	2176	1515	393	237303	0	241387
4370	1478	1194	230010	5805	0	238487
4371	1469	1072	219647	2810	0	224998
4372	209334	873	4832	2750	0	217789
4373	221980	677	1736	2396	0	226789
4374	5772	220385	1219	1485	0	228861
4375	3339	4195	750	223033	0	231317
4376	2073	1785	228019	4966	0	236843
4377	2479	1141	4353	230915	0	238888
4378	2463	968	1654	236025	0	241110
4379	2088	843	999	244083	0	248013
4380	1423	241372	840	7205	0	250840
4381	2189	4979	583	246073	0	253824
4382	2121	1933	574	251452	0	256080
4383	1542	1369	245429	7534	0	255874
4384	1664	1153	246874	3427	0	253118
4385	235436	840	6238	3466	0	245980
4386	247523	922	2272	2797	0	253514
4387	7683	921	1379	260389	0	270372
4388	3942	950	1024	257582	0	263498
4389	3090	926	904	265708	0	270628
4390	1857	1057	253671	9285	0	265870
4391	1632	249953	6368	4500	0	262453
4392	1595	6624	251367	3087	0	262673
4393	246281	2297	6981	3181	0	258740
4394	7543	1786	253211	2157	0	264697
4395	250548	1141	7279	2801	0	261769
4396	250069	958	2672	2844	0	256543
4397	257060	941	1875	2505	0	262381
4398	10162	851	1432	248737	0	261182
4399	4237	988	248675	7785	0	261685
4400	2851	249874	6774	3616	0	263115
4401	3269	6452	2368	248577	0	260666
4402	2984	2183	1657	256757	0	263581
4403	1942	1681	259022	9308	0	271953
4404	1630	255709	7532	4275	0	269146
4405	263482	7278	2796	3629	0	277185
4406	8127	273730	2297	2413	0	286567
4407	295802	8532	1779	2607	0	308720
4408	12244	2736	1602	297044	0	313626
4409	4421	1936	306513	9866	0	322736
4410	3373	309557	9695	3861	0	326486
4411	313051	9541	3370	3880	0	329842
4412	11011	2957	312698	2546	0	329212
4413	311290	2174	10785	2885	0	327134
4414	320506	1558	3560	2730	0	328354
4415	13169	1438	313246	2047	0	329900
4416	309943	1170	10750	2554	0	324417
4417	314104	1139	3834	2379	0	321456
4418	309537	1097	2881	2607	0	316122
4419	14136	301272	2393	1624	0	319425
4420	295519	9448	1722	2467	0	309156
4421	12421	298106	1937	1853	0	314317
4422	4879	10032	295940	1896	0	312747
4423	3462	293583	9557	1844	0	308446
4424	275808	10012	4904	2340	0	293064
4425	279781	2773	2119	2079	0	286752
4426	283726	2042	1753	1787	0	289308
4427	12896	1511	1498	270961	0	286866
4428	6387	1265	1408	280860	0	289920
4429	270135	1140	1584	10439	0	283298
4430	281364	1116	1306	3801	0	287587
4431	12763	1112	1213	271430	0	286518
4432	5113	1273	270296	8624	0	285306
4433	3592	256835	8246	2945	0	271618
4434	2991	272625	2781	2294	0	280691
4435	4136	9299	2200	265372	0	281007
4436	2753	3164	268018	7999	0	281934
4437	3882	2975	8066	251478	0	266401
4438	2811	260484	2819	8038	0	274152
4439	4172	7798	2009	260265	0	274244
4440	2948	2801	260629	8621	0	274999
4441	3765	2093	8000	260076	0	273934
4442	2656	1805	272193	9460	0	286114
4443	3977	1647	8862	269855	0	284341
4444	2777	1765	279376	9718	0	293636
4445	2531	1835	278961	3528	0	286855
4446	269429	1638	10216	3216	0	284499
4447	281479	1783	3891	2661	0	289814
4448	283292	1752	2903	2606	0	290553
4449	11641	275418	2529	2184	0	291772
4450	6363	7865	2206	280752	0	297186
4451	274724	2523	2017	9655	0	288919
4452	285822	2337	1865	3941	0	293965
4453	284362	1726	1855	3659	0	291602
4454	11950	1892	277830	2367	0	294039
4455	5531	259740	8603	2607	0	276481
4456	4265	283548	3511	2278	0	293602
4457	279980	9165	2988	2825	0	294958
4458	10985	3597	2563	278126	0	295271
4459	278862	2719	2520	9159	0	293260
4460	11408	2449	274169	3027	0	291053
4461	6406	2177	8453	269174	0	286210
4462	5832	2073	3176	276123	0	287204
4463	5085	2172	2810	269171	0	279238
4464	4101	274261	2636	10216	0	291214
4465	273266	8502	2277	4864	0	288909
4466	277780	3020	2493	3750	0	287043
4467	11986	272046	2623	2606	0	289261
4468	6646	8699	2426	271546	0	289317
4469	273874	3471	2426	9270	0	289041
4470	12003	3236	2039	272276	0	289554
4471	273077	2386	2008	10202	0	287673
4472	12055	270053	2077	4161	0	288346
4473	271242	8891	1972	3507	0	285612
4474	12185	3806	265047	2794	0	283832
4475	6145	267893	8367	3013	0	285418
4476	5386	8868	264241	2720	0	281215
4477	6598	6948	9522	256537	0	279605
4478	256029	3265	3788	9141	0	272223
4479	259767	2353	2868	3597	0	268585
4480	258885	2222	2087	3164	0	266358
4481	12743	1862	2024	248857	0	265486
4482	251928	1662	1989	9247	0	264826
4483	12021	1546	1770	247739	0	263076
4484	248421	1625	1776	10095	0	261917
4485	253808	1782	1915	4711	0	262216
4486	11641	2025	248171	3548	0	265385
4487	5143	1793	232167	2406	0	241509
4488	4030	1950	230889	2223	0	239092
4489	3595	2498	7527	222001	0	235621
4490	225499	1429	4285	7407	0	238620
4491	7758	1512	2487	226391	0	238148
4492	4317	1244	1911	233045	0	240517
4493	240179	1299	1550	8911	0	251939
4494	241693	904	1598	4617	0	248812
4495	241729	1011	1562	3901	0	248203
4496	244439	956	1639	3308	0	250342
4497	9457	937	1570	239028	0	250992
4498	237542	938	1564	7661	0	247705
4499	8303	233847	1835	3033	0	247018
4500	235096	5254	1745	3195	0	245290
4501	236245	1831	2298	3221	0	243595
4502	8191	1781	223821	1968	0	235761
4503	213333	1338	5120	2483	0	222274
4504	7461	1171	212537	1917	0	223086
4505	3298	739	196502	1671	0	202210
4506	3078	1041	196164	1393	0	201676
4507	3149	4726	4229	164854	0	176958
4508	1460	427	169647	2289	0	173823
4509	1459	1099	2118	155098	0	159774
4510	869	291	159332	1947	0	162439
4511	828	356	163810	799	0	165793
4512	1129	450	1834	159286	0	162699
4513	1032	267	784	167017	0	169100
4514	621	308	171650	1625	0	174204
4515	164227	128	1562	1225	0	167142
4516	2018	139	659	171314	0	174130
4517	1141	142	454	172848	0	174585
4518	173253	137	448	2442	0	176280
4519	1913	176	415	175249	0	177753
4520	913	260	174549	1740	0	177462
4521	797	284	162816	866	0	164763
4522	766	472	1637	163562	0	166437
4523	471	250	166998	1455	0	169174
4524	311	169728	1654	744	0	172437
4525	693	1073	687	168382	0	170835
4526	168776	344	432	1996	0	171548
4527	1297	319	168627	607	0	170850
4528	164451	147	1320	1112	0	167030
4529	1583	99	568	173899	0	176149
4530	914	88	411	174655	0	176068
4531	732	73	345	175856	0	177006
4532	640	106	315	174423	0	175484
4533	174273	73	279	2562	0	177187
4534	1418	186363	408	998	0	189187
4535	904	1816	330	191063	0	194113
4536	794	586	306	192065	0	193751
4537	713	343	298	192531	0	193885
4538	724	219	303	191767	0	193013
4539	189936	134	285	3722	0	194077
4540	2055	189215	416	1502	0	193188
4541	187562	1746	299	1544	0	191151
4542	2163	176783	409	802	0	180157
4543	816	179625	377	790	0	181608
4544	173731	2218	299	1202	0	177450
4545	2157	943	176257	584	0	179941
4546	1293	469	1880	176591	0	180233
4547	180787	316	715	2886	0	184704
4548	183469	230	458	1772	0	185929
4549	168453	650	559	2312	0	171974
4550	185005	203	281	1552	0	187041
4551	2763	192234	345	852	0	196194
4552	194506	2283	255	1472	0	198516
4553	200104	769	191	1364	0	202428
4554	3435	211136	351	601	0	215523
4555	1959	3344	202	218033	0	223538
4556	1013	1218	218091	3596	0	223918
4557	1482	706	3437	217872	0	223497
4558	217864	513	1116	5024	0	224517
4559	3963	614	225284	1605	0	231466
4560	1434	221216	3955	1218	0	227823
4561	1005	3838	228776	895	0	234514
4562	1658	1552	3951	214432	0	221593
4563	765	223201	1598	3287	0	228851
4564	225442	3782	775	2245	0	232244
4565	3905	228225	690	918	0	233738
4566	2246	4175	451	227001	0	233873
4567	1738	1571	337	232734	0	236380
4568	226623	1000	3228	5405	0	236256
4569	4607	707	451	225001	0	230766
4570	1557	226934	683	4340	0	233514
4571	228190	3724	408	2955	0	235277
4572	230108	1347	402	2241	0	234098
4573	4952	231585	577	1069	0	238183
4574	230561	4098	382	1856	0	236897
4575	4479	228695	597	945	0	234716
4576	226719	4313	367	1922	0	233321
4577	4475	228023	429	1041	0	233968
4578	2815	4475	474	216409	0	224173
4579	2018	1834	344	230337	0	234533
4580	227818	1224	381	5640	0	235063
4581	230894	863	431	3113	0	235301
4582	5133	228966	571	1456	0	236126
4583	2371	4366	226201	1105	0	234043
4584	229144	1841	3764	1654	0	236403
4585	5373	1236	1347	232961	0	240917
4586	2186	231873	931	4180	0	239170
4587	2298	4224	554	236105	0	243181
4588	235220	1710	407	5569	0	242906
4589	236527	1356	316	3139	0	241338
4590	238529	1096	342	2414	0	242381
4591	6609	1105	274	234572	0	242560
4592	2882	1096	231338	4802	0	240118
4593	218585	949	3740	3121	0	226395
4594	223788	958	1338	2574	0	228658
4595	228976	929	811	2188	0	232904
4596	6246	222755	831	1257	0	231089
4597	3503	4238	661	224780	0	233182
4598	2287	229260	654	4372	0	236573
4599	2384	4875	649	230685	0	238593
4600	2343	2252	489	234145	0	239229
4601	1783	1672	240486	6016	0	249957
4602	2625	1224	4669	256272	0	264790
4603	2514	1114	1565	267104	0	272297
4604	265770	940	971	9303	0	276984
4605	7024	268631	942	3477	0	280074
4606	269110	6698	731	3195	0	279734
4607	284787	2652	587	2509	0	290535
4608	10484	1997	521	279659	0	292661
4609	4507	1694	282965	7328	0	296494
4610	2871	271996	6649	3253	0	284769
4611	2212	275602	2280	2560	0	282654
4612	267305	8731	1579	3064	0	280679
4613	7784	272463	1137	2024	0	283408
4614	4659	7858	785	265501	0	278803
4615	3761	3149	898	275023	0	282831
4616	2509	2319	268808	9143	0	282779
4617	2375	1981	265638	3920	0	273914
4618	2157	267070	8444	2495	0	280166
4619	3002	7855	2913	267636	0	281406
4620	267631	3324	1577	8419	0	280951
4621	8879	2410	1169	271374	0	283832
4622	3469	2216	275597	8608	0	289890
4623	3326	1922	7224	274610	0	287082
4624	268125	1811	2593	9933	0	282462
4625	271234	1672	1634	5147	0	279687
4626	9595	268858	1607	3013	0	283073
4627	269617	7788	1053	3416	0	281874
4628	8977	269735	1139	2461	0	282312
4629	269302	8235	956	2918	0	281411
4630	10484	3685	945	263493	0	278607
4631	4386	2519	261757	8021	0	276683
4632	3423	2142	255635	3535	0	264735
4633	2848	262611	8534	2791	0	276784
4634	4087	6857	3298	249112	0	263354
4635	3365	2811	1658	258293	0	266127
4636	255479	1957	1176	9475	0	268087
4637	258378	1606	935	4669	0	265588
4638	263798	1599	833	3411	0	269641
4639	10785	1555	924	257970	0	271234
4640	5441	1706	1006	263562	0	271715
4641	4169	1676	1124	266737	0	273706
4642	2718	1829	260051	9399	0	273997
4643	2555	1894	255738	4286	0	264473
4644	252544	1488	7912	4185	0	266129
4645	257843	1431	3133	3589	0	265996
4646	9262	1561	256286	2427	0	269536
4647	251242	1449	6973	3074	0	262738
4648	252702	1247	2730	3510	0	260189
4649	9637	1334	247234	2695	0	260900
4650	4495	246275	7304	2578	0	260652
4651	4366	7177	3297	238810	0	253650
4652	3029	2518	243836	7113	0	256496
4653	2549	248859	6825	3841	0	262074
4654	3566	7504	2639	225787	0	239496
4655	2085	235499	2091	6033	0	245708
4656	2257	6436	230530	2708	0	241931
4657	2382	2622	233455	2040	0	240499
4658	3192	3030	7676	231905	0	245803
4659	234651	1411	3335	7139	0	246536
4660	7488	1521	1812	234499	0	245320
4661	233696	1353	1464	7690	0	244203
4662	7975	1450	1494	234140	0	245059
4663	3419	1695	231670	7384	0	244168
4664	225492	1388	6403	4355	0	237638
4665	6883	1499	232603	2489	0	243474
4666	233989	1341	7215	2631	0	245176
4667	7744	1328	3169	230056	0	242297
4668	3485	232220	2251	6952	0	244908
4669	3307	5979	1820	232844	0	243950
4670	2474	237822	1934	7373	0	249603
4671	3136	6339	1788	226365	0	237628
4672	2374	238656	1914	7035	0	249979
4673	235788	6489	1694	4493	0	248464
4674	239358	2593	1576	3625	0	247152
4675	238578	1742	1735	3146	0	245201
4676	9407	1632	232746	2360	0	246145
4677	5274	1455	6535	232630	0	245894
4678	3454	1723	237173	7100	0	249450
4679	2874	225830	7424	3587	0	239715
4680	2610	237974	3447	2630	0	246661
4681	230388	7528	2401	2813	0	243130
4682	7602	3295	230439	1940	0	243276
4683	3732	228767	6819	2053	0	241371
4684	3658	6670	3192	231891	0	245411
4685	229766	2802	2327	8023	0	242918
4686	6836	233608	2256	3347	0	246047
4687	236555	6785	1795	3305	0	248440
4688	7969	3302	234958	2143	0	248372
4689	4409	2195	6751	239046	0	252401
4690	3505	1663	3149	245159	0	253476
4691	2943	1471	2412	252346	0	259172
4692	2233	247796	2269	9596	0	261894
4693	3580	7485	1707	242954	0	255726
4694	2653	3007	252901	8672	0	267233
4695	3445	1960	7427	250934	0	263766
4696	3120	1630	3352	257145	0	265247
4697	3290	1237	2400	253971	0	260898
4698	2425	246792	2208	9653	0	261078
4699	3301	6559	1828	248848	0	260536
4700	3543	2976	1706	248948	0	257173
4701	1805	233570	1868	8909	0	246152
4702	214414	4989	1268	4116	0	224787
4703	5023	212446	1283	2590	0	221342
4704	2003	212329	1151	2052	0	217535
4705	2644	6581	1267	207519	0	218011
4706	1358	2320	206151	5290	0	215119
4707	187118	1647	4472	2797	0	196034
4708	4638	968	1630	197474	0	204710
4709	1593	944	193916	4953	0	201406
4710	980	194779	4244	2519	0	202522
4711	1422	4384	1651	196525	0	203982
4712	987	1891	199031	4848	0	206757
4713	1555	1468	4321	193531	0	200875
4714	1507	1122	1638	197059	0	201326
4715	191585	752	1114	6299	0	199750
4716	4152	190859	1014	2707	0	198732
4717	190045	4178	774	2385	0	197382
4718	4586	1880	191253	1560	0	199279
4719	1874	191663	4231	1501	0	199269
4720	1370	4238	193562	1288	0	200458
4721	1826	2517	4420	193210	0	201973
4722	191431	1070	2031	4927	0	199459
4723	4253	964	989	191538	0	197744
4724	191688	756	955	5235	0	198634
4725	195490	829	786	2750	0	199855
4726	5492	802	720	196828	0	203842
4727	2276	837	201962	4794	0	209869
4728	1587	967	205503	2249	0	210306
4729	1670	958	4948	211487	0	219063
4730	1636	837	2094	216801	0	221368
4731	214258	745	1332	6386	0	222721
4732	4985	865	923	213488	0	220261
4733	2010	209929	1106	5377	0	218422
4734	1907	4313	935	214439	0	221594
4735	1609	1832	831	218574	0	222846
4736	212871	1168	779	7145	0	221963
4737	4666	214561	933	3132	0	223292
4738	2590	4504	665	219230	0	226989
4739	1951	1866	709	219972	0	224498
4740	1122	215053	1130	6478	0	223783
4741	1456	4719	793	219665	0	226633
4742	1466	1938	753	218452	0	222609
4743	994	212437	824	6924	0	221179
4744	1446	4702	683	216738	0	223569
4745	1340	1974	647	215802	0	219763
4746	846	211207	883	6942	0	219878
4747	1154	4794	677	215723	0	222348
4748	211521	2033	596	7548	0	221698
4749	213226	1529	572	4317	0	219644
4750	209620	1339	561	3537	0	215057
4751	210833	1096	516	3346	0	215791
4752	6077	202524	673	2568	0	211842
4753	192659	4229	404	2660	0	199952
4754	4534	187921	509	2285	0	195249
4755	1800	188187	564	1700	0	192251
4756	2376	4808	978	186829	0	194991
4757	1131	1814	187140	4357	0	194442
4758	178123	1395	3383	2622	0	185523
4759	186673	958	1093	2301	0	191025
4760	4401	1008	190414	1576	0	197399
4761	188054	794	3280	2167	0	194295
4762	197548	761	1047	2004	0	201360
4763	4757	190447	860	1425	0	197489
4764	207400	3509	562	2424	0	213895
4765	4908	1477	484	205723	0	212592
4766	2472	1105	474	207183	0	211234
4767	1938	997	495	208525	0	211955
4768	1813	943	459	208085	0	211300
4769	206596	829	456	6123	0	214004
4770	4501	878	522	204890	0	210791
4771	2536	768	473	207460	0	211237
4772	1670	904	201387	5252	0	209213
4773	185448	842	3370	3321	0	192981
4774	203010	816	1179	2685	0	207690
4775	204150	738	795	2512	0	208195
4776	5085	197368	785	1747	0	204985
4777	2323	202857	594	1808	0	207582
4778	201401	4030	507	2385	0	208323
4779	4630	1623	521	200792	0	207566
4780	2097	202960	528	4537	0	210122
4781	2087	3588	359	202307	0	208341
4782	1493	202617	546	4599	0	209255
4783	202282	3904	348	3144	0	209678
4784	4095	203972	509	2175	0	210751
4785	2314	3854	408	203474	0	210050
4786	2103	1716	404	206759	0	210982
4787	1660	1310	206088	4935	0	213993
4788	1541	213626	3418	2547	0	221132
4789	2284	5127	1070	220124	0	228605
4790	1480	2161	225160	5329	0	234130
4791	1351	1544	229908	2459	0	235262
4792	1936	1285	5946	233783	0	242950
4793	1809	895	2689	235689	0	241082
4794	1083	225484	1492	7582	0	235641
4795	1051	237858	869	3714	0	243492
4796	1664	7029	624	238398	0	247715
4797	237145	3200	591	6984	0	247920
4798	6481	1794	537	247530	0	256342
4799	248931	1314	404	8447	0	259096
4800	256600	1126	373	4744	0	262843
4801	260310	1230	397	3320	0	265257
4802	9429	1428	255924	1909	0	268690
4803	255976	919	5758	2489	0	265142
4804	8628	811	2806	257380	0	269625
4805	5195	708	1587	260690	0	268180
4806	2842	1014	255708	8899	0	268463
4807	2061	1197	253985	4627	0	261870
4808	2622	1695	7539	245925	0	257781
4809	1599	240550	3902	6668	0	252719
4810	1484	251940	1943	3666	0	259033
4811	2554	7297	1096	251301	0	262248
4812	248812	3456	919	7575	0	260762
4813	7015	1824	886	251147	0	260872
4814	4279	1271	879	250383	0	256812
4815	2460	248766	938	8570	0	260734
4816	2469	5727	732	254922	0	263850
4817	1725	3133	254171	7644	0	266673
4818	1614	1998	241782	4563	0	249957
4819	238978	1090	7488	3960	0	251516
4820	5927	248907	3937	2445	0	261216
4821	249473	5738	2076	2933	0	260220
4822	252921	3037	1360	2579	0	259897
4823	8731	2026	1101	240225	0	252083
4824	4196	247667	1177	5782	0	258822
4825	3322	5957	944	251053	0	261276
4826	248277	2977	708	7726	0	259688
4827	6123	243447	836	4067	0	254473
4828	236519	5535	520	3527	0	246101
4829	6382	235456	709	1956	0	244503
4830	237537	6026	634	2564	0	246761
4831	238155	3121	771	2432	0	244479
4832	7724	232068	1030	1601	0	242423
4833	4873	5623	831	234260	0	245587
4834	235369	2874	933	6257	0	245433
4835	6409	1835	224788	3040	0	236072
4836	3631	1526	224544	2118	0	231819
4837	3208	3202	6606	221583	0	234599
4838	224439	1085	3237	6007	0	234768
4839	5686	1044	1445	225676	0	233851
4840	225390	936	978	6910	0	234214
4841	6229	1222	224999	3257	0	235707
4842	227923	950	4662	3023	0	236558
4843	240204	921	2438	2283	0	245846
4844	8214	838	1372	235139	0	245563
4845	5000	865	867	237519	0	244251
4846	3201	876	743	238237	0	243057
4847	2187	234420	896	7779	0	245282
4848	2300	4290	962	237294	0	244846
4849	2027	2356	1030	241757	0	247170
4850	236213	1330	1027	8442	0	247012
4851	237327	930	889	5345	0	244491
4852	7224	1078	231749	2949	0	243000
4853	228439	858	4719	3133	0	237149
4854	6636	1165	233102	1952	0	242855
4855	218604	863	5538	2848	0	227853
4856	6749	948	229401	1783	0	238881
4857	4132	972	224294	1766	0	231164
4858	3267	1212	6625	220855	0	231959
4859	2037	861	223312	5645	0	231855
4860	213795	818	5648	4248	0	224509
4861	5456	911	3160	225543	0	235070
4862	227878	786	1844	6536	0	237044
4863	230411	857	1387	4418	0	237073
4864	220028	813	1248	2899	0	224988
4865	218597	654	1117	2504	0	222872
4866	8664	701	213897	1635	0	224897
4867	5716	507	4598	214292	0	225113
4868	3483	648	218618	5176	0	227925
4869	3242	540	5411	216436	0	225629
4870	217038	539	3212	6292	0	227081
4871	6031	641	2087	219516	0	228275
4872	220692	612	1548	6724	0	229576
4873	6498	619	1402	222001	0	230520
4874	4125	676	1145	225100	0	231046
4875	222181	636	1216	8227	0	232260
4876	5869	218850	1177	4484	0	230380
4877	222113	4308	820	3321	0	230562
4878	6344	219466	832	2390	0	229032
4879	4249	4970	779	223589	0	233587
4880	221010	2466	900	6142	0	230518
4881	5838	1552	217903	3710	0	229003
4882	4200	923	4533	221400	0	231056
4883	221670	949	2538	6408	0	231565
4884	227005	705	1563	4054	0	233327
4885	8440	884	1067	223289	0	233680
4886	4806	223618	1215	5843	0	235482
4887	3086	225271	984	3492	0	232833
4888	3289	10070	835	209654	0	223848
4889	213366	2339	893	5234	0	221832
4890	4824	202990	467	2431	0	210712
4891	1661	194854	420	1103	0	198038
4892	188803	3489	629	1400	0	194321
4893	3025	188364	375	598	0	192362
4894	193582	3064	696	1174	0	198516
4895	4272	1251	402	192178	0	198103
4896	1984	836	165	192500	0	195485
4897	949	188283	268	3745	0	193245
4898	656	187789	246	1641	0	190332
4899	177709	3158	127	1527	0	182521
4900	2709	181265	247	640	0	184861
4901	915	194402	225	393	0	195935
4902	1630	3862	373	194704	0	200569
4903	197891	1663	109	4080	0	203743
4904	3625	1167	206621	1495	0	212908
4905	207133	622	3811	1434	0	213000
4906	5583	371	2010	224609	0	232573
4907	2658	585	228874	4921	0	237038
4908	1625	563	231798	2616	0	236602
4909	1579	331	7277	235588	0	244775
4910	839	526	244102	5634	0	251101
4911	238141	466	6749	4054	0	249410
4912	245907	500	3553	2539	0	252499
4913	8148	557	246153	1265	0	256123
4914	5012	500	6258	241853	0	253623
4915	3089	519	3609	246537	0	253754
4916	248684	296	2052	9038	0	260070
4917	7171	395	1545	238976	0	248087
4918	3732	239637	1566	7008	0	251943
4919	243326	5121	1009	4751	0	254207
4920	6520	238379	1171	2878	0	248948
4921	3883	251492	1150	1954	0	258479
4922	3247	7933	1020	246222	0	258422
4923	2764	4137	724	249846	0	257471
4924	2636	2233	840	252659	0	258368
4925	1685	1902	241753	9637	0	254977
4926	225370	1357	5606	6293	0	238626
4927	6088	237783	3271	3536	0	250678
4928	242899	6065	1694	3568	0	254226
4929	245921	3421	1125	3066	0	253533
4930	10050	2245	968	243206	0	256469
4931	5248	242024	998	7039	0	255309
4932	3935	6488	916	250164	0	261503
4933	3558	3425	723	255586	0	263292
4934	254362	2438	769	10450	0	268019
4935	255694	1773	767	6543	0	264777
4936	9640	1697	248009	3869	0	263215
4937	253110	1293	5570	3941	0	263914
4938	8683	258079	2972	2742	0	272476
4939	262085	6626	1943	3007	0	273661
4940	9204	273262	1327	2189	0	285982
4941	6160	8270	1094	268498	0	284022
4942	4693	4378	881	269723	0	279675
4943	3130	268019	1028	10197	0	282374
4944	3516	7613	777	276245	0	288151
4945	3137	4633	747	279235	0	287752
4946	3118	2702	802	276715	0	283337
4947	2296	269014	968	12445	0	284723
4948	3015	7788	846	275499	0	287148
4949	3052	4495	804	278251	0	286602
4950	2731	3178	961	282166	0	289036
4951	2263	2579	267245	13343	0	285430
4952	256920	2579	6731	8553	0	274783
4953	8238	2180	269603	5676	0	285697
4954	265917	2153	8071	5245	0	281386
4955	9402	1871	272294	4438	0	288005
4956	268538	1746	8567	4495	0	283346
4957	276601	1950	4479	4049	0	287079
4958	12155	1796	273985	3366	0	291302
4959	7806	1873	7930	271049	0	288658
4960	4797	2014	266345	9162	0	282318
4961	257377	1912	8212	6455	0	273956
4962	9593	1854	277790	4708	0	293945
4963	6184	1720	272706	4110	0	284720
4964	268768	1410	11064	4607	0	285849
4965	9409	273027	6900	3306	0	292642
4966	6929	7096	4147	278771	0	296943
4967	283880	4024	3682	9486	0	301072
4968	10826	2620	3069	284190	0	300705
4969	6995	2005	3061	291167	0	303228
4970	285731	1835	2697	12992	0	303255
4971	287404	1587	2505	8253	0	299749
4972	12635	1723	279951	5435	0	299744
4973	7657	1471	281510	5111	0	295749
4974	5760	1423	11052	283275	0	301510
4975	4767	1434	289793	10308	0	306302
4976	4529	1427	10104	286762	0	302822
4977	4614	1400	6314	287591	0	299919
4978	4694	1439	3870	298317	0	308320
4979	285770	1832	3113	14935	0	305650
4980	9327	289010	3045	9095	0	310477
4981	291683	7505	2245	7691	0	309124
4982	293423	4246	2384	6828	0	306881
4983	11975	289332	2290	5924	0	309521
4984	287001	7368	1964	5562	0	301895
4985	10755	4512	281299	4371	0	300937
4986	7367	4035	6723	277090	0	295215
4987	281976	2440	4111	9625	0	298152
4988	9171	2526	271316	6144	0	289157
4989	268046	1738	6612	5371	0	281767
4990	8981	281662	4195	4297	0	299135
4991	308254	5658	3017	4699	0	321628
4992	312325	3306	2724	4158	0	322513
4993	13963	313138	2553	3060	0	332714
4994	324631	8331	2354	3362	0	338678
4995	13849	4524	2103	323775	0	344251
4996	9096	3079	1821	332891	0	346887
4997	328575	2359	1727	13234	0	345895
4998	321355	1893	1476	8228	0	332952
4999	13992	320416	1899	5477	0	341784
5000	8323	324591	1602	4562	0	339078
5001	5964	11432	1360	303364	0	322120
5002	4313	309005	1658	8246	0	323222
5003	4078	319979	1583	4618	0	330258
5004	299714	9070	1837	3898	0	314519
5005	7977	303137	1260	2409	0	314783
5006	288714	6966	936	2616	0	299232
5007	7123	297211	785	1903	0	307022
5008	4069	6708	294420	1590	0	306787
5009	2684	298518	4911	1841	0	307954
5010	291658	7243	2816	3020	0	304737
5011	289771	2685	1339	2185	0	295980
5012	7380	2044	288208	905	0	298537
5013	4662	1397	5108	275615	0	286782
5014	3155	1094	2278	293324	0	299851
5015	2017	1265	289999	6553	0	299834
5016	2600	970	5296	282782	0	291648
5017	1691	1073	290481	6603	0	299848
5018	1646	1101	280441	3206	0	286394
5019	276696	743	6399	3411	0	287249
5020	5631	285895	3154	1726	0	296406
5021	285181	5100	1991	1952	0	294224
5022	7281	2246	1370	284964	0	295861
5023	3462	1966	288736	4967	0	299131
5024	3514	1437	4921	278743	0	288615
5025	2242	288196	2371	5206	0	298015
5026	292946	4812	1782	3600	0	303140
5027	294326	2121	1178	3094	0	300719
5028	7649	1682	981	294046	0	304358
5029	3733	1422	287028	5264	0	297447
5030	273769	1096	4758	3370	0	282993
5031	6103	284121	2089	1791	0	294104
5032	286165	5041	1397	2061	0	294664
5033	7799	2477	869	283203	0	294348
5034	284114	1954	831	5821	0	292720
5035	7866	1711	710	280956	0	291243
5036	3871	1792	277852	6075	0	289590
5037	3516	1404	264401	3380	0	272701
5038	261576	1008	5531	4344	0	272459
5039	5955	275809	2903	2250	0	286917
5040	270916	4336	2299	2289	0	279840
5041	272903	2134	1092	2156	0	278285
5042	5537	272002	1027	966	0	279532
5043	268922	5051	740	2097	0	276810
5044	5985	2863	275685	1214	0	285747
5045	3530	2654	3827	277765	0	287776
5046	3432	2066	1632	279059	0	286189
5047	2860	1778	1163	286140	0	291941
5048	2108	1957	283266	6088	0	293419
5049	2201	1739	282056	2955	0	288951
5050	2039	1713	5617	279271	0	288640
5051	1556	277945	3299	4576	0	287376
5052	1798	290484	1943	2221	0	296446
5053	288756	5792	1158	3053	0	298759
5054	290770	2746	1441	2669	0	297626
5055	5826	296272	1806	1853	0	305757
5056	3624	5061	1014	302065	0	311764
5057	2716	2552	1168	305973	0	312409
5058	304902	1917	1592	7743	0	316154
5059	6247	1283	1408	310258	0	319196
5060	3717	1325	1681	308706	0	315429
5061	3347	1423	1466	311648	0	317884
5062	2574	1867	289650	7303	0	301394
5063	2768	2085	269172	4127	0	278152
5064	285682	1080	5844	4262	0	296868
5065	6149	894	3077	300816	0	310936
5066	3060	1219	298233	6344	0	308856
5067	2592	1587	288001	3378	0	295558
5068	285533	1526	6796	3966	0	297821
5069	7212	1428	320322	1967	0	330929
5070	3507	322988	7231	2126	0	335852
5071	3329	5865	3357	349786	0	362337
5072	2526	2901	347251	7383	0	360061
5073	344257	2399	7680	4162	0	358498
5074	9792	1858	3158	368639	0	383447
5075	4563	1535	364798	9161	0	380057
5076	4287	1020	8735	370897	0	384939
5077	3375	1051	4059	378615	0	387100
5078	374960	844	2996	13655	0	392455
5079	9507	376004	3021	5952	0	394484
5080	5795	7985	2389	377515	0	393684
5081	379316	3322	1771	11380	0	395789
5082	384054	2425	1507	6282	0	394268
5083	386109	1527	1546	4856	0	394038
5084	391664	1520	1528	3779	0	398491
5085	15187	1486	1492	380628	0	398793
5086	378524	1042	1783	11230	0	392579
5087	381341	842	1848	6562	0	390593
5088	368541	885	1525	6022	0	376973
5089	371568	858	2343	5093	0	379862
5090	13935	346885	1964	3409	0	366193
5091	4441	326553	954	1548	0	333496
5092	3992	8065	782	322321	0	335160
5093	2335	321188	975	5997	0	330495
5094	318766	6379	763	3728	0	329636
5095	8074	2801	521	314746	0	326142
5096	313663	1148	445	7269	0	322525
5097	316629	825	472	3794	0	321720
5098	9169	743	451	319215	0	329578
5099	4964	716	498	317998	0	324176
5100	2628	315075	771	7747	0	326221
5101	315778	5229	486	4891	0	326384
5102	7086	311957	820	2351	0	322214
5103	315324	5876	529	2984	0	324713
5104	8521	2416	462	316667	0	328066
5105	3915	1813	310846	6378	0	322952
5106	306299	1236	5240	4481	0	317256
5107	299298	1100	1990	3494	0	305882
5108	9000	1253	292914	1834	0	305001
5109	4670	1305	292941	1690	0	300606
5110	4493	1055	6687	289076	0	301311
5111	312182	911	2573	7683	0	323349
5112	326385	876	1353	4504	0	333118
5113	334503	827	1042	3978	0	340350
5114	340995	938	772	3317	0	346022
5115	11664	329255	1042	1956	0	343917
5116	345469	7029	782	2998	0	356278
5117	11302	2635	786	339331	0	354054
5118	6296	1597	727	344592	0	353212
5119	5067	1179	793	353608	0	360647
5120	4473	1162	841	358626	0	365102
5121	351230	1154	879	12625	0	365888
5122	10936	997	939	366475	0	379347
5123	4892	1449	356114	11026	0	373481
5124	5116	928	8359	367437	0	381840
5125	4597	815	3032	373885	0	382329
5126	4535	834	1797	373427	0	380593
5127	4651	824	1273	373213	0	379961
5128	359929	835	1089	15752	0	377605
5129	11254	353705	1407	6543	0	372909
5130	5469	364286	1269	4483	0	375507
5131	5051	11341	1202	360189	0	377783
5132	356600	4274	1228	12462	0	374564
5133	368347	2387	1115	6888	0	378737
5134	14527	1500	1039	365233	0	382299
5135	6707	1580	352535	12059	0	372881
5136	356174	1249	8994	7049	0	373466
5137	13267	1268	3452	369826	0	387813
5138	6152	1609	366042	12515	0	386318
5139	351359	1184	9748	7801	0	370092
5140	12760	362568	3641	5208	0	384177
5141	402081	9591	2070	5476	0	419218
5142	16142	413307	1706	3914	0	435069
5143	10712	13888	1052	413611	0	439263
5144	6526	428562	1420	14752	0	451260
5145	6779	17307	898	443273	0	468257
5146	425446	7835	996	20947	0	455224
5147	16332	432690	1251	10760	0	461033
5148	9222	15325	427140	7245	0	458932
5149	8067	8247	13335	432241	0	461890
5150	5070	5126	434441	17231	0	461868
5151	6207	3105	16219	426485	0	452016
5152	5849	2419	7983	443485	0	459736
5153	4095	2472	428444	22739	0	457750
5154	393616	2118	15747	14747	0	426228
5155	16691	2336	423084	8781	0	450892
5156	9438	2588	417656	6265	0	435947
5157	6442	413999	20036	6223	0	446700
5158	6410	14705	10019	414681	0	445815
5159	5579	7738	5943	425743	0	445003
5160	6180	5264	3603	421153	0	436200
5161	5224	3842	2917	434445	0	446428
5162	3668	3047	410291	26292	0	443298
5163	389157	2400	14736	16813	0	423106
5164	16013	2215	414128	10403	0	442759
5165	10182	1791	17042	408264	0	437279
5166	402503	1571	8905	20047	0	433026
5167	16094	402332	6650	11925	0	437001
5168	10885	16754	4696	394718	0	427053
5169	380762	6847	4034	18055	0	409698
5170	15930	364061	3874	10136	0	394001
5171	7846	364314	2604	6803	0	381567
5172	354026	16904	2544	6706	0	380180
5173	13844	357392	2127	5063	0	378426
5174	340838	14929	2355	5730	0	363852
5175	14601	346418	2111	4580	0	367710
5176	346146	14221	2491	4476	0	367334
5177	353446	7456	1831	4269	0	367002
5178	17916	348213	2424	3273	0	371826
5179	11214	12778	2092	343922	0	370006
5180	7415	7129	337383	12929	0	364856
5181	335397	5514	11199	8286	0	360396
5182	14612	3619	5929	335895	0	360055
5183	8511	319482	4431	14141	0	346565
5184	5681	338298	3234	8464	0	355677
5185	4927	15075	2441	340887	0	363330
5186	336487	8086	2426	15338	0	362337
5187	13088	5808	333515	8723	0	361134
5188	8861	3833	11247	340456	0	364397
5189	6614	3485	6220	348583	0	364902
5190	5309	2827	4461	355336	0	367933
5191	4952	2532	3072	348138	0	358694
5192	3308	333864	3031	21624	0	361827
5193	3956	11826	2583	346187	0	364552
5194	2944	7052	332159	18489	0	360644
5195	3419	5165	331353	11035	0	350972
5196	3105	4242	337690	8288	0	353325
5197	3975	3992	17774	330584	0	356325
5198	324379	3912	9897	14908	0	353096
5199	12961	3360	325912	9409	0	351642
5200	8428	2905	331058	6985	0	349376
5201	6875	2797	17582	323302	0	350556
5202	323465	2782	9863	16184	0	352294
5203	13053	322860	6689	10208	0	352810
5204	325943	12654	4401	8834	0	351832
5205	16635	7446	3931	324028	0	352040
5206	9496	6366	325904	14565	0	356331
5207	7750	6626	12552	313727	0	340655
5208	5246	325169	8080	15666	0	354161
5209	334192	13255	6024	10421	0	363892
5210	14124	8032	332585	7738	0	362479
5211	7681	325536	12831	6676	0	352724
5212	318287	13089	8464	6411	0	346251
5213	15318	7854	6688	316550	0	346410
5214	9225	5327	4714	325603	0	344869
5215	322954	3348	3985	19335	0	349622
5216	328786	2938	3883	12329	0	347936
5217	343903	3388	3551	8425	0	359267
5218	22907	3094	3165	325740	0	354906
5219	12488	320105	3071	15763	0	351427
5220	327471	11516	3097	11237	0	353321
5221	15395	325753	2940	8447	0	352535
5222	313979	13679	2728	6029	0	336415
5223	16091	306699	2937	4439	0	330166
5224	10604	13396	2713	301504	0	328217
5225	305173	8334	2330	13361	0	329198
5226	310160	5837	1829	9415	0	327241
5227	315563	4163	1583	7830	0	329139
5228	319045	3216	1603	6386	0	330250
5229	320384	2941	1723	5145	0	330193
5230	22632	3117	299666	3947	0	329362
5231	15519	2880	10196	300783	0	329378
5232	9996	2987	304497	11744	0	329224
5233	7710	3384	302762	7602	0	321458
5234	300633	3401	15954	5922	0	325910
5235	308991	3103	9526	4819	0	326439
5236	313202	3013	5787	3784	0	325786
5237	22026	3481	3484	294657	0	323648
5238	298933	2745	3127	12507	0	317312
5239	18146	284165	2676	8411	0	313398
5240	12651	290279	2280	6145	0	311355
5241	6962	268604	1386	3293	0	280245
5242	244155	9471	2289	3261	0	259176
5243	8965	245640	1654	2498	0	258757
5244	232430	6475	1549	2140	0	242594
5245	230400	3155	991	1982	0	236528
5246	9419	2160	225258	1355	0	238192
5247	6322	1545	5682	221201	0	234750
5248	4779	1257	2610	235988	0	244634
5249	236408	1114	1776	8563	0	247861
5250	239691	1051	1210	4642	0	246594
5251	10712	1113	1071	234711	0	247607
5252	5864	1346	230176	7231	0	244617
5253	4360	1463	232568	3906	0	242297
5254	4297	1307	7532	235545	0	248681
5255	4366	1186	3412	236912	0	245876
5256	3751	1340	1928	244423	0	251442
5257	235268	1295	1427	10136	0	248126
5258	238071	1357	1201	5381	0	246010
5259	10347	234550	1375	3237	0	249509
5260	6490	6398	1197	236531	0	250616
5261	5049	3172	1102	238554	0	247877
5262	4025	238049	1232	8867	0	252173
5263	4477	6778	1140	241603	0	253998
5264	241496	3338	1155	9031	0	255020
5265	9240	2021	1470	240136	0	252867
5266	6163	1546	1421	245221	0	254351
5267	239293	1429	1241	10563	0	252526
5268	240443	1183	1188	6276	0	249090
5269	242767	1207	1450	4580	0	250004
5270	12476	2157	1663	233797	0	250093
5271	6782	1320	226302	7705	0	242109
5272	5300	1446	223779	4410	0	234935
5273	4485	1454	225453	3432	0	234824
5274	4007	218072	7924	3151	0	233154
5275	214410	6207	4732	3427	0	228776
5276	8102	3109	211976	2399	0	225586
5277	207636	1868	5820	2758	0	218082
5278	8546	1424	3181	210096	0	223247
5279	206606	1480	2168	7877	0	218131
5280	218662	1246	1607	5008	0	226523
5281	9481	218417	1491	3091	0	232480
5282	225390	5246	1148	3548	0	235332
5283	226053	2758	1377	3606	0	233794
5284	9681	222746	1716	2920	0	237063
5285	6657	5227	1684	228318	0	241886
5286	4702	3098	227695	6609	0	242104
5287	4498	1874	5524	224551	0	236447
5288	4105	1576	3023	230577	0	239281
5289	229704	1512	2134	9369	0	242719
5290	8540	1312	1765	228746	0	240363
5291	5251	231414	1739	7932	0	246336
5292	4527	5901	1319	233830	0	245577
5293	3948	3206	1374	239163	0	247691
5294	3643	2295	231121	9671	0	246730
5295	3689	225850	5764	6025	0	241328
5296	3945	236273	2990	4209	0	247417
5297	228728	7563	1820	4445	0	242556
5298	7480	236655	1633	3597	0	249365
5299	5282	7174	1751	235982	0	250189
5300	4001	4049	234611	7548	0	250209
5301	3449	236305	6055	5321	0	251130
5302	239443	6571	3369	4283	0	253666
5303	8191	3729	2486	238845	0	253251
5304	5439	2577	2016	244774	0	254806
5305	3801	2269	239755	9585	0	255410
5306	3964	1887	6044	233561	0	245456
5307	3883	1752	3390	242290	0	251315
5308	234288	1832	2340	10593	0	249053
5309	225549	1586	1669	6530	0	235334
5310	9435	220877	1556	4417	0	236285
5311	211275	4990	1078	3900	0	221243
5312	6986	206346	1123	3143	0	217598
5313	4432	7118	1153	192809	0	205512
5314	3066	194294	1129	5364	0	203853
5315	2762	200411	1019	3501	0	207693
5316	189309	5698	1834	3662	0	200503
5317	184965	2342	1113	2905	0	191325
5318	5112	181608	932	1953	0	189605
5319	183157	3554	975	2517	0	190203
5320	182904	1712	770	2413	0	187799
5321	188356	1187	775	2409	0	192727
5322	5572	1148	735	188945	0	196400
5323	189758	1237	720	4785	0	196500
5324	4768	1426	179466	2515	0	188175
5325	178335	1182	3110	2436	0	185063
5326	4868	1249	185680	1613	0	193410
5327	3041	1314	3442	189100	0	196897
5328	2518	1396	1461	193918	0	199293
5329	2157	1395	191554	4625	0	199731
5330	182066	1138	3244	3292	0	189740
5331	190185	1041	1626	2498	0	195350
5332	5291	1145	198547	1650	0	206633
5333	3386	971	3439	195578	0	203374
5334	2718	773	1707	197931	0	203129
5335	2248	681	1080	203360	0	207369
5336	197933	675	1029	6330	0	205967
5337	199125	702	1102	3427	0	204356
5338	5504	903	966	193430	0	200803
5339	2614	187517	975	3964	0	195070
5340	1842	186395	843	2241	0	191321
5341	178233	3242	698	2383	0	184556
5342	3362	178811	728	1458	0	184359
5343	1804	176654	590	1171	0	180219
5344	1742	2766	569	164978	0	170055
5345	899	1042	165721	1982	0	169644
5346	690	162345	1695	1013	0	165743
5347	1171	2549	736	160816	0	165272
5348	610	160919	522	1822	0	163873
5349	894	1645	292	159292	0	162123
5350	158797	589	274	2383	0	162043
5351	1579	160789	304	840	0	163512
5352	162065	1479	216	1461	0	165221
5353	158014	627	226	1281	0	160148
5354	1930	623	155737	477	0	158767
5355	152937	400	1308	981	0	155626
5356	1906	540	423	159844	0	162713
5357	734	475	160849	1411	0	163469
5358	525	159168	1317	717	0	161727
5359	839	1569	560	157662	0	160630
5360	613	569	277	158137	0	159596
5361	157463	374	174	2031	0	160042
5362	1504	322	163	157147	0	159136
5363	880	323	177	157682	0	159062
5364	157692	285	181	2184	0	160342
5365	1353	157240	238	782	0	159613
5366	154484	1147	188	1305	0	157124
5367	1530	648	155360	422	0	157960
5368	141798	371	1158	1293	0	144620
5369	1585	447	159938	361	0	162331
5370	774	161569	1274	398	0	164015
5371	162597	1269	472	1148	0	165486
5372	157892	568	305	1142	0	159907
5373	1688	543	158150	445	0	160826
5374	931	461	157695	403	0	159490
5375	889	448	158966	388	0	160691
5376	529	167186	1819	434	0	169968
5377	743	1528	594	168898	0	171763
5378	599	707	178365	1555	0	181226
5379	569	661	170545	618	0	172393
5380	928	374	2507	173499	0	177308
5381	644	416	177825	2103	0	180988
5382	172353	330	2462	1708	0	176853
5383	203629	289	1023	1372	0	206313
5384	4375	513	202638	409	0	207935
5385	2095	201888	3674	558	0	208215
5386	1927	3325	1673	201406	0	208331
5387	878	1662	206560	3342	0	212442
5388	591	204760	3864	1721	0	210936
5389	1602	3882	1783	203066	0	210333
5390	202710	1510	1179	4251	0	209650
5391	200576	837	714	2602	0	204729
5392	4303	205861	728	1227	0	212119
5393	2900	3325	518	205854	0	212597
5394	1813	1493	658	207566	0	211530
5395	1500	1094	561	204805	0	207960
5396	1435	599	452	208267	0	210753
5397	823	636	204468	5420	0	211347
5398	1450	577	3278	201342	0	206647
5399	536	749	200840	4358	0	206483
5400	451	196855	3804	2329	0	203439
5401	195251	3074	1849	2360	0	202534
5402	2986	203535	1157	1121	0	208799
5403	2315	3648	626	204321	0	210910
5404	1962	1721	551	204994	0	209228
5405	202037	1051	379	5350	0	208817
5406	3562	655	453	203410	0	208080
5407	1544	199602	604	4162	0	205912
5408	1635	2922	337	205689	0	210583
5409	1187	1648	452	205819	0	209106
5410	202450	1065	418	5700	0	209633
5411	3252	868	201011	2785	0	207916
5412	1807	196740	2699	1743	0	202989
5413	1122	204095	1418	1270	0	207905
5414	1210	3822	771	201054	0	206857
5415	197161	1952	434	4030	0	203577
5416	2727	197909	472	2257	0	203365
5417	2093	2972	282	200750	0	206097
5418	1085	1693	197607	3426	0	203811
5419	1256	1135	2670	197756	0	202817
5420	199027	820	1329	4575	0	205751
5421	196376	572	963	2882	0	200793
5422	4509	527	474	195997	0	201507
5423	199447	635	329	4233	0	204644
5424	196925	499	396	2915	0	200735
5425	4391	674	195876	1479	0	202420
5426	188094	584	2817	1815	0	193310
5427	3818	194784	1582	1081	0	201265
5428	196934	2874	951	1633	0	202392
5429	3948	1750	192779	866	0	199343
5430	2535	1088	2936	195396	0	201955
5431	200402	564	1555	4107	0	206628
5432	3824	606	188320	1993	0	194743
5433	2421	540	190404	1409	0	194774
5434	2235	516	4359	189481	0	196591
5435	1207	555	195462	3572	0	200796
5436	190044	381	4226	2557	0	197208
5437	3825	615	199481	1440	0	205361
5438	2851	404	4184	199478	0	206917
5439	2042	445	2249	205408	0	210144
5440	211073	453	1526	6001	0	219053
5441	4512	574	212693	2916	0	220695
5442	2368	511	224050	1743	0	228672
5443	2518	358	6137	235322	0	244335
5444	1191	482	241333	5458	0	248464
5445	233891	319	6513	3101	0	243824
5446	6099	316	3084	239575	0	249074
5447	2713	418	241322	5928	0	250381
5448	2645	311	6222	238733	0	247911
5449	2203	332	2933	245389	0	250857
5450	244433	314	1924	8447	0	255118
5451	6195	471	244496	3779	0	254941
5452	234286	464	6147	3119	0	244016
5453	7042	697	252191	1923	0	261853
5454	246250	418	7169	2335	0	256172
5455	252355	576	3476	2216	0	258623
5456	253054	454	2229	2583	0	258320
5457	8642	244133	1865	1772	0	256412
5458	250571	5113	1429	2234	0	259347
5459	252611	2043	1174	2370	0	258198
5460	9208	1254	1328	248445	0	260235
5461	4355	795	246671	6654	0	258475
5462	238330	489	6006	4416	0	249241
5463	7153	505	252898	2775	0	263331
5464	4527	549	6995	247225	0	259296
5465	3712	436	3547	257138	0	264833
5466	254901	376	2465	8762	0	266504
5467	6715	258253	2072	4188	0	271228
5468	4755	5278	1362	257673	0	269068
5469	4003	2313	1283	259974	0	267573
5470	2432	1745	257067	8228	0	269472
5471	3086	887	5996	254395	0	264364
5472	2962	604	2922	262304	0	268792
5473	3096	466	2108	255880	0	261550
5474	1865	252096	1881	8761	0	264603
5475	249289	5123	1457	5360	0	261229
5476	250381	2134	1307	4335	0	258157
5477	7860	250784	1412	2646	0	262702
5478	241212	4974	978	2713	0	249877
5479	7665	2533	1050	248836	0	260084
5480	3455	1526	256940	6289	0	268210
5481	2298	255440	5974	3578	0	267290
5482	1938	266896	2862	2757	0	274453
5483	253449	5204	2374	2308	0	263335
5484	269028	1620	1330	1983	0	273961
5485	7969	1018	880	269010	0	278877
5486	4021	697	854	273683	0	279255
5487	3091	626	754	275743	0	280214
5488	267977	641	776	9111	0	278505
5489	7020	781	263888	3542	0	275231
5490	265489	604	5848	3143	0	275084
5491	7994	617	2327	268909	0	279847
5492	4158	576	1494	265017	0	271245
5493	2270	264464	1547	7869	0	276150
5494	3026	5434	1299	271422	0	281181
5495	2821	2005	1080	276979	0	282885
5496	2177	1435	274528	8588	0	286728
5497	2097	275985	5994	4205	0	288281
5498	281236	5888	2287	4065	0	293476
5499	273481	2154	1606	3998	0	281239
5500	286366	1330	1427	3343	0	292466
5501	287328	1036	1323	3377	0	293064
5502	9225	1244	273955	2029	0	286453
5503	269933	835	6364	2800	0	279932
5504	8709	1005	276866	2118	0	288698
5505	5084	855	6742	269304	0	281985
5506	3233	278629	2896	7016	0	291774
5507	3682	5940	1869	282305	0	293796
5508	3526	2214	1716	287519	0	294975
5509	2730	1725	282969	8988	0	296412
5510	269092	1352	6819	5500	0	282763
5511	279863	1137	2899	4571	0	288470
5512	8770	274530	2385	3593	0	289278
5513	4621	6156	277926	2932	0	291635
5514	4620	2494	6546	279481	0	293141
5515	3357	2069	281349	7858	0	294633
5516	3435	2018	276642	4059	0	286154
5517	4056	1674	8069	278211	0	292010
5518	3592	1635	280382	8155	0	293764
5519	4315	1354	7314	278921	0	291904
5520	3737	1387	285929	8832	0	299885
5521	4186	1319	7445	285481	0	298431
5522	286404	1101	3642	10456	0	301603
5523	288316	1164	2743	6380	0	298603
5524	287650	1203	2317	5465	0	296635
5525	284029	1325	2246	5307	0	292907
5526	10070	281579	2325	4151	0	298125
5527	5920	6416	2166	283849	0	298351
5528	4874	2606	1957	290265	0	299702
5529	3687	2192	281803	10377	0	298059
5530	4111	1961	6994	279102	0	292168
5531	3262	2028	278967	9571	0	293828
5532	3170	1922	268120	5442	0	278654
5533	260515	1448	8291	5489	0	275743
5534	7861	278419	4185	4187	0	294652
5535	280802	6405	2997	4570	0	294774
5536	282509	2667	2539	4515	0	292230
5537	10010	283158	2464	3525	0	299157
5538	284457	6044	2378	4500	0	297379
5539	9642	2783	282241	3105	0	297771
5540	4706	279200	6584	2893	0	293383
5541	276334	5918	3706	4216	0	290174
5542	7478	2728	265971	3105	0	279282
5543	247037	1725	5268	3577	0	257607
5544	5997	258515	2843	2574	0	269929
5545	258402	4693	2042	3600	0	268737
5546	257636	1997	2055	3446	0	265134
5547	6852	252013	2153	2091	0	263109
5548	3667	249689	2138	1834	0	257328
5549	2952	258960	2011	1865	0	265788
5550	2870	5572	2182	258206	0	268830
5551	2630	2296	2089	259744	0	266759
5552	258252	1406	2158	7430	0	269246
5553	250747	1174	2157	4521	0	258599
5554	6413	1245	249671	2811	0	260140
5555	3355	1240	241421	2820	0	248836
5556	2938	1271	249708	2571	0	256488
5557	3333	1007	6615	249775	0	260730
5558	3104	981	255464	5850	0	265399
5559	3610	890	5943	252665	0	263108
5560	254696	1026	2719	7215	0	265656
5561	6714	1319	254226	2958	0	265217
5562	250806	1194	5663	3469	0	261132
5563	253450	1261	2764	3566	0	261041
5564	7046	1370	257000	2388	0	267804
5565	3255	258828	6296	2496	0	270875
5566	3690	4781	3180	262850	0	274501
5567	2596	2214	264361	5968	0	275139
5568	3487	1417	6817	261104	0	272825
5569	3452	1320	3319	288122	0	296213
5570	281616	1335	2674	8462	0	294087
5571	8387	1483	2140	281647	0	293657
5572	3865	1720	280685	7279	0	293549
5573	4162	1411	6720	280732	0	293025
5574	283245	1406	2967	8510	0	296128
5575	7778	284355	2451	3413	0	297997
5576	286711	6367	2610	3222	0	298910
5577	9351	3954	2910	281671	0	297886
5578	4746	2212	282469	6612	0	296039
5579	3823	1751	269378	2663	0	277615
5580	3741	1576	266123	1991	0	273431
5581	2131	253748	6864	1530	0	264273
5582	243252	6293	4631	2884	0	257060
5583	5211	235807	1639	1021	0	243678
5584	220575	3611	894	1656	0	226736
5585	3895	221092	754	520	0	226261
5586	2097	3751	700	220221	0	226769
5587	1614	1172	592	222488	0	225866
5588	1408	800	535	222547	0	225290
5589	633	221381	760	4430	0	227204
5590	1430	3785	535	231180	0	236930
5591	1709	1156	499	263641	0	267005
5592	277413	768	554	7372	0	286107
5593	7852	606	584	291953	0	300995
5594	1923	835	306304	7558	0	316620
5595	299292	649	7452	3560	0	310953
5596	312014	638	1978	2938	0	317568
5597	9466	313552	1424	1582	0	326024
5598	315502	8050	819	2468	0	326839
5599	324786	2356	689	2327	0	330158
5600	12516	1328	721	316877	0	331442
5601	5955	968	790	324805	0	332518
5602	4469	758	791	334997	0	341015
5603	328407	843	825	13121	0	343196
5604	334644	865	766	5532	0	341807
5605	12294	1146	325288	2774	0	341502
5606	322477	882	8469	3445	0	335273
5607	332488	739	2581	3186	0	338994
5608	334120	676	1563	3136	0	339495
5609	13457	889	320048	2035	0	336429
5610	5627	937	324586	1980	0	333130
5611	5610	668	10967	321423	0	338668
5612	3522	878	329902	10053	0	344355
5613	4894	678	10592	318196	0	334360
5614	5284	912	3905	298684	0	308785
5615	3181	326819	2863	10518	0	343381
5616	328279	8880	2376	5740	0	345275
5617	11743	2929	331590	3155	0	349417
5618	334841	1654	10385	3438	0	350318
5619	14150	1462	4014	340109	0	359735
5620	334346	1233	2556	12382	0	350517
5621	13223	324519	2489	5215	0	345446
5622	6010	345794	2179	4344	0	358327
5623	6370	11857	1918	338881	0	359026
5624	5956	3900	1873	349966	0	361695
5625	4128	2498	340136	14740	0	361502
5626	5944	1677	10706	341153	0	359480
5627	329635	1453	4091	15167	0	350346
5628	12691	332941	3137	6208	0	354977
5629	6587	10501	334469	4213	0	355770
5630	6913	3836	11165	332936	0	354850
5631	4712	2544	339251	12469	0	358976
5632	5889	1910	12314	336330	0	356443
5633	3823	1752	341544	13913	0	361032
5634	3475	1896	334360	6476	0	346207
5635	4533	2134	13922	331335	0	351924
5636	334488	1747	6093	14067	0	356395
5637	335065	1796	4345	6778	0	347984
5638	329076	1670	3590	5705	0	340041
5639	15115	322790	3614	4367	0	345886
5640	331029	10302	3119	4710	0	349160
5641	333008	3806	3048	4618	0	344480
5642	15520	2789	319888	3896	0	342093
5643	7213	317567	11427	4196	0	340403
5644	6967	11010	4668	316383	0	339028
5645	315994	4199	3275	13217	0	336685
5646	12988	315487	3088	6174	0	337737
5647	325213	11064	2843	5506	0	344626
5648	331034	4323	2917	5071	0	343345
5649	329096	3057	2762	4807	0	339722
5650	330389	2656	2790	4376	0	340211
5651	17505	2534	2702	317665	0	340406
5652	322592	2391	2655	13121	0	340759
5653	15516	2590	2780	314516	0	335402
5654	7443	307350	3250	13289	0	331332
5655	6999	9317	2915	318579	0	337810
5656	317591	3362	3180	13751	0	337884
5657	13885	2449	312181	6895	0	335410
5658	8725	1867	10643	315615	0	336850
5659	313172	1792	4635	13352	0	332951
5660	14245	309342	3566	6386	0	333539
5661	314497	9881	3115	5327	0	332820
5662	321180	3961	2997	4806	0	332944
5663	16118	314235	3236	4259	0	337848
5664	315900	10135	3067	4363	0	333465
5665	15119	4305	299690	3797	0	322911
5666	8271	3263	297222	3660	0	312416
5667	292675	2867	11760	4240	0	311542
5668	14196	3005	292808	3457	0	313466
5669	8583	2783	9411	264743	0	285520
5670	7001	273312	4187	8573	0	293073
5671	278999	8765	3169	4521	0	295454
5672	12710	270573	2756	3527	0	289566
5673	7763	273410	2832	3235	0	287240
5674	7108	9910	2803	283724	0	303545
5675	6178	4050	2509	287843	0	300580
5676	5676	3029	2209	285597	0	296511
5677	5403	2598	2213	288391	0	298605
5678	4453	2653	277134	12653	0	296893
5679	4814	2508	8408	275252	0	290982
5680	4688	2207	3740	283129	0	293764
5681	276290	2199	2605	12345	0	293439
5682	10853	2342	2526	276511	0	292232
5683	5674	2334	267469	11205	0	286682
5684	265276	2074	7902	6132	0	281384
5685	11480	2452	3479	270599	0	288010
5686	6106	2378	276545	9635	0	294664
5687	5871	3202	8609	270532	0	288214
5688	4547	276969	4152	9328	0	294996
5689	278944	7500	3366	5536	0	295346
5690	10262	3263	268493	3690	0	285708
5691	4316	237538	6590	2753	0	251197
5692	220427	5112	3617	2585	0	231741
5693	5287	201944	1988	1888	0	211107
5694	2361	189314	1215	1273	0	194163
5695	185789	3634	2657	1500	0	193580
5696	3553	180054	1134	1204	0	185945
5697	1736	179973	863	920	0	183492
5698	2715	3612	1378	175782	0	183487
5699	1324	1292	173719	2453	0	178788
5700	1114	174879	2277	1333	0	179603
5701	1412	2632	859	172360	0	177263
5702	879	170036	573	1972	0	173460
5703	168315	1716	481	1501	0	172013
5704	2025	893	165235	921	0	169074
5705	1268	786	1496	166465	0	170015
5706	172246	472	704	2423	0	175845
5707	2040	548	417	174592	0	177597
5708	1066	555	173238	2031	0	176890
5709	163615	469	1572	1503	0	167159
5710	172849	455	705	1258	0	175267
5711	2216	180566	585	738	0	184105
5712	1272	1656	410	182036	0	185374
5713	1042	755	396	185118	0	187311
5714	186200	476	424	2548	0	189648
5715	179819	513	461	1374	0	182167
5716	2348	681	183910	605	0	187544
5717	1129	180694	1620	503	0	183946
5718	181871	1227	601	754	0	184453
5719	1774	687	392	181084	0	183937
5720	705	461	184406	1342	0	186914
5721	613	540	172695	579	0	174427
5722	909	1676	1351	175796	0	179732
5723	179376	124	530	1484	0	181514
5724	908	176457	292	407	0	178064
5725	192371	834	151	1142	0	194498
5726	1206	262	93	196387	0	197948
5727	572	175	94	197043	0	197884
5728	441	130	109	199672	0	200352
5729	200157	113	109	1784	0	202163
5730	872	202476	186	564	0	204098
5731	521	813	117	207040	0	208491
5732	416	260	96	206564	0	207336
5733	237	285	205253	1045	0	206820
5734	518	158	827	200609	0	202112
5735	219	232	208285	1002	0	209738
5736	168	201944	926	508	0	203546
5737	318	810	281	206603	0	208012
5738	203184	217	157	1415	0	204973
5739	835	277	201863	294	0	203269
5740	529	132	764	203607	0	205032
5741	220	205	203274	839	0	204538
5742	188443	92	878	1158	0	190571
5743	884	284	207197	202	0	208567
5744	604	222	837	201928	0	203591
5745	206208	68	267	1502	0	208045
5746	922	190779	479	448	0	192628
5747	198166	732	151	930	0	199979
5748	1065	189681	372	299	0	191417
5749	610	892	124	206521	0	208147
5750	323	450	202450	892	0	204115
5751	469	539	193859	447	0	195314
5752	553	161	1005	205004	0	206723
5753	212004	127	410	1628	0	214169
5754	205651	122	302	872	0	206947
5755	1371	135	179	208995	0	210680
5756	697	121	139	211144	0	212101
5757	209193	85	157	1844	0	211279
5758	1034	201187	318	589	0	203128
5759	397	213698	242	454	0	214791
5760	216829	1126	132	1049	0	219136
5761	1315	653	215699	245	0	217912
5762	900	245	1095	215792	0	218032
5763	412	335	217913	1234	0	219894
5764	663	159	1209	216247	0	218278
5765	407	247	219223	1365	0	221242
5766	424	478	210477	621	0	212000
5767	666	140	1403	221040	0	223249
5768	266	212268	793	1148	0	214475
5769	224561	1090	354	1187	0	227192
5770	1238	221718	419	431	0	223806
5771	753	1272	248	228666	0	230939
5772	228725	455	258	1884	0	231322
5773	1664	315	273	230745	0	232997
5774	231442	233	255	2313	0	234243
5775	229119	170	275	1479	0	231043
5776	231798	150	261	1242	0	233451
5777	1708	223633	421	559	0	226321
5778	235216	1166	229	1037	0	237648
5779	1844	773	231	237349	0	240197
5780	244494	322	267	2381	0	247464
5781	1960	283	252	248373	0	250868
5782	249374	250	245	2730	0	252599
5783	251636	242	233	1639	0	253750
5784	2311	248387	378	843	0	251919
5785	1231	1754	228	269789	0	273002
5786	1043	646	232	267746	0	269667
5787	566	278132	410	3113	0	282221
5788	1041	3216	221	287256	0	291734
5789	286037	1096	333	4924	0	292390
5790	296040	538	299	2713	0	299590
5791	294523	402	296	2138	0	297359
5792	5314	584	305607	757	0	312262
5793	309627	317	3710	1966	0	315620
5794	328495	244	1365	1562	0	331666
5795	332148	228	693	1754	0	334823
5796	6252	328334	640	718	0	335944
5797	3308	4106	322	334637	0	342373
5798	2274	1621	286	338639	0	342820
5799	1915	881	291	336524	0	339611
5800	1054	779	328111	6479	0	336423
5801	1672	589	4193	329873	0	336327
5802	334458	394	1673	6783	0	343308
5803	5945	348	835	337116	0	344244
5804	3336	313	532	346206	0	350387
5805	1910	590	339283	6814	0	348597
5806	1357	333139	5152	3111	0	342759
5807	348039	4807	1792	2807	0	357445
5808	6358	1792	864	348329	0	357343
5809	348648	927	615	6855	0	357045
5810	6314	1139	339451	2641	0	349545
5811	318539	574	4932	3393	0	327438
5812	6043	346067	2159	2062	0	356331
5813	2956	4990	344298	1500	0	353744
5814	1932	2006	345496	1262	0	350696
5815	2823	1548	6339	335975	0	346685
5816	1535	940	357207	5365	0	365047
5817	1271	352498	5684	2754	0	362207
5818	2048	4736	2095	355277	0	364156
5819	1949	1882	1368	359991	0	365190
5820	1823	1217	1004	360504	0	364548
5821	353665	747	786	8174	0	363372
5822	5269	353400	976	3633	0	363278
5823	3419	4536	699	362954	0	371608
5824	2442	1878	945	367392	0	372657
5825	355007	1114	810	8151	0	365082
5826	5357	354572	949	3615	0	364493
5827	360181	5031	930	3836	0	369978
5828	358798	2194	1023	3347	0	365362
5829	355866	1199	822	3588	0	361475
5830	7806	1166	350292	1887	0	361151
5831	4657	1032	4899	342530	0	353118
5832	2805	345906	2374	5672	0	356757
5833	2289	355835	1620	3171	0	362915
5834	2897	6285	928	350450	0	360560
5835	2280	351595	1238	5539	0	360652
5836	366673	5918	832	4920	0	378343
5837	6013	3065	363292	2550	0	374920
5838	354819	1657	4950	3888	0	365314
5839	372736	1209	2075	3540	0	379560
5840	8391	1471	1372	373639	0	384873
5841	375518	1139	1174	7835	0	385666
5842	7370	391211	1306	3649	0	403536
5843	398816	5485	1085	4884	0	410270
5844	401820	2495	1296	4221	0	409832
5845	431513	1810	1356	4010	0	438689
5846	11010	2000	433108	2297	0	448415
5847	5888	2280	433109	2248	0	443525
5848	5343	1544	8979	434246	0	450112
5849	3866	429516	4393	8209	0	445984
5850	3712	444775	2705	4302	0	455494
5851	4052	9384	1963	440075	0	455474
5852	442235	4490	1570	10485	0	458780
5853	9801	2739	1526	442719	0	456785
5854	5474	1954	1594	450293	0	459315
5855	443608	1759	1559	13427	0	460353
5856	9340	440555	1934	6582	0	458411
5857	5398	7933	438548	4493	0	456372
5858	4799	3961	429315	3724	0	441799
5859	438484	2523	9616	4759	0	455382
5860	10186	2108	4895	435777	0	452966
5861	4847	2063	444954	9079	0	460943
5862	4939	1819	8179	434518	0	449455
5863	4352	2034	3751	436666	0	446803
5864	3863	1968	2645	447678	0	456154
5865	3794	1780	1960	439746	0	447280
5866	3126	429274	2200	12071	0	446671
5867	3729	7770	1867	438996	0	452362
5868	432336	3483	1997	12394	0	450210
5869	8957	429238	2658	6345	0	447198
5870	440058	8196	2241	6119	0	456614
5871	445087	3840	2348	5527	0	456802
5872	445850	2975	2259	5144	0	456228
5873	12199	3008	428610	3384	0	447201
5874	428352	2232	7816	5177	0	443577
5875	443936	1960	3842	4763	0	454501
5876	438768	1915	2595	5095	0	448373
5877	443881	1615	1926	5169	0	452591
5878	12447	436894	2090	3649	0	455080
5879	437679	8122	1476	4813	0	452090
5880	11231	4449	432456	2849	0	450985
5881	6923	3065	7179	425328	0	442495
5882	6328	2177	3004	434687	0	446196
5883	438903	1848	2114	11800	0	454665
5884	10397	432614	1763	5470	0	450244
5885	421152	6751	1211	5101	0	434215
5886	9484	421342	1556	2441	0	434823
5887	409294	6318	994	3519	0	420125
5888	407879	2430	842	3380	0	414531
5889	8682	434833	1056	1365	0	445936
5890	436411	7076	976	2694	0	447157
5891	455931	2800	1205	2910	0	462846
5892	11508	422737	1203	1157	0	436605
5893	4616	438541	1189	1111	0	445457
5894	462730	9328	2075	2544	0	476677
5895	13366	3694	751	473428	0	491239
5896	478110	2470	613	12474	0	493667
5897	495627	1527	527	5510	0	503191
5898	504191	1402	492	4553	0	510638
5899	506097	1258	437	3925	0	511717
5900	18227	480404	1196	1831	0	501658
5901	8464	501552	1161	1697	0	512874
5902	502960	13537	902	3444	0	520843
5903	14923	6293	497008	1045	0	519269
5904	8854	3937	11214	485884	0	509889
5905	6643	2123	4498	502405	0	515669
5906	491739	1904	2442	17240	0	513325
5907	13282	487022	1675	7403	0	509382
5908	8405	11791	1089	488658	0	509943
5909	6544	4937	814	505100	0	517395
5910	496194	3056	952	18796	0	518998
5911	16510	2226	734	500938	0	520408
5912	497642	1957	804	18331	0	518734
5913	502790	2344	880	9101	0	515115
5914	507437	2452	747	6353	0	516989
5915	22950	1846	799	493411	0	519006
5916	12717	1645	1046	499248	0	514656
5917	7755	1861	522755	18052	0	550423
5918	6077	1983	519683	9107	0	536850
5919	522313	1598	20118	7083	0	551112
5920	21845	1771	8439	537608	0	569663
5921	10184	2297	571677	18533	0	602691
5922	7258	2089	580245	9284	0	598876
5923	7947	1701	25889	572558	0	608095
5924	5552	2236	582094	21912	0	611794
5925	7730	2040	23516	572900	0	606186
5926	8501	1668	10207	584154	0	604530
5927	5399	2002	577818	29618	0	614837
5928	7931	1482	21822	579423	0	610658
5929	8526	1800	10283	575955	0	596564
5930	8010	1528	5927	605307	0	620772
5931	5298	2242	578398	33526	0	619464
5932	8196	1522	21188	593562	0	624468
5933	586704	1617	9708	31247	0	629276
5934	23908	585907	6998	15220	0	632033
5935	597790	20116	4711	12102	0	634719
5936	27645	9255	584237	8070	0	629207
5937	590342	4668	22795	8723	0	626528
5938	604982	2970	11073	8593	0	627618
5939	610226	3034	7161	7834	0	628255
5940	37925	3079	5438	579864	0	626306
5941	21136	3040	4993	598265	0	627434
5942	12125	2725	550988	32880	0	598718
5943	529975	1787	22731	19022	0	573515
5944	27639	529918	12109	11588	0	581254
5945	13699	508330	7177	8874	0	538080
5946	9573	527329	5390	8351	0	550643
5947	11266	27318	5457	500423	0	544464
5948	495766	11446	4870	25633	0	537715
5949	507330	5975	5204	14965	0	533474
5950	30918	4290	487421	9844	0	532473
5951	18502	3885	20649	487523	0	530559
5952	12973	3894	10030	503864	0	530761
5953	9173	3996	484865	31332	0	529366
5954	8447	3627	481173	17653	0	510900
5955	472002	2623	27532	13369	0	515526
5956	24679	477879	13519	10374	0	526451
5957	487799	19590	8258	10633	0	526280
5958	500106	9376	6216	9882	0	525580
5959	33101	5918	5409	480411	0	524839
5960	19302	3846	5176	499047	0	527371
5961	482732	3528	5003	31822	0	523085
5962	29232	3409	4831	483962	0	521434
5963	17632	3593	5311	495048	0	521584
5964	481899	3064	5183	34014	0	524160
5965	28439	2857	5261	488426	0	524983
5966	487670	2630	5384	31100	0	526784
5967	499392	2571	5825	18890	0	526678
5968	33106	3096	473209	12979	0	522390
5969	481350	3066	22138	12354	0	518908
5970	490246	2736	12023	12094	0	517099
5971	491404	2634	8708	11328	0	514074
5972	34842	3540	406068	11812	0	456262
5973	462335	2657	19393	11251	0	495636
5974	29200	450397	10860	10657	0	501114
5975	470352	18159	7802	11669	0	507982
5976	483061	8107	6725	10980	0	508873
5977	35172	4417	5768	464852	0	510209
5978	21188	2754	5693	472478	0	502113
5979	14539	457575	5536	32489	0	510139
5980	14181	18171	4987	474671	0	512010
5981	13199	8836	5289	489881	0	517205
5982	473727	4903	5179	34703	0	518512
5983	29743	3656	4819	474632	0	512850
5984	20244	3354	4203	483121	0	510922
5985	15461	3586	4801	480106	0	503954
5986	12872	448886	4986	35244	0	501988
5987	449588	19334	5034	20490	0	494446
5988	28954	449350	4938	14151	0	497393
5989	423966	19443	4179	11409	0	458997
5990	28016	8952	399015	10368	0	446351
5991	383316	5069	17268	10351	0	416004
5992	25244	4087	382005	9378	0	420714
5993	15100	366340	18746	8682	0	408868
5994	345665	15139	13680	7960	0	382444
5995	338893	7724	5979	7266	0	359862
5996	23056	313269	3901	6771	0	346997
5997	13559	319054	3698	5708	0	342019
5998	310971	15063	3660	6504	0	336198
5999	318906	7093	2853	5841	0	334693
6000	21798	4101	2404	306732	0	335035
6001	13300	3801	2102	317907	0	337110
6002	9190	3571	301293	18462	0	332516
6003	298998	3416	11280	10433	0	324127
6004	17983	2909	5702	298451	0	325045
6005	11042	299365	4119	14311	0	328837
6006	9388	11500	2103	306831	0	329822
6007	7961	6115	2035	313153	0	329264
6008	6671	3953	296497	19194	0	326315
6009	7431	3724	10812	302699	0	324666
6010	295922	3103	5368	17314	0	321707
6011	14597	285919	3375	9978	0	313869
6012	8989	292114	2161	6824	0	310088
6013	290064	14022	2584	6249	0	312919
6014	294217	7082	2336	6017	0	309652
6015	295365	4180	2571	5455	0	307571
6016	19991	273984	2443	4481	0	300899
6017	7732	253183	1572	2718	0	265205
6018	269126	9414	2309	2940	0	283789
6019	275532	4697	2016	3560	0	285805
6020	14316	257892	1598	2722	0	276528
6021	3616	227650	679	1549	0	233494
6022	222843	6384	1253	1984	0	232464
6023	7228	2579	552	219644	0	230003
6024	221698	1515	288	6520	0	230021
6025	7586	1415	357	219862	0	229220
6026	3155	219258	566	5979	0	228958
6027	2446	227051	474	2591	0	232562
6028	232670	6846	768	2385	0	242669
6029	236922	2758	669	2255	0	242604
6030	241928	1798	430	1940	0	246096
6031	9357	239253	536	1078	0	250224
6032	3420	6563	226292	728	0	237003
6033	2095	229096	5171	757	0	237119
6034	222652	6963	2077	1268	0	232960
6035	220581	2209	759	1438	0	224987
6036	7635	1595	213399	466	0	223095
6037	2742	211774	5309	498	0	220323
6038	2869	5771	1714	210462	0	220816
6039	2439	2062	760	207675	0	212936
6040	1838	196540	897	5827	0	205102
6041	1608	6125	206193	1692	0	215618
6042	209628	2104	5302	1575	0	218609
6043	7034	1711	1459	213816	0	224020
6044	215209	1241	894	6484	0	223828
6045	218771	1257	703	2644	0	223375
6046	8464	1310	731	219437	0	229942
6047	4684	1223	636	231507	0	238050
6048	3673	1219	563	238535	0	243990
6049	3173	1356	518	242748	0	247795
6050	235187	1394	535	10790	0	247906
6051	239760	1153	571	5215	0	246699
6052	10035	1306	236547	2903	0	250791
6053	5513	1163	6506	238394	0	251576
6054	3926	1242	2429	245239	0	252836
6055	3343	1213	1388	248640	0	254584
6056	2481	1328	238099	10467	0	252375
6057	3520	976	6788	237482	0	248766
6058	235814	907	2685	9832	0	249238
6059	9114	968	1549	237919	0	249550
6060	3983	1313	236300	9400	0	250996
6061	3673	1088	7041	238748	0	250550
6062	2476	1370	240110	9427	0	253383
6063	242873	1051	7757	5413	0	257094
6064	9396	962	3112	248079	0	261549
6065	248647	896	2056	9714	0	261313
6066	249150	953	1536	5332	0	256971
6067	11310	985	1200	245768	0	259263
6068	252512	945	1184	10327	0	264968
6069	10439	1035	1189	247811	0	260474
6070	4946	256855	1499	9443	0	272743
6071	268310	7102	1163	5574	0	282149
6072	271427	2700	1173	4201	0	279501
6073	276616	1640	1100	3613	0	282969
6074	13050	1271	1154	268815	0	284290
6075	6782	1156	1051	273072	0	282061
6076	4818	1071	937	277426	0	284252
6077	3484	1275	259594	12811	0	277164
6078	3382	256033	7645	6472	0	273532
6079	4203	7172	2735	256895	0	271005
6080	3310	2955	252680	9743	0	268688
6081	250336	1652	7758	5706	0	265452
6082	9753	1176	3149	256198	0	270276
6083	4795	1148	251314	9986	0	267243
6084	257236	967	7460	6248	0	271911
6085	10047	857	3203	264886	0	278993
6086	5627	781	2041	268965	0	277414
6087	4422	713	1623	274525	0	281283
6088	268462	723	1314	13534	0	284033
6089	271420	713	1523	7599	0	281255
6090	269762	744	1670	5681	0	277857
6091	11509	252509	1844	4195	0	270057
6092	5632	263273	1698	3813	0	274416
6093	265970	7768	1470	4177	0	279385
6094	9944	2981	262693	3651	0	279269
6095	5890	1921	7019	260212	0	275042
6096	4741	1345	3123	269686	0	278895
6097	262755	965	2007	11735	0	277462
6098	257542	938	1513	6795	0	266788
6099	10582	255917	1521	4556	0	272576
6100	6467	6564	1349	260725	0	275105
6101	4519	2742	255146	9506	0	271913
6102	4094	1710	254470	5540	0	265814
6103	4237	1152	8739	259516	0	273644
6104	3772	1147	3634	270091	0	278644
6105	261942	1086	2316	12423	0	277767
6106	9525	1019	1966	267425	0	279935
6107	272483	1023	1816	11740	0	287062
6108	272614	902	1817	7113	0	282446
6109	11132	1062	266257	4925	0	283376
6110	270218	706	6893	5058	0	282875
6111	276618	743	3315	4653	0	285329
6112	277645	775	2189	4814	0	285423
6113	11658	265197	2010	4338	0	283203
6114	6056	272017	1918	4076	0	284067
6115	5443	8908	1614	269922	0	285887
6116	3935	2995	267317	9563	0	283810
6117	3521	257266	6558	5319	0	272664
6118	4000	6068	2976	239092	0	252136
6119	3424	2038	1791	234417	0	241670
6120	2786	232831	1453	6676	0	243746
6121	235674	4362	1180	4620	0	245836
6122	237712	1946	1170	3742	0	244570
6123	7772	1396	237980	2629	0	249777
6124	231989	904	4348	3332	0	240573
6125	6755	1051	234434	2495	0	244735
6126	216238	970	4530	2952	0	224690
6127	6413	1124	223434	2098	0	233069
6128	3545	216755	4272	1725	0	226297
6129	3589	2911	2883	208848	0	218231
6130	2455	1473	1453	211199	0	216580
6131	211478	787	949	5523	0	218737
6132	211519	611	885	3632	0	216647
6133	209098	544	715	2998	0	213355
6134	5241	683	212007	1930	0	219861
6135	3789	567	3035	212037	0	219428
6136	2643	561	1891	217856	0	222951
6137	217516	506	1240	5450	0	224712
6138	4182	216882	1062	2998	0	225124
6139	227940	2769	786	3009	0	234504
6140	4719	1750	751	231514	0	238734
6141	3426	1014	783	235470	0	240693
6142	2533	770	792	236801	0	240896
6143	2159	715	691	237596	0	241161
6144	2045	905	611	237442	0	241003
6145	1673	227433	761	5789	0	235656
6146	1487	222023	554	2941	0	227005
6147	1044	217412	461	1177	0	220094
6148	1248	2478	419	217259	0	221404
6149	1030	832	213129	1896	0	216887
6150	192400	509	1797	1843	0	196549
6151	2057	216863	950	637	0	220507
6152	1540	1420	655	216120	0	219735
6153	1109	585	545	217940	0	220179
6154	220151	455	431	3005	0	224042
6155	214959	380	382	1998	0	217719
6156	216654	357	360	1592	0	218963
6157	3036	304	244	228767	0	232351
6158	1417	422	231542	2204	0	235585
6159	1209	508	233100	1056	0	235873
6160	1282	284	2308	237015	0	240889
6161	765	423	238569	2415	0	242172
6162	225174	255	2203	1941	0	229573
6163	2629	337	777	232854	0	236597
6164	1214	505	234371	2313	0	238403
6165	1594	359	1914	226628	0	230495
6166	944	447	240809	2547	0	244747
6167	940	496	247054	1285	0	249775
6168	1535	817	2545	256937	0	261834
6169	722	425	271599	3146	0	275892
6170	694	507	252994	1336	0	255531
6171	477	246191	4613	893	0	252174
6172	1595	3546	2266	260562	0	267969
6173	271129	1317	1129	4300	0	277875
6174	3751	813	485	269305	0	274354
6175	2297	405	342	277864	0	280908
6176	1075	467	275255	4701	0	281498
6177	255145	218	3223	3428	0	262014
6178	3815	143	1477	280286	0	285721
6179	2271	121	942	286043	0	289377
6180	280939	124	619	5824	0	287506
6181	4025	175	467	284211	0	288878
6182	284513	172	473	5749	0	290907
6183	282724	230	523	3432	0	286909
6184	280180	210	493	2716	0	283599
6185	5256	272974	581	1083	0	279894
6186	278685	3022	380	1942	0	284029
6187	4456	276716	546	830	0	282548
6188	2859	3669	331	278874	0	285733
6189	280174	1667	422	4625	0	286888
6190	3811	279499	670	1984	0	285964
6191	281124	3494	398	2445	0	287461
6192	4276	279564	642	1151	0	285633
6193	276446	4040	450	1882	0	282818
6194	4543	271921	621	925	0	278010
6195	2349	279489	548	971	0	283357
6196	1715	295192	526	848	0	298281
6197	1886	5486	334	285545	0	293251
6198	957	295830	556	3370	0	300713
6199	1663	4814	379	293621	0	300477
6200	1576	2457	334	295171	0	299538
6201	1620	1526	350	294523	0	298019
6202	1482	979	255	296742	0	299458
6203	291306	639	258	7623	0	299826
6204	291435	696	282	4667	0	297080
6205	5788	872	287565	2165	0	296390
6206	295194	635	3694	2911	0	302434
6207	311869	642	1742	2328	0	316581
6208	324938	745	1101	2306	0	329090
6209	7982	976	319995	1023	0	329976
6210	3858	1098	322275	1043	0	328274
6211	317607	695	6897	2281	0	327480
6212	7226	1082	335425	1108	0	344841
6213	3150	350583	7035	1265	0	362033
6214	3693	6563	2603	355825	0	368684
6215	365697	2533	1591	8541	0	378362
6216	367138	1583	1093	4807	0	374621
6217	371393	1027	1113	3334	0	376867
6218	11391	908	966	367113	0	380378
6219	6123	768	943	375280	0	383114
6220	3381	1054	374780	9398	0	388613
6221	4206	833	6796	373839	0	385674
6222	3463	666	2822	386791	0	393742
6223	378853	700	2002	11647	0	393202
6224	8336	380278	1717	4796	0	395127
6225	386042	7181	1151	4339	0	398713
6226	10264	3124	1100	387008	0	401496
6227	383889	2029	1005	9947	0	396870
6228	382077	1312	1067	5599	0	390055
6229	373470	1063	1018	4856	0	380407
6230	11374	367392	1289	2673	0	382728
6231	5603	379972	1265	2404	0	389244
6232	4671	8518	1053	381433	0	395675
6233	383738	3506	1260	9674	0	398178
6234	9822	2199	1304	377128	0	390453
6235	5729	1653	1028	382787	0	391197
6236	3800	1858	377746	10649	0	394053
6237	4708	1575	7022	373473	0	386778
6238	4334	1587	2755	375493	0	384169
6239	4294	1265	1759	377098	0	384416
6240	3009	1299	368552	11943	0	384803
6241	3224	1371	359062	6108	0	369765
6242	2899	362455	9081	4600	0	379035
6243	364486	7277	3730	4719	0	380212
6244	9793	3286	2291	368453	0	383823
6245	4832	2384	368695	9216	0	385127
6246	5334	1476	7420	364959	0	379189
6247	4912	1193	2944	390130	0	399179
6248	383040	1090	2188	13127	0	399445
6249	382257	1133	1954	7753	0	393097
6250	10832	380539	2281	4436	0	398088
6251	379866	7245	2035	5120	0	394266
6252	380602	3149	2037	4302	0	390090
6253	12646	2556	2173	377398	0	394773
6254	6176	2582	374860	8823	0	392441
6255	4465	375038	7765	4940	0	392208
6256	374598	7888	3213	5275	0	390974
6257	379514	3303	1890	5124	0	389831
6258	11692	383114	1781	3682	0	400269
6259	7471	7541	1341	398778	0	415131
6260	412035	3096	1298	12402	0	428831
6261	418534	2173	1426	7150	0	429283
6262	13856	1694	1427	418825	0	435802
6263	422105	1663	1591	13638	0	438997
6264	447872	1684	1490	7515	0	458561
6265	454883	1703	1540	6311	0	464437
6266	16664	2078	448505	4169	0	471416
6267	8148	432019	9876	4406	0	454449
6268	6063	448480	3739	3736	0	462018
6269	430752	10486	2629	4976	0	448843
6270	12223	435878	1827	3186	0	453114
6271	6095	10460	432414	2591	0	451560
6272	6603	4004	8901	432091	0	451599
6273	433868	2675	2908	11664	0	451115
6274	13446	2288	1905	432544	0	450183
6275	435803	2035	1455	13189	0	452482
6276	438156	1871	1526	6665	0	448218
6277	437650	1699	1580	5700	0	446629
6278	14275	418438	2178	4119	0	439010
6279	6500	446482	2260	3799	0	459041
6280	445129	11015	1860	5439	0	463443
6281	441541	4420	1647	5430	0	453038
6282	449380	3069	1603	4758	0	458810
6283	16205	2587	1512	439034	0	459338
6284	438029	2151	1692	12886	0	454758
6285	13744	421590	2168	5647	0	443149
6286	7063	443632	1841	4846	0	457382
6287	7476	11068	1310	438583	0	458437
6288	5664	4473	432696	11664	0	454497
6289	5779	3293	428582	5087	0	442741
6290	7007	2584	10653	431250	0	451494
6291	5372	3018	435761	11299	0	455450
6292	6710	3024	10047	434887	0	454668
6293	440750	2931	3435	12780	0	459896
6294	14473	2573	2461	438416	0	457923
6295	434534	2090	2298	13581	0	452503
6296	13356	422549	2527	5690	0	444122
6297	6988	10458	426897	4215	0	448558
6298	7468	4446	9664	415308	0	436886
6299	6688	3711	3524	434316	0	448239
6300	5064	3579	430027	13250	0	451920
6301	6543	2644	10066	415625	0	434878
6302	4984	431232	4391	12022	0	452629
6303	6511	10220	2906	438261	0	457898
6304	6941	3835	2224	446808	0	459808
6305	7753	2646	2015	461056	0	473470
6306	5883	2472	453580	15927	0	477862
6307	5407	2370	428302	7113	0	443192
6308	396453	1869	12215	6150	0	416687
6309	12529	2301	408906	3551	0	427287
6310	5237	406791	11156	3101	0	426285
6311	406118	8940	4310	4184	0	423552
6312	11179	408728	3178	3115	0	426200
6313	394558	9220	3341	3834	0	410953
6314	397296	3282	2751	3584	0	406913
6315	391796	2393	1888	3443	0	399520
6316	392519	2327	1547	3583	0	399976
6317	12326	375282	1861	2700	0	392169
6318	5785	386109	1789	2546	0	396229
6319	386575	9787	1673	3161	0	401196
6320	11295	4169	375043	2006	0	392513
6321	6536	2998	8470	368936	0	386940
6322	5813	2116	3142	382041	0	393112
6323	4202	2278	377230	10413	0	394123
6324	351680	2139	8815	5466	0	368100
6325	379377	2191	3222	4442	0	389232
6326	377241	2334	2541	3835	0	385951
6327	12909	370178	2404	2872	0	388363
6328	384892	8751	2216	3789	0	399648
6329	13032	3640	2323	371563	0	390558
6330	6278	394450	2635	8884	0	412247
6331	404697	10044	2247	5214	0	422202
6332	410627	4697	2115	4458	0	421897
6333	435340	3509	2001	4015	0	444865
6334	18363	2938	1965	423971	0	447237
6335	10491	2740	1762	427167	0	442160
6336	6530	415149	2258	14905	0	438842
6337	5792	11499	419213	6693	0	443197
6338	7226	5115	10742	419971	0	443054
6339	7472	3386	4773	421248	0	436879
6340	6834	2869	3170	441480	0	454353
6341	4879	2857	429518	17106	0	454360
6342	420627	2396	11706	9466	0	444195
6343	15519	2613	4927	438197	0	461256
6344	7717	2993	439417	14120	0	464247
6345	7717	2269	12343	435303	0	457632
6346	443559	1978	5463	16447	0	467447
6347	15198	439908	4094	8037	0	467237
6348	9078	12518	3136	450420	0	475152
6349	5845	5831	450251	15536	0	477463
6350	430794	3728	13497	8985	0	457004
6351	452383	2756	6395	7147	0	468681
6352	18520	2714	447661	5708	0	474603
6353	10821	3550	13621	416692	0	444684
6354	6306	439442	6754	13381	0	465883
6355	447335	12794	4954	7968	0	473051
6356	16281	5740	437563	5611	0	465195
6357	427091	3490	14033	6507	0	451121
6358	17769	2851	425591	4374	0	450585
6359	9811	2586	402441	4035	0	418873
6360	380522	2315	15850	4898	0	403585
6361	13889	393730	7584	3997	0	419200
6362	9132	11207	389594	3771	0	413704
6363	5777	378881	12769	3872	0	401299
6364	6177	11019	367884	3330	0	388410
6365	3887	366639	11704	2946	0	385176
6366	344820	10712	6974	4257	0	366763
6367	10548	4730	340755	3133	0	359166
6368	5984	3264	335758	2900	0	347906
6369	4494	2364	329726	2493	0	339077
6370	316402	2311	13478	2825	0	335016
6371	324865	1474	6317	2754	0	335410
6372	12524	1493	4089	315168	0	333274
6373	6234	1610	326134	8564	0	342542
6374	4522	1701	326745	4656	0	337624
6375	321772	1620	11837	3582	0	338811
6376	10743	1841	6277	328731	0	347592
6377	329464	1554	4279	9570	0	344867
6378	333842	1337	3762	5030	0	343971
6379	13741	1593	2939	313522	0	331795
6380	7400	313954	3260	8618	0	333232
6381	5615	7783	3489	319238	0	336125
6382	4893	4033	2937	325965	0	337828
6383	4073	2936	318764	11637	0	337410
6384	3927	307674	9809	6332	0	327742
6385	3789	322228	5743	4174	0	335934
6386	4132	10419	4128	312100	0	330779
6387	2996	5290	315966	9046	0	333298
6388	3093	312968	10591	5203	0	331855
6389	3630	9017	316183	3981	0	332811
6390	302422	4563	11439	4291	0	322715
6391	318266	2996	6494	3703	0	331459
6392	12666	2633	313393	2788	0	331480
6393	309366	2222	11002	3406	0	325996
6394	12240	2394	6217	312797	0	333648
6395	6849	326574	4896	9037	0	347356
6396	5832	8466	4571	332739	0	351608
6397	323820	4509	4133	11048	0	343510
6398	328610	2958	4024	6342	0	341934
6399	328911	2518	3867	4552	0	339848
6400	326698	2068	3600	4070	0	336436
6401	14435	309652	4064	3374	0	331525
6402	7498	316779	4133	2795	0	331205
6403	315169	9694	4096	3536	0	332495
6404	11558	5123	315267	2741	0	334689
6405	7409	8553	8812	300536	0	325310
6406	4456	319624	5542	7942	0	337564
6407	4661	8223	3646	315786	0	332316
6408	2839	327251	3454	9147	0	342691
6409	3823	10002	3002	330299	0	347126
6410	3171	5100	326697	10150	0	345118
6411	316810	3192	10056	6238	0	336296
6412	328178	2546	5701	4098	0	340523
6413	12893	3002	321960	2380	0	340235
6414	319327	2619	10482	3073	0	335501
6415	327649	2399	6022	3091	0	339161
6416	13878	2524	318598	1964	0	336964
6417	8484	2163	10789	309619	0	331055
6418	320146	1587	6499	9819	0	338051
6419	11970	1915	317556	4780	0	336221
6420	8193	2111	10383	307681	0	328368
6421	5111	1968	323981	9591	0	340651
6422	4539	2069	319113	5476	0	331197
6423	311478	2013	13501	4589	0	331581
6424	328630	1988	7104	3443	0	341165
6425	331370	1564	4015	3387	0	340336
6426	340653	1627	3339	3004	0	348623
6427	16717	2111	3014	323154	0	344996
6428	8572	307574	3076	9568	0	328790
6429	5587	323576	3172	5090	0	337425
6430	4912	11387	2442	304027	0	322768
6431	306420	4308	2408	9729	0	322865
6432	10542	294239	2664	4167	0	311612
6433	3759	290355	1796	1966	0	297876
6434	288047	8037	1735	2118	0	299937
6435	9333	3522	1558	285168	0	299581
6436	288849	1730	1545	8223	0	300347
6437	8887	286927	1410	3011	0	300235
6438	293119	7116	1236	2762	0	304233
6439	9642	2843	299341	1526	0	313352
6440	332542	2134	8131	2485	0	345292
6441	348181	1562	2840	2563	0	355146
6442	359070	1523	1863	2434	0	364890
6443	16420	2151	322186	1866	0	342623
6444	342444	1545	8760	2451	0	355200
6445	14321	341227	3890	1596	0	361034
6446	6932	9761	341086	1073	0	358852
6447	6922	5335	10667	320279	0	343203
6448	5306	2652	4481	319586	0	332025
6449	3061	324391	2755	11736	0	341943
6450	3984	9403	2067	328840	0	344294
6451	3802	3846	1773	337682	0	347103
6452	2728	2383	324393	13509	0	343013
6453	300366	1608	10094	7335	0	319403
6454	11358	1397	328304	3787	0	344846
6455	6906	1054	11214	322224	0	341398
6456	4153	1219	332691	10745	0	348808
6457	4201	997	12234	330827	0	348259
6458	337011	838	5691	13029	0	356569
6459	351732	1046	3709	6363	0	362850
6460	16076	911	2883	347111	0	366981
6461	7188	1000	352277	13016	0	373481
6462	6503	941	11382	353415	0	372241
6463	4160	1393	351309	13531	0	370393
6464	336282	1196	12638	7616	0	357732
6465	355649	1160	5753	5485	0	368047
6466	351590	1277	3824	4511	0	361202
6467	353503	1352	2892	4080	0	361827
6468	17641	331768	2917	3083	0	355409
6469	10609	10615	2166	340362	0	363752
6470	338892	4449	2059	13073	0	358473
6471	14740	327269	2376	6205	0	350590
6472	8051	343859	2240	4127	0	358277
6473	6257	13542	321817	3269	0	344885
6474	323623	5652	11952	3370	0	344597
6475	338457	3370	5588	3126	0	350541
6476	17576	2741	322839	2473	0	345629
6477	10820	1856	12784	317281	0	342741
6478	8658	1579	5874	334193	0	350304
6479	6315	1501	328279	14925	0	351020
6480	6806	1333	13213	324352	0	345704
6481	326587	1385	6482	15119	0	349573
6482	14526	1732	318660	7484	0	342402
6483	7733	1477	329216	5362	0	343788
6484	320332	1427	15800	4875	0	342434
6485	15125	2002	328558	3625	0	349310
6486	323066	1860	14882	3803	0	343611
6487	15672	320315	7761	3524	0	347272
6488	331330	11132	4964	3931	0	351357
6489	16968	4964	4079	323034	0	349045
6490	9442	3436	3500	333937	0	350315
6491	328569	3076	3049	17044	0	351738
6492	15989	2569	2916	329027	0	350501
6493	329305	2161	2979	16189	0	350634
6494	15996	326508	2921	8444	0	353869
6495	10290	11564	2763	313702	0	338319
6496	7873	5095	3087	328882	0	344937
6497	321540	3270	2961	17167	0	344938
6498	324671	2595	2795	8994	0	339055
6499	326162	2207	2703	6768	0	337840
6500	19987	300775	2867	5280	0	328909
6501	11326	315951	2740	4182	0	334199
6502	315013	13335	2667	4295	0	335310
6503	17035	5988	302162	3744	0	328929
6504	9501	299662	11572	3547	0	324282
6505	279903	11364	8347	3959	0	303573
6506	272026	4430	4372	2925	0	283753
6507	272473	2810	2696	2470	0	280449
6508	15845	2643	2468	256959	0	277915
6509	266022	1848	2144	10111	0	280125
6510	269077	1621	1792	5395	0	277885
6511	16420	1570	1594	254271	0	273855
6512	261950	1614	2001	10830	0	276395
6513	13825	1790	246597	5588	0	267800
6514	8793	1942	8488	252558	0	271781
6515	6259	2056	4354	260150	0	272819
6516	5642	1256	3435	269204	0	279537
6517	259974	1223	2562	14985	0	278744
6518	267876	1376	2172	8677	0	280101
6519	270921	1520	1955	6255	0	280651
6520	269037	897	1804	5902	0	277640
6521	265258	907	1993	4463	0	272621
6522	16849	984	2297	247653	0	267783
6523	10612	936	1897	256442	0	269887
6524	251257	888	2376	12656	0	267177
6525	12622	240705	2047	7207	0	262581
6526	248205	7226	2061	5194	0	262686
6527	12767	3428	231053	4349	0	251597
6528	251233	2124	7599	3594	0	264550
6529	264705	1886	3614	3634	0	273839
6530	15277	1618	263966	3171	0	284032
6531	278777	1232	9998	2782	0	292789
6532	15158	1240	278819	2814	0	298031
6533	10186	1078	297362	1929	0	310555
6534	9149	2095	14949	288462	0	314655
6535	7698	1641	8525	308958	0	326822
6536	5609	1074	307888	14942	0	329513
6537	4885	1209	310688	9149	0	325931
6538	3582	291028	14890	6817	0	316317
6539	3252	293765	8384	5041	0	310442
6540	249507	9604	6159	2888	0	268158
6541	7507	263841	3005	2065	0	276418
6542	254066	8439	2429	2393	0	267327
6543	8420	251513	1872	1651	0	263456
6544	251381	8133	1864	1519	0	262897
6545	8925	4783	237354	986	0	252048
6546	242376	3491	6537	1173	0	253577
6547	9927	2552	3468	237056	0	253003
6548	5728	241809	2638	5891	0	256066
6549	5026	6413	1902	247324	0	260665
6550	246938	3696	1524	7891	0	260049
6551	252117	2858	1080	4502	0	260557
6552	11064	2201	1144	244295	0	258704
6553	6596	1563	242800	7097	0	258056
6554	5050	1286	236256	4420	0	247012
6555	3315	244085	8346	3228	0	258974
6556	3539	7902	4897	243718	0	260056
6557	2583	3624	244764	6724	0	257695
6558	2197	230519	6990	3615	0	243321
6559	3031	6499	4080	230868	0	244478
6560	2024	3284	2743	236008	0	244059
6561	222353	2310	2229	8314	0	235206
6562	5840	1843	1559	223904	0	233146
6563	3335	1538	219261	8077	0	232211
6564	3295	987	5357	220612	0	230251
6565	214281	1014	3376	8141	0	226812
6566	5912	1076	218030	4984	0	230002
6567	213156	706	6077	4392	0	224331
6568	7277	220944	3785	2740	0	234746
6569	229379	4995	2728	2656	0	239758
6570	232542	2934	2293	2122	0	239891
6571	9418	2217	1929	223798	0	237362
6572	6402	1535	1349	227151	0	236437
6573	4157	222208	1524	8302	0	236191
6574	3577	4985	1275	232095	0	241932
6575	225069	3245	1128	8505	0	237947
6576	6409	2630	221813	5070	0	235922
6577	4879	1853	5154	222587	0	234473
6578	3547	221954	3302	6713	0	235516
6579	3066	5269	2429	229797	0	240561
6580	2537	3715	1720	233493	0	241465
6581	226948	2901	1166	9475	0	240490
6582	6251	223365	1027	6035	0	236678
6583	4933	5607	1120	228492	0	240152
6584	225587	3278	1332	7980	0	238177
6585	7278	2717	1033	226443	0	237471
6586	4610	2128	1028	232311	0	240077
6587	231910	1545	946	10873	0	245274
6588	231021	1121	910	7611	0	240663
6589	9267	1282	228591	4947	0	244087
6590	226964	1175	5286	4309	0	237734
6591	235559	1057	3364	3428	0	243408
6592	237689	1119	2557	3137	0	244502
6593	10518	219763	2077	2950	0	235308
6594	7132	223458	1708	2373	0	234671
6595	5798	7199	1273	224891	0	239161
6596	226476	4746	1574	6412	0	239208
6597	229400	3365	1239	4522	0	238526
6598	9898	2221	975	225074	0	238168
6599	6866	1770	223714	7085	0	239435
6600	228298	1412	4935	5256	0	239901
6601	242423	1612	3081	4256	0	251372
6602	9707	1431	2488	235197	0	248823
6603	7025	1104	1859	239374	0	249362
6604	239689	981	1364	8978	0	251012
6605	8812	1004	1108	236301	0	247225
6606	5775	233849	1414	8640	0	249678
6607	4943	5227	1227	244080	0	255477
6608	242579	3266	921	8737	0	255503
6609	7690	2648	237204	5668	0	253210
6610	226480	1769	4814	5599	0	238662
6611	8488	1552	236199	3832	0	250071
6612	6054	1230	6392	238255	0	251931
6613	243127	1254	4007	7655	0	256043
6614	7887	1083	2845	243807	0	255622
6615	5827	940	2014	246046	0	254827
6616	240515	948	1747	10666	0	253876
6617	7659	932	236054	6984	0	251629
6618	5517	981	243111	5198	0	254807
6619	4461	877	7453	249730	0	262521
6620	3772	822	4726	258839	0	268159
6621	3316	813	3354	263226	0	270709
6622	2575	923	256941	10850	0	271289
6623	246993	696	5567	8270	0	261526
6624	263911	597	3834	5968	0	274310
6625	266041	605	3120	4802	0	274568
6626	267219	564	2196	4276	0	274255
6627	11014	249710	1720	3499	0	265943
6628	7386	249500	1310	3496	0	261692
6629	4882	251709	1281	2780	0	260652
6630	3469	5493	1410	222631	0	233003
6631	3353	1688	1278	223123	0	229442
6632	2286	568	213124	3223	0	219201
6633	1370	193667	1835	1385	0	198257
6634	1898	1407	845	185570	0	189720
6635	180584	406	522	2066	0	183578
6636	1086	179617	367	966	0	182036
6637	827	956	262	178589	0	180634
6638	526	179722	356	1209	0	181813
6639	182957	879	269	1322	0	185427
6640	1508	533	231	180445	0	182717
6641	675	299	177665	1071	0	179710
6642	567	341	172676	579	0	174163
6643	685	684	1457	180509	0	183335
6644	778	165	518	178141	0	179602
6645	531	111	293	187472	0	188407
6646	184859	117	226	2663	0	187865
6647	1573	274	182891	801	0	185539
6648	627	180229	1389	600	0	182845
6649	647	1246	472	182342	0	184707
6650	373	529	181343	1331	0	183576
6651	263	181298	1375	644	0	183580
6652	559	1392	463	186100	0	188514
6653	406	503	184063	1286	0	186258
6654	475	247	1166	179954	0	181842
6655	379	139	411	182777	0	183706
6656	183156	84	229	2297	0	185766
6657	181441	81	191	1257	0	182970
6658	1687	89	142	181842	0	183760
6659	181591	60	153	2103	0	183907
6660	1450	200	181762	527	0	183939
6661	793	88	1310	183578	0	185769
6662	349	231	188391	1460	0	190431
6663	625	228	1383	189228	0	191464
6664	264	185573	617	1745	0	188199
6665	213	189562	397	712	0	190884
6666	199	192029	321	442	0	192991
6667	928	1823	276	194683	0	197710
6668	618	529	146	213587	0	214880
6669	212	413	211726	3331	0	215682
6670	452	496	211786	992	0	213726
6671	343	500	226879	504	0	228226
6672	238762	178	4590	988	0	244518
6673	5208	178	975	252944	0	259305
6674	260540	144	481	6109	0	267274
6675	5726	270976	596	1199	0	278497
6676	1975	6181	398	277569	0	286123
6677	285568	1800	418	7416	0	295202
6678	7694	1114	295	286739	0	295842
6679	286918	521	323	8993	0	296755
6680	8266	551	288539	2746	0	300102
6681	2659	292006	6748	1929	0	303342
6682	2487	6644	2018	298904	0	310053
6683	297403	1983	1412	8510	0	309308
6684	304866	1238	861	3714	0	310679
6685	9664	730	663	302468	0	313525
6686	4345	511	724	307491	0	313071
6687	298164	489	832	10346	0	309831
6688	8777	522	869	295517	0	305685
6689	3069	593	293029	8953	0	305644
6690	2405	290885	7275	3539	0	304104
6691	2449	6617	2546	298731	0	310343
6692	296710	2083	1760	9393	0	309946
6693	298191	1507	1119	4556	0	305373
6694	10411	1300	299991	2909	0	314611
6695	4560	288483	7824	2515	0	303382
6696	3078	309393	2630	2581	0	317682
6697	3349	9425	1639	308317	0	322730
6698	3355	3415	1241	316178	0	324189
6699	3009	2351	1075	313237	0	319672
6700	2967	1540	1130	314794	0	320431
6701	1997	302424	1333	12946	0	318700
6702	3020	8571	1010	308956	0	321557
6703	3167	2952	867	317848	0	324834
6704	307131	1902	806	14231	0	324070
6705	308572	1420	813	7513	0	318318
6706	11569	304947	977	5071	0	322564
6707	311630	8673	984	5189	0	326476
6708	316302	3258	967	4366	0	324893
6709	316283	2325	939	4569	0	324116
6710	13679	1917	301581	3377	0	320554
6711	7375	1549	8363	303763	0	321050
6712	5223	1494	2948	316693	0	326358
6713	4068	1646	303892	12677	0	322283
6714	4002	1636	8976	302437	0	317051
6715	4184	1748	3479	294923	0	304334
6716	301330	1540	2460	14605	0	319935
6717	10338	1771	297636	7169	0	316914
6718	5259	1394	8804	293038	0	308495
6719	287771	1554	3326	13309	0	305960
6720	10116	286483	2534	6701	0	305834
6721	288104	9146	1525	6423	0	305198
6722	288058	3515	1215	5564	0	298352
6723	12735	277781	1473	4566	0	296555
6724	6747	9272	1009	283106	0	300134
6725	282901	3595	963	12326	0	299785
6726	11823	279635	1266	5739	0	298463
6727	6399	9984	1105	283849	0	301337
6728	279271	3846	1257	12528	0	296902
6729	280197	2868	1158	6779	0	291002
6730	13591	271052	1515	5205	0	291363
6731	277731	9193	1535	5123	0	293582
6732	13254	3743	1396	276088	0	294481
6733	277087	2707	1342	12942	0	294078
6734	13098	2060	268936	6383	0	290477
6735	7227	1592	9000	272952	0	290771
6736	5616	1642	3462	279117	0	289837
6737	269512	1591	2563	14895	0	288561
6738	11724	263530	2307	7545	0	285106
6739	262272	9119	1875	6468	0	279734
6740	12850	259178	1833	4864	0	278725
6741	6704	10001	250555	4257	0	271517
6742	5914	4293	251543	4086	0	265836
6743	5932	4960	10432	247266	0	268590
6744	4642	3040	249105	10922	0	267709
6745	4637	2756	9336	250251	0	266980
6746	5064	2242	3484	250396	0	261186
6747	4726	2206	2639	260505	0	270076
6748	255628	2213	1885	15019	0	274745
6749	256140	2135	1506	8320	0	268101
6750	264324	2064	1401	6475	0	274264
6751	15005	254013	1454	5061	0	275533
6752	8211	280000	1356	4643	0	294210
6753	6683	11949	297264	4275	0	320171
6754	6249	5388	11057	304581	0	327275
6755	5036	4107	305061	14160	0	328364
6756	5439	3091	13061	305844	0	327435
6757	5327	2688	5503	316248	0	329766
6758	5053	2420	4144	319866	0	331483
6759	4033	2617	301132	19935	0	327717
6760	4608	2137	12728	307139	0	326612
6761	299193	1881	5712	19783	0	326569
6762	13835	290547	4725	10408	0	319515
6763	7315	11329	3379	301867	0	323890
6764	297692	4844	2927	17680	0	323143
6765	302541	3850	2864	9780	0	319035
6766	17866	2886	2802	291655	0	315209
6767	10396	2185	2295	291973	0	306849
6768	269236	1803	2015	17547	0	290601
6769	14961	1624	1793	268857	0	287235
6770	249213	1176	1453	15586	0	267428
6771	14321	1312	1064	240718	0	257415
6772	6903	969	220137	13587	0	241596
6773	5327	201878	7098	8158	0	222461
6774	4309	209981	3328	5760	0	223378
6775	5373	7436	4450	192798	0	210057
6776	4979	3098	2649	196124	0	206850
6777	187739	2062	1166	9472	0	200439
6778	6858	1703	1141	189839	0	199541
6779	3541	1618	942	191723	0	197824
6780	2830	1404	790	181090	0	186114
6781	2119	172140	779	10572	0	185610
6782	2521	5078	635	180474	0	188708
6783	2644	2022	641	182552	0	187859
6784	2347	1562	625	182984	0	187518
6785	168546	1220	1626	11922	0	183314
6786	5803	171617	941	6807	0	185168
6787	3205	5789	730	177741	0	187465
6788	2611	2664	619	181092	0	186986
6789	2205	1863	556	183196	0	187820
6790	173235	1236	594	11575	0	186640
6791	7337	1094	486	175588	0	184505
6792	3992	1080	429	177167	0	182668
6793	2360	1031	162251	10703	0	176345
6794	1718	158517	4376	6951	0	171562
6795	2122	4964	1694	165964	0	174744
6796	158009	1915	1357	8820	0	170101
6797	5356	159283	1062	5257	0	170958
6798	155484	4575	918	4690	0	165667
6799	158800	2239	937	3574	0	165550
6800	6722	2014	751	156148	0	165635
6801	4022	1508	548	160110	0	166188
6802	3176	1299	157320	7649	0	169444
6803	3001	1184	4016	162665	0	170866
6804	2446	988	161685	7641	0	172760
6805	2390	723	4971	166313	0	174397
6806	157924	535	2341	8723	0	169523
6807	4892	159901	2058	5373	0	172224
6808	2573	4629	1773	170398	0	179373
6809	2174	2199	1586	173437	0	179396
6810	2005	1654	1429	172901	0	177989
6811	1964	1347	1012	174367	0	178690
6812	166286	1132	876	10138	0	178432
6813	5307	163788	947	6545	0	176587
6814	2848	4506	698	174350	0	182402
6815	170483	1917	824	9731	0	182955
6816	5644	1565	165817	6462	0	179488
6817	166486	1165	4507	5690	0	177848
6818	172820	1242	2130	4471	0	180663
6819	7679	1482	167322	3585	0	180068
6820	4906	1169	4989	171184	0	182248
6821	175072	1071	2569	7554	0	186266
6822	7173	176010	2251	4498	0	189932
6823	182572	4701	1636	4597	0	193506
6824	184792	2068	1323	4142	0	192325
6825	186381	1486	1201	4062	0	193130
6826	9205	1285	857	181544	0	192891
6827	5922	1319	724	188528	0	196493
6828	4554	200645	744	8400	0	214343
6829	4515	5937	643	208098	0	219193
6830	208064	2736	646	9210	0	220656
6831	8042	2034	202858	5440	0	218374
6832	199499	1536	5361	5402	0	211798
6833	213915	1436	2382	4800	0	222533
6834	9366	1491	1680	208763	0	221300
6835	5809	1200	1199	215118	0	223326
6836	212325	988	1133	10278	0	224724
6837	213146	762	1071	6392	0	221371
6838	203760	805	990	5395	0	210950
6839	10242	865	204752	4276	0	220135
6840	5793	204196	5044	4290	0	219323
6841	208819	5388	2201	4356	0	220764
6842	8714	2716	1488	205864	0	218782
6843	5352	204769	1191	7342	0	218654
6844	4908	6087	1064	208253	0	220312
6845	207677	2962	1194	8455	0	220288
6846	8094	2663	1053	208604	0	220414
6847	5458	1899	204100	8828	0	220285
6848	3310	196906	4544	5932	0	210692
6849	2655	206067	2225	4856	0	215803
6850	2776	5888	193720	3651	0	206035
6851	169387	4709	6561	4398	0	185055
6852	4956	171354	2184	2703	0	181197
6853	2598	2864	1014	144151	0	150627
6854	142809	800	473	2415	0	146497
6855	2057	140803	367	1028	0	144255
6856	1344	1887	313	142947	0	146491
6857	143136	789	325	2478	0	146728
6858	2561	487	261	142444	0	145753
6859	143018	352	229	2894	0	146493
6860	2421	439	141994	1257	0	146111
6861	1327	143421	1684	903	0	147335
6862	148123	1892	691	1261	0	151967
6863	145979	831	418	1283	0	148511
6864	145699	469	313	1231	0	147712
6865	3139	547	139079	649	0	143414
6866	137831	375	1732	1142	0	141080
6867	144875	372	767	1054	0	147068
6868	3182	481	415	143526	0	147604
6869	144503	342	328	2703	0	147876
6870	2717	141118	438	1195	0	145468
6871	1765	1851	334	143826	0	147776
6872	1266	970	141607	2076	0	145919
6873	1297	671	1915	139890	0	143773
6874	1112	585	835	143067	0	145599
6875	141721	489	524	3326	0	146060
6876	140496	474	378	1995	0	143343
6877	3069	587	137689	959	0	142304
6878	134455	444	1937	1410	0	138246
6879	2951	494	137399	734	0	141578
6880	2002	404	2021	137965	0	142392
6881	1264	485	138583	2397	0	142729
6882	1410	395	2135	136504	0	140444
6883	1120	136935	1022	2327	0	141404
6884	1127	1979	139007	1217	0	143330
6885	1136	976	141367	854	0	144333
6886	1930	694	3143	123957	0	129724
6887	142530	455	1334	3012	0	147331
6888	142879	422	818	1824	0	145943
6889	144717	413	620	1420	0	147170
6890	3901	425	579	141622	0	146527
6891	2433	386	485	144084	0	147388
6892	1795	313	482	144714	0	147304
6893	1569	368	448	144411	0	146796
6894	1234	532	138789	3608	0	144163
6895	1348	486	2175	137129	0	141138
6896	1023	136106	1186	3098	0	141413
6897	1108	2114	738	138274	0	142234
6898	137380	996	587	3713	0	142676
6899	2962	651	136109	1854	0	141576
6900	126585	430	2519	1932	0	131466
6901	3411	507	138923	966	0	143807
6902	1885	464	136250	894	0	139493
6903	1225	134646	3776	929	0	140576
6904	1911	3058	1927	126417	0	133313
6905	1319	1201	1045	133725	0	137290
6906	1115	125136	1337	3779	0	131367
6907	143370	3353	756	2140	0	149619
6908	4607	1609	666	150732	0	157614
6909	3051	851	635	165786	0	170323
6910	1993	537	617	176859	0	180006
6911	192827	488	590	9188	0	203093
6912	209418	410	582	4754	0	215164
6913	10037	461	507	205544	0	216549
6914	5085	350	507	209843	0	215785
6915	203303	373	563	10908	0	215147
6916	8752	492	525	204110	0	213879
6917	4870	449	552	209028	0	214899
6918	4031	385	514	212706	0	217636
6919	2742	539	199149	12059	0	214489
6920	192739	325	6466	7280	0	206810
6921	200863	328	2647	5597	0	209435
6922	11031	441	189417	4116	0	205005
6923	6324	1664	6903	175496	0	190387
6924	3659	186273	3305	8907	0	202144
6925	184808	6274	2045	6192	0	199319
6926	8163	184955	2079	4489	0	199686
6927	4653	181148	1574	3561	0	190936
6928	4696	7892	1410	166527	0	180525
6929	165099	3212	1607	8402	0	178320
6930	171969	1920	1016	4959	0	179864
6931	10015	1841	978	166894	0	179728
6932	6003	1626	999	169649	0	178277
6933	4476	1817	677	169973	0	176943
6934	4054	1947	680	169233	0	175914
6935	3665	1517	662	165690	0	171534
6936	2896	157887	667	11600	0	173050
6937	3723	6310	468	165728	0	176229
6938	161209	2681	445	11508	0	175843
6939	165175	1808	430	7483	0	174896
6940	165314	1323	470	6603	0	173710
6941	10237	157296	706	5908	0	174147
6942	6600	6223	626	160520	0	173969
6943	4414	3076	156914	10106	0	174510
6944	157020	2037	6069	7064	0	172190
6945	9779	2072	2438	159464	0	173753
6946	158627	1590	1671	10131	0	172019
6947	156889	1384	1101	6403	0	165777
6948	158463	1792	887	5011	0	166153
6949	11818	1776	963	150957	0	165514
6950	152693	1537	1409	9180	0	164819
6951	11276	1502	1185	151214	0	165177
6952	7368	1134	1023	156180	0	165705
6953	152955	1077	1080	11174	0	166286
6954	10815	1212	691	154249	0	166967
6955	152361	1350	620	10899	0	165230
6956	156416	1246	590	7207	0	165459
6957	12123	1222	478	152858	0	166681
6958	7420	1219	446	157763	0	166848
6959	6051	942	312	160856	0	168161
6960	5599	882	143770	13095	0	163346
6961	5214	813	146493	8489	0	161009
6962	5361	622	7229	147610	0	160822
6963	5225	692	3076	151818	0	160811
6964	4392	725	1750	154785	0	161652
6965	4127	748	1404	154750	0	161029
6966	3769	811	1338	157331	0	163249
6967	144344	862	1702	14351	0	161259
6968	8735	140751	1971	8685	0	160142
6969	5923	5747	1658	149215	0	162543
6970	147559	2465	1557	11709	0	163290
6971	9611	1573	1288	150145	0	162617
6972	5742	1380	1052	154773	0	162947
6973	146227	1173	1125	14134	0	162659
6974	150172	1134	1180	9128	0	161614
6975	11384	1439	140992	7093	0	160908
6976	7187	1153	5743	147971	0	162054
6977	6055	1102	143409	11558	0	162124
6978	5394	907	6426	149270	0	161997
6979	5132	654	2757	151926	0	160469
6980	5325	622	1797	154426	0	162170
6981	4902	719	141300	14139	0	161060
6982	4029	133836	6986	9446	0	154297
6983	3576	144530	3625	7974	0	159705
6984	3687	6871	2791	146383	0	159732
6985	141357	2757	2409	12098	0	158621
6986	8325	1636	138709	8532	0	157202
6987	4952	1344	144646	7063	0	158005
6988	3904	1360	8949	145289	0	159502
6989	3317	1507	4505	144395	0	153724
6990	2680	142997	3227	11951	0	160855
6991	2871	6704	2823	147554	0	159952
6992	3161	3282	2379	154479	0	163301
6993	2959	2240	2334	158063	0	165596
6994	148063	1525	2425	13787	0	165800
6995	152622	1505	2003	8944	0	165074
6996	9999	1527	1835	152434	0	165795
6997	5409	146590	1599	11697	0	165295
6998	4603	6236	1227	153758	0	165824
6999	146437	2857	1355	12279	0	162928
7000	7921	147304	1533	8633	0	165391
7001	5374	5935	1158	140479	0	152946
7002	4010	140389	1052	10185	0	155636
7003	140242	6188	1143	7469	0	155042
7004	136193	3391	1362	6164	0	147110
7005	8804	135090	1276	5521	0	150691
7006	4934	136945	1310	4630	0	147819
7007	3753	6465	125268	3982	0	139468
7008	2346	117418	4534	3699	0	127997
7009	3280	6254	2509	99658	0	111701
7010	2113	2004	96075	4998	0	105190
7011	607	72003	2025	1452	0	76087
7012	636	1459	640	60752	0	63487
7013	344	516	250	61830	0	62940
7014	318	292	150	62407	0	63167
7015	60303	221	109	1962	0	62595
7016	1191	236	58489	886	0	60802
7017	592	233	58850	495	0	60170
7018	413	232	1451	59598	0	61694
7019	207	261	63345	1387	0	65200
7020	318	241	1271	63941	0	65771
7021	352	204	589	62578	0	63723
7022	282	189	329	65810	0	66610
7023	251	174	241	66365	0	67031
7024	64390	177	215	2053	0	66835
7025	64135	181	177	1099	0	65592
7026	1613	186	192	65333	0	67324
7027	699	191	68174	1558	0	70622
7028	469	139	1147	68559	0	70314
7029	297	67198	566	1529	0	69590
7030	358	1043	329	68779	0	70509
7031	67970	476	275	1699	0	70420
7032	69357	282	233	1074	0	70946
7033	1669	222	225	69594	0	71710
7034	811	239	214	70202	0	71466
7035	493	189	171	71359	0	72212
7036	68977	229	167	2162	0	71535
7037	1290	280	68223	1063	0	70856
7038	748	235	67584	696	0	69263
7039	406	67336	1374	542	0	69658
7040	68406	1007	619	617	0	70649
7041	1204	541	343	69189	0	71277
7042	581	293	70735	1319	0	72928
7043	363	68519	1059	814	0	70755
7044	286	71493	533	605	0	72917
7045	349	1259	274	71642	0	73524
7046	360	575	197	72764	0	73896
7047	270	71662	226	1553	0	73711
7048	310	1069	184	73862	0	75425
7049	306	523	196	74229	0	75254
7050	72926	310	192	1789	0	75217
7051	1037	72702	213	906	0	74858
7052	575	1043	204	73072	0	74894
7053	302	595	71598	1339	0	73834
7054	402	376	947	71456	0	73181
7055	71712	253	457	1522	0	73944
7056	1032	72167	328	791	0	74318
7057	582	1044	195	73463	0	75284
7058	315	585	72498	1293	0	74691
7059	288	408	73344	810	0	74850
7060	345	342	1403	75938	0	78028
7061	341	272	573	78764	0	79950
7062	79002	240	302	1867	0	81411
7063	1226	80902	280	869	0	83277
7064	82019	1256	216	833	0	84324
7065	1423	597	83408	483	0	85911
7066	79847	365	1370	775	0	82357
7067	1601	319	86757	512	0	89189
7068	84263	269	1595	679	0	86806
7069	88035	266	688	644	0	89633
7070	2020	355	91503	471	0	94349
7071	950	325	88795	506	0	90576
7072	500	89969	1996	551	0	93016
7073	521	1471	857	94204	0	97053
7074	95873	659	475	2047	0	99054
7075	1720	387	346	97490	0	99943
7076	952	283	320	99127	0	100682
7077	641	231	350	100370	0	101592
7078	459	262	98418	2406	0	101545
7079	89773	240	1655	1507	0	93175
7080	99297	162	766	993	0	101218
7081	2115	100838	544	681	0	104178
7082	1074	1442	357	100748	0	103621
7083	595	103358	359	1784	0	106096
7084	631	1809	372	106027	0	108839
7085	105563	639	417	2420	0	109039
7086	1815	105003	340	1124	0	108282
7087	994	1548	256	103319	0	106117
7088	102526	646	284	2173	0	105629
7089	102702	342	229	1129	0	104402
7090	2387	263	280	100987	0	103917
7091	1042	240	101717	1902	0	104901
7092	829	1022	1513	97622	0	100986
7093	467	101958	658	1668	0	104751
7094	101370	1444	352	1019	0	104185
7095	1620	101179	333	533	0	103665
7096	876	1575	236	100564	0	103251
7097	102139	612	200	1820	0	104771
7098	1749	353	194	104793	0	107089
7099	1001	278	151	105276	0	106706
7100	524	313	104595	2006	0	107438
7101	390	103662	1416	981	0	106449
7102	102900	1361	533	879	0	105673
7103	98233	604	334	1032	0	100203
7104	1493	101613	246	438	0	103790
7105	570	103523	231	368	0	104692
7106	718	1382	192	102308	0	104600
7107	101461	561	142	1423	0	103587
7108	1202	100904	149	558	0	102813
7109	687	1120	100	102699	0	104606
7110	400	471	101496	1214	0	103581
7111	472	323	1029	101174	0	102998
7112	103566	176	351	1692	0	105785
7113	1133	104131	291	693	0	106248
7114	602	1136	189	108132	0	110059
7115	386	569	106332	1226	0	108513
7116	406	413	104483	537	0	105839
7117	500	253	1353	107277	0	109383
7118	463	256	498	110029	0	111246
7119	301	107197	322	1557	0	109377
7120	394	1246	140	108144	0	109924
7121	108606	468	208	1744	0	111026
7122	1401	403	201	109580	0	111585
7123	110194	264	190	1893	0	112541
7124	1497	108980	295	734	0	111506
7125	673	112895	253	569	0	114390
7126	635	1604	247	116529	0	119015
7127	569	651	220	114352	0	115792
7128	392	427	112951	1900	0	115670
7129	550	321	1446	111097	0	113414
7130	112508	291	602	2097	0	115498
7131	1579	436	111083	823	0	113921
7132	878	293	1436	113564	0	116171
7133	572	414	119037	1834	0	121857
7134	594	310	1676	119771	0	122351
7135	665	283	682	119549	0	121179
7136	568	253	410	123408	0	124639
7137	495	364	121759	2300	0	124918
7138	589	385	1515	119485	0	121974
7139	344	121496	689	2085	0	124614
7140	436	1501	440	125174	0	127551
7141	449	617	308	125004	0	126378
7142	122818	468	268	2722	0	126276
7143	1697	445	120428	1289	0	123859
7144	975	342	1560	122381	0	125258
7145	598	374	121020	2139	0	124131
7146	569	499	115950	1138	0	118156
7147	621	295	2001	124326	0	127243
7148	725	347	806	122438	0	124316
7149	505	351	473	129913	0	131242
7150	127799	308	370	2997	0	131474
7151	1840	463	125459	1370	0	129132
7152	129508	342	1710	1526	0	133086
7153	2160	368	681	138056	0	141265
7154	998	327	487	141558	0	143370
7155	636	145885	449	2654	0	149624
7156	672	1765	394	150686	0	153517
7157	669	619	406	150553	0	152247
7158	707	473	453	151249	0	152882
7159	143369	241	422	3024	0	147056
7160	1654	359	138918	1442	0	142373
7161	129072	256	1497	1535	0	132360
7162	1732	140677	692	953	0	144054
7163	138928	1337	439	1082	0	141786
7164	1600	137184	409	778	0	139971
7165	726	137969	395	743	0	139833
7166	1096	1651	518	137863	0	141128
7167	138133	523	598	1955	0	141209
7168	1446	373	201	139133	0	141153
7169	523	135111	269	1879	0	137782
7170	421	142423	264	980	0	144088
7171	484	1727	194	144727	0	147132
7172	499	699	173	144177	0	145548
7173	327	144273	311	2218	0	147129
7174	494	1662	210	149926	0	152292
7175	523	617	200	150602	0	151942
7176	471	454	206	153131	0	154262
7177	151165	344	163	3015	0	154687
7178	1724	453	148790	1227	0	152194
7179	147385	297	1594	1509	0	150785
7180	156904	278	547	1198	0	158927
7181	155520	251	372	1043	0	157186
7182	2213	152712	323	694	0	155942
7183	992	1514	163	153260	0	155929
7184	153018	535	187	2087	0	155827
7185	1779	394	173	155138	0	157484
7186	154508	228	150	2283	0	157169
7187	1583	161712	235	972	0	164502
7188	168452	1357	166	1398	0	171373
7189	170929	532	164	1163	0	172788
7190	172666	341	182	955	0	174144
7191	2334	281	167	171263	0	174045
7192	1227	282	157	176083	0	177749
7193	177217	199	159	2647	0	180222
7194	1676	173943	237	1110	0	176966
7195	760	174756	205	789	0	176510
7196	181884	1515	174	1164	0	184737
7197	1815	640	137	181773	0	184365
7198	1017	436	131	182078	0	183662
7199	775	266	128	186238	0	187407
7200	550	182338	251	2481	0	185620
7201	184196	1600	133	1737	0	187666
7202	2012	650	131	186899	0	189692
7203	879	187992	233	2107	0	191211
7204	916	1873	108	195975	0	198872
7205	733	790	137	197118	0	198778
7206	732	484	117	196506	0	197839
7207	645	370	109	198634	0	199758
7208	196744	309	130	3365	0	200548
7209	194838	311	121	1957	0	197227
7210	198476	293	122	1687	0	200578
7211	2758	292	104	198708	0	201862
7212	1314	443	193246	2159	0	197162
7213	1144	523	173557	1369	0	176593
7214	844	600	183617	996	0	186057
7215	198037	354	2137	1470	0	201998
7216	2111	392	827	201413	0	204743
7217	1174	294	401	199413	0	201282
7218	889	259	215	203432	0	204795
7219	200587	265	198	3339	0	204389
7220	199230	285	221	2115	0	201851
7221	2371	209725	322	1120	0	213538
7222	1374	1570	164	213359	0	216467
7223	936	797	208488	2042	0	212263
7224	666	210127	1594	1185	0	213572
7225	833	1859	558	213968	0	217218
7226	901	708	423	214736	0	216768
7227	843	463	292	211984	0	213582
7228	899	416	213	207692	0	209220
7229	662	445	207923	2623	0	211653
7230	719	522	195744	1561	0	198546
7231	603	209977	1774	1147	0	213501
7232	721	1385	599	213206	0	215911
7233	741	565	346	209480	0	211132
7234	205540	400	263	2867	0	209070
7235	1730	553	206954	1164	0	210401
7236	1097	280	1361	207602	0	210340
7237	874	288	670	214624	0	216456
7238	687	428	217914	2132	0	221161
7239	476	216267	1573	1308	0	219624
7240	217112	1400	578	1943	0	221033
7241	1712	771	214835	875	0	218193
7242	207147	425	1451	1673	0	210696
7243	1864	549	222737	759	0	225909
7244	1196	317	1480	225746	0	228739
7245	763	517	225788	1737	0	228805
7246	705	614	225579	1110	0	228008
7247	908	352	1712	231835	0	234807
7248	2106	586	1402	201111	0	205205
7249	673	242	481	240664	0	242060
7250	815	273	396	235844	0	237328
7251	781	265	381	234481	0	235908
7252	466	447	233744	2414	0	237071
7253	718	551	217625	1439	0	220333
7254	407	232972	1991	1063	0	236433
7255	232126	1445	818	1756	0	236145
7256	2035	689	533	234964	0	238221
7257	235406	281	398	3159	0	239244
7258	2316	289	345	235504	0	238454
7259	241540	203	362	3806	0	245911
7260	2394	199	394	245084	0	248071
7261	1142	206	356	246824	0	248528
7262	599	248966	541	2905	0	253011
7263	706	1839	348	257260	0	260153
7264	757	728	334	256850	0	258669
7265	780	395	333	256170	0	257678
7266	757	259	337	255452	0	256805
7267	385	249103	497	3144	0	253129
7268	248359	1587	291	2659	0	252896
7269	1785	247847	418	1204	0	251254
7270	868	1674	204	244810	0	247556
7271	239960	535	219	3149	0	243863
7272	1818	689	232516	962	0	235985
7273	801	541	230083	775	0	232200
7274	1117	743	1981	228447	0	232288
7275	587	282	799	237592	0	239260
7276	465	193	392	237703	0	238753
7277	832	235	364	224929	0	226360
7278	567	141	246	231588	0	232542
7279	225	227395	355	2252	0	230227
7280	359	1246	238	231844	0	233687
7281	228710	389	227	3173	0	232499
7282	1682	260	229	231889	0	234060
7283	557	435	233328	1958	0	236278
7284	733	151	1501	230674	0	233059
7285	229288	113	555	3361	0	233317
7286	1517	239400	569	1077	0	242563
7287	914	1573	244	246274	0	249005
7288	868	553	194	253839	0	255454
7289	426	552	250085	3881	0	254944
7290	520	649	308099	1381	0	310649
7291	379297	263	7514	2105	0	389179
7292	11977	417	2506	384365	0	399265
7293	6889	313	2139	401132	0	410473
7294	4477	669	417912	16020	0	439078
7295	3360	736	423268	9508	0	436872
7296	1662	427229	17321	7833	0	454045
7297	3417	12245	9224	426507	0	451393
7298	808	5530	434032	13783	0	454153
7299	443	429904	17490	6756	0	454593
7300	428556	15055	8640	6699	0	458950
7301	447124	7236	6627	5385	0	466372
7302	19439	5972	4452	429396	0	459259
7303	9958	438623	3756	14225	0	466562
7304	440779	15030	3148	8260	0	467217
7305	20563	7643	2213	415982	0	446401
7306	10013	6273	429146	15339	0	460771
7307	7623	436390	14110	8436	0	466559
7308	433954	15410	6906	8514	0	464784
7309	449186	7728	5734	6632	0	469280
7310	21754	6455	4393	436339	0	468941
7311	14068	4594	3383	448610	0	470655
7312	9168	4118	434736	19985	0	468007
7313	9831	3265	14162	439784	0	467042
7314	8814	2585	6881	424925	0	443205
7315	6712	1911	5423	448377	0	462423
7316	5667	1862	4193	451108	0	462830
7317	5082	2047	3340	437542	0	448011
7318	3057	427385	3259	29253	0	462954
7319	427024	13517	2437	20447	0	463425
7320	15292	6699	426814	14637	0	463442
7321	7916	420001	14392	11389	0	453698
7322	9358	15727	6822	431956	0	463863
7323	429150	7860	5925	21364	0	464299
7324	18649	6384	5205	433963	0	464201
7325	10893	4873	4404	441273	0	461443
7326	8966	3762	4035	446896	0	463659
7327	7366	3290	3468	451197	0	465321
7328	5330	2985	420550	32408	0	461273
7329	4723	422160	15031	21847	0	463761
7330	423091	14972	6892	19627	0	464582
7331	16777	7760	424590	14327	0	463454
7332	10369	6703	18766	429117	0	464955
7333	426593	5984	10221	22747	0	465545
7334	19102	425294	8905	12896	0	466197
7335	432037	17268	7006	12731	0	469042
7336	23501	9337	5915	415403	0	454156
7337	14778	7945	4644	440426	0	467793
7338	13124	6104	3409	439985	0	462622
7339	10882	4733	2843	445307	0	463765
7340	418080	4591	2982	34955	0	460608
7341	20006	4348	2915	433541	0	460810
7342	12370	3228	3155	444907	0	463660
7343	410423	3244	3238	34119	0	451024
7344	21070	3515	401447	21731	0	447763
7345	13464	3265	15356	418673	0	450758
7346	401335	2754	7302	28648	0	440039
7347	410489	2618	6212	18439	0	437758
7348	26096	2958	5135	400179	0	434368
7349	16951	2596	4799	402393	0	426739
7350	12852	368616	4723	29369	0	415560
7351	10810	14400	3398	391709	0	420317
7352	9151	6929	2563	397358	0	416001
7353	7027	5635	361497	34380	0	408539
7354	5845	4620	359105	24231	0	393801
7355	4698	357917	19444	20887	0	402946
7356	6053	15534	11385	364628	0	397600
7357	6076	7737	10039	381742	0	405594
7358	362478	6868	8817	29390	0	407553
7359	17594	6139	6920	369745	0	400398
7360	11145	5310	352717	29141	0	398313
7361	11023	4229	16473	367841	0	399566
7362	7924	4157	344769	30887	0	387737
7363	7096	4091	353696	21085	0	385968
7364	6944	4196	23293	349999	0	384432
7365	6035	3788	14359	368045	0	392227
7366	348553	4037	11326	30566	0	394482
7367	360143	3552	8956	21022	0	393673
7368	23485	3199	8151	361631	0	396466
7369	362392	3553	5982	28231	0	400158
7370	374332	2533	4505	19550	0	400920
7371	29488	3186	3690	366788	0	403152
7372	19838	3199	3645	377523	0	404205
7373	365633	2737	3691	30880	0	402941
7374	363405	1873	4124	22140	0	391542
7375	27067	1765	3858	358550	0	391240
7376	17540	340098	4488	28652	0	390778
7377	15700	13733	3171	361714	0	394318
7378	13065	6101	2599	374226	0	395991
7379	9469	5281	341133	34622	0	390505
7380	9098	4158	13818	368178	0	395252
7381	338194	3275	7637	33666	0	382772
7382	17303	343389	7397	22768	0	390857
7383	350425	14288	5239	19635	0	389587
7384	355790	7060	4460	16303	0	383613
7385	363989	6299	3546	14625	0	388459
7386	30735	7428	3322	337939	0	379424
7387	22419	4660	309368	22591	0	359038
7388	18930	4287	304146	14740	0	342103
7389	12494	297828	17699	15243	0	343264
7390	7172	236212	7759	9809	0	260952
7391	3837	160942	2793	3635	0	171207
7392	3277	156744	3238	3579	0	166838
7393	4517	4432	147786	3410	0	160145
7394	118853	3625	5449	2505	0	130432
7395	2444	994	793	118682	0	122913
7396	1259	481	351	115891	0	117982
7397	1155	410	293	115451	0	117309
7398	812	114423	382	2315	0	117932
7399	111271	1485	367	1638	0	114761
7400	1854	558	111548	959	0	114919
7401	624	106115	1427	593	0	108759
7402	781	1448	714	107783	0	110726
7403	107448	469	422	1855	0	110194
7404	1603	333	237	107180	0	109353
7405	618	318	104606	1574	0	107116
7406	486	347	102284	720	0	103837
7407	612	252	1431	105817	0	108112
7408	561	176	524	106220	0	107481
7409	105481	117	272	2235	0	108105
7410	1365	211	105099	778	0	107453
7411	101954	158	1225	931	0	104268
7412	104616	169	416	796	0	105997
7413	1804	156	299	105365	0	107624
7414	663	273	107222	1381	0	109539
7415	617	214	1191	107215	0	109237
7416	108040	118	457	1961	0	110576
7417	1372	107869	371	740	0	110352
7418	109510	1174	279	892	0	111855
7419	1658	408	297	111747	0	114110
7420	608	114381	284	1848	0	117121
7421	614	1595	175	115604	0	117988
7422	602	549	189	117925	0	119265
7423	379	117862	279	2342	0	120862
7424	599	1882	220	120227	0	122928
7425	701	586	187	123436	0	124910
7426	647	355	181	126854	0	128037
7427	366	362	126920	2981	0	130629
7428	314	126195	2266	1324	0	130099
7429	128697	2228	630	1240	0	132795
7430	2801	792	388	131631	0	135612
7431	902	140715	438	2720	0	144775
7432	149805	2790	242	1622	0	154459
7433	3586	931	215	150804	0	155536
7434	1593	626	209	152629	0	155057
7435	1277	551	199	150552	0	152579
7436	1149	507	194	148737	0	150587
7437	145926	406	202	5297	0	151831
7438	3708	354	160	148983	0	153205
7439	1734	313	187	151653	0	153887
7440	148482	310	235	5510	0	154537
7441	4097	359	246	150476	0	155178
7442	1581	517	147694	4561	0	154353
7443	1454	355	3020	149821	0	154650
7444	145155	382	994	4958	0	151489
7445	4079	486	546	147014	0	152125
7446	1653	512	145984	4580	0	152729
7447	1101	454	143385	2548	0	147488
7448	145532	319	4151	2557	0	152559
7449	153220	308	1457	2335	0	157320
7450	154469	235	951	2143	0	157798
7451	155225	280	788	1888	0	158181
7452	5345	402	152114	1355	0	159216
7453	3179	220	3437	151623	0	158459
7454	2372	281	1243	157147	0	161043
7455	154545	205	853	5690	0	161293
7456	4599	255	922	156711	0	162487
7457	1819	365	154199	5052	0	161435
7458	1943	336	3518	156023	0	161820
7459	1245	313	156886	5092	0	163536
7460	1110	155841	4114	2568	0	163633
7461	158973	3337	1980	2316	0	166606
7462	4786	1093	1113	159025	0	166017
7463	2147	681	155576	4579	0	162983
7464	2131	500	3880	156802	0	163313
7465	2045	396	1489	164705	0	168635
7466	1275	437	163894	6020	0	171626
7467	1576	353	4422	165205	0	171556
7468	163819	278	1906	6645	0	172648
7469	4671	531	155624	3385	0	164211
7470	153317	388	4060	3135	0	160900
7471	4914	154850	2144	2282	0	164190
7472	2446	3587	155659	2053	0	163745
7473	1876	1491	157298	1903	0	162568
7474	2773	2375	5532	136692	0	147372
7475	1988	736	2244	147804	0	152772
7476	1125	662	148273	5640	0	155700
7477	1333	422	4475	148876	0	155106
7478	149016	318	2166	6118	0	157618
7479	151582	297	1460	3938	0	157277
7480	5245	336	1425	149571	0	156577
7481	2876	385	1259	149635	0	154155
7482	2082	148243	1166	5948	0	157439
7483	152748	3368	1115	3682	0	160913
7484	5209	1311	1012	154129	0	161661
7485	2344	155095	1153	5646	0	164238
7486	157655	3821	1209	3690	0	166375
7487	160368	1550	1123	3265	0	166306
7488	5684	161756	1166	2799	0	171405
7489	3270	4051	1047	164427	0	172795
7490	2732	1572	1034	166629	0	171967
7491	2266	1081	158753	6815	0	168915
7492	2445	885	4446	159055	0	166831
7493	158416	760	1960	6958	0	168094
7494	5670	674	1373	159569	0	167286
7495	2736	656	155049	6995	0	165436
7496	155054	633	4804	4220	0	164711
7497	6151	597	2109	158232	0	167089
7498	3111	663	155952	6598	0	166324
7499	2828	669	4948	157693	0	166138
7500	2537	695	157206	6539	0	166977
7501	2781	553	5105	158129	0	166568
7502	2378	568	2588	162633	0	168167
7503	157293	500	2075	8119	0	167987
7504	5084	156695	1993	4720	0	168492
7505	159614	4018	1884	4051	0	169567
7506	160363	1427	1544	3811	0	167145
7507	161341	920	1461	3540	0	167262
7508	7139	157725	1714	2700	0	169278
7509	3934	4494	157906	2473	0	168807
7510	3576	1683	5070	158889	0	169218
7511	161006	1184	2447	6378	0	171015
7512	163709	981	2082	3748	0	170520
7513	7068	906	1849	159289	0	169112
7514	158705	800	1863	7056	0	168424
7515	6424	719	155251	4192	0	166586
7516	154613	713	5013	3746	0	164085
7517	6928	859	154226	3046	0	165059
7518	3883	150898	5231	2801	0	162813
7519	151838	3758	2850	2730	0	161176
7520	149006	1555	2172	2795	0	155528
7521	6473	146940	2032	2237	0	157682
7522	146494	4286	2078	2697	0	155555
7523	145662	1670	1594	2589	0	151515
7524	6370	1176	140096	2264	0	149906
7525	135825	907	4066	2403	0	143201
7526	5620	834	135042	2028	0	143524
7527	3310	2082	3924	124023	0	133339
7528	2576	127781	2234	3917	0	136508
7529	2473	2930	127219	2183	0	134805
7530	115285	3161	4714	3521	0	126681
7531	111965	1414	1877	1997	0	117253
7532	3802	658	926	104792	0	110178
7533	2069	629	103932	2603	0	109233
7534	1783	718	2466	103919	0	108886
7535	104190	434	1203	3114	0	108941
7536	3104	105264	924	1537	0	110829
7537	105185	2067	837	1500	0	109589
7538	106422	789	760	1306	0	109277
7539	3465	103825	758	1013	0	109061
7540	2096	2108	595	105153	0	109952
7541	106867	973	645	2709	0	111194
7542	3359	657	652	106911	0	111579
7543	2102	635	644	111088	0	114469
7544	1570	703	111434	3077	0	116784
7545	1741	523	2390	111221	0	115875
7546	1651	480	978	113233	0	116342
7547	111103	438	717	3866	0	116124
7548	112950	429	689	1874	0	115942
7549	4164	461	718	112019	0	117362
7550	2059	497	109419	3307	0	115282
7551	1779	489	107290	1635	0	111193
7552	1727	632	3174	108003	0	113536
7553	1440	468	111508	3203	0	116619
7554	1489	688	3030	109689	0	114896
7555	1451	431	1439	110331	0	113652
7556	110531	348	1085	3833	0	115797
7557	3206	375	108887	1794	0	114262
7558	106830	341	2696	1766	0	111633
7559	108111	249	1267	1693	0	111320
7560	3759	318	104944	1248	0	110269
7561	1993	381	106062	1009	0	109445
7562	1926	2647	2988	100513	0	108074
7563	1453	98700	1390	2425	0	103968
7564	1401	102820	1000	1238	0	106459
7565	1759	2302	701	96730	0	101492
7566	1133	743	498	94968	0	97342
7567	1033	370	461	97344	0	99208
7568	1018	263	459	98098	0	99838
7569	94393	263	482	2893	0	98031
7570	2348	288	521	95025	0	98182
7571	1016	301	93250	2445	0	97012
7572	1030	242	1824	91193	0	94289
7573	950	90128	756	2104	0	93938
7574	1073	1510	571	92067	0	95221
7575	91688	411	534	2409	0	95042
7576	2316	319	573	92568	0	95776
7577	903	334	91763	2235	0	95235
7578	652	89270	2000	1149	0	93071
7579	776	1529	811	91460	0	94576
7580	90680	490	565	2488	0	94223
7581	91863	301	493	1224	0	93881
7582	2701	272	394	91568	0	94935
7583	1159	282	86542	2055	0	90038
7584	1008	322	81208	830	0	83368
7585	82484	163	1984	932	0	85563
7586	2125	210	85266	598	0	88199
7587	794	259	83774	502	0	85329
7588	837	694	1645	78350	0	81526
7589	82684	78	732	1688	0	85182
7590	81889	78	405	907	0	83279
7591	82463	84	313	738	0	83598
7592	1800	134	86956	381	0	89271
7593	790	140	86104	380	0	87414
7594	461	91037	1519	416	0	93433
7595	518	1144	708	90549	0	92919
7596	449	326	438	92108	0	93321
7597	529	183	383	88776	0	89871
7598	474	105	360	92102	0	93041
7599	395	144	91457	1806	0	93802
7600	345	90736	1331	919	0	93331
7601	95189	1117	595	813	0	97714
7602	104809	367	464	842	0	106482
7603	107467	191	325	766	0	108749
7604	2657	109163	421	474	0	112715
7605	1104	2178	298	110338	0	113918
7606	115688	516	306	2913	0	119423
7607	2686	121289	382	1077	0	125434
7608	119837	2558	309	1067	0	123771
7609	2972	120384	373	563	0	124292
7610	121035	2846	332	795	0	125008
7611	122905	910	296	757	0	124868
7612	3834	595	319	122360	0	127108
7613	1864	393	243	127532	0	130032
7614	1035	415	125429	3686	0	130565
7615	869	437	121474	1454	0	124234
7616	124469	277	3664	1231	0	129641
7617	130622	256	1373	913	0	133164
7618	4351	348	799	126479	0	131977
7619	2206	289	546	129380	0	132421
7620	1387	339	125997	4098	0	131821
7621	1363	427	2993	124998	0	129781
7622	866	467	125985	4075	0	131393
7623	1254	447	3396	125826	0	130923
7624	1246	434	1297	131108	0	134085
7625	128285	329	835	4968	0	134417
7626	128655	389	565	2413	0	132022
7627	4851	342	518	127879	0	133590
7628	2543	317	542	129838	0	133240
7629	1422	426	126424	4714	0	132986
7630	1592	304	3274	127967	0	133137
7631	1138	398	128370	4417	0	134323
7632	126704	322	3747	2427	0	133200
7633	4374	316	1539	130304	0	136533
7634	128984	333	1130	4521	0	134968
7635	4258	127310	863	2341	0	134772
7636	130090	3122	841	2103	0	136156
7637	4652	1213	757	129255	0	135877
7638	2553	803	739	129267	0	133362
7639	1772	128165	782	4705	0	135424
7640	2008	3253	666	131115	0	137042
7641	1446	1342	128315	4666	0	135769
7642	1878	853	3383	129017	0	135131
7643	1307	556	125287	4622	0	131772
7644	1032	120896	3728	2602	0	128258
7645	1311	2769	1853	123169	0	129102
7646	1122	1048	122301	4007	0	128478
7647	1164	722	119645	2324	0	123855
7648	1532	851	3890	118931	0	125204
7649	118102	473	2210	4233	0	125018
7650	3459	382	117182	2251	0	123274
7651	1946	296	3286	117055	0	122583
7652	118305	317	1619	4492	0	124733
7653	3228	115177	1328	2325	0	122058
7654	121897	2686	953	2590	0	128126
7655	3928	1050	876	122675	0	128529
7656	2133	749	715	124334	0	127931
7657	1729	578	701	126664	0	129672
7658	123655	560	728	5552	0	130495
7659	3699	443	756	125696	0	130594
7660	1940	388	978	128523	0	131829
7661	121652	412	1021	5397	0	128482
7662	3636	542	120263	3008	0	127449
7663	2205	472	3334	122325	0	128336
7664	1630	493	121722	4335	0	128180
7665	119173	521	3566	2818	0	126078
7666	4309	593	1598	122941	0	129441
7667	2285	779	123691	4121	0	130876
7668	119371	686	3290	2854	0	126201
7669	124510	644	1571	2607	0	129332
7670	4698	789	127081	2066	0	134634
7671	2797	734	3300	126752	0	133583
7672	2088	579	1769	131224	0	135660
7673	1509	626	131049	5190	0	138374
7674	1445	128822	3633	3245	0	137145
7675	1595	2937	132357	2378	0	139267
7676	125315	1257	3959	2684	0	133215
7677	3752	856	134841	2243	0	141692
7678	128431	500	4179	2527	0	135637
7679	4249	501	134644	1977	0	141371
7680	129413	278	4208	2516	0	136415
7681	4086	134211	2498	2058	0	142853
7682	2643	2598	1790	134667	0	141698
7683	2316	1092	1405	139419	0	144232
7684	1783	819	137450	4934	0	144986
7685	1955	585	3521	132760	0	138821
7686	1576	133634	1902	4731	0	141843
7687	132532	2615	1538	3288	0	139973
7688	3443	132890	1350	2718	0	140401
7689	2067	2841	1274	135508	0	141690
7690	135008	1080	1206	4880	0	142174
7691	3877	135642	1291	2893	0	143703
7692	133500	2995	1201	2536	0	140232
7693	4505	1357	133398	1962	0	141222
7694	2694	825	3819	134072	0	141410
7695	2270	676	2025	135593	0	140564
7696	1857	588	1595	139696	0	143736
7697	136327	583	1392	5849	0	144151
7698	137685	633	1392	3360	0	143070
7699	138293	586	1314	2626	0	142819
7700	137659	623	1163	2284	0	141729
7701	5285	625	128675	1721	0	136306
7702	114092	376	2347	1342	0	118157
7703	3236	114293	1431	1074	0	120034
7704	1643	115171	913	818	0	118545
7705	113847	2174	2932	1314	0	120267
7706	112284	754	1508	1087	0	115633
7707	2292	358	421	107337	0	110408
7708	109597	241	465	1999	0	112302
7709	109263	253	338	1156	0	111010
7710	117570	203	338	948	0	119059
7711	2746	287	331	116122	0	119486
7712	1139	113603	365	1745	0	116852
7713	708	116253	303	680	0	117944
7714	849	1909	313	115945	0	119016
7715	114490	620	314	1933	0	117357
7716	1600	115349	280	680	0	117909
7717	880	1413	184	114965	0	117442
7718	532	566	115590	1495	0	118183
7719	106862	304	1359	1137	0	109662
7720	1654	114516	478	536	0	117184
7721	695	118084	346	409	0	119534
7722	115288	1554	236	834	0	117912
7723	1762	568	117153	342	0	119825
7724	1005	306	1353	113412	0	116076
7725	564	117155	463	1339	0	119521
7726	742	1437	283	118655	0	121117
7727	733	519	172	117563	0	118987
7728	635	110067	407	1706	0	112815
7729	733	1395	177	121043	0	123348
7730	757	556	160	121660	0	123133
7731	120003	375	196	2316	0	122890
7732	1644	118704	252	740	0	121340
7733	119794	1495	145	946	0	122380
7734	1958	602	160	118957	0	121677
7735	777	120560	237	1562	0	123136
7736	677	1597	120392	562	0	123228
7737	944	777	1415	120842	0	123978
7738	833	474	452	125343	0	127102
7739	516	473	126369	1944	0	129302
7740	120986	384	1682	1259	0	124311
7741	2163	336	449	140006	0	142954
7742	140008	363	302	3262	0	143935
7743	2844	471	136484	999	0	140798
7744	1496	367	2397	139023	0	143283
7745	830	487	145391	2765	0	149473
7746	1036	499	2781	146654	0	150970
7747	954	507	966	150966	0	153393
7748	149340	304	551	4148	0	154343
7749	2731	150428	481	1628	0	155268
7750	151335	2740	283	1555	0	155913
7751	3278	1111	150681	674	0	155744
7752	1711	718	2695	150913	0	156037
7753	854	525	154096	3048	0	158523
7754	137613	457	3218	1930	0	143218
7755	149735	323	1028	1554	0	152640
7756	3754	382	148500	730	0	153366
7757	146143	341	2861	1239	0	150584
7758	151960	336	1127	1094	0	154517
7759	4233	263	780	149915	0	155191
7760	1655	390	147236	3262	0	152543
7761	1235	421	150357	1448	0	153461
7762	1345	350	3587	151480	0	156762
7763	1377	381	1427	150113	0	153298
7764	925	147411	1117	3723	0	153176
7765	842	153148	831	1874	0	156695
7766	151881	3340	702	1777	0	157700
7767	3757	1314	735	150384	0	156190
7768	1594	147542	837	3435	0	153408
7769	1213	154085	806	1614	0	157718
7770	147241	3509	788	1674	0	153212
7771	3741	1388	612	147933	0	153674
7772	1678	149006	695	3443	0	154822
7773	1726	3171	640	148876	0	154413
7774	1539	1299	673	149440	0	152951
7775	1480	770	714	149111	0	152075
7776	145672	637	659	5132	0	152100
7777	3489	144579	722	2187	0	150977
7778	2105	3141	696	145588	0	151530
7779	1857	1303	673	147392	0	151225
7780	1684	941	675	148145	0	151445
7781	1174	815	141330	4638	0	147957
7782	136653	708	3202	2698	0	143261
7783	3866	620	1421	142973	0	148880
7784	140105	542	1132	4443	0	146222
7785	141259	624	876	2510	0	145269
7786	140889	669	798	2226	0	144582
7787	4592	793	138405	1519	0	145309
7788	2138	137200	3237	1460	0	144035
7789	1901	3256	1292	136334	0	142783
7790	1248	1455	136376	3574	0	142653
7791	1191	1259	131860	1878	0	136188
7792	1396	1551	3485	126712	0	133144
7793	950	127553	1585	3224	0	133312
7794	128663	2748	1048	2540	0	134999
7795	131485	1224	807	2145	0	135661
7796	133138	1028	593	1977	0	136736
7797	132649	762	516	1963	0	135890
7798	4229	797	128906	1422	0	135354
7799	127395	701	2653	1759	0	132508
7800	3594	131036	1322	1385	0	137337
7801	2054	2692	957	133129	0	138832
7802	1642	1211	763	135896	0	139512
7803	133848	772	785	4486	0	139891
7804	3692	573	806	134467	0	139538
7805	1964	573	129312	3834	0	135683
7806	123907	475	2828	2512	0	129722
7807	128754	522	1340	2058	0	132674
7808	128210	484	1039	1840	0	131573
7809	4490	605	124133	1155	0	130383
7810	115062	410	2711	1612	0	119795
7811	3452	116697	1482	1157	0	122788
7812	117928	2250	1352	1536	0	123066
7813	3556	1215	922	115646	0	121339
7814	1847	896	816	116408	0	119967
7815	1416	114612	757	3293	0	120078
7816	1412	2476	584	115220	0	119692
7817	1232	115377	696	2984	0	120289
7818	1416	2713	690	114157	0	118976
7819	1247	113482	680	2799	0	118208
7820	1541	2542	507	113597	0	118187
7821	1270	113505	603	2878	0	118256
7822	1378	2642	505	116910	0	121435
7823	1141	117394	602	3067	0	122204
7824	126502	2873	416	2115	0	131906
7825	3924	1311	441	128953	0	134629
7826	2236	873	444	131752	0	135305
7827	1742	762	340	139230	0	142074
7828	1506	670	401	141480	0	144057
7829	1062	771	139988	6095	0	147916
7830	1598	600	3763	141784	0	147745
7831	1501	639	1453	145730	0	149323
7832	141497	574	844	6261	0	149176
7833	141113	560	589	3280	0	145542
7834	5455	141927	584	1928	0	149894
7835	3147	3835	461	141680	0	149123
7836	2251	1676	475	151678	0	156080
7837	154492	973	433	6590	0	162488
7838	5365	948	147377	2949	0	156639
7839	145630	619	3973	2527	0	152749
7840	5337	149539	1698	1632	0	158206
7841	137634	3427	661	1303	0	143025
7842	137438	1311	450	1306	0	140505
7843	4911	134196	562	804	0	140473
7844	2026	138912	431	776	0	142145
7845	2447	4895	596	128622	0	136560
7846	956	1707	128176	3410	0	134249
7847	124331	778	3162	1854	0	130125
7848	3647	700	127243	910	0	132500
7849	122993	491	3465	1091	0	128040
7850	3847	415	126481	653	0	131396
7851	1662	124415	3636	621	0	130334
7852	1475	3203	1461	124865	0	131004
7853	122298	1192	760	3740	0	127990
7854	125499	726	518	1645	0	128388
7855	5078	555	369	124486	0	130488
7856	127974	478	372	3962	0	132786
7857	128878	581	298	1990	0	131747
7858	4936	126257	428	1075	0	132696
7859	127997	3455	349	1257	0	133058
7860	4524	128477	553	762	0	134316
7861	2593	3783	425	128778	0	135579
7862	128649	1365	470	4176	0	134660
7863	132900	881	366	1831	0	135978
7864	133951	697	349	1225	0	136222
7865	5744	759	128760	646	0	135909
7866	2408	735	131776	708	0	135627
7867	2180	507	4559	131740	0	138986
7868	1994	398	1625	138918	0	142935
7869	1267	145491	956	5057	0	152771
7870	147651	4327	607	2163	0	154748
7871	5664	1747	625	147254	0	155290
7872	2922	1058	415	152037	0	156432
7873	1602	843	149505	6181	0	158131
7874	1277	144506	4436	2713	0	152932
7875	1214	152812	1643	1695	0	157364
7876	1919	5550	803	152009	0	160281
7877	150443	2117	618	5541	0	158719
7878	5648	1067	639	150399	0	157753
7879	2858	800	746	155802	0	160206
7880	152329	797	689	6981	0	160796
7881	155721	785	568	3444	0	160518
7882	7167	747	468	153640	0	162022
7883	3186	891	151319	5882	0	161278
7884	2504	632	4569	154427	0	162132
7885	2111	548	1799	158793	0	163251
7886	155221	507	1014	7808	0	164550
7887	6140	582	807	157239	0	164768
7888	157100	736	802	6995	0	165633
7889	6366	865	157400	3408	0	168039
7890	3494	757	4797	162441	0	171489
7891	2827	686	1923	167997	0	173433
7892	2351	690	1094	170617	0	174752
7893	2357	725	756	168920	0	172758
7894	2441	734	761	167349	0	171285
7895	1860	814	158721	8588	0	169983
7896	157734	724	5232	4629	0	168319
7897	6368	671	2315	160958	0	170312
7898	2979	825	157703	7221	0	168728
7899	2231	877	159184	4118	0	166410
7900	2507	696	6490	159219	0	168912
7901	158668	750	2781	7283	0	169482
7902	160648	837	1725	4168	0	167378
7903	164757	820	1454	3252	0	170283
7904	8667	824	1321	155318	0	166130
7905	4088	159024	1354	6932	0	171398
7906	163464	5042	1222	4413	0	174141
7907	167119	2256	1176	3358	0	173909
7908	168052	1489	1129	2997	0	173667
7909	168418	1062	1069	2789	0	173338
7910	9296	1077	1077	162004	0	173454
7911	4946	931	160162	7021	0	173060
7912	3882	842	5577	161919	0	172220
7913	2985	971	161529	7567	0	173052
7914	160563	782	5906	4505	0	171756
7915	165810	620	2685	3615	0	172730
7916	8595	697	159482	3152	0	171926
7917	159365	522	5610	3266	0	168763
7918	169007	550	2821	3302	0	175680
7919	9203	739	1760	162654	0	174356
7920	5089	162570	1576	6774	0	176009
7921	166051	4822	1450	4026	0	176349
7922	7993	3291	1312	157544	0	170140
7923	4416	155507	1171	6777	0	167871
7924	3342	4589	1035	152405	0	161371
7925	2487	1650	150629	6169	0	160935
7926	2569	151146	4117	3748	0	161580
7927	144926	4168	2404	3186	0	154684
7928	145164	1846	1881	2816	0	151707
7929	142068	844	1257	2236	0	146405
7930	143605	546	1310	2214	0	147675
7931	6221	1274	1083	137318	0	145896
7932	3451	137190	1078	4557	0	146276
7933	134028	3179	1159	3110	0	141476
7934	5282	1493	134800	2109	0	143684
7935	3158	132134	3588	1983	0	140863
7936	2474	2711	125885	1763	0	132833
7937	2239	1304	2929	114506	0	120978
7938	1807	109552	1527	2997	0	115883
7939	1835	2390	942	119890	0	125057
7940	1833	1177	124321	3223	0	130554
7941	2102	697	2583	121796	0	127178
7942	2010	577	1299	126186	0	130072
7943	1907	526	934	128969	0	132336
7944	124667	483	825	4395	0	130370
7945	3423	124500	900	2448	0	131271
7946	2361	2300	775	126669	0	132105
7947	123955	958	909	3753	0	129575
7948	3342	124794	900	2272	0	131308
7949	125454	2328	854	1996	0	130632
7950	3726	1203	126414	1572	0	132915
7951	2609	960	2559	122790	0	128918
7952	2085	125866	1331	3009	0	132291
7953	126496	2419	1060	2010	0	131985
7954	3681	1327	123829	1447	0	130284
7955	2391	118383	2639	1472	0	124885
7956	1961	2272	1225	121030	0	126488
7957	1666	1208	877	123022	0	126773
7958	121148	899	732	3487	0	126266
7959	3200	760	750	120059	0	124769
7960	1990	790	117356	2786	0	122922
7961	1921	797	1912	114749	0	119379
7962	1584	652	118529	2638	0	123403
7963	1784	1138	2148	112883	0	117953
7964	1459	117250	1151	2342	0	122202
7965	117232	1892	959	1830	0	121913
7966	114259	984	746	1480	0	117469
7967	2830	110186	671	1002	0	114689
7968	1212	105907	549	666	0	108334
7969	1762	1204	756	101338	0	105060
7970	100434	434	447	1333	0	102648
7971	1415	374	300	99896	0	101985
7972	99342	302	260	1405	0	101309
7973	1251	96503	285	518	0	98557
7974	762	857	228	99163	0	101010
7975	599	514	99737	926	0	101776
7976	776	453	781	98157	0	100167
7977	641	364	351	100134	0	101490
7978	101683	326	243	1478	0	103730
7979	1001	102272	281	600	0	104154
7980	555	947	243	103930	0	105675
7981	103302	436	242	1283	0	105263
7982	1013	385	103815	528	0	105741
7983	101156	225	736	813	0	102930
7984	1280	723	321	104900	0	107224
7985	647	108233	260	845	0	109985
7986	107943	810	214	833	0	109800
7987	1072	483	110343	398	0	112296
7988	621	335	107601	297	0	108854
7989	398	108749	1080	353	0	110580
7990	105836	655	947	484	0	107922
7991	713	228	129	106252	0	107322
7992	408	130	79	106343	0	106960
7993	107715	84	74	1351	0	109224
7994	922	168	107797	412	0	109299
7995	574	103	847	109749	0	111273
7996	275	178	116646	958	0	118057
7997	380	87	998	115653	0	117118
7998	158	117851	497	987	0	119493
7999	279	959	211	121270	0	122719
8000	171	459	119256	1113	0	120999
8001	116380	202	1086	832	0	118500
8002	1248	145	454	122400	0	124247
8003	527	231	123136	1224	0	125118
8004	513	122	1149	120386	0	122170
8005	414	115	484	122119	0	123132
8006	223	163	120378	1623	0	122387
8007	259	208	119823	745	0	121035
8008	395	121	1589	124444	0	126549
8009	202	162	125635	1407	0	127406
8010	122047	102	1445	966	0	124560
8011	1396	147	632	126760	0	128935
8012	126090	124	383	1770	0	128367
8013	1413	219	124063	710	0	126405
8014	859	107	1357	126120	0	128443
8015	445	189	135350	1429	0	137413
8016	316	132540	1604	875	0	135335
8017	283	1242	135309	498	0	137332
8018	305	585	128566	455	0	129911
8019	126505	243	1930	781	0	129459
8020	132088	172	841	681	0	133782
8021	1788	202	136470	366	0	138826
8022	1121	135	1561	129833	0	132650
8023	806	166	792	135213	0	136977
8024	420	205	138883	1781	0	141289
8025	298	133463	1655	887	0	136303
8026	130998	1241	765	955	0	133959
8027	1497	551	137332	449	0	139829
8028	970	259	1579	136951	0	139759
8029	706	190	801	140085	0	141782
8030	142757	186	498	2387	0	145828
8031	144026	120	571	1332	0	146049
8032	144762	106	454	999	0	146321
8033	145837	116	390	821	0	147164
8034	2337	117	407	144528	0	147389
8035	974	229	151245	1565	0	154013
8036	906	111	1641	150277	0	152935
8037	718	131	790	152680	0	154319
8038	725	135	548	157884	0	159292
8039	407	270	155538	2316	0	158531
8040	146310	113	1856	1309	0	149588
8041	2291	88	833	155804	0	159016
8042	925	185	159722	2246	0	163078
8043	579	161901	2141	1147	0	165768
8044	869	1721	946	165556	0	169092
8045	843	623	581	167461	0	169508
8046	164810	271	515	3177	0	168773
8047	2110	167825	539	1345	0	171819
8048	989	1977	168076	838	0	171880
8049	1038	713	2149	165212	0	169112
8050	812	347	937	168594	0	170690
8051	166847	201	588	3306	0	170942
8052	165488	211	549	1741	0	167989
8053	2989	212	515	169651	0	173367
8054	169403	148	487	2938	0	172976
8055	2449	167595	538	1409	0	171991
8056	1219	2009	177508	905	0	181641
8057	1258	788	2174	176615	0	180835
8058	936	380	1002	183456	0	185774
8059	917	256	609	183909	0	185691
8060	999	244	509	180451	0	182203
8061	499	179583	617	3210	0	183909
8062	177265	2013	572	2040	0	181890
8063	2566	789	430	179407	0	183192
8064	1115	186114	541	2706	0	190476
8065	187467	2044	471	2015	0	191997
8066	186266	847	433	1650	0	189196
8067	2841	190277	508	1110	0	194736
8068	1794	2201	413	194168	0	198576
8069	1225	1031	400	196221	0	198877
8070	1183	555	517	192376	0	194631
8071	1109	371	396	195374	0	197250
8072	197374	301	410	4280	0	202365
8073	198556	320	399	2552	0	201827
8074	3508	200924	486	1413	0	206331
8075	1537	3025	201383	1063	0	207008
8076	1383	1030	2892	202703	0	208008
8077	206447	580	1010	4074	0	212111
8078	3344	200759	749	1721	0	206573
8079	1483	205473	621	1198	0	208775
8080	209576	3623	420	1654	0	215273
8081	212930	1419	370	1480	0	216199
8082	4967	848	371	210733	0	216919
8083	1921	734	215569	3948	0	222172
8084	1553	847	213221	1856	0	217477
8085	222955	589	4195	2195	0	229934
8086	233688	505	1589	1850	0	237632
8087	232108	456	832	1504	0	234900
8088	230903	450	613	1464	0	233430
8089	230415	410	605	1550	0	232980
8090	4872	230649	648	1140	0	237309
8091	2666	3370	466	227812	0	234314
8092	1426	239498	498	3180	0	244602
8093	242465	3525	594	2265	0	248849
8094	240110	1376	535	1940	0	243961
8095	238679	723	380	1506	0	241288
8096	237756	536	275	1424	0	239991
8097	4260	233565	539	772	0	239136
8098	234437	2811	369	1405	0	239022
8099	3715	233729	453	741	0	238638
8100	2311	3244	296	236085	0	241936
8101	235019	993	324	3733	0	240069
8102	3656	856	236426	1169	0	242107
8103	2342	611	2513	229865	0	235331
8104	1774	673	777	237914	0	241138
8105	1156	717	236846	3485	0	242204
8106	988	235959	2769	1540	0	241256
8107	236042	2829	929	1800	0	241600
8108	234281	991	591	1557	0	237420
8109	3775	233185	568	878	0	238406
8110	2138	2903	406	233746	0	239193
8111	1510	1400	238456	2885	0	244251
8112	1177	243681	2729	1285	0	248872
8113	240692	3074	893	1946	0	246605
8114	3488	1407	241210	770	0	246875
8115	218853	865	2684	1355	0	223757
8116	232329	710	956	1340	0	235335
8117	4069	751	239452	714	0	244986
8118	1852	237756	2855	900	0	243363
8119	2088	2934	1119	236497	0	242638
8120	1384	1258	243006	2707	0	248355
8121	225697	837	2791	1921	0	231246
8122	237538	554	961	1672	0	240725
8123	3822	237953	740	845	0	243360
8124	2245	2746	539	238406	0	243936
8125	1743	1227	478	242786	0	246234
8126	1335	1013	242136	3183	0	247667
8127	1195	241874	2702	1373	0	247144
8128	249563	2781	1004	2339	0	255687
8129	250915	1120	559	1780	0	254374
8130	253422	849	458	1731	0	256460
8131	4083	893	249271	652	0	254899
8132	242137	663	2499	1524	0	246823
8133	253246	638	995	1396	0	256275
8134	4178	649	677	253875	0	259379
8135	2044	742	247254	2451	0	252491
8136	2120	672	2356	244063	0	249211
8137	1493	821	249406	2679	0	254399
8138	1709	1109	2407	240672	0	245897
8139	1107	243088	1253	2517	0	247965
8140	919	256351	779	1155	0	259204
8141	1369	2607	626	258783	0	263385
8142	1415	1105	561	250100	0	253181
8143	250663	664	443	3815	0	255585
8144	2749	760	248606	1056	0	253171
8145	236754	490	2192	1903	0	241339
8146	2556	251743	1018	735	0	256052
8147	252322	2130	596	1704	0	256752
8148	251911	874	586	1592	0	254963
8149	3331	600	484	251787	0	256202
8150	1682	680	259738	2136	0	264236
8151	1684	537	2184	257084	0	261489
8152	1089	267989	1010	2195	0	272283
8153	1313	2518	583	270753	0	275167
8154	1259	1010	532	272524	0	275325
8155	267844	647	436	4137	0	273064
8156	3296	534	418	260779	0	265027
8157	1545	255958	681	2917	0	261101
8158	1494	2432	367	261732	0	266025
8159	260957	1013	377	4072	0	266419
8160	2852	262812	554	1466	0	267684
8161	1723	2820	361	269592	0	274496
8162	1488	1125	413	270229	0	273255
8163	1438	711	405	277239	0	279793
8164	1419	607	380	272164	0	274570
8165	275285	520	341	5924	0	282070
8166	4585	516	363	280235	0	285699
8167	2360	648	376	284612	0	287996
8168	1913	825	391	288762	0	291891
8169	881	291759	592	6196	0	299428
8170	288065	4531	489	4013	0	297098
8171	5530	1829	291436	1696	0	300491
8172	1897	288085	4526	1334	0	295842
8173	278708	4253	1479	2236	0	286676
8174	4851	1760	286464	813	0	293888
8175	1663	285036	4286	862	0	291847
8176	2286	5620	1688	276979	0	286573
8177	858	285809	1101	3651	0	291419
8178	820	4486	281969	1407	0	288682
8179	861	2003	280386	1100	0	284350
8180	433	281882	4808	998	0	288121
8181	277951	3961	1880	2295	0	286087
8182	277559	1454	969	2071	0	282053
8183	4532	1216	266077	522	0	272347
8184	2022	912	245955	509	0	249398
8185	1178	876	255330	438	0	257822
8186	1563	572	4996	251179	0	258310
8187	1756	452	2022	250454	0	254684
8188	1334	410	1243	261103	0	264090
8189	513	732	265269	5239	0	271753
8190	1551	437	4081	252465	0	258534
8191	1330	475	1545	260689	0	264039
8192	564	594	254715	5429	0	261302
8193	243707	465	4526	3321	0	252019
8194	5032	557	1679	262585	0	269853
8195	2702	467	1138	261267	0	265574
8196	1190	266465	1135	5678	0	274468
8197	265796	4349	1034	3883	0	275062
8198	4941	1885	264709	1595	0	273130
8199	260121	1137	4771	2290	0	268319
8200	6180	802	1899	264985	0	273866
8201	2279	1054	268112	5280	0	276725
8202	2467	809	5092	263524	0	271892
8203	265082	658	2310	7046	0	275096
8204	5222	849	264807	2682	0	273560
8205	258189	609	5381	3065	0	267244
8206	265592	573	2549	2630	0	271344
8207	268227	596	1774	2592	0	273189
8208	7066	262714	1569	1676	0	273025
8209	4006	4648	1205	269611	0	279470
8210	271857	1888	1224	6497	0	281466
8211	270829	1205	1300	3579	0	276913
8212	274041	858	1188	2934	0	279021
8213	8194	1052	264669	1518	0	275433
8214	274194	739	5579	2312	0	282824
8215	8441	636	2663	292130	0	303870
8216	3677	814	290866	7420	0	302777
8217	3654	630	7212	301620	0	313116
8218	3080	619	2883	308009	0	314591
8219	2093	832	309960	10964	0	323849
8220	3189	533	9022	309360	0	322104
8221	3139	590	3733	324339	0	331801
8222	1642	1023	364747	12749	0	380161
8223	382021	550	11882	7732	0	402185
8224	428087	486	6006	5479	0	440058
8225	20507	549	4537	440300	0	465893
8226	10246	958	438738	15643	0	465585
8227	10024	623	15793	424212	0	450652
8228	7048	425305	7488	17962	0	457803
8229	9001	13019	5278	428179	0	455477
8230	7097	5354	4306	444971	0	461728
8231	431362	3813	4472	26279	0	465926
8232	430805	2898	4107	17220	0	455030
8233	445954	3241	3761	12996	0	465952
8234	25874	2952	2856	434454	0	466136
8235	16201	2431	2267	447412	0	468311
8236	11857	2331	427289	25730	0	467207
8237	13684	1905	14830	414630	0	445049
8238	10832	421911	7174	22768	0	462685
8239	428160	13780	5473	15681	0	463094
8240	19440	418669	5219	12816	0	456144
8241	424517	17064	5121	11957	0	458659
8242	22484	8859	4452	399998	0	435793
8243	11396	414499	4278	20310	0	450483
8244	415255	18314	3543	13361	0	450473
8245	423731	10550	3099	10492	0	447872
8246	28571	8101	2781	406337	0	445790
8247	16510	410510	3101	20640	0	450761
8248	14877	18498	2568	413976	0	449919
8249	10933	9607	405836	23886	0	450262
8250	397450	7277	16016	15008	0	435751
8251	21890	402407	7917	12696	0	444910
8252	400839	18222	5753	11162	0	435976
8253	25057	9604	4847	398111	0	437619
8254	406555	7799	5251	22342	0	441947
8255	25675	6207	403161	12770	0	447813
8256	417046	5615	17558	11964	0	452183
8257	428585	5372	8755	10564	0	453276
8258	31546	4907	411635	9861	0	457949
8259	23950	3661	18699	407148	0	453458
8260	19452	3167	10451	420819	0	453889
8261	409934	3615	8697	28279	0	450525
8262	26470	397562	7854	17804	0	449690
8263	18362	17699	7640	395518	0	439219
8264	14340	8316	389761	25007	0	437424
8265	11727	7031	386775	17703	0	423236
8266	11799	377169	20196	15255	0	424419
8267	11985	17189	377992	13067	0	420233
8268	363306	10229	20918	12688	0	407141
8269	21797	7874	12855	357308	0	399834
8270	365906	5965	11080	21551	0	404502
8271	22024	6518	362053	12864	0	403459
8272	15239	5585	20553	359691	0	401068
8273	14015	5749	11615	371844	0	403223
8274	11872	5723	357319	25232	0	400146
8275	13824	4904	18020	362352	0	399100
8276	354203	5412	10752	25768	0	396135
8277	366035	4417	9198	17835	0	397485
8278	26076	4133	8051	360993	0	399253
8279	357989	3977	8181	25373	0	395520
8280	363623	4001	6707	17994	0	392325
8281	29213	343415	6560	14646	0	393834
8282	22786	14443	5567	353100	0	395896
8283	360073	7577	4923	24526	0	397099
8284	29087	6333	5038	356975	0	397433
8285	357691	5394	5616	25333	0	394034
8286	28653	6130	5167	351825	0	391775
8287	19135	5707	343776	26912	0	395530
8288	16818	342541	16543	18425	0	394327
8289	16708	16398	9071	305317	0	347494
8290	15727	340328	7868	22840	0	386763
8291	340129	17469	7474	16877	0	381949
8292	23556	327693	7794	14508	0	373551
8293	15654	333860	7253	13232	0	369999
8294	14514	21960	6934	327018	0	370426
8295	325607	14919	6381	22502	0	369409
8296	22051	11925	5103	327793	0	366872
8297	325028	10577	4850	24732	0	365187
8298	327178	10215	4660	16835	0	358888
8299	25962	320496	5104	14837	0	366399
8300	331502	18105	5402	13348	0	368357
8301	336368	10339	5992	12690	0	365389
8302	339392	8753	5787	11060	0	364992
8303	32929	7229	310329	10126	0	360613
8304	24067	7451	15110	312395	0	359023
8305	22197	6303	8323	324511	0	361334
8306	18490	6013	307318	23916	0	355737
8307	318798	5374	16555	16483	0	357210
8308	331005	4292	10603	15216	0	361116
8309	330739	3870	9081	14403	0	358093
8310	323831	3419	7803	14476	0	349529
8311	31191	300949	7071	13319	0	352530
8312	316121	13427	5472	11230	0	346250
8313	33068	7953	4800	300648	0	346469
8314	24422	6512	275968	17972	0	324874
8315	282951	4962	11345	11264	0	310522
8316	26956	275077	6637	9938	0	318608
8317	264826	12653	5675	8775	0	291929
8318	22776	250703	4630	9549	0	287658
8319	15743	241213	4612	9345	0	270913
8320	14025	238975	5064	8830	0	266894
8321	12866	238780	5427	8308	0	265381
8322	10591	12333	182424	6337	0	211685
8323	8962	15108	8594	142440	0	175104
8324	4044	3057	127330	5566	0	139997
8325	101503	1548	3312	2268	0	108631
8326	3732	102762	1478	1815	0	109787
8327	1915	104617	1062	1683	0	109277
8328	1972	3536	997	101036	0	107541
8329	2164	1981	587	102900	0	107632
8330	1615	1802	100458	3517	0	107392
8331	1720	1539	99675	1860	0	104794
8332	1877	1443	2914	99072	0	105306
8333	1615	1095	99578	3263	0	105551
8334	1765	98435	2841	1782	0	104823
8335	2239	2683	1214	96447	0	102583
8336	2176	1276	942	102931	0	107325
8337	2079	959	100771	3544	0	107353
8338	2352	713	2555	100157	0	105777
8339	102522	629	1205	3437	0	107793
8340	3862	724	1099	100746	0	106431
8341	2179	651	958	102126	0	105914
8342	1664	595	99251	4312	0	105822
8343	93810	568	2843	2638	0	99859
8344	3685	99835	1487	1716	0	106723
8345	2666	2418	871	100517	0	106472
8346	2468	1092	99926	2921	0	106407
8347	2490	1144	2441	98966	0	105041
8348	100328	1067	954	3258	0	105607
8349	3954	1074	99814	1598	0	106440
8350	2472	1282	2564	99115	0	105433
8351	1853	886	102320	3202	0	108261
8352	1660	100956	2769	1974	0	107359
8353	2022	2746	100752	1366	0	106886
8354	1383	98544	2797	1292	0	104016
8355	1068	2194	89451	786	0	93499
8356	1010	1925	2102	80157	0	85194
8357	576	84079	922	1452	0	87029
8358	82053	1612	430	831	0	84926
8359	1625	793	351	82773	0	85542
8360	84433	578	324	1707	0	87042
8361	1917	482	269	86607	0	89275
8362	1001	484	273	88841	0	90599
8363	88279	362	312	2257	0	91210
8364	89848	241	289	1218	0	91596
8365	2461	318	339	93172	0	96290
8366	1138	367	95593	1921	0	99019
8367	944	94460	1778	810	0	97992
8368	856	1790	96192	514	0	99352
8369	631	97723	1879	539	0	100772
8370	96410	1720	826	804	0	99760
8371	1983	750	94933	404	0	98070
8372	914	431	94437	425	0	96207
8373	722	387	2056	91310	0	94475
8374	93925	237	818	2076	0	97056
8375	1848	295	97683	820	0	100646
8376	952	102134	1834	483	0	105403
8377	104868	1544	657	830	0	107899
8378	106251	578	425	731	0	107985
8379	107688	407	385	689	0	109169
8380	108090	439	401	593	0	109523
8381	107357	448	317	668	0	108790
8382	2442	328	106143	413	0	109326
8383	1217	1000	1707	101722	0	105646
8384	792	104768	819	1388	0	107767
8385	106298	1584	488	859	0	109229
8386	1688	107259	502	416	0	109865
8387	101643	1262	390	616	0	103911
8388	101368	464	238	505	0	102575
8389	1560	100630	329	283	0	102802
8390	102664	1282	263	497	0	104706
8391	1667	465	241	102571	0	104944
8392	924	296	222	103750	0	105192
8393	589	289	101668	1490	0	104036
8394	500	103229	1278	640	0	105647
8395	597	1227	511	104316	0	106651
8396	557	460	399	105716	0	107132
8397	557	343	308	105771	0	106979
8398	374	423	102641	1613	0	105051
8399	96484	256	1278	910	0	98928
8400	1566	277	501	104365	0	106709
8401	105929	211	346	1688	0	108174
8402	1840	226	292	106055	0	108413
8403	802	287	107805	1570	0	110464
8404	627	306	106155	747	0	107835
8405	103054	237	1730	921	0	105942
8406	109417	221	742	738	0	111118
8407	1774	107351	499	411	0	110035
8408	846	1361	107840	298	0	110345
8409	854	587	1342	105810	0	108593
8410	1354	560	844	92281	0	95039
8411	112313	231	382	2133	0	115059
8412	111998	230	377	1098	0	113703
8413	112281	191	309	822	0	113603
8414	1895	288	110475	467	0	113125
8415	112259	223	1369	763	0	114614
8416	1839	190	556	114480	0	117065
8417	1022	207	428	114754	0	116411
8418	801	220	366	115493	0	116880
8419	621	113642	385	1741	0	116389
8420	112328	1271	241	1132	0	114972
8421	1718	511	302	112206	0	114737
8422	788	399	111707	1540	0	114434
8423	734	262	1349	109949	0	112294
8424	546	111532	657	1558	0	114293
8425	112986	1266	415	1068	0	115735
8426	1739	512	388	112134	0	114773
8427	1030	350	326	111582	0	113288
8428	726	359	112292	1786	0	115163
8429	796	263	1371	110821	0	113251
8430	554	112580	636	1678	0	115448
8431	671	1318	341	115352	0	117682
8432	621	542	115421	1673	0	118257
8433	104285	343	1385	1348	0	107361
8434	112497	263	596	1011	0	114367
8435	1743	115768	507	573	0	118591
8436	114410	1107	382	878	0	116777
8437	116156	449	281	841	0	117727
8438	1669	116066	293	474	0	118502
8439	1003	1378	239	117353	0	119973
8440	119490	434	321	1946	0	122191
8441	1529	121909	301	762	0	124501
8442	704	1394	123048	482	0	125628
8443	120743	441	1496	939	0	123619
8444	126930	313	513	851	0	128607
8445	127404	277	347	794	0	128822
8446	127694	226	275	868	0	129063
8447	2125	131016	307	422	0	133870
8448	133605	1452	185	895	0	136137
8449	135580	497	205	869	0	137151
8450	137028	330	187	754	0	138299
8451	2622	314	198	136903	0	140037
8452	137268	261	204	2343	0	140076
8453	2047	143144	275	780	0	146246
8454	931	2024	149990	476	0	153421
8455	1295	867	2047	154248	0	158457
8456	157067	338	636	2968	0	161009
8457	2870	399	157497	761	0	161527
8458	1663	238	2453	157402	0	161756
8459	822	377	158125	2639	0	161963
8460	644	156770	2691	1020	0	161125
8461	1114	2584	844	154427	0	158969
8462	606	755	155879	2567	0	159807
8463	522	154873	2581	866	0	158842
8464	1333	2638	805	153509	0	158285
8465	153893	717	739	3116	0	158465
8466	153817	369	366	1271	0	155823
8467	155108	331	294	1075	0	156808
8468	154182	207	301	999	0	155689
8469	153695	164	300	910	0	155069
8470	3069	345	153076	402	0	156892
8471	152791	191	2154	955	0	156091
8472	158824	185	753	868	0	160630
8473	3346	290	499	157576	0	161711
8474	158535	231	395	2697	0	161858
8475	153033	252	340	1301	0	154926
8476	2917	149506	429	603	0	153455
8477	1728	2123	333	151308	0	155492
8478	1541	610	235	153387	0	155773
8479	152083	334	238	3321	0	155976
8480	2834	149490	411	1091	0	153826
8481	1277	154150	329	768	0	156524
8482	1605	2588	312	157175	0	161680
8483	1485	886	348	159132	0	161851
8484	1535	511	303	156936	0	159285
8485	1349	347	316	160635	0	162647
8486	156595	290	223	3975	0	161083
8487	155043	285	220	1922	0	157470
8488	3647	472	156591	904	0	161614
8489	2152	381	2366	153561	0	158460
8490	1659	334	660	157961	0	160614
8491	935	421	154984	3353	0	159693
8492	147974	270	2494	1916	0	152654
8493	3010	154568	835	978	0	159391
8494	154854	2604	476	1129	0	159063
8495	3597	828	363	154238	0	159026
8496	1318	654	155689	3085	0	160746
8497	1536	502	2463	157520	0	162021
8498	963	421	163514	3313	0	168211
8499	923	164306	2783	1366	0	169378
8500	162022	2545	1126	1648	0	167341
8501	162574	783	639	1292	0	165288
8502	3175	161778	611	792	0	166356
8503	1660	2460	441	160247	0	164808
8504	158203	773	463	3263	0	162702
8505	2878	157414	533	1189	0	162014
8506	1534	2641	363	159438	0	163976
8507	160209	795	341	3349	0	164694
8508	3162	751	156967	1203	0	162083
8509	152846	469	2442	1513	0	157270
8510	3040	158713	940	993	0	163686
8511	159200	2399	807	1179	0	163585
8512	158762	866	594	1210	0	161432
8513	3595	780	156364	714	0	161453
8514	2145	545	2474	151086	0	156250
8515	1722	529	811	157701	0	160763
8516	1137	663	156480	3218	0	161498
8517	1497	551	2519	152677	0	157244
8518	1667	621	931	149250	0	152469
8519	158441	447	703	3875	0	163466
8520	159327	424	578	1856	0	162185
8521	3757	406	634	157660	0	162457
8522	1783	546	158270	3019	0	163618
8523	1669	519	2584	158541	0	163313
8524	1647	448	921	161032	0	164048
8525	1268	541	162419	3453	0	167681
8526	1483	396	2656	163741	0	168276
8527	163370	335	963	3876	0	168544
8528	162559	352	705	2059	0	165675
8529	3375	160969	768	1365	0	166477
8530	164505	2434	513	1773	0	169225
8531	164165	717	554	1652	0	167088
8532	3697	164410	553	1065	0	169725
8533	166668	2632	422	1561	0	171283
8534	167452	767	398	1427	0	170044
8535	169874	589	424	1394	0	172281
8536	4197	608	163752	1016	0	169573
8537	164114	371	2711	1396	0	168592
8538	3979	516	906	170308	0	175709
8539	170124	336	673	4028	0	175161
8540	3842	515	167832	1464	0	173653
8541	1819	163497	3008	1170	0	169494
8542	164871	2907	1018	1402	0	170198
8543	3629	169515	767	836	0	174747
8544	2042	3001	484	168398	0	173925
8545	1691	1117	423	173029	0	176260
8546	172373	640	418	4319	0	177750
8547	169214	481	468	2073	0	172236
8548	4364	521	165420	1093	0	171398
8549	1942	511	154591	896	0	157940
8550	1381	533	159891	688	0	162493
8551	1699	1445	3570	156204	0	162918
8552	1043	398	158475	3101	0	163017
8553	917	576	149386	1159	0	152038
8554	2262	2862	3111	140485	0	148720
8555	146780	346	1336	3168	0	151630
8556	148487	156	524	1373	0	150540
8557	148604	104	443	976	0	150127
8558	149449	110	318	810	0	150687
8559	2947	124	355	148315	0	151741
8560	1345	106	368	150511	0	152330
8561	719	203	153806	2502	0	157230
8562	945	133	2275	150645	0	153998
8563	1210	181	922	149013	0	151326
8564	157289	125	487	3439	0	161340
8565	157289	149	416	1485	0	159339
8566	3459	129	294	156107	0	159989
8567	158128	100	296	3215	0	161739
8568	160499	107	358	1534	0	162498
8569	3859	118	300	161083	0	165360
8570	1941	109	296	160449	0	162795
8571	1010	233	155703	3581	0	160527
8572	927	284	152006	1449	0	154666
8573	1104	408	3244	155909	0	160665
8574	1096	248	1194	160206	0	162744
8575	751	239	159560	3405	0	163955
8576	150376	147	2675	2022	0	155220
8577	154739	110	1050	1500	0	157399
8578	3658	223	153401	822	0	158104
8579	1575	152949	2808	739	0	158071
8580	156026	2084	1171	1251	0	160532
8581	2942	747	162792	696	0	167177
8582	1748	542	2694	159593	0	164577
8583	1364	301	1227	164862	0	167754
8584	168694	140	786	3829	0	173449
8585	175940	114	728	2070	0	178852
8586	3598	201	585	176505	0	180889
8587	1973	129	507	186512	0	189121
8588	186243	105	552	4208	0	191108
8589	187758	111	501	2200	0	190570
8590	186510	81	478	1750	0	188819
8591	4299	254	187359	834	0	192746
8592	2317	136	2947	187919	0	193319
8593	1589	137	1125	193959	0	196810
8594	192551	75	814	4735	0	198175
8595	3440	191734	797	1925	0	197896
8596	206922	2593	522	2117	0	212154
8597	4552	207668	691	1131	0	214042
8598	2531	3628	595	214103	0	220857
8599	2038	942	523	219420	0	222923
8600	1313	638	216073	5874	0	223898
8601	1854	311	4445	216209	0	222819
8602	1230	530	217098	5630	0	224488
8603	1946	303	4914	217680	0	224843
8604	1656	437	1765	218719	0	222577
8605	1069	209076	1443	6408	0	217996
8606	1102	220272	1049	2968	0	225391
8607	1754	5092	853	217566	0	225265
8608	1735	1561	785	224630	0	228711
8609	1726	918	827	226136	0	229607
8610	1932	584	679	227592	0	230787
8611	1698	522	738	231896	0	234854
8612	1165	774	225250	7585	0	234774
8613	1781	581	4931	223366	0	230659
8614	1599	401	1814	231457	0	235271
8615	1091	565	221825	7591	0	231072
8616	1037	218444	5245	3844	0	228570
8617	2040	4459	1855	223041	0	231395
8618	1242	1622	221715	6399	0	230978
8619	1073	223681	5428	3196	0	233378
8620	1683	4788	1814	228293	0	236578
8621	231291	1498	1277	7425	0	241491
8622	5904	981	1142	230629	0	238656
8623	2776	878	908	233439	0	238001
8624	2113	653	984	236890	0	240640
8625	1871	668	1043	230821	0	234403
8626	1166	221588	1082	8308	0	232144
8627	1687	4561	934	230706	0	237888
8628	234607	1642	912	8568	0	245729
8629	5878	1135	895	238951	0	246859
8630	2839	919	864	238162	0	242784
8631	2020	816	867	242964	0	246667
8632	230903	757	984	9573	0	242217
8633	232800	862	897	5401	0	239960
8634	6977	648	864	235597	0	244086
8635	225447	653	761	7992	0	234853
8636	228432	661	795	5100	0	234988
8637	6035	228054	846	3701	0	238636
8638	225350	4304	747	4127	0	234528
8639	5291	223929	927	2906	0	233053
8640	2131	225899	832	2843	0	231705
8641	2372	5116	1035	227860	0	236383
8642	1594	2013	228825	5927	0	238359
8643	1928	1542	4079	221835	0	229384
8644	1662	1020	1500	225157	0	229339
8645	1163	222273	1237	6418	0	231091
8646	221268	4313	789	4140	0	230510
8647	4969	1613	649	223208	0	230439
8648	1814	1391	231388	5970	0	240563
8649	1980	1258	3775	228872	0	235885
8650	1210	232835	1438	6008	0	241491
8651	234173	3986	996	4229	0	243384
8652	4795	1680	720	237142	0	244337
8653	1928	1493	235625	5948	0	244994
8654	1917	1196	3669	234652	0	241434
8655	1237	228711	1559	6069	0	237576
8656	1356	4126	987	235419	0	241888
8657	236937	1697	866	7502	0	247002
8658	241181	1318	770	4974	0	248243
8659	242952	1069	850	4389	0	249260
8660	5967	244270	1023	3363	0	254623
8661	245043	4347	893	3725	0	254008
8662	5887	1811	781	247912	0	256391
8663	244568	1337	855	7530	0	254290
8664	5475	245694	858	3729	0	255756
8665	2786	4983	615	249415	0	257799
8666	1723	2210	250088	6285	0	260306
8667	229961	1715	4320	4745	0	240741
8668	4749	249248	1598	3375	0	258970
8669	2446	4792	1041	249979	0	258258
8670	1985	1807	766	255153	0	259711
8671	1723	1340	680	250450	0	254193
8672	1813	1068	748	244163	0	247792
8673	1145	244507	904	7113	0	253669
8674	246563	4341	684	4873	0	256461
8675	246526	1844	687	4011	0	253068
8676	5685	1603	247086	2587	0	256961
8677	3120	1241	4017	248861	0	257239
8678	1935	1272	248362	5956	0	257525
8679	241403	1029	4534	4237	0	251203
8680	247509	1038	1647	3668	0	253862
8681	240096	929	1090	3190	0	245305
8682	6560	1001	742	234581	0	242884
8683	2757	231954	786	5843	0	241340
8684	234745	4132	541	4005	0	243423
8685	5690	1954	508	231542	0	239694
8686	230014	1316	546	6665	0	238541
8687	5413	1197	217747	2756	0	227113
8688	2655	1023	211351	2243	0	217272
8689	219010	730	3916	2518	0	226174
8690	5431	949	1625	219986	0	227991
8691	216455	629	1009	5616	0	223709
8692	4949	215884	824	2559	0	224216
8693	217535	3529	688	2871	0	224623
8694	218654	1500	755	2589	0	223498
8695	5726	1384	214505	1478	0	223093
8696	2220	943	192235	913	0	196311
8697	1569	194901	3202	967	0	200639
8698	2579	2739	2113	189681	0	197112
8699	190615	818	1416	3193	0	196042
8700	2585	516	359	190136	0	193596
8701	1572	409	358	193778	0	196117
8702	1031	502	188752	2664	0	192949
8703	182654	392	1860	2092	0	186998
8704	2695	586	750	194875	0	198906
8705	1442	546	190826	2220	0	195034
8706	1269	689	183738	1068	0	186764
8707	1373	1220	2321	188878	0	193792
8708	923	555	190127	2160	0	193765
8709	973	535	187264	1044	0	189816
8710	1393	618	2289	177578	0	181878
8711	725	530	193205	1984	0	196444
8712	1070	362	1956	187327	0	190715
8713	684	185296	1005	2186	0	189171
8714	193115	1656	580	2273	0	197624
8715	2031	196054	613	992	0	199690
8716	1351	2139	435	196641	0	200566
8717	891	200349	599	2232	0	204071
8718	748	2639	206856	1168	0	211411
8719	1795	874	2694	236685	0	242048
8720	819	867	284544	5032	0	291262
8721	279145	426	6728	3208	0	289507
8722	7100	303949	3371	1232	0	315652
8723	309307	7244	1929	1795	0	320275
8724	10160	3382	1035	303753	0	318330
8725	309934	2121	907	8716	0	321678
8726	10146	1457	306132	3673	0	321408
8727	4853	307696	7731	2528	0	322808
8728	304688	7537	3490	2463	0	318178
8729	10116	3739	2277	290769	0	306901
8730	4750	305260	1692	7104	0	318806
8731	4614	8446	1148	308347	0	322555
8732	309530	4063	1176	11171	0	325940
8733	8700	336904	1473	5076	0	352153
8734	338604	10325	1367	4449	0	354745
8735	12618	5263	330659	1945	0	350485
8736	332600	3440	9481	2568	0	348089
8737	14541	1960	4090	332566	0	353157
8738	333063	1424	2775	11893	0	349155
8739	12782	330827	2199	4687	0	350495
8740	7926	9830	1920	332463	0	352139
8741	6316	4849	1119	340383	0	352667
8742	3608	3134	324555	13842	0	345139
8743	4423	2014	9533	323390	0	339360
8744	3887	2066	4222	333515	0	343690
8745	3878	1522	2663	335617	0	343680
8746	4261	1484	1707	338503	0	345955
8747	2215	1996	329378	16661	0	350250
8748	2557	313928	10358	8819	0	335662
8749	3579	9771	5114	320395	0	338859
8750	316116	4184	3202	13721	0	337223
8751	318967	2775	2275	8415	0	332432
8752	14245	320281	2114	5238	0	341878
8753	320254	11027	1625	5173	0	338079
8754	323329	4832	1788	5084	0	335033
8755	323641	3323	1686	4992	0	333642
8756	16519	313468	2250	3712	0	335949
8757	312122	10294	1417	4265	0	328098
8758	15681	5564	1383	298909	0	321537
8759	7158	3456	297886	11817	0	320317
8760	4980	296660	9583	6444	0	317667
8761	5535	10704	5060	294556	0	315855
8762	3789	5487	291185	11467	0	311928
8763	287167	3392	9899	7006	0	307464
8764	12419	2622	4459	291652	0	311152
8765	7685	2219	2870	296467	0	309241
8766	5930	2396	2097	295443	0	305866
8767	5703	2007	1507	297732	0	306949
8768	4129	2126	281287	16287	0	303829
8769	265874	1762	9358	9722	0	286716
8770	11221	279435	4457	6084	0	301197
8771	281913	9568	3051	5259	0	299791
8772	12276	283004	2445	4347	0	302072
8773	287038	11451	2244	4114	0	304847
8774	13936	5805	1689	283037	0	304467
8775	6984	3888	280125	12037	0	303034
8776	5342	2792	283111	6650	0	297895
8777	5124	2508	12505	281282	0	301419
8778	4410	2001	6068	286327	0	298806
8779	3970	1996	3750	292832	0	302548
8780	279778	1749	2933	18066	0	302526
8781	11214	1940	280002	10138	0	303294
8782	7111	1938	10550	268362	0	287961
8783	5433	280640	5096	12061	0	303230
8784	280434	10653	3361	7405	0	301853
8785	12864	5325	277557	5312	0	301058
8786	7022	276388	10541	4811	0	298762
8787	6064	10758	279432	4066	0	300320
8788	5281	5484	11879	279669	0	302313
8789	4300	3954	280593	12224	0	301071
8790	3931	3296	282490	7185	0	296902
8791	4282	2768	13895	280662	0	301607
8792	3561	2517	281764	13560	0	301402
8793	3606	2440	285055	8158	0	299259
8794	4380	2082	14693	278276	0	299431
8795	275772	2086	8247	13975	0	300080
8796	11481	2387	277859	8298	0	300025
8797	6902	2517	12339	274399	0	296157
8798	5568	2016	6550	284565	0	298699
8799	275896	2165	5525	16299	0	299885
8800	12249	2487	4065	281219	0	300020
8801	275233	1777	3975	15755	0	296740
8802	13035	270496	3566	9285	0	296382
8803	7588	9575	3771	281077	0	302011
8804	279282	4408	3680	14371	0	301741
8805	285605	3134	3327	9005	0	301071
8806	15608	2273	3453	281980	0	303314
8807	8181	2222	277512	14164	0	302079
8808	269266	1878	10935	9066	0	291145
8809	12630	277498	5946	6768	0	302842
8810	272332	9743	4831	6930	0	293836
8811	281835	4440	3402	6120	0	295797
8812	283780	3164	3085	5696	0	295725
8813	17332	2404	270692	4932	0	295360
8814	9344	269012	10523	5029	0	293908
8815	8355	11219	5340	266890	0	291804
8816	6745	6913	4116	274383	0	292157
8817	5178	3628	264905	14557	0	288268
8818	4749	248262	9749	8380	0	271140
8819	3428	213521	4185	5361	0	226495
8820	2154	175879	1919	2434	0	182386
8821	160296	5102	6977	2226	0	174601
8822	5203	1717	1428	153544	0	161892
8823	2148	1009	1011	155408	0	159576
8824	1616	1023	153154	4520	0	160313
8825	147135	949	3444	2250	0	153778
8826	4431	809	1343	153037	0	159620
8827	2508	1574	1015	154656	0	159753
8828	1802	727	151937	4424	0	158890
8829	1187	150130	3588	2171	0	157076
8830	1747	4567	1477	150415	0	158206
8831	1174	1180	150337	4039	0	156730
8832	757	138253	2810	1752	0	143572
8833	117761	1410	733	980	0	120884
8834	1499	501	122276	529	0	124805
8835	780	424	1229	117446	0	119879
8836	417	120773	473	1206	0	122869
8837	121130	1165	440	809	0	123544
8838	1479	371	326	121249	0	123425
8839	121555	305	262	1634	0	123756
8840	121313	224	235	927	0	122699
8841	1382	121428	303	527	0	123640
8842	122637	1122	250	821	0	124830
8843	125437	336	282	948	0	127003
8844	1507	346	125384	368	0	127605
8845	122898	262	1200	844	0	125204
8846	1450	318	125293	307	0	127368
8847	122545	177	1080	684	0	124486
8848	125316	159	362	691	0	126528
8849	1329	267	126307	222	0	128125
8850	771	371	957	125445	0	127544
8851	454	243	127935	983	0	129615
8852	502	313	116026	461	0	117302
8853	437	344	126266	350	0	127397
8854	690	520	1105	125958	0	128273
8855	459	134	373	135128	0	136094
8856	427	107	248	136839	0	137621
8857	486	102	179	139668	0	140435
8858	243	211	142936	1580	0	144970
8859	631	124	1367	140344	0	142466
8860	247	140946	485	1676	0	143354
8861	282	1537	149776	483	0	152078
8862	642	411	1682	146160	0	148895
8863	241	334	153492	1869	0	155936
8864	213	149891	2025	776	0	152905
8865	207	154680	750	489	0	156126
8866	437	2215	423	154693	0	157768
8867	257	803	154459	1950	0	157469
8868	274	556	153326	657	0	154813
8869	591	347	2351	154950	0	158239
8870	558	227	848	154865	0	156498
8871	507	208	439	159578	0	160732
8872	238	305	158272	2527	0	161342
8873	204	155112	2112	1074	0	158502
8874	199	163140	808	574	0	164721
8875	511	2395	556	163180	0	166642
8876	240	835	160567	2218	0	163860
8877	317	574	157586	777	0	159254
8878	163	166166	2651	575	0	169555
8879	166962	2276	882	1039	0	171159
8880	2080	170287	666	528	0	173561
8881	654	2526	176324	376	0	179880
8882	173933	682	2874	825	0	178314
8883	2940	457	953	182769	0	187119
8884	186898	289	616	3561	0	191364
8885	3431	321	416	187927	0	192095
8886	1351	292	484	192601	0	194728
8887	192276	386	416	4480	0	197558
8888	3134	198001	527	1441	0	203103
8889	1090	3397	196652	848	0	201987
8890	541	200972	3412	606	0	205531
8891	198521	3540	1192	1207	0	204460
8892	3231	199812	792	571	0	204406
8893	199243	3714	494	1159	0	204610
8894	200098	1223	476	1143	0	202940
8895	4108	200640	686	583	0	206017
8896	1979	3509	440	198750	0	204678
8897	197622	1208	416	4234	0	203480
8898	200088	712	418	1820	0	203038
8899	4860	518	415	196675	0	202468
8900	1641	603	193225	3764	0	199233
8901	1060	711	192456	1318	0	195545
8902	1269	762	4131	196022	0	202184
8903	650	631	194090	3707	0	199078
8904	182896	630	3869	2036	0	189431
8905	3637	191270	1416	1077	0	197400
8906	1853	3418	781	194456	0	200508
8907	1392	1194	549	196126	0	199261
8908	1241	713	551	195425	0	197930
8909	1257	576	484	191528	0	193845
8910	1145	490	492	195062	0	197189
8911	789	600	190549	4807	0	196745
8912	685	189649	3515	1942	0	195791
8913	192089	3370	1336	1806	0	198601
8914	3968	1203	921	190392	0	196484
8915	1777	781	744	192830	0	196132
8916	1320	551	680	193166	0	195717
8917	702	191170	770	5068	0	197710
8918	1218	3563	616	195596	0	200993
8919	1121	1508	578	198423	0	201630
8920	192154	832	521	5768	0	199275
8921	3626	186021	732	2438	0	192817
8922	1330	189745	669	1738	0	193482
8923	1211	4233	501	191362	0	197307
8924	188264	1494	614	4989	0	195361
8925	3811	1036	190270	1963	0	197080
8926	178222	849	3678	2347	0	185096
8927	4166	902	194888	1236	0	201192
8928	2065	772	3748	193684	0	200269
8929	1467	738	1362	198078	0	201645
8930	1158	740	830	197406	0	200134
8931	1086	762	637	196477	0	198962
8932	1192	709	664	194171	0	196736
8933	192537	613	578	6121	0	199849
8934	3919	796	189244	2360	0	196319
8935	1964	784	3586	192557	0	198891
8936	1102	860	199540	4444	0	205946
8937	814	199032	3866	2469	0	206181
8938	197901	3449	1425	2496	0	205271
8939	4024	1453	206677	1578	0	213732
8940	2156	899	3833	208516	0	215404
8941	1625	693	1527	215081	0	218926
8942	836	775	215157	5858	0	222626
8943	895	790	213640	2773	0	218098
8944	1624	734	5103	204003	0	211464
8945	214607	592	1871	5989	0	223059
8946	215704	674	1179	3211	0	220768
8947	5240	213973	983	2037	0	222233
8948	218527	4092	857	2175	0	225651
8949	5259	1485	775	211078	0	218597
8950	1982	218412	961	4958	0	226313
8951	1887	4118	777	221555	0	228337
8952	1317	1679	223062	5309	0	231367
8953	1757	966	4135	215340	0	222198
8954	1730	798	1580	223012	0	227120
8955	215070	609	911	6419	0	223009
8956	4070	214627	992	2848	0	222537
8957	211261	3702	880	2373	0	218216
8958	4231	211046	826	1647	0	217750
8959	202804	3737	717	1836	0	209094
8960	4101	201184	680	1347	0	207312
8961	1714	202109	682	1231	0	205736
8962	201025	3910	756	1697	0	207388
8963	4241	1823	751	193529	0	200344
8964	1458	196334	600	3547	0	201939
8965	198667	3198	780	2487	0	205132
8966	198943	1033	666	1994	0	202636
8967	201649	707	630	1919	0	204905
8968	198757	634	550	1868	0	201809
8969	4123	198107	689	1285	0	204204
8970	2097	3008	609	201519	0	207233
8971	1546	1219	521	205151	0	208437
8972	203963	817	466	4927	0	210173
8973	3904	765	478	202203	0	207350
8974	199561	658	414	4520	0	205153
8975	3550	735	194505	1844	0	200634
8976	188051	580	2659	2400	0	193690
8977	3570	693	194046	1296	0	199605
8978	2042	1697	2958	190350	0	197047
8979	191603	614	1183	3881	0	197281
8980	3322	188416	699	1649	0	194086
8981	180064	2312	515	1599	0	184490
8982	2874	177966	486	979	0	182305
8983	1650	2997	466	185996	0	191109
8984	911	996	180932	2346	0	185185
8985	163903	1090	2467	2046	0	169506
8986	2123	177219	713	822	0	180877
8987	1377	2320	419	174488	0	178604
8988	948	616	284	171381	0	173229
8989	860	465	214	169966	0	171505
8990	546	520	169884	2082	0	173032
8991	495	168753	1602	971	0	171821
8992	167517	1608	496	1447	0	171068
8993	167161	597	333	1297	0	169388
8994	1936	167967	356	471	0	170730
8995	170792	1598	216	1274	0	173880
8996	2106	818	185	170834	0	173943
8997	844	170148	319	1655	0	172966
8998	169852	1579	233	1551	0	173215
8999	1940	748	166138	548	0	169374
9000	802	169189	1453	566	0	172010
9001	973	1712	484	169967	0	173136
9002	777	549	293	172130	0	173749
9003	533	529	168222	1837	0	171121
9004	902	400	1413	163531	0	166246
9005	510	493	166645	1731	0	169379
9006	862	337	1504	163822	0	166525
9007	736	364	518	166791	0	168409
9008	801	346	327	166944	0	168418
9009	752	375	290	168597	0	170014
9010	581	449	167044	2209	0	170283
9011	641	552	171970	1018	0	174181
9012	450	193636	2704	796	0	197586
9013	871	2879	893	206436	0	211079
9014	580	1184	214944	3262	0	219970
9015	421	213730	3607	1459	0	219217
9016	1194	3855	1238	221990	0	228277
9017	544	1573	231075	3871	0	237063
9018	218816	771	4329	2476	0	226392
9019	242509	583	1420	1799	0	246311
9020	6211	417	811	242011	0	249450
9021	2256	604	241879	4801	0	249540
9022	2094	506	4508	239686	0	246794
9023	240083	374	1738	6433	0	248628
9024	4692	245132	1292	2304	0	253420
9025	248168	4572	733	2471	0	255944
9026	252197	1644	590	2029	0	256460
9027	7098	972	568	241556	0	250194
9028	3593	678	655	244091	0	249017
9029	2395	607	484	247175	0	250661
9030	2008	556	576	245783	0	248923
9031	1898	542	520	245904	0	248864
9032	241364	462	489	8217	0	250532
9033	244015	430	483	4436	0	249364
9034	243730	361	573	3297	0	247961
9035	7006	644	232257	1851	0	241758
9036	229177	426	4404	2395	0	236402
9037	6636	835	1624	230998	0	240093
9038	2767	796	229552	5745	0	238860
9039	1895	223370	5064	2865	0	233194
9040	2609	5187	2117	220089	0	230002
9041	2154	1730	1276	220909	0	226069
9042	1407	221288	1233	5938	0	229866
9043	2292	4283	883	228669	0	236127
9044	1416	1731	226920	6237	0	236304
9045	1338	1190	230700	3066	0	236294
9046	1968	861	6350	232200	0	241379
9047	229709	657	2880	7129	0	240375
9048	228869	711	1675	4043	0	235298
9049	7251	987	228207	2244	0	238689
9050	3597	214009	5229	2170	0	225005
9051	2302	225070	2529	2052	0	231953
9052	213586	5936	1799	2875	0	224196
9053	5742	2591	217799	2306	0	228438
9054	3626	1620	5087	214997	0	225330
9055	215191	1026	2210	7070	0	225497
9056	6063	209667	1614	3445	0	220789
9057	3178	217823	1283	2524	0	224808
9058	214316	6054	1219	2590	0	224179
9059	6945	2590	987	215591	0	226113
9060	224051	1390	1094	6964	0	233499
9061	7858	940	992	244510	0	254300
9062	4688	884	1128	252458	0	259158
9063	2822	1316	249350	9888	0	263376
9064	3150	1311	6578	257309	0	268348
9065	2827	1207	3001	264198	0	271233
9066	259471	998	2259	12163	0	274891
9067	8848	959	1517	264897	0	276221
9068	3999	1103	261241	11103	0	277446
9069	258179	953	7825	6590	0	273547
9070	9022	1223	3967	265273	0	279485
9071	264173	862	2627	11029	0	278691
9072	9967	250804	2008	6068	0	268847
9073	5363	266207	1736	4399	0	277705
9074	262465	9761	1684	4218	0	278128
9075	267380	4848	1858	3511	0	277597
9076	12437	3059	1754	261259	0	278509
9077	6670	1983	258784	9434	0	276871
9078	5475	1503	8124	263555	0	278657
9079	257667	1676	4028	11506	0	274877
9080	9524	257213	3088	6352	0	276177
9081	6085	8373	2030	260708	0	277196
9082	259404	4387	1619	10415	0	275825
9083	10340	3102	249521	6022	0	268985
9084	252461	1913	8102	5435	0	267911
9085	250712	1862	4063	5222	0	261859
9086	12626	1827	251975	3696	0	270124
9087	7470	1843	255126	3569	0	268008
9088	6272	1397	10845	245543	0	264057
9089	5114	1225	5663	250817	0	262819
9090	3661	256005	3953	11794	0	275413
9091	4404	7802	2546	261875	0	276627
9092	3644	3972	261269	11974	0	280859
9093	4187	2882	8946	265487	0	281502
9094	4057	1704	4760	281216	0	291737
9095	3495	1430	268740	14358	0	288023
9096	3143	265139	9617	8505	0	286404
9097	4028	8368	4652	270392	0	287440
9098	3881	4150	3335	279416	0	290782
9099	272314	2797	2831	14219	0	292161
9100	10917	1851	2454	274174	0	289396
9101	5732	1748	267117	13493	0	288090
9102	263921	1624	9170	8319	0	283034
9103	274431	2105	4677	6399	0	287612
9104	277629	1872	3422	5428	0	288351
9105	14794	1893	263667	4189	0	284543
9106	8875	1538	9300	262320	0	282033
9107	6166	1280	5205	270709	0	283360
9108	5002	1436	4429	274594	0	285461
9109	260272	1489	3017	15457	0	280235
9110	10671	258655	2833	9002	0	281161
9111	6242	7460	242661	6191	0	262554
9112	4132	232050	7702	4773	0	248657
9113	2956	222396	4136	4071	0	233559
9114	2627	219154	3474	3538	0	228793
9115	5363	10771	3984	208126	0	228244
9116	3170	4557	205062	8165	0	220954
9117	182952	3272	6554	5532	0	198310
9118	6389	194974	4025	4144	0	209532
9119	185153	5401	2580	3744	0	196878
9120	6728	190527	1736	3217	0	202208
9121	191895	6405	1501	3577	0	203378
9122	7372	194037	1471	2631	0	205511
9123	4378	7193	194119	2356	0	208046
9124	4176	3677	5731	190960	0	204544
9125	3304	2722	3138	200375	0	209539
9126	197084	1915	2529	9060	0	210588
9127	7168	1792	1850	210743	0	221553
9128	4122	1551	208329	9488	0	223490
9129	4112	1394	6522	212059	0	224087
9130	3055	1684	210711	9256	0	224706
9131	2399	208502	7838	5523	0	224262
9132	3208	6561	3881	198076	0	211726
9133	2652	212201	3109	7373	0	225335
9134	211491	7699	2222	4670	0	226082
9135	8237	3896	2059	211676	0	225868
9136	4403	2930	210478	8025	0	225836
9137	3406	2099	208595	4918	0	219018
9138	204537	1878	8859	4695	0	219969
9139	8007	2082	4624	206752	0	221465
9140	4259	2059	204769	8071	0	219158
9141	3431	2168	198884	4653	0	209136
9142	2368	199202	9145	3914	0	214629
9143	2675	7206	5633	180457	0	195971
9144	1769	194699	3715	6799	0	206982
9145	2234	6910	2288	192730	0	204162
9146	191893	3499	2094	8397	0	205883
9147	6589	2612	1937	194712	0	205850
9148	3727	1790	1841	199821	0	207179
9149	196727	1564	1989	9892	0	210172
9150	7198	1609	1889	207213	0	217909
9151	4347	1642	1823	205020	0	212832
9152	3282	208730	1809	9520	0	223341
9153	210321	6314	1776	6133	0	224544
9154	215779	3155	1912	4430	0	225276
9155	9315	2417	1730	212785	0	226247
9156	5248	1773	1710	215903	0	224634
9157	3979	1730	1534	214330	0	221573
9158	2573	199525	1684	11481	0	215263
9159	2442	210381	1779	6637	0	221239
9160	3345	7896	1626	201715	0	214582
9161	174232	2224	1188	6286	0	183930
9162	173290	1380	1108	3602	0	179380
9163	5391	168020	1056	2540	0	177007
9164	157435	3976	874	2249	0	164534
9165	4296	155048	907	1865	0	162116
9166	1809	156936	894	1634	0	161273
9167	3628	4871	1456	150992	0	160947
9168	148619	1643	1155	4566	0	155983
9169	3722	143333	807	2152	0	150014
9170	1572	147596	733	1710	0	151611
9171	1575	3671	647	146901	0	152794
9172	1435	1625	620	150581	0	154261
9173	989	1385	146456	4467	0	153297
9174	142789	1092	3126	2557	0	149564
9175	146141	1023	974	2221	0	150359
9176	4076	1095	147954	1613	0	154738
9177	1776	1231	147851	1540	0	152398
9178	1709	1085	3667	149901	0	156362
9179	1533	1027	1301	153708	0	157569
9180	1117	152578	956	4879	0	159530
9181	1420	3811	666	155865	0	161762
9182	1240	1707	154404	4865	0	162216
9183	1624	1334	3458	153359	0	159775
9184	1530	1149	1204	156626	0	160509
9185	153105	1029	992	5670	0	160796
9186	4164	1073	150462	2834	0	158533
9187	146622	968	3856	2584	0	154030
9188	4436	1180	148455	2075	0	156146
9189	2091	1101	3954	143789	0	150935
9190	1343	1147	143423	4493	0	150406
9191	1137	1186	143076	2391	0	147790
9192	1687	2051	4274	138382	0	146394
9193	132164	1561	2841	5497	0	142063
9194	128768	909	1333	2520	0	133530
9195	3866	131724	1144	1928	0	138662
9196	130153	3302	1396	2044	0	136895
9197	129976	1252	1176	2047	0	134451
9198	3985	129333	1225	1629	0	136172
9199	2052	3315	1127	130866	0	137360
9200	1683	1285	1245	134147	0	138360
9201	1499	1201	982	133500	0	137182
9202	1435	1010	971	134455	0	137871
9203	1113	1123	130655	4964	0	137855
9204	126159	764	3551	2891	0	133365
9205	3998	692	1518	131410	0	137618
9206	1951	778	1237	130710	0	134676
9207	1568	130928	967	4786	0	138249
9208	1827	3383	726	133976	0	139912
9209	1259	1454	131078	4872	0	138663
9210	125904	1150	3339	2930	0	133323
9211	4099	1074	133736	2258	0	141167
9212	2104	1194	3303	131352	0	137953
9213	131261	796	1055	5068	0	138180
9214	3759	133651	854	2753	0	141017
9215	2118	3334	652	139600	0	145704
9216	1490	1333	139385	4816	0	147024
9217	1689	1169	3415	140252	0	146525
9218	138692	917	1152	5105	0	145866
9219	4256	1010	138654	2353	0	146273
9220	1833	1026	135553	2093	0	140505
9221	1504	134905	3980	1739	0	142128
9222	130382	3707	1642	1813	0	137544
9223	3840	129768	1126	1589	0	136323
9224	1768	3591	126942	1433	0	133734
9225	1269	1305	123336	1246	0	127156
9226	1015	122096	3516	1296	0	127923
9227	107786	2507	1699	1066	0	113058
9228	2320	108247	905	782	0	112254
9229	1080	2229	633	106674	0	110616
9230	908	609	645	109191	0	111353
9231	603	514	108379	2810	0	112306
9232	899	426	2442	107064	0	110831
9233	533	472	110012	2558	0	113575
9234	105852	458	2580	1199	0	110089
9235	109782	465	925	1068	0	112240
9236	110553	444	720	964	0	112681
9237	2765	501	107551	749	0	111566
9238	107319	407	2470	900	0	111096
9239	2705	536	985	104813	0	109039
9240	966	108339	778	2314	0	112397
9241	108602	2131	645	1289	0	112667
9242	2493	699	105901	900	0	109993
9243	104719	431	2341	1072	0	108563
9244	106569	328	978	1020	0	108895
9245	2689	375	104059	791	0	107914
9246	1071	104431	2466	841	0	108809
9247	1324	2744	1112	103905	0	109085
9248	985	661	104811	2277	0	108734
9249	979	568	101457	863	0	103867
9250	1076	1540	2309	90316	0	95241
9251	578	317	90947	1671	0	93513
9252	658	296	1653	87167	0	89774
9253	703	281	687	83671	0	85342
9254	557	311	553	88930	0	90351
9255	540	273	87906	1880	0	90599
9256	665	249	1754	87299	0	89967
9257	520	284	88834	1786	0	91424
9258	581	308	1801	88950	0	91640
9259	91053	281	732	2084	0	94150
9260	1928	288	555	90889	0	93660
9261	616	93575	618	1904	0	96713
9262	662	1692	559	97172	0	100085
9263	97757	537	540	2402	0	101236
9264	1990	99042	534	916	0	102482
9265	904	1903	491	100187	0	103485
9266	99996	583	443	2522	0	103544
9267	2196	437	100541	999	0	104173
9268	978	364	2126	100314	0	103782
9269	603	337	102376	2412	0	105728
9270	530	346	101301	1063	0	103240
9271	692	411	2547	100477	0	104127
9272	100982	274	1005	2562	0	104823
9273	2231	352	98616	915	0	102114
9274	97632	319	2231	866	0	101048
9275	2509	452	975	100572	0	104508
9276	894	365	100631	2063	0	103953
9277	692	360	97875	860	0	99787
9278	572	429	99140	639	0	100780
9279	801	1224	2471	93379	0	97875
9280	95910	276	1655	2081	0	99922
9281	1741	95588	728	804	0	98861
9282	899	1530	590	94530	0	97549
9283	686	512	564	96958	0	98720
9284	96274	286	550	2383	0	99493
9285	96656	223	548	1198	0	98625
9286	2005	95968	636	679	0	99288
9287	97396	1560	454	819	0	100229
9288	97535	520	456	647	0	99158
9289	2350	358	486	96594	0	99788
9290	896	299	96609	1871	0	99675
9291	95415	318	1853	899	0	98485
9292	2063	237	737	98371	0	101408
9293	1082	292	475	98885	0	100734
9294	98063	275	403	2427	0	101168
9295	2135	247	389	94012	0	96783
9296	1062	242	340	95555	0	97199
9297	93744	147	415	2583	0	96889
9298	2023	95308	455	963	0	98749
9299	95698	1535	408	957	0	98598
9300	2108	544	95212	621	0	98485
9301	95205	276	1877	742	0	98100
9302	2349	168	730	96302	0	99549
9303	885	97950	602	1956	0	101393
9304	888	1580	458	99963	0	102889
9305	789	482	407	100536	0	102214
9306	783	327	364	101005	0	102479
9307	98699	177	424	2744	0	102044
9308	1896	96135	438	1132	0	99601
9309	731	97474	364	791	0	99360
9310	95709	1724	322	896	0	98651
9311	1846	699	97799	515	0	100859
9312	819	423	95779	517	0	97538
9313	92744	668	2457	924	0	96793
9314	1850	286	96230	477	0	98843
9315	783	158	1438	91835	0	94214
9316	760	230	548	89430	0	90968
9317	485	155	305	95865	0	96810
9318	482	130	246	95314	0	96172
9319	343	92055	344	2037	0	94779
9320	442	1375	245	96849	0	98911
9321	352	520	95407	1807	0	98086
9322	483	283	1528	94806	0	97100
9323	333	258	93418	1879	0	95888
9324	345	251	92382	790	0	93768
9325	490	179	1874	94408	0	96951
9326	334	199	95756	1832	0	98121
9327	492	177	1765	94799	0	97233
9328	95113	156	664	2267	0	98200
9329	1737	227	95463	818	0	98245
9330	92195	168	1706	858	0	94927
9331	1938	172	644	95335	0	98089
9332	756	219	94929	1838	0	97742
9333	482	93846	1753	869	0	96950
9334	557	1485	688	96600	0	99330
9335	425	491	99457	1897	0	102270
9336	564	262	1776	99349	0	101951
9337	101679	187	742	2349	0	104957
9338	102319	193	498	1204	0	104214
9339	104358	187	440	965	0	105950
9340	2417	211	397	104468	0	107493
9341	1075	218	375	106066	0	107734
9342	803	194	380	108205	0	109582
9343	108230	146	401	2895	0	111672
9344	2121	110555	422	1170	0	114268
9345	1027	1898	352	112589	0	115866
9346	838	635	303	115483	0	117259
9347	112750	377	297	3440	0	116864
9348	2438	114314	359	1405	0	118516
9349	1169	2184	293	120170	0	123816
9350	120897	700	309	3328	0	125234
9351	122010	401	314	1569	0	124294
9352	3865	324	311	120224	0	124724
9353	120909	236	302	3449	0	124896
9354	3526	203	320	120794	0	124843
9355	1388	297	121262	3431	0	126378
9356	1262	236	2523	121879	0	125900
9357	1070	250	957	124837	0	127114
9358	1046	239	556	126001	0	127842
9359	119973	171	360	4233	0	124737
9360	2651	119601	395	1855	0	124502
9361	116632	2355	274	1515	0	120776
9362	2686	114581	359	940	0	118566
9363	1005	117564	318	826	0	119713
9364	115415	2812	383	1121	0	119731
9365	2551	116817	378	749	0	120495
9366	1339	2596	279	117265	0	121479
9367	115332	868	340	3023	0	119563
9368	116613	529	271	1461	0	118874
9369	3328	350	311	115398	0	119387
9370	1548	342	270	115343	0	117503
9371	825	115603	277	3158	0	119863
9372	117683	2289	193	1874	0	122039
9373	116604	835	203	1509	0	119151
9374	2951	119892	301	944	0	124088
9375	1337	122274	276	782	0	124669
9376	1139	2974	214	123830	0	128157
9377	123540	1113	247	3328	0	128228
9378	3213	684	196	123364	0	127457
9379	1503	552	208	126180	0	128443
9380	911	469	121714	3744	0	126838
9381	870	514	121698	1576	0	124658
9382	1089	465	2990	121720	0	126264
9383	681	494	122277	3261	0	126713
9384	629	121888	2824	1528	0	126869
9385	961	2780	890	122224	0	126855
9386	1016	936	523	125202	0	127677
9387	949	634	335	126242	0	128160
9388	596	659	123758	3983	0	128996
9389	656	649	119512	1815	0	122632
9390	117831	380	3106	1773	0	123090
9391	2928	122752	1181	1117	0	127978
9392	122651	2635	591	1297	0	127174
9393	3290	980	414	122594	0	127278
9394	124292	624	466	3490	0	128872
9395	3394	501	413	122917	0	127225
9396	1295	125108	409	3328	0	130140
9397	125464	2643	414	1972	0	130493
9398	3161	1143	122618	1138	0	128060
9399	1251	122028	2475	1133	0	126887
9400	121456	2611	995	1420	0	126482
9401	3101	1037	600	119237	0	123975
9402	1243	117642	592	2807	0	122284
9403	1199	2564	416	122479	0	126658
9404	121607	1052	311	3542	0	126512
9405	3154	861	306	122387	0	126708
9406	122267	595	296	3716	0	126874
9407	3354	669	119558	1766	0	125347
9408	1859	599	2466	120560	0	125484
9409	120054	576	921	3791	0	125342
9410	3198	753	117988	1712	0	123651
9411	1567	114225	2692	1514	0	119998
9412	1517	2781	1112	113179	0	118589
9413	969	1303	112814	3122	0	118208
9414	1013	939	110821	1594	0	114367
9415	1134	1199	3118	111147	0	116598
9416	863	679	110519	3154	0	115215
9417	808	596	109403	1733	0	112540
9418	1093	660	3072	107086	0	111911
9419	108140	396	1355	3432	0	113323
9420	2946	447	826	108234	0	112453
9421	1541	440	692	110587	0	113260
9422	985	504	109817	3677	0	114983
9423	1137	487	2571	112483	0	116678
9424	113447	490	1272	3781	0	118990
9425	2774	680	112911	1684	0	118049
9426	1315	112344	2606	1481	0	117746
9427	1189	2425	1255	115776	0	120645
9428	115585	1017	944	3301	0	120847
9429	2941	767	659	114860	0	119227
9430	1342	114252	774	3340	0	119708
9431	1040	2585	116537	1565	0	121727
9432	997	1160	2741	119194	0	124092
9433	124380	793	1151	3628	0	129952
9434	3354	609	122191	1791	0	127945
9435	1740	531	3123	126263	0	131657
9436	129619	412	1406	4369	0	135806
9437	136768	414	901	2340	0	140423
9438	4884	137176	790	1404	0	144254
9439	137495	3677	712	1343	0	143227
9440	4897	1592	621	136350	0	143460
9441	1915	930	137321	4247	0	144413
9442	1286	131845	3839	2006	0	138976
9443	914	137432	1597	1362	0	141305
9444	1339	4894	1229	131151	0	138613
9445	1219	1731	894	134963	0	138807
9446	634	865	130408	4391	0	136298
9447	732	126897	3471	2035	0	133135
9448	571	129591	1575	1313	0	133050
9449	1132	4036	1044	123336	0	129548
9450	121541	1250	655	3522	0	126968
9451	2909	121964	489	1437	0	126799
9452	1547	2840	406	124578	0	129371
9453	127749	1045	487	3795	0	133076
9454	3334	780	490	128627	0	133231
9455	1544	679	471	127366	0	130060
9456	1204	637	417	129068	0	131326
9457	1011	600	420	129404	0	131435
9458	125682	527	481	4618	0	131308
9459	3340	577	475	126742	0	131134
9460	1193	700	122298	3593	0	127784
9461	118214	647	2777	2076	0	123714
9462	3093	656	120045	1344	0	125138
9463	1315	614	122473	1136	0	125538
9464	1243	682	3380	121903	0	127208
9465	1106	535	1405	124395	0	127441
9466	1100	475	766	126498	0	128839
9467	123768	455	515	4481	0	129219
9468	3122	496	122175	2117	0	127910
9469	120706	358	2791	1897	0	125752
9470	125191	380	1087	1715	0	128373
9471	3925	515	123998	1244	0	129682
9472	120953	411	2847	1649	0	125860
9473	3550	499	123336	1244	0	128629
9474	1450	123018	2926	1079	0	128473
9475	1688	2885	1850	122569	0	128992
9476	1005	941	857	125776	0	128579
9477	941	506	671	124078	0	126196
9478	924	391	610	123578	0	125503
9479	581	405	122304	3894	0	127184
9480	694	481	121777	1774	0	124726
9481	789	458	3232	121429	0	125908
9482	650	420	123044	3175	0	127289
9483	117150	361	2859	1954	0	122324
9484	123995	326	1228	1510	0	127059
9485	3562	341	814	122801	0	127518
9486	121988	314	750	3287	0	126339
9487	2942	124523	700	1602	0	129767
9488	123919	2323	613	1650	0	128505
9489	3089	950	124685	1180	0	129904
9490	1626	581	2533	122792	0	127532
9491	968	125112	1207	2987	0	130274
9492	127880	2266	881	1949	0	132976
9493	2867	907	688	129588	0	134050
9494	1379	631	127777	3256	0	133043
9495	1159	409	2776	127070	0	131414
9496	126412	347	1383	3626	0	131768
9497	2995	501	127267	1728	0	132491
9498	1671	352	2796	128294	0	133113
9499	1357	452	1317	131137	0	134263
9500	1016	582	129051	3789	0	134438
9501	1036	124439	2869	2006	0	130350
9502	1463	109549	1779	1776	0	114567
9503	1233	2903	842	130109	0	135087
9504	1142	1214	748	134081	0	137185
9505	1130	736	683	136044	0	138593
9506	132026	586	728	4462	0	137802
9507	132842	582	793	2272	0	136489
9508	3760	606	729	133486	0	138581
9509	132690	578	682	3907	0	137857
9510	3031	131694	817	2049	0	137591
9511	1497	2692	648	135607	0	140444
9512	1145	1125	597	137774	0	140641
9513	953	665	707	138801	0	141126
9514	131789	518	655	4998	0	137960
9515	3016	130116	699	2370	0	136201
9516	1573	2579	683	133576	0	138411
9517	131969	1071	631	4154	0	137825
9518	3261	667	538	134048	0	138514
9519	1852	521	516	133575	0	136464
9520	1309	126176	592	4321	0	132398
9521	1045	132544	531	2470	0	136590
9522	1273	2917	535	132064	0	136789
9523	1164	1252	484	131949	0	134849
9524	126375	553	530	4764	0	132222
9525	3324	421	569	127358	0	131672
9526	1537	466	124090	3992	0	130085
9527	1296	483	2656	123112	0	127547
9528	891	121478	1251	3692	0	127312
9529	124582	2476	803	2485	0	130346
9530	3441	924	675	125272	0	130312
9531	1757	626	588	123639	0	126610
9532	1039	120974	653	4005	0	126671
9533	116577	2101	466	2187	0	121331
9534	2548	120789	477	1418	0	125232
9535	1435	2504	370	119162	0	123471
9536	829	700	116867	2515	0	120911
9537	1244	1917	1797	107225	0	112183
9538	107394	208	746	2425	0	110773
9539	1681	108383	304	864	0	111232
9540	829	1714	194	108178	0	110915
9541	432	106679	189	1809	0	109109
9542	569	1832	168	109457	0	112026
9543	310	668	108092	2134	0	111204
9544	546	610	1611	106416	0	109183
9545	461	316	530	108006	0	109313
9546	533	269	261	109633	0	110696
9547	105184	255	197	2915	0	108551
9548	106179	246	160	1522	0	108107
9549	2026	107518	232	773	0	110549
9550	107267	1716	163	1120	0	110266
9551	1905	106222	226	681	0	109034
9552	636	109174	214	627	0	110651
9553	104232	2086	164	1075	0	107557
9554	1943	858	102745	640	0	106186
9555	879	438	1592	102591	0	105500
9556	666	322	497	105539	0	107024
9557	587	298	256	107989	0	109130
9558	104273	299	177	2990	0	107739
9559	1896	103826	202	1180	0	107104
9560	931	1861	134	104786	0	107712
9561	603	105545	242	2050	0	108440
9562	109312	2137	138	1225	0	112812
9563	2351	808	156	109101	0	112416
9564	1093	562	148	124425	0	126228
9565	541	134425	210	3731	0	138907
9566	819	3119	150	142126	0	146214
9567	766	1155	167	144948	0	147036
9568	139334	668	151	5455	0	145608
9569	3403	136120	238	2322	0	142083
9570	1219	142229	252	1502	0	145202
9571	1168	4187	126	139024	0	144505
9572	696	1758	134790	4106	0	141350
9573	673	1123	133885	1922	0	137603
9574	914	1043	4003	133926	0	139886
9575	558	767	134555	4210	0	140090
9576	779	687	3681	134513	0	139660
9577	1119	643	1465	131220	0	134447
9578	837	608	756	140502	0	142703
9579	135246	564	615	5946	0	142371
9580	3847	489	523	137246	0	142105
9581	1732	451	462	136600	0	139245
9582	865	134571	551	5433	0	141420
9583	1002	3719	379	140479	0	145579
9584	590	1571	137022	5127	0	144310
9585	903	829	3654	139554	0	144940
9586	906	639	1491	143470	0	146506
9587	135675	630	897	6220	0	143422
9588	3905	583	733	137616	0	142837
9589	1610	568	562	137629	0	140369
9590	1146	442	455	140280	0	142323
9591	128825	448	428	6968	0	136669
9592	3739	130762	416	3337	0	138254
9593	1806	3609	379	133577	0	139371
9594	1291	1486	338	136385	0	139500
9595	703	1038	129873	6132	0	137746
9596	1004	813	3561	131405	0	136783
9597	124644	624	1495	6009	0	132772
9598	3575	126880	903	3247	0	134605
9599	1807	3722	624	127203	0	133356
9600	1461	1532	484	130450	0	133927
9601	891	951	124619	6222	0	132683
9602	117944	784	3577	3715	0	126020
9603	3695	122109	1442	2860	0	130106
9604	122669	3586	815	2607	0	129677
9605	4144	1660	640	124674	0	131118
9606	1947	1114	563	126914	0	130538
9607	1376	907	548	128415	0	131246
9608	1232	843	705	129150	0	131930
9609	124093	831	603	6616	0	132143
9610	4020	807	601	123091	0	128519
9611	1627	119951	717	5649	0	127944
9612	1244	3382	706	124712	0	130044
9613	1148	1369	768	128795	0	132080
9614	123372	807	775	6596	0	131550
9615	3951	122372	756	3541	0	130620
9616	2035	3659	474	127793	0	133961
9617	124625	1520	416	5976	0	132537
9618	127860	998	371	3850	0	133079
9619	4988	819	441	128789	0	135037
9620	2150	915	125089	5846	0	134000
9621	124921	898	3188	3755	0	132762
9622	4442	864	1204	129286	0	135796
9623	2005	717	128962	5851	0	137535
9624	1616	792	3640	132781	0	138829
9625	1594	749	1517	134239	0	138099
9626	1455	713	862	134865	0	137895
9627	1387	134465	770	6505	0	143127
9628	1472	3509	612	140232	0	145825
9629	1322	1411	564	142732	0	146029
9630	1338	899	592	143528	0	146357
9631	1549	805	552	142685	0	145591
9632	1447	868	479	142046	0	144840
9633	1409	879	640	142357	0	145285
9634	130205	716	696	7201	0	138818
9635	3532	707	126046	4243	0	134528
9636	1674	124247	3070	3454	0	132445
9637	124937	2843	1319	3261	0	132360
9638	3305	124672	885	2747	0	131609
9639	123734	3152	840	2845	0	130571
9640	4251	1523	818	123443	0	130035
9641	124380	932	693	4874	0	130879
9642	3823	770	633	125048	0	130274
9643	2189	721	479	122416	0	125805
9644	1498	121325	491	5396	0	128710
9645	122702	2820	386	3796	0	129704
9646	3414	1294	124325	3158	0	132191
9647	2154	780	2549	128676	0	134159
9648	1399	752	127567	4743	0	134461
9649	1352	966	120841	3014	0	126173
9650	125135	800	3344	2720	0	131999
9651	3383	894	1450	129030	0	134757
9652	1865	718	126911	4474	0	133968
9653	1434	632	130181	2977	0	135224
9654	1519	598	3380	131334	0	136831
9655	1429	561	1448	135931	0	139369
9656	134523	562	916	5233	0	141234
9657	3638	606	814	136361	0	141419
9658	1938	606	139936	4492	0	146972
9659	1695	458	2919	142279	0	147351
9660	1514	1105	1441	141894	0	145954
9661	1088	143706	1075	4651	0	150520
9662	141201	2288	1001	3430	0	147920
9663	2839	140075	895	2434	0	146243
9664	125737	1437	552	2000	0	129726
9665	1261	111104	347	810	0	113522
9666	484	108604	328	616	0	110032
9667	780	1058	637	108488	0	110963
9668	504	359	463	108105	0	109431
9669	443	436	158	106975	0	108012
9670	104398	145	138	1345	0	106026
9671	655	248	104720	516	0	106139
9672	428	208	538	103547	0	104721
9673	102112	143	234	1143	0	103632
9674	672	101621	176	489	0	102958
9675	309	102457	196	411	0	103373
9676	529	779	274	104409	0	105991
9677	330	259	176	105030	0	105795
9678	300	183	120	105538	0	106141
9679	174	107863	150	853	0	109040
9680	272	512	93	109398	0	110275
9681	184	300	108292	732	0	109508
9682	173	272	99380	384	0	100209
9683	102246	100	468	703	0	103517
9684	591	123	235	108389	0	109338
9685	108665	105	303	981	0	110054
9686	107365	83	104	793	0	108345
9687	471	109221	168	290	0	110150
9688	111051	358	99	711	0	112219
9689	114111	172	86	718	0	115087
9690	579	145	81	114830	0	115635
9691	415	115	81	116295	0	116906
9692	263	177	119086	556	0	120082
9693	185	121671	415	385	0	122656
9694	671	453	189	114905	0	116218
9695	246	153	105	125032	0	125536
9696	124872	115	86	1043	0	126116
9697	503	106	71	125482	0	126162
9698	126758	75	85	998	0	127916
9699	601	100	70	129184	0	129955
9700	232	129139	134	744	0	130249
9701	134231	640	78	986	0	135935
9702	959	245	90	147574	0	148868
9703	644	189	100	156222	0	157155
9704	541	110	90	164876	0	165617
9705	219	226	163864	2692	0	167001
9706	567	123	2050	164864	0	167604
9707	169602	85	632	3377	0	173696
9708	2535	86	352	176904	0	179877
9709	1274	103	238	192178	0	193793
9710	969	187	245	193510	0	194911
9711	361	190005	338	4730	0	195434
9712	337	200126	274	1744	0	202481
9713	197818	4260	129	1836	0	204043
9714	3513	200835	218	875	0	205441
9715	200263	4049	136	1441	0	205889
9716	200877	1414	140	1317	0	203748
9717	202926	739	114	1498	0	205277
9718	5272	677	199617	595	0	206161
9719	1882	204787	3601	606	0	210876
9720	208112	3750	1094	1285	0	214241
9721	4745	1333	461	209072	0	215611
9722	2389	766	285	211038	0	214478
9723	1668	636	244	209976	0	212524
9724	844	204301	322	5191	0	210658
9725	1391	3665	160	207817	0	213033
9726	207251	1369	145	5188	0	213953
9727	4642	759	189	203921	0	209511
9728	2276	654	170	207193	0	210293
9729	1180	722	202820	5450	0	210172
9730	1059	661	205322	2530	0	209572
9731	1624	497	4424	208258	0	214803
9732	1341	430	1703	211575	0	215049
9733	638	212300	1037	5615	0	219590
9734	1472	3738	598	215027	0	220835
9735	1469	1362	473	218138	0	221442
9736	1185	851	368	220297	0	222701
9737	213861	724	360	7351	0	222296
9738	4208	1021	214742	3036	0	223007
9739	2392	815	3641	219912	0	226760
9740	220698	673	1250	6030	0	228651
9741	221884	661	735	3355	0	226635
9742	5905	727	558	219798	0	226988
9743	2934	665	690	223979	0	228268
9744	218677	820	590	6776	0	226863
9745	4773	215943	711	3114	0	224541
9746	2258	220695	661	2364	0	225978
9747	2122	5058	505	222286	0	229971
9748	222865	1864	422	6224	0	231375
9749	225385	1141	394	3775	0	230695
9750	224860	881	404	3343	0	229488
9751	6190	1060	224721	2110	0	234081
9752	212040	946	3993	2816	0	219795
9753	5671	976	219041	2101	0	227789
9754	212269	758	4271	2835	0	220133
9755	5335	216876	1739	2230	0	226180
9756	2576	4163	219200	2288	0	228227
9757	2291	1786	4288	219122	0	227487
9758	1860	1320	220968	5607	0	229755
9759	2129	1116	4439	219547	0	227231
9760	219195	1143	1828	6822	0	228988
9761	5003	1146	222572	3624	0	232345
9762	3024	811	4593	222821	0	231249
9763	2032	234045	2285	5771	0	244133
9764	2413	4055	1421	244037	0	251926
9765	2275	1657	1384	243037	0	248353
9766	2264	1215	1178	236619	0	241276
9767	239438	977	1054	8104	0	249573
9768	241292	1038	902	4679	0	247911
9769	6384	1063	829	242024	0	250300
9770	3074	1117	236075	6495	0	246761
9771	2397	1255	230050	3868	0	237570
9772	2435	1024	5236	240867	0	249562
9773	2287	1195	249125	6204	0	258811
9774	2659	1067	4704	249490	0	257920
9775	2847	976	2223	243811	0	249857
9776	2530	835	1492	253125	0	257982
9777	2358	240253	1388	7330	0	251329
9778	2210	241469	1549	4138	0	249366
9779	2297	5059	1305	253170	0	261831
9780	2243	2206	1254	253644	0	259347
9781	2441	1538	1186	252799	0	257964
9782	247791	1224	1076	8236	0	258327
9783	5614	1220	251530	4233	0	262597
9784	3240	911	4798	253758	0	262707
9785	253096	718	2499	7374	0	263687
9786	5233	252285	2106	4052	0	263676
9787	3094	4403	1640	260052	0	269189
9788	2198	1889	1561	263969	0	269617
9789	1920	1268	1338	260760	0	265286
9790	2023	1043	1165	259751	0	263982
9791	1552	1266	252406	8274	0	263498
9792	235446	948	4424	5863	0	246681
9793	248253	826	2043	4943	0	256065
9794	6123	924	249601	3520	0	260168
9795	243813	776	4685	4153	0	253427
9796	252280	825	2252	3664	0	259021
9797	6404	851	253690	3074	0	264019
9798	3086	259190	5003	3202	0	270481
9799	3049	4798	2624	261707	0	272178
9800	2262	1643	271088	5708	0	280701
9801	2082	262176	4472	3779	0	272509
9802	1938	3296	252521	2684	0	260439
9803	1223	240044	3445	7558	0	252270
9804	1733	2915	2329	240505	0	247482
9805	1072	952	240151	2932	0	245107
9806	1774	1113	2838	232890	0	238615
9807	1188	617	241892	2975	0	246672
9808	788	236271	2498	1766	0	241323
9809	222338	845	1056	1448	0	225687
9810	722	219804	498	423	0	221447
9811	336	228951	377	612	0	230276
9812	1473	872	611	229494	0	232450
9813	438	276	220	229708	0	230642
9814	399	112	104	227642	0	228257
9815	485	118	103	223541	0	224247
9816	315	67	65	229379	0	229826
9817	165	287	244328	532	0	245312
9818	607	91	444	237540	0	238682
9819	362	86	127	245575	0	246150
9820	248444	40	87	1876	0	250447
9821	248445	53	103	1262	0	249863
9822	251150	68	101	1164	0	252483
9823	1178	59	71	253635	0	254943
9824	275554	66	82	2142	0	277844
9825	292605	76	87	1756	0	294524
9826	299170	70	135	1541	0	300916
9827	3248	327	295966	171	0	299712
9828	289405	53	2558	1300	0	293316
9829	304006	72	588	1432	0	306098
9830	303979	54	344	1074	0	305451
9831	4344	83	267	302761	0	307455
9832	1340	327	306946	2780	0	311393
9833	1592	76	2886	302794	0	307348
9834	311655	61	678	4421	0	316815
9835	3915	121	380	313921	0	318337
9836	1070	323321	567	3007	0	327965
9837	1471	2697	199	333141	0	337508
9838	329972	505	230	4834	0	335541
9839	332264	293	255	2476	0	335288
9840	328704	229	212	2221	0	331366
9841	4375	399	336943	562	0	342279
9842	2687	236	3359	330926	0	337208
9843	1873	220	738	345205	0	348036
9844	958	374	344867	4271	0	350470
9845	746	333314	3848	1586	0	339494
9846	880	3603	338359	951	0	343793
9847	1557	754	3798	339902	0	346011
9848	341773	402	1235	5222	0	348632
9849	4089	640	348236	1287	0	354252
9850	2203	282	3762	349758	0	356005
9851	1072	507	351392	3986	0	356957
9852	341623	230	4083	2399	0	348335
9853	4812	218	1232	354948	0	361210
9854	1491	504	368161	4178	0	374334
9855	2203	210	4054	362459	0	368926
9856	1013	536	370788	4609	0	376946
9857	964	371092	4441	1893	0	378390
9858	1921	3584	1386	373300	0	380191
9859	375264	870	1063	5758	0	382955
9860	5435	544	994	374720	0	381693
9861	2718	356	975	369097	0	373146
9862	369034	190	827	6727	0	376778
9863	5094	348212	1085	2195	0	356586
9864	2051	358414	929	1876	0	363270
9865	2177	4374	767	359280	0	366598
9866	1225	359038	1119	4833	0	366215
9867	1920	4162	717	364144	0	370943
9868	1884	1282	692	366167	0	370025
9869	364465	894	556	7256	0	373171
9870	4563	360098	875	2724	0	368260
9871	2069	4614	356200	2002	0	364885
9872	1729	368382	4048	1768	0	375927
9873	363443	4422	1249	2968	0	372082
9874	372786	1360	1024	2810	0	377980
9875	6454	923	1029	368985	0	377391
9876	375765	846	852	6775	0	384238
9877	6211	835	880	376107	0	384033
9878	373260	826	993	7459	0	382538
9879	378793	843	948	3941	0	384525
9880	7400	762	959	387834	0	396955
9881	390247	475	918	8000	0	399640
9882	7033	817	387889	2603	0	398342
9883	376634	519	5113	3427	0	385693
9884	7208	574	1890	387217	0	396889
9885	391367	522	1555	7282	0	400726
9886	7177	390922	1514	2724	0	402337
9887	4554	4600	1185	391560	0	401899
9888	3955	1303	1472	393669	0	400399
9889	391119	931	1444	8836	0	402330
9890	7344	1337	387979	3408	0	400068
9891	3825	384123	5513	3123	0	396584
9892	4018	4862	1808	389990	0	400678
9893	3092	389323	1827	6549	0	400791
9894	3433	5234	1392	396993	0	407052
9895	3865	1836	1237	391099	0	398037
9896	3545	1467	1167	398065	0	404244
9897	391591	1715	1126	9673	0	404105
9898	7029	1665	843	386113	0	395650
9899	386113	1558	929	9752	0	398352
9900	381212	1459	990	5825	0	389486
9901	8420	1180	1057	383865	0	394522
9902	381774	953	1475	9357	0	393559
9903	376521	1098	1304	5862	0	384785
9904	8064	1604	377769	3449	0	390886
9905	4540	1547	5808	369402	0	381297
9906	378927	1519	2303	8711	0	391460
9907	6920	374146	2295	3857	0	387218
9908	380917	5268	1725	5256	0	393166
9909	382131	1637	1444	5010	0	390222
9910	8676	1480	371444	3028	0	384628
9911	5144	1031	5935	356233	0	368343
9912	385546	862	2493	9433	0	398334
9913	8585	981	1952	392114	0	403632
9914	5135	1027	1695	399385	0	407242
9915	4257	1047	1597	405839	0	412740
9916	4192	859	1699	420305	0	427055
9917	408979	763	1588	13034	0	424364
9918	10016	1516	415224	5218	0	431974
9919	5860	1956	8327	428376	0	444519
9920	3776	1682	464398	11116	0	480972
9921	3359	1730	479064	5759	0	489912
9922	476711	980	17733	6549	0	501973
9923	16595	1326	517099	3857	0	538877
9924	7888	493387	17338	2846	0	521459
9925	493495	13800	9943	4417	0	521655
9926	503227	6365	4041	3483	0	517116
9927	22541	2988	2104	488514	0	516147
9928	10589	1686	497079	14074	0	523428
9929	5560	1760	490950	7351	0	505621
9930	496458	881	19942	5689	0	522970
9931	17770	1231	9751	508883	0	537635
9932	514291	729	4858	16824	0	536702
9933	17503	524534	3562	7954	0	553553
9934	528096	13883	2923	6419	0	551321
9935	531669	6892	2349	4664	0	545574
9936	22746	517405	2749	2663	0	545563
9937	13964	15262	1864	517993	0	549083
9938	521251	7655	1663	16936	0	547505
9939	18975	4198	517621	8088	0	548882
9940	10523	521120	15909	5061	0	552613
9941	8803	15413	8257	518755	0	551228
9942	522239	7509	4920	17810	0	552478
9943	17838	528951	3289	8767	0	558845
9944	538724	16384	2439	6986	0	564533
9945	21302	9593	527419	3225	0	561539
9946	523851	5138	16414	4640	0	550043
9947	22388	3556	537725	2486	0	566155
9948	529652	2594	19398	3878	0	555522
9949	530780	2404	9821	4358	0	547363
9950	26539	2629	520307	2683	0	552158
9951	14744	518870	18094	2914	0	554622
9952	11636	16221	10278	505886	0	544021
9953	6939	9070	525303	16137	0	557449
9954	6079	515168	18351	9442	0	549040
9955	8461	16937	10189	505077	0	540664
9956	8042	9502	6578	524788	0	548910
9957	6060	5901	512220	23527	0	547708
9958	8395	3611	18983	498668	0	529657
9959	7959	3189	11347	519845	0	542340
9960	5700	3401	513240	25436	0	547777
9961	7658	3127	19948	492474	0	523207
9962	5741	507711	12691	20667	0	546810
9963	513879	17099	8502	13271	0	552751
9964	20897	10006	7087	505338	0	543328
9965	12695	517850	7499	19642	0	557686
9966	11247	18456	7173	486298	0	523174
9967	8305	530260	7658	19003	0	565226
9968	8964	21522	520600	11164	0	562250
9969	8029	531463	20706	8614	0	568812
9970	523137	22262	12786	8715	0	566900
9971	530069	12048	9158	8657	0	559932
9972	539754	8295	7215	9152	0	564416
9973	32006	6241	534579	7045	0	579871
9974	18555	6180	530999	6883	0	562617
9975	13189	548167	28747	6509	0	596612
9976	13271	21621	16284	519922	0	571098
9977	11269	567071	10312	19899	0	608551
9978	13573	25607	7858	501289	0	548327
9979	10651	569635	7646	20658	0	608590
9980	565309	26849	6679	13930	0	612767
9981	609871	15608	6745	10728	0	642952
9982	37070	11288	6870	621211	0	676439
9983	22155	8802	617949	26521	0	675427
9984	605748	8025	25536	18147	0	657456
9985	31526	627638	15979	11663	0	686806
9986	22329	26004	11564	616378	0	676275
9987	17871	15808	8893	614446	0	657018
9988	13265	636754	8992	32206	0	691217
9989	638681	28239	7904	20847	0	695671
9990	32466	18374	632147	11301	0	694288
9991	23331	12813	26824	631583	0	694551
9992	637674	9543	16330	29877	0	693424
9993	641734	9198	12446	19008	0	682386
9994	41283	632072	9622	12343	0	695320
9995	27375	26636	9762	610634	0	674407
9996	16642	644150	9785	27543	0	698120
9997	651383	30624	8857	20051	0	710915
9998	31989	19253	646034	13155	0	710431
9999	20618	15342	650460	11154	0	697574
10000	17274	10847	34550	637521	0	700192
10001	13550	10522	20026	639749	0	683847
10002	11730	646730	13919	35833	0	708212
10003	13525	27716	11364	654860	0	707465
10004	11071	16845	642659	35085	0	705660
10005	631807	12141	28883	23978	0	696809
10006	30876	10298	16806	655532	0	713512
10007	18285	11026	649103	32830	0	711244
10008	15836	10317	28565	651120	0	705838
10009	12299	10164	17849	641230	0	681542
10010	10022	649256	12877	38789	0	710944
10011	12494	28647	9771	655153	0	706065
10012	12051	17915	9807	651027	0	690800
10013	11911	13291	9594	656095	0	690891
10014	608338	9551	8482	45898	0	672269
10015	27175	595297	8915	26181	0	657568
10016	17483	607221	7710	17629	0	650043
10017	585019	29305	7160	15406	0	636890
10018	573866	16070	7348	13866	0	611150
10019	31713	545887	7594	10509	0	595703
10020	14975	524230	5744	7473	0	552422
10021	471217	17785	4388	7538	0	500928
10022	15425	467598	3487	6057	0	492567
10023	7634	466496	2732	5405	0	482267
10024	451388	16716	4786	6920	0	479810
10025	12946	458579	2463	5092	0	479080
10026	451751	15351	2621	6746	0	476469
10027	448694	8250	2694	6247	0	465885
10028	447686	6847	2273	5815	0	462621
10029	18501	440037	2648	4240	0	465426
10030	10168	447462	2295	4344	0	464269
10031	9158	16785	1609	429629	0	457181
10032	6719	443085	1954	12468	0	464226
10033	7507	16642	1800	448548	0	474497
10034	455474	9128	2080	16426	0	483108
10035	15816	7510	2127	448325	0	473778
10036	8643	446322	2561	16025	0	473551
10037	441058	14365	2352	9972	0	467747
10038	15343	436351	2359	7466	0	461519
10039	8837	453756	2025	5900	0	470518
10040	9217	19971	1856	425437	0	456481
10041	5762	443147	2230	12815	0	463954
10042	435835	15623	2729	8532	0	462719
10043	14142	8992	427816	5880	0	456830
10044	7429	426839	11715	5814	0	451797
10045	7286	13784	5706	427270	0	454046
10046	5458	8676	425690	14308	0	454132
10047	6704	6936	11354	419604	0	444598
10048	6202	5804	6006	428311	0	446323
10049	6156	5492	4526	433278	0	449452
10050	5881	5265	3802	433390	0	448338
10051	5289	5048	420431	20001	0	450769
10052	4412	417433	12820	12597	0	447262
10053	412623	13391	6468	11584	0	444066
10054	12836	8399	408007	8822	0	438064
10055	403464	6828	11966	9436	0	431694
10056	15110	6221	414329	7107	0	442767
10057	9853	5315	14037	413650	0	442855
10058	7503	5524	414681	14802	0	442510
10059	6458	5043	422439	9233	0	443173
10060	6936	4696	16876	416023	0	444531
10061	7106	4882	9741	405009	0	426738
10062	6092	5096	6071	430679	0	447938
10063	5948	4929	4809	426855	0	442541
10064	417052	5156	4428	22363	0	448999
10065	13466	5052	416034	13309	0	447861
10066	416911	4861	12198	11975	0	445945
10067	424597	4748	6261	9989	0	445595
10068	425502	4874	4835	9040	0	444251
10069	424063	5182	3826	7854	0	440925
10070	427108	5061	3254	7588	0	443011
10071	23144	4718	2693	412455	0	443010
10072	13163	5079	397011	14337	0	429590
10073	9629	4649	382547	8589	0	405414
10074	7652	389146	12379	7374	0	416551
10075	368335	11936	7613	7296	0	395180
10076	12424	8515	4266	360409	0	385614
10077	8282	8699	2951	353827	0	373759
10078	6532	353238	2621	12695	0	375086
10079	6166	350494	2448	7841	0	366949
10080	6273	350597	1925	5423	0	364218
10081	306571	11093	2250	5087	0	325001
10082	7227	6680	1505	276875	0	292287
10083	3117	274904	1157	5548	0	284726
10084	2837	5237	867	275125	0	284066
10085	1717	2914	274163	5971	0	284765
10086	1910	2138	279801	3061	0	286910
10087	2814	1925	5944	299309	0	309992
10088	311610	1958	2814	8151	0	324533
10089	332434	1785	1413	4504	0	340136
10090	334451	1549	1031	3752	0	340783
10091	10947	2081	332431	2220	0	347679
10092	6209	2184	7311	328411	0	344115
10093	4205	2269	3152	345477	0	355103
10094	3069	2381	335592	10203	0	351245
10095	312652	1970	8087	6253	0	328962
10096	9467	2032	337939	3593	0	353031
10097	4271	1884	332501	2583	0	341239
10098	2888	1710	336893	2409	0	343900
10099	3555	1425	11132	320663	0	336775
10100	2998	1153	5146	333439	0	342736
10101	1869	1357	339983	10723	0	353932
10102	3337	1143	8996	339035	0	352511
10103	344364	863	4692	11294	0	361213
10104	9755	921	3534	351318	0	365528
10105	4016	1162	355334	10996	0	371508
10106	2729	1222	369459	6036	0	379446
10107	3348	1108	11680	364255	0	380391
10108	377542	979	5803	12030	0	396354
10109	10347	399059	4499	5315	0	419220
10110	410235	9908	3492	5440	0	429075
10111	418836	4329	3659	4821	0	431645
10112	16559	2437	421272	3590	0	443858
10113	10093	1267	12863	418629	0	442852
10114	426143	910	7651	14930	0	449634
10115	422603	938	5431	9730	0	438702
10116	16383	421010	4348	5792	0	447533
10117	10743	10297	3607	422386	0	447033
10118	7479	4837	3382	437796	0	453494
10119	4541	2778	425072	17394	0	449785
10120	5963	1457	13015	418576	0	439011
10121	4257	1407	426963	16033	0	448660
10122	4797	1526	420906	8689	0	435918
10123	5959	1408	16685	414337	0	438389
10124	413152	1076	8942	15483	0	438653
10125	13502	404545	5966	8789	0	432802
10126	406568	10241	4704	7372	0	428885
10127	409444	5112	4054	6332	0	424942
10128	17957	407015	4020	4579	0	433571
10129	11330	10973	3390	392910	0	418603
10130	393915	5912	2970	12878	0	415675
10131	13933	394644	2957	7176	0	418710
10132	388275	10756	2480	6419	0	407930
10133	13643	377090	2928	3861	0	397522
10134	8950	10349	2623	361397	0	383319
10135	6644	5420	2649	372879	0	387592
10136	363069	3316	2602	15053	0	384040
10137	359423	2626	2195	9684	0	373928
10138	14880	362572	2552	6088	0	386092
10139	8507	9530	356940	4490	0	379467
10140	5789	5314	352195	4332	0	367630
10141	5702	3531	13294	338963	0	361490
10142	3704	354940	8123	10615	0	377382
10143	4868	8837	5408	363744	0	382857
10144	5143	4968	4154	362611	0	376876
10145	5106	3519	3739	364276	0	376640
10146	3929	3121	358311	15796	0	381157
10147	4128	2998	351235	9281	0	367642
10148	3998	363151	13435	6760	0	387344
10149	5076	9712	7254	364327	0	386369
10150	5527	5711	4614	381733	0	397585
10151	4947	4392	369506	14937	0	393782
10152	343351	3560	10826	10461	0	368198
10153	12538	2859	6954	375831	0	398182
10154	7684	3006	374610	12699	0	397999
10155	352269	2566	11509	10666	0	377010
10156	12049	370677	7081	7372	0	397179
10157	8601	10011	384298	6238	0	409148
10158	7559	6106	11388	382594	0	407647
10159	383054	4190	7528	14196	0	408968
10160	12098	3337	387961	8908	0	412304
10161	8215	2783	12911	388756	0	412665
10162	6634	2774	8292	392174	0	409874
10163	5272	2785	6017	422945	0	437019
10164	419015	2603	5171	20247	0	447036
10165	12476	408965	4887	12220	0	438548
10166	8874	10845	4293	419074	0	443086
10167	5803	6424	423612	16001	0	451840
10168	5874	4429	13187	412974	0	436464
10169	4773	407262	8223	16307	0	436565
10170	4395	436880	5908	10448	0	457631
10171	426046	14705	4682	9816	0	455249
10172	433677	7964	4112	8584	0	454337
10173	17922	5706	425437	6102	0	455167
10174	417208	4134	12852	7294	0	441488
10175	15757	426623	7956	5970	0	456306
10176	436130	12587	5185	7425	0	461327
10177	17438	7634	3958	432959	0	461989
10178	11206	6137	438978	14194	0	470515
10179	9789	4835	12504	438329	0	465457
10180	7134	4128	441408	16199	0	468869
10181	428664	3402	15198	11633	0	458897
10182	14682	3820	8894	441486	0	468882
10183	8641	453308	5950	16130	0	484029
10184	8265	13683	4604	463317	0	489869
10185	6400	7496	458855	17621	0	490372
10186	4873	449820	13202	12159	0	480054
10187	423308	11926	7572	10435	0	453241
10188	11113	411677	5727	6305	0	434822
10189	5766	405941	4396	4694	0	420797
10190	6136	13503	3561	389227	0	412427
10191	3458	398510	3370	10228	0	415566
10192	4998	11565	2972	403209	0	422744
10193	3841	6762	395172	11932	0	417707
10194	367139	4713	9013	8052	0	388917
10195	390352	3681	5036	6171	0	405240
10196	13326	3685	388819	3886	0	409716
10197	373292	3175	8814	5177	0	390458
10198	11203	384140	5456	3920	0	404719
10199	390094	8772	3868	4714	0	407448
10200	12372	5737	2941	383030	0	404080
10201	6944	4305	384949	9100	0	405298
10202	4631	392270	8628	6229	0	411758
10203	5031	9104	5542	391156	0	410833
10204	3963	4786	3208	396406	0	408363
10205	378176	3301	2380	13665	0	397522
10206	361249	2535	2311	8741	0	374836
10207	10641	357123	2665	5045	0	375474
10208	5158	338785	1906	3219	0	349068
10209	2371	332048	1427	1831	0	337677
10210	3647	5740	1987	322528	0	333902
10211	319263	1917	1791	5361	0	328332
10212	313021	1136	549	2602	0	317308
10213	5302	960	476	311196	0	317934
10214	2482	944	582	312389	0	316397
10215	309947	975	494	5714	0	317130
10216	4513	954	429	315087	0	320983
10217	1726	1051	316301	4539	0	323617
10218	307241	792	3325	3689	0	315047
10219	315536	832	1074	3000	0	320442
10220	5038	1257	321375	1267	0	328937
10221	323840	1096	3312	2424	0	330672
10222	5252	1105	1157	335207	0	342721
10223	2805	1053	883	334371	0	339112
10224	2196	951	857	338946	0	342950
10225	331725	793	859	6975	0	340352
10226	4236	337652	1070	2678	0	345636
10227	2528	3949	738	340497	0	347712
10228	1993	332138	961	4295	0	339387
10229	334093	4100	778	3358	0	342329
10230	5263	1721	903	337100	0	344987
10231	3222	1245	897	338331	0	343695
10232	2307	337410	992	5323	0	346032
10233	2078	4755	334180	2286	0	343299
10234	2440	1791	3981	339497	0	347709
10235	339260	1319	1442	6840	0	348861
10236	364555	1057	1241	4432	0	371285
10237	8175	1449	386767	2256	0	398647
10238	4820	1046	7293	392791	0	405950
10239	2191	405035	3174	7880	0	418280
10240	2699	8000	1636	416473	0	428808
10241	411433	3401	1128	11276	0	427238
10242	412628	2192	1211	5628	0	421659
10243	11859	1614	1079	407052	0	421604
10244	4949	404035	1298	9130	0	419412
10245	429013	8601	777	6066	0	444457
10246	10799	3786	883	440031	0	455499
10247	440058	2524	795	12106	0	455483
10248	460725	1924	814	6642	0	470105
10249	13917	1724	748	459213	0	475602
10250	7576	1429	1111	461724	0	471840
10251	5193	1351	1113	472501	0	480158
10252	3240	468357	1206	14171	0	486974
10253	4691	9784	780	478457	0	493712
10254	4850	3803	839	479887	0	489379
10255	3383	2845	461490	14094	0	481812
10256	3297	2488	447558	6879	0	460222
10257	4107	1977	11406	451623	0	469113
10258	448427	1501	4695	14189	0	468812
10259	10328	450655	2965	6556	0	470504
10260	442377	9602	1841	6654	0	460474
10261	12541	4237	444242	4129	0	465149
10262	6298	2925	428702	4053	0	441978
10263	3571	433384	11492	4008	0	452455
10264	5031	9528	5630	429537	0	449726
10265	2269	4004	430755	9808	0	446836
10266	2063	3020	433245	4951	0	443279
10267	3546	2251	10430	425446	0	441673
10268	425423	1088	4978	11705	0	443194
10269	426155	958	3368	6403	0	436884
10270	12258	1317	2276	420576	0	436427
10271	5492	1642	443948	9967	0	461049
10272	5501	1268	8102	447274	0	462145
10273	4190	1518	3862	441171	0	450741
10274	2258	448127	3301	10880	0	464566
10275	446142	7851	2563	7802	0	464358
10276	445354	3422	2220	6021	0	457017
10277	10754	447269	2181	3746	0	463950
10278	6724	8248	1897	428493	0	445362
10279	3464	439801	2559	8901	0	454725
10280	437764	8598	2027	6837	0	455226
10281	10105	4278	429580	4054	0	448017
10282	5701	3207	410798	3293	0	422999
10283	3945	2321	412296	2634	0	421196
10284	3778	1994	11283	409939	0	426994
10285	3168	1234	5410	414846	0	424658
10286	410576	1301	3148	12818	0	427843
10287	9176	1436	2101	412684	0	425397
10288	5762	1660	1865	424181	0	433468
10289	3670	1654	435550	11673	0	452547
10290	3168	1914	417965	6348	0	429395
10291	414356	1483	10102	6576	0	432517
10292	8271	429003	5223	3919	0	446416
10293	435148	7687	3105	5067	0	451007
10294	10631	3543	2650	434008	0	450832
10295	5800	2285	2750	431218	0	442053
10296	3588	428213	2970	10780	0	445551
10297	3540	7899	2542	435558	0	449539
10298	426751	3499	2122	12731	0	445103
10299	9609	2792	1803	431490	0	445694
10300	5240	2472	429210	11256	0	448178
10301	3820	420705	8467	6931	0	439923
10302	414913	7747	4470	7104	0	434234
10303	424071	3651	3475	6237	0	437434
10304	424290	2833	2726	5767	0	435616
10305	429613	2277	2177	5456	0	439523
10306	14056	2183	1893	421562	0	439694
10307	8197	1825	1930	430287	0	442239
10308	5158	2199	422100	13017	0	442474
10309	5002	1864	7799	424389	0	439054
10310	3983	2404	421575	12242	0	440204
10311	4572	1673	8899	421757	0	436901
10312	417718	1654	4501	14050	0	437923
10313	9381	429252	3751	7511	0	449895
10314	6164	7898	2884	434051	0	450997
10315	5035	4128	2647	446688	0	458498
10316	435185	2598	2534	14871	0	455188
10317	422735	1939	2590	9723	0	436987
10318	12644	2162	421701	5907	0	442414
10319	6518	423721	8946	5526	0	444711
10320	5246	8083	4560	423182	0	441071
10321	4347	4016	3772	427774	0	439909
10322	418529	2649	3557	15019	0	439754
10323	414886	1995	4364	9690	0	430935
10324	12584	2382	420333	5352	0	440651
10325	7139	2398	413350	4401	0	427288
10326	5836	2013	11539	407392	0	426780
10327	4867	1938	5762	420410	0	432977
10328	3944	2030	413732	12940	0	432646
10329	397080	1536	9624	9117	0	417357
10330	11614	1501	5042	416310	0	434467
10331	409439	1277	4077	13198	0	427991
10332	10081	403999	3656	7082	0	424818
10333	409454	7981	2985	8095	0	428515
10334	11432	4222	433243	5260	0	454157
10335	6541	424295	9090	4727	0	444653
10336	4070	410185	4047	2962	0	421264
10337	375425	6069	6870	5080	0	393444
10338	365458	2048	1863	3700	0	373069
10339	6844	1365	1250	362520	0	371979
10340	2823	359001	1437	5100	0	368361
10341	1903	369757	1501	2872	0	376033
10342	2373	5249	1109	372730	0	381461
10343	370829	2258	995	7115	0	381197
10344	369408	1553	873	5186	0	377020
10345	6397	1349	352806	1716	0	362268
10346	330029	806	3729	3311	0	337875
10347	4698	360634	1828	1157	0	368317
10348	365280	4488	914	3209	0	373891
10349	6360	449975	1197	1157	0	458689
10350	2476	500076	1228	1068	0	504848
10351	5689	15188	1165	560389	0	582431
10352	604066	6169	1534	17914	0	629683
10353	622388	3753	398	9482	0	636021
10354	23968	2882	605567	4620	0	637037
10355	15623	1376	16247	607799	0	641045
10356	617508	895	6922	21649	0	646974
10357	25767	948	4561	620770	0	652046
10358	625625	817	3578	24467	0	654487
10359	632918	806	3077	13705	0	650506
10360	28509	1540	616730	8196	0	654975
10361	19397	1038	16933	602907	0	640275
10362	13706	1226	7358	621967	0	644257
10363	11869	1285	4774	630189	0	648117
10364	6402	1600	605095	28882	0	641979
10365	7964	917	19299	604777	0	632957
10366	7200	1073	8522	591458	0	608253
10367	3146	595750	6694	29270	0	634860
10368	3009	17752	589120	16403	0	626284
10369	2565	603212	19727	12184	0	637688
10370	598384	21126	8272	11163	0	638945
10371	22253	10560	5631	571076	0	609520
10372	13685	7899	4551	561099	0	587234
10373	7740	577992	4720	24275	0	614727
10374	572458	20213	2936	15776	0	611383
10375	585597	8857	2020	13230	0	609704
10376	26936	562588	2701	10411	0	602636
10377	14344	591706	2791	7711	0	616552
10378	584515	25246	2269	7356	0	619386
10379	25558	13195	571246	5039	0	615038
10380	14128	9976	570430	4669	0	599203
10381	553746	8116	24313	6718	0	592893
10382	22315	578048	13286	4180	0	617829
10383	582054	20077	9118	6476	0	617725
10384	25558	10513	578917	4829	0	619817
10385	574678	7248	20984	7902	0	610812
10386	26968	595149	10423	5196	0	637736
10387	18964	21730	7281	592967	0	640942
10388	16417	10149	5925	602319	0	634810
10389	15016	7836	5185	573130	0	601167
10390	12787	6607	3909	590816	0	614119
10391	10579	5936	3568	576996	0	597079
10392	7588	572080	4061	36324	0	620053
10393	574893	18990	3845	24115	0	621843
10394	23088	10115	569987	17005	0	620195
10395	15617	7718	18821	582657	0	624813
10396	11062	7259	581926	26641	0	626888
10397	11156	5916	24347	581317	0	622736
10398	10424	4437	13688	596402	0	624951
10399	578018	4368	10637	35302	0	628325
10400	22210	4910	571315	21436	0	619871
10401	11889	568852	23294	16605	0	620640
10402	11602	19830	11677	577942	0	621051
10403	10799	10704	8346	597635	0	627484
10404	8438	9256	582143	31389	0	631226
10405	9007	8193	22241	582623	0	622064
10406	8703	7790	10934	604840	0	632267
10407	566969	5615	8279	37830	0	618693
10408	21392	579037	7257	22990	0	630676
10409	580922	21472	6275	18738	0	627407
10410	595770	11783	4587	16207	0	628347
10411	34009	9374	3978	583407	0	630768
10412	20800	8547	571726	25338	0	626411
10413	15871	8235	576767	14425	0	615298
10414	14978	6646	27392	567500	0	616516
10415	12951	5908	15738	558222	0	592819
10416	8933	568295	13261	31419	0	621908
10417	566506	20028	11243	20618	0	618395
10418	24012	559064	9827	15814	0	608717
10419	14558	583352	7107	14596	0	619613
10420	573728	29414	5592	14252	0	622986
10421	28710	17268	5301	562779	0	614058
10422	17681	591297	5279	25798	0	640055
10423	14547	26173	4710	596966	0	642396
10424	10677	14769	578641	31857	0	635944
10425	9378	10649	583192	21765	0	624984
10426	8873	8500	27469	590164	0	635006
10427	6665	7685	592782	32129	0	639261
10428	7982	5974	28318	591147	0	633421
10429	7891	5765	17359	595285	0	626300
10430	7799	5420	13559	613294	0	640072
10431	574390	5485	10177	41814	0	631866
10432	21216	561632	9723	25614	0	618185
10433	11782	592867	7511	20879	0	633039
10434	555556	25872	5904	19026	0	606358
10435	572784	15099	5162	15473	0	608518
10436	30892	12494	4935	560877	0	609198
10437	17096	11585	557296	25784	0	611761
10438	15108	9296	20430	564268	0	609102
10439	12049	7524	561178	29731	0	610482
10440	9791	558049	24250	19454	0	611544
10441	9526	21221	13573	571565	0	615885
10442	563950	11365	10890	30300	0	616505
10443	24901	9490	8461	572678	0	615530
10444	14131	8347	553693	28213	0	604384
10445	537093	7862	22211	19662	0	586828
10446	27112	6795	557628	14652	0	606187
10447	18643	5858	545228	11472	0	581201
10448	11816	514763	27123	11733	0	565435
10449	7344	427655	13558	6747	0	455304
10450	6432	396566	10087	6037	0	419122
10451	291724	11039	12507	8652	0	323922
10452	268586	1372	1783	2738	0	274479
10453	2532	616	442	274313	0	277903
10454	1511	463	433	272596	0	275003
10455	1054	448	324	280669	0	282495
10456	538	280170	540	2538	0	283786
10457	280079	1723	349	2680	0	284831
10458	1901	280391	611	975	0	283878
10459	1141	1941	429	284000	0	287511
10460	278755	776	462	3522	0	283515
10461	2334	714	402	279015	0	282465
10462	1307	614	334	282867	0	285122
10463	283230	549	324	4180	0	288283
10464	276385	494	393	2819	0	280091
10465	2617	706	279591	900	0	283814
10466	1342	766	271033	828	0	273969
10467	912	786	281862	768	0	284328
10468	1355	496	2660	280168	0	284679
10469	1008	549	1061	284382	0	287000
10470	572	286075	803	2681	0	290131
10471	289631	2166	540	2708	0	295045
10472	2829	837	494	294154	0	298314
10473	1501	595	435	297436	0	299967
10474	758	298193	698	3388	0	303037
10475	637	313175	642	1638	0	316092
10476	1180	2989	347	317094	0	321610
10477	1405	1124	359	350347	0	353235
10478	349539	696	470	7300	0	358005
10479	349190	605	535	3637	0	353967
10480	6574	586	472	349468	0	357100
10481	2357	855	348010	5343	0	356565
10482	1642	1033	333142	2269	0	338086
10483	2109	533	5485	341290	0	349417
10484	2098	453	1930	333551	0	338032
10485	907	333911	1397	6394	0	342609
10486	324111	4567	877	4016	0	333571
10487	5549	1630	771	326114	0	334064
10488	1814	1403	325080	5489	0	333786
10489	2109	785	4623	327699	0	335216
10490	1067	921	326348	6176	0	334512
10491	1455	974	325235	2544	0	330208
10492	2246	1682	5945	329374	0	339247
10493	328848	644	2755	7596	0	339843
10494	4821	713	328123	2404	0	336061
10495	2632	456	5117	323627	0	331832
10496	1314	718	340992	5571	0	348595
10497	1956	511	5250	336907	0	344624
10498	2102	608	2063	337969	0	342742
10499	1282	755	336580	6636	0	345253
10500	1298	901	322288	3273	0	327760
10501	2719	482	6542	307925	0	317668
10502	1710	395	2843	330857	0	335805
10503	1526	384	2340	334236	0	338486
10504	1491	406	1837	329156	0	332890
10505	324225	350	1541	9271	0	335387
10506	324270	438	1425	5578	0	331711
10507	5780	324745	1673	3086	0	335284
10508	326100	4455	1314	4295	0	336164
10509	6173	1442	1573	329148	0	338336
10510	328349	810	1292	8474	0	338925
10511	5863	876	324479	3320	0	334538
10512	324020	493	5819	4058	0	334390
10513	6567	531	2654	328591	0	338343
10514	3459	450	1907	339910	0	345726
10515	335189	433	1543	9746	0	346911
10516	7374	476	1316	361447	0	370613
10517	2616	794	377551	9367	0	390328
10518	371742	474	7668	6768	0	386652
10519	8299	391823	3348	3670	0	407140
10520	4712	7207	1933	409902	0	423754
10521	2774	2610	444777	10157	0	460318
10522	3596	1586	9640	439718	0	454540
10523	2236	1451	443184	12255	0	459126
10524	3516	999	10938	438349	0	453802
10525	1901	444654	4465	12418	0	463438
10526	3460	9390	2783	444793	0	460426
10527	1992	464610	2441	12707	0	481750
10528	4648	11677	1981	453421	0	471727
10529	4126	3840	1873	489838	0	499677
10530	4197	2430	1983	493872	0	502482
10531	4484	1623	2236	493787	0	502130
10532	4781	1448	2157	497124	0	505510
10533	2536	1909	478459	19240	0	502144
10534	4004	1430	12472	481058	0	498964
10535	3418	1204	5438	493217	0	503277
10536	480169	1053	4437	21261	0	506920
10537	11437	480919	3390	11023	0	506769
10538	482492	12340	2613	9534	0	506979
10539	15929	4915	2217	485240	0	508301
10540	5532	4109	482736	16859	0	509236
10541	3441	484295	13319	9997	0	511052
10542	474952	12711	5632	10066	0	503361
10543	12643	472673	4316	8181	0	497813
10544	4666	494540	3626	7353	0	510185
10545	483022	15286	3018	8774	0	510100
10546	15354	6235	2710	513243	0	537542
10547	512356	3626	2768	20339	0	539089
10548	18352	2608	2898	505845	0	529703
10549	6687	2865	504223	20612	0	534387
10550	4769	3144	499966	10544	0	518423
10551	483150	2532	17582	10212	0	513476
10552	505282	2430	8051	8650	0	524413
10553	20829	2365	5128	488181	0	516503
10554	10431	2464	4056	500972	0	517923
10555	479368	2719	3259	23342	0	508688
10556	16348	470953	3218	11163	0	501682
10557	7692	491281	2887	8642	0	510502
10558	479052	17549	2461	8814	0	507876
10559	487691	7104	2644	8065	0	505504
10560	20394	482447	3096	6181	0	512118
10561	12559	15768	2424	481362	0	512113
10562	7496	6879	478086	17902	0	510363
10563	6021	5141	480773	9220	0	501155
10564	466975	3631	18948	8186	0	497740
10565	18520	3469	480596	6392	0	508977
10566	11321	2991	16528	463828	0	494668
10567	8864	3036	6614	462273	0	480787
10568	5762	468580	5272	20518	0	500132
10569	470357	15125	3953	11274	0	500709
10570	19638	6883	3594	467776	0	497891
10571	9137	5772	460216	18132	0	493257
10572	7325	461178	14804	9983	0	493290
10573	8242	16692	6246	457928	0	489108
10574	5852	7261	455099	17770	0	485982
10575	5535	5536	444269	9962	0	465302
10576	4281	438834	18720	8402	0	470237
10577	398703	12982	8299	6817	0	426801
10578	13389	408685	5597	5281	0	432952
10579	407421	13585	4470	6242	0	431718
10580	14331	6369	400853	5745	0	427298
10581	389155	4567	12967	6890	0	413579
10582	14349	403076	6349	5625	0	429399
10583	8650	13180	4544	402170	0	428544
10584	6427	6127	4181	419135	0	435870
10585	409611	4672	4233	18532	0	437048
10586	13927	4781	407246	9396	0	435350
10587	404290	4452	13154	8411	0	430307
10588	414369	4033	6631	7395	0	432428
10589	17040	3987	398804	6341	0	426172
10590	8308	4374	407016	6076	0	425774
10591	7809	4663	15905	398486	0	426863
10592	402334	4215	7559	16316	0	430424
10593	405965	3866	5517	9278	0	424626
10594	17121	404554	5512	6992	0	434179
10595	10272	13268	4307	410211	0	438058
10596	8611	6355	3680	406454	0	425100
10597	7562	4863	3546	409258	0	425229
10598	7290	3710	3704	417361	0	432065
10599	406670	3575	4103	20334	0	434682
10600	17310	3577	4017	414674	0	439578
10601	9231	4117	409977	17139	0	440464
10602	8180	3997	405994	8783	0	426954
10603	393868	3464	16744	7930	0	422006
10604	16730	399076	8552	6025	0	430383
10605	9023	420478	6433	5649	0	441583
10606	9284	15778	5032	414005	0	444099
10607	8361	7279	4371	424659	0	444670
10608	7895	5353	4192	421587	0	439027
10609	7268	4410	4002	430544	0	446224
10610	5818	4119	415451	20981	0	446369
10611	7332	3441	13165	416425	0	440363
10612	7634	3056	6058	423072	0	439820
10613	5979	3522	404369	19558	0	433428
10614	378068	2756	14663	12388	0	407875
10615	14443	396651	7686	9204	0	427984
10616	372468	10236	5827	7481	0	396012
10617	13500	4365	359933	5525	0	383323
10618	6883	3503	346022	4778	0	361186
10619	4834	341459	12426	4578	0	363297
10620	306355	14779	17900	7168	0	346202
10621	285533	3955	4120	4536	0	298144
10622	287332	2106	2210	4066	0	295714
10623	9528	280121	2152	3438	0	295239
10624	276103	6701	2278	3487	0	288569
10625	8328	3028	277342	2774	0	291472
10626	3767	275822	6743	3122	0	289454
10627	261941	6265	3662	3461	0	275329
10628	7132	267114	2582	2327	0	279155
10629	256022	6030	1887	2435	0	266374
10630	250540	2441	1796	2595	0	257372
10631	7621	1747	254673	1529	0	265570
10632	3503	255677	6167	1490	0	266837
10633	251805	5562	2775	2206	0	262348
10634	6776	2562	251955	1284	0	262577
10635	3412	251187	5659	1478	0	261736
10636	3576	5894	2427	245185	0	257082
10637	2092	2358	246790	4910	0	256150
10638	1939	1972	239536	2139	0	245586
10639	2536	2053	5687	239210	0	249486
10640	236023	1156	2652	5744	0	245575
10641	5159	235294	1799	2398	0	244650
10642	2574	4623	233622	1558	0	242377
10643	2526	1985	229564	1110	0	235185
10644	215750	1523	5583	1719	0	224575
10645	4805	229852	2710	926	0	238293
10646	201264	2384	1622	1109	0	206379
10647	2660	200966	706	304	0	204636
10648	201484	2614	905	1155	0	206158
10649	196133	1010	509	1014	0	198666
10650	3125	193822	631	369	0	197947
10651	1614	2459	536	195973	0	200582
10652	204060	1039	495	3126	0	208720
10653	3333	644	486	208066	0	212529
10654	1788	540	547	222116	0	224991
10655	222343	458	553	4991	0	228345
10656	3668	222992	678	1465	0	228803
10657	226185	3449	512	1731	0	231877
10658	4277	1464	224689	556	0	230986
10659	2233	851	3588	225354	0	232026
10660	1745	648	1185	225476	0	229054
10661	223165	590	777	5272	0	229804
10662	224373	610	570	2343	0	227896
10663	5374	623	478	223220	0	229695
10664	2093	852	224524	4027	0	231496
10665	2060	632	3531	221984	0	228207
10666	1821	569	1198	225188	0	228776
10667	1698	589	859	226744	0	229890
10668	1692	519	639	226912	0	229762
10669	223266	586	546	6358	0	230756
10670	4511	751	222225	2324	0	229811
10671	1890	223340	3967	1692	0	230889
10672	1997	3630	1362	221019	0	228008
10673	1756	1277	905	229371	0	233309
10674	1253	1015	227035	5514	0	234817
10675	1349	901	223521	2512	0	228283
10676	1935	539	4749	229341	0	236564
10677	1794	574	1788	233268	0	237424
10678	1293	729	227849	6131	0	236002
10679	1861	622	4700	226595	0	233778
10680	230771	639	1896	6846	0	240152
10681	5139	237217	1516	2996	0	246868
10682	2385	4741	235024	2226	0	244376
10683	1638	235920	5086	2046	0	244690
10684	2197	5157	2080	237742	0	247176
10685	1546	2223	238288	5564	0	247621
10686	1461	235996	5345	2920	0	245722
10687	2014	4825	2361	238139	0	247339
10688	1335	2134	241983	5671	0	251123
10689	1943	1350	5358	238508	0	247159
10690	1904	975	2303	241634	0	246816
10691	239127	913	1716	8203	0	249959
10692	5972	902	1425	241158	0	249457
10693	240809	898	1304	7879	0	250890
10694	232940	907	1358	4391	0	239596
10695	234116	989	1379	3581	0	240065
10696	7898	1029	1246	230954	0	241127
10697	3121	928	227168	6520	0	237737
10698	2217	1067	221868	3424	0	228576
10699	222065	809	6179	3548	0	232601
10700	5678	938	225510	2186	0	234312
10701	212760	698	5714	2932	0	222104
10702	5371	218834	2720	2350	0	229275
10703	220359	4129	1808	3070	0	229366
10704	5901	1643	223870	1967	0	233381
10705	2812	1224	228643	1933	0	234612
10706	2810	848	6265	229188	0	239111
10707	1716	793	240100	6227	0	248836
10708	1674	862	244867	3008	0	250411
10709	2751	712	7273	257271	0	268007
10710	2307	780	3193	267523	0	273803
10711	2160	759	2146	275255	0	280320
10712	1322	274067	2153	9895	0	287437
10713	2416	6887	1801	267046	0	278150
10714	1290	282054	2065	8446	0	293855
10715	280158	7916	1782	5152	0	295008
10716	286683	3080	1681	3876	0	295320
10717	10367	1827	1695	273959	0	287848
10718	4180	274659	1937	8972	0	289748
10719	2714	7562	282027	4491	0	296794
10720	284354	2652	8758	4082	0	299846
10721	10130	1818	3748	285456	0	301152
10722	5058	1311	2600	290798	0	299767
10723	4033	1360	1930	297762	0	305085
10724	285489	1067	1850	14018	0	302424
10725	9660	272965	1988	6410	0	291023
10726	4011	286036	1946	4439	0	296432
10727	273591	9887	1855	4273	0	289606
10728	9179	279571	2054	3036	0	293840
10729	280574	9554	1790	3648	0	295566
10730	284223	3690	1880	3829	0	293622
10731	11700	277545	2009	3052	0	294306
10732	6148	9326	1826	269052	0	286352
10733	3480	277130	2214	9600	0	292424
10734	4142	9524	1757	276949	0	292372
10735	3709	3987	1461	294456	0	303613
10736	290439	2796	1532	14541	0	309308
10737	303725	2361	1657	7291	0	315034
10738	14509	2304	1626	300448	0	318887
10739	6426	2601	292675	11994	0	313696
10740	286952	2328	9597	6982	0	305859
10741	11535	292896	4182	5019	0	313632
10742	6742	10176	2763	292585	0	312266
10743	5665	4440	2260	301254	0	313619
10744	4946	3336	1927	305473	0	315682
10745	289339	2934	1580	16464	0	310317
10746	292878	2610	1512	9353	0	306353
10747	13402	276591	1857	6498	0	298348
10748	6682	288754	1952	5125	0	302513
10749	6562	11914	1692	284361	0	304529
10750	6128	5561	1684	293099	0	306472
10751	4335	4032	286441	14181	0	308989
10752	4969	3720	9394	282500	0	300583
10753	3354	2597	277633	13443	0	297027
10754	3225	2102	261645	6754	0	273726
10755	2796	257916	10879	5519	0	277110
10756	4562	9060	5365	257505	0	276492
10757	258186	4035	3019	11881	0	277121
10758	10816	2975	2139	257956	0	273886
10759	5544	2825	254059	11316	0	273744
10760	250679	2706	8467	6479	0	268331
10761	258862	2610	3721	5130	0	270323
10762	12535	2920	252073	4085	0	271613
10763	7183	2227	8824	258017	0	276251
10764	255432	1880	4147	11738	0	273197
10765	11066	257329	3319	6251	0	277965
10766	262715	9076	2514	6132	0	280437
10767	272281	4312	2470	5355	0	284418
10768	13943	3284	2407	265391	0	285025
10769	7863	2895	1949	277515	0	290222
10770	273180	2520	1966	14636	0	292302
10771	13490	2315	1808	275998	0	293611
10772	6482	2460	271318	14105	0	294365
10773	266436	2003	9804	8169	0	286412
10774	273882	1946	4141	6533	0	286502
10775	14069	262011	2954	5123	0	284157
10776	6843	270968	2416	4628	0	284855
10777	5901	12222	1771	258804	0	278698
10778	4489	267769	1832	11171	0	285261
10779	5098	11774	1645	269147	0	287664
10780	262808	4677	1625	12787	0	281897
10781	260342	3176	1648	7127	0	272293
10782	12279	254884	1950	5463	0	274576
10783	254163	9079	1929	5370	0	270541
10784	11925	255142	1944	4152	0	273163
10785	256256	9900	1880	4562	0	272598
10786	261568	4604	2096	4418	0	272686
10787	13500	3543	250881	3966	0	271890
10788	249019	2814	8615	4120	0	264568
10789	12483	245191	3794	3589	0	265057
10790	6681	256460	2588	3716	0	269445
10791	255697	10777	2271	4052	0	272797
10792	12761	5449	1575	253706	0	273491
10793	6740	3916	252578	10421	0	273655
10794	6626	3268	8272	254537	0	272703
10795	6076	2958	3299	262379	0	274712
10796	4809	3054	251677	12637	0	272177
10797	243051	2411	8748	7260	0	261470
10798	11529	248760	3810	5518	0	269617
10799	249570	8799	2731	4675	0	265775
10800	13119	4111	2153	243800	0	263183
10801	245298	3173	2026	10578	0	261075
10802	12237	241349	1769	5739	0	261094
10803	7444	9761	1580	243201	0	261986
10804	241623	4263	1575	11262	0	258723
10805	11539	3179	229172	5973	0	249863
10806	5939	2541	216451	4761	0	229692
10807	206270	2615	9992	4370	0	223247
10808	9771	204365	4276	3489	0	221901
10809	4256	187040	2213	2406	0	195915
10810	6632	8568	2898	171435	0	189533
10811	3220	175990	1461	5991	0	186662
10812	3608	6649	1658	176220	0	188135
10813	3280	3006	1289	180805	0	188380
10814	2808	1991	1388	178163	0	184350
10815	2644	172029	1548	7318	0	183539
10816	2842	5204	1451	172639	0	182136
10817	2531	2653	169163	6195	0	180542
10818	2563	166154	4394	3460	0	176571
10819	2421	4950	1788	154252	0	163411
10820	1902	157466	1604	4036	0	165008
10821	156537	4098	1341	2629	0	164605
10822	156403	2000	1052	2420	0	161875
10823	156967	1509	1168	2164	0	161808
10824	5653	158380	1066	1836	0	166935
10825	3514	3913	887	158911	0	167225
10826	2736	2157	156876	3926	0	165695
10827	2431	1966	152513	2120	0	159030
10828	148456	1971	4233	2597	0	157257
10829	152468	1565	1976	2223	0	158232
10830	5097	1270	1124	155059	0	162550
10831	3316	1257	879	160814	0	166266
10832	2332	1249	161749	5598	0	170928
10833	2000	127672	3924	33729	0	167325
10834	2084	159968	1977	2636	0	166665
10835	1843	3636	151377	1449	0	158305
10836	1958	2903	3483	141770	0	150114
10837	1863	1049	1304	126662	0	130878
10838	1237	749	584	143353	0	145923
10839	1209	853	451	143212	0	145725
10840	141797	807	409	3736	0	146749
10841	3055	871	136514	1372	0	141812
10842	136184	743	2386	1199	0	140512
10843	3407	720	947	138131	0	143205
10844	138829	637	572	3074	0	143112
10845	3274	687	518	138981	0	143460
10846	1514	793	139721	2912	0	144940
10847	1359	905	2526	140120	0	144910
10848	979	847	143415	2942	0	148183
10849	1198	873	2507	139877	0	144455
10850	905	642	145197	2969	0	149713
10851	661	143825	2436	1487	0	148409
10852	1033	2288	960	143703	0	147984
10853	910	952	582	143421	0	145865
10854	700	144375	587	2829	0	148491
10855	146773	2305	512	1721	0	151311
10856	2874	878	538	146704	0	150994
10857	1293	623	524	146818	0	149258
10858	147719	499	476	3785	0	152479
10859	149790	532	451	2038	0	152811
10860	153828	540	512	1498	0	156378
10861	154385	479	419	1475	0	156758
10862	3540	556	148369	897	0	153362
10863	146601	451	2447	1341	0	150840
10864	152742	435	984	1247	0	155408
10865	3554	508	604	146337	0	151003
10866	1686	642	471	146602	0	149401
10867	142304	368	387	3423	0	146482
10868	2431	141042	466	1423	0	145362
10869	1367	2046	295	137391	0	141099
10870	632	683	142124	2187	0	145626
10871	438	139421	1629	1022	0	142510
10872	137547	1729	1001	1138	0	141415
10873	138226	546	573	934	0	140279
10874	137993	288	296	838	0	139415
10875	139712	212	243	728	0	140895
10876	2229	237	244	136532	0	139242
10877	870	297	134633	1671	0	137471
10878	632	335	139313	753	0	141033
10879	738	239	2189	149326	0	152492
10880	157407	146	732	2688	0	160973
10881	2909	133	352	158699	0	162093
10882	1047	262	160522	2665	0	164496
10883	160452	156	2437	1659	0	164704
10884	163177	115	868	1036	0	165196
10885	3707	189	482	164356	0	168734
10886	1411	241	169683	2663	0	173998
10887	967	213	171106	1037	0	173323
10888	163696	115	3105	1405	0	168321
10889	2836	169272	1150	783	0	174041
10890	1218	2276	171489	656	0	175639
10891	1266	675	2657	169452	0	174050
10892	171054	294	1070	3358	0	175776
10893	2800	166040	796	1306	0	170942
10894	1259	169452	748	757	0	172216
10895	170022	2856	572	1135	0	174585
10896	3280	883	632	169649	0	174444
10897	179656	447	544	3534	0	184181
10898	3696	353	549	182604	0	187202
10899	1763	389	549	185113	0	187814
10900	999	520	182933	3593	0	188045
10901	1056	629	170927	1555	0	174167
10902	1007	561	182889	891	0	185348
10903	1252	466	3755	183991	0	189464
10904	186498	371	1359	3914	0	192142
10905	3664	488	186543	1578	0	192273
10906	2120	392	3217	186440	0	192169
10907	1245	530	191092	3680	0	196547
10908	1037	193266	3684	1729	0	199716
10909	1597	3034	1478	196079	0	202188
10910	1610	846	1043	197346	0	200845
10911	1443	437	1008	198650	0	201538
10912	195715	303	1100	5288	0	202406
10913	4058	337	1089	195272	0	200756
10914	2106	392	1090	197743	0	201331
10915	195690	373	1044	5408	0	202515
10916	3863	545	192654	2158	0	199220
10917	190607	343	3682	2104	0	196736
10918	192716	458	1470	1884	0	196528
10919	4645	660	190740	1170	0	197215
10920	185872	563	3463	1737	0	191635
10921	4599	491	1459	195223	0	201772
10922	2048	525	197881	4017	0	204471
10923	194799	313	3473	2918	0	201503
10924	200314	258	1449	2273	0	204294
10925	5087	228	1017	199555	0	205887
10926	2727	219	1025	201093	0	205064
10927	2189	168	1058	202884	0	206299
10928	197693	184	1063	5732	0	204672
10929	4295	198876	1118	2363	0	206652
10930	195408	2625	1036	2341	0	201410
10931	3731	186280	1217	1481	0	192709
10932	1908	186282	1286	1254	0	190730
10933	1850	3272	1164	188529	0	194815
10934	1805	1062	986	190698	0	194551
10935	1745	608	783	188170	0	191306
10936	1749	452	862	189027	0	192090
10937	1271	558	184527	4679	0	191035
10938	179694	498	3043	2932	0	186167
10939	3787	605	1299	187939	0	193630
10940	1884	765	188670	4035	0	195354
10941	1860	655	3044	188806	0	194365
10942	1901	602	1253	192828	0	196584
10943	1425	876	198688	4508	0	205497
10944	1899	695	3110	197545	0	203249
10945	1705	610	1415	198715	0	202445
10946	198517	460	1129	5786	0	205892
10947	3619	535	200184	2733	0	207071
10948	190574	288	3344	3094	0	197300
10949	3739	201500	1825	2080	0	209144
10950	200282	2621	1241	2674	0	206818
10951	198639	855	1315	2479	0	203288
10952	4658	538	1193	198182	0	204571
10953	2121	583	197473	4301	0	204478
10954	1545	205481	3576	2461	0	213063
10955	1798	3190	1679	200870	0	207537
10956	1229	213877	1208	3849	0	220163
10957	213550	3327	1091	3097	0	221065
10958	4013	1350	210434	1886	0	217683
10959	1848	1089	206782	1735	0	211454
10960	1959	811	3936	206439	0	213145
10961	1526	843	214708	4346	0	221423
10962	2068	682	3595	214807	0	221152
10963	1952	728	1538	215180	0	219398
10964	219890	618	1142	6073	0	227723
10965	4088	222073	1352	2704	0	230217
10966	2119	3448	1192	226807	0	233566
10967	1839	1152	1270	230803	0	235064
10968	1761	811	1243	229020	0	232835
10969	1360	223280	1541	5449	0	231630
10970	1369	228432	1355	2753	0	233909
10971	223610	3887	1248	3168	0	231913
10972	224145	1260	1193	2927	0	229525
10973	223583	782	1105	2818	0	228288
10974	5080	887	220710	2077	0	228754
10975	2674	1399	3763	219407	0	227243
10976	1756	1045	219775	4812	0	227388
10977	1513	219553	3757	2737	0	227560
10978	210632	3547	1845	2794	0	218818
10979	3707	1342	208842	1475	0	215366
10980	2092	1079	2769	202048	0	207988
10981	1298	699	207229	3061	0	212287
10982	197379	500	3008	2446	0	203333
10983	205444	475	1213	2117	0	209249
10984	205941	484	909	1762	0	209096
10985	201860	479	821	1743	0	204903
10986	3591	618	205369	960	0	210538
10987	198207	443	2564	1781	0	202995
10988	204436	413	1167	1705	0	207721
10989	3323	202770	997	878	0	207968
10990	202198	2205	756	1594	0	206753
10991	205222	791	729	1492	0	208234
10992	3881	531	745	198748	0	203905
10993	1694	205866	786	2533	0	210879
10994	213504	2358	636	2069	0	218567
10995	225698	930	656	1763	0	229047
10996	4664	893	252941	1052	0	259550
10997	2038	754	253486	747	0	257025
10998	1421	693	263260	687	0	266061
10999	1934	1277	7373	257161	0	267745
11000	259292	464	3435	6017	0	269208
11001	5461	260001	1974	2559	0	269995
11002	257744	4962	1136	2319	0	266161
11003	6246	259973	1046	1063	0	268328
11004	256252	5694	892	1617	0	264455
11005	6136	253917	933	872	0	261858
11006	2854	261525	889	684	0	265952
11007	252165	6479	675	1674	0	260993
11008	5415	256669	730	556	0	263370
11009	3405	5975	562	253970	0	263912
11010	2029	2713	256502	4529	0	265773
11011	1400	1953	256440	1934	0	261727
11012	1982	1123	6376	251659	0	261140
11013	1962	801	2863	260456	0	266082
11014	1022	1096	259955	6535	0	268608
11015	2014	734	5351	254621	0	262720
11016	1789	777	2353	262652	0	267571
11017	260265	611	1666	8106	0	270648
11018	5374	261351	1297	3550	0	271572
11019	3288	5316	1055	250439	0	260098
11020	1825	264944	1354	5237	0	273360
11021	261594	6117	1074	3635	0	272420
11022	5591	263507	1183	2031	0	272312
11023	262742	6272	1014	2304	0	272332
11024	263506	2846	813	2039	0	269204
11025	8535	1981	717	257440	0	268673
11026	4937	1598	804	258934	0	266273
11027	3655	1288	1000	263031	0	268974
11028	2701	1371	1090	263850	0	269012
11029	1786	1391	253501	8607	0	265285
11030	235163	1210	5393	5418	0	247184
11031	6076	253915	2523	2807	0	265321
11032	4061	5788	1513	258273	0	269635
11033	3224	2885	1153	259561	0	266823
11034	1977	259507	1259	7609	0	270352
11035	259495	6199	1327	4933	0	271954
11036	6348	263323	1382	2821	0	273874
11037	3984	6903	1038	265073	0	276998
11038	3194	3362	954	271281	0	278791
11039	2784	2370	850	272729	0	278733
11040	2506	1845	799	271005	0	276155
11041	263460	1481	918	10676	0	276535
11042	6923	1714	262627	4762	0	276026
11043	4056	1484	6162	257985	0	269687
11044	3078	1504	3192	262022	0	269796
11045	2463	1479	2541	264823	0	271306
11046	2526	1248	1867	263517	0	269158
11047	252219	1327	1420	11440	0	266406
11048	7441	1473	253055	5675	0	267644
11049	4538	2077	5722	243132	0	255469
11050	2999	239328	2753	7525	0	252605
11051	2261	254018	1914	4271	0	262464
11052	248230	7740	1212	4386	0	261568
11053	7282	4340	247025	2585	0	261232
11054	230050	3058	5494	2968	0	241570
11055	7892	2344	237573	2113	0	249922
11056	4223	1732	5778	229617	0	241350
11057	233869	1333	2864	7842	0	245908
11058	5622	236743	2497	4419	0	249281
11059	3276	5458	2127	227577	0	238438
11060	2467	228687	2067	6199	0	239420
11061	231621	6256	1685	4819	0	244381
11062	234104	2879	1544	4292	0	242819
11063	7971	2218	1286	233856	0	245331
11064	4179	1833	227806	7424	0	241242
11065	3342	1838	223774	4473	0	233427
11066	2834	2195	6646	222539	0	234214
11067	2087	228949	3397	6333	0	240766
11068	2275	6736	1890	237455	0	248356
11069	2529	3706	990	232146	0	239371
11070	2803	2834	786	231010	0	237433
11071	2238	2276	229157	9394	0	243065
11072	2688	1564	5342	230308	0	239902
11073	2093	1463	2729	232992	0	239277
11074	1371	226941	2276	10650	0	241238
11075	1518	6281	1505	226081	0	235385
11076	1572	2513	1356	241112	0	246553
11077	1753	1538	1712	243486	0	248489
11078	2014	1080	1659	243149	0	247902
11079	1948	1208	1246	239525	0	243927
11080	1780	1460	1146	239774	0	244160
11081	1684	1571	895	235188	0	239338
11082	1777	1782	792	232467	0	236818
11083	1747	2170	216528	12006	0	232451
11084	2378	1837	5007	222851	0	232073
11085	219295	1549	2381	9617	0	232842
11086	6692	1090	1638	218912	0	228332
11087	3521	1227	218989	9043	0	232780
11088	212174	1062	5539	6495	0	225270
11089	223834	1113	2696	5148	0	232791
11090	224401	1239	2015	4289	0	231944
11091	224841	1078	1318	4315	0	231552
11092	9569	1089	1090	224562	0	236310
11093	4625	858	219833	8499	0	233815
11094	2936	210970	5452	5582	0	224940
11095	1961	202718	2837	4194	0	211710
11096	3508	5461	5112	165875	0	179956
11097	1320	910	1747	167875	0	171852
11098	791	432	304	166173	0	167700
11099	724	375	247	171741	0	173087
11100	742	291	270	190907	0	192210
11101	205403	299	301	6258	0	212261
11102	4826	206882	409	2380	0	214497
11103	1965	218139	417	1584	0	222105
11104	2013	7044	287	220293	0	229637
11105	1381	2769	272	227340	0	231762
11106	1253	1388	309	227004	0	229954
11107	1212	723	259	228107	0	230301
11108	552	714	215844	9775	0	226885
11109	567	213015	5607	4970	0	224159
11110	1245	5665	1956	216179	0	225045
11111	211575	2375	1086	7608	0	222644
11112	6106	1553	598	215111	0	223368
11113	2345	1099	213779	7938	0	225161
11114	1607	986	206376	4319	0	213288
11115	1108	1013	217350	3026	0	222497
11116	1400	1637	8119	210866	0	222022
11117	216775	851	4176	7869	0	229671
11118	6028	633	1764	220279	0	228704
11119	3040	541	1032	228050	0	232663
11120	221946	457	859	10169	0	233431
11121	6751	501	1037	227451	0	235740
11122	3452	551	1311	230953	0	236267
11123	1772	804	234842	9115	0	246533
11124	1245	234579	6284	4939	0	247047
11125	1828	5600	2750	246173	0	256351
11126	242973	2081	1962	8875	0	255891
11127	6896	1211	1550	247520	0	257177
11128	2970	888	246620	8832	0	259310
11129	2792	966	6465	244663	0	254886
11130	1437	246308	2795	9283	0	259823
11131	2257	6133	1670	252347	0	262407
11132	1225	2824	248317	9271	0	261637
11133	1054	261452	6579	5252	0	274337
11134	2110	7860	2791	267139	0	279900
11135	1856	3253	1886	292333	0	299328
11136	1800	1963	1444	298459	0	303666
11137	1808	1302	1343	302021	0	306474
11138	791	1402	289967	14672	0	306832
11139	778	290824	8611	7757	0	307970
11140	291062	8333	3731	5990	0	309116
11141	298436	3556	2571	4627	0	309190
11142	11635	2325	1743	294690	0	310393
11143	4839	1693	291696	10964	0	309192
11144	285652	1298	8805	6572	0	302327
11145	9695	920	4218	297275	0	312108
11146	3888	1260	304023	11267	0	320438
11147	3511	1106	9250	305565	0	319432
11148	2966	924	3959	308656	0	316505
11149	2734	816	2503	314949	0	321002
11150	1761	1134	310729	15493	0	329117
11151	3287	983	9214	297454	0	310938
11152	1926	311152	4637	11890	0	329605
11153	312254	8676	2889	7443	0	331262
11154	316895	3694	2265	5797	0	328651
11155	318631	2421	1929	5335	0	328316
11156	13085	311342	2048	4697	0	331172
11157	314396	8713	1968	5115	0	330192
11158	12122	3701	1852	309819	0	327494
11159	308456	2419	2123	12932	0	325930
11160	310555	1793	2012	8099	0	322459
11161	12731	1862	299988	6052	0	320633
11162	6221	298354	9255	5322	0	319152
11163	300090	8778	4501	4914	0	318283
11164	11166	4427	3208	300022	0	318823
11165	5589	3362	297098	11218	0	317267
11166	4438	297745	9137	6442	0	317762
11167	293640	9084	4216	5801	0	312741
11168	11728	4069	2630	295155	0	313582
11169	6823	3021	2110	300705	0	312659
11170	5198	2552	1784	300512	0	310046
11171	4098	291570	1755	14907	0	312330
11172	4188	8772	1636	296160	0	310756
11173	3212	290482	2221	13263	0	309178
11174	3693	9901	2346	296341	0	312281
11175	2959	5158	291262	12898	0	312277
11176	3587	3548	9206	294798	0	311139
11177	3605	2272	4730	300595	0	311202
11178	3226	1925	3581	306620	0	315352
11179	2480	2306	292439	16882	0	314107
11180	3336	2215	9455	295095	0	310101
11181	3428	1862	4747	305343	0	315380
11182	2920	1991	3470	308708	0	317089
11183	3215	2116	2806	307338	0	315475
11184	3374	2021	2420	310549	0	318364
11185	2884	2506	295462	17822	0	318674
11186	3528	2124	8932	300194	0	314778
11187	3335	2128	4785	302146	0	312394
11188	284675	1590	3620	17661	0	307546
11189	9722	277782	3098	10773	0	301375
11190	5758	290321	2428	8698	0	307205
11191	4791	10433	2312	291854	0	309390
11192	3811	5081	2542	291667	0	303101
11193	2770	276485	2712	15488	0	297455
11194	3429	8894	2158	282419	0	296900
11195	2752	276815	2154	15122	0	296843
11196	3991	9540	2122	281000	0	296653
11197	3838	5112	1921	280581	0	291452
11198	2753	3568	265489	14388	0	286198
11199	2652	255999	8025	9624	0	276300
11200	2523	249822	3531	6794	0	262670
11201	215467	6900	2977	5107	0	230451
11202	5347	219176	1748	3384	0	229655
11203	3505	5802	1225	214566	0	225098
11204	2586	3137	208142	6586	0	220451
11205	2501	2623	4430	206911	0	216465
11206	203511	1826	2203	7996	0	215536
11207	4995	2028	205743	4550	0	217316
11208	2637	210462	4691	3899	0	221689
11209	3410	4967	2538	195978	0	206893
11210	1971	2413	1797	218835	0	225016
11211	217260	1765	1654	8780	0	229459
11212	4835	1657	1395	221718	0	229605
11213	2722	1601	1217	221659	0	227199
11214	2172	1654	988	222384	0	227198
11215	1846	1615	981	220901	0	225343
11216	212681	1456	1141	9673	0	224951
11217	211525	1401	1167	6566	0	220659
11218	5979	1206	1089	214548	0	222822
11219	208840	1182	1146	7789	0	218957
11220	5591	1381	1188	206527	0	214687
11221	2712	1347	200270	7391	0	211720
11222	2183	1385	192606	5074	0	201248
11223	2261	2514	4791	182475	0	192041
11224	1580	185007	2422	6531	0	195540
11225	1689	3703	1406	185322	0	192120
11226	180633	1747	966	7051	0	190397
11227	3694	1529	897	184990	0	191110
11228	180699	1044	840	7336	0	189919
11229	4441	1235	779	184679	0	191134
11230	2502	1183	183984	6066	0	193735
11231	1819	179144	3257	4140	0	188360
11232	1356	185215	1647	3803	0	192021
11233	1872	5134	1147	166091	0	174244
11234	902	1365	166283	4074	0	172624
11235	317	145137	1364	1256	0	148074
11236	956	1614	685	139922	0	143177
11237	136700	322	449	1759	0	139230
11238	678	352	138907	588	0	140525
11239	442	161	662	139245	0	140510
11240	374	196	225	143432	0	144227
11241	192	273	142308	1181	0	143954
11242	282	292	132172	711	0	133457
11243	222	492	142034	491	0	143239
11244	353	440	939	142758	0	144490
11245	187	263	145594	1044	0	147088
11246	131853	112	1018	1045	0	134028
11247	1245	124	332	147300	0	149001
11248	534	188	169205	1356	0	171283
11249	272	172145	1514	740	0	174671
11250	237	1394	170859	392	0	172882
11251	581	712	1824	169519	0	172636
11252	174521	308	897	2664	0	178390
11253	1911	144	405	179094	0	181554
11254	843	171	201	181933	0	183148
11255	193883	87	219	3212	0	197401
11256	2937	106	155	198870	0	202068
11257	805	247	202389	3179	0	206620
11258	196729	86	2895	1695	0	201405
11259	3006	205783	1002	770	0	210561
11260	209854	2825	484	976	0	214139
11261	3818	791	243	209913	0	214765
11262	1097	620	207728	3144	0	212589
11263	788	471	208805	1061	0	211125
11264	959	611	3917	210038	0	215525
11265	1058	244	1268	209792	0	212362
11266	467	280	210552	3766	0	215065
11267	488	392	201295	1474	0	203649
11268	206880	140	3920	1349	0	212289
11269	3740	185	1438	211188	0	216551
11270	212957	105	962	4124	0	218148
11271	4146	202	696	211307	0	216351
11272	1404	377	219081	3744	0	224606
11273	1034	526	226049	1384	0	228993
11274	1278	251	4338	230846	0	236713
11275	1141	157	1663	235682	0	238643
11276	488	261	239284	4836	0	244869
11277	231701	114	4587	2469	0	238871
11278	4842	156	1438	247145	0	253581
11279	255366	85	1164	5805	0	262420
11280	5215	285856	1221	1800	0	294092
11281	2421	6188	852	293481	0	302942
11282	295443	1481	659	8144	0	305727
11283	7549	901	295451	2577	0	306478
11284	3468	473	7041	295906	0	306888
11285	2498	350	2310	298290	0	303448
11286	2033	372	1543	307856	0	311804
11287	1051	552	299814	9886	0	311303
11288	1930	348	7488	292726	0	302492
11289	933	298258	2810	8410	0	310411
11290	1827	6469	1585	304111	0	313992
11291	1042	1848	301397	8654	0	312941
11292	1067	1183	304234	3425	0	309909
11293	2052	793	9150	301887	0	313882
11294	1982	653	3097	307937	0	313669
11295	1847	579	2002	313134	0	317562
11296	2349	370	1690	315210	0	319619
11297	307379	308	1654	11751	0	321092
11298	307404	307	1397	5587	0	314695
11299	9218	548	302608	3435	0	315809
11300	3033	306042	7976	2953	0	320004
11301	2760	6713	2682	316297	0	328452
11302	321195	1948	1739	10378	0	335260
11303	300696	1463	1841	6031	0	310031
11304	326930	732	1532	3981	0	333175
11305	328822	583	1798	3619	0	334822
11306	10500	830	320793	2606	0	334729
11307	308639	531	7968	3816	0	320954
11308	9255	311608	3027	2887	0	326777
11309	4628	7057	1989	317732	0	331406
11310	2982	2326	319126	9147	0	333581
11311	3660	1250	8416	315058	0	328384
11312	2351	1262	317891	10022	0	331526
11313	3059	975	9121	317154	0	330309
11314	2603	997	3527	328596	0	335723
11315	322316	689	2442	12797	0	338244
11316	9838	701	2178	325279	0	337996
11317	3858	1085	325244	11234	0	341421
11318	3704	820	8828	333225	0	346577
11319	332089	775	3728	12332	0	348924
11320	10090	712	3013	336819	0	350634
11321	4163	1028	333679	11314	0	350184
11322	2710	328903	9333	6041	0	346987
11323	339039	7646	3931	6216	0	356832
11324	9980	2288	3198	328725	0	344191
11325	3981	344156	3062	10071	0	361270
11326	341969	8120	2715	6372	0	359176
11327	9975	2963	340116	4613	0	357667
11328	4308	337709	9469	4300	0	355786
11329	3891	8125	4151	344231	0	360398
11330	2839	2888	341410	10752	0	357889
11331	3358	1744	9853	333825	0	348780
11332	334630	1283	4075	12974	0	352962
11333	9796	1442	330791	6231	0	348260
11334	5055	1279	9295	332213	0	347842
11335	3886	1386	334576	11325	0	351173
11336	4118	1359	10177	331517	0	347171
11337	3842	1415	4305	341989	0	351551
11338	331219	1279	3087	14228	0	349813
11339	9669	331053	3192	6914	0	350828
11340	5097	7560	2801	339268	0	354726
11341	333622	2467	2890	12710	0	351689
11342	336692	1887	2770	7105	0	348454
11343	11570	1854	2712	329976	0	346112
11344	4994	321236	2850	11374	0	340454
11345	3600	334835	2735	6103	0	347273
11346	3939	9129	2651	329327	0	345046
11347	3439	3386	2650	330159	0	339634
11348	302149	1837	2294	12899	0	319179
11349	8781	1483	2436	302082	0	314782
11350	3351	1524	291236	10935	0	307046
11351	272522	1155	7415	6906	0	287998
11352	8078	282866	3109	5028	0	299081
11353	281445	6331	2236	5093	0	295105
11354	8773	2288	286263	3994	0	301318
11355	3461	285698	6720	3395	0	299274
11356	280919	6588	3959	3818	0	295284
11357	282246	2252	2384	3639	0	290521
11358	8373	1727	280763	2286	0	293149
11359	272590	1616	6728	3059	0	283993
11360	280647	1174	2649	2954	0	287424
11361	8379	279108	1809	2120	0	291416
11362	4495	6052	1461	285027	0	297035
11363	3266	2289	279215	7113	0	291883
11364	3191	1622	6616	284796	0	296225
11365	2293	1634	289767	8114	0	301808
11366	2523	1322	7434	287605	0	298884
11367	292138	1298	2954	9409	0	305799
11368	8076	904	1991	301218	0	312189
11369	3248	1124	330292	8902	0	343566
11370	335754	779	8800	5177	0	350510
11371	11535	634	3374	348828	0	364371
11372	4083	932	340511	10744	0	356270
11373	325951	664	9852	5452	0	341919
11374	11722	1240	3633	334403	0	350998
11375	4357	1230	328611	10731	0	344929
11376	3261	1300	321796	4484	0	330841
11377	4095	3624	10528	315254	0	333501
11378	2399	1121	324848	9698	0	338066
11379	2212	310280	9845	4176	0	326513
11380	2710	6335	3187	278934	0	291166
11381	277374	1496	2356	7280	0	288506
11382	6068	1161	279409	2457	0	289095
11383	2305	732	276995	2161	0	282193
11384	261688	384	7761	2486	0	272319
11385	6427	617	279330	1272	0	287646
11386	262660	235	7486	2502	0	272883
11387	6960	434	275981	1160	0	284535
11388	3683	299	7484	269871	0	281337
11389	1988	569	278812	6025	0	287394
11390	2830	482	7569	271599	0	282480
11391	1305	793	283338	6859	0	292295
11392	1413	731	275129	3015	0	280288
11393	257952	438	8340	3217	0	269947
11394	5715	275251	4524	1833	0	287323
11395	278161	5084	3286	2372	0	288903
11396	6812	280587	2732	1289	0	291420
11397	3876	5848	2711	279936	0	292371
11398	3678	2045	2567	288100	0	296390
11399	286305	1250	2468	8126	0	298149
11400	7393	891	2410	281250	0	291944
11401	3273	841	279953	7146	0	291213
11402	265382	619	7043	4456	0	277500
11403	274909	443	3903	3592	0	282847
11404	8659	530	3372	272719	0	285280
11405	3938	953	276351	6730	0	287972
11406	3555	917	7250	270989	0	282711
11407	2202	274701	3777	7158	0	287838
11408	2799	5808	2658	277160	0	288425
11409	2968	2151	2043	284849	0	292011
11410	2277	1823	276141	8700	0	288941
11411	248194	1191	6978	5632	0	261995
11412	6721	270889	3477	3593	0	284680
11413	269880	5696	2861	3724	0	282161
11414	7520	274187	2483	2717	0	286907
11415	4513	6305	2146	267467	0	280431
11416	2858	274855	2535	6905	0	287153
11417	2553	6555	270036	3729	0	282873
11418	2949	3402	7086	255242	0	268679
11419	2923	1987	3415	263264	0	271589
11420	2463	1254	3084	273393	0	280194
11421	264499	1050	2721	10540	0	278810
11422	7607	1358	2614	266868	0	278447
11423	259379	1404	2679	9727	0	273189
11424	263199	1638	2206	5626	0	272669
11425	259017	1555	2429	5258	0	268259
11426	9694	1769	256200	3847	0	271510
11427	5937	1437	7354	257729	0	272457
11428	4434	1522	4105	270336	0	280397
11429	3824	1423	3963	276570	0	285780
11430	280676	1337	3401	12115	0	297529
11431	9730	1354	3248	283661	0	297993
11432	5192	1240	3691	293361	0	303484
11433	300970	1347	3521	13570	0	319408
11434	11167	1127	3515	310864	0	326673
11435	5768	1447	314390	12720	0	334325
11436	4947	1603	318800	6736	0	332086
11437	5226	1085	12422	322606	0	341339
11438	319062	977	6281	13759	0	340079
11439	315734	822	5704	7335	0	329595
11440	14466	829	4482	314089	0	333866
11441	6901	1204	312849	12414	0	333368
11442	5466	307182	11837	6642	0	331127
11443	5375	8611	5764	316473	0	336223
11444	4975	2991	4617	324771	0	337354
11445	5123	2239	4294	326350	0	338006
11446	317680	1536	4430	16721	0	340367
11447	11722	1589	319080	8544	0	340935
11448	316543	1643	11548	7709	0	337443
11449	13943	1423	5338	313430	0	334134
11450	6898	317648	4619	12499	0	341664
11451	322375	9103	3864	8187	0	343529
11452	321509	3269	3405	7451	0	335634
11453	14656	2966	330890	5346	0	353858
11454	7539	304666	11087	6125	0	329417
11455	5414	317418	5119	5603	0	333554
11456	314137	10468	4193	6265	0	335063
11457	13034	3895	3058	314207	0	334194
11458	7309	3096	2760	316216	0	329381
11459	6495	2414	2888	313450	0	325247
11460	4715	295764	2469	15466	0	318414
11461	4152	314463	2332	8210	0	329157
11462	306619	11078	2015	7511	0	327223
11463	13173	4328	2029	306734	0	326264
11464	5312	3368	320035	12081	0	340796
11465	6164	2754	11361	330228	0	350507
11466	4341	2762	358316	15323	0	380742
11467	4723	2858	359309	7464	0	374354
11468	4524	2821	361765	6004	0	375114
11469	2170	311947	17440	3024	0	334581
11470	4798	11253	11796	286165	0	314012
11471	1702	302763	6480	9497	0	320442
11472	3530	12228	4205	286555	0	306518
11473	2621	5937	2617	307976	0	319151
11474	299949	4329	1802	16248	0	322328
11475	11098	2886	1511	306880	0	322375
11476	299414	2087	1349	16338	0	319188
11477	306271	1339	1278	9445	0	318333
11478	16184	1282	1238	292630	0	311334
11479	8658	290667	1632	13146	0	314103
11480	7333	9612	1625	287818	0	306388
11481	4595	292351	1804	13452	0	312202
11482	4252	12192	1429	294629	0	312502
11483	2463	6564	289629	14912	0	313568
11484	3251	4710	9782	293962	0	311705
11485	3070	3161	4768	304442	0	315441
11486	283777	2316	3852	18680	0	308625
11487	10308	287588	3208	10953	0	312057
11488	6868	10138	2284	292927	0	312217
11489	5642	4908	1683	292877	0	305110
11490	4021	284390	2500	16622	0	307533
11491	4070	11426	1650	292429	0	309575
11492	274125	6044	1586	17829	0	299584
11493	286028	4699	1476	10789	0	302992
11494	14450	279200	1458	8072	0	303180
11495	9318	11363	1250	283932	0	305863
11496	274745	5509	1635	14987	0	296876
11497	13141	282420	1893	8424	0	305878
11498	8301	12214	1714	267186	0	289415
11499	5788	280075	1968	13539	0	301370
11500	278600	13506	1867	8753	0	302726
11501	12891	7811	272589	6682	0	299973
11502	6958	5952	274969	5983	0	293862
11503	6767	4603	14252	274646	0	300268
11504	4622	3839	280522	13462	0	302445
11505	4642	2885	15344	274767	0	297638
11506	272575	2598	8763	16077	0	300013
11507	12063	2936	280517	9899	0	305415
11508	7441	2920	12886	281823	0	305070
11509	6377	2833	6919	291797	0	307926
11510	282494	2923	5081	18995	0	309493
11511	12343	285953	3995	11893	0	314184
11512	288346	11189	2740	10821	0	313096
11513	292772	6105	2253	8430	0	309560
11514	17671	280281	2504	6383	0	306839
11515	11857	12207	2438	284590	0	311092
11516	8634	7216	278034	13108	0	306992
11517	7133	5863	10484	277217	0	300697
11518	4733	280293	5833	15305	0	306164
11519	284691	12636	4762	10248	0	312337
11520	12556	7101	3921	289624	0	313202
11521	6589	6144	289943	15849	0	318525
11522	6035	4772	11208	296697	0	318712
11523	5122	4133	6251	305384	0	320890
11524	4714	3725	4738	309999	0	323176
11525	4466	3435	3601	311456	0	322958
11526	4659	3306	2917	304976	0	315858
11527	3469	3302	285707	24198	0	316676
11528	4470	3121	277220	15718	0	300529
11529	2975	263267	13729	11955	0	291926
11530	2648	274022	7883	8755	0	293308
11531	266583	11701	6441	7184	0	291909
11532	10841	7159	266990	5277	0	290267
11533	244368	5998	11062	5145	0	266573
11534	11205	4165	241384	4232	0	260986
11535	6762	3006	231964	3470	0	245202
11536	5389	2572	12346	224151	0	244458
11537	233782	2100	8208	9872	0	253962
11538	9156	1883	5548	238147	0	254734
11539	5622	1916	4032	242544	0	254114
11540	4317	1571	254985	14313	0	275186
11541	3781	1489	8365	261081	0	274716
11542	3260	1269	4994	263513	0	273036
11543	2779	1384	3730	267263	0	275156
11544	3159	1399	2914	265921	0	273393
11545	3068	1133	2272	268320	0	274793
11546	253349	1171	1806	17848	0	274174
11547	8356	1255	1475	261043	0	272129
11548	4843	1590	245864	14787	0	267084
11549	4649	1964	6596	252730	0	265939
11550	3607	1708	246707	12787	0	264809
11551	3523	2150	8904	248983	0	263560
11552	2230	1388	254304	12756	0	270678
11553	1899	2049	10172	240800	0	254920
11554	1593	1213	6384	253275	0	262465
11555	1368	1227	244485	13321	0	260401
11556	221362	1126	8434	10176	0	241098
11557	6660	1383	247387	7239	0	262669
11558	5210	1324	8967	249236	0	264737
11559	252056	696	6207	10403	0	269362
11560	8597	943	4543	254937	0	269020
11561	6306	1076	3038	258960	0	269380
11562	4579	924	253344	12979	0	271826
11563	3194	242331	6589	10071	0	262185
11564	1862	225898	3897	6766	0	238423
11565	1161	222279	2735	4770	0	230945
11566	3648	1694	2535	186934	0	194811
11567	188108	445	826	1873	0	191252
11568	991	243	195	188023	0	189452
11569	618	164	168	188578	0	189528
11570	473	112	199	191131	0	191915
11571	357	97	171	189943	0	190568
11572	152	188319	253	1542	0	190266
11573	282	811	140	193736	0	194969
11574	309	379	132	193076	0	193896
11575	110	191534	242	1522	0	193408
11576	194178	917	112	1459	0	196666
11577	1031	413	114	195213	0	196771
11578	194378	260	114	1883	0	196635
11579	191222	161	153	1418	0	192954
11580	1240	194876	228	558	0	196902
11581	803	946	107	206023	0	207879
11582	437	513	202425	1180	0	204555
11583	339	471	196027	668	0	197505
11584	529	575	1207	200228	0	202539
11585	204786	136	629	1915	0	207466
11586	207451	105	350	1463	0	209369
11587	1449	138	219	210789	0	212595
11588	211695	134	184	2250	0	214263
11589	1211	209544	316	745	0	211816
11590	210110	946	240	1368	0	212664
11591	1221	221279	426	431	0	223357
11592	878	1180	204	226936	0	229198
11593	711	611	191	226603	0	228116
11594	395	225994	304	1488	0	228181
11595	224461	1109	393	1748	0	227711
11596	1298	773	220867	537	0	223475
11597	1001	367	1095	221753	0	224216
11598	545	468	225258	1237	0	227508
11599	909	257	1217	222317	0	224700
11600	227807	197	558	2384	0	230946
11601	1503	198	339	228259	0	230299
11602	225895	217	251	2518	0	228881
11603	223063	174	291	1756	0	225284
11604	1803	235	250	223896	0	226184
11605	844	393	220327	1638	0	223202
11606	537	228461	1265	1112	0	231375
11607	637	1021	517	228836	0	231011
11608	224038	431	327	2783	0	227579
11609	1416	618	219570	915	0	222519
11610	1333	239	1100	220806	0	223478
11611	955	225	631	220613	0	222424
11612	706	240	402	225484	0	226832
11613	223969	229	407	2935	0	227540
11614	1493	245	337	220720	0	222795
11615	921	241	331	224823	0	226316
11616	598	415	222956	1973	0	225942
11617	973	202	1284	221319	0	223778
11618	834	221	775	225804	0	227634
11619	774	222	451	230703	0	232150
11620	469	226562	567	2248	0	229846
11621	806	1051	287	223770	0	225914
11622	800	523	316	222261	0	223900
11623	214513	319	264	3249	0	218345
11624	1474	512	212999	1239	0	216224
11625	966	546	198834	1073	0	201419
11626	623	211538	1537	815	0	214513
11627	878	1156	825	219631	0	222490
11628	217409	509	571	2645	0	221134
11629	1489	345	360	215714	0	217908
11630	1023	252	290	216654	0	218219
11631	741	203	305	219676	0	220925
11632	767	198	288	214825	0	216078
11633	677	237	264	214616	0	215794
11634	399	368	212752	2175	0	215694
11635	737	213	1044	211412	0	213406
11636	212105	132	508	3105	0	215850
11637	1212	206389	530	1296	0	209427
11638	854	1016	360	211360	0	213590
11639	701	529	282	211065	0	212577
11640	419	504	197045	2054	0	200022
11641	927	282	1173	191634	0	194016
11642	604	217	610	204191	0	205622
11643	205832	187	401	3612	0	210032
11644	1596	211577	397	1624	0	215194
11645	1102	1713	235	216555	0	219605
11646	991	649	268	219010	0	220918
11647	902	484	355	219336	0	221077
11648	453	446	220031	3263	0	224193
11649	622	501	206719	1926	0	209768
11650	403	214054	2748	1356	0	218561
11651	384	223987	1211	1165	0	226747
11652	701	2509	646	219777	0	223633
11653	467	216074	785	2772	0	220098
11654	839	3341	367	237910	0	242457
11655	805	1239	354	259187	0	261585
11656	952	632	312	272911	0	274807
11657	1044	561	359	308614	0	310578
11658	382	707	309490	10078	0	320657
11659	1244	454	6002	311244	0	318944
11660	1118	399	3374	317781	0	322672
11661	998	346	2033	327716	0	331093
11662	311352	302	1430	15164	0	328248
11663	6157	319501	1986	8706	0	336350
11664	4610	6746	1325	304934	0	317615
11665	2061	323682	1522	10361	0	337626
11666	312061	8603	1061	9186	0	330911
11667	285292	5341	727	8538	0	299898
11668	9279	319369	680	5401	0	334729
11669	5548	332724	678	4695	0	343645
11670	3751	13112	318999	3650	0	339512
11671	3009	333422	7088	3565	0	347084
11672	3879	11492	4128	326445	0	345944
11673	327484	7508	2568	10591	0	348151
11674	8674	336979	1671	6943	0	354267
11675	6164	11177	1919	339438	0	358698
11676	4389	8240	1477	345406	0	359512
11677	3491	5636	1657	354202	0	364986
11678	343238	4245	1334	16763	0	365580
11679	9748	4691	338723	10013	0	363175
11680	327805	3451	7691	8741	0	347688
11681	11368	337759	4594	6211	0	359932
11682	7132	10716	2584	341868	0	362300
11683	4919	6617	336643	12142	0	360321
11684	320184	4378	9649	9074	0	343285
11685	11396	337422	5529	5435	0	359782
11686	8152	10863	3609	328694	0	351318
11687	5018	339284	2914	10755	0	357971
11688	4437	12256	2593	343075	0	362361
11689	4591	7035	2145	350537	0	364308
11690	3133	5527	338161	15702	0	362523
11691	3264	4308	324337	10529	0	342438
11692	3995	4406	11998	330468	0	350867
11693	2365	3856	336526	13928	0	356675
11694	3059	3255	11427	335753	0	353494
11695	3347	2882	7413	332434	0	346076
11696	2617	2226	5928	349588	0	360359
11697	334340	1843	4918	19550	0	360651
11698	10012	2212	4969	344427	0	361620
11699	5534	2445	337797	17010	0	362786
11700	335307	2153	10132	13578	0	361170
11701	10521	2312	6265	348562	0	367660
11702	7442	1946	4524	355027	0	368939
11703	342505	1802	3651	20203	0	368161
11704	10836	348038	4598	12435	0	375907
11705	8040	8805	3879	359663	0	380387
11706	5557	5298	3532	359536	0	373923
11707	346149	3673	3453	20346	0	373621
11708	11599	3106	343363	14124	0	372192
11709	7749	3331	9170	350374	0	370624
11710	6157	2936	5936	355638	0	370667
11711	5437	3141	4043	349939	0	362560
11712	4408	341632	3715	20424	0	370179
11713	4373	9174	4121	356100	0	373768
11714	343065	5449	3130	19558	0	371202
11715	10437	343288	3386	14311	0	371422
11716	338609	10258	2984	12836	0	364687
11717	11988	346767	2428	10371	0	371554
11718	346306	12595	2172	11025	0	372098
11719	13777	8260	338716	8767	0	369520
11720	9241	6858	335814	8470	0	360383
11721	338247	4762	12438	8476	0	363923
11722	13325	5246	348602	7169	0	374342
11723	10241	4466	11964	344065	0	370736
11724	8506	4154	8457	325532	0	346649
11725	6398	3383	6722	359424	0	375927
11726	348308	3469	5400	19363	0	376540
11727	12339	3362	341105	12647	0	369453
11728	340491	3104	11593	11053	0	366241
11729	14317	3423	7239	359185	0	384164
11730	357701	3089	5143	17833	0	383766
11731	15876	3357	4011	364235	0	387479
11732	372785	3091	4482	17899	0	398257
11733	17719	2997	4275	398959	0	423950
11734	10758	3267	406668	18445	0	439138
11735	410802	2836	13016	13125	0	439779
11736	431221	2447	7867	11596	0	453131
11737	22454	2458	5451	426773	0	457136
11738	14061	2758	4622	422240	0	443681
11739	9366	423027	5460	21489	0	459342
11740	417978	11479	4914	15031	0	449402
11741	17445	422931	4755	10791	0	455922
11742	418384	13005	3965	10937	0	446291
11743	18991	7099	413743	9550	0	449383
11744	11702	5698	413115	8816	0	439331
11745	9438	3985	407769	8444	0	429636
11746	401377	4067	18792	8183	0	432419
11747	17536	410687	10588	6549	0	445360
11748	12768	11923	7710	408602	0	441003
11749	406446	6730	6380	15656	0	435212
11750	16096	413028	6133	10440	0	445697
11751	11818	16618	5307	397150	0	430893
11752	8244	399093	4867	15470	0	427674
11753	7280	389645	4421	10602	0	411948
11754	7196	398029	3497	7572	0	416294
11755	357297	15463	4335	7568	0	384663
11756	11758	357405	2705	5561	0	377429
11757	4902	314618	2256	3377	0	325153
11758	3328	315125	2075	2604	0	323132
11759	308090	8479	3189	3288	0	323046
11760	309821	3850	1807	2949	0	318427
11761	9275	2856	299253	2148	0	313532
11762	291346	1724	6128	2790	0	301988
11763	303264	1592	2637	2632	0	310125
11764	9289	1804	1820	297660	0	310573
11765	302982	1492	1295	7630	0	313399
11766	8355	2011	296227	2948	0	309541
11767	3820	313336	6096	2322	0	325574
11768	316903	6905	2784	2667	0	329259
11769	8793	3418	1707	325760	0	339678
11770	327435	2200	1061	8203	0	338899
11771	8724	2197	314937	3259	0	329117
11772	316575	1652	6360	2713	0	327300
11773	9653	1976	2499	322301	0	336429
11774	4394	1652	320559	6776	0	333381
11775	2821	305293	6779	3142	0	318035
11776	2386	323152	2930	1965	0	330433
11777	3163	8944	2142	310038	0	324287
11778	3070	3662	1157	307121	0	315010
11779	1658	315650	1010	7129	0	325447
11780	315435	6491	924	3728	0	326578
11781	313954	2884	821	2576	0	320235
11782	311891	1833	914	2288	0	316926
11783	9173	315606	892	1549	0	327220
11784	5373	6296	818	299997	0	312484
11785	2749	318120	1140	5440	0	327449
11786	317332	6817	830	3424	0	328403
11787	315817	2924	790	2723	0	322254
11788	8819	311365	898	1522	0	322604
11789	317351	6919	580	2251	0	327101
11790	8827	3038	742	315512	0	328119
11791	4866	2202	876	319886	0	327830
11792	321666	1648	1152	9462	0	333928
11793	313617	1587	1159	4582	0	320945
11794	319485	1472	1070	2990	0	325017
11795	10949	1512	1107	312661	0	326229
11796	5618	1596	1004	320364	0	328582
11797	3355	2197	313362	8999	0	327913
11798	3948	2156	6046	310616	0	322766
11799	3667	2287	2456	313357	0	321767
11800	3388	2279	303674	8704	0	318045
11801	3147	2270	290337	4211	0	299965
11802	2721	2162	306868	2617	0	314368
11803	3316	1866	9200	301239	0	315621
11804	2911	2293	302745	7381	0	315330
11805	3662	2295	7281	298637	0	311875
11806	3692	2259	3141	307126	0	316218
11807	3184	2435	304204	9182	0	319005
11808	2861	2758	303865	4446	0	313930
11809	3347	2481	8238	300364	0	314430
11810	2654	2512	320976	7992	0	334134
11811	2952	2623	316114	4119	0	325808
11812	2777	319273	8843	3114	0	334007
11813	325662	7465	4073	3310	0	340510
11814	328475	3850	2683	3029	0	338037
11815	329376	2995	1942	3393	0	337706
11816	10161	320525	2071	2591	0	335348
11817	5591	330198	2070	2488	0	340347
11818	4731	8742	1826	331380	0	346679
11819	4341	3910	1982	332262	0	342495
11820	3533	2656	325374	9558	0	341121
11821	4324	2037	7539	323371	0	337271
11822	327703	1805	3704	9921	0	343133
11823	9232	1685	2686	313960	0	327563
11824	4840	323331	2718	8236	0	339125
11825	333239	7282	2403	5210	0	348134
11826	336596	3607	2189	4051	0	346443
11827	340591	2394	1924	4145	0	349054
11828	11828	2011	333241	3069	0	350149
11829	6529	3177	7008	336774	0	353488
11830	362045	1794	3995	10045	0	377879
11831	10367	1801	369123	4750	0	386041
11832	4890	352999	9009	3702	0	370600
11833	3044	344809	3741	2450	0	354044
11834	315772	7543	3404	2730	0	329449
11835	6843	318125	1793	1767	0	328528
11836	4001	6385	1319	309149	0	320854
11837	2040	2609	315444	6276	0	326369
11838	2968	2040	5941	311308	0	322257
11839	312525	1220	2298	7690	0	323733
11840	6260	310549	1519	2815	0	321143
11841	308649	5689	1244	2520	0	318102
11842	6636	2344	306921	1677	0	317578
11843	3683	2182	5779	294401	0	306045
11844	1789	314524	2581	5626	0	324520
11845	2623	6073	1667	319537	0	329900
11846	320183	2265	1243	7391	0	331082
11847	323502	1425	1079	3596	0	329602
11848	323397	1177	1095	2679	0	328348
11849	326323	1223	1116	2384	0	331046
11850	8535	993	1134	314923	0	325585
11851	3339	1247	322311	6382	0	333279
11852	3294	1329	5621	311393	0	321637
11853	2116	322048	2291	6026	0	332481
11854	325310	5478	1561	3661	0	336010
11855	6579	2146	324247	1825	0	334797
11856	314085	1186	5937	2502	0	323710
11857	6945	1205	2317	322833	0	333300
11858	2864	1312	331665	6311	0	342152
11859	3121	943	5641	329319	0	339024
11860	333885	808	2307	8013	0	345013
11861	334929	820	1692	4028	0	341469
11862	334277	774	1583	3112	0	339746
11863	7966	1157	333582	1895	0	344600
11864	4603	1661	5777	330737	0	342778
11865	2489	1270	341027	5922	0	350708
11866	2223	337553	6035	2956	0	348767
11867	322487	5425	2841	2937	0	333690
11868	5639	319252	1855	1698	0	328444
11869	308662	4220	1506	2151	0	316539
11870	5544	1634	1015	301662	0	309855
11871	2110	306369	1181	4050	0	313710
11872	307982	4041	1074	3011	0	316108
11873	5020	1730	309084	1322	0	317156
11874	2856	1200	3972	307182	0	315210
11875	311325	786	1477	5556	0	319144
11876	5059	1017	309974	1858	0	317908
11877	3115	914	4131	300622	0	308782
11878	2264	301679	2052	4139	0	310134
11879	2390	4333	1423	313597	0	321743
11880	2482	2052	925	314860	0	320319
11881	310303	1510	791	6290	0	318894
11882	5104	309366	1071	2325	0	317866
11883	2866	4501	925	303080	0	311372
11884	1876	309059	1159	4774	0	316868
11885	2278	4762	1166	306483	0	314689
11886	1930	314008	1332	4686	0	321956
11887	310990	4790	1079	3472	0	320331
11888	5673	2290	316809	1584	0	326356
11889	3342	1439	4421	313257	0	322459
11890	2602	1130	2052	314399	0	320183
11891	2299	1250	1322	317295	0	322166
11892	2564	1311	1001	312146	0	317022
11893	2268	1302	309841	6385	0	319796
11894	2433	314034	4483	2979	0	323929
11895	314340	4402	1701	3438	0	323881
11896	316012	1789	1303	3341	0	322445
11897	5741	314941	1322	2227	0	324231
11898	316836	4721	1119	3229	0	325905
11899	315246	2099	1217	3173	0	321735
11900	5927	320443	1248	1928	0	329546
11901	3826	4921	987	314861	0	324595
11902	2662	323443	1373	4274	0	331752
11903	318900	4960	1178	3733	0	328771
11904	5674	2134	315948	2258	0	326014
11905	290996	1383	4714	3721	0	300814
11906	5598	1414	317962	2237	0	327211
11907	3601	1346	4727	315613	0	325287
11908	317567	1182	1821	6351	0	326921
11909	6413	1403	311608	2364	0	321788
11910	292172	1125	4755	3142	0	301194
11911	305274	1055	2042	3138	0	311509
11912	6750	1140	1642	301945	0	311477
11913	3013	302600	1542	4946	0	312101
11914	307994	4991	969	3531	0	317485
11915	6342	2370	829	306327	0	315868
11916	3314	301329	1123	4952	0	310718
11917	301518	4532	1044	3425	0	310519
11918	5852	2202	1106	304193	0	313353
11919	2794	312497	1443	5081	0	321815
11920	2691	4463	1361	323159	0	331674
11921	323725	1760	1415	7209	0	334109
11922	320799	1351	1118	4395	0	327663
11923	323601	1129	1296	3249	0	329275
11924	6952	991	1313	316718	0	325974
11925	3534	1280	1117	317576	0	323507
11926	2374	1577	316813	5952	0	326716
11927	3619	2166	4455	313824	0	324064
11928	2543	1504	326171	5731	0	335949
11929	2213	1376	298066	2456	0	304111
11930	927	733	280697	940	0	283297
11931	580	293254	3666	883	0	298383
11932	1899	3490	2659	280842	0	288890
11933	599	314787	1070	2402	0	318858
11934	321560	3860	639	2683	0	328742
11935	324084	1228	483	2070	0	327865
11936	5586	656	465	336826	0	343533
11937	1799	784	349279	4402	0	356264
11938	2141	460	5410	346006	0	354017
11939	831	919	358740	6132	0	366622
11940	2113	616	5853	345636	0	354218
11941	849	352062	2128	6038	0	361077
11942	710	367737	1258	2156	0	371861
11943	358029	6686	919	2763	0	368397
11944	6350	2499	357189	1077	0	367115
11945	3357	1252	6027	350790	0	361426
11946	2503	989	1752	358910	0	364154
11947	357682	797	1153	9145	0	368777
11948	6238	360250	1139	3091	0	370718
11949	359202	6085	850	3419	0	369556
11950	6491	365098	1446	1555	0	374590
11951	355835	6483	964	2889	0	366171
11952	361794	2159	1111	2857	0	367921
11953	8993	1420	920	360070	0	371403
11954	2932	1690	360121	6825	0	371568
11955	343369	1234	6444	3905	0	354952
11956	7101	362479	2391	1874	0	373845
11957	365457	6710	1379	2807	0	376353
11958	8618	2370	1069	351246	0	363303
11959	4198	1478	909	351816	0	358401
11960	2317	350297	1186	8083	0	361883
11961	3203	6850	785	342739	0	353577
11962	2019	353090	1056	6972	0	363137
11963	3302	7150	807	347841	0	359100
11964	3150	2715	726	345978	0	352569
11965	335140	1694	833	9809	0	347476
11966	7574	1766	335467	3483	0	348290
11967	3107	331476	6470	2811	0	343864
11968	3606	6599	2158	337185	0	349548
11969	338262	2440	1450	8908	0	351060
11970	344706	1846	1242	4790	0	352584
11971	344632	1480	1065	4185	0	351362
11972	9382	1843	337554	2438	0	351217
11973	338176	1739	6949	3128	0	349992
11974	9401	1632	2376	345506	0	358915
11975	341453	1682	1457	9555	0	354147
11976	8600	337237	1498	3813	0	351148
11977	4926	7265	1141	342460	0	355792
11978	337406	2697	1291	9586	0	350980
11979	8717	345534	1443	3789	0	359483
11980	4997	7959	1152	349296	0	363404
11981	3476	3413	346282	8756	0	361927
11982	349127	2368	7419	5164	0	364078
11983	371315	1765	2588	4319	0	379987
11984	12547	1952	366406	2517	0	383422
11985	5467	353297	8848	2687	0	370299
11986	4194	372199	3346	2595	0	382334
11987	4610	10186	2409	367237	0	384442
11988	4735	3993	1915	360489	0	371132
11989	4265	2903	1542	371365	0	380075
11990	2917	2772	370719	12533	0	388941
11991	363643	2488	8955	7185	0	382271
11992	389177	2350	3404	5520	0	400451
11993	396051	2356	2318	5072	0	405797
11994	397843	2227	2166	4679	0	406915
11995	401349	2104	2043	4709	0	410205
11996	409646	2080	2083	4377	0	418186
11997	17000	2085	2176	417213	0	438474
11998	7654	2726	413936	12713	0	437029
11999	5587	3108	422630	5679	0	437004
12000	6196	2734	13188	424345	0	446463
12001	6116	2477	4636	426866	0	440095
12002	6170	2216	2932	424423	0	435741
12003	4844	431685	2904	16321	0	455754
12004	434705	12404	2492	8731	0	458332
12005	15508	448659	2566	5335	0	472068
12006	9148	13554	2170	444612	0	469484
12007	439884	5060	2144	16506	0	463594
12008	16066	441684	2196	7053	0	466999
12009	9206	13888	1999	444543	0	469636
12010	7893	5431	1898	456296	0	471518
12011	6494	4121	1998	455750	0	468363
12012	4532	442657	2754	19545	0	469488
12013	6013	13355	2398	453861	0	475627
12014	4563	5686	448106	18609	0	476964
12015	5987	4109	13010	456819	0	479925
12016	6027	3815	4262	467069	0	481173
12017	6298	3988	2646	490064	0	502996
12018	6893	3802	2144	500122	0	512961
12019	5069	4107	481386	24657	0	515219
12020	4667	481637	15941	13223	0	515468
12021	6719	16617	5948	490091	0	519375
12022	6442	6920	4126	512374	0	529862
12023	6203	4971	3404	504132	0	518710
12024	4588	478274	3607	28001	0	514470
12025	4165	513485	3276	15479	0	536405
12026	499315	21642	2428	12575	0	535960
12027	20609	9254	2349	493995	0	526207
12028	7917	6326	485324	23061	0	522628
12029	5451	486787	16190	13239	0	521667
12030	476160	17854	6779	11702	0	512495
12031	18422	8085	469739	9154	0	505400
12032	8572	5960	467182	8308	0	490022
12033	5915	4718	463205	6882	0	480720
12034	7367	8872	21968	438569	0	476776
12035	4070	4077	449054	18948	0	476149
12036	3200	425667	19346	10492	0	458705
12037	4672	14116	8646	410234	0	437668
12038	2592	6687	418789	17189	0	445257
12039	4161	5510	16562	408779	0	435012
12040	403241	4013	8020	19898	0	435172
12041	13941	3574	404628	11295	0	433438
12042	390807	3152	16366	9840	0	420165
12043	15752	414390	8216	7273	0	445631
12044	416453	14649	5987	7201	0	444290
12045	18758	6661	5722	414822	0	445963
12046	418780	4760	5382	18109	0	447031
12047	422820	3850	5231	10627	0	442528
12048	415448	3962	4893	9044	0	433347
12049	20523	419939	4960	6845	0	452267
12050	424761	14571	4637	7466	0	451435
12051	430129	6260	4993	7207	0	448589
12052	21858	4853	420501	5856	0	453068
12053	11890	420388	15286	6201	0	453765
12054	11181	15099	7986	418751	0	453017
12055	9388	7410	6062	430375	0	453235
12056	8519	5742	4986	435717	0	454964
12057	6503	5095	420967	21632	0	454197
12058	7593	3956	15343	423133	0	450025
12059	6212	3861	424077	21081	0	455231
12060	419054	3537	17176	13136	0	452903
12061	437573	3437	8818	10490	0	460318
12062	20878	4039	432750	8466	0	466133
12063	430681	4006	16484	8683	0	459854
12064	446816	3462	8688	8254	0	467220
12065	452763	3258	6747	7732	0	470500
12066	25190	3297	6293	435260	0	470040
12067	14315	4001	438320	17351	0	473987
12068	10693	440236	15807	10615	0	477351
12069	10569	14438	8029	442624	0	475660
12070	8753	6968	447266	18270	0	481257
12071	7946	5559	426896	10555	0	450956
12072	413697	4980	18792	9996	0	447465
12073	15759	441231	10712	8665	0	476367
12074	447014	13795	7777	9293	0	477879
12075	453241	6704	6798	8853	0	475596
12076	20100	447648	7066	7284	0	482098
12077	449338	14135	6457	7691	0	477621
12078	20257	7308	455969	6302	0	489836
12079	12846	5330	448772	5869	0	472817
12080	11090	4647	450444	5661	0	471842
12081	8865	437154	19546	4938	0	470503
12082	426764	12687	12378	4984	0	456813
12083	429795	6175	7995	5518	0	449483
12084	18684	412631	7284	4388	0	442987
12085	10887	432828	6499	4827	0	455041
12086	9416	14958	6012	424424	0	454810
12087	7972	8739	5341	432209	0	454261
12088	429415	6292	4814	17049	0	457570
12089	15208	431816	5235	8705	0	460964
12090	427988	13230	4877	7536	0	453631
12091	419268	7032	4974	6500	0	437774
12092	18343	6158	411961	4623	0	441085
12093	11603	407065	12320	4265	0	435253
12094	11682	13238	7259	404989	0	437168
12095	404321	6767	5394	11584	0	428066
12096	17226	5102	4721	395085	0	422134
12097	382831	3769	4632	11383	0	402615
12098	13850	3700	371418	5576	0	394544
12099	8771	359090	10916	4700	0	383477
12100	7101	370987	6112	4205	0	388405
12101	8048	12729	5390	348305	0	374472
12102	6574	369250	4379	7752	0	387955
12103	365373	10616	4073	6271	0	386333
12104	10327	6938	355867	4065	0	377197
12105	337505	5146	8197	5162	0	356010
12106	10602	4708	359960	3909	0	379179
12107	8273	3725	8482	355902	0	376382
12108	7415	3720	5037	358718	0	374890
12109	7166	3253	4033	365075	0	379527
12110	361141	2739	3685	11537	0	379102
12111	10998	2595	363460	6125	0	383178
12112	7567	2772	7960	361098	0	379397
12113	6414	3455	4645	362239	0	376753
12114	5592	351686	3586	10273	0	371137
12115	5142	350903	2854	6863	0	365762
12116	5228	361931	2845	5105	0	375109
12117	4485	7923	2617	340084	0	355109
12118	3499	4129	1920	326389	0	335937
12119	1374	311990	1109	3945	0	318418
12120	1353	314603	1016	2124	0	319096
12121	308406	2408	1634	2982	0	315430
12122	2872	1799	680	308239	0	313590
12123	944	303688	629	1519	0	306780
12124	307383	1205	744	2096	0	311428
12125	2139	607	480	311314	0	314540
12126	338261	327	422	3011	0	342021
12127	3636	412	374	345314	0	349736
12128	1264	682	348755	3022	0	353723
12129	793	349043	2840	1217	0	353893
12130	338577	2783	948	2712	0	345020
12131	3177	1266	348957	487	0	353887
12132	1057	349534	2813	530	0	353934
12133	1411	2659	860	348972	0	353902
12134	980	662	584	352512	0	354738
12135	1207	591	209	341832	0	343839
12136	1482	323	223	337978	0	340006
12137	369	578	346479	3156	0	350582
12138	235	341292	2470	1337	0	345334
12139	908	2351	593	344546	0	348398
12140	336268	665	379	4389	0	341701
12141	2291	342199	425	1234	0	346149
12142	1440	2502	219	355480	0	359641
12143	723	1152	347866	3235	0	352976
12144	341	348492	3551	1233	0	353617
12145	1890	3678	1086	327468	0	334122
12146	476	358656	896	2285	0	362313
12147	358032	4327	264	2778	0	365401
12148	357915	1207	237	2682	0	362041
12149	5160	1188	349561	623	0	356532
12150	339319	547	4005	2058	0	345929
12151	351469	409	1206	2210	0	355294
12152	5468	921	340953	429	0	347771
12153	2062	342246	4276	627	0	349211
12154	2536	4078	1124	343721	0	351459
12155	1697	1231	842	354746	0	358516
12156	351145	791	494	6969	0	359399
12157	5403	486	473	351787	0	358149
12158	1553	789	351726	5090	0	359158
12159	326594	662	4459	3433	0	335148
12160	5038	893	340929	1348	0	348208
12161	1800	342481	5088	1045	0	350414
12162	330977	4485	1616	2199	0	339277
12163	5126	1743	337103	717	0	344689
12164	2275	1381	323745	688	0	328089
12165	1480	331961	5444	721	0	339606
12166	1675	4797	2095	336188	0	344755
12167	909	2032	329057	4729	0	336727
12168	2570	1206	4995	298135	0	306906
12169	1737	547	1703	323625	0	327612
12170	984	749	317305	5943	0	324981
12171	726	313829	5261	2671	0	322487
12172	1672	4538	1801	319818	0	327829
12173	309864	1458	1551	6399	0	319272
12174	307268	1174	1012	3118	0	312572
12175	6463	901	730	308562	0	316656
12176	2473	953	304431	5138	0	312995
12177	1587	1112	309474	1931	0	314104
12178	1728	771	6088	306091	0	314678
12179	1104	985	305012	5428	0	312529
12180	292363	647	5894	3121	0	302025
12181	6188	588	2068	306601	0	315445
12182	2892	493	1722	309974	0	315081
12183	1446	307596	1651	6574	0	317267
12184	1741	5214	1157	314251	0	322363
12185	1042	2128	303237	6426	0	312833
12186	285132	1258	5592	3679	0	295661
12187	300688	697	1972	3316	0	306673
12188	7010	849	303376	1812	0	313047
12189	3625	771	5881	316929	0	327206
12190	2677	661	2357	330333	0	336028
12191	1264	882	329333	9587	0	341066
12192	2350	603	7936	330648	0	341537
12193	2959	733	3113	335491	0	342296
12194	1326	346141	2471	10571	0	360509
12195	2418	8414	1381	362700	0	374913
12196	2311	2628	1239	373953	0	380131
12197	373702	1593	1435	14637	0	391367
12198	387961	1043	1465	6967	0	397436
12199	399570	811	1429	4878	0	406688
12200	397841	824	1348	3520	0	403533
12201	396180	764	1391	3431	0	401766
12202	16008	1145	375589	2516	0	395258
12203	8312	752	10815	372546	0	392425
12204	5894	754	3890	386255	0	396793
12205	3207	1005	379059	14502	0	397773
12206	359104	835	11494	7613	0	379046
12207	376745	956	4259	5375	0	387335
12208	14765	1427	356315	3374	0	375881
12209	368081	837	10771	4515	0	384204
12210	382331	659	4243	3928	0	391161
12211	16529	973	370322	2377	0	390201
12212	9631	854	11887	353345	0	375717
12213	5857	375008	5003	10997	0	396865
12214	5950	10886	3422	389819	0	410077
12215	5608	3405	2382	398284	0	409679
12216	5099	2221	2355	395423	0	405098
12217	2995	1455	383605	17580	0	405635
12218	371495	998	12419	9149	0	394061
12219	390393	935	4935	5965	0	402228
12220	17819	667	3517	381056	0	403059
12221	7707	952	375756	13828	0	398243
12222	6778	1194	13060	372520	0	393552
12223	4053	920	382148	15039	0	402160
12224	3972	902	386864	6457	0	398195
12225	2982	382263	16074	5030	0	406349
12226	5218	9825	6379	357111	0	378533
12227	353670	3229	4173	12911	0	373983
12228	346665	1930	2573	6571	0	357739
12229	355821	1039	2366	5287	0	364513
12230	16457	958	2273	343547	0	363235
12231	6803	364785	2481	12024	0	386093
12232	6803	10434	1798	374322	0	393357
12233	3902	3606	395183	14394	0	417085
12234	429306	2227	12822	7608	0	451963
12235	471995	1255	4892	6311	0	484453
12236	21344	1117	3759	466264	0	492484
12237	11021	1232	2899	476612	0	491764
12238	8965	1018	2564	484822	0	497369
12239	4985	1475	464637	22775	0	493872
12240	430579	909	15731	12192	0	459411
12241	18128	449233	6471	7558	0	481390
12242	6922	456772	4562	5544	0	473800
12243	5652	15740	453114	4521	0	479027
12244	7132	6640	15402	441382	0	470556
12245	4075	4033	452137	16612	0	476857
12246	434083	2656	16531	7892	0	461162
12247	18873	2212	6237	438414	0	465736
12248	7862	1819	438725	16458	0	464864
12249	6320	447686	15488	8006	0	477500
12250	449193	13272	5813	8192	0	476470
12251	17357	4558	458173	5575	0	485663
12252	7521	438660	16550	5407	0	468138
12253	6060	468797	7114	4616	0	486587
12254	463654	17292	5446	5131	0	491523
12255	19343	7200	4041	460552	0	491136
12256	7626	5059	476112	17040	0	505837
12257	6040	476236	17249	7877	0	507402
12258	478228	15475	6978	7573	0	508254
12259	487672	5673	5608	6663	0	505616
12260	20876	479195	4944	5008	0	510023
12261	9245	16950	486403	4976	0	517574
12262	9383	6479	17566	486735	0	520163
12263	490376	5269	7297	18628	0	521570
12264	500519	3784	6021	8449	0	518773
12265	22771	3725	486839	6105	0	519440
12266	13448	3817	17338	476795	0	511398
12267	10550	3394	7524	498120	0	519588
12268	7438	3318	494133	21259	0	526148
12269	6791	3506	491093	10028	0	511418
12270	487379	3235	21872	8442	0	520928
12271	507854	3837	9926	6990	0	528607
12272	513211	3564	7184	6430	0	530389
12273	517912	2930	6156	6457	0	533455
12274	26204	3491	491474	5353	0	526522
12275	500357	2705	18417	6346	0	527825
12276	26824	2548	7951	492707	0	530030
12277	13542	2785	502355	19616	0	538298
12278	10286	3059	504650	10385	0	528380
12279	7692	498140	22418	9239	0	537489
12280	8511	15827	11165	494701	0	530204
12281	7332	6802	505260	18713	0	538107
12282	489429	5494	20263	9404	0	524590
12283	21657	5156	10215	456357	0	493385
12284	10765	500233	8866	16266	0	536130
12285	507406	15804	7216	10611	0	541037
12286	516308	5587	7388	9244	0	538527
12287	24851	4662	502760	6423	0	538696
12288	13474	493788	19623	6223	0	533108
12289	11609	14156	8820	481766	0	516351
12290	481734	6566	7360	17163	0	512823
12291	20846	6296	6898	475405	0	509445
12292	10350	4621	464588	16534	0	496093
12293	422008	4405	15300	9058	0	450771
12294	16823	440551	7779	7296	0	472449
12295	8613	414133	6507	6022	0	435275
12296	8052	444930	6081	5329	0	464392
12297	431032	14863	8819	6561	0	461275
12298	427426	6899	5748	4790	0	444863
12299	431326	5188	4431	3885	0	444830
12300	18834	4106	4048	418615	0	445603
12301	9730	3982	420821	11969	0	446502
12302	8519	3845	12433	423739	0	448536
12303	428336	2938	6053	14868	0	452195
12304	16674	2536	4977	429249	0	453436
12305	437301	2590	4580	15063	0	459534
12306	439231	2845	5080	7916	0	455072
12307	432336	3125	5169	6989	0	447619
12308	16119	426704	4883	5713	0	453419
12309	432156	11492	4669	5326	0	453643
12310	17090	5123	423028	3725	0	448966
12311	10869	3940	423921	3102	0	441832
12312	9890	414691	13576	3393	0	441550
12313	10712	10728	6763	401448	0	429651
12314	403882	4162	4936	11895	0	424875
12315	15195	3448	396202	4892	0	419737
12316	391241	2504	12035	5241	0	411021
12317	15972	2455	5964	386932	0	411323
12318	7847	393572	5713	11156	0	418288
12319	7584	9966	5116	404482	0	427148
12320	6781	4773	402794	11707	0	426055
12321	384560	3827	11653	7324	0	407364
12322	14241	3465	405475	5028	0	428209
12323	8374	2984	391517	3999	0	406874
12324	376534	2598	12788	4811	0	396731
12325	13505	382208	6573	3778	0	406064
12326	393103	10478	4948	3986	0	412515
12327	399404	4158	4195	4174	0	411931
12328	17129	3242	384563	2977	0	407911
12329	375087	2893	12469	4384	0	394833
12330	14692	2957	376827	4235	0	398711
12331	7723	2174	353617	4209	0	367723
12332	7365	2154	353129	3953	0	366601
12333	5131	326336	11478	3270	0	346215
12334	273314	7861	12589	3724	0	297488
12335	263500	2050	2968	2527	0	271045
12336	261381	862	1325	1852	0	265420
12337	261047	637	1267	1714	0	264665
12338	6313	813	258025	701	0	265852
12339	3795	731	4134	254754	0	263414
12340	3007	642	1841	260966	0	266456
12341	259768	609	1480	5659	0	267516
12342	4874	256975	1558	1932	0	265339
12343	2934	3554	1268	256515	0	264271
12344	254825	1309	1348	5034	0	262516
12345	4893	1148	255760	1581	0	263382
12346	3244	1018	4004	249473	0	257739
12347	2107	1109	255944	3990	0	263150
12348	2006	251238	4367	1620	0	259231
12349	2717	4088	1948	239270	0	248023
12350	237041	1250	1275	4549	0	244115
12351	4732	801	1075	234810	0	241418
12352	2102	841	235766	3916	0	242625
12353	1378	233436	3750	1790	0	240354
12354	227400	3193	1376	2249	0	234218
12355	4140	1225	227276	838	0	233479
12356	209649	777	3542	1621	0	215589
12357	3779	219950	1472	772	0	225973
12358	219245	2985	1450	1521	0	225201
12359	221404	962	743	1340	0	224449
12360	4791	603	635	221487	0	227516
12361	1853	653	219759	3263	0	225528
12362	1232	220525	3597	1229	0	226583
12363	1593	3328	1249	228840	0	235010
12364	1698	1085	832	232694	0	236309
12365	1732	639	695	247254	0	250320
12366	1884	533	655	258508	0	261580
12367	948	293334	1007	6690	0	301979
12368	309927	6251	699	3461	0	320338
12369	7525	312869	948	1414	0	322756
12370	4110	7570	632	329574	0	341886
12371	337946	2253	603	9325	0	350127
12372	10715	1433	527	338433	0	351108
12373	3831	1206	336896	9718	0	351651
12374	2343	337132	8353	3984	0	351812
12375	3630	8521	2865	335928	0	350944
12376	3096	3258	1701	348240	0	356295
12377	330305	2024	1031	12483	0	345843
12378	9310	1636	326263	5158	0	342367
12379	321179	1226	8564	4741	0	335710
12380	328698	1237	3123	3788	0	336846
12381	330568	1384	1949	3426	0	337327
12382	13201	1851	321967	2115	0	339134
12383	7946	1800	8748	314024	0	332518
12384	6031	1574	3360	322449	0	333414
12385	3316	1609	323821	12363	0	341109
12386	2924	1639	327457	6069	0	338089
12387	325132	1345	11888	4895	0	343260
12388	12542	1382	5089	332393	0	351406
12389	338264	1273	3227	12729	0	355493
12390	349449	1228	2371	6629	0	359677
12391	16167	1195	2151	344016	0	363529
12392	7167	1371	360870	12516	0	381924
12393	355067	1141	11291	7167	0	374666
12394	15595	1264	4754	369965	0	391578
12395	7262	1544	370597	13294	0	392697
12396	5594	365043	11926	6943	0	389506
12397	364490	11241	5244	6306	0	387281
12398	13872	370881	4141	4403	0	393297
12399	10299	13174	3164	335929	0	362566
12400	6524	375001	3311	12272	0	397108
12401	365401	13011	3341	8579	0	390332
12402	371967	5295	3276	8181	0	388719
12403	17068	367482	3670	6675	0	394895
12404	370957	12035	3580	7213	0	393785
12405	369702	5762	3678	7478	0	386620
12406	17967	359621	3778	6637	0	388003
12407	367338	12054	3356	7428	0	390176
12408	19480	5166	3912	359282	0	387840
12409	12918	3794	4136	368698	0	389546
12410	367178	2976	3882	16897	0	390933
12411	20196	2779	3656	344826	0	371457
12412	11739	355044	4181	14251	0	385215
12413	356860	12068	4072	9315	0	382315
12414	358533	5539	4133	8585	0	376790
12415	17816	357453	4656	6868	0	386793
12416	362019	12454	4722	6970	0	386165
12417	369489	5802	4689	6023	0	386003
12418	22153	4156	3974	354911	0	385194
12419	13540	3920	353124	14849	0	385433
12420	11900	351435	12041	8871	0	384247
12421	361690	12223	5385	8182	0	387480
12422	367752	5983	4291	7749	0	385775
12423	22147	4772	349492	6815	0	383226
12424	356095	3681	12759	7855	0	380390
12425	19886	4359	344475	6712	0	375432
12426	351292	4697	13592	6682	0	376263
12427	20500	5570	6471	348306	0	380847
12428	12286	6241	345155	14257	0	377939
12429	10877	6511	348839	7763	0	373990
12430	10930	7256	14233	342846	0	375265
12431	10919	6316	6370	348331	0	371936
12432	10715	5768	336530	16539	0	369552
12433	12132	5612	12313	336816	0	366873
12434	11341	5958	342029	15175	0	374503
12435	12683	5596	13517	340405	0	372201
12436	12848	5777	6475	340533	0	365633
12437	12136	325456	5294	16994	0	359880
12438	11754	326065	4821	10740	0	353380
12439	10367	347386	4789	10137	0	372679
12440	11553	15083	4220	345429	0	376285
12441	11265	7197	4517	355894	0	378873
12442	9349	6020	338886	20394	0	374649
12443	329609	5282	13496	12625	0	361012
12444	351227	5171	6799	10180	0	373377
12445	21830	338774	5719	8340	0	374663
12446	350088	13569	5118	7857	0	376632
12447	22223	7238	5192	342176	0	376829
12448	350482	5442	5697	16953	0	378574
12449	358458	4566	5570	10874	0	379468
12450	22695	5159	5522	345965	0	379341
12451	342060	5530	5722	16922	0	370234
12452	19540	329295	6039	9802	0	364676
12453	13268	343954	5838	7978	0	371038
12454	12858	15839	6023	325356	0	360076
12455	11476	345769	6640	13519	0	377404
12456	12422	14236	5926	339739	0	372323
12457	12667	7181	5261	349890	0	374999
12458	344032	5315	5591	18576	0	373514
12459	18118	335396	6230	11724	0	371468
12460	334871	12193	5911	10300	0	363275
12461	331041	6484	5765	10311	0	353601
12462	18185	327946	5813	9514	0	361458
12463	327365	11730	5091	10129	0	354315
12464	17211	6359	315973	9427	0	348970
12465	9317	303176	11319	8301	0	332113
12466	290123	9824	5953	8397	0	314297
12467	11231	4334	261258	5217	0	282040
12468	5411	233267	6676	4129	0	249483
12469	4906	242085	4628	4038	0	255657
12470	221003	5948	4572	2925	0	234448
12471	217561	2855	1516	2477	0	224409
12472	217521	2224	1147	2246	0	223138
12473	7549	214311	1231	2022	0	225113
12474	4565	4529	1264	219525	0	229883
12475	220137	2405	1435	5664	0	229641
12476	221726	1945	1415	3236	0	228322
12477	7353	1726	1414	218138	0	228631
12478	4055	1843	220791	4996	0	231685
12479	3564	1912	217770	2367	0	225613
12480	3528	1504	5522	221054	0	231608
12481	3257	1339	2774	224720	0	232090
12482	2871	1351	225252	6033	0	235507
12483	3201	1115	5018	218762	0	228096
12484	2518	222563	2700	5622	0	233403
12485	220351	4076	2157	3346	0	229930
12486	5813	2506	1740	217179	0	227238
12487	211943	1130	1481	5394	0	219948
12488	4521	211140	1673	3255	0	220589
12489	2536	216826	1542	2364	0	223268
12490	213513	3339	1441	2976	0	221269
12491	3797	1556	208790	1978	0	216121
12492	180558	1576	2953	1634	0	186721
12493	2566	187478	1468	1217	0	192729
12494	1352	1532	742	180072	0	183698
12495	178362	620	427	2233	0	181642
12496	1855	446	361	176906	0	179568
12497	181346	327	337	2551	0	184561
12498	177994	352	395	1498	0	180239
12499	1923	184816	391	773	0	187903
12500	182912	1093	189	1110	0	185304
12501	1389	180005	293	437	0	182124
12502	181970	1220	306	731	0	184227
12503	1726	661	202	181686	0	184275
12504	184754	377	259	1713	0	187103
12505	1528	296	150	187496	0	189470
12506	192488	292	126	2050	0	194956
12507	195003	335	109	1330	0	196777
12508	196474	297	112	1065	0	197948
12509	197069	225	127	939	0	198360
12510	197648	233	142	838	0	198861
12511	1996	258	96	200267	0	202617
12512	196728	236	123	1811	0	198898
12513	1551	191806	229	623	0	194209
12514	875	1331	192105	340	0	194651
12515	992	553	1082	192632	0	195259
12516	590	380	199641	1301	0	201912
12517	911	278	1148	204170	0	206507
12518	561	392	207492	1602	0	210047
12519	201597	257	1418	1236	0	204508
12520	1976	247	482	210032	0	212737
12521	791	263	209181	1349	0	211584
12522	665	399	211418	605	0	213087
12523	864	769	1600	217133	0	220366
12524	237659	202	737	2667	0	241265
12525	1975	250079	544	873	0	253471
12526	252778	2110	284	1450	0	256622
12527	254082	1032	277	1188	0	256579
12528	3165	254023	353	394	0	257935
12529	264641	2180	228	1422	0	268471
12530	3212	1111	183	265665	0	270171
12531	2003	524	219	265666	0	268412
12532	1353	399	172	268709	0	270633
12533	267447	285	152	4248	0	272132
12534	2487	266803	352	1775	0	271417
12535	1740	2517	244	272178	0	276679
12536	1223	1133	169	275998	0	278523
12537	273969	589	161	4723	0	279442
12538	3580	508	139	273138	0	277365
12539	1657	645	276954	3316	0	282572
12540	1080	287147	3028	1725	0	292980
12541	292671	3576	1217	1751	0	299215
12542	4658	1814	663	287607	0	294742
12543	1981	298405	520	3619	0	304525
12544	297804	3846	329	2883	0	304862
12545	4527	2030	294053	1267	0	301877
12546	2284	297257	3721	1005	0	304267
12547	302326	4237	1606	1707	0	309876
12548	5040	1998	853	299211	0	307102
12549	3001	1061	568	301265	0	305895
12550	1565	1048	299369	5326	0	307308
12551	2036	787	3739	295016	0	301578
12552	1026	703	316604	5048	0	323381
12553	1008	989	295620	2781	0	300398
12554	1098	789	313454	1655	0	316996
12555	311943	525	6038	2430	0	320936
12556	318529	564	2951	2078	0	324122
12557	326039	479	1883	1539	0	329940
12558	6735	467	1248	319783	0	328233
12559	3249	319379	1111	3793	0	327532
12560	2249	328388	812	2017	0	333466
12561	331546	4880	605	2915	0	339946
12562	331596	2419	555	2823	0	337393
12563	5243	333777	898	1143	0	341061
12564	331492	4110	712	2024	0	338338
12565	5168	2274	325570	813	0	333825
12566	2911	1686	321350	666	0	326613
12567	3073	1037	5226	306199	0	315535
12568	2316	721	2611	329399	0	335047
12569	1488	772	328187	5008	0	335455
12570	2087	580	4377	319397	0	326441
12571	324444	466	2332	6258	0	333500
12572	4112	826	323121	2715	0	330774
12573	313301	663	4391	2513	0	320868
12574	5825	566	2164	326035	0	334590
12575	3134	697	332959	4289	0	341079
12576	2045	335136	4730	2189	0	344100
12577	337935	3872	2300	2821	0	346928
12578	4881	2142	330694	1186	0	338903
12579	324765	1162	4837	1784	0	332548
12580	5670	916	2386	330268	0	339240
12581	331250	731	1528	5507	0	339016
12582	5606	863	342977	2312	0	351758
12583	3747	760	4537	345999	0	355043
12584	357184	481	2329	6306	0	366300
12585	362804	545	1817	3984	0	369150
12586	375088	556	1336	3064	0	380044
12587	379527	526	1159	2672	0	383884
12588	8222	596	1121	365095	0	375034
12589	4892	718	1034	365020	0	371664
12590	3190	938	365373	6520	0	376021
12591	3365	638	4859	362999	0	371861
12592	3360	636	2394	359334	0	365724
12593	1782	372157	1761	7287	0	382987
12594	377144	5005	1284	4771	0	388204
12595	385182	2091	1388	3782	0	392443
12596	7806	396239	1319	2269	0	407633
12597	4964	6400	1028	394771	0	407163
12598	4006	2445	870	402717	0	410038
12599	389118	1369	927	10099	0	401513
12600	8081	1368	400237	4198	0	413884
12601	4637	809	6604	405609	0	417659
12602	2748	1014	412123	8236	0	424121
12603	396706	765	7668	5366	0	410505
12604	412317	630	3319	4068	0	420334
12605	416652	637	2117	3453	0	422859
12606	11245	862	1491	404779	0	418377
12607	6200	782	1304	406316	0	414602
12608	406107	794	1131	10681	0	418713
12609	8952	1304	398766	4336	0	413358
12610	5170	895	6640	401819	0	414524
12611	404670	709	2839	9640	0	417858
12612	9306	732	1898	405904	0	417840
12613	4525	955	420066	8508	0	434054
12614	3413	1084	404556	4501	0	413554
12615	399549	621	8836	4836	0	413842
12616	7960	415639	4237	2805	0	430641
12617	421966	6050	2542	4077	0	434635
12618	428542	2155	1885	3453	0	436035
12619	10531	1370	1612	424886	0	438399
12620	5977	1439	1479	421700	0	430595
12621	3565	420855	1712	8988	0	435120
12622	416087	6039	1367	5739	0	429232
12623	8135	417736	1588	3322	0	430781
12624	3880	412997	1276	2752	0	420905
12625	3668	6562	1161	398314	0	409705
12626	396054	2365	1281	7704	0	407404
12627	401648	1475	1157	4133	0	408413
12628	8773	1162	1052	395288	0	406275
12629	4879	1075	788	387451	0	394193
12630	4081	892	741	388702	0	394416
12631	382055	651	885	9724	0	393315
12632	7260	910	382313	4168	0	394651
12633	3391	382303	5718	3425	0	394837
12634	381327	4876	1993	4006	0	392202
12635	7854	2477	1570	379273	0	391174
12636	3722	1598	380358	6287	0	391965
12637	3257	1486	373586	3352	0	381681
12638	2401	375117	6749	2925	0	387192
12639	2194	383221	2821	2356	0	390592
12640	3589	5592	2463	364603	0	376247
12641	2274	343340	1501	4599	0	351714
12642	2543	4282	825	360952	0	368602
12643	2158	1515	769	364941	0	369383
12644	364348	1045	715	7189	0	373297
12645	5385	944	802	363908	0	371039
12646	2886	912	757	367145	0	371700
12647	2030	1269	361697	5721	0	370717
12648	2454	931	4021	365253	0	372659
12649	367402	845	1700	7314	0	377261
12650	369403	807	1291	4198	0	375699
12651	6210	381423	1309	2116	0	391058
12652	368625	5166	772	3585	0	378148
12653	7125	2349	366376	2122	0	377972
12654	3159	368053	5584	2396	0	379192
12655	3106	6016	1800	373646	0	384568
12656	2823	2201	1254	381027	0	387305
12657	2794	1542	1145	384171	0	389652
12658	378962	1093	1130	10417	0	391602
12659	365299	1126	1471	5599	0	373495
12660	8173	1394	370127	2957	0	382651
12661	3904	1333	362982	2754	0	370973
12662	3243	1360	367881	2499	0	374983
12663	2867	364457	7794	2630	0	377748
12664	2832	376260	2797	2354	0	384243
12665	371662	7471	1622	4005	0	384760
12666	374456	2648	1435	3928	0	382467
12667	9096	1522	1440	377757	0	389815
12668	4356	1331	1478	372527	0	379692
12669	2589	376470	1632	9033	0	389724
12670	3084	6498	1343	384301	0	395226
12671	2554	2767	381334	8394	0	395049
12672	2388	381142	7340	3961	0	394831
12673	3014	6734	2626	385265	0	397639
12674	2404	2938	391687	7525	0	404554
12675	3442	2152	6938	364921	0	377453
12676	2272	381129	2600	7658	0	393659
12677	388263	7528	1522	5321	0	402634
12678	388944	2879	1165	4848	0	397836
12679	401452	1934	1243	4506	0	409135
12680	10844	1763	1222	399384	0	413213
12681	5219	1958	1067	411763	0	420007
12682	402341	1911	1004	12293	0	417549
12683	9542	403546	1645	4421	0	419154
12684	405348	8609	1329	4821	0	420107
12685	10389	3235	422720	2693	0	439037
12686	420492	1850	9960	3874	0	436176
12687	437367	1397	3529	4114	0	446407
12688	15720	1463	1876	430283	0	449342
12689	438507	1362	1331	13102	0	454302
12690	451425	1512	1325	6421	0	460683
12691	16734	1531	1323	445900	0	465488
12692	6385	1589	441223	11904	0	461101
12693	419000	1281	10870	6827	0	437978
12694	12425	1684	443227	3106	0	460442
12695	4968	448240	11276	2581	0	467065
12696	5093	9566	4851	445635	0	465145
12697	3792	3414	1719	467684	0	476609
12698	495968	1423	1263	15246	0	513900
12699	12370	1587	501518	4927	0	520402
12700	6527	1729	11284	472569	0	492109
12701	3059	492977	4278	11326	0	511640
12702	2097	499394	2414	4785	0	508690
12703	4255	14035	1449	497971	0	517710
12704	2532	4843	494691	12716	0	514782
12705	4097	2284	11680	495270	0	513331
12706	3960	1665	4438	495954	0	506017
12707	2397	2243	481801	15182	0	501623
12708	1913	495938	11875	5849	0	515575
12709	478360	12528	3915	5448	0	500251
12710	12082	497048	2423	3706	0	515259
12711	6823	12397	1772	493576	0	514568
12712	471591	4450	1716	15114	0	492871
12713	11812	475327	2785	5694	0	495618
12714	4685	12677	472259	3812	0	493433
12715	459093	5326	11926	4803	0	481148
12716	12520	483120	4827	2871	0	503338
12717	482211	12432	2461	4753	0	501857
12718	14537	4977	468878	2748	0	491140
12719	464609	2564	12411	4473	0	484057
12720	15556	2102	4612	468298	0	490568
12721	6143	2493	469656	13361	0	491653
12722	5415	2881	12406	450864	0	471566
12723	3908	455769	4900	13302	0	477879
12724	4874	12826	2726	464843	0	485269
12725	4713	4774	2196	472590	0	484273
12726	4024	3246	455329	16771	0	479370
12727	4927	2978	12431	458782	0	479118
12728	3572	3754	400390	16046	0	423762
12729	4087	460365	10927	6940	0	482319
12730	4968	13768	4318	458807	0	481861
12731	4244	5532	464275	14361	0	488412
12732	3606	455436	14516	6717	0	480275
12733	3962	481475	5684	4837	0	495958
12734	3775	16440	471775	4643	0	496633
12735	3730	6420	472870	3879	0	486899
12736	5097	3740	16649	463747	0	489233
12737	459704	3357	6072	16559	0	485692
12738	14675	461455	3920	7744	0	487794
12739	7968	13887	2992	455657	0	480504
12740	455409	5396	3526	16192	0	480523
12741	15718	460625	3184	7621	0	487148
12742	455671	14232	3389	6325	0	479617
12743	16253	467328	3340	4592	0	491513
12744	468155	15034	3073	5784	0	492046
12745	466533	6277	3765	5681	0	482256
12746	476925	4472	3178	5552	0	490127
12747	20322	487999	3608	4835	0	516764
12748	11027	16176	3786	490913	0	521902
12749	6832	6504	483506	17063	0	513905
12750	5935	481802	16168	9247	0	513152
12751	8516	16515	6438	466447	0	497916
12752	7891	7657	4388	475736	0	495672
12753	5446	4927	456774	19506	0	486653
12754	5799	449729	15154	8752	0	479434
12755	442496	15319	6800	7111	0	471726
12756	16638	444886	4298	5912	0	471734
12757	9141	15734	3696	440612	0	469183
12758	5962	6857	442076	16291	0	471186
12759	428168	4482	15134	8511	0	456295
12760	17415	4302	6217	445521	0	473455
12761	6349	4796	439391	16940	0	467476
12762	413952	4140	15264	9789	0	443145
12763	14610	430682	7426	6443	0	459161
12764	432723	15776	5128	6670	0	460297
12765	439028	7450	3531	7339	0	457348
12766	18740	4988	3692	433025	0	460445
12767	7979	4785	430571	16482	0	459817
12768	5797	428142	15115	7824	0	456878
12769	4804	15855	427933	5690	0	454282
12770	5277	8900	14791	415948	0	444916
12771	4938	6487	6907	435356	0	453688
12772	421172	4912	5177	19854	0	451115
12773	15243	4408	418124	9654	0	447429
12774	6743	411171	15672	6764	0	440350
12775	6311	14863	6887	409048	0	437109
12776	6524	7040	4483	423514	0	441561
12777	405915	5635	4049	18289	0	433888
12778	15508	411323	3421	8231	0	438483
12779	9446	14414	3059	398853	0	425772
12780	380963	7136	3137	16909	0	408145
12781	12810	386955	3774	8014	0	411553
12782	375397	13268	2871	5284	0	396820
12783	376008	6062	3874	4900	0	390844
12784	15517	366065	3584	4795	0	389961
12785	327169	9880	2252	3856	0	343157
12786	11190	330390	2492	3007	0	347079
12787	327557	9667	2646	3377	0	343247
12788	326502	4132	2440	3681	0	336755
12789	11704	321492	1858	3560	0	338614
12790	307109	8592	1644	3524	0	320869
12791	314465	3394	1795	3242	0	322896
12792	314745	3070	1636	3341	0	322792
12793	11354	2946	303051	2768	0	320119
12794	5196	2300	286828	2407	0	296731
12795	3665	2401	286541	1929	0	294536
12796	278195	2906	10985	2546	0	294632
12797	8956	2034	273029	1845	0	285864
12798	3767	1672	237865	1263	0	244567
12799	3946	2789	7772	214350	0	228857
12800	218389	1224	3240	6150	0	229003
12801	6655	1258	218962	2277	0	229152
12802	3217	1327	228867	1681	0	235092
12803	3305	1211	7319	223441	0	235276
12804	3029	1133	3060	229683	0	236905
12805	2765	1094	1941	233653	0	239453
12806	2203	1165	227743	7752	0	238863
12807	2708	1135	6359	227019	0	237221
12808	224673	1199	2963	7617	0	236452
12809	6665	227143	1995	3384	0	239187
12810	3908	5862	1554	228366	0	239690
12811	3328	2525	1497	233662	0	241012
12812	2324	1911	231663	7697	0	243595
12813	2222	228465	6247	3574	0	240508
12814	227213	6153	2721	2959	0	239046
12815	6836	229688	2148	2076	0	240748
12816	3851	6516	1811	229341	0	241519
12817	2623	2833	229989	6766	0	242211
12818	2949	1868	6761	237293	0	248871
12819	2640	1624	3198	244962	0	252424
12820	247431	1378	2665	9176	0	260650
12821	8250	1261	2212	238305	0	250028
12822	3460	241028	2258	8350	0	255096
12823	2678	261614	2164	3808	0	270264
12824	2358	8308	261316	3043	0	275025
12825	261159	3101	7891	3049	0	275200
12826	9028	2176	3247	266102	0	280553
12827	4698	1613	2569	269816	0	278696
12828	3689	1685	2212	274207	0	281793
12829	270808	1351	1945	11293	0	285397
12830	7979	276261	2153	5345	0	291738
12831	275600	7060	1828	4385	0	288873
12832	8657	2793	263644	3090	0	278184
12833	3948	2064	260836	2847	0	269695
12834	268754	1509	8880	3161	0	282304
12835	9389	1594	4488	270159	0	285630
12836	4283	1688	2765	276614	0	285350
12837	3533	1417	2389	280606	0	287945
12838	2424	1467	275231	10233	0	289355
12839	271902	1277	7702	5563	0	286444
12840	280345	1210	3286	4559	0	289400
12841	277573	1234	2588	4035	0	285430
12842	10985	1851	2182	269755	0	284773
12843	4829	1454	264169	8697	0	279149
12844	3951	1535	257582	4475	0	267543
12845	3330	1505	270717	3686	0	279238
12846	2740	264607	9231	3151	0	279729
12847	4298	6005	5240	239647	0	255190
12848	238807	1819	2402	6432	0	249460
12849	5454	1352	240632	3348	0	250786
12850	243094	827	5540	3538	0	252999
12851	6535	944	2741	248344	0	258564
12852	3377	1175	2086	247350	0	253988
12853	2608	240205	1789	7049	0	251651
12854	2322	245354	1874	3718	0	253268
12855	2116	255808	1994	2889	0	262807
12856	2639	6044	1948	256620	0	267251
12857	253220	2225	2103	6850	0	264398
12858	255191	1466	1793	4113	0	262563
12859	6826	1355	248969	3196	0	260346
12860	245366	1146	5524	3396	0	255432
12861	6397	1262	249892	2853	0	260404
12862	3884	1076	5975	250154	0	261089
12863	2953	1129	250802	5939	0	260823
12864	247935	997	6114	3693	0	258739
12865	6499	1261	2938	255929	0	266627
12866	3065	1136	264129	6235	0	274565
12867	2492	1344	249067	3547	0	256450
12868	249983	1212	6746	3616	0	261557
12869	261530	1103	3286	3430	0	269349
12870	6599	264788	2361	2829	0	276577
12871	3974	4477	2004	270494	0	280949
12872	2803	2043	269247	5757	0	279850
12873	2591	1695	265670	3113	0	273069
12874	3101	1919	6220	268027	0	279267
12875	269493	1310	3644	6744	0	281191
12876	5191	267377	2384	3414	0	278366
12877	3251	4422	1800	274393	0	283866
12878	274400	2028	1597	6586	0	284611
12879	5877	1525	1605	274906	0	283913
12880	3137	273503	2008	6357	0	285005
12881	2949	4234	1877	281166	0	290226
12882	278972	1935	1820	6373	0	289100
12883	6407	1644	1738	280075	0	289864
12884	282638	1126	1725	6991	0	292480
12885	5821	288007	2035	3899	0	299762
12886	288130	4329	2161	3916	0	298536
12887	6319	2022	282122	2666	0	293129
12888	272480	1498	5495	3202	0	282675
12889	288431	1390	2927	3180	0	295928
12890	6900	289395	2488	2492	0	301275
12891	4108	4823	2071	286629	0	297631
12892	3055	2049	285983	4983	0	296070
12893	2780	1722	275191	3115	0	282808
12894	265077	2093	5931	3878	0	276979
12895	266492	1219	2747	3369	0	273827
12896	4955	269071	1899	2488	0	278413
12897	3083	275067	1594	2046	0	281790
12898	271493	4052	1671	2381	0	279597
12899	4825	270054	1751	1600	0	278230
12900	2838	278320	1846	1633	0	284637
12901	2858	3456	1801	277613	0	285728
12902	2369	1544	1461	271733	0	277107
12903	2004	1318	272451	4998	0	280771
12904	2335	974	3424	269358	0	276091
12905	269113	839	1750	5662	0	277364
12906	4418	1006	268539	2424	0	276387
12907	3024	1116	263705	1907	0	269752
12908	3534	813	4128	262380	0	270855
12909	2851	887	2174	272272	0	278184
12910	2534	1029	1720	273187	0	278470
12911	1908	1106	270124	4532	0	277670
12912	2196	1069	3852	260098	0	267215
12913	2024	1064	2221	271754	0	277063
12914	268806	1025	1656	4664	0	276151
12915	3424	266031	1449	2376	0	273280
12916	264420	2627	1275	2542	0	270864
12917	4062	1311	265483	1473	0	272329
12918	236070	675	2524	1950	0	241219
12919	2970	260482	1422	1186	0	266060
12920	247279	1370	952	1284	0	250885
12921	1648	247042	609	697	0	249996
12922	233560	1502	1106	1339	0	237507
12923	1238	229830	355	474	0	231897
12924	644	228409	584	414	0	230051
12925	1289	1401	911	229177	0	232778
12926	230058	358	497	1660	0	232573
12927	227817	200	125	1184	0	229326
12928	228018	174	121	1130	0	229443
12929	1348	313	226944	178	0	228783
12930	712	387	221128	184	0	222411
12931	742	256	1153	228284	0	230435
12932	299	230334	609	1107	0	232349
12933	248	237729	368	444	0	238789
12934	596	1482	149	232253	0	234480
12935	230010	496	128	1904	0	232538
12936	228833	300	124	1231	0	230488
12937	230081	209	121	1091	0	231502
12938	1822	381	228961	174	0	231338
12939	1077	210	1212	231312	0	233811
12940	533	395	235504	1377	0	237809
12941	230673	195	1471	1378	0	233717
12942	235973	187	532	1301	0	237993
12943	2035	338	238949	254	0	241576
12944	1216	202	1481	235785	0	238684
12945	238252	237	501	2532	0	241522
12946	2064	225	315	241679	0	244283
12947	1152	222	276	242971	0	244621
12948	1249	240	306	250487	0	252282
12949	264371	118	232	3826	0	268547
12950	3658	191	261	278291	0	282401
12951	286859	168	241	5125	0	292393
12952	4617	309131	517	1715	0	315980
12953	2493	4629	282	320240	0	327644
12954	1972	1791	239	323475	0	327477
12955	1582	992	238	322925	0	325737
12956	318033	466	260	8807	0	327566
12957	6238	421	281	317281	0	324221
12958	3238	304	247	321337	0	325126
12959	320684	271	234	8718	0	329907
12960	323190	301	229	4724	0	328444
12961	322913	247	243	3219	0	326622
12962	8637	478	311194	1625	0	321934
12963	4353	650	298752	1430	0	305185
12964	315662	303	6709	1936	0	324610
12965	7433	360	2738	313655	0	324186
12966	4045	495	1422	307848	0	313810
12967	313115	282	767	9198	0	323362
12968	308436	244	625	5136	0	314441
12969	310077	266	525	3715	0	314583
12970	8610	301624	676	2016	0	312926
12971	304908	4940	461	2548	0	312857
12972	300893	1871	425	2497	0	305686
12973	8644	296560	604	1469	0	307277
12974	4533	302944	686	1251	0	309414
12975	4204	6071	688	305782	0	316745
12976	310944	2369	788	6468	0	320569
12977	311071	1273	707	3661	0	316712
12978	311336	792	425	2897	0	315450
12979	9725	665	317	305753	0	316460
12980	307535	470	277	7540	0	315822
12981	8423	779	298912	3170	0	311284
12982	296459	641	5010	3219	0	305329
12983	8397	780	301108	1653	0	311938
12984	4422	1031	293379	1516	0	300348
12985	4115	862	6707	287634	0	299318
12986	292233	615	3098	7070	0	303016
12987	7328	768	1580	292780	0	302456
12988	3720	962	292483	7549	0	304714
12989	3037	775	291639	4236	0	299687
12990	3498	511	6733	290492	0	301234
12991	289260	486	3034	8041	0	300821
12992	7309	292051	2005	3975	0	305340
12993	4975	4976	1356	295786	0	307093
12994	4525	2057	1200	302563	0	310345
12995	3131	1400	300963	8371	0	313865
12996	3103	1090	294328	4506	0	303027
12997	3079	791	7795	300536	0	312201
12998	300600	568	3887	8764	0	313819
12999	7593	830	298689	4870	0	311982
13000	5376	656	5998	295423	0	307453
13001	4582	630	2924	297901	0	306037
13002	3734	702	2108	304172	0	310716
13003	293114	703	1616	10941	0	306374
13004	8154	1328	273730	5900	0	289112
13005	5180	290376	5040	4335	0	304931
13006	4664	5882	2410	295467	0	308423
13007	3527	2737	294921	8074	0	309259
13008	3388	286993	6663	5227	0	302271
13009	3556	299238	3516	4022	0	310332
13010	296257	7164	2451	4339	0	310211
13011	8240	298608	1993	3708	0	312549
13012	302278	6796	1713	4333	0	315120
13013	9611	3368	296157	3228	0	312364
13014	6213	2133	6492	300446	0	315284
13015	301941	1512	3218	9663	0	316334
13016	9043	304759	2587	5557	0	321946
13017	5976	6722	302432	4217	0	319347
13018	5889	3225	7041	277552	0	293707
13019	4192	304086	3832	7087	0	319197
13020	4450	7024	2637	311677	0	325788
13021	307328	3378	2441	10057	0	323204
13022	8864	316658	2308	5317	0	333147
13023	319823	7558	1872	5313	0	334566
13024	324507	3531	1773	4632	0	334443
13025	12476	2709	320530	3222	0	338937
13026	7295	334948	8329	3259	0	353831
13027	6362	8649	4155	353587	0	372753
13028	4751	3661	371212	10177	0	389801
13029	4748	2636	407388	4840	0	419612
13030	5657	3073	14029	418912	0	441671
13031	433664	1525	6534	13830	0	455553
13032	437914	1448	4085	6800	0	450247
13033	18454	1489	2999	433781	0	456723
13034	7699	1878	435939	14720	0	460236
13035	5649	437482	12689	6838	0	462658
13036	446900	12317	4735	6279	0	470231
13037	454739	4452	3390	5400	0	467981
13038	17381	451027	3214	3485	0	475107
13039	458485	13306	2845	4213	0	478849
13040	16700	5694	444756	2622	0	469772
13041	445602	3364	13134	3713	0	465813
13042	444751	2635	5600	4251	0	457237
13043	17825	2585	446560	2646	0	469616
13044	10471	2182	13656	438216	0	464525
13045	6756	1755	442309	13400	0	464220
13046	5283	424583	14701	5992	0	450559
13047	4201	441197	6589	4777	0	456764
13048	6123	16387	4431	411300	0	438241
13049	3080	5025	419224	11573	0	438902
13050	2396	390981	11057	4424	0	408858
13051	2038	397612	4291	2842	0	406783
13052	354105	11298	3389	3927	0	372719
13053	362114	3127	1834	2488	0	369563
13054	11001	2025	1557	360672	0	375255
13055	5113	1670	1228	354630	0	362641
13056	2715	363413	1510	9003	0	376641
13057	360220	8186	1195	4809	0	374410
13058	364803	2550	1401	4164	0	372918
13059	10103	363238	1527	2289	0	377157
13060	5345	8771	895	366180	0	381191
13061	2941	3338	364720	8620	0	379619
13062	4253	1996	7921	365522	0	379692
13063	369302	1857	2661	10536	0	384356
13064	10559	1808	1702	371520	0	385589
13065	5060	1581	1650	381987	0	390278
13066	380090	1275	1430	12510	0	395305
13067	11134	1177	1329	369024	0	382664
13068	3926	372480	1580	10496	0	388482
13069	4279	8454	1197	380917	0	394847
13070	4164	2969	1171	388166	0	396470
13071	3760	2108	1249	378736	0	385853
13072	2456	378139	1628	11446	0	393669
13073	3090	9159	1276	378638	0	392163
13074	2057	3586	373078	11336	0	390057
13075	3130	2379	8820	372267	0	386596
13076	2290	2518	369589	11395	0	385792
13077	2446	365395	9427	5095	0	382363
13078	3349	9282	3447	374154	0	390232
13079	3513	3277	2374	380520	0	389684
13080	3729	2236	2309	381238	0	389512
13081	3394	2378	2115	379934	0	387821
13082	2349	2690	369082	13687	0	387808
13083	2272	366071	9478	6710	0	384531
13084	3255	9384	3269	376528	0	392436
13085	2695	3882	377924	12144	0	396645
13086	3726	2832	10239	380349	0	397146
13087	381192	2596	4263	13840	0	401891
13088	11089	2886	366720	5969	0	386664
13089	370229	2127	9929	5581	0	387866
13090	13069	2307	4135	381012	0	400523
13091	6114	2599	379507	12380	0	400600
13092	4612	373958	10865	6442	0	395877
13093	5225	10266	4186	375061	0	394738
13094	4289	4206	383228	12701	0	404424
13095	3823	378520	11499	6290	0	400132
13096	4342	11267	4727	382939	0	403275
13097	380849	4880	3668	14086	0	403483
13098	389158	3624	3836	7491	0	404109
13099	393240	3369	3324	6318	0	406251
13100	14962	3444	383502	5287	0	407195
13101	7428	389970	11208	4617	0	413223
13102	6701	11355	4576	390771	0	413403
13103	5760	4767	3528	413582	0	427637
13104	412112	3674	3493	16221	0	435500
13105	12488	421285	3477	7234	0	444484
13106	423382	13059	2684	7572	0	446697
13107	420083	5385	2795	7437	0	435700
13108	432941	4635	2828	6707	0	447111
13109	16361	4362	422491	5421	0	448635
13110	427578	3369	12258	5925	0	449130
13111	17199	3372	4412	430185	0	455168
13112	9099	3056	3289	436885	0	452329
13113	428406	2740	3434	17942	0	452522
13114	15536	3042	2882	420529	0	441989
13115	6372	418151	2735	16640	0	443898
13116	6184	12283	2084	420318	0	440869
13117	411244	4775	1892	18143	0	436054
13118	14169	3949	402916	9184	0	430218
13119	6185	402111	11500	7237	0	427033
13120	6528	11926	3757	404427	0	426638
13121	402147	4664	2868	15913	0	425592
13122	13562	3365	394631	7915	0	419473
13123	8213	8531	12353	386715	0	415812
13124	6659	2922	386196	15081	0	410858
13125	6157	2627	373601	8435	0	390820
13126	5509	2352	361447	6341	0	375649
13127	4633	1877	352728	5490	0	364728
13128	3817	2121	334831	4686	0	345455
13129	273332	5371	14316	4074	0	297093
13130	5817	278312	4153	2358	0	290640
13131	264017	3823	2360	2339	0	272539
13132	262776	1431	1648	2308	0	268163
13133	5383	261557	1491	1343	0	269774
13134	2380	268120	1408	1243	0	273151
13135	265897	4506	1397	2324	0	274124
13136	264446	1750	1118	1906	0	269220
13137	5938	1454	1024	255616	0	264032
13138	2627	254336	1183	9021	0	267167
13139	262296	3654	1040	2864	0	269854
13140	4642	259306	1234	1430	0	266612
13141	2956	4023	1074	262395	0	270448
13142	263284	1706	1076	5151	0	271217
13143	262793	1268	973	2791	0	267825
13144	6054	1205	902	260656	0	268817
13145	3471	978	892	263289	0	268630
13146	2425	1100	259804	5102	0	268431
13147	2559	1066	3915	256037	0	263577
13148	1802	1169	259777	4849	0	267597
13149	2458	827	4334	250337	0	257956
13150	2173	794	1981	258115	0	263063
13151	256117	700	1531	6577	0	264925
13152	254698	853	1382	3568	0	260501
13153	5556	1039	251675	2054	0	260324
13154	247392	817	4234	2421	0	254864
13155	5712	849	1965	252816	0	261342
13156	2919	933	256958	4604	0	265414
13157	2990	824	4456	254746	0	263016
13158	2685	804	2036	272594	0	278119
13159	1947	961	272115	6103	0	281126
13160	2633	771	4934	274864	0	283202
13161	1941	989	285605	5974	0	294509
13162	2564	993	5574	294141	0	303272
13163	312370	768	2598	7930	0	323666
13164	6808	320522	2036	3696	0	333062
13165	326512	6177	1615	3703	0	338007
13166	8222	334295	1694	2297	0	346508
13167	330174	7380	1414	3016	0	341984
13168	8396	331560	1529	1936	0	343421
13169	327507	7734	1524	2954	0	339719
13170	8502	331494	1434	2017	0	343447
13171	5781	8096	1147	330701	0	345725
13172	3609	4062	330168	7437	0	345276
13173	3188	3082	324936	3693	0	334899
13174	4016	2307	8777	325199	0	340299
13175	327131	1820	4445	8876	0	342272
13176	8461	332491	2921	4350	0	348223
13177	6062	7625	1953	333611	0	349251
13178	3602	4385	335151	8319	0	351457
13179	2950	3035	338310	4802	0	349097
13180	4056	3155	10010	317731	0	334952
13181	2274	339785	5421	7853	0	355333
13182	335910	7553	3326	5619	0	352408
13183	8356	4388	345951	3334	0	362029
13184	4716	2941	337772	2877	0	348306
13185	3009	345046	10416	2703	0	361174
13186	341642	7872	6487	3706	0	359707
13187	346505	4000	3829	2913	0	357247
13188	10994	2764	2826	342158	0	358742
13189	348256	2088	2359	8772	0	361475
13190	343327	1883	2440	5452	0	353102
13191	10638	343675	2773	3192	0	360278
13192	345855	7134	2744	3292	0	359025
13193	9809	4324	350804	2099	0	367036
13194	7031	2714	7765	342076	0	359586
13195	5451	2334	4441	345508	0	357734
13196	343272	2008	3129	10604	0	359013
13197	8803	341668	2671	5444	0	358586
13198	339848	7297	2269	4318	0	353732
13199	9478	347085	1902	2695	0	361160
13200	5818	349737	1752	2337	0	359644
13201	5044	9418	339455	2058	0	355975
13202	3980	5962	330013	2176	0	342131
13203	310956	4415	8991	2727	0	327089
13204	320399	2688	4663	2578	0	330328
13205	8965	2186	313581	1365	0	326097
13206	5118	298938	5867	1436	0	311359
13207	3347	310951	3643	1327	0	319268
13208	306395	7315	2523	2110	0	318343
13209	306826	4408	1803	1933	0	314970
13210	8614	3038	1526	306136	0	319314
13211	313983	2120	1545	5865	0	323513
13212	7660	1853	1704	309557	0	320774
13213	4618	1724	310650	5894	0	322886
13214	3517	1977	292917	3509	0	301920
13215	302614	1612	7334	3149	0	314709
13216	7146	1723	4147	302280	0	315296
13217	4403	323768	2795	4752	0	335718
13218	330307	5420	2048	4206	0	341981
13219	330178	3376	1901	3265	0	338720
13220	8635	2548	329350	1670	0	342203
13221	327868	1843	5513	2785	0	338009
13222	342174	1614	3694	2451	0	349933
13223	9932	1489	2658	335121	0	349200
13224	5814	329061	2436	5784	0	343095
13225	4116	343745	2238	3647	0	353746
13226	4300	7955	1633	350918	0	364806
13227	4216	4668	1645	343308	0	353837
13228	4047	2966	1549	352387	0	360949
13229	3530	2577	345698	9662	0	361467
13230	3636	2471	332354	5406	0	343867
13231	3938	2148	8627	335178	0	349891
13232	3327	2254	343596	6990	0	356167
13233	3424	2297	336110	4460	0	346291
13234	3560	2072	9414	329468	0	344514
13235	2989	2166	354694	7468	0	367317
13236	2710	348923	8618	5081	0	365332
13237	364349	7193	5131	5017	0	381690
13238	8464	4421	3587	361114	0	377586
13239	5010	364658	2900	7802	0	380370
13240	3665	7651	373909	4579	0	389804
13241	3757	4286	8529	371181	0	387753
13242	2827	2848	390593	8387	0	404655
13243	3652	1910	9808	385518	0	400888
13244	3529	1977	5617	401316	0	412439
13245	2883	2043	410290	11713	0	426929
13246	3745	2016	9337	397571	0	412669
13247	2700	403405	6156	9824	0	422085
13248	3610	8548	3822	420397	0	436377
13249	2987	5109	418880	10477	0	437453
13250	3731	3280	9169	414472	0	430652
13251	410140	2211	5345	12414	0	430110
13252	9194	414614	4133	6940	0	434881
13253	6392	8672	3207	417785	0	436056
13254	3976	5061	427764	9887	0	446688
13255	3108	412113	9418	6517	0	431156
13256	2804	425628	5510	4542	0	438484
13257	3041	11229	416379	3711	0	434360
13258	3668	6084	8756	395176	0	413684
13259	3977	4620	5403	396354	0	410354
13260	2718	2546	399999	11123	0	416386
13261	2172	374721	8506	6645	0	392044
13262	1880	384886	4999	3961	0	395726
13263	356445	6885	2644	3355	0	369329
13264	5135	360737	1772	1871	0	369515
13265	355751	5622	1354	2570	0	365297
13266	6120	2802	906	345994	0	355822
13267	360285	1687	1016	7139	0	370127
13268	5690	1457	358239	2799	0	368185
13269	349333	1204	5107	2924	0	358568
13270	6711	1204	2598	363675	0	374188
13271	2807	367649	2013	5434	0	377903
13272	373128	4995	1217	3928	0	383268
13273	6204	3920	1244	372793	0	384161
13274	2841	375846	1299	5581	0	385567
13275	1675	398320	1269	2938	0	404202
13276	392679	6034	1325	3556	0	403594
13277	396404	2736	786	2806	0	402732
13278	401003	1656	706	2275	0	405640
13279	7453	1246	659	386376	0	395734
13280	3079	377116	1049	5106	0	386350
13281	1764	390816	1015	2502	0	396097
13282	1837	5922	763	392610	0	401132
13283	386053	2632	829	6888	0	396402
13284	375089	1754	750	4565	0	382158
13285	382065	1222	693	3317	0	387297
13286	7270	1419	377029	1451	0	387169
13287	3735	1762	370417	1393	0	377307
13288	396436	1135	5907	2380	0	405858
13289	6321	1065	2549	397687	0	407622
13290	3596	995	1486	400479	0	406556
13291	2885	1072	1050	396411	0	401418
13292	2353	1019	918	400340	0	404630
13293	1438	1333	389667	7992	0	400430
13294	2033	1170	5126	385809	0	394138
13295	1259	1421	387448	6808	0	396936
13296	356789	1004	5835	5222	0	368850
13297	5436	387966	2992	2852	0	399246
13298	3474	5019	1948	400001	0	410442
13299	2544	2429	1479	395050	0	401502
13300	390242	1785	1452	8935	0	402414
13301	387149	1425	1376	5603	0	395553
13302	388544	1324	1202	4452	0	395522
13303	387086	1332	1159	3979	0	393556
13304	8131	1653	387874	2228	0	399886
13305	4362	1655	378632	2140	0	386789
13306	3504	1210	6611	384872	0	396197
13307	390468	1051	3322	7690	0	402531
13308	383137	1100	2428	5193	0	391858
13309	7347	1474	382519	2933	0	394273
13310	4583	1155	5506	375299	0	386543
13311	379966	1138	2703	8081	0	391888
13312	6665	1158	2026	381385	0	391234
13313	3623	1479	387723	7168	0	399993
13314	3657	1279	5365	384732	0	395033
13315	389621	1315	2882	8893	0	402711
13316	6037	416202	2387	4009	0	428635
13317	413421	5279	1587	5387	0	425674
13318	415702	2530	1577	4810	0	424619
13319	419374	1814	1544	4007	0	426739
13320	8946	1617	1247	415593	0	427403
13321	411188	1405	1142	7596	0	421331
13322	6712	419548	1631	3557	0	431448
13323	3791	435207	1594	2793	0	443385
13324	3536	8682	1293	428155	0	441666
13325	430004	3402	1095	8523	0	443024
13326	7508	446242	1220	3624	0	458594
13327	505931	7476	991	4457	0	518855
13328	535871	3608	952	4447	0	544878
13329	15437	555633	1237	2094	0	574401
13330	9272	12372	855	558718	0	581217
13331	7208	5344	682	574211	0	587445
13332	4931	3659	568366	16127	0	593083
13333	7425	2468	11805	557119	0	578817
13334	4659	2923	568064	15682	0	591328
13335	3902	549481	13487	8259	0	575129
13336	5214	13273	5840	559529	0	583856
13337	537660	5458	3936	18194	0	565248
13338	547089	3090	3299	11143	0	564621
13339	18038	2931	3417	547132	0	571518
13340	7845	2915	537178	15362	0	563300
13341	498687	2443	12686	10719	0	524535
13342	14453	514053	6099	5894	0	540499
13343	7638	511602	3560	5620	0	528420
13344	6060	526402	2867	4750	0	540079
13345	7763	15274	2921	501659	0	527617
13346	4546	6764	515538	12484	0	539332
13347	5636	4656	11735	507117	0	529144
13348	3664	4572	515718	12812	0	536766
13349	2957	4972	506128	6468	0	520525
13350	2902	4649	518710	4531	0	530792
13351	5120	3613	15893	493684	0	518310
13352	4100	2808	7803	516274	0	530985
13353	3567	2250	6218	524103	0	536138
13354	3914	2005	5594	509823	0	521336
13355	508163	1636	5414	20324	0	535537
13356	10627	507089	5538	9958	0	533212
13357	505157	10696	4360	9612	0	529825
13358	11681	516513	3635	7534	0	539363
13359	7357	11900	2623	517923	0	539803
13360	5969	5419	2147	534751	0	548286
13361	524892	3706	1967	20554	0	551119
13362	529164	3370	1914	11526	0	545974
13363	536041	3705	1926	8578	0	550250
13364	531315	3391	1751	7997	0	544454
13365	529491	3199	1317	8112	0	542119
13366	18538	518832	1440	6246	0	545056
13367	508126	11257	1005	7668	0	528056
13368	17152	505181	1429	4094	0	527856
13369	502295	11894	1216	5221	0	520626
13370	17949	6100	497250	2715	0	524014
13371	12022	4585	9843	484827	0	511277
13372	8164	504702	4598	10062	0	527526
13373	7709	12684	2768	502463	0	525624
13374	6538	7183	495774	12121	0	521616
13375	7299	4976	11177	477752	0	501204
13376	470053	3740	5396	16709	0	495898
13377	12573	471820	4578	8687	0	497658
13378	6706	484242	3719	7509	0	502176
13379	5182	15518	485637	6328	0	512665
13380	5533	8286	11691	472742	0	498252
13381	4069	491322	6791	14086	0	516268
13382	5008	12891	4498	501838	0	524235
13383	4304	7798	496998	14793	0	523893
13384	3560	485768	12914	9574	0	511816
13385	3879	14551	488172	6593	0	513195
13386	4490	8730	482057	5823	0	501100
13387	5457	5917	14975	475970	0	502319
13388	481138	5189	7869	16154	0	510350
13389	13728	4853	5955	488131	0	512667
13390	6759	5250	491565	14867	0	518441
13391	5938	5292	14847	497744	0	523821
13392	4274	5430	515547	15903	0	541154
13393	4462	5048	507220	9654	0	526384
13394	500139	3813	19342	11173	0	534467
13395	535188	3414	10380	10580	0	559562
13396	538654	2906	8285	10998	0	560843
13397	18319	3015	530148	7853	0	559335
13398	9070	2877	534040	7330	0	553317
13399	8335	2157	21711	515588	0	547791
13400	8143	2243	11954	532742	0	555082
13401	527696	2594	7775	21563	0	559628
13402	18782	2774	6421	530482	0	558459
13403	9848	3102	532059	19365	0	564374
13404	7206	3066	520867	11959	0	543098
13405	5891	522925	19792	9811	0	558419
13406	7788	13145	9542	535778	0	566253
13407	6824	7033	543842	18103	0	575802
13408	8392	4590	16950	536491	0	566423
13409	535245	3775	9598	22107	0	570725
13410	16297	4071	545692	11065	0	577125
13411	10610	3336	17956	540579	0	572481
13412	8831	3571	9452	554350	0	576204
13413	7167	3585	536969	22115	0	569836
13414	8799	2756	17188	527322	0	556065
13415	6868	2989	530385	20284	0	560526
13416	487291	2807	18317	13556	0	521971
13417	17573	3006	10449	492788	0	523816
13418	8695	492787	8104	18522	0	528108
13419	492926	13447	6228	13813	0	526414
13420	494793	5887	6665	11319	0	518664
13421	19973	489906	6426	8794	0	525099
13422	15850	34440	6408	433477	0	490175
13423	7670	456971	4677	13952	0	483270
13424	6700	465987	4130	9031	0	485848
13425	11666	16928	437746	6931	0	473271
13426	6852	432639	11877	6364	0	457732
13427	5427	10298	362437	4099	0	382261
13428	302057	4156	6591	3801	0	316605
13429	306927	1416	2454	3281	0	314078
13430	5394	310644	1805	1348	0	319191
13431	2249	311157	1415	1328	0	316149
13432	1325	316487	1306	1146	0	320264
13433	314187	5477	1131	2572	0	323367
13434	6272	2088	1029	321944	0	331333
13435	2148	1849	339256	5115	0	348368
13436	1330	340121	6278	2199	0	349928
13437	2198	6346	2044	346636	0	357224
13438	2121	2273	1404	341687	0	347485
13439	879	390549	1506	7208	0	400142
13440	422783	8250	1121	4973	0	437127
13441	10000	2818	436929	1721	0	451468
13442	6987	1808	10316	539440	0	558551
13443	1799	619285	3569	14369	0	639022
13444	617933	18137	1864	6678	0	644612
13445	18877	5727	615115	2910	0	642629
13446	5107	604924	18451	2581	0	631063
13447	8457	19156	4829	598346	0	630788
13448	2767	5977	605555	17905	0	632204
13449	588448	3461	19824	7052	0	618785
13450	22786	2942	5596	591431	0	622755
13451	5932	2520	598274	19695	0	626421
13452	3637	597519	20440	6452	0	628048
13453	578609	19213	6001	6981	0	610804
13454	18511	600562	4823	3674	0	627570
13455	594429	20985	3598	5411	0	624423
13456	612683	7086	2624	5366	0	627759
13457	27507	5618	2361	582515	0	618001
13458	9484	576760	3569	18765	0	608578
13459	6296	19365	584632	5880	0	616173
13460	9045	6757	19664	574935	0	610401
13461	10013	5556	7865	534423	0	557857
13462	7898	3198	5673	587867	0	604636
13463	8921	2930	3896	589481	0	605228
13464	8066	2606	3134	596990	0	610796
13465	576480	2960	3960	29661	0	613061
13466	572394	3710	3500	13528	0	593132
13467	570559	3172	2981	10991	0	587703
13468	25007	565451	3567	6455	0	600480
13469	11131	19621	576062	5228	0	612042
13470	8246	6607	577062	5180	0	597095
13471	5489	5843	589154	5386	0	605872
13472	8954	5350	26290	554987	0	595581
13473	8363	3869	11374	577042	0	600648
13474	8154	3420	7012	584390	0	602976
13475	3897	3980	567968	29586	0	605431
13476	3558	558627	22540	14581	0	599306
13477	3994	20353	566893	10392	0	601632
13478	4819	7499	579566	8328	0	600212
13479	10046	5352	25874	555505	0	596777
13480	6177	5516	573691	22822	0	608206
13481	9854	4855	25073	559377	0	599159
13482	556983	5315	10950	26855	0	600103
13483	568654	4890	9074	11881	0	594499
13484	26809	4826	555650	8496	0	595781
13485	14216	4438	24496	549873	0	593023
13486	8944	5007	558967	25947	0	598865
13487	6585	559200	25485	12411	0	603681
13488	560135	22836	10790	11037	0	604798
13489	24519	9813	560669	7933	0	602934
13490	10543	534075	25663	7396	0	577677
13491	7983	544361	12054	7761	0	572159
13492	6952	547139	9921	8047	0	572059
13493	7566	27975	515934	8044	0	559519
13494	10192	14668	24289	480834	0	529983
13495	7549	506239	10702	22388	0	546878
13496	10649	23980	8689	502145	0	545463
13497	10746	10689	8715	520557	0	550707
13498	495782	8232	8896	30033	0	542943
13499	22062	499530	8923	16521	0	547036
13500	491974	22264	9252	13722	0	537212
13501	24540	483947	8442	11914	0	528843
13502	12984	508417	7846	10145	0	539392
13503	10647	27150	491510	9090	0	538397
13504	11211	15236	23231	482430	0	532108
13505	9203	12368	487411	23601	0	532583
13506	8505	478705	25200	12841	0	525251
13507	9176	23350	481261	11110	0	524897
13508	9125	10923	487538	11515	0	519101
13509	8072	484884	27049	11978	0	531983
13510	467643	23638	13552	13470	0	518303
13511	21654	482504	11597	13771	0	529526
13512	483097	24726	10680	13323	0	531826
13513	24449	12570	481837	13029	0	531885
13514	12704	8607	487259	13492	0	522062
13515	9246	478337	27911	13424	0	528918
13516	473916	23138	13616	13062	0	523732
13517	24798	475968	12876	11367	0	525009
13518	14739	23262	11829	479745	0	529575
13519	485007	11761	11610	23848	0	532226
13520	25469	11086	482081	11102	0	529738
13521	12625	9308	28486	482449	0	532868
13522	473841	8596	15380	26629	0	524446
13523	23614	478108	13256	13882	0	528860
13524	13245	22828	11487	483003	0	530563
13525	9154	10852	479715	28449	0	528170
13526	473796	8837	26057	16003	0	524693
13527	22765	8409	15347	483709	0	530230
13528	8328	8517	483344	27370	0	527559
13529	8875	8133	27574	465666	0	510248
13530	7967	474121	14478	27322	0	523888
13531	7612	22539	477124	15641	0	522916
13532	10639	9651	25117	471672	0	517079
13533	463487	7503	13131	26270	0	510391
13534	26331	7139	11330	456458	0	501258
13535	432483	6358	10019	24031	0	472891
13536	23035	433112	9963	11490	0	477600
13537	427121	20848	10926	9786	0	468681
13538	21319	10920	420331	9176	0	461746
13539	10543	8636	378582	7062	0	404823
13540	8318	7191	338085	5283	0	358877
13541	6676	319420	24700	6595	0	357391
13542	9442	4887	18218	134940	0	167487
13543	1296	1158	2241	132987	0	137682
13544	798	843	856	131862	0	134359
13545	756	598	735	133475	0	135564
13546	533	582	133191	2994	0	137300
13547	122521	496	2190	1938	0	127145
13548	2106	134468	1118	1050	0	138742
13549	133752	2005	699	1003	0	137459
13550	2415	1001	590	134747	0	138753
13551	1068	137254	662	2015	0	140999
13552	1075	2156	568	139891	0	143690
13553	138199	1039	606	2618	0	142462
13554	1872	143615	623	1127	0	147237
13555	143599	1976	514	1265	0	147354
13556	142829	993	529	968	0	145319
13557	2557	775	395	144626	0	148353
13558	1218	612	143185	1935	0	146950
13559	139611	637	1873	1281	0	143402
13560	2151	535	851	147793	0	151330
13561	149045	459	693	2433	0	152630
13562	152119	462	543	1414	0	154538
13563	151492	392	487	1190	0	153561
13564	2791	544	150979	686	0	155000
13565	1573	658	1810	149264	0	153305
13566	151718	359	842	2452	0	155371
13567	2417	522	154646	954	0	158539
13568	1073	156451	1995	757	0	160276
13569	1734	2290	1026	148895	0	153945
13570	660	810	156528	1706	0	159704
13571	690	706	151586	799	0	153781
13572	965	861	2152	153356	0	157334
13573	841	333	1036	157596	0	159806
13574	669	274	608	158760	0	160311
13575	774	253	442	155805	0	157274
13576	470	323	156330	2266	0	159389
13577	439	156665	1611	1175	0	159890
13578	653	1430	734	161914	0	164731
13579	162770	519	567	2278	0	166134
13580	159166	382	396	1386	0	161330
13581	161112	297	347	1080	0	162836
13582	2328	329	318	161142	0	164117
13583	1334	659	335	159511	0	161839
13584	724	151761	448	1871	0	154804
13585	571	158368	345	996	0	160280
13586	1163	1917	422	156998	0	160500
13587	155298	729	496	2295	0	158818
13588	153672	234	233	1141	0	155280
13589	152815	190	223	952	0	154180
13590	153142	175	225	887	0	154429
13591	154172	175	203	863	0	155413
13592	1295	154488	299	418	0	156500
13593	712	881	205	158505	0	160303
13594	161427	289	227	1782	0	163725
13595	162559	172	204	1051	0	163986
13596	1539	172	181	161718	0	163610
13597	779	159	172	163225	0	164335
13598	472	292	165448	1333	0	167545
13599	854	184	896	158843	0	160777
13600	752	197	336	164225	0	165510
13601	470	307	171298	1328	0	173403
13602	795	341	887	168534	0	170557
13603	439	175263	409	1213	0	177324
13604	535	997	174050	573	0	176155
13605	382	176589	985	488	0	178444
13606	810	975	349	175562	0	177696
13607	586	390	215	177030	0	178221
13608	315	174474	306	1077	0	176172
13609	301	177036	281	548	0	178166
13610	180422	830	221	1127	0	182600
13611	177755	296	145	1113	0	179309
13612	1103	365	176087	354	0	177909
13613	178387	189	723	1243	0	180542
13614	189532	128	305	1214	0	191179
13615	189993	140	216	1104	0	191453
13616	188147	155	480	1080	0	189862
13617	1315	343	180525	399	0	182582
13618	920	487	168175	363	0	169945
13619	183808	155	896	1035	0	185894
13620	986	191892	547	471	0	193896
13621	507	679	193221	198	0	194605
13622	192159	270	796	894	0	194119
13623	194644	131	263	955	0	195993
13624	1074	291	191683	207	0	193255
13625	192624	138	870	741	0	194373
13626	1332	162	392	212326	0	214212
13627	547	309	218036	1044	0	219936
13628	200891	166	1167	1597	0	203821
13629	1073	218077	580	472	0	220202
13630	224434	903	322	1455	0	227114
13631	243725	340	305	2022	0	246392
13632	1668	175	260	245704	0	247807
13633	1071	206	277	242314	0	243868
13634	624	170	253	250242	0	251289
13635	249224	143	207	2661	0	252235
13636	256323	158	190	1631	0	258302
13637	2130	171	156	257801	0	260258
13638	1276	153	137	255224	0	256790
13639	676	359	250928	2085	0	254048
13640	239660	192	1495	1895	0	243242
13641	2059	175	466	259473	0	262173
13642	1184	199	237	258666	0	260286
13643	625	254907	336	2613	0	258481
13644	951	1746	123	258988	0	261808
13645	983	631	127	257555	0	259296
13646	254206	356	158	3638	0	258358
13647	2181	257054	325	1270	0	260830
13648	1427	1866	104	261643	0	265040
13649	1348	662	117	259086	0	261213
13650	1204	412	113	260732	0	262461
13651	651	481	258133	2953	0	262218
13652	1097	232	1861	252827	0	256017
13653	250897	182	640	3766	0	255485
13654	2440	411	251536	1279	0	255666
13655	1530	208	2032	254137	0	257907
13656	1122	196	725	260182	0	262225
13657	258864	190	505	4345	0	263904
13658	251923	149	430	2799	0	255301
13659	2898	418	254409	1154	0	258879
13660	234084	241	2108	2385	0	238818
13661	2709	578	251756	762	0	255805
13662	249763	209	2250	2077	0	254299
13663	3086	272348	1051	942	0	277427
13664	279917	2645	574	1986	0	285122
13665	3359	283109	561	968	0	287997
13666	290919	3296	435	2061	0	296711
13667	3743	294573	528	814	0	299658
13668	2078	3583	383	300735	0	306779
13669	1724	1115	337	300591	0	303767
13670	1408	752	276	299860	0	302296
13671	724	292590	441	5041	0	298796
13672	1231	3349	337	295609	0	300526
13673	641	296797	495	4330	0	302263
13674	1196	3792	297	303104	0	308389
13675	302478	1239	369	5543	0	309629
13676	297986	872	311	3175	0	302344
13677	4755	296706	559	1500	0	303520
13678	2799	3727	287	300783	0	307596
13679	297579	1358	307	5326	0	304570
13680	4382	298935	515	1940	0	305772
13681	1818	304106	440	1460	0	307824
13682	303398	4960	286	2361	0	311005
13683	305507	2066	259	2223	0	310055
13684	5353	303918	460	1002	0	310733
13685	303782	4380	207	1953	0	310322
13686	5762	1858	182	304727	0	312529
13687	2245	1650	311624	4459	0	319978
13688	307429	959	3876	3575	0	315839
13689	314133	845	1267	2968	0	319213
13690	6149	1074	314345	1128	0	322696
13691	313296	839	4123	2740	0	320998
13692	324523	759	1415	2816	0	329513
13693	333749	718	852	2910	0	338229
13694	6513	328805	816	1326	0	337460
13695	334218	4625	396	2735	0	341974
13696	337684	1922	427	2366	0	342399
13697	7462	1445	373	335911	0	345191
13698	4340	1148	353	337213	0	343054
13699	3194	944	313	343981	0	348432
13700	341849	932	369	8170	0	351320
13701	6499	970	366	336565	0	344400
13702	338705	996	327	7734	0	347762
13703	339879	896	426	4432	0	345633
13704	8057	945	400	337234	0	346636
13705	4639	1037	470	341621	0	347767
13706	3789	934	406	347785	0	352914
13707	345167	1104	322	9330	0	355923
13708	6751	343107	689	3768	0	354315
13709	4314	5619	371	350529	0	360833
13710	3653	2278	342	357843	0	364116
13711	352231	1581	495	9833	0	364140
13712	350712	1300	595	5823	0	358430
13713	8853	1515	343637	3136	0	357141
13714	4665	1551	340800	2666	0	349682
13715	366514	1179	7168	3430	0	378291
13716	9899	1199	2566	375783	0	389447
13717	6248	1183	1378	438966	0	447775
13718	3684	1507	441798	13750	0	460739
13719	4530	1787	9821	431363	0	447501
13720	2936	436550	3318	12538	0	455342
13721	2915	460118	2103	5108	0	470244
13722	446713	12455	1237	5668	0	466073
13723	12532	4583	445281	3480	0	465876
13724	5025	457559	9670	3037	0	475291
13725	5832	11283	2786	463761	0	483662
13726	3803	4120	459890	11618	0	479431
13727	5127	2758	10837	442843	0	461565
13728	4848	2091	3303	454949	0	465191
13729	3385	2011	452858	14618	0	472872
13730	3059	451812	11273	6374	0	472518
13731	4643	10792	3475	439442	0	458352
13732	440469	3427	2954	14133	0	460983
13733	445567	2561	2030	6759	0	456917
13734	446869	2225	1543	5775	0	456412
13735	15329	438628	2136	3719	0	459812
13736	437227	10528	1696	4142	0	453593
13737	15265	3858	1758	435767	0	456648
13738	5964	2980	431174	12054	0	452172
13739	419681	2172	10151	6915	0	438919
13740	12589	433858	3946	4662	0	455055
13741	6332	9893	2365	431894	0	450484
13742	5310	3421	2083	434370	0	445184
13743	3558	429374	2349	13950	0	449231
13744	4866	11333	1909	439716	0	457824
13745	5224	3963	1735	446425	0	457347
13746	5390	3139	1644	455391	0	465564
13747	440102	2785	2215	17485	0	462587
13748	438886	2391	2092	10018	0	453387
13749	13782	3385	440727	6596	0	464490
13750	7879	3204	10780	438722	0	460585
13751	6827	2597	3992	455387	0	468803
13752	5687	2896	3720	459544	0	471847
13753	447845	3001	2916	17768	0	471530
13754	12941	3358	435715	8519	0	460533
13755	425149	2634	11331	8454	0	447568
13756	448288	2425	4236	8086	0	463035
13757	16055	2290	3352	445186	0	466883
13758	445276	1844	3283	16502	0	466905
13759	14820	2781	432303	7989	0	457893
13760	421503	2065	10581	8820	0	442969
13761	14997	468701	4681	6424	0	494803
13762	8013	10979	463038	5005	0	487035
13763	6503	4466	463525	5502	0	479996
13764	7853	6109	13454	454626	0	482042
13765	5956	3252	462943	13500	0	485651
13766	440393	3056	12357	8682	0	464488
13767	12971	448440	5137	6083	0	472631
13768	450634	10563	3904	7018	0	472119
13769	14526	4223	3194	455423	0	477366
13770	6554	3414	452311	14290	0	476569
13771	5138	3155	448018	8102	0	464413
13772	6040	3481	12331	455975	0	477827
13773	456870	2413	5312	16388	0	480983
13774	12230	444326	4149	8590	0	469295
13775	5400	463582	3613	8059	0	480654
13776	458245	11402	3555	8850	0	482052
13777	13148	462941	3670	6731	0	486490
13778	465354	11354	3220	7244	0	487172
13779	15970	4917	3141	463051	0	487079
13780	462322	3107	3133	14195	0	482757
13781	15130	2928	3304	462125	0	483487
13782	464548	2397	3187	15539	0	485671
13783	14656	2124	3521	459598	0	479899
13784	7433	454203	4329	13965	0	479930
13785	457160	9586	3690	9074	0	479510
13786	13403	455749	3408	7177	0	479737
13787	7614	11291	439450	5072	0	463427
13788	7469	5023	10866	416572	0	439930
13789	5756	446513	4981	11072	0	468322
13790	434990	11040	3723	7066	0	456819
13791	433632	4933	3775	6145	0	448485
13792	14918	431835	4030	4275	0	455058
13793	6796	11569	428657	4673	0	451695
13794	7324	4250	11227	413820	0	436621
13795	4996	420661	5681	12386	0	443724
13796	5973	10767	4736	430612	0	452088
13797	7074	4338	3677	435349	0	450438
13798	426220	4638	2864	15528	0	449250
13799	13192	423084	3334	6823	0	446433
13800	7437	10848	2724	430153	0	451162
13801	428083	5123	2815	14669	0	450690
13802	428626	3730	2850	8382	0	443588
13803	426286	3787	2864	7388	0	440325
13804	16943	3725	2595	418327	0	441590
13805	414911	3144	2434	13255	0	433744
13806	14188	412263	2855	5785	0	435091
13807	409255	10065	2715	6761	0	428796
13808	12733	411633	2529	5549	0	432444
13809	411242	10399	2297	6448	0	430386
13810	409709	4581	1817	6741	0	422848
13811	16027	5543	2409	399375	0	423354
13812	8029	3121	401724	11021	0	423895
13813	7353	3624	386514	5411	0	402902
13814	5884	393619	8666	4589	0	412758
13815	376060	8729	4842	6293	0	395924
13816	10794	3925	372000	2751	0	389470
13817	282281	1786	3476	2527	0	290070
13818	4148	292302	1386	948	0	298784
13819	2322	299424	1048	905	0	303699
13820	2329	4386	849	305027	0	312591
13821	1650	316509	833	3231	0	322223
13822	1578	4873	323509	1734	0	331694
13823	2943	2275	4068	310283	0	319569
13824	1539	335410	1673	4530	0	343152
13825	2072	5842	877	337138	0	345929
13826	335484	2173	748	7928	0	346333
13827	7016	1928	766	339517	0	349227
13828	2624	2014	344126	7046	0	355810
13829	1932	346959	6249	3133	0	358273
13830	2839	7354	2373	343477	0	356043
13831	2808	2784	1703	349225	0	356520
13832	2512	2237	1370	356912	0	363031
13833	346201	1829	1143	11207	0	360380
13834	344023	1412	977	6176	0	352588
13835	9143	1885	343453	3035	0	357516
13836	4352	1869	337500	2488	0	346209
13837	2753	342667	8096	2679	0	356195
13838	348248	6992	3172	3757	0	362169
13839	8931	2822	2191	348501	0	362445
13840	4775	2206	1648	350815	0	359444
13841	4114	1785	1272	353093	0	360264
13842	4239	1608	927	354522	0	361296
13843	2611	2030	339662	11017	0	355320
13844	330195	1434	6683	6756	0	345068
13845	9881	1292	2435	375913	0	389521
13846	4391	1442	373329	10749	0	389911
13847	376596	1473	9569	6440	0	394078
13848	419420	1202	3757	5177	0	429556
13849	15168	1800	473648	2844	0	493460
13850	8255	1687	493724	2385	0	506051
13851	8068	1657	16406	484163	0	510294
13852	492103	1339	6919	16348	0	516709
13853	504348	1105	4684	7858	0	517995
13854	20425	1520	3915	482516	0	508376
13855	11023	1099	3907	501432	0	517461
13856	5866	1709	495625	18876	0	522076
13857	8017	2490	15173	486376	0	512056
13858	5729	1473	490490	18564	0	516256
13859	466752	1307	16221	10560	0	494840
13860	15770	488649	7889	7288	0	519596
13861	463074	12285	4588	6888	0	486835
13862	16005	463466	4485	4659	0	488615
13863	462884	14263	4769	5046	0	486962
13864	19827	5490	3224	447296	0	475837
13865	11784	3655	2748	458854	0	477041
13866	456301	3136	2063	19159	0	480659
13867	462094	2721	1842	9899	0	476556
13868	465027	2155	2127	7824	0	477133
13869	469734	1955	2009	6575	0	480273
13870	23346	1841	448862	5128	0	479177
13871	450579	1248	13801	6276	0	471904
13872	467246	1356	5474	5508	0	479584
13873	470648	1288	4128	4424	0	480488
13874	27389	1334	3286	449686	0	481695
13875	443489	1354	3181	17340	0	465364
13876	22298	435931	3921	7339	0	469489
13877	15658	12584	3074	440567	0	471883
13878	13904	4475	2996	454048	0	475423
13879	9938	3692	438019	20812	0	472461
13880	11237	2535	14980	428104	0	456856
13881	8347	438776	7288	20197	0	474608
13882	437863	14170	5371	12635	0	470039
13883	19202	440966	5221	9789	0	475178
13884	446338	15861	4902	10341	0	477442
13885	24563	6949	4087	443494	0	479093
13886	439997	5205	3735	20956	0	469893
13887	21496	434393	4074	11151	0	471114
13888	443087	15899	3514	10150	0	472650
13889	453861	7872	3715	8451	0	473899
13890	27673	5983	3366	437539	0	474561
13891	17387	5132	2799	451027	0	476345
13892	13701	4542	434436	22374	0	475053
13893	13741	4473	14035	438306	0	470555
13894	12727	4219	5961	448608	0	471515
13895	11405	3363	433043	24832	0	472643
13896	11750	2925	15668	441886	0	472229
13897	10215	2738	433506	23944	0	470403
13898	431640	2363	17823	14252	0	466078
13899	23571	2268	8733	435024	0	469596
13900	13946	3033	425423	21472	0	463874
13901	428663	2647	17434	12417	0	461161
13902	24871	2480	8599	433008	0	468958
13903	14354	2706	434652	21798	0	473510
13904	438691	2032	17337	13977	0	472037
13905	23794	2725	8398	442683	0	477600
13906	14673	2505	6751	453379	0	477308
13907	448059	2748	5651	26391	0	482849
13908	23878	2582	5109	446484	0	478053
13909	14354	2533	5190	455938	0	478015
13910	12588	3001	5267	441890	0	462746
13911	11221	432937	4678	26880	0	475716
13912	428628	15031	3895	17610	0	465164
13913	441040	6665	3943	13752	0	465400
13914	26875	5268	3601	431675	0	467419
13915	435047	4240	3389	24283	0	466959
13916	438939	3821	3566	15558	0	461884
13917	443744	3843	3734	12673	0	463994
13918	381519	4175	5231	14205	0	405130
13919	435219	2721	4651	11889	0	454480
13920	29778	2657	390538	10781	0	433754
13921	17500	2927	377993	10467	0	408887
13922	374761	2528	16851	9828	0	403968
13923	22707	365752	9076	9771	0	407306
13924	13549	11526	6879	357344	0	389298
13925	11054	4767	354196	17716	0	387733
13926	10250	3910	354489	10100	0	378749
13927	10713	6139	17084	345499	0	379435
13928	345454	3992	11885	18414	0	379745
13929	18327	2793	6258	347379	0	374757
13930	10631	3004	343416	17738	0	374789
13931	355433	1668	13273	12323	0	382697
13932	18111	1690	7635	360065	0	387501
13933	11976	1362	5887	367703	0	386928
13934	10519	1052	4881	373729	0	390181
13935	10541	1147	4025	370136	0	385849
13936	8990	1691	351837	22222	0	384740
13937	9802	1301	11924	360009	0	383036
13938	357678	1381	5971	20425	0	385455
13939	16019	1631	343066	14235	0	374951
13940	346359	1692	11925	12487	0	372463
13941	363069	1645	5589	10553	0	380856
13942	360153	1833	4803	10020	0	376809
13943	357406	1604	4614	9227	0	372851
13944	22452	337651	3926	8250	0	372279
13945	11861	303835	3036	6128	0	324860
13946	10302	316168	3404	5712	0	335586
13947	294307	12395	8757	8078	0	323537
13948	13102	3692	268852	5206	0	290852
13949	195318	3303	6558	2571	0	207750
13950	6263	981	2156	187792	0	197192
13951	188218	507	1197	4398	0	194320
13952	4560	406	929	187650	0	193545
13953	188019	392	867	4792	0	194070
13954	4605	323	784	187465	0	193177
13955	3185	371	710	192579	0	196845
13956	179409	294	829	5193	0	185725
13957	4305	201009	817	2639	0	208770
13958	2728	2614	198716	1860	0	205918
13959	2279	196574	2814	1700	0	203367
13960	1811	2262	188624	1224	0	193921
13961	2052	2480	2638	176023	0	183193
13962	182660	580	1757	2676	0	187673
13963	2381	442	634	178785	0	182242
13964	178207	237	467	2800	0	181711
13965	2394	188793	536	1432	0	193155
13966	1697	1559	191005	1003	0	195264
13967	1201	188473	1679	953	0	192306
13968	1082	191095	921	875	0	193973
13969	183390	1419	1012	1142	0	186963
13970	178124	558	558	955	0	180195
13971	1662	180478	446	509	0	183095
13972	1098	1199	294	182521	0	185112
13973	867	451	315	183130	0	184763
13974	183153	333	286	2320	0	186092
13975	1662	394	185037	873	0	187966
13976	903	512	177499	696	0	179610
13977	964	311	1561	181804	0	184640
13978	712	443	184819	1613	0	187587
13979	171605	291	1593	1428	0	174917
13980	182681	297	644	1246	0	184868
13981	2022	183342	569	632	0	186565
13982	1200	1469	188576	533	0	191778
13983	1285	557	1521	187369	0	190732
13984	808	513	199624	1704	0	202649
13985	1107	327	1617	195316	0	198367
13986	199224	309	718	2580	0	202831
13987	1980	203097	636	1009	0	206722
13988	1103	1771	209372	712	0	212958
13989	826	210998	1979	704	0	214507
13990	730	219697	974	729	0	222130
13991	220338	2125	690	1515	0	224668
13992	210429	790	582	1505	0	213306
13993	2766	646	219333	768	0	223513
13994	1265	223799	2046	974	0	228084
13995	1223	2014	889	226531	0	230657
13996	1126	815	575	226193	0	228709
13997	1188	595	548	224519	0	226850
13998	860	652	228639	2766	0	232917
13999	1262	464	2008	223781	0	227515
14000	1127	453	911	233819	0	236310
14001	235915	425	701	3645	0	240686
14002	234119	487	511	2272	0	237389
14003	232372	462	525	1965	0	235324
14004	228345	449	500	1735	0	231029
14005	228343	469	504	1563	0	230879
14006	2913	227453	674	754	0	231794
14007	223536	1904	434	1313	0	227187
14008	2634	975	222714	567	0	226890
14009	1671	1185	1774	219541	0	224171
14010	223406	465	793	2536	0	227200
14011	2134	223209	605	929	0	226877
14012	226862	1712	401	1541	0	230516
14013	230665	752	387	1581	0	233385
14014	2718	539	393	232293	0	235943
14015	1609	520	394	230481	0	233004
14016	957	240366	570	2312	0	244205
14017	1223	1749	404	246671	0	250047
14018	943	1003	252157	2161	0	256264
14019	1387	597	2014	252945	0	256943
14020	841	635	256091	2493	0	260060
14021	239914	493	2469	2110	0	244986
14022	2973	494	996	258708	0	263171
14023	1421	620	262742	2617	0	267400
14024	928	253517	2645	1526	0	258616
14025	710	260989	1222	954	0	263875
14026	259083	2736	929	1578	0	264326
14027	2953	1437	601	258724	0	263715
14028	1140	759	267745	2145	0	271789
14029	669	260905	2190	1200	0	264964
14030	737	2150	264905	596	0	268388
14031	251816	897	2227	1638	0	256578
14032	256573	540	929	1449	0	259491
14033	259324	376	581	1278	0	261559
14034	3111	353	462	260091	0	264017
14035	1305	551	260233	2026	0	264115
14036	764	259993	2230	1035	0	264022
14037	1031	1878	954	266228	0	270091
14038	669	1077	258765	2045	0	262556
14039	800	952	246730	963	0	249445
14040	1076	367	2598	258952	0	262993
14041	264502	301	1179	3111	0	269093
14042	2404	382	763	263937	0	267486
14043	1570	341	649	268278	0	270838
14044	815	551	271230	2801	0	275397
14045	1351	305	2263	267602	0	271521
14046	1287	326	1055	268060	0	270728
14047	684	526	273334	2970	0	277514
14048	719	645	264181	1507	0	267052
14049	1084	358	2748	270994	0	275184
14050	648	604	276320	2542	0	280114
14051	1075	318	2537	273768	0	277698
14052	275977	279	1355	3832	0	281443
14053	2102	283785	1197	1681	0	288765
14054	1517	2005	771	290155	0	294448
14055	855	1017	283840	2579	0	288291
14056	248719	531	2443	3110	0	254803
14057	2222	266367	1413	1320	0	271322
14058	271321	2033	925	2014	0	276293
14059	2808	936	743	271437	0	275924
14060	1738	594	759	269322	0	272413
14061	276068	436	851	4583	0	281938
14062	2574	579	277792	1685	0	282630
14063	269120	392	2443	2169	0	274124
14064	2943	387	1264	281426	0	286020
14065	271164	305	876	3921	0	276266
14066	269427	355	797	2536	0	273115
14067	3795	468	701	272388	0	277352
14068	1677	279506	891	3233	0	285307
14069	287865	2640	776	2956	0	294237
14070	288939	1059	726	2572	0	293296
14071	4969	892	292328	1005	0	299194
14072	286259	516	3491	1792	0	292058
14073	4991	541	1668	292660	0	299860
14074	2344	295668	1335	3713	0	303060
14075	2438	3334	898	291230	0	297900
14076	1435	295999	992	3682	0	302108
14077	294883	3759	794	3266	0	302702
14078	297152	1669	765	2586	0	302172
14079	5781	1086	608	309607	0	317082
14080	2764	1006	306805	4385	0	314960
14081	2114	1179	299231	2426	0	304950
14082	2108	721	5349	315959	0	324137
14083	318162	508	2858	6226	0	327754
14084	333643	480	1720	4228	0	340071
14085	7141	340091	1422	1992	0	350646
14086	4681	5570	946	341968	0	353165
14087	2395	2738	350775	6330	0	362238
14088	1763	1959	357042	3345	0	364109
14089	2907	1907	9391	386182	0	400387
14090	420885	819	4656	11144	0	437504
14091	12109	551	2190	428296	0	443146
14092	4462	842	422533	12239	0	440076
14093	419991	569	10830	6533	0	437923
14094	12746	566	4524	421834	0	439670
14095	6479	535	3157	429074	0	439245
14096	4973	536	2000	424535	0	432044
14097	2561	421499	1961	15432	0	441453
14098	2400	10007	423573	7098	0	443078
14099	1988	4251	429152	4929	0	440320
14100	3664	2207	14217	428114	0	448202
14101	2049	1544	432181	12325	0	448099
14102	418275	957	13681	7457	0	440370
14103	13285	913	5460	426712	0	446370
14104	7118	1089	3721	429734	0	441662
14105	5143	1131	3045	430421	0	439740
14106	2604	426888	3509	16645	0	449646
14107	435192	10524	2650	9743	0	458109
14108	13384	4033	2240	437495	0	457152
14109	432287	2495	2296	16513	0	453591
14110	13338	434801	2216	7665	0	458020
14111	433538	11674	2235	7454	0	454901
14112	424324	4513	2583	6981	0	438401
14113	433951	2844	2240	6545	0	445580
14114	17380	416077	2458	4564	0	440479
14115	8903	428847	2529	4053	0	444332
14116	412130	13911	1939	5672	0	433652
14117	14031	418300	2187	4258	0	438776
14118	6884	13516	406414	4196	0	431010
14119	5080	391343	10922	4501	0	411846
14120	4290	412575	4769	3642	0	425276
14121	405674	14234	3451	4565	0	427924
14122	13254	7135	398446	2865	0	421700
14123	6740	5090	394383	2714	0	408927
14124	6948	3990	14302	388672	0	413912
14125	398891	2853	6707	13516	0	421967
14126	13740	2835	398988	5730	0	421293
14127	8635	2776	11966	396140	0	419517
14128	4913	3478	386677	13196	0	408264
14129	4457	3597	376987	6497	0	391538
14130	365253	2842	15139	6139	0	389373
14131	13256	3074	383609	3518	0	403457
14132	7988	2529	14329	371550	0	396396
14133	6639	2895	6768	373937	0	390239
14134	4704	368676	5272	14412	0	393064
14135	4682	384898	4487	7391	0	401458
14136	5466	13464	4360	376428	0	399718
14137	3953	6651	376752	13565	0	400921
14138	5194	4628	12643	375619	0	398084
14139	4875	3565	6542	387200	0	402182
14140	3566	3353	385267	17052	0	409238
14141	4321	2698	13455	386514	0	406988
14142	387546	2899	7620	17507	0	415572
14143	12911	3264	385145	8269	0	409589
14144	381066	2889	14156	7774	0	405885
14145	15903	2348	7912	383807	0	409970
14146	8724	2078	5881	395979	0	412662
14147	5802	398184	5169	18680	0	427835
14148	5777	12680	4895	406501	0	429853
14149	5591	5798	4512	421200	0	437101
14150	409441	4046	4881	21770	0	440138
14151	15184	3118	5193	415097	0	438592
14152	8323	2896	4475	424405	0	440099
14153	401501	3077	4719	23049	0	432346
14154	15854	3148	5158	408229	0	432389
14155	8709	3125	5124	390319	0	407277
14156	5988	399099	5375	20630	0	431092
14157	401792	12777	5211	13613	0	433393
14158	16543	5937	4001	405569	0	432050
14159	9010	4762	3541	416495	0	433808
14160	6989	3983	398889	22099	0	431960
14161	6560	3466	13348	399725	0	423099
14162	5691	3087	6772	413071	0	428621
14163	393109	3096	4833	24319	0	425357
14164	398989	3406	3847	14629	0	420871
14165	19569	3533	3620	399587	0	426309
14166	10407	3566	385295	18678	0	417946
14167	8108	366157	13465	10552	0	398282
14168	6390	380637	7163	9327	0	403517
14169	7691	14862	5502	377251	0	405306
14170	374472	6876	3832	17912	0	403092
14171	15264	5297	2821	379913	0	403295
14172	379316	4157	2201	19346	0	405020
14173	16132	3803	2670	384247	0	406852
14174	9042	3379	3376	389525	0	405322
14175	374069	3491	2965	21008	0	401533
14176	372140	4087	2719	12479	0	391425
14177	18089	368625	2769	8670	0	398153
14178	9827	388675	2835	7688	0	409025
14179	7480	14213	2922	362125	0	386740
14180	6555	6909	3069	372196	0	388729
14181	5699	4816	355799	16418	0	382732
14182	324207	3571	11297	11377	0	350452
14183	12786	341388	5339	8335	0	367848
14184	5053	329860	3706	6076	0	344695
14185	315752	9852	4747	6662	0	337013
14186	11462	4096	315853	4742	0	336153
14187	5535	3139	303132	4432	0	316238
14188	5064	3044	278749	3969	0	290826
14189	2665	251027	7277	2488	0	263457
14190	2842	3059	3654	215878	0	225433
14191	1334	1091	873	215422	0	218720
14192	1232	845	602	218669	0	221348
14193	210639	606	567	5365	0	217177
14194	208479	541	573	3321	0	212914
14195	3512	210313	718	1756	0	216299
14196	1956	2867	548	214555	0	219926
14197	1389	1383	214669	3443	0	220884
14198	994	214995	2786	1893	0	220668
14199	208286	2960	1109	2825	0	215180
14200	3258	1336	211235	1360	0	217189
14201	190119	896	2817	2520	0	196352
14202	3249	927	208618	1291	0	214085
14203	1865	1371	2815	200294	0	206345
14204	1135	207165	1221	3194	0	212715
14205	207914	2640	763	3132	0	214449
14206	2986	210661	787	1653	0	216087
14207	206650	3044	573	2438	0	212705
14208	3688	1166	449	205741	0	211044
14209	1644	1166	208784	3625	0	215219
14210	1922	760	2765	213924	0	219371
14211	1680	807	1043	236832	0	240362
14212	1158	1146	235513	5315	0	243132
14213	223179	782	4131	3912	0	232004
14214	4645	241609	1512	2076	0	249842
14215	239519	4311	905	2805	0	247540
14216	4971	244663	909	1697	0	252240
14217	2507	4806	684	252106	0	260103
14218	1497	1801	249250	5545	0	258093
14219	287863	1126	4959	3553	0	297501
14220	7706	303465	1658	2010	0	314839
14221	3883	7719	915	299490	0	312007
14222	3234	2477	792	316692	0	323195
14223	326904	1868	741	11022	0	340535
14224	347178	1063	806	5784	0	354831
14225	11467	354903	1245	2709	0	370324
14226	383192	10115	855	3366	0	397528
14227	390872	3695	779	3169	0	398515
14228	399171	2462	693	3383	0	405709
14229	17562	2002	393408	1774	0	414746
14230	8057	383322	11259	2277	0	404915
14231	4528	408483	4678	2025	0	419714
14232	5560	15142	2602	377693	0	400997
14233	5416	6552	1380	400111	0	413459
14234	394693	3757	1212	16407	0	416069
14235	13130	394400	1578	6858	0	415966
14236	398767	13091	1054	4998	0	417910
14237	16584	6108	869	388941	0	412502
14238	8497	3868	1007	402644	0	416016
14239	390647	2453	976	18014	0	412090
14240	391761	2215	1145	8926	0	404047
14241	18104	2541	377755	4467	0	402867
14242	11198	3112	11516	373756	0	399582
14243	5614	2325	372870	13033	0	393842
14244	4176	2682	370343	6378	0	383579
14245	4059	2553	375419	4138	0	386169
14246	352767	2778	17718	4151	0	377414
14247	14368	1850	7323	344966	0	368507
14248	8221	1668	3928	349124	0	362941
14249	6629	1719	2705	360795	0	371848
14250	3619	1788	352742	16904	0	375053
14251	5388	1421	11746	351494	0	370049
14252	5616	1372	5250	364113	0	376351
14253	352983	1330	3143	17850	0	375306
14254	358831	1599	2337	9608	0	372375
14255	364756	1498	2135	6810	0	375199
14256	367258	1515	2472	5198	0	376443
14257	21169	1604	2269	351970	0	377012
14258	358428	1781	2303	14734	0	377246
14259	18782	1969	2083	355604	0	378438
14260	9919	2379	338538	15462	0	366298
14261	345270	2027	10876	9307	0	367480
14262	16289	345347	5119	6481	0	373236
14263	10869	11487	3549	341624	0	367529
14264	8868	6322	2509	345048	0	362747
14265	6086	349175	2545	16773	0	374579
14266	346456	12593	2211	10462	0	371722
14267	16014	345902	2287	6973	0	371176
14268	9909	13537	342514	5236	0	371196
14269	8006	6548	347104	5068	0	366726
14270	339775	4423	15799	5843	0	365840
14271	352282	3492	7601	5965	0	369340
14272	18941	3104	339885	5052	0	366982
14273	340092	2737	13562	5777	0	362168
14274	17918	2767	340430	4764	0	365879
14275	340006	2565	15126	5465	0	363162
14276	18526	2734	340101	5310	0	366671
14277	10934	2615	345711	5791	0	365051
14278	9280	2695	17441	319912	0	349328
14279	8468	2425	9567	336441	0	356901
14280	335889	2385	6447	19232	0	363953
14281	339170	2267	5102	11569	0	358108
14282	343289	2256	4982	8448	0	358975
14283	348723	2193	4678	7282	0	362876
14284	22956	328637	4772	6400	0	362765
14285	15053	11362	4312	322551	0	353278
14286	11107	331294	4807	15006	0	362214
14287	10784	12834	4452	336600	0	364670
14288	10188	6330	4193	339965	0	360676
14289	10218	4474	3891	342591	0	361174
14290	8770	3853	324550	21578	0	358751
14291	317832	3155	13405	13822	0	348214
14292	17653	310335	7400	10491	0	345879
14293	11490	330233	5427	8876	0	356026
14294	9988	15881	327143	7866	0	360878
14295	9755	7977	13747	325320	0	356799
14296	9622	5312	7899	333834	0	356667
14297	328869	4067	5748	20348	0	359032
14298	18713	4001	4786	327976	0	355476
14299	12088	4028	4960	335531	0	356607
14300	10203	3291	5294	339139	0	357927
14301	9005	2951	5548	343498	0	361002
14302	327112	2460	5701	23395	0	358668
14303	334376	2270	6216	13434	0	356296
14304	339494	2137	5776	9975	0	357382
14305	23372	2262	5628	329438	0	360700
14306	332846	2312	5481	18659	0	359298
14307	20458	2210	5625	334819	0	363112
14308	13626	2344	6087	345785	0	367842
14309	10755	1921	326018	21807	0	360501
14310	9560	1785	319338	13086	0	343769
14311	8388	1703	306533	9046	0	325670
14312	299023	1978	18499	8238	0	327738
14313	17195	2739	10166	277161	0	307261
14314	11007	289235	6381	15177	0	321800
14315	300022	9672	5274	10218	0	325186
14316	17207	4900	289483	8064	0	319654
14317	280916	3176	12362	7008	0	303462
14318	17197	271573	7427	6308	0	302505
14319	230289	6683	3756	4362	0	245090
14320	12929	4568	2563	224782	0	244842
14321	223859	2124	2493	9730	0	238206
14322	10974	210585	2399	6575	0	230533
14323	6884	208196	2407	4591	0	222078
14324	181945	6280	2713	3305	0	194243
14325	6982	182669	2122	2789	0	194562
14326	2567	144427	956	1391	0	149341
14327	2374	146589	1596	1330	0	151889
14328	137561	3997	3584	1390	0	146532
14329	132733	1471	713	967	0	135884
14330	133315	1051	374	803	0	135543
14331	3478	879	267	130334	0	134958
14332	2008	799	266	132398	0	135471
14333	1365	748	130138	2718	0	134969
14334	1584	566	1888	130348	0	134386
14335	1289	649	133267	2483	0	137688
14336	1477	491	2062	132629	0	136659
14337	1239	491	951	135913	0	138594
14338	134212	446	700	3452	0	138810
14339	133173	464	604	2114	0	136355
14340	2844	133231	682	1277	0	138034
14341	1805	2087	595	133662	0	138149
14342	1190	1151	139375	2480	0	144196
14343	1499	733	2040	139823	0	144095
14344	1464	618	938	141086	0	144106
14345	1344	624	596	143960	0	146524
14346	1067	654	141048	3288	0	146057
14347	1053	626	133167	1860	0	136706
14348	136726	363	2610	1724	0	141423
14349	2480	457	1303	142842	0	147082
14350	1261	408	142816	2897	0	147382
14351	134804	302	2175	2331	0	139612
14352	2253	144194	1359	1443	0	149249
14353	146237	1803	984	1607	0	150631
14354	2630	1036	150223	1076	0	154965
14355	145656	612	2022	1395	0	149685
14356	2704	741	1097	149097	0	153639
14357	1557	624	152757	2162	0	157100
14358	1143	150853	1980	1388	0	155364
14359	151765	1901	1368	1398	0	156432
14360	2373	1169	980	151336	0	155858
14361	1574	595	791	151885	0	154845
14362	1015	154552	774	2569	0	158910
14363	1033	1665	671	156142	0	159511
14364	936	1063	154540	2333	0	158872
14365	797	153418	1914	1544	0	157673
14366	154638	1697	1020	1545	0	158900
14367	2131	1038	748	153643	0	157560
14368	1461	724	534	153036	0	155755
14369	1014	737	151260	2554	0	155565
14370	1224	802	1725	151088	0	154839
14371	1036	756	158236	2203	0	162231
14372	901	157629	1989	1440	0	161959
14373	156368	1704	1306	1746	0	161124
14374	155493	912	840	1555	0	158800
14375	155304	622	644	1428	0	157998
14376	2296	162560	750	991	0	166597
14377	1528	1671	618	163274	0	167091
14378	1204	931	554	163632	0	166321
14379	1614	851	670	148110	0	151245
14380	161949	516	478	2991	0	165934
14381	160521	538	420	1946	0	163425
14382	2450	504	390	160954	0	164298
14383	1399	596	173653	2325	0	177973
14384	1277	451	1527	172677	0	175932
14385	1156	404	857	174241	0	176658
14386	1123	351	659	174524	0	176657
14387	1040	379	513	175078	0	177010
14388	176123	352	577	3481	0	180533
14389	2093	406	569	179384	0	182452
14390	1378	425	426	179841	0	182070
14391	887	180425	463	2964	0	184739
14392	1032	1577	311	186698	0	189618
14393	832	190307	418	2990	0	194547
14394	964	2270	282	193092	0	196608
14395	191127	997	320	3801	0	196245
14396	2250	193444	451	2041	0	198186
14397	191231	2247	342	2164	0	195984
14398	2846	1245	194997	1232	0	200320
14399	1821	742	2067	193727	0	198357
14400	1108	636	200713	3011	0	205468
14401	1224	594	2451	199686	0	203955
14402	1139	762	1182	200108	0	203191
14403	775	197725	988	3647	0	203135
14404	670	200913	738	2275	0	204596
14405	558	209569	619	1415	0	212161
14406	206019	2366	563	2086	0	211034
14407	1913	201206	443	1072	0	204634
14408	644	201486	332	782	0	203244
14409	1806	1919	447	203082	0	207254
14410	203396	682	251	2521	0	206850
14411	1452	211381	339	967	0	214139
14412	212570	1529	231	1636	0	215966
14413	211497	572	202	1476	0	213747
14414	1964	650	217003	514	0	220131
14415	1321	467	1411	211743	0	214942
14416	823	408	475	220097	0	221803
14417	686	396	345	221970	0	223397
14418	769	423	269	217889	0	219350
14419	443	584	212944	2112	0	216083
14420	627	783	191262	1003	0	193675
14421	195656	379	1541	1445	0	199021
14422	1432	208722	634	527	0	211315
14423	556	210480	408	448	0	211892
14424	211294	1641	216	1173	0	214324
14425	1443	208823	327	426	0	211019
14426	912	1579	189	212547	0	215227
14427	211912	545	212	2397	0	215066
14428	1628	620	209424	729	0	212401
14429	993	330	1375	211906	0	214604
14430	521	511	213871	1771	0	216674
14431	205367	335	1604	1698	0	209004
14432	1758	529	227932	624	0	230843
14433	228102	360	1789	1472	0	231723
14434	238368	369	682	1552	0	240971
14435	238770	375	405	1455	0	241005
14436	239361	422	308	1343	0	241434
14437	240624	390	283	1166	0	242463
14438	2709	384	280	240766	0	244139
14439	249951	353	297	3098	0	253699
14440	2373	326	297	251703	0	254699
14441	1293	324	317	250992	0	252926
14442	932	344	308	251638	0	253222
14443	651	532	249970	2496	0	253649
14444	1097	373	1714	244131	0	247315
14445	965	377	635	253622	0	255599
14446	733	551	248360	2324	0	251968
14447	225249	382	1835	1938	0	229404
14448	2434	357	637	252218	0	255646
14449	1116	443	252649	1981	0	256189
14450	970	465	243135	909	0	245479
14451	1095	438	2066	243227	0	246826
14452	766	435	251316	2118	0	254635
14453	1045	451	1945	251022	0	254463
14454	1007	240	773	250076	0	252096
14455	450	248351	729	2518	0	252048
14456	416	252711	628	1282	0	255037
14457	253632	1853	439	1902	0	257826
14458	2101	709	425	255991	0	259226
14459	1250	422	441	251726	0	253839
14460	970	305	451	260064	0	261790
14461	651	537	261513	2572	0	265273
14462	1028	338	1891	254154	0	257411
14463	257292	311	859	3370	0	261832
14464	2149	535	261532	1155	0	265371
14465	1407	301	1970	268069	0	271747
14466	1153	298	815	269389	0	271655
14467	921	241	569	274404	0	276135
14468	494	284312	675	2916	0	288397
14469	285112	2530	461	2635	0	290738
14470	292192	839	522	2096	0	295649
14471	4029	299378	592	910	0	304909
14472	2301	3016	404	313645	0	319366
14473	1162	1259	313363	4143	0	319927
14474	1184	1013	302156	1755	0	306108
14475	312198	434	5404	2067	0	320103
14476	5735	355	2149	322942	0	331181
14477	335193	273	1277	6329	0	343072
14478	6358	339071	1187	2620	0	349236
14479	2607	349817	930	1881	0	355235
14480	345775	7614	590	2877	0	356856
14481	6438	359882	889	1315	0	368524
14482	4193	7194	627	361312	0	373326
14483	3322	3027	567	349163	0	356079
14484	1578	369678	854	7508	0	379618
14485	371564	7344	575	5001	0	384484
14486	7485	3741	376178	2104	0	389508
14487	359835	2080	7120	3133	0	372168
14488	9138	1757	382020	1374	0	394289
14489	349864	1265	8213	3173	0	362515
14490	9684	1459	384510	1451	0	397104
14491	4194	376467	9077	1347	0	391085
14492	4832	8489	3984	376483	0	393788
14493	374010	3150	2419	8539	0	388118
14494	8453	2177	369333	3002	0	382965
14495	4066	1597	371045	1988	0	378696
14496	4062	1409	9855	357927	0	373253
14497	2153	1406	372798	7451	0	383808
14498	3400	1135	8936	360877	0	374348
14499	3642	1069	4355	357939	0	367005
14500	2131	1091	367024	10028	0	380274
14501	3329	726	8846	359455	0	372356
14502	369660	601	4639	10609	0	385509
14503	7703	367819	3580	4591	0	383693
14504	373539	7226	2474	4414	0	387653
14505	9669	3132	2158	365977	0	380936
14506	367212	1845	1888	10012	0	380957
14507	373104	1307	2024	5806	0	382241
14508	11926	1216	2140	366844	0	382126
14509	5465	370591	2359	8305	0	386720
14510	374851	7160	2005	5997	0	390013
14511	9322	3601	362776	3275	0	378974
14512	4927	2229	360906	3077	0	371139
14513	353623	1381	10168	3806	0	368978
14514	9977	1369	4821	357362	0	373529
14515	5141	1453	360536	8720	0	375850
14516	4571	1497	8454	358478	0	373000
14517	361461	1409	4286	10681	0	377837
14518	367756	1251	3147	6420	0	378574
14519	368077	1048	2560	5177	0	376862
14520	12398	372576	2495	3013	0	390482
14521	7591	7289	1750	377310	0	393940
14522	5379	3580	1742	381185	0	391886
14523	376395	2322	1786	12418	0	392921
14524	9728	374331	2131	5731	0	391921
14525	375442	7742	2007	4836	0	390027
14526	11507	3797	1972	372186	0	389462
14527	371410	2522	1901	10477	0	386310
14528	10746	2462	357440	5062	0	375710
14529	6002	359485	8221	4125	0	377833
14530	6100	8157	4065	343494	0	361816
14531	4347	366950	2970	7416	0	381683
14532	4806	8732	2065	356294	0	371897
14533	352317	4269	1900	10682	0	369168
14534	9992	3318	339471	5073	0	357854
14535	329833	2360	8117	5366	0	345676
14536	10306	348201	4476	3470	0	366453
14537	6450	8208	2834	354173	0	371665
14538	5337	4270	2282	361430	0	373319
14539	347032	2971	2116	12945	0	365064
14540	10376	2655	342735	6111	0	361877
14541	6710	2156	8224	346830	0	363920
14542	5436	2111	4387	348068	0	360002
14543	4636	2114	3217	349300	0	359267
14544	4135	2247	2671	352422	0	361475
14545	341568	1974	2439	14782	0	360763
14546	340789	1853	2208	9365	0	354215
14547	12270	2110	338458	5273	0	358111
14548	7175	2292	327828	4598	0	341893
14549	336949	1845	10350	6064	0	355208
14550	351866	1620	5137	5754	0	364377
14551	12857	1633	3549	346949	0	364988
14552	7821	1486	2966	347693	0	359966
14553	340337	1396	2893	13465	0	358091
14554	10614	334204	3267	7282	0	355367
14555	6895	6877	2913	340573	0	357258
14556	5520	3153	2637	347707	0	359017
14557	4749	2332	333930	13011	0	354022
14558	5262	1584	8170	336378	0	351394
14559	4411	1905	337770	12206	0	356292
14560	4838	1517	9431	336686	0	352472
14561	331096	1548	5027	12857	0	350528
14562	10906	1463	3495	334973	0	350837
14563	6572	1522	330061	11884	0	350039
14564	4884	314568	9112	7517	0	336081
14565	4981	7514	4589	327353	0	344437
14566	4220	3506	325657	11153	0	344536
14567	4006	325192	8691	6879	0	344768
14568	4903	8300	3939	319835	0	336977
14569	3671	3996	315949	10156	0	333772
14570	267377	2379	7932	8297	0	285985
14571	7891	300768	4471	5035	0	318165
14572	4138	289391	2954	3809	0	300292
14573	3084	298034	2433	3646	0	307197
14574	4496	9726	2389	284277	0	300888
14575	2690	3507	292637	7648	0	306482
14576	2363	288383	6823	4391	0	301960
14577	3623	8118	3200	281140	0	296081
14578	294419	2533	1891	7854	0	306697
14579	7626	1672	1139	389645	0	400082
14580	3755	1718	460083	11028	0	476584
14581	2176	464173	13038	4785	0	484172
14582	448448	13072	4199	5510	0	471229
14583	13132	461512	3171	3398	0	481213
14584	4828	14767	440043	2738	0	462376
14585	2731	443495	14045	3353	0	463624
14586	5796	16954	6430	423229	0	452409
14587	2677	7931	430487	11636	0	452731
14588	3204	427802	14507	4002	0	449515
14589	6185	16685	5308	412735	0	440913
14590	4392	8866	4973	413289	0	431520
14591	1144	423124	5384	15211	0	444863
14592	3831	16358	4470	421395	0	446054
14593	1220	8333	422425	16752	0	448730
14594	1484	6915	430549	7965	0	446913
14595	3536	6851	16198	423668	0	450253
14596	416854	5422	6670	20497	0	449443
14597	422203	5521	4749	11686	0	444159
14598	15975	5546	4620	410574	0	436715
14599	5115	417017	6745	17264	0	446141
14600	6448	13819	7246	417767	0	445280
14601	412254	5321	6363	19626	0	443564
14602	17918	4113	4047	411579	0	437657
14603	11507	4271	2558	421023	0	439359
14604	409624	4248	2427	22463	0	438762
14605	15121	406512	3206	12379	0	437218
14606	8609	16067	2895	409078	0	436649
14607	406686	6586	2416	21830	0	437518
14608	17509	4715	394551	12138	0	428913
14609	396049	3643	12794	12281	0	424767
14610	20255	3946	4399	404477	0	433077
14611	404125	4916	3290	20285	0	432616
14612	408674	5187	2955	12405	0	429221
14613	394726	3992	3268	11744	0	413730
14614	21924	395122	4520	8150	0	429716
14615	12720	13363	395154	7098	0	428335
14616	11342	400701	14261	7275	0	433579
14617	398195	14991	5068	8852	0	427106
14618	21650	395836	3931	6287	0	427704
14619	16221	16001	3107	394505	0	429834
14620	388030	8686	3712	16523	0	416951
14621	18420	390513	4409	7168	0	420510
14622	9558	18847	388808	6101	0	423314
14623	10626	10486	14115	387796	0	423023
14624	9127	9035	389782	16872	0	424816
14625	7975	393522	15019	11811	0	428327
14626	9034	18557	6173	384761	0	418525
14627	8967	9441	5844	397757	0	422009
14628	7231	8864	6171	399558	0	421824
14629	6735	6798	6988	386789	0	407310
14630	4519	389675	6643	22509	0	423346
14631	382607	18027	5660	14378	0	420672
14632	15948	10109	382890	12242	0	421189
14633	8306	7662	14790	391177	0	421935
14634	383118	6198	6627	25471	0	421414
14635	17228	6680	382942	15202	0	422052
14636	8832	379746	16351	11586	0	416515
14637	9208	19334	8558	373120	0	410220
14638	8200	9808	379785	18880	0	416673
14639	6908	380539	19041	12395	0	418883
14640	366743	17537	9509	12611	0	406400
14641	17963	379692	8248	9884	0	415787
14642	9473	20909	7450	374816	0	412648
14643	7466	12204	6363	391940	0	417973
14644	373008	10187	6848	24805	0	414848
14645	17105	377770	7775	14076	0	416726
14646	10776	21053	6928	381650	0	420407
14647	371934	12239	6818	22186	0	413177
14648	373155	11171	5751	15423	0	405500
14649	21042	369964	4997	14846	0	410849
14650	372010	19955	4627	13648	0	410240
14651	381488	12623	4038	11957	0	410106
14652	25018	11422	4138	369707	0	410285
14653	14488	9903	361121	22665	0	408177
14654	15373	8206	15266	363668	0	402513
14655	14358	8272	6643	374581	0	403854
14656	12795	8306	356407	24526	0	402034
14657	12881	351833	15983	14783	0	395480
14658	12208	17542	7463	357479	0	394692
14659	9658	8542	7468	372535	0	398203
14660	9018	6868	8100	375352	0	399338
14661	8657	6451	7476	365146	0	387730
14662	8296	353215	7131	28186	0	396828
14663	359241	17159	6357	17952	0	400709
14664	362898	9395	4248	17077	0	393618
14665	361832	7046	3353	17291	0	389522
14666	22789	342456	3330	17437	0	386012
14667	12726	17604	3110	350665	0	384105
14668	10537	10069	340493	24663	0	385762
14669	12899	10836	13834	336217	0	373786
14670	14286	345203	5646	20996	0	386131
14671	341129	16761	3836	13113	0	374839
14672	343258	9601	3412	12731	0	369002
14673	340649	8698	4132	12526	0	366005
14674	21450	325743	5595	11622	0	364410
14675	12224	313370	6885	10398	0	342877
14676	11495	328527	5695	10059	0	355776
14677	13516	18624	316904	8062	0	357106
14678	14275	13563	292261	8363	0	328462
14679	13439	35779	11481	155377	0	216076
14680	118978	1390	4549	3895	0	128812
14681	116585	572	568	1405	0	119130
14682	2973	608	424	118451	0	122456
14683	1369	638	399	117992	0	120398
14684	1040	602	379	121557	0	123578
14685	992	652	397	122274	0	124315
14686	121126	650	385	3518	0	125679
14687	123036	717	338	1753	0	125844
14688	3134	126400	400	1171	0	131105
14689	128215	2818	320	1424	0	132777
14690	130013	1092	394	1345	0	132844
14691	130928	769	453	1281	0	133431
14692	3769	809	119163	1134	0	124875
14693	124111	555	2126	1294	0	128086
14694	3500	127577	773	905	0	132755
14695	1862	2806	468	130882	0	136018
14696	1430	1132	400	132616	0	135578
14697	1101	129432	513	3790	0	134836
14698	1184	2929	525	135300	0	139938
14699	133840	1034	530	4132	0	139536
14700	3746	763	474	135723	0	140706
14701	1795	725	133183	3740	0	139443
14702	128149	731	2712	2102	0	133694
14703	3535	136204	900	1421	0	142060
14704	1967	3010	501	137418	0	142896
14705	1644	1156	434	139115	0	142349
14706	1542	919	355	139886	0	142702
14707	1340	927	135924	4360	0	142551
14708	1298	134407	2752	2093	0	140550
14709	1669	3096	830	136301	0	141896
14710	1412	1263	133971	3437	0	140083
14711	1582	936	2651	131764	0	136933
14712	1278	860	131889	3611	0	137638
14713	1466	1099	2858	127548	0	132971
14714	1030	127997	1236	3388	0	133651
14715	1165	2759	759	128232	0	132915
14716	127233	1146	529	3872	0	132780
14717	127904	781	451	2190	0	131326
14718	3652	832	124943	1461	0	130888
14719	1375	626	117895	1316	0	121212
14720	1023	606	130637	1105	0	133371
14721	1038	632	3198	130956	0	135824
14722	906	525	1311	136507	0	139249
14723	917	472	779	138463	0	140631
14724	623	138852	690	4141	0	144306
14725	1006	2976	575	138998	0	143555
14726	1053	1043	577	144086	0	146759
14727	1045	756	526	148705	0	151032
14728	146490	618	563	5051	0	152722
14729	147611	526	602	2649	0	151388
14730	4080	589	147796	1613	0	154078
14731	1627	661	146463	1399	0	150150
14732	146982	491	3982	1702	0	153157
14733	153842	479	1661	1661	0	157643
14734	4328	517	157894	1376	0	164115
14735	1838	612	153611	1322	0	157383
14736	153194	503	4193	1768	0	159658
14737	157970	476	1670	1651	0	161767
14738	4559	548	159180	1203	0	165490
14739	2286	476	3749	156481	0	162992
14740	1556	364	1645	160561	0	164126
14741	1083	163811	1327	4646	0	170867
14742	1487	3473	947	168266	0	174173
14743	1123	1232	176663	4687	0	183705
14744	1559	737	4402	176905	0	183603
14745	1582	525	1751	180695	0	184553
14746	1184	506	176267	5672	0	183629
14747	169770	380	4564	3080	0	177794
14748	180322	360	1969	2333	0	184984
14749	5800	398	1489	176696	0	184383
14750	3021	385	1080	181011	0	185497
14751	178924	385	1112	6205	0	186626
14752	179484	390	1205	3290	0	184369
14753	171224	528	1157	2927	0	175836
14754	181018	476	985	2295	0	184774
14755	5716	175438	1138	1775	0	184067
14756	174898	3707	1062	2173	0	181840
14757	5128	174716	1083	1724	0	182651
14758	2746	4108	952	176056	0	183862
14759	2262	1268	973	175777	0	180280
14760	1626	171455	1099	5625	0	179805
14761	2048	3772	916	174617	0	181353
14762	1977	1309	877	173247	0	177410
14763	1485	170418	944	5926	0	178773
14764	1913	3931	924	172664	0	179432
14765	2087	1344	869	175504	0	179804
14766	2189	967	898	175951	0	180005
14767	1650	836	170012	6374	0	178872
14768	1597	164912	4245	3148	0	173902
14769	2198	4925	1605	158705	0	167433
14770	1549	166475	1293	4612	0	173929
14771	164686	4099	1070	2901	0	172756
14772	4593	1607	163128	2255	0	171583
14773	2174	1288	157634	2017	0	163113
14774	154037	1026	4451	1981	0	161495
14775	4625	1403	1986	157145	0	165159
14776	1754	695	152708	4014	0	159171
14777	1548	740	149803	2080	0	154171
14778	1685	1472	3851	148190	0	155198
14779	146546	625	1807	4399	0	153377
14780	147672	570	1088	2363	0	151693
14781	4357	562	773	146386	0	152078
14782	1923	744	143728	3920	0	150315
14783	1386	149276	3098	2218	0	155978
14784	1504	3015	1257	150348	0	156124
14785	1287	1233	149697	3656	0	155873
14786	1205	148215	3228	2037	0	154685
14787	1605	2987	1457	147616	0	153665
14788	146367	1023	1119	3897	0	152406
14789	3292	946	825	143001	0	148064
14790	1454	144550	935	3537	0	150476
14791	144779	2643	864	2426	0	150712
14792	3188	1197	149549	1693	0	155627
14793	1645	147205	2781	1567	0	153198
14794	1517	2662	147206	1384	0	152769
14795	142051	1143	3144	1715	0	148053
14796	3278	969	1354	141242	0	146843
14797	1770	597	1055	146206	0	149628
14798	145804	506	965	3871	0	151146
14799	3119	561	981	146653	0	151314
14800	1504	671	143419	3332	0	148926
14801	135660	564	2752	2302	0	141278
14802	3089	144131	1318	1610	0	150148
14803	1813	2334	936	143191	0	148274
14804	142184	980	836	3596	0	147596
14805	2999	141073	923	1853	0	146848
14806	1772	2725	831	145144	0	150472
14807	144773	1107	800	3643	0	150323
14808	3036	917	792	144914	0	149659
14809	1402	142832	758	3538	0	148530
14810	1281	2586	144223	1935	0	150025
14811	1364	1107	2418	147946	0	152835
14812	1704	866	1079	142330	0	145979
14813	149014	635	804	4108	0	154561
14814	3279	644	633	150037	0	154593
14815	149582	712	663	3959	0	154916
14816	150330	768	672	2121	0	153891
14817	3771	650	560	147856	0	152837
14818	1776	148669	629	3311	0	154385
14819	1633	2755	483	148694	0	153565
14820	138952	1125	446	3931	0	144454
14821	2995	140441	490	1946	0	145872
14822	1239	146115	456	1289	0	149099
14823	146415	2695	463	1651	0	151224
14824	147685	1112	457	1535	0	150789
14825	2943	147992	547	1144	0	152626
14826	148898	2614	948	1409	0	153869
14827	148426	952	533	1161	0	151072
14828	3424	796	359	147465	0	152044
14829	1488	599	151184	2829	0	156100
14830	1570	1258	2564	151053	0	156445
14831	863	672	154731	3254	0	159520
14832	1321	950	2739	154203	0	159213
14833	715	514	155668	3316	0	160213
14834	148383	367	2826	1670	0	153246
14835	3088	476	1162	151924	0	156650
14836	158912	267	746	3180	0	163105
14837	3542	926	532	155681	0	160681
14838	1422	160202	440	3091	0	165155
14839	163657	2538	413	1981	0	168589
14840	3230	1170	159395	1011	0	164806
14841	151792	798	2325	1194	0	156109
14842	2887	156814	1045	620	0	161366
14843	148263	1911	499	906	0	151579
14844	149557	777	310	865	0	151509
14845	2893	149817	406	414	0	153530
14846	1612	2115	263	154720	0	158710
14847	155603	823	308	2973	0	159707
14848	2867	155572	354	1081	0	159874
14849	1705	2524	199	157634	0	162062
14850	159713	1043	210	3225	0	164191
14851	3383	613	236	158330	0	162562
14852	1907	484	222	158781	0	161394
14853	1489	460	178	161159	0	163286
14854	863	568	156324	3854	0	161609
14855	1341	394	2482	157142	0	161359
14856	158868	481	897	3832	0	164078
14857	3288	546	158154	1610	0	163598
14858	2099	368	2663	159705	0	164835
14859	1570	439	983	162752	0	165744
14860	863	515	159194	4031	0	164603
14861	153766	370	2848	2439	0	159423
14862	162847	423	1185	1757	0	166212
14863	3958	475	162693	1199	0	168325
14864	2364	315	2935	161249	0	166863
14865	1629	318	1226	168567	0	171740
14866	1022	434	174914	4295	0	180665
14867	1533	356	3111	177124	0	182124
14868	1543	305	1370	178873	0	182091
14869	966	411	183581	4847	0	189805
14870	178384	313	3589	2790	0	185076
14871	4271	302	1491	190393	0	196457
14872	189548	291	965	5021	0	195825
14873	190512	303	725	2867	0	194407
14874	5055	403	191517	1724	0	198699
14875	2789	301	3806	190139	0	197035
14876	193792	259	1495	5224	0	200770
14877	4384	199109	1261	2410	0	207164
14878	2551	3571	894	208351	0	215367
14879	2117	1137	822	211560	0	215636
14880	1857	604	875	216008	0	219344
14881	1204	501	211861	6458	0	220024
14882	193121	327	4570	3661	0	201679
14883	5070	385	1761	206058	0	213274
14884	2684	323	1158	208288	0	212453
14885	1673	412	205043	6327	0	213455
14886	1956	303	4370	203594	0	210223
14887	1728	319	1897	210697	0	214641
14888	204115	265	1333	7127	0	212840
14889	4713	203683	1167	3522	0	213085
14890	2218	3809	204936	2569	0	213532
14891	203861	1258	4481	2541	0	212141
14892	5348	732	1804	204001	0	211885
14893	2302	560	207350	5628	0	215840
14894	1868	583	207904	3021	0	213376
14895	1976	502	5372	212321	0	220171
14896	1494	505	216638	5656	0	224293
14897	1494	547	210665	3151	0	215857
14898	1264	209482	5743	2705	0	219194
14899	1694	3797	2582	225436	0	233509
14900	1337	1395	225827	5588	0	234147
14901	1794	881	4801	222865	0	230341
14902	234151	560	2327	6672	0	243710
14903	5056	524	1690	236062	0	243332
14904	2526	480	1522	242279	0	246807
14905	236659	444	1402	7256	0	245761
14906	238586	463	1462	4087	0	244598
14907	6145	457	1412	249833	0	257847
14908	2600	615	251918	6103	0	261236
14909	1757	249139	5249	3400	0	259545
14910	1838	4141	2334	257194	0	265507
14911	254903	1403	1790	6837	0	264933
14912	256517	903	1510	3851	0	262781
14913	6321	250117	1612	2864	0	260914
14914	2699	259508	1655	2509	0	266371
14915	260086	5097	1441	3038	0	269662
14916	259057	1803	1387	3049	0	265296
14917	6578	1256	266967	2338	0	277139
14918	3596	1020	5085	261681	0	271382
14919	2112	271877	2350	5821	0	282160
14920	279807	4613	1801	3613	0	289834
14921	6351	2377	1520	275144	0	285392
14922	2727	273295	1498	6117	0	283637
14923	2185	4903	276551	3086	0	286725
14924	2602	3116	5141	263698	0	274557
14925	1637	284263	2247	5444	0	293591
14926	285621	4576	1566	3525	0	295288
14927	285986	1833	1325	3074	0	292218
14928	5854	285288	1179	2111	0	294432
14929	279778	4271	1034	2364	0	287447
14930	278681	1573	1028	2397	0	283679
14931	5569	274257	1126	1877	0	282829
14932	2495	281182	1098	1786	0	286561
14933	2762	5372	1204	278148	0	287486
14934	276774	1805	987	5561	0	285127
14935	4722	1392	282009	2324	0	290447
14936	264874	999	3894	2382	0	272149
14937	4391	282879	1507	1657	0	290434
14938	284227	3797	1159	2204	0	291387
14939	285564	1491	971	1891	0	289917
14940	287227	1086	805	1909	0	291027
14941	5783	1102	774	279902	0	287561
14942	2523	280617	985	4079	0	288204
14943	283086	3709	760	2592	0	290147
14944	4637	1873	282442	1412	0	290364
14945	2098	283411	3884	1368	0	290761
14946	2032	3753	1334	292513	0	299632
14947	1368	1578	282639	3639	0	289224
14948	1445	1242	279260	1544	0	283491
14949	1937	1075	4001	279892	0	286905
14950	1774	875	1548	294731	0	298928
14951	1727	788	1066	298075	0	301656
14952	1845	908	759	291775	0	295287
14953	1286	285197	909	4654	0	292046
14954	1208	296548	932	2132	0	300820
14955	299957	3854	700	2369	0	306880
14956	4288	1673	638	300928	0	307527
14957	2324	1102	731	301211	0	305368
14958	1801	929	701	306493	0	309924
14959	302856	992	679	5642	0	310169
14960	304063	791	693	3064	0	308611
14961	4952	799	671	304525	0	310947
14962	308749	786	651	5156	0	315342
14963	306519	774	673	2993	0	310959
14964	310718	777	561	2649	0	314705
14965	5452	878	601	305524	0	312455
14966	2370	998	288554	3666	0	295588
14967	2060	1179	264264	1836	0	269339
14968	1704	969	277253	1314	0	281240
14969	1464	789	289063	996	0	292312
14970	1916	1648	3534	286456	0	293554
14971	289746	510	1493	3841	0	295590
14972	284880	448	755	2305	0	288388
14973	3706	681	285711	1019	0	291117
14974	2085	720	281408	921	0	285134
14975	1281	305949	3071	987	0	311288
14976	1705	2880	1308	309790	0	315683
14977	306290	919	1119	3725	0	312053
14978	2705	780	302029	1155	0	306669
14979	284977	510	2259	2013	0	289759
14980	2483	311099	1172	815	0	315569
14981	1563	2066	687	320208	0	324524
14982	1310	842	563	330037	0	332752
14983	1420	579	528	324838	0	327365
14984	333359	415	406	5159	0	339339
14985	3558	408	390	333862	0	338218
14986	2114	397	419	336133	0	339063
14987	335387	372	482	5107	0	341348
14988	3720	450	420	333437	0	338027
14989	1721	619	338753	3698	0	344791
14990	327811	371	2737	3022	0	333941
14991	3872	357	1262	343038	0	348529
14992	2333	381	906	338043	0	341663
14993	1273	336630	741	3880	0	342524
14994	338291	2727	393	3364	0	344775
14995	341124	1216	417	2674	0	345431
14996	4824	765	388	337134	0	343111
14997	2322	679	336031	3380	0	342412
14998	303823	396	3113	3397	0	310729
14999	3852	638	335378	1398	0	341266
15000	2657	402	3562	329061	0	335682
15001	1940	354	1537	343808	0	347639
15002	338421	279	976	5912	0	345588
15003	4755	274	692	347169	0	352890
15004	2112	538	345948	4590	0	353188
15005	329436	279	3717	3606	0	337038
15006	4514	626	361872	1626	0	368638
15007	2333	683	353509	1113	0	357638
15008	360365	343	5680	2076	0	368464
15009	6170	709	2303	370307	0	379489
15010	2148	383486	1640	4237	0	391511
15011	386046	4126	1131	3349	0	394652
15012	384048	1429	994	2654	0	389125
15013	6390	1055	383696	1175	0	392316
15014	376427	489	4764	2201	0	383881
15015	6599	551	1928	386651	0	395729
15016	2813	657	394133	4767	0	402370
15017	1848	381806	4975	2695	0	391324
15018	378390	4269	2366	3086	0	388111
15019	4968	385754	1517	1373	0	393612
15020	3291	4644	1229	383841	0	393005
15021	2578	1723	940	386428	0	391669
15022	2386	1028	766	382706	0	386886
15023	2255	768	659	369293	0	372975
15024	1188	369859	966	6438	0	378451
15025	1473	4249	357304	2961	0	365987
15026	1144	362474	4340	2337	0	370295
15027	362560	4515	1866	2616	0	371557
15028	5283	1966	1075	363675	0	371999
15029	365133	1145	909	5824	0	373011
15030	5785	974	907	367318	0	374984
15031	374518	750	837	6980	0	383085
15032	5364	378333	989	2668	0	387354
15033	384999	4360	807	3527	0	393693
15034	386441	1735	818	3172	0	392166
15035	376138	1153	709	2982	0	380982
15036	378142	793	707	3166	0	382808
15037	6969	374480	771	1548	0	383768
15038	3636	4493	374713	1192	0	384034
15039	3339	1907	4358	374694	0	384298
15040	376437	1347	1865	6021	0	385670
15041	384048	823	1250	3443	0	389564
15042	7476	741	894	387451	0	396562
15043	3650	1048	399296	5599	0	409593
15044	3517	732	4977	387257	0	396483
15045	2064	398896	2293	5889	0	409142
15046	402204	5385	1409	4141	0	413139
15047	7345	2541	989	403225	0	414100
15048	3385	394874	1304	6351	0	405914
15049	2622	415446	1123	3107	0	422298
15050	1871	425218	980	2425	0	430494
15051	2632	8098	976	431712	0	443418
15052	432859	3319	885	8647	0	445710
15053	7253	437180	980	3431	0	448844
15054	4368	7100	682	443767	0	455917
15055	439745	2769	674	9068	0	452256
15056	8585	2062	777	442084	0	453508
15057	439661	1441	801	9814	0	451717
15058	441693	1368	722	5243	0	449026
15059	9741	455330	895	2690	0	468656
15060	6321	7174	703	434005	0	448203
15061	3338	461321	972	6194	0	471825
15062	455684	8094	763	4487	0	469028
15063	455492	3366	883	3809	0	463550
15064	463476	2424	876	3319	0	470095
15065	11879	1653	1117	460767	0	475416
15066	5664	1854	454396	7775	0	469689
15067	439272	1759	6917	5235	0	453183
15068	459466	1525	2526	4109	0	467626
15069	11618	1666	1514	448884	0	463682
15070	5763	460227	1463	7652	0	475105
15071	5576	7540	1047	464780	0	478943
15072	4603	3491	1136	474131	0	483361
15073	469421	2707	1117	11471	0	484716
15074	459314	2129	1064	6765	0	469272
15075	10843	2421	439728	3389	0	456381
15076	6756	2006	6938	437717	0	453417
15077	444591	1783	2559	9829	0	458762
15078	10881	2308	1601	446264	0	461054
15079	4896	2164	446899	10307	0	464266
15080	3880	418840	7661	5434	0	435815
15081	3501	443046	2769	4010	0	453326
15082	475182	8581	1918	4534	0	490215
15083	11461	3779	1274	501786	0	518300
15084	6283	2727	1071	561942	0	572023
15085	560004	2105	1054	17861	0	581024
15086	15711	2483	554642	7967	0	580803
15087	9782	1898	12320	560028	0	584028
15088	6315	2127	565883	16003	0	590328
15089	4597	566160	14821	8178	0	593756
15090	578779	13399	6368	7801	0	606347
15091	592525	5851	4207	6571	0	609154
15092	601480	3933	3238	5671	0	614322
15093	22005	3519	581432	3748	0	610704
15094	585865	3271	13785	4867	0	607788
15095	610046	2732	5862	4416	0	623056
15096	25065	2596	3614	597671	0	628946
15097	538396	2625	4914	19201	0	565136
15098	19053	2381	592057	7692	0	621183
15099	574230	1883	13765	7025	0	596903
15100	21139	2213	586341	4357	0	614050
15101	11384	591599	15221	5127	0	623331
15102	10712	18255	7871	546718	0	583556
15103	7397	596083	5413	12434	0	621327
15104	7802	14964	583097	5825	0	611688
15105	6469	593046	14493	4868	0	618876
15106	558639	14926	6387	5412	0	585364
15107	13869	549659	5056	3535	0	572119
15108	7729	554045	3426	3215	0	568415
15109	6579	16905	537306	2789	0	563579
15110	6574	9107	12585	529169	0	557435
15111	539752	5917	6000	13852	0	565521
15112	14218	5378	535095	5816	0	560507
15113	8107	539997	13460	4680	0	566244
15114	7854	13318	6810	537718	0	565700
15115	5471	7346	544647	13902	0	571366
15116	5493	4901	537214	7674	0	555282
15117	6656	4479	17256	539700	0	568091
15118	5127	4036	549813	14526	0	573502
15119	5995	3901	16765	501886	0	528547
15120	4808	526844	9338	14143	0	555133
15121	6084	13193	6790	524858	0	550925
15122	4830	537035	5939	14774	0	562578
15123	6792	14072	5142	544254	0	570260
15124	536505	6705	4503	17735	0	565448
15125	16318	5276	4157	534637	0	560388
15126	8153	533492	4367	16629	0	562641
15127	7680	14292	3504	550425	0	575901
15128	6113	7114	541260	17539	0	572026
15129	6893	5216	14024	545348	0	571481
15130	542618	4184	7923	18875	0	573600
15131	15084	4655	528333	9688	0	557760
15132	9234	4343	15373	527630	0	556580
15133	520338	3994	7787	18438	0	550557
15134	15196	517817	6275	10056	0	549344
15135	10171	13940	5348	523575	0	553034
15136	528587	7459	4849	17188	0	558083
15137	17959	5333	4807	528237	0	556336
15138	10182	5097	521569	17022	0	553870
15139	499972	5041	14004	11655	0	530672
15140	16490	512954	8238	7920	0	545602
15141	9033	528677	6475	7920	0	552105
15142	525414	15442	6608	7963	0	555427
15143	516871	7689	5666	6941	0	537167
15144	20054	6412	4992	508325	0	539783
15145	512209	5546	5225	14962	0	537942
15146	17418	5953	496820	8663	0	528854
15147	492218	4777	13170	8997	0	519162
15148	16766	495998	7930	7134	0	527828
15149	496163	11937	6650	8186	0	522936
15150	17619	6798	491232	6108	0	521757
15151	12079	6345	13939	487809	0	520172
15152	9496	5022	8985	489909	0	513412
15153	8661	5591	6709	459210	0	480171
15154	7454	482274	6122	15569	0	511419
15155	488081	12284	5025	10733	0	516123
15156	16949	6566	5253	454017	0	482785
15157	10923	465114	5184	14192	0	495413
15158	502797	11565	4982	11567	0	530911
15159	489349	7167	5226	9053	0	510795
15160	499948	5536	4859	8739	0	519082
15161	498047	4988	4647	8322	0	516004
15162	491574	4727	5037	7434	0	508772
15163	21405	4799	4990	482879	0	514073
15164	14904	4949	5044	483662	0	508559
15165	480591	4806	4303	17860	0	507560
15166	16981	5670	4076	481190	0	507917
15167	12135	6002	3882	484171	0	506190
15168	8680	6254	456063	18900	0	489897
15169	462036	5864	11914	12955	0	492769
15170	476466	5434	7560	11264	0	500724
15171	481844	6975	5227	9314	0	503360
15172	19845	6155	5444	437710	0	469154
15173	11994	461095	5668	14029	0	492786
15174	494789	11793	5587	10591	0	522760
15175	488545	6909	5431	9909	0	510794
15176	22732	5461	4742	515658	0	548593
15177	520955	5306	5422	18775	0	550458
15178	22279	8982	419080	14296	0	464637
15179	13642	515142	12331	10408	0	551523
15180	13104	535198	8153	10883	0	567338
15181	13825	18661	522725	9008	0	564219
15182	7039	470904	15110	7722	0	500775
15183	6385	455299	8634	7511	0	477829
15184	395165	9446	6559	5168	0	416338
15185	7522	393887	3160	3957	0	408526
15186	6352	8963	2652	396165	0	414132
15187	402646	5110	1764	10001	0	419521
15188	9068	4020	387279	5455	0	405822
15189	379411	3195	6240	6281	0	395127
15190	9700	3096	378849	4314	0	395959
15191	6224	2177	372096	3820	0	384317
15192	361074	1971	8765	4441	0	376251
15193	8481	1902	375641	3090	0	389114
15194	5107	363843	7870	2337	0	379157
15195	5586	6537	5368	360369	0	377860
15196	360034	3558	3090	7405	0	374087
15197	7502	352315	2123	4009	0	365949
15198	5725	6343	1796	354171	0	368035
15199	3942	4092	351413	6975	0	366422
15200	4926	2606	5396	350573	0	363501
15201	343649	1897	3541	8708	0	357795
15202	7937	1758	339051	4609	0	353355
15203	6395	1560	6203	336161	0	350319
15204	339975	1863	3852	8110	0	353800
15205	347044	1467	2775	5495	0	356781
15206	11609	1402	1978	342670	0	357659
15207	8003	1587	1609	344417	0	355616
15208	5040	1916	349051	8853	0	364860
15209	4641	1657	336670	5476	0	348444
15210	340179	1359	7793	4954	0	354285
15211	353897	1475	4327	4063	0	363762
15212	9338	349223	3203	2443	0	364207
15213	350325	5341	2528	2563	0	360757
15214	357838	2863	1738	3190	0	365629
15215	10255	2499	372979	1648	0	387381
15216	5839	381755	6631	1917	0	396142
15217	387468	6389	3974	3033	0	400864
15218	388241	3180	2367	2247	0	396035
15219	397644	2146	1504	2096	0	403390
15220	11833	1575	1160	387378	0	401946
15221	7261	1203	924	389878	0	399266
15222	4293	386490	1360	8622	0	400765
15223	3826	6111	1026	398010	0	408973
15224	393679	3133	807	9563	0	407182
15225	8581	2340	693	395966	0	407580
15226	4663	1970	388587	8908	0	404128
15227	3984	1710	377722	4840	0	388256
15228	3785	878	8742	383422	0	396827
15229	2441	1064	392751	8058	0	404314
15230	2225	1416	382006	4774	0	390421
15231	3165	819	10386	378356	0	392726
15232	3246	914	5730	393163	0	403053
15233	2173	867	395301	10110	0	408451
15234	2219	1018	390125	5858	0	399220
15235	1781	395159	10228	4072	0	411240
15236	393643	6821	5712	4202	0	410378
15237	7319	405588	3891	2465	0	419263
15238	402311	8044	2658	3142	0	416155
15239	406680	4227	2103	2945	0	415955
15240	10324	407021	2154	1841	0	421340
15241	410518	8027	1676	2310	0	422531
15242	11037	4255	1363	403796	0	420451
15243	5702	3102	407863	7516	0	424183
15244	5276	2033	7643	400291	0	415243
15245	3732	1635	3871	415718	0	424956
15246	394450	1162	2851	12658	0	411121
15247	396888	1132	2301	7360	0	407681
15248	401200	1010	1972	5305	0	409487
15249	400335	1169	1591	4212	0	407307
15250	386657	1008	1425	3574	0	392664
15251	13646	369994	1780	2195	0	387615
15252	8620	6782	1469	381034	0	397905
15253	5370	3739	384070	8107	0	401286
15254	4977	2543	7894	383395	0	398809
15255	4485	1683	4182	387051	0	397401
15256	3649	1211	3201	408304	0	416365
15257	422508	964	2734	14486	0	440692
15258	11902	1119	2168	424830	0	440019
15259	432690	1076	1717	15355	0	450838
15260	14270	1430	439255	6964	0	461919
15261	9539	973	11165	518715	0	540392
15262	5734	1362	540838	17355	0	565289
15263	537815	998	17592	9226	0	565631
15264	19876	1215	7118	545039	0	573248
15265	8144	1755	552733	18458	0	581090
15266	7844	1209	17451	553750	0	580254
15267	555753	1009	8112	22045	0	586919
15268	18361	1380	556127	10019	0	585887
15269	553513	953	17723	8926	0	581115
15270	578144	822	8192	7221	0	594379
15271	573722	812	5576	6815	0	586925
15272	569263	729	4483	6560	0	581035
15273	26333	542460	4616	4521	0	577930
15274	12145	528654	3780	4636	0	549215
15275	8961	533422	4176	3978	0	550537
15276	8973	22476	4256	469668	0	505373
15277	4933	490959	3374	12760	0	512026
15278	478225	13815	3212	6787	0	502039
15279	14688	465760	3008	4330	0	487786
15280	7267	482433	2867	3278	0	495845
15281	7359	15774	2822	473271	0	499226
15282	7265	6455	2437	488077	0	504234
15283	478163	4109	2553	18544	0	503369
15284	17576	3174	2531	479349	0	502630
15285	8264	3258	466854	16214	0	494590
15286	6573	3569	445717	7970	0	463829
15287	5997	3254	464721	5670	0	479642
15288	8331	2728	16866	452151	0	480076
15289	8434	2256	6717	486207	0	503614
15290	6363	3236	473187	17864	0	500650
15291	6532	3190	465447	8067	0	483236
15292	5578	3888	483784	5448	0	498698
15293	480730	3818	19071	5788	0	509407
15294	17641	3754	8024	487018	0	516437
15295	8878	3811	5176	499679	0	517544
15296	492271	3675	4305	21228	0	521479
15297	17560	3612	3960	487719	0	512851
15298	7701	479703	4508	18686	0	510598
15299	5773	507586	4186	9848	0	527393
15300	6771	17047	3617	504289	0	531724
15301	501052	6888	3350	20639	0	531929
15302	505306	3992	3725	12239	0	525262
15303	514192	2821	4513	9145	0	530671
15304	22465	2493	4817	503481	0	533256
15305	10123	2638	494848	18398	0	526007
15306	8536	2145	16843	496004	0	523528
15307	5971	2335	494654	19766	0	522726
15308	471438	2009	18516	11627	0	503590
15309	18982	2275	9234	482730	0	513221
15310	474860	1817	7103	20930	0	504710
15311	18701	2339	476801	10747	0	508588
15312	449166	2075	17422	9871	0	478534
15313	20862	2138	485993	7312	0	516305
15314	12064	451831	16955	7275	0	488125
15315	9157	463178	7918	6738	0	486991
15316	450213	16287	5835	7636	0	479971
15317	19748	7313	4002	445340	0	476403
15318	10525	4952	448351	16270	0	480098
15319	7746	436930	14437	8777	0	467890
15320	7122	458505	7101	6183	0	478911
15321	8202	17546	4980	450975	0	481703
15322	452025	7407	4304	18039	0	481775
15323	456186	4870	4138	10201	0	475395
15324	19470	451565	4924	7488	0	483447
15325	457463	14938	4496	7970	0	484867
15326	19453	6569	5216	453596	0	484834
15327	10005	5304	450182	17699	0	483190
15328	8059	452656	16254	9582	0	486551
15329	9145	14636	8417	453519	0	485717
15330	8031	6659	6117	464760	0	485567
15331	455548	4438	5739	21341	0	487066
15332	18400	4637	447601	9853	0	480491
15333	444614	4215	15858	8450	0	473137
15334	457987	4090	8282	7703	0	478062
15335	21834	4249	6375	445811	0	478269
15336	12278	4564	5002	459004	0	480848
15337	444148	4989	4685	20871	0	474693
15338	19675	4889	4372	446740	0	475676
15339	9957	4958	439164	19455	0	473534
15340	7356	5020	434630	9829	0	456835
15341	6762	424914	17223	7664	0	456563
15342	6841	458116	7594	7638	0	480189
15343	8508	17642	4782	423869	0	454801
15344	7310	438946	4110	16002	0	466368
15345	440243	16192	4237	11019	0	471691
15346	16612	448814	4182	8306	0	477914
15347	9879	15946	3929	449410	0	479164
15348	7194	7742	4085	462290	0	481311
15349	5749	6072	448716	21038	0	481575
15350	7690	4138	15175	447596	0	474599
15351	7419	3248	7705	458390	0	476762
15352	6690	457209	6401	20743	0	491043
15353	7800	13809	5600	459674	0	486883
15354	7555	6226	5057	474785	0	493623
15355	7282	4505	459241	22505	0	493533
15356	5199	449029	16500	12894	0	483622
15357	6215	31885	6719	392826	0	437645
15358	4673	420613	4616	14578	0	444480
15359	4386	12416	403583	8430	0	428815
15360	3643	391284	12387	6598	0	413912
15361	299603	9962	7227	5757	0	322549
15362	288104	2674	2052	2768	0	295598
15363	287709	1965	1177	2552	0	293403
15364	6376	287476	1122	1580	0	296554
15365	284829	5237	780	2303	0	293149
15366	6276	2499	826	281402	0	291003
15367	275327	1714	750	6332	0	284123
15368	5486	270310	922	2716	0	279434
15369	269273	5138	895	3005	0	278311
15370	274275	2391	750	3161	0	280577
15371	6538	279122	891	1762	0	288313
15372	3419	5731	279195	1494	0	289839
15373	3043	2847	5148	296709	0	307747
15374	1935	2083	316156	6456	0	326630
15375	2732	1540	7039	321651	0	332962
15376	2608	1245	2760	341980	0	348593
15377	1524	1584	345580	10056	0	358744
15378	2556	1442	8040	345460	0	357498
15379	348559	1264	3064	11078	0	363965
15380	8512	1316	349593	4417	0	363838
15381	3319	349740	8705	3000	0	364764
15382	3718	8167	3221	342799	0	357905
15383	3208	3119	1843	357382	0	365552
15384	1893	2235	351293	10919	0	366340
15385	3053	2022	8195	333536	0	346806
15386	1673	347474	3409	9300	0	361856
15387	336854	8162	2246	6042	0	353304
15388	7579	342575	1931	3248	0	355333
15389	323194	7929	1198	3703	0	336024
15390	7400	323787	1560	2218	0	334965
15391	2672	334789	1492	2082	0	341035
15392	2233	9016	320286	1651	0	333186
15393	2935	4427	7846	315463	0	330671
15394	2694	2440	2654	312526	0	320314
15395	2275	1799	1488	324153	0	329715
15396	1236	336981	1587	9885	0	349689
15397	2203	8762	1222	342064	0	354251
15398	341350	3485	1139	11569	0	357543
15399	9890	2392	1341	343945	0	357568
15400	342446	1708	1187	12765	0	358106
15401	10584	1760	340898	5374	0	358616
15402	341046	1506	9184	4702	0	356438
15403	11738	1828	3568	341131	0	358265
15404	5537	1848	2307	358771	0	368463
15405	358600	1694	1899	14237	0	376430
15406	10797	1808	358286	6608	0	377499
15407	4372	356511	10244	4880	0	376007
15408	4191	9798	4140	363615	0	381744
15409	361646	4181	2605	12635	0	381067
15410	369350	3028	1881	6545	0	380804
15411	14433	2476	1410	365722	0	384041
15412	6141	2306	360996	12153	0	381596
15413	346757	2232	10223	6676	0	365888
15414	11737	2483	355119	4265	0	373604
15415	6825	2330	11328	351141	0	371624
15416	3913	2065	355921	12442	0	374341
15417	4221	2200	11257	350707	0	368385
15418	2948	1864	345987	13573	0	364372
15419	2744	344531	11792	7000	0	366067
15420	4617	10208	5091	310932	0	330848
15421	2634	347507	3568	10120	0	363829
15422	347963	10674	2370	6418	0	367425
15423	353867	4454	2527	5084	0	365932
15424	13803	3168	342824	3806	0	363601
15425	7654	2411	10541	340789	0	361395
15426	347451	2091	4698	12505	0	366745
15427	12848	1939	3412	344915	0	363114
15428	7013	1867	2670	348031	0	359581
15429	4701	1947	336149	14910	0	357707
15430	321955	1749	10888	8634	0	343226
15431	12029	1879	339842	5731	0	359481
15432	7087	1760	11861	337114	0	357822
15433	4859	1798	340851	12967	0	360475
15434	334595	1626	12227	8189	0	356637
15435	340688	1438	6252	6633	0	355011
15436	342978	1730	4876	5320	0	354904
15437	16086	1711	4231	334228	0	356256
15438	7562	1886	330215	12557	0	352220
15439	5518	2021	332648	7359	0	347546
15440	5385	2922	13618	311002	0	332927
15441	3984	326320	7437	11860	0	349601
15442	318970	9404	5134	7350	0	340858
15443	12530	4436	3904	320748	0	341618
15444	6740	3208	319303	12557	0	341808
15445	6193	2552	10990	322757	0	342492
15446	4808	2337	328949	13664	0	349758
15447	5619	2517	12559	331542	0	352237
15448	4830	2121	336228	13975	0	357154
15449	4939	1995	333352	8075	0	348361
15450	4050	325203	14432	7073	0	350758
15451	4031	9277	328051	5860	0	347219
15452	4414	4363	327764	5467	0	342008
15453	6032	3705	14431	276479	0	300647
15454	4854	2176	7303	294533	0	308866
15455	4166	307429	5660	12286	0	329541
15456	308092	8430	4929	7715	0	329166
15457	10992	306825	4794	5562	0	328173
15458	6886	9503	4455	308013	0	328857
15459	309688	4152	4333	12061	0	330234
15460	11922	2539	4234	309758	0	328453
15461	310231	2060	4672	13351	0	330314
15462	12341	1733	4489	314976	0	333539
15463	6353	2252	314366	13244	0	336215
15464	5531	2249	10947	316606	0	335333
15465	5212	1854	6063	325245	0	338374
15466	317201	1835	5240	15205	0	339481
15467	316778	1556	4713	9576	0	332623
15468	315005	1624	4816	7125	0	328570
15469	13802	298343	5206	5807	0	323158
15470	6839	305528	4802	5204	0	322373
15471	302514	9379	5036	5843	0	322772
15472	10910	4343	304017	5109	0	324379
15473	5922	2962	290327	4324	0	303535
15474	5802	9412	11929	260482	0	287625
15475	3192	1666	267118	8492	0	280468
15476	2885	1316	252087	4888	0	261176
15477	238121	1764	10146	4485	0	254516
15478	243666	1001	5087	3730	0	253484
15479	8749	241056	3412	2984	0	256201
15480	4931	249612	2876	2785	0	260204
15481	4371	7278	2663	219163	0	233475
15482	2743	246772	2559	6097	0	258171
15483	249929	6618	2561	4407	0	263515
15484	7751	3192	2233	239778	0	252954
15485	4337	248665	2331	6834	0	262167
15486	253564	6016	2392	4468	0	266440
15487	7306	3183	252730	3269	0	266488
15488	4213	2240	249353	2743	0	258549
15489	245530	1469	8791	3266	0	259056
15490	7591	1422	247648	2645	0	259306
15491	243145	936	7229	2813	0	254123
15492	8080	1446	4120	246110	0	259756
15493	4042	1423	248111	6455	0	260031
15494	2895	238729	7219	3905	0	252748
15495	2421	247874	4185	2886	0	257366
15496	222838	5106	2453	2241	0	232638
15497	4442	227899	1868	1601	0	235810
15498	217190	3839	1588	1655	0	224272
15499	216991	1458	1443	1674	0	221566
15500	4694	215636	1521	915	0	222766
15501	2405	3684	1324	214252	0	221665
15502	1335	1500	218883	3605	0	225323
15503	1049	228285	4267	1487	0	235088
15504	1942	7401	1922	227980	0	239245
15505	1509	1944	1199	242691	0	247343
15506	236503	840	652	5738	0	243733
15507	4763	692	508	236214	0	242177
15508	1616	820	234030	5155	0	241621
15509	1060	232577	4366	2229	0	240232
15510	1445	4446	1559	237006	0	244456
15511	236251	1441	1146	5710	0	244548
15512	243992	1004	789	2733	0	248518
15513	6288	837	707	244240	0	252072
15514	251558	695	742	5953	0	258948
15515	6532	824	252126	2182	0	261664
15516	3519	581	5580	251209	0	260889
15517	1876	792	258269	6134	0	267071
15518	2325	620	6195	277561	0	286701
15519	2147	584	2549	279315	0	284595
15520	2110	602	1572	282923	0	287207
15521	1848	528	1162	282211	0	285749
15522	1753	602	998	284015	0	287368
15523	276159	629	777	11902	0	289467
15524	281243	505	687	5861	0	288296
15525	9126	278538	818	3506	0	291988
15526	283800	6829	830	3457	0	294916
15527	9429	2456	714	283206	0	295805
15528	4764	1499	711	289754	0	296728
15529	4048	990	800	288506	0	294344
15530	2490	1036	288315	10982	0	302823
15531	3252	791	7399	271216	0	282658
15532	1747	284886	2754	9436	0	298823
15533	285354	7210	1785	5371	0	299720
15534	286529	2402	1338	4637	0	294906
15535	9858	1717	280756	3145	0	295476
15536	4144	280924	7643	3220	0	295931
15537	3823	7361	2703	282575	0	296462
15538	2500	2953	287362	9049	0	301864
15539	3320	1966	7693	266430	0	279409
15540	2143	281206	3167	9318	0	295834
15541	273421	7715	2155	5642	0	288933
15542	8395	279580	1722	3949	0	293646
15543	3912	8647	279448	3048	0	295055
15544	3136	3671	278075	2917	0	287799
15545	2331	270636	9359	3124	0	285450
15546	1961	275662	3770	3023	0	284416
15547	264332	8967	2689	3749	0	279737
15548	268638	3660	1881	3276	0	277455
15549	10143	2461	1787	266033	0	280424
15550	4157	2268	264652	8978	0	280055
15551	3959	1929	7493	262738	0	276119
15552	3667	1630	2972	269838	0	278107
15553	262864	1570	2107	11729	0	278270
15554	261567	1721	1825	5989	0	271102
15555	10900	1589	1695	272880	0	287064
15556	4633	1821	273883	9977	0	290314
15557	3114	275279	8264	5174	0	291831
15558	276136	8349	3446	4793	0	292724
15559	9141	285332	2484	3621	0	300578
15560	5282	9623	1775	290562	0	307242
15561	4315	4017	1857	304677	0	314866
15562	3714	2825	2145	303471	0	312155
15563	3239	2438	2088	300675	0	308440
15564	289829	2530	1875	14366	0	308600
15565	10707	2170	1458	290597	0	304932
15566	5027	284346	1618	12515	0	303506
15567	4630	8362	1521	292316	0	306829
15568	281707	3558	1768	13552	0	300585
15569	9564	283221	2030	7224	0	302039
15570	5322	9023	1939	286900	0	303184
15571	3646	4247	279173	11768	0	298834
15572	275784	3111	8411	6723	0	294029
15573	11398	2816	3290	280509	0	298013
15574	5237	2476	275355	11477	0	294545
15575	3914	2356	271304	6422	0	283996
15576	4324	3382	11010	271623	0	290339
15577	270111	2232	5455	12073	0	289871
15578	272773	2084	3140	7253	0	285250
15579	11093	278522	2334	6050	0	297999
15580	277913	8254	1904	6419	0	294490
15581	283085	3419	1802	6470	0	294776
15582	281813	2378	1974	5952	0	292117
15583	282740	2231	1871	5636	0	292478
15584	13594	2159	1783	274769	0	292305
15585	7501	2290	1888	280293	0	291972
15586	5730	2281	265942	12769	0	286722
15587	4467	250620	8029	7671	0	270787
15588	3677	264296	3912	6306	0	278191
15589	3544	9359	261543	5459	0	279905
15590	256641	4097	8546	5605	0	274889
15591	10216	2815	3809	263367	0	280207
15592	264875	2358	2804	11132	0	281169
15593	266333	2486	2339	6470	0	277628
15594	12107	2509	257002	4707	0	276325
15595	7365	2211	7938	257768	0	275282
15596	262641	1825	3545	10548	0	278559
15597	11296	2159	2518	260648	0	276621
15598	6016	2453	258906	10913	0	278288
15599	5378	8026	8235	244770	0	266409
15600	4356	259759	4337	9611	0	278063
15601	4066	270693	2868	5347	0	282974
15602	4170	9365	257696	4224	0	275455
15603	3283	249871	7999	3576	0	264729
15604	233942	7851	4385	4621	0	250799
15605	231981	2636	2478	3358	0	240453
15606	8206	1694	1800	228380	0	240080
15607	4644	1476	1695	230760	0	238575
15608	3585	1440	1542	235707	0	242274
15609	228871	1349	1182	8814	0	240216
15610	7356	228633	1216	3980	0	241185
15611	227071	5370	1015	3400	0	236856
15612	225024	2280	1122	2800	0	231226
15613	7953	222749	1226	2437	0	234365
15614	214583	4181	960	2508	0	222232
15615	5830	215110	974	1962	0	223876
15616	216541	4469	1042	2947	0	224999
15617	5623	1950	211886	2401	0	221860
15618	182448	1892	4378	1991	0	190709
15619	3865	190506	1448	1337	0	197156
15620	3102	3122	1627	191276	0	199127
15621	1943	1189	543	198836	0	202511
15622	1913	821	417	200549	0	203700
15623	202923	595	466	5799	0	209783
15624	4471	814	531	206201	0	212017
15625	2337	846	200477	4815	0	208475
15626	194609	839	3311	3057	0	201816
15627	4276	1183	199332	1901	0	206692
15628	2755	1207	3596	199203	0	206761
15629	1951	1202	203705	4298	0	211156
15630	1820	1206	3712	195639	0	202377
15631	1273	201422	1866	4191	0	208752
15632	1671	3313	1282	198520	0	204786
15633	1314	199842	1159	4049	0	206364
15634	1782	3460	916	203597	0	209755
15635	203048	1539	891	4925	0	210403
15636	4403	1135	832	210463	0	216833
15637	210376	709	790	5262	0	217137
15638	4649	958	199826	2357	0	207790
15639	202364	861	3182	2401	0	208808
15640	208216	780	1401	2079	0	212476
15641	209212	868	1165	1597	0	212842
15642	6004	789	768	208606	0	216167
15643	206497	755	830	4458	0	212540
15644	4925	930	198127	2041	0	206023
15645	198015	881	3297	2408	0	204601
15646	4838	892	199875	1679	0	207284
15647	200551	805	3591	1756	0	206703
15648	5155	739	1673	205232	0	212799
15649	2951	955	209873	3750	0	217529
15650	2938	676	3456	208327	0	215397
15651	2652	617	1791	213390	0	218450
15652	2016	610	210125	5042	0	217793
15653	193194	443	3598	3717	0	200952
15654	4271	214086	1885	2392	0	222634
15655	210508	2605	1380	2394	0	216887
15656	3756	208532	1141	1546	0	214975
15657	204978	2674	1037	1978	0	210667
15658	3547	1152	201507	1194	0	207400
15659	182425	1801	3700	1989	0	189915
15660	2755	189298	1352	976	0	194381
15661	1892	1476	1054	186787	0	191209
15662	1176	640	492	190579	0	192887
15663	1171	492	365	191582	0	193610
15664	791	490	193051	2389	0	196721
15665	1194	330	1712	190467	0	193703
15666	767	454	201490	2255	0	204966
15667	204741	278	2092	1821	0	208932
15668	219610	270	961	1650	0	222491
15669	3822	261	664	224688	0	229435
15670	1449	346	227763	3095	0	232653
15671	217009	219	2953	2371	0	222552
15672	3538	371	269975	1053	0	274937
15673	2322	255	4633	266419	0	273629
15674	1883	255	1497	276893	0	280528
15675	1633	222	1041	284407	0	287303
15676	1585	254	837	288712	0	291388
15677	278310	234	746	7754	0	287044
15678	5012	281405	986	2768	0	290171
15679	2048	4582	270655	1729	0	279014
15680	1431	273469	4933	1358	0	281191
15681	276093	5053	1503	1936	0	284585
15682	6065	1536	1075	276197	0	284873
15683	279423	844	963	6395	0	287625
15684	6367	700	868	280266	0	288201
15685	3184	523	791	280475	0	284973
15686	2290	518	804	284522	0	288134
15687	1366	684	277303	7556	0	286909
15688	1196	271623	5100	3686	0	281605
15689	1458	4746	280077	2565	0	288846
15690	2022	1450	5622	281240	0	290334
15691	285664	1042	2011	7186	0	295903
15692	285515	934	1420	3917	0	291786
15693	287476	728	1220	3624	0	293048
15694	6930	286319	1178	2196	0	296623
15695	295418	4995	1006	3038	0	304457
15696	7074	1577	985	295624	0	305260
15697	3471	1179	978	298135	0	303763
15698	2897	864	972	298428	0	303161
15699	1881	297708	1056	7667	0	308312
15700	2639	5060	907	284086	0	292692
15701	1699	293828	1282	6386	0	303195
15702	293772	5636	1091	4271	0	304770
15703	296889	1973	1092	3452	0	303406
15704	7772	1312	937	299544	0	309565
15705	3458	1411	292349	6657	0	303875
15706	290270	1043	5048	4139	0	300500
15707	7211	1073	1677	302404	0	312365
15708	2991	1307	298667	6943	0	309908
15709	286278	1050	5602	4336	0	297266
15710	7039	1034	1773	303633	0	313479
15711	301053	1031	1370	8196	0	311650
15712	6550	297668	1324	3586	0	309128
15713	3615	5621	939	295948	0	306123
15714	2628	305478	1231	6723	0	316060
15715	2978	6331	996	309504	0	319809
15716	2193	310464	1190	6845	0	320692
15717	2809	5808	1036	317694	0	327347
15718	2133	2181	312430	6688	0	323432
15719	252896	1624	5229	5783	0	265532
15720	5876	308594	2089	2920	0	319479
15721	2889	4625	302547	2339	0	312400
15722	294316	1506	4878	3278	0	303978
15723	6367	1518	1554	308166	0	317605
15724	2680	1370	305700	5729	0	315479
15725	2198	306102	4758	3091	0	316149
15726	2357	4563	1698	314029	0	322647
15727	1797	2090	314939	5858	0	324684
15728	2266	1707	4549	313007	0	321529
15729	2018	1360	1608	320463	0	325449
15730	1765	1526	322996	6926	0	333213
15731	2413	1457	4817	323394	0	332081
15732	1746	1668	330912	6824	0	341150
15733	2364	1358	5364	330631	0	339717
15734	2033	1610	344500	7100	0	355243
15735	2692	1265	5482	345045	0	354484
15736	2869	1268	2347	345065	0	351549
15737	2855	1417	1922	343194	0	349388
15738	1911	339971	2186	8032	0	352100
15739	341000	5091	1907	5824	0	353822
15740	343963	1906	1892	4997	0	352758
15741	6941	1490	1761	348709	0	358901
15742	348344	1293	1893	9073	0	360603
15743	6104	1552	347666	4469	0	359791
15744	2557	351026	5346	4277	0	363206
15745	353602	4741	2190	5822	0	366355
15746	5774	357507	2260	3559	0	369100
15747	3286	5404	1854	363402	0	373946
15748	2665	2426	1725	366498	0	373314
15749	353704	1952	1857	8655	0	366168
15750	6713	1751	1360	355926	0	365750
15751	3430	1614	352986	7381	0	365411
15752	2864	349910	5043	4256	0	362073
15753	353449	5183	1799	4860	0	365291
15754	6727	2100	1425	351326	0	361578
15755	2854	355754	1702	7203	0	367513
15756	3154	5533	1544	352577	0	362808
15757	2359	360372	1832	6442	0	371005
15758	359845	6091	1506	5494	0	372936
15759	357765	2413	1602	5301	0	367081
15760	7215	2228	353003	3336	0	365782
15761	3996	2156	347301	3008	0	356461
15762	3667	1507	5671	350723	0	361568
15763	2501	356451	2643	6267	0	367862
15764	3104	5053	1787	363751	0	373695
15765	358997	1813	1673	9134	0	371617
15766	5623	1821	349058	3730	0	360232
15767	3295	1871	4385	334018	0	343569
15768	1863	1181	334963	5173	0	343180
15769	1905	1371	317447	2569	0	323292
15770	1566	335158	4729	2237	0	343690
15771	4717	7903	2732	320726	0	336078
15772	292703	949	1190	4110	0	298952
15773	2062	612	293140	819	0	296633
15774	679	287598	1782	713	0	290772
15775	284706	1187	633	1720	0	288246
15776	1583	503	351	287743	0	290180
15777	293034	324	286	3270	0	296914
15778	291029	284	270	2669	0	294252
15779	289721	214	261	2644	0	292840
15780	1792	534	304973	357	0	307656
15781	286755	237	1444	2090	0	290526
15782	304390	186	524	2119	0	307219
15783	1825	310646	658	465	0	313594
15784	1242	1459	317	316462	0	319480
15785	1118	514	282	313696	0	315610
15786	799	348	275	317874	0	319296
15787	313702	252	251	3698	0	317903
15788	300331	248	328	2737	0	303644
15789	2113	652	308067	595	0	311427
15790	1597	254	1437	306167	0	309455
15791	652	305194	839	1728	0	308413
15792	306404	1393	411	2889	0	311097
15793	1921	947	307964	522	0	311354
15794	1612	399	1572	301596	0	305179
15795	1208	313	635	304201	0	306357
15796	614	303478	684	2149	0	306925
15797	965	1618	361	308234	0	311178
15798	1392	746	415	294450	0	297003
15799	861	459	356	305571	0	307247
15800	302626	296	332	4356	0	307610
15801	2370	296	346	299879	0	302891
15802	1307	314	301	299492	0	301414
15803	300810	271	327	4538	0	305946
15804	2473	333	290	302597	0	305693
15805	1744	330717	523	2555	0	335539
15806	344408	3723	264	3469	0	351864
15807	355845	1483	305	3134	0	360767
15808	367270	774	323	2877	0	371244
15809	407599	447	301	3147	0	411494
15810	9140	438544	624	1201	0	449509
15811	499734	8128	336	3320	0	511518
15812	511692	2584	384	3482	0	518142
15813	16370	1785	251	503422	0	521828
15814	5497	1414	494502	11440	0	512853
15815	6150	720	10510	490390	0	507770
15816	4941	643	2754	497129	0	505467
15817	4450	631	1773	491896	0	498750
15818	4151	716	1552	492159	0	498578
15819	3860	665	1100	498127	0	503752
15820	478662	473	713	19352	0	499200
15821	14307	487	500	483858	0	499152
15822	4466	911	481263	15694	0	502334
15823	5657	744	10864	467971	0	485236
15824	2610	474120	3506	14430	0	494666
15825	5118	11334	1959	475545	0	493956
15826	2312	3332	477145	14625	0	497414
15827	431304	2018	12168	8544	0	454034
15828	459888	1437	3880	6843	0	472048
15829	15024	1426	471612	4094	0	492156
15830	5683	465737	11988	3706	0	487114
15831	472589	11133	3941	5300	0	492963
15832	476741	3317	2504	4933	0	487495
15833	479794	2386	1717	4602	0	488499
15834	470485	1468	1471	3919	0	477343
15835	21227	1464	1322	452880	0	476893
15836	9388	1910	452051	13171	0	476520
15837	9574	1518	11660	454251	0	477003
15838	8314	1550	3782	470223	0	483869
15839	5364	1648	459779	17669	0	484460
15840	4908	2082	457075	8215	0	472280
15841	445441	1450	15375	8508	0	470774
15842	15880	454000	6770	6165	0	482815
15843	10225	12066	4584	455907	0	482782
15844	6537	4216	449373	17050	0	477176
15845	429259	2530	14544	11458	0	457791
15846	16327	2193	445951	8866	0	473337
15847	433118	1748	15090	10635	0	460591
15848	16853	442077	6502	9355	0	474787
15849	10010	12005	4874	447799	0	474688
15850	7180	4487	442325	18527	0	472519
15851	421452	3297	14186	12078	0	451013
15852	17059	428441	7191	8462	0	461153
15853	8216	453650	6428	6962	0	475256
15854	9173	15617	5307	447698	0	477795
15855	8258	7420	4393	468011	0	488082
15856	476266	5785	4267	21725	0	508043
15857	19530	471291	4669	11386	0	506876
15858	13233	15450	4535	484095	0	517313
15859	477270	5845	4477	22094	0	509686
15860	498901	4606	4480	12063	0	520050
15861	513500	3933	3907	10882	0	532222
15862	27516	4266	505006	9055	0	545843
15863	15603	3204	518422	9021	0	546250
15864	540055	2675	20616	10461	0	573807
15865	26126	537091	9674	9493	0	582384
15866	13156	557691	7895	9411	0	588153
15867	12991	22029	6939	520676	0	562635
15868	8688	546839	7099	23539	0	586165
15869	549224	21933	6835	14169	0	592161
15870	26079	9842	6727	545875	0	588523
15871	13198	8259	540631	24593	0	586681
15872	541103	6018	21771	14607	0	583499
15873	561543	5939	10546	11611	0	589639
15874	32898	5695	8245	544783	0	591621
15875	19312	5318	7598	556802	0	589030
15876	16028	5156	8288	561624	0	591096
15877	15670	4687	7247	558374	0	585978
15878	13340	6127	523190	32267	0	574924
15879	12284	519704	20678	18117	0	570783
15880	13134	21407	9796	480270	0	524607
15881	10505	521347	8697	27102	0	567651
15882	12424	23718	7435	480510	0	524087
15883	10229	512481	7292	26948	0	556950
15884	509083	24226	7025	17739	0	558073
15885	515310	11388	7005	15796	0	549499
15886	29898	509443	7304	13189	0	559834
15887	519402	22637	6690	12922	0	561651
15888	32883	11432	6432	512800	0	563547
15889	509806	10056	6330	27412	0	553604
15890	31327	505585	6982	14412	0	558306
15891	513542	23566	7064	12177	0	556349
15892	528785	11584	7740	9996	0	558105
15893	36549	10237	7362	501702	0	555850
15894	19667	9957	498580	24635	0	552839
15895	15786	495777	22564	13756	0	547883
15896	16337	24050	10388	503919	0	554694
15897	507105	13997	8033	27272	0	556407
15898	28167	12330	495512	15419	0	551428
15899	18407	10086	21065	492560	0	542118
15900	16588	9749	9561	512056	0	547954
15901	506517	7686	8214	32302	0	554719
15902	513540	7522	7430	19951	0	548443
15903	509486	7364	7010	17180	0	541040
15904	33842	487481	7384	15225	0	543932
15905	467040	18933	5667	14208	0	505848
15906	27756	8867	433399	13423	0	483445
15907	15296	7580	420730	13509	0	457115
15908	13069	7067	420391	11405	0	451932
15909	14754	26182	23345	345654	0	409935
15910	8576	5318	338579	15320	0	367793
15911	277461	3885	9696	7036	0	298078
15912	12014	3395	4425	281160	0	300994
15913	7249	3365	283718	11103	0	305435
15914	291064	3365	8760	7607	0	310796
15915	13239	3298	4376	293149	0	314062
15916	9150	3445	3418	301544	0	317557
15917	302386	3060	3390	12950	0	321786
15918	12827	3519	3403	309321	0	329070
15919	7787	3714	309312	11924	0	332737
15920	7380	3175	9522	313394	0	333471
15921	6920	3122	316535	11768	0	338345
15922	7000	2819	10375	314377	0	334571
15923	310575	2510	5412	13631	0	332128
15924	12305	298562	4481	8120	0	323468
15925	7938	313195	3805	6729	0	331667
15926	7573	10056	3431	309509	0	330569
15927	6869	5023	3548	310266	0	325706
15928	6137	297760	3625	13696	0	321218
15929	6024	303589	3604	8344	0	321561
15930	6096	9811	3661	300625	0	320193
15931	5850	4668	3899	305183	0	319600
15932	294012	3374	3662	14843	0	315891
15933	10841	286805	3901	8845	0	310392
15934	6721	285128	3721	6958	0	302528
15935	5520	301055	3679	6151	0	316405
15936	289905	10721	3919	6521	0	311066
15937	10775	5258	288121	5763	0	309917
15938	283576	3747	9666	6082	0	303071
15939	11147	3535	4967	285409	0	305058
15940	6451	269266	3978	11395	0	291090
15941	5418	290949	3247	7314	0	306928
15942	289275	9970	3118	6275	0	308638
15943	11240	5313	3368	280267	0	300188
15944	5995	302469	3641	11102	0	323207
15945	308227	9060	3763	8053	0	329103
15946	312728	4792	3138	6930	0	327588
15947	12761	4194	307485	5498	0	329938
15948	306791	4093	8674	5905	0	325463
15949	316628	3790	4527	5734	0	330679
15950	13649	3266	3298	306022	0	326235
15951	7104	296122	3448	11698	0	318372
15952	5767	309560	2842	7190	0	325359
15953	6390	11744	2139	301800	0	322073
15954	294228	5459	2343	11953	0	313983
15955	10382	4506	272629	6555	0	294072
15956	6174	3206	258413	4344	0	272137
15957	6171	2897	251987	4084	0	265139
15958	5819	2827	257456	3520	0	269622
15959	3350	255768	8553	3335	0	271006
15960	3303	255222	4935	3273	0	266733
15961	4761	7882	234053	2632	0	249328
15962	3174	4250	227964	2770	0	238158
15963	1535	208863	5895	1978	0	218271
15964	1660	3004	2295	187204	0	194163
15965	389	1322	199602	2256	0	203569
15966	945	730	2608	191122	0	195405
15967	759	510	1220	203158	0	205647
15968	741	379	768	208570	0	210458
15969	840	364	616	218577	0	220397
15970	385	482	216234	4347	0	221448
15971	913	290	3277	208985	0	213465
15972	213739	333	1449	4403	0	219924
15973	3169	545	210712	1780	0	216206
15974	212088	399	3391	1645	0	217523
15975	4034	371	1498	220199	0	226102
15976	1612	494	222612	3574	0	228292
15977	219183	388	3588	2230	0	225389
15978	4134	333	1560	226053	0	232080
15979	227733	286	1075	4494	0	233588
15980	4318	360	862	224089	0	229629
15981	1772	223966	836	4389	0	230963
15982	1081	3399	231971	2187	0	238638
15983	1420	1427	3664	233820	0	240331
15984	235746	850	1676	5023	0	243295
15985	236574	681	1084	2915	0	241254
15986	237427	594	913	2119	0	241053
15987	236785	634	825	2061	0	240305
15988	234832	690	841	1951	0	238314
15989	4900	233754	972	1368	0	240994
15990	237086	3562	850	1934	0	243432
15991	4657	1792	232183	1127	0	239759
15992	231704	1107	3557	1779	0	238147
15993	4916	1073	1612	222121	0	229722
15994	2273	1047	233453	3598	0	240371
15995	1644	1147	230067	1908	0	234766
15996	1835	843	4780	231254	0	238712
15997	236120	741	2178	4839	0	243878
15998	4360	232282	1585	2197	0	240424
15999	233555	3655	1060	2323	0	240593
16000	4810	235264	1187	1473	0	242734
16001	3344	4048	1002	242006	0	250400
16002	2691	1955	876	245726	0	251248
16003	245043	1339	953	5885	0	253220
16004	5324	1075	949	245673	0	253021
16005	2873	999	243717	4814	0	252403
16006	242067	643	4047	3090	0	249847
16007	5264	727	1949	248993	0	256933
16008	3293	741	1393	248524	0	253951
16009	2149	912	245730	5415	0	254206
16010	226017	837	4205	3806	0	234865
16011	244777	786	2027	2817	0	250407
16012	5822	245565	1508	1684	0	254579
16013	3030	3759	240837	1309	0	248935
16014	2337	1893	235347	1292	0	240869
16015	2640	2513	4836	230614	0	240603
16016	2378	1765	2376	227129	0	233648
16017	1742	232553	1608	4593	0	240496
16018	1493	3235	226628	2023	0	233379
16019	1934	1329	3767	218521	0	225551
16020	1460	904	227087	3865	0	233316
16021	1755	788	3798	216287	0	222628
16022	1180	222685	2047	3946	0	229858
16023	1531	3020	1531	229668	0	235750
16024	1768	1255	1363	229204	0	233590
16025	1711	918	1095	227805	0	231529
16026	225303	826	1099	5646	0	232874
16027	3777	881	223075	2539	0	230272
16028	1938	231120	3741	2116	0	238915
16029	1793	3637	1688	245494	0	252612
16030	250471	1552	1370	5527	0	258920
16031	5011	1033	1143	255599	0	262786
16032	257144	691	1213	6221	0	265269
16033	5435	769	259925	2923	0	269052
16034	257429	602	4832	2781	0	265644
16035	6526	631	2089	268486	0	277732
16036	2974	816	268698	5795	0	278283
16037	2144	266025	5125	3190	0	276484
16038	2590	4484	2221	264848	0	274143
16039	2490	1815	1648	270889	0	276842
16040	265212	1159	1341	7339	0	275051
16041	5458	260386	1505	3316	0	270665
16042	2653	254872	1502	2401	0	261428
16043	1920	265810	1414	2141	0	271285
16044	247948	5349	1288	2662	0	257247
16045	5046	249043	1198	1873	0	257160
16046	3336	4741	1120	246207	0	255404
16047	2634	1862	1121	248758	0	254375
16048	245679	1201	933	6395	0	254208
16049	4609	242669	1095	3671	0	252044
16050	2728	4248	982	248204	0	256162
16051	250992	1942	867	6055	0	259856
16052	250783	1186	793	3694	0	256456
16053	250639	883	823	3163	0	255508
16054	6113	248186	1034	1840	0	257173
16055	246747	4101	805	2005	0	253658
16056	5315	2186	764	242793	0	251058
16057	2411	236701	886	4468	0	244466
16058	1801	244603	767	2231	0	249402
16059	2707	4802	826	242385	0	250720
16060	239423	1801	769	5445	0	247438
16061	242503	1225	635	3106	0	247469
16062	5539	1173	651	235765	0	243128
16063	2182	233633	834	4389	0	241038
16064	235118	3749	692	2960	0	242519
16065	4549	1823	226421	1658	0	234451
16066	2363	1487	219262	1465	0	224577
16067	214828	1114	3886	2090	0	221918
16068	4119	1263	217299	1273	0	223954
16069	2052	769	2979	203324	0	209124
16070	206938	557	1216	3702	0	212413
16071	3621	705	624	210968	0	215918
16072	1440	834	210192	3355	0	215821
16073	1160	209801	2854	1662	0	215477
16074	1519	2905	986	214023	0	219433
16075	1037	1193	212389	3162	0	217781
16076	199738	941	2902	2033	0	205614
16077	3404	790	893	210594	0	215681
16078	1442	708	210890	3134	0	216174
16079	1260	603	2904	206134	0	210901
16080	889	206526	1150	3239	0	211804
16081	1211	2858	644	215381	0	220094
16082	1207	1023	585	211776	0	214591
16083	1314	719	409	207456	0	209898
16084	900	206664	533	4024	0	212121
16085	210926	2758	523	2585	0	216792
16086	3308	1151	564	213598	0	218621
16087	1694	904	540	214235	0	217373
16088	1360	627	570	217386	0	219943
16089	1027	724	214077	4352	0	220180
16090	1391	537	2890	214085	0	218903
16091	216147	576	1064	5016	0	222803
16092	3332	218112	926	2077	0	224447
16093	1821	3281	554	223799	0	229455
16094	1425	1431	462	225835	0	229153
16095	221895	978	480	5533	0	228886
16096	3609	223479	638	2470	0	230196
16097	226072	3577	444	2578	0	232671
16098	231174	1436	470	2057	0	235137
16099	5460	1012	462	228757	0	235691
16100	228747	770	396	5344	0	235257
16101	4611	220689	542	2257	0	228099
16102	222650	3853	471	2299	0	229273
16103	5102	1518	502	225613	0	232735
16104	241342	1055	354	5452	0	248203
16105	249039	927	342	2888	0	253196
16106	6978	1224	238741	1714	0	248657
16107	247685	893	4317	2347	0	255242
16108	257826	746	1023	2294	0	261889
16109	272707	787	683	2584	0	276761
16110	9510	968	279612	1343	0	291433
16111	3679	283631	7688	1408	0	296406
16112	3822	8022	2214	284545	0	298603
16113	284667	2580	1562	9316	0	298125
16114	9041	280832	1045	3200	0	294118
16115	283053	8451	674	2880	0	295058
16116	11323	2660	580	284429	0	298992
16117	4198	2065	282187	8889	0	297339
16118	289570	1200	7940	3706	0	302416
16119	11307	1021	2458	297082	0	311868
16120	4494	907	296711	9137	0	311249
16121	296176	792	8940	4209	0	310117
16122	11269	962	305795	2418	0	320444
16123	6207	1024	10047	310876	0	328154
16124	4626	984	3639	333523	0	342772
16125	327880	886	2338	14215	0	345319
16126	330794	822	1438	6901	0	339955
16127	14196	326214	1572	3972	0	345954
16128	328345	9927	1373	3557	0	343202
16129	13601	3338	310292	2008	0	329239
16130	5867	2385	310665	1705	0	320622
16131	301493	1932	12052	2577	0	318054
16132	11863	306412	5048	1691	0	325014
16133	298610	8962	3260	2423	0	313255
16134	11559	298544	2437	1396	0	313936
16135	298469	10016	1876	1974	0	312335
16136	13251	3522	1594	290869	0	309236
16137	5688	2581	294084	9502	0	311855
16138	6049	1528	9141	293798	0	310516
16139	4960	1277	3494	307185	0	316916
16140	301665	1158	2550	13223	0	318596
16141	11481	1490	296418	5390	0	314779
16142	291526	1088	9896	4775	0	307285
16143	12298	293848	4115	2883	0	313144
16144	299955	9270	3022	2936	0	315183
16145	14061	3580	2176	293327	0	313144
16146	6305	3152	292960	9965	0	312382
16147	6207	2163	9800	293959	0	312129
16148	297470	1801	3927	12327	0	315525
16149	12955	1716	3081	298450	0	316202
16150	7034	1411	2521	296971	0	307937
16151	4863	283776	2612	13163	0	304414
16152	5217	8993	2190	293923	0	310323
16153	4060	3428	289039	13116	0	309643
16154	4780	2312	10224	290035	0	307351
16155	4815	1807	4192	300151	0	310965
16156	290802	1668	3307	14945	0	310722
16157	12960	1635	2536	292560	0	309691
16158	6221	1880	285746	13672	0	307519
16159	5440	285481	10393	6871	0	308185
16160	5547	9551	4554	288484	0	308136
16161	5351	3866	3527	296063	0	308807
16162	289970	3052	2811	14700	0	310533
16163	12545	282243	2784	7264	0	304836
16164	6817	10206	2431	290953	0	310407
16165	280594	4165	2428	13760	0	300947
16166	292954	3289	2431	7277	0	305951
16167	15411	2436	2358	290136	0	310341
16168	7771	2400	287691	13725	0	311587
16169	289324	1962	10418	8083	0	309787
16170	14351	2407	4648	301774	0	323180
16171	301466	1794	3778	15381	0	322419
16172	306596	1866	3150	8475	0	320087
16173	16066	291932	2967	6433	0	317398
16174	293997	10321	2451	6411	0	313180
16175	15317	292849	2875	5040	0	316081
16176	8941	11425	2687	294230	0	317283
16177	7650	5024	2699	293299	0	308672
16178	5873	292222	2881	14375	0	315351
16179	297364	10865	2378	9065	0	319672
16180	298069	4998	2475	7562	0	313104
16181	15863	3866	282039	5962	0	307730
16182	8818	3184	283081	5633	0	300716
16183	7661	2764	12445	286917	0	309787
16184	289753	2213	5612	14750	0	312328
16185	14343	2127	4201	289131	0	309802
16186	8463	2067	3316	297984	0	311830
16187	6563	2313	289274	16528	0	314678
16188	6019	2552	287870	9074	0	305515
16189	5515	2374	294542	7431	0	309862
16190	280245	2561	14533	7056	0	304395
16191	290182	2431	6799	6317	0	305729
16192	15143	275293	4868	5218	0	300522
16193	8271	285846	3687	5093	0	302897
16194	7618	12013	3099	283567	0	306297
16195	5811	5633	281599	12779	0	305822
16196	274107	3832	10624	8060	0	296623
16197	13027	3269	289319	6191	0	311806
16198	7575	2662	11246	286454	0	307937
16199	6410	2034	5265	296977	0	310686
16200	5686	1965	4087	299731	0	311469
16201	5612	1776	3508	304002	0	314898
16202	294071	1855	3270	17460	0	316656
16203	13894	2150	2713	296131	0	314888
16204	6356	1668	279933	13777	0	301734
16205	259342	1438	8949	8855	0	278584
16206	11211	1700	272547	6011	0	291469
16207	5886	1861	267491	4774	0	280012
16208	4967	264254	11504	4503	0	285228
16209	6602	6588	5566	236134	0	254890
16210	233758	2279	3415	7441	0	246893
16211	6688	1624	1796	234500	0	244608
16212	3303	1388	233553	7057	0	245301
16213	3100	928	5379	236028	0	245435
16214	233063	723	2717	8163	0	244666
16215	5963	234241	1927	4588	0	246719
16216	230551	4594	1698	4191	0	241034
16217	6372	229307	1423	2920	0	240022
16218	226832	4887	1585	3529	0	236833
16219	5803	224452	1394	1974	0	233623
16220	3057	225982	1198	1755	0	231992
16221	2489	5455	217840	1239	0	227023
16222	2135	214457	4472	1440	0	222504
16223	194797	3054	1949	1447	0	201247
16224	3013	1327	615	191661	0	196616
16225	191825	612	456	3188	0	196081
16226	2756	195637	474	1284	0	200151
16227	192207	2559	326	1583	0	196675
16228	3226	1224	194055	558	0	199063
16229	1780	772	2663	191433	0	196648
16230	1000	196907	1211	2628	0	201746
16231	1151	2870	725	202660	0	207406
16232	1146	1165	469	204274	0	207054
16233	226589	801	438	4897	0	232725
16234	4712	230414	564	1857	0	237547
16235	234038	4780	493	1952	0	241263
16236	5984	2208	236440	810	0	245442
16237	2745	1406	228329	765	0	233245
16238	1664	233174	6630	827	0	242295
16239	1805	5199	2884	233578	0	243466
16240	1136	2233	237713	5037	0	246119
16241	2024	1358	5714	225124	0	234220
16242	1551	931	2392	243370	0	248244
16243	820	987	237004	7420	0	246231
16244	971	893	232969	3396	0	238229
16245	877	809	242882	2125	0	246693
16246	1085	785	244410	1495	0	247775
16247	959	248819	8147	1549	0	259474
16248	1794	5496	3802	248030	0	259122
16249	1563	2404	2358	257221	0	263546
16250	843	1643	253632	7543	0	263661
16251	1510	1194	6278	249763	0	258745
16252	808	1249	264914	7324	0	274295
16253	1505	726	6962	261150	0	270343
16254	1471	722	3372	262216	0	267781
16255	678	263458	2434	8247	0	274817
16256	1490	5752	1661	267496	0	276399
16257	1823	2523	1750	266672	0	272768
16258	1521	1702	1526	270171	0	274920
16259	930	1493	262350	9061	0	273834
16260	753	261368	6160	4808	0	273089
16261	259629	5974	2830	4120	0	272553
16262	262830	2631	1930	3442	0	270833
16263	7914	1800	1584	259677	0	270975
16264	4209	1564	1570	256663	0	264006
16265	2244	263019	1466	8040	0	274769
16266	261967	5970	1309	5379	0	274625
16267	6061	267362	1350	3231	0	278004
16268	260265	6473	1194	3226	0	271158
16269	6524	3197	256489	1987	0	268197
16270	243000	1983	5876	2954	0	253813
16271	6385	254642	2866	1986	0	265879
16272	3627	5609	2069	256202	0	267507
16273	2747	2660	1707	256369	0	263483
16274	1628	255945	1531	7355	0	266459
16275	257868	5837	1222	4761	0	269688
16276	6622	2847	1230	263016	0	273715
16277	3251	2033	1268	270905	0	277457
16278	268078	1676	1231	9609	0	280594
16279	273708	1555	1228	5289	0	281780
16280	8715	1607	270314	2888	0	283524
16281	274723	1290	6373	3282	0	285668
16282	8594	1090	3196	279097	0	291977
16283	3918	1310	279488	7416	0	292132
16284	3459	1260	6943	275888	0	287550
16285	1851	1487	276456	8541	0	288335
16286	1695	1302	277896	4592	0	285485
16287	2038	1397	8838	276194	0	288467
16288	1452	1490	280825	8100	0	291867
16289	1384	280868	8172	4767	0	295191
16290	2002	6173	3905	282608	0	294688
16291	2084	2721	2808	294388	0	302001
16292	1691	2153	290441	9546	0	303831
16293	1674	288654	7571	5351	0	303250
16294	288835	6826	3732	4708	0	304101
16295	7810	3083	2552	296211	0	309656
16296	295087	2232	2233	9802	0	309354
16297	7920	290219	2424	4913	0	305476
16298	3875	7678	294428	3657	0	309638
16299	3421	3683	8192	291612	0	306908
16300	291283	2533	4229	9815	0	307860
16301	7710	2051	292162	4898	0	306821
16302	276603	1750	8312	4981	0	291646
16303	8502	282697	4531	3396	0	299126
16304	3568	286903	3017	3193	0	296681
16305	284108	7792	2997	3474	0	298371
16306	7784	3853	2776	281762	0	296175
16307	4403	2717	2195	280201	0	289516
16308	2672	283271	2065	9253	0	297261
16309	2706	6737	1831	289867	0	301141
16310	2402	3277	1997	292891	0	300567
16311	285130	2393	1656	11372	0	300551
16312	7334	1520	2030	286417	0	297301
16313	3557	1585	282723	9342	0	297207
16314	3355	1211	7102	282694	0	294362
16315	2632	1344	3756	291761	0	299493
16316	2007	1791	287550	10312	0	301660
16317	2147	1867	6727	288918	0	299659
16318	280891	1402	3324	11154	0	296771
16319	275421	1205	2467	7057	0	286150
16320	280734	1206	2000	5844	0	289784
16321	9822	1347	1689	280075	0	292933
16322	4856	1736	277988	8629	0	293209
16323	3492	278731	6365	5613	0	294201
16324	3524	6157	2869	284981	0	297531
16325	2864	3125	285331	8097	0	299417
16326	3252	2056	6388	279621	0	291317
16327	2568	1714	3365	287140	0	294787
16328	276179	1346	2395	10785	0	290705
16329	6449	282521	2214	5576	0	296760
16330	4018	5969	275455	3738	0	289180
16331	256360	2732	6107	4600	0	269799
16332	7238	269724	3352	3034	0	283348
16333	2391	250690	1569	2014	0	256664
16334	253153	4372	2935	2693	0	263153
16335	4900	2113	1188	255207	0	263408
16336	2162	1660	274280	4370	0	282472
16337	2268	1333	4059	268405	0	276065
16338	1264	274343	1974	4978	0	282559
16339	278095	4009	1456	3632	0	287192
16340	4866	1864	908	280075	0	287713
16341	283562	1213	931	6150	0	291856
16342	5350	1060	886	279419	0	286715
16343	2284	288116	1103	5020	0	296523
16344	293330	4202	885	3961	0	302378
16345	293671	1810	888	3275	0	299644
16346	6117	294332	975	1933	0	303357
16347	289920	4733	705	2693	0	298051
16348	6341	2191	731	283249	0	292512
16349	2497	285385	974	5097	0	293953
16350	286715	4634	863	3528	0	295740
16351	5364	290163	876	1990	0	298393
16352	285559	5080	667	2604	0	293910
16353	6175	2155	630	285463	0	294423
16354	288797	1449	640	6201	0	297087
16355	289360	1251	586	3704	0	294901
16356	290924	1349	611	2897	0	295781
16357	7326	1232	443	288447	0	297448
16358	4107	1200	459	292706	0	298472
16359	289474	1075	487	7114	0	298150
16360	5855	1381	290714	2943	0	300893
16361	3718	1097	4146	289538	0	298499
16362	2421	296304	1668	5540	0	305933
16363	2741	4970	909	301793	0	310413
16364	2990	2087	646	304084	0	309807
16365	2134	1885	298194	6696	0	308909
16366	2961	1414	4494	307300	0	316169
16367	1937	322076	1958	7076	0	333047
16368	2915	6695	1025	333964	0	344599
16369	2250	3520	358766	8093	0	372629
16370	3618	1989	7841	358537	0	371985
16371	3148	1426	3352	374319	0	382245
16372	365190	1175	1821	14451	0	382637
16373	366458	1132	1334	7959	0	376883
16374	13306	1452	1153	360847	0	376758
16375	6263	352350	1279	10717	0	370609
16376	3663	363156	1054	5926	0	373799
16377	3089	10953	355175	3848	0	373065
16378	4029	6632	8090	351580	0	370331
16379	351858	2934	4239	11125	0	370156
16380	9731	2529	1939	354241	0	368440
16381	4567	2116	354262	10298	0	371243
16382	4164	1379	8102	352686	0	366331
16383	3677	1216	4184	358424	0	367501
16384	3408	1128	2083	366892	0	373511
16385	2280	1448	356309	13621	0	373658
16386	2289	355523	8028	7344	0	373184
16387	352210	7812	3771	6327	0	370120
16388	353407	3913	2145	4963	0	364428
16389	12382	2734	1502	345562	0	362180
16390	5833	2453	345108	9407	0	362801
16391	3508	345141	8398	5630	0	362677
16392	4064	9202	3823	333096	0	350185
16393	2617	342903	2468	8748	0	356736
16394	1945	354254	1821	5245	0	363265
16395	340799	10372	2079	4923	0	358173
16396	8569	5340	343608	3124	0	360641
16397	4699	3204	339757	2762	0	350422
16398	4443	2616	9887	335796	0	352742
16399	3503	1912	4914	349439	0	359768
16400	2368	2143	350098	10590	0	365199
16401	3849	1563	7899	340258	0	353569
16402	2428	1665	347328	10272	0	361693
16403	322604	1348	8626	7253	0	339831
16404	8974	1387	4657	343795	0	358813
16405	4663	2051	355446	9352	0	371512
16406	4181	1718	8045	338535	0	352479
16407	2486	365195	4474	9256	0	381411
16408	362601	7725	2594	7612	0	380532
16409	8340	366275	2390	4090	0	381095
16410	367495	8406	2174	5119	0	383194
16411	9341	4867	360687	3272	0	378167
16412	360871	2806	7688	4565	0	375930
16413	10109	2272	4098	370184	0	386663
16414	5556	2173	370970	9260	0	387959
16415	4316	1717	8443	367806	0	382282
16416	3025	1979	363341	10486	0	378831
16417	336757	1521	8910	7943	0	355131
16418	8702	363921	5068	5001	0	382692
16419	5746	7714	3365	350996	0	367821
16420	3303	369952	2971	8610	0	384836
16421	365827	9152	2278	6959	0	384216
16422	365876	4797	2198	5740	0	378611
16423	10935	367467	2251	4173	0	384826
16424	6639	8748	2043	367754	0	385184
16425	4796	4594	2147	370644	0	382181
16426	4231	2995	1986	371211	0	380423
16427	362623	2206	2102	15207	0	382138
16428	8110	361000	2614	8631	0	380355
16429	5229	8017	2291	360829	0	376366
16430	3479	4544	2620	365509	0	376152
16431	354530	2851	2272	14455	0	374108
16432	8851	2893	347406	7936	0	367086
16433	5493	2350	341179	6265	0	355287
16434	326969	1814	10264	6319	0	345366
16435	9268	1670	338298	4012	0	353248
16436	5252	1950	312635	3113	0	322950
16437	4217	2420	10612	304598	0	321847
16438	312946	1360	6258	9405	0	329969
16439	8005	1606	3526	313748	0	326885
16440	4791	1556	311047	8957	0	326351
16441	291466	1480	7797	6672	0	307415
16442	8348	1863	304723	3823	0	318757
16443	4584	305105	8165	3299	0	321153
16444	4320	7122	5495	309915	0	326852
16445	310252	3369	3394	8609	0	325624
16446	6863	2001	2666	311428	0	322958
16447	4365	1404	2504	314393	0	322666
16448	316432	1081	1861	11188	0	330562
16449	7299	993	1828	320510	0	330630
16450	4719	960	1948	325740	0	333367
16451	2825	1214	318942	10319	0	333300
16452	2828	1071	5893	318105	0	327897
16453	319695	943	3653	10311	0	334602
16454	317987	1058	2375	7102	0	328522
16455	320708	1181	2087	4655	0	328631
16456	10093	1401	1725	313444	0	326663
16457	5568	311460	1634	6814	0	325476
16458	314492	5556	1403	5880	0	327331
16459	7143	317978	1725	3015	0	329861
16460	313882	6163	1433	3873	0	325351
16461	7807	3554	1386	314160	0	326907
16462	310795	1907	1349	7886	0	321937
16463	308113	1339	1303	5991	0	316746
16464	307920	989	1672	4625	0	315206
16465	9234	301046	1815	2538	0	314633
16466	4368	292354	1406	2082	0	300210
16467	276339	3872	1014	2906	0	284131
16468	4250	277929	853	1276	0	284308
16469	1122	247793	508	556	0	249979
16470	806	245745	804	400	0	247755
16471	243481	1401	1378	1711	0	247971
16472	1601	519	157	242199	0	244476
16473	926	290	76	243539	0	244831
16474	243499	150	199	3210	0	247058
16475	1403	513	250013	534	0	252463
16476	1369	152	1158	274311	0	276990
16477	1111	191	391	278001	0	279694
16478	1130	174	282	305869	0	307455
16479	1318	220	156	317411	0	319105
16480	323	319245	533	7162	0	327263
16481	233	393108	541	2851	0	396733
16482	398327	9733	163	3346	0	411569
16483	10907	3614	124	399297	0	413942
16484	5324	1971	126	409475	0	416896
16485	2233	1572	399947	12665	0	416417
16486	3509	672	9275	401503	0	414959
16487	1021	1054	406992	12871	0	421938
16488	3026	707	11201	407599	0	422533
16489	1020	966	425783	13123	0	440892
16490	471	421349	13007	6183	0	441010
16491	2707	10521	4566	426512	0	444306
16492	424146	3489	3020	15027	0	445682
16493	428896	2354	1965	6927	0	440142
16494	16653	1848	1375	423272	0	443148
16495	5888	1712	424291	13684	0	445575
16496	4195	1422	423106	5458	0	434181
16497	400282	1047	14614	6388	0	422331
16498	11805	416393	6314	4058	0	438570
16499	424029	11470	4281	4448	0	444228
16500	426674	4002	2691	4752	0	438119
16501	16461	3074	417424	2949	0	439908
16502	9538	2004	12865	409233	0	433640
16503	7258	1489	5436	423095	0	437278
16504	6025	1855	3666	437519	0	449065
16505	5329	1535	2711	423374	0	432949
16506	5987	1072	2329	420222	0	429610
16507	3027	1459	396447	21099	0	422032
16508	2319	1411	399545	10801	0	414076
16509	5009	1091	16455	398288	0	420843
16510	5168	1267	7465	409721	0	423621
16511	5339	1273	4905	417940	0	429457
16512	402727	1716	3767	22343	0	430553
16513	16851	1608	3008	406060	0	427527
16514	406633	1257	2833	20410	0	431133
16515	18863	1244	3061	418044	0	441212
16516	420938	1013	2445	22065	0	446461
16517	432524	946	2622	12819	0	448911
16518	428446	891	2987	10163	0	442487
16519	429382	904	2883	9051	0	442220
16520	430712	1000	2903	7828	0	442443
16521	24149	1368	2941	416795	0	445253
16522	416529	1232	2831	19426	0	440018
16523	19418	409420	2772	9842	0	441452
16524	419370	12581	2517	8963	0	443431
16525	20773	4336	2501	422260	0	449870
16526	10099	3169	416407	19003	0	448678
16527	8992	2186	14554	424453	0	450185
16528	6870	2063	422400	21027	0	452360
16529	7917	1560	16400	423043	0	448920
16530	7888	1648	7012	438516	0	455064
16531	6505	1559	424392	23113	0	455569
16532	6104	1465	427186	12835	0	447590
16533	7079	1270	19094	429827	0	457270
16534	426069	1061	8663	22704	0	458497
16535	18186	1426	424619	12019	0	456250
16536	9214	424532	16881	10220	0	460847
16537	7616	13504	439850	8706	0	469676
16538	435476	4621	18318	8703	0	467118
16539	19744	3284	8567	443139	0	474734
16540	444645	2389	6498	20883	0	474415
16541	453982	1635	5056	12149	0	472822
16542	24049	1616	5004	445941	0	476610
16543	12020	2039	433159	21417	0	468635
16544	10617	1402	16510	433412	0	461941
16545	8957	1333	8092	443894	0	462276
16546	423525	1431	6293	26664	0	457913
16547	19135	427526	5723	14285	0	466669
16548	11637	13502	4788	437474	0	467401
16549	8347	5225	426530	21863	0	461965
16550	411597	3869	17061	13081	0	445608
16551	19351	420373	8729	10551	0	459004
16552	11989	13894	6218	429521	0	461622
16553	9895	5518	5168	437782	0	458363
16554	8958	3861	5100	445948	0	463867
16555	426320	2719	4860	27568	0	461467
16556	438688	1983	4765	16459	0	461895
16557	24789	1860	4619	436325	0	467593
16558	12561	2301	426570	23557	0	464989
16559	9397	424805	16927	13895	0	465024
16560	429369	14281	7872	12247	0	463769
16561	445052	5592	6096	11000	0	467740
16562	25094	3578	5115	433189	0	466976
16563	14542	2781	4869	449263	0	471455
16564	10476	2729	438527	25306	0	477038
16565	8255	439478	17408	14366	0	479507
16566	451440	15232	7968	12624	0	487264
16567	451765	5801	5804	11483	0	474853
16568	22922	446089	5211	9596	0	483818
16569	452023	16013	3875	9502	0	481413
16570	24934	6105	3860	446222	0	481121
16571	12158	4594	438726	22036	0	477514
16572	11689	3388	16741	446742	0	478560
16573	8986	3031	439444	23510	0	474971
16574	428338	2518	18310	14330	0	463496
16575	20010	428944	8824	11243	0	469021
16576	11159	15193	4983	404364	0	435699
16577	7840	5088	401745	18787	0	433460
16578	6872	3695	382427	9048	0	402042
16579	353034	4069	15177	9051	0	381331
16580	13839	355694	7385	6802	0	383720
16581	289037	7003	6742	4291	0	307073
16582	283060	2485	3174	4017	0	292736
16583	284107	1665	2093	3482	0	291347
16584	10378	1963	2137	276792	0	291270
16585	4902	1432	276824	7672	0	290830
16586	3788	275776	6408	3871	0	289843
16587	4553	7067	3550	275756	0	290926
16588	3258	2514	278011	7096	0	290879
16589	2398	1871	257349	2927	0	264545
16590	2704	1567	5833	255306	0	265410
16591	1938	1044	254106	5767	0	262855
16592	238371	928	5549	3567	0	248415
16593	5833	958	2480	253038	0	262309
16594	3253	930	2017	259378	0	265578
16595	256222	897	1715	7257	0	266091
16596	5335	252722	1862	3219	0	263138
16597	264038	4274	1651	3615	0	273578
16598	6387	1789	1700	261620	0	271496
16599	3695	1436	1495	264253	0	270879
16600	3272	1099	1488	265685	0	271544
16601	2961	1045	1479	259741	0	265226
16602	255048	919	1503	7743	0	265213
16603	5952	1188	252982	3594	0	263716
16604	2917	250930	4771	2881	0	261499
16605	2704	4134	2244	254780	0	263862
16606	245696	1732	1846	6592	0	255866
16607	252498	1249	1469	4209	0	259425
16608	5702	252386	1778	2815	0	262681
16609	247020	3794	1385	3231	0	255430
16610	4925	247399	1568	2191	0	256083
16611	2614	257758	1432	2100	0	263904
16612	2895	4787	1422	257911	0	267015
16613	2087	2103	258513	5127	0	267830
16614	2609	2308	3873	251305	0	260095
16615	246693	1241	1895	6132	0	255961
16616	4579	242023	1354	2560	0	250516
16617	2800	3828	977	243595	0	251200
16618	2062	1862	255766	4794	0	264484
16619	253460	1278	3929	4025	0	262692
16620	264992	1011	1710	3569	0	271282
16621	267610	988	1385	3104	0	273087
16622	5773	1172	259354	1710	0	268009
16623	250524	1019	3871	2407	0	257821
16624	4870	259084	1857	1543	0	267354
16625	2852	3886	1251	248619	0	256608
16626	2099	258523	1193	3450	0	265265
16627	258873	3747	1065	2941	0	266626
16628	250421	1654	985	2925	0	255985
16629	4885	1588	260572	1373	0	268418
16630	2340	259684	3390	1491	0	266905
16631	2226	3592	1809	260293	0	267920
16632	2002	1456	1325	262245	0	267028
16633	1987	1115	1178	259117	0	263397
16634	2403	930	1117	259243	0	263693
16635	2279	936	990	265418	0	269623
16636	1710	1114	253801	5620	0	262245
16637	1548	251387	4353	2775	0	260063
16638	248359	4254	1694	2907	0	257214
16639	5428	1848	256154	1551	0	264981
16640	2564	261074	4544	1515	0	269697
16641	261918	4423	1790	2402	0	270533
16642	5624	1896	271176	1399	0	280095
16643	261287	1394	4857	2294	0	269832
16644	264858	1249	1828	2603	0	270538
16645	267223	1153	1323	2445	0	272144
16646	6243	267608	1311	1757	0	276919
16647	2870	4955	261605	1529	0	270959
16648	1936	267083	4979	1557	0	275555
16649	3347	5565	1996	235905	0	246813
16650	1538	267367	1536	4187	0	274628
16651	264363	4884	1160	2898	0	273305
16652	271936	1741	989	2684	0	277350
16653	268573	1322	939	2773	0	273607
16654	7047	1408	271001	1469	0	280925
16655	3218	281970	5305	1542	0	292035
16656	3182	5477	2066	306109	0	316834
16657	329516	2135	1397	7414	0	340462
16658	8611	328059	1307	2883	0	340860
16659	5277	8027	911	327448	0	341663
16660	2909	3512	336184	7788	0	350393
16661	331722	2229	8290	4229	0	346470
16662	10033	1821	355041	2234	0	369129
16663	4643	1576	365932	1599	0	373750
16664	341004	1271	11874	2633	0	356782
16665	10972	1439	353085	1034	0	366530
16666	333002	1004	10661	1989	0	346656
16667	10676	337386	4840	1011	0	353913
16668	350814	8543	3234	2324	0	364915
16669	12407	3553	2307	349669	0	367936
16670	7295	2223	2061	353088	0	364667
16671	5457	1352	2044	361817	0	370670
16672	356440	1236	2002	13948	0	373626
16673	354493	1051	1839	7173	0	364556
16674	359024	1082	1831	4686	0	366623
16675	14560	348482	1887	2219	0	367148
16676	8904	8736	1613	352266	0	371519
16677	5010	3857	351769	9822	0	370458
16678	5361	2361	9231	338854	0	355807
16679	3237	339420	4563	11311	0	358531
16680	5042	9012	2616	342941	0	359611
16681	4915	4249	1635	350792	0	361591
16682	346484	2817	1421	14201	0	364923
16683	12451	2104	1332	348787	0	364674
16684	5600	2174	343764	13159	0	364697
16685	4467	1984	338927	6857	0	352235
16686	5428	1484	12329	343549	0	362790
16687	342361	1678	5968	12793	0	362800
16688	12791	1940	3645	341060	0	359436
16689	7477	1859	2749	354096	0	366181
16690	4749	1646	347477	14810	0	368682
16691	3661	343899	10941	8041	0	366542
16692	4658	8868	5534	352969	0	372029
16693	344567	4173	4358	13329	0	366427
16694	10989	345223	3430	7061	0	366703
16695	7652	9578	2501	350417	0	370148
16696	5390	4562	347550	12599	0	370101
16697	5284	3102	10358	342081	0	360825
16698	336536	2186	5758	15110	0	359590
16699	10851	334015	4609	7663	0	357138
16700	6296	10022	341753	6165	0	364236
16701	6523	4778	9869	339996	0	361166
16702	4456	3694	347818	13063	0	369031
16703	336822	2807	11618	8854	0	360101
16704	346905	2401	6179	7307	0	362792
16705	14442	2916	346651	5029	0	369038
16706	9366	2449	11039	343460	0	366314
16707	6409	2810	351138	12111	0	372468
16708	4755	346976	12719	7160	0	371610
16709	5149	10126	7227	353191	0	375693
16710	4110	4822	355025	13152	0	377109
16711	5450	3905	12245	335185	0	356785
16712	4642	343983	7038	12570	0	368233
16713	5377	10022	5276	350173	0	370848
16714	3784	4932	345678	13865	0	368259
16715	330097	3527	12031	9378	0	355033
16716	11304	344508	7173	6780	0	369765
16717	353103	10155	5139	6716	0	375113
16718	13457	5205	339243	5466	0	363371
16719	331995	3637	11727	6224	0	353583
16720	13475	3348	336451	5498	0	358772
16721	332442	3135	13017	6071	0	354665
16722	348604	2928	6985	5824	0	364341
16723	15885	2734	5528	341165	0	365312
16724	9946	2928	4634	351161	0	368669
16725	348545	3167	4000	16003	0	371715
16726	13426	347171	4546	10171	0	375314
16727	357555	10203	4661	7829	0	380248
16728	15411	4903	4735	352250	0	377299
16729	9002	349153	5033	13089	0	376277
16730	8566	10259	4164	364098	0	387087
16731	7615	4812	4049	372049	0	388525
16732	6622	3563	4256	367878	0	382319
16733	5727	358123	4187	17908	0	385945
16734	362546	9923	3625	10575	0	386669
16735	13940	5398	3370	364060	0	386768
16736	7772	4069	355314	14396	0	381551
16737	5951	3409	343021	9986	0	362367
16738	4841	3234	349865	8734	0	366674
16739	346139	2823	13687	8269	0	370918
16740	351726	2863	7409	7451	0	369449
16741	14167	3088	344946	5769	0	367970
16742	8843	2949	10424	323739	0	345955
16743	6559	2750	6052	336611	0	351972
16744	4207	2488	347078	14942	0	368715
16745	3897	2567	342516	9279	0	358259
16746	4670	2211	13006	350076	0	369963
16747	350046	2142	7708	13064	0	372960
16748	343887	1900	5321	8374	0	359482
16749	346681	1791	4495	7389	0	360356
16750	14051	333687	4745	5983	0	358466
16751	7897	345431	4755	5475	0	363558
16752	6624	9790	4321	344891	0	365626
16753	343291	4440	3980	11496	0	363207
16754	10917	3185	334954	6577	0	355633
16755	306329	2429	8384	6707	0	323849
16756	9336	295293	4011	4461	0	313101
16757	3626	277806	2043	2554	0	286029
16758	273911	5731	2611	2973	0	285226
16759	5311	270900	2176	2049	0	280436
16760	2667	263465	1636	1679	0	269447
16761	257014	6266	4611	4006	0	271897
16762	3442	258665	1097	1174	0	264378
16763	1553	2236	509	252324	0	256622
16764	1259	913	480	253643	0	256295
16765	251884	656	479	3406	0	256425
16766	249213	462	530	2066	0	252271
16767	2713	250095	713	1001	0	254522
16768	1133	249753	697	756	0	252339
16769	1027	2357	246800	544	0	250728
16770	247141	1164	2480	1330	0	252115
16771	257962	630	788	1342	0	260722
16772	264069	438	541	1231	0	266279
16773	3518	446	410	267146	0	271520
16774	1767	423	386	277948	0	280524
16775	282583	386	397	4068	0	287434
16776	3901	389	340	283718	0	288348
16777	1312	549	287055	3565	0	292481
16778	1769	498	2864	284937	0	290068
16779	888	297024	1069	3554	0	302535
16780	1433	3343	649	301747	0	307172
16781	1516	1128	430	307590	0	310664
16782	1476	829	359	310881	0	313545
16783	306192	547	425	6146	0	313310
16784	3866	304741	649	2139	0	311395
16785	2161	3563	390	311398	0	317512
16786	1150	1500	310829	4303	0	317782
16787	1103	1327	294704	1932	0	299066
16788	1848	776	4389	301634	0	308647
16789	1543	665	1610	306572	0	310390
16790	301537	605	976	5998	0	309116
16791	4635	642	596	295319	0	301192
16792	1572	295833	790	4989	0	303184
16793	1359	3979	302953	2069	0	310360
16794	1935	1685	3732	306410	0	313762
16795	1066	1154	311397	4797	0	318414
16796	1789	732	4225	310132	0	316878
16797	310634	634	1671	5863	0	318802
16798	312066	680	1090	3190	0	317026
16799	5015	309088	1196	1810	0	317109
16800	2864	3817	897	311172	0	318750
16801	317067	1372	827	5788	0	325054
16802	318585	912	822	3367	0	323686
16803	322073	614	767	2952	0	326406
16804	320892	543	813	2629	0	324877
16805	318141	668	880	2544	0	322233
16806	5839	311684	1185	1412	0	320120
16807	314535	3635	836	2224	0	321230
16808	5396	1670	310751	1240	0	319057
16809	3356	991	3807	312766	0	320920
16810	316117	726	1384	5591	0	323818
16811	314917	716	958	3222	0	319813
16812	312350	749	685	2886	0	316670
16813	6188	1002	308919	1652	0	317761
16814	3940	762	3852	312031	0	320585
16815	320647	719	1465	5787	0	328618
16816	5050	317335	1269	2315	0	325969
16817	327861	4101	830	3074	0	335866
16818	322891	1622	760	2653	0	327926
16819	324378	1233	693	2346	0	328650
16820	7065	1331	639	326202	0	335237
16821	329828	927	723	6348	0	337826
16822	6118	1153	322070	2722	0	332063
16823	3188	1216	318263	2223	0	324890
16824	319315	771	5029	2988	0	328103
16825	5656	940	328542	1578	0	336716
16826	303893	565	4446	2578	0	311482
16827	5331	730	318338	1382	0	325781
16828	3239	1030	4122	311195	0	319586
16829	309256	572	1736	5420	0	316984
16830	4668	308870	1452	2248	0	317238
16831	310589	3330	969	2832	0	317720
16832	4964	304261	1022	1552	0	311799
16833	2596	317444	999	1499	0	322538
16834	2824	3953	922	323379	0	331078
16835	2419	1517	1001	323804	0	328741
16836	2211	1026	942	322545	0	326724
16837	1698	988	316784	5365	0	324835
16838	306859	686	4049	3679	0	315273
16839	328828	631	1689	2956	0	334104
16840	331163	646	1142	2612	0	335563
16841	332138	612	838	2544	0	336132
16842	331016	601	786	2510	0	334913
16843	7142	943	311430	1541	0	321056
16844	3949	981	312110	1361	0	318401
16845	3466	734	5094	319204	0	328498
16846	2467	921	323632	4836	0	331856
16847	317397	690	5175	3211	0	326473
16848	6778	338399	2162	1913	0	349252
16849	4127	5287	1328	360407	0	371149
16850	365493	1698	1144	7852	0	376187
16851	9183	1085	1007	370459	0	381734
16852	4416	1025	373444	7670	0	386555
16853	3582	1031	371597	3331	0	379541
16854	3684	707	8943	383924	0	397258
16855	2639	867	386138	7745	0	397389
16856	372192	578	8667	4179	0	385616
16857	9212	590	3708	383801	0	397311
16858	4361	914	383868	8032	0	397175
16859	3205	380413	8028	3875	0	395521
16860	3893	6484	3352	390422	0	404151
16861	2792	2934	393275	7978	0	406979
16862	3669	1829	8008	378972	0	392478
16863	3723	966	3572	388135	0	396396
16864	2547	990	390520	10852	0	404909
16865	3357	724	8670	387830	0	400581
16866	3535	725	4227	382216	0	390703
16867	3221	681	2888	395347	0	402137
16868	380988	656	2365	12790	0	396799
16869	8800	371888	2392	5763	0	388843
16870	4409	384583	2016	3849	0	394857
16871	3309	9316	373279	2691	0	388595
16872	354867	3531	7673	3530	0	369601
16873	8117	2174	364910	2154	0	377355
16874	3534	1495	355952	2023	0	363004
16875	3106	1668	8905	345144	0	358823
16876	348978	544	4067	8691	0	362280
16877	6576	348777	2737	4200	0	362290
16878	346057	5909	2312	4156	0	358434
16879	340360	2423	1477	3828	0	348088
16880	8185	343404	1557	2201	0	355347
16881	341420	5925	1660	3123	0	352128
16882	338855	2535	1409	2848	0	345647
16883	7924	341103	1504	1617	0	352148
16884	4692	6368	1467	341862	0	354389
16885	3559	2686	1513	349709	0	357467
16886	352732	1404	1470	9210	0	364816
16887	6920	358378	1822	3993	0	371113
16888	368627	6843	1446	3770	0	380686
16889	371955	2832	1255	3552	0	379594
16890	391488	1738	1244	3150	0	397620
16891	12374	1431	1072	383197	0	398074
16892	6313	1186	991	394908	0	403398
16893	387131	1102	1038	11811	0	401082
16894	393362	1186	1020	6183	0	401751
16895	398009	1045	937	4326	0	404317
16896	13706	1134	977	404862	0	420679
16897	5739	1481	404964	10597	0	422781
16898	4955	976	9179	412923	0	428033
16899	4296	1024	3588	448272	0	457180
16900	2791	1459	439601	14496	0	458347
16901	3012	1485	480492	6644	0	491633
16902	4562	1106	16608	487243	0	509519
16903	2924	1327	491064	15662	0	510977
16904	490622	815	16139	9010	0	516586
16905	16798	1003	7147	499042	0	523990
16906	9003	978	4324	514731	0	529036
16907	513616	872	2800	22457	0	539745
16908	18197	908	3157	512661	0	534923
16909	10337	964	2459	520425	0	534185
16910	6910	948	2736	528344	0	538938
16911	6196	833	2252	531485	0	540766
16912	3941	1352	506084	25287	0	536664
16913	5155	895	14371	515735	0	536156
16914	3714	1305	503248	21197	0	529464
16915	3198	504204	16835	12355	0	536592
16916	5087	13799	7460	507203	0	533549
16917	3548	5966	498818	19310	0	527642
16918	468858	2976	16052	13281	0	501167
16919	16089	493223	8524	8447	0	526283
16920	500757	14277	4906	8136	0	528076
16921	20033	6059	3808	483718	0	513618
16922	8544	487426	3962	17762	0	517694
16923	489355	14604	2999	12207	0	519165
16924	16807	494335	3570	8088	0	522800
16925	498339	16298	3053	7538	0	525228
16926	20167	9286	2990	490288	0	522731
16927	497432	4499	2740	19848	0	524519
16928	18794	499555	3345	10498	0	532192
16929	502437	16793	2613	8780	0	530623
16930	20636	7630	489517	6433	0	524216
16931	12314	4772	16006	494949	0	528041
16932	491981	3172	7298	20283	0	522734
16933	502158	3027	4522	12272	0	521979
16934	25740	2504	3561	489262	0	521067
16935	12088	3517	486392	20075	0	522072
16936	8520	456154	16053	11624	0	492351
16937	7130	493955	8264	8134	0	517483
16938	494952	19257	5469	8790	0	528468
16939	21218	8253	3510	488317	0	521298
16940	12622	4410	3613	502099	0	522744
16941	491160	3385	3436	25753	0	523734
16942	492189	3397	4179	14512	0	514277
16943	23847	3589	483411	8921	0	519768
16944	14107	3425	16054	485438	0	519024
16945	9177	3048	479532	20541	0	512298
16946	8133	473561	16779	12933	0	511406
16947	456040	13786	8141	12087	0	490054
16948	16924	454183	5822	8761	0	485690
16949	9428	455115	4597	7264	0	476404
16950	9225	17149	4696	446538	0	477608
16951	434172	7795	4077	18702	0	464746
16952	14893	434384	4250	10891	0	464418
16953	429577	14336	3511	9984	0	457408
16954	16619	425380	3884	7325	0	453208
16955	10671	15152	3174	430457	0	459454
16956	428582	7654	3912	18026	0	458174
16957	16244	5948	426739	11034	0	459965
16958	11814	4977	13714	427170	0	457675
16959	8027	5049	422815	17574	0	453465
16960	7808	397852	14420	11489	0	431569
16961	6532	423870	7322	9146	0	446870
16962	406765	16993	5179	9898	0	438835
16963	15285	416841	4477	8190	0	444793
16964	414115	15215	4860	9063	0	443253
16965	421540	8149	4241	8973	0	442903
16966	19230	6973	405049	6877	0	438129
16967	405112	5571	13631	7893	0	432207
16968	18119	6453	411928	6660	0	443160
16969	12074	409708	14670	6717	0	443169
16970	413348	14777	7800	7414	0	443339
16971	18202	411160	6042	6770	0	442174
16972	12802	14877	4616	414838	0	447133
16973	417812	8113	4969	17364	0	448258
16974	19853	6533	3693	415973	0	446052
16975	11699	6111	415206	18289	0	451305
16976	9927	6079	13237	415265	0	444508
16977	8808	5996	6985	425225	0	447014
16978	414956	6118	4734	21602	0	447410
16979	17726	6056	407221	12100	0	443103
16980	410529	5232	14482	9247	0	439490
16981	428634	4697	7474	8854	0	449659
16982	22701	5044	6057	419357	0	453159
16983	15054	4968	3962	427002	0	450986
16984	418154	4906	4206	21514	0	448780
16985	20147	413504	4480	11011	0	449142
16986	13718	14105	3973	410313	0	442109
16987	10015	7586	397459	15109	0	430169
16988	8597	6015	379118	9603	0	403333
16989	7538	394980	15072	7755	0	425345
16990	8437	13887	6996	376670	0	405990
16991	7720	8019	4145	385416	0	405300
16992	374300	6050	3364	17633	0	401347
16993	16321	5169	3493	371169	0	396152
16994	357978	4107	3442	15569	0	381096
16995	15317	347386	3687	9161	0	375551
16996	8280	340307	2798	6819	0	358204
16997	7057	351249	2677	6177	0	367160
16998	336823	12411	4544	7217	0	360995
16999	308717	5708	3635	5999	0	324059
17000	12554	300721	2537	4332	0	320144
17001	249327	3565	1392	2026	0	256310
17002	4168	244703	806	1182	0	250859
17003	2529	4147	577	236802	0	244055
17004	1420	238804	707	3427	0	244358
17005	237200	4378	1079	2894	0	245551
17006	237053	1766	471	1981	0	241271
17007	4802	1291	421	227568	0	234082
17008	227917	1020	407	4204	0	233548
17009	4401	1037	476	225549	0	231463
17010	1833	228596	607	3733	0	234769
17011	2097	4310	480	227899	0	234786
17012	1526	228390	653	3497	0	234066
17013	225516	3238	514	2711	0	231979
17014	3700	1681	218827	1318	0	225526
17015	207303	1007	2459	1741	0	212510
17016	3660	832	815	215823	0	221130
17017	1653	967	212625	2863	0	218108
17018	203938	904	2401	2568	0	209811
17019	3176	1032	218819	1006	0	224033
17020	2153	794	2582	211918	0	217447
17021	1716	710	1046	216652	0	220124
17022	1529	640	612	214362	0	217143
17023	1506	651	508	214019	0	216684
17024	1050	211575	709	3943	0	217277
17025	1515	3065	525	223093	0	228198
17026	221393	1152	528	4880	0	227953
17027	3769	1071	218233	1733	0	224806
17028	1556	230683	3217	1372	0	236828
17029	236171	3992	1131	2120	0	243414
17030	256363	1773	711	1927	0	260774
17031	7349	1133	483	288741	0	297706
17032	2851	1140	289747	7424	0	301162
17033	2907	1032	6762	286224	0	296925
17034	2697	854	2811	312065	0	318427
17035	1482	969	309204	11024	0	322679
17036	1263	322936	8723	4780	0	337702
17037	329201	9258	3653	3499	0	345611
17038	331562	4304	1517	3235	0	340618
17039	343162	2178	1248	2802	0	349390
17040	16477	1434	1166	331732	0	350809
17041	9010	973	889	350138	0	361010
17042	352841	835	950	15657	0	370283
17043	14015	1034	1014	335756	0	351819
17044	6688	345158	1191	12549	0	365586
17045	361711	10288	892	7843	0	380734
17046	371780	4951	1129	5875	0	383735
17047	395188	2576	1031	4640	0	403435
17048	400990	1761	890	4230	0	407871
17049	21511	1699	372264	2790	0	398264
17050	11210	1749	376483	2431	0	391873
17051	9015	1678	16066	369913	0	396672
17052	7718	1388	6985	384351	0	400442
17053	5170	1413	376370	17556	0	400509
17054	4822	1540	379872	8632	0	394866
17055	6102	1157	16878	376373	0	400510
17056	378305	1055	8011	15658	0	403029
17057	16668	1001	4919	374709	0	397297
17058	8721	1372	380222	15765	0	406080
17059	6100	385166	13844	8620	0	413730
17060	389140	11822	7139	7095	0	415196
17061	400497	5276	5027	5900	0	416700
17062	406925	2820	4354	5096	0	419195
17063	408794	1777	4081	4985	0	419637
17064	22116	1729	385014	4165	0	413024
17065	13164	1352	14098	387699	0	416313
17066	395032	1338	7664	16250	0	420284
17067	18409	1564	5391	393797	0	419161
17068	12187	1321	4461	382580	0	400549
17069	7995	380613	3505	19333	0	411446
17070	8863	12004	2793	393783	0	417443
17071	386773	5597	2944	18770	0	414084
17072	16352	386091	3803	9869	0	416115
17073	387374	13781	2984	7560	0	411699
17074	18820	385982	2846	5524	0	413172
17075	13178	14670	2249	362662	0	392759
17076	8934	368184	3041	14682	0	394841
17077	7318	390837	3030	8819	0	410004
17078	381939	17325	3354	7751	0	410369
17079	17322	8799	375362	6493	0	407976
17080	10565	5631	370157	6121	0	392474
17081	7800	4586	368783	6022	0	387191
17082	347871	4213	18753	7300	0	378137
17083	15615	358108	9787	5726	0	389236
17084	9954	374719	5893	5349	0	395915
17085	357665	17922	4075	5919	0	385581
17086	17636	357612	3899	4483	0	383630
17087	11097	375919	3985	4551	0	395552
17088	9181	19304	3727	370630	0	402842
17089	7497	10604	368252	15667	0	402020
17090	7456	7802	371646	9525	0	396429
17091	7959	6413	18018	372665	0	405055
17092	368691	5355	9977	17063	0	401086
17093	17369	371923	7761	9307	0	406360
17094	12347	15232	6108	377458	0	411145
17095	9800	9266	372523	16120	0	407709
17096	9588	7070	366290	9908	0	392856
17097	9427	6031	18689	369166	0	403313
17098	368216	5663	10343	18382	0	402604
17099	377804	5206	7181	11619	0	401810
17100	22405	5330	363643	8362	0	399740
17101	364474	5247	16057	8475	0	394253
17102	21004	4803	370316	7257	0	403380
17103	14322	3749	18395	352642	0	389108
17104	10639	365264	12194	15480	0	403577
17105	380068	14046	8556	10776	0	413446
17106	20644	8215	6674	382031	0	417564
17107	14514	6257	6588	380770	0	408129
17108	11535	4597	6900	396602	0	419634
17109	10075	3654	7404	398036	0	419169
17110	8858	3803	376801	23913	0	413375
17111	9066	371060	17251	14638	0	412015
17112	10106	13615	10604	383750	0	418075
17113	379989	7640	7949	19842	0	415420
17114	19275	5569	7533	385357	0	417734
17115	13076	4299	6894	391227	0	415496
17116	9701	4880	375078	23751	0	413410
17117	9123	5088	360454	15481	0	390146
17118	8138	362520	19714	11974	0	402346
17119	7848	381226	11484	10497	0	411055
17120	8157	17812	7925	382056	0	415950
17121	377428	9614	6317	21026	0	414385
17122	17442	7195	374049	14045	0	412731
17123	11646	381203	15249	10868	0	418966
17124	10059	15328	9572	369486	0	404445
17125	7222	380576	6855	16840	0	411493
17126	7847	16689	5392	367406	0	397334
17127	6440	375458	5100	17793	0	404791
17128	7704	15404	4294	363094	0	390496
17129	349535	9081	4216	17292	0	380124
17130	12875	331913	4578	10080	0	359446
17131	6808	12508	3177	294078	0	316571
17132	287545	6433	2958	10894	0	307830
17133	9186	284524	2595	7040	0	303345
17134	4556	258377	2062	5152	0	270147
17135	4543	263813	2226	4217	0	274799
17136	4614	7437	3431	246311	0	261793
17137	2140	4007	1850	242997	0	250994
17138	1527	239842	1078	6477	0	248924
17139	2009	5737	1193	241310	0	250249
17140	2407	3355	238501	5586	0	249849
17141	1473	240084	3775	2863	0	248195
17142	1864	11094	1487	224742	0	239187
17143	1530	234830	1185	3660	0	241205
17144	1898	3891	224383	2042	0	232214
17145	964	226409	2840	1752	0	231965
17146	204182	3308	1654	2123	0	211267
17147	1783	847	347	203512	0	206489
17148	203129	292	293	2191	0	205905
17149	1383	433	200536	552	0	202904
17150	819	251	1257	204632	0	206959
17151	350	412	207691	1378	0	209831
17152	681	315	1335	206476	0	208807
17153	214533	233	508	2433	0	217707
17154	1552	259	294	215115	0	217220
17155	215850	236	250	2492	0	218828
17156	1253	218970	376	807	0	221406
17157	215106	1259	234	1534	0	218133
17158	1480	703	217225	390	0	219798
17159	563	219923	1372	479	0	222337
17160	829	1258	478	223199	0	225764
17161	814	473	253	223311	0	224851
17162	347	506	220152	1519	0	222524
17163	242	219730	1292	844	0	222108
17164	527	1234	458	223631	0	225850
17165	173	223565	401	1286	0	225425
17166	486	1326	148	223003	0	224963
17167	168	222138	281	1294	0	223881
17168	219280	1275	160	1302	0	222017
17169	1534	621	244	222476	0	224875
17170	533	611	223219	1161	0	225524
17171	301	221325	1176	714	0	223516
17172	183	229246	482	470	0	230381
17173	493	1578	225849	277	0	228197
17174	162	228331	1189	411	0	230093
17175	565	1096	361	229710	0	231732
17176	244	649	230950	930	0	232773
17177	760	286	973	226769	0	228788
17178	583	238	368	232608	0	233797
17179	195	462	232816	1202	0	234675
17180	217107	210	1061	1537	0	219915
17181	1239	189	370	237839	0	239637
17182	527	314	252610	1031	0	254482
17183	235	253664	1127	656	0	255682
17184	255748	879	462	1652	0	258741
17185	940	253353	484	336	0	255113
17186	623	1029	160	259151	0	260963
17187	253803	341	196	2067	0	256407
17188	1223	290	153	252909	0	254575
17189	509	372	257841	1106	0	259828
17190	665	246	1086	256056	0	258053
17191	323	380	256344	1221	0	258268
17192	242877	216	1262	1788	0	246143
17193	1216	361	257902	378	0	259857
17194	253767	182	1258	1498	0	256705
17195	256569	156	531	1532	0	258788
17196	1536	393	261213	242	0	263384
17197	934	512	244961	341	0	246748
17198	362	262030	1680	299	0	264371
17199	269988	1174	641	1224	0	273027
17200	1586	537	342	275583	0	278048
17201	1113	341	259	271863	0	273576
17202	291225	189	327	3644	0	295385
17203	294522	207	317	2274	0	297320
17204	295647	234	288	1730	0	297899
17205	295412	222	288	1360	0	297282
17206	2013	249	233	293285	0	295780
17207	296061	190	251	2398	0	298900
17208	1838	239	209	297902	0	300188
17209	1271	189	254	295012	0	296726
17210	836	191	305	300259	0	301591
17211	493	465	293880	1853	0	296691
17212	444	285725	1485	1014	0	288668
17213	410	292058	772	654	0	293894
17214	615	1456	354	298217	0	300642
17215	296802	591	285	2571	0	300249
17216	1726	348	221	295359	0	297654
17217	293447	218	242	2829	0	296736
17218	1682	475	302369	726	0	305252
17219	290887	295	1371	1743	0	294296
17220	1884	271	580	308362	0	311097
17221	314308	208	386	3259	0	318161
17222	308610	204	293	2315	0	311422
17223	310248	196	294	1961	0	312699
17224	2394	204	264	312029	0	314891
17225	1041	481	308878	1574	0	311974
17226	1114	322	1544	307431	0	310411
17227	313407	222	655	3196	0	317480
17228	2225	615	340029	814	0	343683
17229	1713	255	1850	357918	0	361736
17230	370151	159	804	4408	0	375522
17231	2882	639	373785	1098	0	378404
17232	382883	224	2676	2640	0	388423
17233	405482	223	1002	2252	0	408959
17234	4598	281	608	409076	0	414563
17235	2473	239	481	413515	0	416708
17236	414435	155	445	5998	0	421033
17237	4493	224	378	424784	0	429879
17238	421552	155	357	6950	0	429014
17239	4566	422915	719	2253	0	430453
17240	1735	430048	604	1525	0	433912
17241	2220	5013	259	428472	0	435964
17242	1093	2100	435817	4353	0	443363
17243	772	433374	4333	1968	0	440447
17244	425588	4457	1451	3408	0	434904
17245	4052	424102	1214	1034	0	430402
17246	1744	4784	422765	603	0	429896
17247	2740	1687	3936	414199	0	422562
17248	936	1549	432194	4201	0	438880
17249	617	437492	4726	1957	0	444792
17250	1607	4065	1549	436823	0	444044
17251	640	434486	1370	4009	0	440505
17252	939	4735	433812	1322	0	440808
17253	1886	1851	4081	424872	0	432690
17254	726	1711	436304	4213	0	442954
17255	1577	786	4610	428592	0	435565
17256	431494	541	1882	6826	0	440743
17257	4357	1171	425901	1879	0	433308
17258	395438	564	4512	3512	0	404026
17259	4930	1053	418056	1120	0	425159
17260	2947	503	4973	413916	0	422339
17261	1542	894	432173	4685	0	439294
17262	2272	522	4934	428618	0	436346
17263	1903	650	2021	434009	0	438583
17264	1993	547	1404	427480	0	431424
17265	1824	630	1079	433774	0	437307
17266	938	860	454284	6472	0	462554
17267	432008	531	4636	5516	0	442691
17268	5088	1281	1889	481006	0	489264
17269	479583	475	1474	7629	0	489161
17270	483501	502	1172	4735	0	489910
17271	491154	488	1097	3966	0	496705
17272	7985	566	936	498387	0	507874
17273	4069	582	966	505178	0	510795
17274	1909	550362	1296	7424	0	560991
17275	600635	7608	1105	5898	0	615246
17276	635593	3532	888	5148	0	645161
17277	642368	2295	946	4611	0	650220
17278	18095	2337	641650	1899	0	663981
17279	12052	1187	10996	638952	0	663187
17280	6922	1475	643506	11577	0	663480
17281	626712	699	13413	8142	0	648966
17282	640841	727	6980	6132	0	654680
17283	18707	808	4480	629478	0	653473
17284	11061	1005	3345	616110	0	631521
17285	6712	636743	3056	15155	0	661666
17286	644303	10877	1794	10612	0	667586
17287	648324	5002	1630	8792	0	663748
17288	17832	640690	2397	4909	0	665828
17289	647104	12497	1773	6401	0	667775
17290	19029	6070	1851	642265	0	669215
17291	12460	3626	1846	651439	0	669371
17292	650534	2730	1710	19566	0	674540
17293	16145	2771	640717	9231	0	668864
17294	630495	1552	11425	10137	0	653609
17295	648706	1471	5178	9055	0	664410
17296	19137	634970	3954	4721	0	662782
17297	648386	11434	2773	6555	0	669148
17298	18748	6534	633727	2714	0	661723
17299	13625	4111	11499	634667	0	663902
17300	640933	3040	5522	15064	0	664559
17301	19375	2516	3787	638515	0	664193
17302	10885	2469	616356	15532	0	645242
17303	9608	1476	13765	595313	0	620162
17304	6610	640807	7412	16775	0	671604
17305	8419	11517	4931	657285	0	682152
17306	8206	5631	3881	668087	0	685805
17307	8246	3794	3208	658780	0	674028
17308	7140	3314	2452	669086	0	681992
17309	4590	3694	651625	23154	0	683063
17310	7035	2803	11842	657157	0	678837
17311	650812	2036	5929	23565	0	682342
17312	14839	646069	5026	12440	0	678374
17313	10156	12447	3613	668163	0	694379
17314	7150	6600	666172	17909	0	697831
17315	8013	4077	12800	672509	0	697399
17316	673829	3152	6570	22510	0	706061
17317	675656	2686	4856	14983	0	698181
17318	663974	2106	4737	11529	0	682346
17319	24695	1795	3841	663835	0	694166
17320	14860	2345	659118	17345	0	693668
17321	11689	650568	13951	10295	0	686503
17322	662447	12375	7374	10788	0	692984
17323	19466	6181	5858	658896	0	690401
17324	12822	4509	4889	668659	0	690879
17325	10020	4257	655043	21052	0	690372
17326	9334	633827	13997	13547	0	670705
17327	8386	663368	7970	10481	0	690205
17328	9173	18389	5833	630669	0	664064
17329	6994	9021	610050	18260	0	644325
17330	559955	6109	13823	14478	0	594365
17331	16826	5911	575169	8984	0	606890
17332	543145	4025	13105	11326	0	571601
17333	17216	584082	8264	8739	0	618301
17334	11424	11531	577157	7186	0	607298
17335	554245	6499	13510	9049	0	583303
17336	17411	570374	8161	5610	0	601556
17337	580346	12862	5104	7808	0	606120
17338	17302	8154	573553	5030	0	604039
17339	11803	574892	12624	5078	0	604397
17340	578995	12198	6993	7930	0	606116
17341	17821	7509	567410	5097	0	597837
17342	563203	4445	12726	6621	0	586995
17343	18408	4157	8219	564178	0	594962
17344	572513	3604	6337	14879	0	597333
17345	18707	3224	5699	569621	0	597251
17346	570146	3826	4306	17300	0	595578
17347	17698	3699	565921	10883	0	598201
17348	12116	2753	12120	572588	0	599577
17349	9009	3101	7042	573709	0	592861
17350	8071	3571	564083	19374	0	595099
17351	7759	3321	13123	562244	0	586447
17352	6972	502915	10715	18562	0	539164
17353	6006	11074	5929	604964	0	627973
17354	6833	6130	5703	631073	0	649739
17355	7936	4414	4301	688526	0	705177
17356	6244	4109	677880	28984	0	717217
17357	672448	3251	18449	19676	0	713824
17358	24181	3074	9739	732066	0	769060
17359	12729	2984	742669	27042	0	785424
17360	730106	2300	23812	18073	0	774291
17361	756108	2754	11809	13503	0	784174
17362	780827	3060	7451	11234	0	802572
17363	38646	3014	6476	765045	0	813181
17364	23074	3208	5495	849929	0	881706
17365	17022	3020	4837	836230	0	861109
17366	10416	828583	5745	40596	0	885340
17367	823231	25710	4362	25107	0	878410
17368	835719	10767	4522	19025	0	870033
17369	43376	7172	4712	818577	0	873837
17370	22162	5341	802586	33389	0	863478
17371	17152	5008	807896	17844	0	847900
17372	11901	761155	37443	14272	0	824771
17373	9968	809380	17674	12150	0	849172
17374	723170	34045	13995	15287	0	786497
17375	25018	711766	5549	6790	0	749123
17376	687322	22693	3792	7320	0	721127
17377	687651	8703	2716	7906	0	706976
17378	690014	5131	2694	7028	0	704867
17379	34888	3712	2695	675151	0	716446
17380	19047	3613	2265	723962	0	748887
17381	737555	2975	2190	31931	0	774651
17382	31727	2918	2487	751091	0	788223
17383	13176	3516	743959	29108	0	789759
17384	751840	3051	23748	14182	0	792821
17385	32380	3485	9103	744307	0	789275
17386	18033	4048	4959	762423	0	789463
17387	14837	3924	3005	780887	0	802653
17388	9047	3915	749389	36460	0	798811
17389	712092	3392	24451	19697	0	759632
17390	30325	3210	749529	10659	0	793723
17391	18658	2705	27656	741239	0	790258
17392	11207	3456	757432	29019	0	801114
17393	12656	2676	28415	738534	0	782281
17394	12068	2785	11749	765700	0	792302
17395	8640	3392	771704	37169	0	820905
17396	12544	3300	28041	711867	0	755752
17397	8478	770359	13029	30435	0	822301
17398	771098	24432	7689	19018	0	822237
17399	792204	8787	5899	15817	0	822707
17400	39858	4846	5680	778560	0	828944
17401	17751	3733	780550	33406	0	835440
17402	11678	742678	29713	17934	0	802003
17403	9500	793548	13820	13632	0	830500
17404	747535	30965	9907	13699	0	802106
17405	30734	13056	737645	11695	0	793130
17406	738278	6874	29092	12637	0	786881
17407	36149	4373	13276	738548	0	792346
17408	19089	3925	9438	765203	0	797655
17409	729598	4022	8272	42074	0	783966
17410	30990	731456	7284	22341	0	792071
17411	16718	26648	741256	15113	0	799735
17412	17037	10420	28584	728812	0	784853
17413	11128	7199	746249	33928	0	798504
17414	9481	732812	32895	19170	0	794358
17415	12430	26322	15953	745097	0	799802
17416	734056	12366	10654	37263	0	794339
17417	751177	8576	8931	21715	0	790399
17418	42479	6972	730904	15029	0	795384
17419	20494	731410	30951	13369	0	796224
17420	730987	27202	14885	14464	0	787538
17421	34202	737210	11237	13023	0	795672
17422	21240	31046	8732	732857	0	793875
17423	733119	14042	8026	35639	0	790826
17424	36589	10096	8302	740560	0	795547
17425	19470	8190	725777	37262	0	790699
17426	16871	7381	30316	737030	0	791598
17427	13068	8554	732729	37869	0	792220
17428	15049	8350	32448	730476	0	786323
17429	724605	6875	15465	41203	0	788148
17430	35305	726455	12287	21708	0	795755
17431	736838	28887	10188	18642	0	794555
17432	38900	14116	10513	728617	0	792146
17433	21408	11674	9204	745319	0	787605
17434	16043	10456	678077	44593	0	749169
17435	14078	9864	724546	23749	0	772237
17436	13800	722275	37422	18461	0	791958
17437	14764	30238	725409	15429	0	785840
17438	680957	13961	36102	17511	0	748531
17439	34774	712116	19284	15344	0	781518
17440	19240	738129	13916	15450	0	786735
17441	15367	754536	12292	14267	0	796462
17442	15956	41069	9603	731982	0	798610
17443	13759	19814	740398	36511	0	810482
17444	12542	747131	33189	21616	0	814478
17445	15285	33064	16377	694301	0	759027
17446	12346	752387	13177	35051	0	812961
17447	738353	33967	11070	22924	0	806314
17448	761698	16012	11683	18502	0	807895
17449	42166	11955	11646	743244	0	809011
17450	23159	10889	11026	756667	0	801741
17451	717947	9531	11042	45345	0	783865
17452	33826	701775	10776	25023	0	771400
17453	17852	724417	10051	18009	0	770329
17454	17678	37593	8299	668177	0	731747
17455	9294	13892	623584	28299	0	675069
17456	7962	614696	23769	16675	0	663102
17457	572462	21792	13532	13190	0	620976
17458	19819	556195	9105	10400	0	595519
17459	10198	562346	7100	8970	0	588614
17460	531215	23077	8120	8656	0	571068
17461	18983	550904	5529	7291	0	582707
17462	10687	20490	531861	6883	0	569921
17463	7321	532906	16860	8020	0	565107
17464	449519	13604	7822	5711	0	476656
17465	10443	450462	3964	3585	0	468454
17466	445743	12271	4304	4181	0	466499
17467	12294	6695	2642	439907	0	461538
17468	6628	4899	2582	452273	0	466382
17469	4480	4777	447433	12016	0	468706
17470	3983	450897	9100	6165	0	470145
17471	4908	10945	3843	458589	0	478285
17472	452439	5640	3059	12059	0	473197
17473	452786	4279	2589	7114	0	466768
17474	11781	460144	2917	5114	0	479956
17475	6847	10951	2695	463237	0	483730
17476	464872	5687	2611	12051	0	485221
17477	467792	4795	3001	6815	0	482403
17478	13959	4587	450620	4020	0	473186
17479	7112	4366	421630	3290	0	436398
17480	4923	3651	418225	2516	0	429315
17481	2646	404233	9144	2161	0	418184
17482	379891	7204	7153	2846	0	397094
17483	6415	378867	2564	1589	0	389435
17484	372744	6945	2265	2487	0	384441
17485	6524	391188	1528	1312	0	400552
17486	3937	6684	1209	400077	0	411907
17487	403834	2948	1127	7063	0	414972
17488	6737	2496	402573	2299	0	414105
17489	392646	1960	5672	2935	0	403213
17490	408854	1643	2220	2681	0	415398
17491	8057	405913	1699	1606	0	417275
17492	3289	415854	1469	1186	0	421798
17493	424158	6963	1918	2532	0	435571
17494	6879	3426	433613	969	0	444887
17495	407265	3043	6160	2672	0	419140
17496	419900	1713	2447	1990	0	426050
17497	8464	1327	1172	413504	0	424467
17498	422657	1346	789	6283	0	431075
17499	7546	1490	663	429405	0	439104
17500	4353	1317	699	438311	0	444680
17501	3537	1214	745	430280	0	435776
17502	2241	429037	1172	6980	0	439430
17503	432946	5362	1006	4684	0	443998
17504	437924	2319	957	3229	0	444429
17505	8363	1812	909	436477	0	447561
17506	4727	1629	953	430082	0	437391
17507	2852	432319	1398	6461	0	443030
17508	431589	5807	1135	4532	0	443063
17509	6942	3205	425949	1843	0	437939
17510	4469	2200	5211	431113	0	442993
17511	3068	2106	424584	5933	0	435691
17512	3613	1572	5646	423129	0	433960
17513	2563	1958	427924	6519	0	438964
17514	3606	1623	5674	416632	0	427535
17515	421223	1664	2403	8260	0	433550
17516	6989	1898	428824	3196	0	440907
17517	412329	1240	5925	4333	0	423827
17518	7524	442826	3054	2255	0	455659
17519	4639	5598	2162	450742	0	463141
17520	3921	2740	1690	457873	0	466224
17521	465429	2137	1544	9178	0	478288
17522	7967	1972	1462	479296	0	490697
17523	4380	2079	483913	6968	0	497340
17524	467201	1583	5348	6147	0	480279
17525	494091	1433	2374	5073	0	502971
17526	495122	1464	1647	4721	0	502954
17527	493830	1244	1315	4493	0	500882
17528	9311	485919	1615	2736	0	499581
17529	5590	5036	1396	495784	0	507806
17530	493841	2137	1288	7963	0	505229
17531	8038	1976	1271	488543	0	499828
17532	483178	1767	1160	7966	0	494071
17533	7677	1845	474207	3126	0	486855
17534	4559	1707	470956	2580	0	479802
17535	4958	6556	5845	444930	0	462289
17536	3134	461454	3153	5602	0	473343
17537	2682	479001	2274	3585	0	487542
17538	465890	5223	1985	6001	0	479099
17539	5916	2393	469231	2412	0	479952
17540	422029	1259	4492	4889	0	432669
17541	5500	462330	2767	2079	0	472676
17542	464067	3720	1526	3961	0	473274
17543	6152	1940	1180	459278	0	468550
17544	3465	1898	468497	5024	0	478884
17545	4078	1232	3909	463421	0	472640
17546	3533	1052	1882	463301	0	469768
17547	2408	458681	1960	5845	0	468894
17548	2182	474042	1640	3532	0	481396
17549	3099	4888	1142	472912	0	482041
17550	2632	479131	1555	5083	0	488401
17551	2856	4709	471266	2826	0	481657
17552	2914	2564	453940	2407	0	461825
17553	427946	1548	5294	4397	0	439185
17554	462494	1261	2456	4286	0	470497
17555	6460	456746	1806	2153	0	467165
17556	4450	4197	1292	458033	0	467972
17557	3551	1850	1349	462865	0	469615
17558	2705	1871	462528	5793	0	472897
17559	3379	1308	4469	436686	0	445842
17560	2177	455826	2431	5740	0	466174
17561	2136	4842	442799	3144	0	452921
17562	2530	2557	435219	2352	0	442658
17563	2482	427548	5726	2606	0	438362
17564	2582	4845	443309	1863	0	452599
17565	3356	2252	4922	434997	0	445527
17566	4747	2029	2490	405940	0	415206
17567	2606	1915	450459	5786	0	460766
17568	3542	2112	4541	437160	0	447355
17569	1963	430678	2740	5746	0	441127
17570	1823	449627	2177	3585	0	457212
17571	2726	5497	1437	444977	0	454637
17572	2006	2319	450609	5284	0	460218
17573	1636	455715	5135	2776	0	465262
17574	3354	5595	2284	452131	0	463364
17575	1533	1896	442738	4272	0	450439
17576	410923	967	3624	3937	0	419451
17577	437236	809	1254	3561	0	442860
17578	438671	812	1008	3132	0	443623
17579	4847	707	825	432429	0	438808
17580	2352	603	941	436723	0	440619
17581	1449	969	451504	4068	0	457990
17582	2365	727	3594	443561	0	450247
17583	2121	850	1314	455820	0	460105
17584	1085	1210	454523	4311	0	461129
17585	381426	681	3705	5045	0	390857
17586	3345	425005	1692	1378	0	431420
17587	423150	2979	1024	3807	0	430960
17588	3321	421987	1128	1114	0	427550
17589	2197	3416	697	425702	0	432012
17590	1307	1454	426832	3392	0	432985
17591	2594	1632	3258	407701	0	415185
17592	975	1206	415813	3840	0	421834
17593	348258	691	3316	4369	0	356634
17594	2636	805	390497	1008	0	394946
17595	1768	526	3066	375452	0	380812
17596	784	751	388278	3119	0	392932
17597	641	392428	3648	1301	0	398018
17598	1966	2932	1233	398574	0	404705
17599	2144	939	1007	392118	0	396208
17600	2091	550	676	400782	0	404099
17601	957	932	399075	4867	0	405831
17602	1020	1001	400742	2169	0	404932
17603	1677	465	4994	406809	0	413945
17604	2186	464	1833	475437	0	479920
17605	2001	385	1413	517295	0	521094
17606	531696	348	1170	15238	0	548452
17607	12029	416	1076	556412	0	569933
17608	4363	1153	588035	12558	0	606109
17609	619490	527	12601	7569	0	640187
17610	17304	862	4816	652525	0	675507
17611	685053	594	3061	19102	0	707810
17612	703639	622	1758	10119	0	716138
17613	26081	460	1497	700035	0	728073
17614	705051	333	2007	21818	0	729209
17615	711806	367	1784	12203	0	726160
17616	25686	953	691560	5713	0	723912
17617	12035	697145	17293	4742	0	731215
17618	10919	15846	7295	668621	0	702681
17619	8807	6598	3937	707027	0	726369
17620	696510	3408	2783	26736	0	729437
17621	691399	2083	2827	14366	0	710675
17622	691386	1405	2331	10593	0	705715
17623	28429	1662	650546	6355	0	686992
17624	14606	660429	17997	5254	0	698286
17625	665079	16409	8049	6601	0	696138
17626	22225	670946	5508	4640	0	703319
17627	678296	19652	3303	6255	0	707506
17628	26954	8585	2532	670108	0	708179
17629	674691	4964	2777	22013	0	704445
17630	682025	3711	2369	12480	0	700585
17631	690563	2517	2108	9765	0	704953
17632	31243	2675	674950	6557	0	715425
17633	685024	1663	17325	8473	0	712485
17634	27749	687580	8225	5164	0	728718
17635	711142	17488	4855	6896	0	740381
17636	719654	7991	3990	7209	0	738844
17637	733467	5232	3231	6442	0	748372
17638	36898	3849	2921	688914	0	732582
17639	19212	703349	3206	19284	0	745051
17640	710884	19436	2616	12260	0	745196
17641	28401	9384	700624	7725	0	746134
17642	17570	710230	19072	6334	0	753206
17643	17983	20895	7946	655826	0	702650
17644	13021	705058	5672	17561	0	741312
17645	706028	22647	4577	11036	0	744288
17646	732841	11146	3724	8010	0	755721
17647	36352	7599	3144	714716	0	761811
17648	20392	6217	701798	22427	0	750834
17649	15199	704890	20265	12157	0	752511
17650	19514	22233	10311	581947	0	634005
17651	14855	10455	6018	724481	0	755809
17652	14007	7193	4441	760397	0	786038
17653	746590	5473	3902	34993	0	790958
17654	761697	5019	4272	18329	0	789317
17655	767856	5104	3618	12857	0	789435
17656	779202	5122	3369	10830	0	798523
17657	43635	5392	2906	750487	0	802420
17658	24924	5545	755094	26374	0	811937
17659	21337	4424	21540	767201	0	814502
17660	18367	3975	10034	778710	0	811086
17661	16880	4089	6590	785545	0	813104
17662	17209	4624	5251	792686	0	819770
17663	771464	4328	4689	42155	0	822636
17664	35032	4059	5572	778414	0	823077
17665	774233	3794	5465	37578	0	821070
17666	788123	4059	4858	23610	0	820650
17667	44848	4803	748765	16386	0	814802
17668	30825	4341	740485	13468	0	789119
17669	25106	4068	767970	13824	0	810968
17670	24199	4795	32240	747784	0	809018
17671	20672	4529	763637	30954	0	819792
17672	21426	4639	28829	745054	0	799948
17673	19738	5269	15317	760099	0	800423
17674	758294	5105	10283	42761	0	816443
17675	37812	5481	7802	745526	0	796621
17676	26333	757596	7598	36452	0	827979
17677	783237	22681	7652	24874	0	838444
17678	39779	783350	7358	16929	0	847416
17679	27023	27125	784484	14936	0	853568
17680	19934	799922	26865	14135	0	860856
17681	786039	29524	15017	14454	0	845034
17682	39634	16420	9833	779287	0	845174
17683	27379	11903	767945	30266	0	837493
17684	776101	8987	26442	20597	0	832127
17685	41527	8487	14057	780246	0	844317
17686	28090	8079	779149	31702	0	847020
17687	26368	7408	26426	784445	0	844647
17688	24074	6770	14984	795868	0	841696
17689	22912	6568	10651	792165	0	832296
17690	20543	777064	9186	39379	0	846172
17691	795821	25466	7960	24893	0	854140
17692	40746	14294	7703	779293	0	842036
17693	27407	785929	7805	32021	0	853162
17694	25105	27496	5656	798360	0	856617
17695	20229	16805	783460	34938	0	855432
17696	19507	791359	25503	21534	0	857903
17697	786067	27651	14492	19273	0	847483
17698	799505	16486	10399	16479	0	842869
17699	42508	11633	8818	779057	0	842016
17700	26982	10779	7827	798916	0	844504
17701	789727	8919	7469	41668	0	847783
17702	774067	8573	7946	26725	0	817311
17703	40021	774141	7374	19038	0	840574
17704	708708	20539	6484	15237	0	750968
17705	29903	10787	666295	11017	0	718002
17706	19265	7531	650547	10040	0	687383
17707	11875	626157	20751	9714	0	668497
17708	8842	616278	11085	7661	0	643866
17709	549603	15922	13875	7838	0	587238
17710	13204	553612	4464	5003	0	576283
17711	530752	10655	3280	5539	0	550226
17712	522147	4796	2496	5368	0	534807
17713	518083	3119	2543	5234	0	528979
17714	14974	2533	2167	509665	0	529339
17715	515087	2307	2053	12763	0	532210
17716	12819	2716	500408	5744	0	521687
17717	7378	2529	498452	4355	0	512714
17718	5306	502083	11527	4228	0	523144
17719	4628	8703	508390	3855	0	525576
17720	6025	4439	10191	488266	0	508921
17721	3939	3285	507481	10747	0	525452
17722	4122	3178	494223	5851	0	507374
17723	5016	2540	11603	498226	0	517385
17724	501418	2484	5881	12627	0	522410
17725	503616	2311	4044	8176	0	518147
17726	12895	2820	509889	4100	0	529704
17727	493947	2112	9959	6745	0	512763
17728	11772	2361	516457	3584	0	534174
17729	505080	1842	10913	5548	0	523383
17730	528421	1732	5757	5657	0	541567
17731	14771	1866	3814	521300	0	541751
17732	9041	1920	3075	501854	0	515890
17733	5575	487827	3563	12670	0	509635
17734	4559	504850	3417	6609	0	519435
17735	5752	10750	3128	493440	0	513070
17736	5597	5114	2977	497356	0	511044
17737	477224	3036	2556	13418	0	496234
17738	9836	475517	2847	5836	0	494036
17739	470328	8420	2558	6611	0	487917
17740	9834	473303	3007	3420	0	489564
17741	5838	9935	464856	2623	0	483252
17742	6104	5193	8345	457827	0	477469
17743	462203	2937	4135	11333	0	480608
17744	478738	2316	2455	7655	0	491164
17745	13431	483573	2623	4048	0	503675
17746	6377	496632	2385	3192	0	508586
17747	4381	512228	2608	2783	0	522000
17748	6239	14452	2546	543785	0	567022
17749	3933	5548	557679	11831	0	578991
17750	3082	553557	12247	5058	0	573944
17751	5413	12124	4280	552803	0	574620
17752	4556	3932	2396	567562	0	578446
17753	2221	2984	556813	13307	0	575325
17754	2451	2663	546499	5001	0	556614
17755	533627	1608	13728	6106	0	555069
17756	12484	2021	565368	2574	0	582447
17757	552047	1694	12414	4780	0	570935
17758	545799	1744	4666	4478	0	556687
17759	549438	1884	2990	4240	0	558552
17760	545925	1791	2432	4474	0	554622
17761	15965	2301	528352	2278	0	548896
17762	6528	530582	12057	2449	0	551616
17763	6897	11433	4729	529732	0	552791
17764	3891	4854	536054	11618	0	556417
17765	5751	3070	11861	516470	0	537152
17766	3798	504075	6387	12110	0	526370
17767	5914	11412	3535	542626	0	563487
17768	6184	4508	2886	546456	0	560034
17769	6438	3058	2738	540019	0	552253
17770	537828	2586	2508	17673	0	560595
17771	15723	2575	2602	535638	0	556538
17772	8780	2403	2609	540109	0	553901
17773	6614	2654	3067	534974	0	547309
17774	3587	514869	4018	15890	0	538364
17775	509673	11719	3067	9786	0	534245
17776	12462	485275	3528	5766	0	507031
17777	4676	490952	3368	4321	0	503317
17778	6742	12287	3273	489687	0	511989
17779	6174	4740	2801	494115	0	507830
17780	488932	2864	2495	16800	0	511091
17781	15208	2184	2642	494423	0	514457
17782	497690	1922	2412	16460	0	518484
17783	599957	2080	2531	8495	0	613063
17784	25134	2305	2695	592653	0	622787
17785	12846	2471	2504	592737	0	610558
17786	5578	605634	3240	24249	0	638701
17787	622679	19547	2467	13563	0	658256
17788	21509	651226	2940	7561	0	683236
17789	653832	23115	2559	7568	0	687074
17790	24999	10393	638962	5572	0	679926
17791	638411	5691	20236	8157	0	672495
17792	675805	3830	7710	8127	0	695472
17793	32839	3572	4168	649420	0	689999
17794	13828	4014	653271	24954	0	696067
17795	8751	658850	22457	12618	0	702676
17796	11097	24476	8689	670090	0	714352
17797	7187	10524	676583	26933	0	721227
17798	9873	6985	23912	671423	0	712193
17799	662162	4654	9775	30929	0	707520
17800	27739	4337	658560	13218	0	703854
17801	12577	643414	24536	9575	0	690102
17802	9019	678236	11128	7292	0	705675
17803	12474	30684	7036	572156	0	622350
17804	7290	663342	5612	20369	0	696613
17805	655109	26424	4296	12528	0	698357
17806	663032	11057	3642	10608	0	688339
17807	671635	6978	4182	8770	0	691565
17808	34350	6883	630591	6222	0	678046
17809	647935	5877	23115	8243	0	685170
17810	31288	5951	10121	635607	0	682967
17811	16763	5354	5901	649522	0	677540
17812	13132	5010	4571	655375	0	678088
17813	11722	4762	5069	658457	0	680010
17814	8552	5902	632444	35701	0	682599
17815	7933	5929	634380	17574	0	665816
17816	7478	5496	634488	12433	0	659895
17817	600174	5045	31533	11659	0	648411
17818	27518	615191	13771	10318	0	666798
17819	16699	23975	7933	614395	0	663002
17820	612943	10684	6005	30558	0	660190
17821	27773	617917	6505	15690	0	667885
17822	14786	645201	6764	10301	0	677052
17823	624283	31150	5953	10310	0	671696
17824	637646	13975	5580	10148	0	667349
17825	33764	631795	5950	8970	0	680479
17826	19989	26187	4556	588222	0	638954
17827	12176	622590	5191	26104	0	666061
17828	621274	27137	5516	14577	0	668504
17829	619726	13011	5609	11411	0	649757
17830	627748	9344	4657	9564	0	651313
17831	36729	599811	5037	8715	0	650292
17832	20097	25686	4048	611354	0	661185
17833	12938	13042	605543	28888	0	660411
17834	13226	9544	23087	608460	0	654317
17835	12463	8572	9873	630410	0	661318
17836	10553	8373	603867	34114	0	656907
17837	599765	6663	24094	17628	0	648150
17838	31575	6898	11006	613561	0	663040
17839	18123	6972	7210	611301	0	643606
17840	12366	608164	5851	33116	0	659497
17841	610149	26040	5205	18429	0	659823
17842	32053	13626	4953	596313	0	646945
17843	16597	603339	5526	29018	0	654480
17844	581052	24850	5240	17022	0	628164
17845	27144	581550	5252	12363	0	626309
17846	555103	24497	5837	10807	0	596244
17847	28623	11713	542756	9795	0	592887
17848	13539	8231	484249	8128	0	514147
17849	9556	5765	480584	6492	0	502397
17850	7733	477402	26741	6661	0	518537
17851	10791	21191	15139	421037	0	468158
17852	7877	462063	6591	17409	0	493940
17853	462965	21529	4874	10757	0	500125
17854	21638	10798	463066	6729	0	502231
17855	454951	7543	18978	6721	0	488193
17856	473643	6805	9665	5677	0	495790
17857	27244	6052	6880	459109	0	499285
17858	469478	6342	4726	19956	0	500502
17859	26115	5093	4587	467862	0	503657
17860	12624	6011	463047	21102	0	502784
17861	454849	5490	18675	11480	0	490494
17862	21592	460772	10717	7401	0	500482
17863	13686	18860	6652	465673	0	504871
17864	470056	9699	4824	20400	0	504979
17865	23544	7283	4058	469640	0	504525
17866	13513	5486	457638	22380	0	499017
17867	10712	4428	18608	454803	0	488551
17868	8251	458553	9959	21374	0	498137
17869	465175	18069	5998	11992	0	501234
17870	22186	9237	4639	463517	0	499579
17871	469992	6144	4377	22117	0	502630
17872	24345	4597	3803	469232	0	501977
17873	13013	3981	4218	463022	0	484234
17874	9216	460239	4582	24555	0	498592
17875	458646	18351	3964	14154	0	495115
17876	21038	478491	3972	9463	0	512964
17877	13463	19841	3394	449759	0	486457
17878	7827	464138	3512	19245	0	494722
17879	462218	19054	3048	11944	0	496264
17880	458055	9934	3046	10174	0	481209
17881	460499	7336	2815	9037	0	479687
17882	25652	435576	3632	6587	0	471447
17883	6404	345114	1641	3000	0	356159
17884	339583	10186	1950	3592	0	355311
17885	10294	345964	1543	2903	0	360704
17886	7222	12664	2252	323068	0	345206
17887	4139	3562	314829	7380	0	329910
17888	286177	2394	5057	3918	0	297546
17889	295752	1618	1609	3151	0	302130
17890	294264	1699	937	2570	0	299470
17891	6748	293499	764	1475	0	302486
17892	288300	4816	578	2260	0	295954
17893	6179	2434	294235	1064	0	303912
17894	2780	292507	3784	1050	0	300121
17895	2605	6080	1564	274364	0	284613
17896	944	277257	768	2130	0	281099
17897	264292	2270	597	1735	0	268894
17898	2137	271098	400	614	0	274249
17899	1142	1995	226	270229	0	273592
17900	682	269878	406	1788	0	272754
17901	1032	1910	363	276381	0	279686
17902	1081	730	339	269897	0	272047
17903	761	790	271480	2113	0	275144
17904	1141	539	1734	263055	0	266469
17905	265081	531	557	3109	0	269278
17906	263603	512	537	1672	0	266324
17907	2710	579	369	265847	0	269505
17908	1165	786	264578	1992	0	268521
17909	1295	555	1797	260859	0	264506
17910	262863	521	602	3236	0	267222
17911	271638	496	492	2480	0	275106
17912	276051	494	357	2041	0	278943
17913	2751	285986	526	790	0	290053
17914	288483	1979	320	2230	0	293012
17915	2597	1068	281678	719	0	286062
17916	298901	605	2122	2170	0	303798
17917	3103	534	835	312117	0	316589
17918	1822	525	611	313170	0	316128
17919	1571	525	347	316239	0	318682
17920	309475	580	310	4439	0	314804
17921	302910	457	393	2513	0	306273
17922	3673	495	434	305224	0	309826
17923	1865	703	311782	2830	0	317180
17924	2008	457	2253	309247	0	313965
17925	1722	456	705	307137	0	310020
17926	1301	747	305485	3323	0	310856
17927	989	305074	2528	1875	0	310466
17928	1466	2439	931	313289	0	318125
17929	316278	944	679	4201	0	322102
17930	3449	807	411	318094	0	322761
17931	1992	684	317	319746	0	322739
17932	321241	593	307	5356	0	327497
17933	3225	316596	594	2073	0	322488
17934	1665	323925	548	1490	0	327628
17935	320374	3182	356	2757	0	326669
17936	3366	1660	320412	991	0	326429
17937	301825	1019	2594	2710	0	308148
17938	3498	1057	337238	987	0	342780
17939	1565	342700	2935	984	0	348184
17940	344674	2726	1206	2625	0	351231
17941	348291	1142	614	2460	0	352507
17942	349269	880	440	2471	0	353060
17943	350142	675	380	2712	0	353909
17944	4333	1051	348515	805	0	354704
17945	3037	729	2512	342771	0	349049
17946	350395	732	996	4301	0	356424
17947	3591	1002	363633	1308	0	369534
17948	1993	991	354248	932	0	358164
17949	1405	357225	3281	813	0	362724
17950	360040	2210	1488	1924	0	365662
17951	3393	924	842	357489	0	362648
17952	356008	509	593	3939	0	361049
17953	2732	362433	627	1066	0	366858
17954	2033	2293	405	382889	0	387620
17955	2010	803	378	382046	0	385237
17956	1797	522	354	392304	0	394977
17957	986	756	398889	4534	0	405165
17958	833	403382	3774	2032	0	410021
17959	432389	3757	1251	2779	0	440176
17960	6316	1422	816	434555	0	443109
17961	432555	759	631	7214	0	441159
17962	428117	552	604	3600	0	432873
17963	8242	536	475	429796	0	439049
17964	3091	997	439021	5783	0	448892
17965	3328	518	5083	433402	0	442331
17966	1491	436933	2159	5826	0	446409
17967	2322	4989	1049	446850	0	455210
17968	1257	2133	443194	6316	0	452900
17969	434968	971	5300	4311	0	445550
17970	6612	701	1948	450118	0	459379
17971	443771	523	1361	8111	0	453766
17972	6675	1055	439683	2547	0	449960
17973	414494	613	5389	4221	0	424717
17974	7017	875	441119	1439	0	450450
17975	413468	481	5802	3443	0	423194
17976	6618	423995	2557	1434	0	434604
17977	2799	438599	1769	1777	0	444944
17978	3064	6540	1227	436689	0	447520
17979	3504	2723	1103	415114	0	422444
17980	2575	1482	759	438108	0	442924
17981	438564	910	854	9395	0	449723
17982	6860	736	723	444657	0	452976
17983	2825	1109	444056	6653	0	454643
17984	418907	679	5136	6015	0	430737
17985	5809	446728	2364	2511	0	457412
17986	450085	5035	1442	4350	0	460912
17987	439912	1930	1279	3871	0	446992
17988	8064	1649	444861	1417	0	455991
17989	5733	1112	5624	434589	0	447058
17990	3989	1017	2253	461854	0	469113
17991	2275	1426	466538	7772	0	478011
17992	1745	461974	6410	4018	0	474147
17993	454002	5735	2460	5178	0	467375
17994	458298	2186	1640	4393	0	466517
17995	9126	1522	1310	462819	0	474777
17996	5373	1109	1235	460323	0	468040
17997	3858	954	1192	481103	0	487107
17998	467034	992	1323	12422	0	481771
17999	7981	478168	1392	5107	0	492648
18000	480733	7204	1110	5257	0	494304
18001	479181	2632	1194	4626	0	487633
18002	10945	2180	497201	2072	0	512398
18003	6530	1278	8597	480940	0	497345
18004	3476	504715	3836	9252	0	521279
18005	4358	8845	2040	515602	0	530845
18006	4370	3727	1558	534387	0	544042
18007	3054	2570	543898	13007	0	562529
18008	554673	1458	10356	8628	0	575115
18009	615932	1267	4046	7264	0	628509
18010	644569	1227	2453	6209	0	654458
18011	21650	1504	1834	627005	0	651993
18012	11037	1942	1657	620932	0	635568
18013	5555	614149	2344	18670	0	640718
18014	4357	645804	2518	8170	0	660849
18015	631782	18255	2164	7736	0	659937
18016	17294	624053	2519	4354	0	648220
18017	7765	17439	619596	3635	0	648435
18018	8551	6770	15056	625754	0	656131
18019	634403	3901	5999	19844	0	664147
18020	18286	3422	625853	8003	0	655564
18021	9114	3361	621952	5583	0	640010
18022	629374	2407	20285	6652	0	658718
18023	639622	2621	8226	6112	0	656581
18024	26026	2456	4730	624566	0	657778
18025	11167	3014	625866	18959	0	659006
18026	10210	2941	16715	625919	0	655785
18027	6455	4093	612060	20575	0	643183
18028	6429	3962	626244	9286	0	645921
18029	6130	629767	21138	7177	0	664212
18030	631667	16476	9587	7695	0	665425
18031	634229	6627	6676	7853	0	655385
18032	23023	628136	5564	5513	0	662236
18033	14537	17565	4626	619369	0	656097
18034	11355	7354	5045	627715	0	651469
18035	9675	5034	4790	641203	0	660702
18036	625450	3667	4164	26928	0	660209
18037	19806	621885	4417	12612	0	658720
18038	611731	16757	4228	10546	0	643262
18039	612140	7539	4584	8911	0	633174
18040	24474	5559	589984	6011	0	626028
18041	12391	590567	18484	5602	0	627044
18042	11985	17685	8783	593666	0	632119
18043	8091	8667	597017	17837	0	631612
18044	580571	5715	18167	11411	0	615864
18045	603503	4335	8210	9456	0	625504
18046	605212	3989	5945	8692	0	623838
18047	598495	3440	5173	8461	0	615569
18048	28699	3471	4376	577843	0	614389
18049	14223	3756	571959	19745	0	609683
18050	13231	3350	17382	574315	0	608278
18051	574209	3843	8151	22324	0	608527
18052	578187	3098	5879	12607	0	599771
18053	25140	560484	5539	7782	0	598945
18054	553177	15434	4634	8132	0	581377
18055	22670	7587	543048	5907	0	579212
18056	12526	5489	537330	5630	0	560975
18057	519437	4735	20702	7173	0	552047
18058	21642	519261	9541	5115	0	555559
18059	13722	12867	5132	474109	0	505830
18060	9596	490849	4093	13157	0	517695
18061	9871	14324	3381	496274	0	523850
18062	8909	6648	3510	500476	0	519543
18063	8194	4813	3718	514971	0	531696
18064	492625	4089	3545	22001	0	522260
18065	505634	4068	3431	11461	0	524594
18066	503402	4004	3422	8022	0	518850
18067	22740	4585	485981	5286	0	518592
18068	487620	3416	15140	6157	0	512333
18069	21649	2858	8907	499186	0	532600
18070	13855	2810	6171	526009	0	548845
18071	10160	3261	521674	20359	0	555454
18072	11111	3570	16555	584927	0	616163
18073	609363	3182	7716	24551	0	644812
18074	23198	3652	605424	11660	0	643934
18075	14218	2713	19926	610002	0	646859
18076	612969	2438	9290	25019	0	649716
18077	617536	2650	6784	13743	0	640713
18078	29252	3156	606644	8722	0	647774
18079	16362	3758	616993	6802	0	643915
18080	14082	3279	24599	617672	0	659632
18081	627493	3133	12195	23715	0	666536
18082	638630	3218	7643	13358	0	662849
18083	30200	3716	5721	597240	0	636877
18084	15206	620404	6077	22169	0	663856
18085	622928	17930	5801	14136	0	660795
18086	24584	627588	6307	10487	0	668966
18087	17599	19767	5520	629464	0	672350
18088	12196	8303	624376	23028	0	667903
18089	11477	5632	610540	12043	0	639692
18090	10980	4251	625203	8181	0	648615
18091	12448	3842	26988	598108	0	641386
18092	11222	3107	13430	618517	0	646276
18093	608178	2873	9219	28559	0	648829
18094	23093	601958	7249	14882	0	647182
18095	614448	17342	6016	11095	0	648901
18096	28551	7717	5682	574874	0	616824
18097	13987	584891	5940	20119	0	624937
18098	11021	615692	5355	10614	0	642682
18099	12190	22845	4565	600523	0	640123
18100	596666	9818	4745	23340	0	634569
18101	21848	602663	5442	12137	0	642090
18102	569956	16864	5141	10056	0	602017
18103	21183	585314	5582	6795	0	618874
18104	577028	18596	5610	7321	0	608555
18105	22833	8890	559652	6373	0	597748
18106	12900	6308	550648	5730	0	575586
18107	9605	538984	19156	4510	0	572255
18108	487245	18742	14722	6071	0	526780
18109	14246	455178	4953	3074	0	477451
18110	6434	434575	3199	2985	0	447193
18111	9365	14610	3294	430389	0	457658
18112	429987	5721	3186	11599	0	450493
18113	11155	434965	2687	5133	0	453940
18114	421697	9938	1990	4426	0	438051
18115	11176	422503	1875	2271	0	437825
18116	413062	10533	1480	3223	0	428298
18117	10662	410032	1662	2033	0	424389
18118	5355	415562	1703	2152	0	424772
18119	5324	11653	2146	389907	0	409030
18120	2797	407590	2019	7684	0	420090
18121	401899	10449	1244	4430	0	418022
18122	9692	5129	398379	2378	0	415578
18123	5668	3991	7748	399257	0	416664
18124	3193	3733	405793	8827	0	421546
18125	3817	2461	8979	401127	0	416384
18126	4106	2541	3671	409313	0	419631
18127	2960	2892	390034	11363	0	407249
18128	356585	2167	8840	7307	0	374899
18129	9784	380398	4629	4214	0	399025
18130	385484	8786	3216	4470	0	401956
18131	10902	387432	2726	3410	0	404470
18132	6786	10118	2241	387745	0	406890
18133	387901	4568	2469	10883	0	405821
18134	389964	3880	2755	5577	0	402176
18135	395120	2837	2465	4632	0	405054
18136	14694	2839	2417	385453	0	405403
18137	8795	2901	2176	385409	0	399281
18138	5851	396987	2652	11297	0	416787
18139	400642	9741	2133	7665	0	420181
18140	409331	4710	2232	5715	0	421988
18141	408007	3994	2937	4178	0	419116
18142	406333	3422	2484	4573	0	416812
18143	14390	391466	3196	3449	0	412501
18144	8460	9730	2970	398426	0	419586
18145	5891	5694	395810	9921	0	417316
18146	388036	3968	9096	6634	0	407734
18147	411714	3455	3744	5592	0	424505
18148	15480	3746	403485	3226	0	425937
18149	8534	4332	405716	3455	0	422037
18150	7095	4099	11253	405293	0	427740
18151	5581	4318	5255	420570	0	435724
18152	5466	4308	3646	427539	0	440959
18153	416349	4065	2958	15131	0	438503
18154	13392	3637	2766	419058	0	438853
18155	7173	3468	408493	13117	0	432251
18156	6266	3712	10426	416295	0	436699
18157	4672	3785	421191	13662	0	443310
18158	5235	3394	11406	417126	0	437161
18159	5789	3014	5452	439224	0	453479
18160	5076	3463	433232	14860	0	456631
18161	405303	3395	11605	9204	0	429507
18162	12155	434837	6068	5637	0	458697
18163	441969	12532	3992	5204	0	463697
18164	15390	6661	2361	449695	0	474107
18165	450051	5212	2005	14881	0	472149
18166	15129	460639	2251	7390	0	485409
18167	8653	489630	2056	5120	0	505459
18168	8797	22133	2333	501156	0	534419
18169	6034	9262	520311	14237	0	549844
18170	4876	6881	499939	6820	0	518516
18171	4755	505238	17722	5369	0	533084
18172	419387	12816	8060	4539	0	444802
18173	11621	5182	4306	415430	0	436539
18174	410131	3153	3318	11914	0	428516
18175	11693	404788	3473	5344	0	425298
18176	5701	421887	3051	3727	0	434366
18177	6519	14836	2480	417161	0	440996
18178	415534	7131	1876	12760	0	437301
18179	419411	5008	1097	6785	0	432301
18180	15266	4502	407875	4190	0	431833
18181	8029	4187	395064	3391	0	410671
18182	389477	3317	12182	4397	0	409373
18183	12278	396016	6590	3043	0	417927
18184	397961	10257	4456	3243	0	415917
18185	15359	5231	3390	388807	0	412787
18186	7904	3756	386374	9669	0	407703
18187	365072	2533	11031	6202	0	384838
18188	12038	375259	6240	3648	0	397185
18189	6635	388935	4287	2717	0	402574
18190	7489	13119	3413	380090	0	404111
18191	384824	6358	3238	11925	0	406345
18192	12727	4268	2928	387270	0	407193
18193	397655	3706	3164	12651	0	417176
18194	12967	4535	386128	5840	0	409470
18195	384232	4001	8670	6107	0	403010
18196	401149	3355	3729	5542	0	413775
18197	16534	3068	382244	4251	0	406097
18198	370456	2525	9483	4989	0	387453
18199	15144	370648	5908	3589	0	395289
18200	10482	9108	4581	368339	0	392510
18201	8647	375144	3859	8661	0	396311
18202	386413	10959	3593	4837	0	405802
18203	14648	5603	3505	372957	0	396713
18204	8138	371237	3673	9965	0	393013
18205	7665	10964	2804	373452	0	394885
18206	5767	381103	2036	11746	0	400652
18207	6042	12703	1709	385555	0	406009
18208	384736	6943	1809	13819	0	407307
18209	12775	5397	1858	386028	0	406058
18210	7449	4647	376843	13509	0	402448
18211	368362	4601	9042	8834	0	390839
18212	12915	4331	4192	382507	0	403945
18213	7549	3880	372362	13455	0	397246
18214	7181	3222	355452	8803	0	374658
18215	6568	2567	378284	6810	0	394229
18216	7246	2084	15167	365885	0	390382
18217	6451	2106	8733	387395	0	404685
18218	5986	2311	6924	390403	0	405624
18219	5391	2301	5886	393637	0	407215
18220	386986	2567	5752	17400	0	412705
18221	396602	2468	4960	11321	0	415351
18222	400957	2693	3878	9874	0	417402
18223	408024	2908	3020	9114	0	423066
18224	17578	2732	2485	399457	0	422252
18225	11219	3064	403714	14569	0	432566
18226	401940	2559	9365	10515	0	424379
18227	425994	2823	4976	7722	0	441515
18228	19010	2825	4110	415576	0	441521
18229	12527	2613	3650	426717	0	445507
18230	429331	2405	3623	17266	0	452625
18231	16393	2221	3669	412792	0	435075
18232	10240	409517	4170	15741	0	439668
18233	422905	9531	3977	10903	0	447316
18234	415949	4702	3769	9964	0	434384
18235	18285	4106	420494	7672	0	450557
18236	12209	3496	11229	421378	0	448312
18237	9628	3461	6276	438930	0	458295
18238	431526	3169	5353	18002	0	458050
18239	436752	3134	4318	10956	0	455160
18240	19993	2904	3412	432476	0	458785
18241	12522	2902	427908	15935	0	459267
18242	10413	2349	427097	10963	0	450822
18243	10237	1853	13229	435683	0	461002
18244	10647	2421	7151	442701	0	462920
18245	433684	2095	5359	18169	0	459307
18246	16462	420423	5254	10884	0	453023
18247	10301	418102	5259	8827	0	442489
18248	8554	436702	5180	7333	0	457769
18249	8810	13154	5089	429727	0	456780
18250	426126	6075	4378	15563	0	452142
18251	424521	4992	2528	10131	0	442172
18252	16314	423917	2162	7493	0	449886
18253	431956	11969	1656	7136	0	452717
18254	15726	6793	1968	428643	0	453130
18255	9519	5682	429647	13207	0	458055
18256	10386	4097	9175	419350	0	443008
18257	9710	3419	4209	428055	0	445393
18258	9270	3123	3646	428377	0	444416
18259	414287	2606	3132	17423	0	437448
18260	12996	3891	3358	403269	0	423514
18261	8342	399793	3244	15285	0	426664
18262	392733	7676	4765	11861	0	417035
18263	11468	388068	3120	9082	0	411738
18264	6673	379069	2773	7398	0	395913
18265	5822	389670	2739	6567	0	404798
18266	5691	8150	358480	4923	0	377244
18267	3681	348285	6297	4588	0	362851
18268	3190	4667	311870	2775	0	322502
18269	282074	1604	3011	2462	0	289151
18270	293822	596	1098	2536	0	298052
18271	2868	804	303142	1172	0	307986
18272	296950	518	2120	2682	0	302270
18273	312620	447	724	2406	0	316197
18274	2940	759	312506	999	0	317204
18275	1379	320632	2206	925	0	325142
18276	1862	2442	777	324194	0	329275
18277	325176	880	543	3554	0	330153
18278	3004	748	430	320863	0	325045
18279	332576	681	499	4055	0	337811
18280	327984	641	496	2453	0	331574
18281	3114	887	330572	873	0	335446
18282	321212	537	2196	2196	0	326141
18283	2866	338791	896	1044	0	343597
18284	343064	2251	525	2045	0	347885
18285	3370	894	429	345114	0	349807
18286	1654	879	343081	2549	0	348163
18287	1912	595	2187	337581	0	342275
18288	339485	593	890	3963	0	344931
18289	2631	339495	824	1705	0	344655
18290	1532	2535	339197	1265	0	344529
18291	2196	881	2276	325198	0	330551
18292	1422	909	339216	2823	0	344370
18293	1240	337426	2563	1476	0	342705
18294	335810	2452	1002	2275	0	341539
18295	3292	1000	706	336709	0	341707
18296	1538	1092	336769	2686	0	342085
18297	1539	1301	313919	1347	0	318106
18298	334261	849	2772	2192	0	340074
18299	3499	800	1139	340637	0	346075
18300	2118	862	817	341815	0	345612
18301	1458	978	346324	3275	0	352035
18302	1522	1073	338831	1431	0	342857
18303	1397	356082	3365	1227	0	362071
18304	1764	2802	1410	358911	0	364887
18305	1851	1063	1105	357157	0	361176
18306	1247	356726	1081	3522	0	362576
18307	1320	3183	351593	1637	0	357733
18308	336950	1196	3183	2421	0	343750
18309	3847	766	1303	361552	0	367468
18310	1616	1050	366886	3567	0	373119
18311	2225	829	3275	349843	0	356172
18312	1438	361729	1490	3604	0	368261
18313	1503	3489	359609	1676	0	366277
18314	339292	1433	3571	3071	0	347367
18315	4051	1386	362527	1151	0	369115
18316	1890	1572	351251	1032	0	355745
18317	1566	1205	347266	1003	0	351040
18318	1342	1053	372530	1108	0	376033
18319	2357	879	5327	373364	0	381927
18320	1281	977	398397	4774	0	405429
18321	2091	817	5457	381944	0	390309
18322	922	395064	2050	5236	0	403272
18323	420416	4972	1425	3152	0	429965
18324	7651	1517	1131	425899	0	436198
18325	2830	1296	423504	7084	0	434714
18326	1538	422743	7160	3311	0	434752
18327	2556	6545	2814	426408	0	438323
18328	422839	2363	1841	8784	0	435827
18329	6505	426279	1667	2933	0	437384
18330	3837	6984	1162	432578	0	444561
18331	434893	2422	1082	8864	0	447261
18332	7246	1750	429021	2857	0	440874
18333	419794	979	7201	3653	0	431627
18334	7882	1131	438977	1408	0	449398
18335	412162	777	7869	2404	0	423212
18336	419059	634	3114	2656	0	425463
18337	9307	938	414194	1044	0	425483
18338	3489	407936	7117	976	0	419518
18339	3915	6945	3100	400154	0	414114
18340	1564	2614	418512	6546	0	429236
18341	3003	1704	6927	397844	0	409478
18342	2715	1233	2770	405340	0	412058
18343	1050	937	412009	8802	0	422798
18344	1238	962	404304	3672	0	410176
18345	2163	572	8817	408338	0	419890
18346	415542	475	3740	8815	0	428572
18347	6749	406894	2619	3365	0	419627
18348	3034	415820	1943	2091	0	422888
18349	414898	8223	1330	3191	0	427642
18350	421587	3302	1321	2868	0	429078
18351	10134	1927	1134	418326	0	431521
18352	5075	1323	1049	421315	0	428762
18353	3391	908	1166	429020	0	434485
18354	415617	715	1094	11735	0	429161
18355	7031	397668	1513	4843	0	411055
18356	3293	411856	1600	2820	0	419569
18357	3186	8130	1558	413780	0	426654
18358	2921	3168	1243	420852	0	428184
18359	2840	1839	1114	421639	0	427432
18360	415130	1424	1147	11984	0	429685
18361	7267	421271	1299	4922	0	434759
18362	425782	7226	1101	4615	0	438724
18363	9158	3432	425253	2157	0	440000
18364	4072	429606	8078	2334	0	444090
18365	3326	8018	3511	430393	0	445248
18366	428762	3299	2271	10713	0	445045
18367	9438	2389	425731	4303	0	441861
18368	4495	2287	424205	2925	0	433912
18369	4048	1678	11050	425358	0	442134
18370	3088	1525	4823	435104	0	444540
18371	2665	1446	2886	431311	0	438308
18372	3096	1332	2101	416992	0	423521
18373	3102	1346	1734	416634	0	422816
18374	1960	404666	2003	13689	0	422318
18375	2980	7983	1808	413036	0	425807
18376	401199	3506	2011	13138	0	419854
18377	8589	409456	1901	6537	0	426483
18378	405276	8967	1668	6008	0	421919
18379	10516	4480	396281	3680	0	414957
18380	5179	2946	397503	3458	0	409086
18381	4677	2195	11352	413420	0	431644
18382	2898	2074	500447	11467	0	516886
18383	4099	1600	15527	493654	0	514880
18384	4362	1734	6894	498705	0	511695
18385	510358	1599	4071	22447	0	538475
18386	513691	1712	2980	11732	0	530115
18387	20919	528276	3028	6176	0	558399
18388	9674	560258	2786	4738	0	577456
18389	7439	21869	2225	553926	0	585459
18390	559194	9916	2414	20553	0	592077
18391	18827	5777	561701	9575	0	595880
18392	10776	3427	17892	560002	0	592097
18393	7843	2550	8465	572431	0	591289
18394	4269	2845	560827	25789	0	593730
18395	3393	558707	19480	13739	0	595319
18396	6216	18188	8514	555903	0	588821
18397	3736	8781	569251	22186	0	603954
18398	5689	5089	19111	565456	0	595345
18399	542287	3301	9148	25302	0	580038
18400	18239	542100	6414	12596	0	579349
18401	8904	561518	4626	8558	0	583606
18402	7850	23424	3912	553224	0	588410
18403	538729	10555	3821	23165	0	576270
18404	18436	544941	4379	12300	0	580056
18405	550486	19194	3809	10778	0	584267
18406	21915	9628	542917	8109	0	582569
18407	11209	6424	562547	7424	0	587604
18408	9956	5244	24921	538162	0	578283
18409	7719	4714	11685	579374	0	603492
18410	559483	4655	7078	29597	0	600813
18411	24468	4524	4439	565343	0	598774
18412	12565	5396	555203	26066	0	599230
18413	10522	5985	19606	554124	0	590237
18414	8827	5238	9739	576212	0	600016
18415	6371	4688	546762	30790	0	588611
18416	521651	4175	21332	18662	0	565820
18417	22515	4644	11105	553247	0	591511
18418	533125	3766	7379	26856	0	571126
18419	20677	508962	7194	15320	0	552153
18420	504846	17669	6056	12839	0	541410
18421	20279	494808	5437	11194	0	531718
18422	10576	508547	5844	10018	0	534985
18423	10780	22151	6246	472739	0	511916
18424	466621	10190	6134	20573	0	503518
18425	472902	7369	3901	12154	0	496326
18426	22216	6351	3584	465069	0	497220
18427	465796	5244	3723	21220	0	495983
18428	471636	4973	3505	12999	0	493113
18429	25175	5362	3484	465244	0	499265
18430	455026	4852	3573	20769	0	484220
18431	21345	456156	4573	11942	0	494016
18432	462280	16751	4632	10498	0	494161
18433	21425	9046	449703	9270	0	489444
18434	467634	5532	15292	10674	0	499132
18435	22742	4008	8449	468616	0	503815
18436	13428	3199	6660	482753	0	506040
18437	10033	3189	5916	486564	0	505702
18438	9163	4241	5297	484917	0	503618
18439	7662	3414	5123	480816	0	497015
18440	6941	432508	5912	28563	0	473924
18441	7639	469612	5105	17174	0	499530
18442	465538	18503	4517	14064	0	502622
18443	20498	10406	457557	10282	0	498743
18444	453881	8338	15372	10376	0	487967
18445	22406	7335	459079	9045	0	497865
18446	14472	6673	17131	453494	0	491770
18447	11769	6594	7629	475282	0	501274
18448	460946	5797	5122	26445	0	498310
18449	23102	6299	454085	14551	0	498037
18450	16455	5690	15287	462120	0	499552
18451	12086	5289	474932	22367	0	514674
18452	11458	481183	18243	14176	0	525060
18453	12309	16434	8471	497977	0	535191
18454	497396	8398	6427	24417	0	536638
18455	489358	6080	5213	15759	0	516410
18456	504338	5123	5010	13813	0	528284
18457	28202	483346	5769	11441	0	528758
18458	15839	512150	6001	10767	0	544757
18459	473871	21153	5517	13787	0	514328
18460	21619	500211	5310	12162	0	539302
18461	12298	508823	4988	12306	0	538415
18462	10815	22033	488602	11969	0	533419
18463	8462	481552	16147	11366	0	517527
18464	7560	493501	8527	9858	0	519446
18465	8967	22433	5583	486753	0	523736
18466	7645	13251	485585	20017	0	526498
18467	8765	9273	473901	11900	0	503839
18468	464211	6523	20538	11242	0	502514
18469	21580	5909	483229	7901	0	518619
18470	486781	5322	20130	8654	0	520887
18471	22722	5074	10477	480202	0	518475
18472	13778	485630	7362	20377	0	527147
18473	505124	16303	6102	13571	0	541100
18474	525312	8858	5919	11859	0	551948
18475	26312	5858	6019	517241	0	555430
18476	16235	5062	6358	525525	0	553180
18477	13033	4785	5430	532665	0	555913
18478	515794	4364	4640	28812	0	553610
18479	489703	4747	4445	17697	0	516592
18480	520920	4960	3828	13203	0	542911
18481	27620	485849	3273	9233	0	525975
18482	408226	9203	2496	5581	0	425506
18483	13131	395947	2138	4255	0	415471
18484	7569	400122	1910	3937	0	413538
18485	7592	15470	3408	370012	0	396482
18486	4540	378401	2134	8061	0	393136
18487	356205	6974	1545	4174	0	368898
18488	8352	3487	941	350574	0	363354
18489	342276	2012	771	7333	0	352392
18490	6453	329572	1045	2984	0	340054
18491	3125	343758	1010	1980	0	349873
18492	345146	5930	862	3296	0	355234
18493	6426	352755	998	1612	0	361791
18494	4065	5933	1121	354187	0	365306
18495	3538	2305	1089	359256	0	366188
18496	356984	1537	727	7820	0	367068
18497	7124	1405	553	358435	0	367517
18498	2828	1662	364803	6764	0	376057
18499	3050	1401	5608	366425	0	376484
18500	373677	1293	1765	8681	0	385416
18501	7157	383809	1449	2896	0	395311
18502	403300	7155	976	3726	0	415157
18503	398074	2715	883	3539	0	405211
18504	409118	2103	715	3121	0	415057
18505	10872	2055	399538	1620	0	414085
18506	4636	1946	388147	1394	0	396123
18507	380323	1467	8311	2774	0	392875
18508	8579	391779	3174	1522	0	405054
18509	4398	7840	1789	393613	0	407640
18510	3619	2972	1261	393773	0	401625
18511	2151	380940	1621	8898	0	393610
18512	1858	395102	1577	3438	0	401975
18513	2957	9197	1143	394111	0	407408
18514	2943	3565	961	399957	0	407426
18515	2256	2675	387069	9727	0	401727
18516	2717	2369	369700	4034	0	378820
18517	377243	1515	9207	4252	0	392217
18518	399507	1521	3574	3494	0	408096
18519	11244	1535	2495	394184	0	409458
18520	4793	1852	395469	8697	0	410811
18521	4520	1817	8132	390379	0	404848
18522	389750	1593	2818	11502	0	405663
18523	9662	1878	388032	4311	0	403883
18524	5448	1923	8239	391436	0	407046
18525	3368	2267	393628	9098	0	408361
18526	2783	386131	9275	4593	0	402782
18527	2602	8550	391721	3109	0	405982
18528	4046	4267	9533	382666	0	400512
18529	388773	2336	4235	10036	0	405380
18530	9970	2006	2552	394260	0	408788
18531	391297	1703	2051	11426	0	406477
18532	397888	1712	1764	6131	0	407495
18533	387646	1764	1952	4844	0	396206
18534	11827	1745	373998	3013	0	390583
18535	379735	1280	8174	3684	0	392873
18536	11710	1234	3636	381877	0	398457
18537	6363	1205	2577	387396	0	397541
18538	4078	1625	381031	10295	0	397029
18539	4567	2235	8108	380463	0	395373
18540	382657	1515	3515	11719	0	399406
18541	9028	382272	2624	5287	0	399211
18542	390305	7472	1799	5700	0	405276
18543	395118	2761	1572	5427	0	404878
18544	399741	1935	1621	4546	0	407843
18545	13173	1684	1623	390625	0	407105
18546	6223	1794	393488	9645	0	411150
18547	5517	1439	8464	400536	0	415956
18548	5065	1324	3413	409700	0	419502
18549	403385	1270	2521	13596	0	420772
18550	395052	1285	2178	7354	0	405869
18551	12302	1571	381104	4138	0	399115
18552	6965	1768	8822	380823	0	398378
18553	4483	1426	385661	10615	0	402185
18554	388941	1314	10394	6218	0	406867
18555	11533	428758	4406	4113	0	448810
18556	431363	9677	3136	4330	0	448506
18557	12835	443797	2604	2891	0	462127
18558	440254	11221	2285	4325	0	458085
18559	13084	441563	2441	2970	0	460058
18560	8090	11893	2314	436550	0	458847
18561	6441	4042	1732	452630	0	464845
18562	447325	2780	1634	15582	0	467321
18563	446814	1947	1664	7686	0	458111
18564	450154	1733	1813	5827	0	459527
18565	439417	1521	1785	5188	0	447911
18566	446376	1759	1807	4176	0	454118
18567	19075	1529	1731	426833	0	449168
18568	8662	428228	1901	12115	0	450906
18569	8517	11042	1416	418303	0	439278
18570	5681	424690	1648	12553	0	444572
18571	6490	12450	1262	411593	0	431795
18572	4833	419368	1696	12788	0	438685
18573	6206	12241	1333	414163	0	433943
18574	4648	4623	398504	13881	0	421656
18575	382379	3124	10289	7590	0	403382
18576	13697	396379	3833	4709	0	418618
18577	399590	10956	2354	4901	0	417801
18578	14844	4431	390591	3720	0	413586
18579	385266	3252	10610	4561	0	403689
18580	14732	2960	403855	3565	0	425112
18581	8148	2980	12037	398686	0	421851
18582	5207	430266	4810	12749	0	453032
18583	4575	13223	435474	5435	0	458707
18584	6001	5507	13561	437639	0	462708
18585	424194	3868	6235	16275	0	450572
18586	16265	2944	4017	443173	0	466399
18587	9317	2525	3022	452506	0	467370
18588	8194	2229	2511	459910	0	472844
18589	5298	2832	442886	20010	0	471026
18590	6891	2383	13253	435511	0	458038
18591	4362	431622	6312	17352	0	459648
18592	6120	12465	3930	434106	0	456621
18593	5859	5226	2770	441184	0	455039
18594	428445	3445	2471	20179	0	454540
18595	16699	3337	1959	437572	0	459567
18596	7775	2760	438536	17388	0	466459
18597	5881	2319	436662	9379	0	454241
18598	4719	2224	435070	7044	0	449057
18599	3920	429611	17766	6045	0	457342
18600	417342	13090	10426	6562	0	447420
18601	13208	415867	5341	4615	0	439031
18602	404649	13365	3666	4571	0	426251
18603	15826	6046	2849	398554	0	423275
18604	7276	4269	405164	13462	0	430171
18605	5623	3497	396289	6734	0	412143
18606	3938	411456	15589	5503	0	436486
18607	5440	12843	7374	407040	0	432697
18608	5107	6068	4785	418032	0	433992
18609	4738	4236	3495	426771	0	439240
18610	2958	3515	414252	19810	0	440535
18611	393257	2811	13788	11498	0	421354
18612	14236	3040	416143	6904	0	440323
18613	9368	3025	14882	407419	0	434694
18614	7931	2594	6897	426329	0	443751
18615	4781	2962	415354	19363	0	442460
18616	398123	2348	14755	11964	0	427190
18617	14305	415336	7772	8450	0	445863
18618	417892	13251	5544	7512	0	444199
18619	17172	6564	4474	405022	0	433232
18620	7805	414076	4055	15823	0	441759
18621	7420	14028	3596	423173	0	448217
18622	419886	6780	3583	19464	0	449713
18623	16996	4759	3501	420354	0	445610
18624	8551	3971	409404	18794	0	440720
18625	405538	3286	14140	11497	0	434461
18626	418675	3051	7658	9136	0	438520
18627	19720	3555	406992	7038	0	437305
18628	11705	3204	14707	409003	0	438619
18629	417111	2867	8057	17877	0	445912
18630	18291	2933	5569	411162	0	437955
18631	10626	3345	4461	411560	0	429992
18632	9040	2871	3972	414110	0	429993
18633	7532	2778	3706	417388	0	431404
18634	5214	3246	396854	23901	0	429215
18635	6309	2569	14646	404121	0	427645
18636	5338	2646	397866	21042	0	426892
18637	389973	2441	16682	13551	0	422647
18638	405010	2525	9223	10717	0	427475
18639	405408	2416	6625	9311	0	423760
18640	408609	2333	5131	8556	0	424629
18641	23156	2307	5325	391567	0	422355
18642	390473	2206	4593	19208	0	416480
18643	19268	2120	380600	11616	0	413604
18644	10635	2194	379535	9685	0	402049
18645	364943	1808	17524	9108	0	393383
18646	15830	360509	9995	8316	0	394650
18647	8871	366878	7009	7063	0	389821
18648	8801	14892	6321	358100	0	388114
18649	6366	7348	359071	15837	0	388622
18650	344554	4578	14535	10646	0	374313
18651	15838	3287	359274	8045	0	386444
18652	9362	337506	13974	7205	0	368047
18653	8150	10405	337881	6267	0	362703
18654	5786	316067	13210	5610	0	340673
18655	277911	11817	9342	6128	0	305198
18656	10658	274707	5128	4627	0	295120
18657	6072	264346	3810	4021	0	278249
18658	5595	10357	3466	260730	0	280148
18659	4035	5727	258772	9600	0	278134
18660	4086	3707	8878	251238	0	267909
18661	3885	2947	5442	259796	0	272070
18662	3365	2431	253340	12916	0	272052
18663	3983	2057	9627	245614	0	261281
18664	3707	244794	5935	10644	0	265080
18665	3809	7727	4544	256441	0	272521
18666	253530	4490	3778	11355	0	273153
18667	9893	3102	3334	257516	0	273845
18668	6022	2621	253601	11227	0	273471
18669	5334	2403	8806	258397	0	274940
18670	3806	2431	254529	11547	0	272313
18671	250711	2491	9780	7639	0	270621
18672	9740	2071	5717	257928	0	275456
18673	258441	2083	4528	11494	0	276546
18674	10617	2051	255244	7249	0	275161
18675	243375	1699	9408	6457	0	260939
18676	10379	256524	5963	4691	0	277557
18677	6289	7778	259965	4513	0	278545
18678	5551	6510	9562	253828	0	275451
18679	4269	3185	262755	9791	0	280000
18680	3498	241615	9899	6286	0	261298
18681	3513	255373	5818	4803	0	269507
18682	220928	7104	3297	4010	0	235339
18683	6493	234717	2569	3083	0	246862
18684	236377	6575	2673	3336	0	248961
18685	8686	3262	2353	238020	0	252321
18686	3949	2239	235241	7463	0	248892
18687	2980	237553	6940	3884	0	251357
18688	3661	7048	3776	236920	0	251405
18689	3128	3272	2499	246182	0	255081
18690	3130	2450	1961	251442	0	258983
18691	2981	2141	2012	245349	0	252483
18692	2427	232164	2212	9984	0	246787
18693	1973	248308	2190	5150	0	257621
18694	237117	7329	1960	3884	0	250290
18695	6400	237501	1772	2855	0	248528
18696	3332	6567	1552	225805	0	237256
18697	2031	2830	225153	6329	0	236343
18698	1674	223254	5551	3214	0	233693
18699	2301	5685	2296	218820	0	229102
18700	2132	3508	1688	217830	0	225158
18701	1096	220836	1256	6613	0	229801
18702	213143	5352	1066	3963	0	223524
18703	5119	2533	214127	2457	0	224236
18704	196292	1732	4577	2425	0	205026
18705	5043	208966	2026	1595	0	217630
18706	192234	4338	1160	1573	0	199305
18707	4140	198156	759	907	0	203962
18708	2717	4844	754	205478	0	213793
18709	1836	2190	646	210035	0	214707
18710	205929	1424	619	6293	0	214265
18711	5034	1343	567	207940	0	214884
18712	2069	1192	206501	5180	0	214942
18713	1161	198646	4175	2518	0	206500
18714	1054	206108	1723	1637	0	210522
18715	1729	5307	1042	201860	0	209938
18716	982	2418	204840	4312	0	212552
18717	1550	1736	3842	199820	0	206948
18718	1473	1295	1410	204324	0	208502
18719	826	1255	199926	5723	0	207730
18720	939	1268	193088	2768	0	198063
18721	684	200697	4678	2101	0	208160
18722	200395	4304	1870	2243	0	208812
18723	4507	2189	1056	197177	0	204929
18724	1703	194974	1016	4357	0	202050
18725	200349	4521	911	2978	0	208759
18726	4481	2217	888	201195	0	208781
18727	2144	1577	737	200914	0	205372
18728	918	197529	887	6046	0	205380
18729	1309	4409	851	198572	0	205141
18730	198327	2146	857	6061	0	207391
18731	4675	1644	807	201327	0	208453
18732	2490	1506	812	203841	0	208649
18733	1396	1610	198035	5988	0	207029
18734	1504	1729	185193	3056	0	191482
18735	195472	1361	4926	2863	0	204622
18736	4755	1421	1920	198232	0	206328
18737	2558	1404	1182	199180	0	204324
18738	1939	1456	916	202840	0	207151
18739	1397	1451	196538	6866	0	206252
18740	193659	1305	4152	4127	0	203243
18741	4931	1333	1827	198045	0	206136
18742	2605	1371	1395	202123	0	207494
18743	195673	1301	1287	7143	0	205404
18744	4601	194965	1343	3859	0	204768
18745	2420	4583	195230	3016	0	205249
18746	1898	2220	4443	188904	0	197465
18747	1485	194953	2351	5819	0	204608
18748	1750	4451	1624	201164	0	208989
18749	196844	2210	1476	6688	0	207218
18750	5101	1862	1149	198535	0	206647
18751	194372	1617	1181	6992	0	204162
18752	195242	1516	1240	4430	0	202428
18753	6292	1573	1094	191212	0	200171
18754	2878	186575	1254	6391	0	197098
18755	1945	195697	1368	4143	0	203153
18756	1620	5682	193153	3366	0	203821
18757	2153	2830	4625	185268	0	194876
18758	1848	1952	2174	195780	0	201754
18759	1814	1735	1554	199488	0	204591
18760	193398	1600	1255	8194	0	204447
18761	5434	1591	1072	196315	0	204412
18762	2997	1594	194373	6841	0	205805
18763	193557	1367	4380	4998	0	204302
18764	5683	1411	2065	203766	0	212925
18765	3271	1445	1482	208427	0	214625
18766	2039	1425	202879	7796	0	214139
18767	196649	1403	4587	5077	0	207716
18768	5307	1486	2201	206562	0	215556
18769	2678	1389	211074	7142	0	222283
18770	2541	1221	4919	211087	0	219768
18771	2421	1161	2579	198159	0	204320
18772	2027	213048	1998	7182	0	224255
18773	211749	4458	1604	5151	0	222962
18774	211564	1998	1485	4573	0	219620
18775	6178	209607	1550	3753	0	221088
18776	208320	4565	1542	4007	0	218434
18777	207095	2072	1425	3811	0	214403
18778	6850	1476	1242	206693	0	216261
18779	3272	1257	198915	6592	0	210036
18780	2650	1069	189779	3943	0	197441
18781	1890	933	188957	3175	0	194955
18782	1775	1100	192511	2861	0	198247
18783	2139	2916	5411	176505	0	186971
18784	1458	790	2590	183636	0	188474
18785	1515	787	1296	182771	0	186369
18786	1891	694	970	185903	0	189458
18787	183967	618	842	6373	0	191800
18788	4261	187915	962	3422	0	196560
18789	191969	3111	793	2740	0	198613
18790	4545	1511	190965	1781	0	198802
18791	2351	901	198927	1621	0	203800
18792	2175	1773	4762	200710	0	209420
18793	204097	587	3125	5348	0	213157
18794	194406	389	1408	3123	0	199326
18795	4916	199025	1233	1991	0	207165
18796	2016	204886	1003	1627	0	209532
18797	1975	4260	783	205521	0	212539
18798	203823	1598	933	4762	0	211116
18799	3705	206201	778	2308	0	212992
18800	207064	3456	582	2321	0	213423
18801	206265	1674	564	1960	0	210463
18802	207850	1015	588	1797	0	211250
18803	5307	911	208938	1044	0	216200
18804	2624	211116	3424	1079	0	218243
18805	208446	3112	1649	1827	0	215034
18806	208590	1454	1038	1681	0	212763
18807	4777	202193	733	1050	0	208753
18808	1832	196789	526	509	0	199656
18809	197505	3272	600	971	0	202348
18810	3538	1507	320	196631	0	201996
18811	1660	1022	196849	2484	0	202015
18812	189675	807	2348	1538	0	194368
18813	3507	668	879	200195	0	205249
18814	1679	206213	660	2429	0	210981
18815	1656	2683	383	211086	0	215808
18816	1148	1355	212307	2844	0	217654
18817	1630	841	2639	209350	0	214460
18818	221609	674	1084	3939	0	227306
18819	3626	656	672	223208	0	228162
18820	2178	556	436	225370	0	228540
18821	1149	791	233361	3924	0	239225
18822	1650	647	2727	223673	0	228697
18823	898	232898	1231	3348	0	238375
18824	234017	2762	778	2375	0	239932
18825	227450	1127	623	2005	0	231205
18826	4057	909	234694	942	0	240602
18827	2330	772	2839	226596	0	232537
18828	1172	228326	1350	3140	0	233988
18829	989	237392	928	1548	0	240857
18830	235077	3560	701	1830	0	241168
18831	3809	1492	506	240348	0	246155
18832	1772	1029	239201	3425	0	245427
18833	1312	967	233245	1720	0	237244
18834	1262	633	3852	241192	0	246939
18835	240874	547	1670	4313	0	247404
18836	239778	647	1036	2327	0	243788
18837	4722	690	761	250056	0	256229
18838	2262	783	253404	3473	0	259922
18839	1452	252826	3364	1833	0	259475
18840	253533	2992	1536	2180	0	260241
18841	3360	256640	1122	1255	0	262377
18842	258628	3605	770	1812	0	264815
18843	4372	1589	636	258810	0	265407
18844	2013	1254	258991	3595	0	265853
18845	1951	813	3296	253889	0	259949
18846	257503	715	1619	4978	0	264815
18847	3860	880	258334	1956	0	265030
18848	2000	259314	3541	1601	0	266456
18849	2125	3209	1579	262441	0	269354
18850	263381	1352	1105	4733	0	270571
18851	3962	1188	263035	1967	0	270152
18852	2599	926	3613	264888	0	272026
18853	2178	890	1606	272263	0	276937
18854	1576	1021	272789	4582	0	279968
18855	2098	869	3721	265974	0	272662
18856	1404	1055	271617	4513	0	278589
18857	258629	808	3993	3350	0	266780
18858	4575	753	1927	282800	0	290055
18859	2319	973	296833	4302	0	304427
18860	1727	298346	4276	2360	0	306709
18861	304225	3951	1960	3016	0	313152
18862	322209	1726	1334	2682	0	327951
18863	6883	1495	1079	344337	0	353794
18864	3074	351690	1309	6072	0	362145
18865	354947	6610	1016	3792	0	366365
18866	8230	2538	938	355220	0	366926
18867	3385	1816	355723	7180	0	368104
18868	337704	1407	6591	4463	0	350165
18869	7690	347704	2747	2258	0	360399
18870	4346	6324	1700	353952	0	366322
18871	353632	2482	1420	8335	0	365869
18872	7844	2002	345611	3095	0	358552
18873	3697	1662	349988	2180	0	357527
18874	3795	1279	8178	340358	0	353610
18875	2387	1273	359601	7263	0	370524
18876	3183	1016	7808	346139	0	358146
18877	1680	350314	3757	7718	0	363469
18878	2386	6813	2427	368283	0	379909
18879	361561	2419	1950	9935	0	375865
18880	7312	1812	363692	4201	0	377017
18881	3091	365713	7683	3286	0	379773
18882	3417	6948	2987	364805	0	378157
18883	2029	3057	376389	8009	0	389484
18884	3022	3256	7109	355688	0	369075
18885	1710	363448	3571	7593	0	376322
18886	1331	377524	2543	3421	0	384819
18887	363084	7484	2046	4238	0	376852
18888	5891	373626	1836	2198	0	383551
18889	2290	6660	359797	1647	0	370394
18890	328846	2964	6625	3216	0	341651
18891	5985	2152	360640	1166	0	369943
18892	3938	1481	5850	332591	0	343860
18893	1757	1270	362270	5403	0	370700
18894	1361	359063	6241	2150	0	368815
18895	2214	5197	2556	360469	0	370436
18896	2013	1949	1729	359796	0	365487
18897	2038	1299	1480	352068	0	356885
18898	935	1390	357482	7474	0	367281
18899	1973	1219	5456	345362	0	354010
18900	1614	1208	2076	361369	0	366267
18901	351770	1061	1506	9004	0	363341
18902	348894	904	1476	5284	0	356558
18903	6785	1144	354729	2524	0	365182
18904	2874	348061	5980	2175	0	359090
18905	2250	5315	356209	1668	0	365442
18906	2503	1997	6271	355779	0	366550
18907	1509	1729	367697	5989	0	376924
18908	2134	1247	6704	359399	0	369484
18909	1716	1120	2916	372468	0	378220
18910	913	1118	369831	7845	0	379707
18911	327432	822	6534	5657	0	340445
18912	5336	375142	3166	2988	0	386632
18913	2741	5568	2005	377313	0	387627
18914	1748	2300	386853	6683	0	397584
18915	1909	1923	364410	3128	0	371370
18916	356169	1388	7141	3839	0	368537
18917	5569	378752	3534	2002	0	389857
18918	2622	5518	2297	381079	0	391516
18919	387520	1994	1881	7720	0	399115
18920	6614	1449	1780	388488	0	398331
18921	3438	1266	1445	397853	0	404002
18922	1932	1456	396917	8177	0	408482
18923	368349	1155	6148	6127	0	381779
18924	400955	964	2868	4321	0	409108
18925	8226	1027	2179	402784	0	414216
18926	400438	923	1902	8119	0	411382
18927	7950	1047	1692	400502	0	411191
18928	3568	384446	2131	7669	0	397814
18929	2686	405993	2005	4014	0	414698
18930	2891	7291	1612	410962	0	422756
18931	401317	3141	1421	9040	0	414919
18932	6727	2025	1087	405062	0	414901
18933	405608	1470	1207	9632	0	417917
18934	407914	1335	1263	5603	0	416115
18935	9062	1047	1282	406637	0	418028
18936	5080	983	1310	412611	0	419984
18937	3297	1169	402556	8927	0	415949
18938	3101	1307	400948	4431	0	409787
18939	3414	999	7945	404064	0	416422
18940	1874	1158	428690	8411	0	440133
18941	416728	997	8440	5916	0	432081
18942	8009	1008	4029	454463	0	467509
18943	3095	1485	477052	9220	0	490852
18944	462222	897	9792	6880	0	479791
18945	510186	859	4538	5564	0	521147
18946	14221	533503	3335	3156	0	554215
18947	9575	10246	2074	546620	0	568515
18948	5409	5012	557851	11238	0	579510
18949	549243	3072	11098	8363	0	571776
18950	574961	1893	5539	6997	0	589390
18951	15662	2202	574025	3279	0	595168
18952	575280	1201	12191	4832	0	593504
18953	16209	1251	6302	569831	0	593593
18954	9727	1061	4061	582386	0	597235
18955	576336	916	3072	17662	0	597986
18956	577711	822	2650	10137	0	591320
18957	18606	2060	2734	570898	0	594298
18958	10094	1303	571955	13525	0	596877
18959	6614	552285	11254	7824	0	577977
18960	5465	10214	558429	5125	0	579233
18961	4911	5055	552059	4126	0	566151
18962	3698	540723	15951	3693	0	564065
18963	5815	9312	8466	504240	0	527833
18964	4345	4225	4558	515850	0	528978
18965	2504	3033	512039	11105	0	528681
18966	4825	1674	9322	500359	0	516180
18967	510230	1184	4969	13818	0	530201
18968	9708	1514	517272	6795	0	535289
18969	512637	956	9621	7524	0	530738
18970	531757	652	5797	5966	0	544172
18971	534766	811	4149	5626	0	545352
18972	16438	1543	521024	2596	0	541601
18973	9648	1950	524311	2433	0	538342
18974	8562	1501	12584	517632	0	540279
18975	7043	1593	7731	505327	0	521694
18976	4215	527675	5500	11510	0	548900
18977	525828	8259	4056	9670	0	547813
18978	523384	3956	3926	7553	0	538819
18979	13599	526496	3772	4308	0	548175
18980	528608	8716	2810	6715	0	546849
18981	13075	523186	3112	4048	0	543421
18982	530400	10040	2755	5580	0	548775
18983	14992	5028	2438	514613	0	537071
18984	8587	3974	514824	10073	0	537458
18985	6993	3100	507167	5743	0	523003
18986	6312	2418	13184	507112	0	529026
18987	5620	1713	8234	512084	0	527651
18988	3726	2183	506615	13219	0	525743
18989	4861	2103	11493	494334	0	512791
18990	5092	2032	7218	498864	0	513206
18991	497915	1595	5444	17031	0	521985
18992	503224	1631	4027	11124	0	520006
18993	494597	1741	3455	8977	0	508770
18994	16210	2039	486059	5011	0	509319
18995	10103	486388	10600	4274	0	511365
18996	9140	8300	5897	493923	0	517260
18997	6921	4767	502787	9929	0	524404
18998	5877	502077	11724	5887	0	525565
18999	508921	9298	7169	6817	0	532205
19000	13008	4934	5451	509996	0	533389
19001	8732	3438	4433	517894	0	534497
19002	511192	2572	4195	16276	0	534235
19003	13258	2439	3467	511999	0	531163
19004	9810	2233	3012	513420	0	528475
19005	511879	2125	2759	18456	0	535219
19006	13762	2910	501790	9559	0	528021
19007	8938	497763	10418	7007	0	524126
19008	497892	9495	6201	7856	0	521444
19009	13154	6197	505212	4726	0	529289
19010	489125	3962	11223	7349	0	511659
19011	13315	512706	8021	4669	0	538711
19012	506135	9812	5967	6807	0	528721
19013	505927	5092	4806	7444	0	523269
19014	495388	3691	4248	7208	0	510535
19015	18235	2895	3911	483431	0	508472
19016	11702	3941	3759	484605	0	504007
19017	8250	478386	3865	15580	0	506081
19018	7205	483390	4173	9541	0	504309
19019	7040	491402	3555	6917	0	508914
19020	481801	11665	3167	8111	0	504744
19021	12305	6878	474651	4521	0	498355
19022	9419	4519	9360	470011	0	493309
19023	7381	3419	5691	472644	0	489135
19024	5238	472276	5107	12965	0	495586
19025	6392	10021	3467	476811	0	496691
19026	6520	5747	3313	471352	0	486932
19027	5100	477353	3420	14079	0	499952
19028	469400	9834	3219	11355	0	493808
19029	10952	477127	2895	7009	0	497983
19030	7251	11033	465189	5749	0	489222
19031	456240	6095	8776	7797	0	478908
19032	11457	474538	5162	5260	0	496417
19033	470117	9527	4010	6364	0	490018
19034	13252	5708	3307	467079	0	489346
19035	9570	4115	3549	467069	0	484303
19036	6813	3749	463329	12183	0	486074
19037	6428	3862	457693	7090	0	475073
19038	6887	4650	10774	457970	0	480281
19039	454033	2732	6222	12512	0	475499
19040	436907	2264	4184	8264	0	451619
19041	13251	437057	3267	4902	0	458477
19042	7240	424523	2621	3537	0	437921
19043	4532	414198	2004	2675	0	423409
19044	8860	12789	4602	385467	0	411718
19045	377777	2481	5323	9278	0	394859
19046	372822	1045	552	3992	0	378411
19047	366472	719	467	3399	0	371057
19048	8174	1111	355158	996	0	365439
19049	2631	437516	6830	1220	0	448197
19050	3354	7500	1890	498226	0	510970
19051	509764	2092	1108	13150	0	526114
19052	14815	1386	719	519637	0	536557
19053	5674	878	571	552082	0	559205
19054	548332	825	632	18667	0	568456
19055	602241	974	586	7117	0	610918
19056	21110	1672	601384	2641	0	626807
19057	10354	1026	17044	601727	0	630151
19058	3913	1361	601052	18317	0	624643
19059	6427	999	18689	598493	0	624608
19060	2870	1359	600582	20256	0	625067
19061	5604	1662	19227	595765	0	622258
19062	579613	989	6143	23406	0	610151
19063	17960	579968	4026	8237	0	610191
19064	6373	613795	2851	4778	0	627797
19065	8244	22087	2154	539206	0	571691
19066	2686	614329	2451	15795	0	635261
19067	607341	20374	1774	8138	0	637627
19068	601068	6573	1884	5977	0	615502
19069	23827	4085	585158	3149	0	616219
19070	8155	580187	19123	3605	0	611070
19071	8673	18308	6096	585069	0	618146
19072	3787	6526	591051	18947	0	620311
19073	582184	3563	19570	8381	0	613698
19074	23314	2854	6183	586492	0	618843
19075	7916	2759	595295	19438	0	625408
19076	7831	2575	19328	591931	0	621665
19077	591991	2348	6803	23144	0	624286
19078	20224	2572	587280	8048	0	618124
19079	580173	2118	19770	6955	0	609016
19080	604476	1755	6994	5508	0	618733
19081	28586	1798	4072	582929	0	617385
19082	9740	2383	584490	19996	0	616609
19083	6075	2986	582677	8090	0	599828
19084	571650	1846	23564	7660	0	604720
19085	595694	1423	8822	6548	0	612487
19086	26449	2060	582330	4234	0	615073
19087	14327	1564	20735	577239	0	613865
19088	10422	1494	8412	572142	0	592470
19089	5778	578381	6186	23843	0	614188
19090	8590	18440	4512	591967	0	623509
19091	593550	5658	4631	25089	0	628928
19092	25607	2960	4013	595948	0	628528
19093	9963	2464	587911	24373	0	624711
19094	576708	1927	21242	12203	0	612080
19095	24972	1946	8745	582308	0	617971
19096	10078	2959	581657	22732	0	617426
19097	7044	570176	21802	10510	0	609532
19098	556142	19543	8799	10046	0	594530
19099	22436	574689	6504	7258	0	610887
19100	576944	21363	4597	8978	0	611882
19101	25706	8140	565686	7097	0	606629
19102	11709	546517	21516	7050	0	586792
19103	8598	581178	9218	6634	0	605628
19104	9918	24834	6660	553818	0	595230
19105	9450	9161	5655	578050	0	602316
19106	7003	5825	558403	27962	0	599193
19107	8496	4098	22569	566535	0	601698
19108	556340	3650	10355	28550	0	598895
19109	23789	4245	550770	12943	0	591747
19110	13055	4294	23702	548701	0	589752
19111	8724	4921	544687	25639	0	583971
19112	523108	5037	24802	13958	0	566905
19113	23974	542394	11629	10374	0	588371
19114	545408	21773	8454	10800	0	586435
19115	564804	9189	7061	10030	0	591084
19116	570301	6357	6730	9320	0	592708
19117	33238	5853	533406	7925	0	580422
19118	16144	532814	23903	8089	0	580950
19119	12948	21906	11632	532502	0	578988
19120	11173	9306	8730	569382	0	598591
19121	575108	5985	7683	31784	0	620560
19122	31138	4741	7609	581974	0	625462
19123	583684	4551	8316	32399	0	628950
19124	593423	4453	10897	16719	0	625492
19125	601133	4418	7360	13207	0	626118
19126	605012	4777	8205	10592	0	628586
19127	40303	4491	6742	574085	0	625621
19128	582947	4198	6578	30270	0	623993
19129	34572	4902	556284	14558	0	610316
19130	564559	4726	26378	11901	0	607564
19131	590074	4683	11690	9591	0	616038
19132	39044	5209	541080	19952	0	605285
19133	566681	4792	26333	8862	0	606668
19134	590147	4151	12379	8442	0	615119
19135	39701	3835	9044	559670	0	612250
19136	21896	3886	8166	578621	0	612569
19137	554003	15405	7749	33842	0	610999
19138	35057	3563	7098	562709	0	608427
19139	20217	3238	7372	559325	0	590152
19140	14377	531229	7205	34484	0	587295
19141	15055	19297	6895	548160	0	589407
19142	536489	6688	7034	31169	0	581380
19143	31856	4473	5956	535125	0	577410
19144	17957	3191	6335	533604	0	561087
19145	12820	490276	6965	32782	0	542843
19146	14718	19369	5650	485657	0	525394
19147	16408	7943	5611	486481	0	516443
19148	466441	4837	5246	29345	0	505869
19149	26124	8520	3594	364544	0	402782
19150	9883	2335	309597	17466	0	339281
19151	6208	280562	11977	9742	0	308489
19152	4865	280589	5495	5955	0	296904
19153	257618	12118	4149	5520	0	279405
19154	12030	260755	2611	4220	0	279616
19155	211738	6655	3931	3187	0	225511
19156	7855	207908	1338	2165	0	219266
19157	211564	6601	1385	2454	0	222004
19158	8797	2777	524	211098	0	223196
19159	4820	1912	511	214249	0	221492
19160	3086	210896	622	8918	0	223522
19161	3718	6695	445	216069	0	226927
19162	2531	2700	214425	8204	0	227860
19163	205490	1668	6057	4846	0	218061
19164	7597	224137	2469	2937	0	237140
19165	221677	6810	1300	2780	0	232567
19166	224158	2845	844	2505	0	230352
19167	228418	1775	686	2144	0	233023
19168	11673	1147	670	217984	0	231474
19169	6067	1093	674	219127	0	226961
19170	3527	217104	648	9440	0	230719
19171	217247	7087	408	5266	0	230008
19172	8291	219375	514	3218	0	231398
19173	221531	7860	428	2866	0	232685
19174	9366	3442	220354	2188	0	235350
19175	229903	1937	6972	2781	0	241593
19176	10881	1397	2670	230970	0	245918
19177	5217	1590	230081	8960	0	245848
19178	3916	1469	232498	4351	0	242234
19179	3894	1302	10299	231660	0	247155
19180	2926	1079	234858	9301	0	248164
19181	3352	1103	9570	231821	0	245846
19182	224377	954	3883	10871	0	240085
19183	10058	1056	2308	227907	0	241329
19184	4992	1235	221590	10398	0	238215
19185	3734	212881	8268	5280	0	230163
19186	2845	224697	3731	3574	0	234847
19187	3720	10066	2721	215165	0	231672
19188	215869	4225	1893	9838	0	231825
19189	9833	2388	1020	217508	0	230749
19190	5580	1484	1079	222629	0	230772
19191	4356	1290	1330	225764	0	232740
19192	3457	1448	1267	227294	0	233466
19193	2597	1473	218392	12979	0	235441
19194	2722	1348	216055	6664	0	226789
19195	214334	1099	10051	5036	0	230520
19196	224086	1008	4479	4083	0	233656
19197	12052	1119	2615	218271	0	234057
19198	6801	1169	1850	224693	0	234513
19199	3879	1413	215724	11968	0	232984
19200	2850	216381	8288	6481	0	234000
19201	215512	7954	3726	4962	0	232154
19202	223094	3551	2421	3858	0	232924
19203	12445	2438	1396	218190	0	234469
19204	6086	1848	216746	10368	0	235048
19205	4629	1591	7840	212481	0	226541
19206	2973	215772	3842	10386	0	232973
19207	3001	8149	217045	5298	0	233493
19208	215615	3791	8581	4385	0	232372
19209	10144	2628	3864	221454	0	238090
19210	224708	1696	2604	10737	0	239745
19211	10481	1612	215624	6051	0	233768
19212	219014	1518	8488	5082	0	234102
19213	11018	1729	4385	218922	0	236054
19214	219115	1744	3046	10317	0	234222
19215	11677	1688	2108	213116	0	228589
19216	5922	203213	2280	10797	0	222212
19217	4302	214685	2184	5795	0	226966
19218	4369	10935	2119	208382	0	225805
19219	2958	4187	203853	8988	0	219986
19220	2472	198958	7283	5032	0	213745
19221	4032	6619	3423	179774	0	193848
19222	172604	2503	2547	7327	0	184981
19223	175184	1650	1302	4172	0	182308
19224	7895	1145	1254	174138	0	184432
19225	4452	1089	1365	174130	0	181036
19226	2933	164812	1544	7900	0	177189
19227	2270	175487	1372	4551	0	183680
19228	172903	6453	1225	3932	0	184513
19229	6260	3218	1151	173934	0	184563
19230	3581	2108	1194	177844	0	184727
19231	2432	1572	171986	8833	0	184823
19232	2337	1184	5628	173156	0	182305
19233	2221	1196	3050	174519	0	180986
19234	2269	1160	2145	177911	0	183485
19235	2091	1174	172328	9333	0	184926
19236	2397	1007	5584	175547	0	184535
19237	173171	897	3079	8824	0	185971
19238	6063	1049	169375	5120	0	181607
19239	175724	1140	5918	4711	0	187493
19240	7008	1265	3099	179910	0	191282
19241	4084	1126	2175	186261	0	193646
19242	3174	896	1657	192389	0	198116
19243	2263	807	183299	9821	0	196190
19244	177537	721	6245	6372	0	190875
19245	6532	191549	3414	4167	0	205662
19246	194244	5665	2215	3902	0	206026
19247	7269	195371	1732	3324	0	207696
19248	4121	6493	1502	198295	0	210411
19249	198388	2856	1454	8473	0	211171
19250	7165	2033	192792	4785	0	206775
19251	189659	1210	6110	4150	0	201129
19252	7890	1136	196316	2874	0	208216
19253	4696	1628	6826	191655	0	204805
19254	2865	944	191754	7315	0	202878
19255	2178	186986	6768	4519	0	200451
19256	3367	5532	3474	179955	0	192328
19257	174205	2611	2392	7405	0	186613
19258	5762	1455	1312	171550	0	180079
19259	2954	169070	1285	5988	0	179297
19260	2743	4601	1049	172618	0	181011
19261	168155	2320	1008	6479	0	177962
19262	165446	1336	962	4105	0	171849
19263	6813	161041	1117	2825	0	171796
19264	2742	152351	805	1524	0	157422
19265	2309	4366	915	148837	0	156427
19266	1845	2001	982	150896	0	155724
19267	148223	1186	657	5312	0	155378
19268	146383	849	679	3181	0	151092
19269	4560	147554	756	1858	0	154728
19270	2744	3658	475	145345	0	152222
19271	2132	1851	489	148154	0	152626
19272	1398	1120	145360	4886	0	152764
19273	1190	142182	3089	2917	0	149378
19274	964	140277	1306	1813	0	144360
19275	1183	3305	649	130077	0	135214
19276	653	1152	129056	2380	0	133241
19277	612	794	127100	1164	0	129670
19278	885	771	2549	127509	0	131714
19279	835	523	1143	130360	0	132861
19280	600	476	129557	2892	0	133525
19281	941	380	2271	129825	0	133417
19282	539	438	132657	2828	0	136462
19283	133753	385	2553	1990	0	138681
19284	3051	410	1138	137725	0	142324
19285	1201	512	140160	3339	0	145212
19286	928	555	140035	1642	0	143160
19287	1238	643	3751	147153	0	152785
19288	664	491	158362	4004	0	163521
19289	669	546	158498	1866	0	161579
19290	540	155510	4810	1441	0	162301
19291	159912	3511	1905	1544	0	166872
19292	3832	1388	164887	920	0	171027
19293	1985	875	4062	162594	0	169516
19294	1531	655	1716	166083	0	169985
19295	1176	495	1137	171540	0	174348
19296	624	564	166299	5837	0	173324
19297	1175	418	4049	164340	0	169982
19298	164403	457	1777	5529	0	172166
19299	4353	429	1236	164774	0	170792
19300	1636	539	164079	5159	0	171413
19301	1550	390	4139	164073	0	170152
19302	165377	348	1989	5733	0	173447
19303	168195	464	1336	3146	0	173141
19304	167545	419	1089	2131	0	171184
19305	6035	348	939	166085	0	173407
19306	167249	285	976	5173	0	173683
19307	167282	295	916	2953	0	171446
19308	167769	249	933	2380	0	171331
19309	5814	160649	1002	1589	0	169054
19310	164751	3584	966	1668	0	170969
19311	5618	1373	804	163514	0	171309
19312	2580	943	162488	4505	0	170516
19313	1736	161959	4212	2319	0	170226
19314	163940	3835	1876	2185	0	171836
19315	4882	1580	1337	163553	0	171352
19316	2737	1029	1084	161693	0	166543
19317	1650	159509	1071	5241	0	167471
19318	1299	167696	1044	2763	0	172802
19319	159690	4798	1015	2368	0	167871
19320	4487	161422	992	1556	0	168457
19321	156860	4359	767	1645	0	163631
19322	4595	157363	822	1327	0	164107
19323	155164	4317	729	1780	0	161990
19324	4617	155684	697	1444	0	162442
19325	2117	162680	762	1316	0	166875
19326	159385	4870	677	1778	0	166710
19327	4699	2232	158015	1108	0	166054
19328	2107	159090	3734	1210	0	166141
19329	2172	4101	1565	159536	0	167374
19330	1643	1758	1074	165452	0	169927
19331	1816	1221	797	162551	0	166385
19332	1733	964	651	164733	0	168081
19333	1456	982	162530	5893	0	170861
19334	160114	772	3873	3260	0	168019
19335	4987	696	1613	169883	0	177179
19336	171930	714	1155	5747	0	179546
19337	180176	714	877	2883	0	184650
19338	183459	822	709	2386	0	187376
19339	180554	758	755	2008	0	184075
19340	7400	866	174371	1526	0	184163
19341	3642	918	5099	173599	0	183258
19342	2154	839	174974	5711	0	183678
19343	1614	173245	5957	2637	0	183453
19344	2667	5585	2578	163031	0	173861
19345	2004	1828	1443	170054	0	175329
19346	1560	1049	963	170553	0	174125
19347	1642	739	798	169107	0	172286
19348	1142	661	164852	7178	0	173833
19349	1569	620	4922	165480	0	172591
19350	1597	582	1945	171088	0	175212
19351	168536	634	1270	7441	0	177881
19352	175809	561	1062	3781	0	181213
19353	7432	597	946	176932	0	185907
19354	3584	550	1072	180682	0	185888
19355	2580	573	1065	183955	0	188173
19356	179878	584	968	9246	0	190676
19357	186528	573	929	4720	0	192750
19358	182982	596	973	3558	0	188109
19359	187382	641	741	2873	0	191637
19360	8511	183334	799	2187	0	194831
19361	188143	5095	761	2559	0	196558
19362	191285	1808	730	2485	0	196308
19363	8835	1165	576	184619	0	195195
19364	4681	848	560	186868	0	192957
19365	182094	680	635	8221	0	191630
19366	7138	175251	683	3998	0	187070
19367	3706	184994	577	2785	0	192062
19368	190099	6294	571	2967	0	199931
19369	7666	2545	606	191958	0	202775
19370	4367	1492	497	195000	0	201356
19371	3658	1036	384	198637	0	203715
19372	3256	987	376	197827	0	202446
19373	2989	926	417	194676	0	199008
19374	2161	188161	456	8694	0	199472
19375	2561	5277	347	192034	0	200219
19376	190727	2100	356	7841	0	201024
19377	6645	1381	387	190007	0	198420
19378	3429	1124	377	192958	0	197888
19379	187561	1000	448	8549	0	197558
19380	6345	188487	514	4244	0	199590
19381	3443	5965	498	186975	0	196881
19382	2312	189206	520	6296	0	198334
19383	2321	6751	495	186277	0	195844
19384	1955	2036	182166	6060	0	192217
19385	168489	1602	4125	3731	0	177947
19386	4788	177285	1476	2435	0	185984
19387	169675	3738	763	2188	0	176364
19388	4622	1588	166260	1493	0	173963
19389	2552	2097	3185	155765	0	163599
19390	1475	157243	1371	3908	0	163997
19391	1241	162971	864	2157	0	167233
19392	158477	3874	814	1935	0	165100
19393	4240	1467	391	160068	0	166166
19394	1771	929	165413	4080	0	172193
19395	1684	688	3079	167940	0	173391
19396	1105	717	167736	4470	0	174028
19397	157212	557	3534	2836	0	164139
19398	3941	622	169483	1792	0	175838
19399	2267	485	3535	167378	0	173665
19400	1412	173099	1518	4213	0	180242
19401	1596	3385	798	174209	0	179988
19402	1102	174523	750	4539	0	180914
19403	179182	3733	534	2777	0	186226
19404	4671	1448	458	186098	0	192675
19405	2092	1073	186432	4822	0	194419
19406	1857	944	178653	2573	0	184027
19407	181409	658	4242	2705	0	189014
19408	194500	617	1572	2293	0	198982
19409	193940	600	876	2215	0	197631
19410	192720	514	686	2188	0	196108
19411	5656	189399	663	1748	0	197466
19412	193825	3651	535	2156	0	200167
19413	194935	1488	403	2094	0	198920
19414	5840	1160	188832	1545	0	197377
19415	3378	944	3340	187633	0	195295
19416	193208	812	1172	5055	0	200247
19417	5025	867	187211	2506	0	195609
19418	2844	725	3575	187845	0	194989
19419	2048	801	195526	4933	0	203308
19420	2303	718	3843	192477	0	199341
19421	1777	198576	1520	4637	0	206510
19422	202685	3690	803	2988	0	210166
19423	4826	1746	196155	1910	0	204637
19424	195670	1172	3530	2116	0	202488
19425	5275	966	1344	199394	0	206979
19426	202106	773	826	5266	0	208971
19427	5183	791	679	201564	0	208217
19428	212013	770	689	6114	0	219586
19429	5048	1040	203799	2679	0	212566
19430	214931	860	3652	2828	0	222271
19431	5225	804	1363	221360	0	228752
19432	2802	793	908	224343	0	228846
19433	220069	690	735	6033	0	227527
19434	4934	767	627	220339	0	226667
19435	2039	871	216426	4610	0	223946
19436	2074	1334	3009	213233	0	219650
19437	205009	502	1267	4614	0	211392
19438	3125	200888	934	2231	0	207178
19439	1625	201577	722	1497	0	205421
19440	198701	2473	568	1762	0	203504
19441	2789	207100	647	1082	0	211618
19442	1898	2152	728	203952	0	208730
19443	203719	753	978	3114	0	208564
19444	201703	555	377	1768	0	204403
19445	200636	523	301	1667	0	203127
19446	2735	653	201952	701	0	206041
19447	1570	994	1673	199766	0	204003
19448	834	203185	929	1972	0	206920
19449	1105	1881	629	205657	0	209272
19450	888	834	209520	1939	0	213181
19451	881	202158	1878	907	0	205824
19452	1129	2190	543	203455	0	207317
19453	198130	365	502	2147	0	201144
19454	1193	199631	312	543	0	201679
19455	687	1195	206106	349	0	208337
19456	1007	394	1416	201490	0	204307
19457	536	405	204379	1549	0	206869
19458	1010	265	1634	196670	0	199579
19459	206706	192	693	2573	0	210164
19460	1985	218	410	207046	0	209659
19461	207255	221	334	2600	0	210410
19462	207954	175	347	1794	0	210270
19463	2108	212119	458	619	0	215304
19464	216095	1473	299	1389	0	219256
19465	2027	213018	466	491	0	216002
19466	1098	1887	215966	396	0	219347
19467	1757	618	1748	209824	0	213947
19468	1183	376	646	224152	0	226357
19469	681	510	217497	2410	0	221098
19470	566	215497	2155	1130	0	219348
19471	219979	1815	734	1690	0	224218
19472	226372	647	541	1496	0	229056
19473	3103	422	389	230152	0	234066
19474	1866	306	354	228150	0	230676
19475	1230	262	333	235128	0	236953
19476	231344	332	380	3735	0	235791
19477	2446	560	225020	1212	0	229238
19478	1260	571	224839	808	0	227478
19479	1401	259	2452	231167	0	235279
19480	729	453	229726	2437	0	233345
19481	706	488	227106	1249	0	229549
19482	1366	280	2546	220951	0	225143
19483	840	462	233670	2383	0	237355
19484	648	231387	2598	1304	0	235937
19485	1199	2001	940	236249	0	240389
19486	633	906	241725	2687	0	245951
19487	1250	471	2435	235741	0	239897
19488	591	229950	1198	2796	0	234535
19489	1078	1984	765	237485	0	241312
19490	640	932	240932	2724	0	245228
19491	1380	654	2396	230749	0	235179
19492	235445	339	1079	4089	0	240952
19493	2421	574	236184	1235	0	240414
19494	216945	372	2358	2076	0	221751
19495	2626	233630	1088	798	0	238142
19496	236361	2202	730	1717	0	241010
19497	2976	973	558	238193	0	242700
19498	1043	237236	599	2696	0	241574
19499	244746	2501	508	2170	0	249925
19500	3457	1021	530	247975	0	252983
19501	1251	822	250489	3167	0	255729
19502	733	250688	3196	1560	0	256177
19503	1288	2889	1254	253615	0	259046
19504	247585	952	722	4227	0	253486
19505	241306	616	563	2242	0	244727
19506	4447	402	479	241638	0	246966
19507	1591	541	240377	3337	0	245846
19508	220513	391	3145	2900	0	226949
19509	3310	721	239476	1106	0	244613
19510	2109	481	3424	235638	0	241652
19511	241183	415	1418	4587	0	247603
19512	3367	239582	1100	1772	0	245821
19513	241343	2904	766	2486	0	247499
19514	3823	1279	236970	1046	0	243118
19515	236834	701	3427	1813	0	242775
19516	4348	507	1617	242132	0	248604
19517	2373	489	1053	247457	0	251372
19518	1517	724	245515	4257	0	252013
19519	1847	584	3207	235259	0	240897
19520	238925	523	1504	4909	0	245861
19521	3984	508	1119	238809	0	244420
19522	1943	239879	1148	3833	0	246803
19523	1819	2919	930	240735	0	246403
19524	1088	241556	1022	4219	0	247885
19525	1136	3438	239078	2058	0	245710
19526	226356	1302	3462	2564	0	233684
19527	4151	834	1554	241941	0	248480
19528	1932	888	230794	3906	0	237520
19529	1368	227882	3496	2171	0	234917
19530	1534	3292	1419	225998	0	232243
19531	1555	1557	1087	228020	0	232219
19532	225445	1022	1014	5622	0	233103
19533	4183	882	931	229208	0	235204
19534	230587	674	1012	5510	0	237783
19535	230433	775	1081	3410	0	235699
19536	4732	231901	1135	2027	0	239795
19537	237623	3847	922	2675	0	245067
19538	5559	1485	909	257526	0	265479
19539	2533	1170	256760	5503	0	265966
19540	255154	718	4655	3526	0	264053
19541	6239	616	1759	254139	0	262753
19542	2772	911	252361	5485	0	261529
19543	240982	831	4954	3306	0	250073
19544	6186	800	1790	252615	0	261391
19545	2738	256423	1578	5657	0	266396
19546	2988	4632	1143	248562	0	257325
19547	1774	255234	1364	5689	0	264061
19548	251029	5042	1298	3744	0	261113
19549	5887	2044	256907	2215	0	267053
19550	2612	254404	5077	2169	0	264262
19551	2704	4980	1904	256459	0	266047
19552	1744	2089	256458	5667	0	265958
19553	1787	1822	243461	2800	0	249870
19554	1671	251966	5870	2422	0	261929
19555	2758	5525	2517	248150	0	258950
19556	2066	1854	1676	254147	0	259743
19557	2439	1406	1247	307432	0	312524
19558	320868	1110	1233	10380	0	333591
19559	8698	1466	352583	3327	0	366074
19560	2778	357238	10069	2640	0	372725
19561	3602	10192	2975	352774	0	369543
19562	3243	2943	2163	374409	0	382758
19563	1722	2312	365053	13167	0	382254
19564	3502	1644	10506	364147	0	379799
19565	1613	1381	364770	13106	0	380870
19566	1681	1489	354524	4697	0	362391
19567	1764	1301	361881	3523	0	368469
19568	3392	1249	13070	340504	0	358215
19569	2795	1213	4702	352295	0	361005
19570	2673	1108	2835	366558	0	373174
19571	354615	897	2363	15214	0	373089
19572	10379	352032	2841	5993	0	371245
19573	359220	10492	2391	4775	0	376878
19574	358270	3069	1916	4924	0	368179
19575	368836	1943	1791	4567	0	377137
19576	13427	368225	2251	3316	0	387219
19577	372360	10617	1927	3907	0	388811
19578	380221	3372	1780	3581	0	388954
19579	15737	2280	1955	368014	0	387986
19580	7349	1729	2026	376495	0	387599
19581	5740	1520	1730	385954	0	394944
19582	3115	1969	372089	15771	0	392944
19583	360319	1331	11221	7519	0	380390
19584	13668	1626	3605	373433	0	392332
19585	366449	1534	2936	14846	0	385765
19586	13148	365004	2683	6182	0	387017
19587	6858	10511	2589	368935	0	388893
19588	5775	3060	2448	381369	0	392652
19589	372015	2521	2404	16173	0	393113
19590	14077	3702	2128	372122	0	392029
19591	354628	1957	1958	16522	0	375065
19592	372897	1936	1486	8045	0	384364
19593	14824	354512	1840	6347	0	377523
19594	5594	371539	1899	5039	0	384071
19595	6246	13960	1967	354881	0	377054
19596	3670	367743	2266	12330	0	386009
19597	5492	12543	1778	367443	0	387256
19598	3737	3991	363819	13732	0	385279
19599	3296	3643	351152	5536	0	363627
19600	337205	2798	11830	5648	0	357481
19601	352347	1740	4240	5537	0	363864
19602	13013	348005	3016	4313	0	368347
19603	348974	10093	2274	5206	0	366547
19604	12658	362110	2585	4188	0	381541
19605	6141	11018	2370	366712	0	386241
19606	5086	3954	2215	373257	0	384512
19607	4384	3196	2176	373014	0	382770
19608	3581	2593	2362	376717	0	385253
19609	365035	2045	2507	16913	0	386500
19610	10771	367238	2677	8172	0	388858
19611	368401	10237	2684	7180	0	388502
19612	376335	3045	2792	6109	0	388281
19613	15025	2733	364020	4502	0	386280
19614	357078	2405	10245	5096	0	374824
19615	14453	361458	3268	3862	0	383041
19616	7481	11778	2289	361946	0	383494
19617	6693	4860	1774	359336	0	372663
19618	4591	359343	2078	13617	0	379629
19619	365572	11443	2299	7812	0	387126
19620	13611	4325	356916	6119	0	380971
19621	354042	3325	11053	7290	0	375710
19622	15570	2648	361830	6072	0	386120
19623	8455	2655	13069	361648	0	385827
19624	7527	3612	5531	373043	0	389713
19625	6450	3187	5096	380614	0	395347
19626	374205	3716	4571	19968	0	402460
19627	13845	3477	376899	11142	0	405363
19628	374074	3559	13192	11238	0	402063
19629	388873	2697	6761	10726	0	409057
19630	388579	2406	6187	10400	0	407572
19631	390188	2345	6499	8432	0	407464
19632	18348	2504	6037	381769	0	408658
19633	9146	2446	378006	15661	0	405259
19634	9280	2964	12548	375913	0	400705
19635	7637	2552	374429	17175	0	401793
19636	7592	3400	363706	9796	0	384494
19637	7833	366230	11585	8538	0	394186
19638	8924	11460	4045	341492	0	365921
19639	9360	5013	2598	353014	0	369985
19640	9982	4934	2522	321836	0	339274
19641	10075	3765	2342	348977	0	365159
19642	350210	3636	2178	14537	0	370561
19643	354502	2635	1848	7928	0	366913
19644	17694	2553	1944	345337	0	367528
19645	9211	2363	336607	16139	0	364320
19646	7131	2104	9766	343977	0	362978
19647	6378	1749	3954	354467	0	366548
19648	5672	1884	341460	17504	0	366520
19649	6993	1843	10139	340336	0	359311
19650	341235	2765	3829	16511	0	364340
19651	345195	2777	2656	9700	0	360328
19652	346617	3248	1764	9175	0	360804
19653	16700	2671	1381	340565	0	361317
19654	337458	2495	1448	15983	0	357384
19655	336443	2156	1889	9296	0	349784
19656	16689	2192	320719	7571	0	347171
19657	6458	1093	252143	3948	0	263642
19658	4845	1111	248606	3251	0	257813
19659	206574	755	3359	1756	0	212444
19660	2972	211371	1662	1205	0	217210
19661	209141	1689	1534	1444	0	213808
19662	2418	220409	689	913	0	224429
19663	1514	2012	642	219882	0	224050
19664	1366	623	421	220208	0	222618
19665	1298	430	405	220565	0	222698
19666	982	471	218341	2721	0	222515
19667	202659	297	2091	1822	0	206869
19668	2809	348	855	216949	0	220961
19669	1037	393	215951	2115	0	219496
19670	996	463	202030	1074	0	204563
19671	200640	262	2207	1589	0	204698
19672	2136	214368	1057	846	0	218407
19673	210938	1634	802	1459	0	214833
19674	207786	588	485	1379	0	210238
19675	2363	206824	449	657	0	210293
19676	202247	1593	434	1204	0	205478
19677	2343	656	206356	600	0	209955
19678	1174	540	197275	459	0	199448
19679	925	435	204893	492	0	206745
19680	1084	1208	2409	201669	0	206370
19681	544	276	205709	1519	0	208048
19682	191913	227	1716	1299	0	195155
19683	198359	118	679	1179	0	200335
19684	2021	300	203370	382	0	206073
19685	1376	192	1418	198177	0	201163
19686	202055	121	595	2137	0	204908
19687	1676	207957	579	682	0	210894
19688	759	211733	468	523	0	213483
19689	210566	1541	396	1300	0	213803
19690	1598	738	212191	239	0	214766
19691	1110	1296	1316	202417	0	206139
19692	749	215	686	204474	0	206124
19693	496	121	359	208170	0	209146
19694	227	204491	362	1549	0	206629
19695	1101	1306	263	196765	0	199435
19696	216488	351	169	2358	0	219366
19697	2086	282	154	223566	0	226088
19698	679	225928	358	2296	0	229261
19699	230944	2083	159	1632	0	234818
19700	2736	698	154	231682	0	235270
19701	1259	474	160	239491	0	241384
19702	241784	325	194	3816	0	246119
19703	242199	223	193	1941	0	244556
19704	3934	215	181	239554	0	243884
19705	246118	170	139	4215	0	250642
19706	247607	211	129	2169	0	250116
19707	4297	249578	314	954	0	255143
19708	251903	3217	104	1621	0	256845
19709	4187	249974	288	689	0	255138
19710	2450	3510	122	249846	0	255928
19711	1380	1426	253635	3522	0	259963
19712	1838	834	3209	249722	0	255603
19713	1710	566	971	252667	0	255914
19714	1501	395	549	261501	0	263946
19715	258002	372	368	6080	0	264822
19716	4091	257840	449	2424	0	264804
19717	265681	3658	214	2511	0	272064
19718	4811	274679	439	1366	0	281295
19719	280163	4497	279	2145	0	287084
19720	282134	1792	245	1901	0	286072
19721	283481	1244	268	1837	0	286830
19722	280176	907	330	1963	0	283376
19723	6558	951	276636	1024	0	285169
19724	3889	705	4153	276113	0	284860
19725	3130	603	1354	290445	0	295532
19726	1819	880	283828	6275	0	292802
19727	271212	684	4839	3334	0	280069
19728	6747	724	1410	281303	0	290184
19729	2977	880	277908	5800	0	287565
19730	2501	1081	274031	2206	0	279819
19731	3310	712	5977	281940	0	291939
19732	2184	926	290636	5821	0	299567
19733	3126	635	5788	283883	0	293432
19734	3161	523	2220	287812	0	293716
19735	2064	706	281534	7060	0	291364
19736	268720	507	5686	3918	0	278831
19737	6992	619	2323	282373	0	292307
19738	2791	751	285457	6746	0	295745
19739	3248	574	5833	285580	0	295235
19740	286979	449	2569	8096	0	298093
19741	6449	649	285467	3511	0	296076
19742	274351	462	6029	4001	0	284843
19743	293556	492	2745	3182	0	299975
19744	8377	545	2193	291272	0	302387
19745	4687	531	1704	290267	0	297189
19746	2962	854	288319	7701	0	299836
19747	3398	681	5997	287288	0	297364
19748	3847	793	2699	271293	0	278632
19749	3001	608	2133	294004	0	299746
19750	2359	728	284738	8661	0	296486
19751	274481	417	6065	5608	0	286571
19752	288355	513	2817	4563	0	296248
19753	293962	564	2209	4302	0	301037
19754	301464	600	1944	3760	0	307768
19755	9851	757	1694	300296	0	312598
19756	298863	732	1604	8357	0	309556
19757	301059	715	1564	4977	0	308315
19758	255025	1449	2310	6536	0	265320
19759	300465	508	1828	4422	0	307223
19760	9030	296730	2143	3373	0	311276
19761	302075	4985	1680	4143	0	312883
19762	301747	1504	1772	4051	0	309074
19763	9627	300132	1925	3254	0	314938
19764	305145	6254	1761	3407	0	316567
19765	10909	1982	1659	304442	0	318992
19766	6371	1328	1620	309561	0	318880
19767	304420	941	1610	10267	0	317238
19768	9709	296059	1740	4757	0	312265
19769	5094	301825	1902	3854	0	312675
19770	5247	7098	1596	306425	0	320366
19771	4121	2521	308123	8246	0	323011
19772	4627	1707	6920	301057	0	314311
19773	4417	1216	2602	312650	0	320885
19774	306359	1207	2086	10695	0	320347
19775	309409	1141	1932	5250	0	317732
19776	10839	1103	1650	307029	0	320621
19777	5077	1393	302781	9180	0	318431
19778	4963	951	7184	307186	0	320284
19779	312815	858	2936	10679	0	327288
19780	9675	1074	325055	5218	0	341022
19781	4932	328317	8506	4262	0	346017
19782	340708	7358	3248	4415	0	355729
19783	11332	2386	2381	340687	0	356786
19784	5975	1556	2182	344186	0	353899
19785	5344	1116	1991	352688	0	361139
19786	3992	1103	339872	12909	0	357876
19787	306207	855	8621	7477	0	323160
19788	11100	1074	327364	4783	0	344321
19789	5558	324443	9351	4253	0	343605
19790	5678	7154	3822	329322	0	345976
19791	5411	2443	2813	337903	0	348570
19792	5242	1945	2370	352290	0	361847
19793	4177	1660	344111	13561	0	363509
19794	3917	1442	336702	6752	0	348813
19795	3716	1453	344870	5401	0	355440
19796	3252	343032	11346	4637	0	362267
19797	5190	8611	5247	341604	0	360652
19798	346617	2372	3118	11766	0	363873
19799	364016	1715	2701	5839	0	374271
19800	13661	1595	375080	3934	0	394270
19801	6237	379121	11174	3862	0	400394
19802	4440	10135	377953	3314	0	395842
19803	3420	392543	11417	3629	0	411009
19804	376261	12887	6905	4843	0	400896
19805	377867	4248	3275	4108	0	389498
19806	13162	375136	2710	3077	0	394085
19807	378707	10614	2514	3231	0	395066
19808	14236	4181	2398	373297	0	394112
19809	7514	2867	2251	383335	0	395967
19810	379694	2470	2026	13831	0	398021
19811	370234	2158	1662	6785	0	380839
19812	373406	1765	1421	5250	0	381842
19813	15767	361300	1893	4061	0	383021
19814	7377	383616	1963	3663	0	396619
19815	380770	12263	1794	4181	0	399008
19816	13308	5209	376614	3085	0	398216
19817	8068	5650	9993	365630	0	389341
19818	360590	2818	4236	11445	0	379089
19819	13089	348327	2863	4786	0	369065
19820	6443	369812	2207	3427	0	381889
19821	368492	12406	2065	3653	0	386616
19822	12919	5569	356754	2937	0	378179
19823	347715	4246	10179	3442	0	365582
19824	13405	3062	349522	2524	0	368513
19825	6756	2741	349392	1914	0	360803
19826	6557	2947	12003	345023	0	366530
19827	4435	2834	358197	9230	0	374696
19828	346498	2530	11124	4739	0	364891
19829	362239	2045	5527	3821	0	373632
19830	365716	1888	4014	3440	0	375058
19831	365757	1756	3291	3268	0	374072
19832	16092	1926	2875	351151	0	372044
19833	355804	2059	2527	10737	0	371127
19834	13758	349376	2728	4534	0	370396
19835	8971	9280	2287	338493	0	359031
19836	6333	357778	2524	9183	0	375818
19837	372300	10122	2069	5250	0	389741
19838	374341	4480	2292	4350	0	385463
19839	15375	3298	2302	368031	0	389006
19840	373954	2667	2494	11442	0	390557
19841	378715	2644	2451	5860	0	389670
19842	16078	2667	2117	370458	0	391320
19843	9682	2707	2084	372241	0	386714
19844	8261	2492	1933	380582	0	393268
19845	6902	2282	363807	13916	0	386907
19846	6046	2289	345659	7483	0	361477
19847	5752	2405	362966	5259	0	376382
19848	6107	2412	12880	363382	0	384781
19849	5108	2484	375046	11603	0	394241
19850	5872	2547	12005	367422	0	387846
19851	5513	2362	395070	12652	0	415597
19852	5569	2221	379813	6668	0	394271
19853	366732	1976	13731	6571	0	389010
19854	11952	379137	7257	4820	0	403166
19855	388931	9294	5575	4772	0	408572
19856	13688	4218	4529	383071	0	405506
19857	8445	3163	3941	390952	0	406501
19858	6217	3034	389293	13175	0	411719
19859	5390	386396	10917	7147	0	409850
19860	6109	10032	5397	395005	0	416543
19861	5230	4558	397149	11209	0	418146
19862	4594	386416	10245	5999	0	407254
19863	5462	8946	5559	387353	0	407320
19864	383392	4150	4601	11284	0	403427
19865	383509	3321	3798	6145	0	396773
19866	12815	2846	3584	383444	0	402689
19867	385400	2651	3308	11003	0	402362
19868	12248	384333	3339	5548	0	405468
19869	7926	8670	3143	391054	0	410793
19870	6202	4602	394604	10316	0	415724
19871	6607	3288	9292	395168	0	414355
19872	5535	2986	396566	11605	0	416692
19873	383940	2805	10115	7022	0	403882
19874	12871	2538	4782	398744	0	418935
19875	7010	400911	4020	11097	0	423038
19876	6853	10103	3130	416533	0	436619
19877	5652	4176	410384	12245	0	432457
19878	5507	3259	398095	7120	0	413981
19879	5306	2850	396809	5212	0	410177
19880	369452	3526	12658	4983	0	390619
19881	9528	383745	5903	3754	0	402930
19882	5666	7610	3926	381558	0	398760
19883	381707	3525	3547	9744	0	398523
19884	8708	381581	3787	5279	0	399355
19885	396785	7410	3278	5641	0	413114
19886	400557	3764	3427	4673	0	412421
19887	402917	2744	2946	4301	0	412908
19888	410315	2221	2817	4116	0	419469
19889	12327	2471	396645	2848	0	414291
19890	383718	1640	8171	4039	0	397568
19891	10841	1675	393142	2756	0	408414
19892	365524	1236	8397	3031	0	378188
19893	10327	1645	4804	384449	0	401225
19894	6255	1263	380760	6213	0	394491
19895	4795	371844	6624	3825	0	387088
19896	5889	14274	4502	355755	0	380420
19897	4019	366555	2812	5269	0	378655
19898	3332	372436	2293	3554	0	381615
19899	339263	4419	2782	3518	0	349982
19900	4529	1494	336230	1501	0	343754
19901	1713	325028	2910	1099	0	330750
19902	317951	2359	2262	1820	0	324392
19903	2208	321062	958	600	0	324828
19904	322321	1727	573	1463	0	326084
19905	2554	1024	470	320474	0	324522
19906	322886	460	444	2555	0	326345
19907	2388	406	439	318822	0	322055
19908	320325	390	467	2777	0	323959
19909	2476	418	396	319282	0	322572
19910	1056	327728	613	2010	0	331407
19911	1169	1748	383	336227	0	339527
19912	334461	741	446	3121	0	338769
19913	1984	330758	547	898	0	334187
19914	1218	1810	373	330895	0	334296
19915	333224	776	409	2917	0	337326
19916	2434	507	333	334788	0	338062
19917	1579	509	352	332113	0	334553
19918	918	640	336557	2350	0	340465
19919	941	751	322727	1124	0	325543
19920	1275	521	2095	323955	0	327846
19921	759	759	341356	2019	0	344893
19922	1142	485	1842	337227	0	340696
19923	2063	588	1064	308065	0	311780
19924	1036	542	487	340354	0	342419
19925	785	698	340016	2499	0	343998
19926	1487	507	1734	321923	0	325651
19927	1151	448	681	330696	0	332976
19928	645	335524	644	2535	0	339348
19929	979	1691	458	339920	0	343048
19930	336988	682	474	3484	0	341628
19931	2370	461	483	340412	0	343726
19932	1069	685	374760	2571	0	379085
19933	349059	426	4062	2927	0	356474
19934	4431	394573	2954	1372	0	403330
19935	4205	4401	1815	400890	0	411311
19936	2442	3056	394664	5048	0	405210
19937	362064	2045	4898	5067	0	374074
19938	5131	390676	3519	2722	0	402048
19939	394366	5114	2326	2887	0	404693
19940	7533	3342	1399	391289	0	403563
19941	389775	2204	1093	6795	0	399867
19942	7550	1667	387786	3379	0	400382
19943	4685	381346	5017	2869	0	393917
19944	3156	409444	3344	1909	0	417853
19945	409814	6876	2388	3361	0	422439
19946	408497	4422	1391	2959	0	417269
19947	8295	3246	405999	931	0	418471
19948	391130	1743	5312	2161	0	400346
19949	404126	1333	3286	2300	0	411045
19950	408881	947	2401	2393	0	414622
19951	10349	385546	1720	919	0	398534
19952	6553	392861	1230	916	0	401560
19953	391833	7035	1017	2304	0	402189
19954	393790	4627	751	2358	0	401526
19955	8600	397027	886	990	0	407503
19956	6694	6065	582	396945	0	410286
19957	3893	4383	395049	4736	0	408061
19958	378684	2911	4876	4782	0	391253
19959	378167	1905	3585	5089	0	388746
19960	405069	1216	2457	3296	0	412038
19961	9305	397219	1828	1475	0	409827
19962	6264	5519	397940	1162	0	410885
19963	405800	3323	5297	2175	0	416595
19964	8342	2651	3054	411597	0	425644
19965	6252	1762	2361	408675	0	419050
19966	4968	1333	1449	423900	0	431650
19967	2838	1483	417857	9360	0	431538
19968	3596	1000	5179	406399	0	416174
19969	2268	1327	413810	8295	0	425700
19970	1283	400428	6496	5364	0	413571
19971	391950	4788	3731	5169	0	405638
19972	4938	395253	2880	2104	0	405175
19973	3603	400200	1908	1423	0	407134
19974	395389	7428	1507	2927	0	407251
19975	5639	401806	1370	836	0	409651
19976	4765	7097	615	391228	0	403705
19977	3374	391154	901	4007	0	399436
19978	385572	6759	523	4061	0	396915
19979	5570	390159	723	2083	0	398535
19980	4763	7046	463	393460	0	405732
19981	3148	4835	388100	5159	0	401242
19982	2954	3206	4767	389911	0	400838
19983	1730	392298	3459	8134	0	405621
19984	2457	5854	2411	399722	0	410444
19985	2034	4316	1540	390567	0	398457
19986	2639	2892	1260	383145	0	389936
19987	2309	1668	1171	397924	0	403072
19988	2379	1558	808	401471	0	406216
19989	2306	1468	874	407146	0	411794
19990	1681	1442	401055	13080	0	417258
19991	387012	1281	7048	9562	0	404903
19992	8653	1124	4337	436568	0	450682
19993	5206	1550	435888	11218	0	453862
19994	4047	1798	433300	7562	0	446707
19995	4008	1321	13492	441866	0	460687
19996	445974	1341	8773	12960	0	469048
19997	10306	2071	436711	7655	0	456743
19998	427448	1479	11922	7774	0	448623
19999	13365	1837	451348	3921	0	470471
20000	9924	1792	13172	445046	0	469934
20001	8436	1875	7640	461021	0	478972
20002	5436	2310	456201	14185	0	478132
20003	429091	1919	12080	10967	0	454057
20004	12970	1907	7681	450793	0	473351
20005	7876	1960	450955	13007	0	473798
20006	6684	2028	449235	8919	0	466866
20007	6744	1799	15843	425342	0	449728
20008	4702	448632	10982	10787	0	475103
20009	455105	9311	7286	9325	0	481027
20010	448882	5893	5717	7716	0	468208
20011	16477	4939	451057	4212	0	476685
20012	12745	3278	11989	434908	0	462920
20013	451550	2894	7322	13734	0	475500
20014	15034	2662	448252	8338	0	474286
20015	434138	1451	12983	8749	0	457321
20016	15870	437685	9269	5803	0	468627
20017	11126	9456	7022	449327	0	476931
20018	9336	5573	5032	457881	0	477822
20019	464888	4112	4673	18196	0	491869
20020	15123	3078	4364	467326	0	489891
20021	10431	2941	3516	464447	0	481335
20022	8044	2414	3243	473428	0	487129
20023	456791	1675	3183	24276	0	485925
20024	14283	2114	450700	14511	0	481608
20025	447433	1733	12108	12448	0	473722
20026	457295	1635	7697	10223	0	476850
20027	467611	1553	6372	8213	0	483749
20028	23559	2083	4804	451341	0	481787
20029	14347	2418	457957	14025	0	488747
20030	10123	436615	13694	9791	0	470223
20031	7884	448316	8021	8900	0	473121
20032	5237	436575	4579	5932	0	452323
20033	5271	12262	436068	5459	0	459060
20034	5994	8131	11453	486029	0	511607
20035	499413	3584	5757	18522	0	527276
20036	547785	2661	3548	12175	0	566169
20037	24920	2094	3054	569404	0	599472
20038	13525	1870	565697	20782	0	601874
20039	9312	1778	568053	11819	0	590962
20040	9257	1214	23367	569950	0	603788
20041	5812	1535	581002	21276	0	609625
20042	7295	1216	23235	576222	0	607968
20043	6913	1417	12875	566764	0	587969
20044	3747	566357	9730	27421	0	607255
20045	6470	16846	6489	581463	0	611268
20046	6590	8147	5461	605719	0	625917
20047	583786	5496	5311	33386	0	627979
20048	22936	3473	4786	594328	0	625523
20049	14872	2701	4688	604340	0	626601
20050	578401	1952	5132	34948	0	620433
20051	22111	574728	6370	20480	0	623689
20052	587908	17171	6048	15837	0	626964
20053	26070	8993	574326	11556	0	620945
20054	575174	5738	21603	12202	0	614717
20055	585033	3924	13268	11696	0	613921
20056	31351	3623	564680	9331	0	608985
20057	18613	3748	566355	9028	0	597744
20058	16469	3610	30188	545663	0	595930
20059	552421	2296	17496	26729	0	598942
20060	26599	2469	546110	15872	0	591050
20061	18443	2011	26522	540750	0	587726
20062	12378	2467	545171	27222	0	587238
20063	12757	2107	27926	535807	0	578597
20064	12073	2481	16490	553143	0	584187
20065	535297	2415	12881	36249	0	586842
20066	538235	2576	10462	24106	0	575379
20067	557851	2922	8408	18337	0	587518
20068	35899	2994	540781	14039	0	593713
20069	21600	3016	547383	12794	0	584793
20070	18971	2761	30461	535308	0	587501
20071	15284	3452	18368	546989	0	584093
20072	15026	3202	13452	564656	0	596336
20073	535563	2631	11326	37809	0	587329
20074	26029	532376	10673	23822	0	592900
20075	531611	18375	9595	20158	0	579739
20076	531379	9433	8134	17776	0	566722
20077	34663	505759	8494	14161	0	563077
20078	23108	532221	7981	12582	0	575892
20079	529931	24615	7626	14019	0	576191
20080	29766	13063	7204	512071	0	562104
20081	19772	511079	7501	30776	0	569128
20082	20898	19994	6629	525223	0	572744
20083	17185	11440	509569	32448	0	570642
20084	16063	7826	22347	521354	0	567590
20085	510713	5364	16772	36801	0	569650
20086	27664	4950	505260	23498	0	561372
20087	18993	4474	501817	20168	0	545452
20088	18414	14504	33563	454125	0	520606
20089	14805	458599	21252	28471	0	523127
20090	12859	464829	13487	21655	0	512830
20091	10923	485414	11105	19657	0	527099
20092	451616	24223	8962	18038	0	502839
20093	453524	12113	6553	18187	0	490377
20094	439681	8274	6445	17235	0	471635
20095	29347	433197	7131	17104	0	486779
20096	447125	15528	7474	16998	0	487125
20097	447029	9361	7325	15515	0	479230
20098	31329	8995	427239	12449	0	480012
20099	22313	413766	20852	11156	0	468087
20100	18561	17496	15492	420326	0	471875
20101	421442	10725	12266	23115	0	467548
20102	27161	8071	413190	16245	0	464667
20103	18352	5852	22560	400353	0	447117
20104	14711	407167	16001	25381	0	463260
20105	14597	16134	11927	413245	0	455903
20106	15127	9054	10288	423885	0	458354
20107	415607	6696	10796	32678	0	465777
20108	422152	6355	9554	23772	0	461833
20109	30597	5855	10124	417481	0	464057
20110	20217	6448	405956	27378	0	459999
20111	16655	6292	406426	20621	0	449994
20112	411519	5942	24000	17248	0	458709
20113	30506	5762	416885	12990	0	466143
20114	24772	5783	23028	373282	0	426865
20115	18786	392588	17616	19858	0	448848
20116	398643	15146	15770	15467	0	445026
20117	24584	395912	13119	14763	0	448378
20118	404959	18114	10912	16886	0	450871
20119	26761	10004	9948	399953	0	446666
20120	20182	8080	8676	409895	0	446833
20121	401860	8217	7967	29357	0	447401
20122	412631	7249	7498	19470	0	446848
20123	33974	7430	7156	399609	0	448169
20124	24669	8671	6987	404338	0	444665
20125	19244	8525	386918	25305	0	439992
20126	16516	7547	386562	17426	0	428051
20127	382566	7056	22662	16723	0	429007
20128	22652	8523	373907	14379	0	419461
20129	373634	6324	20750	16158	0	416866
20130	382522	5270	15012	15614	0	418418
20131	29108	5443	363858	14021	0	412430
20132	20884	340142	18909	12303	0	392238
20133	16991	354750	14693	9338	0	395772
20134	9324	9478	284864	5273	0	308939
20135	14003	21575	15646	237707	0	288931
20136	218111	5044	9189	11185	0	243529
20137	209886	1252	1503	3637	0	216278
20138	236540	1095	1315	3038	0	241988
20139	284861	1010	1184	3139	0	290194
20140	291751	1011	1174	2936	0	296872
20141	11351	297240	1816	1768	0	312175
20142	292575	7889	1144	2403	0	304011
20143	10019	290241	1432	1250	0	302942
20144	286109	7824	1156	1621	0	296710
20145	9798	2437	276157	585	0	288977
20146	5779	1120	7110	266207	0	280216
20147	4757	1175	1981	259416	0	267329
20148	2475	268685	1234	8079	0	280473
20149	270125	7852	789	3234	0	282000
20150	276819	3088	616	1947	0	282470
20151	11848	1934	705	265935	0	280422
20152	5743	1286	1191	273087	0	281307
20153	269450	886	1045	10646	0	282027
20154	10027	1083	788	268998	0	280896
20155	4795	1410	632	275208	0	282045
20156	270782	1367	524	10664	0	283337
20157	11235	995	491	269760	0	282481
20158	271195	804	666	10633	0	283298
20159	275950	518	632	5572	0	282672
20160	11170	730	267952	3277	0	283129
20161	269012	694	7045	4969	0	281720
20162	273444	616	1996	3702	0	279758
20163	275162	623	1071	3298	0	280154
20164	11913	891	259915	2677	0	275396
20165	6957	658	7200	256436	0	271251
20166	5753	740	2250	266991	0	275734
20167	3927	896	258267	9659	0	272749
20168	254697	611	8053	3995	0	267356
20169	11988	515	2541	253030	0	268074
20170	5675	695	249806	8816	0	264992
20171	4365	842	257197	3369	0	265773
20172	4762	654	9223	255770	0	270409
20173	3363	717	262469	9788	0	276337
20174	4318	564	9238	258385	0	272505
20175	4784	526	3361	266200	0	274871
20176	3607	822	260791	11259	0	276479
20177	4075	814	9155	249134	0	263178
20178	2833	248250	4342	9861	0	265286
20179	2517	267720	3196	4822	0	278255
20180	261726	8651	3081	4310	0	277768
20181	264567	2498	2336	4527	0	273928
20182	10619	260548	2173	4155	0	277495
20183	263192	7719	2443	4104	0	277458
20184	268715	2706	2041	3847	0	277309
20185	12552	2292	1660	261159	0	277663
20186	6369	2398	1606	268934	0	279307
20187	260752	2088	1299	11881	0	276020
20188	11470	252989	1524	5105	0	271088
20189	6038	263214	1629	3707	0	274588
20190	6735	9395	1531	261011	0	278672
20191	5861	3614	260855	10030	0	280360
20192	255571	2304	8239	6072	0	272186
20193	266128	1931	2916	5354	0	276329
20194	262020	1999	1982	4602	0	270603
20195	13845	258682	1989	3319	0	277835
20196	8029	9519	1853	255145	0	274546
20197	6472	3707	1763	268086	0	280028
20198	261247	2575	2266	13086	0	279174
20199	12922	260238	2363	6113	0	281636
20200	9152	8823	1944	260180	0	280099
20201	8717	3923	1673	267505	0	281818
20202	8316	3598	1474	268486	0	281874
20203	262554	3094	1618	14488	0	281754
20204	14093	259173	1952	7826	0	283044
20205	9196	11209	1779	249110	0	271294
20206	7650	260424	2177	11369	0	281620
20207	260395	10258	2246	7431	0	280330
20208	13578	4262	253334	7283	0	278457
20209	250925	2950	9224	8403	0	271502
20210	13449	2887	247304	7539	0	271179
20211	8663	5460	8739	237841	0	260703
20212	239760	3118	3566	12301	0	258745
20213	13240	2986	235283	6899	0	258408
20214	237926	2155	8459	6608	0	255148
20215	246303	1488	4183	6950	0	258924
20216	249024	1186	3117	6530	0	259857
20217	14680	1181	3319	237395	0	256575
20218	8533	1363	2995	240493	0	253384
20219	8065	1151	2727	245121	0	257064
20220	235511	950	3014	14351	0	253826
20221	13336	236163	3358	7464	0	260321
20222	244263	6667	3324	5456	0	259710
20223	249905	2199	3400	5055	0	260559
20224	14367	1779	238171	4869	0	259186
20225	240828	1427	8364	5795	0	256414
20226	251427	1212	4110	6079	0	262828
20227	14036	1569	3605	243942	0	263152
20228	7897	2028	3601	246704	0	260230
20229	7027	2021	3113	250212	0	262373
20230	242057	1939	3347	12387	0	259730
20231	240370	1599	3827	7099	0	252895
20232	234350	1343	3404	5922	0	245019
20233	11796	218292	3666	5257	0	239011
20234	5509	209416	3559	4874	0	223358
20235	4062	216211	2995	5641	0	228909
20236	211376	6947	4381	6661	0	229365
20237	8839	2668	206513	5950	0	223970
20238	4860	1919	174632	4629	0	186040
20239	121375	987	3398	1868	0	127628
20240	2697	406	130253	1159	0	134515
20241	643	226	808	108605	0	110282
20242	362	108825	353	819	0	110359
20243	114236	810	260	720	0	116026
20244	114051	242	151	593	0	115037
20245	114104	195	125	477	0	114901
20246	1311	199	119	121743	0	123372
20247	524	248	125101	804	0	126677
20248	512	284	119821	331	0	120948
20249	121638	154	901	617	0	123310
20250	125359	128	326	621	0	126434
20251	123275	138	245	474	0	124132
20252	1210	132	180	125805	0	127327
20253	714	127	126	126254	0	127221
20254	482	189	125495	873	0	127039
20255	122426	144	744	713	0	124027
20256	1052	137	226	130408	0	131823
20257	602	129	180	129225	0	130136
20258	479	121	147	129410	0	130157
20259	344	128781	222	977	0	130324
20260	431	701	146	128925	0	130203
20261	482	196	169	128318	0	129165
20262	127735	134	188	1397	0	129454
20263	1076	250	125566	369	0	127261
20264	120452	131	728	719	0	122030
20265	127916	109	211	680	0	128916
20266	1192	123	155	126894	0	128364
20267	651	132	149	126908	0	127840
20268	126279	100	154	1317	0	127850
20269	1078	186	123791	400	0	125455
20270	474	123990	812	375	0	125651
20271	453	613	252	123160	0	124478
20272	122405	148	213	1041	0	123807
20273	906	122	141	118670	0	119839
20274	419	168	117781	760	0	119128
20275	463	219	114909	387	0	115978
20276	115096	107	690	697	0	116590
20277	936	141	238	122002	0	123317
20278	404	151	120665	622	0	121842
20279	115986	61	493	777	0	117317
20280	124822	41	167	778	0	125808
20281	762	72	115	125417	0	126366
20282	455	58	114	125107	0	125734
20283	263	124785	187	579	0	125814
20284	128904	402	100	834	0	130240
20285	716	129	82	129994	0	130921
20286	429	86	88	131107	0	131710
20287	241	171	132460	569	0	133441
20288	120467	75	434	878	0	121854
20289	128250	48	189	745	0	129232
20290	565	127109	233	247	0	128154
20291	312	397	123884	130	0	124723
20292	245	180	122827	109	0	123361
20293	403	473	381	121213	0	122470
20294	125951	136	340	937	0	127364
20295	393	74	84	125316	0	125867
20296	128669	27	66	905	0	129667
20297	127816	31	56	729	0	128632
20298	128053	40	99	603	0	128795
20299	572	40	60	127127	0	127799
20300	448	49	62	126029	0	126588
20301	130016	22	55	809	0	130902
20302	315	146	132599	131	0	133191
20303	121123	44	182	696	0	122045
20304	123911	35	87	686	0	124719
20305	250	118	129653	51	0	130072
20306	184	127	125718	72	0	126101
20307	83	128458	270	100	0	128911
20308	264	208	170	130440	0	131082
20309	123147	125	233	580	0	124085
20310	244	45	40	129838	0	130167
20311	105	151	131445	131	0	131832
20312	67	127858	181	137	0	128243
20313	57	127985	157	110	0	128309
20314	169	150	42	130764	0	131125
20315	160	77	32	127617	0	127886
20316	50	126274	132	193	0	126649
20317	117	248	125267	85	0	125717
20318	116411	83	201	658	0	117353
20319	128436	32	75	565	0	129108
20320	218	129788	117	123	0	130246
20321	125153	220	43	494	0	125910
20322	392	129	38	123277	0	123836
20323	122966	32	39	740	0	123777
20324	446	50	39	121610	0	122145
20325	115	125816	113	391	0	126435
20326	152	534	124253	126	0	125065
20327	343	120	505	132085	0	133053
20328	518	95	172	129601	0	130386
20329	264	59	70	141096	0	141489
20330	144480	33	71	2221	0	146805
20331	2097	45	40	145542	0	147724
20332	791	160	157310	2006	0	160267
20333	485	226	161840	834	0	163385
20334	166366	49	3612	1106	0	171133
20335	3460	200	172782	213	0	176655
20336	172657	56	3707	688	0	177108
20337	4324	89	1031	190114	0	195558
20338	1862	90	655	197845	0	200452
20339	1447	94	479	212613	0	214633
20340	1257	80	360	213410	0	215107
20341	210010	42	299	7875	0	218226
20342	5827	221	211546	2467	0	220061
20343	2667	97	5525	204399	0	212688
20344	1025	216154	1660	5670	0	224509
20345	218316	5517	830	2622	0	227285
20346	6703	1397	565	211521	0	220186
20347	210272	627	468	7256	0	218623
20348	6960	542	208237	2340	0	218079
20349	3272	285	6070	195761	0	205388
20350	1251	206338	1924	6013	0	215526
20351	209592	5786	902	2814	0	219094
20352	6858	1688	207658	1735	0	217939
20353	3283	788	6244	203899	0	214214
20354	2497	516	1920	212934	0	217867
20355	207464	510	1325	8546	0	217845
20356	6892	590	205138	3224	0	215844
20357	2477	773	209198	2218	0	214666
20358	2926	537	7744	205796	0	217003
20359	1617	444	208013	7134	0	217208
20360	1255	488	212152	3139	0	217034
20361	2361	542	8391	205856	0	217150
20362	2294	402	3304	212644	0	218644
20363	2110	455	2444	221832	0	226841
20364	214434	400	1843	10068	0	226745
20365	7105	216061	1790	4203	0	229159
20366	220525	6200	1687	3348	0	231760
20367	8660	1730	1588	217435	0	229413
20368	3076	217970	1552	8484	0	231082
20369	3046	6340	1318	227708	0	238412
20370	229875	1787	1645	10178	0	243485
20371	7840	238463	1683	4614	0	252600
20372	4233	7702	1434	248366	0	261735
20373	2504	2595	248445	10034	0	263578
20374	246988	1674	8606	5450	0	262718
20375	9830	1389	3070	250327	0	264616
20376	4983	1197	2207	256855	0	265242
20377	3503	1092	246348	12320	0	263263
20378	2862	1432	246713	6005	0	257012
20379	238497	1258	10568	5198	0	255521
20380	9790	239095	4738	4019	0	257642
20381	5038	8417	3182	243220	0	259857
20382	243872	3068	2537	11283	0	260760
20383	10277	2093	243757	5584	0	261711
20384	4432	241257	9695	4473	0	259857
20385	4247	8532	4158	244697	0	261634
20386	245387	3010	3288	11802	0	263487
20387	246748	2156	2845	6480	0	258229
20388	251452	1547	2768	5501	0	261268
20389	12400	240537	2911	4819	0	260667
20390	5883	8442	242257	4192	0	260774
20391	4927	3226	9852	246024	0	264029
20392	5299	2466	4645	232036	0	244446
20393	4328	1909	3320	254204	0	263761
20394	3730	1867	3031	257284	0	265912
20395	247538	1692	2752	15068	0	267050
20396	249439	1650	2644	8130	0	261863
20397	12830	1906	240581	6122	0	261439
20398	6331	1732	241186	5593	0	254842
20399	237050	1445	11347	5626	0	255468
20400	247846	1685	5192	5001	0	259724
20401	13879	1750	3977	233018	0	252624
20402	6789	238041	3429	11488	0	259747
20403	239353	9030	3031	6911	0	258325
20404	11509	232444	3243	5955	0	253151
20405	5721	239165	2909	5882	0	253677
20406	5512	10753	2576	244353	0	263194
20407	4957	4364	2656	252204	0	264181
20408	4717	3091	2894	252271	0	262973
20409	4673	2592	2935	253446	0	263646
20410	4377	2405	238518	15041	0	260341
20411	235045	2211	10152	8183	0	255591
20412	246833	2229	4740	6731	0	260533
20413	13635	2327	3370	238668	0	258000
20414	7442	2194	2872	245589	0	258097
20415	240396	2412	2735	14581	0	260124
20416	12313	2561	227243	7870	0	249987
20417	238732	2170	9126	6670	0	256698
20418	246926	2347	4281	6004	0	259558
20419	13909	2287	233699	5477	0	255372
20420	243299	2001	9843	6038	0	261181
20421	13488	1665	4836	246233	0	266222
20422	7292	1586	3847	252846	0	265571
20423	6135	1523	3330	254557	0	265545
20424	5916	1598	2966	255077	0	265557
20425	241133	1504	2623	15641	0	260901
20426	12528	1567	2816	241178	0	258089
20427	6218	1399	2572	232195	0	242384
20428	4899	208954	2500	13410	0	229763
20429	4391	220628	2522	7405	0	234946
20430	4686	7475	2102	219688	0	233951
20431	217153	2834	1649	10967	0	232603
20432	10082	2321	1701	203008	0	217112
20433	4512	1628	188341	8622	0	203103
20434	3743	1428	175334	4574	0	185079
20435	173827	1238	6474	4601	0	186140
20436	7006	177331	3008	3768	0	191113
20437	160561	4103	2963	3189	0	170816
20438	6274	1689	159809	2317	0	170089
20439	4138	5149	4082	143293	0	156662
20440	143473	842	2015	4246	0	150576
20441	3713	141913	1396	2062	0	149084
20442	139144	2564	1235	2185	0	145128
20443	4077	1195	147703	1569	0	154544
20444	2359	1119	2513	144685	0	150676
20445	1953	750	1382	148384	0	152469
20446	150187	644	1290	4418	0	156539
20447	149390	560	997	2503	0	153450
20448	154640	620	696	2273	0	158229
20449	154673	657	516	1986	0	157832
20450	155814	649	525	1892	0	158880
20451	4334	153793	624	1374	0	160125
20452	2627	2158	554	158019	0	163358
20453	160548	959	486	3804	0	165797
20454	3865	781	416	159717	0	164779
20455	2572	557	444	159668	0	163241
20456	2244	488	482	160753	0	163967
20457	1713	155040	551	3913	0	161217
20458	157410	2251	447	2892	0	163000
20459	3012	1012	573	157724	0	162321
20460	153294	621	565	4216	0	158696
20461	151304	445	368	2914	0	155031
20462	3673	148279	462	1885	0	154299
20463	149903	1915	393	1965	0	154176
20464	3781	976	145345	1053	0	151155
20465	142932	699	2238	1235	0	147104
20466	3563	1340	1640	144030	0	150573
20467	2035	532	147347	2206	0	152120
20468	1581	145685	1884	1565	0	150715
20469	1790	1667	146009	1211	0	150677
20470	807	138887	1429	875	0	141998
20471	129348	1732	1590	1671	0	134341
20472	128043	290	372	1056	0	129761
20473	126892	110	118	757	0	127877
20474	626	126702	170	200	0	127698
20475	125570	361	81	867	0	126879
20476	567	292	124665	99	0	125623
20477	335	312	124776	107	0	125530
20478	504	337	420	124909	0	126170
20479	332	155	225	131589	0	132301
20480	90	130839	160	561	0	131650
20481	132765	447	71	721	0	134004
20482	675	129	45	134924	0	135773
20483	143	133157	175	607	0	134082
20484	243	607	45	137811	0	138706
20485	136747	153	42	1555	0	138497
20486	132614	94	38	1094	0	133840
20487	880	237	128550	181	0	129848
20488	578	91	649	130541	0	131859
20489	262	180	130402	724	0	131568
20490	377	75	735	130713	0	131900
20491	189	217	131421	923	0	132750
20492	344	79	873	130853	0	132149
20493	166	242	131986	977	0	133371
20494	436	108	915	131211	0	132670
20495	215	227	134383	1030	0	135855
20496	510	98	974	133061	0	134643
20497	333	74	327	136634	0	137368
20498	178	139159	389	1166	0	140892
20499	350	860	167	145067	0	146444
20500	191	398	142103	1148	0	143840
20501	476	180	1008	140693	0	142357
20502	325	122	380	141699	0	142526
20503	141273	71	303	2178	0	143825
20504	1170	72	216	143422	0	144880
20505	589	96	187	141651	0	142523
20506	279	264	136706	1373	0	138622
20507	132619	75	1012	1485	0	135191
20508	1214	88	387	141742	0	143431
20509	574	79	285	141923	0	142861
20510	442	77	214	143517	0	144250
20511	142360	91	179	2433	0	145063
20512	1216	104	176	144002	0	145498
20513	639	78	194	144539	0	145450
20514	142492	35	207	2639	0	145373
20515	1118	143618	249	875	0	145860
20516	611	945	145	142239	0	143940
20517	522	292	135	143647	0	144596
20518	276	366	140018	1657	0	142317
20519	119999	175	1189	1768	0	123131
20520	1324	179	369	137809	0	139681
20521	481	242	133350	1512	0	135585
20522	132064	94	1106	1561	0	134825
20523	1395	137	366	140224	0	142122
20524	748	123	294	142183	0	143348
20525	581	114	211	144052	0	144958
20526	577	109	199	145854	0	146739
20527	364	245	154189	2202	0	157000
20528	680	126	1746	155094	0	157646
20529	970	120	533	190753	0	192376
20530	364	327	223197	4788	0	228676
20531	230644	85	5846	2850	0	239425
20532	244492	123	2720	2644	0	249979
20533	248630	78	2055	1882	0	252645
20534	12020	93	1611	241847	0	255571
20535	247895	102	1006	7679	0	256682
20536	253377	96	447	4250	0	258170
20537	13072	109	533	248218	0	261932
20538	249890	114	359	9768	0	260131
20539	252677	122	391	5578	0	258768
20540	253470	125	410	4178	0	258183
20541	255943	102	420	3591	0	260056
20542	14391	138	364	241949	0	256842
20543	8490	231261	658	7576	0	247985
20544	6097	236340	977	3899	0	247313
20545	4889	243410	807	2869	0	251975
20546	233878	10809	514	3345	0	248546
20547	242064	6014	305	2732	0	251115
20548	11309	4637	231152	1761	0	248859
20549	239297	2915	6766	2231	0	251209
20550	13290	1819	3038	240097	0	258244
20551	8882	950	2268	242578	0	254678
20552	6989	687	1866	247626	0	257168
20553	240839	412	1326	13231	0	255808
20554	11210	435	615	240736	0	252996
20555	5658	232869	863	12338	0	251728
20556	5495	6891	360	242485	0	255231
20557	3691	3831	242116	11502	0	261140
20558	3971	3193	6916	246916	0	260996
20559	246099	2774	3215	12112	0	264200
20560	10799	2002	244274	6017	0	263092
20561	7044	891	8480	246110	0	262525
20562	6308	917	4465	245099	0	256789
20563	5474	708	2915	251722	0	260819
20564	3406	246904	2585	13384	0	266279
20565	3644	7122	1336	257098	0	269200
20566	250461	3146	873	14545	0	269025
20567	250995	2423	969	8669	0	263056
20568	12346	2335	241424	6023	0	262128
20569	7355	2091	245375	4650	0	259471
20570	6941	1203	9810	244182	0	262136
20571	5932	1026	5498	253128	0	265584
20572	3650	985	251924	12668	0	269227
20573	4182	1042	9868	239969	0	255061
20574	2791	246889	5279	11671	0	266630
20575	255712	7628	3660	8395	0	275395
20576	258451	3513	2828	6707	0	271499
20577	259305	2715	1919	5828	0	269767
20578	14171	2718	252891	4059	0	273839
20579	9899	1926	8120	256421	0	276366
20580	7803	1100	254515	10070	0	273488
20581	248462	894	9655	6409	0	265420
20582	11130	249929	5889	5175	0	272123
20583	6739	7181	4307	252552	0	270779
20584	252813	3490	3141	11357	0	270801
20585	11183	2871	2365	253220	0	269639
20586	7094	2427	1895	260935	0	272351
20587	5290	1972	250518	13908	0	271688
20588	240689	1605	8172	9364	0	259830
20589	11563	249300	4426	6715	0	272004
20590	8051	7065	3471	256399	0	274986
20591	256327	3295	3007	11356	0	273985
20592	12525	2782	2564	256630	0	274501
20593	254904	2499	1972	13263	0	272638
20594	12299	252805	2098	8209	0	275411
20595	260631	7938	1317	7146	0	277032
20596	14233	4567	255596	5186	0	279582
20597	259980	3293	8119	5519	0	276911
20598	263401	2601	4478	4493	0	274973
20599	265459	1990	3981	4576	0	276006
20600	17534	1678	3305	252581	0	275098
20601	12152	2074	2639	248460	0	265325
20602	10188	1999	1902	255750	0	269839
20603	7597	247095	1757	14150	0	270599
20604	253879	8320	1228	10426	0	273853
20605	12898	4055	1556	254596	0	273105
20606	8805	3120	1530	258768	0	272223
20607	7734	2809	1562	259979	0	272084
20608	251716	2415	1697	16017	0	271845
20609	12878	1831	1597	255717	0	272023
20610	7665	1940	244062	15403	0	269070
20611	6493	245569	7974	10360	0	270396
20612	6314	8471	3794	253832	0	272411
20613	5698	5019	2912	258853	0	272482
20614	4696	3882	2877	263110	0	274565
20615	4115	3203	247813	16630	0	271761
20616	4173	2214	248612	11521	0	266520
20617	4300	1707	11346	255522	0	272875
20618	4161	1828	259671	14063	0	279723
20619	4277	1267	10935	265750	0	282229
20620	262230	1048	6232	16536	0	286046
20621	272528	1308	4248	11817	0	289901
20622	274966	1416	3363	9422	0	289167
20623	15303	1807	261843	6872	0	285825
20624	261230	1822	8871	6239	0	278162
20625	15557	2171	5167	265156	0	288051
20626	9280	1315	261713	11424	0	283732
20627	7305	1098	253271	7562	0	269236
20628	5687	244767	11910	7526	0	269890
20629	3685	220123	5456	4578	0	233842
20630	178763	4069	6284	2757	0	191873
20631	3726	1120	1172	172187	0	178205
20632	1290	601	173772	2906	0	178569
20633	1280	505	2118	173329	0	177232
20634	174852	295	947	3553	0	179647
20635	2699	454	184323	1366	0	188842
20636	181411	304	2652	1912	0	186279
20637	193674	305	986	1750	0	196715
20638	192312	277	705	1667	0	194961
20639	3840	188741	698	1087	0	194366
20640	195803	2680	614	1544	0	200641
20641	4133	818	605	197019	0	202575
20642	2248	635	548	196402	0	199833
20643	1833	425	507	199167	0	201932
20644	1605	398	531	197677	0	200211
20645	192700	240	523	5068	0	198531
20646	3485	188093	662	2038	0	194278
20647	1332	183556	561	1302	0	186751
20648	1138	190112	557	1047	0	192854
20649	188192	3154	831	1702	0	193879
20650	188777	1018	571	1574	0	191940
20651	187680	641	434	1426	0	190181
20652	187487	474	383	1263	0	189607
20653	4333	428	367	186481	0	191609
20654	2140	389	414	187182	0	190125
20655	186733	321	373	4301	0	191728
20656	3154	185597	492	1722	0	190965
20657	180637	2607	386	1806	0	185436
20658	183526	833	384	1483	0	186226
20659	4060	659	318	181593	0	186630
20660	1674	182076	477	3028	0	187255
20661	1677	2852	388	187281	0	192198
20662	184866	827	341	4182	0	190216
20663	3729	727	185910	1343	0	191709
20664	2103	536	2649	179707	0	184995
20665	1310	184613	954	2962	0	189839
20666	184661	2698	644	1970	0	189973
20667	181507	869	478	1876	0	184730
20668	4043	780	183619	906	0	189348
20669	1770	179543	2812	940	0	185065
20670	1552	3051	182987	759	0	188349
20671	1704	1450	2908	175555	0	181617
20672	927	726	176889	2971	0	181513
20673	904	605	172380	1101	0	174990
20674	747	171769	3022	889	0	176427
20675	169808	2478	1131	1288	0	174705
20676	172055	766	690	1318	0	174829
20677	3156	173917	602	659	0	178334
20678	1366	173501	533	629	0	176029
20679	1171	3186	164767	495	0	169619
20680	1069	1312	161108	547	0	164036
20681	927	901	167623	525	0	169976
20682	1198	588	3200	166954	0	171940
20683	807	638	170109	2704	0	174258
20684	1177	482	2925	163369	0	167953
20685	1369	447	1064	161720	0	164600
20686	841	584	166374	3157	0	170956
20687	792	163986	2779	1403	0	168960
20688	1131	2549	907	166176	0	170763
20689	165407	825	705	3367	0	170304
20690	3310	795	529	165268	0	169902
20691	1353	708	165796	2964	0	170821
20692	1085	162366	2744	1264	0	167459
20693	884	170606	1166	997	0	173653
20694	1228	3248	875	166526	0	171877
20695	164587	1155	633	3572	0	169947
20696	163803	836	555	1774	0	166968
20697	3848	667	537	161322	0	166374
20698	1599	167743	591	3009	0	172942
20699	1554	3149	463	170516	0	175682
20700	1630	1081	497	175665	0	178873
20701	1497	854	462	177377	0	180190
20702	185935	678	482	5357	0	192452
20703	4445	187832	651	1981	0	194909
20704	189468	4215	596	2229	0	196508
20705	194426	1618	600	1869	0	198513
20706	194899	1133	478	1705	0	198215
20707	201806	815	469	1564	0	204654
20708	7248	889	451	195937	0	204525
20709	2864	865	196337	5106	0	205172
20710	1780	196701	4618	2242	0	205341
20711	199489	4929	1772	2431	0	208621
20712	204096	1755	983	2082	0	208916
20713	208239	1091	609	1971	0	211910
20714	7389	974	201131	913	0	210407
20715	198536	851	4897	1519	0	205803
20716	206281	816	1662	1329	0	210088
20717	8019	1024	961	201628	0	211632
20718	3385	818	193188	5115	0	202506
20719	2360	190233	4916	2023	0	199532
20720	2678	5005	1827	189960	0	199470
20721	186787	1737	1440	5878	0	195842
20722	5919	1041	758	185824	0	193542
20723	2993	756	828	191501	0	196078
20724	193322	783	658	6858	0	201621
20725	6177	791	188839	2466	0	198273
20726	189907	651	4903	2362	0	197823
20727	192117	560	1914	1960	0	196551
20728	192554	577	1411	1795	0	196337
20729	193348	644	858	1812	0	196662
20730	7814	731	185533	1135	0	195213
20731	4135	842	5058	182932	0	192967
20732	2331	770	185621	5266	0	193988
20733	2625	1171	5400	180457	0	189653
20734	1805	711	181990	5778	0	190284
20735	163032	512	5257	2874	0	171675
20736	5607	161169	2098	1679	0	170553
20737	2577	167945	1387	972	0	172881
20738	2971	5230	1092	174996	0	184289
20739	2623	1935	1078	182306	0	187942
20740	1719	188636	861	6566	0	197782
20741	190734	5652	709	3212	0	200307
20742	204983	1987	711	2035	0	209716
20743	214655	1122	730	1723	0	218230
20744	228164	736	833	1568	0	231301
20745	11266	613	741	221611	0	234231
20746	5556	566	760	232984	0	239866
20747	234332	603	681	10717	0	246333
20748	10044	539	682	232816	0	244081
20749	4478	787	225712	9568	0	240545
20750	3122	939	229241	3979	0	237281
20751	3396	703	9634	229890	0	243623
20752	2252	701	231097	8999	0	243049
20753	227318	462	8984	4631	0	241395
20754	9845	606	3623	229673	0	243747
20755	232600	409	2266	9481	0	244756
20756	10318	624	231227	4135	0	246304
20757	6016	574	8248	230475	0	245313
20758	3553	613	234791	9080	0	248037
20759	2554	231930	9404	4638	0	248526
20760	229174	7929	4337	3931	0	245371
20761	233962	2894	2499	3064	0	242419
20762	11216	227480	1941	2431	0	243068
20763	228668	7881	1826	2403	0	240778
20764	11436	3049	1577	223148	0	239210
20765	6101	1836	1358	230589	0	239884
20766	224892	1101	1352	11587	0	238932
20767	10256	218327	1437	5350	0	235370
20768	5387	226393	1298	3574	0	236652
20769	4853	10087	1277	221436	0	237653
20770	219262	4133	1349	9710	0	234454
20771	226935	2337	1319	5043	0	235634
20772	229136	1676	1315	3548	0	235675
20773	13849	1768	217141	2254	0	235012
20774	7284	1540	218380	2328	0	229532
20775	5035	216498	10406	2302	0	234241
20776	218531	8442	4472	2580	0	234025
20777	12037	3479	2510	213777	0	231803
20778	218017	2217	1853	9771	0	231858
20779	223207	1610	1759	4943	0	231519
20780	14443	1391	1818	213906	0	231558
20781	7499	1600	213480	9781	0	232360
20782	216319	1452	8552	5311	0	231634
20783	12287	1202	3810	215727	0	233026
20784	6652	1190	215379	10191	0	233412
20785	215212	1176	8992	5677	0	231057
20786	223149	993	4269	4427	0	232838
20787	13889	988	3334	215232	0	233443
20788	7213	1186	214071	10477	0	232947
20789	5973	1378	9203	207854	0	224408
20790	4732	213087	4524	10582	0	232925
20791	4880	8108	214330	5174	0	232492
20792	4839	217492	9341	3948	0	235620
20793	217236	8973	4479	3523	0	234211
20794	222665	3632	3407	3460	0	233164
20795	223575	2255	2848	3401	0	232079
20796	224570	1633	2571	3326	0	232100
20797	15568	1651	2335	211844	0	231398
20798	210161	1610	2348	9633	0	223752
20799	13230	1443	1975	205127	0	221775
20800	199912	1223	1961	10579	0	213675
20801	11536	194328	1936	5729	0	213529
20802	6436	7143	1631	179078	0	194288
20803	4598	182690	1649	7862	0	196799
20804	183511	7340	1747	4753	0	197351
20805	184116	3465	1756	3611	0	192948
20806	10773	177141	1656	2777	0	192347
20807	6383	6761	1517	173563	0	188224
20808	4703	3047	170838	7353	0	185941
20809	4582	2938	6148	170259	0	183927
20810	4158	1648	169436	8021	0	183263
20811	4334	1989	6909	156401	0	169633
20812	3447	162500	3444	7123	0	176514
20813	162377	5807	2313	4148	0	174645
20814	166180	2785	1789	3222	0	173976
20815	9727	2040	1530	161665	0	174962
20816	168101	1467	1449	7382	0	178399
20817	9436	1460	1405	166064	0	178365
20818	5606	1568	1291	169348	0	177813
20819	4662	1250	1314	172111	0	179337
20820	167721	1266	1230	9848	0	180065
20821	170835	1073	1162	5617	0	178687
20822	171789	1071	1313	4095	0	178268
20823	9912	162609	1374	3024	0	176919
20824	162887	5326	1360	2855	0	172428
20825	8467	158623	1314	2354	0	170758
20826	162137	6214	1269	2411	0	172031
20827	9077	2839	1182	157709	0	170807
20828	5744	2015	1162	162429	0	171350
20829	159953	1698	965	7913	0	170529
20830	161543	1377	955	4533	0	168408
20831	9080	155664	1133	3151	0	169028
20832	159560	5443	843	2969	0	168815
20833	9005	2479	699	154828	0	167011
20834	5497	1798	709	158939	0	166943
20835	156140	1229	731	8221	0	166321
20836	8112	1343	151462	4211	0	165128
20837	4790	147558	4672	3157	0	160177
20838	4296	4775	1876	135010	0	145957
20839	2674	1699	125983	4233	0	134589
20840	2974	4540	3320	116656	0	127490
20841	117411	771	1986	4656	0	124824
20842	3825	105928	1131	2508	0	113392
20843	1972	96444	742	1655	0	100813
20844	1142	87946	495	982	0	90565
20845	2356	3182	1585	80841	0	87964
20846	80089	483	1964	1976	0	84512
20847	1478	401	141	78134	0	80154
20848	77606	254	132	1468	0	79460
20849	77936	179	123	707	0	78945
20850	1471	161	132	77452	0	79216
20851	77823	149	155	1383	0	79510
20852	1488	180	128	78658	0	80454
20853	590	213	79092	1277	0	81172
20854	77994	207	965	827	0	79993
20855	1313	202	85614	570	0	87699
20856	80823	150	999	621	0	82593
20857	1386	179	83145	366	0	85076
20858	605	126	706	78999	0	80436
20859	431	164	213	80981	0	81789
20860	82323	110	129	1201	0	83763
20861	1039	132	96	84279	0	85546
20862	84986	91	84	1238	0	86399
20863	993	84896	120	438	0	86447
20864	88447	763	88	662	0	89960
20865	1184	252	81	90321	0	91838
20866	649	156	88	90957	0	91850
20867	492	147	100	91531	0	92270
20868	554	126	123	91165	0	91968
20869	338	151	89439	1230	0	91158
20870	347	199	87114	480	0	88140
20871	432	188	927	89032	0	90579
20872	309	176	90549	1041	0	92075
20873	298	89597	938	496	0	91329
20874	377	915	300	90379	0	91971
20875	302	323	91966	1057	0	93648
20876	329	322	90026	472	0	91149
20877	531	328	991	92892	0	94742
20878	462	99	360	93616	0	94537
20879	164	95032	249	1298	0	96743
20880	375	1033	142	97252	0	98802
20881	212	355	97869	1315	0	99751
20882	95420	144	1304	722	0	97590
20883	1402	120	456	100431	0	102409
20884	101712	89	263	1904	0	103968
20885	102305	125	263	928	0	103621
20886	104203	164	244	844	0	105455
20887	1577	208	105530	447	0	107762
20888	547	170	104944	347	0	106008
20889	96071	154	1632	757	0	98614
20890	1448	183	106606	439	0	108676
20891	796	142	1388	101063	0	103389
20892	634	172	472	103887	0	105165
20893	396	232	104654	1674	0	106956
20894	330	104309	1498	656	0	106793
20895	104014	1244	558	757	0	106573
20896	1487	104669	439	531	0	107126
20897	636	108997	392	452	0	110477
20898	108507	1468	330	764	0	111069
20899	1648	472	112004	404	0	114528
20900	601	294	113069	383	0	114347
20901	670	205	1912	110629	0	113416
20902	112609	187	664	1961	0	115421
20903	1570	113418	571	630	0	116189
20904	113815	1548	401	825	0	116589
20905	1775	504	116432	506	0	119217
20906	585	123619	1863	453	0	126520
20907	719	1865	669	126760	0	130013
20908	526	613	128610	2015	0	131764
20909	788	415	2056	128335	0	131594
20910	1218	581	851	116386	0	119036
20911	858	304	479	131072	0	132713
20912	780	277	546	131179	0	132782
20913	128922	279	526	2886	0	132613
20914	127854	240	458	1433	0	129985
20915	2625	312	129831	678	0	133446
20916	124038	321	2106	963	0	127428
20917	2329	126810	840	669	0	130648
20918	127681	1855	640	906	0	131082
20919	2279	760	128404	610	0	132053
20920	1207	580	2079	126522	0	130388
20921	679	339	129096	2172	0	132286
20922	600	336	128832	971	0	130739
20923	883	441	2547	126147	0	130018
20924	857	277	931	128638	0	130703
20925	539	331	127588	2687	0	131145
20926	627	124453	2300	1107	0	128487
20927	605	127993	959	770	0	130327
20928	783	2265	744	128703	0	132495
20929	126326	746	646	2681	0	130399
20930	2029	131912	617	1089	0	135647
20931	862	2142	131770	774	0	135548
20932	668	785	128362	657	0	130472
20933	567	526	132024	718	0	133835
20934	835	424	2852	127558	0	131669
20935	130702	323	1234	2624	0	134883
20936	2155	129439	850	1186	0	133630
20937	957	2121	129244	821	0	133143
20938	565	129524	2529	705	0	133323
20939	809	2224	1084	130668	0	134785
20940	534	961	131415	2260	0	135170
20941	501	131994	2431	1172	0	136098
20942	917	2093	942	131104	0	135056
20943	777	929	753	135046	0	137505
20944	562	656	136986	2662	0	140866
20945	820	499	2595	131496	0	135410
20946	516	134735	1228	2417	0	138896
20947	543	2118	135034	1171	0	138866
20948	132726	835	2383	1093	0	137037
20949	2477	712	993	136067	0	140249
20950	1134	627	942	134691	0	137394
20951	650	136031	889	2539	0	140109
20952	134209	2126	760	1584	0	138679
20953	2252	871	132355	809	0	136287
20954	128398	719	2401	1118	0	132636
20955	2382	833	915	127326	0	131456
20956	740	127920	784	2141	0	131585
20957	736	1860	751	128902	0	132249
20958	671	683	650	133249	0	135253
20959	131105	552	616	2979	0	135252
20960	132194	470	693	1367	0	134724
20961	2655	410	603	132818	0	136486
20962	921	481	131320	2453	0	135175
20963	120766	425	2173	1695	0	125059
20964	2062	130753	926	900	0	134641
20965	1121	2150	671	130896	0	134838
20966	978	791	651	134229	0	136649
20967	855	552	548	135237	0	137192
20968	573	525	133421	3061	0	137580
20969	758	546	2329	130276	0	133909
20970	462	133725	1132	2615	0	137934
20971	694	2141	708	131637	0	135180
20972	522	133593	681	2498	0	137294
20973	803	2408	545	133597	0	137353
20974	556	916	132056	2734	0	136262
20975	122117	614	2302	1570	0	126603
20976	2490	629	948	131302	0	135369
20977	810	523	131395	2247	0	134975
20978	507	130874	2082	1248	0	134711
20979	129604	1824	991	1485	0	133904
20980	1879	840	128403	914	0	132036
20981	123918	807	2312	1205	0	128242
20982	2182	492	897	128290	0	131861
20983	1034	401	600	127435	0	129470
20984	526	126998	623	2005	0	130152
20985	126657	1633	528	1381	0	130199
20986	124396	702	423	1150	0	126671
20987	1905	128498	552	722	0	131677
20988	1172	1675	445	130333	0	133625
20989	790	696	402	131190	0	133078
20990	609	472	443	130429	0	131953
20991	418	502	127530	2333	0	130783
20992	123303	357	1711	1480	0	126851
20993	1851	402	744	128410	0	131407
20994	938	432	522	129301	0	131193
20995	541	460	126039	2347	0	129387
20996	479	507	123186	1217	0	125389
20997	702	591	1936	127359	0	130588
20998	505	484	129244	2067	0	132300
20999	122399	353	1901	1361	0	126014
21000	1747	340	791	126950	0	129828
21001	965	319	516	129154	0	130954
21002	508	346	133527	2246	0	136627
21003	753	555	1634	134929	0	137871
21004	365	356	137967	2132	0	140820
21005	315	134396	1915	1111	0	137737
21006	124925	1579	1317	1414	0	129235
21007	124444	441	501	955	0	126341
21008	1410	124819	374	492	0	127095
21009	797	1230	272	126785	0	129084
21010	430	550	128502	1366	0	130848
21011	536	339	1221	127070	0	129166
21012	127278	189	544	1922	0	129933
21013	1187	128113	408	757	0	130465
21014	128672	1110	285	945	0	131012
21015	1533	482	252	127825	0	130092
21016	127983	295	231	1767	0	130276
21017	1356	127088	329	683	0	129456
21018	127889	1197	212	1020	0	130318
21019	1423	607	125110	434	0	127574
21020	622	126650	1256	443	0	128971
21021	727	1140	543	127581	0	129991
21022	132229	385	472	1751	0	134837
21023	133466	280	243	972	0	134961
21024	1728	199	203	134093	0	136223
21025	135711	180	194	1920	0	138005
21026	134451	205	173	1034	0	135863
21027	137425	192	196	965	0	138778
21028	2032	209	193	136729	0	139163
21029	817	249	137422	1419	0	139907
21030	670	346	127638	654	0	129308
21031	478	321	132435	516	0	133750
21032	133491	169	1666	711	0	136037
21033	1678	213	639	135920	0	138450
21034	618	138287	446	1486	0	140837
21035	832	1301	243	137774	0	140150
21036	473	141924	335	1464	0	144196
21037	144935	1453	235	1153	0	147776
21038	1828	465	238	146716	0	149247
21039	947	363	263	149865	0	151438
21040	151513	199	262	2525	0	154499
21041	2036	217	256	152050	0	154559
21042	1004	195	257	155488	0	156944
21043	157241	191	291	2821	0	160544
21044	2143	324	158299	947	0	161713
21045	1193	213	2032	158865	0	162303
21046	656	309	159721	2344	0	163030
21047	156193	246	2248	1363	0	160050
21048	2597	210	714	161832	0	165353
21049	161467	218	478	2891	0	165054
21050	2890	204	311	163306	0	166711
21051	1007	334	166697	2667	0	170705
21052	1194	201	2180	169610	0	173185
21053	173188	164	780	3447	0	177579
21054	2496	175470	681	1218	0	179865
21055	1033	2216	175076	847	0	179172
21056	165164	597	2312	1375	0	169448
21057	2660	173820	925	756	0	178161
21058	1002	174867	600	747	0	177216
21059	766	187650	568	698	0	189682
21060	1411	3093	383	199204	0	204091
21061	201852	869	586	3940	0	207247
21062	207972	506	354	1708	0	210540
21063	4445	520	205002	750	0	210717
21064	200377	400	3428	1154	0	205359
21065	4160	202086	1135	665	0	208046
21066	2107	3367	631	207036	0	213141
21067	214879	926	531	4452	0	220788
21068	217000	659	402	2025	0	220086
21069	218999	481	499	1582	0	221561
21070	216502	424	496	1363	0	218785
21071	218874	510	547	1064	0	220995
21072	5824	530	417	214801	0	221572
21073	2211	786	214395	3879	0	221271
21074	2577	520	3370	215606	0	222073
21075	2476	534	915	220498	0	224423
21076	218354	446	664	5111	0	224575
21077	4960	211777	793	1804	0	219334
21078	215522	3561	490	1944	0	221517
21079	219441	1082	582	1839	0	222944
21080	222635	709	639	2124	0	226107
21081	226883	543	650	1913	0	229989
21082	6299	665	218601	1301	0	226866
21083	219216	591	3672	1885	0	225364
21084	226733	509	1092	1700	0	230034
21085	207965	847	979	2484	0	212275
21086	226944	481	633	1621	0	229679
21087	7137	506	643	217874	0	226160
21088	3462	571	212870	4437	0	221340
21089	210283	385	3773	2419	0	216860
21090	5961	215055	1453	1521	0	223990
21091	3851	3576	975	211294	0	219696
21092	3131	217758	913	3967	0	225769
21093	3410	3746	701	222514	0	230371
21094	224228	1147	746	5392	0	231513
21095	224981	860	826	2656	0	229323
21096	225339	794	1048	2021	0	229202
21097	6891	932	211628	1242	0	220693
21098	211509	867	3804	1781	0	217961
21099	6439	953	208445	1255	0	217092
21100	3644	992	204714	1318	0	210668
21101	3158	889	209873	1385	0	215305
21102	3884	1306	4809	198572	0	208571
21103	3309	670	1838	204379	0	210196
21104	3063	755	1233	204670	0	209721
21105	2879	651	1211	204507	0	209248
21106	3149	841	1201	198442	0	203633
21107	2833	655	1197	201771	0	206456
21108	2445	202682	1249	4949	0	211325
21109	200379	3659	1026	2959	0	208023
21110	5133	203786	1117	2166	0	212202
21111	3146	3870	1079	206166	0	214261
21112	2923	1332	938	209982	0	215175
21113	206264	873	1143	6121	0	214401
21114	5343	204534	1178	2840	0	213895
21115	207838	3768	1038	2837	0	215481
21116	6017	1557	1004	207030	0	215608
21117	3669	1126	1078	208252	0	214125
21118	3148	1121	1052	209578	0	214899
21119	2659	1070	204872	5952	0	214553
21120	3049	1129	3890	204294	0	212362
21121	2712	1240	200991	5635	0	210578
21122	2653	1242	192395	2940	0	199230
21123	2979	978	203994	2416	0	210367
21124	3193	990	4476	203649	0	212308
21125	2922	758	1913	210867	0	216460
21126	2835	853	1307	214888	0	219883
21127	213033	886	1327	6814	0	222060
21128	5893	1054	1241	220190	0	228378
21129	222837	765	1520	6965	0	232087
21130	6231	222807	1491	3467	0	233996
21131	234428	4412	1290	3815	0	243945
21132	243614	1383	1152	3969	0	250118
21133	7287	247861	1402	2660	0	259210
21134	248383	4853	1039	3796	0	258071
21135	249970	1571	1309	3298	0	256148
21136	254522	1041	1610	3244	0	260417
21137	254189	886	1761	2870	0	259706
21138	9012	1076	245614	2004	0	257706
21139	4661	242811	5349	1948	0	254769
21140	4733	5554	2006	240950	0	253243
21141	242536	1611	1673	6753	0	252573
21142	7182	1329	239431	2982	0	250924
21143	3906	234540	5068	2401	0	245915
21144	4023	4613	1701	224917	0	235254
21145	3316	232706	1286	5240	0	242548
21146	3685	5266	1085	232322	0	242358
21147	3727	2586	860	234968	0	242141
21148	3391	1664	233213	6176	0	244444
21149	3358	1523	228686	2676	0	236243
21150	216059	1256	5524	3001	0	225840
21151	6510	1377	230042	1689	0	239618
21152	3277	1328	227518	1635	0	233758
21153	3714	1581	5533	219189	0	230017
21154	3428	1239	2411	218691	0	225769
21155	2481	217201	2309	5683	0	227674
21156	2220	234781	2194	2922	0	242117
21157	2348	5628	235180	2361	0	245517
21158	3381	3826	6100	238797	0	252104
21159	1602	1656	237605	6019	0	246882
21160	1145	1002	217702	2373	0	222222
21161	953	216366	5748	1699	0	224766
21162	2180	4280	2545	209439	0	218444
21163	210476	1445	1627	4635	0	218183
21164	4701	913	1076	211907	0	218597
21165	212090	698	1050	5313	0	219151
21166	211239	587	986	2705	0	215517
21167	209997	577	821	2340	0	213735
21168	5589	823	205411	1146	0	212969
21169	205910	741	4156	1429	0	212236
21170	5592	679	1694	211609	0	219574
21171	213079	454	1362	5204	0	220099
21172	214298	479	1112	2820	0	218709
21173	5473	210147	1224	1377	0	218221
21174	211139	4002	968	1768	0	217877
21175	5247	1731	210596	916	0	218490
21176	205011	923	4179	1726	0	211839
21177	209348	664	1628	1775	0	213415
21178	5683	208676	1273	1004	0	216636
21179	209180	3892	897	1361	0	215330
21180	6070	1469	724	199288	0	207551
21181	3151	1010	916	199174	0	204251
21182	1998	199558	1082	4642	0	207280
21183	2470	3828	718	203341	0	210357
21184	2309	1510	742	206597	0	211158
21185	1898	1206	202063	5311	0	210478
21186	1762	1235	199008	2275	0	204280
21187	193803	833	4975	2450	0	202061
21188	203464	686	2070	1994	0	208214
21189	6462	614	1519	201770	0	210365
21190	3273	759	202219	4519	0	210770
21191	2424	200026	4484	1981	0	208915
21192	2598	4244	1836	199336	0	208014
21193	1883	1649	201143	4862	0	209537
21194	192163	1174	4780	3009	0	201126
21195	5639	1040	1743	204549	0	212971
21196	2480	208036	1543	5292	0	217351
21197	2616	4823	1230	210573	0	219242
21198	2534	1828	1328	213732	0	219422
21199	2320	1252	1534	216910	0	222016
21200	211733	1009	1447	7614	0	221803
21201	6620	863	1128	211743	0	220354
21202	212790	937	1081	7385	0	222193
21203	215034	965	1122	4039	0	221160
21204	7480	1075	211064	2331	0	221950
21205	3437	211717	5394	2338	0	222886
21206	3594	5259	2205	192410	0	203468
21207	2265	221452	1913	4807	0	230437
21208	224717	6041	1548	3279	0	235585
21209	7084	2511	1216	225247	0	236058
21210	3058	1770	223197	6760	0	234785
21211	2625	1426	220958	3274	0	228283
21212	2339	1295	223524	2659	0	229817
21213	217694	1022	7495	3183	0	229394
21214	6887	222947	3301	2054	0	235189
21215	221593	5843	2176	2834	0	232446
21216	7434	225077	1924	1897	0	236332
21217	4289	6345	1748	221446	0	233828
21218	3498	2647	1852	220249	0	228246
21219	2571	224605	1563	7298	0	236037
21220	2546	6522	223656	3484	0	236208
21221	2174	227103	6182	2824	0	238283
21222	222596	6607	2447	3127	0	234777
21223	7203	2722	1842	215278	0	227045
21224	3024	2006	211911	6471	0	223412
21225	2670	1719	212078	2878	0	219345
21226	3308	1956	7399	208336	0	220999
21227	2394	1517	207331	6162	0	217404
21228	2170	1525	197968	2596	0	204259
21229	183395	1410	6918	2652	0	194375
21230	5231	188943	3042	1877	0	199093
21231	178234	4574	2028	2206	0	187042
21232	5568	2130	177709	1444	0	186851
21233	2633	167344	5282	1382	0	176641
21234	1863	173844	2607	1334	0	179648
21235	3136	6546	2713	168328	0	180723
21236	1901	2158	1501	173673	0	179233
21237	1726	1514	1223	178190	0	182653
21238	1238	1200	174520	6586	0	183544
21239	1786	1028	4946	174748	0	182508
21240	1818	1009	2046	179780	0	184653
21241	175167	838	1567	7211	0	184783
21242	5170	172999	1367	3148	0	182684
21243	2800	4809	1032	176724	0	185365
21244	175514	2073	1106	6275	0	184968
21245	176203	1430	1184	3140	0	181957
21246	6726	1345	1076	174324	0	183471
21247	2810	1342	173957	5868	0	183977
21248	2343	1121	4883	175235	0	183582
21249	1559	1003	174784	6494	0	183840
21250	175090	850	5541	3827	0	185308
21251	191906	801	2721	2782	0	198210
21252	7807	1191	1925	198729	0	209652
21253	3116	932	203180	6781	0	214009
21254	2356	215247	6393	2985	0	226981
21255	1820	6886	220948	1963	0	231617
21256	2707	4033	7176	195661	0	209577
21257	1461	210394	2713	6091	0	220659
21258	199829	5639	1255	2348	0	209071
21259	6674	1733	956	192334	0	201697
21260	1837	197714	1190	5856	0	206597
21261	200728	5836	974	2585	0	210123
21262	6715	1770	1061	197326	0	206872
21263	2075	199935	1109	6119	0	209238
21264	2422	6024	860	200975	0	210281
21265	1330	2046	199622	6554	0	209552
21266	192956	1291	5957	3056	0	203260
21267	199409	1286	1879	2233	0	204807
21268	7256	1157	193102	1464	0	202979
21269	2385	191982	6058	1556	0	201981
21270	194189	5906	2111	1789	0	203995
21271	7027	1994	1249	192155	0	202425
21272	3226	1291	1178	194864	0	200559
21273	2441	1218	948	197151	0	201758
21274	2546	1068	948	196902	0	201464
21275	2118	840	923	198445	0	202326
21276	191623	1069	897	8713	0	202302
21277	197791	968	904	3779	0	203442
21278	7899	802	1028	193347	0	203076
21279	3543	756	983	198374	0	203656
21280	2185	876	191881	8002	0	202944
21281	1723	893	192670	3317	0	198603
21282	188278	916	6842	2867	0	198903
21283	7524	1009	2272	190310	0	201115
21284	2716	940	188894	7119	0	199669
21285	2629	701	6217	190229	0	199776
21286	190011	722	2122	8380	0	201235
21287	197342	701	1677	3934	0	203654
21288	7938	714	1446	193166	0	203264
21289	3830	693	1214	198033	0	203770
21290	196797	687	1126	8497	0	207107
21291	7519	697	1164	194100	0	203480
21292	2672	194889	1182	7779	0	206522
21293	2923	5746	1168	195535	0	205372
21294	2756	1911	1212	198853	0	204732
21295	1806	1221	192402	7914	0	203343
21296	1771	973	187436	3706	0	193886
21297	1545	190100	6309	2940	0	200894
21298	186370	5434	2587	3027	0	197418
21299	186207	1783	1481	2478	0	191949
21300	189123	1108	1120	2508	0	193859
21301	7216	180464	1257	2396	0	191333
21302	2905	188937	1226	2403	0	195471
21303	184059	5842	1237	2624	0	193762
21304	6049	188969	1308	2373	0	198699
21305	2583	6004	184585	2133	0	195305
21306	2116	186815	5353	2513	0	196797
21307	2094	5546	181197	2180	0	191017
21308	174025	2179	5474	2348	0	184026
21309	181843	1547	2111	2363	0	187864
21310	6241	179376	1452	2008	0	189077
21311	184216	5427	1082	2373	0	193098
21312	197028	1940	1086	2254	0	202308
21313	200412	1589	1013	2311	0	205325
21314	8584	1498	1149	196128	0	207359
21315	199585	1458	1060	6800	0	208903
21316	8129	1480	190683	3145	0	203437
21317	196224	1470	5419	2890	0	206003
21318	8313	1254	2423	198865	0	210855
21319	4034	1396	195217	6484	0	207131
21320	3510	1408	197643	3123	0	205684
21321	3498	1302	6730	198279	0	209809
21322	3060	1090	3057	204684	0	211891
21323	202808	1232	2193	8324	0	214557
21324	7408	1066	1504	203247	0	213225
21325	3602	1149	200160	8259	0	213170
21326	3695	968	5486	197052	0	207201
21327	2717	204537	2440	7813	0	217507
21328	209245	5058	1882	4664	0	220849
21329	7255	1946	1642	210051	0	220894
21330	3769	1703	206540	7046	0	219058
21331	3096	205088	5635	4027	0	217846
21332	201666	4949	2647	3425	0	212687
21333	6827	2144	2228	205058	0	216257
21334	3365	1652	205596	6394	0	217007
21335	2918	202218	5512	3583	0	214231
21336	201303	4994	3056	3489	0	212842
21337	199353	1679	2052	2967	0	206051
21338	202276	1404	1609	2590	0	207879
21339	7837	999	1313	197869	0	208018
21340	4424	893	1062	202039	0	208418
21341	199714	762	1026	7178	0	208680
21342	6111	195845	1068	4101	0	207125
21343	201342	4154	1096	3586	0	210178
21344	6577	1841	1079	200553	0	210050
21345	205907	1508	1031	6281	0	214727
21346	6759	1216	1087	204788	0	213850
21347	4002	944	1186	206360	0	212492
21348	3455	1023	1195	208063	0	213736
21349	3700	1160	1173	207694	0	213727
21350	2509	1055	195586	6814	0	205964
21351	2214	964	181154	3474	0	187806
21352	162756	627	3657	2881	0	169921
21353	3662	635	174232	1802	0	180331
21354	1534	480	151268	1051	0	154333
21355	146716	392	3667	1120	0	151895
21356	151643	325	2323	956	0	155247
21357	2982	468	1255	163860	0	168565
21358	167373	180	865	2593	0	171011
21359	2673	170359	595	1260	0	174887
21360	175947	1508	450	1749	0	179654
21361	174345	852	379	1341	0	176917
21362	181515	816	346	1329	0	184006
21363	3438	605	306	180928	0	185277
21364	2192	175589	507	1881	0	180169
21365	1620	180759	487	1233	0	184099
21366	182974	1989	452	1495	0	186910
21367	184147	1296	472	1259	0	187174
21368	2712	974	397	183039	0	187122
21369	2065	608	405	182152	0	185230
21370	1485	181210	508	2309	0	185512
21371	181186	1533	340	2112	0	185171
21372	2335	1016	181742	1391	0	186484
21373	1843	826	1423	180539	0	184631
21374	1618	483	871	183875	0	186847
21375	1069	427	184894	2472	0	188862
21376	1126	347	1652	181437	0	184562
21377	1218	155564	1488	2645	0	160915
21378	918	1569	801	189070	0	192358
21379	1000	877	560	186751	0	189188
21380	816	177539	509	2597	0	181461
21381	775	187789	443	1923	0	190930
21382	817	1914	343	190802	0	193876
21383	190967	1174	328	2751	0	195220
21384	1793	987	358	191325	0	194463
21385	1340	587	456	192264	0	194647
21386	1197	197920	596	2514	0	202227
21387	1126	1373	434	205504	0	208437
21388	1022	772	435	203364	0	205593
21389	907	723	480	204430	0	206540
21390	203723	469	377	3546	0	208115
21391	1993	396	311	205573	0	208273
21392	1565	344	270	203363	0	205542
21393	1409	440	232	205736	0	207817
21394	1073	503	200297	2903	0	204776
21395	181797	383	1285	2758	0	186223
21396	1950	197316	888	1656	0	201810
21397	202493	1201	686	1597	0	205977
21398	2276	774	472	202617	0	206139
21399	1416	922	198363	1702	0	202403
21400	185143	625	1346	1853	0	188967
21401	2177	665	224947	1104	0	228893
21402	1861	468	1706	226450	0	230485
21403	236751	259	1157	2628	0	240795
21404	231603	262	854	1904	0	234623
21405	239274	299	517	1960	0	242050
21406	2970	260	304	242102	0	245636
21407	2235	314	285	244227	0	247061
21408	1632	475	302	246144	0	248553
21409	1007	237455	339	2608	0	241409
21410	718	236126	346	1943	0	239133
21411	664	234171	327	1549	0	236711
21412	263	236592	206	373	0	237434
21413	571	482	228	242343	0	243624
21414	386	164	101	241206	0	241857
21415	241351	86	100	1362	0	242899
21416	235192	95	138	1072	0	236497
21417	240084	90	101	1052	0	241327
21418	814	104	106	240703	0	241727
21419	410	101	94	243015	0	243620
21420	239891	99	63	1552	0	241605
21421	231184	165	146	1236	0	232731
21422	696	315	231349	341	0	232701
21423	659	463	218372	420	0	219914
21424	509	432	225376	324	0	226641
21425	316	344	239698	243	0	240601
21426	478	149	505	240099	0	241231
21427	240345	100	144	1413	0	242002
21428	552	236839	282	468	0	238141
21429	411	537	73	245016	0	246037
21430	324	400	244360	626	0	245710
21431	212	251554	700	495	0	252961
21432	353	449	108	260088	0	260998
21433	260	385	256117	666	0	257428
21434	591	133	505	251463	0	252692
21435	468	138	169	256275	0	257050
21436	259353	87	136	1534	0	261110
21437	742	109	136	261048	0	262035
21438	313	302	261912	641	0	263168
21439	552	142	501	258570	0	259765
21440	224	273889	344	813	0	275270
21441	444	526	157	286866	0	287993
21442	490	160	155	286599	0	287404
21443	475	159	149	284844	0	285627
21444	289371	63	136	1985	0	291555
21445	286074	83	158	1559	0	287874
21446	288789	82	126	1612	0	290609
21447	287731	75	133	1466	0	289405
21448	873	323	284065	259	0	285520
21449	277346	94	517	1253	0	279210
21450	286717	87	171	1349	0	288324
21451	778	285	282048	292	0	283403
21452	500	367	289353	169	0	290389
21453	580	280	504	293309	0	294673
21454	166	294481	363	611	0	295621
21455	302291	426	175	1457	0	304349
21456	306014	138	127	1443	0	307722
21457	302156	90	128	1422	0	303796
21458	906	103	83	300705	0	301797
21459	312	304444	316	612	0	305684
21460	315959	447	102	1909	0	318417
21461	318579	155	123	1503	0	320360
21462	936	145	79	315989	0	317149
21463	445	382	307734	584	0	309145
21464	306757	89	558	1234	0	308638
21465	832	101	251	320667	0	321851
21466	323585	50	156	1895	0	325686
21467	891	70	92	327280	0	328333
21468	440	356	322250	634	0	323680
21469	333105	82	548	1826	0	335561
21470	948	90	219	345241	0	346498
21471	842	106	172	342075	0	343195
21472	513	94	83	345666	0	346356
21473	479	108	93	344086	0	344766
21474	347255	45	76	2208	0	349584
21475	905	65	81	345924	0	346975
21476	500	343728	325	850	0	345403
21477	470	796	70	353125	0	354461
21478	217	351059	311	1082	0	352669
21479	512	1036	58	360974	0	362580
21480	600	353	95	362155	0	363203
21481	189	357804	349	1425	0	359767
21482	484	972	77	366245	0	367778
21483	625	348	94	362401	0	363468
21484	360906	167	83	3080	0	364236
21485	1371	478	364559	613	0	367021
21486	992	164	1444	364207	0	366807
21487	366579	86	392	3349	0	370406
21488	364771	111	244	2042	0	367168
21489	365598	96	155	2068	0	367917
21490	2742	456	362884	336	0	366418
21491	1255	639	361282	390	0	363566
21492	1478	562	2863	371725	0	376628
21493	379971	86	1117	4155	0	385329
21494	2735	475	372190	951	0	376351
21495	360402	153	2651	2188	0	365394
21496	2837	376740	1169	658	0	381404
21497	1727	2326	474	396166	0	400693
21498	1523	779	353	402438	0	405093
21499	404753	360	332	4889	0	410334
21500	3263	312	333	407768	0	411676
21501	384083	229	199	4792	0	389303
21502	387029	167	205	2904	0	390305
21503	3910	228	250	383835	0	388223
21504	2071	163	285	384882	0	387401
21505	380424	116	204	5200	0	385944
21506	3231	476	392403	1429	0	397539
21507	381436	99	2588	3329	0	387452
21508	3527	463	407068	699	0	411757
21509	406456	181	2844	2719	0	412200
21510	431993	139	960	2910	0	436002
21511	428149	147	666	2680	0	431642
21512	417972	108	437	2298	0	420815
21513	4115	412912	707	704	0	418438
21514	426867	2441	361	2484	0	432153
21515	428046	726	334	2301	0	431407
21516	4087	438312	634	744	0	443777
21517	444450	2662	276	2968	0	450356
21518	4089	1363	435800	503	0	441755
21519	430159	493	2833	2347	0	435832
21520	4430	1010	439509	466	0	445415
21521	2738	323	3454	442804	0	449319
21522	2188	270	1251	446891	0	450600
21523	1475	658	440104	4121	0	446358
21524	2198	211	3469	441330	0	447208
21525	8368	2427	4468	320999	0	336262
21526	461533	284	872	6925	0	469614
21527	5022	305	631	466584	0	472542
21528	2938	287	603	465254	0	469082
21529	2147	314	521	468611	0	471593
21530	1288	455344	878	5865	0	463375
21531	1750	3722	505	459930	0	465907
21532	459350	1139	518	7223	0	468230
21533	5181	1071	462913	2342	0	471507
21534	3104	497	4737	468786	0	477124
21535	1690	883	469694	6076	0	478343
21536	455977	365	5650	4138	0	466130
21537	7204	338	1919	490850	0	500311
21538	2802	977	603412	7490	0	614681
21539	3765	379	13042	605868	0	623054
21540	3417	420	10017	602080	0	615934
21541	1580	598800	7928	23081	0	631389
21542	3488	12742	4282	631274	0	651786
21543	3929	9649	1706	672533	0	687817
21544	1841	7850	655875	30660	0	696226
21545	4452	4009	16114	662379	0	686954
21546	3816	1867	11012	681176	0	697871
21547	650615	1154	8108	35273	0	695150
21548	649943	982	5337	25005	0	681267
21549	25839	651277	3682	15980	0	696778
21550	670975	16173	2751	13108	0	703007
21551	675851	11097	3240	11509	0	701697
21552	32216	676177	4753	8459	0	721605
21553	24004	20444	3036	676998	0	724482
21554	685484	13016	2011	26467	0	726978
21555	688839	9554	2078	19604	0	720075
21556	678549	6420	2048	16522	0	703539
21557	39675	648941	3621	10062	0	702299
21558	28834	19809	665312	7754	0	721709
21559	680804	13272	18143	10110	0	722329
21560	694714	11743	11386	10225	0	728068
21561	37302	686567	9161	8284	0	741314
21562	704043	23056	5325	10004	0	742428
21563	722685	14761	4083	8256	0	749785
21564	47630	11325	3063	692338	0	754356
21565	30157	9644	692568	25312	0	757681
21566	25009	6188	22566	706527	0	760290
21567	20637	4552	13912	718939	0	758040
21568	18090	5102	9743	730080	0	763015
21569	13437	6475	686393	43386	0	749691
21570	16970	4651	22995	687291	0	731907
21571	15176	4672	14388	713000	0	747236
21572	13484	3553	11068	723265	0	751370
21573	13921	3305	8526	723999	0	749751
21574	12746	3790	5171	723596	0	745303
21575	9567	681837	4928	58243	0	754575
21576	11259	22609	4417	716780	0	755065
21577	10318	13352	6383	737529	0	767582
21578	7313	10345	693874	50589	0	762121
21579	10664	6181	23956	757656	0	798457
21580	9879	4842	14268	773983	0	802972
21581	10258	4049	10838	805392	0	830537
21582	10340	4104	8388	824796	0	847628
21583	778018	5060	6770	69876	0	859724
21584	33740	4704	5398	819710	0	863552
21585	23524	5122	4309	828979	0	861934
21586	16960	5931	761354	63092	0	847337
21587	12760	724228	27760	47741	0	812489
21588	8515	781815	19319	37955	0	847604
21589	753963	36568	15930	33883	0	840344
21590	28516	773100	11119	29310	0	842045
21591	23365	36446	6962	769956	0	836729
21592	756377	22200	6118	51645	0	836340
21593	34598	16301	749301	39243	0	839443
21594	24613	12258	29726	760562	0	827159
21595	18042	755874	19929	49183	0	843028
21596	16644	31688	13482	757513	0	819327
21597	11266	765450	10135	53604	0	840455
21598	13419	39730	6432	781886	0	841467
21599	754649	25303	5621	58635	0	844208
21600	37153	19804	761407	39075	0	857439
21601	28516	14551	31923	744067	0	819057
21602	20749	765385	21596	48798	0	856528
21603	762588	35970	16097	38369	0	853024
21604	38314	24365	753711	33614	0	850004
21605	29144	19556	32231	762744	0	843675
21606	23357	14968	739256	49278	0	826859
21607	23191	10621	40529	748017	0	822358
21608	16091	10406	730146	56198	0	812841
21609	14538	10604	44033	726432	0	795607
21610	13601	11041	28597	743522	0	796761
21611	699145	10283	19839	66396	0	795663
21612	722484	10216	15844	46333	0	794877
21613	53794	9568	12065	699873	0	775300
21614	35616	687543	12493	51647	0	787299
21615	28263	33794	9646	718294	0	789997
21616	21198	21935	10846	727356	0	781335
21617	671831	15629	10953	71717	0	770130
21618	37028	675708	10656	52937	0	776329
21619	683722	35246	9424	42383	0	770775
21620	692040	23955	8816	34674	0	759485
21621	52609	645742	9109	32008	0	739468
21622	34788	692957	8257	32295	0	768297
21623	680358	44353	9432	34392	0	768535
21624	45301	27934	652792	35192	0	761219
21625	668283	20523	32909	32285	0	754000
21626	677187	17344	20961	30772	0	746264
21627	60423	641528	17333	28189	0	747473
21628	45058	36085	13257	586330	0	680730
21629	29978	650271	12273	48374	0	740896
21630	642451	45147	12666	38673	0	738937
21631	664504	30837	12919	31993	0	740253
21632	56823	24274	12247	636549	0	729893
21633	43886	20696	10025	656316	0	730923
21634	624190	16396	8296	63275	0	712157
21635	47001	606930	8037	49008	0	710976
21636	35953	597967	8074	40610	0	682604
21637	29745	598333	9935	30730	0	668743
21638	15894	460204	6420	21022	0	503540
21639	15400	476418	6038	21057	0	518913
21640	16626	36270	6791	456630	0	516317
21641	12511	20027	432716	36186	0	501440
21642	13741	438917	19092	22547	0	494297
21643	398674	25585	8730	15573	0	448562
21644	26379	15493	7614	393004	0	442490
21645	392073	12660	6119	26089	0	436941
21646	25174	390048	6605	16889	0	438716
21647	392012	22239	7464	14494	0	436209
21648	26911	388933	9105	12157	0	437106
21649	18575	23602	8739	389013	0	439929
21650	389113	13640	8179	25392	0	436324
21651	399554	11467	7995	17884	0	436900
21652	28203	10184	7392	391925	0	437704
21653	18409	9749	6651	395143	0	429952
21654	15342	378160	5899	31507	0	430908
21655	16099	20712	4759	391354	0	432924
21656	15750	12703	3622	400411	0	432486
21657	15584	12619	3063	393703	0	424969
21658	13312	365466	3239	33773	0	415790
21659	338502	18287	2825	21181	0	380795
21660	20074	344019	2920	16833	0	383846
21661	333862	20520	2700	13803	0	370885
21662	22412	333860	3295	11343	0	370910
21663	16854	20441	317578	10147	0	365020
21664	15465	14142	13639	316793	0	360039
21665	12775	11759	311290	17478	0	353302
21666	11756	10491	310144	11100	0	343491
21667	12612	10369	18516	304249	0	345746
21668	12125	8351	307087	17491	0	345054
21669	12910	7435	17727	302657	0	340729
21670	13381	7041	10255	308625	0	339302
21671	12051	7643	7571	316793	0	344058
21672	304530	7867	5562	25655	0	343614
21673	20358	7878	4505	309033	0	341774
21674	15930	7535	3229	312716	0	339410
21675	294078	6289	2367	25611	0	328345
21676	20674	280991	2298	18287	0	322250
21677	14177	266460	1773	15278	0	297688
21678	12993	276653	1742	11987	0	303375
21679	9371	20837	2057	218578	0	250843
21680	6915	6962	215642	13060	0	242579
21681	179748	6537	7602	7904	0	201791
21682	9214	185823	3056	4770	0	202863
21683	172164	7632	2176	3719	0	185691
21684	173735	4380	1225	2633	0	181973
21685	174150	3895	970	2397	0	181412
21686	9315	4175	167408	2170	0	183068
21687	5958	3688	5033	168677	0	183356
21688	5390	3064	2657	173150	0	184261
21689	5355	2444	2087	174785	0	184671
21690	5058	2370	1715	169465	0	178608
21691	4169	165850	1480	8337	0	179836
21692	165331	5954	1158	5420	0	177863
21693	6352	3256	155375	3614	0	168597
21694	148727	2298	3977	3268	0	158270
21695	6913	4006	1709	140534	0	153162
21696	4033	136656	919	5790	0	147398
21697	3038	143033	683	4052	0	150806
21698	3802	9110	1043	129104	0	143059
21699	2295	131284	795	4773	0	139147
21700	112727	2359	638	2113	0	117837
21701	2345	1276	107573	1217	0	112411
21702	1158	1049	1495	103212	0	106914
21703	765	558	629	105670	0	107622
21704	669	561	380	107201	0	108811
21705	706	594	362	106165	0	107827
21706	106392	571	316	2552	0	109831
21707	1807	108893	335	1272	0	112307
21708	117635	1734	320	1153	0	120842
21709	2477	843	263	120693	0	124276
21710	1453	659	329	124909	0	127350
21711	811	128995	363	3160	0	133329
21712	132353	2268	313	2156	0	137090
21713	135233	1079	324	1606	0	138242
21714	3456	133265	302	1013	0	138036
21715	1873	2522	402	124792	0	129589
21716	1007	130572	313	2395	0	134287
21717	129045	2676	325	1712	0	133758
21718	2792	1350	129100	940	0	134182
21719	1491	914	124438	695	0	127538
21720	120031	532	2925	994	0	124482
21721	2430	124747	1379	729	0	129285
21722	1602	2339	647	124611	0	129199
21723	1156	1186	437	126312	0	129091
21724	634	897	125741	3230	0	130502
21725	991	543	2209	124972	0	128715
21726	870	545	1051	127016	0	129482
21727	542	124428	695	3394	0	129059
21728	781	2380	418	125836	0	129415
21729	736	1290	376	126285	0	128687
21730	122675	743	333	3907	0	127658
21731	2321	119575	493	1916	0	124305
21732	1238	122177	505	1262	0	125182
21733	1081	2871	439	122411	0	126802
21734	810	1434	335	124772	0	127351
21735	797	866	234	123762	0	125659
21736	413	121973	305	3850	0	126541
21737	737	2370	239	124970	0	128316
21738	781	1170	211	124648	0	126810
21739	781	819	215	125515	0	127330
21740	711	617	171	124369	0	125868
21741	448	117720	314	4125	0	122607
21742	456	126227	249	2266	0	129198
21743	123913	3007	161	1829	0	128910
21744	125377	1531	184	1382	0	128474
21745	3697	979	145	125064	0	129885
21746	1612	819	124330	3133	0	129894
21747	1326	724	2263	125299	0	129612
21748	1062	590	941	126169	0	128762
21749	122370	625	598	4263	0	127856
21750	2820	125613	432	2086	0	130951
21751	1761	2636	297	126183	0	130877
21752	1302	1335	285	128474	0	131396
21753	788	968	124530	4058	0	130344
21754	696	870	125680	2262	0	129508
21755	878	800	3235	125403	0	130316
21756	880	708	1539	124741	0	127868
21757	625	122749	965	3899	0	128238
21758	581	126749	674	2196	0	130200
21759	124618	3274	582	2012	0	130486
21760	2821	1602	504	126626	0	131553
21761	1340	1037	125897	3251	0	131525
21762	815	125144	2320	2100	0	130379
21763	880	2592	1152	127945	0	132569
21764	126724	1422	652	3684	0	132482
21765	2528	1081	404	128692	0	132705
21766	126235	756	423	3966	0	131380
21767	2703	127349	418	2231	0	132701
21768	125295	2616	385	2043	0	130339
21769	3140	1523	296	128369	0	133328
21770	1566	1230	133208	3412	0	139416
21771	1342	978	2487	131703	0	136510
21772	823	137313	1249	3760	0	143145
21773	1025	3261	676	138288	0	143250
21774	692	143976	598	4021	0	149287
21775	1071	3669	473	149654	0	154867
21776	728	1873	145276	4695	0	152572
21777	872	1310	141105	2866	0	146153
21778	688	1092	145068	2329	0	149177
21779	141734	972	4403	2289	0	149398
21780	3447	143442	1985	1722	0	150596
21781	1879	148955	1248	1480	0	153562
21782	144513	4375	889	1910	0	151687
21783	146387	2177	846	1847	0	151257
21784	4799	1538	737	144443	0	151517
21785	2171	1273	144236	4329	0	152009
21786	1585	1153	139000	2462	0	144200
21787	1566	931	4365	140203	0	147065
21788	140000	916	2143	4836	0	147895
21789	3515	139970	1374	2739	0	147598
21790	2019	3629	991	142233	0	148872
21791	140036	1728	1008	5016	0	147788
21792	140707	1119	946	3315	0	146087
21793	4389	1052	139483	2329	0	147253
21794	132632	1084	3417	2385	0	139518
21795	4250	1166	140418	1793	0	147627
21796	2281	1141	142083	1675	0	147180
21797	2074	903	4471	137347	0	144795
21798	1687	831	2211	140355	0	145084
21799	1554	922	1530	143190	0	147196
21800	1104	1124	138939	5552	0	146719
21801	136923	1047	3578	3434	0	144982
21802	4126	991	1689	144494	0	151300
21803	141046	952	1253	5341	0	148592
21804	141479	1094	1002	3379	0	146954
21805	4743	141825	1125	2535	0	150228
21806	2529	144824	1267	2136	0	150756
21807	1645	145501	1251	1956	0	150353
21808	2006	4645	1461	132300	0	140412
21809	1134	1741	132482	3334	0	138691
21810	1429	3860	3206	121845	0	130340
21811	1039	123563	1544	3100	0	129246
21812	910	124110	956	1409	0	127385
21813	1318	3222	774	121491	0	126805
21814	119258	1310	710	3148	0	124426
21815	2747	117460	811	1439	0	122457
21816	1177	119215	787	1203	0	122382
21817	121754	2970	692	1443	0	126859
21818	3146	1287	611	121867	0	126911
21819	1671	971	559	122359	0	125560
21820	1391	742	565	125255	0	127953
21821	120466	692	526	3941	0	125625
21822	122337	614	620	2040	0	125611
21823	3768	572	693	121833	0	126866
21824	1890	602	117621	3022	0	123135
21825	117470	515	2716	1809	0	122510
21826	3305	548	1241	120492	0	125586
21827	1557	563	118311	3213	0	123644
21828	1223	588	116661	1731	0	120203
21829	1270	530	3283	121261	0	126344
21830	930	528	127423	3577	0	132458
21831	1323	502	3167	134888	0	139880
21832	1469	590	1587	134231	0	137877
21833	1341	554	975	145335	0	148205
21834	142180	691	823	5709	0	149403
21835	4228	796	727	144040	0	149791
21836	2250	896	746	145763	0	149655
21837	1621	977	764	146153	0	149515
21838	1399	945	873	146822	0	150039
21839	930	1059	139253	5792	0	147034
21840	794	139337	3662	3183	0	146976
21841	1062	3596	1519	138506	0	144683
21842	1070	1829	1081	135719	0	139699
21843	772	130411	1086	4687	0	136956
21844	858	138915	925	2542	0	143240
21845	135943	3997	922	2366	0	143228
21846	3519	134113	882	1891	0	140405
21847	2045	3810	707	134041	0	140603
21848	1431	1811	135201	4005	0	142448
21849	129104	1200	2992	2739	0	136035
21850	3732	1028	131626	2123	0	138509
21851	129327	742	3400	2246	0	135715
21852	132092	539	1541	2003	0	136175
21853	4697	587	132895	1913	0	140092
21854	2796	507	3623	126233	0	133159
21855	1792	130793	1881	4014	0	138480
21856	1694	3022	1381	138645	0	144742
21857	140930	1193	1277	4903	0	148303
21858	144036	811	1190	2875	0	148912
21859	4555	142371	1263	2307	0	150496
21860	144282	3271	1186	2508	0	151247
21861	4647	1294	1047	142264	0	149252
21862	141676	816	1047	5357	0	148896
21863	144868	714	997	3271	0	149850
21864	5426	660	795	143919	0	150800
21865	143603	751	671	5547	0	150572
21866	142398	794	652	3594	0	147438
21867	4754	960	139843	2801	0	148358
21868	136129	956	3283	2802	0	143170
21869	4503	1047	136912	2240	0	144702
21870	2190	853	128749	1698	0	133490
21871	1549	133752	3870	1722	0	140893
21872	1839	3324	1915	127330	0	134408
21873	1128	1360	131566	3168	0	137222
21874	1117	1127	125389	1786	0	129419
21875	128764	926	3350	1532	0	134572
21876	3118	641	1358	130779	0	135896
21877	1647	623	983	134579	0	137832
21878	1298	568	792	136268	0	138926
21879	1183	652	623	136205	0	138663
21880	1229	596	626	137545	0	139996
21881	1168	632	134276	4194	0	140270
21882	1232	639	132474	2082	0	136427
21883	1283	522	3211	135774	0	140790
21884	134694	552	1437	3765	0	140448
21885	3081	133160	1021	2098	0	139360
21886	1816	2503	826	134759	0	139904
21887	134315	866	784	3822	0	139787
21888	3403	132996	834	2051	0	139284
21889	2062	2569	742	135336	0	140709
21890	1804	1043	652	138339	0	141838
21891	1487	691	700	138629	0	141507
21892	136276	461	769	4821	0	142327
21893	3315	515	133946	2481	0	140257
21894	133367	395	3003	2148	0	138913
21895	3651	547	1380	137157	0	142735
21896	1981	430	1044	133641	0	137096
21897	1329	134347	1013	4261	0	140950
21898	1143	2589	134234	2439	0	140405
21899	130733	989	2909	2446	0	137077
21900	136158	686	1427	2150	0	140421
21901	3810	693	135325	1728	0	141556
21902	128755	525	2849	2047	0	134176
21903	3386	135339	1447	1717	0	141889
21904	1748	138221	1058	1580	0	142607
21905	1314	139471	974	1444	0	143203
21906	133628	3414	1094	1482	0	139618
21907	3313	1610	135183	1122	0	141228
21908	1840	1955	2665	129311	0	135771
21909	1174	128728	1293	2931	0	134126
21910	1000	131571	849	1585	0	135005
21911	1065	132809	835	1109	0	135818
21912	2298	3889	836	112029	0	119052
21913	126961	1217	582	3195	0	131955
21914	2618	128407	513	1564	0	133102
21915	1532	2367	435	130078	0	134412
21916	1171	1068	429	131788	0	134456
21917	127942	771	538	3461	0	132712
21918	2950	627	567	127745	0	131889
21919	1725	483	435	131037	0	133680
21920	1165	566	129579	3386	0	134696
21921	1237	561	2243	128814	0	132855
21922	1125	576	968	133732	0	136401
21923	131759	504	732	3697	0	136692
21924	131714	468	569	1979	0	134730
21925	3517	353	562	132607	0	137039
21926	128653	383	544	3452	0	133032
21927	130009	519	470	1951	0	132949
21928	3234	129716	626	1182	0	134758
21929	1605	2322	126866	901	0	131694
21930	1325	122489	2311	850	0	126975
21931	1680	3508	1213	113560	0	119961
21932	110321	693	960	1930	0	113904
21933	1237	108833	390	758	0	111218
21934	716	1181	271	109735	0	111903
21935	108525	502	261	1816	0	111104
21936	107327	408	252	1022	0	109009
21937	1588	327	259	108075	0	110249
21938	708	370	111072	1549	0	113699
21939	654	270	1035	112541	0	114500
21940	582	290	379	114965	0	116216
21941	418	373	113875	1785	0	116451
21942	654	235	1142	112446	0	114477
21943	616	249	475	114187	0	115527
21944	117617	188	349	2261	0	120415
21945	1439	198	245	119258	0	121140
21946	749	251	214	119752	0	120966
21947	117667	257	208	2269	0	120401
21948	114144	244	245	1412	0	116045
21949	113796	225	262	1150	0	115433
21950	1850	335	113045	586	0	115816
21951	946	465	1230	111791	0	114432
21952	555	113992	527	1436	0	116510
21953	694	1326	263	117902	0	120185
21954	646	642	120819	1472	0	123579
21955	1057	806	1152	114213	0	117228
21956	517	433	116939	1397	0	119286
21957	108420	355	1288	1102	0	111165
21958	111869	167	443	796	0	113275
21959	1285	156	189	114238	0	115868
21960	694	147	161	113694	0	114696
21961	507	180	142	113671	0	114500
21962	300	116448	204	1319	0	118271
21963	116340	838	151	1245	0	118574
21964	117283	318	142	1023	0	118766
21965	1356	191	123	117049	0	118719
21966	684	168	114	116665	0	117631
21967	533	148	144	117292	0	118117
21968	495	96	154	117424	0	118169
21969	341	216	115450	1430	0	117437
21970	511	117	864	116048	0	117540
21971	112552	108	359	1728	0	114747
21972	111981	115	210	1111	0	113417
21973	1279	122	155	109379	0	110935
21974	556	209	106047	1120	0	107932
21975	100317	128	859	1000	0	102304
21976	1197	330	356	105023	0	106906
21977	515	102309	254	1143	0	104221
21978	297	106001	235	552	0	107085
21979	107638	951	240	1079	0	109908
21980	1194	367	170	109562	0	111293
21981	612	164	110	111312	0	112198
21982	473	101	112	116778	0	117464
21983	532	99	102	117172	0	117905
21984	468	104	79	122994	0	123645
21985	262	194	122364	2089	0	124909
21986	279	177	120543	1006	0	122005
21987	271	159	122097	728	0	123255
21988	515	78	2188	121237	0	124018
21989	280	183	125175	1915	0	127553
21990	558	73	1950	123355	0	125936
21991	497	104	787	124692	0	126080
21992	471	86	534	129594	0	130685
21993	129283	77	443	3549	0	133352
21994	2115	113	454	131624	0	134306
21995	1112	164	447	134260	0	135983
21996	132440	72	493	3503	0	136508
21997	2094	132788	553	1666	0	137101
21998	800	138279	545	1096	0	140720
21999	137590	2685	329	1480	0	142084
22000	2305	140914	384	894	0	144497
22001	139719	2524	358	1423	0	144024
22002	141086	940	256	1355	0	143637
22003	140579	521	171	1337	0	142608
22004	138658	336	173	1315	0	140482
22005	139435	335	159	1232	0	141161
22006	3623	137656	214	812	0	142305
22007	137763	2487	163	1093	0	141506
22008	139582	1076	177	1026	0	141861
22009	3638	141376	302	581	0	145897
22010	152085	2585	229	1154	0	156053
22011	156243	1105	284	1037	0	158669
22012	169994	722	207	988	0	171911
22013	178356	586	201	1073	0	180216
22014	6584	686	186992	566	0	194828
22015	4135	546	4600	197249	0	206530
22016	3157	593	1363	205971	0	211084
22017	1789	715	202246	6729	0	211479
22018	1802	719	199429	2525	0	204475
22019	199725	533	6671	1949	0	208878
22020	7617	603	2383	202053	0	212656
22021	3129	627	205395	5618	0	214769
22022	2417	731	203251	1997	0	208396
22023	201229	485	7125	2092	0	210931
22024	208877	449	2777	1781	0	213884
22025	209511	409	1746	1716	0	213382
22026	8913	479	204882	985	0	215259
22027	5317	289	6101	203449	0	215156
22028	3027	508	206971	5885	0	216391
22029	202851	318	6820	3203	0	213192
22030	7228	513	209792	1940	0	219473
22031	4200	461	7381	204130	0	216172
22032	3819	444	3132	203339	0	210734
22033	2441	209481	2490	6733	0	221145
22034	213487	5501	1704	3913	0	224605
22035	7562	1798	212739	2185	0	224284
22036	211961	1018	7245	2260	0	222484
22037	8516	717	219888	1405	0	230526
22038	5172	465	7783	211160	0	224580
22039	4255	400	3470	217077	0	225202
22040	3495	417	2878	220132	0	226922
22041	214662	426	2210	9661	0	226959
22042	8842	532	2131	212612	0	224117
22043	5250	517	1921	215383	0	223071
22044	3345	207597	2302	8763	0	222007
22045	3744	5504	2068	212665	0	223981
22046	208788	1720	2173	9393	0	222074
22047	8057	1518	208822	4041	0	222438
22048	5240	820	7270	207723	0	221053
22049	3637	776	209535	8252	0	222200
22050	3173	202401	8435	4331	0	218340
22051	2845	5634	209752	3617	0	221848
22052	204518	2269	8689	4121	0	219597
22053	212719	1322	4176	3725	0	221942
22054	10021	903	3640	205460	0	220024
22055	207406	758	3131	8942	0	220237
22056	210552	608	3145	5086	0	219391
22057	10581	717	3081	207897	0	222276
22058	6110	918	3067	213821	0	223916
22059	4304	903	209027	10045	0	224279
22060	4084	205631	8288	5117	0	223120
22061	207751	5970	4343	4618	0	222682
22062	9032	203408	3514	3711	0	219665
22063	5918	6945	3095	204456	0	220414
22064	5431	2623	2582	209534	0	220170
22065	5050	1755	2838	210469	0	220112
22066	4647	1331	2758	210946	0	219682
22067	3599	1219	202867	11249	0	218934
22068	196904	1070	8294	6804	0	213072
22069	208761	1229	4202	5080	0	219272
22070	10797	1227	3407	203988	0	219419
22071	205725	1154	2749	10087	0	219715
22072	10301	1335	2482	206682	0	220800
22073	5375	1400	203360	10633	0	220768
22074	5237	1495	7649	200650	0	215031
22075	4595	200156	3895	9986	0	218632
22076	4317	6090	3408	198993	0	212808
22077	3765	202383	2946	10185	0	219279
22078	4044	6817	2705	195930	0	209496
22079	3404	200019	2591	10398	0	216412
22080	195578	6923	2535	6732	0	211768
22081	8444	2917	195847	5584	0	212792
22082	4751	183488	7430	5076	0	200745
22083	4054	190981	3999	4582	0	203616
22084	4720	6770	4000	183829	0	199319
22085	4061	2600	2818	186673	0	196152
22086	3827	1847	2791	186438	0	194903
22087	3764	1473	2844	186648	0	194729
22088	3271	178507	2863	9954	0	194595
22089	3711	5888	2455	182082	0	194136
22090	3711	2381	2536	184766	0	193394
22091	178067	2224	2251	9476	0	192018
22092	8131	1757	2056	180082	0	192026
22093	4170	1858	175134	9104	0	190266
22094	3894	1682	171068	5554	0	182198
22095	164048	1453	6510	5695	0	177706
22096	6538	168545	3069	4903	0	183055
22097	3079	172789	2154	4619	0	182641
22098	3576	6064	2259	167901	0	179800
22099	2774	2897	1654	171870	0	179195
22100	2397	2156	163266	8371	0	176190
22101	156949	1989	5143	5404	0	169485
22102	164815	1919	2335	4874	0	173943
22103	6465	1546	168719	4819	0	181549
22104	3310	1367	163989	4677	0	173343
22105	165613	1225	5822	4921	0	177581
22106	174822	1191	2928	4612	0	183553
22107	174712	1372	2143	4188	0	182415
22108	173490	1405	1759	3941	0	180595
22109	7657	164619	1444	3639	0	177359
22110	156039	4387	1145	3127	0	164698
22111	5729	1922	147697	3022	0	158370
22112	2295	1274	132938	2311	0	138818
22113	1851	1108	134531	1999	0	139489
22114	2500	8168	4416	105576	0	120660
22115	105178	251	1837	1622	0	108888
22116	104739	196	366	811	0	106112
22117	1324	204	307	104764	0	106599
22118	818	235	280	102079	0	103412
22119	577	239	233	106132	0	107181
22120	441	110226	259	1402	0	112328
22121	111317	937	192	1286	0	113732
22122	112172	344	183	1091	0	113790
22123	112895	267	195	933	0	114290
22124	112765	202	174	865	0	114006
22125	113113	197	239	727	0	114276
22126	1594	186	220	110469	0	112469
22127	763	108608	266	1266	0	110903
22128	859	948	179	108023	0	110009
22129	678	570	177	107800	0	109225
22130	105992	196	161	1434	0	107783
22131	1009	238	103257	599	0	105103
22132	553	254	96964	406	0	98177
22133	506	245	97921	330	0	99002
22134	103532	108	919	551	0	105110
22135	107094	81	780	502	0	108457
22136	940	168	247	109326	0	110681
22137	535	84	157	106111	0	106887
22138	396	84	122	109374	0	109976
22139	266	128	110049	949	0	111392
22140	430	74	681	107449	0	108634
22141	231	151	116808	881	0	118071
22142	383	94	782	116133	0	117392
22143	380	77	344	116865	0	117666
22144	365	56	240	120716	0	121377
22145	120270	47	171	1505	0	121993
22146	119758	41	178	1076	0	121053
22147	983	155	120448	422	0	122008
22148	118213	62	719	772	0	119766
22149	120897	27	329	695	0	121948
22150	1128	50	242	121367	0	122787
22151	122788	38	244	1293	0	124363
22152	1032	55	210	123361	0	124658
22153	682	49	157	123842	0	124730
22154	425	141	121163	1162	0	122891
22155	114685	44	729	1063	0	116521
22156	1050	39	351	122800	0	124240
22157	558	117	123047	941	0	124663
22158	482	144	125911	530	0	127067
22159	709	102	957	124406	0	126174
22160	562	43	541	125529	0	126675
22161	129011	17	305	1579	0	130912
22162	982	36	225	129762	0	131005
22163	673	28	219	129603	0	130523
22164	560	32	225	132153	0	132970
22165	502	43	246	138165	0	138956
22166	142889	17	262	2374	0	145542
22167	142947	29	295	1582	0	144853
22168	146787	22	264	1321	0	148394
22169	150143	21	227	1165	0	151556
22170	2490	38	240	155493	0	158261
22171	157937	11	251	2581	0	160780
22172	2628	22	227	158323	0	161200
22173	159636	20	233	2887	0	162776
22174	2920	31	200	159177	0	162328
22175	1564	42	204	158767	0	160577
22176	813	159139	289	2848	0	163089
22177	934	1795	171	160776	0	163676
22178	158277	598	157	3275	0	162307
22179	154195	302	183	2080	0	156760
22180	3042	254	157299	916	0	161511
22181	1397	157709	2048	807	0	161961
22182	157834	1846	831	1381	0	161892
22183	2454	161884	552	739	0	165629
22184	160713	2140	331	1411	0	164595
22185	2600	167753	347	777	0	171477
22186	1352	2329	168319	705	0	172705
22187	941	168178	2111	776	0	172006
22188	682	171190	922	820	0	173614
22189	987	2664	465	175159	0	179275
22190	177389	1062	298	3303	0	182052
22191	2892	567	251	178308	0	182018
22192	1753	369	221	178825	0	181168
22193	176457	281	246	4048	0	181032
22194	179678	357	235	2333	0	182603
22195	3764	344	178	180574	0	184860
22196	2128	312	225	180390	0	183055
22197	1558	302	212	181696	0	183768
22198	177322	296	222	4361	0	182201
22199	2903	488	177335	1710	0	182436
22200	1931	351	2196	177388	0	181866
22201	1164	547	182287	2883	0	186881
22202	860	178779	2569	1732	0	183940
22203	918	2301	175527	1230	0	179976
22204	1300	1014	2451	173411	0	178176
22205	880	686	175350	2954	0	179870
22206	167159	421	2587	2169	0	172336
22207	3092	407	1021	175085	0	179605
22208	1474	178707	721	3011	0	183913
22209	1388	2429	454	179813	0	184084
22210	970	177864	487	3132	0	182453
22211	943	179287	499	1699	0	182428
22212	896	180263	571	1264	0	182994
22213	1211	3078	431	170576	0	175296
22214	764	174176	454	2721	0	178115
22215	171093	2656	380	2194	0	176323
22216	2797	1340	166883	1175	0	172195
22217	1641	973	159476	1133	0	163223
22218	1209	790	166610	982	0	169591
22219	1280	540	3022	169866	0	174708
22220	1220	508	1246	163957	0	166931
22221	1213	566	665	164630	0	167074
22222	1286	488	514	165626	0	167914
22223	1585	558	466	161005	0	163614
22224	1217	167049	589	3731	0	172586
22225	1221	2603	163462	1909	0	169195
22226	1333	1406	158857	1527	0	163123
22227	1094	168064	2881	1473	0	173512
22228	1384	2499	1254	170806	0	175943
22229	1359	1110	785	173015	0	176269
22230	1288	803	623	172677	0	175391
22231	169748	729	612	4715	0	175804
22232	2969	803	167829	2452	0	174053
22233	162939	691	2353	2498	0	168481
22234	166433	673	1018	2303	0	170427
22235	3574	162685	845	1613	0	168717
22236	1800	166664	652	1396	0	170512
22237	168020	3075	706	1839	0	173640
22238	3390	1602	620	168708	0	174320
22239	2005	1070	628	174478	0	178181
22240	1358	1120	177827	3817	0	184122
22241	1209	1245	171703	1848	0	176005
22242	1413	1050	3538	178359	0	184360
22243	180745	1099	1569	4203	0	187616
22244	3480	1180	189569	1764	0	195993
22245	191420	1048	3630	2049	0	198147
22246	4403	1011	1521	199176	0	206111
22247	2407	965	1023	208436	0	212831
22248	1940	941	839	216117	0	219837
22249	1240	1022	214207	5916	0	222385
22250	1216	206350	4251	2888	0	214705
22251	1107	221114	1704	2267	0	226192
22252	220372	4932	883	2834	0	229021
22253	227291	1730	831	2467	0	232319
22254	6322	989	810	228146	0	236267
22255	229744	722	882	6442	0	237790
22256	5661	809	223852	2641	0	232963
22257	2221	908	222532	1981	0	227642
22258	2279	716	5766	218749	0	227510
22259	225012	569	2374	6405	0	234360
22260	5628	628	1584	226692	0	234532
22261	2597	576	1392	233474	0	238039
22262	228465	595	1330	7841	0	238231
22263	233241	766	1391	3733	0	239131
22264	6399	241412	1325	2433	0	251569
22265	241508	5126	980	2407	0	250021
22266	7103	2369	863	234941	0	245276
22267	2216	239225	1003	5928	0	248372
22268	238289	5113	865	2928	0	247195
22269	5773	240293	1072	1732	0	248870
22270	2697	5515	931	236170	0	245313
22271	235621	1284	817	6128	0	243850
22272	5565	978	230598	1893	0	239034
22273	2017	865	229221	1440	0	233543
22274	2564	1099	5391	225477	0	234531
22275	1932	634	1635	231935	0	236136
22276	2115	647	911	226600	0	230273
22277	1276	234685	882	5434	0	242277
22278	239896	5065	671	3006	0	248638
22279	241459	1568	619	2497	0	246143
22280	243292	1033	517	2473	0	247315
22281	6879	250387	685	1513	0	259464
22282	3617	5651	606	269289	0	279163
22283	2834	1766	676	273336	0	278612
22284	2693	1134	646	275942	0	280415
22285	260193	950	779	9323	0	271245
22286	6663	260582	992	3159	0	271396
22287	3519	6025	704	262110	0	272358
22288	2748	1868	570	267268	0	272454
22289	1838	1501	256471	8453	0	268263
22290	1712	255466	5872	3493	0	266543
22291	2699	6438	1680	255351	0	266168
22292	2706	2020	1010	260847	0	266583
22293	2871	1442	715	260976	0	266004
22294	249834	1299	656	9907	0	261696
22295	6805	250779	835	4584	0	263003
22296	253464	6502	705	4155	0	264826
22297	8296	2165	740	253592	0	264793
22298	254677	1714	714	8722	0	265827
22299	7827	1938	248343	3792	0	261900
22300	249626	1464	6044	4328	0	261462
22301	255006	1301	1866	4224	0	262397
22302	8688	1600	249808	2986	0	263082
22303	4555	1695	6220	251595	0	264065
22304	3977	1461	2031	254337	0	261806
22305	258914	1357	1449	10532	0	272252
22306	8494	1292	1197	262042	0	273025
22307	4610	1337	1219	263275	0	270441
22308	3854	1641	1117	264609	0	271221
22309	3190	1585	253580	10024	0	268379
22310	240697	1241	6402	6062	0	254402
22311	8373	257916	2426	4102	0	272817
22312	4655	6626	1851	254831	0	267963
22313	3717	255280	1622	8527	0	269146
22314	3127	271240	1660	4579	0	280606
22315	3587	8089	1460	272119	0	285255
22316	2786	3192	270620	10218	0	286816
22317	2865	2387	272289	5427	0	282968
22318	3875	1900	7969	276379	0	290123
22319	2996	2042	275642	10399	0	291079
22320	272523	1972	7685	6069	0	288249
22321	9313	1969	2899	284357	0	298538
22322	4745	1804	2251	287660	0	296460
22323	3405	284500	2030	11341	0	301276
22324	3566	7997	1862	286638	0	300063
22325	3246	3109	1768	286175	0	294298
22326	2538	278560	1960	11903	0	294961
22327	3153	7947	1842	287444	0	300386
22328	3206	3129	1790	287903	0	296028
22329	2666	282041	2149	11824	0	298680
22330	283326	7761	1910	7089	0	300086
22331	9080	3312	279886	5311	0	297589
22332	4405	2778	277668	4601	0	289452
22333	4466	2947	8386	278415	0	294214
22334	3606	2473	3319	287392	0	296790
22335	2932	2184	279666	11987	0	296769
22336	2698	2541	273784	6477	0	285500
22337	255883	2242	8533	6607	0	273265
22338	8168	273585	3520	5332	0	290605
22339	269733	7560	2316	5628	0	285237
22340	8536	2827	266286	5117	0	282766
22341	3440	267015	7855	4872	0	283182
22342	3711	8689	3447	272545	0	288392
22343	2740	3133	275067	9966	0	290906
22344	2250	2337	266571	4939	0	276097
22345	3469	3720	8668	268792	0	284649
22346	2148	1954	269628	9977	0	283707
22347	1891	260664	7890	5066	0	275511
22348	2672	7341	3473	258924	0	272410
22349	2262	2865	262978	8465	0	276570
22350	1998	263435	7725	4593	0	277751
22351	259314	7264	3351	4133	0	274062
22352	7656	3066	257606	3222	0	271550
22353	3119	257512	7637	3175	0	271443
22354	3273	7247	3673	252958	0	267151
22355	2493	2988	2778	265727	0	273986
22356	261007	2153	2621	10103	0	275884
22357	7669	1596	2364	260967	0	272596
22358	3574	1538	2261	264334	0	271707
22359	255632	1572	2362	10655	0	270221
22360	7609	1841	1835	256655	0	267940
22361	2932	1651	249548	9362	0	263493
22362	3129	2078	6798	249367	0	261372
22363	1960	1622	247647	9087	0	260316
22364	2036	1374	232437	4530	0	240377
22365	1751	1518	237670	3582	0	244521
22366	2779	1740	7737	225057	0	237313
22367	1915	995	3869	234755	0	241534
22368	230865	948	2381	8482	0	242676
22369	5878	961	2053	224960	0	233852
22370	2665	234744	2048	7354	0	246811
22371	2325	4799	1980	244325	0	253429
22372	1877	2058	2095	241563	0	247593
22373	1109	240692	2158	8250	0	252209
22374	239649	4960	2085	5374	0	252068
22375	237426	2089	2062	4419	0	245996
22376	5996	234171	2306	3384	0	245857
22377	2388	235006	2051	2860	0	242305
22378	2903	9569	2517	227517	0	242506
22379	229753	2538	2409	6856	0	241556
22380	5294	2088	228741	3684	0	239807
22381	2621	1694	211312	2807	0	218434
22382	191884	1179	4572	2040	0	199675
22383	3735	202751	2227	1628	0	210341
22384	2126	3921	1423	203325	0	210795
22385	1705	1730	1205	203893	0	208533
22386	1490	1141	1143	206794	0	210568
22387	1365	971	1104	206091	0	209531
22388	1038	202296	1138	5453	0	209925
22389	1310	3440	910	207721	0	213381
22390	206046	1707	828	5523	0	214104
22391	3915	1272	828	209623	0	215638
22392	1929	898	823	212165	0	215815
22393	211302	784	879	6483	0	219448
22394	211939	784	972	3837	0	217532
22395	215018	776	928	2932	0	219654
22396	217348	693	823	2562	0	221426
22397	5886	764	731	214869	0	222250
22398	215408	684	735	5403	0	222230
22399	4862	596	709	214676	0	220843
22400	212218	529	778	5779	0	219304
22401	212825	528	803	3418	0	217574
22402	5680	602	782	212049	0	219113
22403	2883	661	210982	4808	0	219334
22404	209067	556	3697	3572	0	216892
22405	215988	579	1695	2878	0	221140
22406	215854	548	1139	2772	0	220313
22407	217086	561	827	2334	0	220808
22408	6451	704	855	216217	0	224227
22409	3246	700	215028	4524	0	223498
22410	2412	871	207983	2541	0	213807
22411	207632	730	4634	2910	0	215906
22412	216446	571	2269	2427	0	221713
22413	5232	211482	1462	1735	0	219911
22414	2672	211774	1056	1346	0	216848
22415	215638	3580	1144	2071	0	222433
22416	4495	1659	1001	210581	0	217736
22417	2701	1157	894	215849	0	220601
22418	213855	712	788	5310	0	220665
22419	4029	215149	790	2455	0	222423
22420	218760	3078	557	2778	0	225173
22421	4339	1602	213103	1572	0	220616
22422	211957	883	2954	2241	0	218035
22423	4408	808	1298	215099	0	221613
22424	2221	674	217517	3927	0	224339
22425	1942	217525	3062	2325	0	224854
22426	2115	3040	1400	224358	0	230913
22427	1693	1453	230758	3791	0	237695
22428	1973	1100	3441	227935	0	234449
22429	234185	538	1656	5382	0	241761
22430	4118	676	231055	2601	0	238450
22431	222307	394	3759	2756	0	229216
22432	4433	234374	1953	1638	0	242398
22433	2861	3321	1213	239227	0	246622
22434	2082	1639	249219	3828	0	256768
22435	2235	986	3679	245884	0	252784
22436	1800	857	253300	4474	0	260431
22437	1491	248203	3959	2569	0	256222
22438	243894	3133	1947	2580	0	251554
22439	3752	254461	1300	1376	0	260889
22440	2472	3669	829	251279	0	258249
22441	2085	1687	966	251866	0	256604
22442	1391	1261	241864	4444	0	248960
22443	203264	871	3318	3645	0	211098
22444	3549	230037	1820	1588	0	236994
22445	1663	218913	870	974	0	222420
22446	1087	223833	743	916	0	226579
22447	1762	4242	1199	216782	0	223985
22448	747	217416	809	2337	0	221309
22449	1178	2898	626	213500	0	218202
22450	701	213716	642	2203	0	217262
22451	936	2486	379	210704	0	214505
22452	575	215003	355	1913	0	217846
22453	211834	2016	402	1925	0	216177
22454	1807	1161	210297	778	0	214043
22455	199506	889	1818	1560	0	203773
22456	209682	482	811	1430	0	212405
22457	214195	464	487	1368	0	216514
22458	2125	214358	480	615	0	217578
22459	217273	1614	348	1349	0	220584
22460	216452	828	315	1207	0	218802
22461	217626	488	371	1332	0	219817
22462	2742	545	217339	405	0	221031
22463	1838	399	1737	218004	0	221978
22464	1035	571	224540	1906	0	228052
22465	1136	482	2027	218869	0	222514
22466	220401	428	880	3031	0	224740
22467	2351	220358	652	1128	0	224489
22468	1295	2254	239819	659	0	244027
22469	1719	980	2899	238695	0	244293
22470	1242	575	985	254154	0	256956
22471	634	655	277656	4278	0	283223
22472	268191	518	4889	2478	0	276076
22473	283692	471	1525	1836	0	287524
22474	291736	501	786	1496	0	294519
22475	7595	516	668	287130	0	295909
22476	2560	277766	856	5556	0	286738
22477	1538	296207	739	2164	0	300648
22478	1999	6402	643	292848	0	301892
22479	2060	2320	616	291306	0	296302
22480	1116	289865	630	6422	0	298033
22481	288897	5273	453	3371	0	297994
22482	5561	289455	696	1553	0	297265
22483	2810	5783	469	285661	0	294723
22484	1352	2327	283083	5633	0	292395
22485	2021	1364	5356	279199	0	287940
22486	283477	931	1690	7350	0	293448
22487	5990	1133	280944	2358	0	290425
22488	280021	915	5435	2632	0	289003
22489	290799	961	2085	2492	0	296337
22490	293752	1002	1101	2412	0	298267
22491	294402	938	949	2457	0	298746
22492	300879	653	920	2449	0	304901
22493	8470	910	289198	1157	0	299735
22494	3964	1215	286736	944	0	292859
22495	309124	694	7199	1820	0	318837
22496	325414	850	2536	1628	0	330428
22497	10813	778	1330	335230	0	348151
22498	4447	342101	1344	7881	0	355773
22499	3789	8045	920	350338	0	363092
22500	355851	3258	943	10115	0	370167
22501	10492	1785	1010	342530	0	355817
22502	4538	358643	992	8735	0	372908
22503	359959	8417	679	5226	0	374281
22504	356320	3539	691	3562	0	364112
22505	358232	1980	704	3353	0	364269
22506	12576	349739	992	1957	0	365264
22507	6970	8247	1119	350416	0	366752
22508	4963	3514	951	350161	0	359589
22509	3669	339645	945	10777	0	355036
22510	4396	8508	624	348172	0	361700
22511	342472	3665	572	11446	0	358155
22512	344551	2410	610	5988	0	353559
22513	12470	336527	889	3298	0	353184
22514	7243	8586	734	338800	0	355363
22515	5024	3821	841	343971	0	353657
22516	4233	2432	1050	347260	0	354975
22517	333091	1732	986	14130	0	349939
22518	11145	1831	328373	6154	0	347503
22519	317791	1634	8166	5253	0	332844
22520	11836	2225	325764	3694	0	343519
22521	7377	2128	8944	311311	0	329760
22522	4686	313373	3985	10287	0	332331
22523	4224	332265	2199	5703	0	344391
22524	321346	11551	1739	5511	0	340147
22525	323895	5320	1426	5185	0	335826
22526	13232	310669	1573	3888	0	329362
22527	6269	315044	1357	3853	0	326523
22528	315493	11600	1439	4434	0	332966
22529	323607	5568	1259	4625	0	335059
22530	13873	323915	1411	3423	0	342622
22531	331418	10466	1455	3669	0	347008
22532	13542	5624	322758	2668	0	344592
22533	326755	3829	8467	3855	0	342906
22534	328085	3233	3693	3944	0	338955
22535	15523	2974	2236	316036	0	336769
22536	8457	313181	1911	10604	0	334153
22537	8035	9926	1510	320176	0	339647
22538	322790	4578	1659	12031	0	341058
22539	14734	3235	1362	313118	0	332449
22540	9389	3030	1378	321323	0	335120
22541	6527	3094	315471	13904	0	338996
22542	7058	2517	8914	319544	0	338033
22543	6312	2396	4105	329501	0	342314
22544	323499	2531	2666	15709	0	344405
22545	12717	2794	319023	7806	0	342340
22546	321760	2723	9970	6293	0	340746
22547	14462	2693	4173	323297	0	344625
22548	8538	2647	2644	328844	0	342673
22549	6459	2953	2006	326099	0	337517
22550	5576	308500	1984	14765	0	330825
22551	5842	320890	1955	7757	0	336444
22552	6798	11869	1653	316542	0	336862
22553	316550	5696	1534	12838	0	336618
22554	321926	3859	1713	7032	0	334530
22555	16546	3334	1680	314806	0	336366
22556	316749	2924	1496	12731	0	333900
22557	15272	2924	1464	313547	0	333207
22558	9389	2905	1508	319984	0	333786
22559	304109	2717	1653	15686	0	324165
22560	13909	311806	1694	8226	0	335635
22561	314451	9784	1314	7154	0	332703
22562	314576	4692	1262	6839	0	327369
22563	308699	3168	1289	6770	0	319926
22564	15160	299527	1479	5584	0	321750
22565	9507	10616	1317	302854	0	324294
22566	7631	4858	1529	310528	0	324546
22567	6187	3280	294123	14873	0	318463
22568	6375	4274	7966	278853	0	297468
22569	5286	2205	268805	11947	0	288243
22570	4565	248422	7915	6937	0	267839
22571	3172	218949	3566	4800	0	230487
22572	3600	225309	2174	3758	0	234841
22573	5106	7729	3219	224427	0	240481
22574	3738	3791	1503	227080	0	236112
22575	2583	2480	913	227394	0	233370
22576	2383	2184	875	229034	0	234476
22577	2017	2150	223378	10108	0	237653
22578	2071	2293	260941	6175	0	271480
22579	3114	2009	8110	275906	0	289139
22580	2548	1692	281967	10029	0	296236
22581	279183	1387	8133	6297	0	295000
22582	288422	1268	3739	5064	0	298493
22583	10544	1536	283138	4718	0	299936
22584	6371	1197	7916	282550	0	298034
22585	5029	1429	3782	290387	0	300627
22586	4806	1397	2411	293391	0	302005
22587	5210	1281	2182	288760	0	297433
22588	4767	1454	1901	293616	0	301738
22589	213029	2861	2423	15763	0	234076
22590	283257	1434	1707	8653	0	295051
22591	10412	280289	1528	6486	0	298715
22592	5314	7566	270867	5349	0	289096
22593	3473	263972	7406	5297	0	280148
22594	3115	271288	3631	4650	0	282684
22595	249769	7777	2127	4226	0	263899
22596	6906	244286	2033	3473	0	256698
22597	2644	227359	1367	1898	0	233268
22598	220217	6272	2036	2307	0	230832
22599	5595	2822	216230	1530	0	226177
22600	210814	2018	4543	2000	0	219375
22601	5790	1596	1816	215122	0	224324
22602	3271	1321	1050	210597	0	216239
22603	2493	1109	1033	214261	0	218896
22604	1910	1037	207255	6957	0	217159
22605	1735	207699	4810	3702	0	217946
22606	209723	4286	2002	3629	0	219640
22607	5398	1733	1590	211722	0	220443
22608	2093	214279	1465	6611	0	224448
22609	2047	5164	1709	222121	0	231041
22610	1997	2533	221504	6427	0	232461
22611	2764	1860	5257	222054	0	231935
22612	2658	1746	2205	229033	0	235642
22613	2524	1529	1333	231915	0	237301
22614	227131	1386	1256	9265	0	239038
22615	6213	1104	1441	230801	0	239559
22616	2520	953	226301	9021	0	238795
22617	1924	226540	5498	5554	0	239516
22618	2759	5031	2078	230416	0	240284
22619	2815	2230	1625	234799	0	241469
22620	1913	1981	227541	8712	0	240147
22621	2016	1852	222615	4325	0	230808
22622	218331	2181	7974	4321	0	232807
22623	218404	2050	3684	4132	0	228270
22624	7517	220522	3052	3255	0	234346
22625	221246	5805	2216	3620	0	232887
22626	7312	2783	218899	3116	0	232110
22627	3985	1813	215847	3261	0	224906
22628	212151	2065	7553	4523	0	226292
22629	211485	1420	3290	4654	0	220849
22630	7467	1206	204075	4246	0	216994
22631	198735	1191	6032	4289	0	210247
22632	7201	1152	203965	3325	0	215643
22633	201256	1288	6775	2590	0	211909
22634	206191	2134	3279	2395	0	213999
22635	8109	2351	2639	196483	0	209582
22636	3949	211941	2729	5792	0	224411
22637	174703	7246	2518	4450	0	188917
22638	6685	3372	213305	2371	0	225733
22639	4163	214471	6339	2348	0	227321
22640	215776	7113	2734	3141	0	228764
22641	210793	3154	2191	3406	0	219544
22642	8149	208680	2659	3206	0	222694
22643	4924	5782	2725	210598	0	224029
22644	3877	2504	207329	7730	0	221440
22645	3619	1778	6517	209607	0	221521
22646	3073	2338	208170	8208	0	221789
22647	3029	1933	6982	207797	0	219741
22648	2869	1947	3930	211613	0	220359
22649	2499	2414	205862	8606	0	219381
22650	2677	204588	7130	5254	0	219649
22651	3129	5972	3458	205918	0	218477
22652	2698	3321	175265	8687	0	189971
22653	203574	2249	5946	5155	0	216924
22654	7293	1970	3248	210162	0	222673
22655	3931	1722	2883	214531	0	223067
22656	210338	1765	2690	9633	0	224426
22657	8363	1574	2293	208214	0	220444
22658	5306	1492	2221	204224	0	213243
22659	3335	205327	2944	8639	0	220245
22660	3972	5862	2622	205763	0	218219
22661	2931	2920	202394	8605	0	216850
22662	3300	1647	6854	197092	0	208893
22663	3329	195787	3873	7793	0	210782
22664	2895	202530	3511	4743	0	213679
22665	3354	7015	2925	202414	0	215708
22666	202426	3539	2582	7484	0	216031
22667	7443	3069	2835	202862	0	216209
22668	203268	3104	2707	7659	0	216738
22669	8671	2014	2765	204035	0	217485
22670	203576	1820	3085	8135	0	216616
22671	209800	1910	2567	5481	0	219758
22672	10416	2443	2312	204224	0	219395
22673	6420	7369	3253	197771	0	214813
22674	4549	193194	2976	9063	0	209782
22675	4464	201043	2735	5320	0	213562
22676	4349	5969	198531	4828	0	213677
22677	3751	193594	5734	4782	0	207861
22678	146001	5099	4393	3328	0	158821
22679	4636	1825	1847	141635	0	149943
22680	1886	136997	1214	3442	0	143539
22681	141368	2852	937	2556	0	147713
22682	3808	1305	870	142032	0	148015
22683	2306	946	885	140415	0	144552
22684	1814	840	1022	143767	0	147443
22685	1600	1153	1072	143809	0	147634
22686	1377	142377	1079	4676	0	149509
22687	1432	152601	993	2481	0	157507
22688	157018	3299	919	2335	0	163571
22689	3987	160080	874	1613	0	166554
22690	2044	3563	928	160224	0	166759
22691	1983	1508	656	162174	0	166321
22692	1897	1104	600	162126	0	165727
22693	1631	915	630	164144	0	167320
22694	160304	963	637	5676	0	167580
22695	163096	717	687	3159	0	167659
22696	4675	867	159430	2143	0	167115
22697	2562	843	3414	161890	0	168709
22698	1829	862	164700	4822	0	172213
22699	1826	966	3901	164677	0	171370
22700	1638	1150	1548	169046	0	173382
22701	167232	913	1133	6157	0	175435
22702	4827	1060	1117	168451	0	175455
22703	2125	1056	167819	5297	0	176297
22704	1738	1040	160024	2865	0	165667
22705	164335	840	4242	3160	0	172577
22706	4239	865	168879	2422	0	176405
22707	2321	1205	3958	162262	0	169746
22708	1433	643	169242	4797	0	176115
22709	1569	1334	3660	162977	0	169540
22710	797	164775	1722	4602	0	171896
22711	1280	3256	1241	164558	0	170335
22712	667	162419	1184	4203	0	168473
22713	631	165641	802	2307	0	169381
22714	1100	3878	783	162873	0	168634
22715	160210	1255	671	4448	0	166584
22716	2761	164027	665	1913	0	169366
22717	1477	2800	504	165516	0	170297
22718	165344	1129	467	4294	0	171234
22719	167464	803	432	2515	0	171214
22720	170954	675	419	2227	0	174275
22721	4154	659	407	168871	0	174091
22722	1942	617	504	171608	0	174671
22723	172252	544	435	4766	0	177997
22724	171935	671	498	2695	0	175799
22725	174892	581	461	2320	0	178254
22726	4253	675	454	173684	0	179066
22727	1880	801	168595	3333	0	174609
22728	167493	502	2386	2204	0	172585
22729	3595	505	861	168943	0	173904
22730	1641	172308	736	3532	0	178217
22731	1810	3029	519	171287	0	176645
22732	1366	171622	520	3313	0	176821
22733	1557	2724	419	175570	0	180270
22734	1089	1013	172136	3572	0	177810
22735	757	171164	2371	2035	0	176327
22736	1133	2306	786	163877	0	168102
22737	1007	774	560	164434	0	166775
22738	962	725	364	163562	0	165613
22739	165739	507	327	3781	0	170354
22740	2541	167249	485	1792	0	172067
22741	1282	2680	402	172781	0	177145
22742	174853	1034	365	3987	0	180239
22743	175957	809	296	2160	0	179222
22744	4133	640	239	177564	0	182576
22745	1746	640	180941	3938	0	187265
22746	1612	575	2887	178850	0	183924
22747	970	180931	1146	4046	0	187093
22748	1202	3088	751	185804	0	190845
22749	183803	1093	489	4758	0	190143
22750	3920	702	430	191968	0	197020
22751	1600	638	194698	4510	0	201446
22752	1142	202357	3191	2402	0	209092
22753	205601	3790	1151	2259	0	212801
22754	4105	1559	206869	1522	0	214055
22755	208436	929	3993	1859	0	215217
22756	5142	631	1364	217156	0	224293
22757	2570	470	982	219732	0	223754
22758	1316	220410	880	5443	0	228049
22759	230006	3995	732	3195	0	237928
22760	5389	1458	717	233178	0	240742
22761	2781	917	630	237939	0	242267
22762	2194	642	688	244897	0	248421
22763	1379	701	242710	6993	0	251783
22764	1683	528	4522	243060	0	249793
22765	246416	553	1716	7039	0	255724
22766	252255	617	1062	3673	0	257607
22767	6615	536	842	250622	0	258615
22768	3191	546	704	253858	0	258299
22769	250218	511	649	7542	0	258920
22770	5486	743	244553	3357	0	254139
22771	240308	592	4666	3157	0	248723
22772	5978	830	239642	1910	0	248360
22773	2777	734	241218	1798	0	246527
22774	2654	616	5632	242832	0	251734
22775	1691	660	248673	5597	0	256621
22776	245887	468	5374	3319	0	255048
22777	5858	452	2139	256059	0	264508
22778	2425	562	255222	5519	0	263728
22779	246936	415	4893	3448	0	255692
22780	255657	420	1880	2905	0	260862
22781	6504	577	264630	1866	0	273577
22782	3897	1539	4711	252342	0	262489
22783	2220	267236	2101	4772	0	276329
22784	270216	4072	1484	3199	0	278971
22785	5761	1605	271866	1783	0	281015
22786	251436	1336	4830	2599	0	260201
22787	5380	264853	2136	1593	0	273962
22788	258988	3510	1858	2098	0	266454
22789	258120	1236	1017	2180	0	262553
22790	262034	706	821	1945	0	265506
22791	5888	986	843	260254	0	267971
22792	2680	261317	997	4086	0	269080
22793	2123	3600	257668	2063	0	265454
22794	1666	264154	3833	1616	0	271269
22795	2353	4169	1575	247418	0	255515
22796	1392	257982	1219	3666	0	264259
22797	1264	264864	1117	2019	0	269264
22798	257409	4119	1071	2256	0	264855
22799	4175	1914	255951	1306	0	263346
22800	2243	1374	258332	1267	0	263216
22801	1853	1149	258097	1126	0	262225
22802	1558	263754	4288	1289	0	270889
22803	264548	3253	2061	2190	0	272052
22804	264378	1357	1153	2062	0	268950
22805	262993	913	970	1961	0	266837
22806	4619	260984	980	1386	0	267969
22807	2551	3133	837	270249	0	276770
22808	1680	1544	264984	4019	0	272227
22809	1763	1289	259068	2291	0	264411
22810	260206	827	4102	2814	0	267949
22811	273200	831	1806	2462	0	278299
22812	273677	683	1345	2267	0	277972
22813	5325	766	268328	1586	0	276005
22814	267878	489	3838	2223	0	274428
22815	5136	525	1888	272521	0	280070
22816	3142	538	1401	272691	0	277772
22817	2317	894	280317	5003	0	288531
22818	2225	279527	3802	2682	0	288236
22819	2262	3198	1969	285429	0	292858
22820	1863	1438	280581	4733	0	288615
22821	267904	748	4328	3610	0	276590
22822	4592	715	2456	284862	0	292625
22823	3022	545	1860	285522	0	290949
22824	283914	458	1751	6120	0	292243
22825	5481	448	1403	284434	0	291766
22826	283389	385	1400	6295	0	291469
22827	283810	519	1395	4152	0	289876
22828	6198	516	1440	283532	0	291686
22829	3838	557	1721	285270	0	291386
22830	282996	521	1684	6353	0	291554
22831	5542	590	1786	286015	0	293933
22832	288516	638	1871	5919	0	296944
22833	286435	620	1814	3841	0	292710
22834	285411	686	1696	3002	0	290795
22835	6982	655	1527	281899	0	291063
22836	4392	920	1553	283949	0	290814
22837	284636	602	1552	5826	0	292616
22838	5369	277173	1881	2531	0	286954
22839	3025	273697	1642	1557	0	279921
22840	271828	2832	1474	2521	0	278655
22841	4061	1475	266091	1174	0	272801
22842	263849	895	2891	1975	0	269610
22843	4154	774	1498	278128	0	284554
22844	2349	913	275678	2649	0	281589
22845	273452	597	2666	2328	0	279043
22846	4036	731	1188	280946	0	286901
22847	2932	706	910	284847	0	289395
22848	2621	672	795	291490	0	295578
22849	2703	683	583	290914	0	294883
22850	287469	652	628	4677	0	293426
22851	2918	281109	932	1703	0	286662
22852	267132	1709	510	2133	0	271484
22853	2399	1128	267806	566	0	271899
22854	1692	806	254748	440	0	257686
22855	1168	272211	1696	524	0	275599
22856	2389	2962	1510	268621	0	275482
22857	818	865	267660	1238	0	270581
22858	596	249798	1289	992	0	252675
22859	447	851	253430	313	0	255041
22860	687	271	587	250178	0	251723
22861	427	155	235	248568	0	249385
22862	251571	73	141	1792	0	253577
22863	765	88	92	246420	0	247365
22864	246203	48	77	1786	0	248114
22865	697	322	245910	261	0	247190
22866	301	248880	643	285	0	250109
22867	583	447	204	260473	0	261707
22868	536	219	148	274429	0	275332
22869	260	361	275909	632	0	277162
22870	532	565	252830	407	0	254334
22871	257910	110	694	1583	0	260297
22872	277626	75	290	1347	0	279338
22873	896	106	185	278069	0	279256
22874	631	94	125	275643	0	276493
22875	208	271713	254	765	0	272940
22876	355	521	70	281841	0	282787
22877	277829	173	107	2143	0	280252
22878	276323	123	128	1780	0	278354
22879	860	279492	276	301	0	280929
22880	282165	754	94	1620	0	284633
22881	272075	256	120	1166	0	273617
22882	1505	174	76	286304	0	288059
22883	476	287437	327	1959	0	290199
22884	765	1855	112	295159	0	297891
22885	797	401	86	296789	0	298073
22886	366	470	290029	2542	0	293407
22887	287115	171	2170	1725	0	291181
22888	3494	158	396	317208	0	321256
22889	1595	176	247	335154	0	337172
22890	573	379504	510	5236	0	385823
22891	1710	6135	118	408336	0	416299
22892	415999	1843	183	10167	0	428192
22893	445147	1279	216	4798	0	451440
22894	12109	1673	437735	2253	0	453770
22895	4451	1582	441078	1975	0	449086
22896	5162	879	11771	450605	0	468417
22897	4926	446	3852	472910	0	482134
22898	2661	622	467352	13631	0	484266
22899	2386	705	470110	4924	0	478125
22900	4100	384	15074	450619	0	470177
22901	1402	595	476110	13605	0	491712
22902	1604	916	474418	5751	0	482689
22903	2906	364	16544	465707	0	485521
22904	474815	345	7305	15622	0	498087
22905	487577	308	5545	7244	0	500674
22906	15616	330	4584	483450	0	503980
22907	7419	314	3756	487913	0	499402
22908	480272	258	3352	17826	0	501708
22909	15544	316	2676	478465	0	497001
22910	474346	325	2413	17960	0	495044
22911	482500	350	2181	9413	0	494444
22912	18605	561	1898	476472	0	497536
22913	9497	675	1891	486977	0	499040
22914	474873	438	1773	19897	0	496981
22915	15877	464642	2164	8977	0	491660
22916	7735	476307	2269	8090	0	494401
22917	7727	12643	2067	466053	0	488490
22918	5196	4640	459315	15975	0	485126
22919	6266	3065	12277	458179	0	479787
22920	460310	2549	4722	18343	0	485924
22921	15065	2248	3778	461782	0	482873
22922	463782	1965	3525	18659	0	487931
22923	14864	2071	458716	9463	0	485114
22924	456743	1314	13288	8744	0	480089
22925	17392	1210	5483	465694	0	489779
22926	9994	943	3609	479487	0	494033
22927	7002	1394	477556	18227	0	504179
22928	8352	1112	12917	478189	0	500570
22929	7026	1092	5205	491147	0	504470
22930	6324	1208	3988	501804	0	513324
22931	484438	1143	3471	23574	0	512626
22932	15029	1475	478151	12666	0	507321
22933	8076	1568	471118	10407	0	491169
22934	469899	820	15648	11056	0	497423
22935	485633	784	7354	10485	0	504256
22936	19212	1347	483437	7780	0	511776
22937	11129	1343	15782	468877	0	497131
22938	7693	481265	8570	16137	0	513665
22939	8063	11154	7156	500519	0	526892
22940	494095	3585	6891	20646	0	525217
22941	502890	2390	6816	12552	0	524648
22942	19190	2245	6642	492986	0	521063
22943	9569	482184	6591	19530	0	517874
22944	9449	11628	5966	477150	0	504193
22945	8310	482602	6302	18825	0	516039
22946	487199	12699	5812	13880	0	519590
22947	477490	5155	5587	11967	0	500199
22948	478767	3540	5428	12103	0	499838
22949	20589	448080	5823	10935	0	485427
22950	11680	470677	5716	10347	0	498420
22951	11431	14793	4639	477885	0	508748
22952	11195	6034	4338	485163	0	506730
22953	11253	4244	4299	479669	0	499465
22954	10593	3778	3986	489324	0	507681
22955	8961	3995	457444	25094	0	495494
22956	442414	3630	14384	17178	0	477606
22957	19338	3957	464816	13616	0	501727
22958	470169	3170	15730	14328	0	503397
22959	21221	3371	480410	11826	0	516828
22960	476543	2895	17184	13434	0	510056
22961	21950	3289	487865	11268	0	524372
22962	480053	2818	18207	11476	0	512554
22963	23931	2727	9614	493022	0	529294
22964	500852	2641	7902	22498	0	533893
22965	24364	2536	6839	500862	0	534601
22966	15076	2484	6554	505528	0	529642
22967	12689	2470	6012	491943	0	513114
22968	11026	463921	5953	25831	0	506731
22969	468484	13169	5101	17823	0	504577
22970	472589	5493	4597	15741	0	498420
22971	23559	463476	4825	13547	0	505407
22972	14568	14730	4276	475085	0	508659
22973	11422	6854	459452	23273	0	501001
22974	457977	4346	15370	16049	0	493742
22975	476838	4009	7570	13886	0	502303
22976	473958	3416	6065	12892	0	496331
22977	26078	3004	5904	452592	0	487578
22978	15145	446668	6006	20547	0	488366
22979	13860	13791	5588	455506	0	488745
22980	454188	5810	5584	22131	0	487713
22981	23769	4352	5251	437585	0	470957
22982	13122	430720	5128	19417	0	468387
22983	425184	13349	4548	13676	0	456757
22984	20639	6805	421070	10455	0	458969
22985	15431	5435	411219	9962	0	442047
22986	10897	406659	16308	9486	0	443350
22987	10059	403532	8210	8093	0	429894
22988	13664	14560	379669	7401	0	415294
22989	11358	7736	357364	6553	0	383011
22990	8953	20139	11898	280512	0	321502
22991	288453	2428	5406	8612	0	304899
22992	7889	1915	284678	3657	0	298139
22993	2963	261204	4434	2379	0	270980
22994	257215	3846	3059	2991	0	267111
22995	4566	253902	1439	1444	0	261351
22996	240890	2745	933	2062	0	246630
22997	3138	238571	955	906	0	243570
22998	1835	241860	810	932	0	245437
22999	2066	3155	1150	241689	0	248060
23000	1891	1689	1024	240789	0	245393
23001	1378	1153	225907	2764	0	231202
23002	1640	818	2082	220754	0	225294
23003	222412	792	1046	3834	0	228084
23004	222539	684	584	2758	0	226565
23005	3405	767	420	219079	0	223671
23006	1863	869	213749	2669	0	219150
23007	1398	813	206906	1827	0	210944
23008	1365	596	2815	213225	0	218001
23009	1000	761	216796	2605	0	221162
23010	1240	614	2674	213265	0	217793
23011	1479	545	1642	209056	0	212722
23012	798	764	225968	3256	0	230786
23013	213373	645	3235	2970	0	220223
23014	225001	507	2004	2270	0	229782
23015	4044	640	225751	1027	0	231462
23016	2189	658	227763	981	0	231591
23017	2048	468	5082	234439	0	242037
23018	1665	513	2363	258510	0	263051
23019	1536	570	1399	267101	0	270606
23020	1710	652	1165	266456	0	269983
23021	265376	570	929	8268	0	275143
23022	283745	584	945	4226	0	289500
23023	8329	631	893	308582	0	318435
23024	4208	634	826	330203	0	335871
23025	1933	892	353684	10548	0	367057
23026	2735	471	9365	368621	0	381192
23027	2564	451	4832	399962	0	407809
23028	411449	417	2374	19016	0	433256
23029	13551	445366	1692	8753	0	469362
23030	7690	14015	1077	451038	0	473820
23031	4940	5727	968	463015	0	474650
23032	3804	2664	1175	456841	0	464484
23033	1958	406871	1862	24575	0	435266
23034	1512	449789	1521	11744	0	464566
23035	3474	18425	1144	445608	0	468651
23036	3361	7828	1102	451541	0	463832
23037	3223	3909	1111	461099	0	469342
23038	424907	2433	1319	27252	0	455911
23039	14407	434663	1506	13669	0	464245
23040	439536	15343	1164	9626	0	465669
23041	452812	7437	1015	7205	0	468469
23042	23311	4557	958	432246	0	461072
23043	10043	432492	1127	18851	0	462513
23044	434474	16295	889	11968	0	463626
23045	19319	7719	638	437872	0	465548
23046	442261	4719	793	21391	0	469164
23047	20983	3746	817	446381	0	471927
23048	9920	3630	436228	21508	0	471286
23049	6174	3029	447333	12343	0	468879
23050	6047	2381	19575	444890	0	472893
23051	5743	2486	8425	454412	0	471066
23052	5833	2660	4049	447784	0	460326
23053	4586	421877	2943	26166	0	455572
23054	4460	456971	2326	14136	0	477893
23055	442154	20123	1899	10787	0	474963
23056	442693	9651	2020	9306	0	463670
23057	21558	431811	2299	7565	0	463233
23058	9767	423790	1707	6694	0	441958
23059	5738	446524	1528	6809	0	460599
23060	413296	21670	1506	8116	0	444588
23061	15466	425580	1770	6333	0	449149
23062	9735	18307	1685	424283	0	454010
23063	420077	9005	1614	18958	0	449654
23064	429303	5602	1401	11298	0	447604
23065	23113	4333	1162	415068	0	443676
23066	10836	4774	403337	18939	0	437886
23067	6752	4903	411162	10240	0	433057
23068	7144	4237	18044	411840	0	441265
23069	5683	4049	419674	18714	0	448120
23070	6298	3754	16535	419306	0	445893
23071	5913	3832	7563	426393	0	443701
23072	4475	3985	416044	23998	0	448502
23073	4582	3858	420571	13001	0	442012
23074	5136	3496	20754	414951	0	444337
23075	4727	3329	9868	437221	0	455145
23076	414348	3123	5784	26795	0	450050
23077	16547	406144	4394	15165	0	442250
23078	8635	435901	3738	11311	0	459585
23079	414536	20288	3485	10787	0	449096
23080	434033	10078	3684	9901	0	457696
23081	21579	419232	3932	9284	0	454027
23082	11069	436623	3651	8967	0	460310
23083	429531	21917	2996	9596	0	464040
23084	19775	11283	2686	428786	0	462530
23085	423165	7389	2958	22673	0	456185
23086	20088	422082	3347	14704	0	460221
23087	428659	18078	2942	11605	0	461284
23088	21923	10022	416392	10033	0	458370
23089	419313	6805	15214	10420	0	451752
23090	22507	6273	420678	9205	0	458663
23091	13310	6032	17525	419091	0	455958
23092	416958	5272	8789	23220	0	454239
23093	20991	5116	406144	15070	0	447321
23094	13021	5430	17034	414434	0	449919
23095	411750	5651	8969	23909	0	450279
23096	21049	6111	405881	15675	0	448716
23097	13681	5381	16902	415943	0	451907
23098	407071	5539	8809	24829	0	446248
23099	20009	402633	5800	16425	0	444867
23100	12828	17953	4326	415036	0	450143
23101	10536	10585	4050	419511	0	444682
23102	9168	8159	3795	421514	0	442636
23103	8474	407571	3849	27983	0	447877
23104	9457	18832	3348	428348	0	459985
23105	9728	10238	3210	438196	0	461372
23106	10300	7847	3182	440441	0	461770
23107	10812	6703	3148	451968	0	472631
23108	9902	6900	423762	29503	0	470067
23109	412925	6223	16440	18060	0	453648
23110	436152	5291	8473	13761	0	463677
23111	26285	426469	5801	11473	0	470028
23112	14871	17827	4205	421614	0	458517
23113	10962	9562	4273	427538	0	452335
23114	8380	412995	4712	27848	0	453935
23115	7707	15564	4971	426597	0	454839
23116	403775	8025	5375	25258	0	442433
23117	16685	399911	5805	15549	0	437950
23118	385027	15090	5272	11962	0	417351
23119	18164	8529	4123	383836	0	414652
23120	9102	5927	375822	21620	0	412471
23121	6547	378530	13919	13916	0	412912
23122	354586	15362	9664	10241	0	389853
23123	14472	328490	4352	6440	0	353754
23124	8256	325927	3035	5416	0	342634
23125	280076	10838	4518	5112	0	300544
23126	9976	4640	273663	3756	0	292035
23127	3543	243109	5785	2993	0	255430
23128	197151	9561	10996	4758	0	222466
23129	177291	1513	1703	1686	0	182193
23130	2703	176608	442	684	0	180437
23131	1497	2286	332	180711	0	184826
23132	847	1016	182629	2406	0	186898
23133	1032	736	2003	180742	0	184513
23134	1171	664	824	176018	0	178677
23135	933	546	442	188710	0	190631
23136	657	660	187094	3008	0	191419
23137	1140	645	2003	180322	0	184110
23138	669	628	185937	2676	0	189910
23139	706	658	173435	1205	0	176004
23140	159659	571	2493	1607	0	164330
23141	2209	177163	1007	712	0	181091
23142	963	181191	652	645	0	183451
23143	1376	2513	549	185052	0	189490
23144	197662	1085	385	3173	0	202305
23145	199094	668	399	1923	0	202084
23146	194568	565	439	1512	0	197084
23147	196334	497	344	1290	0	198465
23148	189775	408	361	1234	0	191778
23149	3273	602	184027	615	0	188517
23150	1903	462	2199	184204	0	188768
23151	1002	184384	1052	2390	0	188828
23152	997	2300	702	189304	0	193303
23153	189885	1042	403	3265	0	194595
23154	2527	187581	499	1408	0	192015
23155	1387	2574	359	192561	0	196881
23156	192769	1100	380	3315	0	197564
23157	196795	695	435	2052	0	199977
23158	3734	533	429	195257	0	199953
23159	2204	528	379	191653	0	194764
23160	1574	465	376	195694	0	198109
23161	991	629	191701	3545	0	196866
23162	968	743	190490	1756	0	193957
23163	1141	520	2918	196153	0	200732
23164	1131	594	1217	200247	0	203189
23165	198865	577	722	4096	0	204260
23166	197269	509	542	2530	0	200850
23167	199740	544	495	1962	0	202741
23168	203596	602	475	1950	0	206623
23169	201271	479	476	1828	0	204054
23170	3843	201617	538	1079	0	207077
23171	207290	2458	408	1873	0	212029
23172	207874	1148	460	1912	0	211394
23173	208007	840	488	1654	0	210989
23174	4418	649	477	213614	0	219158
23175	2094	647	211074	3465	0	217280
23176	2041	620	2836	215143	0	220640
23177	1469	672	224779	3993	0	230913
23178	1911	627	3206	214596	0	220340
23179	1349	223366	1387	3507	0	229609
23180	224727	3023	867	2264	0	230881
23181	230718	1254	606	1995	0	234573
23182	4776	913	490	232895	0	239074
23183	2799	699	464	239692	0	243654
23184	2058	656	432	240695	0	243841
23185	1525	242746	577	4402	0	249250
23186	242765	3211	427	2838	0	249241
23187	243485	1187	486	2194	0	247352
23188	4708	244972	654	1243	0	251577
23189	2635	3359	587	247797	0	254378
23190	1952	1313	537	244617	0	248419
23191	1295	247776	692	4340	0	254103
23192	250874	3511	470	2912	0	257767
23193	251986	1429	505	2146	0	256066
23194	5480	886	409	251533	0	258308
23195	2513	802	250876	4178	0	258369
23196	1921	948	240453	2171	0	245493
23197	2017	565	4223	256179	0	262984
23198	2038	591	1595	255336	0	259560
23199	1781	657	942	264657	0	268037
23200	260337	529	689	6550	0	268105
23201	263783	567	633	3722	0	268705
23202	5399	271794	783	2202	0	280178
23203	273741	3867	767	2762	0	281137
23204	5468	1544	272095	1438	0	280545
23205	2580	1264	269472	1224	0	274540
23206	1912	280452	4976	1334	0	288674
23207	270267	3928	2557	2238	0	278990
23208	3740	269411	1145	1086	0	275382
23209	267897	3599	682	1816	0	273994
23210	4311	1505	266980	868	0	273664
23211	1977	1096	262961	1041	0	267075
23212	2327	681	4077	260407	0	267492
23213	1375	807	272814	3909	0	278905
23214	2015	645	3675	272891	0	279226
23215	2872	795	1616	252436	0	257719
23216	1130	275379	1139	4588	0	282236
23217	1723	3554	849	279618	0	285744
23218	1688	1382	955	282722	0	286747
23219	286469	1015	922	5894	0	294300
23220	4196	285088	864	2450	0	292598
23221	2586	3863	664	291245	0	298358
23222	1565	1723	290679	4597	0	298564
23223	256580	1018	4150	3586	0	265334
23224	4739	1020	286381	1790	0	293930
23225	2713	928	4500	278514	0	286655
23226	1523	294917	1882	4608	0	302930
23227	1936	4643	1263	296799	0	304641
23228	301802	1677	944	6766	0	311189
23229	302129	1183	834	3696	0	307842
23230	6711	310098	978	2104	0	319891
23231	318604	5206	828	3287	0	327925
23232	320492	2029	796	3092	0	326409
23233	324431	1428	826	2997	0	329682
23234	330274	1155	846	2636	0	334911
23235	318055	1009	976	2917	0	322957
23236	7823	1127	318597	1338	0	328885
23237	4432	949	5420	317666	0	328467
23238	3358	1060	2271	319605	0	326294
23239	2576	1123	1354	322445	0	327498
23240	1885	323096	1200	7360	0	333541
23241	2827	5373	905	323670	0	332775
23242	2289	2242	322531	6341	0	333403
23243	1886	313051	5484	2978	0	323399
23244	1741	312477	2274	2200	0	318692
23245	2779	6128	1627	309010	0	319544
23246	2450	2226	1049	310764	0	316489
23247	2427	1531	977	306489	0	311424
23248	1745	296306	1193	7435	0	306679
23249	1658	306914	1288	3351	0	313211
23250	303183	5914	1061	3582	0	313740
23251	304087	2413	939	3266	0	310705
23252	6359	306465	1117	2326	0	316267
23253	311005	5367	1043	3446	0	320861
23254	319789	2302	1077	3456	0	326624
23255	7367	1703	1234	321336	0	331640
23256	3923	1545	1182	325414	0	332064
23257	2997	1695	989	327912	0	333593
23258	2184	1895	321371	7596	0	333046
23259	2324	1739	315084	3667	0	322814
23260	2216	336219	6671	2748	0	347854
23261	342477	6332	2528	3583	0	354920
23262	7578	3080	343940	1829	0	356427
23263	337581	1904	6696	3368	0	349549
23264	8689	1713	365732	1980	0	378114
23265	362252	1451	7933	3324	0	374960
23266	9069	384292	3361	2088	0	398810
23267	386676	7836	1983	3409	0	399904
23268	10220	3003	1670	381033	0	395926
23269	5271	2136	1480	390670	0	399557
23270	3291	2226	384407	10554	0	400478
23271	2643	395021	7664	4934	0	410262
23272	3808	8418	3190	398899	0	414315
23273	2542	3710	396659	8590	0	411501
23274	360617	2404	7886	5193	0	376100
23275	8017	389047	3361	2993	0	403418
23276	382006	7346	2030	3914	0	395296
23277	8005	374612	1964	2984	0	387565
23278	4666	7878	1595	375755	0	389894
23279	370017	3109	1533	9332	0	383991
23280	7514	373103	1768	3812	0	386197
23281	4493	7463	1311	375432	0	388699
23282	2747	3380	367893	8258	0	382278
23283	346547	2277	6918	4595	0	360337
23284	8749	2280	2475	365397	0	378901
23285	3785	2228	362045	7875	0	375933
23286	2859	361142	6884	4023	0	374908
23287	3512	6950	2627	363053	0	376142
23288	2741	3296	363343	7690	0	377070
23289	3600	2674	6886	347043	0	360203
23290	2549	361959	3035	7325	0	374868
23291	2300	370524	2197	3685	0	378706
23292	2657	8412	364813	2312	0	378194
23293	3674	3688	6734	359744	0	373840
23294	1979	2553	367082	7766	0	379380
23295	352677	1846	7277	4813	0	366613
23296	8125	2075	2942	353424	0	366566
23297	3350	347393	2070	6923	0	359736
23298	2338	367579	1806	3276	0	374999
23299	357148	7875	1634	3786	0	370443
23300	6311	368696	1586	2344	0	378937
23301	362258	6787	1830	3713	0	374588
23302	7131	3001	355762	1876	0	367770
23303	331591	2055	6129	3038	0	342813
23304	6603	348496	2435	1572	0	359106
23305	346457	6449	1975	2698	0	357579
23306	6484	344834	1392	1613	0	354323
23307	3532	6831	1244	342187	0	353794
23308	2967	2724	987	351967	0	358645
23309	1721	2242	346441	7488	0	357892
23310	322195	1787	5900	4816	0	334698
23311	6458	2230	345129	1969	0	355786
23312	346574	1707	6561	2339	0	357181
23313	7928	1745	2391	347256	0	359320
23314	3870	1630	1601	351186	0	358287
23315	2163	358340	1605	8276	0	370384
23316	2715	7111	1436	370848	0	382110
23317	2897	3023	1341	380564	0	387825
23318	1805	2264	374153	9361	0	387583
23319	338714	1622	7126	5661	0	353123
23320	7178	364683	3018	2704	0	377583
23321	364693	6999	1711	3414	0	376817
23322	8284	2962	1519	364393	0	377158
23323	4217	1938	1397	369529	0	377081
23324	363130	1415	1577	10340	0	376462
23325	7513	368369	1767	3991	0	381640
23326	355370	6326	1156	3480	0	366332
23327	7273	351777	1429	1927	0	362406
23328	3002	354430	1129	1489	0	360050
23329	349732	7678	2038	2800	0	362248
23330	7999	3192	1280	341022	0	353493
23331	3108	2202	339108	6525	0	350943
23332	3113	1677	6080	333927	0	344797
23333	2714	1602	2329	334925	0	341570
23334	1833	335454	1738	7856	0	346881
23335	2516	6752	1037	342178	0	352483
23336	2437	3035	917	343133	0	349522
23337	2425	1839	925	347460	0	352649
23338	2310	1687	997	351980	0	356974
23339	1461	1964	345347	9699	0	358471
23340	1401	2056	350393	4351	0	358201
23341	2336	1854	8086	357198	0	369474
23342	1538	1670	360322	8564	0	372094
23343	1854	1728	355991	3933	0	363506
23344	2786	1508	8840	359379	0	372513
23345	1501	1898	374937	8735	0	387071
23346	2823	1562	8182	355403	0	367970
23347	1331	375100	3643	8303	0	388377
23348	383690	7617	2126	6037	0	399470
23349	8173	3343	407826	3155	0	422497
23350	4456	2101	9275	406130	0	421962
23351	2216	1900	420994	10399	0	435509
23352	3201	1503	10297	440037	0	455038
23353	3110	1588	4060	454335	0	463093
23354	447876	1539	2843	16068	0	468326
23355	12551	1488	2354	459762	0	476155
23356	442755	1501	2356	15474	0	462086
23357	455353	1190	2163	8124	0	466830
23358	14284	450636	2254	4648	0	471822
23359	446161	10971	1789	4851	0	463772
23360	12634	437509	2009	3515	0	455667
23361	4925	453655	1826	3100	0	463506
23362	437507	13307	2828	4403	0	458045
23363	12427	5261	436558	2857	0	457103
23364	4779	2933	422936	2467	0	433115
23365	400440	3237	14874	3460	0	422011
23366	410847	1751	5245	3617	0	421460
23367	12466	410752	2728	2302	0	428248
23368	420256	9493	1967	3391	0	435107
23369	423558	3844	1770	3689	0	432861
23370	421102	2250	1638	2912	0	427902
23371	15634	1551	1412	408743	0	427340
23372	408535	1788	1459	11409	0	423191
23373	12022	415735	1677	4797	0	434231
23374	6897	9769	1403	424808	0	442877
23375	5235	4002	1465	428037	0	438739
23376	3342	424468	1959	12916	0	442685
23377	4184	9715	1805	432207	0	447911
23378	423961	4056	1789	13153	0	442959
23379	429394	2593	1475	6938	0	440400
23380	13983	413897	1809	4194	0	433883
23381	6583	429018	1625	3241	0	440467
23382	425599	11994	1259	4245	0	443097
23383	12593	5379	417724	2988	0	438684
23384	6629	3520	418937	3044	0	432130
23385	6046	2833	12054	410681	0	431614
23386	5341	2374	4830	426662	0	439207
23387	3866	2823	417743	13244	0	437676
23388	3871	402835	10633	6524	0	423863
23389	5697	10511	4534	397253	0	417995
23390	3855	5404	418628	11253	0	439140
23391	5021	3109	10401	413949	0	432480
23392	4799	2780	4814	414898	0	427291
23393	3674	426505	3423	13483	0	447085
23394	4477	10889	2373	427693	0	445432
23395	4517	5120	2538	431787	0	443962
23396	4502	3285	2611	436542	0	446940
23397	427584	2398	2538	16188	0	448708
23398	12632	2335	2341	418402	0	435710
23399	6131	422780	2385	13024	0	444320
23400	421775	10165	2007	8087	0	442034
23401	12386	5147	411066	4833	0	433432
23402	6628	3768	405012	4280	0	419688
23403	409192	2471	12725	5287	0	429675
23404	12896	2804	5739	418372	0	439811
23405	6212	2845	421925	12228	0	443210
23406	5497	2351	10462	419439	0	437749
23407	4549	2510	4968	435835	0	447862
23408	425428	2312	3388	16430	0	447558
23409	425668	2223	2767	9504	0	440162
23410	14357	429528	2745	5989	0	452619
23411	8574	10507	2417	427696	0	449194
23412	5134	5105	429246	11926	0	451411
23413	4099	444004	10238	6770	0	465111
23414	439794	10133	4959	6559	0	461445
23415	10999	448086	3822	4547	0	467454
23416	441063	10374	3016	5391	0	459844
23417	12038	4937	438585	3747	0	459307
23418	428152	3191	9648	5144	0	446135
23419	452352	2607	4656	4966	0	464581
23420	14136	2923	461806	3854	0	482719
23421	7951	3691	10294	450517	0	472453
23422	5392	458244	4859	11048	0	479543
23423	4535	480104	3260	5942	0	493841
23424	3995	486799	2815	4570	0	498179
23425	5485	14506	2511	470498	0	493000
23426	4064	6025	476627	11248	0	497964
23427	5132	4275	9815	468917	0	488139
23428	5012	3239	4120	484171	0	496542
23429	4093	3333	477610	13423	0	498459
23430	3724	475255	10512	6753	0	496244
23431	4633	10375	4681	474319	0	494008
23432	477577	4364	3307	12807	0	498055
23433	12131	3189	2839	479746	0	497905
23434	6519	2733	2712	477197	0	489161
23435	4246	473867	2400	13944	0	494457
23436	477224	10615	1952	8387	0	498178
23437	12423	5051	1955	491374	0	510803
23438	5607	3695	486025	12028	0	507355
23439	3868	483312	9381	7011	0	503572
23440	472870	9452	4514	6443	0	493279
23441	10292	4795	478643	3841	0	497571
23442	464543	3468	9537	4847	0	482395
23443	11487	3244	4513	470356	0	489600
23444	4947	477029	3370	9330	0	494676
23445	469472	9146	2451	6577	0	487646
23446	468914	4398	2331	5532	0	481175
23447	11452	479609	2476	3388	0	496925
23448	6975	8794	1919	470932	0	488620
23449	4364	3754	1804	460910	0	470832
23450	447985	2422	1891	11015	0	463313
23451	7683	447181	2077	5138	0	462079
23452	4012	7099	1403	419754	0	432268
23453	1896	413745	1442	5630	0	422713
23454	1542	411964	1230	2778	0	417514
23455	2744	5492	1432	399384	0	409052
23456	395709	2080	1264	5940	0	404993
23457	3770	399036	915	2303	0	406024
23458	2411	4133	719	398945	0	406208
23459	1988	1870	536	400500	0	404894
23460	1267	1572	393601	4606	0	401046
23461	1544	1580	366653	2462	0	372239
23462	1076	387716	3988	1961	0	394741
23463	1188	4103	382206	1570	0	389067
23464	1879	2022	3659	382221	0	389781
23465	1126	1719	393541	3782	0	400168
23466	1753	1247	3580	389717	0	396297
23467	1570	1265	1411	397319	0	401565
23468	1486	1103	1027	400080	0	403696
23469	391968	1006	915	6319	0	400208
23470	4111	1023	800	391927	0	397861
23471	2171	1101	711	391734	0	395717
23472	1226	389886	989	4786	0	396887
23473	1542	3536	729	389147	0	394954
23474	390813	1534	834	6574	0	399755
23475	3425	399482	1029	2361	0	406297
23476	398515	3771	673	4111	0	407070
23477	4084	2194	396112	1663	0	404053
23478	2000	2012	396309	1761	0	402082
23479	2481	1337	4190	409275	0	417283
23480	1782	1225	1662	422924	0	427593
23481	1163	422854	1434	5739	0	431190
23482	2564	4674	1073	409012	0	417323
23483	420337	1815	983	7492	0	430627
23484	413400	1577	970	4302	0	420249
23485	5820	1392	852	428044	0	436108
23486	2353	1787	454543	5595	0	464278
23487	2674	1410	4479	457386	0	465949
23488	2463	1366	1827	472114	0	477770
23489	2089	1358	1488	477687	0	482622
23490	1924	1325	1360	470900	0	475509
23491	1859	1275	1306	464518	0	468958
23492	951	467220	1559	7681	0	477411
23493	458716	5197	1135	6260	0	471308
23494	463831	2034	1126	5576	0	472567
23495	467326	1570	1182	5011	0	475089
23496	6622	476626	1284	3147	0	487679
23497	472426	5589	932	4997	0	483944
23498	6284	475612	1281	2825	0	486002
23499	2937	6550	470418	2612	0	482517
23500	3676	2534	5482	457201	0	468893
23501	2184	2241	475418	6982	0	486825
23502	1766	476541	6177	3881	0	488365
23503	467935	6193	2132	5533	0	481793
23504	6419	3167	482367	2677	0	494630
23505	3304	2718	491669	2557	0	500248
23506	2499	516809	8799	2416	0	530523
23507	3801	8081	4348	524026	0	540256
23508	2491	4255	552161	8110	0	567017
23509	4717	2783	8679	536899	0	553078
23510	3824	2058	4241	588961	0	599084
23511	3520	1780	2653	627940	0	635893
23512	646629	1522	1933	17816	0	667900
23513	647484	1497	1789	9551	0	660321
23514	16899	1637	1442	644011	0	663989
23515	652361	1213	1507	16723	0	671804
23516	14952	1704	641580	7088	0	665324
23517	7112	1696	631375	5122	0	645305
23518	5288	1601	638783	4462	0	650134
23519	4336	1717	644749	4076	0	654878
23520	3572	627149	16505	4743	0	651969
23521	8219	11092	8498	611219	0	639028
23522	4567	4001	635072	11172	0	654812
23523	584129	2332	13672	8622	0	608755
23524	628556	1550	6945	7246	0	644297
23525	15489	626927	6611	3971	0	652998
23526	625636	10532	6310	4955	0	647433
23527	16643	4392	6437	623270	0	650742
23528	7210	3655	647391	11673	0	669929
23529	7956	3135	15554	607510	0	634155
23530	4045	652250	9227	12012	0	677534
23531	636290	11861	6885	9542	0	664578
23532	647451	5490	5462	7764	0	666167
23533	16277	650020	4644	4437	0	675378
23534	655466	12713	3676	6909	0	678764
23535	653615	6137	3546	6579	0	669877
23536	18693	653238	3731	4223	0	679885
23537	12983	12984	3219	630303	0	659489
23538	7570	643765	3620	12739	0	667694
23539	648889	14304	3146	8833	0	675172
23540	17762	8359	3241	643640	0	673002
23541	645966	5415	3473	15615	0	670469
23542	19649	5151	2811	640766	0	668377
23543	10867	5937	629825	14181	0	660810
23544	614037	4654	11531	9659	0	639881
23545	17922	5269	630078	5621	0	658890
23546	13235	4670	13185	624035	0	655125
23547	8770	4796	624917	14535	0	653018
23548	10249	4398	13916	618939	0	647502
23549	7496	4345	624240	16289	0	652370
23550	596156	3355	14871	12319	0	626701
23551	15861	619638	8282	8071	0	651852
23552	623064	11939	6529	9163	0	650695
23553	18825	5383	6238	618550	0	648996
23554	613356	3607	6405	17832	0	641200
23555	16447	604646	6824	9140	0	637057
23556	9409	600889	7058	7048	0	624404
23557	7715	628856	6711	6488	0	649770
23558	625516	16217	6002	8477	0	656212
23559	17179	8363	5469	621291	0	652302
23560	11160	6323	4606	630143	0	652232
23561	8256	6619	613352	17716	0	645943
23562	8777	5999	601129	9440	0	625345
23563	10222	5633	14950	611650	0	642455
23564	8105	6361	623723	15464	0	653653
23565	7059	615647	14815	9403	0	646924
23566	603678	15359	7855	9953	0	636845
23567	16345	8617	621932	6372	0	653266
23568	9415	7103	618111	6350	0	640979
23569	9040	5803	18248	607521	0	640612
23570	622242	4576	10559	18850	0	656227
23571	17013	3649	8903	627422	0	656987
23572	622914	3237	8492	20246	0	654889
23573	18028	3435	8280	625859	0	655602
23574	9614	4372	629727	17157	0	660870
23575	8295	610901	18356	9570	0	647122
23576	7563	13908	624785	7725	0	653981
23577	6799	621364	19034	7558	0	654755
23578	8304	16459	11213	612650	0	648626
23579	604359	6692	8169	18436	0	637656
23580	16265	5482	606438	9589	0	637774
23581	11633	4125	15221	599330	0	630309
23582	10168	4170	8304	618596	0	641238
23583	625277	3904	6811	21351	0	657343
23584	16941	4706	6557	612263	0	640467
23585	8884	621475	7334	16345	0	654038
23586	594252	14047	6782	12641	0	627722
23587	15208	8647	590571	7794	0	622220
23588	567500	6396	14226	9470	0	597592
23589	16604	584937	8364	6675	0	616580
23590	11609	14989	5804	561144	0	593546
23591	8416	589806	5220	15107	0	618549
23592	582207	13978	4797	11833	0	612815
23593	16932	7841	581958	7775	0	614506
23594	557333	7051	12836	10205	0	587425
23595	17031	581597	6986	6493	0	612107
23596	11877	13316	5133	585062	0	615388
23597	587262	7055	4954	16663	0	615934
23598	593110	6154	5133	9582	0	613979
23599	19477	5496	4781	585521	0	615275
23600	11915	6061	4749	587872	0	610597
23601	9102	582287	4794	16195	0	612378
23602	9535	14883	4398	582178	0	610994
23603	7779	647328	5122	15574	0	675803
23604	7446	687307	4844	9631	0	709228
23605	9655	24094	4414	627737	0	665900
23606	6670	658981	4365	16651	0	686667
23607	8813	16870	660916	7928	0	694527
23608	10318	8602	676038	7507	0	702465
23609	5755	694833	19251	8764	0	728603
23610	6222	17064	701040	5173	0	729499
23611	4415	8160	694704	4439	0	711718
23612	2488	4805	655543	2071	0	664907
23613	1327	642412	21386	2233	0	667358
23614	615937	15562	11883	5070	0	648452
23615	11872	623304	5885	1465	0	642526
23616	5460	16076	623432	941	0	645909
23617	6837	7399	14392	602692	0	631320
23618	608952	5053	6666	15165	0	635836
23619	13388	3496	607018	5746	0	629648
23620	8814	2895	15197	599533	0	626439
23621	3949	2567	618951	13206	0	638673
23622	5056	2128	17589	599115	0	623888
23623	595217	2169	8611	17912	0	623909
23624	13627	2591	605873	6775	0	628866
23625	6066	603887	16912	5151	0	632016
23626	7139	14479	8400	588474	0	618492
23627	612705	7060	5486	15841	0	641092
23628	15136	5299	600197	6222	0	626854
23629	10022	3830	16305	554540	0	584697
23630	4748	592762	9133	13274	0	619917
23631	596744	14329	6420	9263	0	626756
23632	614633	6736	5388	6797	0	633554
23633	21960	5068	5092	600203	0	632323
23634	9989	606700	5146	16410	0	638245
23635	6053	646317	4946	8254	0	665570
23636	655665	20544	4036	7659	0	687904
23637	20840	10444	4272	634756	0	670312
23638	8532	658790	4688	17102	0	689112
23639	659771	19004	3730	10323	0	692828
23640	21448	9053	3683	661820	0	696004
23641	12666	6247	3965	674670	0	697548
23642	6664	5323	640095	23694	0	675776
23643	4750	648531	16772	12820	0	682873
23644	4747	688358	8520	7659	0	709284
23645	7443	22200	5779	677094	0	712516
23646	676468	10999	3966	21943	0	713376
23647	18166	683823	4185	10235	0	716409
23648	681035	20686	3467	9292	0	714480
23649	21244	682945	3890	5347	0	713426
23650	12790	21607	3360	681385	0	719142
23651	685522	11085	3010	21211	0	720828
23652	22751	8249	3039	685351	0	719390
23653	11012	6297	684015	22221	0	723545
23654	9835	5656	17971	646466	0	679928
23655	5650	677477	9141	21324	0	713592
23656	667359	20658	5956	12324	0	706297
23657	19346	675071	4577	8093	0	707087
23658	12013	23106	3692	652824	0	691635
23659	10229	11514	3431	678301	0	703475
23660	6545	9202	656042	24842	0	696631
23661	6011	7599	657179	13266	0	684055
23662	7572	7194	23376	654089	0	692231
23663	5115	7034	657519	22009	0	691677
23664	4839	650871	21844	12523	0	690077
23665	646975	20233	10636	10965	0	688809
23666	19093	11499	662327	7649	0	700568
23667	644288	8750	20910	8950	0	682898
23668	671469	7384	10830	8391	0	698074
23669	671421	7013	8152	7487	0	694073
23670	675877	6602	6463	7207	0	696149
23671	29668	6482	6196	654439	0	696785
23672	16551	6072	6052	634372	0	663047
23673	10111	642207	7297	24493	0	684108
23674	635522	19637	7180	14602	0	676941
23675	21818	11802	628515	9646	0	671781
23676	13562	9061	20564	620757	0	663944
23677	11191	7348	12130	634065	0	664734
23678	8196	7404	618262	25858	0	659720
23679	8062	619334	22153	14884	0	664433
23680	10402	20140	12889	599067	0	642498
23681	9801	11346	9031	639875	0	670053
23682	618917	8713	6776	28511	0	662917
23683	21461	612853	6234	17126	0	657674
23684	14662	19744	5931	606200	0	646537
23685	9302	609209	6399	24007	0	648917
23686	9587	21714	6002	626548	0	663851
23687	612254	11548	5706	26787	0	656295
23688	625450	8666	5794	15988	0	655898
23689	27406	6470	6011	619420	0	659307
23690	615369	6114	5187	26435	0	653105
23691	616796	6139	5633	16317	0	644885
23692	27853	603478	5435	12115	0	648881
23693	18633	20322	4183	586282	0	629420
23694	12332	604984	4885	21951	0	644152
23695	12211	22503	3403	610150	0	648267
23696	606188	12378	3548	25711	0	647825
23697	23920	10288	3561	605990	0	643759
23698	15714	8656	3403	616547	0	644320
23699	11657	8689	585594	28468	0	634408
23700	10844	555514	16052	18118	0	600528
23701	10211	597710	7991	13213	0	629125
23702	582609	22868	5675	13645	0	624797
23703	20529	14053	3292	501852	0	539726
23704	470432	7337	3006	17685	0	498460
23705	16736	453611	2796	11316	0	484459
23706	9572	426434	2482	8765	0	447253
23707	6960	445853	2417	7048	0	462278
23708	374821	13415	8233	7031	0	403500
23709	9365	376347	2524	5007	0	393243
23710	345774	7781	5024	5562	0	364141
23711	335849	3074	1462	4122	0	344507
23712	344865	2263	1231	3451	0	351810
23713	8517	2246	954	359533	0	371250
23714	4530	2165	995	368468	0	376158
23715	3512	1813	1012	373522	0	379859
23716	3402	1768	909	369856	0	375935
23717	365600	1552	1044	11153	0	379349
23718	7773	359048	1263	4680	0	372764
23719	4430	6574	897	366698	0	378599
23720	368193	2651	1049	9427	0	381320
23721	8381	1945	917	365135	0	376378
23722	4572	1780	915	366868	0	374135
23723	362859	1630	873	10940	0	376302
23724	8005	1910	354108	4529	0	368552
23725	4770	1620	5794	356716	0	368900
23726	2978	1521	360419	8208	0	373126
23727	3168	1302	6336	353780	0	364586
23728	3182	2697	2367	355487	0	363733
23729	345363	1141	1465	10724	0	358693
23730	6780	335428	1435	4795	0	348438
23731	3166	334887	1027	3135	0	342215
23732	320945	5598	997	3786	0	331326
23733	5506	327155	823	2216	0	335700
23734	320945	4435	1761	4115	0	331256
23735	5940	1745	314383	2081	0	324149
23736	285457	997	3488	2406	0	292348
23737	294917	430	885	2309	0	298541
23738	297150	397	584	1844	0	299975
23739	4409	383	411	290809	0	296012
23740	2059	438	425	290361	0	293283
23741	902	288141	554	3916	0	293513
23742	1475	4339	333	287028	0	293175
23743	283152	1004	350	5044	0	289550
23744	3198	282458	464	1532	0	287652
23745	986	284271	348	962	0	286567
23746	280208	3099	216	2173	0	285696
23747	3109	1319	279993	495	0	284916
23748	1998	729	2473	274014	0	279214
23749	939	730	281465	2718	0	285852
23750	1476	373	2598	274706	0	279153
23751	810	278536	899	2620	0	282865
23752	1199	2502	354	285707	0	289762
23753	279660	738	280	4304	0	284982
23754	3216	509	200	280866	0	284791
23755	1070	825	285709	3146	0	290750
23756	261753	434	2824	3026	0	268037
23757	3268	285813	1119	993	0	291193
23758	1235	304690	655	846	0	307426
23759	313290	3916	395	2464	0	320065
23760	331289	1334	351	2283	0	335257
23761	5681	1088	333170	580	0	340519
23762	318511	521	4668	2146	0	325846
23763	5243	333407	1702	831	0	341183
23764	337500	4743	725	2226	0	345194
23765	6203	1675	449	324045	0	332372
23766	2144	310024	619	4526	0	317313
23767	314861	4815	376	3156	0	323208
23768	5888	1959	314480	1022	0	323349
23769	3383	984	4880	316761	0	326008
23770	324496	955	1535	6949	0	333935
23771	6120	1366	321296	1874	0	330656
23772	322250	980	4946	2656	0	330832
23773	7065	858	1535	321108	0	330566
23774	3857	753	981	327404	0	332995
23775	1984	1055	327099	6496	0	336634
23776	2799	653	5296	323309	0	332057
23777	328430	639	1829	8256	0	339154
23778	5882	324603	1554	2968	0	335007
23779	328061	5167	876	3596	0	337700
23780	331156	1954	830	3141	0	337081
23781	8145	1177	668	328832	0	338822
23782	3224	1268	332920	6403	0	343815
23783	2973	781	5524	330883	0	340161
23784	334315	662	2011	8449	0	345437
23785	6424	330607	1638	2984	0	341653
23786	339711	5353	922	3591	0	349577
23787	7824	2032	752	338316	0	348924
23788	4095	1159	910	344608	0	350772
23789	3107	817	1158	349558	0	354640
23790	1979	1175	340088	8720	0	351962
23791	3066	900	5879	342341	0	352186
23792	2153	1513	339548	7343	0	350557
23793	2546	1482	337830	3142	0	345000
23794	3322	1032	7216	367135	0	378705
23795	1967	1249	374665	8666	0	386547
23796	403909	903	8342	5713	0	418867
23797	11798	868	3402	427161	0	443229
23798	6600	909	2343	424127	0	433979
23799	3049	437256	2303	13604	0	456212
23800	442188	10350	1732	8416	0	462686
23801	459798	4400	1548	6411	0	472157
23802	15280	460365	1834	3448	0	480927
23803	9365	11197	1225	462584	0	484371
23804	4514	5116	465207	12246	0	487083
23805	451554	2641	11373	8262	0	473830
23806	475610	1793	5035	6012	0	488450
23807	17690	2025	3083	452447	0	475245
23808	8249	2102	444066	12600	0	467017
23809	5217	438321	11850	6244	0	461632
23810	432188	11553	5179	5910	0	454830
23811	13944	5520	435460	3849	0	458773
23812	6650	429006	12349	3862	0	451867
23813	410299	10851	6415	4230	0	431795
23814	414366	4764	3471	3646	0	426247
23815	16790	3023	2260	401651	0	423724
23816	8066	408493	2369	10503	0	429431
23817	6964	10854	1915	425160	0	444893
23818	5613	5073	2439	433274	0	446399
23819	5920	3387	2050	425391	0	436748
23820	5540	2264	1838	436183	0	445825
23821	3609	2425	424191	17627	0	447852
23822	5189	2016	11088	426547	0	444840
23823	5063	2409	4948	438016	0	450436
23824	3766	2357	425400	17096	0	448619
23825	2945	425209	11903	9535	0	449592
23826	422872	11722	5349	8306	0	448249
23827	432107	5164	3466	7171	0	447908
23828	17238	3123	2559	430346	0	453266
23829	433795	2306	2401	16124	0	454626
23830	16335	2460	2183	438252	0	459230
23831	7763	2226	437116	16449	0	463554
23832	5625	2435	431347	9542	0	448949
23833	4035	430207	15375	7524	0	457141
23834	425830	11615	7453	7479	0	452377
23835	14326	6009	448510	5430	0	474275
23836	10314	3443	13867	432513	0	460137
23837	8401	2528	7103	465769	0	483801
23838	6801	2404	5105	483038	0	497348
23839	6857	2632	3622	482238	0	495349
23840	6904	2618	3443	483331	0	496296
23841	4944	2854	465175	25903	0	498876
23842	6217	2641	15244	472505	0	496607
23843	461772	2742	7804	23068	0	495386
23844	16733	459016	5466	13128	0	494343
23845	458831	14335	4467	11019	0	488652
23846	17586	464641	4529	8234	0	494990
23847	465518	17142	3637	9082	0	495379
23848	479272	8117	3824	8410	0	499623
23849	24499	4860	4013	464978	0	498350
23850	14277	3607	3168	477523	0	498575
23851	465605	3036	3394	25906	0	497941
23852	454204	3256	3483	16126	0	477069
23853	467479	3512	3179	11788	0	485958
23854	23871	439544	3716	8549	0	475680
23855	12531	455175	3911	7616	0	479233
23856	9123	18874	444587	7411	0	479995
23857	10102	11088	14371	435374	0	470935
23858	7337	5713	430757	19046	0	462853
23859	6406	418493	15959	12501	0	453359
23860	6566	13998	7687	400531	0	428782
23861	6455	6933	4338	407119	0	424845
23862	6246	4368	3488	418624	0	432726
23863	400208	3609	3077	24165	0	431059
23864	403852	3441	3093	14754	0	425140
23865	19521	400776	3407	9333	0	433037
23866	12605	13005	3153	404741	0	433504
23867	7980	7576	400273	16970	0	432799
23868	6262	5821	389052	10876	0	412011
23869	391172	5009	17457	8933	0	422571
23870	405255	3603	9241	8211	0	426310
23871	20774	3042	5412	398338	0	427566
23872	402218	2786	4710	18760	0	428474
23873	18154	3429	389872	11433	0	422888
23874	11010	386138	14047	9101	0	420296
23875	9186	12816	7966	390887	0	420855
23876	6254	7471	401191	17095	0	432011
23877	7515	5206	14480	402473	0	429674
23878	7465	3766	8422	412991	0	432644
23879	5900	3852	404373	22140	0	436265
23880	387434	2830	14065	16549	0	420878
23881	410817	2735	8158	13102	0	434812
23882	18816	420326	5967	10278	0	455387
23883	433457	13915	4400	10432	0	462204
23884	448879	7580	4109	9626	0	470194
23885	23754	5231	439746	8341	0	477072
23886	437042	4007	15331	8813	0	465193
23887	21408	459721	8755	7547	0	497431
23888	465878	16400	5579	8226	0	496083
23889	479598	8479	4455	7933	0	500465
23890	494557	5784	4367	6911	0	511619
23891	476271	4270	3679	8056	0	492276
23892	491962	3890	3175	8353	0	507380
23893	29588	471285	3810	6917	0	511600
23894	451267	14558	3154	7005	0	475984
23895	22662	434909	3415	8702	0	469688
23896	10027	382988	2567	3952	0	399534
23897	6825	396897	2736	3272	0	409730
23898	384140	15237	6537	4331	0	410245
23899	385126	6557	2682	4034	0	398399
23900	16700	4193	373397	2939	0	397229
23901	387026	2980	10386	3965	0	404357
23902	396255	2420	5028	3870	0	407573
23903	18302	2701	389744	3040	0	413787
23904	11213	2108	11872	384254	0	409447
23905	8597	2192	5430	388928	0	405147
23906	6699	2038	3169	408995	0	420901
23907	6602	2305	2256	409816	0	420979
23908	6679	2036	1973	414223	0	424911
23909	4780	2590	398821	18502	0	424693
23910	4477	398794	12302	8834	0	424407
23911	390679	12258	5414	6190	0	414541
23912	14645	396213	3428	4020	0	418306
23913	398971	13464	2377	4180	0	418992
23914	401470	5980	2296	3994	0	413740
23915	19400	4010	385706	2881	0	411997
23916	11618	4207	11673	353576	0	381074
23917	6603	373726	5998	11100	0	397427
23918	378528	11846	3642	6718	0	400734
23919	381649	5435	2499	5712	0	395295
23920	387255	3461	2266	4655	0	397637
23921	18624	381973	2353	3416	0	406366
23922	388624	11416	2285	4199	0	406524
23923	394267	5686	2029	3683	0	405665
23924	395853	3998	1700	3103	0	404654
23925	20839	2872	1715	376747	0	402173
23926	12046	2837	1719	385290	0	401892
23927	9056	2703	1507	392741	0	406007
23928	381024	2800	1497	17001	0	402322
23929	15295	380994	1920	7461	0	405670
23930	384350	11212	1406	5281	0	402249
23931	382031	5508	1628	3769	0	392936
23932	375770	3374	1508	3638	0	384290
23933	377579	2829	1383	3225	0	385016
23934	20549	360925	1461	2226	0	385161
23935	343026	10162	992	2962	0	357142
23936	15497	330870	1177	2049	0	349593
23937	7834	328460	911	1633	0	338838
23938	325854	10004	1254	2758	0	339870
23939	11667	315279	1031	1967	0	329944
23940	6950	328871	820	1754	0	338395
23941	327895	10368	1542	2674	0	342479
23942	331893	5275	685	2203	0	340056
23943	13829	3883	592	318931	0	337235
23944	8796	2970	577	326704	0	339047
23945	330412	2778	619	11122	0	344931
23946	339713	2751	879	5734	0	349077
23947	337693	2644	772	4239	0	345348
23948	14277	2839	320093	1958	0	339167
23949	336110	2638	7210	2868	0	348826
23950	13193	2607	2774	334961	0	353535
23951	8250	2523	1899	340121	0	352793
23952	7100	2262	1290	343348	0	354000
23953	6153	2290	1150	344668	0	354261
23954	5226	2368	328104	12167	0	347865
23955	5312	2292	330983	6126	0	344713
23956	5494	2090	9266	333315	0	350165
23957	4728	2349	332406	10464	0	349947
23958	5101	2504	330204	5846	0	343655
23959	6247	1947	9930	332561	0	350685
23960	6193	1971	4632	342725	0	355521
23961	5460	2183	3205	352358	0	363206
23962	5963	2185	2323	346152	0	356623
23963	346610	2265	2065	14643	0	365583
23964	358910	2054	2061	8382	0	371407
23965	14366	2002	1752	351567	0	369687
23966	8881	2047	1720	355256	0	367904
23967	6957	1912	1801	356864	0	367534
23968	6266	1872	2041	355053	0	365232
23969	6194	1816	2039	352626	0	362675
23970	5562	344752	2120	14238	0	366672
23971	345554	8552	1951	9178	0	365235
23972	11606	347817	1905	6649	0	367977
23973	351307	9621	1425	7185	0	369538
23974	354556	4320	1168	6803	0	366847
23975	355886	3328	1177	6250	0	366641
23976	15947	2673	1142	335582	0	355344
23977	339067	2461	1066	11904	0	354498
23978	14482	2652	1101	333386	0	351621
23979	9743	3295	1062	332768	0	346868
23980	330821	2646	884	13831	0	348182
23981	13111	317269	1094	7256	0	338730
23982	6932	310497	875	4989	0	323293
23983	304224	7477	741	4956	0	317398
23984	9939	3493	294693	3293	0	311418
23985	276813	2745	5713	3802	0	289073
23986	10946	4034	2347	279955	0	297282
23987	5552	259843	1262	6137	0	272794
23988	4757	267695	785	3439	0	276676
23989	264702	5694	1168	3987	0	275551
23990	7101	3229	540	263105	0	273975
23991	4046	269349	587	5260	0	279242
23992	267069	3997	770	4336	0	276172
23993	266968	1857	373	3507	0	272705
23994	267451	1631	326	3247	0	272655
23995	269134	1507	271	3167	0	274079
23996	6833	257711	516	2040	0	267100
23997	3272	259215	440	1337	0	264264
23998	260562	3896	519	2233	0	267210
23999	266465	1917	491	2308	0	271181
24000	5681	1417	258537	1101	0	266736
24001	2174	248485	2648	779	0	254086
24002	247120	2573	1282	1713	0	252688
24003	254631	923	484	1606	0	257644
24004	4040	974	256642	515	0	262171
24005	250691	531	3145	1697	0	256064
24006	4567	579	270636	389	0	276171
24007	1409	600	292389	294	0	294692
24008	2334	1014	5388	267454	0	276190
24009	769	283586	1993	4181	0	290529
24010	298621	4805	1064	2585	0	307075
24011	6297	1410	467	297876	0	306050
24012	2936	917	378	301304	0	305535
24013	2346	470	363	306555	0	309734
24014	301297	338	487	8322	0	310444
24015	6332	376	419	298677	0	305804
24016	3165	334	374	308724	0	312597
24017	1553	565	303971	6993	0	313082
24018	290645	365	5336	4285	0	300631
24019	306377	372	1722	3105	0	311576
24020	7608	618	304343	1284	0	313853
24021	293789	349	5969	2050	0	302157
24022	8059	518	1866	292677	0	303120
24023	2803	297608	1493	6046	0	307950
24024	3148	5577	719	300952	0	310396
24025	297110	1639	670	8341	0	307760
24026	6394	298613	884	3073	0	308964
24027	3817	6009	547	302377	0	312750
24028	3355	1940	594	309931	0	315820
24029	2929	1145	564	311302	0	315940
24030	2782	803	735	300019	0	304339
24031	1515	312189	1104	8310	0	323118
24032	313401	6387	705	4955	0	325448
24033	318886	2235	747	3897	0	325765
24034	8901	327561	965	2262	0	339689
24035	358483	7668	547	3250	0	369948
24036	374105	2718	505	3257	0	380585
24037	373539	1822	468	3197	0	379026
24038	14294	1442	358096	2034	0	375866
24039	8701	1059	8676	356420	0	374856
24040	4607	1443	353026	10162	0	369238
24041	349579	860	9859	6098	0	366396
24042	11188	357068	4150	3605	0	376011
24043	353776	9083	2637	3989	0	369485
24044	12124	361348	1964	2393	0	377829
24045	7857	10871	1641	343422	0	363791
24046	6640	4353	1420	355919	0	368332
24047	4060	3385	354135	12217	0	373797
24048	3312	361181	10151	6066	0	380710
24049	357244	10843	4048	5117	0	377252
24050	12532	5020	358099	2989	0	378640
24051	357797	3324	10884	3556	0	375561
24052	14672	2443	5036	359385	0	381536
24053	6725	2395	363752	12037	0	384909
24054	4914	361781	11729	6130	0	384554
24055	5717	10932	5034	361836	0	383519
24056	4029	5526	366024	11910	0	387489
24057	4030	3909	366122	5910	0	379971
24058	3504	363126	14144	4721	0	385495
24059	5320	11415	6533	353527	0	376795
24060	4952	4900	4296	352538	0	366686
24061	3544	354645	3712	13817	0	375718
24062	357526	11582	2993	8146	0	380247
24063	13708	5482	2808	348621	0	370619
24064	6608	350518	3347	12492	0	372965
24065	357448	11414	2805	8039	0	379706
24066	357338	5577	2903	6587	0	372405
24067	364557	4239	3122	5547	0	377465
24068	17068	356327	2840	4590	0	380825
24069	365163	11901	2729	5516	0	385309
24070	369969	5877	2913	4980	0	383739
24071	18371	4668	2629	358048	0	383716
24072	365387	3992	2114	14091	0	385584
24073	17251	3958	1862	364177	0	387248
24074	9392	3647	355948	15286	0	384273
24075	7673	3628	364729	7990	0	384020
24076	7322	3029	14171	368236	0	392758
24077	5848	3247	372962	14931	0	396988
24078	363004	3239	14018	9054	0	389315
24079	16495	2717	6699	375719	0	401630
24080	10023	2503	4871	384411	0	401808
24081	7145	3011	373986	17857	0	401999
24082	6145	358069	13554	9514	0	387282
24083	5799	382072	6708	7066	0	401645
24084	6404	14972	4735	371737	0	397848
24085	6054	7019	3768	384974	0	401815
24086	5156	5100	370943	17859	0	399058
24087	4927	4415	377922	9470	0	396734
24088	5820	3739	16162	379834	0	405555
24089	4668	3634	377115	16174	0	401591
24090	368546	3577	14973	9588	0	396684
24091	16566	3621	7214	375705	0	403106
24092	379674	3484	5146	17106	0	405410
24093	17799	3369	3909	377397	0	402474
24094	9836	3233	4125	390144	0	407338
24095	7411	3440	375845	19557	0	406253
24096	6066	381060	14201	10759	0	412086
24097	7175	13602	6832	383839	0	411448
24098	5505	6325	383129	16715	0	411674
24099	5019	373660	14455	9261	0	402395
24100	6268	12926	7861	378519	0	405574
24101	378738	5810	5875	16833	0	407256
24102	14306	4161	378695	9530	0	406692
24103	355228	3014	14052	7756	0	380050
24104	15451	3248	360156	5651	0	384506
24105	328315	2332	14183	6250	0	351080
24106	13860	333536	7741	5177	0	360314
24107	6024	324798	4959	4209	0	339990
24108	5837	13515	4539	304679	0	328570
24109	3757	312431	3787	10172	0	330147
24110	309539	10395	3353	8275	0	331562
24111	10632	5135	3108	312597	0	331472
24112	5935	3902	2986	318248	0	331071
24113	4495	3249	2513	324050	0	334307
24114	2971	3244	310620	14326	0	331161
24115	4181	2476	9476	309759	0	325892
24116	2776	2561	308220	12705	0	326262
24117	2834	301170	11117	7137	0	322258
24118	290833	8328	5515	5937	0	310613
24119	9283	303584	4194	4313	0	321374
24120	308801	9057	3219	5289	0	326366
24121	313415	4540	2805	4964	0	325724
24122	315577	3271	2380	4963	0	326191
24123	310261	2612	2545	4604	0	320022
24124	12971	2927	294870	3558	0	314326
24125	7531	2400	8768	293792	0	312491
24126	5703	2674	4612	293297	0	306286
24127	4709	2351	3384	305734	0	316178
24128	278901	2307	3041	13671	0	297920
24129	284019	2091	2917	8308	0	297335
24130	11241	292193	2698	5847	0	311979
24131	6376	7357	284245	4081	0	302059
24132	5452	3503	280550	3730	0	293235
24133	4187	277006	9942	3797	0	294932
24134	3686	279955	5353	3654	0	292648
24135	6745	7429	5806	237158	0	257138
24136	2846	2333	1581	233097	0	239857
24137	235054	1602	1278	6703	0	244637
24138	4988	233966	1446	3252	0	243652
24139	2949	4636	1318	241429	0	250332
24140	2087	2137	246987	5755	0	256966
24141	2313	1548	4908	254497	0	263266
24142	2237	1322	2229	259790	0	265578
24143	2191	1081	1656	265445	0	270373
24144	2141	1121	1562	263195	0	268019
24145	1815	1169	256055	7423	0	266462
24146	1713	244270	5444	3750	0	255177
24147	1481	252995	2354	2618	0	259448
24148	239917	5010	1434	2613	0	248974
24149	4407	240142	1398	1766	0	247713
24150	1983	251450	1130	1624	0	256187
24151	2411	5133	1221	249084	0	257849
24152	1948	1997	937	249975	0	254857
24153	1926	1422	1181	249717	0	254246
24154	1399	1327	246846	5965	0	255537
24155	1205	244081	4272	3131	0	252689
24156	1676	4569	1550	240137	0	247932
24157	1125	245861	1294	4726	0	253006
24158	243850	4082	1065	3480	0	252477
24159	3953	244748	1279	1994	0	251974
24160	243526	4330	1058	2693	0	251607
24161	4264	2070	239792	1762	0	247888
24162	238769	1519	4098	2146	0	246532
24163	4757	1588	1503	245185	0	253033
24164	1909	1727	246341	4331	0	254308
24165	236943	1402	3847	2830	0	245022
24166	245340	1404	1391	2549	0	250684
24167	247282	1243	1026	2316	0	251867
24168	5410	1212	1033	244375	0	252030
24169	2225	1398	243665	4674	0	251962
24170	241183	1012	3862	3280	0	249337
24171	4803	1122	1541	251449	0	258915
24172	2581	979	1153	252872	0	257585
24173	1624	1307	257862	5041	0	265834
24174	1502	254458	3798	2428	0	262186
24175	1952	4082	1441	247505	0	254980
24176	1376	253826	1219	3616	0	260037
24177	248512	3882	1062	2762	0	256218
24178	249194	1443	953	2205	0	253795
24179	4829	1161	738	247255	0	253983
24180	247143	812	738	4729	0	253422
24181	3861	246292	836	2012	0	253001
24182	244962	3095	732	2597	0	251386
24183	3785	247085	858	1458	0	253186
24184	2396	3494	746	247573	0	254209
24185	1867	1586	695	245115	0	249263
24186	1280	247166	852	3934	0	253232
24187	1663	3512	751	244925	0	250851
24188	1216	1573	243500	3863	0	250152
24189	1050	238666	3028	1841	0	244585
24190	228987	2618	843	2038	0	234486
24191	2626	230931	784	1053	0	235394
24192	1558	2397	542	231623	0	236120
24193	1007	1120	231682	2620	0	236429
24194	1437	903	2240	230617	0	235197
24195	1232	780	716	232794	0	235522
24196	226183	532	607	4254	0	231576
24197	2882	748	227185	1506	0	232321
24198	1094	226966	2529	1612	0	232201
24199	988	2775	237571	1143	0	242477
24200	738	1165	233362	930	0	236195
24201	708	968	233870	877	0	236423
24202	1861	2532	3444	226427	0	234264
24203	239137	442	1387	3731	0	244697
24204	2695	239167	749	985	0	243596
24205	243841	2906	399	1552	0	248698
24206	249524	881	385	1674	0	252464
24207	3886	594	414	243493	0	248387
24208	1048	246432	554	2992	0	251026
24209	245032	2872	312	2154	0	250370
24210	3031	246362	458	963	0	250814
24211	1616	3218	346	244215	0	249395
24212	1261	1056	394	251384	0	254095
24213	553	251569	684	3630	0	256436
24214	1050	3079	459	253256	0	257844
24215	637	1264	247095	3367	0	252363
24216	730	1163	243759	1223	0	246875
24217	1321	721	3361	248131	0	253534
24218	1163	704	1081	252881	0	255829
24219	727	702	243197	3726	0	248352
24220	734	738	237519	1462	0	240453
24221	219358	518	3592	2218	0	225686
24222	3171	234437	1411	860	0	239879
24223	1138	250104	1013	1073	0	253328
24224	1383	3771	627	241022	0	246803
24225	1175	1257	543	244256	0	247231
24226	1170	906	503	247278	0	249857
24227	764	936	244390	3992	0	250082
24228	800	840	239722	1567	0	242929
24229	1327	628	3705	244695	0	250355
24230	698	799	244609	3519	0	249625
24231	600	239978	3749	1800	0	246127
24232	237230	3278	1513	2194	0	244215
24233	3537	1273	238980	1029	0	244819
24234	1428	1052	237549	867	0	240896
24235	1693	1066	3942	239227	0	245928
24236	816	953	258340	3821	0	263930
24237	674	262471	4353	1983	0	269481
24238	1719	4008	1555	265507	0	272789
24239	732	1547	267631	4462	0	274372
24240	596	258721	4633	2027	0	265977
24241	252749	4166	2061	2130	0	261106
24242	4498	1759	1395	251722	0	259374
24243	2007	1123	992	254722	0	258844
24244	252928	853	960	5898	0	260639
24245	3888	253702	955	2323	0	260868
24246	254973	3986	798	2457	0	262214
24247	255050	1616	848	2271	0	259785
24248	256530	1098	758	2007	0	260393
24249	6069	876	773	251554	0	259272
24250	245431	800	887	5208	0	252326
24251	4765	238987	1045	2092	0	246889
24252	2209	247585	923	1639	0	252356
24253	252265	4742	925	1989	0	259921
24254	5584	2119	763	255002	0	263468
24255	3068	1471	647	256898	0	262084
24256	2502	1189	628	259559	0	263878
24257	1421	1294	249895	6522	0	259132
24258	1251	250230	4514	3160	0	259155
24259	1885	4633	1763	255002	0	263283
24260	254310	1925	1278	6314	0	263827
24261	5540	1362	999	255024	0	262925
24262	2184	1251	252763	6017	0	262215
24263	1686	252056	4821	2977	0	261540
24264	251988	4853	2000	3202	0	262043
24265	251889	2181	1595	2618	0	258283
24266	255002	1717	1270	2455	0	260444
24267	7547	1357	1172	254365	0	264441
24268	3250	1431	255312	5813	0	265806
24269	2566	1382	268555	2982	0	275485
24270	2057	275028	6996	2290	0	286371
24271	3064	6458	2774	274031	0	286327
24272	2757	2425	1698	282193	0	289073
24273	268984	1730	1251	9126	0	281091
24274	7479	1412	1109	275454	0	285454
24275	282685	1353	1093	8928	0	294059
24276	8234	1550	276859	3868	0	290511
24277	3598	1536	281852	3047	0	290033
24278	4042	1067	8163	277493	0	290765
24279	3366	952	3379	283573	0	291270
24280	3026	1055	2186	293103	0	299370
24281	292621	1042	1991	11165	0	306819
24282	311724	1111	2199	5351	0	320385
24283	11750	1248	1858	313238	0	328094
24284	4552	1310	308182	11102	0	325146
24285	3070	1180	318239	5732	0	328221
24286	3530	883	11718	319260	0	335391
24287	324420	879	5095	12323	0	342717
24288	11387	976	3151	321664	0	337178
24289	5959	1034	2516	332103	0	341612
24290	3213	1063	326005	13923	0	344204
24291	2588	1058	328319	6857	0	338822
24292	314628	884	12616	5955	0	334083
24293	10948	1032	325775	4371	0	342126
24294	6245	1034	11458	312198	0	330935
24295	5330	894	5254	323428	0	334906
24296	319005	630	3789	14240	0	337664
24297	11055	313865	3461	6808	0	335189
24298	312686	8852	3412	5731	0	330681
24299	11222	306751	2937	4089	0	324999
24300	302771	9459	2643	4651	0	319524
24301	11828	3719	296959	3690	0	316196
24302	278056	2842	10869	4170	0	295937
24303	287677	1427	4621	3690	0	297415
24304	13691	1995	3494	281406	0	300586
24305	6613	1330	281015	9880	0	298838
24306	5802	1066	9940	269237	0	286045
24307	4732	1088	4770	274165	0	284755
24308	3507	268933	3589	12885	0	288914
24309	4375	8158	2525	265251	0	280309
24310	3530	269538	2521	11466	0	287055
24311	4462	9205	2210	272689	0	288566
24312	269315	3885	2065	12696	0	287961
24313	11693	2714	2096	271969	0	288472
24314	5826	2019	268741	12122	0	288708
24315	265001	1713	9819	6976	0	283509
24316	11459	1607	275118	5476	0	293660
24317	273442	1318	10634	5462	0	290856
24318	282797	1378	4953	5609	0	294737
24319	13578	273962	4156	4757	0	296453
24320	7088	291431	3414	4418	0	306351
24321	285051	11476	3205	5183	0	304915
24322	295655	4956	3087	4813	0	308511
24323	293904	3075	2778	4802	0	304559
24324	294932	2326	2609	4973	0	304840
24325	296643	2046	2428	4778	0	305895
24326	17096	1871	2397	284314	0	305678
24327	9748	1801	2568	293645	0	307762
24328	6820	1989	284250	13838	0	306897
24329	281415	1806	10909	7317	0	301447
24330	14343	1817	5161	282343	0	303664
24331	8872	1931	3754	291416	0	305973
24332	6754	2236	284261	14602	0	307853
24333	5917	269064	11215	8242	0	294438
24334	5962	287564	5420	6171	0	305117
24335	281135	11652	4533	6065	0	303385
24336	271701	4492	3283	5066	0	284542
24337	14806	250891	3039	4525	0	273261
24338	7786	257602	2829	3825	0	272042
24339	256850	10076	3081	4406	0	274413
24340	266493	4231	2614	4792	0	278130
24341	14275	2718	2479	257935	0	277407
24342	8287	2164	2538	263051	0	276040
24343	6638	2067	2377	269659	0	280741
24344	257338	2002	2374	14762	0	276476
24345	264324	2048	2450	8012	0	276834
24346	14495	2284	2510	263259	0	282548
24347	272099	2521	2372	12330	0	289322
24348	14172	2624	269940	6508	0	293244
24349	9358	2195	9712	272499	0	293764
24350	7002	2386	271121	12412	0	292921
24351	5713	267418	10991	6689	0	290811
24352	6666	10540	5552	267427	0	290185
24353	265614	4091	3895	12234	0	285834
24354	13518	2669	2784	263500	0	282471
24355	8106	2048	2704	268568	0	281426
24356	6000	2166	259484	14561	0	282211
24357	5489	2351	260105	7960	0	275905
24358	5429	266174	11161	5709	0	288473
24359	268812	9744	4809	5407	0	288772
24360	275922	4263	3243	4823	0	288251
24361	276070	3084	2541	4734	0	286429
24362	279374	2284	2485	4939	0	289082
24363	16349	2103	2633	268920	0	290005
24364	9424	2265	2523	268710	0	282922
24365	6762	272076	2392	12929	0	294159
24366	275219	9218	2251	7508	0	294196
24367	279695	4020	2439	5803	0	291957
24368	14828	2880	263559	4593	0	285860
24369	237204	1921	8119	3702	0	250946
24370	11656	242051	3897	3044	0	260648
24371	7403	11078	2579	230304	0	251364
24372	5529	242302	1884	8305	0	258020
24373	241280	8760	1879	5313	0	257232
24374	10541	240300	1582	3558	0	255981
24375	6674	7818	1295	231997	0	247784
24376	5133	3241	1204	237263	0	246841
24377	4387	2198	1131	233552	0	241268
24378	3510	225683	1316	11073	0	241582
24379	4422	8843	1305	227604	0	242174
24380	4783	5021	1423	225015	0	236242
24381	2876	204950	1328	9241	0	218395
24382	2292	201681	1087	4112	0	209172
24383	189804	5671	986	2990	0	199451
24384	5638	192711	850	2248	0	201447
24385	183082	4708	722	2260	0	190772
24386	5582	2128	179945	1534	0	189189
24387	2545	177819	3554	1344	0	185262
24388	176634	4132	1705	1843	0	184314
24389	176197	1824	921	2002	0	180944
24390	5334	1386	172550	1482	0	180752
24391	3170	1197	3456	170364	0	178187
24392	2007	1078	175160	4326	0	182571
24393	1557	171862	3895	2330	0	179644
24394	168858	4118	1731	2386	0	177093
24395	4076	168679	1100	1445	0	175300
24396	2447	3998	751	167684	0	174880
24397	2147	1871	645	171590	0	176253
24398	1567	1467	168766	4681	0	176481
24399	1570	1200	162176	2256	0	167202
24400	159964	1125	4361	2146	0	167596
24401	168734	1105	1640	1777	0	173256
24402	169415	1018	1004	1693	0	173130
24403	168755	922	776	1751	0	172204
24404	5513	167404	849	1355	0	175121
24405	2963	3822	791	168086	0	175662
24406	2278	1762	713	170102	0	174855
24407	1689	172961	756	4767	0	180173
24408	175846	4135	635	2729	0	183345
24409	178179	1748	606	2187	0	182720
24410	5584	1468	175225	1452	0	183729
24411	176474	1015	3925	1749	0	183163
24412	5602	1056	1694	176979	0	185331
24413	2781	1060	176264	4352	0	184457
24414	2819	1566	4168	173125	0	181678
24415	2026	987	177495	4759	0	185267
24416	1761	943	172707	2068	0	177479
24417	2001	2180	4726	163319	0	172226
24418	1170	166443	2180	3593	0	173386
24419	165611	3465	1441	2394	0	172911
24420	161582	1592	967	1895	0	166036
24421	4708	168264	809	1258	0	175039
24422	2193	172394	800	1131	0	176518
24423	173475	3953	1018	1807	0	180253
24424	175193	1770	734	1648	0	179345
24425	175751	1143	743	1471	0	179108
24426	176246	957	735	1223	0	179161
24427	5413	999	600	176788	0	183800
24428	2545	921	176298	3412	0	183176
24429	1854	176083	3286	1472	0	182695
24430	174019	3280	1337	1819	0	180455
24431	3733	180818	812	966	0	186329
24432	179908	3438	630	1376	0	185352
24433	180192	1370	473	1384	0	183419
24434	4468	1110	180987	621	0	187186
24435	2097	185947	3021	549	0	191614
24436	1998	3504	1161	185798	0	192461
24437	1632	1398	740	189227	0	192997
24438	1678	1050	550	183807	0	187085
24439	185148	815	385	4753	0	191101
24440	178767	768	480	2383	0	182398
24441	180758	724	564	1917	0	183963
24442	4312	180697	643	983	0	186635
24443	178581	2938	439	1489	0	183447
24444	3595	179896	491	977	0	184959
24445	1768	3264	176714	899	0	182645
24446	1189	176173	2637	827	0	180826
24447	2041	3658	1934	163794	0	171427
24448	895	680	499	161286	0	163360
24449	559	631	160610	2088	0	163888
24450	968	417	1734	155156	0	158275
24451	847	366	554	159691	0	161458
24452	160285	359	390	2928	0	163962
24453	157641	346	367	1536	0	159890
24454	160153	319	306	1168	0	161946
24455	2502	160843	421	484	0	164250
24456	159360	1799	281	1036	0	162476
24457	154710	677	268	1034	0	156689
24458	2429	156945	429	525	0	160328
24459	1480	1782	398	156709	0	160369
24460	1198	789	339	157290	0	159616
24461	157083	425	297	2829	0	160634
24462	2184	521	154592	933	0	158230
24463	929	150761	1750	671	0	154111
24464	1021	2755	502	145531	0	149809
24465	637	144403	359	1632	0	147031
24466	592	149066	277	604	0	150539
24467	148583	1774	474	1118	0	151949
24468	148583	676	225	851	0	150335
24469	2299	489	195	149663	0	152646
24470	1213	409	220	146142	0	147984
24471	925	414	203	147066	0	148608
24472	846	366	187	145759	0	147158
24473	539	492	142407	2074	0	145512
24474	641	554	134061	824	0	136080
24475	864	319	1683	142933	0	145799
24476	596	448	150631	1748	0	153423
24477	521	152319	1749	778	0	155367
24478	153881	1700	505	1331	0	157417
24479	156476	674	345	1128	0	158623
24480	2517	476	298	157468	0	160759
24481	1384	387	289	157494	0	159554
24482	1030	351	279	160197	0	161857
24483	598	160889	340	2320	0	164147
24484	161315	1828	249	1713	0	165105
24485	161166	636	206	1487	0	163495
24486	2591	627	159097	592	0	162907
24487	1514	379	1947	168986	0	172826
24488	791	562	175425	2710	0	179488
24489	1304	407	2533	190025	0	194269
24490	1212	488	690	191109	0	193499
24491	1368	526	482	191692	0	194068
24492	1316	436	350	198219	0	200321
24493	197623	379	386	5805	0	204193
24494	202723	440	372	2799	0	206334
24495	208957	412	313	2108	0	211790
24496	6289	447	269	208045	0	215050
24497	2289	542	204905	4416	0	212152
24498	200174	388	3876	2394	0	206832
24499	5084	399	1297	207612	0	214392
24500	207744	371	855	5174	0	214144
24501	5265	358	554	206682	0	212859
24502	1874	199962	729	4960	0	207525
24503	1365	213139	559	2326	0	217389
24504	1881	4652	558	212318	0	219409
24505	1919	1623	540	211858	0	215940
24506	1774	929	260	212527	0	215490
24507	1123	208475	404	5652	0	215654
24508	206222	3832	244	3079	0	213377
24509	4350	207695	460	1710	0	214215
24510	1694	4326	207645	1227	0	214892
24511	1967	1559	3917	203928	0	211371
24512	913	212921	1422	4529	0	219785
24513	1544	3967	818	212143	0	218472
24514	1619	1419	516	214775	0	218329
24515	831	1152	213041	6023	0	221047
24516	198117	753	3881	3958	0	206709
24517	4402	219125	1403	2147	0	227077
24518	220197	4067	870	2656	0	227790
24519	226149	1439	469	2401	0	230458
24520	227015	1085	463	2327	0	230890
24521	6559	1027	214664	1352	0	223602
24522	3812	708	4264	210290	0	219074
24523	2681	835	1497	216522	0	221535
24524	1548	852	211500	6030	0	219930
24525	194411	757	4457	3771	0	203396
24526	5347	986	212088	2135	0	220556
24527	2087	807	207855	1810	0	212559
24528	1394	209592	5169	1822	0	217977
24529	2135	4335	2380	208614	0	217464
24530	1235	1710	210751	4746	0	218442
24531	195652	1234	4256	2801	0	203943
24532	203480	751	1599	2280	0	208110
24533	5723	919	204748	1211	0	212601
24534	3219	765	4456	204271	0	212711
24535	1630	948	209731	4691	0	217000
24536	1064	210258	4920	2623	0	218865
24537	220002	4236	1998	2811	0	229047
24538	223787	1574	1568	2111	0	229040
24539	228556	1090	1105	1791	0	232542
24540	7541	840	1237	223573	0	233191
24541	3519	795	1180	230954	0	236448
24542	2012	1022	226612	6592	0	236238
24543	221348	801	5190	3461	0	230800
24544	6547	725	2134	228200	0	237606
24545	227692	538	1497	6293	0	236020
24546	6779	669	227697	2676	0	237821
24547	2814	648	233566	2149	0	239177
24548	2838	560	6553	222642	0	232593
24549	2361	677	2998	237278	0	243314
24550	1915	884	234012	6815	0	243626
24551	225230	659	5840	3586	0	235315
24552	6978	728	2521	228958	0	239185
24553	2883	237637	2214	5979	0	248713
24554	241332	5049	1690	3889	0	251960
24555	6321	243773	1598	2717	0	254409
24556	244142	5647	1707	2671	0	254167
24557	7598	1994	248402	1920	0	259914
24558	3728	1333	242741	1934	0	249736
24559	2715	247251	7119	1942	0	259027
24560	247672	5634	3373	2440	0	259119
24561	7080	2204	246187	1747	0	257218
24562	237104	1346	6183	2639	0	247272
24563	7374	244811	2949	1963	0	257097
24564	4137	5313	2526	248519	0	260495
24565	3351	2013	1848	246411	0	253623
24566	2147	245289	1954	7081	0	256471
24567	255388	5825	1615	4139	0	266967
24568	262738	2246	1675	2932	0	269591
24569	267226	1732	1621	2554	0	273133
24570	9118	1515	263277	1794	0	275704
24571	4723	1181	6597	263075	0	275576
24572	3508	1225	3031	267652	0	275416
24573	2997	1377	2291	274642	0	281307
24574	2725	1292	267824	8479	0	280320
24575	2516	262686	6797	3860	0	275859
24576	255083	6124	2780	3192	0	267179
24577	7246	2743	258236	1882	0	270107
24578	249934	1705	6790	2725	0	261154
24579	7380	255999	3138	2065	0	268582
24580	259165	6232	2295	2377	0	270069
24581	8485	2723	1928	255617	0	268753
24582	260467	1828	1974	6887	0	271156
24583	8688	1368	1746	259594	0	271396
24584	3774	1424	263892	6889	0	275979
24585	3973	2566	6204	261378	0	274121
24586	2814	1584	261534	7122	0	273054
24587	236437	1332	6118	3926	0	247813
24588	6597	245857	3033	2322	0	257809
24589	3565	4882	1752	221602	0	231801
24590	2170	235272	1804	3923	0	243169
24591	232280	4192	1945	2800	0	241217
24592	231851	1677	1495	2477	0	237500
24593	5440	228887	1560	1477	0	237364
24594	226994	3722	1399	2258	0	234373
24595	230304	1515	1213	2189	0	235221
24596	5326	1145	985	226472	0	233928
24597	2826	1011	948	228837	0	233622
24598	233037	916	1045	5341	0	240339
24599	236068	801	973	2687	0	240529
24600	5811	931	974	231368	0	239084
24601	3611	851	839	246381	0	251682
24602	249261	841	880	6335	0	257317
24603	5787	931	245695	2570	0	254983
24604	231340	873	4623	3108	0	239944
24605	6080	975	241685	1751	0	250491
24606	2738	238119	5060	1565	0	247482
24607	2967	4671	2170	236370	0	246178
24608	2346	1775	244977	4471	0	253569
24609	1994	249323	4910	1991	0	258218
24610	245370	4633	2014	2849	0	254866
24611	5403	1952	247032	1299	0	255686
24612	238068	1272	4484	2073	0	245897
24613	249787	1078	1579	2213	0	254657
24614	251734	967	1162	2162	0	256025
24615	6862	916	1106	238718	0	247602
24616	3299	247401	1315	4155	0	256170
24617	244396	3950	1109	3215	0	252670
24618	5518	1582	246748	1623	0	255471
24619	226764	1093	4211	2505	0	234573
24620	5374	1204	242920	1398	0	250896
24621	2673	240454	4388	1470	0	248985
24622	2555	4039	1949	243074	0	251617
24623	2621	1630	1288	243045	0	248584
24624	1986	241374	1510	4725	0	249595
24625	2547	4219	1264	245656	0	253686
24626	2189	1849	245663	4592	0	254293
24627	2020	245782	4385	2059	0	254246
24628	2389	4503	1562	243704	0	252158
24629	241378	1828	1222	5798	0	250226
24630	249534	1381	1085	2977	0	254977
24631	7109	1132	1054	252656	0	261951
24632	3237	257154	1230	5402	0	267023
24633	3345	4626	1087	258352	0	267410
24634	3061	1736	1106	256225	0	262128
24635	2195	1511	243798	6591	0	254095
24636	2111	245162	4788	3190	0	255251
24637	2180	4503	1544	241347	0	249574
24638	1509	1754	237789	4894	0	245946
24639	1315	234860	4358	2020	0	242553
24640	2044	4451	1724	237262	0	245481
24641	236699	1652	1554	5564	0	245469
24642	4783	241327	1123	2089	0	249322
24643	2878	4354	757	244151	0	252140
24644	248755	1675	800	5876	0	257106
24645	250822	1508	754	3192	0	256276
24646	251427	1197	763	2916	0	256303
24647	248502	1034	825	2615	0	252976
24648	6585	1117	906	245054	0	253662
24649	2854	1254	246919	4900	0	255927
24650	2774	1989	3977	239309	0	248049
24651	1831	245173	1823	4694	0	253521
24652	247299	4100	1308	3590	0	256297
24653	4799	1853	240613	1942	0	249207
24654	228854	1247	3899	2514	0	236514
24655	4893	1483	235325	1337	0	243038
24656	3010	1207	3976	234327	0	242520
24657	2130	1071	236489	4110	0	243800
24658	2683	936	3978	232298	0	239895
24659	2087	957	234531	4490	0	242065
24660	2614	898	3977	230821	0	238310
24661	234106	784	1661	5798	0	242349
24662	4285	242526	1524	2520	0	250855
24663	2814	3784	1204	245616	0	253418
24664	2472	1716	1096	245364	0	250648
24665	2041	1345	247658	4940	0	255984
24666	1873	1153	234423	2416	0	239865
24667	227564	1028	4818	3129	0	236539
24668	4331	237558	2455	1736	0	246080
24669	234628	3230	1978	2533	0	242369
24670	238284	1219	1582	2244	0	243329
24671	4923	1005	1402	233071	0	240401
24672	2170	239347	1526	3819	0	246862
24673	244091	3430	1404	3241	0	252166
24674	247241	1356	1132	2699	0	252428
24675	250605	1207	1024	2701	0	255537
24676	250770	1011	945	2620	0	255346
24677	247828	793	1063	2674	0	252358
24678	5302	943	239628	1322	0	247195
24679	237763	772	3772	2215	0	244522
24680	5282	952	241206	1042	0	248482
24681	3384	975	3816	238152	0	246327
24682	2915	754	1571	246986	0	252226
24683	2270	959	240224	4255	0	247708
24684	233328	756	3723	2933	0	240740
24685	4994	858	1617	243043	0	250512
24686	3075	857	1210	248015	0	253157
24687	2707	742	1105	251362	0	255916
24688	2746	649	1052	247025	0	251472
24689	2496	645	989	251034	0	255164
24690	1921	901	249507	5441	0	257770
24691	2283	758	4041	247168	0	254250
24692	1870	726	250660	5129	0	258385
24693	2028	1020	239726	2777	0	245551
24694	245035	604	5344	3223	0	254206
24695	257030	536	2377	3091	0	263034
24696	273478	561	1977	2877	0	278893
24697	7208	820	278582	1928	0	288538
24698	3414	792	279722	1962	0	285890
24699	2470	748	287412	1984	0	292614
24700	1803	296842	8261	2328	0	309234
24701	3506	6871	4469	291450	0	306296
24702	304895	1787	2069	7341	0	316092
24703	7460	961	1468	324122	0	334011
24704	2881	330794	1654	7761	0	343090
24705	336383	6614	1444	4804	0	349245
24706	8580	2550	1502	332652	0	345284
24707	3863	340570	1646	7770	0	353849
24708	3900	6794	1511	343170	0	355375
24709	3316	2786	1562	343956	0	351620
24710	335621	1568	1650	11093	0	349932
24711	9008	1153	1746	336892	0	348799
24712	3929	1569	332995	9287	0	347780
24713	3937	1264	7668	326526	0	339395
24714	2363	319036	3788	9376	0	334563
24715	2279	335407	2446	5199	0	345331
24716	2973	9141	1860	324397	0	338371
24717	2867	4137	1745	324113	0	332862
24718	2080	318572	1861	10987	0	333500
24719	2137	322167	1654	6179	0	332137
24720	2079	331146	1581	4732	0	339538
24721	3121	10965	1200	305112	0	320398
24722	1957	327238	1355	8968	0	339518
24723	321021	9503	1288	6891	0	338703
24724	8387	5102	324965	4481	0	342935
24725	5101	3802	7382	315049	0	331334
24726	2617	328889	3575	9377	0	344458
24727	323390	8919	2095	7159	0	341563
24728	8419	5466	325679	4395	0	343959
24729	3916	327166	7692	4192	0	342966
24730	316838	8688	3642	5294	0	334462
24731	7333	314365	2412	3436	0	327546
24732	3612	322144	1964	3042	0	330762
24733	3790	10905	1679	312064	0	328438
24734	1958	322233	1577	7920	0	333688
24735	316782	9407	1286	5919	0	333394
24736	8297	5542	1390	316646	0	331875
24737	3915	4484	313538	8137	0	330074
24738	2860	3962	310234	4587	0	321643
24739	2996	3948	8345	312355	0	327644
24740	2047	4064	317823	8242	0	332176
24741	3033	3589	7389	316699	0	330710
24742	307612	3205	3688	10531	0	325036
24743	7625	3300	311210	4884	0	327019
24744	4738	2907	7204	301294	0	316143
24745	2698	304469	4159	8392	0	319718
24746	2536	8262	2889	310422	0	324109
24747	2811	4540	2249	309875	0	319475
24748	2184	310909	2751	10299	0	326143
24749	2862	8205	2328	315844	0	329239
24750	2887	4665	2367	318753	0	328672
24751	1868	4006	312675	10616	0	329165
24752	1613	308765	7678	6274	0	324330
24753	308322	8717	3775	5908	0	326722
24754	7589	4956	2718	313795	0	329058
24755	3742	3749	315789	9615	0	332895
24756	3520	3166	7485	314124	0	328295
24757	2160	3256	314168	10094	0	329678
24758	296789	2925	8434	7915	0	316063
24759	7016	313938	4731	5105	0	330790
24760	4467	8134	3342	318248	0	334191
24761	3716	4586	2729	327254	0	338285
24762	311680	3425	2652	12621	0	330378
24763	8487	3175	2840	316153	0	330655
24764	4330	3345	311073	11208	0	329956
24765	3478	3227	8085	301190	0	315980
24766	2547	295581	4628	10755	0	313511
24767	2424	307894	3362	7040	0	320720
24768	2412	314798	2673	6314	0	326197
24769	2804	11056	2595	311092	0	327547
24770	2310	6271	304205	10651	0	323437
24771	1923	304561	7962	7228	0	321674
24772	294316	9264	4311	6684	0	314575
24773	7287	304042	3078	5229	0	319636
24774	303832	9854	2369	6235	0	322290
24775	305259	5289	2604	6124	0	319276
24776	9700	4411	298282	4862	0	317255
24777	303466	3787	8016	5811	0	321080
24778	319012	3493	4413	5963	0	332881
24779	311010	3821	3224	5855	0	323910
24780	321003	3643	2338	5437	0	332421
24781	10998	4192	314820	4064	0	334074
24782	312985	3546	7881	4733	0	329145
24783	325871	3666	4039	5000	0	338576
24784	10715	332715	3313	3524	0	350267
24785	6573	9553	2232	329798	0	348156
24786	5306	5936	2087	331495	0	344824
24787	3971	333961	2271	10277	0	350480
24788	329757	9526	2220	6521	0	348024
24789	9349	335957	2657	3775	0	351738
24790	327707	9597	2615	3976	0	343895
24791	330305	5190	2151	4019	0	341665
24792	11587	331464	2158	2884	0	348093
24793	7562	8911	1888	329476	0	347837
24794	5188	4486	331830	8584	0	350088
24795	4265	325042	7992	4707	0	342006
24796	5255	11032	3751	297648	0	317686
24797	3505	306955	2659	6157	0	319276
24798	2660	327568	1763	3333	0	335324
24799	4603	11621	2021	309855	0	328100
24800	2545	4250	317760	7332	0	331887
24801	1894	304743	6845	4069	0	317551
24802	1492	307198	3568	2544	0	314802
24803	271587	6848	2145	2031	0	282611
24804	5372	3111	717	275823	0	285023
24805	3173	1792	434	276440	0	281839
24806	2159	1192	319	284010	0	287680
24807	1018	1125	276571	7776	0	286490
24808	1754	801	5233	274343	0	282131
24809	610	283953	2404	6911	0	293878
24810	292554	6047	1169	4137	0	303907
24811	7288	2741	759	293576	0	304364
24812	2736	1931	291690	6979	0	303336
24813	293742	1179	6400	3857	0	305178
24814	8534	1029	2482	305688	0	317733
24815	3208	1175	321720	7511	0	333614
24816	2008	1243	320156	3328	0	326735
24817	321919	853	9888	3274	0	335934
24818	341106	732	3816	2993	0	348647
24819	340619	796	2106	2620	0	346141
24820	344619	798	1378	2606	0	349401
24821	12168	1196	337303	1183	0	351850
24822	5216	341278	8166	1298	0	355958
24823	342765	8060	3160	2675	0	356660
24824	9131	342499	2027	1345	0	355002
24825	340634	9064	1392	2525	0	353615
24826	9615	343309	1313	1339	0	355576
24827	5627	9222	1055	340413	0	356317
24828	4040	3982	1104	343850	0	352976
24829	3406	2323	1201	341946	0	348876
24830	2087	332311	1582	11389	0	347369
24831	2002	343413	1369	5171	0	351955
24832	3323	10472	947	325776	0	340518
24833	2041	335631	1336	8628	0	347636
24834	2053	10279	331930	3633	0	347895
24835	3241	4404	8469	329767	0	345881
24836	1959	3285	334881	8973	0	349098
24837	323178	2328	9273	5371	0	340150
24838	333195	2077	3983	3973	0	343228
24839	11836	2289	332218	2283	0	348626
24840	5699	2226	329675	2118	0	339718
24841	4617	1963	10858	326128	0	343566
24842	2826	2114	332221	9430	0	346591
24843	3347	2127	10025	313428	0	328927
24844	2566	309806	5118	9462	0	326952
24845	3051	9696	2739	330549	0	346035
24846	3097	4511	2242	334341	0	344191
24847	3059	3180	1864	336102	0	344205
24848	1945	2757	323988	13383	0	342073
24849	3046	2027	9281	319697	0	334051
24850	3028	2244	4317	322320	0	331909
24851	3125	2261	3033	316108	0	324527
24852	2317	320525	2716	12091	0	337649
24853	321223	9133	2312	7328	0	339996
24854	323425	4322	2316	5770	0	335833
24855	323416	2889	2287	5036	0	333628
24856	13347	2557	2470	316200	0	334574
24857	6084	2545	312602	10539	0	331770
24858	6172	2544	307710	5924	0	322350
24859	3239	312906	11231	4718	0	332094
24860	304909	9087	5315	5512	0	324823
24861	9024	309978	3882	4056	0	326940
24862	308832	9903	3452	4696	0	326883
24863	9975	309364	2745	4074	0	326158
24864	305763	10407	2405	4708	0	323283
24865	10404	317844	2654	3616	0	334518
24866	6320	10804	2122	317744	0	336990
24867	4545	5753	313500	10458	0	334256
24868	4270	3847	315753	6019	0	329889
24869	4345	3236	11673	310774	0	330028
24870	4070	2832	6054	314575	0	327531
24871	3893	2836	4123	322562	0	333414
24872	3593	2762	313390	13689	0	333434
24873	4093	2560	9489	310182	0	326324
24874	302633	2414	4795	13396	0	323238
24875	306869	2427	3727	7787	0	320810
24876	12159	301775	3258	5276	0	322468
24877	296627	9305	2811	5072	0	313815
24878	11428	295057	2555	3924	0	312964
24879	294400	10469	2649	4498	0	312016
24880	297533	5323	2922	4503	0	310281
24881	292137	3553	2999	4417	0	303106
24882	13613	3317	285369	3428	0	305727
24883	7325	2941	279632	3558	0	293456
24884	272634	2328	11407	4065	0	290434
24885	285758	2007	6139	3710	0	297614
24886	13807	2463	3981	277965	0	298216
24887	8767	1908	2727	290023	0	303425
24888	6395	2162	2613	297183	0	308353
24889	5171	2237	2799	301177	0	311384
24890	4471	2649	2560	312429	0	322109
24891	301059	2777	2391	15984	0	322211
24892	12218	2843	1882	304375	0	321318
24893	6290	2899	299943	12908	0	322040
24894	290293	2411	9217	7988	0	309909
24895	302953	2180	4769	6460	0	316362
24896	13423	294837	3507	5201	0	316968
24897	6119	301233	2470	4293	0	314115
24898	272366	8358	1958	3452	0	286134
24899	7991	281363	1663	2553	0	293570
24900	273057	7648	2397	3089	0	286191
24901	290928	2799	1904	3270	0	298901
24902	295502	1656	1338	2897	0	301393
24903	12492	1266	1362	280088	0	295208
24904	5189	284682	1542	8448	0	299861
24905	291033	7344	1223	4440	0	304040
24906	10458	2790	1236	289843	0	304327
24907	5511	1815	1114	289738	0	298178
24908	277272	1127	879	10751	0	290029
24909	7996	272937	998	4862	0	286793
24910	4574	6959	622	271205	0	283360
24911	272928	2751	511	8946	0	285136
24912	7730	277027	657	3877	0	289291
24913	278636	6457	365	3544	0	289002
24914	8544	2934	260845	1925	0	274248
24915	256473	1491	4969	2426	0	265359
24916	8028	265812	1783	1525	0	277148
24917	261768	5981	1637	2191	0	271577
24918	261258	2447	504	2132	0	266341
24919	8325	264400	475	1288	0	274488
24920	265244	5862	287	2220	0	273613
24921	7553	259703	520	1304	0	269080
24922	267157	6576	305	2054	0	276092
24923	8819	2763	357	265314	0	277253
24924	5049	1979	331	267481	0	274840
24925	4233	1430	272	271981	0	277916
24926	2624	1767	259739	8091	0	272221
24927	3553	1363	5358	260882	0	271156
24928	2468	1537	262121	7000	0	273126
24929	3464	1333	6116	257179	0	268092
24930	2449	261196	2241	6649	0	272535
24931	3348	6336	1115	265834	0	276633
24932	2585	3013	264653	7073	0	277324
24933	2347	2409	270078	3180	0	278014
24934	2955	1770	7039	268320	0	280084
24935	266909	1398	2864	8040	0	279211
24936	270144	1160	1652	4541	0	277497
24937	8375	269770	1252	3199	0	282596
24938	4820	5958	1027	272793	0	284598
24939	2759	2769	278460	7615	0	291603
24940	3097	1887	6332	279987	0	291303
24941	2095	1550	281422	8202	0	293269
24942	271845	1378	7204	4894	0	285321
24943	8294	1497	2840	282747	0	295378
24944	4103	1836	278580	7627	0	292146
24945	3894	1599	6629	278790	0	290912
24946	3382	1391	3091	285719	0	293583
24947	2577	1434	281148	9592	0	294751
24948	3147	1237	6951	280579	0	291914
24949	280261	1145	2992	9971	0	294369
24950	285328	1305	2154	5278	0	294065
24951	10022	1525	1615	285431	0	298593
24952	287412	1431	1509	9698	0	300050
24953	8890	1511	285928	4832	0	301161
24954	4440	1552	282434	3990	0	292416
24955	284754	1053	8754	4352	0	298913
24956	297663	927	4330	4013	0	306933
24957	10365	1012	2789	289459	0	303625
24958	5621	1025	2146	296649	0	305441
24959	3868	1230	290195	10297	0	305590
24960	3802	1237	7360	275747	0	288146
24961	2858	290727	3903	8457	0	305945
24962	294790	6656	2786	5715	0	309947
24963	317095	2809	2118	4728	0	326750
24964	11204	315774	2057	3345	0	332380
24965	309152	7807	1852	4167	0	322978
24966	311922	3034	2003	4102	0	321061
24967	11507	311525	2422	3236	0	328690
24968	314298	8141	2258	4089	0	328786
24969	10885	315158	2344	3008	0	331395
24970	318111	9041	1738	4079	0	332969
24971	11372	3952	313946	3165	0	332435
24972	6432	2512	8602	314156	0	331702
24973	5063	1939	3744	324007	0	334753
24974	4346	1758	2772	337903	0	346779
24975	331517	1701	2134	14265	0	349617
24976	12203	2177	1847	341672	0	357899
24977	6287	1906	337724	12132	0	358049
24978	339965	1789	9545	6540	0	357839
24979	13085	1695	3750	339177	0	357707
24980	6287	330029	3184	11591	0	351091
24981	4793	347216	2484	5924	0	360417
24982	5216	11366	2128	340904	0	359614
24983	5366	4805	2235	342603	0	355009
24984	5503	2860	2195	348949	0	359507
24985	3902	2178	331350	14775	0	352205
24986	3346	327468	9543	7891	0	348248
24987	319261	8511	3682	6697	0	338151
24988	315660	3587	2853	5787	0	327887
24989	11447	306766	2340	4280	0	324833
24990	5206	311296	2099	3963	0	322564
24991	6157	9995	2897	302290	0	321339
24992	3482	3690	298946	9593	0	315711
24993	283565	3586	7974	6074	0	301199
24994	294723	2187	3017	4563	0	304490
24995	10188	1792	2337	290207	0	304524
24996	5267	1521	1706	293824	0	302318
24997	282557	1346	1417	11564	0	296884
24998	8469	1656	278513	5601	0	294239
24999	267750	1502	7052	5225	0	281529
25000	8978	271848	3222	3088	0	287136
25001	3921	5308	1370	247000	0	257599
25002	2563	250925	1249	6161	0	260898
25003	253374	5721	1405	3936	0	264436
25004	7114	2299	1184	248474	0	259071
25005	3994	1757	1181	245757	0	252689
25006	2694	245426	1359	6840	0	256319
25007	247925	5081	1137	4084	0	258227
25008	249149	2090	911	3664	0	255814
25009	7194	1894	242478	2652	0	254218
25010	3617	1638	232027	2364	0	239646
25011	230978	1103	5731	2768	0	240580
25012	6389	1217	232305	2058	0	241969
25013	3050	1385	220667	1823	0	226925
25014	216888	1615	6211	2768	0	227482
25015	5619	1074	238279	1818	0	246790
25016	3613	1011	6382	235426	0	246432
25017	3023	774	2702	241715	0	248214
25018	252472	717	1950	9203	0	264342
25019	8134	1356	255264	3880	0	268634
25020	265601	1095	7731	3118	0	277545
25021	10953	1027	3473	267587	0	283040
25022	270180	919	2526	9466	0	283091
25023	273972	825	1955	5202	0	281954
25024	278267	686	1706	4043	0	284702
25025	15285	784	1358	268597	0	286024
25026	275337	670	1392	10305	0	287704
25027	14701	643	1328	271944	0	288616
25028	9155	801	1380	275382	0	286718
25029	7476	811	1438	278035	0	287760
25030	6506	850	1186	281283	0	289825
25031	272265	938	1191	15729	0	290123
25032	276489	928	1266	9179	0	287862
25033	13857	1136	270750	6375	0	292118
25034	275715	748	8704	6361	0	291528
25035	286870	617	3976	6072	0	297535
25036	16124	723	2629	275295	0	294771
25037	9391	272662	2056	11377	0	295486
25038	281244	8143	1942	6754	0	298083
25039	14863	3664	1772	270294	0	290593
25040	270916	2079	1788	11916	0	286699
25041	13877	265053	2004	6487	0	287421
25042	273311	8897	1548	5576	0	289332
25043	14925	4293	1228	264374	0	284820
25044	7983	262085	1258	11590	0	282916
25045	268791	9660	1115	7119	0	286685
25046	12867	261007	1448	5537	0	280859
25047	7528	276481	1592	4817	0	290418
25048	276444	11889	1605	5133	0	295071
25049	12740	6656	268252	4277	0	291925
25050	276091	4326	8483	4276	0	293176
25051	15430	3466	3912	271002	0	293810
25052	9125	3084	272287	10114	0	294610
25053	9065	2422	9485	267123	0	288095
25054	7976	2513	4788	276203	0	291480
25055	6710	2408	269829	14429	0	293376
25056	270379	1791	10355	8801	0	291326
25057	14877	1389	5295	274047	0	295608
25058	9734	1615	3302	279909	0	294560
25059	7997	1606	2373	281507	0	293483
25060	272799	1793	2409	18903	0	295904
25061	13628	1971	263912	11203	0	290714
25062	8575	1584	267339	8493	0	285991
25063	6785	1584	11128	249217	0	268714
25064	5922	1274	247400	12498	0	267094
25065	240960	1171	10339	8766	0	261236
25066	11323	241863	6564	6459	0	266209
25067	244163	7590	5199	5428	0	262380
25068	13963	3939	3590	233659	0	255151
25069	8095	234826	3891	10285	0	257097
25070	7875	9430	3143	235215	0	255663
25071	6319	239003	2647	11501	0	259470
25072	6785	9922	2119	242284	0	261110
25073	5818	5288	234562	12649	0	258317
25074	5014	4508	224781	7747	0	242050
25075	4713	226287	9838	6879	0	247717
25076	214085	7842	5533	6227	0	233687
25077	9061	4951	3369	210821	0	228202
25078	6576	3405	2839	215243	0	228063
25079	212361	2994	2651	11844	0	229850
25080	213994	2877	2565	7562	0	226998
25081	12863	2128	2597	211321	0	228909
25082	8054	2183	205952	9803	0	225992
25083	6548	205582	7602	6548	0	226280
25084	6231	7095	4255	207193	0	224774
25085	5617	4143	3582	205730	0	219072
25086	4914	210575	2651	11492	0	229632
25087	212631	7760	2527	8275	0	231193
25088	9464	5196	212114	5660	0	232434
25089	6809	3799	7504	211625	0	229737
25090	5140	3172	4171	214933	0	227416
25091	3838	3200	208844	13335	0	229217
25092	4608	2636	8017	213708	0	228969
25093	213029	2386	5030	12538	0	232983
25094	214704	2195	4205	8572	0	229676
25095	216457	1830	3753	7494	0	229534
25096	12331	209199	3693	6161	0	231384
25097	222175	7214	3295	5760	0	238444
25098	13036	4022	2774	218548	0	238380
25099	8764	3225	2743	218922	0	233654
25100	7104	234112	2577	12079	0	255872
25101	257540	9441	2263	8245	0	277489
25102	271024	5321	2357	6552	0	285254
25103	276137	3980	2260	6351	0	288728
25104	281189	3525	1996	6344	0	293054
25105	282347	3030	2250	6353	0	293980
25106	18749	2881	266730	5330	0	293690
25107	278130	2708	10355	4965	0	296158
25108	283831	2578	5478	4892	0	296779
25109	283912	1973	4228	4592	0	294705
25110	20908	1929	3449	268206	0	294492
25111	13544	1785	3249	275137	0	293715
25112	10154	1739	263388	14948	0	290229
25113	239341	2143	10476	10682	0	262642
25114	14069	256977	5887	7417	0	284350
25115	8167	243448	3451	5240	0	260306
25116	6634	9113	238595	4230	0	258572
25117	5054	234070	8330	4006	0	251460
25118	4148	231665	4297	3274	0	243384
25119	5595	11732	4191	196767	0	218285
25120	2302	208006	1650	5434	0	217392
25121	205235	6482	1038	3081	0	215836
25122	204970	3048	938	2382	0	211338
25123	8727	2160	759	199933	0	211579
25124	4656	1604	198311	5850	0	210421
25125	195524	1140	5388	3355	0	205407
25126	7545	1157	199682	2127	0	210511
25127	4218	1026	203136	1750	0	210130
25128	3945	1035	7142	190968	0	203090
25129	3380	980	3573	199796	0	207729
25130	2475	947	201193	6818	0	211433
25131	2074	193031	5974	3726	0	204805
25132	1769	207371	3023	2930	0	215093
25133	199930	6537	2276	2789	0	211532
25134	203308	2711	1464	2171	0	209654
25135	7097	1817	197128	1076	0	207118
25136	194622	1309	4870	1447	0	202248
25137	205579	1066	1990	1436	0	210071
25138	7939	955	1401	199515	0	209810
25139	4862	796	1081	202653	0	209392
25140	3807	814	938	205574	0	211133
25141	203460	781	738	7323	0	212302
25142	205793	633	605	3965	0	210996
25143	209001	562	703	2759	0	213025
25144	9478	668	703	204774	0	215623
25145	5458	785	200527	5295	0	212065
25146	198344	638	4780	2941	0	206703
25147	201072	626	2236	2145	0	206079
25148	8757	728	1878	193538	0	204901
25149	5158	196327	1392	5224	0	208101
25150	4461	4752	1054	196000	0	206267
25151	3183	199224	1055	6154	0	209616
25152	3211	5826	971	193600	0	203608
25153	2571	201912	1206	6298	0	211987
25154	198600	5571	1098	3220	0	208489
25155	6784	3040	913	197616	0	208353
25156	3658	198669	1087	5087	0	208501
25157	3011	5545	196730	2492	0	207778
25158	192914	2777	5208	2360	0	203259
25159	6391	2467	2177	194926	0	205961
25160	3346	195262	1710	5289	0	205607
25161	3309	5040	1106	190517	0	199972
25162	2586	187960	1132	5512	0	197190
25163	2481	201487	1180	2831	0	207979
25164	198425	6002	1108	3038	0	208573
25165	202504	3089	1203	2458	0	209254
25166	6711	2516	200504	1368	0	211099
25167	199245	1672	4960	1709	0	207586
25168	202242	1548	2640	1894	0	208324
25169	6774	197729	2098	1533	0	208134
25170	4346	4817	1476	198503	0	209142
25171	3636	2381	1296	200235	0	207548
25172	2766	2292	195460	5892	0	206410
25173	2823	1992	191014	3047	0	198876
25174	194925	1404	5620	2752	0	204701
25175	201283	1055	2961	2192	0	207491
25176	202211	806	2450	1950	0	207417
25177	8292	866	195607	1429	0	206194
25178	5149	705	5200	193753	0	204807
25179	197817	710	2449	5782	0	206758
25180	6408	733	1797	197750	0	206688
25181	3406	915	193918	6329	0	204568
25182	185918	1043	4713	3622	0	195296
25183	6386	1227	198713	2414	0	208740
25184	3675	195800	5014	2012	0	206501
25185	198098	4395	2578	2173	0	207244
25186	6044	2104	196342	1478	0	205968
25187	4127	1765	5117	192594	0	203603
25188	196197	1118	2322	5144	0	204781
25189	6314	1086	1556	196365	0	205321
25190	198310	1098	1182	6507	0	207097
25191	6304	1114	829	197604	0	205851
25192	200080	1058	836	6953	0	208927
25193	201161	1121	673	4104	0	207059
25194	200865	1148	823	3032	0	205868
25195	201023	1028	799	2385	0	205235
25196	8362	1632	1184	195342	0	206520
25197	4340	1052	189593	4396	0	199381
25198	3787	1065	187585	2217	0	194654
25199	2703	184396	5148	1977	0	194224
25200	1852	170313	2289	1419	0	175873
25201	146652	2470	3677	1151	0	153950
25202	2138	715	544	140577	0	143974
25203	662	360	141401	1323	0	143746
25204	555	353	140715	562	0	142185
25205	773	768	1466	141690	0	144697
25206	142693	127	553	1743	0	145116
25207	1370	142691	377	536	0	144974
25208	148425	1126	288	955	0	150794
25209	1674	397	229	149333	0	151633
25210	905	237	241	149053	0	150436
25211	770	188	272	148921	0	150151
25212	455	232	148550	1550	0	150787
25213	446	344	142915	724	0	144429
25214	429	145522	1520	519	0	147990
25215	602	1220	521	149019	0	151362
25216	146010	407	395	1846	0	148658
25217	1443	435	142119	587	0	144584
25218	639	417	143175	534	0	144765
25219	799	246	1612	145816	0	148473
25220	654	276	600	149505	0	151035
25221	634	262	504	150893	0	152293
25222	798	257	383	161781	0	163219
25223	166161	191	297	3390	0	170039
25224	2912	190	312	169184	0	172598
25225	169722	192	334	3527	0	173775
25226	3134	282	172257	999	0	176672
25227	1004	172486	2828	836	0	177154
25228	1192	2711	806	172605	0	177314
25229	644	768	175208	2988	0	179608
25230	656	566	171433	1155	0	173810
25231	580	174734	3376	928	0	179618
25232	956	2442	1068	168334	0	172800
25233	800	695	607	170327	0	172429
25234	468	517	170048	3186	0	174219
25235	162906	312	2937	1695	0	167850
25236	3099	312	1014	170056	0	174481
25237	1296	289	782	168460	0	170827
25238	728	435	171663	3581	0	176407
25239	556	168168	3272	1541	0	173537
25240	483	185591	1193	1104	0	188371
25241	186350	4024	803	1425	0	192602
25242	4271	1172	725	188417	0	194585
25243	196271	698	775	4796	0	202540
25244	4830	608	194499	1626	0	201563
25245	2096	497	4501	194384	0	201478
25246	194437	447	1505	5658	0	202047
25247	198538	472	1139	2386	0	202535
25248	6073	509	703	196426	0	203711
25249	2346	515	194700	4922	0	202483
25250	1484	477	197223	2054	0	201238
25251	1755	626	5361	193707	0	201449
25252	967	506	196797	4843	0	203113
25253	183861	485	5031	2544	0	191921
25254	4621	191438	1836	1754	0	199649
25255	193699	4076	1331	1863	0	200969
25256	197247	1214	1005	1886	0	201352
25257	6212	853	1079	195171	0	203315
25258	2810	568	1256	198381	0	203015
25259	198203	597	934	6274	0	206008
25260	5583	523	996	197843	0	204945
25261	2199	662	196687	5434	0	204982
25262	1555	196007	4772	2317	0	204651
25263	1727	4301	1882	192785	0	200695
25264	1717	1402	1357	194598	0	199074
25265	1765	971	1069	196559	0	200364
25266	1421	727	190731	6772	0	199651
25267	1528	187977	4802	3141	0	197448
25268	1734	4166	1935	192376	0	200211
25269	1409	1488	191593	5600	0	200090
25270	1744	1127	4987	190985	0	198843
25271	190541	889	1938	6768	0	200136
25272	5522	876	1572	194290	0	202260
25273	2369	885	191929	6323	0	201506
25274	187790	711	5066	4014	0	197581
25275	5133	193664	2475	2623	0	203895
25276	2084	203056	2137	2404	0	209681
25277	204021	5093	1532	3154	0	213800
25278	5586	1997	208220	2260	0	218063
25279	3157	1221	5183	206152	0	215713
25280	2565	1021	2199	212913	0	218698
25281	1634	1114	211335	6649	0	220732
25282	1563	209839	5553	3617	0	220572
25283	2472	4711	2416	195825	0	205424
25284	1749	1877	208790	6015	0	218431
25285	2186	1272	5449	208138	0	217045
25286	207881	1092	2674	7277	0	218924
25287	5613	1178	213578	3402	0	223771
25288	3061	1256	5264	214413	0	223994
25289	2455	1282	2264	218207	0	224208
25290	1898	1427	212387	7580	0	223292
25291	2487	1132	5505	203403	0	212527
25292	1790	196633	3103	7137	0	208663
25293	2235	4796	2533	193891	0	203455
25294	1599	209788	2236	6354	0	219977
25295	209681	5163	2091	4326	0	221261
25296	207691	2015	1954	4003	0	215663
25297	6514	1574	205619	3378	0	217085
25298	2996	1360	203918	3060	0	211334
25299	2290	1449	201004	2666	0	207409
25300	1788	201390	6936	2678	0	212792
25301	2183	4872	3563	206275	0	216893
25302	1943	1947	209047	6172	0	219109
25303	2600	1475	5716	203482	0	213273
25304	2266	1177	2800	205393	0	211636
25305	2008	1195	206376	7119	0	216698
25306	2417	1214	5545	206064	0	215240
25307	1953	1477	2690	203829	0	209949
25308	1906	201100	2355	7212	0	212573
25309	2417	4667	1908	206385	0	215377
25310	1961	1845	2285	212486	0	218577
25311	1693	1563	208124	7777	0	219157
25312	1890	1123	5911	206601	0	215525
25313	1459	1085	209487	7750	0	219781
25314	1284	1435	205834	4357	0	212910
25315	202008	1204	6666	4332	0	214210
25316	5366	1618	3530	200534	0	211048
25317	2084	207412	2577	6922	0	218995
25318	1913	213936	2333	4176	0	222358
25319	2116	6224	2607	212674	0	223621
25320	1731	2408	212492	7323	0	223954
25321	1677	211332	6289	4374	0	223672
25322	1892	4858	2623	201942	0	211315
25323	1222	1758	206045	5180	0	214205
25324	1113	206978	4205	2722	0	215018
25325	213598	4041	2237	3067	0	222943
25326	214329	1768	1901	2631	0	220629
25327	218086	1253	1389	2781	0	223509
25328	5180	984	1558	228585	0	236307
25329	2305	1009	1432	231037	0	235783
25330	1685	916	1313	232522	0	236436
25331	916	1073	228565	6728	0	237282
25332	226466	1034	4951	4028	0	236479
25333	5260	852	2193	229836	0	238141
25334	1850	1037	229571	5571	0	238029
25335	227984	984	4971	3691	0	237630
25336	236231	713	2437	3264	0	242645
25337	5975	2272	196061	2817	0	207125
25338	226496	758	3795	3067	0	234116
25339	5138	236748	2193	2101	0	246180
25340	1853	3351	228812	1308	0	235324
25341	217915	1520	4462	2252	0	226149
25342	3494	224715	1848	1581	0	231638
25343	1384	2651	857	212582	0	217474
25344	653	217791	833	2820	0	222097
25345	1011	2796	610	220338	0	224755
25346	617	964	220997	3207	0	225785
25347	199748	487	3155	2244	0	205634
25348	2982	530	222168	976	0	226656
25349	1110	215143	3178	944	0	220375
25350	648	222784	1244	810	0	225486
25351	218517	3191	762	1391	0	223861
25352	3005	1261	219120	588	0	223974
25353	1584	654	3015	215303	0	220556
25354	738	642	220356	2958	0	224694
25355	579	221147	3244	1119	0	226089
25356	1352	3045	1114	203844	0	209355
25357	431	221011	965	2343	0	224750
25358	224100	3145	713	1779	0	229737
25359	226345	983	664	1629	0	229621
25360	226238	601	765	1378	0	228982
25361	3781	765	222555	661	0	227762
25362	1314	814	216381	694	0	219203
25363	215560	551	3702	1299	0	221112
25364	3359	644	227629	614	0	232246
25365	2025	436	3520	211760	0	217741
25366	840	223425	1523	2688	0	228476
25367	229542	3008	967	2047	0	235564
25368	228878	1026	887	1690	0	232481
25369	234405	679	725	1522	0	237331
25370	4624	554	646	233965	0	239789
25371	1989	508	678	236950	0	240125
25372	234584	420	662	4824	0	240490
25373	3660	232205	732	1761	0	238358
25374	230975	3109	646	1653	0	236383
25375	4179	1055	659	226815	0	232708
25376	2032	571	551	227565	0	230719
25377	221398	397	522	4815	0	227132
25378	3491	217937	686	1582	0	223696
25379	217919	3164	485	1824	0	223392
25380	3732	219980	631	826	0	225169
25381	218670	3349	547	1170	0	223736
25382	4316	1218	408	245711	0	251653
25383	248223	699	438	4073	0	253433
25384	254519	614	373	2127	0	257633
25385	274014	619	361	1796	0	276790
25386	5609	281548	578	815	0	288550
25387	2420	4665	275193	648	0	282926
25388	273430	1595	4446	1479	0	280950
25389	282843	927	1427	1542	0	286739
25390	6285	278683	980	835	0	286783
25391	3538	4562	575	281775	0	290450
25392	2559	1866	574	285777	0	290776
25393	284445	1068	743	6629	0	292885
25394	6407	915	674	286747	0	294743
25395	3025	958	285989	5447	0	295419
25396	2249	1099	280036	2352	0	285736
25397	289507	747	5727	2370	0	298351
25398	6584	673	2018	292014	0	301289
25399	3657	677	1173	295354	0	300861
25400	2810	635	1022	299938	0	304405
25401	1850	766	299766	6797	0	309179
25402	2584	562	5319	296124	0	304589
25403	2676	622	2107	304695	0	310100
25404	2162	659	1279	310230	0	314330
25405	302139	606	1011	8730	0	312486
25406	6822	697	962	305353	0	313834
25407	2972	947	308726	7022	0	319667
25408	307716	818	5702	4575	0	318811
25409	6762	1023	321926	2537	0	332248
25410	323419	691	6521	3128	0	333759
25411	327036	745	2542	2680	0	333003
25412	9683	955	1491	333152	0	345281
25413	4190	335863	1521	7802	0	349376
25414	3957	6330	1367	340773	0	352427
25415	3642	3560	1438	343255	0	351895
25416	2406	346903	1634	9756	0	360699
25417	344578	6225	1387	5682	0	357872
25418	7373	343728	1550	3264	0	355915
25419	344965	6891	1263	3569	0	356688
25420	349117	2832	1009	3593	0	356551
25421	10287	1748	1018	344533	0	357586
25422	5794	1475	1014	345586	0	353869
25423	3239	1383	334242	9487	0	348351
25424	2929	1312	322344	4784	0	331369
25425	314136	1174	7674	4487	0	327471
25426	323917	1087	3407	4100	0	332511
25427	8868	309121	2111	2886	0	322986
25428	5312	5284	1769	303161	0	315526
25429	3229	2264	317571	6806	0	329870
25430	4045	4058	6228	313742	0	328073
25431	310263	1503	3613	8140	0	323519
25432	303234	1035	1797	4551	0	310617
25433	8104	302433	1539	2854	0	314930
25434	5144	5131	1036	304134	0	315445
25435	3565	2675	1039	308035	0	315314
25436	3293	1655	1014	307379	0	313341
25437	2477	1580	293842	8698	0	306597
25438	268816	1388	5326	5742	0	281272
25439	288168	1442	2355	4104	0	296069
25440	8723	1593	290746	2929	0	303991
25441	4760	289998	5535	3072	0	303365
25442	292047	5174	2782	3852	0	303855
25443	293702	2397	2062	3842	0	302003
25444	8753	1804	283790	3152	0	297499
25445	5226	1598	291158	2744	0	300726
25446	4707	1680	7353	290686	0	304426
25447	3504	1681	295197	6254	0	306636
25448	285262	1490	6572	4366	0	297690
25449	291849	1384	3418	3611	0	300262
25450	297481	1254	2571	3454	0	304760
25451	9570	1246	2350	285188	0	298354
25452	5361	302726	2252	6590	0	316929
25453	309784	4915	1949	5408	0	322056
25454	308077	2524	2065	4173	0	316839
25455	9483	2155	301782	2984	0	316404
25456	6133	1809	291860	3000	0	302802
25457	292054	1331	6901	3814	0	304100
25458	8480	1527	3529	302535	0	316071
25459	5243	1599	300604	7117	0	314563
25460	4237	298091	6460	4661	0	313449
25461	4634	5231	3833	302333	0	316031
25462	300340	2635	2879	7577	0	313431
25463	7761	306513	2648	4080	0	321002
25464	5634	5619	2255	303589	0	317097
25465	4329	299640	2479	6808	0	313256
25466	3639	308805	2597	4554	0	319595
25467	4364	6433	2325	308745	0	321867
25468	4025	3257	2469	307847	0	317598
25469	3449	309317	2802	8084	0	323652
25470	308322	5857	2271	5527	0	321977
25471	8443	3397	311062	3216	0	326118
25472	303743	2608	5857	4126	0	316334
25473	8909	2320	3058	317381	0	331668
25474	5751	2083	2445	319345	0	329624
25475	4874	1919	2341	321909	0	331043
25476	4900	1581	2546	319619	0	328646
25477	4075	1875	320141	8769	0	334860
25478	4784	1592	6636	317852	0	330864
25479	4520	2324	3557	320729	0	331130
25480	3659	330157	2628	9149	0	345593
25481	3510	6253	334141	5884	0	349788
25482	2859	343812	7042	5126	0	358839
25483	3605	7638	349334	3943	0	364520
25484	3300	354213	7530	3686	0	368729
25485	5003	7469	4355	328563	0	345390
25486	328568	2520	2208	7131	0	340427
25487	6578	330106	1960	3600	0	342244
25488	4705	5938	1699	336362	0	348704
25489	3181	3202	339126	6867	0	352376
25490	2360	346125	6635	3992	0	359112
25491	340152	6496	3704	4516	0	354868
25492	343538	3399	2672	4038	0	353647
25493	8309	346079	2397	2335	0	359120
25494	4628	6931	340202	1938	0	353699
25495	329289	3548	6593	2866	0	342296
25496	8258	3007	3275	344992	0	359532
25497	343610	2213	2348	8548	0	356719
25498	7680	346032	2101	4221	0	360034
25499	4293	356471	1910	3295	0	365969
25500	3582	8460	348721	2472	0	363235
25501	341343	4443	6702	3359	0	355847
25502	8572	3349	3398	350806	0	366125
25503	353201	2119	2332	7780	0	365432
25504	7320	354931	2122	3748	0	368121
25505	355697	6396	1756	4149	0	367998
25506	351264	3428	1885	3899	0	360476
25507	8970	2787	352590	2164	0	366511
25508	4545	337961	5759	1853	0	350118
25509	3159	347902	2960	1856	0	355877
25510	3258	8161	1831	322974	0	336224
25511	1916	326905	1475	4621	0	334917
25512	323803	5975	1162	3631	0	334571
25513	5214	326221	1207	1700	0	334342
25514	3396	6524	811	317228	0	327959
25515	2006	315209	944	4466	0	322625
25516	1771	309052	879	2122	0	313824
25517	1724	319995	874	1507	0	324100
25518	3001	6721	1078	314902	0	325702
25519	2503	3147	732	317515	0	323897
25520	2264	2345	706	313752	0	319067
25521	1361	308757	885	5849	0	316852
25522	1492	5432	304126	2691	0	313741
25523	1524	3394	296800	1809	0	303527
25524	294459	2449	5090	2486	0	304484
25525	5400	2217	2168	306262	0	316047
25526	2539	2315	309224	4577	0	318655
25527	2023	2418	301737	2351	0	308529
25528	1440	315894	5417	2014	0	324765
25529	2110	5436	2333	299404	0	309283
25530	1727	3175	1427	308400	0	314729
25531	304615	2500	1216	7284	0	315615
25532	4937	2119	1059	305735	0	313850
25533	2763	1938	1062	306848	0	312611
25534	1720	2200	309887	6696	0	320503
25535	2337	1931	4477	306737	0	315482
25536	2100	1781	2333	319491	0	325705
25537	1315	2020	319288	6655	0	329278
25538	1405	1843	314900	3623	0	321771
25539	1123	315245	6197	2909	0	325474
25540	1264	5374	314362	2319	0	323319
25541	1876	2918	5621	307593	0	318008
25542	3663	2851	3639	265963	0	276116
25543	1274	2162	317158	6732	0	327326
25544	1187	313275	5234	4047	0	323743
25545	299649	5138	2748	4471	0	312006
25546	4273	308568	2289	3107	0	318237
25547	2649	5740	1945	310054	0	320388
25548	2077	3251	1936	313362	0	320626
25549	1244	311552	2211	7181	0	322188
25550	1808	5504	2147	311344	0	320803
25551	1689	3241	2088	312898	0	319916
25552	1334	2813	294761	7635	0	306543
25553	1270	292312	5603	4719	0	303904
25554	1638	5862	3067	297080	0	307647
25555	1510	3387	296362	6693	0	307952
25556	2295	2658	5656	293550	0	304159
25557	2113	2588	3235	294456	0	302392
25558	2049	2301	2532	301089	0	307971
25559	2167	2430	2273	298380	0	305250
25560	2234	2625	1797	293998	0	300654
25561	1938	295496	1918	8074	0	307426
25562	289734	5397	1872	6284	0	303287
25563	4935	3581	286161	3983	0	298660
25564	257864	2538	5428	5287	0	271117
25565	5410	2602	295650	3381	0	307043
25566	2529	304727	5891	3568	0	316715
25567	2295	6175	302478	3004	0	313952
25568	1522	307308	6416	3382	0	318628
25569	2487	6561	3596	293342	0	305986
25570	2095	3274	2558	297525	0	305452
25571	1649	299922	1955	7586	0	311112
25572	1364	313924	1751	4945	0	321984
25573	310248	7025	1591	5060	0	323924
25574	317301	3805	1647	4583	0	327336
25575	317645	2771	1629	4004	0	326049
25576	321710	2475	1745	3656	0	329586
25577	7805	2565	1793	316362	0	328525
25578	3396	317095	1700	6166	0	328357
25579	314775	6083	1432	4861	0	327151
25580	5938	3186	1252	306689	0	317065
25581	296894	2224	1313	6232	0	306663
25582	286570	1676	1180	4299	0	293725
25583	5183	274069	1163	2372	0	282787
25584	2220	265103	972	1800	0	270095
25585	1418	278237	970	1449	0	282074
25586	1790	6241	1398	262957	0	272386
25587	850	272215	913	3130	0	277108
25588	267861	2922	711	2865	0	274359
25589	271696	1159	514	2444	0	275813
25590	269615	797	404	2186	0	273002
25591	274115	736	420	2141	0	277412
25592	278152	676	476	2071	0	281375
25593	4250	851	285583	827	0	291511
25594	283589	654	3592	2029	0	289864
25595	4617	851	291149	733	0	297350
25596	286591	538	3880	1591	0	292600
25597	5085	759	1325	288733	0	295902
25598	1877	958	281718	3784	0	288337
25599	1423	837	287409	1452	0	291121
25600	948	306697	4580	1045	0	313270
25601	307052	4545	2111	2116	0	315824
25602	316472	1401	940	2044	0	320857
25603	5949	344618	822	806	0	352195
25604	3744	5862	461	395085	0	405152
25605	425249	2144	573	9179	0	437145
25606	10061	1786	432248	3081	0	447176
25607	4163	430871	9461	1866	0	446361
25608	421209	9600	3612	2963	0	437384
25609	10280	431006	2312	1623	0	445221
25610	6812	11116	1394	406229	0	425551
25611	3009	434501	1715	8260	0	447485
25612	4130	12422	993	412460	0	430005
25613	2417	422640	1454	10151	0	436662
25614	1757	443171	1104	4475	0	450507
25615	423438	14011	855	4660	0	442964
25616	436886	6880	777	3691	0	448234
25617	13407	4751	428728	2347	0	449233
25618	6757	3916	420003	1830	0	432506
25619	4654	3561	430366	1434	0	440015
25620	5279	2994	14579	426115	0	448967
25621	3430	3401	438454	9807	0	455092
25622	4655	3084	12955	427049	0	447743
25623	4103	2947	6208	429610	0	442868
25624	2131	432606	4391	14234	0	453362
25625	430714	11649	2941	8820	0	454124
25626	10674	437610	2992	5019	0	456295
25627	6791	13263	2155	445016	0	467225
25628	5554	6673	2216	450384	0	464827
25629	5515	4641	2268	455070	0	467494
25630	4361	3761	445572	15919	0	469613
25631	5004	3282	12342	441940	0	462568
25632	4838	3142	6444	449283	0	463707
25633	4961	2953	4434	458183	0	470531
25634	2705	3680	439102	18299	0	463786
25635	2578	437468	12264	10259	0	462569
25636	431084	12549	5227	9736	0	458596
25637	420655	6929	3422	9246	0	440252
25638	14223	438213	2900	6180	0	461516
25639	9089	13987	2767	433607	0	459450
25640	6739	7870	2493	447971	0	465073
25641	5109	5934	434551	16843	0	462437
25642	4130	432056	12287	10133	0	458606
25643	4963	13005	6321	437739	0	462028
25644	3469	6760	438484	15581	0	464294
25645	4324	5045	13320	432484	0	455173
25646	4337	4275	7264	436271	0	452147
25647	3229	4791	433196	18939	0	460155
25648	4763	4301	13526	428349	0	450939
25649	5246	4621	7244	430418	0	447529
25650	4699	4323	432702	18790	0	460514
25651	5142	4079	13404	433520	0	456145
25652	4727	4003	7653	428297	0	444680
25653	3625	3425	5471	447904	0	460425
25654	2300	3473	432734	22166	0	460673
25655	3298	3022	14424	435549	0	456293
25656	421639	3269	7491	22043	0	454442
25657	425167	3014	6131	14674	0	448986
25658	14310	425436	5525	10991	0	456262
25659	431432	11732	4982	11292	0	459438
25660	14314	6446	438376	9130	0	468266
25661	9002	4315	13603	442036	0	468956
25662	6630	3744	7411	448319	0	466104
25663	5357	3961	5577	460211	0	475106
25664	432392	3134	4972	23376	0	463874
25665	12066	432231	4879	14369	0	463545
25666	6790	11991	4013	414600	0	437394
25667	4271	425426	4455	17799	0	451951
25668	415783	13013	4299	13516	0	446611
25669	12597	422957	4315	9130	0	448999
25670	414571	13810	3427	10127	0	441935
25671	13827	407775	3619	8266	0	433487
25672	7568	412895	3904	7814	0	432181
25673	6641	15352	3979	408593	0	434565
25674	4968	8258	4136	413073	0	430435
25675	5019	5886	3995	413029	0	427929
25676	4068	5533	3361	414935	0	427897
25677	3567	5654	397684	21205	0	428110
25678	3754	395326	11354	13836	0	424270
25679	3881	12838	5719	382279	0	404717
25680	3051	395915	4767	17135	0	420868
25681	3689	14345	392192	11071	0	421297
25682	5040	7845	12008	388846	0	413739
25683	4751	6577	6385	407506	0	425219
25684	4256	5355	395462	18477	0	423550
25685	3290	385515	12775	12315	0	413895
25686	3658	12106	7343	389426	0	412533
25687	2731	6443	383279	18572	0	411025
25688	2126	380074	13063	13889	0	409152
25689	3349	12420	6943	378581	0	401293
25690	2685	7218	372946	17488	0	400337
25691	3206	6024	362869	11220	0	383319
25692	2843	355570	14056	8752	0	381221
25693	2785	375877	6975	7608	0	393245
25694	3802	14885	5985	377660	0	402332
25695	4088	8054	4583	405009	0	421734
25696	2262	6163	396926	18923	0	424274
25697	376951	5070	12601	13782	0	408404
25698	387754	4973	7063	10978	0	410768
25699	14597	4911	386443	8570	0	414521
25700	6962	367143	12703	7860	0	394668
25701	4646	372413	7251	7227	0	391537
25702	3747	362441	5166	6155	0	377509
25703	4678	307606	5920	5914	0	324118
25704	8141	16742	5419	276579	0	306881
25705	2269	3634	1253	310419	0	317575
25706	1626	2022	554	313616	0	317818
25707	1602	1593	436	320647	0	324278
25708	430	325697	777	13725	0	340629
25709	1752	8622	629	324800	0	335803
25710	573	328801	875	11669	0	341918
25711	1899	10239	580	333925	0	346643
25712	326267	5117	621	12852	0	344857
25713	9356	3452	652	329145	0	342605
25714	4083	325842	892	12294	0	343111
25715	3849	9877	579	334915	0	349220
25716	3070	5066	535	343217	0	351888
25717	2701	3492	540	347404	0	354137
25718	330115	2653	597	20454	0	353819
25719	9996	3203	476	342361	0	356036
25720	4384	3553	328439	16604	0	352980
25721	2787	337440	8658	10871	0	359756
25722	3663	11948	4022	346616	0	366249
25723	4024	6187	2416	359898	0	372525
25724	3793	4738	1427	367080	0	377038
25725	349141	3826	1202	22175	0	376344
25726	11116	4061	340194	12754	0	368125
25727	7083	3106	9390	328870	0	348449
25728	3771	337941	4535	16854	0	363101
25729	4281	11398	2553	345350	0	363582
25730	323409	6112	1889	19696	0	351106
25731	10221	335348	2300	12386	0	360255
25732	6947	12680	1796	336818	0	358241
25733	4786	7450	1366	341676	0	355278
25734	2356	330948	1681	21748	0	356733
25735	4066	12365	1200	342652	0	360283
25736	4358	6782	1323	350615	0	363078
25737	2879	5208	331095	22354	0	361536
25738	2113	332520	10952	15202	0	360787
25739	332023	13285	5250	12707	0	363265
25740	11670	8121	332488	10404	0	362683
25741	329226	5738	11181	11281	0	357426
25742	14349	5448	333404	9664	0	362865
25743	8869	4915	12535	338643	0	364962
25744	332838	4300	6410	20517	0	364065
25745	14035	5053	4146	342793	0	366027
25746	338257	4710	2912	22915	0	368794
25747	343717	4182	2887	16870	0	367656
25748	342657	4945	2903	13505	0	364010
25749	18749	335571	3470	10657	0	368447
25750	12144	13617	3054	336553	0	365368
25751	9121	7949	3775	347224	0	368069
25752	7747	5996	3618	350617	0	367978
25753	6753	4535	333139	24304	0	368731
25754	6690	3905	13230	345575	0	369400
25755	336501	3524	7516	23017	0	370558
25756	345747	3568	5345	16382	0	371042
25757	19776	3460	333134	13124	0	369494
25758	341102	3637	12834	11020	0	368593
25759	350062	3977	6958	10307	0	371304
25760	22906	4419	5054	329407	0	361786
25761	330378	4329	3819	20206	0	358732
25762	335495	4158	3670	15483	0	358806
25763	21407	4247	3387	331202	0	360243
25764	329612	3513	4024	22266	0	359415
25765	334394	3471	4108	16183	0	358156
25766	23078	3808	3953	327673	0	358512
25767	15395	4515	279074	20182	0	319166
25768	315871	3802	11779	14119	0	345571
25769	20222	3985	319836	10844	0	354887
25770	14908	3465	320268	10112	0	348753
25771	11978	312702	17476	10297	0	352453
25772	11736	11848	9618	313370	0	346572
25773	11944	6376	5934	326042	0	350296
25774	11426	4192	4634	327953	0	348205
25775	11236	3513	314620	24637	0	354006
25776	11742	3392	313666	15871	0	344671
25777	10481	312188	16854	13184	0	352707
25778	10685	11910	10020	308026	0	340641
25779	10878	6357	7386	322560	0	347181
25780	9921	4283	6880	329781	0	350865
25781	8846	3446	313514	24046	0	349852
25782	8862	306855	15418	16242	0	347377
25783	8856	11928	9325	315020	0	345129
25784	8482	6659	315080	20892	0	351113
25785	8534	4676	316365	15296	0	344871
25786	310580	3405	19062	12894	0	345941
25787	316162	3422	12397	11103	0	343084
25788	323454	3453	8649	10647	0	346203
25789	22625	3720	7136	309509	0	342990
25790	13989	3220	307039	19672	0	343920
25791	10309	295846	14471	15460	0	336086
25792	8799	313642	9589	13635	0	345665
25793	8787	13900	284188	10298	0	317173
25794	9278	11846	14719	257216	0	293059
25795	7509	6712	10044	239143	0	263408
25796	6956	231946	8063	15027	0	261992
25797	7633	244451	6500	9865	0	268449
25798	239326	11150	6178	7885	0	264539
25799	244944	5782	5452	7115	0	263293
25800	248003	3826	4883	7298	0	264010
25801	244367	3085	4853	7634	0	259939
25802	235833	3725	4617	7013	0	251188
25803	16706	220514	4706	6915	0	248841
25804	7930	185796	3826	5145	0	202697
25805	4256	156485	2631	3167	0	166539
25806	142532	5716	6890	3094	0	158232
25807	7753	4179	3197	131461	0	146590
25808	3006	924	1367	128283	0	133580
25809	125904	772	1377	4751	0	132804
25810	3881	124786	1562	2641	0	132870
25811	2572	2993	1425	126265	0	133255
25812	2273	1585	1442	128104	0	133404
25813	2176	1149	1538	128911	0	133774
25814	124679	901	1362	4677	0	131619
25815	4266	840	1304	126158	0	132568
25816	2501	935	121329	3762	0	128527
25817	119187	976	2834	2480	0	125477
25818	4184	1246	1622	121215	0	128267
25819	2371	857	121728	3209	0	128165
25820	1997	117637	2829	2020	0	124483
25821	1354	114586	1269	1313	0	118522
25822	107473	2785	2418	1586	0	114262
25823	106379	903	996	1220	0	109498
25824	2190	109397	498	683	0	112768
25825	1399	1700	404	115538	0	119041
25826	120476	542	383	2855	0	124256
25827	2816	364	374	128872	0	132426
25828	1630	311	381	134689	0	137011
25829	1203	301	380	136610	0	138494
25830	986	321	441	135589	0	137337
25831	602	132655	500	4465	0	138222
25832	829	2561	428	135557	0	139375
25833	859	1159	411	136050	0	138479
25834	821	824	384	137250	0	139279
25835	665	713	131453	4660	0	137491
25836	412	131784	2675	2586	0	137457
25837	803	3043	1241	133170	0	138257
25838	435	1297	131468	3609	0	136809
25839	513	936	124223	2030	0	127702
25840	359	130018	3551	1444	0	135372
25841	128315	2879	1785	1516	0	134495
25842	2762	1240	1055	130255	0	135312
25843	129881	825	680	3543	0	134929
25844	3016	132170	595	1852	0	137633
25845	1760	2898	419	133810	0	138887
25846	128453	1314	368	3846	0	133981
25847	131697	907	370	2205	0	135179
25848	4028	650	351	131196	0	136225
25849	2251	557	407	131537	0	134752
25850	1271	623	130027	4169	0	136090
25851	1267	442	2642	129807	0	134158
25852	1029	837	1317	133862	0	137045
25853	129367	450	925	4837	0	135579
25854	2781	130585	664	2605	0	136635
25855	1520	2659	128414	1821	0	134414
25856	123572	1237	2454	1991	0	129254
25857	3085	129741	1149	1264	0	135239
25858	1912	2787	735	130158	0	135592
25859	129467	1290	575	3607	0	134939
25860	3345	849	433	128934	0	133561
25861	1894	651	404	130171	0	133120
25862	1135	629	127450	4420	0	133634
25863	1091	498	2471	128954	0	133014
25864	128527	419	1261	4547	0	134754
25865	3055	382	871	130383	0	134691
25866	127367	470	616	4566	0	133019
25867	3347	123827	581	2510	0	130265
25868	1798	128709	528	2026	0	133061
25869	1583	3306	535	129126	0	134550
25870	1300	1757	425	130564	0	134046
25871	125366	1316	410	4678	0	131770
25872	2865	125569	437	2856	0	131727
25873	127358	2842	344	2536	0	133080
25874	129004	1391	408	2177	0	132980
25875	4159	1040	402	127849	0	133450
25876	128402	806	503	3930	0	133641
25877	3967	779	122223	2204	0	129173
25878	2542	605	2595	124727	0	130469
25879	1748	663	126278	3791	0	132480
25880	1612	628	3119	127930	0	133289
25881	126256	690	1567	4492	0	133005
25882	128193	686	1056	2929	0	132864
25883	4052	126964	824	2264	0	134104
25884	2585	2910	539	128045	0	134079
25885	2152	1476	469	128704	0	132801
25886	1590	127544	526	4565	0	134225
25887	1708	3139	398	131552	0	136797
25888	1498	1551	441	131601	0	135091
25889	1111	128627	555	5083	0	135376
25890	125462	3021	434	3478	0	132395
25891	126763	1551	533	2820	0	131667
25892	4181	1191	526	126398	0	132296
25893	2526	951	579	127769	0	131825
25894	1799	981	124586	4859	0	132225
25895	1863	875	2587	122490	0	127815
25896	1426	123187	1385	4337	0	130335
25897	125827	2887	974	2962	0	132650
25898	3381	1638	675	126196	0	131890
25899	2020	1256	553	125771	0	129600
25900	121991	1034	498	5151	0	128674
25901	3433	122078	516	3200	0	129227
25902	2240	2873	449	126108	0	131670
25903	1916	1609	435	125944	0	129904
25904	1602	123739	532	4736	0	130609
25905	124084	3026	467	3280	0	130857
25906	3519	1684	122290	2459	0	129952
25907	2036	1285	122768	2122	0	128211
25908	1852	1036	3450	124841	0	131179
25909	1337	901	124445	3853	0	130536
25910	121356	851	3256	2704	0	128167
25911	3613	670	1639	125803	0	131725
25912	2055	706	127345	4000	0	134106
25913	1840	781	124696	2529	0	129846
25914	1518	128562	3394	2115	0	135589
25915	128273	2705	1744	2062	0	134784
25916	3094	129647	1273	1696	0	135710
25917	130600	2918	1215	1936	0	136669
25918	130730	1582	880	1891	0	135083
25919	3609	127657	765	1427	0	133458
25920	128130	2590	678	1508	0	132906
25921	126255	1401	621	1478	0	129755
25922	3969	1197	124182	1196	0	130544
25923	2865	5294	2140	115271	0	125570
25924	1658	113377	1101	2220	0	118356
25925	983	111255	674	1236	0	114148
25926	2498	3338	1170	101949	0	108955
25927	96672	864	760	2238	0	100534
25928	1027	265	155	95057	0	96504
25929	591	217	151	97639	0	98598
25930	510	189	120	100602	0	101421
25931	326	104587	180	1467	0	106560
25932	548	1212	126	111773	0	113659
25933	362	632	117634	1667	0	120295
25934	113195	421	1682	1109	0	116407
25935	123581	216	648	884	0	125329
25936	2537	121703	428	420	0	125088
25937	124525	1925	226	592	0	127268
25938	2715	754	168	125939	0	129576
25939	1008	517	125121	2032	0	128678
25940	119904	270	1868	1172	0	123214
25941	2224	126137	713	577	0	129651
25942	1129	1989	354	126764	0	130236
25943	130416	690	242	2532	0	133880
25944	2141	129499	262	924	0	132826
25945	865	132092	295	630	0	133882
25946	131511	2604	190	822	0	135127
25947	2411	1237	126788	359	0	130795
25948	129183	672	1946	617	0	132418
25949	2848	480	732	129217	0	133277
25950	1496	432	473	130423	0	132824
25951	930	465	128272	2670	0	132337
25952	769	449	125966	1201	0	128385
25953	1031	332	2699	129671	0	133733
25954	717	375	128039	2403	0	131534
25955	638	474	127268	1130	0	129510
25956	1045	310	2869	127558	0	131782
25957	907	353	1315	130739	0	133314
25958	130689	359	870	3154	0	135072
25959	2687	386	610	131096	0	134779
25960	131158	363	526	3099	0	135146
25961	2676	130642	579	1437	0	135334
25962	1678	2199	449	133815	0	138141
25963	1017	1052	135771	2611	0	140451
25964	134017	699	2266	1639	0	138621
25965	139742	458	1003	1349	0	142552
25966	141007	432	779	1086	0	143304
25967	139114	409	565	1099	0	141187
25968	138829	353	601	967	0	140750
25969	3870	348	623	135734	0	140575
25970	1874	319	133991	2622	0	138806
25971	1329	327	131952	1375	0	134983
25972	1047	322	135370	1032	0	137771
25973	130431	326	3349	1218	0	135324
25974	137992	268	1593	1033	0	140886
25975	3541	301	1038	133489	0	138369
25976	1714	139111	878	2482	0	144185
25977	1498	2237	746	142469	0	146950
25978	1091	977	141773	2963	0	146804
25979	1114	687	137780	1464	0	141045
25980	131858	441	3276	1482	0	137057
25981	3249	463	145067	893	0	149672
25982	1940	443	3005	144655	0	150043
25983	150225	281	1409	3374	0	155289
25984	145623	378	1140	1897	0	149038
25985	153623	294	915	1366	0	156198
25986	155031	292	816	1222	0	157361
25987	4500	354	149927	742	0	155523
25988	146883	277	2956	1082	0	151198
25989	3987	151423	1472	804	0	157686
25990	2347	2549	1007	153914	0	159817
25991	1739	1072	153910	2928	0	159649
25992	1726	708	3083	152932	0	158449
25993	1384	668	156542	3366	0	161960
25994	1573	497	3404	154234	0	159708
25995	1398	502	1714	157746	0	161360
25996	1298	528	154927	4051	0	160804
25997	1571	391	3328	153791	0	159081
25998	156671	353	1691	4177	0	162892
25999	3703	418	1254	158297	0	163672
26000	2091	396	1098	160767	0	164352
26001	158235	364	1039	4677	0	164315
26002	3690	158345	1107	2202	0	165344
26003	160914	2705	974	1980	0	166573
26004	3887	161085	1032	1276	0	167280
26005	165363	3020	876	1774	0	171033
26006	4085	1403	163674	1158	0	170320
26007	2483	825	3094	163071	0	169473
26008	1824	634	1601	166327	0	170386
26009	164441	484	1285	4574	0	170784
26010	3485	161613	1312	2251	0	168661
26011	2120	2672	1053	162604	0	168449
26012	1620	1101	1081	162140	0	165942
26013	1229	156798	1094	4382	0	163503
26014	156595	2726	987	2837	0	163145
26015	3432	157336	966	1905	0	163639
26016	2067	2963	841	157929	0	163800
26017	1850	1179	766	154957	0	158752
26018	1369	152964	800	4125	0	159258
26019	151939	2900	741	2653	0	158233
26020	3587	1434	148757	1752	0	155530
26021	145913	963	3002	1804	0	151682
26022	3873	150487	1524	1370	0	157254
26023	2266	2818	1016	153666	0	159766
26024	154884	1221	786	3782	0	160673
26025	3911	896	729	154635	0	160171
26026	2404	759	687	156757	0	160607
26027	156164	655	719	4750	0	162288
26028	3640	150852	804	2366	0	157662
26029	1888	155393	780	1668	0	159729
26030	153136	2704	738	1900	0	158478
26031	3187	1105	152299	1099	0	157690
26032	1441	147398	2143	984	0	151966
26033	2049	2622	1462	142710	0	148843
26034	799	741	162145	1645	0	165330
26035	927	937	2704	156519	0	161087
26036	160008	293	1062	3408	0	164771
26037	2801	163236	632	1340	0	168009
26038	1561	2767	411	157075	0	161814
26039	662	163714	379	2505	0	167260
26040	164789	2999	292	1618	0	169698
26041	168227	1261	265	1275	0	171028
26042	3960	169735	313	763	0	174771
26043	2002	3023	189	166217	0	171431
26044	900	171985	385	2820	0	176090
26045	175165	3586	263	1718	0	180732
26046	179218	1498	426	1233	0	182375
26047	5114	803	412	176007	0	182336
26048	2603	672	181	180042	0	183498
26049	1468	805	174062	4737	0	181072
26050	163882	662	3351	2680	0	170575
26051	4149	743	174336	1322	0	180550
26052	2405	607	3758	172977	0	179747
26053	174603	446	1527	4308	0	180884
26054	4107	177690	886	1818	0	184501
26055	174285	3814	633	1805	0	180537
26056	4241	1859	167535	1205	0	174840
26057	167175	1122	3113	1409	0	172819
26058	4736	177051	1359	915	0	184061
26059	178972	3814	811	1548	0	185145
26060	4598	181437	780	1492	0	188307
26061	2699	4210	640	180635	0	188184
26062	1674	2083	177139	4030	0	184926
26063	1508	1536	170458	1810	0	175312
26064	1735	1154	4710	172448	0	180047
26065	1502	1050	176478	4264	0	183294
26066	1941	984	4181	174207	0	181313
26067	1887	1016	1810	174915	0	179628
26068	1260	919	180082	5368	0	187629
26069	153447	873	4846	3318	0	162484
26070	179146	840	1798	2123	0	183907
26071	5401	176018	1124	1478	0	184021
26072	178095	3723	841	1615	0	184274
26073	5077	1805	813	177282	0	184977
26074	2419	1090	182282	4273	0	190064
26075	2144	977	4140	181364	0	188625
26076	1935	890	2066	184867	0	189758
26077	179777	643	1210	5853	0	187483
26078	3947	176005	1085	2814	0	183851
26079	2110	180710	834	1923	0	185577
26080	1867	4218	847	181632	0	188564
26081	1863	1940	905	178423	0	183131
26082	1542	176791	813	4628	0	183774
26083	1674	3808	632	176534	0	182648
26084	1592	2032	621	175154	0	179399
26085	1110	172274	689	5242	0	179315
26086	170729	3441	844	3238	0	178252
26087	3595	1650	1034	171809	0	178088
26088	1812	172501	929	4480	0	179722
26089	1713	3447	766	174520	0	180446
26090	171360	1781	805	4965	0	178911
26091	3697	172144	756	2639	0	179236
26092	174557	3873	528	2602	0	181560
26093	176085	2077	561	2362	0	181085
26094	5484	1545	464	178147	0	185640
26095	183196	1496	433	4921	0	190046
26096	185887	1222	463	3272	0	190844
26097	186852	1197	470	2473	0	190992
26098	187925	1111	594	2107	0	191737
26099	6023	902	594	185461	0	192980
26100	3324	977	518	189254	0	194073
26101	2263	1152	185277	5639	0	194331
26102	2619	935	3141	186743	0	193438
26103	2409	1061	1461	190788	0	195719
26104	1855	1274	185588	6113	0	194830
26105	180115	910	3867	3753	0	188645
26106	5269	901	1718	191178	0	199066
26107	2909	1051	191850	5501	0	201311
26108	181725	795	4386	3804	0	190710
26109	5881	980	205573	2292	0	214726
26110	3310	208411	5071	2168	0	218960
26111	2554	221522	2367	2076	0	228519
26112	2642	5747	1470	231145	0	241004
26113	1871	2688	249137	6344	0	260040
26114	246508	1608	6205	4230	0	258551
26115	264131	1181	2560	3441	0	271313
26116	8531	1319	259654	2152	0	271656
26117	260548	1024	6472	2647	0	270691
26118	270516	782	2928	2698	0	276924
26119	8877	266762	2313	1999	0	279951
26120	270737	5826	1896	2198	0	280657
26121	8850	2339	1789	267629	0	280607
26122	4185	1810	270183	6725	0	282903
26123	3705	1692	6116	257917	0	269430
26124	2401	269910	3030	6747	0	282088
26125	2324	281941	2247	3568	0	290080
26126	278856	7381	1868	3217	0	291322
26127	278857	3042	1798	2859	0	286556
26128	279045	2050	1933	2571	0	285599
26129	10235	1698	1651	273960	0	287544
26130	5706	2469	1702	270330	0	280207
26131	3739	269114	1739	8046	0	282638
26132	269749	6262	1632	5044	0	282687
26133	8212	274122	1920	3476	0	287730
26134	252641	4877	1275	2414	0	261207
26135	6683	252702	1525	1626	0	262536
26136	251617	4954	1794	1974	0	260339
26137	249335	2237	1140	1941	0	254653
26138	8380	2676	1073	245046	0	257175
26139	4480	252711	1262	4450	0	262903
26140	4090	4834	244605	2286	0	255815
26141	231228	2310	4075	3206	0	240819
26142	5776	238561	1857	1947	0	248141
26143	3231	4719	243644	1753	0	253347
26144	2446	2583	245389	1554	0	251972
26145	3067	2454	4280	234837	0	244638
26146	3100	1666	1354	232541	0	238661
26147	2396	244372	918	4116	0	251802
26148	250466	4470	440	2620	0	257996
26149	5785	2168	430	246618	0	255001
26150	3183	250574	652	4146	0	258555
26151	2785	263408	644	1968	0	268805
26152	2676	4901	255311	1739	0	264627
26153	2365	2994	253128	1387	0	259874
26154	245336	2360	4170	1787	0	253653
26155	5409	2123	257091	935	0	265558
26156	3706	1987	3950	250659	0	260302
26157	3310	1824	1606	259552	0	266292
26158	2211	1989	259229	4843	0	268272
26159	2850	1813	4122	252296	0	261081
26160	3066	1563	2111	244824	0	251564
26161	252692	1541	1744	5797	0	261774
26162	258396	1956	1856	2797	0	265005
26163	5482	1525	2127	255915	0	265049
26164	2614	251206	2276	4555	0	260651
26165	2037	264936	2035	2517	0	271525
26166	264305	4801	1988	2992	0	274086
26167	4867	2603	263661	2052	0	273183
26168	3196	1867	4502	262410	0	271975
26169	269545	1834	2276	6212	0	279867
26170	271540	2292	2096	3373	0	279301
26171	6273	2036	1794	270758	0	280861
26172	3110	1944	270470	5344	0	280868
26173	3102	2306	251544	2678	0	259630
26174	247778	1776	5931	3222	0	258707
26175	264528	1546	3558	3150	0	272782
26176	6469	262247	2910	2637	0	274263
26177	4015	270777	2567	2740	0	280099
26178	275565	5007	2532	3752	0	286856
26179	279032	2502	2128	4057	0	287719
26180	7717	2002	1830	280027	0	291576
26181	5317	1684	2004	282718	0	291723
26182	4659	1632	1812	286042	0	294145
26183	282461	1803	1835	7676	0	293775
26184	8020	2162	1596	282561	0	294339
26185	5031	2299	282172	5737	0	295239
26186	277985	2061	4837	3994	0	288877
26187	7489	2334	2347	285319	0	297489
26188	4454	2702	285774	5664	0	298594
26189	274197	2362	4717	4031	0	285307
26190	271175	2106	2596	4151	0	280028
26191	6880	290306	2385	3271	0	302842
26192	4582	297718	2442	2661	0	307403
26193	4534	5727	285041	2704	0	298006
26194	282780	3161	4451	3756	0	294148
26195	7276	296991	2510	2583	0	309360
26196	4872	5910	284990	2610	0	298382
26197	277182	2944	4482	3590	0	288198
26198	7816	306440	1943	2866	0	319065
26199	4333	6075	302699	3100	0	316207
26200	288075	3101	4977	3969	0	300122
26201	7517	302712	2035	2931	0	315195
26202	4559	5149	1547	300955	0	312210
26203	300479	2239	1783	7023	0	311524
26204	6322	299225	1786	4341	0	311674
26205	3991	6125	1893	297202	0	309211
26206	295289	1725	2098	6605	0	305717
26207	5731	1537	293767	3124	0	304159
26208	2659	287029	4990	2432	0	297110
26209	3032	4200	280842	1765	0	289839
26210	2708	3292	4213	269624	0	279837
26211	1818	1390	270287	3729	0	277224
26212	1375	254129	3380	1663	0	260547
26213	883	241959	1356	719	0	244917
26214	1348	2737	919	236912	0	241916
26215	1015	751	431	224959	0	227156
26216	822	468	372	230215	0	231877
26217	491	584	234733	2271	0	238079
26218	868	325	1919	233633	0	236745
26219	233590	325	660	3192	0	237767
26220	229098	350	430	1803	0	231681
26221	2581	505	237968	582	0	241636
26222	870	235256	2084	630	0	238840
26223	233441	1908	640	1592	0	237581
26224	2030	232757	647	660	0	236094
26225	231332	2072	457	1498	0	235359
26226	230872	699	393	1534	0	233498
26227	2623	634	229124	528	0	232909
26228	979	232469	2169	664	0	236281
26229	1156	2018	669	233989	0	237832
26230	807	823	234141	2021	0	237792
26231	220872	605	2201	1417	0	225095
26232	2770	642	671	231101	0	235184
26233	1021	554	227477	1989	0	231041
26234	213158	401	2093	1762	0	217414
26235	2549	639	231650	468	0	235306
26236	1635	540	2265	230737	0	235177
26237	242319	380	848	3360	0	246907
26238	2573	248322	701	1007	0	252603
26239	1230	2418	251479	631	0	255758
26240	243516	834	2561	1611	0	248522
26241	264831	551	969	1561	0	267912
26242	3542	271455	882	625	0	276504
26243	2080	2923	567	273867	0	279437
26244	1658	1155	480	272209	0	275502
26245	268291	786	469	4962	0	274508
26246	3996	575	498	270484	0	275553
26247	1603	659	270688	3765	0	276715
26248	1734	431	3264	266389	0	271818
26249	265758	424	1245	5054	0	272481
26250	3479	262930	987	1834	0	269230
26251	2049	3462	590	254450	0	260551
26252	1072	261808	691	3490	0	267061
26253	263977	3974	541	2357	0	270849
26254	4635	1484	476	281910	0	288505
26255	2359	1048	507	286944	0	290858
26256	1185	289058	670	6054	0	296967
26257	1084	5169	284044	2559	0	292856
26258	1948	1779	4854	279568	0	288149
26259	1586	1299	1717	288244	0	292846
26260	1598	883	1159	286138	0	289778
26261	841	283689	969	6832	0	292331
26262	1052	5191	284039	2946	0	293228
26263	974	2336	283589	1892	0	288791
26264	279839	1331	6332	2545	0	290047
26265	288356	945	2504	2377	0	294182
26266	6847	939	289492	1252	0	298530
26267	277849	606	5609	2520	0	286584
26268	6404	944	292396	1400	0	301144
26269	277796	820	6172	2358	0	287146
26270	5977	291373	2755	1335	0	301440
26271	295190	5154	1740	2424	0	304508
26272	6882	2138	297384	1360	0	307764
26273	2864	1728	302070	1368	0	308030
26274	3012	1181	7130	322460	0	333783
26275	332735	919	3189	9059	0	345902
26276	8415	359039	2505	3177	0	373136
26277	3638	9027	407756	1939	0	422360
26278	4663	2831	12268	410896	0	430658
26279	3536	1641	4140	436668	0	445985
26280	424314	1170	2600	16780	0	444864
26281	433631	1041	1889	6532	0	443093
26282	17569	1077	1451	426551	0	446648
26283	430019	1257	1354	15130	0	447760
26284	15725	1479	417879	4944	0	440027
26285	7624	1016	12852	412667	0	434159
26286	5383	927	4483	432408	0	443201
26287	424129	1021	2738	18194	0	446082
26288	428543	1141	2090	7589	0	439363
26289	18238	1360	1773	421220	0	442591
26290	422089	1124	2010	16151	0	441374
26291	15932	1275	408450	6408	0	432065
26292	6218	404304	13096	5174	0	428792
26293	4625	12147	409027	3877	0	429676
26294	5805	5059	13875	410545	0	435284
26295	402903	2148	5201	16062	0	426314
26296	14527	401030	3562	6222	0	425341
26297	7523	12455	2846	391483	0	414307
26298	5776	4157	2643	388273	0	400849
26299	3462	391266	2630	16578	0	413936
26300	5028	13365	2248	396401	0	417042
26301	5315	4896	2404	403882	0	416497
26302	5259	2732	2193	408358	0	418542
26303	5249	2024	2148	406643	0	416064
26304	5309	1697	2531	400132	0	409669
26305	3938	383800	2914	20116	0	410768
26306	5118	12539	2741	394047	0	414445
26307	5552	4373	2543	400460	0	412928
26308	4358	3114	378953	20233	0	406658
26309	4023	378030	13476	10251	0	405780
26310	5308	13463	4804	384465	0	408040
26311	5282	4663	3473	390403	0	403821
26312	5514	3382	2802	387313	0	399011
26313	4196	373587	3056	21447	0	402286
26314	4597	13049	373701	11638	0	402985
26315	5829	4807	13792	384923	0	409351
26316	4326	3808	380134	19168	0	407436
26317	4158	3040	377335	10400	0	394933
26318	4888	3019	16857	378689	0	403453
26319	377924	2670	7153	20080	0	407827
26320	15452	2870	4530	380452	0	403304
26321	7450	2666	3831	377198	0	391145
26322	5040	375781	3678	20831	0	405330
26323	5293	13318	2967	388623	0	410201
26324	5093	5147	4150	397571	0	411961
26325	3724	3817	386031	22946	0	416518
26326	3625	383426	13848	12636	0	413535
26327	4098	13848	6213	394440	0	418599
26328	379306	5645	4692	21090	0	410733
26329	13899	4579	380607	11480	0	410565
26330	6823	3633	14589	385223	0	410268
26331	5200	3230	6189	396993	0	411612
26332	378226	3225	4438	23886	0	409775
26333	14225	377830	3715	13625	0	409395
26334	373106	13985	2931	12875	0	402897
26335	14430	372985	3111	11173	0	401699
26336	6837	14939	3056	377237	0	402069
26337	366249	6225	3009	22234	0	397717
26338	14712	4516	361709	12823	0	393760
26339	6757	351284	13926	10922	0	382889
26340	4926	363870	6738	10302	0	385836
26341	339446	15357	5454	9837	0	370094
26342	14163	6477	4698	330951	0	356289
26343	6419	324499	4184	18891	0	353993
26344	5354	342015	3555	12318	0	363242
26345	5979	15052	3176	340556	0	364763
26346	5767	7145	2742	350087	0	365741
26347	331438	5223	3152	22221	0	362034
26348	14278	330489	3575	12710	0	361052
26349	7128	14124	4316	335935	0	361503
26350	5337	6508	327715	18386	0	357946
26351	4778	327188	13733	11427	0	357126
26352	4846	13461	323630	9939	0	351876
26353	4776	321572	13794	9213	0	349355
26354	6176	13517	6852	305276	0	331821
26355	4977	5487	3017	302336	0	315817
26356	4058	297981	2882	17152	0	322073
26357	3582	12634	296211	9929	0	322356
26358	293655	6308	10696	9008	0	319667
26359	11478	5185	4776	305425	0	326864
26360	5549	4699	3511	314390	0	328149
26361	3837	4977	302286	17421	0	328521
26362	3849	5096	11003	307097	0	327045
26363	2967	4990	303201	16858	0	328016
26364	3339	5272	11425	305778	0	325814
26365	2785	4738	308055	16695	0	332273
26366	2365	309619	11481	11102	0	334567
26367	2434	13184	316848	9621	0	342087
26368	3315	6748	11576	322517	0	344156
26369	314462	5102	4584	18682	0	342830
26370	11380	312654	3541	10587	0	338162
26371	6088	14202	3326	313122	0	336738
26372	3978	6321	305714	16165	0	332178
26373	2475	306549	12423	9578	0	331025
26374	3675	13651	5306	277104	0	299736
26375	2113	5623	277362	11648	0	296746
26376	1461	242796	8281	5225	0	257763
26377	180262	6640	5226	4308	0	196436
26378	168754	1761	1742	2049	0	174306
26379	3434	729	503	168151	0	172817
26380	168241	573	536	3567	0	172917
26381	3046	480	533	166601	0	170660
26382	1396	423	413	170209	0	172441
26383	693	649	172848	3547	0	177737
26384	969	510	2581	168794	0	172854
26385	815	469	938	173241	0	175463
26386	168660	459	569	4431	0	174119
26387	165799	425	437	2507	0	169168
26388	3120	167629	538	1090	0	172377
26389	1225	2794	168291	821	0	173131
26390	1160	1298	2667	165991	0	171116
26391	680	740	164870	2975	0	169265
26392	149580	436	2665	2137	0	154818
26393	2809	559	158285	931	0	162584
26394	1570	541	2394	152432	0	156937
26395	571	155517	1080	2543	0	159711
26396	794	2262	680	155533	0	159269
26397	745	902	613	155392	0	157652
26398	423	608	157191	3286	0	161508
26399	883	380	2426	155355	0	159044
26400	153685	375	1032	3695	0	158787
26401	154286	400	619	2045	0	157350
26402	154417	398	531	1688	0	157034
26403	155096	323	546	1751	0	157716
26404	3053	150927	609	1066	0	155655
26405	1240	153546	729	927	0	156442
26406	1420	2661	621	146883	0	151585
26407	940	910	617	153296	0	155763
26408	668	147467	621	3258	0	152014
26409	905	2201	392	153338	0	156836
26410	1006	967	399	154066	0	156438
26411	1004	676	487	153638	0	155805
26412	896	531	588	152900	0	154915
26413	842	493	540	154947	0	156822
26414	149548	482	505	4592	0	155127
26415	2653	147642	577	1852	0	152724
26416	1336	2496	146085	1292	0	151209
26417	1175	1084	2423	145698	0	150380
26418	834	853	1051	148080	0	150818
26419	717	714	689	146739	0	148859
26420	144490	636	588	4833	0	150547
26421	2664	159954	655	2193	0	165466
26422	1638	3531	577	160145	0	165891
26423	985	167312	704	5021	0	174022
26424	1364	4981	531	163418	0	170294
26425	956	163915	558	5569	0	170998
26426	971	5569	176241	2774	0	185555
26427	1580	2119	5595	187731	0	197025
26428	938	1645	230122	7094	0	239799
26429	1648	1072	8493	229565	0	240778
26430	1809	942	2989	255603	0	261343
26431	251561	880	1867	13038	0	267346
26432	256283	941	1072	6406	0	264702
26433	262220	945	1044	4262	0	268471
26434	261344	921	1063	3439	0	266767
26435	263246	871	1164	3074	0	268355
26436	13843	929	1188	245361	0	261321
26437	5316	252921	1361	10222	0	269820
26438	4556	9090	1073	252062	0	266781
26439	2609	3509	247287	11644	0	265049
26440	245385	2203	8864	5848	0	262300
26441	259972	1146	3202	4237	0	268557
26442	14091	836	2089	252044	0	269060
26443	7306	927	1159	250973	0	260365
26444	4507	243056	1103	12690	0	261356
26445	4239	8615	871	251964	0	265689
26446	3719	3424	943	251955	0	260041
26447	2776	246125	1155	13150	0	263206
26448	3655	9173	1124	254685	0	268637
26449	241957	3338	1212	13861	0	260368
26450	10511	2725	243700	5907	0	262843
26451	240127	1751	9034	5878	0	256790
26452	11292	1649	245016	4377	0	262334
26453	5527	1575	10336	241349	0	258787
26454	4452	1622	3660	238531	0	248265
26455	2787	233711	2505	13494	0	252497
26456	2618	249270	1800	7076	0	260764
26457	3909	11791	1394	238432	0	255526
26458	2952	4701	238990	11797	0	258440
26459	232508	2549	9646	6211	0	250914
26460	11490	1685	3946	234720	0	251841
26461	4736	235047	3128	11797	0	254708
26462	4941	9395	1778	239651	0	255765
26463	4224	4264	1419	238912	0	248819
26464	3403	232420	1375	13720	0	250918
26465	4699	10001	1301	226980	0	242981
26466	3318	3596	212561	11595	0	231070
26467	2728	2990	210830	5285	0	221833
26468	3201	2727	8985	200758	0	215671
26469	1832	212066	3902	8953	0	226753
26470	2299	8278	2304	215404	0	228285
26471	214121	3407	1404	11333	0	230265
26472	220357	2612	1348	5754	0	230071
26473	213694	1738	1223	5067	0	221722
26474	10686	208877	1446	3528	0	224537
26475	4408	7851	209091	3549	0	224899
26476	206773	3457	7964	3894	0	222088
26477	215105	2973	3241	3896	0	225215
26478	9807	209108	2333	3913	0	225161
26479	5360	8432	1455	210898	0	226145
26480	212382	3813	1527	10037	0	227759
26481	216223	2806	1590	5236	0	225855
26482	219948	2030	1851	4065	0	227894
26483	12915	1682	2156	207655	0	224408
26484	213445	1738	2085	9959	0	227227
26485	11629	1511	2095	212277	0	227512
26486	6413	1759	1594	218761	0	228527
26487	213192	2097	1325	12821	0	229435
26488	11316	2261	1508	213938	0	229023
26489	213378	2029	1565	12419	0	229391
26490	12999	1689	1790	213221	0	229699
26491	7608	1842	1664	221115	0	232229
26492	213946	1974	1321	14758	0	231999
26493	12269	2075	207324	8772	0	230440
26494	8031	1991	7911	216840	0	234773
26495	7511	1764	3443	220861	0	233579
26496	6696	1696	2599	219622	0	230613
26497	6367	1993	1823	223339	0	233522
26498	5835	1853	1771	217637	0	227096
26499	5219	208198	2052	15692	0	231161
26500	5662	8405	1988	217333	0	233388
26501	5595	3942	209837	13793	0	233167
26502	6062	3177	8246	217157	0	234642
26503	5893	2205	3514	222355	0	233967
26504	5717	2204	2372	227720	0	238013
26505	4713	2430	213482	16606	0	237231
26506	4044	2904	212463	10188	0	229599
26507	208909	2791	10462	8395	0	230557
26508	216949	2321	5275	7705	0	232250
26509	12281	220378	3521	6889	0	243069
26510	7490	9067	2293	229128	0	247978
26511	5580	4469	2152	240540	0	252741
26512	4475	3396	2511	244788	0	255170
26513	234628	2457	2669	16784	0	256538
26514	242879	2182	2899	10015	0	257975
26515	12920	2252	2642	241861	0	259675
26516	6976	2574	2353	245459	0	257362
26517	5688	2805	1967	248065	0	258525
26518	4364	2758	2182	248182	0	257486
26519	234170	2695	2379	17238	0	256482
26520	10064	2347	228423	10626	0	251460
26521	5047	197589	7379	8169	0	218184
26522	3860	202330	2987	6475	0	215652
26523	194901	6592	2221	6128	0	209842
26524	7624	6897	2376	191784	0	208681
26525	3606	2755	189282	9635	0	205278
26526	2675	2174	171325	5843	0	182017
26527	1854	176980	5425	5171	0	189430
26528	135005	1856	2534	2203	0	141598
26529	1912	655	133045	1431	0	137043
26530	112216	704	1438	824	0	115182
26531	928	182	360	116478	0	117948
26532	448	130	148	116792	0	117518
26533	283	114589	145	1055	0	116072
26534	230	117885	194	547	0	118856
26535	118732	655	131	718	0	120236
26536	118316	250	134	605	0	119305
26537	770	118580	162	395	0	119907
26538	328	603	116147	283	0	117361
26539	288	369	115970	255	0	116882
26540	372	332	717	118463	0	119884
26541	122432	129	385	923	0	123869
26542	700	120632	243	444	0	122019
26543	423	550	131	125920	0	127024
26544	126416	246	131	1055	0	127848
26545	785	175	185	127739	0	128884
26546	516	102	112	130477	0	131207
26547	130366	117	90	1402	0	131975
26548	823	129520	160	632	0	131135
26549	414	135468	163	440	0	136485
26550	400	998	137870	288	0	139556
26551	450	404	732	140100	0	141686
26552	477	207	351	139231	0	140266
26553	237	234	143147	1143	0	144761
26554	123502	165	842	1345	0	125854
26555	132070	143	385	903	0	133501
26556	1092	213	142152	328	0	143785
26557	119923	182	910	1037	0	122052
26558	1039	219	145348	294	0	146900
26559	509	150058	945	374	0	151886
26560	525	791	407	157519	0	159242
26561	432	391	282	161204	0	162309
26562	160269	247	208	1694	0	162418
26563	158197	188	190	1111	0	159686
26564	157674	153	210	867	0	158904
26565	158743	145	201	785	0	159874
26566	157557	118	195	913	0	158783
26567	1303	275	153128	355	0	155061
26568	664	155189	840	390	0	157083
26569	572	843	395	157852	0	159662
26570	381	156892	368	762	0	158403
26571	316	159465	282	524	0	160587
26572	533	972	195	158570	0	160270
26573	428	495	194	159011	0	160128
26574	380	435	156260	1049	0	158124
26575	143048	206	766	1236	0	145256
26576	155884	177	380	953	0	157394
26577	1055	153917	310	348	0	155630
26578	156240	655	208	758	0	157861
26579	160455	352	199	848	0	161854
26580	1171	276	189	160653	0	162289
26581	588	315	166239	775	0	167917
26582	585	339	162361	480	0	163765
26583	162969	158	763	838	0	164728
26584	165779	158	401	774	0	167112
26585	964	163130	308	289	0	164691
26586	570	169655	232	257	0	170714
26587	528	843	133	175859	0	177363
26588	175352	439	128	1441	0	177360
26589	905	446	174845	497	0	176693
26590	714	203	835	178663	0	180415
26591	183225	147	366	1604	0	185342
26592	182932	281	312	1196	0	184721
26593	1375	180	174	186797	0	188526
26594	187002	131	193	1818	0	189144
26595	1279	326	179036	484	0	181125
26596	731	352	187244	383	0	188710
26597	993	173	1158	186583	0	188907
26598	581	147	553	196930	0	198211
26599	554	268	363	196136	0	197321
26600	316	192434	324	1377	0	194451
26601	411	197645	245	751	0	199052
26602	525	1129	184	199386	0	201224
26603	199843	580	201	2066	0	202690
26604	1246	325	200	203376	0	205147
26605	810	183	254	203009	0	204256
26606	443	200698	342	1461	0	202944
26607	306	206325	323	869	0	207823
26608	467	1194	176	208597	0	210434
26609	491	652	156	200626	0	201925
26610	196939	397	97	2229	0	199662
26611	1004	193922	233	845	0	196004
26612	195097	961	121	1422	0	197601
26613	1405	488	121	196998	0	199012
26614	660	565	192649	1132	0	195006
26615	577	528	184975	736	0	186816
26616	191544	352	1376	1190	0	194462
26617	1253	297	556	201134	0	203240
26618	852	250	329	200479	0	201910
26619	644	190	191	203580	0	204605
26620	395	337	204496	1607	0	206835
26621	643	200	1005	205327	0	207175
26622	324	205427	630	1577	0	207958
26623	504	1124	367	212877	0	214872
26624	556	501	238	211902	0	213197
26625	387	215108	332	1791	0	217618
26626	579	1411	191	220113	0	222294
26627	213377	496	190	3030	0	217093
26628	1771	213552	358	1018	0	216699
26629	221553	1938	192	1692	0	225375
26630	224414	734	212	1366	0	226726
26631	3388	500	142	223965	0	227995
26632	1827	405	159	220884	0	223275
26633	1129	308	114	228158	0	229709
26634	613	426	219961	3641	0	224641
26635	498	213294	2315	1755	0	217862
26636	430	222793	904	1100	0	225227
26637	857	2786	411	220308	0	224362
26638	216981	1052	304	3423	0	221760
26639	3006	613	232	215839	0	219690
26640	1184	718	218658	3054	0	223614
26641	705	211827	2335	1571	0	216438
26642	546	219338	947	1060	0	221891
26643	216984	2738	514	1807	0	222043
26644	220042	1070	459	1749	0	223320
26645	2834	232322	467	959	0	236582
26646	233924	2480	289	1929	0	238622
26647	3126	1154	228473	688	0	233441
26648	1357	1092	222471	611	0	225531
26649	229068	695	3365	1416	0	234544
26650	236515	498	1197	1421	0	239631
26651	4411	460	586	235604	0	241061
26652	235359	449	381	4323	0	240512
26653	3981	667	233191	1174	0	239013
26654	1734	729	243457	876	0	246796
26655	2282	613	4166	270602	0	277663
26656	1689	461	1490	304472	0	308112
26657	1765	321	882	316810	0	319778
26658	2343	544	776	317529	0	321192
26659	2083	426	499	343669	0	346677
26660	1084	594	333820	10569	0	346067
26661	2008	381	6925	333242	0	342556
26662	333813	345	2423	11249	0	347830
26663	8359	341	1496	338591	0	348787
26664	335104	273	1215	11857	0	348449
26665	9244	319	1013	338640	0	349216
26666	341412	428	1185	12413	0	355438
26667	354199	490	1204	7179	0	363072
26668	11387	496	1219	350237	0	363339
26669	6025	489	1127	358410	0	366051
26670	351167	449	979	13548	0	366143
26671	351715	423	864	8144	0	361146
26672	12012	774	348947	5605	0	367338
26673	7828	564	7169	351332	0	366893
26674	6246	508	2491	365540	0	374785
26675	359679	538	1661	13238	0	375116
26676	365962	616	1276	7517	0	375371
26677	13386	493	1122	364779	0	379780
26678	7838	430	1360	370506	0	380134
26679	6469	405	1383	370093	0	378350
26680	5692	494	1428	365108	0	372722
26681	3874	340165	1817	15708	0	361564
26682	3315	352828	1642	8869	0	366654
26683	4578	8342	1100	353054	0	367074
26684	3620	353176	1406	12304	0	370506
26685	4157	8216	1207	361390	0	374970
26686	2650	3413	352692	14005	0	372760
26687	2334	2974	339817	9158	0	354283
26688	2330	355241	8932	7887	0	374390
26689	3676	8842	3403	356040	0	371961
26690	2446	4247	354753	12651	0	374097
26691	3302	3167	8586	350308	0	365363
26692	3345	2554	3717	364300	0	373916
26693	354058	2184	3316	15894	0	375452
26694	10305	2187	2976	364479	0	379947
26695	4798	2320	367523	13801	0	388442
26696	4366	2077	363084	8482	0	378009
26697	4116	359162	10529	7846	0	381653
26698	3856	387658	5149	7405	0	404068
26699	390430	8701	4066	8660	0	411857
26700	10810	3511	410656	6839	0	431816
26701	6957	2380	9569	412795	0	431701
26702	415002	1856	4499	14425	0	435782
26703	413520	1619	4049	9249	0	428437
26704	12085	416343	3922	7203	0	439553
26705	8018	8673	3085	415933	0	435709
26706	6756	3695	2742	433508	0	446701
26707	6161	2904	2413	432145	0	443623
26708	422277	2259	2563	16884	0	443983
26709	11388	2321	413365	9739	0	436813
26710	6095	423855	8848	8622	0	447420
26711	6173	9125	3385	427881	0	446564
26712	5488	4305	2777	439296	0	451866
26713	4197	3677	426956	15945	0	450775
26714	4762	2923	8983	425225	0	441893
26715	4406	2649	3958	439299	0	450312
26716	4592	2630	3385	439877	0	450484
26717	4338	2622	3368	439296	0	449624
26718	2974	3039	424819	18628	0	449460
26719	3559	2558	9851	427916	0	443884
26720	2580	2479	428954	18222	0	452235
26721	2758	423643	11131	12408	0	449940
26722	3653	7946	5731	434525	0	451855
26723	3669	3576	4805	444406	0	456456
26724	3354	2892	428573	18718	0	453537
26725	3288	420065	9883	13771	0	447007
26726	4568	8523	5455	424627	0	443173
26727	4156	3700	424173	14975	0	447004
26728	3755	417258	9465	10906	0	441384
26729	4233	8034	4797	425257	0	442321
26730	4545	4165	421823	13318	0	443851
26731	5345	3400	8723	419445	0	436913
26732	5147	2824	5178	416826	0	429975
26733	4109	2722	4611	434383	0	445825
26734	422874	3048	3617	16115	0	445654
26735	9007	419300	3545	10886	0	442738
26736	421883	7597	3422	10443	0	443345
26737	9652	3919	421409	9171	0	444151
26738	425681	3097	8238	11500	0	448516
26739	451193	2671	4221	10741	0	468826
26740	11337	2419	3527	452158	0	469441
26741	455159	2852	3228	15179	0	476418
26742	457095	3125	2941	11401	0	474562
26743	463276	2863	2693	10905	0	479737
26744	12153	2950	2790	460821	0	478714
26745	7561	2882	2566	452858	0	465867
26746	5255	2707	432710	13246	0	453918
26747	5016	2664	408052	9264	0	424996
26748	417371	2296	8341	9050	0	437058
26749	9003	4057	4846	429156	0	447062
26750	4630	431503	4900	10559	0	451592
26751	432183	6012	4630	9198	0	452023
26752	7601	426939	3568	7537	0	445645
26753	4314	427396	3614	7775	0	443099
26754	5406	7886	404951	7261	0	425504
26755	3333	3135	397521	4397	0	408386
26756	4338	8095	6835	385473	0	404741
26757	2169	1521	403693	4938	0	412321
26758	1387	1379	366114	2108	0	370988
26759	346474	503	1788	2797	0	351562
26760	367903	244	743	2588	0	371478
26761	1618	316	467	372666	0	375067
26762	1266	274	445	375514	0	377499
26763	600	661	381319	1349	0	383929
26764	444	382176	1327	976	0	384923
26765	948	1086	547	386677	0	389258
26766	392354	453	445	3490	0	396742
26767	1521	360	371	393733	0	395985
26768	539	395975	658	1554	0	398726
26769	732	1401	389665	778	0	392576
26770	392	399355	1367	854	0	401968
26771	401235	1196	633	2895	0	405959
26772	393410	526	458	2455	0	396849
26773	2193	434	311	393722	0	396660
26774	848	655	399365	1443	0	402311
26775	1017	809	364988	1007	0	367821
26776	437	394281	2124	807	0	397649
26777	1617	1562	981	382815	0	386975
26778	881	634	512	399767	0	401794
26779	474	810	395533	1890	0	398707
26780	1348	281	1493	384329	0	387451
26781	365	402549	1044	1970	0	405928
26782	940	1993	456	410436	0	413825
26783	1065	746	389	408747	0	410947
26784	460	953	405991	2889	0	410293
26785	1491	477	2285	390823	0	395076
26786	392018	259	1054	5139	0	398470
26787	2581	653	390693	1088	0	395015
26788	1321	753	380636	750	0	383460
26789	543	399329	3498	715	0	404085
26790	1261	2733	1438	408727	0	414159
26791	1147	958	658	424397	0	427160
26792	391	886	416576	3858	0	421711
26793	388339	311	3509	3711	0	395870
26794	3751	249	1499	418324	0	423823
26795	1463	759	411595	3375	0	417192
26796	1847	357	3430	396606	0	402240
26797	525	653	410650	3944	0	415772
26798	699	704	395403	1862	0	398668
26799	383	398394	4807	1273	0	404857
26800	1321	3227	2039	377217	0	383804
26801	361	389628	1352	3133	0	394474
26802	377970	3526	780	4133	0	386409
26803	3259	1958	385475	962	0	391654
26804	1391	379277	3808	1030	0	385506
26805	1506	3222	1799	382662	0	389189
26806	377944	1465	1218	6054	0	386681
26807	3120	380230	1204	2053	0	386607
26808	2255	3476	730	384663	0	391124
26809	1587	1703	726	384243	0	388259
26810	444	385623	1074	4803	0	391944
26811	386252	3888	842	4731	0	395713
26812	4685	1843	814	430637	0	437979
26813	2827	1205	698	451301	0	456031
26814	1107	1343	446060	9033	0	457543
26815	621	468256	7303	4583	0	480763
26816	2103	7838	3381	474426	0	487748
26817	2401	3421	1943	526262	0	534027
26818	662	539222	1711	11787	0	553382
26819	2559	10568	815	543822	0	557764
26820	3308	4344	1172	564244	0	573068
26821	2947	2342	765	574726	0	580780
26822	529	574304	1292	16568	0	592693
26823	564608	11591	888	10748	0	587835
26824	11844	5684	570591	3871	0	591990
26825	544464	2525	11719	6485	0	565193
26826	12964	569853	5105	3448	0	591370
26827	6880	12046	2616	568513	0	590055
26828	2803	5983	571513	13178	0	593477
26829	4446	3385	12257	565915	0	586003
26830	3596	2264	5312	568551	0	579723
26831	3953	1809	2828	585958	0	594548
26832	1491	2923	574075	18624	0	597113
26833	1220	567034	12879	10311	0	591444
26834	1450	12770	576661	5840	0	596721
26835	1134	578493	14549	5114	0	599290
26836	1562	14816	587159	4016	0	607553
26837	3935	6054	14582	578100	0	602671
26838	561660	3737	6943	18043	0	590383
26839	11690	576022	4325	8121	0	600158
26840	4667	14294	576926	5683	0	601570
26841	2444	576022	13754	5492	0	597712
26842	2054	15615	581449	4679	0	603797
26843	4507	6822	15146	553880	0	580355
26844	4127	4695	6859	551956	0	567637
26845	1716	560179	5229	18140	0	585264
26846	1650	587258	4676	9381	0	602965
26847	579611	18502	3468	8959	0	610540
26848	15158	8873	4057	586878	0	614966
26849	6014	6718	588971	17042	0	618745
26850	6453	4351	14994	581605	0	607403
26851	3036	4843	590736	19252	0	617867
26852	2842	5282	587254	10281	0	605659
26853	4851	4247	19057	557709	0	585864
26854	2389	575392	10049	16566	0	604396
26855	556591	15536	6498	11818	0	590443
26856	15193	7780	5213	551814	0	580000
26857	7900	5876	4834	542477	0	561087
26858	3586	554122	5258	20600	0	583566
26859	544097	16440	4388	13319	0	578244
26860	552427	8715	4594	9776	0	575512
26861	19891	6086	4436	536328	0	566741
26862	8344	531214	5301	18557	0	563416
26863	4651	562199	5606	10821	0	583277
26864	545171	19690	4932	10251	0	580044
26865	14696	10735	546146	6640	0	578217
26866	526683	7032	16816	8089	0	558620
26867	537010	6002	8535	8589	0	560136
26868	536412	5612	5837	8491	0	556352
26869	19956	527456	4580	7203	0	559195
26870	10823	16471	4287	533041	0	564622
26871	530049	8823	4980	19021	0	562873
26872	533664	6775	4493	11548	0	556480
26873	19164	530018	5044	8208	0	562434
26874	534779	15894	4284	8216	0	563173
26875	17883	9055	4274	536065	0	567277
26876	9609	6933	4174	535553	0	556269
26877	6103	529599	4618	20235	0	560555
26878	7129	15893	4106	538502	0	565630
26879	6607	8884	4047	540474	0	560012
26880	5638	532541	4250	21596	0	564025
26881	6459	15621	3774	506893	0	532747
26882	4496	526068	4026	19296	0	553886
26883	521376	17158	3990	12470	0	554994
26884	508021	9352	3986	10773	0	532132
26885	18035	514063	3673	8345	0	544116
26886	9954	16024	506592	7299	0	539869
26887	7868	10679	12631	505281	0	536459
26888	6059	8040	502442	16269	0	532810
26889	5723	481175	14456	11152	0	512506
26890	5773	498321	7599	8565	0	520258
26891	471353	16408	4845	8067	0	500673
26892	14299	485599	4316	5829	0	510043
26893	9671	15129	3731	466274	0	494805
26894	6535	472561	4518	13162	0	496776
26895	6305	487801	3291	8352	0	505749
26896	476283	17877	3011	7636	0	504807
26897	16359	9100	3085	472560	0	501104
26898	8834	7317	467284	14261	0	497696
26899	6466	6649	458225	9232	0	480572
26900	5476	468852	14642	7370	0	496340
26901	461772	15128	6785	8152	0	491837
26902	13730	472741	5484	4966	0	496921
26903	8691	17003	3438	477097	0	506229
26904	475038	9321	3874	15939	0	504172
26905	16033	7191	3114	480940	0	507278
26906	8973	6707	3165	483281	0	502126
26907	6619	478852	2933	18631	0	507035
26908	7685	15795	2435	486193	0	512108
26909	5040	9609	484286	16473	0	515408
26910	477922	6297	12771	11048	0	508038
26911	14209	497719	6285	7898	0	526111
26912	5657	489811	3798	5271	0	504537
26913	460672	12911	2627	5552	0	481762
26914	12794	6773	463952	3748	0	487267
26915	429527	6184	11768	5216	0	452695
26916	11540	484715	4436	3276	0	503967
26917	3716	519285	2535	2277	0	527813
26918	2680	15183	518647	1642	0	538152
26919	1971	527853	13347	2171	0	545342
26920	4882	14571	5500	477232	0	502185
26921	3775	6100	2236	481056	0	493167
26922	1074	494729	1454	13096	0	510353
26923	3279	12262	856	497891	0	514288
26924	497371	5446	826	14460	0	518103
26925	11639	3986	492855	4953	0	513433
26926	487519	2784	11240	5052	0	506595
26927	505933	2421	4589	4318	0	517261
26928	504786	2458	2721	3973	0	513938
26929	17586	3191	494651	1872	0	517300
26930	10022	2541	11946	491229	0	515738
26931	4395	3250	500996	12435	0	521076
26932	479916	2392	14444	7137	0	503889
26933	483284	2427	5565	6041	0	497317
26934	16466	490000	3641	3160	0	513267
26935	9969	12772	2226	477553	0	502520
26936	4850	501035	2427	12201	0	520513
26937	3692	14470	501290	5780	0	525232
26938	6881	6243	13160	497355	0	523639
26939	492272	3789	6310	15709	0	518080
26940	503682	2360	3287	7487	0	516816
26941	20396	2788	2628	471801	0	497613
26942	8824	481659	2646	13020	0	506149
26943	5155	13801	489834	5610	0	514400
26944	3791	6415	497874	4186	0	512266
26945	472686	3724	18123	4836	0	499369
26946	15533	3291	493369	2591	0	514784
26947	7563	486370	15818	2912	0	512663
26948	7106	14482	6644	478658	0	506890
26949	3611	6772	491208	13576	0	515167
26950	5896	4500	15030	480991	0	506417
26951	3220	3158	489503	15649	0	511530
26952	464232	2527	16479	8498	0	491736
26953	16526	2479	7614	465579	0	492198
26954	7413	462616	5372	14387	0	489788
26955	4632	486009	4191	7551	0	502383
26956	5439	17831	4031	471235	0	498536
26957	5469	7694	4176	470184	0	487523
26958	3570	472343	4746	17889	0	498548
26959	4354	15032	473604	7928	0	500918
26960	5190	6809	15524	473450	0	500973
26961	3212	5659	481617	15715	0	506203
26962	3346	4146	473562	8515	0	489569
26963	441422	3227	19847	7201	0	471697
26964	14663	458346	9392	5272	0	487673
26965	459563	15317	6004	5154	0	486038
26966	18024	7917	4521	441224	0	471686
26967	7635	458541	4572	15623	0	486371
26968	6841	17045	4683	458435	0	487004
26969	5706	8826	4878	460275	0	479685
26970	4327	458655	4491	20254	0	487727
26971	4327	16983	455486	10524	0	487320
26972	5873	8982	15719	457902	0	488476
26973	455571	6309	8788	18597	0	489265
26974	17056	5120	6300	455934	0	484410
26975	9768	4692	5937	460641	0	481038
26976	6356	5142	447591	21377	0	480466
26977	5894	443805	16831	11026	0	477556
26978	6361	17257	8357	443669	0	475644
26979	5385	9425	446393	18224	0	479427
26980	4618	7463	446098	11267	0	469446
26981	423863	6540	21233	9976	0	461612
26982	15917	440173	11473	8795	0	476358
26983	434702	17025	7929	8808	0	468464
26984	17711	434440	6709	8051	0	466911
26985	9455	448513	6544	8258	0	472770
26986	436271	21039	5989	8751	0	472050
26987	19287	10766	6097	421322	0	457472
26988	10585	434020	6906	18071	0	469582
26989	9830	16667	5926	444781	0	477204
26990	441219	8614	6310	20043	0	476186
26991	19781	7526	438789	10392	0	476488
26992	10904	6325	435835	8492	0	461556
26993	419995	5350	22305	7672	0	455322
26994	17974	428379	12957	6748	0	466058
26995	11067	17145	430553	5762	0	464527
26996	9090	429369	18165	6274	0	462898
26997	9077	18747	9554	423690	0	461068
26998	6701	11343	431483	17479	0	467006
26999	6710	8359	17811	429253	0	462133
27000	5593	6998	428106	20052	0	460749
27001	398600	6033	19869	12782	0	437284
27002	16845	420558	11400	8628	0	457431
27003	418001	16331	8145	7623	0	450100
27004	19413	9430	6720	406922	0	442485
27005	9192	437131	7798	17287	0	471408
27006	435404	18460	7835	10385	0	472084
27007	428747	9286	8172	9401	0	455606
27008	20852	7915	437952	6659	0	473378
27009	10770	6316	439028	6087	0	462201
27010	385083	5699	21996	6123	0	418901
27011	15370	393328	11412	6825	0	426935
27012	6807	383477	8549	5333	0	404166
27013	11134	22601	8541	355172	0	397448
27014	5673	8117	361080	14158	0	389028
27015	5352	341260	14678	7192	0	368482
27016	4059	312057	6826	4932	0	327874
27017	9382	9096	3974	217070	0	239522
27018	220119	2403	1807	5942	0	230271
27019	222466	1617	1099	2711	0	227893
27020	226101	1241	1021	2054	0	230417
27021	6844	1291	223235	1083	0	232453
27022	218450	1094	5567	1550	0	226661
27023	223733	1262	2188	1680	0	228863
27024	229200	1350	1369	1280	0	233199
27025	7431	1573	1060	218432	0	228496
27026	2774	222692	1072	4963	0	231501
27027	222207	5187	998	2476	0	230868
27028	5438	222912	1186	1298	0	230834
27029	2677	5182	1008	221982	0	230849
27030	1657	2056	230025	5054	0	238792
27031	2151	1762	5127	225941	0	234981
27032	2302	1050	1813	230511	0	235676
27033	1573	1156	230580	5868	0	239177
27034	1469	227109	4951	2165	0	235694
27035	2018	4933	1578	216463	0	224992
27036	213473	1643	1076	5153	0	221345
27037	4574	210979	871	1826	0	218250
27038	208250	4219	678	1675	0	214822
27039	5138	2390	615	202774	0	210917
27040	1921	208914	782	3933	0	215550
27041	209559	4169	746	1984	0	216458
27042	4403	212476	766	1060	0	218705
27043	1701	4192	207325	797	0	214015
27044	201120	1930	4334	1697	0	209081
27045	208521	1454	1328	1399	0	212702
27046	4993	208284	873	840	0	214990
27047	1849	4286	201995	618	0	208748
27048	1083	211898	4022	635	0	217638
27049	3474	5475	2033	166702	0	177684
27050	1366	1657	742	215597	0	219362
27051	1391	1163	486	216034	0	219074
27052	961	215266	528	5317	0	222072
27053	1526	4542	384	216114	0	222566
27054	1499	1646	465	218969	0	222579
27055	214326	1251	457	5850	0	221884
27056	5359	914	474	213104	0	219851
27057	2457	665	461	218625	0	222208
27058	214702	684	385	6381	0	222152
27059	4942	217753	485	2300	0	225480
27060	221449	4797	415	2008	0	228669
27061	221704	1786	500	1724	0	225714
27062	224473	1241	485	1674	0	227873
27063	6836	999	518	220487	0	228840
27064	3152	876	527	226595	0	231150
27065	1942	990	218867	6156	0	227955
27066	1650	1239	213933	2522	0	219344
27067	1466	1219	218035	1825	0	222545
27068	206391	992	5862	1992	0	215237
27069	5706	1172	215930	1443	0	224251
27070	2336	218671	5234	1592	0	227833
27071	2276	5064	1754	218716	0	227810
27072	1972	2221	1344	216159	0	221696
27073	1668	224001	1212	5510	0	232391
27074	1844	5572	226694	2359	0	236469
27075	1784	230804	4951	1852	0	239391
27076	229914	5607	1872	2064	0	239457
27077	6023	2437	231333	1472	0	241265
27078	2781	230832	5389	1661	0	240663
27079	2246	5492	234482	1414	0	243634
27080	2418	2367	5640	231424	0	241849
27081	1875	1947	235973	5495	0	245290
27082	2392	1521	5808	228610	0	238331
27083	235100	1374	2168	6742	0	245384
27084	6145	1604	234804	2697	0	245250
27085	2658	235902	5479	2368	0	246407
27086	236939	5797	2072	2679	0	247487
27087	6174	2398	242125	2166	0	252863
27088	2756	1921	242493	2118	0	249288
27089	2593	1396	6599	239170	0	249758
27090	1991	1418	241595	6557	0	251561
27091	228711	1412	6261	3651	0	240035
27092	6098	239563	2636	2522	0	250819
27093	3243	5918	1805	240032	0	250998
27094	2349	253221	1617	5805	0	262992
27095	255610	6286	1551	3641	0	267088
27096	6553	2720	252492	2517	0	264282
27097	3061	2077	259432	2278	0	266848
27098	2741	1807	7206	259433	0	271187
27099	2395	1657	3004	265126	0	272182
27100	2446	1678	2203	268245	0	274572
27101	2461	1586	1988	270007	0	276042
27102	2027	1778	271968	7865	0	283638
27103	1871	268354	6534	3663	0	280422
27104	2083	5446	2318	254019	0	263866
27105	1321	1996	246249	4770	0	254336
27106	1156	242082	4739	2179	0	250156
27107	240423	4585	2402	2299	0	249709
27108	6289	2408	1637	238788	0	249122
27109	234790	1222	1222	5028	0	242262
27110	4149	234277	1145	2112	0	241683
27111	233227	3863	1169	2277	0	240536
27112	4404	1808	242046	1500	0	249758
27113	2428	2412	4103	231240	0	240183
27114	1379	240856	1867	3893	0	247995
27115	1355	3857	238526	1886	0	245624
27116	883	237150	4195	1570	0	243798
27117	3288	5246	2173	182879	0	193586
27118	228004	1417	1235	4127	0	234783
27119	3326	228163	1137	1664	0	234290
27120	226064	3315	1051	1846	0	232276
27121	3829	1469	223671	1062	0	230031
27122	1686	1268	216746	1078	0	220778
27123	219998	757	4099	1462	0	226316
27124	3691	1111	2029	222664	0	229495
27125	1971	1007	1412	223888	0	228278
27126	1263	831	231752	3858	0	237704
27127	1097	940	220433	1817	0	224287
27128	851	233173	4235	1217	0	239476
27129	228270	3520	2295	1838	0	235923
27130	221934	1166	1263	1410	0	225773
27131	3226	219558	1006	932	0	224722
27132	1837	2786	859	225537	0	231019
27133	227505	1180	812	3686	0	233183
27134	3112	836	900	227081	0	231929
27135	229554	606	905	3896	0	234961
27136	230158	600	857	2082	0	233697
27137	237339	604	789	1822	0	240554
27138	4055	667	726	233959	0	239407
27139	1961	626	748	244748	0	248083
27140	240353	597	659	4339	0	245948
27141	238370	618	707	2323	0	242018
27142	239454	569	693	1798	0	242514
27143	3911	235979	784	964	0	241638
27144	233096	2162	552	1336	0	237146
27145	2671	231198	648	775	0	235292
27146	228950	2213	621	1411	0	233195
27147	2673	910	227935	667	0	232185
27148	204691	1062	2472	1447	0	209672
27149	2119	215110	816	527	0	218572
27150	798	217065	573	388	0	218824
27151	221711	1604	534	1138	0	224987
27152	2044	630	340	222987	0	226001
27153	1067	442	346	227078	0	228933
27154	640	226320	432	1885	0	229277
27155	541	238933	455	799	0	240728
27156	243216	2005	312	1483	0	247016
27157	2414	998	249967	344	0	253723
27158	1409	535	2072	258974	0	262990
27159	264554	359	590	3795	0	269298
27160	3374	568	262984	726	0	267652
27161	938	283152	3118	646	0	287854
27162	298478	3782	702	1477	0	304439
27163	5122	1073	306523	408	0	313126
27164	2466	717	4983	319363	0	327529
27165	1055	611	331177	5591	0	338434
27166	312538	350	6141	2709	0	321738
27167	5726	336859	1729	1057	0	345371
27168	340884	5863	1084	1953	0	349784
27169	342160	1421	678	1336	0	345595
27170	7874	880	436	339674	0	348864
27171	343003	593	455	7006	0	351057
27172	7511	555	402	343554	0	352022
27173	3080	503	358	346207	0	350148
27174	1413	699	337969	7086	0	347167
27175	1218	336308	5714	2164	0	345404
27176	1746	5661	1414	342458	0	351279
27177	1642	1358	862	345584	0	349446
27178	1645	794	594	345337	0	348370
27179	793	875	339864	7222	0	348754
27180	721	334935	5732	2406	0	343794
27181	1586	5503	1291	341972	0	350352
27182	1658	1348	772	346660	0	350438
27183	857	1090	340361	6807	0	349115
27184	1912	723	5488	329361	0	337484
27185	336950	418	1439	7889	0	346696
27186	5513	337725	1072	2290	0	346600
27187	334366	5352	688	2589	0	342995
27188	6334	1657	335051	982	0	344024
27189	2724	968	5531	335441	0	344664
27190	341300	626	1481	7308	0	350715
27191	338638	462	888	3076	0	343064
27192	7016	718	341436	1236	0	350406
27193	3562	763	5710	335156	0	345191
27194	1587	776	336364	5918	0	344645
27195	316563	390	6028	3380	0	326361
27196	5793	334410	2002	1469	0	343674
27197	339203	5400	1250	2334	0	348187
27198	339780	1369	956	2138	0	344243
27199	7352	341918	946	955	0	351171
27200	347153	6273	747	2131	0	356304
27201	7539	1776	342403	765	0	352483
27202	340829	1027	6094	1751	0	349701
27203	7906	835	1579	345954	0	356274
27204	2849	874	352889	6442	0	363054
27205	2958	676	6522	350899	0	361055
27206	2733	714	1993	347556	0	352996
27207	2197	592	1531	354083	0	358403
27208	1698	350349	1543	7603	0	361193
27209	354426	6273	985	4141	0	365825
27210	7686	1861	1071	354887	0	365505
27211	2810	350828	1237	7198	0	362073
27212	2771	6502	968	342825	0	353066
27213	2040	343344	1286	7774	0	354444
27214	2003	7092	343962	3007	0	356064
27215	2770	2132	6555	341363	0	352820
27216	2607	1443	2205	350802	0	357057
27217	1743	1661	346026	8729	0	358159
27218	315197	1267	7028	5553	0	329045
27219	7055	343715	2519	3365	0	356654
27220	3464	6741	1788	349724	0	361717
27221	2962	2098	1640	345665	0	352365
27222	3096	1760	1449	344023	0	350328
27223	2231	345167	1667	9061	0	358126
27224	342659	6861	1637	5775	0	356932
27225	7859	2689	344794	3525	0	358867
27226	3232	2123	331074	3323	0	339752
27227	3123	1539	7883	335460	0	348005
27228	2810	1344	2926	345882	0	352962
27229	340495	1281	2158	10988	0	354922
27230	7622	335726	2257	4663	0	350268
27231	3578	6879	1995	344758	0	357210
27232	339867	2382	1747	9929	0	353925
27233	8664	2018	1710	337359	0	349751
27234	337463	1517	1684	10586	0	351250
27235	8936	1707	324894	4475	0	340012
27236	3856	333801	7379	3619	0	348655
27237	334735	7072	2710	4567	0	349084
27238	8896	2801	334480	2761	0	348938
27239	320415	1749	7792	4177	0	334133
27240	8998	1757	324034	2879	0	337668
27241	326276	1332	7911	3817	0	339336
27242	9353	1454	2890	332183	0	345880
27243	334298	1509	2348	9122	0	347277
27244	9228	1578	1960	332848	0	345614
27245	4317	1356	1667	336913	0	344253
27246	331829	1225	1788	11234	0	346076
27247	8514	326048	1803	4646	0	341011
27248	4220	7136	1613	336371	0	349340
27249	338463	2499	1726	10284	0	352972
27250	348344	2138	1572	5078	0	357132
27251	10082	1652	1613	343013	0	356360
27252	4866	1465	1483	350963	0	358777
27253	350668	1597	1509	11384	0	365158
27254	10623	1474	1333	352921	0	366351
27255	4841	1647	1320	353094	0	360902
27256	342829	1345	1408	11892	0	357474
27257	10223	1183	1440	334308	0	347154
27258	3212	1098	315034	9404	0	328748
27259	295879	900	6617	5446	0	308842
27260	8166	1161	311068	2914	0	323309
27261	3092	1173	283989	2257	0	290511
27262	265044	1836	8380	2651	0	277911
27263	5116	266421	2753	1245	0	275535
27264	2676	3595	1755	257621	0	265647
27265	1976	868	864	258402	0	262110
27266	1874	602	493	271029	0	273998
27267	1610	346	399	277374	0	279729
27268	275095	352	491	7533	0	283471
27269	298271	317	328	3367	0	302283
27270	312900	335	308	2905	0	316448
27271	7755	498	342405	1214	0	351872
27272	4459	333	7864	360831	0	373487
27273	3289	317	2657	373688	0	379951
27274	2900	356	1534	364697	0	369487
27275	1500	350910	1366	14317	0	368093
27276	1366	370518	1013	6746	0	379643
27277	374533	12573	627	5332	0	393065
27278	11982	5223	597	377844	0	395646
27279	6531	2754	496	403464	0	413245
27280	4798	1539	418	415190	0	421945
27281	2252	1492	397233	18288	0	419265
27282	2193	1526	388507	8719	0	400945
27283	388508	877	14871	6585	0	410841
27284	411668	608	6356	4742	0	423374
27285	17657	646	3588	396931	0	418822
27286	7369	400676	2544	12998	0	423587
27287	6727	11340	1662	402920	0	422649
27288	5214	4506	1439	410524	0	421683
27289	2773	2967	395098	17904	0	418742
27290	393940	1622	11657	10158	0	417377
27291	15084	1092	4864	414468	0	435508
27292	7927	1034	3125	414208	0	426294
27293	401723	950	2282	20229	0	425184
27294	14303	411020	2262	10172	0	437757
27295	423385	12739	1737	7892	0	445753
27296	18588	5952	1490	412004	0	438034
27297	7611	406720	1249	15423	0	431003
27298	414426	13682	1029	9003	0	438140
27299	17259	6288	1222	411620	0	436389
27300	409854	3660	1057	16980	0	431551
27301	407296	2307	1126	10054	0	420783
27302	408326	1658	1158	7741	0	418883
27303	21142	388511	1713	5406	0	416772
27304	10587	392982	1770	4580	0	409919
27305	9375	16632	1331	377480	0	404818
27306	5780	390297	1523	14761	0	412361
27307	397949	15688	994	8587	0	423218
27308	17846	7399	1018	397344	0	423607
27309	399554	4707	1081	17698	0	423040
27310	409955	3410	1159	10268	0	424792
27311	22640	2871	1549	395327	0	422387
27312	13338	2280	1657	412997	0	430272
27313	407216	2393	1318	22766	0	433693
27314	414857	2537	1276	12938	0	431608
27315	427720	2334	1090	9885	0	441029
27316	432876	3013	953	8328	0	445170
27317	439766	3050	830	7372	0	451018
27318	26659	2883	767	421836	0	452145
27319	15554	2877	1055	430756	0	450242
27320	11974	2910	1167	437975	0	454026
27321	425126	2423	1143	25417	0	454109
27322	21150	1996	1182	420817	0	445145
27323	12207	411245	1403	21802	0	446657
27324	10854	14104	1239	427910	0	454107
27325	417654	6736	1439	22369	0	448198
27326	425744	4714	1429	13044	0	444931
27327	24600	4158	405143	9008	0	442909
27328	15509	3732	12763	396091	0	428095
27329	10269	406898	5664	18828	0	441659
27330	417048	14150	3123	12700	0	447021
27331	20000	416280	2391	9916	0	448587
27332	13561	15973	1964	422698	0	454196
27333	426740	7730	1812	20434	0	456716
27334	433599	5205	1609	12598	0	453011
27335	25246	420249	1528	10658	0	457681
27336	16302	15550	990	422061	0	454903
27337	11829	8201	414676	19684	0	454390
27338	407843	5333	13415	12795	0	439386
27339	22219	4440	415597	9478	0	451734
27340	422395	3670	15876	8889	0	450830
27341	435658	3633	7011	9340	0	455642
27342	26920	3784	3721	425541	0	459966
27343	435786	3843	2355	21849	0	463833
27344	445413	4117	2123	13400	0	465053
27345	450689	4416	1773	10335	0	467213
27346	30568	4065	1750	431755	0	468138
27347	440335	3284	1899	20870	0	466388
27348	26421	3463	1872	434171	0	465927
27349	16497	3401	2374	434764	0	457036
27350	12532	418242	2907	24871	0	458552
27351	12951	14716	2564	411956	0	442187
27352	11329	413847	2055	20424	0	447655
27353	413517	15541	1151	12840	0	443049
27354	417201	8044	1278	10481	0	437004
27355	25412	5499	919	405841	0	437671
27356	16370	4080	1161	414064	0	435675
27357	408247	3258	1374	23609	0	436488
27358	22368	3179	389506	13620	0	428673
27359	404416	2709	12154	10752	0	430031
27360	24314	2919	5257	396877	0	429367
27361	14851	3147	377892	18886	0	414776
27362	381494	2940	12166	12968	0	409568
27363	396328	3143	5572	10289	0	415332
27364	25373	3172	377436	8094	0	414075
27365	380890	2571	12266	8928	0	404655
27366	22061	2937	364830	6744	0	396572
27367	14954	360338	12847	6161	0	394300
27368	362874	11177	10067	7416	0	391534
27369	354921	5883	5055	7204	0	373063
27370	20801	325146	3004	5010	0	353961
27371	10202	297231	2557	3827	0	313817
27372	275454	7094	4161	3943	0	290652
27373	275768	2911	1548	3411	0	283638
27374	11280	2398	1142	275451	0	290271
27375	6193	1688	266389	7077	0	281347
27376	5229	1793	253575	3722	0	264319
27377	261421	1430	6208	3704	0	272763
27378	8425	1430	262084	2608	0	274547
27379	245984	2206	6831	2713	0	257734
27380	7233	1138	2376	242375	0	253122
27381	4321	790	1448	245141	0	251700
27382	3522	848	243302	5924	0	253596
27383	242856	586	4398	3767	0	251607
27384	6538	937	2106	248279	0	257860
27385	4176	629	1560	268024	0	274389
27386	262921	515	1029	7250	0	271715
27387	262870	453	1094	4624	0	269041
27388	262538	484	1147	3709	0	267878
27389	7391	263624	1294	2235	0	274544
27390	3882	3368	253341	1633	0	262224
27391	247757	1341	3711	2471	0	255280
27392	255706	831	1714	2378	0	260629
27393	5845	248480	1297	1511	0	257133
27394	238388	2281	1392	1785	0	243846
27395	4257	1043	676	234990	0	240966
27396	2066	841	240731	2535	0	246173
27397	235345	700	2525	2368	0	240938
27398	242965	599	1266	2291	0	247121
27399	244594	435	671	1896	0	247596
27400	245640	413	554	1534	0	248141
27401	4354	413	532	244287	0	249586
27402	2649	376	496	244727	0	248248
27403	246253	302	584	4077	0	251216
27404	3764	263	585	246115	0	250727
27405	2435	202	566	245154	0	248357
27406	1687	240169	720	3317	0	245893
27407	1865	2209	489	246372	0	250935
27408	1854	711	433	246930	0	249928
27409	1829	547	485	248131	0	250992
27410	1812	377	406	248999	0	251594
27411	1367	245205	532	3760	0	250864
27412	1637	2286	347	242956	0	247226
27413	1769	1120	345	236930	0	240164
27414	1193	807	233760	3482	0	239242
27415	1125	713	218949	1829	0	222616
27416	949	226345	2575	1334	0	231203
27417	257108	1983	1219	2214	0	262524
27418	3742	264506	870	977	0	270095
27419	2207	3614	504	282344	0	288669
27420	1105	1247	302482	4398	0	309232
27421	316469	652	4995	2972	0	325088
27422	6681	560	1312	332858	0	341411
27423	329817	390	1032	7697	0	338936
27424	336433	396	730	3747	0	341306
27425	6889	336443	785	1901	0	346018
27426	335933	5164	533	3129	0	344759
27427	6608	347723	737	1281	0	356349
27428	3872	6699	560	351152	0	362283
27429	1892	357112	800	6062	0	365866
27430	1808	7027	354136	2101	0	365072
27431	1516	360659	5942	1621	0	369738
27432	2804	7557	1839	352825	0	365025
27433	352126	2412	1108	8537	0	364183
27434	6179	361385	1401	2592	0	371557
27435	4453	6908	652	360075	0	372088
27436	3437	2596	489	369686	0	376208
27437	2025	2024	364648	9149	0	377846
27438	3696	1296	7108	362547	0	374647
27439	1668	1807	366898	8898	0	379271
27440	349401	1102	8005	5427	0	363935
27441	8753	1670	374752	2473	0	387648
27442	3578	376647	8496	2555	0	391276
27443	4277	8553	2986	373070	0	388886
27444	3797	3156	2199	375975	0	385127
27445	3594	2655	1410	380173	0	387832
27446	378525	1777	1000	13402	0	394704
27447	10549	1895	1002	372349	0	385795
27448	3679	377577	1425	10097	0	392778
27449	367361	9220	1059	6906	0	384546
27450	8824	369658	1491	4365	0	384338
27451	5674	9611	1678	368511	0	385474
27452	368826	3980	1257	11830	0	385893
27453	9627	362145	1967	5082	0	378821
27454	4363	379650	1575	3792	0	389380
27455	375128	10657	1712	5041	0	392538
27456	381458	4990	1327	4951	0	392726
27457	11562	3449	373154	3779	0	391944
27458	375947	2572	8829	5046	0	392394
27459	11485	2808	385355	3440	0	403088
27460	7213	2531	9992	388255	0	407991
27461	3846	2711	391523	11505	0	409585
27462	4819	2792	10455	390894	0	408960
27463	3536	2688	394895	12190	0	413309
27464	4643	2775	10414	385035	0	402867
27465	4150	2365	3983	400325	0	410823
27466	389280	2211	2852	15506	0	409849
27467	11042	3092	384576	6654	0	405364
27468	366629	2822	10204	6330	0	385985
27469	12610	2425	381433	4433	0	400901
27470	6029	2417	382741	3668	0	394855
27471	5832	2905	12581	374714	0	396032
27472	379676	2177	5458	12642	0	399953
27473	10753	380125	4341	5679	0	400898
27474	375028	9781	3018	6314	0	394141
27475	379338	3897	3254	5399	0	391888
27476	13139	374773	3007	4727	0	395646
27477	375767	10110	3276	4556	0	393709
27478	12760	4631	379565	3846	0	400802
27479	7336	3336	10405	381056	0	402133
27480	383218	2382	4734	12636	0	402970
27481	11795	382192	4439	5726	0	404152
27482	7098	9796	3277	378888	0	399059
27483	5866	4136	3356	384978	0	398336
27484	5191	3161	3355	389075	0	400782
27485	5107	2630	2817	392818	0	403372
27486	383416	2363	2779	15997	0	404555
27487	388412	2633	2983	8544	0	402572
27488	389428	2152	3208	6732	0	401520
27489	384331	1994	2919	6351	0	395595
27490	15637	2929	375232	4425	0	398223
27491	373927	2307	10394	5161	0	391789
27492	387426	2231	5249	4996	0	399902
27493	15485	374171	3906	4593	0	398155
27494	8476	385993	3341	4164	0	401974
27495	7400	12446	2988	377662	0	400496
27496	6549	5127	2831	382185	0	396692
27497	5271	3859	372335	14153	0	395618
27498	4909	375327	10820	7486	0	398542
27499	5973	10388	4807	368057	0	389225
27500	5222	377599	4062	11566	0	398449
27501	6015	10948	3030	385713	0	405706
27502	6262	4484	2689	386458	0	399893
27503	5208	393462	3230	14178	0	416078
27504	5666	10922	3075	400341	0	420004
27505	5483	4841	401682	13898	0	425904
27506	5613	3847	398230	7180	0	414870
27507	387757	3333	13494	6812	0	411396
27508	409139	3012	5992	6380	0	424523
27509	14711	399782	4745	7365	0	426603
27510	407409	10646	3216	5973	0	427244
27511	15492	5052	3276	404176	0	427996
27512	403666	4337	2532	14037	0	424572
27513	13939	401888	2482	7836	0	426145
27514	8814	11454	395490	5724	0	421482
27515	386892	5014	12220	7093	0	411219
27516	14787	4209	405089	5041	0	429126
27517	6913	3403	361548	3460	0	375324
27518	5691	3041	358945	3378	0	371055
27519	4214	345231	11431	3090	0	363966
27520	318497	9955	10383	4592	0	343427
27521	310379	3390	3167	3668	0	320604
27522	9995	2179	2108	301419	0	315701
27523	5679	2188	1900	298609	0	308376
27524	3537	306131	2118	8447	0	320233
27525	307625	6196	1903	5709	0	321433
27526	7706	306675	2200	3163	0	319744
27527	4181	301171	2117	2463	0	309932
27528	292416	6246	2398	3158	0	304218
27529	7578	2581	2269	288786	0	301214
27530	4086	1724	1762	288628	0	296200
27531	3430	1542	1667	291609	0	298248
27532	2588	287969	1515	7220	0	299292
27533	285160	5209	1106	4064	0	295539
27534	7039	3165	1050	280464	0	291718
27535	3207	271024	1073	5332	0	280636
27536	2185	272742	1059	2599	0	278585
27537	2619	5417	1043	262567	0	271646
27538	1851	266393	1049	4436	0	273729
27539	2634	5094	941	264208	0	272877
27540	257657	2171	954	5916	0	266698
27541	4234	1741	249160	2112	0	257247
27542	1940	252725	3368	1791	0	259824
27543	2399	4088	1286	254982	0	262755
27544	1408	2026	259820	4006	0	267260
27545	249727	1492	3934	3061	0	258214
27546	5425	1679	1535	260146	0	268785
27547	257944	846	1053	5564	0	265407
27548	256173	908	754	3460	0	261295
27549	4924	267490	813	1517	0	274744
27550	270714	3839	599	2762	0	277914
27551	270457	1808	605	2519	0	275389
27552	271701	1210	587	2236	0	275734
27553	5972	1058	514	264119	0	271663
27554	3347	979	574	262405	0	267305
27555	2555	1022	624	265862	0	270063
27556	1656	1315	260497	5050	0	268518
27557	1375	258463	3501	2490	0	265829
27558	252414	3179	1375	2861	0	259829
27559	3491	250674	806	1171	0	256142
27560	2141	3156	449	248265	0	254011
27561	1375	1573	245289	3068	0	251305
27562	223890	1008	2860	3151	0	230909
27563	3124	244583	1190	1108	0	250005
27564	2171	2927	564	242705	0	248367
27565	1731	1279	445	242593	0	246048
27566	1046	1097	239611	3538	0	245292
27567	750	239171	2733	1902	0	244556
27568	1271	2938	1020	240323	0	245552
27569	1182	1296	683	241666	0	244827
27570	1199	1014	526	236274	0	239013
27571	229045	790	489	5213	0	235537
27572	2973	1052	227286	1822	0	233133
27573	1471	226657	2678	1414	0	232220
27574	222637	2650	1158	2555	0	229000
27575	2848	227773	907	1028	0	232556
27576	2003	3023	537	222910	0	228473
27577	1158	227822	595	2723	0	232298
27578	218064	2862	463	2788	0	224177
27579	221518	1436	505	2318	0	225777
27580	3979	1012	498	226468	0	231957
27581	2306	903	417	225865	0	229491
27582	1673	806	412	236044	0	238935
27583	1083	983	236638	4736	0	243440
27584	1042	246176	3852	2268	0	253338
27585	2018	4166	1275	285356	0	292815
27586	1821	1665	867	293802	0	298155
27587	2044	1153	618	298591	0	302406
27588	2156	965	477	299369	0	302967
27589	982	1281	295879	9325	0	307467
27590	982	317883	6333	3990	0	329188
27591	2309	7793	2181	331890	0	344173
27592	2502	3275	975	368146	0	374898
27593	991	2189	363329	12393	0	378902
27594	2486	1336	8515	348473	0	360810
27595	952	351002	3877	10950	0	366781
27596	736	367959	2223	5825	0	376743
27597	2462	11836	1172	360033	0	375503
27598	950	5187	352556	11255	0	369948
27599	321282	2562	9161	8668	0	341673
27600	8394	348745	4365	4959	0	366463
27601	3504	9721	342674	3659	0	359558
27602	1993	4889	342777	3444	0	353103
27603	1210	340257	12344	2977	0	356788
27604	1481	10156	346765	2780	0	361182
27605	3708	7126	11010	331861	0	353705
27606	330109	2802	5193	10935	0	349039
27607	335427	2082	3396	5897	0	346802
27608	334599	2168	2486	4587	0	343840
27609	344254	2296	2351	3734	0	352635
27610	11921	350743	2148	2686	0	367498
27611	353020	9237	2085	4231	0	368573
27612	10974	359935	2642	2610	0	376161
27613	5981	10891	353985	2098	0	372955
27614	5672	5337	9583	337859	0	358451
27615	2870	361002	4992	9087	0	377951
27616	4318	10620	3170	352410	0	370518
27617	345837	5744	2235	11939	0	365755
27618	11197	3438	2524	340701	0	357860
27619	4897	352950	2190	11143	0	371180
27620	355632	10248	1892	6573	0	374345
27621	11215	5126	354221	3942	0	374504
27622	7719	3562	9573	350999	0	371853
27623	5573	2811	4391	363155	0	375930
27624	346459	3056	2768	14550	0	366833
27625	10667	347134	2391	7245	0	367437
27626	5181	11116	343200	4454	0	363951
27627	5418	5306	10012	342909	0	363645
27628	2983	3791	350147	11720	0	368641
27629	2747	338217	10807	6710	0	358481
27630	2661	353757	4974	5347	0	366739
27631	345355	12671	3454	4944	0	366424
27632	10144	6663	346026	4260	0	367093
27633	349206	4553	10865	4425	0	369049
27634	12133	3525	5555	341676	0	362889
27635	5147	351935	4338	10553	0	371973
27636	349162	10790	3065	7186	0	370203
27637	10992	5998	355054	4917	0	376961
27638	7627	4076	10291	352740	0	374734
27639	5377	3744	5498	359437	0	374056
27640	4783	3908	4096	355596	0	368383
27641	3366	353255	3393	14791	0	374805
27642	343762	10946	3532	8496	0	366736
27643	10690	344031	3029	5544	0	363294
27644	5424	351684	3073	4579	0	364760
27645	5540	12885	2917	347175	0	368517
27646	347533	6589	3175	11817	0	369114
27647	345783	4442	2684	7513	0	360422
27648	346807	4325	2531	5901	0	359564
27649	13617	332878	2541	4084	0	353120
27650	8020	10869	2228	333737	0	354854
27651	5281	6413	333629	10623	0	355946
27652	5558	4165	9689	331387	0	350799
27653	5064	3830	4798	331023	0	344715
27654	4104	334701	3347	13788	0	355940
27655	337740	11224	2474	8616	0	360054
27656	11939	6516	2582	333090	0	354127
27657	6165	339760	2898	11822	0	360645
27658	339371	11314	2773	7869	0	361327
27659	11378	6726	335312	5892	0	359308
27660	330890	4937	9329	5845	0	351001
27661	12369	343135	4906	4752	0	365162
27662	346683	11384	3340	4959	0	366366
27663	350081	6706	2952	4965	0	364704
27664	14063	5593	343989	4280	0	367925
27665	342800	4464	10173	4482	0	361919
27666	13137	4062	357387	4207	0	378793
27667	8153	4011	360757	3674	0	376595
27668	351501	4112	12566	4013	0	372192
27669	361219	3793	6369	4038	0	375419
27670	15355	3931	362210	3380	0	384876
27671	9454	3396	11498	354911	0	379259
27672	7660	3132	6343	355882	0	373017
27673	5780	371648	4885	12288	0	394601
27674	368153	10431	3845	7757	0	390186
27675	379240	6206	2920	5484	0	393850
27676	15841	4215	373643	3755	0	397454
27677	374473	3331	10249	4748	0	392801
27678	388360	3319	5493	4519	0	401691
27679	15841	379256	4081	3696	0	402874
27680	9615	10984	3577	376982	0	401158
27681	8482	5589	3327	375988	0	393386
27682	7598	3847	3060	375506	0	390011
27683	362347	2927	3014	13577	0	381865
27684	10883	348785	2937	7088	0	369693
27685	5919	8421	1798	306409	0	322547
27686	4066	304996	1832	7126	0	318020
27687	4102	13498	1717	286952	0	306269
27688	3267	291023	1563	6326	0	302179
27689	2963	296998	1909	4046	0	305916
27690	262486	6930	3119	4622	0	277157
27691	259367	2781	2777	3531	0	268456
27692	3733	1267	708	239251	0	244959
27693	2087	647	580	239672	0	242986
27694	1635	456	502	243024	0	245617
27695	1349	551	485	241420	0	243805
27696	1304	535	467	238054	0	240360
27697	833	235752	511	3506	0	240602
27698	1233	2471	400	239773	0	243877
27699	1287	1011	363	242178	0	244839
27700	236851	754	413	3959	0	241977
27701	3465	646	382	237756	0	242249
27702	1830	588	399	237510	0	240327
27703	1333	802	237524	3318	0	242977
27704	1681	657	2316	229657	0	234311
27705	1428	1347	812	240733	0	244320
27706	1081	737	242087	3832	0	247737
27707	824	242867	2760	2193	0	248644
27708	896	2831	248504	1506	0	253737
27709	979	1080	243068	1121	0	246248
27710	549	238797	3052	870	0	243268
27711	241050	2499	1476	1932	0	246957
27712	239967	681	582	1414	0	242644
27713	3173	469	214	236558	0	240414
27714	238744	260	226	3732	0	242962
27715	2853	469	245352	924	0	249598
27716	1543	274	2485	248231	0	252533
27717	758	500	268022	2949	0	272229
27718	1181	287	2857	269490	0	273815
27719	1082	334	955	270478	0	272849
27720	943	366	585	274695	0	276589
27721	270171	301	469	4913	0	275854
27722	3273	320	423	274322	0	278338
27723	271675	302	406	4773	0	277156
27724	273957	302	402	2806	0	277467
27725	3544	272077	662	1305	0	277588
27726	275964	2652	374	2262	0	281252
27727	3266	281204	617	1243	0	286330
27728	1779	2988	416	279737	0	284920
27729	1649	981	415	281744	0	284789
27730	1411	646	488	286523	0	289068
27731	855	796	278819	4690	0	285160
27732	770	277809	3379	2286	0	284244
27733	1334	3363	1111	269356	0	275164
27734	1320	1261	698	272595	0	275874
27735	835	278447	600	3849	0	283731
27736	278420	3327	502	3136	0	285385
27737	3561	272348	582	1609	0	278100
27738	269268	3582	364	2271	0	275485
27739	3801	274658	603	1372	0	280434
27740	2030	3795	393	269038	0	275256
27741	1037	277309	545	3701	0	282592
27742	280390	3689	327	3273	0	287679
27743	283176	1465	328	2931	0	287900
27744	280856	1004	388	2754	0	285002
27745	279117	821	386	2736	0	283060
27746	4790	1049	277002	1408	0	284249
27747	277720	764	3079	2552	0	284115
27748	287147	740	962	2588	0	291437
27749	285955	847	635	2555	0	289992
27750	4911	1118	278943	1284	0	286256
27751	275956	789	3009	2428	0	282182
27752	4184	285265	1237	1504	0	292190
27753	289227	3344	675	2679	0	295925
27754	4340	1724	302778	1200	0	310042
27755	298388	1043	3428	2774	0	305633
27756	307257	780	1141	2315	0	311493
27757	5016	777	707	305637	0	312137
27758	2424	923	299119	3616	0	306082
27759	299660	588	3108	2980	0	306336
27760	4559	611	1193	307568	0	313931
27761	2806	640	880	310632	0	314958
27762	1725	869	311804	4295	0	318693
27763	288230	610	3351	3694	0	295885
27764	310862	540	1330	2974	0	315706
27765	4466	310105	1140	1430	0	317141
27766	2674	3282	744	309964	0	316664
27767	2260	1252	740	309311	0	313563
27768	2020	871	734	307191	0	310816
27769	1544	307843	1004	4438	0	314829
27770	306945	3233	688	3427	0	314293
27771	4418	1303	609	307139	0	313469
27772	2580	886	612	308612	0	312690
27773	297409	640	603	5847	0	304499
27774	294131	624	651	3474	0	298880
27775	4950	585	703	298242	0	304480
27776	2816	667	686	294851	0	299020
27777	1738	904	282298	4335	0	289275
27778	261834	638	2865	3756	0	269093
27779	3737	283736	1273	1731	0	290477
27780	2383	3061	644	299236	0	305324
27781	2165	1055	543	305796	0	309559
27782	1480	315478	689	5106	0	322753
27783	1972	4546	485	327895	0	334898
27784	353215	1812	626	7785	0	363438
27785	8131	1238	558	420586	0	430513
27786	4367	829	416	434535	0	440147
27787	3481	750	371	449371	0	453973
27788	1704	1129	436226	17582	0	456641
27789	3257	725	9403	441489	0	454874
27790	1549	1078	434717	15599	0	452943
27791	1297	424564	11788	8925	0	446574
27792	2914	9719	6157	429757	0	448547
27793	2704	4698	3569	440728	0	451699
27794	2644	2822	2186	453336	0	460988
27795	2533	1858	1821	458828	0	465040
27796	2272	1477	1293	468903	0	473945
27797	445448	989	1268	22344	0	470049
27798	10067	1382	451703	11747	0	474899
27799	5178	438882	9740	8915	0	462715
27800	3389	470047	5180	7014	0	485630
27801	3579	13403	3105	480516	0	500603
27802	3412	6821	2610	494194	0	507037
27803	2959	4206	2032	491256	0	500453
27804	1334	484951	2133	18225	0	506643
27805	2813	11132	1380	493033	0	508358
27806	1207	6530	480400	15994	0	504131
27807	860	475136	9396	10484	0	495876
27808	2327	11068	4815	483221	0	501431
27809	471083	5713	3425	16391	0	496612
27810	10259	3517	1787	479201	0	494764
27811	6906	2693	1544	474987	0	486130
27812	3620	454925	2267	16616	0	477428
27813	2428	484812	1841	10155	0	499236
27814	3517	13719	1191	482982	0	501409
27815	3284	7176	825	485498	0	496783
27816	1253	4523	472186	18169	0	496131
27817	2892	3348	8682	462722	0	477644
27818	2547	2982	4905	471270	0	481704
27819	2334	2381	3351	471804	0	479870
27820	2291	1978	3098	477975	0	485342
27821	457868	2691	2444	22905	0	485908
27822	465515	1959	1710	15855	0	485039
27823	15024	1479	1317	475822	0	493642
27824	9332	1200	1287	492357	0	504176
27825	478271	1200	1130	24044	0	504645
27826	13683	1887	1280	499287	0	516137
27827	7228	2661	493565	20985	0	524439
27828	4550	491971	11115	15229	0	522865
27829	4598	10391	6718	505581	0	527288
27830	3550	5821	5238	517217	0	531826
27831	503586	4034	3880	24042	0	535542
27832	11757	3408	2833	519165	0	537163
27833	7082	3054	2348	530712	0	543196
27834	516867	2333	1681	27131	0	548012
27835	14256	2270	1397	527231	0	545154
27836	8115	519163	1830	22129	0	551237
27837	6354	11702	1576	550585	0	570217
27838	5563	6700	1764	570627	0	584654
27839	5731	4532	1956	567512	0	579731
27840	4652	3903	2121	573481	0	584157
27841	2549	4652	546012	26950	0	580163
27842	2142	4911	537566	17989	0	562608
27843	2827	3758	15817	550738	0	573140
27844	2881	3160	8221	547983	0	562245
27845	2073	543052	5707	25977	0	576809
27846	3325	13157	4158	535175	0	555815
27847	1957	539801	4266	23661	0	569685
27848	531928	15241	3535	17804	0	568508
27849	12554	557416	3184	13642	0	586796
27850	8201	16971	2004	568787	0	595963
27851	6387	9315	1495	581658	0	598855
27852	3932	6617	557973	27248	0	595770
27853	526995	4641	11889	21242	0	564767
27854	538856	4509	6497	16700	0	566562
27855	17294	540462	5756	12876	0	576388
27856	10765	13576	4912	532968	0	562221
27857	6553	8094	555770	20015	0	590432
27858	4580	561479	14053	15501	0	595613
27859	553661	15198	7179	14847	0	590885
27860	559069	8685	4446	13979	0	586179
27861	19696	6559	537032	11574	0	574861
27862	543930	4714	12745	11600	0	572989
27863	20766	4434	6574	546401	0	578175
27864	11621	544758	5000	20224	0	581603
27865	546735	13590	3777	16275	0	580377
27866	18405	7748	3923	549060	0	579136
27867	550191	5362	3205	22212	0	580970
27868	568202	4539	2771	16498	0	592010
27869	22812	4919	2431	560588	0	590750
27870	12004	4686	557227	22584	0	596501
27871	555776	3441	13612	17917	0	590746
27872	576295	3751	7132	13992	0	601170
27873	578996	2967	4612	13477	0	600052
27874	23732	579149	4134	11155	0	618170
27875	15594	13748	3604	581105	0	614051
27876	11559	7634	2697	606891	0	628781
27877	7452	6446	590608	26165	0	630671
27878	8160	6334	13562	581087	0	609143
27879	5710	582425	7399	24010	0	619544
27880	564174	13871	4604	18505	0	601154
27881	15336	567453	3963	13104	0	599856
27882	9317	14803	551341	9871	0	585332
27883	6075	550129	14378	9709	0	580291
27884	4920	548879	8974	7165	0	569938
27885	7813	9315	5792	453839	0	476759
27886	451048	3439	2530	9367	0	466384
27887	447225	1877	988	5721	0	455811
27888	440362	1671	883	4870	0	447786
27889	8613	449835	1275	2739	0	462462
27890	4030	6882	443159	2153	0	456224
27891	436584	2969	6266	4218	0	450037
27892	451406	1821	2636	4398	0	460261
27893	8965	446770	1730	2264	0	459729
27894	452912	6755	1164	4054	0	464885
27895	9112	3125	1187	453144	0	466568
27896	4069	2682	466192	7273	0	480216
27897	460078	1763	6720	6234	0	474795
27898	467846	1808	2708	5178	0	477540
27899	482212	1490	1618	4252	0	489572
27900	11226	1493	1233	471931	0	485883
27901	6329	1614	1154	484421	0	493518
27902	4641	1467	1051	505955	0	513114
27903	2906	506001	1670	11560	0	522137
27904	6048	9195	1370	532784	0	549397
27905	4625	3947	918	580253	0	589743
27906	2945	3216	577485	14983	0	598629
27907	4748	2195	11271	573341	0	591555
27908	4528	1871	4030	591449	0	601878
27909	4317	1823	2558	590929	0	599627
27910	4708	1800	1909	585635	0	594052
27911	2927	582349	2199	18661	0	606136
27912	4824	12113	1714	587950	0	606601
27913	4637	4581	1953	590083	0	601254
27914	575582	2902	1887	21741	0	602112
27915	13779	2948	571990	10243	0	598960
27916	6327	2931	558778	7516	0	575552
27917	543428	2379	15431	9165	0	570403
27918	574118	2416	5914	7942	0	590390
27919	18927	2834	3690	529606	0	555057
27920	7774	565097	3326	14486	0	590683
27921	568530	12323	2572	9418	0	592843
27922	17541	5384	2640	552083	0	577648
27923	7224	568668	3249	14316	0	593457
27924	561154	11530	2109	9548	0	584341
27925	14301	567605	1965	5417	0	589288
27926	554024	12817	1678	7469	0	575988
27927	543234	5359	1438	7011	0	557042
27928	16984	532364	2017	3910	0	555275
27929	10003	11790	2000	530987	0	554780
27930	5928	5929	527742	13183	0	552782
27931	7279	5125	10727	519747	0	542878
27932	520115	3256	3964	16966	0	544301
27933	13787	3805	511373	7489	0	536454
27934	6827	509614	10994	5861	0	533296
27935	7489	13481	4134	500164	0	525268
27936	3748	5993	496424	13772	0	519937
27937	3284	488731	11695	7570	0	511280
27938	478628	11463	5241	8184	0	503516
27939	13465	5033	3452	481426	0	503376
27940	7844	3335	3085	485536	0	499800
27941	5979	3300	2886	479546	0	491711
27942	3152	477491	2698	16160	0	499501
27943	472823	10904	2480	11109	0	497316
27944	11430	466990	2978	6514	0	487912
27945	5890	483729	2101	5748	0	497468
27946	479173	12923	1950	7568	0	501614
27947	481139	5994	2125	7414	0	496672
27948	14449	5275	466318	4856	0	490898
27949	453765	3829	9884	6125	0	473603
27950	457913	3808	4434	4753	0	470908
27951	17203	4034	2719	447665	0	471621
27952	8936	4177	443859	11726	0	468698
27953	8123	3412	9784	444390	0	465709
27954	449390	2545	4208	15654	0	471797
27955	14022	3070	454446	6870	0	478408
27956	9722	2760	11433	480081	0	503996
27957	9437	2701	4816	529988	0	546942
27958	7367	3014	3541	589498	0	603420
27959	583246	2727	3146	27200	0	616319
27960	20527	595350	3526	11002	0	630405
27961	598625	18995	2772	9629	0	630021
27962	23373	6775	600412	6262	0	636822
27963	12186	4192	19541	577742	0	613661
27964	6494	606618	6746	22777	0	642635
27965	610622	19765	4459	12651	0	647497
27966	24887	7121	3596	611846	0	647450
27967	9677	5946	601780	23677	0	641080
27968	9510	4322	19312	596213	0	629357
27969	577689	3796	7426	26961	0	615872
27970	20200	580706	5112	12769	0	618787
27971	11810	21530	3274	530214	0	566828
27972	6814	576575	3416	21319	0	608124
27973	572313	20714	3166	12122	0	608315
27974	570356	8060	3033	10515	0	591964
27975	24958	560771	3695	7403	0	596827
27976	558564	19374	3266	7843	0	589047
27977	25532	8201	2700	527467	0	563900
27978	9990	549608	2927	19537	0	582062
27979	546198	20302	2584	9983	0	579067
27980	561536	7991	2571	8150	0	580248
27981	26381	526637	3367	5968	0	562353
27982	12164	544567	2712	5593	0	565036
27983	536564	21813	2194	6160	0	566731
27984	25515	9508	1883	529802	0	566708
27985	537874	6696	2063	21327	0	567960
27986	26855	5861	1608	533857	0	568181
27987	12017	5601	524668	20969	0	563255
27988	11982	5219	16443	534800	0	568444
27989	529952	5337	4717	23773	0	563779
27990	23480	5063	529422	9260	0	567225
27991	13193	3832	17839	529283	0	564147
27992	10717	4050	5823	552535	0	573125
27993	7528	3970	536697	25114	0	573309
27994	523389	3302	19150	12277	0	558118
27995	24190	3987	6807	533993	0	568977
27996	9636	4020	512916	22335	0	548907
27997	478409	3281	19319	11951	0	512960
27998	19923	505455	7813	9336	0	542527
27999	8920	506774	5784	8402	0	529880
28000	7218	519233	4938	7552	0	538941
28001	6239	20511	492247	6864	0	525861
28002	8454	11429	17493	467178	0	504554
28003	5607	5138	470139	19595	0	500479
28004	5865	12503	15780	407050	0	441198
28005	3224	398144	5796	16087	0	423251
28006	3011	405600	3425	6181	0	418217
28007	5172	15673	3048	395182	0	419075
28008	393397	5510	2570	16378	0	417855
28009	14841	3718	1957	399043	0	419559
28010	6413	3339	1957	399224	0	410933
28011	3898	394986	2259	16319	0	417462
28012	390069	13202	1658	8455	0	413384
28013	13771	396646	1961	5528	0	417906
28014	7042	14542	1609	397956	0	421149
28015	5702	6142	1741	398270	0	411855
28016	4233	393565	2194	17458	0	417450
28017	5313	13842	2129	401282	0	422566
28018	396322	5995	1744	19021	0	423082
28019	17093	6990	1454	398122	0	423659
28020	9490	5815	1791	399347	0	416443
28021	7216	393315	2762	17410	0	420703
28022	7297	14406	3062	402038	0	426803
28023	384958	6466	2686	18908	0	413018
28024	396368	5867	2200	10268	0	414703
28025	403932	5747	1977	8442	0	420098
28026	20715	5170	2266	396280	0	424431
28027	9816	5056	385601	18026	0	418499
28028	8429	4980	386935	9316	0	409660
28029	8673	5030	14475	395453	0	423631
28030	398875	5963	4839	18255	0	427932
28031	18008	5679	3066	401335	0	428088
28032	407115	5380	2609	19267	0	434371
28033	20553	4998	2447	407834	0	435832
28034	12219	4506	2396	419643	0	438764
28035	413960	4896	2202	20218	0	441276
28036	19193	5603	397528	9378	0	431702
28037	400671	4931	12789	8768	0	427159
28038	20058	5068	401197	6994	0	433317
28039	12143	4219	13635	401490	0	431487
28040	408172	3907	5302	18104	0	435485
28041	18925	4517	408478	8251	0	440171
28042	9608	5013	409863	6661	0	431145
28043	404490	4234	16645	7702	0	433071
28044	19132	3865	410735	7231	0	440963
28045	9559	406528	15856	7907	0	439850
28046	8312	13476	6964	425651	0	454403
28047	444273	4873	6226	21344	0	476716
28048	17567	3883	447889	10428	0	479767
28049	448899	2850	16451	10040	0	478240
28050	468729	2852	8319	8954	0	488854
28051	468626	2901	6651	9249	0	487427
28052	470562	2915	5797	9158	0	488432
28053	21831	5811	5565	446497	0	479704
28054	10060	449521	5377	18083	0	483041
28055	443103	13627	5272	10801	0	472803
28056	16575	4925	410596	7265	0	439361
28057	5982	339951	9251	4285	0	359469
28058	299576	5206	4506	3357	0	312645
28059	5153	278066	2127	1894	0	287240
28060	2878	290622	1343	1589	0	296432
28061	8155	5105	4110	280704	0	298074
28062	2830	1810	1556	284167	0	290363
28063	2227	1039	953	284469	0	288688
28064	287086	681	868	6377	0	295012
28065	295380	623	834	3558	0	300395
28066	6748	651	913	303531	0	311843
28067	3878	732	990	322267	0	327867
28068	2314	973	333800	7054	0	344141
28069	324005	636	6205	4417	0	335263
28070	344431	755	2460	2958	0	350604
28071	8991	753	1557	340460	0	351761
28072	4937	615	986	346036	0	352574
28073	2648	940	341347	8379	0	353314
28074	3308	722	6329	339715	0	350074
28075	2329	664	353809	7861	0	364663
28076	2226	350728	7271	3909	0	364134
28077	2168	5803	359303	2549	0	369823
28078	3373	2672	7155	345221	0	358421
28079	1929	1556	366419	6870	0	376774
28080	1835	1307	348422	3402	0	354966
28081	354702	1057	8899	3189	0	367847
28082	8224	1055	3882	379895	0	393056
28083	3583	1005	383216	7333	0	395137
28084	353846	803	7917	4762	0	367328
28085	8075	1105	385149	2554	0	396883
28086	3713	1103	411807	2079	0	418702
28087	2529	419100	9713	2435	0	433777
28088	3265	6403	4148	416775	0	430591
28089	2037	2560	418470	7212	0	430279
28090	2328	1855	403114	3214	0	410511
28091	3207	1032	9097	409186	0	422522
28092	3176	713	4427	409348	0	417664
28093	2020	415952	3373	8943	0	430288
28094	3117	6256	2385	423338	0	435096
28095	428472	2279	2185	10127	0	443063
28096	427500	1499	2249	6053	0	437301
28097	438128	972	2174	5008	0	446282
28098	11031	1070	2349	426990	0	441440
28099	4779	432290	2728	8337	0	448134
28100	433789	6583	2354	5943	0	448669
28101	8095	433739	2504	3621	0	447959
28102	3891	426031	2542	3200	0	435664
28103	2749	435218	2699	3070	0	443736
28104	436595	8096	2786	4245	0	451722
28105	8547	3328	2579	433695	0	448149
28106	4835	2207	2428	432956	0	442426
28107	2783	437010	2619	8830	0	451242
28108	428848	7012	2541	5963	0	444364
28109	8115	3363	429878	3012	0	444368
28110	4834	2126	7958	431106	0	446024
28111	433105	1568	4181	9397	0	448251
28112	7612	446458	3440	4352	0	461862
28113	460846	7050	2564	5667	0	476127
28114	9395	3212	2505	464754	0	479866
28115	4080	473308	2928	7801	0	488117
28116	3337	7553	464386	4035	0	479311
28117	460151	3186	7735	4540	0	475612
28118	8819	2486	3617	479834	0	494756
28119	484050	1876	2654	10070	0	498650
28120	9394	2193	2238	481294	0	495119
28121	4488	475739	2553	8960	0	491740
28122	3852	7202	486767	4479	0	502300
28123	3447	3806	483397	3997	0	494647
28124	3914	5020	8484	487534	0	504952
28125	493967	2084	4689	9666	0	510406
28126	494493	1693	2542	5434	0	504162
28127	9637	1551	1962	490756	0	503906
28128	5532	1465	1917	492882	0	501796
28129	497438	1559	1909	10558	0	511464
28130	8544	1660	2002	500218	0	512424
28131	500860	1668	2045	10686	0	515259
28132	8250	497228	2300	4820	0	512598
28133	490648	6805	1987	5788	0	505228
28134	8932	3613	508867	3371	0	524783
28135	5604	2436	7648	506775	0	522463
28136	4786	1867	3897	518139	0	528689
28137	4317	1727	3202	520791	0	530037
28138	3643	505208	2916	10821	0	522588
28139	4031	483832	2782	6581	0	497226
28140	3638	7855	2506	514335	0	528334
28141	2526	3887	507426	9384	0	523223
28142	3509	2505	7674	502067	0	515755
28143	3286	2130	4120	513017	0	522553
28144	2564	506662	3549	10085	0	522860
28145	499253	6935	3018	6534	0	515740
28146	7029	490963	3137	4231	0	505360
28147	3733	498703	3386	3455	0	509277
28148	3881	7623	3042	496648	0	511194
28149	4154	3203	2885	496950	0	507192
28150	4216	2240	2226	491364	0	500046
28151	3847	2009	2113	497101	0	505070
28152	489967	2021	2468	11746	0	506202
28153	6755	490843	3058	5216	0	505872
28154	495332	6452	2776	6133	0	510693
28155	506762	3155	2827	5689	0	518433
28156	8785	2572	2050	505083	0	518490
28157	5051	2222	1675	510323	0	519271
28158	507189	1724	1816	11748	0	522477
28159	506090	1919	1660	7499	0	517168
28160	9417	2136	1056	500616	0	513225
28161	5855	2488	638	502977	0	511958
28162	4109	2544	499765	9193	0	515611
28163	3922	486759	5285	5457	0	501423
28164	3759	509585	2060	3956	0	519360
28165	489190	5497	1540	5243	0	501470
28166	6316	2810	499311	2797	0	511234
28167	2867	2208	462541	2264	0	469880
28168	428895	1581	4704	3415	0	438595
28169	455634	749	1917	3183	0	461483
28170	3422	487627	1062	1199	0	493310
28171	1503	507224	760	1309	0	510796
28172	1919	3006	442	514775	0	520142
28173	529167	1122	434	6251	0	536974
28174	528919	761	356	4483	0	534519
28175	529507	672	341	3871	0	534391
28176	4196	906	391	524912	0	530405
28177	2272	846	435	529051	0	532604
28178	1449	1222	520587	3512	0	526770
28179	1760	1258	476495	2000	0	481513
28180	1195	1073	514653	1439	0	518360
28181	2040	5554	2885	502221	0	512700
28182	497610	278	1120	4604	0	503612
28183	2005	809	513366	851	0	517031
28184	1740	444	1595	508739	0	512518
28185	647	521118	907	1954	0	524626
28186	1153	1548	382	509740	0	512823
28187	1442	573	299	506953	0	509267
28188	711	819	528269	2754	0	532553
28189	1682	377	2669	516353	0	521081
28190	553912	295	901	6093	0	561201
28191	5279	889	575733	1255	0	583156
28192	3242	400	5143	572761	0	581546
28193	1286	808	594809	5388	0	602291
28194	905	592468	6810	2478	0	602661
28195	1079	6358	599578	1433	0	608448
28196	3059	2405	7062	570284	0	582810
28197	1979	1307	2909	602381	0	608576
28198	758	1508	620011	8098	0	630375
28199	2417	814	7051	595914	0	606196
28200	2433	853	2847	596294	0	602427
28201	692	603170	2467	9075	0	615404
28202	962	6557	610481	4219	0	622219
28203	3144	2228	7175	601813	0	614360
28204	2357	1377	3196	619687	0	626617
28205	773	621872	2561	9558	0	634764
28206	1938	6982	1768	635373	0	646061
28207	632491	2801	1512	11662	0	648466
28208	8366	1713	1599	635520	0	647198
28209	2659	1843	639180	9809	0	653491
28210	613123	984	8045	8249	0	630401
28211	663611	952	3384	6799	0	674746
28212	11972	1300	672212	3267	0	688751
28213	631788	800	10377	6275	0	649240
28214	11223	671978	4898	3251	0	691350
28215	6976	9810	3020	684449	0	704255
28216	5627	3965	2417	752177	0	764186
28217	5045	2457	2091	745376	0	754969
28218	4680	1920	1766	761795	0	770161
28219	4432	1579	1547	768244	0	775802
28220	754848	1289	1509	25283	0	782929
28221	14885	1642	744871	10752	0	772150
28222	700942	941	14306	10748	0	726937
28223	16605	1524	736064	6566	0	760759
28224	9966	1014	15955	729890	0	756825
28225	737334	1082	7076	19854	0	765346
28226	18612	1379	4792	728833	0	753616
28227	7724	737974	4499	17925	0	768122
28228	759927	13446	3594	12393	0	789360
28229	19559	5167	3277	788122	0	816125
28230	7914	3716	759814	19895	0	791339
28231	716540	2166	14105	14611	0	747422
28232	17146	797505	6502	8600	0	829753
28233	8599	15371	814965	6667	0	845602
28234	9375	6000	16897	792833	0	825105
28235	8815	3852	8054	777813	0	798534
28236	5104	796769	5948	21921	0	829742
28237	4656	16163	800939	11233	0	832991
28238	7405	6477	16914	791751	0	822547
28239	4270	4906	824231	21678	0	855085
28240	6779	3573	18480	808361	0	837193
28241	6611	3224	8372	822544	0	840751
28242	4332	3390	818026	26319	0	852067
28243	7214	2394	18923	808651	0	837182
28244	11307	3531	12232	699379	0	726449
28245	7507	2454	7101	854312	0	871374
28246	7327	2581	6618	857711	0	874237
28247	820153	1998	6328	35942	0	864421
28248	20266	2754	810942	18640	0	852602
28249	826864	2671	20676	17103	0	867314
28250	25732	3245	10448	872357	0	911782
28251	14168	2655	8772	889440	0	915035
28252	10834	2603	7122	884104	0	904663
28253	6651	866828	7946	36133	0	917558
28254	875678	20240	6265	22269	0	924452
28255	24622	8499	6278	918578	0	957977
28256	10554	912734	7361	30261	0	960910
28257	9329	20092	5719	938757	0	973897
28258	928912	8560	5982	36142	0	979596
28259	924813	6344	5753	23558	0	960468
28260	925243	5349	6272	19544	0	956408
28261	29319	917738	6966	15015	0	969038
28262	14184	21472	919080	14053	0	968789
28263	899258	9367	22340	17543	0	948508
28264	938554	6079	10356	18681	0	973670
28265	29556	935491	8328	14800	0	988175
28266	934591	21722	6472	17057	0	979842
28267	922907	10169	6265	16452	0	955793
28268	942091	6636	5716	16384	0	970827
28269	33374	950753	6771	14402	0	1005300
28270	20995	21958	6000	947772	0	996725
28271	947651	9976	5512	32841	0	995980
28272	969962	7086	5167	20522	0	1002737
28273	950097	5917	4739	18249	0	979002
28274	964987	5729	4359	16433	0	991508
28275	39222	6284	4361	939540	0	989407
28276	21210	6402	930069	30600	0	988281
28277	20414	5023	22277	920679	0	968393
28278	15786	935597	10208	31358	0	992949
28279	17076	22887	6748	970771	0	1017482
28280	14807	10714	967751	33130	0	1026402
28281	961629	6898	24449	21242	0	1014218
28282	35966	6204	11020	992238	0	1045428
28283	980809	6673	7815	35669	0	1030966
28284	989829	6378	6650	22944	0	1025801
28285	42975	5700	5793	982643	0	1037111
28286	24572	5760	981768	32805	0	1044905
28287	21606	6162	923675	18232	0	969675
28288	893489	5810	28784	16858	0	944941
28289	33664	930059	13740	13494	0	990957
28290	18269	910005	8708	11443	0	948425
28291	15183	906399	7229	11194	0	940005
28292	14033	937414	6832	10698	0	968977
28293	895457	26721	9929	13417	0	945524
28294	905164	11595	6241	11615	0	934615
28295	901211	8118	4375	11293	0	924997
28296	904954	7547	4092	11291	0	927884
28297	34739	7658	3949	871544	0	917890
28298	19164	865688	4692	22600	0	912144
28299	867647	20344	4535	15253	0	907779
28300	29427	9901	862566	9417	0	911311
28301	18054	861048	19567	9343	0	908012
28302	15604	19947	862755	9086	0	907392
28303	839851	9863	20905	11208	0	881827
28304	872122	7648	9420	11520	0	900710
28305	874111	7719	6927	10406	0	899163
28306	34109	6976	5599	856579	0	903263
28307	19359	6402	855581	21587	0	902929
28308	15969	851945	19069	11782	0	898765
28309	831492	18558	9112	12346	0	871508
28310	27361	829977	6605	9062	0	873005
28311	16361	801712	4394	8607	0	831074
28312	13838	797833	4386	7418	0	823475
28313	13189	803211	4729	7232	0	828361
28314	11925	20865	755819	6088	0	794697
28315	10877	768787	16867	6558	0	803089
28316	694061	14343	6579	6826	0	721809
28317	16570	6818	3233	693231	0	719852
28318	10749	5292	2769	703401	0	722211
28319	697414	4416	2842	16401	0	721073
28320	15128	690271	3469	7208	0	716076
28321	9557	12909	700039	4550	0	727055
28322	10483	6711	10611	688081	0	715886
28323	10301	4886	4697	705370	0	725254
28324	9768	4838	3452	713204	0	731262
28325	7138	5706	704209	14269	0	731322
28326	7153	5776	696041	6673	0	715643
28327	9160	4936	13133	693339	0	720568
28328	7577	5003	694020	11286	0	717886
28329	7505	5374	643394	5468	0	661741
28330	579832	4811	13280	7649	0	605572
28331	13602	645460	6296	5057	0	670415
28332	7621	623687	4110	3976	0	639394
28333	7546	639176	3536	3617	0	653875
28334	8450	13797	3518	609036	0	634801
28335	5914	644985	3847	8985	0	663731
28336	646618	11062	3691	8358	0	669729
28337	12793	6385	653827	4526	0	677531
28338	660059	4805	11139	6095	0	682098
28339	14965	4414	5475	671392	0	696246
28340	8963	3947	4342	680557	0	697809
28341	5731	710180	4257	14365	0	734533
28342	706730	13421	3851	9660	0	733662
28343	712164	5989	5607	7618	0	731378
28344	19969	762562	3986	4665	0	791182
28345	11295	18130	2802	741075	0	773302
28346	6345	7755	758033	15667	0	787800
28347	5524	5719	759670	6790	0	777703
28348	4814	775490	20505	5026	0	805835
28349	758043	18582	8317	7881	0	792823
28350	18311	7345	765973	2131	0	793760
28351	11548	4251	16912	745636	0	778347
28352	762789	3103	7345	19066	0	792303
28353	777373	2985	4229	10032	0	794619
28354	22318	920015	4634	4806	0	951773
28355	9360	978719	4373	3350	0	995802
28356	969416	30830	3355	5947	0	1009548
28357	28166	12826	969308	2386	0	1012686
28358	961428	7289	25500	5688	0	999905
28359	993017	4965	9438	5545	0	1012965
28360	39114	5013	5971	966077	0	1016175
28361	14576	5390	995714	24892	0	1040572
28362	9571	5212	990951	8446	0	1014180
28363	952659	3482	34388	8357	0	998886
28364	31259	4366	1001901	3645	0	1041171
28365	950499	3563	31247	6204	0	991513
28366	987096	3490	11753	6812	0	1009151
28367	36222	979180	8365	3770	0	1027537
28368	16564	28921	975614	2609	0	1023708
28369	10852	969113	29657	2897	0	1012519
28370	949243	29271	13289	5974	0	997777
28371	32386	11908	951470	2364	0	998128
28372	21235	8033	29356	902446	0	961070
28373	11564	5351	948444	25735	0	991094
28374	9723	4794	955449	9372	0	979338
28375	9527	4483	956062	4951	0	975023
28376	9752	4448	951787	3588	0	969575
28377	8317	908704	41883	3899	0	962803
28378	9537	27271	915222	3106	0	955136
28379	8964	890984	34237	3797	0	937982
28380	8308	28973	892539	3218	0	933038
28381	864509	11585	34580	5191	0	915865
28382	33673	8209	15895	809759	0	867536
28383	15025	887779	12333	20511	0	935648
28384	873209	26920	10966	11726	0	922821
28385	884876	12538	10884	9077	0	917375
28386	839794	9080	11415	8699	0	868988
28387	880118	6560	12577	6521	0	905776
28388	37886	869468	13008	4156	0	924518
28389	847054	27802	11545	7296	0	893697
28390	880438	13670	11378	6778	0	912264
28391	38006	848641	12012	5248	0	903907
28392	19398	31267	826671	4070	0	881406
28393	18823	14770	31758	792086	0	857437
28394	13879	847196	18568	23417	0	903060
28395	13149	31106	852161	10309	0	906725
28396	13968	16355	860681	6859	0	897863
28397	14548	834180	40614	5035	0	894377
28398	15201	851014	21463	4956	0	892634
28399	15125	893739	15819	5442	0	930125
28400	15914	904253	12912	4789	0	937868
28401	879680	43742	13268	6580	0	943270
28402	901081	22603	12180	6991	0	942855
28403	47843	15560	902871	4915	0	971189
28404	26161	14271	922097	4759	0	967288
28405	22792	12456	45613	880176	0	961037
28406	20743	12707	24414	908244	0	966108
28407	20770	13133	17196	928064	0	979163
28408	904699	13137	17832	40786	0	976454
28409	40938	901215	17929	17098	0	977180
28410	24473	950648	17591	9963	0	1002675
28411	20552	985226	16676	8133	0	1030587
28412	947393	51375	16163	8892	0	1023823
28413	978645	27633	16288	8941	0	1031507
28414	58268	19511	15882	948335	0	1041996
28415	986068	15516	19936	34939	0	1056459
28416	1008609	15596	18358	15960	0	1058523
28417	60654	15793	18388	978045	0	1072880
28418	993121	15876	17775	40831	0	1067603
28419	52593	973842	21352	19147	0	1066934
28420	33974	40616	22271	974008	0	1070869
28421	29080	22669	972882	36337	0	1060968
28422	24633	969067	50111	17241	0	1061052
28423	25562	47166	986962	13395	0	1073085
28424	28977	27164	50788	904979	0	1011908
28425	25079	992101	31932	32760	0	1081872
28426	31262	43350	27277	970403	0	1072292
28427	28610	26135	25353	1000179	0	1080277
28428	28572	20410	986444	47232	0	1082658
28429	26491	18391	1042634	22196	0	1109712
28430	25787	17648	59015	1016083	0	1118533
28431	27114	17978	37302	973037	0	1055431
28432	22542	1036887	31258	45355	0	1136042
28433	997668	47018	25913	25157	0	1095756
28434	50308	1021573	27738	17214	0	1116833
28435	29063	1057965	22869	15207	0	1125104
28436	22048	57525	1001517	14123	0	1095213
28437	16886	1007643	49382	14580	0	1088491
28438	22495	51672	32160	905938	0	1012265
28439	18742	988594	24756	37361	0	1069453
28440	21275	48174	19846	929175	0	1018470
28441	15112	961408	21931	39699	0	1038150
28442	942132	46557	19088	22652	0	1030429
28443	43812	960231	20703	15596	0	1040342
28444	25286	43262	15149	833936	0	917633
28445	19367	901263	13607	30161	0	964398
28446	886975	42769	14519	15875	0	960138
28447	887059	27155	9308	14038	0	937560
28448	44886	875792	12019	10276	0	942973
28449	855159	39296	8776	10029	0	913260
28450	42791	30914	10542	814642	0	898889
28451	21686	20006	825267	31437	0	898396
28452	19613	17676	830381	16539	0	884209
28453	16463	835120	35739	14248	0	901570
28454	641912	21149	14078	9291	0	686430
28455	637484	10440	6207	7840	0	661971
28456	22606	8328	625728	6626	0	663288
28457	11152	7679	619218	6334	0	644383
28458	596568	7473	19410	7300	0	630751
28459	624520	7154	9032	7190	0	647896
28460	20877	7794	607961	5915	0	642547
28461	564895	7453	16645	6682	0	595675
28462	18365	579428	8880	5592	0	612265
28463	8494	610124	6544	5474	0	630636
28464	9095	21612	6648	587338	0	624693
28465	7541	11639	5374	600797	0	625351
28466	595396	8489	5390	20481	0	629756
28467	591131	7556	5643	11196	0	615526
28468	595904	7095	5685	8657	0	617341
28469	21647	7106	5108	585348	0	619209
28470	12112	7473	4371	589767	0	613723
28471	8542	560100	4748	19855	0	593245
28472	7955	573064	4597	10328	0	595944
28473	7850	599813	4390	7525	0	619578
28474	8533	22059	4466	563220	0	598278
28475	7626	589107	4462	15250	0	616445
28476	7620	20192	567586	8052	0	603450
28477	531934	11382	13750	8673	0	565739
28478	18131	10158	571998	6330	0	606617
28479	9937	9131	567707	6202	0	592977
28480	546629	8602	17044	7013	0	579288
28481	17882	574471	8080	6022	0	606455
28482	580122	18080	5475	6813	0	610490
28483	584835	10693	4708	7136	0	607372
28484	21292	9060	575922	6030	0	612304
28485	12411	8673	578659	5224	0	604967
28486	10120	590410	18306	5507	0	624343
28487	9691	18803	595473	5284	0	629251
28488	10595	10552	17699	589825	0	628671
28489	11826	9399	9747	522918	0	553890
28490	8318	591030	8487	18157	0	625992
28491	8999	618373	7566	8775	0	643713
28492	606829	22735	6172	7739	0	643475
28493	628776	13547	6198	7131	0	655652
28494	23626	10392	6333	622694	0	663045
28495	13941	9110	6734	638300	0	668085
28496	625804	7936	7202	20102	0	661044
28497	626255	7934	6692	10918	0	651799
28498	21838	635099	6466	8188	0	671591
28499	604461	15912	5563	6320	0	632256
28500	19677	581899	4948	4860	0	611384
28501	10805	607940	4914	4484	0	628143
28502	601251	18215	5233	6234	0	630933
28503	601403	10718	4176	6160	0	622457
28504	20924	8918	3365	591892	0	625099
28505	596162	6906	3263	14186	0	620517
28506	20513	6493	584274	5956	0	617236
28507	12553	591566	11353	5926	0	621398
28508	585593	13321	5603	7824	0	612341
28509	16323	6650	592272	6507	0	621752
28510	9689	9064	11779	540276	0	570808
28511	7821	550584	6184	9416	0	574005
28512	8036	568080	4412	4323	0	584851
28513	564707	12466	4673	5059	0	586905
28514	13965	6570	551028	3231	0	574794
28515	527070	4192	10486	2878	0	544626
28516	14575	3449	5615	539502	0	563141
28517	8511	2970	540031	7616	0	559128
28518	514660	2816	9618	5876	0	532970
28519	12043	554645	5266	3062	0	575016
28520	6111	581498	4524	2493	0	594626
28521	584081	11367	4352	4093	0	603893
28522	582876	6013	2426	4771	0	596086
28523	594375	4075	1791	5509	0	605750
28524	14244	3384	2131	580575	0	600334
28525	9923	3257	2210	586814	0	602204
28526	7494	2581	581733	8799	0	600607
28527	6344	2598	556935	5386	0	571263
28528	4943	578304	8388	5116	0	596751
28529	4379	7512	3770	542210	0	557871
28530	537226	2343	1967	6040	0	547576
28531	5304	536210	1305	2657	0	545476
28532	3205	5307	1016	539564	0	549092
28533	536914	2427	1109	6435	0	546885
28534	5345	532274	1337	2870	0	541826
28535	3198	554942	1320	1983	0	561443
28536	3654	5598	529663	1344	0	540259
28537	519167	2715	4627	3039	0	529548
28538	543301	1873	2078	3173	0	550425
28539	5698	1839	534670	1664	0	543871
28540	495114	1233	4080	2668	0	503095
28541	5050	1600	535915	745	0	543310
28542	2279	526902	4081	918	0	534180
28543	3435	4702	2339	523230	0	533706
28544	518763	1615	1478	4881	0	526737
28545	3996	513986	1265	1501	0	520748
28546	2029	518897	1140	1161	0	523227
28547	500234	3296	818	2464	0	506812
28548	3648	2041	524350	580	0	530619
28549	497529	1353	2897	3123	0	504902
28550	3333	534566	1542	853	0	540294
28551	2081	3090	512249	460	0	517880
28552	497396	1303	2602	2073	0	503374
28553	522768	939	1027	1764	0	526498
28554	4223	810	810	514159	0	520002
28555	2532	762	640	522459	0	526393
28556	1273	519072	861	2876	0	524082
28557	1385	3161	516274	1215	0	522035
28558	2563	1175	2647	514122	0	520507
28559	1272	1365	545485	3541	0	551663
28560	1373	1440	538001	1290	0	542104
28561	2363	815	4744	565636	0	573558
28562	1343	1068	583466	5231	0	591108
28563	1521	1210	563243	1837	0	567811
28564	2717	882	6941	553190	0	563730
28565	1134	1107	573811	5576	0	581628
28566	518828	695	6865	4148	0	530536
28567	5849	554118	3060	1868	0	564895
28568	2477	5839	569132	1141	0	578589
28569	2159	2493	590450	1071	0	596173
28570	3341	1694	7622	570317	0	582974
28571	612732	922	3185	7943	0	624782
28572	613492	772	2186	4186	0	620636
28573	609108	764	1806	3499	0	615177
28574	612813	731	1758	2925	0	618227
28575	9163	773	1504	596360	0	607800
28576	3630	1320	604605	5896	0	615451
28577	595539	746	6490	4633	0	607408
28578	614544	650	2625	4172	0	621991
28579	617387	678	2088	3582	0	623735
28580	8899	1171	599896	1162	0	611128
28581	568977	1022	6605	2534	0	579138
28582	8563	1078	3230	618368	0	631239
28583	3404	629052	3077	6090	0	641623
28584	4289	6961	1985	611524	0	624759
28585	2441	623756	2391	6360	0	634948
28586	619321	6520	2001	5244	0	633086
28587	8067	2582	632160	2241	0	645050
28588	4829	2191	8237	607568	0	622825
28589	2372	619325	4231	7255	0	633183
28590	1908	640836	3738	3153	0	649635
28591	636201	8149	3066	4539	0	651955
28592	632108	3364	2328	3815	0	641615
28593	9971	2820	604903	1445	0	619139
28594	604630	1490	9108	3043	0	618271
28595	11208	1206	3826	612808	0	629048
28596	5017	1652	629819	8281	0	644769
28597	4856	1897	619084	3155	0	628992
28598	5998	1260	9714	632810	0	649782
28599	671583	1154	4237	11954	0	688928
28600	13379	976	3081	666015	0	683451
28601	7598	861	3021	667899	0	679379
28602	6048	974	2801	667948	0	677771
28603	4244	669704	3045	13806	0	690799
28604	5917	9554	2390	679388	0	697249
28605	662534	3548	2645	15253	0	683980
28606	12230	666551	3133	6636	0	688550
28607	7461	10544	2596	678347	0	698948
28608	671710	4529	2171	15791	0	694201
28609	12367	656393	2885	6553	0	678198
28610	5600	674327	3297	4611	0	687835
28611	6300	14542	2748	673877	0	697467
28612	659420	5858	2481	16253	0	684012
28613	14465	4151	652788	6696	0	678100
28614	7212	3659	641453	5146	0	657470
28615	643368	3114	15540	6691	0	668713
28616	682816	2866	6764	6428	0	698874
28617	18806	693157	4925	3731	0	720619
28618	11561	13773	3774	671834	0	700942
28619	7371	6015	676166	14084	0	703636
28620	5947	4349	657870	6983	0	675149
28621	5132	3413	715600	5445	0	729590
28622	4608	696968	22873	4751	0	729200
28623	4198	720780	10361	4621	0	739960
28624	709014	19402	5911	7470	0	741797
28625	18918	8198	714137	4866	0	746119
28626	694357	4766	17995	7212	0	724330
28627	716318	3496	8415	7567	0	735796
28628	23616	4243	719153	4485	0	751497
28629	11267	737765	18752	4786	0	772570
28630	11809	18683	7953	728283	0	766728
28631	7251	8919	758174	18307	0	792651
28632	6686	6841	731730	8503	0	753760
28633	703148	4900	23726	9002	0	740776
28634	20222	742926	11356	4844	0	779348
28635	12100	19766	7302	712269	0	751437
28636	9348	9413	5449	716183	0	740393
28637	6360	717089	5904	22446	0	751799
28638	6746	735126	6257	9807	0	757936
28639	6340	753562	6750	6936	0	773588
28640	9132	25027	5148	759598	0	798905
28641	782488	10822	4520	23713	0	821543
28642	26333	7574	4784	793298	0	831989
28643	10446	7257	789561	25419	0	832683
28644	7440	6521	788538	11633	0	814132
28645	8962	5654	28891	793280	0	836787
28646	6523	6204	806120	23611	0	842458
28647	6741	799593	26910	11257	0	844501
28648	9492	24227	11586	831610	0	876915
28649	877164	10582	8311	29552	0	925609
28650	886416	7286	7342	15500	0	916544
28651	33117	899179	7554	9506	0	949356
28652	898494	29697	6332	11165	0	945688
28653	920119	12734	6061	10497	0	949411
28654	931098	8548	6184	10588	0	956418
28655	39924	8247	853127	7664	0	908962
28656	868002	6325	27543	10243	0	912113
28657	34055	881845	13154	7835	0	936889
28658	16157	27791	884130	6287	0	934365
28659	12652	12168	884227	6606	0	915653
28660	9783	873906	34501	7184	0	925374
28661	852225	28724	15640	8203	0	904792
28662	33345	12179	9259	817007	0	871790
28663	14844	834442	7478	24681	0	881445
28664	847460	27393	6483	13556	0	894892
28665	33282	12684	6430	848721	0	901117
28666	863026	8647	6383	31013	0	909069
28667	36563	7207	6300	864934	0	915004
28668	17013	7374	851809	30259	0	906455
28669	12225	7917	842691	13486	0	876319
28670	10652	8488	852882	9403	0	881425
28671	14352	7900	36149	807267	0	865668
28672	13289	7798	16326	854193	0	891606
28673	10468	8606	843405	34314	0	896793
28674	10671	836073	31120	16333	0	894197
28675	852315	28365	14871	12800	0	908351
28676	859842	13280	11757	11031	0	895910
28677	38788	865299	11226	8591	0	923904
28678	24326	31208	9844	871879	0	937257
28679	15786	14125	900595	30780	0	961286
28680	877929	9917	34517	16953	0	939316
28681	36944	8978	906287	11339	0	963548
28682	19277	8219	875821	8243	0	911560
28683	14700	8574	892379	7379	0	923032
28684	844009	8180	44733	9438	0	906360
28685	36462	8563	874342	8025	0	927392
28686	18907	827907	38132	8385	0	893331
28687	15370	874086	20661	7536	0	917653
28688	17264	35998	15338	827561	0	896161
28689	16912	16030	13010	855363	0	901315
28690	13016	11110	845078	35224	0	904428
28691	806539	9452	34775	18514	0	869280
28692	863143	8990	18530	13073	0	903736
28693	42484	8529	15438	846162	0	912613
28694	849812	7277	14319	32935	0	904343
28695	36286	844134	14608	15661	0	910689
28696	837464	29982	12804	13582	0	893832
28697	36929	812505	12828	11318	0	873580
28698	18462	834631	11228	10099	0	874420
28699	800531	32924	11300	11235	0	855990
28700	804866	15469	10663	10940	0	841938
28701	828957	10889	10350	9958	0	860154
28702	840472	9188	10644	10522	0	870826
28703	41621	9173	785601	8945	0	845340
28704	780534	7742	31135	9086	0	828497
28705	39392	8519	15851	759840	0	823602
28706	20603	780556	12964	25912	0	840035
28707	784080	26600	10701	14027	0	835408
28708	34791	783723	10693	9515	0	838722
28709	789027	29011	9957	8927	0	836922
28710	37805	13655	9338	772956	0	833754
28711	22268	11376	9142	794565	0	837351
28712	16958	10432	764272	31746	0	823408
28713	16989	9490	770264	14739	0	811482
28714	15999	777763	32293	11293	0	837348
28715	755580	26224	16175	10882	0	808861
28716	33686	743984	12046	8326	0	798042
28717	19965	740277	10301	8106	0	778649
28718	17692	767834	9381	7774	0	802681
28719	17182	32179	731176	7068	0	787605
28720	14990	744281	25790	6902	0	791963
28721	683900	28221	13109	7975	0	733205
28722	690565	13705	9533	6989	0	720792
28723	33373	10799	8077	661226	0	713475
28724	18049	654284	8418	22040	0	702791
28725	14474	681221	8466	11287	0	715448
28726	15721	27435	8234	663746	0	715136
28727	14106	14571	669686	21141	0	719504
28728	13561	654431	22588	10217	0	700797
28729	16309	26361	10143	632701	0	685514
28730	616188	13899	7751	23153	0	660991
28731	623847	11602	6970	11953	0	654372
28732	27258	631134	7534	8553	0	674479
28733	634604	23347	7937	8535	0	674423
28734	643506	12165	7672	7839	0	671182
28735	31714	10028	7710	616395	0	665847
28736	17536	8847	610960	20724	0	658067
28737	12924	617092	21567	11153	0	662736
28738	13564	26565	11288	605352	0	656769
28739	11213	14207	608997	18544	0	652961
28740	10506	593070	18952	9719	0	632247
28741	556045	20813	10141	8914	0	595913
28742	564365	11731	7289	7586	0	590971
28743	24738	9529	5935	548078	0	588280
28744	14459	557069	6473	15977	0	593978
28745	12046	18737	553467	8244	0	592494
28746	12895	13159	16828	540432	0	583314
28747	10239	9832	557310	16067	0	593448
28748	7921	510752	15196	7990	0	541859
28749	12047	15253	8921	444482	0	480703
28750	438569	6510	5187	11355	0	461621
28751	10610	437222	3511	5603	0	456946
28752	431187	10650	2929	5758	0	450524
28753	424724	6374	2918	4815	0	438831
28754	14135	432703	2658	3375	0	452871
28755	9954	10722	2548	429054	0	452278
28756	8111	7529	2279	428681	0	446600
28757	5686	415670	2647	11472	0	435475
28758	5040	432233	2783	6455	0	446511
28759	5670	12297	2902	402705	0	423574
28760	4772	420978	2727	8295	0	436772
28761	419668	10414	2480	5562	0	438124
28762	415991	6159	2124	4526	0	428800
28763	12242	5258	407768	3295	0	428563
28764	7651	4548	391806	2893	0	406898
28765	387927	4366	9090	3954	0	405337
28766	405983	3791	4571	4010	0	418355
28767	10312	414715	3533	2883	0	431443
28768	412052	9641	3007	3988	0	428688
28769	409850	5502	2201	4040	0	421593
28770	11188	404134	2033	3081	0	420436
28771	411638	9672	1673	3835	0	426818
28772	11464	6774	1771	455877	0	475886
28773	7511	5574	2003	473889	0	488977
28774	4894	4388	496260	12566	0	518108
28775	4057	474870	10692	5537	0	495156
28776	3461	499238	3942	3609	0	510250
28777	458720	17441	5809	7481	0	489451
28778	460955	4429	2387	4141	0	471912
28779	452606	2395	1181	3919	0	460101
28780	465467	1991	1221	3184	0	471863
28781	11895	2494	447406	1677	0	463472
28782	4208	2658	458634	1404	0	466904
28783	2991	465465	10239	1575	0	480270
28784	4939	10229	3400	458146	0	476714
28785	5030	4125	1912	451144	0	462211
28786	3643	470965	1674	9110	0	485392
28787	5357	10128	1562	460380	0	477427
28788	458139	3684	1799	10752	0	474374
28789	10904	461985	2175	3307	0	478371
28790	5095	10448	469994	2216	0	487753
28791	3737	479795	9430	2618	0	495580
28792	473478	10543	3412	3686	0	491119
28793	10581	4761	472781	2484	0	490607
28794	459131	3208	10084	3900	0	476323
28795	477972	2871	3449	3768	0	488060
28796	12200	3377	471892	2178	0	489647
28797	4895	3133	466597	2004	0	476629
28798	3839	3206	462588	1894	0	471527
28799	423737	2837	11819	2917	0	441310
28800	11105	2661	462219	1555	0	477540
28801	5294	453850	10397	1497	0	471038
28802	451618	9132	4383	2382	0	467515
28803	10726	3460	453689	946	0	468821
28804	424038	2297	11134	2230	0	439699
28805	11381	2260	450737	868	0	465246
28806	5586	2050	463862	887	0	472385
28807	4195	469312	12630	1206	0	487343
28808	4155	9529	476175	925	0	490784
28809	4257	3577	468628	972	0	477434
28810	3928	430192	13586	1511	0	449217
28811	453597	9565	6229	2133	0	471524
28812	10936	3908	469359	765	0	484968
28813	6450	3033	11793	429826	0	451102
28814	3621	470738	5974	7109	0	487442
28815	471718	9760	4820	4040	0	490338
28816	466297	4138	4859	3512	0	478806
28817	12314	3631	473056	1810	0	490811
28818	5651	454436	12276	1621	0	473984
28819	4152	478186	7002	1535	0	490875
28820	5043	12868	4898	455251	0	478060
28821	4638	455765	4725	8154	0	473282
28822	7315	11966	4037	437085	0	460403
28823	6718	5460	4041	471172	0	487391
28824	5455	477361	4614	10692	0	498122
28825	6194	11932	4383	465760	0	488269
28826	4809	475359	4750	10535	0	495453
28827	4907	13123	466586	4709	0	489325
28828	5694	6989	11573	458515	0	482771
28829	5602	6265	5586	462561	0	480014
28830	4329	463675	4936	12288	0	485228
28831	4525	482401	4402	5875	0	497203
28832	5514	14872	3878	455052	0	479316
28833	4241	471748	4626	11213	0	491828
28834	462842	14010	4438	7007	0	488297
28835	12944	7266	4521	462991	0	487722
28836	5776	470445	5049	12135	0	493405
28837	459620	13410	4457	7110	0	484597
28838	12525	461493	5048	4756	0	483822
28839	6464	14195	458786	4630	0	484075
28840	6746	7751	12922	447486	0	474905
28841	456379	6627	6988	13101	0	483095
28842	13327	5960	463561	5818	0	488666
28843	7821	6615	13435	439537	0	467408
28844	6833	456502	6868	10601	0	480804
28845	6590	13818	447336	4657	0	472401
28846	5956	459485	14035	3988	0	483464
28847	435475	13118	8027	4729	0	461349
28848	449648	6726	7825	4318	0	468517
28849	14673	447802	7544	3461	0	473480
28850	444882	12932	7461	4495	0	469770
28851	13583	7524	441018	3101	0	465226
28852	7684	6161	15106	428528	0	457479
28853	6751	6305	8725	421394	0	443175
28854	6750	439398	7455	11005	0	464608
28855	457875	13092	7699	6359	0	485025
28856	473346	7452	6428	5495	0	492721
28857	14411	7085	469207	2770	0	493473
28858	462545	5677	13901	4273	0	486396
28859	478339	5930	7523	4294	0	496086
28860	481012	5451	6729	4114	0	497306
28861	16777	5803	5860	463759	0	492199
28862	8947	6148	5825	463676	0	484596
28863	6940	471482	5732	11412	0	495566
28864	459601	12916	5648	6554	0	484719
28865	460920	6445	4847	6236	0	478448
28866	14423	460985	5007	4359	0	484774
28867	8412	14238	4264	441046	0	467960
28868	6384	447090	3691	11020	0	468185
28869	5537	470421	3866	5292	0	485116
28870	452928	13890	4765	6833	0	478416
28871	13279	7503	445477	4908	0	471167
28872	5026	4116	384953	2698	0	396793
28873	3516	385178	7107	2693	0	398494
28874	344407	5411	4508	2823	0	357149
28875	4925	2665	346973	1483	0	356046
28876	2336	325738	4486	1594	0	334154
28877	319642	3393	1447	1946	0	326428
28878	3479	1483	315710	657	0	321329
28879	2057	1297	2940	308450	0	314744
28880	331489	947	1052	4478	0	337966
28881	4134	1182	328278	1319	0	334913
28882	1720	1206	336533	978	0	340437
28883	1365	1113	349263	854	0	352595
28884	1137	1151	348443	555	0	351286
28885	329748	1070	5304	1736	0	337858
28886	362826	601	1762	1686	0	366875
28887	4303	365321	1135	881	0	371640
28888	2335	4089	676	376029	0	383129
28889	1882	1227	573	384386	0	388068
28890	833	375191	771	5526	0	382321
28891	1656	5376	532	376857	0	384421
28892	804	386840	851	5526	0	394021
28893	668	398665	837	2032	0	402202
28894	1765	7254	555	391655	0	401229
28895	915	3080	396336	5928	0	406259
28896	634	397419	6288	2252	0	406593
28897	1634	6381	2214	400729	0	410958
28898	401556	2521	1507	7602	0	413186
28899	6546	1969	396213	2301	0	407029
28900	383840	1285	6474	2742	0	394341
28901	403667	1191	2484	2265	0	409607
28902	9790	1112	1633	408741	0	421276
28903	3622	1336	428435	7679	0	441072
28904	2488	1441	427972	2868	0	434769
28905	1548	455577	11040	2055	0	470220
28906	3223	10067	4416	441072	0	458778
28907	1367	3716	452076	8923	0	466082
28908	1336	2430	446946	3494	0	454206
28909	1088	457595	12689	2547	0	473919
28910	456560	9979	5261	2977	0	474777
28911	467566	3739	3256	2696	0	477257
28912	14106	2423	2524	486876	0	505929
28913	5617	1890	506496	12077	0	526080
28914	3758	1849	504152	4991	0	514750
28915	2466	524452	17150	3731	0	547799
28916	2262	12737	533551	2222	0	550772
28917	2002	5715	531415	1893	0	541025
28918	4049	4116	18945	502071	0	529181
28919	1559	2616	536914	12982	0	554071
28920	507865	1911	17121	6590	0	533487
28921	14260	1819	8214	536444	0	560737
28922	5642	2010	557016	13852	0	578520
28923	3524	556197	16000	6272	0	581993
28924	4255	13246	7853	558024	0	583378
28925	2617	6120	571285	13911	0	593933
28926	1954	579802	17117	6827	0	605700
28927	3699	15243	8904	561345	0	589191
28928	1944	592729	6969	13901	0	615543
28929	3627	17042	5456	591605	0	617730
28930	3911	7224	5084	595867	0	612086
28931	1920	4827	590667	20803	0	618217
28932	2038	592976	17710	10212	0	622936
28933	3496	15967	8824	593277	0	621564
28934	3648	7041	6691	598979	0	616359
28935	3591	4954	5554	612465	0	626564
28936	1862	4154	593676	23219	0	622911
28937	1530	586471	18400	11765	0	618166
28938	3108	16519	9150	591186	0	619963
28939	1998	7669	593031	18587	0	621285
28940	1672	589465	18875	10214	0	620226
28941	3083	17359	9710	590130	0	620282
28942	1959	9214	598997	18657	0	628827
28943	1663	597209	18703	10911	0	628486
28944	3067	17501	9922	587703	0	618193
28945	3021	8901	7412	611474	0	630808
28946	1713	6728	613033	23486	0	644960
28947	555460	5063	18813	15645	0	594981
28948	14001	609373	10319	9880	0	643573
28949	612004	17777	7512	10000	0	647293
28950	16848	9424	613888	7726	0	647886
28951	606846	6973	19886	8373	0	642078
28952	18539	5926	10631	614401	0	649497
28953	8622	5528	7938	639663	0	661751
28954	4735	5631	623667	24230	0	658263
28955	563766	5284	19582	15238	0	603870
28956	590409	4856	10767	11820	0	617852
28957	19821	583564	8223	9197	0	620805
28958	8724	616517	7343	8318	0	640902
28959	606036	21633	6883	9141	0	643693
28960	18089	11499	606069	7355	0	643012
28961	9122	628582	19582	7684	0	664970
28962	7626	18945	11067	635035	0	672673
28963	6451	9839	8229	657923	0	682442
28964	4976	6997	645445	24370	0	681788
28965	610751	5580	20815	15249	0	652395
28966	19078	5885	660219	9845	0	695027
28967	643601	5078	23297	10343	0	682319
28968	22129	5296	686523	7344	0	721292
28969	10766	686664	24597	6880	0	728907
28970	692841	20391	13424	8503	0	735159
28971	701516	10825	9750	8667	0	730758
28972	694957	7505	8365	8625	0	719452
28973	705169	6164	8174	7697	0	727204
28974	29956	5944	7563	686507	0	729970
28975	14742	6089	686669	21743	0	729243
28976	11294	5650	22046	666767	0	705757
28977	8020	683000	12871	22317	0	726208
28978	8926	18811	9627	694721	0	732085
28979	7159	9958	689769	22911	0	729797
28980	6546	7144	683430	11904	0	709024
28981	8416	6850	25994	668343	0	709603
28982	664244	4936	15346	23265	0	707791
28983	653741	5013	10166	13281	0	682201
28984	662962	4918	7914	10390	0	686184
28985	28039	5098	657802	7489	0	698428
28986	15293	4675	655842	7255	0	683065
28987	10431	641678	25184	6717	0	684010
28988	7997	667192	12860	6938	0	694987
28989	640313	20452	10998	8158	0	679921
28990	648368	9975	7354	8485	0	674182
28991	21855	661277	6815	6480	0	696427
28992	651931	16550	5904	7697	0	682082
28993	654448	8347	5481	7753	0	676029
28994	22198	653441	6071	5672	0	687382
28995	664821	16192	5481	7306	0	693800
28996	660731	8679	5133	7362	0	681905
28997	22997	664101	5560	5338	0	697996
28998	670396	16103	5554	6885	0	698938
28999	669632	8321	5904	6731	0	690588
29000	24110	6664	663127	4625	0	698526
29001	13942	5465	657508	4376	0	681291
29002	9332	638785	18575	4149	0	670841
29003	7737	652802	9557	3721	0	673817
29004	638398	17030	10095	5849	0	671372
29005	615325	7690	4903	5261	0	633179
29006	613084	4813	4197	4260	0	626354
29007	19073	611919	4137	2445	0	637574
29008	11385	11555	3290	613381	0	639611
29009	8032	6852	617272	10031	0	642187
29010	8877	8869	11208	591263	0	620217
29011	6699	615517	6525	10713	0	639454
29012	593207	8644	3181	5515	0	610547
29013	10765	578858	2575	2391	0	594589
29014	7036	8716	2005	577182	0	594939
29015	599792	3851	2132	10039	0	615814
29016	594644	2722	2073	5478	0	604917
29017	13161	3285	585692	1959	0	604097
29018	586118	2596	8731	3757	0	601202
29019	623490	2042	3991	3619	0	633142
29020	634385	2163	2782	3297	0	642627
29021	16060	2827	2252	605198	0	626337
29022	7874	606965	2438	9067	0	626344
29023	6951	10100	2061	620127	0	639239
29024	5119	4993	631987	10201	0	652300
29025	4733	635200	10744	4976	0	655653
29026	5642	10206	4075	621375	0	641298
29027	3888	4965	629263	8871	0	646987
29028	3769	625409	9758	4289	0	643225
29029	6353	10187	4143	605862	0	626545
29030	4281	5080	629134	8859	0	647354
29031	543031	3301	10677	7722	0	564731
29032	12042	3017	633920	2626	0	651605
29033	6938	3118	626765	2035	0	638856
29034	5047	637793	12925	2283	0	658048
29035	6111	10749	5457	636654	0	658971
29036	5988	5519	3413	626324	0	641244
29037	4402	631899	3410	11504	0	651215
29038	6043	10597	3006	658126	0	677772
29039	661067	5200	2612	14775	0	683654
29040	659933	3525	2754	7836	0	674048
29041	15091	3573	647798	3845	0	670307
29042	648045	3292	10626	5154	0	667117
29043	674701	2948	4811	5687	0	688147
29044	15733	3523	677299	2860	0	699415
29045	8057	672467	12252	2868	0	695644
29046	5442	683555	6234	2601	0	697832
29047	7693	14979	4206	610545	0	637423
29048	4744	674800	3773	8865	0	692182
29049	5439	14118	634750	4533	0	658840
29050	5612	6831	634756	3551	0	650750
29051	4743	666366	14758	2448	0	688315
29052	662294	13068	6180	5395	0	686937
29053	676110	6723	3774	4925	0	691532
29054	682511	4910	2937	4968	0	695326
29055	681731	4165	3049	4883	0	693828
29056	652924	4237	3048	5833	0	666042
29057	17502	662258	3532	2417	0	685709
29058	9218	13445	655439	1805	0	679907
29059	9156	6643	11805	648605	0	676209
29060	643044	4710	5377	13997	0	667128
29061	14629	632516	3852	5255	0	656252
29062	10285	13815	2992	620658	0	647750
29063	6659	6292	626213	10474	0	649638
29064	5347	597306	12599	4989	0	620241
29065	4263	625490	5949	3142	0	638844
29066	589883	15910	5721	6720	0	618234
29067	11296	589669	2822	2430	0	606217
29068	7500	10141	2292	565048	0	584981
29069	564610	4544	2104	10808	0	582066
29070	559279	3439	1866	5497	0	570081
29071	561706	3110	2002	4512	0	571330
29072	12998	3394	549040	1696	0	567128
29073	6089	554748	9216	1994	0	572047
29074	564667	9904	3678	3671	0	581920
29075	12252	5166	2369	557914	0	577701
29076	562930	3544	1974	12008	0	580456
29077	11652	558113	2774	4244	0	576783
29078	580678	10471	1911	4679	0	597739
29079	628413	5161	1846	4096	0	639516
29080	18567	3612	2157	619180	0	643516
29081	8690	4239	648494	12454	0	673877
29082	8406	3137	13313	661757	0	686613
29083	661221	2775	5643	17513	0	687152
29084	671208	3020	3631	8999	0	686858
29085	20073	657756	3677	4668	0	686174
29086	643487	13761	3104	5828	0	666180
29087	17637	650894	3108	3724	0	675363
29088	654376	15377	2394	5363	0	677510
29089	647751	7101	2462	5881	0	663195
29090	20625	5903	645046	3104	0	674678
29091	10110	643903	13886	3115	0	671014
29092	10025	15590	5800	646247	0	677662
29093	8974	7089	3883	658945	0	678891
29094	7931	5269	3513	640305	0	657018
29095	5384	648180	4057	18937	0	676558
29096	5575	15731	644213	8702	0	674221
29097	6169	7934	649990	5408	0	669501
29098	5364	778855	18605	4816	0	807640
29099	777783	21240	7927	6404	0	813354
29100	22063	10219	779582	3507	0	815371
29101	759996	7334	20722	5784	0	793836
29102	25210	777012	10139	3256	0	815617
29103	13139	21773	786269	2951	0	824132
29104	12957	10467	21906	767946	0	813276
29105	7095	8560	798710	20086	0	834451
29106	6997	6281	815186	9689	0	838153
29107	11121	5545	27466	742751	0	786883
29108	6740	769413	14052	19305	0	809510
29109	6387	810823	9167	7979	0	834356
29110	796952	26298	7057	7084	0	837391
29111	23376	13070	792240	4348	0	833034
29112	786493	9393	21889	6156	0	823931
29113	810534	6223	11739	5853	0	834349
29114	28264	807195	9091	3475	0	848025
29115	784295	21144	4970	4672	0	815081
29116	787702	11300	4279	4741	0	808022
29117	768174	7262	4851	5102	0	785389
29118	30334	739264	5037	4198	0	778833
29119	15251	688626	5791	3294	0	712962
29120	10722	740008	4776	2620	0	758126
29121	732586	25283	6556	4564	0	768989
29122	737187	13100	4727	4220	0	759234
29123	27252	9053	705869	2268	0	744442
29124	15447	6754	687713	1851	0	711765
29125	704192	4939	22050	3582	0	734763
29126	723309	4333	10811	4077	0	742530
29127	731014	4181	7631	4170	0	746996
29128	28801	4281	5970	700869	0	739921
29129	18165	3422	4518	714174	0	740279
29130	13802	4133	3948	725444	0	747327
29131	11649	4887	3568	730251	0	750355
29132	7549	5823	690710	24182	0	728264
29133	7621	5059	692133	11622	0	716435
29134	7741	4425	693603	7161	0	712930
29135	8597	3640	686875	4600	0	703712
29136	676886	3582	24365	4966	0	709799
29137	19971	684154	13316	3627	0	721068
29138	12533	713347	8782	3482	0	738144
29139	704617	20593	5903	4506	0	735619
29140	22443	11441	699032	3166	0	736082
29141	12646	8599	680830	3726	0	705801
29142	671721	6728	23557	6267	0	708273
29143	693569	4878	12404	6345	0	717196
29144	24216	688726	8981	4689	0	726612
29145	16632	15793	7257	686536	0	726218
29146	698956	8090	7182	15948	0	730176
29147	713472	6787	6197	8312	0	734768
29148	28181	6122	5290	689313	0	728906
29149	17079	715649	4854	15285	0	752867
29150	725144	17373	3710	9830	0	756057
29151	22707	10548	706549	6997	0	746801
29152	691681	7641	17156	7892	0	724370
29153	22765	708866	10514	5822	0	747967
29154	721868	16939	9114	6642	0	754563
29155	714058	8945	8067	6885	0	737955
29156	25312	7649	716293	4627	0	753881
29157	15752	6522	699834	4229	0	726337
29158	703712	5905	23802	5461	0	738880
29159	728453	5776	13236	5645	0	753110
29160	25011	732753	9664	3339	0	770767
29161	17709	18088	7549	737700	0	781046
29162	12552	9740	736977	15133	0	774402
29163	723641	7686	20287	8327	0	759941
29164	24222	6100	12155	736559	0	779036
29165	16461	5305	9617	751608	0	782991
29166	746121	5455	7413	22378	0	781367
29167	21421	760308	7246	12193	0	801168
29168	771317	17356	6162	10719	0	805554
29169	773078	8598	6785	7848	0	796309
29170	780330	7506	6728	7205	0	801769
29171	28756	764170	6142	5241	0	804309
29172	782284	18382	5261	5471	0	811398
29173	28925	9906	5660	768609	0	813100
29174	19916	8527	5209	770203	0	803855
29175	17048	6808	756782	21052	0	801690
29176	15450	6156	741002	10672	0	773280
29177	13336	745365	21121	7792	0	787614
29178	11110	765725	11414	5670	0	793919
29179	10073	17288	718007	3453	0	748821
29180	9332	725021	15355	3401	0	753109
29181	710590	17924	8933	6671	0	744118
29182	715117	7297	4597	4699	0	731710
29183	724612	5383	3386	4595	0	737976
29184	23051	4450	3557	690005	0	721063
29185	14206	3742	3425	710740	0	732113
29186	9357	3530	715920	16676	0	745483
29187	6457	708127	13456	10192	0	738232
29188	707053	13040	6714	8568	0	735375
29189	15627	712650	5705	3378	0	737360
29190	714767	15210	3692	4548	0	738217
29191	718976	7068	2994	4376	0	733414
29192	22495	5159	2977	692510	0	723141
29193	14647	3660	3664	694252	0	716223
29194	11190	3811	2642	719298	0	736941
29195	9058	3363	689963	19380	0	721764
29196	6663	669123	12242	11480	0	699508
29197	5532	677733	7202	7741	0	698208
29198	2441	552699	1664	2331	0	559135
29199	2157	551198	1672	2297	0	557324
29200	2109	558252	1812	2025	0	564198
29201	515081	7282	2813	3689	0	528865
29202	6501	3876	528427	1245	0	540049
29203	2995	530745	5394	1605	0	540739
29204	2784	6051	512548	1004	0	522387
29205	2116	532027	5107	1378	0	540628
29206	5856	6761	2541	442824	0	457982
29207	3071	2730	1345	506467	0	513613
29208	1585	521076	1459	5574	0	529694
29209	505646	5174	1366	4806	0	516992
29210	5495	3381	504679	1474	0	515029
29211	2687	513231	4816	1406	0	522140
29212	2317	6374	503816	1107	0	513614
29213	3154	3090	4763	495684	0	506691
29214	3429	2269	2081	475646	0	483425
29215	2182	498835	1652	5350	0	508019
29216	2841	5215	1285	504639	0	513980
29217	2819	2784	1172	504382	0	511157
29218	1750	504742	1839	6543	0	514874
29219	1826	5948	497542	2804	0	508120
29220	1963	3514	487132	2167	0	494776
29221	469602	2368	5883	3684	0	481537
29222	502582	2317	2351	2982	0	510232
29223	7162	2143	1533	488286	0	499124
29224	3139	2385	489569	5163	0	500256
29225	3196	2257	5071	470063	0	480587
29226	1931	497763	2770	5738	0	508202
29227	1890	5824	496950	2932	0	507596
29228	1487	486980	5422	2654	0	496543
29229	1671	6671	488483	1850	0	498675
29230	1256	491148	5493	2046	0	499943
29231	486107	6138	2514	3283	0	498042
29232	5777	3592	1793	480867	0	492029
29233	3845	2767	1697	472152	0	480461
29234	2276	2650	481217	5888	0	492031
29235	2676	2612	456192	2960	0	464440
29236	1981	476041	6057	2416	0	486495
29237	474382	5661	2828	4169	0	487040
29238	5671	3012	2214	469626	0	480523
29239	2372	2896	477562	5469	0	488299
29240	2044	3123	452070	2795	0	460032
29241	414583	2425	6634	4051	0	427693
29242	437743	2568	2993	3752	0	447056
29243	6183	2520	454412	1683	0	464798
29244	3887	3697	5206	433401	0	446191
29245	2284	450534	2975	4996	0	460789
29246	449275	5170	2403	5240	0	462088
29247	4846	448945	2106	3682	0	459579
29248	433308	4834	1830	3854	0	443826
29249	4470	429668	1860	1820	0	437818
29250	2353	438277	1624	1654	0	443908
29251	2802	5087	1397	436591	0	445877
29252	2262	2737	1322	436401	0	442722
29253	1379	437620	1796	5453	0	446248
29254	1618	4977	425813	2232	0	434640
29255	1843	2929	411656	1684	0	418112
29256	1663	2444	417650	1481	0	423238
29257	391563	1928	5512	3343	0	402346
29258	415189	1719	2514	3585	0	423007
29259	4483	433605	2045	1734	0	441867
29260	2253	6113	426437	1271	0	436074
29261	2490	3152	5256	424951	0	435849
29262	1361	2653	447900	5668	0	457582
29263	1201	2735	456481	2403	0	462820
29264	2539	2272	8240	493106	0	506157
29265	2661	2021	3526	528620	0	536828
29266	1245	2242	577757	13241	0	594485
29267	561460	1882	11287	10537	0	585166
29268	12072	614392	7410	5220	0	639094
29269	6851	652695	5682	3114	0	668342
29270	6991	19645	3282	631523	0	661441
29271	652734	11087	2931	14923	0	681675
29272	15797	668191	3073	7980	0	695041
29273	666072	18564	1927	7670	0	694233
29274	18574	677242	2338	3984	0	702138
29275	702388	21031	1633	6166	0	731218
29276	22043	12460	697829	3341	0	735673
29277	12794	9456	709795	2920	0	734965
29278	13266	8393	22481	679895	0	724035
29279	6740	6203	699001	16055	0	727999
29280	5979	654346	22693	8613	0	691631
29281	5271	668195	13074	5613	0	692153
29282	661966	24019	9779	5838	0	701602
29283	20288	14055	6701	637105	0	678149
29284	9686	670685	6239	17075	0	703685
29285	676986	20444	4533	11073	0	713036
29286	665495	13698	4086	7619	0	690898
29287	691296	9605	3382	5841	0	710124
29288	33839	7201	3395	664748	0	709183
29289	22389	5789	3478	682045	0	713701
29290	13077	5657	676073	25141	0	719948
29291	9930	5422	674011	14111	0	703474
29292	663851	4081	24962	11670	0	704564
29293	25304	4304	14447	661397	0	705452
29294	13901	5098	667948	21253	0	708200
29295	648571	4781	21555	15725	0	690632
29296	22950	684276	14309	9655	0	731190
29297	692337	18187	10153	9658	0	730335
29298	703262	11306	7086	8661	0	730315
29299	710593	7352	6230	7962	0	732137
29300	36273	5273	677515	5919	0	724980
29301	680530	4984	20200	6274	0	711988
29302	34043	4827	11712	645958	0	696540
29303	20610	637696	9740	19216	0	687262
29304	17076	688829	8185	10785	0	724875
29305	686537	23388	7873	9929	0	727727
29306	693725	13272	6591	7777	0	721365
29307	704059	8899	5558	8082	0	726598
29308	39347	7365	5318	669369	0	721399
29309	27378	7000	4516	681578	0	720472
29310	21624	7349	3860	663517	0	696350
29311	16789	672979	4447	29154	0	723369
29312	675953	19953	4199	18564	0	718669
29313	687657	11856	3901	14223	0	717637
29314	698314	9120	4615	12517	0	724566
29315	38175	7925	675568	10117	0	731785
29316	698275	7770	19007	10300	0	735352
29317	37685	8385	10586	649998	0	706654
29318	24705	679879	7931	19571	0	732086
29319	687944	21630	5284	13292	0	728150
29320	689533	12036	5604	11506	0	718679
29321	39996	9488	679450	8018	0	736952
29322	28115	6932	21010	658261	0	714318
29323	19261	682811	12033	23722	0	737827
29324	708041	22416	8539	16107	0	755103
29325	34537	14484	6418	700608	0	756047
29326	25749	10660	6664	701568	0	744641
29327	21898	7576	6393	720525	0	756392
29328	19016	7618	5956	745307	0	777897
29329	15702	7660	717567	39563	0	780492
29330	15007	718490	23349	24143	0	780989
29331	16539	24411	12118	728371	0	781439
29332	13373	15368	730498	32724	0	791963
29333	719495	11770	25035	22848	0	779148
29334	751101	9229	14635	18474	0	793439
29335	39630	9569	12237	741220	0	802656
29336	749982	8442	9789	32830	0	801043
29337	766862	8679	8310	21858	0	805709
29338	44109	8443	740708	16168	0	809428
29339	29412	741871	25486	14756	0	811525
29340	760136	24221	14439	16135	0	814931
29341	39184	13841	11974	755499	0	820498
29342	774159	10623	10196	32353	0	827331
29343	41503	8179	10947	760474	0	821103
29344	27778	9636	9479	779261	0	826154
29345	22080	9067	744428	39397	0	814972
29346	701292	7603	26391	27821	0	763107
29347	36787	752419	14517	20216	0	823939
29348	26674	24833	747452	17172	0	816131
29349	21729	757470	25928	16620	0	821747
29350	754426	29147	15524	14879	0	813976
29351	40245	16237	11860	743956	0	812298
29352	748660	11884	10389	31306	0	802239
29353	37975	740783	9705	20170	0	808633
29354	762772	27460	8181	17652	0	816065
29355	775357	14831	8033	16498	0	814719
29356	781185	11209	7452	15398	0	815244
29357	776826	8158	7422	15222	0	807628
29358	49390	745342	7413	13832	0	815977
29359	759803	24725	7665	11579	0	803772
29360	46427	15680	7343	731367	0	800817
29361	33992	15695	5835	724670	0	780192
29362	26854	673001	6545	31502	0	737902
29363	22797	674395	5735	20047	0	722974
29364	20887	670014	4402	12296	0	707599
29365	621338	25576	5982	13004	0	665900
29366	25971	567404	3632	9161	0	606168
29367	14302	518199	3415	5857	0	541773
29368	506432	16040	8833	7117	0	538422
29369	494731	7092	3138	6095	0	511056
29370	19610	492493	2568	4950	0	519621
29371	485268	12514	2186	5534	0	505502
29372	17663	6957	462085	4348	0	491053
29373	450861	5485	9244	5614	0	471204
29374	16958	5251	455672	4940	0	482821
29375	8074	409039	8445	3845	0	429403
29376	6688	417339	3727	3471	0	431225
29377	12683	12990	4526	394518	0	424717
29378	400295	4146	2395	8817	0	415653
29379	404547	3292	1478	4678	0	413995
29380	409294	3118	1532	4617	0	418561
29381	408700	2884	1589	4511	0	417684
29382	400379	2834	1483	4500	0	409196
29383	10884	3028	382441	3206	0	399559
29384	5955	3856	366595	3007	0	379413
29385	380680	3160	6770	3990	0	394600
29386	9540	390010	3364	2910	0	405824
29387	384824	6326	2645	3598	0	397393
29388	392795	3149	1817	3529	0	401290
29389	401795	2634	1437	4055	0	409921
29390	400163	2447	1575	3910	0	408095
29391	399253	2399	1692	4185	0	407529
29392	10616	2645	389438	2905	0	405604
29393	398002	2716	5935	4225	0	410878
29394	403340	2545	2727	4314	0	412926
29395	10501	3240	384555	3183	0	401479
29396	373146	2908	5369	4538	0	385961
29397	393067	2813	2981	4101	0	402962
29398	11061	3089	403508	2847	0	420505
29399	7909	2849	393700	2423	0	406881
29400	7201	406914	7473	2271	0	423859
29401	8087	7030	3430	406782	0	425329
29402	7166	3664	409750	6015	0	426595
29403	408446	2799	6521	4117	0	421883
29404	11532	2697	3227	427356	0	444812
29405	7208	3027	434150	6501	0	450886
29406	425842	2738	7026	4762	0	440368
29407	440446	3060	2990	3919	0	450415
29408	442997	2794	2227	3838	0	451856
29409	12433	446847	2022	3147	0	464449
29410	8936	7238	1973	436867	0	455014
29411	7032	446820	2552	6863	0	463267
29412	452639	7867	2518	4443	0	467467
29413	447829	3753	3016	4109	0	458707
29414	11402	3793	441493	1917	0	458605
29415	6137	419977	6554	1632	0	434300
29416	4828	427636	3127	1633	0	437224
29417	6088	7451	2265	420294	0	436098
29418	6223	3820	1331	425764	0	437138
29419	424012	2712	1248	7781	0	435753
29420	10100	418438	1308	2677	0	432523
29421	6692	418776	1161	1742	0	428371
29422	7337	7131	412458	1201	0	428127
29423	5360	421634	5305	1417	0	433716
29424	413456	6563	2703	3144	0	425866
29425	8959	3641	405564	1529	0	419693
29426	360653	2269	5132	2896	0	370950
29427	7036	2021	385574	1177	0	395808
29428	335667	1224	4169	2501	0	343561
29429	4933	385173	1736	817	0	392659
29430	397920	4603	1274	2211	0	406008
29431	6279	2268	408343	582	0	417472
29432	402567	1695	5503	2565	0	412330
29433	410870	1148	1859	2411	0	416288
29434	7013	1527	418540	441	0	427521
29435	413405	1163	4948	2149	0	421665
29436	427959	986	1998	2213	0	433156
29437	420113	1014	1402	2241	0	424770
29438	7746	413502	1284	531	0	423063
29439	420174	5211	1073	2337	0	428795
29440	7315	2446	422797	485	0	433043
29441	3423	442528	5639	768	0	452358
29442	448824	5842	2551	2360	0	459577
29443	442775	2150	1621	2396	0	448942
29444	451145	1364	1111	2187	0	455807
29445	8697	449011	1405	740	0	459853
29446	5797	6129	948	513646	0	526520
29447	3145	2552	514113	8424	0	528234
29448	4357	1554	9529	511412	0	526852
29449	2706	1579	531243	9943	0	545471
29450	499524	1085	11119	5168	0	516896
29451	11804	535153	4124	1809	0	552890
29452	7123	10675	2106	523410	0	543314
29453	3494	544042	2008	9084	0	558628
29454	4836	12080	1365	542549	0	560830
29455	4527	4495	1415	541999	0	552436
29456	2774	557065	1676	13446	0	574961
29457	4817	12399	1308	559745	0	578269
29458	4878	4673	1237	582382	0	593170
29459	2597	581282	2026	15570	0	601475
29460	2440	604072	2108	6621	0	615241
29461	4861	16179	2033	593454	0	616527
29462	2883	6558	594006	14251	0	617698
29463	2778	603369	14010	5949	0	626106
29464	5649	15036	4667	598367	0	623719
29465	3456	6895	624751	14854	0	649956
29466	2562	631898	15520	7002	0	656982
29467	623796	16990	4925	7168	0	652879
29468	15965	7460	623704	4098	0	651227
29469	614187	4824	15700	5866	0	640577
29470	19140	4552	5392	617822	0	646906
29471	8853	3991	3621	629120	0	645585
29472	7322	3868	2661	635444	0	649295
29473	3645	5017	619726	21618	0	650006
29474	3495	5047	612702	9211	0	630455
29475	595503	4419	19087	8332	0	627341
29476	18303	3907	7895	620204	0	650309
29477	6551	4585	629565	17933	0	658634
29478	616671	4145	17117	10027	0	647960
29479	19873	3843	7490	628435	0	659641
29480	10508	4384	5201	634139	0	654232
29481	9007	4045	4224	631977	0	649253
29482	5279	631666	5079	22181	0	664205
29483	7570	16662	3823	613385	0	641440
29484	4805	613481	4139	20196	0	642621
29485	4155	647510	4037	10622	0	666324
29486	634259	20095	3842	10147	0	668343
29487	599445	8664	5199	9713	0	623021
29488	638242	5781	4724	8045	0	656792
29489	21817	625767	4419	6341	0	658344
29490	622937	17412	3819	8371	0	652539
29491	635761	7265	4242	7785	0	655053
29492	24421	5258	4318	617246	0	651243
29493	12293	4696	3952	629135	0	650076
29494	7100	4870	611303	24095	0	647368
29495	5413	621576	17048	12903	0	656940
29496	609618	17882	7581	10534	0	645615
29497	615145	7981	5377	9398	0	637901
29498	20129	611502	4830	7292	0	643753
29499	610118	18670	3975	8414	0	641177
29500	614109	8184	3296	8639	0	634228
29501	23939	6746	3457	596169	0	630311
29502	11710	580311	3963	19274	0	615258
29503	8123	612448	3876	10119	0	634566
29504	599001	19740	3398	10008	0	632147
29505	21465	9403	2961	592250	0	626079
29506	9164	7304	584552	20386	0	621406
29507	560225	6036	15566	13114	0	594941
29508	18789	6489	593565	8906	0	627749
29509	9182	588060	17035	7653	0	621930
29510	585423	17397	7295	9183	0	619298
29511	19653	9021	585637	8081	0	622392
29512	11286	8376	16567	590766	0	626995
29513	8463	7135	609787	19675	0	645060
29514	7694	611851	17817	10994	0	648356
29515	8983	18621	7703	615643	0	650950
29516	7450	10358	608842	19840	0	646490
29517	563133	8444	16408	13557	0	601542
29518	18435	622555	7446	9930	0	658366
29519	11018	17807	5637	601202	0	635664
29520	7461	629526	6101	19134	0	662222
29521	619777	19488	5235	11807	0	656307
29522	616988	10034	5254	11335	0	643611
29523	19995	623083	5659	9589	0	658326
29524	12422	19031	5294	609593	0	646340
29525	8047	628559	5979	18529	0	661114
29526	619825	18641	5878	12693	0	657037
29527	18752	10230	617680	8811	0	655473
29528	10034	9799	604103	7953	0	631889
29529	8178	602545	17966	8145	0	636834
29530	6880	611142	10251	6846	0	635119
29531	8495	18301	7053	595874	0	629723
29532	592054	9176	5579	17261	0	624070
29533	593849	6750	5536	9961	0	616096
29534	582603	5949	4447	8910	0	601909
29535	20923	603081	5281	7578	0	636863
29536	12272	14473	4564	596832	0	628141
29537	9260	609439	4643	15742	0	639084
29538	610142	15449	5245	10381	0	641217
29539	18649	7935	4695	606301	0	637580
29540	10333	5828	593840	16108	0	626109
29541	7293	585601	14540	9080	0	616514
29542	576030	13831	7245	7896	0	605002
29543	15784	7903	576194	5537	0	605418
29544	551733	6957	12289	8087	0	579066
29545	16135	568073	5250	7161	0	596619
29546	5909	516257	2682	3321	0	528169
29547	502853	9608	2735	4108	0	519304
29548	9762	517421	1973	2874	0	532030
29549	499588	8235	2239	3759	0	513821
29550	8095	503518	1715	2504	0	515832
29551	503778	8068	2150	3507	0	517503
29552	501293	3886	1796	3161	0	510136
29553	9414	3505	507400	1802	0	522121
29554	4682	3187	489313	1336	0	498518
29555	3619	500062	6354	1790	0	511825
29556	490878	5986	3894	2887	0	503645
29557	6532	2939	477615	1179	0	488265
29558	452397	2301	4890	2200	0	461788
29559	5708	3295	2433	456867	0	468303
29560	2507	1749	466617	3115	0	473988
29561	2535	1803	433362	1442	0	439142
29562	2447	1653	463506	1025	0	468631
29563	1517	471449	3891	856	0	477713
29564	5005	7575	3969	455629	0	472178
29565	445014	712	762	2847	0	449335
29566	2006	372	375	447467	0	450220
29567	450635	248	572	2969	0	454424
29568	2327	374	379	452857	0	455937
29569	456852	373	290	3913	0	461428
29570	458978	431	488	3440	0	463337
29571	509754	312	400	2688	0	513154
29572	4855	521686	622	583	0	527746
29573	1935	4750	526550	345	0	533580
29574	2103	1485	4477	528749	0	536814
29575	10603	4749	5835	319721	0	340908
29576	1882	645	773	545679	0	548979
29577	2157	728	498	533713	0	537096
29578	915	533101	757	7354	0	542127
29579	1079	5834	518989	2710	0	528612
29580	720	533977	5700	1994	0	542391
29581	2369	6575	1777	519401	0	530122
29582	1640	2330	913	543090	0	547973
29583	1683	1282	589	546284	0	549838
29584	1872	1065	605	541951	0	545493
29585	812	527776	1069	8066	0	537723
29586	638	533825	1108	3380	0	538951
29587	882	7575	522563	2255	0	533275
29588	1916	2656	5742	524590	0	534904
29589	1895	1680	1903	532690	0	538168
29590	1539	1292	1026	549516	0	553373
29591	550043	1505	717	11295	0	563560
29592	6323	552009	1321	3727	0	563380
29593	2563	7399	546941	2187	0	559090
29594	542910	2526	6425	3900	0	555761
29595	7578	1609	1999	557605	0	568791
29596	568509	1207	1151	10212	0	581079
29597	8370	1213	795	572110	0	582488
29598	575633	1420	908	10085	0	588046
29599	8653	1513	876	575029	0	586071
29600	570187	1195	1186	10337	0	582905
29601	8340	1515	588051	3448	0	601354
29602	4799	1031	6354	583586	0	595770
29603	2501	601829	2566	7325	0	614221
29604	3240	6927	1288	618102	0	629557
29605	611512	2741	1054	10664	0	625971
29606	7824	610875	1753	3618	0	624070
29607	4559	7830	1172	634452	0	648013
29608	2244	630643	1445	9078	0	643410
29609	3443	9090	899	642241	0	655673
29610	3317	3432	771	646145	0	653665
29611	2410	2521	634608	11370	0	650909
29612	3689	1746	8308	616941	0	630684
29613	1992	1987	613060	10681	0	627720
29614	1457	603541	9683	6171	0	620852
29615	602192	8672	3344	5974	0	620182
29616	9153	3926	603038	3012	0	619129
29617	578215	2233	9481	5288	0	595217
29618	619629	1676	3440	5154	0	629899
29619	12818	1853	2499	624401	0	641571
29620	4484	2326	643788	10480	0	661078
29621	614790	1719	10495	7521	0	634525
29622	672953	1419	4159	6114	0	684645
29623	14834	1252	2616	659753	0	678455
29624	7499	1358	2152	666584	0	677593
29625	3712	669100	2366	14765	0	689943
29626	4362	10817	2131	669516	0	686826
29627	2610	675753	2329	12711	0	693403
29628	3084	12289	669663	6116	0	691152
29629	3850	4888	9980	665417	0	684135
29630	652886	2744	4199	15266	0	675095
29631	658454	2046	2165	8578	0	671243
29632	12739	660088	1910	5033	0	679770
29633	6608	10518	1779	670249	0	689154
29634	670556	4173	1865	14433	0	691027
29635	11684	646967	1920	6393	0	666964
29636	652763	11044	1159	7040	0	672006
29637	14275	4571	1085	673661	0	693592
29638	702059	3560	1184	15925	0	722728
29639	14893	3679	751356	6444	0	776372
29640	6026	761626	15097	5342	0	788091
29641	759469	16026	5308	7180	0	787983
29642	16155	784225	3866	4813	0	809059
29643	796137	17502	2260	6871	0	822770
29644	814070	6251	1739	6623	0	828683
29645	23276	5083	806604	3618	0	838581
29646	12901	3670	16726	793145	0	826442
29647	824420	3091	5760	21413	0	854684
29648	20556	3963	809241	7330	0	841090
29649	810230	3200	18207	7455	0	839092
29650	23934	3145	5915	817767	0	850761
29651	9831	3382	813443	19548	0	846204
29652	9713	2639	18468	801101	0	831921
29653	795300	2582	7111	23594	0	828587
29654	21258	3520	809239	8656	0	842673
29655	12443	3048	18535	809248	0	843274
29656	9990	2868	7149	827611	0	847618
29657	825532	2153	5260	26655	0	859600
29658	823147	2068	4729	13688	0	843632
29659	24499	831465	4931	8707	0	869602
29660	14675	17674	3974	830376	0	866699
29661	11678	6606	4367	837124	0	859775
29662	10194	4679	3983	834022	0	852878
29663	814234	3193	3920	29022	0	850369
29664	820597	3249	4081	14278	0	842205
29665	28679	3396	3466	809123	0	844664
29666	13814	795945	4006	22645	0	836410
29667	12885	18402	3986	788985	0	824258
29668	9046	806841	4391	22103	0	842381
29669	796866	18852	3674	15180	0	834572
29670	23174	780292	4341	9967	0	817774
29671	740802	15988	3799	8925	0	769514
29672	23430	7360	3609	726425	0	760824
29673	720294	4752	3739	20727	0	749512
29674	21500	4281	705046	10551	0	741378
29675	11418	722425	15604	9068	0	758515
29676	717801	15857	8154	10776	0	752588
29677	725763	6326	5128	9709	0	746926
29678	23940	4953	4080	702194	0	735167
29679	12219	707085	4341	18557	0	742202
29680	11952	14709	3409	733754	0	763824
29681	10899	6265	3647	736510	0	757321
29682	10395	5006	3567	738829	0	757797
29683	727440	4218	3160	26231	0	761049
29684	732135	4040	3448	15221	0	754844
29685	24854	4375	2753	719607	0	751589
29686	13339	723485	3116	20132	0	760072
29687	732272	14909	2652	14534	0	764367
29688	21084	7407	718520	10433	0	757444
29689	13728	6374	13438	730045	0	763585
29690	10899	5616	727437	20540	0	764492
29691	11534	4817	14670	726692	0	757713
29692	9122	5535	728744	22051	0	765452
29693	10844	5025	15399	725344	0	756612
29694	724432	5055	6570	24451	0	760508
29695	726274	4845	4673	15231	0	751023
29696	23620	705850	4281	9960	0	743711
29697	723783	16090	3439	11171	0	754483
29698	24188	8085	3885	709196	0	745354
29699	15069	6350	3628	724070	0	749117
29700	718823	5422	5058	25717	0	755020
29701	22855	5801	686695	13166	0	728517
29702	14466	5603	676721	10957	0	707747
29703	12500	6040	670983	10073	0	699596
29704	652116	4479	18749	12162	0	687506
29705	22478	4787	679336	9952	0	716553
29706	14064	4938	649192	9975	0	678169
29707	620700	4457	18909	11446	0	655512
29708	20306	644446	9520	9638	0	683910
29709	13649	13498	6961	651815	0	685923
29710	12075	6547	5855	668905	0	693382
29711	9906	5078	661068	21846	0	697898
29712	643325	3760	16377	15959	0	679421
29713	655672	3433	8931	13830	0	681866
29714	638713	3479	7503	12951	0	662646
29715	22281	3787	652474	10062	0	688604
29716	627679	3159	16372	12990	0	660200
29717	21930	4027	628478	10253	0	664688
29718	13127	615626	15890	10007	0	654650
29719	11373	632686	8305	9726	0	662090
29720	600390	14571	6487	10901	0	632349
29721	17812	588393	5995	8926	0	621126
29722	10690	592741	5308	8607	0	617346
29723	580642	13973	5531	10253	0	610399
29724	17416	586513	5725	7729	0	617383
29725	579275	13384	5587	8841	0	607087
29726	19765	6387	5003	583171	0	614326
29727	12514	5398	5097	590727	0	613736
29728	10923	5043	5159	593229	0	614354
29729	9417	5737	5444	579883	0	600481
29730	8746	578619	5623	18256	0	611244
29731	586463	13767	5041	11962	0	617233
29732	18166	624181	5498	7844	0	655689
29733	11957	654265	5921	9294	0	681437
29734	10954	20890	681190	6683	0	719717
29735	657258	8207	20905	9644	0	696014
29736	25317	6501	721406	6277	0	759501
29737	13753	5239	757870	5837	0	782699
29738	8244	734311	26279	5737	0	774571
29739	4028	763455	9884	3176	0	780543
29740	767096	26715	8162	6733	0	808706
29741	21875	825363	4890	4010	0	856138
29742	12167	27890	809958	2604	0	852619
29743	7007	803082	24381	2653	0	837123
29744	5430	29011	814016	1609	0	850066
29745	5025	14024	807348	1216	0	827613
29746	757687	10174	35317	3728	0	806906
29747	23504	7252	792393	1218	0	824367
29748	15818	5694	31666	751678	0	804856
29749	744202	4078	18130	24461	0	790871
29750	23424	748638	13973	11318	0	797353
29751	13769	22744	763091	6202	0	805806
29752	750642	10920	27728	6347	0	795637
29753	29488	7408	14657	703749	0	755302
29754	15174	705008	10006	21205	0	751393
29755	9508	23915	735753	9774	0	778950
29756	718822	11834	27172	8320	0	766148
29757	27240	7900	740151	3740	0	779031
29758	18411	4729	30072	719166	0	772378
29759	9516	5113	722432	23528	0	760589
29760	11278	3515	31643	712031	0	758467
29761	693924	3010	17211	31163	0	745308
29762	24230	716173	13014	14760	0	768177
29763	728612	23277	8462	12190	0	772541
29764	29467	12473	724190	6630	0	772760
29765	20033	7485	27548	722309	0	777375
29766	11793	5725	745604	25495	0	788617
29767	724121	5648	31330	15116	0	776215
29768	740662	4576	16912	10868	0	773018
29769	35997	740660	13759	6135	0	796551
29770	753012	24912	9820	7851	0	795595
29771	768099	12281	8923	6822	0	796125
29772	45150	8024	7217	733167	0	793558
29773	24076	6947	734067	24730	0	789820
29774	15881	709344	27114	13040	0	765379
29775	17064	27170	13385	714110	0	771729
29776	728703	13997	9086	28434	0	780220
29777	31197	9990	721389	14621	0	777197
29778	16894	7460	733993	9721	0	768068
29779	11969	7204	726544	6987	0	752704
29780	695189	6354	42715	8208	0	752466
29781	32037	5885	716773	4892	0	759587
29782	696154	5515	39345	5514	0	746528
29783	34592	5649	666981	4020	0	711242
29784	19865	683857	38131	3826	0	745679
29785	18139	25579	21791	667364	0	732873
29786	11682	13664	688686	24856	0	738888
29787	10641	654522	35177	13027	0	713367
29788	9015	685788	21279	9034	0	725116
29789	11089	36441	15000	667048	0	729578
29790	663206	20037	11902	29057	0	724202
29791	30203	13465	12585	671319	0	727572
29792	662491	11446	11294	32473	0	717704
29793	36180	10725	9446	660973	0	717324
29794	20048	9271	653733	33834	0	716886
29795	16432	8263	667297	19062	0	711054
29796	642567	6474	40853	16243	0	706137
29797	663873	6175	25025	13086	0	708159
29798	41667	6843	646263	10727	0	705500
29799	640728	6321	37170	10507	0	694726
29800	39726	7250	644380	6902	0	698258
29801	26110	603150	39574	6112	0	674946
29802	21271	614242	24433	6467	0	666413
29803	17589	628825	20186	6513	0	673113
29804	18796	39113	16298	600382	0	674589
29805	605469	21896	15563	28194	0	671122
29806	622524	16810	14227	16066	0	669627
29807	44053	14111	12539	602960	0	673663
29808	26335	13853	586313	29473	0	655974
29809	21196	11065	33246	590082	0	655589
29810	18507	9331	591659	34031	0	653528
29811	18240	7835	38769	584965	0	649809
29812	573737	6185	25805	38350	0	644077
29813	596166	5874	21155	22762	0	645957
29814	599075	5886	18463	17897	0	641321
29815	605800	6761	16213	14445	0	643219
29816	51416	6288	14583	565863	0	638150
29817	34361	5910	13323	589072	0	642666
29818	581151	5632	12429	40371	0	639583
29819	598841	5733	11448	22887	0	638909
29820	52053	5723	11052	570168	0	638996
29821	33294	5555	10581	587385	0	636815
29822	24657	5422	10012	590849	0	630940
29823	21521	5803	9730	597655	0	634709
29824	568763	6132	9943	49620	0	634458
29825	37233	5957	551949	31741	0	626880
29826	26303	5142	29447	557236	0	618128
29827	551959	5014	18216	40611	0	615800
29828	37425	4969	537216	27303	0	606913
29829	29228	4751	31455	542889	0	608323
29830	21369	4511	541876	36086	0	603842
29831	17710	506403	37016	22952	0	584081
29832	20583	21020	22263	468204	0	532070
29833	441781	10242	17959	26862	0	496844
29834	27216	12460	14281	392025	0	445982
29835	19335	370279	12968	26997	0	429579
29836	15622	346206	10437	16053	0	388318
29837	11591	274928	6897	11353	0	304769
29838	11606	257767	7345	8447	0	285165
29839	134606	21889	20109	15450	0	192054
29840	11172	6781	5300	91225	0	114478
29841	2592	879	72505	4023	0	79999
29842	2246	674	3300	67258	0	73478
29843	2354	707	65903	3650	0	72614
29844	66123	614	3102	2117	0	71956
29845	4384	714	1397	65051	0	71546
29846	2861	621	1187	66765	0	71434
29847	2431	638	1064	66856	0	70989
29848	2028	727	946	67583	0	71284
29849	65114	967	793	4050	0	70924
29850	66615	903	693	2690	0	70901
29851	3852	818	855	65152	0	70677
29852	63707	785	756	4335	0	69583
29853	3282	654	61617	3057	0	68610
29854	1818	60629	2440	3070	0	67957
29855	2170	2043	1473	61822	0	67508
29856	1797	719	1445	61459	0	65420
29857	1615	59029	1105	4129	0	65878
29858	2094	1890	1128	59719	0	64831
29859	1677	2144	1305	59545	0	64671
29860	58477	496	1278	4106	0	64357
29861	2984	581	55192	2141	0	60898
29862	1492	664	51128	1704	0	54988
29863	49454	435	2418	1766	0	54073
29864	2964	442	46488	1219	0	51113
29865	24457	485	2334	660	0	27936
29866	20793	189	1063	587	0	22632
29867	1451	744	506	15828	0	18529
29868	386	208	12685	601	0	13880
29869	10098	177	463	393	0	11131
29870	502	9853	185	261	0	10801
29871	5441	574	938	307	0	7260
29872	3752	269	474	300	0	4795
29873	1997	85	115	87	0	2284
29874	1294	23	34	24	0	1375
29875	1151	58	34	35	0	1278
29876	1086	21	31	29	0	1167
29877	1038	15	17	27	0	1097
29878	965	21	29	25	0	1040
29879	917	19	17	25	0	978
29880	844	25	7	37	0	913
29881	762	12	25	42	0	841
29882	724	12	9	23	0	768
29883	686	7	16	18	0	727
29884	642	24	13	19	0	698
29885	629	15	13	12	0	669
29886	585	12	11	20	0	628
29887	522	12	12	26	0	572
29888	504	4	6	15	0	529
29889	484	6	9	15	0	514
29890	491	9	3	8	0	511
29891	458	2	6	11	0	477
29892	458	4	10	6	0	478
29893	448	7	3	11	0	469
29894	444	2	9	9	0	464
29895	436	3	2	9	0	450
29896	413	2	2	9	0	426
29897	400	0	7	6	0	413
29898	387	2	2	6	0	397
29899	381	0	0	6	0	387
29900	372	3	10	3	0	388
29901	340	3	21	2	0	366
29902	288	2	30	5	0	325
29903	229	1	47	7	0	284
29904	5	2	2	2	0	11
29905	4	1	3	1	0	9
29906	3	1	1	4	0	9
29907	3	0	1	2	0	6
29908	2	1	1	1	0	5
29909	2	0	3	2	0	7
29910	3	0	1	2	0	6
29911	3	1	0	1	0	5
29912	3	0	2	1	0	6
29913	4	0	1	0	0	5
29914	4	0	0	0	0	4
29915	2	0	0	1	0	3
29916	3	0	0	0	0	3
29917	2	0	0	0	0	2
29918	2	0	0	0	0	2
29919	2	0	0	0	0	2
29920	2	0	0	0	0	2
29921	1	0	0	0	0	1
29922	1	0	0	0	0	1
29923	1	0	0	0	0	1
29924	0	0	0	0	0	0
29925	1	0	0	0	0	1
29926	1	0	0	0	0	1
29927	1	0	0	0	0	1
29928	1	0	0	0	0	1
29929	1	0	0	0	0	1
29930	1	0	0	0	0	1
29931	1	0	0	0	0	1
29932	1	0	0	0	0	1
