Pos	A	C	G	T	Other	Total
1	0	0	0	0	0	0
2	0	0	0	0	0	0
3	0	0	0	0	0	0
4	11	0	0	0	0	11
5	12	0	0	0	0	12
6	12	0	0	0	0	12
7	0	0	18	0	0	18
8	0	0	25	0	0	25
9	0	0	0	22	0	22
10	0	0	0	36	0	36
11	0	0	0	47	0	47
12	73	0	0	2	0	75
13	0	0	0	293	0	293
14	644	0	1	0	0	645
15	1	1223	1	0	0	1225
16	0	2364	0	2	0	2366
17	1	0	0	6040	0	6041
18	0	1	0	6454	0	6455
19	2	8469	10	27	0	8508
20	0	9169	0	12	0	9181
21	1	10072	0	31	0	10104
22	10620	7	6	2	0	10635
23	11	2	10763	4	0	10780
24	9	1	10832	2	0	10844
25	0	0	10	11420	0	11430
26	12062	0	4	9	0	12075
27	12088	0	1	8	0	12097
28	11	12216	1	13	0	12241
29	14145	7	2	4	0	14158
30	14636	5	7	9	0	14657
31	15151	0	0	16	0	15167
32	14	15386	4	11	0	15415
33	6	15677	2	27	0	15712
34	16205	14	0	21	0	16240
35	16219	6	2	19	0	16246
36	15	16651	5	14	0	16685
37	7	17478	3	41	0	17529
38	17547	15	4	26	0	17592
39	17541	6	2	17	0	17566
40	14	17879	2	25	0	17920
41	7	13	1	18423	0	18444
42	4	6	0	18570	0	18580
43	3	7	0	18672	0	18682
44	5	18733	2	55	0	18795
45	6	11	18721	12	0	18750
46	17419	8	13	15	0	17455
47	17	3	7	18836	0	18863
48	6	19124	2	23	0	19155
49	5	18	1	19164	0	19188
50	5	19381	1	26	0	19413
51	1	22	0	19409	0	19432
52	1	12	0	19631	0	19644
53	9	3	19789	31	0	19832
54	3	3	20	19568	0	19594
55	19782	3	8	29	0	19822
56	25	2	19782	20	0	19829
57	19316	2	19	14	0	19351
58	18	2	7	19879	0	19906
59	10	20084	3	45	0	20142
60	4	22	5	20223	0	20254
61	18	11	20437	26	0	20492
62	4	3	17	20102	0	20126
63	0	4	10	20435	0	20449
64	3	20863	3	36	0	20905
65	2	19	2	20968	0	20991
66	27	20836	1	53	0	20917
67	1	20	2	20954	0	20977
68	20856	17	4	30	0	20907
69	19762	13	8	21	0	19804
70	20764	6	6	10	0	20786
71	57	21482	2	27	0	21568
72	28	17	21614	11	0	21670
73	20645	15	30	12	0	20702
74	21964	8	17	15	0	22004
75	45	22943	3	15	0	23006
76	26	48	2	18503	0	18579
77	8	47	7	19132	0	19194
78	2	6	5	18210	0	18223
79	18448	6	6	139	0	18599
80	18401	8	5	73	0	18487
81	18477	4	4	13	0	18498
82	18907	1	1	7	0	18916
83	142	3	4	18751	0	18900
84	70	18868	2	92	0	19032
85	20	83	1	19301	0	19405
86	16	63	19335	109	0	19523
87	15	9	89	19986	0	20099
88	23	4	20714	119	0	20860
89	7	5	116	20602	0	20730
90	15	3	21461	130	0	21609
91	22	6	21533	109	0	21670
92	3	22221	205	66	0	22495
93	7	155	105	22920	0	23187
94	20	96	23959	142	0	24217
95	11	27	135	23370	0	23543
96	3	24148	115	165	0	24431
97	24124	141	20	102	0	24387
98	135	25232	7	38	0	25412
99	113	156	8	24588	0	24865
100	17	25614	4	144	0	25779
101	48	155	25209	109	0	25521
102	41	115	25117	30	0	25303
103	8	25451	243	81	0	25783
104	20	145	120	25345	0	25630
105	60	148	25591	152	0	25951
106	17	25550	143	141	0	25851
107	25574	143	120	23	0	25860
108	150	119	29	25548	0	25846
109	139	20	26517	166	0	26842
110	24	26555	145	148	0	26872
111	12	153	114	26226	0	26505
112	10	116	32	26484	0	26642
113	26101	20	25	271	0	26417
114	166	21	26267	162	0	26616
115	124	13	148	25791	0	26076
116	43	15	25467	163	0	25688
117	14	23636	158	175	0	23983
118	23084	151	135	44	0	23414
119	131	22627	28	53	0	22839
120	124	166	27	21685	0	22002
121	19	21916	33	142	0	22110
122	21364	160	27	135	0	21686
123	140	21680	24	51	0	21895
124	140	168	21507	35	0	21850
125	28	21497	149	34	0	21708
126	20973	173	132	36	0	21314
127	186	130	21381	38	0	21735
128	124	52	166	21332	0	21674
129	20633	15	148	190	0	20986
130	165	31	44	20175	0	20415
131	20486	25	30	195	0	20736
132	20518	36	31	151	0	20736
133	311	37	21	20349	0	20718
134	158	24	31	20447	0	20660
135	20168	31	26	323	0	20548
136	19883	41	39	173	0	20136
137	313	26	27	19839	0	20205
138	20084	34	27	189	0	20334
139	19958	34	24	184	0	20200
140	327	20198	26	102	0	20653
141	167	181	44	20165	0	20557
142	20174	167	48	197	0	20586
143	20343	43	38	179	0	20603
144	302	46	39	20236	0	20623
145	177	30	49	20408	0	20664
146	20242	45	47	332	0	20666
147	184	20422	39	269	0	20914
148	175	186	39	20312	0	20712
149	60	188	20472	199	0	20919
150	42	50	192	19966	0	20250
151	33	20466	168	203	0	20870
152	46	193	20564	189	0	20992
153	59	171	195	19830	0	20255
154	55	64	175	20050	0	20344
155	51	44	20593	353	0	21041
156	19074	45	209	220	0	19548
157	197	20968	180	72	0	21417
158	20942	194	70	71	0	21277
159	229	176	20845	77	0	21327
160	183	52	21264	62	0	21561
161	19865	59	321	73	0	20318
162	209	21274	166	94	0	21743
163	21194	195	50	81	0	21520
164	221	21518	36	92	0	21867
165	212	215	21578	75	0	22080
166	21118	174	191	70	0	21553
167	227	72	21958	69	0	22326
168	192	51	201	21527	0	21971
169	21505	57	155	218	0	21935
170	21192	36	62	196	0	21486
171	317	21650	51	105	0	22123
172	206	587	47	20724	0	21564
173	77	21521	38	221	0	21857
174	84	192	21231	177	0	21684
175	72	416	182	19297	0	19967
176	53	19413	149	178	0	19793
177	62	170	31	18108	0	18371
178	16376	126	49	150	0	16701
179	113	30	31	17646	0	17820
180	98	17744	25	122	0	17989
181	50	99	26	17778	0	17953
182	45	112	18	17565	0	17740
183	38	17840	32	186	0	18096
184	43	123	28	17919	0	18113
185	78	91	17748	115	0	18032
186	52	17495	96	165	0	17808
187	16460	75	95	38	0	16668
188	123	60	16425	40	0	16648
189	107	22	16184	17	0	16330
190	43	15826	106	30	0	16005
191	135	151	123	15102	0	15511
192	58	46	14860	65	0	15029
193	33	13800	69	77	0	13979
194	33	71	40	13265	0	13409
195	41	43	19	13398	0	13501
196	13233	14	16	80	0	13343
197	61	13386	12	89	0	13548
198	77	42	12706	27	0	12852
199	51	50	12807	26	0	12934
200	21	33	70	12400	0	12524
201	26	26	42	14368	0	14462
202	23	37	20	14556	0	14636
203	18	17939	15	186	0	18158
204	35	123	18555	110	0	18823
205	20	173	114	19331	0	19638
206	29	20632	162	147	0	20970
207	20	21291	37	213	0	21561
208	39	337	22775	60	0	23211
209	17	249	190	22373	0	22829
210	35	56	24961	219	0	25271
211	15	44	262	24447	0	24768
212	22	58	283	25133	0	25496
213	65	27	25223	480	0	25795
214	12	25224	233	352	0	25821
215	24806	225	296	71	0	25398
216	262	281	25312	34	0	25889
217	272	25037	250	63	0	25622
218	66	25510	296	44	0	25916
219	65	487	25080	35	0	25667
220	24257	331	265	36	0	24889
221	242	118	288	22565	0	23213
222	277	25048	72	257	0	25654
223	24895	267	39	241	0	25442
224	243	334	48	23659	0	24284
225	276	24702	42	261	0	25281
226	24983	272	58	278	0	25591
227	242	297	24545	103	0	25187
228	275	24584	269	80	0	25208
229	23991	242	362	66	0	24661
230	213	24266	95	80	0	24654
231	23730	289	66	54	0	24139
232	258	312	70	22631	0	23271
233	262	23245	77	241	0	23825
234	63	268	85	23350	0	23766
235	23032	286	103	308	0	23729
236	232	112	22806	325	0	23475
237	291	91	22932	129	0	23443
238	100	85	550	22155	0	22890
239	67	79	360	22285	0	22791
240	71	97	123	22242	0	22533
241	51	22198	84	602	0	22935
242	73	308	22057	330	0	22768
243	64	353	280	21220	0	21917
244	67	21622	325	251	0	22265
245	93	22185	121	294	0	22693
246	108	506	21965	129	0	22708
247	123	395	21786	71	0	22375
248	107	171	22301	58	0	22637
249	116	122	553	21494	0	22285
250	120	123	22072	267	0	22582
251	113	133	323	21623	0	22192
252	103	128	21832	308	0	22371
253	20585	132	340	313	0	21370
254	312	22073	321	142	0	22848
255	347	23378	109	117	0	23951
256	154	573	24337	122	0	25186
257	23505	398	332	122	0	24357
258	23983	153	325	126	0	24587
259	23979	111	165	129	0	24384
260	685	113	23376	108	0	24282
261	386	99	23723	105	0	24313
262	97	120	647	23268	0	24132
263	23351	117	404	409	0	24281
264	23207	124	168	407	0	23906
265	584	123	22847	185	0	23739
266	22957	124	415	129	0	23625
267	372	146	407	22618	0	23543
268	325	130	23038	401	0	23894
269	125	164	23097	399	0	23785
270	22059	159	735	182	0	23135
271	337	128	23050	125	0	23640
272	22405	121	557	151	0	23234
273	399	132	22941	183	0	23655
274	335	22210	527	183	0	23255
275	161	22842	467	164	0	23634
276	134	639	287	22160	0	23220
277	140	438	221	22826	0	23625
278	148	215	22604	647	0	23614
279	155	165	479	21821	0	22620
280	139	22054	497	434	0	23124
281	185	22400	262	376	0	23223
282	235	22917	196	146	0	23494
283	265	690	202	22080	0	23237
284	228	434	22250	355	0	23267
285	168	203	22248	386	0	23005
286	211	158	768	21494	0	22631
287	251	117	504	21729	0	22601
288	283	136	252	20213	0	20884
289	275	21864	201	624	0	22964
290	21894	384	205	386	0	22869
291	21705	388	214	158	0	22465
292	720	22028	207	186	0	23141
293	520	409	22030	124	0	23083
294	21909	400	491	145	0	22945
295	514	152	22266	131	0	23063
296	22045	141	531	131	0	22848
297	21924	153	470	141	0	22688
298	22029	181	240	151	0	22601
299	21735	188	167	176	0	22266
300	681	21706	219	222	0	22828
301	19444	361	195	210	0	20210
302	382	19645	201	240	0	20468
303	16069	326	177	129	0	16701
304	331	15678	159	129	0	16297
305	205	293	13825	74	0	14397
306	80	1662	312	11176	0	13230
307	56	12606	232	253	0	13147
308	62	11246	98	184	0	11590
309	9703	368	549	325	0	10945
310	8416	72	58	66	0	8612
311	148	8751	53	44	0	8996
312	87	147	44	8312	0	8590
313	40	9304	40	116	0	9500
314	9274	131	49	59	0	9513
315	134	60	9383	48	0	9625
316	75	60	155	9072	0	9362
317	63	21	90	9016	0	9190
318	49	23	59	9252	0	9383
319	52	35	9120	166	0	9373
320	53	9074	125	78	0	9330
321	67	9300	66	40	0	9473
322	73	160	43	9375	0	9651
323	69	85	9738	105	0	9997
324	55	65	153	9534	0	9807
325	66	60	105	9453	0	9684
326	84	44	81	9421	0	9630
327	90	50	47	9656	0	9843
328	9551	32	63	171	0	9817
329	182	9583	69	98	0	9932
330	9655	135	84	58	0	9932
331	177	98	9658	49	0	9982
332	119	72	9801	57	0	10049
333	120	65	154	9462	0	9801
334	83	68	108	9361	0	9620
335	62	9912	78	172	0	10224
336	79	135	10015	107	0	10336
337	53	10118	158	95	0	10424
338	52	141	10206	53	0	10452
339	9581	111	155	46	0	9893
340	159	10201	113	54	0	10527
341	128	146	10241	47	0	10562
342	84	108	137	10024	0	10353
343	53	98	10229	135	0	10515
344	47	10226	136	109	0	10518
345	44	174	78	9949	0	10245
346	40	10200	66	202	0	10508
347	58	146	10208	134	0	10546
348	50	122	142	9975	0	10289
349	9998	80	53	175	0	10306
350	140	10037	57	98	0	10332
351	112	192	9861	55	0	10220
352	48	326	133	9367	0	9874
353	51	75	9727	153	0	10006
354	35	45	8862	70	0	9012
355	23	7772	145	49	0	7989
356	47	49	105	6333	0	6534
357	16	34	33	6342	0	6425
358	13	21	33	6331	0	6398
359	19	24	6576	58	0	6677
360	16	12	6557	40	0	6625
361	6054	11	58	38	0	6161
362	39	11	6456	17	0	6523
363	6050	9	37	14	0	6110
364	37	6317	22	18	0	6394
365	27	37	13	6192	0	6269
366	10	6548	15	34	0	6607
367	10	6746	13	31	0	6800
368	12	52	6813	10	0	6887
369	7	40	31	6633	0	6711
370	6	21	6796	33	0	6856
371	7	21	6503	39	0	6570
372	6327	11	64	22	0	6424
373	34	13	6625	16	0	6688
374	21	19	6508	21	0	6569
375	6271	13	44	26	0	6354
376	28	11	6471	27	0	6537
377	18	19	6609	20	0	6666
378	6	16	50	6277	0	6349
379	4	6512	33	37	0	6586
380	7	32	18	6503	0	6560
381	5	23	31	6393	0	6452
382	6494	18	10	63	0	6585
383	24	12	16	6442	0	6494
384	24	6691	11	58	0	6784
385	6605	29	17	44	0	6695
386	37	37	6664	15	0	6753
387	6388	25	37	30	0	6480
388	41	14	7052	20	0	7127
389	31	13	7318	17	0	7379
390	12	7465	81	19	0	7577
391	7562	42	48	28	0	7680
392	30	7656	31	33	0	7750
393	36	53	7813	36	0	7938
394	32	51	48	7343	0	7474
395	10	7992	52	45	0	8099
396	8065	38	40	37	0	8180
397	7962	46	23	19	0	8050
398	61	8072	31	28	0	8192
399	8175	40	26	16	0	8257
400	38	46	19	7890	0	7993
401	33	8115	33	49	0	8230
402	11	54	19	8352	0	8436
403	7	65	16	8727	0	8815
404	9032	34	21	75	0	9162
405	8722	9	37	56	0	8824
406	8804	17	15	28	0	8864
407	98	13	8920	16	0	9047
408	8699	14	60	14	0	8787
409	59	47	64	8957	0	9127
410	52	16	9023	58	0	9149
411	11	20	8615	54	0	8700
412	9	8548	105	25	0	8687
413	7739	63	44	7	0	7853
414	43	8039	16	19	0	8117
415	51	48	8	7810	0	7917
416	13	37	10	8014	0	8074
417	16	13	8230	71	0	8330
418	4	6	50	7961	0	8021
419	6	7	8341	50	0	8404
420	10	5	8229	42	0	8286
421	10	8217	64	18	0	8309
422	33	35	49	7668	0	7785
423	7	28	5	7661	0	7701
424	7687	5	8	58	0	7758
425	37	2	7728	33	0	7800
426	33	2	33	7804	0	7872
427	7891	5	34	38	0	7968
428	38	4	7948	31	0	8021
429	7672	4	39	11	0	7726
430	7827	9	29	7	0	7872
431	68	7	8299	7	0	8381
432	36	5	43	8048	0	8132
433	14	10	31	8180	0	8235
434	15	3	8533	68	0	8619
435	8248	4	44	42	0	8338
436	8458	10	44	13	0	8525
437	8214	5	19	9	0	8247
438	8339	10	17	7	0	8373
439	8327	12	30	13	0	8382
440	81	12	8262	21	0	8376
441	48	21	8526	15	0	8610
442	32	8552	72	16	0	8672
443	32	62	8637	17	0	8748
444	24	59	65	8321	0	8469
445	27	31	56	7951	0	8065
446	27	30	22	8471	0	8550
447	38	22	17	8607	0	8684
448	40	19	8607	80	0	8746
449	39	8491	46	57	0	8633
450	46	8795	47	33	0	8921
451	36	87	20	8604	0	8747
452	34	9014	15	65	0	9128
453	8984	60	16	65	0	9125
454	8709	44	17	49	0	8819
455	99	9326	22	53	0	9500
456	87	51	18	9317	0	9473
457	61	44	22	9498	0	9625
458	56	20	9639	88	0	9803
459	8919	14	66	57	0	9056
460	9494	14	65	39	0	9612
461	109	9814	42	47	0	10012
462	9915	55	45	43	0	10058
463	79	54	10196	39	0	10368
464	75	10091	74	49	0	10289
465	53	10258	69	31	0	10411
466	47	10193	41	46	0	10327
467	47	119	24	9913	0	10103
468	9753	51	38	104	0	9946
469	82	22	37	10027	0	10168
470	84	13	10536	92	0	10725
471	56	20	117	10433	0	10626
472	50	36	11080	92	0	11258
473	43	35	119	10478	0	10675
474	41	43	80	10279	0	10443
475	42	10960	44	157	0	11203
476	11184	80	53	110	0	11427
477	99	65	55	10845	0	11064
478	94	11139	50	108	0	11391
479	11207	89	54	89	0	11439
480	10059	91	70	38	0	10258
481	11036	26	49	66	0	11177
482	156	11134	46	63	0	11399
483	106	85	11244	57	0	11492
484	47	65	110	11130	0	11352
485	42	58	96	10730	0	10926
486	48	11223	59	145	0	11475
487	59	103	11230	91	0	11483
488	66	48	10965	57	0	11136
489	10420	27	118	47	0	10612
490	108	101	65	10531	0	10805
491	71	27	11038	95	0	11231
492	44	11356	90	82	0	11572
493	60	125	67	10767	0	11019
494	41	11572	42	75	0	11730
495	48	78	11477	53	0	11656
496	10716	70	90	33	0	10909
497	11130	19	65	36	0	11250
498	122	11392	21	60	0	11595
499	60	78	28	11356	0	11522
500	44	48	11398	93	0	11583
501	46	11272	86	64	0	11468
502	10862	79	51	30	0	11022
503	71	10572	17	32	0	10692
504	40	10462	20	18	0	10540
505	24	125	28	10214	0	10391
506	18	10496	23	61	0	10598
507	10416	67	14	38	0	10535
508	63	56	10	10329	0	10458
509	35	23	10216	58	0	10332
510	18	12	9732	33	0	9795
511	16	27	69	9619	0	9731
512	11	9853	34	78	0	9976
513	9893	60	22	30	0	10005
514	62	46	13	9660	0	9781
515	36	20	9811	63	0	9930
516	15	27	55	9660	0	9757
517	9	24	39	9591	0	9663
518	9529	10	23	81	0	9643
519	63	23	11	9419	0	9516
520	39	17	9536	59	0	9651
521	20	21	9398	36	0	9475
522	13	18	82	9412	0	9525
523	19	35	38	9533	0	9625
524	15	25	9924	87	0	10051
525	9050	25	68	40	0	9183
526	67	33	9903	29	0	10032
527	35	9856	57	24	0	9972
528	13	71	35	9941	0	10060
529	24	38	10013	65	0	10140
530	29	18	9958	43	0	10048
531	18	24	77	9491	0	9610
532	9676	21	45	65	0	9807
533	64	26	9933	46	0	10069
534	37	9932	68	38	0	10075
535	9906	73	36	25	0	10040
536	71	40	9973	32	0	10116
537	9537	20	66	33	0	9656
538	9769	19	45	27	0	9860
539	83	10310	23	39	0	10455
540	47	65	22	9752	0	9886
541	26	10158	30	82	0	10296
542	23	69	10200	43	0	10335
543	9689	42	70	32	0	9833
544	10207	26	50	32	0	10315
545	84	38	10539	22	0	10683
546	58	21	10586	41	0	10706
547	32	10831	98	27	0	10988
548	10973	75	66	23	0	11137
549	80	53	36	10773	0	10942
550	69	26	31	10328	0	10454
551	19	10830	40	96	0	10985
552	10691	75	28	57	0	10851
553	80	54	11004	33	0	11171
554	58	33	86	11566	0	11743
555	11855	21	59	102	0	12037
556	98	12208	39	81	0	12426
557	66	113	14302	25	0	14506
558	31	51	14481	36	0	14599
559	34	75	218	13600	0	13927
560	26	14508	98	141	0	14773
561	27	148	14535	81	0	14791
562	24	111	167	14195	0	14497
563	14346	25	113	161	0	14645
564	175	23	14818	97	0	15113
565	85	58	197	14813	0	15153
566	53	19	15164	177	0	15413
567	33	10	15427	100	0	15570
568	18	110	287	15049	0	15464
569	38	30	15460	193	0	15721
570	13264	17	204	102	0	13587
571	165	21	14919	19	0	15124
572	13918	10	161	34	0	14123
573	165	14544	92	22	0	14823
574	14796	151	27	14	0	14988
575	150	15068	30	36	0	15284
576	88	160	28	14468	0	14744
577	23	83	19	15228	0	15353
578	21	30	15119	234	0	15404
579	36	19	15296	93	0	15444
580	11	14	247	15380	0	15652
581	29	23	15585	173	0	15810
582	14	19	188	14711	0	14932
583	19	15150	116	164	0	15449
584	27	15634	65	112	0	15838
585	17	238	57	15168	0	15480
586	16	120	51	15419	0	15606
587	17	31	15404	242	0	15694
588	15	74	190	14794	0	15073
589	27	15067	122	173	0	15389
590	21	15055	69	115	0	15260
591	26	14942	37	63	0	15068
592	30	244	48	13658	0	13980
593	20	14243	55	182	0	14500
594	13901	162	65	120	0	14248
595	161	101	60	13868	0	14190
596	106	22	13973	181	0	14282
597	25	21	202	13788	0	14036
598	43	15	14150	189	0	14397
599	44	28	14134	102	0	14308
600	48	18	14311	57	0	14434
601	36	14134	257	59	0	14486
602	72	187	14395	35	0	14689
603	14051	116	198	57	0	14422
604	14137	61	139	55	0	14392
605	14356	36	88	58	0	14538
606	250	22	65	14313	0	14650
607	14229	33	93	199	0	14554
608	160	14137	97	153	0	14547
609	101	14652	70	96	0	14919
610	14556	257	104	63	0	14980
611	179	136	14868	69	0	15252
612	114	68	185	14689	0	15056
613	55	60	14966	220	0	15301
614	39	65	14966	150	0	15220
615	29	14845	275	97	0	15246
616	39	211	172	13750	0	14172
617	31	156	81	14808	0	15076
618	14686	76	69	296	0	15127
619	160	14770	81	193	0	15204
620	120	15094	78	105	0	15397
621	74	276	14958	103	0	15411
622	55	15163	227	72	0	15517
623	14846	205	170	102	0	15323
624	14467	136	132	96	0	14831
625	267	81	15059	90	0	15497
626	129	67	15088	94	0	15378
627	54	81	351	14344	0	14830
628	48	70	252	14164	0	14534
629	63	14561	141	312	0	15077
630	70	215	137	14424	0	14846
631	97	144	140	14268	0	14649
632	77	14468	115	330	0	14990
633	108	216	97	14323	0	14744
634	72	161	105	13926	0	14264
635	70	13972	97	345	0	14484
636	100	221	14001	190	0	14512
637	76	171	248	13998	0	14493
638	14031	99	173	251	0	14554
639	13603	83	142	160	0	13988
640	288	99	13759	97	0	14243
641	13332	121	241	91	0	13785
642	13522	103	190	87	0	13902
643	266	13787	120	126	0	14299
644	142	232	13421	110	0	13905
645	71	160	13428	112	0	13771
646	63	124	313	13391	0	13891
647	13404	89	185	239	0	13917
648	13765	102	111	162	0	14140
649	279	100	101	14732	0	15212
650	15642	109	97	255	0	16103
651	15775	114	103	146	0	16138
652	16075	111	131	90	0	16407
653	368	87	16051	92	0	16598
654	186	64	15845	87	0	16182
655	15123	77	350	74	0	15624
656	228	138	15418	90	0	15874
657	102	13415	149	48	0	13714
658	92	189	142	13053	0	13476
659	53	89	13546	125	0	13813
660	35	38	13356	84	0	13513
661	38	102	203	12818	0	13161
662	45	28	13207	113	0	13393
663	27	19	13090	79	0	13215
664	21	12446	148	39	0	12654
665	19	12369	70	28	0	12486
666	12356	144	52	18	0	12570
667	109	77	18	12095	0	12299
668	12190	24	28	95	0	12337
669	113	19	12269	70	0	12471
670	79	17	98	11901	0	12095
671	27	23	69	12080	0	12199
672	12133	23	34	133	0	12323
673	97	12320	24	71	0	12512
674	88	103	11904	25	0	12120
675	34	79	12002	19	0	12134
676	20	12320	139	36	0	12515
677	23	82	12142	26	0	12273
678	16	11960	97	26	0	12099
679	23	11545	69	21	0	11658
680	49	122	11549	14	0	11734
681	10752	62	94	9	0	10917
682	96	19	51	11341	0	11507
683	54	11720	13	112	0	11899
684	23	77	20	11630	0	11750
685	11598	45	23	93	0	11759
686	11489	14	19	54	0	11576
687	11443	13	19	23	0	11498
688	124	9	11829	19	0	11981
689	55	12	89	11470	0	11626
690	9	11808	64	102	0	11983
691	12110	80	35	45	0	12270
692	81	50	29	12124	0	12284
693	50	26	24	11998	0	12098
694	15	32	20	12358	0	12425
695	28	22	12348	124	0	12522
696	11655	22	95	58	0	11830
697	91	12398	60	26	0	12575
698	60	81	27	12102	0	12270
699	25	41	24	12254	0	12344
700	12266	14	26	133	0	12439
701	103	26	12109	65	0	12303
702	66	16	12373	29	0	12484
703	38	12475	139	26	0	12678
704	34	93	12811	16	0	12954
705	11755	62	146	19	0	11982
706	95	12782	78	42	0	12997
707	57	102	12978	19	0	13156
708	11843	70	107	21	0	12041
709	105	27	13243	24	0	13399
710	63	13284	106	37	0	13490
711	29	125	71	12950	0	13175
712	26	66	35	13205	0	13332
713	44	23	13259	143	0	13469
714	43	20	13198	76	0	13337
715	42	13152	149	45	0	13388
716	12954	93	81	38	0	13166
717	111	13318	48	45	0	13522
718	81	109	47	13146	0	13383
719	42	74	13321	102	0	13539
720	12385	35	135	68	0	12623
721	117	33	86	12980	0	13216
722	71	13101	47	115	0	13334
723	35	13385	42	96	0	13558
724	36	154	54	13176	0	13420
725	40	83	47	13310	0	13480
726	13178	39	38	164	0	13419
727	115	44	36	13357	0	13552
728	84	34	13471	120	0	13709
729	13195	33	121	92	0	13441
730	13387	31	98	47	0	13563
731	175	31	13782	24	0	14012
732	13354	37	130	30	0	13551
733	125	50	86	14017	0	14278
734	80	51	44	13997	0	14172
735	48	34	48	14145	0	14275
736	46	26	50	13866	0	13988
737	35	14165	39	185	0	14424
738	14294	121	40	94	0	14549
739	14475	90	46	49	0	14660
740	197	49	15473	37	0	15756
741	15324	35	133	43	0	15535
742	15983	36	110	50	0	16179
743	16317	41	49	45	0	16452
744	17225	37	43	38	0	17343
745	216	17286	44	58	0	17604
746	118	172	31	16846	0	17167
747	50	110	17226	135	0	17521
748	54	44	16357	111	0	16566
749	14442	152	240	57	0	14891
750	14260	54	122	35	0	14471
751	127	14141	14	26	0	14308
752	14182	54	13	14	0	14263
753	73	14482	9	46	0	14610
754	78	77	10	14453	0	14618
755	14860	71	16	77	0	15024
756	14260	23	19	76	0	14378
757	14662	18	10	23	0	14713
758	131	14700	11	27	0	14869
759	14706	59	12	13	0	14790
760	81	72	12	14779	0	14944
761	14978	17	18	72	0	15085
762	88	12	14979	88	0	15167
763	95	15044	66	32	0	15237
764	14952	61	87	24	0	15124
765	91	78	15335	13	0	15517
766	91	36	63	15245	0	15435
767	34	10	15710	70	0	15824
768	42	16	15647	76	0	15781
769	30	11	126	15438	0	15605
770	46	16	16179	66	0	16307
771	30	15	84	15811	0	15940
772	37	29	87	15928	0	16081
773	16228	12	21	136	0	16397
774	92	16414	20	99	0	16625
775	110	16767	23	35	0	16935
776	48	17315	16	27	0	17406
777	90	163	17465	23	0	17741
778	38	111	103	17141	0	17393
779	49	42	17617	96	0	17804
780	16397	25	112	99	0	16633
781	17138	24	96	37	0	17295
782	188	17633	34	50	0	17905
783	120	100	32	17275	0	17527
784	59	17905	17	97	0	18078
785	17853	101	31	97	0	18082
786	119	100	31	17750	0	18000
787	132	32	17881	111	0	18156
788	56	17643	93	162	0	17954
789	102	84	17948	50	0	18184
790	49	111	102	17530	0	17792
791	52	49	17725	103	0	17929
792	16709	35	115	124	0	16983
793	141	27	17959	45	0	18172
794	128	17975	112	49	0	18264
795	54	112	116	17430	0	17712
796	44	114	50	18044	0	18252
797	17841	46	51	181	0	18119
798	17718	39	45	124	0	17926
799	205	17940	42	78	0	18265
800	133	116	17869	40	0	18158
801	85	108	17630	38	0	17861
802	17142	39	201	46	0	17428
803	144	39	17764	50	0	17997
804	151	58	17315	40	0	17564
805	70	58	17681	50	0	17859
806	72	41	17666	57	0	17836
807	50	17522	199	53	0	17824
808	17485	118	150	34	0	17787
809	146	129	66	16937	0	17278
810	17200	51	74	102	0	17427
811	138	17033	56	135	0	17362
812	17058	120	64	56	0	17298
813	143	17798	61	65	0	18067
814	139	120	60	17416	0	17735
815	75	18361	55	130	0	18621
816	86	127	18269	131	0	18613
817	64	18763	142	68	0	19037
818	77	157	118	20194	0	20546
819	20361	128	72	145	0	20706
820	161	68	53	20365	0	20647
821	162	49	20517	164	0	20892
822	88	61	173	19553	0	19875
823	63	20480	187	190	0	20920
824	68	145	20570	149	0	20932
825	19714	155	180	62	0	20111
826	169	60	189	20619	0	21037
827	20738	59	97	162	0	21056
828	20483	66	83	174	0	20806
829	251	20888	85	77	0	21301
830	20720	163	72	85	0	21040
831	20581	165	74	54	0	20874
832	262	20795	74	89	0	21220
833	158	167	70	20509	0	20904
834	82	172	83	20299	0	20636
835	53	20621	90	266	0	21030
836	60	188	64	21005	0	21317
837	72	162	20914	175	0	21323
838	51	155	191	20569	0	20966
839	82	70	20573	199	0	20924
840	80	65	19273	165	0	19583
841	67	19307	248	73	0	19695
842	53	18927	157	76	0	19213
843	81	19359	90	86	0	19616
844	139	240	164	17943	0	18486
845	74	122	18503	116	0	18815
846	17665	45	141	113	0	17964
847	121	38	116	18439	0	18714
848	116	37	18712	119	0	18984
849	57	43	18632	104	0	18836
850	54	18895	194	73	0	19216
851	41	139	111	18566	0	18857
852	18272	109	44	94	0	18519
853	116	17955	44	128	0	18243
854	103	17809	35	58	0	18005
855	43	17613	43	82	0	17781
856	43	215	34	17644	0	17936
857	26	18342	46	152	0	18566
858	33	127	47	19535	0	19742
859	33	120	43	20046	0	20242
860	38	48	20041	267	0	20394
861	17937	51	184	179	0	18351
862	175	34	20488	55	0	20752
863	134	150	180	20321	0	20785
864	55	44	20922	176	0	21197
865	25	20468	192	166	0	20851
866	20212	187	219	59	0	20677
867	180	153	64	19396	0	19793
868	131	43	50	20144	0	20368
869	20144	29	41	285	0	20499
870	19325	36	68	159	0	19588
871	20221	52	43	60	0	20376
872	305	55	20374	40	0	20774
873	18975	30	169	40	0	19214
874	172	19786	134	44	0	20136
875	124	19684	35	53	0	19896
876	42	264	56	18841	0	19203
877	32	154	21	18477	0	18684
878	20	18856	24	271	0	19171
879	26	162	21	18968	0	19177
880	18581	133	33	176	0	18923
881	179	45	18792	143	0	19159
882	134	18567	165	55	0	18921
883	18036	168	131	50	0	18385
884	151	18440	39	87	0	18717
885	131	198	18345	47	0	18721
886	43	152	160	18106	0	18461
887	50	41	18389	199	0	18679
888	33	18239	168	168	0	18608
889	48	174	131	18101	0	18454
890	55	142	18065	181	0	18443
891	57	52	18115	144	0	18368
892	44	44	267	18000	0	18355
893	17911	54	157	165	0	18287
894	17555	58	54	142	0	17809
895	17875	42	36	77	0	18030
896	287	49	18384	65	0	18785
897	155	18380	172	68	0	18775
898	73	184	131	17928	0	18316
899	55	153	48	17842	0	18098
900	43	18366	52	281	0	18742
901	18220	175	44	181	0	18620
902	197	156	50	18248	0	18651
903	146	75	18399	194	0	18814
904	54	18373	177	189	0	18793
905	17735	190	164	77	0	18166
906	157	18165	64	82	0	18468
907	132	215	71	17633	0	18051
908	67	158	64	17730	0	18019
909	52	64	74	17902	0	18092
910	47	97	17941	317	0	18402
911	84	70	192	17449	0	17795
912	62	17713	187	220	0	18182
913	66	17370	87	186	0	17709
914	95	281	17117	98	0	17591
915	16197	189	208	79	0	16673
916	16514	100	167	85	0	16866
917	284	16327	96	120	0	16827
918	14535	164	124	83	0	14906
919	14427	136	72	74	0	14709
920	246	14916	57	92	0	15311
921	156	183	54	15040	0	15433
922	99	133	15632	187	0	16051
923	102	72	15193	159	0	15526
924	15308	80	271	97	0	15756
925	196	15716	167	102	0	16181
926	180	165	87	15382	0	15814
927	86	157	79	15325	0	15647
928	93	99	76	15461	0	15729
929	15220	88	64	296	0	15668
930	228	74	56	15120	0	15478
931	184	76	73	15303	0	15636
932	106	91	14983	290	0	15470
933	14071	81	166	190	0	14508
934	210	14885	152	118	0	15365
935	14737	194	82	77	0	15090
936	213	14575	61	93	0	14942
937	171	199	74	14440	0	14884
938	14400	171	74	180	0	14825
939	14419	85	88	170	0	14762
940	269	77	14475	91	0	14912
941	14506	87	194	79	0	14866
942	189	90	14801	105	0	15185
943	150	76	14142	94	0	14462
944	97	70	14207	101	0	14475
945	78	84	15765	90	0	16017
946	66	116	321	15925	0	16428
947	105	83	16387	233	0	16808
948	98	69	246	16146	0	16559
949	15968	77	196	258	0	16499
950	241	79	95	16025	0	16440
951	15739	81	75	252	0	16147
952	238	15964	82	222	0	16506
953	173	238	67	15967	0	16445
954	108	183	15990	277	0	16558
955	80	16438	239	236	0	16993
956	68	415	190	15742	0	16415
957	128	138	15865	293	0	16424
958	61	15124	187	144	0	15516
959	52	14962	116	63	0	15193
960	101	284	14589	47	0	15021
961	37	231	174	13848	0	14290
962	43	39	13938	197	0	14217
963	12934	22	153	110	0	13219
964	13314	17	100	33	0	13464
965	211	13321	34	29	0	13595
966	13283	140	51	30	0	13504
967	162	113	19	13212	0	13506
968	109	23	13195	152	0	13479
969	12592	20	161	123	0	12896
970	160	13	13240	41	0	13454
971	95	12969	146	36	0	13246
972	13015	158	131	39	0	13343
973	142	104	25	12905	0	13176
974	110	26	12918	150	0	13204
975	12696	19	139	119	0	12973
976	12632	19	108	32	0	12791
977	12880	27	30	23	0	12960
978	231	18	29	12655	0	12933
979	110	20	30	12811	0	12971
980	38	24	12759	239	0	13060
981	20	12759	151	134	0	13064
982	26	145	122	12165	0	12458
983	26	114	33	12833	0	13006
984	31	33	12702	235	0	13001
985	43	27	12677	119	0	12866
986	27	18	234	12550	0	12829
987	12324	21	134	177	0	12656
988	153	12476	55	115	0	12799
989	12517	146	40	39	0	12742
990	160	12650	40	44	0	12894
991	130	170	12528	24	0	12852
992	48	118	12581	32	0	12779
993	11987	34	271	38	0	12330
994	13146	19	131	33	0	13329
995	286	13124	61	49	0	13520
996	164	169	12747	37	0	13117
997	91	121	173	12478	0	12863
998	55	46	148	12223	0	12472
999	49	12739	61	266	0	13115
1000	52	162	42	12849	0	13105
1001	48	132	12814	204	0	13198
1002	12462	56	189	145	0	12852
1003	12546	32	158	65	0	12801
1004	12515	30	64	70	0	12679
1005	12675	32	67	39	0	12813
1006	312	43	12477	51	0	12883
1007	12445	31	192	55	0	12723
1008	234	38	12536	68	0	12876
1009	159	12348	211	58	0	12776
1010	74	166	179	12363	0	12782
1011	12443	140	76	186	0	12845
1012	195	59	63	13095	0	13412
1013	159	43	13095	213	0	13510
1014	12874	35	205	177	0	13291
1015	13090	42	176	75	0	13383
1016	317	37	90	12889	0	13333
1017	177	58	81	13207	0	13523
1018	92	59	13067	314	0	13532
1019	78	13078	189	217	0	13562
1020	12684	183	164	83	0	13114
1021	223	160	12339	53	0	12775
1022	11836	64	190	50	0	12140
1023	215	11913	157	65	0	12350
1024	11739	177	78	42	0	12036
1025	217	11576	58	60	0	11911
1026	174	11570	64	66	0	11874
1027	85	284	84	11385	0	11838
1028	75	160	65	11620	0	11920
1029	91	61	57	11633	0	11842
1030	89	42	52	11823	0	12006
1031	76	38	11586	309	0	12009
1032	11392	37	196	166	0	11791
1033	11678	38	156	73	0	11945
1034	11930	38	61	62	0	12091
1035	321	36	64	11671	0	12092
1036	205	36	50	11807	0	12098
1037	11661	36	70	282	0	12049
1038	11666	34	74	167	0	11941
1039	11832	33	66	75	0	12006
1040	311	44	66	11418	0	11839
1041	189	50	49	11288	0	11576
1042	124	44	10954	251	0	11373
1043	82	40	10895	163	0	11180
1044	63	10780	260	104	0	11207
1045	8413	375	256	236	0	9280
1046	8255	92	100	33	0	8480
1047	8439	38	28	45	0	8550
1048	175	26	8491	41	0	8733
1049	8491	24	99	49	0	8663
1050	8522	33	90	37	0	8682
1051	8627	22	45	32	0	8726
1052	187	31	24	8411	0	8653
1053	119	25	41	8398	0	8583
1054	66	28	29	8388	0	8511
1055	54	19	7816	161	0	8050
1056	7364	29	78	94	0	7565
1057	103	7593	74	49	0	7819
1058	6619	43	29	25	0	6716
1059	85	6589	19	31	0	6724
1060	83	6629	13	35	0	6760
1061	66	99	69	6488	0	6722
1062	78	60	49	6293	0	6480
1063	32	6385	13	91	0	6521
1064	6290	44	15	75	0	6424
1065	6221	46	21	40	0	6328
1066	92	43	13	6163	0	6311
1067	79	13	6310	61	0	6463
1068	38	16	6233	63	0	6350
1069	50	6	6512	34	0	6602
1070	61	16	6391	18	0	6486
1071	5974	30	100	25	0	6129
1072	5974	12	40	34	0	6060
1073	90	8	19	5905	0	6022
1074	64	10	5944	53	0	6071
1075	45	30	36	6153	0	6264
1076	36	6381	50	64	0	6531
1077	42	6819	21	66	0	6948
1078	6948	69	13	33	0	7063
1079	6936	48	17	28	0	7029
1080	6973	17	17	28	0	7035
1081	84	23	17	6911	0	7035
1082	63	25	15	6996	0	7099
1083	42	13	16	6999	0	7070
1084	44	18	11	7036	0	7109
1085	44	26	7012	93	0	7175
1086	43	11	42	6979	0	7075
1087	7255	19	48	47	0	7369
1088	65	18	22	7322	0	7427
1089	73	18	21	7385	0	7497
1090	47	11	19	7354	0	7431
1091	36	7353	15	95	0	7499
1092	32	7365	21	69	0	7487
1093	30	7414	25	50	0	7519
1094	34	57	24	6770	0	6885
1095	23	28	48	6819	0	6918
1096	6879	7	11	64	0	6961
1097	6723	14	16	48	0	6801
1098	6863	8	13	26	0	6910
1099	58	16	10	6852	0	6936
1100	54	16	11	6801	0	6882
1101	33	6896	11	58	0	6998
1102	38	7030	5	50	0	7123
1103	7072	42	12	22	0	7148
1104	52	23	11	7003	0	7089
1105	7076	4	11	45	0	7136
1106	7125	6	9	49	0	7189
1107	59	7	13	7070	0	7149
1108	34	7541	19	53	0	7647
1109	7609	22	15	42	0	7688
1110	7689	31	22	24	0	7766
1111	63	11	8102	19	0	8195
1112	7432	16	24	9	0	7481
1113	31	7577	13	13	0	7634
1114	20	18	20	7712	0	7770
1115	8604	12	3	26	0	8645
1116	24	8	7	8596	0	8635
1117	23	3	4	8648	0	8678
1118	13	8745	2	47	0	8807
1119	8692	28	5	25	0	8750
1120	8645	23	3	16	0	8687
1121	48	8819	3	13	0	8883
1122	22	9277	4	11	0	9314
1123	9291	38	4	21	0	9354
1124	9177	18	6	11	0	9212
1125	52	5	9188	13	0	9258
1126	27	7	8945	16	0	8995
1127	6	10	9523	11	0	9550
1128	6	4	44	9351	0	9405
1129	5	2	19	9555	0	9581
1130	9	5	9626	48	0	9688
1131	9390	4	25	32	0	9451
1132	9757	4	17	13	0	9791
1133	9766	3	3	21	0	9793
1134	9659	3	5	17	0	9684
1135	53	6	10601	16	0	10676
1136	10613	9	27	11	0	10660
1137	10968	9	28	11	0	11016
1138	10891	8	4	22	0	10925
1139	10878	6	1	24	0	10909
1140	10818	8	15	31	0	10872
1141	57	8	11383	30	0	11478
1142	34	11492	25	28	0	11579
1143	18	44	17	11425	0	11504
1144	12	39	4	11626	0	11681
1145	16	24	11725	60	0	11825
1146	11049	22	24	46	0	11141
1147	41	29	18	11430	0	11518
1148	52	14	11787	39	0	11892
1149	43	7	11720	47	0	11817
1150	29	12219	46	39	0	12333
1151	38	28	25	12365	0	12456
1152	26	36	8	12441	0	12511
1153	22	25	9	12445	0	12501
1154	12539	11	10	79	0	12639
1155	44	17	5	12531	0	12597
1156	46	21	12592	46	0	12705
1157	51	18	12257	37	0	12363
1158	49	21	13635	31	0	13736
1159	40	16	43	13683	0	13782
1160	13860	15	27	41	0	13943
1161	65	18	13906	36	0	14025
1162	13619	17	35	28	0	13699
1163	15235	31	30	13	0	15309
1164	79	16	16	15534	0	15645
1165	65	15	13	15641	0	15734
1166	39	15837	14	76	0	15966
1167	38	42	15974	46	0	16100
1168	15438	38	36	40	0	15552
1169	56	19	32	16173	0	16280
1170	58	16155	16	95	0	16324
1171	41	53	12	16342	0	16448
1172	40	41	16420	72	0	16573
1173	39	70	45	16067	0	16221
1174	49	16273	34	50	0	16406
1175	47	48	13	16044	0	16152
1176	15928	44	20	49	0	16041
1177	61	22	39	15720	0	15842
1178	56	15634	29	47	0	15766
1179	30	15763	28	66	0	15887
1180	15528	55	29	37	0	15649
1181	53	47	16054	39	0	16193
1182	46	13	53	15738	0	15850
1183	39	11	43	16320	0	16413
1184	47	6	16805	80	0	16938
1185	42	16841	54	73	0	17010
1186	51	46	16931	21	0	17049
1187	47	72	47	16243	0	16409
1188	32	17273	36	52	0	17393
1189	17539	35	24	28	0	17626
1190	43	17560	26	49	0	17678
1191	58	17685	14	35	0	17792
1192	18041	61	15	17	0	18134
1193	18121	38	22	32	0	18213
1194	18621	11	23	14	0	18669
1195	56	7	22	18718	0	18803
1196	43	9	18742	62	0	18856
1197	18114	11	37	48	0	18210
1198	19433	8	41	24	0	19506
1199	92	7	16	20422	0	20537
1200	47	4	20728	74	0	20853
1201	17	20735	70	63	0	20885
1202	20699	68	42	33	0	20842
1203	21561	36	28	22	0	21647
1204	95	21905	13	29	0	22042
1205	49	22663	10	52	0	22774
1206	22679	100	14	24	0	22817
1207	22350	64	13	26	0	22453
1208	22237	24	13	27	0	22301
1209	113	12	8	22231	0	22364
1210	65	19	22999	85	0	23168
1211	30	15	72	22459	0	22576
1212	39	9	22954	83	0	23085
1213	17	22514	80	67	0	22678
1214	11	22600	37	59	0	22707
1215	50	100	21	21323	0	21494
1216	12	37	10	21871	0	21930
1217	16	22	8	21628	0	21674
1218	7	22090	13	110	0	22220
1219	21898	65	9	51	0	22023
1220	21386	45	9	27	0	21467
1221	93	22265	12	36	0	22406
1222	48	73	7	21644	0	21772
1223	24	21942	3	79	0	22048
1224	24	85	6	21822	0	21937
1225	22	22109	8	81	0	22220
1226	22364	69	14	47	0	22494
1227	75	37	12	22023	0	22147
1228	50	30	22166	77	0	22323
1229	21359	16	70	48	0	21493
1230	21567	16	35	36	0	21654
1231	114	18	22139	26	0	22297
1232	42	23	68	21937	0	22070
1233	29	26	22368	98	0	22521
1234	19	20	74	22250	0	22363
1235	32	44	21788	89	0	21953
1236	20822	24	77	59	0	20982
1237	83	19	34	21234	0	21370
1238	50	21526	15	75	0	21666
1239	21783	76	15	49	0	21923
1240	87	59	12	21725	0	21883
1241	54	38	10	21502	0	21604
1242	41	27	21447	129	0	21644
1243	30	29	69	22004	0	22132
1244	51	19	22714	119	0	22903
1245	40	25	23356	71	0	23492
1246	29	23	134	23786	0	23972
1247	44	23	25795	109	0	25971
1248	25317	27	159	82	0	25585
1249	29924	36	106	49	0	30115
1250	32878	40	40	45	0	33003
1251	350	34929	21	85	0	35385
1252	243	247	38	34298	0	34826
1253	95	277	27	33687	0	34086
1254	50	35846	29	422	0	36347
1255	35681	237	41	231	0	36190
1256	258	236	22	35458	0	35974
1257	261	62	36122	263	0	36708
1258	112	42	34726	248	0	35128
1259	54	34960	417	120	0	35551
1260	34985	245	275	48	0	35553
1261	284	216	35134	65	0	35699
1262	33404	61	273	62	0	33800
1263	266	33507	238	102	0	34113
1264	250	241	33586	66	0	34143
1265	117	225	32735	70	0	33147
1266	83	68	33643	53	0	33847
1267	61	33263	468	99	0	33891
1268	84	269	33440	50	0	33843
1269	32440	217	287	50	0	32994
1270	258	98	254	31936	0	32546
1271	257	45	72	32581	0	32955
1272	94	59	35	32937	0	33125
1273	50	52	39	33464	0	33605
1274	74	45	33347	485	0	33951
1275	58	49	253	32777	0	33137
1276	57	49	236	33208	0	33550
1277	32738	37	99	461	0	33335
1278	32386	56	90	289	0	32821
1279	32412	76	65	118	0	32671
1280	486	55	33500	73	0	34114
1281	292	33677	276	87	0	34332
1282	104	34358	256	87	0	34805
1283	33071	472	96	72	0	33711
1284	270	33694	73	112	0	34149
1285	259	313	109	32840	0	33521
1286	87	267	70	33553	0	33977
1287	81	84	33554	498	0	34217
1288	75	32926	298	338	0	33637
1289	85	273	32752	106	0	33216
1290	31581	257	339	72	0	32249
1291	32446	91	296	71	0	32904
1292	510	58	115	32078	0	32761
1293	308	63	86	31376	0	31833
1294	110	42	86	31462	0	31700
1295	89	47	83	32112	0	32331
1296	101	53	31890	578	0	32622
1297	82	114	291	31418	0	31905
1298	76	47	31764	334	0	32221
1299	83	42	30588	297	0	31010
1300	74	30500	484	145	0	31203
1301	30431	273	375	82	0	31161
1302	290	31308	100	94	0	31792
1303	299	327	106	30161	0	30893
1304	117	284	31621	335	0	32357
1305	30369	107	328	299	0	31103
1306	329	72	31252	113	0	31766
1307	30905	72	370	87	0	31434
1308	31109	57	340	95	0	31601
1309	560	99	132	31557	0	32348
1310	361	90	108	30638	0	31197
1311	113	93	113	31379	0	31698
1312	124	95	30753	642	0	31614
1313	30076	102	358	399	0	30935
1314	369	30533	360	193	0	31455
1315	386	343	164	30542	0	31435
1316	30353	339	147	397	0	31236
1317	30494	140	169	374	0	31177
1318	30722	135	139	189	0	31185
1319	695	134	30225	169	0	31223
1320	30242	113	395	183	0	30933
1321	30425	197	383	172	0	31177
1322	672	133	29966	211	0	30982
1323	418	122	30878	198	0	31616
1324	207	163	713	30507	0	31590
1325	190	118	31305	416	0	32029
1326	141	30244	508	440	0	31333
1327	184	30767	495	178	0	31624
1328	30239	611	265	156	0	31271
1329	429	31060	173	190	0	31852
1330	455	407	199	30955	0	32016
1331	30008	351	255	456	0	31070
1332	405	30941	207	471	0	32024
1333	382	407	245	30471	0	31505
1334	194	379	229	30834	0	31636
1335	171	132	30510	731	0	31544
1336	211	100	448	30515	0	31274
1337	202	117	30601	528	0	31448
1338	212	78	30418	496	0	31204
1339	221	90	646	29483	0	30440
1340	158	116	407	30047	0	30728
1341	29791	105	190	751	0	30837
1342	444	31658	141	560	0	32803
1343	400	421	123	30435	0	31379
1344	223	646	165	30527	0	31561
1345	29418	128	124	763	0	30433
1346	440	28946	157	510	0	30053
1347	407	27038	147	186	0	27778
1348	192	25430	130	125	0	25877
1349	122	21802	117	94	0	22135
1350	17136	417	830	61	0	18444
1351	16278	178	93	54	0	16603
1352	15607	47	31	44	0	15729
1353	15650	38	34	61	0	15783
1354	318	27	39	15424	0	15808
1355	177	26	15377	213	0	15793
1356	55	15153	197	178	0	15583
1357	55	180	178	14788	0	15201
1358	56	147	14955	205	0	15363
1359	59	44	198	14700	0	15001
1360	55	34	161	14810	0	15060
1361	54	57	14767	324	0	15202
1362	58	42	193	14567	0	14860
1363	72	79	161	14404	0	14716
1364	14713	56	57	320	0	15146
1365	14472	45	51	196	0	14764
1366	14531	50	45	65	0	14691
1367	14579	56	50	72	0	14757
1368	323	53	50	14191	0	14617
1369	204	46	53	14343	0	14646
1370	91	46	48	14516	0	14701
1371	14242	42	46	360	0	14690
1372	229	49	48	14329	0	14655
1373	185	53	55	14402	0	14695
1374	111	42	14091	338	0	14582
1375	98	72	193	13778	0	14141
1376	77	13796	163	236	0	14272
1377	89	14152	58	211	0	14510
1378	13622	298	47	94	0	14061
1379	260	161	13487	96	0	14004
1380	182	12786	173	77	0	13218
1381	12237	207	215	67	0	12726
1382	205	129	55	12225	0	12614
1383	158	64	12321	196	0	12739
1384	90	88	185	11933	0	12296
1385	73	12521	127	195	0	12916
1386	12413	158	58	161	0	12790
1387	191	12687	45	105	0	13028
1388	12723	187	37	91	0	13038
1389	12828	130	46	99	0	13103
1390	299	66	57	12709	0	13131
1391	167	52	34	12443	0	12696
1392	74	12709	36	316	0	13135
1393	12760	194	43	174	0	13171
1394	212	149	12747	96	0	13204
1395	12423	56	176	91	0	12746
1396	12325	52	137	77	0	12591
1397	309	41	12153	91	0	12594
1398	164	79	153	11374	0	11770
1399	11386	33	137	221	0	11777
1400	189	39	11348	169	0	11745
1401	129	58	10960	90	0	11237
1402	9977	68	258	80	0	10383
1403	140	10206	133	70	0	10549
1404	119	9084	62	64	0	9329
1405	120	221	37	8906	0	9284
1406	64	106	8879	133	0	9182
1407	8450	55	119	106	0	8730
1408	150	40	8786	49	0	9025
1409	104	8014	107	47	0	8272
1410	7953	123	95	44	0	8215
1411	128	90	23	7853	0	8094
1412	7968	53	29	110	0	8160
1413	148	29	7863	122	0	8162
1414	93	32	116	7697	0	7938
1415	54	7901	89	113	0	8157
1416	56	123	23	7708	0	7910
1417	56	103	31	7840	0	8030
1418	72	32	7810	190	0	8104
1419	72	7649	106	121	0	7948
1420	70	7678	92	62	0	7902
1421	61	160	7384	30	0	7635
1422	6746	83	120	46	0	6995
1423	6918	30	102	46	0	7096
1424	170	35	43	6800	0	7048
1425	6517	26	37	111	0	6691
1426	118	6387	37	94	0	6636
1427	93	6539	29	68	0	6729
1428	6699	144	82	44	0	6969
1429	118	100	28	6683	0	6929
1430	6719	32	39	108	0	6898
1431	6704	26	33	97	0	6860
1432	177	32	18	6476	0	6703
1433	118	32	6499	93	0	6742
1434	6345	32	93	93	0	6563
1435	6432	30	94	37	0	6593
1436	175	30	32	6378	0	6615
1437	116	6433	39	132	0	6720
1438	42	106	30	6507	0	6685
1439	43	85	6440	122	0	6690
1440	46	43	6361	91	0	6541
1441	44	6335	146	58	0	6583
1442	141	90	78	4251	0	4560
1443	23	39	50	4333	0	4445
1444	24	16	4344	68	0	4452
1445	4207	10	49	40	0	4306
1446	4393	8	42	16	0	4459
1447	4380	20	15	11	0	4426
1448	4429	15	9	20	0	4473
1449	77	4411	14	18	0	4520
1450	45	4536	18	21	0	4620
1451	4643	66	15	20	0	4744
1452	61	39	20	4758	0	4878
1453	46	18	11	4811	0	4886
1454	25	4877	13	92	0	5007
1455	30	69	11	4862	0	4972
1456	31	40	20	4766	0	4857
1457	30	4866	16	88	0	5000
1458	28	58	4851	46	0	4983
1459	26	48	53	4844	0	4971
1460	4813	25	36	68	0	4942
1461	4709	15	19	56	0	4799
1462	96	13	4716	19	0	4844
1463	53	14	4669	24	0	4760
1464	28	19	4636	17	0	4700
1465	24	31	89	4512	0	4656
1466	31	17	4576	71	0	4695
1467	33	16	4533	44	0	4626
1468	28	63	90	4308	0	4489
1469	41	4525	45	69	0	4680
1470	33	61	4595	41	0	4730
1471	19	4621	56	28	0	4724
1472	4547	57	41	28	0	4673
1473	58	4620	22	27	0	4727
1474	55	54	15	4527	0	4651
1475	4533	40	8	66	0	4647
1476	50	15	23	4526	0	4614
1477	49	19	20	4567	0	4655
1478	34	15	4638	86	0	4773
1479	27	4531	59	56	0	4673
1480	28	4636	44	22	0	4730
1481	22	98	17	4466	0	4603
1482	25	39	25	4464	0	4553
1483	19	20	16	4439	0	4494
1484	18	18	4343	90	0	4469
1485	22	10	4117	47	0	4196
1486	3844	11	74	23	0	3952
1487	48	6	3956	19	0	4029
1488	35	7	3845	12	0	3899
1489	8	3706	51	16	0	3781
1490	18	60	32	3626	0	3736
1491	11	26	3743	36	0	3816
1492	6	16	35	3664	0	3721
1493	15	7	3792	38	0	3852
1494	8	8	41	3764	0	3821
1495	6	7	4052	41	0	4106
1496	9	7	44	3965	0	4025
1497	9	7	29	3891	0	3936
1498	11	4051	13	61	0	4136
1499	10	34	12	4060	0	4116
1500	7	4172	9	45	0	4233
1501	13	43	12	4137	0	4205
1502	10	26	14	4172	0	4222
1503	4095	11	10	60	0	4176
1504	39	8	5	4117	0	4169
1505	25	8	4088	48	0	4169
1506	10	9	45	4051	0	4115
1507	11	8	35	4075	0	4129
1508	10	11	4075	64	0	4160
1509	12	7	4024	43	0	4086
1510	8	10	61	3930	0	4009
1511	12	10	37	4045	0	4104
1512	14	16	4054	66	0	4150
1513	13	3953	39	40	0	4045
1514	7	4039	37	27	0	4110
1515	3987	54	17	25	0	4083
1516	34	33	18	4021	0	4106
1517	4207	13	11	50	0	4281
1518	4087	11	18	34	0	4150
1519	51	4208	14	36	0	4309
1520	4179	39	18	16	0	4252
1521	4163	32	17	22	0	4234
1522	56	14	4180	19	0	4269
1523	26	16	43	4155	0	4240
1524	20	9	4302	52	0	4383
1525	13	11	48	4259	0	4331
1526	9	7	4252	57	0	4325
1527	6	4013	56	42	0	4117
1528	6	3970	32	23	0	4031
1529	4	68	18	3746	0	3836
1530	3720	22	16	33	0	3791
1531	33	6	11	3688	0	3738
1532	21	9	10	3708	0	3748
1533	10	3	3746	60	0	3819
1534	4	8	3746	36	0	3794
1535	11	9	3816	18	0	3854
1536	7	9	59	3678	0	3753
1537	8	20	29	3600	0	3657
1538	7	3714	13	80	0	3814
1539	9	3776	15	38	0	3838
1540	3683	49	14	23	0	3769
1541	31	3719	10	25	0	3785
1542	29	38	3647	16	0	3730
1543	10	21	42	3584	0	3657
1544	10	9	3838	43	0	3900
1545	6	3823	44	34	0	3907
1546	8	32	28	3766	0	3834
1547	3619	19	26	48	0	3712
1548	33	13	3750	32	0	3828
1549	17	3772	39	31	0	3859
1550	12	39	3758	26	0	3835
1551	4	3649	47	20	0	3720
1552	18	35	39	3401	0	3493
1553	3375	22	14	35	0	3446
1554	3309	10	3	42	0	3364
1555	41	3356	17	16	0	3430
1556	3413	23	15	13	0	3464
1557	25	21	14	3393	0	3453
1558	3407	17	9	36	0	3469
1559	29	7	3448	37	0	3521
1560	22	9	3492	21	0	3544
1561	14	15	45	3357	0	3431
1562	9	10	29	3548	0	3596
1563	8	10	3551	52	0	3621
1564	10	5	34	3558	0	3607
1565	3549	7	31	37	0	3624
1566	3478	13	16	33	0	3540
1567	47	3457	8	24	0	3536
1568	29	3461	14	18	0	3522
1569	3331	43	16	12	0	3402
1570	27	29	10	3256	0	3322
1571	3242	22	6	29	0	3299
1572	28	3237	15	35	0	3315
1573	3266	29	8	15	0	3318
1574	37	22	3204	11	0	3274
1575	25	19	3183	14	0	3241
1576	17	21	42	3155	0	3235
1577	12	7	3266	32	0	3317
1578	9	5	45	3137	0	3196
1579	8	12	19	3093	0	3132
1580	10	8	3281	55	0	3354
1581	8	6	33	3242	0	3289
1582	5	5	29	3509	0	3548
1583	12	9	3655	47	0	3723
1584	7	7	3628	31	0	3673
1585	3548	13	49	14	0	3624
1586	37	6	3747	13	0	3803
1587	3823	14	55	10	0	3902
1588	4216	11	27	14	0	4268
1589	49	13	4399	7	0	4468
1590	33	4	4509	12	0	4558
1591	27	7	52	4286	0	4372
1592	4	11	32	4223	0	4270
1593	11	4359	11	48	0	4429
1594	1	4449	12	56	0	4518
1595	10	44	4292	13	0	4359
1596	4112	30	34	10	0	4186
1597	4235	12	31	6	0	4284
1598	51	5	4221	17	0	4294
1599	38	3	4297	8	0	4346
1600	9	1	53	4105	0	4168
1601	6	4215	37	56	0	4314
1602	9	27	11	4203	0	4250
1603	4	20	12	4311	0	4347
1604	4297	6	11	53	0	4367
1605	4249	4	7	33	0	4293
1606	46	1	14	4410	0	4471
1607	36	3	4446	34	0	4519
1608	4232	1	35	27	0	4295
1609	31	4477	33	13	0	4554
1610	4488	26	23	7	0	4544
1611	4414	20	12	7	0	4453
1612	49	4481	11	17	0	4558
1613	30	4540	7	11	0	4588
1614	15	52	10	4466	0	4543
1615	10	32	11	4497	0	4550
1616	15	4569	9	53	0	4646
1617	16	30	13	4480	0	4539
1618	11	29	15	4538	0	4593
1619	10	12	4566	56	0	4644
1620	4457	8	40	40	0	4545
1621	4571	12	35	13	0	4631
1622	4635	5	14	19	0	4673
1623	67	6	13	4557	0	4643
1624	4499	3	10	46	0	4558
1625	50	4467	13	30	0	4560
1626	30	36	12	4338	0	4416
1627	19	4428	15	50	0	4512
1628	15	4608	12	34	0	4669
1629	4650	51	16	18	0	4735
1630	4579	25	8	16	0	4628
1631	4560	13	16	11	0	4600
1632	4591	11	10	14	0	4626
1633	4571	11	9	14	0	4605
1634	65	8	4671	14	0	4758
1635	4649	13	43	12	0	4717
1636	49	16	4797	13	0	4875
1637	4628	13	45	18	0	4704
1638	4612	16	26	18	0	4672
1639	4647	18	22	12	0	4699
1640	61	18	4961	16	0	5056
1641	42	7	44	4831	0	4924
1642	29	5106	30	48	0	5213
1643	5144	38	27	42	0	5251
1644	5027	31	18	29	0	5105
1645	56	5204	25	30	0	5315
1646	5323	40	18	20	0	5401
1647	61	34	12	5200	0	5307
1648	41	5383	25	46	0	5495
1649	5333	36	20	36	0	5425
1650	5270	25	19	26	0	5340
1651	78	24	23	5289	0	5414
1652	5361	16	25	49	0	5451
1653	69	13	25	5370	0	5477
1654	42	21	21	5393	0	5477
1655	50	21	5398	60	0	5529
1656	38	15	51	5319	0	5423
1657	38	19	38	5387	0	5482
1658	41	18	5427	59	0	5545
1659	39	23	5463	42	0	5567
1660	31	13	68	5417	0	5529
1661	34	16	5514	48	0	5612
1662	5201	21	51	31	0	5304
1663	56	5711	30	34	0	5831
1664	36	46	19	5737	0	5838
1665	38	26	16	5848	0	5928
1666	43	24	8	5845	0	5920
1667	5880	19	10	71	0	5980
1668	5780	15	8	46	0	5849
1669	5981	15	9	30	0	6035
1670	76	6018	9	20	0	6123
1671	56	43	7	6029	0	6135
1672	52	29	6	6080	0	6167
1673	6073	30	3	63	0	6169
1674	6024	21	5	36	0	6086
1675	77	22	9	6055	0	6163
1676	54	19	6148	52	0	6273
1677	6033	20	38	30	0	6121
1678	6172	16	19	34	0	6241
1679	72	16	6293	25	0	6406
1680	5914	13	41	21	0	5989
1681	59	9	6384	27	0	6479
1682	6137	5	46	16	0	6204
1683	53	91	20	6400	0	6564
1684	39	6896	14	72	0	7021
1685	39	25	7247	24	0	7335
1686	23	7261	51	19	0	7354
1687	19	6957	19	19	0	7014
1688	7073	46	59	21	0	7199
1689	25	20	21	6984	0	7050
1690	7	3	1	6844	0	6855
1691	7230	3	0	30	0	7263
1692	23	0	1	7296	0	7320
1693	8	0	1	7305	0	7314
1694	6	1	1	7327	0	7335
1695	5	0	1	7281	0	7287
1696	6	2	7359	31	0	7398
1697	7	2	7285	9	0	7303
1698	3	7336	24	6	0	7369
1699	7546	21	8	7	0	7582
1700	24	6	3	7666	0	7699
1701	9	7804	3	20	0	7836
1702	1	39	2	8066	0	8108
1703	5	10	2	8100	0	8117
1704	4	5	1	8089	0	8099
1705	2	4	1	8218	0	8225
1706	3	4	4	8178	0	8189
1707	4	8108	1	30	0	8143
1708	2	22	2	8186	0	8212
1709	11	6	8126	31	0	8174
1710	5	8162	24	22	0	8213
1711	5	22	6	8200	0	8233
1712	5	8	7	8155	0	8175
1713	4	8135	3	39	0	8181
1714	4	8243	2	26	0	8275
1715	8146	27	8	14	0	8195
1716	26	8184	5	13	0	8228
1717	8177	25	4	11	0	8217
1718	7959	8	4	10	0	7981
1719	34	3	8808	9	0	8854
1720	14	3	21	8488	0	8526
1721	13	5	8892	32	0	8942
1722	5	9090	22	17	0	9134
1723	5	27	11	8891	0	8934
1724	8	17	11	9004	0	9040
1725	6	10	3	9194	0	9213
1726	6	7	1	9272	0	9286
1727	11	1	9528	40	0	9580
1728	5	7	23	9369	0	9404
1729	7	4	9589	39	0	9639
1730	7	2	9586	15	0	9610
1731	9211	5	36	15	0	9267
1732	9671	4	18	7	0	9700
1733	9718	5	5	11	0	9739
1734	35	9919	5	14	0	9973
1735	14	30	2	9945	0	9991
1736	9	9	10477	37	0	10532
1737	4	12	26	10316	0	10358
1738	12	7	10867	33	0	10919
1739	10560	13	37	23	0	10633
1740	10561	7	17	13	0	10598
1741	10603	9	1	12	0	10625
1742	48	3	10468	12	0	10531
1743	18	9	10557	17	0	10601
1744	8	14	37	10743	0	10802
1745	13	3	29	10651	0	10696
1746	5	5	9	10949	0	10968
1747	9	4	11085	50	0	11148
1748	8	2	10572	28	0	10610
1749	10665	9	37	10	0	10721
1750	24	5	21	11250	0	11300
1751	15	7	3	11266	0	11291
1752	11474	9	5	44	0	11532
1753	28	3	2	11483	0	11516
1754	12277	3	7	37	0	12324
1755	12441	8	9	27	0	12485
1756	12132	3	9	21	0	12165
1757	39	3	12838	11	0	12891
1758	20	12688	25	133	0	12866
1759	13191	26	16	18	0	13251
1760	33	19	3	13104	0	13159
1761	21	8	7	13084	0	13120
1762	6	13299	7	54	0	13366
1763	13103	27	11	25	0	13166
1764	12859	17	7	11	0	12894
1765	13171	5	7	20	0	13203
1766	46	13482	7	9	0	13544
1767	14287	31	5	15	0	14338
1768	14237	19	7	19	0	14282
1769	14306	5	8	22	0	14341
1770	46	6	10	14242	0	14304
1771	21	0	4	14291	0	14316
1772	10	5	15008	54	0	15077
1773	7	6	30	14629	0	14672
1774	9	5	23	14843	0	14880
1775	16	6	15015	43	0	15080
1776	14008	3	31	37	0	14079
1777	14964	3	19	16	0	15002
1778	45	8	8	14893	0	14954
1779	26	14756	10	30	0	14822
1780	14	14920	4	34	0	14972
1781	11	59	7	14819	0	14896
1782	15	21	14593	31	0	14660
1783	13	15	29	14069	0	14126
1784	26	2	14359	26	0	14413
1785	8	3	14784	21	0	14816
1786	4	4	27	14973	0	15008
1787	15172	2	20	21	0	15215
1788	14623	2	12	17	0	14654
1789	30	3	4	15465	0	15502
1790	20	7	6	15580	0	15613
1791	7	2	5	15613	0	15627
1792	7	2	5	15651	0	15665
1793	15767	3	3	38	0	15811
1794	15228	5	9	27	0	15269
1795	15615	5	4	8	0	15632
1796	34	5	15854	10	0	15903
1797	21	3	14	15638	0	15676
1798	9	4	13	15996	0	16022
1799	15846	2	6	37	0	15891
1800	16	15831	9	28	0	15884
1801	15871	15	5	13	0	15904
1802	15509	22	4	13	0	15548
1803	15467	2	4	11	0	15484
1804	15448	4	10	17	0	15479
1805	42	5	16369	9	0	16425
1806	36	12	15732	10	0	15790
1807	16525	5	46	19	0	16595
1808	16740	5	25	23	0	16793
1809	16514	6	9	18	0	16547
1810	16732	2	5	14	0	16753
1811	52	3	18212	21	0	18288
1812	28	18825	34	58	0	18945
1813	31	36	28	20129	0	20224
1814	21566	31	4	60	0	21661
1815	21794	3	11	39	0	21847
1816	23314	6	11	21	0	23352
1817	23573	3	6	14	0	23596
1818	23653	1	10	20	0	23684
1819	22890	10	21	20	0	22941
1820	148	14	22645	23	0	22830
1821	87	4	22918	11	0	23020
1822	28	32	108	22476	0	22644
1823	20	9	23271	68	0	23368
1824	11	22706	64	77	0	22858
1825	19	23251	77	30	0	23377
1826	40	125	13	23673	0	23851
1827	23	56	25233	57	0	25369
1828	24	12	24463	57	0	24556
1829	23919	11	120	32	0	24082
1830	26384	5	68	20	0	26477
1831	149	4	13	27126	0	27292
1832	27685	2	21	104	0	27812
1833	104	11	12	27406	0	27533
1834	95	12	14	27596	0	27717
1835	48	4	28415	188	0	28655
1836	35	4	27623	99	0	27761
1837	17	4	187	27793	0	28001
1838	25	8	27928	117	0	28078
1839	25794	8	129	111	0	26042
1840	27787	5	91	36	0	27919
1841	193	28793	18	87	0	29091
1842	29150	107	12	25	0	29294
1843	152	92	28887	18	0	29149
1844	28129	13	116	32	0	28290
1845	28730	11	97	17	0	28855
1846	29012	10	25	17	0	29064
1847	220	13	22	28538	0	28793
1848	120	29080	30	147	0	29377
1849	29303	110	39	103	0	29555
1850	28882	92	17	39	0	29030
1851	225	19	20	29318	0	29582
1852	29336	16	18	140	0	29510
1853	162	29690	29	148	0	30029
1854	123	127	37	29246	0	29533
1855	68	103	28972	148	0	29291
1856	25983	18	168	146	0	26315
1857	173	23	28981	44	0	29221
1858	141	47	154	28927	0	29269
1859	60	29006	120	171	0	29357
1860	48	31007	41	174	0	31270
1861	56	295	37	31941	0	32329
1862	73	34087	54	269	0	34483
1863	52	333	39	42630	0	43054
1864	50	207	52	44631	0	44940
1865	60	49	36	45716	0	45861
1866	44649	31	37	775	0	45492
1867	482	26	37	44907	0	45452
1868	382	24	44394	506	0	45306
1869	112	44416	441	381	0	45350
1870	44258	448	348	97	0	45151
1871	495	348	108	43701	0	44652
1872	400	133	39	43451	0	44023
1873	131	41	43	44863	0	45078
1874	141	42	44250	813	0	45246
1875	83	44171	466	450	0	45170
1876	44073	459	350	113	0	44995
1877	484	358	91	42331	0	43264
1878	369	44560	73	505	0	45507
1879	44556	488	63	399	0	45506
1880	534	361	44281	152	0	45328
1881	44033	106	509	134	0	44782
1882	589	77	44825	131	0	45622
1883	457	59	44537	134	0	45187
1884	137	44187	800	339	0	45463
1885	143	506	432	42732	0	43813
1886	181	444	43138	546	0	44309
1887	120	42463	606	512	0	43701
1888	110	531	400	41494	0	42535
1889	101	42547	131	593	0	43372
1890	123	554	42119	431	0	43227
1891	111	413	541	41562	0	42627
1892	141	137	42075	618	0	42971
1893	127	106	566	41625	0	42424
1894	127	110	423	41945	0	42605
1895	162	98	41785	907	0	42952
1896	178	90	568	41768	0	42604
1897	40977	95	447	635	0	42154
1898	550	41300	153	643	0	42646
1899	485	534	41355	256	0	42630
1900	40433	409	563	237	0	41642
1901	596	169	436	39686	0	40887
1902	471	41342	190	648	0	42651
1903	41425	573	151	510	0	42659
1904	41507	475	140	227	0	42349
1905	920	170	138	40052	0	41280
1906	530	149	128	40382	0	41189
1907	209	137	130	40749	0	41225
1908	169	139	162	40411	0	40881
1909	158	39935	157	1125	0	41375
1910	243	954	153	38424	0	39774
1911	152	38566	129	773	0	39620
1912	174	37796	161	682	0	38813
1913	159	37294	132	354	0	37939
1914	237	907	35120	277	0	36541
1915	160	35478	556	257	0	36451
1916	33109	669	539	266	0	34583
1917	537	33455	162	370	0	34524
1918	418	611	173	30732	0	31934
1919	178	33437	160	763	0	34538
1920	196	610	176	32528	0	33510
1921	188	507	186	33293	0	34174
1922	201	236	32698	1048	0	34183
1923	31460	243	574	722	0	32999
1924	32212	236	481	404	0	33333
1925	31871	238	245	382	0	32736
1926	894	31695	236	486	0	33311
1927	496	617	228	30517	0	31858
1928	275	515	30218	796	0	31804
1929	184	30189	634	681	0	31688
1930	193	772	502	26120	0	27587
1931	181	27773	275	667	0	28896
1932	27106	665	220	531	0	28522
1933	27264	510	224	305	0	28303
1934	27433	306	236	295	0	28270
1935	27158	238	213	291	0	27900
1936	854	238	270	26376	0	27738
1937	519	228	322	25883	0	26952
1938	259	26385	283	846	0	27773
1939	287	555	283	26869	0	27994
1940	197	500	26333	731	0	27761
1941	181	325	605	25684	0	26795
1942	178	251	25653	728	0	26810
1943	152	25310	593	593	0	26648
1944	197	650	25467	332	0	26646
1945	174	552	644	24996	0	26366
1946	183	302	25558	649	0	26692
1947	193	302	574	25127	0	26196
1948	198	257	488	24844	0	25787
1949	209	250	286	24947	0	25692
1950	241	207	233	25300	0	25981
1951	24486	191	206	945	0	25828
1952	528	24584	201	656	0	25969
1953	24267	579	199	418	0	25463
1954	572	477	23880	379	0	25308
1955	23472	291	532	358	0	24653
1956	23720	260	413	375	0	24768
1957	814	285	23411	289	0	24799
1958	746	279	22736	253	0	24014
1959	295	22549	667	336	0	23847
1960	225	20685	386	269	0	21565
1961	383	728	19079	328	0	20518
1962	229	16527	410	379	0	17545
1963	486	596	270	6768	0	8120
1964	5804	47	146	116	0	6113
1965	57	17	14	5855	0	5943
1966	6013	23	5	59	0	6100
1967	5931	19	11	49	0	6010
1968	78	6172	13	23	0	6286
1969	6163	50	12	19	0	6244
1970	6111	43	9	22	0	6185
1971	68	22	8	6101	0	6199
1972	6207	16	10	54	0	6287
1973	51	6310	6	63	0	6430
1974	34	55	14	6294	0	6397
1975	6308	32	9	61	0	6410
1976	48	18	6413	41	0	6520
1977	6174	15	41	13	0	6243
1978	41	29	38	6358	0	6466
1979	35	8	6440	40	0	6523
1980	14	14	6341	35	0	6404
1981	6151	30	66	35	0	6282
1982	6178	4	29	23	0	6234
1983	51	7	5	6127	0	6190
1984	19	5	8	6156	0	6188
1985	6	10	2	6170	0	6188
1986	19	6304	6	72	0	6401
1987	6416	32	1	27	0	6476
1988	32	6476	4	12	0	6524
1989	6469	31	7	12	0	6519
1990	41	24	6464	8	0	6537
1991	25	6	34	6452	0	6517
1992	6578	6	23	41	0	6648
1993	36	4	3	6597	0	6640
1994	23	6	4	6522	0	6555
1995	6	6429	4	61	0	6500
1996	6478	36	4	26	0	6544
1997	37	6799	1	16	0	6853
1998	26	36	3	6822	0	6887
1999	8	21	6735	35	0	6799
2000	6080	6	41	22	0	6149
2001	42	13	6618	8	0	6681
2002	6082	5	44	13	0	6144
2003	33	6667	20	17	0	6737
2004	24	47	7	6418	0	6496
2005	4	6661	8	39	0	6712
2006	6808	42	4	28	0	6882
2007	44	27	6	6758	0	6835
2008	21	6	6	6926	0	6959
2009	14	7	6837	65	0	6923
2010	6278	3	44	37	0	6362
2011	47	5	22	6883	0	6957
2012	36	4	6842	50	0	6932
2013	12	6818	43	33	0	6906
2014	14	40	24	6802	0	6880
2015	6813	23	8	45	0	6889
2016	40	11	7	6853	0	6911
2017	32	7	6949	50	0	7038
2018	7152	6	40	31	0	7229
2019	61	2	27	7320	0	7410
2020	39	7	8244	59	0	8349
2021	10	8	65	8346	0	8429
2022	9	11	45	8282	0	8347
2023	11	8582	11	110	0	8714
2024	8532	63	10	53	0	8658
2025	71	8616	6	27	0	8720
2026	8663	72	5	15	0	8755
2027	78	54	7	8500	0	8639
2028	57	8675	4	65	0	8801
2029	20	73	6	8683	0	8782
2030	18	50	8611	78	0	8757
2031	8188	17	60	65	0	8330
2032	70	7	51	8328	0	8456
2033	49	10	16	8271	0	8346
2034	23	6	7	8420	0	8456
2035	12	8	8247	129	0	8396
2036	14	7	8164	72	0	8257
2037	13	8288	113	28	0	8442
2038	20	69	62	7978	0	8129
2039	7951	49	17	78	0	8095
2040	64	8064	13	75	0	8216
2041	60	72	11	8317	0	8460
2042	8353	57	8	82	0	8500
2043	8269	23	10	69	0	8371
2044	125	8418	9	22	0	8574
2045	9142	77	6	22	0	9247
2046	9947	60	8	21	0	10036
2047	163	21	13	10720	0	10917
2048	93	10889	15	121	0	11118
2049	37	106	15	11068	0	11226
2050	10982	88	7	147	0	11224
2051	124	30	11081	104	0	11339
2052	85	21	111	10904	0	11121
2053	41	16	85	11026	0	11168
2054	30	11	10966	201	0	11208
2055	24	21	118	10993	0	11156
2056	10862	23	92	154	0	11131
2057	10403	24	54	118	0	10599
2058	189	9	18	10829	0	11045
2059	109	19	10787	139	0	11054
2060	45	14	10532	118	0	10709
2061	31	10547	181	69	0	10828
2062	27	10621	101	85	0	10834
2063	39	186	42	10341	0	10608
2064	10200	107	17	126	0	10450
2065	115	10301	12	115	0	10543
2066	10098	124	23	42	0	10287
2067	128	102	22	9941	0	10193
2068	114	39	17	9855	0	10025
2069	9698	24	14	217	0	9953
2070	128	9790	14	145	0	10077
2071	9839	118	23	60	0	10040
2072	154	96	9545	54	0	9849
2073	124	38	9472	35	0	9669
2074	57	41	182	9318	0	9598
2075	40	36	9481	139	0	9696
2076	33	20	9237	124	0	9414
2077	42	32	189	8951	0	9214
2078	35	12	9155	139	0	9341
2079	36	25	136	8937	0	9134
2080	32	20	103	8890	0	9045
2081	37	18	9072	207	0	9334
2082	31	17	130	8880	0	9058
2083	30	26	109	8634	0	8799
2084	33	8764	46	208	0	9051
2085	8725	114	27	142	0	9008
2086	128	100	8674	73	0	8975
2087	113	46	112	8484	0	8755
2088	61	42	98	8601	0	8802
2089	38	31	8473	225	0	8767
2090	8057	32	129	146	0	8364
2091	128	8390	109	87	0	8714
2092	107	139	40	8287	0	8573
2093	74	139	30	8179	0	8422
2094	53	8363	34	226	0	8676
2095	53	110	8373	151	0	8687
2096	40	8492	127	81	0	8740
2097	8139	135	123	61	0	8458
2098	125	102	8134	48	0	8409
2099	106	50	127	8051	0	8334
2100	60	27	8177	134	0	8398
2101	41	32	8171	133	0	8377
2102	36	8115	202	84	0	8437
2103	53	131	150	7687	0	8021
2104	7688	83	57	146	0	7974
2105	7716	46	39	125	0	7926
2106	179	7730	50	87	0	8046
2107	107	104	39	7795	0	8045
2108	7745	81	46	143	0	8015
2109	7762	52	52	116	0	7982
2110	169	7773	31	118	0	8091
2111	7871	99	43	62	0	8075
2112	142	82	50	7613	0	7887
2113	107	7867	38	137	0	8149
2114	45	112	46	7938	0	8141
2115	45	102	40	7880	0	8067
2116	53	104	47	7940	0	8144
2117	36	42	7767	204	0	8049
2118	39	51	7309	140	0	7539
2119	27	7234	154	90	0	7505
2120	6152	85	146	40	0	6423
2121	87	6106	40	55	0	6288
2122	98	104	34	5912	0	6148
2123	41	54	6067	99	0	6261
2124	32	37	84	5901	0	6054
2125	33	28	87	5956	0	6104
2126	42	28	45	6037	0	6152
2127	5924	37	28	129	0	6118
2128	87	37	28	5984	0	6136
2129	73	24	6339	111	0	6547
2130	6197	22	88	73	0	6380
2131	6221	33	67	57	0	6378
2132	6370	21	41	55	0	6487
2133	6358	26	36	46	0	6466
2134	6383	11	26	54	0	6474
2135	130	6348	26	54	0	6558
2136	79	87	26	6135	0	6327
2137	36	6321	35	109	0	6501
2138	6274	90	31	75	0	6470
2139	6229	52	28	51	0	6360
2140	6100	41	34	46	0	6221
2141	118	6013	32	41	0	6204
2142	63	5907	32	36	0	6038
2143	27	5976	30	50	0	6083
2144	45	116	5858	46	0	6065
2145	55	385	123	4672	0	5235
2146	13	4084	32	33	0	4162
2147	14	3253	4	5	0	3276
2148	19	12	1	3190	0	3222
2149	3	6	2	3135	0	3146
2150	1	3	3254	18	0	3276
2151	3247	1	17	6	0	3271
2152	15	2	6	3475	0	3498
2153	8	1	1	3489	0	3499
2154	3	0	3529	27	0	3559
2155	5	1	3535	12	0	3553
2156	4	3639	24	2	0	3669
2157	0	15	11	3629	0	3655
2158	2	10	1	3672	0	3685
2159	2	2	3623	23	0	3650
2160	3425	1	17	12	0	3455
2161	3595	1	17	3	0	3616
2162	27	1	3763	3	0	3794
2163	3732	3	18	2	0	3755
2164	24	4	3830	3	0	3861
2165	3768	3	20	3	0	3794
2166	3820	2	9	1	0	3832
2167	29	2	4015	3	0	4049
2168	12	2	19	3965	0	3998
2169	8	2	13	3989	0	4012
2170	6	1	2	4246	0	4255
2171	4200	2	0	37	0	4239
2172	4173	2	4	15	0	4194
2173	43	1	4320	6	0	4370
2174	20	1	4320	5	0	4346
2175	4416	2	33	7	0	4458
2176	4494	0	17	12	0	4523
2177	37	2	4513	3	0	4555
2178	19	2	4429	4	0	4454
2179	5	2	37	4440	0	4484
2180	4	3	4581	34	0	4622
2181	4	1	25	4437	0	4467
2182	4666	2	20	27	0	4715
2183	37	2	5097	20	0	5156
2184	4973	1	46	8	0	5028
2185	47	0	5799	5	0	5851
2186	21	2	54	5711	0	5788
2187	6	4	25	6040	0	6075
2188	6	0	8	6011	0	6025
2189	5	6188	7	87	0	6287
2190	3	56	14	6004	0	6077
2191	4	23	4	6279	0	6310
2192	6215	4	4	85	0	6308
2193	62	2	6213	29	0	6306
2194	6042	2	61	8	0	6113
2195	70	2	6189	5	0	6266
2196	5661	3	66	9	0	5739
2197	65	6157	29	11	0	6262
2198	34	55	6149	4	0	6242
2199	9	28	6201	4	0	6242
2200	5	18	90	5877	0	5990
2201	4	2	38	6165	0	6209
2202	11	4	6234	82	0	6331
2203	16	1	6408	27	0	6452
2204	10	1	6965	7	0	6983
2205	6978	0	86	11	0	7075
2206	6918	2	34	10	0	6964
2207	6942	4	15	3	0	6964
2208	83	3	15	6827	0	6928
2209	32	2	9	6872	0	6915
2210	5	1	7201	89	0	7296
2211	11	3	54	7071	0	7139
2212	6	4	38	7064	0	7112
2213	7038	1	15	93	0	7147
2214	6944	2	19	38	0	7003
2215	7211	0	7	14	0	7232
2216	93	5	11	7174	0	7283
2217	39	3	13	7208	0	7263
2218	13	6	8	7219	0	7246
2219	7140	4	6	99	0	7249
2220	62	10	16	7020	0	7108
2221	34	7129	13	55	0	7231
2222	15	61	14	6960	0	7050
2223	16	7002	17	59	0	7094
2224	6994	59	20	41	0	7114
2225	6762	32	15	12	0	6821
2226	77	7014	25	17	0	7133
2227	42	7153	17	15	0	7227
2228	22	90	18	7101	0	7231
2229	20	27	6848	65	0	6960
2230	18	4	71	6746	0	6839
2231	12	16	6878	79	0	6985
2232	14	6896	71	67	0	7048
2233	20	59	46	6873	0	6998
2234	22	25	17	7014	0	7078
2235	26	5	7330	97	0	7458
2236	21	14	76	7307	0	7418
2237	25	7	7506	78	0	7616
2238	7361	2	77	51	0	7491
2239	7499	2	40	37	0	7578
2240	7587	9	17	36	0	7649
2241	102	2	20	7481	0	7605
2242	54	16	16	7537	0	7623
2243	30	4	7895	114	0	8043
2244	31	36	73	7643	0	7783
2245	24	7922	47	92	0	8085
2246	26	60	7921	64	0	8071
2247	33	27	7763	34	0	7857
2248	28	35	98	7481	0	7642
2249	24	19	7974	80	0	8097
2250	25	17	7934	65	0	8041
2251	7404	21	76	51	0	7552
2252	69	8429	26	45	0	8569
2253	8646	56	36	33	0	8771
2254	8582	33	24	38	0	8677
2255	8702	18	19	40	0	8779
2256	92	10	25	8686	0	8813
2257	53	16	24	8790	0	8883
2258	40	8	8895	89	0	9032
2259	33	7	79	8675	0	8794
2260	28	8946	42	74	0	9090
2261	8917	59	20	63	0	9059
2262	61	8913	38	28	0	9040
2263	30	8966	39	45	0	9080
2264	18	84	32	8937	0	9071
2265	28	27	9155	76	0	9286
2266	32	18	71	9014	0	9135
2267	32	10	9100	78	0	9220
2268	24	8954	86	47	0	9111
2269	8802	46	65	45	0	8958
2270	8796	24	31	26	0	8877
2271	9171	6	28	38	0	9243
2272	84	10	10026	44	0	10164
2273	56	13	9724	30	0	9823
2274	9851	15	89	32	0	9987
2275	10030	8	45	51	0	10134
2276	10201	8	18	51	0	10278
2277	79	8	26	10166	0	10279
2278	40	8	20	10298	0	10366
2279	10268	10	22	85	0	10385
2280	10031	9	32	49	0	10121
2281	78	19	10709	44	0	10850
2282	43	10	10421	27	0	10501
2283	9911	6	35	19	0	9971
2284	44	11	10431	22	0	10508
2285	9565	6	20	13	0	9604
2286	25	3	9934	6	0	9968
2287	11	13	29	9413	0	9466
2288	18	8	10020	11	0	10057
2289	5	0	9	10101	0	10115
2290	2	2	7	10181	0	10192
2291	1	10502	7	67	0	10577
2292	10576	4	4	10	0	10594
2293	8	11	10793	6	0	10818
2294	10252	7	7	7	0	10273
2295	7	11025	4	13	0	11049
2296	11383	4	3	17	0	11407
2297	5	4	2	11309	0	11320
2298	4	0	5	11399	0	11408
2299	1	11801	3	23	0	11828
2300	4	17	3	12158	0	12182
2301	5	15	0	12245	0	12265
2302	9	5	1	12419	0	12434
2303	12149	1	5	38	0	12193
2304	11345	3	8	32	0	11388
2305	39	3	11615	10	0	11667
2306	25	11695	19	22	0	11761
2307	12	16	21	11838	0	11887
2308	10	19	4	12241	0	12274
2309	8	3	12530	37	0	12578
2310	5	5	25	12219	0	12254
2311	12326	2	21	35	0	12384
2312	12339	1	7	31	0	12378
2313	12704	5	7	9	0	12725
2314	59	2	8	12956	0	13025
2315	13924	1	19	37	0	13981
2316	13891	2	6	42	0	13941
2317	14301	1	5	8	0	14315
2318	59	1	3	14292	0	14355
2319	39	2	7	14351	0	14399
2320	6	0	5	14461	0	14472
2321	7	2	5	14311	0	14325
2322	6	5	2	14390	0	14403
2323	13	6	14390	63	0	14472
2324	10	4	14323	38	0	14375
2325	14	14382	54	21	0	14471
2326	5	36	35	14421	0	14497
2327	8	29	13	14461	0	14511
2328	8	9	5	14604	0	14626
2329	17	5	14503	85	0	14610
2330	7	5	31	14344	0	14387
2331	8	16	14543	44	0	14611
2332	6	9	32	14384	0	14431
2333	18	3	15436	42	0	15499
2334	12	15354	33	81	0	15480
2335	8	33	34	15241	0	15316
2336	20	26	15181	43	0	15270
2337	13783	9	42	55	0	13889
2338	37	15451	28	29	0	15545
2339	40	30	4	15649	0	15723
2340	17	15680	5	55	0	15757
2341	22	48	14	15405	0	15489
2342	15826	41	5	56	0	15928
2343	44	13	5	15447	0	15509
2344	32	15611	1	69	0	15713
2345	15547	35	20	53	0	15655
2346	45	36	11	15741	0	15833
2347	41	18	7	15894	0	15960
2348	16166	9	9	99	0	16283
2349	58	8	6	17160	0	17232
2350	56	5	5	21857	0	21923
2351	25	5	23142	245	0	23417
2352	24	2	22781	163	0	22970
2353	15	21	325	22751	0	23112
2354	30	5	23118	203	0	23356
2355	24	3	22643	178	0	22848
2356	21644	4	365	65	0	22078
2357	198	7	23608	48	0	23861
2358	169	23669	209	55	0	24102
2359	44	197	180	23628	0	24049
2360	24254	167	47	211	0	24679
2361	24336	42	29	182	0	24589
2362	24609	19	20	63	0	24711
2363	387	24696	15	61	0	25159
2364	216	213	24	23774	0	24227
2365	51	174	22	24617	0	24864
2366	23658	60	45	385	0	24148
2367	23872	21	23	232	0	24148
2368	24257	17	24	87	0	24385
2369	413	12	24589	78	0	25092
2370	222	24379	233	79	0	24913
2371	71	26911	227	83	0	27292
2372	44	430	103	25798	0	26375
2373	31	253	86	27100	0	27470
2374	38	55	27371	521	0	27985
2375	26340	25	349	333	0	27047
2376	27441	22	305	105	0	27873
2377	530	46	135	27052	0	27763
2378	319	38	78	27143	0	27578
2379	114	35	63	27673	0	27885
2380	27384	44	66	574	0	28068
2381	375	44	26679	347	0	27445
2382	331	65	26858	124	0	27378
2383	125	52	524	26606	0	27307
2384	88	32	26889	369	0	27378
2385	25961	37	342	326	0	26666
2386	25928	40	272	132	0	26372
2387	26758	23	82	103	0	26966
2388	619	25977	66	119	0	26781
2389	26048	301	65	63	0	26477
2390	387	299	69	25365	0	26120
2391	308	120	68	25118	0	25614
2392	106	66	53	25978	0	26203
2393	75	61	25362	633	0	26131
2394	87	59	346	24753	0	25245
2395	108	25138	285	426	0	25957
2396	24620	285	121	325	0	25351
2397	346	25172	65	243	0	25826
2398	383	325	24837	172	0	25717
2399	137	24906	344	150	0	25537
2400	24067	360	340	136	0	24903
2401	324	24317	157	160	0	24958
2402	318	337	154	21984	0	22793
2403	116	24150	164	335	0	24765
2404	24004	329	159	285	0	24777
2405	23868	267	131	118	0	24384
2406	23184	96	145	128	0	23553
2407	676	88	23728	129	0	24621
2408	432	80	23368	87	0	23967
2409	244	73	23242	113	0	23672
2410	22807	91	554	160	0	23612
2411	396	92	372	22700	0	23560
2412	331	53	157	22953	0	23494
2413	181	52	22567	641	0	23441
2414	123	72	369	22462	0	23026
2415	21354	93	340	417	0	22204
2416	388	21561	145	387	0	22481
2417	21800	339	150	150	0	22439
2418	464	336	21477	96	0	22373
2419	21442	172	351	102	0	22067
2420	21566	139	324	116	0	22145
2421	21675	160	126	140	0	22101
2422	638	155	21254	147	0	22194
2423	467	134	324	21164	0	22089
2424	271	92	21365	391	0	22119
2425	298	92	362	21248	0	22000
2426	255	88	21412	392	0	22147
2427	237	78	415	21117	0	21847
2428	220	87	355	21298	0	21960
2429	21124	71	199	572	0	21966
2430	20884	80	157	383	0	21504
2431	21406	67	154	209	0	21836
2432	642	67	173	20632	0	21514
2433	397	19744	150	417	0	20708
2434	215	20375	120	409	0	21119
2435	20236	509	133	216	0	21094
2436	436	346	20069	172	0	21023
2437	20201	124	352	147	0	20824
2438	521	99	20039	131	0	20790
2439	20168	86	398	129	0	20781
2440	20073	79	337	144	0	20633
2441	662	59	20201	154	0	21076
2442	20155	58	398	192	0	20803
2443	19960	71	365	195	0	20591
2444	20231	61	224	160	0	20676
2445	629	20342	169	219	0	21359
2446	436	562	210	19736	0	20944
2447	255	279	19932	428	0	20894
2448	281	120	19930	365	0	20696
2449	215	18546	476	219	0	19456
2450	152	13651	198	93	0	14094
2451	332	221	220	11837	0	12610
2452	11609	117	111	158	0	11995
2453	170	11896	45	174	0	12285
2454	176	131	52	11691	0	12050
2455	103	12028	41	159	0	12331
2456	11676	143	53	144	0	12016
2457	172	141	51	11511	0	11875
2458	167	70	11287	159	0	11683
2459	93	10953	139	156	0	11341
2460	87	10857	133	81	0	11158
2461	100	191	43	10024	0	10358
2462	76	10561	48	132	0	10817
2463	76	134	55	10411	0	10676
2464	10562	120	26	134	0	10842
2465	10522	66	46	112	0	10746
2466	10690	51	34	65	0	10840
2467	10749	69	47	32	0	10897
2468	242	39	10822	37	0	11140
2469	145	10558	129	41	0	10873
2470	81	10353	116	44	0	10594
2471	31	8099	22	20	0	8172
2472	30	7775	28	22	0	7855
2473	7209	91	111	11	0	7422
2474	6941	37	10	8	0	6996
2475	7160	7	10	4	0	7181
2476	7203	4	5	7	0	7219
2477	69	2	7248	4	0	7323
2478	7506	4	28	8	0	7546
2479	7549	2	32	9	0	7592
2480	7657	3	9	5	0	7674
2481	60	3	5	7588	0	7656
2482	40	5	3	7533	0	7581
2483	7644	6	6	54	0	7710
2484	36	5	5	7642	0	7688
2485	31	7744	4	40	0	7819
2486	10	28	3	7809	0	7850
2487	5	34	3	7760	0	7802
2488	7	7921	5	59	0	7992
2489	9	34	3	7882	0	7928
2490	13	32	2	7904	0	7951
2491	7899	7	4	56	0	7966
2492	38	6	7785	36	0	7865
2493	7682	5	32	13	0	7732
2494	44	6	7889	5	0	7944
2495	40	7	7700	5	0	7752
2496	25	6	7826	7	0	7864
2497	7655	5	58	9	0	7727
2498	35	5	8161	19	0	8220
2499	7976	9	40	10	0	8035
2500	8075	3	32	9	0	8119
2501	8136	8	8	6	0	8158
2502	54	8205	5	9	0	8273
2503	8253	29	3	10	0	8295
2504	33	8423	5	15	0	8476
2505	28	39	4	8453	0	8524
2506	10	34	2	8458	0	8504
2507	12	8497	0	64	0	8573
2508	10	8496	4	42	0	8552
2509	15	8710	5	19	0	8749
2510	8685	51	7	8	0	8751
2511	32	8881	10	18	0	8941
2512	8927	32	6	10	0	8975
2513	35	38	8931	1	0	9005
2514	8708	12	29	7	0	8756
2515	8911	8	30	11	0	8960
2516	61	8	8805	8	0	8882
2517	43	6	26	8803	0	8878
2518	19	10	8957	35	0	9021
2519	20	7	30	8848	0	8905
2520	10	10	36	8890	0	8946
2521	8995	7	9	62	0	9073
2522	8835	7	10	49	0	8901
2523	62	9008	5	35	0	9110
2524	9094	36	3	10	0	9143
2525	47	35	9363	5	0	9450
2526	9236	10	31	13	0	9290
2527	52	11	9859	8	0	9930
2528	50	9	9985	11	0	10055
2529	10099	11	78	13	0	10201
2530	10316	21	43	15	0	10395
2531	94	10	10908	10	0	11022
2532	60	12	47	10441	0	10560
2533	25	8	42	10921	0	10996
2534	20	11	10873	90	0	10994
2535	22	9	47	10599	0	10677
2536	24	10693	49	64	0	10830
2537	24	50	17	11072	0	11163
2538	24	43	14	10974	0	11055
2539	35	21	10836	78	0	10970
2540	10088	9	61	56	0	10214
2541	10590	9	48	27	0	10674
2542	10545	8	21	17	0	10591
2543	10483	7	12	11	0	10513
2544	103	10453	20	18	0	10594
2545	70	41	11	10171	0	10293
2546	40	42	10171	49	0	10302
2547	29	14	10346	49	0	10438
2548	28	23	77	10074	0	10202
2549	26	6	10557	56	0	10645
2550	10078	9	54	52	0	10193
2551	49	14	40	10565	0	10668
2552	53	11	17	10506	0	10587
2553	22	9	14	10648	0	10693
2554	10569	9	10	95	0	10683
2555	44	10690	17	74	0	10825
2556	10786	40	18	31	0	10875
2557	10679	35	14	20	0	10748
2558	88	10686	22	13	0	10809
2559	54	10770	25	22	0	10871
2560	10934	69	18	25	0	11046
2561	53	43	32	10826	0	10954
2562	50	14	29	10762	0	10855
2563	11206	7	23	78	0	11314
2564	79	8	11114	55	0	11256
2565	10970	7	66	19	0	11062
2566	11226	12	46	20	0	11304
2567	103	11602	21	41	0	11767
2568	12258	58	14	20	0	12350
2569	12297	70	22	23	0	12412
2570	123	13715	17	36	0	13891
2571	58	13860	16	23	0	13957
2572	43	149	19	13581	0	13792
2573	13737	80	9	94	0	13920
2574	103	14186	11	76	0	14376
2575	69	107	9	14434	0	14619
2576	14778	73	5	125	0	14981
2577	145	20	14703	86	0	14954
2578	92	10	115	14625	0	14842
2579	43	8	14725	129	0	14905
2580	14068	26	135	90	0	14319
2581	14658	9	87	30	0	14784
2582	198	9	14788	24	0	15019
2583	104	14634	123	42	0	14903
2584	48	111	89	14633	0	14881
2585	36	90	14797	125	0	15048
2586	24	32	131	14543	0	14730
2587	34	16	94	15000	0	15144
2588	32	13	15047	193	0	15285
2589	14128	18	146	116	0	14408
2590	14956	19	94	40	0	15109
2591	240	6	15150	35	0	15431
2592	115	15140	139	48	0	15442
2593	49	148	97	14445	0	14739
2594	39	15000	30	119	0	15188
2595	32	15038	25	114	0	15209
2596	15077	209	19	39	0	15344
2597	135	107	30	15006	0	15278
2598	118	40	15	14918	0	15091
2599	63	29	14958	214	0	15264
2600	41	20	14737	126	0	14924
2601	43	33	220	14375	0	14671
2602	36	32	115	14855	0	15038
2603	61	21	14878	223	0	15183
2604	51	23	14823	126	0	15023
2605	32	40	221	14667	0	14960
2606	14677	27	117	173	0	14994
2607	154	14911	57	153	0	15275
2608	14921	150	39	57	0	15167
2609	162	15052	27	57	0	15298
2610	127	15186	38	58	0	15409
2611	14996	230	31	39	0	15296
2612	182	126	15028	53	0	15389
2613	122	47	168	14752	0	15089
2614	61	54	124	14915	0	15154
2615	62	34	46	16140	0	16282
2616	47	35	16364	282	0	16728
2617	44	46	190	16460	0	16740
2618	16693	35	131	232	0	17091
2619	216	32	76	16497	0	16821
2620	149	26	45	17440	0	17660
2621	17376	27	47	333	0	17783
2622	17086	32	58	170	0	17346
2623	318	17342	48	100	0	17808
2624	185	211	17479	59	0	17934
2625	84	132	17060	40	0	17316
2626	57	58	17173	55	0	17343
2627	55	16470	317	78	0	16920
2628	61	233	189	15542	0	16025
2629	52	129	98	15997	0	16276
2630	15879	51	41	304	0	16275
2631	231	41	40	15566	0	15878
2632	142	46	15527	256	0	15971
2633	72	37	224	15447	0	15780
2634	47	39	164	15519	0	15769
2635	49	41	15487	334	0	15911
2636	56	15274	213	210	0	15753
2637	77	221	148	13721	0	14167
2638	56	15196	70	203	0	15525
2639	58	219	15001	145	0	15423
2640	14673	139	227	88	0	15127
2641	14723	61	151	69	0	15004
2642	14824	44	93	92	0	15053
2643	357	49	60	14496	0	14962
2644	166	14973	60	244	0	15443
2645	14777	220	66	159	0	15222
2646	14799	128	71	75	0	15073
2647	14558	60	76	84	0	14778
2648	342	47	14448	78	0	14915
2649	13855	51	229	76	0	14211
2650	240	14146	145	74	0	14605
2651	13838	213	70	82	0	14203
2652	235	14045	66	73	0	14419
2653	14038	229	60	89	0	14416
2654	236	132	14109	103	0	14580
2655	13843	58	241	81	0	14223
2656	13985	44	150	94	0	14273
2657	13623	53	94	80	0	13850
2658	14125	52	78	75	0	14330
2659	340	45	13863	76	0	14324
2660	188	48	224	13680	0	14140
2661	13600	38	177	239	0	14054
2662	239	13700	66	186	0	14191
2663	152	231	52	13467	0	13902
2664	113	135	13308	229	0	13785
2665	68	97	217	13245	0	13627
2666	75	55	13346	239	0	13715
2667	59	12840	220	184	0	13303
2668	51	12008	133	91	0	12283
2669	69	11893	55	93	0	12110
2670	53	296	72	10094	0	10515
2671	70	113	31	10043	0	10257
2672	43	25	9870	223	0	10161
2673	39	9486	139	107	0	9771
2674	8895	113	83	43	0	9134
2675	129	8665	29	43	0	8866
2676	69	8428	28	30	0	8555
2677	199	161	42	8046	0	8448
2678	7970	52	38	124	0	8184
2679	8030	28	28	61	0	8147
2680	158	13	22	7975	0	8168
2681	7972	20	27	117	0	8136
2682	122	13	21	7947	0	8103
2683	80	16	7865	120	0	8081
2684	7789	24	107	65	0	7985
2685	109	18	59	7751	0	7937
2686	70	16	7582	108	0	7776
2687	37	13	7525	66	0	7641
2688	37	28	138	7311	0	7514
2689	7423	28	53	100	0	7604
2690	7431	25	21	56	0	7533
2691	140	7481	26	42	0	7689
2692	7667	102	24	24	0	7817
2693	7687	51	29	21	0	7788
2694	7717	26	25	14	0	7782
2695	145	7774	20	23	0	7962
2696	7712	97	14	21	0	7844
2697	7762	50	18	24	0	7854
2698	151	30	13	7711	0	7905
2699	7633	14	11	95	0	7753
2700	113	7568	14	59	0	7754
2701	74	7690	22	24	0	7810
2702	36	128	18	7633	0	7815
2703	42	55	11	7647	0	7755
2704	32	7737	18	130	0	7917
2705	7677	96	24	52	0	7849
2706	104	7665	17	24	0	7810
2707	7417	81	18	20	0	7536
2708	102	7637	23	18	0	7780
2709	64	92	15	7244	0	7415
2710	33	7686	18	91	0	7828
2711	7608	92	81	41	0	7822
2712	7467	69	15	19	0	7570
2713	7388	26	44	27	0	7485
2714	135	15	7344	22	0	7516
2715	54	18	6451	14	0	6537
2716	19	6026	58	27	0	6130
2717	33	43	5790	17	0	5883
2718	18	60	5395	25	0	5498
2719	8	81	50	4656	0	4795
2720	6	6	4929	24	0	4965
2721	8	4984	13	21	0	5026
2722	4873	19	15	5	0	4912
2723	13	4847	5	10	0	4875
2724	19	4842	0	10	0	4871
2725	5064	27	4	8	0	5103
2726	5134	17	5	6	0	5162
2727	27	5352	1	9	0	5389
2728	5409	11	17	7	0	5444
2729	5320	17	4	3	0	5344
2730	5360	5	2	3	0	5370
2731	31	6	5349	7	0	5393
2732	26	2	5372	4	0	5404
2733	9	7	27	5366	0	5409
2734	10	3	20	5379	0	5412
2735	5481	1	3	29	0	5514
2736	14	5445	6	26	0	5491
2737	21	21	6	5515	0	5563
2738	7	20	5	5580	0	5612
2739	6	4	2	5663	0	5675
2740	6	4	4	5696	0	5710
2741	12	1	5711	36	0	5760
2742	6	17	5754	21	0	5798
2743	11	11	36	5840	0	5898
2744	13	9	5975	22	0	6019
2745	5739	3	25	26	0	5793
2746	24	9	21	6036	0	6090
2747	28	3	6110	23	0	6164
2748	5695	7	23	21	0	5746
2749	26	6094	21	11	0	6152
2750	6043	21	3	7	0	6074
2751	28	6326	3	4	0	6361
2752	24	25	2	6202	0	6253
2753	12	23	6244	25	0	6304
2754	6	28	20	5909	0	5963
2755	3	6	6020	27	0	6056
2756	5792	5	37	20	0	5854
2757	23	6	21	6047	0	6097
2758	6131	2	11	24	0	6168
2759	28	5	6148	28	0	6209
2760	6349	6	23	6	0	6384
2761	7150	7	20	6	0	7183
2762	61	4	7321	3	0	7389
2763	43	2	30	7169	0	7244
2764	18	6	7311	33	0	7368
2765	6	7356	33	41	0	7436
2766	7263	28	43	12	0	7346
2767	7196	31	12	12	0	7251
2768	66	8	7346	3	0	7423
2769	39	5	7379	4	0	7427
2770	7	6	69	7211	0	7293
2771	4	3	35	7361	0	7403
2772	7463	0	11	57	0	7531
2773	30	7518	7	35	0	7590
2774	7583	28	4	10	0	7625
2775	7475	31	4	9	0	7519
2776	69	4	7472	2	0	7547
2777	7225	8	33	6	0	7272
2778	52	4	7571	8	0	7635
2779	71	4	32	7535	0	7642
2780	11	2	7813	31	0	7857
2781	5	2	37	7719	0	7763
2782	6	0	7836	43	0	7885
2783	7558	3	43	47	0	7651
2784	7659	0	39	8	0	7706
2785	64	2	9	7646	0	7721
2786	7945	3	11	36	0	7995
2787	44	3	8	8052	0	8107
2788	39	8261	12	38	0	8350
2789	8276	32	9	42	0	8359
2790	41	8318	12	19	0	8390
2791	36	45	15	8208	0	8304
2792	14	43	12	7992	0	8061
2793	11	15	10	7986	0	8022
2794	16	4	10	7979	0	8009
2795	15	3	7890	69	0	7977
2796	7176	8	43	44	0	7271
2797	7671	2	38	18	0	7729
2798	67	7752	11	18	0	7848
2799	48	31	13	7658	0	7750
2800	23	35	9	7782	0	7849
2801	17	9	7727	64	0	7817
2802	7332	5	37	44	0	7418
2803	37	7	44	7588	0	7676
2804	41	4	7571	43	0	7659
2805	7482	7	41	39	0	7569
2806	7655	2	41	21	0	7719
2807	7651	4	23	15	0	7693
2808	73	2	7601	21	0	7697
2809	43	5	7360	28	0	7436
2810	7300	3	59	15	0	7377
2811	56	16	44	7398	0	7514
2812	43	7	12	7627	0	7689
2813	17	8	7670	55	0	7750
2814	7364	5	32	39	0	7440
2815	40	6	28	7774	0	7848
2816	8196	2	17	38	0	8253
2817	8060	11	15	37	0	8123
2818	8142	3	14	19	0	8178
2819	80	4	8512	18	0	8614
2820	43	4	41	8423	0	8511
2821	8462	6	44	38	0	8550
2822	43	8760	22	42	0	8867
2823	54	32	10	8801	0	8897
2824	28	39	17	8798	0	8882
2825	8765	12	12	78	0	8867
2826	8568	2	14	54	0	8638
2827	72	7	17	8626	0	8722
2828	59	5	8690	45	0	8799
2829	8520	9	40	46	0	8615
2830	59	10	8977	19	0	9065
2831	8885	4	56	21	0	8966
2832	8869	5	52	23	0	8949
2833	86	5	9129	24	0	9244
2834	66	6	53	9080	0	9205
2835	32	8	9513	61	0	9614
2836	31	10165	57	59	0	10312
2837	27	89	48	9957	0	10121
2838	14	10471	22	67	0	10574
2839	24	51	14	10584	0	10673
2840	28	50	10864	63	0	11005
2841	27	11086	54	83	0	11250
2842	19	11178	54	24	0	11275
2843	36	115	13	11270	0	11434
2844	11345	63	10	57	0	11475
2845	75	15	15	12344	0	12449
2846	12733	10	13	92	0	12848
2847	100	12954	13	96	0	13163
2848	14404	88	14	28	0	14534
2849	132	72	15137	20	0	15361
2850	95	18	103	14899	0	15115
2851	37	3	95	14807	0	14942
2852	37	4	14780	208	0	15029
2853	14218	7	115	111	0	14451
2854	14693	11	88	31	0	14823
2855	204	14990	23	25	0	15242
2856	130	190	26	13782	0	14128
2857	27	14970	15	118	0	15130
2858	37	120	14822	88	0	15067
2859	41	99	14783	41	0	14964
2860	22	266	183	14093	0	14564
2861	13711	18	100	114	0	13943
2862	104	13564	18	132	0	13818
2863	13697	100	7	27	0	13831
2864	122	90	13539	10	0	13761
2865	13506	24	104	19	0	13653
2866	13706	14	85	18	0	13823
2867	193	17	13684	17	0	13911
2868	104	18	113	13588	0	13823
2869	13656	17	93	122	0	13888
2870	13622	15	26	103	0	13766
2871	13783	10	22	35	0	13850
2872	219	14	14	13645	0	13892
2873	114	21	13683	118	0	13936
2874	13493	23	119	93	0	13728
2875	136	22	14138	35	0	14331
2876	109	23	138	13774	0	14044
2877	36	21	106	13538	0	13701
2878	33	14075	37	219	0	14364
2879	36	123	14022	109	0	14290
2880	44	13842	126	45	0	14057
2881	33	13961	109	45	0	14148
2882	40	216	45	13839	0	14140
2883	42	113	13886	133	0	14174
2884	35	37	129	13848	0	14049
2885	45	31	14034	158	0	14268
2886	54	20	146	13640	0	13860
2887	64	32	106	13574	0	13776
2888	70	38	13244	222	0	13574
2889	69	39	130	13133	0	13371
2890	47	32	13379	163	0	13621
2891	79	17	13207	138	0	13441
2892	64	13246	235	83	0	13628
2893	13311	128	148	58	0	13645
2894	187	105	13308	75	0	13675
2895	13050	52	153	67	0	13322
2896	185	54	132	13278	0	13649
2897	162	40	13327	163	0	13692
2898	87	13204	167	174	0	13632
2899	67	163	142	13124	0	13496
2900	69	136	13269	177	0	13651
2901	58	72	168	12566	0	12864
2902	70	13121	157	248	0	13596
2903	13230	151	84	137	0	13602
2904	192	131	69	13207	0	13599
2905	13152	70	78	183	0	13483
2906	13094	65	66	147	0	13372
2907	13174	66	90	73	0	13403
2908	13280	41	81	81	0	13483
2909	12977	37	87	75	0	13176
2910	288	12807	75	127	0	13297
2911	202	141	71	12767	0	13181
2912	124	134	79	12688	0	13025
2913	118	53	82	12776	0	13029
2914	136	33	12610	262	0	13041
2915	105	12442	174	191	0	12912
2916	12511	137	158	97	0	12903
2917	12414	123	122	88	0	12747
2918	256	12471	97	111	0	12935
2919	162	12480	90	89	0	12821
2920	12317	230	89	101	0	12737
2921	192	155	12131	99	0	12577
2922	165	126	187	11619	0	12097
2923	11589	68	183	175	0	12015
2924	185	71	108	11351	0	11715
2925	147	11602	78	197	0	12024
2926	96	161	78	11698	0	12033
2927	87	119	11679	211	0	12096
2928	11245	59	204	170	0	11678
2929	11663	51	166	108	0	11988
2930	249	54	87	11303	0	11693
2931	175	51	83	11424	0	11733
2932	11185	47	96	263	0	11591
2933	169	11144	101	183	0	11597
2934	159	128	95	10935	0	11317
2935	101	118	89	10878	0	11186
2936	9990	64	62	219	0	10335
2937	152	10009	64	185	0	10410
2938	9897	128	75	83	0	10183
2939	167	9917	60	83	0	10227
2940	126	9810	64	69	0	10069
2941	9539	179	62	66	0	9846
2942	130	9843	67	72	0	10112
2943	118	295	80	9314	0	9807
2944	73	104	9338	141	0	9656
2945	54	40	8058	119	0	8271
2946	30	35	7787	45	0	7897
2947	40	7592	121	44	0	7797
2948	6011	104	206	32	0	6353
2949	59	53	23	5451	0	5586
2950	45	12	10	5635	0	5702
2951	15	9	5647	77	0	5748
2952	5473	13	44	59	0	5589
2953	46	8	49	5670	0	5773
2954	48	6	14	5748	0	5816
2955	21	7	7	5699	0	5734
2956	5567	9	9	85	0	5670
2957	47	5	5546	54	0	5652
2958	5466	13	38	16	0	5533
2959	53	6	46	5533	0	5638
2960	50	9	5542	42	0	5643
2961	5372	11	39	55	0	5477
2962	43	11	5648	19	0	5721
2963	51	45	36	5397	0	5529
2964	23	14	5510	45	0	5592
2965	12	15	5294	46	0	5367
2966	5127	11	75	22	0	5235
2967	40	5	5275	24	0	5344
2968	45	10	45	5155	0	5255
2969	5108	13	48	33	0	5202
2970	36	18	14	5139	0	5207
2971	53	12	5065	38	0	5168
2972	23	6	5125	47	0	5201
2973	7	5108	74	31	0	5220
2974	21	65	49	4970	0	5105
2975	4737	44	39	33	0	4853
2976	34	4682	10	54	0	4780
2977	4710	30	13	23	0	4776
2978	36	34	19	4639	0	4728
2979	4642	11	8	40	0	4701
2980	47	4602	12	52	0	4713
2981	49	36	7	4583	0	4675
2982	4564	40	10	50	0	4664
2983	42	4643	15	54	0	4754
2984	47	39	16	4619	0	4721
2985	35	37	12	4564	0	4648
2986	4613	11	18	73	0	4715
2987	41	8	18	4624	0	4691
2988	56	6	27	4547	0	4636
2989	18	13	24	4686	0	4741
2990	29	4	4527	77	0	4637
2991	4420	5	53	65	0	4543
2992	41	4	56	5236	0	5337
2993	56	11	5569	59	0	5695
2994	5597	7	78	54	0	5736
2995	72	9	5843	32	0	5956
2996	65	6	78	5633	0	5782
2997	25	5824	63	80	0	5992
2998	29	57	25	5881	0	5992
2999	19	55	5897	84	0	6055
3000	25	27	5938	70	0	6060
3001	22	11	125	5931	0	6089
3002	28	19	5971	79	0	6097
3003	5808	17	87	67	0	5979
3004	83	20	5943	29	0	6075
3005	66	17	78	5645	0	5806
3006	32	14	68	5680	0	5794
3007	20	26	21	5724	0	5791
3008	5646	12	14	138	0	5810
3009	5633	12	19	83	0	5747
3010	5789	12	21	38	0	5860
3011	146	9	21	5652	0	5828
3012	81	16	11	5758	0	5866
3013	33	8	5641	134	0	5816
3014	25	6	5661	94	0	5786
3015	27	5657	123	48	0	5855
3016	22	125	81	4982	0	5210
3017	28	48	33	4824	0	4933
3018	24	5095	17	122	0	5258
3019	5062	61	24	67	0	5214
3020	65	5120	22	36	0	5243
3021	5111	81	21	17	0	5230
3022	78	63	26	5022	0	5189
3023	5085	9	21	84	0	5199
3024	77	8	25	5099	0	5209
3025	56	12	4977	83	0	5128
3026	25	14	77	5002	0	5118
3027	4874	3	72	85	0	5034
3028	76	7	25	4925	0	5033
3029	58	12	17	4865	0	4952
3030	26	5	4849	137	0	5017
3031	19	7	73	4915	0	5014
3032	28	5	70	4816	0	4919
3033	17	4792	18	133	0	4960
3034	19	57	13	4809	0	4898
3035	23	50	17	4857	0	4947
3036	24	20	17	4829	0	4890
3037	28	4591	22	148	0	4789
3038	16	58	8	4436	0	4518
3039	4194	43	11	77	0	4325
3040	63	4090	9	62	0	4224
3041	38	3762	8	24	0	3832
3042	14	3635	6	12	0	3667
3043	12	149	10	3378	0	3549
3044	8	3413	11	58	0	3490
3045	15	3470	11	43	0	3539
3046	3293	68	27	26	0	3414
3047	66	28	3255	16	0	3365
3048	3103	10	58	15	0	3186
3049	52	9	29	3150	0	3240
3050	25	7	3129	68	0	3229
3051	3064	3	70	44	0	3181
3052	50	9	3062	26	0	3147
3053	29	7	3057	29	0	3122
3054	3072	8	94	23	0	3197
3055	58	8	53	3130	0	3249
3056	36	8	3180	75	0	3299
3057	3153	8	77	52	0	3290
3058	3234	10	37	46	0	3327
3059	85	7	3274	33	0	3399
3060	3283	5	67	35	0	3390
3061	3348	8	36	23	0	3415
3062	90	7	3231	41	0	3369
3063	3227	6	69	31	0	3333
3064	3241	7	42	38	0	3328
3065	91	10	3204	29	0	3334
3066	38	16	3485	30	0	3569
3067	29	14	79	3487	0	3609
3068	23	18	3527	82	0	3650
3069	3499	15	68	55	0	3637
3070	80	23	33	3444	0	3580
3071	40	25	18	3555	0	3638
3072	37	17	3439	96	0	3589
3073	26	20	63	3435	0	3544
3074	29	16	3497	74	0	3616
3075	3447	20	64	56	0	3587
3076	3545	14	35	36	0	3630
3077	86	20	3502	41	0	3649
3078	3515	14	72	24	0	3625
3079	3594	12	30	43	0	3679
3080	107	11	3579	32	0	3729
3081	3618	6	67	47	0	3738
3082	3663	9	38	39	0	3749
3083	94	6	3564	40	0	3704
3084	3526	11	67	42	0	3646
3085	76	12	3624	46	0	3758
3086	42	11	84	3551	0	3688
3087	24	7	41	3616	0	3688
3088	21	15	15	3716	0	3767
3089	17	12	3621	119	0	3769
3090	3444	24	63	61	0	3592
3091	70	17	3532	55	0	3674
3092	31	2806	36	18	0	2891
3093	13	2528	25	16	0	2582
3094	2254	27	37	14	0	2332
3095	22	15	7	2204	0	2248
3096	21	2289	8	25	0	2343
3097	2169	14	6	22	0	2211
3098	2103	12	10	9	0	2134
3099	33	2199	1	7	0	2240
3100	20	14	7	2063	0	2104
3101	4	2143	11	19	0	2177
3102	2164	17	8	15	0	2204
3103	2157	13	5	12	0	2187
3104	29	3	7	2107	0	2146
3105	2121	3	5	19	0	2148
3106	22	4	5	2141	0	2172
3107	17	5	2133	19	0	2174
3108	2115	2	19	14	0	2150
3109	26	6	2158	4	0	2194
3110	20	4	21	2059	0	2104
3111	2084	2	13	15	0	2114
3112	23	2	6	2118	0	2149
3113	22	2	2128	14	0	2166
3114	14	3	2112	11	0	2140
3115	7	26	29	2076	0	2138
3116	2076	3	10	17	0	2106
3117	19	2164	3	11	0	2197
3118	12	11	8	2122	0	2153
3119	11	5	2163	12	0	2191
3120	2161	2	17	7	0	2187
3121	2236	2	16	5	0	2259
3122	26	5	2273	5	0	2309
3123	2250	4	14	7	0	2275
3124	19	1	10	2314	0	2344
3125	11	3	2342	15	0	2371
3126	2263	3	13	12	0	2291
3127	20	2	12	2241	0	2275
3128	16	4	1	2257	0	2278
3129	2281	5	3	20	0	2309
3130	15	2240	6	13	0	2274
3131	11	2266	9	5	0	2291
3132	2277	16	2	8	0	2303
3133	2170	5	7	3	0	2185
3134	28	3	2274	7	0	2312
3135	12	2	2243	6	0	2263
3136	4	2	22	2232	0	2260
3137	2281	3	8	10	0	2302
3138	2241	2	5	6	0	2254
3139	2274	0	7	4	0	2285
3140	23	2238	3	8	0	2272
3141	12	2283	3	6	0	2304
3142	2	17	10	2360	0	2389
3143	10	6	7	2358	0	2381
3144	8	0	7	2464	0	2479
3145	10	2	2552	23	0	2587
3146	5	5	2446	11	0	2467
3147	2480	7	20	6	0	2513
3148	2607	3	9	7	0	2626
3149	33	1	4	2610	0	2648
3150	15	0	7	2585	0	2607
3151	7	5	6	2643	0	2661
3152	6	4	2609	27	0	2646
3153	11	1	2625	9	0	2646
3154	6	5	23	2604	0	2638
3155	7	2	2679	23	0	2711
3156	8	2609	20	7	0	2644
3157	5	2602	6	8	0	2621
3158	2589	22	3	3	0	2617
3159	20	2531	1	8	0	2560
3160	4	22	0	2543	0	2569
3161	3	5	4	2550	0	2562
3162	4	2674	4	23	0	2705
3163	5	20	4	2704	0	2733
3164	8	9	2653	42	0	2712
3165	6	2668	20	17	0	2711
3166	2	19	10	2484	0	2515
3167	5	9	2458	18	0	2490
3168	1	2430	25	14	0	2470
3169	1	16	13	2356	0	2386
3170	0	2452	5	15	0	2472
3171	8	17	3	2422	0	2450
3172	3	12	3	2354	0	2372
3173	1	2417	0	27	0	2445
3174	2356	17	2	11	0	2386
3175	2251	15	3	5	0	2274
3176	28	2334	0	5	0	2367
3177	13	2357	5	27	0	2402
3178	5	28	4	2389	0	2426
3179	8	12	2383	21	0	2424
3180	2259	2	24	17	0	2302
3181	2275	2	11	7	0	2295
3182	32	3	2301	4	0	2340
3183	2212	4	21	3	0	2240
3184	2278	5	11	4	0	2298
3185	33	4	2241	5	0	2283
3186	2167	3	19	5	0	2194
3187	25	5	2281	1	0	2312
3188	11	2279	25	8	0	2323
3189	2284	21	11	6	0	2322
3190	2266	14	4	4	0	2288
3191	35	2	2306	3	0	2346
3192	2319	4	21	4	0	2348
3193	2436	7	11	5	0	2459
3194	32	3	2517	8	0	2560
3195	2514	3	17	4	0	2538
3196	2529	6	11	6	0	2552
3197	32	4	2519	4	0	2559
3198	2503	3	23	5	0	2534
3199	27	2	12	2469	0	2510
3200	15	1	5	2485	0	2506
3201	6	2	2481	31	0	2520
3202	4	3	2490	17	0	2514
3203	9	1	28	2493	0	2531
3204	6	2	18	2540	0	2566
3205	2734	1	6	30	0	2771
3206	27	2	2745	14	0	2788
3207	2741	5	25	9	0	2780
3208	26	3	16	2830	0	2875
3209	16	4	2917	23	0	2960
3210	3086	3	28	14	0	3131
3211	28	3	16	3245	0	3292
3212	15	4	3292	27	0	3338
3213	3164	5	26	24	0	3219
3214	28	2	16	3275	0	3321
3215	3318	4	7	27	0	3356
3216	29	0	3508	19	0	3556
3217	17	11	26	3233	0	3287
3218	5	3604	16	22	0	3647
3219	3576	21	6	21	0	3624
3220	3536	15	14	5	0	3570
3221	38	3719	4	4	0	3765
3222	3736	23	3	1	0	3763
3223	3691	19	3	4	0	3717
3224	3710	4	3	2	0	3719
3225	41	3710	1	5	0	3757
3226	21	22	3	3744	0	3790
3227	6	18	3807	24	0	3855
3228	4	4	23	3727	0	3758
3229	4	0	20	3758	0	3782
3230	3	1	3778	43	0	3825
3231	2	1	3745	25	0	3773
3232	5	3	44	3495	0	3547
3233	5	3755	20	23	0	3803
3234	3762	24	10	21	0	3817
3235	3721	20	1	2	0	3744
3236	39	3869	4	4	0	3916
3237	3945	24	1	3	0	3973
3238	3885	18	1	5	0	3909
3239	44	6	3957	1	0	4008
3240	3901	1	25	1	0	3928
3241	30	4100	18	9	0	4157
3242	26	26	4018	2	0	4072
3243	10	20	3986	1	0	4017
3244	5	3957	35	24	0	4021
3245	3872	18	25	2	0	3917
3246	25	18	3954	4	0	4001
3247	21	5	16	3918	0	3960
3248	11	2	3955	16	0	3984
3249	3746	2	25	21	0	3794
3250	22	3	4713	7	0	4745
3251	23	10	4703	3	0	4739
3252	4592	0	30	4	0	4626
3253	20	4826	22	9	0	4877
3254	4924	20	2	3	0	4949
3255	4959	19	3	4	0	4985
3256	37	10	5	4914	0	4966
3257	24	5381	7	22	0	5434
3258	5485	15	1	22	0	5523
3259	17	22	5581	8	0	5628
3260	5424	2	20	7	0	5453
3261	17	5560	26	6	0	5609
3262	5442	18	1	6	0	5467
3263	5405	14	6	6	0	5431
3264	29	5513	8	18	0	5568
3265	14	17	2	5562	0	5595
3266	5601	17	9	15	0	5642
3267	23	5561	4	17	0	5605
3268	15	15	7	5591	0	5628
3269	5680	17	8	17	0	5722
3270	21	8	4	5965	0	5998
3271	22	3	4	5920	0	5949
3272	7	6003	12	48	0	6070
3273	6051	19	4	18	0	6092
3274	6102	22	5	13	0	6142
3275	6198	5	8	12	0	6223
3276	33	6464	12	12	0	6521
3277	6550	20	8	7	0	6585
3278	6514	21	4	7	0	6546
3279	40	4	10	6480	0	6534
3280	24	3	8	6518	0	6553
3281	15	6	6576	36	0	6633
3282	11	8	15	6480	0	6514
3283	14	5	26	6489	0	6534
3284	15	4	6668	38	0	6725
3285	5935	10	22	26	0	5993
3286	33	7	6694	5	0	6739
3287	36	7	6859	3	0	6905
3288	11	6	37	6766	0	6820
3289	7	7	22	6818	0	6854
3290	8	7102	4	35	0	7149
3291	7082	19	6	19	0	7126
3292	6806	23	6	6	0	6841
3293	42	7048	5	7	0	7102
3294	24	7279	7	13	0	7323
3295	13	44	8	7295	0	7360
3296	10	7623	10	24	0	7667
3297	7593	28	3	27	0	7651
3298	7494	27	8	12	0	7541
3299	55	5	10	7513	0	7583
3300	31	8	7	7600	0	7646
3301	7626	6	2	51	0	7685
3302	37	6	7505	28	0	7576
3303	7410	2	25	7	0	7444
3304	33	5	7549	9	0	7596
3305	7278	7	29	3	0	7317
3306	31	21	26	7342	0	7420
3307	39	4	7499	24	0	7566
3308	11	5	7363	27	0	7406
3309	7194	22	47	25	0	7288
3310	7107	3	28	10	0	7148
3311	52	7401	9	17	0	7479
3312	23	28	8	7594	0	7653
3313	4	25	7	7781	0	7817
3314	7786	3	4	47	0	7840
3315	30	7759	7	34	0	7830
3316	7629	27	3	7	0	7666
3317	28	7605	5	11	0	7649
3318	21	7515	0	10	0	7546
3319	7527	37	3	4	0	7571
3320	34	22	7476	0	0	7532
3321	20	17	22	7284	0	7343
3322	3	3	24	7330	0	7360
3323	7	5	7394	41	0	7447
3324	6	5	26	7259	0	7296
3325	9	6	33	6908	0	6956
3326	4	7467	1	60	0	7532
3327	7458	26	1	20	0	7505
3328	31	25	7559	3	0	7618
3329	7181	3	24	4	0	7212
3330	30	7546	19	25	0	7620
3331	25	24	1	7604	0	7654
3332	7908	23	4	30	0	7965
3333	27	3	5	7919	0	7954
3334	28	3	4	7890	0	7925
3335	9	3	7932	50	0	7994
3336	7228	4	29	30	0	7291
3337	7774	5	22	9	0	7810
3338	46	2	7873	15	0	7936
3339	25	1	29	7778	0	7833
3340	9	3	7899	37	0	7948
3341	7649	2	25	29	0	7705
3342	7959	8	27	10	0	8004
3343	50	5	6	7931	0	7992
3344	7992	4	3	33	0	8032
3345	40	4	8510	25	0	8579
3346	30	9	29	8396	0	8464
3347	6	7	28	8322	0	8363
3348	7	3	6	8540	0	8556
3349	12	8	5	8520	0	8545
3350	7776	4	3	57	0	7840
3351	31	6	7711	30	0	7778
3352	25	5	32	7707	0	7769
3353	17	4	7649	33	0	7703
3354	14	2	7599	29	0	7644
3355	14	8	48	7460	0	7530
3356	10	1	26	7501	0	7538
3357	7178	2	8	59	0	7247
3358	35	6	4	7193	0	7238
3359	29	5	11	7092	0	7137
3360	15	3	8	7206	0	7232
3361	7283	4	6	53	0	7346
3362	7168	11	4	31	0	7214
3363	7191	4	9	18	0	7222
3364	7214	5	9	10	0	7238
3365	59	7699	0	24	0	7782
3366	30	49	6	7618	0	7703
3367	16	39	5	7717	0	7777
3368	7921	4	7	83	0	8015
3369	47	8505	6	59	0	8617
3370	43	79	4	8922	0	9048
3371	29	45	9730	85	0	9889
3372	10775	11	99	65	0	10950
3373	143	11360	60	30	0	11593
3374	11845	142	14	10	0	12011
3375	12125	87	11	17	0	12240
3376	260	8	9	12024	0	12301
3377	115	11	12142	178	0	12446
3378	19	12	167	12470	0	12668
3379	12529	6	106	189	0	12830
3380	185	2	15	12543	0	12745
3381	12595	4	15	186	0	12800
3382	184	12453	6	128	0	12771
3383	12999	171	11	22	0	13203
3384	196	101	12	12862	0	13171
3385	124	8	9	13733	0	13874
3386	13825	18	7	281	0	14131
3387	13596	10	12	121	0	13739
3388	13779	5	6	36	0	13826
3389	13683	4	14	23	0	13724
3390	13651	8	9	22	0	13690
3391	314	6	8	13398	0	13726
3392	154	9	13283	202	0	13648
3393	43	13281	175	139	0	13638
3394	12995	184	127	38	0	13344
3395	210	106	12722	36	0	13074
3396	12581	20	178	22	0	12801
3397	216	12730	102	30	0	13078
3398	12896	182	30	21	0	13129
3399	209	114	21	12678	0	13022
3400	127	29	17	12897	0	13070
3401	45	13	13003	297	0	13358
3402	46	7	184	12892	0	13129
3403	37	10	13240	220	0	13507
3404	55	11	13240	131	0	13437
3405	13078	14	289	46	0	13427
3406	13537	10	125	48	0	13720
3407	309	15	13378	45	0	13747
3408	13143	12	191	39	0	13385
3409	13348	28	107	37	0	13520
3410	337	24	13284	47	0	13692
3411	161	13287	190	61	0	13699
3412	123	210	114	13581	0	14028
3413	13866	117	25	207	0	14215
3414	14147	24	25	137	0	14333
3415	14188	30	25	57	0	14300
3416	14137	20	20	56	0	14233
3417	14119	26	30	48	0	14223
3418	352	28	14041	43	0	14464
3419	209	22	14399	35	0	14665
3420	94	48	280	14273	0	14695
3421	14338	29	154	209	0	14730
3422	14436	37	58	138	0	14669
3423	14688	34	33	56	0	14811
3424	14448	48	41	69	0	14606
3425	387	14484	35	84	0	14990
3426	213	15126	44	113	0	15496
3427	15038	276	47	96	0	15457
3428	15119	117	69	89	0	15394
3429	356	15135	44	115	0	15650
3430	15403	201	39	89	0	15732
3431	330	126	15379	79	0	15914
3432	255	48	205	15058	0	15566
3433	161	55	15309	240	0	15765
3434	160	32	15410	177	0	15779
3435	137	25	302	15166	0	15630
3436	134	33	134	15585	0	15886
3437	162	37	15701	319	0	16219
3438	179	34	209	15146	0	15568
3439	178	24	135	15685	0	16022
3440	15584	28	50	314	0	15976
3441	15559	35	67	158	0	15819
3442	405	45	57	15586	0	16093
3443	243	55	15778	241	0	16317
3444	159	15863	219	208	0	16449
3445	15689	206	153	74	0	16122
3446	326	131	16205	76	0	16738
3447	233	16114	238	74	0	16659
3448	148	16551	158	66	0	16923
3449	16556	281	70	84	0	16991
3450	16737	133	68	90	0	17028
3451	397	52	74	16622	0	17145
3452	229	53	17719	243	0	18244
3453	166	30	249	17548	0	17993
3454	136	30	220	17531	0	17917
3455	146	40	113	17884	0	18183
3456	17680	39	96	351	0	18166
3457	325	17483	87	199	0	18094
3458	260	18497	105	87	0	18949
3459	173	306	76	18046	0	18601
3460	164	155	77	18570	0	18966
3461	18391	70	97	345	0	18903
3462	17009	89	91	193	0	17382
3463	18348	45	73	99	0	18565
3464	449	18252	72	88	0	18861
3465	18016	201	62	64	0	18343
3466	337	215	59	17686	0	18297
3467	278	38	17788	218	0	18322
3468	198	37	17109	160	0	17504
3469	16450	30	325	79	0	16884
3470	219	21	16368	67	0	16675
3471	166	38	15299	52	0	15555
3472	13502	34	165	37	0	13738
3473	101	18	13640	18	0	13777
3474	70	21	13214	25	0	13330
3475	44	102	94	12509	0	12749
3476	67	5	13397	49	0	13518
3477	25	6	53	12778	0	12862
3478	19	14	44	12852	0	12929
3479	22	2	13621	55	0	13700
3480	8	13886	40	54	0	13988
3481	13871	28	55	17	0	13971
3482	41	29	14318	7	0	14395
3483	34	16	13967	13	0	14030
3484	12540	12	71	15	0	12638
3485	40	2	13596	16	0	13654
3486	21	13183	31	13	0	13248
3487	23	12967	45	21	0	13056
3488	8	48	18	13426	0	13500
3489	8	39	9	13326	0	13382
3490	13878	9	7	60	0	13954
3491	13429	6	9	42	0	13486
3492	13707	10	8	10	0	13735
3493	57	5	2	13801	0	13865
3494	13921	4	4	46	0	13975
3495	13525	12	8	49	0	13594
3496	69	5	13999	19	0	14092
3497	48	8	13839	9	0	13904
3498	13	14171	47	21	0	14252
3499	11	25	34	14183	0	14253
3500	14184	29	9	43	0	14265
3501	29	14133	9	53	0	14224
3502	30	24	9	14324	0	14387
3503	14241	32	8	49	0	14330
3504	13870	13	8	57	0	13948
3505	57	14339	9	32	0	14437
3506	14297	27	9	20	0	14353
3507	14068	35	16	10	0	14129
3508	58	14	7	14304	0	14383
3509	52	4	14536	38	0	14630
3510	11	14355	36	49	0	14451
3511	12	14192	34	33	0	14271
3512	13706	52	11	24	0	13793
3513	40	35	16	13671	0	13762
3514	48	22	13856	34	0	13960
3515	16	13837	29	43	0	13925
3516	13809	30	46	11	0	13896
3517	13777	34	14	14	0	13839
3518	71	7	14285	12	0	14375
3519	46	3	39	13805	0	13893
3520	16	11	37	14310	0	14374
3521	16	9	15618	58	0	15701
3522	15735	8	57	52	0	15852
3523	19285	10	54	23	0	19372
3524	170	9	26	22899	0	23104
3525	109	24038	15	181	0	24343
3526	34	188	10	25106	0	25338
3527	47	165	25043	231	0	25486
3528	24614	36	217	202	0	25069
3529	214	23	177	25672	0	26086
3530	211	8	25500	248	0	25967
3531	24625	26	238	187	0	25076
3532	238	18	190	24866	0	25312
3533	185	13	49	25187	0	25434
3534	24997	12	29	389	0	25427
3535	226	25168	16	246	0	25656
3536	25208	208	29	61	0	25506
3537	257	181	17	24862	0	25317
3538	25086	40	28	235	0	25389
3539	273	29	25076	215	0	25593
3540	238	25179	210	92	0	25719
3541	49	241	192	25319	0	25801
3542	25180	194	46	259	0	25679
3543	235	25204	39	233	0	25711
3544	216	244	34	25222	0	25716
3545	25065	196	50	264	0	25575
3546	24501	60	46	223	0	24830
3547	445	31	23	24419	0	24918
3548	281	38	24413	316	0	25048
3549	116	44	24296	260	0	24716
3550	24004	33	464	120	0	24621
3551	291	24116	241	111	0	24759
3552	252	23406	81	106	0	23845
3553	23132	409	73	81	0	23695
3554	314	23669	54	113	0	24150
3555	246	272	73	23193	0	23784
3556	118	221	47	23742	0	24128
3557	23533	67	48	489	0	24137
3558	22766	95	54	271	0	23186
3559	23014	57	20	145	0	23236
3560	507	57	22605	132	0	23301
3561	337	58	240	22541	0	23176
3562	180	37	22724	326	0	23267
3563	144	63	22384	264	0	22855
3564	138	37	22969	109	0	23253
3565	99	46	480	22397	0	23022
3566	110	59	22921	324	0	23414
3567	119	67	23063	266	0	23515
3568	127	94	460	22698	0	23379
3569	23018	72	246	329	0	23665
3570	351	74	23222	284	0	23931
3571	308	77	300	22781	0	23466
3572	131	65	279	23126	0	23601
3573	136	72	23360	502	0	24070
3574	128	63	312	23179	0	23682
3575	149	72	23551	373	0	24145
3576	155	84	340	22673	0	23252
3577	124	85	282	22477	0	22968
3578	130	77	110	22707	0	23024
3579	102	71	122	22690	0	22985
3580	21923	73	106	580	0	22682
3581	21412	56	133	350	0	21951
3582	533	55	21829	182	0	22599
3583	371	21589	318	263	0	22541
3584	197	277	22026	138	0	22638
3585	172	244	21830	122	0	22368
3586	21139	68	548	135	0	21890
3587	346	21658	337	164	0	22505
3588	21726	282	216	134	0	22358
3589	317	21985	171	209	0	22682
3590	21807	302	159	164	0	22432
3591	21949	228	174	160	0	22511
3592	556	89	142	21613	0	22400
3593	317	22006	149	428	0	22900
3594	164	264	136	22079	0	22643
3595	165	225	147	22349	0	22886
3596	126	67	22093	630	0	22916
3597	135	21993	369	414	0	22911
3598	173	280	348	21960	0	22761
3599	21828	263	176	398	0	22665
3600	22100	107	183	373	0	22763
3601	22414	93	151	216	0	22874
3602	546	22190	129	236	0	23101
3603	22796	308	121	185	0	23410
3604	435	24142	93	201	0	24871
3605	443	374	95	24596	0	25508
3606	229	317	24572	425	0	25543
3607	222	123	396	24183	0	24924
3608	157	24590	399	411	0	25557
3609	181	354	182	24296	0	25013
3610	120	341	168	24246	0	24875
3611	115	24521	138	696	0	25470
3612	24550	382	170	408	0	25510
3613	409	347	148	24337	0	25241
3614	419	126	23976	463	0	24984
3615	191	120	406	23963	0	24680
3616	187	93	369	24381	0	25030
3617	163	107	24430	715	0	25415
3618	165	116	414	23229	0	23924
3619	148	23902	373	525	0	24948
3620	223	395	23912	433	0	24963
3621	348	375	22734	216	0	23673
3622	115	22109	584	220	0	23028
3623	83	18879	313	144	0	19419
3624	95	14965	157	116	0	15333
3625	13183	353	375	78	0	13989
3626	12361	156	92	50	0	12659
3627	12408	34	31	39	0	12512
3628	246	19	29	12314	0	12608
3629	147	25	12136	153	0	12461
3630	33	25	151	12031	0	12240
3631	26	23	143	12168	0	12360
3632	12050	23	38	270	0	12381
3633	12087	20	37	158	0	12302
3634	234	12238	35	70	0	12577
3635	12247	129	28	46	0	12450
3636	12129	138	36	46	0	12349
3637	12345	39	43	44	0	12471
3638	269	32	12084	53	0	12438
3639	152	24	12008	46	0	12230
3640	35	61	241	11766	0	12103
3641	42	30	11903	160	0	12135
3642	11362	32	151	138	0	11683
3643	11545	33	139	54	0	11771
3644	235	33	11467	40	0	11775
3645	11221	23	121	32	0	11397
3646	132	11253	125	54	0	11564
3647	11380	123	29	37	0	11569
3648	141	130	19	11104	0	11394
3649	138	52	32	10718	0	10940
3650	61	11142	22	230	0	11455
3651	11059	133	23	118	0	11333
3652	11098	130	28	36	0	11292
3653	221	11159	29	46	0	11455
3654	151	136	23	10773	0	11083
3655	68	125	19	10791	0	11003
3656	54	10858	31	228	0	11171
3657	52	135	32	10792	0	11011
3658	48	132	32	10932	0	11144
3659	10770	53	35	234	0	11092
3660	10740	36	32	158	0	10966
3661	239	45	10728	65	0	11077
3662	10683	43	118	58	0	10902
3663	156	38	10766	61	0	11021
3664	153	38	126	10518	0	10835
3665	70	33	10580	162	0	10845
3666	54	10395	130	158	0	10737
3667	67	130	131	9959	0	10287
3668	71	120	39	10076	0	10306
3669	9979	42	40	215	0	10276
3670	136	29	44	9821	0	10030
3671	132	43	9670	151	0	9996
3672	9597	47	128	129	0	9901
3673	9574	47	121	65	0	9807
3674	9687	50	38	53	0	9828
3675	9534	53	31	49	0	9667
3676	238	39	28	9832	0	10137
3677	156	44	37	10002	0	10239
3678	95	37	37	10449	0	10618
3679	82	33	38	10701	0	10854
3680	10391	29	38	263	0	10721
3681	10352	30	41	170	0	10593
3682	277	42	39	9721	0	10079
3683	169	9960	42	162	0	10333
3684	10022	132	54	150	0	10358
3685	172	137	9956	63	0	10328
3686	163	10045	141	64	0	10413
3687	9572	136	127	49	0	9884
3688	155	9768	41	48	0	10012
3689	168	147	9468	36	0	9819
3690	9388	119	159	42	0	9708
3691	9428	35	141	43	0	9647
3692	271	42	9274	43	0	9630
3693	189	21	138	9309	0	9657
3694	84	22	138	9171	0	9415
3695	76	9399	43	262	0	9780
3696	73	128	33	9471	0	9705
3697	9121	120	37	185	0	9463
3698	178	9251	26	168	0	9623
3699	170	121	30	8769	0	9090
3700	100	103	25	8810	0	9038
3701	80	40	8583	232	0	8935
3702	66	8571	127	154	0	8918
3703	7807	133	112	47	0	8099
3704	109	6502	26	35	0	6672
3705	79	5691	15	21	0	5806
3706	5593	106	105	22	0	5826
3707	98	55	27	5282	0	5462
3708	65	38	16	5338	0	5457
3709	5359	12	19	111	0	5501
3710	77	16	14	5389	0	5496
3711	74	21	9	5410	0	5514
3712	5456	11	9	108	0	5584
3713	78	17	10	5400	0	5505
3714	62	5464	11	82	0	5619
3715	5479	68	6	62	0	5615
3716	87	51	5320	36	0	5494
3717	70	5130	64	23	0	5287
3718	31	121	41	4835	0	5028
3719	14	43	4745	76	0	4878
3720	19	27	4650	51	0	4747
3721	44	258	102	4137	0	4541
3722	4157	13	55	50	0	4275
3723	56	11	9	4104	0	4180
3724	32	6	10	4136	0	4184
3725	16	7	6	4195	0	4224
3726	9	9	10	4180	0	4208
3727	16	5	9	4237	0	4267
3728	14	6	4065	89	0	4174
3729	9	4	4013	53	0	4079
3730	16	11	69	4017	0	4113
3731	19	5	4051	61	0	4136
3732	11	3991	51	58	0	4111
3733	17	48	34	4054	0	4153
3734	19	33	3939	60	0	4051
3735	3643	18	49	50	0	3760
3736	50	3843	36	36	0	3965
3737	43	3763	15	23	0	3844
3738	23	3830	5	33	0	3891
3739	19	83	24	3704	0	3830
3740	3724	45	12	59	0	3840
3741	59	18	9	3728	0	3814
3742	3662	21	10	66	0	3759
3743	53	3610	13	48	0	3724
3744	3690	49	13	30	0	3782
3745	65	47	6	3673	0	3791
3746	51	18	14	3654	0	3737
3747	25	3644	15	100	0	3784
3748	28	46	14	3657	0	3745
3749	22	43	14	3667	0	3746
3750	26	33	11	3646	0	3716
3751	3611	15	11	96	0	3733
3752	3599	21	15	53	0	3688
3753	79	22	3573	28	0	3702
3754	3599	15	44	30	0	3688
3755	56	21	3660	33	0	3770
3756	47	23	60	3593	0	3723
3757	25	19	41	3641	0	3726
3758	26	12	22	3719	0	3779
3759	25	21	3649	87	0	3782
3760	25	17	52	3652	0	3746
3761	21	20	3693	76	0	3810
3762	21	23	50	3689	0	3783
3763	3677	16	37	79	0	3809
3764	57	17	3682	63	0	3819
3765	3618	10	46	49	0	3723
3766	62	19	39	3696	0	3816
3767	3685	12	20	75	0	3792
3768	55	3686	8	75	0	3824
3769	49	52	16	3748	0	3865
3770	29	45	3798	69	0	3941
3771	25	40	52	3665	0	3782
3772	20	49	40	3559	0	3668
3773	25	3596	22	93	0	3736
3774	21	53	3582	67	0	3723
3775	15	3551	50	41	0	3657
3776	2908	69	45	35	0	3057
3777	39	2997	15	25	0	3076
3778	2620	27	33	12	0	2692
3779	2551	16	6	10	0	2583
3780	2572	4	9	11	0	2596
3781	44	2	7	2595	0	2648
3782	21	4	2595	34	0	2654
3783	7	5	32	2535	0	2579
3784	7	2584	20	39	0	2650
3785	4	43	13	2593	0	2653
3786	2494	16	4	42	0	2556
3787	33	2521	6	23	0	2583
3788	20	43	4	2361	0	2428
3789	7	18	9	2386	0	2420
3790	2378	7	3	52	0	2440
3791	34	3	2366	24	0	2427
3792	17	2314	28	13	0	2372
3793	6	23	11	2099	0	2139
3794	4	9	2058	24	0	2095
3795	3	3	23	1931	0	1960
3796	3	2021	9	24	0	2057
3797	5	26	5	2059	0	2095
3798	2	12	1	2027	0	2042
3799	7	5	2	2042	0	2056
3800	4	2	2025	33	0	2064
3801	1960	2	20	13	0	1995
3802	23	4	8	2134	0	2169
3803	2433	1	6	23	0	2463
3804	2526	4	1	15	0	2546
3805	2582	5	1	7	0	2595
3806	2519	2	5	8	0	2534
3807	2592	2	1	4	0	2599
3808	47	6	1	2523	0	2577
3809	28	2503	0	40	0	2571
3810	8	24	2	2475	0	2509
3811	6	2486	1	30	0	2523
3812	2	26	3	2404	0	2435
3813	2382	18	1	30	0	2431
3814	26	5	1	2389	0	2421
3815	19	4	2361	29	0	2413
3816	2289	1	22	22	0	2334
3817	24	2387	18	7	0	2436
3818	2418	19	6	5	0	2448
3819	2396	15	2	1	0	2414
3820	2356	7	0	5	0	2368
3821	39	2439	4	1	0	2483
3822	22	18	1	2382	0	2423
3823	7	14	1	2408	0	2430
3824	3	6	2368	38	0	2415
3825	3	0	23	2322	0	2348
3826	6	2	16	2316	0	2340
3827	5	4	6	2337	0	2352
3828	5	2362	1	36	0	2404
3829	2356	19	1	18	0	2394
3830	2268	18	0	8	0	2294
3831	39	7	2411	5	0	2462
3832	22	2426	20	6	0	2474
3833	10	18	22	2387	0	2437
3834	4	18	7	2414	0	2443
3835	6	8	0	2424	0	2438
3836	7	3	0	2474	0	2484
3837	7	2	4	2494	0	2507
3838	9	4	2424	41	0	2478
3839	7	5	2356	23	0	2391
3840	2442	5	35	13	0	2495
3841	2541	1	21	7	0	2570
3842	2570	4	5	8	0	2587
3843	45	6	3	2576	0	2630
3844	27	3	2528	32	0	2590
3845	2480	2	27	22	0	2531
3846	2551	3	18	11	0	2583
3847	51	1	2517	7	0	2576
3848	2511	4	28	6	0	2549
3849	38	4	2741	5	0	2788
3850	22	8	35	2726	0	2791
3851	12	3	2777	38	0	2830
3852	2725	3	37	20	0	2785
3853	2768	3	19	15	0	2805
3854	2771	6	7	7	0	2791
3855	2818	3	4	10	0	2835
3856	61	4	2949	7	0	3021
3857	33	2951	32	10	0	3026
3858	2989	30	19	7	0	3045
3859	2978	18	8	16	0	3020
3860	55	14	3100	8	0	3177
3861	31	6	33	3017	0	3087
3862	18	7	19	3095	0	3139
3863	13	2	3066	59	0	3140
3864	2939	5	36	29	0	3009
3865	3084	5	19	21	0	3129
3866	52	3086	14	14	0	3166
3867	3163	30	11	9	0	3213
3868	3163	24	7	12	0	3206
3869	3147	8	7	16	0	3178
3870	3088	2	10	9	0	3109
3871	66	6	3036	5	0	3113
3872	2992	6	37	5	0	3040
3873	54	29	21	2992	0	3096
3874	33	3109	10	40	0	3192
3875	25	35	3086	25	0	3171
3876	13	3130	35	21	0	3199
3877	8	79	35	2879	0	3001
3878	10	17	2947	34	0	3008
3879	2811	8	29	20	0	2868
3880	34	4	2923	9	0	2970
3881	2854	3	34	5	0	2896
3882	34	1	22	2867	0	2924
3883	15	5	10	2883	0	2913
3884	11	2877	9	47	0	2944
3885	12	2957	4	22	0	2995
3886	6	41	3	3052	0	3102
3887	3019	17	2	33	0	3071
3888	2997	4	5	25	0	3031
3889	3006	2	11	11	0	3030
3890	44	6	3085	6	0	3141
3891	3053	1	29	6	0	3089
3892	49	11	3154	6	0	3220
3893	29	3	3075	1	0	3108
3894	3023	1	37	10	0	3071
3895	3123	2	26	8	0	3159
3896	42	4	3152	5	0	3203
3897	31	3	25	3067	0	3126
3898	15	2	24	3172	0	3213
3899	3195	4	6	40	0	3245
3900	3147	2	13	23	0	3185
3901	47	4	3387	9	0	3447
3902	24	3304	25	5	0	3358
3903	8	3045	15	5	0	3073
3904	2942	21	24	3	0	2990
3905	22	8	2	2933	0	2965
3906	11	1	2	2955	0	2969
3907	5	1	3	2999	0	3008
3908	2744	0	3	23	0	2770
3909	19	2	3	2992	0	3016
3910	3015	0	5	19	0	3039
3911	3064	1	2	13	0	3080
3912	30	3409	4	6	0	3449
3913	16	18	3	3754	0	3791
3914	11	10	3810	19	0	3850
3915	3698	1	24	12	0	3735
3916	3794	0	14	2	0	3810
3917	3848	1	5	4	0	3858
3918	36	2	3966	4	0	4008
3919	18	2	23	3995	0	4038
3920	4046	1	16	26	0	4089
3921	3863	2	6	13	0	3884
3922	3917	3	1	2	0	3923
3923	33	3936	4	6	0	3979
3924	18	4140	3	7	0	4168
3925	5	33	5	4185	0	4228
3926	7	13	4	4146	0	4170
3927	6	4196	1	36	0	4239
3928	4228	19	5	14	0	4266
3929	27	14	4352	6	0	4399
3930	18	4	21	4315	0	4358
3931	7	3	13	4283	0	4306
3932	5	3	4292	38	0	4338
3933	4049	2	25	19	0	4095
3934	4344	3	16	3	0	4366
3935	40	4301	2	11	0	4354
3936	4294	22	4	3	0	4323
3937	34	16	4650	1	0	4701
3938	4693	3	22	5	0	4723
3939	24	3	4817	6	0	4850
3940	4661	9	53	12	0	4735
3941	4718	1	20	6	0	4745
3942	4760	0	9	1	0	4770
3943	4705	1	4	4	0	4714
3944	32	4815	4	10	0	4861
3945	4891	15	3	4	0	4913
3946	4993	13	3	8	0	5017
3947	34	1	5131	2	0	5168
3948	5101	1	14	3	0	5119
3949	20	7	14	5100	0	5141
3950	20	5	5130	17	0	5172
3951	5084	3	17	17	0	5121
3952	20	5	14	5193	0	5232
3953	5296	3	2	16	0	5317
3954	5739	3	3	14	0	5759
3955	38	3	5986	6	0	6033
3956	5843	3	19	11	0	5876
3957	5893	3	17	8	0	5921
3958	5947	2	2	6	0	5957
3959	6085	1	4	5	0	6095
3960	35	4	2	5943	0	5984
3961	26	6003	5	18	0	6052
3962	6024	21	8	16	0	6069
3963	5971	18	3	10	0	6002
3964	6098	1	8	5	0	6112
3965	44	1	6134	11	0	6190
3966	22	6223	23	8	0	6276
3967	23	16	20	6178	0	6237
3968	14	15	4	6245	0	6278
3969	19	3	6522	35	0	6579
3970	15	3	28	6615	0	6661
3971	20	5	6715	29	0	6769
3972	16	1	29	6579	0	6625
3973	17	2	24	6718	0	6761
3974	23	4	6864	45	0	6936
3975	6540	7	27	33	0	6607
3976	7012	11	24	12	0	7059
3977	55	18	7249	10	0	7332
3978	7106	4	22	20	0	7152
3979	7288	10	26	14	0	7338
3980	59	7	7611	8	0	7685
3981	40	4	30	7447	0	7521
3982	12	4	31	7545	0	7592
3983	7573	1	11	54	0	7639
3984	38	7899	10	33	0	7980
3985	7778	30	12	11	0	7831
3986	7721	25	5	9	0	7760
3987	53	8208	7	15	0	8283
3988	8261	29	5	8	0	8303
3989	8160	24	15	5	0	8204
3990	65	8231	14	31	0	8341
3991	37	30	12	8273	0	8352
3992	26	8435	11	34	0	8506
3993	22	34	10	8447	0	8513
3994	30	29	8425	35	0	8519
3995	30	8	8373	36	0	8447
3996	8163	12	59	9	0	8243
3997	8523	6	31	12	0	8572
3998	82	5	8607	15	0	8709
3999	8569	5	40	9	0	8623
4000	8694	3	33	13	0	8743
4001	8606	6	11	21	0	8644
4002	64	8951	16	17	0	9048
4003	53	28	14	9135	0	9230
4004	9169	26	9	38	0	9242
4005	9024	8	10	35	0	9077
4006	76	10	9340	14	0	9440
4007	49	6	45	9197	0	9297
4008	37	5	30	9200	0	9272
4009	29	9332	15	63	0	9439
4010	31	9645	11	56	0	9743
4011	29	111	10	9414	0	9564
4012	21	9551	9	48	0	9629
4013	9236	28	8	43	0	9315
4014	35	9769	10	36	0	9850
4015	9962	31	11	10	0	10014
4016	50	32	10212	12	0	10306
4017	10555	9	44	8	0	10616
4018	10817	7	46	11	0	10881
4019	10794	9	16	11	0	10830
4020	10786	9	10	10	0	10815
4021	111	10743	8	17	0	10879
4022	78	43	11	10775	0	10907
4023	37	59	10	10749	0	10855
4024	28	17	10942	93	0	11080
4025	25	11	40	10800	0	10876
4026	23	7	55	10882	0	10967
4027	11009	7	19	101	0	11136
4028	58	11213	14	71	0	11356
4029	72	53	7	11166	0	11298
4030	25	69	12	11306	0	11412
4031	27	15	8	11474	0	11524
4032	11369	13	12	132	0	11526
4033	62	10	14	11407	0	11493
4034	11467	6	13	82	0	11568
4035	73	17	12	11404	0	11506
4036	81	14	14	11645	0	11754
4037	43	12	11253	123	0	11431
4038	10439	13	65	90	0	10607
4039	86	11253	70	33	0	11442
4040	11585	60	20	18	0	11683
4041	100	67	14	11362	0	11543
4042	96	25	19	11532	0	11672
4043	11689	17	11	127	0	11844
4044	11494	16	14	86	0	11610
4045	152	11	8	12445	0	12616
4046	100	18	12774	92	0	12984
4047	52	18	12902	89	0	13061
4048	28	13505	145	43	0	13721
4049	13759	90	95	34	0	13978
4050	13529	87	40	23	0	13679
4051	177	29	19	13868	0	14093
4052	114	14226	10	110	0	14460
4053	58	101	8	14201	0	14368
4054	31	101	10	13664	0	13806
4055	21	13508	13	190	0	13732
4056	13508	96	14	129	0	13747
4057	111	96	15	13635	0	13857
4058	117	14070	21	125	0	14333
4059	45	14396	17	118	0	14576
4060	14353	162	13	51	0	14579
4061	141	103	14506	30	0	14780
4062	14386	37	107	33	0	14563
4063	145	20	88	14518	0	14771
4064	122	15	28	14556	0	14721
4065	45	14667	16	236	0	14964
4066	48	143	9	14712	0	14912
4067	55	93	14734	159	0	15041
4068	44	14607	106	153	0	14910
4069	34	14637	83	55	0	14809
4070	14444	172	46	39	0	14701
4071	110	14670	19	50	0	14849
4072	102	128	15	14540	0	14785
4073	48	14704	19	131	0	14902
4074	41	124	14	14621	0	14800
4075	42	95	9	14677	0	14823
4076	42	34	14465	215	0	14756
4077	40	20	103	14099	0	14262
4078	36	34	84	14239	0	14393
4079	14138	26	25	230	0	14419
4080	144	21	14269	136	0	14570
4081	108	29	120	14364	0	14621
4082	62	38	14581	142	0	14823
4083	14253	29	120	142	0	14544
4084	148	14782	96	93	0	15119
4085	15590	133	39	53	0	15815
4086	165	115	21	15698	0	15999
4087	123	40	31	15899	0	16093
4088	72	38	15917	264	0	16291
4089	14715	53	141	184	0	15093
4090	162	16120	116	93	0	16491
4091	15680	173	43	58	0	15954
4092	188	147	15	16136	0	16486
4093	147	16577	24	183	0	16931
4094	16630	162	30	150	0	16972
4095	160	17107	25	91	0	17383
4096	144	185	28	16903	0	17260
4097	58	140	27	16884	0	17109
4098	55	64	21	16885	0	17025
4099	46	16855	23	300	0	17224
4100	59	365	30	16578	0	17032
4101	45	145	25	16951	0	17166
4102	16475	70	35	305	0	16885
4103	16371	37	36	188	0	16632
4104	16493	41	34	96	0	16664
4105	311	56	16892	70	0	17329
4106	16685	45	160	67	0	16957
4107	16946	48	124	88	0	17206
4108	16910	70	61	77	0	17118
4109	307	73	16717	79	0	17176
4110	16413	58	153	59	0	16683
4111	205	63	120	16705	0	17093
4112	170	59	16787	206	0	17222
4113	68	16851	154	176	0	17249
4114	51	345	133	16147	0	16676
4115	53	16370	49	199	0	16671
4116	60	16411	33	162	0	16666
4117	15542	224	76	83	0	15925
4118	168	138	29	15513	0	15848
4119	15596	58	27	178	0	15859
4120	181	34	22	15603	0	15840
4121	15577	54	32	176	0	15839
4122	174	51	28	15556	0	15809
4123	15523	46	33	182	0	15784
4124	177	45	15213	133	0	15568
4125	129	56	125	15235	0	15545
4126	58	47	15864	179	0	16148
4127	56	54	15321	142	0	15573
4128	57	42	15806	86	0	15991
4129	54	48	199	15344	0	15645
4130	49	46	15713	173	0	15981
4131	15338	42	143	134	0	15657
4132	161	38	84	15570	0	15853
4133	126	50	16781	165	0	17122
4134	67	24	136	16691	0	16918
4135	49	46	93	16931	0	17119
4136	71	30	18192	231	0	18524
4137	69	38	128	17947	0	18182
4138	63	41	106	17803	0	18013
4139	62	18324	34	232	0	18652
4140	18102	130	32	156	0	18420
4141	18036	97	34	89	0	18256
4142	231	40	17918	71	0	18260
4143	17542	36	131	70	0	17779
4144	174	38	17751	64	0	18027
4145	122	28	16932	54	0	17136
4146	73	27	16663	63	0	16826
4147	117	290	179	15757	0	16343
4148	72	29	16441	121	0	16663
4149	49	51	78	15876	0	16054
4150	38	28	72	15947	0	16085
4151	38	13	21	15971	0	16043
4152	35	26	29	15951	0	16041
4153	15889	22	21	145	0	16077
4154	15537	19	21	115	0	15692
4155	133	16130	27	74	0	16364
4156	97	77	26	16428	0	16628
4157	77	67	16493	102	0	16739
4158	49	16718	97	106	0	16970
4159	59	102	82	17073	0	17316
4160	49	84	17380	124	0	17637
4161	40	26	103	16882	0	17051
4162	35	21	17227	117	0	17400
4163	28	23	16998	107	0	17156
4164	26	18	155	16986	0	17185
4165	30	16	96	17033	0	17175
4166	17216	17	31	187	0	17451
4167	108	21	28	17139	0	17296
4168	17176	13	21	135	0	17345
4169	112	17107	26	128	0	17373
4170	108	17447	21	47	0	17623
4171	43	152	20	17652	0	17867
4172	17623	77	27	107	0	17834
4173	101	17935	33	113	0	18182
4174	97	83	31	18397	0	18608
4175	18757	75	28	106	0	18966
4176	18666	15	32	103	0	18816
4177	18778	13	41	38	0	18870
4178	18751	11	31	35	0	18828
4179	18846	11	38	35	0	18930
4180	181	8	18690	40	0	18919
4181	101	17	18516	33	0	18667
4182	25	18553	169	44	0	18791
4183	34	183	104	18273	0	18594
4184	27	69	18718	110	0	18924
4185	24	74	18105	73	0	18276
4186	26	97	143	17808	0	18074
4187	19	10	19101	107	0	19237
4188	27	7	19170	85	0	19289
4189	21	24574	177	42	0	24814
4190	24590	213	113	22	0	24938
4191	204	27045	19	43	0	27311
4192	156	266	12	27498	0	27932
4193	28037	170	11	232	0	28450
4194	264	28861	18	271	0	29414
4195	182	282	20	28577	0	29061
4196	46	177	28795	269	0	29287
4197	28276	38	277	187	0	28778
4198	28771	30	188	53	0	29042
4199	29311	10	44	43	0	29408
4200	471	14	27	29399	0	29911
4201	246	19	29656	298	0	30219
4202	60	29880	276	229	0	30445
4203	39	288	203	29652	0	30182
4204	29162	224	67	294	0	29747
4205	310	32	29516	217	0	30075
4206	216	29253	281	82	0	29832
4207	51	276	29628	43	0	29998
4208	28374	220	309	35	0	28938
4209	29226	40	237	42	0	29545
4210	29395	34	57	37	0	29523
4211	503	30	29321	42	0	29896
4212	264	29060	278	47	0	29649
4213	71	311	250	27923	0	28555
4214	59	218	76	28310	0	28663
4215	40	40	49	29040	0	29169
4216	66	55	28446	497	0	29064
4217	27583	34	307	291	0	28215
4218	329	42	28757	77	0	29205
4219	28066	41	821	73	0	29001
4220	28676	45	267	46	0	29034
4221	28955	65	58	44	0	29122
4222	28351	44	82	58	0	28535
4223	568	82	28814	43	0	29507
4224	312	54	313	28450	0	29129
4225	128	58	28848	324	0	29358
4226	111	27870	308	298	0	28587
4227	95	28493	261	100	0	28949
4228	28087	531	89	76	0	28783
4229	27801	296	79	64	0	28240
4230	534	28404	74	97	0	29109
4231	28777	359	62	79	0	29277
4232	426	273	27614	86	0	28399
4233	27326	106	336	78	0	27846
4234	392	27748	283	123	0	28546
4235	28212	349	112	85	0	28758
4236	27030	266	108	81	0	27485
4237	674	85	86	26470	0	27315
4238	394	83	98	26817	0	27392
4239	26564	78	114	557	0	27313
4240	438	96	103	26726	0	27363
4241	26715	77	103	418	0	27313
4242	446	86	90	26795	0	27417
4243	26634	81	110	400	0	27225
4244	26515	82	108	307	0	27012
4245	644	26216	115	136	0	27111
4246	387	26633	124	150	0	27294
4247	25916	555	128	89	0	26688
4248	456	26163	110	131	0	26860
4249	406	404	126	25514	0	26450
4250	219	307	135	25745	0	26406
4251	25251	116	115	583	0	26065
4252	427	25506	136	360	0	26429
4253	387	25355	109	201	0	26052
4254	206	25892	110	185	0	26393
4255	257	582	25105	144	0	26088
4256	222	329	24907	119	0	25577
4257	235	191	25046	121	0	25593
4258	259	367	629	21860	0	23115
4259	249	23661	327	370	0	24607
4260	23561	348	136	274	0	24319
4261	493	279	23368	137	0	24277
4262	421	100	23338	144	0	24003
4263	260	121	23854	115	0	24350
4264	284	109	595	23060	0	24048
4265	289	110	314	23287	0	24000
4266	265	107	147	23699	0	24218
4267	23391	110	125	548	0	24174
4268	23325	123	118	302	0	23868
4269	23536	118	112	167	0	23933
4270	692	114	108	22969	0	23883
4271	409	126	22681	340	0	23556
4272	258	138	23168	271	0	23835
4273	297	126	536	22490	0	23449
4274	273	125	304	22309	0	23011
4275	21951	129	131	511	0	22722
4276	487	21815	82	346	0	22730
4277	21950	332	100	171	0	22553
4278	487	21941	101	169	0	22698
4279	382	359	86	21730	0	22557
4280	238	277	21613	396	0	22524
4281	224	164	315	21578	0	22281
4282	21632	117	270	431	0	22450
4283	479	79	21508	329	0	22395
4284	20921	96	356	129	0	21502
4285	485	107	20819	143	0	21554
4286	428	126	20142	94	0	20790
4287	18849	116	444	111	0	19520
4288	425	114	19188	115	0	19842
4289	191	58	13369	51	0	13669
4290	191	12941	404	83	0	13619
4291	10105	316	502	76	0	10999
4292	9304	82	107	27	0	9520
4293	9208	21	15	20	0	9264
4294	100	13	8905	22	0	9040
4295	8582	15	48	17	0	8662
4296	65	8798	39	20	0	8922
4297	8549	51	12	19	0	8631
4298	62	42	8563	13	0	8680
4299	33	82	51	7999	0	8165
4300	22	10	7972	54	0	8058
4301	13	7900	33	42	0	7988
4302	27	38	40	7377	0	7482
4303	20	25	12	7399	0	7456
4304	7484	7	21	39	0	7551
4305	7351	3	8	25	0	7387
4306	7273	5	7	15	0	7300
4307	7323	7	12	11	0	7353
4308	7227	4	11	12	0	7254
4309	57	3	7320	11	0	7391
4310	31	4	30	7274	0	7339
4311	17	3	7496	39	0	7555
4312	13	30	37	7507	0	7587
4313	7607	8	28	42	0	7685
4314	7644	10	17	18	0	7689
4315	7615	4	16	18	0	7653
4316	7741	2	16	14	0	7773
4317	69	1	7995	14	0	8079
4318	32	13	41	7816	0	7902
4319	22	6	7927	52	0	8007
4320	12	8230	49	33	0	8324
4321	16	8140	45	24	0	8225
4322	25	85	26	8068	0	8204
4323	14	36	13	8417	0	8480
4324	18	19	15	9043	0	9095
4325	12	4	15	9502	0	9533
4326	9415	6	11	117	0	9549
4327	73	9362	12	83	0	9530
4328	9257	63	14	20	0	9354
4329	84	54	8	9111	0	9257
4330	60	19	9	8890	0	8978
4331	26	9090	7	113	0	9236
4332	19	65	5	9031	0	9120
4333	8970	51	11	70	0	9102
4334	72	8657	14	62	0	8805
4335	50	8420	7	32	0	8509
4336	8434	105	13	16	0	8568
4337	75	56	8	8371	0	8510
4338	52	8563	5	90	0	8710
4339	42	80	9	8615	0	8746
4340	8622	42	12	87	0	8763
4341	73	21	6	8538	0	8638
4342	50	13	6	8614	0	8683
4343	8565	4	6	121	0	8696
4344	80	12	4	8532	0	8628
4345	53	8572	9	91	0	8725
4346	28	71	6	8544	0	8649
4347	12	8558	7	93	0	8670
4348	12	80	5	8559	0	8656
4349	8462	48	6	90	0	8606
4350	8485	13	3	51	0	8552
4351	116	9	7	8609	0	8741
4352	67	12	8536	82	0	8697
4353	8316	9	75	47	0	8447
4354	83	4	8514	29	0	8630
4355	8361	9	80	15	0	8465
4356	8436	12	56	15	0	8519
4357	120	5	8382	19	0	8526
4358	60	8308	70	24	0	8462
4359	8288	71	47	11	0	8417
4360	8373	51	16	12	0	8452
4361	112	14	8826	22	0	8974
4362	8610	14	81	15	0	8720
4363	8518	7	43	17	0	8585
4364	8494	8	18	14	0	8534
4365	120	11	5	8501	0	8637
4366	66	7	3	8525	0	8601
4367	24	8658	10	117	0	8809
4368	16	62	5	8672	0	8755
4369	16	43	10	8730	0	8799
4370	29	14	8546	122	0	8711
4371	32	10	8369	65	0	8476
4372	7763	18	110	32	0	7923
4373	8162	15	58	18	0	8253
4374	118	8168	15	34	0	8335
4375	65	80	8	8217	0	8370
4376	31	59	8556	90	0	8736
4377	20	25	73	8687	0	8805
4378	27	14	53	8812	0	8906
4379	30	18	16	9012	0	9076
4380	21	9054	7	139	0	9221
4381	27	96	11	9124	0	9258
4382	28	67	6	9204	0	9305
4383	27	34	9132	169	0	9362
4384	24	30	9175	108	0	9337
4385	8744	20	125	76	0	8965
4386	9057	18	60	62	0	9197
4387	147	26	16	9608	0	9797
4388	92	23	14	9288	0	9417
4389	51	26	7	9687	0	9771
4390	42	33	9259	232	0	9566
4391	44	9151	107	143	0	9445
4392	54	149	9208	71	0	9482
4393	9039	104	123	70	0	9336
4394	158	43	9277	77	0	9555
4395	9173	41	131	72	0	9417
4396	9035	56	72	65	0	9228
4397	9300	45	27	65	0	9437
4398	224	46	17	9152	0	9439
4399	133	48	9088	168	0	9437
4400	57	9330	124	127	0	9638
4401	67	138	80	9179	0	9464
4402	65	81	27	9503	0	9676
4403	45	54	9700	233	0	10032
4404	52	9578	125	161	0	9916
4405	10120	134	84	82	0	10420
4406	166	10348	35	71	0	10620
4407	11108	162	25	72	0	11367
4408	217	129	19	11120	0	11485
4409	156	36	11581	204	0	11977
4410	66	11699	178	150	0	12093
4411	11702	193	119	76	0	12090
4412	211	128	11740	61	0	12140
4413	11717	42	193	52	0	12004
4414	11756	17	137	52	0	11962
4415	329	16	11811	49	0	12205
4416	11660	17	205	42	0	11924
4417	11543	16	159	31	0	11749
4418	11509	18	68	23	0	11618
4419	340	11252	51	25	0	11668
4420	10871	172	57	21	0	11121
4421	231	11045	38	36	0	11350
4422	149	176	10832	30	0	11187
4423	44	10702	179	34	0	10959
4424	9789	213	178	45	0	10225
4425	9800	87	22	18	0	9927
4426	9911	19	23	25	0	9978
4427	238	16	23	9531	0	9808
4428	106	20	15	9825	0	9966
4429	9426	12	28	225	0	9691
4430	9725	15	19	101	0	9860
4431	240	13	13	9546	0	9812
4432	117	12	9639	153	0	9921
4433	34	9420	147	85	0	9686
4434	33	9676	85	31	0	9825
4435	40	219	31	9489	0	9779
4436	36	92	9461	148	0	9737
4437	30	60	139	9078	0	9307
4438	42	9298	79	141	0	9560
4439	25	139	31	9306	0	9501
4440	38	99	9277	147	0	9561
4441	33	35	143	9313	0	9524
4442	33	23	9612	148	0	9816
4443	33	19	156	9495	0	9703
4444	44	12	9748	150	0	9954
4445	41	20	9677	92	0	9830
4446	9316	21	224	30	0	9591
4447	9611	22	94	21	0	9748
4448	9680	24	37	18	0	9759
4449	243	9636	23	44	0	9946
4450	138	141	29	9734	0	10042
4451	9444	105	38	147	0	9734
4452	9705	36	20	100	0	9861
4453	9751	23	39	38	0	9851
4454	257	29	9705	18	0	10009
4455	136	9446	138	30	0	9750
4456	73	9734	105	36	0	9948
4457	9605	208	67	24	0	9904
4458	187	117	32	9467	0	9803
4459	9572	30	26	157	0	9785
4460	191	32	9369	90	0	9682
4461	147	33	148	8915	0	9243
4462	98	29	100	9050	0	9277
4463	71	39	46	8847	0	9003
4464	68	9075	38	208	0	9389
4465	9030	166	33	105	0	9334
4466	9021	101	38	39	0	9199
4467	243	8974	37	44	0	9298
4468	155	156	31	8939	0	9281
4469	8963	111	30	157	0	9261
4470	201	42	34	8991	0	9268
4471	8994	34	30	159	0	9217
4472	192	8899	36	125	0	9252
4473	8912	159	37	49	0	9157
4474	209	106	8820	42	0	9177
4475	141	8940	148	51	0	9280
4476	78	165	8705	52	0	9000
4477	120	211	197	8274	0	8802
4478	8130	52	110	166	0	8458
4479	8194	39	40	107	0	8380
4480	8153	38	43	41	0	8275
4481	254	29	48	7890	0	8221
4482	7976	34	36	172	0	8218
4483	184	35	32	7873	0	8124
4484	7903	36	45	165	0	8149
4485	7945	27	41	117	0	8130
4486	246	27	7934	64	0	8271
4487	113	23	7319	43	0	7498
4488	55	27	7325	37	0	7444
4489	52	49	176	6892	0	7169
4490	6977	20	103	115	0	7215
4491	147	22	35	7005	0	7209
4492	114	20	28	7102	0	7264
4493	7401	26	26	165	0	7618
4494	7251	21	20	105	0	7397
4495	7391	24	36	41	0	7492
4496	7434	21	23	32	0	7510
4497	185	26	20	7330	0	7561
4498	7252	15	23	124	0	7414
4499	143	7231	40	82	0	7496
4500	7177	111	25	40	0	7353
4501	7141	74	42	40	0	7297
4502	178	26	6789	35	0	7028
4503	6325	16	84	35	0	6460
4504	123	26	6379	23	0	6551
4505	78	15	5715	31	0	5839
4506	69	33	5616	34	0	5752
4507	53	241	56	4329	0	4679
4508	27	11	4637	34	0	4709
4509	20	38	23	4068	0	4149
4510	17	4	4208	15	0	4244
4511	12	3	4683	15	0	4713
4512	7	16	29	4400	0	4452
4513	5	4	19	4688	0	4716
4514	9	2	4988	22	0	5021
4515	4808	1	12	16	0	4837
4516	15	4	18	4941	0	4978
4517	18	1	5	5033	0	5057
4518	5079	0	5	25	0	5109
4519	16	3	2	5189	0	5210
4520	21	1	5174	17	0	5213
4521	15	1	5009	18	0	5043
4522	6	30	23	4930	0	4989
4523	11	3	5186	13	0	5213
4524	3	5259	14	17	0	5293
4525	6	10	10	5104	0	5130
4526	5148	12	6	14	0	5180
4527	19	2	5185	12	0	5218
4528	5069	0	14	12	0	5095
4529	12	2	14	5297	0	5325
4530	15	1	5	5320	0	5341
4531	11	2	1	5321	0	5335
4532	10	2	5	5306	0	5323
4533	5314	2	4	33	0	5353
4534	19	5897	3	16	0	5935
4535	16	21	5	5993	0	6035
4536	13	17	3	5924	0	5957
4537	9	10	2	5951	0	5972
4538	8	1	9	5988	0	6006
4539	5975	2	6	46	0	6029
4540	22	5961	10	41	0	6034
4541	5931	19	8	13	0	5971
4542	24	5700	11	17	0	5752
4543	19	5790	4	25	0	5838
4544	5674	34	8	7	0	5723
4545	31	16	5847	8	0	5902
4546	22	4	25	5800	0	5851
4547	5931	1	23	27	0	5982
4548	5880	3	8	26	0	5917
4549	5808	6	5	18	0	5837
4550	6016	1	5	10	0	6032
4551	46	6533	2	26	0	6607
4552	6639	33	6	5	0	6683
4553	6788	26	6	7	0	6827
4554	65	7348	4	44	0	7461
4555	35	50	2	7573	0	7660
4556	14	34	7569	70	0	7687
4557	7	5	61	7572	0	7645
4558	7559	8	42	76	0	7685
4559	69	3	7947	47	0	8066
4560	52	7840	65	20	0	7977
4561	16	66	8122	9	0	8213
4562	10	79	69	7502	0	7660
4563	9	7934	48	54	0	8045
4564	8020	71	9	52	0	8152
4565	66	8108	7	19	0	8200
4566	49	70	3	7876	0	7998
4567	13	44	1	8118	0	8176
4568	8074	4	3	110	0	8191
4569	80	10	2	7873	0	7965
4570	50	8050	3	70	0	8173
4571	8174	68	2	52	0	8296
4572	8055	47	5	10	0	8117
4573	113	8203	6	19	0	8341
4574	8281	70	5	9	0	8365
4575	72	8215	10	15	0	8312
4576	8138	72	7	8	0	8225
4577	77	8231	3	20	0	8331
4578	62	77	6	7718	0	7863
4579	17	53	13	8187	0	8270
4580	8063	15	7	154	0	8239
4581	8146	10	10	68	0	8234
4582	112	8252	4	28	0	8396
4583	67	80	8270	15	0	8432
4584	8205	57	68	13	0	8343
4585	76	23	51	8239	0	8389
4586	57	8405	11	79	0	8552
4587	25	74	7	8465	0	8571
4588	8409	52	10	88	0	8559
4589	8441	19	5	65	0	8530
4590	8540	23	7	15	0	8585
4591	129	14	7	8436	0	8586
4592	71	19	8495	78	0	8663
4593	8010	19	68	56	0	8153
4594	8025	22	47	17	0	8111
4595	8183	16	13	17	0	8229
4596	135	8140	8	24	0	8307
4597	72	82	4	8158	0	8316
4598	30	8343	9	84	0	8466
4599	33	86	16	8270	0	8405
4600	25	67	2	8421	0	8515
4601	43	24	8797	122	0	8986
4602	29	26	83	9423	0	9561
4603	25	25	63	9684	0	9797
4604	9864	14	18	159	0	10055
4605	107	10016	11	97	0	10231
4606	10074	104	18	31	0	10227
4607	10407	84	8	27	0	10526
4608	176	36	15	10413	0	10640
4609	120	19	10590	120	0	10849
4610	46	10415	93	89	0	10643
4611	40	10108	77	43	0	10268
4612	9916	171	27	39	0	10153
4613	115	10089	23	44	0	10271
4614	100	111	22	9757	0	9990
4615	42	93	15	9976	0	10126
4616	46	43	9897	174	0	10160
4617	48	37	9841	104	0	10030
4618	46	9861	157	42	0	10106
4619	40	117	86	9750	0	9993
4620	9713	93	22	122	0	9950
4621	118	36	27	9851	0	10032
4622	108	40	9998	126	0	10272
4623	44	42	109	9904	0	10099
4624	9716	32	76	132	0	9956
4625	9680	42	28	101	0	9851
4626	188	9800	23	59	0	10070
4627	9840	131	13	40	0	10024
4628	136	9932	13	46	0	10127
4629	9833	135	13	49	0	10030
4630	156	100	12	9734	0	10002
4631	113	46	9740	133	0	10032
4632	71	40	9705	107	0	9923
4633	60	9936	148	55	0	10199
4634	70	112	79	9308	0	9569
4635	50	93	28	9452	0	9623
4636	9466	41	13	165	0	9685
4637	9469	30	13	98	0	9610
4638	9648	36	15	38	0	9737
4639	188	33	18	9591	0	9830
4640	109	40	15	9669	0	9833
4641	59	35	13	9841	0	9948
4642	47	36	9725	169	0	9977
4643	47	28	9619	107	0	9801
4644	9473	31	145	51	0	9700
4645	9430	28	79	53	0	9590
4646	189	26	9526	32	0	9773
4647	9313	27	106	42	0	9488
4648	9098	37	79	40	0	9254
4649	186	22	9222	45	0	9475
4650	100	9265	92	53	0	9510
4651	59	143	117	8683	0	9002
4652	73	70	8931	101	0	9175
4653	45	9282	74	89	0	9490
4654	44	100	53	8236	0	8433
4655	32	8688	14	66	0	8800
4656	21	65	8561	77	0	8724
4657	25	55	8486	37	0	8603
4658	31	113	98	8404	0	8646
4659	8401	17	77	76	0	8571
4660	75	28	21	8397	0	8521
4661	8389	21	21	75	0	8506
4662	98	21	15	8443	0	8577
4663	87	22	8404	87	0	8600
4664	8218	16	71	88	0	8393
4665	71	29	8479	45	0	8624
4666	8450	23	71	36	0	8580
4667	91	30	69	8302	0	8492
4668	73	8527	39	98	0	8737
4669	52	67	21	8572	0	8712
4670	40	8741	21	95	0	8897
4671	39	71	41	8347	0	8498
4672	35	8729	31	89	0	8884
4673	8589	84	33	88	0	8794
4674	8491	66	38	36	0	8631
4675	8453	54	29	33	0	8569
4676	134	27	8544	57	0	8762
4677	94	27	75	8484	0	8680
4678	64	26	8616	88	0	8794
4679	40	8463	83	88	0	8674
4680	36	8575	75	64	0	8750
4681	8461	115	63	38	0	8677
4682	90	68	8508	38	0	8704
4683	82	8438	78	47	0	8645
4684	58	67	73	8554	0	8752
4685	8557	66	36	85	0	8744
4686	95	8581	37	95	0	8808
4687	8730	72	38	41	0	8881
4688	88	77	8866	51	0	9082
4689	99	33	77	8850	0	9059
4690	55	37	70	8945	0	9107
4691	46	22	46	9420	0	9534
4692	40	9545	24	159	0	9768
4693	43	97	34	9521	0	9695
4694	57	88	9758	120	0	10023
4695	40	35	90	9677	0	9842
4696	46	22	89	9703	0	9860
4697	38	29	38	9685	0	9790
4698	49	9564	41	166	0	9820
4699	53	88	33	9533	0	9707
4700	43	77	38	9453	0	9611
4701	35	9004	27	158	0	9224
4702	8145	71	18	90	0	8324
4703	77	8189	18	32	0	8316
4704	48	7996	30	22	0	8096
4705	39	153	17	7808	0	8017
4706	32	52	7780	74	0	7938
4707	7051	19	77	53	0	7200
4708	61	14	55	7405	0	7535
4709	52	8	7255	70	0	7385
4710	10	7319	59	72	0	7460
4711	12	60	48	7324	0	7444
4712	12	55	7462	63	0	7592
4713	14	27	59	7217	0	7317
4714	5	15	50	7228	0	7298
4715	7169	4	10	107	0	7290
4716	54	7194	9	68	0	7325
4717	7252	61	7	22	0	7342
4718	62	49	7399	15	0	7525
4719	44	7482	54	23	0	7603
4720	23	54	7529	20	0	7626
4721	19	62	58	7495	0	7634
4722	7341	11	51	64	0	7467
4723	61	7	11	7412	0	7491
4724	7365	10	16	65	0	7456
4725	7401	10	2	54	0	7467
4726	106	3	7	7457	0	7573
4727	61	12	7770	61	0	7904
4728	18	9	7938	55	0	8020
4729	3	18	116	7953	0	8090
4730	10	11	59	8015	0	8095
4731	7943	5	13	125	0	8086
4732	70	8	13	7940	0	8031
4733	59	7847	7	77	0	7990
4734	12	72	7	7857	0	7948
4735	13	57	10	7890	0	7970
4736	7846	17	5	122	0	7990
4737	72	7954	10	104	0	8140
4738	59	75	8	8083	0	8225
4739	14	76	8	8027	0	8125
4740	18	8020	11	137	0	8186
4741	11	78	8	8146	0	8243
4742	15	64	10	8027	0	8116
4743	9	7953	8	153	0	8123
4744	11	78	10	8062	0	8161
4745	13	63	12	7980	0	8068
4746	8	8032	10	146	0	8196
4747	10	80	14	8115	0	8219
4748	8031	64	8	99	0	8202
4749	7905	19	8	84	0	8016
4750	7838	18	8	34	0	7898
4751	7902	15	10	25	0	7952
4752	131	7697	11	37	0	7876
4753	7227	74	7	24	0	7332
4754	72	7189	8	37	0	7306
4755	50	7095	8	26	0	7179
4756	39	134	25	7086	0	7284
4757	19	57	7271	92	0	7439
4758	6885	19	62	64	0	7030
4759	7117	14	42	35	0	7208
4760	113	22	7587	26	0	7748
4761	7372	11	64	33	0	7480
4762	7585	11	48	34	0	7678
4763	115	7464	12	25	0	7616
4764	8228	71	7	33	0	8339
4765	84	47	7	8033	0	8171
4766	55	20	6	8071	0	8152
4767	30	20	5	8105	0	8160
4768	17	8	11	8114	0	8150
4769	8029	18	7	137	0	8191
4770	81	15	13	7961	0	8070
4771	61	14	5	8043	0	8123
4772	32	15	7924	125	0	8096
4773	7250	25	71	81	0	7427
4774	7831	16	49	32	0	7928
4775	7913	16	12	30	0	7971
4776	126	7890	13	26	0	8055
4777	68	7948	18	21	0	8055
4778	7846	111	11	33	0	8001
4779	84	61	8	7846	0	7999
4780	56	8039	13	97	0	8205
4781	28	76	6	8031	0	8141
4782	25	8112	8	93	0	8238
4783	8014	80	7	82	0	8183
4784	77	8008	10	46	0	8141
4785	62	77	4	7859	0	8002
4786	28	61	6	7931	0	8026
4787	25	16	8141	133	0	8315
4788	20	8427	72	91	0	8610
4789	26	94	50	8678	0	8848
4790	28	62	9018	95	0	9203
4791	32	16	9330	65	0	9443
4792	47	23	99	9123	0	9292
4793	25	17	61	9228	0	9331
4794	18	9109	12	141	0	9280
4795	16	9338	13	81	0	9448
4796	24	135	6	9357	0	9522
4797	9374	75	1	91	0	9541
4798	85	19	3	9915	0	10022
4799	10151	21	14	97	0	10283
4800	10242	19	4	71	0	10336
4801	10378	21	2	33	0	10434
4802	160	13	10513	34	0	10720
4803	10341	17	77	30	0	10465
4804	102	21	67	10368	0	10558
4805	78	17	22	10455	0	10572
4806	39	16	10374	163	0	10592
4807	25	20	10344	86	0	10475
4808	15	34	132	10034	0	10215
4809	11	10073	76	89	0	10249
4810	17	10133	21	89	0	10260
4811	52	138	7	10060	0	10257
4812	9992	86	6	102	0	10186
4813	86	24	7	10052	0	10169
4814	72	21	11	9966	0	10070
4815	25	10112	7	159	0	10303
4816	27	80	4	10231	0	10342
4817	28	73	10283	96	0	10480
4818	32	26	10015	77	0	10150
4819	9691	16	128	37	0	9872
4820	84	10064	76	29	0	10253
4821	9979	80	27	21	0	10107
4822	9995	68	11	32	0	10106
4823	146	19	15	9512	0	9692
4824	74	9962	26	85	0	10147
4825	37	82	16	10136	0	10271
4826	10073	69	11	92	0	10245
4827	88	9940	8	92	0	10128
4828	9788	76	11	35	0	9910
4829	82	9842	8	41	0	9973
4830	9843	78	11	36	0	9968
4831	9810	58	11	40	0	9919
4832	125	9882	13	49	0	10069
4833	92	73	11	9897	0	10073
4834	9896	59	13	99	0	10067
4835	78	22	9784	74	0	9958
4836	61	22	9675	34	0	9792
4837	36	98	126	9377	0	9637
4838	9443	11	60	81	0	9595
4839	76	12	18	9449	0	9555
4840	9503	24	15	97	0	9639
4841	83	23	9860	72	0	10038
4842	9859	17	60	46	0	9982
4843	10308	23	58	27	0	10416
4844	119	26	21	10247	0	10413
4845	77	17	10	10271	0	10375
4846	49	18	10	10220	0	10297
4847	33	10349	18	121	0	10521
4848	38	70	19	10263	0	10390
4849	33	67	18	10355	0	10473
4850	10322	28	17	127	0	10494
4851	10187	13	26	83	0	10309
4852	126	19	10284	40	0	10469
4853	10166	17	73	42	0	10298
4854	93	20	10313	31	0	10457
4855	9702	26	81	48	0	9857
4856	88	24	10155	41	0	10308
4857	64	22	9967	43	0	10096
4858	36	23	113	9763	0	9935
4859	31	14	9990	97	0	10132
4860	9564	18	69	88	0	9739
4861	80	26	61	10043	0	10210
4862	10205	38	25	76	0	10344
4863	10171	23	18	90	0	10302
4864	9643	27	20	51	0	9741
4865	9521	25	22	60	0	9628
4866	137	18	9687	51	0	9893
4867	93	29	60	9635	0	9817
4868	75	9	9783	87	0	9954
4869	59	25	72	9633	0	9789
4870	9694	19	66	88	0	9867
4871	104	17	25	9790	0	9936
4872	9877	27	22	92	0	10018
4873	111	24	18	9892	0	10045
4874	72	26	28	10012	0	10138
4875	10001	20	31	126	0	10178
4876	81	10012	30	78	0	10201
4877	10049	72	27	44	0	10192
4878	91	10072	19	53	0	10235
4879	78	85	11	10137	0	10311
4880	10052	58	15	88	0	10213
4881	98	31	10049	72	0	10250
4882	81	14	64	9997	0	10156
4883	10027	19	63	84	0	10193
4884	10030	23	34	82	0	10169
4885	131	18	32	10189	0	10370
4886	94	10368	34	91	0	10587
4887	54	10328	34	97	0	10513
4888	44	285	37	9692	0	10058
4889	9781	61	16	70	0	9928
4890	82	9364	7	74	0	9527
4891	45	8675	5	16	0	8741
4892	8390	71	36	13	0	8510
4893	42	8347	5	5	0	8399
4894	8625	47	10	11	0	8693
4895	63	30	15	8554	0	8662
4896	36	9	4	8545	0	8594
4897	12	8545	6	80	0	8643
4898	4	8307	4	44	0	8359
4899	7937	65	5	11	0	8018
4900	44	8275	1	7	0	8327
4901	28	8759	1	9	0	8797
4902	4	80	0	8787	0	8871
4903	8987	46	0	50	0	9083
4904	59	10	9734	49	0	9852
4905	9637	3	65	10	0	9715
4906	78	3	61	10806	0	10948
4907	68	4	11134	83	0	11289
4908	26	6	11257	82	0	11371
4909	4	4	150	11402	0	11560
4910	11	6	11913	90	0	12020
4911	11749	4	103	86	0	11942
4912	12078	4	86	18	0	12186
4913	178	3	12214	7	0	12402
4914	95	10	92	11861	0	12058
4915	30	9	93	11940	0	12072
4916	12221	6	18	175	0	12420
4917	100	11	7	11860	0	11978
4918	91	11988	7	105	0	12191
4919	12069	93	5	93	0	12260
4920	98	12086	7	26	0	12217
4921	95	12452	6	20	0	12573
4922	21	178	6	12255	0	12460
4923	8	114	8	12023	0	12153
4924	15	20	4	12420	0	12459
4925	21	14	12139	182	0	12356
4926	11369	10	96	119	0	11594
4927	101	11953	88	33	0	12175
4928	12063	97	19	18	0	12197
4929	12018	89	12	15	0	12134
4930	184	27	11	12109	0	12331
4931	106	12209	12	117	0	12444
4932	28	98	18	12170	0	12314
4933	28	93	7	12388	0	12516
4934	12512	26	14	184	0	12736
4935	12239	18	19	117	0	12393
4936	198	22	12472	42	0	12734
4937	12587	12	103	24	0	12726
4938	123	12786	96	27	0	13032
4939	12928	103	22	29	0	13082
4940	136	13429	15	29	0	13609
4941	106	150	16	12927	0	13199
4942	36	124	9	12939	0	13108
4943	32	12922	10	216	0	13180
4944	34	121	16	13005	0	13176
4945	22	124	15	12974	0	13135
4946	29	43	10	12797	0	12879
4947	30	12831	17	263	0	13141
4948	38	133	23	12817	0	13011
4949	35	127	22	12730	0	12914
4950	34	38	13	13061	0	13146
4951	47	34	12783	250	0	13114
4952	12054	40	125	152	0	12371
4953	142	35	12891	52	0	13120
4954	12534	36	138	57	0	12765
4955	149	47	12867	55	0	13118
4956	12522	27	135	48	0	12732
4957	12722	35	119	42	0	12918
4958	254	35	12842	47	0	13178
4959	172	37	125	12700	0	13034
4960	83	34	12465	147	0	12729
4961	11906	38	151	144	0	12239
4962	160	39	12918	67	0	13184
4963	152	30	12753	76	0	13011
4964	12402	40	228	61	0	12731
4965	147	12793	144	58	0	13142
4966	161	128	60	12755	0	13104
4967	12850	130	53	167	0	13200
4968	145	55	41	12832	0	13073
4969	157	33	45	13034	0	13269
4970	12889	21	43	267	0	13220
4971	12687	34	50	184	0	12955
4972	258	40	12753	90	0	13141
4973	185	24	12742	86	0	13037
4974	88	57	237	12632	0	13014
4975	75	43	12941	172	0	13231
4976	66	35	151	12731	0	12983
4977	54	44	156	12574	0	12828
4978	86	29	47	12953	0	13115
4979	12635	47	39	277	0	12998
4980	170	12818	47	189	0	13224
4981	12832	148	32	104	0	13116
4982	12775	142	33	93	0	13043
4983	265	12881	29	94	0	13269
4984	12662	139	37	78	0	12916
4985	179	135	12611	67	0	12992
4986	143	75	108	12282	0	12608
4987	12413	43	108	148	0	12712
4988	148	40	12359	143	0	12690
4989	11976	36	106	78	0	12196
4990	138	12670	120	83	0	13011
4991	14337	102	43	67	0	14549
4992	14349	106	42	63	0	14560
4993	342	14705	23	64	0	15134
4994	15037	143	49	49	0	15278
4995	234	172	41	14944	0	15391
4996	232	57	40	15197	0	15526
4997	14953	51	43	324	0	15371
4998	14164	40	32	243	0	14479
4999	308	15043	36	122	0	15509
5000	231	14894	24	92	0	15241
5001	82	374	33	13834	0	14323
5002	49	14366	26	163	0	14604
5003	44	14441	32	181	0	14698
5004	13354	243	44	56	0	13697
5005	112	13565	19	70	0	13766
5006	12601	119	17	25	0	12762
5007	125	12989	13	43	0	13170
5008	159	116	12849	44	0	13168
5009	47	12921	87	45	0	13100
5010	12305	202	175	56	0	12738
5011	11956	127	44	17	0	12144
5012	183	29	12152	22	0	12386
5013	142	19	78	11706	0	11945
5014	50	12	110	12143	0	12315
5015	34	12	12220	187	0	12453
5016	28	9	85	11953	0	12075
5017	31	14	12200	120	0	12365
5018	38	9	11931	125	0	12103
5019	11706	15	188	39	0	11948
5020	96	11975	128	31	0	12230
5021	11846	79	49	18	0	11992
5022	117	116	19	11799	0	12051
5023	133	36	12088	90	0	12347
5024	51	23	81	11686	0	11841
5025	31	12299	111	99	0	12540
5026	12340	84	33	99	0	12556
5027	12197	113	23	39	0	12372
5028	195	45	8	12388	0	12636
5029	140	35	12327	95	0	12597
5030	11692	15	82	114	0	11903
5031	102	12017	105	59	0	12283
5032	12034	86	37	28	0	12185
5033	134	122	14	11839	0	12109
5034	11878	41	16	77	0	12012
5035	130	32	22	11830	0	12014
5036	144	23	11819	113	0	12099
5037	69	16	11665	133	0	11883
5038	11259	17	165	66	0	11507
5039	89	11993	128	44	0	12254
5040	11740	90	75	24	0	11929
5041	11663	107	20	19	0	11809
5042	151	11885	7	33	0	12076
5043	11892	91	5	23	0	12011
5044	115	123	12780	24	0	13042
5045	124	66	61	12655	0	12906
5046	50	53	94	12733	0	12930
5047	45	34	27	13034	0	13140
5048	43	35	12966	179	0	13223
5049	41	35	13011	132	0	13219
5050	32	41	151	12770	0	12994
5051	39	12939	125	63	0	13166
5052	33	13317	42	97	0	13489
5053	13352	159	21	33	0	13565
5054	13292	123	22	41	0	13478
5055	164	13897	26	65	0	14152
5056	123	89	27	13981	0	14220
5057	56	108	21	14043	0	14228
5058	14231	48	32	183	0	14494
5059	95	31	39	14563	0	14728
5060	123	33	34	14438	0	14628
5061	63	29	34	14621	0	14747
5062	60	38	13926	185	0	14209
5063	56	29	13529	152	0	13766
5064	13737	28	164	81	0	14010
5065	108	27	136	14439	0	14710
5066	129	36	14498	107	0	14770
5067	64	32	14197	128	0	14421
5068	14367	37	176	66	0	14646
5069	120	34	15879	55	0	16088
5070	132	16117	130	51	0	16430
5071	77	114	122	17530	0	17843
5072	56	132	17727	115	0	18030
5073	17537	59	117	141	0	17854
5074	143	46	137	18727	0	19053
5075	179	33	18725	146	0	19083
5076	76	31	133	18852	0	19092
5077	42	32	163	19175	0	19412
5078	19226	24	64	277	0	19591
5079	147	19530	41	216	0	19934
5080	185	121	39	19376	0	19721
5081	19479	158	27	156	0	19820
5082	19418	52	38	174	0	19682
5083	19516	32	29	70	0	19647
5084	19846	26	35	46	0	19953
5085	317	21	40	19533	0	19911
5086	19503	23	39	151	0	19716
5087	19283	19	40	193	0	19535
5088	18591	42	47	87	0	18767
5089	19092	13	46	67	0	19218
5090	305	18310	40	58	0	18713
5091	94	16550	13	15	0	16672
5092	28	222	11	16370	0	16631
5093	17	16493	18	89	0	16617
5094	16393	81	26	83	0	16583
5095	88	78	8	16316	0	16490
5096	16183	12	9	86	0	16290
5097	16443	11	14	90	0	16558
5098	129	16	8	16958	0	17111
5099	83	14	9	16825	0	16931
5100	31	17014	13	142	0	17200
5101	17011	69	7	73	0	17160
5102	80	17007	11	102	0	17200
5103	17183	71	10	27	0	17291
5104	95	73	5	17317	0	17490
5105	104	13	17313	83	0	17513
5106	17096	10	73	85	0	17264
5107	16346	13	77	44	0	16480
5108	162	14	16612	26	0	16814
5109	116	18	16575	14	0	16723
5110	32	18	139	16190	0	16379
5111	17525	15	99	93	0	17732
5112	17869	29	22	102	0	18022
5113	18703	24	14	52	0	18793
5114	18967	14	11	39	0	19031
5115	216	18894	9	41	0	19160
5116	19702	93	15	38	0	19848
5117	144	92	12	19349	0	19597
5118	130	27	16	19367	0	19540
5119	66	16	21	19875	0	19978
5120	54	15	20	20179	0	20268
5121	20061	20	17	234	0	20332
5122	131	18	15	21147	0	21311
5123	135	17	20917	164	0	21233
5124	60	22	126	21393	0	21601
5125	62	19	130	21230	0	21441
5126	50	19	35	21037	0	21141
5127	49	22	29	21220	0	21320
5128	20999	13	30	295	0	21337
5129	175	20829	22	190	0	21216
5130	182	20945	31	68	0	21226
5131	81	255	32	20947	0	21315
5132	20631	151	37	189	0	21008
5133	20911	45	32	178	0	21166
5134	313	30	19	21130	0	21492
5135	219	24	21053	187	0	21483
5136	20727	29	143	200	0	21099
5137	212	37	137	21502	0	21888
5138	232	36	21655	193	0	22116
5139	20543	40	144	200	0	20927
5140	222	21369	128	110	0	21829
5141	23761	150	29	95	0	24035
5142	287	24698	31	81	0	25097
5143	306	242	13	24612	0	25173
5144	138	25383	13	311	0	25845
5145	125	297	24	26042	0	26488
5146	25257	275	11	329	0	25872
5147	308	25716	13	355	0	26392
5148	330	260	25586	122	0	26298
5149	134	337	219	25404	0	26094
5150	114	104	25824	298	0	26340
5151	99	89	263	24906	0	25357
5152	106	53	259	25678	0	26096
5153	105	60	25254	513	0	25932
5154	23544	52	262	352	0	24210
5155	296	45	25014	162	0	25517
5156	337	44	24853	98	0	25332
5157	140	24985	470	180	0	25775
5158	127	243	300	24456	0	25126
5159	92	278	87	24557	0	25014
5160	104	98	56	24329	0	24587
5161	97	58	26	25160	0	25341
5162	101	56	24590	572	0	25319
5163	23027	64	266	392	0	23749
5164	319	49	24613	158	0	25139
5165	332	50	270	24051	0	24703
5166	23901	52	283	278	0	24514
5167	292	24208	83	391	0	24974
5168	331	431	69	23444	0	24275
5169	22716	259	69	298	0	23342
5170	278	22332	52	339	0	23001
5171	271	21779	42	143	0	22235
5172	21533	417	85	86	0	22121
5173	245	21836	35	105	0	22221
5174	21005	249	82	76	0	21412
5175	266	21354	46	101	0	21767
5176	21243	249	48	73	0	21613
5177	21114	233	32	92	0	21471
5178	414	21518	35	146	0	22113
5179	264	235	34	21390	0	21923
5180	110	240	21177	290	0	21817
5181	20589	76	217	290	0	21172
5182	242	49	248	20793	0	21332
5183	250	20723	68	266	0	21307
5184	86	20975	50	287	0	21398
5185	57	421	40	20948	0	21466
5186	20865	253	54	286	0	21458
5187	243	77	20994	284	0	21598
5188	250	58	238	20943	0	21489
5189	95	63	253	20990	0	21401
5190	66	45	86	21305	0	21502
5191	61	54	58	21041	0	21214
5192	53	20795	51	543	0	21442
5193	67	232	63	21128	0	21490
5194	94	256	20624	321	0	21295
5195	91	131	20315	303	0	20840
5196	84	82	20791	134	0	21091
5197	80	92	440	20031	0	20643
5198	19665	71	283	291	0	20310
5199	283	101	19823	293	0	20500
5200	308	90	19839	135	0	20372
5201	118	90	453	19536	0	20197
5202	19559	75	288	290	0	20212
5203	250	19533	121	316	0	20220
5204	19516	252	95	160	0	20023
5205	283	279	79	19289	0	19930
5206	303	116	19654	302	0	20375
5207	139	151	261	18789	0	19340
5208	103	19593	287	319	0	20302
5209	20016	265	134	266	0	20681
5210	297	311	20008	137	0	20753
5211	260	19608	237	158	0	20263
5212	18910	292	311	129	0	19642
5213	301	265	107	18869	0	19542
5214	273	105	79	19128	0	19585
5215	19092	60	102	483	0	19737
5216	18952	54	79	360	0	19445
5217	19786	52	106	137	0	20081
5218	516	97	87	19048	0	19748
5219	345	19143	72	315	0	19875
5220	19118	248	76	325	0	19767
5221	284	19256	62	166	0	19768
5222	18223	265	63	111	0	18662
5223	281	18102	63	98	0	18544
5224	282	275	48	17606	0	18211
5225	17763	260	48	236	0	18307
5226	17648	122	40	262	0	18072
5227	17955	77	25	119	0	18176
5228	18019	78	24	86	0	18207
5229	18010	81	37	73	0	18201
5230	514	54	17734	76	0	18378
5231	330	67	220	17592	0	18209
5232	140	70	17875	246	0	18331
5233	101	54	17676	277	0	18108
5234	17429	63	428	94	0	18014
5235	17452	51	284	92	0	17879
5236	17556	58	89	75	0	17778
5237	473	98	40	16992	0	17603
5238	16945	76	49	243	0	17313
5239	316	16871	38	299	0	17524
5240	286	16989	54	120	0	17449
5241	99	15131	25	78	0	15333
5242	13800	256	89	40	0	14185
5243	139	14080	34	40	0	14293
5244	13404	120	21	33	0	13578
5245	12870	125	20	36	0	13051
5246	255	34	13008	28	0	13325
5247	173	30	113	12576	0	12892
5248	70	26	111	13254	0	13461
5249	13389	15	35	228	0	13667
5250	13338	28	29	145	0	13540
5251	258	24	19	13374	0	13675
5252	186	23	13246	140	0	13595
5253	71	27	13384	149	0	13631
5254	60	27	228	13250	0	13565
5255	76	27	134	13076	0	13313
5256	68	18	35	13439	0	13560
5257	13098	19	27	245	0	13389
5258	13150	25	16	168	0	13359
5259	265	13305	27	62	0	13659
5260	183	139	25	13161	0	13508
5261	95	129	24	12988	0	13236
5262	67	13366	21	228	0	13682
5263	71	136	22	13517	0	13746
5264	13442	143	19	180	0	13784
5265	171	35	35	13389	0	13630
5266	179	34	25	13511	0	13749
5267	13198	27	22	261	0	13508
5268	12995	37	28	161	0	13221
5269	13259	28	39	55	0	13381
5270	310	56	22	13035	0	13423
5271	207	29	12440	151	0	12827
5272	110	27	12366	144	0	12647
5273	94	31	12316	59	0	12500
5274	75	12052	237	54	0	12418
5275	11606	140	182	68	0	11996
5276	170	127	11297	41	0	11635
5277	11090	34	110	44	0	11278
5278	173	36	112	11033	0	11354
5279	11126	28	39	123	0	11316
5280	11355	28	39	136	0	11558
5281	247	11500	25	69	0	11841
5282	11683	105	29	62	0	11879
5283	11533	116	25	65	0	11739
5284	244	11658	26	89	0	12017
5285	199	104	26	11833	0	12162
5286	105	127	11927	125	0	12284
5287	89	38	115	11614	0	11856
5288	80	49	121	11718	0	11968
5289	11719	37	41	238	0	12035
5290	163	26	37	11571	0	11797
5291	171	11843	26	146	0	12186
5292	90	119	25	11607	0	11841
5293	85	130	25	11959	0	12199
5294	87	49	11855	247	0	12238
5295	71	11802	111	193	0	12177
5296	88	11884	119	75	0	12166
5297	11646	213	38	59	0	11956
5298	157	12002	44	75	0	12278
5299	182	136	36	11911	0	12265
5300	81	138	11970	155	0	12344
5301	85	11975	127	173	0	12360
5302	12051	131	143	68	0	12393
5303	165	139	66	11927	0	12297
5304	175	46	44	12149	0	12414
5305	87	36	12204	271	0	12598
5306	94	37	119	11675	0	11925
5307	78	36	141	11951	0	12206
5308	11737	37	53	269	0	12096
5309	11083	29	41	185	0	11338
5310	267	11140	40	98	0	11545
5311	10350	118	20	71	0	10559
5312	157	10290	20	76	0	10543
5313	130	211	21	9395	0	9757
5314	60	9726	17	125	0	9928
5315	41	9821	22	156	0	10040
5316	9151	187	56	67	0	9461
5317	8823	90	37	49	0	8999
5318	129	8788	17	58	0	8992
5319	8828	63	12	43	0	8946
5320	8696	64	14	49	0	8823
5321	9052	26	17	40	0	9135
5322	140	19	19	9053	0	9231
5323	9035	27	20	86	0	9168
5324	85	27	8798	88	0	8998
5325	8655	24	60	50	0	8789
5326	94	27	9035	39	0	9195
5327	101	26	63	8850	0	9040
5328	45	28	64	9102	0	9239
5329	45	22	9080	126	0	9273
5330	8692	22	67	95	0	8876
5331	8927	24	63	42	0	9056
5332	140	16	9369	29	0	9554
5333	93	23	70	9119	0	9305
5334	51	15	71	9161	0	9298
5335	36	19	31	9407	0	9493
5336	9267	18	21	135	0	9441
5337	9310	16	23	88	0	9437
5338	134	21	25	9086	0	9266
5339	85	8917	14	80	0	9096
5340	37	8600	18	72	0	8727
5341	8248	89	17	26	0	8380
5342	62	8332	10	25	0	8429
5343	53	7924	11	26	0	8014
5344	24	107	29	7111	0	7271
5345	16	38	7231	38	0	7323
5346	15	7068	27	47	0	7157
5347	25	82	32	6861	0	7000
5348	6	6966	8	47	0	7027
5349	4	40	7	6805	0	6856
5350	6839	23	6	33	0	6901
5351	24	7011	5	28	0	7068
5352	7104	23	2	13	0	7142
5353	6907	25	8	12	0	6952
5354	37	13	6914	11	0	6975
5355	6772	4	18	12	0	6806
5356	23	12	21	6991	0	7047
5357	25	5	7064	25	0	7119
5358	9	7029	19	24	0	7081
5359	21	32	19	6752	0	6824
5360	4	18	6	6788	0	6816
5361	6815	13	2	34	0	6864
5362	20	2	3	6781	0	6806
5363	22	10	3	6783	0	6818
5364	6777	5	9	34	0	6825
5365	21	6784	2	26	0	6833
5366	6702	22	2	16	0	6742
5367	29	23	6750	5	0	6807
5368	6371	10	16	12	0	6409
5369	32	8	7044	12	0	7096
5370	26	7084	19	11	0	7140
5371	7111	21	17	9	0	7158
5372	6843	19	14	8	0	6884
5373	48	7	6958	8	0	7021
5374	39	7	6988	6	0	7040
5375	16	9	7353	11	0	7389
5376	15	7485	37	10	0	7547
5377	7	27	26	7506	0	7566
5378	23	20	8071	28	0	8142
5379	15	9	7766	22	0	7812
5380	15	10	58	7749	0	7832
5381	21	6	7951	35	0	8013
5382	7854	6	38	37	0	7935
5383	9744	3	39	20	0	9806
5384	97	4	9792	11	0	9904
5385	62	9792	60	26	0	9940
5386	22	48	52	9546	0	9668
5387	24	51	9714	60	0	9849
5388	11	9641	58	110	0	9820
5389	15	58	64	9594	0	9731
5390	9475	58	10	65	0	9608
5391	9431	10	7	62	0	9510
5392	97	9704	5	26	0	9832
5393	61	61	6	9570	0	9698
5394	17	61	10	9458	0	9546
5395	17	17	5	9465	0	9504
5396	9	10	10	9680	0	9709
5397	8	15	9572	111	0	9706
5398	5	6	52	9555	0	9618
5399	9	11	9493	63	0	9576
5400	8	9271	42	67	0	9388
5401	9261	39	54	15	0	9369
5402	43	9668	16	16	0	9743
5403	59	51	6	9600	0	9716
5404	14	51	9	9633	0	9707
5405	9498	12	5	88	0	9603
5406	45	6	5	9559	0	9615
5407	47	9536	6	54	0	9643
5408	11	43	10	9610	0	9674
5409	8	59	7	9594	0	9668
5410	9619	12	11	91	0	9733
5411	52	12	9599	54	0	9717
5412	46	9390	40	25	0	9501
5413	25	9467	44	27	0	9563
5414	12	83	13	9336	0	9444
5415	9198	52	8	54	0	9312
5416	43	9234	8	68	0	9353
5417	46	43	9	9307	0	9405
5418	19	52	9237	55	0	9363
5419	9	14	41	9173	0	9237
5420	9163	14	47	64	0	9288
5421	8856	6	11	59	0	8932
5422	85	9	11	9017	0	9122
5423	9106	10	14	57	0	9187
5424	8904	13	13	53	0	8983
5425	88	11	9104	23	0	9226
5426	8712	7	48	25	0	8792
5427	52	8963	46	25	0	9086
5428	9078	45	10	16	0	9149
5429	61	53	8949	16	0	9079
5430	50	21	49	8944	0	9064
5431	9118	13	55	62	0	9248
5432	61	10	8832	61	0	8964
5433	67	11	8831	19	0	8928
5434	16	9	94	8757	0	8876
5435	22	16	9003	61	0	9102
5436	8760	9	62	67	0	8898
5437	59	8	9078	27	0	9172
5438	64	9	68	9063	0	9204
5439	18	16	55	9206	0	9295
5440	9648	13	23	114	0	9798
5441	78	6	9782	79	0	9945
5442	79	9	10178	31	0	10297
5443	32	10	133	10904	0	11079
5444	25	8	11131	94	0	11258
5445	10819	17	111	95	0	11042
5446	93	8	93	10995	0	11189
5447	99	10	11100	111	0	11320
5448	45	12	96	10869	0	11022
5449	24	10	90	11182	0	11306
5450	11220	11	27	176	0	11434
5451	109	11	11170	120	0	11410
5452	10887	16	106	44	0	11053
5453	129	3	11384	35	0	11551
5454	11065	15	118	27	0	11225
5455	11159	17	105	26	0	11307
5456	11181	12	42	33	0	11268
5457	196	10988	26	41	0	11251
5458	11102	93	15	35	0	11245
5459	11068	91	26	33	0	11218
5460	201	26	22	11060	0	11309
5461	116	13	11079	115	0	11323
5462	10770	15	105	125	0	11015
5463	119	8	11345	43	0	11515
5464	115	4	116	10964	0	11199
5465	47	8	114	11231	0	11400
5466	11204	12	37	195	0	11448
5467	108	11422	27	137	0	11694
5468	119	89	31	11256	0	11495
5469	42	97	26	11307	0	11472
5470	32	25	11291	199	0	11547
5471	39	10	106	11191	0	11346
5472	28	17	111	11277	0	11433
5473	35	15	42	10906	0	10998
5474	34	11020	31	212	0	11297
5475	10718	93	33	117	0	10961
5476	10607	98	20	48	0	10773
5477	181	10765	26	47	0	11019
5478	10135	83	25	28	0	10271
5479	108	98	22	10541	0	10769
5480	111	16	11038	109	0	11274
5481	36	11126	106	129	0	11397
5482	19	11233	102	52	0	11406
5483	9963	132	120	16	0	10231
5484	10545	79	28	16	0	10668
5485	164	23	31	10492	0	10710
5486	110	6	14	10635	0	10765
5487	37	4	16	10777	0	10834
5488	10526	7	22	188	0	10743
5489	105	5	10606	128	0	10844
5490	10627	6	97	52	0	10782
5491	118	8	100	10467	0	10693
5492	101	13	40	10512	0	10666
5493	40	10685	22	174	0	10921
5494	30	83	27	10807	0	10947
5495	26	93	23	10927	0	11069
5496	47	23	11128	181	0	11379
5497	40	11114	100	131	0	11385
5498	11229	91	99	44	0	11463
5499	11070	89	47	29	0	11235
5500	11308	31	19	31	0	11389
5501	11244	18	30	30	0	11322
5502	224	14	10939	27	0	11204
5503	10830	13	107	29	0	10979
5504	146	8	11031	42	0	11227
5505	123	9	125	10649	0	10906
5506	63	10928	105	113	0	11209
5507	48	91	49	10930	0	11118
5508	46	91	23	11123	0	11283
5509	44	32	11093	197	0	11366
5510	10433	17	122	129	0	10701
5511	10837	17	109	64	0	11027
5512	192	10794	61	104	0	11151
5513	136	91	10939	68	0	11234
5514	59	96	125	10885	0	11165
5515	61	39	11018	136	0	11254
5516	47	28	10848	144	0	11067
5517	60	36	185	10759	0	11040
5518	64	28	10886	123	0	11101
5519	72	25	118	10796	0	11011
5520	78	18	11120	155	0	11371
5521	76	30	128	11012	0	11246
5522	11080	27	118	143	0	11368
5523	10954	26	59	128	0	11167
5524	10939	24	33	69	0	11065
5525	11005	32	28	60	0	11125
5526	218	11054	28	79	0	11379
5527	146	118	24	10873	0	11161
5528	91	99	27	11004	0	11221
5529	58	45	10947	226	0	11276
5530	43	24	112	10946	0	11125
5531	65	19	10913	165	0	11162
5532	70	32	10570	123	0	10795
5533	10335	32	189	67	0	10623
5534	125	11052	107	84	0	11368
5535	11139	98	56	66	0	11359
5536	11135	102	36	63	0	11336
5537	192	11487	35	70	0	11784
5538	11577	100	41	70	0	11788
5539	149	98	11636	64	0	11947
5540	108	11376	102	52	0	11638
5541	11182	98	96	45	0	11421
5542	132	84	10746	46	0	11008
5543	9819	25	77	29	0	9950
5544	89	10112	65	44	0	10310
5545	10089	57	41	27	0	10214
5546	9947	62	23	30	0	10062
5547	115	9973	19	49	0	10156
5548	74	9844	21	33	0	9972
5549	25	10181	47	34	0	10287
5550	34	97	36	10106	0	10273
5551	15	64	35	10153	0	10267
5552	10231	18	37	103	0	10389
5553	9941	13	33	78	0	10065
5554	111	14	10181	38	0	10344
5555	84	15	9977	35	0	10111
5556	54	6	10233	31	0	10324
5557	32	22	119	10094	0	10267
5558	53	10	10510	72	0	10645
5559	41	10	82	10402	0	10535
5560	10542	12	62	77	0	10693
5561	84	22	10760	63	0	10929
5562	10499	15	73	43	0	10630
5563	10615	15	69	27	0	10726
5564	114	9	11005	41	0	11169
5565	76	11332	73	48	0	11529
5566	45	65	85	11293	0	11488
5567	41	64	11438	76	0	11619
5568	33	27	87	11259	0	11406
5569	42	16	75	12192	0	12325
5570	12095	13	44	136	0	12288
5571	95	16	29	12160	0	12300
5572	111	15	12177	102	0	12405
5573	39	14	104	12171	0	12328
5574	12373	21	83	102	0	12579
5575	105	12738	46	91	0	12980
5576	12857	97	44	34	0	13032
5577	133	115	54	12829	0	13131
5578	151	29	12969	95	0	13244
5579	94	16	12472	76	0	12658
5580	73	16	12328	27	0	12444
5581	17	11901	132	29	0	12079
5582	11455	115	175	37	0	11782
5583	64	11177	18	26	0	11285
5584	10434	54	13	8	0	10509
5585	57	10520	3	13	0	10593
5586	39	61	5	10434	0	10539
5587	10	37	5	10468	0	10520
5588	9	4	9	10509	0	10531
5589	4	10616	5	88	0	10713
5590	9	65	8	10975	0	11057
5591	4	39	7	12451	0	12501
5592	13286	7	10	132	0	13435
5593	102	6	6	14093	0	14207
5594	72	4	15033	115	0	15224
5595	14614	6	113	87	0	14820
5596	14934	6	89	15	0	15044
5597	194	15284	18	35	0	15531
5598	15341	120	13	16	0	15490
5599	15510	98	8	24	0	15640
5600	222	17	17	15357	0	15613
5601	114	17	14	15436	0	15581
5602	37	4	11	16043	0	16095
5603	15864	19	11	240	0	16134
5604	16004	6	8	127	0	16145
5605	246	8	16054	35	0	16343
5606	15825	10	140	19	0	15994
5607	15822	17	105	21	0	15965
5608	15951	11	32	26	0	16020
5609	270	17	15665	32	0	15984
5610	138	6	15779	21	0	15944
5611	33	11	232	15773	0	16049
5612	41	4	16159	144	0	16348
5613	26	8	169	15728	0	15931
5614	45	36	132	14725	0	14938
5615	31	16204	30	222	0	16487
5616	16220	133	30	124	0	16507
5617	172	121	16307	44	0	16644
5618	16334	23	146	31	0	16534
5619	187	21	119	16618	0	16945
5620	16381	16	37	176	0	16610
5621	194	16264	26	144	0	16628
5622	148	16574	20	114	0	16856
5623	55	263	28	16500	0	16846
5624	66	137	16	16670	0	16889
5625	60	29	16597	298	0	16984
5626	61	10	172	16496	0	16739
5627	16237	19	133	207	0	16596
5628	191	16379	43	197	0	16810
5629	178	160	16360	66	0	16764
5630	84	119	181	16215	0	16599
5631	74	31	16526	182	0	16813
5632	58	34	193	16370	0	16655
5633	78	18	16473	201	0	16770
5634	73	21	15969	160	0	16223
5635	59	23	297	15762	0	16141
5636	15835	34	165	228	0	16262
5637	15394	26	81	145	0	15646
5638	15458	32	54	57	0	15601
5639	303	15335	43	85	0	15766
5640	15378	166	52	51	0	15647
5641	15186	133	32	67	0	15418
5642	311	45	15133	57	0	15546
5643	173	15061	173	68	0	15475
5644	109	198	138	14772	0	15217
5645	14814	139	46	202	0	15201
5646	211	14854	38	173	0	15276
5647	15133	184	45	75	0	15437
5648	15025	144	54	65	0	15288
5649	14862	49	34	84	0	15029
5650	14816	37	33	69	0	14955
5651	307	42	59	14559	0	14967
5652	14769	29	57	204	0	15059
5653	227	38	43	14623	0	14931
5654	175	14463	61	256	0	14955
5655	93	161	48	14609	0	14911
5656	14475	122	60	205	0	14862
5657	227	39	14459	163	0	14888
5658	189	25	176	14343	0	14733
5659	14267	23	153	197	0	14640
5660	218	14168	62	176	0	14624
5661	14101	161	50	99	0	14411
5662	14165	123	49	59	0	14396
5663	337	14251	59	73	0	14720
5664	14124	180	90	47	0	14441
5665	248	136	13552	61	0	13997
5666	203	46	13352	52	0	13653
5667	13101	34	261	65	0	13461
5668	232	34	13295	52	0	13613
5669	172	48	154	12034	0	12408
5670	102	12322	116	168	0	12708
5671	12417	139	47	120	0	12723
5672	188	12367	45	76	0	12676
5673	182	12408	46	76	0	12712
5674	96	227	52	12476	0	12851
5675	125	113	53	12172	0	12463
5676	94	47	37	12095	0	12273
5677	84	36	45	12102	0	12267
5678	74	35	11853	268	0	12230
5679	81	38	139	11620	0	11878
5680	66	38	119	11673	0	11896
5681	11488	48	30	246	0	11812
5682	177	39	46	11569	0	11831
5683	154	36	11328	179	0	11697
5684	11032	25	151	133	0	11341
5685	171	46	114	11108	0	11439
5686	147	37	11571	154	0	11909
5687	95	57	144	11132	0	11428
5688	61	11636	132	150	0	11979
5689	11499	148	62	112	0	11821
5690	193	101	11160	50	0	11504
5691	116	9680	102	37	0	9935
5692	8666	83	136	19	0	8904
5693	83	7850	26	25	0	7984
5694	47	6859	11	18	0	6935
5695	6760	65	75	17	0	6917
5696	46	6657	26	20	0	6749
5697	29	6342	10	18	0	6399
5698	64	66	36	6232	0	6398
5699	24	26	6198	37	0	6285
5700	13	6246	36	31	0	6326
5701	19	64	16	5911	0	6010
5702	18	5901	10	28	0	5957
5703	5797	25	8	19	0	5849
5704	30	20	5799	10	0	5859
5705	25	8	23	5731	0	5787
5706	5939	8	15	26	0	5988
5707	32	5	7	5959	0	6003
5708	19	12	6009	32	0	6072
5709	5743	13	21	23	0	5800
5710	5881	7	19	14	0	5921
5711	43	6224	11	14	0	6292
5712	26	26	15	6131	0	6198
5713	11	23	2	6253	0	6289
5714	6343	6	6	43	0	6398
5715	6068	12	8	20	0	6108
5716	52	10	6428	11	0	6501
5717	26	6330	30	17	0	6403
5718	6206	24	12	5	0	6247
5719	25	20	3	6130	0	6178
5720	15	4	6334	28	0	6381
5721	9	2	6210	18	0	6239
5722	21	45	38	6020	0	6124
5723	6098	2	12	20	0	6132
5724	16	6110	4	22	0	6152
5725	6673	19	4	6	0	6702
5726	22	11	3	6671	0	6707
5727	12	5	2	6758	0	6777
5728	8	2	2	6858	0	6870
5729	6851	5	2	27	0	6885
5730	15	6989	5	19	0	7028
5731	9	17	4	7084	0	7114
5732	6	16	1	7056	0	7079
5733	9	4	7138	25	0	7176
5734	2	2	17	6959	0	6980
5735	3	3	7191	26	0	7223
5736	3	7066	19	15	0	7103
5737	7	28	10	7048	0	7093
5738	6939	9	7	12	0	6967
5739	17	4	7058	10	0	7089
5740	10	1	15	7028	0	7054
5741	5	1	7097	17	0	7120
5742	6704	0	18	13	0	6735
5743	16	5	7211	5	0	7237
5744	12	22	19	7003	0	7056
5745	7105	1	9	18	0	7133
5746	15	6647	7	18	0	6687
5747	6966	15	3	7	0	6991
5748	22	6872	5	9	0	6908
5749	8	13	2	7270	0	7293
5750	3	12	7337	15	0	7367
5751	6	3	7463	13	0	7485
5752	1	2	22	7399	0	7424
5753	7664	2	9	22	0	7697
5754	7412	2	7	17	0	7438
5755	21	3	2	7625	0	7651
5756	13	2	2	7679	0	7696
5757	7634	1	3	26	0	7664
5758	13	7675	1	26	0	7715
5759	10	7973	4	17	0	8004
5760	8134	22	0	5	0	8161
5761	16	11	8221	3	0	8251
5762	11	7	13	8032	0	8063
5763	8	0	8115	22	0	8145
5764	12	2	15	7989	0	8018
5765	16	2	8205	18	0	8241
5766	4	3	8165	17	0	8189
5767	2	7	26	8155	0	8190
5768	11	7886	17	19	0	7933
5769	8209	14	9	23	0	8255
5770	15	8204	10	13	0	8242
5771	15	20	7	8180	0	8222
5772	8339	15	2	27	0	8383
5773	25	5	2	8332	0	8364
5774	8436	6	5	22	0	8469
5775	8317	2	5	22	0	8346
5776	8392	3	6	17	0	8418
5777	31	8416	7	28	0	8482
5778	8605	15	4	14	0	8638
5779	25	19	2	8793	0	8839
5780	9062	9	4	26	0	9101
5781	23	5	4	9313	0	9345
5782	9298	4	4	50	0	9356
5783	9330	4	9	31	0	9374
5784	54	9454	5	24	0	9537
5785	31	35	8	10194	0	10268
5786	11	33	18	9911	0	9973
5787	5	10562	8	118	0	10693
5788	15	49	5	10851	0	10920
5789	10854	57	11	83	0	11005
5790	11245	13	9	67	0	11334
5791	11292	7	6	22	0	11327
5792	122	7	12306	16	0	12451
5793	12402	3	67	10	0	12482
5794	12781	9	60	18	0	12868
5795	13080	4	19	15	0	13118
5796	139	13086	12	38	0	13275
5797	94	64	11	12911	0	13080
5798	27	75	3	13220	0	13325
5799	19	14	6	13114	0	13153
5800	18	10	13004	160	0	13192
5801	12	11	73	13087	0	13183
5802	13160	5	74	110	0	13349
5803	81	11	20	13177	0	13289
5804	90	7	7	13640	0	13744
5805	34	9	13657	177	0	13877
5806	21	13600	91	136	0	13848
5807	13894	91	77	38	0	14100
5808	104	86	17	13881	0	14088
5809	14133	18	12	106	0	14269
5810	125	18	14022	90	0	14255
5811	13180	9	103	33	0	13325
5812	125	14411	80	49	0	14665
5813	109	98	14393	25	0	14625
5814	56	87	14300	15	0	14458
5815	38	71	173	13606	0	13888
5816	47	13	14724	102	0	14886
5817	27	14658	104	98	0	14887
5818	34	94	97	14058	0	14283
5819	23	75	26	14363	0	14487
5820	25	19	11	14659	0	14714
5821	14535	16	9	171	0	14731
5822	97	14635	9	141	0	14882
5823	91	94	8	14743	0	14936
5824	37	79	8	14988	0	15112
5825	14574	20	13	175	0	14782
5826	103	14674	15	159	0	14951
5827	14986	92	11	63	0	15152
5828	14819	81	14	47	0	14961
5829	14754	24	14	49	0	14841
5830	192	31	14846	28	0	15097
5831	105	22	99	14343	0	14569
5832	54	14651	80	120	0	14905
5833	43	14731	38	128	0	14940
5834	59	173	24	14683	0	14939
5835	50	15146	35	107	0	15338
5836	16042	109	25	89	0	16265
5837	110	96	16095	40	0	16341
5838	15648	31	97	45	0	15821
5839	16041	19	92	48	0	16200
5840	210	24	34	16283	0	16551
5841	16322	43	31	121	0	16517
5842	130	17381	26	156	0	17693
5843	17948	108	18	92	0	18166
5844	17842	93	32	79	0	18046
5845	19526	43	37	63	0	19669
5846	275	32	19818	66	0	20191
5847	213	74	20130	53	0	20470
5848	110	37	221	19927	0	20295
5849	77	19756	168	198	0	20199
5850	76	20325	71	185	0	20657
5851	62	258	40	20028	0	20388
5852	20312	165	31	189	0	20697
5853	164	69	25	20206	0	20464
5854	183	44	36	20532	0	20795
5855	20444	33	61	306	0	20844
5856	181	20763	50	258	0	21252
5857	183	174	20826	121	0	21304
5858	124	154	20389	113	0	20780
5859	20790	68	260	87	0	21205
5860	197	72	177	20437	0	20883
5861	196	40	20961	176	0	21373
5862	122	52	157	20565	0	20896
5863	110	48	165	20078	0	20401
5864	108	35	90	20977	0	21210
5865	84	52	53	20644	0	20833
5866	89	20623	55	340	0	21107
5867	60	169	86	20846	0	21161
5868	20644	172	57	241	0	21114
5869	173	20651	63	250	0	21137
5870	21214	141	71	132	0	21558
5871	21180	178	52	94	0	21504
5872	21288	69	54	105	0	21516
5873	333	58	21127	98	0	21616
5874	20912	87	146	96	0	21241
5875	21190	59	189	82	0	21520
5876	21163	81	81	93	0	21418
5877	21373	73	46	100	0	21592
5878	333	21244	68	106	0	21751
5879	21250	163	43	86	0	21542
5880	225	176	21178	73	0	21652
5881	190	78	134	20611	0	21013
5882	107	55	159	21025	0	21346
5883	21331	52	70	244	0	21697
5884	179	21111	55	246	0	21591
5885	20579	123	36	114	0	20852
5886	170	20838	32	91	0	21131
5887	20281	113	31	40	0	20465
5888	19926	110	27	39	0	20102
5889	214	21609	40	57	0	21920
5890	21706	101	16	27	0	21850
5891	22386	109	35	28	0	22558
5892	269	21466	31	49	0	21815
5893	172	22066	21	62	0	22321
5894	23574	243	81	28	0	23926
5895	222	178	19	24092	0	24511
5896	24432	57	19	196	0	24704
5897	24879	48	6	163	0	25096
5898	25462	29	11	63	0	25565
5899	25838	16	45	29	0	25928
5900	440	25130	18	41	0	25629
5901	249	25716	19	47	0	26031
5902	25796	329	17	49	0	26191
5903	239	209	25963	25	0	26436
5904	203	89	183	25054	0	25529
5905	63	27	184	25626	0	25900
5906	25531	19	55	359	0	25964
5907	189	25461	22	239	0	25911
5908	204	181	21	24889	0	25295
5909	60	189	10	25651	0	25910
5910	25551	57	9	370	0	25987
5911	202	37	9	25708	0	25956
5912	25454	25	17	261	0	25757
5913	25218	25	20	219	0	25482
5914	25612	25	23	71	0	25731
5915	430	25	17	25365	0	25837
5916	268	31	21	25339	0	25659
5917	124	33	27188	372	0	27717
5918	68	30	26806	257	0	27161
5919	27061	20	483	86	0	27650
5920	277	15	314	27863	0	28469
5921	317	27	30052	291	0	30687
5922	115	19	30118	306	0	30558
5923	67	28	595	30181	0	30871
5924	94	32	30485	321	0	30932
5925	63	41	370	29682	0	30156
5926	69	35	369	29812	0	30285
5927	85	27	30393	647	0	31152
5928	69	28	320	29968	0	30385
5929	84	40	388	29530	0	30042
5930	79	28	96	30902	0	31105
5931	94	64	30337	744	0	31239
5932	93	33	291	31113	0	31530
5933	30765	42	341	421	0	31569
5934	358	30817	99	450	0	31724
5935	31244	316	45	138	0	31743
5936	491	377	30324	67	0	31259
5937	30501	121	323	61	0	31006
5938	30527	44	379	54	0	31004
5939	30630	53	136	64	0	30883
5940	832	48	56	29686	0	30622
5941	523	64	60	30040	0	30687
5942	219	42	28614	721	0	29596
5943	27399	44	334	509	0	28286
5944	425	27910	396	187	0	28918
5945	391	25713	111	114	0	26329
5946	162	26564	59	130	0	26915
5947	202	645	69	25449	0	26365
5948	24974	414	59	366	0	25813
5949	25022	110	65	390	0	25587
5950	677	38	24824	166	0	25705
5951	469	32	319	24691	0	25511
5952	161	47	368	24844	0	25420
5953	110	54	24702	676	0	25542
5954	132	41	24201	510	0	24884
5955	24080	41	643	181	0	24945
5956	359	24323	424	178	0	25284
5957	24618	315	145	137	0	25215
5958	24504	330	90	117	0	25041
5959	701	103	87	23770	0	24661
5960	504	47	70	24484	0	25105
5961	24000	31	87	691	0	24809
5962	417	55	69	24075	0	24616
5963	453	53	90	24082	0	24678
5964	23814	38	109	748	0	24709
5965	450	37	105	24221	0	24813
5966	24172	35	107	498	0	24812
5967	24128	47	105	455	0	24735
5968	716	57	23891	246	0	24910
5969	24029	46	378	201	0	24654
5970	23635	51	447	167	0	24300
5971	23751	51	191	196	0	24189
5972	770	41	22773	208	0	23792
5973	22953	35	421	197	0	23606
5974	490	22736	419	225	0	23870
5975	23208	316	201	210	0	23935
5976	23142	341	145	203	0	23831
5977	732	108	118	22836	0	23794
5978	538	52	120	22823	0	23533
5979	236	22796	165	770	0	23967
5980	199	320	102	22925	0	23546
5981	183	357	105	23087	0	23732
5982	22601	131	132	795	0	23659
5983	481	60	134	22738	0	23413
5984	488	57	133	22689	0	23367
5985	286	62	110	22523	0	22981
5986	197	21710	135	834	0	22876
5987	21309	334	124	559	0	22326
5988	462	21670	143	299	0	22574
5989	20055	390	96	192	0	20733
5990	560	352	19257	165	0	20334
5991	18251	111	339	171	0	18872
5992	482	65	18367	181	0	19095
5993	416	17454	351	204	0	18425
5994	15767	304	570	132	0	16773
5995	15138	290	180	162	0	15770
5996	543	14657	81	134	0	15415
5997	401	14278	74	116	0	14869
5998	13823	415	103	84	0	14425
5999	13776	295	63	134	0	14268
6000	526	96	57	13593	0	14272
6001	453	54	77	13763	0	14347
6002	188	51	13584	467	0	14290
6003	13289	45	195	374	0	13903
6004	299	72	243	13185	0	13799
6005	344	13374	132	260	0	14110
6006	215	196	66	13426	0	13903
6007	163	258	45	13440	0	13906
6008	155	137	13070	450	0	13812
6009	166	84	191	13218	0	13659
6010	13006	61	232	317	0	13616
6011	260	12825	94	374	0	13553
6012	344	12749	55	197	0	13345
6013	12773	370	54	111	0	13308
6014	12489	293	83	137	0	13002
6015	12701	106	60	105	0	12972
6016	518	12267	66	115	0	12966
6017	246	10275	53	98	0	10672
6018	10773	245	58	63	0	11139
6019	10740	186	51	67	0	11044
6020	310	10410	65	57	0	10842
6021	103	7970	17	17	0	8107
6022	7762	125	42	33	0	7962
6023	111	78	6	7645	0	7840
6024	7712	20	20	83	0	7835
6025	106	18	9	7659	0	7792
6026	88	7753	8	87	0	7936
6027	45	7733	12	81	0	7871
6028	7980	123	34	36	0	8173
6029	8057	80	15	34	0	8186
6030	8264	27	14	26	0	8331
6031	160	8292	16	27	0	8495
6032	86	79	7692	19	0	7876
6033	39	7606	65	15	0	7725
6034	7277	81	90	12	0	7460
6035	6902	49	17	25	0	6993
6036	120	15	7012	8	0	7155
6037	53	6800	55	15	0	6923
6038	23	59	43	6704	0	6829
6039	17	47	6	6474	0	6544
6040	15	6554	7	102	0	6678
6041	22	57	6641	42	0	6762
6042	6680	45	53	8	0	6786
6043	65	23	35	6802	0	6925
6044	6811	17	11	55	0	6894
6045	6816	9	9	40	0	6874
6046	127	14	7	6906	0	7054
6047	57	9	7	7234	0	7307
6048	29	7	8	7401	0	7445
6049	17	18	4	7530	0	7569
6050	7362	28	6	119	0	7515
6051	7389	15	9	68	0	7481
6052	129	11	7525	24	0	7689
6053	79	9	56	7441	0	7585
6054	33	11	54	7502	0	7600
6055	17	13	19	7611	0	7660
6056	18	14	7477	137	0	7646
6057	30	9	56	7378	0	7473
6058	7327	9	51	89	0	7476
6059	77	21	14	7370	0	7482
6060	72	15	7417	80	0	7584
6061	31	10	62	7503	0	7606
6062	26	8	7642	85	0	7761
6063	7625	18	69	67	0	7779
6064	84	16	57	7655	0	7812
6065	7681	16	24	75	0	7796
6066	7550	19	13	77	0	7659
6067	142	13	4	7543	0	7702
6068	7761	9	6	81	0	7857
6069	101	11	12	7650	0	7774
6070	71	8018	12	108	0	8209
6071	8224	79	15	75	0	8393
6072	8230	61	10	40	0	8341
6073	8442	26	3	29	0	8500
6074	160	13	12	8331	0	8516
6075	94	17	18	8295	0	8424
6076	41	11	7	8474	0	8533
6077	29	9	8208	175	0	8421
6078	33	8179	75	108	0	8395
6079	22	85	71	8037	0	8215
6080	35	70	8083	104	0	8292
6081	7966	17	82	78	0	8143
6082	96	13	64	8048	0	8221
6083	85	12	7999	100	0	8196
6084	8043	7	79	84	0	8213
6085	89	9	72	8129	0	8299
6086	81	10	25	8165	0	8281
6087	44	6	14	8314	0	8378
6088	8271	11	11	168	0	8461
6089	8267	20	20	99	0	8406
6090	8269	6	22	51	0	8348
6091	155	8119	18	43	0	8335
6092	90	8137	19	39	0	8285
6093	8164	109	24	31	0	8328
6094	104	60	8151	41	0	8356
6095	75	20	73	7981	0	8149
6096	55	13	71	8105	0	8244
6097	8007	9	19	144	0	8179
6098	7687	7	14	106	0	7814
6099	138	7807	16	54	0	8015
6100	86	69	15	7895	0	8065
6101	48	58	7866	88	0	8060
6102	54	15	8014	80	0	8163
6103	48	11	111	7965	0	8135
6104	47	9	70	8072	0	8198
6105	8008	6	20	161	0	8195
6106	86	6	15	8064	0	8171
6107	8380	7	21	116	0	8524
6108	8301	11	20	95	0	8427
6109	137	15	8543	57	0	8752
6110	8385	9	81	42	0	8517
6111	8335	16	72	33	0	8456
6112	8430	12	26	45	0	8513
6113	137	8407	25	65	0	8634
6114	90	8403	24	58	0	8575
6115	45	136	20	8350	0	8551
6116	37	55	8301	117	0	8510
6117	41	8087	60	97	0	8285
6118	56	120	53	7339	0	7568
6119	37	51	27	7108	0	7223
6120	42	7208	16	94	0	7360
6121	7235	51	16	72	0	7374
6122	7165	47	22	40	0	7274
6123	119	20	7479	23	0	7641
6124	7336	9	58	39	0	7442
6125	77	13	7329	39	0	7458
6126	6797	7	62	42	0	6908
6127	83	13	7107	39	0	7242
6128	60	6733	50	28	0	6871
6129	59	46	54	6258	0	6417
6130	29	32	23	6308	0	6392
6131	6384	11	16	66	0	6477
6132	6334	5	17	47	0	6403
6133	6270	9	12	30	0	6321
6134	66	10	6617	29	0	6722
6135	48	10	29	6615	0	6702
6136	33	9	29	6698	0	6769
6137	6717	8	20	70	0	6815
6138	53	6838	12	56	0	6959
6139	7174	27	11	41	0	7253
6140	59	31	11	7353	0	7454
6141	54	18	11	7554	0	7637
6142	38	10	13	7546	0	7607
6143	25	16	12	7556	0	7609
6144	21	26	13	7557	0	7617
6145	17	7491	14	80	0	7602
6146	16	7285	15	56	0	7372
6147	14	7072	10	20	0	7116
6148	17	40	16	7032	0	7105
6149	12	16	6968	34	0	7030
6150	6421	8	18	21	0	6468
6151	22	7269	19	18	0	7328
6152	21	18	8	7278	0	7325
6153	19	13	7	7344	0	7383
6154	7457	3	8	36	0	7504
6155	7194	2	10	20	0	7226
6156	7311	6	9	15	0	7341
6157	35	6	4	7912	0	7957
6158	30	2	7990	36	0	8058
6159	13	6	8482	24	0	8525
6160	11	9	30	8506	0	8556
6161	13	2	8586	36	0	8637
6162	8002	1	24	20	0	8047
6163	33	4	14	8389	0	8440
6164	27	7	8442	25	0	8501
6165	11	6	21	8284	0	8322
6166	9	5	8979	31	0	9024
6167	6	8	9834	21	0	9869
6168	7	20	32	10449	0	10508
6169	9	5	11314	29	0	11357
6170	14	4	11114	28	0	11160
6171	4	11119	57	27	0	11207
6172	20	50	38	11159	0	11267
6173	11674	28	16	31	0	11749
6174	28	12	5	11615	0	11660
6175	31	3	4	11928	0	11966
6176	21	2	12022	59	0	12104
6177	11029	2	41	51	0	11123
6178	29	10	30	12087	0	12156
6179	33	5	11	12237	0	12286
6180	12142	2	3	70	0	12217
6181	29	2	3	12249	0	12283
6182	12348	4	5	52	0	12409
6183	12164	4	3	47	0	12218
6184	12146	1	4	35	0	12186
6185	65	12251	3	14	0	12333
6186	12385	26	3	13	0	12427
6187	38	12334	8	12	0	12392
6188	31	43	5	12370	0	12449
6189	12456	32	4	33	0	12525
6190	36	12479	4	65	0	12584
6191	12544	31	15	33	0	12623
6192	45	12590	6	38	0	12679
6193	12412	41	5	24	0	12482
6194	42	12499	12	24	0	12577
6195	43	12711	7	20	0	12781
6196	15	13310	8	36	0	13369
6197	6	81	7	13058	0	13152
6198	9	13425	7	45	0	13486
6199	9	42	5	13356	0	13412
6200	10	70	8	13260	0	13348
6201	11	16	5	13280	0	13312
6202	7	8	4	13381	0	13400
6203	13349	5	4	93	0	13451
6204	13258	7	13	65	0	13343
6205	82	3	13499	24	0	13608
6206	13728	5	36	12	0	13781
6207	14266	6	42	12	0	14326
6208	14927	7	15	15	0	14964
6209	145	9	15059	27	0	15240
6210	99	7	15271	9	0	15386
6211	15171	12	138	15	0	15336
6212	120	13	16285	21	0	16439
6213	84	17272	104	29	0	17489
6214	32	104	78	17417	0	17631
6215	17887	86	24	114	0	18111
6216	17779	25	22	98	0	17924
6217	18067	11	14	46	0	18138
6218	213	13	18	18123	0	18367
6219	111	10	14	18318	0	18453
6220	36	17	18681	213	0	18947
6221	18	9	122	18557	0	18706
6222	24	14	104	18843	0	18985
6223	18677	10	29	225	0	18941
6224	131	18959	13	153	0	19256
6225	19192	114	15	51	0	19372
6226	148	118	14	19175	0	19455
6227	19147	26	25	145	0	19343
6228	18738	14	24	140	0	18916
6229	18427	10	33	44	0	18514
6230	233	18798	22	47	0	19100
6231	132	19131	20	24	0	19307
6232	48	224	19	19273	0	19564
6233	19299	119	24	142	0	19584
6234	146	32	20	19134	0	19332
6235	135	27	15	19271	0	19448
6236	67	32	19272	242	0	19613
6237	51	27	130	19175	0	19383
6238	37	22	122	19049	0	19230
6239	45	24	36	19142	0	19247
6240	75	18	18904	274	0	19271
6241	67	20	18574	175	0	18836
6242	52	18744	202	99	0	19097
6243	18865	120	116	60	0	19161
6244	167	119	35	18942	0	19263
6245	170	34	19281	151	0	19636
6246	77	25	130	19045	0	19277
6247	70	34	114	20024	0	20242
6248	20038	36	32	242	0	20348
6249	19818	35	28	159	0	20040
6250	257	20017	32	78	0	20384
6251	19901	136	27	47	0	20111
6252	19700	127	34	40	0	19901
6253	269	51	27	19745	0	20092
6254	171	37	19836	152	0	20196
6255	67	19962	127	159	0	20315
6256	19849	136	118	71	0	20174
6257	19855	135	42	53	0	20085
6258	260	20450	27	91	0	20828
6259	196	146	16	21027	0	21385
6260	21441	135	32	211	0	21819
6261	21454	37	35	197	0	21723
6262	325	29	27	21676	0	22057
6263	22168	34	33	249	0	22484
6264	22893	45	31	197	0	23166
6265	23203	44	32	106	0	23385
6266	435	41	24010	73	0	24559
6267	247	23297	222	86	0	23852
6268	104	23297	156	82	0	23639
6269	22587	351	50	84	0	23072
6270	305	23094	30	77	0	23506
6271	195	269	22893	82	0	23439
6272	100	170	246	22727	0	23243
6273	22522	51	160	299	0	23032
6274	290	34	49	22603	0	22976
6275	22629	46	37	307	0	23019
6276	22466	33	30	204	0	22733
6277	22442	39	35	88	0	22604
6278	460	22151	32	84	0	22727
6279	222	23099	40	91	0	23452
6280	22871	382	42	78	0	23373
6281	22568	197	43	85	0	22893
6282	23001	59	43	98	0	23201
6283	467	44	27	22706	0	23244
6284	22647	36	33	310	0	23026
6285	323	22237	44	253	0	22857
6286	228	22834	30	132	0	23224
6287	131	390	38	22643	0	23202
6288	98	201	22497	324	0	23120
6289	93	68	22453	227	0	22841
6290	105	50	380	22353	0	22888
6291	87	47	22652	296	0	23082
6292	117	53	270	22540	0	22980
6293	22600	55	166	321	0	23142
6294	335	53	64	22579	0	23031
6295	22397	51	38	313	0	22799
6296	341	21867	38	223	0	22469
6297	283	276	22189	100	0	22848
6298	140	185	255	21704	0	22284
6299	104	94	171	22236	0	22605
6300	119	72	22277	435	0	22903
6301	120	65	255	21671	0	22111
6302	119	22116	182	320	0	22737
6303	124	271	56	22162	0	22613
6304	119	187	49	22345	0	22700
6305	117	74	52	23235	0	23478
6306	124	70	23142	492	0	23828
6307	112	72	22156	230	0	22570
6308	20588	47	422	98	0	21155
6309	356	57	21073	72	0	21558
6310	215	20878	283	81	0	21457
6311	20448	240	195	63	0	20946
6312	302	20618	52	76	0	21048
6313	19768	263	55	46	0	20132
6314	19523	141	59	48	0	19771
6315	19081	55	32	53	0	19221
6316	19332	47	33	46	0	19458
6317	376	18889	38	83	0	19386
6318	199	19105	25	83	0	19412
6319	19077	337	40	59	0	19513
6320	290	146	18675	111	0	19222
6321	195	101	234	18200	0	18730
6322	107	49	136	18676	0	18968
6323	109	45	18631	387	0	19172
6324	17546	49	252	170	0	18017
6325	18390	51	151	75	0	18667
6326	18236	53	60	71	0	18420
6327	396	18100	40	87	0	18623
6328	18763	255	60	58	0	19136
6329	296	162	65	18263	0	18786
6330	181	19420	56	248	0	19905
6331	19601	261	66	175	0	20103
6332	19490	167	51	102	0	19810
6333	20949	79	51	84	0	21163
6334	469	61	68	20504	0	21102
6335	270	68	42	20524	0	20904
6336	139	20454	45	431	0	21069
6337	114	306	20587	230	0	21237
6338	151	197	266	20276	0	20890
6339	145	99	182	19726	0	20152
6340	126	68	98	20960	0	21252
6341	135	49	20697	473	0	21354
6342	20252	65	290	242	0	20849
6343	377	71	187	20753	0	21388
6344	262	79	20802	326	0	21469
6345	161	89	288	20541	0	21079
6346	20888	73	190	342	0	21493
6347	360	20740	93	229	0	21422
6348	255	327	81	21036	0	21699
6349	145	188	21089	364	0	21786
6350	20116	91	333	248	0	20788
6351	20841	73	206	121	0	21241
6352	519	58	20890	124	0	21591
6353	303	85	332	19467	0	20187
6354	125	20576	216	311	0	21228
6355	20727	351	100	228	0	21406
6356	361	195	20515	139	0	21210
6357	20081	73	390	132	0	20676
6358	405	81	19820	103	0	20409
6359	287	47	18586	96	0	19016
6360	17683	51	413	88	0	18235
6361	323	18346	204	114	0	18987
6362	307	243	18157	95	0	18802
6363	100	17570	258	124	0	18052
6364	163	269	16898	85	0	17415
6365	85	16699	221	76	0	17081
6366	15589	225	202	69	0	16085
6367	212	118	15278	77	0	15685
6368	182	40	15041	70	0	15333
6369	73	36	14709	47	0	14865
6370	13689	69	352	42	0	14152
6371	13837	23	134	35	0	14029
6372	209	19	49	13673	0	13950
6373	110	20	14235	141	0	14506
6374	59	14	14419	122	0	14614
6375	14194	23	226	50	0	14493
6376	165	22	118	14435	0	14740
6377	14421	20	59	162	0	14662
6378	14418	18	63	98	0	14597
6379	236	35	39	13873	0	14183
6380	139	14059	45	138	0	14381
6381	76	139	47	14009	0	14271
6382	69	95	29	14155	0	14348
6383	73	49	14150	210	0	14482
6384	74	13999	163	119	0	14355
6385	66	14248	111	57	0	14482
6386	54	208	55	13905	0	14222
6387	61	113	14094	153	0	14421
6388	60	14071	168	125	0	14424
6389	59	155	14165	45	0	14424
6390	13607	103	190	52	0	13952
6391	13979	36	137	58	0	14210
6392	223	39	14029	54	0	14345
6393	13708	34	179	42	0	13963
6394	197	47	141	13835	0	14220
6395	141	14407	69	159	0	14776
6396	77	148	83	14569	0	14877
6397	14210	102	72	155	0	14539
6398	14210	38	72	121	0	14441
6399	14175	42	72	40	0	14329
6400	14020	29	97	51	0	14197
6401	252	14003	72	73	0	14400
6402	148	13893	84	80	0	14205
6403	13835	190	74	58	0	14157
6404	188	107	13918	48	0	14261
6405	121	385	137	13211	0	13854
6406	54	14087	106	112	0	14359
6407	70	115	54	13804	0	14043
6408	54	14322	45	116	0	14537
6409	57	124	66	14416	0	14663
6410	55	93	14614	135	0	14897
6411	14238	57	144	101	0	14540
6412	14267	44	118	53	0	14482
6413	185	52	14268	41	0	14546
6414	13990	42	136	44	0	14212
6415	14136	51	123	40	0	14350
6416	191	41	14139	49	0	14420
6417	129	47	150	13855	0	14181
6418	14043	39	122	115	0	14319
6419	166	29	14151	97	0	14443
6420	131	36	149	13816	0	14132
6421	80	21	14624	112	0	14837
6422	75	38	14527	98	0	14738
6423	14319	35	217	53	0	14624
6424	14589	44	126	45	0	14804
6425	14451	41	67	48	0	14607
6426	15004	26	62	44	0	15136
6427	229	38	44	14726	0	15037
6428	150	14374	39	126	0	14689
6429	80	14400	39	139	0	14658
6430	53	259	37	13706	0	14055
6431	13715	108	39	102	0	13964
6432	129	13508	42	92	0	13771
6433	70	12828	28	71	0	12997
6434	12747	126	31	30	0	12934
6435	102	92	32	12696	0	12922
6436	12784	25	28	94	0	12931
6437	99	12802	31	84	0	13016
6438	13004	81	20	34	0	13139
6439	116	77	13770	20	0	13983
6440	15084	30	112	31	0	15257
6441	15460	15	86	19	0	15580
6442	15913	16	42	22	0	15993
6443	230	26	15656	26	0	15938
6444	15930	16	116	28	0	16090
6445	153	16169	87	28	0	16437
6446	105	120	15898	14	0	16137
6447	47	149	136	14985	0	15317
6448	50	51	98	14240	0	14439
6449	17	15068	32	207	0	15324
6450	28	101	17	14897	0	15043
6451	21	99	11	15078	0	15209
6452	24	23	14968	172	0	15187
6453	14266	19	110	101	0	14496
6454	108	11	15020	34	0	15173
6455	92	9	107	14777	0	14985
6456	50	12	15085	100	0	15247
6457	19	21	104	14979	0	15123
6458	15130	16	92	108	0	15346
6459	15441	13	34	94	0	15582
6460	192	7	22	15643	0	15864
6461	125	14	15832	111	0	16082
6462	45	17	113	15800	0	15975
6463	39	16	15759	127	0	15941
6464	15322	15	135	103	0	15575
6465	15355	14	99	39	0	15507
6466	15030	32	35	24	0	15121
6467	15080	16	32	38	0	15166
6468	229	14896	31	27	0	15183
6469	145	129	20	14906	0	15200
6470	14660	106	33	133	0	14932
6471	139	14722	32	132	0	15025
6472	137	14849	25	68	0	15079
6473	70	201	14345	34	0	14650
6474	13911	125	138	42	0	14216
6475	14207	35	124	44	0	14410
6476	258	16	14161	33	0	14468
6477	165	19	137	13924	0	14245
6478	95	18	122	14067	0	14302
6479	84	38	14131	206	0	14459
6480	82	19	141	13965	0	14207
6481	14031	9	164	150	0	14354
6482	176	13	13899	132	0	14220
6483	179	17	14084	52	0	14332
6484	14029	11	221	56	0	14317
6485	174	18	14246	60	0	14498
6486	14041	29	156	42	0	14268
6487	172	13963	135	53	0	14323
6488	14151	116	57	35	0	14359
6489	191	119	41	13853	0	14204
6490	175	52	41	13942	0	14210
6491	14015	45	34	219	0	14313
6492	181	46	28	14082	0	14337
6493	14076	63	35	152	0	14326
6494	194	14183	34	137	0	14548
6495	168	125	29	13508	0	13830
6496	97	132	41	13761	0	14031
6497	13609	79	48	227	0	13963
6498	13377	48	40	154	0	13619
6499	13509	40	43	72	0	13664
6500	270	13309	42	68	0	13689
6501	186	13372	49	76	0	13683
6502	13371	205	41	58	0	13675
6503	197	123	13326	44	0	13690
6504	154	12966	153	66	0	13339
6505	11739	133	362	79	0	12313
6506	11078	90	82	46	0	11296
6507	10944	27	51	33	0	11055
6508	224	20	44	10824	0	11112
6509	10824	17	36	108	0	10985
6510	10608	20	33	96	0	10757
6511	204	13	41	10472	0	10730
6512	10609	31	27	111	0	10778
6513	144	24	10426	105	0	10699
6514	135	25	101	10346	0	10607
6515	91	28	90	10347	0	10556
6516	76	24	37	10600	0	10737
6517	10586	17	39	191	0	10833
6518	10634	18	23	132	0	10807
6519	10591	30	36	57	0	10714
6520	10592	16	29	55	0	10692
6521	10151	20	33	47	0	10251
6522	215	24	26	9869	0	10134
6523	139	24	31	9860	0	10054
6524	9771	16	35	173	0	9995
6525	138	9734	26	126	0	10024
6526	9651	90	39	38	0	9818
6527	153	66	9544	40	0	9803
6528	9655	33	111	32	0	9831
6529	9960	37	88	35	0	10120
6530	199	23	10600	39	0	10861
6531	10498	17	109	37	0	10661
6532	153	16	10745	39	0	10953
6533	123	22	10923	35	0	11103
6534	83	65	179	10898	0	11225
6535	73	17	114	11269	0	11473
6536	61	25	11333	191	0	11610
6537	63	12	11459	118	0	11652
6538	55	11212	172	53	0	11492
6539	54	10466	97	70	0	10687
6540	8379	131	147	32	0	8689
6541	77	8913	23	40	0	9053
6542	8379	64	46	20	0	8509
6543	71	8155	18	21	0	8265
6544	8041	65	14	14	0	8134
6545	76	49	7889	13	0	8027
6546	7754	19	66	7	0	7846
6547	78	22	41	7671	0	7812
6548	55	7859	11	63	0	7988
6549	35	55	16	7897	0	8003
6550	7852	47	9	63	0	7971
6551	7954	11	9	52	0	8026
6552	106	12	13	7973	0	8104
6553	69	6	7930	63	0	8068
6554	30	13	7828	54	0	7925
6555	21	7942	95	21	0	8079
6556	16	95	45	7827	0	7983
6557	24	46	7899	65	0	8034
6558	22	7554	60	54	0	7690
6559	35	93	58	7109	0	7295
6560	6	36	23	7189	0	7254
6561	6812	13	12	74	0	6911
6562	44	12	4	6833	0	6893
6563	38	2	6783	62	0	6885
6564	15	6	52	6749	0	6822
6565	6687	8	32	60	0	6787
6566	54	7	6826	39	0	6926
6567	6642	10	54	16	0	6722
6568	62	7024	36	24	0	7146
6569	7082	49	13	14	0	7158
6570	7084	35	17	10	0	7146
6571	88	15	6	6985	0	7094
6572	51	8	9	7011	0	7079
6573	16	6982	15	85	0	7098
6574	20	54	8	7100	0	7182
6575	6995	42	10	63	0	7110
6576	67	11	6989	42	0	7109
6577	44	9	52	6884	0	6989
6578	20	6923	37	63	0	7043
6579	13	54	10	6883	0	6960
6580	12	36	8	7022	0	7078
6581	6965	12	13	93	0	7083
6582	57	6911	16	49	0	7033
6583	40	55	7	6857	0	6959
6584	6771	39	9	62	0	6881
6585	63	18	12	6750	0	6843
6586	44	15	5	6839	0	6903
6587	7015	6	10	95	0	7126
6588	6877	8	10	53	0	6948
6589	91	11	7085	24	0	7211
6590	6949	6	61	23	0	7039
6591	6998	13	42	14	0	7067
6592	7093	12	16	27	0	7148
6593	92	6956	14	24	0	7086
6594	56	6759	10	20	0	6845
6595	27	87	8	6768	0	6890
6596	6828	39	19	60	0	6946
6597	6837	18	12	42	0	6909
6598	96	15	11	6839	0	6961
6599	59	12	7108	67	0	7246
6600	6981	21	53	44	0	7099
6601	7239	14	37	30	0	7320
6602	92	11	19	7159	0	7281
6603	62	17	15	7174	0	7268
6604	7213	9	8	100	0	7330
6605	78	7	11	7117	0	7213
6606	53	7298	17	83	0	7451
6607	32	57	8	7429	0	7526
6608	7417	44	16	69	0	7546
6609	70	18	7371	62	0	7521
6610	7020	15	54	30	0	7119
6611	85	11	7328	21	0	7445
6612	62	17	59	7268	0	7406
6613	7372	21	41	68	0	7502
6614	79	11	18	7408	0	7516
6615	60	12	9	7430	0	7511
6616	7353	8	14	114	0	7489
6617	76	8	7334	65	0	7483
6618	55	11	7786	35	0	7887
6619	33	7	88	7766	0	7894
6620	25	8	55	7974	0	8062
6621	22	12	22	8087	0	8143
6622	22	12	8258	108	0	8400
6623	8009	14	60	69	0	8152
6624	8286	11	51	38	0	8386
6625	8378	12	21	30	0	8441
6626	8410	8	12	29	0	8459
6627	104	8352	10	46	0	8512
6628	54	8458	9	47	0	8568
6629	29	8367	15	34	0	8445
6630	25	99	12	7385	0	7521
6631	20	54	11	7471	0	7556
6632	27	4	7291	57	0	7379
6633	17	6538	24	30	0	6609
6634	80	25	10	6088	0	6203
6635	5973	10	2	21	0	6006
6636	11	6080	1	31	0	6123
6637	12	13	0	6045	0	6070
6638	10	6213	2	30	0	6255
6639	6326	17	5	18	0	6366
6640	17	7	3	6288	0	6315
6641	18	3	6357	19	0	6397
6642	6	0	6393	23	0	6422
6643	5	15	38	6578	0	6636
6644	6	3	19	6650	0	6678
6645	4	3	7	6826	0	6840
6646	6887	1	3	50	0	6941
6647	37	1	6935	28	0	7001
6648	27	6905	26	17	0	6975
6649	5	33	18	6837	0	6893
6650	10	20	7030	31	0	7091
6651	1	7033	27	42	0	7103
6652	4	27	21	7166	0	7218
6653	5	21	7339	43	0	7408
6654	4	5	25	7155	0	7189
6655	2	3	21	7337	0	7363
6656	7386	0	6	51	0	7443
6657	7262	1	4	27	0	7294
6658	45	3	1	7347	0	7396
6659	7369	2	2	30	0	7403
6660	39	2	7453	26	0	7520
6661	26	1	25	7481	0	7533
6662	9	0	7636	36	0	7681
6663	4	4	33	7594	0	7635
6664	2	7582	23	33	0	7640
6665	6	7705	4	37	0	7752
6666	7	7846	7	15	0	7875
6667	13	55	7	7620	0	7695
6668	4	30	1	8393	0	8428
6669	2	8	8469	65	0	8544
6670	16	6	8631	33	0	8686
6671	8	4	9244	16	0	9272
6672	9366	8	74	10	0	9458
6673	47	2	43	10057	0	10149
6674	10409	1	10	66	0	10486
6675	74	10969	4	82	0	11129
6676	59	81	4	11188	0	11332
6677	11379	64	2	85	0	11530
6678	85	21	2	11401	0	11509
6679	11412	6	2	111	0	11531
6680	112	2	11714	73	0	11901
6681	69	11727	85	85	0	11966
6682	25	85	67	11864	0	12041
6683	11802	66	30	89	0	11987
6684	11853	26	11	74	0	11964
6685	147	9	7	11927	0	12090
6686	88	9	7	12007	0	12111
6687	11719	4	9	166	0	11898
6688	100	5	14	11696	0	11815
6689	78	6	11591	126	0	11801
6690	28	11596	91	92	0	11807
6691	14	86	79	11735	0	11914
6692	11637	77	34	105	0	11853
6693	11347	35	22	89	0	11493
6694	171	14	11935	48	0	12168
6695	99	11624	102	48	0	11873
6696	43	11898	81	41	0	12063
6697	34	174	37	11654	0	11899
6698	30	97	25	11905	0	12057
6699	34	40	15	11932	0	12021
6700	24	17	19	12049	0	12109
6701	37	11923	15	232	0	12207
6702	25	116	22	11963	0	12126
6703	30	95	14	12117	0	12256
6704	11928	36	18	218	0	12200
6705	11819	18	22	151	0	12010
6706	209	12070	15	69	0	12363
6707	12193	111	19	60	0	12383
6708	12076	97	15	48	0	12236
6709	12221	39	20	49	0	12329
6710	248	29	12068	45	0	12390
6711	132	20	117	11899	0	12168
6712	70	21	123	12238	0	12452
6713	51	26	12131	226	0	12434
6714	47	21	127	11892	0	12087
6715	38	29	112	11656	0	11835
6716	11924	28	45	229	0	12226
6717	128	32	11950	157	0	12267
6718	120	25	118	11529	0	11792
6719	11390	29	93	167	0	11679
6720	130	11404	33	163	0	11730
6721	11421	130	20	78	0	11649
6722	11218	104	18	67	0	11407
6723	221	11109	18	64	0	11412
6724	141	122	16	11121	0	11400
6725	11061	104	15	157	0	11337
6726	159	11037	18	138	0	11352
6727	136	128	20	11043	0	11327
6728	10768	111	19	153	0	11051
6729	10581	43	17	141	0	10782
6730	231	10523	22	80	0	10856
6731	10663	127	19	73	0	10882
6732	167	109	20	10532	0	10828
6733	10609	36	25	171	0	10841
6734	185	26	10449	151	0	10811
6735	135	22	136	10427	0	10720
6736	76	21	108	10391	0	10596
6737	10215	25	55	258	0	10553
6738	161	10017	29	201	0	10408
6739	9873	123	31	87	0	10114
6740	171	9942	22	80	0	10215
6741	137	143	9468	55	0	9803
6742	83	107	9246	62	0	9498
6743	108	111	170	8966	0	9355
6744	63	28	9120	132	0	9343
6745	58	65	112	9008	0	9243
6746	54	26	101	8741	0	8922
6747	62	31	31	9102	0	9226
6748	9025	27	25	228	0	9305
6749	8934	24	16	143	0	9117
6750	9221	30	13	60	0	9324
6751	240	9449	17	61	0	9767
6752	138	10034	12	64	0	10248
6753	104	232	10917	49	0	11302
6754	68	130	163	11141	0	11502
6755	51	57	11132	211	0	11451
6756	53	43	197	11014	0	11307
6757	68	30	142	11180	0	11420
6758	58	30	53	11360	0	11501
6759	54	31	10975	356	0	11416
6760	46	33	179	11034	0	11292
6761	10849	34	138	258	0	11279
6762	199	10779	55	173	0	11206
6763	149	173	48	10849	0	11219
6764	10776	136	33	222	0	11167
6765	10631	62	20	183	0	10896
6766	306	34	32	10498	0	10870
6767	175	32	18	10401	0	10626
6768	9773	13	14	310	0	10110
6769	206	18	11	9778	0	10013
6770	9044	14	17	210	0	9285
6771	194	24	11	8703	0	8932
6772	132	22	8200	193	0	8547
6773	52	7667	125	136	0	7980
6774	40	7661	93	57	0	7851
6775	81	221	126	6662	0	7090
6776	76	84	59	6772	0	6991
6777	6608	25	11	181	0	6825
6778	108	22	10	6666	0	6806
6779	82	13	13	6653	0	6761
6780	18	12	13	6212	0	6255
6781	22	6099	12	213	0	6346
6782	22	100	10	6231	0	6363
6783	16	73	17	6215	0	6321
6784	11	17	11	6311	0	6350
6785	5952	16	29	211	0	6208
6786	107	6040	15	119	0	6281
6787	83	105	9	6118	0	6315
6788	34	79	6	6112	0	6231
6789	35	21	7	6243	0	6306
6790	6009	22	10	203	0	6244
6791	127	9	7	5978	0	6121
6792	93	10	3	5999	0	6105
6793	31	20	5696	221	0	5968
6794	24	5568	95	122	0	5809
6795	21	114	82	5600	0	5817
6796	5384	70	18	132	0	5604
6797	99	5397	22	98	0	5616
6798	5213	88	13	38	0	5352
6799	5219	67	13	36	0	5335
6800	157	21	13	5081	0	5272
6801	78	22	7	5207	0	5314
6802	33	12	5211	165	0	5421
6803	31	8	82	5346	0	5467
6804	26	9	5247	139	0	5421
6805	17	10	94	5319	0	5440
6806	5007	15	69	134	0	5225
6807	90	5064	27	105	0	5286
6808	70	100	17	5202	0	5389
6809	25	66	17	5267	0	5375
6810	29	15	12	5231	0	5287
6811	23	20	11	5308	0	5362
6812	5064	15	12	204	0	5295
6813	89	4966	19	150	0	5224
6814	65	89	6	5161	0	5321
6815	5131	63	20	139	0	5353
6816	115	29	5086	110	0	5340
6817	5064	28	91	74	0	5257
6818	5161	21	67	63	0	5312
6819	169	26	5087	52	0	5334
6820	95	17	93	5163	0	5368
6821	5171	16	74	140	0	5401
6822	123	5308	22	118	0	5571
6823	5418	96	24	87	0	5625
6824	5464	71	14	68	0	5617
6825	5525	26	13	65	0	5629
6826	191	23	11	5405	0	5630
6827	114	21	12	5601	0	5748
6828	55	6077	13	203	0	6348
6829	58	108	20	6283	0	6469
6830	6225	87	11	174	0	6497
6831	127	30	6147	141	0	6445
6832	6123	29	109	75	0	6336
6833	6347	21	73	80	0	6521
6834	197	22	23	6088	0	6330
6835	110	18	15	6412	0	6555
6836	6337	11	12	219	0	6579
6837	6340	15	9	137	0	6501
6838	6361	31	15	87	0	6494
6839	183	18	6340	82	0	6623
6840	113	6328	92	66	0	6599
6841	6330	111	72	64	0	6577
6842	136	83	19	6281	0	6519
6843	102	6352	24	146	0	6624
6844	43	116	15	6442	0	6616
6845	6363	74	13	159	0	6609
6846	115	34	15	6542	0	6706
6847	94	33	6503	153	0	6783
6848	40	6381	85	133	0	6639
6849	39	6481	75	76	0	6671
6850	54	139	6070	53	0	6316
6851	5206	156	122	70	0	5554
6852	62	5228	53	50	0	5393
6853	85	54	40	3807	0	3986
6854	3745	12	8	21	0	3786
6855	23	3765	2	20	0	3810
6856	15	26	6	3756	0	3803
6857	3773	14	1	30	0	3818
6858	29	2	2	3762	0	3795
6859	3782	3	2	28	0	3815
6860	29	2	3870	27	0	3928
6861	23	3905	21	7	0	3956
6862	4025	22	13	10	0	4070
6863	3939	13	5	7	0	3964
6864	3961	3	3	7	0	3974
6865	48	4	3874	2	0	3928
6866	3839	3	20	7	0	3869
6867	3941	4	16	7	0	3968
6868	37	6	4	3911	0	3958
6869	3951	2	4	28	0	3985
6870	30	3914	3	20	0	3967
6871	24	24	4	3946	0	3998
6872	12	17	3945	26	0	4000
6873	11	5	23	3887	0	3926
6874	6	6	17	3965	0	3994
6875	3935	5	8	39	0	3987
6876	3893	5	4	27	0	3929
6877	43	6	3913	10	0	3972
6878	3867	2	23	14	0	3906
6879	36	4	3935	4	0	3979
6880	20	9	27	3911	0	3967
6881	9	4	3984	24	0	4021
6882	13	5	25	3920	0	3963
6883	5	3984	18	27	0	4034
6884	14	22	4097	23	0	4156
6885	15	17	4142	8	0	4182
6886	15	8	45	3820	0	3888
6887	4156	6	21	26	0	4209
6888	4134	3	7	22	0	4166
6889	4213	8	3	14	0	4238
6890	51	3	5	4130	0	4189
6891	36	3	3	4187	0	4229
6892	18	8	5	4185	0	4216
6893	10	3	5	4212	0	4230
6894	17	7	4108	49	0	4181
6895	9	11	24	4071	0	4115
6896	9	4025	19	33	0	4086
6897	14	25	11	4051	0	4101
6898	4079	19	5	34	0	4137
6899	35	8	4095	24	0	4162
6900	3889	4	33	17	0	3943
6901	37	6	4193	14	0	4250
6902	38	6	4109	9	0	4162
6903	14	4097	44	11	0	4166
6904	23	34	30	3842	0	3929
6905	8	18	11	4018	0	4055
6906	14	4010	20	51	0	4095
6907	4417	32	6	23	0	4478
6908	39	29	3	4647	0	4718
6909	40	6	7	4953	0	5006
6910	15	7	3	5290	0	5315
6911	5801	8	7	80	0	5896
6912	6157	4	9	48	0	6218
6913	97	3	7	6139	0	6246
6914	52	4	7	6143	0	6206
6915	6082	3	9	96	0	6190
6916	59	6	8	6077	0	6150
6917	46	9	5	6060	0	6120
6918	17	2	8	6208	0	6235
6919	17	2	6054	97	0	6170
6920	5812	2	45	59	0	5918
6921	5883	4	44	15	0	5946
6922	97	2	5778	12	0	5889
6923	62	40	43	5370	0	5515
6924	13	5656	48	43	0	5760
6925	5613	39	14	43	0	5709
6926	44	5642	12	14	0	5712
6927	41	5332	3	13	0	5389
6928	41	67	13	4937	0	5058
6929	4901	33	4	44	0	4982
6930	4988	12	3	35	0	5038
6931	70	1	3	4951	0	5025
6932	43	1	6	4887	0	4937
6933	11	2	3	4873	0	4889
6934	20	3	1	4873	0	4897
6935	18	1	4	4777	0	4800
6936	13	4744	4	86	0	4847
6937	7	38	2	4809	0	4856
6938	4726	29	4	59	0	4818
6939	4740	7	4	50	0	4801
6940	4758	2	4	29	0	4793
6941	75	4683	9	30	0	4797
6942	42	36	7	4674	0	4759
6943	21	32	4656	46	0	4755
6944	4555	20	43	41	0	4659
6945	50	32	32	4570	0	4684
6946	4501	8	15	45	0	4569
6947	4320	10	6	42	0	4378
6948	4364	12	5	13	0	4394
6949	77	11	6	4260	0	4354
6950	4279	14	2	47	0	4342
6951	51	12	2	4290	0	4355
6952	45	6	3	4311	0	4365
6953	4319	7	3	80	0	4409
6954	51	6	0	4349	0	4406
6955	4296	8	3	67	0	4374
6956	4295	5	2	57	0	4359
6957	78	5	2	4301	0	4386
6958	48	6	5	4300	0	4359
6959	31	4	1	4354	0	4390
6960	26	12	4108	92	0	4238
6961	36	7	4131	61	0	4235
6962	38	5	64	4017	0	4124
6963	23	8	36	4063	0	4130
6964	27	6	13	4089	0	4135
6965	33	13	9	4009	0	4064
6966	27	5	15	4099	0	4146
6967	4005	9	10	95	0	4119
6968	58	4001	13	64	0	4136
6969	59	38	21	4000	0	4118
6970	4037	37	7	54	0	4135
6971	70	15	9	4004	0	4098
6972	54	13	14	4005	0	4086
6973	3964	16	3	97	0	4080
6974	3927	24	6	55	0	4012
6975	96	16	3922	39	0	4073
6976	61	20	31	3944	0	4056
6977	34	24	3986	71	0	4115
6978	27	6	34	4017	0	4084
6979	41	2	33	3957	0	4033
6980	39	7	7	4011	0	4064
6981	25	6	3893	117	0	4041
6982	19	3852	34	93	0	3998
6983	21	3919	36	54	0	4030
6984	26	65	14	3818	0	3923
6985	3741	38	12	75	0	3866
6986	63	18	3727	67	0	3875
6987	61	6	3830	48	0	3945
6988	44	24	62	3768	0	3898
6989	42	7	37	3671	0	3757
6990	29	3866	12	92	0	3999
6991	31	44	13	3856	0	3944
6992	30	37	10	3936	0	4013
6993	39	9	14	3992	0	4054
6994	3961	6	7	92	0	4066
6995	3937	10	4	75	0	4026
6996	99	7	6	4012	0	4124
6997	73	4007	10	71	0	4161
6998	38	34	5	4024	0	4101
6999	3909	30	11	80	0	4030
7000	65	3981	10	74	0	4130
7001	49	31	10	3797	0	3887
7002	26	3861	9	68	0	3964
7003	3779	29	11	74	0	3893
7004	3653	33	10	45	0	3741
7005	76	3783	14	44	0	3917
7006	43	3731	15	33	0	3822
7007	27	49	3485	38	0	3599
7008	12	3168	28	27	0	3235
7009	25	77	48	2695	0	2845
7010	6	20	2608	39	0	2673
7011	2	1964	17	16	0	1999
7012	3	12	16	1577	0	1608
7013	2	10	1	1601	0	1614
7014	1	3	1	1615	0	1620
7015	1607	0	2	20	0	1629
7016	6	2	1589	17	0	1614
7017	11	0	1592	6	0	1609
7018	5	1	14	1593	0	1613
7019	1	1	1772	13	0	1787
7020	2	1	7	1759	0	1769
7021	4	1	11	1715	0	1731
7022	4	1	3	1784	0	1792
7023	2	1	2	1808	0	1813
7024	1792	3	0	16	0	1811
7025	1744	1	2	13	0	1760
7026	14	1	2	1803	0	1820
7027	13	2	1931	7	0	1953
7028	3	5	8	1912	0	1928
7029	0	1894	12	9	0	1915
7030	0	7	2	1901	0	1910
7031	1871	9	1	14	0	1895
7032	1922	2	3	15	0	1942
7033	14	1	1	1954	0	1970
7034	11	0	2	1947	0	1960
7035	2	3	5	1980	0	1990
7036	1943	1	3	19	0	1966
7037	8	3	1974	13	0	1998
7038	10	2	1977	5	0	1994
7039	3	1962	15	4	0	1984
7040	2022	7	11	4	0	2044
7041	6	10	5	2100	0	2121
7042	10	2	2212	10	0	2234
7043	4	2218	5	13	0	2240
7044	1	2291	9	12	0	2313
7045	4	16	3	2352	0	2375
7046	4	11	1	2446	0	2462
7047	3	2519	0	18	0	2540
7048	1	11	1	2570	0	2583
7049	2	9	4	2562	0	2577
7050	2563	1	0	18	0	2582
7051	6	2585	1	18	0	2610
7052	7	5	1	2577	0	2590
7053	5	11	2592	12	0	2620
7054	3	1	5	2591	0	2600
7055	2640	0	10	12	0	2662
7056	6	2726	5	12	0	2749
7057	12	6	1	2771	0	2790
7058	5	10	2779	7	0	2801
7059	2	3	3141	11	0	3157
7060	0	13	17	3187	0	3217
7061	2	4	14	3266	0	3286
7062	3302	3	1	19	0	3325
7063	6	3553	0	15	0	3574
7064	3567	10	5	8	0	3590
7065	15	22	3668	6	0	3711
7066	3681	7	10	4	0	3702
7067	21	1	3942	6	0	3970
7068	3842	3	21	5	0	3871
7069	3943	4	28	5	0	3980
7070	42	2	4148	7	0	4199
7071	34	7	4200	6	0	4247
7072	8	4190	45	10	0	4253
7073	4	18	26	4243	0	4291
7074	4369	29	4	20	0	4422
7075	21	7	5	4459	0	4492
7076	26	4	3	4576	0	4609
7077	6	0	4	4628	0	4638
7078	3	1	4615	56	0	4675
7079	4295	1	22	38	0	4356
7080	4592	1	33	10	0	4636
7081	45	4835	6	9	0	4895
7082	38	21	1	4786	0	4846
7083	8	5057	1	28	0	5094
7084	4	32	4	5175	0	5215
7085	5159	37	3	32	0	5231
7086	36	5152	2	50	0	5240
7087	40	22	5	5111	0	5178
7088	5061	37	5	28	0	5131
7089	5005	8	5	40	0	5058
7090	57	4	6	5055	0	5122
7091	50	1	5148	28	0	5227
7092	7	16	22	4989	0	5034
7093	4	5185	36	33	0	5258
7094	5168	22	7	35	0	5232
7095	23	5247	5	18	0	5293
7096	45	29	2	5187	0	5263
7097	5324	35	9	24	0	5392
7098	27	8	3	5481	0	5519
7099	43	5	1	5490	0	5539
7100	11	3	5582	63	0	5659
7101	6	5574	31	49	0	5660
7102	5473	26	39	8	0	5546
7103	5246	42	12	12	0	5312
7104	57	5556	3	8	0	5624
7105	36	5627	6	12	0	5681
7106	26	51	3	5548	0	5628
7107	5522	36	0	29	0	5587
7108	22	5514	9	36	0	5581
7109	34	21	2	5564	0	5621
7110	11	35	5578	24	0	5648
7111	5	11	21	5568	0	5605
7112	5618	3	34	30	0	5685
7113	22	5689	7	35	0	5753
7114	30	21	5	5780	0	5836
7115	19	32	5723	26	0	5800
7116	11	13	5824	37	0	5885
7117	9	8	51	5796	0	5864
7118	9	5	38	5860	0	5912
7119	13	5862	6	57	0	5938
7120	6	29	3	5859	0	5897
7121	5890	37	7	31	0	5965
7122	28	9	2	5969	0	6008
7123	6011	7	4	35	0	6057
7124	39	6018	6	47	0	6110
7125	41	6187	4	21	0	6253
7126	17	60	6	6289	0	6372
7127	16	43	12	6195	0	6266
7128	9	12	6286	77	0	6384
7129	18	23	29	6138	0	6208
7130	6181	12	44	44	0	6281
7131	48	17	6267	42	0	6374
7132	54	15	34	6237	0	6340
7133	23	10	6594	49	0	6676
7134	19	11	43	6552	0	6625
7135	16	15	41	6504	0	6576
7136	15	10	10	6650	0	6685
7137	18	8	6728	81	0	6835
7138	17	13	39	6578	0	6647
7139	11	6748	44	56	0	6859
7140	16	32	17	6751	0	6816
7141	18	46	8	6667	0	6739
7142	6596	15	6	81	0	6698
7143	35	18	6608	59	0	6720
7144	43	10	35	6526	0	6614
7145	20	4	6591	56	0	6671
7146	18	18	6398	55	0	6489
7147	18	11	71	6440	0	6540
7148	18	18	55	6381	0	6472
7149	13	16	8	6655	0	6692
7150	6577	13	8	89	0	6687
7151	43	14	6579	61	0	6697
7152	6634	17	29	38	0	6718
7153	42	12	44	6989	0	7087
7154	53	12	14	7140	0	7219
7155	22	7464	8	95	0	7589
7156	15	45	10	7518	0	7588
7157	15	48	10	7483	0	7556
7158	11	15	16	7514	0	7556
7159	6870	10	7	92	0	6979
7160	39	4	6830	61	0	6934
7161	6184	11	36	31	0	6262
7162	32	6800	50	37	0	6919
7163	6537	28	12	16	0	6593
7164	31	6595	7	43	0	6676
7165	45	6515	9	23	0	6592
7166	123	58	44	6208	0	6433
7167	6324	32	7	28	0	6391
7168	17	7	2	6346	0	6372
7169	30	6331	5	34	0	6400
7170	5	6575	4	37	0	6621
7171	6	46	5	6633	0	6690
7172	3	31	7	6606	0	6647
7173	1	6884	9	73	0	6967
7174	4	24	6	7051	0	7085
7175	1	30	3	6997	0	7031
7176	6	4	4	7136	0	7150
7177	7158	3	3	61	0	7225
7178	33	4	7170	35	0	7242
7179	6842	7	27	14	0	6890
7180	7220	3	27	16	0	7266
7181	7110	4	4	7	0	7125
7182	46	7230	3	22	0	7301
7183	25	21	1	7088	0	7135
7184	7067	22	2	24	0	7115
7185	18	5	3	7217	0	7243
7186	7245	4	3	25	0	7277
7187	19	7874	7	28	0	7928
7188	8138	14	6	14	0	8172
7189	8172	21	4	16	0	8213
7190	8178	6	3	10	0	8197
7191	38	6	3	8287	0	8334
7192	23	8	5	8495	0	8531
7193	8595	8	4	45	0	8652
7194	18	8602	5	38	0	8663
7195	23	8497	3	16	0	8539
7196	8852	34	7	17	0	8910
7197	19	23	1	8847	0	8890
7198	17	9	4	8884	0	8914
7199	4	3	0	9045	0	9052
7200	7	9006	5	54	0	9072
7201	9030	20	7	37	0	9094
7202	28	23	5	9082	0	9138
7203	25	9243	4	43	0	9315
7204	9	23	4	9603	0	9639
7205	6	25	3	9618	0	9652
7206	9	5	5	9628	0	9647
7207	12	5	2	9710	0	9729
7208	9673	3	1	65	0	9742
7209	9407	7	0	42	0	9456
7210	9594	10	2	18	0	9624
7211	51	7	5	9759	0	9822
7212	36	10	9802	30	0	9878
7213	12	7	9146	40	0	9205
7214	10	9	9690	15	0	9724
7215	10006	5	54	23	0	10088
7216	31	12	20	10160	0	10223
7217	24	6	4	10081	0	10115
7218	6	10	1	10230	0	10247
7219	10192	3	3	65	0	10263
7220	9966	5	4	30	0	10005
7221	47	11087	6	11	0	11151
7222	31	24	13	11192	0	11260
7223	12	28	11164	35	0	11239
7224	10	11410	19	33	0	11472
7225	3	27	20	11418	0	11468
7226	5	23	2	11368	0	11398
7227	6	6	3	11272	0	11287
7228	9	8	3	11091	0	11111
7229	16	6	11207	43	0	11272
7230	21	15	10892	30	0	10958
7231	10	11439	34	16	0	11499
7232	10	17	16	11397	0	11440
7233	8	20	2	11128	0	11158
7234	11140	2	4	55	0	11201
7235	29	11	11357	35	0	11432
7236	25	6	21	11254	0	11306
7237	7	6	21	11539	0	11573
7238	21	9	12013	50	0	12093
7239	8	11962	24	34	0	12028
7240	11945	19	31	21	0	12016
7241	38	20	11866	24	0	11948
7242	11538	4	28	20	0	11590
7243	39	5	12663	14	0	12721
7244	25	9	22	12488	0	12544
7245	18	3	12885	39	0	12945
7246	19	9	13112	56	0	13196
7247	7	7	32	13188	0	13234
7248	12	8	43	12833	0	12896
7249	6	2	4	13739	0	13751
7250	7	5	5	13619	0	13636
7251	11	7	10	13550	0	13578
7252	21	5	13760	46	0	13832
7253	23	2	13157	36	0	13218
7254	7	13725	29	22	0	13783
7255	13762	24	18	19	0	13823
7256	25	54	5	13843	0	13927
7257	13978	5	5	45	0	14033
7258	27	4	9	13938	0	13978
7259	14699	5	1	53	0	14758
7260	34	3	3	14780	0	14820
7261	24	5	8	14900	0	14937
7262	9	15347	11	88	0	15455
7263	6	33	8	15697	0	15744
7264	4	25	9	15626	0	15664
7265	5	9	6	15607	0	15627
7266	12	3	9	15544	0	15568
7267	8	15322	7	73	0	15410
7268	15350	27	7	47	0	15431
7269	30	15307	7	33	0	15377
7270	17	35	5	15070	0	15127
7271	14901	14	6	57	0	14978
7272	44	14	14685	24	0	14767
7273	40	2	14710	17	0	14769
7274	8	37	55	14461	0	14561
7275	8	10	19	14725	0	14762
7276	3	8	12	14734	0	14757
7277	12	3	14	14215	0	14244
7278	8	2	12	14423	0	14445
7279	2	14207	9	76	0	14294
7280	6	25	9	14478	0	14518
7281	14347	13	11	56	0	14427
7282	31	13	4	14438	0	14486
7283	30	4	14599	51	0	14684
7284	9	5	35	14357	0	14406
7285	14378	4	20	55	0	14457
7286	34	15076	15	40	0	15165
7287	20	55	6	15312	0	15393
7288	9	32	5	15777	0	15823
7289	20	10	15644	113	0	15787
7290	29	10	20750	63	0	20852
7291	25860	10	162	27	0	26059
7292	250	16	111	26734	0	27111
7293	176	7	30	27434	0	27647
7294	96	9	29282	457	0	29844
7295	57	11	29575	273	0	29916
7296	15	30017	511	149	0	30692
7297	22	332	279	29712	0	30345
7298	46	217	29830	332	0	30425
7299	11	29894	338	269	0	30512
7300	29640	344	237	118	0	30339
7301	29951	226	94	55	0	30326
7302	534	90	40	29376	0	30040
7303	279	30007	27	333	0	30646
7304	29811	341	25	220	0	30397
7305	387	284	46	26321	0	27038
7306	276	89	29521	255	0	30141
7307	99	29619	316	224	0	30258
7308	29302	332	238	69	0	29941
7309	29527	246	74	58	0	29905
7310	545	82	44	29282	0	29953
7311	299	39	37	29759	0	30134
7312	131	37	29155	567	0	29890
7313	57	34	340	29227	0	29658
7314	53	32	275	28397	0	28757
7315	32	41	97	28901	0	29071
7316	35	19	76	29047	0	29177
7317	52	33	48	28478	0	28611
7318	35	28800	40	692	0	29567
7319	28463	337	49	380	0	29229
7320	367	247	28616	180	0	29410
7321	260	27955	361	124	0	28700
7322	104	357	260	28060	0	28781
7323	27767	266	108	397	0	28538
7324	366	106	81	27875	0	28428
7325	284	81	52	27708	0	28125
7326	126	53	46	27967	0	28192
7327	84	53	49	28345	0	28531
7328	88	46	27580	726	0	28440
7329	61	27620	365	454	0	28500
7330	27612	371	255	219	0	28457
7331	414	252	27439	162	0	28267
7332	300	116	402	27426	0	28244
7333	27479	76	288	445	0	28288
7334	399	27358	127	369	0	28253
7335	27637	359	95	187	0	28278
7336	492	303	86	26795	0	27676
7337	310	133	78	27441	0	27962
7338	177	81	82	27222	0	27562
7339	133	80	65	27464	0	27742
7340	26664	75	63	790	0	27592
7341	401	71	71	26909	0	27452
7342	331	65	60	27230	0	27686
7343	26011	53	73	731	0	26868
7344	440	92	25917	444	0	26893
7345	333	68	359	25926	0	26686
7346	25140	60	282	498	0	25980
7347	25005	81	152	403	0	25641
7348	632	71	85	24838	0	25626
7349	387	61	102	24789	0	25339
7350	177	24442	93	700	0	25412
7351	135	379	87	24754	0	25355
7352	112	321	62	24566	0	25061
7353	133	112	23882	782	0	24909
7354	111	74	23781	500	0	24466
7355	73	23616	609	346	0	24644
7356	132	384	340	22853	0	23709
7357	124	272	190	23788	0	24374
7358	23473	136	105	747	0	24461
7359	432	101	92	23187	0	23812
7360	356	92	22702	617	0	23767
7361	189	76	416	23050	0	23731
7362	152	100	22242	623	0	23117
7363	123	126	22167	465	0	22881
7364	192	100	644	21268	0	22204
7365	161	91	396	22140	0	22788
7366	21897	118	170	741	0	22926
7367	22131	79	102	523	0	22835
7368	676	69	108	22093	0	22946
7369	22194	78	81	583	0	22936
7370	22395	72	85	460	0	23012
7371	711	102	81	22121	0	23015
7372	474	77	88	22327	0	22966
7373	21887	94	92	770	0	22843
7374	21984	87	77	501	0	22649
7375	754	70	67	21840	0	22731
7376	456	21841	105	565	0	22967
7377	244	399	71	22136	0	22850
7378	167	270	79	22468	0	22984
7379	138	107	21769	860	0	22874
7380	107	76	398	22366	0	22947
7381	21339	59	297	727	0	22422
7382	397	21641	137	604	0	22779
7383	21727	361	84	401	0	22573
7384	21656	278	80	307	0	22321
7385	21825	150	92	261	0	22328
7386	734	167	99	20854	0	21854
7387	601	89	19627	510	0	20827
7388	395	90	19096	417	0	19998
7389	198	19230	555	292	0	20275
7390	106	13439	230	173	0	13948
7391	51	7652	75	63	0	7841
7392	77	7167	118	57	0	7419
7393	235	190	6514	75	0	7014
7394	4188	214	246	71	0	4719
7395	43	17	22	4067	0	4149
7396	16	7	8	3981	0	4012
7397	11	16	11	3927	0	3965
7398	10	3965	7	55	0	4037
7399	3892	38	4	29	0	3963
7400	35	17	3916	16	0	3984
7401	22	3630	20	13	0	3685
7402	11	38	16	3598	0	3663
7403	3591	10	9	29	0	3639
7404	23	6	7	3592	0	3628
7405	19	6	3526	26	0	3577
7406	5	2	3490	27	0	3524
7407	15	13	30	3443	0	3501
7408	9	3	15	3502	0	3529
7409	3505	3	8	37	0	3553
7410	26	7	3466	17	0	3516
7411	3368	3	20	16	0	3407
7412	3413	3	12	9	0	3437
7413	32	7	4	3403	0	3446
7414	22	5	3446	32	0	3505
7415	16	2	21	3453	0	3492
7416	3464	7	13	30	0	3514
7417	23	3468	7	27	0	3525
7418	3483	22	8	13	0	3526
7419	24	16	6	3507	0	3553
7420	14	3628	6	30	0	3678
7421	15	22	7	3656	0	3700
7422	9	15	6	3696	0	3726
7423	7	3747	9	42	0	3805
7424	13	25	8	3812	0	3858
7425	11	16	9	3811	0	3847
7426	10	6	8	3923	0	3947
7427	17	4	3985	55	0	4061
7428	6	3935	32	44	0	4017
7429	3976	34	21	14	0	4045
7430	41	19	14	4118	0	4192
7431	24	4466	11	41	0	4542
7432	4779	48	4	30	0	4861
7433	52	29	1	4822	0	4904
7434	41	10	3	4795	0	4849
7435	10	18	5	4684	0	4717
7436	15	2	7	4682	0	4706
7437	4613	4	5	94	0	4716
7438	47	9	3	4647	0	4706
7439	36	9	1	4697	0	4743
7440	4664	2	2	93	0	4761
7441	50	7	3	4687	0	4747
7442	42	2	4650	64	0	4758
7443	13	5	45	4672	0	4735
7444	4456	6	35	66	0	4563
7445	45	10	14	4530	0	4599
7446	42	7	4550	57	0	4656
7447	23	3	4520	48	0	4594
7448	4559	4	80	16	0	4659
7449	4762	10	41	12	0	4825
7450	4804	2	14	16	0	4836
7451	4842	4	8	12	0	4866
7452	102	7	4834	10	0	4953
7453	50	7	47	4779	0	4883
7454	18	9	35	4848	0	4910
7455	4830	4	10	93	0	4937
7456	45	6	10	4933	0	4994
7457	40	8	4876	68	0	4992
7458	17	13	48	4869	0	4947
7459	10	6	4965	70	0	5051
7460	7	4937	52	54	0	5050
7461	5046	50	34	25	0	5155
7462	60	33	17	4996	0	5106
7463	37	9	5011	73	0	5130
7464	11	6	54	5025	0	5096
7465	13	3	38	5226	0	5280
7466	16	5	5294	99	0	5414
7467	8	4	63	5310	0	5385
7468	5300	3	44	78	0	5425
7469	66	8	5136	51	0	5261
7470	4971	1	57	23	0	5052
7471	68	5085	39	33	0	5225
7472	55	55	5078	17	0	5205
7473	28	86	5165	21	0	5300
7474	17	106	96	4751	0	4970
7475	18	5	53	4906	0	4982
7476	30	2	4978	91	0	5101
7477	8	4	51	4999	0	5062
7478	5009	3	37	65	0	5114
7479	4977	1	16	52	0	5046
7480	86	4	7	4865	0	4962
7481	52	5	7	4908	0	4972
7482	18	4981	10	107	0	5116
7483	5084	44	11	59	0	5198
7484	61	36	10	5160	0	5267
7485	47	5220	11	65	0	5343
7486	5251	43	6	68	0	5368
7487	5199	35	10	42	0	5286
7488	90	5403	13	34	0	5540
7489	55	56	14	5313	0	5438
7490	31	40	14	5326	0	5411
7491	26	14	5213	109	0	5362
7492	20	2	64	5139	0	5225
7493	5156	5	51	81	0	5293
7494	72	4	25	5149	0	5250
7495	49	1	5089	91	0	5230
7496	5023	5	70	60	0	5158
7497	76	2	45	5065	0	5188
7498	57	3	5048	85	0	5193
7499	27	2	77	5062	0	5168
7500	23	3	5094	86	0	5206
7501	29	8	69	5052	0	5158
7502	33	2	55	5132	0	5222
7503	5088	7	21	112	0	5228
7504	77	5072	17	69	0	5235
7505	5196	54	21	44	0	5315
7506	5096	40	27	30	0	5193
7507	5206	20	14	29	0	5269
7508	127	5213	10	41	0	5391
7509	75	58	5229	23	0	5385
7510	31	46	67	5260	0	5404
7511	5259	19	60	77	0	5415
7512	5291	16	38	60	0	5405
7513	117	12	14	5222	0	5365
7514	5270	12	15	82	0	5379
7515	84	11	5214	72	0	5381
7516	5204	3	87	45	0	5339
7517	86	20	5225	40	0	5371
7518	53	5126	83	37	0	5299
7519	5074	55	71	32	0	5232
7520	4915	45	38	30	0	5028
7521	105	4971	20	33	0	5129
7522	4947	51	28	32	0	5058
7523	4824	45	21	26	0	4916
7524	90	25	4737	29	0	4881
7525	4609	8	72	25	0	4714
7526	67	11	4633	23	0	4734
7527	46	40	56	4223	0	4365
7528	28	4402	40	50	0	4520
7529	32	62	4354	42	0	4490
7530	3887	81	68	78	0	4114
7531	3732	54	32	42	0	3860
7532	52	1	15	3442	0	3510
7533	34	1	3416	39	0	3490
7534	19	7	32	3461	0	3519
7535	3439	4	25	41	0	3509
7536	38	3578	19	23	0	3658
7537	3557	31	6	15	0	3609
7538	3560	18	6	9	0	3593
7539	50	3555	10	15	0	3630
7540	32	30	6	3568	0	3636
7541	3617	22	8	32	0	3679
7542	41	9	10	3634	0	3694
7543	27	5	6	3779	0	3817
7544	24	11	3849	46	0	3930
7545	12	8	38	3790	0	3848
7546	16	3	18	3785	0	3822
7547	3715	5	12	52	0	3784
7548	3686	8	6	29	0	3729
7549	60	2	8	3697	0	3767
7550	39	11	3667	48	0	3765
7551	21	10	3625	21	0	3677
7552	8	4	52	3604	0	3668
7553	12	9	3790	37	0	3848
7554	9	26	43	3708	0	3786
7555	13	7	26	3688	0	3734
7556	3763	3	16	50	0	3832
7557	43	4	3722	32	0	3801
7558	3656	5	37	18	0	3716
7559	3626	2	22	12	0	3662
7560	49	3	3579	16	0	3647
7561	36	1	3592	9	0	3638
7562	10	102	47	3382	0	3541
7563	15	3342	24	32	0	3413
7564	14	3398	8	27	0	3447
7565	29	42	5	3179	0	3255
7566	10	21	9	3117	0	3157
7567	12	8	5	3190	0	3215
7568	11	2	8	3214	0	3235
7569	3137	3	7	47	0	3194
7570	33	1	9	3154	0	3197
7571	19	3	3098	38	0	3158
7572	13	9	25	2994	0	3041
7573	10	2935	18	35	0	2998
7574	18	22	10	2911	0	2961
7575	2896	14	6	31	0	2947
7576	30	10	7	2937	0	2984
7577	19	1	2948	31	0	2999
7578	11	2897	28	25	0	2961
7579	9	26	19	2928	0	2982
7580	2893	13	14	31	0	2951
7581	2934	11	7	23	0	2975
7582	46	3	2	2913	0	2964
7583	27	3	2804	29	0	2863
7584	17	6	2664	16	0	2703
7585	2630	2	33	21	0	2686
7586	33	3	2760	9	0	2805
7587	18	3	2771	5	0	2797
7588	8	36	25	2582	0	2651
7589	2744	1	33	16	0	2794
7590	2692	3	8	17	0	2720
7591	2719	4	2	14	0	2739
7592	36	2	2977	7	0	3022
7593	18	0	2954	9	0	2981
7594	9	3003	25	11	0	3048
7595	3	14	16	2944	0	2977
7596	5	10	9	2988	0	3012
7597	5	6	8	2906	0	2925
7598	6	2	13	2999	0	3020
7599	5	2	3018	42	0	3067
7600	6	3008	16	34	0	3064
7601	3204	13	15	15	0	3247
7602	3680	8	11	10	0	3709
7603	3749	5	5	18	0	3777
7604	47	4008	19	19	0	4093
7605	24	30	23	4051	0	4128
7606	4274	23	12	45	0	4354
7607	39	4433	15	38	0	4525
7608	4401	34	10	23	0	4468
7609	42	4376	6	22	0	4446
7610	4380	38	13	9	0	4440
7611	4337	29	19	9	0	4394
7612	65	5	12	4459	0	4541
7613	45	2	7	4621	0	4675
7614	11	4	4647	72	0	4734
7615	6	4	4608	53	0	4671
7616	4561	4	74	25	0	4664
7617	4698	12	44	14	0	4768
7618	76	17	9	4613	0	4715
7619	48	6	7	4692	0	4753
7620	10	8	4677	86	0	4781
7621	7	3	37	4601	0	4648
7622	7	11	4645	59	0	4722
7623	15	9	40	4625	0	4689
7624	10	8	37	4724	0	4779
7625	4666	7	14	88	0	4775
7626	4597	7	13	62	0	4679
7627	80	13	6	4661	0	4760
7628	56	10	10	4705	0	4781
7629	30	7	4652	92	0	4781
7630	19	5	42	4668	0	4734
7631	11	7	4733	56	0	4807
7632	4647	15	47	48	0	4757
7633	44	9	47	4760	0	4860
7634	4709	5	14	51	0	4779
7635	66	4672	8	58	0	4804
7636	4673	37	12	29	0	4751
7637	51	42	21	4590	0	4704
7638	51	10	22	4534	0	4617
7639	27	4617	15	98	0	4757
7640	21	40	19	4674	0	4754
7641	15	42	4602	56	0	4715
7642	10	5	50	4582	0	4647
7643	10	3	4528	51	0	4592
7644	13	4356	47	49	0	4465
7645	12	33	42	4404	0	4491
7646	7	36	4417	41	0	4501
7647	10	8	4357	49	0	4424
7648	10	8	71	4312	0	4401
7649	4279	6	65	38	0	4388
7650	41	4	4260	49	0	4354
7651	46	1	33	4253	0	4333
7652	4270	5	41	39	0	4355
7653	34	4134	13	51	0	4232
7654	4314	33	10	15	0	4372
7655	42	41	6	4270	0	4359
7656	41	11	9	4253	0	4314
7657	21	3	6	4367	0	4397
7658	4337	6	2	81	0	4426
7659	45	3	15	4360	0	4423
7660	43	7	8	4401	0	4459
7661	4179	4	11	83	0	4277
7662	39	7	4179	55	0	4280
7663	46	5	44	4216	0	4311
7664	20	4	4248	57	0	4329
7665	4103	6	44	56	0	4209
7666	42	4	46	4209	0	4301
7667	50	7	4318	46	0	4421
7668	4138	7	42	51	0	4238
7669	4236	10	46	28	0	4320
7670	82	6	4446	20	0	4554
7671	55	6	39	4380	0	4480
7672	17	5	42	4487	0	4551
7673	28	7	4517	83	0	4635
7674	16	4510	38	72	0	4636
7675	26	38	4552	22	0	4638
7676	4369	47	42	22	0	4480
7677	51	13	4580	20	0	4664
7678	4444	6	45	27	0	4522
7679	52	4	4560	35	0	4651
7680	4435	6	55	25	0	4521
7681	54	4564	52	27	0	4697
7682	56	34	18	4474	0	4582
7683	29	38	13	4634	0	4714
7684	15	9	4625	86	0	4735
7685	19	7	40	4478	0	4544
7686	19	4564	54	48	0	4685
7687	4456	35	22	58	0	4571
7688	42	4562	19	37	0	4660
7689	50	34	19	4505	0	4608
7690	4509	40	15	53	0	4617
7691	43	4582	17	73	0	4715
7692	4410	37	15	25	0	4487
7693	53	39	4573	30	0	4695
7694	48	9	49	4523	0	4629
7695	22	7	51	4523	0	4603
7696	15	5	25	4681	0	4726
7697	4646	6	17	91	0	4760
7698	4664	7	21	64	0	4756
7699	4629	11	19	24	0	4683
7700	4640	6	14	22	0	4682
7701	87	8	4422	10	0	4527
7702	3728	5	28	11	0	3772
7703	32	3814	36	17	0	3899
7704	27	3607	5	25	0	3664
7705	3455	40	66	13	0	3574
7706	3420	16	23	12	0	3471
7707	28	2	7	3300	0	3337
7708	3362	7	4	18	0	3391
7709	3314	3	8	19	0	3344
7710	3596	3	3	8	0	3610
7711	34	1	7	3622	0	3664
7712	24	3580	5	23	0	3632
7713	7	3571	4	20	0	3602
7714	7	68	3	3515	0	3593
7715	3505	18	3	25	0	3551
7716	23	3555	4	25	0	3607
7717	15	18	6	3547	0	3586
7718	10	15	3637	21	0	3683
7719	3336	5	18	19	0	3378
7720	26	3617	15	6	0	3664
7721	20	3719	2	15	0	3756
7722	3698	27	9	7	0	3741
7723	25	18	3794	7	0	3844
7724	20	3	20	3673	0	3716
7725	7	3824	15	15	0	3861
7726	6	19	6	3831	0	3862
7727	4	17	1	3801	0	3823
7728	4	3788	7	38	0	3837
7729	8	18	3	3971	0	4000
7730	7	21	1	3953	0	3982
7731	3907	3	1	30	0	3941
7732	20	3889	2	19	0	3930
7733	3971	16	2	9	0	3998
7734	22	19	3	3914	0	3958
7735	19	4040	3	23	0	4085
7736	10	23	4080	21	0	4134
7737	7	18	16	4016	0	4057
7738	10	5	25	4101	0	4141
7739	6	5	4153	37	0	4201
7740	3973	11	17	28	0	4029
7741	28	4	15	4585	0	4632
7742	4621	7	2	39	0	4669
7743	31	6	4602	27	0	4666
7744	23	4	28	4658	0	4713
7745	9	5	4889	29	0	4932
7746	3	7	34	4864	0	4908
7747	2	7	37	4958	0	5004
7748	4986	6	6	56	0	5054
7749	32	5043	4	38	0	5117
7750	5072	35	4	16	0	5127
7751	48	29	5090	5	0	5172
7752	31	12	33	5113	0	5189
7753	15	7	5345	43	0	5410
7754	4851	19	44	30	0	4944
7755	5116	8	29	13	0	5166
7756	65	3	5153	14	0	5235
7757	5031	8	38	10	0	5087
7758	5167	10	30	8	0	5215
7759	66	3	11	5190	0	5270
7760	40	6	5137	45	0	5228
7761	17	7	5377	35	0	5436
7762	11	7	64	5351	0	5433
7763	8	2	37	5269	0	5316
7764	11	5292	10	64	0	5377
7765	11	5354	11	42	0	5418
7766	5363	60	5	17	0	5445
7767	43	35	5	5307	0	5390
7768	32	5312	10	39	0	5393
7769	16	5452	11	38	0	5517
7770	5222	55	7	24	0	5308
7771	43	35	12	5279	0	5369
7772	32	5360	6	50	0	5448
7773	19	47	9	5314	0	5389
7774	17	25	4	5257	0	5303
7775	14	17	11	5295	0	5337
7776	5263	8	6	84	0	5361
7777	48	5295	8	47	0	5398
7778	41	44	6	5275	0	5366
7779	19	29	15	5274	0	5337
7780	21	16	8	5352	0	5397
7781	18	13	5263	77	0	5371
7782	5032	6	47	43	0	5128
7783	53	6	37	5185	0	5281
7784	5150	11	19	53	0	5233
7785	5064	12	12	42	0	5130
7786	5121	5	16	19	0	5161
7787	80	5	5177	23	0	5285
7788	43	5135	50	17	0	5245
7789	21	42	30	5057	0	5150
7790	22	32	5060	54	0	5168
7791	11	19	4946	42	0	5018
7792	14	52	64	4805	0	4935
7793	13	4809	38	57	0	4917
7794	4897	51	12	39	0	4999
7795	4917	35	8	24	0	4984
7796	4977	22	12	16	0	5027
7797	4926	20	7	23	0	4976
7798	79	11	4956	22	0	5068
7799	4889	10	43	28	0	4970
7800	61	5022	33	28	0	5144
7801	41	44	15	5025	0	5125
7802	30	34	10	5090	0	5164
7803	5059	8	14	77	0	5158
7804	51	11	13	5072	0	5147
7805	44	6	4973	66	0	5089
7806	4702	5	49	46	0	4802
7807	4808	11	35	31	0	4885
7808	4851	8	22	26	0	4907
7809	80	12	4821	23	0	4936
7810	4527	10	43	18	0	4598
7811	53	4547	29	20	0	4649
7812	4558	35	15	12	0	4620
7813	49	27	14	4466	0	4556
7814	35	19	10	4471	0	4535
7815	25	4462	12	57	0	4556
7816	16	54	13	4468	0	4551
7817	12	4461	15	54	0	4542
7818	18	54	11	4357	0	4440
7819	20	4339	7	58	0	4424
7820	18	47	11	4369	0	4445
7821	21	4332	9	41	0	4403
7822	21	39	8	4454	0	4522
7823	19	4544	9	55	0	4627
7824	4965	46	7	36	0	5054
7825	52	32	10	4970	0	5064
7826	44	16	10	5021	0	5091
7827	26	7	5	5325	0	5363
7828	20	10	10	5388	0	5428
7829	20	8	5479	101	0	5608
7830	18	18	54	5500	0	5590
7831	28	5	43	5554	0	5630
7832	5514	9	14	102	0	5639
7833	5463	14	16	50	0	5543
7834	97	5689	11	32	0	5829
7835	57	57	14	5711	0	5839
7836	26	47	12	6037	0	6122
7837	6329	15	11	107	0	6462
7838	91	25	6172	61	0	6349
7839	6132	11	66	25	0	6234
7840	82	6273	54	24	0	6433
7841	5758	53	5	13	0	5829
7842	5668	44	8	10	0	5730
7843	87	5672	8	17	0	5784
7844	39	5706	3	14	0	5762
7845	21	107	2	5374	0	5504
7846	9	43	5352	49	0	5453
7847	5225	5	54	43	0	5327
7848	49	4	5371	12	0	5436
7849	5216	12	41	9	0	5278
7850	49	3	5331	14	0	5397
7851	38	5241	44	12	0	5335
7852	6	40	33	5216	0	5295
7853	5013	39	4	50	0	5106
7854	5094	4	4	44	0	5146
7855	74	5	4	5167	0	5250
7856	5385	1	6	47	0	5439
7857	5346	3	2	43	0	5394
7858	79	5342	5	13	0	5439
7859	5377	42	6	9	0	5434
7860	48	5479	4	14	0	5545
7861	45	47	2	5362	0	5456
7862	5292	38	7	52	0	5389
7863	5288	8	5	47	0	5348
7864	5361	9	4	10	0	5384
7865	90	8	5354	7	0	5459
7866	54	9	5420	8	0	5491
7867	14	9	77	5325	0	5425
7868	10	6	46	5616	0	5678
7869	12	6084	7	105	0	6208
7870	6105	51	10	56	0	6222
7871	64	56	6	6074	0	6200
7872	64	11	10	6179	0	6264
7873	24	5	6197	116	0	6342
7874	18	6166	52	77	0	6313
7875	15	6229	54	30	0	6328
7876	16	114	10	6226	0	6366
7877	6120	67	12	59	0	6258
7878	66	18	6	6069	0	6159
7879	70	11	7	6226	0	6314
7880	6201	11	7	109	0	6328
7881	6225	9	11	75	0	6320
7882	122	10	7	6240	0	6379
7883	86	14	6207	73	0	6380
7884	30	16	54	6264	0	6364
7885	28	13	68	6236	0	6345
7886	6235	9	16	131	0	6391
7887	85	14	10	6327	0	6436
7888	6364	4	8	102	0	6478
7889	87	12	6377	102	0	6578
7890	78	18	65	6535	0	6696
7891	32	14	72	6618	0	6736
7892	21	14	30	6737	0	6802
7893	28	18	24	6561	0	6631
7894	38	14	15	6639	0	6706
7895	38	16	6416	154	0	6624
7896	6292	17	66	107	0	6482
7897	97	29	77	6381	0	6584
7898	112	25	6306	99	0	6542
7899	59	19	6321	108	0	6507
7900	56	30	125	6235	0	6446
7901	6243	30	71	89	0	6433
7902	6206	20	19	102	0	6347
7903	6393	29	19	29	0	6470
7904	178	27	22	6084	0	6311
7905	122	6289	18	99	0	6528
7906	6337	92	23	85	0	6537
7907	6324	102	27	31	0	6484
7908	6356	41	14	45	0	6456
7909	6320	32	34	30	0	6416
7910	182	25	23	6219	0	6449
7911	110	13	6212	104	0	6439
7912	64	24	92	6202	0	6382
7913	61	21	6254	100	0	6436
7914	6152	27	90	102	0	6371
7915	6202	20	87	54	0	6363
7916	169	19	6178	41	0	6407
7917	6160	22	75	53	0	6310
7918	6357	15	79	68	0	6519
7919	175	21	31	6214	0	6441
7920	141	6251	17	103	0	6512
7921	6245	89	21	103	0	6458
7922	128	104	25	5981	0	6238
7923	102	5948	14	97	0	6161
7924	41	94	13	5626	0	5774
7925	57	58	5586	82	0	5783
7926	34	5579	54	80	0	5747
7927	5264	68	61	42	0	5435
7928	5171	61	45	36	0	5313
7929	5030	13	13	25	0	5081
7930	5058	4	15	33	0	5110
7931	109	45	13	4878	0	5045
7932	73	4930	11	64	0	5078
7933	4886	39	21	64	0	5010
7934	63	46	4830	29	0	4968
7935	65	4704	51	25	0	4845
7936	29	69	4360	30	0	4488
7937	33	44	41	3920	0	4038
7938	16	3914	39	44	0	4013
7939	9	29	14	4035	0	4087
7940	19	38	4136	42	0	4235
7941	16	11	40	4065	0	4132
7942	19	7	37	4080	0	4143
7943	22	9	16	4179	0	4226
7944	4071	7	10	82	0	4170
7945	49	4114	12	54	0	4229
7946	49	33	9	4123	0	4214
7947	4079	28	8	48	0	4163
7948	53	4098	10	54	0	4215
7949	4106	37	8	31	0	4182
7950	51	33	4167	25	0	4276
7951	51	19	42	4057	0	4169
7952	23	4164	38	50	0	4275
7953	4143	38	13	41	0	4235
7954	50	32	4083	24	0	4189
7955	54	4055	41	20	0	4170
7956	23	36	34	3839	0	3932
7957	17	33	17	3876	0	3943
7958	3847	10	10	62	0	3929
7959	44	3	8	3847	0	3902
7960	42	8	3708	48	0	3806
7961	23	5	31	3635	0	3694
7962	18	4	3782	45	0	3849
7963	24	30	39	3579	0	3672
7964	19	3772	30	38	0	3859
7965	3739	32	25	41	0	3837
7966	3604	31	13	14	0	3662
7967	65	3608	11	13	0	3697
7968	20	3180	9	13	0	3222
7969	71	31	11	2887	0	3000
7970	2874	12	15	22	0	2923
7971	32	8	3	2852	0	2895
7972	2811	4	7	23	0	2845
7973	19	2780	5	16	0	2820
7974	13	18	2	2839	0	2872
7975	6	10	2964	20	0	3000
7976	8	9	19	2911	0	2947
7977	9	1	24	2953	0	2987
7978	3057	2	7	30	0	3096
7979	18	3170	2	16	0	3206
7980	13	15	4	3161	0	3193
7981	3150	9	2	22	0	3183
7982	18	6	3186	19	0	3229
7983	3127	4	16	3	0	3150
7984	19	18	8	3262	0	3307
7985	10	3435	6	17	0	3468
7986	3442	17	2	12	0	3473
7987	20	8	3563	8	0	3599
7988	11	5	3537	3	0	3556
7989	8	3532	20	4	0	3564
7990	3324	13	22	6	0	3365
7991	29	4	1	3315	0	3349
7992	6	1	1	3349	0	3357
7993	3405	1	3	19	0	3428
7994	14	0	3442	12	0	3468
7995	8	2	14	3498	0	3522
7996	5	1	3710	16	0	3732
7997	3	1	18	3675	0	3697
7998	0	3860	12	18	0	3890
7999	2	22	1	3884	0	3909
8000	5	13	3878	21	0	3917
8001	3852	3	18	16	0	3889
8002	21	0	14	3971	0	4006
8003	18	1	4007	22	0	4048
8004	2	3	23	3933	0	3961
8005	0	0	16	3951	0	3967
8006	4	1	3998	37	0	4040
8007	7	1	4038	20	0	4066
8008	4	5	37	4074	0	4120
8009	4	0	4156	26	0	4186
8010	4013	3	20	17	0	4053
8011	25	2	15	4156	0	4198
8012	4154	2	7	21	0	4184
8013	26	1	4152	21	0	4200
8014	22	4	24	4199	0	4249
8015	6	1	4555	22	0	4584
8016	3	4539	23	35	0	4600
8017	7	22	4578	9	0	4616
8018	5	21	4403	3	0	4432
8019	4229	3	48	3	0	4283
8020	4392	2	20	11	0	4425
8021	45	2	4699	2	0	4748
8022	27	1	22	4552	0	4602
8023	2	5	26	4638	0	4671
8024	9	0	4715	48	0	4772
8025	1	4586	28	26	0	4641
8026	4534	20	21	9	0	4584
8027	25	19	4720	7	0	4771
8028	20	3	25	4718	0	4766
8029	3	2	22	4767	0	4794
8030	4884	0	8	42	0	4934
8031	4893	0	7	29	0	4929
8032	4912	3	7	9	0	4931
8033	4954	4	3	9	0	4970
8034	42	2	9	4937	0	4990
8035	31	0	5250	25	0	5306
8036	7	2	23	5210	0	5242
8037	10	5	22	5211	0	5248
8038	2	1	13	5428	0	5444
8039	4	1	5369	53	0	5427
8040	5092	1	24	32	0	5149
8041	29	2	26	5404	0	5461
8042	30	0	5573	30	0	5633
8043	6	5715	34	36	0	5791
8044	7	22	27	5738	0	5794
8045	5	31	8	5802	0	5846
8046	5807	9	9	53	0	5878
8047	26	5937	9	45	0	6017
8048	40	21	6038	15	0	6114
8049	10	30	30	5862	0	5932
8050	6	9	32	5910	0	5957
8051	5890	3	12	54	0	5959
8052	5793	4	12	42	0	5851
8053	53	3	10	6004	0	6070
8054	6041	2	8	37	0	6088
8055	37	6019	6	36	0	6098
8056	42	27	6535	12	0	6616
8057	16	27	28	6491	0	6562
8058	12	5	35	6587	0	6639
8059	8	3	6	6640	0	6657
8060	12	5	13	6588	0	6618
8061	12	6525	11	70	0	6618
8062	6463	22	12	46	0	6543
8063	32	29	13	6475	0	6549
8064	30	6775	14	37	0	6856
8065	6823	24	13	36	0	6896
8066	6595	33	7	30	0	6665
8067	52	6983	13	30	0	7078
8068	35	31	13	7061	0	7140
8069	14	28	17	7104	0	7163
8070	11	8	14	7010	0	7043
8071	13	5	18	7118	0	7154
8072	7199	13	9	67	0	7288
8073	7233	5	16	53	0	7307
8074	63	7443	14	32	0	7552
8075	55	31	7433	19	0	7538
8076	20	38	41	7460	0	7559
8077	7524	8	47	45	0	7624
8078	39	7392	12	63	0	7506
8079	39	7428	13	31	0	7511
8080	7517	71	9	22	0	7619
8081	7537	42	13	20	0	7612
8082	88	13	7	7633	0	7741
8083	57	5	7858	52	0	7972
8084	19	9	7995	54	0	8077
8085	7945	20	88	27	0	8080
8086	8210	12	47	17	0	8286
8087	8052	10	12	14	0	8088
8088	8067	8	13	16	0	8104
8089	8063	4	7	17	0	8091
8090	85	8260	5	27	0	8377
8091	50	47	11	8094	0	8202
8092	18	8611	17	48	0	8694
8093	8638	63	45	45	0	8791
8094	8498	44	13	27	0	8582
8095	8450	16	7	19	0	8492
8096	8467	5	7	18	0	8497
8097	80	8448	6	24	0	8558
8098	8346	36	5	18	0	8405
8099	39	8485	8	21	0	8553
8100	36	53	9	8459	0	8557
8101	8391	26	17	56	0	8490
8102	52	7	8785	54	0	8898
8103	45	11	33	8561	0	8650
8104	15	23	27	8899	0	8964
8105	17	5	8949	64	0	9035
8106	11	8886	31	42	0	8970
8107	8849	32	32	27	0	8940
8108	8652	28	8	25	0	8713
8109	62	8799	11	26	0	8898
8110	42	42	8	8869	0	8961
8111	39	39	9180	50	0	9308
8112	12	9426	37	46	0	9521
8113	9419	42	29	19	0	9509
8114	41	24	9442	21	0	9528
8115	8628	18	34	18	0	8698
8116	9033	11	19	13	0	9076
8117	84	7	9522	16	0	9629
8118	37	9575	32	25	0	9669
8119	27	48	28	9396	0	9499
8120	15	25	9711	41	0	9792
8121	9061	7	39	28	0	9135
8122	9363	10	18	13	0	9404
8123	55	9562	7	26	0	9650
8124	39	39	6	9515	0	9599
8125	20	25	5	9691	0	9741
8126	24	8	9836	54	0	9922
8127	7	9983	33	37	0	10060
8128	10376	48	24	11	0	10459
8129	10345	21	10	7	0	10383
8130	10462	11	2	15	0	10490
8131	65	8	10519	12	0	10604
8132	10039	12	37	8	0	10096
8133	10469	13	20	9	0	10511
8134	53	11	11	10531	0	10606
8135	35	14	10344	33	0	10426
8136	24	11	30	10247	0	10312
8137	24	16	10500	33	0	10573
8138	20	19	30	10202	0	10271
8139	22	10419	18	39	0	10498
8140	14	10872	14	27	0	10927
8141	15	47	10	10996	0	11068
8142	23	22	9	10586	0	10640
8143	10830	8	11	50	0	10899
8144	46	10	10912	17	0	10985
8145	10487	7	32	15	0	10541
8146	34	11071	15	18	0	11138
8147	11042	29	7	15	0	11093
8148	10890	16	10	12	0	10928
8149	47	11	7	10942	0	11007
8150	33	7	11564	30	0	11634
8151	17	7	28	11444	0	11496
8152	18	12099	17	36	0	12170
8153	16	32	12	12013	0	12073
8154	9	28	9	12107	0	12153
8155	11970	12	3	60	0	12045
8156	36	5	6	11636	0	11683
8157	28	11565	8	41	0	11642
8158	14	32	7	11600	0	11653
8159	11709	23	7	37	0	11776
8160	37	11868	7	55	0	11967
8161	29	59	6	12093	0	12187
8162	13	26	8	12053	0	12100
8163	8	17	8	12593	0	12626
8164	15	6	3	12548	0	12572
8165	12838	3	6	93	0	12940
8166	57	8	6	12991	0	13062
8167	48	7	9	13365	0	13429
8168	11	18	15	13690	0	13734
8169	10	14037	8	147	0	14202
8170	13980	86	19	75	0	14160
8171	107	73	14143	14	0	14337
8172	70	14020	77	21	0	14188
8173	13755	87	64	13	0	13919
8174	94	58	14327	13	0	14492
8175	61	14262	78	30	0	14431
8176	26	112	75	13921	0	14134
8177	11	14336	14	99	0	14460
8178	24	79	14272	53	0	14428
8179	18	68	14218	24	0	14328
8180	4	14241	118	71	0	14434
8181	14029	80	85	7	0	14201
8182	13716	60	27	11	0	13814
8183	118	14	13752	11	0	13895
8184	77	8	13060	11	0	13156
8185	30	5	13481	12	0	13528
8186	8	6	123	13188	0	13325
8187	9	9	73	13003	0	13094
8188	4	5	19	13533	0	13561
8189	15	8	13995	137	0	14155
8190	10	5	70	13482	0	13567
8191	6	11	62	13777	0	13856
8192	20	6	13607	152	0	13785
8193	12894	9	102	90	0	13095
8194	86	17	66	14151	0	14320
8195	78	9	21	14040	0	14148
8196	20	14355	22	210	0	14607
8197	14449	101	24	93	0	14667
8198	118	73	14408	32	0	14631
8199	14078	28	100	23	0	14229
8200	99	25	84	14272	0	14480
8201	105	21	14583	100	0	14809
8202	30	25	101	14234	0	14390
8203	14454	20	95	120	0	14689
8204	112	21	14456	95	0	14684
8205	14170	20	108	37	0	14335
8206	14378	17	99	34	0	14528
8207	14472	10	43	27	0	14552
8208	171	14488	31	39	0	14729
8209	104	103	24	14762	0	14993
8210	14833	85	22	107	0	15047
8211	14567	20	42	94	0	14723
8212	14790	26	32	42	0	14890
8213	192	17	14548	43	0	14800
8214	14816	14	116	30	0	14976
8215	127	19	98	15831	0	16075
8216	112	16	15846	175	0	16149
8217	36	18	151	16452	0	16657
8218	49	20	121	16539	0	16729
8219	50	14	17113	307	0	17484
8220	25	21	174	16997	0	17217
8221	36	23	156	17545	0	17760
8222	41	39	20288	324	0	20692
8223	21089	15	246	197	0	21547
8224	22836	25	218	80	0	23159
8225	458	31	65	23722	0	24276
8226	303	15	23702	322	0	24342
8227	91	22	310	23256	0	23679
8228	70	23353	247	364	0	24034
8229	59	280	83	23069	0	23491
8230	54	264	57	23428	0	23803
8231	23290	51	53	544	0	23938
8232	23067	43	71	309	0	23490
8233	23721	50	49	106	0	23926
8234	583	24	47	22996	0	23650
8235	341	29	34	23584	0	23988
8236	129	36	23345	541	0	24051
8237	90	66	311	22693	0	23160
8238	69	23189	292	376	0	23926
8239	23124	278	81	299	0	23782
8240	322	22810	55	165	0	23352
8241	22902	306	73	106	0	23387
8242	362	286	69	21571	0	22288
8243	299	22425	60	337	0	23121
8244	22265	304	66	293	0	22928
8245	22052	258	91	128	0	22529
8246	567	74	50	22077	0	22768
8247	325	22186	68	377	0	22956
8248	123	328	60	22423	0	22934
8249	111	270	22140	423	0	22944
8250	21365	71	325	337	0	22098
8251	359	21601	304	136	0	22400
8252	21272	291	78	118	0	21759
8253	400	244	71	21127	0	21842
8254	21482	74	108	364	0	22028
8255	407	47	21827	342	0	22623
8256	22174	46	333	147	0	22700
8257	22352	40	303	134	0	22829
8258	647	36	22370	155	0	23208
8259	410	39	349	21911	0	22709
8260	195	34	302	22072	0	22603
8261	21823	56	92	622	0	22593
8262	390	21834	92	458	0	22774
8263	338	394	60	21259	0	22051
8264	181	273	21012	400	0	21866
8265	154	72	20783	346	0	21355
8266	111	20581	490	187	0	21369
8267	190	310	20216	128	0	20844
8268	19188	297	354	118	0	19957
8269	329	111	269	18683	0	19392
8270	19406	52	86	327	0	19871
8271	343	73	19196	307	0	19919
8272	321	62	291	18861	0	19535
8273	146	61	242	19150	0	19599
8274	142	69	18678	517	0	19406
8275	132	63	278	18821	0	19294
8276	18461	63	253	372	0	19149
8277	18596	49	111	319	0	19075
8278	530	56	74	18428	0	19088
8279	18518	68	58	364	0	19008
8280	18389	61	57	320	0	18827
8281	566	18191	56	176	0	18989
8282	366	289	48	18197	0	18900
8283	18285	247	70	329	0	18931
8284	379	86	71	18325	0	18861
8285	18081	61	74	366	0	18582
8286	391	68	84	18082	0	18625
8287	337	63	18089	395	0	18884
8288	174	18005	295	358	0	18832
8289	189	305	279	15645	0	16418
8290	153	17748	103	326	0	18330
8291	17293	308	103	302	0	18006
8292	331	17363	103	166	0	17963
8293	308	17111	91	150	0	17660
8294	185	502	89	16555	0	17331
8295	16538	289	87	343	0	17257
8296	388	99	90	16472	0	17049
8297	16521	95	72	371	0	17059
8298	16369	80	85	333	0	16867
8299	510	16451	96	187	0	17244
8300	16687	279	98	154	0	17218
8301	16392	256	88	139	0	16875
8302	16494	113	94	116	0	16817
8303	603	68	15889	140	0	16700
8304	406	67	277	15619	0	16369
8305	213	66	273	15955	0	16507
8306	189	61	15672	515	0	16437
8307	15680	51	308	354	0	16393
8308	15987	70	270	172	0	16499
8309	15875	70	110	153	0	16208
8310	15605	70	98	163	0	15936
8311	614	15215	68	207	0	16104
8312	15358	269	67	160	0	15854
8313	409	262	79	15066	0	15816
8314	375	96	14578	335	0	15384
8315	13686	67	253	286	0	14292
8316	363	13904	231	157	0	14655
8317	12722	233	86	129	0	13170
8318	348	12779	63	128	0	13318
8319	289	12030	66	111	0	12496
8320	173	12063	82	122	0	12440
8321	185	11419	179	163	0	11946
8322	195	345	8482	130	0	9152
8323	202	611	183	6466	0	7462
8324	57	50	5793	119	0	6019
8325	4510	25	68	86	0	4689
8326	67	4528	59	60	0	4714
8327	82	4505	29	44	0	4660
8328	37	92	23	4376	0	4528
8329	55	58	17	4421	0	4551
8330	44	35	4357	100	0	4536
8331	46	39	4322	54	0	4461
8332	44	42	78	4308	0	4472
8333	49	29	4343	64	0	4485
8334	43	4321	60	78	0	4502
8335	58	51	48	4345	0	4502
8336	67	58	18	4611	0	4754
8337	65	20	4573	98	0	4756
8338	57	25	51	4540	0	4673
8339	4599	23	53	71	0	4746
8340	97	27	22	4485	0	4631
8341	74	26	25	4532	0	4657
8342	50	24	4518	109	0	4701
8343	4337	30	54	72	0	4493
8344	79	4561	59	59	0	4758
8345	93	57	18	4539	0	4707
8346	71	54	4523	68	0	4716
8347	53	47	48	4505	0	4653
8348	4554	25	49	64	0	4692
8349	95	35	4605	68	0	4803
8350	101	50	46	4577	0	4774
8351	52	26	4710	86	0	4874
8352	62	4682	56	76	0	4876
8353	52	44	4672	45	0	4813
8354	37	4586	54	33	0	4710
8355	37	44	3748	18	0	3847
8356	21	81	30	3200	0	3332
8357	7	3356	39	20	0	3422
8358	3206	20	4	19	0	3249
8359	22	22	8	3215	0	3267
8360	3274	3	3	23	0	3303
8361	25	9	4	3347	0	3385
8362	27	7	3	3428	0	3465
8363	3449	4	5	43	0	3501
8364	3416	2	8	30	0	3456
8365	45	2	5	3596	0	3648
8366	34	3	3714	25	0	3776
8367	9	3715	24	36	0	3784
8368	8	24	3767	6	0	3805
8369	9	3747	22	11	0	3789
8370	3622	25	26	5	0	3678
8371	27	31	3524	8	0	3590
8372	26	2	3499	8	0	3535
8373	4	8	46	3415	0	3473
8374	3467	2	28	29	0	3526
8375	26	4	3632	29	0	3691
8376	30	3755	29	2	0	3816
8377	3808	28	26	8	0	3870
8378	3814	26	5	7	0	3852
8379	3866	7	8	2	0	3883
8380	3894	8	3	10	0	3915
8381	3881	3	9	7	0	3900
8382	48	4	3907	8	0	3967
8383	30	13	25	3744	0	3812
8384	12	3841	31	22	0	3906
8385	3914	26	7	28	0	3975
8386	26	3982	6	10	0	4024
8387	3783	23	8	8	0	3822
8388	3722	22	10	7	0	3761
8389	37	3720	5	13	0	3775
8390	3826	21	8	7	0	3862
8391	30	20	8	3799	0	3857
8392	25	5	7	3863	0	3900
8393	9	3	3856	43	0	3911
8394	7	3918	26	29	0	3980
8395	5	25	28	3874	0	3932
8396	10	24	8	3849	0	3891
8397	9	9	11	3907	0	3936
8398	14	4	3835	44	0	3897
8399	3546	6	27	24	0	3603
8400	30	6	25	3848	0	3909
8401	3907	1	9	30	0	3947
8402	25	8	12	3915	0	3960
8403	32	5	4004	23	0	4064
8404	8	9	4032	27	0	4076
8405	3798	13	45	11	0	3867
8406	3999	3	31	8	0	4041
8407	53	3954	8	11	0	4026
8408	34	19	3937	8	0	3998
8409	15	35	25	3852	0	3927
8410	15	11	35	3784	0	3845
8411	4115	8	6	42	0	4171
8412	3945	11	7	30	0	3993
8413	4015	7	12	10	0	4044
8414	45	11	3935	11	0	4002
8415	3975	7	24	7	0	4013
8416	30	8	26	3944	0	4008
8417	35	7	9	3920	0	3971
8418	14	8	8	3940	0	3970
8419	14	3893	9	50	0	3966
8420	3869	23	11	34	0	3937
8421	30	31	8	3825	0	3894
8422	35	7	3822	30	0	3894
8423	15	7	25	3802	0	3849
8424	14	3854	33	26	0	3927
8425	3866	19	11	36	0	3932
8426	30	26	10	3802	0	3868
8427	34	9	10	3736	0	3789
8428	18	8	3816	48	0	3890
8429	13	14	28	3759	0	3814
8430	17	3825	28	27	0	3897
8431	15	25	9	3905	0	3954
8432	23	25	3912	21	0	3981
8433	3715	9	31	30	0	3785
8434	3772	13	30	7	0	3822
8435	53	3907	14	10	0	3984
8436	3691	19	6	5	0	3721
8437	3803	18	3	11	0	3835
8438	38	3821	6	10	0	3875
8439	27	35	2	3826	0	3890
8440	3890	18	11	20	0	3939
8441	20	4038	4	31	0	4093
8442	28	17	4084	5	0	4134
8443	4025	19	15	5	0	4064
8444	4201	2	17	7	0	4227
8445	4201	2	7	8	0	4218
8446	4233	8	2	6	0	4249
8447	31	4418	4	9	0	4462
8448	4456	16	24	6	0	4502
8449	4383	16	5	19	0	4423
8450	4422	2	8	4	0	4436
8451	33	6	3	4463	0	4505
8452	4445	5	5	24	0	4479
8453	23	4644	5	25	0	4697
8454	26	22	4877	11	0	4936
8455	6	17	35	5094	0	5152
8456	5148	3	27	35	0	5213
8457	45	3	5230	28	0	5306
8458	32	5	38	5208	0	5283
8459	6	3	5216	47	0	5272
8460	7	5168	43	42	0	5260
8461	8	39	28	5058	0	5133
8462	13	26	5064	45	0	5148
8463	10	5041	35	33	0	5119
8464	12	43	34	4973	0	5062
8465	5043	22	15	49	0	5129
8466	4993	0	6	24	0	5023
8467	5026	1	2	3	0	5032
8468	4974	3	3	9	0	4989
8469	4999	0	5	7	0	5011
8470	56	6	5107	7	0	5176
8471	5061	3	35	5	0	5104
8472	5173	1	26	8	0	5208
8473	56	2	6	5184	0	5248
8474	5203	3	5	39	0	5250
8475	4994	8	3	25	0	5030
8476	55	4976	7	7	0	5045
8477	23	33	7	4973	0	5036
8478	8	29	3	4984	0	5024
8479	4954	5	6	56	0	5021
8480	40	4973	5	31	0	5049
8481	26	5087	5	12	0	5130
8482	13	74	5	5092	0	5184
8483	10	25	8	5120	0	5163
8484	11	7	5	5158	0	5181
8485	18	2	5	5196	0	5221
8486	5080	5	3	73	0	5161
8487	4971	9	5	36	0	5021
8488	79	3	5103	9	0	5194
8489	36	6	47	4992	0	5081
8490	13	9	27	5058	0	5107
8491	14	7	5026	71	0	5118
8492	4813	7	46	34	0	4900
8493	53	4974	31	11	0	5069
8494	4954	49	2	6	0	5011
8495	54	30	2	4918	0	5004
8496	38	7	4985	57	0	5087
8497	19	7	44	5122	0	5192
8498	11	11	5351	48	0	5421
8499	12	5368	47	36	0	5463
8500	5158	53	35	15	0	5261
8501	5169	25	7	9	0	5210
8502	65	5190	7	14	0	5276
8503	43	54	6	5018	0	5121
8504	4960	26	4	51	0	5041
8505	51	4975	7	30	0	5063
8506	33	43	5	5020	0	5101
8507	5071	23	10	45	0	5149
8508	56	5	5108	30	0	5199
8509	4992	7	43	10	0	5052
8510	50	5142	29	13	0	5234
8511	5033	39	6	16	0	5094
8512	4999	23	13	12	0	5047
8513	70	8	5008	17	0	5103
8514	36	2	49	4885	0	4972
8515	19	13	26	5015	0	5073
8516	12	11	5057	71	0	5151
8517	14	5	49	4934	0	5002
8518	20	11	27	4914	0	4972
8519	5064	7	10	68	0	5149
8520	5057	10	11	30	0	5108
8521	74	9	6	5045	0	5134
8522	45	7	5164	53	0	5269
8523	25	5	49	5158	0	5237
8524	24	7	20	5219	0	5270
8525	20	7	5361	69	0	5457
8526	26	6	46	5408	0	5486
8527	5403	4	26	50	0	5483
8528	5255	6	8	33	0	5302
8529	74	5303	5	19	0	5401
8530	5401	41	5	15	0	5462
8531	5288	26	5	17	0	5336
8532	72	5460	10	17	0	5559
8533	5475	50	3	14	0	5542
8534	5400	26	3	16	0	5445
8535	5506	8	7	19	0	5540
8536	68	18	5424	17	0	5527
8537	5248	5	41	28	0	5322
8538	55	4	24	5429	0	5512
8539	5431	8	15	56	0	5510
8540	55	5	5473	42	0	5575
8541	38	5349	44	16	0	5447
8542	5300	44	31	16	0	5391
8543	46	5589	9	16	0	5660
8544	33	46	11	5390	0	5480
8545	17	24	6	5504	0	5551
8546	5501	11	10	73	0	5595
8547	5306	2	10	38	0	5356
8548	72	7	5333	18	0	5430
8549	46	8	5216	8	0	5278
8550	27	7	5253	15	0	5302
8551	20	36	71	5082	0	5209
8552	12	10	5176	52	0	5250
8553	18	3	4898	30	0	4949
8554	40	148	61	4430	0	4679
8555	4632	2	41	30	0	4705
8556	4569	3	9	18	0	4599
8557	4663	1	2	12	0	4678
8558	4687	2	4	7	0	4700
8559	34	1	2	4720	0	4757
8560	18	3	1	4714	0	4736
8561	10	1	4977	31	0	5019
8562	7	1	18	4862	0	4888
8563	7	2	16	4877	0	4902
8564	5077	1	6	35	0	5119
8565	5004	4	2	22	0	5032
8566	35	1	3	5012	0	5051
8567	5084	1	7	23	0	5115
8568	5111	3	3	23	0	5140
8569	37	3	2	5194	0	5236
8570	25	1	0	5122	0	5148
8571	14	1	5215	37	0	5267
8572	10	1	5172	20	0	5203
8573	2	23	40	5119	0	5184
8574	5	10	17	5213	0	5245
8575	7	2	5266	38	0	5313
8576	5030	1	26	20	0	5077
8577	5041	2	17	11	0	5071
8578	38	1	5204	6	0	5249
8579	22	5221	19	15	0	5277
8580	5255	22	15	3	0	5295
8581	23	14	5753	14	0	5804
8582	22	8	17	5531	0	5578
8583	23	3	15	5671	0	5712
8584	5966	1	6	24	0	5997
8585	6207	1	8	19	0	6235
8586	28	1	9	6235	0	6273
8587	19	1	2	6575	0	6597
8588	6671	2	5	29	0	6707
8589	6588	2	5	23	0	6618
8590	6594	2	2	12	0	6610
8591	49	1	6884	9	0	6943
8592	28	2	18	6802	0	6850
8593	11	0	24	6973	0	7008
8594	7036	0	9	47	0	7092
8595	22	7132	5	34	0	7193
8596	7848	18	9	14	0	7889
8597	37	8055	11	9	0	8112
8598	28	40	9	8271	0	8348
8599	11	31	3	8482	0	8527
8600	16	5	8545	81	0	8647
8601	16	1	44	8509	0	8570
8602	11	1	8621	58	0	8691
8603	13	11	48	8536	0	8608
8604	12	2	44	8472	0	8530
8605	9	8448	12	86	0	8555
8606	13	8684	13	60	0	8770
8607	11	96	20	8435	0	8562
8608	13	43	11	8685	0	8752
8609	18	8	5	8773	0	8804
8610	15	2	6	8767	0	8790
8611	14	3	11	8896	0	8924
8612	30	4	8859	100	0	8993
8613	23	2	50	8698	0	8773
8614	12	3	52	8904	0	8971
8615	14	5	8800	103	0	8922
8616	9	8810	59	79	0	8957
8617	13	49	46	8839	0	8947
8618	13	45	8888	68	0	9014
8619	11	9033	56	68	0	9168
8620	18	52	45	8978	0	9093
8621	9205	43	10	60	0	9318
8622	65	9	5	9076	0	9155
8623	58	8	13	9039	0	9118
8624	20	18	6	9216	0	9260
8625	20	8	13	9014	0	9055
8626	13	8912	12	116	0	9053
8627	6	52	19	9056	0	9133
8628	9523	43	15	89	0	9670
8629	58	9	15	9556	0	9638
8630	53	10	13	9482	0	9558
8631	16	13	11	9650	0	9690
8632	9362	18	8	129	0	9517
8633	9357	15	17	74	0	9463
8634	96	13	9	9495	0	9613
8635	9346	14	18	88	0	9466
8636	9295	7	21	76	0	9399
8637	88	9574	12	46	0	9720
8638	9528	51	14	48	0	9641
8639	49	9639	21	42	0	9751
8640	41	9598	9	42	0	9690
8641	13	86	13	9810	0	9922
8642	23	48	10142	82	0	10295
8643	7	21	57	9790	0	9875
8644	11	13	44	9897	0	9965
8645	8	9931	24	121	0	10084
8646	9866	54	15	75	0	10010
8647	58	48	11	9897	0	10014
8648	62	16	10928	88	0	11094
8649	22	18	54	10737	0	10831
8650	9	11079	41	91	0	11220
8651	11033	47	26	90	0	11196
8652	51	48	7	11116	0	11222
8653	60	29	11464	91	0	11644
8654	26	16	46	11405	0	11493
8655	18	11275	39	111	0	11443
8656	18	50	10	11433	0	11511
8657	11895	50	14	93	0	12052
8658	12056	22	9	95	0	12182
8659	12413	14	19	59	0	12505
8660	126	12779	16	70	0	12991
8661	12828	77	17	58	0	12980
8662	95	76	14	12901	0	13086
8663	12877	35	15	119	0	13046
8664	100	13117	9	121	0	13347
8665	75	98	12	13313	0	13498
8666	47	86	13594	109	0	13836
8667	12751	39	76	115	0	12981
8668	77	13719	63	84	0	13943
8669	65	84	36	13615	0	13800
8670	29	69	15	13818	0	13931
8671	19	44	16	13576	0	13655
8672	25	23	13	13485	0	13546
8673	20	13696	13	184	0	13913
8674	13682	78	15	120	0	13895
8675	13510	71	15	75	0	13671
8676	138	37	14024	62	0	14261
8677	94	22	72	13957	0	14145
8678	55	23	14113	115	0	14306
8679	13603	16	92	105	0	13816
8680	13887	18	66	71	0	14042
8681	13467	23	32	54	0	13576
8682	165	23	13	13317	0	13518
8683	90	13369	12	120	0	13591
8684	13550	90	15	102	0	13757
8685	107	89	13	13408	0	13617
8686	13510	43	24	121	0	13698
8687	128	24	13366	94	0	13612
8688	97	21	13260	57	0	13435
8689	13398	22	132	45	0	13597
8690	114	37	81	13571	0	13803
8691	13414	25	23	127	0	13589
8692	113	13696	16	100	0	13925
8693	13743	94	35	53	0	13925
8694	13738	81	29	41	0	13889
8695	167	37	14015	44	0	14263
8696	88	16	13147	33	0	13284
8697	39	13214	110	46	0	13409
8698	75	93	124	12799	0	13091
8699	12971	53	39	81	0	13144
8700	70	29	10	12664	0	12773
8701	58	8	4	13051	0	13121
8702	42	18	13034	103	0	13197
8703	12593	9	67	77	0	12746
8704	68	16	48	13308	0	13440
8705	68	12	13281	85	0	13446
8706	38	9	13178	61	0	13286
8707	17	28	104	13188	0	13337
8708	32	7	13442	69	0	13550
8709	32	8	13377	59	0	13476
8710	21	24	115	12825	0	12985
8711	22	7	13907	71	0	14007
8712	12	20	78	13454	0	13564
8713	20	13553	69	92	0	13734
8714	14068	59	29	57	0	14213
8715	69	14386	9	39	0	14503
8716	69	98	11	14059	0	14237
8717	28	14578	12	96	0	14714
8718	40	92	15186	59	0	15377
8719	23	64	99	16838	0	17024
8720	26	33	20153	144	0	20356
8721	19792	13	187	112	0	20104
8722	187	21224	144	57	0	21612
8723	21317	184	43	22	0	21566
8724	219	169	20	20953	0	21361
8725	21287	49	24	204	0	21564
8726	248	35	21382	167	0	21832
8727	180	21459	192	72	0	21903
8728	20989	192	174	27	0	21382
8729	202	187	63	19828	0	20280
8730	187	20996	28	183	0	21394
8731	62	208	17	21215	0	21502
8732	21270	170	21	242	0	21703
8733	193	22369	18	194	0	22774
8734	22547	221	21	73	0	22862
8735	276	198	22258	25	0	22757
8736	21981	53	241	29	0	22304
8737	278	21	198	22019	0	22516
8738	22042	25	70	238	0	22375
8739	282	22022	27	236	0	22567
8740	207	232	26	21851	0	22316
8741	97	195	23	22016	0	22331
8742	48	64	21426	421	0	21959
8743	51	30	244	21241	0	21566
8744	46	29	207	21367	0	21649
8745	53	23	72	21298	0	21446
8746	50	28	32	21773	0	21883
8747	58	29	21473	452	0	22012
8748	40	20362	245	275	0	20922
8749	47	236	214	20480	0	20977
8750	20210	198	75	264	0	20747
8751	20242	68	36	219	0	20565
8752	415	20580	33	113	0	21141
8753	20346	236	38	52	0	20672
8754	19976	206	40	54	0	20276
8755	20203	71	45	43	0	20362
8756	455	19944	48	57	0	20504
8757	19397	237	40	32	0	19706
8758	282	227	32	18762	0	19303
8759	224	62	18634	245	0	19165
8760	78	18375	221	208	0	18882
8761	71	295	196	18118	0	18680
8762	61	179	18018	245	0	18503
8763	17539	91	213	217	0	18060
8764	231	42	187	17656	0	18116
8765	203	32	49	17667	0	17951
8766	66	34	45	17307	0	17452
8767	47	41	36	17695	0	17819
8768	60	29	17149	430	0	17668
8769	16140	32	225	256	0	16653
8770	225	16946	180	115	0	17466
8771	16906	210	56	65	0	17237
8772	246	17042	38	75	0	17401
8773	17050	257	40	71	0	17418
8774	266	187	32	16942	0	17427
8775	231	68	16860	259	0	17418
8776	114	45	16754	207	0	17120
8777	97	72	360	16512	0	17041
8778	84	62	203	16525	0	16874
8779	81	50	65	16861	0	17057
8780	16570	53	43	439	0	17105
8781	267	82	16551	253	0	17153
8782	230	16410	228	127	0	16995
8783	96	16824	192	103	0	17215
8784	16257	377	83	72	0	16789
8785	260	218	16323	92	0	16893
8786	214	16232	225	120	0	16791
8787	117	228	16033	89	0	16467
8788	104	214	244	15757	0	16319
8789	99	92	15847	250	0	16288
8790	97	70	15699	210	0	16076
8791	101	54	362	15528	0	16045
8792	93	62	15508	255	0	15918
8793	105	50	15367	223	0	15745
8794	145	49	349	14983	0	15526
8795	14864	74	202	256	0	15396
8796	257	47	14785	239	0	15328
8797	213	61	211	14554	0	15039
8798	111	40	200	14693	0	15044
8799	14446	46	77	435	0	15004
8800	277	43	58	14687	0	15065
8801	14432	53	54	317	0	14856
8802	261	14285	54	255	0	14855
8803	233	224	69	14305	0	14831
8804	14223	188	51	263	0	14725
8805	14190	73	52	248	0	14563
8806	415	53	49	14161	0	14678
8807	248	57	14177	270	0	14752
8808	13726	52	207	244	0	14229
8809	247	14026	206	123	0	14602
8810	13959	227	90	96	0	14372
8811	13606	179	54	121	0	13960
8812	13815	77	73	82	0	14047
8813	413	57	13500	92	0	14062
8814	228	13385	211	99	0	13923
8815	105	286	218	12874	0	13483
8816	69	303	86	13113	0	13571
8817	98	68	12887	378	0	13431
8818	61	12103	199	235	0	12598
8819	48	9647	148	94	0	9937
8820	35	6900	54	34	0	7023
8821	5822	144	405	38	0	6409
8822	102	51	31	5516	0	5700
8823	46	11	19	5542	0	5618
8824	28	11	5608	105	0	5752
8825	5320	8	58	68	0	5454
8826	67	14	53	5500	0	5634
8827	58	46	15	5495	0	5614
8828	24	17	5534	101	0	5676
8829	24	5541	55	60	0	5680
8830	26	95	45	5550	0	5716
8831	27	32	5487	73	0	5619
8832	11	4929	48	46	0	5034
8833	4011	40	35	8	0	4094
8834	22	11	4166	16	0	4215
8835	16	4	15	3952	0	3987
8836	10	4087	11	19	0	4127
8837	4104	15	7	15	0	4141
8838	24	8	5	4129	0	4166
8839	4216	6	10	17	0	4249
8840	4122	3	4	14	0	4143
8841	24	4246	5	14	0	4289
8842	4316	18	1	5	0	4340
8843	4425	14	4	9	0	4452
8844	23	5	4566	8	0	4602
8845	4463	6	17	4	0	4490
8846	27	7	4556	6	0	4596
8847	4417	1	18	8	0	4444
8848	4462	5	11	5	0	4483
8849	25	3	4600	4	0	4632
8850	8	4	12	4472	0	4496
8851	11	4	4643	12	0	4670
8852	8	2	4375	11	0	4396
8853	12	2	4732	2	0	4748
8854	1	18	19	4522	0	4560
8855	3	2	6	4932	0	4943
8856	0	0	5	4948	0	4953
8857	1	1	0	5155	0	5157
8858	4	1	5320	22	0	5347
8859	4	4	15	5287	0	5310
8860	4	5373	12	25	0	5414
8861	5	18	5612	19	0	5654
8862	3	36	24	5496	0	5559
8863	6	3	5760	27	0	5796
8864	2	5720	22	31	0	5775
8865	3	5776	21	6	0	5806
8866	5	45	3	5765	0	5818
8867	8	22	5788	28	0	5846
8868	4	4	5883	28	0	5919
8869	1	6	55	5827	0	5889
8870	3	6	26	5823	0	5858
8871	2	3	6	6004	0	6015
8872	4	4	5972	49	0	6029
8873	7	5923	29	42	0	6001
8874	5	6071	22	13	0	6111
8875	3	71	5	6030	0	6109
8876	8	24	6018	29	0	6079
8877	11	8	6065	23	0	6107
8878	4	6198	56	13	0	6271
8879	6236	34	23	10	0	6303
8880	37	6447	11	12	0	6507
8881	28	38	6771	6	0	6843
8882	6581	28	45	7	0	6661
8883	47	3	35	6907	0	6992
8884	7002	9	6	48	0	7065
8885	49	6	10	7014	0	7079
8886	36	2	7	7128	0	7173
8887	7209	4	9	88	0	7310
8888	54	7580	9	55	0	7698
8889	49	49	7633	17	0	7748
8890	5	7702	47	19	0	7773
8891	7578	55	42	11	0	7686
8892	50	7652	10	8	0	7720
8893	7591	51	11	10	0	7663
8894	7566	46	6	11	0	7629
8895	89	7687	11	34	0	7821
8896	43	58	4	7632	0	7737
8897	7573	43	6	59	0	7681
8898	7539	7	25	48	0	7619
8899	83	13	9	7504	0	7609
8900	46	11	7415	63	0	7535
8901	20	10	7465	41	0	7536
8902	10	8	93	7503	0	7614
8903	8	8	7441	62	0	7519
8904	7069	14	62	48	0	7193
8905	46	7282	49	16	0	7393
8906	49	48	6	7227	0	7330
8907	14	53	10	7205	0	7282
8908	13	12	18	7077	0	7120
8909	9	10	12	7102	0	7133
8910	6	8	11	7190	0	7215
8911	13	9	7083	106	0	7211
8912	9	7042	53	61	0	7165
8913	7044	51	50	20	0	7165
8914	55	54	16	6876	0	7001
8915	45	17	13	6900	0	6975
8916	8	14	14	6926	0	6962
8917	14	6924	14	110	0	7062
8918	14	53	11	7075	0	7153
8919	5	57	11	7129	0	7202
8920	7035	15	10	109	0	7169
8921	62	6902	12	56	0	7032
8922	53	6965	12	35	0	7065
8923	10	98	20	6969	0	7097
8924	6893	48	17	60	0	7018
8925	64	24	7015	58	0	7161
8926	6724	15	70	29	0	6838
8927	72	11	7352	25	0	7460
8928	58	13	70	7135	0	7276
8929	17	17	53	7228	0	7315
8930	14	15	20	7106	0	7155
8931	18	14	16	7136	0	7184
8932	15	22	12	7105	0	7154
8933	6997	13	11	129	0	7150
8934	74	15	7003	69	0	7161
8935	54	17	62	7139	0	7272
8936	18	18	7501	79	0	7616
8937	20	7482	68	69	0	7639
8938	7437	69	52	29	0	7587
8939	86	55	7798	40	0	7979
8940	66	28	68	7849	0	8011
8941	17	18	51	8110	0	8196
8942	22	19	8108	138	0	8287
8943	17	15	8136	78	0	8246
8944	25	16	117	7856	0	8014
8945	8135	18	61	86	0	8300
8946	8081	14	24	69	0	8188
8947	127	8186	20	36	0	8369
8948	8346	81	15	33	0	8475
8949	85	58	12	8065	0	8220
8950	63	8594	19	97	0	8773
8951	27	74	20	8668	0	8789
8952	27	62	8835	95	0	9019
8953	26	15	71	8480	0	8592
8954	16	15	61	8694	0	8786
8955	8384	11	11	140	0	8546
8956	75	8388	17	99	0	8579
8957	8234	72	10	36	0	8352
8958	73	8168	23	39	0	8303
8959	7841	71	17	25	0	7954
8960	73	7908	18	35	0	8034
8961	52	7823	12	37	0	7924
8962	7849	91	20	23	0	7983
8963	82	78	19	7574	0	7753
8964	38	7756	8	78	0	7880
8965	7965	56	25	59	0	8105
8966	7778	38	13	23	0	7852
8967	8025	11	13	20	0	8069
8968	7931	9	8	23	0	7971
8969	89	8113	18	25	0	8245
8970	38	60	13	8204	0	8315
8971	22	37	5	8311	0	8375
8972	8364	3	15	98	0	8480
8973	55	11	10	8318	0	8394
8974	8296	12	7	77	0	8392
8975	61	12	8187	47	0	8307
8976	8086	7	51	26	0	8170
8977	56	9	8361	28	0	8454
8978	47	40	47	8199	0	8333
8979	8206	12	38	57	0	8313
8980	49	8186	8	59	0	8302
8981	7877	36	10	10	0	7933
8982	47	7981	5	31	0	8064
8983	35	101	3	8253	0	8392
8984	13	26	8283	35	0	8357
8985	7546	24	41	25	0	7636
8986	37	8132	23	13	0	8205
8987	47	45	6	7875	0	7973
8988	5	24	4	7681	0	7714
8989	5	6	4	7657	0	7672
8990	9	6	7773	58	0	7846
8991	7	7727	26	28	0	7788
8992	7679	28	16	2	0	7725
8993	7594	18	1	6	0	7619
8994	48	7676	5	8	0	7737
8995	7936	26	1	13	0	7976
8996	31	15	2	7905	0	7953
8997	20	7903	5	33	0	7961
8998	7971	26	2	23	0	8022
8999	30	16	7899	11	0	7956
9000	23	8014	23	17	0	8077
9001	11	25	27	8101	0	8164
9002	16	21	3	8120	0	8160
9003	10	11	8098	42	0	8161
9004	10	4	25	7888	0	7927
9005	11	6	8259	59	0	8335
9006	8	8	24	8077	0	8117
9007	7	8	17	8196	0	8228
9008	9	6	3	8238	0	8256
9009	10	5	4	8295	0	8314
9010	12	9	8364	45	0	8430
9011	18	7	8843	32	0	8900
9012	8	9741	54	33	0	9836
9013	7	69	35	10326	0	10437
9014	15	37	10834	70	0	10956
9015	9	10874	53	63	0	10999
9016	19	76	45	11148	0	11288
9017	19	59	11730	72	0	11880
9018	10971	10	75	65	0	11121
9019	12202	7	62	11	0	12282
9020	126	10	9	12223	0	12368
9021	90	9	12313	76	0	12488
9022	16	17	67	12211	0	12311
9023	12249	2	73	80	0	12404
9024	67	12578	11	91	0	12747
9025	12776	76	6	18	0	12876
9026	12773	75	8	18	0	12874
9027	139	12	5	12463	0	12619
9028	79	8	10	12499	0	12596
9029	11	10	5	12633	0	12659
9030	16	4	6	12515	0	12541
9031	7	9	5	12603	0	12624
9032	12575	7	20	144	0	12746
9033	12443	2	11	90	0	12546
9034	12573	3	11	26	0	12613
9035	160	7	12354	17	0	12538
9036	11983	10	67	13	0	12073
9037	78	14	71	12138	0	12301
9038	86	12	12205	81	0	12384
9039	13	11902	74	92	0	12081
9040	17	113	88	11449	0	11667
9041	11	71	15	11513	0	11610
9042	10	11692	21	146	0	11869
9043	20	67	14	12098	0	12199
9044	18	66	11981	92	0	12157
9045	18	14	11928	86	0	12046
9046	9	13	145	11989	0	12156
9047	11880	6	99	97	0	12082
9048	11557	11	26	89	0	11683
9049	166	25	11872	32	0	12095
9050	105	11253	72	37	0	11467
9051	30	11545	89	32	0	11696
9052	11119	135	25	37	0	11316
9053	91	83	11280	46	0	11500
9054	97	27	75	11132	0	11331
9055	11188	15	79	101	0	11383
9056	98	11069	16	103	0	11286
9057	103	11222	15	33	0	11373
9058	11065	144	14	28	0	11251
9059	105	79	11	11161	0	11356
9060	11764	9	15	101	0	11889
9061	91	8	20	13156	0	13275
9062	107	7	16	13493	0	13623
9063	36	13	13696	215	0	13960
9064	31	18	87	14057	0	14193
9065	35	19	112	14197	0	14363
9066	14221	16	25	218	0	14480
9067	114	13	18	14515	0	14660
9068	139	18	14551	132	0	14840
9069	14147	13	109	160	0	14429
9070	106	13	142	14285	0	14546
9071	14406	15	38	130	0	14589
9072	123	13985	23	179	0	14310
9073	147	14349	16	57	0	14569
9074	14275	214	21	34	0	14544
9075	14070	149	39	36	0	14294
9076	232	32	31	14121	0	14416
9077	165	25	14116	122	0	14428
9078	60	15	113	14177	0	14365
9079	13987	12	141	136	0	14276
9080	117	13977	45	175	0	14314
9081	150	128	24	13968	0	14270
9082	13770	151	27	143	0	14091
9083	142	46	13492	161	0	13841
9084	13402	26	127	76	0	13631
9085	13283	27	151	75	0	13536
9086	273	24	13483	59	0	13839
9087	188	23	13617	66	0	13894
9088	65	25	239	13101	0	13430
9089	78	20	152	13109	0	13359
9090	54	13597	37	258	0	13946
9091	60	117	32	13756	0	13965
9092	59	154	13775	169	0	14157
9093	57	44	116	13803	0	14020
9094	57	22	156	14203	0	14438
9095	63	25	13882	295	0	14265
9096	54	13853	121	249	0	14277
9097	63	127	151	13681	0	14022
9098	60	155	44	13978	0	14237
9099	13966	40	37	287	0	14330
9100	173	28	41	13968	0	14210
9101	192	29	13753	195	0	14169
9102	13586	27	134	191	0	13938
9103	13625	43	159	78	0	13905
9104	13767	50	58	69	0	13944
9105	314	31	13431	81	0	13857
9106	213	34	153	13152	0	13552
9107	80	37	162	13335	0	13614
9108	75	26	72	13510	0	13683
9109	13264	43	47	293	0	13647
9110	158	13232	49	250	0	13689
9111	189	124	12535	86	0	12934
9112	66	12121	114	89	0	12390
9113	63	11498	123	72	0	11756
9114	52	11319	60	64	0	11495
9115	154	300	105	10858	0	11417
9116	86	122	10762	133	0	11103
9117	9694	65	95	143	0	9997
9118	85	10168	116	102	0	10471
9119	9536	72	40	68	0	9716
9120	93	9883	31	94	0	10101
9121	9868	72	39	62	0	10041
9122	112	10043	24	72	0	10251
9123	129	85	10148	63	0	10425
9124	59	93	112	9835	0	10099
9125	45	35	112	10309	0	10501
9126	10281	20	38	194	0	10533
9127	116	32	24	11217	0	11389
9128	144	26	11115	143	0	11428
9129	57	23	108	11326	0	11514
9130	54	28	11325	154	0	11561
9131	52	11197	115	186	0	11550
9132	55	105	133	10530	0	10823
9133	49	11340	56	119	0	11564
9134	11207	133	42	153	0	11535
9135	136	137	30	11169	0	11472
9136	169	46	11179	122	0	11516
9137	65	43	11101	167	0	11376
9138	10841	43	225	68	0	11177
9139	140	36	142	10925	0	11243
9140	160	34	10951	118	0	11263
9141	86	44	10648	152	0	10930
9142	50	10742	221	84	0	11097
9143	59	157	200	9641	0	10057
9144	28	10546	56	113	0	10743
9145	65	106	33	10354	0	10558
9146	10362	120	32	130	0	10644
9147	92	48	45	10446	0	10631
9148	123	26	48	10483	0	10680
9149	10516	30	33	216	0	10795
9150	100	38	27	11038	0	11203
9151	127	47	29	10719	0	10922
9152	45	11197	42	244	0	11528
9153	11136	108	38	173	0	11455
9154	11293	138	32	69	0	11532
9155	215	47	33	11205	0	11500
9156	161	31	61	11158	0	11411
9157	51	39	53	11178	0	11321
9158	49	10959	40	278	0	11326
9159	43	11128	47	196	0	11414
9160	44	224	40	10569	0	10877
9161	8696	120	22	109	0	8947
9162	8444	32	32	103	0	8611
9163	152	8246	19	46	0	8463
9164	7583	87	19	23	0	7712
9165	73	7608	23	27	0	7731
9166	78	7487	17	32	0	7614
9167	137	179	65	7082	0	7463
9168	7000	78	32	78	0	7188
9169	69	6957	13	96	0	7135
9170	70	6999	15	43	0	7127
9171	20	127	18	6889	0	7054
9172	20	87	9	6993	0	7109
9173	22	25	6959	141	0	7147
9174	6665	17	64	100	0	6846
9175	6843	16	77	46	0	6982
9176	134	12	6981	41	0	7168
9177	95	18	6953	38	0	7104
9178	31	19	133	6927	0	7110
9179	27	19	88	7025	0	7159
9180	24	7027	23	160	0	7234
9181	18	68	25	7141	0	7252
9182	24	83	7030	105	0	7242
9183	19	34	68	6934	0	7055
9184	21	29	88	6940	0	7078
9185	6846	27	23	162	0	7058
9186	73	30	6783	120	0	7006
9187	6600	27	77	40	0	6744
9188	87	28	6644	43	0	6802
9189	96	21	74	6443	0	6634
9190	36	29	6504	79	0	6648
9191	26	22	6444	122	0	6614
9192	21	42	143	6279	0	6485
9193	6046	75	142	110	0	6373
9194	5889	27	40	108	0	6064
9195	130	6047	25	52	0	6254
9196	6042	66	30	53	0	6191
9197	5915	103	22	42	0	6082
9198	131	5992	22	45	0	6190
9199	97	73	27	5878	0	6075
9200	33	95	39	5973	0	6140
9201	37	30	22	5979	0	6068
9202	46	15	20	6031	0	6112
9203	33	22	5901	164	0	6120
9204	5681	20	80	126	0	5907
9205	80	21	88	5874	0	6063
9206	96	27	33	5846	0	6002
9207	29	5883	30	199	0	6141
9208	38	73	25	6043	0	6179
9209	40	97	5990	107	0	6234
9210	5743	30	81	128	0	5982
9211	76	34	6120	62	0	6292
9212	100	44	59	5860	0	6063
9213	5920	29	81	107	0	6137
9214	77	6016	17	130	0	6240
9215	108	75	15	6194	0	6392
9216	59	102	6282	93	0	6536
9217	37	38	68	6331	0	6474
9218	6214	35	85	97	0	6431
9219	89	32	6258	116	0	6495
9220	107	53	6035	69	0	6264
9221	52	5992	129	55	0	6228
9222	5771	89	86	42	0	5988
9223	79	5745	25	54	0	5903
9224	81	65	5451	44	0	5641
9225	30	75	5048	32	0	5185
9226	21	4999	93	44	0	5157
9227	4097	43	73	12	0	4225
9228	36	4087	42	22	0	4187
9229	45	31	9	3921	0	4006
9230	10	37	14	3995	0	4056
9231	10	8	4001	66	0	4085
9232	16	6	35	3972	0	4029
9233	8	10	4067	44	0	4129
9234	3921	6	34	54	0	4015
9235	3979	8	49	15	0	4051
9236	4038	6	13	17	0	4074
9237	72	4	3995	13	0	4084
9238	4014	4	39	13	0	4070
9239	45	10	43	3911	0	4009
9240	44	4007	14	42	0	4107
9241	4054	30	13	52	0	4149
9242	56	41	3966	18	0	4081
9243	3882	7	43	13	0	3945
9244	3808	8	48	12	0	3876
9245	73	9	3816	7	0	3905
9246	42	3820	33	19	0	3914
9247	18	86	40	3753	0	3897
9248	14	39	3805	36	0	3894
9249	13	17	3660	39	0	3729
9250	6	55	50	3027	0	3138
9251	6	5	3065	22	0	3098
9252	7	6	22	2882	0	2917
9253	5	3	32	2790	0	2830
9254	8	3	9	2903	0	2923
9255	7	5	2868	43	0	2923
9256	6	3	21	2886	0	2916
9257	7	4	2951	23	0	2985
9258	10	8	21	2968	0	3007
9259	2991	2	30	27	0	3050
9260	29	2	15	3066	0	3112
9261	31	3196	6	31	0	3264
9262	9	29	7	3340	0	3385
9263	3369	32	7	37	0	3445
9264	28	3449	10	36	0	3523
9265	38	29	9	3443	0	3519
9266	3466	33	9	31	0	3539
9267	32	8	3509	40	0	3589
9268	38	5	32	3469	0	3544
9269	8	8	3578	36	0	3630
9270	14	4	3550	42	0	3610
9271	7	13	61	3480	0	3561
9272	3510	6	42	47	0	3605
9273	30	7	3484	39	0	3560
9274	3457	5	36	15	0	3513
9275	42	8	38	3547	0	3635
9276	32	11	3618	32	0	3693
9277	15	7	3551	36	0	3609
9278	5	8	3625	14	0	3652
9279	10	41	54	3471	0	3576
9280	3504	10	50	33	0	3597
9281	25	3536	23	34	0	3618
9282	34	25	18	3453	0	3530
9283	14	30	10	3518	0	3572
9284	3561	8	9	58	0	3636
9285	3554	9	13	39	0	3615
9286	58	3587	13	22	0	3680
9287	3633	30	13	13	0	3689
9288	3636	35	13	6	0	3690
9289	63	9	14	3614	0	3700
9290	42	8	3618	37	0	3705
9291	3571	8	30	36	0	3645
9292	36	10	35	3656	0	3737
9293	42	6	12	3652	0	3712
9294	3638	5	14	63	0	3720
9295	30	8	13	3555	0	3606
9296	43	7	8	3584	0	3642
9297	3557	6	17	62	0	3642
9298	38	3687	11	41	0	3777
9299	3730	26	12	15	0	3783
9300	41	29	3793	13	0	3876
9301	3766	5	44	10	0	3825
9302	38	2	37	3778	0	3855
9303	35	3853	15	35	0	3938
9304	16	23	13	3860	0	3912
9305	14	32	10	3811	0	3867
9306	11	7	11	3908	0	3937
9307	3834	3	10	69	0	3916
9308	37	3798	6	39	0	3880
9309	34	3752	6	12	0	3804
9310	3687	51	6	10	0	3754
9311	34	32	3768	11	0	3845
9312	31	9	3663	5	0	3708
9313	3464	36	56	11	0	3567
9314	28	4	3494	6	0	3532
9315	27	11	20	3247	0	3305
9316	4	3	26	3107	0	3140
9317	5	5	5	3231	0	3246
9318	3	0	8	3228	0	3239
9319	7	3240	4	50	0	3301
9320	4	32	4	3293	0	3333
9321	12	27	3282	30	0	3351
9322	8	3	22	3272	0	3305
9323	10	12	3237	25	0	3284
9324	3	3	3197	40	0	3243
9325	12	2	46	3256	0	3316
9326	15	3	3298	24	0	3340
9327	6	2	25	3278	0	3311
9328	3270	2	34	30	0	3336
9329	26	5	3304	31	0	3366
9330	3162	2	24	15	0	3203
9331	29	5	28	3262	0	3324
9332	32	5	3274	25	0	3336
9333	18	3229	23	31	0	3301
9334	8	21	30	3318	0	3377
9335	13	25	3399	28	0	3465
9336	14	3	27	3388	0	3432
9337	3428	7	34	25	0	3494
9338	3390	1	12	39	0	3442
9339	3487	3	7	13	0	3510
9340	56	6	4	3507	0	3573
9341	35	5	3	3521	0	3564
9342	13	8	5	3574	0	3600
9343	3695	4	6	53	0	3758
9344	34	3810	4	47	0	3895
9345	39	26	9	3799	0	3873
9346	11	32	11	3968	0	4022
9347	3941	6	5	58	0	4010
9348	30	4103	7	49	0	4189
9349	36	34	8	4331	0	4409
9350	4393	34	7	35	0	4469
9351	4375	4	8	47	0	4434
9352	72	3	5	4412	0	4492
9353	4438	3	8	41	0	4490
9354	41	8	4	4439	0	4492
9355	48	4	4644	51	0	4747
9356	12	7	38	4628	0	4685
9357	14	11	38	4639	0	4702
9358	15	7	4	4708	0	4734
9359	4554	7	11	68	0	4640
9360	34	4505	14	45	0	4598
9361	4382	25	6	15	0	4428
9362	30	4314	5	13	0	4362
9363	24	4233	5	22	0	4284
9364	4210	45	3	10	0	4268
9365	23	4317	4	16	0	4360
9366	24	24	4	4291	0	4343
9367	4225	20	4	28	0	4277
9368	4202	9	3	23	0	4237
9369	43	5	2	4218	0	4268
9370	24	1	4	4140	0	4169
9371	7	4206	4	50	0	4267
9372	4283	21	3	27	0	4334
9373	4215	23	4	5	0	4247
9374	45	4418	4	13	0	4480
9375	22	4459	3	18	0	4502
9376	5	47	2	4443	0	4497
9377	4410	23	2	35	0	4470
9378	30	8	6	4359	0	4403
9379	28	7	4	4437	0	4476
9380	6	6	4388	59	0	4459
9381	7	5	4373	34	0	4419
9382	8	2	54	4348	0	4412
9383	13	4	4408	37	0	4462
9384	7	4372	34	31	0	4444
9385	6	37	22	4264	0	4329
9386	9	22	5	4356	0	4392
9387	9	6	4	4389	0	4408
9388	12	7	4379	53	0	4451
9389	9	5	4334	25	0	4373
9390	4240	3	44	13	0	4300
9391	36	4407	19	10	0	4472
9392	4359	33	3	13	0	4408
9393	38	25	0	4346	0	4409
9394	4408	3	3	41	0	4455
9395	35	9	9	4397	0	4450
9396	30	4473	3	46	0	4552
9397	4510	33	4	24	0	4571
9398	42	22	4390	14	0	4468
9399	36	4349	30	13	0	4428
9400	4288	37	21	16	0	4362
9401	36	20	3	4198	0	4257
9402	22	4230	1	42	0	4295
9403	11	38	2	4325	0	4376
9404	4302	25	5	39	0	4371
9405	40	9	3	4328	0	4380
9406	4319	6	2	45	0	4372
9407	45	11	4317	26	0	4399
9408	28	13	32	4288	0	4361
9409	4308	6	22	46	0	4382
9410	52	5	4330	37	0	4424
9411	29	4161	30	18	0	4238
9412	14	36	24	4132	0	4206
9413	20	22	4152	46	0	4240
9414	14	7	4250	37	0	4308
9415	10	29	53	4199	0	4291
9416	17	10	4248	46	0	4321
9417	17	9	4213	31	0	4270
9418	18	19	46	4112	0	4195
9419	4106	12	23	46	0	4187
9420	40	14	7	4077	0	4138
9421	25	10	6	4160	0	4201
9422	11	8	4227	59	0	4305
9423	16	7	35	4337	0	4395
9424	4444	10	21	44	0	4519
9425	37	11	4425	39	0	4512
9426	35	4432	35	17	0	4519
9427	15	34	21	4459	0	4529
9428	4460	28	7	38	0	4533
9429	42	9	11	4464	0	4526
9430	23	4524	9	38	0	4594
9431	14	39	4612	29	0	4694
9432	22	23	34	4711	0	4790
9433	4956	9	26	45	0	5036
9434	48	11	4916	40	0	5015
9435	33	6	43	5186	0	5268
9436	5396	6	38	57	0	5497
9437	5703	6	12	53	0	5774
9438	102	5842	12	21	0	5977
9439	5817	67	16	19	0	5919
9440	74	57	6	5812	0	5949
9441	57	6	5954	87	0	6104
9442	9	5857	81	58	0	6005
9443	13	5888	55	26	0	5982
9444	24	103	21	5613	0	5761
9445	17	44	16	5718	0	5795
9446	13	10	5540	104	0	5667
9447	14	5471	69	50	0	5604
9448	7	5381	49	18	0	5455
9449	5	164	13	5013	0	5195
9450	4951	38	28	78	0	5095
9451	57	4925	13	41	0	5036
9452	41	58	8	4966	0	5073
9453	5095	36	7	71	0	5209
9454	61	7	9	5117	0	5194
9455	37	6	6	4953	0	5002
9456	13	6	7	5026	0	5052
9457	11	9	9	5033	0	5062
9458	4913	4	6	104	0	5027
9459	62	6	5	4977	0	5050
9460	44	6	4870	68	0	4988
9461	4770	9	61	48	0	4888
9462	67	9	4897	17	0	4990
9463	44	8	5008	12	0	5072
9464	10	21	89	4884	0	5004
9465	14	9	47	4843	0	4913
9466	9	12	15	5033	0	5069
9467	4955	12	8	103	0	5078
9468	67	5	4917	48	0	5037
9469	4839	8	61	18	0	4926
9470	4965	14	46	18	0	5043
9471	102	12	5054	16	0	5184
9472	4879	11	61	15	0	4966
9473	69	9	5056	24	0	5158
9474	46	4933	53	18	0	5050
9475	13	63	48	4784	0	4908
9476	9	44	9	4894	0	4956
9477	12	12	7	4897	0	4928
9478	12	6	9	4958	0	4985
9479	12	9	4918	99	0	5038
9480	18	15	4896	54	0	4983
9481	5	4	92	4856	0	4957
9482	18	8	4939	65	0	5030
9483	4630	7	65	50	0	4752
9484	4887	12	38	26	0	4963
9485	90	7	11	4857	0	4965
9486	4855	6	11	70	0	4942
9487	62	4974	13	52	0	5101
9488	4970	51	9	21	0	5051
9489	62	39	5004	21	0	5126
9490	44	5	61	4889	0	4999
9491	17	4975	36	67	0	5095
9492	5019	56	18	46	0	5139
9493	60	38	12	5019	0	5129
9494	46	9	4981	75	0	5111
9495	20	6	61	4932	0	5019
9496	4959	9	40	69	0	5077
9497	71	17	5107	51	0	5246
9498	59	8	72	5019	0	5158
9499	32	13	49	5059	0	5153
9500	31	16	5130	109	0	5286
9501	39	4976	54	81	0	5150
9502	61	4752	46	39	0	4898
9503	59	92	12	4977	0	5140
9504	41	60	23	4972	0	5096
9505	42	30	25	5154	0	5251
9506	5092	39	25	119	0	5275
9507	4969	39	35	75	0	5118
9508	81	51	34	5094	0	5260
9509	5078	55	28	84	0	5245
9510	57	5185	20	99	0	5361
9511	44	85	25	5232	0	5386
9512	20	74	34	5189	0	5317
9513	21	60	23	5255	0	5359
9514	5025	50	23	122	0	5220
9515	78	5009	11	92	0	5190
9516	67	76	17	5027	0	5187
9517	5005	68	12	97	0	5182
9518	82	31	8	5040	0	5161
9519	67	14	9	5012	0	5102
9520	42	4858	11	161	0	5072
9521	33	4938	9	123	0	5103
9522	31	75	21	4897	0	5024
9523	46	37	19	4834	0	4936
9524	4639	7	27	144	0	4817
9525	88	5	25	4655	0	4773
9526	66	7	4616	95	0	4784
9527	36	7	92	4582	0	4717
9528	39	4509	80	82	0	4710
9529	4651	47	60	81	0	4839
9530	61	35	48	4644	0	4788
9531	64	13	25	4620	0	4722
9532	33	4452	31	136	0	4652
9533	4227	38	20	65	0	4350
9534	61	4346	26	37	0	4470
9535	33	65	12	4064	0	4174
9536	13	17	3950	42	0	4022
9537	54	76	25	3345	0	3500
9538	3377	3	13	12	0	3405
9539	13	3417	1	19	0	3450
9540	13	10	0	3375	0	3398
9541	2	3289	1	25	0	3317
9542	2	9	0	3403	0	3414
9543	5	14	3459	10	0	3488
9544	3	2	15	3410	0	3430
9545	2	2	13	3401	0	3418
9546	2	2	1	3455	0	3460
9547	3403	2	1	21	0	3427
9548	3351	2	0	14	0	3367
9549	18	3441	0	9	0	3468
9550	3449	7	1	8	0	3465
9551	8	3448	4	6	0	3466
9552	10	3461	2	7	0	3480
9553	3362	23	2	4	0	3391
9554	9	20	3342	4	0	3375
9555	14	1	9	3259	0	3283
9556	1	2	11	3277	0	3291
9557	2	1	2	3357	0	3362
9558	3325	1	1	25	0	3352
9559	10	3302	2	21	0	3335
9560	13	13	1	3369	0	3396
9561	5	3352	2	19	0	3378
9562	3520	15	1	16	0	3552
9563	18	15	2	3435	0	3470
9564	19	2	0	4274	0	4295
9565	1	4996	1	55	0	5053
9566	8	28	1	5189	0	5226
9567	4	49	1	5243	0	5297
9568	5189	8	0	101	0	5298
9569	36	5144	5	70	0	5255
9570	52	5245	2	24	0	5323
9571	10	89	2	5141	0	5242
9572	13	65	5073	42	0	5193
9573	7	17	4999	61	0	5084
9574	13	17	90	4979	0	5099
9575	6	8	5030	53	0	5097
9576	6	5	47	4966	0	5024
9577	6	7	63	4841	0	4917
9578	7	11	12	5039	0	5069
9579	4902	7	7	112	0	5028
9580	40	8	5	4935	0	4988
9581	63	7	6	4880	0	4956
9582	8	4899	3	124	0	5034
9583	9	39	7	5107	0	5162
9584	17	57	5019	64	0	5157
9585	5	18	36	5094	0	5153
9586	6	13	56	5095	0	5170
9587	4936	9	12	110	0	5067
9588	37	17	10	5004	0	5068
9589	62	11	5	4855	0	4933
9590	13	8	6	4998	0	5025
9591	4731	12	6	115	0	4864
9592	42	4816	5	88	0	4951
9593	60	56	11	4801	0	4928
9594	9	67	9	4891	0	4976
9595	24	15	4801	117	0	4957
9596	8	13	46	4833	0	4900
9597	4554	9	63	71	0	4697
9598	41	4632	11	99	0	4783
9599	60	51	14	4495	0	4620
9600	13	67	12	4605	0	4697
9601	11	19	4578	127	0	4735
9602	4339	21	41	104	0	4505
9603	46	4501	63	47	0	4657
9604	4495	43	13	42	0	4593
9605	54	68	13	4492	0	4627
9606	63	31	9	4499	0	4602
9607	18	14	8	4594	0	4634
9608	17	15	15	4607	0	4654
9609	4505	11	14	134	0	4664
9610	45	16	11	4416	0	4488
9611	63	4337	17	77	0	4494
9612	20	38	14	4449	0	4521
9613	12	59	19	4475	0	4565
9614	4388	9	13	140	0	4550
9615	54	4454	10	107	0	4625
9616	64	52	11	4525	0	4652
9617	4452	63	3	91	0	4609
9618	4484	16	8	105	0	4613
9619	104	18	14	4527	0	4663
9620	86	13	4505	81	0	4685
9621	4474	12	41	107	0	4634
9622	55	16	66	4605	0	4742
9623	80	15	4680	84	0	4859
9624	18	14	49	4790	0	4871
9625	24	15	76	4779	0	4894
9626	24	9	13	4850	0	4896
9627	21	4931	12	151	0	5115
9628	22	48	10	5018	0	5098
9629	14	69	9	4934	0	5026
9630	19	14	13	4999	0	5045
9631	17	16	13	4984	0	5030
9632	22	15	9	4937	0	4983
9633	18	20	11	4949	0	4998
9634	4625	13	8	163	0	4809
9635	51	16	4559	126	0	4752
9636	68	4508	45	57	0	4678
9637	4504	48	59	53	0	4664
9638	61	4589	16	43	0	4709
9639	4529	59	15	48	0	4651
9640	73	66	18	4505	0	4662
9641	4602	16	20	80	0	4718
9642	70	15	14	4625	0	4724
9643	78	11	9	4395	0	4493
9644	23	4510	20	129	0	4682
9645	4541	42	5	100	0	4688
9646	44	68	4742	78	0	4932
9647	76	19	44	4822	0	4961
9648	30	13	4867	94	0	5004
9649	26	13	4773	111	0	4923
9650	4770	16	89	55	0	4930
9651	49	19	64	4849	0	4981
9652	74	17	4857	81	0	5029
9653	32	8	4955	101	0	5096
9654	22	18	86	4896	0	5022
9655	30	12	66	5007	0	5115
9656	5012	16	23	130	0	5181
9657	59	12	17	5094	0	5182
9658	80	13	5253	82	0	5428
9659	31	9	48	5337	0	5425
9660	27	32	61	5311	0	5431
9661	20	5523	24	123	0	5690
9662	5394	43	33	90	0	5560
9663	43	5442	15	56	0	5556
9664	4556	26	16	32	0	4630
9665	21	3783	3	14	0	3821
9666	14	3615	4	9	0	3642
9667	28	20	17	3511	0	3576
9668	7	7	3	3493	0	3510
9669	3	6	9	3491	0	3509
9670	3426	1	1	19	0	3447
9671	10	2	3435	10	0	3457
9672	6	2	9	3384	0	3401
9673	3342	1	6	13	0	3362
9674	9	3360	1	13	0	3383
9675	7	3371	2	6	0	3386
9676	9	15	3	3466	0	3493
9677	3	7	2	3496	0	3508
9678	1	1	2	3530	0	3534
9679	1	3602	5	13	0	3621
9680	3	13	1	3627	0	3644
9681	8	4	3609	9	0	3630
9682	3	3	3472	6	0	3484
9683	3399	4	9	3	0	3415
9684	9	0	4	3537	0	3550
9685	3606	2	1	8	0	3617
9686	3569	2	1	9	0	3581
9687	11	3627	1	7	0	3646
9688	3663	4	1	5	0	3673
9689	3742	6	2	5	0	3755
9690	14	3	2	3758	0	3777
9691	5	2	2	3855	0	3864
9692	3	2	4011	21	0	4037
9693	3	4089	8	12	0	4112
9694	18	7	8	3973	0	4006
9695	1	5	1	4113	0	4120
9696	4111	0	0	11	0	4122
9697	7	0	0	4127	0	4134
9698	4196	1	3	7	0	4207
9699	8	3	2	4263	0	4276
9700	9	4367	0	9	0	4385
9701	4471	13	1	11	0	4496
9702	14	10	2	4896	0	4922
9703	13	1	3	5332	0	5349
9704	3	4	2	5701	0	5710
9705	7	2	5671	68	0	5748
9706	2	0	41	5790	0	5833
9707	5866	1	25	51	0	5943
9708	47	3	3	6122	0	6175
9709	26	0	5	7182	0	7213
9710	5	3	1	7219	0	7228
9711	4	7284	4	117	0	7409
9712	2	7504	3	50	0	7559
9713	7515	111	2	8	0	7636
9714	71	7577	2	14	0	7664
9715	7540	85	1	6	0	7632
9716	7449	41	3	9	0	7502
9717	7401	11	4	10	0	7426
9718	126	3	7603	9	0	7741
9719	48	7653	76	9	0	7786
9720	7669	79	44	4	0	7796
9721	77	39	7	7592	0	7715
9722	44	7	3	7636	0	7690
9723	9	4	0	7609	0	7622
9724	3	7471	2	140	0	7616
9725	5	74	0	7436	0	7515
9726	7431	39	1	88	0	7559
9727	73	4	2	7333	0	7412
9728	37	6	0	7413	0	7456
9729	9	2	7349	122	0	7482
9730	5	5	7511	58	0	7579
9731	2	4	112	7505	0	7623
9732	8	3	44	7526	0	7581
9733	3	7635	12	121	0	7771
9734	9	76	11	7590	0	7686
9735	13	42	5	7662	0	7722
9736	11	10	6	7722	0	7749
9737	7582	8	3	145	0	7738
9738	92	9	7694	62	0	7857
9739	49	14	77	7711	0	7851
9740	7706	17	39	99	0	7861
9741	7667	15	6	54	0	7742
9742	130	17	8	7587	0	7742
9743	62	19	5	7707	0	7793
9744	7558	13	5	131	0	7707
9745	102	7557	8	59	0	7726
9746	61	7514	9	32	0	7616
9747	31	129	9	7512	0	7681
9748	7491	52	14	104	0	7661
9749	7492	22	7	67	0	7588
9750	7304	19	12	36	0	7371
9751	137	16	7582	35	0	7770
9752	7330	15	82	44	0	7471
9753	102	13	7529	42	0	7686
9754	7370	18	92	42	0	7522
9755	99	7442	43	47	0	7631
9756	60	88	7478	59	0	7685
9757	24	61	97	7443	0	7625
9758	26	32	7414	128	0	7600
9759	25	21	96	7324	0	7466
9760	7291	15	50	128	0	7484
9761	102	26	7319	81	0	7528
9762	68	15	91	7228	0	7402
9763	30	7690	53	128	0	7901
9764	28	91	18	7864	0	8001
9765	37	49	21	7806	0	7913
9766	34	31	11	7779	0	7855
9767	7771	24	22	170	0	7987
9768	7750	20	8	104	0	7882
9769	150	24	12	7825	0	8011
9770	82	20	7804	146	0	8052
9771	47	26	7837	98	0	8008
9772	46	22	122	7929	0	8119
9773	48	30	8231	121	0	8430
9774	37	34	102	8208	0	8381
9775	58	21	61	8101	0	8241
9776	50	26	28	8149	0	8253
9777	50	7991	26	156	0	8223
9778	45	8065	24	116	0	8250
9779	58	136	26	8201	0	8421
9780	48	68	27	8161	0	8304
9781	49	35	22	8236	0	8342
9782	8126	31	27	184	0	8368
9783	132	23	8398	103	0	8656
9784	88	27	110	8341	0	8566
9785	8283	15	70	138	0	8506
9786	114	8397	31	118	0	8660
9787	90	96	36	8516	0	8738
9788	49	58	35	8591	0	8733
9789	43	26	31	8528	0	8628
9790	39	20	26	8565	0	8650
9791	43	23	8405	186	0	8657
9792	7920	30	105	116	0	8171
9793	8259	16	63	90	0	8428
9794	155	25	8324	76	0	8580
9795	8289	19	100	63	0	8471
9796	8436	11	68	69	0	8584
9797	156	7	8644	83	0	8890
9798	81	8853	108	62	0	9104
9799	61	139	75	8809	0	9084
9800	41	52	9253	125	0	9471
9801	29	9097	97	125	0	9348
9802	46	72	8690	63	0	8871
9803	31	8283	71	52	0	8437
9804	33	80	62	7865	0	8040
9805	31	26	7931	63	0	8051
9806	19	34	59	7742	0	7854
9807	42	8	8011	65	0	8126
9808	12	7852	48	57	0	7969
9809	6752	10	19	13	0	6794
9810	6	6654	3	6	0	6669
9811	4	6904	16	11	0	6935
9812	46	45	11	6814	0	6916
9813	2	3	1	6872	0	6878
9814	1	1	3	6837	0	6842
9815	2	1	0	6804	0	6807
9816	0	3	0	6876	0	6879
9817	1	0	7473	8	0	7482
9818	1	2	3	7311	0	7317
9819	0	2	2	7544	0	7548
9820	7619	0	0	11	0	7630
9821	7565	0	0	9	0	7574
9822	7729	0	2	10	0	7741
9823	6	0	3	7831	0	7840
9824	8743	1	1	13	0	8758
9825	9444	2	1	9	0	9456
9826	9638	1	3	10	0	9652
9827	54	3	9835	5	0	9897
9828	9560	0	26	5	0	9591
9829	10019	0	29	6	0	10054
9830	10100	2	3	4	0	10109
9831	58	3	3	10158	0	10222
9832	41	6	10316	33	0	10396
9833	5	1	27	10268	0	10301
9834	10690	0	31	38	0	10759
9835	29	0	5	10883	0	10917
9836	29	11604	5	37	0	11675
9837	5	24	0	11860	0	11889
9838	11702	31	1	39	0	11773
9839	11771	12	11	42	0	11836
9840	11685	4	1	20	0	11710
9841	74	2	12470	7	0	12553
9842	35	0	32	12302	0	12369
9843	8	1	39	12730	0	12778
9844	18	1	12982	76	0	13077
9845	6	12786	35	60	0	12887
9846	20	33	12993	18	0	13064
9847	5	39	39	12826	0	12909
9848	13021	4	41	41	0	13107
9849	43	3	13840	61	0	13947
9850	45	0	37	13693	0	13775
9851	22	1	13948	51	0	14022
9852	13520	2	51	49	0	13622
9853	46	6	46	14024	0	14122
9854	60	2	14841	56	0	14959
9855	13	14	44	14712	0	14783
9856	22	16	15173	66	0	15277
9857	18	15299	45	105	0	15467
9858	27	42	45	15307	0	15421
9859	15491	42	24	56	0	15613
9860	57	5	20	15503	0	15585
9861	64	5	12	15316	0	15397
9862	15357	1	8	100	0	15466
9863	62	14759	8	84	0	14913
9864	63	15221	12	38	0	15334
9865	16	89	17	15266	0	15388
9866	17	15444	14	60	0	15535
9867	18	48	10	15457	0	15533
9868	22	55	10	15412	0	15499
9869	15541	17	10	125	0	15693
9870	58	15522	9	117	0	15706
9871	90	50	15808	37	0	15985
9872	38	16067	48	36	0	16189
9873	15920	47	61	36	0	16064
9874	16031	48	29	30	0	16138
9875	103	11	17	15974	0	16105
9876	16372	11	16	77	0	16476
9877	64	11	18	16347	0	16440
9878	16473	14	22	80	0	16589
9879	16723	13	25	82	0	16843
9880	117	5	13	17672	0	17807
9881	17864	7	23	83	0	17977
9882	88	9	18031	69	0	18197
9883	17705	12	63	41	0	17821
9884	66	10	75	18054	0	18205
9885	18249	10	18	73	0	18350
9886	75	18558	18	83	0	18734
9887	75	52	25	18482	0	18634
9888	34	56	21	18460	0	18571
9889	18608	17	28	127	0	18780
9890	89	27	18997	93	0	19206
9891	85	18843	68	60	0	19056
9892	52	63	61	18743	0	18919
9893	44	19015	20	91	0	19170
9894	42	67	25	18963	0	19097
9895	52	69	17	18730	0	18868
9896	50	31	20	18956	0	19057
9897	18822	36	18	139	0	19015
9898	82	19	18	18522	0	18641
9899	18853	29	18	104	0	19004
9900	18660	20	20	120	0	18820
9901	147	12	20	18935	0	19114
9902	19039	21	20	106	0	19186
9903	18459	29	29	90	0	18607
9904	138	28	19155	45	0	19366
9905	104	23	84	18811	0	19022
9906	19106	25	72	103	0	19306
9907	95	19351	27	122	0	19595
9908	19706	66	36	62	0	19870
9909	19609	67	35	67	0	19778
9910	155	28	19616	65	0	19864
9911	112	22	86	18871	0	19091
9912	20673	25	80	108	0	20886
9913	101	20	44	20908	0	21073
9914	89	21	33	21208	0	21351
9915	51	18	33	21324	0	21426
9916	51	15	34	22391	0	22491
9917	22362	13	18	198	0	22591
9918	125	19	22973	141	0	23258
9919	123	52	109	23411	0	23695
9920	61	35	26455	171	0	26722
9921	67	23	28326	141	0	28557
9922	27814	16	390	74	0	28294
9923	282	22	30557	56	0	30917
9924	225	29713	229	59	0	30226
9925	29904	215	308	63	0	30490
9926	29820	226	50	30	0	30126
9927	413	48	20	29695	0	30176
9928	280	15	30144	208	0	30647
9929	85	14	30166	222	0	30487
9930	30267	14	424	55	0	30760
9931	229	17	248	31126	0	31620
9932	31324	5	52	217	0	31598
9933	242	31927	26	272	0	32467
9934	31977	211	22	50	0	32260
9935	31614	234	18	36	0	31902
9936	448	31648	17	44	0	32157
9937	270	212	25	31693	0	32200
9938	31469	246	31	250	0	31996
9939	267	39	31879	270	0	32455
9940	253	32216	234	81	0	32784
9941	68	231	279	31887	0	32465
9942	31978	249	69	228	0	32524
9943	252	32401	43	280	0	32976
9944	33060	222	52	64	0	33398
9945	320	284	32639	28	0	33271
9946	32413	52	244	44	0	32753
9947	326	30	33028	40	0	33424
9948	32235	28	288	46	0	32597
9949	31513	33	297	57	0	31900
9950	532	19	32065	58	0	32674
9951	341	32108	273	91	0	32813
9952	127	252	301	31190	0	31870
9953	115	262	32335	255	0	32967
9954	84	31643	256	384	0	32367
9955	115	262	281	30859	0	31517
9956	117	280	92	31543	0	32032
9957	113	81	31260	517	0	31971
9958	111	45	287	30581	0	31024
9959	97	42	322	31129	0	31590
9960	124	78	31355	528	0	32085
9961	104	71	299	30523	0	30997
9962	114	31215	323	329	0	31981
9963	31562	277	114	303	0	32256
9964	324	303	116	30808	0	31551
9965	393	31866	132	293	0	32684
9966	192	315	165	30468	0	31140
9967	194	32651	133	269	0	33247
9968	238	319	32528	278	0	33363
9969	181	32754	351	143	0	33429
9970	32339	336	342	103	0	33120
9971	31811	316	165	126	0	32418
9972	32015	129	153	131	0	32428
9973	654	98	32805	133	0	33690
9974	453	102	32503	115	0	33173
9975	236	33810	611	170	0	34827
9976	228	396	412	32101	0	33137
9977	222	34436	197	391	0	35246
9978	265	436	173	31296	0	32170
9979	238	34180	162	404	0	34984
9980	33892	406	178	360	0	34836
9981	35878	458	161	185	0	36682
9982	760	170	173	37690	0	38793
9983	590	160	37571	487	0	38808
9984	36548	173	503	480	0	37704
9985	544	38037	508	246	0	39335
9986	553	490	218	37184	0	38445
9987	326	491	194	36057	0	37068
9988	253	38301	197	779	0	39530
9989	38514	492	179	509	0	39694
9990	617	507	38203	191	0	39518
9991	624	224	545	37965	0	39358
9992	38077	208	507	480	0	39272
9993	37620	162	258	491	0	38531
9994	935	38324	188	248	0	39695
9995	672	544	199	37467	0	38882
9996	283	38989	217	537	0	40026
9997	39401	589	221	539	0	40750
9998	579	543	39532	258	0	40912
9999	575	302	39467	247	0	40591
10000	355	243	801	38215	0	39614
10001	279	192	574	37989	0	39034
10002	262	39167	274	822	0	40525
10003	288	558	209	39203	0	40258
10004	273	496	38838	649	0	40256
10005	38081	276	588	572	0	39517
10006	586	238	524	39056	0	40404
10007	575	261	38897	618	0	40351
10008	331	264	514	38781	0	39890
10009	242	227	529	37263	0	38261
10010	217	38836	238	911	0	40202
10011	231	576	222	38734	0	39763
10012	238	548	218	37373	0	38377
10013	199	306	242	37790	0	38537
10014	36425	200	205	956	0	37786
10015	551	36267	200	702	0	37720
10016	557	35965	170	318	0	37010
10017	34884	786	175	200	0	36045
10018	33552	504	195	244	0	34495
10019	724	33282	235	175	0	34416
10020	363	30274	117	200	0	30954
10021	26871	478	143	112	0	27604
10022	282	27105	82	106	0	27575
10023	225	25936	63	138	0	26362
10024	25243	436	223	116	0	26018
10025	256	25520	62	137	0	25975
10026	25287	292	102	93	0	25774
10027	24495	239	71	100	0	24905
10028	24579	121	75	85	0	24860
10029	414	24873	52	138	0	25477
10030	251	24801	52	152	0	25256
10031	121	460	46	24117	0	24744
10032	101	24557	51	293	0	25002
10033	103	318	61	24698	0	25180
10034	24837	243	57	336	0	25473
10035	298	149	52	24534	0	25033
10036	258	24438	55	342	0	25093
10037	24030	299	58	238	0	24625
10038	317	24203	61	142	0	24723
10039	257	24468	47	137	0	24909
10040	132	646	68	23214	0	24060
10041	113	23694	82	273	0	24162
10042	23355	330	61	238	0	23984
10043	286	264	23061	124	0	23735
10044	250	22662	239	119	0	23270
10045	133	301	205	22698	0	23337
10046	129	267	22635	303	0	23334
10047	127	107	263	22134	0	22631
10048	125	133	210	22220	0	22688
10049	107	108	86	22538	0	22839
10050	108	100	94	22499	0	22801
10051	151	123	22114	511	0	22899
10052	86	22049	270	365	0	22770
10053	21741	300	224	192	0	22457
10054	278	264	21599	200	0	22341
10055	21435	139	248	164	0	21986
10056	336	116	21944	156	0	22552
10057	310	116	283	21612	0	22321
10058	168	114	21841	340	0	22463
10059	143	153	22040	278	0	22614
10060	146	131	411	21563	0	22251
10061	138	137	275	21163	0	21713
10062	138	145	96	21977	0	22356
10063	100	156	71	21904	0	22231
10064	21742	139	79	507	0	22467
10065	311	132	21567	331	0	22341
10066	21387	136	265	204	0	21992
10067	21216	134	225	175	0	21750
10068	21087	136	101	152	0	21476
10069	20995	142	57	161	0	21355
10070	21221	146	52	160	0	21579
10071	536	140	60	20858	0	21594
10072	351	124	20493	318	0	21286
10073	177	150	19791	259	0	20377
10074	131	19900	362	192	0	20585
10075	18464	309	270	131	0	19174
10076	280	362	162	17834	0	18638
10077	225	353	68	17519	0	18165
10078	144	17699	34	576	0	18453
10079	102	17758	45	266	0	18171
10080	121	17240	43	130	0	17534
10081	14144	505	123	109	0	14881
10082	196	372	60	12089	0	12717
10083	88	11963	18	130	0	12199
10084	69	106	23	11940	0	12138
10085	46	96	11902	115	0	12159
10086	45	39	12240	114	0	12438
10087	52	49	153	13113	0	13367
10088	13960	39	109	145	0	14253
10089	14623	36	31	102	0	14792
10090	14827	36	22	50	0	14935
10091	270	40	15018	44	0	15372
10092	145	40	147	14626	0	14958
10093	53	59	123	15206	0	15441
10094	64	34	14937	247	0	15282
10095	14004	50	181	155	0	14390
10096	190	42	14953	86	0	15271
10097	133	39	14346	54	0	14572
10098	52	43	14589	53	0	14737
10099	41	45	251	13771	0	14108
10100	31	40	140	14075	0	14286
10101	47	36	14509	239	0	14831
10102	35	41	150	14477	0	14703
10103	14585	29	128	179	0	14921
10104	150	29	49	14933	0	15161
10105	131	41	15246	196	0	15614
10106	58	27	16198	158	0	16441
10107	47	41	258	15710	0	16056
10108	16783	35	149	179	0	17146
10109	167	17781	59	162	0	18169
10110	18120	177	53	72	0	18422
10111	18138	146	52	79	0	18415
10112	366	33	18675	58	0	19132
10113	193	22	220	18476	0	18911
10114	18663	23	174	237	0	19097
10115	18315	20	99	195	0	18629
10116	323	18690	65	91	0	19169
10117	204	188	73	18447	0	18912
10118	82	138	64	18917	0	19201
10119	61	34	18829	364	0	19288
10120	48	15	242	18620	0	18925
10121	76	19	18841	259	0	19195
10122	76	16	18680	194	0	18966
10123	66	16	354	18215	0	18651
10124	18201	11	218	232	0	18662
10125	227	17726	92	223	0	18268
10126	17719	174	62	100	0	18055
10127	17588	136	69	92	0	17885
10128	338	17762	72	99	0	18271
10129	204	188	71	17087	0	17550
10130	17001	142	66	210	0	17419
10131	239	17089	58	175	0	17561
10132	16978	174	57	70	0	17279
10133	217	16471	55	84	0	16827
10134	167	164	46	15422	0	15799
10135	85	120	45	15995	0	16245
10136	15701	31	38	288	0	16058
10137	15434	32	50	160	0	15676
10138	296	15905	60	101	0	16362
10139	167	158	15553	59	0	15937
10140	63	112	15549	70	0	15794
10141	53	40	264	14712	0	15069
10142	72	15630	170	175	0	16047
10143	65	152	81	15669	0	15967
10144	72	126	58	15436	0	15692
10145	68	34	80	15735	0	15917
10146	61	36	15753	321	0	16171
10147	66	26	15784	203	0	16079
10148	76	15930	282	107	0	16395
10149	85	172	175	15349	0	15781
10150	97	124	82	16210	0	16513
10151	91	63	16114	286	0	16554
10152	14288	55	218	214	0	14775
10153	208	31	165	16100	0	16504
10154	185	44	16263	211	0	16703
10155	15294	40	209	191	0	15734
10156	225	16101	157	128	0	16611
10157	214	189	16521	91	0	17015
10158	95	154	214	16259	0	16722
10159	16297	59	176	237	0	16769
10160	222	33	16567	245	0	17067
10161	167	53	231	16267	0	16718
10162	113	54	202	16364	0	16733
10163	92	57	101	17493	0	17743
10164	17925	41	81	368	0	18415
10165	221	17579	90	268	0	18158
10166	179	213	84	17777	0	18253
10167	115	154	18142	296	0	18707
10168	95	73	254	17543	0	17965
10169	84	17932	205	263	0	18484
10170	88	18491	100	234	0	18913
10171	18174	324	77	156	0	18731
10172	18294	203	89	113	0	18699
10173	385	93	18357	109	0	18944
10174	17917	60	237	126	0	18340
10175	285	18261	221	105	0	18872
10176	18439	240	105	120	0	18904
10177	304	184	68	18356	0	18912
10178	267	93	18707	258	0	19325
10179	145	93	248	18610	0	19096
10180	123	80	18822	303	0	19328
10181	18022	57	281	234	0	18594
10182	257	86	207	18475	0	19025
10183	209	19187	96	299	0	19791
10184	145	289	82	19338	0	19854
10185	120	215	19231	331	0	19897
10186	98	18904	258	280	0	19540
10187	17486	232	226	130	0	18074
10188	191	16896	110	108	0	17305
10189	132	16036	73	92	0	16333
10190	103	324	38	15607	0	16072
10191	54	15930	39	200	0	16223
10192	86	250	33	15985	0	16354
10193	83	151	15850	219	0	16303
10194	14470	95	171	142	0	14878
10195	15281	65	129	71	0	15546
10196	275	61	15596	44	0	15976
10197	14938	43	153	62	0	15196
10198	177	15314	115	67	0	15673
10199	15325	161	69	57	0	15612
10200	199	119	35	15110	0	15463
10201	141	68	15439	174	0	15822
10202	62	15682	159	153	0	16056
10203	75	155	150	15338	0	15718
10204	46	139	45	15439	0	15669
10205	14787	56	35	254	0	15132
10206	13622	36	38	158	0	13854
10207	223	13924	47	72	0	14266
10208	93	12777	33	36	0	12939
10209	22	12066	19	28	0	12135
10210	62	165	30	11675	0	11932
10211	11559	62	74	83	0	11778
10212	11232	18	8	63	0	11321
10213	118	20	12	11281	0	11431
10214	65	15	13	11318	0	11411
10215	11320	13	6	129	0	11468
10216	77	17	15	11570	0	11679
10217	68	18	11970	80	0	12136
10218	11777	14	68	73	0	11932
10219	11955	13	59	23	0	12050
10220	133	15	12452	22	0	12622
10221	12492	12	70	25	0	12599
10222	92	23	56	12773	0	12944
10223	70	17	15	12705	0	12807
10224	22	13	18	12904	0	12957
10225	12755	16	21	143	0	12935
10226	79	13362	12	99	0	13552
10227	62	87	20	13374	0	13543
10228	33	13206	12	113	0	13364
10229	13212	86	19	61	0	13378
10230	84	69	20	13264	0	13437
10231	73	26	15	13351	0	13465
10232	30	13519	14	169	0	13732
10233	43	96	13491	72	0	13702
10234	38	70	75	13463	0	13646
10235	13535	33	66	96	0	13730
10236	14697	26	27	75	0	14825
10237	184	25	16142	43	0	16394
10238	115	21	141	16271	0	16548
10239	41	16871	89	163	0	17164
10240	31	161	45	17039	0	17276
10241	16922	109	18	197	0	17246
10242	16775	43	20	125	0	16963
10243	263	21	18	16788	0	17090
10244	138	16787	14	183	0	17122
10245	17668	170	17	111	0	17966
10246	181	120	18	17945	0	18264
10247	18022	50	14	198	0	18284
10248	18985	40	20	128	0	19173
10249	291	28	6	19107	0	19432
10250	149	33	11	19053	0	19246
10251	51	23	18	19611	0	19703
10252	38	19643	17	334	0	20032
10253	34	185	21	19812	0	20052
10254	31	138	14	19807	0	19990
10255	55	50	19502	304	0	19911
10256	69	23	19243	171	0	19506
10257	39	31	290	19027	0	19387
10258	18956	19	152	211	0	19338
10259	194	19077	50	196	0	19517
10260	18799	193	21	82	0	19095
10261	240	125	19175	79	0	19619
10262	165	74	18936	59	0	19234
10263	56	19071	271	57	0	19455
10264	70	216	194	18637	0	19117
10265	50	107	18685	160	0	19002
10266	56	34	18940	131	0	19161
10267	32	29	218	18651	0	18930
10268	18724	20	117	177	0	19038
10269	18409	13	42	126	0	18590
10270	233	25	15	18587	0	18860
10271	141	15	20287	190	0	20633
10272	54	16	143	20168	0	20381
10273	35	18	110	19910	0	20073
10274	24	20490	37	248	0	20799
10275	20239	141	11	155	0	20546
10276	20136	107	25	51	0	20319
10277	237	20604	24	72	0	20937
10278	147	147	21	19791	0	20106
10279	60	20364	32	198	0	20654
10280	20282	163	40	134	0	20619
10281	174	118	20171	65	0	20528
10282	122	46	19664	52	0	19884
10283	65	27	19729	54	0	19875
10284	48	46	239	19211	0	19544
10285	34	25	124	19374	0	19557
10286	19394	17	60	254	0	19725
10287	145	27	42	19306	0	19520
10288	113	30	35	19898	0	20076
10289	73	20	21164	248	0	21505
10290	61	19	20717	152	0	20949
10291	20277	20	236	86	0	20619
10292	144	21040	145	76	0	21405
10293	21331	133	55	68	0	21587
10294	178	103	41	21141	0	21463
10295	127	62	21	21055	0	21265
10296	71	21107	28	272	0	21478
10297	46	143	54	21266	0	21509
10298	20926	114	45	200	0	21285
10299	172	53	42	21076	0	21343
10300	156	42	21397	208	0	21803
10301	92	21017	150	160	0	21419
10302	20660	156	125	94	0	21035
10303	20689	127	58	114	0	20988
10304	20685	56	55	96	0	20892
10305	20987	49	49	81	0	21166
10306	277	50	45	20772	0	21144
10307	176	44	56	20988	0	21264
10308	105	50	21074	317	0	21546
10309	92	38	160	20952	0	21242
10310	102	45	20933	244	0	21324
10311	105	31	163	20844	0	21143
10312	20832	45	127	241	0	21245
10313	178	21799	75	227	0	22279
10314	145	152	67	21990	0	22354
10315	81	124	72	22312	0	22589
10316	22111	72	61	312	0	22556
10317	20915	52	51	234	0	21252
10318	281	49	21876	128	0	22334
10319	169	21977	195	134	0	22475
10320	89	178	159	21402	0	21828
10321	81	141	88	21517	0	21827
10322	21390	77	69	292	0	21828
10323	20925	51	88	200	0	21264
10324	289	47	21765	111	0	22212
10325	187	44	21816	83	0	22130
10326	93	41	303	20850	0	21287
10327	91	53	162	21495	0	21801
10328	93	47	21478	296	0	21914
10329	20497	44	209	197	0	20947
10330	199	32	164	21503	0	21898
10331	21481	32	98	242	0	21853
10332	197	21181	68	255	0	21701
10333	21858	164	69	119	0	22210
10334	250	125	23950	93	0	24418
10335	171	23625	199	130	0	24125
10336	62	22627	131	76	0	22896
10337	21258	206	198	65	0	21727
10338	20449	91	31	53	0	20624
10339	142	27	31	20574	0	20774
10340	92	20638	26	104	0	20860
10341	33	20897	21	100	0	21051
10342	37	157	20	21075	0	21289
10343	21148	87	24	95	0	21354
10344	20998	32	33	98	0	21161
10345	153	32	20803	32	0	21020
10346	19701	13	57	30	0	19801
10347	65	21226	66	62	0	21419
10348	21535	74	16	42	0	21667
10349	135	26993	17	34	0	27179
10350	101	29680	16	34	0	29831
10351	55	491	18	33774	0	34338
10352	36082	246	46	449	0	36823
10353	36554	77	17	314	0	36962
10354	785	25	36416	106	0	37332
10355	420	22	420	36349	0	37211
10356	36536	10	334	460	0	37340
10357	468	9	93	36967	0	37537
10358	36917	7	34	551	0	37509
10359	36962	19	26	374	0	37381
10360	825	21	37227	125	0	38198
10361	455	14	442	36131	0	37042
10362	151	18	342	36314	0	36825
10363	74	13	98	36936	0	37121
10364	61	12	35936	870	0	36879
10365	33	24	452	35622	0	36131
10366	30	83	341	33991	0	34445
10367	28	35388	103	801	0	36320
10368	113	446	35043	438	0	36040
10369	27	35614	445	278	0	36364
10370	35215	549	362	72	0	36198
10371	464	414	113	32803	0	33794
10372	401	142	44	31975	0	32562
10373	155	33636	41	748	0	34580
10374	33239	464	50	436	0	34189
10375	33366	357	31	161	0	33915
10376	954	33164	36	145	0	34299
10377	493	33900	38	136	0	34567
10378	33733	776	41	86	0	34636
10379	594	451	33365	89	0	34499
10380	456	139	33365	85	0	34045
10381	32535	109	778	100	0	33522
10382	521	33393	458	120	0	34492
10383	33582	469	160	114	0	34325
10384	619	390	33276	129	0	34414
10385	33211	150	477	149	0	33987
10386	581	33971	388	157	0	35097
10387	457	522	156	33675	0	34810
10388	221	385	99	33394	0	34099
10389	177	160	93	32391	0	32821
10390	176	90	93	32622	0	32981
10391	151	92	90	31733	0	32066
10392	157	32119	60	1043	0	33379
10393	32174	519	72	577	0	33342
10394	624	398	31964	300	0	33286
10395	511	185	495	32151	0	33342
10396	297	141	32407	598	0	33443
10397	196	108	626	32175	0	33105
10398	179	104	451	32465	0	33199
10399	32073	97	209	969	0	33348
10400	597	97	31681	638	0	33013
10401	501	31603	573	312	0	32989
10402	263	559	468	30754	0	32044
10403	213	463	218	32047	0	32941
10404	223	236	31738	905	0	33102
10405	184	172	572	31711	0	32639
10406	189	173	420	32273	0	33055
10407	31279	135	199	991	0	32604
10408	589	31559	111	676	0	32935
10409	31643	587	96	323	0	32649
10410	31800	543	95	257	0	32695
10411	971	272	79	31504	0	32826
10412	653	240	31313	663	0	32869
10413	384	205	30987	540	0	32116
10414	287	220	920	30243	0	31670
10415	314	173	592	28999	0	30078
10416	322	30430	305	947	0	32004
10417	30077	578	472	637	0	31764
10418	740	30071	230	409	0	31450
10419	668	30248	175	335	0	31426
10420	30139	902	185	316	0	31542
10421	777	543	179	29662	0	31161
10422	672	30714	175	782	0	32343
10423	409	622	207	31172	0	32410
10424	238	461	30384	945	0	32028
10425	221	205	30270	847	0	31543
10426	247	174	903	30421	0	31745
10427	202	170	30789	893	0	32054
10428	257	154	767	30443	0	31621
10429	242	219	570	30004	0	31035
10430	265	206	339	30933	0	31743
10431	29775	214	279	1158	0	31426
10432	601	29678	238	872	0	31389
10433	528	29722	216	491	0	30957
10434	27586	878	195	415	0	29074
10435	27849	582	157	368	0	28956
10436	1003	386	134	27364	0	28887
10437	653	317	27499	703	0	29172
10438	398	259	556	27874	0	29087
10439	273	277	27766	804	0	29120
10440	255	27610	666	646	0	29177
10441	259	669	522	27572	0	29022
10442	27406	533	293	705	0	28937
10443	704	309	279	27642	0	28934
10444	639	215	27113	700	0	28667
10445	26593	248	707	538	0	28086
10446	767	235	27275	323	0	28600
10447	730	151	26511	283	0	27675
10448	306	25279	868	287	0	26740
10449	166	19405	471	190	0	20232
10450	163	17165	302	220	0	17850
10451	10843	486	730	371	0	12430
10452	9396	55	30	46	0	9527
10453	56	7	4	9606	0	9673
10454	25	20	11	9689	0	9745
10455	9	14	7	9935	0	9965
10456	8	10062	9	81	0	10160
10457	10068	25	8	39	0	10140
10458	32	10075	9	24	0	10140
10459	21	29	9	10084	0	10143
10460	9903	23	12	48	0	9986
10461	32	17	11	9898	0	9958
10462	23	15	8	10110	0	10156
10463	10175	11	8	64	0	10258
10464	9812	11	15	40	0	9878
10465	57	11	10242	15	0	10325
10466	37	9	10161	16	0	10223
10467	17	8	10568	13	0	10606
10468	10	24	62	10338	0	10434
10469	11	16	41	10460	0	10528
10470	10	10608	18	60	0	10696
10471	10810	33	7	53	0	10903
10472	32	37	6	10875	0	10950
10473	36	17	5	10977	0	11035
10474	19	11221	3	72	0	11315
10475	16	12161	8	52	0	12237
10476	9	66	8	12446	0	12529
10477	10	43	6	14034	0	14093
10478	14167	16	7	126	0	14316
10479	13923	20	13	79	0	14035
10480	134	15	10	14166	0	14325
10481	77	7	14309	98	0	14491
10482	36	10	14072	77	0	14195
10483	22	10	142	14021	0	14195
10484	13	3	71	13828	0	13915
10485	9	13914	19	160	0	14102
10486	13605	84	15	75	0	13779
10487	88	63	15	13601	0	13767
10488	71	14	13937	98	0	14120
10489	15	17	89	14122	0	14243
10490	22	10	14248	114	0	14394
10491	17	15	14510	77	0	14619
10492	25	49	149	14453	0	14676
10493	14486	31	98	97	0	14712
10494	85	7	14502	89	0	14683
10495	55	4	82	14256	0	14397
10496	26	12	15375	100	0	15513
10497	16	9	81	15211	0	15317
10498	16	7	62	15283	0	15368
10499	17	5	15352	147	0	15521
10500	26	6	15232	80	0	15344
10501	19	14	148	14850	0	15031
10502	9	11	72	15269	0	15361
10503	10	9	28	15352	0	15399
10504	13	6	25	15249	0	15293
10505	15201	6	17	160	0	15384
10506	15055	9	13	93	0	15170
10507	136	15232	16	36	0	15420
10508	15412	80	11	37	0	15540
10509	95	52	22	15531	0	15700
10510	15576	10	27	102	0	15715
10511	97	11	15570	82	0	15760
10512	15361	12	99	27	0	15499
10513	94	15	73	15637	0	15819
10514	69	10	17	16140	0	16236
10515	16106	5	22	169	0	16302
10516	117	7	23	17402	0	17549
10517	85	5	18275	157	0	18522
10518	18291	11	136	124	0	18562
10519	139	19023	103	74	0	19339
10520	102	132	31	19911	0	20176
10521	47	92	21518	172	0	21829
10522	23	24	181	21266	0	21494
10523	32	18	21792	230	0	22072
10524	21	20	193	21617	0	21851
10525	16	21915	138	239	0	22308
10526	32	178	35	22054	0	22299
10527	40	22995	28	220	0	23283
10528	41	237	39	22452	0	22769
10529	29	160	23	23770	0	23982
10530	31	36	35	23920	0	24022
10531	39	16	41	23811	0	23907
10532	28	15	32	24164	0	24239
10533	46	11	23794	400	0	24251
10534	37	22	219	23709	0	23987
10535	25	10	172	23829	0	24036
10536	23866	11	65	412	0	24354
10537	216	23830	54	253	0	24353
10538	23946	218	30	108	0	24302
10539	251	172	46	23894	0	24363
10540	205	47	24002	284	0	24538
10541	49	23990	235	241	0	24515
10542	23537	219	189	116	0	24061
10543	224	23677	82	97	0	24080
10544	169	23992	55	119	0	24335
10545	23679	378	93	86	0	24236
10546	247	221	41	24964	0	25473
10547	25158	56	42	314	0	25570
10548	276	38	42	24798	0	25154
10549	243	25	24854	372	0	25494
10550	73	31	24556	305	0	24965
10551	23560	30	445	144	0	24179
10552	24478	26	246	109	0	24859
10553	431	44	81	23912	0	24468
10554	252	23	48	24280	0	24603
10555	23803	42	49	496	0	24390
10556	269	23664	42	318	0	24293
10557	227	24043	31	174	0	24475
10558	23792	418	41	103	0	24354
10559	23614	255	49	90	0	24008
10560	448	23996	46	124	0	24614
10561	286	269	50	23984	0	24589
10562	110	221	23766	316	0	24413
10563	96	80	23700	267	0	24143
10564	23249	73	430	145	0	23897
10565	303	60	23952	110	0	24425
10566	246	65	307	22818	0	23436
10567	110	48	225	22746	0	23129
10568	68	23212	66	507	0	23853
10569	23154	271	64	284	0	23773
10570	300	211	49	23199	0	23759
10571	259	89	23015	335	0	23698
10572	96	23051	261	355	0	23763
10573	89	315	230	22844	0	23478
10574	94	207	22707	322	0	23330
10575	102	105	21948	272	0	22427
10576	66	21599	406	146	0	22217
10577	19689	234	226	93	0	20242
10578	220	19924	113	98	0	20355
10579	19849	240	63	82	0	20234
10580	270	180	19618	101	0	20169
10581	19136	72	214	83	0	19505
10582	225	19583	180	100	0	20088
10583	197	218	74	19452	0	19941
10584	85	199	48	19801	0	20133
10585	19709	80	53	383	0	20225
10586	234	64	19679	286	0	20263
10587	19458	50	229	136	0	19873
10588	19496	53	196	115	0	19860
10589	363	66	19144	131	0	19704
10590	259	58	19319	84	0	19720
10591	131	69	366	18720	0	19286
10592	18874	60	237	276	0	19447
10593	18903	63	102	249	0	19317
10594	366	19244	63	154	0	19827
10595	285	225	49	19271	0	19830
10596	122	209	70	18447	0	18848
10597	122	101	62	18688	0	18973
10598	97	78	59	18939	0	19173
10599	18698	61	72	446	0	19277
10600	273	90	73	19068	0	19504
10601	261	74	18870	303	0	19508
10602	125	67	18761	256	0	19209
10603	18238	77	405	122	0	18842
10604	273	18843	241	129	0	19486
10605	266	19250	116	105	0	19737
10606	148	404	92	19108	0	19752
10607	125	259	71	19292	0	19747
10608	120	116	90	19223	0	19549
10609	121	75	58	19612	0	19866
10610	121	91	19237	467	0	19916
10611	110	82	248	18987	0	19427
10612	136	71	220	19046	0	19473
10613	110	71	18635	438	0	19254
10614	17337	72	274	275	0	17958
10615	279	18205	242	145	0	18871
10616	16788	205	102	97	0	17192
10617	273	172	16306	74	0	16825
10618	214	72	15745	84	0	16115
10619	106	15488	317	82	0	15993
10620	13746	381	784	172	0	15083
10621	12530	144	141	63	0	12878
10622	12476	73	45	49	0	12643
10623	223	12268	50	96	0	12637
10624	12150	107	45	56	0	12358
10625	176	114	12279	34	0	12603
10626	120	12192	115	70	0	12497
10627	11942	104	137	40	0	12223
10628	123	12129	41	44	0	12337
10629	11434	103	64	28	0	11629
10630	11185	93	28	28	0	11334
10631	195	31	11511	36	0	11773
10632	115	11555	112	53	0	11835
10633	11382	92	101	27	0	11602
10634	99	90	11396	51	0	11636
10635	109	11413	94	42	0	11658
10636	54	104	112	11077	0	11347
10637	22	85	11067	96	0	11270
10638	33	30	10918	103	0	11084
10639	25	35	143	10861	0	11064
10640	10808	8	102	101	0	11019
10641	82	10959	43	123	0	11207
10642	90	74	10933	33	0	11130
10643	47	72	10782	28	0	10929
10644	10008	29	156	25	0	10218
10645	90	10745	94	20	0	10949
10646	9330	49	28	8	0	9415
10647	56	9371	11	19	0	9457
10648	9447	51	44	15	0	9557
10649	9145	40	6	9	0	9200
10650	76	9247	4	13	0	9340
10651	47	44	12	9258	0	9361
10652	9598	39	9	45	0	9691
10653	50	17	4	9753	0	9824
10654	37	4	15	10513	0	10569
10655	10560	9	11	90	0	10670
10656	66	10686	10	67	0	10829
10657	10875	66	9	16	0	10966
10658	83	50	10893	7	0	11033
10659	46	19	71	10788	0	10924
10660	13	5	55	10904	0	10977
10661	10802	7	15	110	0	10934
10662	10690	11	9	63	0	10773
10663	111	9	9	10764	0	10893
10664	70	14	11012	79	0	11175
10665	20	6	71	10809	0	10906
10666	18	9	47	10882	0	10956
10667	13	15	18	10928	0	10974
10668	10	10	18	10981	0	11019
10669	10871	7	10	120	0	11008
10670	72	17	10914	62	0	11065
10671	54	10952	69	68	0	11143
10672	26	68	50	10751	0	10895
10673	19	58	16	11141	0	11234
10674	26	17	11157	122	0	11322
10675	35	18	11058	68	0	11179
10676	19	17	130	11159	0	11325
10677	24	10	56	11271	0	11361
10678	38	15	11120	183	0	11356
10679	34	18	87	11135	0	11274
10680	11374	8	70	105	0	11557
10681	91	11808	32	84	0	12015
10682	88	92	11764	43	0	11987
10683	28	11809	93	30	0	11960
10684	32	112	78	11780	0	12002
10685	31	74	11891	112	0	12108
10686	34	11862	98	120	0	12114
10687	20	91	81	11910	0	12102
10688	36	72	12119	117	0	12344
10689	21	29	93	11915	0	12058
10690	29	16	73	11967	0	12085
10691	12049	12	30	166	0	12257
10692	106	11	23	12104	0	12244
10693	12127	8	23	128	0	12286
10694	11494	14	18	99	0	11625
10695	11643	15	21	48	0	11727
10696	181	10	11	11696	0	11898
10697	98	29	11526	104	0	11757
10698	31	27	11499	86	0	11643
10699	11424	33	164	45	0	11666
10700	117	19	11646	34	0	11816
10701	10962	14	145	40	0	11161
10702	113	11367	81	37	0	11598
10703	11432	97	44	30	0	11603
10704	117	72	11501	33	0	11723
10705	87	22	11739	56	0	11904
10706	27	30	150	11913	0	12120
10707	34	6	12397	129	0	12566
10708	39	15	12624	103	0	12781
10709	23	12	194	13608	0	13837
10710	41	24	118	13576	0	13759
10711	36	15	27	14252	0	14330
10712	25	14386	18	293	0	14722
10713	31	134	26	14220	0	14411
10714	16	14772	32	177	0	14997
10715	14678	140	31	142	0	14991
10716	14613	127	33	55	0	14828
10717	241	31	37	14141	0	14450
10718	154	14394	27	175	0	14750
10719	51	142	14769	151	0	15113
10720	14590	119	153	55	0	14917
10721	157	26	152	14662	0	14997
10722	141	45	54	14318	0	14558
10723	51	31	33	15005	0	15120
10724	14640	17	42	297	0	14996
10725	162	14184	40	176	0	14562
10726	140	14359	41	73	0	14613
10727	13661	230	32	42	0	13965
10728	143	13939	38	60	0	14180
10729	13934	164	29	56	0	14183
10730	13799	139	40	43	0	14021
10731	258	13715	43	42	0	14058
10732	160	146	39	13504	0	13849
10733	42	13792	41	168	0	14043
10734	42	157	47	13432	0	13678
10735	36	133	33	14094	0	14296
10736	13992	41	31	298	0	14362
10737	14348	40	36	191	0	14615
10738	303	24	39	14441	0	14807
10739	190	37	14273	209	0	14709
10740	13847	28	186	198	0	14259
10741	173	14212	171	109	0	14665
10742	167	179	58	14097	0	14501
10743	77	155	53	14179	0	14464
10744	58	66	50	14337	0	14511
10745	13631	55	29	352	0	14067
10746	13648	39	50	214	0	13951
10747	319	13443	46	98	0	13906
10748	196	13548	38	81	0	13863
10749	85	284	36	13236	0	13641
10750	67	183	42	13436	0	13728
10751	62	70	13408	313	0	13853
10752	61	54	183	13245	0	13543
10753	46	52	13062	216	0	13376
10754	57	31	12184	186	0	12458
10755	52	12139	268	97	0	12556
10756	117	168	155	11995	0	12435
10757	12047	145	46	182	0	12420
10758	171	56	30	12030	0	12287
10759	170	42	11868	203	0	12283
10760	11530	46	155	171	0	11902
10761	11599	34	136	88	0	11857
10762	285	32	11661	72	0	12050
10763	195	32	143	11801	0	12171
10764	11601	30	150	170	0	11951
10765	183	11900	48	188	0	12319
10766	12021	165	45	77	0	12308
10767	12129	153	40	72	0	12394
10768	290	59	32	12007	0	12388
10769	190	33	35	12419	0	12677
10770	12356	42	43	311	0	12752
10771	191	33	30	12499	0	12753
10772	194	38	12412	221	0	12865
10773	11882	53	151	178	0	12264
10774	12021	52	146	101	0	12320
10775	272	12004	56	99	0	12431
10776	161	12140	27	77	0	12405
10777	73	312	21	11740	0	12146
10778	56	12070	34	178	0	12338
10779	61	254	16	11980	0	12311
10780	11689	138	45	189	0	12061
10781	11281	53	33	157	0	11524
10782	247	11388	22	97	0	11754
10783	11318	131	28	76	0	11553
10784	182	11402	27	72	0	11683
10785	11326	144	27	61	0	11558
10786	11272	133	37	52	0	11494
10787	247	58	11128	63	0	11496
10788	10908	38	126	60	0	11132
10789	182	10854	120	57	0	11213
10790	150	11073	35	72	0	11330
10791	11038	227	32	45	0	11342
10792	184	175	16	11080	0	11455
10793	181	60	11117	153	0	11511
10794	91	63	120	11131	0	11405
10795	64	47	119	11245	0	11475
10796	69	37	10990	267	0	11363
10797	10520	68	131	172	0	10891
10798	156	10748	122	99	0	11125
10799	10634	127	51	49	0	10861
10800	185	129	25	10467	0	10806
10801	10484	54	34	148	0	10720
10802	179	10532	17	155	0	10883
10803	158	194	15	10426	0	10793
10804	10327	117	24	177	0	10645
10805	160	47	9916	143	0	10266
10806	141	22	9196	69	0	9428
10807	8779	32	222	40	0	9073
10808	122	8719	105	45	0	8991
10809	76	7143	21	27	0	7267
10810	166	174	54	6610	0	7004
10811	23	6813	12	105	0	6953
10812	55	83	39	6637	0	6814
10813	28	72	16	6724	0	6840
10814	28	20	20	6683	0	6751
10815	31	6589	19	127	0	6766
10816	26	71	20	6487	0	6604
10817	28	70	6383	75	0	6556
10818	33	6275	57	57	0	6422
10819	32	109	41	5648	0	5830
10820	35	5716	18	72	0	5841
10821	5632	72	23	56	0	5783
10822	5541	51	17	33	0	5642
10823	5606	24	10	21	0	5661
10824	109	5754	16	27	0	5906
10825	68	56	16	5745	0	5885
10826	51	44	5748	55	0	5898
10827	26	34	5623	62	0	5745
10828	5386	26	101	37	0	5550
10829	5427	24	61	35	0	5547
10830	100	17	20	5613	0	5750
10831	69	16	8	5992	0	6085
10832	37	13	6158	113	0	6321
10833	30	6105	58	82	0	6275
10834	30	6071	54	38	0	6193
10835	20	80	5744	19	0	5863
10836	16	101	88	5316	0	5521
10837	20	22	34	5011	0	5087
10838	11	16	10	5297	0	5334
10839	15	12	7	5326	0	5360
10840	5297	11	9	66	0	5383
10841	49	7	5151	40	0	5247
10842	5103	21	29	14	0	5167
10843	44	12	31	5145	0	5232
10844	5150	20	7	35	0	5212
10845	39	14	14	5190	0	5257
10846	40	11	5324	44	0	5419
10847	18	10	37	5334	0	5399
10848	18	17	5497	42	0	5574
10849	14	10	32	5434	0	5490
10850	8	14	5726	46	0	5794
10851	9	5696	34	51	0	5790
10852	7	31	30	5593	0	5661
10853	10	40	15	5526	0	5591
10854	8	5684	12	59	0	5763
10855	5775	29	9	46	0	5859
10856	26	38	8	5706	0	5778
10857	40	14	7	5668	0	5729
10858	5738	14	6	59	0	5817
10859	5608	10	9	45	0	5672
10860	5890	14	11	18	0	5933
10861	5919	8	6	22	0	5955
10862	75	9	5856	16	0	5956
10863	5791	9	32	14	0	5846
10864	5969	11	36	16	0	6032
10865	64	5	15	5635	0	5719
10866	39	10	15	5624	0	5688
10867	5519	6	10	63	0	5598
10868	29	5497	9	56	0	5591
10869	34	35	5	5270	0	5344
10870	6	29	5577	59	0	5671
10871	4	5460	19	35	0	5518
10872	5328	20	25	9	0	5382
10873	5336	30	8	6	0	5380
10874	5310	6	5	11	0	5332
10875	5427	5	4	10	0	5446
10876	53	6	2	5330	0	5391
10877	39	2	5304	33	0	5378
10878	17	8	5743	34	0	5802
10879	9	6	56	6163	0	6234
10880	6599	5	38	44	0	6686
10881	57	2	6	6659	0	6724
10882	52	1	6852	60	0	6965
10883	6795	1	58	51	0	6905
10884	6732	1	48	11	0	6792
10885	109	1	6	6906	0	7022
10886	63	4	7268	68	0	7403
10887	21	3	7335	49	0	7408
10888	7077	2	101	23	0	7203
10889	64	7294	42	20	0	7420
10890	55	62	7378	9	0	7504
10891	11	43	62	7281	0	7397
10892	7375	5	53	66	0	7499
10893	65	7187	11	59	0	7322
10894	49	7298	6	19	0	7372
10895	7249	98	6	9	0	7362
10896	70	52	7	7238	0	7367
10897	7757	9	5	67	0	7838
10898	79	8	7	7848	0	7942
10899	60	3	9	7973	0	8045
10900	23	6	7974	131	0	8134
10901	19	7	7741	70	0	7837
10902	20	3	8092	19	0	8134
10903	17	4	136	7976	0	8133
10904	8131	6	65	87	0	8289
10905	98	6	8203	64	0	8371
10906	77	4	87	8146	0	8314
10907	31	10	8365	96	0	8502
10908	17	8472	87	76	0	8652
10909	22	96	64	8458	0	8640
10910	21	61	15	8461	0	8558
10911	16	9	15	8650	0	8690
10912	8542	7	17	160	0	8726
10913	94	7	19	8539	0	8659
10914	98	6	9	8621	0	8734
10915	8632	8	14	162	0	8816
10916	96	14	8568	83	0	8761
10917	8462	8	95	19	0	8584
10918	8449	7	69	27	0	8552
10919	166	9	8452	17	0	8644
10920	8255	11	90	15	0	8371
10921	100	6	68	8504	0	8678
10922	82	16	8708	92	0	8898
10923	8611	5	103	80	0	8799
10924	8751	11	78	22	0	8862
10925	166	3	17	8739	0	8925
10926	87	6	17	8760	0	8870
10927	25	3	32	8896	0	8956
10928	8777	2	17	171	0	8967
10929	101	8849	22	99	0	9071
10930	8681	83	16	37	0	8817
10931	90	8272	25	32	0	8419
10932	71	8175	28	37	0	8311
10933	23	135	28	8278	0	8464
10934	27	65	21	8312	0	8425
10935	25	18	21	8272	0	8336
10936	17	8	21	8387	0	8433
10937	31	5	8229	156	0	8421
10938	7962	10	96	88	0	8156
10939	102	11	79	8233	0	8425
10940	83	17	8355	107	0	8562
10941	29	13	98	8364	0	8504
10942	36	8	74	8501	0	8619
10943	27	15	8891	170	0	9103
10944	31	12	95	8807	0	8945
10945	27	14	72	8885	0	8998
10946	8774	11	21	168	0	8974
10947	101	7	8944	96	0	9148
10948	8604	9	86	47	0	8746
10949	110	8894	78	55	0	9137
10950	8800	82	22	39	0	8943
10951	8533	64	28	31	0	8656
10952	156	10	32	8647	0	8845
10953	84	13	8679	119	0	8895
10954	32	9283	98	102	0	9515
10955	40	117	79	8970	0	9206
10956	20	9832	34	113	0	9999
10957	9767	112	35	95	0	10009
10958	131	81	9691	41	0	9944
10959	93	21	9717	30	0	9861
10960	24	13	179	9558	0	9774
10961	45	14	10009	151	0	10219
10962	29	21	119	9944	0	10113
10963	28	16	84	9927	0	10055
10964	10096	10	24	214	0	10344
10965	125	10274	15	134	0	10548
10966	90	115	17	10403	0	10625
10967	34	72	22	10549	0	10677
10968	27	16	16	10488	0	10547
10969	35	10418	27	224	0	10704
10970	23	10382	30	130	0	10565
10971	10243	177	21	41	0	10482
10972	10223	74	21	42	0	10360
10973	10215	13	36	37	0	10301
10974	215	7	10207	31	0	10460
10975	103	31	139	10032	0	10305
10976	26	15	10146	149	0	10336
10977	29	10062	125	102	0	10318
10978	9459	106	89	38	0	9692
10979	118	95	9250	28	0	9491
10980	63	17	92	8819	0	8991
10981	30	11	9019	94	0	9154
10982	8432	10	87	58	0	8587
10983	8707	6	55	25	0	8793
10984	8784	7	18	27	0	8836
10985	8524	8	24	23	0	8579
10986	139	15	8746	16	0	8916
10987	8499	14	74	19	0	8606
10988	8681	10	59	8	0	8758
10989	128	8683	16	15	0	8842
10990	8576	73	18	25	0	8692
10991	8620	50	29	15	0	8714
10992	123	9	12	8444	0	8588
10993	55	8853	12	83	0	9003
10994	9106	87	10	54	0	9257
10995	9620	51	13	27	0	9711
10996	165	21	10964	33	0	11183
10997	62	12	11213	20	0	11307
10998	19	10	11449	16	0	11494
10999	10	44	180	11192	0	11426
11000	11200	8	75	123	0	11406
11001	115	11259	18	87	0	11479
11002	11163	116	13	20	0	11312
11003	120	11211	8	25	0	11364
11004	11058	122	4	13	0	11197
11005	119	11079	4	15	0	11217
11006	62	11186	10	10	0	11268
11007	10828	163	4	10	0	11005
11008	113	11007	11	8	0	11139
11009	65	120	10	10882	0	11077
11010	29	51	11027	119	0	11226
11011	18	18	11056	56	0	11148
11012	13	12	159	10732	0	10916
11013	8	8	71	11037	0	11124
11014	21	8	11025	161	0	11215
11015	23	12	103	10848	0	10986
11016	17	14	71	11004	0	11106
11017	11010	12	28	165	0	11215
11018	120	11044	20	102	0	11286
11019	76	128	17	10693	0	10914
11020	38	11248	25	128	0	11439
11021	11176	134	23	62	0	11395
11022	131	11248	21	35	0	11435
11023	11176	137	19	23	0	11355
11024	11078	74	26	22	0	11200
11025	187	34	23	10833	0	11077
11026	95	27	29	10932	0	11083
11027	46	23	22	11005	0	11096
11028	30	30	35	11128	0	11223
11029	32	27	10841	201	0	11101
11030	10310	32	126	102	0	10570
11031	135	10862	67	51	0	11115
11032	105	133	26	10878	0	11142
11033	49	93	23	10832	0	10997
11034	50	10987	31	189	0	11257
11035	10946	153	43	88	0	11230
11036	134	11166	35	56	0	11391
11037	106	153	31	11061	0	11351
11038	53	104	23	11179	0	11359
11039	56	44	23	11225	0	11348
11040	35	49	36	11159	0	11279
11041	11099	27	32	221	0	11379
11042	160	38	11112	111	0	11421
11043	101	38	144	10677	0	10960
11044	57	42	93	10680	0	10872
11045	44	38	42	10820	0	10944
11046	50	32	41	10833	0	10956
11047	10476	32	32	233	0	10773
11048	178	37	10560	119	0	10894
11049	108	56	141	10113	0	10418
11050	59	10315	84	155	0	10613
11051	44	10542	40	123	0	10749
11052	10409	204	22	102	0	10737
11053	182	110	10385	51	0	10728
11054	9590	58	119	45	0	9812
11055	163	42	9833	45	0	10083
11056	82	32	104	9260	0	9478
11057	9360	32	65	131	0	9588
11058	97	9533	34	123	0	9787
11059	68	112	29	9210	0	9419
11060	54	9351	35	123	0	9563
11061	9267	123	39	76	0	9505
11062	9155	72	39	67	0	9333
11063	156	40	22	9240	0	9458
11064	90	29	8975	145	0	9239
11065	46	39	8986	112	0	9183
11066	35	42	136	8714	0	8927
11067	43	9011	79	124	0	9257
11068	33	128	39	9150	0	9350
11069	47	84	15	8929	0	9075
11070	42	72	15	8936	0	9065
11071	50	28	8942	198	0	9218
11072	42	44	97	8970	0	9153
11073	40	40	65	8908	0	9053
11074	33	8920	41	248	0	9242
11075	23	137	29	8402	0	8591
11076	30	66	25	9235	0	9356
11077	40	28	30	9305	0	9403
11078	35	25	33	9320	0	9413
11079	28	19	28	9174	0	9249
11080	33	31	30	9138	0	9232
11081	39	33	29	8971	0	9072
11082	32	53	32	8943	0	9060
11083	47	38	8575	236	0	8896
11084	45	39	92	8689	0	8865
11085	8645	23	72	158	0	8898
11086	121	31	29	8524	0	8705
11087	99	25	8599	152	0	8875
11088	8320	35	100	125	0	8580
11089	8569	36	65	84	0	8754
11090	8611	37	35	65	0	8748
11091	8564	32	23	69	0	8688
11092	166	22	25	8746	0	8959
11093	108	20	8774	147	0	9049
11094	55	8542	95	111	0	8803
11095	35	8026	71	87	0	8219
11096	52	197	156	6112	0	6517
11097	13	23	64	6194	0	6294
11098	10	12	2	6195	0	6219
11099	10	6	4	6303	0	6323
11100	7	7	9	7173	0	7196
11101	8046	6	7	85	0	8144
11102	56	8118	5	66	0	8245
11103	45	8453	1	29	0	8528
11104	17	133	3	8519	0	8672
11105	8	58	6	8638	0	8710
11106	2	14	8	8622	0	8646
11107	6	3	8	8638	0	8655
11108	10	7	8343	150	0	8510
11109	15	8288	73	82	0	8458
11110	11	84	55	8240	0	8390
11111	8077	48	12	96	0	8233
11112	88	7	8	8171	0	8274
11113	55	6	8173	92	0	8326
11114	17	5	7983	73	0	8078
11115	13	5	8214	23	0	8255
11116	3	12	134	7931	0	8080
11117	8200	4	64	91	0	8359
11118	77	9	10	8210	0	8306
11119	55	6	5	8327	0	8393
11120	8333	6	6	132	0	8477
11121	77	10	6	8440	0	8533
11122	60	9	9	8505	0	8583
11123	17	14	8938	135	0	9104
11124	15	9013	73	81	0	9182
11125	10	82	52	9295	0	9439
11126	9177	50	25	107	0	9359
11127	85	9	7	9306	0	9407
11128	50	12	9390	107	0	9559
11129	9	30	88	9305	0	9432
11130	11	9372	53	100	0	9536
11131	14	82	15	9477	0	9588
11132	17	54	9383	105	0	9559
11133	10	9879	82	73	0	10044
11134	9	123	56	9835	0	10023
11135	6	77	25	10874	0	10982
11136	8	21	17	11048	0	11094
11137	9	18	11	11301	0	11339
11138	21	5	11098	219	0	11343
11139	10	11082	117	143	0	11352
11140	11077	105	82	51	0	11315
11141	11116	78	25	43	0	11262
11142	179	19	18	11066	0	11282
11143	95	13	11055	143	0	11306
11144	10601	8	122	114	0	10845
11145	113	9	90	11085	0	11297
11146	85	11	11509	147	0	11752
11147	23	10	125	11493	0	11651
11148	28	6	91	11405	0	11530
11149	12	14	30	11655	0	11711
11150	14	14	11803	234	0	12065
11151	26	15	108	11444	0	11593
11152	15	11838	85	163	0	12101
11153	11819	119	24	109	0	12071
11154	11578	83	23	52	0	11736
11155	11766	28	16	57	0	11867
11156	201	11723	17	58	0	11999
11157	11756	117	25	50	0	11948
11158	124	96	18	11565	0	11803
11159	11524	27	31	161	0	11743
11160	11423	18	26	126	0	11593
11161	212	20	11412	65	0	11709
11162	97	11379	120	72	0	11668
11163	11310	116	96	60	0	11582
11164	126	106	36	11411	0	11679
11165	99	32	11453	162	0	11746
11166	30	11443	123	130	0	11726
11167	11175	127	109	57	0	11468
11168	123	88	30	11209	0	11450
11169	93	39	31	11238	0	11401
11170	34	31	30	11250	0	11345
11171	31	11212	23	253	0	11519
11172	30	124	27	11281	0	11462
11173	35	11201	22	167	0	11425
11174	46	126	21	11209	0	11402
11175	54	93	11206	166	0	11519
11176	37	39	127	11178	0	11381
11177	40	26	105	11197	0	11368
11178	49	20	38	11390	0	11497
11179	37	22	11186	255	0	11500
11180	43	26	139	11196	0	11404
11181	53	21	113	11310	0	11497
11182	43	22	49	11425	0	11539
11183	39	31	40	11373	0	11483
11184	55	24	39	11502	0	11620
11185	43	36	11267	254	0	11600
11186	53	32	125	11232	0	11442
11187	63	32	105	11071	0	11271
11188	10845	21	32	250	0	11148
11189	135	10816	35	170	0	11156
11190	115	11054	45	90	0	11304
11191	52	202	31	11012	0	11297
11192	42	101	27	10836	0	11006
11193	41	10485	37	249	0	10812
11194	49	133	40	10607	0	10829
11195	35	10574	45	191	0	10845
11196	55	154	33	10404	0	10646
11197	57	116	25	10268	0	10466
11198	52	29	10055	258	0	10394
11199	40	9868	132	158	0	10198
11200	46	9087	82	70	0	9285
11201	7789	137	41	47	0	8014
11202	70	7885	22	69	0	8046
11203	56	83	15	7625	0	7779
11204	47	55	7446	101	0	7649
11205	36	34	64	7315	0	7449
11206	7329	18	57	95	0	7499
11207	81	28	7583	105	0	7797
11208	57	7748	70	53	0	7928
11209	48	72	58	7435	0	7613
11210	46	50	21	7845	0	7962
11211	8025	22	20	130	0	8197
11212	72	28	23	8092	0	8215
11213	65	24	11	8077	0	8177
11214	36	24	9	8098	0	8167
11215	26	17	16	8088	0	8147
11216	7947	25	19	138	0	8129
11217	7692	27	22	101	0	7842
11218	111	29	20	7869	0	8029
11219	7807	22	21	97	0	7947
11220	87	22	16	7651	0	7776
11221	57	14	7528	108	0	7707
11222	29	27	7409	99	0	7564
11223	24	88	91	6836	0	7039
11224	13	7002	52	121	0	7188
11225	20	60	20	6895	0	6995
11226	6781	47	28	99	0	6955
11227	51	26	18	6858	0	6953
11228	6748	24	9	90	0	6871
11229	63	16	14	6886	0	6979
11230	59	15	7045	95	0	7214
11231	22	6977	59	80	0	7138
11232	14	7176	49	50	0	7289
11233	27	193	29	6527	0	6776
11234	24	51	6700	86	0	6861
11235	2	5578	22	21	0	5623
11236	24	67	21	5347	0	5459
11237	5252	9	5	20	0	5286
11238	14	3	5593	15	0	5625
11239	10	3	13	5477	0	5503
11240	4	1	8	5697	0	5710
11241	6	2	5699	26	0	5733
11242	7	5	5477	17	0	5506
11243	7	2	5688	9	0	5706
11244	0	3	22	5628	0	5653
11245	6	2	5903	16	0	5927
11246	5186	1	20	13	0	5220
11247	16	1	9	6099	0	6125
11248	16	0	7506	19	0	7541
11249	0	7688	21	31	0	7740
11250	17	23	7649	5	0	7694
11251	4	16	20	7594	0	7634
11252	7868	1	16	27	0	7912
11253	23	6	2	7975	0	8006
11254	15	1	3	8082	0	8101
11255	8726	0	1	49	0	8776
11256	35	1	4	9035	0	9075
11257	31	2	9173	47	0	9253
11258	8880	3	46	41	0	8970
11259	45	9379	38	8	0	9470
11260	9476	44	3	7	0	9530
11261	52	38	5	9435	0	9530
11262	51	0	9425	47	0	9523
11263	12	2	9589	42	0	9645
11264	3	3	83	9426	0	9515
11265	0	1	38	9356	0	9395
11266	12	3	9518	84	0	9617
11267	5	3	9238	45	0	9291
11268	9215	0	84	9	0	9308
11269	42	4	40	9399	0	9485
11270	9528	2	13	48	0	9591
11271	42	1	7	9503	0	9553
11272	51	0	9926	53	0	10030
11273	13	4	10476	54	0	10547
11274	5	5	97	10390	0	10497
11275	2	4	45	10688	0	10739
11276	10	1	11064	89	0	11164
11277	10658	8	59	59	0	10784
11278	68	3	55	11320	0	11446
11279	11995	2	6	81	0	12084
11280	87	13895	11	84	0	14077
11281	78	126	10	14207	0	14421
11282	14284	91	6	141	0	14522
11283	142	4	14433	122	0	14701
11284	112	8	147	14275	0	14542
11285	9	8	115	14350	0	14482
11286	14	2	18	14838	0	14872
11287	11	2	14702	254	0	14969
11288	8	3	149	14498	0	14658
11289	13	14772	117	145	0	15047
11290	6	151	19	14891	0	15067
11291	14	107	14735	165	0	15021
11292	21	11	14971	124	0	15127
11293	11	10	257	14751	0	15029
11294	12	15	126	14656	0	14809
11295	15	5	27	15033	0	15080
11296	15	3	20	15247	0	15285
11297	14970	4	23	273	0	15270
11298	14600	13	16	148	0	14777
11299	266	4	14886	47	0	15203
11300	128	15175	153	39	0	15495
11301	26	148	137	15362	0	15673
11302	15673	120	33	166	0	15992
11303	15105	32	38	155	0	15330
11304	15754	10	19	47	0	15830
11305	15813	10	30	38	0	15891
11306	282	9	15754	42	0	16087
11307	15184	10	173	46	0	15413
11308	178	15370	130	60	0	15738
11309	121	152	42	15482	0	15797
11310	27	112	15684	188	0	16011
11311	38	23	160	15468	0	15689
11312	35	13	15666	215	0	15929
11313	34	9	180	15555	0	15778
11314	20	20	145	15751	0	15936
11315	15623	12	29	309	0	15973
11316	174	16	39	15810	0	16039
11317	148	19	15904	220	0	16291
11318	31	20	184	16164	0	16399
11319	16121	12	150	228	0	16511
11320	179	16	64	16438	0	16697
11321	156	9	16431	224	0	16820
11322	51	16259	183	197	0	16690
11323	16727	167	148	76	0	17118
11324	198	123	59	16188	0	16568
11325	157	16965	56	213	0	17391
11326	16970	173	64	167	0	17374
11327	205	122	16956	100	0	17383
11328	147	16919	193	110	0	17369
11329	55	163	163	17026	0	17407
11330	45	119	16878	211	0	17253
11331	56	27	202	16583	0	16868
11332	16616	17	164	250	0	17047
11333	211	19	16560	197	0	16987
11334	168	25	194	16324	0	16711
11335	63	20	16669	247	0	16999
11336	72	24	197	16355	0	16648
11337	65	28	164	16674	0	16931
11338	16260	19	52	360	0	16691
11339	191	16365	65	226	0	16847
11340	175	161	54	16442	0	16832
11341	16257	122	57	247	0	16683
11342	16077	39	52	221	0	16389
11343	301	40	63	16069	0	16473
11344	178	16130	67	234	0	16609
11345	75	16349	55	238	0	16717
11346	78	308	104	15998	0	16488
11347	43	154	52	15865	0	16114
11348	14508	34	65	320	0	14927
11349	175	28	64	14502	0	14769
11350	154	28	14100	221	0	14503
11351	13125	21	182	222	0	13550
11352	163	13729	159	126	0	14177
11353	13674	153	55	103	0	13985
11354	207	116	14106	95	0	14524
11355	138	14172	172	85	0	14567
11356	13876	148	170	70	0	14264
11357	13778	115	57	91	0	14041
11358	262	24	14029	70	0	14385
11359	13714	33	160	60	0	13967
11360	13837	18	109	69	0	14033
11361	255	13990	35	63	0	14343
11362	150	134	31	14206	0	14521
11363	77	104	14044	165	0	14390
11364	73	37	156	14256	0	14522
11365	55	46	14483	188	0	14772
11366	45	30	167	14375	0	14617
11367	14524	38	128	190	0	14880
11368	167	25	44	15043	0	15279
11369	144	20	16594	228	0	16986
11370	16720	30	209	162	0	17121
11371	226	18	146	17405	0	17795
11372	169	16	17085	235	0	17505
11373	16047	18	217	185	0	16467
11374	215	29	161	16518	0	16923
11375	193	24	16297	236	0	16750
11376	77	26	16014	171	0	16288
11377	51	192	275	15529	0	16047
11378	64	33	16130	193	0	16420
11379	32	15417	176	139	0	15764
11380	59	255	99	13163	0	13576
11381	13102	75	40	111	0	13328
11382	135	15	13155	69	0	13374
11383	81	7	13053	31	0	13172
11384	12330	3	179	19	0	12531
11385	103	3	13068	20	0	13194
11386	12310	2	106	14	0	12432
11387	112	5	12872	22	0	13011
11388	70	1	104	12640	0	12815
11389	29	4	13045	89	0	13167
11390	11	4	99	12791	0	12905
11391	20	9	13172	96	0	13297
11392	21	7	12885	69	0	12982
11393	11831	4	144	40	0	12019
11394	87	13052	85	20	0	13244
11395	13052	74	37	18	0	13181
11396	105	13115	26	34	0	13280
11397	74	87	29	13011	0	13201
11398	29	70	15	13254	0	13368
11399	13245	16	25	140	0	13426
11400	86	10	25	12994	0	13115
11401	86	1	12966	121	0	13174
11402	12214	6	100	80	0	12400
11403	12510	6	83	36	0	12635
11404	138	6	42	12681	0	12867
11405	101	4	12927	88	0	13120
11406	32	11	114	12752	0	12909
11407	22	12920	77	114	0	13133
11408	17	84	39	12687	0	12827
11409	17	68	27	12993	0	13105
11410	24	24	12768	151	0	12967
11411	11321	6	120	122	0	11569
11412	100	12544	77	52	0	12773
11413	12545	80	43	23	0	12691
11414	102	12738	34	26	0	12900
11415	80	108	32	12514	0	12734
11416	32	12836	27	101	0	12996
11417	36	95	12549	87	0	12767
11418	23	74	110	11867	0	12074
11419	23	30	85	12015	0	12153
11420	27	20	48	12311	0	12406
11421	12060	14	27	182	0	12283
11422	99	11	35	12049	0	12194
11423	11809	10	42	127	0	11988
11424	11725	14	44	101	0	11884
11425	11522	17	44	75	0	11658
11426	187	19	11860	40	0	12106
11427	117	12	118	11717	0	11964
11428	46	19	120	12132	0	12317
11429	41	16	82	12439	0	12578
11430	13026	19	59	227	0	13331
11431	137	22	59	13036	0	13254
11432	114	16	68	13365	0	13563
11433	14260	31	63	240	0	14594
11434	181	18	70	14685	0	14954
11435	139	35	15080	202	0	15456
11436	85	22	15241	150	0	15498
11437	72	21	293	15237	0	15623
11438	15163	32	179	201	0	15575
11439	14262	24	124	148	0	14558
11440	287	21	71	15022	0	15401
11441	153	17	15154	224	0	15548
11442	78	15159	219	152	0	15608
11443	61	171	166	15086	0	15484
11444	68	110	91	15243	0	15512
11445	83	48	79	15348	0	15558
11446	15182	28	71	312	0	15593
11447	211	26	15207	184	0	15628
11448	15066	35	218	89	0	15408
11449	243	30	138	14884	0	15295
11450	159	15227	61	208	0	15655
11451	15229	163	68	173	0	15633
11452	14904	115	52	101	0	15172
11453	309	42	15828	85	0	16264
11454	179	15161	205	101	0	15646
11455	73	14812	144	104	0	15133
11456	14701	245	96	87	0	15129
11457	216	126	63	14490	0	14895
11458	151	56	42	14396	0	14645
11459	96	38	52	14240	0	14426
11460	62	14245	45	333	0	14685
11461	47	14440	41	202	0	14730
11462	14134	271	43	108	0	14556
11463	218	142	40	14079	0	14479
11464	145	61	14960	239	0	15405
11465	79	56	211	15785	0	16131
11466	79	47	17662	264	0	18052
11467	94	47	18016	176	0	18333
11468	61	65	17933	95	0	18154
11469	28	15807	335	53	0	16223
11470	69	232	284	14455	0	15040
11471	16	15099	50	197	0	15362
11472	27	226	37	14594	0	14884
11473	19	143	18	15054	0	15234
11474	14946	28	26	313	0	15313
11475	194	28	29	15042	0	15293
11476	14780	16	17	248	0	15061
11477	14890	15	18	158	0	15081
11478	321	26	16	14285	0	14648
11479	162	14621	12	230	0	15025
11480	79	189	18	14456	0	14742
11481	38	14677	22	236	0	14973
11482	23	212	28	14649	0	14912
11483	30	154	14558	236	0	14978
11484	30	39	190	14650	0	14909
11485	28	33	139	14841	0	15041
11486	14392	15	47	361	0	14815
11487	188	14554	38	205	0	14985
11488	140	202	29	14457	0	14828
11489	62	151	35	14314	0	14562
11490	53	14395	32	345	0	14825
11491	32	212	43	14411	0	14698
11492	13645	153	65	273	0	14136
11493	14133	56	38	200	0	14427
11494	317	14040	41	127	0	14525
11495	179	208	37	14032	0	14456
11496	13740	150	28	252	0	14170
11497	214	14080	33	209	0	14536
11498	159	233	25	13583	0	14000
11499	69	14074	32	247	0	14422
11500	13910	238	51	180	0	14379
11501	240	164	13877	97	0	14378
11502	185	62	13911	84	0	14242
11503	73	83	313	13745	0	14214
11504	81	61	13934	262	0	14338
11505	48	49	257	13619	0	13973
11506	13546	44	177	273	0	14040
11507	220	40	13850	206	0	14316
11508	174	48	229	13648	0	14099
11509	70	49	151	13933	0	14203
11510	13849	57	57	357	0	14320
11511	216	14048	68	222	0	14554
11512	14147	234	37	106	0	14524
11513	14011	158	37	114	0	14320
11514	346	13873	28	133	0	14380
11515	203	244	30	13935	0	14412
11516	108	155	13842	270	0	14375
11517	82	73	215	13666	0	14036
11518	68	13811	131	279	0	14289
11519	13939	242	57	208	0	14446
11520	233	184	48	14024	0	14489
11521	176	75	14213	283	0	14747
11522	68	77	227	14289	0	14661
11523	55	54	169	14281	0	14559
11524	60	67	71	14455	0	14653
11525	55	71	80	14479	0	14685
11526	49	53	64	14179	0	14345
11527	57	50	13799	441	0	14347
11528	117	65	13474	257	0	13913
11529	37	13151	310	154	0	13652
11530	50	12769	160	113	0	13092
11531	12500	276	84	97	0	12957
11532	209	149	12532	80	0	12970
11533	11291	82	202	117	0	11692
11534	203	49	11144	72	0	11468
11535	141	46	10445	67	0	10699
11536	59	45	236	10106	0	10446
11537	10431	43	143	163	0	10780
11538	147	35	61	10602	0	10845
11539	117	46	32	10692	0	10887
11540	53	25	11399	292	0	11769
11541	59	33	139	11354	0	11585
11542	40	26	104	11323	0	11493
11543	40	38	40	11222	0	11340
11544	52	22	34	11209	0	11317
11545	33	38	29	11324	0	11424
11546	11025	19	26	298	0	11368
11547	133	30	21	11140	0	11324
11548	123	24	10865	222	0	11234
11549	48	42	123	10825	0	11038
11550	52	20	10830	198	0	11100
11551	39	35	149	10783	0	11006
11552	36	40	11217	181	0	11474
11553	32	65	137	10416	0	10650
11554	30	40	117	10655	0	10842
11555	40	31	10645	228	0	10944
11556	9770	28	138	143	0	10079
11557	131	19	10742	80	0	10972
11558	104	46	141	10676	0	10967
11559	10733	13	136	132	0	11014
11560	113	23	51	10819	0	11006
11561	114	34	38	10884	0	11070
11562	65	19	11055	224	0	11363
11563	43	10886	106	161	0	11196
11564	14	9735	82	87	0	9918
11565	20	9085	46	70	0	9221
11566	239	44	171	6406	0	6860
11567	6538	10	44	16	0	6608
11568	9	2	4	6503	0	6518
11569	7	6	4	6532	0	6549
11570	3	4	1	6581	0	6589
11571	2	0	4	6565	0	6571
11572	0	6587	4	35	0	6626
11573	4	11	0	6707	0	6722
11574	0	11	3	6669	0	6683
11575	2	6672	0	27	0	6701
11576	6772	12	2	20	0	6806
11577	13	10	2	6782	0	6807
11578	6825	4	2	20	0	6851
11579	6666	1	1	24	0	6692
11580	25	7043	2	16	0	7086
11581	14	14	14	7468	0	7510
11582	8	10	7525	17	0	7560
11583	5	3	7393	18	0	7419
11584	1	27	28	7393	0	7449
11585	7559	0	18	25	0	7602
11586	7648	2	12	15	0	7677
11587	31	3	3	7916	0	7953
11588	8008	3	3	29	0	8043
11589	23	7951	6	19	0	7999
11590	7950	23	4	18	0	7995
11591	27	8846	7	10	0	8890
11592	13	34	7	8949	0	9003
11593	6	12	1	9006	0	9025
11594	2	9104	3	44	0	9153
11595	9081	25	10	37	0	9153
11596	26	17	9052	12	0	9107
11597	19	8	25	8908	0	8960
11598	10	6	9243	28	0	9287
11599	3	14	28	9107	0	9152
11600	9239	4	14	46	0	9303
11601	26	5	4	9204	0	9239
11602	9129	0	4	42	0	9175
11603	9061	1	7	28	0	9097
11604	39	4	3	9148	0	9194
11605	23	1	9159	35	0	9218
11606	6	9627	26	25	0	9684
11607	6	25	15	9511	0	9557
11608	9445	14	7	38	0	9504
11609	35	7	9630	23	0	9695
11610	27	6	23	9483	0	9539
11611	13	4	16	9358	0	9391
11612	7	5	7	9505	0	9524
11613	9479	5	1	55	0	9540
11614	32	7	8	9334	0	9381
11615	19	11	4	9525	0	9559
11616	19	3	9735	60	0	9817
11617	5	5	33	9672	0	9715
11618	9	3	21	9963	0	9996
11619	7	5	14	10109	0	10135
11620	11	10117	3	62	0	10193
11621	16	26	9	9855	0	9906
11622	10	23	1	9916	0	9950
11623	9771	12	5	68	0	9856
11624	44	4	9769	39	0	9856
11625	37	5	9496	22	0	9560
11626	9	9741	50	26	0	9826
11627	25	42	34	9878	0	9979
11628	9847	25	15	46	0	9933
11629	45	14	5	9660	0	9724
11630	26	4	9	9894	0	9933
11631	17	6	8	9876	0	9907
11632	10	4	6	9881	0	9901
11633	9	4	6	9882	0	9901
11634	17	8	9842	74	0	9941
11635	10	4	30	9818	0	9862
11636	9821	6	19	60	0	9906
11637	39	9620	12	50	0	9721
11638	29	29	9	9717	0	9784
11639	7	24	4	9688	0	9723
11640	10	8	9399	68	0	9485
11641	9	9	36	9224	0	9278
11642	13	6	23	9644	0	9686
11643	9986	1	8	83	0	10078
11644	47	10340	10	54	0	10451
11645	36	49	11	10430	0	10526
11646	11	37	7	10565	0	10620
11647	31	15	8	10633	0	10687
11648	20	10	10724	116	0	10870
11649	16	8	10529	74	0	10627
11650	16	10624	95	38	0	10773
11651	15	10726	58	39	0	10838
11652	8	97	14	10490	0	10609
11653	9	10623	25	116	0	10773
11654	11	86	9	11529	0	11635
11655	11	67	10	12712	0	12800
11656	10	17	14	13484	0	13525
11657	12	12	9	15297	0	15330
11658	20	12	15798	218	0	16048
11659	5	12	112	15751	0	15880
11660	7	25	134	15556	0	15722
11661	9	11	27	16157	0	16204
11662	15868	7	12	288	0	16175
11663	109	16301	23	202	0	16635
11664	132	136	10	15426	0	15704
11665	27	16371	9	155	0	16562
11666	15894	135	14	156	0	16199
11667	14940	151	17	71	0	15179
11668	220	16281	14	57	0	16572
11669	136	16619	16	58	0	16829
11670	47	260	16603	38	0	16948
11671	19	16937	130	38	0	17124
11672	22	177	143	16486	0	16828
11673	16616	158	29	157	0	16960
11674	107	16986	8	207	0	17308
11675	126	134	23	16865	0	17148
11676	27	162	15	17034	0	17238
11677	16	35	19	17471	0	17541
11678	17246	19	14	301	0	17580
11679	133	33	17236	209	0	17611
11680	16508	15	120	110	0	16753
11681	140	16929	146	83	0	17298
11682	153	139	32	16986	0	17310
11683	60	159	16786	159	0	17164
11684	15861	51	135	181	0	16228
11685	136	16895	141	81	0	17253
11686	175	145	29	16435	0	16784
11687	46	16874	18	147	0	17085
11688	23	159	30	16585	0	16797
11689	26	175	24	16902	0	17127
11690	18	66	16751	281	0	17116
11691	39	42	15882	206	0	16169
11692	19	48	250	15955	0	16272
11693	28	36	16335	172	0	16571
11694	21	32	134	15989	0	16176
11695	17	30	162	15742	0	15951
11696	20	31	47	16396	0	16494
11697	16111	24	27	324	0	16486
11698	134	18	40	16356	0	16548
11699	170	26	16350	194	0	16740
11700	16237	21	122	208	0	16588
11701	132	41	159	16425	0	16757
11702	178	44	48	16682	0	16952
11703	16520	38	31	307	0	16896
11704	135	17028	46	242	0	17451
11705	177	144	21	17074	0	17416
11706	55	169	34	16813	0	17071
11707	16620	71	33	329	0	17053
11708	142	43	16702	261	0	17148
11709	162	56	137	16398	0	16753
11710	58	53	177	16480	0	16768
11711	46	50	62	16212	0	16370
11712	47	16498	40	350	0	16935
11713	33	159	48	16670	0	16910
11714	16345	177	41	244	0	16807
11715	136	16469	47	275	0	16927
11716	16109	134	38	169	0	16450
11717	162	16588	47	127	0	16924
11718	16445	166	53	124	0	16788
11719	193	187	16440	99	0	16919
11720	186	94	16284	130	0	16694
11721	16145	66	242	125	0	16578
11722	177	76	16762	120	0	17135
11723	202	69	146	16465	0	16882
11724	98	73	185	16055	0	16411
11725	71	66	73	16876	0	17086
11726	16694	57	56	354	0	17161
11727	178	63	16592	247	0	17080
11728	16353	68	142	145	0	16708
11729	177	63	179	16921	0	17340
11730	16960	72	62	227	0	17321
11731	209	81	50	17249	0	17589
11732	17703	68	60	241	0	18072
11733	224	84	42	18944	0	19294
11734	212	80	19687	277	0	20256
11735	19508	70	166	255	0	19999
11736	20066	76	193	142	0	20477
11737	365	73	70	20025	0	20533
11738	246	79	76	19576	0	19977
11739	99	20286	96	380	0	20861
11740	19659	170	96	276	0	20201
11741	212	20096	68	159	0	20535
11742	19640	188	79	148	0	20055
11743	223	170	19537	135	0	20065
11744	215	79	19322	129	0	19745
11745	110	38	19256	132	0	19536
11746	18478	47	346	101	0	18972
11747	185	19217	225	114	0	19741
11748	215	137	103	18951	0	19406
11749	18770	171	69	213	0	19223
11750	182	19288	60	292	0	19822
11751	199	375	51	18535	0	19160
11752	98	19048	51	232	0	19429
11753	65	18397	56	254	0	18772
11754	83	17989	56	120	0	18248
11755	16101	300	146	137	0	16684
11756	125	16098	53	95	0	16371
11757	102	13865	16	54	0	14037
11758	38	13419	18	53	0	13528
11759	13174	134	105	34	0	13447
11760	13101	77	30	29	0	13237
11761	130	39	13052	33	0	13254
11762	12404	12	62	28	0	12506
11763	12531	14	81	33	0	12659
11764	128	14	29	12596	0	12767
11765	12761	17	25	79	0	12882
11766	91	14	12775	85	0	12965
11767	93	13583	58	56	0	13790
11768	13684	85	68	30	0	13867
11769	109	67	34	14292	0	14502
11770	14315	28	15	92	0	14450
11771	119	27	13903	103	0	14152
11772	13889	25	70	34	0	14018
11773	105	24	83	14154	0	14366
11774	99	22	14101	100	0	14322
11775	39	13780	87	94	0	14000
11776	30	14009	86	47	0	14172
11777	38	177	19	13496	0	13730
11778	29	103	21	13312	0	13465
11779	20	13881	7	130	0	14038
11780	13724	80	10	79	0	13893
11781	13407	77	23	21	0	13528
11782	13372	29	18	15	0	13434
11783	162	13745	6	24	0	13937
11784	98	82	13	12943	0	13136
11785	31	13765	11	76	0	13883
11786	13690	90	20	60	0	13860
11787	13437	90	16	27	0	13570
11788	167	13471	15	23	0	13676
11789	13625	88	16	26	0	13755
11790	118	72	20	13439	0	13649
11791	104	32	24	13511	0	13671
11792	13590	20	26	163	0	13799
11793	13054	30	27	103	0	13214
11794	13315	37	22	38	0	13412
11795	175	40	20	13272	0	13507
11796	118	41	15	13405	0	13579
11797	57	45	13424	162	0	13688
11798	39	49	99	13157	0	13344
11799	55	45	97	13049	0	13246
11800	64	44	12889	159	0	13156
11801	61	33	12541	105	0	12740
11802	46	37	12929	38	0	13050
11803	45	52	169	12697	0	12963
11804	49	61	12582	103	0	12795
11805	47	54	96	12296	0	12493
11806	49	64	78	12524	0	12715
11807	53	59	12510	164	0	12786
11808	52	68	12486	103	0	12709
11809	73	55	144	12371	0	12643
11810	62	56	13057	108	0	13283
11811	63	61	12943	101	0	13168
11812	64	13037	161	32	0	13294
11813	13119	128	84	28	0	13359
11814	12919	113	38	35	0	13105
11815	13165	55	27	45	0	13292
11816	198	13146	29	40	0	13413
11817	149	12950	25	64	0	13188
11818	103	157	35	12816	0	13111
11819	88	109	35	12664	0	12896
11820	71	64	12606	187	0	12928
11821	68	44	104	12567	0	12783
11822	12468	41	99	125	0	12733
11823	145	37	41	11736	0	11959
11824	134	12361	44	130	0	12669
11825	12569	115	42	115	0	12841
11826	12359	103	30	73	0	12565
11827	12661	50	37	65	0	12813
11828	215	40	12748	56	0	13059
11829	128	69	103	12688	0	12988
11830	13743	41	107	143	0	14034
11831	171	36	13996	115	0	14318
11832	122	13397	147	82	0	13748
11833	68	12286	95	87	0	12536
11834	10876	187	88	33	0	11184
11835	130	11059	46	27	0	11262
11836	100	121	22	10632	0	10875
11837	48	87	11026	127	0	11288
11838	41	63	109	10905	0	11118
11839	10801	25	83	152	0	11061
11840	121	10862	18	111	0	11112
11841	10813	108	28	36	0	10985
11842	139	77	10838	33	0	11087
11843	111	60	104	10355	0	10630
11844	38	11059	84	112	0	11293
11845	44	133	28	11208	0	11413
11846	11167	82	27	132	0	11408
11847	11236	19	21	104	0	11380
11848	11090	21	35	50	0	11196
11849	11321	17	27	44	0	11409
11850	191	15	26	10941	0	11173
11851	105	18	11187	130	0	11440
11852	55	18	115	10831	0	11019
11853	31	11164	85	145	0	11425
11854	11243	108	34	93	0	11478
11855	132	73	11203	44	0	11452
11856	10957	22	116	39	0	11134
11857	131	14	94	11081	0	11320
11858	87	26	11382	130	0	11625
11859	51	14	115	11285	0	11465
11860	11421	16	93	139	0	11669
11861	11287	29	44	108	0	11468
11862	11358	27	47	41	0	11473
11863	189	28	11462	52	0	11731
11864	110	58	110	11405	0	11683
11865	56	25	11745	131	0	11957
11866	38	11581	122	108	0	11849
11867	10690	107	91	68	0	10956
11868	108	10583	31	59	0	10781
11869	9672	84	38	22	0	9816
11870	104	48	11	9333	0	9496
11871	57	9739	23	65	0	9884
11872	9818	73	28	46	0	9965
11873	92	42	9905	23	0	10062
11874	53	33	73	9722	0	9881
11875	9885	16	38	87	0	10026
11876	96	23	9897	64	0	10080
11877	64	18	79	9632	0	9793
11878	35	9743	45	93	0	9916
11879	31	80	19	9874	0	10004
11880	37	48	17	9903	0	10005
11881	9857	24	21	117	0	10019
11882	90	9871	13	84	0	10058
11883	75	100	20	9646	0	9841
11884	42	9943	13	101	0	10099
11885	32	101	40	9881	0	10054
11886	28	10209	20	93	0	10350
11887	10148	93	18	60	0	10319
11888	111	54	10273	39	0	10477
11889	66	27	90	10066	0	10249
11890	41	15	56	10037	0	10149
11891	34	11	30	10109	0	10184
11892	39	18	20	10080	0	10157
11893	45	19	10065	134	0	10263
11894	25	10448	94	74	0	10641
11895	10442	80	52	33	0	10607
11896	10385	55	28	23	0	10491
11897	134	10500	18	41	0	10693
11898	10585	101	13	35	0	10734
11899	10407	47	18	39	0	10511
11900	129	10838	19	38	0	11024
11901	79	93	18	10651	0	10841
11902	52	10942	15	82	0	11091
11903	10859	106	22	54	0	11041
11904	112	48	10713	31	0	10904
11905	10031	32	102	31	0	10196
11906	114	24	10920	33	0	11091
11907	69	25	101	10741	0	10936
11908	10840	13	67	110	0	11030
11909	120	19	10891	73	0	11103
11910	10237	17	88	42	0	10384
11911	10600	13	57	32	0	10702
11912	145	23	26	10627	0	10821
11913	76	10740	24	109	0	10949
11914	10844	97	22	53	0	11016
11915	104	64	11	10763	0	10942
11916	76	10746	20	94	0	10936
11917	10826	100	36	63	0	11025
11918	118	66	19	10907	0	11110
11919	73	11515	21	103	0	11712
11920	35	108	17	11741	0	11901
11921	11748	61	32	109	0	11950
11922	11685	25	19	81	0	11810
11923	11748	26	30	43	0	11847
11924	139	23	22	11650	0	11834
11925	83	21	23	11666	0	11793
11926	52	14	11815	135	0	12016
11927	26	76	99	11708	0	11909
11928	57	30	12146	115	0	12348
11929	33	22	11441	61	0	11557
11930	19	6	10799	13	0	10837
11931	7	11096	65	21	0	11189
11932	17	66	53	10720	0	10856
11933	21	12096	12	32	0	12161
11934	12263	73	9	47	0	12392
11935	12195	61	5	13	0	12274
11936	98	10	11	12791	0	12910
11937	55	6	13314	71	0	13446
11938	9	9	84	13234	0	13336
11939	18	9	13835	101	0	13963
11940	11	22	93	13492	0	13618
11941	16	13787	56	101	0	13960
11942	7	13953	10	75	0	14045
11943	13854	138	4	21	0	14017
11944	104	63	13928	10	0	14105
11945	60	11	89	13589	0	13749
11946	13	18	63	13924	0	14018
11947	14041	5	8	149	0	14203
11948	95	14118	7	107	0	14327
11949	14182	96	10	13	0	14301
11950	94	14416	11	17	0	14538
11951	14202	97	13	18	0	14330
11952	14338	65	8	14	0	14425
11953	158	17	11	14493	0	14679
11954	73	11	14683	103	0	14870
11955	14060	18	100	78	0	14256
11956	104	14754	70	32	0	14960
11957	14921	103	18	20	0	15062
11958	106	74	14	14423	0	14617
11959	83	16	16	14352	0	14467
11960	29	14549	9	158	0	14745
11961	19	106	18	14374	0	14517
11962	30	14770	20	110	0	14930
11963	22	106	17	14584	0	14729
11964	27	63	17	14282	0	14389
11965	14016	23	14	168	0	14221
11966	120	17	14233	84	0	14454
11967	85	14215	100	38	0	14438
11968	38	99	70	14199	0	14406
11969	14317	72	27	104	0	14520
11970	14283	27	13	98	0	14421
11971	14319	20	27	43	0	14409
11972	183	25	14347	30	0	14585
11973	14189	28	119	32	0	14368
11974	140	23	70	14397	0	14630
11975	14396	34	16	132	0	14578
11976	126	14236	24	97	0	14483
11977	106	119	14	14349	0	14588
11978	14197	80	32	146	0	14455
11979	131	14727	40	122	0	15020
11980	89	142	19	14919	0	15169
11981	54	88	14978	162	0	15282
11982	14943	41	142	108	0	15234
11983	15731	47	82	50	0	15910
11984	246	54	16038	45	0	16383
11985	125	15604	148	59	0	15936
11986	54	15736	105	49	0	15944
11987	62	228	32	15665	0	15987
11988	72	119	39	15180	0	15410
11989	66	47	32	15814	0	15959
11990	73	51	15989	254	0	16367
11991	15641	42	178	129	0	15990
11992	16490	63	100	65	0	16718
11993	16789	46	29	60	0	16924
11994	16635	46	32	51	0	16764
11995	16830	57	35	67	0	16989
11996	16998	32	57	70	0	17157
11997	317	39	36	17946	0	18338
11998	160	63	17766	244	0	18233
11999	100	50	18101	151	0	18402
12000	76	48	277	18198	0	18599
12001	70	90	125	17912	0	18197
12002	82	84	33	17840	0	18039
12003	82	18396	35	346	0	18859
12004	18526	241	33	170	0	18970
12005	244	19206	42	116	0	19608
12006	175	226	41	19003	0	19445
12007	18764	153	43	255	0	19215
12008	254	18866	52	195	0	19367
12009	183	257	44	18721	0	19205
12010	107	158	25	18914	0	19204
12011	121	62	38	18989	0	19210
12012	100	18793	38	377	0	19308
12013	111	248	28	19032	0	19419
12014	94	161	18916	271	0	19442
12015	106	62	224	19188	0	19580
12016	127	48	140	19205	0	19520
12017	135	58	50	20447	0	20690
12018	92	84	55	21140	0	21371
12019	96	64	20847	468	0	21475
12020	109	20981	259	275	0	21624
12021	104	303	185	20475	0	21067
12022	98	203	48	21351	0	21700
12023	102	71	64	20749	0	20986
12024	112	21179	62	475	0	21828
12025	111	21803	44	275	0	22233
12026	21388	434	65	107	0	21994
12027	328	239	41	21108	0	21716
12028	248	87	20996	336	0	21667
12029	99	20869	262	306	0	21536
12030	20335	287	185	142	0	20949
12031	316	199	20122	127	0	20764
12032	229	66	19961	96	0	20352
12033	107	46	19524	86	0	19763
12034	92	114	392	18964	0	19562
12035	97	49	19205	276	0	19627
12036	67	18435	242	240	0	18984
12037	57	217	165	17437	0	17876
12038	59	158	17736	248	0	18201
12039	36	45	215	17342	0	17638
12040	17152	40	158	247	0	17597
12041	228	33	17264	201	0	17726
12042	16742	34	222	87	0	17085
12043	223	17484	149	88	0	17944
12044	17344	217	48	75	0	17684
12045	230	163	40	17293	0	17726
12046	17254	61	36	259	0	17610
12047	17058	54	51	208	0	17371
12048	16939	54	59	92	0	17144
12049	358	17184	51	110	0	17703
12050	17113	212	50	100	0	17475
12051	16963	133	72	92	0	17260
12052	379	54	16931	90	0	17454
12053	212	16712	226	90	0	17240
12054	129	240	182	16304	0	16855
12055	69	177	55	16570	0	16871
12056	84	53	73	16814	0	17024
12057	69	69	16435	391	0	16964
12058	62	52	223	16532	0	16869
12059	58	51	16583	290	0	16982
12060	16109	59	249	242	0	16659
12061	16472	54	194	139	0	16859
12062	356	53	16439	132	0	16980
12063	16248	58	231	129	0	16666
12064	16515	78	188	92	0	16873
12065	16725	57	64	108	0	16954
12066	375	57	77	16423	0	16932
12067	221	50	16607	313	0	17191
12068	101	16718	247	255	0	17321
12069	86	253	172	16612	0	17123
12070	103	186	16701	290	0	17280
12071	75	76	16354	234	0	16739
12072	15758	80	332	136	0	16306
12073	212	16648	190	147	0	17197
12074	16723	228	76	132	0	17159
12075	16649	172	87	126	0	17034
12076	338	16734	60	161	0	17293
12077	16718	227	109	126	0	17180
12078	252	171	17198	115	0	17736
12079	198	60	16738	135	0	17131
12080	123	46	16854	90	0	17113
12081	93	16161	310	94	0	16658
12082	15235	163	304	71	0	15773
12083	15182	146	111	77	0	15516
12084	293	15031	79	99	0	15502
12085	159	15462	106	92	0	15819
12086	91	271	81	15147	0	15590
12087	65	166	74	15385	0	15690
12088	15296	78	74	307	0	15755
12089	170	15433	86	198	0	15887
12090	15237	178	68	102	0	15585
12091	14846	142	93	108	0	15189
12092	291	65	14936	89	0	15381
12093	195	14704	159	98	0	15156
12094	144	234	154	14494	0	15026
12095	14245	152	63	146	0	14606
12096	235	64	58	14033	0	14390
12097	13086	38	79	156	0	13359
12098	171	33	12866	118	0	13188
12099	141	12652	162	49	0	13004
12100	99	12582	117	52	0	12850
12101	91	272	131	11695	0	12189
12102	55	12668	93	114	0	12930
12103	12596	138	93	101	0	12928
12104	127	120	12491	71	0	12809
12105	11931	45	140	60	0	12176
12106	141	54	12715	61	0	12971
12107	131	43	115	12456	0	12745
12108	85	50	112	12466	0	12713
12109	94	41	39	12677	0	12851
12110	12641	30	52	151	0	12874
12111	146	30	12898	103	0	13177
12112	150	37	93	12798	0	13078
12113	77	92	96	12566	0	12831
12114	108	12630	33	150	0	12921
12115	70	12390	34	122	0	12616
12116	86	12628	34	51	0	12799
12117	70	217	24	11352	0	11663
12118	44	95	28	10700	0	10867
12119	13	10168	13	66	0	10260
12120	16	10134	12	40	0	10202
12121	9954	43	83	14	0	10094
12122	27	57	9	9852	0	9945
12123	16	9762	13	30	0	9821
12124	9831	13	17	20	0	9881
12125	31	11	12	9857	0	9911
12126	10898	6	11	38	0	10953
12127	29	10	25	11275	0	11339
12128	38	3	11697	33	0	11771
12129	14	11797	32	31	0	11874
12130	11708	34	24	22	0	11788
12131	47	25	12160	5	0	12237
12132	22	12102	29	22	0	12175
12133	15	26	24	12008	0	12073
12134	1	25	3	12007	0	12036
12135	4	8	2	11738	0	11752
12136	1	3	4	11830	0	11838
12137	16	5	12008	50	0	12079
12138	1	11864	24	44	0	11933
12139	2	25	22	11878	0	11927
12140	11768	25	6	28	0	11827
12141	21	11836	3	43	0	11903
12142	21	27	3	12646	0	12697
12143	14	28	12675	38	0	12755
12144	2	12810	38	56	0	12906
12145	16	48	39	11890	0	11993
12146	10	13239	17	40	0	13306
12147	13311	51	1	31	0	13394
12148	13300	44	4	14	0	13362
12149	106	11	13272	8	0	13397
12150	13138	1	51	6	0	13196
12151	13360	8	48	9	0	13425
12152	106	3	13556	10	0	13675
12153	54	13671	57	8	0	13790
12154	29	69	47	13519	0	13664
12155	3	52	10	13909	0	13974
12156	13917	13	2	108	0	14040
12157	55	2	3	13979	0	14039
12158	57	4	13983	73	0	14117
12159	13098	3	68	51	0	13220
12160	73	7	14192	17	0	14289
12161	51	14124	72	20	0	14267
12162	13746	65	49	18	0	13878
12163	69	48	13937	12	0	14066
12164	58	16	13790	9	0	13873
12165	14	14016	104	38	0	14172
12166	4	66	54	14122	0	14246
12167	16	50	13932	68	0	14066
12168	10	18	78	13071	0	13177
12169	4	10	49	13709	0	13772
12170	12	7	13649	126	0	13794
12171	9	13809	64	80	0	13962
12172	7	66	53	13751	0	13877
12173	13499	47	18	71	0	13635
12174	13273	21	11	53	0	13358
12175	109	15	6	13544	0	13674
12176	68	13	13594	72	0	13747
12177	28	10	13892	60	0	13990
12178	12	9	112	13500	0	13633
12179	18	14	13475	82	0	13589
12180	13066	9	81	62	0	13218
12181	82	12	58	13527	0	13679
12182	64	10	17	13694	0	13785
12183	23	13746	15	126	0	13910
12184	15	73	15	13962	0	14065
12185	26	51	13608	93	0	13778
12186	12912	21	82	67	0	13082
12187	13449	19	72	31	0	13571
12188	134	12	13793	17	0	13956
12189	68	9	74	14409	0	14560
12190	34	9	69	14672	0	14784
12191	25	13	14946	170	0	15154
12192	16	11	106	15066	0	15199
12193	32	14	97	15295	0	15438
12194	17	15887	32	194	0	16130
12195	13	125	30	16479	0	16647
12196	22	102	18	16865	0	17007
12197	17154	25	19	227	0	17425
12198	17445	16	31	151	0	17643
12199	17928	21	27	44	0	18020
12200	17776	16	22	41	0	17855
12201	17669	12	26	40	0	17747
12202	278	12	17372	34	0	17696
12203	146	10	134	17119	0	17409
12204	48	12	123	17404	0	17587
12205	26	20	17470	249	0	17765
12206	16473	17	147	160	0	16797
12207	16919	13	120	55	0	17107
12208	272	31	16813	26	0	17142
12209	17017	13	147	36	0	17213
12210	17234	9	137	38	0	17418
12211	261	17	17354	27	0	17659
12212	146	16	154	16869	0	17185
12213	50	18113	149	173	0	18485
12214	41	167	46	18647	0	18901
12215	43	124	32	18613	0	18812
12216	33	36	30	18700	0	18799
12217	42	21	18380	315	0	18758
12218	17600	17	178	187	0	17982
12219	18326	11	150	63	0	18550
12220	291	13	54	18287	0	18645
12221	185	11	18113	191	0	18500
12222	61	38	177	17969	0	18245
12223	49	13	18436	211	0	18709
12224	45	11	18755	167	0	18978
12225	32	18904	292	79	0	19307
12226	94	144	159	17614	0	18011
12227	17350	104	63	170	0	17687
12228	16791	34	28	136	0	16989
12229	17077	13	26	64	0	17180
12230	289	8	31	16876	0	17204
12231	151	17780	31	176	0	18138
12232	64	166	22	18034	0	18286
12233	38	115	18616	225	0	18994
12234	19934	35	185	148	0	20302
12235	21208	16	136	72	0	21432
12236	360	11	55	21291	0	21717
12237	210	13	42	21295	0	21560
12238	75	7	27	21716	0	21825
12239	49	8	21323	415	0	21795
12240	18829	22	267	245	0	19363
12241	250	21084	168	119	0	21621
12242	157	20676	56	72	0	20961
12243	82	312	20637	49	0	21080
12244	54	149	233	20133	0	20569
12245	46	40	20537	242	0	20865
12246	19377	10	252	180	0	19819
12247	223	38	144	19852	0	20257
12248	156	14	19808	210	0	20188
12249	64	20584	205	197	0	21050
12250	20429	185	137	60	0	20811
12251	246	136	21060	50	0	21492
12252	160	20741	198	70	0	21169
12253	60	21030	150	55	0	21295
12254	21080	297	44	54	0	21475
12255	208	153	34	21214	0	21609
12256	175	41	21793	235	0	22244
12257	63	21799	214	199	0	22275
12258	21598	204	170	75	0	22047
12259	21806	156	63	41	0	22066
12260	352	21735	34	79	0	22200
12261	204	209	22199	43	0	22655
12262	98	159	227	22067	0	22551
12263	21969	47	174	234	0	22424
12264	22008	21	71	187	0	22287
12265	369	39	22110	79	0	22597
12266	213	34	224	21541	0	22012
12267	83	34	179	22115	0	22411
12268	65	27	22271	367	0	22730
12269	77	35	21868	207	0	22187
12270	21994	32	360	75	0	22461
12271	22369	36	221	58	0	22684
12272	22487	37	71	67	0	22662
12273	22589	39	50	65	0	22743
12274	413	35	22224	65	0	22737
12275	22105	31	242	72	0	22450
12276	298	34	184	21998	0	22514
12277	223	45	22668	244	0	23180
12278	123	32	22742	221	0	23118
12279	76	22665	370	140	0	23251
12280	64	230	216	22382	0	22892
12281	86	171	22677	244	0	23178
12282	21891	64	244	211	0	22410
12283	266	69	212	20542	0	21089
12284	186	22596	106	219	0	23107
12285	22615	229	94	174	0	23112
12286	22535	158	83	106	0	22882
12287	398	59	22701	79	0	23237
12288	249	22551	260	91	0	23151
12289	106	210	175	21778	0	22269
12290	21627	150	99	244	0	22120
12291	252	99	80	21511	0	21942
12292	215	58	21059	233	0	21565
12293	19034	47	214	163	0	19458
12294	202	20465	181	99	0	20947
12295	164	19415	74	70	0	19723
12296	111	20058	79	77	0	20325
12297	19433	282	198	99	0	20012
12298	18940	147	94	69	0	19250
12299	19066	62	66	56	0	19250
12300	294	43	65	18949	0	19351
12301	177	58	19289	190	0	19714
12302	108	53	200	19362	0	19723
12303	19448	46	163	214	0	19871
12304	215	55	76	19562	0	19908
12305	19981	44	53	204	0	20282
12306	19784	46	77	139	0	20046
12307	19698	42	80	68	0	19888
12308	281	19731	73	98	0	20183
12309	19687	168	71	73	0	19999
12310	246	117	19560	51	0	19974
12311	187	68	19549	52	0	19856
12312	106	19174	260	61	0	19601
12313	133	157	206	18090	0	18586
12314	18043	110	60	158	0	18371
12315	213	47	17993	109	0	18362
12316	17357	31	190	47	0	17625
12317	205	33	130	17622	0	17990
12318	126	18225	65	180	0	18596
12319	81	141	75	18466	0	18763
12320	70	103	18510	164	0	18847
12321	17609	48	183	140	0	17980
12322	187	48	18836	74	0	19145
12323	169	39	18352	46	0	18606
12324	17513	22	219	44	0	17798
12325	202	17865	129	66	0	18262
12326	18288	158	72	34	0	18552
12327	18254	111	41	68	0	18474
12328	308	28	18163	47	0	18546
12329	17759	34	211	51	0	18055
12330	194	43	18074	58	0	18369
12331	135	31	17237	60	0	17463
12332	137	35	17507	66	0	17745
12333	71	16636	221	69	0	16997
12334	14572	185	428	57	0	15242
12335	14032	106	40	47	0	14225
12336	14057	26	17	20	0	14120
12337	14121	7	21	21	0	14170
12338	131	10	14355	10	0	14506
12339	75	18	78	13998	0	14169
12340	35	16	60	14093	0	14204
12341	14314	13	20	108	0	14455
12342	83	14300	23	66	0	14472
12343	70	70	18	13994	0	14152
12344	14002	44	19	79	0	14144
12345	89	20	14418	52	0	14579
12346	62	11	65	14100	0	14238
12347	42	9	14611	80	0	14742
12348	17	14482	78	80	0	14657
12349	61	94	86	13571	0	13812
12350	13346	47	16	71	0	13480
12351	74	15	18	13384	0	13491
12352	71	9	13487	66	0	13633
12353	27	13457	64	58	0	13606
12354	13118	51	52	22	0	13243
12355	67	42	13231	21	0	13361
12356	12388	22	57	15	0	12482
12357	68	12851	46	56	0	13021
12358	12862	66	29	25	0	12982
12359	12974	38	15	18	0	13045
12360	92	13	18	13112	0	13235
12361	60	8	13291	60	0	13419
12362	19	13428	58	57	0	13562
12363	15	60	47	13541	0	13663
12364	32	46	21	13638	0	13737
12365	14	15	15	14450	0	14494
12366	23	10	16	15296	0	15345
12367	22	17757	17	167	0	17963
12368	18852	112	20	84	0	19068
12369	148	19087	21	63	0	19319
12370	126	162	19	20350	0	20657
12371	20719	125	11	182	0	21037
12372	198	24	15	20956	0	21193
12373	172	20	20873	212	0	21277
12374	44	20919	175	204	0	21342
12375	34	192	169	20230	0	20625
12376	25	152	31	21083	0	21291
12377	20292	30	19	318	0	20659
12378	208	27	20138	179	0	20552
12379	19741	30	182	72	0	20025
12380	19732	19	163	33	0	19947
12381	19909	18	32	24	0	19983
12382	365	21	19902	31	0	20319
12383	193	24	188	19442	0	19847
12384	47	24	159	19536	0	19766
12385	45	21	19773	349	0	20188
12386	47	37	19927	194	0	20205
12387	19907	23	339	66	0	20335
12388	232	45	181	20384	0	20842
12389	20685	22	48	240	0	20995
12390	20977	27	49	191	0	21244
12391	392	40	26	21067	0	21525
12392	244	29	22334	251	0	22858
12393	21078	47	274	235	0	21634
12394	281	36	210	22839	0	23366
12395	251	30	22956	301	0	23538
12396	95	22715	249	257	0	23316
12397	22581	247	238	83	0	23149
12398	285	22958	59	102	0	23404
12399	299	321	62	20450	0	21132
12400	96	23153	37	269	0	23555
12401	22276	282	47	243	0	22848
12402	22410	238	61	99	0	22808
12403	473	22451	53	134	0	23111
12404	22549	246	76	84	0	22955
12405	22143	234	71	98	0	22546
12406	504	21995	63	105	0	22667
12407	22226	265	53	114	0	22658
12408	336	227	61	21747	0	22371
12409	314	65	78	22058	0	22515
12410	21949	38	60	503	0	22550
12411	360	30	79	20664	0	21133
12412	319	21533	85	322	0	22259
12413	21505	253	77	267	0	22102
12414	21314	243	86	106	0	21749
12415	520	21590	72	117	0	22299
12416	21659	273	86	111	0	22129
12417	21540	243	95	109	0	21987
12418	540	73	81	21341	0	22035
12419	354	72	21307	323	0	22056
12420	171	21216	284	324	0	21995
12421	21255	285	246	130	0	21916
12422	21161	264	75	125	0	21625
12423	627	105	20837	112	0	21681
12424	21038	84	272	115	0	21509
12425	427	89	20721	116	0	21353
12426	20533	97	280	126	0	21036
12427	392	93	259	20477	0	21221
12428	352	103	20391	357	0	21203
12429	187	117	20471	339	0	21114
12430	217	145	453	19859	0	20674
12431	155	141	277	19880	0	20453
12432	173	131	19481	493	0	20278
12433	216	110	246	19490	0	20062
12434	231	122	19583	336	0	20272
12435	225	113	286	19260	0	19884
12436	262	120	270	18674	0	19326
12437	243	19060	98	480	0	19881
12438	243	18886	99	375	0	19603
12439	244	19448	91	217	0	20000
12440	262	480	94	18914	0	19750
12441	257	281	117	19290	0	19945
12442	209	113	19062	543	0	19927
12443	18258	99	302	368	0	19027
12444	19086	96	305	182	0	19669
12445	620	18636	133	157	0	19546
12446	18976	277	113	144	0	19510
12447	482	269	104	18432	0	19287
12448	18783	98	143	328	0	19352
12449	18725	94	125	329	0	19273
12450	645	85	125	18505	0	19360
12451	18263	112	161	367	0	18903
12452	396	17911	145	375	0	18827
12453	369	18104	118	203	0	18794
12454	232	495	158	17456	0	18341
12455	256	18222	126	299	0	18903
12456	233	367	109	17375	0	18084
12457	241	313	105	17888	0	18547
12458	17621	141	110	511	0	18383
12459	430	17330	108	397	0	18265
12460	17238	302	121	176	0	17837
12461	16587	289	133	147	0	17156
12462	569	16706	117	194	0	17586
12463	16637	310	121	152	0	17220
12464	437	284	16211	173	0	17105
12465	330	15442	266	180	0	16218
12466	14331	253	244	169	0	14997
12467	320	183	12280	135	0	12918
12468	203	10751	156	92	0	11202
12469	129	10825	186	104	0	11244
12470	9240	187	210	64	0	9701
12471	8974	120	41	49	0	9184
12472	8980	50	29	48	0	9107
12473	202	8961	27	67	0	9257
12474	154	93	31	8982	0	9260
12475	8986	98	29	118	0	9231
12476	8962	52	29	122	0	9165
12477	207	54	27	8869	0	9157
12478	143	50	9014	107	0	9314
12479	87	51	9027	128	0	9293
12480	76	37	170	8900	0	9183
12481	69	32	111	9080	0	9292
12482	65	41	9078	189	0	9373
12483	79	31	109	8838	0	9057
12484	57	8997	110	122	0	9286
12485	8690	108	36	109	0	8943
12486	116	104	52	8577	0	8849
12487	8203	33	38	105	0	8379
12488	106	8374	37	122	0	8639
12489	101	8425	40	60	0	8626
12490	8099	116	39	42	0	8296
12491	93	79	7959	32	0	8163
12492	6308	74	44	23	0	6449
12493	50	6387	56	24	0	6517
12494	36	20	18	5609	0	5683
12495	5544	21	8	19	0	5592
12496	30	12	12	5510	0	5564
12497	5785	11	10	33	0	5839
12498	5647	8	15	29	0	5699
12499	33	6055	17	18	0	6123
12500	5879	14	4	13	0	5910
12501	19	5834	8	10	0	5871
12502	5821	23	6	9	0	5859
12503	32	17	4	5794	0	5847
12504	5908	11	9	23	0	5951
12505	24	6	4	6051	0	6085
12506	6337	5	2	21	0	6365
12507	6343	7	3	15	0	6368
12508	6316	11	5	6	0	6338
12509	6381	5	1	5	0	6392
12510	6370	4	4	8	0	6386
12511	31	7	5	6399	0	6442
12512	6278	5	5	20	0	6308
12513	20	6203	4	72	0	6299
12514	29	15	6318	7	0	6369
12515	14	16	15	6153	0	6198
12516	11	6	6525	21	0	6563
12517	10	5	18	6600	0	6633
12518	14	12	6801	21	0	6848
12519	6637	3	16	21	0	6677
12520	18	7	20	6797	0	6842
12521	28	7	6846	18	0	6899
12522	9	11	7107	23	0	7150
12523	11	5	27	7149	0	7192
12524	8003	5	17	19	0	8044
12525	31	8738	6	34	0	8809
12526	8773	31	3	9	0	8816
12527	8743	26	4	4	0	8777
12528	57	8815	3	41	0	8916
12529	9211	28	3	6	0	9248
12530	41	26	2	9146	0	9215
12531	31	12	4	9136	0	9183
12532	16	1	2	9268	0	9287
12533	9217	4	8	55	0	9284
12534	39	9433	1	46	0	9519
12535	31	38	5	9518	0	9592
12536	13	31	2	9641	0	9687
12537	9677	10	7	67	0	9761
12538	46	3	3	9692	0	9744
12539	33	8	10129	49	0	10219
12540	17	10643	47	46	0	10753
12541	10761	58	36	16	0	10871
12542	77	55	12	10485	0	10629
12543	57	11141	2	72	0	11272
12544	11118	65	7	48	0	11238
12545	81	52	11251	24	0	11408
12546	60	11201	65	14	0	11340
12547	11282	67	51	19	0	11419
12548	71	59	23	11096	0	11249
12549	54	21	5	11189	0	11269
12550	24	8	11336	114	0	11482
12551	13	6	65	11084	0	11168
12552	18	7	12210	85	0	12320
12553	20	3	11841	62	0	11926
12554	14	10	12270	27	0	12321
12555	11909	6	131	15	0	12061
12556	11752	6	75	17	0	11850
12557	12313	6	21	11	0	12351
12558	129	8	11	12140	0	12288
12559	67	12231	6	66	0	12370
12560	29	12407	6	63	0	12505
12561	12631	118	7	23	0	12779
12562	12602	66	7	12	0	12687
12563	110	12735	4	19	0	12868
12564	12657	65	8	10	0	12740
12565	85	46	12574	10	0	12715
12566	66	19	12508	15	0	12608
12567	23	14	111	11871	0	12019
12568	12	10	62	12491	0	12575
12569	14	10	12559	108	0	12691
12570	10	12	69	12254	0	12345
12571	12430	7	56	80	0	12573
12572	75	6	12429	54	0	12564
12573	12037	4	78	22	0	12141
12574	82	9	56	12503	0	12650
12575	62	7	13180	75	0	13324
12576	31	13216	73	69	0	13389
12577	13314	68	57	27	0	13466
12578	86	49	13098	19	0	13252
12579	12734	24	72	22	0	12852
12580	88	11	61	12945	0	13105
12581	13025	9	33	74	0	13141
12582	103	8	13836	63	0	14010
12583	65	6	71	13768	0	13910
12584	14326	13	57	80	0	14476
12585	14209	7	32	60	0	14308
12586	14773	9	17	35	0	14834
12587	15003	12	13	21	0	15049
12588	160	12	13	14399	0	14584
12589	89	10	18	14431	0	14548
12590	50	11	14729	151	0	14941
12591	27	16	85	14628	0	14756
12592	41	16	70	14409	0	14536
12593	20	15045	27	150	0	15242
12594	15176	93	19	95	0	15383
12595	15380	78	13	46	0	15517
12596	179	16444	15	37	0	16675
12597	91	130	14	16198	0	16433
12598	44	83	17	16482	0	16626
12599	16024	24	19	214	0	16281
12600	148	11	16717	116	0	16992
12601	97	11	132	16739	0	16979
12602	56	11	17082	142	0	17291
12603	16268	16	162	107	0	16553
12604	16890	13	97	39	0	17039
12605	17057	13	34	36	0	17140
12606	240	7	16	16581	0	16844
12607	121	14	15	16679	0	16829
12608	16751	14	18	217	0	17000
12609	162	19	16683	108	0	16972
12610	109	14	136	16666	0	16925
12611	16769	10	94	145	0	17018
12612	149	16	28	16884	0	17077
12613	119	11	17932	153	0	18215
12614	58	14	17738	98	0	17908
12615	17127	17	208	54	0	17406
12616	142	17886	110	50	0	18188
12617	18390	124	33	43	0	18590
12618	18605	76	18	40	0	18739
12619	217	25	24	18651	0	18917
12620	125	15	21	18543	0	18704
12621	40	18621	31	236	0	18928
12622	18531	124	27	110	0	18792
12623	152	18877	30	59	0	19118
12624	107	18553	15	33	0	18708
12625	45	184	19	17894	0	18142
12626	17946	80	21	131	0	18178
12627	18261	26	16	105	0	18408
12628	195	16	20	18190	0	18421
12629	103	11	24	17776	0	17914
12630	46	11	14	17964	0	18035
12631	17767	12	16	212	0	18007
12632	154	7	17800	152	0	18113
12633	104	17843	116	66	0	18129
12634	17708	100	84	39	0	17931
12635	134	104	34	17613	0	17885
12636	135	29	17661	128	0	17953
12637	77	14	17815	111	0	18017
12638	41	17822	175	63	0	18101
12639	36	17790	80	66	0	17972
12640	70	171	57	17031	0	17329
12641	34	16676	38	98	0	16846
12642	42	95	22	16828	0	16987
12643	33	56	22	17003	0	17114
12644	17153	17	10	148	0	17328
12645	100	21	15	17031	0	17167
12646	86	14	15	17176	0	17291
12647	57	13	17172	145	0	17387
12648	25	21	84	17296	0	17426
12649	17496	14	56	114	0	17680
12650	17320	22	26	78	0	17446
12651	162	18355	14	56	0	18587
12652	17981	103	27	41	0	18152
12653	139	90	18197	55	0	18481
12654	92	18435	101	105	0	18733
12655	53	108	74	18509	0	18744
12656	50	75	31	18604	0	18760
12657	36	31	18	18990	0	19075
12658	18898	21	14	190	0	19123
12659	17872	18	52	132	0	18074
12660	194	18	18722	63	0	18997
12661	133	16	18449	45	0	18643
12662	59	27	19253	52	0	19391
12663	56	19209	179	58	0	19502
12664	45	19459	96	57	0	19657
12665	19374	190	36	51	0	19651
12666	19338	98	33	57	0	19526
12667	215	33	20	19693	0	19961
12668	132	27	23	19564	0	19746
12669	47	20094	23	242	0	20406
12670	57	140	22	20442	0	20661
12671	57	100	20320	174	0	20651
12672	39	20514	125	178	0	20856
12673	52	145	91	20577	0	20865
12674	64	99	21127	171	0	21461
12675	60	49	119	19977	0	20205
12676	36	20644	92	165	0	20937
12677	20947	124	25	137	0	21233
12678	20650	97	28	61	0	20836
12679	21680	35	29	53	0	21797
12680	229	38	30	21587	0	21884
12681	139	35	29	22091	0	22294
12682	22070	34	31	261	0	22396
12683	172	22220	30	149	0	22571
12684	22455	161	32	58	0	22706
12685	206	128	24086	47	0	24467
12686	23818	40	175	49	0	24082
12687	24405	23	160	55	0	24643
12688	347	18	43	24564	0	24972
12689	24816	18	39	215	0	25088
12690	25092	32	33	206	0	25363
12691	371	29	26	25465	0	25891
12692	245	41	25334	192	0	25812
12693	23833	32	189	232	0	24286
12694	196	27	25998	58	0	26279
12695	199	26396	195	46	0	26836
12696	149	166	278	25322	0	25915
12697	32	188	40	26062	0	26322
12698	28264	40	11	361	0	28676
12699	233	36	29039	230	0	29538
12700	230	57	199	27548	0	28034
12701	62	28445	224	258	0	28989
12702	28	28577	52	271	0	28928
12703	27	447	25	28641	0	29140
12704	38	252	28597	244	0	29131
12705	32	48	229	28474	0	28783
12706	29	35	243	28298	0	28605
12707	57	30	28395	443	0	28925
12708	44	28676	218	294	0	29232
12709	27879	226	231	75	0	28411
12710	236	29156	47	64	0	29503
12711	242	270	25	28897	0	29434
12712	27999	260	27	249	0	28535
12713	223	28109	29	299	0	28660
12714	263	243	27968	80	0	28554
12715	26845	252	224	61	0	27382
12716	244	28286	245	67	0	28842
12717	27928	230	68	56	0	28282
12718	290	250	27171	41	0	27752
12719	26935	67	234	56	0	27292
12720	278	49	240	26801	0	27368
12721	289	41	27307	258	0	27895
12722	79	50	241	26327	0	26697
12723	46	26663	258	289	0	27256
12724	74	231	65	26706	0	27076
12725	66	259	53	26706	0	27084
12726	77	84	26368	477	0	27006
12727	75	45	241	26300	0	26661
12728	79	54	25772	317	0	26222
12729	68	26305	236	354	0	26963
12730	92	261	237	26202	0	26792
12731	108	259	26709	279	0	27355
12732	70	26724	258	352	0	27404
12733	70	27326	264	111	0	27771
12734	111	479	27060	82	0	27732
12735	120	292	27009	84	0	27505
12736	100	88	496	26492	0	27176
12737	26316	40	290	311	0	26957
12738	292	26462	81	369	0	27204
12739	313	293	63	26045	0	26714
12740	26028	266	52	304	0	26650
12741	310	26413	67	335	0	27125
12742	26452	288	57	117	0	26914
12743	338	26949	47	155	0	27489
12744	26909	305	59	102	0	27375
12745	26455	296	85	99	0	26935
12746	26989	85	73	98	0	27245
12747	590	28400	75	139	0	29204
12748	362	341	89	28624	0	29416
12749	221	307	28241	358	0	29127
12750	118	28343	314	409	0	29184
12751	135	377	328	27178	0	28018
12752	139	316	125	27364	0	27944
12753	131	87	26644	625	0	27487
12754	88	26074	329	414	0	26905
12755	25789	332	325	129	0	26575
12756	352	25975	87	161	0	26575
12757	327	341	96	25664	0	26428
12758	130	322	25733	370	0	26555
12759	24753	109	337	375	0	25574
12760	344	116	322	25795	0	26577
12761	318	109	25543	359	0	26329
12762	23855	94	342	364	0	24655
12763	306	24825	318	156	0	25605
12764	24902	354	104	143	0	25503
12765	24664	335	93	143	0	25235
12766	552	135	91	24679	0	25457
12767	335	118	24592	373	0	25418
12768	123	24551	329	385	0	25388
12769	120	357	24435	166	0	25078
12770	100	398	322	23539	0	24359
12771	108	148	318	24062	0	24636
12772	23853	131	118	553	0	24655
12773	312	125	23808	389	0	24634
12774	317	23232	327	164	0	24040
12775	123	360	324	22378	0	23185
12776	109	356	108	23265	0	23838
12777	22801	135	125	524	0	23585
12778	328	23061	78	400	0	23867
12779	323	323	84	22258	0	22988
12780	21678	304	94	337	0	22413
12781	268	21636	76	341	0	22321
12782	20826	279	89	87	0	21281
12783	20491	287	81	95	0	20954
12784	454	20279	93	144	0	20970
12785	17756	228	55	57	0	18096
12786	240	17873	77	65	0	18255
12787	17544	217	91	68	0	17920
12788	17386	176	84	68	0	17714
12789	338	17278	49	108	0	17773
12790	16311	215	59	52	0	16637
12791	16389	155	50	55	0	16649
12792	16550	67	62	72	0	16751
12793	332	49	16441	84	0	16906
12794	184	53	15417	60	0	15714
12795	73	65	15405	50	0	15593
12796	14889	140	341	68	0	15438
12797	218	82	14816	53	0	15169
12798	145	68	12583	37	0	12833
12799	69	81	196	11322	0	11668
12800	11514	23	143	121	0	11801
12801	136	41	11609	97	0	11883
12802	112	33	12113	47	0	12305
12803	46	31	192	11824	0	12093
12804	57	26	99	11981	0	12163
12805	39	61	33	12226	0	12359
12806	56	41	12080	208	0	12385
12807	50	41	111	12040	0	12242
12808	11907	51	98	138	0	12194
12809	151	12052	27	139	0	12369
12810	132	146	31	11851	0	12160
12811	57	118	29	12031	0	12235
12812	62	51	12168	205	0	12486
12813	52	11972	127	127	0	12278
12814	11842	132	121	35	0	12130
12815	153	12083	42	61	0	12339
12816	129	142	48	11898	0	12217
12817	70	114	11870	138	0	12192
12818	53	32	147	12379	0	12611
12819	60	36	130	12506	0	12732
12820	12869	31	59	246	0	13205
12821	190	25	47	12542	0	12804
12822	142	12893	53	206	0	13294
12823	63	13482	51	147	0	13743
12824	60	268	13602	53	0	13983
12825	13334	133	222	44	0	13733
12826	182	54	151	13350	0	13737
12827	165	33	47	13414	0	13659
12828	58	21	49	13805	0	13933
12829	13911	32	45	299	0	14287
12830	191	14082	36	211	0	14520
12831	13993	169	54	75	0	14291
12832	223	146	13376	61	0	13806
12833	171	48	13260	43	0	13522
12834	13285	36	300	50	0	13671
12835	215	35	178	13191	0	13619
12836	152	45	64	13378	0	13639
12837	65	31	50	13650	0	13796
12838	59	43	13524	307	0	13933
12839	13311	38	186	167	0	13702
12840	13447	35	146	78	0	13706
12841	13136	34	52	54	0	13276
12842	314	62	42	12925	0	13343
12843	183	29	12725	195	0	13132
12844	76	47	12566	163	0	12852
12845	63	37	12970	84	0	13154
12846	43	12364	294	91	0	12792
12847	202	125	246	10541	0	11114
12848	10460	97	60	133	0	10750
12849	123	33	10581	115	0	10852
12850	10642	20	130	47	0	10839
12851	137	18	113	10649	0	10917
12852	115	24	35	10513	0	10687
12853	37	10576	25	211	0	10849
12854	38	10664	27	134	0	10863
12855	28	10955	32	60	0	11075
12856	43	200	33	10855	0	11131
12857	10769	103	52	129	0	11053
12858	10710	32	35	116	0	10893
12859	218	19	10693	63	0	10993
12860	10480	11	138	57	0	10686
12861	148	13	10645	57	0	10863
12862	112	25	149	10503	0	10789
12863	58	25	10688	144	0	10915
12864	10388	21	153	134	0	10696
12865	148	34	122	10588	0	10892
12866	129	20	10918	133	0	11200
12867	51	15	10739	127	0	10932
12868	10337	17	218	71	0	10643
12869	10603	21	120	68	0	10812
12870	200	10848	59	61	0	11168
12871	123	114	47	10930	0	11214
12872	58	101	10907	141	0	11207
12873	46	41	10988	135	0	11210
12874	64	52	204	10871	0	11191
12875	10925	27	124	139	0	11215
12876	131	10953	44	147	0	11275
12877	118	109	33	11010	0	11270
12878	10935	100	42	144	0	11221
12879	135	36	37	10918	0	11126
12880	118	11047	35	165	0	11365
12881	57	119	38	11183	0	11397
12882	11006	102	41	142	0	11291
12883	143	38	37	11149	0	11367
12884	11187	28	43	155	0	11413
12885	132	11431	58	137	0	11758
12886	11506	110	48	62	0	11726
12887	156	93	11278	63	0	11590
12888	10907	42	161	54	0	11164
12889	11202	40	115	46	0	11403
12890	213	11324	57	58	0	11652
12891	122	145	54	10984	0	11305
12892	53	92	11011	124	0	11280
12893	49	37	10836	103	0	11025
12894	10140	88	184	62	0	10474
12895	9935	34	106	43	0	10118
12896	147	10151	33	55	0	10386
12897	86	10217	23	61	0	10387
12898	10042	121	34	34	0	10231
12899	104	10019	35	37	0	10195
12900	90	10375	36	38	0	10539
12901	59	126	102	10201	0	10488
12902	45	70	35	9906	0	10056
12903	40	40	10015	155	0	10250
12904	39	17	85	9944	0	10085
12905	9958	14	78	114	0	10164
12906	103	14	9956	99	0	10172
12907	98	18	10153	37	0	10306
12908	55	16	148	9823	0	10042
12909	52	13	76	10118	0	10259
12910	47	15	30	10213	0	10305
12911	45	22	10170	138	0	10375
12912	28	27	85	9790	0	9930
12913	26	21	82	10078	0	10207
12914	9990	20	43	118	0	10171
12915	76	9930	31	95	0	10132
12916	9957	74	34	30	0	10095
12917	93	62	10099	30	0	10284
12918	9025	18	48	19	0	9110
12919	53	9712	64	34	0	9863
12920	8717	22	23	11	0	8773
12921	27	8708	10	23	0	8768
12922	8320	35	17	5	0	8377
12923	18	8121	8	19	0	8166
12924	24	7962	2	12	0	8000
12925	49	21	46	7949	0	8065
12926	8008	4	42	12	0	8066
12927	7906	3	3	6	0	7918
12928	7921	6	2	6	0	7935
12929	18	4	8053	6	0	8081
12930	5	0	8027	3	0	8035
12931	5	1	13	8044	0	8063
12932	2	8240	6	13	0	8261
12933	3	8466	4	18	0	8491
12934	5	18	1	8237	0	8261
12935	8251	7	4	16	0	8278
12936	8186	4	2	15	0	8207
12937	8244	2	1	8	0	8255
12938	27	1	8322	7	0	8357
12939	9	4	11	8366	0	8390
12940	7	2	8601	16	0	8626
12941	8483	2	15	12	0	8512
12942	8616	3	10	6	0	8635
12943	24	6	8733	7	0	8770
12944	13	1	12	8639	0	8665
12945	8676	3	10	19	0	8708
12946	19	4	3	8883	0	8909
12947	10	5	3	8933	0	8951
12948	10	6	7	9500	0	9523
12949	9967	6	3	53	0	10029
12950	37	2	3	10670	0	10712
12951	11233	7	3	49	0	11292
12952	57	12772	3	45	0	12877
12953	45	72	6	13007	0	13130
12954	10	46	3	13093	0	13152
12955	6	8	7	13220	0	13241
12956	13223	7	5	123	0	13358
12957	77	7	4	12978	0	13066
12958	57	5	5	12954	0	13021
12959	13416	9	3	122	0	13550
12960	13245	9	6	63	0	13323
12961	13368	5	2	17	0	13392
12962	138	4	13262	13	0	13417
12963	80	7	12898	13	0	12998
12964	13256	6	126	13	0	13401
12965	85	3	53	13193	0	13334
12966	70	4	12	12834	0	12920
12967	13372	2	11	130	0	13515
12968	13035	8	13	64	0	13120
12969	13163	16	11	12	0	13202
12970	132	13059	11	25	0	13227
12971	13117	76	5	17	0	13215
12972	12714	57	5	15	0	12791
12973	130	13221	8	20	0	13379
12974	70	13251	5	25	0	13351
12975	43	123	10	13306	0	13482
12976	13591	55	4	91	0	13741
12977	13523	14	3	69	0	13609
12978	13471	8	7	23	0	13509
12979	150	7	3	13551	0	13711
12980	13577	8	6	101	0	13692
12981	114	7	13574	83	0	13778
12982	13330	6	78	28	0	13442
12983	107	7	13663	19	0	13796
12984	82	10	13264	31	0	13387
12985	20	10	133	13150	0	13313
12986	13149	8	69	111	0	13337
12987	96	9	14	13168	0	13287
12988	79	9	13388	118	0	13594
12989	43	7	13804	98	0	13952
12990	45	4	137	13736	0	13922
12991	13636	4	67	119	0	13826
12992	112	14143	18	93	0	14366
12993	98	82	25	14123	0	14328
12994	51	63	16	14520	0	14650
12995	39	9	14753	163	0	14964
12996	59	15	14470	93	0	14637
12997	52	13	140	14584	0	14789
12998	14719	11	70	121	0	14921
12999	145	13	14773	117	0	15048
13000	122	14	83	14444	0	14663
13001	75	22	67	14438	0	14602
13002	66	20	21	14583	0	14690
13003	14338	24	20	195	0	14577
13004	144	45	13918	130	0	14237
13005	128	14473	75	90	0	14766
13006	66	98	68	14611	0	14843
13007	81	81	14663	163	0	14988
13008	84	14489	82	146	0	14801
13009	102	14749	80	86	0	15017
13010	14677	150	24	84	0	14935
13011	159	14808	34	82	0	15083
13012	14907	96	30	91	0	15124
13013	187	77	14714	106	0	15084
13014	167	33	115	14801	0	15116
13015	14873	31	98	172	0	15174
13016	173	15064	36	202	0	15475
13017	175	95	15039	131	0	15440
13018	124	106	117	13917	0	14264
13019	137	15004	93	135	0	15369
13020	129	108	50	15251	0	15538
13021	15199	90	52	168	0	15509
13022	196	15404	47	156	0	15803
13023	15491	116	43	76	0	15726
13024	15401	91	49	104	0	15645
13025	271	38	15613	97	0	16019
13026	190	16246	153	86	0	16675
13027	165	138	105	16864	0	17272
13028	139	100	17491	207	0	17937
13029	158	36	19329	135	0	19658
13030	135	76	314	19916	0	20441
13031	20529	28	175	270	0	21002
13032	20058	50	97	195	0	20400
13033	455	50	58	20659	0	21222
13034	284	30	20858	301	0	21473
13035	134	20903	255	219	0	21511
13036	21068	256	201	94	0	21619
13037	21227	190	74	86	0	21577
13038	431	21576	59	99	0	22165
13039	21703	270	60	78	0	22111
13040	356	187	21272	68	0	21883
13041	21041	61	273	72	0	21447
13042	20703	73	217	104	0	21097
13043	449	45	21214	72	0	21780
13044	243	39	297	20817	0	21396
13045	116	37	21118	286	0	21557
13046	91	20439	305	240	0	21075
13047	66	20626	242	111	0	21045
13048	69	465	88	19639	0	20261
13049	85	173	20084	257	0	20599
13050	43	18765	235	194	0	19237
13051	23	18421	174	116	0	18734
13052	16467	291	152	50	0	16960
13053	16443	126	24	20	0	16613
13054	249	31	16	16627	0	16923
13055	128	20	20	16273	0	16441
13056	45	16899	16	255	0	17215
13057	16563	162	19	126	0	16870
13058	16790	107	22	51	0	16970
13059	271	16898	15	71	0	17255
13060	150	166	18	16990	0	17324
13061	56	113	17026	175	0	17370
13062	43	31	164	16981	0	17219
13063	17032	34	119	180	0	17365
13064	181	35	43	17054	0	17313
13065	142	26	23	17396	0	17587
13066	17570	18	28	275	0	17891
13067	195	24	34	17331	0	17584
13068	140	17453	32	194	0	17819
13069	61	169	33	17573	0	17836
13070	56	114	36	17642	0	17848
13071	40	49	33	17334	0	17456
13072	18	17595	30	304	0	17947
13073	38	187	33	17505	0	17763
13074	41	142	17346	223	0	17752
13075	42	60	169	17271	0	17542
13076	53	50	17373	214	0	17690
13077	36	17216	206	164	0	17622
13078	51	193	139	17256	0	17639
13079	55	141	55	17226	0	17477
13080	63	59	35	17305	0	17462
13081	70	40	37	17326	0	17473
13082	68	34	17241	356	0	17699
13083	46	17171	179	214	0	17610
13084	74	202	130	17296	0	17702
13085	96	160	17504	222	0	17982
13086	78	68	205	17504	0	17855
13087	17661	52	164	243	0	18120
13088	234	49	17457	201	0	17941
13089	16716	47	221	104	0	17088
13090	271	41	164	17202	0	17678
13091	240	40	17265	275	0	17820
13092	133	16988	226	259	0	17606
13093	134	224	178	16859	0	17395
13094	143	172	17114	266	0	17695
13095	118	17082	241	205	0	17646
13096	114	265	179	17034	0	17592
13097	17032	201	98	280	0	17611
13098	17091	106	90	199	0	17486
13099	17312	99	76	119	0	17606
13100	426	101	17330	91	0	17948
13101	262	17558	242	124	0	18186
13102	146	253	227	17417	0	18043
13103	133	203	125	18443	0	18904
13104	18806	116	111	396	0	19429
13105	305	19266	87	272	0	19930
13106	19499	311	97	140	0	20047
13107	19076	247	84	155	0	19562
13108	19580	130	88	142	0	19940
13109	459	129	19380	147	0	20115
13110	19348	122	303	124	0	19897
13111	343	115	229	19367	0	20054
13112	249	106	94	19531	0	19980
13113	19267	110	84	489	0	19950
13114	358	84	59	19067	0	19568
13115	269	19111	57	385	0	19822
13116	150	302	45	19091	0	19588
13117	18699	226	49	393	0	19367
13118	318	115	18702	313	0	19448
13119	244	18565	254	191	0	19254
13120	115	307	195	18449	0	19066
13121	18352	228	81	373	0	19034
13122	313	101	18327	319	0	19060
13123	242	303	319	17886	0	18750
13124	185	68	17974	395	0	18622
13125	184	76	17562	306	0	18128
13126	127	48	17212	178	0	17565
13127	124	41	16903	139	0	17207
13128	119	65	16155	131	0	16470
13129	12841	283	578	85	0	13787
13130	122	13152	133	65	0	13472
13131	12448	86	42	30	0	12606
13132	12344	75	17	26	0	12462
13133	161	12458	16	36	0	12671
13134	91	12639	17	26	0	12773
13135	12597	154	31	23	0	12805
13136	12531	78	14	25	0	12648
13137	167	28	13	12123	0	12331
13138	84	12469	14	113	0	12680
13139	12490	85	10	76	0	12661
13140	101	12481	15	37	0	12634
13141	87	95	14	12376	0	12572
13142	12464	73	22	107	0	12666
13143	12370	25	26	82	0	12503
13144	155	23	22	12409	0	12609
13145	88	11	26	12524	0	12649
13146	48	15	12517	156	0	12736
13147	32	12	105	12292	0	12441
13148	47	26	12463	103	0	12639
13149	38	10	108	11758	0	11914
13150	42	22	85	11954	0	12103
13151	11972	20	41	159	0	12192
13152	11624	23	25	110	0	11782
13153	176	17	11802	34	0	12029
13154	11491	17	100	32	0	11640
13155	124	19	84	11638	0	11865
13156	108	17	11813	106	0	12044
13157	44	32	101	11719	0	11896
13158	40	26	81	12362	0	12509
13159	50	24	12374	179	0	12627
13160	59	19	104	12565	0	12747
13161	57	19	13074	140	0	13290
13162	45	41	121	13493	0	13700
13163	14680	27	111	160	0	14978
13164	157	15067	40	160	0	15424
13165	15396	143	38	63	0	15640
13166	184	15713	31	62	0	15990
13167	15424	169	37	38	0	15668
13168	201	15612	25	50	0	15888
13169	15426	173	28	34	0	15661
13170	183	15701	32	56	0	15972
13171	176	181	31	15588	0	15976
13172	90	150	15657	159	0	16056
13173	61	45	15644	161	0	15911
13174	57	34	290	15397	0	15778
13175	15472	35	175	180	0	15862
13176	175	15793	53	235	0	16256
13177	168	171	49	15885	0	16273
13178	75	154	15937	192	0	16358
13179	56	57	16176	193	0	16482
13180	52	67	301	15150	0	15570
13181	48	16142	188	175	0	16553
13182	15842	175	61	175	0	16253
13183	207	163	16373	65	0	16808
13184	179	56	16177	61	0	16473
13185	76	16182	299	53	0	16610
13186	15895	197	268	44	0	16404
13187	15869	158	60	40	0	16127
13188	302	60	52	15858	0	16272
13189	16204	41	48	176	0	16469
13190	15786	36	60	163	0	16045
13191	289	16109	57	61	0	16516
13192	16167	160	56	36	0	16419
13193	218	161	16460	43	0	16882
13194	191	60	167	16064	0	16482
13195	81	49	164	16182	0	16476
13196	16022	39	61	296	0	16418
13197	172	16064	53	220	0	16509
13198	15917	166	53	67	0	16203
13199	185	16476	48	69	0	16778
13200	171	16352	35	66	0	16624
13201	124	271	16011	43	0	16449
13202	73	194	15658	48	0	15973
13203	14165	130	284	47	0	14626
13204	14335	78	155	65	0	14633
13205	233	52	14251	26	0	14562
13206	144	13799	99	70	0	14112
13207	90	13975	111	24	0	14200
13208	13852	198	45	28	0	14123
13209	13790	135	51	21	0	13997
13210	211	79	26	13942	0	14258
13211	14299	51	40	105	0	14495
13212	138	53	45	14234	0	14470
13213	128	50	14283	139	0	14600
13214	91	33	13962	137	0	14223
13215	13974	52	201	49	0	14276
13216	131	46	129	13963	0	14269
13217	131	15155	64	116	0	15466
13218	15305	113	66	116	0	15600
13219	15061	127	60	66	0	15314
13220	206	52	15334	43	0	15635
13221	15242	48	138	36	0	15464
13222	15555	42	140	44	0	15781
13223	213	52	80	15454	0	15799
13224	168	15606	63	114	0	15951
13225	88	16032	66	125	0	16311
13226	87	200	52	16137	0	16476
13227	99	150	62	15526	0	15837
13228	88	67	39	15984	0	16178
13229	107	61	15883	224	0	16275
13230	92	60	15446	156	0	15754
13231	93	54	207	15295	0	15649
13232	84	45	15746	146	0	16021
13233	93	51	15576	138	0	15858
13234	83	61	207	15194	0	15545
13235	102	57	16476	132	0	16767
13236	71	16395	152	164	0	16782
13237	17374	140	152	77	0	17743
13238	175	145	73	17146	0	17539
13239	174	17634	67	140	0	18015
13240	128	136	18041	139	0	18444
13241	91	166	126	17828	0	18211
13242	83	82	18737	132	0	19034
13243	93	74	158	18636	0	18961
13244	80	68	166	19259	0	19573
13245	85	53	20200	250	0	20588
13246	94	71	139	19534	0	19838
13247	86	20260	178	171	0	20695
13248	99	147	72	20702	0	21020
13249	96	176	20778	164	0	21214
13250	100	62	153	20638	0	20953
13251	20321	64	175	160	0	20720
13252	172	20600	77	248	0	21097
13253	196	135	76	20711	0	21118
13254	90	154	21098	169	0	21511
13255	92	20794	153	193	0	21232
13256	95	20917	162	91	0	21265
13257	108	250	20779	84	0	21221
13258	75	192	167	19439	0	19873
13259	65	117	173	19595	0	19950
13260	98	39	19955	230	0	20322
13261	61	19162	118	164	0	19505
13262	69	18933	131	80	0	19213
13263	17358	131	42	48	0	17579
13264	66	17514	40	46	0	17666
13265	17140	70	23	38	0	17271
13266	53	88	29	16607	0	16777
13267	17509	26	33	80	0	17648
13268	69	9	17602	116	0	17796
13269	17153	18	61	64	0	17296
13270	58	33	90	17776	0	17957
13271	80	18024	48	76	0	18228
13272	18012	51	35	102	0	18200
13273	53	208	41	18018	0	18320
13274	71	18494	48	106	0	18719
13275	21	19135	31	115	0	19302
13276	19015	88	44	37	0	19184
13277	18966	86	21	32	0	19105
13278	19016	18	28	30	0	19092
13279	93	26	17	18726	0	18862
13280	61	18641	33	68	0	18803
13281	18	18871	37	74	0	19000
13282	16	106	20	18890	0	19032
13283	18657	63	43	72	0	18835
13284	18027	36	31	104	0	18198
13285	18008	34	28	53	0	18123
13286	114	13	18912	54	0	19093
13287	84	28	18870	44	0	19026
13288	19436	45	100	52	0	19633
13289	59	34	70	19308	0	19471
13290	72	40	45	19316	0	19473
13291	38	48	33	19051	0	19170
13292	31	41	25	19334	0	19431
13293	34	58	19210	128	0	19430
13294	18	29	82	18925	0	19054
13295	30	25	19146	108	0	19309
13296	17930	37	89	115	0	18171
13297	54	19303	96	79	0	19532
13298	64	66	57	19647	0	19834
13299	25	82	50	19355	0	19512
13300	19365	48	36	177	0	19626
13301	18887	50	45	129	0	19111
13302	18819	55	50	70	0	18994
13303	18872	49	50	78	0	19049
13304	143	51	19458	105	0	19757
13305	108	58	19214	68	0	19448
13306	54	48	143	19218	0	19463
13307	19367	70	98	134	0	19669
13308	18895	68	66	136	0	19165
13309	125	81	19441	101	0	19748
13310	93	59	96	18972	0	19220
13311	18985	36	110	163	0	19294
13312	93	79	60	18983	0	19215
13313	107	89	19908	136	0	20240
13314	58	66	102	19778	0	20004
13315	20012	102	120	110	0	20344
13316	75	21982	46	181	0	22284
13317	21735	112	68	63	0	21978
13318	21894	126	55	81	0	22156
13319	21683	68	40	114	0	21905
13320	157	40	77	21923	0	22197
13321	21746	81	61	98	0	21986
13322	95	23001	47	121	0	23264
13323	129	23467	56	100	0	23752
13324	80	255	29	23170	0	23534
13325	23537	169	25	103	0	23834
13326	153	24923	34	163	0	25273
13327	29881	164	19	90	0	30154
13328	32200	182	43	70	0	32495
13329	452	33865	44	77	0	34438
13330	288	261	41	34061	0	34651
13331	115	265	27	34697	0	35104
13332	144	99	34906	464	0	35613
13333	106	67	239	34457	0	34869
13334	100	91	35068	346	0	35605
13335	98	34096	255	318	0	34767
13336	120	286	216	34262	0	34884
13337	32823	266	61	297	0	33447
13338	33160	68	38	279	0	33545
13339	471	62	35	33560	0	34128
13340	285	82	33242	299	0	33908
13341	31053	84	240	289	0	31666
13342	264	32584	225	136	0	33209
13343	224	32159	62	106	0	32551
13344	72	32569	33	90	0	32764
13345	108	536	68	31113	0	31825
13346	65	251	32180	248	0	32744
13347	37	77	238	31915	0	32267
13348	64	39	32243	270	0	32616
13349	69	34	31867	225	0	32195
13350	66	41	33017	62	0	33186
13351	37	50	455	31860	0	32402
13352	27	64	239	32054	0	32384
13353	29	35	67	32847	0	32978
13354	21	42	69	32732	0	32864
13355	32679	16	54	485	0	33234
13356	233	32602	67	295	0	33197
13357	32668	232	66	96	0	33062
13358	254	33470	53	116	0	33893
13359	215	249	46	33193	0	33703
13360	61	227	36	34255	0	34579
13361	34169	57	29	482	0	34737
13362	34000	35	30	282	0	34347
13363	34470	47	38	81	0	34636
13364	34251	61	20	100	0	34432
13365	34433	44	26	69	0	34572
13366	487	34406	26	76	0	34995
13367	33703	253	41	93	0	34090
13368	284	33860	33	108	0	34285
13369	33629	257	36	54	0	33976
13370	336	215	33764	59	0	34374
13371	260	97	243	32928	0	33528
13372	122	34250	205	245	0	34822
13373	99	268	48	34369	0	34784
13374	104	221	34372	297	0	34994
13375	76	64	256	33698	0	34094
13376	32911	73	218	325	0	33527
13377	255	33467	77	331	0	34130
13378	227	33998	66	155	0	34446
13379	115	441	34874	117	0	35547
13380	68	280	249	33944	0	34541
13381	136	35589	222	322	0	36269
13382	45	266	83	36155	0	36549
13383	88	234	36422	341	0	37085
13384	88	35993	274	408	0	36763
13385	106	301	36292	117	0	36816
13386	128	277	35345	98	0	35848
13387	86	94	433	34879	0	35492
13388	35451	84	241	318	0	36094
13389	285	90	87	35780	0	36242
13390	285	61	36327	344	0	37017
13391	106	89	307	36796	0	37298
13392	109	111	38556	325	0	39101
13393	117	85	38113	280	0	38595
13394	37476	96	610	137	0	38319
13395	39363	90	296	138	0	39887
13396	39199	78	147	161	0	39585
13397	547	55	39482	167	0	40251
13398	324	56	39433	142	0	39955
13399	107	65	561	38552	0	39285
13400	100	75	338	39376	0	39889
13401	39575	86	155	543	0	40359
13402	376	89	110	39726	0	40301
13403	306	67	40298	421	0	41092
13404	171	74	39699	354	0	40298
13405	118	40329	529	166	0	41142
13406	138	346	294	40586	0	41364
13407	129	279	41054	371	0	41833
13408	127	108	369	40497	0	41101
13409	40623	110	289	433	0	41455
13410	364	94	41496	342	0	42296
13411	339	79	352	40841	0	41611
13412	183	81	310	41314	0	41888
13413	132	85	40853	582	0	41652
13414	101	59	402	40088	0	40650
13415	119	67	40544	409	0	41139
13416	36836	70	415	358	0	37679
13417	370	65	316	37467	0	38218
13418	295	38004	143	425	0	38867
13419	37755	307	108	354	0	38524
13420	37021	243	138	170	0	37572
13421	542	38060	112	195	0	38909
13422	725	2104	120	33730	0	36679
13423	152	36003	91	337	0	36583
13424	134	35925	96	261	0	36416
13425	497	532	34383	148	0	35560
13426	123	33411	341	222	0	34097
13427	146	375	27777	158	0	28456
13428	21868	276	229	48	0	22421
13429	22392	47	90	30	0	22559
13430	115	23612	27	56	0	23810
13431	67	23534	20	51	0	23672
13432	26	23727	24	40	0	23817
13433	24065	121	27	21	0	24234
13434	81	67	31	24246	0	24425
13435	70	26	26055	101	0	26252
13436	20	25963	100	110	0	26193
13437	17	104	80	26179	0	26380
13438	20	86	36	25468	0	25610
13439	15	29478	29	183	0	29705
13440	31889	196	22	94	0	32201
13441	302	136	32452	34	0	32924
13442	173	66	305	40259	0	40803
13443	29	44729	168	394	0	45320
13444	44560	438	55	252	0	45305
13445	493	293	44640	65	0	45491
13446	299	43871	459	71	0	44700
13447	63	474	301	43836	0	44674
13448	68	292	43707	480	0	44547
13449	41902	63	511	295	0	42771
13450	470	44	300	42512	0	43326
13451	357	19	42861	495	0	43732
13452	57	42632	470	409	0	43568
13453	41959	475	302	75	0	42811
13454	437	42790	71	144	0	43442
13455	42541	528	67	39	0	43175
13456	42175	334	47	66	0	42622
13457	757	70	54	41503	0	42384
13458	347	41657	47	508	0	42559
13459	131	458	41493	320	0	42402
13460	65	323	475	40654	0	41517
13461	83	130	383	39034	0	39630
13462	48	80	99	40404	0	40631
13463	64	48	80	40790	0	40982
13464	70	61	64	40847	0	41042
13465	40318	50	57	810	0	41235
13466	39178	78	90	395	0	39741
13467	39337	58	84	124	0	39603
13468	748	39580	85	198	0	40611
13469	388	484	39989	90	0	40951
13470	160	329	39544	86	0	40119
13471	106	104	40041	97	0	40348
13472	78	137	814	37635	0	38664
13473	61	82	393	38237	0	38773
13474	70	85	129	39068	0	39352
13475	103	85	38533	829	0	39550
13476	93	38139	517	555	0	39304
13477	104	520	38550	161	0	39335
13478	107	364	38452	123	0	39046
13479	106	120	817	36981	0	38024
13480	122	125	37828	547	0	38622
13481	104	97	578	36699	0	37478
13482	36203	107	403	596	0	37309
13483	35792	95	137	406	0	36430
13484	863	112	35792	169	0	36936
13485	433	104	552	35385	0	36474
13486	205	132	36142	569	0	37048
13487	140	35966	597	480	0	37183
13488	35715	618	425	153	0	36911
13489	606	397	35945	157	0	37105
13490	412	35025	589	182	0	36208
13491	183	34660	397	180	0	35420
13492	170	33938	167	170	0	34445
13493	171	864	32408	149	0	33592
13494	148	686	554	30462	0	31850
13495	145	31446	402	676	0	32669
13496	155	596	212	31092	0	32055
13497	168	417	175	31633	0	32393
13498	30577	148	184	892	0	31801
13499	530	30825	177	557	0	32089
13500	30270	559	158	247	0	31234
13501	607	30354	158	242	0	31361
13502	444	30660	135	230	0	31469
13503	271	850	29851	210	0	31182
13504	211	515	603	29405	0	30734
13505	184	212	29615	642	0	30653
13506	170	28885	601	692	0	30348
13507	205	568	29045	285	0	30103
13508	243	399	28991	304	0	29937
13509	193	28826	867	270	0	30156
13510	27774	588	490	266	0	29118
13511	536	28377	249	305	0	29467
13512	28427	584	272	272	0	29555
13513	650	447	28069	276	0	29442
13514	497	168	28338	266	0	29269
13515	182	27999	882	276	0	29339
13516	27496	600	499	215	0	28810
13517	571	28005	275	315	0	29166
13518	506	591	302	27724	0	29123
13519	27984	441	253	598	0	29276
13520	589	198	27921	499	0	29207
13521	443	242	656	27809	0	29150
13522	27367	200	484	657	0	28708
13523	580	27619	286	548	0	29033
13524	471	614	233	27659	0	28977
13525	211	419	27644	700	0	28974
13526	27268	180	666	511	0	28625
13527	565	183	514	27560	0	28822
13528	378	192	27540	695	0	28805
13529	167	170	686	26848	0	27871
13530	174	27332	467	722	0	28695
13531	206	533	27341	538	0	28618
13532	167	419	607	26714	0	27907
13533	25983	195	466	605	0	27249
13534	556	175	245	25718	0	26694
13535	23882	175	226	522	0	24805
13536	547	23913	198	430	0	25088
13537	23726	564	274	157	0	24721
13538	523	449	23311	154	0	24437
13539	338	208	20071	119	0	20736
13540	179	178	17616	104	0	18077
13541	150	16509	733	89	0	17481
13542	469	105	944	3977	0	5495
13543	14	41	81	3844	0	3980
13544	17	23	17	3810	0	3867
13545	6	18	15	3889	0	3928
13546	11	13	3895	54	0	3973
13547	3575	11	34	40	0	3660
13548	31	3908	33	23	0	3995
13549	3832	42	19	12	0	3905
13550	38	33	13	3767	0	3851
13551	35	3855	8	25	0	3923
13552	12	41	16	3928	0	3997
13553	3850	28	15	31	0	3924
13554	24	4048	18	43	0	4133
13555	3981	34	12	14	0	4041
13556	3912	24	17	16	0	3969
13557	47	19	18	3961	0	4045
13558	27	16	3958	31	0	4032
13559	3821	15	34	29	0	3899
13560	29	14	32	4013	0	4088
13561	4041	14	10	44	0	4109
13562	4122	11	16	31	0	4180
13563	4183	10	11	17	0	4221
13564	66	12	4276	17	0	4371
13565	39	25	42	4139	0	4245
13566	4156	15	34	45	0	4250
13567	47	9	4256	36	0	4348
13568	32	4212	39	14	0	4297
13569	16	42	45	3976	0	4079
13570	11	29	4070	36	0	4146
13571	10	13	4097	36	0	4156
13572	11	18	50	4040	0	4119
13573	21	8	31	4096	0	4156
13574	9	7	12	4098	0	4126
13575	10	4	8	4074	0	4096
13576	10	9	4095	52	0	4166
13577	9	4118	33	34	0	4194
13578	6	23	28	4161	0	4218
13579	4130	25	9	29	0	4193
13580	3991	6	7	28	0	4032
13581	4057	12	7	8	0	4084
13582	52	9	9	4055	0	4125
13583	30	12	10	4023	0	4075
13584	16	3866	10	43	0	3935
13585	8	3919	13	30	0	3970
13586	31	53	6	3663	0	3753
13587	3577	39	3	58	0	3677
13588	3540	4	6	16	0	3566
13589	3496	4	4	9	0	3513
13590	3518	1	5	6	0	3530
13591	3579	1	4	7	0	3591
13592	32	3601	5	11	0	3649
13593	19	19	3	3627	0	3668
13594	3720	13	4	22	0	3759
13595	3760	8	5	21	0	3794
13596	29	4	4	3770	0	3807
13597	18	1	3	3773	0	3795
13598	11	3	3872	32	0	3918
13599	6	4	19	3747	0	3776
13600	5	6	11	3787	0	3809
13601	12	5	3942	28	0	3987
13602	5	17	18	3830	0	3870
13603	7	4033	16	25	0	4081
13604	7	17	4101	22	0	4147
13605	8	4085	19	10	0	4122
13606	8	17	15	4011	0	4051
13607	7	13	5	3996	0	4021
13608	6	4036	6	29	0	4077
13609	8	4037	2	19	0	4066
13610	4079	24	2	9	0	4114
13611	4041	15	3	7	0	4066
13612	26	4	4122	8	0	4160
13613	4133	4	13	5	0	4155
13614	4350	4	15	11	0	4380
13615	4368	3	3	11	0	4385
13616	4348	4	19	7	0	4378
13617	30	1	4352	10	0	4393
13618	20	1	4247	6	0	4274
13619	4361	2	27	4	0	4394
13620	17	4509	16	25	0	4567
13621	22	12	4516	5	0	4555
13622	4466	9	18	7	0	4500
13623	4530	3	13	8	0	4554
13624	28	3	4588	7	0	4626
13625	4422	3	20	10	0	4455
13626	25	3	12	5038	0	5078
13627	18	4	5332	18	0	5372
13628	5013	0	21	20	0	5054
13629	20	5392	11	13	0	5436
13630	5512	18	7	13	0	5550
13631	6179	10	4	11	0	6204
13632	34	4	5	6174	0	6217
13633	16	2	7	6167	0	6192
13634	11	2	3	6250	0	6266
13635	6266	1	4	37	0	6308
13636	6453	10	6	20	0	6489
13637	36	3	3	6528	0	6570
13638	24	7	2	6466	0	6499
13639	11	4	6436	43	0	6494
13640	6127	5	24	21	0	6177
13641	27	4	17	6566	0	6614
13642	21	3	3	6571	0	6598
13643	9	6557	4	45	0	6615
13644	11	26	0	6614	0	6651
13645	11	13	5	6570	0	6599
13646	6548	7	3	43	0	6601
13647	29	6673	1	30	0	6733
13648	20	31	3	6771	0	6825
13649	13	18	3	6701	0	6735
13650	11	6	2	6813	0	6832
13651	14	4	6733	53	0	6804
13652	8	8	30	6620	0	6666
13653	6641	4	18	37	0	6700
13654	38	2	6650	26	0	6716
13655	19	4	31	6604	0	6658
13656	11	1	17	6724	0	6753
13657	6814	3	6	54	0	6877
13658	6627	4	6	26	0	6663
13659	51	5	6802	9	0	6867
13660	6351	4	29	10	0	6394
13661	35	3	6886	16	0	6940
13662	6771	3	29	3	0	6806
13663	28	7429	18	24	0	7499
13664	7550	32	3	9	0	7594
13665	37	7674	4	17	0	7732
13666	8006	40	4	8	0	8058
13667	45	8198	2	35	0	8280
13668	21	44	9	8380	0	8454
13669	10	22	1	8356	0	8389
13670	4	6	4	8327	0	8341
13671	7	8254	5	75	0	8341
13672	7	43	1	8294	0	8345
13673	7	8382	3	56	0	8448
13674	5	53	3	8440	0	8501
13675	8446	24	4	58	0	8532
13676	8270	12	7	30	0	8319
13677	67	8389	4	26	0	8486
13678	38	43	1	8458	0	8540
13679	8413	31	8	54	0	8506
13680	51	8538	4	39	0	8632
13681	33	8604	2	32	0	8671
13682	8651	74	0	17	0	8742
13683	8624	35	5	11	0	8675
13684	77	8673	7	15	0	8772
13685	8667	45	1	19	0	8732
13686	56	38	7	8702	0	8803
13687	48	30	9111	52	0	9241
13688	8998	11	47	48	0	9104
13689	9103	6	32	26	0	9167
13690	89	18	9342	13	0	9462
13691	9260	8	54	17	0	9339
13692	9623	10	42	18	0	9693
13693	9906	11	5	24	0	9946
13694	86	9881	7	22	0	9996
13695	10033	57	4	18	0	10112
13696	10099	44	5	17	0	10165
13697	92	18	0	10107	0	10217
13698	49	15	6	10177	0	10247
13699	21	8	4	10290	0	10323
13700	10317	13	1	103	0	10434
13701	66	12	8	10156	0	10242
13702	10359	13	0	76	0	10448
13703	10360	14	15	45	0	10434
13704	109	16	3	10336	0	10464
13705	58	14	4	10520	0	10596
13706	30	12	9	10612	0	10663
13707	10662	21	2	107	0	10792
13708	74	10719	9	56	0	10858
13709	53	67	5	10934	0	11059
13710	38	49	7	11065	0	11159
13711	11058	22	11	122	0	11213
13712	10938	16	6	65	0	11025
13713	123	23	10976	23	0	11145
13714	78	15	10992	27	0	11112
13715	11667	14	119	29	0	11829
13716	112	13	54	12090	0	12269
13717	76	22	9	14711	0	14818
13718	43	23	14921	271	0	15258
13719	36	25	179	14587	0	14827
13720	26	14973	103	208	0	15310
13721	33	15489	19	129	0	15670
13722	15266	282	11	45	0	15604
13723	224	123	15707	37	0	16091
13724	127	15802	187	53	0	16169
13725	49	214	97	15935	0	16295
13726	52	119	15812	217	0	16200
13727	30	36	199	15177	0	15442
13728	40	13	108	15614	0	15775
13729	38	22	15717	327	0	16104
13730	28	15600	195	214	0	16037
13731	31	201	111	15025	0	15368
13732	15099	111	25	216	0	15451
13733	15057	30	19	129	0	15235
13734	15241	18	15	42	0	15316
13735	323	15171	17	56	0	15567
13736	15061	197	13	25	0	15296
13737	232	114	12	14985	0	15343
13738	140	30	14831	220	0	15221
13739	14545	23	207	122	0	14897
13740	218	15113	104	48	0	15483
13741	130	203	32	14898	0	15263
13742	46	111	31	14856	0	15044
13743	41	14922	24	312	0	15299
13744	33	209	27	15145	0	15414
13745	42	131	25	15166	0	15364
13746	31	42	26	15450	0	15549
13747	15045	34	32	360	0	15471
13748	14839	34	31	180	0	15084
13749	320	45	15255	90	0	15710
13750	152	44	214	15006	0	15416
13751	64	48	121	15329	0	15562
13752	46	35	60	15641	0	15782
13753	15408	44	46	354	0	15852
13754	220	47	15138	184	0	15589
13755	14777	40	223	84	0	15124
13756	15289	38	129	78	0	15534
13757	332	25	50	15229	0	15636
13758	15392	31	48	253	0	15724
13759	262	48	15168	162	0	15640
13760	14834	47	212	87	0	15180
13761	262	16530	128	102	0	17022
13762	164	226	16080	73	0	16543
13763	101	149	16284	65	0	16599
13764	79	123	319	15948	0	16469
13765	83	45	16257	244	0	16629
13766	15420	48	247	163	0	15878
13767	218	15745	138	94	0	16195
13768	15861	206	43	74	0	16184
13769	227	149	43	15918	0	16337
13770	171	50	16038	252	0	16511
13771	75	37	16202	196	0	16510
13772	54	79	295	16087	0	16515
13773	16226	48	138	270	0	16682
13774	223	16095	53	227	0	16598
13775	146	16469	42	153	0	16810
13776	16366	296	43	107	0	16812
13777	239	16563	29	166	0	16997
13778	16610	235	45	80	0	16970
13779	255	165	44	16459	0	16923
13780	16400	49	39	271	0	16759
13781	251	37	57	16471	0	16816
13782	16601	34	49	275	0	16959
13783	256	38	53	16404	0	16751
13784	183	16401	58	266	0	16908
13785	16389	197	47	175	0	16808
13786	240	16524	58	145	0	16967
13787	186	213	16066	91	0	16556
13788	100	162	225	15096	0	15583
13789	89	16124	141	226	0	16580
13790	15832	221	69	139	0	16261
13791	15464	148	71	65	0	15748
13792	334	15519	75	82	0	16010
13793	158	225	15614	91	0	16088
13794	93	146	228	15179	0	15646
13795	78	15238	166	241	0	15723
13796	86	214	76	15397	0	15773
13797	99	129	75	15483	0	15786
13798	15287	80	51	345	0	15763
13799	240	15292	47	217	0	15796
13800	193	207	47	15588	0	16035
13801	15583	157	53	256	0	16049
13802	15377	59	59	182	0	15677
13803	15422	61	46	110	0	15639
13804	363	72	48	15233	0	15716
13805	15177	58	43	251	0	15529
13806	279	15166	48	176	0	15669
13807	15101	213	58	82	0	15454
13808	262	15382	40	103	0	15787
13809	15166	242	33	91	0	15532
13810	14950	147	32	105	0	15234
13811	365	157	42	14761	0	15325
13812	190	56	15226	240	0	15712
13813	130	63	15057	174	0	15424
13814	103	14845	251	117	0	15316
13815	14209	231	165	86	0	14691
13816	232	140	14008	42	0	14422
13817	10616	22	39	14	0	10691
13818	49	10769	28	23	0	10869
13819	49	11068	17	16	0	11150
13820	22	100	23	11317	0	11462
13821	24	11812	10	58	0	11904
13822	20	61	12292	46	0	12419
13823	28	69	56	11669	0	11822
13824	18	12597	49	66	0	12730
13825	23	76	11	12671	0	12781
13826	12747	75	11	84	0	12917
13827	78	29	11	12952	0	13070
13828	84	17	13298	102	0	13501
13829	24	13524	81	89	0	13718
13830	23	103	80	13220	0	13426
13831	18	95	23	13137	0	13273
13832	16	31	16	13621	0	13684
13833	13414	21	13	175	0	13623
13834	13067	28	26	108	0	13229
13835	182	17	13652	44	0	13895
13836	116	40	13691	15	0	13862
13837	33	13749	160	32	0	13974
13838	13806	96	90	21	0	14013
13839	121	89	26	13677	0	13913
13840	91	30	10	13647	0	13778
13841	32	21	11	13661	0	13725
13842	30	12	5	13872	0	13919
13843	37	19	13550	194	0	13800
13844	13037	17	90	107	0	13251
13845	112	17	85	14844	0	15058
13846	114	16	14846	115	0	15091
13847	14778	23	120	132	0	15053
13848	16132	15	122	39	0	16308
13849	273	29	18429	33	0	18764
13850	196	11	19335	28	0	19570
13851	48	27	338	19124	0	19537
13852	19224	18	187	211	0	19640
13853	19404	16	53	180	0	19653
13854	349	30	41	18586	0	19006
13855	199	18	35	19391	0	19643
13856	60	22	19359	361	0	19802
13857	31	48	210	19059	0	19348
13858	51	25	19286	257	0	19619
13859	18321	22	221	205	0	18769
13860	212	19184	182	88	0	19666
13861	18197	190	38	37	0	18462
13862	222	18176	18	64	0	18480
13863	18035	214	54	30	0	18333
13864	230	163	30	17381	0	17804
13865	189	39	26	17708	0	17962
13866	17714	16	26	348	0	18104
13867	17508	20	27	200	0	17755
13868	17742	8	25	57	0	17832
13869	17823	17	18	43	0	17901
13870	430	13	17530	32	0	18005
13871	17083	23	209	48	0	17363
13872	17473	12	178	47	0	17710
13873	17596	10	53	64	0	17723
13874	418	13	39	17252	0	17722
13875	16944	13	39	232	0	17228
13876	271	16960	41	200	0	17472
13877	199	206	42	16915	0	17362
13878	81	176	35	17184	0	17476
13879	77	48	17039	387	0	17551
13880	75	32	219	16629	0	16955
13881	61	16957	179	280	0	17477
13882	16767	213	62	216	0	17258
13883	252	17030	44	123	0	17449
13884	17075	235	47	78	0	17435
13885	302	192	41	16871	0	17406
13886	16798	48	45	260	0	17151
13887	284	16611	52	264	0	17211
13888	16685	222	67	92	0	17066
13889	16726	185	47	78	0	17036
13890	460	61	58	16377	0	16956
13891	285	38	56	16743	0	17122
13892	130	48	16569	437	0	17184
13893	125	39	220	16500	0	16884
13894	123	45	197	16626	0	16991
13895	130	28	16375	462	0	16995
13896	115	29	249	16518	0	16911
13897	114	23	16436	345	0	16918
13898	16012	41	284	254	0	16591
13899	328	36	214	16170	0	16748
13900	302	51	15937	284	0	16574
13901	15736	48	253	235	0	16272
13902	345	47	201	15902	0	16495
13903	311	45	16198	288	0	16842
13904	16066	47	247	248	0	16608
13905	349	46	202	16082	0	16679
13906	308	35	81	16219	0	16643
13907	16233	36	54	479	0	16802
13908	359	32	65	15954	0	16410
13909	315	34	60	16139	0	16548
13910	169	37	53	15615	0	15874
13911	156	15869	74	460	0	16559
13912	15452	235	80	295	0	16062
13913	15522	196	51	152	0	15921
13914	505	74	59	15273	0	15911
13915	15490	51	60	327	0	15928
13916	15353	52	52	290	0	15747
13917	15495	49	65	146	0	15755
13918	14767	69	81	135	0	15052
13919	15075	49	76	148	0	15348
13920	554	48	14015	127	0	14744
13921	310	51	13603	118	0	14082
13922	13001	45	364	122	0	13532
13923	308	13069	204	137	0	13718
13924	289	218	95	12410	0	13012
13925	169	159	12364	271	0	12963
13926	141	62	12383	236	0	12822
13927	181	249	327	11826	0	12583
13928	11790	83	340	265	0	12478
13929	293	44	65	11867	0	12269
13930	228	41	11972	263	0	12504
13931	12405	27	188	207	0	12827
13932	254	37	155	12382	0	12828
13933	252	25	78	12385	0	12740
13934	160	18	69	12639	0	12886
13935	124	27	55	12454	0	12660
13936	135	22	12131	399	0	12687
13937	109	29	211	12218	0	12567
13938	12199	32	160	299	0	12690
13939	254	37	12129	230	0	12650
13940	12135	30	201	124	0	12490
13941	12295	38	151	136	0	12620
13942	12171	25	87	123	0	12406
13943	12205	35	61	112	0	12413
13944	367	12166	64	134	0	12731
13945	191	10813	56	83	0	11143
13946	137	11098	42	103	0	11380
13947	10215	367	241	171	0	10994
13948	209	96	9566	102	0	9973
13949	6520	92	217	41	0	6870
13950	133	19	45	6086	0	6283
13951	6093	6	28	71	0	6198
13952	66	2	17	6107	0	6192
13953	6167	5	19	81	0	6272
13954	67	3	23	6134	0	6227
13955	48	13	21	6393	0	6475
13956	5875	7	23	89	0	5994
13957	83	7292	23	68	0	7466
13958	58	42	7302	46	0	7448
13959	36	7235	50	42	0	7363
13960	47	34	6894	31	0	7006
13961	14	26	49	6545	0	6634
13962	6627	10	56	52	0	6745
13963	41	6	9	6553	0	6609
13964	6507	8	10	40	0	6565
13965	38	7058	9	47	0	7152
13966	45	22	7213	15	0	7295
13967	22	7172	21	22	0	7237
13968	22	7221	20	21	0	7284
13969	6840	28	44	8	0	6920
13970	6680	11	4	11	0	6706
13971	25	6825	6	5	0	6861
13972	14	15	2	6865	0	6896
13973	11	10	6	6872	0	6899
13974	6921	1	6	28	0	6956
13975	27	6	6950	17	0	7000
13976	20	3	6865	5	0	6893
13977	5	6	21	6803	0	6835
13978	12	2	6964	21	0	6999
13979	6449	5	28	17	0	6499
13980	6843	2	15	11	0	6871
13981	29	6913	5	19	0	6966
13982	34	15	7075	15	0	7139
13983	10	15	20	6995	0	7040
13984	13	5	7512	20	0	7550
13985	6	4	22	7441	0	7473
13986	7529	7	19	23	0	7578
13987	20	7791	7	45	0	7863
13988	33	19	8226	18	0	8296
13989	12	8399	18	13	0	8442
13990	9	8631	20	14	0	8674
13991	8727	34	8	5	0	8774
13992	8415	26	7	11	0	8459
13993	48	8	8927	10	0	8993
13994	33	9098	20	29	0	9180
13995	9	25	27	9003	0	9064
13996	9	26	12	8957	0	9004
13997	16	6	7	8983	0	9012
13998	16	8	9267	56	0	9347
13999	17	8	22	9160	0	9207
14000	11	7	30	9340	0	9388
14001	9492	4	9	55	0	9560
14002	9350	12	9	35	0	9406
14003	9346	6	10	24	0	9386
14004	9162	4	2	14	0	9182
14005	9234	8	6	12	0	9260
14006	57	9232	9	7	0	9305
14007	9115	28	6	13	0	9162
14008	31	34	9187	16	0	9268
14009	42	24	27	9054	0	9147
14010	9195	7	33	25	0	9260
14011	33	9314	12	34	0	9393
14012	9470	28	4	21	0	9523
14013	9670	33	10	20	0	9733
14014	49	13	3	9860	0	9925
14015	34	8	8	9862	0	9912
14016	10	10609	11	55	0	10685
14017	15	28	7	10728	0	10778
14018	14	44	11235	40	0	11333
14019	11	9	28	11447	0	11495
14020	13	6	11655	41	0	11715
14021	10845	16	49	53	0	10963
14022	46	9	36	11766	0	11857
14023	64	7	12005	46	0	12122
14024	12	11877	43	66	0	11998
14025	11	11963	48	13	0	12035
14026	11890	79	14	11	0	11994
14027	37	68	12	11800	0	11917
14028	59	4	12481	38	0	12582
14029	11	12326	33	70	0	12440
14030	22	36	12396	10	0	12464
14031	11834	42	53	7	0	11936
14032	11758	5	55	14	0	11832
14033	11927	5	7	9	0	11948
14034	72	4	1	12024	0	12101
14035	47	3	12143	48	0	12241
14036	5	12200	34	55	0	12294
14037	5	32	41	12249	0	12327
14038	10	41	12148	39	0	12238
14039	9	4	11980	49	0	12042
14040	7	3	77	12011	0	12098
14041	12168	4	43	43	0	12258
14042	35	9	13	12105	0	12162
14043	40	15	8	12353	0	12416
14044	11	7	12567	77	0	12662
14045	11	3	43	12384	0	12441
14046	7	6	45	12332	0	12390
14047	11	7	12578	77	0	12673
14048	17	14	12493	50	0	12574
14049	7	7	79	12421	0	12514
14050	23	4	12699	47	0	12773
14051	12	6	35	12598	0	12651
14052	12624	4	43	51	0	12722
14053	40	13059	18	80	0	13197
14054	46	46	7	13213	0	13312
14055	14	44	13027	39	0	13124
14056	11567	16	52	62	0	11697
14057	43	12031	53	13	0	12140
14058	12152	40	13	14	0	12219
14059	46	41	8	12067	0	12162
14060	48	9	12	12064	0	12133
14061	12434	8	14	103	0	12559
14062	44	7	12531	65	0	12647
14063	12311	3	50	15	0	12379
14064	47	2	45	12561	0	12655
14065	12225	3	16	61	0	12305
14066	12232	5	17	58	0	12312
14067	88	6	15	12220	0	12329
14068	57	12626	16	84	0	12783
14069	12963	48	22	66	0	13099
14070	12914	48	20	34	0	13016
14071	116	17	13105	21	0	13259
14072	12889	11	67	29	0	12996
14073	64	12	66	13065	0	13207
14074	70	13389	22	75	0	13556
14075	27	71	17	13106	0	13221
14076	21	13417	14	71	0	13523
14077	13392	60	19	57	0	13528
14078	13267	61	12	29	0	13369
14079	115	16	12	14146	0	14289
14080	80	11	14281	69	0	14441
14081	28	11	14421	77	0	14537
14082	17	10	121	14600	0	14748
14083	14689	6	78	80	0	14853
14084	15558	8	24	88	0	15678
14085	145	16107	17	46	0	16315
14086	105	88	22	16167	0	16382
14087	43	88	16564	110	0	16805
14088	33	16	17233	110	0	17392
14089	22	81	209	18539	0	18851
14090	20355	31	164	172	0	20722
14091	165	1	27	20829	0	21022
14092	165	11	20676	187	0	21039
14093	20609	9	168	172	0	20958
14094	182	19	165	20161	0	20527
14095	167	12	40	20781	0	21000
14096	35	27	17	20231	0	20310
14097	15	20947	30	334	0	21326
14098	37	165	20729	182	0	21113
14099	32	152	21088	48	0	21320
14100	28	35	306	20862	0	21231
14101	30	14	21172	191	0	21407
14102	20534	14	190	172	0	20910
14103	193	7	170	20577	0	20947
14104	163	29	58	20129	0	20379
14105	54	13	21	20719	0	20807
14106	23	20892	32	347	0	21294
14107	21121	176	18	186	0	21501
14108	191	154	16	20968	0	21329
14109	21023	31	19	203	0	21276
14110	197	20993	24	212	0	21426
14111	20912	181	29	50	0	21172
14112	19983	179	36	49	0	20247
14113	20493	32	29	68	0	20622
14114	364	20206	21	56	0	20647
14115	193	20205	33	72	0	20503
14116	19516	316	31	50	0	19913
14117	209	19950	35	61	0	20255
14118	183	195	19254	66	0	19698
14119	42	18898	167	78	0	19185
14120	39	19080	161	53	0	19333
14121	18791	297	56	45	0	19189
14122	184	175	18737	49	0	19145
14123	173	35	18444	62	0	18714
14124	55	46	297	18198	0	18596
14125	18440	31	209	192	0	18872
14126	197	21	18688	179	0	19085
14127	182	22	184	18483	0	18871
14128	54	24	17932	213	0	18223
14129	57	31	17710	197	0	17995
14130	17307	24	300	83	0	17714
14131	215	35	17841	71	0	18162
14132	205	22	195	17331	0	17753
14133	71	53	195	17189	0	17508
14134	76	17471	60	331	0	17938
14135	72	17742	67	216	0	18097
14136	88	293	66	17340	0	17787
14137	82	186	17563	238	0	18069
14138	88	72	189	17520	0	17869
14139	66	63	181	17652	0	17962
14140	72	66	17944	349	0	18431
14141	80	76	204	17952	0	18312
14142	18035	59	219	252	0	18565
14143	231	59	18104	217	0	18611
14144	17830	65	203	124	0	18222
14145	255	58	209	17594	0	18116
14146	229	52	91	18188	0	18560
14147	111	18445	91	394	0	19041
14148	100	206	77	18292	0	18675
14149	101	196	87	18771	0	19155
14150	18680	77	84	409	0	19250
14151	244	84	78	18795	0	19201
14152	250	74	92	18836	0	19252
14153	18372	68	98	409	0	18947
14154	242	93	105	18451	0	18891
14155	266	71	107	17582	0	18026
14156	106	18369	105	415	0	18995
14157	18378	219	111	275	0	18983
14158	245	228	108	18304	0	18885
14159	254	111	99	18572	0	19036
14160	140	70	18456	421	0	19087
14161	110	73	227	18116	0	18526
14162	110	71	240	18291	0	18712
14163	18066	85	100	443	0	18694
14164	17810	76	93	290	0	18269
14165	399	98	112	18014	0	18623
14166	260	65	17822	288	0	18435
14167	112	17551	242	273	0	18178
14168	121	17629	231	148	0	18129
14169	167	380	118	17199	0	17864
14170	17203	197	101	277	0	17778
14171	232	94	90	17400	0	17816
14172	17539	95	62	269	0	17965
14173	264	85	67	17666	0	18082
14174	246	78	79	17569	0	17972
14175	17416	66	72	408	0	17962
14176	17081	98	70	260	0	17509
14177	361	17620	85	140	0	18206
14178	245	17990	57	164	0	18456
14179	90	366	74	16855	0	17385
14180	83	202	72	17085	0	17442
14181	122	76	16707	364	0	17269
14182	15358	50	215	287	0	15910
14183	193	16283	191	191	0	16858
14184	171	15062	82	120	0	15435
14185	14593	236	132	121	0	15082
14186	189	122	14703	105	0	15119
14187	180	35	14051	69	0	14335
14188	114	62	13109	58	0	13343
14189	47	11444	150	39	0	11680
14190	123	41	201	9243	0	9608
14191	10	31	15	9097	0	9153
14192	17	13	8	9175	0	9213
14193	9118	7	6	70	0	9201
14194	8867	8	9	49	0	8933
14195	66	9207	5	30	0	9308
14196	40	37	5	9489	0	9571
14197	31	34	9766	57	0	9888
14198	8	9881	41	57	0	9987
14199	9762	43	38	25	0	9868
14200	48	33	9824	22	0	9927
14201	9064	17	43	21	0	9145
14202	61	11	9913	26	0	10011
14203	36	46	35	9585	0	9702
14204	11	10049	31	51	0	10142
14205	10016	44	13	47	0	10120
14206	44	10120	6	30	0	10200
14207	9962	41	10	28	0	10041
14208	45	32	7	9877	0	9961
14209	41	15	10323	50	0	10429
14210	15	17	39	10494	0	10565
14211	20	8	26	11494	0	11548
14212	11	9	11699	113	0	11832
14213	11077	7	82	75	0	11241
14214	77	11940	43	34	0	12094
14215	11872	78	7	25	0	11982
14216	77	12042	8	46	0	12173
14217	55	90	7	12243	0	12395
14218	28	46	12222	85	0	12381
14219	14204	15	80	68	0	14367
14220	107	14771	52	53	0	14983
14221	95	118	15	14400	0	14628
14222	37	91	12	15106	0	15246
14223	15894	23	10	207	0	16134
14224	17041	17	11	115	0	17184
14225	234	17658	13	50	0	17955
14226	19039	149	16	27	0	19231
14227	18898	127	12	25	0	19062
14228	19383	25	15	28	0	19451
14229	341	37	19804	33	0	20215
14230	205	19314	165	39	0	19723
14231	45	19833	164	48	0	20090
14232	43	341	44	18354	0	18782
14233	29	203	31	19396	0	19659
14234	19523	41	11	327	0	19902
14235	188	19583	18	222	0	20011
14236	19832	182	14	45	0	20073
14237	205	191	12	19222	0	19630
14238	190	44	19	19627	0	19880
14239	19311	25	28	343	0	19707
14240	19019	33	24	194	0	19270
14241	357	35	19065	57	0	19514
14242	204	53	175	18925	0	19357
14243	71	27	18868	195	0	19161
14244	66	29	18588	191	0	18874
14245	65	28	18839	58	0	18990
14246	18046	92	381	24	0	18543
14247	193	33	195	17822	0	18243
14248	202	29	47	17576	0	17854
14249	60	24	28	18288	0	18400
14250	43	23	18032	350	0	18448
14251	48	27	174	17839	0	18088
14252	40	44	177	18201	0	18462
14253	17877	28	46	336	0	18287
14254	17814	31	24	214	0	18083
14255	18262	28	27	61	0	18378
14256	18296	28	22	41	0	18387
14257	396	34	19	17932	0	18381
14258	18142	39	27	202	0	18410
14259	252	51	19	18152	0	18474
14260	241	53	17566	233	0	18093
14261	17646	37	178	230	0	18091
14262	251	17849	184	94	0	18378
14263	245	201	59	17426	0	17931
14264	113	212	35	17352	0	17712
14265	88	17841	39	357	0	18325
14266	17691	202	35	228	0	18156
14267	278	17741	33	124	0	18176
14268	275	207	17555	79	0	18116
14269	135	198	17574	91	0	17998
14270	17148	80	372	70	0	17670
14271	17474	59	215	78	0	17826
14272	395	44	17227	98	0	17764
14273	17179	36	205	86	0	17506
14274	295	60	17194	79	0	17628
14275	17131	63	224	91	0	17509
14276	293	65	17168	111	0	17637
14277	306	48	17104	140	0	17598
14278	145	81	377	15853	0	16456
14279	160	64	256	16366	0	16846
14280	16755	52	88	432	0	17327
14281	16561	55	77	298	0	16991
14282	16738	57	73	152	0	17020
14283	16945	58	84	121	0	17208
14284	469	16535	103	120	0	17227
14285	364	199	88	16158	0	16809
14286	193	16538	96	274	0	17101
14287	180	249	98	16310	0	16837
14288	139	235	108	16035	0	16517
14289	185	89	93	16188	0	16555
14290	171	61	15836	471	0	16539
14291	15258	59	241	353	0	15911
14292	323	15537	242	201	0	16303
14293	331	15866	93	169	0	16459
14294	228	364	15978	136	0	16706
14295	213	230	236	15574	0	16253
14296	167	92	238	15635	0	16132
14297	15331	56	114	442	0	15943
14298	365	69	75	15207	0	15716
14299	375	54	119	15231	0	15779
14300	225	40	99	15394	0	15758
14301	240	57	113	15515	0	15925
14302	15055	59	118	457	0	15689
14303	15049	38	142	306	0	15535
14304	15237	51	119	174	0	15581
14305	486	53	109	15142	0	15790
14306	15389	59	120	313	0	15881
14307	330	67	120	15571	0	16088
14308	329	89	165	15874	0	16457
14309	201	51	15323	476	0	16051
14310	160	54	14985	342	0	15541
14311	177	43	14310	154	0	14684
14312	13755	71	428	134	0	14388
14313	285	57	304	13172	0	13818
14314	347	13621	121	234	0	14323
14315	13841	165	114	251	0	14371
14316	319	178	13586	142	0	14225
14317	13197	48	229	141	0	13615
14318	275	12871	246	156	0	13548
14319	10556	101	86	77	0	10820
14320	205	154	63	10454	0	10876
14321	10428	36	66	141	0	10671
14322	191	10140	54	202	0	10587
14323	184	9499	56	107	0	9846
14324	8085	145	65	65	0	8360
14325	111	7988	45	51	0	8195
14326	63	6056	11	35	0	6165
14327	62	6107	55	21	0	6245
14328	5675	124	158	21	0	5978
14329	5328	49	16	13	0	5406
14330	5367	14	8	6	0	5395
14331	75	13	4	5295	0	5387
14332	51	13	6	5361	0	5431
14333	30	8	5334	60	0	5432
14334	23	5	36	5309	0	5373
14335	22	8	5367	42	0	5439
14336	24	10	34	5313	0	5381
14337	15	10	36	5355	0	5416
14338	5342	7	18	71	0	5438
14339	5230	7	18	46	0	5301
14340	66	5358	13	26	0	5463
14341	48	37	8	5350	0	5443
14342	32	38	5594	44	0	5708
14343	26	18	38	5591	0	5673
14344	18	19	40	5588	0	5665
14345	21	20	11	5690	0	5742
14346	28	8	5649	71	0	5756
14347	21	13	5479	56	0	5569
14348	5490	12	51	32	0	5585
14349	39	10	37	5640	0	5726
14350	50	2	5575	54	0	5681
14351	5396	11	43	42	0	5492
14352	42	5706	38	28	0	5814
14353	5778	31	19	31	0	5859
14354	46	38	5929	30	0	6043
14355	5690	13	29	17	0	5749
14356	38	24	38	5798	0	5898
14357	51	14	5922	39	0	6026
14358	25	5860	34	55	0	5974
14359	5885	29	40	18	0	5972
14360	37	42	13	5777	0	5869
14361	41	21	20	5747	0	5829
14362	17	5894	17	66	0	5994
14363	21	33	15	5935	0	6004
14364	25	37	5958	36	0	6056
14365	14	5914	23	58	0	6009
14366	5891	26	44	29	0	5990
14367	29	33	15	5839	0	5916
14368	43	13	16	5794	0	5866
14369	33	13	5800	55	0	5901
14370	24	13	25	5787	0	5849
14371	29	11	6000	40	0	6080
14372	21	5955	30	46	0	6052
14373	5901	25	35	23	0	5984
14374	5791	35	13	32	0	5871
14375	5783	13	24	23	0	5843
14376	46	6026	24	38	0	6134
14377	42	18	17	5942	0	6019
14378	26	33	11	5874	0	5944
14379	31	11	11	5735	0	5788
14380	5887	16	18	54	0	5975
14381	5806	12	12	48	0	5878
14382	54	15	13	5886	0	5968
14383	40	9	6622	50	0	6721
14384	28	10	33	6520	0	6591
14385	30	20	29	6574	0	6653
14386	24	13	12	6588	0	6637
14387	24	9	18	6602	0	6653
14388	6645	15	17	61	0	6738
14389	35	17	13	6765	0	6830
14390	37	13	8	6774	0	6832
14391	16	6851	13	70	0	6950
14392	26	36	8	7132	0	7202
14393	24	7357	11	55	0	7447
14394	14	32	8	7354	0	7408
14395	7303	36	13	52	0	7404
14396	37	7359	11	65	0	7472
14397	7302	36	12	40	0	7390
14398	50	40	7505	32	0	7627
14399	48	15	36	7322	0	7421
14400	32	10	7689	58	0	7789
14401	24	15	40	7611	0	7690
14402	18	26	42	7584	0	7670
14403	12	7610	24	80	0	7726
14404	24	7741	17	60	0	7842
14405	10	7835	12	33	0	7890
14406	7717	57	14	24	0	7812
14407	27	7407	5	35	0	7474
14408	20	7194	13	27	0	7254
14409	80	34	8	7254	0	7376
14410	7325	17	3	23	0	7368
14411	16	7760	3	44	0	7823
14412	7797	18	15	11	0	7841
14413	7681	17	6	14	0	7718
14414	39	6	8268	24	0	8337
14415	24	6	21	7985	0	8036
14416	7	8	18	8202	0	8235
14417	7	8	7	8241	0	8263
14418	8	5	7	8195	0	8215
14419	10	6	8083	49	0	8148
14420	10	10	7578	27	0	7625
14421	7446	6	30	12	0	7494
14422	20	7890	17	12	0	7939
14423	17	7940	4	7	0	7968
14424	7995	32	7	10	0	8044
14425	19	8006	4	9	0	8038
14426	14	21	4	8230	0	8269
14427	8246	16	3	25	0	8290
14428	20	7	8439	21	0	8487
14429	18	6	19	8403	0	8446
14430	9	6	8669	28	0	8712
14431	8306	6	27	29	0	8368
14432	26	8	9593	11	0	9638
14433	9521	8	22	14	0	9565
14434	9914	9	28	13	0	9964
14435	10038	7	6	9	0	10060
14436	10028	8	3	8	0	10047
14437	10107	10	1	10	0	10128
14438	45	7	4	10111	0	10167
14439	10656	6	3	31	0	10696
14440	29	5	4	10674	0	10712
14441	24	7	3	10662	0	10696
14442	11	4	6	10729	0	10750
14443	15	7	10820	44	0	10886
14444	8	6	25	10524	0	10563
14445	7	12	21	10831	0	10871
14446	14	9	10758	47	0	10828
14447	9868	9	21	45	0	9943
14448	23	7	28	10829	0	10887
14449	31	9	10892	29	0	10961
14450	27	4	10677	28	0	10736
14451	11	7	40	10597	0	10655
14452	22	3	11104	25	0	11154
14453	10	6	27	11172	0	11215
14454	9	4	29	11042	0	11084
14455	9	11193	9	42	0	11253
14456	11	11204	5	42	0	11262
14457	11342	36	5	22	0	11405
14458	22	25	11	11369	0	11427
14459	30	8	9	11311	0	11358
14460	12	7	8	11536	0	11563
14461	17	8	11770	49	0	11844
14462	13	10	27	11486	0	11536
14463	11589	6	19	43	0	11657
14464	35	4	11966	33	0	12038
14465	30	3	27	12121	0	12181
14466	12	5	25	12232	0	12274
14467	13	6	11	12418	0	12448
14468	7	13195	10	72	0	13284
14469	13319	49	8	38	0	13414
14470	13613	33	8	26	0	13680
14471	92	14533	8	24	0	14657
14472	48	67	13	15594	0	15722
14473	32	46	15700	91	0	15869
14474	19	11	15693	77	0	15800
14475	15866	9	162	20	0	16057
14476	109	8	93	16426	0	16636
14477	17374	7	24	124	0	17529
14478	130	17801	15	149	0	18095
14479	120	18113	12	49	0	18294
14480	18043	233	11	30	0	18317
14481	130	18718	14	44	0	18906
14482	116	145	11	18669	0	18941
14483	26	123	12	17738	0	17899
14484	13	19139	15	227	0	19394
14485	19186	140	16	109	0	19451
14486	155	120	19273	30	0	19578
14487	18679	19	137	40	0	18875
14488	166	13	19583	25	0	19787
14489	17981	15	169	29	0	18194
14490	178	13	19849	28	0	20068
14491	142	19551	156	32	0	19881
14492	34	166	181	19363	0	19744
14493	19174	135	27	151	0	19487
14494	151	16	19092	125	0	19384
14495	143	22	19129	21	0	19315
14496	29	25	253	18676	0	18983
14497	54	14	19387	160	0	19615
14498	23	15	161	18938	0	19137
14499	22	18	138	18734	0	18912
14500	34	13	19101	282	0	19430
14501	19	17	161	18909	0	19106
14502	19364	10	127	172	0	19673
14503	145	19408	32	157	0	19742
14504	19565	143	27	41	0	19776
14505	167	125	21	19149	0	19462
14506	19218	33	30	156	0	19437
14507	19229	25	30	134	0	19418
14508	279	24	24	19062	0	19389
14509	151	19494	18	178	0	19841
14510	19608	141	35	126	0	19910
14511	198	131	19054	40	0	19423
14512	151	39	18943	41	0	19174
14513	18534	37	267	33	0	18871
14514	166	25	151	18728	0	19070
14515	162	24	18918	168	0	19272
14516	48	25	179	18931	0	19183
14517	18980	24	145	184	0	19333
14518	19143	34	45	161	0	19383
14519	19209	35	47	55	0	19346
14520	286	19931	39	77	0	20333
14521	176	155	35	19974	0	20340
14522	61	154	41	20030	0	20286
14523	19922	32	30	287	0	20271
14524	180	19964	45	179	0	20368
14525	19963	182	30	59	0	20234
14526	189	145	33	19606	0	19973
14527	19643	38	60	184	0	19925
14528	204	35	19169	160	0	19568
14529	182	19156	178	61	0	19577
14530	76	187	155	18341	0	18759
14531	67	19466	59	158	0	19750
14532	62	184	54	18693	0	18993
14533	18668	145	60	193	0	19066
14534	206	32	18174	163	0	18575
14535	17814	53	166	76	0	18109
14536	195	18603	148	121	0	19067
14537	183	170	57	18718	0	19128
14538	78	164	64	18974	0	19280
14539	18500	49	58	322	0	18929
14540	239	43	18692	181	0	19155
14541	190	38	192	18586	0	19006
14542	82	47	176	18380	0	18685
14543	103	37	64	18429	0	18633
14544	100	33	69	18717	0	18919
14545	18408	42	72	312	0	18834
14546	18107	47	68	196	0	18418
14547	323	59	18612	84	0	19078
14548	213	40	18418	102	0	18773
14549	18814	38	294	95	0	19241
14550	19201	40	168	79	0	19488
14551	334	55	80	18999	0	19468
14552	230	41	56	18888	0	19215
14553	18632	42	66	306	0	19046
14554	212	18980	74	201	0	19467
14555	209	149	64	19064	0	19486
14556	114	146	66	19266	0	19592
14557	95	53	19061	317	0	19526
14558	105	51	180	19010	0	19346
14559	88	53	19155	256	0	19552
14560	108	43	172	19006	0	19329
14561	18766	32	174	220	0	19192
14562	222	52	71	18986	0	19331
14563	212	52	18903	222	0	19389
14564	99	18375	171	276	0	18921
14565	94	175	164	18837	0	19270
14566	125	143	19044	217	0	19529
14567	98	19008	175	227	0	19508
14568	86	199	152	18340	0	18777
14569	105	153	18150	185	0	18593
14570	14973	62	163	170	0	15368
14571	152	17248	132	85	0	17617
14572	115	16182	34	74	0	16405
14573	64	16467	28	81	0	16640
14574	142	306	63	15720	0	16231
14575	66	72	16305	126	0	16569
14576	49	16027	73	135	0	16284
14577	120	233	79	15224	0	15656
14578	15979	65	24	104	0	16172
14579	86	21	22	21537	0	21666
14580	122	31	26112	239	0	26504
14581	34	26437	236	192	0	26899
14582	25667	260	198	50	0	26175
14583	237	26437	33	81	0	26788
14584	264	266	25414	45	0	25989
14585	31	25629	239	121	0	26020
14586	44	313	218	24944	0	25519
14587	56	209	25009	237	0	25511
14588	27	24868	251	237	0	25383
14589	26	278	195	23653	0	24152
14590	29	213	42	23980	0	24264
14591	6	24571	25	418	0	25020
14592	11	259	26	24800	0	25096
14593	20	210	24505	281	0	25016
14594	20	51	24704	215	0	24990
14595	6	41	411	24544	0	25002
14596	24455	33	202	282	0	24972
14597	24147	29	45	224	0	24445
14598	411	28	32	23809	0	24280
14599	203	24252	31	294	0	24780
14600	36	262	41	24477	0	24816
14601	23988	233	67	279	0	24567
14602	258	66	56	23645	0	24025
14603	222	68	32	23974	0	24296
14604	23776	58	27	441	0	24302
14605	268	23877	37	261	0	24443
14606	208	297	43	23724	0	24272
14607	23570	243	39	301	0	24153
14608	271	66	23261	262	0	23860
14609	22951	70	279	92	0	23392
14610	275	75	206	23159	0	23715
14611	23333	58	47	325	0	23763
14612	23025	68	45	279	0	23417
14613	22861	93	45	120	0	23119
14614	449	23055	65	143	0	23712
14615	264	274	22976	67	0	23581
14616	77	23171	298	89	0	23635
14617	22712	301	229	83	0	23325
14618	324	22780	52	108	0	23264
14619	277	295	48	22588	0	23208
14620	21868	263	40	319	0	22490
14621	290	22061	45	287	0	22683
14622	257	318	21995	117	0	22687
14623	111	248	259	21907	0	22525
14624	103	76	22138	365	0	22682
14625	80	21944	288	365	0	22677
14626	77	338	235	21345	0	21995
14627	87	280	60	21583	0	22010
14628	96	100	55	21976	0	22227
14629	90	65	85	21544	0	21784
14630	103	21751	85	507	0	22446
14631	21499	297	52	332	0	22180
14632	334	236	21488	228	0	22286
14633	295	118	384	21394	0	22191
14634	21374	174	321	367	0	22236
14635	448	229	21430	301	0	22408
14636	374	21073	333	130	0	21910
14637	126	514	345	20608	0	21593
14638	202	419	20884	345	0	21850
14639	111	20949	361	382	0	21803
14640	20222	383	349	251	0	21205
14641	341	20892	194	182	0	21609
14642	281	487	116	20036	0	20920
14643	113	351	102	20837	0	21403
14644	20425	243	93	652	0	21413
14645	310	20596	145	493	0	21544
14646	270	398	229	20648	0	21545
14647	19970	325	308	436	0	21039
14648	19684	134	219	479	0	20516
14649	619	19609	115	332	0	20675
14650	19786	373	78	216	0	20453
14651	19771	343	41	269	0	20424
14652	611	242	66	19496	0	20415
14653	357	270	19302	493	0	20422
14654	306	146	345	18904	0	19701
14655	319	116	265	19023	0	19723
14656	186	99	18665	770	0	19720
14657	234	18491	342	528	0	19595
14658	274	462	250	18150	0	19136
14659	195	409	108	18702	0	19414
14660	229	153	138	18874	0	19394
14661	282	142	209	18553	0	19186
14662	249	18462	208	634	0	19553
14663	18551	355	130	455	0	19491
14664	18455	280	96	321	0	19152
14665	18422	103	35	252	0	18812
14666	823	17597	43	215	0	18678
14667	457	498	73	17455	0	18483
14668	193	438	17548	451	0	18630
14669	211	271	393	17217	0	18092
14670	261	17710	255	394	0	18620
14671	17094	465	71	320	0	17950
14672	16926	406	46	247	0	17625
14673	16898	162	70	241	0	17371
14674	648	16844	113	183	0	17788
14675	298	16308	190	210	0	17006
14676	145	16600	232	265	0	17242
14677	188	501	16058	250	0	16997
14678	211	561	14629	211	0	15612
14679	480	2184	398	6272	0	9334
14680	3901	43	185	72	0	4201
14681	3677	7	10	34	0	3728
14682	51	13	9	3839	0	3912
14683	27	10	8	3801	0	3846
14684	13	10	3	3874	0	3900
14685	11	9	4	3958	0	3982
14686	3931	10	5	57	0	4003
14687	4011	12	0	35	0	4058
14688	67	4184	6	16	0	4273
14689	4346	44	6	12	0	4408
14690	4271	33	4	17	0	4325
14691	4321	12	6	12	0	4351
14692	72	14	4138	16	0	4240
14693	4176	9	35	12	0	4232
14694	45	4218	27	17	0	4307
14695	30	44	8	4262	0	4344
14696	22	32	4	4288	0	4346
14697	12	4285	8	67	0	4372
14698	11	39	6	4380	0	4436
14699	4335	31	2	53	0	4421
14700	43	6	5	4460	0	4514
14701	37	8	4429	50	0	4524
14702	4328	8	40	38	0	4414
14703	42	4656	31	13	0	4742
14704	43	41	5	4614	0	4703
14705	17	38	3	4581	0	4639
14706	20	7	5	4658	0	4690
14707	16	12	4641	75	0	4744
14708	8	4570	37	56	0	4671
14709	11	44	34	4564	0	4653
14710	20	33	4535	51	0	4639
14711	10	11	41	4446	0	4508
14712	17	6	4485	48	0	4556
14713	6	29	42	4318	0	4395
14714	12	4411	31	41	0	4495
14715	14	51	5	4309	0	4379
14716	4295	32	4	49	0	4380
14717	4264	9	7	35	0	4315
14718	71	9	4334	15	0	4429
14719	35	11	4151	7	0	4204
14720	18	6	4517	10	0	4551
14721	13	18	61	4447	0	4539
14722	17	15	29	4687	0	4748
14723	8	6	7	4782	0	4803
14724	10	4852	3	67	0	4932
14725	9	53	3	4805	0	4870
14726	9	36	6	4877	0	4928
14727	12	8	8	5091	0	5119
14728	5062	11	9	77	0	5159
14729	5022	10	6	54	0	5092
14730	86	12	5135	9	0	5242
14731	45	8	5126	18	0	5197
14732	5049	6	106	14	0	5175
14733	5242	4	47	13	0	5306
14734	88	8	5455	20	0	5571
14735	58	7	5411	16	0	5492
14736	5296	12	83	18	0	5409
14737	5445	8	42	25	0	5520
14738	85	8	5652	22	0	5767
14739	48	13	43	5515	0	5619
14740	14	3	46	5517	0	5580
14741	13	5763	13	95	0	5884
14742	17	49	6	5876	0	5948
14743	17	47	6256	57	0	6377
14744	17	13	56	6199	0	6285
14745	13	10	57	6287	0	6367
14746	16	3	6228	118	0	6365
14747	5969	13	60	64	0	6106
14748	6247	5	59	24	0	6335
14749	112	12	15	6135	0	6274
14750	73	11	6	6274	0	6364
14751	6254	5	21	114	0	6394
14752	6161	13	13	65	0	6252
14753	6131	19	17	30	0	6197
14754	6306	4	13	26	0	6349
14755	103	6225	13	26	0	6367
14756	6110	52	16	29	0	6207
14757	61	6176	11	32	0	6280
14758	57	66	10	6070	0	6203
14759	18	53	10	6066	0	6147
14760	10	6013	17	113	0	6153
14761	15	52	13	6063	0	6143
14762	17	47	17	5894	0	5975
14763	14	5971	26	101	0	6112
14764	18	54	15	5976	0	6063
14765	20	48	17	6003	0	6088
14766	19	14	20	6069	0	6122
14767	20	19	6034	115	0	6188
14768	17	5884	57	71	0	6029
14769	31	90	57	5606	0	5784
14770	22	5885	16	67	0	5990
14771	5756	52	29	56	0	5893
14772	73	46	5704	28	0	5851
14773	62	10	5626	22	0	5720
14774	5372	6	107	17	0	5502
14775	54	23	61	5436	0	5574
14776	48	6	5243	56	0	5353
14777	19	5	5121	57	0	5202
14778	13	86	71	4969	0	5139
14779	4902	5	64	48	0	5019
14780	4786	11	15	44	0	4856
14781	86	2	7	4907	0	5002
14782	47	12	4827	50	0	4936
14783	11	5126	40	63	0	5240
14784	18	42	42	5121	0	5223
14785	13	53	5117	54	0	5237
14786	10	5090	45	59	0	5204
14787	19	45	40	4928	0	5032
14788	4826	49	5	52	0	4932
14789	40	4	11	4674	0	4729
14790	40	4829	8	38	0	4915
14791	4838	31	10	45	0	4924
14792	38	33	5072	17	0	5160
14793	38	4972	32	20	0	5062
14794	16	30	4987	17	0	5050
14795	4751	31	38	16	0	4836
14796	44	10	39	4626	0	4719
14797	39	2	14	4846	0	4901
14798	4889	4	6	60	0	4959
14799	46	5	6	4883	0	4940
14800	40	7	4778	43	0	4868
14801	4538	8	38	46	0	4630
14802	36	4780	38	24	0	4878
14803	38	37	7	4621	0	4703
14804	4603	30	9	39	0	4681
14805	34	4627	13	43	0	4717
14806	31	38	7	4696	0	4772
14807	4715	28	3	55	0	4801
14808	39	10	6	4701	0	4756
14809	32	4747	5	46	0	4830
14810	14	29	4833	44	0	4920
14811	10	38	30	4850	0	4928
14812	12	11	32	4764	0	4819
14813	4858	10	14	60	0	4942
14814	39	6	4	4913	0	4962
14815	4925	7	6	43	0	4981
14816	4870	9	5	38	0	4922
14817	63	8	3	4887	0	4961
14818	40	4937	9	40	0	5026
14819	16	38	6	4877	0	4937
14820	4647	29	8	39	0	4723
14821	36	4773	5	43	0	4857
14822	27	4908	4	13	0	4952
14823	4968	52	6	7	0	5033
14824	5042	28	2	14	0	5086
14825	56	5111	6	11	0	5184
14826	5138	31	18	14	0	5201
14827	5023	25	14	9	0	5071
14828	49	19	6	5046	0	5120
14829	36	8	5257	32	0	5333
14830	9	6	32	5247	0	5294
14831	10	0	5374	38	0	5422
14832	4	57	35	5308	0	5404
14833	4	5	5465	54	0	5528
14834	5147	15	36	28	0	5226
14835	31	3	31	5199	0	5264
14836	5433	1	10	36	0	5480
14837	39	18	2	5334	0	5393
14838	29	5525	5	37	0	5596
14839	5619	34	0	40	0	5693
14840	47	34	5521	7	0	5609
14841	5348	7	25	2	0	5382
14842	34	5406	24	9	0	5473
14843	5090	32	4	1	0	5127
14844	5119	20	1	8	0	5148
14845	54	5208	1	7	0	5270
14846	24	34	2	5381	0	5441
14847	5392	25	2	36	0	5455
14848	38	5428	2	38	0	5506
14849	30	35	1	5517	0	5583
14850	5546	29	16	37	0	5628
14851	44	5	0	5517	0	5566
14852	34	3	1	5566	0	5604
14853	9	2	1	5627	0	5639
14854	6	15	5550	66	0	5637
14855	5	4	39	5509	0	5557
14856	5546	0	29	49	0	5624
14857	42	3	5575	34	0	5654
14858	31	2	43	5530	0	5606
14859	9	5	25	5609	0	5648
14860	16	0	5523	68	0	5607
14861	5349	0	39	34	0	5422
14862	5598	6	26	18	0	5648
14863	65	6	5678	8	0	5757
14864	41	1	42	5556	0	5640
14865	22	7	28	5670	0	5727
14866	13	14	5975	69	0	6071
14867	8	5	45	6013	0	6071
14868	22	5	36	6021	0	6084
14869	10	7	6283	82	0	6382
14870	6091	8	50	42	0	6191
14871	64	5	38	6396	0	6503
14872	6342	6	8	69	0	6425
14873	6378	10	8	42	0	6438
14874	94	5	6468	21	0	6588
14875	47	5	54	6391	0	6497
14876	6451	2	38	71	0	6562
14877	62	6653	15	52	0	6782
14878	44	54	13	6787	0	6898
14879	19	44	7	6742	0	6812
14880	12	6	10	7022	0	7050
14881	20	2	6905	108	0	7035
14882	6348	6	66	63	0	6483
14883	71	7	44	6510	0	6632
14884	44	3	17	6565	0	6629
14885	21	2	6572	109	0	6704
14886	14	6	70	6507	0	6597
14887	17	3	41	6608	0	6669
14888	6504	0	17	112	0	6633
14889	63	6578	16	66	0	6723
14890	51	58	6582	29	0	6720
14891	6436	37	65	23	0	6561
14892	73	8	49	6383	0	6513
14893	54	9	6632	75	0	6770
14894	24	4	6750	58	0	6836
14895	25	24	96	6727	0	6872
14896	25	7	6955	84	0	7071
14897	34	7	6996	55	0	7092
14898	25	6973	99	29	0	7126
14899	22	66	44	7086	0	7218
14900	24	36	7184	80	0	7324
14901	17	13	71	7097	0	7198
14902	7447	11	37	87	0	7582
14903	67	4	22	7406	0	7499
14904	50	4	15	7577	0	7646
14905	7465	8	10	118	0	7601
14906	7318	10	19	66	0	7413
14907	108	5	12	7871	0	7996
14908	51	4	8058	98	0	8211
14909	22	8035	74	73	0	8204
14910	18	64	54	8030	0	8166
14911	7976	44	21	89	0	8130
14912	7890	8	16	75	0	7989
14913	117	8033	19	32	0	8201
14914	51	8178	22	34	0	8285
14915	8141	102	21	38	0	8302
14916	8120	50	31	30	0	8231
14917	123	9	8605	28	0	8765
14918	62	12	86	8306	0	8466
14919	28	8739	62	92	0	8921
14920	8962	72	29	68	0	9131
14921	79	73	24	8788	0	8964
14922	61	8752	20	100	0	8933
14923	28	76	8875	68	0	9047
14924	21	71	86	8287	0	8465
14925	20	8925	54	95	0	9094
14926	8945	72	31	61	0	9109
14927	8849	56	18	43	0	8966
14928	113	8946	18	34	0	9111
14929	8691	70	12	23	0	8796
14930	8603	46	16	24	0	8689
14931	111	8700	21	29	0	8861
14932	50	8727	14	37	0	8828
14933	26	155	39	8478	0	8698
14934	8482	54	10	75	0	8621
14935	67	15	8720	55	0	8857
14936	8129	28	57	25	0	8239
14937	64	8580	36	26	0	8706
14938	8506	54	10	25	0	8595
14939	8454	36	17	23	0	8530
14940	8551	10	13	18	0	8592
14941	89	22	13	8436	0	8560
14942	43	8577	15	64	0	8699
14943	8553	53	18	46	0	8670
14944	63	42	8704	22	0	8831
14945	45	8669	54	30	0	8798
14946	11	63	41	8714	0	8829
14947	18	36	8618	51	0	8723
14948	19	15	8614	34	0	8682
14949	13	33	69	8479	0	8594
14950	18	24	35	8663	0	8740
14951	17	8	7	8796	0	8828
14952	18	8	10	8667	0	8703
14953	8	8636	10	94	0	8748
14954	18	8786	8	37	0	8849
14955	8950	73	9	16	0	9048
14956	54	35	12	8935	0	9036
14957	56	12	10	8905	0	8983
14958	19	14	8	9089	0	9130
14959	9052	12	5	83	0	9152
14960	8962	12	7	46	0	9027
14961	102	13	3	9053	0	9171
14962	9152	11	10	72	0	9245
14963	9023	12	10	43	0	9088
14964	9185	11	16	14	0	9226
14965	89	17	7	9131	0	9244
14966	49	8	8837	52	0	8946
14967	14	8	8497	39	0	8558
14968	14	15	8726	14	0	8769
14969	20	7	8812	15	0	8854
14970	23	35	70	8571	0	8699
14971	8652	11	28	37	0	8728
14972	8406	9	10	30	0	8455
14973	61	9	8675	9	0	8754
14974	42	8	8872	10	0	8932
14975	16	9597	49	12	0	9674
14976	10	50	26	9534	0	9620
14977	9577	23	8	33	0	9641
14978	36	7	9578	29	0	9650
14979	9298	3	23	10	0	9334
14980	33	9947	21	19	0	10020
14981	25	33	2	10085	0	10145
14982	9	25	7	10400	0	10441
14983	9	8	8	10358	0	10383
14984	10498	9	5	62	0	10574
14985	40	7	8	10463	0	10518
14986	36	6	7	10499	0	10548
14987	10511	6	9	70	0	10596
14988	49	4	3	10534	0	10590
14989	43	6	10732	46	0	10827
14990	10436	9	49	45	0	10539
14991	44	11	30	10798	0	10883
14992	37	10	4	10675	0	10726
14993	18	10729	5	66	0	10818
14994	10688	39	9	42	0	10778
14995	10790	34	9	21	0	10854
14996	69	12	5	10759	0	10845
14997	48	6	10752	45	0	10851
14998	10014	3	42	45	0	10104
14999	61	6	10865	19	0	10951
15000	39	21	46	10640	0	10746
15001	16	7	35	11022	0	11080
15002	10901	4	8	79	0	10992
15003	55	4	9	11312	0	11380
15004	46	10	11360	61	0	11477
15005	11091	2	57	53	0	11203
15006	66	4	12360	10	0	12440
15007	45	3	12319	17	0	12384
15008	12414	11	120	21	0	12566
15009	85	27	56	12591	0	12759
15010	57	13358	15	73	0	13503
15011	13338	68	18	51	0	13475
15012	13231	50	8	20	0	13309
15013	126	8	13314	19	0	13467
15014	13062	14	68	21	0	13165
15015	79	5	53	13417	0	13554
15016	69	3	13599	75	0	13746
15017	17	13251	76	84	0	13428
15018	13093	89	56	24	0	13262
15019	73	13372	9	31	0	13485
15020	71	76	8	12989	0	13144
15021	15	49	4	13065	0	13133
15022	18	13	6	13013	0	13050
15023	15	4	1	12660	0	12680
15024	7	12844	12	124	0	12987
15025	17	70	12540	57	0	12684
15026	9	12547	70	29	0	12655
15027	12435	62	49	16	0	12562
15028	65	57	21	12367	0	12510
15029	12487	6	13	73	0	12579
15030	77	9	8	12597	0	12691
15031	13164	4	15	75	0	13258
15032	71	13508	9	73	0	13661
15033	13813	63	8	18	0	13902
15034	13704	50	13	32	0	13799
15035	13361	11	13	13	0	13398
15036	13735	5	8	15	0	13763
15037	115	13791	15	16	0	13937
15038	68	72	13819	17	0	13976
15039	23	49	61	13671	0	13804
15040	13684	11	51	83	0	13829
15041	13839	10	12	54	0	13915
15042	116	6	9	14097	0	14228
15043	65	8	14716	85	0	14874
15044	20	9	79	14310	0	14418
15045	20	14780	61	117	0	14978
15046	14860	75	16	74	0	15025
15047	89	113	11	14702	0	14915
15048	71	15103	7	102	0	15283
15049	22	15699	7	81	0	15809
15050	19	15867	13	34	0	15933
15051	28	155	9	16169	0	16361
15052	16241	75	11	110	0	16437
15053	103	16423	10	128	0	16664
15054	88	111	10	16647	0	16856
15055	16474	82	8	117	0	16681
15056	120	22	10	16604	0	16756
15057	16531	17	5	117	0	16670
15058	16488	7	12	85	0	16592
15059	171	17500	8	42	0	17721
15060	114	102	10	16815	0	17041
15061	31	17687	17	99	0	17834
15062	17533	110	15	81	0	17739
15063	17233	86	24	30	0	17373
15064	17654	27	12	18	0	17711
15065	187	17	21	17742	0	17967
15066	110	12	17678	115	0	17915
15067	17167	16	106	101	0	17390
15068	17566	13	89	43	0	17711
15069	187	37	28	17312	0	17564
15070	118	18029	16	129	0	18292
15071	50	115	13	17913	0	18091
15072	33	104	18	18238	0	18393
15073	18212	29	13	191	0	18445
15074	17775	32	16	121	0	17944
15075	213	22	17342	40	0	17617
15076	121	34	116	17186	0	17457
15077	17348	33	86	130	0	17597
15078	141	50	24	17455	0	17670
15079	136	36	17613	145	0	17930
15080	52	16922	110	145	0	17229
15081	41	17473	78	54	0	17646
15082	18888	169	29	60	0	19146
15083	168	119	34	20097	0	20418
15084	141	26	21	23133	0	23321
15085	23376	44	11	348	0	23779
15086	264	34	23536	192	0	24026
15087	193	33	218	23223	0	23667
15088	87	41	23850	239	0	24217
15089	48	23925	219	219	0	24411
15090	24256	229	177	58	0	24720
15091	24411	192	42	48	0	24693
15092	24727	49	11	60	0	24847
15093	436	35	24430	35	0	24936
15094	24478	53	221	52	0	24804
15095	24973	27	168	35	0	25203
15096	429	48	29	24845	0	25351
15097	24204	46	66	242	0	24558
15098	287	49	24705	212	0	25253
15099	24160	39	217	73	0	24489
15100	330	31	24831	56	0	25248
15101	225	25175	221	95	0	25716
15102	98	422	212	23148	0	23880
15103	69	25012	49	233	0	25363
15104	90	258	24701	180	0	25229
15105	76	24917	228	78	0	25299
15106	23167	253	187	73	0	23680
15107	228	23161	27	61	0	23477
15108	196	23032	20	62	0	23310
15109	107	321	22520	42	0	22990
15110	65	177	204	22094	0	22540
15111	22319	68	164	214	0	22765
15112	225	44	22408	200	0	22877
15113	195	22603	201	89	0	23088
15114	118	187	166	22037	0	22508
15115	80	169	22514	248	0	23011
15116	100	44	22339	223	0	22706
15117	100	40	358	22371	0	22869
15118	93	45	22882	261	0	23281
15119	128	74	256	20577	0	21035
15120	110	22108	246	213	0	22677
15121	118	235	77	21706	0	22136
15122	132	22385	78	219	0	22814
15123	150	259	54	22300	0	22763
15124	22297	180	58	242	0	22777
15125	320	63	58	21822	0	22263
15126	288	22320	64	245	0	22917
15127	143	217	79	22585	0	23024
15128	154	189	22462	278	0	23083
15129	156	61	241	22586	0	23044
15130	22430	60	216	277	0	22983
15131	309	74	21796	197	0	22376
15132	224	87	286	21410	0	22007
15133	21044	94	232	249	0	21619
15134	258	21167	103	259	0	21787
15135	243	298	90	21089	0	21720
15136	21092	241	110	244	0	21687
15137	292	158	79	21130	0	21659
15138	271	95	21114	271	0	21751
15139	20398	139	267	215	0	21019
15140	279	21038	252	127	0	21696
15141	253	21292	115	140	0	21800
15142	21217	372	133	96	0	21818
15143	20682	220	132	107	0	21141
15144	410	113	131	20566	0	21220
15145	20649	118	131	249	0	21147
15146	313	99	20565	251	0	21228
15147	20243	104	296	164	0	20807
15148	291	20002	280	183	0	20756
15149	19811	256	213	145	0	20425
15150	323	203	20252	161	0	20939
15151	249	163	317	19564	0	20293
15152	141	128	261	19581	0	20111
15153	167	134	138	18781	0	19220
15154	158	19589	150	395	0	20292
15155	19651	248	126	253	0	20278
15156	362	212	138	18354	0	19066
15157	316	19308	122	285	0	20031
15158	20404	240	146	242	0	21032
15159	19336	206	128	182	0	19852
15160	19794	114	161	150	0	20219
15161	19654	94	152	193	0	20093
15162	19665	103	164	151	0	20083
15163	452	113	155	19321	0	20041
15164	319	148	143	19341	0	19951
15165	19241	165	141	392	0	19939
15166	299	162	136	19246	0	19843
15167	294	197	122	19298	0	19911
15168	156	178	18883	411	0	19628
15169	18561	183	286	295	0	19325
15170	18768	177	267	171	0	19383
15171	18878	211	131	153	0	19373
15172	412	193	167	17727	0	18499
15173	272	18787	137	297	0	19493
15174	20019	304	139	268	0	20730
15175	19752	254	153	185	0	20344
15176	477	147	158	21224	0	22006
15177	21435	142	164	371	0	22112
15178	469	184	20413	360	0	21426
15179	338	21740	327	257	0	22662
15180	191	22214	325	266	0	22996
15181	352	475	21708	225	0	22760
15182	126	19749	291	188	0	20354
15183	127	18285	244	200	0	18856
15184	15336	218	203	107	0	15864
15185	137	15408	89	113	0	15747
15186	173	158	62	15482	0	15875
15187	15942	138	33	162	0	16275
15188	163	87	15717	159	0	16126
15189	15188	59	95	119	0	15461
15190	170	78	15416	84	0	15748
15191	167	35	15266	87	0	15555
15192	14808	40	197	78	0	15123
15193	152	24	15441	92	0	15709
15194	139	14952	118	70	0	15279
15195	85	127	122	14825	0	15159
15196	14688	100	40	114	0	14942
15197	138	14510	25	122	0	14795
15198	125	102	31	14480	0	14738
15199	90	103	14503	113	0	14809
15200	84	49	82	14524	0	14739
15201	14167	40	101	132	0	14440
15202	151	30	14126	117	0	14424
15203	168	32	92	13943	0	14235
15204	14059	54	99	112	0	14324
15205	14301	43	53	132	0	14529
15206	234	36	34	14362	0	14666
15207	177	48	18	14513	0	14756
15208	102	31	15037	199	0	15369
15209	104	26	15099	128	0	15357
15210	14770	26	183	68	0	15047
15211	15223	24	113	58	0	15418
15212	210	15302	48	40	0	15600
15213	15179	79	49	32	0	15339
15214	15394	96	38	43	0	15571
15215	198	45	17098	50	0	17391
15216	148	17411	88	52	0	17699
15217	17342	113	150	36	0	17641
15218	17310	108	54	19	0	17491
15219	17698	41	17	24	0	17780
15220	210	23	19	17489	0	17741
15221	138	32	19	17407	0	17596
15222	67	17629	14	181	0	17891
15223	53	93	18	17859	0	18023
15224	17677	100	28	120	0	17925
15225	119	35	11	17806	0	17971
15226	133	22	17584	128	0	17867
15227	62	29	17386	123	0	17600
15228	44	17	179	17434	0	17674
15229	57	18	17822	125	0	18022
15230	50	19	17832	139	0	18040
15231	27	24	206	17256	0	17513
15232	39	15	139	17865	0	18058
15233	48	18	18288	191	0	18545
15234	64	15	18180	148	0	18407
15235	50	18387	191	58	0	18686
15236	18355	112	154	32	0	18653
15237	116	19048	56	43	0	19263
15238	19003	128	37	35	0	19203
15239	19057	119	35	30	0	19241
15240	197	19346	36	55	0	19634
15241	19359	125	22	26	0	19532
15242	157	126	21	19090	0	19394
15243	154	44	19484	133	0	19815
15244	67	45	108	19123	0	19343
15245	46	30	124	19525	0	19725
15246	18947	26	52	220	0	19245
15247	18690	34	48	147	0	18919
15248	19000	16	39	62	0	19117
15249	18910	27	47	38	0	19022
15250	18338	24	27	53	0	18442
15251	260	18038	47	50	0	18395
15252	168	108	52	18259	0	18587
15253	72	117	18636	139	0	18964
15254	58	35	137	18427	0	18657
15255	59	37	137	18380	0	18613
15256	58	23	57	19184	0	19322
15257	20017	24	49	255	0	20345
15258	173	22	60	19896	0	20151
15259	20486	32	31	193	0	20742
15260	213	33	21084	161	0	21491
15261	190	29	173	24590	0	24982
15262	105	31	25561	241	0	25938
15263	25099	24	237	213	0	25573
15264	245	27	207	25499	0	25978
15265	239	31	25923	252	0	26445
15266	91	19	218	26150	0	26478
15267	26491	28	237	272	0	27028
15268	270	26	26744	260	0	27300
15269	26468	27	219	93	0	26807
15270	27023	25	223	73	0	27344
15271	26677	26	77	75	0	26855
15272	26453	22	63	63	0	26601
15273	449	26245	73	111	0	26878
15274	230	25082	52	69	0	25433
15275	115	25067	43	83	0	25308
15276	68	577	78	22446	0	23169
15277	39	23255	54	168	0	23516
15278	22512	149	40	150	0	22851
15279	152	22293	37	88	0	22570
15280	150	22561	42	68	0	22821
15281	50	273	44	22271	0	22638
15282	46	160	36	22673	0	22915
15283	22432	28	41	290	0	22791
15284	171	25	45	22612	0	22853
15285	174	27	22223	179	0	22603
15286	72	34	21433	178	0	21717
15287	66	25	22000	66	0	22157
15288	76	33	271	21208	0	21588
15289	74	24	151	22652	0	22901
15290	96	32	22359	286	0	22773
15291	78	37	22136	196	0	22447
15292	79	39	22714	59	0	22891
15293	22565	32	323	54	0	22974
15294	189	39	194	22833	0	23255
15295	192	36	45	23051	0	23324
15296	23144	39	44	330	0	23557
15297	195	33	41	22933	0	23202
15298	216	23295	38	211	0	23760
15299	74	23766	40	230	0	24110
15300	73	309	30	23733	0	24145
15301	23723	191	33	219	0	24166
15302	23341	53	33	214	0	23641
15303	23717	35	53	85	0	23890
15304	362	37	56	23690	0	24145
15305	219	29	23318	235	0	23801
15306	91	30	191	23240	0	23552
15307	81	26	23275	246	0	23628
15308	21866	32	217	229	0	22344
15309	213	36	211	22443	0	22903
15310	22196	32	83	220	0	22531
15311	230	22	22370	228	0	22850
15312	21218	25	203	105	0	21551
15313	251	20	23120	84	0	23475
15314	261	22217	181	87	0	22746
15315	96	21291	181	86	0	21654
15316	20742	332	69	103	0	21246
15317	203	183	41	20654	0	21081
15318	224	58	20838	197	0	21317
15319	75	20590	152	221	0	21038
15320	48	21051	172	78	0	21349
15321	76	314	52	20912	0	21354
15322	20855	170	44	199	0	21268
15323	20835	42	38	221	0	21136
15324	318	20991	54	100	0	21463
15325	21102	164	46	93	0	21405
15326	195	170	66	21066	0	21497
15327	211	41	21094	217	0	21563
15328	70	21172	200	291	0	21733
15329	105	163	223	20923	0	21414
15330	83	166	94	21004	0	21347
15331	20955	39	61	340	0	21395
15332	232	36	20852	218	0	21338
15333	20430	45	198	85	0	20758
15334	20696	41	201	71	0	21009
15335	363	65	75	20369	0	20872
15336	294	52	50	20669	0	21065
15337	20037	67	42	347	0	20493
15338	233	57	50	20235	0	20575
15339	232	80	20115	201	0	20628
15340	105	68	19835	202	0	20210
15341	75	19889	283	94	0	20341
15342	75	20904	174	102	0	21255
15343	99	339	61	19561	0	20060
15344	82	20353	58	194	0	20687
15345	20278	196	47	205	0	20726
15346	196	20751	52	101	0	21100
15347	189	198	52	20497	0	20936
15348	61	181	67	20777	0	21086
15349	79	56	20714	361	0	21210
15350	68	40	203	20544	0	20855
15351	81	41	203	20562	0	20887
15352	68	20990	92	391	0	21541
15353	80	186	82	20865	0	21213
15354	80	174	80	21121	0	21455
15355	169	46	20968	395	0	21578
15356	69	20808	229	280	0	21386
15357	86	1201	200	17950	0	19437
15358	67	19458	68	228	0	19821
15359	83	183	18603	196	0	19065
15360	70	17868	196	87	0	18221
15361	13376	264	352	168	0	14160
15362	12516	98	23	34	0	12671
15363	12670	31	17	47	0	12765
15364	163	12767	20	39	0	12989
15365	12721	95	14	26	0	12856
15366	109	91	23	12527	0	12750
15367	12346	34	20	102	0	12502
15368	107	12132	14	97	0	12350
15369	12156	95	31	44	0	12326
15370	12531	82	21	40	0	12674
15371	150	12893	20	51	0	13114
15372	107	109	13013	33	0	13262
15373	31	103	96	13830	0	14060
15374	41	30	14994	157	0	15222
15375	30	31	179	15271	0	15511
15376	28	33	130	16166	0	16357
15377	26	29	16625	323	0	17003
15378	31	33	206	16946	0	17216
15379	16969	33	146	241	0	17389
15380	219	43	17070	188	0	17520
15381	165	17075	214	83	0	17537
15382	53	230	173	16338	0	16794
15383	45	169	42	17213	0	17469
15384	37	58	17116	364	0	17575
15385	34	52	218	16409	0	16713
15386	32	16958	158	237	0	17385
15387	16525	226	39	184	0	16974
15388	211	16795	32	70	0	17108
15389	15771	244	30	46	0	16091
15390	220	15907	25	42	0	16194
15391	133	16209	23	56	0	16421
15392	48	331	15745	30	0	16154
15393	42	220	224	15252	0	15738
15394	18	62	140	15085	0	15305
15395	35	32	46	15515	0	15628
15396	33	16232	37	360	0	16662
15397	37	223	38	16202	0	16500
15398	15993	163	27	286	0	16469
15399	240	48	43	16177	0	16508
15400	16240	38	43	308	0	16629
15401	270	27	16114	216	0	16627
15402	15876	43	253	87	0	16259
15403	251	44	173	15949	0	16417
15404	171	61	58	16626	0	16916
15405	16799	48	50	411	0	17308
15406	269	60	16922	221	0	17472
15407	167	16913	251	121	0	17452
15408	40	307	179	16933	0	17459
15409	16754	199	65	268	0	17286
15410	16963	90	51	202	0	17306
15411	398	81	36	16959	0	17474
15412	196	74	16962	302	0	17534
15413	15967	76	246	204	0	16493
15414	273	84	16419	82	0	16858
15415	187	70	273	16182	0	16712
15416	68	70	16361	312	0	16811
15417	54	113	255	16155	0	16577
15418	48	73	15954	321	0	16396
15419	43	15925	265	277	0	16510
15420	97	256	163	14234	0	14750
15421	62	15982	51	256	0	16351
15422	15883	251	43	195	0	16372
15423	15987	174	50	94	0	16305
15424	413	59	15792	84	0	16348
15425	226	54	242	15636	0	16158
15426	15753	30	180	302	0	16265
15427	308	35	70	15467	0	15880
15428	214	44	67	15630	0	15955
15429	105	45	15302	432	0	15884
15430	14551	55	274	258	0	15138
15431	292	65	15544	123	0	16024
15432	219	48	286	15357	0	15910
15433	113	33	15545	326	0	16017
15434	15096	32	304	256	0	15688
15435	15248	29	222	141	0	15640
15436	15332	43	126	108	0	15609
15437	434	48	98	15298	0	15878
15438	224	52	15156	323	0	15755
15439	115	54	15080	264	0	15513
15440	96	140	439	13964	0	14639
15441	69	14763	250	334	0	15416
15442	14047	270	117	253	0	14687
15443	294	206	82	14120	0	14702
15444	226	96	14083	318	0	14723
15445	162	81	243	14209	0	14695
15446	127	71	14584	322	0	15104
15447	139	82	295	14635	0	15151
15448	120	57	14887	342	0	15406
15449	126	46	14771	293	0	15236
15450	124	14574	416	193	0	15307
15451	103	226	14626	179	0	15134
15452	148	177	14612	143	0	15080
15453	122	130	402	12610	0	13264
15454	158	79	225	12428	0	12890
15455	111	13664	150	381	0	14306
15456	13574	207	130	213	0	14124
15457	301	13634	136	158	0	14229
15458	262	233	108	13424	0	14027
15459	13589	173	112	288	0	14162
15460	330	54	99	13527	0	14010
15461	13556	52	138	313	0	14059
15462	305	38	126	13780	0	14249
15463	230	53	13943	324	0	14550
15464	127	63	292	13915	0	14397
15465	128	52	230	14030	0	14440
15466	13753	59	155	428	0	14395
15467	13456	45	181	300	0	13982
15468	13601	54	157	161	0	13973
15469	389	13265	176	161	0	13991
15470	203	13094	152	152	0	13601
15471	12831	290	171	140	0	13432
15472	266	175	13007	126	0	13574
15473	171	73	12236	101	0	12581
15474	129	501	300	10668	0	11598
15475	93	34	10851	180	0	11158
15476	77	32	10189	139	0	10437
15477	9130	93	234	90	0	9547
15478	9116	27	149	98	0	9390
15479	155	9365	72	89	0	9681
15480	106	9568	72	87	0	9833
15481	84	141	66	8353	0	8644
15482	59	9479	74	124	0	9736
15483	9698	84	78	101	0	9961
15484	117	72	77	9328	0	9594
15485	111	9782	71	123	0	10087
15486	9946	89	66	107	0	10208
15487	137	58	10087	78	0	10360
15488	107	41	9957	72	0	10177
15489	9897	26	183	78	0	10184
15490	122	32	10205	79	0	10438
15491	9466	24	160	65	0	9715
15492	106	31	104	9839	0	10080
15493	106	45	9948	100	0	10199
15494	55	9835	128	105	0	10123
15495	49	9905	98	69	0	10121
15496	9041	92	69	54	0	9256
15497	70	9254	66	46	0	9436
15498	8833	57	73	47	0	9010
15499	8721	48	54	32	0	8855
15500	78	8749	56	45	0	8928
15501	39	64	48	8777	0	8928
15502	37	38	9123	63	0	9261
15503	22	9461	79	37	0	9599
15504	17	290	48	9324	0	9679
15505	8	45	14	9789	0	9856
15506	9684	8	8	93	0	9793
15507	54	15	11	9715	0	9795
15508	40	5	9638	76	0	9759
15509	12	9654	61	48	0	9775
15510	8	66	54	9655	0	9783
15511	9790	42	26	68	0	9926
15512	9888	15	12	49	0	9964
15513	102	8	15	10061	0	10186
15514	10553	10	19	69	0	10651
15515	80	6	10636	59	0	10781
15516	67	11	82	10547	0	10707
15517	24	8	10823	81	0	10936
15518	13	10	86	12035	0	12144
15519	8	11	79	11872	0	11970
15520	14	16	16	12088	0	12134
15521	25	12	14	11756	0	11807
15522	14	16	13	12061	0	12104
15523	11894	13	5	226	0	12138
15524	11966	7	15	112	0	12100
15525	209	12114	9	35	0	12367
15526	12290	123	9	27	0	12449
15527	142	89	7	12175	0	12413
15528	104	29	23	12271	0	12427
15529	34	20	8	12462	0	12524
15530	34	10	12539	232	0	12815
15531	29	19	129	11934	0	12111
15532	26	12422	91	152	0	12691
15533	12308	128	35	103	0	12574
15534	12165	103	19	33	0	12320
15535	235	22	12276	39	0	12572
15536	119	12282	127	56	0	12584
15537	42	129	109	12240	0	12520
15538	34	99	12400	154	0	12687
15539	23	46	145	11618	0	11832
15540	25	12122	106	178	0	12431
15541	11937	136	41	120	0	12234
15542	141	12121	23	105	0	12390
15543	117	152	12147	37	0	12453
15544	67	104	12158	45	0	12374
15545	46	11949	209	46	0	12250
15546	21	11730	118	37	0	11906
15547	11367	211	27	39	0	11644
15548	11308	105	21	36	0	11470
15549	215	31	21	11350	0	11617
15550	118	19	11342	163	0	11642
15551	32	20	128	11134	0	11314
15552	30	14	103	11297	0	11444
15553	11139	25	21	246	0	11431
15554	10848	25	33	131	0	11037
15555	234	21	21	11432	0	11708
15556	130	24	11511	166	0	11831
15557	49	11574	143	124	0	11890
15558	11565	146	101	63	0	11875
15559	142	12022	26	49	0	12239
15560	123	160	32	11898	0	12213
15561	39	127	30	12318	0	12514
15562	38	41	24	12232	0	12335
15563	27	33	34	12118	0	12212
15564	11825	36	28	301	0	12190
15565	181	33	26	11867	0	12107
15566	140	11815	24	207	0	12186
15567	52	174	24	11959	0	12209
15568	11582	127	27	218	0	11954
15569	181	11685	32	193	0	12091
15570	135	181	35	11754	0	12105
15571	62	137	11595	227	0	12021
15572	11243	42	173	176	0	11634
15573	191	35	123	11401	0	11750
15574	155	29	11146	219	0	11549
15575	78	34	11054	171	0	11337
15576	74	107	261	10920	0	11362
15577	10951	40	144	207	0	11342
15578	10923	37	59	173	0	11192
15579	283	11112	32	113	0	11540
15580	10965	160	37	87	0	11249
15581	10812	131	33	96	0	11072
15582	10882	54	40	92	0	11068
15583	10716	34	36	101	0	10887
15584	290	35	31	10484	0	10840
15585	170	36	44	10656	0	10906
15586	85	49	10338	326	0	10798
15587	59	10022	149	204	0	10434
15588	68	10229	118	113	0	10528
15589	68	263	9982	107	0	10420
15590	9622	177	173	81	0	10053
15591	202	58	121	9871	0	10252
15592	9908	50	67	206	0	10231
15593	9782	44	52	163	0	10041
15594	286	64	9675	107	0	10132
15595	165	50	159	9592	0	9966
15596	9611	33	143	201	0	9988
15597	185	54	59	9607	0	9905
15598	161	62	9498	207	0	9928
15599	91	301	150	8918	0	9460
15600	71	9644	157	160	0	10032
15601	64	9783	61	155	0	10063
15602	89	257	9242	91	0	9679
15603	73	8912	136	74	0	9195
15604	8161	219	140	104	0	8624
15605	7898	102	101	78	0	8179
15606	205	42	41	7823	0	8111
15607	128	40	33	7848	0	8049
15608	63	37	37	8003	0	8140
15609	7814	44	26	217	0	8101
15610	157	7801	28	133	0	8119
15611	7663	126	29	56	0	7874
15612	7392	97	34	51	0	7574
15613	210	7377	37	59	0	7683
15614	6839	106	21	49	0	7015
15615	142	6863	28	48	0	7081
15616	6935	111	23	51	0	7120
15617	134	66	6746	63	0	7009
15618	5132	29	140	28	0	5329
15619	71	5262	39	29	0	5401
15620	59	52	51	5152	0	5314
15621	54	32	13	5382	0	5481
15622	32	24	5	5362	0	5423
15623	5427	12	11	104	0	5554
15624	69	26	19	5455	0	5569
15625	45	16	5374	71	0	5506
15626	5224	13	51	64	0	5352
15627	72	12	5371	34	0	5489
15628	49	18	67	5254	0	5388
15629	31	22	5425	69	0	5547
15630	18	25	61	5103	0	5207
15631	21	5276	47	47	0	5391
15632	13	50	21	5207	0	5291
15633	25	5279	18	57	0	5379
15634	32	46	12	5268	0	5358
15635	5271	37	8	60	0	5376
15636	58	13	11	5493	0	5575
15637	5494	19	16	64	0	5593
15638	68	20	5381	44	0	5513
15639	5324	13	48	23	0	5408
15640	5404	12	32	20	0	5468
15641	5402	20	16	13	0	5451
15642	98	17	7	5433	0	5555
15643	5309	19	12	57	0	5397
15644	70	19	5234	35	0	5358
15645	5241	18	50	20	0	5329
15646	72	11	5245	27	0	5355
15647	5217	11	51	29	0	5308
15648	72	8	35	5339	0	5454
15649	62	12	5361	60	0	5495
15650	27	15	48	5292	0	5382
15651	24	12	43	5359	0	5438
15652	36	10	5380	82	0	5508
15653	4989	11	49	53	0	5102
15654	55	5526	41	41	0	5663
15655	5395	40	19	14	0	5468
15656	52	5395	16	21	0	5484
15657	5266	48	31	16	0	5361
15658	42	34	5233	25	0	5334
15659	4654	36	49	21	0	4760
15660	35	4675	24	18	0	4752
15661	31	13	17	4431	0	4492
15662	6	15	12	4525	0	4558
15663	11	3	4	4565	0	4583
15664	12	2	4638	36	0	4688
15665	13	4	18	4578	0	4613
15666	13	3	4875	25	0	4916
15667	5003	2	21	18	0	5044
15668	5388	2	22	10	0	5422
15669	46	2	4	5609	0	5661
15670	24	4	5688	26	0	5742
15671	5690	1	26	28	0	5745
15672	36	5	7372	7	0	7420
15673	33	3	50	7322	0	7408
15674	9	6	29	7374	0	7418
15675	5	4	10	7617	0	7636
15676	10	3	10	7796	0	7819
15677	7625	3	6	77	0	7711
15678	46	7724	12	59	0	7841
15679	49	44	7642	13	0	7748
15680	10	7704	40	18	0	7772
15681	7651	46	36	10	0	7743
15682	51	32	12	7685	0	7780
15683	7819	6	9	44	0	7878
15684	50	8	9	7768	0	7835
15685	36	6	9	7740	0	7791
15686	14	11	3	7879	0	7907
15687	8	2	7908	81	0	7999
15688	11	7892	48	55	0	8006
15689	16	45	7995	21	0	8077
15690	8	32	51	7967	0	8058
15691	8026	4	40	59	0	8129
15692	7952	6	12	47	0	8017
15693	8049	3	11	17	0	8080
15694	83	8109	8	20	0	8220
15695	8312	46	9	24	0	8391
15696	59	30	17	8233	0	8339
15697	47	12	11	8222	0	8292
15698	19	5	17	8343	0	8384
15699	9	8411	18	85	0	8523
15700	27	42	8	7897	0	7974
15701	16	8290	11	63	0	8380
15702	8287	47	14	58	0	8406
15703	8230	37	12	28	0	8307
15704	82	14	15	8399	0	8510
15705	51	14	8406	67	0	8538
15706	8179	9	58	53	0	8299
15707	65	14	36	8437	0	8552
15708	42	8	8473	77	0	8600
15709	8127	10	53	64	0	8254
15710	66	10	35	8497	0	8608
15711	8466	11	15	73	0	8565
15712	62	8461	13	70	0	8606
15713	43	65	18	8393	0	8519
15714	18	8818	15	77	0	8928
15715	26	87	12	8826	0	8951
15716	21	8932	12	73	0	9038
15717	26	73	16	9051	0	9166
15718	28	49	8973	65	0	9115
15719	7669	16	62	65	0	7812
15720	66	8981	39	41	0	9127
15721	57	53	8774	24	0	8908
15722	8506	35	53	25	0	8619
15723	56	13	32	8847	0	8948
15724	44	13	8929	66	0	9052
15725	30	8962	46	66	0	9104
15726	26	55	32	8985	0	9098
15727	28	38	9140	58	0	9264
15728	27	29	45	8999	0	9100
15729	25	18	25	9129	0	9197
15730	35	10	9406	94	0	9545
15731	19	17	44	9396	0	9476
15732	26	18	9653	64	0	9761
15733	25	20	44	9624	0	9713
15734	26	20	10217	85	0	10348
15735	23	22	55	10181	0	10281
15736	33	14	29	10139	0	10215
15737	32	18	17	10006	0	10073
15738	35	10052	22	111	0	10220
15739	10085	58	16	52	0	10211
15740	10023	42	26	36	0	10127
15741	97	16	24	10252	0	10389
15742	10422	19	22	70	0	10533
15743	68	16	10501	71	0	10656
15744	52	10674	51	54	0	10831
15745	10685	49	35	49	0	10818
15746	51	10819	19	56	0	10945
15747	52	61	21	10776	0	10910
15748	24	60	19	10850	0	10953
15749	10643	28	27	91	0	10789
15750	61	33	19	10718	0	10831
15751	65	11	10803	67	0	10946
15752	30	10745	49	74	0	10898
15753	10760	57	44	39	0	10900
15754	59	45	25	10622	0	10751
15755	49	11028	15	73	0	11165
15756	33	52	20	10938	0	11043
15757	20	11282	35	67	0	11404
15758	11280	60	18	70	0	11428
15759	11073	44	30	43	0	11190
15760	85	14	11201	58	0	11358
15761	50	25	11200	35	0	11310
15762	29	14	72	10980	0	11095
15763	17	11289	45	103	0	11454
15764	17	49	25	11400	0	11491
15765	11342	36	24	73	0	11475
15766	54	7	11153	72	0	11286
15767	36	36	44	10602	0	10718
15768	27	9	10748	51	0	10835
15769	25	7	10403	53	0	10488
15770	15	10717	59	37	0	10828
15771	91	229	50	10018	0	10388
15772	9039	22	6	25	0	9092
15773	15	8	9069	30	0	9122
15774	18	8885	8	20	0	8931
15775	8690	8	17	14	0	8729
15776	10	13	2	8702	0	8727
15777	9103	6	5	11	0	9125
15778	9052	5	15	20	0	9092
15779	9091	8	3	12	0	9114
15780	21	3	9731	10	0	9765
15781	9154	2	16	13	0	9185
15782	9694	4	13	10	0	9721
15783	18	10044	7	11	0	10080
15784	17	18	4	10087	0	10126
15785	13	23	6	9805	0	9847
15786	8	4	2	10095	0	10109
15787	10076	5	4	23	0	10108
15788	9622	4	6	24	0	9656
15789	28	21	10063	7	0	10119
15790	22	2	9	9936	0	9969
15791	6	9923	16	29	0	9974
15792	10035	10	4	22	0	10071
15793	12	26	10142	6	0	10186
15794	18	6	12	9916	0	9952
15795	8	3	19	9905	0	9935
15796	3	10054	9	39	0	10105
15797	8	10	5	10119	0	10142
15798	11	22	14	9728	0	9775
15799	5	5	4	10048	0	10062
15800	10057	7	5	28	0	10097
15801	9	3	3	9917	0	9932
15802	23	6	2	9875	0	9906
15803	10086	1	3	34	0	10124
15804	16	5	2	10151	0	10174
15805	27	11202	8	62	0	11299
15806	11757	20	4	29	0	11810
15807	11977	45	5	7	0	12034
15808	12397	14	5	10	0	12426
15809	13889	5	2	10	0	13906
15810	126	15059	3	12	0	15200
15811	16884	86	2	10	0	16982
15812	16921	73	6	13	0	17013
15813	223	26	1	16984	0	17234
15814	134	10	16866	134	0	17144
15815	41	11	121	16826	0	16999
15816	14	10	99	16599	0	16722
15817	12	9	35	16538	0	16594
15818	11	35	12	16552	0	16610
15819	15	3	4	16739	0	16761
15820	16369	6	7	255	0	16637
15821	134	2	6	16509	0	16651
15822	103	5	16937	177	0	17222
15823	35	7	141	16633	0	16816
15824	11	16994	99	198	0	17302
15825	10	132	33	17060	0	17235
15826	14	99	16999	171	0	17283
15827	15437	32	148	128	0	15745
15828	15972	20	115	55	0	16162
15829	250	6	17922	28	0	18206
15830	141	17845	130	26	0	18142
15831	17980	143	116	23	0	18262
15832	17754	98	43	15	0	17910
15833	17801	40	15	18	0	17874
15834	17484	8	7	19	0	17518
15835	296	17	6	17216	0	17535
15836	186	23	17755	166	0	18130
15837	81	22	149	17759	0	18011
15838	62	14	106	18141	0	18323
15839	74	23	18058	279	0	18434
15840	64	30	17875	172	0	18141
15841	17573	23	257	75	0	17928
15842	206	18146	139	82	0	18573
15843	160	163	48	18114	0	18485
15844	79	109	17839	243	0	18270
15845	17119	36	190	219	0	17564
15846	188	19	17917	146	0	18270
15847	17259	15	204	136	0	17614
15848	205	17826	136	138	0	18305
15849	150	157	59	17928	0	18294
15850	107	122	17819	239	0	18287
15851	16949	53	191	211	0	17404
15852	205	17840	159	126	0	18330
15853	159	18468	79	102	0	18808
15854	109	288	46	18081	0	18524
15855	71	206	42	18687	0	19006
15856	19503	64	61	334	0	19962
15857	280	19548	56	233	0	20117
15858	260	214	52	19763	0	20289
15859	19799	167	66	270	0	20302
15860	20145	84	58	218	0	20505
15861	20922	52	55	124	0	21153
15862	530	45	21568	100	0	22243
15863	349	39	21925	103	0	22416
15864	23173	25	433	146	0	23777
15865	372	23516	263	172	0	24323
15866	260	23852	123	219	0	24454
15867	115	498	108	22853	0	23574
15868	81	23738	80	443	0	24342
15869	23751	364	88	335	0	24538
15870	368	240	88	23803	0	24499
15871	321	83	23662	403	0	24469
15872	23451	54	369	310	0	24184
15873	23839	69	299	165	0	24372
15874	595	72	149	23505	0	24321
15875	309	100	97	23649	0	24155
15876	155	81	113	23774	0	24123
15877	159	54	108	23803	0	24124
15878	180	80	22967	591	0	23818
15879	177	22927	333	353	0	23790
15880	156	383	290	21004	0	21833
15881	137	22791	133	426	0	23487
15882	188	421	89	20773	0	21471
15883	178	22402	63	380	0	23023
15884	22006	427	92	297	0	22822
15885	22192	253	96	186	0	22727
15886	625	22125	86	186	0	23022
15887	22404	383	113	153	0	23053
15888	479	282	114	22173	0	23048
15889	22086	124	117	441	0	22768
15890	490	21999	121	337	0	22947
15891	22182	382	139	106	0	22809
15892	22225	285	119	107	0	22736
15893	647	166	127	21801	0	22741
15894	380	121	21908	437	0	22846
15895	208	21908	405	333	0	22854
15896	209	424	293	21778	0	22704
15897	21827	324	142	425	0	22718
15898	464	165	21860	321	0	22810
15899	342	160	366	21500	0	22368
15900	204	129	268	21970	0	22571
15901	21834	106	144	648	0	22732
15902	21907	123	116	380	0	22526
15903	21845	132	114	212	0	22303
15904	630	21469	78	207	0	22384
15905	20500	382	107	231	0	21220
15906	436	275	19635	250	0	20596
15907	338	107	19295	206	0	19946
15908	177	144	19263	167	0	19751
15909	206	830	590	16468	0	18094
15910	145	91	16391	298	0	16925
15911	14263	62	202	164	0	14691
15912	226	68	125	14421	0	14840
15913	187	47	14623	240	0	15097
15914	14750	68	178	164	0	15160
15915	235	72	117	14670	0	15094
15916	197	61	57	14948	0	15263
15917	15021	78	30	320	0	15449
15918	236	62	37	15314	0	15649
15919	182	75	15363	238	0	15858
15920	93	54	200	15485	0	15832
15921	105	72	15747	240	0	16164
15922	115	57	192	15363	0	15727
15923	15178	56	145	239	0	15618
15924	237	14860	57	233	0	15387
15925	208	15285	53	119	0	15665
15926	125	324	48	14840	0	15337
15927	117	185	54	14802	0	15158
15928	110	14955	50	336	0	15451
15929	109	14037	64	199	0	14409
15930	112	307	69	13660	0	14148
15931	96	163	68	13722	0	14049
15932	13454	55	85	340	0	13934
15933	244	13513	64	212	0	14033
15934	198	13523	61	125	0	13907
15935	98	13825	80	89	0	14092
15936	13010	308	76	95	0	13489
15937	251	130	13034	119	0	13534
15938	12687	43	226	136	0	13092
15939	261	40	159	12641	0	13101
15940	173	12473	58	262	0	12966
15941	106	12901	63	199	0	13269
15942	12580	276	62	105	0	13023
15943	241	159	67	12191	0	12658
15944	150	13210	82	289	0	13731
15945	13398	199	70	195	0	13862
15946	13320	148	62	99	0	13629
15947	324	77	13423	104	0	13928
15948	13353	66	207	80	0	13706
15949	13354	63	142	106	0	13665
15950	320	66	59	13069	0	13514
15951	180	13145	50	253	0	13628
15952	96	13198	41	216	0	13551
15953	77	317	34	12727	0	13155
15954	12530	165	49	228	0	12972
15955	231	66	12169	162	0	12628
15956	145	55	11171	79	0	11450
15957	128	51	10885	62	0	11126
15958	168	42	10943	81	0	11234
15959	47	10824	228	67	0	11166
15960	95	10460	155	113	0	10823
15961	190	241	9440	64	0	9935
15962	72	122	8950	43	0	9187
15963	35	8319	135	47	0	8536
15964	57	30	48	6715	0	6850
15965	8	36	7175	22	0	7241
15966	13	6	19	7027	0	7065
15967	12	12	32	7242	0	7298
15968	5	7	18	7460	0	7490
15969	11	4	2	7961	0	7978
15970	13	5	7944	73	0	8035
15971	7	5	33	7801	0	7846
15972	7895	7	44	46	0	7992
15973	48	14	7896	49	0	8007
15974	7839	7	37	27	0	7910
15975	53	10	46	8105	0	8214
15976	56	7	8217	42	0	8322
15977	8048	4	43	57	0	8152
15978	42	7	53	8234	0	8336
15979	8309	6	22	49	0	8386
15980	44	20	14	8149	0	8227
15981	45	8276	11	52	0	8384
15982	29	41	8483	52	0	8605
15983	11	55	48	8472	0	8586
15984	8455	27	59	52	0	8593
15985	8325	13	23	59	0	8420
15986	8401	15	21	26	0	8463
15987	8461	16	16	17	0	8510
15988	8371	16	7	29	0	8423
15989	87	8434	15	25	0	8561
15990	8525	46	9	25	0	8605
15991	64	53	8451	16	0	8584
15992	8445	25	45	31	0	8546
15993	67	16	64	7704	0	7851
15994	61	16	8422	34	0	8533
15995	37	10	8426	57	0	8530
15996	21	9	91	8443	0	8564
15997	8531	9	67	52	0	8659
15998	50	8424	28	73	0	8575
15999	8482	47	20	40	0	8589
16000	66	8565	21	24	0	8676
16001	62	56	24	8732	0	8874
16002	33	61	23	8816	0	8933
16003	8808	23	26	89	0	8946
16004	69	6	25	8899	0	8999
16005	75	25	8923	64	0	9087
16006	8737	19	59	66	0	8881
16007	67	14	67	8974	0	9122
16008	77	19	29	8860	0	8985
16009	48	24	8915	100	0	9087
16010	8237	26	63	86	0	8412
16011	8762	16	72	33	0	8883
16012	104	8870	40	50	0	9064
16013	85	48	8606	28	0	8767
16014	48	60	8396	26	0	8530
16015	30	47	101	8215	0	8393
16016	39	31	78	8073	0	8221
16017	30	8329	24	107	0	8490
16018	39	41	8126	74	0	8280
16019	30	58	57	7866	0	8011
16020	38	15	8147	63	0	8263
16021	29	38	61	7626	0	7754
16022	30	7854	60	62	0	8006
16023	27	41	28	7969	0	8065
16024	31	46	39	7916	0	8032
16025	31	21	20	7853	0	7925
16026	7827	17	24	110	0	7978
16027	70	17	7870	83	0	8040
16028	74	8190	52	42	0	8358
16029	39	44	58	8675	0	8816
16030	8937	61	37	64	0	9099
16031	88	20	21	9239	0	9368
16032	9327	14	27	88	0	9456
16033	104	17	9679	95	0	9895
16034	9427	6	76	57	0	9566
16035	104	11	89	9864	0	10068
16036	104	10	9955	91	0	10160
16037	53	9878	83	106	0	10120
16038	49	63	93	9649	0	9854
16039	39	89	40	9851	0	10019
16040	9751	32	30	152	0	9965
16041	85	9734	34	119	0	9972
16042	93	9644	32	62	0	9831
16043	51	9912	24	41	0	10028
16044	9064	139	28	39	0	9270
16045	84	9178	27	36	0	9325
16046	92	82	28	8953	0	9155
16047	41	88	17	9021	0	9167
16048	9036	30	18	131	0	9215
16049	72	9044	20	113	0	9249
16050	89	69	19	9133	0	9310
16051	9237	71	22	82	0	9412
16052	9005	23	20	101	0	9149
16053	9107	15	24	42	0	9188
16054	149	9142	18	42	0	9351
16055	8841	56	26	32	0	8955
16056	79	87	14	8653	0	8833
16057	85	8561	20	78	0	8744
16058	34	8691	13	88	0	8826
16059	39	122	48	8605	0	8814
16060	8530	81	20	77	0	8708
16061	8583	28	21	76	0	8708
16062	114	20	16	8513	0	8663
16063	77	8510	24	80	0	8691
16064	8524	61	17	75	0	8677
16065	66	66	8323	41	0	8496
16066	71	19	8054	37	0	8181
16067	7837	21	101	37	0	7996
16068	66	28	7874	24	0	7992
16069	52	17	46	7180	0	7295
16070	7234	12	65	45	0	7356
16071	47	7	12	7387	0	7453
16072	52	14	7374	52	0	7492
16073	16	7500	43	81	0	7640
16074	16	64	38	7571	0	7689
16075	24	42	7550	50	0	7666
16076	7192	42	39	48	0	7321
16077	43	22	39	7469	0	7573
16078	54	11	7462	53	0	7580
16079	25	19	33	7358	0	7435
16080	16	7366	48	50	0	7480
16081	17	44	13	7582	0	7656
16082	22	48	7	7424	0	7501
16083	19	18	6	7337	0	7380
16084	18	7474	5	86	0	7583
16085	7551	45	14	66	0	7676
16086	49	52	6	7559	0	7666
16087	56	16	7	7607	0	7686
16088	26	7	9	7706	0	7748
16089	17	12	7668	100	0	7797
16090	21	13	43	7722	0	7799
16091	7743	15	50	59	0	7867
16092	49	7844	17	68	0	7978
16093	57	54	11	7938	0	8060
16094	28	73	7	7985	0	8093
16095	7909	27	8	104	0	8048
16096	51	8006	6	90	0	8153
16097	8094	52	9	38	0	8193
16098	8124	60	10	23	0	8217
16099	96	33	10	8121	0	8260
16100	8154	18	7	55	0	8234
16101	73	7855	7	78	0	8013
16102	7963	43	14	33	0	8053
16103	75	63	8	8027	0	8173
16104	8653	22	7	63	0	8745
16105	8792	11	12	70	0	8885
16106	124	20	8889	30	0	9063
16107	9046	19	53	26	0	9144
16108	9130	18	63	27	0	9238
16109	10061	16	15	30	0	10122
16110	165	16	10452	21	0	10654
16111	94	10515	89	34	0	10732
16112	47	99	79	10503	0	10728
16113	10544	84	14	116	0	10758
16114	104	10421	11	108	0	10644
16115	10497	103	14	26	0	10640
16116	119	79	13	10623	0	10834
16117	99	19	10675	115	0	10908
16118	10889	8	103	91	0	11091
16119	113	23	79	11188	0	11403
16120	105	10	11293	111	0	11519
16121	11352	7	103	106	0	11568
16122	131	11	11777	29	0	11948
16123	91	23	127	11963	0	12204
16124	37	14	93	12797	0	12941
16125	12738	11	24	210	0	12983
16126	12617	8	17	128	0	12770
16127	222	12763	17	48	0	13050
16128	12662	131	16	24	0	12833
16129	150	79	11994	23	0	12246
16130	109	24	11871	17	0	12021
16131	11493	25	159	24	0	11701
16132	121	11777	85	27	0	12010
16133	11297	104	24	13	0	11438
16134	122	11313	14	11	0	11460
16135	11184	102	18	16	0	11320
16136	116	63	14	11058	0	11251
16137	84	16	11272	105	0	11477
16138	35	14	102	11170	0	11321
16139	28	6	68	11408	0	11510
16140	11368	10	21	154	0	11553
16141	126	6	11345	90	0	11567
16142	11068	9	108	35	0	11220
16143	124	11162	69	39	0	11394
16144	11231	107	13	21	0	11372
16145	134	70	22	11042	0	11268
16146	96	30	11030	109	0	11265
16147	48	13	110	11051	0	11222
16148	11059	15	81	130	0	11285
16149	118	28	33	11044	0	11223
16150	106	18	15	10871	0	11010
16151	50	10806	16	184	0	11056
16152	42	115	22	10927	0	11106
16153	60	67	10902	124	0	11153
16154	38	24	112	10830	0	11004
16155	41	12	83	10957	0	11093
16156	10828	14	31	178	0	11051
16157	144	16	31	10682	0	10873
16158	91	15	10714	164	0	10984
16159	59	10757	122	116	0	11054
16160	53	117	89	10476	0	10735
16161	57	73	31	10678	0	10839
16162	10752	35	22	184	0	10993
16163	158	10701	25	97	0	10981
16164	114	119	29	10772	0	11034
16165	10546	91	36	132	0	10805
16166	10639	30	36	91	0	10796
16167	202	27	26	10717	0	10972
16168	123	19	10905	148	0	11195
16169	10813	35	122	101	0	11071
16170	152	34	88	11208	0	11482
16171	11335	19	30	154	0	11538
16172	11279	26	47	112	0	11464
16173	220	11054	32	69	0	11375
16174	11025	117	23	73	0	11238
16175	166	11244	41	59	0	11510
16176	107	128	32	11132	0	11399
16177	72	78	42	10914	0	11106
16178	56	11206	39	203	0	11504
16179	11240	123	37	124	0	11524
16180	10976	89	33	78	0	11176
16181	221	40	10931	63	0	11255
16182	135	37	10871	60	0	11103
16183	79	62	172	10806	0	11119
16184	10884	19	104	156	0	11163
16185	168	25	46	10789	0	11028
16186	110	34	37	10968	0	11149
16187	82	25	11118	222	0	11447
16188	81	27	11039	114	0	11261
16189	65	36	11173	84	0	11358
16190	10548	52	199	72	0	10871
16191	10706	31	107	50	0	10894
16192	201	10696	45	86	0	11028
16193	117	10851	41	74	0	11083
16194	79	205	37	10682	0	11003
16195	70	84	10793	164	0	11111
16196	10520	44	129	116	0	10809
16197	170	37	11015	60	0	11282
16198	115	41	139	10786	0	11081
16199	66	34	98	10865	0	11063
16200	79	30	47	10911	0	11067
16201	62	31	35	11067	0	11195
16202	10924	29	28	221	0	11202
16203	168	27	37	10929	0	11161
16204	102	31	10582	163	0	10878
16205	9896	19	130	120	0	10165
16206	141	17	10338	59	0	10555
16207	109	17	10297	59	0	10482
16208	51	10253	168	62	0	10534
16209	116	114	147	8935	0	9312
16210	8747	54	79	75	0	8955
16211	66	19	22	8788	0	8895
16212	62	16	8811	83	0	8972
16213	27	15	61	8855	0	8958
16214	8775	13	47	89	0	8924
16215	69	8846	24	73	0	9012
16216	8659	53	15	36	0	8763
16217	57	8676	19	43	0	8795
16218	8554	69	28	27	0	8678
16219	59	8563	16	45	0	8683
16220	52	8528	17	31	0	8628
16221	54	83	8248	19	0	8404
16222	12	8066	73	26	0	8177
16223	6933	70	61	10	0	7074
16224	23	34	14	6835	0	6906
16225	6899	8	5	21	0	6933
16226	24	7027	5	39	0	7095
16227	6981	22	5	10	0	7018
16228	27	37	7206	8	0	7278
16229	35	9	29	7087	0	7160
16230	14	7253	32	30	0	7329
16231	6	31	13	7385	0	7435
16232	11	36	5	7500	0	7552
16233	8840	10	7	68	0	8925
16234	49	9002	6	47	0	9104
16235	9153	43	14	18	0	9228
16236	62	64	9285	10	0	9421
16237	84	14	9061	15	0	9174
16238	16	9175	106	20	0	9317
16239	14	48	71	9141	0	9274
16240	18	66	9255	58	0	9397
16241	10	18	56	8940	0	9024
16242	13	13	72	9349	0	9447
16243	19	9	9265	116	0	9409
16244	14	8	9226	78	0	9326
16245	18	12	9527	30	0	9587
16246	17	9	9605	21	0	9652
16247	9	9836	128	26	0	9999
16248	15	60	95	9683	0	9853
16249	11	87	25	9952	0	10075
16250	17	21	9890	128	0	10056
16251	16	18	66	9853	0	9953
16252	29	11	10415	82	0	10537
16253	15	17	78	10257	0	10367
16254	10	21	83	10093	0	10207
16255	14	10314	23	135	0	10486
16256	15	68	19	10379	0	10481
16257	24	91	18	10200	0	10333
16258	20	28	13	10349	0	10410
16259	26	14	10267	144	0	10451
16260	15	10246	71	114	0	10446
16261	10193	72	79	34	0	10378
16262	10104	82	30	29	0	10245
16263	131	33	17	10060	0	10241
16264	87	32	16	10047	0	10182
16265	31	10390	15	169	0	10605
16266	10441	64	27	93	0	10625
16267	67	10549	24	39	0	10679
16268	10318	74	27	23	0	10442
16269	73	84	10156	19	0	10332
16270	9610	35	66	32	0	9743
16271	74	10075	79	36	0	10264
16272	74	68	24	10079	0	10245
16273	26	73	29	10021	0	10149
16274	13	10146	31	130	0	10320
16275	10100	70	32	79	0	10281
16276	60	89	23	10184	0	10356
16277	76	25	22	10389	0	10512
16278	10442	24	26	140	0	10632
16279	10376	19	23	109	0	10527
16280	138	15	10589	53	0	10795
16281	10613	15	82	35	0	10745
16282	80	22	89	10752	0	10943
16283	94	26	10875	85	0	11080
16284	32	22	81	10773	0	10908
16285	28	18	10755	100	0	10901
16286	31	17	10809	111	0	10968
16287	11	31	138	10745	0	10925
16288	25	19	11051	92	0	11187
16289	17	11296	83	125	0	11521
16290	21	80	95	11202	0	11398
16291	25	80	35	11526	0	11666
16292	24	25	11638	155	0	11842
16293	25	11577	87	112	0	11801
16294	11574	85	88	53	0	11800
16295	76	83	38	11727	0	11924
16296	11829	34	35	98	0	11996
16297	87	11826	29	141	0	12083
16298	117	88	11943	42	0	12190
16299	32	107	98	11849	0	12086
16300	11862	32	114	114	0	12122
16301	88	34	12053	116	0	12291
16302	11511	25	100	66	0	11702
16303	91	11865	110	64	0	12130
16304	81	11704	41	53	0	11879
16305	11648	129	34	46	0	11857
16306	107	90	36	11535	0	11768
16307	77	32	37	11333	0	11479
16308	30	11644	40	177	0	11891
16309	24	73	34	11751	0	11882
16310	17	78	30	11749	0	11874
16311	11663	24	23	162	0	11872
16312	81	19	29	11684	0	11813
16313	67	19	11654	119	0	11859
16314	26	19	87	11632	0	11764
16315	22	28	95	11867	0	12012
16316	21	16	11842	177	0	12056
16317	24	20	80	11764	0	11888
16318	11543	24	79	125	0	11771
16319	11027	21	32	110	0	11190
16320	11265	22	47	57	0	11391
16321	147	19	24	11417	0	11607
16322	96	26	11632	105	0	11859
16323	40	11756	80	108	0	11984
16324	43	76	72	11751	0	11942
16325	52	73	11891	94	0	12110
16326	35	38	81	11555	0	11709
16327	34	29	82	11662	0	11807
16328	11425	26	24	141	0	11616
16329	86	11871	23	117	0	12097
16330	84	75	11692	52	0	11903
16331	11043	77	71	41	0	11232
16332	71	11595	78	32	0	11776
16333	34	10265	11	44	0	10354
16334	10572	60	78	25	0	10735
16335	72	35	9	10680	0	10796
16336	47	15	12166	65	0	12293
16337	21	12	69	11944	0	12046
16338	14	12279	50	84	0	12427
16339	12355	71	25	69	0	12520
16340	79	55	12	12441	0	12587
16341	12751	15	16	88	0	12870
16342	80	10	15	12559	0	12664
16343	60	13075	6	82	0	13223
16344	13223	74	11	66	0	13374
16345	13005	52	20	32	0	13109
16346	121	13274	13	36	0	13444
16347	13094	73	8	27	0	13202
16348	86	51	16	12792	0	12945
16349	57	12925	12	84	0	13078
16350	12874	76	10	75	0	13035
16351	84	13138	9	37	0	13268
16352	12960	75	13	24	0	13072
16353	82	54	9	12859	0	13004
16354	13028	14	17	88	0	13147
16355	12950	21	10	63	0	13044
16356	13031	11	15	26	0	13083
16357	124	9	11	13021	0	13165
16358	64	34	9	13152	0	13259
16359	13108	18	11	130	0	13267
16360	93	8	13436	74	0	13611
16361	59	17	72	13330	0	13478
16362	31	13688	58	173	0	13950
16363	29	83	13	13800	0	13925
16364	27	64	10	13933	0	14034
16365	31	21	13865	148	0	14065
16366	33	20	72	14714	0	14839
16367	24	16275	57	123	0	16479
16368	32	129	12	16554	0	16727
16369	33	121	18590	147	0	18891
16370	55	38	142	18629	0	18864
16371	31	26	168	19118	0	19343
16372	19020	18	34	327	0	19399
16373	18813	25	21	218	0	19077
16374	333	32	13	18852	0	19230
16375	219	18818	12	197	0	19246
16376	62	19111	10	213	0	19396
16377	115	318	18905	54	0	19392
16378	42	265	152	18795	0	19254
16379	18782	50	169	183	0	19184
16380	170	38	35	18929	0	19172
16381	195	12	18946	208	0	19361
16382	44	21	160	18860	0	19085
16383	39	31	175	18471	0	18716
16384	34	25	32	19263	0	19354
16385	43	19	19013	345	0	19420
16386	24	18944	154	258	0	19380
16387	18525	164	182	82	0	18953
16388	17821	197	43	63	0	18124
16389	319	45	26	18180	0	18570
16390	229	27	18232	182	0	18670
16391	71	18287	152	252	0	18762
16392	54	186	176	17381	0	17797
16393	40	18328	35	190	0	18593
16394	29	18620	21	197	0	18867
16395	18180	330	45	66	0	18621
16396	193	199	18220	56	0	18668
16397	212	72	18230	42	0	18556
16398	67	41	322	17826	0	18256
16399	43	31	197	18296	0	18567
16400	62	28	18493	316	0	18899
16401	44	43	154	18269	0	18510
16402	43	31	18431	228	0	18733
16403	17543	30	189	227	0	17989
16404	184	30	170	18168	0	18552
16405	201	50	18739	206	0	19196
16406	66	48	174	17971	0	18259
16407	56	19269	179	205	0	19709
16408	19044	168	55	208	0	19475
16409	174	19329	36	96	0	19635
16410	19367	182	30	91	0	19670
16411	210	198	19077	80	0	19565
16412	19053	67	163	87	0	19370
16413	200	49	196	19292	0	19737
16414	218	45	19496	211	0	19970
16415	83	43	178	19423	0	19727
16416	83	55	19374	259	0	19771
16417	18389	37	197	267	0	18890
16418	204	19314	208	128	0	19854
16419	223	187	68	18597	0	19075
16420	84	19589	72	217	0	19962
16421	19373	204	61	243	0	19881
16422	19108	206	56	163	0	19533
16423	331	19342	67	133	0	19873
16424	233	225	58	19148	0	19664
16425	94	209	71	19055	0	19429
16426	82	84	62	19311	0	19539
16427	18950	68	61	442	0	19521
16428	178	19073	85	310	0	19646
16429	194	185	75	18647	0	19101
16430	81	210	90	18746	0	19127
16431	18568	76	70	431	0	19145
16432	223	64	18417	299	0	19003
16433	236	53	18207	174	0	18670
16434	17415	54	336	145	0	17950
16435	213	64	17785	131	0	18193
16436	215	81	16058	115	0	16469
16437	123	96	324	15711	0	16254
16438	15956	69	239	194	0	16458
16439	173	85	92	16000	0	16350
16440	208	65	15883	205	0	16361
16441	15334	73	179	220	0	15806
16442	188	73	15779	127	0	16167
16443	190	15741	182	128	0	16241
16444	116	181	246	15853	0	16396
16445	15885	195	104	184	0	16368
16446	156	72	89	15874	0	16191
16447	187	44	91	15979	0	16301
16448	16186	29	77	329	0	16621
16449	154	37	81	16409	0	16681
16450	203	38	87	16538	0	16866
16451	89	46	16398	331	0	16864
16452	85	44	148	16339	0	16616
16453	16382	49	211	203	0	16845
16454	16057	64	85	215	0	16421
16455	16377	59	64	105	0	16605
16456	320	74	74	15992	0	16460
16457	235	16182	52	171	0	16640
16458	16071	151	77	203	0	16502
16459	177	16346	79	107	0	16709
16460	15954	163	67	71	0	16255
16461	191	161	79	15781	0	16212
16462	15700	67	72	161	0	16000
16463	15371	44	74	200	0	15689
16464	15471	25	82	92	0	15670
16465	294	15418	68	84	0	15864
16466	157	14375	48	90	0	14670
16467	12948	131	47	37	0	13163
16468	84	13127	21	60	0	13292
16469	26	10733	14	14	0	10787
16470	12	10347	30	12	0	10401
16471	10181	33	116	10	0	10340
16472	30	16	12	9944	0	10002
16473	18	2	1	10033	0	10054
16474	10197	0	0	32	0	10229
16475	22	1	10569	22	0	10614
16476	17	2	19	11862	0	11900
16477	7	10	19	11885	0	11921
16478	1	2	3	13294	0	13300
16479	2	2	4	14024	0	14032
16480	0	14241	6	187	0	14434
16481	4	17256	1	106	0	17367
16482	17563	200	5	21	0	17789
16483	133	166	7	17502	0	17808
16484	168	30	5	17659	0	17862
16485	46	11	17564	317	0	17938
16486	15	9	133	17823	0	17980
16487	31	7	18009	187	0	18234
16488	9	1	179	18068	0	18257
16489	19	6	18830	203	0	19058
16490	3	18798	199	207	0	19207
16491	6	173	196	18725	0	19100
16492	18664	191	34	195	0	19084
16493	18389	34	22	204	0	18649
16494	356	12	7	18618	0	18993
16495	232	10	18590	198	0	19030
16496	50	11	18529	209	0	18799
16497	17715	7	372	56	0	18150
16498	178	18162	220	38	0	18598
16499	18446	179	43	29	0	18697
16500	18166	196	17	36	0	18415
16501	386	43	18264	25	0	18718
16502	228	23	184	17902	0	18337
16503	65	17	203	17868	0	18153
16504	28	32	45	18427	0	18532
16505	30	10	26	17746	0	17812
16506	15	17	28	17853	0	17913
16507	17	8	16947	452	0	17424
16508	24	11	16901	270	0	17206
16509	16	20	388	16748	0	17172
16510	22	21	251	16873	0	17167
16511	25	21	57	17380	0	17483
16512	16908	24	40	452	0	17424
16513	211	29	28	17052	0	17320
16514	16976	16	28	287	0	17307
16515	249	14	31	17322	0	17616
16516	17425	10	37	283	0	17755
16517	17393	12	43	283	0	17731
16518	17067	22	59	80	0	17228
16519	17238	24	46	71	0	17379
16520	17264	26	41	63	0	17394
16521	474	39	30	16980	0	17523
16522	17152	18	27	257	0	17454
16523	281	16895	38	276	0	17490
16524	17056	207	44	96	0	17403
16525	276	209	37	17241	0	17763
16526	252	50	17196	270	0	17768
16527	78	23	233	17400	0	17734
16528	79	41	17430	293	0	17843
16529	55	37	274	17212	0	17578
16530	64	17	261	17478	0	17820
16531	67	16	17294	488	0	17865
16532	62	12	17274	335	0	17683
16533	62	18	427	17261	0	17768
16534	17093	17	275	314	0	17699
16535	284	10	17244	310	0	17848
16536	271	17486	251	163	0	18171
16537	112	208	17915	108	0	18343
16538	17309	223	262	95	0	17889
16539	273	52	263	17537	0	18125
16540	17815	31	71	288	0	18205
16541	17525	28	43	302	0	17898
16542	489	34	41	17618	0	18182
16543	346	16	17296	324	0	17982
16544	130	14	241	17085	0	17470
16545	100	25	253	17009	0	17387
16546	16736	29	89	546	0	17400
16547	294	16858	78	358	0	17588
16548	288	219	51	16874	0	17432
16549	120	222	16621	335	0	17298
16550	15890	69	266	327	0	16552
16551	295	16395	271	175	0	17136
16552	323	235	87	16369	0	17014
16553	135	228	63	16104	0	16530
16554	111	55	87	16713	0	16966
16555	16210	38	91	536	0	16875
16556	16340	19	90	378	0	16827
16557	554	29	84	16571	0	17238
16558	337	31	16663	343	0	17374
16559	139	16604	286	353	0	17382
16560	16532	245	290	134	0	17201
16561	16819	226	107	131	0	17283
16562	549	52	80	16467	0	17148
16563	355	35	73	16952	0	17415
16564	144	26	16953	557	0	17680
16565	98	16922	293	370	0	17683
16566	17062	241	321	144	0	17768
16567	16924	252	106	140	0	17422
16568	490	16986	88	148	0	17712
16569	17084	244	73	110	0	17511
16570	355	257	62	16812	0	17486
16571	323	73	16795	354	0	17545
16572	144	32	277	16956	0	17409
16573	89	24	16926	440	0	17479
16574	16191	29	320	348	0	16888
16575	282	16346	276	247	0	17151
16576	271	288	72	14861	0	15492
16577	148	210	14695	301	0	15354
16578	101	55	14081	227	0	14464
16579	12658	102	362	107	0	13229
16580	216	12785	207	85	0	13293
16581	9728	122	238	49	0	10137
16582	9395	96	79	41	0	9611
16583	9423	22	30	28	0	9503
16584	205	32	40	9265	0	9542
16585	108	17	9404	132	0	9661
16586	44	9516	103	90	0	9753
16587	31	143	94	9493	0	9761
16588	44	74	9574	107	0	9799
16589	40	21	8713	62	0	8836
16590	26	22	119	8432	0	8599
16591	21	15	8504	89	0	8629
16592	8010	9	86	68	0	8173
16593	83	18	55	8446	0	8602
16594	55	7	32	8651	0	8745
16595	8644	10	24	115	0	8793
16596	71	8598	21	70	0	8760
16597	9078	71	20	29	0	9198
16598	81	56	23	8844	0	9004
16599	66	15	18	8954	0	9053
16600	37	11	21	8995	0	9064
16601	34	9	19	8851	0	8913
16602	8762	15	15	127	0	8919
16603	96	13	8873	67	0	9049
16604	64	8805	64	37	0	8970
16605	22	68	57	8849	0	8996
16606	8745	49	30	79	0	8903
16607	8801	14	20	64	0	8899
16608	108	8919	19	38	0	9084
16609	8706	69	18	38	0	8831
16610	78	8904	20	41	0	9043
16611	55	9210	25	45	0	9335
16612	55	111	30	9219	0	9415
16613	29	62	9325	83	0	9499
16614	24	64	71	9100	0	9259
16615	8947	28	56	89	0	9120
16616	77	8927	24	70	0	9098
16617	60	63	20	8943	0	9086
16618	26	47	9997	94	0	10164
16619	9795	26	68	67	0	9956
16620	10223	17	50	35	0	10325
16621	10244	19	27	31	0	10321
16622	122	12	10139	21	0	10294
16623	9836	17	62	22	0	9937
16624	81	10105	50	29	0	10265
16625	51	71	22	9703	0	9847
16626	24	10092	16	56	0	10188
16627	10104	59	17	54	0	10234
16628	9649	39	24	36	0	9748
16629	90	16	10483	11	0	10600
16630	45	10468	56	24	0	10593
16631	16	62	45	10367	0	10490
16632	24	32	22	10381	0	10459
16633	24	18	13	10331	0	10386
16634	16	13	13	10463	0	10505
16635	29	10	13	10752	0	10804
16636	31	12	10387	108	0	10538
16637	26	10303	56	80	0	10465
16638	10266	63	41	41	0	10411
16639	91	38	10612	33	0	10774
16640	56	10773	66	33	0	10928
16641	10782	66	47	39	0	10934
16642	64	45	11242	26	0	11377
16643	10884	25	73	19	0	11001
16644	10773	25	71	19	0	10888
16645	10654	17	18	24	0	10713
16646	115	11155	19	41	0	11330
16647	76	64	11082	17	0	11239
16648	29	11336	57	20	0	11442
16649	49	82	56	10192	0	10379
16650	26	11305	15	65	0	11411
16651	11128	75	14	50	0	11267
16652	11327	54	12	31	0	11424
16653	11119	23	19	20	0	11181
16654	129	15	11607	34	0	11785
16655	78	12117	67	31	0	12293
16656	26	88	59	13210	0	13383
16657	14895	62	21	112	0	15090
16658	120	14915	18	100	0	15153
16659	125	120	12	14968	0	15225
16660	52	125	15413	124	0	15714
16661	15262	28	118	127	0	15535
16662	146	18	16326	31	0	16521
16663	178	11	16704	22	0	16915
16664	15826	27	274	9	0	16136
16665	151	16	16535	22	0	16724
16666	15833	4	144	13	0	15994
16667	145	16004	157	21	0	16327
16668	16579	124	26	10	0	16739
16669	147	152	22	16346	0	16667
16670	166	30	18	16138	0	16352
16671	32	20	19	16640	0	16711
16672	16397	14	12	291	0	16714
16673	16121	10	14	180	0	16325
16674	16306	13	17	36	0	16372
16675	301	16168	13	21	0	16503
16676	182	129	17	16297	0	16625
16677	55	152	16216	142	0	16565
16678	28	34	137	15684	0	15883
16679	27	15628	161	193	0	16009
16680	27	145	32	15449	0	15653
16681	29	157	23	15604	0	15813
16682	15555	37	22	283	0	15897
16683	159	22	15	15749	0	15945
16684	180	27	15541	172	0	15920
16685	67	20	15343	189	0	15619
16686	46	27	288	15206	0	15567
16687	15224	26	212	165	0	15627
16688	167	29	60	14976	0	15232
16689	189	16	51	15409	0	15665
16690	73	16	15396	330	0	15815
16691	49	15405	180	218	0	15852
16692	52	147	198	15410	0	15807
16693	15133	173	57	170	0	15533
16694	184	15273	57	199	0	15713
16695	198	156	40	15327	0	15721
16696	84	174	15265	195	0	15718
16697	63	37	166	15026	0	15292
16698	14771	34	180	203	0	15188
16699	166	14798	54	234	0	15252
16700	223	146	14933	81	0	15383
16701	102	175	162	14757	0	15196
16702	86	57	15115	196	0	15454
16703	14490	41	180	218	0	14929
16704	14640	38	192	86	0	14956
16705	334	42	14904	84	0	15364
16706	229	34	178	14768	0	15209
16707	96	47	15175	202	0	15520
16708	68	14943	181	259	0	15451
16709	74	153	210	15035	0	15472
16710	67	181	15008	207	0	15463
16711	73	81	180	14340	0	14674
16712	51	14682	216	216	0	15165
16713	69	168	76	14701	0	15014
16714	68	178	14576	224	0	15046
16715	13993	60	174	251	0	14478
16716	182	14465	205	111	0	14963
16717	14696	163	77	104	0	15040
16718	206	177	13783	99	0	14265
16719	13599	59	186	78	0	13922
16720	213	60	13745	91	0	14109
16721	13418	49	209	93	0	13769
16722	13673	53	223	60	0	14009
16723	331	55	78	13517	0	13981
16724	245	37	71	13795	0	14148
16725	13671	53	67	360	0	14151
16726	210	13747	58	306	0	14321
16727	14048	174	83	110	0	14415
16728	230	205	71	13728	0	14234
16729	231	13761	85	243	0	14320
16730	118	193	78	14008	0	14397
16731	118	203	76	13951	0	14348
16732	104	57	81	13956	0	14198
16733	89	13992	73	391	0	14545
16734	13789	180	71	254	0	14294
16735	231	226	62	13741	0	14260
16736	219	60	13643	243	0	14165
16737	96	48	13571	240	0	13955
16738	83	46	13805	121	0	14055
16739	13213	58	366	103	0	13740
16740	13211	46	229	100	0	13586
16741	348	51	13203	101	0	13703
16742	220	68	178	12372	0	12838
16743	94	48	199	12676	0	13017
16744	73	44	13191	339	0	13647
16745	69	50	13200	230	0	13549
16746	76	51	311	13295	0	13733
16747	13266	33	227	195	0	13721
16748	12751	36	82	214	0	13083
16749	13086	36	75	78	0	13275
16750	339	13024	60	103	0	13526
16751	228	13165	60	94	0	13547
16752	97	299	61	12833	0	13290
16753	12813	176	54	206	0	13249
16754	200	57	12564	197	0	13018
16755	11560	58	140	81	0	11839
16756	137	10836	134	86	0	11193
16757	78	8980	18	39	0	9115
16758	8825	131	28	27	0	9011
16759	79	8878	20	35	0	9012
16760	79	8426	19	19	0	8543
16761	7868	192	173	108	0	8341
16762	43	7820	41	13	0	7917
16763	25	73	9	7302	0	7409
16764	8	28	6	7327	0	7369
16765	7303	6	7	59	0	7375
16766	7178	11	5	31	0	7225
16767	53	7430	9	21	0	7513
16768	37	7390	5	20	0	7452
16769	11	56	7437	10	0	7514
16770	7301	42	46	13	0	7402
16771	7579	7	34	13	0	7633
16772	7786	11	7	10	0	7814
16773	70	9	4	7912	0	7995
16774	33	10	6	8309	0	8358
16775	8509	8	9	81	0	8607
16776	60	8	10	8596	0	8674
16777	38	14	8718	65	0	8835
16778	19	3	58	8705	0	8785
16779	12	9073	31	70	0	9186
16780	15	64	10	9253	0	9342
16781	11	41	10	9414	0	9476
16782	19	13	7	9531	0	9570
16783	9498	9	6	107	0	9620
16784	71	9577	11	51	0	9710
16785	37	63	12	9706	0	9818
16786	32	40	9655	77	0	9804
16787	20	30	9460	42	0	9552
16788	22	9	93	9467	0	9591
16789	6	10	46	9574	0	9636
16790	9435	8	11	109	0	9563
16791	69	8	10	9241	0	9328
16792	42	9414	12	99	0	9567
16793	18	64	9937	52	0	10071
16794	9	74	66	9807	0	9956
16795	23	12	10123	93	0	10251
16796	16	9	70	10046	0	10141
16797	10027	8	44	82	0	10161
16798	10093	11	17	48	0	10169
16799	97	10168	13	30	0	10308
16800	50	76	9	10141	0	10276
16801	10322	37	8	67	0	10434
16802	10326	16	20	48	0	10410
16803	10448	12	10	26	0	10496
16804	10449	14	9	18	0	10490
16805	10367	12	12	15	0	10406
16806	116	10347	15	26	0	10504
16807	10260	72	13	20	0	10365
16808	89	41	10442	14	0	10586
16809	58	22	60	10355	0	10495
16810	10474	14	34	73	0	10595
16811	10256	9	10	55	0	10330
16812	10300	11	7	29	0	10347
16813	113	13	10546	17	0	10689
16814	58	11	65	10608	0	10742
16815	10846	13	40	81	0	10980
16816	82	10956	12	51	0	11101
16817	11352	70	11	29	0	11462
16818	11113	42	5	26	0	11186
16819	11195	12	12	10	0	11229
16820	115	23	10	11420	0	11568
16821	11516	12	8	91	0	11627
16822	99	9	11843	57	0	12008
16823	69	14	11804	16	0	11903
16824	11658	9	103	27	0	11797
16825	89	10	11869	16	0	11984
16826	11013	4	74	23	0	11114
16827	90	6	11588	21	0	11705
16828	43	7	63	11366	0	11479
16829	11294	6	41	73	0	11414
16830	63	11195	19	51	0	11328
16831	11468	56	19	17	0	11560
16832	64	11276	10	29	0	11379
16833	38	11868	7	27	0	11940
16834	22	79	24	11995	0	12120
16835	18	37	5	11939	0	11999
16836	19	14	8	11959	0	12000
16837	16	13	11970	92	0	12091
16838	11405	9	67	57	0	11538
16839	12182	2	34	24	0	12242
16840	12269	8	16	22	0	12315
16841	12268	6	4	34	0	12312
16842	12244	5	38	23	0	12310
16843	106	9	12175	13	0	12303
16844	59	9	12003	20	0	12091
16845	29	8	96	11903	0	12036
16846	32	8	12163	72	0	12275
16847	11816	3	78	58	0	11955
16848	89	12698	42	41	0	12870
16849	62	77	18	13532	0	13689
16850	13722	44	6	102	0	13874
16851	98	17	12	14150	0	14277
16852	73	10	14291	105	0	14479
16853	39	11	14532	76	0	14658
16854	19	36	139	14897	0	15091
16855	34	6	15149	109	0	15298
16856	14433	6	125	72	0	14636
16857	115	3	64	14953	0	15135
16858	74	8	15099	121	0	15302
16859	33	15211	94	104	0	15442
16860	39	96	56	15415	0	15606
16861	47	55	15887	109	0	16098
16862	31	20	104	15444	0	15599
16863	34	3	65	15739	0	15841
16864	41	5	16264	172	0	16482
16865	27	8	113	16063	0	16211
16866	25	31	87	15591	0	15734
16867	26	3	25	16153	0	16207
16868	15839	16	20	173	0	16048
16869	120	15946	11	97	0	16174
16870	87	16335	16	42	0	16480
16871	48	153	16235	20	0	16456
16872	15379	71	100	30	0	15580
16873	114	16	15992	30	0	16152
16874	82	6	15616	12	0	15716
16875	18	35	137	15189	0	15379
16876	15370	4	64	101	0	15539
16877	86	15576	20	88	0	15770
16878	15493	75	11	28	0	15607
16879	15198	53	16	20	0	15287
16880	130	15513	12	27	0	15682
16881	15320	72	49	18	0	15459
16882	15068	48	35	17	0	15168
16883	119	15476	11	28	0	15634
16884	59	73	20	15386	0	15538
16885	34	49	10	15537	0	15630
16886	15817	12	11	114	0	15954
16887	79	16195	7	102	0	16383
16888	16541	77	7	28	0	16653
16889	16385	57	11	24	0	16477
16890	17341	18	10	24	0	17393
16891	166	8	14	17275	0	17463
16892	83	7	15	17577	0	17682
16893	17339	10	13	150	0	17512
16894	17428	9	17	99	0	17553
16895	17739	6	19	31	0	17795
16896	168	13	15	18363	0	18559
16897	101	12	18746	125	0	18984
16898	31	8	114	18859	0	19012
16899	23	6	91	20425	0	20545
16900	27	10	20368	228	0	20633
16901	29	19	22175	127	0	22350
16902	21	13	241	22454	0	22729
16903	27	9	22800	167	0	23003
16904	22517	15	174	173	0	22879
16905	159	11	175	22718	0	23063
16906	171	8	51	23135	0	23365
16907	23621	19	32	318	0	23990
16908	175	12	29	23314	0	23530
16909	184	16	27	23157	0	23384
16910	58	17	23	23533	0	23631
16911	35	19	21	23788	0	23863
16912	56	16	23387	359	0	23818
16913	39	17	149	23448	0	23653
16914	46	27	23353	217	0	23643
16915	30	23330	178	276	0	23814
16916	35	164	175	23156	0	23530
16917	44	174	22869	195	0	23282
16918	21139	50	188	208	0	21585
16919	169	22673	184	109	0	23135
16920	22935	147	55	53	0	23190
16921	202	162	46	21997	0	22407
16922	184	22579	47	181	0	22991
16923	22518	158	36	215	0	22927
16924	181	22727	36	121	0	23065
16925	22834	185	36	60	0	23115
16926	207	179	31	22578	0	22995
16927	22852	45	42	191	0	23130
16928	186	22932	45	242	0	23405
16929	22979	161	32	91	0	23263
16930	224	167	22782	85	0	23258
16931	215	46	179	22782	0	23222
16932	22545	25	195	217	0	22982
16933	22522	26	59	246	0	22853
16934	361	22	53	22568	0	23004
16935	249	33	22804	217	0	23303
16936	87	22366	170	242	0	22865
16937	60	22908	186	152	0	23306
16938	23118	359	80	76	0	23633
16939	200	211	53	22604	0	23068
16940	210	59	53	22873	0	23195
16941	22733	25	53	383	0	23194
16942	21826	41	56	260	0	22183
16943	385	29	22915	98	0	23427
16944	252	32	182	22830	0	23296
16945	104	40	22966	241	0	23351
16946	72	22723	184	273	0	23252
16947	21983	174	206	123	0	22486
16948	189	22200	71	140	0	22600
16949	200	21873	47	110	0	22230
16950	137	307	49	21656	0	22149
16951	20966	188	55	193	0	21402
16952	172	21147	42	282	0	21643
16953	20789	163	53	128	0	21133
16954	195	20747	48	113	0	21103
16955	195	177	45	20779	0	21196
16956	20636	183	61	219	0	21099
16957	209	59	21090	242	0	21600
16958	225	94	172	20766	0	21257
16959	107	47	20911	240	0	21305
16960	93	20043	176	258	0	20570
16961	61	20324	194	145	0	20724
16962	19887	330	85	128	0	20430
16963	158	20334	64	108	0	20664
16964	20175	164	74	105	0	20518
16965	19969	198	51	115	0	20333
16966	323	72	20364	105	0	20864
16967	19897	53	166	112	0	20228
16968	208	68	20899	115	0	21290
16969	235	20628	163	110	0	21136
16970	20474	171	198	107	0	20950
16971	210	20422	71	127	0	20830
16972	223	205	59	20483	0	20970
16973	20443	191	56	211	0	20901
16974	230	87	53	20421	0	20791
16975	232	71	20735	250	0	21288
16976	132	75	168	20598	0	20973
16977	113	86	188	20604	0	20991
16978	20570	79	71	349	0	21069
16979	208	84	20654	256	0	21202
16980	20633	83	161	115	0	20992
16981	21095	78	184	103	0	21460
16982	413	78	79	21128	0	21698
16983	290	86	54	21279	0	21709
16984	21046	73	71	368	0	21558
16985	263	21741	60	248	0	22312
16986	248	212	61	21490	0	22011
16987	149	206	21072	221	0	21648
16988	128	111	20517	195	0	20951
16989	103	21051	295	111	0	21560
16990	130	205	202	19957	0	20494
16991	96	205	61	20087	0	20449
16992	19916	105	42	328	0	20391
16993	235	100	41	19659	0	20035
16994	19093	70	38	234	0	19435
16995	256	18887	42	218	0	19403
16996	190	18881	48	99	0	19218
16997	85	19333	46	101	0	19565
16998	18639	292	112	88	0	19131
16999	17024	175	87	81	0	17367
17000	227	17126	53	63	0	17469
17001	14778	90	19	31	0	14918
17002	97	14596	12	33	0	14738
17003	67	111	5	14239	0	14422
17004	30	14477	9	88	0	14604
17005	14427	102	42	63	0	14634
17006	14348	50	7	34	0	14439
17007	138	19	8	13864	0	14029
17008	13947	18	18	100	0	14083
17009	112	25	10	13933	0	14080
17010	53	14441	11	126	0	14631
17011	29	100	9	14451	0	14589
17012	28	14497	12	147	0	14684
17013	14381	90	15	56	0	14542
17014	101	62	14185	25	0	14373
17015	13503	16	76	30	0	13625
17016	92	19	45	14213	0	14369
17017	67	13	14195	91	0	14366
17018	13746	24	75	49	0	13894
17019	103	22	14713	31	0	14869
17020	58	14	84	14218	0	14374
17021	33	16	54	14416	0	14519
17022	30	21	21	14140	0	14212
17023	29	16	15	14384	0	14444
17024	22	14325	15	166	0	14528
17025	30	95	16	15105	0	15246
17026	15158	59	13	130	0	15360
17027	129	19	15177	72	0	15397
17028	78	16209	99	39	0	16425
17029	16476	128	70	32	0	16706
17030	17441	89	21	29	0	17580
17031	224	38	14	20309	0	20585
17032	143	22	20465	194	0	20824
17033	51	21	155	20125	0	20352
17034	46	25	162	21823	0	22056
17035	58	23	21981	341	0	22403
17036	22	23058	173	259	0	23512
17037	23331	191	196	81	0	23799
17038	22858	238	97	31	0	23224
17039	23580	51	16	33	0	23680
17040	451	24	23	22934	0	23432
17041	276	23	18	24050	0	24367
17042	24456	16	15	434	0	24921
17043	243	23	18	23069	0	23353
17044	264	24162	17	287	0	24730
17045	24878	205	22	260	0	25365
17046	25428	259	29	69	0	25785
17047	26499	54	30	53	0	26636
17048	26838	22	27	55	0	26942
17049	565	31	26005	47	0	26648
17050	351	30	26007	55	0	26443
17051	98	42	490	25327	0	25957
17052	65	34	302	26043	0	26444
17053	71	30	25860	504	0	26465
17054	70	45	25885	335	0	26335
17055	79	26	482	25751	0	26338
17056	25740	20	315	292	0	26367
17057	285	28	77	25505	0	25895
17058	327	29	25513	315	0	26184
17059	99	25705	250	352	0	26406
17060	25723	246	299	109	0	26377
17061	25694	284	81	80	0	26139
17062	25543	83	53	80	0	25759
17063	25891	41	44	66	0	26042
17064	604	53	24960	68	0	25685
17065	387	42	242	25055	0	25726
17066	24990	33	300	293	0	25616
17067	336	50	81	25085	0	25552
17068	381	32	56	23484	0	23953
17069	150	24418	68	529	0	25165
17070	125	242	48	24793	0	25208
17071	23948	279	66	335	0	24628
17072	319	24439	64	380	0	25202
17073	24210	240	66	131	0	24647
17074	342	24552	74	150	0	25118
17075	360	321	62	22476	0	23219
17076	158	23630	76	312	0	24176
17077	110	24061	78	360	0	24609
17078	23758	491	98	136	0	24483
17079	362	319	23446	117	0	24244
17080	371	75	22902	111	0	23459
17081	171	43	22847	111	0	23172
17082	21596	71	523	106	0	22296
17083	264	22288	338	159	0	23049
17084	354	22498	132	156	0	23140
17085	21424	467	84	131	0	22106
17086	325	21740	77	149	0	22291
17087	380	22050	94	132	0	22656
17088	174	477	84	22088	0	22823
17089	193	346	21879	318	0	22736
17090	207	106	22061	386	0	22760
17091	207	92	458	21945	0	22702
17092	21737	93	356	335	0	22521
17093	343	22036	121	425	0	22925
17094	433	288	75	22107	0	22903
17095	260	340	21917	345	0	22862
17096	238	149	21282	405	0	22074
17097	254	125	496	20996	0	21871
17098	20925	112	354	352	0	21743
17099	20995	112	128	421	0	21656
17100	675	123	20963	185	0	21946
17101	21156	111	311	187	0	21765
17102	438	143	21288	161	0	22030
17103	494	118	335	19788	0	20735
17104	261	20847	383	342	0	21833
17105	21149	283	189	351	0	21972
17106	442	358	152	21147	0	22099
17107	501	139	179	20986	0	21805
17108	292	121	185	21346	0	21944
17109	266	97	166	21594	0	22123
17110	231	106	20653	638	0	21628
17111	223	20596	357	467	0	21643
17112	246	285	437	20622	0	21590
17113	20521	346	214	356	0	21437
17114	446	128	170	20761	0	21505
17115	496	99	183	20797	0	21575
17116	264	103	20377	596	0	21340
17117	225	135	20371	492	0	21223
17118	241	20300	584	251	0	21376
17119	222	20142	436	238	0	21038
17120	229	500	195	20029	0	20953
17121	20010	374	176	400	0	20960
17122	384	157	20101	462	0	21104
17123	465	20130	295	260	0	21150
17124	296	295	382	18721	0	19694
17125	234	19676	129	359	0	20398
17126	223	318	123	18630	0	19294
17127	177	19325	133	365	0	20000
17128	179	296	116	18029	0	18620
17129	17334	344	79	302	0	18059
17130	278	16316	95	343	0	17032
17131	213	384	67	13113	0	13777
17132	12879	173	77	208	0	13337
17133	165	12891	83	226	0	13365
17134	133	11086	49	118	0	11386
17135	102	11040	49	89	0	11280
17136	173	245	260	9232	0	9910
17137	43	97	43	9136	0	9319
17138	29	9187	24	154	0	9394
17139	47	108	39	9140	0	9334
17140	46	91	9192	97	0	9426
17141	34	9055	86	77	0	9252
17142	36	466	59	7928	0	8489
17143	20	8634	29	64	0	8747
17144	89	71	8341	50	0	8551
17145	28	8076	50	19	0	8173
17146	6494	233	56	50	0	6833
17147	52	26	6	6244	0	6328
17148	6239	2	16	22	0	6279
17149	23	4	6413	14	0	6454
17150	14	3	18	6442	0	6477
17151	4	3	6568	26	0	6601
17152	7	6	19	6531	0	6563
17153	6754	4	15	23	0	6796
17154	20	5	3	6826	0	6854
17155	6923	4	4	24	0	6955
17156	21	7134	3	24	0	7182
17157	7039	17	5	9	0	7070
17158	27	11	7289	15	0	7342
17159	13	7313	21	11	0	7358
17160	2	18	14	7289	0	7323
17161	9	12	6	7258	0	7285
17162	8	6	7244	27	0	7285
17163	5	7370	18	36	0	7429
17164	6	20	12	7368	0	7406
17165	4	7431	5	38	0	7478
17166	3	18	5	7330	0	7356
17167	1	7406	5	33	0	7445
17168	7268	18	5	14	0	7305
17169	16	12	2	7402	0	7432
17170	16	3	7618	18	0	7655
17171	2	7633	16	29	0	7680
17172	1	7828	10	19	0	7858
17173	17	25	7881	10	0	7933
17174	2	7859	13	10	0	7884
17175	2	16	10	7758	0	7786
17176	2	10	8036	19	0	8067
17177	3	4	15	7802	0	7824
17178	0	3	10	7967	0	7980
17179	4	3	8132	24	0	8163
17180	7534	6	18	20	0	7578
17181	15	0	10	8234	0	8259
17182	12	2	9088	16	0	9118
17183	3	9204	16	27	0	9250
17184	9232	14	13	14	0	9273
17185	16	9258	4	15	0	9293
17186	13	15	3	9259	0	9290
17187	9146	10	3	24	0	9183
17188	20	4	3	9088	0	9115
17189	16	6	9453	21	0	9496
17190	8	3	17	9329	0	9357
17191	5	5	9493	22	0	9525
17192	9071	2	20	24	0	9117
17193	25	3	9488	6	0	9522
17194	9467	3	19	12	0	9501
17195	9375	3	18	7	0	9403
17196	24	5	9795	11	0	9835
17197	15	1	9633	12	0	9661
17198	5	9862	25	11	0	9903
17199	10092	17	15	14	0	10138
17200	19	16	4	10200	0	10239
17201	15	9	14	10150	0	10188
17202	11180	6	3	33	0	11222
17203	11116	3	11	16	0	11146
17204	11275	9	6	7	0	11297
17205	11246	7	5	5	0	11263
17206	25	5	3	11083	0	11116
17207	11238	5	11	28	0	11282
17208	19	5	6	11237	0	11267
17209	15	5	4	11190	0	11214
17210	8	5	7	11347	0	11367
17211	11	3	11334	40	0	11388
17212	5	11206	24	23	0	11258
17213	8	11227	12	18	0	11265
17214	3	31	4	11277	0	11315
17215	11278	13	10	26	0	11327
17216	22	10	5	11198	0	11235
17217	11129	5	9	35	0	11178
17218	28	8	11727	15	0	11778
17219	11260	5	24	18	0	11307
17220	23	4	12	12061	0	12100
17221	12368	3	7	34	0	12412
17222	11959	8	13	32	0	12012
17223	12313	3	6	17	0	12339
17224	31	4	10	12385	0	12430
17225	21	5	12430	26	0	12482
17226	10	7	27	12386	0	12430
17227	12593	3	14	34	0	12644
17228	31	10	14520	18	0	14579
17229	21	8	28	15046	0	15103
17230	15618	7	12	43	0	15680
17231	52	7	16220	24	0	16303
17232	16617	7	47	22	0	16693
17233	17301	8	26	18	0	17353
17234	73	6	13	17556	0	17648
17235	28	4	7	17828	0	17867
17236	17965	3	10	87	0	18065
17237	65	3	8	18447	0	18523
17238	18444	18	10	88	0	18560
17239	70	18762	11	73	0	18916
17240	41	18968	9	42	0	19060
17241	19	103	6	19025	0	19153
17242	23	47	19633	86	0	19789
17243	9	19628	73	64	0	19774
17244	19325	92	42	38	0	19497
17245	73	19331	11	39	0	19454
17246	47	72	19321	24	0	19464
17247	12	38	80	18830	0	18960
17248	34	30	19569	84	0	19717
17249	11	20047	77	88	0	20223
17250	10	77	47	19841	0	19975
17251	9	20006	10	89	0	20114
17252	26	68	19943	49	0	20086
17253	6	37	75	19398	0	19516
17254	24	12	19969	80	0	20085
17255	13	7	73	19573	0	19666
17256	19749	10	42	88	0	19889
17257	88	13	19619	50	0	19770
17258	18442	8	81	27	0	18558
17259	89	5	19349	23	0	19466
17260	53	12	79	19118	0	19262
17261	39	11	20216	83	0	20349
17262	23	12	82	19996	0	20113
17263	23	11	45	20036	0	20115
17264	17	19	26	19726	0	19788
17265	21	8	12	20158	0	20199
17266	19	14	21304	143	0	21480
17267	20399	19	80	71	0	20569
17268	77	17	39	22407	0	22540
17269	22402	15	23	98	0	22538
17270	22213	15	27	61	0	22316
17271	22839	14	22	25	0	22900
17272	129	20	14	23258	0	23421
17273	73	16	14	23593	0	23696
17274	23	26679	16	170	0	26888
17275	29342	129	20	73	0	29564
17276	31027	102	28	38	0	31195
17277	31547	43	26	35	0	31651
17278	358	27	32246	57	0	32688
17279	218	17	176	32086	0	32497
17280	94	26	32306	195	0	32621
17281	31510	22	218	194	0	31944
17282	31837	10	192	87	0	32126
17283	336	18	63	31555	0	31972
17284	223	35	37	30416	0	30711
17285	76	32458	41	350	0	32925
17286	32473	171	29	219	0	32892
17287	32347	171	37	71	0	32626
17288	353	32463	33	98	0	32947
17289	32750	175	37	58	0	33020
17290	238	178	31	32426	0	32873
17291	217	53	35	32962	0	33267
17292	33114	29	25	366	0	33534
17293	237	20	33274	241	0	33772
17294	32856	24	184	111	0	33175
17295	33297	22	184	81	0	33584
17296	371	33234	67	120	0	33792
17297	33628	193	77	71	0	33969
17298	300	198	33209	64	0	33771
17299	291	74	191	33157	0	33713
17300	33268	45	181	225	0	33719
17301	285	40	85	33366	0	33776
17302	278	36	32583	282	0	33179
17303	129	33	246	31930	0	32338
17304	122	35151	241	311	0	35825
17305	133	241	114	35522	0	36010
17306	125	214	77	35615	0	36031
17307	122	81	64	35783	0	36050
17308	84	59	53	36233	0	36429
17309	117	65	35894	472	0	36548
17310	128	67	201	35730	0	36126
17311	35898	67	205	290	0	36460
17312	290	35806	72	290	0	36458
17313	285	241	57	36517	0	37100
17314	173	211	36873	292	0	37549
17315	127	71	217	36929	0	37344
17316	37049	44	225	338	0	37656
17317	36074	42	110	273	0	36499
17318	35590	37	94	148	0	35869
17319	509	49	57	36545	0	37160
17320	381	81	36603	259	0	37324
17321	179	36307	248	306	0	37040
17322	36672	207	239	167	0	37285
17323	290	204	124	36147	0	36765
17324	300	76	65	36452	0	36893
17325	197	44	36788	466	0	37495
17326	129	36289	240	384	0	37042
17327	108	37154	239	212	0	37713
17328	105	508	134	35275	0	36022
17329	139	234	34644	317	0	35334
17330	32683	95	229	325	0	33332
17331	268	76	34179	194	0	34717
17332	31917	37	246	168	0	32368
17333	236	34735	235	219	0	35425
17334	289	168	34521	155	0	35133
17335	33078	189	202	111	0	33580
17336	255	34064	202	163	0	34684
17337	35140	181	116	104	0	35541
17338	286	196	35364	131	0	35977
17339	264	35188	174	147	0	35773
17340	35429	174	197	111	0	35911
17341	295	181	34918	116	0	35510
17342	34440	69	176	98	0	34783
17343	299	45	231	34423	0	34998
17344	34867	79	105	209	0	35260
17345	299	61	82	34831	0	35273
17346	34919	71	69	260	0	35319
17347	309	58	35605	257	0	36229
17348	252	46	216	35532	0	36046
17349	160	72	203	35334	0	35769
17350	122	78	35982	364	0	36546
17351	134	98	189	35640	0	36061
17352	119	35113	273	320	0	35825
17353	112	177	113	37646	0	38048
17354	130	198	118	38860	0	39306
17355	156	97	87	42526	0	42866
17356	154	60	43086	507	0	43807
17357	42962	76	312	360	0	43710
17358	373	83	273	46229	0	46958
17359	374	72	47567	359	0	48372
17360	46833	64	358	386	0	47641
17361	47079	76	356	169	0	47680
17362	48641	71	150	131	0	48993
17363	749	77	107	48633	0	49566
17364	477	80	100	53646	0	54303
17365	266	89	92	51950	0	52397
17366	129	53805	90	949	0	54973
17367	52935	462	101	574	0	54072
17368	52099	436	122	283	0	52940
17369	925	128	87	52969	0	54109
17370	708	62	52233	570	0	53573
17371	328	51	52463	531	0	53373
17372	135	51346	890	247	0	52618
17373	87	52326	539	293	0	53245
17374	48030	1137	426	291	0	49884
17375	423	47056	91	97	0	47667
17376	45536	424	75	56	0	46091
17377	44782	299	37	44	0	45162
17378	44732	61	27	45	0	44865
17379	698	39	39	44870	0	45646
17380	384	25	30	47237	0	47676
17381	48400	30	27	790	0	49247
17382	539	36	26	50134	0	50735
17383	440	36	49897	635	0	51008
17384	50063	26	528	435	0	51052
17385	598	51	387	49310	0	50346
17386	455	42	94	49527	0	50118
17387	141	40	36	51267	0	51484
17388	117	37	50216	1028	0	51398
17389	48185	42	573	552	0	49352
17390	631	37	50369	157	0	51194
17391	478	42	615	49895	0	51030
17392	146	56	50880	624	0	51706
17393	102	45	642	49171	0	49960
17394	95	54	457	50231	0	50837
17395	125	56	51337	1019	0	52537
17396	140	97	622	47641	0	48500
17397	128	51508	458	604	0	52698
17398	51022	616	96	482	0	52216
17399	50823	446	79	173	0	51521
17400	1096	120	72	51330	0	52618
17401	617	69	51627	714	0	53027
17402	194	50196	626	568	0	51584
17403	135	51534	461	285	0	52415
17404	48758	981	137	173	0	50049
17405	719	499	48222	164	0	49604
17406	48305	129	627	171	0	49232
17407	747	71	493	47619	0	48930
17408	578	39	140	48552	0	49309
17409	47664	43	120	1113	0	48940
17410	662	47995	88	749	0	49494
17411	575	578	48300	274	0	49727
17412	219	455	647	47524	0	48845
17413	162	93	48458	778	0	49491
17414	144	47561	733	655	0	49093
17415	146	608	557	47574	0	48885
17416	46833	478	209	802	0	48322
17417	47045	121	177	676	0	48019
17418	1141	184	47192	328	0	48845
17419	633	47183	704	276	0	48796
17420	46620	651	560	235	0	48066
17421	787	47310	215	238	0	48550
17422	664	719	150	46608	0	48141
17423	46513	524	156	776	0	47969
17424	816	163	164	46955	0	48098
17425	691	114	46045	895	0	47745
17426	301	150	697	46558	0	47706
17427	329	152	46172	892	0	47545
17428	285	148	743	45925	0	47101
17429	45451	143	583	886	0	47063
17430	789	45730	249	722	0	47490
17431	45567	686	202	343	0	46798
17432	884	564	213	44417	0	46078
17433	676	232	194	44561	0	45663
17434	318	232	43115	1250	0	44915
17435	319	189	44443	722	0	45673
17436	284	44328	1143	416	0	46171
17437	346	732	43853	284	0	45215
17438	40744	588	836	279	0	42447
17439	817	43023	626	336	0	44802
17440	685	43581	246	363	0	44875
17441	337	44141	218	376	0	45072
17442	346	1235	187	43173	0	44941
17443	325	686	43547	895	0	45453
17444	284	44039	786	787	0	45896
17445	294	783	637	40436	0	42150
17446	295	44408	240	817	0	45760
17447	42749	774	226	732	0	44481
17448	43096	588	227	377	0	44288
17449	1270	199	246	42434	0	44149
17450	709	181	245	42433	0	43568
17451	40940	150	268	1347	0	42705
17452	819	40732	253	902	0	42706
17453	625	40998	256	452	0	42331
17454	303	1289	229	37847	0	39668
17455	216	600	35022	821	0	36659
17456	153	34109	711	666	0	35639
17457	31133	692	597	270	0	32692
17458	561	30861	285	240	0	31947
17459	432	30074	173	259	0	30938
17460	28453	914	274	159	0	29800
17461	536	29624	151	242	0	30553
17462	563	637	28479	196	0	29875
17463	185	28452	562	194	0	29393
17464	22526	499	460	125	0	23610
17465	366	22528	105	116	0	23115
17466	22064	407	169	102	0	22742
17467	443	312	106	21557	0	22418
17468	275	143	109	22124	0	22651
17469	124	141	22316	530	0	23111
17470	111	22395	339	302	0	23147
17471	122	377	224	22215	0	22938
17472	21978	282	93	379	0	22732
17473	21807	122	89	271	0	22289
17474	505	22321	68	157	0	23051
17475	254	377	83	21975	0	22689
17476	21862	274	100	386	0	22622
17477	21948	149	120	281	0	22498
17478	532	137	21572	140	0	22381
17479	292	122	20587	86	0	21087
17480	138	109	19713	74	0	20034
17481	67	18169	325	78	0	18639
17482	16239	204	435	46	0	16924
17483	155	16217	40	46	0	16458
17484	15551	197	103	42	0	15893
17485	137	16363	40	42	0	16582
17486	121	159	20	16751	0	17051
17487	16894	118	34	138	0	17184
17488	134	51	17065	107	0	17357
17489	16400	49	117	51	0	16617
17490	16860	45	104	29	0	17038
17491	198	17115	33	49	0	17395
17492	99	17113	7	59	0	17278
17493	17414	186	18	35	0	17653
17494	135	107	17825	20	0	18087
17495	16576	69	141	62	0	16848
17496	16510	34	68	22	0	16634
17497	170	29	15	16312	0	16526
17498	16665	19	16	91	0	16791
17499	102	29	15	17013	0	17159
17500	86	21	14	17471	0	17592
17501	28	30	9	17238	0	17305
17502	29	17357	17	172	0	17575
17503	17373	104	9	77	0	17563
17504	17411	77	17	34	0	17539
17505	167	32	16	17449	0	17664
17506	95	23	22	17246	0	17386
17507	40	17534	25	164	0	17763
17508	17466	98	30	81	0	17675
17509	115	92	17396	26	0	17629
17510	100	41	95	17326	0	17562
17511	58	42	17336	96	0	17532
17512	40	40	100	17168	0	17348
17513	54	31	17516	103	0	17704
17514	50	52	97	17216	0	17415
17515	17347	39	77	109	0	17572
17516	125	38	18012	83	0	18258
17517	17345	26	103	32	0	17506
17518	138	18972	83	53	0	19246
17519	111	110	24	19130	0	19375
17520	56	115	23	19266	0	19460
17521	19994	43	28	153	0	20218
17522	132	42	24	20815	0	21013
17523	120	39	21491	107	0	21757
17524	20638	29	102	97	0	20866
17525	21263	35	95	39	0	21432
17526	21344	39	32	38	0	21453
17527	21312	34	26	45	0	21417
17528	206	21383	14	67	0	21670
17529	121	100	22	21451	0	21694
17530	21284	81	27	134	0	21526
17531	127	38	28	21100	0	21293
17532	20837	29	45	117	0	21028
17533	148	31	20576	89	0	20844
17534	124	22	20723	48	0	20917
17535	77	199	136	19775	0	20187
17536	53	20497	72	126	0	20748
17537	53	21057	36	112	0	21258
17538	20760	153	42	118	0	21073
17539	99	78	20790	58	0	21025
17540	19181	27	92	65	0	19365
17541	84	20701	89	69	0	20943
17542	20654	64	30	51	0	20799
17543	102	49	32	20439	0	20622
17544	84	26	21153	95	0	21358
17545	69	22	73	20914	0	21078
17546	50	34	61	20691	0	20836
17547	52	21040	24	144	0	21260
17548	55	21651	19	109	0	21834
17549	50	118	22	21555	0	21745
17550	55	22016	17	159	0	22247
17551	63	73	22006	71	0	22213
17552	63	74	21560	53	0	21750
17553	19878	16	129	62	0	20085
17554	21276	27	62	44	0	21409
17555	136	21380	24	56	0	21596
17556	108	75	21	21134	0	21338
17557	58	75	26	21256	0	21415
17558	67	63	21480	130	0	21740
17559	62	21	71	20533	0	20687
17560	58	21349	70	118	0	21595
17561	61	67	20981	92	0	21201
17562	58	55	20700	47	0	20860
17563	50	20405	131	88	0	20674
17564	55	69	21004	67	0	21195
17565	49	75	81	20510	0	20715
17566	77	50	117	19430	0	19674
17567	58	35	21224	128	0	21445
17568	65	31	79	20859	0	21034
17569	46	20352	76	115	0	20589
17570	43	21209	33	131	0	21416
17571	49	152	18	21055	0	21274
17572	69	66	21647	111	0	21893
17573	45	21771	91	123	0	22030
17574	81	126	100	21381	0	21688
17575	38	53	21303	96	0	21490
17576	19521	27	71	58	0	19677
17577	20675	17	45	30	0	20767
17578	20645	19	18	34	0	20716
17579	94	16	20	20545	0	20675
17580	49	17	27	20633	0	20726
17581	38	18	21697	103	0	21856
17582	22	16	67	21386	0	21491
17583	14	27	62	21565	0	21668
17584	30	17	21914	106	0	22067
17585	18558	20	63	72	0	18713
17586	58	20531	55	43	0	20687
17587	20477	48	20	26	0	20571
17588	61	20365	15	28	0	20469
17589	55	67	11	20351	0	20484
17590	29	56	20587	68	0	20740
17591	19	76	48	19880	0	20023
17592	10	16	19997	79	0	20102
17593	17346	14	67	62	0	17489
17594	43	7	19217	17	0	19284
17595	41	9	48	18504	0	18602
17596	22	12	19060	49	0	19143
17597	17	19155	53	74	0	19299
17598	27	45	86	19164	0	19322
17599	23	53	30	19150	0	19256
17600	24	5	11	19681	0	19721
17601	27	8	19785	110	0	19930
17602	24	7	20111	78	0	20220
17603	11	8	118	20008	0	20145
17604	8	24	86	23491	0	23609
17605	10	7	22	25995	0	26034
17606	27168	10	19	285	0	27482
17607	151	10	23	28506	0	28690
17608	219	21	30858	185	0	31283
17609	33169	26	181	232	0	33608
17610	223	18	256	34449	0	34946
17611	36315	13	86	261	0	36675
17612	36471	21	42	316	0	36850
17613	555	11	36	36875	0	37477
17614	37025	6	43	285	0	37359
17615	36492	11	37	379	0	36919
17616	597	8	36775	64	0	37444
17617	390	37016	259	69	0	37734
17618	103	269	351	34262	0	34985
17619	51	343	58	36336	0	36788
17620	36221	53	33	580	0	36887
17621	35117	31	53	412	0	35613
17622	35189	22	33	115	0	35359
17623	637	7	34202	88	0	34934
17624	413	34281	279	75	0	35048
17625	34241	258	355	58	0	34912
17626	291	34591	90	98	0	35070
17627	34903	296	49	83	0	35331
17628	343	343	47	34443	0	35176
17629	34577	68	40	313	0	34998
17630	34167	27	53	393	0	34640
17631	34552	28	39	124	0	34743
17632	705	25	35151	104	0	35985
17633	35201	15	283	80	0	35579
17634	390	35087	362	104	0	35943
17635	35594	277	73	85	0	36029
17636	35461	356	52	97	0	35966
17637	36094	67	55	88	0	36304
17638	721	38	49	35044	0	35852
17639	490	35502	53	336	0	36381
17640	35558	292	49	407	0	36306
17641	421	358	35667	145	0	36591
17642	486	35830	288	140	0	36744
17643	248	307	381	32751	0	33687
17644	158	35307	97	292	0	35854
17645	35137	338	59	356	0	35890
17646	35636	400	57	140	0	36233
17647	755	112	41	35559	0	36467
17648	563	58	35172	375	0	36168
17649	222	35296	314	466	0	36298
17650	275	394	470	29509	0	30648
17651	195	387	118	34957	0	35657
17652	217	106	68	36972	0	37363
17653	36822	54	79	739	0	37694
17654	36727	77	86	483	0	37373
17655	37061	72	74	173	0	37380
17656	37498	79	91	136	0	37804
17657	902	95	62	36973	0	38032
17658	678	72	37824	434	0	39008
17659	306	74	338	38087	0	38805
17660	274	77	456	37462	0	38269
17661	306	80	100	38041	0	38527
17662	309	98	96	38426	0	38929
17663	37781	78	130	840	0	38829
17664	582	91	150	37913	0	38736
17665	37906	97	124	535	0	38662
17666	37906	106	140	594	0	38746
17667	1056	95	37307	292	0	38750
17668	902	72	36933	247	0	38154
17669	530	84	38095	300	0	39009
17670	500	146	757	37161	0	38564
17671	496	118	37999	513	0	39126
17672	452	156	457	36795	0	37860
17673	492	150	482	36922	0	38046
17674	37939	157	164	886	0	39146
17675	747	144	142	37374	0	38407
17676	860	38773	134	628	0	40395
17677	39379	405	181	589	0	40554
17678	734	39850	163	406	0	41153
17679	843	475	39909	280	0	41507
17680	478	40182	406	315	0	41381
17681	39260	496	530	222	0	40508
17682	798	571	173	38861	0	40403
17683	872	248	38753	520	0	40393
17684	38800	197	422	577	0	39996
17685	829	220	485	38838	0	40372
17686	919	204	39258	461	0	40842
17687	583	193	398	39304	0	40478
17688	572	176	534	38897	0	40179
17689	585	159	217	39113	0	40074
17690	546	39144	180	831	0	40701
17691	39669	426	190	587	0	40872
17692	841	514	159	38966	0	40480
17693	863	39515	155	544	0	41077
17694	575	477	122	39905	0	41079
17695	500	588	39571	592	0	41251
17696	519	39697	394	612	0	41222
17697	39526	481	507	304	0	40818
17698	39373	613	197	258	0	40441
17699	991	271	144	38372	0	39778
17700	746	267	167	39186	0	40366
17701	39246	255	177	844	0	40522
17702	38070	193	207	638	0	39108
17703	943	38980	171	361	0	40455
17704	34888	385	201	271	0	35745
17705	636	375	32969	195	0	34175
17706	630	119	32178	205	0	33132
17707	241	31256	503	262	0	32262
17708	141	29279	350	175	0	29945
17709	25442	311	627	106	0	26486
17710	200	25648	83	138	0	26069
17711	24143	135	91	65	0	24434
17712	23461	120	53	71	0	23705
17713	23220	43	38	62	0	23363
17714	230	27	30	23399	0	23686
17715	23580	26	40	155	0	23801
17716	160	27	23394	145	0	23726
17717	166	14	23380	71	0	23631
17718	80	23606	201	85	0	23972
17719	68	107	23913	58	0	24146
17720	61	113	134	22855	0	23163
17721	71	27	23649	153	0	23900
17722	64	23	23498	161	0	23746
17723	39	30	219	23325	0	23613
17724	23541	28	128	144	0	23841
17725	23227	32	57	137	0	23453
17726	233	38	24665	74	0	25010
17727	23975	40	136	83	0	24234
17728	164	45	25230	42	0	25481
17729	24643	37	150	61	0	24891
17730	25590	51	130	48	0	25819
17731	256	32	50	25424	0	25762
17732	165	40	33	24505	0	24743
17733	75	24346	52	256	0	24729
17734	47	24851	42	176	0	25116
17735	85	196	51	24341	0	24673
17736	69	135	57	24400	0	24661
17737	23771	52	39	225	0	24087
17738	130	23790	50	163	0	24133
17739	23535	119	49	74	0	23777
17740	124	23831	51	93	0	24099
17741	128	144	23389	52	0	23713
17742	74	156	116	22940	0	23286
17743	22989	47	108	148	0	23292
17744	23336	51	33	147	0	23567
17745	227	24215	43	75	0	24560
17746	158	24864	37	81	0	25140
17747	69	25441	44	62	0	25616
17748	59	327	57	27668	0	28111
17749	122	168	28567	216	0	29073
17750	60	28623	234	275	0	29192
17751	58	265	190	28039	0	28552
17752	34	166	49	28834	0	29083
17753	55	34	28742	384	0	29215
17754	60	25	28459	193	0	28737
17755	28008	24	410	45	0	28487
17756	269	26	29534	27	0	29856
17757	28952	25	246	31	0	29254
17758	28204	29	204	33	0	28470
17759	28305	25	42	28	0	28400
17760	28368	23	34	30	0	28455
17761	434	27	28067	57	0	28585
17762	217	28100	232	72	0	28621
17763	82	274	192	27510	0	28058
17764	66	197	28020	247	0	28530
17765	45	53	250	27337	0	27685
17766	53	27569	223	300	0	28145
17767	56	242	55	28393	0	28746
17768	68	214	38	28177	0	28497
17769	42	77	53	28011	0	28183
17770	27947	56	41	437	0	28481
17771	262	55	56	28071	0	28444
17772	217	47	61	28090	0	28415
17773	81	60	61	27885	0	28087
17774	54	27087	79	442	0	27662
17775	26883	243	72	235	0	27433
17776	280	25769	68	95	0	26212
17777	219	25660	76	67	0	26022
17778	92	392	107	25495	0	26086
17779	91	210	57	25720	0	26078
17780	25646	55	70	424	0	26195
17781	292	48	63	25842	0	26245
17782	26085	48	72	283	0	26488
17783	30717	49	69	226	0	31061
17784	529	65	76	30448	0	31118
17785	402	66	86	30158	0	30712
17786	107	31270	70	680	0	32127
17787	32115	353	70	431	0	32969
17788	373	33664	82	158	0	34277
17789	33703	432	88	129	0	34352
17790	462	416	33127	125	0	34130
17791	32750	97	394	134	0	33375
17792	33627	58	430	134	0	34249
17793	772	75	116	33304	0	34267
17794	494	78	33487	485	0	34544
17795	132	33826	422	581	0	34961
17796	112	458	461	34221	0	35252
17797	158	448	34202	511	0	35319
17798	114	142	461	34094	0	34811
17799	33576	67	462	518	0	34623
17800	519	63	33583	527	0	34692
17801	504	33024	407	188	0	34123
17802	208	33478	426	147	0	34259
17803	217	824	105	29278	0	30424
17804	137	33313	61	372	0	33883
17805	32655	512	73	397	0	33637
17806	32277	453	82	165	0	32977
17807	32653	146	68	174	0	33041
17808	838	109	31950	152	0	33049
17809	32250	101	403	163	0	32917
17810	515	110	406	31371	0	32402
17811	491	97	97	31459	0	32144
17812	151	88	79	31548	0	31866
17813	115	83	157	32185	0	32540
17814	159	91	31352	902	0	32504
17815	175	73	31277	612	0	32137
17816	125	94	31397	253	0	31869
17817	29841	104	810	206	0	30961
17818	484	30594	473	247	0	31798
17819	525	459	115	30283	0	31382
17820	30364	489	102	529	0	31484
17821	487	30666	87	556	0	31796
17822	531	31138	85	217	0	31971
17823	30780	819	95	190	0	31884
17824	30667	513	81	175	0	31436
17825	886	31018	79	209	0	32192
17826	635	472	73	29105	0	30285
17827	272	30266	77	517	0	31132
17828	29589	506	89	512	0	30696
17829	29382	482	84	225	0	30173
17830	29476	198	86	191	0	29951
17831	914	28893	89	248	0	30144
17832	595	462	100	29121	0	30278
17833	241	476	29006	566	0	30289
17834	239	135	453	29006	0	29833
17835	202	112	464	29325	0	30103
17836	227	119	28849	905	0	30100
17837	28266	118	468	610	0	29462
17838	512	134	480	28885	0	30011
17839	531	160	153	28377	0	29221
17840	191	28648	109	927	0	29875
17841	28527	509	106	571	0	29713
17842	530	577	118	27993	0	29218
17843	558	28536	94	558	0	29746
17844	27404	506	116	491	0	28517
17845	481	27486	105	251	0	28323
17846	26019	508	113	158	0	26798
17847	547	470	25550	188	0	26755
17848	434	180	22407	113	0	23134
17849	173	87	21755	118	0	22133
17850	128	21413	614	108	0	22263
17851	232	356	548	18850	0	19986
17852	122	20280	92	270	0	20764
17853	20100	303	70	348	0	20821
17854	308	337	20094	127	0	20866
17855	19696	116	279	105	0	20196
17856	19745	98	327	72	0	20242
17857	586	81	99	19508	0	20274
17858	19894	92	71	282	0	20339
17859	398	58	97	19947	0	20500
17860	373	86	19797	314	0	20570
17861	19520	94	256	345	0	20215
17862	305	19771	320	136	0	20532
17863	391	277	102	19705	0	20475
17864	19641	334	69	283	0	20327
17865	338	132	61	19841	0	20372
17866	378	81	19431	351	0	20241
17867	187	76	260	19266	0	19789
17868	105	19391	315	332	0	20143
17869	19410	293	95	357	0	20155
17870	306	340	77	19252	0	19975
17871	19458	126	63	296	0	19943
17872	357	97	70	19311	0	19835
17873	385	66	66	18656	0	19173
17874	135	19120	65	525	0	19845
17875	19018	270	64	350	0	19702
17876	305	19795	62	149	0	20311
17877	361	293	64	18627	0	19345
17878	113	19089	58	308	0	19568
17879	18746	288	40	341	0	19415
17880	18455	337	61	124	0	18977
17881	18572	98	49	123	0	18842
17882	570	18053	48	125	0	18796
17883	145	13137	29	47	0	13358
17884	12906	243	33	43	0	13225
17885	172	13362	28	58	0	13620
17886	209	388	103	12013	0	12713
17887	101	110	11692	156	0	12059
17888	10131	25	135	82	0	10373
17889	10466	25	73	31	0	10595
17890	10380	17	21	35	0	10453
17891	136	10448	12	47	0	10643
17892	10311	89	19	27	0	10446
17893	116	58	10797	31	0	11002
17894	65	10556	69	29	0	10719
17895	25	152	41	9563	0	9781
17896	11	9654	20	58	0	9743
17897	9294	42	3	33	0	9372
17898	36	9621	2	18	0	9677
17899	35	33	4	9491	0	9563
17900	8	9725	6	36	0	9775
17901	17	37	5	9908	0	9967
17902	8	36	4	9655	0	9703
17903	14	16	9795	60	0	9885
17904	12	13	27	9488	0	9540
17905	9486	5	32	42	0	9565
17906	9461	13	10	39	0	9523
17907	67	9	4	9666	0	9746
17908	48	14	9596	42	0	9700
17909	16	16	30	9548	0	9610
17910	9550	9	27	45	0	9631
17911	10079	10	9	41	0	10139
17912	10277	5	9	11	0	10302
17913	66	10816	9	26	0	10917
17914	10923	37	7	17	0	10984
17915	52	46	10946	10	0	11054
17916	11758	17	29	15	0	11819
17917	46	9	34	12189	0	12278
17918	39	16	17	12175	0	12247
17919	22	16	3	12357	0	12398
17920	12105	12	4	83	0	12204
17921	11718	14	8	51	0	11791
17922	78	17	5	11892	0	11992
17923	53	13	12487	49	0	12602
17924	23	12	38	12301	0	12374
17925	28	12	32	12172	0	12244
17926	18	17	12297	87	0	12419
17927	18	12392	33	69	0	12512
17928	30	45	41	12441	0	12557
17929	12645	40	15	52	0	12752
17930	48	17	11	12660	0	12736
17931	46	16	6	12794	0	12862
17932	12900	10	10	86	0	13006
17933	68	12954	7	71	0	13100
17934	52	13155	4	42	0	13253
17935	13137	75	12	28	0	13252
17936	55	48	13223	20	0	13346
17937	12698	31	42	27	0	12798
17938	71	11	14365	27	0	14474
17939	52	14515	44	29	0	14640
17940	14564	45	34	31	0	14674
17941	14609	45	10	25	0	14689
17942	14704	17	9	33	0	14763
17943	14751	15	7	26	0	14799
17944	97	6	14905	17	0	15025
17945	47	10	43	14643	0	14743
17946	14751	12	42	81	0	14886
17947	57	12	15573	54	0	15696
17948	57	16	15542	24	0	15639
17949	26	15510	65	25	0	15626
17950	15429	47	41	19	0	15536
17951	68	33	10	15306	0	15417
17952	15540	12	4	59	0	15615
17953	40	16023	7	62	0	16132
17954	36	46	6	16989	0	17077
17955	14	34	6	16906	0	16960
17956	19	10	7	17535	0	17571
17957	22	7	17925	103	0	18057
17958	12	18318	56	96	0	18482
17959	19763	67	59	28	0	19917
17960	94	65	14	19717	0	19890
17961	19744	16	16	100	0	19876
17962	19399	15	11	92	0	19517
17963	175	8	7	19608	0	19798
17964	115	7	20293	108	0	20523
17965	43	9	85	20021	0	20158
17966	24	20291	84	109	0	20508
17967	19	90	22	20525	0	20656
17968	24	79	20399	114	0	20616
17969	20063	26	93	106	0	20288
17970	98	13	85	20559	0	20755
17971	20552	8	46	98	0	20704
17972	116	9	20630	102	0	20857
17973	19865	11	88	34	0	19998
17974	125	14	20742	27	0	20908
17975	19673	9	114	26	0	19822
17976	109	20153	81	37	0	20380
17977	91	20530	18	71	0	20710
17978	32	180	19	20529	0	20760
17979	37	115	28	19664	0	19844
17980	19	30	17	20702	0	20768
17981	20715	17	16	190	0	20938
17982	105	13	17	21143	0	21278
17983	114	16	21355	121	0	21606
17984	20728	19	90	106	0	20943
17985	114	21756	91	60	0	22021
17986	21891	83	30	51	0	22055
17987	21019	85	24	36	0	21164
17988	185	27	21892	57	0	22161
17989	121	24	104	21593	0	21842
17990	52	13	92	22657	0	22814
17991	46	37	23141	210	0	23434
17992	39	23095	120	144	0	23398
17993	22685	107	100	53	0	22945
17994	22723	105	36	41	0	22905
17995	204	32	38	22960	0	23234
17996	138	26	33	22810	0	23007
17997	59	21	29	23790	0	23899
17998	23466	20	24	232	0	23742
17999	136	24123	30	197	0	24486
18000	24172	121	34	66	0	24393
18001	23760	106	31	46	0	23943
18002	249	47	25274	43	0	25613
18003	154	31	137	24716	0	25038
18004	69	25815	139	166	0	26189
18005	53	145	44	25817	0	26059
18006	46	159	30	26492	0	26727
18007	62	41	27260	289	0	27652
18008	27941	27	176	196	0	28340
18009	31193	29	177	83	0	31482
18010	32814	31	44	82	0	32971
18011	458	29	47	32557	0	33091
18012	307	59	42	31887	0	32295
18013	87	32366	37	483	0	32973
18014	67	33466	47	310	0	33890
18015	32983	454	35	99	0	33571
18016	290	32878	39	90	0	33297
18017	293	306	32545	114	0	33258
18018	100	252	283	32634	0	33269
18019	33020	59	283	301	0	33663
18020	342	45	32979	294	0	33660
18021	328	53	32739	106	0	33226
18022	32709	36	519	79	0	33343
18023	32497	41	297	84	0	32919
18024	559	41	69	32576	0	33245
18025	367	45	32701	329	0	33442
18026	141	40	273	32965	0	33419
18027	129	80	32750	357	0	33316
18028	133	45	33201	327	0	33706
18029	105	33388	510	244	0	34247
18030	33511	275	328	91	0	34205
18031	33106	288	94	99	0	33587
18032	562	33537	62	132	0	34293
18033	362	331	79	32829	0	33601
18034	159	318	58	32947	0	33482
18035	126	98	72	33821	0	34117
18036	33408	64	62	575	0	34109
18037	351	33088	68	392	0	33899
18038	32453	277	81	129	0	32940
18039	32125	308	82	105	0	32620
18040	583	90	31939	138	0	32750
18041	374	31848	299	161	0	32682
18042	151	342	307	32147	0	32947
18043	142	306	32100	315	0	32863
18044	31190	97	325	346	0	31958
18045	31755	55	345	145	0	32300
18046	31734	58	126	131	0	32049
18047	31509	57	94	131	0	31791
18048	615	63	93	31143	0	31914
18049	411	72	31227	329	0	32039
18050	176	66	312	31278	0	31832
18051	31179	53	330	362	0	31924
18052	30906	68	107	357	0	31438
18053	559	30628	108	170	0	31465
18054	30112	262	90	121	0	30585
18055	384	282	29742	106	0	30514
18056	391	95	29833	92	0	30411
18057	28858	105	510	84	0	29557
18058	342	29208	307	89	0	29946
18059	336	241	130	26800	0	27507
18060	124	27473	56	281	0	27934
18061	117	272	49	27506	0	27944
18062	110	249	50	27376	0	27785
18063	112	88	53	28423	0	28676
18064	27564	83	60	455	0	28162
18065	27500	95	62	288	0	27945
18066	27619	73	52	108	0	27852
18067	514	85	27577	96	0	28272
18068	26999	75	268	100	0	27442
18069	307	64	299	27926	0	28596
18070	349	59	106	28827	0	29341
18071	192	52	28863	466	0	29573
18072	163	53	316	31577	0	32109
18073	32568	65	287	342	0	33262
18074	424	55	32568	349	0	33396
18075	372	44	352	32476	0	33244
18076	32569	56	354	361	0	33340
18077	31923	68	136	358	0	32485
18078	634	62	32571	139	0	33406
18079	441	88	32940	117	0	33586
18080	200	105	553	33033	0	33891
18081	33378	75	341	363	0	34157
18082	33431	73	118	351	0	33973
18083	670	110	102	31642	0	32524
18084	414	33442	94	356	0	34306
18085	32999	317	94	354	0	33764
18086	397	33478	94	516	0	34485
18087	434	321	96	33558	0	34409
18088	211	315	33259	386	0	34171
18089	180	109	32551	368	0	33208
18090	175	63	33027	162	0	33427
18091	192	62	625	31524	0	32403
18092	188	68	371	32148	0	32775
18093	32189	57	131	589	0	32966
18094	404	31877	112	443	0	32836
18095	32300	288	105	154	0	32847
18096	454	334	88	30943	0	31819
18097	416	31648	105	362	0	32531
18098	183	32317	102	396	0	32998
18099	186	546	84	31700	0	32516
18100	31670	311	106	356	0	32443
18101	414	31831	84	412	0	32741
18102	30441	283	77	137	0	30938
18103	406	31043	97	184	0	31730
18104	30554	316	135	105	0	31110
18105	434	288	30176	117	0	31015
18106	395	106	29757	102	0	30360
18107	149	29077	504	136	0	29866
18108	26144	530	693	96	0	27463
18109	233	24508	88	93	0	24922
18110	216	22599	75	74	0	22964
18111	205	326	65	22588	0	23184
18112	22579	149	83	160	0	22971
18113	185	22742	50	243	0	23220
18114	22175	152	44	49	0	22420
18115	179	22172	34	85	0	22470
18116	21681	150	31	33	0	21895
18117	150	21628	25	40	0	21843
18118	156	21755	21	58	0	21990
18119	75	286	18	20949	0	21328
18120	33	21565	27	139	0	21764
18121	21334	137	32	120	0	21623
18122	141	139	21272	41	0	21593
18123	158	30	136	21141	0	21465
18124	40	55	21699	144	0	21938
18125	32	32	143	20881	0	21088
18126	39	38	134	21085	0	21296
18127	54	33	20344	246	0	20677
18128	18368	37	147	164	0	18716
18129	156	19879	140	112	0	20287
18130	20087	140	44	65	0	20336
18131	172	20423	40	70	0	20705
18132	159	165	28	20106	0	20458
18133	20092	139	37	149	0	20417
18134	19750	58	57	137	0	20002
18135	20170	61	48	54	0	20333
18136	276	63	33	20055	0	20427
18137	183	57	28	19935	0	20203
18138	97	20662	34	255	0	21048
18139	20746	176	45	155	0	21122
18140	20700	162	45	42	0	20949
18141	20358	93	53	49	0	20553
18142	20387	74	45	57	0	20563
18143	260	20317	51	88	0	20716
18144	158	168	65	20405	0	20796
18145	90	168	20432	152	0	20842
18146	19742	71	167	159	0	20139
18147	20478	69	140	90	0	20777
18148	295	78	20803	61	0	21237
18149	199	85	20787	54	0	21125
18150	109	81	246	20468	0	20904
18151	101	94	145	20795	0	21135
18152	99	92	40	21174	0	21405
18153	20719	107	33	281	0	21140
18154	212	111	34	20801	0	21158
18155	192	87	20347	197	0	20823
18156	125	86	157	20543	0	20911
18157	88	86	20989	187	0	21350
18158	90	88	180	20457	0	20815
18159	96	70	138	21539	0	21843
18160	89	79	21787	291	0	22246
18161	20104	68	197	193	0	20562
18162	206	21825	168	76	0	22275
18163	21834	224	45	56	0	22159
18164	235	205	41	22710	0	23191
18165	22839	119	32	197	0	23187
18166	230	24456	27	233	0	24946
18167	226	25876	41	121	0	26264
18168	104	619	35	28454	0	29212
18169	119	260	30013	292	0	30684
18170	117	98	29360	278	0	29853
18171	88	29447	512	137	0	30184
18172	25521	323	271	48	0	26163
18173	264	214	69	25221	0	25768
18174	25147	70	37	264	0	25518
18175	285	24942	24	245	0	25496
18176	217	25483	30	101	0	25831
18177	74	453	40	25459	0	26026
18178	24810	230	42	274	0	25356
18179	24732	68	30	208	0	25038
18180	451	28	24734	83	0	25296
18181	289	20	24103	56	0	24468
18182	23536	33	424	52	0	24045
18183	272	24154	217	49	0	24692
18184	23839	251	54	52	0	24196
18185	299	205	45	23576	0	24125
18186	246	60	23322	250	0	23878
18187	22268	40	263	205	0	22776
18188	260	22854	210	88	0	23412
18189	202	23148	70	59	0	23479
18190	160	427	73	22708	0	23368
18191	22858	213	52	266	0	23389
18192	260	86	40	23042	0	23428
18193	23483	48	59	288	0	23878
18194	324	67	22770	200	0	23361
18195	22510	72	266	72	0	22920
18196	22946	58	175	63	0	23242
18197	467	47	22496	71	0	23081
18198	21845	46	251	48	0	22190
18199	296	22275	195	67	0	22833
18200	229	268	64	21604	0	22165
18201	105	22241	50	254	0	22650
18202	22291	276	52	187	0	22806
18203	299	195	65	21466	0	22025
18204	233	21837	70	250	0	22390
18205	128	260	67	21388	0	21843
18206	90	21820	50	320	0	22280
18207	85	308	40	21866	0	22299
18208	21669	229	37	287	0	22222
18209	274	99	47	21782	0	22202
18210	253	61	21517	312	0	22143
18211	21028	70	256	232	0	21586
18212	311	73	186	21413	0	21983
18213	253	73	21178	297	0	21801
18214	157	75	20751	234	0	21217
18215	144	71	21436	115	0	21766
18216	107	80	426	20984	0	21597
18217	122	69	263	21115	0	21569
18218	121	84	115	20987	0	21307
18219	116	84	95	21505	0	21800
18220	21305	62	98	459	0	21924
18221	21346	82	106	270	0	21804
18222	21558	91	109	124	0	21882
18223	21872	116	93	120	0	22201
18224	528	115	67	21561	0	22271
18225	340	123	21916	339	0	22718
18226	21751	98	256	289	0	22394
18227	22332	119	212	143	0	22806
18228	511	120	90	21971	0	22692
18229	340	118	77	22423	0	22958
18230	22462	111	79	484	0	23136
18231	405	83	85	21725	0	22298
18232	306	21971	118	372	0	22767
18233	22165	297	139	271	0	22872
18234	21838	248	131	177	0	22394
18235	550	124	22575	154	0	23403
18236	357	91	342	21997	0	22787
18237	190	109	280	22501	0	23080
18238	22343	85	156	517	0	23101
18239	22434	110	130	349	0	23023
18240	580	111	95	22504	0	23290
18241	399	110	22412	405	0	23326
18242	234	119	22681	332	0	23366
18243	235	85	455	22415	0	23190
18244	245	111	278	22722	0	23356
18245	22434	65	130	515	0	23144
18246	451	22310	124	368	0	23253
18247	399	22192	120	186	0	22897
18248	235	22617	119	156	0	23127
18249	268	498	137	22043	0	22946
18250	21996	258	99	357	0	22710
18251	21781	137	86	308	0	22312
18252	547	21962	67	211	0	22787
18253	22136	326	74	163	0	22699
18254	432	244	66	21930	0	22672
18255	321	149	22299	395	0	23164
18256	219	121	259	21920	0	22519
18257	193	102	202	21715	0	22212
18258	165	113	104	21969	0	22351
18259	21157	64	86	537	0	21844
18260	376	102	82	20544	0	21104
18261	309	20547	97	431	0	21384
18262	19907	242	176	297	0	20622
18263	341	19951	114	201	0	20607
18264	232	19093	105	145	0	19575
18265	153	19453	108	124	0	19838
18266	237	301	17271	115	0	17924
18267	77	16182	252	122	0	16633
18268	118	172	12639	59	0	12988
18269	10357	104	122	40	0	10623
18270	10826	16	34	30	0	10906
18271	79	14	11450	19	0	11562
18272	11193	7	48	19	0	11267
18273	11752	8	31	21	0	11812
18274	77	11	11985	24	0	12097
18275	36	12298	36	28	0	12398
18276	36	45	40	12202	0	12323
18277	12347	29	28	46	0	12450
18278	41	16	11	12258	0	12326
18279	12810	15	5	56	0	12886
18280	12516	12	12	48	0	12588
18281	70	11	12841	26	0	12948
18282	12621	9	29	28	0	12687
18283	42	13121	33	22	0	13218
18284	13261	46	12	20	0	13339
18285	47	43	9	13284	0	13383
18286	55	18	13276	49	0	13398
18287	20	25	35	13132	0	13212
18288	13110	14	39	62	0	13225
18289	44	13091	12	89	0	13236
18290	47	44	13191	27	0	13309
18291	35	37	41	12758	0	12871
18292	40	26	13287	47	0	13400
18293	18	13411	47	50	0	13526
18294	13324	42	46	26	0	13438
18295	57	45	9	13306	0	13417
18296	58	15	13507	51	0	13631
18297	38	15	13159	50	0	13262
18298	13462	18	64	30	0	13574
18299	50	25	47	13786	0	13908
18300	57	23	19	13779	0	13878
18301	42	20	14108	86	0	14256
18302	41	18	14083	55	0	14197
18303	37	14797	75	30	0	14939
18304	33	43	54	14727	0	14857
18305	37	52	28	14628	0	14745
18306	33	15056	18	75	0	15182
18307	34	44	15057	54	0	15189
18308	13967	50	52	34	0	14103
18309	61	16	49	15034	0	15160
18310	64	21	15395	64	0	15544
18311	30	23	54	14782	0	14889
18312	34	15368	50	70	0	15522
18313	48	47	15328	59	0	15482
18314	14358	48	70	39	0	14515
18315	97	21	15437	41	0	15596
18316	75	29	15102	24	0	15230
18317	44	22	14907	28	0	15001
18318	36	31	15880	28	0	15975
18319	23	28	102	15912	0	16065
18320	51	12	17063	66	0	17192
18321	35	23	67	16435	0	16560
18322	31	17097	64	92	0	17284
18323	18235	70	24	80	0	18409
18324	81	65	27	18547	0	18720
18325	94	26	18555	91	0	18766
18326	28	18637	94	132	0	18891
18327	20	101	91	18563	0	18775
18328	18577	87	26	103	0	18793
18329	91	18761	30	137	0	19019
18330	96	83	21	18959	0	19159
18331	19046	83	25	107	0	19261
18332	98	22	19134	89	0	19343
18333	18824	15	97	28	0	18964
18334	101	16	19453	18	0	19588
18335	18151	17	103	17	0	18288
18336	18432	5	87	15	0	18539
18337	162	13	18768	14	0	18957
18338	79	18409	77	30	0	18595
18339	23	125	98	17774	0	18020
18340	19	71	18656	85	0	18831
18341	7	27	74	17890	0	17998
18342	16	15	67	18062	0	18160
18343	12	9	18439	147	0	18607
18344	18	12	18352	89	0	18471
18345	8	21	142	18416	0	18587
18346	18787	3	91	84	0	18965
18347	74	18699	23	96	0	18892
18348	72	18708	29	23	0	18832
18349	18880	145	13	17	0	19055
18350	18995	82	15	24	0	19116
18351	180	15	22	19125	0	19342
18352	88	25	17	18986	0	19116
18353	16	18	24	19447	0	19505
18354	19161	11	13	166	0	19351
18355	80	18547	25	117	0	18769
18356	88	18898	25	35	0	19046
18357	20	164	20	18907	0	19111
18358	21	85	21	18877	0	19004
18359	27	29	19	19053	0	19128
18360	18961	5	36	172	0	19174
18361	89	19214	25	155	0	19483
18362	19561	90	26	35	0	19712
18363	120	81	19612	37	0	19850
18364	99	19768	99	38	0	20004
18365	29	97	103	19588	0	19817
18366	19453	98	59	120	0	19730
18367	125	30	19552	109	0	19816
18368	122	19	19634	47	0	19822
18369	40	16	189	19576	0	19821
18370	24	26	141	19265	0	19456
18371	24	28	46	19108	0	19206
18372	35	33	25	18617	0	18710
18373	39	29	33	18526	0	18627
18374	25	18299	25	269	0	18618
18375	26	111	35	18376	0	18548
18376	18095	113	38	138	0	18384
18377	117	18278	27	163	0	18585
18378	18160	109	37	63	0	18369
18379	158	118	17798	45	0	18119
18380	118	47	17971	65	0	18201
18381	68	26	200	18481	0	18775
18382	68	38	23413	163	0	23682
18383	59	41	191	23092	0	23383
18384	48	39	258	23274	0	23619
18385	23961	36	88	397	0	24482
18386	23738	31	52	286	0	24107
18387	409	25255	71	99	0	25834
18388	287	26026	52	89	0	26454
18389	88	436	45	26084	0	26653
18390	26145	298	72	253	0	26768
18391	236	91	26566	306	0	27199
18392	273	68	221	26231	0	26793
18393	103	47	294	26251	0	26695
18394	83	47	26305	505	0	26940
18395	58	26186	239	449	0	26932
18396	84	228	277	26139	0	26728
18397	78	292	26383	288	0	27041
18398	82	84	231	26084	0	26481
18399	25295	45	290	288	0	25918
18400	252	25388	92	344	0	26076
18401	297	25578	55	145	0	26075
18402	105	468	68	25361	0	26002
18403	24640	314	52	278	0	25284
18404	250	24856	59	344	0	25509
18405	25089	240	66	128	0	25523
18406	276	297	24899	121	0	25593
18407	313	97	25362	133	0	25905
18408	103	80	491	24016	0	24690
18409	83	60	328	25661	0	26132
18410	25162	71	108	532	0	25873
18411	294	88	55	25266	0	25703
18412	342	90	25264	360	0	26056
18413	134	97	266	24552	0	25049
18414	90	87	279	25473	0	25929
18415	101	61	24907	552	0	25621
18416	23646	63	285	388	0	24382
18417	259	72	310	24805	0	25446
18418	24040	60	104	316	0	24520
18419	264	23146	76	348	0	23834
18420	22725	232	64	143	0	23164
18421	252	22742	65	135	0	23194
18422	261	22588	70	142	0	23061
18423	239	499	150	20936	0	21824
18424	20710	255	134	241	0	21340
18425	20524	90	47	273	0	20934
18426	377	79	32	20457	0	20945
18427	20583	65	54	251	0	20953
18428	20300	59	54	283	0	20696
18429	414	72	53	20443	0	20982
18430	20153	72	50	238	0	20513
18431	282	20343	59	331	0	21015
18432	20347	216	71	125	0	20759
18433	270	269	20241	124	0	20904
18434	20585	113	278	139	0	21115
18435	297	64	249	20633	0	21243
18436	319	47	101	20875	0	21342
18437	182	63	109	20714	0	21068
18438	185	68	86	20785	0	21124
18439	78	144	87	20693	0	21002
18440	89	19874	109	509	0	20581
18441	91	20329	92	459	0	20971
18442	20201	380	117	216	0	20914
18443	260	295	20274	170	0	20999
18444	19912	128	226	240	0	20506
18445	296	109	20264	251	0	20920
18446	326	138	325	19420	0	20209
18447	134	225	264	19951	0	20574
18448	19599	132	100	565	0	20396
18449	290	128	19676	371	0	20465
18450	366	114	214	19703	0	20397
18451	248	107	20399	342	0	21096
18452	182	20733	294	330	0	21539
18453	148	314	285	20944	0	21691
18454	20859	273	109	444	0	21685
18455	20103	140	102	359	0	20704
18456	21107	189	74	211	0	21581
18457	573	21044	94	229	0	21940
18458	381	21538	199	182	0	22300
18459	20668	451	210	202	0	21531
18460	307	21486	114	322	0	22229
18461	327	21379	129	307	0	22142
18462	263	411	21033	241	0	21948
18463	165	20922	237	304	0	21628
18464	118	20592	341	236	0	21287
18465	160	455	107	20516	0	21238
18466	134	331	20585	382	0	21432
18467	176	143	20304	309	0	20932
18468	19750	134	417	198	0	20499
18469	333	97	20573	243	0	21246
18470	20725	98	274	147	0	21244
18471	361	163	267	20298	0	21089
18472	455	20840	89	328	0	21712
18473	21410	297	80	313	0	22100
18474	21766	375	83	173	0	22397
18475	546	107	67	21825	0	22545
18476	469	105	105	21698	0	22377
18477	314	113	76	22002	0	22505
18478	21682	86	71	618	0	22457
18479	21418	96	68	373	0	21955
18480	21588	91	73	186	0	21938
18481	545	20570	31	277	0	21423
18482	15796	129	38	53	0	16016
18483	182	15525	26	65	0	15798
18484	140	15261	30	75	0	15506
18485	161	484	83	14008	0	14736
18486	120	14259	63	112	0	14554
18487	13256	94	74	87	0	13511
18488	112	91	11	12966	0	13180
18489	12612	35	17	85	0	12749
18490	100	12346	12	66	0	12524
18491	59	12655	17	55	0	12786
18492	12781	114	14	32	0	12941
18493	75	13161	27	46	0	13309
18494	79	82	25	13188	0	13374
18495	49	65	50	13258	0	13422
18496	13323	18	9	113	0	13463
18497	85	20	14	13429	0	13548
18498	77	26	13743	83	0	13929
18499	29	27	76	13760	0	13892
18500	14121	21	54	96	0	14292
18501	102	14591	15	66	0	14774
18502	15456	100	14	27	0	15597
18503	15207	79	21	20	0	15327
18504	15370	37	12	29	0	15448
18505	199	28	15508	22	0	15757
18506	101	42	15095	18	0	15256
18507	14677	35	152	12	0	14876
18508	109	15030	83	21	0	15243
18509	94	114	22	15046	0	15276
18510	33	108	22	14869	0	15032
18511	21	14868	21	168	0	15078
18512	33	15136	19	89	0	15277
18513	30	174	30	15135	0	15369
18514	41	122	30	15145	0	15338
18515	33	57	15110	162	0	15362
18516	38	58	14651	90	0	14837
18517	14584	58	165	45	0	14852
18518	15305	48	94	42	0	15489
18519	179	32	38	15363	0	15612
18520	124	26	15412	115	0	15677
18521	63	23	124	15261	0	15471
18522	15228	25	106	117	0	15476
18523	153	21	15350	101	0	15625
18524	127	33	100	15681	0	15941
18525	64	46	15995	125	0	16230
18526	67	15807	101	148	0	16123
18527	75	121	15890	45	0	16131
18528	69	116	106	15644	0	15935
18529	15758	38	87	151	0	16034
18530	127	42	16	16003	0	16188
18531	16119	35	20	140	0	16314
18532	16041	32	23	101	0	16197
18533	15644	39	23	38	0	15744
18534	226	52	15531	29	0	15838
18535	15471	56	93	41	0	15661
18536	159	54	91	15597	0	15901
18537	115	54	23	15705	0	15897
18538	81	48	15594	203	0	15926
18539	49	58	95	15636	0	15838
18540	15723	50	91	148	0	16012
18541	153	15987	28	140	0	16308
18542	16231	122	29	63	0	16445
18543	16208	98	26	61	0	16393
18544	16243	67	18	61	0	16389
18545	212	54	14	16309	0	16589
18546	137	43	16543	138	0	16861
18547	62	42	106	16911	0	17121
18548	61	34	88	16997	0	17180
18549	17051	34	48	222	0	17355
18550	16215	27	42	138	0	16422
18551	229	25	16264	62	0	16580
18552	123	41	120	16151	0	16435
18553	71	27	16484	161	0	16743
18554	16611	54	144	114	0	16923
18555	169	18335	100	82	0	18686
18556	18262	145	36	37	0	18480
18557	172	18962	21	56	0	19211
18558	18655	165	26	36	0	18882
18559	172	18873	26	35	0	19106
18560	163	166	21	18493	0	18843
18561	59	122	20	19019	0	19220
18562	19078	29	16	263	0	19386
18563	18834	8	17	150	0	19009
18564	19107	14	22	41	0	19184
18565	18573	21	23	42	0	18659
18566	18910	11	24	37	0	18982
18567	280	7	23	18578	0	18888
18568	153	18547	24	197	0	18921
18569	45	154	26	18280	0	18505
18570	44	18413	18	190	0	18665
18571	44	209	28	17852	0	18133
18572	36	18181	18	195	0	18430
18573	41	167	14	17979	0	18201
18574	42	108	17511	181	0	17842
18575	16684	25	148	131	0	16988
18576	171	17395	107	60	0	17733
18577	17424	153	34	27	0	17638
18578	195	110	17312	36	0	17653
18579	16915	32	152	37	0	17136
18580	190	17	18071	32	0	18310
18581	135	28	167	17923	0	18253
18582	46	19673	124	195	0	20038
18583	65	209	19775	132	0	20181
18584	57	156	183	19769	0	20165
18585	19413	49	151	220	0	19833
18586	216	43	27	20098	0	20384
18587	186	16	30	20125	0	20357
18588	65	25	13	20516	0	20619
18589	51	25	20276	351	0	20703
18590	54	27	183	19961	0	20225
18591	49	19830	148	268	0	20295
18592	59	187	43	19675	0	19964
18593	51	163	20	19723	0	19957
18594	19531	45	24	348	0	19948
18595	216	29	23	19950	0	20218
18596	198	34	20019	233	0	20484
18597	79	26	19814	191	0	20110
18598	57	27	19960	77	0	20121
18599	46	19857	355	54	0	20312
18600	19132	191	304	73	0	19700
18601	190	19211	53	65	0	19519
18602	18593	196	42	40	0	18871
18603	213	173	24	18370	0	18780
18604	213	48	18725	191	0	19177
18605	79	38	18478	185	0	18780
18606	65	19395	308	92	0	19860
18607	54	194	194	18775	0	19217
18608	52	192	59	18852	0	19155
18609	48	63	33	19334	0	19478
18610	52	42	19264	390	0	19748
18611	18316	43	196	260	0	18815
18612	224	32	19390	129	0	19775
18613	225	37	201	18753	0	19216
18614	93	34	188	19528	0	19843
18615	85	35	19323	387	0	19830
18616	18549	44	213	254	0	19060
18617	222	19384	197	115	0	19918
18618	19343	216	59	79	0	19697
18619	268	200	51	18613	0	19132
18620	195	19317	39	234	0	19785
18621	103	228	43	19493	0	19867
18622	19339	210	53	265	0	19867
18623	236	89	62	19267	0	19654
18624	236	51	18865	276	0	19428
18625	18341	80	224	234	0	18879
18626	18617	46	212	112	0	18987
18627	410	71	18555	94	0	19130
18628	273	53	225	18466	0	19017
18629	18760	49	211	279	0	19299
18630	267	45	92	18478	0	18882
18631	244	50	81	17919	0	18294
18632	108	52	70	18185	0	18415
18633	83	58	71	18324	0	18536
18634	87	52	17870	452	0	18461
18635	74	63	228	17948	0	18313
18636	67	54	17931	350	0	18402
18637	17410	41	274	294	0	18019
18638	17675	59	244	162	0	18140
18639	17710	57	112	128	0	18007
18640	17715	76	83	125	0	17999
18641	418	56	99	17264	0	17837
18642	17023	62	101	287	0	17473
18643	302	49	16872	273	0	17496
18644	254	64	16716	142	0	17176
18645	15973	53	393	125	0	16544
18646	233	16305	272	125	0	16935
18647	235	16032	98	128	0	16493
18648	104	352	122	15871	0	16449
18649	100	195	15931	282	0	16508
18650	15112	103	248	276	0	15739
18651	244	50	15984	145	0	16423
18652	210	15264	219	201	0	15894
18653	110	168	15233	140	0	15651
18654	82	14258	213	145	0	14698
18655	12583	207	283	115	0	13188
18656	150	12724	91	108	0	13073
18657	153	11955	63	133	0	12304
18658	93	251	78	11930	0	12352
18659	92	137	11870	192	0	12291
18660	68	63	156	11622	0	11909
18661	75	42	158	11713	0	11988
18662	73	33	11578	274	0	11958
18663	90	39	156	11157	0	11442
18664	74	11350	169	182	0	11775
18665	80	134	100	11547	0	11861
18666	11437	136	73	178	0	11824
18667	171	51	71	11567	0	11860
18668	181	49	11575	191	0	11996
18669	94	48	157	11665	0	11964
18670	70	46	11555	205	0	11876
18671	11299	44	177	197	0	11717
18672	159	47	181	11625	0	12012
18673	11688	55	94	199	0	12036
18674	182	50	11626	198	0	12056
18675	11043	50	160	118	0	11371
18676	158	11626	162	130	0	12076
18677	171	125	11866	104	0	12266
18678	105	204	159	11562	0	12030
18679	92	52	12005	184	0	12333
18680	66	11242	159	191	0	11658
18681	85	11541	163	93	0	11882
18682	9684	164	51	61	0	9960
18683	97	10413	41	89	0	10640
18684	10475	87	40	61	0	10663
18685	106	107	38	10739	0	10990
18686	122	29	10688	124	0	10963
18687	49	10824	97	145	0	11115
18688	47	88	123	10763	0	11021
18689	42	107	42	10919	0	11110
18690	43	33	39	11276	0	11391
18691	54	33	41	11017	0	11145
18692	54	11010	43	196	0	11303
18693	47	11216	31	148	0	11442
18694	10745	163	34	64	0	11006
18695	119	10820	48	52	0	11039
18696	94	96	30	10390	0	10610
18697	43	92	10412	110	0	10657
18698	34	10347	92	139	0	10612
18699	42	98	92	10021	0	10253
18700	31	121	29	9972	0	10153
18701	22	10075	30	166	0	10293
18702	9805	88	30	108	0	10031
18703	102	93	9845	33	0	10073
18704	9133	26	83	25	0	9267
18705	85	9536	78	29	0	9728
18706	8678	73	17	20	0	8788
18707	69	9053	13	19	0	9154
18708	69	92	21	9595	0	9777
18709	22	101	9	9701	0	9833
18710	9612	27	17	172	0	9828
18711	87	18	13	9763	0	9881
18712	101	25	9732	101	0	9959
18713	19	9544	72	124	0	9759
18714	10	9605	96	40	0	9751
18715	12	181	18	9497	0	9708
18716	21	116	9600	78	0	9815
18717	16	33	68	9297	0	9414
18718	9	29	118	9420	0	9576
18719	12	17	9375	163	0	9567
18720	27	13	9179	117	0	9336
18721	10	9358	143	38	0	9549
18722	9436	72	97	38	0	9643
18723	68	102	23	9273	0	9466
18724	95	9173	24	74	0	9366
18725	9357	81	8	101	0	9547
18726	69	105	19	9322	0	9515
18727	108	27	10	9205	0	9350
18728	19	9262	9	160	0	9450
18729	23	90	15	9207	0	9335
18730	9202	110	19	94	0	9425
18731	75	35	11	9342	0	9463
18732	99	42	7	9355	0	9503
18733	39	17	9247	173	0	9476
18734	26	34	8921	137	0	9118
18735	9092	23	152	43	0	9310
18736	77	34	109	9125	0	9345
18737	106	27	33	9068	0	9234
18738	26	35	25	9315	0	9401
18739	31	29	9117	176	0	9353
18740	8913	29	73	144	0	9159
18741	74	28	109	9039	0	9250
18742	102	31	36	9140	0	9309
18743	9026	29	29	189	0	9273
18744	75	9028	23	193	0	9319
18745	115	78	9037	71	0	9301
18746	27	118	88	8612	0	8845
18747	36	8883	108	105	0	9132
18748	24	91	35	9061	0	9211
18749	8812	111	31	118	0	9072
18750	82	43	30	8878	0	9033
18751	8708	50	24	114	0	8896
18752	8572	31	17	153	0	8773
18753	169	32	26	8531	0	8758
18754	121	8523	23	134	0	8801
18755	37	8692	32	158	0	8919
18756	36	158	8676	75	0	8945
18757	43	130	90	8324	0	8587
18758	36	49	111	8547	0	8743
18759	38	33	45	8727	0	8843
18760	8587	28	34	201	0	8850
18761	93	36	23	8709	0	8861
18762	125	32	8792	143	0	9092
18763	8715	25	83	162	0	8985
18764	102	31	102	9151	0	9386
18765	130	28	51	9321	0	9530
18766	48	28	9277	213	0	9566
18767	8868	35	85	173	0	9161
18768	106	33	111	9233	0	9483
18769	125	32	9662	147	0	9966
18770	45	27	99	9644	0	9815
18771	37	53	122	8840	0	9052
18772	37	9630	53	193	0	9913
18773	9559	79	52	143	0	9833
18774	9404	108	32	88	0	9632
18775	177	9448	24	93	0	9742
18776	9399	92	34	71	0	9596
18777	9063	120	35	55	0	9273
18778	198	45	25	9211	0	9479
18779	139	27	9025	132	0	9323
18780	55	27	8698	166	0	8946
18781	53	34	8587	79	0	8753
18782	42	40	8846	75	0	9003
18783	50	170	234	7796	0	8250
18784	37	35	130	8107	0	8309
18785	28	16	33	7993	0	8070
18786	32	20	29	8226	0	8307
18787	8146	17	33	187	0	8383
18788	98	8380	29	150	0	8657
18789	8495	70	31	69	0	8665
18790	118	75	8526	48	0	8767
18791	88	23	8909	59	0	9079
18792	45	58	142	9096	0	9341
18793	9167	11	150	116	0	9444
18794	8212	20	46	121	0	8399
18795	144	9166	32	66	0	9408
18796	83	9305	23	50	0	9461
18797	40	131	5	9319	0	9495
18798	9331	80	29	94	0	9534
18799	79	9418	25	91	0	9613
18800	9538	78	21	43	0	9680
18801	9337	77	16	36	0	9466
18802	9494	21	17	41	0	9573
18803	160	10	9758	35	0	9963
18804	90	9877	83	45	0	10095
18805	9748	73	82	27	0	9930
18806	9642	60	30	24	0	9756
18807	118	9471	25	43	0	9657
18808	22	8766	7	16	0	8811
18809	8780	69	9	13	0	8871
18810	57	24	6	8775	0	8862
18811	32	11	8939	62	0	9044
18812	8552	8	54	23	0	8637
18813	66	5	21	8864	0	8956
18814	28	9271	8	73	0	9380
18815	11	57	10	9420	0	9498
18816	17	23	9516	60	0	9616
18817	8	11	60	9410	0	9489
18818	9834	6	24	70	0	9934
18819	66	6	8	9943	0	10023
18820	34	12	5	9994	0	10045
18821	16	9	10477	87	0	10589
18822	14	6	62	10139	0	10221
18823	10	10477	25	76	0	10588
18824	10411	59	11	32	0	10513
18825	9976	32	8	21	0	10037
18826	87	15	10634	14	0	10750
18827	40	5	67	10288	0	10400
18828	18	10467	29	57	0	10571
18829	9	10688	11	45	0	10753
18830	10661	81	11	13	0	10766
18831	67	27	5	10791	0	10890
18832	41	16	10845	73	0	10975
18833	18	12	10823	31	0	10884
18834	12	6	84	10822	0	10924
18835	10799	8	35	76	0	10918
18836	10650	7	13	39	0	10709
18837	103	3	4	11234	0	11344
18838	43	7	11477	85	0	11612
18839	16	11476	63	67	0	11622
18840	11498	64	33	11	0	11606
18841	66	11690	7	21	0	11784
18842	11675	67	12	11	0	11765
18843	77	34	13	11657	0	11781
18844	41	11	11797	76	0	11925
18845	14	10	71	11628	0	11723
18846	11759	8	32	85	0	11884
18847	75	14	11954	53	0	12096
18848	42	12032	71	17	0	12162
18849	23	78	36	11909	0	12046
18850	12076	31	20	69	0	12196
18851	75	15	12187	37	0	12314
18852	47	11	64	12266	0	12388
18853	26	14	35	12483	0	12558
18854	31	11	12647	98	0	12787
18855	16	9	73	12411	0	12509
18856	19	13	12626	85	0	12743
18857	11884	11	81	46	0	12022
18858	78	14	36	12999	0	13127
18859	51	21	13640	80	0	13792
18860	27	13940	76	75	0	14118
18861	14264	88	50	24	0	14426
18862	15167	52	14	30	0	15263
18863	177	35	23	17637	0	17872
18864	87	18961	12	137	0	19197
18865	18949	167	13	93	0	19222
18866	181	120	18	18911	0	19230
18867	122	33	19012	187	0	19354
18868	18281	17	168	119	0	18585
18869	171	18638	112	50	0	18971
18870	114	163	29	18725	0	19031
18871	18752	108	21	176	0	19057
18872	183	30	18639	119	0	18971
18873	115	13	18872	40	0	19040
18874	40	25	259	18133	0	18457
18875	37	8	19160	187	0	19392
18876	25	22	194	18425	0	18666
18877	27	18965	122	191	0	19305
18878	24	173	35	19309	0	19541
18879	19124	107	22	224	0	19477
18880	184	23	19336	139	0	19682
18881	115	19470	175	78	0	19838
18882	39	177	118	19073	0	19407
18883	40	113	19622	200	0	19975
18884	23	60	162	18637	0	18882
18885	18	19122	135	176	0	19451
18886	29	19604	30	136	0	19799
18887	18923	242	18	52	0	19235
18888	139	19552	22	48	0	19761
18889	120	160	19050	25	0	19355
18890	17700	119	189	32	0	18040
18891	175	33	18948	21	0	19177
18892	116	24	155	17857	0	18152
18893	37	40	18882	153	0	19112
18894	13	18725	155	131	0	19024
18895	50	138	117	18493	0	18798
18896	22	107	36	18219	0	18384
18897	20	29	15	18422	0	18486
18898	31	21	18510	249	0	18811
18899	30	18	142	18167	0	18357
18900	23	13	112	18388	0	18536
18901	18120	23	43	241	0	18427
18902	17687	20	28	149	0	17884
18903	235	18	18312	51	0	18616
18904	118	18136	155	66	0	18475
18905	49	147	18275	36	0	18507
18906	25	108	157	18128	0	18418
18907	32	33	18649	152	0	18866
18908	30	18	172	18280	0	18500
18909	21	32	116	18639	0	18808
18910	31	27	18665	245	0	18968
18911	17070	15	166	155	0	17406
18912	140	18859	136	62	0	19197
18913	105	162	43	18774	0	19084
18914	58	117	19482	162	0	19819
18915	28	49	19165	131	0	19373
18916	18467	24	242	73	0	18806
18917	145	19203	144	45	0	19537
18918	110	148	51	19035	0	19344
18919	19389	117	30	162	0	19698
18920	144	37	41	19341	0	19563
18921	118	35	33	19494	0	19680
18922	52	40	19674	258	0	20024
18923	18611	41	165	162	0	18979
18924	19550	30	132	56	0	19768
18925	247	25	64	19603	0	19939
18926	19563	41	44	197	0	19845
18927	170	34	47	19519	0	19770
18928	130	19203	45	235	0	19613
18929	55	19744	49	162	0	20010
18930	36	256	53	19782	0	20127
18931	19518	145	39	195	0	19897
18932	161	49	47	19639	0	19896
18933	19712	38	37	215	0	20002
18934	19664	39	53	154	0	19910
18935	278	33	50	19633	0	19994
18936	159	32	56	19996	0	20243
18937	59	27	19619	300	0	20005
18938	53	40	20044	169	0	20306
18939	56	38	285	19953	0	20332
18940	48	28	21171	230	0	21477
18941	20602	28	241	163	0	21034
18942	199	32	167	22291	0	22689
18943	150	35	23755	217	0	24157
18944	23561	42	246	207	0	24056
18945	25672	35	204	93	0	26004
18946	426	27430	85	98	0	28039
18947	287	270	51	27743	0	28351
18948	90	224	28389	299	0	29002
18949	28000	74	304	271	0	28649
18950	28767	43	261	94	0	29165
18951	503	39	28830	81	0	29453
18952	28710	29	299	92	0	29130
18953	327	42	273	27892	0	28534
18954	258	47	64	28766	0	29135
18955	28432	47	62	493	0	29034
18956	28238	44	52	288	0	28622
18957	510	109	76	28251	0	28946
18958	329	34	28529	316	0	29208
18959	94	27911	300	327	0	28632
18960	106	253	27981	91	0	28431
18961	122	241	27658	88	0	28109
18962	68	26459	465	104	0	27096
18963	184	264	392	22004	0	22844
18964	44	163	58	22650	0	22915
18965	70	44	22556	317	0	22987
18966	57	27	179	22431	0	22694
18967	22616	24	177	220	0	23037
18968	213	20	23012	201	0	23446
18969	22762	24	216	65	0	23067
18970	23016	16	198	55	0	23285
18971	23146	27	77	53	0	23303
18972	422	32	23085	52	0	23591
18973	276	24	23098	126	0	23524
18974	118	39	341	22767	0	23265
18975	120	57	220	21456	0	21853
18976	94	23195	90	339	0	23718
18977	23076	181	75	210	0	23542
18978	22700	171	59	95	0	23025
18979	358	23038	83	115	0	23594
18980	23090	190	83	75	0	23438
18981	262	22973	75	75	0	23385
18982	23135	205	84	83	0	23507
18983	249	176	89	22440	0	22954
18984	228	62	22753	236	0	23279
18985	107	43	22577	242	0	22969
18986	69	51	392	22077	0	22589
18987	86	40	261	22446	0	22833
18988	95	49	22248	382	0	22774
18989	88	38	257	21679	0	22062
18990	88	44	257	22040	0	22429
18991	21718	35	125	385	0	22263
18992	21784	30	92	245	0	22151
18993	21566	34	101	105	0	21806
18994	417	26	21517	92	0	22052
18995	279	21636	225	112	0	22252
18996	143	182	219	21683	0	22227
18997	148	181	22325	226	0	22880
18998	140	22295	234	210	0	22879
18999	22442	209	225	89	0	22965
19000	293	198	93	22299	0	22883
19001	266	90	83	22582	0	23021
19002	22505	76	83	366	0	23030
19003	281	58	86	22566	0	22991
19004	259	74	106	22606	0	23045
19005	22731	70	93	405	0	23299
19006	291	70	22603	278	0	23242
19007	256	22385	257	151	0	23049
19008	22495	207	227	132	0	23061
19009	311	195	22860	129	0	23495
19010	22485	75	268	123	0	22951
19011	314	23050	258	152	0	23774
19012	22755	210	115	149	0	23229
19013	22581	194	117	133	0	23025
19014	21932	70	131	130	0	22263
19015	457	64	122	21515	0	22158
19016	290	70	133	21474	0	21967
19017	174	21809	122	447	0	22552
19018	154	21903	119	287	0	22463
19019	146	21816	115	190	0	22267
19020	21827	349	132	141	0	22449
19021	295	225	21596	133	0	22249
19022	306	81	222	21194	0	21803
19023	184	60	226	20948	0	21418
19024	154	21298	118	407	0	21977
19025	162	220	95	21396	0	21873
19026	142	223	118	21140	0	21623
19027	135	21759	104	391	0	22389
19028	21638	228	130	256	0	22252
19029	248	22082	104	191	0	22625
19030	301	230	21857	139	0	22527
19031	21340	208	249	123	0	21920
19032	274	21890	214	168	0	22546
19033	21816	205	102	137	0	22260
19034	325	204	106	21547	0	22182
19035	318	101	83	21496	0	21998
19036	223	78	21497	373	0	22171
19037	208	100	21427	239	0	21974
19038	177	165	337	20847	0	21526
19039	20825	108	233	212	0	21378
19040	19445	102	120	200	0	19867
19041	370	20083	94	115	0	20662
19042	204	18957	63	101	0	19325
19043	91	17854	52	92	0	18089
19044	542	558	352	15406	0	16858
19045	14778	80	378	134	0	15370
19046	14329	19	21	69	0	14438
19047	14307	21	16	32	0	14376
19048	117	11	14312	32	0	14472
19049	79	16920	51	37	0	17087
19050	39	85	60	18703	0	18887
19051	19123	86	15	126	0	19350
19052	137	25	26	19415	0	19603
19053	118	20	14	20681	0	20833
19054	20669	23	19	249	0	20960
19055	22432	23	23	131	0	22609
19056	304	21	23161	24	0	23510
19057	197	31	167	23089	0	23484
19058	65	14	22948	190	0	23217
19059	22	26	183	22902	0	23133
19060	44	10	22825	201	0	23080
19061	20	44	186	22554	0	22804
19062	22042	8	199	224	0	22473
19063	171	22234	27	208	0	22640
19064	174	22744	14	52	0	22984
19065	61	387	13	21273	0	21734
19066	25	23230	8	170	0	23433
19067	22926	196	20	168	0	23310
19068	22148	196	17	43	0	22404
19069	368	38	22366	25	0	22797
19070	201	22397	179	55	0	22832
19071	49	188	176	22244	0	22657
19072	31	180	22365	184	0	22760
19073	21889	32	177	194	0	22292
19074	187	61	182	22179	0	22609
19075	204	42	22417	192	0	22855
19076	46	28	188	22375	0	22637
19077	22204	11	199	212	0	22626
19078	197	21	22186	217	0	22621
19079	21732	17	187	62	0	21998
19080	22087	19	194	33	0	22333
19081	359	32	44	21904	0	22339
19082	228	28	21947	198	0	22401
19083	59	30	21682	221	0	21992
19084	21168	25	364	55	0	21612
19085	21774	19	209	47	0	22049
19086	384	36	21812	43	0	22275
19087	227	28	192	21464	0	21911
19088	69	34	202	20690	0	20995
19089	44	21797	56	355	0	22252
19090	42	196	40	21898	0	22176
19091	21631	200	49	234	0	22114
19092	208	39	41	21796	0	22084
19093	233	24	21538	236	0	22031
19094	20786	19	216	249	0	21270
19095	234	27	217	21090	0	21568
19096	248	42	21147	235	0	21672
19097	68	20741	201	267	0	21277
19098	20216	195	224	103	0	20738
19099	229	20779	72	116	0	21196
19100	20605	204	63	80	0	20952
19101	281	205	20469	75	0	21030
19102	259	20108	220	95	0	20682
19103	110	20353	232	82	0	20777
19104	86	381	107	19680	0	20254
19105	84	227	82	19987	0	20380
19106	101	61	19869	433	0	20464
19107	97	51	220	19857	0	20225
19108	19636	34	267	306	0	20243
19109	266	45	19320	280	0	19911
19110	276	43	235	19196	0	19750
19111	123	56	19275	283	0	19737
19112	18475	58	262	275	0	19070
19113	246	19126	263	151	0	19786
19114	19124	219	93	157	0	19593
19115	18919	234	99	123	0	19375
19116	19346	77	100	115	0	19638
19117	500	77	18699	138	0	19414
19118	318	18707	258	150	0	19433
19119	149	248	278	18333	0	19008
19120	144	251	126	19156	0	19677
19121	19723	82	114	469	0	20388
19122	326	80	106	19943	0	20455
19123	20037	69	133	336	0	20575
19124	19812	72	142	340	0	20366
19125	19998	75	114	147	0	20334
19126	20076	66	134	126	0	20402
19127	548	86	127	19444	0	20205
19128	19607	84	110	305	0	20106
19129	345	84	19070	345	0	19844
19130	19068	96	288	150	0	19602
19131	19229	87	309	121	0	19746
19132	565	76	18982	206	0	19829
19133	19168	75	304	108	0	19655
19134	19337	79	318	110	0	19844
19135	552	65	137	19010	0	19764
19136	356	78	141	19115	0	19690
19137	18830	132	120	511	0	19593
19138	362	57	109	19088	0	19616
19139	361	51	154	18700	0	19266
19140	180	18610	115	536	0	19441
19141	188	214	111	18526	0	19039
19142	18037	226	130	311	0	18704
19143	346	63	101	18047	0	18557
19144	344	56	116	17694	0	18210
19145	172	17404	98	510	0	18184
19146	158	226	99	16926	0	17409
19147	177	229	100	16689	0	17195
19148	16178	61	91	442	0	16772
19149	252	129	78	13224	0	13683
19150	217	44	11413	184	0	11858
19151	80	10637	132	186	0	11035
19152	59	10120	158	76	0	10413
19153	9222	223	55	46	0	9546
19154	137	9529	57	56	0	9779
19155	7492	73	105	26	0	7696
19156	96	7313	21	33	0	7463
19157	7461	63	16	26	0	7566
19158	80	61	13	7552	0	7706
19159	84	23	14	7586	0	7707
19160	36	7679	12	136	0	7863
19161	32	75	13	7837	0	7957
19162	35	65	8056	81	0	8237
19163	7705	17	69	76	0	7867
19164	88	8627	63	40	0	8818
19165	8317	55	22	27	0	8421
19166	8219	76	7	19	0	8321
19167	8444	19	6	25	0	8494
19168	149	7	6	8271	0	8433
19169	93	11	5	8221	0	8330
19170	34	8320	6	163	0	8523
19171	8291	72	4	93	0	8460
19172	84	8411	6	36	0	8537
19173	8423	84	10	20	0	8537
19174	109	78	8573	20	0	8780
19175	8672	21	73	32	0	8798
19176	116	9	67	8785	0	8977
19177	99	16	8803	101	0	9019
19178	45	15	8796	99	0	8955
19179	37	13	150	8797	0	8997
19180	33	14	8904	100	0	9051
19181	28	17	95	8791	0	8931
19182	8437	18	83	105	0	8643
19183	101	19	21	8677	0	8818
19184	116	9	8654	102	0	8881
19185	45	8505	80	98	0	8728
19186	31	8581	75	40	0	8727
19187	60	179	22	8349	0	8610
19188	8436	88	13	102	0	8639
19189	105	29	7	8442	0	8583
19190	99	14	11	8441	0	8565
19191	40	15	8	8493	0	8556
19192	37	15	10	8654	0	8716
19193	37	19	8524	174	0	8754
19194	33	22	8433	102	0	8590
19195	8364	12	138	43	0	8557
19196	8488	25	96	31	0	8640
19197	170	14	22	8528	0	8734
19198	108	19	16	8692	0	8835
19199	59	9	8577	165	0	8810
19200	30	8606	77	129	0	8842
19201	8535	80	78	57	0	8750
19202	8550	89	27	40	0	8706
19203	166	30	22	8557	0	8775
19204	111	26	8666	105	0	8908
19205	47	33	69	8402	0	8551
19206	33	8656	83	98	0	8870
19207	49	87	8729	98	0	8963
19208	8511	85	78	47	0	8721
19209	105	38	87	8693	0	8923
19210	8886	19	37	110	0	9052
19211	111	16	8695	121	0	8943
19212	8702	26	90	54	0	8872
19213	104	24	82	8686	0	8896
19214	8707	27	38	113	0	8885
19215	111	35	23	8582	0	8751
19216	98	8499	35	126	0	8758
19217	50	8585	24	111	0	8770
19218	56	171	22	8398	0	8647
19219	40	85	8366	97	0	8588
19220	34	8159	82	96	0	8371
19221	50	65	75	7349	0	7539
19222	7164	59	42	74	0	7339
19223	7105	24	19	73	0	7221
19224	115	11	7	7179	0	7312
19225	79	19	15	7096	0	7209
19226	34	7053	18	112	0	7217
19227	27	7173	16	88	0	7304
19228	7194	102	13	46	0	7355
19229	66	69	24	7122	0	7281
19230	63	23	25	7185	0	7296
19231	33	13	7198	127	0	7371
19232	27	12	65	7019	0	7123
19233	29	12	62	6944	0	7047
19234	27	14	28	7095	0	7164
19235	26	9	7132	139	0	7306
19236	25	16	81	7124	0	7246
19237	7116	19	71	90	0	7296
19238	85	14	7002	80	0	7181
19239	7306	16	72	53	0	7447
19240	89	19	66	7423	0	7597
19241	77	14	41	7462	0	7594
19242	39	19	35	7754	0	7847
19243	31	16	7644	151	0	7842
19244	7286	8	77	98	0	7469
19245	77	7964	75	61	0	8177
19246	7966	67	41	38	0	8112
19247	98	8240	27	30	0	8395
19248	71	90	25	8198	0	8384
19249	8189	67	22	96	0	8374
19250	83	32	8028	99	0	8242
19251	7791	15	71	64	0	7941
19252	102	17	8246	41	0	8406
19253	80	38	86	7994	0	8198
19254	48	12	7986	91	0	8137
19255	28	7882	84	97	0	8091
19256	43	83	78	7485	0	7689
19257	7160	82	44	96	0	7382
19258	59	27	11	7013	0	7110
19259	60	7017	13	86	0	7176
19260	30	79	17	6995	0	7121
19261	6847	58	15	81	0	7001
19262	6539	27	26	71	0	6663
19263	115	6639	12	38	0	6804
19264	45	6066	13	18	0	6142
19265	34	76	6	5899	0	6015
19266	52	39	8	5933	0	6032
19267	5863	15	8	76	0	5962
19268	5787	8	5	55	0	5855
19269	69	5919	8	21	0	6017
19270	36	48	9	5751	0	5844
19271	21	37	3	5811	0	5872
19272	24	7	5825	74	0	5930
19273	12	5813	39	45	0	5909
19274	13	5539	32	18	0	5602
19275	10	62	13	5241	0	5326
19276	15	28	5216	34	0	5293
19277	7	10	5231	28	0	5276
19278	13	9	54	5169	0	5245
19279	9	5	37	5239	0	5290
19280	13	4	5269	59	0	5345
19281	10	3	31	5254	0	5298
19282	7	3	5437	42	0	5489
19283	5531	4	38	35	0	5608
19284	45	6	29	5656	0	5736
19285	34	8	5923	53	0	6018
19286	13	6	6039	39	0	6097
19287	8	11	89	6597	0	6705
19288	10	6	7126	71	0	7213
19289	6	8	7265	50	0	7329
19290	10	7173	111	24	0	7318
19291	7342	76	57	9	0	7484
19292	89	49	7668	12	0	7818
19293	51	22	76	7446	0	7595
19294	21	5	50	7671	0	7747
19295	5	7	17	7845	0	7874
19296	13	7	7722	150	0	7892
19297	10	18	79	7637	0	7744
19298	7628	5	54	101	0	7788
19299	82	7	19	7568	0	7676
19300	59	9	7555	102	0	7725
19301	26	4	78	7565	0	7673
19302	7625	6	58	105	0	7794
19303	7625	8	24	61	0	7718
19304	7604	6	11	28	0	7649
19305	144	5	12	7536	0	7697
19306	7587	7	17	93	0	7704
19307	7470	7	16	62	0	7555
19308	7515	7	16	29	0	7567
19309	147	7346	12	21	0	7526
19310	7429	83	17	24	0	7553
19311	98	52	14	7425	0	7589
19312	60	21	7380	90	0	7551
19313	32	7377	85	71	0	7565
19314	7364	82	64	34	0	7544
19315	87	59	35	7322	0	7503
19316	65	22	15	7035	0	7137
19317	24	7283	23	139	0	7469
19318	5	7446	25	89	0	7565
19319	7170	128	19	38	0	7355
19320	91	7272	14	31	0	7408
19321	7027	92	24	18	0	7161
19322	93	7049	20	32	0	7194
19323	6931	94	17	27	0	7069
19324	98	7003	14	27	0	7142
19325	58	7139	24	26	0	7247
19326	7040	120	21	29	0	7210
19327	102	66	7007	29	0	7204
19328	72	6996	86	35	0	7189
19329	37	94	68	6827	0	7026
19330	21	56	31	6955	0	7063
19331	29	25	14	6777	0	6845
19332	30	11	22	6971	0	7034
19333	31	7	6955	160	0	7153
19334	6721	13	90	98	0	6922
19335	109	15	66	6989	0	7179
19336	7147	7	32	101	0	7287
19337	7348	13	26	83	0	7470
19338	7460	18	23	46	0	7547
19339	7286	23	24	30	0	7363
19340	174	23	7347	35	0	7579
19341	105	22	110	7163	0	7400
19342	49	25	7203	119	0	7396
19343	31	7131	117	95	0	7374
19344	48	119	93	6756	0	7016
19345	40	76	43	6755	0	6914
19346	31	36	34	6802	0	6903
19347	37	15	29	6806	0	6887
19348	35	15	6659	189	0	6898
19349	36	27	105	6682	0	6850
19350	42	24	84	6776	0	6926
19351	6810	24	43	170	0	7047
19352	7013	19	26	112	0	7170
19353	188	23	26	7089	0	7326
19354	115	18	31	7053	0	7217
19355	58	14	37	7268	0	7377
19356	7161	19	28	220	0	7428
19357	7260	26	31	113	0	7430
19358	7216	25	29	65	0	7335
19359	7267	24	28	50	0	7369
19360	208	7213	21	69	0	7511
19361	7292	109	27	53	0	7481
19362	7312	76	26	59	0	7473
19363	213	44	22	7077	0	7356
19364	135	22	15	7097	0	7269
19365	7017	22	27	196	0	7262
19366	146	6879	17	136	0	7178
19367	121	7057	18	62	0	7258
19368	7090	174	15	40	0	7319
19369	169	96	21	7067	0	7353
19370	114	49	19	7130	0	7312
19371	84	37	18	7181	0	7320
19372	63	43	15	7159	0	7280
19373	72	39	23	7084	0	7218
19374	52	6957	9	224	0	7242
19375	59	125	9	6927	0	7120
19376	6854	90	15	146	0	7105
19377	130	49	18	6778	0	6975
19378	93	44	12	6855	0	7004
19379	6739	39	15	184	0	6977
19380	133	6825	8	134	0	7100
19381	102	160	18	6681	0	6961
19382	76	6774	17	120	0	6987
19383	32	197	21	6417	0	6667
19384	57	73	6360	117	0	6607
19385	5775	54	74	76	0	5979
19386	94	5916	53	50	0	6113
19387	5201	62	16	20	0	5299
19388	85	40	5011	23	0	5159
19389	47	90	46	4557	0	4740
19390	20	4713	35	58	0	4826
19391	19	4735	18	45	0	4817
19392	4382	86	21	30	0	4519
19393	65	32	19	4416	0	4532
19394	35	9	4703	58	0	4805
19395	16	11	42	4723	0	4792
19396	13	3	4762	66	0	4844
19397	4585	8	52	43	0	4688
19398	57	3	4796	27	0	4883
19399	43	5	52	4673	0	4773
19400	24	4872	32	62	0	4990
19401	21	56	8	4801	0	4886
19402	16	4869	5	63	0	4953
19403	5039	55	7	38	0	5139
19404	70	34	4	5256	0	5364
19405	43	12	5328	66	0	5449
19406	30	6	5275	48	0	5359
19407	5195	4	79	29	0	5307
19408	5437	13	37	32	0	5519
19409	5413	10	15	25	0	5463
19410	5414	10	3	23	0	5450
19411	88	5409	8	27	0	5532
19412	5439	56	8	32	0	5535
19413	5459	32	6	29	0	5526
19414	93	15	5460	37	0	5605
19415	53	14	53	5399	0	5519
19416	5495	8	33	74	0	5610
19417	67	10	5458	59	0	5594
19418	48	15	49	5405	0	5517
19419	35	16	5741	78	0	5870
19420	33	8	53	5541	0	5635
19421	18	5840	31	77	0	5966
19422	5889	58	11	56	0	6014
19423	67	35	5820	32	0	5954
19424	5766	18	52	27	0	5863
19425	78	15	32	5810	0	5935
19426	5882	10	16	71	0	5979
19427	79	11	8	5880	0	5978
19428	6332	20	6	74	0	6432
19429	81	16	6249	52	0	6398
19430	6579	17	53	31	0	6680
19431	78	15	32	6596	0	6721
19432	44	21	16	6683	0	6764
19433	6636	10	11	100	0	6757
19434	71	20	8	6690	0	6789
19435	45	12	6629	79	0	6765
19436	19	25	53	6514	0	6611
19437	6212	11	33	55	0	6311
19438	44	6173	19	51	0	6287
19439	34	6049	12	14	0	6109
19440	5847	50	10	17	0	5924
19441	39	6343	10	17	0	6409
19442	50	42	26	6162	0	6280
19443	6224	15	19	45	0	6303
19444	6115	6	14	18	0	6153
19445	6140	8	6	12	0	6166
19446	48	4	6281	19	0	6352
19447	25	15	31	6137	0	6208
19448	12	6252	20	37	0	6321
19449	11	31	12	6293	0	6347
19450	13	15	6482	35	0	6545
19451	14	6328	28	26	0	6396
19452	7	48	12	6052	0	6119
19453	5893	11	24	29	0	5957
19454	19	5991	6	21	0	6037
19455	18	22	6328	8	0	6376
19456	8	14	26	6191	0	6239
19457	10	4	6384	37	0	6435
19458	10	8	27	6208	0	6253
19459	6383	3	17	35	0	6438
19460	30	8	5	6435	0	6478
19461	6488	5	4	33	0	6530
19462	6577	5	5	33	0	6620
19463	48	6835	7	16	0	6906
19464	6903	26	6	16	0	6951
19465	32	6906	7	12	0	6957
19466	30	26	7206	9	0	7271
19467	12	17	34	7178	0	7241
19468	10	6	20	7653	0	7689
19469	10	7	7630	62	0	7709
19470	11	7619	35	38	0	7703
19471	7642	38	27	14	0	7721
19472	7772	31	11	9	0	7823
19473	61	9	7	7946	0	8023
19474	36	6	9	7923	0	7974
19475	17	5	5	8066	0	8093
19476	8077	5	13	61	0	8156
19477	54	4	7998	40	0	8096
19478	43	5	8095	12	0	8155
19479	14	3	63	8155	0	8235
19480	18	4	8149	40	0	8211
19481	18	5	8162	44	0	8229
19482	11	6	61	7975	0	8053
19483	20	4	8323	45	0	8392
19484	12	8225	41	59	0	8337
19485	11	35	37	8284	0	8367
19486	17	32	8515	48	0	8612
19487	11	10	46	8332	0	8399
19488	13	8184	35	53	0	8285
19489	11	36	9	8375	0	8431
19490	19	27	8486	50	0	8582
19491	9	12	40	8303	0	8364
19492	8388	4	33	52	0	8477
19493	42	6	8382	41	0	8471
19494	7770	6	32	13	0	7821
19495	28	8252	29	25	0	8334
19496	8309	33	9	13	0	8364
19497	36	33	9	8297	0	8375
19498	34	8346	8	49	0	8437
19499	8642	28	14	43	0	8727
19500	37	33	6	8803	0	8879
19501	44	5	8913	47	0	9009
19502	12	9009	50	49	0	9120
19503	18	42	39	8947	0	9046
19504	8814	35	11	40	0	8900
19505	8511	11	3	45	0	8570
19506	88	4	5	8690	0	8787
19507	44	3	8716	49	0	8812
19508	8063	5	47	49	0	8164
19509	56	4	8721	14	0	8795
19510	42	6	49	8593	0	8690
19511	8726	4	48	52	0	8830
19512	44	8730	11	58	0	8843
19513	8849	44	6	19	0	8918
19514	57	41	8669	16	0	8783
19515	8650	6	52	13	0	8721
19516	52	8	41	8829	0	8930
19517	47	3	16	8973	0	9039
19518	24	5	9027	86	0	9142
19519	11	7	48	8718	0	8784
19520	8835	10	42	61	0	8948
19521	55	8	11	8766	0	8840
19522	45	9009	13	65	0	9132
19523	13	51	13	8936	0	9013
19524	17	9102	13	66	0	9198
19525	13	47	9060	53	0	9173
19526	8287	44	64	28	0	8423
19527	56	7	43	9110	0	9216
19528	53	8	8884	60	0	9005
19529	14	8799	58	62	0	8933
19530	12	61	42	8478	0	8593
19531	22	46	14	8586	0	8668
19532	8596	10	8	99	0	8713
19533	53	9	17	8709	0	8788
19534	8768	17	12	64	0	8861
19535	8678	10	13	73	0	8774
19536	106	8868	19	22	0	9015
19537	9016	61	13	22	0	9112
19538	72	45	25	9951	0	10093
19539	64	8	10056	93	0	10221
19540	9919	17	83	65	0	10084
19541	87	9	67	9674	0	9837
19542	76	6	9671	94	0	9847
19543	9209	13	79	81	0	9382
19544	90	21	63	9614	0	9788
19545	71	9855	16	96	0	10038
19546	33	78	18	9612	0	9741
19547	17	9836	23	90	0	9966
19548	9723	88	10	78	0	9899
19549	90	53	9916	46	0	10105
19550	71	9892	90	28	0	10081
19551	27	81	62	9855	0	10025
19552	23	60	9853	94	0	10030
19553	27	17	9708	74	0	9826
19554	16	9863	116	47	0	10042
19555	40	95	58	9472	0	9665
19556	26	56	20	9451	0	9553
19557	20	26	22	11295	0	11363
19558	11808	19	13	184	0	12024
19559	164	12	13228	100	0	13504
19560	92	13293	188	46	0	13619
19561	32	185	127	12929	0	13273
19562	22	134	23	13718	0	13897
19563	18	22	13465	304	0	13809
19564	22	31	182	13540	0	13775
19565	31	12	13548	231	0	13822
19566	20	8	13067	143	0	13238
19567	40	23	13017	37	0	13117
19568	23	22	284	12148	0	12477
19569	17	33	128	12186	0	12364
19570	21	10	26	12836	0	12893
19571	12632	9	28	282	0	12951
19572	188	12559	16	140	0	12903
19573	12752	177	17	48	0	12994
19574	12566	118	36	25	0	12745
19575	13018	22	22	26	0	13088
19576	298	13012	22	50	0	13382
19577	13123	184	34	35	0	13376
19578	13090	125	21	37	0	13273
19579	301	41	16	12816	0	13174
19580	160	25	24	12793	0	13002
19581	48	23	31	13294	0	13396
19582	31	36	13168	335	0	13570
19583	12723	23	194	175	0	13115
19584	193	19	151	13020	0	13383
19585	12901	21	73	220	0	13215
19586	209	12833	51	181	0	13274
19587	129	191	47	12809	0	13176
19588	36	125	55	13042	0	13258
19589	12855	36	48	327	0	13266
19590	209	15	30	12988	0	13242
19591	12463	43	31	247	0	12784
19592	12766	35	22	166	0	12989
19593	337	12640	23	71	0	13071
19594	173	12996	20	53	0	13242
19595	74	385	32	12535	0	13026
19596	53	12974	27	201	0	13255
19597	42	233	30	12888	0	13193
19598	43	147	12697	234	0	13121
19599	52	38	12405	162	0	12657
19600	11758	30	300	78	0	12166
19601	12009	26	157	91	0	12283
19602	299	12063	47	75	0	12484
19603	12074	177	43	87	0	12381
19604	219	12533	32	93	0	12877
19605	149	213	49	12401	0	12812
19606	52	138	43	12499	0	12732
19607	57	43	45	12543	0	12688
19608	44	30	46	12769	0	12889
19609	12419	30	64	345	0	12858
19610	216	12467	50	227	0	12960
19611	12522	185	56	109	0	12872
19612	12478	130	63	88	0	12759
19613	332	61	12308	76	0	12777
19614	12110	51	197	96	0	12454
19615	238	12237	144	95	0	12714
19616	158	201	65	12180	0	12604
19617	87	155	45	12007	0	12294
19618	71	12110	58	324	0	12563
19619	12169	198	62	188	0	12617
19620	236	151	12059	92	0	12538
19621	11891	49	201	100	0	12241
19622	274	35	12184	104	0	12597
19623	205	58	222	12017	0	12502
19624	112	55	158	12278	0	12603
19625	96	53	63	12477	0	12689
19626	12465	60	59	394	0	12978
19627	254	58	12604	261	0	13177
19628	12566	56	217	152	0	12991
19629	12821	65	172	138	0	13196
19630	12779	52	77	135	0	13043
19631	12827	42	71	131	0	13071
19632	384	48	81	12592	0	13105
19633	238	32	12585	266	0	13121
19634	131	48	216	12453	0	12848
19635	107	55	12671	269	0	13102
19636	113	57	12449	201	0	12820
19637	106	12362	266	147	0	12881
19638	158	196	121	11154	0	11629
19639	96	153	47	11314	0	11610
19640	127	80	37	11009	0	11253
19641	110	58	40	11404	0	11612
19642	11262	40	39	294	0	11635
19643	11243	45	34	178	0	11500
19644	327	41	28	11158	0	11554
19645	207	50	11098	231	0	11586
19646	116	50	152	11166	0	11484
19647	88	40	119	11429	0	11676
19648	94	49	11332	325	0	11800
19649	77	41	164	11124	0	11406
19650	11134	34	121	263	0	11552
19651	11087	44	54	176	0	11361
19652	11330	31	45	104	0	11510
19653	315	49	26	11144	0	11534
19654	11056	38	34	210	0	11338
19655	10871	46	40	172	0	11129
19656	301	52	10926	102	0	11381
19657	123	17	8986	64	0	9190
19658	70	21	8953	38	0	9082
19659	7125	11	66	17	0	7219
19660	32	7353	41	19	0	7445
19661	7157	23	42	18	0	7240
19662	26	7806	8	22	0	7862
19663	33	19	6	7833	0	7891
19664	21	30	6	7816	0	7873
19665	16	8	8	7901	0	7933
19666	23	4	7916	52	0	7995
19667	7342	5	30	46	0	7423
19668	23	1	28	7886	0	7938
19669	34	4	7936	30	0	8004
19670	14	6	7656	43	0	7719
19671	7418	2	43	27	0	7490
19672	22	7865	37	18	0	7942
19673	7778	25	18	18	0	7839
19674	7733	21	14	14	0	7782
19675	40	7793	5	21	0	7859
19676	7708	16	10	18	0	7752
19677	28	17	8038	14	0	8097
19678	27	5	7859	11	0	7902
19679	23	2	8203	9	0	8237
19680	17	37	46	7919	0	8019
19681	11	5	8143	18	0	8177
19682	7663	3	18	19	0	7703
19683	7827	3	13	10	0	7853
19684	30	20	8077	5	0	8132
19685	17	3	14	7948	0	7982
19686	8066	4	12	20	0	8102
19687	14	8563	19	21	0	8617
19688	15	8655	7	16	0	8693
19689	8682	28	5	11	0	8726
19690	20	12	8959	3	0	8994
19691	14	41	11	8656	0	8722
19692	3	35	13	8659	0	8710
19693	4	0	5	8798	0	8807
19694	3	8731	6	25	0	8765
19695	9	20	9	8637	0	8675
19696	9220	10	1	30	0	9261
19697	32	4	2	9563	0	9601
19698	21	9778	3	29	0	9831
19699	9993	31	2	27	0	10053
19700	35	21	7	9941	0	10004
19701	21	3	4	10320	0	10348
19702	10373	1	4	57	0	10435
19703	10284	6	9	26	0	10325
19704	61	6	4	10620	0	10691
19705	10941	3	6	49	0	10999
19706	10939	1	4	36	0	10980
19707	82	11312	4	13	0	11411
19708	11364	51	3	13	0	11431
19709	59	11338	2	12	0	11411
19710	42	52	2	11363	0	11459
19711	17	38	11763	73	0	11891
19712	10	9	51	11643	0	11713
19713	5	6	39	11667	0	11717
19714	5	5	7	12035	0	12052
19715	11946	6	3	102	0	12057
19716	52	12067	3	72	0	12194
19717	12516	54	1	14	0	12585
19718	70	12886	5	22	0	12983
19719	13108	67	5	15	0	13195
19720	12920	49	11	13	0	12993
19721	13023	11	3	9	0	13046
19722	12922	10	1	7	0	12940
19723	129	6	13180	6	0	13321
19724	64	6	71	13044	0	13185
19725	21	5	63	13527	0	13616
19726	17	4	13584	147	0	13752
19727	13104	5	85	73	0	13267
19728	94	5	63	13432	0	13594
19729	78	4	13419	101	0	13602
19730	33	5	13355	72	0	13465
19731	10	7	155	13653	0	13825
19732	26	6	14150	103	0	14285
19733	10	9	116	13626	0	13761
19734	10	6	72	13794	0	13882
19735	20	5	13724	163	0	13912
19736	12862	6	99	91	0	13058
19737	105	8	71	13583	0	13767
19738	81	4	13939	114	0	14138
19739	19	8	98	13913	0	14038
19740	13945	8	69	118	0	14140
19741	123	5	13924	78	0	14130
19742	13534	5	103	30	0	13672
19743	14216	6	67	19	0	14308
19744	180	5	14	14215	0	14414
19745	99	8	13	14080	0	14200
19746	40	11	14117	181	0	14349
19747	20	10	99	14088	0	14217
19748	33	24	81	13488	0	13626
19749	29	5	20	14272	0	14326
19750	25	9	14030	193	0	14257
19751	13554	3	116	96	0	13769
19752	13933	9	76	44	0	14062
19753	14277	4	26	36	0	14343
19754	14629	9	27	29	0	14694
19755	201	16	7	14779	0	15003
19756	14641	13	14	135	0	14803
19757	14483	8	29	92	0	14612
19758	13825	19	25	51	0	13920
19759	14687	8	16	41	0	14752
19760	200	14641	26	31	0	14898
19761	14767	103	17	41	0	14928
19762	14426	62	21	38	0	14547
19763	202	14433	33	56	0	14724
19764	14637	117	17	35	0	14806
19765	160	71	21	14572	0	14824
19766	101	20	24	14675	0	14820
19767	14582	4	17	232	0	14835
19768	137	14468	32	141	0	14778
19769	99	14423	40	72	0	14634
19770	55	182	24	14817	0	15078
19771	34	90	15069	163	0	15356
19772	29	17	145	14781	0	14972
19773	31	11	103	15025	0	15170
19774	14835	4	34	229	0	15102
19775	14710	15	29	128	0	14882
19776	230	8	25	14887	0	15150
19777	124	9	14747	168	0	15048
19778	55	15	144	14899	0	15113
19779	15158	6	99	167	0	15430
19780	182	8	16136	118	0	16444
19781	133	16202	181	77	0	16593
19782	16678	171	111	47	0	17007
19783	216	102	30	16472	0	16820
19784	153	28	39	16541	0	16761
19785	71	16	30	17037	0	17154
19786	65	10	16646	315	0	17036
19787	15034	12	191	178	0	15415
19788	208	10	16174	76	0	16468
19789	157	16080	204	76	0	16517
19790	66	198	135	15740	0	16139
19791	59	117	42	16009	0	16227
19792	67	38	40	16892	0	17037
19793	62	16	16760	353	0	17191
19794	60	20	16721	184	0	16985
19795	72	5	17260	89	0	17426
19796	48	17157	313	93	0	17611
19797	109	206	183	17005	0	17503
19798	17316	122	57	225	0	17720
19799	18207	66	38	166	0	18477
19800	382	19	19563	76	0	20040
19801	198	19745	234	116	0	20293
19802	113	230	20070	42	0	20455
19803	52	20369	274	59	0	20754
19804	19487	308	276	104	0	20175
19805	19371	155	67	51	0	19644
19806	392	19405	26	72	0	19895
19807	19410	239	34	54	0	19737
19808	284	156	32	19051	0	19523
19809	183	45	29	19464	0	19721
19810	19331	16	33	399	0	19779
19811	18505	17	46	211	0	18779
19812	18919	28	26	87	0	19060
19813	418	18828	22	61	0	19329
19814	203	19375	31	90	0	19699
19815	19364	356	29	51	0	19800
19816	277	169	19171	57	0	19674
19817	187	114	222	18566	0	19089
19818	18184	19	168	245	0	18616
19819	253	17940	55	196	0	18444
19820	173	18540	40	61	0	18814
19821	18462	342	48	36	0	18888
19822	262	183	18218	36	0	18699
19823	17615	99	252	29	0	17995
19824	274	34	17807	35	0	18150
19825	160	34	17553	24	0	17771
19826	84	45	338	17324	0	17791
19827	56	27	17769	214	0	18066
19828	17047	50	222	132	0	17451
19829	17391	21	139	52	0	17603
19830	17680	32	47	34	0	17793
19831	17552	23	27	29	0	17631
19832	366	27	24	17125	0	17542
19833	17243	31	17	208	0	17499
19834	258	17240	26	164	0	17688
19835	154	214	25	16694	0	17087
19836	71	17578	35	205	0	17889
19837	17808	218	31	140	0	18197
19838	17535	147	26	50	0	17758
19839	346	56	23	17510	0	17935
19840	17695	48	36	202	0	17981
19841	17727	46	29	150	0	17952
19842	339	41	33	17445	0	17858
19843	182	30	46	17483	0	17741
19844	86	33	45	17897	0	18061
19845	68	27	17547	336	0	17978
19846	77	34	17066	166	0	17343
19847	77	42	17481	60	0	17660
19848	71	36	390	17178	0	17675
19849	85	28	17724	223	0	18060
19850	89	28	243	17484	0	17844
19851	93	28	18616	247	0	18984
19852	81	36	18263	153	0	18533
19853	17386	48	340	74	0	17848
19854	227	17914	183	67	0	18391
19855	18054	225	72	43	0	18394
19856	286	157	50	17701	0	18194
19857	217	57	44	18006	0	18324
19858	114	52	18200	334	0	18700
19859	90	18104	216	223	0	18633
19860	87	235	143	18249	0	18714
19861	108	164	18339	248	0	18859
19862	107	18069	211	168	0	18555
19863	103	227	158	17915	0	18403
19864	17739	161	77	226	0	18203
19865	17686	78	67	146	0	17977
19866	353	73	56	17746	0	18228
19867	17877	38	71	229	0	18215
19868	266	18052	70	181	0	18569
19869	210	222	56	18088	0	18576
19870	144	152	18365	217	0	18878
19871	109	79	234	18304	0	18726
19872	121	59	18514	268	0	18962
19873	17748	50	269	161	0	18228
19874	317	53	171	18135	0	18676
19875	224	18489	71	256	0	19040
19876	138	290	58	18977	0	19463
19877	121	153	18822	289	0	19385
19878	110	73	18730	197	0	19110
19879	98	65	18466	94	0	18723
19880	16721	95	368	60	0	17244
19881	225	17406	163	57	0	17851
19882	162	196	78	16980	0	17416
19883	16979	135	50	184	0	17348
19884	219	17056	58	173	0	17506
19885	17645	164	70	82	0	17961
19886	17635	141	53	47	0	17876
19887	17663	58	61	65	0	17847
19888	18013	40	59	58	0	18170
19889	347	31	17696	66	0	18140
19890	17385	27	214	50	0	17676
19891	256	24	17714	62	0	18056
19892	15504	23	213	65	0	15805
19893	207	48	144	16898	0	17297
19894	148	29	16672	174	0	17023
19895	75	16461	138	155	0	16829
19896	160	820	138	15058	0	16176
19897	68	16059	58	125	0	16310
19898	58	15864	50	116	0	16088
19899	14140	147	104	49	0	14440
19900	109	61	13665	29	0	13864
19901	56	13109	63	30	0	13258
19902	12765	60	129	21	0	12975
19903	46	13282	18	16	0	13362
19904	13264	47	8	12	0	13331
19905	47	41	9	13187	0	13284
19906	13285	10	7	48	0	13350
19907	53	12	7	13134	0	13206
19908	13313	4	6	56	0	13379
19909	54	7	12	13256	0	13329
19910	36	13868	12	69	0	13985
19911	18	40	10	14169	0	14237
19912	14113	29	8	53	0	14203
19913	43	13953	7	52	0	14055
19914	33	40	6	13875	0	13954
19915	14163	27	13	44	0	14247
19916	49	13	6	14229	0	14297
19917	34	9	13	14342	0	14398
19918	32	10	14593	73	0	14708
19919	17	11	14256	63	0	14347
19920	16	17	62	14164	0	14259
19921	12	36	14993	64	0	15105
19922	14	10	63	14803	0	14890
19923	13	12	52	14268	0	14345
19924	11	8	20	14924	0	14963
19925	28	11	14942	79	0	15060
19926	7	20	46	14432	0	14505
19927	14	17	29	14546	0	14606
19928	16	14969	25	67	0	15077
19929	13	57	12	15062	0	15144
19930	15041	30	15	56	0	15142
19931	66	17	8	15240	0	15331
19932	63	12	17800	65	0	17940
19933	16921	12	92	53	0	17078
19934	108	19260	81	59	0	19508
19935	97	136	30	19561	0	19824
19936	67	95	19487	119	0	19768
19937	18279	39	114	115	0	18547
19938	126	19317	102	64	0	19609
19939	19323	110	49	27	0	19509
19940	156	110	23	19155	0	19444
19941	19214	42	20	124	0	19400
19942	161	20	19433	108	0	19722
19943	124	19105	112	70	0	19411
19944	51	20405	107	42	0	20605
19945	20580	204	56	18	0	20858
19946	20415	138	19	22	0	20594
19947	226	72	20539	18	0	20855
19948	19788	20	107	25	0	19940
19949	20158	11	106	34	0	20309
19950	20841	13	45	23	0	20922
19951	238	20124	16	42	0	20420
19952	145	20149	10	39	0	20343
19953	20244	207	17	18	0	20486
19954	20108	128	12	30	0	20278
19955	203	20574	13	67	0	20857
19956	134	115	6	20661	0	20916
19957	67	98	20852	121	0	21138
19958	20165	43	129	108	0	20445
19959	20429	44	111	69	0	20653
19960	21336	21	51	31	0	21439
19961	240	21363	18	54	0	21675
19962	160	127	21667	26	0	21980
19963	21619	99	129	28	0	21875
19964	141	54	110	21676	0	21981
19965	120	23	52	21960	0	22155
19966	64	22	24	22435	0	22545
19967	57	17	22272	262	0	22608
19968	31	21	129	21740	0	21921
19969	52	52	22188	183	0	22475
19970	28	21531	141	159	0	21859
19971	21088	119	102	43	0	21352
19972	96	21296	40	52	0	21484
19973	104	21504	15	44	0	21667
19974	21457	197	24	28	0	21706
19975	123	21989	43	48	0	22203
19976	115	159	14	21460	0	21748
19977	56	21539	14	112	0	21721
19978	21404	148	17	92	0	21661
19979	120	21581	17	55	0	21773
19980	123	163	16	21620	0	21922
19981	78	112	21744	119	0	22053
19982	41	53	111	21695	0	21900
19983	40	21857	114	196	0	22207
19984	42	132	48	21900	0	22122
19985	38	157	42	21506	0	21743
19986	54	72	30	21429	0	21585
19987	52	39	23	22156	0	22270
19988	54	37	36	22133	0	22260
19989	64	30	33	22485	0	22612
19990	62	43	22565	278	0	22948
19991	21386	50	165	170	0	21771
19992	195	33	128	23919	0	24275
19993	168	47	24076	191	0	24482
19994	112	58	24023	153	0	24346
19995	76	48	293	24071	0	24488
19996	24353	45	177	206	0	24781
19997	241	55	23863	145	0	24304
19998	23572	56	187	91	0	23906
19999	264	55	24772	53	0	25144
20000	224	70	230	24077	0	24601
20001	119	78	158	25061	0	25416
20002	121	80	24967	302	0	25470
20003	23354	70	213	208	0	23845
20004	245	83	156	24380	0	24864
20005	211	65	24529	235	0	25040
20006	147	43	24740	170	0	25100
20007	127	98	320	23211	0	23756
20008	96	24828	187	199	0	25310
20009	24948	198	92	146	0	25384
20010	24313	153	69	96	0	24631
20011	361	91	24771	73	0	25296
20012	238	59	212	24264	0	24773
20013	24818	51	155	248	0	25272
20014	241	52	24894	207	0	25394
20015	24184	41	227	115	0	24567
20016	282	24352	194	114	0	24942
20017	203	195	96	24638	0	25132
20018	109	168	77	24963	0	25317
20019	25692	83	66	356	0	26197
20020	248	75	71	25723	0	26117
20021	203	55	68	25154	0	25480
20022	97	65	69	25688	0	25919
20023	25431	50	71	412	0	25964
20024	262	61	25320	265	0	25908
20025	24895	62	231	140	0	25328
20026	24997	65	205	107	0	25374
20027	25477	55	100	105	0	25737
20028	399	72	82	25130	0	25683
20029	254	61	25526	294	0	26135
20030	115	25260	245	257	0	25877
20031	82	25264	202	168	0	25716
20032	40	23602	55	75	0	23772
20033	124	256	23526	66	0	23972
20034	82	280	205	27084	0	27651
20035	27816	30	139	261	0	28246
20036	30095	25	41	205	0	30366
20037	450	17	35	31661	0	32163
20038	258	17	31768	349	0	32392
20039	110	20	31649	267	0	32046
20040	45	15	515	31836	0	32411
20041	65	21	32342	371	0	32799
20042	51	21	368	31712	0	32152
20043	56	32	281	30963	0	31332
20044	46	31638	88	547	0	32319
20045	62	308	67	31139	0	31576
20046	63	220	50	32320	0	32653
20047	32137	67	59	594	0	32857
20048	372	29	50	32020	0	32471
20049	276	19	56	32264	0	32615
20050	31545	19	64	607	0	32235
20051	373	31700	66	346	0	32485
20052	32026	333	67	140	0	32566
20053	440	240	31549	99	0	32328
20054	31220	66	362	93	0	31741
20055	31126	43	294	91	0	31554
20056	623	31	30825	95	0	31574
20057	347	39	30620	103	0	31109
20058	154	115	611	29746	0	30626
20059	29832	41	357	411	0	30641
20060	397	28	29622	355	0	30402
20061	319	31	418	29438	0	30206
20062	144	27	29520	427	0	30118
20063	108	46	434	28488	0	29076
20064	94	34	327	29247	0	29702
20065	28831	31	141	670	0	29673
20066	28387	50	122	430	0	28989
20067	29364	47	92	220	0	29723
20068	670	51	29258	221	0	30200
20069	397	39	29252	193	0	29881
20070	190	53	616	28689	0	29548
20071	163	66	370	28253	0	28852
20072	128	47	173	29634	0	29982
20073	28643	58	127	685	0	29513
20074	431	28745	135	482	0	29793
20075	28272	364	113	230	0	28979
20076	28000	274	132	172	0	28578
20077	679	28019	122	192	0	29012
20078	413	28428	97	237	0	29175
20079	27939	538	154	194	0	28825
20080	429	306	149	27270	0	28154
20081	371	27626	131	570	0	28698
20082	284	371	135	27807	0	28597
20083	296	273	27311	530	0	28410
20084	195	114	450	27442	0	28201
20085	27155	68	466	574	0	28263
20086	495	49	26910	484	0	27938
20087	405	49	26654	355	0	27463
20088	247	465	704	24396	0	25812
20089	168	25708	448	574	0	26898
20090	199	25469	197	528	0	26393
20091	177	26063	178	353	0	26771
20092	24733	535	213	325	0	25806
20093	24493	301	140	296	0	25230
20094	24014	118	133	280	0	24545
20095	625	24059	158	363	0	25205
20096	24232	295	152	290	0	24969
20097	23946	267	139	269	0	24621
20098	696	169	23948	233	0	25046
20099	525	23063	420	279	0	24287
20100	330	359	436	22859	0	23984
20101	22720	297	245	511	0	23773
20102	536	122	22741	453	0	23852
20103	394	74	510	21993	0	22971
20104	266	22335	448	624	0	23673
20105	270	341	265	21790	0	22666
20106	305	285	237	22329	0	23156
20107	22159	136	244	789	0	23328
20108	21993	152	225	545	0	22915
20109	725	145	244	22114	0	23228
20110	444	161	21836	618	0	23059
20111	334	125	21790	527	0	22776
20112	21670	141	565	359	0	22735
20113	612	129	22105	337	0	23183
20114	575	210	449	19806	0	21040
20115	348	20816	423	496	0	22083
20116	20608	340	282	416	0	21646
20117	545	20834	246	311	0	21936
20118	20981	388	252	313	0	21934
20119	569	282	237	20505	0	21593
20120	556	161	189	20811	0	21717
20121	20736	228	210	620	0	21794
20122	20890	168	178	400	0	21636
20123	729	174	216	20483	0	21602
20124	569	197	170	20658	0	21594
20125	373	172	20351	612	0	21508
20126	306	129	20275	428	0	21138
20127	20044	141	636	340	0	21161
20128	507	165	20140	330	0	21142
20129	19504	108	478	314	0	20404
20130	19639	109	423	271	0	20442
20131	652	127	19119	318	0	20216
20132	495	18523	414	224	0	19656
20133	296	18230	395	236	0	19157
20134	175	253	13226	84	0	13738
20135	573	1267	412	10289	0	12541
20136	9130	197	356	316	0	9999
20137	8512	27	39	76	0	8654
20138	9606	25	28	44	0	9703
20139	11816	19	28	32	0	11895
20140	12157	21	18	38	0	12234
20141	259	12682	24	42	0	13007
20142	12398	165	27	22	0	12612
20143	178	12404	25	26	0	12633
20144	12084	163	18	13	0	12278
20145	175	96	11666	19	0	11956
20146	97	20	139	11141	0	11397
20147	29	12	94	10615	0	10750
20148	16	11185	14	206	0	11421
20149	11232	131	7	89	0	11459
20150	11331	93	8	16	0	11448
20151	222	17	3	10983	0	11225
20152	102	12	5	11265	0	11384
20153	11161	7	6	219	0	11393
20154	146	5	11	11165	0	11327
20155	102	4	5	11302	0	11413
20156	11188	6	7	224	0	11425
20157	145	9	10	11208	0	11372
20158	11252	7	8	146	0	11413
20159	11236	6	10	102	0	11354
20160	237	7	11212	21	0	11477
20161	11103	10	152	33	0	11298
20162	10995	7	96	12	0	11110
20163	11098	9	19	13	0	11139
20164	251	12	10797	20	0	11080
20165	125	14	136	10480	0	10755
20166	40	12	96	10798	0	10946
20167	38	14	10628	224	0	10904
20168	10325	17	141	101	0	10584
20169	156	6	99	10289	0	10550
20170	120	14	10268	156	0	10558
20171	53	8	10440	104	0	10605
20172	41	14	222	10361	0	10638
20173	47	10	10620	161	0	10838
20174	42	11	147	10463	0	10663
20175	47	13	99	10546	0	10705
20176	44	12	10498	237	0	10791
20177	42	24	139	10074	0	10279
20178	43	10222	108	170	0	10543
20179	34	10556	27	149	0	10766
20180	10383	224	25	36	0	10668
20181	10342	104	21	37	0	10504
20182	247	10328	18	47	0	10640
20183	10352	149	17	39	0	10557
20184	10357	103	24	31	0	10515
20185	282	19	22	10143	0	10466
20186	160	21	16	10375	0	10572
20187	10122	23	20	250	0	10415
20188	179	10050	21	138	0	10388
20189	145	10118	25	57	0	10345
20190	74	231	12	10074	0	10391
20191	64	117	10113	166	0	10460
20192	9858	27	147	123	0	10155
20193	9978	22	108	44	0	10152
20194	9991	21	30	58	0	10100
20195	282	9888	33	59	0	10262
20196	165	168	27	9634	0	9994
20197	92	108	19	9974	0	10193
20198	9834	34	30	256	0	10154
20199	207	9802	22	151	0	10182
20200	151	154	32	9776	0	10113
20201	90	112	23	9852	0	10077
20202	86	35	28	9928	0	10077
20203	9757	35	27	275	0	10094
20204	220	9772	35	155	0	10182
20205	197	189	27	9416	0	9829
20206	113	9817	34	188	0	10152
20207	9655	181	52	141	0	10029
20208	237	126	9564	74	0	10001
20209	9452	41	168	79	0	9740
20210	227	28	9437	89	0	9781
20211	186	111	176	8799	0	9272
20212	8810	30	110	205	0	9155
20213	200	36	8742	154	0	9132
20214	8769	34	158	89	0	9050
20215	8845	25	118	85	0	9073
20216	8970	21	44	85	0	9120
20217	316	14	39	8590	0	8959
20218	202	24	35	8518	0	8779
20219	101	14	47	8721	0	8883
20220	8452	9	39	296	0	8796
20221	195	8497	37	192	0	8921
20222	8537	137	40	91	0	8805
20223	8613	92	46	66	0	8817
20224	285	27	8445	68	0	8825
20225	8447	32	154	69	0	8702
20226	8561	22	133	52	0	8768
20227	297	17	49	8406	0	8769
20228	168	34	50	8473	0	8725
20229	81	28	55	8605	0	8769
20230	8400	21	47	264	0	8732
20231	8321	34	44	155	0	8554
20232	8102	29	57	65	0	8253
20233	236	7868	48	84	0	8236
20234	110	7503	46	75	0	7734
20235	48	7620	52	60	0	7780
20236	7441	182	81	64	0	7768
20237	162	89	7358	69	0	7678
20238	85	49	6098	51	0	6283
20239	3597	37	84	15	0	3733
20240	35	4	3814	12	0	3865
20241	8	7	8	2880	0	2903
20242	7	2920	10	11	0	2948
20243	2991	11	12	9	0	3023
20244	2995	7	2	1	0	3005
20245	3019	5	3	2	0	3029
20246	13	3	1	3326	0	3343
20247	9	3	3504	11	0	3527
20248	11	2	3442	7	0	3462
20249	3410	0	9	3	0	3422
20250	3444	5	8	5	0	3462
20251	3445	4	4	4	0	3457
20252	13	1	1	3496	0	3511
20253	5	4	5	3478	0	3492
20254	11	4	3519	10	0	3544
20255	3544	6	5	6	0	3561
20256	12	1	5	3658	0	3676
20257	7	4	3	3640	0	3654
20258	4	1	3	3626	0	3634
20259	6	3664	4	17	0	3691
20260	6	7	3	3645	0	3661
20261	3	7	2	3647	0	3659
20262	3665	4	6	13	0	3688
20263	20	3	3653	9	0	3685
20264	3537	1	9	8	0	3555
20265	3660	1	5	10	0	3676
20266	17	4	5	3673	0	3699
20267	8	4	4	3696	0	3712
20268	3702	4	2	15	0	3723
20269	13	1	3694	11	0	3719
20270	11	3677	9	9	0	3706
20271	7	5	6	3611	0	3629
20272	3606	6	5	10	0	3627
20273	11	1	1	3515	0	3528
20274	11	3	3532	8	0	3554
20275	10	1	3638	8	0	3657
20276	3613	0	12	8	0	3633
20277	11	1	6	3781	0	3799
20278	7	1	3776	12	0	3796
20279	3758	1	11	8	0	3778
20280	3996	1	7	7	0	4011
20281	13	2	3	3994	0	4012
20282	11	2	2	3970	0	3985
20283	7	4026	3	8	0	4044
20284	4199	5	2	10	0	4216
20285	9	6	2	4181	0	4198
20286	7	1	3	4220	0	4231
20287	7	1	4305	15	0	4328
20288	3955	2	6	14	0	3977
20289	4172	9	5	5	0	4191
20290	13	4156	1	16	0	4186
20291	11	6	4065	6	0	4088
20292	8	4	3974	3	0	3989
20293	3	27	8	3897	0	3935
20294	4073	11	12	8	0	4104
20295	5	10	4	4114	0	4133
20296	4300	0	0	8	0	4308
20297	4333	0	1	6	0	4340
20298	4379	1	3	4	0	4387
20299	9	1	1	4527	0	4538
20300	6	2	0	4525	0	4533
20301	4681	0	1	13	0	4695
20302	8	1	4850	5	0	4864
20303	4575	1	5	5	0	4586
20304	4596	0	3	6	0	4605
20305	6	0	4825	3	0	4834
20306	3	0	4814	2	0	4819
20307	0	4848	6	2	0	4856
20308	10	12	1	4858	0	4881
20309	4518	7	10	12	0	4547
20310	5	1	0	4918	0	4924
20311	5	0	5031	7	0	5043
20312	1	5028	5	11	0	5045
20313	0	5040	1	6	0	5047
20314	0	6	0	5128	0	5134
20315	0	2	0	5069	0	5071
20316	0	5105	0	9	0	5114
20317	3	4	5115	4	0	5126
20318	4786	1	5	7	0	4799
20319	5142	0	3	5	0	5150
20320	8	5172	1	9	0	5190
20321	5079	5	0	2	0	5086
20322	6	8	0	4967	0	4981
20323	5008	1	0	7	0	5016
20324	7	0	0	5045	0	5052
20325	1	5295	1	11	0	5308
20326	2	7	5379	1	0	5389
20327	0	3	6	5587	0	5596
20328	6	5	4	5454	0	5469
20329	1	0	0	5878	0	5879
20330	6036	0	2	23	0	6061
20331	20	0	2	6104	0	6126
20332	21	1	6543	22	0	6587
20333	12	0	6812	14	0	6838
20334	6983	0	56	4	0	7043
20335	44	0	7144	5	0	7193
20336	7008	0	40	3	0	7051
20337	37	0	20	7623	0	7680
20338	19	2	8	7686	0	7715
20339	2	3	9	8375	0	8389
20340	2	5	1	8412	0	8420
20341	8461	0	3	100	0	8564
20342	61	0	8572	45	0	8678
20343	48	2	59	8430	0	8539
20344	7	8709	46	55	0	8817
20345	8655	62	5	42	0	8764
20346	62	47	3	8394	0	8506
20347	8321	6	2	67	0	8396
20348	68	1	8378	49	0	8496
20349	52	1	64	8070	0	8187
20350	7	8342	46	60	0	8455
20351	8363	62	6	51	0	8482
20352	71	46	8365	8	0	8490
20353	51	9	64	8212	0	8336
20354	12	1	50	8330	0	8393
20355	8194	0	10	116	0	8320
20356	68	4	8213	59	0	8344
20357	53	2	8337	8	0	8400
20358	10	0	106	8236	0	8352
20359	7	1	8316	71	0	8395
20360	14	1	8440	60	0	8515
20361	12	1	118	8251	0	8382
20362	12	11	67	7997	0	8087
20363	12	5	13	8648	0	8678
20364	8535	2	10	112	0	8659
20365	68	8662	8	76	0	8814
20366	8671	64	9	22	0	8766
20367	83	51	12	8554	0	8700
20368	61	8724	12	74	0	8871
20369	15	65	13	8876	0	8969
20370	9215	55	10	86	0	9366
20371	79	9956	9	76	0	10120
20372	69	94	6	10342	0	10511
20373	25	77	10444	111	0	10657
20374	10311	7	108	99	0	10525
20375	110	8	93	10264	0	10475
20376	99	11	22	10394	0	10526
20377	26	13	10255	195	0	10489
20378	30	10	10289	108	0	10437
20379	9998	6	194	37	0	10235
20380	115	10052	100	41	0	10308
20381	98	113	21	10065	0	10297
20382	10068	86	20	134	0	10308
20383	128	13	10134	112	0	10387
20384	101	9997	121	37	0	10256
20385	26	109	115	9936	0	10186
20386	10029	91	29	134	0	10283
20387	9695	30	24	123	0	9872
20388	10130	7	20	46	0	10203
20389	203	9971	31	67	0	10272
20390	114	109	10018	50	0	10291
20391	25	94	126	9989	0	10234
20392	42	39	122	9477	0	9680
20393	34	21	45	9943	0	10043
20394	27	11	33	10074	0	10145
20395	9815	18	27	234	0	10094
20396	9590	18	28	140	0	9776
20397	219	18	9539	51	0	9827
20398	132	19	9501	54	0	9706
20399	9207	24	219	46	0	9496
20400	9321	16	116	54	0	9507
20401	210	19	40	9116	0	9385
20402	122	9080	38	136	0	9376
20403	9019	116	34	132	0	9301
20404	121	9018	37	101	0	9277
20405	117	8962	30	63	0	9172
20406	46	226	45	8901	0	9218
20407	57	100	30	8985	0	9172
20408	43	41	31	9066	0	9181
20409	45	20	32	9083	0	9180
20410	41	25	8835	236	0	9137
20411	8630	26	134	124	0	8914
20412	8801	25	111	65	0	9002
20413	226	29	28	8539	0	8822
20414	128	27	38	8548	0	8741
20415	8524	21	39	221	0	8805
20416	153	28	8357	134	0	8672
20417	8530	32	129	57	0	8748
20418	8540	26	121	54	0	8741
20419	222	14	8494	63	0	8793
20420	8604	24	132	60	0	8820
20421	172	27	108	8553	0	8860
20422	141	25	38	8692	0	8896
20423	48	30	40	8719	0	8837
20424	61	15	45	8719	0	8840
20425	8325	27	47	233	0	8632
20426	133	36	37	8306	0	8512
20427	121	22	26	7924	0	8093
20428	60	7683	28	231	0	8002
20429	56	7706	26	132	0	7920
20430	43	186	30	7479	0	7738
20431	7402	103	32	126	0	7663
20432	116	32	30	6987	0	7165
20433	110	16	6536	114	0	6776
20434	49	21	6248	92	0	6410
20435	6028	25	156	36	0	6245
20436	110	6151	79	45	0	6385
20437	5602	78	78	28	0	5786
20438	106	72	5579	34	0	5791
20439	114	189	72	4827	0	5202
20440	4705	13	94	82	0	4894
20441	79	4700	16	78	0	4873
20442	4621	53	21	30	0	4725
20443	82	49	4934	21	0	5086
20444	67	27	61	4748	0	4903
20445	28	22	47	4867	0	4964
20446	4990	14	17	106	0	5127
20447	4940	16	21	64	0	5041
20448	5018	16	13	37	0	5084
20449	5029	17	9	27	0	5082
20450	5065	12	14	28	0	5119
20451	112	5042	13	31	0	5198
20452	73	56	16	5051	0	5196
20453	5120	48	18	66	0	5252
20454	70	18	12	5149	0	5249
20455	79	10	6	5126	0	5221
20456	46	8	10	5133	0	5197
20457	27	4992	16	114	0	5149
20458	5050	55	10	72	0	5187
20459	75	62	11	5013	0	5161
20460	4896	15	17	79	0	5007
20461	4808	10	17	74	0	4909
20462	98	4808	16	42	0	4964
20463	4829	47	12	41	0	4929
20464	80	38	4769	32	0	4919
20465	4675	7	62	18	0	4762
20466	78	41	81	4655	0	4855
20467	71	4	4970	60	0	5105
20468	35	4923	46	72	0	5076
20469	37	51	4920	26	0	5034
20470	14	4471	44	26	0	4555
20471	3611	79	91	71	0	3852
20472	3499	9	13	11	0	3532
20473	3408	3	24	8	0	3443
20474	20	3470	0	5	0	3495
20475	3457	9	3	2	0	3471
20476	15	5	3523	3	0	3546
20477	6	1	3523	2	0	3532
20478	6	21	7	3413	0	3447
20479	0	1	4	3547	0	3552
20480	0	3577	1	8	0	3586
20481	3618	3	0	7	0	3628
20482	5	5	0	3619	0	3629
20483	5	3607	0	6	0	3618
20484	1	4	0	3708	0	3713
20485	3721	6	1	6	0	3734
20486	3611	2	1	8	0	3622
20487	12	0	3590	13	0	3615
20488	7	0	4	3542	0	3553
20489	3	14	3622	5	0	3644
20490	0	0	6	3625	0	3631
20491	3	0	3690	7	0	3700
20492	1	2	5	3654	0	3662
20493	5	1	3760	6	0	3772
20494	1	1	5	3698	0	3705
20495	3	0	3871	7	0	3881
20496	0	0	6	3817	0	3823
20497	1	1	7	3866	0	3875
20498	0	4108	4	21	0	4133
20499	1	7	0	4229	0	4237
20500	2	6	4187	9	0	4204
20501	0	2	6	4132	0	4140
20502	0	2	7	4156	0	4165
20503	4237	0	1	16	0	4254
20504	7	0	1	4288	0	4296
20505	9	1	1	4275	0	4286
20506	3	0	4280	17	0	4300
20507	4151	1	7	12	0	4171
20508	7	2	8	4393	0	4410
20509	8	0	4	4405	0	4417
20510	3	1	2	4437	0	4443
20511	4430	1	3	15	0	4449
20512	6	0	0	4471	0	4477
20513	7	0	4	4470	0	4481
20514	4483	1	1	19	0	4504
20515	7	4499	2	16	0	4524
20516	9	10	2	4428	0	4449
20517	1	10	2	4497	0	4510
20518	3	4	4507	21	0	4535
20519	3694	5	11	29	0	3739
20520	9	3	10	4477	0	4499
20521	15	1	4409	15	0	4440
20522	4347	1	10	16	0	4374
20523	7	3	8	4510	0	4528
20524	10	0	5	4585	0	4600
20525	5	1	1	4597	0	4604
20526	4	1	2	4669	0	4676
20527	1	0	5038	32	0	5071
20528	1	1	21	5022	0	5045
20529	2	3	17	6331	0	6353
20530	9	0	7716	74	0	7799
20531	7881	0	82	47	0	8010
20532	8251	2	65	18	0	8336
20533	8251	3	20	10	0	8284
20534	199	3	10	8197	0	8409
20535	8316	1	3	103	0	8423
20536	8316	2	7	81	0	8406
20537	182	2	5	8417	0	8606
20538	8543	4	7	111	0	8665
20539	8430	2	5	85	0	8522
20540	8529	2	10	28	0	8569
20541	8616	2	3	17	0	8638
20542	199	2	2	8380	0	8583
20543	100	8061	3	118	0	8282
20544	31	8014	7	102	0	8154
20545	13	8214	3	32	0	8262
20546	7932	190	20	16	0	8158
20547	8147	99	4	13	0	8263
20548	181	23	8136	19	0	8359
20549	8183	10	112	4	0	8309
20550	138	5	83	8226	0	8452
20551	100	4	24	8157	0	8285
20552	31	3	14	8351	0	8399
20553	8193	0	6	228	0	8427
20554	118	1	5	8238	0	8362
20555	92	8123	7	164	0	8386
20556	34	106	4	8272	0	8416
20557	29	78	8329	143	0	8579
20558	23	24	112	8393	0	8552
20559	8418	14	81	137	0	8650
20560	158	2	8430	109	0	8699
20561	112	6	124	8373	0	8615
20562	56	5	87	8273	0	8421
20563	44	9	17	8408	0	8478
20564	38	8442	12	203	0	8695
20565	34	115	2	8486	0	8637
20566	8350	82	9	155	0	8596
20567	8164	26	10	97	0	8297
20568	228	14	8087	52	0	8381
20569	134	9	8106	38	0	8287
20570	60	10	192	7879	0	8141
20571	48	11	97	8158	0	8314
20572	41	17	8178	218	0	8454
20573	33	27	122	7813	0	7995
20574	27	8126	88	152	0	8393
20575	8300	138	31	103	0	8572
20576	8225	105	22	43	0	8395
20577	8255	25	21	40	0	8341
20578	255	14	8309	31	0	8609
20579	141	7	131	8408	0	8687
20580	73	5	8445	153	0	8676
20581	8130	3	141	142	0	8416
20582	142	8350	104	76	0	8672
20583	122	123	23	8308	0	8576
20584	8325	96	18	156	0	8595
20585	142	31	10	8308	0	8491
20586	123	26	17	8474	0	8640
20587	70	7	8369	238	0	8684
20588	8005	13	146	142	0	8306
20589	156	8383	106	90	0	8735
20590	133	121	39	8409	0	8702
20591	8371	100	29	163	0	8663
20592	165	40	16	8471	0	8692
20593	8367	20	17	191	0	8595
20594	191	8439	11	145	0	8786
20595	8565	135	14	65	0	8779
20596	206	91	8642	43	0	8982
20597	8657	30	131	51	0	8869
20598	8463	19	127	51	0	8660
20599	8601	11	62	54	0	8728
20600	280	135	47	8267	0	8729
20601	192	30	23	8302	0	8547
20602	109	41	15	8469	0	8634
20603	67	8367	20	261	0	8715
20604	8402	133	16	166	0	8717
20605	208	114	27	8278	0	8627
20606	179	36	18	8386	0	8619
20607	102	30	34	8432	0	8598
20608	8269	10	34	263	0	8576
20609	205	25	30	8346	0	8606
20610	138	19	8188	220	0	8565
20611	80	8258	139	160	0	8637
20612	70	155	98	8301	0	8624
20613	61	138	26	8371	0	8596
20614	70	63	30	8540	0	8703
20615	75	43	8285	266	0	8669
20616	75	12	8339	175	0	8601
20617	71	20	233	8324	0	8648
20618	64	21	8724	203	0	9012
20619	67	19	166	8747	0	8999
20620	8756	22	118	239	0	9135
20621	8994	28	44	186	0	9252
20622	9047	26	22	102	0	9197
20623	282	27	8868	83	0	9260
20624	8787	35	139	57	0	9018
20625	193	57	116	8991	0	9357
20626	157	13	8967	175	0	9312
20627	81	11	8774	152	0	9018
20628	75	8595	212	88	0	8970
20629	48	7268	93	61	0	7470
20630	5566	137	224	31	0	5958
20631	91	21	15	5319	0	5446
20632	21	20	5447	39	0	5527
20633	9	4	27	5559	0	5599
20634	5589	5	23	41	0	5658
20635	43	3	6171	33	0	6250
20636	6157	4	54	18	0	6233
20637	6496	7	29	14	0	6546
20638	6450	3	10	21	0	6484
20639	86	6461	9	16	0	6572
20640	6668	46	6	15	0	6735
20641	63	38	9	6689	0	6799
20642	49	17	6	6615	0	6687
20643	15	5	5	6731	0	6756
20644	13	1	9	6763	0	6786
20645	6657	1	8	108	0	6774
20646	57	6607	12	62	0	6738
20647	40	6433	9	27	0	6509
20648	15	6584	11	15	0	6625
20649	6600	87	12	16	0	6715
20650	6535	43	4	19	0	6601
20651	6508	9	6	16	0	6539
20652	6490	7	9	15	0	6521
20653	95	8	9	6510	0	6622
20654	48	4	7	6542	0	6601
20655	6519	6	6	90	0	6621
20656	61	6542	11	51	0	6665
20657	6406	49	10	15	0	6480
20658	6473	33	6	11	0	6523
20659	88	13	5	6414	0	6520
20660	49	6528	6	60	0	6643
20661	22	53	8	6672	0	6755
20662	6588	38	3	69	0	6698
20663	78	12	6742	43	0	6875
20664	48	9	51	6586	0	6694
20665	22	6733	38	55	0	6848
20666	6707	53	15	43	0	6818
20667	6447	44	6	22	0	6519
20668	102	12	6799	17	0	6930
20669	61	6780	55	11	0	6907
20670	68	66	6854	14	0	7002
20671	20	43	52	6567	0	6682
20672	17	15	6661	63	0	6756
20673	19	8	6589	45	0	6661
20674	13	6546	72	22	0	6653
20675	6477	49	37	13	0	6576
20676	6406	33	7	14	0	6460
20677	75	6687	6	22	0	6790
20678	44	6655	1	22	0	6722
20679	22	74	6467	10	0	6573
20680	25	43	6386	5	0	6459
20681	21	15	6481	10	0	6527
20682	17	20	78	6372	0	6487
20683	24	8	6518	52	0	6602
20684	17	5	55	6273	0	6350
20685	13	17	34	6193	0	6257
20686	20	8	6435	75	0	6538
20687	15	6387	48	49	0	6499
20688	20	51	31	6311	0	6413
20689	6318	37	11	53	0	6419
20690	60	14	8	6377	0	6459
20691	40	17	6445	60	0	6562
20692	21	6402	54	44	0	6521
20693	21	6531	34	24	0	6610
20694	20	91	21	6355	0	6487
20695	6300	42	14	57	0	6413
20696	6194	18	11	41	0	6264
20697	92	10	16	6099	0	6217
20698	46	6476	9	61	0	6592
20699	24	56	9	6429	0	6518
20700	14	42	11	6626	0	6693
20701	23	20	11	6651	0	6705
20702	6907	13	13	98	0	7031
20703	67	6963	13	63	0	7106
20704	7025	68	24	17	0	7134
20705	7023	47	18	20	0	7108
20706	6969	18	11	19	0	7017
20707	7237	13	14	21	0	7285
20708	107	15	15	7157	0	7294
20709	65	16	7210	78	0	7369
20710	29	7258	68	73	0	7428
20711	7369	74	54	34	0	7531
20712	7475	57	18	14	0	7564
20713	7618	22	10	21	0	7671
20714	134	11	7570	20	0	7735
20715	7388	12	71	10	0	7481
20716	7562	15	54	18	0	7649
20717	119	21	17	7507	0	7664
20718	66	16	7224	72	0	7378
20719	30	7152	59	64	0	7305
20720	24	78	61	7060	0	7223
20721	6916	55	33	70	0	7074
20722	68	24	14	6754	0	6860
20723	57	10	14	6952	0	7033
20724	7088	14	7	108	0	7217
20725	73	11	6992	68	0	7144
20726	6932	14	65	25	0	7036
20727	6829	11	63	17	0	6920
20728	6805	9	20	21	0	6855
20729	6827	12	19	17	0	6875
20730	125	16	6745	18	0	6904
20731	68	24	66	6681	0	6839
20732	36	15	6702	70	0	6823
20733	21	29	78	6473	0	6601
20734	25	12	6513	70	0	6620
20735	5772	12	52	48	0	5884
20736	54	5782	58	21	0	5915
20737	48	5748	11	24	0	5831
20738	32	83	21	6175	0	6311
20739	20	50	6	6336	0	6412
20740	18	6751	9	92	0	6870
20741	6796	69	10	52	0	6927
20742	7089	51	10	19	0	7169
20743	7552	12	17	9	0	7590
20744	8127	11	5	16	0	8159
20745	168	8	11	8014	0	8201
20746	90	5	7	8372	0	8474
20747	8503	5	15	163	0	8686
20748	119	8	8	8465	0	8600
20749	93	4	8291	121	0	8509
20750	35	6	8337	84	0	8462
20751	24	3	162	8407	0	8596
20752	27	3	8480	106	0	8616
20753	8227	6	110	88	0	8431
20754	111	8	88	8328	0	8535
20755	8438	5	25	105	0	8573
20756	126	4	8464	92	0	8686
20757	88	9	106	8448	0	8651
20758	26	11	8509	114	0	8660
20759	18	8414	115	123	0	8670
20760	8240	116	101	36	0	8493
20761	8247	78	20	25	0	8370
20762	175	8210	13	32	0	8430
20763	8153	106	6	17	0	8282
20764	130	76	7	7928	0	8141
20765	104	22	6	8107	0	8239
20766	8041	13	6	168	0	8228
20767	134	7913	10	91	0	8148
20768	109	7959	9	43	0	8120
20769	50	159	12	7926	0	8147
20770	7785	92	13	111	0	8001
20771	7841	20	17	94	0	7972
20772	7826	15	19	34	0	7894
20773	205	10	7724	25	0	7964
20774	124	6	7686	26	0	7842
20775	48	7673	170	30	0	7921
20776	7634	99	97	26	0	7856
20777	130	80	38	7423	0	7671
20778	7463	23	28	113	0	7627
20779	7456	12	26	85	0	7579
20780	206	14	21	7387	0	7628
20781	119	11	7395	124	0	7649
20782	7384	10	113	104	0	7611
20783	143	14	83	7390	0	7630
20784	115	12	7391	126	0	7644
20785	7290	13	117	101	0	7521
20786	7396	14	91	46	0	7547
20787	214	14	32	7310	0	7570
20788	131	13	7295	134	0	7573
20789	60	13	105	7192	0	7370
20790	60	7328	95	133	0	7616
20791	67	109	7296	105	0	7577
20792	42	7386	111	54	0	7593
20793	7273	108	101	34	0	7516
20794	7281	86	41	30	0	7438
20795	7411	29	27	44	0	7511
20796	7425	18	31	32	0	7506
20797	235	21	26	7197	0	7479
20798	6973	17	24	114	0	7128
20799	144	12	32	6908	0	7096
20800	6660	19	27	127	0	6833
20801	133	6620	29	99	0	6881
20802	99	103	18	6235	0	6455
20803	46	6366	19	100	0	6531
20804	6299	95	34	80	0	6508
20805	6257	77	17	44	0	6395
20806	182	6213	19	40	0	6454
20807	97	94	22	6085	0	6298
20808	53	72	6046	109	0	6280
20809	51	36	99	5984	0	6170
20810	42	26	5918	117	0	6103
20811	55	53	105	5369	0	5582
20812	35	5711	73	89	0	5908
20813	5621	89	21	65	0	5796
20814	5636	60	23	26	0	5745
20815	162	20	17	5588	0	5787
20816	5757	19	21	91	0	5888
20817	132	18	21	5742	0	5913
20818	106	19	20	5741	0	5886
20819	61	16	23	5872	0	5972
20820	5848	18	13	156	0	6035
20821	5844	7	15	85	0	5951
20822	5966	16	24	33	0	6039
20823	180	5828	16	40	0	6064
20824	5757	84	18	24	0	5883
20825	113	5671	20	34	0	5838
20826	5678	101	16	17	0	5812
20827	130	68	16	5465	0	5679
20828	103	26	10	5627	0	5766
20829	5571	21	13	143	0	5748
20830	5605	15	6	84	0	5710
20831	157	5548	15	38	0	5758
20832	5568	82	20	31	0	5701
20833	117	74	14	5409	0	5614
20834	94	19	14	5522	0	5649
20835	5458	17	18	153	0	5646
20836	116	17	5451	83	0	5667
20837	89	5300	75	41	0	5505
20838	35	98	44	4712	0	4889
20839	43	43	4350	66	0	4502
20840	20	118	61	3968	0	4167
20841	3962	11	46	68	0	4087
20842	53	3648	10	45	0	3756
20843	28	3234	5	10	0	3277
20844	13	2803	9	6	0	2831
20845	61	96	71	2480	0	2708
20846	2420	15	86	33	0	2554
20847	16	2	1	2417	0	2436
20848	2392	1	1	14	0	2408
20849	2393	3	3	7	0	2406
20850	21	2	1	2389	0	2413
20851	2406	2	2	12	0	2422
20852	16	1	1	2461	0	2479
20853	12	1	2505	13	0	2531
20854	2500	1	12	7	0	2520
20855	16	5	2853	4	0	2878
20856	2677	1	15	3	0	2696
20857	20	3	2754	2	0	2779
20858	9	1	10	2624	0	2644
20859	6	1	8	2649	0	2664
20860	2644	5	2	20	0	2671
20861	14	1	0	2702	0	2717
20862	2741	2	0	17	0	2760
20863	13	2796	1	17	0	2827
20864	2952	12	0	2	0	2966
20865	14	10	1	3088	0	3113
20866	10	4	2	3119	0	3135
20867	7	1	4	3139	0	3151
20868	0	2	2	3181	0	3185
20869	7	0	3146	25	0	3178
20870	9	1	3073	13	0	3096
20871	4	7	24	3106	0	3141
20872	7	2	3198	13	0	3220
20873	6	3176	17	17	0	3216
20874	3	15	16	3167	0	3201
20875	9	9	3278	18	0	3314
20876	8	7	3266	16	0	3297
20877	4	2	30	3282	0	3318
20878	2	3	11	3338	0	3354
20879	1	3396	3	29	0	3429
20880	3	20	3	3433	0	3459
20881	6	12	3547	21	0	3586
20882	3441	4	25	15	0	3485
20883	26	3	17	3539	0	3585
20884	3596	7	3	25	0	3631
20885	3587	3	3	19	0	3612
20886	3750	4	4	5	0	3763
20887	40	4	3790	6	0	3840
20888	20	0	3768	6	0	3794
20889	3560	2	39	4	0	3605
20890	27	3	3857	10	0	3897
20891	23	1	23	3674	0	3721
20892	6	5	17	3759	0	3787
20893	6	6	3796	48	0	3856
20894	8	3798	26	30	0	3862
20895	3741	26	20	3	0	3790
20896	31	3816	6	5	0	3858
20897	21	3894	3	8	0	3926
20898	3887	37	13	6	0	3943
20899	31	17	4010	6	0	4064
20900	24	1	4035	10	0	4070
20901	5	4	47	3916	0	3972
20902	3959	1	19	31	0	4010
20903	27	4020	8	34	0	4089
20904	4054	30	4	9	0	4097
20905	37	18	4156	6	0	4217
20906	20	4401	28	8	0	4457
20907	4	31	25	4563	0	4623
20908	10	22	4646	44	0	4722
20909	7	5	37	4556	0	4605
20910	8	15	31	4412	0	4466
20911	6	5	9	4561	0	4581
20912	7	0	14	4550	0	4571
20913	4494	5	8	56	0	4563
20914	4409	7	7	31	0	4454
20915	67	1	4551	10	0	4629
20916	4375	7	45	5	0	4432
20917	39	4422	26	11	0	4498
20918	4422	33	9	15	0	4479
20919	43	24	4382	9	0	4458
20920	28	10	38	4275	0	4351
20921	12	4	4412	42	0	4470
20922	8	3	4421	24	0	4456
20923	10	4	53	4265	0	4332
20924	6	2	25	4339	0	4372
20925	7	4	4331	63	0	4405
20926	8	4253	39	35	0	4335
20927	8	4290	29	13	0	4340
20928	7	59	16	4299	0	4381
20929	4269	28	12	41	0	4350
20930	38	4449	11	39	0	4537
20931	24	40	4438	13	0	4515
20932	7	24	4346	17	0	4394
20933	12	3	4443	11	0	4469
20934	13	9	60	4271	0	4353
20935	4353	2	29	45	0	4429
20936	48	4283	11	33	0	4375
20937	36	47	4278	10	0	4371
20938	11	4307	40	11	0	4369
20939	13	36	36	4282	0	4367
20940	10	28	4336	44	0	4418
20941	11	4375	43	38	0	4467
20942	10	34	31	4257	0	4332
20943	6	29	9	4405	0	4449
20944	17	7	4513	61	0	4598
20945	12	5	54	4287	0	4358
20946	8	4435	33	39	0	4515
20947	11	44	4397	24	0	4476
20948	4263	25	47	11	0	4346
20949	46	13	30	4360	0	4449
20950	28	11	10	4323	0	4372
20951	6	4413	20	66	0	4505
20952	4346	45	18	25	0	4434
20953	45	25	4294	10	0	4374
20954	4204	4	45	15	0	4268
20955	38	11	27	3941	0	4017
20956	26	3987	8	38	0	4059
20957	9	43	10	3976	0	4038
20958	11	25	12	4120	0	4168
20959	4130	7	8	66	0	4211
20960	4165	8	13	30	0	4216
20961	57	12	12	4200	0	4281
20962	29	4	4156	53	0	4242
20963	3893	5	49	39	0	3986
20964	40	4054	25	18	0	4137
20965	25	46	12	3959	0	4042
20966	15	26	6	4063	0	4110
20967	12	9	13	4059	0	4093
20968	17	3	4040	61	0	4121
20969	10	12	40	3958	0	4020
20970	7	4049	31	45	0	4132
20971	7	43	13	3982	0	4045
20972	11	4059	14	45	0	4129
20973	16	52	13	4012	0	4093
20974	8	26	3974	46	0	4054
20975	3614	3	41	37	0	3695
20976	32	10	27	3884	0	3953
20977	33	7	3915	38	0	3993
20978	8	3929	38	35	0	4010
20979	3906	38	30	10	0	3984
20980	40	27	3879	19	0	3965
20981	3705	15	37	16	0	3773
20982	38	7	19	3695	0	3759
20983	25	4	10	3688	0	3727
20984	4	3708	10	44	0	3766
20985	3670	30	16	20	0	3736
20986	3564	17	9	7	0	3597
20987	42	3808	5	21	0	3876
20988	19	28	8	3837	0	3892
20989	11	19	9	3823	0	3862
20990	4	13	6	3805	0	3828
20991	3	10	3771	51	0	3835
20992	3592	6	31	30	0	3659
20993	29	9	21	3734	0	3793
20994	18	12	9	3767	0	3806
20995	10	6	3736	52	0	3804
20996	9	7	3689	26	0	3731
20997	2	3	49	3801	0	3855
20998	12	8	3813	39	0	3872
20999	3571	24	28	25	0	3648
21000	29	8	27	3650	0	3714
21001	21	8	6	3686	0	3721
21002	11	8	3888	46	0	3953
21003	1	4	27	3925	0	3957
21004	3	10	4030	32	0	4075
21005	8	3912	26	32	0	3978
21006	3499	48	57	34	0	3638
21007	3376	10	11	9	0	3406
21008	22	3446	4	10	0	3482
21009	13	15	1	3527	0	3556
21010	4	17	3574	17	0	3612
21011	8	5	15	3550	0	3578
21012	3574	3	11	22	0	3610
21013	15	3583	4	20	0	3622
21014	3581	16	5	6	0	3608
21015	21	12	1	3514	0	3548
21016	3526	2	6	18	0	3552
21017	19	3536	6	16	0	3577
21018	3580	16	1	6	0	3603
21019	19	11	3583	9	0	3622
21020	12	3665	16	6	0	3699
21021	13	11	12	3597	0	3633
21022	3675	10	20	19	0	3724
21023	3676	6	2	16	0	3700
21024	19	4	3	3691	0	3717
21025	3737	1	4	16	0	3758
21026	3677	4	2	17	0	3700
21027	3810	6	5	8	0	3829
21028	20	3	8	3873	0	3904
21029	10	3	3911	23	0	3947
21030	5	3	3787	20	0	3815
21031	6	3	3881	3	0	3893
21032	3854	2	23	8	0	3887
21033	12	2	12	3904	0	3930
21034	11	4028	7	19	0	4065
21035	6	12	7	4029	0	4054
21036	1	4140	8	24	0	4173
21037	4198	13	5	19	0	4235
21038	20	13	5	4225	0	4263
21039	19	4	0	4325	0	4348
21040	4359	4	4	33	0	4400
21041	16	6	3	4396	0	4421
21042	21	3	6	4479	0	4509
21043	4602	5	3	35	0	4645
21044	23	6	4673	19	0	4721
21045	24	6	23	4647	0	4700
21046	8	3	4688	28	0	4727
21047	4554	5	23	31	0	4613
21048	27	4	22	4683	0	4736
21049	4671	3	9	26	0	4709
21050	25	2	4	4759	0	4790
21051	23	2	4856	31	0	4912
21052	12	8	26	4946	0	4992
21053	5024	4	22	34	0	5084
21054	34	5095	8	37	0	5174
21055	25	26	5055	16	0	5122
21056	4857	21	28	10	0	4916
21057	28	5016	25	14	0	5083
21058	23	4941	4	13	0	4981
21059	6	5330	3	30	0	5369
21060	12	50	7	5830	0	5899
21061	5969	23	7	39	0	6038
21062	6259	6	6	37	0	6308
21063	78	3	6375	7	0	6463
21064	6228	2	47	9	0	6286
21065	48	6283	38	9	0	6378
21066	39	39	16	6317	0	6411
21067	6549	36	3	46	0	6634
21068	6538	4	7	42	0	6591
21069	6547	4	6	8	0	6565
21070	6500	8	8	8	0	6524
21071	6549	5	11	5	0	6570
21072	83	3	5	6499	0	6590
21073	40	6	6519	65	0	6630
21074	13	6	41	6599	0	6659
21075	15	4	35	6623	0	6677
21076	6586	5	4	88	0	6683
21077	57	6435	5	56	0	6553
21078	6479	45	9	8	0	6541
21079	6461	33	12	14	0	6520
21080	6670	4	6	14	0	6694
21081	6821	7	8	7	0	6843
21082	86	8	6729	14	0	6837
21083	6761	5	53	19	0	6838
21084	6850	3	35	9	0	6897
21085	6562	12	16	21	0	6611
21086	6860	4	13	13	0	6890
21087	96	9	10	6594	0	6709
21088	63	14	6512	52	0	6641
21089	6449	11	53	41	0	6554
21090	61	6613	42	20	0	6736
21091	63	46	10	6553	0	6672
21092	26	6784	13	51	0	6874
21093	28	53	7	6854	0	6942
21094	6916	36	11	61	0	7024
21095	6873	10	9	45	0	6937
21096	6949	6	13	18	0	6986
21097	103	7	6719	19	0	6848
21098	6709	12	55	8	0	6784
21099	79	12	6787	8	0	6886
21100	61	22	6779	14	0	6876
21101	29	12	6962	13	0	7016
21102	43	15	83	6434	0	6575
21103	32	8	37	6557	0	6634
21104	31	7	21	6553	0	6612
21105	33	8	12	6583	0	6636
21106	28	16	11	6592	0	6647
21107	28	7	16	6577	0	6628
21108	32	6663	9	84	0	6788
21109	6568	54	13	46	0	6681
21110	66	6769	21	25	0	6881
21111	62	55	12	6759	0	6888
21112	36	48	9	6823	0	6916
21113	6774	19	9	90	0	6892
21114	82	6826	8	56	0	6972
21115	6889	50	11	34	0	6984
21116	87	35	19	6829	0	6970
21117	81	10	21	6804	0	6916
21118	48	17	18	6874	0	6957
21119	49	32	6780	99	0	6960
21120	44	24	59	6740	0	6867
21121	44	27	6704	74	0	6849
21122	47	14	6622	72	0	6755
21123	72	14	6943	25	0	7054
21124	78	36	83	6796	0	6993
21125	73	18	60	6993	0	7144
21126	87	8	15	7102	0	7212
21127	7155	24	17	112	0	7308
21128	104	13	28	7265	0	7410
21129	7396	19	33	86	0	7534
21130	116	7396	18	82	0	7612
21131	7717	68	17	51	0	7853
21132	8123	54	14	30	0	8221
21133	169	8305	16	45	0	8535
21134	8345	61	18	43	0	8467
21135	8174	60	25	32	0	8291
21136	8240	18	18	49	0	8325
21137	8257	13	44	51	0	8365
21138	161	14	8214	38	0	8427
21139	105	8121	69	50	0	8345
21140	86	76	57	8047	0	8266
21141	8044	51	29	81	0	8205
21142	129	23	8038	66	0	8256
21143	116	7905	65	48	0	8134
21144	67	62	60	7561	0	7750
21145	76	7859	18	75	0	8028
21146	77	68	11	7787	0	7943
21147	53	66	17	7844	0	7980
21148	74	23	7837	96	0	8030
21149	65	20	7758	69	0	7912
21150	7349	17	106	33	0	7505
21151	108	20	7690	18	0	7836
21152	89	23	7606	28	0	7746
21153	58	24	105	7339	0	7526
21154	51	38	57	7303	0	7449
21155	43	7479	37	108	0	7667
21156	54	7963	38	69	0	8124
21157	68	101	8174	43	0	8386
21158	53	113	105	8341	0	8612
21159	37	17	8296	87	0	8437
21160	30	14	7496	52	0	7592
21161	18	7438	94	26	0	7576
21162	60	52	76	6952	0	7140
21163	7018	48	15	42	0	7123
21164	39	15	5	7041	0	7100
21165	7101	6	7	48	0	7162
21166	6948	11	12	34	0	7005
21167	6935	6	6	16	0	6963
21168	84	2	6996	18	0	7100
21169	6974	7	50	6	0	7037
21170	58	8	39	7105	0	7210
21171	7184	6	15	50	0	7255
21172	7212	5	16	42	0	7275
21173	82	7141	12	18	0	7253
21174	7153	40	10	14	0	7217
21175	55	39	7196	10	0	7300
21176	6948	19	45	12	0	7024
21177	7083	11	38	10	0	7142
21178	77	7162	15	13	0	7267
21179	7119	49	8	9	0	7185
21180	53	39	14	6777	0	6883
21181	46	14	10	6744	0	6814
21182	20	6845	9	77	0	6951
21183	20	38	10	6898	0	6966
21184	17	35	12	6943	0	7007
21185	20	12	6923	80	0	7035
21186	22	9	6819	44	0	6894
21187	6622	7	77	20	0	6726
21188	6824	5	49	17	0	6895
21189	87	10	16	6906	0	7019
21190	55	6	6877	54	0	6992
21191	21	6892	44	47	0	7004
21192	21	49	39	6766	0	6875
21193	17	42	6929	48	0	7036
21194	6580	19	52	48	0	6699
21195	61	14	43	6986	0	7104
21196	44	7217	23	59	0	7343
21197	27	66	17	7194	0	7304
21198	19	41	15	7293	0	7368
21199	22	16	15	7339	0	7392
21200	7231	12	17	98	0	7358
21201	66	11	14	7200	0	7291
21202	7228	14	23	65	0	7330
21203	7183	17	15	54	0	7269
21204	104	13	7259	25	0	7401
21205	68	7312	58	33	0	7471
21206	29	67	55	6874	0	7025
21207	27	7740	28	65	0	7860
21208	7816	62	19	41	0	7938
21209	75	55	14	7794	0	7938
21210	70	12	7778	76	0	7936
21211	27	15	7802	53	0	7897
21212	28	16	7825	29	0	7898
21213	7635	6	111	22	0	7774
21214	77	7827	64	30	0	7998
21215	7767	69	16	24	0	7876
21216	74	7857	17	40	0	7988
21217	67	68	14	7795	0	7944
21218	35	58	23	7655	0	7771
21219	34	7952	14	121	0	8121
21220	34	70	7989	68	0	8161
21221	31	8053	71	33	0	8188
21222	7810	66	93	37	0	8006
21223	78	60	21	7630	0	7789
21224	71	20	7544	77	0	7712
21225	34	23	7568	64	0	7689
21226	33	27	105	7478	0	7643
21227	41	14	7444	61	0	7560
21228	32	7	7209	59	0	7307
21229	6727	33	104	19	0	6883
21230	71	6826	59	30	0	6986
21231	6637	51	17	22	0	6727
21232	69	42	6598	17	0	6726
21233	58	6291	57	23	0	6429
21234	16	6353	69	25	0	6463
21235	40	116	75	6167	0	6398
21236	25	50	17	6255	0	6347
21237	22	15	16	6524	0	6577
21238	16	18	6466	111	0	6611
21239	18	12	69	6442	0	6541
21240	15	11	45	6545	0	6616
21241	6485	11	9	105	0	6610
21242	71	6434	7	75	0	6587
21243	50	68	11	6475	0	6604
21244	6439	47	15	77	0	6578
21245	6334	16	16	60	0	6426
21246	111	13	15	6358	0	6497
21247	53	13	6428	76	0	6570
21248	20	16	68	6446	0	6550
21249	29	11	6446	73	0	6559
21250	6399	18	76	54	0	6547
21251	6917	10	60	26	0	7013
21252	123	36	24	7151	0	7334
21253	57	19	7405	98	0	7579
21254	20	7833	102	86	0	8041
21255	22	111	8075	22	0	8230
21256	24	117	96	6970	0	7207
21257	7	7458	76	75	0	7616
21258	7073	81	19	49	0	7222
21259	84	60	13	6828	0	6985
21260	61	7063	4	85	0	7213
21261	7102	80	18	57	0	7257
21262	80	64	13	6958	0	7115
21263	57	7069	12	91	0	7229
21264	17	80	14	7122	0	7233
21265	13	60	7083	92	0	7248
21266	6881	15	83	67	0	7046
21267	6932	16	61	22	0	7031
21268	137	15	6943	15	0	7110
21269	67	6883	86	18	0	7054
21270	6881	86	70	21	0	7058
21271	87	59	17	6778	0	6941
21272	62	20	14	6809	0	6905
21273	21	19	21	6890	0	6951
21274	19	13	18	6818	0	6868
21275	18	14	18	6854	0	6904
21276	6712	15	21	142	0	6890
21277	6851	15	13	88	0	6967
21278	144	9	16	6776	0	6945
21279	69	22	13	6846	0	6950
21280	26	18	6740	146	0	6930
21281	19	13	6730	103	0	6865
21282	6590	15	138	34	0	6777
21283	96	29	70	6622	0	6817
21284	71	15	6644	98	0	6828
21285	26	17	88	6632	0	6763
21286	6604	16	75	102	0	6797
21287	6705	15	25	75	0	6820
21288	136	21	20	6576	0	6753
21289	75	13	26	6712	0	6826
21290	6668	11	29	146	0	6854
21291	93	19	17	6614	0	6743
21292	70	6700	20	97	0	6887
21293	31	81	21	6550	0	6683
21294	21	85	22	6548	0	6676
21295	34	25	6444	138	0	6641
21296	35	17	6279	77	0	6408
21297	17	6323	135	55	0	6530
21298	6143	85	68	32	0	6328
21299	5981	63	29	38	0	6111
21300	6147	19	15	35	0	6216
21301	147	6028	19	39	0	6233
21302	73	6151	13	32	0	6269
21303	5975	136	17	22	0	6150
21304	104	6168	11	35	0	6318
21305	78	90	6034	30	0	6232
21306	26	6011	91	31	0	6159
21307	20	91	5693	38	0	5842
21308	5372	61	79	24	0	5536
21309	5496	21	62	17	0	5596
21310	128	5431	22	26	0	5607
21311	5482	83	13	26	0	5604
21312	6035	59	15	20	0	6129
21313	6188	19	15	34	0	6256
21314	146	25	19	6097	0	6287
21315	6198	13	20	93	0	6324
21316	111	14	6060	86	0	6271
21317	6005	13	80	46	0	6144
21318	114	12	67	6049	0	6242
21319	89	16	6007	104	0	6216
21320	50	13	6010	87	0	6160
21321	31	18	131	5915	0	6095
21322	32	15	83	6008	0	6138
21323	5974	13	31	159	0	6177
21324	98	14	24	6031	0	6167
21325	81	15	5953	115	0	6164
21326	49	15	99	5806	0	5969
21327	24	6109	72	122	0	6327
21328	6174	88	31	89	0	6382
21329	102	66	24	6195	0	6387
21330	84	31	6182	107	0	6404
21331	56	6151	83	90	0	6380
21332	5828	81	66	48	0	6023
21333	97	65	36	5890	0	6088
21334	93	25	5918	91	0	6127
21335	42	5867	80	89	0	6078
21336	5634	80	85	53	0	5852
21337	5585	60	24	34	0	5703
21338	5651	27	23	28	0	5729
21339	150	11	19	5547	0	5727
21340	91	9	19	5617	0	5736
21341	5551	10	21	128	0	5710
21342	98	5508	13	95	0	5714
21343	5543	64	12	49	0	5668
21344	106	55	18	5511	0	5690
21345	5676	24	21	87	0	5808
21346	99	18	19	5666	0	5802
21347	79	10	19	5655	0	5763
21348	37	14	20	5662	0	5733
21349	35	13	23	5715	0	5786
21350	28	17	5428	147	0	5620
21351	31	9	4981	79	0	5100
21352	4554	9	90	32	0	4685
21353	52	12	4738	20	0	4822
21354	42	11	4056	14	0	4123
21355	3775	2	63	10	0	3850
21356	3859	7	41	10	0	3917
21357	47	9	17	4182	0	4255
21358	4249	7	10	25	0	4291
21359	35	4316	10	36	0	4397
21360	4414	22	6	18	0	4460
21361	4299	31	10	12	0	4352
21362	4448	15	10	4	0	4477
21363	61	8	10	4468	0	4547
21364	55	4451	3	23	0	4532
21365	26	4498	2	37	0	4563
21366	4498	36	7	27	0	4568
21367	4516	46	6	16	0	4584
21368	53	14	3	4479	0	4549
21369	45	7	6	4452	0	4510
21370	26	4441	13	56	0	4536
21371	4454	18	8	47	0	4527
21372	29	26	4434	17	0	4506
21373	35	13	19	4382	0	4449
21374	26	5	25	4425	0	4481
21375	18	3	4502	56	0	4579
21376	8	2	22	4436	0	4468
21377	14	4225	32	45	0	4316
21378	13	25	16	4436	0	4490
21379	24	23	9	4404	0	4460
21380	12	4366	15	55	0	4448
21381	18	4495	12	43	0	4568
21382	17	37	12	4478	0	4544
21383	4563	32	13	27	0	4635
21384	28	17	8	4575	0	4628
21385	38	8	9	4571	0	4626
21386	22	4823	14	51	0	4910
21387	20	22	12	4857	0	4911
21388	23	26	7	4847	0	4903
21389	20	20	5	4852	0	4897
21390	4893	5	5	60	0	4963
21391	27	9	10	4888	0	4934
21392	36	10	3	4800	0	4849
21393	27	9	1	4845	0	4882
21394	23	8	4801	56	0	4888
21395	4377	7	12	53	0	4449
21396	23	4782	24	29	0	4858
21397	4733	23	11	16	0	4783
21398	41	24	5	4730	0	4800
21399	31	13	4753	26	0	4823
21400	4488	9	27	34	0	4558
21401	22	9	5630	30	0	5691
21402	33	13	44	5520	0	5610
21403	5747	5	24	25	0	5801
21404	5588	6	17	29	0	5640
21405	5904	2	8	25	0	5939
21406	45	6	2	5980	0	6033
21407	40	9	6	6006	0	6061
21408	22	29	6	6023	0	6080
21409	16	5951	5	57	0	6029
21410	12	5904	3	41	0	5960
21411	12	5802	7	24	0	5845
21412	3	5563	2	4	0	5572
21413	6	9	1	5541	0	5557
21414	2	5	1	5518	0	5526
21415	5528	1	7	12	0	5548
21416	5175	1	0	8	0	5184
21417	5555	1	2	3	0	5561
21418	12	0	0	5634	0	5646
21419	4	5	1	5642	0	5652
21420	5693	1	1	18	0	5713
21421	5427	2	2	6	0	5437
21422	19	1	5799	1	0	5820
21423	15	0	5708	6	0	5729
21424	7	1	5843	5	0	5856
21425	6	1	5971	4	0	5982
21426	2	0	11	5935	0	5948
21427	5894	1	5	12	0	5912
21428	7	5855	1	27	0	5890
21429	5	9	0	5924	0	5938
21430	6	6	6105	10	0	6127
21431	2	6341	9	26	0	6378
21432	0	9	8	6403	0	6420
21433	7	6	6454	10	0	6477
21434	1	0	9	6306	0	6316
21435	1	1	8	6387	0	6397
21436	6486	0	0	22	0	6508
21437	9	1	0	6505	0	6515
21438	12	2	6584	11	0	6609
21439	1	2	8	6516	0	6527
21440	0	7156	8	13	0	7177
21441	1	10	1	7421	0	7433
21442	1	9	1	7430	0	7441
21443	1	2	3	7434	0	7440
21444	7539	1	4	21	0	7565
21445	7342	2	1	14	0	7359
21446	7557	4	4	4	0	7569
21447	7521	1	2	5	0	7529
21448	21	1	7695	2	0	7719
21449	7379	5	12	3	0	7399
21450	7605	3	6	5	0	7619
21451	19	2	7716	4	0	7741
21452	14	3	8151	2	0	8170
21453	1	0	15	8030	0	8046
21454	2	8239	9	14	0	8264
21455	8425	9	4	15	0	8453
21456	8571	5	3	5	0	8584
21457	8597	2	1	7	0	8607
21458	16	2	1	8579	0	8598
21459	5	9114	6	21	0	9146
21460	9436	9	1	11	0	9457
21461	9488	8	1	4	0	9501
21462	15	1	1	9579	0	9596
21463	9	2	9553	18	0	9582
21464	9371	3	11	9	0	9394
21465	13	1	6	9813	0	9833
21466	9943	1	2	17	0	9963
21467	14	2	2	10045	0	10063
21468	13	1	10201	16	0	10231
21469	10657	1	15	19	0	10692
21470	14	1	7	10913	0	10935
21471	19	3	3	10890	0	10915
21472	3	1	1	10964	0	10969
21473	4	1	2	10888	0	10895
21474	11028	0	1	25	0	11054
21475	13	1	2	10996	0	11012
21476	7	11037	2	25	0	11071
21477	2	19	1	11195	0	11217
21478	3	11313	3	23	0	11342
21479	3	13	1	11451	0	11468
21480	2	11	0	11504	0	11517
21481	1	11518	3	24	0	11546
21482	4	14	1	11641	0	11660
21483	2	8	2	11559	0	11571
21484	11573	1	1	29	0	11604
21485	18	1	11944	10	0	11973
21486	9	0	13	11829	0	11851
21487	11945	1	20	20	0	11986
21488	11536	1	5	22	0	11564
21489	11844	0	3	8	0	11855
21490	38	0	12235	4	0	12277
21491	21	5	12642	7	0	12675
21492	3	5	37	12716	0	12761
21493	13073	0	19	30	0	13122
21494	27	14	13042	21	0	13104
21495	12606	0	21	14	0	12641
21496	22	13392	21	15	0	13450
21497	20	19	2	14143	0	14184
21498	2	18	0	14515	0	14535
21499	14786	5	0	36	0	14827
21500	17	1	2	14990	0	15010
21501	14471	3	1	22	0	14497
21502	14747	3	1	19	0	14770
21503	35	5	2	14709	0	14751
21504	21	2	0	14753	0	14776
21505	14761	1	1	45	0	14808
21506	31	5	16093	21	0	16150
21507	16124	4	23	13	0	16164
21508	35	3	17145	0	0	17183
21509	17321	4	18	10	0	17353
21510	18786	2	21	24	0	18833
21511	18627	4	8	18	0	18657
21512	18368	5	3	13	0	18389
21513	39	18824	6	27	0	18896
21514	19390	18	5	17	0	19430
21515	19347	19	6	29	0	19401
21516	47	20875	6	29	0	20957
21517	21048	19	5	18	0	21090
21518	33	21	20997	5	0	21056
21519	20652	5	20	24	0	20701
21520	35	24	21232	10	0	21301
21521	28	3	22	20948	0	21001
21522	12	12	27	21005	0	21056
21523	30	4	21533	50	0	21617
21524	8	6	18	21159	0	21191
21525	21	23	56	20251	0	20351
21526	22357	4	4	74	0	22439
21527	37	2	9	22495	0	22543
21528	39	4	6	22327	0	22376
21529	23	4	5	22550	0	22582
21530	12	22417	8	79	0	22516
21531	16	31	6	22445	0	22498
21532	22512	29	5	67	0	22613
21533	57	5	23055	53	0	23170
21534	52	3	39	23278	0	23372
21535	34	7	23521	56	0	23618
21536	22976	7	47	66	0	23096
21537	54	9	47	24545	0	24655
21538	90	42	31727	70	0	31929
21539	27	7	189	31782	0	32005
21540	28	16	217	31261	0	31522
21541	20	32644	50	416	0	33130
21542	22	209	25	33174	0	33430
21543	23	230	11	34986	0	35250
21544	36	92	35213	498	0	35839
21545	23	30	238	34818	0	35109
21546	22	20	259	35314	0	35615
21547	34965	13	64	514	0	35556
21548	34500	15	45	326	0	34886
21549	460	35123	16	132	0	35731
21550	35409	236	31	67	0	35743
21551	35036	261	25	68	0	35390
21552	498	36699	16	76	0	37289
21553	311	256	16	36713	0	37296
21554	36807	258	26	271	0	37362
21555	36199	66	26	313	0	36604
21556	36652	34	22	108	0	36816
21557	543	36479	25	95	0	37142
21558	387	241	37119	70	0	37817
21559	37016	275	267	72	0	37630
21560	37462	87	280	88	0	37917
21561	543	38416	72	103	0	39134
21562	38390	302	49	88	0	38829
21563	38680	304	36	94	0	39114
21564	608	77	29	38917	0	39631
21565	428	97	39325	361	0	40211
21566	152	34	288	39983	0	40457
21567	104	39	338	39220	0	39701
21568	98	60	85	40314	0	40557
21569	136	44	39230	688	0	40098
21570	92	61	311	38711	0	39175
21571	92	41	343	39118	0	39594
21572	99	32	91	39342	0	39564
21573	93	55	56	39426	0	39630
21574	83	40	47	39560	0	39730
21575	106	39309	41	938	0	40394
21576	113	315	39	39695	0	40162
21577	83	337	51	40792	0	41263
21578	107	108	40411	724	0	41350
21579	114	60	348	43275	0	43797
21580	105	65	367	43247	0	43784
21581	93	73	103	44848	0	45117
21582	92	68	79	46206	0	46445
21583	46273	54	72	1026	0	47425
21584	544	73	67	45937	0	46621
21585	522	88	51	46773	0	47434
21586	222	88	45889	1054	0	47253
21587	179	45002	452	752	0	46385
21588	114	46520	505	374	0	47513
21589	45783	813	176	286	0	47058
21590	484	46413	117	304	0	47318
21591	531	523	93	45518	0	46665
21592	45275	499	56	715	0	46545
21593	586	149	45650	708	0	47093
21594	543	125	484	45084	0	46236
21595	199	46047	486	769	0	47501
21596	139	503	141	45418	0	46201
21597	96	45945	96	872	0	47009
21598	136	554	87	46017	0	46794
21599	45332	556	72	774	0	46734
21600	614	201	46251	771	0	47837
21601	601	142	527	44243	0	45513
21602	226	46173	551	833	0	47783
21603	45847	557	194	767	0	47365
21604	668	545	45745	452	0	47410
21605	625	187	559	45398	0	46769
21606	268	174	44404	852	0	45698
21607	255	120	631	44115	0	45121
21608	214	149	43434	905	0	44702
21609	173	143	653	42266	0	43235
21610	178	126	621	42300	0	43225
21611	41501	161	223	1285	0	43170
21612	41295	165	191	904	0	42555
21613	1164	154	118	41199	0	42635
21614	741	41205	152	862	0	42960
21615	315	632	103	41373	0	42423
21616	272	626	126	40522	0	41546
21617	39537	217	144	1318	0	41216
21618	623	39649	148	1013	0	41433
21619	39823	671	132	489	0	41115
21620	39244	683	104	444	0	40475
21621	1082	38961	128	493	0	40664
21622	708	39768	134	539	0	41149
21623	39011	1036	183	477	0	40707
21624	751	641	38709	545	0	40646
21625	38465	247	642	501	0	39855
21626	38280	213	614	519	0	39626
21627	1172	38005	245	543	0	39965
21628	787	650	207	35412	0	37056
21629	336	38187	220	961	0	39704
21630	37698	705	255	904	0	39562
21631	37777	696	251	563	0	39287
21632	1134	342	213	36763	0	38452
21633	768	367	196	37455	0	38786
21634	36110	231	193	1400	0	37934
21635	687	36207	169	1173	0	38236
21636	733	35870	185	685	0	37473
21637	390	35414	207	554	0	36565
21638	157	26903	121	436	0	27617
21639	157	27098	133	470	0	27858
21640	392	917	211	25995	0	27515
21641	201	504	25376	639	0	26720
21642	237	25081	349	637	0	26304
21643	23136	520	341	313	0	24310
21644	513	403	148	22862	0	23926
21645	22916	269	134	514	0	23833
21646	487	22753	145	543	0	23928
21647	22907	467	162	281	0	23817
21648	532	23080	191	298	0	24101
21649	493	474	198	22992	0	24157
21650	22808	424	160	564	0	23956
21651	22984	227	183	523	0	23917
21652	710	197	173	22882	0	23962
21653	526	209	161	22714	0	23610
21654	300	22647	151	797	0	23895
21655	302	504	125	22760	0	23691
21656	325	411	102	22652	0	23490
21657	304	409	102	22491	0	23306
21658	244	21681	99	882	0	22906
21659	20161	441	92	523	0	21217
21660	440	20521	107	363	0	21431
21661	19687	461	98	303	0	20549
21662	476	19847	105	238	0	20666
21663	483	453	19162	285	0	20383
21664	292	451	331	18857	0	19931
21665	276	247	18485	407	0	19415
21666	268	227	17931	381	0	18807
21667	271	239	511	17714	0	18735
21668	279	186	17848	388	0	18701
21669	256	203	370	17469	0	18298
21670	275	194	307	17374	0	18150
21671	305	181	125	17833	0	18444
21672	17542	218	108	613	0	18481
21673	454	169	92	17619	0	18334
21674	456	196	76	17594	0	18322
21675	16900	170	63	651	0	17784
21676	433	16852	41	497	0	17823
21677	403	15919	38	268	0	16628
21678	258	15954	41	221	0	16474
21679	217	1022	29	11796	0	13064
21680	158	224	12012	271	0	12665
21681	9740	254	275	170	0	10439
21682	167	10084	90	88	0	10429
21683	9177	161	28	62	0	9428
21684	8958	127	46	40	0	9171
21685	9047	66	17	45	0	9175
21686	220	69	9102	28	0	9419
21687	140	81	93	9012	0	9326
21688	90	64	72	9001	0	9227
21689	91	59	32	9074	0	9256
21690	89	44	26	8896	0	9055
21691	82	8926	33	193	0	9234
21692	8797	116	26	133	0	9072
21693	127	91	8301	74	0	8593
21694	7691	44	77	48	0	7860
21695	121	158	51	7397	0	7727
21696	88	7337	17	103	0	7545
21697	47	7449	12	98	0	7606
21698	65	396	18	6602	0	7081
21699	43	6788	12	99	0	6942
21700	5576	53	4	63	0	5696
21701	39	30	5472	20	0	5561
21702	31	27	17	5080	0	5155
21703	15	8	19	5116	0	5158
21704	7	9	10	5180	0	5206
21705	5	16	2	5178	0	5201
21706	5203	7	5	42	0	5257
21707	23	17	5	5480	0	5525
21708	6169	8	7	38	0	6222
21709	36	8	5	6354	0	6403
21710	34	8	5	6657	0	6704
21711	19	6985	8	96	0	7108
21712	7209	46	4	46	0	7305
21713	7365	42	7	21	0	7435
21714	100	7438	5	19	0	7562
21715	52	60	4	6908	0	7024
21716	20	7199	6	63	0	7288
21717	7175	60	12	43	0	7290
21718	61	47	7158	39	0	7305
21719	51	18	7055	11	0	7135
21720	6745	15	82	22	0	6864
21721	48	7018	48	25	0	7139
21722	50	72	15	6943	0	7080
21723	18	50	7	6978	0	7053
21724	10	14	7092	100	0	7216
21725	11	9	53	7011	0	7084
21726	10	9	43	7099	0	7161
21727	4	6981	9	106	0	7100
21728	10	57	7	6934	0	7008
21729	7	48	17	6953	0	7025
21730	6873	11	7	111	0	7002
21731	57	6795	7	75	0	6934
21732	42	6838	9	31	0	6920
21733	20	94	5	6774	0	6893
21734	5	51	8	6831	0	6895
21735	15	11	2	6852	0	6880
21736	13	6843	8	124	0	6988
21737	13	54	8	6889	0	6964
21738	11	48	2	6715	0	6776
21739	12	19	3	6866	0	6900
21740	10	9	3	6856	0	6878
21741	12	7113	7	115	0	7247
21742	8	7469	10	86	0	7573
21743	7364	110	6	28	0	7508
21744	7389	66	4	18	0	7477
21745	118	23	1	7469	0	7611
21746	67	11	7491	82	0	7651
21747	19	23	65	7476	0	7583
21748	20	17	60	7352	0	7449
21749	7233	6	16	131	0	7386
21750	67	7648	12	77	0	7804
21751	69	69	5	7581	0	7724
21752	20	78	9	7676	0	7783
21753	29	21	7567	130	0	7747
21754	22	17	7652	85	0	7776
21755	15	22	127	7591	0	7755
21756	17	20	71	7401	0	7509
21757	11	7573	17	151	0	7752
21758	7	7700	17	93	0	7817
21759	7629	123	15	46	0	7813
21760	77	73	13	7744	0	7907
21761	73	31	7723	83	0	7910
21762	20	7661	61	97	0	7839
21763	16	75	63	7699	0	7853
21764	7659	69	26	97	0	7851
21765	63	28	12	7747	0	7850
21766	7615	24	12	99	0	7750
21767	74	7669	9	95	0	7847
21768	7529	77	5	49	0	7660
21769	83	73	9	7643	0	7808
21770	79	27	7943	99	0	8148
21771	17	25	80	7874	0	7996
21772	19	8212	68	113	0	8412
21773	26	101	13	8176	0	8316
21774	26	8478	16	124	0	8644
21775	22	105	13	8657	0	8797
21776	27	89	8428	135	0	8679
21777	28	27	8267	114	0	8436
21778	13	38	8515	68	0	8634
21779	8213	28	166	67	0	8474
21780	99	8355	94	56	0	8604
21781	84	8520	29	48	0	8681
21782	8327	168	19	56	0	8570
21783	8288	104	19	51	0	8462
21784	173	43	20	8369	0	8605
21785	101	34	8387	144	0	8666
21786	41	27	8188	118	0	8374
21787	41	27	160	8058	0	8286
21788	8090	25	93	151	0	8359
21789	95	8148	27	118	0	8388
21790	92	109	18	8181	0	8400
21791	8017	95	18	146	0	8276
21792	8003	43	22	130	0	8198
21793	172	37	8046	69	0	8324
21794	7792	31	98	67	0	7988
21795	116	31	8137	63	0	8347
21796	94	26	8253	74	0	8447
21797	43	40	167	7918	0	8168
21798	28	44	91	7919	0	8082
21799	35	34	28	8240	0	8337
21800	41	31	8050	206	0	8328
21801	7947	40	110	134	0	8231
21802	113	27	90	8267	0	8497
21803	8205	42	33	152	0	8432
21804	8116	45	34	127	0	8322
21805	180	8274	19	88	0	8561
21806	114	8422	28	64	0	8628
21807	43	8315	28	77	0	8463
21808	40	216	66	7555	0	7877
21809	32	85	7564	111	0	7792
21810	21	224	96	6760	0	7101
21811	25	6872	78	84	0	7059
21812	16	6700	32	81	0	6829
21813	45	115	16	6508	0	6684
21814	6430	59	14	77	0	6580
21815	71	6344	21	103	0	6539
21816	60	6378	34	36	0	6508
21817	6446	107	27	24	0	6604
21818	79	62	22	6423	0	6586
21819	69	24	17	6362	0	6472
21820	31	21	17	6556	0	6625
21821	6385	19	20	120	0	6544
21822	6408	19	11	89	0	6527
21823	121	16	24	6443	0	6604
21824	79	18	6323	67	0	6487
21825	6187	17	72	84	0	6360
21826	79	13	73	6312	0	6477
21827	67	16	6281	79	0	6443
21828	25	22	6279	72	0	6398
21829	42	25	107	6322	0	6496
21830	33	22	6591	83	0	6729
21831	21	27	76	7005	0	7129
21832	28	37	87	6995	0	7147
21833	39	20	25	7377	0	7461
21834	7292	21	19	160	0	7492
21835	87	23	29	7315	0	7454
21836	83	27	30	7349	0	7489
21837	19	40	22	7369	0	7450
21838	35	24	22	7398	0	7479
21839	39	34	7199	149	0	7421
21840	17	7158	84	108	0	7367
21841	17	81	62	6567	0	6727
21842	20	66	21	6367	0	6474
21843	13	6419	17	123	0	6572
21844	21	6537	16	74	0	6648
21845	6410	133	26	27	0	6596
21846	69	6358	17	47	0	6491
21847	66	76	24	6294	0	6460
21848	37	65	6354	74	0	6530
21849	6105	20	61	86	0	6272
21850	79	18	6063	32	0	6192
21851	5988	16	63	36	0	6103
21852	5966	10	62	40	0	6078
21853	125	11	6066	39	0	6241
21854	66	14	78	5838	0	5996
21855	28	5914	66	113	0	6121
21856	32	71	28	6225	0	6356
21857	6329	57	20	99	0	6505
21858	6413	17	20	92	0	6542
21859	125	6392	32	47	0	6596
21860	6414	69	30	40	0	6553
21861	84	61	26	6223	0	6394
21862	6194	16	30	110	0	6350
21863	6220	16	26	103	0	6365
21864	131	18	16	6242	0	6407
21865	6256	15	28	111	0	6410
21866	6159	28	18	106	0	6311
21867	127	23	6212	70	0	6432
21868	6142	27	84	55	0	6308
21869	92	21	6162	45	0	6320
21870	75	30	5779	43	0	5927
21871	22	5896	104	46	0	6068
21872	23	57	78	5590	0	5748
21873	23	51	5730	72	0	5876
21874	24	15	5635	58	0	5732
21875	5579	11	84	39	0	5713
21876	56	23	45	5575	0	5699
21877	52	12	18	5729	0	5811
21878	19	16	8	5787	0	5830
21879	19	21	12	5749	0	5801
21880	22	15	7	5839	0	5883
21881	31	22	5787	96	0	5936
21882	27	13	5763	71	0	5874
21883	26	15	81	5761	0	5883
21884	5651	12	56	64	0	5783
21885	53	5629	12	78	0	5772
21886	67	54	18	5547	0	5686
21887	5535	46	12	73	0	5666
21888	59	5591	14	73	0	5737
21889	65	57	15	5553	0	5690
21890	23	51	18	5653	0	5745
21891	31	11	29	5647	0	5718
21892	5548	10	16	107	0	5681
21893	58	15	5529	70	0	5672
21894	5460	6	60	46	0	5572
21895	60	20	64	5474	0	5618
21896	73	14	17	5272	0	5376
21897	31	5392	20	120	0	5563
21898	23	47	5396	92	0	5558
21899	5268	50	57	49	0	5424
21900	5367	20	53	53	0	5493
21901	112	17	5243	50	0	5422
21902	5037	23	64	57	0	5181
21903	55	5249	56	64	0	5424
21904	65	5341	26	48	0	5480
21905	32	5378	30	34	0	5474
21906	5145	98	56	35	0	5334
21907	73	55	5159	40	0	5327
21908	61	45	47	4841	0	4994
21909	29	4847	49	53	0	4978
21910	35	4862	17	54	0	4968
21911	36	4822	19	21	0	4898
21912	47	124	16	4349	0	4536
21913	4590	49	15	60	0	4714
21914	59	4671	17	58	0	4805
21915	54	48	30	4629	0	4761
21916	49	38	15	4664	0	4766
21917	4582	14	30	81	0	4707
21918	81	16	20	4580	0	4697
21919	65	8	29	4660	0	4762
21920	31	11	4655	95	0	4792
21921	40	22	37	4647	0	4746
21922	35	18	45	4716	0	4814
21923	4671	10	24	95	0	4800
21924	4680	16	20	52	0	4768
21925	86	21	23	4755	0	4885
21926	4688	18	25	65	0	4796
21927	4654	20	27	53	0	4754
21928	94	4761	21	30	0	4906
21929	60	47	4688	26	0	4821
21930	40	4503	43	36	0	4622
21931	61	122	60	3739	0	3982
21932	3698	35	41	27	0	3801
21933	22	3725	7	27	0	3781
21934	29	21	6	3658	0	3714
21935	3667	23	6	29	0	3725
21936	3620	2	9	30	0	3661
21937	37	7	9	3661	0	3714
21938	21	11	3842	29	0	3903
21939	8	7	21	3845	0	3881
21940	11	11	22	3862	0	3906
21941	9	7	3895	43	0	3954
21942	12	5	17	3867	0	3901
21943	9	5	24	3797	0	3835
21944	3951	9	7	34	0	4001
21945	23	6	7	3963	0	3999
21946	27	8	6	3930	0	3971
21947	3934	9	3	44	0	3990
21948	3797	7	9	32	0	3845
21949	3864	10	8	14	0	3896
21950	37	7	3892	15	0	3951
21951	28	23	20	3795	0	3866
21952	15	3947	21	28	0	4011
21953	11	27	2	4044	0	4084
21954	12	21	4265	27	0	4325
21955	10	9	15	4128	0	4162
21956	13	7	4260	23	0	4303
21957	3922	15	12	17	0	3966
21958	3954	5	11	9	0	3979
21959	24	2	1	4157	0	4184
21960	14	6	4	4176	0	4200
21961	2	7	3	4120	0	4132
21962	4	4362	4	27	0	4397
21963	4369	12	2	16	0	4399
21964	4363	13	5	8	0	4389
21965	27	0	3	4392	0	4422
21966	17	1	3	4360	0	4381
21967	4	3	0	4356	0	4363
21968	3	4	4	4391	0	4402
21969	8	2	4368	30	0	4408
21970	3	3	12	4366	0	4384
21971	4258	5	12	17	0	4292
21972	4182	1	4	14	0	4201
21973	23	3	1	4091	0	4118
21974	15	0	4033	20	0	4068
21975	3859	3	12	17	0	3891
21976	18	8	9	4050	0	4085
21977	12	4044	2	16	0	4074
21978	2	4180	5	12	0	4199
21979	4326	14	14	12	0	4366
21980	11	7	7	4448	0	4473
21981	9	1	5	4459	0	4474
21982	2	2	1	4684	0	4689
21983	1	1	2	4742	0	4746
21984	5	0	1	5042	0	5048
21985	3	2	5065	40	0	5110
21986	1	2	5043	21	0	5067
21987	12	1	5085	3	0	5101
21988	4	1	35	5042	0	5082
21989	2	1	5285	30	0	5318
21990	1	0	28	5247	0	5276
21991	4	2	21	5227	0	5254
21992	1	3	1	5457	0	5462
21993	5533	0	5	55	0	5593
21994	23	4	2	5513	0	5542
21995	22	2	2	5692	0	5718
21996	5665	2	6	45	0	5718
21997	28	5709	2	106	0	5845
21998	23	5969	3	4	0	5999
21999	6001	43	2	7	0	6053
22000	21	6180	3	11	0	6215
22001	6134	25	2	7	0	6168
22002	6091	22	3	10	0	6126
22003	6021	3	2	9	0	6035
22004	6001	3	1	8	0	6013
22005	6072	2	4	6	0	6084
22006	53	6076	2	11	0	6142
22007	6021	28	4	7	0	6060
22008	6028	25	9	7	0	6069
22009	53	6153	4	11	0	6221
22010	6615	29	4	11	0	6659
22011	6643	26	8	12	0	6689
22012	7204	3	5	10	0	7222
22013	7495	3	4	14	0	7516
22014	102	15	8188	12	0	8317
22015	73	3	84	8574	0	8734
22016	18	2	65	8901	0	8986
22017	10	8	8875	146	0	9039
22018	16	3	8800	90	0	8909
22019	8730	3	140	24	0	8897
22020	80	29	82	8909	0	9100
22021	89	7	9006	76	0	9178
22022	26	4	8903	86	0	9019
22023	8737	15	158	19	0	8929
22024	8878	4	92	19	0	8993
22025	8920	4	24	9	0	8957
22026	164	6	8974	8	0	9152
22027	99	2	77	8940	0	9118
22028	32	3	9040	82	0	9157
22029	8861	6	88	85	0	9040
22030	90	3	9191	22	0	9306
22031	94	7	89	8953	0	9143
22032	33	11	87	8883	0	9014
22033	29	9238	16	141	0	9424
22034	9342	82	13	93	0	9530
22035	105	85	9319	21	0	9530
22036	9392	14	91	14	0	9511
22037	125	9	9647	15	0	9796
22038	101	8	114	9276	0	9499
22039	35	5	91	9339	0	9470
22040	32	4	40	9474	0	9550
22041	9341	6	23	192	0	9562
22042	110	8	22	9341	0	9481
22043	102	4	18	9322	0	9446
22044	36	9266	31	184	0	9517
22045	36	90	30	9363	0	9519
22046	9187	83	30	125	0	9425
22047	127	17	9188	113	0	9445
22048	106	10	109	9104	0	9329
22049	59	3	9214	117	0	9393
22050	41	9009	131	117	0	9298
22051	51	90	9183	34	0	9358
22052	8804	97	134	42	0	9077
22053	8880	21	116	40	0	9057
22054	185	10	68	8685	0	8948
22055	8772	6	50	114	0	8942
22056	8695	8	46	103	0	8852
22057	216	9	34	8639	0	8898
22058	131	6	53	8749	0	8939
22059	52	14	8672	194	0	8932
22060	51	8609	124	121	0	8905
22061	8608	96	116	52	0	8872
22062	135	8427	50	47	0	8659
22063	129	105	53	8254	0	8541
22064	63	90	32	8363	0	8548
22065	48	29	36	8394	0	8507
22066	58	17	15	8465	0	8555
22067	45	18	8291	224	0	8578
22068	8036	17	121	157	0	8331
22069	8291	7	123	73	0	8494
22070	197	28	54	8237	0	8516
22071	8270	14	46	141	0	8471
22072	141	19	40	8271	0	8471
22073	149	22	8233	146	0	8550
22074	60	15	122	8178	0	8375
22075	50	8144	135	148	0	8477
22076	64	102	54	7994	0	8214
22077	43	8124	56	156	0	8379
22078	71	130	31	7756	0	7988
22079	53	7851	53	136	0	8093
22080	7626	108	35	145	0	7914
22081	134	91	7700	75	0	8000
22082	122	7374	112	71	0	7679
22083	74	7416	116	53	0	7659
22084	101	186	84	6916	0	7287
22085	62	96	50	6910	0	7118
22086	41	51	46	6991	0	7129
22087	62	29	38	7059	0	7188
22088	64	6933	46	182	0	7225
22089	56	89	39	6778	0	6962
22090	53	91	35	6761	0	6940
22091	6609	29	47	201	0	6886
22092	105	36	24	6713	0	6878
22093	125	14	6536	147	0	6822
22094	66	22	6469	128	0	6685
22095	6224	23	142	81	0	6470
22096	102	6411	100	86	0	6699
22097	92	6353	43	72	0	6560
22098	63	143	50	6064	0	6320
22099	40	97	38	6118	0	6293
22100	48	34	5947	187	0	6216
22101	5754	34	107	117	0	6012
22102	5899	25	79	89	0	6092
22103	169	41	6177	51	0	6438
22104	102	23	6044	72	0	6241
22105	6006	21	159	52	0	6238
22106	6176	21	94	53	0	6344
22107	6138	34	55	60	0	6287
22108	6183	19	29	57	0	6288
22109	163	5944	28	47	0	6182
22110	5403	83	23	52	0	5561
22111	100	66	5210	49	0	5425
22112	63	33	4737	36	0	4869
22113	38	33	4631	38	0	4740
22114	42	447	133	2985	0	3607
22115	2894	3	93	24	0	3014
22116	2900	4	4	12	0	2920
22117	28	4	5	2889	0	2926
22118	13	4	0	2895	0	2912
22119	6	1	5	2936	0	2948
22120	3	3177	6	51	0	3237
22121	3228	18	5	15	0	3266
22122	3231	13	2	11	0	3257
22123	3246	4	4	6	0	3260
22124	3231	4	3	8	0	3246
22125	3246	3	2	5	0	3256
22126	30	2	1	3183	0	3216
22127	15	3160	3	21	0	3199
22128	21	19	4	3114	0	3158
22129	19	11	6	3081	0	3117
22130	3057	5	1	27	0	3090
22131	21	5	3055	9	0	3090
22132	4	1	3002	5	0	3012
22133	5	0	3014	2	0	3021
22134	2920	0	15	4	0	2939
22135	2998	0	48	0	0	3046
22136	6	0	0	3058	0	3064
22137	2	1	0	3035	0	3038
22138	2	0	1	3095	0	3098
22139	5	0	3173	8	0	3186
22140	1	0	5	3111	0	3117
22141	2	0	3415	5	0	3422
22142	4	0	5	3397	0	3406
22143	2	2	2	3404	0	3410
22144	1	1	2	3494	0	3498
22145	3516	0	0	9	0	3525
22146	3508	0	2	6	0	3516
22147	8	0	3628	3	0	3639
22148	3543	1	6	1	0	3551
22149	3555	0	3	2	0	3560
22150	9	0	2	3594	0	3605
22151	3612	0	0	7	0	3619
22152	8	0	0	3656	0	3664
22153	3	1	0	3674	0	3678
22154	4	0	3661	13	0	3678
22155	3382	3	9	7	0	3401
22156	8	0	2	3625	0	3635
22157	3	0	3776	8	0	3787
22158	3	0	3963	2	0	3968
22159	0	0	10	3852	0	3862
22160	0	0	4	3900	0	3904
22161	3981	1	16	10	0	4008
22162	6	0	0	4037	0	4043
22163	1	0	1	4030	0	4032
22164	3	0	1	4076	0	4080
22165	1	0	0	4350	0	4351
22166	4519	0	2	14	0	4535
22167	4442	1	2	7	0	4452
22168	4644	2	0	3	0	4649
22169	4778	0	1	1	0	4780
22170	26	1	0	5104	0	5131
22171	5163	0	0	17	0	5180
22172	20	1	0	5219	0	5240
22173	5239	1	2	23	0	5265
22174	22	3	0	5231	0	5256
22175	20	3	1	5221	0	5245
22176	5	5295	2	37	0	5339
22177	4	16	1	5330	0	5351
22178	5196	21	1	27	0	5245
22179	5098	6	7	23	0	5134
22180	36	3	5321	7	0	5367
22181	24	5348	15	11	0	5398
22182	5368	15	21	7	0	5411
22183	17	5563	7	4	0	5591
22184	5537	21	3	7	0	5568
22185	22	6079	0	15	0	6116
22186	23	21	6291	10	0	6345
22187	10	6360	16	5	0	6391
22188	8	6312	23	8	0	6351
22189	4	45	7	6485	0	6541
22190	6586	29	2	23	0	6640
22191	21	5	1	6612	0	6639
22192	27	3	0	6649	0	6679
22193	6649	0	1	49	0	6699
22194	6645	1	3	37	0	6686
22195	45	1	4	6751	0	6801
22196	36	3	0	6718	0	6757
22197	13	0	3	6752	0	6768
22198	6678	3	4	57	0	6742
22199	32	3	6725	35	0	6795
22200	27	2	22	6715	0	6766
22201	14	3	6986	24	0	7027
22202	9	6888	26	50	0	6973
22203	13	21	6736	13	0	6783
22204	11	26	24	6621	0	6682
22205	12	9	6719	26	0	6766
22206	6424	5	29	36	0	6494
22207	24	7	26	6672	0	6729
22208	30	6914	9	37	0	6990
22209	14	27	8	6920	0	6969
22210	14	6978	5	30	0	7027
22211	8	6960	2	37	0	7007
22212	11	6977	6	12	0	7006
22213	18	55	2	6711	0	6786
22214	11	6856	4	23	0	6894
22215	6801	24	1	47	0	6873
22216	31	26	6714	12	0	6783
22217	37	10	6654	14	0	6715
22218	19	4	6848	17	0	6888
22219	12	5	57	6764	0	6838
22220	7	2	37	6456	0	6502
22221	7	7	14	6430	0	6458
22222	5	9	9	6475	0	6498
22223	16	4	8	6414	0	6442
22224	10	6751	6	78	0	6845
22225	19	25	6776	41	0	6861
22226	23	31	6708	25	0	6787
22227	17	6867	50	40	0	6974
22228	17	38	35	6896	0	6986
22229	12	32	15	6891	0	6950
22230	14	16	3	6933	0	6966
22231	6850	11	7	71	0	6939
22232	44	7	6863	60	0	6974
22233	6744	14	27	29	0	6814
22234	6777	17	31	27	0	6852
22235	66	6789	15	22	0	6892
22236	49	6863	10	17	0	6939
22237	6878	62	19	24	0	6983
22238	41	58	13	6871	0	6983
22239	48	18	9	7172	0	7247
22240	20	21	7409	78	0	7528
22241	22	20	7270	57	0	7369
22242	17	19	69	7377	0	7482
22243	7469	16	51	50	0	7586
22244	44	15	7821	52	0	7932
22245	7911	19	52	29	0	8011
22246	61	15	58	8119	0	8253
22247	58	21	15	8406	0	8500
22248	21	16	13	8726	0	8776
22249	15	17	8746	138	0	8916
22250	20	8652	59	88	0	8819
22251	22	8948	57	31	0	9058
22252	8909	94	24	36	0	9063
22253	9005	61	13	26	0	9105
22254	122	18	14	9084	0	9238
22255	9199	17	19	83	0	9318
22256	87	10	9128	76	0	9301
22257	60	14	9024	41	0	9139
22258	27	8	123	8729	0	8887
22259	8939	12	69	87	0	9107
22260	76	12	23	8953	0	9064
22261	57	15	22	9231	0	9325
22262	9139	17	17	143	0	9316
22263	9241	23	22	82	0	9368
22264	133	9818	12	37	0	10000
22265	9868	84	14	28	0	9994
22266	94	125	11	9661	0	9891
22267	61	9922	15	96	0	10094
22268	9832	82	13	70	0	9997
22269	85	9903	24	38	0	10050
22270	70	99	10	9535	0	9714
22271	9516	49	27	92	0	9684
22272	89	17	9476	53	0	9635
22273	65	5	9406	23	0	9499
22274	30	32	113	9210	0	9385
22275	9	15	55	9164	0	9243
22276	11	13	16	9285	0	9325
22277	15	9478	10	140	0	9643
22278	9744	82	20	57	0	9903
22279	9599	51	14	28	0	9692
22280	9801	26	8	22	0	9857
22281	150	10124	11	22	0	10307
22282	69	92	14	10930	0	11105
22283	25	54	8	10892	0	10979
22284	29	17	13	10993	0	11052
22285	10343	7	13	183	0	10546
22286	109	10287	12	86	0	10494
22287	71	104	8	10220	0	10403
22288	34	60	3	10313	0	10410
22289	16	45	10136	180	0	10377
22290	26	10051	98	94	0	10269
22291	19	141	60	9870	0	10090
22292	19	72	21	9861	0	9973
22293	23	29	6	9985	0	10043
22294	9748	15	16	179	0	9958
22295	106	9762	14	110	0	9992
22296	9834	107	9	41	0	9991
22297	128	62	12	9746	0	9948
22298	9872	25	13	128	0	10038
22299	132	17	9748	84	0	9981
22300	9715	19	109	38	0	9881
22301	9694	17	62	39	0	9812
22302	180	20	9848	44	0	10092
22303	92	17	106	9787	0	10002
22304	48	17	70	9704	0	9839
22305	9916	18	31	186	0	10151
22306	130	33	17	10037	0	10217
22307	85	27	26	9930	0	10068
22308	52	24	19	9954	0	10049
22309	47	20	9744	218	0	10029
22310	9374	28	111	122	0	9635
22311	136	9923	75	72	0	10206
22312	96	125	33	9787	0	10041
22313	45	9908	24	162	0	10139
22314	50	10334	26	106	0	10516
22315	34	198	29	10301	0	10562
22316	51	93	10389	164	0	10697
22317	55	36	10442	118	0	10651
22318	62	27	173	10400	0	10662
22319	66	32	10521	161	0	10780
22320	10327	35	136	114	0	10612
22321	163	25	87	10623	0	10898
22322	108	25	37	10776	0	10946
22323	73	10750	27	267	0	11117
22324	37	143	28	10713	0	10921
22325	58	79	19	10603	0	10759
22326	53	10577	15	269	0	10914
22327	63	131	32	10685	0	10911
22328	60	93	34	10623	0	10810
22329	53	10629	23	224	0	10929
22330	10577	142	29	142	0	10890
22331	146	97	10578	101	0	10922
22332	105	53	10512	72	0	10742
22333	65	69	183	10305	0	10622
22334	60	58	88	10483	0	10689
22335	64	39	10371	238	0	10712
22336	56	37	10292	132	0	10517
22337	9695	61	197	82	0	10035
22338	153	10198	97	90	0	10538
22339	9935	136	32	69	0	10172
22340	159	75	9918	84	0	10236
22341	91	9922	126	76	0	10215
22342	62	150	93	10040	0	10345
22343	64	86	10193	163	0	10506
22344	41	42	9861	114	0	10058
22345	46	83	170	10068	0	10367
22346	42	33	10092	160	0	10327
22347	27	9763	120	127	0	10037
22348	42	105	74	9610	0	9831
22349	44	82	9777	133	0	10036
22350	26	9821	104	123	0	10074
22351	9700	111	83	62	0	9956
22352	116	81	9776	43	0	10016
22353	87	9726	100	49	0	9962
22354	35	116	99	9343	0	9593
22355	36	80	39	9709	0	9864
22356	9608	43	29	173	0	9853
22357	111	16	31	9581	0	9739
22358	84	23	30	9564	0	9701
22359	9378	23	35	179	0	9615
22360	99	18	31	9417	0	9565
22361	77	21	9131	143	0	9372
22362	39	39	106	9062	0	9246
22363	24	14	9052	150	0	9240
22364	30	15	8534	88	0	8667
22365	39	22	8451	44	0	8556
22366	42	54	151	7825	0	8072
22367	20	13	87	8030	0	8150
22368	8029	21	24	135	0	8209
22369	64	15	15	7882	0	7976
22370	59	8200	25	96	0	8380
22371	22	79	16	8320	0	8437
22372	11	63	24	8193	0	8291
22373	13	8323	23	140	0	8499
22374	8218	76	21	87	0	8402
22375	8113	60	20	40	0	8233
22376	116	8185	31	36	0	8368
22377	63	7984	28	22	0	8097
22378	33	295	44	7609	0	7981
22379	7763	67	36	92	0	7958
22380	71	38	7755	75	0	7939
22381	65	21	7261	20	0	7367
22382	6272	8	88	14	0	6382
22383	41	6474	63	14	0	6592
22384	50	48	11	6332	0	6441
22385	14	49	17	6335	0	6415
22386	14	24	12	6437	0	6487
22387	10	7	8	6539	0	6564
22388	8	6502	21	98	0	6629
22389	8	47	14	6584	0	6653
22390	6538	44	12	62	0	6656
22391	38	11	18	6664	0	6731
22392	51	15	13	6663	0	6742
22393	6757	7	13	95	0	6872
22394	6635	6	24	69	0	6734
22395	6812	16	15	18	0	6861
22396	6886	9	10	29	0	6934
22397	108	9	20	6818	0	6955
22398	6850	9	22	58	0	6939
22399	52	10	13	6870	0	6945
22400	6792	9	25	69	0	6895
22401	6721	8	14	66	0	6809
22402	82	8	17	6785	0	6892
22403	49	10	6938	64	0	7061
22404	6852	11	52	56	0	6971
22405	6944	13	47	38	0	7042
22406	6929	16	27	29	0	7001
22407	6965	17	26	22	0	7030
22408	86	10	30	7160	0	7286
22409	61	13	7283	56	0	7413
22410	33	20	7387	61	0	7501
22411	7116	16	80	36	0	7248
22412	7412	17	57	37	0	7523
22413	75	7556	25	30	0	7686
22414	50	7357	11	33	0	7451
22415	7457	65	26	27	0	7575
22416	49	54	19	7260	0	7382
22417	52	31	19	7499	0	7601
22418	7500	13	21	96	0	7630
22419	49	7769	21	67	0	7906
22420	7900	43	7	44	0	7994
22421	51	36	7827	42	0	7956
22422	7661	18	35	37	0	7751
22423	57	16	39	7785	0	7897
22424	50	6	8110	74	0	8240
22425	22	8134	42	96	0	8294
22426	20	31	41	8296	0	8388
22427	21	43	8732	58	0	8854
22428	25	8	47	8593	0	8673
22429	8823	5	51	66	0	8945
22430	43	9	8826	65	0	8943
22431	8492	8	39	41	0	8580
22432	53	8843	52	40	0	8988
22433	61	42	17	8952	0	9072
22434	35	47	9503	56	0	9641
22435	24	21	35	9495	0	9575
22436	26	13	9687	78	0	9804
22437	27	9637	40	74	0	9778
22438	9426	33	42	30	0	9531
22439	56	10022	13	18	0	10109
22440	49	59	7	9700	0	9815
22441	25	58	3	9729	0	9815
22442	26	12	9532	75	0	9645
22443	8080	14	47	66	0	8207
22444	44	9281	43	21	0	9389
22445	28	8615	2	16	0	8661
22446	9	8753	4	35	0	8801
22447	32	58	36	8508	0	8634
22448	7	8604	14	25	0	8650
22449	25	32	3	8362	0	8422
22450	6	8614	6	39	0	8665
22451	8	15	1	8479	0	8503
22452	6	8726	3	24	0	8759
22453	8694	15	7	18	0	8734
22454	20	11	8701	4	0	8736
22455	8229	26	23	4	0	8282
22456	8388	4	12	6	0	8410
22457	8764	3	2	11	0	8780
22458	27	8859	4	12	0	8902
22459	8991	17	1	6	0	9015
22460	8863	12	4	12	0	8891
22461	8992	4	8	5	0	9009
22462	39	0	9042	6	0	9087
22463	24	15	13	9047	0	9099
22464	20	3	9243	24	0	9290
22465	6	3	19	9109	0	9137
22466	9175	6	20	25	0	9226
22467	19	9202	3	39	0	9263
22468	25	18	10067	6	0	10116
22469	9	25	30	10024	0	10088
22470	5	6	30	10713	0	10754
22471	6	7	12241	83	0	12337
22472	11987	4	68	47	0	12106
22473	12488	6	57	9	0	12560
22474	12844	6	14	5	0	12869
22475	151	8	3	12864	0	13026
22476	75	12692	7	92	0	12866
22477	21	13216	3	72	0	13312
22478	8	142	3	13051	0	13204
22479	17	91	12	12711	0	12831
22480	9	13108	1	158	0	13276
22481	13033	79	5	74	0	13191
22482	77	13093	4	32	0	13206
22483	66	83	2	12801	0	12952
22484	15	66	12882	90	0	13053
22485	5	15	80	12688	0	12788
22486	12823	8	81	95	0	13007
22487	91	8	12897	68	0	13064
22488	12771	5	82	15	0	12873
22489	12904	6	77	10	0	12997
22490	12895	9	22	9	0	12935
22491	12951	7	9	14	0	12981
22492	13244	10	16	18	0	13288
22493	174	9	13013	11	0	13207
22494	115	9	12999	10	0	13133
22495	13625	10	158	14	0	13807
22496	13969	13	90	8	0	14080
22497	195	13	23	14617	0	14848
22498	107	14840	6	134	0	15087
22499	25	125	5	15085	0	15240
22500	15232	109	12	136	0	15489
22501	129	35	11	14884	0	15059
22502	110	15442	9	139	0	15700
22503	15350	125	8	105	0	15588
22504	14823	119	16	37	0	14995
22505	15155	38	14	20	0	15227
22506	232	15101	8	23	0	15364
22507	144	124	11	14923	0	15202
22508	46	112	13	14697	0	14868
22509	31	14558	14	230	0	14833
22510	31	128	18	14619	0	14796
22511	14362	103	13	154	0	14632
22512	14336	26	16	111	0	14489
22513	237	14329	15	51	0	14632
22514	152	126	14	14122	0	14414
22515	54	131	19	14190	0	14394
22516	34	36	16	14456	0	14542
22517	14000	15	25	251	0	14291
22518	159	20	13928	137	0	14244
22519	13462	15	136	49	0	13662
22520	195	65	13711	30	0	14001
22521	152	35	139	13172	0	13498
22522	70	13370	115	159	0	13714
22523	55	13788	23	148	0	14014
22524	13298	240	32	62	0	13632
22525	13322	140	41	65	0	13568
22526	249	13137	15	85	0	13486
22527	152	12930	14	56	0	13152
22528	13087	246	28	34	0	13395
22529	13467	144	15	43	0	13669
22530	284	13669	17	45	0	14015
22531	13975	176	20	50	0	14221
22532	222	134	13790	58	0	14204
22533	13823	49	152	61	0	14085
22534	13481	44	128	53	0	13706
22535	302	41	44	13308	0	13695
22536	196	13341	21	204	0	13762
22537	109	173	21	13431	0	13734
22538	13489	130	27	211	0	13857
22539	231	53	22	13086	0	13392
22540	189	35	30	13328	0	13582
22541	112	36	13524	301	0	13973
22542	85	29	167	13518	0	13799
22543	91	44	125	13831	0	14091
22544	13705	48	60	308	0	14121
22545	224	40	13713	184	0	14161
22546	13790	55	164	71	0	14080
22547	253	60	117	13709	0	14139
22548	193	61	51	13768	0	14073
22549	109	56	20	13814	0	13999
22550	101	13407	23	314	0	13845
22551	90	13646	33	201	0	13970
22552	128	297	25	13377	0	13827
22553	13397	162	28	179	0	13766
22554	13447	63	33	142	0	13685
22555	350	54	22	13309	0	13735
22556	13408	56	24	201	0	13689
22557	268	39	28	13326	0	13661
22558	217	45	27	13401	0	13690
22559	13149	41	28	303	0	13521
22560	222	13501	29	186	0	13938
22561	13507	169	28	96	0	13800
22562	13476	132	14	84	0	13706
22563	13286	58	21	82	0	13447
22564	314	13299	19	98	0	13730
22565	169	234	49	13236	0	13688
22566	107	127	37	13402	0	13673
22567	93	70	13098	308	0	13569
22568	75	96	151	12382	0	12704
22569	84	46	12019	192	0	12341
22570	78	11207	138	140	0	11563
22571	43	9510	73	70	0	9696
22572	71	9409	26	54	0	9560
22573	178	203	64	9243	0	9688
22574	95	80	17	9210	0	9402
22575	41	35	7	9203	0	9286
22576	32	31	11	9364	0	9438
22577	38	21	9420	182	0	9661
22578	53	28	11229	99	0	11409
22579	42	32	167	11680	0	11921
22580	41	20	12102	166	0	12329
22581	11822	14	138	118	0	12092
22582	12211	16	87	55	0	12369
22583	231	21	12233	60	0	12545
22584	136	25	137	12090	0	12388
22585	73	21	96	12146	0	12336
22586	62	25	31	12408	0	12526
22587	56	20	31	12148	0	12255
22588	49	24	14	12599	0	12686
22589	11610	61	30	260	0	11961
22590	12164	19	17	162	0	12362
22591	227	12370	23	97	0	12717
22592	120	147	12116	63	0	12446
22593	49	11890	131	75	0	12145
22594	47	11906	89	49	0	12091
22595	11109	192	33	44	0	11378
22596	121	10940	28	50	0	11139
22597	78	10192	26	55	0	10351
22598	10124	160	54	31	0	10369
22599	135	71	10013	32	0	10251
22600	9796	29	116	35	0	9976
22601	130	21	74	9949	0	10174
22602	89	19	36	9708	0	9852
22603	48	12	29	9885	0	9974
22604	48	14	9708	196	0	9966
22605	31	9692	101	139	0	9963
22606	9725	99	63	76	0	9963
22607	123	55	26	9834	0	10038
22608	69	9938	22	165	0	10194
22609	41	121	20	10123	0	10305
22610	44	71	10074	165	0	10354
22611	40	38	126	10015	0	10219
22612	49	40	67	10235	0	10391
22613	45	37	35	10395	0	10512
22614	10294	39	29	204	0	10566
22615	155	35	24	10389	0	10603
22616	90	41	10320	185	0	10636
22617	43	10354	121	145	0	10663
22618	45	135	74	10223	0	10477
22619	45	86	31	10506	0	10668
22620	47	40	10236	210	0	10533
22621	56	39	10070	119	0	10284
22622	9750	37	221	84	0	10092
22623	9840	22	113	79	0	10054
22624	174	9927	65	83	0	10249
22625	9913	135	45	58	0	10151
22626	172	78	9822	68	0	10140
22627	99	47	9773	57	0	9976
22628	9344	68	176	80	0	9668
22629	9200	28	97	65	0	9390
22630	171	22	9030	90	0	9313
22631	8846	29	123	82	0	9080
22632	142	20	8970	83	0	9215
22633	8788	22	121	70	0	9001
22634	8889	29	75	71	0	9064
22635	164	43	46	8799	0	9052
22636	86	9402	49	148	0	9685
22637	8865	159	44	96	0	9164
22638	139	95	9554	55	0	9843
22639	95	9586	141	59	0	9881
22640	9503	168	82	51	0	9804
22641	9119	88	57	59	0	9323
22642	194	9141	48	80	0	9463
22643	94	138	63	9108	0	9403
22644	82	79	9039	145	0	9345
22645	64	43	140	9014	0	9261
22646	68	45	8991	181	0	9285
22647	47	37	157	8888	0	9129
22648	66	30	114	9041	0	9251
22649	64	42	8958	216	0	9280
22650	71	8841	166	126	0	9204
22651	72	134	96	8813	0	9115
22652	74	75	8479	170	0	8798
22653	8630	36	151	119	0	8936
22654	172	51	92	8773	0	9088
22655	113	28	54	8972	0	9167
22656	8784	39	52	211	0	9086
22657	185	51	43	8613	0	8892
22658	125	47	40	8516	0	8728
22659	78	8677	49	201	0	9005
22660	77	147	67	8486	0	8777
22661	70	106	8388	182	0	8746
22662	82	50	147	8021	0	8300
22663	66	8201	94	161	0	8522
22664	65	8256	71	120	0	8512
22665	66	176	82	8204	0	8528
22666	8181	104	64	162	0	8511
22667	170	64	58	8206	0	8498
22668	8211	54	49	180	0	8494
22669	168	46	67	8201	0	8482
22670	8216	38	77	180	0	8511
22671	8388	33	76	122	0	8619
22672	223	77	67	8182	0	8549
22673	164	272	54	7909	0	8399
22674	100	8009	61	228	0	8398
22675	87	8137	59	143	0	8426
22676	111	169	7952	84	0	8316
22677	77	7730	127	102	0	8036
22678	5315	170	116	84	0	5685
22679	82	82	40	5134	0	5338
22680	47	4979	29	76	0	5131
22681	5071	69	23	58	0	5221
22682	81	38	21	5054	0	5194
22683	51	22	20	4965	0	5058
22684	37	14	18	5066	0	5135
22685	23	37	23	5085	0	5168
22686	28	5198	23	108	0	5357
22687	34	5470	21	58	0	5583
22688	5634	80	19	42	0	5775
22689	87	5766	19	26	0	5898
22690	52	86	13	5606	0	5757
22691	36	38	15	5619	0	5708
22692	33	22	15	5641	0	5711
22693	30	15	10	5695	0	5750
22694	5607	16	13	118	0	5754
22695	5682	17	16	61	0	5776
22696	114	20	5726	35	0	5895
22697	58	14	80	5739	0	5891
22698	33	20	5847	99	0	5999
22699	25	16	87	5822	0	5950
22700	24	18	44	5879	0	5965
22701	5822	24	20	125	0	5991
22702	89	21	22	5913	0	6045
22703	51	15	6011	104	0	6181
22704	30	23	5965	55	0	6073
22705	5919	18	96	54	0	6087
22706	88	18	6033	38	0	6177
22707	49	22	66	5801	0	5938
22708	25	11	6083	93	0	6212
22709	13	53	68	5888	0	6022
22710	9	5965	36	91	0	6101
22711	23	69	17	5894	0	6003
22712	9	5842	17	73	0	5941
22713	10	5826	8	52	0	5896
22714	20	97	10	5698	0	5825
22715	5582	42	8	69	0	5701
22716	54	5673	4	56	0	5787
22717	30	51	7	5636	0	5724
22718	5669	35	1	69	0	5774
22719	5667	19	3	50	0	5739
22720	5785	6	3	29	0	5823
22721	92	7	4	5720	0	5823
22722	46	10	6	5788	0	5850
22723	5859	9	6	99	0	5973
22724	5810	5	9	51	0	5875
22725	5874	7	11	31	0	5923
22726	84	11	7	5859	0	5961
22727	42	12	5787	63	0	5904
22728	5654	10	44	49	0	5757
22729	55	11	35	5597	0	5698
22730	42	5744	12	63	0	5861
22731	27	83	11	5639	0	5760
22732	18	5703	5	68	0	5794
22733	15	56	8	5780	0	5859
22734	19	30	5636	71	0	5756
22735	6	5461	39	48	0	5554
22736	11	42	45	5036	0	5134
22737	8	27	11	4960	0	5006
22738	12	13	4	4947	0	4976
22739	5034	7	4	58	0	5103
22740	34	5158	7	46	0	5245
22741	26	43	4	5226	0	5299
22742	5318	19	5	52	0	5394
22743	5333	13	5	39	0	5390
22744	69	5	3	5441	0	5518
22745	43	5	5583	53	0	5684
22746	19	7	43	5420	0	5489
22747	14	5548	33	58	0	5653
22748	11	48	21	5594	0	5674
22749	5567	36	1	59	0	5663
22750	46	13	12	5842	0	5913
22751	43	5	6004	69	0	6121
22752	15	6381	47	59	0	6502
22753	6499	48	36	27	0	6610
22754	56	38	6535	30	0	6659
22755	6576	10	56	23	0	6665
22756	60	7	46	6788	0	6901
22757	49	7	19	6844	0	6919
22758	19	6998	17	95	0	7129
22759	7340	57	10	69	0	7476
22760	66	46	21	7358	0	7491
22761	51	15	12	7463	0	7541
22762	29	14	15	7696	0	7754
22763	17	12	7816	124	0	7969
22764	18	13	67	7770	0	7868
22765	7836	14	47	80	0	7977
22766	7944	14	18	62	0	8038
22767	106	6	17	7927	0	8056
22768	59	12	11	8023	0	8105
22769	7965	9	14	111	0	8099
22770	73	14	7976	62	0	8125
22771	7860	12	67	33	0	7972
22772	94	11	7839	25	0	7969
22773	55	8	7845	32	0	7940
22774	28	14	97	7801	0	7940
22775	31	15	8001	89	0	8136
22776	7858	17	70	61	0	8006
22777	80	17	42	8123	0	8262
22778	61	8	8142	80	0	8291
22779	7922	20	65	56	0	8063
22780	8101	20	39	38	0	8198
22781	110	11	8482	35	0	8638
22782	70	69	58	8075	0	8272
22783	29	8606	43	81	0	8759
22784	8700	60	22	58	0	8840
22785	78	44	8800	36	0	8958
22786	8253	28	70	31	0	8382
22787	71	8549	46	31	0	8697
22788	8071	41	45	20	0	8177
22789	8043	38	10	15	0	8106
22790	8066	10	10	30	0	8116
22791	81	25	8	8201	0	8315
22792	45	8346	9	58	0	8458
22793	29	47	8333	47	0	8456
22794	15	8485	48	30	0	8578
22795	28	54	38	7944	0	8064
22796	19	8272	19	46	0	8356
22797	18	8314	12	48	0	8392
22798	8174	61	25	27	0	8287
22799	58	37	8211	33	0	8339
22800	37	21	8383	27	0	8468
22801	34	12	8410	24	0	8480
22802	27	8383	60	27	0	8497
22803	8370	41	50	27	0	8488
22804	8292	35	22	22	0	8371
22805	8308	19	11	35	0	8373
22806	75	8363	11	29	0	8478
22807	33	41	19	8666	0	8759
22808	33	23	8567	55	0	8678
22809	24	14	8633	55	0	8726
22810	8663	13	57	42	0	8775
22811	8741	17	32	34	0	8824
22812	8730	6	23	31	0	8790
22813	85	8	8799	41	0	8933
22814	8675	11	44	44	0	8774
22815	63	14	40	8760	0	8877
22816	48	10	29	8776	0	8863
22817	32	22	9314	81	0	9449
22818	54	9258	45	60	0	9417
22819	32	40	45	9291	0	9408
22820	33	26	9284	75	0	9418
22821	8907	16	57	60	0	9040
22822	70	14	48	9293	0	9425
22823	50	13	37	9303	0	9403
22824	9289	9	29	89	0	9416
22825	76	11	28	9295	0	9410
22826	9288	6	31	85	0	9410
22827	9317	8	35	78	0	9438
22828	100	10	35	9375	0	9520
22829	73	10	28	9447	0	9558
22830	9440	6	29	102	0	9577
22831	79	6	36	9506	0	9627
22832	9637	14	33	80	0	9764
22833	9555	7	36	57	0	9655
22834	9512	18	42	31	0	9603
22835	107	11	47	9515	0	9680
22836	69	23	29	9522	0	9643
22837	9521	9	37	80	0	9647
22838	73	9488	46	54	0	9661
22839	68	9276	25	34	0	9403
22840	9202	58	36	26	0	9322
22841	71	33	9323	21	0	9448
22842	9081	15	56	29	0	9181
22843	62	27	50	9576	0	9715
22844	44	9	9860	32	0	9945
22845	9792	14	38	27	0	9871
22846	50	24	26	9898	0	9998
22847	44	14	18	10196	0	10272
22848	37	15	19	10434	0	10505
22849	35	11	15	10501	0	10562
22850	10419	18	17	45	0	10499
22851	44	10278	17	32	0	10371
22852	9751	24	20	12	0	9807
22853	45	15	9805	7	0	9872
22854	33	7	9643	10	0	9693
22855	20	10051	22	13	0	10106
22856	45	76	56	9855	0	10032
22857	14	8	9931	29	0	9982
22858	11	9554	11	61	0	9637
22859	8	13	9378	19	0	9418
22860	2	3	6	9186	0	9197
22861	3	3	4	9133	0	9143
22862	9276	1	4	17	0	9298
22863	5	1	1	9077	0	9084
22864	9122	1	1	10	0	9134
22865	5	0	9457	8	0	9470
22866	3	9792	5	13	0	9813
22867	5	2	3	10299	0	10309
22868	3	7	1	10878	0	10889
22869	10	2	11112	5	0	11129
22870	8	5	10716	5	0	10734
22871	10479	1	8	11	0	10499
22872	11180	1	4	8	0	11193
22873	5	0	3	11190	0	11198
22874	7	7	2	11133	0	11149
22875	2	11123	3	17	0	11145
22876	1	5	0	11372	0	11378
22877	11399	5	10	6	0	11420
22878	11231	1	4	6	0	11242
22879	5	11671	0	11	0	11687
22880	11734	2	0	17	0	11753
22881	11422	5	6	7	0	11440
22882	9	2	1	11928	0	11940
22883	8	12237	0	26	0	12271
22884	2	7	1	12305	0	12315
22885	1	12	1	12321	0	12335
22886	4	10	12277	26	0	12317
22887	12272	1	17	20	0	12310
22888	18	3	12	13241	0	13274
22889	20	4	2	14175	0	14201
22890	4	16800	3	82	0	16889
22891	1	92	3	18042	0	18138
22892	18137	70	23	123	0	18353
22893	19551	7	11	89	0	19658
22894	251	4	19880	14	0	20149
22895	112	9	20111	7	0	20239
22896	18	12	299	19665	0	19994
22897	10	4	116	20847	0	20977
22898	19	3	20896	282	0	21200
22899	14	2	20939	161	0	21116
22900	4	5	294	20399	0	20702
22901	20	2	21320	186	0	21528
22902	21	15	21337	135	0	21508
22903	5	3	295	20812	0	21115
22904	21097	3	135	173	0	21408
22905	21195	3	25	137	0	21360
22906	295	18	26	20838	0	21177
22907	134	1	10	21177	0	21322
22908	21015	8	9	292	0	21324
22909	183	10	11	20848	0	21052
22910	20717	7	11	200	0	20935
22911	20548	10	18	152	0	20728
22912	308	16	20	20498	0	20842
22913	144	10	18	20958	0	21130
22914	20673	7	19	320	0	21019
22915	194	20695	18	169	0	21076
22916	149	20896	23	61	0	21129
22917	40	303	34	20289	0	20666
22918	41	138	20241	218	0	20638
22919	17	20	194	20212	0	20443
22920	20147	13	177	215	0	20552
22921	188	12	54	20209	0	20463
22922	20296	7	46	224	0	20573
22923	210	8	20297	207	0	20722
22924	20252	5	213	58	0	20528
22925	195	15	163	20534	0	20907
22926	165	8	46	20860	0	21079
22927	65	10	21532	339	0	21946
22928	45	9	200	21319	0	21573
22929	48	14	156	21480	0	21698
22930	57	13	41	21995	0	22106
22931	21814	20	29	390	0	22253
22932	254	11	21756	214	0	22235
22933	232	27	21704	74	0	22037
22934	21381	31	321	103	0	21836
22935	21635	20	178	99	0	21932
22936	392	17	22199	88	0	22696
22937	191	21	233	21578	0	22023
22938	74	22141	201	266	0	22682
22939	75	197	101	22369	0	22742
22940	22323	150	89	303	0	22865
22941	22394	32	102	258	0	22786
22942	374	29	121	22198	0	22722
22943	188	22346	129	319	0	22982
22944	86	189	109	21721	0	22105
22945	107	22113	127	290	0	22637
22946	21991	187	140	272	0	22590
22947	21135	160	136	166	0	21597
22948	21479	15	109	171	0	21774
22949	409	21225	109	198	0	21941
22950	231	21412	118	235	0	21996
22951	148	367	122	21356	0	21993
22952	138	175	106	21329	0	21748
22953	159	34	84	21339	0	21616
22954	144	31	106	21707	0	21988
22955	128	24	21126	490	0	21768
22956	20235	48	259	330	0	20872
22957	354	42	21385	193	0	21974
22958	21614	41	274	191	0	22120
22959	344	56	22133	166	0	22699
22960	22059	52	255	199	0	22565
22961	334	49	22643	190	0	23216
22962	22205	45	271	208	0	22729
22963	391	52	240	22555	0	23238
22964	23117	56	102	369	0	23644
22965	383	59	75	23211	0	23728
22966	324	49	95	23003	0	23471
22967	197	62	104	22492	0	22855
22968	155	21849	86	506	0	22596
22969	21668	242	67	348	0	22325
22970	21439	194	87	237	0	21957
22971	469	21923	93	233	0	22718
22972	329	247	83	21975	0	22634
22973	159	198	21734	395	0	22486
22974	21324	54	266	355	0	21999
22975	21641	44	252	193	0	22130
22976	21563	42	129	184	0	21918
22977	488	38	119	21147	0	21792
22978	326	21099	90	357	0	21872
22979	165	230	125	21167	0	21687
22980	20922	189	125	349	0	21585
22981	332	62	111	20533	0	21038
22982	281	20499	110	363	0	21253
22983	20112	222	117	319	0	20770
22984	359	190	20293	155	0	20997
22985	387	61	20323	172	0	20943
22986	157	20296	395	152	0	21000
22987	196	20008	230	143	0	20577
22988	289	368	19156	118	0	19931
22989	288	225	17823	126	0	18462
22990	178	987	333	13588	0	15086
22991	14190	70	222	123	0	14605
22992	129	37	14148	144	0	14458
22993	86	13137	66	29	0	13318
22994	12928	47	108	28	0	13111
22995	60	12882	16	39	0	12997
22996	12378	31	11	17	0	12437
22997	37	12365	16	29	0	12447
22998	48	12541	8	21	0	12618
22999	24	58	14	12574	0	12670
23000	25	39	35	12502	0	12601
23001	28	11	12128	54	0	12221
23002	18	13	30	11935	0	11996
23003	12035	10	31	33	0	12109
23004	11960	11	12	42	0	12025
23005	59	13	5	11928	0	12005
23006	54	10	11894	41	0	11999
23007	25	13	11651	47	0	11736
23008	12	10	51	11777	0	11850
23009	30	8	12072	32	0	12142
23010	12	15	33	11876	0	11936
23011	17	17	50	11603	0	11687
23012	22	11	12655	44	0	12732
23013	11861	16	43	51	0	11971
23014	12510	9	57	15	0	12591
23015	72	9	12712	10	0	12803
23016	55	13	12915	17	0	13000
23017	24	13	97	12717	0	12851
23018	12	16	71	13598	0	13697
23019	21	13	10	13968	0	14012
23020	16	15	24	13874	0	13929
23021	14112	17	17	113	0	14259
23022	14657	16	7	88	0	14768
23023	127	24	9	15754	0	15914
23024	82	14	19	16705	0	16820
23025	26	9	18228	170	0	18433
23026	23	14	109	18612	0	18758
23027	18	17	131	19519	0	19685
23028	20727	6	30	305	0	21068
23029	181	22552	20	203	0	22956
23030	171	276	24	22004	0	22475
23031	32	189	13	22316	0	22550
23032	27	61	25	22063	0	22176
23033	31	21227	18	436	0	21712
23034	26	22255	11	251	0	22543
23035	20	372	25	21844	0	22261
23036	16	215	19	21320	0	21570
23037	26	40	14	22136	0	22216
23038	21332	27	16	420	0	21795
23039	210	21645	10	282	0	22147
23040	21727	212	15	71	0	22025
23041	21771	196	21	39	0	22027
23042	407	33	11	21265	0	21716
23043	227	21334	12	246	0	21819
23044	21295	217	17	223	0	21752
23045	243	219	15	21281	0	21758
23046	21516	38	37	264	0	21855
23047	250	24	18	21754	0	22046
23048	233	21	21720	294	0	22268
23049	64	17	22099	265	0	22445
23050	29	36	409	21526	0	22000
23051	36	41	231	21556	0	21864
23052	16	40	53	21815	0	21924
23053	33	21633	28	481	0	22175
23054	30	22204	29	300	0	22563
23055	21742	413	19	107	0	22281
23056	21397	266	25	78	0	21766
23057	404	21614	18	94	0	22130
23058	206	21031	14	72	0	21323
23059	47	21539	9	88	0	21683
23060	20622	404	22	88	0	21136
23061	219	20738	13	112	0	21082
23062	209	278	10	20549	0	21046
23063	20380	200	9	268	0	20857
23064	20027	52	9	251	0	20339
23065	399	24	18	19617	0	20058
23066	258	38	19376	259	0	19931
23067	83	34	19471	235	0	19823
23068	75	31	365	19437	0	19908
23069	89	54	19823	274	0	20240
23070	47	37	230	19568	0	19882
23071	60	55	202	19338	0	19655
23072	55	40	19466	450	0	20011
23073	74	33	19474	271	0	19852
23074	54	41	392	19021	0	19508
23075	38	49	206	19699	0	19992
23076	19324	62	71	446	0	19903
23077	231	19358	48	295	0	19932
23078	223	20090	33	135	0	20481
23079	19496	419	29	107	0	20051
23080	19838	249	20	103	0	20210
23081	412	19935	15	118	0	20480
23082	253	19942	21	127	0	20343
23083	19761	457	25	93	0	20336
23084	287	277	25	19517	0	20106
23085	19314	91	34	321	0	19760
23086	293	19280	32	299	0	19904
23087	19325	276	26	153	0	19780
23088	308	246	19180	134	0	19868
23089	19001	88	249	136	0	19474
23090	320	52	19312	162	0	19846
23091	263	77	267	18697	0	19304
23092	18531	60	231	344	0	19166
23093	286	70	18286	356	0	18998
23094	257	64	269	18198	0	18788
23095	18078	63	261	350	0	18752
23096	289	77	18152	340	0	18858
23097	264	84	249	18084	0	18681
23098	17812	85	221	342	0	18460
23099	271	17844	61	360	0	18536
23100	269	285	61	17833	0	18448
23101	133	271	58	17738	0	18200
23102	113	122	43	17885	0	18163
23103	102	18033	43	507	0	18685
23104	136	328	31	18301	0	18796
23105	137	268	23	18270	0	18698
23106	149	122	43	18473	0	18787
23107	161	112	46	19081	0	19400
23108	166	111	18646	489	0	19412
23109	17879	112	252	310	0	18553
23110	18499	83	230	124	0	18936
23111	502	18629	78	126	0	19335
23112	315	290	56	17897	0	18558
23113	159	253	72	17839	0	18323
23114	136	18015	53	498	0	18702
23115	113	264	74	18002	0	18453
23116	17182	237	95	334	0	17848
23117	284	17086	82	312	0	17764
23118	16534	249	96	125	0	17004
23119	287	216	76	16349	0	16928
23120	225	76	16419	343	0	17063
23121	78	16454	262	270	0	17064
23122	15140	285	261	136	0	15822
23123	256	14401	63	98	0	14818
23124	169	13813	57	94	0	14133
23125	11901	257	109	78	0	12345
23126	190	130	11757	62	0	12139
23127	105	10295	105	39	0	10544
23128	7636	465	553	161	0	8815
23129	6749	59	21	25	0	6854
23130	62	6868	7	16	0	6953
23131	29	35	4	7021	0	7089
23132	17	27	7233	43	0	7320
23133	5	11	40	7132	0	7188
23134	5	6	29	7087	0	7127
23135	8	5	5	7389	0	7407
23136	14	7	7413	63	0	7497
23137	7	14	31	7234	0	7286
23138	17	5	7406	48	0	7476
23139	7	14	7176	29	0	7226
23140	6515	5	53	25	0	6598
23141	29	7203	26	16	0	7274
23142	22	7169	3	10	0	7204
23143	19	52	5	7465	0	7541
23144	8514	26	0	38	0	8578
23145	8476	8	6	30	0	8520
23146	8341	15	9	11	0	8376
23147	8388	6	5	12	0	8411
23148	8087	7	9	14	0	8117
23149	64	7	8034	11	0	8116
23150	43	12	32	7914	0	8001
23151	7	7944	34	44	0	8029
23152	9	44	6	8010	0	8069
23153	8070	28	7	49	0	8154
23154	37	8120	3	43	0	8203
23155	35	41	9	8171	0	8256
23156	8279	36	6	42	0	8363
23157	8455	9	9	39	0	8512
23158	66	12	15	8436	0	8529
23159	39	7	6	8313	0	8365
23160	14	8	9	8428	0	8459
23161	15	16	8397	72	0	8500
23162	13	11	8582	47	0	8653
23163	18	13	63	8651	0	8745
23164	12	15	38	8806	0	8871
23165	8845	12	5	70	0	8932
23166	8754	10	11	46	0	8821
23167	9075	13	21	22	0	9131
23168	9368	17	10	21	0	9416
23169	9304	12	9	22	0	9347
23170	66	9543	8	40	0	9657
23171	9762	48	8	24	0	9842
23172	9688	36	9	28	0	9761
23173	9741	15	14	23	0	9793
23174	73	17	12	9990	0	10092
23175	68	12	9995	73	0	10148
23176	25	14	51	10175	0	10265
23177	20	18	11003	67	0	11108
23178	23	17	50	10406	0	10496
23179	15	10901	37	58	0	11011
23180	10858	49	13	41	0	10961
23181	11166	37	11	18	0	11232
23182	100	18	10	11338	0	11466
23183	42	18	6	11923	0	11989
23184	28	15	6	11968	0	12017
23185	26	12315	6	105	0	12452
23186	12447	55	13	45	0	12560
23187	12347	44	6	20	0	12417
23188	100	12663	9	19	0	12791
23189	47	55	7	12722	0	12831
23190	28	46	15	12481	0	12570
23191	20	12914	7	86	0	13027
23192	13003	59	14	48	0	13124
23193	12886	39	4	25	0	12954
23194	100	13	12	13010	0	13135
23195	55	10	13330	74	0	13469
23196	37	11	13236	49	0	13333
23197	19	17	88	13529	0	13653
23198	24	15	46	13417	0	13502
23199	19	11	11	13915	0	13956
23200	13987	5	13	110	0	14115
23201	14128	8	17	72	0	14225
23202	113	14820	19	67	0	15019
23203	15218	65	23	36	0	15342
23204	99	50	15322	20	0	15491
23205	64	19	15326	28	0	15437
23206	28	15865	112	34	0	16039
23207	15283	90	59	27	0	15459
23208	71	15406	31	23	0	15531
23209	15369	61	22	19	0	15471
23210	85	55	15482	15	0	15637
23211	61	15	15352	22	0	15450
23212	28	29	93	15139	0	15289
23213	37	5	16210	69	0	16321
23214	27	19	60	16035	0	16141
23215	32	10	61	15367	0	15470
23216	24	16156	12	151	0	16343
23217	16	79	23	16334	0	16452
23218	24	47	9	16417	0	16497
23219	17034	14	14	121	0	17183
23220	83	17099	10	111	0	17303
23221	73	89	15	17524	0	17701
23222	43	47	17538	114	0	17742
23223	15843	36	90	93	0	16062
23224	108	18	17610	51	0	17787
23225	86	24	86	16999	0	17195
23226	32	17994	52	127	0	18205
23227	35	101	21	17888	0	18045
23228	18350	64	15	136	0	18565
23229	18205	36	12	100	0	18353
23230	182	19041	15	52	0	19290
23231	19789	112	19	39	0	19959
23232	19660	89	17	54	0	19820
23233	19922	50	23	53	0	20048
23234	20052	27	19	65	0	20163
23235	19700	43	20	51	0	19814
23236	218	30	19819	49	0	20116
23237	131	35	116	19374	0	19656
23238	79	26	105	19414	0	19624
23239	48	30	48	19511	0	19637
23240	43	19655	55	209	0	19962
23241	45	105	35	19733	0	19918
23242	59	93	19832	157	0	20141
23243	54	19239	108	151	0	19552
23244	56	18751	86	71	0	18964
23245	126	186	35	18493	0	18840
23246	50	111	42	18333	0	18536
23247	55	67	43	18369	0	18534
23248	42	18284	45	227	0	18598
23249	52	18604	62	126	0	18844
23250	18599	176	48	78	0	18901
23251	18398	105	37	54	0	18594
23252	186	18706	35	104	0	19031
23253	19151	119	51	50	0	19371
23254	19562	99	57	57	0	19775
23255	198	39	77	19669	0	19983
23256	116	35	60	20048	0	20259
23257	67	39	62	20154	0	20322
23258	77	51	20279	228	0	20635
23259	82	41	20513	159	0	20795
23260	82	21310	172	109	0	21673
23261	21810	135	132	72	0	22149
23262	176	147	22130	85	0	22538
23263	22071	52	155	97	0	22375
23264	212	62	23855	76	0	24205
23265	23592	65	179	79	0	23915
23266	230	24791	185	102	0	25308
23267	24686	193	85	86	0	25050
23268	242	194	78	24169	0	24683
23269	204	88	74	24644	0	25010
23270	101	103	25376	361	0	25941
23271	89	25666	189	276	0	26220
23272	101	225	172	25968	0	26466
23273	122	205	25911	237	0	26475
23274	23747	99	196	210	0	24252
23275	204	25628	185	115	0	26132
23276	25350	193	76	96	0	25715
23277	216	24714	56	149	0	25135
23278	203	207	51	24667	0	25128
23279	24322	172	52	232	0	24778
23280	190	24538	63	237	0	25028
23281	186	189	45	24463	0	24883
23282	99	185	24120	254	0	24658
23283	22481	63	163	205	0	22912
23284	191	77	152	23814	0	24234
23285	208	71	23593	228	0	24100
23286	93	23545	153	262	0	24053
23287	83	182	161	23632	0	24058
23288	105	159	23647	200	0	24111
23289	99	88	169	22775	0	23131
23290	81	23825	168	204	0	24278
23291	75	24008	64	251	0	24398
23292	129	292	24014	74	0	24509
23293	96	175	169	23480	0	23920
23294	104	47	24098	189	0	24438
23295	22836	74	172	185	0	23267
23296	186	95	155	23020	0	23456
23297	176	23038	41	182	0	23437
23298	74	23874	42	184	0	24174
23299	23497	264	54	69	0	23884
23300	154	24152	33	77	0	24416
23301	23968	175	48	83	0	24274
23302	209	150	23555	49	0	23963
23303	21696	49	152	38	0	21935
23304	162	22732	130	45	0	23069
23305	22565	157	83	42	0	22847
23306	163	22393	30	48	0	22634
23307	160	169	34	21763	0	22126
23308	57	157	25	22450	0	22689
23309	52	61	22422	240	0	22775
23310	21207	52	136	166	0	21561
23311	163	44	22437	91	0	22735
23312	22269	51	163	52	0	22535
23313	175	38	148	22093	0	22454
23314	152	49	53	22349	0	22603
23315	56	23100	59	298	0	23513
23316	52	178	48	23733	0	24011
23317	36	188	43	24475	0	24742
23318	53	70	24447	334	0	24904
23319	22383	52	198	213	0	22846
23320	181	23713	176	89	0	24159
23321	23670	178	76	49	0	23973
23322	209	193	55	23133	0	23590
23323	186	84	44	23556	0	23870
23324	23436	60	66	331	0	23893
23325	203	23978	50	284	0	24515
23326	23329	188	37	79	0	23633
23327	211	23213	57	68	0	23549
23328	192	22863	41	55	0	23151
23329	22729	317	114	52	0	23212
23330	258	181	68	22012	0	22519
23331	199	86	22109	189	0	22583
23332	91	57	184	21670	0	22002
23333	62	80	178	21441	0	21761
23334	77	21801	55	326	0	22259
23335	61	207	54	21980	0	22302
23336	61	205	54	21755	0	22075
23337	66	87	41	21942	0	22136
23338	52	83	56	22434	0	22625
23339	74	58	22182	378	0	22692
23340	68	63	22547	242	0	22920
23341	80	68	317	22855	0	23320
23342	87	75	23073	244	0	23479
23343	91	75	22830	218	0	23214
23344	91	74	327	23001	0	23493
23345	90	91	23945	251	0	24377
23346	100	90	223	22701	0	23114
23347	64	23971	207	231	0	24473
23348	24606	229	80	228	0	25143
23349	268	225	26020	114	0	26627
23350	237	103	247	26049	0	26636
23351	108	76	26901	288	0	27373
23352	81	89	274	28043	0	28487
23353	85	83	240	28807	0	29215
23354	28883	85	74	531	0	29573
23355	296	94	73	29841	0	30304
23356	28788	100	65	374	0	29327
23357	28647	93	72	349	0	29161
23358	543	29100	58	151	0	29852
23359	28522	303	71	119	0	29015
23360	311	28138	59	133	0	28641
23361	262	28179	67	106	0	28614
23362	27519	472	130	112	0	28233
23363	336	260	27229	94	0	27919
23364	252	51	25960	71	0	26334
23365	24601	150	517	67	0	25335
23366	24840	79	247	74	0	25240
23367	373	25240	84	69	0	25766
23368	25488	212	53	84	0	25837
23369	25053	216	56	75	0	25400
23370	24662	55	51	71	0	24839
23371	422	36	58	24349	0	24865
23372	24238	30	51	257	0	24576
23373	262	24777	55	273	0	25367
23374	216	224	66	25021	0	25527
23375	91	203	50	25001	0	25345
23376	71	25158	55	457	0	25741
23377	69	231	48	25446	0	25794
23378	24851	210	46	319	0	25426
23379	24880	73	46	270	0	25269
23380	458	24809	42	137	0	25446
23381	294	25206	46	95	0	25641
23382	25167	415	50	89	0	25721
23383	309	265	24982	86	0	25642
23384	295	94	24956	80	0	25425
23385	115	87	437	24226	0	24865
23386	113	67	272	24767	0	25219
23387	131	56	24676	458	0	25321
23388	131	24149	263	320	0	24863
23389	145	263	259	23932	0	24599
23390	156	247	24404	279	0	25086
23391	165	84	262	24022	0	24533
23392	121	86	252	23564	0	24023
23393	127	24837	90	477	0	25531
23394	139	290	64	24495	0	24988
23395	129	284	75	24407	0	24895
23396	135	92	76	25050	0	25353
23397	24659	83	76	513	0	25331
23398	328	89	93	23965	0	24475
23399	311	24547	64	372	0	25294
23400	24354	272	72	305	0	25003
23401	377	276	23872	146	0	24671
23402	335	111	23701	144	0	24291
23403	23433	94	448	138	0	24113
23404	394	103	287	23988	0	24772
23405	342	97	24326	332	0	25097
23406	169	113	305	24062	0	24649
23407	155	107	286	24463	0	25011
23408	24175	101	145	553	0	24974
23409	23736	99	131	376	0	24342
23410	519	24602	113	231	0	25465
23411	349	323	109	24591	0	25372
23412	231	263	24473	373	0	25340
23413	205	25278	277	350	0	26110
23414	24698	332	311	198	0	25539
23415	384	25170	110	177	0	25841
23416	24452	282	106	153	0	24993
23417	373	299	24216	147	0	25035
23418	23787	136	263	160	0	24346
23419	24653	111	240	162	0	25166
23420	552	146	25925	141	0	26764
23421	386	213	315	24981	0	25895
23422	231	25969	251	359	0	26810
23423	220	26683	118	313	0	27334
23424	189	26797	137	186	0	27309
23425	278	547	126	25889	0	26840
23426	248	293	26254	318	0	27113
23427	215	164	282	25828	0	26489
23428	204	132	238	26470	0	27044
23429	225	130	26546	496	0	27397
23430	196	26508	283	361	0	27348
23431	211	308	243	26075	0	26837
23432	26260	279	104	357	0	27000
23433	357	153	96	26056	0	26662
23434	348	131	88	25948	0	26515
23435	192	26119	83	550	0	26944
23436	26264	319	82	347	0	27012
23437	366	322	71	27051	0	27810
23438	336	129	27024	388	0	27877
23439	173	26879	280	351	0	27683
23440	26373	296	277	167	0	27113
23441	328	283	26596	182	0	27389
23442	25936	154	286	137	0	26513
23443	335	154	276	26008	0	26773
23444	254	26529	143	313	0	27239
23445	25928	306	131	294	0	26659
23446	25635	262	131	165	0	26193
23447	405	26927	135	188	0	27655
23448	242	262	130	26261	0	26895
23449	88	237	95	25291	0	25711
23450	24567	87	92	389	0	25135
23451	205	24756	117	288	0	25366
23452	121	305	71	22720	0	23217
23453	50	22250	63	230	0	22593
23454	27	21879	49	171	0	22126
23455	52	259	81	20905	0	21297
23456	20740	118	37	157	0	21052
23457	100	20976	28	120	0	21224
23458	77	164	40	20739	0	21020
23459	33	85	34	20757	0	20909
23460	40	37	20734	211	0	21022
23461	42	38	20000	120	0	20200
23462	29	20646	170	80	0	20925
23463	50	135	20583	73	0	20841
23464	47	103	138	20302	0	20590
23465	59	49	21027	154	0	21289
23466	40	58	119	20713	0	20930
23467	37	43	68	21024	0	21172
23468	47	40	36	21121	0	21244
23469	20966	41	34	206	0	21247
23470	123	46	34	21008	0	21211
23471	90	47	29	21003	0	21169
23472	63	21160	33	191	0	21447
23473	47	144	22	20989	0	21202
23474	21425	84	28	158	0	21695
23475	130	22018	24	110	0	22282
23476	21963	142	13	75	0	22193
23477	168	93	21966	67	0	22294
23478	118	69	22286	62	0	22535
23479	62	56	171	22615	0	22904
23480	47	68	83	22906	0	23104
23481	36	23073	32	241	0	23382
23482	56	168	34	22679	0	22937
23483	22809	120	30	182	0	23141
23484	22327	72	45	126	0	22570
23485	204	64	26	23273	0	23567
23486	121	55	24992	190	0	25358
23487	44	65	158	25093	0	25360
23488	42	60	105	25821	0	26028
23489	42	59	56	26066	0	26223
23490	38	61	44	25682	0	25825
23491	36	49	44	25589	0	25718
23492	31	25685	54	307	0	26077
23493	25287	183	62	152	0	25684
23494	25276	123	63	109	0	25571
23495	25679	60	56	102	0	25897
23496	256	26422	46	104	0	26828
23497	26189	177	38	125	0	26529
23498	174	26350	36	125	0	26685
23499	137	194	26058	113	0	26502
23500	66	132	174	25356	0	25728
23501	117	57	26375	242	0	26791
23502	60	26573	169	175	0	26977
23503	26227	184	116	119	0	26646
23504	193	132	27225	89	0	27639
23505	168	67	28925	87	0	29247
23506	61	29802	286	144	0	30293
23507	67	228	181	30066	0	30542
23508	74	177	32074	259	0	32584
23509	65	63	252	31627	0	32007
23510	50	56	199	34364	0	34669
23511	42	45	63	37247	0	37397
23512	39957	37	42	543	0	40579
23513	39983	44	30	337	0	40394
23514	641	47	38	40338	0	41064
23515	40992	41	64	469	0	41566
23516	518	33	40519	356	0	41426
23517	350	26	40372	124	0	40872
23518	117	45	41010	115	0	41287
23519	102	61	41151	85	0	41399
23520	54	39598	604	153	0	40409
23521	141	375	305	38677	0	39498
23522	99	236	39580	357	0	40272
23523	36823	45	392	268	0	37528
23524	39008	38	261	65	0	39372
23525	566	39065	75	123	0	39829
23526	39173	338	65	45	0	39621
23527	391	250	51	38796	0	39488
23528	300	52	39804	381	0	40537
23529	90	59	382	37748	0	38279
23530	59	40145	276	364	0	40844
23531	39473	366	76	300	0	40215
23532	39405	266	74	100	0	39845
23533	581	40046	47	120	0	40794
23534	40196	355	62	77	0	40690
23535	39804	270	64	65	0	40203
23536	625	40388	47	117	0	41177
23537	331	382	51	39129	0	39893
23538	103	39672	46	424	0	40245
23539	39575	391	65	296	0	40327
23540	406	307	76	39354	0	40143
23541	39447	77	88	412	0	40024
23542	437	73	66	39445	0	40021
23543	356	76	39235	437	0	40104
23544	38137	50	393	327	0	38907
23545	477	77	39467	114	0	40135
23546	351	64	428	38781	0	39624
23547	149	56	38767	416	0	39388
23548	107	70	469	38414	0	39060
23549	127	61	38706	456	0	39350
23550	37356	54	459	368	0	38237
23551	414	38337	338	156	0	39245
23552	38509	387	122	127	0	39145
23553	476	283	111	38189	0	39059
23554	38424	97	83	420	0	39024
23555	471	38311	80	402	0	39264
23556	359	38251	95	133	0	38838
23557	164	39696	93	119	0	40072
23558	39617	629	77	124	0	40447
23559	452	338	106	39080	0	39976
23560	352	122	83	39661	0	40218
23561	167	120	39179	661	0	40127
23562	183	99	38871	354	0	39507
23563	178	80	634	38898	0	39790
23564	195	114	39858	457	0	40624
23565	149	39388	453	380	0	40370
23566	39111	427	410	157	0	40105
23567	496	341	39758	120	0	40715
23568	410	113	39700	133	0	40356
23569	166	111	689	38693	0	39659
23570	39713	83	363	497	0	40656
23571	492	79	161	39868	0	40600
23572	39849	71	144	503	0	40567
23573	516	84	163	39911	0	40674
23574	392	78	40462	495	0	41427
23575	196	40034	509	422	0	41161
23576	226	414	40819	199	0	41658
23577	109	40728	546	190	0	41573
23578	181	493	427	39569	0	40670
23579	39400	335	187	448	0	40370
23580	510	128	39650	374	0	40662
23581	408	119	427	38806	0	39760
23582	231	110	341	39632	0	40314
23583	40212	99	118	684	0	41113
23584	492	99	126	39572	0	40289
23585	362	40300	128	468	0	41258
23586	38679	428	139	364	0	39610
23587	465	350	38469	182	0	39466
23588	36871	143	414	141	0	37569
23589	490	38479	307	150	0	39426
23590	424	499	145	37162	0	38230
23591	182	38804	104	436	0	39526
23592	38496	428	124	318	0	39366
23593	479	333	38884	203	0	39899
23594	37712	200	390	169	0	38471
23595	460	39025	311	144	0	39940
23596	394	394	125	38842	0	39755
23597	38923	298	106	451	0	39778
23598	39062	127	148	328	0	39665
23599	641	136	114	38980	0	39871
23600	385	96	109	39159	0	39749
23601	200	39132	104	678	0	40114
23602	141	489	134	39045	0	39809
23603	141	43396	125	496	0	44158
23604	133	45089	129	408	0	45759
23605	141	1302	135	40882	0	42460
23606	115	43847	113	510	0	44585
23607	242	444	44145	344	0	45175
23608	441	382	44820	126	0	45769
23609	130	45554	724	351	0	46759
23610	195	460	44701	113	0	45469
23611	127	394	43462	77	0	44060
23612	86	122	39908	64	0	40180
23613	43	39335	552	77	0	40007
23614	37975	358	474	58	0	38865
23615	231	38038	66	82	0	38417
23616	291	269	37818	36	0	38414
23617	46	279	266	36882	0	37473
23618	36832	58	277	264	0	37431
23619	272	35	36943	273	0	37523
23620	283	34	265	36440	0	37022
23621	59	35	37358	252	0	37704
23622	38	35	282	36437	0	36792
23623	36357	35	278	286	0	36956
23624	269	30	36823	297	0	37419
23625	271	36873	279	108	0	37531
23626	54	309	300	35559	0	36222
23627	36878	287	65	301	0	37531
23628	285	95	36507	278	0	37165
23629	295	102	303	33965	0	34665
23630	52	36145	308	260	0	36765
23631	36168	289	88	264	0	36809
23632	36729	310	86	61	0	37186
23633	537	96	75	36610	0	37318
23634	322	37683	85	299	0	38389
23635	77	38817	77	386	0	39357
23636	39709	568	97	74	0	40448
23637	354	392	71	38646	0	39463
23638	332	40009	90	415	0	40846
23639	39721	366	88	354	0	40529
23640	364	363	95	39701	0	40523
23641	337	115	85	40193	0	40730
23642	105	71	40234	671	0	41081
23643	59	40153	376	487	0	41075
23644	65	40935	387	140	0	41527
23645	49	640	134	40747	0	41570
23646	40763	383	98	380	0	41624
23647	358	40904	101	389	0	41752
23648	40973	382	88	113	0	41556
23649	403	41050	87	113	0	41653
23650	360	420	105	40794	0	41679
23651	40660	390	76	391	0	41517
23652	409	141	85	40908	0	41543
23653	394	137	40743	427	0	41701
23654	113	102	409	39163	0	39787
23655	101	40323	402	438	0	41264
23656	39815	435	121	391	0	40762
23657	404	40038	105	178	0	40725
23658	379	480	138	37887	0	38884
23659	137	428	109	39490	0	40164
23660	154	160	39037	713	0	40064
23661	155	126	39005	442	0	39728
23662	79	192	729	38666	0	39666
23663	114	146	39137	477	0	39874
23664	111	38549	452	460	0	39572
23665	38272	451	437	168	0	39328
23666	488	452	39064	120	0	40124
23667	37900	222	446	173	0	38741
23668	38531	177	454	141	0	39303
23669	38324	165	173	160	0	38822
23670	38607	152	162	140	0	39061
23671	734	177	173	37744	0	38828
23672	461	197	142	37153	0	37953
23673	201	37543	154	732	0	38630
23674	36774	458	166	494	0	37892
23675	476	461	36405	249	0	37591
23676	436	215	482	35469	0	36602
23677	190	241	464	35789	0	36684
23678	188	166	35948	791	0	37093
23679	188	35911	479	527	0	37105
23680	201	464	501	34683	0	35849
23681	198	496	205	36051	0	36950
23682	35661	215	157	784	0	36817
23683	470	35607	146	552	0	36775
23684	559	465	138	35143	0	36305
23685	215	35384	143	519	0	36261
23686	232	491	154	35518	0	36395
23687	35054	436	150	573	0	36213
23688	34923	200	153	523	0	35799
23689	814	170	166	34561	0	35711
23690	34724	211	125	542	0	35602
23691	34269	185	118	495	0	35067
23692	774	34680	118	334	0	35906
23693	584	488	117	33204	0	34393
23694	237	34275	178	502	0	35192
23695	233	517	118	34005	0	34873
23696	33531	487	121	545	0	34684
23697	536	227	100	33580	0	34443
23698	540	219	99	33712	0	34570
23699	258	230	33329	847	0	34664
23700	229	32779	396	580	0	33984
23701	230	33469	361	301	0	34361
23702	32535	799	128	268	0	33730
23703	391	486	91	27623	0	28591
23704	25575	175	87	408	0	26245
23705	374	24862	75	424	0	25735
23706	324	23425	66	217	0	24032
23707	154	23879	65	184	0	24282
23708	19901	473	510	110	0	20994
23709	203	20024	92	128	0	20447
23710	18316	220	244	95	0	18875
23711	17546	125	50	72	0	17793
23712	18131	62	36	68	0	18297
23713	247	54	29	19686	0	20016
23714	147	60	20	19912	0	20139
23715	92	47	38	19946	0	20123
23716	74	55	34	20149	0	20312
23717	20037	45	25	329	0	20436
23718	192	19976	38	188	0	20394
23719	161	182	24	20026	0	20393
23720	20155	133	38	216	0	20542
23721	200	51	36	19737	0	20024
23722	160	52	34	19982	0	20228
23723	19950	45	42	314	0	20351
23724	208	48	19816	185	0	20257
23725	153	53	164	19741	0	20111
23726	83	42	20154	213	0	20492
23727	52	47	179	19499	0	19777
23728	51	137	130	19605	0	19923
23729	19440	43	48	291	0	19822
23730	185	19230	47	193	0	19655
23731	147	18998	24	85	0	19254
23732	17998	207	47	78	0	18330
23733	158	18616	26	61	0	18861
23734	18347	150	53	70	0	18620
23735	195	95	18085	47	0	18422
23736	16256	43	98	33	0	16430
23737	16448	19	49	31	0	16547
23738	16675	20	10	28	0	16733
23739	129	13	6	16480	0	16628
23740	73	31	13	16381	0	16498
23741	21	16553	9	125	0	16708
23742	27	129	11	16252	0	16419
23743	16114	57	12	86	0	16269
23744	73	16259	10	75	0	16417
23745	51	16182	7	39	0	16279
23746	16010	101	7	17	0	16135
23747	81	55	15988	21	0	16145
23748	56	18	56	15686	0	15816
23749	24	11	16298	76	0	16409
23750	15	12	60	15767	0	15854
23751	12	16212	42	72	0	16338
23752	15	75	11	16345	0	16446
23753	16060	48	9	73	0	16190
23754	72	19	5	16112	0	16208
23755	59	9	16736	80	0	16884
23756	15777	6	68	66	0	15917
23757	91	17067	57	45	0	17260
23758	60	18036	13	55	0	18164
23759	18796	117	7	21	0	18941
23760	19914	72	9	38	0	20033
23761	186	26	20429	17	0	20658
23762	19768	14	109	41	0	19932
23763	121	20428	88	26	0	20663
23764	20614	107	15	32	0	20768
23765	129	84	16	19779	0	20008
23766	103	19240	9	129	0	19481
23767	19544	117	8	93	0	19762
23768	140	92	19933	38	0	20203
23769	103	22	111	19743	0	19979
23770	20299	19	82	134	0	20534
23771	133	20	20329	120	0	20602
23772	20235	12	115	57	0	20419
23773	147	29	86	20012	0	20274
23774	111	24	19	20307	0	20461
23775	63	17	20810	226	0	21116
23776	42	23	121	20657	0	20843
23777	20773	19	95	174	0	21061
23778	131	20615	26	143	0	20915
23779	20683	121	19	63	0	20886
23780	20678	99	17	53	0	20847
23781	225	45	18	20688	0	20976
23782	147	63	21034	148	0	21392
23783	49	34	122	20899	0	21104
23784	20997	23	109	164	0	21293
23785	153	20918	28	154	0	21253
23786	21349	136	25	56	0	21566
23787	185	102	30	21036	0	21353
23788	150	34	33	21282	0	21499
23789	58	29	27	21581	0	21695
23790	67	25	21381	243	0	21716
23791	45	25	134	21464	0	21668
23792	68	22	21397	168	0	21655
23793	60	36	21371	141	0	21608
23794	62	40	211	22883	0	23196
23795	63	36	23322	178	0	23599
23796	25392	36	163	166	0	25757
23797	221	36	147	26814	0	27218
23798	258	40	59	26274	0	26631
23799	86	27729	34	421	0	28270
23800	27858	209	47	256	0	28370
23801	28779	241	38	84	0	29142
23802	464	29485	36	85	0	30070
23803	299	237	32	29507	0	30075
23804	119	242	29683	243	0	30287
23805	28487	58	246	286	0	29077
23806	29581	37	255	93	0	29966
23807	471	67	66	28718	0	29322
23808	319	38	28431	283	0	29071
23809	102	28052	218	348	0	28720
23810	27688	242	269	95	0	28294
23811	295	258	27928	72	0	28553
23812	278	27479	254	81	0	28092
23813	25621	187	283	59	0	26150
23814	25268	209	92	49	0	25618
23815	380	48	37	25112	0	25577
23816	266	25606	38	196	0	26106
23817	78	207	33	26355	0	26673
23818	54	239	33	26382	0	26708
23819	45	50	45	26102	0	26242
23820	49	38	34	26727	0	26848
23821	71	27	26539	452	0	27089
23822	65	35	191	26477	0	26768
23823	63	35	225	26865	0	27188
23824	83	51	26637	437	0	27208
23825	72	26569	203	304	0	27148
23826	26249	212	240	118	0	26819
23827	26090	227	70	89	0	26476
23828	421	69	54	26298	0	26842
23829	26539	43	54	232	0	26868
23830	291	43	35	26837	0	27206
23831	282	44	27101	279	0	27706
23832	128	29	27032	288	0	27477
23833	78	26939	403	122	0	27542
23834	26666	193	284	105	0	27248
23835	300	247	28477	83	0	29107
23836	288	76	253	27551	0	28168
23837	130	50	328	29387	0	29895
23838	92	57	110	30138	0	30397
23839	108	38	74	30347	0	30567
23840	103	42	83	30381	0	30609
23841	94	57	29903	688	0	30742
23842	118	51	269	30297	0	30735
23843	29993	66	345	370	0	30774
23844	324	29868	86	509	0	30787
23845	30019	276	93	148	0	30536
23846	340	30288	50	179	0	30857
23847	30191	311	74	117	0	30693
23848	30279	372	88	107	0	30846
23849	650	102	65	29907	0	30724
23850	455	82	70	30165	0	30772
23851	29866	53	81	625	0	30625
23852	28820	86	83	462	0	29451
23853	29635	73	90	150	0	29948
23854	632	29076	71	204	0	29983
23855	437	29056	97	221	0	29811
23856	169	523	28936	148	0	29776
23857	125	493	298	27988	0	28904
23858	126	91	27974	365	0	28556
23859	90	26984	289	447	0	27810
23860	97	266	379	25238	0	25980
23861	101	319	86	24763	0	25269
23862	83	98	78	25694	0	25953
23863	25194	74	58	546	0	25872
23864	24868	58	56	453	0	25435
23865	517	25400	79	199	0	26195
23866	806	231	62	25166	0	26265
23867	179	314	25469	307	0	26269
23868	122	99	24749	393	0	25363
23869	24546	75	520	171	0	25312
23870	24710	67	360	157	0	25294
23871	573	51	104	24633	0	25361
23872	24989	52	84	320	0	25445
23873	338	58	24598	409	0	25403
23874	362	24509	249	242	0	25362
23875	180	251	334	24270	0	25035
23876	140	333	24875	335	0	25683
23877	135	98	266	25022	0	25521
23878	125	91	349	25169	0	25734
23879	140	64	25348	629	0	26181
23880	24301	66	262	485	0	25114
23881	25310	73	310	284	0	25977
23882	514	26338	116	249	0	27217
23883	27141	248	103	219	0	27711
23884	27472	349	73	228	0	28122
23885	656	116	27703	214	0	28689
23886	27614	108	282	239	0	28243
23887	393	29025	356	259	0	30033
23888	29375	294	122	212	0	30003
23889	29697	396	97	194	0	30384
23890	30271	129	111	173	0	30684
23891	29840	137	92	182	0	30251
23892	30214	92	91	183	0	30580
23893	748	29822	76	207	0	30853
23894	28236	285	82	134	0	28737
23895	415	27913	76	141	0	28545
23896	331	24253	39	142	0	24765
23897	156	24369	77	129	0	24731
23898	23739	404	363	110	0	24616
23899	23372	249	85	131	0	23837
23900	451	70	23571	105	0	24197
23901	23584	73	203	100	0	23960
23902	23899	61	238	99	0	24297
23903	468	85	24130	93	0	24776
23904	321	86	213	23539	0	24159
23905	142	68	291	23369	0	23870
23906	105	75	82	24044	0	24306
23907	120	58	81	24378	0	24637
23908	118	86	57	24678	0	24939
23909	119	67	24229	540	0	24955
23910	137	24270	237	377	0	25021
23911	23807	232	262	142	0	24443
23912	333	23929	74	127	0	24463
23913	24007	247	65	82	0	24401
23914	23636	303	58	69	0	24066
23915	531	97	23534	87	0	24249
23916	370	133	248	21772	0	22523
23917	154	22763	285	239	0	23441
23918	22885	222	99	254	0	23460
23919	22993	257	73	100	0	23423
23920	23371	86	72	101	0	23630
23921	519	23423	63	116	0	24121
23922	23684	216	101	79	0	24080
23923	23527	268	70	67	0	23932
23924	23575	104	55	94	0	23828
23925	527	79	76	23015	0	23697
23926	362	79	71	23152	0	23664
23927	166	71	65	23677	0	23979
23928	23249	73	81	441	0	23844
23929	338	23437	66	331	0	24172
23930	23585	239	52	75	0	23951
23931	22856	273	65	55	0	23249
23932	22530	99	58	56	0	22743
23933	22377	73	57	55	0	22562
23934	550	21996	56	74	0	22676
23935	20140	204	37	61	0	20442
23936	294	19894	38	68	0	20294
23937	222	18663	25	65	0	18975
23938	18525	266	32	43	0	18866
23939	215	18359	34	37	0	18645
23940	207	18632	25	34	0	18898
23941	18516	274	148	27	0	18965
23942	18284	154	33	26	0	18497
23943	321	58	26	17987	0	18392
23944	214	47	29	18269	0	18559
23945	18589	49	20	277	0	18935
23946	18809	45	36	174	0	19064
23947	18917	59	18	74	0	19068
23948	341	66	18565	58	0	19030
23949	18853	62	135	64	0	19114
23950	252	64	132	18804	0	19252
23951	243	65	43	18812	0	19163
23952	143	74	33	18931	0	19181
23953	150	63	19	19019	0	19251
23954	151	69	18749	280	0	19249
23955	136	61	18698	182	0	19077
23956	145	72	256	18629	0	19102
23957	152	73	18859	190	0	19274
23958	155	84	18842	180	0	19261
23959	172	50	270	18695	0	19187
23960	143	78	167	18954	0	19342
23961	163	60	52	19336	0	19611
23962	148	97	44	19179	0	19468
23963	19321	71	40	361	0	19793
23964	19984	92	36	230	0	20342
23965	400	84	45	19721	0	20250
23966	317	82	51	19592	0	20042
23967	191	99	50	19725	0	20065
23968	193	86	46	19649	0	19974
23969	189	96	39	19630	0	19954
23970	192	19650	61	356	0	20259
23971	19666	200	51	229	0	20146
23972	295	19934	54	143	0	20426
23973	19997	224	48	138	0	20407
23974	19926	198	36	114	0	20274
23975	19893	75	41	105	0	20114
23976	457	90	54	19136	0	19737
23977	19205	99	40	234	0	19578
23978	339	87	33	18894	0	19353
23979	324	115	39	18620	0	19098
23980	18935	91	27	330	0	19383
23981	319	18787	28	233	0	19367
23982	234	17900	23	132	0	18289
23983	17310	232	23	119	0	17684
23984	248	141	16913	95	0	17397
23985	15664	72	149	75	0	15960
23986	295	159	125	16080	0	16659
23987	201	15092	15	169	0	15477
23988	135	15134	11	140	0	15420
23989	15229	192	27	92	0	15540
23990	212	132	17	15313	0	15674
23991	148	16003	14	136	0	16301
23992	15748	133	28	121	0	16030
23993	15477	121	13	55	0	15666
23994	15609	59	7	56	0	15731
23995	15765	55	11	67	0	15898
23996	195	15537	18	73	0	15823
23997	127	15322	6	58	0	15513
23998	15371	142	9	45	0	15567
23999	15588	87	14	53	0	15742
24000	184	40	15591	59	0	15874
24001	79	15067	69	47	0	15262
24002	14640	87	52	15	0	14794
24003	15194	52	3	23	0	15272
24004	146	18	15618	17	0	15799
24005	15693	12	83	34	0	15822
24006	112	10	16671	33	0	16826
24007	75	8	18399	11	0	18493
24008	24	40	159	17110	0	17333
24009	15	18244	134	101	0	18494
24010	19102	111	16	104	0	19333
24011	120	107	11	18847	0	19085
24012	102	26	6	18785	0	18919
24013	17	12	7	19353	0	19389
24014	19248	6	14	234	0	19502
24015	119	7	3	18952	0	19081
24016	111	7	4	19691	0	19813
24017	34	7	19860	233	0	20134
24018	19600	9	133	130	0	19872
24019	20182	9	104	29	0	20324
24020	291	8	20405	16	0	20720
24021	19587	11	159	11	0	19768
24022	188	8	128	19541	0	19865
24023	142	19904	24	168	0	20238
24024	35	173	19	20047	0	20274
24025	19802	130	11	183	0	20126
24026	168	20036	15	159	0	20378
24027	137	191	13	20068	0	20409
24028	42	141	13	20236	0	20432
24029	17	28	15	20341	0	20401
24030	37	21	11	19620	0	19689
24031	21	20635	15	295	0	20966
24032	20735	171	12	154	0	21072
24033	20897	135	21	51	0	21104
24034	314	21603	18	88	0	22023
24035	23759	201	19	35	0	24014
24036	24132	155	17	33	0	24337
24037	24151	34	20	28	0	24233
24038	504	15	23835	33	0	24387
24039	257	10	251	23668	0	24186
24040	91	32	23542	281	0	23946
24041	23185	17	263	231	0	23696
24042	287	23686	207	91	0	24271
24043	23576	268	55	51	0	23950
24044	298	23929	25	60	0	24312
24045	230	283	36	22558	0	23107
24046	84	223	29	23201	0	23537
24047	69	57	23296	460	0	23882
24048	53	23487	262	279	0	24081
24049	23214	281	234	84	0	23813
24050	305	232	23312	59	0	23908
24051	23173	72	288	57	0	23590
24052	339	42	235	23279	0	23895
24053	304	38	23440	329	0	24111
24054	108	23501	284	296	0	24189
24055	96	288	230	23353	0	23967
24056	97	233	23476	326	0	24132
24057	93	84	23426	289	0	23892
24058	98	23284	473	120	0	23975
24059	95	301	288	22523	0	23207
24060	105	257	84	21926	0	22372
24061	100	22628	52	476	0	23256
24062	22765	300	56	287	0	23408
24063	341	229	64	22273	0	22907
24064	304	22121	60	341	0	22826
24065	22356	298	73	264	0	22991
24066	21777	258	72	119	0	22226
24067	22574	79	75	107	0	22835
24068	536	22313	79	169	0	23097
24069	22607	304	43	108	0	23062
24070	22443	255	64	107	0	22869
24071	553	117	65	22219	0	22954
24072	22233	83	51	377	0	22744
24073	394	73	60	22348	0	22875
24074	321	84	21947	405	0	22757
24075	168	68	22150	334	0	22720
24076	126	72	498	22207	0	22903
24077	128	77	22490	389	0	23084
24078	21767	70	347	327	0	22511
24079	396	80	270	22294	0	23040
24080	347	57	118	22370	0	22892
24081	174	84	22144	569	0	22971
24082	158	21722	309	356	0	22545
24083	154	22314	275	172	0	22915
24084	161	525	117	21392	0	22195
24085	150	311	85	21879	0	22425
24086	151	120	21579	545	0	22395
24087	161	115	21659	334	0	22269
24088	163	125	493	21682	0	22463
24089	174	96	21409	398	0	22077
24090	20686	96	370	315	0	21467
24091	417	110	273	20631	0	21431
24092	20845	97	100	413	0	21455
24093	446	95	88	20542	0	21171
24094	361	108	80	20983	0	21532
24095	198	103	20676	601	0	21578
24096	167	20830	355	385	0	21737
24097	167	333	299	20861	0	21660
24098	146	309	20734	403	0	21592
24099	149	20132	335	335	0	20951
24100	152	318	303	20197	0	20970
24101	20122	279	143	349	0	20893
24102	401	111	20332	312	0	21156
24103	19225	64	360	163	0	19812
24104	381	84	19003	122	0	19590
24105	17114	57	345	113	0	17629
24106	324	17454	281	116	0	18175
24107	212	15855	107	80	0	16254
24108	106	604	90	14890	0	15690
24109	53	15157	83	287	0	15580
24110	14853	263	58	203	0	15377
24111	264	193	56	14748	0	15261
24112	201	82	44	14870	0	15197
24113	78	62	50	15134	0	15324
24114	59	43	14696	438	0	15236
24115	70	41	245	14743	0	15099
24116	67	44	14476	295	0	14882
24117	66	13970	254	215	0	14505
24118	12797	193	173	99	0	13262
24119	217	13213	80	80	0	13590
24120	13378	207	60	58	0	13703
24121	13332	153	45	87	0	13617
24122	13329	56	67	50	0	13502
24123	13235	56	36	67	0	13394
24124	351	35	13115	85	0	13586
24125	196	42	220	12939	0	13397
24126	81	54	178	12605	0	12918
24127	53	50	66	13132	0	13301
24128	12398	45	55	363	0	12861
24129	12327	40	53	228	0	12648
24130	322	12828	56	112	0	13318
24131	201	176	12320	73	0	12770
24132	74	127	12162	65	0	12428
24133	58	11893	296	64	0	12311
24134	55	11459	152	52	0	11718
24135	248	256	276	8531	0	9311
24136	54	76	43	8337	0	8510
24137	8541	33	21	149	0	8744
24138	96	8558	22	97	0	8773
24139	74	90	20	8852	0	9036
24140	37	64	9216	117	0	9434
24141	35	20	93	9390	0	9538
24142	17	21	71	9473	0	9582
24143	30	13	31	9464	0	9538
24144	29	17	36	9429	0	9511
24145	24	14	9294	171	0	9503
24146	25	9080	104	135	0	9344
24147	31	9111	72	60	0	9274
24148	8757	130	21	25	0	8933
24149	91	8809	22	30	0	8952
24150	66	9259	28	29	0	9382
24151	37	130	25	9220	0	9412
24152	24	68	22	9197	0	9311
24153	31	22	27	9231	0	9311
24154	28	26	9224	151	0	9429
24155	24	9203	79	107	0	9413
24156	31	98	67	8931	0	9127
24157	23	9391	30	103	0	9547
24158	9225	91	24	74	0	9414
24159	81	9285	31	54	0	9451
24160	9242	92	36	45	0	9415
24161	97	58	9277	52	0	9484
24162	9116	32	96	42	0	9286
24163	86	34	63	9317	0	9500
24164	71	36	9473	99	0	9679
24165	9147	49	82	66	0	9344
24166	9331	34	59	43	0	9467
24167	9386	39	22	38	0	9485
24168	138	35	17	9374	0	9564
24169	81	22	9453	110	0	9666
24170	9257	33	88	96	0	9474
24171	95	23	65	9590	0	9773
24172	64	22	41	9666	0	9793
24173	33	39	10024	153	0	10249
24174	29	10000	87	100	0	10216
24175	32	132	54	9634	0	9852
24176	37	10001	12	91	0	10141
24177	9824	110	14	60	0	10008
24178	9705	70	21	33	0	9829
24179	130	34	21	9690	0	9875
24180	9704	21	28	86	0	9839
24181	88	9713	21	84	0	9906
24182	9672	76	24	53	0	9825
24183	91	9794	21	47	0	9953
24184	86	85	22	9770	0	9963
24185	49	64	16	9616	0	9745
24186	43	9830	23	122	0	10018
24187	40	89	26	9823	0	9978
24188	37	61	9757	94	0	9949
24189	25	9588	86	82	0	9781
24190	9094	61	51	33	0	9239
24191	70	9157	20	37	0	9284
24192	59	70	14	9080	0	9223
24193	35	43	9155	71	0	9304
24194	22	30	63	9156	0	9271
24195	28	15	45	9182	0	9270
24196	9040	15	13	132	0	9200
24197	101	9	9163	73	0	9346
24198	73	9328	63	54	0	9518
24199	34	75	9726	36	0	9871
24200	27	48	9724	32	0	9831
24201	19	34	9701	25	0	9779
24202	65	195	112	9271	0	9643
24203	9670	9	53	56	0	9788
24204	40	9748	15	74	0	9877
24205	9979	50	12	24	0	10065
24206	10132	60	8	15	0	10215
24207	89	17	11	10121	0	10238
24208	57	10269	11	57	0	10394
24209	10220	53	9	58	0	10340
24210	49	10355	7	34	0	10445
24211	61	57	4	10078	0	10200
24212	18	59	4	10547	0	10628
24213	6	10637	14	120	0	10777
24214	13	52	9	10724	0	10798
24215	17	62	10533	62	0	10674
24216	21	21	10368	59	0	10469
24217	10	19	93	10386	0	10508
24218	9	18	62	10505	0	10594
24219	16	13	10292	102	0	10423
24220	18	16	10130	64	0	10228
24221	9552	13	100	29	0	9694
24222	58	10110	57	42	0	10267
24223	67	10674	22	25	0	10788
24224	28	102	25	10044	0	10199
24225	24	67	23	10176	0	10290
24226	21	18	10	10581	0	10630
24227	27	20	10554	100	0	10701
24228	26	20	10349	71	0	10466
24229	24	12	96	10579	0	10711
24230	26	26	10582	71	0	10705
24231	15	10501	63	86	0	10665
24232	10461	53	75	32	0	10621
24233	66	66	10461	22	0	10615
24234	70	22	10448	28	0	10568
24235	23	37	114	10515	0	10689
24236	28	21	11749	80	0	11878
24237	20	11943	82	129	0	12174
24238	16	88	80	12135	0	12319
24239	21	76	12235	97	0	12429
24240	18	11794	89	103	0	12004
24241	11659	91	94	33	0	11877
24242	77	103	37	11462	0	11679
24243	91	24	21	11624	0	11760
24244	11632	12	14	167	0	11825
24245	84	11687	18	128	0	11917
24246	11836	89	22	30	0	11977
24247	11676	101	17	23	0	11817
24248	11735	27	16	18	0	11796
24249	174	26	13	11638	0	11851
24250	11146	12	16	85	0	11259
24251	105	10695	20	115	0	10935
24252	102	11003	20	48	0	11173
24253	11153	164	20	23	0	11360
24254	100	110	20	11214	0	11444
24255	102	41	22	11132	0	11297
24256	35	23	25	11380	0	11463
24257	23	19	10991	201	0	11234
24258	19	10908	95	135	0	11157
24259	18	96	105	11143	0	11362
24260	11106	102	37	112	0	11357
24261	92	28	26	11152	0	11298
24262	109	23	11040	126	0	11298
24263	29	11059	102	130	0	11320
24264	10926	105	109	50	0	11190
24265	10789	109	37	39	0	10974
24266	10866	39	28	38	0	10971
24267	200	29	30	10917	0	11176
24268	137	35	11095	116	0	11383
24269	58	31	11707	144	0	11940
24270	38	11889	191	64	0	12182
24271	40	135	131	11764	0	12070
24272	39	123	35	12029	0	12226
24273	11574	30	20	238	0	11862
24274	138	38	19	11832	0	12027
24275	12336	26	29	152	0	12543
24276	160	27	12116	147	0	12450
24277	156	27	12296	58	0	12537
24278	55	25	246	12106	0	12432
24279	53	42	148	11840	0	12083
24280	34	29	46	12581	0	12690
24281	12506	35	30	280	0	12851
24282	13029	30	21	177	0	13257
24283	266	23	28	13247	0	13564
24284	168	21	13100	182	0	13471
24285	55	25	13397	168	0	13645
24286	23	33	285	13333	0	13674
24287	13560	27	164	189	0	13940
24288	164	33	57	13225	0	13479
24289	163	34	36	13644	0	13877
24290	66	23	13549	312	0	13950
24291	66	20	13454	180	0	13720
24292	13160	31	284	66	0	13541
24293	190	29	13541	57	0	13817
24294	174	23	175	12905	0	13277
24295	51	40	157	13205	0	13453
24296	13141	26	52	275	0	13494
24297	166	13005	43	204	0	13418
24298	12928	146	41	79	0	13194
24299	174	12668	34	85	0	12961
24300	12287	157	61	53	0	12558
24301	177	132	11991	79	0	12379
24302	11041	54	228	54	0	11377
24303	11101	23	141	58	0	11323
24304	241	42	62	11072	0	11417
24305	142	14	10987	164	0	11307
24306	61	25	168	10571	0	10825
24307	41	44	118	10356	0	10559
24308	46	10503	49	287	0	10885
24309	68	121	47	10308	0	10544
24310	62	10598	30	176	0	10866
24311	80	145	30	10562	0	10817
24312	10323	107	52	200	0	10682
24313	164	32	44	10485	0	10725
24314	165	27	10400	185	0	10777
24315	10330	36	137	162	0	10665
24316	195	20	10708	89	0	11012
24317	10631	24	164	70	0	10889
24318	10800	29	132	70	0	11031
24319	262	10729	61	85	0	11137
24320	165	11141	63	67	0	11436
24321	11046	241	68	56	0	11411
24322	11293	140	55	74	0	11562
24323	11026	40	42	89	0	11197
24324	11041	26	42	89	0	11198
24325	11132	28	29	95	0	11284
24326	300	32	36	10848	0	11216
24327	181	40	59	11063	0	11343
24328	86	55	11000	296	0	11437
24329	10760	36	184	182	0	11162
24330	226	26	141	10808	0	11201
24331	163	27	65	11034	0	11289
24332	97	20	10961	294	0	11372
24333	74	10727	189	197	0	11187
24334	90	10942	143	105	0	11280
24335	10563	234	119	71	0	10987
24336	9626	127	46	58	0	9857
24337	217	9253	43	71	0	9584
24338	104	9052	36	62	0	9254
24339	9046	162	43	49	0	9300
24340	9295	80	27	51	0	9453
24341	202	37	32	9147	0	9418
24342	122	21	32	9102	0	9277
24343	77	14	29	9409	0	9529
24344	9221	24	32	213	0	9490
24345	9256	19	51	121	0	9447
24346	214	18	39	9358	0	9629
24347	9891	28	41	166	0	10126
24348	191	25	10042	129	0	10387
24349	137	31	155	10082	0	10405
24350	88	19	10116	178	0	10401
24351	77	10021	152	132	0	10382
24352	92	151	108	9902	0	10253
24353	9746	88	72	173	0	10079
24354	183	42	47	9640	0	9912
24355	128	29	36	9801	0	9994
24356	81	26	9685	237	0	10029
24357	85	21	9886	130	0	10122
24358	73	9985	201	80	0	10339
24359	9918	138	107	58	0	10221
24360	9968	97	48	45	0	10158
24361	10031	47	32	42	0	10152
24362	10180	42	26	37	0	10285
24363	263	35	28	9965	0	10291
24364	169	29	21	9782	0	10001
24365	93	10089	23	228	0	10433
24366	10174	145	31	110	0	10460
24367	10144	103	28	74	0	10349
24368	243	47	9800	74	0	10164
24369	8623	18	110	37	0	8788
24370	150	8907	74	41	0	9172
24371	92	297	36	8455	0	8880
24372	62	8906	18	115	0	9101
24373	8782	143	18	79	0	9022
24374	118	8825	20	57	0	9020
24375	89	126	30	8203	0	8448
24376	39	57	16	8246	0	8358
24377	34	27	14	8142	0	8217
24378	33	8063	12	168	0	8276
24379	36	191	20	8023	0	8270
24380	47	107	14	7928	0	8096
24381	29	7562	14	145	0	7750
24382	27	7191	8	89	0	7315
24383	6771	111	16	32	0	6930
24384	84	6851	13	27	0	6975
24385	6562	89	12	18	0	6681
24386	112	37	6489	23	0	6661
24387	51	6388	66	26	0	6531
24388	6298	73	51	21	0	6443
24389	6251	37	25	12	0	6325
24390	105	19	6292	22	0	6438
24391	53	26	67	6259	0	6405
24392	32	16	6418	76	0	6542
24393	23	6289	77	55	0	6444
24394	6212	75	42	32	0	6361
24395	75	6181	20	26	0	6302
24396	41	77	11	6038	0	6167
24397	24	38	13	6196	0	6271
24398	27	21	6155	97	0	6300
24399	20	17	5957	56	0	6050
24400	5654	14	136	33	0	5837
24401	5958	15	49	19	0	6041
24402	5901	15	20	17	0	5953
24403	5996	19	8	22	0	6045
24404	113	5990	7	30	0	6140
24405	62	72	12	5936	0	6082
24406	33	43	6	5963	0	6045
24407	27	6134	9	108	0	6278
24408	6204	73	12	60	0	6349
24409	6155	44	12	40	0	6251
24410	119	23	6239	22	0	6403
24411	6244	19	73	21	0	6357
24412	90	18	40	6213	0	6361
24413	64	17	6194	80	0	6355
24414	46	36	71	6074	0	6227
24415	26	25	6202	93	0	6346
24416	24	14	6075	63	0	6176
24417	23	61	92	5701	0	5877
24418	17	5840	42	64	0	5963
24419	5776	63	17	44	0	5900
24420	5577	37	9	23	0	5646
24421	89	6135	9	28	0	6261
24422	46	6198	10	24	0	6278
24423	6283	88	18	15	0	6404
24424	6296	39	9	24	0	6368
24425	6259	24	10	14	0	6307
24426	6244	17	9	10	0	6280
24427	101	15	34	6361	0	6511
24428	54	17	6356	55	0	6482
24429	27	6376	56	43	0	6502
24430	6306	55	34	21	0	6416
24431	58	6523	18	18	0	6617
24432	6534	62	6	12	0	6614
24433	6441	39	8	11	0	6499
24434	101	13	6695	9	0	6818
24435	45	6826	56	9	0	6936
24436	18	66	33	6720	0	6837
24437	9	44	12	6726	0	6791
24438	18	16	7	6692	0	6733
24439	6692	18	11	84	0	6805
24440	6320	18	8	41	0	6387
24441	6455	8	7	18	0	6488
24442	85	6550	9	39	0	6683
24443	6487	50	15	12	0	6564
24444	58	6607	4	18	0	6687
24445	46	58	6565	19	0	6688
24446	19	6381	39	22	0	6461
24447	27	110	36	5689	0	5862
24448	9	18	2	5582	0	5611
24449	12	4	5554	45	0	5615
24450	14	8	24	5357	0	5403
24451	11	5	11	5457	0	5484
24452	5554	8	5	32	0	5599
24453	5364	8	8	16	0	5396
24454	5522	4	3	7	0	5536
24455	38	5602	8	14	0	5662
24456	5572	28	7	11	0	5618
24457	5385	10	4	11	0	5410
24458	48	5796	5	8	0	5857
24459	17	26	4	5845	0	5892
24460	12	27	1	5822	0	5862
24461	5903	3	4	51	0	5961
24462	38	5	5807	35	0	5885
24463	25	5676	25	21	0	5747
24464	10	58	22	5409	0	5499
24465	6	5537	4	26	0	5573
24466	6	5579	6	23	0	5614
24467	5616	49	14	3	0	5682
24468	5482	27	1	9	0	5519
24469	42	5	2	5572	0	5621
24470	26	3	6	5465	0	5500
24471	4	8	4	5473	0	5489
24472	5	3	5	5517	0	5530
24473	9	4	5446	45	0	5504
24474	7	6	5203	28	0	5244
24475	9	3	37	5573	0	5622
24476	7	7	5934	26	0	5974
24477	6	5917	25	33	0	5981
24478	6021	24	23	7	0	6075
24479	6014	28	4	13	0	6059
24480	47	8	1	6115	0	6171
24481	34	4	10	6163	0	6211
24482	12	5	1	6247	0	6265
24483	7	6372	7	56	0	6442
24484	6339	31	5	29	0	6404
24485	6277	29	3	11	0	6320
24486	57	6	6401	7	0	6471
24487	30	11	32	6787	0	6860
24488	17	6	7097	62	0	7182
24489	10	3	51	7699	0	7763
24490	5	9	36	7603	0	7653
24491	6	7	9	7702	0	7724
24492	8	6	3	7930	0	7947
24493	7898	10	5	135	0	8048
24494	8010	7	7	75	0	8099
24495	8247	5	10	17	0	8279
24496	146	8	6	8265	0	8425
24497	80	8	8233	89	0	8410
24498	7948	9	78	75	0	8110
24499	89	5	68	8207	0	8369
24500	8284	9	18	89	0	8400
24501	88	3	10	8242	0	8343
24502	67	8100	5	111	0	8283
24503	25	8434	5	99	0	8563
24504	17	149	4	8407	0	8577
24505	27	74	12	8262	0	8375
24506	32	18	6	8403	0	8459
24507	10	8350	13	157	0	8530
24508	8302	83	5	89	0	8479
24509	83	8378	10	72	0	8543
24510	67	94	8419	25	0	8605
24511	24	71	89	8206	0	8390
24512	9	8641	61	109	0	8820
24513	7	85	24	8539	0	8655
24514	12	65	10	8651	0	8738
24515	20	18	8697	162	0	8897
24516	8130	10	84	101	0	8325
24517	103	8816	64	54	0	9037
24518	8829	84	27	39	0	8979
24519	8759	71	10	34	0	8874
24520	8885	25	14	32	0	8956
24521	196	26	8418	21	0	8661
24522	105	13	101	8162	0	8381
24523	39	20	69	8302	0	8430
24524	20	16	8165	174	0	8375
24525	7670	15	92	109	0	7886
24526	113	16	8306	60	0	8495
24527	94	14	8108	41	0	8257
24528	24	8317	146	47	0	8534
24529	27	108	78	8197	0	8410
24530	21	79	8282	105	0	8487
24531	7712	23	95	91	0	7921
24532	7817	21	74	46	0	7958
24533	154	16	8041	33	0	8244
24534	87	23	92	8023	0	8225
24535	40	17	8229	102	0	8388
24536	20	8166	94	108	0	8388
24537	8538	86	84	36	0	8744
24538	8582	76	26	46	0	8730
24539	8760	36	16	40	0	8852
24540	170	15	21	8662	0	8868
24541	108	13	12	8952	0	9085
24542	43	17	8813	180	0	9053
24543	8670	19	105	100	0	8894
24544	123	22	81	8788	0	9014
24545	8771	10	43	121	0	8945
24546	144	10	8734	100	0	8988
24547	111	15	8948	48	0	9122
24548	40	11	179	8620	0	8850
24549	30	23	96	8963	0	9112
24550	39	12	8988	209	0	9248
24551	8722	16	123	103	0	8964
24552	127	63	104	8575	0	8869
24553	98	9201	39	128	0	9466
24554	9185	105	42	98	0	9430
24555	116	9347	37	51	0	9551
24556	9370	117	34	42	0	9563
24557	135	91	9580	45	0	9851
24558	113	29	9322	33	0	9497
24559	46	9301	167	41	0	9555
24560	9306	101	107	33	0	9547
24561	130	78	9257	28	0	9493
24562	8998	23	111	28	0	9160
24563	131	9229	81	45	0	9486
24564	110	101	33	9247	0	9491
24565	65	79	21	9060	0	9225
24566	40	9371	30	168	0	9609
24567	9550	97	33	99	0	9779
24568	9556	78	28	52	0	9714
24569	9874	22	27	41	0	9964
24570	211	20	10011	35	0	10277
24571	103	8	135	9895	0	10141
24572	57	17	91	9926	0	10091
24573	40	17	50	10190	0	10297
24574	33	23	10057	206	0	10319
24575	38	9776	126	143	0	10083
24576	9497	112	91	51	0	9751
24577	126	83	9692	29	0	9930
24578	9442	34	120	35	0	9631
24579	144	9541	85	31	0	9801
24580	9556	121	44	30	0	9751
24581	160	88	32	9459	0	9739
24582	9612	42	40	108	0	9802
24583	148	23	38	9546	0	9755
24584	97	24	9759	132	0	10012
24585	56	97	120	9617	0	9890
24586	51	24	9727	125	0	9927
24587	8775	17	109	76	0	8977
24588	101	9100	88	51	0	9340
24589	57	74	26	8161	0	8318
24590	32	8706	18	66	0	8822
24591	8554	64	40	46	0	8704
24592	8502	39	23	22	0	8586
24593	89	8537	20	30	0	8676
24594	8468	55	24	26	0	8573
24595	8677	31	23	16	0	8747
24596	90	17	17	8575	0	8699
24597	45	14	16	8687	0	8762
24598	8939	14	21	85	0	9059
24599	9051	18	20	39	0	9128
24600	108	16	17	9046	0	9187
24601	52	16	15	10044	0	10127
24602	10421	10	20	110	0	10561
24603	94	18	10487	48	0	10647
24604	10098	15	86	36	0	10235
24605	116	14	10426	28	0	10584
24606	62	10318	81	30	0	10491
24607	35	80	52	10178	0	10345
24608	42	47	10504	82	0	10675
24609	23	10829	79	64	0	10995
24610	10741	78	56	50	0	10925
24611	83	48	10863	23	0	11017
24612	10527	22	76	26	0	10651
24613	10776	11	43	30	0	10860
24614	10870	10	35	18	0	10933
24615	123	28	26	10294	0	10471
24616	68	11069	17	85	0	11239
24617	11113	73	20	55	0	11261
24618	107	46	11184	28	0	11365
24619	10731	27	88	20	0	10866
24620	116	21	11233	18	0	11388
24621	70	10995	85	92	0	11242
24622	48	77	54	10966	0	11145
24623	34	38	38	10935	0	11045
24624	27	10986	31	119	0	11163
24625	20	78	17	11124	0	11239
24626	31	42	11129	100	0	11302
24627	32	11121	85	56	0	11294
24628	36	95	46	10915	0	11092
24629	10796	51	31	87	0	10965
24630	11157	30	22	55	0	11264
24631	135	22	20	11377	0	11554
24632	102	11806	11	78	0	11997
24633	63	88	8	11607	0	11766
24634	49	56	19	11513	0	11637
24635	54	21	11285	143	0	11503
24636	32	11327	91	111	0	11561
24637	32	82	71	11027	0	11212
24638	37	52	10981	99	0	11169
24639	35	10835	85	66	0	11021
24640	42	89	55	10831	0	11017
24641	10871	58	21	91	0	11041
24642	81	11183	20	113	0	11397
24643	69	88	19	11287	0	11463
24644	11619	52	19	69	0	11759
24645	11518	35	20	62	0	11635
24646	11580	27	14	44	0	11665
24647	11555	19	14	30	0	11618
24648	142	20	21	11473	0	11656
24649	82	15	11762	103	0	11962
24650	52	29	66	11451	0	11598
24651	42	11746	61	87	0	11936
24652	11931	68	23	67	0	12089
24653	77	50	11657	56	0	11840
24654	11358	27	71	40	0	11496
24655	92	22	11555	31	0	11700
24656	82	17	82	11357	0	11538
24657	50	17	11568	76	0	11711
24658	27	29	83	11380	0	11519
24659	44	26	11480	85	0	11635
24660	35	22	78	11352	0	11487
24661	11362	21	59	90	0	11532
24662	83	11916	25	74	0	12098
24663	79	71	17	11850	0	12017
24664	49	50	22	11827	0	11948
24665	44	18	12268	115	0	12445
24666	51	14	11959	67	0	12091
24667	11464	33	104	48	0	11649
24668	61	11949	66	55	0	12131
24669	11790	48	57	23	0	11918
24670	11841	48	14	22	0	11925
24671	98	21	22	11664	0	11805
24672	61	12052	21	68	0	12202
24673	12370	56	26	51	0	12503
24674	12390	53	20	28	0	12491
24675	12717	19	27	16	0	12779
24676	12611	11	17	34	0	12673
24677	12434	13	26	22	0	12495
24678	119	24	12468	19	0	12630
24679	12263	21	57	29	0	12370
24680	87	20	12524	31	0	12662
24681	73	15	73	12171	0	12332
24682	46	22	55	12474	0	12597
24683	41	15	12537	107	0	12700
24684	12089	24	63	94	0	12270
24685	88	21	64	12536	0	12709
24686	91	20	28	12627	0	12766
24687	34	20	25	12807	0	12886
24688	20	37	25	12701	0	12783
24689	36	23	14	12850	0	12923
24690	34	22	12969	139	0	13164
24691	28	24	75	12824	0	12951
24692	48	24	13044	101	0	13217
24693	43	30	12844	97	0	13014
24694	12646	26	145	51	0	12868
24695	13008	22	99	45	0	13174
24696	13941	22	49	49	0	14061
24697	194	28	14708	36	0	14966
24698	144	19	14951	45	0	15159
24699	64	24	15538	40	0	15666
24700	62	15622	201	47	0	15932
24701	138	248	152	14906	0	15444
24702	15579	96	75	113	0	15863
24703	132	20	19	16853	0	17024
24704	118	17265	22	197	0	17602
24705	17350	133	34	130	0	17647
24706	146	130	27	17117	0	17420
24707	147	17726	20	198	0	18091
24708	46	134	30	17694	0	17904
24709	38	137	28	17526	0	17729
24710	17267	23	33	264	0	17587
24711	146	12	36	17351	0	17545
24712	143	11	17213	178	0	17545
24713	42	15	146	17070	0	17273
24714	30	16839	132	177	0	17178
24715	39	17118	38	168	0	17363
24716	43	259	19	16404	0	16725
24717	40	144	25	16285	0	16494
24718	38	16469	26	263	0	16796
24719	27	16497	24	185	0	16733
24720	27	16887	36	61	0	17011
24721	53	275	29	15849	0	16206
24722	38	16721	39	144	0	16942
24723	16573	164	26	154	0	16917
24724	170	151	16749	65	0	17135
24725	168	58	141	16096	0	16463
24726	68	16807	136	171	0	17182
24727	16674	153	43	170	0	17040
24728	177	142	16777	67	0	17163
24729	150	16786	148	74	0	17158
24730	16319	154	136	36	0	16645
24731	140	16189	34	63	0	16426
24732	131	16249	29	47	0	16456
24733	52	261	14	16020	0	16347
24734	25	16477	21	161	0	16684
24735	16279	161	34	149	0	16623
24736	147	145	13	16178	0	16483
24737	132	50	16172	153	0	16507
24738	48	45	16153	137	0	16383
24739	28	60	242	16003	0	16333
24740	52	48	16395	164	0	16659
24741	27	34	141	16308	0	16510
24742	15847	43	129	162	0	16181
24743	156	29	16001	148	0	16334
24744	123	43	142	15457	0	15765
24745	42	15470	132	161	0	15805
24746	35	149	47	15712	0	15943
24747	35	148	26	15669	0	15878
24748	31	15816	40	291	0	16178
24749	30	163	33	16046	0	16272
24750	29	146	29	16057	0	16261
24751	26	58	15928	275	0	16287
24752	27	15787	145	183	0	16142
24753	15676	156	128	85	0	16045
24754	141	161	44	15781	0	16127
24755	149	52	16039	190	0	16430
24756	37	59	148	15975	0	16219
24757	50	51	15884	196	0	16181
24758	15195	46	178	171	0	15590
24759	131	15834	135	78	0	16178
24760	140	179	47	15707	0	16073
24761	56	165	39	16062	0	16322
24762	15467	73	52	281	0	15873
24763	156	74	35	15648	0	15913
24764	164	78	15572	196	0	16010
24765	57	72	143	14924	0	15196
24766	35	15031	144	214	0	15424
24767	47	15270	54	198	0	15569
24768	34	15506	45	121	0	15706
24769	51	305	43	15203	0	15602
24770	53	193	15068	222	0	15536
24771	32	14969	168	180	0	15349
24772	14662	218	120	90	0	15090
24773	154	15129	47	96	0	15426
24774	14988	207	34	87	0	15316
24775	14841	173	44	72	0	15130
24776	263	83	14879	95	0	15320
24777	15043	73	178	76	0	15370
24778	15476	77	138	86	0	15777
24779	15652	89	54	84	0	15879
24780	15580	54	56	72	0	15762
24781	275	71	15656	84	0	16086
24782	15259	73	162	60	0	15554
24783	15630	70	139	75	0	15914
24784	251	16023	59	72	0	16405
24785	155	195	38	15657	0	16045
24786	65	211	35	15697	0	16008
24787	53	16024	40	263	0	16380
24788	15765	206	38	162	0	16171
24789	163	16022	43	91	0	16319
24790	15464	191	49	56	0	15760
24791	15332	149	34	68	0	15583
24792	255	15700	42	71	0	16068
24793	157	162	48	15669	0	16036
24794	77	126	15815	179	0	16197
24795	56	15363	155	162	0	15736
24796	75	350	128	13763	0	14316
24797	52	14103	58	141	0	14354
24798	83	14717	35	126	0	14961
24799	65	311	52	13885	0	14313
24800	59	107	14377	133	0	14676
24801	35	13887	108	115	0	14145
24802	34	13414	88	54	0	13590
24803	11399	128	84	19	0	11630
24804	65	74	9	11493	0	11641
24805	60	27	11	11441	0	11539
24806	20	15	3	11827	0	11865
24807	14	25	11667	140	0	11846
24808	8	11	66	11620	0	11705
24809	16	12024	65	87	0	12192
24810	12404	80	27	67	0	12578
24811	90	69	6	12449	0	12614
24812	86	30	12435	87	0	12638
24813	12663	13	85	81	0	12842
24814	90	15	73	13362	0	13540
24815	105	8	14339	98	0	14550
24816	32	11	14312	95	0	14450
24817	14436	12	216	31	0	14695
24818	15006	13	119	21	0	15159
24819	14823	24	26	10	0	14883
24820	15154	17	9	15	0	15195
24821	261	25	15191	18	0	15495
24822	145	15321	130	43	0	15639
24823	15332	133	114	27	0	15606
24824	144	15350	27	20	0	15541
24825	15278	150	11	21	0	15460
24826	147	15452	16	33	0	15648
24827	121	199	18	15137	0	15475
24828	38	134	14	15195	0	15381
24829	24	40	17	15158	0	15239
24830	19	15077	15	273	0	15384
24831	27	15258	19	171	0	15475
24832	32	255	13	14571	0	14871
24833	20	15054	18	181	0	15273
24834	38	156	14927	123	0	15244
24835	34	142	141	14754	0	15071
24836	42	41	15024	158	0	15265
24837	14478	28	166	147	0	14819
24838	14742	34	135	45	0	14956
24839	282	36	14773	35	0	15126
24840	167	29	14673	43	0	14912
24841	50	41	262	14450	0	14803
24842	56	45	14797	168	0	15066
24843	43	40	165	14028	0	14276
24844	51	14182	180	182	0	14595
24845	60	169	47	14530	0	14806
24846	53	157	28	14521	0	14759
24847	50	65	33	14719	0	14867
24848	42	55	14291	307	0	14695
24849	47	61	162	14018	0	14288
24850	60	61	166	13679	0	13966
24851	53	79	53	13679	0	13864
24852	57	14179	44	284	0	14564
24853	14195	179	46	163	0	14583
24854	13964	160	41	96	0	14261
24855	14028	72	47	77	0	14224
24856	303	56	61	13863	0	14283
24857	193	56	13987	198	0	14434
24858	140	60	13847	187	0	14234
24859	68	13985	281	91	0	14425
24860	13806	173	156	95	0	14230
24861	160	13981	85	101	0	14327
24862	13891	188	69	95	0	14243
24863	191	13894	52	105	0	14242
24864	13680	190	61	99	0	14030
24865	187	14298	87	93	0	14665
24866	174	200	74	14211	0	14659
24867	104	169	14139	200	0	14612
24868	93	99	14123	211	0	14526
24869	98	53	301	13826	0	14278
24870	99	55	196	13860	0	14210
24871	86	72	96	14241	0	14495
24872	111	63	14013	339	0	14526
24873	113	61	184	13716	0	14074
24874	13427	74	187	232	0	13920
24875	13443	61	98	199	0	13801
24876	301	13426	75	148	0	13950
24877	13297	182	83	107	0	13669
24878	223	13157	72	125	0	13577
24879	13031	206	82	107	0	13426
24880	13015	188	85	96	0	13384
24881	12784	99	92	102	0	13077
24882	353	82	12708	93	0	13236
24883	248	93	12486	70	0	12897
24884	12277	90	298	84	0	12749
24885	12504	77	197	96	0	12874
24886	356	70	120	12392	0	12938
24887	278	76	67	12812	0	13233
24888	157	78	98	13103	0	13436
24889	118	89	90	13353	0	13650
24890	113	91	90	13750	0	14044
24891	13525	122	79	377	0	14103
24892	219	103	66	13534	0	13922
24893	206	105	13369	274	0	13954
24894	12980	106	200	243	0	13529
24895	13186	78	195	166	0	13625
24896	324	13378	77	162	0	13941
24897	187	13382	63	139	0	13771
24898	12017	293	58	76	0	12444
24899	167	12405	70	75	0	12717
24900	11974	181	78	65	0	12298
24901	12803	140	128	68	0	13139
24902	13020	38	83	76	0	13217
24903	312	41	86	12631	0	13070
24904	204	12798	62	223	0	13287
24905	12917	156	73	187	0	13333
24906	192	137	61	12752	0	13142
24907	171	40	62	12718	0	12991
24908	12196	15	53	326	0	12590
24909	154	12108	56	225	0	12543
24910	140	166	34	11818	0	12158
24911	11904	136	32	211	0	12283
24912	162	12040	29	187	0	12418
24913	11909	143	28	76	0	12156
24914	190	121	11502	56	0	11869
24915	10684	23	100	42	0	10849
24916	134	10941	92	51	0	11218
24917	10608	113	47	30	0	10798
24918	10376	85	6	9	0	10476
24919	187	10597	5	17	0	10806
24920	10491	101	9	20	0	10621
24921	130	10384	10	19	0	10543
24922	10620	114	2	14	0	10750
24923	126	87	4	10502	0	10719
24924	96	26	9	10554	0	10685
24925	45	13	3	10749	0	10810
24926	25	17	10367	203	0	10612
24927	23	18	107	10408	0	10556
24928	38	11	10460	122	0	10631
24929	25	19	111	10294	0	10449
24930	24	10380	83	138	0	10625
24931	25	115	16	10559	0	10715
24932	50	94	10406	115	0	10665
24933	32	29	10570	98	0	10729
24934	28	18	171	10524	0	10741
24935	10481	13	94	121	0	10709
24936	10416	16	30	99	0	10561
24937	193	10608	9	55	0	10865
24938	129	113	6	10660	0	10908
24939	56	93	10850	117	0	11116
24940	36	34	101	10876	0	11047
24941	38	21	10995	137	0	11191
24942	10640	28	118	105	0	10891
24943	137	23	90	10906	0	11156
24944	122	19	10856	134	0	11131
24945	58	19	112	10832	0	11021
24946	40	25	82	10988	0	11135
24947	38	22	10936	216	0	11212
24948	38	20	114	10888	0	11060
24949	10801	21	94	140	0	11056
24950	10897	25	29	119	0	11070
24951	209	17	21	11071	0	11318
24952	11165	27	15	144	0	11351
24953	168	30	11176	118	0	11492
24954	121	22	11123	61	0	11327
24955	11073	20	200	46	0	11339
24956	11311	22	116	49	0	11498
24957	222	29	38	11079	0	11368
24958	133	20	23	11277	0	11453
24959	68	19	11160	226	0	11473
24960	48	35	137	10585	0	10805
24961	43	11145	102	154	0	11444
24962	11339	136	45	110	0	11630
24963	11959	100	34	43	0	12136
24964	244	12076	32	43	0	12395
24965	11691	148	22	53	0	11914
24966	11610	105	39	41	0	11795
24967	244	11831	26	65	0	12166
24968	11877	155	31	61	0	12124
24969	181	11962	32	56	0	12231
24970	12024	163	34	56	0	12277
24971	196	122	11964	57	0	12339
24972	137	40	168	11850	0	12195
24973	66	18	112	12060	0	12256
24974	45	25	55	12557	0	12682
24975	12454	20	43	308	0	12825
24976	207	22	38	12981	0	13248
24977	154	21	12946	211	0	13332
24978	12849	17	190	155	0	13211
24979	195	24	133	12865	0	13217
24980	154	12816	46	214	0	13230
24981	55	13201	51	160	0	13467
24982	54	267	35	12894	0	13250
24983	62	147	33	12869	0	13111
24984	53	37	35	13157	0	13282
24985	53	26	12828	318	0	13225
24986	51	12583	171	170	0	12975
24987	12068	146	126	65	0	12405
24988	11695	108	51	56	0	11910
24989	248	11699	36	76	0	12059
24990	126	11595	21	46	0	11788
24991	142	273	27	11266	0	11708
24992	40	107	11193	157	0	11497
24993	10602	89	160	114	0	10965
24994	10724	17	92	57	0	10890
24995	194	18	39	10623	0	10874
24996	117	10	28	10656	0	10811
24997	10353	10	27	201	0	10591
24998	143	16	10322	117	0	10598
24999	10053	7	119	56	0	10235
25000	147	10155	84	44	0	10430
25001	74	104	17	8907	0	9102
25002	25	9005	18	100	0	9148
25003	9040	93	29	71	0	9233
25004	106	55	22	8818	0	9001
25005	79	12	13	8748	0	8852
25006	27	8824	13	139	0	9003
25007	8844	90	11	74	0	9019
25008	8840	69	17	35	0	8961
25009	154	32	8845	24	0	9055
25010	65	12	8513	27	0	8617
25011	8366	9	120	21	0	8516
25012	106	11	8414	23	0	8554
25013	57	11	7940	22	0	8030
25014	7686	55	149	13	0	7903
25015	84	24	8561	15	0	8684
25016	51	18	84	8451	0	8604
25017	14	15	65	8583	0	8677
25018	9214	12	27	153	0	9406
25019	109	14	9596	92	0	9811
25020	10039	11	109	32	0	10191
25021	146	12	82	9920	0	10160
25022	10068	13	20	130	0	10231
25023	10045	23	14	101	0	10183
25024	10156	9	10	39	0	10214
25025	244	10	11	10021	0	10286
25026	10166	20	13	131	0	10330
25027	175	15	12	10170	0	10372
25028	126	22	6	10065	0	10219
25029	53	14	10	10124	0	10201
25030	43	18	13	10283	0	10357
25031	10069	18	14	243	0	10344
25032	10027	10	16	137	0	10190
25033	224	8	10083	68	0	10383
25034	10149	10	122	40	0	10321
25035	10248	11	98	38	0	10395
25036	240	14	39	10109	0	10402
25037	147	10107	18	149	0	10421
25038	10167	123	31	115	0	10436
25039	175	105	21	9916	0	10217
25040	9882	39	17	147	0	10085
25041	168	9837	20	126	0	10151
25042	10062	134	16	50	0	10262
25043	183	109	12	9771	0	10075
25044	131	9720	18	168	0	10037
25045	9894	143	13	122	0	10172
25046	163	9865	22	61	0	10111
25047	123	10141	27	69	0	10360
25048	10144	210	21	48	0	10423
25049	188	124	10014	38	0	10364
25050	10085	45	129	52	0	10311
25051	180	24	104	9959	0	10267
25052	157	28	9958	151	0	10294
25053	82	15	149	9770	0	10016
25054	81	14	117	9984	0	10196
25055	66	16	9900	259	0	10241
25056	9780	11	143	146	0	10080
25057	191	11	106	9863	0	10171
25058	166	11	38	9911	0	10126
25059	91	25	26	9958	0	10100
25060	9834	15	29	268	0	10146
25061	203	11	9668	168	0	10050
25062	149	23	9701	94	0	9967
25063	82	24	181	9023	0	9310
25064	59	15	9095	174	0	9343
25065	8807	13	137	133	0	9090
25066	164	8911	89	79	0	9243
25067	8792	109	59	45	0	9005
25068	188	89	30	8439	0	8746
25069	141	8742	29	135	0	9047
25070	92	170	28	8661	0	8951
25071	69	8823	25	162	0	9079
25072	84	161	20	8852	0	9117
25073	73	101	8713	174	0	9061
25074	82	42	8344	132	0	8600
25075	71	8300	162	89	0	8622
25076	7677	121	113	58	0	7969
25077	137	80	39	7334	0	7590
25078	115	49	27	7649	0	7840
25079	7637	33	23	179	0	7872
25080	7483	42	25	135	0	7685
25081	189	30	24	7530	0	7773
25082	141	35	7412	147	0	7735
25083	91	7450	110	145	0	7796
25084	77	99	94	7362	0	7632
25085	78	91	51	7261	0	7481
25086	64	7616	46	175	0	7901
25087	7703	111	40	128	0	7982
25088	142	86	7719	76	0	8023
25089	112	60	111	7622	0	7905
25090	96	36	85	7533	0	7750
25091	65	32	7533	212	0	7842
25092	66	32	115	7671	0	7884
25093	7722	24	96	170	0	8012
25094	7609	40	50	139	0	7838
25095	7785	28	42	98	0	7953
25096	208	7662	53	77	0	8000
25097	8045	119	46	67	0	8277
25098	188	86	43	7929	0	8246
25099	146	51	40	7822	0	8059
25100	75	8652	44	197	0	8968
25101	9448	140	31	127	0	9746
25102	9803	101	36	83	0	10023
25103	9835	59	46	73	0	10013
25104	10009	49	40	70	0	10168
25105	10030	43	55	72	0	10200
25106	286	47	9836	94	0	10263
25107	9918	48	168	79	0	10213
25108	9991	39	125	57	0	10212
25109	9864	36	74	80	0	10054
25110	291	35	56	9707	0	10089
25111	170	32	41	9845	0	10088
25112	105	32	9638	272	0	10047
25113	8855	26	158	185	0	9224
25114	181	9450	135	103	0	9869
25115	117	8726	51	85	0	8979
25116	67	161	8625	57	0	8910
25117	59	8487	143	48	0	8737
25118	39	7997	84	44	0	8164
25119	98	323	89	6479	0	6989
25120	28	6962	20	71	0	7081
25121	6839	96	11	40	0	6986
25122	6671	48	50	33	0	6802
25123	113	30	7	6706	0	6856
25124	59	23	6713	89	0	6884
25125	6553	13	88	51	0	6705
25126	94	13	6790	33	0	6930
25127	59	16	6844	54	0	6973
25128	34	9	124	6383	0	6550
25129	25	23	50	6779	0	6877
25130	31	8	6832	120	0	6991
25131	29	6705	81	60	0	6875
25132	29	7096	48	42	0	7215
25133	7012	123	22	37	0	7194
25134	7038	47	23	13	0	7121
25135	122	26	6968	18	0	7134
25136	6796	12	64	22	0	6894
25137	7085	17	39	17	0	7158
25138	132	20	19	6760	0	6931
25139	71	10	15	7005	0	7101
25140	45	14	12	7078	0	7149
25141	7075	13	5	112	0	7205
25142	6999	8	12	68	0	7087
25143	7146	9	20	26	0	7201
25144	155	7	9	7112	0	7283
25145	113	6	6962	76	0	7157
25146	6864	10	71	46	0	6991
25147	6810	10	51	18	0	6889
25148	146	29	30	6660	0	6865
25149	94	6784	26	75	0	6979
25150	65	76	13	6756	0	6910
25151	58	6914	13	94	0	7079
25152	56	82	9	6751	0	6898
25153	60	7083	19	102	0	7264
25154	6925	79	28	56	0	7088
25155	108	56	26	6844	0	7034
25156	84	6881	22	132	0	7119
25157	57	94	6910	46	0	7107
25158	6618	58	87	22	0	6785
25159	93	45	60	6732	0	6930
25160	66	6822	24	90	0	7002
25161	52	88	21	6615	0	6776
25162	46	6598	19	94	0	6757
25163	54	6938	24	56	0	7072
25164	6881	115	17	39	0	7052
25165	6970	57	29	35	0	7091
25166	135	37	6959	25	0	7156
25167	6824	35	83	23	0	6965
25168	6890	34	72	26	0	7022
25169	134	6852	44	25	0	7055
25170	90	78	34	6806	0	7008
25171	64	62	22	6807	0	6955
25172	70	27	6795	119	0	7011
25173	59	40	6718	61	0	6878
25174	6702	28	123	37	0	6890
25175	6826	13	66	34	0	6939
25176	6858	21	45	25	0	6949
25177	151	16	6794	33	0	6994
25178	103	19	93	6684	0	6899
25179	6744	19	63	102	0	6928
25180	103	23	40	6759	0	6925
25181	67	29	6718	116	0	6930
25182	6477	38	81	78	0	6674
25183	118	37	7021	45	0	7221
25184	89	6811	77	67	0	7044
25185	6925	82	53	31	0	7091
25186	118	52	6858	41	0	7069
25187	87	37	88	6706	0	6918
25188	6751	24	58	80	0	6913
25189	111	21	26	6836	0	6994
25190	6950	21	25	104	0	7100
25191	100	26	18	6929	0	7073
25192	7151	24	15	109	0	7299
25193	7075	28	24	81	0	7208
25194	6991	33	27	46	0	7097
25195	7031	34	18	31	0	7114
25196	144	33	31	6964	0	7172
25197	88	21	6732	84	0	6925
25198	61	34	6741	55	0	6891
25199	46	6680	103	32	0	6861
25200	34	6014	38	15	0	6101
25201	5036	61	120	10	0	5227
25202	25	24	5	4820	0	4874
25203	15	1	4960	18	0	4994
25204	11	2	5185	15	0	5213
25205	3	13	27	5141	0	5184
25206	5183	3	11	17	0	5214
25207	17	5363	0	14	0	5394
25208	5597	10	0	5	0	5612
25209	15	10	3	5563	0	5591
25210	11	2	3	5592	0	5608
25211	4	2	2	5606	0	5614
25212	8	4	5688	24	0	5724
25213	6	2	5612	14	0	5634
25214	4	5651	26	4	0	5685
25215	3	14	11	5691	0	5719
25216	5634	12	3	16	0	5665
25217	18	3	5588	12	0	5621
25218	13	3	5672	4	0	5692
25219	2	2	28	5635	0	5667
25220	6	3	16	5726	0	5751
25221	5	1	4	5823	0	5833
25222	5	2	3	6402	0	6412
25223	6570	4	5	38	0	6617
25224	24	2	3	6669	0	6698
25225	6699	2	12	35	0	6748
25226	31	2	6889	30	0	6952
25227	30	6902	30	13	0	6975
25228	6	38	26	6935	0	7005
25229	12	23	7100	35	0	7170
25230	18	18	7143	29	0	7208
25231	2	7257	54	8	0	7321
25232	10	26	42	6813	0	6891
25233	4	22	5	6959	0	6990
25234	11	3	7106	46	0	7166
25235	6827	3	29	29	0	6888
25236	31	2	28	7112	0	7173
25237	26	3	6	6997	0	7032
25238	11	2	7305	61	0	7379
25239	7	7363	46	39	0	7455
25240	2	8215	34	17	0	8268
25241	8333	74	7	8	0	8422
25242	53	48	6	8431	0	8538
25243	9020	11	7	59	0	9097
25244	76	4	9026	51	0	9157
25245	53	2	68	8982	0	9105
25246	8999	4	52	67	0	9122
25247	8986	5	18	61	0	9070
25248	115	2	8	9069	0	9194
25249	68	4	9085	72	0	9229
25250	34	9	9154	56	0	9253
25251	11	6	111	9061	0	9189
25252	10	6	9182	70	0	9268
25253	8554	9	77	71	0	8711
25254	72	9055	63	27	0	9217
25255	9111	65	24	26	0	9226
25256	9184	57	14	13	0	9268
25257	120	17	17	9110	0	9264
25258	71	11	12	9181	0	9275
25259	9215	10	14	123	0	9362
25260	65	6	21	9247	0	9339
25261	65	6	9273	91	0	9435
25262	20	9244	70	110	0	9444
25263	13	67	62	8992	0	9134
25264	10	55	26	8983	0	9074
25265	12	21	20	9147	0	9200
25266	17	9	9129	143	0	9298
25267	16	9109	68	102	0	9295
25268	11	59	65	9158	0	9293
25269	16	60	9100	78	0	9254
25270	15	27	75	9071	0	9188
25271	9043	18	66	90	0	9217
25272	74	17	26	9097	0	9214
25273	74	12	9071	92	0	9249
25274	8976	9	72	83	0	9140
25275	77	9255	66	53	0	9451
25276	69	9408	38	32	0	9547
25277	9552	122	18	26	0	9718
25278	96	83	9768	24	0	9971
25279	86	20	77	9579	0	9762
25280	37	15	73	9815	0	9940
25281	23	8	9915	141	0	10087
25282	22	9907	89	111	0	10129
25283	26	75	88	9237	0	9426
25284	37	72	9648	88	0	9845
25285	28	32	84	9542	0	9686
25286	9618	19	81	105	0	9823
25287	101	14	10035	94	0	10244
25288	91	12	97	9901	0	10101
25289	37	17	86	9952	0	10092
25290	46	14	9912	160	0	10132
25291	41	12	93	9507	0	9653
25292	29	9334	95	137	0	9595
25293	39	83	48	9162	0	9332
25294	26	9694	39	121	0	9880
25295	9615	84	35	106	0	9840
25296	9239	83	51	68	0	9441
25297	160	28	9577	38	0	9803
25298	107	29	9539	46	0	9721
25299	41	34	9585	41	0	9701
25300	47	9510	182	47	0	9786
25301	31	90	142	9521	0	9784
25302	39	76	9666	109	0	9890
25303	43	31	103	9376	0	9553
25304	32	26	88	9216	0	9362
25305	44	29	9492	153	0	9718
25306	54	24	95	9383	0	9556
25307	33	32	86	9127	0	9278
25308	33	9349	46	176	0	9604
25309	38	81	36	9301	0	9456
25310	26	75	40	9462	0	9603
25311	30	30	9464	182	0	9706
25312	32	28	99	9353	0	9512
25313	29	33	9519	124	0	9705
25314	22	26	9399	120	0	9567
25315	9087	13	155	82	0	9337
25316	95	35	108	9277	0	9515
25317	79	9567	54	132	0	9832
25318	49	9682	49	91	0	9871
25319	33	148	36	9761	0	9978
25320	37	94	9760	127	0	10018
25321	36	9745	95	128	0	10004
25322	46	116	73	9399	0	9634
25323	38	60	9858	96	0	10052
25324	22	9947	82	99	0	10150
25325	10057	69	86	49	0	10261
25326	9886	85	43	37	0	10051
25327	10283	36	25	52	0	10396
25328	141	22	33	10551	0	10747
25329	77	20	36	10537	0	10670
25330	35	17	21	10693	0	10766
25331	24	18	10662	172	0	10876
25332	10465	18	102	123	0	10708
25333	83	14	88	10824	0	11009
25334	107	20	10705	108	0	10940
25335	10465	14	105	106	0	10690
25336	10659	14	89	66	0	10828
25337	157	28	10925	39	0	11149
25338	10687	18	83	45	0	10833
25339	78	11273	75	76	0	11502
25340	60	47	10620	31	0	10758
25341	10082	60	86	21	0	10249
25342	51	10414	66	27	0	10558
25343	42	39	12	9760	0	9853
25344	8	9948	8	37	0	10001
25345	5	44	7	10053	0	10109
25346	7	42	10106	49	0	10204
25347	9284	13	51	54	0	9402
25348	51	8	10234	18	0	10311
25349	45	10016	46	18	0	10125
25350	6	10138	49	30	0	10223
25351	10034	83	8	10	0	10135
25352	49	46	10080	14	0	10189
25353	58	8	48	9846	0	9960
25354	16	5	10221	55	0	10297
25355	12	10375	46	79	0	10512
25356	13	53	46	9851	0	9963
25357	6	10387	12	40	0	10445
25358	10496	44	14	41	0	10595
25359	10459	44	9	10	0	10522
25360	10467	13	9	12	0	10501
25361	91	6	10536	13	0	10646
25362	57	10	10302	12	0	10381
25363	10250	4	89	7	0	10350
25364	54	5	10808	9	0	10876
25365	50	9	51	10383	0	10493
25366	7	10633	58	47	0	10745
25367	10989	48	13	42	0	11092
25368	10752	54	12	14	0	10832
25369	11128	14	7	13	0	11162
25370	94	10	8	11231	0	11343
25371	53	7	8	11316	0	11384
25372	11287	8	18	99	0	11412
25373	50	11196	12	85	0	11343
25374	11140	48	7	19	0	11214
25375	49	48	15	10910	0	11022
25376	47	11	7	10955	0	11020
25377	10775	5	7	90	0	10877
25378	50	10571	9	56	0	10686
25379	10641	45	4	14	0	10704
25380	47	10808	12	16	0	10883
25381	10689	58	7	16	0	10770
25382	58	46	7	12025	0	12136
25383	12257	8	7	53	0	12325
25384	12492	9	12	53	0	12566
25385	14587	11	8	11	0	14617
25386	133	15227	11	28	0	15399
25387	86	81	15095	11	0	15273
25388	14638	83	81	11	0	14813
25389	15103	12	83	15	0	15213
25390	170	15290	11	20	0	15491
25391	96	81	11	15243	0	15431
25392	26	90	15	15368	0	15499
25393	15393	11	13	162	0	15579
25394	97	15	13	15748	0	15873
25395	113	8	15782	90	0	15993
25396	32	23	15774	94	0	15923
25397	16050	11	169	25	0	16255
25398	100	10	100	16008	0	16218
25399	112	14	16	16047	0	16189
25400	29	8	14	16305	0	16356
25401	37	17	16487	187	0	16728
25402	24	18	98	16359	0	16499
25403	25	17	101	16578	0	16721
25404	32	13	17	16970	0	17032
25405	16691	14	16	211	0	16932
25406	124	14	16	16903	0	17057
25407	121	17	17104	126	0	17368
25408	17577	16	120	126	0	17839
25409	154	21	18224	28	0	18427
25410	18726	22	146	34	0	18928
25411	16232	48	204	63	0	16547
25412	307	27	22	19244	0	19600
25413	178	19600	17	181	0	19976
25414	47	169	21	19900	0	20137
25415	38	170	22	19993	0	20223
25416	36	20519	30	325	0	20910
25417	20442	156	23	180	0	20801
25418	180	20572	34	93	0	20879
25419	20559	178	45	36	0	20818
25420	20602	151	22	43	0	20818
25421	320	30	29	20252	0	20631
25422	177	12	20	20371	0	20580
25423	62	13	19815	334	0	20224
25424	41	18	19402	191	0	19652
25425	18866	30	332	61	0	19289
25426	19307	10	156	59	0	19532
25427	312	18965	30	61	0	19368
25428	167	163	23	18551	0	18904
25429	70	126	19243	192	0	19631
25430	57	120	202	19155	0	19534
25431	18875	34	162	215	0	19286
25432	18478	30	39	162	0	18709
25433	297	18817	36	88	0	19238
25434	173	177	29	18617	0	18996
25435	72	148	24	18475	0	18719
25436	52	47	16	18947	0	19062
25437	63	31	18120	329	0	18543
25438	16451	44	163	197	0	16855
25439	17599	30	132	80	0	17841
25440	348	44	17977	81	0	18450
25441	185	17948	171	76	0	18380
25442	17935	164	163	56	0	18318
25443	17832	150	43	59	0	18084
25444	335	42	17653	68	0	18098
25445	215	27	18274	84	0	18600
25446	85	30	285	18109	0	18509
25447	85	34	18393	199	0	18711
25448	17851	46	203	183	0	18283
25449	18037	29	172	71	0	18309
25450	18461	43	55	65	0	18624
25451	343	63	38	17765	0	18209
25452	198	19036	33	230	0	19497
25453	19109	171	51	194	0	19525
25454	18810	143	46	103	0	19102
25455	346	51	18635	95	0	19127
25456	229	33	18470	96	0	18828
25457	17512	39	304	94	0	17949
25458	244	40	173	18425	0	18882
25459	215	47	18513	238	0	19013
25460	93	18479	183	242	0	18997
25461	112	188	182	18449	0	18931
25462	18398	157	75	216	0	18846
25463	232	18872	66	208	0	19378
25464	221	187	62	18545	0	19015
25465	115	18649	75	216	0	19055
25466	117	18898	68	203	0	19286
25467	135	286	66	18675	0	19162
25468	119	156	60	18658	0	18993
25469	106	19004	76	333	0	19519
25470	18955	183	82	205	0	19425
25471	261	154	19082	110	0	19607
25472	18965	59	205	89	0	19318
25473	314	51	162	19303	0	19830
25474	239	52	84	19375	0	19750
25475	134	61	82	19530	0	19807
25476	131	47	72	19531	0	19781
25477	143	51	19477	338	0	20009
25478	133	47	219	19406	0	19805
25479	132	104	209	19160	0	19605
25480	121	20172	95	332	0	20720
25481	130	196	20453	223	0	21002
25482	117	21028	222	156	0	21523
25483	144	235	21297	125	0	21801
25484	110	21254	239	138	0	21741
25485	222	346	195	18824	0	19587
25486	18890	141	76	197	0	19304
25487	222	19232	66	199	0	19719
25488	205	193	52	19563	0	20013
25489	112	155	19837	206	0	20310
25490	82	20115	210	183	0	20590
25491	19882	199	177	84	0	20342
25492	19712	159	81	88	0	20040
25493	309	20092	82	98	0	20581
25494	201	196	19943	73	0	20413
25495	18950	201	206	70	0	19427
25496	235	61	176	19908	0	20380
25497	19799	54	64	210	0	20127
25498	232	20373	50	196	0	20851
25499	203	20755	45	116	0	21119
25500	116	301	20706	80	0	21203
25501	20021	169	224	83	0	20497
25502	199	93	172	20712	0	21176
25503	20735	58	73	191	0	21057
25504	223	20837	55	244	0	21359
25505	20871	183	85	70	0	21209
25506	20486	165	87	87	0	20825
25507	311	75	21049	81	0	21516
25508	164	19998	151	65	0	20378
25509	78	20064	145	64	0	20351
25510	66	303	50	18264	0	18683
25511	36	18524	43	143	0	18746
25512	18337	129	46	114	0	18626
25513	118	18334	26	115	0	18593
25514	112	158	17	17686	0	17973
25515	38	17777	23	125	0	17963
25516	30	17265	22	117	0	17434
25517	31	17714	25	48	0	17818
25518	132	216	27	17249	0	17624
25519	40	123	33	17325	0	17521
25520	47	41	28	17222	0	17338
25521	40	17316	25	204	0	17585
25522	56	111	17119	106	0	17392
25523	60	110	16951	36	0	17157
25524	16652	48	154	31	0	16885
25525	109	56	97	17083	0	17345
25526	122	45	17441	97	0	17705
25527	57	69	17509	115	0	17750
25528	43	17929	163	44	0	18179
25529	65	114	106	16765	0	17050
25530	43	138	27	17252	0	17460
25531	17230	51	33	179	0	17493
25532	123	49	28	17198	0	17398
25533	117	66	26	17034	0	17243
25534	55	47	17452	180	0	17734
25535	55	71	95	17209	0	17430
25536	40	77	105	17751	0	17973
25537	54	53	17860	190	0	18157
25538	45	66	17881	122	0	18114
25539	38	17819	174	81	0	18112
25540	58	158	17682	40	0	17938
25541	37	140	107	17189	0	17473
25542	50	86	136	16535	0	16807
25543	75	84	17710	192	0	18061
25544	32	17645	101	153	0	17931
25545	16714	152	115	72	0	17053
25546	96	17298	56	87	0	17537
25547	111	150	41	17087	0	17389
25548	44	153	44	17235	0	17476
25549	50	17337	56	221	0	17664
25550	48	144	64	17124	0	17380
25551	46	142	69	17065	0	17322
25552	58	98	16251	214	0	16621
25553	49	16266	124	187	0	16626
25554	54	132	142	16306	0	16634
25555	53	167	16363	151	0	16734
25556	63	80	133	16249	0	16525
25557	55	80	142	16105	0	16382
25558	63	87	58	16349	0	16557
25559	53	74	64	16338	0	16529
25560	78	83	52	16106	0	16319
25561	70	16300	47	256	0	16673
25562	16073	134	56	181	0	16444
25563	118	132	15901	108	0	16259
25564	14541	75	145	112	0	14873
25565	114	95	16748	89	0	17046
25566	118	17169	142	126	0	17555
25567	65	139	17139	108	0	17451
25568	63	17262	147	112	0	17584
25569	75	154	175	16023	0	16427
25570	53	167	77	16259	0	16556
25571	54	16870	71	231	0	17226
25572	38	17390	60	181	0	17669
25573	17436	243	37	102	0	17818
25574	17473	171	73	84	0	17801
25575	17465	84	51	102	0	17702
25576	17732	88	32	111	0	17963
25577	208	80	50	17716	0	18054
25578	122	17861	51	209	0	18243
25579	17660	137	53	201	0	18051
25580	104	168	52	17002	0	17326
25581	16578	53	60	136	0	16827
25582	15520	39	61	163	0	15783
25583	156	15386	42	99	0	15683
25584	77	14717	53	60	0	14907
25585	25	15153	28	61	0	15267
25586	29	344	86	14054	0	14513
25587	18	14551	50	114	0	14733
25588	14261	74	30	90	0	14455
25589	14121	60	23	45	0	14249
25590	14101	35	16	28	0	14180
25591	14370	26	20	42	0	14458
25592	14560	17	34	34	0	14645
25593	129	21	15313	30	0	15493
25594	15186	23	79	30	0	15318
25595	87	28	15519	27	0	15661
25596	15048	16	85	39	0	15188
25597	82	27	66	15187	0	15362
25598	91	28	15185	92	0	15396
25599	42	19	15631	78	0	15770
25600	27	16530	123	42	0	16722
25601	16447	126	98	29	0	16700
25602	16811	88	38	42	0	16979
25603	193	18944	18	40	0	19195
25604	109	146	12	22473	0	22740
25605	24318	109	15	196	0	24638
25606	234	51	24884	157	0	25326
25607	165	24761	210	65	0	25201
25608	24227	247	157	22	0	24653
25609	219	24784	43	33	0	25079
25610	179	257	17	23453	0	23906
25611	46	24859	11	195	0	25111
25612	36	336	12	23943	0	24327
25613	21	24397	15	248	0	24681
25614	12	24916	17	203	0	25148
25615	24291	358	13	45	0	24707
25616	24569	186	19	27	0	24801
25617	370	57	24590	22	0	25039
25618	207	23	24267	18	0	24515
25619	76	26	24737	15	0	24854
25620	28	26	376	24438	0	24868
25621	37	41	24940	213	0	25231
25622	26	32	243	24419	0	24720
25623	31	32	175	24184	0	24422
25624	37	24738	52	385	0	25212
25625	24652	237	54	192	0	25135
25626	236	25027	28	87	0	25378
25627	190	265	28	25105	0	25588
25628	66	181	28	25139	0	25414
25629	39	67	28	25428	0	25562
25630	54	58	25251	445	0	25808
25631	58	43	230	25147	0	25478
25632	50	66	173	24857	0	25146
25633	64	61	50	25589	0	25764
25634	83	69	24851	430	0	25433
25635	52	24879	236	253	0	25420
25636	24496	272	174	84	0	25026
25637	23946	214	74	54	0	24288
25638	366	24854	50	94	0	25364
25639	219	283	47	24490	0	25039
25640	98	205	45	25155	0	25503
25641	94	100	24969	410	0	25573
25642	63	24838	253	283	0	25437
25643	59	291	190	24960	0	25500
25644	91	212	25024	285	0	25612
25645	64	117	259	24716	0	25156
25646	71	81	195	24665	0	25012
25647	91	69	24867	440	0	25467
25648	99	71	268	24586	0	25024
25649	85	77	240	24418	0	24820
25650	85	107	25185	434	0	25811
25651	78	77	296	25017	0	25468
25652	75	91	233	24399	0	24798
25653	62	84	117	25484	0	25747
25654	65	99	25178	504	0	25846
25655	64	93	286	25029	0	25472
25656	24865	87	211	366	0	25529
25657	24846	107	93	265	0	25311
25658	421	25143	91	173	0	25828
25659	25422	270	86	141	0	25919
25660	340	213	26317	125	0	26995
25661	220	116	309	26281	0	26926
25662	108	81	254	25842	0	26285
25663	65	88	129	26818	0	27100
25664	26037	91	94	537	0	26759
25665	266	25690	79	414	0	26449
25666	183	302	94	24729	0	25308
25667	100	25132	60	347	0	25639
25668	24764	321	68	272	0	25425
25669	253	25002	82	191	0	25528
25670	24645	307	90	168	0	25210
25671	275	24479	81	210	0	25045
25672	181	24340	105	200	0	24826
25673	97	443	147	23959	0	24646
25674	64	230	104	23900	0	24298
25675	87	123	104	23881	0	24195
25676	77	92	109	23971	0	24249
25677	65	112	23591	520	0	24288
25678	71	23510	284	326	0	24191
25679	91	297	219	22554	0	23161
25680	85	23559	104	368	0	24116
25681	82	326	23563	299	0	24270
25682	86	211	284	23014	0	23595
25683	68	172	223	23789	0	24252
25684	84	93	23681	481	0	24339
25685	64	23118	304	419	0	23905
25686	66	260	240	22998	0	23564
25687	92	189	23006	407	0	23694
25688	57	23122	297	391	0	23867
25689	73	313	224	22722	0	23332
25690	83	209	22828	386	0	23506
25691	91	115	22624	310	0	23140
25692	64	22417	360	244	0	23085
25693	77	23384	209	206	0	23876
25694	81	404	191	23230	0	23906
25695	74	258	83	24621	0	25036
25696	77	116	25094	529	0	25816
25697	23744	111	307	361	0	24523
25698	23830	88	213	241	0	24372
25699	438	116	24269	196	0	25019
25700	220	23111	272	169	0	23772
25701	98	22339	182	166	0	22785
25702	74	21681	93	144	0	21992
25703	139	19534	175	166	0	20014
25704	371	775	228	16248	0	17622
25705	43	90	9	17861	0	18003
25706	10	24	11	17998	0	18043
25707	6	17	11	18351	0	18385
25708	0	18796	8	285	0	19089
25709	8	142	5	18789	0	18944
25710	4	18930	10	175	0	19119
25711	3	156	7	19140	0	19306
25712	18921	132	10	165	0	19228
25713	130	24	7	18979	0	19140
25714	119	19006	12	189	0	19326
25715	28	138	10	19081	0	19257
25716	19	123	14	19296	0	19452
25717	5	43	13	19535	0	19596
25718	19219	30	13	302	0	19564
25719	145	22	9	19630	0	19806
25720	141	23	19425	196	0	19785
25721	30	19978	131	173	0	20312
25722	25	161	143	20131	0	20460
25723	17	148	40	20560	0	20765
25724	20	43	21	20932	0	21016
25725	20745	42	6	317	0	21110
25726	164	34	20410	199	0	20807
25727	143	41	151	19671	0	20006
25728	21	20045	143	249	0	20458
25729	18	176	20	20341	0	20555
25730	19642	164	17	230	0	20053
25731	146	20049	16	220	0	20431
25732	140	183	9	19928	0	20260
25733	32	166	17	19975	0	20190
25734	14	20022	11	390	0	20437
25735	20	196	6	20170	0	20392
25736	25	172	6	20283	0	20486
25737	46	57	20045	377	0	20525
25738	21	19958	161	259	0	20399
25739	19846	192	142	142	0	20322
25740	180	171	19738	143	0	20232
25741	19491	64	167	120	0	19842
25742	202	75	19782	137	0	20196
25743	184	45	183	19716	0	20128
25744	19568	47	166	327	0	20108
25745	191	46	40	19798	0	20075
25746	19791	51	34	371	0	20247
25747	19671	79	40	328	0	20118
25748	19692	104	50	173	0	20019
25749	338	19811	47	193	0	20389
25750	210	273	33	19459	0	19975
25751	104	220	37	19709	0	20070
25752	117	117	32	19776	0	20042
25753	87	111	19435	517	0	20150
25754	70	113	196	19672	0	20051
25755	19381	83	183	438	0	20085
25756	19421	107	46	413	0	19987
25757	380	71	19315	270	0	20036
25758	19408	69	194	235	0	19906
25759	19330	101	219	215	0	19865
25760	382	117	125	18477	0	19101
25761	18323	134	72	380	0	18909
25762	18317	105	63	399	0	18884
25763	362	93	74	18378	0	18907
25764	18334	73	66	426	0	18899
25765	18234	88	114	340	0	18776
25766	400	95	102	18312	0	18909
25767	325	126	17588	386	0	18425
25768	17579	136	234	366	0	18315
25769	344	81	18114	261	0	18800
25770	342	136	17975	216	0	18669
25771	144	18027	360	272	0	18803
25772	191	232	205	17552	0	18180
25773	149	260	79	17780	0	18268
25774	179	140	75	17821	0	18215
25775	183	84	17687	593	0	18547
25776	194	84	17607	441	0	18326
25777	159	17807	389	276	0	18631
25778	196	280	222	17277	0	17975
25779	236	190	141	17496	0	18063
25780	228	98	154	17936	0	18416
25781	252	87	17516	519	0	18374
25782	198	17414	308	446	0	18366
25783	239	229	232	17449	0	18149
25784	241	224	17447	406	0	18318
25785	222	79	17434	424	0	18159
25786	17291	69	377	243	0	17980
25787	17363	77	273	241	0	17954
25788	17315	114	123	216	0	17768
25789	542	124	103	16710	0	17479
25790	382	86	16965	412	0	17845
25791	222	16822	243	467	0	17754
25792	203	16893	297	319	0	17712
25793	235	323	15282	268	0	16108
25794	295	504	295	13623	0	14717
25795	237	157	262	12272	0	12928
25796	218	12470	184	342	0	13214
25797	223	12496	183	270	0	13172
25798	12419	249	167	143	0	12978
25799	12359	164	122	188	0	12833
25800	12456	67	112	204	0	12839
25801	12293	50	97	192	0	12632
25802	11959	93	105	212	0	12369
25803	371	11515	115	219	0	12220
25804	252	9474	104	138	0	9968
25805	121	7601	73	126	0	7921
25806	6911	150	267	136	0	7464
25807	242	165	113	6334	0	6854
25808	119	15	46	6162	0	6342
25809	6082	12	82	127	0	6303
25810	114	6072	42	127	0	6355
25811	129	54	52	6024	0	6259
25812	92	45	57	6042	0	6236
25813	80	26	80	6094	0	6280
25814	5909	29	60	109	0	6107
25815	132	32	50	6008	0	6222
25816	114	27	5817	106	0	6064
25817	5677	24	67	94	0	5862
25818	118	32	106	5792	0	6048
25819	92	26	5952	97	0	6167
25820	87	5888	67	77	0	6119
25821	50	5445	50	30	0	5575
25822	4899	121	114	43	0	5177
25823	4714	27	43	31	0	4815
25824	61	4820	9	16	0	4906
25825	40	30	20	5011	0	5101
25826	5254	23	17	40	0	5334
25827	48	5	6	5662	0	5721
25828	46	6	3	5834	0	5889
25829	13	4	13	5861	0	5891
25830	18	3	16	5824	0	5861
25831	13	5863	10	91	0	5977
25832	11	44	13	5867	0	5935
25833	12	50	9	5769	0	5840
25834	9	6	10	5867	0	5892
25835	18	6	5724	104	0	5852
25836	9	5758	52	64	0	5883
25837	8	59	52	5807	0	5926
25838	11	49	5781	60	0	5901
25839	13	17	5640	57	0	5727
25840	8	5759	86	17	0	5870
25841	5673	57	47	19	0	5796
25842	52	45	10	5744	0	5851
25843	5751	11	7	56	0	5825
25844	50	5797	12	55	0	5914
25845	51	57	5	5817	0	5930
25846	5594	53	7	60	0	5714
25847	5595	9	11	60	0	5675
25848	94	9	3	5623	0	5729
25849	58	9	4	5577	0	5648
25850	21	8	5618	100	0	5747
25851	8	8	52	5564	0	5632
25852	6	15	53	5647	0	5721
25853	5556	7	20	106	0	5689
25854	58	5626	5	89	0	5778
25855	50	55	5527	22	0	5654
25856	5312	48	50	21	0	5431
25857	51	5540	50	19	0	5660
25858	45	52	6	5545	0	5648
25859	5457	47	8	58	0	5570
25860	48	11	9	5419	0	5487
25861	48	13	5	5429	0	5495
25862	10	11	5383	101	0	5505
25863	6	9	49	5386	0	5450
25864	5377	11	45	63	0	5496
25865	56	5	4	5412	0	5477
25866	5320	8	7	66	0	5401
25867	49	5248	6	77	0	5380
25868	48	5379	8	25	0	5460
25869	10	91	10	5337	0	5448
25870	8	49	7	5396	0	5460
25871	5211	13	5	97	0	5326
25872	53	5245	5	70	0	5373
25873	5293	47	8	31	0	5379
25874	5244	52	14	22	0	5332
25875	97	16	7	5225	0	5345
25876	5295	9	7	69	0	5380
25877	68	7	5100	64	0	5239
25878	63	12	46	5157	0	5278
25879	11	18	5232	65	0	5326
25880	21	8	54	5262	0	5345
25881	5133	10	57	60	0	5260
25882	5164	11	11	69	0	5255
25883	101	5193	6	31	0	5331
25884	68	51	8	5105	0	5232
25885	19	54	5	5136	0	5214
25886	23	5188	10	117	0	5338
25887	11	50	9	5260	0	5330
25888	19	53	7	5184	0	5263
25889	21	5166	8	116	0	5311
25890	5039	60	7	72	0	5178
25891	4980	57	6	39	0	5082
25892	99	17	8	4989	0	5113
25893	59	20	12	5044	0	5135
25894	25	18	5006	121	0	5170
25895	29	14	45	4907	0	4995
25896	23	4994	47	71	0	5135
25897	5047	52	13	71	0	5183
25898	67	52	15	5053	0	5187
25899	64	19	12	4953	0	5048
25900	4829	18	8	116	0	4971
25901	65	4901	14	74	0	5054
25902	64	49	12	4992	0	5117
25903	23	55	7	4970	0	5055
25904	27	4975	14	111	0	5127
25905	4928	55	16	68	0	5067
25906	68	56	4903	39	0	5066
25907	66	19	4899	25	0	5009
25908	24	18	86	4911	0	5039
25909	29	15	4962	70	0	5076
25910	4721	20	50	71	0	4862
25911	55	21	48	4888	0	5012
25912	68	6	5027	79	0	5180
25913	32	14	5010	68	0	5124
25914	24	5074	83	33	0	5214
25915	4950	43	48	32	0	5073
25916	56	5037	15	46	0	5154
25917	5021	64	20	32	0	5137
25918	4883	47	24	36	0	4990
25919	87	4659	9	31	0	4786
25920	4611	49	12	31	0	4703
25921	4398	46	8	32	0	4484
25922	93	10	4433	28	0	4564
25923	50	248	40	4041	0	4379
25924	18	4036	42	39	0	4135
25925	15	3755	1	38	0	3809
25926	98	163	34	3265	0	3560
25927	3012	16	14	54	0	3096
25928	13	4	3	2936	0	2956
25929	14	4	3	3038	0	3059
25930	1	2	0	3117	0	3120
25931	4	3339	5	32	0	3380
25932	4	25	3	3656	0	3688
25933	5	22	4038	32	0	4097
25934	3902	3	29	26	0	3960
25935	4289	4	27	10	0	4330
25936	58	4316	2	11	0	4387
25937	4307	32	4	5	0	4348
25938	36	29	5	4345	0	4415
25939	32	3	4328	34	0	4397
25940	4231	5	34	32	0	4302
25941	32	4412	31	4	0	4479
25942	28	39	4	4351	0	4422
25943	4463	26	4	37	0	4530
25944	36	4384	5	30	0	4455
25945	31	4445	3	9	0	4488
25946	4435	59	6	4	0	4504
25947	38	31	4374	5	0	4448
25948	4395	4	36	5	0	4440
25949	39	8	34	4327	0	4408
25950	34	4	3	4373	0	4414
25951	6	4	4384	70	0	4464
25952	13	2	4367	33	0	4415
25953	7	6	60	4364	0	4437
25954	7	5	4332	44	0	4388
25955	15	2	4356	38	0	4411
25956	9	8	66	4253	0	4336
25957	13	5	35	4331	0	4384
25958	4352	6	8	68	0	4434
25959	49	8	9	4367	0	4433
25960	4383	7	5	47	0	4442
25961	47	4383	8	43	0	4481
25962	47	51	1	4415	0	4514
25963	17	42	4478	43	0	4580
25964	4368	12	42	39	0	4461
25965	4509	13	33	10	0	4565
25966	4530	11	5	13	0	4559
25967	4505	5	10	11	0	4531
25968	4506	10	8	9	0	4533
25969	77	15	9	4409	0	4510
25970	52	8	4411	50	0	4521
25971	25	5	4372	45	0	4447
25972	23	4	4490	13	0	4530
25973	4326	8	74	21	0	4429
25974	4484	7	52	17	0	4560
25975	76	4	22	4361	0	4463
25976	46	4565	23	43	0	4677
25977	15	42	13	4636	0	4706
25978	23	40	4599	60	0	4722
25979	12	12	4578	54	0	4656
25980	4429	8	81	18	0	4536
25981	62	12	4774	25	0	4873
25982	53	8	52	4697	0	4810
25983	4831	10	46	59	0	4946
25984	4714	7	13	45	0	4779
25985	4911	7	12	21	0	4951
25986	4973	12	9	14	0	5008
25987	108	2	4897	19	0	5026
25988	4822	7	58	16	0	4903
25989	68	4974	46	20	0	5108
25990	61	63	16	4991	0	5131
25991	25	38	5015	72	0	5150
25992	21	12	67	5007	0	5107
25993	33	4	5145	77	0	5259
25994	21	14	72	5055	0	5162
25995	33	12	48	5111	0	5204
25996	43	8	5035	94	0	5180
25997	22	13	63	4992	0	5090
25998	5030	10	49	64	0	5153
25999	69	8	24	5061	0	5162
26000	52	9	28	5174	0	5263
26001	5090	12	26	90	0	5218
26002	80	5200	19	52	0	5351
26003	5223	57	22	33	0	5335
26004	77	5279	17	26	0	5399
26005	5360	58	23	16	0	5457
26006	73	51	5384	23	0	5531
26007	72	11	64	5299	0	5446
26008	49	10	51	5360	0	5470
26009	5339	6	22	97	0	5464
26010	78	5319	21	67	0	5485
26011	61	63	20	5319	0	5463
26012	22	40	26	5179	0	5267
26013	23	5116	32	109	0	5280
26014	5085	53	25	65	0	5228
26015	64	5234	35	33	0	5366
26016	56	49	29	5119	0	5253
26017	29	37	23	5053	0	5142
26018	22	5048	16	108	0	5194
26019	5062	46	20	67	0	5195
26020	70	41	5013	35	0	5159
26021	4898	6	57	33	0	4994
26022	63	5005	50	28	0	5146
26023	64	54	12	4995	0	5125
26024	5000	43	21	72	0	5136
26025	84	8	16	4970	0	5078
26026	62	31	10	4999	0	5102
26027	5135	9	9	100	0	5253
26028	64	5078	24	60	0	5226
26029	65	5166	15	35	0	5281
26030	5116	77	20	28	0	5241
26031	58	42	5106	23	0	5229
26032	45	4799	32	18	0	4894
26033	61	47	73	4420	0	4601
26034	8	28	5026	28	0	5090
26035	8	85	22	4776	0	4891
26036	4881	3	28	28	0	4940
26037	23	5015	7	33	0	5078
26038	28	33	1	4769	0	4831
26039	6	5017	6	27	0	5056
26040	5016	23	2	28	0	5069
26041	5116	23	4	9	0	5152
26042	57	5309	2	8	0	5376
26043	26	30	5	5170	0	5231
26044	9	5494	4	37	0	5544
26045	5564	39	4	30	0	5637
26046	5622	39	2	10	0	5673
26047	78	11	2	5579	0	5670
26048	46	5	3	5714	0	5768
26049	13	5	5648	76	0	5742
26050	5367	6	42	54	0	5469
26051	51	4	5679	12	0	5746
26052	40	9	46	5625	0	5720
26053	5617	4	36	44	0	5701
26054	41	5780	14	45	0	5880
26055	5682	41	8	24	0	5755
26056	55	47	5634	9	0	5745
26057	5463	11	33	15	0	5522
26058	50	5756	35	24	0	5865
26059	5796	43	12	14	0	5865
26060	50	5964	0	14	0	6028
26061	41	49	6	5854	0	5950
26062	16	45	5801	51	0	5913
26063	17	15	5689	42	0	5763
26064	10	12	72	5683	0	5777
26065	15	11	5762	55	0	5843
26066	13	7	46	5677	0	5743
26067	14	9	35	5640	0	5698
26068	17	10	5764	77	0	5868
26069	5003	9	46	57	0	5115
26070	5612	10	39	20	0	5681
26071	78	5651	7	15	0	5751
26072	5640	42	7	6	0	5695
26073	51	39	4	5601	0	5695
26074	44	13	5851	43	0	5951
26075	14	11	35	5833	0	5893
26076	14	10	36	5803	0	5863
26077	5724	6	9	65	0	5804
26078	37	5719	3	49	0	5808
26079	42	5710	4	19	0	5775
26080	16	62	4	5748	0	5830
26081	6	52	9	5573	0	5640
26082	13	5671	5	66	0	5755
26083	8	33	15	5602	0	5658
26084	9	46	8	5510	0	5573
26085	7	5533	2	76	0	5618
26086	5403	30	8	41	0	5482
26087	38	32	4	5355	0	5429
26088	36	5428	10	38	0	5512
26089	16	30	9	5420	0	5475
26090	5358	34	7	45	0	5444
26091	38	5389	5	43	0	5475
26092	5470	43	4	10	0	5527
26093	5410	35	5	14	0	5464
26094	67	12	10	5569	0	5658
26095	5725	9	9	37	0	5780
26096	5767	8	4	47	0	5826
26097	5761	11	8	15	0	5795
26098	5819	13	4	10	0	5846
26099	78	11	6	5739	0	5834
26100	53	11	8	5772	0	5844
26101	21	11	5766	78	0	5876
26102	11	12	33	5651	0	5707
26103	10	11	40	5734	0	5795
26104	19	7	5686	79	0	5791
26105	5391	13	41	55	0	5500
26106	44	9	45	5704	0	5802
26107	57	7	5787	55	0	5906
26108	5537	13	39	60	0	5649
26109	64	15	6297	18	0	6394
26110	53	6461	54	45	0	6613
26111	24	6822	47	32	0	6925
26112	18	107	14	7202	0	7341
26113	30	59	7959	78	0	8126
26114	8069	21	80	63	0	8233
26115	8454	9	62	36	0	8561
26116	146	6	8548	18	0	8718
26117	8505	13	85	15	0	8618
26118	8743	11	65	13	0	8832
26119	142	8699	22	19	0	8882
26120	8779	82	12	22	0	8895
26121	106	64	16	8663	0	8849
26122	77	33	8835	89	0	9034
26123	27	18	78	8573	0	8696
26124	22	8933	63	84	0	9102
26125	19	9158	23	61	0	9261
26126	9075	135	11	27	0	9248
26127	8917	72	13	23	0	9025
26128	8886	16	24	17	0	8943
26129	145	11	16	8815	0	8987
26130	79	45	19	8745	0	8888
26131	24	8637	14	159	0	8834
26132	8620	88	16	82	0	8806
26133	90	8854	17	40	0	9001
26134	8067	81	11	11	0	8170
26135	98	8101	9	16	0	8224
26136	7954	86	15	8	0	8063
26137	7810	51	20	23	0	7904
26138	138	39	14	7733	0	7924
26139	75	8055	15	66	0	8211
26140	44	78	7878	56	0	8056
26141	7311	57	60	20	0	7448
26142	75	7596	52	27	0	7750
26143	57	61	7631	14	0	7763
26144	32	35	7695	17	0	7779
26145	17	29	84	7254	0	7384
26146	10	15	39	7307	0	7371
26147	13	7643	8	82	0	7746
26148	7768	64	16	34	0	7882
26149	78	39	5	7668	0	7790
26150	51	8211	6	59	0	8327
26151	26	8657	6	47	0	8736
26152	34	80	8662	20	0	8796
26153	25	44	8592	15	0	8676
26154	8357	22	80	9	0	8468
26155	77	20	8598	11	0	8706
26156	48	16	62	8361	0	8487
26157	28	12	34	8635	0	8709
26158	33	19	8673	100	0	8825
26159	20	23	55	8506	0	8604
26160	26	21	42	8400	0	8489
26161	8367	18	17	93	0	8495
26162	8578	16	13	45	0	8652
26163	96	15	14	8551	0	8676
26164	52	8512	14	89	0	8667
26165	21	8846	18	41	0	8926
26166	8873	89	23	22	0	9007
26167	82	50	8956	18	0	9106
26168	46	18	68	8862	0	8994
26169	9052	16	43	79	0	9190
26170	9000	24	21	44	0	9089
26171	99	23	21	9138	0	9281
26172	53	22	9132	75	0	9282
26173	30	26	8916	54	0	9026
26174	8386	25	105	25	0	8541
26175	8938	22	62	21	0	9043
26176	111	9100	31	24	0	9266
26177	68	9289	27	24	0	9408
26178	9469	98	34	17	0	9618
26179	9631	52	25	24	0	9732
26180	134	24	27	9664	0	9849
26181	63	21	30	9779	0	9893
26182	48	16	18	9905	0	9987
26183	9789	18	28	128	0	9963
26184	114	26	17	9853	0	10010
26185	81	25	10080	87	0	10273
26186	9819	22	81	60	0	9982
26187	107	36	46	10063	0	10252
26188	76	35	10262	82	0	10455
26189	9550	37	74	56	0	9717
26190	9933	38	53	35	0	10059
26191	111	10694	38	49	0	10892
26192	73	10949	28	34	0	11084
26193	49	111	10768	37	0	10965
26194	10171	71	76	31	0	10349
26195	83	11009	53	36	0	11181
26196	103	80	10838	23	0	11044
26197	10191	57	76	34	0	10358
26198	102	11534	44	44	0	11724
26199	65	101	11543	38	0	11747
26200	10916	72	81	44	0	11113
26201	111	11511	51	49	0	11722
26202	83	87	22	11451	0	11643
26203	11454	61	22	94	0	11631
26204	88	11576	18	73	0	11755
26205	65	108	24	11465	0	11662
26206	11427	44	26	98	0	11595
26207	99	20	11582	63	0	11764
26208	43	11434	82	46	0	11605
26209	48	81	11228	32	0	11389
26210	24	99	72	10691	0	10886
26211	19	22	10787	64	0	10892
26212	17	10250	49	47	0	10363
26213	24	9649	30	9	0	9712
26214	44	55	20	9283	0	9402
26215	6	20	16	8836	0	8878
26216	2	4	4	9100	0	9110
26217	7	3	9471	39	0	9520
26218	3	5	25	9451	0	9484
26219	9425	5	27	32	0	9489
26220	9005	2	10	28	0	9045
26221	53	4	9880	9	0	9946
26222	22	9830	28	15	0	9895
26223	9806	26	14	5	0	9851
26224	27	9840	6	11	0	9884
26225	9848	28	11	8	0	9895
26226	9704	18	5	7	0	9734
26227	46	5	9924	10	0	9985
26228	23	10289	25	22	0	10359
26229	9	28	16	10269	0	10322
26230	8	21	10339	31	0	10399
26231	9982	20	28	22	0	10052
26232	29	10	17	10359	0	10415
26233	23	1	10280	29	0	10333
26234	9944	1	42	25	0	10012
26235	36	8	10669	13	0	10726
26236	27	20	34	10776	0	10857
26237	11334	3	20	41	0	11398
26238	36	11875	5	41	0	11957
26239	35	33	12222	13	0	12303
26240	11979	28	49	10	0	12066
26241	13151	15	31	9	0	13206
26242	90	13736	10	14	0	13850
26243	64	57	11	13651	0	13783
26244	16	55	7	13494	0	13572
26245	13433	16	6	114	0	13569
26246	61	11	10	13577	0	13659
26247	62	21	13583	74	0	13740
26248	17	7	58	13479	0	13561
26249	13489	8	62	73	0	13632
26250	62	13205	10	106	0	13383
26251	61	63	7	12822	0	12953
26252	12	12969	15	70	0	13066
26253	13157	76	9	69	0	13311
26254	72	68	10	14252	0	14402
26255	62	17	10	14566	0	14655
26256	16	14756	9	186	0	14967
26257	26	95	14703	100	0	14924
26258	9	93	103	14394	0	14599
26259	14	23	85	14342	0	14464
26260	21	8	18	14558	0	14605
26261	11	14744	14	189	0	14958
26262	19	103	14763	97	0	14982
26263	30	95	14899	24	0	15048
26264	14611	21	190	23	0	14845
26265	14949	13	96	30	0	15088
26266	196	8	15323	19	0	15546
26267	15011	9	107	18	0	15145
26268	128	18	15631	22	0	15799
26269	14982	28	108	22	0	15140
26270	105	15507	101	58	0	15771
26271	15586	102	32	20	0	15740
26272	120	96	15777	25	0	16018
26273	107	30	15931	36	0	16104
26274	37	33	178	16860	0	17108
26275	17225	19	107	137	0	17488
26276	130	18494	37	151	0	18812
26277	151	154	20870	49	0	21224
26278	40	143	212	20849	0	21244
26279	26	33	191	21364	0	21614
26280	21358	15	37	389	0	21799
26281	21248	23	23	205	0	21499
26282	378	28	19	21289	0	21714
26283	21533	29	24	234	0	21820
26284	255	24	21198	206	0	21683
26285	214	18	217	20559	0	21008
26286	50	22	183	21298	0	21553
26287	21060	25	47	392	0	21524
26288	20900	27	39	227	0	21193
26289	383	23	25	20924	0	21355
26290	20959	35	28	251	0	21273
26291	269	24	20487	213	0	20993
26292	196	20462	222	84	0	20964
26293	72	220	20624	59	0	20975
26294	53	272	232	20420	0	20977
26295	20065	42	204	244	0	20555
26296	232	20046	54	225	0	20557
26297	218	223	54	19686	0	20181
26298	68	188	49	19052	0	19357
26299	56	19429	48	396	0	19929
26300	59	267	42	19586	0	19954
26301	62	214	59	19404	0	19739
26302	73	47	56	19575	0	19751
26303	74	30	49	19536	0	19689
26304	70	28	48	19492	0	19638
26305	74	19171	47	455	0	19747
26306	75	225	64	19310	0	19674
26307	72	172	71	19281	0	19596
26308	87	44	18920	423	0	19474
26309	88	18849	245	295	0	19477
26310	103	218	204	18781	0	19306
26311	91	185	71	18616	0	18963
26312	107	38	67	18809	0	19021
26313	92	18738	68	454	0	19352
26314	103	239	18703	277	0	19322
26315	112	199	253	18831	0	19395
26316	117	56	18966	302	0	19441
26317	96	50	18486	264	0	18896
26318	89	52	412	18460	0	19013
26319	18577	45	228	307	0	19157
26320	279	49	83	18481	0	18892
26321	240	53	65	18207	0	18565
26322	102	18503	63	482	0	19150
26323	89	239	58	18753	0	19139
26324	102	197	78	18812	0	19189
26325	98	59	18833	485	0	19475
26326	90	18722	239	316	0	19367
26327	91	244	213	18787	0	19335
26328	18331	208	70	324	0	18933
26329	261	68	18357	308	0	18994
26330	235	73	246	18207	0	18761
26331	92	77	220	18404	0	18793
26332	18077	66	86	508	0	18737
26333	253	18104	64	377	0	18798
26334	17884	247	69	204	0	18404
26335	262	17888	67	199	0	18416
26336	227	253	79	17610	0	18169
26337	17326	218	83	388	0	18015
26338	289	62	17203	348	0	17902
26339	239	16752	250	213	0	17454
26340	103	16769	220	223	0	17315
26341	15535	331	141	186	0	16193
26342	232	203	84	15055	0	15574
26343	199	15191	73	369	0	15832
26344	102	15488	69	323	0	15982
26345	89	336	66	15322	0	15813
26346	92	181	60	15452	0	15785
26347	15158	74	69	469	0	15770
26348	248	15167	83	336	0	15834
26349	220	273	88	15215	0	15796
26350	111	184	15100	334	0	15729
26351	94	15071	249	306	0	15720
26352	101	211	15035	208	0	15555
26353	83	14960	211	235	0	15489
26354	153	284	212	13443	0	14092
26355	93	163	42	13096	0	13394
26356	84	13323	45	344	0	13796
26357	84	199	13234	251	0	13768
26358	12897	157	187	174	0	13415
26359	179	94	145	13249	0	13667
26360	136	99	81	13499	0	13815
26361	50	91	13469	391	0	14001
26362	70	98	178	13492	0	13838
26363	61	94	13453	298	0	13906
26364	50	110	172	13410	0	13742
26365	42	88	13726	297	0	14153
26366	38	13747	159	309	0	14253
26367	50	216	14158	198	0	14622
26368	46	170	175	14108	0	14499
26369	13932	80	128	330	0	14470
26370	185	13943	42	293	0	14463
26371	136	251	66	13907	0	14360
26372	63	190	13758	285	0	14296
26373	39	13851	228	269	0	14387
26374	28	304	148	12488	0	12968
26375	61	152	12472	231	0	12916
26376	32	11036	147	113	0	11328
26377	8021	217	202	140	0	8580
26378	7424	37	56	38	0	7555
26379	70	11	5	7524	0	7610
26380	7550	9	1	56	0	7616
26381	56	4	10	7452	0	7522
26382	30	2	3	7622	0	7657
26383	8	7	7903	77	0	7995
26384	6	12	49	7663	0	7730
26385	4	7	26	7794	0	7831
26386	7608	6	8	77	0	7699
26387	7377	10	4	38	0	7429
26388	71	7653	5	15	0	7744
26389	35	55	7713	15	0	7818
26390	10	44	49	7604	0	7707
26391	15	9	7581	53	0	7658
26392	7059	13	55	37	0	7164
26393	56	11	7352	14	0	7433
26394	30	12	46	7014	0	7102
26395	7	7183	23	57	0	7270
26396	6	45	11	7064	0	7126
26397	6	32	8	7101	0	7147
26398	8	17	7308	76	0	7409
26399	2	7	50	7199	0	7258
26400	7200	5	27	61	0	7293
26401	7094	12	13	31	0	7150
26402	7058	8	8	19	0	7093
26403	7215	2	11	21	0	7249
26404	70	7042	6	14	0	7132
26405	34	6873	8	21	0	6936
26406	21	73	4	6655	0	6753
26407	4	27	16	6780	0	6827
26408	7	6744	6	82	0	6839
26409	10	46	12	6792	0	6860
26410	10	30	6	6774	0	6820
26411	9	8	9	6758	0	6784
26412	10	9	7	6731	0	6757
26413	9	7	8	6795	0	6819
26414	6670	9	9	83	0	6771
26415	52	6600	16	51	0	6719
26416	31	49	6522	25	0	6627
26417	12	27	53	6428	0	6520
26418	16	15	30	6345	0	6406
26419	11	15	17	6310	0	6353
26420	6261	9	15	90	0	6375
26421	48	6845	12	64	0	6969
26422	32	76	14	6897	0	7019
26423	10	7226	17	94	0	7347
26424	16	93	15	7041	0	7165
26425	18	7031	11	105	0	7165
26426	31	98	7508	55	0	7692
26427	21	52	101	7896	0	8070
26428	29	19	9296	132	0	9476
26429	18	20	132	9194	0	9364
26430	14	21	79	10061	0	10175
26431	10066	22	22	224	0	10334
26432	9981	23	26	110	0	10140
26433	10239	19	15	48	0	10321
26434	10154	19	24	31	0	10228
26435	10192	21	16	42	0	10271
26436	239	19	17	9841	0	10116
26437	108	9976	19	155	0	10258
26438	38	154	15	9861	0	10068
26439	32	88	9622	187	0	9929
26440	9559	34	148	113	0	9854
26441	9794	29	83	59	0	9965
26442	240	12	30	9721	0	10003
26443	117	26	19	9612	0	9774
26444	51	9604	21	257	0	9933
26445	52	146	18	9720	0	9936
26446	43	90	17	9587	0	9737
26447	35	9642	19	261	0	9957
26448	34	152	25	9764	0	9975
26449	9234	102	14	212	0	9562
26450	172	35	9330	149	0	9686
26451	9288	32	154	64	0	9538
26452	185	26	9456	56	0	9723
26453	110	36	166	9181	0	9493
26454	47	16	109	8948	0	9120
26455	37	9123	36	266	0	9462
26456	30	9292	36	138	0	9496
26457	45	231	29	9093	0	9398
26458	48	101	9106	193	0	9448
26459	8771	27	146	126	0	9070
26460	181	28	102	8859	0	9170
26461	120	8796	31	191	0	9138
26462	79	148	23	8844	0	9094
26463	61	108	23	8723	0	8915
26464	53	8592	15	277	0	8937
26465	63	218	20	8165	0	8466
26466	76	89	7622	175	0	7962
26467	69	37	7332	106	0	7544
26468	53	73	149	6895	0	7170
26469	44	7243	74	131	0	7492
26470	40	111	32	7232	0	7415
26471	7210	80	20	135	0	7445
26472	7222	29	19	102	0	7372
26473	7057	22	16	59	0	7154
26474	180	7061	19	45	0	7305
26475	99	114	6928	53	0	7194
26476	6811	76	117	53	0	7057
26477	6991	32	70	50	0	7143
26478	161	6929	29	51	0	7170
26479	97	117	23	6903	0	7140
26480	6883	77	19	154	0	7133
26481	6919	35	16	104	0	7074
26482	6996	43	23	52	0	7114
26483	187	28	25	6600	0	6840
26484	6711	19	43	144	0	6917
26485	151	17	42	6678	0	6888
26486	102	22	29	6739	0	6892
26487	6647	36	29	203	0	6915
26488	127	44	24	6680	0	6875
26489	6620	41	19	169	0	6849
26490	146	44	33	6634	0	6857
26491	99	33	28	6733	0	6893
26492	6581	32	34	230	0	6877
26493	157	36	6649	132	0	6974
26494	124	30	116	6694	0	6964
26495	86	43	77	6711	0	6917
26496	72	45	34	6638	0	6789
26497	92	36	24	6784	0	6936
26498	79	34	39	6558	0	6710
26499	74	6466	34	229	0	6803
26500	80	132	34	6532	0	6778
26501	77	95	6457	168	0	6797
26502	95	45	126	6526	0	6792
26503	101	36	86	6473	0	6696
26504	100	41	30	6693	0	6864
26505	91	38	6504	234	0	6867
26506	76	44	6513	151	0	6784
26507	6427	52	165	80	0	6724
26508	6574	38	87	92	0	6791
26509	211	6756	43	80	0	7090
26510	147	142	28	6889	0	7206
26511	95	87	25	7023	0	7230
26512	76	50	36	7156	0	7318
26513	7037	35	33	247	0	7352
26514	7157	34	32	150	0	7373
26515	219	32	26	7140	0	7417
26516	124	31	31	7173	0	7359
26517	70	43	19	7290	0	7422
26518	57	36	30	7278	0	7401
26519	7073	40	42	251	0	7406
26520	146	33	6934	171	0	7284
26521	93	6212	103	101	0	6509
26522	44	5738	57	89	0	5928
26523	5414	121	22	84	0	5641
26524	97	162	47	5304	0	5610
26525	66	34	5380	125	0	5605
26526	36	27	4966	100	0	5129
26527	21	4779	99	56	0	4955
26528	3368	20	78	20	0	3486
26529	22	11	3305	18	0	3356
26530	2574	27	28	4	0	2633
26531	5	0	3	2681	0	2689
26532	3	8	2	2663	0	2676
26533	3	2679	0	5	0	2687
26534	0	2751	1	8	0	2760
26535	2780	4	1	5	0	2790
26536	2724	5	0	3	0	2732
26537	3	2887	1	7	0	2898
26538	7	1	2864	1	0	2873
26539	3	1	2874	2	0	2880
26540	0	6	13	2864	0	2883
26541	2948	1	3	3	0	2955
26542	2	2983	4	6	0	2995
26543	3	3	1	3134	0	3141
26544	3167	2	1	3	0	3173
26545	2	3	2	3195	0	3202
26546	3	8	0	3299	0	3310
26547	3332	2	0	4	0	3338
26548	3	3393	2	7	0	3405
26549	6	3576	1	8	0	3591
26550	7	6	3759	5	0	3777
26551	4	8	4	3696	0	3712
26552	3	5	6	3696	0	3710
26553	1	3	3823	11	0	3838
26554	3261	0	5	15	0	3281
26555	3552	2	8	6	0	3568
26556	10	1	3817	5	0	3833
26557	3342	0	6	5	0	3353
26558	9	1	4033	4	0	4047
26559	8	4292	3	9	0	4312
26560	5	3	6	4431	0	4445
26561	2	9	2	4563	0	4576
26562	4625	3	2	8	0	4638
26563	4549	2	2	8	0	4561
26564	4497	2	3	5	0	4507
26565	4565	2	0	7	0	4574
26566	4507	2	2	1	0	4512
26567	14	1	4626	2	0	4643
26568	9	4624	1	6	0	4640
26569	2	1	10	4603	0	4616
26570	2	4618	3	5	0	4628
26571	0	4676	7	11	0	4694
26572	4	8	2	4597	0	4611
26573	2	7	5	4621	0	4635
26574	5	4	4692	12	0	4713
26575	4296	2	8	10	0	4316
26576	4641	2	6	5	0	4654
26577	9	4664	2	12	0	4687
26578	4688	3	2	2	0	4695
26579	4863	7	1	3	0	4874
26580	9	3	3	4887	0	4902
26581	14	3	5201	5	0	5223
26582	5	2	5222	9	0	5238
26583	5212	1	7	7	0	5227
26584	5304	0	9	2	0	5315
26585	13	5357	2	1	0	5373
26586	10	5542	5	7	0	5564
26587	3	12	2	5718	0	5735
26588	5768	12	2	6	0	5788
26589	4	7	5892	12	0	5915
26590	11	3	3	5913	0	5930
26591	6092	1	14	6	0	6113
26592	6114	1	2	16	0	6133
26593	18	7	4	6333	0	6362
26594	6366	1	5	7	0	6379
26595	18	2	6239	16	0	6275
26596	23	2	6734	7	0	6766
26597	3	3	20	6577	0	6603
26598	3	3	17	6852	0	6875
26599	3	1	5	6846	0	6855
26600	1	6760	5	22	0	6788
26601	2	6897	3	23	0	6925
26602	3	20	3	6959	0	6985
26603	7134	18	3	8	0	7163
26604	8	6	2	7145	0	7161
26605	16	2	4	7163	0	7185
26606	6	7179	3	36	0	7224
26607	8	7348	1	40	0	7397
26608	3	18	3	7401	0	7425
26609	4	17	0	7140	0	7161
26610	7054	5	0	28	0	7087
26611	9	7043	2	27	0	7081
26612	7028	7	3	10	0	7048
26613	13	15	2	7120	0	7150
26614	22	3	7081	11	0	7117
26615	6	5	7004	16	0	7031
26616	7042	4	32	10	0	7088
26617	7	1	17	7417	0	7442
26618	16	4	3	7424	0	7447
26619	6	1	2	7477	0	7486
26620	7	1	7657	28	0	7693
26621	2	3	7	7636	0	7648
26622	3	7630	21	25	0	7679
26623	4	7	4	7889	0	7904
26624	4	17	3	7842	0	7866
26625	3	7995	1	33	0	8032
26626	3	18	4	8200	0	8225
26627	8022	29	0	31	0	8082
26628	20	8142	1	36	0	8199
26629	8490	30	5	8	0	8533
26630	8517	32	2	13	0	8564
26631	90	9	2	8674	0	8775
26632	45	4	5	8574	0	8628
26633	12	2	2	8768	0	8784
26634	8	5	8623	80	0	8716
26635	4	8510	31	63	0	8608
26636	7	8640	42	13	0	8702
26637	2	67	6	8541	0	8616
26638	8464	42	5	40	0	8551
26639	34	7	9	8448	0	8498
26640	50	48	8570	45	0	8713
26641	5	8527	30	54	0	8616
26642	7	8645	40	16	0	8708
26643	8598	68	8	13	0	8687
26644	8592	42	14	9	0	8657
26645	69	9476	6	26	0	9577
26646	9535	44	10	13	0	9602
26647	49	37	9522	9	0	9617
26648	51	10	9344	15	0	9420
26649	9383	5	86	12	0	9486
26650	9584	8	50	9	0	9651
26651	94	8	11	9693	0	9806
26652	9667	5	7	55	0	9734
26653	70	3	9803	65	0	9941
26654	67	3	10440	17	0	10527
26655	13	6	100	11551	0	11670
26656	10	11	61	12752	0	12834
26657	9	7	16	13339	0	13371
26658	8	10	17	13895	0	13930
26659	9	10	6	14929	0	14954
26660	19	6	14647	386	0	15058
26661	7	8	227	14606	0	14848
26662	14569	6	160	278	0	15013
26663	237	7	18	14722	0	14984
26664	14711	5	21	276	0	15013
26665	253	10	7	14756	0	15026
26666	14986	14	6	272	0	15278
26667	15504	7	6	172	0	15689
26668	399	6	6	15212	0	15623
26669	163	23	11	15513	0	15710
26670	15297	5	14	398	0	15714
26671	15237	9	15	173	0	15434
26672	408	9	15652	52	0	16121
26673	183	5	226	15523	0	15937
26674	50	9	135	15919	0	16113
26675	15674	9	23	399	0	16105
26676	15920	7	46	176	0	16149
26677	387	6	23	15915	0	16331
26678	178	11	23	16086	0	16298
26679	51	5	11	16143	0	16210
26680	41	10	15	15923	0	15989
26681	35	15157	16	465	0	15673
26682	22	15445	14	247	0	15728
26683	31	360	17	15299	0	15707
26684	26	15440	23	316	0	15805
26685	32	260	15	15693	0	16000
26686	40	148	15315	350	0	15853
26687	54	25	15132	228	0	15439
26688	45	15332	352	112	0	15841
26689	40	254	151	15275	0	15720
26690	72	137	15368	323	0	15900
26691	53	31	264	15101	0	15449
26692	58	36	139	15515	0	15748
26693	15315	14	48	448	0	15825
26694	291	18	28	15788	0	16125
26695	195	15	16042	340	0	16592
26696	85	11	16066	231	0	16393
26697	70	15975	371	108	0	16524
26698	59	16890	164	106	0	17219
26699	16943	369	48	96	0	17456
26700	318	159	17971	95	0	18543
26701	185	32	266	17854	0	18337
26702	18007	25	160	336	0	18528
26703	17842	21	51	220	0	18134
26704	421	18370	34	131	0	18956
26705	215	280	31	18258	0	18784
26706	73	160	34	18863	0	19130
26707	59	39	38	18812	0	18948
26708	18493	45	37	494	0	19069
26709	307	46	18479	261	0	19093
26710	168	18807	262	149	0	19386
26711	60	270	162	18761	0	19253
26712	50	169	50	19207	0	19476
26713	63	51	19162	463	0	19739
26714	58	52	276	18952	0	19338
26715	40	42	187	19138	0	19407
26716	36	30	59	19288	0	19413
26717	69	35	59	19273	0	19436
26718	71	28	18871	507	0	19477
26719	48	33	290	18817	0	19188
26720	54	34	19303	395	0	19786
26721	44	19131	286	297	0	19758
26722	51	262	188	18984	0	19485
26723	63	165	69	19494	0	19791
26724	67	51	19222	493	0	19833
26725	50	19001	279	321	0	19651
26726	68	286	171	18930	0	19455
26727	95	181	19213	349	0	19838
26728	72	18966	263	277	0	19578
26729	94	256	164	18966	0	19480
26730	80	143	19216	351	0	19790
26731	89	59	252	18806	0	19206
26732	89	41	149	18862	0	19141
26733	75	40	58	19544	0	19717
26734	19162	43	56	451	0	19712
26735	271	19088	39	275	0	19673
26736	19228	240	49	154	0	19671
26737	303	145	19284	128	0	19860
26738	19773	44	260	141	0	20218
26739	20675	43	154	131	0	21003
26740	389	43	60	20594	0	21086
26741	20983	34	59	362	0	21438
26742	21012	40	62	239	0	21353
26743	21498	43	57	155	0	21753
26744	379	51	47	21263	0	21740
26745	166	59	42	20865	0	21132
26746	73	49	20509	426	0	21057
26747	47	35	19975	237	0	20294
26748	19389	38	348	128	0	19903
26749	233	142	165	19915	0	20455
26750	132	20580	58	292	0	21062
26751	20467	241	84	176	0	20968
26752	218	20621	56	134	0	21029
26753	113	20744	55	142	0	21054
26754	148	348	20251	136	0	20883
26755	82	125	21129	65	0	21401
26756	31	343	281	19952	0	20607
26757	31	41	21173	137	0	21382
26758	25	11	19677	52	0	19765
26759	18500	16	27	17	0	18560
26760	18979	5	10	15	0	19009
26761	14	3	3	19527	0	19547
26762	9	9	5	19822	0	19845
26763	21	4	20471	30	0	20526
26764	6	20745	17	25	0	20793
26765	7	24	8	20648	0	20687
26766	21279	7	9	24	0	21319
26767	20	4	7	21433	0	21464
26768	9	21794	5	56	0	21864
26769	29	25	21896	24	0	21974
26770	7	22107	25	20	0	22159
26771	22177	26	27	23	0	22253
26772	21456	19	3	21	0	21499
26773	39	10	3	21695	0	21747
26774	36	4	22252	37	0	22329
26775	25	2	21475	41	0	21543
26776	3	22222	57	25	0	22307
26777	10	32	38	21610	0	21690
26778	7	27	8	22274	0	22316
26779	14	7	22252	62	0	22335
26780	6	3	47	21795	0	21851
26781	4	23218	32	50	0	23304
26782	3	49	8	23324	0	23384
26783	4	37	3	23290	0	23334
26784	21	12	23508	100	0	23641
26785	2	12	52	22931	0	22997
26786	23350	8	56	75	0	23489
26787	66	5	23740	55	0	23866
26788	68	7	23871	16	0	23962
26789	7	24313	114	29	0	24463
26790	17	79	68	24364	0	24528
26791	7	68	8	25993	0	26076
26792	18	9	25945	152	0	26124
26793	24192	9	94	103	0	24398
26794	71	6	95	25613	0	25785
26795	94	9	25563	81	0	25747
26796	14	7	81	24843	0	24945
26797	17	7	25873	92	0	25989
26798	34	2	25073	102	0	25211
26799	7	25307	165	30	0	25509
26800	18	97	101	23657	0	23873
26801	4	24734	14	124	0	24876
26802	24167	80	10	100	0	24357
26803	101	99	24624	15	0	24839
26804	95	24188	82	32	0	24397
26805	10	84	102	23972	0	24168
26806	23832	98	27	95	0	24052
26807	71	23905	18	157	0	24151
26808	88	83	18	24086	0	24275
26809	10	99	20	23761	0	23890
26810	6	24193	18	274	0	24491
26811	24312	91	21	125	0	24549
26812	90	104	14	26458	0	26666
26813	100	23	25	27631	0	27779
26814	33	14	27798	327	0	28172
26815	12	29023	174	264	0	29473
26816	14	225	198	28898	0	29335
26817	13	212	53	31917	0	32195
26818	22	32691	24	455	0	33192
26819	11	288	37	32789	0	33125
26820	15	309	51	33461	0	33836
26821	13	87	32	34595	0	34727
26822	11	34913	24	653	0	35601
26823	34644	299	33	361	0	35337
26824	323	304	34866	106	0	35599
26825	33613	70	323	71	0	34077
26826	332	34870	320	89	0	35611
26827	300	314	83	34516	0	35213
26828	101	317	34897	341	0	35656
26829	26	79	333	34679	0	35117
26830	27	47	338	33858	0	34270
26831	40	50	80	35272	0	35442
26832	53	51	34973	651	0	35728
26833	35	35149	323	481	0	35988
26834	69	329	35548	139	0	36085
26835	24	35716	390	151	0	36281
26836	61	406	36304	118	0	36889
26837	30	364	376	35568	0	36338
26838	34906	104	342	426	0	35778
26839	309	35611	106	476	0	36502
26840	338	355	36097	188	0	36978
26841	75	36126	343	169	0	36713
26842	101	412	36516	144	0	37173
26843	53	374	408	34782	0	35617
26844	77	161	357	33794	0	34389
26845	42	35437	130	670	0	36279
26846	52	36121	100	500	0	36773
26847	36146	671	86	197	0	37100
26848	351	440	101	36383	0	37275
26849	381	159	36656	496	0	37692
26850	134	114	389	36434	0	37071
26851	87	116	36932	551	0	37686
26852	94	132	36791	493	0	37510
26853	70	120	695	35281	0	36166
26854	56	35869	479	490	0	36894
26855	34338	420	182	478	0	35418
26856	397	422	147	33673	0	34639
26857	366	186	153	32761	0	33466
26858	102	33865	147	749	0	34863
26859	33266	453	147	522	0	34388
26860	33214	441	156	244	0	34055
26861	658	188	173	32430	0	33449
26862	417	32996	159	527	0	34099
26863	139	34547	153	545	0	35384
26864	33982	723	160	247	0	35112
26865	395	510	34171	218	0	35294
26866	32837	226	469	202	0	33734
26867	32882	218	456	222	0	33778
26868	33130	189	207	222	0	33748
26869	684	33324	154	346	0	34508
26870	425	473	181	33480	0	34559
26871	33553	487	166	486	0	34692
26872	33504	216	165	510	0	34395
26873	626	33803	203	292	0	34924
26874	34188	451	167	256	0	35062
26875	439	449	147	34415	0	35450
26876	374	225	163	34280	0	35042
26877	151	34482	165	826	0	35624
26878	112	473	170	35004	0	35759
26879	136	456	130	34965	0	35687
26880	126	35128	118	882	0	36254
26881	143	472	148	33783	0	34546
26882	119	35050	143	609	0	35921
26883	34759	502	151	527	0	35939
26884	33350	470	197	266	0	34283
26885	663	34465	157	302	0	35587
26886	480	453	34056	292	0	35281
26887	256	535	395	33780	0	34966
26888	202	270	33902	493	0	34867
26889	166	33069	428	535	0	34198
26890	180	33243	379	317	0	34119
26891	31178	573	214	228	0	32193
26892	417	32404	171	224	0	33216
26893	436	457	144	31238	0	32275
26894	200	32044	193	452	0	32889
26895	197	32160	141	400	0	32898
26896	31829	650	131	261	0	32871
26897	413	437	119	31500	0	32469
26898	396	216	31699	437	0	32748
26899	213	223	31255	458	0	32149
26900	164	31855	540	312	0	32871
26901	31596	449	365	234	0	32644
26902	369	32130	192	206	0	32897
26903	344	521	141	32425	0	33431
26904	32543	426	152	420	0	33541
26905	436	286	119	33025	0	33866
26906	386	224	146	33074	0	33830
26907	218	33357	108	753	0	34436
26908	221	450	106	33680	0	34457
26909	191	499	33927	465	0	35082
26910	33211	231	412	457	0	34311
26911	431	35299	340	274	0	36344
26912	330	35284	142	161	0	35917
26913	34053	566	109	121	0	34849
26914	414	393	34423	145	0	35375
26915	32175	257	369	116	0	32917
26916	359	36577	315	119	0	37370
26917	235	40379	64	221	0	40899
26918	121	595	41314	53	0	42083
26919	81	41438	381	136	0	42036
26920	64	530	379	37194	0	38167
26921	34	397	44	37385	0	37860
26922	29	39244	18	592	0	39883
26923	21	341	11	39759	0	40132
26924	39722	318	15	355	0	40410
26925	363	57	39448	327	0	40195
26926	38735	36	337	60	0	39168
26927	39244	41	310	33	0	39628
26928	39249	42	35	42	0	39368
26929	680	33	39311	40	0	40064
26930	363	32	327	39155	0	39877
26931	83	50	39407	367	0	39907
26932	37740	41	361	341	0	38483
26933	37905	55	340	52	0	38352
26934	654	39013	60	59	0	39786
26935	367	373	35	38490	0	39265
26936	64	39664	35	387	0	40150
26937	83	389	39588	339	0	40399
26938	42	421	358	39209	0	40030
26939	38501	108	368	406	0	39383
26940	37995	78	74	355	0	38502
26941	728	65	65	36370	0	37228
26942	396	38211	40	341	0	38988
26943	135	382	38503	334	0	39354
26944	77	382	38756	80	0	39295
26945	37167	84	735	57	0	38043
26946	423	60	38996	74	0	39553
26947	391	38389	409	213	0	39402
26948	105	427	396	37693	0	38621
26949	108	389	38533	393	0	39423
26950	73	100	441	37880	0	38494
26951	100	70	38300	451	0	38921
26952	35663	72	470	414	0	36619
26953	418	79	404	36398	0	37299
26954	419	37004	98	454	0	37975
26955	120	37448	77	416	0	38061
26956	125	762	75	36428	0	37390
26957	114	431	85	35956	0	36586
26958	101	36809	80	868	0	37858
26959	132	445	36870	416	0	37863
26960	110	411	445	36476	0	37442
26961	122	105	37277	454	0	37958
26962	131	76	36097	415	0	36719
26963	33718	106	767	110	0	34701
26964	445	34898	445	137	0	35925
26965	34941	443	138	99	0	35621
26966	466	454	123	33590	0	34633
26967	438	34621	124	461	0	35644
26968	148	494	136	34710	0	35488
26969	127	487	135	34275	0	35024
26970	120	34264	136	818	0	35338
26971	162	513	34007	502	0	35184
26972	126	453	484	33852	0	34915
26973	33847	194	461	520	0	35022
26974	487	160	170	33399	0	34216
26975	479	143	167	33288	0	34077
26976	244	141	32822	822	0	34029
26977	183	32673	512	544	0	33912
26978	199	510	499	32390	0	33598
26979	207	504	32375	521	0	33607
26980	183	215	32132	494	0	33024
26981	30787	205	897	246	0	32135
26982	509	31409	581	287	0	32786
26983	31147	553	236	213	0	32149
26984	560	31319	183	239	0	32301
26985	512	31577	167	260	0	32516
26986	30931	900	174	237	0	32242
26987	556	535	209	29968	0	31268
26988	549	30925	225	567	0	32266
26989	317	491	218	31437	0	32463
26990	31079	461	211	577	0	32328
26991	656	168	31036	549	0	32409
26992	606	168	30524	238	0	31536
26993	29657	178	931	220	0	30986
26994	550	30264	608	249	0	31671
26995	546	494	30238	228	0	31506
26996	284	30454	577	224	0	31539
26997	264	568	557	29574	0	30963
26998	193	584	30039	565	0	31381
26999	195	260	533	29941	0	30929
27000	153	226	29757	662	0	30798
27001	28272	188	617	607	0	29684
27002	520	29157	559	315	0	30551
27003	28673	509	252	213	0	29647
27004	546	491	207	26553	0	27797
27005	459	29354	208	505	0	30526
27006	29085	581	277	483	0	30426
27007	28914	496	295	251	0	29956
27008	806	222	29035	255	0	30318
27009	513	222	28629	191	0	29555
27010	25255	194	797	205	0	26451
27011	368	26013	515	238	0	27134
27012	325	24450	264	232	0	25271
27013	482	1092	413	22723	0	24710
27014	209	340	23017	431	0	23997
27015	156	22142	423	342	0	23063
27016	147	18848	290	183	0	19468
27017	663	328	237	10913	0	12141
27018	11002	104	42	108	0	11256
27019	10864	47	35	106	0	11052
27020	10983	35	43	54	0	11115
27021	162	38	11164	40	0	11404
27022	10962	39	105	41	0	11147
27023	10901	39	93	44	0	11077
27024	11098	49	41	30	0	11218
27025	182	47	33	10752	0	11014
27026	96	11001	34	104	0	11235
27027	10968	107	30	84	0	11189
27028	100	11080	29	49	0	11258
27029	75	96	25	10889	0	11085
27030	42	78	11298	107	0	11525
27031	32	73	106	11073	0	11284
27032	35	55	81	11310	0	11481
27033	37	28	11397	153	0	11615
27034	36	11218	91	95	0	11440
27035	53	101	65	10207	0	10426
27036	10005	69	42	85	0	10201
27037	84	9850	28	66	0	10028
27038	9656	76	19	33	0	9784
27039	80	93	27	9364	0	9564
27040	67	9846	23	68	0	10004
27041	9808	64	20	57	0	9949
27042	78	10017	24	23	0	10142
27043	66	71	9695	24	0	9856
27044	9348	61	98	27	0	9534
27045	9499	59	39	24	0	9621
27046	98	9657	16	42	0	9813
27047	59	65	9427	13	0	9564
27048	18	9675	67	11	0	9771
27049	50	88	75	8758	0	8971
27050	19	57	13	9359	0	9448
27051	10	23	5	9569	0	9607
27052	15	9590	6	103	0	9714
27053	15	68	11	9461	0	9555
27054	20	49	14	9562	0	9645
27055	9561	27	11	99	0	9698
27056	73	25	4	9485	0	9587
27057	52	20	9	9615	0	9696
27058	9594	9	9	113	0	9725
27059	73	9785	9	68	0	9935
27060	9833	81	12	25	0	9951
27061	9690	52	16	21	0	9779
27062	9796	25	11	24	0	9856
27063	130	13	19	9778	0	9940
27064	77	18	18	9975	0	10088
27065	40	23	9832	120	0	10015
27066	38	24	9683	71	0	9816
27067	38	33	9692	29	0	9792
27068	9190	33	119	31	0	9373
27069	97	26	9671	36	0	9830
27070	70	9687	81	39	0	9877
27071	40	95	61	9529	0	9725
27072	49	65	24	9298	0	9436
27073	48	9812	26	111	0	9997
27074	64	115	10068	68	0	10315
27075	49	10140	79	54	0	10322
27076	10165	95	66	32	0	10358
27077	123	77	10269	33	0	10502
27078	93	10272	84	35	0	10484
27079	60	102	10287	39	0	10488
27080	40	90	82	10197	0	10409
27081	57	45	10347	111	0	10560
27082	48	41	90	10181	0	10360
27083	10323	37	78	111	0	10549
27084	103	29	10361	104	0	10597
27085	87	10361	92	58	0	10598
27086	10381	100	67	52	0	10600
27087	106	74	10653	60	0	10893
27088	93	43	10437	53	0	10626
27089	64	43	117	10283	0	10507
27090	53	34	10431	113	0	10631
27091	10010	45	86	105	0	10246
27092	110	10409	76	65	0	10660
27093	96	102	38	10362	0	10598
27094	50	10811	30	144	0	11035
27095	10908	116	61	98	0	11183
27096	121	84	10948	66	0	11219
27097	89	58	11336	66	0	11549
27098	61	48	162	11116	0	11387
27099	55	55	101	11171	0	11382
27100	53	58	53	11309	0	11473
27101	64	53	39	11527	0	11683
27102	58	58	11717	204	0	12037
27103	48	11581	103	166	0	11898
27104	48	121	69	10816	0	11054
27105	40	88	10391	116	0	10635
27106	48	10266	87	94	0	10495
27107	10147	94	106	53	0	10400
27108	134	107	48	9989	0	10278
27109	9821	41	38	97	0	9997
27110	95	9821	24	96	0	10036
27111	9805	94	27	51	0	9977
27112	110	81	10203	36	0	10430
27113	90	98	89	9739	0	10016
27114	50	10189	68	95	0	10402
27115	52	85	10174	88	0	10399
27116	28	10103	92	61	0	10284
27117	41	137	72	9227	0	9477
27118	9529	52	39	95	0	9715
27119	84	9628	28	92	0	9832
27120	9623	74	38	42	0	9777
27121	91	52	9520	46	0	9709
27122	69	25	9363	52	0	9509
27123	9302	29	100	34	0	9465
27124	77	69	71	9248	0	9465
27125	82	28	65	9311	0	9486
27126	51	26	9730	104	0	9911
27127	48	21	9596	59	0	9724
27128	30	9832	111	52	0	10025
27129	9255	132	64	76	0	9527
27130	8791	54	38	37	0	8920
27131	80	8907	18	41	0	9046
27132	52	57	26	9075	0	9210
27133	9217	36	25	62	0	9340
27134	56	20	23	9191	0	9290
27135	9303	13	27	56	0	9399
27136	9212	18	25	40	0	9295
27137	9556	15	22	21	0	9614
27138	94	14	31	9350	0	9489
27139	49	18	14	9601	0	9682
27140	9323	15	18	91	0	9447
27141	9172	16	47	57	0	9292
27142	9241	25	11	17	0	9294
27143	100	9227	18	49	0	9394
27144	8924	44	16	13	0	8997
27145	51	8924	17	23	0	9015
27146	8741	43	23	47	0	8854
27147	55	40	8855	10	0	8960
27148	7976	23	80	22	0	8101
27149	35	8373	26	25	0	8459
27150	28	8206	11	17	0	8262
27151	8281	45	21	13	0	8360
27152	46	36	9	8156	0	8247
27153	30	11	7	8511	0	8559
27154	10	8663	13	59	0	8745
27155	9	9032	13	34	0	9088
27156	9193	55	8	29	0	9285
27157	46	26	9544	15	0	9631
27158	29	11	42	9981	0	10063
27159	10133	14	30	53	0	10230
27160	72	10	10322	40	0	10444
27161	44	11389	56	18	0	11507
27162	12149	71	41	19	0	12280
27163	123	57	12642	16	0	12838
27164	87	27	123	13377	0	13614
27165	31	12	13876	148	0	14067
27166	13277	7	145	106	0	13535
27167	133	14041	104	64	0	14342
27168	14171	136	54	13	0	14374
27169	13998	106	21	16	0	14141
27170	243	25	7	13975	0	14250
27171	14091	13	11	140	0	14255
27172	163	24	7	14053	0	14247
27173	111	14	5	14141	0	14271
27174	35	10	13845	230	0	14120
27175	21	13921	125	129	0	14196
27176	20	140	96	13809	0	14065
27177	19	98	23	13686	0	13826
27178	15	23	11	13988	0	14037
27179	28	12	13862	238	0	14140
27180	12	13845	132	134	0	14123
27181	16	135	93	13733	0	13977
27182	17	99	22	13852	0	13990
27183	24	32	13788	230	0	14074
27184	17	17	130	13692	0	13856
27185	13653	13	101	155	0	13922
27186	137	13817	24	127	0	14105
27187	13670	131	16	28	0	13845
27188	174	98	13605	19	0	13896
27189	113	37	133	13518	0	13801
27190	13690	20	94	145	0	13949
27191	13490	17	27	101	0	13635
27192	230	13	13982	27	0	14252
27193	123	28	129	13788	0	14068
27194	39	5	13931	141	0	14116
27195	13189	10	145	98	0	13442
27196	130	13667	99	38	0	13934
27197	13570	137	38	19	0	13764
27198	13345	96	20	18	0	13479
27199	225	13708	21	29	0	13983
27200	13823	134	22	17	0	13996
27201	166	98	13711	15	0	13990
27202	13553	28	136	15	0	13732
27203	172	24	95	13568	0	13859
27204	122	23	13994	154	0	14293
27205	67	12	151	13883	0	14113
27206	54	17	136	13675	0	13882
27207	29	20	49	13860	0	13958
27208	45	13947	45	243	0	14280
27209	14073	143	41	127	0	14384
27210	160	131	32	13975	0	14298
27211	154	14067	27	171	0	14419
27212	89	154	30	13478	0	13751
27213	56	13865	24	203	0	14148
27214	98	163	13830	141	0	14232
27215	56	116	152	13492	0	13816
27216	41	49	124	13805	0	14019
27217	49	36	13843	291	0	14219
27218	12766	50	173	188	0	13177
27219	168	13634	132	124	0	14058
27220	141	183	68	13597	0	13989
27221	79	126	54	13163	0	13422
27222	59	64	66	13465	0	13654
27223	70	13608	55	291	0	14024
27224	13540	169	65	198	0	13972
27225	210	127	13683	138	0	14158
27226	174	50	13321	118	0	13663
27227	90	37	267	13029	0	13423
27228	89	58	158	13304	0	13609
27229	13217	61	69	307	0	13654
27230	208	13174	55	220	0	13657
27231	166	174	78	13233	0	13651
27232	13016	139	73	221	0	13449
27233	230	66	53	12919	0	13268
27234	12976	53	61	243	0	13333
27235	232	44	12763	187	0	13226
27236	167	12942	203	155	0	13467
27237	12811	168	190	110	0	13279
27238	221	138	12869	101	0	13329
27239	12586	88	175	101	0	12950
27240	253	46	12742	96	0	13137
27241	12541	57	197	90	0	12885
27242	236	66	139	12603	0	13044
27243	12733	65	78	190	0	13066
27244	247	65	70	12623	0	13005
27245	199	59	63	12660	0	12981
27246	12636	33	82	326	0	13077
27247	205	12567	91	208	0	13071
27248	166	178	55	12730	0	13129
27249	12804	132	76	232	0	13244
27250	13038	62	65	195	0	13360
27251	289	77	62	12946	0	13374
27252	205	54	55	13118	0	13432
27253	13076	75	52	301	0	13504
27254	236	87	42	13176	0	13541
27255	187	68	42	12957	0	13254
27256	12685	82	61	299	0	13127
27257	195	49	75	12362	0	12681
27258	165	37	11604	225	0	12031
27259	10931	37	166	178	0	11312
27260	180	31	11428	92	0	11731
27261	122	37	10165	57	0	10381
27262	8864	81	236	48	0	9229
27263	63	8737	78	42	0	8920
27264	68	30	57	7760	0	7915
27265	45	35	18	7477	0	7575
27266	16	11	11	7932	0	7970
27267	16	6	6	8157	0	8185
27268	8264	6	10	74	0	8354
27269	8600	5	5	35	0	8645
27270	9085	7	6	20	0	9118
27271	94	6	10326	11	0	10437
27272	58	3	79	10837	0	10977
27273	16	11	88	10924	0	11039
27274	20	4	20	10769	0	10813
27275	16	10722	10	199	0	10947
27276	22	10835	8	124	0	10989
27277	11186	181	7	40	0	11414
27278	97	124	8	11079	0	11308
27279	116	31	4	11773	0	11924
27280	34	10	7	12172	0	12223
27281	31	8	11852	252	0	12143
27282	23	10	11806	149	0	11988
27283	11623	7	224	49	0	11903
27284	12008	4	141	27	0	12180
27285	233	3	34	11690	0	11960
27286	152	11882	14	117	0	12165
27287	41	117	13	11809	0	11980
27288	24	117	16	11827	0	11984
27289	27	30	11641	235	0	11933
27290	11401	9	115	154	0	11679
27291	130	7	117	11934	0	12188
27292	130	3	33	11684	0	11850
27293	11447	7	22	258	0	11734
27294	133	11952	14	212	0	12311
27295	12245	127	13	65	0	12450
27296	162	156	5	11930	0	12253
27297	145	11852	8	149	0	12154
27298	11897	135	5	149	0	12186
27299	151	134	18	11749	0	12052
27300	11692	36	11	152	0	11891
27301	11241	16	14	154	0	11425
27302	11536	8	11	62	0	11617
27303	276	11350	15	35	0	11676
27304	163	11192	16	33	0	11404
27305	63	241	15	10842	0	11161
27306	36	11264	13	131	0	11444
27307	11289	149	8	151	0	11597
27308	147	142	12	11279	0	11580
27309	11281	42	20	147	0	11490
27310	11356	19	16	161	0	11552
27311	269	13	20	11048	0	11350
27312	182	11	16	11461	0	11670
27313	11469	15	12	287	0	11783
27314	11475	22	9	203	0	11709
27315	11823	19	12	78	0	11932
27316	11986	29	9	58	0	12082
27317	12186	29	13	41	0	12269
27318	319	19	6	11884	0	12228
27319	191	26	7	11920	0	12144
27320	86	20	7	12134	0	12247
27321	11893	18	17	315	0	12243
27322	173	26	25	11871	0	12095
27323	177	11831	15	220	0	12243
27324	79	144	13	12047	0	12283
27325	11710	149	16	201	0	12076
27326	11742	63	10	188	0	12003
27327	298	40	11674	86	0	12098
27328	201	38	138	11303	0	11680
27329	82	11802	134	179	0	12197
27330	11846	142	38	171	0	12197
27331	176	12013	12	103	0	12304
27332	178	176	20	12074	0	12448
27333	12211	149	17	179	0	12556
27334	12222	58	15	182	0	12477
27335	329	12317	14	119	0	12779
27336	233	156	11	12232	0	12632
27337	112	158	12204	187	0	12661
27338	11902	64	144	197	0	12307
27339	218	20	12248	112	0	12598
27340	12238	35	172	83	0	12528
27341	12401	33	140	70	0	12644
27342	336	32	41	12268	0	12677
27343	12583	41	16	202	0	12842
27344	12689	42	14	219	0	12964
27345	12816	40	11	126	0	12993
27346	380	42	18	12577	0	13017
27347	12659	39	19	206	0	12923
27348	250	31	18	12623	0	12922
27349	218	37	21	12569	0	12845
27350	112	12465	19	325	0	12921
27351	100	171	23	12138	0	12432
27352	78	12367	9	230	0	12684
27353	12085	186	4	173	0	12448
27354	11876	150	29	97	0	12152
27355	313	72	14	11760	0	12159
27356	231	44	13	11806	0	12094
27357	11802	41	14	295	0	12152
27358	205	24	11644	222	0	12095
27359	11756	36	138	98	0	12028
27360	257	20	128	11563	0	11968
27361	222	33	11312	187	0	11754
27362	11167	23	135	184	0	11509
27363	11388	42	136	92	0	11658
27364	326	36	11504	77	0	11943
27365	11544	18	129	71	0	11762
27366	238	22	11279	67	0	11606
27367	210	11202	144	52	0	11608
27368	11112	128	232	61	0	11533
27369	10769	142	69	61	0	11041
27370	242	10572	13	67	0	10894
27371	121	9424	34	64	0	9643
27372	8728	105	54	26	0	8913
27373	8679	57	24	21	0	8781
27374	127	30	3	8977	0	9137
27375	77	15	8994	87	0	9173
27376	46	9	8789	58	0	8902
27377	8761	15	111	31	0	8918
27378	85	13	8999	25	0	9122
27379	8228	24	124	23	0	8399
27380	71	9	41	8151	0	8272
27381	36	7	14	8258	0	8315
27382	29	14	8503	80	0	8626
27383	8478	4	53	57	0	8592
27384	73	9	31	8597	0	8710
27385	41	5	23	9195	0	9264
27386	9217	6	6	80	0	9309
27387	8995	3	10	48	0	9056
27388	9251	3	9	28	0	9291
27389	96	9541	7	15	0	9659
27390	59	47	9267	16	0	9389
27391	8889	25	52	14	0	8980
27392	9167	11	32	18	0	9228
27393	78	9066	11	21	0	9176
27394	8562	31	41	21	0	8655
27395	61	25	5	8455	0	8546
27396	31	9	8920	39	0	8999
27397	8846	5	27	27	0	8905
27398	9007	10	18	18	0	9053
27399	9145	4	7	10	0	9166
27400	9151	4	6	8	0	9169
27401	58	4	5	9119	0	9186
27402	36	4	5	9143	0	9188
27403	9217	2	5	58	0	9282
27404	42	1	8	9203	0	9254
27405	30	4	7	9153	0	9194
27406	15	9125	5	72	0	9217
27407	9	37	12	9212	0	9270
27408	21	22	2	9217	0	9262
27409	9	5	6	9260	0	9280
27410	11	13	3	9301	0	9328
27411	12	9252	7	70	0	9341
27412	12	36	6	9108	0	9162
27413	12	24	2	8966	0	9004
27414	18	10	8919	67	0	9014
27415	18	5	8622	27	0	8672
27416	6	8760	47	25	0	8838
27417	10062	27	23	9	0	10121
27418	61	10377	10	13	0	10461
27419	49	63	6	11028	0	11146
27420	17	49	11955	84	0	12105
27421	12628	9	86	67	0	12790
27422	88	7	58	13305	0	13458
27423	13274	12	19	93	0	13398
27424	13335	2	6	74	0	13417
27425	155	13549	12	46	0	13762
27426	13568	81	5	15	0	13669
27427	105	14135	3	22	0	14265
27428	75	115	7	14249	0	14446
27429	20	14537	4	96	0	14657
27430	27	94	14559	90	0	14770
27431	10	14690	93	24	0	14817
27432	27	124	83	14176	0	14410
27433	14301	71	7	92	0	14471
27434	106	14534	5	106	0	14751
27435	86	102	5	14378	0	14571
27436	20	88	8	14724	0	14840
27437	25	15	14963	193	0	15196
27438	16	6	108	14870	0	15000
27439	23	12	15133	127	0	15295
27440	14470	12	123	110	0	14715
27441	145	5	15439	33	0	15622
27442	124	15411	122	42	0	15699
27443	39	137	105	15283	0	15564
27444	46	130	32	14714	0	14922
27445	41	38	12	15328	0	15419
27446	15431	26	16	239	0	15712
27447	155	39	8	15227	0	15429
27448	124	15517	20	157	0	15818
27449	15260	159	19	124	0	15562
27450	155	15282	13	54	0	15504
27451	123	165	22	15176	0	15486
27452	15180	129	13	157	0	15479
27453	155	15081	10	149	0	15395
27454	116	15468	16	72	0	15672
27455	15390	248	26	49	0	15713
27456	15340	137	30	70	0	15577
27457	268	37	15448	74	0	15827
27458	15420	39	169	51	0	15679
27459	205	40	15959	58	0	16262
27460	153	50	163	15942	0	16308
27461	71	47	16134	199	0	16451
27462	67	53	155	16049	0	16324
27463	50	76	16252	213	0	16591
27464	58	53	169	15598	0	15878
27465	51	53	146	15969	0	16219
27466	15835	56	48	309	0	16248
27467	188	60	15635	180	0	16063
27468	15155	61	192	69	0	15477
27469	195	63	15530	85	0	15873
27470	161	59	15453	83	0	15756
27471	64	98	261	15257	0	15680
27472	15365	53	145	217	0	15780
27473	175	15385	54	203	0	15817
27474	15205	181	44	90	0	15520
27475	14993	151	55	77	0	15276
27476	299	14943	59	91	0	15392
27477	15019	187	65	68	0	15339
27478	220	153	15217	78	0	15668
27479	164	67	179	15141	0	15551
27480	15196	56	150	222	0	15624
27481	192	15274	57	214	0	15737
27482	157	187	54	14959	0	15357
27483	82	159	49	14779	0	15069
27484	95	63	54	14964	0	15176
27485	76	71	59	15226	0	15432
27486	14967	47	61	324	0	15399
27487	14915	63	76	179	0	15233
27488	15084	65	86	108	0	15343
27489	14856	54	75	110	0	15095
27490	336	57	14862	101	0	15356
27491	14588	68	196	91	0	14943
27492	14935	50	173	87	0	15245
27493	355	14844	60	88	0	15347
27494	211	15040	78	130	0	15459
27495	139	305	79	14655	0	15178
27496	125	155	94	14698	0	15072
27497	96	74	14580	324	0	15074
27498	102	14847	214	238	0	15401
27499	114	187	180	14556	0	15037
27500	99	14939	82	244	0	15364
27501	132	201	64	15046	0	15443
27502	123	162	71	15039	0	15395
27503	105	15600	74	355	0	16134
27504	120	189	92	15900	0	16301
27505	130	145	16151	254	0	16680
27506	138	51	16230	211	0	16630
27507	15570	74	327	110	0	16081
27508	16372	59	200	101	0	16732
27509	373	16295	85	133	0	16886
27510	16431	185	81	104	0	16801
27511	295	167	58	16328	0	16848
27512	16467	77	95	229	0	16868
27513	271	16588	56	251	0	17166
27514	279	195	16577	118	0	17169
27515	16075	171	243	112	0	16601
27516	267	86	17494	102	0	17949
27517	198	41	15841	101	0	16181
27518	125	50	15874	95	0	16144
27519	115	15118	220	89	0	15542
27520	13946	221	356	106	0	14629
27521	13314	118	84	88	0	13604
27522	194	58	55	13099	0	13406
27523	142	39	76	12878	0	13135
27524	67	13675	55	207	0	14004
27525	13745	106	48	135	0	14034
27526	148	13882	41	79	0	14150
27527	114	13442	53	75	0	13684
27528	13273	150	50	65	0	13538
27529	149	82	58	13117	0	13406
27530	100	45	32	12972	0	13149
27531	56	27	43	13201	0	13327
27532	65	13158	31	196	0	13450
27533	12961	90	34	100	0	13185
27534	120	94	38	12740	0	12992
27535	100	12498	22	116	0	12736
27536	44	12272	19	98	0	12433
27537	39	159	28	11827	0	12053
27538	47	12111	18	92	0	12268
27539	35	107	22	12016	0	12180
27540	11775	60	21	87	0	11943
27541	87	33	11613	71	0	11804
27542	65	11774	62	37	0	11938
27543	40	63	52	11818	0	11973
27544	37	51	12260	62	0	12410
27545	11821	20	74	69	0	11984
27546	85	63	60	12182	0	12390
27547	12314	13	12	69	0	12408
27548	12112	16	15	68	0	12211
27549	113	12978	12	40	0	13143
27550	13134	54	16	28	0	13232
27551	12971	65	16	24	0	13076
27552	13096	28	12	22	0	13158
27553	129	15	12	12933	0	13089
27554	71	21	13	12887	0	12992
27555	29	18	11	13058	0	13116
27556	37	21	12993	117	0	13168
27557	24	12948	56	75	0	13103
27558	12692	54	52	28	0	12826
27559	52	12742	15	23	0	12832
27560	52	83	13	12562	0	12710
27561	34	50	12499	54	0	12637
27562	11584	20	59	63	0	11726
27563	54	12554	46	23	0	12677
27564	53	61	15	12318	0	12447
27565	22	51	14	12377	0	12464
27566	20	12	12403	96	0	12531
27567	12	12434	54	57	0	12557
27568	18	59	45	12333	0	12455
27569	10	54	18	12189	0	12271
27570	21	22	8	12089	0	12140
27571	11935	7	7	100	0	12049
27572	68	18	11943	61	0	12090
27573	59	11898	42	28	0	12027
27574	11778	49	45	22	0	11894
27575	55	11982	11	25	0	12073
27576	57	57	10	11755	0	11879
27577	26	12031	7	70	0	12134
27578	11674	61	18	61	0	11814
27579	11720	64	8	17	0	11809
27580	102	22	6	12039	0	12169
27581	65	15	9	12154	0	12243
27582	28	18	7	12592	0	12645
27583	30	13	12827	134	0	13004
27584	22	13280	64	84	0	13450
27585	23	89	61	15234	0	15407
27586	21	82	15	15688	0	15806
27587	26	24	16	15974	0	16040
27588	24	17	10	16182	0	16233
27589	25	29	16093	223	0	16370
27590	16	17430	84	166	0	17696
27591	22	124	111	17676	0	17933
27592	17	128	23	19292	0	19460
27593	23	42	19094	269	0	19428
27594	23	31	127	18300	0	18481
27595	23	18600	148	174	0	18945
27596	15	19042	37	177	0	19271
27597	24	286	16	18982	0	19308
27598	37	166	18560	150	0	18913
27599	16973	44	132	192	0	17341
27600	131	18496	146	79	0	18852
27601	156	137	18215	48	0	18556
27602	51	156	18216	39	0	18462
27603	28	18040	244	71	0	18383
27604	49	126	18016	53	0	18244
27605	85	240	164	17268	0	17757
27606	17103	37	144	160	0	17444
27607	16904	32	55	161	0	17152
27608	16976	20	35	62	0	17093
27609	17670	16	31	37	0	17754
27610	278	17961	11	119	0	18369
27611	18201	141	23	43	0	18408
27612	165	18375	14	80	0	18634
27613	181	179	18064	50	0	18474
27614	53	168	157	17260	0	17638
27615	42	18124	141	178	0	18485
27616	35	172	50	17366	0	17623
27617	16946	170	25	214	0	17355
27618	150	53	29	16481	0	16713
27619	144	17206	40	214	0	17604
27620	17255	160	38	199	0	17652
27621	167	181	17218	76	0	17642
27622	171	62	169	16887	0	17289
27623	52	46	166	17060	0	17324
27624	16476	37	67	313	0	16893
27625	157	16435	49	296	0	16937
27626	165	185	16306	79	0	16735
27627	68	177	172	16242	0	16659
27628	38	83	16378	214	0	16713
27629	39	15941	182	238	0	16400
27630	35	16279	184	110	0	16608
27631	16126	297	75	74	0	16572
27632	190	203	16129	92	0	16614
27633	16193	85	176	72	0	16526
27634	189	56	178	15769	0	16192
27635	174	16225	81	204	0	16684
27636	16190	196	72	203	0	16661
27637	178	203	16342	105	0	16828
27638	199	101	176	16058	0	16534
27639	80	49	192	15967	0	16288
27640	73	94	69	15850	0	16086
27641	66	16004	67	386	0	16523
27642	15616	197	66	244	0	16123
27643	185	15708	61	115	0	16069
27644	167	15545	83	120	0	15915
27645	107	319	78	15425	0	15929
27646	15463	216	92	205	0	15976
27647	15138	100	75	231	0	15544
27648	15216	98	75	115	0	15504
27649	325	14552	74	115	0	15066
27650	222	211	65	14495	0	14993
27651	125	217	14535	202	0	15079
27652	90	109	202	14379	0	14780
27653	92	87	209	14038	0	14426
27654	101	14390	96	368	0	14955
27655	14468	216	89	228	0	15001
27656	205	219	79	14181	0	14684
27657	218	14494	88	227	0	15027
27658	14469	214	96	223	0	15002
27659	237	229	14445	123	0	15034
27660	14243	131	189	109	0	14672
27661	222	14588	190	115	0	15115
27662	14671	224	73	111	0	15079
27663	14572	211	98	86	0	14967
27664	338	125	14588	109	0	15160
27665	14659	134	180	91	0	15064
27666	245	113	15091	89	0	15538
27667	231	114	15001	106	0	15452
27668	14812	94	318	85	0	15309
27669	14892	102	197	102	0	15293
27670	347	122	15146	105	0	15720
27671	248	84	202	14952	0	15486
27672	136	101	212	14604	0	15053
27673	128	15317	85	612	0	16142
27674	15713	215	101	217	0	16246
27675	15579	218	66	137	0	16000
27676	378	111	15717	111	0	16317
27677	15618	117	190	104	0	16029
27678	15915	108	164	125	0	16312
27679	361	15833	92	110	0	16396
27680	233	247	78	15442	0	16000
27681	155	199	68	15273	0	15695
27682	110	123	68	15225	0	15526
27683	14532	111	95	302	0	15040
27684	227	14120	52	230	0	14629
27685	142	275	46	11620	0	12083
27686	101	11608	34	141	0	11884
27687	100	580	43	10407	0	11130
27688	85	10890	39	147	0	11161
27689	75	10947	37	102	0	11161
27690	9149	218	139	92	0	9598
27691	9063	94	101	77	0	9335
27692	107	35	21	8043	0	8206
27693	68	15	20	8190	0	8293
27694	48	21	17	8229	0	8315
27695	33	19	21	8247	0	8320
27696	30	16	20	8126	0	8192
27697	28	8111	17	111	0	8267
27698	27	61	15	8164	0	8267
27699	32	48	16	8190	0	8286
27700	8016	26	14	97	0	8153
27701	83	21	17	8064	0	8185
27702	56	19	13	8054	0	8142
27703	43	19	8215	101	0	8378
27704	36	25	61	8085	0	8207
27705	47	31	33	8403	0	8514
27706	37	22	8617	107	0	8783
27707	23	8862	55	101	0	9041
27708	44	77	8969	32	0	9122
27709	43	29	8848	24	0	8944
27710	10	8849	64	22	0	8945
27711	8643	48	37	17	0	8745
27712	8514	17	9	13	0	8553
27713	61	11	1	8420	0	8493
27714	8710	6	3	54	0	8773
27715	55	6	9054	35	0	9150
27716	21	3	45	9176	0	9245
27717	20	8	10432	61	0	10521
27718	8	10	50	10319	0	10387
27719	6	10	24	10371	0	10411
27720	8	4	9	10491	0	10512
27721	10474	7	7	93	0	10581
27722	53	7	5	10605	0	10670
27723	10597	8	3	72	0	10680
27724	10599	3	6	56	0	10664
27725	69	10731	9	31	0	10840
27726	10761	46	9	23	0	10839
27727	47	11152	6	33	0	11238
27728	32	56	12	10965	0	11065
27729	18	34	4	11116	0	11172
27730	14	14	14	11314	0	11356
27731	20	16	11291	99	0	11426
27732	11	11185	46	73	0	11315
27733	23	67	27	10501	0	10618
27734	15	33	19	10746	0	10813
27735	9	11166	8	83	0	11266
27736	11155	56	40	47	0	11298
27737	61	11009	12	47	0	11129
27738	10905	60	10	30	0	11005
27739	64	11225	11	46	0	11346
27740	44	64	6	10976	0	11090
27741	18	11412	7	84	0	11521
27742	11619	60	12	52	0	11743
27743	11568	36	9	29	0	11642
27744	11621	22	6	33	0	11682
27745	11532	7	6	32	0	11577
27746	99	14	11944	33	0	12090
27747	11793	13	47	31	0	11884
27748	12099	15	32	26	0	12172
27749	12098	17	13	31	0	12159
27750	92	9	12248	50	0	12399
27751	12026	11	56	37	0	12130
27752	66	12505	27	38	0	12636
27753	12547	55	25	23	0	12650
27754	79	36	13404	22	0	13541
27755	13148	25	52	23	0	13248
27756	13349	19	27	20	0	13415
27757	79	14	20	13412	0	13525
27758	61	10	13375	78	0	13524
27759	13358	22	60	44	0	13484
27760	76	13	28	13536	0	13653
27761	38	14	24	13712	0	13788
27762	39	7	13955	102	0	14103
27763	12869	17	67	74	0	13027
27764	13800	5	33	52	0	13890
27765	84	13897	30	45	0	14056
27766	65	70	10	13709	0	13854
27767	30	40	14	13636	0	13720
27768	30	20	17	13540	0	13607
27769	25	13857	13	111	0	14006
27770	13720	61	15	59	0	13855
27771	85	41	17	13629	0	13772
27772	59	30	11	13657	0	13757
27773	13291	13	16	97	0	13417
27774	13035	18	26	71	0	13150
27775	103	18	10	13370	0	13501
27776	63	18	24	13229	0	13334
27777	47	17	12991	96	0	13151
27778	12105	13	58	73	0	12249
27779	71	13001	37	42	0	13151
27780	44	63	22	13454	0	13583
27781	41	37	9	13694	0	13781
27782	34	14371	13	118	0	14536
27783	27	69	11	14758	0	14865
27784	16165	75	32	104	0	16376
27785	122	26	16	19350	0	19514
27786	109	25	22	19874	0	20030
27787	44	23	11	20412	0	20490
27788	51	18	20020	409	0	20498
27789	27	21	175	20289	0	20512
27790	45	18	20310	269	0	20642
27791	31	19902	199	225	0	20357
27792	51	208	207	19329	0	19795
27793	31	182	32	19519	0	19764
27794	26	41	19	19993	0	20079
27795	23	38	18	20152	0	20231
27796	24	20	13	20553	0	20610
27797	19871	22	16	395	0	20304
27798	183	19	20325	233	0	20760
27799	176	19963	180	108	0	20427
27800	54	20715	164	71	0	21004
27801	44	350	45	20623	0	21062
27802	30	204	21	20929	0	21184
27803	23	54	16	20979	0	21072
27804	27	20831	13	424	0	21295
27805	33	182	15	21085	0	21315
27806	46	172	20758	249	0	21225
27807	32	20480	168	218	0	20898
27808	27	227	162	20463	0	20879
27809	20245	166	54	263	0	20728
27810	173	40	23	20181	0	20417
27811	168	39	22	19891	0	20120
27812	61	19726	12	356	0	20155
27813	49	20482	20	219	0	20770
27814	24	314	26	20275	0	20639
27815	38	180	22	20230	0	20470
27816	24	53	20137	363	0	20577
27817	10	35	167	19251	0	19463
27818	17	15	165	19275	0	19472
27819	13	31	56	19064	0	19164
27820	23	20	25	19557	0	19625
27821	19116	40	38	392	0	19586
27822	19055	32	25	270	0	19382
27823	316	19	17	19335	0	19687
27824	189	24	16	19909	0	20138
27825	19678	23	21	415	0	20137
27826	196	21	25	20419	0	20661
27827	188	34	20613	304	0	21139
27828	49	20661	186	313	0	21209
27829	51	202	199	20548	0	21000
27830	31	211	52	20898	0	21192
27831	20823	67	47	446	0	21383
27832	185	52	42	21115	0	21394
27833	181	47	34	21402	0	21664
27834	21538	47	27	469	0	22081
27835	201	49	20	21748	0	22018
27836	197	22087	29	356	0	22669
27837	51	233	41	22719	0	23044
27838	42	220	33	23323	0	23618
27839	29	68	37	23345	0	23479
27840	38	58	38	23560	0	23694
27841	37	62	22934	545	0	23578
27842	36	68	22759	362	0	23225
27843	22	73	389	22673	0	23157
27844	28	60	225	22594	0	22907
27845	25	22739	69	544	0	23377
27846	30	258	45	22223	0	22556
27847	32	22500	46	389	0	22967
27848	22147	262	47	346	0	22802
27849	231	23282	38	234	0	23785
27850	220	286	46	23466	0	24018
27851	59	245	22	23799	0	24125
27852	72	78	23287	591	0	24028
27853	21999	56	244	426	0	22725
27854	22066	62	238	241	0	22607
27855	396	22484	82	248	0	23210
27856	242	273	59	22274	0	22848
27857	101	237	23380	392	0	24110
27858	50	23649	268	382	0	24349
27859	23249	277	234	233	0	23993
27860	23132	237	75	226	0	23670
27861	449	93	22766	227	0	23535
27862	22693	66	219	213	0	23191
27863	306	49	215	22791	0	23361
27864	276	22823	74	392	0	23565
27865	22740	254	58	365	0	23417
27866	293	252	46	22784	0	23375
27867	22972	104	35	400	0	23511
27868	23612	63	55	387	0	24117
27869	497	75	45	23542	0	24159
27870	272	90	24168	414	0	24944
27871	23904	64	249	399	0	24616
27872	24426	62	235	227	0	24950
27873	24954	56	76	206	0	25292
27874	489	25318	66	217	0	26090
27875	293	291	45	25033	0	25662
27876	105	267	44	26111	0	26527
27877	98	87	25995	636	0	26816
27878	72	111	243	25824	0	26250
27879	86	25862	255	449	0	26652
27880	25174	292	77	376	0	25919
27881	280	25315	54	256	0	25905
27882	269	269	24867	178	0	25583
27883	73	25395	267	159	0	25894
27884	77	24353	214	149	0	24793
27885	272	247	208	20098	0	20825
27886	20064	104	78	132	0	20378
27887	19655	26	18	122	0	19821
27888	19829	25	21	49	0	19924
27889	202	20702	9	81	0	20994
27890	127	119	20513	58	0	20817
27891	20067	115	106	42	0	20330
27892	20596	21	96	50	0	20763
27893	210	20545	31	47	0	20833
27894	20752	123	20	47	0	20942
27895	141	102	17	20618	0	20878
27896	125	41	21833	153	0	22152
27897	21630	27	135	132	0	21924
27898	21600	34	105	59	0	21798
27899	22333	30	31	44	0	22438
27900	240	46	19	21700	0	22005
27901	147	47	29	21923	0	22146
27902	37	38	33	23068	0	23176
27903	52	23436	27	318	0	23833
27904	75	203	32	25062	0	25372
27905	53	157	24	26487	0	26721
27906	73	53	26816	395	0	27337
27907	48	36	240	26739	0	27063
27908	48	46	188	27072	0	27354
27909	55	53	50	26713	0	26871
27910	57	60	37	26997	0	27151
27911	61	27097	30	449	0	27637
27912	70	259	32	27002	0	27363
27913	65	207	31	26989	0	27292
27914	26869	59	28	450	0	27406
27915	291	54	26841	225	0	27411
27916	249	44	26420	108	0	26821
27917	25830	37	419	67	0	26353
27918	26526	41	214	58	0	26839
27919	468	68	59	24363	0	24958
27920	251	26635	30	247	0	27163
27921	26752	255	38	225	0	27270
27922	294	218	41	26170	0	26723
27923	245	27384	31	295	0	27955
27924	27062	242	25	210	0	27539
27925	283	27340	25	95	0	27743
27926	26847	252	47	74	0	27220
27927	25953	189	27	87	0	26256
27928	419	25869	32	93	0	26413
27929	222	241	23	25966	0	26452
27930	114	199	25848	297	0	26458
27931	61	86	246	25459	0	25852
27932	25477	53	188	299	0	26017
27933	272	45	25303	262	0	25882
27934	199	25024	222	172	0	25617
27935	62	275	178	24701	0	25216
27936	93	188	24510	282	0	25073
27937	51	24148	220	243	0	24662
27938	23734	219	188	117	0	24258
27939	228	175	39	23635	0	24077
27940	199	40	39	23679	0	23957
27941	71	63	39	23334	0	23507
27942	60	23638	41	423	0	24162
27943	23595	211	30	228	0	24064
27944	230	23508	30	131	0	23899
27945	184	23797	36	126	0	24143
27946	23704	355	41	74	0	24174
27947	23483	195	33	88	0	23799
27948	383	79	23421	69	0	23952
27949	22456	55	204	77	0	22792
27950	22366	65	168	65	0	22664
27951	397	48	45	22223	0	22713
27952	225	52	22156	250	0	22683
27953	96	64	196	22100	0	22456
27954	22342	51	162	304	0	22859
27955	265	46	22651	221	0	23183
27956	219	57	224	23810	0	24310
27957	105	67	186	25643	0	26001
27958	77	54	69	29173	0	29373
27959	29488	54	62	687	0	30291
27960	446	30120	50	449	0	31065
27961	30442	438	52	141	0	31073
27962	510	336	30516	126	0	31488
27963	374	89	436	29319	0	30218
27964	84	30814	320	515	0	31733
27965	30763	464	88	388	0	31703
27966	500	336	58	30838	0	31732
27967	355	95	30552	560	0	31562
27968	116	77	421	30220	0	30834
27969	29448	66	321	556	0	30391
27970	436	29347	70	506	0	30359
27971	374	500	61	27007	0	27942
27972	104	29284	52	483	0	29923
27973	28551	477	61	380	0	29469
27974	28184	336	47	166	0	28733
27975	727	28108	51	158	0	29044
27976	27734	440	47	133	0	28354
27977	543	322	63	26280	0	27208
27978	357	27262	62	452	0	28133
27979	26988	441	89	319	0	27837
27980	27097	310	82	112	0	27601
27981	733	26698	63	118	0	27612
27982	379	26754	60	125	0	27318
27983	26223	641	57	113	0	27034
27984	509	337	55	26032	0	26933
27985	26360	110	53	466	0	26989
27986	527	109	34	26311	0	26981
27987	389	91	26019	498	0	26997
27988	154	103	394	26322	0	26973
27989	25742	113	269	499	0	26623
27990	515	93	25948	342	0	26898
27991	375	86	429	25259	0	26149
27992	129	87	284	26320	0	26820
27993	130	76	25954	724	0	26884
27994	25103	88	436	381	0	26008
27995	498	92	297	25524	0	26411
27996	354	62	24612	518	0	25546
27997	23192	84	472	336	0	24084
27998	468	24622	297	186	0	25573
27999	346	24498	93	154	0	25091
28000	121	24889	82	178	0	25270
28001	164	662	23479	107	0	24412
28002	104	458	391	22356	0	23309
28003	100	111	22641	439	0	23291
28004	80	656	370	19368	0	20474
28005	69	19090	232	366	0	19757
28006	90	18650	57	293	0	19090
28007	106	485	49	18293	0	18933
28008	18220	227	42	355	0	18844
28009	329	80	34	18608	0	19051
28010	235	76	42	18390	0	18743
28011	89	18524	35	525	0	19173
28012	18285	324	42	265	0	18916
28013	338	18670	49	132	0	19189
28014	266	346	43	18538	0	19193
28015	135	257	53	18222	0	18667
28016	113	18444	41	521	0	19119
28017	106	353	49	18626	0	19134
28018	18382	265	44	438	0	19129
28019	412	130	44	18540	0	19126
28020	315	142	48	18335	0	18840
28021	173	18422	63	512	0	19170
28022	172	371	79	18510	0	19132
28023	17593	290	72	410	0	18365
28024	17693	151	64	306	0	18214
28025	17973	171	42	162	0	18348
28026	594	158	45	17723	0	18520
28027	347	120	17666	465	0	18598
28028	197	141	17778	319	0	18435
28029	199	131	451	17616	0	18397
28030	17666	140	236	392	0	18434
28031	440	150	72	17825	0	18487
28032	18032	167	58	429	0	18686
28033	507	144	67	17954	0	18672
28034	410	125	55	18212	0	18802
28035	18030	135	76	550	0	18791
28036	486	136	17696	317	0	18635
28037	17830	130	311	187	0	18458
28038	457	141	17700	155	0	18453
28039	363	135	315	17382	0	18195
28040	17692	117	242	398	0	18449
28041	445	109	17795	308	0	18657
28042	349	139	17913	161	0	18562
28043	17618	131	490	152	0	18391
28044	441	110	18083	194	0	18828
28045	325	17704	364	197	0	18590
28046	152	359	271	18384	0	19166
28047	19193	248	136	457	0	20034
28048	375	114	19761	366	0	20616
28049	19832	90	375	223	0	20520
28050	20028	107	295	191	0	20621
28051	20136	95	153	182	0	20566
28052	20266	92	96	220	0	20674
28053	542	245	115	19505	0	20407
28054	282	19810	140	439	0	20671
28055	19370	358	120	345	0	20193
28056	335	239	17897	172	0	18643
28057	136	14194	156	123	0	14609
28058	11581	109	169	55	0	11914
28059	59	10577	46	28	0	10710
28060	47	10896	15	24	0	10982
28061	311	101	157	10535	0	11104
28062	23	32	45	10540	0	10640
28063	14	16	12	10623	0	10665
28064	10799	6	7	73	0	10885
28065	11155	7	10	36	0	11208
28066	72	7	13	11730	0	11822
28067	51	6	9	12939	0	13005
28068	24	17	13903	136	0	14080
28069	13619	8	128	84	0	13839
28070	14275	6	84	27	0	14392
28071	214	7	21	14317	0	14559
28072	101	5	11	14500	0	14617
28073	21	9	14492	246	0	14768
28074	25	9	130	14449	0	14613
28075	36	11	15050	157	0	15254
28076	13	15065	147	137	0	15362
28077	30	133	15283	34	0	15480
28078	18	104	143	14701	0	14966
28079	16	17	15559	153	0	15745
28080	23	12	15260	128	0	15423
28081	15115	18	244	25	0	15402
28082	151	9	120	16182	0	16462
28083	124	6	16305	153	0	16588
28084	15490	4	161	124	0	15779
28085	167	8	16614	41	0	16830
28086	139	6	17966	36	0	18147
28087	26	18145	256	33	0	18460
28088	33	137	125	17911	0	18206
28089	26	109	18026	156	0	18317
28090	26	13	17922	111	0	18072
28091	13	36	253	17591	0	17893
28092	20	15	121	17472	0	17628
28093	22	18185	31	281	0	18519
28094	17	154	29	18310	0	18510
28095	18503	109	25	169	0	18806
28096	18179	19	29	148	0	18375
28097	18821	12	27	51	0	18911
28098	259	18	29	18411	0	18717
28099	134	18972	37	187	0	19330
28100	18945	146	30	133	0	19254
28101	161	19101	35	75	0	19372
28102	115	18918	36	64	0	19133
28103	36	18981	41	33	0	19091
28104	18995	242	44	38	0	19319
28105	161	117	44	18782	0	19104
28106	121	33	47	18680	0	18881
28107	25	19032	48	257	0	19362
28108	18804	154	42	140	0	19140
28109	169	119	18789	42	0	19119
28110	119	23	185	18715	0	19042
28111	18735	26	135	179	0	19075
28112	165	19608	54	161	0	19988
28113	20524	155	45	46	0	20770
28114	183	113	43	20471	0	20810
28115	132	21123	44	185	0	21484
28116	61	150	21046	121	0	21378
28117	20355	129	170	43	0	20697
28118	179	34	141	21082	0	21436
28119	21351	31	47	177	0	21606
28120	173	30	44	21223	0	21470
28121	137	21279	36	195	0	21647
28122	48	160	21835	148	0	22191
28123	61	140	21723	48	0	21972
28124	48	98	253	21762	0	22161
28125	21918	40	150	186	0	22294
28126	21735	37	31	144	0	21947
28127	269	25	38	21684	0	22016
28128	155	26	31	21769	0	21981
28129	22097	26	35	281	0	22439
28130	202	31	33	22278	0	22544
28131	22409	44	48	198	0	22699
28132	177	22497	39	163	0	22876
28133	22589	182	49	58	0	22878
28134	212	146	23037	60	0	23455
28135	165	51	189	22807	0	23212
28136	59	49	164	23288	0	23560
28137	76	40	62	23498	0	23676
28138	75	23133	66	323	0	23597
28139	73	22339	63	242	0	22717
28140	66	292	64	23284	0	23706
28141	64	155	23227	232	0	23678
28142	70	56	218	23213	0	23557
28143	63	41	180	23508	0	23792
28144	67	52	65	23761	0	23945
28145	23240	58	94	301	0	23693
28146	199	22504	71	239	0	23013
28147	157	22655	93	106	0	23011
28148	73	330	82	22044	0	22529
28149	90	156	64	22345	0	22655
28150	89	42	58	22464	0	22653
28151	95	45	68	22650	0	22858
28152	22376	39	64	330	0	22809
28153	189	22428	73	300	0	22990
28154	22753	201	69	97	0	23120
28155	23018	164	72	70	0	23324
28156	303	57	63	22868	0	23291
28157	168	67	44	23128	0	23407
28158	23007	50	44	337	0	23438
28159	22634	52	45	211	0	22942
28160	316	50	34	22614	0	23014
28161	187	60	16	22646	0	22909
28162	102	57	22762	357	0	23278
28163	90	22661	159	212	0	23122
28164	86	23031	120	116	0	23353
28165	22378	270	45	62	0	22755
28166	216	128	23096	67	0	23507
28167	135	53	21331	57	0	21576
28168	19335	67	234	49	0	19685
28169	19815	17	111	30	0	19973
28170	87	22017	19	62	0	22185
28171	47	22565	13	54	0	22679
28172	51	85	8	22727	0	22871
28173	24283	40	7	59	0	24389
28174	24242	21	14	44	0	24321
28175	24343	12	4	38	0	24397
28176	88	20	4	24398	0	24510
28177	50	34	9	24479	0	24572
28178	36	10	24793	90	0	24929
28179	42	18	23765	64	0	23889
28180	33	18	24530	33	0	24614
28181	25	325	65	23882	0	24297
28182	23667	15	43	38	0	23763
28183	47	5	24858	41	0	24951
28184	25	6	30	24549	0	24610
28185	13	24995	29	51	0	25088
28186	13	30	7	24338	0	24388
28187	14	22	3	24433	0	24472
28188	27	11	25494	85	0	25617
28189	12	10	63	25242	0	25327
28190	27241	7	53	96	0	27397
28191	105	10	28680	62	0	28857
28192	105	10	93	28582	0	28790
28193	39	7	29979	132	0	30157
28194	15	30237	114	138	0	30504
28195	40	106	30555	35	0	30736
28196	18	137	132	29104	0	29391
28197	12	32	117	29907	0	30068
28198	33	22	31390	264	0	31709
28199	5	16	108	30533	0	30662
28200	14	24	121	29919	0	30078
28201	22	31014	26	233	0	31295
28202	43	115	31486	150	0	31794
28203	17	125	115	30913	0	31170
28204	17	38	117	30920	0	31092
28205	11	31817	27	248	0	32103
28206	13	154	14	32044	0	32225
28207	32003	122	17	158	0	32300
28208	133	24	15	32160	0	32332
28209	136	18	32712	165	0	33031
28210	32037	22	144	142	0	32345
28211	34101	10	145	53	0	34309
28212	291	18	35017	43	0	35369
28213	33896	19	171	40	0	34126
28214	181	35217	173	49	0	35620
28215	182	162	50	35509	0	35903
28216	40	170	28	39594	0	39832
28217	32	43	34	39163	0	39272
28218	25	42	37	40131	0	40235
28219	22	17	23	40650	0	40712
28220	40438	17	29	480	0	40964
28221	258	22	40304	278	0	40862
28222	39104	11	263	88	0	39466
28223	303	22	39877	96	0	40298
28224	221	17	281	39387	0	39906
28225	39735	30	229	287	0	40281
28226	263	21	73	39446	0	39803
28227	234	40242	54	336	0	40866
28228	41126	235	58	263	0	41682
28229	273	229	66	42703	0	43271
28230	268	79	41968	312	0	42627
28231	40405	15	286	283	0	40989
28232	252	44295	255	195	0	44997
28233	262	260	45267	98	0	45887
28234	74	270	298	44062	0	44704
28235	49	100	298	42805	0	43252
28236	55	44558	99	541	0	45253
28237	89	263	44615	375	0	45342
28238	58	292	291	44109	0	44750
28239	79	105	46009	368	0	46561
28240	45	46	348	45415	0	45854
28241	42	41	307	45504	0	45894
28242	85	43	46296	615	0	47039
28243	55	47	333	45873	0	46308
28244	95	73	376	43693	0	44237
28245	75	42	117	47631	0	47865
28246	61	43	74	48368	0	48546
28247	47218	38	96	702	0	48054
28248	374	34	47014	458	0	47880
28249	48700	46	353	203	0	49302
28250	399	51	374	49597	0	50421
28251	380	60	123	50352	0	50915
28252	139	68	88	50270	0	50565
28253	93	50595	112	844	0	51644
28254	51004	387	93	503	0	51987
28255	396	376	89	53870	0	54731
28256	381	54649	106	499	0	55635
28257	127	339	111	55026	0	55603
28258	55156	355	100	553	0	56164
28259	53920	127	124	506	0	54677
28260	54868	86	112	241	0	55307
28261	709	55520	143	276	0	56648
28262	450	355	56475	272	0	57552
28263	54839	370	398	244	0	55851
28264	56700	117	402	233	0	57452
28265	711	57490	160	288	0	58649
28266	56980	376	112	226	0	57694
28267	55602	384	127	246	0	56359
28268	57163	97	136	253	0	57649
28269	811	59766	112	305	0	60994
28270	504	383	136	59553	0	60576
28271	59898	361	133	550	0	60942
28272	61043	134	100	545	0	61822
28273	59880	92	115	313	0	60400
28274	60543	77	126	278	0	61024
28275	882	93	117	59940	0	61032
28276	542	137	60477	608	0	61764
28277	218	120	458	60233	0	61029
28278	196	61557	450	676	0	62879
28279	189	447	149	63303	0	64088
28280	219	454	63649	708	0	65030
28281	63260	159	515	626	0	64560
28282	633	72	500	64855	0	66060
28283	64270	111	189	712	0	65282
28284	64423	148	165	673	0	65409
28285	944	123	142	65927	0	67136
28286	688	90	67305	750	0	68833
28287	436	95	65075	615	0	66221
28288	62356	159	854	346	0	63715
28289	627	65401	507	319	0	66854
28290	551	63666	166	295	0	64678
28291	322	64093	102	283	0	64800
28292	346	65940	176	237	0	66699
28293	63981	809	263	234	0	65287
28294	63438	438	113	209	0	64198
28295	63195	133	135	186	0	63649
28296	63715	121	89	235	0	64160
28297	839	172	116	62640	0	63767
28298	481	63106	100	600	0	64287
28299	62849	435	180	457	0	63921
28300	599	363	64393	233	0	65588
28301	500	64030	439	384	0	65353
28302	275	437	64316	255	0	65283
28303	61886	366	528	274	0	63054
28304	63305	108	442	235	0	64090
28305	63299	108	147	266	0	63820
28306	809	147	144	64029	0	65129
28307	539	84	64537	569	0	65729
28308	274	64191	437	602	0	65504
28309	62447	401	388	244	0	63480
28310	504	62907	155	333	0	63899
28311	480	60817	70	274	0	61641
28312	266	60991	65	242	0	61564
28313	242	61325	89	258	0	61914
28314	278	614	60624	157	0	61673
28315	247	60125	371	247	0	60990
28316	55646	394	377	145	0	56562
28317	370	240	65	55372	0	56047
28318	312	113	58	55808	0	56291
28319	55792	95	47	457	0	56391
28320	376	55595	63	378	0	56412
28321	374	292	57799	135	0	58600
28322	196	251	268	56571	0	57286
28323	208	111	237	56628	0	57184
28324	207	98	89	58032	0	58426
28325	218	92	58001	463	0	58774
28326	228	104	57705	256	0	58293
28327	204	99	437	57921	0	58661
28328	225	104	58301	282	0	58912
28329	206	116	55637	235	0	56194
28330	48835	103	489	119	0	49546
28331	375	55864	231	177	0	56647
28332	287	53796	79	109	0	54271
28333	222	56111	88	117	0	56538
28334	238	538	85	54758	0	55619
28335	169	57287	69	252	0	57777
28336	57855	298	110	214	0	58477
28337	371	242	58664	113	0	59390
28338	58404	143	325	97	0	58969
28339	374	113	227	58999	0	59713
28340	337	133	88	59775	0	60333
28341	161	62398	77	464	0	63100
28342	62060	346	107	285	0	62798
28343	61654	269	142	118	0	62183
28344	614	66814	92	164	0	67684
28345	312	427	81	65758	0	66578
28346	209	332	66450	373	0	67364
28347	188	121	67075	351	0	67735
28348	124	68214	628	201	0	69167
28349	67891	508	424	162	0	68985
28350	477	325	68307	58	0	69167
28351	450	111	396	66939	0	67896
28352	67942	95	370	374	0	68781
28353	67834	82	88	377	0	68381
28354	741	85085	93	128	0	86047
28355	449	88823	79	143	0	89494
28356	89636	1101	75	57	0	90869
28357	699	651	90066	74	0	91490
28358	88623	181	657	65	0	89526
28359	89144	113	585	55	0	89897
28360	1215	134	123	89766	0	91238
28361	728	107	91261	678	0	92774
28362	246	107	89116	583	0	90052
28363	87625	86	1368	140	0	89219
28364	833	149	90840	100	0	91922
28365	84021	164	879	81	0	85145
28366	87891	85	642	78	0	88696
28367	1210	89194	168	206	0	90778
28368	815	692	89150	101	0	90758
28369	177	87227	717	126	0	88247
28370	85463	784	625	107	0	86979
28371	765	680	84719	72	0	86236
28372	653	237	728	81686	0	83304
28373	236	121	83864	684	0	84905
28374	235	103	83264	591	0	84193
28375	237	102	83719	110	0	84168
28376	250	115	83268	103	0	83736
28377	189	82327	1280	237	0	84033
28378	244	737	81723	161	0	82865
28379	169	80665	768	197	0	81799
28380	324	726	79721	103	0	80874
28381	77126	610	876	76	0	78688
28382	912	231	706	69250	0	71099
28383	756	78706	288	522	0	80272
28384	77583	676	226	521	0	79006
28385	76337	695	314	133	0	77479
28386	73612	286	311	125	0	74334
28387	75983	177	298	76	0	76534
28388	1330	76331	351	172	0	78184
28389	73816	745	281	89	0	74931
28390	75068	641	323	137	0	76169
28391	1305	74066	315	306	0	75992
28392	851	748	72120	114	0	73833
28393	364	774	867	70187	0	72192
28394	368	73224	876	653	0	75121
28395	352	790	73544	584	0	75270
28396	470	710	73213	210	0	74603
28397	367	72578	1480	202	0	74627
28398	332	72408	990	178	0	73908
28399	384	74633	517	176	0	75710
28400	393	74016	447	191	0	75047
28401	72868	1484	475	106	0	74933
28402	71513	968	547	152	0	73180
28403	1576	438	74485	232	0	76731
28404	1073	365	74733	142	0	76313
28405	612	366	1608	72019	0	74605
28406	586	337	1167	71704	0	73794
28407	603	414	592	73739	0	75348
28408	73476	377	507	1265	0	75625
28409	1206	73610	515	1049	0	76380
28410	1172	75606	554	313	0	77645
28411	707	77127	574	270	0	78678
28412	75458	1710	539	154	0	77861
28413	75642	1080	608	154	0	77484
28414	1958	589	598	74088	0	77233
28415	76636	487	639	831	0	78593
28416	75953	515	616	762	0	77846
28417	2032	579	567	75771	0	78949
28418	76497	653	705	907	0	78762
28419	1417	76219	802	904	0	79342
28420	1456	1275	848	75735	0	79314
28421	970	1162	74634	910	0	77676
28422	747	74552	1655	959	0	77913
28423	951	1297	75482	376	0	78106
28424	916	1271	1599	70313	0	74099
28425	783	74624	1635	1002	0	78044
28426	951	1248	1198	72809	0	76206
28427	864	1251	996	73901	0	77012
28428	961	725	73650	1592	0	76928
28429	819	638	76442	1020	0	78919
28430	888	683	2119	74865	0	78555
28431	882	764	1621	68819	0	72086
28432	848	76358	1009	1547	0	79762
28433	72405	1390	924	914	0	75633
28434	1558	74201	857	456	0	77072
28435	1484	73981	831	440	0	76736
28436	939	1981	72180	435	0	75535
28437	679	72140	1408	538	0	74765
28438	844	1513	1570	65648	0	69575
28439	783	70548	931	996	0	73258
28440	711	1505	787	66133	0	69136
28441	533	68420	866	1054	0	70873
28442	66665	1440	791	892	0	69788
28443	1309	67760	836	482	0	70387
28444	1135	1525	661	57703	0	61024
28445	647	62534	727	955	0	64863
28446	61211	1345	729	738	0	64023
28447	59981	1326	492	425	0	62224
28448	1744	60343	461	429	0	62977
28449	58008	1278	412	308	0	60006
28450	1321	2159	402	55382	0	59264
28451	1074	636	56266	981	0	58957
28452	858	610	56687	739	0	58894
28453	614	56061	1573	410	0	58658
28454	35838	654	1062	161	0	37715
28455	34521	403	187	118	0	35229
28456	646	169	34537	113	0	35465
28457	358	159	33802	110	0	34429
28458	31955	157	555	112	0	32779
28459	32894	143	275	120	0	33432
28460	553	155	32600	111	0	33419
28461	30628	165	350	117	0	31260
28462	349	31130	279	118	0	31876
28463	236	31780	101	121	0	32238
28464	108	563	122	30709	0	31502
28465	128	308	140	31167	0	31743
28466	31149	174	71	489	0	31883
28467	30558	137	89	292	0	31076
28468	30595	152	87	145	0	30979
28469	505	147	103	30529	0	31284
28470	284	130	112	30422	0	30948
28471	123	30176	100	539	0	30938
28472	121	30448	100	318	0	30987
28473	122	31153	79	192	0	31546
28474	135	553	84	29113	0	29885
28475	138	30788	95	331	0	31352
28476	147	418	30074	256	0	30895
28477	27795	344	312	131	0	28582
28478	369	200	30062	107	0	30738
28479	307	185	29776	127	0	30395
28480	28378	197	467	123	0	29165
28481	369	29530	252	133	0	30284
28482	29483	403	115	128	0	30129
28483	29277	345	123	151	0	29896
28484	531	197	29713	138	0	30579
28485	340	176	29962	129	0	30607
28486	188	30027	469	171	0	30855
28487	206	401	30535	131	0	31273
28488	199	348	344	29925	0	30816
28489	187	218	315	28436	0	29156
28490	163	30624	151	485	0	31423
28491	175	31164	128	313	0	31780
28492	30722	615	121	157	0	31615
28493	31267	395	127	134	0	31923
28494	559	245	145	31192	0	32141
28495	365	231	148	31857	0	32601
28496	31590	192	159	540	0	32481
28497	30995	224	144	310	0	31673
28498	569	32070	153	193	0	32985
28499	30253	417	134	116	0	30920
28500	475	29647	109	103	0	30334
28501	359	30353	127	86	0	30925
28502	29970	564	162	90	0	30786
28503	29317	344	140	102	0	29903
28504	556	213	119	29264	0	30152
28505	29268	187	136	299	0	29890
28506	441	182	29471	247	0	30341
28507	371	29538	286	143	0	30338
28508	29204	364	242	139	0	29949
28509	443	273	29441	130	0	30287
28510	291	470	282	26133	0	27176
28511	191	27022	236	237	0	27686
28512	220	27179	116	203	0	27718
28513	27087	363	153	93	0	27696
28514	316	242	26810	89	0	27457
28515	24802	100	209	63	0	25174
28516	289	94	191	25447	0	26021
28517	243	103	25285	175	0	25806
28518	24839	86	228	147	0	25300
28519	248	26201	191	80	0	26720
28520	220	26806	96	58	0	27180
28521	26930	302	160	64	0	27456
28522	26371	173	88	77	0	26709
28523	26603	93	47	87	0	26830
28524	351	148	61	26281	0	26841
28525	256	132	71	26337	0	26796
28526	159	63	26568	255	0	27045
28527	138	91	26139	172	0	26540
28528	114	26475	235	118	0	26942
28529	96	318	133	23694	0	24241
28530	23477	92	43	122	0	23734
28531	133	23643	30	141	0	23947
28532	102	129	37	23740	0	24008
28533	23722	96	39	140	0	23997
28534	139	23882	33	105	0	24159
28535	114	24983	21	71	0	25189
28536	99	182	24797	35	0	25113
28537	23155	134	143	45	0	23477
28538	24346	43	117	47	0	24553
28539	205	51	24448	28	0	24732
28540	22270	35	110	20	0	22435
28541	129	33	24074	41	0	24277
28542	93	23639	91	41	0	23864
28543	138	168	124	23099	0	23529
28544	23098	68	58	86	0	23310
28545	108	23018	18	67	0	23211
28546	69	23050	27	30	0	23176
28547	22481	103	21	25	0	22630
28548	95	57	24285	19	0	24456
28549	23088	39	65	15	0	23207
28550	69	24265	59	48	0	24441
28551	53	60	23817	14	0	23944
28552	22717	50	54	14	0	22835
28553	23492	18	28	17	0	23555
28554	74	10	15	23536	0	23635
28555	42	17	8	23750	0	23817
28556	17	23829	8	119	0	23973
28557	25	56	24172	38	0	24291
28558	14	41	50	23871	0	23976
28559	28	17	25098	80	0	25223
28560	26	8	25164	48	0	25246
28561	24	7	103	26400	0	26534
28562	33	14	27501	107	0	27655
28563	28	14	27363	63	0	27468
28564	27	16	155	26806	0	27004
28565	31	15	27774	97	0	27917
28566	24956	22	121	70	0	25169
28567	100	27486	68	72	0	27726
28568	95	95	28596	17	0	28803
28569	67	70	30144	14	0	30295
28570	28	29	170	29327	0	29554
28571	30716	10	79	110	0	30915
28572	29962	14	38	71	0	30085
28573	30320	15	20	33	0	30388
28574	30617	14	17	24	0	30672
28575	171	10	15	30257	0	30453
28576	83	22	31232	105	0	31442
28577	30467	19	103	80	0	30669
28578	30720	19	72	34	0	30845
28579	31017	22	34	29	0	31102
28580	188	28	31011	18	0	31245
28581	28097	27	129	24	0	28277
28582	121	26	93	31994	0	32234
28583	88	32576	47	131	0	32842
28584	40	151	27	32039	0	32257
28585	22	32713	48	164	0	32947
28586	32935	157	50	108	0	33250
28587	188	88	33650	51	0	33977
28588	93	66	192	32607	0	32958
28589	43	33651	132	156	0	33982
28590	19	34162	62	117	0	34360
28591	34075	268	48	51	0	34442
28592	33743	133	51	35	0	33962
28593	289	45	33129	31	0	33494
28594	32781	27	205	27	0	33040
28595	228	16	131	33339	0	33714
28596	155	11	35130	187	0	35483
28597	83	15	34744	119	0	34961
28598	56	11	286	35680	0	36033
28599	38147	12	147	203	0	38509
28600	254	22	53	37445	0	37774
28601	187	20	26	37649	0	37882
28602	77	24	39	37675	0	37815
28603	51	38529	47	383	0	39010
28604	64	205	38	38921	0	39228
28605	38218	149	59	281	0	38707
28606	241	38256	47	252	0	38796
28607	177	231	42	38628	0	39078
28608	38411	162	36	249	0	38858
28609	246	37866	46	200	0	38358
28610	167	38426	50	99	0	38742
28611	88	394	38	38369	0	38889
28612	37600	227	48	250	0	38125
28613	269	79	37986	187	0	38521
28614	214	36	37621	71	0	37942
28615	36823	45	412	51	0	37331
28616	38839	37	244	56	0	39176
28617	436	40309	82	82	0	40909
28618	269	271	69	39081	0	39690
28619	132	215	39433	262	0	40042
28620	104	60	38574	240	0	38978
28621	98	33	41529	101	0	41761
28622	76	40971	534	142	0	41723
28623	75	41456	308	113	0	41952
28624	41041	450	126	84	0	41701
28625	331	267	41336	94	0	42028
28626	40123	82	336	89	0	40630
28627	40848	57	266	103	0	41274
28628	570	53	42282	110	0	43015
28629	290	43396	332	125	0	44143
28630	157	355	281	42564	0	43357
28631	105	264	43743	357	0	44469
28632	111	134	42482	287	0	43014
28633	40889	81	534	127	0	41631
28634	384	43191	285	136	0	43996
28635	353	376	95	40854	0	41678
28636	163	284	88	41139	0	41674
28637	120	42040	79	555	0	42794
28638	125	42688	96	329	0	43238
28639	156	43217	114	132	0	43619
28640	133	611	93	44274	0	45111
28641	45806	320	99	409	0	46634
28642	474	123	108	46504	0	47209
28643	413	90	46346	476	0	47325
28644	176	84	46235	370	0	46865
28645	140	112	690	46279	0	47221
28646	139	104	47060	480	0	47783
28647	112	46796	509	431	0	47848
28648	132	447	370	47396	0	48345
28649	50425	331	160	544	0	51460
28650	50223	154	131	379	0	50887
28651	852	51349	108	229	0	52538
28652	51624	602	121	130	0	52477
28653	51572	410	119	158	0	52259
28654	52257	139	122	162	0	52680
28655	961	170	50183	142	0	51456
28656	49601	118	578	162	0	50459
28657	649	51208	402	249	0	52508
28658	430	566	50871	141	0	52008
28659	240	409	51099	124	0	51872
28660	161	50538	860	201	0	51760
28661	49202	597	505	143	0	50447
28662	646	423	174	47501	0	48744
28663	400	48178	138	561	0	49277
28664	48636	536	116	409	0	49697
28665	577	393	108	48756	0	49834
28666	49354	171	139	604	0	50268
28667	607	139	122	49896	0	50764
28668	455	112	48981	648	0	50196
28669	241	143	47503	419	0	48306
28670	199	164	48237	171	0	48771
28671	155	173	889	45774	0	46991
28672	196	149	448	48155	0	48948
28673	213	168	48122	870	0	49373
28674	194	47971	598	524	0	49287
28675	48167	617	449	178	0	49411
28676	48080	457	218	120	0	48875
28677	976	49464	238	167	0	50845
28678	556	705	195	49787	0	51243
28679	317	455	50716	643	0	52131
28680	48836	216	735	424	0	50211
28681	785	192	51034	196	0	52207
28682	545	165	48518	151	0	49379
28683	290	140	49369	102	0	49901
28684	46838	155	1060	96	0	48149
28685	705	167	48332	132	0	49336
28686	469	46743	685	151	0	48048
28687	243	47331	477	162	0	48213
28688	260	855	257	44595	0	45967
28689	180	424	232	45742	0	46578
28690	191	142	45813	806	0	46952
28691	43559	199	630	445	0	44833
28692	45717	124	479	160	0	46480
28693	875	137	203	45856	0	47071
28694	45887	129	181	574	0	46771
28695	655	45682	183	473	0	46993
28696	44494	561	176	208	0	45439
28697	658	44148	188	169	0	45163
28698	439	43791	167	187	0	44584
28699	41829	790	227	131	0	42977
28700	41292	377	203	149	0	42021
28701	42292	147	214	122	0	42775
28702	42825	127	206	141	0	43299
28703	932	126	41292	123	0	42473
28704	40820	138	600	103	0	41661
28705	648	158	438	40210	0	41454
28706	425	41218	242	562	0	42447
28707	40826	557	207	365	0	41955
28708	627	41197	207	176	0	42207
28709	41128	559	212	142	0	42041
28710	679	381	218	40490	0	41768
28711	490	181	178	41206	0	42055
28712	288	135	40687	791	0	41901
28713	337	145	41065	405	0	41952
28714	251	41113	824	227	0	42415
28715	39592	556	439	179	0	40766
28716	640	39813	222	175	0	40850
28717	450	39096	177	280	0	40003
28718	309	40310	178	184	0	40981
28719	386	778	39335	136	0	40635
28720	285	39467	573	159	0	40484
28721	36412	613	398	140	0	37563
28722	36047	333	207	130	0	36717
28723	819	181	178	35296	0	36474
28724	446	35699	169	501	0	36815
28725	272	36274	165	345	0	37056
28726	290	730	152	35870	0	37042
28727	279	382	36248	515	0	37424
28728	267	35253	538	341	0	36399
28729	328	601	345	34160	0	35434
28730	33369	325	226	515	0	34435
28731	33292	162	192	317	0	33963
28732	690	34253	204	219	0	35366
28733	33191	512	199	1335	0	35237
28734	34038	341	200	164	0	34743
28735	752	227	177	33746	0	34902
28736	440	193	33558	515	0	34706
28737	243	34206	544	373	0	35366
28738	223	715	390	33598	0	34926
28739	243	353	33540	462	0	34598
28740	219	32203	459	280	0	33161
28741	29896	491	350	158	0	30895
28742	29749	302	134	104	0	30289
28743	591	183	135	29638	0	30547
28744	318	30309	130	403	0	31160
28745	221	464	30270	229	0	31184
28746	194	379	437	29397	0	30407
28747	212	192	30162	371	0	30937
28748	151	27743	332	253	0	28479
28749	345	430	288	23714	0	24777
28750	23617	163	90	202	0	24072
28751	247	23344	65	141	0	23797
28752	22914	222	90	62	0	23288
28753	22433	164	45	79	0	22721
28754	326	23072	60	92	0	23550
28755	201	227	50	22796	0	23274
28756	162	243	48	22548	0	23001
28757	119	22452	43	251	0	22865
28758	113	22801	46	175	0	23135
28759	155	297	53	21639	0	22144
28760	102	22294	54	259	0	22709
28761	22316	227	60	102	0	22705
28762	21693	165	39	67	0	21964
28763	299	106	22016	58	0	22479
28764	209	92	21949	57	0	22307
28765	20599	109	234	60	0	21002
28766	21346	98	116	46	0	21606
28767	239	21964	62	65	0	22330
28768	21673	180	70	71	0	21994
28769	21294	160	49	41	0	21544
28770	270	21277	46	77	0	21670
28771	21542	188	28	65	0	21823
28772	228	170	48	24738	0	25184
28773	144	136	41	25912	0	26233
28774	108	86	28020	405	0	28619
28775	77	27462	247	236	0	28022
28776	54	28083	188	127	0	28452
28777	26821	601	223	169	0	27814
28778	26619	220	53	43	0	26935
28779	26563	64	36	45	0	26708
28780	27018	38	30	32	0	27118
28781	413	42	27026	35	0	27516
28782	191	42	27177	23	0	27433
28783	54	27388	342	40	0	27824
28784	48	241	174	26851	0	27314
28785	37	212	49	25876	0	26174
28786	37	27478	23	327	0	27865
28787	48	252	22	27032	0	27354
28788	26789	175	27	254	0	27245
28789	259	27198	25	194	0	27676
28790	209	250	27986	50	0	28495
28791	53	28269	227	54	0	28603
28792	27997	258	166	30	0	28451
28793	269	188	27920	35	0	28412
28794	26939	53	270	43	0	27305
28795	27513	45	175	36	0	27769
28796	411	39	27595	33	0	28078
28797	203	38	27456	29	0	27726
28798	80	43	27129	20	0	27272
28799	25347	45	378	28	0	25798
28800	283	31	27245	33	0	27592
28801	186	26708	230	88	0	27212
28802	26508	220	171	21	0	26920
28803	257	173	26563	22	0	27015
28804	25556	57	242	33	0	25888
28805	277	44	26515	37	0	26873
28806	226	29	27265	37	0	27557
28807	73	27490	376	67	0	28006
28808	86	253	27689	26	0	28054
28809	100	188	27137	42	0	27467
28810	61	26046	380	95	0	26582
28811	26400	254	204	32	0	26890
28812	272	188	26989	32	0	27481
28813	209	69	247	24827	0	25352
28814	96	26991	193	197	0	27477
28815	26767	233	95	175	0	27270
28816	26336	199	90	62	0	26687
28817	427	82	26696	46	0	27251
28818	234	26053	285	44	0	26616
28819	90	26170	261	48	0	26569
28820	125	418	92	24982	0	25617
28821	117	25942	81	238	0	26378
28822	161	292	108	25043	0	25604
28823	145	242	77	25863	0	26327
28824	125	26364	123	391	0	27003
28825	155	269	115	25917	0	26456
28826	122	26336	149	334	0	26941
28827	149	314	26100	199	0	26762
28828	136	308	319	25353	0	26116
28829	146	174	258	24768	0	25346
28830	161	25813	141	400	0	26515
28831	195	26180	137	231	0	26743
28832	194	484	119	24613	0	25410
28833	174	25628	161	342	0	26305
28834	25455	360	169	225	0	26209
28835	350	274	190	25086	0	25900
28836	285	25923	162	273	0	26643
28837	25008	341	135	244	0	25728
28838	358	25143	180	126	0	25807
28839	320	363	24972	105	0	25760
28840	207	305	372	24543	0	25427
28841	24774	172	336	302	0	25584
28842	408	140	25158	221	0	25927
28843	275	211	437	23802	0	24725
28844	218	24668	330	279	0	25495
28845	243	345	24551	214	0	25353
28846	189	24980	411	118	0	25698
28847	23977	345	360	75	0	24757
28848	23814	287	294	66	0	24461
28849	545	24188	256	77	0	25066
28850	24164	336	308	74	0	24882
28851	392	278	24156	74	0	24900
28852	336	183	461	23387	0	24367
28853	180	185	408	22933	0	23706
28854	201	23866	256	426	0	24749
28855	25063	383	270	203	0	25919
28856	25767	307	225	74	0	26373
28857	490	188	25905	75	0	26658
28858	25471	176	437	68	0	26152
28859	25474	201	363	57	0	26095
28860	25644	163	285	77	0	26169
28861	529	201	212	25257	0	26199
28862	299	192	240	25023	0	25754
28863	182	25594	199	431	0	26406
28864	24795	443	193	214	0	25645
28865	24494	285	182	160	0	25121
28866	465	25083	158	127	0	25833
28867	259	460	162	24190	0	25071
28868	165	24719	106	336	0	25326
28869	149	25373	148	221	0	25891
28870	24698	504	186	165	0	25553
28871	351	402	24316	136	0	25205
28872	435	163	19898	63	0	20559
28873	98	19732	199	97	0	20126
28874	17061	156	224	55	0	17496
28875	101	133	17032	51	0	17317
28876	83	16565	86	60	0	16794
28877	15397	81	41	29	0	15548
28878	71	57	15159	31	0	15318
28879	39	40	48	14916	0	15043
28880	16007	33	47	69	0	16156
28881	81	35	16529	37	0	16682
28882	59	29	17287	33	0	17408
28883	31	27	17851	27	0	17936
28884	26	28	17775	21	0	17850
28885	16757	27	128	24	0	16936
28886	18052	27	47	14	0	18140
28887	98	18314	13	36	0	18461
28888	44	87	8	18995	0	19134
28889	15	48	9	19535	0	19607
28890	17	19563	5	141	0	19726
28891	14	126	5	19467	0	19612
28892	11	20263	11	141	0	20426
28893	13	20511	6	65	0	20595
28894	15	174	21	20322	0	20532
28895	11	85	20665	131	0	20892
28896	12	20663	110	94	0	20879
28897	13	110	73	20573	0	20769
28898	20724	74	26	119	0	20943
28899	129	25	20642	74	0	20870
28900	19861	17	124	26	0	20028
28901	20447	20	82	14	0	20563
28902	199	13	28	21385	0	21625
28903	108	14	22588	148	0	22858
28904	52	11	22820	99	0	22982
28905	23	24147	249	49	0	24468
28906	16	192	124	23547	0	23879
28907	28	107	23739	168	0	24042
28908	32	37	24132	113	0	24314
28909	9	24412	265	76	0	24762
28910	24076	178	136	27	0	24417
28911	24120	122	52	7	0	24301
28912	288	54	20	25621	0	25983
28913	153	18	26980	193	0	27344
28914	52	14	27498	156	0	27720
28915	20	28576	329	97	0	29022
28916	46	206	28987	24	0	29263
28917	64	162	28608	21	0	28855
28918	25	65	360	27700	0	28150
28919	29	26	28858	233	0	29146
28920	27403	19	253	157	0	27832
28921	208	25	158	28839	0	29230
28922	160	23	29779	232	0	30194
28923	50	30043	219	188	0	30500
28924	21	217	174	29909	0	30321
28925	43	159	30463	225	0	30890
28926	29	31479	223	245	0	31976
28927	27	262	184	30164	0	30637
28928	20	31750	64	228	0	32062
28929	20	277	45	31253	0	31595
28930	31	211	57	31449	0	31748
28931	38	63	31644	397	0	32142
28932	23	31800	261	259	0	32343
28933	35	266	203	31436	0	31940
28934	32	194	97	30621	0	30944
28935	30	67	61	32056	0	32214
28936	53	60	31589	418	0	32120
28937	25	31480	275	284	0	32064
28938	32	258	227	31467	0	31984
28939	39	196	31604	257	0	32096
28940	37	31538	282	275	0	32132
28941	39	257	230	31433	0	31959
28942	60	200	32165	272	0	32697
28943	35	32113	284	275	0	32707
28944	35	284	243	30636	0	31198
28945	37	213	121	32125	0	32496
28946	52	110	33232	433	0	33827
28947	31190	70	350	267	0	31877
28948	243	33188	240	128	0	33799
28949	33343	278	114	102	0	33837
28950	289	218	33821	112	0	34440
28951	33377	107	327	93	0	33904
28952	288	97	259	32600	0	33244
28953	193	87	151	34078	0	34509
28954	92	84	33965	464	0	34605
28955	30971	101	328	306	0	31706
28956	31750	85	282	159	0	32276
28957	406	32095	132	173	0	32806
28958	217	33070	114	173	0	33574
28959	33060	473	150	109	0	33792
28960	284	294	33211	145	0	33934
28961	203	34534	356	175	0	35268
28962	85	308	311	34347	0	35051
28963	66	268	164	35163	0	35661
28964	71	102	35258	506	0	35937
28965	33726	117	385	323	0	34551
28966	305	104	36351	183	0	36943
28967	35693	80	444	135	0	36352
28968	347	107	37972	140	0	38566
28969	243	37942	416	172	0	38773
28970	37974	341	377	143	0	38835
28971	37781	308	182	141	0	38412
28972	37487	124	159	174	0	37944
28973	37883	101	207	139	0	38330
28974	541	132	160	37695	0	38528
28975	309	113	38229	410	0	39061
28976	131	135	433	37022	0	37721
28977	92	38367	345	408	0	39212
28978	93	333	186	38504	0	39116
28979	94	305	38206	423	0	39028
28980	91	134	38004	318	0	38547
28981	107	206	548	36885	0	37746
28982	36374	140	415	369	0	37298
28983	35349	113	185	332	0	35979
28984	35779	112	169	169	0	36229
28985	496	133	36617	177	0	37423
28986	285	93	37157	173	0	37708
28987	115	37066	509	158	0	37848
28988	89	36333	289	129	0	36840
28989	35198	461	222	130	0	36011
28990	34977	258	137	126	0	35498
28991	375	36757	124	171	0	37427
28992	36121	264	113	107	0	36605
28993	35719	242	96	91	0	36148
28994	386	36340	76	169	0	36971
28995	36803	260	112	116	0	37291
28996	36307	235	98	117	0	36757
28997	386	37211	104	196	0	37897
28998	37334	250	107	120	0	37811
28999	36498	232	127	123	0	36980
29000	433	96	37581	93	0	38203
29001	272	78	37505	113	0	37968
29002	104	36833	374	109	0	37420
29003	83	36458	231	117	0	36889
29004	35744	393	393	116	0	36646
29005	34249	170	92	115	0	34626
29006	34088	63	114	58	0	34323
29007	308	34837	78	108	0	35331
29008	169	180	69	35134	0	35552
29009	111	143	35744	173	0	36171
29010	102	223	180	34464	0	34969
29011	97	35655	157	161	0	36070
29012	34395	136	78	111	0	34720
29013	156	33681	54	75	0	33966
29014	152	155	58	33207	0	33572
29015	34693	115	37	136	0	34981
29016	34254	43	52	109	0	34458
29017	307	45	35215	20	0	35587
29018	35031	40	136	27	0	35234
29019	36744	44	140	36	0	36964
29020	37396	53	76	33	0	37558
29021	339	87	42	36419	0	36887
29022	238	36828	36	157	0	37259
29023	115	166	39	37498	0	37818
29024	98	205	38758	167	0	39228
29025	78	39275	182	267	0	39802
29026	68	189	172	38107	0	38536
29027	79	188	38646	168	0	39081
29028	71	38511	168	207	0	38957
29029	85	204	196	37670	0	38155
29030	91	201	38423	159	0	38874
29031	34232	76	228	222	0	34758
29032	227	36	38890	61	0	39214
29033	240	52	38943	46	0	39281
29034	87	39500	338	81	0	40006
29035	77	212	216	38932	0	39437
29036	93	246	72	37781	0	38192
29037	94	39384	57	367	0	39902
29038	106	210	40	40194	0	40550
29039	40513	201	26	208	0	40948
29040	39959	64	46	200	0	40269
29041	437	64	40611	71	0	41183
29042	39497	58	248	48	0	39851
29043	40201	52	223	63	0	40539
29044	442	79	41571	47	0	42139
29045	270	41664	233	76	0	42243
29046	120	41101	208	69	0	41498
29047	151	484	83	36948	0	37666
29048	98	40959	56	230	0	41343
29049	141	272	40243	157	0	40813
29050	136	232	40083	57	0	40508
29051	92	41240	418	75	0	41825
29052	40854	263	260	37	0	41414
29053	40992	276	75	49	0	41392
29054	41572	112	53	85	0	41822
29055	41311	89	71	65	0	41536
29056	41200	105	65	47	0	41417
29057	462	41297	74	91	0	41924
29058	306	286	40985	57	0	41634
29059	133	267	250	40598	0	41248
29060	40368	98	244	260	0	40970
29061	289	39519	102	296	0	40206
29062	280	362	49	39122	0	39813
29063	167	217	39330	264	0	39978
29064	100	38691	259	242	0	39292
29065	83	39015	233	103	0	39434
29066	37477	567	172	200	0	38416
29067	232	37822	51	63	0	38168
29068	248	265	54	35945	0	36512
29069	35985	188	49	224	0	36446
29070	34994	100	40	180	0	35314
29071	35558	58	37	71	0	35724
29072	419	43	35906	59	0	36427
29073	253	35958	201	53	0	36465
29074	36609	220	204	43	0	37076
29075	235	213	71	36029	0	36548
29076	36500	94	46	205	0	36845
29077	262	36006	69	200	0	36537
29078	37325	235	63	64	0	37687
29079	40176	236	35	40	0	40487
29080	487	86	50	39915	0	40538
29081	306	99	41965	289	0	42659
29082	123	91	322	42457	0	42993
29083	42314	73	285	362	0	43034
29084	42418	89	98	285	0	42890
29085	613	42163	58	143	0	42977
29086	41063	348	66	64	0	41541
29087	410	41578	61	145	0	42194
29088	41535	373	69	47	0	42024
29089	40843	318	62	69	0	41292
29090	591	111	41651	84	0	42437
29091	335	41536	339	77	0	42287
29092	122	374	284	40877	0	41657
29093	121	299	102	41426	0	41948
29094	130	153	81	40243	0	40607
29095	87	41209	70	747	0	42113
29096	127	346	41472	329	0	42274
29097	136	354	41769	80	0	42339
29098	105	50132	566	143	0	50946
29099	50222	474	346	91	0	51133
29100	583	427	50395	112	0	51517
29101	49444	174	488	88	0	50194
29102	610	50023	415	151	0	51199
29103	545	516	50739	88	0	51888
29104	238	439	477	50342	0	51496
29105	167	175	51669	531	0	52542
29106	184	132	52780	437	0	53533
29107	237	149	860	47667	0	48913
29108	181	50669	495	443	0	51788
29109	171	51627	147	414	0	52359
29110	51372	879	113	114	0	52478
29111	629	520	51281	115	0	52545
29112	50468	181	507	90	0	51246
29113	51390	149	475	94	0	52108
29114	869	51724	163	140	0	52896
29115	49819	520	154	72	0	50565
29116	49257	446	85	90	0	49878
29117	47900	155	91	68	0	48214
29118	911	47722	82	102	0	48817
29119	498	44732	89	92	0	45411
29120	236	46332	66	131	0	46765
29121	45862	844	302	61	0	47069
29122	45530	430	141	104	0	46205
29123	885	144	44746	68	0	45843
29124	483	121	43510	60	0	44174
29125	42768	109	727	66	0	43670
29126	43459	79	375	87	0	44000
29127	43847	83	154	73	0	44157
29128	764	74	121	42683	0	43642
29129	409	105	88	42893	0	43495
29130	155	101	97	43365	0	43718
29131	130	120	105	44038	0	44393
29132	159	108	42911	739	0	43917
29133	186	97	42755	371	0	43409
29134	207	90	42747	124	0	43168
29135	231	110	42263	76	0	42680
29136	40769	112	720	95	0	41696
29137	523	42090	408	108	0	43129
29138	476	42857	126	129	0	43588
29139	42580	680	108	71	0	43439
29140	576	400	42393	85	0	43454
29141	484	192	41628	81	0	42385
29142	40338	190	765	89	0	41382
29143	41411	151	408	105	0	42075
29144	753	41920	153	160	0	42986
29145	519	436	140	41669	0	42764
29146	41948	363	134	416	0	42861
29147	42298	213	117	338	0	42966
29148	783	177	127	41887	0	42974
29149	542	43771	120	423	0	44856
29150	43984	436	132	359	0	44911
29151	568	435	43120	147	0	44270
29152	42477	190	474	125	0	43266
29153	541	43012	428	159	0	44140
29154	43265	498	218	141	0	44122
29155	42941	430	187	165	0	43723
29156	764	181	43358	202	0	44505
29157	496	159	43065	137	0	43857
29158	42169	173	855	104	0	43301
29159	43261	173	530	89	0	44053
29160	724	44107	258	122	0	45211
29161	520	515	216	44178	0	45429
29162	286	418	44234	439	0	45377
29163	43354	186	537	356	0	44433
29164	561	212	468	43707	0	44948
29165	556	182	208	44296	0	45242
29166	44163	157	234	671	0	45225
29167	563	45060	239	513	0	46375
29168	45876	498	202	167	0	46743
29169	45161	413	219	96	0	45889
29170	45853	230	173	122	0	46378
29171	927	45725	125	144	0	46921
29172	46016	561	177	88	0	46842
29173	727	445	168	45384	0	46724
29174	613	230	161	45069	0	46073
29175	456	261	45258	666	0	46641
29176	482	177	44982	374	0	46015
29177	342	45307	723	163	0	46535
29178	334	46432	422	94	0	47282
29179	420	611	43553	60	0	44644
29180	260	44407	384	122	0	45173
29181	43003	559	404	196	0	44162
29182	42763	296	118	87	0	43264
29183	43335	111	79	79	0	43604
29184	679	120	79	42657	0	43535
29185	424	72	103	43142	0	43741
29186	256	86	44323	598	0	45263
29187	167	44041	360	387	0	44955
29188	43501	397	303	113	0	44314
29189	440	44106	115	107	0	44768
29190	43626	421	102	42	0	44191
29191	43212	287	88	56	0	43643
29192	724	101	65	42729	0	43619
29193	432	71	113	42980	0	43596
29194	179	94	101	43893	0	44267
29195	239	80	42897	672	0	43888
29196	167	42437	352	468	0	43424
29197	143	41870	290	188	0	42491
29198	66	32629	31	76	0	32802
29199	44	32421	30	64	0	32559
29200	51	32656	41	131	0	32879
29201	31480	265	85	39	0	31869
29202	198	113	32496	34	0	32841
29203	138	31991	147	77	0	32353
29204	79	156	31466	35	0	31736
29205	41	31708	142	69	0	31960
29206	71	263	171	28442	0	28947
29207	51	131	35	29456	0	29673
29208	36	31137	30	237	0	31440
29209	31026	142	38	109	0	31315
29210	170	119	31292	40	0	31621
29211	130	31318	135	82	0	31665
29212	69	156	31091	45	0	31361
29213	53	112	143	30410	0	30718
29214	59	55	128	28637	0	28879
29215	49	30592	24	248	0	30913
29216	51	163	31	30758	0	31003
29217	70	133	25	30750	0	30978
29218	73	31569	41	288	0	31971
29219	64	169	31661	111	0	32005
29220	80	121	31321	40	0	31562
29221	30081	62	226	41	0	30410
29222	31154	57	114	50	0	31375
29223	247	59	36	30829	0	31171
29224	150	51	31214	168	0	31583
29225	58	51	161	30226	0	30496
29226	63	32428	110	186	0	32787
29227	133	167	32299	123	0	32722
29228	47	32154	143	94	0	32438
29229	77	192	32073	60	0	32402
29230	51	32174	153	65	0	32443
29231	31740	188	124	62	0	32114
29232	166	157	43	31295	0	31661
29233	136	94	43	31091	0	31364
29234	66	86	31727	247	0	32126
29235	105	75	31085	144	0	31409
29236	48	31721	227	91	0	32087
29237	31577	186	125	91	0	31979
29238	163	177	58	31040	0	31438
29239	146	87	31941	151	0	32325
29240	77	92	31031	134	0	31334
29241	28490	85	290	75	0	28940
29242	29888	95	145	59	0	30187
29243	255	83	31128	53	0	31519
29244	146	154	161	29672	0	30133
29245	78	30704	127	159	0	31068
29246	31098	162	61	147	0	31468
29247	169	30910	58	136	0	31273
29248	29815	164	67	65	0	30111
29249	150	29536	55	77	0	29818
29250	111	29817	60	70	0	30058
29251	81	242	40	29747	0	30110
29252	77	143	50	29652	0	29922
29253	49	30030	42	283	0	30404
29254	74	170	29615	111	0	29970
29255	84	130	29143	62	0	29419
29256	62	77	29205	71	0	29415
29257	26989	77	225	60	0	27351
29258	28574	60	128	75	0	28837
29259	185	29893	58	94	0	30230
29260	119	185	29496	68	0	29868
29261	49	169	155	28992	0	29365
29262	53	95	30943	181	0	31272
29263	53	102	31620	135	0	31910
29264	33	105	290	33941	0	34369
29265	46	103	173	36270	0	36592
29266	53	111	40153	428	0	40745
29267	40212	102	340	311	0	40965
29268	287	43566	319	168	0	44340
29269	381	45370	104	106	0	45961
29270	102	738	70	44395	0	45305
29271	45780	484	79	334	0	46677
29272	349	46860	79	478	0	47766
29273	47160	425	52	102	0	47739
29274	434	47597	60	153	0	48244
29275	49596	473	95	80	0	50244
29276	541	496	49670	65	0	50772
29277	564	173	50141	61	0	50939
29278	215	251	860	48099	0	49425
29279	103	90	48903	410	0	49506
29280	73	46055	475	505	0	47108
29281	45	45858	519	150	0	46572
29282	46305	787	136	57	0	47285
29283	375	538	86	44520	0	45519
29284	446	46738	67	405	0	47656
29285	47208	411	35	422	0	48076
29286	45497	501	41	96	0	46135
29287	47300	125	29	33	0	47487
29288	894	67	33	46252	0	47246
29289	593	55	16	46938	0	47602
29290	176	49	47082	833	0	48140
29291	114	46	46721	556	0	47437
29292	46133	40	827	137	0	47137
29293	418	35	555	46005	0	47013
29294	530	43	46463	416	0	47452
29295	45618	32	441	506	0	46597
29296	413	47725	523	178	0	48839
29297	48037	407	161	66	0	48671
29298	47661	495	105	72	0	48333
29299	48283	132	85	55	0	48555
29300	982	67	47307	61	0	48417
29301	46868	68	432	50	0	47418
29302	570	89	495	45153	0	46307
29303	589	45306	142	406	0	46443
29304	245	47240	80	522	0	48087
29305	47027	875	74	148	0	48124
29306	46699	584	69	79	0	47431
29307	47459	166	87	81	0	47793
29308	1047	131	73	45974	0	47225
29309	701	112	77	46048	0	46938
29310	267	103	67	44532	0	44969
29311	171	45875	74	1009	0	47129
29312	45516	501	104	621	0	46742
29313	45488	562	78	213	0	46341
29314	46406	210	76	134	0	46826
29315	1113	151	46198	148	0	47610
29316	46621	140	483	120	0	47364
29317	711	138	597	44187	0	45633
29318	709	45653	216	502	0	47080
29319	45124	514	159	526	0	46323
29320	44499	602	145	203	0	45449
29321	1093	241	45800	129	0	47263
29322	781	167	543	44451	0	45942
29323	322	46034	601	556	0	47513
29324	46841	564	224	576	0	48205
29325	685	643	144	46681	0	48153
29326	767	279	138	45662	0	46846
29327	367	235	138	46034	0	46774
29328	315	196	159	48521	0	49191
29329	339	186	47861	1246	0	49632
29330	295	47905	611	900	0	49711
29331	312	681	664	47840	0	49497
29332	340	716	48354	716	0	50126
29333	47574	303	657	738	0	49272
29334	48698	249	705	317	0	49969
29335	1303	269	256	48594	0	50422
29336	49181	245	229	693	0	50348
29337	49928	220	223	707	0	51078
29338	1439	241	49905	315	0	51900
29339	1046	49504	638	251	0	51439
29340	49802	650	707	238	0	51397
29341	990	729	324	49513	0	51556
29342	50915	259	259	716	0	52149
29343	1011	223	272	49635	0	51141
29344	978	243	238	50295	0	51754
29345	522	218	49642	1255	0	51637
29346	45730	241	684	903	0	47558
29347	894	50208	695	482	0	52279
29348	951	710	50169	349	0	52179
29349	560	50269	644	358	0	51831
29350	49629	750	694	299	0	51372
29351	1051	750	248	49052	0	51101
29352	49458	251	201	798	0	50708
29353	996	49180	206	886	0	51268
29354	50527	676	208	359	0	51770
29355	50559	679	222	319	0	51779
29356	50747	261	214	289	0	51511
29357	50853	187	221	260	0	51521
29358	1567	49768	205	386	0	51926
29359	49847	597	204	302	0	50950
29360	1098	727	185	48476	0	50486
29361	1052	437	162	47975	0	49626
29362	597	46223	173	1223	0	48216
29363	549	45841	187	803	0	47380
29364	484	43825	167	321	0	44797
29365	40505	944	232	270	0	41951
29366	660	37150	145	245	0	38200
29367	504	32201	194	161	0	33060
29368	31463	581	341	159	0	32544
29369	30267	275	109	151	0	30802
29370	659	30635	76	171	0	31541
29371	30160	346	77	132	0	30715
29372	481	255	29295	122	0	30153
29373	28492	150	312	106	0	29060
29374	508	142	28827	137	0	29614
29375	306	25911	247	167	0	26631
29376	195	25803	143	146	0	26287
29377	559	635	296	24079	0	25569
29378	24634	130	113	297	0	25174
29379	24940	72	66	191	0	25269
29380	25203	90	61	103	0	25457
29381	25341	100	71	88	0	25600
29382	24816	111	107	76	0	25110
29383	364	111	24458	89	0	25022
29384	235	116	23870	107	0	24328
29385	24314	81	274	101	0	24770
29386	306	24705	122	122	0	25255
29387	24292	212	89	87	0	24680
29388	24740	173	75	81	0	25069
29389	25369	78	34	75	0	25556
29390	25251	59	58	81	0	25449
29391	25196	85	63	86	0	25430
29392	385	117	25247	98	0	25847
29393	25388	121	174	158	0	25841
29394	25664	86	123	151	0	26024
29395	335	107	25705	167	0	26314
29396	24332	144	176	139	0	24791
29397	24781	178	141	123	0	25223
29398	391	175	26283	98	0	26947
29399	315	157	26271	80	0	26823
29400	232	26563	243	100	0	27138
29401	242	285	171	26412	0	27110
29402	261	191	26792	193	0	27437
29403	26860	128	174	156	0	27318
29404	397	118	134	28181	0	28830
29405	315	130	29028	221	0	29694
29406	28489	101	227	153	0	28970
29407	28947	125	174	83	0	29329
29408	29473	122	95	67	0	29757
29409	401	30273	76	149	0	30899
29410	295	291	53	29679	0	30318
29411	190	30430	57	279	0	30956
29412	30563	270	86	193	0	31112
29413	30123	194	87	116	0	30520
29414	502	120	30472	69	0	31163
29415	331	29619	216	81	0	30247
29416	239	29659	164	61	0	30123
29417	200	343	136	28549	0	29228
29418	224	196	107	29256	0	29783
29419	29381	133	63	265	0	29842
29420	379	29311	36	189	0	29915
29421	333	29324	43	79	0	29779
29422	397	295	29140	62	0	29894
29423	291	29909	188	71	0	30459
29424	29505	223	172	43	0	29943
29425	413	168	29023	29	0	29633
29426	25571	89	216	61	0	25937
29427	343	58	27893	59	0	28353
29428	23437	46	150	45	0	23678
29429	166	27253	79	75	0	27573
29430	28761	143	36	26	0	28966
29431	230	110	29766	22	0	30128
29432	29736	73	180	11	0	30000
29433	29708	30	118	17	0	29873
29434	321	39	31064	10	0	31434
29435	30313	29	151	16	0	30509
29436	30871	37	109	18	0	31035
29437	30312	19	54	18	0	30403
29438	309	29926	25	67	0	30327
29439	30261	156	25	16	0	30458
29440	251	116	31153	21	0	31541
29441	139	32018	159	53	0	32369
29442	32215	177	132	37	0	32561
29443	31287	121	53	20	0	31481
29444	32175	40	26	13	0	32254
29445	298	32089	18	116	0	32521
29446	170	190	17	37817	0	38194
29447	74	134	37703	234	0	38145
29448	39	45	253	37704	0	38041
29449	89	34	38905	294	0	39322
29450	37109	22	295	228	0	37654
29451	307	39316	244	78	0	39945
29452	267	288	54	38526	0	39135
29453	80	39905	36	253	0	40274
29454	67	339	37	39550	0	39993
29455	60	282	23	39494	0	39859
29456	48	40999	29	566	0	41642
29457	62	353	32	40729	0	41176
29458	63	302	26	42565	0	42956
29459	65	42924	37	649	0	43675
29460	67	43862	37	366	0	44332
29461	63	674	28	43791	0	44556
29462	105	364	43728	420	0	44617
29463	69	44340	385	418	0	45212
29464	77	465	316	44189	0	45047
29465	163	364	45909	442	0	46878
29466	85	46136	444	484	0	47149
29467	46093	474	363	94	0	47024
29468	510	388	45864	70	0	46832
29469	45276	118	472	54	0	45920
29470	528	104	387	44647	0	45666
29471	405	79	111	45196	0	45791
29472	130	77	106	45895	0	46208
29473	116	89	45266	859	0	46330
29474	116	86	45025	476	0	45703
29475	42169	99	804	175	0	43247
29476	486	103	417	44940	0	45946
29477	444	102	45140	530	0	46216
29478	44150	126	487	431	0	45194
29479	532	107	400	44068	0	45107
29480	437	130	130	44474	0	45171
29481	172	135	100	44088	0	44495
29482	136	44903	94	942	0	46075
29483	133	577	88	43539	0	44337
29484	129	44365	92	551	0	45137
29485	133	45322	98	481	0	46034
29486	44752	894	86	183	0	45915
29487	42803	538	166	160	0	43667
29488	44519	201	107	170	0	44997
29489	881	43809	127	192	0	45009
29490	43821	566	127	148	0	44662
29491	43751	473	134	162	0	44520
29492	898	168	150	42612	0	43828
29493	540	145	143	43283	0	44111
29494	233	145	42953	935	0	44266
29495	159	43351	549	639	0	44698
29496	42403	555	512	243	0	43713
29497	42394	445	237	220	0	43296
29498	831	41924	172	281	0	43208
29499	41771	551	169	251	0	42742
29500	41002	485	140	247	0	41874
29501	851	247	134	40581	0	41813
29502	503	40716	155	660	0	42034
29503	219	41449	122	563	0	42353
29504	40092	869	130	340	0	41431
29505	603	536	136	39570	0	40845
29506	492	271	39426	658	0	40847
29507	38119	234	509	610	0	39472
29508	602	218	40229	345	0	41394
29509	484	39180	542	315	0	40521
29510	38994	607	513	273	0	40387
29511	588	514	39032	332	0	40466
29512	485	294	556	39105	0	40440
29513	244	250	40438	699	0	41631
29514	232	40163	579	720	0	41694
29515	267	586	525	40164	0	41542
29516	285	552	40031	701	0	41569
29517	37701	293	568	637	0	39199
29518	631	40586	459	403	0	42079
29519	527	665	195	39304	0	40691
29520	265	40932	151	742	0	42090
29521	39869	685	178	627	0	41359
29522	39205	583	154	421	0	40363
29523	831	39868	179	470	0	41348
29524	572	667	197	38919	0	40355
29525	267	40153	175	676	0	41271
29526	39587	681	242	596	0	41106
29527	637	578	39439	354	0	41008
29528	612	327	39212	305	0	40456
29529	264	39087	773	373	0	40497
29530	246	38149	561	316	0	39272
29531	345	844	321	36714	0	38224
29532	36352	546	216	583	0	37697
29533	36218	258	238	520	0	37234
29534	35514	205	235	253	0	36207
29535	924	36732	228	288	0	38172
29536	570	509	210	35698	0	36987
29537	368	36932	189	587	0	38076
29538	36702	501	230	554	0	37987
29539	589	454	210	36295	0	37548
29540	540	197	35702	676	0	37115
29541	283	35271	489	586	0	36629
29542	34565	474	465	287	0	35791
29543	571	459	34588	219	0	35837
29544	33716	216	439	235	0	34606
29545	565	34204	379	257	0	35405
29546	306	28824	107	147	0	29384
29547	27768	486	110	87	0	28451
29548	339	28516	67	120	0	29042
29549	27089	301	74	115	0	27579
29550	324	27256	67	167	0	27814
29551	26977	304	116	73	0	27470
29552	26646	230	96	74	0	27046
29553	435	123	27724	73	0	28355
29554	254	119	26753	51	0	27177
29555	130	26834	286	112	0	27362
29556	25794	215	301	61	0	26371
29557	218	199	25395	42	0	25854
29558	23374	110	158	61	0	23703
29559	140	155	112	23200	0	23607
29560	119	43	23886	108	0	24156
29561	86	39	23296	85	0	23506
29562	72	33	24310	47	0	24462
29563	38	23908	135	35	0	24116
29564	229	467	259	22447	0	23402
29565	21724	41	46	51	0	21862
29566	30	12	7	21910	0	21959
29567	22146	8	6	44	0	22204
29568	38	23	9	22140	0	22210
29569	22687	5	6	56	0	22754
29570	23059	18	22	58	0	23157
29571	26380	11	9	19	0	26419
29572	106	27548	8	24	0	27686
29573	104	84	27998	18	0	28204
29574	29	94	79	27312	0	27514
29575	77	89	122	24621	0	24909
29576	26	24	17	28180	0	28247
29577	19	29	12	27969	0	28029
29578	19	27628	21	218	0	27886
29579	37	96	27764	136	0	28033
29580	27	28164	87	76	0	28354
29581	36	142	121	26603	0	26902
29582	27	184	27	27632	0	27870
29583	27	47	18	28061	0	28153
29584	23	34	17	28090	0	28164
29585	29	27689	17	228	0	27963
29586	19	27766	17	188	0	27990
29587	54	191	27761	53	0	28059
29588	24	145	100	27329	0	27598
29589	32	49	122	27097	0	27300
29590	32	40	41	28245	0	28358
29591	28616	37	25	216	0	28894
29592	126	28775	19	178	0	29098
29593	145	127	28786	69	0	29127
29594	28273	133	106	45	0	28557
29595	141	53	132	28675	0	29001
29596	29375	44	36	130	0	29585
29597	156	49	24	29347	0	29576
29598	29678	44	33	142	0	29897
29599	165	40	22	29580	0	29807
29600	29541	36	41	143	0	29761
29601	175	40	30681	147	0	31043
29602	164	42	119	29975	0	30300
29603	60	31053	145	131	0	31389
29604	64	146	38	31677	0	31925
29605	31383	165	28	158	0	31734
29606	164	31792	45	199	0	32200
29607	182	166	30	32998	0	33376
29608	61	32876	34	234	0	33205
29609	60	211	47	33030	0	33348
29610	46	208	44	33081	0	33379
29611	68	70	32804	363	0	33305
29612	62	44	200	32193	0	32499
29613	72	49	31946	247	0	32314
29614	52	31310	222	349	0	31933
29615	31270	208	195	93	0	31766
29616	245	183	31425	71	0	31924
29617	30363	59	229	81	0	30732
29618	31788	54	197	64	0	32103
29619	390	49	55	32120	0	32614
29620	243	54	33845	233	0	34375
29621	32940	36	271	260	0	33507
29622	34914	41	231	117	0	35303
29623	438	51	88	34246	0	34823
29624	278	52	52	34423	0	34805
29625	93	35056	36	503	0	35688
29626	77	318	44	34652	0	35091
29627	79	35154	45	473	0	35751
29628	67	298	35115	289	0	35769
29629	41	255	236	34240	0	34772
29630	33813	112	245	304	0	34474
29631	33613	31	68	275	0	33987
29632	401	34275	33	143	0	34852
29633	247	241	37	34520	0	35045
29634	34570	220	31	277	0	35098
29635	237	33462	50	301	0	34050
29636	33624	251	27	131	0	34033
29637	261	261	27	34637	0	35186
29638	36634	75	49	314	0	37072
29639	364	91	40766	320	0	41541
29640	308	41076	340	183	0	41907
29641	40984	378	315	100	0	41777
29642	357	42384	91	145	0	42977
29643	42847	402	64	92	0	43405
29644	43522	351	46	103	0	44022
29645	724	112	43832	112	0	44780
29646	424	59	382	43381	0	44246
29647	44308	73	352	437	0	45170
29648	482	61	44229	408	0	45180
29649	44088	63	425	148	0	44724
29650	476	67	362	43966	0	44871
29651	398	73	44100	486	0	45057
29652	146	64	382	43938	0	44530
29653	42838	66	368	496	0	43768
29654	455	97	43681	439	0	44672
29655	429	78	392	42995	0	43894
29656	149	78	415	43529	0	44171
29657	43844	67	100	783	0	44794
29658	43508	58	91	472	0	44129
29659	774	44209	77	243	0	45303
29660	499	451	61	43606	0	44617
29661	191	412	85	43175	0	43863
29662	156	142	86	43762	0	44146
29663	43126	70	105	798	0	44099
29664	42564	86	100	484	0	43234
29665	839	85	68	42723	0	43715
29666	557	42702	98	544	0	43901
29667	238	482	101	41701	0	42522
29668	188	43024	97	610	0	43919
29669	41973	463	87	464	0	42987
29670	497	41362	141	199	0	42199
29671	38173	448	109	168	0	38898
29672	496	379	86	37104	0	38065
29673	36996	114	125	436	0	37671
29674	545	75	37085	418	0	38123
29675	463	37274	372	197	0	38306
29676	36718	386	459	148	0	37711
29677	36578	320	131	171	0	37200
29678	740	118	96	35595	0	36549
29679	459	36943	102	508	0	38012
29680	252	431	77	37590	0	38350
29681	199	334	120	37279	0	37932
29682	206	105	98	37806	0	38215
29683	37507	80	94	779	0	38460
29684	37508	106	112	482	0	38208
29685	778	99	80	37004	0	37961
29686	529	37924	73	517	0	39043
29687	38052	406	104	428	0	38990
29688	567	390	37715	286	0	38958
29689	518	162	352	37869	0	38901
29690	282	120	38670	545	0	39617
29691	254	138	410	38162	0	38964
29692	258	144	38941	563	0	39906
29693	246	115	440	38637	0	39438
29694	38472	122	361	586	0	39541
29695	38428	136	125	468	0	39157
29696	813	38000	127	269	0	39209
29697	38995	490	100	219	0	39804
29698	631	417	90	38390	0	39528
29699	582	207	103	38950	0	39842
29700	39185	155	143	784	0	40267
29701	633	194	38577	514	0	39918
29702	596	177	38906	295	0	39974
29703	385	160	39135	283	0	39963
29704	37186	172	759	273	0	38390
29705	720	150	39288	266	0	40424
29706	621	135	37902	239	0	38897
29707	36026	170	689	287	0	37172
29708	546	38215	389	346	0	39496
29709	554	345	192	38326	0	39417
29710	310	347	225	39079	0	39961
29711	307	137	39634	770	0	40848
29712	38813	132	425	571	0	39941
29713	39202	107	393	374	0	40076
29714	39236	124	207	372	0	39939
29715	802	119	39711	351	0	40983
29716	38733	113	426	338	0	39610
29717	624	122	39480	374	0	40600
29718	513	38492	408	377	0	39790
29719	384	38722	322	359	0	39787
29720	36696	518	235	315	0	37764
29721	447	36648	153	332	0	37580
29722	407	36540	140	349	0	37436
29723	36294	510	143	298	0	37245
29724	460	36480	146	338	0	37424
29725	36544	361	117	262	0	37284
29726	561	312	103	36636	0	37612
29727	431	198	110	36881	0	37620
29728	319	172	105	37206	0	37802
29729	284	196	112	36364	0	36956
29730	291	36876	119	638	0	37924
29731	37152	372	137	429	0	38090
29732	534	39673	129	289	0	40625
29733	488	40677	174	422	0	41761
29734	435	684	41672	304	0	43095
29735	39790	386	560	226	0	40962
29736	675	204	43542	186	0	44607
29737	631	175	44741	180	0	45727
29738	279	43977	640	223	0	45119
29739	124	42780	304	141	0	43349
29740	43043	616	305	105	0	44069
29741	417	46567	116	175	0	47275
29742	404	432	46313	90	0	47239
29743	137	45231	433	146	0	45947
29744	90	464	45682	77	0	46313
29745	103	337	44392	47	0	44879
29746	42348	89	750	52	0	43239
29747	426	73	44250	63	0	44812
29748	323	42	439	42816	0	43620
29749	42437	30	343	371	0	43181
29750	332	42834	99	459	0	43724
29751	348	376	43185	92	0	44001
29752	42456	317	398	36	0	43207
29753	406	110	361	39417	0	40294
29754	322	41553	116	357	0	42348
29755	106	373	42290	324	0	43093
29756	41143	321	400	86	0	41950
29757	412	80	42448	44	0	42984
29758	347	48	448	41242	0	42085
29759	133	56	41602	378	0	42169
29760	60	49	437	41219	0	41765
29761	40594	64	348	473	0	41479
29762	394	41419	135	401	0	42349
29763	41868	383	83	90	0	42424
29764	462	330	41631	53	0	42476
29765	357	109	420	41651	0	42537
29766	121	71	42745	401	0	43338
29767	41221	90	504	345	0	42160
29768	42033	56	415	79	0	42583
29769	716	42419	133	142	0	43410
29770	42914	426	119	43	0	43502
29771	42685	353	118	48	0	43204
29772	753	112	93	42246	0	43204
29773	448	74	42427	424	0	43373
29774	169	41547	432	417	0	42565
29775	73	422	389	41615	0	42499
29776	41693	368	143	433	0	42637
29777	466	101	41613	355	0	42535
29778	391	88	41223	100	0	41802
29779	144	67	40761	58	0	41030
29780	39530	91	795	61	0	40477
29781	484	89	40546	59	0	41178
29782	39496	86	567	47	0	40196
29783	549	93	39316	61	0	40019
29784	415	39239	533	106	0	40293
29785	146	480	430	38729	0	39785
29786	137	406	39100	408	0	40051
29787	116	38357	510	383	0	39366
29788	120	38682	466	126	0	39394
29789	183	737	215	38002	0	39137
29790	37726	437	167	403	0	38733
29791	488	173	150	37917	0	38728
29792	37053	134	172	465	0	37824
29793	522	141	137	37161	0	37961
29794	448	157	36987	472	0	38064
29795	191	171	36873	398	0	37633
29796	35581	127	889	139	0	36736
29797	35851	131	546	106	0	36634
29798	822	136	35664	98	0	36720
29799	34835	154	614	91	0	35694
29800	594	140	35474	116	0	36324
29801	522	33758	639	117	0	35036
29802	245	33334	560	145	0	34284
29803	223	33010	303	142	0	33678
29804	232	814	299	32116	0	33461
29805	31826	504	273	455	0	33058
29806	31745	247	298	393	0	32683
29807	862	213	299	31519	0	32893
29808	592	217	29978	475	0	31262
29809	327	188	623	29782	0	30920
29810	298	162	29751	546	0	30757
29811	293	188	714	28756	0	29951
29812	28523	137	597	553	0	29810
29813	28740	146	333	461	0	29680
29814	28815	160	287	220	0	29482
29815	28803	128	318	165	0	29414
29816	1039	145	262	27750	0	29196
29817	656	110	285	28232	0	29283
29818	27929	147	250	830	0	29156
29819	28209	164	262	504	0	29139
29820	926	152	269	27778	0	29125
29821	660	127	290	27863	0	28940
29822	390	142	223	27228	0	27983
29823	318	149	261	27697	0	28425
29824	27107	143	239	849	0	28338
29825	645	107	26686	534	0	27972
29826	584	136	588	26039	0	27347
29827	25966	107	545	571	0	27189
29828	601	126	25811	531	0	27069
29829	547	189	589	25660	0	26985
29830	344	142	25842	566	0	26894
29831	323	24835	592	471	0	26221
29832	362	516	518	21734	0	23130
29833	20113	355	273	419	0	21160
29834	463	399	182	18040	0	19084
29835	433	17926	182	430	0	18971
29836	269	16515	159	351	0	17294
29837	157	13204	130	134	0	13625
29838	145	12037	128	125	0	12435
29839	6130	740	823	598	0	8291
29840	369	317	197	3828	0	4711
29841	62	12	3000	79	0	3153
29842	35	13	71	2746	0	2865
29843	35	5	2697	81	0	2818
29844	2683	13	68	50	0	2814
29845	78	7	50	2644	0	2779
29846	82	9	23	2649	0	2763
29847	46	12	25	2641	0	2724
29848	40	14	26	2692	0	2772
29849	2630	15	25	96	0	2766
29850	2658	15	16	57	0	2746
29851	86	15	21	2607	0	2729
29852	2505	19	17	72	0	2613
29853	60	14	2459	74	0	2607
29854	47	2416	51	52	0	2566
29855	35	46	34	2379	0	2494
29856	36	37	39	2323	0	2435
29857	26	2349	25	93	0	2493
29858	35	52	18	2305	0	2410
29859	26	90	27	2251	0	2394
29860	2285	10	26	84	0	2405
29861	65	4	2126	58	0	2253
29862	47	7	2020	22	0	2096
29863	1983	10	63	38	0	2094
29864	62	8	1920	22	0	2012
29865	1003	8	51	8	0	1070
29866	817	5	38	14	0	874
29867	22	28	7	642	0	699
29868	11	2	459	11	0	483
29869	361	19	20	8	0	408
29870	8	376	6	4	0	394
29871	242	23	21	4	0	290
29872	150	4	27	1	0	182
29873	70	0	0	1	0	71
29874	14	0	0	0	0	14
29875	13	0	0	0	0	13
29876	13	0	0	0	0	13
29877	14	0	0	0	0	14
29878	13	0	0	0	0	13
29879	14	0	0	0	0	14
29880	14	0	0	0	0	14
29881	14	0	0	0	0	14
29882	14	0	0	0	0	14
29883	14	0	0	0	0	14
29884	13	0	0	0	0	13
29885	13	0	0	0	0	13
29886	11	0	0	0	0	11
29887	10	0	0	0	0	10
29888	8	0	0	0	0	8
29889	6	0	0	0	0	6
29890	3	0	0	0	0	3
29891	1	0	0	0	0	1
