Pos	A	C	G	T	Other	Total
1	0	0	0	0	0	0
2	0	0	0	0	0	0
3	0	0	0	0	0	0
4	0	0	0	0	0	0
5	0	0	0	0	0	0
6	0	0	0	0	0	0
7	0	0	0	0	0	0
8	0	0	0	0	0	0
9	0	0	0	0	0	0
10	0	0	0	0	0	0
11	0	0	0	0	0	0
12	0	0	0	0	0	0
13	0	0	0	0	0	0
14	4	0	0	0	0	4
15	0	39	0	0	0	39
16	0	133	1	0	0	134
17	1	0	0	534	0	535
18	0	1	0	520	0	521
19	0	772	0	0	0	772
20	0	829	0	0	0	829
21	0	812	0	73	0	885
22	951	0	1	0	0	952
23	0	0	951	2	0	953
24	0	0	918	0	0	918
25	0	0	0	915	0	915
26	1079	0	0	0	0	1079
27	1068	0	0	0	0	1068
28	0	1054	0	0	0	1054
29	1088	0	0	0	0	1088
30	1096	0	1	0	0	1097
31	1113	0	1	0	0	1114
32	0	1103	2	0	0	1105
33	0	1089	1	1	0	1091
34	1198	0	0	2	0	1200
35	1189	1	1	0	0	1191
36	0	1178	0	1	0	1179
37	0	1266	1	1	0	1268
38	1300	0	0	0	0	1300
39	1294	0	0	0	0	1294
40	0	1298	0	0	0	1298
41	0	0	0	1369	0	1369
42	0	0	0	1381	0	1381
43	0	0	0	1360	0	1360
44	0	1367	0	1	0	1368
45	1	0	1338	0	0	1339
46	1178	1	2	0	0	1181
47	0	0	0	1390	0	1390
48	0	1347	0	2	0	1349
49	0	0	0	1397	0	1397
50	1	1351	0	1	0	1353
51	0	0	0	1387	0	1387
52	0	0	0	1383	0	1383
53	1	0	1364	0	0	1365
54	0	0	0	1325	0	1325
55	1372	0	0	1	0	1373
56	0	1	1356	0	0	1357
57	1275	0	0	0	0	1275
58	0	0	0	1369	0	1369
59	0	1355	0	0	0	1355
60	0	2	0	1373	0	1375
61	1	1	1383	0	0	1385
62	0	0	0	1331	0	1331
63	0	1	0	1380	0	1381
64	0	1364	1	0	0	1365
65	0	0	0	1401	0	1401
66	0	1332	0	38	0	1370
67	0	0	0	1404	0	1404
68	1387	0	0	0	0	1387
69	1413	0	0	0	0	1413
70	1451	0	0	0	0	1451
71	0	1434	0	0	0	1434
72	0	0	1436	0	0	1436
73	1370	0	0	0	0	1370
74	1479	0	0	1	0	1480
75	0	1443	0	0	0	1443
76	0	0	0	1223	0	1223
77	0	0	0	1360	0	1360
78	0	0	0	1207	0	1207
79	1229	1	0	6	0	1236
80	1210	0	1	3	0	1214
81	1211	0	0	2	0	1213
82	1231	0	0	3	0	1234
83	9	0	0	1204	0	1213
84	4	1210	1	6	0	1221
85	4	5	0	1258	0	1267
86	3	2	1240	7	0	1252
87	2	1	5	1197	0	1205
88	3	2	1230	8	0	1243
89	0	1	8	1233	0	1242
90	1	0	1287	12	0	1300
91	3	1	1246	4	0	1254
92	0	1234	14	2	0	1250
93	1	11	6	1355	0	1373
94	1	4	1543	11	0	1559
95	0	2	13	1484	0	1499
96	0	1489	10	11	0	1510
97	1543	12	2	4	0	1561
98	10	1541	2	4	0	1557
99	4	13	2	1532	0	1551
100	2	1524	1	10	0	1537
101	3	14	1482	5	0	1504
102	1	8	1472	2	0	1483
103	1	1461	14	7	0	1483
104	0	13	5	1537	0	1555
105	3	5	1504	11	0	1523
106	0	1474	10	4	0	1488
107	1559	14	5	2	0	1580
108	10	5	3	1536	0	1554
109	4	5	1577	13	0	1599
110	2	1558	13	7	0	1580
111	1	15	6	1604	0	1626
112	1	6	5	1609	0	1621
113	1574	3	5	17	0	1599
114	12	3	1588	12	0	1615
115	3	3	15	1532	0	1553
116	5	1	1450	14	0	1470
117	1	1335	12	12	0	1360
118	1340	13	7	7	0	1367
119	12	1224	4	2	0	1242
120	4	15	3	1191	0	1213
121	1	1167	2	13	0	1183
122	1132	17	5	4	0	1158
123	11	1131	4	5	0	1151
124	7	17	1114	3	0	1141
125	2	1134	11	3	0	1150
126	1102	16	6	3	0	1127
127	15	8	1089	3	0	1115
128	7	7	13	1092	0	1119
129	1117	3	5	15	0	1140
130	12	2	6	1087	0	1107
131	1080	6	1	15	0	1102
132	1104	3	1	7	0	1115
133	16	1	6	1100	0	1123
134	9	2	1	1043	0	1055
135	1043	2	5	18	0	1068
136	1014	3	1	13	0	1031
137	21	1	3	999	0	1024
138	1001	6	2	13	0	1022
139	994	1	1	10	0	1006
140	21	996	0	5	0	1022
141	11	12	0	988	0	1011
142	988	9	1	14	0	1012
143	989	4	3	8	0	1004
144	17	6	3	976	0	1002
145	10	4	2	982	0	998
146	980	4	5	19	0	1008
147	17	984	0	10	0	1011
148	10	13	3	996	0	1022
149	5	6	963	18	0	992
150	6	4	9	961	0	980
151	7	954	6	18	0	985
152	5	13	976	8	0	1002
153	4	8	13	971	0	996
154	6	4	4	945	0	959
155	7	1	985	22	0	1015
156	883	4	12	11	0	910
157	19	966	7	7	0	999
158	985	14	5	6	0	1010
159	17	8	974	7	0	1006
160	9	4	1023	4	0	1040
161	987	6	18	2	0	1013
162	15	1026	7	7	0	1055
163	1029	13	5	5	0	1052
164	20	1022	3	3	0	1048
165	11	16	1011	7	0	1045
166	982	8	14	5	0	1009
167	19	5	1039	3	0	1066
168	10	7	16	1020	0	1053
169	920	2	6	21	0	949
170	906	1	7	9	0	923
171	19	914	7	5	0	945
172	6	77	2	848	0	933
173	4	909	5	15	0	933
174	6	12	939	9	0	966
175	6	7	10	913	0	936
176	1	846	7	14	0	868
177	4	6	4	730	0	744
178	611	4	3	8	0	626
179	9	3	2	727	0	741
180	5	717	4	7	0	733
181	4	8	2	738	0	752
182	3	5	1	726	0	735
183	4	718	2	9	0	733
184	2	7	3	718	0	730
185	3	5	701	7	0	716
186	2	717	12	5	0	736
187	737	8	3	5	0	753
188	12	3	743	2	0	760
189	6	2	686	2	0	696
190	3	684	6	1	0	694
191	0	3	0	668	0	671
192	2	0	660	2	0	664
193	0	592	6	1	0	599
194	0	2	0	484	0	486
195	0	0	0	486	0	486
196	486	0	0	3	0	489
197	2	467	0	0	0	469
198	0	2	461	0	0	463
199	1	0	471	0	0	472
200	0	0	2	468	0	470
201	1	0	0	551	0	552
202	0	0	0	580	0	580
203	0	757	1	13	0	771
204	0	18	858	5	0	881
205	2	7	19	936	0	964
206	0	964	9	29	0	1002
207	0	1000	5	13	0	1018
208	0	38	1069	2	0	1109
209	0	13	41	1082	0	1136
210	3	7	1257	43	0	1310
211	0	4	56	1256	0	1316
212	0	2	16	1340	0	1358
213	0	0	1236	66	0	1302
214	0	1243	52	25	0	1320
215	1263	52	21	9	0	1345
216	47	14	1238	9	0	1308
217	14	1232	55	10	0	1311
218	7	1322	19	4	0	1352
219	5	70	1178	3	0	1256
220	1174	22	60	2	0	1258
221	50	15	21	1013	0	1099
222	16	1174	13	61	0	1264
223	1201	59	14	20	0	1294
224	56	22	23	1109	0	1210
225	21	1174	8	73	0	1276
226	1207	60	11	35	0	1313
227	66	27	1164	9	0	1266
228	26	1130	54	75	0	1285
229	1211	63	25	11	0	1310
230	60	1217	29	4	0	1310
231	1208	89	10	5	0	1312
232	66	44	16	1120	0	1246
233	29	1156	28	57	0	1270
234	29	62	9	1207	0	1307
235	1185	32	45	80	0	1342
236	70	25	1158	68	0	1321
237	37	17	1202	73	0	1329
238	20	18	106	1199	0	1343
239	16	62	43	1229	0	1350
240	64	29	30	1165	0	1288
241	23	1149	66	74	0	1312
242	23	116	1117	26	0	1282
243	27	80	76	1087	0	1270
244	13	1116	73	78	0	1280
245	61	1135	30	51	0	1277
246	26	78	1136	73	0	1313
247	21	87	1165	28	0	1301
248	54	46	1172	37	0	1309
249	49	23	91	1174	0	1337
250	17	56	1175	78	0	1326
251	42	41	90	1164	0	1337
252	26	29	1194	88	0	1337
253	1128	49	101	47	0	1325
254	108	1181	38	42	0	1369
255	37	1348	24	22	0	1431
256	66	113	1251	25	0	1455
257	1251	48	75	62	0	1436
258	1335	77	27	34	0	1473
259	1334	58	28	51	0	1471
260	143	21	1215	21	0	1400
261	48	17	1296	21	0	1382
262	38	20	158	1201	0	1417
263	1213	12	65	132	0	1422
264	1270	25	46	85	0	1426
265	100	13	1196	98	0	1407
266	1215	57	97	52	0	1421
267	92	44	65	1212	0	1413
268	42	44	1250	120	0	1456
269	34	68	1298	45	0	1445
270	1231	66	134	23	0	1454
271	100	33	1292	22	0	1447
272	1245	18	152	39	0	1454
273	95	7	1306	38	0	1446
274	30	1194	135	66	0	1425
275	26	1293	109	34	0	1462
276	28	81	64	1292	0	1465
277	43	45	69	1339	0	1496
278	66	47	1225	102	0	1440
279	34	69	115	1191	0	1409
280	40	1228	66	83	0	1417
281	24	1278	92	54	0	1448
282	62	1312	65	30	0	1469
283	85	93	58	1240	0	1476
284	100	41	1241	81	0	1463
285	42	29	1345	41	0	1457
286	50	30	154	1192	0	1426
287	36	36	77	1273	0	1422
288	60	55	43	1132	0	1290
289	76	1216	35	103	0	1430
290	1232	77	70	62	0	1441
291	1268	34	36	44	0	1382
292	128	1180	39	62	0	1409
293	62	86	1194	49	0	1391
294	1177	60	150	25	0	1412
295	132	38	1185	21	0	1376
296	1201	36	132	29	0	1398
297	1292	20	62	30	0	1404
298	1265	18	102	20	0	1405
299	1223	57	53	30	0	1363
300	111	1200	33	51	0	1395
301	1060	96	20	82	0	1258
302	82	1089	38	73	0	1282
303	829	70	51	33	0	983
304	90	745	34	30	0	899
305	38	86	575	8	0	707
306	28	209	48	440	0	725
307	14	628	35	27	0	704
308	27	557	13	49	0	646
309	401	53	126	31	0	611
310	292	5	5	2	0	304
311	19	315	0	3	0	337
312	7	18	1	277	0	303
313	3	291	4	11	0	309
314	301	13	2	4	0	320
315	14	8	288	1	0	311
316	8	5	12	292	0	317
317	5	5	3	301	0	314
318	2	9	3	307	0	321
319	8	6	281	14	0	309
320	5	290	13	8	0	316
321	8	295	5	4	0	312
322	4	21	2	294	0	321
323	6	7	285	17	0	315
324	4	7	15	294	0	320
325	5	7	6	298	0	316
326	3	4	7	304	0	318
327	4	4	2	311	0	321
328	292	3	5	20	0	320
329	15	292	4	12	0	323
330	298	14	6	8	0	326
331	13	9	295	6	0	323
332	6	4	303	9	0	322
333	7	5	16	274	0	302
334	7	6	5	279	0	297
335	7	290	6	14	0	317
336	5	14	287	10	0	316
337	3	305	18	7	0	333
338	5	17	310	8	0	340
339	298	8	13	6	0	325
340	16	314	5	8	0	343
341	8	16	304	7	0	335
342	4	9	17	314	0	344
343	3	5	320	18	0	346
344	4	322	12	9	0	347
345	2	27	3	310	0	342
346	1	327	7	16	0	351
347	3	16	318	13	0	350
348	2	7	23	321	0	353
349	316	7	9	20	0	352
350	21	321	1	15	0	358
351	9	21	318	4	0	352
352	1	8	21	288	0	318
353	4	5	283	23	0	315
354	5	4	253	6	0	268
355	3	194	6	0	0	203
356	1	7	4	163	0	175
357	1	0	4	174	0	179
358	3	1	3	175	0	182
359	0	0	172	8	0	180
360	4	3	170	1	0	178
361	163	1	6	1	0	171
362	8	2	162	3	0	175
363	165	2	5	2	0	174
364	6	167	3	1	0	177
365	2	6	2	153	0	163
366	2	156	0	8	0	166
367	1	171	3	1	0	176
368	2	4	123	2	0	131
369	1	2	3	124	0	130
370	1	2	123	4	0	130
371	1	5	124	0	0	130
372	126	3	4	0	0	133
373	3	0	93	0	0	96
374	0	0	64	0	0	64
375	58	0	3	0	0	61
376	3	0	61	0	0	64
377	0	0	64	0	0	64
378	0	0	3	62	0	65
379	0	59	0	3	0	62
380	0	3	0	61	0	64
381	0	0	0	64	0	64
382	170	0	0	3	0	173
383	3	0	0	168	0	171
384	0	159	1	2	0	162
385	170	3	0	0	0	173
386	3	0	170	0	0	173
387	153	0	3	0	0	156
388	3	0	167	0	0	170
389	0	0	167	0	0	167
390	0	163	3	0	0	166
391	171	3	0	0	0	174
392	3	163	0	1	0	167
393	0	3	163	0	0	166
394	0	0	3	163	0	166
395	0	221	0	3	0	224
396	231	3	0	0	0	234
397	234	0	0	0	0	234
398	3	224	0	0	0	227
399	228	3	0	0	0	231
400	3	0	0	229	0	232
401	0	282	1	3	0	286
402	0	3	0	296	0	299
403	0	0	0	294	0	294
404	377	0	0	3	0	380
405	399	0	0	0	0	399
406	402	0	0	0	0	402
407	6	0	395	0	0	401
408	376	1	4	0	0	381
409	5	0	0	401	0	406
410	1	0	439	5	0	445
411	0	1	397	1	0	399
412	0	403	5	0	0	408
413	415	5	1	0	0	421
414	5	399	0	1	0	405
415	1	5	0	404	0	410
416	0	3	0	433	0	436
417	0	0	431	6	0	437
418	0	0	4	380	0	384
419	0	0	437	5	0	442
420	0	1	441	1	0	443
421	0	434	7	0	0	441
422	0	5	1	456	0	462
423	0	1	0	469	0	470
424	464	0	0	6	0	470
425	6	27	502	1	0	536
426	1	2	3	528	0	534
427	540	1	0	5	0	546
428	4	0	534	0	0	538
429	513	0	4	0	0	517
430	536	0	1	0	0	537
431	6	0	525	0	0	531
432	1	0	5	500	0	506
433	0	0	1	534	0	535
434	0	0	599	6	0	605
435	556	1	3	1	0	561
436	604	0	1	0	0	605
437	590	0	0	0	0	590
438	581	0	0	0	0	581
439	585	0	2	0	0	587
440	6	0	564	0	0	570
441	1	0	564	0	0	565
442	0	539	7	0	0	546
443	1	2	555	0	0	558
444	0	2	2	536	0	540
445	0	2	3	455	0	460
446	1	1	0	554	0	556
447	0	0	0	558	0	558
448	0	0	559	4	0	563
449	0	522	3	2	0	527
450	0	607	1	1	0	609
451	0	3	1	627	0	631
452	0	611	2	3	0	616
453	634	3	0	2	0	639
454	662	1	0	1	0	664
455	2	792	0	2	0	796
456	2	2	0	813	0	817
457	0	2	0	817	0	819
458	1	0	810	4	0	815
459	719	0	4	2	0	725
460	806	0	2	0	0	808
461	5	804	0	1	0	810
462	807	2	0	0	0	809
463	3	1	808	0	0	812
464	3	763	2	2	0	770
465	0	791	3	2	0	796
466	1	804	3	0	0	808
467	1	3	1	815	0	820
468	813	2	2	2	0	819
469	4	1	1	805	0	811
470	2	2	832	2	0	838
471	2	0	3	811	0	816
472	0	2	900	4	0	906
473	0	0	11	856	0	867
474	0	2	1	877	0	880
475	0	884	4	5	0	893
476	917	9	1	3	0	930
477	8	3	1	899	0	911
478	0	876	2	11	0	889
479	976	10	0	3	0	989
480	879	4	2	2	0	887
481	957	3	0	1	0	961
482	14	862	1	2	0	879
483	3	13	854	0	0	870
484	1	2	14	862	0	879
485	3	1	1	838	0	843
486	3	839	1	14	0	857
487	3	15	852	2	0	872
488	4	1	842	1	0	848
489	808	1	19	2	0	830
490	13	1	3	857	0	874
491	4	1	874	14	0	893
492	3	851	13	5	0	872
493	3	14	2	837	0	856
494	3	888	1	10	0	902
495	5	13	857	1	0	876
496	787	2	13	3	0	805
497	857	3	2	0	0	862
498	14	852	1	2	0	869
499	3	13	3	873	0	892
500	3	4	855	13	0	875
501	0	803	13	4	0	820
502	790	15	3	3	0	811
503	12	806	3	5	0	826
504	2	756	2	2	0	762
505	2	12	0	719	0	733
506	0	719	3	11	0	733
507	724	11	2	2	0	739
508	13	0	2	722	0	737
509	1	3	711	12	0	727
510	3	2	568	1	0	574
511	1	3	10	578	0	592
512	2	580	1	10	0	593
513	597	11	0	1	0	609
514	12	2	2	611	0	627
515	2	2	602	13	0	619
516	3	0	12	580	0	595
517	1	1	1	612	0	615
518	601	1	3	12	0	617
519	12	1	2	584	0	599
520	1	2	566	12	0	581
521	3	2	545	1	0	551
522	2	2	11	560	0	575
523	0	3	1	564	0	568
524	0	1	646	13	0	660
525	505	3	11	5	0	524
526	13	1	564	2	0	580
527	2	552	14	2	0	570
528	2	11	3	579	0	595
529	2	1	578	10	0	591
530	3	1	564	3	0	571
531	2	2	11	559	0	574
532	566	2	5	11	0	584
533	14	1	566	1	0	582
534	0	475	12	4	0	491
535	507	13	2	1	0	523
536	10	1	501	3	0	515
537	495	3	12	2	0	512
538	515	0	2	2	0	519
539	10	492	3	4	0	509
540	4	11	4	468	0	487
541	2	486	4	11	0	503
542	1	13	486	3	0	503
543	466	1	14	3	0	484
544	517	2	2	2	0	523
545	13	2	514	1	0	530
546	4	1	510	1	0	516
547	2	501	12	3	0	518
548	515	12	4	3	0	534
549	13	1	2	505	0	521
550	2	2	2	436	0	442
551	3	449	2	14	0	468
552	459	13	3	2	0	477
553	12	2	452	2	0	468
554	2	2	14	506	0	524
555	465	1	2	20	0	488
556	20	451	2	3	0	476
557	3	18	625	2	0	648
558	4	4	644	1	0	653
559	0	2	32	569	0	603
560	1	601	6	28	0	636
561	1	29	623	3	0	656
562	2	3	31	699	0	735
563	724	3	3	31	0	761
564	32	3	718	4	0	757
565	3	1	31	839	0	874
566	5	2	831	37	0	875
567	4	3	859	6	0	872
568	4	1	40	836	0	881
569	2	0	750	39	0	791
570	685	3	38	7	0	733
571	37	1	722	6	0	766
572	634	2	34	3	0	673
573	29	622	10	1	0	662
574	628	29	4	2	0	663
575	28	644	4	2	0	678
576	8	30	2	632	0	672
577	5	7	3	676	0	691
578	3	5	633	33	0	674
579	1	3	582	9	0	595
580	0	1	26	582	0	609
581	1	0	579	27	0	607
582	0	3	29	540	0	572
583	0	570	11	26	0	607
584	2	611	4	8	0	625
585	0	29	5	569	0	603
586	2	8	3	611	0	624
587	0	7	574	32	0	613
588	1	2	23	571	0	597
589	1	575	7	29	0	612
590	0	592	5	10	0	607
591	1	632	3	7	0	643
592	5	34	3	564	0	606
593	2	623	0	24	0	649
594	591	30	6	5	0	632
595	24	8	4	602	0	638
596	6	4	597	28	0	635
597	2	5	28	601	0	636
598	3	2	604	29	0	638
599	2	0	613	13	0	628
600	2	1	615	5	0	623
601	3	585	31	4	0	623
602	1	25	597	3	0	626
603	594	9	30	2	0	635
604	618	8	9	3	0	638
605	628	5	7	3	0	643
606	33	1	7	607	0	648
607	592	1	4	28	0	625
608	25	569	8	8	0	610
609	9	610	3	8	0	630
610	607	27	7	5	0	646
611	26	7	595	3	0	631
612	9	7	27	596	0	639
613	6	4	596	27	0	633
614	6	4	596	10	0	616
615	1	582	31	5	0	619
616	3	27	12	549	0	591
617	2	10	7	592	0	611
618	577	3	8	34	0	622
619	27	579	2	15	0	623
620	6	613	8	8	0	635
621	6	33	561	6	0	606
622	3	648	25	4	0	680
623	641	33	10	5	0	689
624	648	14	6	5	0	673
625	32	6	649	7	0	694
626	11	7	661	8	0	687
627	7	4	36	634	0	681
628	3	6	13	632	0	654
629	1	638	14	33	0	686
630	3	24	10	650	0	687
631	4	8	8	645	0	665
632	2	640	11	34	0	687
633	3	31	9	641	0	684
634	4	10	2	659	0	675
635	6	632	7	34	0	679
636	6	24	612	16	0	658
637	6	9	25	645	0	685
638	645	11	10	28	0	694
639	665	8	7	12	0	692
640	36	5	629	5	0	675
641	626	5	27	9	0	667
642	651	6	13	5	0	675
643	35	618	11	6	0	670
644	10	24	609	6	0	649
645	8	8	627	6	0	649
646	5	7	30	600	0	642
647	619	5	16	28	0	668
648	684	7	8	13	0	712
649	33	5	7	668	0	713
650	696	8	6	38	0	748
651	713	6	7	12	0	738
652	755	10	5	8	0	778
653	37	9	718	11	0	775
654	16	4	625	4	0	649
655	606	3	30	1	0	640
656	23	3	626	8	0	660
657	6	499	8	3	0	516
658	4	10	5	512	0	531
659	4	4	507	7	0	522
660	1	1	507	7	0	516
661	25	2	10	478	0	515
662	3	0	426	8	0	437
663	1	0	400	7	0	408
664	1	365	14	0	0	380
665	1	286	2	1	0	290
666	294	3	3	0	0	300
667	3	1	1	293	0	298
668	297	0	1	2	0	300
669	3	2	281	1	0	287
670	1	1	2	279	0	283
671	1	1	1	295	0	298
672	289	0	1	3	0	293
673	3	282	1	1	0	287
674	3	5	276	2	0	286
675	1	1	285	0	0	287
676	0	292	5	1	0	298
677	0	4	294	0	0	298
678	1	290	3	0	0	294
679	2	280	2	1	0	285
680	2	4	270	3	0	279
681	244	1	2	1	0	248
682	3	0	1	279	0	283
683	1	269	1	2	0	273
684	2	2	0	287	0	291
685	283	0	2	2	0	287
686	251	2	1	1	0	255
687	249	0	1	0	0	250
688	2	0	241	0	0	243
689	1	1	2	243	0	247
690	0	232	2	3	0	237
691	248	3	3	0	0	254
692	3	1	2	244	0	250
693	0	1	2	238	0	241
694	1	2	1	238	0	242
695	1	1	225	3	0	230
696	208	3	2	1	0	214
697	3	229	1	1	0	234
698	2	2	0	232	0	236
699	1	0	1	237	0	239
700	230	0	0	3	0	233
701	3	1	226	0	0	230
702	0	2	230	1	0	233
703	1	202	5	2	0	210
704	2	2	215	1	0	220
705	187	2	4	1	0	194
706	2	230	2	1	0	235
707	0	4	229	2	0	235
708	197	3	6	1	0	207
709	4	0	279	0	0	283
710	0	279	3	0	0	282
711	0	3	1	311	0	315
712	0	1	1	312	0	314
713	2	1	305	3	0	311
714	1	0	297	1	0	299
715	2	290	3	0	0	295
716	299	4	0	2	0	305
717	4	317	2	1	0	324
718	4	3	0	316	0	323
719	2	2	311	3	0	318
720	272	1	7	0	0	280
721	3	1	0	370	0	374
722	2	312	1	4	0	319
723	2	325	1	2	0	330
724	1	3	2	335	0	341
725	1	0	2	336	0	339
726	334	2	2	4	0	342
727	3	1	3	336	0	343
728	2	2	331	4	0	339
729	318	1	1	3	0	323
730	391	1	3	2	0	397
731	3	1	404	3	0	411
732	393	2	3	1	0	399
733	5	0	2	437	0	444
734	0	2	1	434	0	437
735	1	2	0	442	0	445
736	0	1	3	437	0	441
737	4	425	0	7	0	436
738	440	6	2	3	0	451
739	492	1	2	0	0	495
740	8	3	496	2	0	509
741	502	0	10	1	0	513
742	545	1	3	0	0	549
743	638	2	1	0	0	641
744	655	1	2	2	0	660
745	13	627	1	1	0	642
746	4	9	2	703	0	718
747	3	4	689	12	0	708
748	0	5	645	1	0	651
749	621	9	10	3	0	643
750	657	0	5	0	0	662
751	11	631	3	0	0	645
752	655	8	0	0	0	663
753	13	629	0	0	0	642
754	3	12	1	705	0	721
755	709	2	0	9	0	720
756	686	5	0	1	0	692
757	683	1	0	5	0	689
758	14	653	2	0	0	669
759	675	9	0	0	0	684
760	12	2	0	681	0	695
761	682	3	0	10	0	695
762	13	3	657	2	0	675
763	4	645	10	4	0	663
764	673	11	1	0	0	685
765	10	2	699	1	0	712
766	5	2	9	688	0	704
767	9	0	712	9	0	730
768	2	2	694	2	0	700
769	1	2	12	703	0	718
770	4	1	705	10	0	720
771	2	0	12	703	0	717
772	3	0	2	720	0	725
773	710	0	7	10	0	727
774	10	708	1	6	0	725
775	6	762	2	7	0	777
776	4	768	3	0	0	775
777	6	14	732	4	0	756
778	1	6	11	744	0	762
779	1	3	770	11	0	785
780	724	2	13	5	0	744
781	769	1	5	4	0	779
782	12	836	4	4	0	856
783	4	9	5	836	0	854
784	3	836	1	9	0	849
785	851	14	2	4	0	871
786	13	5	1	848	0	867
787	5	5	837	10	0	857
788	3	813	11	4	0	831
789	3	12	849	7	0	871
790	1	3	18	857	0	879
791	4	4	866	14	0	888
792	804	1	15	3	0	823
793	15	6	851	5	0	877
794	6	834	13	3	0	856
795	3	17	4	864	0	888
796	4	2	2	888	0	896
797	871	5	1	14	0	891
798	880	1	5	6	0	892
799	15	836	2	6	0	859
800	6	13	851	1	0	871
801	6	6	854	3	0	869
802	843	4	20	1	0	868
803	16	3	864	5	0	888
804	4	2	850	4	0	860
805	7	6	877	0	0	890
806	6	1	860	5	0	872
807	2	835	21	9	0	867
808	871	14	6	3	0	894
809	18	4	5	825	0	852
810	826	6	2	13	0	847
811	18	745	1	59	0	823
812	805	12	5	3	0	825
813	19	870	1	4	0	894
814	8	14	6	861	0	889
815	4	923	7	11	0	945
816	3	18	869	6	0	896
817	3	883	21	7	0	914
818	6	16	9	912	0	943
819	917	6	6	16	0	945
820	17	6	4	914	0	941
821	4	6	855	17	0	882
822	8	2	15	849	0	874
823	5	842	1	23	0	871
824	2	19	847	4	0	872
825	804	5	16	5	0	830
826	18	7	6	870	0	901
827	958	2	7	15	0	982
828	952	7	2	7	0	968
829	21	927	2	5	0	955
830	911	16	5	3	0	935
831	894	6	0	4	0	904
832	15	858	4	2	0	879
833	10	9	1	864	0	884
834	7	6	3	864	0	880
835	2	837	6	15	0	860
836	3	11	4	977	0	995
837	3	4	963	16	0	986
838	3	6	18	960	0	987
839	3	2	908	23	0	936
840	2	6	872	7	0	887
841	3	851	19	10	0	883
842	4	862	10	2	0	878
843	1	772	4	6	0	783
844	4	12	2	764	0	782
845	5	4	824	8	0	841
846	748	3	12	4	0	767
847	10	3	4	789	0	806
848	4	3	776	11	0	794
849	2	1	760	5	0	768
850	0	749	17	3	0	769
851	2	8	5	780	0	795
852	744	4	2	10	0	760
853	8	740	4	4	0	756
854	3	706	4	2	0	715
855	0	714	2	0	0	716
856	1	16	0	731	0	748
857	0	807	2	12	0	821
858	0	15	1	839	0	855
859	1	4	1	909	0	915
860	1	3	855	20	0	879
861	747	0	18	8	0	773
862	17	2	889	2	0	910
863	6	2	20	901	0	929
864	1	2	932	21	0	956
865	1	896	18	6	0	921
866	923	16	5	5	0	949
867	18	6	7	899	0	930
868	5	5	2	957	0	969
869	935	4	3	22	0	964
870	936	4	3	9	0	952
871	950	6	0	2	0	958
872	25	3	904	3	0	935
873	841	2	18	5	0	866
874	19	892	6	3	0	920
875	8	876	5	1	0	890
876	6	22	3	862	0	893
877	1	9	5	870	0	885
878	0	852	4	23	0	879
879	3	19	1	869	0	892
880	850	11	1	21	0	883
881	19	6	850	8	0	883
882	6	782	16	6	0	810
883	759	21	7	4	0	791
884	21	779	2	3	0	805
885	8	21	779	3	0	811
886	3	7	22	764	0	796
887	3	5	778	21	0	807
888	4	751	22	9	0	786
889	2	19	6	770	0	797
890	2	9	747	16	0	774
891	1	5	753	11	0	770
892	0	4	23	759	0	786
893	765	4	11	18	0	798
894	776	2	4	7	0	789
895	790	2	2	8	0	802
896	24	0	753	3	0	780
897	10	752	17	4	0	783
898	6	18	7	744	0	775
899	8	6	3	755	0	772
900	6	757	4	19	0	786
901	767	18	2	10	0	797
902	19	10	6	771	0	806
903	10	9	746	19	0	784
904	4	741	17	11	0	773
905	734	20	6	7	0	767
906	17	740	5	7	0	769
907	7	21	1	726	0	755
908	6	8	4	750	0	768
909	7	4	5	750	0	766
910	6	4	723	25	0	758
911	6	5	15	709	0	735
912	2	712	10	20	0	744
913	5	632	6	58	0	701
914	4	27	647	10	0	688
915	578	12	19	7	0	616
916	620	6	9	9	0	644
917	17	633	6	9	0	665
918	648	19	5	7	0	679
919	649	7	5	7	0	668
920	27	628	8	4	0	667
921	18	17	4	671	0	710
922	11	11	745	18	0	785
923	11	7	719	10	0	747
924	723	8	30	8	0	769
925	20	758	12	8	0	798
926	9	22	5	780	0	816
927	8	17	4	709	0	738
928	7	10	7	719	0	743
929	692	4	7	30	0	733
930	21	7	7	689	0	724
931	15	8	6	722	0	751
932	8	11	658	29	0	706
933	655	7	21	13	0	696
934	21	690	11	10	0	732
935	697	21	7	10	0	735
936	22	589	4	5	0	620
937	12	23	4	578	0	617
938	585	11	4	20	0	620
939	595	4	7	12	0	618
940	23	8	574	6	0	611
941	673	4	20	6	0	703
942	19	5	676	10	0	710
943	13	1	694	4	0	712
944	7	6	694	5	0	712
945	6	3	668	4	0	681
946	3	4	24	700	0	731
947	6	5	720	18	0	749
948	3	3	16	708	0	730
949	695	5	8	18	0	726
950	14	7	5	716	0	742
951	678	2	6	17	0	703
952	15	693	6	15	0	729
953	7	18	6	701	0	732
954	4	14	631	19	0	668
955	8	696	14	11	0	729
956	8	16	8	647	0	679
957	5	6	589	17	0	617
958	3	545	11	19	0	578
959	3	482	2	7	0	494
960	4	10	499	2	0	515
961	2	5	6	495	0	508
962	1	5	499	7	0	512
963	455	0	7	2	0	464
964	430	0	2	1	0	433
965	6	441	2	0	0	449
966	440	5	1	1	0	447
967	7	2	1	439	0	449
968	3	2	408	6	0	419
969	414	0	4	4	0	422
970	5	1	415	3	0	424
971	3	410	6	1	0	420
972	413	5	2	1	0	421
973	5	2	2	413	0	422
974	2	1	403	6	0	412
975	404	1	5	3	0	413
976	406	1	3	2	0	412
977	402	2	2	0	0	406
978	8	2	1	409	0	420
979	3	3	2	412	0	420
980	1	0	402	9	0	412
981	1	404	6	4	0	415
982	2	5	2	388	0	397
983	2	4	1	412	0	419
984	2	3	402	6	0	413
985	1	1	404	4	0	410
986	2	0	8	411	0	421
987	391	0	3	5	0	399
988	6	401	3	3	0	413
989	407	5	2	2	0	416
990	6	408	2	2	0	418
991	3	7	409	2	0	421
992	4	1	407	1	0	413
993	460	2	7	3	0	472
994	521	3	5	1	0	530
995	12	515	1	3	0	531
996	5	7	516	5	0	533
997	2	1	7	515	0	525
998	5	3	5	503	0	516
999	2	524	4	14	0	544
1000	2	6	4	523	0	535
1001	2	5	520	11	0	538
1002	485	3	7	7	0	502
1003	523	5	8	5	0	541
1004	526	1	7	2	0	536
1005	534	5	4	4	0	547
1006	15	1	517	6	0	539
1007	530	3	8	5	0	546
1008	17	4	516	1	0	538
1009	7	518	11	3	0	539
1010	6	13	6	520	0	545
1011	520	5	10	9	0	544
1012	10	3	8	549	0	570
1013	8	2	530	12	0	552
1014	540	8	12	6	0	566
1015	544	2	7	6	0	559
1016	12	3	9	544	0	568
1017	6	3	5	538	0	552
1018	11	4	493	15	0	523
1019	6	554	9	13	0	582
1020	567	10	7	5	0	589
1021	13	6	510	3	0	532
1022	441	3	5	4	0	453
1023	9	436	7	2	0	454
1024	435	8	2	3	0	448
1025	10	406	6	3	0	425
1026	12	421	3	0	0	436
1027	9	5	4	413	0	431
1028	5	4	5	416	0	430
1029	5	3	3	423	0	434
1030	7	2	4	428	0	441
1031	4	5	408	13	0	430
1032	415	2	8	7	0	432
1033	422	2	6	5	0	435
1034	458	2	3	6	0	469
1035	11	2	5	449	0	467
1036	9	1	5	455	0	470
1037	455	2	4	11	0	472
1038	447	6	3	7	0	463
1039	456	2	2	7	0	467
1040	7	4	7	449	0	467
1041	5	6	2	341	0	354
1042	6	3	332	8	0	349
1043	5	2	324	5	0	336
1044	5	332	8	6	0	351
1045	287	8	3	5	0	303
1046	227	3	3	1	0	234
1047	209	1	1	2	0	213
1048	8	1	201	3	0	213
1049	203	1	4	2	0	210
1050	206	0	3	4	0	213
1051	237	1	0	4	0	242
1052	8	0	1	236	0	245
1053	5	0	0	238	0	243
1054	5	0	1	243	0	249
1055	3	1	224	8	0	236
1056	221	1	1	4	0	227
1057	7	231	3	2	0	243
1058	234	5	2	3	0	244
1059	5	230	1	4	0	240
1060	5	233	1	1	0	240
1061	4	5	1	233	0	243
1062	5	1	1	277	0	284
1063	1	276	3	6	0	286
1064	283	4	1	3	0	291
1065	285	1	2	2	0	290
1066	9	1	1	279	0	290
1067	2	1	277	7	0	287
1068	5	0	271	4	0	280
1069	5	1	304	2	0	312
1070	4	1	303	1	0	309
1071	302	1	7	1	0	311
1072	313	3	2	2	0	320
1073	9	0	1	309	0	319
1074	2	2	350	6	0	360
1075	2	4	5	332	0	343
1076	2	396	1	8	0	407
1077	3	443	2	4	0	452
1078	471	7	1	1	0	480
1079	473	2	2	1	0	478
1080	474	2	2	1	0	479
1081	7	1	1	463	0	472
1082	3	3	3	468	0	477
1083	4	1	2	472	0	479
1084	3	0	2	474	0	479
1085	1	1	467	10	0	479
1086	3	0	5	458	0	466
1087	479	0	2	6	0	487
1088	6	1	1	465	0	473
1089	1	1	3	473	0	478
1090	3	1	2	469	0	475
1091	3	460	2	5	0	470
1092	1	462	2	3	0	468
1093	2	437	1	2	0	442
1094	4	2	0	349	0	355
1095	1	0	0	347	0	348
1096	352	0	0	3	0	355
1097	345	0	1	0	0	346
1098	348	0	0	2	0	350
1099	2	1	0	344	0	347
1100	0	1	0	353	0	354
1101	1	349	0	2	0	352
1102	1	389	0	1	0	391
1103	397	5	0	0	0	402
1104	3	2	0	390	0	395
1105	397	1	0	4	0	402
1106	447	0	1	2	0	450
1107	4	0	0	436	0	440
1108	1	426	1	3	0	431
1109	450	4	0	1	0	455
1110	447	0	0	0	0	447
1111	4	0	488	2	0	494
1112	470	0	3	0	0	473
1113	3	471	1	0	0	475
1114	0	2	0	516	0	518
1115	615	0	0	4	0	619
1116	4	1	0	586	0	591
1117	0	0	0	608	0	608
1118	0	598	0	3	0	601
1119	567	4	0	0	0	571
1120	564	0	0	0	0	564
1121	4	540	0	1	0	545
1122	0	584	0	1	0	585
1123	607	3	0	0	0	610
1124	604	0	0	0	0	604
1125	4	0	574	0	0	578
1126	0	2	549	0	0	551
1127	0	0	607	0	0	607
1128	0	0	4	585	0	589
1129	0	0	0	631	0	631
1130	1	0	622	4	0	627
1131	600	0	3	1	0	604
1132	638	0	0	1	0	639
1133	641	1	0	0	0	642
1134	612	0	0	0	0	612
1135	5	0	607	0	0	612
1136	586	1	4	0	0	591
1137	671	0	0	0	0	671
1138	663	0	0	0	0	663
1139	673	0	0	0	0	673
1140	660	0	1	0	0	661
1141	4	0	657	1	0	662
1142	0	624	7	0	0	631
1143	0	4	0	663	0	667
1144	0	0	0	677	0	677
1145	0	1	659	3	0	663
1146	605	0	3	0	0	608
1147	5	0	0	653	0	658
1148	1	0	655	4	0	660
1149	2	0	629	0	0	631
1150	0	622	7	0	0	629
1151	1	4	0	677	0	682
1152	1	0	0	683	0	684
1153	0	2	0	683	0	685
1154	690	0	0	4	0	694
1155	5	0	0	680	0	685
1156	0	0	669	4	0	673
1157	0	5	613	0	0	618
1158	0	1	652	1	0	654
1159	0	0	3	645	0	648
1160	699	0	1	4	0	704
1161	5	0	695	0	0	700
1162	639	0	3	1	0	643
1163	672	0	1	0	0	673
1164	4	0	1	656	0	661
1165	0	2	1	649	0	652
1166	0	678	1	8	0	687
1167	0	5	682	1	0	688
1168	638	0	3	1	0	642
1169	5	0	0	673	0	678
1170	1	669	0	5	0	675
1171	1	4	1	686	0	692
1172	1	0	672	5	0	678
1173	0	1	5	662	0	668
1174	1	606	0	6	0	613
1175	3	4	0	626	0	633
1176	605	0	4	5	0	614
1177	6	0	0	595	0	601
1178	1	576	0	3	0	580
1179	0	586	0	2	0	588
1180	577	4	0	1	0	582
1181	5	2	579	1	0	587
1182	0	1	5	577	0	583
1183	2	1	0	603	0	606
1184	2	0	615	5	0	622
1185	1	585	6	1	0	593
1186	0	5	631	1	0	637
1187	0	1	5	619	0	625
1188	1	636	2	4	0	643
1189	666	4	0	1	0	671
1190	3	639	2	3	0	647
1191	2	648	0	0	0	650
1192	666	4	1	1	0	672
1193	707	1	0	1	0	709
1194	713	0	0	0	0	713
1195	5	0	1	703	0	709
1196	2	1	695	4	0	702
1197	660	0	4	1	0	665
1198	711	0	0	1	0	712
1199	6	0	1	771	0	778
1200	1	4	769	10	0	784
1201	1	747	12	0	0	760
1202	727	8	0	0	0	735
1203	733	1	0	1	0	735
1204	7	724	0	1	0	732
1205	0	769	0	1	0	770
1206	730	7	0	0	0	737
1207	722	0	0	1	0	723
1208	732	0	1	1	0	734
1209	8	0	1	722	0	731
1210	0	1	714	8	0	723
1211	0	0	7	678	0	685
1212	1	1	715	8	0	725
1213	1	666	4	1	0	672
1214	0	689	0	0	0	689
1215	0	6	0	611	0	617
1216	0	0	0	615	0	615
1217	0	0	0	614	0	614
1218	0	607	0	5	0	612
1219	616	5	0	0	0	621
1220	596	0	0	1	0	597
1221	6	602	0	0	0	608
1222	0	6	0	580	0	586
1223	0	574	0	6	0	580
1224	0	6	0	581	0	587
1225	0	569	0	5	0	574
1226	581	6	0	0	0	587
1227	6	0	0	533	0	539
1228	0	1	523	6	0	530
1229	518	0	6	0	0	524
1230	524	0	0	0	0	524
1231	6	0	532	0	0	538
1232	0	0	5	522	0	527
1233	0	0	553	6	0	559
1234	0	0	7	551	0	558
1235	0	1	554	7	0	562
1236	522	0	6	0	0	528
1237	5	1	0	504	0	510
1238	1	524	0	5	0	530
1239	617	9	0	1	0	627
1240	9	1	0	614	0	624
1241	0	1	0	624	0	625
1242	1	1	614	8	0	624
1243	1	1	8	705	0	715
1244	2	0	715	9	0	726
1245	2	2	745	7	0	756
1246	2	0	15	751	0	768
1247	1	0	756	11	0	768
1248	882	1	10	8	0	901
1249	1100	1	6	1	0	1108
1250	1225	3	0	0	0	1228
1251	35	1276	0	1	0	1312
1252	18	27	2	1278	0	1325
1253	8	16	0	1232	0	1256
1254	2	1306	0	39	0	1347
1255	1302	25	4	20	0	1351
1256	27	15	0	1367	0	1409
1257	17	11	1371	27	0	1426
1258	12	4	1329	18	0	1363
1259	3	1301	39	10	0	1353
1260	1351	24	23	5	0	1403
1261	28	16	1329	2	0	1375
1262	1259	9	34	2	0	1304
1263	32	1279	17	4	0	1332
1264	59	23	1302	5	0	1389
1265	14	11	1339	4	0	1368
1266	5	11	1290	1	0	1307
1267	7	1236	51	3	0	1297
1268	3	26	1316	9	0	1354
1269	1270	15	41	1	0	1327
1270	27	10	22	1301	0	1360
1271	17	5	12	1348	0	1382
1272	12	3	6	1366	0	1387
1273	7	1	5	1383	0	1396
1274	9	4	1283	58	0	1354
1275	6	6	26	1332	0	1370
1276	4	4	22	1329	0	1359
1277	1259	3	11	44	0	1317
1278	1266	5	4	25	0	1300
1279	1262	6	7	14	0	1289
1280	51	4	1155	6	0	1216
1281	26	1225	29	7	0	1287
1282	11	1307	21	5	0	1344
1283	1195	43	17	4	0	1259
1284	24	1275	7	7	0	1313
1285	16	41	8	1253	0	1318
1286	11	17	12	1286	0	1326
1287	11	12	1217	47	0	1287
1288	6	1164	30	32	0	1232
1289	6	28	1225	19	0	1278
1290	1166	16	44	8	0	1234
1291	1319	14	18	8	0	1359
1292	46	4	18	1298	0	1366
1293	33	4	9	1275	0	1321
1294	14	8	5	1287	0	1314
1295	10	2	7	1312	0	1331
1296	7	8	1254	62	0	1331
1297	10	7	30	1283	0	1330
1298	13	1	1313	49	0	1376
1299	3	9	1199	26	0	1237
1300	4	1202	44	19	0	1269
1301	1330	24	33	12	0	1399
1302	34	1351	17	3	0	1405
1303	24	48	6	1354	0	1432
1304	16	19	1411	44	0	1490
1305	1339	11	43	17	0	1410
1306	44	10	1391	12	0	1457
1307	1392	10	53	13	0	1468
1308	1411	4	32	9	0	1456
1309	57	7	19	1388	0	1471
1310	32	9	10	1412	0	1463
1311	18	5	13	1437	0	1473
1312	10	7	1295	77	0	1389
1313	1287	1	41	49	0	1378
1314	38	1287	32	21	0	1378
1315	31	48	13	1340	0	1432
1316	1364	23	13	46	0	1446
1317	1412	11	10	27	0	1460
1318	1412	10	7	25	0	1454
1319	78	17	1355	18	0	1468
1320	1387	7	43	20	0	1457
1321	1414	7	29	25	0	1475
1322	62	14	1310	14	0	1400
1323	45	9	1394	13	0	1461
1324	19	11	62	1367	0	1459
1325	16	7	1428	49	0	1500
1326	13	1366	63	26	0	1468
1327	13	1450	30	21	0	1514
1328	1376	65	21	14	0	1476
1329	47	1432	21	11	0	1511
1330	29	56	15	1436	0	1536
1331	1383	28	16	47	0	1474
1332	44	1429	18	29	0	1520
1333	34	42	18	1411	0	1505
1334	22	17	19	1454	0	1512
1335	10	14	1376	73	0	1473
1336	8	8	49	1403	0	1468
1337	11	5	1406	69	0	1491
1338	11	7	1348	41	0	1407
1339	11	7	63	1279	0	1360
1340	9	6	32	1340	0	1387
1341	1305	6	22	75	0	1408
1342	53	1425	12	43	0	1533
1343	23	51	6	1327	0	1407
1344	19	23	6	1372	0	1420
1345	1293	13	6	69	0	1381
1346	60	1254	8	32	0	1354
1347	24	1305	13	17	0	1359
1348	13	1127	6	12	0	1158
1349	4	975	2	7	0	988
1350	770	36	2	3	0	811
1351	722	7	1	3	0	733
1352	693	2	1	3	0	699
1353	708	0	1	1	0	710
1354	37	1	1	667	0	706
1355	6	2	654	32	0	694
1356	3	606	25	6	0	640
1357	1	27	3	601	0	632
1358	2	5	599	30	0	636
1359	3	2	31	598	0	634
1360	3	1	4	623	0	631
1361	2	0	593	35	0	630
1362	4	1	27	595	0	627
1363	2	1	7	607	0	617
1364	610	1	2	35	0	648
1365	635	2	3	8	0	648
1366	643	0	1	4	0	648
1367	639	1	1	2	0	643
1368	63	0	1	574	0	638
1369	8	0	3	626	0	637
1370	3	0	2	647	0	652
1371	607	0	4	38	0	649
1372	34	2	1	601	0	638
1373	8	4	0	632	0	644
1374	6	3	595	37	0	641
1375	5	1	29	587	0	622
1376	6	573	4	33	0	616
1377	2	621	6	4	0	633
1378	600	33	3	6	0	642
1379	34	8	595	4	0	641
1380	7	593	30	4	0	634
1381	576	30	5	2	0	613
1382	31	5	4	580	0	620
1383	8	2	563	32	0	605
1384	3	3	31	547	0	584
1385	1	554	5	35	0	595
1386	558	32	3	5	0	598
1387	31	578	2	2	0	613
1388	610	35	2	4	0	651
1389	628	5	2	6	0	641
1390	36	3	3	606	0	648
1391	7	3	0	556	0	566
1392	2	539	4	36	0	581
1393	550	33	1	8	0	592
1394	32	7	537	4	0	580
1395	520	4	30	5	0	559
1396	535	1	7	1	0	544
1397	38	2	494	1	0	535
1398	9	9	30	452	0	500
1399	462	0	5	36	0	503
1400	33	1	456	7	0	497
1401	6	2	356	4	0	368
1402	338	0	24	3	0	365
1403	20	341	7	3	0	371
1404	3	352	1	1	0	357
1405	2	14	3	338	0	357
1406	0	2	334	16	0	352
1407	320	2	15	2	0	339
1408	14	2	332	2	0	350
1409	3	330	18	3	0	354
1410	342	19	2	1	0	364
1411	14	3	2	344	0	363
1412	339	4	0	17	0	360
1413	19	2	335	2	0	358
1414	1	4	17	332	0	354
1415	3	337	1	15	0	356
1416	1	19	2	335	0	357
1417	2	4	1	345	0	352
1418	6	3	319	16	0	344
1419	5	284	15	3	0	307
1420	5	304	0	2	0	311
1421	3	14	309	3	0	329
1422	309	1	16	6	0	332
1423	334	2	3	2	0	341
1424	16	4	1	325	0	346
1425	277	1	2	20	0	300
1426	15	306	5	4	0	330
1427	1	325	1	5	0	332
1428	318	16	1	3	0	338
1429	17	2	4	318	0	341
1430	321	1	1	16	0	339
1431	332	1	1	3	0	337
1432	19	2	2	314	0	337
1433	7	0	311	16	0	334
1434	310	2	14	4	0	330
1435	330	3	2	1	0	336
1436	16	1	2	312	0	331
1437	2	309	2	20	0	333
1438	2	12	2	318	0	334
1439	6	1	309	15	0	331
1440	3	3	277	5	0	288
1441	2	267	11	6	0	286
1442	1	2	0	162	0	165
1443	0	0	1	164	0	165
1444	0	2	162	1	0	165
1445	147	0	2	0	0	149
1446	161	0	1	1	0	163
1447	161	0	0	0	0	161
1448	154	0	1	1	0	156
1449	1	153	2	1	0	157
1450	1	201	0	1	0	203
1451	205	2	0	1	0	208
1452	3	2	1	261	0	267
1453	4	0	1	259	0	264
1454	1	258	0	8	0	267
1455	1	7	0	321	0	329
1456	2	5	2	303	0	312
1457	1	311	0	11	0	323
1458	1	3	311	7	0	322
1459	1	5	4	318	0	328
1460	322	1	5	5	0	333
1461	318	2	3	6	0	329
1462	10	3	310	1	0	324
1463	8	1	317	1	0	327
1464	4	0	318	3	0	325
1465	3	0	9	315	0	327
1466	5	1	322	5	0	333
1467	2	2	292	5	0	301
1468	1	1	11	287	0	300
1469	2	287	7	4	0	300
1470	6	6	295	6	0	313
1471	0	334	6	3	0	343
1472	335	11	6	2	0	354
1473	9	335	3	4	0	351
1474	8	9	2	336	0	355
1475	333	7	5	8	0	353
1476	8	5	1	341	0	355
1477	9	1	0	342	0	352
1478	3	2	322	15	0	342
1479	1	305	11	10	0	327
1480	4	335	8	3	0	350
1481	2	14	2	334	0	352
1482	1	7	0	338	0	346
1483	2	3	2	345	0	352
1484	1	2	328	16	0	347
1485	0	4	332	9	0	345
1486	300	4	13	3	0	320
1487	10	0	338	2	0	350
1488	6	2	312	3	0	323
1489	4	292	13	4	0	313
1490	1	5	8	307	0	321
1491	2	7	312	8	0	329
1492	2	4	7	309	0	322
1493	1	0	313	10	0	324
1494	0	0	9	316	0	325
1495	0	2	312	10	0	324
1496	0	2	11	310	0	323
1497	0	1	8	301	0	310
1498	2	298	1	16	0	317
1499	1	8	3	306	0	318
1500	0	302	1	11	0	314
1501	1	10	3	318	0	332
1502	1	7	3	321	0	332
1503	313	1	2	15	0	331
1504	9	1	3	278	0	291
1505	8	1	270	9	0	288
1506	1	3	7	278	0	289
1507	0	1	9	280	0	290
1508	1	1	271	16	0	289
1509	1	1	266	11	0	279
1510	1	1	14	264	0	280
1511	0	2	10	269	0	281
1512	0	2	265	17	0	284
1513	0	254	9	13	0	276
1514	1	270	8	5	0	284
1515	268	15	1	3	0	287
1516	8	7	3	277	0	295
1517	305	3	4	10	0	322
1518	297	3	3	13	0	316
1519	15	287	2	9	0	313
1520	303	7	3	8	0	321
1521	277	7	4	7	0	295
1522	13	4	269	6	0	292
1523	8	3	9	280	0	300
1524	4	3	276	10	0	293
1525	1	3	12	282	0	298
1526	4	1	244	12	0	261
1527	4	233	10	12	0	259
1528	2	242	13	5	0	262
1529	2	15	7	243	0	267
1530	243	10	5	12	0	270
1531	8	5	4	249	0	266
1532	7	0	7	249	0	263
1533	4	4	240	17	0	265
1534	2	1	246	15	0	264
1535	1	4	250	6	0	261
1536	4	2	16	241	0	263
1537	1	5	9	261	0	276
1538	2	263	7	21	0	293
1539	1	283	6	9	0	299
1540	262	17	3	11	0	293
1541	13	276	4	9	0	302
1542	8	14	265	5	0	292
1543	3	11	12	276	0	302
1544	2	7	271	16	0	296
1545	2	272	15	12	0	301
1546	2	12	12	278	0	304
1547	264	8	6	14	0	292
1548	10	3	267	17	0	297
1549	6	268	15	10	0	299
1550	4	12	228	4	0	248
1551	2	240	12	3	0	257
1552	1	8	5	184	0	198
1553	184	3	0	13	0	200
1554	189	0	3	4	0	196
1555	10	121	2	4	0	137
1556	125	7	2	4	0	138
1557	7	4	4	125	0	140
1558	127	1	4	9	0	141
1559	6	2	122	5	0	135
1560	4	1	124	4	0	133
1561	1	2	8	112	0	123
1562	1	2	2	191	0	196
1563	4	1	172	15	0	192
1564	2	2	15	180	0	199
1565	177	4	4	14	0	199
1566	183	1	3	6	0	193
1567	14	168	2	2	0	186
1568	2	192	3	5	0	202
1569	174	15	1	2	0	192
1570	13	38	2	144	0	197
1571	138	4	2	9	0	153
1572	9	141	3	0	0	153
1573	145	9	1	3	0	158
1574	8	3	144	1	0	156
1575	1	4	148	3	0	156
1576	2	2	8	144	0	156
1577	5	1	141	11	0	158
1578	2	2	9	133	0	146
1579	2	2	4	149	0	157
1580	0	3	144	11	0	158
1581	3	1	11	142	0	157
1582	2	1	1	149	0	153
1583	1	1	168	11	0	181
1584	2	3	169	3	0	177
1585	167	2	10	4	0	183
1586	10	1	168	4	0	183
1587	169	0	9	0	0	178
1588	186	1	1	0	0	188
1589	10	0	173	0	0	183
1590	0	1	188	0	0	189
1591	1	0	9	168	0	178
1592	2	1	0	166	0	169
1593	1	170	1	9	0	181
1594	1	178	1	0	0	180
1595	1	11	174	1	0	187
1596	171	0	11	2	0	184
1597	183	0	0	1	0	184
1598	11	1	178	0	0	190
1599	2	1	177	1	0	181
1600	1	0	11	166	0	178
1601	2	175	2	10	0	189
1602	1	10	3	168	0	182
1603	2	1	1	183	0	187
1604	179	2	1	11	0	193
1605	186	4	0	0	0	190
1606	10	2	1	179	0	192
1607	3	1	174	12	0	190
1608	172	0	10	1	0	183
1609	11	172	1	1	0	185
1610	178	11	0	1	0	190
1611	178	1	2	2	0	183
1612	13	172	3	0	0	188
1613	0	185	2	2	0	189
1614	1	10	3	176	0	190
1615	2	0	1	185	0	188
1616	1	172	1	11	0	185
1617	1	11	2	144	0	158
1618	0	0	1	168	0	169
1619	2	0	179	11	0	192
1620	176	2	11	2	0	191
1621	189	1	2	2	0	194
1622	193	1	2	1	0	197
1623	13	0	3	182	0	198
1624	185	1	1	12	0	199
1625	12	178	0	1	0	191
1626	3	12	1	170	0	186
1627	2	173	2	8	0	185
1628	1	191	5	3	0	200
1629	183	11	2	3	0	199
1630	190	0	0	2	0	192
1631	195	1	2	1	0	199
1632	191	3	2	2	0	198
1633	196	1	1	2	0	200
1634	15	1	173	1	0	190
1635	182	1	10	1	0	194
1636	13	3	178	1	0	195
1637	144	1	10	2	0	157
1638	157	0	0	1	0	158
1639	159	3	0	1	0	163
1640	11	1	188	2	0	202
1641	3	0	10	177	0	190
1642	5	228	0	7	0	240
1643	240	10	1	1	0	252
1644	244	0	2	2	0	248
1645	9	233	3	1	0	246
1646	240	10	0	1	0	251
1647	12	2	1	229	0	244
1648	4	221	0	11	0	236
1649	231	9	1	1	0	242
1650	236	2	0	1	0	239
1651	9	3	1	226	0	239
1652	230	0	0	13	0	243
1653	11	1	1	227	0	240
1654	2	3	0	240	0	245
1655	2	1	221	11	0	235
1656	1	1	11	224	0	237
1657	4	1	1	235	0	241
1658	4	3	225	9	0	241
1659	4	3	230	1	0	238
1660	2	0	9	226	0	237
1661	4	0	223	11	0	238
1662	160	2	4	2	0	168
1663	7	167	0	3	0	177
1664	1	5	2	202	0	210
1665	0	1	2	209	0	212
1666	3	0	1	208	0	212
1667	208	2	1	5	0	216
1668	203	0	1	3	0	207
1669	209	0	1	3	0	213
1670	7	217	2	1	0	227
1671	2	5	1	223	0	231
1672	2	1	1	227	0	231
1673	229	1	2	5	0	237
1674	226	2	0	1	0	229
1675	7	1	0	224	0	232
1676	4	0	219	5	0	228
1677	218	0	4	1	0	223
1678	223	1	1	0	0	225
1679	7	1	217	0	0	225
1680	210	0	5	2	0	217
1681	7	1	238	1	0	247
1682	241	1	6	1	0	249
1683	7	0	0	224	0	231
1684	2	269	0	6	0	277
1685	3	6	261	0	0	270
1686	4	264	5	1	0	274
1687	3	244	0	0	0	247
1688	387	1	1	1	0	390
1689	3	0	0	375	0	378
1690	0	0	1	391	0	392
1691	445	0	0	2	0	447
1692	1	0	1	441	0	443
1693	0	1	0	432	0	433
1694	0	0	1	437	0	438
1695	0	0	1	435	0	436
1696	0	1	439	1	0	441
1697	1	0	418	1	0	420
1698	0	419	2	1	0	422
1699	432	1	0	1	0	434
1700	2	1	0	436	0	439
1701	0	412	1	3	0	416
1702	0	0	0	455	0	455
1703	0	0	0	450	0	450
1704	1	0	0	450	0	451
1705	1	0	1	462	0	464
1706	1	0	1	465	0	467
1707	0	454	1	1	0	456
1708	1	1	0	494	0	496
1709	0	0	480	2	0	482
1710	1	526	1	1	0	529
1711	1	1	0	557	0	559
1712	0	0	0	557	0	557
1713	0	532	1	2	0	535
1714	1	548	0	2	0	551
1715	559	1	0	0	0	560
1716	1	536	0	0	0	537
1717	556	1	1	1	0	559
1718	535	0	2	0	0	537
1719	0	0	562	0	0	562
1720	0	1	1	519	0	521
1721	0	0	569	0	0	569
1722	0	550	2	0	0	552
1723	0	0	1	559	0	560
1724	0	0	0	561	0	561
1725	0	0	0	560	0	560
1726	0	0	0	572	0	572
1727	0	0	592	0	0	592
1728	0	0	0	585	0	585
1729	0	0	592	0	0	592
1730	0	2	566	0	0	568
1731	506	0	0	0	0	506
1732	573	0	0	0	0	573
1733	589	0	0	0	0	589
1734	0	551	0	0	0	551
1735	0	0	0	596	0	596
1736	0	0	571	0	0	571
1737	0	0	0	537	0	537
1738	1	0	585	0	0	586
1739	564	0	0	0	0	564
1740	535	0	0	1	0	536
1741	546	0	0	1	0	547
1742	1	1	486	0	0	488
1743	1	0	482	0	0	483
1744	0	0	0	491	0	491
1745	0	0	0	497	0	497
1746	0	0	0	520	0	520
1747	0	0	507	0	0	507
1748	0	1	463	0	0	464
1749	476	0	0	0	0	476
1750	0	0	0	512	0	512
1751	0	0	0	508	0	508
1752	536	0	0	0	0	536
1753	0	0	0	533	0	533
1754	536	0	0	0	0	536
1755	532	0	1	0	0	533
1756	505	0	0	0	0	505
1757	0	0	529	0	0	529
1758	0	503	0	0	0	503
1759	599	0	0	0	0	599
1760	0	0	0	570	0	570
1761	0	0	0	590	0	590
1762	0	564	0	0	0	564
1763	592	0	0	0	0	592
1764	557	0	0	0	0	557
1765	561	0	0	0	0	561
1766	0	546	0	0	0	546
1767	613	0	0	0	0	613
1768	612	0	0	0	0	612
1769	611	0	0	1	0	612
1770	0	0	0	569	0	569
1771	0	0	0	582	0	582
1772	0	0	581	0	0	581
1773	0	0	0	559	0	559
1774	0	0	0	577	0	577
1775	2	0	585	0	0	587
1776	541	0	0	1	0	542
1777	587	0	0	0	0	587
1778	0	0	0	583	0	583
1779	0	573	0	1	0	574
1780	0	565	0	2	0	567
1781	0	0	0	570	0	570
1782	0	0	549	0	0	549
1783	0	0	0	535	0	535
1784	0	0	595	0	0	595
1785	0	1	579	1	0	581
1786	0	0	0	655	0	655
1787	684	0	0	0	0	684
1788	600	0	0	0	0	600
1789	0	0	0	640	0	640
1790	0	0	0	664	0	664
1791	0	0	0	618	0	618
1792	0	2	0	610	0	612
1793	624	0	0	1	0	625
1794	596	0	0	0	0	596
1795	621	0	0	0	0	621
1796	0	0	605	0	0	605
1797	0	0	0	604	0	604
1798	0	0	0	616	0	616
1799	625	0	1	0	0	626
1800	0	603	1	0	0	604
1801	643	0	0	0	0	643
1802	659	0	0	0	0	659
1803	652	0	0	0	0	652
1804	647	0	0	0	0	647
1805	0	2	616	0	0	618
1806	0	3	556	0	0	559
1807	669	0	0	0	0	669
1808	673	0	0	0	0	673
1809	666	0	0	0	0	666
1810	595	0	0	1	0	596
1811	0	0	641	0	0	641
1812	0	643	0	0	0	643
1813	0	1	1	701	0	703
1814	721	0	1	2	0	724
1815	737	0	0	0	0	737
1816	865	0	0	0	0	865
1817	892	1	0	0	0	893
1818	893	0	0	1	0	894
1819	836	0	1	1	0	838
1820	9	0	787	0	0	796
1821	7	1	803	0	0	811
1822	4	0	7	799	0	810
1823	5	1	804	4	0	814
1824	7	770	8	3	0	788
1825	6	789	8	1	0	804
1826	3	5	5	817	0	830
1827	2	4	812	6	0	824
1828	2	5	775	5	0	787
1829	767	3	8	3	0	781
1830	930	5	4	1	0	940
1831	18	3	2	944	0	967
1832	959	2	3	17	0	981
1833	15	1	7	956	0	979
1834	11	1	4	960	0	976
1835	6	1	946	22	0	975
1836	3	1	958	12	0	974
1837	4	1	22	939	0	966
1838	4	1	945	17	0	967
1839	897	0	16	14	0	927
1840	959	1	11	4	0	975
1841	21	979	6	3	0	1009
1842	1014	15	3	5	0	1037
1843	17	7	984	3	0	1011
1844	990	1	21	3	0	1015
1845	1015	0	9	1	0	1025
1846	1025	4	2	1	0	1032
1847	32	2	0	953	0	987
1848	14	974	5	15	0	1008
1849	1005	16	3	6	0	1030
1850	1056	5	3	4	0	1068
1851	33	2	3	1025	0	1063
1852	1032	0	2	24	0	1058
1853	23	1034	3	13	0	1073
1854	12	21	3	1086	0	1122
1855	10	9	1072	24	0	1115
1856	946	2	22	18	0	988
1857	24	1	1057	5	0	1087
1858	12	6	21	1023	0	1062
1859	9	987	9	24	0	1029
1860	9	1153	5	9	0	1176
1861	11	29	4	1152	0	1196
1862	10	1255	5	20	0	1290
1863	8	26	4	1586	0	1624
1864	8	14	5	1626	0	1653
1865	7	10	6	1692	0	1715
1866	1627	6	4	67	0	1704
1867	51	6	1	1614	0	1672
1868	20	5	1527	61	0	1613
1869	14	1613	45	25	0	1697
1870	1633	49	14	19	0	1715
1871	60	15	4	1671	0	1750
1872	23	9	5	1721	0	1758
1873	14	4	12	1763	0	1793
1874	12	9	1614	67	0	1702
1875	15	1648	51	30	0	1744
1876	1692	49	18	21	0	1780
1877	58	15	10	1578	0	1661
1878	20	1678	7	58	0	1763
1879	1698	52	9	25	0	1784
1880	59	21	1676	20	0	1776
1881	1662	14	61	10	0	1747
1882	62	11	1688	13	0	1774
1883	25	14	1717	11	0	1767
1884	21	1584	68	31	0	1704
1885	18	52	25	1597	0	1692
1886	18	15	1538	60	0	1631
1887	16	1505	62	29	0	1612
1888	6	55	28	1441	0	1530
1889	7	1475	20	56	0	1558
1890	14	58	1452	22	0	1546
1891	9	19	63	1471	0	1562
1892	9	16	1469	65	0	1559
1893	10	13	61	1480	0	1564
1894	7	15	20	1539	0	1581
1895	11	11	1468	73	0	1563
1896	7	10	66	1494	0	1577
1897	1430	7	25	67	0	1529
1898	58	1453	18	34	0	1563
1899	22	58	1443	27	0	1550
1900	1442	16	58	18	0	1534
1901	61	12	21	1360	0	1454
1902	27	1395	17	58	0	1497
1903	1433	59	15	20	0	1527
1904	1466	20	12	16	0	1514
1905	75	16	11	1404	0	1506
1906	27	14	4	1464	0	1509
1907	21	14	6	1440	0	1481
1908	14	14	11	1416	0	1455
1909	18	1365	10	88	0	1481
1910	18	93	9	1299	0	1419
1911	16	1296	8	77	0	1397
1912	10	1303	11	40	0	1364
1913	8	1301	16	32	0	1357
1914	13	74	1187	22	0	1296
1915	9	1253	56	23	0	1341
1916	1093	58	15	19	0	1185
1917	48	1087	11	21	0	1167
1918	18	57	12	969	0	1056
1919	11	1084	9	56	0	1160
1920	12	58	14	1079	0	1163
1921	13	26	9	1133	0	1181
1922	12	18	1053	77	0	1160
1923	1060	17	52	28	0	1157
1924	1094	21	11	21	0	1147
1925	1106	9	13	17	0	1145
1926	67	1063	13	26	0	1169
1927	22	52	14	1074	0	1162
1928	17	19	1028	62	0	1126
1929	13	1045	58	31	0	1147
1930	11	52	17	838	0	918
1931	11	927	16	44	0	998
1932	937	49	18	14	0	1018
1933	971	23	9	18	0	1021
1934	977	17	12	18	0	1024
1935	970	17	14	16	0	1017
1936	52	16	13	923	0	1004
1937	21	11	14	925	0	971
1938	17	935	13	48	0	1013
1939	11	49	9	967	0	1036
1940	13	15	932	59	0	1019
1941	8	12	42	909	0	971
1942	7	12	861	58	0	938
1943	9	825	46	62	0	942
1944	10	39	884	19	0	952
1945	6	14	50	890	0	960
1946	10	18	902	50	0	980
1947	7	16	48	907	0	978
1948	7	16	15	944	0	982
1949	15	11	16	944	0	986
1950	12	11	12	903	0	938
1951	878	10	11	58	0	957
1952	39	881	10	27	0	957
1953	860	38	6	29	0	933
1954	42	14	804	23	0	883
1955	817	17	34	24	0	892
1956	849	12	12	17	0	890
1957	60	16	808	15	0	899
1958	22	14	838	14	0	888
1959	13	816	40	15	0	884
1960	10	736	14	13	0	773
1961	15	40	641	10	0	706
1962	9	515	30	10	0	564
1963	1	46	2	175	0	224
1964	213	3	2	5	0	223
1965	6	5	0	176	0	187
1966	174	4	1	8	0	187
1967	169	4	3	3	0	179
1968	5	170	3	5	0	183
1969	118	1	0	0	0	119
1970	115	0	0	0	0	115
1971	1	0	0	114	0	115
1972	145	0	0	1	0	146
1973	1	136	0	1	0	138
1974	0	1	0	143	0	144
1975	141	0	0	1	0	142
1976	1	0	143	1	0	145
1977	135	0	1	0	0	136
1978	1	0	0	139	0	140
1979	0	0	139	1	0	140
1980	0	0	130	0	0	130
1981	129	1	2	0	0	132
1982	131	0	0	0	0	131
1983	1	1	0	131	0	133
1984	0	0	0	128	0	128
1985	0	0	0	131	0	131
1986	0	133	0	1	0	134
1987	147	1	0	0	0	148
1988	1	140	0	1	0	142
1989	147	1	0	0	0	148
1990	1	0	143	0	0	144
1991	0	0	1	143	0	144
1992	148	0	0	1	0	149
1993	1	0	0	147	0	148
1994	0	0	0	147	0	147
1995	0	142	0	1	0	143
1996	142	1	0	0	0	143
1997	1	142	0	0	0	143
1998	0	1	0	147	0	148
1999	0	0	145	1	0	146
2000	154	0	2	0	0	156
2001	1	0	163	0	0	164
2002	151	0	1	0	0	152
2003	1	156	0	0	0	157
2004	0	1	0	168	0	169
2005	0	166	0	1	0	167
2006	194	1	0	0	0	195
2007	1	0	0	213	0	214
2008	0	0	0	217	0	217
2009	0	0	210	2	0	212
2010	185	0	2	1	0	188
2011	2	0	0	216	0	218
2012	0	0	210	2	0	212
2013	1	198	2	0	0	201
2014	0	2	0	213	0	215
2015	214	0	1	2	0	217
2016	2	0	0	210	0	212
2017	0	0	207	3	0	210
2018	208	0	2	0	0	210
2019	1	0	0	216	0	217
2020	0	0	257	2	0	259
2021	1	0	6	251	0	258
2022	0	0	1	259	0	260
2023	0	256	3	6	0	265
2024	257	6	0	4	0	267
2025	6	263	0	2	0	271
2026	262	8	0	0	0	270
2027	7	1	0	321	0	329
2028	1	323	0	4	0	328
2029	3	6	0	326	0	335
2030	0	1	314	8	0	323
2031	296	3	5	1	0	305
2032	6	0	1	307	0	314
2033	1	0	3	306	0	310
2034	3	0	0	311	0	314
2035	0	0	301	10	0	311
2036	0	1	292	3	0	296
2037	0	286	7	3	0	296
2038	0	5	3	287	0	295
2039	283	1	3	5	0	292
2040	4	289	0	1	0	294
2041	2	5	0	290	0	297
2042	312	1	0	5	0	318
2043	309	2	1	1	0	313
2044	5	302	0	2	0	309
2045	322	5	0	0	0	327
2046	316	1	0	0	0	317
2047	8	2	0	309	0	319
2048	4	302	0	7	0	313
2049	3	5	0	320	0	328
2050	314	1	1	10	0	326
2051	8	3	310	1	0	322
2052	1	0	7	314	0	322
2053	2	0	1	323	0	326
2054	0	1	351	8	0	360
2055	1	1	7	353	0	362
2056	388	0	0	10	0	398
2057	364	0	3	2	0	369
2058	6	0	1	370	0	377
2059	5	0	363	7	0	375
2060	1	1	336	4	0	342
2061	0	355	8	3	0	366
2062	0	361	4	1	0	366
2063	0	6	3	367	0	376
2064	357	5	0	6	0	368
2065	8	358	0	1	0	367
2066	370	8	0	3	0	381
2067	9	1	0	364	0	374
2068	1	3	0	372	0	376
2069	363	1	0	8	0	372
2070	7	355	0	5	0	367
2071	360	7	2	3	0	372
2072	10	1	323	0	0	334
2073	2	3	330	1	0	336
2074	4	1	8	314	0	327
2075	0	0	330	9	0	339
2076	1	1	332	1	0	335
2077	0	0	9	319	0	328
2078	3	1	363	7	0	374
2079	1	0	13	358	0	372
2080	1	0	1	381	0	383
2081	0	1	369	9	0	379
2082	0	0	9	367	0	376
2083	2	0	1	370	0	373
2084	2	358	3	8	0	371
2085	360	8	0	4	0	372
2086	10	1	349	5	0	365
2087	2	4	9	341	0	356
2088	4	0	1	351	0	356
2089	1	2	341	9	0	353
2090	297	2	8	5	0	312
2091	7	336	1	6	0	350
2092	2	7	6	339	0	354
2093	4	2	1	347	0	354
2094	1	341	0	10	0	352
2095	0	8	327	5	0	340
2096	0	329	6	7	0	342
2097	344	9	1	0	0	354
2098	7	3	335	0	0	345
2099	4	4	7	330	0	345
2100	5	0	310	9	0	324
2101	1	0	311	3	0	315
2102	1	299	9	4	0	313
2103	1	9	5	307	0	322
2104	318	0	4	8	0	330
2105	318	3	2	1	0	324
2106	7	274	2	4	0	287
2107	3	5	0	272	0	280
2108	268	1	2	7	0	278
2109	275	2	2	3	0	282
2110	7	265	0	4	0	276
2111	275	6	1	2	0	284
2112	9	2	0	264	0	275
2113	2	405	2	5	0	414
2114	2	7	3	415	0	427
2115	0	2	0	417	0	419
2116	0	3	1	416	0	420
2117	1	2	408	10	0	421
2118	4	2	376	4	0	386
2119	1	384	8	3	0	396
2120	368	2	0	2	0	372
2121	2	351	1	3	0	357
2122	0	3	1	387	0	391
2123	2	0	405	3	0	410
2124	0	3	3	400	0	406
2125	2	0	0	413	0	415
2126	1	0	2	423	0	426
2127	371	0	1	3	0	375
2128	2	0	2	369	0	373
2129	0	1	442	2	0	445
2130	421	1	3	0	0	425
2131	420	1	2	2	0	425
2132	444	1	1	1	0	447
2133	443	0	1	2	0	446
2134	446	1	1	1	0	449
2135	2	431	1	2	0	436
2136	2	2	0	446	0	450
2137	2	454	0	4	0	460
2138	469	4	0	1	0	474
2139	464	1	0	1	0	466
2140	456	1	1	1	0	459
2141	4	451	0	1	0	456
2142	1	437	1	3	0	442
2143	0	439	2	1	0	442
2144	10	4	412	2	0	428
2145	1	2	1	387	0	391
2146	0	391	3	0	0	394
2147	0	389	0	1	0	390
2148	0	0	0	403	0	403
2149	0	1	0	397	0	398
2150	0	0	383	0	0	383
2151	366	0	0	0	0	366
2152	0	0	0	398	0	398
2153	0	1	0	397	0	398
2154	0	0	351	0	0	351
2155	0	0	332	0	0	332
2156	0	316	0	0	0	316
2157	0	0	0	336	0	336
2158	0	0	0	335	0	335
2159	0	0	327	0	0	327
2160	308	0	0	0	0	308
2161	329	0	0	0	0	329
2162	0	0	319	0	0	319
2163	317	0	0	0	0	317
2164	0	0	320	0	0	320
2165	318	0	0	0	0	318
2166	334	0	0	0	0	334
2167	0	0	326	0	0	326
2168	0	0	0	316	0	316
2169	0	0	0	319	0	319
2170	0	0	0	333	0	333
2171	333	0	0	0	0	333
2172	326	0	0	1	0	327
2173	0	0	320	0	0	320
2174	0	1	276	0	0	277
2175	321	0	0	0	0	321
2176	319	0	1	0	0	320
2177	0	0	324	0	0	324
2178	0	0	275	0	0	275
2179	0	0	0	273	0	273
2180	1	0	280	0	0	281
2181	0	0	0	273	0	273
2182	286	0	1	0	0	287
2183	0	0	364	0	0	364
2184	343	0	5	1	0	349
2185	6	0	451	0	0	457
2186	4	1	12	478	0	495
2187	0	0	4	517	0	521
2188	0	0	0	526	0	526
2189	0	512	1	17	0	530
2190	2	14	0	518	0	534
2191	0	5	0	538	0	543
2192	524	0	0	17	0	541
2193	14	0	613	5	0	632
2194	620	0	13	0	0	633
2195	14	1	634	0	0	649
2196	567	1	14	0	0	582
2197	14	603	4	3	0	624
2198	4	11	617	1	0	633
2199	0	4	620	1	0	625
2200	0	1	18	588	0	607
2201	0	0	5	632	0	637
2202	1	0	609	17	0	627
2203	1	0	595	5	0	601
2204	2	1	610	0	0	613
2205	611	0	17	0	0	628
2206	633	0	6	1	0	640
2207	642	0	2	1	0	645
2208	19	0	0	611	0	630
2209	5	1	2	630	0	638
2210	0	1	649	21	0	671
2211	0	1	15	645	0	661
2212	1	2	5	662	0	670
2213	537	1	1	17	0	556
2214	535	0	2	8	0	545
2215	551	1	2	3	0	557
2216	21	0	0	539	0	560
2217	5	2	1	546	0	554
2218	3	1	0	557	0	561
2219	535	0	3	22	0	560
2220	17	0	0	510	0	527
2221	6	510	2	13	0	531
2222	2	14	3	496	0	515
2223	1	483	3	12	0	499
2224	486	14	3	6	0	509
2225	476	5	1	2	0	484
2226	20	475	2	3	0	500
2227	3	495	3	2	0	503
2228	0	17	3	488	0	508
2229	1	5	424	19	0	449
2230	4	0	17	424	0	445
2231	2	0	435	16	0	453
2232	2	419	16	8	0	445
2233	3	14	7	429	0	453
2234	4	7	1	446	0	458
2235	3	2	471	22	0	498
2236	0	0	16	478	0	494
2237	2	1	487	20	0	510
2238	483	1	15	9	0	508
2239	517	0	6	3	0	526
2240	523	0	3	3	0	529
2241	24	1	2	509	0	536
2242	10	1	1	525	0	537
2243	5	4	520	23	0	552
2244	2	1	17	507	0	527
2245	3	500	9	22	0	534
2246	2	15	514	11	0	542
2247	2	10	583	5	0	600
2248	3	2	25	558	0	588
2249	2	1	637	22	0	662
2250	7	2	623	14	0	646
2251	609	5	23	5	0	642
2252	21	720	7	6	0	754
2253	762	19	3	7	0	791
2254	760	6	0	10	0	776
2255	760	4	8	5	0	777
2256	27	2	5	754	0	788
2257	11	0	9	769	0	789
2258	8	3	756	26	0	793
2259	6	3	19	738	0	766
2260	7	766	10	16	0	799
2261	762	17	11	8	0	798
2262	17	770	6	12	0	805
2263	7	780	5	9	0	801
2264	5	23	3	787	0	818
2265	2	8	816	22	0	848
2266	2	2	23	815	0	842
2267	5	2	817	21	0	845
2268	6	799	19	11	0	835
2269	870	18	11	4	0	903
2270	877	7	3	9	0	896
2271	899	3	3	5	0	910
2272	27	3	922	8	0	960
2273	10	5	891	5	0	911
2274	939	3	25	7	0	974
2275	967	0	12	8	0	987
2276	972	1	6	6	0	985
2277	32	2	2	994	0	1030
2278	13	2	3	1034	0	1052
2279	1021	2	2	31	0	1056
2280	1023	2	1	16	0	1042
2281	31	2	1042	7	0	1082
2282	14	1	1017	6	0	1038
2283	982	2	13	3	0	1000
2284	11	1	982	3	0	997
2285	898	0	5	1	0	904
2286	4	1	936	2	0	943
2287	3	0	3	885	0	891
2288	4	1	970	2	0	977
2289	2	0	3	954	0	959
2290	1	0	2	972	0	975
2291	1	955	4	4	0	964
2292	1018	2	1	3	0	1024
2293	2	2	906	2	0	912
2294	853	2	3	0	0	858
2295	3	922	5	2	0	932
2296	974	1	2	1	0	978
2297	3	2	1	979	0	985
2298	2	1	2	973	0	978
2299	0	975	2	2	0	979
2300	2	3	0	1005	0	1010
2301	1	3	0	993	0	997
2302	3	1	0	1006	0	1010
2303	994	0	1	7	0	1002
2304	961	1	0	4	0	966
2305	4	3	973	4	0	984
2306	2	945	5	4	0	956
2307	1	2	2	1017	0	1022
2308	1	3	1	1019	0	1024
2309	4	2	1040	5	0	1051
2310	2	1	7	982	0	992
2311	1012	1	4	8	0	1025
2312	1000	2	2	6	0	1010
2313	1029	1	1	5	0	1036
2314	9	0	2	1042	0	1053
2315	1206	0	1	11	0	1218
2316	1199	2	2	4	0	1207
2317	1221	1	0	4	0	1226
2318	18	2	0	1208	0	1228
2319	6	2	1	1223	0	1232
2320	4	0	3	1237	0	1244
2321	2	0	3	1221	0	1226
2322	7	0	1	1240	0	1248
2323	5	2	1196	11	0	1214
2324	5	1	1195	5	0	1206
2325	4	1146	7	8	0	1165
2326	3	8	3	1227	0	1241
2327	3	2	0	1235	0	1240
2328	3	1	2	1238	0	1244
2329	2	0	1217	14	0	1233
2330	3	1	10	1203	0	1217
2331	3	1	1208	10	0	1222
2332	3	1	10	1194	0	1208
2333	6	1	1248	14	0	1269
2334	1	1207	9	8	0	1225
2335	2	7	4	1233	0	1246
2336	3	3	1198	10	0	1214
2337	1004	1	7	10	0	1022
2338	7	1159	5	7	0	1178
2339	3	6	1	1246	0	1256
2340	1	1219	4	13	0	1237
2341	1	10	2	1271	0	1284
2342	1260	1	3	12	0	1276
2343	10	2	3	1227	0	1242
2344	3	1214	2	10	0	1229
2345	1261	11	0	7	0	1279
2346	10	2	1	1271	0	1284
2347	3	2	1	1222	0	1228
2348	1240	1	1	15	0	1257
2349	10	2	0	1243	0	1255
2350	5	1	2	1685	0	1693
2351	2	2	1691	37	0	1732
2352	2	3	1586	12	0	1603
2353	2	1	38	1590	0	1631
2354	2	2	1601	40	0	1645
2355	3	3	1570	13	0	1589
2356	1466	2	46	11	0	1525
2357	32	3	1564	8	0	1607
2358	10	1508	43	7	0	1568
2359	11	32	11	1589	0	1643
2360	1590	6	12	41	0	1649
2361	1621	11	6	12	0	1650
2362	1617	3	6	14	0	1640
2363	52	1587	5	7	0	1651
2364	20	36	4	1583	0	1643
2365	13	11	4	1612	0	1640
2366	1548	9	3	47	0	1607
2367	1594	3	2	18	0	1617
2368	1601	4	2	17	0	1624
2369	60	6	1521	9	0	1596
2370	20	1500	38	8	0	1566
2371	14	1772	11	9	0	1806
2372	13	54	13	1736	0	1816
2373	7	23	6	1823	0	1859
2374	8	15	1791	73	0	1887
2375	1781	5	55	36	0	1877
2376	1892	4	21	24	0	1941
2377	72	3	12	1803	0	1890
2378	32	3	9	1842	0	1886
2379	20	3	8	1883	0	1914
2380	1826	4	2	90	0	1922
2381	65	7	1766	41	0	1879
2382	23	6	1802	26	0	1857
2383	19	8	69	1742	0	1838
2384	8	15	1750	74	0	1847
2385	1681	9	79	45	0	1814
2386	1694	3	32	42	0	1771
2387	1738	2	28	22	0	1790
2388	97	1587	22	13	0	1719
2389	1637	59	9	11	0	1716
2390	79	20	9	1615	0	1723
2391	32	29	7	1645	0	1713
2392	27	10	11	1678	0	1726
2393	29	6	1538	115	0	1688
2394	27	3	87	1525	0	1642
2395	24	1509	43	86	0	1662
2396	1492	58	25	51	0	1626
2397	61	1499	22	51	0	1633
2398	42	61	1465	32	0	1600
2399	43	1517	59	32	0	1651
2400	1511	73	30	20	0	1634
2401	71	1513	32	32	0	1648
2402	39	79	39	1275	0	1432
2403	39	1492	11	80	0	1622
2404	1504	71	25	44	0	1644
2405	1635	27	15	46	0	1723
2406	1632	26	20	35	0	1713
2407	109	16	1570	29	0	1724
2408	55	33	1587	25	0	1700
2409	55	21	1555	13	0	1644
2410	1532	21	90	27	0	1670
2411	62	22	50	1532	0	1666
2412	36	18	39	1590	0	1683
2413	45	24	1493	76	0	1638
2414	40	18	64	1519	0	1641
2415	1349	37	28	83	0	1497
2416	79	1379	24	40	0	1522
2417	1405	82	17	30	0	1534
2418	105	20	1354	26	0	1505
2419	1381	38	61	21	0	1501
2420	1423	7	38	23	0	1491
2421	1414	28	52	14	0	1508
2422	95	9	1347	33	0	1484
2423	60	28	66	1352	0	1506
2424	73	6	1323	77	0	1479
2425	39	12	82	1376	0	1509
2426	37	8	1385	85	0	1515
2427	23	15	94	1378	0	1510
2428	42	12	43	1509	0	1606
2429	1473	25	36	83	0	1617
2430	1511	12	22	49	0	1594
2431	1503	15	31	47	0	1596
2432	112	9	21	1424	0	1566
2433	88	1308	28	61	0	1485
2434	60	1413	15	44	0	1532
2435	1428	63	23	37	0	1551
2436	68	48	1378	35	0	1529
2437	1408	24	76	32	0	1540
2438	92	15	1357	26	0	1490
2439	1434	13	75	27	0	1549
2440	1496	11	43	33	0	1583
2441	96	9	1443	45	0	1593
2442	1529	8	82	30	0	1649
2443	1521	13	26	29	0	1589
2444	1561	15	32	11	0	1619
2445	107	1483	15	35	0	1640
2446	44	78	35	1483	0	1640
2447	47	40	1444	65	0	1596
2448	49	21	1447	44	0	1561
2449	61	1389	73	16	0	1539
2450	35	951	40	10	0	1036
2451	37	31	20	922	0	1010
2452	916	18	24	33	0	991
2453	54	929	13	21	0	1017
2454	34	41	30	911	0	1016
2455	46	931	12	34	0	1023
2456	921	31	26	23	0	1001
2457	67	19	10	935	0	1031
2458	42	19	932	25	0	1018
2459	34	891	28	23	0	976
2460	29	899	27	18	0	973
2461	15	37	42	844	0	938
2462	23	903	21	21	0	968
2463	30	49	6	877	0	962
2464	876	28	14	31	0	949
2465	882	25	10	18	0	935
2466	884	22	18	13	0	937
2467	891	16	21	16	0	944
2468	53	23	889	10	0	975
2469	40	843	31	7	0	921
2470	33	894	20	17	0	964
2471	6	658	3	4	0	671
2472	4	646	2	3	0	655
2473	608	14	50	1	0	673
2474	604	6	2	0	0	612
2475	551	0	0	0	0	551
2476	587	0	0	0	0	587
2477	13	0	530	0	0	543
2478	630	0	9	0	0	639
2479	641	1	5	0	0	647
2480	652	1	1	0	0	654
2481	17	1	0	627	0	645
2482	6	1	1	643	0	651
2483	642	1	0	18	0	661
2484	12	0	0	636	0	648
2485	7	626	1	11	0	645
2486	3	10	0	639	0	652
2487	0	6	3	640	0	649
2488	3	629	0	16	0	648
2489	3	11	0	651	0	665
2490	4	7	0	655	0	666
2491	635	2	1	19	0	657
2492	13	0	592	9	0	614
2493	609	0	11	1	0	621
2494	14	0	653	2	0	669
2495	7	4	640	1	0	652
2496	1	2	666	3	0	672
2497	639	0	16	2	0	657
2498	12	3	679	1	0	695
2499	686	1	12	2	0	701
2500	703	1	6	4	0	714
2501	700	0	1	2	0	703
2502	20	681	4	0	0	705
2503	723	12	1	2	0	738
2504	11	722	1	0	0	734
2505	6	13	2	682	0	703
2506	2	7	2	692	0	703
2507	5	708	2	15	0	730
2508	1	796	3	8	0	808
2509	5	812	1	1	0	819
2510	811	16	1	2	0	830
2511	13	797	3	2	0	815
2512	817	14	1	1	0	833
2513	15	8	764	2	0	789
2514	763	4	13	0	0	780
2515	810	0	7	5	0	822
2516	18	2	750	4	0	774
2517	9	2	11	747	0	769
2518	4	2	777	11	0	794
2519	3	3	11	768	0	785
2520	5	0	7	785	0	797
2521	772	4	3	18	0	797
2522	783	2	2	7	0	794
2523	17	755	3	2	0	777
2524	790	12	2	3	0	807
2525	17	9	742	2	0	770
2526	748	2	13	2	0	765
2527	13	5	752	2	0	772
2528	8	3	668	2	0	681
2529	679	0	17	4	0	700
2530	706	4	10	2	0	722
2531	19	1	689	2	0	711
2532	11	2	12	648	0	673
2533	5	6	7	736	0	754
2534	3	3	721	18	0	745
2535	5	3	14	690	0	712
2536	8	668	8	9	0	693
2537	4	16	5	718	0	743
2538	8	9	3	734	0	754
2539	9	2	621	16	0	648
2540	527	1	12	7	0	547
2541	588	2	10	2	0	602
2542	558	2	4	2	0	566
2543	563	2	2	4	0	571
2544	23	527	5	3	0	558
2545	12	13	3	532	0	560
2546	5	10	522	17	0	554
2547	4	3	576	13	0	596
2548	5	3	16	580	0	604
2549	5	3	591	18	0	617
2550	572	5	14	10	0	601
2551	14	3	5	592	0	614
2552	10	2	5	615	0	632
2553	7	2	2	613	0	624
2554	588	4	4	23	0	619
2555	17	577	3	10	0	607
2556	592	11	4	6	0	613
2557	586	7	9	3	0	605
2558	21	567	6	5	0	599
2559	9	579	6	5	0	599
2560	596	17	6	1	0	620
2561	16	6	6	582	0	610
2562	9	4	5	597	0	615
2563	621	1	4	21	0	647
2564	20	2	594	10	0	626
2565	590	5	17	3	0	615
2566	614	2	8	4	0	628
2567	22	608	4	5	0	639
2568	585	7	2	0	0	594
2569	562	3	0	1	0	566
2570	12	756	3	2	0	773
2571	5	792	0	4	0	801
2572	4	32	0	743	0	779
2573	730	9	2	10	0	751
2574	11	759	1	5	0	776
2575	34	14	0	750	0	798
2576	740	3	2	15	0	760
2577	15	7	714	3	0	739
2578	3	4	8	677	0	692
2579	5	0	671	13	0	689
2580	634	1	11	4	0	650
2581	674	1	5	5	0	685
2582	8	1	664	4	0	677
2583	7	649	13	3	0	672
2584	10	8	2	679	0	699
2585	4	3	706	8	0	721
2586	4	3	12	692	0	711
2587	3	6	2	752	0	763
2588	1	2	729	17	0	749
2589	654	1	14	8	0	677
2590	734	1	3	9	0	747
2591	14	1	715	5	0	735
2592	8	703	14	2	0	727
2593	9	11	5	673	0	698
2594	5	658	6	10	0	679
2595	2	680	6	5	0	693
2596	668	17	2	4	0	691
2597	11	4	2	677	0	694
2598	5	9	1	692	0	707
2599	4	6	675	12	0	697
2600	3	2	680	9	0	694
2601	2	2	14	656	0	674
2602	2	0	9	690	0	701
2603	1	1	658	16	0	676
2604	0	1	645	8	0	654
2605	2	3	14	622	0	641
2606	612	2	8	17	0	639
2607	13	592	11	3	0	619
2608	534	13	5	9	0	561
2609	16	530	2	8	0	556
2610	8	555	4	1	0	568
2611	555	16	2	4	0	577
2612	21	6	561	3	0	591
2613	4	7	15	558	0	584
2614	8	7	5	586	0	606
2615	7	2	8	644	0	661
2616	4	2	673	23	0	702
2617	6	5	16	683	0	710
2618	792	6	7	28	0	833
2619	19	6	10	796	0	831
2620	8	3	8	863	0	882
2621	836	3	5	36	0	880
2622	799	1	7	16	0	823
2623	28	797	4	16	0	845
2624	19	21	827	6	0	873
2625	18	5	811	5	0	839
2626	5	10	800	6	0	821
2627	7	785	33	9	0	834
2628	10	22	20	758	0	810
2629	5	9	17	816	0	847
2630	804	10	8	31	0	853
2631	21	7	9	827	0	864
2632	11	3	800	35	0	849
2633	13	1	21	790	0	825
2634	7	5	10	811	0	833
2635	0	5	781	37	0	823
2636	7	766	28	20	0	821
2637	10	23	11	658	0	702
2638	5	764	16	27	0	812
2639	7	30	764	14	0	815
2640	762	9	27	18	0	816
2641	781	13	13	13	0	820
2642	802	12	15	8	0	837
2643	37	9	10	752	0	808
2644	20	798	3	26	0	847
2645	794	27	4	18	0	843
2646	806	9	10	14	0	839
2647	784	10	9	10	0	813
2648	38	7	726	7	0	778
2649	732	4	22	14	0	772
2650	32	742	14	14	0	802
2651	737	25	17	6	0	785
2652	36	753	10	7	0	806
2653	781	31	3	8	0	823
2654	34	14	749	6	0	803
2655	756	14	25	6	0	801
2656	791	10	8	9	0	818
2657	740	7	12	6	0	765
2658	800	7	8	5	0	820
2659	43	9	742	5	0	799
2660	21	3	25	770	0	819
2661	744	8	13	29	0	794
2662	38	757	10	13	0	818
2663	17	33	10	743	0	803
2664	18	8	726	34	0	786
2665	16	10	29	752	0	807
2666	10	6	733	39	0	788
2667	12	687	28	26	0	753
2668	12	699	16	16	0	743
2669	12	751	12	18	0	793
2670	7	21	4	483	0	515
2671	4	6	4	503	0	517
2672	4	3	479	22	0	508
2673	10	483	21	4	0	518
2674	458	20	8	6	0	492
2675	12	488	11	5	0	516
2676	4	515	7	3	0	529
2677	4	17	6	503	0	530
2678	501	11	3	18	0	533
2679	500	8	3	10	0	521
2680	19	3	6	503	0	531
2681	506	2	4	22	0	534
2682	22	7	2	507	0	538
2683	9	7	485	21	0	522
2684	495	6	13	9	0	523
2685	20	5	6	468	0	499
2686	7	5	457	20	0	489
2687	10	4	430	7	0	451
2688	7	6	13	441	0	467
2689	438	4	10	17	0	469
2690	432	5	8	5	0	450
2691	19	438	5	11	0	473
2692	448	14	6	6	0	474
2693	446	5	4	5	0	460
2694	445	7	3	6	0	461
2695	23	435	4	10	0	472
2696	449	14	4	6	0	473
2697	456	6	4	6	0	472
2698	21	7	6	442	0	476
2699	412	2	6	12	0	432
2700	21	403	5	5	0	434
2701	14	422	2	8	0	446
2702	11	20	6	401	0	438
2703	12	11	1	411	0	435
2704	10	418	3	19	0	450
2705	413	11	3	8	0	435
2706	18	412	4	5	0	439
2707	380	17	2	2	0	401
2708	23	381	2	5	0	411
2709	9	16	1	360	0	386
2710	9	483	3	12	0	507
2711	492	20	4	7	0	523
2712	456	5	20	7	0	488
2713	477	9	3	6	0	495
2714	26	4	431	3	0	464
2715	5	5	379	5	0	394
2716	6	338	14	4	0	362
2717	50	17	296	2	0	365
2718	2	1	252	0	0	255
2719	0	0	6	193	0	199
2720	0	0	214	6	0	220
2721	0	268	5	1	0	274
2722	279	6	0	0	0	285
2723	6	272	0	0	0	278
2724	0	278	0	0	0	278
2725	320	6	0	0	0	326
2726	321	0	1	0	0	322
2727	5	308	1	0	0	314
2728	321	6	0	0	0	327
2729	324	0	1	0	0	325
2730	321	0	0	0	0	321
2731	6	1	303	0	0	310
2732	0	0	304	0	0	304
2733	0	0	6	303	0	309
2734	0	0	0	319	0	319
2735	321	0	0	6	0	327
2736	5	304	1	0	0	310
2737	0	5	0	320	0	325
2738	0	0	0	323	0	323
2739	0	0	0	317	0	317
2740	0	0	0	315	0	315
2741	0	0	323	6	0	329
2742	1	0	349	0	0	350
2743	0	0	7	339	0	346
2744	0	0	344	7	0	351
2745	327	0	8	0	0	335
2746	7	0	0	339	0	346
2747	1	0	342	6	0	349
2748	311	0	7	0	0	318
2749	7	325	0	1	0	333
2750	342	7	1	0	0	350
2751	8	341	0	0	0	349
2752	0	8	0	326	0	334
2753	1	0	318	7	0	326
2754	0	1	7	316	0	324
2755	0	0	318	8	0	326
2756	318	0	8	0	0	326
2757	7	0	0	333	0	340
2758	334	0	1	7	0	342
2759	8	1	324	0	0	333
2760	324	0	7	1	0	332
2761	353	0	0	0	0	353
2762	8	0	353	0	0	361
2763	2	0	8	343	0	353
2764	1	1	343	9	0	354
2765	1	347	9	0	0	357
2766	356	6	1	1	0	364
2767	361	0	1	0	0	362
2768	9	1	354	0	0	364
2769	1	0	358	0	0	359
2770	1	0	6	346	0	353
2771	0	0	2	354	0	356
2772	353	1	1	8	0	363
2773	9	337	0	1	0	347
2774	358	8	0	1	0	367
2775	338	0	1	0	0	339
2776	8	1	326	0	0	335
2777	312	0	7	1	0	320
2778	8	0	327	1	0	336
2779	0	0	8	321	0	329
2780	2	1	340	7	0	350
2781	1	0	8	338	0	347
2782	1	0	342	9	0	352
2783	331	0	9	0	0	340
2784	351	0	0	1	0	352
2785	8	0	2	337	0	347
2786	346	0	0	9	0	355
2787	8	0	1	336	0	345
2788	0	344	1	10	0	355
2789	353	8	1	1	0	363
2790	8	346	1	1	0	356
2791	2	7	0	347	0	356
2792	1	0	0	353	0	354
2793	1	1	1	351	0	354
2794	1	0	0	351	0	352
2795	0	2	338	9	0	349
2796	298	0	8	2	0	308
2797	347	1	0	1	0	349
2798	7	334	0	2	0	343
2799	1	7	1	344	0	353
2800	2	0	0	354	0	356
2801	0	1	366	9	0	376
2802	356	0	8	2	0	366
2803	9	0	1	376	0	386
2804	2	1	368	8	0	379
2805	361	1	10	0	0	372
2806	372	0	1	2	0	375
2807	380	0	2	2	0	384
2808	9	0	378	0	0	387
2809	3	1	387	2	0	393
2810	300	0	3	3	0	306
2811	3	0	3	306	0	312
2812	2	0	1	309	0	312
2813	5	1	303	2	0	311
2814	290	0	3	2	0	295
2815	2	1	3	308	0	314
2816	310	0	2	4	0	316
2817	314	1	2	1	0	318
2818	280	0	0	4	0	284
2819	3	2	282	1	0	288
2820	3	0	2	276	0	281
2821	225	0	2	3	0	230
2822	3	218	2	2	0	225
2823	3	2	2	219	0	226
2824	4	1	1	224	0	230
2825	194	1	0	4	0	199
2826	191	0	2	2	0	195
2827	2	1	1	194	0	198
2828	5	0	192	2	0	199
2829	191	2	3	0	0	196
2830	5	0	220	6	0	231
2831	223	0	3	4	0	230
2832	241	0	0	1	0	242
2833	5	1	255	2	0	263
2834	3	1	3	254	0	261
2835	4	0	258	3	0	265
2836	3	250	4	2	0	259
2837	0	6	1	253	0	260
2838	2	249	1	6	0	258
2839	3	3	0	263	0	269
2840	1	2	281	4	0	288
2841	2	288	1	1	0	292
2842	1	270	2	1	0	274
2843	1	4	1	307	0	313
2844	313	1	0	5	0	319
2845	5	2	1	375	0	383
2846	370	0	0	8	0	378
2847	7	367	3	1	0	378
2848	445	7	1	2	0	455
2849	9	2	461	0	0	472
2850	2	1	9	449	0	461
2851	3	0	1	443	0	447
2852	0	0	441	10	0	451
2853	430	1	6	1	0	438
2854	436	1	1	3	0	441
2855	10	443	1	0	0	454
2856	6	7	0	388	0	401
2857	3	418	3	6	0	430
2858	0	9	421	4	0	434
2859	0	2	449	6	0	457
2860	22	1	10	425	0	458
2861	440	0	6	6	0	452
2862	13	416	1	5	0	435
2863	435	7	3	4	0	449
2864	10	3	417	5	0	435
2865	425	3	6	5	0	439
2866	439	1	8	0	0	448
2867	11	4	430	1	0	446
2868	7	0	7	423	0	437
2869	433	6	4	8	0	451
2870	432	2	5	8	0	447
2871	432	5	5	2	0	444
2872	24	0	7	431	0	462
2873	12	2	442	9	0	465
2874	423	6	10	21	0	460
2875	15	2	420	20	0	457
2876	2	4	29	425	0	460
2877	25	5	5	410	0	445
2878	23	414	6	9	0	452
2879	11	20	419	3	0	453
2880	8	400	7	21	0	436
2881	6	419	9	4	0	438
2882	7	13	19	409	0	448
2883	12	2	423	8	0	445
2884	6	3	12	426	0	447
2885	21	0	408	15	0	444
2886	9	16	9	417	0	451
2887	19	2	9	422	0	452
2888	11	4	409	9	0	433
2889	18	5	11	398	0	432
2890	20	3	428	17	0	468
2891	7	1	437	5	0	450
2892	3	421	13	21	0	458
2893	449	9	7	7	0	472
2894	27	5	426	8	0	466
2895	435	8	10	5	0	458
2896	14	1	3	459	0	477
2897	3	1	438	13	0	455
2898	18	416	12	12	0	458
2899	5	7	24	433	0	469
2900	1	4	433	26	0	464
2901	4	3	8	389	0	404
2902	5	416	11	10	0	442
2903	411	11	21	6	0	449
2904	8	19	6	418	0	451
2905	406	22	6	10	0	444
2906	406	10	8	20	0	444
2907	407	2	15	9	0	433
2908	403	0	13	21	0	437
2909	361	2	19	9	0	391
2910	11	364	5	21	0	401
2911	6	10	7	376	0	399
2912	4	6	24	366	0	400
2913	5	3	6	390	0	404
2914	4	7	368	13	0	392
2915	8	347	24	8	0	387
2916	377	28	7	8	0	420
2917	410	5	3	2	0	420
2918	15	371	18	7	0	411
2919	27	385	6	5	0	423
2920	392	10	1	22	0	425
2921	13	4	388	10	0	415
2922	9	20	12	376	0	417
2923	387	5	7	26	0	425
2924	12	6	19	371	0	408
2925	8	405	3	28	0	444
2926	6	25	4	417	0	452
2927	18	11	409	11	0	449
2928	399	4	12	18	0	433
2929	426	6	6	7	0	445
2930	32	4	4	377	0	417
2931	28	4	3	382	0	417
2932	381	7	1	12	0	401
2933	27	398	6	6	0	437
2934	11	23	2	393	0	429
2935	8	8	5	427	0	448
2936	403	1	4	32	0	440
2937	16	430	3	25	0	474
2938	430	6	16	13	0	465
2939	12	441	6	4	0	463
2940	24	426	0	4	0	454
2941	430	15	0	1	0	446
2942	20	441	3	7	0	471
2943	7	30	2	398	0	437
2944	21	5	415	19	0	460
2945	6	3	380	5	0	394
2946	7	4	358	19	0	388
2947	17	359	18	5	0	399
2948	280	10	6	0	0	296
2949	9	7	0	270	0	286
2950	6	1	1	287	0	295
2951	0	1	275	14	0	290
2952	268	0	9	4	0	281
2953	11	1	5	280	0	297
2954	5	1	0	289	0	295
2955	1	1	1	297	0	300
2956	286	0	0	17	0	303
2957	10	0	278	7	0	295
2958	281	0	11	1	0	293
2959	11	0	5	267	0	283
2960	6	1	261	12	0	280
2961	266	1	11	7	0	285
2962	12	2	266	1	0	281
2963	8	2	10	256	0	276
2964	1	2	267	11	0	281
2965	3	2	268	7	0	280
2966	258	1	17	2	0	278
2967	11	3	270	1	0	285
2968	7	1	13	263	0	284
2969	263	2	7	12	0	284
2970	13	2	2	271	0	288
2971	7	1	269	10	0	287
2972	1	2	263	8	0	274
2973	3	262	15	3	0	283
2974	2	40	9	233	0	284
2975	260	5	3	13	0	281
2976	11	261	4	7	0	283
2977	269	11	0	5	0	285
2978	13	5	2	266	0	286
2979	269	0	2	14	0	285
2980	10	263	2	10	0	285
2981	7	12	2	259	0	280
2982	265	5	2	13	0	285
2983	14	260	2	6	0	282
2984	8	11	1	262	0	282
2985	1	4	3	273	0	281
2986	266	0	2	15	0	283
2987	11	2	6	263	0	282
2988	7	0	2	272	0	281
2989	2	0	2	281	0	285
2990	2	2	232	16	0	252
2991	228	0	13	9	0	250
2992	13	0	9	261	0	283
2993	6	0	245	18	0	269
2994	247	0	23	8	0	278
2995	16	2	254	2	0	274
2996	10	2	15	243	0	270
2997	1	284	12	17	0	314
2998	5	15	1	297	0	318
2999	5	7	287	18	0	317
3000	5	1	302	11	0	319
3001	4	3	22	295	0	324
3002	4	3	299	18	0	324
3003	285	4	15	11	0	315
3004	18	1	288	6	0	313
3005	11	4	15	287	0	317
3006	4	5	9	298	0	316
3007	4	4	4	312	0	324
3008	295	1	6	25	0	327
3009	305	2	3	11	0	321
3010	309	4	3	8	0	324
3011	23	0	4	298	0	325
3012	10	0	5	310	0	325
3013	4	2	287	23	0	316
3014	5	2	294	13	0	314
3015	4	281	21	9	0	315
3016	9	13	7	259	0	288
3017	5	4	4	258	0	271
3018	5	261	6	21	0	293
3019	267	16	4	13	0	300
3020	17	266	6	5	0	294
3021	274	14	5	7	0	300
3022	14	7	9	267	0	297
3023	271	3	4	20	0	298
3024	17	4	7	276	0	304
3025	9	3	233	18	0	263
3026	4	2	18	249	0	273
3027	243	2	10	18	0	273
3028	20	1	2	245	0	268
3029	7	1	9	257	0	274
3030	5	2	232	27	0	266
3031	6	4	12	245	0	267
3032	3	1	7	256	0	267
3033	6	188	3	24	0	221
3034	5	14	5	199	0	223
3035	7	4	1	205	0	217
3036	4	1	2	202	0	209
3037	3	157	1	25	0	186
3038	1	10	2	160	0	173
3039	146	4	2	16	0	168
3040	11	146	2	8	0	167
3041	6	115	2	3	0	126
3042	1	98	1	3	0	103
3043	2	38	2	64	0	106
3044	0	61	0	5	0	66
3045	0	67	0	1	0	68
3046	66	3	1	1	0	71
3047	5	0	64	0	0	69
3048	67	2	4	0	0	73
3049	4	0	0	131	0	135
3050	0	2	126	4	0	132
3051	125	0	4	2	0	131
3052	4	1	130	0	0	135
3053	0	2	127	0	0	129
3054	126	1	3	1	0	131
3055	4	0	1	133	0	138
3056	2	0	132	4	0	138
3057	129	0	6	1	0	136
3058	137	0	1	2	0	140
3059	5	0	127	1	0	133
3060	128	0	4	1	0	133
3061	139	0	1	0	0	140
3062	6	0	126	1	0	133
3063	133	0	4	2	0	139
3064	135	0	1	2	0	138
3065	6	0	129	1	0	136
3066	1	0	127	0	0	128
3067	1	0	5	126	0	132
3068	1	1	129	5	0	136
3069	130	0	4	2	0	136
3070	4	0	3	131	0	138
3071	1	1	1	136	0	139
3072	2	1	132	5	0	140
3073	0	0	5	128	0	133
3074	2	0	130	5	0	137
3075	133	1	3	2	0	139
3076	138	0	0	0	0	138
3077	5	1	129	1	0	136
3078	128	0	4	1	0	133
3079	136	0	0	3	0	139
3080	7	0	131	0	0	138
3081	127	0	4	2	0	133
3082	134	0	3	1	0	138
3083	5	0	129	1	0	135
3084	129	0	4	1	0	134
3085	4	0	131	3	0	138
3086	1	1	2	128	0	132
3087	1	0	1	136	0	138
3088	0	0	1	139	0	140
3089	1	0	129	6	0	136
3090	124	2	4	0	0	130
3091	4	0	130	2	0	136
3092	1	95	1	1	0	98
3093	0	99	2	1	0	102
3094	96	1	0	1	0	98
3095	1	0	0	105	0	106
3096	1	100	1	2	0	104
3097	63	0	0	0	0	63
3098	59	0	0	0	0	59
3099	0	88	0	0	0	88
3100	0	0	0	91	0	91
3101	0	84	0	0	0	84
3102	93	0	0	0	0	93
3103	92	0	0	0	0	92
3104	0	0	0	92	0	92
3105	93	0	0	0	0	93
3106	0	0	0	90	0	90
3107	0	0	88	0	0	88
3108	86	0	0	0	0	86
3109	0	0	83	0	0	83
3110	0	0	0	84	0	84
3111	90	0	0	0	0	90
3112	0	0	0	89	0	89
3113	0	0	88	0	0	88
3114	0	0	84	0	0	84
3115	0	0	0	136	0	136
3116	136	0	0	0	0	136
3117	0	130	0	0	0	130
3118	0	0	0	136	0	136
3119	0	0	132	0	0	132
3120	130	0	0	0	0	130
3121	135	0	0	0	0	135
3122	1	0	124	0	0	125
3123	130	0	0	0	0	130
3124	0	0	0	136	0	136
3125	0	0	172	0	0	172
3126	174	0	0	0	0	174
3127	0	0	0	177	0	177
3128	0	0	0	177	0	177
3129	181	0	0	0	0	181
3130	0	174	0	0	0	174
3131	0	168	0	0	0	168
3132	177	0	0	0	0	177
3133	165	0	0	0	0	165
3134	0	0	192	0	0	192
3135	2	0	190	0	0	192
3136	0	0	0	200	0	200
3137	204	0	0	0	0	204
3138	198	0	0	0	0	198
3139	200	0	0	0	0	200
3140	0	189	0	0	0	189
3141	0	191	0	1	0	192
3142	0	0	0	203	0	203
3143	0	0	0	194	0	194
3144	0	0	0	193	0	193
3145	0	0	192	0	0	192
3146	0	0	162	0	0	162
3147	190	0	0	0	0	190
3148	198	0	0	0	0	198
3149	0	0	0	140	0	140
3150	0	0	0	187	0	187
3151	0	0	0	191	0	191
3152	0	0	190	0	0	190
3153	0	0	183	0	0	183
3154	0	0	0	185	0	185
3155	0	0	187	1	0	188
3156	0	182	0	0	0	182
3157	0	179	0	0	0	179
3158	191	0	0	0	0	191
3159	0	188	0	0	0	188
3160	0	0	0	189	0	189
3161	0	0	0	193	0	193
3162	0	184	0	0	0	184
3163	0	0	0	192	0	192
3164	0	0	184	0	0	184
3165	0	181	1	0	0	182
3166	0	0	0	191	0	191
3167	0	0	189	0	0	189
3168	0	177	0	0	0	177
3169	0	0	0	185	0	185
3170	0	184	0	0	0	184
3171	0	0	0	189	0	189
3172	0	0	0	186	0	186
3173	0	185	0	0	0	185
3174	183	0	0	0	0	183
3175	170	0	0	0	0	170
3176	0	179	0	0	0	179
3177	0	180	0	0	0	180
3178	0	0	0	187	0	187
3179	0	0	173	0	0	173
3180	174	0	0	0	0	174
3181	174	0	0	0	0	174
3182	0	1	181	0	0	182
3183	172	0	0	0	0	172
3184	178	0	0	0	0	178
3185	0	0	176	0	0	176
3186	167	0	0	0	0	167
3187	0	0	177	0	0	177
3188	0	169	0	0	0	169
3189	183	0	0	0	0	183
3190	179	0	0	0	0	179
3191	0	0	174	0	0	174
3192	175	0	0	0	0	175
3193	186	0	0	0	0	186
3194	0	0	182	0	0	182
3195	188	0	0	0	0	188
3196	189	0	0	1	0	190
3197	0	0	185	0	0	185
3198	183	0	0	0	0	183
3199	0	0	0	164	0	164
3200	0	0	0	162	0	162
3201	0	1	159	0	0	160
3202	0	0	157	0	0	157
3203	0	1	0	189	0	190
3204	0	0	0	190	0	190
3205	195	0	0	0	0	195
3206	0	0	188	0	0	188
3207	192	0	0	0	0	192
3208	0	0	0	194	0	194
3209	0	0	198	0	0	198
3210	192	0	0	0	0	192
3211	0	0	0	202	0	202
3212	0	0	202	0	0	202
3213	192	0	0	0	0	192
3214	0	0	0	198	0	198
3215	157	0	1	0	0	158
3216	1	1	158	0	0	160
3217	0	0	0	154	0	154
3218	1	207	1	0	0	209
3219	222	7	1	0	0	230
3220	218	0	0	0	0	218
3221	6	216	0	0	0	222
3222	228	6	0	0	0	234
3223	227	0	0	0	0	227
3224	231	2	0	0	0	233
3225	9	189	0	2	0	200
3226	3	4	0	195	0	202
3227	3	0	194	7	0	204
3228	1	2	6	186	0	195
3229	0	1	0	202	0	203
3230	0	0	198	7	0	205
3231	0	1	190	2	0	193
3232	0	0	6	180	0	186
3233	0	187	3	6	0	196
3234	183	6	3	0	0	192
3235	174	0	1	0	0	175
3236	7	168	0	0	0	175
3237	172	7	0	0	0	179
3238	176	0	0	0	0	176
3239	8	1	169	0	0	178
3240	154	1	8	0	0	163
3241	9	166	0	0	0	175
3242	2	7	162	0	0	171
3243	3	1	165	0	0	169
3244	2	157	8	1	0	168
3245	169	7	2	0	0	178
3246	8	1	201	0	0	210
3247	2	3	8	193	0	206
3248	3	2	207	6	0	218
3249	192	0	9	1	0	202
3250	8	1	203	2	0	214
3251	0	1	221	2	0	224
3252	204	1	9	2	0	216
3253	7	200	4	1	0	212
3254	222	7	4	2	0	235
3255	241	0	2	1	0	244
3256	7	3	2	222	0	234
3257	3	244	1	6	0	254
3258	255	8	0	1	0	264
3259	9	2	269	1	0	281
3260	257	2	7	1	0	267
3261	11	263	0	0	0	274
3262	275	8	2	0	0	285
3263	283	1	1	0	0	285
3264	10	311	1	0	0	322
3265	3	8	2	320	0	333
3266	325	1	0	7	0	333
3267	9	306	1	1	0	317
3268	1	9	2	321	0	333
3269	326	1	3	8	0	338
3270	10	2	0	320	0	332
3271	2	1	2	324	0	329
3272	4	315	1	8	0	328
3273	323	7	3	3	0	336
3274	328	0	3	3	0	334
3275	331	4	1	2	0	338
3276	11	317	2	1	0	331
3277	336	7	1	0	0	344
3278	340	3	1	0	0	344
3279	10	4	0	323	0	337
3280	6	3	0	333	0	342
3281	9	1	314	6	0	330
3282	5	2	8	311	0	326
3283	3	5	1	329	0	338
3284	2	2	330	9	0	343
3285	291	0	10	3	0	304
3286	11	2	324	3	0	340
3287	4	3	326	2	0	335
3288	4	3	11	316	0	334
3289	4	2	5	315	0	326
3290	0	323	6	10	0	339
3291	334	9	1	5	0	349
3292	320	2	2	3	0	327
3293	9	304	4	4	0	321
3294	6	318	1	2	0	327
3295	6	9	1	305	0	321
3296	5	325	2	6	0	338
3297	329	10	2	2	0	343
3298	327	3	1	2	0	333
3299	12	7	2	316	0	337
3300	9	2	3	330	0	344
3301	335	2	2	8	0	347
3302	13	5	315	3	0	336
3303	305	2	7	6	0	320
3304	13	2	294	3	0	312
3305	302	1	12	6	0	321
3306	11	2	5	305	0	323
3307	5	2	310	12	0	329
3308	7	1	304	3	0	315
3309	299	1	12	3	0	315
3310	316	2	3	2	0	323
3311	10	313	6	0	0	329
3312	5	8	5	314	0	332
3313	2	2	3	324	0	331
3314	322	2	1	9	0	334
3315	10	317	1	6	0	334
3316	326	11	2	2	0	341
3317	16	317	2	4	0	339
3318	1	263	0	3	0	267
3319	266	2	1	2	0	271
3320	1	2	255	1	0	259
3321	2	2	1	260	0	265
3322	2	0	1	260	0	263
3323	3	2	258	1	0	264
3324	0	3	0	261	0	264
3325	2	2	0	239	0	243
3326	5	262	0	1	0	268
3327	271	0	0	4	0	275
3328	2	2	271	2	0	277
3329	257	4	1	0	0	262
3330	3	259	2	2	0	266
3331	2	1	0	274	0	277
3332	314	1	5	2	0	322
3333	3	1	0	317	0	321
3334	3	3	0	319	0	325
3335	4	0	312	4	0	320
3336	295	1	1	4	0	301
3337	316	2	2	3	0	323
3338	1	2	319	4	0	326
3339	6	0	1	306	0	313
3340	3	1	315	4	0	323
3341	308	1	3	3	0	315
3342	331	4	2	2	0	339
3343	3	1	3	337	0	344
3344	352	1	1	2	0	356
3345	5	2	364	3	0	374
3346	1	4	1	333	0	339
3347	4	1	0	326	0	331
3348	4	1	3	334	0	342
3349	4	1	1	338	0	344
3350	292	3	1	5	0	301
3351	2	3	267	3	0	275
3352	1	2	0	278	0	281
3353	4	2	269	2	0	277
3354	5	0	265	1	0	271
3355	3	2	2	254	0	261
3356	0	2	4	271	0	277
3357	249	0	3	3	0	255
3358	2	1	2	241	0	246
3359	2	1	2	238	0	243
3360	2	1	2	237	0	242
3361	243	1	1	3	0	248
3362	238	0	0	2	0	240
3363	239	4	3	2	0	248
3364	197	0	0	0	0	197
3365	1	186	0	0	0	187
3366	1	0	0	197	0	198
3367	1	0	0	197	0	198
3368	199	1	0	0	0	200
3369	0	206	0	1	0	207
3370	0	3	0	232	0	235
3371	1	0	239	3	0	243
3372	319	0	6	0	0	325
3373	17	344	1	2	0	364
3374	368	18	1	0	0	387
3375	388	3	0	0	0	391
3376	18	1	0	370	0	389
3377	4	0	410	19	0	433
3378	2	2	14	418	0	436
3379	413	1	2	20	0	436
3380	19	0	1	413	0	433
3381	416	0	0	20	0	436
3382	18	409	0	4	0	431
3383	418	18	1	2	0	439
3384	19	3	1	427	0	450
3385	6	1	0	443	0	450
3386	475	2	0	23	0	500
3387	475	0	0	5	0	480
3388	486	1	1	1	0	489
3389	483	0	0	1	0	484
3390	485	1	1	1	0	488
3391	25	0	0	451	0	476
3392	7	0	445	20	0	472
3393	2	443	16	6	0	467
3394	463	16	3	2	0	484
3395	22	4	433	1	0	460
3396	438	1	17	1	0	457
3397	21	429	4	3	0	457
3398	455	18	2	1	0	476
3399	22	6	0	449	0	477
3400	6	1	1	465	0	473
3401	3	0	442	24	0	469
3402	4	0	20	435	0	459
3403	3	2	442	22	0	469
3404	3	1	425	5	0	434
3405	437	1	22	3	0	463
3406	476	1	4	1	0	482
3407	27	1	431	2	0	461
3408	426	2	22	5	0	455
3409	455	0	5	2	0	462
3410	27	2	443	1	0	473
3411	7	414	17	1	0	439
3412	7	16	4	450	0	477
3413	452	4	2	22	0	480
3414	473	2	1	5	0	481
3415	471	0	2	5	0	478
3416	462	2	2	3	0	469
3417	459	3	1	3	0	466
3418	27	1	422	2	0	452
3419	9	1	437	1	0	448
3420	5	3	24	431	0	463
3421	445	1	6	21	0	473
3422	468	0	1	5	0	474
3423	466	2	1	4	0	473
3424	448	2	3	1	0	454
3425	25	422	2	4	0	453
3426	7	435	2	4	0	448
3427	419	24	5	1	0	449
3428	437	6	1	2	0	446
3429	29	414	1	3	0	447
3430	431	21	4	1	0	457
3431	25	5	397	2	0	429
3432	8	3	21	381	0	413
3433	6	3	368	23	0	400
3434	5	1	365	5	0	376
3435	2	3	25	365	0	395
3436	7	0	4	415	0	426
3437	6	0	389	27	0	422
3438	4	1	23	396	0	424
3439	6	1	6	425	0	438
3440	412	1	1	24	0	438
3441	443	0	3	5	0	451
3442	26	2	6	406	0	440
3443	8	4	399	24	0	435
3444	6	406	22	7	0	441
3445	403	22	5	2	0	432
3446	31	5	437	2	0	475
3447	7	480	22	2	0	511
3448	5	511	5	2	0	523
3449	504	26	2	4	0	536
3450	524	5	3	2	0	534
3451	30	0	2	503	0	535
3452	7	2	543	25	0	577
3453	5	1	25	538	0	569
3454	5	1	8	562	0	576
3455	5	1	1	574	0	581
3456	553	1	3	28	0	585
3457	22	533	5	4	0	564
3458	8	573	4	4	0	589
3459	5	25	2	575	0	607
3460	2	5	3	604	0	614
3461	585	4	1	28	0	618
3462	572	0	0	8	0	580
3463	591	2	1	2	0	596
3464	29	570	1	2	0	602
3465	603	23	3	3	0	632
3466	24	12	3	586	0	625
3467	6	4	580	25	0	615
3468	4	2	552	5	0	563
3469	541	0	24	1	0	566
3470	20	2	549	3	0	574
3471	7	1	533	0	0	541
3472	393	0	4	0	0	397
3473	4	0	419	1	0	424
3474	2	0	406	0	0	408
3475	0	0	4	389	0	393
3476	0	0	428	4	0	432
3477	0	0	4	377	0	381
3478	0	0	0	393	0	393
3479	0	0	395	4	0	399
3480	0	388	5	0	0	393
3481	412	4	0	0	0	416
3482	4	2	432	0	0	438
3483	1	0	437	0	0	438
3484	344	0	3	0	0	347
3485	3	0	473	0	0	476
3486	0	426	3	1	0	430
3487	0	430	0	1	0	431
3488	0	4	0	445	0	449
3489	0	0	0	447	0	447
3490	451	0	0	3	0	454
3491	443	0	0	0	0	443
3492	450	0	0	0	0	450
3493	3	0	0	443	0	446
3494	468	0	0	3	0	471
3495	449	1	0	0	0	450
3496	3	0	469	0	0	472
3497	0	0	488	0	0	488
3498	0	481	3	0	0	484
3499	0	3	0	520	0	523
3500	516	0	0	3	0	519
3501	3	501	0	0	0	504
3502	0	2	0	516	0	518
3503	544	0	0	3	0	547
3504	547	0	0	0	0	547
3505	4	508	0	0	0	512
3506	533	4	0	0	0	537
3507	519	0	0	0	0	519
3508	5	0	0	520	0	525
3509	0	1	532	4	0	537
3510	1	483	4	1	0	489
3511	1	502	0	0	0	503
3512	513	4	0	1	0	518
3513	3	0	0	519	0	522
3514	0	2	519	3	0	524
3515	0	496	3	0	0	499
3516	528	3	0	0	0	531
3517	523	0	0	1	0	524
3518	4	0	522	0	0	526
3519	1	1	3	496	0	501
3520	1	0	0	557	0	558
3521	1	0	615	3	0	619
3522	607	0	9	1	0	617
3523	735	0	0	1	0	736
3524	11	0	0	845	0	856
3525	2	842	1	18	0	863
3526	1	18	1	874	0	894
3527	2	5	849	21	0	877
3528	815	0	22	10	0	847
3529	22	3	5	862	0	892
3530	6	1	891	26	0	924
3531	828	2	25	8	0	863
3532	25	1	6	900	0	932
3533	7	1	1	934	0	943
3534	922	0	5	27	0	954
3535	26	901	2	9	0	938
3536	899	21	1	5	0	926
3537	23	7	2	889	0	921
3538	897	1	1	25	0	924
3539	22	7	888	11	0	928
3540	13	868	22	4	0	907
3541	2	23	8	908	0	941
3542	901	8	0	23	0	932
3543	20	866	5	11	0	902
3544	11	24	1	888	0	924
3545	881	6	1	31	0	919
3546	843	2	4	11	0	860
3547	31	5	0	782	0	818
3548	10	2	774	30	0	816
3549	6	4	758	10	0	778
3550	790	1	30	4	0	825
3551	25	798	7	8	0	838
3552	10	790	5	4	0	809
3553	779	27	7	4	0	817
3554	27	782	2	3	0	814
3555	10	24	3	775	0	812
3556	4	12	5	801	0	822
3557	787	6	0	30	0	823
3558	786	7	1	11	0	805
3559	770	3	2	7	0	782
3560	36	3	724	7	0	770
3561	11	3	21	740	0	775
3562	7	3	741	27	0	778
3563	10	2	739	14	0	765
3564	6	2	755	5	0	768
3565	6	6	32	704	0	748
3566	6	4	722	30	0	762
3567	5	7	718	12	0	742
3568	7	2	39	700	0	748
3569	709	4	13	34	0	760
3570	27	2	712	14	0	755
3571	12	1	30	692	0	735
3572	8	3	14	724	0	749
3573	9	6	708	38	0	761
3574	7	3	30	705	0	745
3575	7	5	740	33	0	785
3576	9	3	26	722	0	760
3577	4	6	16	731	0	757
3578	10	3	3	748	0	764
3579	6	1	9	753	0	769
3580	712	4	7	37	0	760
3581	655	2	41	19	0	717
3582	34	4	680	11	0	729
3583	13	668	26	14	0	721
3584	12	24	688	11	0	735
3585	8	10	652	10	0	680
3586	631	3	41	7	0	682
3587	28	640	11	14	0	693
3588	660	22	10	9	0	701
3589	26	649	16	7	0	698
3590	673	24	9	7	0	713
3591	685	13	7	7	0	712
3592	41	3	7	642	0	693
3593	10	654	9	29	0	702
3594	10	27	3	641	0	681
3595	10	11	8	658	0	687
3596	5	8	630	38	0	681
3597	8	593	27	19	0	647
3598	6	23	16	608	0	653
3599	621	11	7	30	0	669
3600	661	2	10	21	0	694
3601	682	6	5	11	0	704
3602	41	653	11	10	0	715
3603	633	27	5	11	0	676
3604	30	662	11	7	0	710
3605	11	28	7	715	0	761
3606	8	15	692	34	0	749
3607	11	1	30	688	0	730
3608	4	691	18	33	0	746
3609	7	32	6	708	0	753
3610	6	14	7	715	0	742
3611	7	706	5	47	0	765
3612	713	33	8	16	0	770
3613	38	13	5	698	0	754
3614	18	2	680	38	0	738
3615	3	12	34	700	0	749
3616	6	8	12	732	0	758
3617	5	2	713	49	0	769
3618	8	5	32	710	0	755
3619	8	749	13	36	0	806
3620	8	33	734	20	0	795
3621	8	14	733	13	0	768
3622	8	680	40	8	0	736
3623	8	627	7	5	0	647
3624	2	506	1	3	0	512
3625	502	21	0	3	0	526
3626	489	7	2	1	0	499
3627	510	0	1	4	0	515
3628	17	1	3	511	0	532
3629	4	1	525	16	0	546
3630	1	3	17	489	0	510
3631	2	2	5	506	0	515
3632	501	1	0	21	0	523
3633	485	2	0	5	0	492
3634	22	478	2	1	0	503
3635	482	18	3	1	0	504
3636	471	7	1	26	0	505
3637	492	4	3	5	0	504
3638	20	4	470	5	0	499
3639	7	0	447	2	0	456
3640	2	1	18	448	0	469
3641	2	2	451	14	0	469
3642	422	3	28	6	0	459
3643	443	1	5	1	0	450
3644	17	1	424	2	0	444
3645	425	1	16	1	0	443
3646	16	440	4	3	0	463
3647	438	13	2	2	0	455
3648	15	6	1	434	0	456
3649	7	2	0	405	0	414
3650	1	393	0	18	0	412
3651	402	12	0	4	0	418
3652	406	5	2	0	0	413
3653	19	394	2	1	0	416
3654	5	11	1	400	0	417
3655	1	4	4	408	0	417
3656	3	401	0	18	0	422
3657	4	12	2	411	0	429
3658	3	3	4	418	0	428
3659	406	1	0	19	0	426
3660	415	2	1	6	0	424
3661	20	0	406	1	0	427
3662	402	2	13	2	0	419
3663	14	1	407	3	0	425
3664	6	2	12	404	0	424
3665	4	1	384	14	0	403
3666	5	385	13	5	0	408
3667	3	13	4	404	0	424
3668	3	4	0	419	0	426
3669	406	1	1	20	0	428
3670	14	2	1	413	0	430
3671	6	0	391	14	0	411
3672	394	2	13	7	0	416
3673	423	0	5	2	0	430
3674	426	0	0	2	0	428
3675	449	1	1	0	0	451
3676	21	0	0	497	0	518
3677	5	0	2	512	0	519
3678	4	1	0	523	0	528
3679	2	0	4	519	0	525
3680	499	1	2	21	0	523
3681	516	0	1	6	0	523
3682	19	2	2	459	0	482
3683	7	467	0	16	0	490
3684	478	14	3	7	0	502
3685	17	6	468	0	0	491
3686	5	472	16	3	0	496
3687	458	17	4	2	0	481
3688	19	468	0	1	0	488
3689	5	16	462	3	0	486
3690	462	4	15	3	0	484
3691	489	1	4	1	0	495
3692	22	1	460	3	0	486
3693	7	0	16	482	0	505
3694	3	2	3	490	0	498
3695	2	480	4	20	0	506
3696	3	15	0	496	0	514
3697	478	6	0	18	0	502
3698	18	477	1	9	0	505
3699	6	11	1	431	0	449
3700	4	4	0	441	0	449
3701	5	3	399	15	0	422
3702	1	416	12	6	0	435
3703	408	10	4	1	0	423
3704	12	361	3	2	0	378
3705	4	349	3	1	0	357
3706	353	9	1	4	0	367
3707	13	4	2	344	0	363
3708	3	2	3	360	0	368
3709	355	1	0	14	0	370
3710	12	2	1	351	0	366
3711	6	2	3	358	0	369
3712	349	3	1	14	0	367
3713	13	2	0	336	0	351
3714	3	343	0	13	0	359
3715	349	11	2	6	0	368
3716	13	5	334	3	0	355
3717	5	291	10	2	0	308
3718	2	8	0	247	0	257
3719	4	0	244	7	0	255
3720	2	4	242	3	0	251
3721	2	1	3	176	0	182
3722	181	1	2	3	0	187
3723	4	2	0	176	0	182
3724	0	2	0	180	0	182
3725	2	2	1	180	0	185
3726	2	0	2	182	0	186
3727	2	1	0	184	0	187
3728	2	1	170	5	0	178
3729	2	0	156	1	0	159
3730	0	0	3	156	0	159
3731	0	0	156	4	0	160
3732	1	156	2	0	0	159
3733	1	2	0	161	0	164
3734	0	2	155	3	0	160
3735	131	1	2	0	0	134
3736	3	149	1	1	0	154
3737	0	152	0	1	0	153
3738	0	149	0	2	0	151
3739	2	2	2	151	0	157
3740	153	0	1	4	0	158
3741	2	0	1	152	0	155
3742	153	0	1	2	0	156
3743	2	143	0	3	0	148
3744	150	3	1	1	0	155
3745	4	0	0	150	0	154
3746	1	1	1	150	0	153
3747	0	146	0	3	0	149
3748	0	3	1	153	0	157
3749	0	0	2	150	0	152
3750	1	1	1	153	0	156
3751	150	0	1	4	0	155
3752	143	1	0	0	0	144
3753	2	1	142	2	0	147
3754	135	0	4	1	0	140
3755	4	0	138	2	0	144
3756	0	1	3	135	0	139
3757	0	2	0	138	0	140
3758	0	1	1	147	0	149
3759	0	0	139	5	0	144
3760	1	0	3	138	0	142
3761	1	0	140	4	0	145
3762	2	1	3	139	0	145
3763	142	1	1	4	0	148
3764	5	0	140	0	0	145
3765	138	0	4	1	0	143
3766	3	1	0	143	0	147
3767	138	2	0	4	0	144
3768	3	140	0	2	0	145
3769	0	2	0	184	0	186
3770	1	0	182	5	0	188
3771	1	0	4	185	0	190
3772	2	36	0	172	0	210
3773	1	212	1	7	0	221
3774	5	8	205	0	0	218
3775	1	163	7	2	0	173
3776	101	6	0	1	0	108
3777	6	98	0	1	0	105
3778	93	7	0	1	0	101
3779	97	0	1	1	0	99
3780	97	0	0	1	0	98
3781	6	0	1	94	0	101
3782	0	0	125	7	0	132
3783	1	1	6	118	0	126
3784	0	127	1	6	0	134
3785	1	7	0	133	0	141
3786	131	0	0	7	0	138
3787	7	142	1	0	0	150
3788	1	7	0	144	0	152
3789	0	0	0	151	0	151
3790	143	0	1	6	0	150
3791	6	0	139	2	0	147
3792	0	140	7	0	0	147
3793	0	6	0	127	0	133
3794	0	0	122	6	0	128
3795	0	0	6	118	0	124
3796	0	121	0	6	0	127
3797	0	6	0	125	0	131
3798	0	0	0	135	0	135
3799	0	0	0	133	0	133
3800	0	0	126	6	0	132
3801	118	0	5	0	0	123
3802	5	0	0	128	0	133
3803	124	0	0	6	0	130
3804	124	0	0	0	0	124
3805	127	0	0	0	0	127
3806	127	0	0	0	0	127
3807	133	0	0	0	0	133
3808	6	0	0	124	0	130
3809	0	121	0	5	0	126
3810	0	6	0	128	0	134
3811	0	123	0	4	0	127
3812	0	6	0	128	0	134
3813	127	0	0	6	0	133
3814	6	0	0	127	0	133
3815	0	0	124	6	0	130
3816	123	0	6	0	0	129
3817	5	148	0	0	0	153
3818	156	6	0	0	0	162
3819	164	0	0	0	0	164
3820	159	0	0	0	0	159
3821	3	150	0	0	0	153
3822	0	6	0	155	0	161
3823	0	0	0	159	0	159
3824	0	0	154	6	0	160
3825	0	0	5	144	0	149
3826	0	0	0	155	0	155
3827	0	0	0	159	0	159
3828	0	149	0	5	0	154
3829	156	6	0	0	0	162
3830	154	0	0	0	0	154
3831	6	0	154	0	0	160
3832	0	143	3	0	0	146
3833	0	6	0	156	0	162
3834	0	0	0	162	0	162
3835	0	0	0	159	0	159
3836	0	0	0	152	0	152
3837	0	0	0	160	0	160
3838	0	0	146	6	0	152
3839	0	0	132	0	0	132
3840	143	0	5	0	0	148
3841	157	0	0	0	0	157
3842	154	0	0	0	0	154
3843	6	0	0	153	0	159
3844	0	0	147	6	0	153
3845	200	0	6	0	0	206
3846	258	0	0	0	0	258
3847	11	2	243	0	0	256
3848	251	0	7	0	0	258
3849	8	0	284	0	0	292
3850	4	0	8	281	0	293
3851	1	0	283	8	0	292
3852	273	0	7	3	0	283
3853	285	0	3	0	0	288
3854	290	0	1	0	0	291
3855	288	0	0	1	0	289
3856	9	0	276	1	0	286
3857	4	271	4	0	0	279
3858	291	6	2	0	0	299
3859	292	3	0	0	0	295
3860	9	0	279	0	0	288
3861	3	0	8	270	0	281
3862	0	1	3	295	0	299
3863	1	0	283	10	0	294
3864	273	0	6	3	0	282
3865	289	0	3	1	0	293
3866	7	279	0	1	0	287
3867	292	7	0	1	0	300
3868	293	3	1	0	0	297
3869	253	0	0	0	0	253
3870	256	0	1	0	0	257
3871	10	1	238	0	0	249
3872	209	0	1	0	0	210
3873	3	0	3	207	0	213
3874	3	213	0	2	0	218
3875	1	2	208	2	0	213
3876	0	231	2	1	0	234
3877	1	2	2	238	0	243
3878	0	3	238	2	0	243
3879	227	1	3	3	0	234
3880	1	0	235	1	0	237
3881	241	1	1	0	0	243
3882	2	0	3	202	0	207
3883	3	0	1	200	0	204
3884	1	200	0	6	0	207
3885	0	223	1	3	0	227
3886	1	4	0	227	0	232
3887	218	3	0	3	0	224
3888	216	0	0	5	0	221
3889	221	1	0	0	0	222
3890	6	1	211	0	0	218
3891	214	0	4	1	0	219
3892	4	0	212	0	0	216
3893	5	0	203	0	0	208
3894	213	0	5	2	0	220
3895	215	0	4	0	0	219
3896	8	0	213	0	0	221
3897	5	0	2	208	0	215
3898	2	0	5	213	0	220
3899	217	0	0	5	0	222
3900	214	0	1	3	0	218
3901	6	2	209	0	0	217
3902	4	204	2	1	0	211
3903	2	214	2	1	0	219
3904	216	4	2	0	0	222
3905	4	3	0	217	0	224
3906	4	0	1	217	0	222
3907	0	1	3	229	0	233
3908	195	1	0	6	0	202
3909	4	0	0	227	0	231
3910	228	2	1	3	0	234
3911	231	0	0	4	0	235
3912	7	238	3	1	0	249
3913	8	3	0	244	0	255
3914	3	3	241	3	0	250
3915	236	0	3	5	0	244
3916	248	0	4	0	0	252
3917	220	1	0	1	0	222
3918	8	2	214	1	0	225
3919	6	0	4	214	0	224
3920	219	1	3	3	0	226
3921	213	1	3	5	0	222
3922	211	3	2	0	0	216
3923	8	213	1	0	0	222
3924	6	212	2	2	0	222
3925	3	5	3	216	0	227
3926	2	2	0	219	0	223
3927	1	216	1	7	0	225
3928	219	5	3	2	0	229
3929	4	6	212	1	0	223
3930	6	0	2	218	0	226
3931	2	4	3	216	0	225
3932	4	2	209	5	0	220
3933	209	0	2	4	0	215
3934	218	0	6	0	0	224
3935	11	211	0	1	0	223
3936	220	2	4	1	0	227
3937	5	3	211	0	0	219
3938	218	0	2	3	0	223
3939	3	4	211	0	0	218
3940	210	1	8	0	0	219
3941	217	3	2	2	0	224
3942	218	0	1	6	0	225
3943	215	0	4	0	0	219
3944	10	215	1	1	0	227
3945	159	1	0	0	0	160
3946	116	0	0	0	0	116
3947	0	0	135	0	0	135
3948	134	0	7	0	0	141
3949	8	0	0	100	0	108
3950	0	0	100	8	0	108
3951	101	0	6	0	0	107
3952	8	0	0	101	0	109
3953	103	0	0	7	0	110
3954	165	0	0	0	0	165
3955	8	0	162	0	0	170
3956	156	0	8	0	0	164
3957	167	0	0	0	0	167
3958	178	1	0	0	0	179
3959	181	0	0	0	0	181
3960	7	0	0	167	0	174
3961	0	160	0	6	0	166
3962	172	8	0	1	0	181
3963	178	0	0	0	0	178
3964	181	0	0	0	0	181
3965	7	0	170	0	0	177
3966	0	163	7	0	0	170
3967	0	8	0	173	0	181
3968	0	0	0	180	0	180
3969	1	0	187	7	0	195
3970	0	0	9	179	0	188
3971	0	0	191	8	0	199
3972	0	0	8	182	0	190
3973	0	0	2	195	0	197
3974	0	0	186	11	0	197
3975	173	0	9	2	0	184
3976	176	0	2	0	0	178
3977	10	0	216	0	0	226
3978	209	0	9	0	0	218
3979	229	0	2	0	0	231
3980	11	0	215	1	0	227
3981	2	0	8	206	0	216
3982	1	0	1	222	0	224
3983	216	0	0	11	0	227
3984	9	211	0	1	0	221
3985	217	8	0	0	0	225
3986	233	2	0	0	0	235
3987	8	253	0	0	0	261
3988	259	10	0	0	0	269
3989	262	2	0	0	0	264
3990	11	248	0	0	0	259
3991	2	11	0	253	0	266
3992	0	249	0	7	0	256
3993	0	10	0	255	0	265
3994	1	2	283	11	0	297
3995	2	0	292	1	0	295
3996	271	0	13	1	0	285
3997	288	1	2	0	0	291
3998	14	0	283	1	0	298
3999	278	0	10	2	0	290
4000	295	0	3	0	0	298
4001	298	0	0	1	0	299
4002	9	281	2	0	0	292
4003	3	10	0	286	0	299
4004	319	2	0	12	0	333
4005	326	0	1	2	0	329
4006	15	0	401	0	0	416
4007	3	0	9	393	0	405
4008	0	1	2	403	0	406
4009	2	444	0	10	0	456
4010	2	459	0	0	0	461
4011	1	14	1	453	0	469
4012	0	437	1	9	0	447
4013	439	12	0	3	0	454
4014	9	458	0	1	0	468
4015	478	13	0	1	0	492
4016	12	5	499	0	0	516
4017	551	0	13	1	0	565
4018	577	1	7	0	0	585
4019	580	0	0	0	0	580
4020	569	0	0	2	0	571
4021	18	544	2	0	0	564
4022	7	16	0	566	0	589
4023	2	7	0	611	0	620
4024	0	2	589	23	0	614
4025	1	0	17	566	0	584
4026	1	0	7	608	0	616
4027	598	0	1	23	0	622
4028	16	578	0	10	0	604
4029	5	16	1	597	0	619
4030	4	6	0	610	0	620
4031	1	2	1	617	0	621
4032	611	0	0	24	0	635
4033	18	1	0	596	0	615
4034	609	1	0	19	0	629
4035	21	0	0	596	0	617
4036	7	2	0	616	0	625
4037	2	1	585	24	0	612
4038	527	0	16	10	0	553
4039	16	573	6	1	0	596
4040	603	18	1	2	0	624
4041	18	7	1	596	0	622
4042	6	1	1	608	0	616
4043	598	2	0	20	0	620
4044	597	0	0	8	0	605
4045	23	1	1	707	0	732
4046	11	0	709	20	0	740
4047	2	0	667	6	0	675
4048	0	676	14	5	0	695
4049	699	11	6	0	0	716
4050	688	6	3	1	0	698
4051	15	3	0	686	0	704
4052	9	685	2	13	0	709
4053	5	13	0	697	0	715
4054	1	7	1	650	0	659
4055	2	631	0	18	0	651
4056	639	12	0	8	0	659
4057	12	21	0	620	0	653
4058	7	693	0	12	0	712
4059	3	727	1	7	0	738
4060	758	17	1	5	0	781
4061	13	8	767	3	0	791
4062	779	1	13	2	0	795
4063	14	3	5	784	0	806
4064	9	2	4	803	0	818
4065	6	785	0	23	0	814
4066	2	12	0	820	0	834
4067	5	9	787	15	0	816
4068	4	752	12	9	0	777
4069	2	778	2	6	0	788
4070	788	13	3	2	0	806
4071	12	792	1	5	0	810
4072	4	15	2	801	0	822
4073	3	788	0	16	0	807
4074	1	14	2	799	0	816
4075	4	6	0	814	0	824
4076	2	6	785	17	0	810
4077	7	2	10	725	0	744
4078	1	2	5	766	0	774
4079	755	2	2	19	0	778
4080	14	3	736	11	0	764
4081	5	1	11	756	0	773
4082	9	4	729	13	0	755
4083	707	2	17	9	0	735
4084	11	724	4	7	0	746
4085	782	10	4	5	0	801
4086	19	7	0	773	0	799
4087	7	5	2	780	0	794
4088	7	5	742	23	0	777
4089	652	1	18	14	0	685
4090	20	744	6	8	0	778
4091	655	18	6	3	0	682
4092	27	5	0	741	0	773
4093	8	739	2	23	0	772
4094	731	16	3	11	0	761
4095	18	811	9	7	0	845
4096	6	19	3	823	0	851
4097	4	7	6	832	0	849
4098	8	9	1	832	0	850
4099	3	806	1	29	0	839
4100	5	16	2	824	0	847
4101	4	11	0	836	0	851
4102	824	7	1	25	0	857
4103	822	3	3	12	0	840
4104	804	4	3	7	0	818
4105	26	4	742	6	0	778
4106	700	5	16	3	0	724
4107	716	5	4	7	0	732
4108	717	4	5	6	0	732
4109	29	5	633	5	0	672
4110	632	4	17	5	0	658
4111	23	1	5	660	0	689
4112	8	5	644	22	0	679
4113	7	620	15	15	0	657
4114	2	19	4	558	0	583
4115	4	540	6	18	0	568
4116	4	527	2	3	0	536
4117	525	14	1	3	0	543
4118	16	4	1	516	0	537
4119	522	3	1	16	0	542
4120	13	6	2	522	0	543
4121	521	3	1	14	0	539
4122	16	2	0	519	0	537
4123	490	5	3	15	0	513
4124	19	1	480	3	0	503
4125	4	1	10	490	0	505
4126	6	2	482	16	0	506
4127	6	2	474	3	0	485
4128	6	2	512	8	0	528
4129	2	1	17	503	0	523
4130	6	3	501	15	0	525
4131	515	4	15	6	0	540
4132	16	4	1	518	0	539
4133	2	4	558	16	0	580
4134	7	1	13	555	0	576
4135	2	1	6	579	0	588
4136	8	1	609	13	0	631
4137	5	5	10	605	0	625
4138	10	3	4	606	0	623
4139	6	584	5	13	0	608
4140	628	12	1	7	0	648
4141	633	3	3	5	0	644
4142	11	5	615	6	0	637
4143	605	3	12	6	0	626
4144	12	1	611	8	0	632
4145	2	1	495	6	0	504
4146	0	6	494	6	0	506
4147	4	2	8	486	0	500
4148	3	3	528	11	0	545
4149	4	2	9	532	0	547
4150	7	1	4	541	0	553
4151	9	0	1	538	0	548
4152	5	2	4	537	0	548
4153	539	1	4	9	0	553
4154	525	0	2	5	0	532
4155	11	525	1	7	0	544
4156	5	8	4	532	0	549
4157	5	0	562	9	0	576
4158	3	501	10	6	0	520
4159	3	9	5	517	0	534
4160	0	0	497	11	0	508
4161	0	2	12	461	0	475
4162	1	2	467	14	0	484
4163	1	2	475	1	0	479
4164	2	3	12	457	0	474
4165	2	1	2	475	0	480
4166	474	0	3	13	0	490
4167	14	0	1	473	0	488
4168	457	0	1	15	0	473
4169	12	457	2	2	0	473
4170	3	480	0	3	0	486
4171	2	12	0	517	0	531
4172	514	2	2	10	0	528
4173	12	502	1	17	0	532
4174	2	11	2	515	0	530
4175	518	2	2	14	0	536
4176	533	3	3	0	0	539
4177	522	1	2	3	0	528
4178	527	1	2	4	0	534
4179	525	2	1	1	0	529
4180	16	0	503	4	0	523
4181	5	2	531	2	0	540
4182	4	532	17	3	0	556
4183	3	16	0	551	0	570
4184	1	1	561	17	0	580
4185	2	3	496	1	0	502
4186	2	21	13	508	0	544
4187	1	1	534	11	0	547
4188	1	2	525	2	0	530
4189	2	741	15	7	0	765
4190	743	27	5	2	0	777
4191	24	868	4	1	0	897
4192	4	27	1	853	0	885
4193	885	3	2	26	0	916
4194	28	909	1	2	0	940
4195	3	29	2	845	0	879
4196	7	4	829	28	0	868
4197	842	5	27	2	0	876
4198	864	4	5	4	0	877
4199	873	1	1	4	0	879
4200	27	5	0	881	0	913
4201	5	3	852	29	0	889
4202	4	847	26	5	0	882
4203	5	27	3	871	0	906
4204	913	3	3	28	0	947
4205	30	5	874	0	0	909
4206	4	865	24	6	0	899
4207	7	27	888	3	0	925
4208	893	6	31	0	0	930
4209	949	7	2	6	0	964
4210	960	3	3	4	0	970
4211	35	4	908	2	0	949
4212	7	905	27	5	0	944
4213	8	28	5	892	0	933
4214	6	2	7	951	0	966
4215	7	5	7	955	0	974
4216	7	2	924	31	0	964
4217	915	4	27	6	0	952
4218	33	3	911	7	0	954
4219	932	6	28	6	0	972
4220	962	6	5	9	0	982
4221	963	7	3	7	0	980
4222	955	3	7	9	0	974
4223	37	5	903	7	0	952
4224	10	7	32	928	0	977
4225	11	6	895	29	0	941
4226	14	877	28	6	0	925
4227	15	930	3	6	0	954
4228	900	31	4	10	0	945
4229	896	10	6	7	0	919
4230	33	903	7	13	0	956
4231	936	32	8	10	0	986
4232	39	10	874	8	0	931
4233	873	5	26	12	0	916
4234	50	947	10	7	0	1014
4235	984	30	12	8	0	1034
4236	958	14	8	5	0	985
4237	46	9	6	933	0	994
4238	21	5	7	955	0	988
4239	935	8	10	31	0	984
4240	41	10	3	937	0	991
4241	933	4	15	37	0	989
4242	48	10	5	935	0	998
4243	923	4	9	38	0	974
4244	925	11	7	9	0	952
4245	39	908	8	12	0	967
4246	17	949	11	9	0	986
4247	905	31	11	9	0	956
4248	32	885	8	12	0	937
4249	18	36	9	882	0	945
4250	20	7	15	919	0	961
4251	848	10	10	38	0	906
4252	39	912	11	15	0	977
4253	24	893	9	9	0	935
4254	22	918	9	8	0	957
4255	22	43	877	12	0	954
4256	20	11	899	13	0	943
4257	22	14	951	11	0	998
4258	13	9	28	872	0	922
4259	20	944	10	27	0	1001
4260	962	39	8	13	0	1022
4261	41	12	936	10	0	999
4262	22	13	966	8	0	1009
4263	22	13	997	3	0	1035
4264	22	12	34	982	0	1050
4265	25	5	18	1009	0	1057
4266	15	14	11	1033	0	1073
4267	1017	7	6	40	0	1070
4268	1015	14	13	9	0	1051
4269	1036	8	6	11	0	1061
4270	41	11	13	967	0	1032
4271	24	5	905	33	0	967
4272	12	13	906	13	0	944
4273	21	6	29	917	0	973
4274	21	5	9	952	0	987
4275	942	7	8	37	0	994
4276	42	914	9	20	0	985
4277	937	31	11	10	0	989
4278	42	913	5	16	0	976
4279	19	39	4	935	0	997
4280	16	8	902	44	0	970
4281	17	6	22	882	0	927
4282	884	8	10	36	0	938
4283	34	6	858	12	0	910
4284	890	11	25	9	0	935
4285	40	8	881	12	0	941
4286	17	11	836	7	0	871
4287	802	8	22	11	0	843
4288	30	11	812	8	0	861
4289	4	4	574	2	0	584
4290	4	519	55	4	0	582
4291	517	6	3	1	0	527
4292	496	2	21	0	0	519
4293	497	2	3	1	0	503
4294	9	1	449	0	0	459
4295	441	1	7	1	0	450
4296	9	445	3	1	0	458
4297	468	6	3	0	0	477
4298	7	2	452	2	0	463
4299	3	2	5	446	0	456
4300	3	0	420	7	0	430
4301	2	396	6	2	0	406
4302	3	5	1	426	0	435
4303	0	2	2	423	0	427
4304	396	1	1	5	0	403
4305	400	0	1	2	0	403
4306	397	0	0	2	0	399
4307	412	0	0	2	0	414
4308	396	0	0	1	0	397
4309	11	0	380	0	0	391
4310	6	0	6	385	0	397
4311	2	0	392	7	0	401
4312	0	1	7	389	0	397
4313	392	0	5	7	0	404
4314	411	0	3	4	0	418
4315	417	0	1	2	0	420
4316	409	0	0	0	0	409
4317	12	0	404	1	0	417
4318	3	1	5	395	0	404
4319	3	0	399	7	0	409
4320	0	376	6	5	0	387
4321	1	418	4	1	0	424
4322	1	10	1	420	0	432
4323	0	4	0	446	0	450
4324	1	1	1	464	0	467
4325	0	0	2	474	0	476
4326	467	0	0	16	0	483
4327	8	451	0	8	0	467
4328	471	8	1	2	0	482
4329	10	7	0	465	0	482
4330	6	1	1	457	0	465
4331	1	435	1	12	0	449
4332	1	8	0	495	0	504
4333	486	6	1	11	0	504
4334	10	395	0	7	0	412
4335	8	387	1	2	0	398
4336	394	14	2	1	0	411
4337	12	7	0	391	0	410
4338	6	380	1	8	0	395
4339	2	9	1	402	0	414
4340	397	6	1	10	0	414
4341	9	1	1	394	0	405
4342	6	1	2	405	0	414
4343	395	2	0	15	0	412
4344	10	0	0	399	0	409
4345	7	375	0	12	0	394
4346	3	8	0	401	0	412
4347	2	384	0	9	0	395
4348	1	10	0	402	0	413
4349	396	7	0	10	0	413
4350	397	1	0	8	0	406
4351	15	1	2	392	0	410
4352	7	0	354	12	0	373
4353	348	1	10	6	0	365
4354	11	1	349	2	0	363
4355	351	0	9	3	0	363
4356	355	0	7	2	0	364
4357	18	1	271	0	0	290
4358	7	234	5	1	0	247
4359	244	7	7	0	0	258
4360	245	7	0	1	0	253
4361	13	1	253	0	0	267
4362	209	0	4	0	0	213
4363	210	0	5	0	0	215
4364	213	1	0	0	0	214
4365	9	1	1	203	0	214
4366	7	0	0	203	0	210
4367	1	200	0	11	0	212
4368	1	4	0	208	0	213
4369	1	4	0	207	0	212
4370	0	0	197	11	0	208
4371	1	1	191	5	0	198
4372	185	0	10	1	0	196
4373	200	1	5	1	0	207
4374	10	191	1	0	0	202
4375	6	5	1	201	0	213
4376	2	5	195	7	0	209
4377	1	0	5	199	0	205
4378	0	2	6	198	0	206
4379	1	1	0	205	0	207
4380	1	195	2	8	0	206
4381	1	4	0	228	0	233
4382	1	6	0	224	0	231
4383	0	0	218	12	0	230
4384	1	2	199	5	0	207
4385	186	0	10	2	0	198
4386	206	0	5	2	0	213
4387	11	0	2	200	0	213
4388	6	0	1	208	0	215
4389	2	1	0	223	0	226
4390	1	0	190	11	0	202
4391	0	178	5	6	0	189
4392	0	5	181	3	0	189
4393	177	6	5	1	0	189
4394	6	0	183	0	0	189
4395	183	1	4	2	0	190
4396	183	0	8	0	0	191
4397	190	0	1	0	0	191
4398	11	0	2	176	0	189
4399	7	0	176	5	0	188
4400	2	200	6	5	0	213
4401	1	6	4	206	0	217
4402	0	7	1	217	0	225
4403	1	0	221	14	0	236
4404	1	222	8	8	0	239
4405	231	8	6	2	0	247
4406	11	247	1	1	0	260
4407	266	9	1	1	0	277
4408	14	4	0	261	0	279
4409	4	2	250	14	0	270
4410	1	260	12	4	0	277
4411	325	14	3	1	0	343
4412	19	3	316	2	0	340
4413	320	1	18	1	0	340
4414	324	1	4	1	0	330
4415	22	1	301	0	0	324
4416	306	0	18	0	0	324
4417	322	1	3	0	0	326
4418	320	1	2	0	0	323
4419	23	301	2	1	0	327
4420	300	18	2	0	0	320
4421	22	286	1	1	0	310
4422	6	16	278	1	0	301
4423	5	288	15	0	0	308
4424	269	17	3	0	0	289
4425	281	1	1	1	0	284
4426	286	2	0	1	0	289
4427	18	0	2	262	0	282
4428	4	2	1	285	0	292
4429	268	0	1	17	0	286
4430	275	2	1	3	0	281
4431	18	1	2	268	0	289
4432	3	2	221	15	0	241
4433	5	218	12	1	0	236
4434	0	234	3	2	0	239
4435	3	16	1	227	0	247
4436	2	3	220	15	0	240
4437	2	1	16	211	0	230
4438	3	221	2	15	0	241
4439	3	14	2	226	0	245
4440	1	3	223	17	0	244
4441	2	3	15	223	0	243
4442	2	1	225	16	0	244
4443	0	2	15	227	0	244
4444	1	0	224	17	0	242
4445	1	3	239	1	0	244
4446	220	1	14	4	0	239
4447	241	0	3	1	0	245
4448	239	1	2	2	0	244
4449	17	222	2	1	0	242
4450	2	15	0	228	0	245
4451	219	1	3	16	0	239
4452	240	1	2	3	0	246
4453	240	1	1	3	0	245
4454	17	1	219	0	0	237
4455	2	210	13	0	0	225
4456	2	241	1	1	0	245
4457	226	16	3	2	0	247
4458	17	3	1	228	0	249
4459	229	1	1	17	0	248
4460	18	1	219	1	0	239
4461	3	1	15	213	0	232
4462	3	1	2	224	0	230
4463	1	1	2	203	0	207
4464	2	215	1	15	0	233
4465	214	18	0	7	0	239
4466	224	1	2	4	0	231
4467	14	209	2	1	0	226
4468	4	18	1	217	0	240
4469	217	1	2	17	0	237
4470	17	4	2	212	0	235
4471	207	5	0	17	0	229
4472	21	212	1	5	0	239
4473	212	15	4	4	0	235
4474	21	4	208	1	0	234
4475	6	216	15	2	0	239
4476	4	16	226	1	0	247
4477	3	3	15	226	0	247
4478	233	2	1	14	0	250
4479	242	3	2	2	0	249
4480	241	1	2	3	0	247
4481	24	2	1	205	0	232
4482	211	2	1	15	0	229
4483	19	2	2	210	0	233
4484	207	4	0	17	0	228
4485	226	2	1	4	0	233
4486	19	2	201	3	0	225
4487	7	4	217	0	0	228
4488	6	1	196	2	0	205
4489	4	1	16	194	0	215
4490	193	1	3	18	0	215
4491	20	0	1	188	0	209
4492	4	1	0	211	0	216
4493	209	0	3	17	0	229
4494	226	1	1	3	0	231
4495	225	1	2	5	0	233
4496	226	1	2	3	0	232
4497	19	3	2	212	0	236
4498	200	3	3	19	0	225
4499	14	211	1	6	0	232
4500	178	12	2	3	0	195
4501	194	0	2	3	0	199
4502	35	1	157	1	0	194
4503	158	0	13	2	0	173
4504	15	1	152	3	0	171
4505	5	0	145	1	0	151
4506	3	1	147	2	0	153
4507	3	1	5	113	0	122
4508	3	1	108	6	0	118
4509	3	0	6	134	0	143
4510	5	0	139	5	0	149
4511	0	1	101	0	0	102
4512	0	0	0	107	0	107
4513	0	0	0	110	0	110
4514	0	0	111	0	0	111
4515	141	0	0	0	0	141
4516	0	0	0	151	0	151
4517	0	0	0	151	0	151
4518	151	0	0	0	0	151
4519	0	0	0	152	0	152
4520	0	0	144	0	0	144
4521	0	0	130	0	0	130
4522	0	0	0	127	0	127
4523	0	0	138	0	0	138
4524	0	139	0	0	0	139
4525	0	0	0	140	0	140
4526	142	0	0	0	0	142
4527	0	0	138	0	0	138
4528	131	0	0	0	0	131
4529	0	0	0	141	0	141
4530	0	0	0	141	0	141
4531	3	0	0	135	0	138
4532	0	0	0	139	0	139
4533	138	0	0	0	0	138
4534	0	134	1	0	0	135
4535	0	0	0	138	0	138
4536	0	0	0	137	0	137
4537	0	0	0	139	0	139
4538	0	0	0	137	0	137
4539	138	0	0	1	0	139
4540	0	129	0	0	0	129
4541	132	0	0	0	0	132
4542	0	131	0	0	0	131
4543	0	136	0	0	0	136
4544	139	0	0	0	0	139
4545	0	0	134	0	0	134
4546	0	0	0	130	0	130
4547	139	0	0	0	0	139
4548	148	0	0	0	0	148
4549	146	0	0	0	0	146
4550	149	0	0	1	0	150
4551	0	154	0	0	0	154
4552	165	2	0	0	0	167
4553	165	0	0	0	0	165
4554	2	162	0	0	0	164
4555	0	2	0	190	0	192
4556	0	0	189	2	0	191
4557	0	0	2	201	0	203
4558	206	0	0	4	0	210
4559	4	0	208	0	0	212
4560	0	190	4	1	0	195
4561	0	4	262	1	0	267
4562	0	1	4	251	0	256
4563	0	252	1	3	0	256
4564	268	4	0	0	0	272
4565	4	261	0	0	0	265
4566	0	4	0	266	0	270
4567	0	0	0	271	0	271
4568	268	0	0	5	0	273
4569	4	1	0	255	0	260
4570	0	254	1	3	0	258
4571	263	3	0	0	0	266
4572	265	0	0	0	0	265
4573	4	261	0	1	0	266
4574	268	4	0	0	0	272
4575	4	242	0	1	0	247
4576	254	3	0	0	0	257
4577	4	246	0	0	0	250
4578	0	4	0	242	0	246
4579	0	0	0	280	0	280
4580	275	0	0	2	0	277
4581	275	0	0	0	0	275
4582	4	263	0	1	0	268
4583	0	5	289	0	0	294
4584	282	0	4	0	0	286
4585	4	0	0	294	0	298
4586	0	301	0	4	0	305
4587	0	4	0	302	0	306
4588	300	0	0	3	0	303
4589	306	0	0	0	0	306
4590	302	0	0	0	0	302
4591	4	0	0	321	0	325
4592	0	0	322	4	0	326
4593	288	0	4	0	0	292
4594	307	0	0	0	0	307
4595	301	0	0	0	0	301
4596	4	294	0	0	0	298
4597	0	3	0	374	0	377
4598	0	366	0	6	0	372
4599	0	5	0	377	0	382
4600	0	0	0	389	0	389
4601	0	0	406	6	0	412
4602	0	0	6	446	0	452
4603	0	1	0	468	0	469
4604	468	0	0	6	0	474
4605	7	440	1	0	0	448
4606	459	7	0	0	0	466
4607	498	1	0	1	0	500
4608	9	0	1	473	0	483
4609	0	0	473	10	0	483
4610	1	451	9	0	0	461
4611	0	453	0	0	0	453
4612	454	10	0	0	0	464
4613	9	478	1	0	0	488
4614	0	9	0	479	0	488
4615	0	1	0	459	0	460
4616	1	0	444	10	0	455
4617	1	1	435	0	0	437
4618	0	412	9	12	0	433
4619	0	10	0	451	0	461
4620	445	1	0	10	0	456
4621	11	0	0	452	0	463
4622	0	1	482	10	0	493
4623	1	3	8	463	0	475
4624	452	0	0	11	0	463
4625	471	1	1	0	0	473
4626	10	462	0	1	0	473
4627	477	11	0	0	0	488
4628	10	456	0	0	0	466
4629	475	12	0	0	0	487
4630	9	1	1	465	0	476
4631	0	0	460	12	0	472
4632	1	1	481	1	0	484
4633	2	471	12	0	0	485
4634	0	11	1	502	0	514
4635	0	1	1	515	0	517
4636	510	0	0	12	0	522
4637	511	0	0	0	0	511
4638	514	1	0	2	0	517
4639	10	1	1	500	0	512
4640	2	0	0	513	0	515
4641	3	0	0	515	0	518
4642	2	1	495	10	0	508
4643	0	1	485	0	0	486
4644	473	1	9	1	0	484
4645	512	1	0	0	0	513
4646	11	1	498	0	0	510
4647	484	0	9	2	0	495
4648	484	1	1	2	0	488
4649	12	1	518	1	0	532
4650	0	505	9	4	0	518
4651	0	7	0	510	0	517
4652	0	0	490	9	0	499
4653	1	544	7	0	0	552
4654	3	9	0	562	0	574
4655	1	538	0	10	0	549
4656	2	10	538	7	0	557
4657	0	3	526	2	0	531
4658	0	2	8	562	0	572
4659	576	0	2	12	0	590
4660	9	2	2	585	0	598
4661	535	0	2	11	0	548
4662	11	2	0	528	0	541
4663	2	0	565	12	0	579
4664	540	1	10	1	0	552
4665	11	3	657	2	0	673
4666	643	0	13	2	0	658
4667	11	1	2	658	0	672
4668	2	662	2	14	0	680
4669	3	10	3	671	0	687
4670	0	683	1	12	0	696
4671	3	10	0	704	0	717
4672	2	714	1	8	0	725
4673	722	12	2	1	0	737
4674	729	1	2	2	0	734
4675	718	2	2	2	0	724
4676	15	0	719	3	0	737
4677	1	1	11	719	0	732
4678	4	2	747	11	0	764
4679	1	720	10	6	0	737
4680	4	748	2	1	0	755
4681	745	12	1	1	0	759
4682	13	3	727	4	0	747
4683	5	685	12	2	0	704
4684	3	10	1	764	0	778
4685	762	3	2	11	0	778
4686	11	753	2	3	0	769
4687	760	11	3	4	0	778
4688	13	2	732	1	0	748
4689	2	1	11	748	0	762
4690	1	2	4	750	0	757
4691	4	2	0	744	0	750
4692	4	737	2	12	0	755
4693	1	11	4	785	0	801
4694	1	4	782	14	0	801
4695	5	0	11	775	0	791
4696	1	3	2	803	0	809
4697	3	4	0	731	0	738
4698	1	724	1	13	0	739
4699	0	8	5	742	0	755
4700	1	3	2	727	0	733
4701	0	687	1	11	0	699
4702	652	10	0	2	0	664
4703	10	639	3	2	0	654
4704	1	651	3	3	0	658
4705	0	11	1	663	0	675
4706	2	5	640	12	0	659
4707	542	0	7	4	0	553
4708	6	3	2	666	0	677
4709	3	2	643	9	0	657
4710	2	627	10	7	0	646
4711	1	8	3	659	0	671
4712	3	2	647	9	0	661
4713	0	1	6	622	0	629
4714	0	1	3	624	0	628
4715	630	1	0	8	0	639
4716	6	623	3	2	0	634
4717	607	6	2	1	0	616
4718	6	2	617	4	0	629
4719	1	596	7	2	0	606
4720	1	6	614	2	0	623
4721	0	4	6	640	0	650
4722	625	0	2	8	0	635
4723	7	2	1	610	0	620
4724	620	1	1	8	0	630
4725	629	2	1	2	0	634
4726	9	2	0	627	0	638
4727	5	0	670	8	0	683
4728	0	1	651	4	0	656
4729	2	2	9	669	0	682
4730	2	1	4	760	0	767
4731	757	2	1	14	0	774
4732	9	0	2	723	0	734
4733	3	714	3	9	0	729
4734	1	12	1	739	0	753
4735	2	2	2	753	0	759
4736	747	0	1	14	0	762
4737	11	778	2	5	0	796
4738	3	14	2	793	0	812
4739	3	4	1	791	0	799
4740	2	771	1	22	0	796
4741	2	12	0	801	0	815
4742	2	7	2	801	0	812
4743	2	767	1	17	0	787
4744	2	12	0	799	0	813
4745	0	7	2	787	0	796
4746	3	772	1	18	0	794
4747	2	10	1	802	0	815
4748	792	8	0	15	0	815
4749	754	1	1	10	0	766
4750	811	1	3	7	0	822
4751	803	2	0	3	0	808
4752	14	806	0	9	0	829
4753	751	10	1	2	0	764
4754	10	720	0	4	0	734
4755	3	729	0	3	0	735
4756	2	11	1	742	0	756
4757	0	7	724	13	0	744
4758	651	2	7	3	0	663
4759	671	2	15	2	0	690
4760	10	4	717	2	0	733
4761	703	2	9	3	0	717
4762	738	0	5	5	0	748
4763	13	676	2	4	0	695
4764	767	9	0	3	0	779
4765	8	3	1	660	0	672
4766	7	1	0	671	0	679
4767	2	2	0	677	0	681
4768	2	1	2	664	0	669
4769	658	2	1	12	0	673
4770	7	3	0	650	0	660
4771	4	0	0	625	0	629
4772	3	2	601	12	0	618
4773	535	2	7	7	0	551
4774	608	1	4	1	0	614
4775	599	2	2	2	0	605
4776	14	589	1	3	0	607
4777	6	633	1	1	0	641
4778	603	17	1	0	0	621
4779	14	4	0	604	0	622
4780	7	589	2	11	0	609
4781	2	14	0	604	0	620
4782	2	599	0	16	0	617
4783	599	11	2	8	0	620
4784	12	547	1	2	0	562
4785	5	10	0	554	0	569
4786	1	5	0	571	0	577
4787	3	3	616	14	0	636
4788	1	687	12	10	0	710
4789	3	21	4	733	0	761
4790	3	8	729	23	0	763
4791	4	3	844	11	0	862
4792	3	4	30	808	0	845
4793	3	3	6	799	0	811
4794	1	761	2	32	0	796
4795	1	832	2	8	0	843
4796	3	33	1	829	0	866
4797	826	8	0	27	0	861
4798	28	5	1	892	0	926
4799	925	6	3	35	0	969
4800	962	5	0	11	0	978
4801	1056	2	2	8	0	1068
4802	48	3	1004	2	0	1057
4803	999	3	36	3	0	1041
4804	44	2	8	1015	0	1069
4805	13	2	8	1054	0	1077
4806	10	3	988	44	0	1045
4807	5	6	995	16	0	1022
4808	6	3	37	937	0	983
4809	3	923	15	37	0	978
4810	2	968	11	10	0	991
4811	8	41	3	969	0	1021
4812	961	14	0	37	0	1012
4813	40	7	4	962	0	1013
4814	10	4	6	979	0	999
4815	12	947	1	41	0	1001
4816	2	30	2	999	0	1033
4817	4	9	958	45	0	1016
4818	3	8	950	13	0	974
4819	923	2	41	15	0	981
4820	32	982	15	11	0	1040
4821	969	38	10	5	0	1022
4822	996	12	2	6	0	1016
4823	43	7	0	895	0	945
4824	20	972	2	28	0	1022
4825	8	32	6	973	0	1019
4826	965	8	1	39	0	1013
4827	33	935	1	15	0	984
4828	926	36	1	17	0	980
4829	38	925	7	5	0	975
4830	876	39	3	7	0	925
4831	879	12	4	6	0	901
4832	39	838	4	6	0	887
4833	23	33	1	851	0	908
4834	869	7	3	36	0	915
4835	39	10	818	11	0	878
4836	9	8	812	10	0	839
4837	11	3	33	778	0	825
4838	799	7	10	31	0	847
4839	32	6	9	804	0	851
4840	807	3	5	35	0	850
4841	38	7	810	9	0	864
4842	839	2	29	11	0	881
4843	879	5	5	4	0	893
4844	41	5	7	840	0	893
4845	14	2	3	865	0	884
4846	17	3	2	862	0	884
4847	5	817	4	44	0	870
4848	7	28	3	837	0	875
4849	6	4	4	883	0	897
4850	792	7	5	35	0	839
4851	801	4	3	22	0	830
4852	38	3	747	13	0	801
4853	770	3	33	7	0	813
4854	44	4	761	5	0	814
4855	760	2	38	6	0	806
4856	39	4	771	11	0	825
4857	12	3	784	14	0	813
4858	11	3	35	768	0	817
4859	5	7	773	34	0	819
4860	756	3	35	13	0	807
4861	32	6	9	794	0	841
4862	786	1	8	37	0	832
4863	805	3	5	9	0	822
4864	762	2	7	9	0	780
4865	763	3	3	5	0	774
4866	47	2	704	4	0	757
4867	21	2	31	717	0	771
4868	13	3	711	32	0	759
4869	11	1	34	735	0	781
4870	715	5	11	41	0	772
4871	32	2	16	729	0	779
4872	733	1	6	38	0	778
4873	38	3	3	813	0	857
4874	18	3	2	862	0	885
4875	832	5	5	44	0	886
4876	40	808	2	15	0	865
4877	790	21	5	12	0	828
4878	37	778	4	8	0	827
4879	12	32	4	805	0	853
4880	813	8	6	32	0	859
4881	29	6	776	13	0	824
4882	11	2	26	804	0	843
4883	798	1	7	35	0	841
4884	825	3	9	8	0	845
4885	31	2	3	811	0	847
4886	21	783	4	32	0	840
4887	16	719	1	10	0	746
4888	5	72	3	603	0	683
4889	628	7	1	19	0	655
4890	17	620	1	8	0	646
4891	3	502	1	9	0	515
4892	510	12	0	4	0	526
4893	10	476	3	4	0	493
4894	528	16	0	3	0	547
4895	18	2	3	526	0	549
4896	7	5	0	525	0	537
4897	7	510	1	16	0	534
4898	4	473	0	5	0	482
4899	404	12	2	4	0	422
4900	9	415	0	4	0	428
4901	2	331	0	0	0	333
4902	0	6	0	333	0	339
4903	344	3	0	4	0	351
4904	4	1	333	3	0	341
4905	320	0	5	1	0	326
4906	3	1	3	383	0	390
4907	3	1	382	7	0	393
4908	0	1	371	5	0	377
4909	0	1	9	390	0	400
4910	0	2	404	10	0	416
4911	402	1	10	8	0	421
4912	436	0	6	0	0	442
4913	14	0	438	0	0	452
4914	6	0	11	413	0	430
4915	0	0	8	439	0	447
4916	434	0	1	15	0	450
4917	13	0	1	394	0	408
4918	5	418	2	9	0	434
4919	419	12	0	7	0	438
4920	12	418	0	3	0	433
4921	7	441	1	0	0	449
4922	1	15	0	425	0	441
4923	1	6	1	435	0	443
4924	2	0	3	438	0	443
4925	2	2	419	17	0	440
4926	378	1	12	7	0	398
4927	12	390	3	2	0	407
4928	414	11	0	2	0	427
4929	417	8	1	2	0	428
4930	17	1	2	412	0	432
4931	7	416	1	13	0	437
4932	1	13	0	425	0	439
4933	2	4	0	433	0	439
4934	440	1	2	16	0	459
4935	441	0	1	7	0	449
4936	15	4	423	1	0	443
4937	425	1	10	2	0	438
4938	11	427	4	2	0	444
4939	443	11	0	2	0	456
4940	14	439	1	1	0	455
4941	5	11	3	390	0	409
4942	3	4	0	392	0	399
4943	2	327	0	87	0	416
4944	4	12	0	409	0	425
4945	3	7	0	418	0	428
4946	4	1	0	421	0	426
4947	0	443	1	16	0	460
4948	2	14	0	469	0	485
4949	1	7	0	466	0	474
4950	3	0	1	480	0	484
4951	2	1	442	21	0	466
4952	415	2	13	6	0	436
4953	14	1	443	4	0	462
4954	438	4	11	4	0	457
4955	13	0	450	5	0	468
4956	433	4	13	1	0	451
4957	458	2	5	5	0	470
4958	17	3	462	1	0	483
4959	8	2	12	459	0	481
4960	1	1	414	14	0	430
4961	392	0	11	9	0	412
4962	16	3	513	3	0	535
4963	7	1	501	2	0	511
4964	497	1	16	3	0	517
4965	13	499	6	4	0	522
4966	8	12	3	517	0	540
4967	528	7	5	12	0	552
4968	15	1	3	526	0	545
4969	8	1	6	545	0	560
4970	533	3	0	22	0	558
4971	526	0	5	11	0	542
4972	22	0	531	2	0	555
4973	7	1	474	5	0	487
4974	2	4	18	465	0	489
4975	8	1	472	13	0	494
4976	5	3	12	471	0	491
4977	3	4	9	479	0	495
4978	2	0	6	491	0	499
4979	478	2	1	24	0	505
4980	17	463	4	10	0	494
4981	479	12	2	5	0	498
4982	481	6	3	6	0	496
4983	19	466	2	5	0	492
4984	481	12	4	2	0	499
4985	16	8	477	5	0	506
4986	9	4	11	482	0	506
4987	494	1	6	18	0	519
4988	12	5	490	11	0	518
4989	487	3	12	5	0	507
4990	14	534	7	3	0	558
4991	622	13	1	6	0	642
4992	627	8	2	6	0	643
4993	31	628	1	5	0	665
4994	603	17	0	4	0	624
4995	18	9	1	588	0	616
4996	8	6	1	594	0	609
4997	608	1	0	24	0	633
4998	561	2	1	12	0	576
4999	21	595	3	4	0	623
5000	11	609	2	6	0	628
5001	3	21	2	574	0	600
5002	5	580	1	14	0	600
5003	3	605	1	3	0	612
5004	582	21	2	5	0	610
5005	19	592	0	4	0	615
5006	545	15	1	2	0	563
5007	13	531	1	3	0	548
5008	5	16	558	0	0	579
5009	3	562	8	1	0	574
5010	579	10	2	2	0	593
5011	527	2	2	0	0	531
5012	10	3	528	0	0	541
5013	6	1	7	505	0	519
5014	3	1	2	537	0	543
5015	1	0	587	10	0	598
5016	0	0	8	554	0	562
5017	0	2	611	10	0	623
5018	3	0	565	2	0	570
5019	565	0	9	4	0	578
5020	7	590	4	1	0	602
5021	599	8	4	0	0	611
5022	11	2	0	598	0	611
5023	2	4	595	10	0	611
5024	5	1	7	563	0	576
5025	1	572	3	11	0	587
5026	608	9	3	2	0	622
5027	596	4	0	2	0	602
5028	10	3	0	593	0	606
5029	7	2	593	7	0	609
5030	555	2	7	2	0	566
5031	9	581	2	3	0	595
5032	593	9	3	1	0	606
5033	15	3	0	585	0	603
5034	582	7	0	8	0	597
5035	17	1	1	557	0	576
5036	3	2	564	15	0	584
5037	7	1	558	7	0	573
5038	537	0	10	8	0	555
5039	10	567	7	1	0	585
5040	589	12	2	2	0	605
5041	637	4	1	3	0	645
5042	10	632	3	3	0	648
5043	632	17	0	2	0	651
5044	17	7	626	2	0	652
5045	8	7	15	631	0	661
5046	7	6	3	645	0	661
5047	6	4	4	616	0	630
5048	4	4	588	22	0	618
5049	2	3	587	10	0	602
5050	4	4	16	570	0	594
5051	7	555	8	11	0	581
5052	5	600	6	3	0	614
5053	597	17	4	5	0	623
5054	602	7	2	5	0	616
5055	11	599	4	6	0	620
5056	11	15	4	617	0	647
5057	6	4	3	626	0	639
5058	737	8	6	17	0	768
5059	20	0	5	828	0	853
5060	7	4	4	825	0	840
5061	7	6	4	844	0	861
5062	7	3	746	27	0	783
5063	5	4	698	13	0	720
5064	734	2	20	8	0	764
5065	20	1	10	800	0	831
5066	7	4	790	18	0	819
5067	12	3	762	8	0	785
5068	717	4	24	6	0	751
5069	21	2	775	8	0	806
5070	7	760	20	5	0	792
5071	8	17	9	823	0	857
5072	5	7	804	21	0	837
5073	793	8	19	8	0	828
5074	22	2	5	808	0	837
5075	10	3	794	24	0	831
5076	6	4	20	792	0	822
5077	3	3	8	809	0	823
5078	806	3	9	25	0	843
5079	27	795	4	9	0	835
5080	10	21	4	833	0	868
5081	844	4	3	24	0	875
5082	849	7	3	9	0	868
5083	863	4	2	10	0	879
5084	875	4	3	6	0	888
5085	29	2	7	852	0	890
5086	854	0	2	26	0	882
5087	855	1	2	13	0	871
5088	815	2	3	12	0	832
5089	827	0	9	5	0	841
5090	26	763	5	5	0	799
5091	4	684	2	3	0	693
5092	5	13	0	702	0	720
5093	3	672	1	11	0	687
5094	689	13	2	2	0	706
5095	15	2	2	686	0	705
5096	693	3	1	12	0	709
5097	672	3	1	5	0	681
5098	14	0	0	667	0	681
5099	6	1	2	659	0	668
5100	5	655	4	13	0	677
5101	672	10	1	5	0	688
5102	13	659	1	5	0	678
5103	678	14	0	1	0	693
5104	14	4	1	665	0	684
5105	10	2	650	13	0	675
5106	665	5	9	3	0	682
5107	658	2	3	6	0	669
5108	13	2	621	4	0	640
5109	10	1	617	1	0	629
5110	5	0	11	599	0	615
5111	690	0	5	16	0	711
5112	724	2	2	6	0	734
5113	748	2	2	5	0	757
5114	734	0	6	4	0	744
5115	19	670	2	1	0	692
5116	692	16	1	5	0	714
5117	19	3	4	651	0	677
5118	7	2	4	668	0	681
5119	6	0	2	677	0	685
5120	4	0	4	661	0	669
5121	645	4	4	19	0	672
5122	19	1	1	707	0	728
5123	5	2	709	21	0	737
5124	6	0	20	711	0	737
5125	4	0	3	748	0	755
5126	5	0	4	736	0	745
5127	6	0	1	745	0	752
5128	719	1	0	26	0	746
5129	23	703	2	7	0	735
5130	8	708	2	5	0	723
5131	5	21	1	725	0	752
5132	721	5	4	22	0	752
5133	733	2	2	9	0	746
5134	29	1	0	752	0	782
5135	10	5	723	21	0	759
5136	711	2	18	11	0	742
5137	25	0	3	785	0	813
5138	12	2	765	21	0	800
5139	711	4	19	6	0	740
5140	22	752	2	11	0	787
5141	811	16	3	0	0	830
5142	23	862	0	4	0	889
5143	7	25	0	894	0	926
5144	9	970	2	24	0	1005
5145	5	30	0	1040	0	1075
5146	975	14	0	36	0	1025
5147	34	999	1	11	0	1045
5148	11	35	982	5	0	1033
5149	8	10	25	1023	0	1066
5150	6	9	1011	35	0	1061
5151	4	7	33	984	0	1028
5152	7	2	9	1063	0	1081
5153	3	7	1017	42	0	1069
5154	881	3	41	16	0	941
5155	37	3	1042	16	0	1098
5156	11	3	1033	8	0	1055
5157	12	1036	44	9	0	1101
5158	7	29	12	968	0	1016
5159	4	8	11	915	0	938
5160	6	9	6	906	0	927
5161	4	6	7	935	0	952
5162	7	2	864	46	0	919
5163	813	8	28	17	0	866
5164	32	2	891	18	0	943
5165	10	0	31	879	0	920
5166	863	2	13	36	0	914
5167	34	861	8	14	0	917
5168	8	26	9	893	0	936
5169	869	8	7	36	0	920
5170	34	847	6	16	0	903
5171	11	918	4	17	0	950
5172	920	32	3	10	0	965
5173	32	971	3	4	0	1010
5174	950	34	5	9	0	998
5175	29	991	8	11	0	1039
5176	998	31	6	11	0	1046
5177	1014	14	2	10	0	1040
5178	37	1000	8	11	0	1056
5179	19	33	7	995	0	1054
5180	22	8	940	30	0	1000
5181	931	11	32	10	0	984
5182	34	7	13	959	0	1013
5183	12	918	8	31	0	969
5184	9	971	7	15	0	1002
5185	9	30	2	978	0	1019
5186	956	14	3	43	0	1016
5187	31	12	929	15	0	987
5188	10	10	29	949	0	998
5189	15	6	10	958	0	989
5190	9	3	12	979	0	1003
5191	4	5	9	965	0	983
5192	10	930	4	48	0	992
5193	5	29	6	979	0	1019
5194	6	10	941	45	0	1002
5195	5	7	928	21	0	961
5196	4	10	945	17	0	976
5197	5	8	36	938	0	987
5198	950	10	15	31	0	1006
5199	28	6	957	19	0	1010
5200	12	7	956	10	0	985
5201	13	6	36	922	0	977
5202	960	3	17	35	0	1015
5203	34	937	15	11	0	997
5204	948	32	9	12	0	1001
5205	32	11	7	967	0	1017
5206	15	8	988	34	0	1045
5207	16	9	29	949	0	1003
5208	11	1007	7	39	0	1064
5209	1103	34	8	17	0	1162
5210	35	15	1068	14	0	1132
5211	11	1016	32	12	0	1071
5212	1039	32	15	8	0	1094
5213	32	12	16	1043	0	1103
5214	10	12	11	1073	0	1106
5215	1073	7	6	44	0	1130
5216	1151	6	9	26	0	1192
5217	1181	5	8	24	0	1218
5218	54	8	9	1124	0	1195
5219	29	1129	11	40	0	1209
5220	1151	30	11	20	0	1212
5221	38	1150	9	18	0	1215
5222	1110	34	7	16	0	1167
5223	37	1074	6	15	0	1132
5224	28	35	2	1111	0	1176
5225	1104	22	13	28	0	1167
5226	1123	12	9	20	0	1164
5227	1130	13	6	18	0	1167
5228	1140	8	2	13	0	1163
5229	1137	9	2	11	0	1159
5230	55	10	1062	10	0	1137
5231	31	6	26	1077	0	1140
5232	27	5	1085	28	0	1145
5233	23	9	1060	17	0	1109
5234	1050	13	41	11	0	1115
5235	1086	5	24	10	0	1125
5236	1083	10	19	3	0	1115
5237	56	8	8	1013	0	1085
5238	1031	9	7	27	0	1074
5239	46	1030	6	19	0	1101
5240	29	1060	5	18	0	1112
5241	25	1035	3	10	0	1073
5242	915	26	0	7	0	948
5243	20	977	6	6	0	1009
5244	902	16	1	1	0	920
5245	887	12	1	2	0	902
5246	29	9	934	1	0	973
5247	19	3	10	891	0	923
5248	9	2	10	1012	0	1033
5249	1000	3	6	22	0	1031
5250	1004	2	2	14	0	1022
5251	25	0	2	990	0	1017
5252	19	0	975	15	0	1009
5253	11	2	946	12	0	971
5254	7	2	19	964	0	992
5255	10	0	13	922	0	945
5256	4	3	5	972	0	984
5257	912	1	3	22	0	938
5258	910	4	3	19	0	936
5259	21	889	5	10	0	925
5260	19	11	4	907	0	941
5261	11	10	3	906	0	930
5262	10	912	0	20	0	942
5263	11	11	1	935	0	958
5264	913	11	0	20	0	944
5265	18	7	3	902	0	930
5266	15	7	0	901	0	923
5267	911	4	1	26	0	942
5268	885	4	3	18	0	910
5269	891	3	1	12	0	907
5270	28	4	1	864	0	897
5271	26	1	793	15	0	835
5272	12	5	782	15	0	814
5273	8	2	756	10	0	776
5274	9	746	24	8	0	787
5275	718	12	13	5	0	748
5276	22	11	713	3	0	749
5277	709	2	13	6	0	730
5278	15	3	16	712	0	746
5279	708	3	9	12	0	732
5280	711	2	4	14	0	731
5281	23	702	4	4	0	733
5282	719	13	2	8	0	742
5283	704	11	4	10	0	729
5284	27	707	3	5	0	742
5285	25	17	0	716	0	758
5286	16	14	708	13	0	751
5287	15	6	12	736	0	769
5288	7	7	13	753	0	780
5289	743	5	9	27	0	784
5290	22	3	4	726	0	755
5291	15	736	4	19	0	774
5292	8	15	3	741	0	767
5293	13	12	2	759	0	786
5294	14	9	694	30	0	747
5295	14	699	14	22	0	749
5296	13	735	11	11	0	770
5297	700	24	12	7	0	743
5298	13	745	6	13	0	777
5299	14	19	4	741	0	778
5300	11	14	713	24	0	762
5301	12	720	17	16	0	765
5302	736	18	15	13	0	782
5303	24	17	8	725	0	774
5304	23	7	3	753	0	786
5305	12	5	715	32	0	764
5306	9	6	16	690	0	721
5307	6	4	14	682	0	706
5308	668	7	8	29	0	712
5309	584	2	3	25	0	614
5310	27	579	5	15	0	626
5311	586	12	2	10	0	610
5312	18	540	3	9	0	570
5313	15	52	5	465	0	537
5314	10	501	1	18	0	530
5315	9	475	4	11	0	499
5316	427	10	3	6	0	446
5317	420	8	5	5	0	438
5318	14	435	5	1	0	455
5319	462	9	1	4	0	476
5320	456	9	2	5	0	472
5321	466	3	1	5	0	475
5322	15	2	3	434	0	454
5323	462	3	3	9	0	477
5324	12	2	393	11	0	418
5325	405	6	8	5	0	424
5326	14	1	416	2	0	433
5327	10	6	8	411	0	435
5328	9	6	4	432	0	451
5329	6	1	411	17	0	435
5330	404	3	8	9	0	424
5331	431	1	9	7	0	448
5332	14	4	409	5	0	432
5333	13	5	9	411	0	438
5334	8	2	7	425	0	442
5335	2	6	1	442	0	451
5336	431	1	4	20	0	456
5337	436	3	6	8	0	453
5338	14	3	3	413	0	433
5339	8	355	4	12	0	379
5340	3	332	2	9	0	346
5341	306	11	1	8	0	326
5342	7	310	1	5	0	323
5343	5	247	0	6	0	258
5344	5	5	0	218	0	228
5345	6	3	242	5	0	256
5346	2	189	3	2	0	196
5347	2	6	2	196	0	206
5348	0	156	0	2	0	158
5349	0	3	0	157	0	160
5350	157	1	0	2	0	160
5351	2	159	0	1	0	162
5352	171	2	0	1	0	174
5353	171	1	0	1	0	173
5354	3	1	165	0	0	169
5355	167	0	2	0	0	169
5356	3	0	1	172	0	176
5357	1	0	171	2	0	174
5358	1	163	2	1	0	167
5359	0	2	1	170	0	173
5360	0	1	1	174	0	176
5361	174	1	0	3	0	178
5362	2	0	0	166	0	168
5363	1	0	0	168	0	169
5364	155	0	0	3	0	158
5365	2	149	0	2	0	153
5366	152	2	0	1	0	155
5367	3	1	149	0	0	153
5368	132	1	2	0	0	135
5369	4	0	148	0	0	152
5370	1	143	3	0	0	147
5371	154	2	1	0	0	157
5372	153	1	1	0	0	155
5373	3	1	148	0	0	152
5374	2	0	148	0	0	150
5375	2	0	155	0	0	157
5376	0	162	4	0	0	166
5377	0	2	2	172	0	176
5378	0	1	241	2	0	244
5379	0	1	238	1	0	240
5380	0	0	8	248	0	256
5381	0	0	254	4	0	258
5382	238	0	5	4	0	247
5383	404	0	4	1	0	409
5384	23	0	386	0	0	409
5385	11	380	18	0	0	409
5386	0	15	7	378	0	400
5387	3	9	357	17	0	386
5388	1	375	14	9	0	399
5389	1	16	8	381	0	406
5390	364	7	2	16	0	389
5391	368	2	0	8	0	378
5392	23	385	0	3	0	411
5393	7	13	1	396	0	417
5394	1	9	1	403	0	414
5395	0	2	1	405	0	408
5396	3	1	0	424	0	428
5397	1	0	378	26	0	405
5398	0	4	14	396	0	414
5399	0	1	382	21	0	404
5400	1	383	17	10	0	411
5401	377	17	7	3	0	404
5402	14	425	1	3	0	443
5403	9	18	2	443	0	472
5404	2	8	0	466	0	476
5405	448	3	1	25	0	477
5406	15	0	2	447	0	464
5407	10	444	2	16	0	472
5408	0	14	1	483	0	498
5409	1	9	2	493	0	505
5410	474	2	3	25	0	504
5411	18	4	425	11	0	458
5412	11	436	14	3	0	464
5413	2	478	7	2	0	489
5414	2	25	0	475	0	502
5415	465	11	1	20	0	497
5416	18	466	2	12	0	498
5417	8	16	0	487	0	511
5418	4	8	440	16	0	468
5419	1	4	16	464	0	485
5420	454	3	7	19	0	483
5421	458	1	3	12	0	474
5422	26	2	2	453	0	483
5423	460	2	1	19	0	482
5424	462	1	2	12	0	477
5425	25	2	438	5	0	470
5426	421	5	18	1	0	445
5427	17	430	9	9	0	465
5428	452	17	4	4	0	477
5429	21	13	430	2	0	466
5430	13	2	16	430	0	461
5431	435	2	12	17	0	466
5432	18	2	422	16	0	458
5433	13	3	459	5	0	480
5434	8	0	24	451	0	483
5435	3	2	469	21	0	495
5436	462	3	19	12	0	496
5437	22	3	463	5	0	493
5438	12	1	21	458	0	492
5439	7	1	12	481	0	501
5440	469	4	2	29	0	504
5441	17	4	458	14	0	493
5442	12	1	499	5	0	517
5443	3	1	29	527	0	560
5444	6	1	536	21	0	564
5445	484	2	25	13	0	524
5446	24	5	10	469	0	508
5447	11	3	485	24	0	523
5448	2	0	27	487	0	516
5449	9	1	9	544	0	563
5450	565	1	3	32	0	601
5451	28	2	542	13	0	585
5452	539	3	26	5	0	573
5453	26	2	549	8	0	585
5454	547	0	30	4	0	581
5455	560	4	17	3	0	584
5456	558	3	3	5	0	569
5457	32	527	6	3	0	568
5458	553	23	2	6	0	584
5459	556	11	2	8	0	577
5460	37	2	5	538	0	582
5461	14	5	530	28	0	577
5462	528	2	21	18	0	569
5463	24	4	578	7	0	613
5464	16	0	28	564	0	608
5465	9	0	13	609	0	631
5466	579	1	8	37	0	625
5467	24	567	3	15	0	609
5468	13	24	3	579	0	619
5469	9	12	4	605	0	630
5470	7	3	575	38	0	623
5471	5	3	25	588	0	621
5472	5	2	14	604	0	625
5473	5	1	5	582	0	593
5474	2	568	2	38	0	610
5475	557	23	3	18	0	601
5476	566	13	6	6	0	591
5477	30	547	2	9	0	588
5478	496	18	0	8	0	522
5479	25	25	3	559	0	612
5480	9	4	581	21	0	615
5481	5	620	24	11	0	660
5482	2	646	10	7	0	665
5483	531	14	0	0	0	545
5484	610	5	0	1	0	616
5485	20	1	1	607	0	629
5486	4	1	0	642	0	647
5487	2	1	0	658	0	661
5488	636	0	1	23	0	660
5489	20	0	613	7	0	640
5490	624	0	16	6	0	646
5491	16	0	7	628	0	651
5492	7	0	2	628	0	637
5493	5	613	2	25	0	645
5494	4	15	4	622	0	645
5495	4	5	1	643	0	653
5496	1	2	600	28	0	631
5497	2	584	20	9	0	615
5498	614	19	8	2	0	643
5499	580	5	3	5	0	593
5500	637	1	2	5	0	645
5501	638	2	3	1	0	644
5502	26	4	573	0	0	603
5503	573	0	16	0	0	589
5504	22	1	563	1	0	587
5505	10	2	20	538	0	570
5506	8	550	6	17	0	581
5507	1	17	5	546	0	569
5508	4	5	4	590	0	603
5509	4	2	565	23	0	594
5510	532	2	18	8	0	560
5511	574	5	4	2	0	585
5512	24	534	4	8	0	570
5513	8	17	552	5	0	582
5514	1	8	21	563	0	593
5515	6	4	557	20	0	587
5516	8	1	555	8	0	572
5517	2	3	25	552	0	582
5518	1	2	560	21	0	584
5519	3	1	18	563	0	585
5520	6	1	571	22	0	600
5521	3	3	19	576	0	601
5522	571	0	9	26	0	606
5523	595	0	4	11	0	610
5524	570	1	5	12	0	588
5525	568	2	0	8	0	578
5526	25	573	3	9	0	610
5527	12	16	2	571	0	601
5528	7	9	1	598	0	615
5529	9	2	566	25	0	602
5530	4	5	19	578	0	606
5531	6	4	568	23	0	601
5532	5	1	563	13	0	582
5533	525	0	26	9	0	560
5534	18	590	12	5	0	625
5535	606	20	5	8	0	639
5536	607	7	5	7	0	626
5537	29	590	9	1	0	629
5538	613	22	2	6	0	643
5539	27	11	593	5	0	636
5540	14	601	22	7	0	644
5541	629	20	10	7	0	666
5542	24	9	595	5	0	633
5543	508	4	21	4	0	537
5544	22	545	6	3	0	576
5545	546	19	3	6	0	574
5546	544	6	6	5	0	561
5547	23	529	5	8	0	565
5548	10	537	5	8	0	560
5549	8	571	2	7	0	588
5550	5	14	6	529	0	554
5551	7	7	6	537	0	557
5552	531	3	3	20	0	557
5553	547	6	8	7	0	568
5554	17	3	541	7	0	568
5555	8	2	513	8	0	531
5556	6	3	535	7	0	551
5557	8	1	21	537	0	567
5558	5	1	540	19	0	565
5559	6	4	19	536	0	565
5560	552	3	8	18	0	581
5561	20	1	541	6	0	568
5562	531	2	14	6	0	553
5563	518	3	6	4	0	531
5564	20	2	497	5	0	524
5565	11	507	19	4	0	541
5566	7	12	9	557	0	585
5567	4	6	564	17	0	591
5568	6	3	17	541	0	567
5569	2	3	13	604	0	622
5570	589	4	6	24	0	623
5571	21	4	5	587	0	617
5572	8	1	589	20	0	618
5573	7	3	15	594	0	619
5574	584	3	8	20	0	615
5575	21	574	4	9	0	608
5576	593	17	5	5	0	620
5577	19	7	7	595	0	628
5578	12	3	590	19	0	624
5579	8	3	503	9	0	523
5580	6	4	496	2	0	508
5581	3	445	18	6	0	472
5582	434	11	7	6	0	458
5583	11	361	39	1	0	412
5584	323	5	1	1	0	330
5585	6	305	0	1	0	312
5586	3	4	0	313	0	320
5587	1	2	0	311	0	314
5588	1	0	1	312	0	314
5589	0	300	0	6	0	306
5590	2	4	0	342	0	348
5591	0	3	1	419	0	423
5592	451	0	0	10	0	461
5593	15	2	0	466	0	483
5594	2	1	514	14	0	531
5595	501	0	15	2	0	518
5596	575	1	2	0	0	578
5597	16	564	1	1	0	582
5598	586	16	1	0	0	603
5599	595	3	0	0	0	598
5600	22	1	0	578	0	601
5601	5	3	0	605	0	613
5602	4	0	0	629	0	633
5603	608	0	1	21	0	630
5604	622	1	1	7	0	631
5605	21	2	595	2	0	620
5606	594	1	17	3	0	615
5607	600	0	3	2	0	605
5608	606	0	1	2	0	609
5609	24	0	578	2	0	604
5610	7	0	583	0	0	590
5611	4	0	22	583	0	609
5612	5	0	583	19	0	607
5613	2	1	20	593	0	616
5614	4	2	5	532	0	543
5615	2	595	5	19	0	621
5616	599	17	3	6	0	625
5617	22	5	594	3	0	624
5618	623	2	16	4	0	645
5619	23	2	3	635	0	663
5620	615	1	2	20	0	638
5621	22	600	5	5	0	632
5622	7	632	0	6	0	645
5623	3	21	1	613	0	638
5624	7	5	1	636	0	649
5625	5	2	609	22	0	638
5626	4	1	21	610	0	636
5627	586	1	6	22	0	615
5628	19	582	5	7	0	613
5629	7	19	599	2	0	627
5630	5	5	21	581	0	612
5631	3	2	604	21	0	630
5632	0	3	20	593	0	616
5633	4	0	605	21	0	630
5634	3	0	547	6	0	556
5635	1	1	24	540	0	566
5636	559	1	5	20	0	585
5637	564	2	3	4	0	573
5638	550	1	3	2	0	556
5639	24	535	2	3	0	564
5640	544	16	1	3	0	564
5641	551	4	1	5	0	561
5642	23	3	515	3	0	544
5643	7	522	19	2	0	550
5644	4	20	3	527	0	554
5645	523	6	2	21	0	552
5646	21	524	2	6	0	553
5647	532	19	3	6	0	560
5648	539	5	3	4	0	551
5649	508	1	1	5	0	515
5650	508	2	1	4	0	515
5651	23	3	4	487	0	517
5652	531	1	4	20	0	556
5653	21	0	2	508	0	531
5654	5	492	3	22	0	522
5655	4	15	4	521	0	544
5656	516	3	2	22	0	543
5657	22	2	532	5	0	561
5658	9	3	18	538	0	568
5659	545	1	6	19	0	571
5660	21	531	2	6	0	560
5661	545	19	2	3	0	569
5662	546	5	1	4	0	556
5663	24	664	4	1	0	693
5664	684	20	5	1	0	710
5665	22	7	640	4	0	673
5666	7	2	614	2	0	625
5667	596	1	17	3	0	617
5668	21	2	604	0	0	627
5669	6	7	14	558	0	585
5670	8	566	4	12	0	590
5671	642	12	2	4	0	660
5672	16	621	2	5	0	644
5673	5	717	3	4	0	729
5674	5	16	0	840	0	861
5675	3	7	1	840	0	851
5676	2	5	2	831	0	840
5677	4	0	2	840	0	846
5678	3	2	820	19	0	844
5679	5	0	16	811	0	832
5680	2	2	4	847	0	855
5681	836	1	3	18	0	858
5682	19	3	1	824	0	847
5683	4	3	818	16	0	841
5684	773	2	14	5	0	794
5685	18	1	3	811	0	833
5686	5	3	845	14	0	867
5687	5	1	15	839	0	860
5688	5	843	5	12	0	865
5689	861	13	3	4	0	881
5690	15	8	821	4	0	848
5691	4	732	9	2	0	747
5692	722	4	2	0	0	728
5693	3	685	1	0	0	689
5694	2	635	0	1	0	638
5695	664	3	1	0	0	668
5696	2	618	0	0	0	620
5697	1	610	0	0	0	611
5698	0	1	0	599	0	600
5699	0	0	598	1	0	599
5700	0	580	1	1	0	582
5701	0	1	0	586	0	587
5702	0	569	0	0	0	569
5703	570	0	0	0	0	570
5704	0	0	574	0	0	574
5705	0	0	0	572	0	572
5706	590	0	0	0	0	590
5707	0	0	0	598	0	598
5708	0	0	594	1	0	595
5709	550	0	2	1	0	553
5710	588	0	2	0	0	590
5711	2	573	1	0	0	576
5712	1	1	0	593	0	595
5713	0	1	0	583	0	584
5714	580	0	0	2	0	582
5715	571	0	0	1	0	572
5716	1	0	579	0	0	580
5717	1	559	3	1	0	564
5718	569	1	1	0	0	571
5719	1	1	0	564	0	566
5720	1	0	564	1	0	566
5721	0	0	534	1	0	535
5722	0	0	1	570	0	571
5723	598	0	1	1	0	600
5724	1	560	1	1	0	563
5725	677	1	0	0	0	678
5726	1	3	0	698	0	702
5727	1	1	0	698	0	700
5728	0	0	0	709	0	709
5729	717	0	0	2	0	719
5730	1	686	0	1	0	688
5731	1	1	0	715	0	717
5732	0	1	1	717	0	719
5733	0	0	697	2	0	699
5734	0	1	1	680	0	682
5735	0	0	705	2	0	707
5736	0	645	3	3	0	651
5737	0	1	1	706	0	708
5738	696	1	0	1	0	698
5739	1	0	685	1	0	687
5740	0	0	1	695	0	696
5741	0	0	699	1	0	700
5742	657	0	1	1	0	659
5743	1	0	698	0	0	699
5744	0	0	1	680	0	681
5745	713	0	0	1	0	714
5746	1	631	1	3	0	636
5747	735	1	0	0	0	736
5748	2	743	1	0	0	746
5749	1	3	0	785	0	789
5750	0	1	757	3	0	761
5751	0	1	806	4	0	811
5752	1	0	5	779	0	785
5753	840	0	1	3	0	844
5754	822	0	0	1	0	823
5755	1	0	0	812	0	813
5756	2	0	0	827	0	829
5757	791	0	0	4	0	795
5758	2	770	1	1	0	774
5759	1	821	0	0	0	822
5760	831	4	0	0	0	835
5761	3	2	786	0	0	791
5762	1	2	3	779	0	785
5763	1	1	713	3	0	718
5764	0	0	2	692	0	694
5765	0	0	699	4	0	703
5766	0	0	671	1	0	672
5767	0	0	3	688	0	691
5768	0	632	2	3	0	637
5769	714	3	0	1	0	718
5770	3	671	0	0	0	674
5771	1	3	0	666	0	670
5772	664	1	0	3	0	668
5773	4	0	0	579	0	583
5774	507	0	0	3	0	510
5775	487	0	1	1	0	489
5776	494	1	0	0	0	495
5777	5	510	0	0	0	515
5778	544	3	0	1	0	548
5779	5	1	1	533	0	540
5780	542	0	1	3	0	546
5781	3	1	0	629	0	633
5782	627	0	0	10	0	637
5783	631	1	0	3	0	635
5784	12	596	0	0	0	608
5785	3	9	0	675	0	687
5786	1	3	0	687	0	691
5787	0	730	0	19	0	749
5788	2	17	0	811	0	830
5789	814	7	0	20	0	841
5790	839	1	0	7	0	847
5791	845	0	1	2	0	848
5792	28	1	828	1	0	858
5793	864	0	17	1	0	882
5794	894	1	7	0	0	902
5795	879	0	1	0	0	880
5796	25	878	2	2	0	907
5797	9	18	0	906	0	933
5798	1	7	1	934	0	943
5799	1	1	0	951	0	953
5800	1	2	894	28	0	925
5801	1	0	20	914	0	935
5802	905	0	8	22	0	935
5803	20	0	1	917	0	938
5804	8	1	0	939	0	948
5805	1	2	906	28	0	937
5806	2	890	20	12	0	924
5807	919	16	7	2	0	944
5808	22	7	2	917	0	948
5809	928	3	2	21	0	954
5810	24	1	891	7	0	923
5811	874	1	18	4	0	897
5812	22	897	9	4	0	932
5813	13	19	915	1	0	948
5814	3	7	928	3	0	941
5815	3	3	26	902	0	934
5816	2	1	935	24	0	962
5817	2	931	22	12	0	967
5818	4	17	10	1023	0	1054
5819	4	9	4	1032	0	1049
5820	3	4	2	1065	0	1074
5821	1023	3	3	29	0	1058
5822	21	1013	2	14	0	1050
5823	9	19	4	1062	0	1094
5824	6	8	3	1101	0	1118
5825	1037	6	2	29	0	1074
5826	25	994	3	8	0	1030
5827	1021	22	1	9	0	1053
5828	1023	7	4	7	0	1041
5829	1043	3	4	4	0	1054
5830	34	4	1012	4	0	1054
5831	15	2	21	1008	0	1046
5832	8	1016	10	22	0	1056
5833	4	1028	4	12	0	1048
5834	6	30	1	1051	0	1088
5835	5	1065	3	25	0	1098
5836	1157	23	1	13	0	1194
5837	26	13	1114	5	0	1158
5838	1114	4	21	7	0	1146
5839	1171	2	8	9	0	1190
5840	35	2	5	1154	0	1196
5841	1151	6	5	24	0	1186
5842	25	1124	2	14	0	1165
5843	1169	23	3	9	0	1204
5844	1179	13	2	10	0	1204
5845	1218	5	5	10	0	1238
5846	42	6	1231	6	0	1285
5847	27	3	1224	10	0	1264
5848	21	6	34	1176	0	1237
5849	13	1156	15	34	0	1218
5850	12	1213	9	16	0	1250
5851	10	36	6	1161	0	1213
5852	1195	18	4	31	0	1248
5853	35	9	4	1196	0	1244
5854	18	5	7	1223	0	1253
5855	1189	3	5	46	0	1243
5856	30	1126	9	30	0	1195
5857	20	31	1124	13	0	1188
5858	13	15	1069	15	0	1112
5859	1143	4	36	11	0	1194
5860	31	7	15	1121	0	1174
5861	16	4	1131	39	0	1190
5862	7	8	32	1147	0	1194
5863	13	9	7	1168	0	1197
5864	9	5	12	1192	0	1218
5865	10	7	8	1184	0	1209
5866	12	1135	5	41	0	1193
5867	10	28	6	1182	0	1226
5868	1155	12	7	38	0	1212
5869	27	1114	9	20	0	1170
5870	1198	30	11	14	0	1253
5871	1215	12	7	9	0	1243
5872	1242	10	5	13	0	1270
5873	44	6	1167	12	0	1229
5874	1210	8	35	12	0	1265
5875	1256	4	10	11	0	1281
5876	1245	11	9	9	0	1274
5877	1226	6	7	10	0	1249
5878	46	1159	6	15	0	1226
5879	1203	34	1	11	0	1249
5880	40	12	1168	13	0	1233
5881	18	12	23	1070	0	1123
5882	16	9	7	1104	0	1136
5883	1106	6	4	36	0	1152
5884	37	1071	7	14	0	1129
5885	1049	23	3	5	0	1080
5886	29	1018	4	7	0	1058
5887	949	18	5	4	0	976
5888	896	4	3	3	0	906
5889	18	1085	4	4	0	1111
5890	1108	20	0	3	0	1131
5891	1193	9	1	2	0	1205
5892	29	1070	4	1	0	1104
5893	10	1201	1	1	0	1213
5894	1277	35	2	1	0	1315
5895	34	11	3	1268	0	1316
5896	1231	6	3	32	0	1272
5897	1300	3	0	12	0	1315
5898	1300	2	0	6	0	1308
5899	1287	1	0	5	0	1293
5900	43	1209	2	4	0	1258
5901	19	1257	0	2	0	1278
5902	1297	39	1	8	0	1345
5903	34	12	1225	1	0	1272
5904	15	30	31	1223	0	1299
5905	3	2	11	1299	0	1315
5906	1271	1	7	38	0	1317
5907	32	1234	2	14	0	1282
5908	12	27	3	1266	0	1308
5909	7	12	4	1303	0	1326
5910	1280	2	2	44	0	1328
5911	30	3	0	1291	0	1324
5912	1301	6	0	35	0	1342
5913	1300	6	3	14	0	1323
5914	1313	2	2	8	0	1325
5915	43	3	4	1278	0	1328
5916	24	1	1	1302	0	1328
5917	11	5	1431	45	0	1492
5918	10	5	1365	15	0	1395
5919	1377	7	52	5	0	1441
5920	49	5	21	1422	0	1497
5921	20	2	1449	45	0	1516
5922	19	1	1450	16	0	1486
5923	7	5	61	1444	0	1517
5924	10	3	1417	50	0	1480
5925	10	3	52	1379	0	1444
5926	7	8	19	1432	0	1466
5927	7	7	1452	73	0	1539
5928	10	3	49	1449	0	1511
5929	6	8	21	1477	0	1512
5930	9	3	11	1500	0	1523
5931	12	3	1380	77	0	1472
5932	15	5	46	1482	0	1548
5933	1462	2	21	60	0	1545
5934	54	1367	10	33	0	1464
5935	1437	48	2	19	0	1506
5936	67	21	1350	8	0	1446
5937	1391	14	56	5	0	1466
5938	1408	7	24	12	0	1451
5939	1418	1	15	10	0	1444
5940	72	7	10	1373	0	1462
5941	37	6	9	1421	0	1473
5942	26	4	1281	74	0	1385
5943	1263	4	47	43	0	1357
5944	59	1302	30	22	0	1413
5945	25	1287	19	16	0	1347
5946	11	1306	10	19	0	1346
5947	12	59	14	1229	0	1314
5948	1189	23	11	60	0	1283
5949	1225	10	7	38	0	1280
5950	62	4	1176	24	0	1266
5951	30	5	49	1179	0	1263
5952	13	6	22	1205	0	1246
5953	13	3	1138	76	0	1230
5954	13	8	1146	35	0	1202
5955	1131	4	55	21	0	1211
5956	54	1121	30	16	0	1221
5957	1185	41	11	10	0	1247
5958	1206	20	9	9	0	1244
5959	73	10	13	1138	0	1234
5960	37	2	8	1206	0	1253
5961	1148	5	6	72	0	1231
5962	55	5	17	1163	0	1240
5963	33	7	16	1199	0	1255
5964	1160	8	9	70	0	1247
5965	46	10	12	1187	0	1255
5966	1161	8	15	56	0	1240
5967	1191	8	11	37	0	1247
5968	65	9	1120	26	0	1220
5969	1163	7	56	17	0	1243
5970	1162	6	28	23	0	1219
5971	1180	8	16	25	0	1229
5972	77	3	1006	16	0	1102
5973	1073	4	41	19	0	1137
5974	50	1070	25	26	0	1171
5975	1109	34	14	27	0	1184
5976	1132	22	19	14	0	1187
5977	65	10	18	1100	0	1193
5978	48	3	8	1112	0	1171
5979	20	1113	11	68	0	1212
5980	26	42	9	1161	0	1238
5981	22	21	20	1189	0	1252
5982	1150	9	5	79	0	1243
5983	63	5	7	1170	0	1245
5984	46	4	8	1190	0	1248
5985	23	3	7	1178	0	1211
5986	19	1081	8	89	0	1197
5987	1067	37	19	36	0	1159
5988	58	1105	12	34	0	1209
5989	898	44	6	18	0	966
5990	55	18	843	15	0	931
5991	796	11	32	11	0	850
5992	48	6	764	20	0	838
5993	29	720	31	13	0	793
5994	670	24	17	11	0	722
5995	683	13	22	14	0	732
5996	50	670	6	14	0	740
5997	28	647	3	12	0	690
5998	643	30	8	12	0	693
5999	650	17	9	10	0	686
6000	44	8	2	636	0	690
6001	23	7	5	662	0	697
6002	23	10	602	40	0	675
6003	631	7	23	25	0	686
6004	31	8	8	622	0	669
6005	21	598	10	39	0	668
6006	17	28	5	621	0	671
6007	15	13	1	643	0	672
6008	13	13	590	47	0	663
6009	18	9	24	624	0	675
6010	593	3	14	46	0	656
6011	34	592	9	20	0	655
6012	25	566	1	9	0	601
6013	566	30	10	4	0	610
6014	570	21	5	5	0	601
6015	568	10	3	7	0	588
6016	48	531	5	5	0	589
6017	8	347	1	0	0	356
6018	348	21	0	1	0	370
6019	353	6	3	1	0	363
6020	26	346	1	1	0	374
6021	3	304	2	2	0	311
6022	294	18	0	2	0	314
6023	18	2	0	293	0	313
6024	294	1	0	20	0	315
6025	17	0	0	279	0	296
6026	0	267	1	17	0	285
6027	1	242	0	4	0	247
6028	227	18	0	3	0	248
6029	235	5	0	1	0	241
6030	244	2	0	0	0	246
6031	18	225	1	1	0	245
6032	3	17	183	1	0	204
6033	2	194	17	1	0	214
6034	198	19	0	0	0	217
6035	213	0	1	0	0	214
6036	16	2	157	1	0	176
6037	4	161	15	0	0	180
6038	2	17	1	169	0	189
6039	1	0	1	173	0	175
6040	2	155	1	17	0	175
6041	1	35	139	2	0	177
6042	165	0	15	2	0	182
6043	17	1	1	168	0	187
6044	167	1	1	16	0	185
6045	211	2	0	1	0	214
6046	18	1	0	188	0	207
6047	3	0	0	206	0	209
6048	2	1	0	207	0	210
6049	1	1	1	234	0	237
6050	215	1	2	19	0	237
6051	234	1	0	1	0	236
6052	18	2	227	2	0	249
6053	4	2	17	231	0	254
6054	3	0	2	256	0	261
6055	3	1	2	258	0	264
6056	2	0	236	21	0	259
6057	1	1	17	243	0	262
6058	235	3	0	21	0	259
6059	17	2	3	245	0	267
6060	4	1	235	20	0	260
6061	3	1	16	241	0	261
6062	3	2	232	21	0	258
6063	244	0	19	2	0	265
6064	17	1	2	236	0	256
6065	244	1	3	19	0	267
6066	258	0	1	3	0	262
6067	19	3	1	244	0	267
6068	252	3	0	18	0	273
6069	23	1	0	252	0	276
6070	4	244	2	15	0	265
6071	275	17	0	4	0	296
6072	287	2	0	4	0	293
6073	285	3	1	3	0	292
6074	18	6	1	269	0	294
6075	5	1	0	284	0	290
6076	6	0	0	285	0	291
6077	2	0	260	21	0	283
6078	0	254	17	3	0	274
6079	0	13	0	237	0	250
6080	0	1	213	18	0	232
6081	214	3	15	1	0	233
6082	15	1	2	233	0	251
6083	3	1	218	16	0	238
6084	228	0	14	2	0	244
6085	17	0	1	233	0	251
6086	3	0	1	246	0	250
6087	2	0	0	250	0	252
6088	234	1	1	19	0	255
6089	245	0	1	4	0	250
6090	241	0	0	5	0	246
6091	17	208	2	2	0	229
6092	4	234	0	3	0	241
6093	202	14	2	1	0	219
6094	17	2	188	3	0	210
6095	1	2	10	161	0	174
6096	3	0	0	174	0	177
6097	168	1	3	13	0	185
6098	175	0	1	3	0	179
6099	12	157	1	3	0	173
6100	2	12	0	167	0	181
6101	4	0	161	13	0	178
6102	2	3	162	2	0	169
6103	1	2	12	162	0	177
6104	2	0	2	176	0	180
6105	165	0	3	14	0	182
6106	14	0	1	179	0	194
6107	179	0	1	15	0	195
6108	193	0	0	4	0	197
6109	13	0	217	4	0	234
6110	223	0	12	2	0	237
6111	236	2	0	1	0	239
6112	233	0	2	1	0	236
6113	16	211	2	1	0	230
6114	5	228	1	0	0	234
6115	4	11	0	226	0	241
6116	2	2	215	13	0	232
6117	2	188	3	1	0	194
6118	0	4	0	194	0	198
6119	0	1	1	195	0	197
6120	0	186	3	4	0	193
6121	195	3	1	1	0	200
6122	192	1	0	2	0	195
6123	3	2	186	2	0	193
6124	186	4	2	1	0	193
6125	6	2	192	0	0	200
6126	181	0	3	0	0	184
6127	6	1	187	0	0	194
6128	1	181	3	2	0	187
6129	2	2	1	194	0	199
6130	1	0	2	228	0	231
6131	225	1	3	2	0	231
6132	228	4	0	1	0	233
6133	221	1	0	5	0	227
6134	3	1	255	2	0	261
6135	5	0	3	258	0	266
6136	3	0	0	289	0	292
6137	291	0	3	3	0	297
6138	6	278	0	1	0	285
6139	311	2	1	6	0	320
6140	5	0	0	354	0	359
6141	2	1	0	353	0	356
6142	3	0	1	355	0	359
6143	4	1	0	352	0	357
6144	4	0	0	351	0	355
6145	0	314	0	5	0	319
6146	0	313	0	3	0	316
6147	2	308	0	3	0	313
6148	0	30	2	300	0	332
6149	0	1	279	2	0	282
6150	256	0	1	2	0	259
6151	3	288	0	0	0	291
6152	2	1	0	274	0	277
6153	0	2	0	273	0	275
6154	276	0	0	3	0	279
6155	267	0	1	0	0	268
6156	247	0	2	1	0	250
6157	1	0	0	267	0	268
6158	0	0	268	3	0	271
6159	2	1	264	0	0	267
6160	0	0	1	267	0	268
6161	3	0	262	1	0	266
6162	248	0	1	0	0	249
6163	1	0	2	268	0	271
6164	2	0	275	1	0	278
6165	1	0	1	265	0	267
6166	2	0	308	1	0	311
6167	0	2	338	0	0	340
6168	0	2	3	317	0	322
6169	0	0	373	5	0	378
6170	0	0	378	1	0	379
6171	0	327	5	0	0	332
6172	0	4	1	383	0	388
6173	414	1	1	4	0	420
6174	3	1	0	400	0	404
6175	1	0	0	427	0	428
6176	1	0	414	5	0	420
6177	361	0	5	2	0	368
6178	4	0	1	430	0	435
6179	1	0	1	424	0	426
6180	425	0	0	6	0	431
6181	3	0	0	428	0	431
6182	424	0	0	4	0	428
6183	423	0	0	1	0	424
6184	419	0	0	1	0	420
6185	5	396	0	0	0	401
6186	420	4	0	1	0	425
6187	5	409	1	0	0	415
6188	1	5	0	416	0	422
6189	423	1	0	4	0	428
6190	4	400	1	2	0	407
6191	423	4	1	1	0	429
6192	5	400	0	1	0	406
6193	415	4	1	0	0	420
6194	4	391	3	0	0	398
6195	1	418	1	0	0	420
6196	1	421	0	1	0	423
6197	1	5	0	412	0	418
6198	0	402	1	4	0	407
6199	0	5	0	422	0	427
6200	0	1	0	430	0	431
6201	1	1	0	436	0	438
6202	0	0	0	434	0	434
6203	418	0	0	7	0	425
6204	420	0	0	2	0	422
6205	5	0	385	2	0	392
6206	439	0	2	0	0	441
6207	537	0	0	0	0	537
6208	550	0	1	0	0	551
6209	8	1	489	0	0	498
6210	3	3	489	0	0	495
6211	497	1	5	1	0	504
6212	7	1	512	1	0	521
6213	1	527	8	4	0	540
6214	1	10	1	564	0	576
6215	570	1	1	9	0	581
6216	573	2	0	1	0	576
6217	619	0	0	1	0	620
6218	12	2	0	605	0	619
6219	2	1	0	621	0	624
6220	1	1	605	10	0	617
6221	0	0	10	594	0	604
6222	0	1	1	629	0	631
6223	620	0	1	12	0	633
6224	10	641	0	3	0	654
6225	664	10	1	1	0	676
6226	13	1	0	706	0	720
6227	707	1	0	13	0	721
6228	716	0	0	1	0	717
6229	688	0	2	1	0	691
6230	12	662	1	0	0	675
6231	2	688	1	0	0	691
6232	1	11	0	689	0	701
6233	690	2	1	12	0	705
6234	11	1	0	653	0	665
6235	2	0	0	667	0	669
6236	1	0	629	12	0	642
6237	0	2	9	606	0	617
6238	1	0	2	637	0	640
6239	1	0	1	624	0	626
6240	2	0	582	13	0	597
6241	2	0	587	3	0	592
6242	1	578	11	3	0	593
6243	598	10	2	1	0	611
6244	12	2	2	592	0	608
6245	1	2	579	12	0	594
6246	2	0	10	579	0	591
6247	1	1	1	608	0	611
6248	594	1	1	13	0	609
6249	599	0	0	2	0	601
6250	10	584	1	2	0	597
6251	591	10	1	0	0	602
6252	605	2	0	0	0	607
6253	14	1	1	592	0	608
6254	2	2	581	11	0	596
6255	1	567	9	3	0	580
6256	613	12	1	2	0	628
6257	630	1	1	1	0	633
6258	10	606	1	1	0	618
6259	1	11	0	690	0	702
6260	704	1	1	20	0	726
6261	722	1	1	4	0	728
6262	17	0	0	722	0	739
6263	777	0	0	20	0	797
6264	815	0	1	1	0	817
6265	819	1	1	1	0	822
6266	22	0	743	0	0	765
6267	4	700	13	1	0	718
6268	4	736	1	1	0	742
6269	687	16	0	0	0	703
6270	19	694	2	1	0	716
6271	1	17	766	3	0	787
6272	2	4	18	801	0	825
6273	792	0	1	20	0	813
6274	19	1	1	801	0	822
6275	816	3	2	20	0	841
6276	829	3	0	5	0	837
6277	817	1	1	2	0	821
6278	24	771	1	3	0	799
6279	8	812	1	3	0	824
6280	818	19	1	4	0	842
6281	822	3	2	3	0	830
6282	825	2	3	1	0	831
6283	21	3	1	817	0	842
6284	801	1	1	22	0	825
6285	21	789	1	3	0	814
6286	3	846	3	2	0	854
6287	4	22	0	839	0	865
6288	2	5	820	21	0	848
6289	5	2	810	5	0	822
6290	5	1	19	823	0	848
6291	5	1	824	19	0	849
6292	2	2	20	836	0	860
6293	834	3	2	19	0	858
6294	20	3	1	836	0	860
6295	838	3	2	19	0	862
6296	18	810	1	9	0	838
6297	8	19	867	3	0	897
6298	4	2	21	868	0	895
6299	4	2	2	924	0	932
6300	2	2	881	24	0	909
6301	5	0	18	849	0	872
6302	4	943	4	19	0	970
6303	1	19	2	985	0	1007
6304	5	6	2	994	0	1007
6305	5	4	0	1024	0	1033
6306	5	2	959	28	0	994
6307	1	0	776	6	0	783
6308	765	0	22	5	0	792
6309	23	1	793	4	0	821
6310	6	832	24	2	0	864
6311	858	20	3	1	0	882
6312	19	849	2	2	0	872
6313	887	22	1	2	0	912
6314	892	5	2	1	0	900
6315	894	3	2	2	0	901
6316	894	1	2	4	0	901
6317	26	832	2	2	0	862
6318	5	860	3	4	0	872
6319	892	20	0	2	0	914
6320	21	7	843	2	0	873
6321	5	5	16	827	0	853
6322	3	1	2	890	0	896
6323	3	2	851	21	0	877
6324	755	0	20	6	0	781
6325	847	0	2	4	0	853
6326	795	1	5	1	0	802
6327	20	769	3	3	0	795
6328	801	19	0	0	0	820
6329	21	3	2	763	0	789
6330	5	761	0	18	0	784
6331	780	18	0	5	0	803
6332	787	1	4	2	0	794
6333	849	2	1	2	0	854
6334	26	1	0	826	0	853
6335	5	2	2	820	0	829
6336	4	789	0	24	0	817
6337	2	20	790	3	0	815
6338	0	3	17	801	0	821
6339	2	3	2	817	0	824
6340	3	2	3	832	0	840
6341	3	0	797	26	0	826
6342	790	0	19	6	0	815
6343	24	2	1	832	0	859
6344	2	2	821	23	0	848
6345	5	2	20	821	0	848
6346	855	1	5	24	0	885
6347	19	842	2	14	0	877
6348	4	22	2	883	0	911
6349	6	2	863	23	0	894
6350	814	2	21	4	0	841
6351	874	1	4	2	0	881
6352	24	1	857	5	0	887
6353	5	3	23	804	0	835
6354	6	831	3	18	0	858
6355	867	22	2	5	0	896
6356	21	6	817	5	0	849
6357	808	2	23	7	0	840
6358	36	1	853	1	0	891
6359	7	0	766	0	0	773
6360	738	0	17	3	0	758
6361	15	739	6	1	0	761
6362	3	15	730	1	0	749
6363	5	803	14	1	0	823
6364	2	14	782	1	0	799
6365	1	777	17	3	0	798
6366	923	15	2	0	0	940
6367	15	1	889	0	0	905
6368	1	5	897	1	0	904
6369	3	0	870	1	0	874
6370	838	2	12	0	0	852
6371	828	0	3	0	0	831
6372	11	1	1	772	0	785
6373	3	0	794	9	0	806
6374	2	0	856	0	0	858
6375	855	1	10	1	0	867
6376	10	1	1	882	0	894
6377	877	0	1	10	0	888
6378	876	0	0	0	0	876
6379	9	0	0	880	0	889
6380	1	868	1	10	0	880
6381	1	8	2	908	0	919
6382	2	1	0	920	0	923
6383	1	1	914	11	0	927
6384	2	865	11	3	0	881
6385	2	902	0	3	0	907
6386	1	11	1	905	0	918
6387	1	3	880	11	0	895
6388	0	811	13	4	0	828
6389	2	9	868	2	0	881
6390	862	1	11	0	0	874
6391	894	2	0	1	0	897
6392	10	1	878	1	0	890
6393	887	0	9	2	0	898
6394	12	1	1	899	0	913
6395	0	854	3	9	0	866
6396	1	10	1	910	0	922
6397	848	1	0	12	0	861
6398	841	1	0	1	0	843
6399	842	0	3	2	0	847
6400	855	0	0	0	0	855
6401	11	792	2	2	0	807
6402	1	746	3	1	0	751
6403	771	10	0	2	0	783
6404	12	2	743	0	0	757
6405	1	0	4	778	0	783
6406	1	840	0	3	0	844
6407	1	7	1	835	0	844
6408	0	858	0	8	0	866
6409	1	6	1	869	0	877
6410	2	2	779	6	0	789
6411	750	0	8	1	0	759
6412	787	0	3	1	0	791
6413	8	2	743	1	0	754
6414	733	1	6	2	0	742
6415	742	2	1	1	0	746
6416	7	0	748	1	0	756
6417	2	0	9	719	0	730
6418	756	0	1	6	0	763
6419	8	0	739	2	0	749
6420	3	1	8	724	0	736
6421	3	1	838	7	0	849
6422	2	2	803	2	0	809
6423	823	2	7	1	0	833
6424	847	0	2	3	0	852
6425	882	1	0	1	0	884
6426	935	0	3	0	0	938
6427	11	2	2	912	0	927
6428	2	880	3	10	0	895
6429	0	906	2	2	0	910
6430	3	10	3	937	0	953
6431	954	2	0	11	0	967
6432	13	906	2	4	0	925
6433	6	878	4	1	0	889
6434	909	13	1	3	0	926
6435	11	5	3	893	0	912
6436	906	2	1	9	0	918
6437	11	981	0	9	0	1001
6438	1092	8	1	1	0	1102
6439	15	6	1087	2	0	1110
6440	1218	3	13	1	0	1235
6441	1265	1	5	2	0	1273
6442	1265	1	1	4	0	1271
6443	27	3	1187	0	0	1217
6444	1198	2	18	3	0	1221
6445	21	1188	6	0	0	1215
6446	6	21	1216	3	0	1246
6447	5	6	18	1180	0	1209
6448	5	2	6	1195	0	1208
6449	5	1193	2	24	0	1224
6450	3	20	3	1232	0	1258
6451	4	7	1	1263	0	1275
6452	2	5	1206	25	0	1238
6453	1105	0	22	9	0	1136
6454	22	1	1230	5	0	1258
6455	10	0	21	1212	0	1243
6456	6	2	1235	17	0	1260
6457	2	1	22	1210	0	1235
6458	1198	0	4	22	0	1224
6459	1200	0	6	7	0	1213
6460	29	1	1	1215	0	1246
6461	11	0	1240	20	0	1271
6462	3	2	18	1318	0	1341
6463	2	2	1175	36	0	1215
6464	1085	3	32	9	0	1129
6465	1219	2	6	7	0	1234
6466	1107	1	5	0	0	1113
6467	1098	2	1	4	0	1105
6468	37	1019	6	3	0	1065
6469	14	30	2	1073	0	1119
6470	1033	9	4	35	0	1081
6471	36	1014	3	8	0	1061
6472	12	1050	3	7	0	1072
6473	12	44	991	3	0	1050
6474	941	12	36	4	0	993
6475	1002	5	8	6	0	1021
6476	45	2	933	5	0	985
6477	17	2	32	937	0	988
6478	10	1	9	989	0	1009
6479	7	3	955	40	0	1005
6480	6	1	40	943	0	990
6481	955	2	9	37	0	1003
6482	40	1	924	12	0	977
6483	14	0	954	9	0	977
6484	991	3	36	7	0	1037
6485	37	4	993	10	0	1044
6486	991	5	37	4	0	1037
6487	42	972	9	6	0	1029
6488	1020	39	7	3	0	1069
6489	48	12	6	991	0	1057
6490	15	6	5	1036	0	1062
6491	1011	8	6	44	0	1069
6492	44	3	5	1012	0	1064
6493	1007	7	2	44	0	1060
6494	46	1048	8	11	0	1113
6495	17	42	3	1026	0	1088
6496	10	12	7	1124	0	1153
6497	1096	10	4	50	0	1160
6498	1108	3	9	11	0	1131
6499	1112	3	5	11	0	1131
6500	57	1036	13	3	0	1109
6501	25	1096	7	6	0	1134
6502	1100	42	11	4	0	1157
6503	43	17	1030	12	0	1102
6504	18	1043	40	10	0	1111
6505	1069	38	8	11	0	1126
6506	983	6	6	7	0	1002
6507	992	6	6	6	0	1010
6508	45	2	4	959	0	1010
6509	974	3	10	36	0	1023
6510	993	2	6	11	0	1012
6511	46	1	6	954	0	1007
6512	978	4	5	43	0	1030
6513	44	4	904	13	0	965
6514	12	4	33	922	0	971
6515	10	2	5	946	0	963
6516	11	3	7	982	0	1003
6517	976	3	3	51	0	1033
6518	1014	3	6	15	0	1038
6519	1023	4	7	7	0	1041
6520	1020	3	7	4	0	1034
6521	919	1	7	6	0	933
6522	54	4	3	866	0	927
6523	23	1	1	913	0	938
6524	878	3	4	47	0	932
6525	44	818	4	14	0	880
6526	800	31	3	11	0	845
6527	38	6	743	4	0	791
6528	830	6	28	4	0	868
6529	887	4	7	4	0	902
6530	49	2	872	3	0	926
6531	883	1	43	2	0	929
6532	47	2	1003	3	0	1055
6533	12	2	1228	2	0	1244
6534	11	0	62	1151	0	1224
6535	6	3	9	1255	0	1273
6536	9	1	1191	65	0	1266
6537	9	4	1092	12	0	1117
6538	5	1025	57	10	0	1097
6539	8	1058	16	4	0	1086
6540	853	48	8	6	0	915
6541	48	879	17	7	0	951
6542	856	51	7	6	0	920
6543	46	889	4	7	0	946
6544	894	54	7	4	0	959
6545	51	8	813	2	0	874
6546	822	11	50	4	0	887
6547	54	10	4	799	0	867
6548	10	809	6	44	0	869
6549	14	52	2	842	0	910
6550	836	10	6	49	0	901
6551	890	7	4	6	0	907
6552	57	5	4	857	0	923
6553	15	2	829	51	0	897
6554	10	5	814	6	0	835
6555	7	833	48	9	0	897
6556	7	52	7	842	0	908
6557	8	9	817	52	0	886
6558	9	784	47	11	0	851
6559	9	51	6	816	0	882
6560	7	4	8	883	0	902
6561	814	9	8	55	0	886
6562	35	3	10	722	0	770
6563	4	6	716	35	0	761
6564	5	6	32	724	0	767
6565	711	3	5	43	0	762
6566	33	7	667	9	0	716
6567	674	4	31	13	0	722
6568	38	700	6	11	0	755
6569	716	34	5	10	0	765
6570	733	3	5	10	0	751
6571	36	5	7	710	0	758
6572	11	0	8	742	0	761
6573	9	701	6	36	0	752
6574	9	34	8	734	0	785
6575	727	6	6	39	0	778
6576	44	7	686	8	0	745
6577	11	5	32	713	0	761
6578	13	703	9	39	0	764
6579	7	38	6	715	0	766
6580	4	11	0	768	0	783
6581	721	7	5	40	0	773
6582	38	707	6	12	0	763
6583	15	35	2	736	0	788
6584	659	12	4	38	0	713
6585	34	7	6	658	0	705
6586	12	8	3	694	0	717
6587	661	6	5	44	0	716
6588	692	3	8	16	0	719
6589	41	6	636	15	0	698
6590	652	5	36	15	0	708
6591	685	8	7	15	0	715
6592	674	2	8	15	0	699
6593	44	629	5	14	0	692
6594	12	610	9	10	0	641
6595	16	38	5	603	0	662
6596	573	12	5	36	0	626
6597	608	8	6	8	0	630
6598	47	7	5	559	0	618
6599	21	11	548	33	0	613
6600	577	8	30	8	0	623
6601	611	6	7	7	0	631
6602	43	8	7	580	0	638
6603	16	5	2	616	0	639
6604	592	4	3	48	0	647
6605	44	4	3	568	0	619
6606	20	483	4	127	0	634
6607	14	37	7	596	0	654
6608	599	1	8	43	0	651
6609	43	7	570	12	0	632
6610	582	4	35	14	0	635
6611	39	5	573	14	0	631
6612	13	7	33	588	0	641
6613	637	7	6	45	0	695
6614	36	10	5	631	0	682
6615	11	8	4	668	0	691
6616	639	3	4	50	0	696
6617	45	2	577	15	0	639
6618	13	2	623	14	0	652
6619	13	3	37	603	0	656
6620	8	1	13	650	0	672
6621	9	2	5	660	0	676
6622	12	4	602	46	0	664
6623	608	6	33	18	0	665
6624	648	4	9	12	0	673
6625	640	3	12	8	0	663
6626	635	3	8	13	0	659
6627	39	583	5	19	0	646
6628	9	550	2	24	0	585
6629	13	548	4	12	0	577
6630	8	24	6	499	0	537
6631	15	2	7	502	0	526
6632	9	1	330	23	0	363
6633	0	119	0	0	0	119
6634	0	0	0	130	0	130
6635	129	0	0	0	0	129
6636	0	134	0	0	0	134
6637	0	0	0	135	0	135
6638	0	155	0	0	0	155
6639	159	0	0	0	0	159
6640	0	1	0	153	0	154
6641	0	0	241	0	0	241
6642	0	1	236	0	0	237
6643	1	0	7	240	0	248
6644	0	0	5	229	0	234
6645	0	0	1	247	0	248
6646	243	0	1	10	0	254
6647	6	0	247	5	0	258
6648	2	259	3	2	0	266
6649	3	6	1	277	0	287
6650	0	2	258	7	0	267
6651	1	255	6	3	0	265
6652	0	6	3	269	0	278
6653	0	2	262	6	0	270
6654	0	2	5	259	0	266
6655	0	0	3	272	0	275
6656	268	1	3	8	0	280
6657	259	0	0	6	0	265
6658	7	0	1	268	0	276
6659	266	0	0	7	0	273
6660	9	0	261	3	0	273
6661	4	0	6	266	0	276
6662	4	0	256	8	0	268
6663	0	0	9	260	0	269
6664	1	242	3	9	0	255
6665	0	242	4	3	0	249
6666	1	271	0	4	0	276
6667	0	9	2	282	0	293
6668	0	4	0	332	0	336
6669	0	2	309	10	0	321
6670	0	2	337	5	0	344
6671	0	2	346	3	0	351
6672	334	0	12	2	0	348
6673	7	0	8	355	0	370
6674	348	0	5	9	0	362
6675	10	363	3	5	0	381
6676	2	8	2	386	0	398
6677	391	4	0	10	0	405
6678	10	4	1	386	0	401
6679	386	0	1	13	0	400
6680	14	2	365	4	0	385
6681	4	360	10	8	0	382
6682	5	8	4	382	0	399
6683	380	5	5	12	0	402
6684	383	5	1	5	0	394
6685	12	1	2	387	0	402
6686	8	2	1	390	0	401
6687	388	0	2	17	0	407
6688	12	0	4	380	0	396
6689	7	0	377	15	0	399
6690	7	363	10	8	0	388
6691	4	7	6	389	0	406
6692	377	3	5	13	0	398
6693	377	6	1	6	0	390
6694	15	4	419	7	0	445
6695	10	399	13	4	0	426
6696	9	437	4	4	0	454
6697	2	21	5	430	0	458
6698	3	9	1	448	0	461
6699	2	6	3	437	0	448
6700	1	1	3	438	0	443
6701	3	419	1	25	0	448
6702	3	16	2	434	0	455
6703	5	4	2	453	0	464
6704	426	5	2	26	0	459
6705	425	1	0	14	0	440
6706	21	418	3	8	0	450
6707	448	18	2	6	0	474
6708	455	4	2	10	0	471
6709	460	6	2	3	0	471
6710	29	2	427	6	0	464
6711	13	3	17	423	0	456
6712	7	3	8	468	0	486
6713	4	5	411	23	0	443
6714	4	3	15	414	0	436
6715	3	4	5	421	0	433
6716	413	2	7	25	0	447
6717	17	2	413	19	0	451
6718	7	4	17	403	0	431
6719	402	1	6	25	0	434
6720	14	389	10	13	0	426
6721	410	18	1	10	0	439
6722	420	8	2	7	0	437
6723	23	405	2	8	0	438
6724	14	15	0	417	0	446
6725	419	5	1	23	0	448
6726	24	405	4	6	0	439
6727	12	17	3	421	0	453
6728	423	13	1	19	0	456
6729	425	7	3	14	0	449
6730	29	396	2	13	0	440
6731	428	17	1	9	0	455
6732	20	6	5	425	0	456
6733	424	8	1	24	0	457
6734	26	1	396	14	0	437
6735	8	3	15	417	0	443
6736	13	1	7	417	0	438
6737	408	4	5	28	0	445
6738	24	377	1	14	0	416
6739	380	19	5	6	0	410
6740	29	375	1	7	0	412
6741	9	13	277	3	0	302
6742	7	5	282	1	0	295
6743	2	4	14	284	0	304
6744	5	3	284	16	0	308
6745	3	4	11	284	0	302
6746	3	1	2	291	0	297
6747	5	2	2	281	0	290
6748	283	4	1	15	0	303
6749	297	4	2	10	0	313
6750	324	1	1	7	0	333
6751	23	305	2	4	0	334
6752	7	351	2	4	0	364
6753	7	15	372	4	0	398
6754	7	3	15	373	0	398
6755	5	8	374	20	0	407
6756	4	4	16	381	0	405
6757	7	3	4	396	0	410
6758	3	2	4	407	0	416
6759	5	2	368	27	0	402
6760	2	3	22	385	0	412
6761	383	2	6	26	0	417
6762	20	377	4	13	0	414
6763	8	14	4	387	0	413
6764	386	6	4	26	0	422
6765	399	3	2	11	0	415
6766	26	2	5	365	0	398
6767	10	1	2	377	0	390
6768	318	3	2	25	0	348
6769	21	2	0	326	0	349
6770	277	4	3	20	0	304
6771	22	0	3	280	0	305
6772	5	3	264	28	0	300
6773	5	259	16	10	0	290
6774	7	296	5	7	0	315
6775	1	14	0	263	0	278
6776	2	1	3	272	0	278
6777	259	0	5	19	0	283
6778	16	2	2	261	0	281
6779	4	4	0	274	0	282
6780	1	4	1	270	0	276
6781	5	247	2	20	0	274
6782	4	12	1	262	0	279
6783	5	4	0	272	0	281
6784	0	2	1	279	0	282
6785	252	1	3	23	0	279
6786	17	249	0	7	0	273
6787	3	17	1	263	0	284
6788	2	1	1	278	0	282
6789	1	0	1	281	0	283
6790	260	4	1	19	0	284
6791	17	4	2	259	0	282
6792	3	3	0	275	0	281
6793	4	0	247	23	0	274
6794	3	200	7	7	0	217
6795	2	6	1	214	0	223
6796	199	1	1	14	0	215
6797	8	194	1	9	0	212
6798	198	7	2	6	0	213
6799	203	6	1	3	0	213
6800	10	2	1	200	0	213
6801	2	0	1	213	0	216
6802	3	1	198	11	0	213
6803	3	3	7	196	0	209
6804	5	2	193	12	0	212
6805	3	2	6	204	0	215
6806	175	2	4	14	0	195
6807	8	173	3	9	0	193
6808	4	6	3	178	0	191
6809	2	2	0	190	0	194
6810	2	3	4	186	0	195
6811	5	2	1	185	0	193
6812	165	3	0	17	0	185
6813	9	160	2	9	0	180
6814	3	7	1	172	0	183
6815	165	3	2	13	0	183
6816	12	2	155	8	0	177
6817	160	4	7	5	0	176
6818	165	2	1	11	0	179
6819	15	2	158	6	0	181
6820	5	3	8	166	0	182
6821	140	1	4	17	0	162
6822	9	144	5	7	0	165
6823	148	7	0	7	0	162
6824	153	4	1	7	0	165
6825	156	1	2	7	0	166
6826	10	4	0	149	0	163
6827	6	2	1	150	0	159
6828	7	148	0	11	0	166
6829	3	11	1	150	0	165
6830	152	2	0	12	0	166
6831	11	2	141	9	0	163
6832	143	2	8	9	0	162
6833	150	2	3	10	0	165
6834	10	2	4	145	0	161
6835	7	3	1	157	0	168
6836	146	4	4	10	0	164
6837	153	1	4	8	0	166
6838	148	0	0	10	0	158
6839	15	3	137	6	0	161
6840	5	146	6	8	0	165
6841	150	11	1	6	0	168
6842	13	2	0	148	0	163
6843	7	138	1	13	0	159
6844	5	10	2	152	0	169
6845	147	3	3	12	0	165
6846	11	4	0	152	0	167
6847	7	1	131	15	0	154
6848	2	112	10	8	0	132
6849	2	106	3	4	0	115
6850	2	6	72	5	0	85
6851	67	1	7	9	0	84
6852	5	43	1	3	0	52
6853	0	0	0	13	0	13
6854	14	0	0	0	0	14
6855	0	14	0	0	0	14
6856	0	0	0	14	0	14
6857	13	0	0	0	0	13
6858	0	0	0	13	0	13
6859	14	0	0	0	0	14
6860	0	1	29	0	0	30
6861	0	30	1	0	0	31
6862	58	0	0	0	0	58
6863	59	0	0	0	0	59
6864	59	0	0	0	0	59
6865	0	0	56	0	0	56
6866	55	0	0	0	0	55
6867	58	0	0	0	0	58
6868	0	0	0	58	0	58
6869	60	0	0	0	0	60
6870	0	58	0	0	0	58
6871	0	0	0	60	0	60
6872	0	0	45	0	0	45
6873	0	0	0	45	0	45
6874	0	0	0	45	0	45
6875	47	0	0	0	0	47
6876	46	0	0	0	0	46
6877	0	0	44	0	0	44
6878	44	0	0	0	0	44
6879	0	0	46	0	0	46
6880	0	0	0	46	0	46
6881	0	0	46	0	0	46
6882	0	0	0	44	0	44
6883	0	46	0	0	0	46
6884	0	0	47	0	0	47
6885	0	0	46	0	0	46
6886	0	0	1	39	0	40
6887	46	0	0	0	0	46
6888	47	0	0	0	0	47
6889	47	0	0	0	0	47
6890	0	0	0	47	0	47
6891	0	0	0	55	0	55
6892	0	0	0	57	0	57
6893	0	0	0	57	0	57
6894	0	0	57	0	0	57
6895	0	0	0	57	0	57
6896	0	55	0	0	0	55
6897	0	0	0	57	0	57
6898	55	0	0	0	0	55
6899	0	0	57	0	0	57
6900	53	0	0	0	0	53
6901	0	0	55	0	0	55
6902	0	0	55	0	0	55
6903	0	54	0	0	0	54
6904	0	0	0	53	0	53
6905	0	0	0	57	0	57
6906	0	52	1	0	0	53
6907	73	0	0	0	0	73
6908	4	0	0	83	0	87
6909	1	0	0	95	0	96
6910	1	0	0	101	0	102
6911	155	0	0	9	0	164
6912	168	0	0	3	0	171
6913	14	0	0	157	0	171
6914	2	0	0	171	0	173
6915	148	0	0	16	0	164
6916	15	0	0	157	0	172
6917	1	0	0	165	0	166
6918	3	0	0	170	0	173
6919	4	0	150	17	0	171
6920	151	0	13	6	0	170
6921	170	0	1	4	0	175
6922	20	0	152	2	0	174
6923	4	0	16	147	0	167
6924	4	152	2	16	0	174
6925	155	15	1	6	0	177
6926	13	147	5	5	0	170
6927	4	166	0	3	0	173
6928	3	15	1	154	0	173
6929	155	1	4	17	0	177
6930	167	2	0	4	0	173
6931	16	4	1	152	0	173
6932	7	0	1	171	0	179
6933	3	2	0	164	0	169
6934	3	4	2	171	0	180
6935	3	1	0	167	0	171
6936	3	152	0	18	0	173
6937	4	15	0	160	0	179
6938	157	3	0	22	0	182
6939	166	3	0	6	0	175
6940	168	1	0	8	0	177
6941	17	147	0	8	0	172
6942	5	15	0	159	0	179
6943	4	3	149	19	0	175
6944	156	1	16	8	0	181
6945	18	1	2	157	0	178
6946	158	1	1	20	0	180
6947	173	1	2	4	0	180
6948	172	3	0	3	0	178
6949	19	2	0	159	0	180
6950	160	2	2	16	0	180
6951	21	2	1	155	0	179
6952	4	1	0	171	0	176
6953	157	2	1	17	0	177
6954	21	0	1	158	0	180
6955	155	0	2	19	0	176
6956	171	1	0	6	0	178
6957	22	0	0	157	0	179
6958	5	1	0	170	0	176
6959	5	2	0	170	0	177
6960	6	0	130	21	0	157
6961	3	1	139	10	0	153
6962	10	0	14	112	0	136
6963	6	0	2	127	0	135
6964	1	0	1	127	0	129
6965	5	0	1	129	0	135
6966	1	1	1	135	0	138
6967	107	0	2	22	0	131
6968	17	122	3	6	0	148
6969	3	15	1	132	0	151
6970	127	1	1	22	0	151
6971	18	1	1	128	0	148
6972	3	0	2	146	0	151
6973	125	1	1	23	0	150
6974	139	1	0	9	0	149
6975	18	3	122	7	0	150
6976	5	1	15	133	0	154
6977	6	2	123	20	0	151
6978	3	1	13	131	0	148
6979	5	0	2	142	0	149
6980	7	2	1	145	0	155
6981	3	0	122	24	0	149
6982	5	115	17	7	0	144
6983	2	133	1	11	0	147
6984	1	15	6	129	0	151
6985	125	2	2	21	0	150
6986	15	3	121	8	0	147
6987	2	1	139	8	0	150
6988	3	0	19	128	0	150
6989	2	2	4	130	0	138
6990	2	123	2	19	0	146
6991	1	17	2	117	0	137
6992	3	2	2	148	0	155
6993	2	3	6	143	0	154
6994	130	4	3	21	0	158
6995	145	2	0	9	0	156
6996	19	0	2	133	0	154
6997	6	129	1	18	0	154
6998	3	16	3	135	0	157
6999	126	2	2	23	0	153
7000	16	139	2	8	0	165
7001	5	16	0	140	0	161
7002	5	141	1	20	0	167
7003	138	17	0	10	0	165
7004	141	3	2	3	0	149
7005	17	138	0	6	0	161
7006	8	154	1	1	0	164
7007	2	16	117	4	0	139
7008	2	111	8	6	0	127
7009	1	15	2	104	0	122
7010	4	2	102	13	0	121
7011	0	40	1	0	0	41
7012	0	1	0	40	0	41
7013	0	0	0	40	0	40
7014	1	0	0	41	0	42
7015	40	0	0	2	0	42
7016	1	1	38	0	0	40
7017	0	0	37	1	0	38
7018	0	0	1	39	0	40
7019	0	1	39	1	0	41
7020	0	0	1	39	0	40
7021	0	1	0	40	0	41
7022	1	0	0	41	0	42
7023	1	0	0	40	0	41
7024	39	1	0	1	0	41
7025	38	1	0	0	0	39
7026	1	0	1	39	0	41
7027	0	1	38	1	0	40
7028	0	0	1	39	0	40
7029	0	38	1	1	0	40
7030	0	2	0	40	0	42
7031	40	0	0	2	0	42
7032	40	0	0	1	0	41
7033	1	0	0	41	0	42
7034	1	0	0	39	0	40
7035	0	0	1	41	0	42
7036	40	0	1	1	0	42
7037	1	0	44	1	0	46
7038	0	0	49	0	0	49
7039	0	43	1	1	0	45
7040	46	1	0	1	0	48
7041	1	0	0	85	0	86
7042	0	0	84	2	0	86
7043	1	78	2	0	0	81
7044	1	84	0	0	0	85
7045	0	1	0	87	0	88
7046	0	0	0	87	0	87
7047	0	84	0	1	0	85
7048	0	2	0	85	0	87
7049	0	0	0	84	0	84
7050	86	0	0	1	0	87
7051	1	85	0	0	0	86
7052	0	1	0	85	0	86
7053	0	0	148	2	0	150
7054	0	0	1	140	0	141
7055	150	0	0	1	0	151
7056	1	144	1	0	0	146
7057	0	1	1	147	0	149
7058	0	1	146	1	0	148
7059	1	1	140	0	0	142
7060	0	0	1	137	0	138
7061	0	0	1	154	0	155
7062	155	1	0	1	0	157
7063	1	148	0	0	0	149
7064	155	1	0	0	0	156
7065	1	0	151	1	0	153
7066	132	1	1	0	0	134
7067	1	0	151	1	0	153
7068	121	0	1	1	0	123
7069	133	0	0	0	0	133
7070	1	1	198	0	0	200
7071	0	0	191	1	0	192
7072	0	191	1	0	0	192
7073	0	1	0	208	0	209
7074	208	0	0	1	0	209
7075	1	1	0	202	0	204
7076	0	0	0	196	0	196
7077	0	0	1	209	0	210
7078	0	0	207	1	0	208
7079	169	0	1	1	0	171
7080	197	0	0	1	0	198
7081	2	197	0	0	0	199
7082	0	2	0	206	0	208
7083	1	206	0	1	0	208
7084	0	1	1	205	0	207
7085	209	0	0	1	0	210
7086	1	196	1	0	0	198
7087	1	1	0	202	0	204
7088	207	0	0	1	0	208
7089	195	0	1	0	0	196
7090	1	0	1	204	0	206
7091	0	1	203	1	0	205
7092	0	0	0	180	0	180
7093	0	236	0	0	0	236
7094	242	0	0	0	0	242
7095	0	283	0	0	0	283
7096	0	0	0	298	0	298
7097	304	0	0	0	0	304
7098	0	0	0	292	0	292
7099	0	0	0	285	0	285
7100	0	0	290	0	0	290
7101	0	282	0	0	0	282
7102	283	0	0	0	0	283
7103	270	0	0	0	0	270
7104	0	274	0	0	0	274
7105	0	288	0	0	0	288
7106	0	0	0	286	0	286
7107	290	0	0	0	0	290
7108	0	279	0	0	0	279
7109	0	0	0	281	0	281
7110	0	0	317	0	0	317
7111	0	0	1	294	0	295
7112	322	0	0	0	0	322
7113	0	307	0	0	0	307
7114	0	0	0	319	0	319
7115	0	0	315	0	0	315
7116	0	0	298	0	0	298
7117	0	0	2	278	0	280
7118	0	0	0	305	0	305
7119	0	313	0	0	0	313
7120	0	0	0	317	0	317
7121	321	0	0	0	0	321
7122	0	0	0	308	0	308
7123	366	0	0	0	0	366
7124	0	377	1	0	0	378
7125	0	373	0	0	0	373
7126	0	0	0	446	0	446
7127	0	0	0	438	0	438
7128	0	0	439	0	0	439
7129	0	0	0	399	0	399
7130	437	0	1	0	0	438
7131	0	0	430	0	0	430
7132	0	0	1	421	0	422
7133	0	0	451	1	0	452
7134	0	1	1	429	0	431
7135	0	0	1	411	0	412
7136	0	0	0	449	0	449
7137	0	0	428	2	0	430
7138	0	1	1	409	0	411
7139	0	413	1	3	0	417
7140	0	1	0	444	0	445
7141	0	0	0	402	0	402
7142	413	0	0	1	0	414
7143	1	0	395	1	0	397
7144	0	0	1	392	0	393
7145	0	0	391	1	0	392
7146	0	0	352	1	0	353
7147	0	0	2	446	0	448
7148	0	1	1	446	0	448
7149	0	0	0	486	0	486
7150	498	0	0	2	0	500
7151	1	0	489	1	0	491
7152	449	1	1	1	0	452
7153	1	0	1	453	0	455
7154	1	0	0	483	0	484
7155	0	472	1	2	0	475
7156	0	1	0	489	0	490
7157	0	1	0	485	0	486
7158	0	0	0	480	0	480
7159	467	0	0	2	0	469
7160	1	0	457	1	0	459
7161	377	0	2	0	0	379
7162	1	450	1	0	0	452
7163	470	1	0	0	0	471
7164	1	450	0	0	0	451
7165	1	454	1	0	0	456
7166	0	3	0	470	0	473
7167	474	1	0	1	0	476
7168	1	0	0	461	0	462
7169	1	454	0	1	0	456
7170	0	468	0	1	0	469
7171	0	2	0	489	0	491
7172	0	1	0	471	0	472
7173	0	464	0	2	0	466
7174	0	1	0	491	0	492
7175	0	1	0	483	0	484
7176	0	0	0	473	0	473
7177	462	0	1	2	0	465
7178	1	0	465	1	0	467
7179	418	0	1	0	0	419
7180	448	0	1	0	0	449
7181	458	0	0	0	0	458
7182	2	452	1	0	0	455
7183	1	2	0	474	0	477
7184	461	1	0	1	0	463
7185	1	0	0	515	0	516
7186	534	0	0	1	0	535
7187	1	573	0	1	0	575
7188	654	1	0	0	0	655
7189	654	1	0	0	0	655
7190	649	0	1	0	0	650
7191	3	0	0	621	0	624
7192	1	0	0	641	0	642
7193	609	0	0	2	0	611
7194	1	600	0	2	0	603
7195	1	547	0	1	0	549
7196	581	2	0	0	0	583
7197	1	1	0	568	0	570
7198	0	0	0	668	0	668
7199	0	0	0	718	0	718
7200	0	673	1	5	0	679
7201	715	4	0	4	0	723
7202	4	4	0	717	0	725
7203	4	694	1	5	0	704
7204	0	5	0	796	0	801
7205	1	4	0	786	0	791
7206	0	1	0	779	0	780
7207	1	1	0	791	0	793
7208	792	0	0	9	0	801
7209	773	0	0	5	0	778
7210	758	0	0	1	0	759
7211	8	0	0	744	0	752
7212	5	0	719	5	0	729
7213	0	0	638	5	0	643
7214	3	0	789	0	0	792
7215	848	0	7	1	0	856
7216	5	0	4	864	0	873
7217	4	1	1	853	0	859
7218	1	0	1	873	0	875
7219	874	0	1	9	0	884
7220	851	1	1	5	0	858
7221	8	983	1	3	0	995
7222	3	4	0	1034	0	1041
7223	2	6	975	7	0	990
7224	1	988	3	5	0	997
7225	2	5	3	1046	0	1056
7226	1	4	0	1010	0	1015
7227	1	1	1	993	0	996
7228	0	1	0	961	0	962
7229	1	1	974	7	0	983
7230	0	2	952	5	0	959
7231	0	923	9	3	0	935
7232	1	2	3	980	0	986
7233	0	4	0	987	0	991
7234	984	1	2	8	0	995
7235	5	1	970	5	0	981
7236	5	1	3	951	0	960
7237	1	2	3	979	0	985
7238	3	1	1010	7	0	1021
7239	0	940	6	7	0	953
7240	1018	3	5	3	0	1029
7241	5	4	1002	2	0	1013
7242	964	0	4	3	0	971
7243	7	1	989	3	0	1000
7244	4	0	4	980	0	988
7245	1	2	993	5	0	1001
7246	3	2	1045	4	0	1054
7247	0	1	11	964	0	976
7248	3	1	4	939	0	947
7249	1	0	3	1058	0	1062
7250	0	1	1	1024	0	1026
7251	1	0	1	1015	0	1017
7252	2	0	1055	10	0	1067
7253	2	1	1018	7	0	1028
7254	1	989	6	4	0	1000
7255	1084	4	5	3	0	1096
7256	3	3	2	1079	0	1087
7257	1092	2	2	4	0	1100
7258	3	2	2	1078	0	1085
7259	1206	0	2	6	0	1214
7260	5	1	2	1200	0	1208
7261	5	0	2	1197	0	1204
7262	2	1138	2	12	0	1154
7263	1	3	3	1223	0	1230
7264	0	3	2	1207	0	1212
7265	1	1	0	1217	0	1219
7266	2	1	0	1217	0	1220
7267	2	1137	1	10	0	1150
7268	1205	5	1	5	0	1216
7269	4	1150	4	5	0	1163
7270	1	3	1	1150	0	1155
7271	1145	4	2	6	0	1157
7272	6	2	1077	5	0	1090
7273	4	3	1071	5	0	1083
7274	3	0	9	1045	0	1057
7275	2	1	3	1139	0	1145
7276	2	0	3	1142	0	1147
7277	1	1	2	1094	0	1098
7278	0	1	3	1135	0	1139
7279	0	1091	4	8	0	1103
7280	0	5	1	1148	0	1154
7281	1140	2	0	10	0	1152
7282	3	0	1	1128	0	1132
7283	5	1	1126	8	0	1140
7284	0	1	5	1121	0	1127
7285	1075	1	4	5	0	1085
7286	3	1066	3	6	0	1078
7287	5	4	1	1100	0	1110
7288	2	5	1	1073	0	1081
7289	3	0	1056	8	0	1067
7290	1	2	1810	6	0	1819
7291	2113	0	48	5	0	2166
7292	67	1	17	2201	0	2286
7293	20	1	17	2309	0	2347
7294	16	2	2306	95	0	2419
7295	12	4	2296	48	0	2360
7296	2	2309	90	57	0	2458
7297	3	101	40	2362	0	2506
7298	6	29	2241	74	0	2350
7299	0	2216	80	30	0	2326
7300	2274	73	19	20	0	2386
7301	2389	24	15	10	0	2438
7302	95	20	14	2234	0	2363
7303	46	2326	6	61	0	2439
7304	2312	72	3	21	0	2408
7305	89	35	14	1840	0	1978
7306	29	23	2165	56	0	2273
7307	21	2212	74	17	0	2324
7308	2240	74	23	12	0	2349
7309	2306	22	20	10	0	2358
7310	91	23	11	2252	0	2377
7311	46	15	6	2346	0	2413
7312	31	8	2222	99	0	2360
7313	17	2	70	2291	0	2380
7314	2	4	25	2196	0	2227
7315	4	5	27	2211	0	2247
7316	10	5	16	2247	0	2278
7317	10	3	3	2180	0	2196
7318	8	2078	3	128	0	2217
7319	2133	70	6	61	0	2270
7320	74	27	2041	34	0	2176
7321	31	1919	69	20	0	2039
7322	27	76	22	1999	0	2124
7323	1953	25	21	82	0	2081
7324	76	21	11	1948	0	2056
7325	29	15	4	2009	0	2057
7326	28	6	3	2022	0	2059
7327	14	6	8	2042	0	2070
7328	10	7	1798	129	0	1944
7329	5	1853	73	69	0	2000
7330	1923	72	24	39	0	2058
7331	79	27	1886	27	0	2019
7332	32	22	81	1929	0	2064
7333	1924	14	29	86	0	2053
7334	89	1899	20	44	0	2052
7335	1952	72	18	34	0	2076
7336	95	33	5	1912	0	2045
7337	44	22	14	1982	0	2062
7338	31	22	9	1982	0	2044
7339	20	10	5	2027	0	2062
7340	1873	4	9	139	0	2025
7341	77	5	11	1933	0	2026
7342	33	12	1	2004	0	2050
7343	1914	5	8	123	0	2050
7344	90	6	1822	61	0	1979
7345	36	6	74	1924	0	2040
7346	1810	9	25	105	0	1949
7347	1871	5	20	44	0	1940
7348	102	2	11	1806	0	1921
7349	51	7	13	1835	0	1906
7350	57	1703	3	114	0	1877
7351	24	70	7	1807	0	1908
7352	16	22	10	1829	0	1877
7353	7	26	1610	129	0	1772
7354	10	16	1624	71	0	1721
7355	15	1619	95	47	0	1776
7356	15	70	48	1638	0	1771
7357	6	26	38	1747	0	1817
7358	1651	31	17	120	0	1819
7359	79	14	12	1637	0	1742
7360	36	9	1529	122	0	1696
7361	36	9	78	1644	0	1767
7362	24	13	1544	119	0	1700
7363	12	5	1607	63	0	1687
7364	10	14	116	1555	0	1695
7365	15	9	56	1656	0	1736
7366	1581	12	33	116	0	1742
7367	1655	8	17	69	0	1749
7368	103	8	12	1619	0	1742
7369	1615	8	9	112	0	1744
7370	1665	3	10	51	0	1729
7371	118	8	15	1598	0	1739
7372	55	11	9	1680	0	1755
7373	1607	8	6	127	0	1748
7374	1651	0	12	72	0	1735
7375	109	6	10	1580	0	1705
7376	64	1526	7	112	0	1709
7377	45	72	11	1591	0	1719
7378	40	23	6	1675	0	1744
7379	19	20	1478	134	0	1651
7380	11	19	72	1645	0	1747
7381	1478	7	32	139	0	1656
7382	76	1546	22	68	0	1712
7383	1587	74	16	54	0	1731
7384	1627	27	7	46	0	1707
7385	1660	23	5	39	0	1727
7386	131	17	7	1560	0	1715
7387	61	9	1393	97	0	1560
7388	49	10	1433	48	0	1540
7389	35	1458	99	47	0	1639
7390	8	667	15	16	0	706
7391	7	326	1	4	0	338
7392	4	365	2	3	0	374
7393	82	10	250	5	0	347
7394	126	20	60	2	0	208
7395	2	1	1	131	0	135
7396	0	1	0	130	0	131
7397	1	2	0	130	0	133
7398	1	130	1	3	0	135
7399	127	3	1	1	0	132
7400	3	0	129	4	0	136
7401	0	90	1	0	0	91
7402	0	0	0	96	0	96
7403	110	0	0	2	0	112
7404	1	0	1	111	0	113
7405	0	0	110	1	0	111
7406	0	1	104	0	0	105
7407	0	0	1	110	0	111
7408	0	0	0	108	0	108
7409	112	0	0	1	0	113
7410	1	0	106	1	0	108
7411	108	0	1	0	0	109
7412	108	0	0	0	0	108
7413	1	0	0	108	0	109
7414	0	0	108	1	0	109
7415	0	0	1	105	0	106
7416	110	0	0	1	0	111
7417	1	101	0	0	0	102
7418	174	1	0	0	0	175
7419	1	0	0	170	0	171
7420	0	170	0	1	0	171
7421	0	1	0	172	0	173
7422	0	0	0	182	0	182
7423	0	178	0	1	0	179
7424	0	1	0	180	0	181
7425	0	0	0	180	0	180
7426	0	0	0	177	0	177
7427	0	0	180	1	0	181
7428	0	182	1	0	0	183
7429	190	1	0	0	0	191
7430	1	0	0	201	0	202
7431	0	203	0	2	0	205
7432	208	2	0	0	0	210
7433	2	0	0	208	0	210
7434	0	0	0	203	0	203
7435	0	0	0	204	0	204
7436	0	0	0	205	0	205
7437	204	0	0	3	0	207
7438	2	0	0	203	0	205
7439	0	0	0	207	0	207
7440	205	0	0	2	0	207
7441	2	0	0	208	0	210
7442	0	0	204	2	0	206
7443	0	0	2	200	0	202
7444	199	0	0	2	0	201
7445	2	0	0	200	0	202
7446	0	0	195	2	0	197
7447	2	0	179	0	0	181
7448	191	0	2	0	0	193
7449	201	0	0	0	0	201
7450	200	0	0	0	0	200
7451	196	0	0	0	0	196
7452	2	0	191	0	0	193
7453	0	0	2	189	0	191
7454	0	0	0	195	0	195
7455	196	0	0	2	0	198
7456	2	0	0	192	0	194
7457	0	0	192	2	0	194
7458	0	0	2	188	0	190
7459	0	0	192	2	0	194
7460	0	183	2	2	0	187
7461	188	1	0	0	0	189
7462	1	0	0	190	0	191
7463	0	0	186	1	0	187
7464	0	0	1	182	0	183
7465	0	0	0	191	0	191
7466	0	0	189	1	0	190
7467	0	0	1	184	0	185
7468	191	0	0	1	0	192
7469	1	0	185	0	0	186
7470	167	0	1	0	0	168
7471	1	174	0	2	0	177
7472	0	2	183	0	0	185
7473	0	0	178	0	0	178
7474	0	0	2	138	0	140
7475	0	0	0	170	0	170
7476	0	0	178	1	0	179
7477	0	0	1	171	0	172
7478	207	0	0	2	0	209
7479	206	0	0	0	0	206
7480	1	0	0	202	0	203
7481	0	0	0	206	0	206
7482	0	199	1	1	0	201
7483	216	1	0	1	0	218
7484	1	0	0	226	0	227
7485	0	218	0	1	0	219
7486	232	1	0	1	0	234
7487	222	0	0	0	0	222
7488	1	224	0	0	0	225
7489	0	1	0	216	0	217
7490	0	0	0	202	0	202
7491	0	0	197	1	0	198
7492	0	0	1	158	0	159
7493	162	0	0	1	0	163
7494	1	0	0	162	0	163
7495	0	0	158	3	0	161
7496	155	0	1	0	0	156
7497	1	0	0	158	0	159
7498	0	0	155	1	0	156
7499	0	0	1	160	0	161
7500	0	0	158	1	0	159
7501	0	0	1	154	0	155
7502	0	0	0	162	0	162
7503	184	0	0	1	0	185
7504	1	178	0	0	0	179
7505	181	1	0	0	0	182
7506	176	0	0	0	0	176
7507	180	0	0	0	0	180
7508	1	174	0	0	0	175
7509	0	1	172	0	0	173
7510	0	0	1	177	0	178
7511	182	0	0	1	0	183
7512	176	0	0	0	0	176
7513	1	0	0	180	0	181
7514	182	0	0	2	0	184
7515	1	0	172	0	0	173
7516	170	0	1	0	0	171
7517	1	0	179	0	0	180
7518	0	117	1	1	0	119
7519	126	1	0	0	0	127
7520	127	0	0	0	0	127
7521	1	142	0	0	0	143
7522	146	1	0	0	0	147
7523	143	0	0	0	0	143
7524	1	0	139	0	0	140
7525	134	0	1	0	0	135
7526	1	0	147	0	0	148
7527	0	18	1	119	0	138
7528	0	135	0	0	0	135
7529	1	0	132	0	0	133
7530	109	0	0	0	0	109
7531	123	0	0	0	0	123
7532	0	0	0	116	0	116
7533	0	1	122	0	0	123
7534	0	0	0	119	0	119
7535	124	0	0	0	0	124
7536	0	113	0	0	0	113
7537	121	0	0	0	0	121
7538	120	0	0	0	0	120
7539	0	116	0	0	0	116
7540	0	0	0	123	0	123
7541	124	0	0	0	0	124
7542	0	0	0	120	0	120
7543	0	0	0	122	0	122
7544	0	0	117	2	0	119
7545	0	0	0	172	0	172
7546	0	0	0	174	0	174
7547	172	0	0	4	0	176
7548	173	0	0	1	0	174
7549	4	0	0	173	0	177
7550	1	0	167	4	0	172
7551	1	0	161	1	0	163
7552	1	0	4	171	0	176
7553	0	0	170	4	0	174
7554	0	0	4	174	0	178
7555	0	0	2	172	0	174
7556	174	0	0	5	0	179
7557	3	0	173	2	0	178
7558	166	0	4	1	0	171
7559	168	0	2	1	0	171
7560	5	0	165	1	0	171
7561	1	0	166	0	0	167
7562	1	0	4	161	0	166
7563	1	147	0	4	0	152
7564	1	158	0	2	0	161
7565	0	3	2	163	0	168
7566	1	1	0	167	0	169
7567	1	1	0	170	0	172
7568	0	1	1	169	0	171
7569	165	0	1	5	0	171
7570	3	0	0	168	0	171
7571	1	1	162	4	0	168
7572	0	2	3	161	0	166
7573	1	155	1	3	0	160
7574	0	3	0	171	0	174
7575	164	1	0	4	0	169
7576	3	0	0	169	0	172
7577	2	1	158	3	0	164
7578	0	126	2	3	0	131
7579	1	2	1	139	0	143
7580	138	1	0	5	0	144
7581	141	1	1	1	0	144
7582	4	1	0	139	0	144
7583	2	0	111	4	0	117
7584	1	1	105	2	0	109
7585	109	1	4	0	0	114
7586	3	1	108	1	0	113
7587	1	0	106	1	0	108
7588	1	0	4	104	0	109
7589	136	0	1	3	0	140
7590	135	0	1	2	0	138
7591	141	0	2	0	0	143
7592	4	0	167	1	0	172
7593	3	0	163	0	0	166
7594	2	164	5	0	0	171
7595	2	3	2	170	0	177
7596	1	1	1	170	0	173
7597	1	0	2	167	0	170
7598	1	1	1	176	0	179
7599	2	1	167	6	0	176
7600	2	166	4	4	0	176
7601	170	3	2	3	0	178
7602	194	2	1	3	0	200
7603	172	0	2	2	0	176
7604	7	166	2	2	0	177
7605	3	7	2	170	0	182
7606	189	3	1	8	0	201
7607	9	222	0	6	0	237
7608	216	10	0	1	0	227
7609	8	221	1	2	0	232
7610	223	8	1	2	0	234
7611	233	4	0	0	0	237
7612	14	2	2	220	0	238
7613	5	1	1	246	0	253
7614	4	2	228	13	0	247
7615	2	2	233	5	0	242
7616	252	2	11	1	0	266
7617	254	3	4	5	0	266
7618	12	1	2	253	0	268
7619	6	1	2	261	0	270
7620	2	0	243	16	0	261
7621	4	0	7	235	0	246
7622	2	0	226	12	0	240
7623	0	0	10	236	0	246
7624	3	1	7	242	0	253
7625	230	1	1	16	0	248
7626	234	1	2	7	0	244
7627	11	0	1	233	0	245
7628	5	0	2	238	0	245
7629	2	0	224	17	0	243
7630	4	0	9	235	0	248
7631	1	1	228	14	0	244
7632	227	1	8	10	0	246
7633	12	1	4	228	0	245
7634	228	1	1	12	0	242
7635	7	226	3	7	0	243
7636	238	9	3	2	0	252
7637	9	4	3	232	0	248
7638	7	0	2	226	0	235
7639	21	205	6	10	0	242
7640	6	9	2	231	0	248
7641	3	5	227	12	0	247
7642	6	0	7	234	0	247
7643	3	4	225	11	0	243
7644	5	227	8	7	0	247
7645	1	5	4	178	0	188
7646	0	4	176	9	0	189
7647	2	1	176	5	0	184
7648	1	2	10	179	0	192
7649	179	1	4	8	0	192
7650	6	0	175	6	0	187
7651	4	0	9	178	0	191
7652	173	1	6	8	0	188
7653	7	174	1	8	0	190
7654	177	5	4	0	0	186
7655	6	3	1	181	0	191
7656	3	0	2	179	0	184
7657	4	1	2	186	0	193
7658	177	1	0	12	0	190
7659	8	0	3	177	0	188
7660	5	1	0	185	0	191
7661	176	1	1	11	0	189
7662	9	0	169	8	0	186
7663	6	0	7	177	0	190
7664	1	1	176	10	0	188
7665	173	0	5	9	0	187
7666	9	0	7	176	0	192
7667	3	1	170	12	0	186
7668	171	0	8	5	0	184
7669	177	3	3	2	0	185
7670	9	0	167	5	0	181
7671	5	1	7	175	0	188
7672	1	2	6	180	0	189
7673	5	1	170	9	0	185
7674	2	171	6	5	0	184
7675	1	5	177	2	0	185
7676	167	6	5	5	0	183
7677	6	0	178	4	0	188
7678	174	4	9	0	0	187
7679	6	1	173	4	0	184
7680	165	0	9	3	0	177
7681	4	175	5	2	0	186
7682	4	5	2	171	0	182
7683	3	4	4	179	0	190
7684	2	0	177	9	0	188
7685	1	2	7	161	0	171
7686	7	174	3	5	0	189
7687	171	6	4	6	0	187
7688	5	176	1	6	0	188
7689	4	6	3	149	0	162
7690	148	5	0	8	0	161
7691	6	147	1	6	0	160
7692	116	7	2	3	0	128
7693	7	3	111	6	0	127
7694	6	1	6	116	0	129
7695	4	1	3	119	0	127
7696	1	1	2	126	0	130
7697	113	0	0	13	0	126
7698	118	1	2	6	0	127
7699	121	2	3	3	0	129
7700	127	0	2	4	0	133
7701	10	0	117	0	0	127
7702	92	0	2	3	0	97
7703	6	85	2	3	0	96
7704	3	90	3	1	0	97
7705	181	3	1	2	0	187
7706	159	2	1	2	0	164
7707	0	0	1	126	0	127
7708	125	2	1	1	0	129
7709	117	0	0	0	0	117
7710	121	0	2	0	0	123
7711	0	0	0	123	0	123
7712	1	119	2	0	0	122
7713	1	107	0	0	0	108
7714	0	0	1	111	0	112
7715	111	0	1	0	0	112
7716	0	89	0	0	0	89
7717	0	0	0	93	0	93
7718	0	0	90	0	0	90
7719	74	0	1	0	0	75
7720	0	87	0	0	0	87
7721	0	84	0	0	0	84
7722	93	0	0	0	0	93
7723	0	0	86	0	0	86
7724	0	0	0	88	0	88
7725	0	166	0	0	0	166
7726	1	0	0	166	0	167
7727	0	0	0	164	0	164
7728	0	157	1	0	0	158
7729	0	0	0	170	0	170
7730	0	0	0	164	0	164
7731	168	0	0	0	0	168
7732	0	166	0	0	0	166
7733	167	0	0	0	0	167
7734	0	0	0	162	0	162
7735	0	225	0	1	0	226
7736	0	1	213	0	0	214
7737	0	0	0	217	0	217
7738	0	0	0	224	0	224
7739	0	0	222	0	0	222
7740	213	0	0	0	0	213
7741	0	0	0	255	0	255
7742	257	0	0	1	0	258
7743	1	0	249	0	0	250
7744	0	0	1	250	0	251
7745	0	0	254	1	0	255
7746	1	0	1	255	0	257
7747	0	1	0	261	0	262
7748	264	3	0	3	0	270
7749	1	254	0	4	0	259
7750	261	1	0	2	0	264
7751	1	3	258	1	0	263
7752	0	0	1	263	0	264
7753	1	0	299	4	0	304
7754	277	1	1	0	0	279
7755	312	3	0	0	0	315
7756	3	0	305	1	0	309
7757	295	1	1	3	0	300
7758	354	3	0	0	0	357
7759	1	0	2	351	0	354
7760	0	0	339	5	0	344
7761	1	0	356	3	0	360
7762	1	1	2	368	0	372
7763	2	0	0	372	0	374
7764	2	359	0	3	0	364
7765	3	378	2	0	0	383
7766	378	1	2	2	0	383
7767	1	0	2	375	0	378
7768	0	359	4	2	0	365
7769	0	371	0	5	0	376
7770	358	2	0	3	0	363
7771	2	1	0	371	0	374
7772	3	366	0	1	0	370
7773	4	1	1	376	0	382
7774	0	0	2	371	0	373
7775	1	0	1	373	0	375
7776	377	1	3	1	0	382
7777	7	364	1	0	0	372
7778	3	1	1	377	0	382
7779	2	2	3	370	0	377
7780	3	0	1	375	0	379
7781	2	2	366	4	0	374
7782	338	0	3	4	0	345
7783	2	0	6	374	0	382
7784	376	1	2	2	0	381
7785	357	0	0	7	0	364
7786	361	2	0	3	0	366
7787	1	5	355	1	0	362
7788	2	352	2	1	0	357
7789	4	1	1	372	0	378
7790	0	2	362	5	0	369
7791	1	3	346	1	0	351
7792	2	3	2	347	0	354
7793	3	351	1	3	0	358
7794	367	2	1	1	0	371
7795	441	3	1	4	0	449
7796	451	0	0	7	0	458
7797	444	0	1	5	0	450
7798	3	2	445	3	0	453
7799	441	2	2	1	0	446
7800	1	463	2	2	0	468
7801	1	1	0	485	0	487
7802	1	0	1	487	0	489
7803	487	0	2	5	0	494
7804	4	0	3	476	0	483
7805	3	0	405	3	0	411
7806	386	1	1	5	0	393
7807	398	0	0	3	0	401
7808	397	1	1	3	0	402
7809	4	1	399	1	0	405
7810	378	1	5	1	0	385
7811	1	385	2	3	0	391
7812	333	1	1	2	0	337
7813	2	0	1	325	0	328
7814	1	1	0	321	0	323
7815	1	319	0	1	0	321
7816	2	1	1	331	0	335
7817	1	327	1	2	0	331
7818	1	1	1	347	0	350
7819	2	329	1	2	0	334
7820	2	0	1	340	0	343
7821	2	336	1	1	0	340
7822	1	2	0	338	0	341
7823	1	333	0	1	0	335
7824	346	1	0	2	0	349
7825	2	0	1	380	0	383
7826	0	0	2	378	0	380
7827	0	0	1	381	0	382
7828	1	0	0	376	0	377
7829	2	1	374	2	0	379
7830	1	2	2	367	0	372
7831	1	1	1	381	0	384
7832	380	0	0	3	0	383
7833	362	2	0	1	0	365
7834	2	372	0	0	0	374
7835	1	3	0	315	0	319
7836	1	0	0	317	0	318
7837	348	2	3	3	0	356
7838	4	1	337	2	0	344
7839	328	1	3	2	0	334
7840	3	330	1	3	0	337
7841	322	2	0	0	0	324
7842	313	0	0	0	0	313
7843	4	312	0	0	0	316
7844	0	314	1	0	0	315
7845	0	3	0	311	0	314
7846	0	1	296	3	0	300
7847	298	0	3	0	0	301
7848	4	1	300	0	0	305
7849	291	1	3	0	0	295
7850	3	1	296	0	0	300
7851	0	289	2	1	0	292
7852	0	3	1	307	0	311
7853	255	0	0	3	0	258
7854	257	0	1	0	0	258
7855	5	0	0	252	0	257
7856	254	0	1	3	0	258
7857	249	1	0	0	0	250
7858	3	215	0	1	0	219
7859	222	3	1	0	0	226
7860	4	224	0	3	0	231
7861	0	4	0	211	0	215
7862	210	0	0	3	0	213
7863	205	0	0	0	0	205
7864	205	2	0	0	0	207
7865	3	1	201	0	0	205
7866	0	1	199	1	0	201
7867	0	0	4	254	0	258
7868	2	1	0	250	0	253
7869	2	259	1	3	0	265
7870	300	4	0	0	0	304
7871	7	0	2	301	0	310
7872	0	2	2	305	0	309
7873	1	0	289	10	0	300
7874	1	287	5	1	0	294
7875	3	299	0	1	0	303
7876	3	7	0	305	0	315
7877	306	0	0	7	0	313
7878	7	1	1	325	0	334
7879	0	2	1	339	0	342
7880	349	2	2	10	0	363
7881	352	2	0	3	0	357
7882	9	0	2	350	0	361
7883	5	0	340	10	0	355
7884	1	0	7	346	0	354
7885	3	2	1	384	0	390
7886	373	0	1	11	0	385
7887	11	1	0	369	0	381
7888	371	0	1	14	0	386
7889	11	3	361	5	0	380
7890	4	2	6	372	0	384
7891	3	1	2	381	0	387
7892	4	1	1	383	0	389
7893	4	2	1	442	0	449
7894	2	4	2	444	0	452
7895	1	2	352	15	0	370
7896	360	2	7	7	0	376
7897	12	1	2	366	0	381
7898	3	0	343	16	0	362
7899	2	1	350	10	0	363
7900	3	1	10	342	0	356
7901	344	0	4	12	0	360
7902	342	2	1	5	0	350
7903	346	2	3	8	0	359
7904	11	2	4	315	0	332
7905	5	316	3	14	0	338
7906	341	9	3	7	0	360
7907	354	3	1	1	0	359
7908	342	4	4	5	0	355
7909	353	1	2	6	0	362
7910	13	2	2	348	0	365
7911	4	4	328	15	0	351
7912	9	3	7	346	0	365
7913	7	0	327	16	0	350
7914	347	0	12	6	0	365
7915	355	0	4	5	0	364
7916	13	0	331	8	0	352
7917	335	0	13	7	0	355
7918	331	1	8	7	0	347
7919	13	3	3	321	0	340
7920	9	326	0	14	0	349
7921	328	9	4	5	0	346
7922	20	0	2	340	0	362
7923	9	356	1	22	0	388
7924	8	13	2	365	0	388
7925	7	6	305	15	0	333
7926	5	322	7	9	0	343
7927	329	11	5	8	0	353
7928	335	4	2	7	0	348
7929	338	2	2	10	0	352
7930	337	0	6	9	0	352
7931	17	3	5	312	0	337
7932	10	309	3	13	0	335
7933	331	10	4	7	0	352
7934	20	3	308	7	0	338
7935	11	309	15	7	0	342
7936	12	12	316	10	0	350
7937	8	5	10	276	0	299
7938	8	274	2	19	0	303
7939	6	11	7	294	0	318
7940	8	7	286	11	0	312
7941	6	4	12	285	0	307
7942	4	4	6	294	0	308
7943	7	3	4	304	0	318
7944	284	1	4	19	0	308
7945	13	286	4	9	0	312
7946	12	11	3	292	0	318
7947	277	1	1	16	0	295
7948	14	280	3	14	0	311
7949	299	12	5	6	0	322
7950	17	5	276	6	0	304
7951	9	3	13	254	0	279
7952	13	282	4	10	0	309
7953	296	12	4	4	0	316
7954	21	4	276	4	0	305
7955	6	282	16	8	0	312
7956	3	12	7	289	0	311
7957	4	7	6	302	0	319
7958	293	4	1	19	0	317
7959	19	2	4	298	0	323
7960	9	4	274	16	0	303
7961	7	5	12	286	0	310
7962	10	1	264	19	0	294
7963	12	2	9	238	0	261
7964	9	279	4	14	0	306
7965	281	11	4	7	0	303
7966	264	1	6	11	0	282
7967	14	214	4	4	0	236
7968	6	224	2	7	0	239
7969	5	11	44	179	0	239
7970	184	4	1	7	0	196
7971	12	4	2	181	0	199
7972	178	3	2	8	0	191
7973	13	174	4	3	0	194
7974	7	9	1	179	0	196
7975	6	5	166	12	0	189
7976	3	4	7	183	0	197
7977	7	2	4	184	0	197
7978	153	3	1	9	0	166
7979	6	147	2	5	0	160
7980	2	4	1	144	0	151
7981	140	3	3	6	0	152
7982	6	3	131	4	0	144
7983	147	1	4	2	0	154
7984	7	4	2	138	0	151
7985	4	115	0	6	0	125
7986	133	4	0	2	0	139
7987	4	1	126	0	0	131
7988	3	0	124	0	0	127
7989	1	121	4	0	0	126
7990	61	4	1	0	0	66
7991	4	1	0	57	0	62
7992	0	0	0	66	0	66
7993	62	1	0	5	0	68
7994	5	0	60	1	0	66
7995	1	0	5	75	0	81
7996	2	1	70	5	0	78
7997	0	0	4	66	0	70
7998	0	139	1	5	0	145
7999	0	6	0	150	0	156
8000	0	1	144	6	0	151
8001	146	0	5	1	0	152
8002	5	1	0	149	0	155
8003	1	0	155	7	0	163
8004	0	0	6	151	0	157
8005	2	0	0	158	0	160
8006	0	0	153	7	0	160
8007	0	0	161	2	0	163
8008	1	0	5	158	0	164
8009	1	1	153	6	0	161
8010	151	0	5	1	0	157
8011	5	0	2	157	0	164
8012	157	0	0	7	0	164
8013	5	1	153	1	0	160
8014	3	0	4	170	0	177
8015	0	0	176	6	0	182
8016	1	159	4	1	0	165
8017	0	5	173	1	0	179
8018	0	2	167	2	0	171
8019	169	0	6	0	0	175
8020	178	1	1	1	0	181
8021	6	0	176	1	0	183
8022	0	0	1	122	0	123
8023	1	0	0	167	0	168
8024	0	0	168	0	0	168
8025	0	166	3	0	0	169
8026	171	0	0	1	0	172
8027	1	0	202	2	0	205
8028	0	0	3	203	0	206
8029	0	2	0	223	0	225
8030	230	1	0	1	0	232
8031	225	0	0	1	0	226
8032	228	0	1	0	0	229
8033	226	0	0	1	0	227
8034	2	0	0	225	0	227
8035	1	0	224	2	0	227
8036	1	0	1	221	0	223
8037	1	1	0	218	0	220
8038	0	0	1	228	0	229
8039	0	0	225	1	0	226
8040	205	0	1	2	0	208
8041	1	0	1	223	0	225
8042	1	0	230	2	0	233
8043	0	216	1	1	0	218
8044	2	1	0	225	0	228
8045	0	0	1	230	0	231
8046	224	0	1	2	0	227
8047	0	218	1	0	0	219
8048	0	2	211	1	0	214
8049	0	1	1	223	0	225
8050	0	0	1	226	0	227
8051	227	1	0	1	0	229
8052	218	0	1	0	0	219
8053	1	0	1	225	0	227
8054	227	0	0	3	0	230
8055	2	237	1	1	0	241
8056	1	2	270	0	0	273
8057	0	1	2	264	0	267
8058	2	0	1	277	0	280
8059	0	2	1	274	0	277
8060	1	0	1	270	0	272
8061	0	273	0	4	0	277
8062	273	1	1	2	0	277
8063	3	0	0	276	0	279
8064	1	270	1	3	0	275
8065	269	1	0	1	0	271
8066	268	0	1	1	0	270
8067	1	266	1	2	0	270
8068	1	3	0	278	0	282
8069	1	0	0	314	0	315
8070	1	1	1	302	0	305
8071	1	1	1	301	0	304
8072	299	1	0	3	0	303
8073	287	0	1	1	0	289
8074	0	299	1	2	0	302
8075	0	2	304	3	0	309
8076	1	0	1	300	0	302
8077	309	0	1	2	0	312
8078	2	275	0	1	0	278
8079	0	289	2	0	0	291
8080	299	1	1	1	0	302
8081	294	0	0	2	0	296
8082	2	0	0	294	0	296
8083	1	1	282	1	0	285
8084	1	1	268	1	0	271
8085	290	11	1	1	0	303
8086	305	0	0	1	0	306
8087	301	0	1	0	0	302
8088	296	0	2	0	0	298
8089	300	0	0	1	0	301
8090	1	314	0	1	0	316
8091	1	1	0	321	0	323
8092	1	333	0	0	0	334
8093	348	2	0	0	0	350
8094	337	2	0	0	0	339
8095	317	1	0	0	0	318
8096	326	0	0	0	0	326
8097	0	319	0	0	0	319
8098	258	0	0	0	0	258
8099	0	251	0	0	0	251
8100	0	0	0	259	0	259
8101	258	0	0	0	0	258
8102	0	0	266	1	0	267
8103	1	0	0	254	0	255
8104	1	0	0	268	0	269
8105	0	1	264	0	0	265
8106	0	260	1	0	0	261
8107	268	0	0	0	0	268
8108	259	0	0	0	0	259
8109	1	260	1	0	0	262
8110	0	1	0	265	0	266
8111	2	0	263	1	0	266
8112	1	292	0	0	0	293
8113	304	0	0	1	0	305
8114	0	0	286	0	0	286
8115	261	0	1	0	0	262
8116	286	0	0	1	0	287
8117	1	0	312	2	0	315
8118	1	293	0	2	0	296
8119	2	0	0	316	0	318
8120	2	0	308	0	0	310
8121	284	2	0	0	0	286
8122	307	1	1	1	0	310
8123	0	305	2	1	0	308
8124	1	0	0	322	0	323
8125	2	1	0	318	0	321
8126	1	1	340	0	0	342
8127	2	294	0	1	0	297
8128	349	1	0	0	0	350
8129	341	0	0	1	0	342
8130	342	1	1	2	0	346
8131	1	0	339	2	0	342
8132	331	0	1	1	0	333
8133	347	0	1	0	0	348
8134	1	0	0	328	0	329
8135	2	1	324	1	0	328
8136	2	0	2	334	0	338
8137	1	1	370	1	0	373
8138	2	1	0	371	0	374
8139	1	362	0	0	0	363
8140	1	410	0	0	0	411
8141	3	3	0	426	0	432
8142	3	2	1	422	0	428
8143	424	4	0	4	0	432
8144	5	1	413	3	0	422
8145	394	1	5	3	0	403
8146	8	409	0	0	0	417
8147	427	3	3	1	0	434
8148	428	0	1	1	0	430
8149	5	4	1	423	0	433
8150	4	0	407	5	0	416
8151	2	1	4	418	0	425
8152	1	422	2	8	0	433
8153	1	6	4	433	0	444
8154	2	2	0	443	0	447
8155	438	3	0	5	0	446
8156	6	1	0	417	0	424
8157	1	400	1	9	0	411
8158	3	5	1	444	0	453
8159	438	1	1	8	0	448
8160	6	428	0	1	0	435
8161	2	4	1	446	0	453
8162	5	0	2	440	0	447
8163	3	2	0	461	0	466
8164	2	0	1	484	0	487
8165	482	1	1	9	0	493
8166	4	1	2	505	0	512
8167	0	1	1	508	0	510
8168	5	0	2	504	0	511
8169	0	458	0	8	0	466
8170	461	6	0	4	0	471
8171	6	2	453	3	0	464
8172	0	448	6	0	0	454
8173	457	4	0	0	0	461
8174	6	0	502	1	0	509
8175	0	477	6	3	0	486
8176	4	7	0	499	0	510
8177	0	480	4	5	0	489
8178	1	10	476	0	0	487
8179	0	0	491	4	0	495
8180	0	480	4	1	0	485
8181	510	6	4	0	0	520
8182	510	0	4	0	0	514
8183	7	4	492	0	0	503
8184	4	1	455	0	0	460
8185	4	2	471	0	0	477
8186	0	0	12	464	0	476
8187	0	0	5	468	0	473
8188	0	1	3	492	0	496
8189	1	0	517	9	0	527
8190	1	1	5	481	0	488
8191	0	0	1	506	0	507
8192	0	0	497	7	0	504
8193	435	0	7	5	0	447
8194	6	1	0	495	0	502
8195	3	0	4	481	0	488
8196	4	467	0	6	0	477
8197	483	6	6	5	0	500
8198	7	0	478	6	0	491
8199	471	4	7	1	0	483
8200	11	1	0	485	0	497
8201	1	0	487	6	0	494
8202	4	1	6	461	0	472
8203	562	0	1	11	0	574
8204	6	1	587	0	0	594
8205	571	2	5	4	0	582
8206	594	0	1	1	0	596
8207	596	1	4	0	0	601
8208	10	554	2	2	0	568
8209	3	5	2	589	0	599
8210	606	1	1	7	0	615
8211	608	4	0	2	0	614
8212	569	1	1	5	0	576
8213	11	1	545	1	0	558
8214	543	0	8	0	0	551
8215	10	0	1	612	0	623
8216	0	1	606	10	0	617
8217	4	0	8	614	0	626
8218	2	0	0	630	0	632
8219	1	0	611	9	0	621
8220	2	1	7	610	0	620
8221	0	1	1	658	0	660
8222	2	0	760	12	0	774
8223	783	0	18	7	0	808
8224	962	0	7	6	0	975
8225	31	0	10	950	0	991
8226	17	2	886	27	0	932
8227	9	0	25	890	0	924
8228	7	877	10	33	0	927
8229	7	22	10	894	0	933
8230	5	8	5	938	0	956
8231	903	10	3	40	0	956
8232	927	4	2	24	0	957
8233	960	4	3	22	0	989
8234	47	3	4	933	0	987
8235	24	3	1	974	0	1002
8236	20	5	890	41	0	956
8237	12	1	27	905	0	945
8238	10	892	9	47	0	958
8239	897	24	8	17	0	946
8240	33	861	4	16	0	914
8241	881	31	4	11	0	927
8242	35	11	3	811	0	860
8243	14	869	4	27	0	914
8244	866	30	3	13	0	912
8245	865	13	2	17	0	897
8246	39	12	2	862	0	915
8247	23	865	1	29	0	918
8248	20	26	2	876	0	924
8249	14	12	830	37	0	893
8250	834	11	24	24	0	893
8251	30	851	13	15	0	909
8252	850	26	10	13	0	899
8253	37	14	5	857	0	913
8254	867	12	4	33	0	916
8255	37	9	878	15	0	939
8256	907	6	30	16	0	959
8257	916	5	14	11	0	946
8258	47	6	863	13	0	929
8259	28	3	33	864	0	928
8260	26	1	14	904	0	945
8261	879	4	10	42	0	935
8262	39	864	9	25	0	937
8263	18	26	6	877	0	927
8264	20	8	824	41	0	893
8265	15	10	801	17	0	843
8266	11	781	36	17	0	845
8267	8	34	795	12	0	849
8268	793	11	34	15	0	853
8269	29	14	19	796	0	858
8270	812	6	15	33	0	866
8271	34	8	795	16	0	853
8272	22	7	31	784	0	844
8273	15	7	16	820	0	858
8274	15	5	749	38	0	807
8275	11	3	30	785	0	829
8276	760	8	12	42	0	822
8277	783	5	10	23	0	821
8278	41	3	12	775	0	831
8279	771	2	8	40	0	821
8280	782	7	9	22	0	820
8281	47	740	6	15	0	808
8282	24	24	5	773	0	826
8283	775	9	5	38	0	827
8284	43	11	7	769	0	830
8285	766	8	0	39	0	813
8286	44	8	6	767	0	825
8287	30	3	728	42	0	803
8288	16	777	28	30	0	851
8289	19	25	17	635	0	696
8290	21	751	9	32	0	813
8291	738	38	8	18	0	802
8292	35	746	11	22	0	814
8293	18	777	6	18	0	819
8294	20	42	6	771	0	839
8295	768	29	7	27	0	831
8296	28	22	7	779	0	836
8297	771	17	6	39	0	833
8298	762	11	5	17	0	795
8299	43	758	4	18	0	823
8300	778	34	7	15	0	834
8301	793	12	4	18	0	827
8302	796	9	10	12	0	827
8303	56	12	649	9	0	726
8304	36	6	26	649	0	717
8305	36	6	11	670	0	723
8306	18	7	631	47	0	703
8307	651	4	28	25	0	708
8308	716	6	18	21	0	761
8309	730	4	11	16	0	761
8310	698	8	9	11	0	726
8311	48	669	12	20	0	749
8312	703	25	5	16	0	749
8313	52	10	10	685	0	757
8314	37	17	637	26	0	717
8315	614	9	26	20	0	669
8316	48	629	11	13	0	701
8317	612	21	10	14	0	657
8318	39	591	5	9	0	644
8319	22	594	7	12	0	635
8320	16	598	8	12	0	634
8321	8	597	8	11	0	624
8322	7	47	375	5	0	434
8323	4	78	8	259	0	349
8324	4	0	198	5	0	207
8325	196	3	4	1	0	204
8326	3	197	1	2	0	203
8327	3	211	0	1	0	215
8328	4	5	0	205	0	214
8329	1	5	1	207	0	214
8330	2	2	199	9	0	212
8331	2	0	206	3	0	211
8332	2	1	3	171	0	177
8333	1	1	170	4	0	176
8334	3	165	2	3	0	173
8335	2	2	1	183	0	188
8336	0	4	1	193	0	198
8337	2	0	185	4	0	191
8338	2	1	3	188	0	194
8339	188	0	2	3	0	193
8340	3	1	2	185	0	191
8341	1	2	0	191	0	194
8342	1	0	186	7	0	194
8343	160	0	4	3	0	167
8344	4	147	2	35	0	188
8345	4	0	0	187	0	191
8346	4	1	181	3	0	189
8347	2	1	2	183	0	188
8348	183	2	1	3	0	189
8349	5	1	185	1	0	192
8350	3	0	2	169	0	174
8351	0	1	169	2	0	172
8352	1	157	3	3	0	164
8353	0	5	162	1	0	168
8354	2	161	4	2	0	169
8355	0	0	103	0	0	103
8356	0	0	0	102	0	102
8357	0	100	0	0	0	100
8358	106	0	0	0	0	106
8359	0	0	0	105	0	105
8360	104	0	0	0	0	104
8361	0	0	0	103	0	103
8362	0	0	0	106	0	106
8363	104	0	0	0	0	104
8364	101	0	0	0	0	101
8365	0	0	0	111	0	111
8366	0	0	108	0	0	108
8367	0	101	0	2	0	103
8368	0	0	106	0	0	106
8369	0	103	0	0	0	103
8370	109	0	0	0	0	109
8371	0	0	111	0	0	111
8372	0	0	109	0	0	109
8373	0	0	0	98	0	98
8374	110	0	0	0	0	110
8375	0	0	111	0	0	111
8376	0	100	0	0	0	100
8377	108	0	0	0	0	108
8378	110	0	0	0	0	110
8379	109	0	0	1	0	110
8380	106	0	0	0	0	106
8381	105	0	0	0	0	105
8382	0	0	107	0	0	107
8383	0	0	0	101	0	101
8384	0	106	0	0	0	106
8385	108	0	0	0	0	108
8386	0	106	0	0	0	106
8387	106	0	0	0	0	106
8388	79	0	0	0	0	79
8389	0	78	0	0	0	78
8390	77	0	0	0	0	77
8391	0	0	0	77	0	77
8392	1	0	0	76	0	77
8393	0	0	62	0	0	62
8394	0	58	0	0	0	58
8395	0	0	0	63	0	63
8396	0	0	0	63	0	63
8397	0	0	0	62	0	62
8398	0	0	62	0	0	62
8399	61	0	0	0	0	61
8400	0	0	0	106	0	106
8401	105	0	0	0	0	105
8402	0	0	0	106	0	106
8403	0	0	114	1	0	115
8404	2	0	112	0	0	114
8405	103	0	0	1	0	104
8406	115	0	1	0	0	116
8407	0	114	1	0	0	115
8408	0	0	76	0	0	76
8409	1	0	0	75	0	76
8410	1	1	0	74	0	76
8411	76	0	0	0	0	76
8412	77	0	0	1	0	78
8413	75	0	0	1	0	76
8414	0	0	73	0	0	73
8415	118	0	0	0	0	118
8416	1	0	0	114	0	115
8417	0	0	1	114	0	115
8418	1	0	0	116	0	117
8419	0	115	0	1	0	116
8420	116	0	0	0	0	116
8421	0	0	0	115	0	115
8422	1	1	116	0	0	118
8423	1	0	0	116	0	117
8424	0	115	1	1	0	117
8425	117	0	2	0	0	119
8426	0	0	0	118	0	118
8427	1	1	0	115	0	117
8428	1	1	113	0	0	115
8429	0	0	1	111	0	112
8430	0	114	0	2	0	116
8431	0	0	1	119	0	120
8432	1	0	116	1	0	118
8433	107	1	0	0	0	108
8434	116	0	0	1	0	117
8435	0	93	2	1	0	96
8436	100	0	0	0	0	100
8437	101	0	0	1	0	102
8438	0	99	0	2	0	101
8439	1	0	0	101	0	102
8440	100	1	0	0	0	101
8441	1	100	0	0	0	101
8442	0	0	96	2	0	98
8443	94	0	1	0	0	95
8444	104	0	0	1	0	105
8445	108	1	1	0	0	110
8446	110	0	0	0	0	110
8447	1	105	0	1	0	107
8448	112	0	0	1	0	113
8449	108	0	1	0	0	109
8450	107	1	0	1	0	109
8451	1	1	0	106	0	108
8452	109	0	0	1	0	110
8453	1	104	1	0	0	106
8454	1	0	103	1	0	105
8455	2	0	0	109	0	111
8456	113	1	0	0	0	114
8457	1	0	110	0	0	111
8458	1	0	0	110	0	111
8459	1	1	110	0	0	112
8460	1	109	1	1	0	112
8461	1	0	0	114	0	115
8462	2	1	109	0	0	112
8463	0	114	1	0	0	115
8464	2	0	0	115	0	117
8465	110	0	1	0	0	111
8466	106	1	0	0	0	107
8467	107	0	0	2	0	109
8468	107	1	0	0	0	108
8469	109	1	0	0	0	110
8470	2	0	108	0	0	110
8471	108	0	0	1	0	109
8472	109	0	0	1	0	110
8473	1	0	1	107	0	109
8474	106	1	0	1	0	108
8475	104	0	2	0	0	106
8476	0	102	0	2	0	104
8477	2	0	0	108	0	110
8478	1	0	2	106	0	109
8479	104	2	0	1	0	107
8480	0	101	1	2	0	104
8481	1	105	0	1	0	107
8482	1	0	0	129	0	130
8483	1	0	0	125	0	126
8484	1	2	0	122	0	125
8485	1	0	0	132	0	133
8486	130	0	1	1	0	132
8487	123	0	0	0	0	123
8488	2	0	125	1	0	128
8489	2	0	0	116	0	118
8490	4	0	0	129	0	133
8491	1	1	124	0	0	126
8492	113	1	1	1	0	116
8493	1	124	0	2	0	127
8494	130	0	1	2	0	133
8495	4	0	0	128	0	132
8496	2	1	128	0	0	131
8497	1	2	0	123	0	126
8498	2	0	122	3	0	127
8499	0	161	1	1	0	163
8500	120	0	1	1	0	122
8501	123	0	0	2	0	125
8502	2	117	0	0	0	119
8503	0	0	0	113	0	113
8504	111	0	1	1	0	113
8505	0	108	0	1	0	109
8506	0	1	0	113	0	114
8507	149	0	2	1	0	152
8508	1	1	143	0	0	145
8509	138	2	0	1	0	141
8510	1	140	2	1	0	144
8511	150	1	0	1	0	152
8512	149	0	1	1	0	151
8513	2	0	148	1	0	151
8514	2	0	1	134	0	137
8515	2	1	0	112	0	115
8516	1	0	113	0	0	114
8517	2	0	0	98	0	100
8518	1	1	1	105	0	108
8519	114	0	0	2	0	116
8520	116	0	0	0	0	116
8521	1	1	0	111	0	113
8522	1	1	110	1	0	113
8523	2	0	0	109	0	111
8524	0	1	1	110	0	112
8525	2	0	112	1	0	115
8526	0	1	0	109	0	110
8527	113	1	0	0	0	114
8528	112	1	0	1	0	114
8529	0	107	1	1	0	109
8530	112	0	0	2	0	114
8531	110	0	0	3	0	113
8532	1	109	1	1	0	112
8533	114	0	0	1	0	115
8534	109	0	1	1	0	111
8535	113	0	0	1	0	114
8536	1	0	108	1	0	110
8537	104	0	1	2	0	107
8538	1	0	1	110	0	112
8539	112	1	1	0	0	114
8540	2	0	111	1	0	114
8541	0	103	1	1	0	105
8542	112	0	0	1	0	113
8543	1	177	0	2	0	180
8544	0	1	0	172	0	173
8545	0	0	0	175	0	175
8546	178	0	1	1	0	180
8547	171	0	0	0	0	171
8548	2	0	172	0	0	174
8549	0	0	162	0	0	162
8550	0	1	159	0	0	160
8551	0	0	1	170	0	171
8552	1	0	168	1	0	170
8553	1	1	163	0	0	165
8554	0	0	1	166	0	167
8555	180	0	0	1	0	181
8556	176	0	0	0	0	176
8557	220	0	0	0	0	220
8558	216	0	0	0	0	216
8559	1	0	0	215	0	216
8560	0	0	0	221	0	221
8561	0	0	219	1	0	220
8562	0	0	1	209	0	210
8563	0	0	0	236	0	236
8564	271	0	0	1	0	272
8565	266	0	0	0	0	266
8566	1	0	0	266	0	267
8567	294	0	0	1	0	295
8568	293	0	0	0	0	293
8569	4	0	0	280	0	284
8570	1	0	1	290	0	292
8571	1	0	272	6	0	279
8572	2	1	261	1	0	265
8573	1	0	4	275	0	280
8574	1	0	0	289	0	290
8575	1	0	317	5	0	323
8576	297	0	6	1	0	304
8577	313	0	0	1	0	314
8578	4	0	313	0	0	317
8579	0	289	5	2	0	296
8580	320	5	0	1	0	326
8581	5	0	315	0	0	320
8582	1	1	5	275	0	282
8583	0	0	0	298	0	298
8584	304	0	0	5	0	309
8585	310	0	0	1	0	311
8586	5	0	0	294	0	299
8587	1	0	0	308	0	309
8588	312	0	1	5	0	318
8589	304	0	2	0	0	306
8590	307	0	1	1	0	309
8591	3	0	306	1	0	310
8592	0	0	6	303	0	309
8593	1	0	2	315	0	318
8594	317	0	1	5	0	323
8595	5	294	2	1	0	302
8596	334	5	0	0	0	339
8597	8	335	0	0	0	343
8598	1	6	1	399	0	407
8599	2	0	0	369	0	371
8600	2	1	364	11	0	378
8601	2	1	8	351	0	362
8602	1	0	355	8	0	364
8603	1	0	8	359	0	368
8604	0	0	2	359	0	361
8605	3	335	2	7	0	347
8606	3	356	0	1	0	360
8607	2	7	1	363	0	373
8608	2	0	3	370	0	375
8609	3	0	1	375	0	379
8610	2	0	1	368	0	371
8611	1	1	3	376	0	381
8612	1	2	389	14	0	406
8613	2	0	10	386	0	398
8614	1	2	3	416	0	422
8615	1	1	398	15	0	415
8616	0	371	9	8	0	388
8617	3	9	3	407	0	422
8618	7	2	392	11	0	412
8619	1	431	11	7	0	450
8620	1	9	2	460	0	472
8621	463	1	4	10	0	478
8622	10	2	2	466	0	480
8623	3	1	1	487	0	492
8624	2	0	2	497	0	501
8625	0	2	1	491	0	494
8626	4	442	0	14	0	460
8627	1	11	1	495	0	508
8628	486	4	1	13	0	504
8629	10	3	1	484	0	498
8630	5	1	1	488	0	495
8631	2	0	1	502	0	505
8632	484	0	4	16	0	504
8633	473	0	1	7	0	481
8634	11	0	1	483	0	495
8635	485	1	2	10	0	498
8636	474	2	0	6	0	482
8637	11	478	0	6	0	495
8638	487	10	0	2	0	499
8639	9	473	0	4	0	486
8640	3	497	0	6	0	506
8641	1	11	2	533	0	547
8642	1	3	512	15	0	531
8643	1	2	8	434	0	445
8644	1	0	3	453	0	457
8645	2	438	6	13	0	459
8646	445	10	0	9	0	464
8647	9	3	1	453	0	466
8648	3	3	441	11	0	458
8649	2	5	7	446	0	460
8650	0	432	5	12	0	449
8651	486	9	3	6	0	504
8652	7	3	1	488	0	499
8653	3	1	480	14	0	498
8654	1	2	8	516	0	527
8655	1	492	4	13	0	510
8656	1	10	2	529	0	542
8657	514	4	1	15	0	534
8658	529	2	2	8	0	541
8659	544	3	0	5	0	552
8660	12	522	3	6	0	543
8661	537	8	1	7	0	553
8662	10	6	3	540	0	559
8663	517	2	0	17	0	536
8664	12	509	0	7	0	528
8665	7	10	1	568	0	586
8666	5	5	544	12	0	566
8667	483	1	7	8	0	499
8668	6	521	3	6	0	536
8669	3	7	2	539	0	551
8670	4	3	0	543	0	550
8671	3	1	0	586	0	590
8672	1	0	1	559	0	561
8673	1	565	0	17	0	583
8674	586	6	0	13	0	605
8675	566	8	2	3	0	579
8676	16	4	551	1	0	572
8677	9	1	5	547	0	562
8678	7	1	570	7	0	585
8679	563	1	9	10	0	583
8680	583	2	8	6	0	599
8681	594	0	4	1	0	599
8682	16	3	0	565	0	584
8683	10	567	0	7	0	584
8684	611	7	1	9	0	628
8685	7	8	3	609	0	627
8686	613	4	0	11	0	628
8687	10	0	565	29	0	604
8688	13	4	550	4	0	571
8689	587	0	13	0	0	600
8690	6	0	7	594	0	607
8691	598	0	6	9	0	613
8692	10	570	1	8	0	589
8693	592	8	0	4	0	604
8694	603	8	0	3	0	614
8695	16	4	630	4	0	654
8696	12	1	577	0	0	590
8697	5	573	11	2	0	591
8698	1	5	10	553	0	569
8699	555	9	3	6	0	573
8700	8	3	0	556	0	567
8701	10	0	0	562	0	572
8702	4	2	539	12	0	557
8703	511	0	4	14	0	529
8704	5	0	8	556	0	569
8705	10	1	565	5	0	581
8706	5	2	550	9	0	566
8707	1	1	9	540	0	551
8708	1	2	531	5	0	539
8709	4	1	523	6	0	534
8710	3	1	8	488	0	500
8711	1	0	540	5	0	546
8712	1	2	4	493	0	500
8713	2	464	8	5	0	479
8714	514	3	2	7	0	526
8715	6	525	1	2	0	534
8716	7	8	1	506	0	522
8717	5	576	2	5	0	588
8718	5	7	569	2	0	583
8719	3	6	6	640	0	655
8720	3	4	791	14	0	812
8721	826	1	21	8	0	856
8722	20	845	11	4	0	880
8723	888	22	4	0	0	914
8724	24	12	1	860	0	897
8725	874	5	3	22	0	904
8726	26	3	845	12	0	886
8727	11	844	23	8	0	886
8728	871	23	10	2	0	906
8729	23	11	4	813	0	851
8730	13	874	1	21	0	909
8731	5	23	2	902	0	932
8732	872	12	1	29	0	914
8733	23	879	5	13	0	920
8734	915	29	3	8	0	955
8735	32	13	877	0	0	922
8736	883	4	24	5	0	916
8737	29	3	15	878	0	925
8738	877	0	8	27	0	912
8739	30	864	3	15	0	912
8740	16	28	1	877	0	922
8741	13	12	1	884	0	910
8742	3	6	825	41	0	875
8743	7	3	24	848	0	882
8744	5	5	16	872	0	898
8745	8	3	6	883	0	900
8746	7	5	1	888	0	901
8747	6	3	823	44	0	876
8748	5	812	32	19	0	868
8749	5	28	15	858	0	906
8750	853	11	7	29	0	900
8751	827	6	2	18	0	853
8752	36	820	3	12	0	871
8753	840	26	3	11	0	880
8754	833	15	3	5	0	856
8755	826	9	3	5	0	843
8756	45	800	3	8	0	856
8757	792	24	2	9	0	827
8758	35	11	2	751	0	799
8759	14	10	734	31	0	789
8760	16	762	26	17	0	821
8761	6	30	9	804	0	849
8762	8	13	769	31	0	821
8763	767	7	26	16	0	816
8764	33	4	13	764	0	814
8765	15	4	7	752	0	778
8766	10	3	4	754	0	771
8767	8	3	4	771	0	786
8768	5	7	705	43	0	760
8769	678	4	28	20	0	730
8770	32	705	12	13	0	762
8771	679	25	5	6	0	715
8772	33	679	1	5	0	718
8773	684	28	3	7	0	722
8774	32	8	5	679	0	724
8775	12	7	645	28	0	692
8776	12	2	676	10	0	700
8777	6	4	53	646	0	709
8778	6	6	8	669	0	689
8779	6	2	5	685	0	698
8780	651	4	5	39	0	699
8781	26	2	633	14	0	675
8782	8	625	26	14	0	673
8783	8	655	12	7	0	682
8784	618	30	5	8	0	661
8785	30	12	617	8	0	667
8786	11	607	22	8	0	648
8787	10	25	608	10	0	653
8788	4	9	33	623	0	669
8789	7	7	623	29	0	666
8790	4	8	642	11	0	665
8791	9	4	31	622	0	666
8792	7	5	628	28	0	668
8793	7	4	623	12	0	646
8794	5	6	33	607	0	651
8795	569	6	15	28	0	618
8796	30	3	565	12	0	610
8797	9	4	30	564	0	607
8798	6	6	11	591	0	614
8799	565	4	9	38	0	616
8800	25	1	7	582	0	615
8801	571	4	7	34	0	616
8802	30	556	7	13	0	606
8803	7	24	9	577	0	617
8804	568	8	5	32	0	613
8805	565	6	8	13	0	592
8806	35	2	6	549	0	592
8807	13	3	530	29	0	575
8808	520	4	25	14	0	563
8809	27	534	11	10	0	582
8810	529	26	7	9	0	571
8811	555	8	4	8	0	575
8812	559	3	6	9	0	577
8813	39	1	538	8	0	586
8814	13	491	29	6	0	539
8815	8	19	12	498	0	537
8816	7	37	3	498	0	545
8817	11	5	428	30	0	474
8818	9	425	22	15	0	471
8819	7	327	7	8	0	349
8820	3	183	1	4	0	191
8821	124	7	1	3	0	135
8822	7	5	1	125	0	138
8823	1	3	1	104	0	109
8824	2	2	96	7	0	107
8825	94	2	5	2	0	103
8826	7	1	2	114	0	124
8827	3	7	2	114	0	126
8828	1	1	109	10	0	121
8829	1	112	6	6	0	125
8830	1	4	1	88	0	94
8831	2	0	98	4	0	104
8832	0	89	3	2	0	94
8833	89	3	1	2	0	95
8834	3	1	144	0	0	148
8835	0	2	2	138	0	142
8836	1	143	1	3	0	148
8837	151	4	2	0	0	157
8838	4	1	0	150	0	155
8839	150	1	1	3	0	155
8840	153	0	1	0	0	154
8841	3	145	0	2	0	150
8842	152	4	0	0	0	156
8843	151	0	0	1	0	152
8844	4	1	193	1	0	199
8845	197	0	3	0	0	200
8846	5	1	192	0	0	198
8847	197	0	3	0	0	200
8848	205	0	0	0	0	205
8849	4	0	193	0	0	197
8850	2	0	3	191	0	196
8851	2	0	198	3	0	203
8852	1	0	193	0	0	194
8853	2	0	238	1	0	241
8854	0	1	1	197	0	199
8855	0	0	0	216	0	216
8856	0	0	0	221	0	221
8857	0	0	0	219	0	219
8858	0	0	215	2	0	217
8859	0	0	2	204	0	206
8860	0	176	0	1	0	177
8861	1	2	184	0	0	187
8862	0	0	2	170	0	172
8863	0	0	184	2	0	186
8864	0	182	2	0	0	184
8865	0	177	0	0	0	177
8866	0	1	0	179	0	180
8867	0	1	227	1	0	229
8868	0	0	219	0	0	219
8869	0	0	2	225	0	227
8870	0	1	0	252	0	253
8871	0	0	0	265	0	265
8872	0	0	260	5	0	265
8873	0	262	3	1	0	266
8874	0	270	2	0	0	272
8875	0	6	0	274	0	280
8876	0	2	273	4	0	279
8877	1	1	263	2	0	267
8878	0	264	6	0	0	270
8879	273	4	2	0	0	279
8880	4	255	2	0	0	261
8881	2	3	293	0	0	298
8882	300	2	4	0	0	306
8883	5	0	2	309	0	316
8884	312	0	2	5	0	319
8885	5	1	0	333	0	339
8886	3	0	0	340	0	343
8887	329	0	2	11	0	342
8888	10	323	0	4	0	337
8889	3	8	313	2	0	326
8890	2	331	7	1	0	341
8891	327	10	3	2	0	342
8892	8	329	1	1	0	339
8893	332	10	0	0	0	342
8894	332	4	0	1	0	337
8895	11	322	0	0	0	333
8896	5	10	0	332	0	347
8897	329	3	0	9	0	341
8898	335	2	0	3	0	340
8899	14	0	0	329	0	343
8900	5	1	320	9	0	335
8901	2	1	323	3	0	329
8902	0	0	12	322	0	334
8903	2	0	323	9	0	334
8904	304	0	8	3	0	315
8905	7	312	6	4	0	329
8906	3	9	2	325	0	339
8907	2	3	1	330	0	336
8908	0	1	0	336	0	337
8909	1	0	3	328	0	332
8910	1	2	0	339	0	342
8911	1	1	320	13	0	335
8912	0	310	7	7	0	324
8913	356	7	2	2	0	367
8914	12	4	2	358	0	376
8915	4	1	1	370	0	376
8916	3	0	0	373	0	376
8917	1	351	2	15	0	369
8918	1	11	0	361	0	373
8919	2	2	1	373	0	378
8920	354	2	0	15	0	371
8921	10	345	0	7	0	362
8922	3	353	1	5	0	362
8923	1	13	3	359	0	376
8924	356	4	0	13	0	373
8925	11	3	350	5	0	369
8926	303	0	11	4	0	318
8927	12	2	342	1	0	357
8928	3	1	11	334	0	349
8929	2	0	2	345	0	349
8930	1	1	2	350	0	354
8931	0	1	2	336	0	339
8932	1	1	0	343	0	345
8933	318	0	1	17	0	336
8934	12	2	277	6	0	297
8935	5	1	10	354	0	370
8936	2	0	387	14	0	403
8937	2	372	11	5	0	390
8938	374	10	4	6	0	394
8939	13	5	489	2	0	509
8940	4	3	13	482	0	502
8941	3	2	3	493	0	501
8942	1	2	501	17	0	521
8943	1	2	492	7	0	502
8944	4	2	16	439	0	461
8945	450	2	5	13	0	470
8946	463	0	2	5	0	470
8947	16	445	2	3	0	466
8948	499	14	1	1	0	515
8949	15	4	1	488	0	508
8950	5	482	1	16	0	504
8951	4	11	1	498	0	514
8952	3	4	479	18	0	504
8953	1	3	14	428	0	446
8954	3	0	6	450	0	459
8955	447	1	2	17	0	467
8956	12	427	3	11	0	453
8957	439	11	1	5	0	456
8958	14	468	3	2	0	487
8959	478	15	1	4	0	498
8960	15	476	1	4	0	496
8961	5	490	2	2	0	499
8962	490	18	1	2	0	511
8963	14	5	1	466	0	486
8964	3	526	2	15	0	546
8965	549	12	1	5	0	567
8966	550	3	0	5	0	558
8967	537	4	0	2	0	543
8968	538	0	0	2	0	540
8969	17	512	0	3	0	532
8970	5	12	0	491	0	508
8971	3	1	0	512	0	516
8972	502	4	1	11	0	518
8973	12	1	0	479	0	492
8974	488	1	1	13	0	503
8975	14	2	479	2	0	497
8976	464	1	9	4	0	478
8977	14	0	480	2	0	496
8978	2	2	12	479	0	495
8979	489	0	1	12	0	502
8980	11	468	4	3	0	486
8981	451	10	0	3	0	464
8982	11	429	0	1	0	441
8983	1	27	0	476	0	504
8984	2	6	478	6	0	492
8985	417	2	6	0	0	425
8986	5	482	0	2	0	489
8987	1	5	1	505	0	512
8988	0	0	1	504	0	505
8989	1	1	0	495	0	497
8990	0	0	486	8	0	494
8991	0	469	5	3	0	477
8992	497	5	0	2	0	504
8993	496	0	1	1	0	498
8994	4	517	0	1	0	522
8995	530	5	0	1	0	536
8996	7	0	0	528	0	535
8997	0	515	1	5	0	521
8998	553	5	0	1	0	559
8999	5	0	534	1	0	540
9000	0	520	5	1	0	526
9001	2	5	0	547	0	554
9002	0	1	0	557	0	558
9003	1	1	536	6	0	544
9004	0	1	5	517	0	523
9005	1	1	557	6	0	565
9006	1	0	8	548	0	557
9007	0	1	0	560	0	561
9008	2	1	1	559	0	563
9009	1	0	1	560	0	562
9010	0	2	536	6	0	544
9011	1	2	512	2	0	517
9012	0	547	6	4	0	557
9013	0	3	2	612	0	617
9014	1	0	683	7	0	691
9015	0	662	10	3	0	675
9016	0	10	2	708	0	720
9017	0	4	712	11	0	727
9018	658	3	12	3	0	676
9019	791	1	3	3	0	798
9020	13	2	3	778	0	796
9021	6	0	773	13	0	792
9022	4	1	12	782	0	799
9023	782	1	4	15	0	802
9024	13	754	4	8	0	779
9025	825	12	3	4	0	844
9026	822	5	1	3	0	831
9027	18	3	1	815	0	837
9028	10	2	1	822	0	835
9029	6	1	2	825	0	834
9030	4	0	0	836	0	840
9031	2	0	2	836	0	840
9032	813	2	1	24	0	840
9033	847	0	1	12	0	860
9034	861	2	0	6	0	869
9035	20	1	753	5	0	779
9036	741	0	12	2	0	755
9037	19	0	4	762	0	785
9038	7	0	734	17	0	758
9039	4	615	12	11	0	642
9040	4	9	6	635	0	654
9041	3	5	4	643	0	655
9042	5	637	4	15	0	661
9043	3	13	3	675	0	694
9044	6	6	642	15	0	669
9045	8	4	654	9	0	675
9046	5	2	16	674	0	697
9047	659	3	8	16	0	686
9048	621	0	7	14	0	642
9049	14	2	615	8	0	639
9050	9	598	12	6	0	625
9051	10	634	4	7	0	655
9052	626	15	6	2	0	649
9053	14	10	621	6	0	651
9054	5	5	11	635	0	656
9055	638	2	7	16	0	663
9056	12	613	3	13	0	641
9057	9	629	7	10	0	655
9058	604	15	2	6	0	627
9059	16	9	1	602	0	628
9060	634	6	3	9	0	652
9061	18	5	5	629	0	657
9062	15	2	2	652	0	671
9063	8	0	626	23	0	657
9064	7	3	12	633	0	655
9065	4	5	8	646	0	663
9066	617	3	5	27	0	652
9067	11	7	5	608	0	631
9068	13	3	562	24	0	602
9069	571	2	12	24	0	609
9070	17	2	12	596	0	627
9071	589	2	10	23	0	624
9072	18	556	9	20	0	603
9073	12	590	7	13	0	622
9074	591	19	2	10	0	622
9075	593	12	2	11	0	618
9076	22	9	7	587	0	625
9077	19	6	571	16	0	612
9078	10	5	15	597	0	627
9079	585	2	11	20	0	618
9080	18	633	9	20	0	680
9081	13	17	7	648	0	685
9082	659	15	4	17	0	695
9083	23	14	586	10	0	633
9084	591	7	13	12	0	623
9085	612	4	12	6	0	634
9086	29	1	569	16	0	615
9087	19	0	562	8	0	589
9088	10	7	20	535	0	572
9089	9	2	13	534	0	558
9090	9	559	7	23	0	598
9091	5	14	12	582	0	613
9092	11	10	565	26	0	612
9093	8	4	16	580	0	608
9094	5	4	15	578	0	602
9095	4	1	546	31	0	582
9096	5	537	17	22	0	581
9097	6	12	12	612	0	642
9098	7	15	5	610	0	637
9099	586	9	5	31	0	631
9100	19	10	5	601	0	635
9101	15	6	568	29	0	618
9102	572	0	19	21	0	612
9103	604	2	14	11	0	631
9104	602	4	9	12	0	627
9105	30	4	554	11	0	599
9106	19	5	19	569	0	612
9107	19	3	9	582	0	613
9108	7	3	9	608	0	627
9109	564	1	11	34	0	610
9110	24	563	4	27	0	618
9111	20	14	545	13	0	592
9112	13	558	20	11	0	602
9113	9	507	18	8	0	542
9114	4	407	4	9	0	424
9115	4	17	5	400	0	426
9116	6	10	383	15	0	414
9117	365	6	12	11	0	394
9118	12	400	9	6	0	427
9119	316	5	3	6	0	330
9120	6	324	7	4	0	341
9121	337	11	2	2	0	352
9122	8	336	1	5	0	350
9123	8	7	323	6	0	344
9124	2	11	9	316	0	338
9125	6	4	4	315	0	329
9126	303	7	2	11	0	323
9127	12	2	4	340	0	358
9128	6	4	320	15	0	345
9129	8	2	10	349	0	369
9130	5	6	343	9	0	363
9131	2	353	14	9	0	378
9132	2	10	9	353	0	374
9133	3	372	3	14	0	392
9134	376	10	3	4	0	393
9135	10	7	3	384	0	404
9136	5	2	375	14	0	396
9137	4	4	366	9	0	383
9138	362	1	16	5	0	384
9139	7	4	10	368	0	389
9140	6	1	356	14	0	377
9141	2	7	339	9	0	357
9142	5	354	14	4	0	377
9143	1	10	4	340	0	355
9144	2	342	9	12	0	365
9145	3	12	6	354	0	375
9146	348	5	1	12	0	366
9147	11	2	4	353	0	370
9148	7	4	4	384	0	399
9149	373	2	6	16	0	397
9150	14	4	1	457	0	476
9151	8	1	1	460	0	470
9152	3	464	3	17	0	487
9153	464	12	4	10	0	490
9154	469	7	1	6	0	483
9155	16	3	2	473	0	494
9156	8	4	4	472	0	488
9157	10	3	1	471	0	485
9158	3	437	1	22	0	463
9159	3	459	5	13	0	480
9160	1	18	0	445	0	464
9161	423	4	1	12	0	440
9162	422	4	1	4	0	431
9163	14	417	2	8	0	441
9164	367	9	2	5	0	383
9165	8	369	3	5	0	385
9166	3	382	0	4	0	389
9167	2	8	0	394	0	404
9168	399	2	2	10	0	413
9169	12	381	2	3	0	398
9170	2	408	1	1	0	412
9171	1	11	2	408	0	422
9172	2	3	1	420	0	426
9173	1	5	396	12	0	414
9174	400	2	8	3	0	413
9175	409	5	0	4	0	418
9176	15	0	402	2	0	419
9177	3	6	398	3	0	410
9178	4	3	11	396	0	414
9179	2	5	1	408	0	416
9180	3	354	1	11	0	369
9181	2	11	0	358	0	371
9182	4	1	343	13	0	361
9183	2	1	12	355	0	370
9184	3	2	4	365	0	374
9185	352	1	4	12	0	369
9186	13	2	350	5	0	370
9187	342	2	12	6	0	362
9188	14	3	348	3	0	368
9189	2	0	10	359	0	371
9190	1	4	333	14	0	352
9191	2	2	350	5	0	359
9192	0	2	11	356	0	369
9193	333	3	15	14	0	365
9194	326	4	3	4	0	337
9195	14	319	0	8	0	341
9196	279	11	5	46	0	341
9197	280	0	1	2	0	283
9198	6	275	2	5	0	288
9199	2	6	3	306	0	317
9200	0	1	3	324	0	328
9201	3	2	2	321	0	328
9202	1	1	2	323	0	327
9203	1	2	300	13	0	316
9204	291	1	12	1	0	305
9205	13	3	2	307	0	325
9206	3	3	0	308	0	314
9207	4	306	0	14	0	324
9208	2	12	1	316	0	331
9209	1	5	299	11	0	316
9210	287	0	8	6	0	301
9211	11	0	303	3	0	317
9212	3	2	11	303	0	319
9213	289	1	2	16	0	308
9214	9	299	0	7	0	315
9215	3	14	0	306	0	323
9216	2	2	299	14	0	317
9217	2	1	12	304	0	319
9218	360	1	1	14	0	376
9219	11	0	356	5	0	372
9220	3	2	357	3	0	365
9221	2	354	12	0	0	368
9222	351	13	2	4	0	370
9223	11	348	2	3	0	364
9224	5	11	351	3	0	370
9225	2	3	339	2	0	346
9226	1	343	12	3	0	359
9227	319	9	2	3	0	333
9228	10	329	1	2	0	342
9229	2	9	2	302	0	315
9230	3	2	4	317	0	326
9231	2	3	286	10	0	301
9232	3	2	7	292	0	304
9233	0	2	261	8	0	271
9234	254	2	11	3	0	270
9235	262	1	4	3	0	270
9236	269	2	1	1	0	273
9237	12	4	253	1	0	270
9238	257	2	10	2	0	271
9239	10	1	5	237	0	253
9240	2	253	0	9	0	264
9241	258	9	2	4	0	273
9242	9	4	244	2	0	259
9243	258	0	10	4	0	272
9244	264	0	3	2	0	269
9245	11	0	252	3	0	266
9246	4	251	9	3	0	267
9247	3	8	4	260	0	275
9248	1	2	227	9	0	239
9249	4	1	234	4	0	243
9250	0	7	6	140	0	153
9251	0	0	139	6	0	145
9252	1	0	6	136	0	143
9253	0	0	2	140	0	142
9254	1	0	0	147	0	148
9255	1	0	141	6	0	148
9256	0	0	7	139	0	146
9257	0	1	132	5	0	138
9258	0	0	6	144	0	150
9259	141	0	2	6	0	149
9260	6	0	1	137	0	144
9261	1	137	0	7	0	145
9262	0	6	1	142	0	149
9263	138	1	0	7	0	146
9264	6	137	0	2	0	145
9265	0	6	0	142	0	148
9266	140	1	1	6	0	148
9267	6	0	141	2	0	149
9268	1	0	4	110	0	115
9269	0	0	113	5	0	118
9270	0	0	113	1	0	114
9271	0	0	5	114	0	119
9272	117	0	1	4	0	122
9273	4	0	113	1	0	118
9274	115	0	4	0	0	119
9275	4	0	1	115	0	120
9276	1	0	114	4	0	119
9277	0	0	114	1	0	115
9278	0	0	120	0	0	120
9279	0	0	5	114	0	119
9280	116	0	1	4	0	121
9281	4	111	0	1	0	116
9282	1	4	0	115	0	120
9283	0	1	0	118	0	119
9284	115	0	0	4	0	119
9285	118	0	0	1	0	119
9286	6	112	0	0	0	118
9287	116	4	0	0	0	120
9288	119	1	0	0	0	120
9289	5	0	0	115	0	120
9290	1	0	113	4	0	118
9291	109	0	4	1	0	114
9292	4	0	1	113	0	118
9293	1	0	0	119	0	120
9294	114	0	0	5	0	119
9295	4	0	0	115	0	119
9296	1	0	0	119	0	120
9297	114	0	0	5	0	119
9298	4	113	0	1	0	118
9299	82	0	0	0	0	82
9300	0	0	83	0	0	83
9301	84	0	0	0	0	84
9302	0	0	0	80	0	80
9303	0	99	0	0	0	99
9304	0	0	0	108	0	108
9305	0	0	0	101	0	101
9306	0	0	0	107	0	107
9307	108	0	0	0	0	108
9308	0	105	0	0	0	105
9309	0	101	0	0	0	101
9310	107	0	0	0	0	107
9311	0	0	113	0	0	113
9312	0	0	87	0	0	87
9313	91	0	0	0	0	91
9314	0	0	92	0	0	92
9315	0	0	0	87	0	87
9316	0	0	0	94	0	94
9317	0	0	0	99	0	99
9318	0	0	0	39	0	39
9319	0	39	0	0	0	39
9320	0	0	0	41	0	41
9321	0	0	41	0	0	41
9322	0	0	0	39	0	39
9323	0	0	41	0	0	41
9324	0	0	46	0	0	46
9325	0	0	0	49	0	49
9326	0	0	49	0	0	49
9327	0	0	0	51	0	51
9328	48	0	0	0	0	48
9329	0	0	50	0	0	50
9330	46	0	0	0	0	46
9331	0	0	0	51	0	51
9332	0	0	49	0	0	49
9333	0	78	0	0	0	78
9334	1	0	0	78	0	79
9335	0	0	79	0	0	79
9336	0	0	1	75	0	76
9337	78	0	0	0	0	78
9338	78	0	0	0	0	78
9339	91	0	0	0	0	91
9340	0	0	0	93	0	93
9341	1	0	0	93	0	94
9342	0	0	0	95	0	95
9343	93	0	0	1	0	94
9344	0	92	1	1	0	94
9345	1	0	0	93	0	94
9346	1	1	0	93	0	95
9347	92	0	0	0	0	92
9348	1	93	0	0	0	94
9349	1	0	0	94	0	95
9350	93	1	0	2	0	96
9351	93	0	0	2	0	95
9352	2	0	0	94	0	96
9353	95	1	0	0	0	96
9354	0	0	0	96	0	96
9355	1	1	88	1	0	91
9356	0	0	0	96	0	96
9357	0	1	1	94	0	96
9358	0	0	0	96	0	96
9359	95	0	0	1	0	96
9360	1	152	0	1	0	154
9361	147	0	0	1	0	148
9362	1	148	0	0	0	149
9363	0	151	0	1	0	152
9364	147	1	1	0	0	149
9365	0	150	0	1	0	151
9366	1	0	0	150	0	151
9367	150	1	0	1	0	152
9368	144	0	0	1	0	145
9369	1	1	0	147	0	149
9370	2	0	0	142	0	144
9371	0	149	0	1	0	150
9372	150	1	0	1	0	152
9373	138	1	0	0	0	139
9374	1	145	1	0	0	147
9375	0	145	0	2	0	147
9376	2	1	0	151	0	154
9377	143	1	0	0	0	144
9378	0	0	0	151	0	151
9379	1	0	0	148	0	149
9380	0	1	147	1	0	149
9381	1	0	141	1	0	143
9382	0	0	1	148	0	149
9383	0	1	141	0	0	142
9384	0	215	0	2	0	217
9385	0	0	1	226	0	227
9386	1	1	0	221	0	223
9387	0	0	0	224	0	224
9388	0	0	217	2	0	219
9389	0	0	203	1	0	204
9390	209	0	2	0	0	211
9391	0	224	1	1	0	226
9392	228	0	1	0	0	229
9393	0	3	0	226	0	229
9394	236	0	1	1	0	238
9395	0	2	0	257	0	259
9396	1	261	0	1	0	263
9397	264	0	1	0	0	265
9398	0	2	257	0	0	259
9399	2	256	0	3	0	261
9400	267	1	1	0	0	269
9401	2	1	0	264	0	267
9402	1	241	0	2	0	244
9403	1	0	0	245	0	246
9404	244	2	0	1	0	247
9405	1	1	0	245	0	247
9406	247	0	0	0	0	247
9407	0	1	235	1	0	237
9408	1	1	0	237	0	239
9409	244	0	1	1	0	246
9410	1	0	263	2	0	266
9411	1	245	1	1	0	248
9412	0	0	1	249	0	250
9413	1	1	248	0	0	250
9414	0	0	242	2	0	244
9415	1	0	1	247	0	249
9416	0	0	246	1	0	247
9417	0	2	234	2	0	238
9418	1	0	1	246	0	248
9419	248	0	2	1	0	251
9420	0	1	0	251	0	252
9421	1	0	1	250	0	252
9422	0	1	246	0	0	247
9423	3	0	1	246	0	250
9424	237	2	1	1	0	241
9425	1	1	233	0	0	235
9426	0	250	2	1	0	253
9427	1	1	1	258	0	261
9428	257	1	0	1	0	259
9429	1	1	0	254	0	256
9430	3	257	0	1	0	261
9431	0	1	261	2	0	264
9432	0	2	0	264	0	266
9433	249	1	1	0	0	251
9434	1	0	271	2	0	274
9435	2	0	0	266	0	268
9436	294	1	2	1	0	298
9437	283	1	0	2	0	286
9438	2	287	0	2	0	291
9439	281	0	0	0	0	281
9440	0	1	1	279	0	281
9441	1	0	268	1	0	270
9442	1	260	2	1	0	264
9443	1	311	3	1	0	316
9444	2	1	0	358	0	361
9445	1	1	1	356	0	359
9446	1	4	341	2	0	348
9447	2	334	0	3	0	339
9448	1	344	0	3	0	348
9449	1	1	1	360	0	363
9450	358	2	3	0	0	363
9451	0	339	0	4	0	343
9452	3	0	1	361	0	365
9453	354	3	0	2	0	359
9454	1	2	1	357	0	361
9455	2	1	1	359	0	363
9456	1	0	0	363	0	364
9457	1	0	2	362	0	365
9458	354	3	1	2	0	360
9459	1	2	0	354	0	357
9460	1	0	289	3	0	293
9461	285	0	2	3	0	290
9462	0	0	291	2	0	293
9463	1	2	340	2	0	345
9464	2	2	1	351	0	356
9465	0	1	1	360	0	362
9466	3	0	0	367	0	370
9467	368	1	0	4	0	373
9468	0	0	366	3	0	369
9469	354	1	0	1	0	356
9470	363	1	3	1	0	368
9471	1	0	406	3	0	410
9472	383	0	0	3	0	386
9473	1	0	402	0	0	403
9474	2	408	3	2	0	415
9475	2	1	1	430	0	434
9476	0	1	2	431	0	434
9477	3	0	1	426	0	430
9478	2	3	1	426	0	432
9479	0	1	422	2	0	425
9480	4	0	410	2	0	416
9481	1	0	2	425	0	428
9482	0	1	427	2	0	430
9483	452	1	0	3	0	456
9484	413	1	3	2	0	419
9485	4	1	0	417	0	422
9486	420	0	0	3	0	423
9487	0	408	3	3	0	414
9488	415	1	2	1	0	419
9489	2	1	407	3	0	413
9490	1	1	3	401	0	406
9491	1	392	3	3	0	399
9492	413	1	1	6	0	421
9493	1	1	1	417	0	420
9494	8	1	399	1	0	409
9495	2	1	3	365	0	371
9496	378	2	3	1	0	384
9497	4	1	442	2	0	449
9498	1	2	3	431	0	437
9499	5	1	4	432	0	442
9500	2	2	440	4	0	448
9501	1	420	2	8	0	431
9502	3	460	3	4	0	470
9503	3	10	1	508	0	522
9504	2	2	2	506	0	512
9505	2	1	3	513	0	519
9506	508	0	2	11	0	521
9507	512	4	3	3	0	522
9508	10	3	2	515	0	530
9509	509	3	3	10	0	525
9510	8	528	2	4	0	542
9511	2	8	3	555	0	568
9512	1	2	2	553	0	558
9513	1	3	1	563	0	568
9514	539	2	0	14	0	555
9515	9	526	1	7	0	543
9516	3	8	2	561	0	574
9517	554	4	1	11	0	570
9518	8	3	2	547	0	560
9519	7	0	0	547	0	554
9520	2	519	3	14	0	538
9521	2	535	1	8	0	546
9522	4	7	2	557	0	570
9523	3	4	1	560	0	568
9524	554	0	1	14	0	569
9525	11	1	2	548	0	562
9526	2	2	576	13	0	593
9527	4	1	7	576	0	588
9528	3	541	4	41	0	589
9529	576	6	1	4	0	587
9530	7	1	1	573	0	582
9531	1	0	2	573	0	576
9532	5	565	1	9	0	580
9533	603	7	25	3	0	638
9534	5	588	1	2	0	596
9535	1	6	0	653	0	660
9536	1	0	639	7	0	647
9537	1	0	9	644	0	654
9538	656	1	2	11	0	670
9539	11	625	0	3	0	639
9540	3	10	0	658	0	671
9541	1	648	0	10	0	659
9542	0	12	0	676	0	688
9543	0	3	652	13	0	668
9544	0	1	10	615	0	626
9545	0	0	2	636	0	638
9546	1	0	0	655	0	656
9547	638	1	0	13	0	652
9548	632	0	1	4	0	637
9549	14	632	1	1	0	648
9550	622	12	0	2	0	636
9551	10	610	1	1	0	622
9552	3	639	0	3	0	645
9553	641	13	0	2	0	656
9554	12	3	639	3	0	657
9555	3	2	10	640	0	655
9556	2	0	2	671	0	675
9557	0	3	0	688	0	691
9558	664	0	0	17	0	681
9559	13	714	3	3	0	733
9560	3	12	0	713	0	728
9561	4	746	0	11	0	761
9562	767	20	0	3	0	790
9563	18	7	0	711	0	736
9564	6	2	0	754	0	762
9565	1	880	0	31	0	912
9566	4	25	4	915	0	948
9567	1	9	0	940	0	950
9568	901	2	0	39	0	942
9569	20	845	3	14	0	882
9570	12	869	1	10	0	892
9571	6	28	0	853	0	887
9572	1	15	809	29	0	854
9573	3	5	791	15	0	814
9574	2	7	29	823	0	861
9575	4	5	809	34	0	852
9576	6	4	23	820	0	853
9577	3	10	14	812	0	839
9578	2	2	4	870	0	878
9579	832	2	4	47	0	885
9580	27	3	5	831	0	866
9581	16	3	4	850	0	873
9582	1	793	3	46	0	843
9583	6	26	5	810	0	847
9584	4	16	763	35	0	818
9585	4	5	25	810	0	844
9586	8	1	7	839	0	855
9587	803	5	6	38	0	852
9588	25	8	5	811	0	849
9589	10	4	3	820	0	837
9590	3	3	8	849	0	863
9591	785	2	3	47	0	837
9592	26	789	3	23	0	841
9593	9	28	2	806	0	845
9594	10	13	1	840	0	864
9595	9	8	773	45	0	835
9596	4	3	24	804	0	835
9597	718	4	11	40	0	773
9598	24	727	4	26	0	781
9599	19	28	2	728	0	777
9600	5	18	2	759	0	784
9601	6	6	696	55	0	763
9602	606	4	19	24	0	653
9603	23	647	11	17	0	698
9604	750	24	1	18	0	793
9605	25	16	3	753	0	797
9606	11	9	2	769	0	791
9607	4	8	5	779	0	796
9608	6	4	7	782	0	799
9609	746	1	6	42	0	795
9610	23	9	4	709	0	745
9611	14	695	3	39	0	751
9612	12	22	1	738	0	773
9613	4	15	7	749	0	775
9614	723	2	1	49	0	775
9615	26	747	3	19	0	795
9616	16	32	2	781	0	831
9617	761	19	3	44	0	827
9618	772	11	2	34	0	819
9619	46	7	4	785	0	842
9620	23	10	721	40	0	794
9621	720	3	22	38	0	783
9622	37	5	14	788	0	844
9623	24	6	733	47	0	810
9624	10	1	27	788	0	826
9625	10	6	12	755	0	783
9626	12	7	2	740	0	761
9627	9	674	3	52	0	738
9628	6	27	10	725	0	768
9629	11	15	1	750	0	777
9630	6	9	1	764	0	780
9631	2	11	7	759	0	779
9632	5	7	3	761	0	776
9633	10	3	1	700	0	714
9634	633	2	1	64	0	700
9635	31	7	574	28	0	640
9636	16	529	18	21	0	584
9637	558	20	11	20	0	609
9638	27	544	4	11	0	586
9639	575	27	3	9	0	614
9640	27	16	4	557	0	604
9641	612	8	4	31	0	655
9642	30	7	2	600	0	639
9643	15	6	3	565	0	589
9644	9	543	3	43	0	598
9645	560	24	1	22	0	607
9646	30	18	531	13	0	592
9647	18	4	23	554	0	599
9648	4	4	543	41	0	592
9649	10	7	522	21	0	560
9650	531	3	35	11	0	580
9651	24	8	16	548	0	596
9652	20	3	529	34	0	586
9653	8	4	528	19	0	559
9654	8	4	34	498	0	544
9655	8	4	14	535	0	561
9656	512	5	7	43	0	567
9657	31	1	7	530	0	569
9658	16	3	497	33	0	549
9659	6	4	21	491	0	522
9660	8	37	16	449	0	510
9661	9	424	7	29	0	469
9662	434	18	2	20	0	474
9663	18	442	5	15	0	480
9664	402	10	6	11	0	429
9665	11	248	2	2	0	263
9666	6	262	0	6	0	274
9667	4	14	1	254	0	273
9668	7	8	0	257	0	272
9669	2	2	0	268	0	272
9670	252	4	2	16	0	274
9671	8	3	248	12	0	271
9672	4	1	7	261	0	273
9673	242	2	3	14	0	261
9674	13	245	1	8	0	267
9675	6	260	2	4	0	272
9676	2	10	3	251	0	266
9677	3	8	1	258	0	270
9678	5	5	0	262	0	272
9679	0	241	2	17	0	260
9680	1	8	2	258	0	269
9681	3	5	242	17	0	267
9682	3	1	234	11	0	249
9683	231	3	16	4	0	254
9684	23	3	6	236	0	268
9685	234	0	3	10	0	247
9686	228	0	3	6	0	237
9687	12	223	2	3	0	240
9688	237	7	0	3	0	247
9689	270	5	0	4	0	279
9690	17	1	0	253	0	271
9691	8	2	0	262	0	272
9692	3	2	259	13	0	277
9693	4	255	6	6	0	271
9694	3	7	3	251	0	264
9695	0	5	1	266	0	272
9696	263	1	1	14	0	279
9697	7	2	2	267	0	278
9698	266	1	0	10	0	277
9699	8	0	1	258	0	267
9700	7	253	0	7	0	267
9701	264	7	0	5	0	276
9702	10	5	0	324	0	339
9703	6	1	1	392	0	400
9704	1	2	0	347	0	350
9705	3	2	331	26	0	362
9706	1	0	16	348	0	365
9707	344	0	8	24	0	376
9708	15	0	4	382	0	401
9709	9	1	4	490	0	504
9710	4	1	2	498	0	505
9711	2	417	0	45	0	464
9712	0	461	0	22	0	483
9713	434	36	0	9	0	479
9714	26	466	1	6	0	499
9715	411	23	0	0	0	434
9716	418	10	0	0	0	428
9717	422	4	0	0	0	426
9718	33	3	359	1	0	396
9719	14	384	18	1	0	417
9720	394	20	7	2	0	423
9721	19	10	1	399	0	429
9722	10	4	1	414	0	429
9723	4	4	0	430	0	438
9724	2	381	0	32	0	415
9725	2	22	0	417	0	441
9726	392	9	0	25	0	426
9727	23	4	2	408	0	437
9728	13	3	0	424	0	440
9729	8	0	388	31	0	427
9730	4	1	380	14	0	399
9731	2	1	29	393	0	425
9732	1	2	11	410	0	424
9733	1	391	6	31	0	429
9734	0	21	0	407	0	428
9735	1	11	0	417	0	429
9736	1	5	0	434	0	440
9737	389	4	0	39	0	432
9738	21	1	407	19	0	448
9739	11	2	22	428	0	463
9740	434	1	7	25	0	467
9741	405	0	7	14	0	426
9742	28	3	4	386	0	421
9743	15	1	3	411	0	430
9744	393	2	1	35	0	431
9745	24	364	1	18	0	407
9746	10	400	1	11	0	422
9747	7	28	2	387	0	424
9748	417	13	0	29	0	459
9749	434	6	1	12	0	453
9750	440	0	2	10	0	452
9751	35	2	431	8	0	476
9752	423	1	20	7	0	451
9753	29	2	428	8	0	467
9754	424	2	25	5	0	456
9755	27	422	10	11	0	470
9756	11	23	417	8	0	459
9757	8	10	21	423	0	462
9758	6	7	436	27	0	476
9759	3	3	23	412	0	441
9760	401	3	11	32	0	447
9761	26	4	386	17	0	433
9762	20	0	23	397	0	440
9763	9	402	9	23	0	443
9764	10	21	7	415	0	453
9765	8	10	4	421	0	443
9766	10	6	3	432	0	451
9767	405	4	7	38	0	454
9768	418	6	1	19	0	444
9769	36	3	5	409	0	453
9770	13	4	389	31	0	437
9771	10	3	476	17	0	506
9772	7	1	35	478	0	521
9773	4	6	465	32	0	507
9774	3	1	28	485	0	517
9775	9	5	11	491	0	516
9776	4	5	6	500	0	515
9777	7	428	2	44	0	481
9778	5	513	6	22	0	546
9779	4	32	5	530	0	571
9780	6	15	3	548	0	572
9781	6	4	6	563	0	579
9782	522	5	3	46	0	576
9783	26	3	511	27	0	567
9784	13	3	27	523	0	566
9785	525	1	12	38	0	576
9786	30	507	6	20	0	563
9787	10	26	5	557	0	598
9788	8	14	2	573	0	597
9789	6	8	3	551	0	568
9790	5	3	3	557	0	568
9791	7	3	495	52	0	557
9792	490	2	24	26	0	542
9793	567	0	12	18	0	597
9794	40	4	527	11	0	582
9795	538	6	29	5	0	578
9796	580	2	15	9	0	606
9797	38	4	541	10	0	593
9798	21	534	27	9	0	591
9799	13	20	10	553	0	596
9800	7	15	569	32	0	623
9801	9	575	24	21	0	629
9802	4	25	509	8	0	546
9803	3	468	19	5	0	495
9804	3	20	9	475	0	507
9805	6	7	455	19	0	487
9806	5	1	19	446	0	471
9807	5	1	452	20	0	478
9808	3	403	23	14	0	443
9809	319	4	2	1	0	326
9810	4	309	0	0	0	313
9811	2	345	2	0	0	349
9812	0	5	1	365	0	371
9813	0	2	0	365	0	367
9814	0	0	0	363	0	363
9815	0	1	0	363	0	364
9816	0	0	1	371	0	372
9817	1	0	428	6	0	435
9818	1	0	4	415	0	420
9819	0	0	3	445	0	448
9820	451	0	0	7	0	458
9821	449	0	0	2	0	451
9822	449	0	1	0	0	450
9823	7	0	0	441	0	448
9824	486	0	0	6	0	492
9825	521	0	1	3	0	525
9826	547	1	0	1	0	549
9827	10	0	579	0	0	589
9828	578	0	7	0	0	585
9829	585	0	4	1	0	590
9830	597	0	1	0	0	598
9831	11	0	0	575	0	586
9832	3	1	631	7	0	642
9833	2	1	7	617	0	627
9834	682	0	6	8	0	696
9835	9	1	2	704	0	716
9836	4	732	0	8	0	744
9837	1	6	1	772	0	780
9838	741	4	0	12	0	757
9839	752	2	0	6	0	760
9840	741	1	0	3	0	745
9841	12	2	812	2	0	828
9842	5	1	8	774	0	788
9843	2	0	4	867	0	873
9844	3	0	853	16	0	872
9845	3	807	9	7	0	826
9846	4	7	899	2	0	912
9847	3	5	7	887	0	902
9848	903	1	4	11	0	919
9849	9	3	1000	8	0	1020
9850	4	0	6	1030	0	1040
9851	1	0	1047	11	0	1059
9852	981	1	8	7	0	997
9853	10	0	6	1030	0	1046
9854	7	0	1057	10	0	1074
9855	3	0	9	1085	0	1097
9856	2	1	1101	9	0	1113
9857	4	1077	6	5	0	1092
9858	1	8	6	1131	0	1146
9859	1159	5	2	8	0	1174
9860	8	2	0	1164	0	1174
9861	5	0	4	1169	0	1178
9862	1173	3	2	13	0	1191
9863	7	1127	1	6	0	1141
9864	7	1137	4	0	0	1148
9865	3	11	0	1167	0	1181
9866	2	1150	2	9	0	1163
9867	1	7	2	1173	0	1183
9868	0	5	1	1191	0	1197
9869	1180	2	3	12	0	1197
9870	8	1131	1	11	0	1151
9871	3	10	1050	1	0	1064
9872	1	1044	4	3	0	1052
9873	1115	5	2	1	0	1123
9874	1116	2	0	1	0	1119
9875	6	0	0	1102	0	1108
9876	1135	0	1	3	0	1139
9877	4	1	0	1131	0	1136
9878	1089	0	1	3	0	1093
9879	1114	0	2	3	0	1119
9880	7	0	0	1135	0	1142
9881	1153	0	1	3	0	1157
9882	4	0	1122	5	0	1131
9883	1092	0	3	1	0	1096
9884	4	0	3	1131	0	1138
9885	1163	0	1	6	0	1170
9886	8	1135	1	2	0	1146
9887	6	3	1	1154	0	1164
9888	2	3	3	1147	0	1155
9889	1152	0	2	9	0	1163
9890	8	1	1141	2	0	1152
9891	4	1096	5	4	0	1109
9892	4	4	2	1166	0	1176
9893	1	1096	2	5	0	1104
9894	4	4	0	1150	0	1158
9895	3	1	1	1136	0	1141
9896	1	2	2	1126	0	1131
9897	1133	1	0	7	0	1141
9898	7	3	1	1129	0	1140
9899	1159	1	1	6	0	1167
9900	1124	1	0	6	0	1131
9901	6	1	3	1127	0	1137
9902	1138	0	3	8	0	1149
9903	1070	1	2	10	0	1083
9904	12	0	1087	2	0	1101
9905	6	3	5	1069	0	1083
9906	1135	2	4	8	0	1149
9907	7	1076	3	6	0	1092
9908	1136	3	3	3	0	1145
9909	1124	4	3	1	0	1132
9910	8	1	1072	4	0	1085
9911	7	0	6	1042	0	1055
9912	1108	2	5	9	0	1124
9913	8	0	1	1118	0	1127
9914	5	2	2	1134	0	1143
9915	3	4	4	1147	0	1158
9916	4	2	1	1165	0	1172
9917	1132	1	4	11	0	1148
9918	9	3	1165	7	0	1184
9919	7	1	6	1281	0	1295
9920	4	0	1420	14	0	1438
9921	2	3	1471	10	0	1486
9922	1437	1	29	7	0	1474
9923	23	1	1691	6	0	1721
9924	16	1615	35	7	0	1673
9925	1662	26	18	2	0	1708
9926	1663	12	8	2	0	1685
9927	43	6	2	1570	0	1621
9928	19	4	1622	28	0	1673
9929	11	5	1638	13	0	1667
9930	1618	1	40	7	0	1666
9931	30	1	18	1694	0	1743
9932	1681	1	12	31	0	1725
9933	32	1684	13	13	0	1742
9934	1671	31	5	7	0	1714
9935	1620	15	4	4	0	1643
9936	51	1573	7	6	0	1637
9937	26	32	2	1598	0	1658
9938	1583	16	5	34	0	1638
9939	40	8	1535	16	0	1599
9940	20	1557	34	8	0	1619
9941	11	33	16	1552	0	1612
9942	1531	16	10	37	0	1594
9943	39	1514	6	17	0	1576
9944	1588	34	6	8	0	1636
9945	49	20	1518	6	0	1593
9946	1515	9	36	9	0	1569
9947	45	11	1532	6	0	1594
9948	1521	7	44	4	0	1576
9949	1438	4	18	4	0	1464
9950	57	8	1379	7	0	1451
9951	32	1406	40	10	0	1488
9952	17	40	21	1486	0	1564
9953	18	15	1453	42	0	1528
9954	16	1467	43	23	0	1549
9955	11	42	28	1453	0	1534
9956	13	20	18	1491	0	1542
9957	16	10	1465	53	0	1544
9958	15	10	46	1435	0	1506
9959	13	14	21	1488	0	1536
9960	18	4	1422	62	0	1506
9961	13	8	48	1383	0	1452
9962	12	1412	23	56	0	1503
9963	1432	36	22	25	0	1515
9964	44	17	22	1419	0	1502
9965	25	1460	18	47	0	1550
9966	11	45	22	1346	0	1424
9967	27	1470	17	34	0	1548
9968	25	50	1404	23	0	1502
9969	15	1475	46	23	0	1559
9970	1490	50	25	15	0	1580
9971	1495	30	23	14	0	1562
9972	1513	19	15	18	0	1565
9973	74	9	1526	21	0	1630
9974	35	15	1516	16	0	1582
9975	23	1581	71	20	0	1695
9976	23	55	32	1480	0	1590
9977	30	1612	20	53	0	1715
9978	17	82	15	1413	0	1527
9979	26	1594	8	59	0	1687
9980	1578	68	16	22	0	1684
9981	1655	40	7	16	0	1718
9982	81	21	14	1659	0	1775
9983	48	16	1628	69	0	1761
9984	1612	15	65	30	0	1722
9985	76	1640	31	23	0	1770
9986	47	71	19	1630	0	1767
9987	28	31	19	1587	0	1665
9988	21	1636	20	83	0	1760
9989	1673	76	15	35	0	1799
9990	77	34	1605	22	0	1738
9991	44	29	64	1623	0	1760
9992	1632	16	36	69	0	1753
9993	1657	21	26	32	0	1736
9994	100	1658	13	30	0	1801
9995	56	63	28	1617	0	1764
9996	37	1667	16	75	0	1795
9997	1700	83	15	32	0	1830
9998	81	39	1658	28	0	1806
9999	47	33	1646	26	0	1752
10000	24	29	81	1653	0	1787
10001	19	16	39	1643	0	1717
10002	19	1656	34	88	0	1797
10003	28	67	20	1696	0	1811
10004	25	37	1629	87	0	1778
10005	1611	22	78	48	0	1759
10006	74	17	32	1691	0	1814
10007	42	26	1601	81	0	1750
10008	31	24	81	1651	0	1787
10009	25	21	34	1637	0	1717
10010	15	1658	26	96	0	1795
10011	21	68	22	1634	0	1745
10012	17	40	15	1691	0	1763
10013	13	35	18	1683	0	1749
10014	1545	24	17	107	0	1693
10015	73	1567	21	54	0	1715
10016	41	1586	18	70	0	1715
10017	1563	82	12	35	0	1692
10018	1491	30	22	28	0	1571
10019	76	1376	15	20	0	1487
10020	31	1236	6	29	0	1302
10021	1109	57	11	10	0	1187
10022	50	1179	6	18	0	1253
10023	13	976	10	52	0	1051
10024	980	42	12	10	0	1044
10025	35	1040	3	19	0	1097
10026	1044	46	3	18	0	1111
10027	1052	23	1	13	0	1089
10028	969	16	3	14	0	1002
10029	47	961	9	7	0	1024
10030	28	994	4	3	0	1029
10031	19	42	1	950	0	1012
10032	19	954	9	33	0	1015
10033	13	39	2	943	0	997
10034	937	19	4	43	0	1003
10035	35	25	1	924	0	985
10036	15	909	3	40	0	967
10037	901	37	6	24	0	968
10038	35	893	6	27	0	961
10039	32	936	4	10	0	982
10040	21	45	3	891	0	960
10041	9	881	5	32	0	927
10042	887	37	4	17	0	945
10043	41	23	867	9	0	940
10044	14	837	25	8	0	884
10045	10	36	13	869	0	928
10046	14	15	820	38	0	887
10047	10	20	24	796	0	850
10048	15	14	11	835	0	875
10049	14	12	9	841	0	876
10050	6	52	6	787	0	851
10051	18	13	767	41	0	839
10052	19	679	23	24	0	745
10053	719	36	11	17	0	783
10054	27	22	673	14	0	736
10055	675	19	27	16	0	737
10056	36	13	677	22	0	748
10057	13	20	34	653	0	720
10058	11	12	642	39	0	704
10059	18	8	662	20	0	708
10060	10	10	33	657	0	710
10061	12	17	13	645	0	687
10062	12	6	18	689	0	725
10063	6	16	8	692	0	722
10064	661	13	6	51	0	731
10065	30	10	610	27	0	677
10066	605	17	29	19	0	670
10067	642	9	9	22	0	682
10068	633	5	18	16	0	672
10069	620	15	5	16	0	656
10070	639	10	7	18	0	674
10071	38	12	14	610	0	674
10072	28	5	591	37	0	661
10073	22	5	507	18	0	552
10074	12	534	16	21	0	583
10075	480	15	6	15	0	516
10076	18	7	11	492	0	528
10077	9	14	5	488	0	516
10078	14	489	5	17	0	525
10079	13	489	11	4	0	517
10080	13	509	6	6	0	534
10081	413	51	6	4	0	474
10082	21	4	1	397	0	423
10083	9	388	6	3	0	406
10084	0	1	0	378	0	379
10085	1	3	447	1	0	452
10086	1	2	423	2	0	428
10087	0	1	0	479	0	480
10088	493	1	0	2	0	496
10089	514	2	1	1	0	518
10090	525	1	1	0	0	527
10091	6	0	519	2	0	527
10092	4	1	3	500	0	508
10093	3	0	2	524	0	529
10094	2	1	469	5	0	477
10095	429	1	4	3	0	437
10096	3	0	474	2	0	479
10097	2	0	458	2	0	462
10098	0	1	456	2	0	459
10099	2	0	5	465	0	472
10100	1	0	3	490	0	494
10101	1	0	494	8	0	503
10102	1	1	5	511	0	518
10103	525	1	3	5	0	534
10104	5	1	0	529	0	535
10105	2	0	548	5	0	555
10106	1	0	542	3	0	546
10107	1	1	8	545	0	555
10108	642	0	3	7	0	652
10109	7	645	2	4	0	658
10110	729	7	4	0	0	740
10111	723	5	1	3	0	732
10112	26	1	737	3	0	767
10113	10	1	15	728	0	754
10114	759	3	10	17	0	789
10115	748	1	2	9	0	760
10116	23	748	2	3	0	776
10117	8	15	4	783	0	810
10118	1	8	1	822	0	832
10119	7	1	784	26	0	818
10120	4	1	15	785	0	805
10121	0	4	766	17	0	787
10122	2	1	702	15	0	720
10123	3	0	22	711	0	736
10124	711	1	13	17	0	742
10125	16	659	3	13	0	691
10126	672	13	5	2	0	692
10127	662	9	3	3	0	677
10128	23	646	1	6	0	676
10129	11	14	1	621	0	647
10130	641	11	0	17	0	669
10131	17	646	2	8	0	673
10132	692	15	2	4	0	713
10133	16	691	2	3	0	712
10134	9	16	3	670	0	698
10135	6	9	0	712	0	727
10136	686	5	1	25	0	717
10137	677	3	3	12	0	695
10138	23	694	0	11	0	728
10139	14	15	714	4	0	747
10140	4	11	691	4	0	710
10141	5	4	20	633	0	662
10142	3	688	12	17	0	720
10143	1	15	5	693	0	714
10144	1	11	7	692	0	711
10145	2	3	2	714	0	721
10146	4	4	685	26	0	719
10147	5	7	640	15	0	667
10148	4	670	25	7	0	706
10149	5	16	10	673	0	704
10150	2	13	5	701	0	721
10151	3	4	671	27	0	705
10152	609	3	19	13	0	644
10153	21	7	11	691	0	730
10154	10	4	672	21	0	707
10155	637	1	18	18	0	674
10156	21	665	12	7	0	705
10157	17	17	671	3	0	708
10158	6	16	17	684	0	723
10159	691	2	14	19	0	726
10160	17	5	698	15	0	735
10161	11	4	20	704	0	739
10162	5	2	12	689	0	708
10163	3	6	6	737	0	752
10164	821	0	6	30	0	857
10165	20	808	6	21	0	855
10166	10	19	7	825	0	861
10167	6	13	845	26	0	890
10168	8	9	20	801	0	838
10169	8	817	12	22	0	859
10170	5	885	2	17	0	909
10171	866	29	6	6	0	907
10172	879	11	8	6	0	904
10173	32	8	839	10	0	889
10174	834	7	20	5	0	866
10175	30	852	10	5	0	897
10176	835	24	5	6	0	870
10177	28	15	4	831	0	878
10178	13	5	821	25	0	864
10179	12	3	22	820	0	857
10180	8	11	815	25	0	859
10181	809	4	28	16	0	857
10182	22	5	20	797	0	844
10183	10	854	8	29	0	901
10184	8	25	6	916	0	955
10185	6	15	829	29	0	879
10186	7	831	25	21	0	884
10187	770	25	13	14	0	822
10188	22	790	11	11	0	834
10189	9	774	8	11	0	802
10190	5	31	6	732	0	774
10191	6	759	4	27	0	796
10192	6	26	9	833	0	874
10193	8	14	813	26	0	861
10194	758	8	23	18	0	807
10195	826	6	12	11	0	855
10196	40	7	812	3	0	862
10197	789	9	21	5	0	824
10198	27	814	14	5	0	860
10199	820	23	6	8	0	857
10200	29	12	5	801	0	847
10201	15	12	838	25	0	890
10202	11	819	23	14	0	867
10203	4	24	14	829	0	871
10204	9	12	5	869	0	895
10205	808	3	6	36	0	853
10206	800	5	6	12	0	823
10207	28	795	3	12	0	838
10208	11	700	1	4	0	716
10209	5	715	3	6	0	729
10210	1	9	4	659	0	673
10211	655	4	2	10	0	671
10212	610	4	0	2	0	616
10213	11	1	0	614	0	626
10214	5	0	0	618	0	623
10215	567	0	2	10	0	579
10216	9	1	1	566	0	577
10217	1	1	594	9	0	605
10218	583	2	8	2	0	595
10219	602	1	1	4	0	608
10220	11	2	585	1	0	599
10221	587	0	7	2	0	596
10222	9	1	3	607	0	620
10223	1	3	1	597	0	602
10224	4	1	0	619	0	624
10225	604	2	0	13	0	619
10226	8	614	0	3	0	625
10227	3	8	1	620	0	632
10228	3	611	0	8	0	622
10229	618	9	1	3	0	631
10230	10	1	3	614	0	628
10231	4	1	1	620	0	626
10232	3	542	1	26	0	572
10233	1	8	567	4	0	580
10234	2	2	7	576	0	587
10235	574	5	1	8	0	588
10236	710	1	1	2	0	714
10237	16	2	717	5	0	740
10238	3	1	16	704	0	724
10239	1	728	2	15	0	746
10240	2	17	1	759	0	779
10241	744	3	0	21	0	768
10242	748	2	2	2	0	754
10243	22	1	1	710	0	734
10244	5	702	0	17	0	724
10245	790	18	0	2	0	810
10246	20	3	1	794	0	818
10247	810	1	3	20	0	834
10248	867	2	1	2	0	872
10249	23	1	0	863	0	887
10250	4	1	1	865	0	871
10251	5	1	0	939	0	945
10252	4	897	2	25	0	928
10253	0	23	0	936	0	959
10254	2	5	2	944	0	953
10255	4	2	918	25	0	949
10256	4	3	901	6	0	914
10257	3	2	22	936	0	963
10258	933	0	3	22	0	958
10259	19	913	1	8	0	941
10260	914	22	0	6	0	942
10261	27	3	906	5	0	941
10262	6	2	902	4	0	914
10263	3	900	23	3	0	929
10264	1	19	2	854	0	876
10265	1	5	875	16	0	897
10266	1	0	897	4	0	902
10267	2	1	18	861	0	882
10268	870	0	3	18	0	891
10269	871	2	1	3	0	877
10270	20	1	0	859	0	880
10271	4	1	922	18	0	945
10272	1	2	17	921	0	941
10273	2	3	1	911	0	917
10274	1	918	2	18	0	939
10275	929	17	2	3	0	951
10276	932	2	2	2	0	938
10277	20	933	1	4	0	958
10278	4	18	1	926	0	949
10279	2	939	3	13	0	957
10280	967	18	1	5	0	991
10281	22	4	925	1	0	952
10282	5	1	894	2	0	902
10283	1	1	872	2	0	876
10284	1	0	13	834	0	848
10285	0	0	1	859	0	860
10286	896	2	1	14	0	913
10287	14	2	0	868	0	884
10288	2	1	0	886	0	889
10289	4	0	939	14	0	957
10290	2	2	918	2	0	924
10291	901	0	15	4	0	920
10292	13	865	4	3	0	885
10293	909	13	0	5	0	927
10294	15	3	2	911	0	931
10295	3	1	4	912	0	920
10296	1	905	3	17	0	926
10297	2	17	2	925	0	946
10298	917	4	1	16	0	938
10299	15	0	1	923	0	939
10300	7	2	895	14	0	918
10301	3	824	15	4	0	846
10302	870	12	3	2	0	887
10303	873	2	5	2	0	882
10304	860	0	3	7	0	870
10305	873	4	2	1	0	880
10306	16	0	0	862	0	878
10307	5	0	2	896	0	903
10308	1	2	877	15	0	895
10309	1	1	11	875	0	888
10310	3	2	882	15	0	902
10311	4	2	14	886	0	906
10312	879	1	1	20	0	901
10313	14	909	4	2	0	929
10314	5	13	2	939	0	959
10315	2	1	2	957	0	962
10316	944	4	0	16	0	964
10317	861	2	1	4	0	868
10318	18	3	840	1	0	862
10319	4	837	14	3	0	858
10320	1	13	3	862	0	879
10321	2	4	5	879	0	890
10322	873	2	2	17	0	894
10323	867	0	6	5	0	878
10324	16	0	871	2	0	889
10325	4	1	866	2	0	873
10326	4	2	13	849	0	868
10327	2	1	2	881	0	886
10328	5	0	859	18	0	882
10329	815	1	14	5	0	835
10330	16	2	2	871	0	891
10331	855	1	3	18	0	877
10332	16	860	3	2	0	881
10333	890	14	0	3	0	907
10334	16	4	928	2	0	950
10335	6	902	15	0	0	923
10336	0	822	2	4	0	828
10337	775	9	33	1	0	818
10338	775	1	1	1	0	778
10339	5	1	1	761	0	768
10340	2	752	1	6	0	761
10341	1	773	1	2	0	777
10342	2	6	1	775	0	784
10343	857	2	1	6	0	866
10344	850	0	1	1	0	852
10345	7	3	786	1	0	797
10346	773	0	3	1	0	777
10347	7	793	2	0	0	802
10348	848	6	0	3	0	857
10349	8	1005	1	1	0	1015
10350	6	1133	3	2	0	1144
10351	3	27	0	1245	0	1275
10352	1405	19	0	28	0	1452
10353	1455	10	1	17	0	1483
10354	51	4	1400	13	0	1468
10355	31	2	33	1400	0	1466
10356	1420	2	16	41	0	1479
10357	44	0	13	1432	0	1489
10358	1444	1	5	50	0	1500
10359	1467	0	6	20	0	1493
10360	59	2	1435	21	0	1517
10361	38	0	37	1411	0	1486
10362	25	1	18	1464	0	1508
10363	12	1	14	1466	0	1493
10364	15	3	1372	69	0	1459
10365	10	0	38	1383	0	1431
10366	7	1	20	1407	0	1435
10367	5	1388	16	65	0	1474
10368	3	37	1347	45	0	1432
10369	3	1393	41	62	0	1499
10370	1437	47	18	14	0	1516
10371	38	18	17	1353	0	1426
10372	21	19	7	1339	0	1386
10373	17	1344	9	72	0	1442
10374	1349	42	8	38	0	1437
10375	1398	23	3	21	0	1445
10376	61	1364	5	12	0	1442
10377	34	1412	4	15	0	1465
10378	1434	57	1	13	0	1505
10379	54	33	1377	8	0	1472
10380	31	18	1371	7	0	1427
10381	1355	8	53	6	0	1422
10382	46	1386	29	9	0	1470
10383	1430	40	17	4	0	1491
10384	56	23	1392	8	0	1479
10385	1383	18	49	9	0	1459
10386	61	1368	23	6	0	1458
10387	31	43	20	1402	0	1496
10388	23	25	12	1437	0	1497
10389	20	20	9	1356	0	1405
10390	18	10	10	1375	0	1413
10391	17	9	7	1346	0	1379
10392	17	1321	6	78	0	1422
10393	1353	42	5	48	0	1448
10394	47	22	1308	36	0	1413
10395	27	17	40	1329	0	1413
10396	25	8	1315	62	0	1410
10397	12	12	47	1317	0	1388
10398	16	8	25	1364	0	1413
10399	1327	6	23	66	0	1422
10400	41	8	1294	48	0	1391
10401	25	1273	46	36	0	1380
10402	20	40	29	1285	0	1374
10403	7	23	24	1364	0	1418
10404	12	19	1290	68	0	1389
10405	14	10	44	1306	0	1374
10406	7	12	24	1360	0	1403
10407	1255	13	21	68	0	1357
10408	44	1258	10	52	0	1364
10409	1288	45	7	33	0	1373
10410	1362	27	7	26	0	1422
10411	56	20	4	1349	0	1429
10412	46	15	1294	53	0	1408
10413	33	13	1325	30	0	1401
10414	20	13	55	1328	0	1416
10415	28	10	34	1271	0	1343
10416	20	1322	21	58	0	1421
10417	1329	39	22	42	0	1432
10418	50	1328	21	26	0	1425
10419	31	1405	16	21	0	1473
10420	1410	62	14	22	0	1508
10421	53	41	10	1361	0	1465
10422	33	1418	5	56	0	1512
10423	31	50	9	1436	0	1526
10424	13	31	1374	67	0	1485
10425	12	30	1370	42	0	1454
10426	16	14	48	1389	0	1467
10427	10	13	1382	61	0	1466
10428	9	13	57	1390	0	1469
10429	6	12	33	1409	0	1460
10430	11	10	29	1443	0	1493
10431	1354	6	23	88	0	1471
10432	41	1296	20	57	0	1414
10433	27	1362	21	38	0	1448
10434	1299	54	8	32	0	1393
10435	1318	38	8	26	0	1390
10436	59	29	8	1294	0	1390
10437	42	20	1319	54	0	1435
10438	31	23	35	1346	0	1435
10439	18	16	1355	61	0	1450
10440	17	1336	48	59	0	1460
10441	20	46	24	1424	0	1514
10442	1406	27	25	56	0	1514
10443	49	20	16	1350	0	1435
10444	29	12	1286	64	0	1391
10445	1275	13	43	34	0	1365
10446	54	14	1313	32	0	1413
10447	33	10	1325	22	0	1390
10448	27	1185	52	20	0	1284
10449	10	1015	26	16	0	1067
10450	14	942	16	14	0	986
10451	733	45	23	11	0	812
10452	618	1	2	0	0	621
10453	1	0	0	626	0	627
10454	0	0	0	611	0	611
10455	0	0	0	624	0	624
10456	0	608	0	1	0	609
10457	636	0	0	0	0	636
10458	1	600	1	0	0	602
10459	0	1	0	633	0	634
10460	684	0	0	1	0	685
10461	1	0	0	660	0	661
10462	0	1	0	661	0	662
10463	731	0	0	1	0	732
10464	701	1	0	0	0	702
10465	1	0	727	0	0	728
10466	1	0	621	0	0	622
10467	0	0	640	0	0	640
10468	0	0	2	612	0	614
10469	0	1	0	639	0	640
10470	0	631	0	1	0	632
10471	655	1	0	0	0	656
10472	2	0	0	648	0	650
10473	1	0	0	689	0	690
10474	0	663	0	2	0	665
10475	0	708	0	1	0	709
10476	0	1	0	716	0	717
10477	0	0	0	742	0	742
10478	750	0	0	4	0	754
10479	728	1	0	5	0	734
10480	4	0	0	736	0	740
10481	5	1	716	3	0	725
10482	3	1	690	4	0	698
10483	1	0	4	714	0	719
10484	2	0	3	700	0	705
10485	1	655	3	54	0	713
10486	724	1	2	5	0	732
10487	2	0	1	723	0	726
10488	3	0	706	5	0	714
10489	2	0	2	737	0	741
10490	0	0	747	5	0	752
10491	3	0	711	3	0	717
10492	2	0	4	746	0	752
10493	756	0	4	4	0	764
10494	2	0	817	5	0	824
10495	2	1	4	812	0	819
10496	2	4	945	2	0	953
10497	0	0	3	940	0	943
10498	1	0	2	941	0	944
10499	1	1	943	4	0	949
10500	2	0	919	5	0	926
10501	0	1	5	872	0	878
10502	0	0	5	966	0	971
10503	0	0	3	988	0	991
10504	0	0	2	972	0	974
10505	992	0	2	7	0	1001
10506	968	1	0	8	0	977
10507	6	950	0	3	0	959
10508	999	2	1	1	0	1003
10509	4	3	1	977	0	985
10510	960	2	0	3	0	965
10511	6	0	926	2	0	934
10512	904	1	3	4	0	912
10513	5	0	3	874	0	882
10514	2	0	2	924	0	928
10515	941	0	2	6	0	949
10516	3	0	1	1181	0	1185
10517	4	1	1356	23	0	1384
10518	1321	0	17	11	0	1349
10519	19	1306	6	7	0	1338
10520	8	18	6	1429	0	1461
10521	7	9	1530	26	0	1572
10522	3	3	27	1605	0	1638
10523	2	3	1591	36	0	1632
10524	4	4	28	1589	0	1625
10525	0	1572	10	37	0	1619
10526	2	28	8	1610	0	1648
10527	1	1649	3	35	0	1688
10528	0	32	5	1642	0	1679
10529	3	9	3	1808	0	1823
10530	0	10	1	1831	0	1842
10531	4	3	4	1856	0	1867
10532	4	3	2	1884	0	1893
10533	3	5	1753	72	0	1833
10534	3	2	40	1824	0	1869
10535	3	2	15	1848	0	1868
10536	1770	4	9	70	0	1853
10537	36	1726	9	38	0	1809
10538	1754	42	9	21	0	1826
10539	49	20	3	1726	0	1798
10540	17	15	1605	56	0	1693
10541	13	1676	43	26	0	1758
10542	1662	47	11	22	0	1742
10543	46	1650	13	15	0	1724
10544	17	1710	7	19	0	1753
10545	1660	59	4	15	0	1738
10546	44	28	6	1764	0	1842
10547	1783	13	7	54	0	1857
10548	55	11	1	1792	0	1859
10549	19	6	1776	61	0	1862
10550	18	7	1736	28	0	1789
10551	1714	6	61	25	0	1806
10552	1827	5	24	20	0	1876
10553	68	5	15	1734	0	1822
10554	29	8	13	1781	0	1831
10555	1741	6	10	73	0	1830
10556	57	1660	8	43	0	1768
10557	27	1746	3	21	0	1797
10558	1731	62	7	17	0	1817
10559	1743	26	6	22	0	1797
10560	65	1615	11	14	0	1705
10561	35	57	5	1644	0	1741
10562	19	27	1603	62	0	1711
10563	16	17	1582	25	0	1640
10564	1549	15	62	23	0	1649
10565	55	10	1557	15	0	1637
10566	26	6	55	1543	0	1630
10567	16	10	29	1548	0	1603
10568	14	1556	14	80	0	1664
10569	1589	52	11	39	0	1691
10570	53	26	16	1583	0	1678
10571	27	24	1519	64	0	1634
10572	24	1518	50	37	0	1629
10573	14	57	21	1537	0	1629
10574	16	27	1501	65	0	1609
10575	18	16	1460	37	0	1531
10576	8	1417	69	25	0	1519
10577	1389	62	33	15	0	1499
10578	55	1422	14	16	0	1507
10579	1443	55	17	14	0	1529
10580	58	27	1367	17	0	1469
10581	1368	18	43	17	0	1446
10582	60	1379	26	15	0	1480
10583	28	54	16	1387	0	1485
10584	19	24	12	1468	0	1523
10585	1463	15	19	65	0	1562
10586	56	15	1406	35	0	1512
10587	1467	16	48	25	0	1556
10588	1515	14	23	24	0	1576
10589	77	14	1418	18	0	1527
10590	33	8	1450	25	0	1516
10591	22	9	74	1460	0	1565
10592	1468	13	28	56	0	1565
10593	1481	13	11	36	0	1541
10594	78	1358	20	17	0	1473
10595	35	91	18	1339	0	1483
10596	21	27	10	1312	0	1370
10597	20	13	11	1323	0	1367
10598	22	12	8	1348	0	1390
10599	1269	18	9	80	0	1376
10600	62	6	12	1365	0	1445
10601	39	8	1294	72	0	1413
10602	22	16	1260	37	0	1335
10603	1248	11	64	31	0	1354
10604	65	1237	26	24	0	1352
10605	33	1302	19	17	0	1371
10606	23	60	23	1295	0	1401
10607	19	25	20	1330	0	1394
10608	20	17	10	1341	0	1388
10609	17	15	13	1380	0	1425
10610	11	18	1261	84	0	1374
10611	15	12	47	1314	0	1388
10612	13	11	24	1364	0	1412
10613	19	14	1247	79	0	1359
10614	1192	9	56	41	0	1298
10615	55	1235	29	32	0	1351
10616	931	31	18	19	0	999
10617	35	14	715	14	0	778
10618	16	9	706	12	0	743
10619	13	694	45	4	0	756
10620	554	27	101	8	0	690
10621	491	13	2	2	0	508
10622	491	3	4	5	0	503
10623	31	471	4	7	0	513
10624	486	23	5	2	0	516
10625	26	11	459	6	0	502
10626	17	445	23	2	0	487
10627	399	19	11	3	0	432
10628	22	407	3	1	0	433
10629	317	9	2	3	0	331
10630	319	7	1	1	0	328
10631	16	0	303	2	0	321
10632	4	305	11	2	0	322
10633	312	10	3	2	0	327
10634	10	7	298	4	0	319
10635	8	314	10	1	0	333
10636	4	9	3	336	0	352
10637	6	3	317	7	0	333
10638	2	6	310	3	0	321
10639	2	4	8	313	0	327
10640	311	1	5	11	0	328
10641	8	311	1	5	0	325
10642	5	7	314	6	0	332
10643	2	5	311	4	0	322
10644	291	1	13	1	0	306
10645	8	298	5	6	0	317
10646	209	3	0	0	0	212
10647	2	204	1	0	0	207
10648	210	2	0	1	0	213
10649	163	2	0	1	0	166
10650	4	155	1	1	0	161
10651	1	2	1	168	0	172
10652	208	1	2	3	0	214
10653	6	1	0	208	0	215
10654	3	0	0	284	0	287
10655	325	1	1	10	0	337
10656	12	319	1	2	0	334
10657	334	13	1	0	0	348
10658	16	0	322	3	0	341
10659	2	0	14	327	0	343
10660	1	1	2	351	0	355
10661	339	2	0	14	0	355
10662	345	1	1	1	0	348
10663	13	0	0	337	0	350
10664	4	2	362	13	0	381
10665	2	2	13	359	0	376
10666	2	2	2	371	0	377
10667	2	0	1	385	0	388
10668	1	1	3	387	0	392
10669	366	1	1	15	0	383
10670	19	1	357	5	0	382
10671	4	351	14	1	0	370
10672	1	12	3	371	0	387
10673	0	1	1	385	0	387
10674	2	0	365	13	0	380
10675	4	2	374	4	0	384
10676	1	1	15	370	0	387
10677	3	1	4	374	0	382
10678	2	0	368	18	0	388
10679	1	3	13	375	0	392
10680	366	2	4	13	0	385
10681	15	410	2	4	0	431
10682	8	13	402	3	0	426
10683	3	398	13	4	0	418
10684	1	14	4	411	0	430
10685	4	1	372	15	0	392
10686	4	375	14	7	0	400
10687	1	9	2	346	0	358
10688	3	0	348	13	0	364
10689	1	1	11	346	0	359
10690	3	1	1	358	0	363
10691	355	2	1	18	0	376
10692	13	2	2	355	0	372
10693	358	1	2	15	0	376
10694	361	2	3	2	0	368
10695	358	1	2	5	0	366
10696	13	3	1	342	0	359
10697	1	0	341	15	0	357
10698	1	0	342	3	0	346
10699	337	2	13	3	0	355
10700	12	1	320	7	0	340
10701	319	0	17	4	0	340
10702	16	322	2	6	0	346
10703	335	13	2	4	0	354
10704	18	1	332	4	0	355
10705	3	2	345	2	0	352
10706	1	2	18	327	0	348
10707	2	2	330	17	0	351
10708	4	1	332	3	0	340
10709	3	2	12	322	0	339
10710	1	2	4	343	0	350
10711	1	2	4	369	0	376
10712	3	355	2	19	0	379
10713	2	18	2	335	0	357
10714	4	357	2	15	0	378
10715	360	17	2	7	0	386
10716	375	0	3	3	0	381
10717	15	1	4	355	0	375
10718	6	393	2	18	0	419
10719	4	23	393	5	0	425
10720	403	1	22	5	0	431
10721	21	1	6	399	0	427
10722	3	4	3	417	0	427
10723	4	0	3	436	0	443
10724	403	1	4	24	0	432
10725	22	399	4	4	0	429
10726	3	427	4	4	0	438
10727	397	22	7	1	0	427
10728	22	450	5	3	0	480
10729	449	21	4	7	0	481
10730	463	2	3	6	0	474
10731	23	446	4	6	0	479
10732	2	22	9	435	0	468
10733	2	446	6	23	0	477
10734	1	22	3	450	0	476
10735	4	2	5	455	0	466
10736	456	3	4	31	0	494
10737	475	2	2	8	0	487
10738	26	8	2	503	0	539
10739	6	6	566	28	0	606
10740	568	6	20	4	0	598
10741	25	575	2	6	0	608
10742	6	25	2	586	0	619
10743	10	2	4	600	0	616
10744	9	4	4	604	0	621
10745	581	4	6	32	0	623
10746	588	7	2	9	0	606
10747	24	566	5	10	0	605
10748	8	594	0	9	0	611
10749	7	28	1	585	0	621
10750	7	2	1	612	0	622
10751	5	7	569	31	0	612
10752	5	38	20	500	0	563
10753	7	9	536	18	0	570
10754	3	5	466	6	0	480
10755	5	406	14	3	0	428
10756	4	13	2	423	0	442
10757	461	2	3	14	0	480
10758	16	1	1	450	0	468
10759	1	7	440	15	0	463
10760	422	2	12	5	0	441
10761	444	4	2	3	0	453
10762	14	2	432	9	0	457
10763	4	2	15	437	0	458
10764	421	0	3	15	0	439
10765	16	400	3	5	0	424
10766	421	11	3	6	0	441
10767	433	4	2	5	0	444
10768	19	5	0	441	0	465
10769	1	6	2	502	0	511
10770	527	3	0	23	0	553
10771	21	2	2	525	0	550
10772	4	4	520	21	0	549
10773	500	4	15	4	0	523
10774	518	5	1	2	0	526
10775	18	513	3	7	0	541
10776	3	539	2	10	0	554
10777	10	18	2	515	0	545
10778	1	524	1	23	0	549
10779	2	16	6	540	0	564
10780	538	1	5	21	0	565
10781	489	4	3	4	0	500
10782	18	522	3	6	0	549
10783	527	18	2	4	0	551
10784	19	526	1	8	0	554
10785	533	21	4	2	0	560
10786	539	2	1	7	0	549
10787	22	3	512	6	0	543
10788	512	3	16	5	0	536
10789	20	516	1	7	0	544
10790	7	501	5	4	0	517
10791	511	16	1	4	0	532
10792	21	6	1	531	0	559
10793	6	6	547	17	0	576
10794	7	4	14	537	0	562
10795	4	2	3	572	0	581
10796	3	6	535	17	0	561
10797	487	3	17	9	0	516
10798	17	537	3	4	0	561
10799	548	14	4	7	0	573
10800	12	2	5	507	0	526
10801	520	3	1	12	0	536
10802	14	504	0	4	0	522
10803	4	13	3	511	0	531
10804	515	1	0	15	0	531
10805	13	2	504	3	0	522
10806	5	2	490	4	0	501
10807	467	2	11	3	0	483
10808	16	482	2	5	0	505
10809	3	515	5	2	0	525
10810	33	12	2	466	0	513
10811	7	462	3	10	0	482
10812	4	12	1	485	0	502
10813	2	2	4	518	0	526
10814	6	1	3	513	0	523
10815	4	501	1	12	0	518
10816	3	14	3	517	0	537
10817	9	2	493	13	0	517
10818	1	446	3	6	0	456
10819	3	6	1	460	0	470
10820	2	467	1	8	0	478
10821	466	7	3	4	0	480
10822	464	1	0	2	0	467
10823	458	2	2	1	0	463
10824	6	454	4	1	0	465
10825	7	7	0	464	0	478
10826	5	4	447	5	0	461
10827	5	5	415	1	0	426
10828	392	2	6	3	0	403
10829	415	3	2	3	0	423
10830	6	1	2	417	0	426
10831	1	44	3	423	0	471
10832	5	3	457	5	0	470
10833	4	424	4	7	0	439
10834	2	446	1	8	0	457
10835	2	8	446	3	0	459
10836	1	3	2	409	0	415
10837	1	2	1	361	0	365
10838	2	2	2	395	0	401
10839	4	2	1	320	0	327
10840	333	1	0	7	0	341
10841	5	1	326	3	0	335
10842	325	1	5	2	0	333
10843	5	3	1	327	0	336
10844	320	3	1	5	0	329
10845	7	2	2	330	0	341
10846	1	1	328	6	0	336
10847	4	0	5	321	0	330
10848	1	2	338	8	0	349
10849	1	2	3	343	0	349
10850	3	3	369	5	0	380
10851	0	353	5	3	0	361
10852	3	6	1	368	0	378
10853	2	1	1	361	0	365
10854	1	359	1	8	0	369
10855	371	4	1	4	0	380
10856	4	2	1	371	0	378
10857	0	5	0	345	0	350
10858	346	0	2	4	0	352
10859	331	1	2	5	0	339
10860	394	1	2	2	0	399
10861	401	4	0	3	0	408
10862	9	2	386	4	0	401
10863	381	1	7	2	0	391
10864	400	1	5	0	0	406
10865	9	3	2	393	0	407
10866	5	0	1	398	0	404
10867	396	1	1	12	0	410
10868	7	362	3	4	0	376
10869	3	4	1	326	0	334
10870	2	1	358	3	0	364
10871	2	418	3	0	0	423
10872	428	2	3	0	0	433
10873	430	1	0	0	0	431
10874	425	0	0	0	0	425
10875	427	0	2	1	0	430
10876	4	0	0	417	0	421
10877	1	1	417	2	0	421
10878	2	1	446	2	0	451
10879	0	0	5	530	0	535
10880	538	0	4	4	0	546
10881	4	2	0	532	0	538
10882	3	1	515	5	0	524
10883	512	0	7	2	0	521
10884	520	1	2	0	0	523
10885	9	0	0	509	0	518
10886	3	0	513	7	0	523
10887	1	0	508	2	0	511
10888	487	0	8	1	0	496
10889	7	494	2	1	0	504
10890	4	6	580	1	0	591
10891	1	2	8	569	0	580
10892	571	0	3	7	0	581
10893	9	511	1	2	0	523
10894	4	534	0	2	0	540
10895	554	9	2	2	0	567
10896	8	2	3	552	0	565
10897	553	0	1	8	0	562
10898	10	1	0	614	0	625
10899	3	1	2	625	0	631
10900	1	0	608	12	0	621
10901	4	0	568	3	0	575
10902	2	2	648	1	0	653
10903	2	3	11	643	0	659
10904	658	1	3	10	0	672
10905	12	0	642	6	0	660
10906	4	0	10	634	0	648
10907	2	2	648	12	0	664
10908	2	625	10	4	0	641
10909	2	9	5	655	0	671
10910	2	2	3	659	0	666
10911	2	1	3	662	0	668
10912	659	1	2	15	0	677
10913	11	0	3	628	0	642
10914	6	0	2	641	0	649
10915	632	1	5	13	0	651
10916	11	0	620	6	0	637
10917	604	1	12	3	0	620
10918	626	1	3	2	0	632
10919	12	1	608	4	0	625
10920	574	2	11	3	0	590
10921	13	2	5	624	0	644
10922	4	1	639	13	0	657
10923	622	0	10	5	0	637
10924	654	1	2	4	0	661
10925	13	1	2	642	0	658
10926	5	0	2	649	0	656
10927	2	0	2	656	0	660
10928	650	0	2	13	0	665
10929	12	624	4	5	0	645
10930	643	8	2	4	0	657
10931	11	574	4	3	0	592
10932	7	575	2	5	0	589
10933	4	13	2	642	0	661
10934	4	5	0	658	0	667
10935	2	1	3	648	0	654
10936	1	1	4	655	0	661
10937	5	0	636	16	0	657
10938	611	3	9	5	0	628
10939	11	1	3	651	0	666
10940	2	1	644	15	0	662
10941	2	3	11	641	0	657
10942	3	2	3	658	0	666
10943	5	1	666	16	0	688
10944	5	1	11	665	0	682
10945	1	2	3	677	0	683
10946	662	1	1	17	0	681
10947	10	0	674	7	0	691
10948	625	2	10	7	0	644
10949	10	705	3	6	0	724
10950	699	17	3	3	0	722
10951	691	5	3	3	0	702
10952	25	0	1	686	0	712
10953	7	1	680	20	0	708
10954	3	661	18	8	0	690
10955	7	45	4	625	0	681
10956	1	689	6	17	0	713
10957	693	18	2	7	0	720
10958	20	6	686	5	0	717
10959	8	2	684	5	0	699
10960	2	1	17	619	0	639
10961	4	0	626	20	0	650
10962	0	0	15	612	0	627
10963	2	2	6	630	0	640
10964	631	1	0	20	0	652
10965	15	614	2	6	0	637
10966	7	16	1	637	0	661
10967	2	2	2	645	0	651
10968	3	1	2	640	0	646
10969	2	592	2	19	0	615
10970	0	564	2	6	0	572
10971	495	18	1	5	0	519
10972	500	3	2	4	0	509
10973	508	2	3	1	0	514
10974	23	3	478	3	0	507
10975	5	1	16	486	0	508
10976	2	0	486	21	0	509
10977	4	480	13	9	0	506
10978	449	13	4	1	0	467
10979	14	4	443	3	0	464
10980	3	1	13	439	0	456
10981	2	1	443	14	0	460
10982	437	3	12	3	0	455
10983	455	1	3	1	0	460
10984	458	2	0	4	0	464
10985	452	0	2	4	0	458
10986	16	2	445	1	0	464
10987	443	2	10	3	0	458
10988	454	1	4	1	0	460
10989	15	444	2	0	0	461
10990	385	11	2	2	0	400
10991	392	3	5	0	0	400
10992	14	0	1	369	0	384
10993	2	390	4	11	0	407
10994	455	11	1	3	0	470
10995	616	3	0	2	0	621
10996	27	1	673	3	0	704
10997	4	1	796	2	0	803
10998	0	5	743	2	0	750
10999	2	3	37	727	0	769
11000	731	2	7	34	0	774
11001	31	737	2	9	0	779
11002	705	35	1	1	0	742
11003	36	709	3	0	0	748
11004	700	32	1	1	0	734
11005	36	689	1	2	0	728
11006	9	718	2	1	0	730
11007	679	41	2	2	0	724
11008	29	776	2	1	0	808
11009	10	32	2	801	0	845
11010	4	12	778	33	0	827
11011	3	3	799	9	0	814
11012	4	0	42	767	0	813
11013	1	2	13	816	0	832
11014	3	0	777	43	0	823
11015	3	1	33	779	0	816
11016	3	0	12	824	0	839
11017	787	0	2	43	0	832
11018	35	787	2	13	0	837
11019	11	32	1	708	0	752
11020	4	801	1	27	0	833
11021	769	33	0	10	0	812
11022	29	772	1	5	0	807
11023	783	37	1	1	0	822
11024	796	10	0	3	0	809
11025	43	4	2	766	0	815
11026	16	3	3	790	0	812
11027	6	1	5	802	0	814
11028	3	1	5	810	0	819
11029	1	2	738	42	0	783
11030	687	2	36	15	0	740
11031	34	736	14	6	0	790
11032	15	33	1	767	0	816
11033	7	12	3	730	0	752
11034	4	703	4	37	0	748
11035	692	36	7	10	0	745
11036	33	714	5	3	0	755
11037	18	36	2	707	0	763
11038	7	14	3	803	0	827
11039	7	8	2	811	0	828
11040	10	4	5	814	0	833
11041	783	8	4	45	0	840
11042	45	3	762	17	0	827
11043	14	5	36	743	0	798
11044	5	4	18	771	0	798
11045	6	3	11	782	0	802
11046	5	6	8	796	0	815
11047	747	3	6	51	0	807
11048	38	11	709	19	0	777
11049	15	5	24	655	0	699
11050	6	631	9	29	0	675
11051	5	697	3	8	0	713
11052	685	35	3	4	0	727
11053	25	18	647	5	0	695
11054	666	7	23	6	0	702
11055	34	10	733	3	0	780
11056	13	7	24	757	0	801
11057	822	4	13	29	0	868
11058	24	865	14	14	0	917
11059	11	26	10	809	0	856
11060	5	864	7	27	0	903
11061	886	28	7	13	0	934
11062	909	10	5	11	0	935
11063	31	9	2	879	0	921
11064	16	4	872	38	0	930
11065	7	11	863	17	0	898
11066	5	8	32	858	0	903
11067	6	908	11	28	0	953
11068	10	33	1	995	0	1039
11069	7	19	2	994	0	1022
11070	11	9	2	1025	0	1047
11071	9	6	964	53	0	1032
11072	8	5	36	977	0	1026
11073	6	2	11	1005	0	1024
11074	2	930	6	51	0	989
11075	2	26	3	985	0	1016
11076	1	8	10	1015	0	1034
11077	5	1	5	1050	0	1061
11078	6	6	3	1030	0	1045
11079	9	6	3	980	0	998
11080	4	7	4	989	0	1004
11081	3	10	2	988	0	1003
11082	6	8	2	962	0	978
11083	9	12	889	50	0	960
11084	7	9	29	915	0	960
11085	922	4	8	51	0	985
11086	41	1	6	918	0	966
11087	10	2	903	53	0	968
11088	885	2	33	21	0	941
11089	952	6	10	14	0	982
11090	961	2	7	14	0	984
11091	952	6	8	13	0	979
11092	51	2	4	1040	0	1097
11093	13	5	989	47	0	1054
11094	10	901	27	22	0	960
11095	7	770	8	7	0	792
11096	50	13	1	614	0	678
11097	1	0	0	608	0	609
11098	1	0	0	587	0	588
11099	0	0	0	623	0	623
11100	0	0	1	774	0	775
11101	761	1	0	24	0	786
11102	23	726	1	6	0	756
11103	4	830	0	5	0	839
11104	0	33	1	852	0	886
11105	1	7	1	871	0	880
11106	1	1	0	874	0	876
11107	2	0	0	848	0	850
11108	2	2	820	35	0	859
11109	0	780	23	11	0	814
11110	0	21	6	849	0	876
11111	841	7	0	32	0	880
11112	26	2	0	837	0	865
11113	5	2	823	31	0	861
11114	1	1	784	10	0	796
11115	1	2	813	7	0	823
11116	1	3	31	763	0	798
11117	900	0	7	31	0	938
11118	27	1	2	894	0	924
11119	8	0	2	921	0	931
11120	890	2	2	38	0	932
11121	27	1	3	888	0	919
11122	12	0	1	922	0	935
11123	3	3	866	37	0	909
11124	2	840	22	11	0	875
11125	1	24	8	903	0	936
11126	895	7	2	33	0	937
11127	28	2	2	899	0	931
11128	9	2	867	37	0	915
11129	2	1	28	880	0	911
11130	4	865	7	28	0	904
11131	4	26	1	907	0	938
11132	7	9	861	30	0	907
11133	2	861	23	17	0	903
11134	1	35	10	924	0	970
11135	4	7	5	1009	0	1025
11136	0	3	3	996	0	1002
11137	2	4	1	1018	0	1025
11138	4	0	896	55	0	955
11139	0	895	41	17	0	953
11140	932	40	3	15	0	990
11141	960	10	1	10	0	981
11142	44	3	3	945	0	995
11143	9	3	914	46	0	972
11144	874	2	44	13	0	933
11145	40	6	11	928	0	985
11146	8	2	933	49	0	992
11147	10	1	39	940	0	990
11148	6	3	7	971	0	987
11149	0	0	8	982	0	990
11150	5	3	928	56	0	992
11151	8	4	32	882	0	926
11152	1	910	8	52	0	971
11153	941	36	11	18	0	1006
11154	962	16	7	6	0	991
11155	923	7	1	15	0	946
11156	48	883	3	14	0	948
11157	852	37	4	10	0	903
11158	42	10	2	786	0	840
11159	787	4	8	42	0	841
11160	803	5	3	18	0	829
11161	49	7	746	11	0	813
11162	14	742	38	10	0	804
11163	762	42	10	9	0	823
11164	40	12	7	765	0	824
11165	13	4	731	47	0	795
11166	7	759	35	20	0	821
11167	762	39	13	10	0	824
11168	32	7	4	707	0	750
11169	10	5	3	723	0	741
11170	9	4	2	735	0	750
11171	8	678	5	36	0	727
11172	7	26	2	716	0	751
11173	3	694	2	35	0	734
11174	9	26	5	718	0	758
11175	9	10	691	33	0	743
11176	4	6	29	708	0	747
11177	4	9	9	723	0	745
11178	10	0	3	743	0	756
11179	2	2	664	48	0	716
11180	3	1	29	697	0	730
11181	5	4	10	734	0	753
11182	3	4	5	731	0	743
11183	4	7	2	733	0	746
11184	11	3	2	738	0	754
11185	6	2	731	44	0	783
11186	4	7	28	748	0	787
11187	4	6	6	769	0	785
11188	730	2	2	39	0	773
11189	30	697	3	18	0	748
11190	12	743	6	8	0	769
11191	8	34	2	749	0	793
11192	5	11	4	661	0	681
11193	4	626	0	40	0	670
11194	5	29	4	641	0	679
11195	1	611	4	34	0	650
11196	3	31	6	642	0	682
11197	4	11	1	665	0	681
11198	6	3	609	44	0	662
11199	2	572	25	20	0	619
11200	1	463	4	6	0	474
11201	440	16	2	5	0	463
11202	14	440	2	5	0	461
11203	2	15	0	370	0	387
11204	2	3	363	11	0	379
11205	1	2	11	353	0	367
11206	352	1	0	16	0	369
11207	12	0	340	37	0	389
11208	0	327	6	7	0	340
11209	1	10	1	333	0	345
11210	1	3	0	357	0	361
11211	364	1	1	13	0	379
11212	11	2	1	371	0	385
11213	0	1	0	388	0	389
11214	2	1	1	381	0	385
11215	1	3	0	389	0	393
11216	371	0	1	15	0	387
11217	326	2	1	3	0	332
11218	11	1	0	328	0	340
11219	323	1	2	11	0	337
11220	13	0	0	323	0	336
11221	2	1	312	14	0	329
11222	1	2	307	3	0	313
11223	1	1	10	310	0	322
11224	1	300	1	12	0	314
11225	1	9	2	324	0	336
11226	319	1	1	13	0	334
11227	11	1	1	350	0	363
11228	339	1	0	16	0	356
11229	13	1	1	346	0	361
11230	3	2	338	14	0	357
11231	2	321	9	4	0	336
11232	4	347	0	2	0	353
11233	0	5	1	315	0	321
11234	2	0	302	7	0	311
11235	0	234	0	0	0	234
11236	0	0	0	253	0	253
11237	251	0	0	0	0	251
11238	1	0	242	0	0	243
11239	0	0	0	248	0	248
11240	0	0	0	257	0	257
11241	0	0	249	0	0	249
11242	0	0	218	0	0	218
11243	0	0	253	0	0	253
11244	0	0	0	350	0	350
11245	1	0	355	2	0	358
11246	333	0	3	0	0	336
11247	3	0	0	349	0	352
11248	0	0	418	3	0	421
11249	0	400	3	0	0	403
11250	0	3	415	0	0	418
11251	1	0	3	420	0	424
11252	429	0	0	4	0	433
11253	2	0	1	429	0	432
11254	0	1	0	432	0	433
11255	430	0	1	4	0	435
11256	3	0	1	468	0	472
11257	1	0	485	6	0	492
11258	491	0	7	4	0	502
11259	6	485	3	1	0	495
11260	510	6	1	0	0	517
11261	7	3	0	511	0	521
11262	3	0	501	6	0	510
11263	0	2	498	3	0	503
11264	0	2	10	473	0	485
11265	0	0	4	483	0	487
11266	1	0	474	11	0	486
11267	0	1	455	1	0	457
11268	487	0	10	1	0	498
11269	7	0	2	496	0	505
11270	451	0	45	7	0	503
11271	6	1	3	499	0	509
11272	3	0	541	7	0	551
11273	1	0	542	4	0	547
11274	1	1	11	545	0	558
11275	1	0	4	580	0	585
11276	1	1	606	14	0	622
11277	601	0	22	5	0	628
11278	20	0	11	618	0	649
11279	626	0	1	23	0	650
11280	18	797	3	11	0	829
11281	9	25	2	838	0	874
11282	834	12	2	26	0	874
11283	27	1	811	16	0	855
11284	15	2	24	816	0	857
11285	2	1	13	807	0	823
11286	3	0	2	822	0	827
11287	4	1	765	39	0	809
11288	1	2	26	773	0	802
11289	2	748	13	28	0	791
11290	3	24	3	783	0	813
11291	0	15	750	30	0	795
11292	3	5	744	15	0	767
11293	0	2	34	741	0	777
11294	2	2	14	744	0	762
11295	0	0	7	780	0	787
11296	1	1	5	791	0	798
11297	760	2	2	43	0	807
11298	774	0	5	18	0	797
11299	37	0	730	7	0	774
11300	14	726	28	10	0	778
11301	4	27	15	766	0	812
11302	798	12	3	32	0	845
11303	767	2	4	20	0	793
11304	819	2	9	5	0	835
11305	827	2	5	7	0	841
11306	40	0	809	11	0	860
11307	823	1	27	9	0	860
11308	34	773	16	4	0	827
11309	17	24	2	809	0	852
11310	6	14	784	34	0	838
11311	7	4	28	789	0	828
11312	6	6	758	34	0	804
11313	3	1	35	777	0	816
11314	7	0	18	797	0	822
11315	773	3	7	46	0	829
11316	30	1	4	791	0	826
11317	12	3	758	40	0	813
11318	6	2	26	795	0	829
11319	775	1	18	34	0	828
11320	35	1	11	790	0	837
11321	15	7	747	39	0	808
11322	6	750	29	26	0	811
11323	778	28	15	14	0	835
11324	33	12	8	714	0	767
11325	17	759	9	29	0	814
11326	779	32	3	21	0	835
11327	30	12	744	13	0	799
11328	20	740	35	9	0	804
11329	5	33	19	769	0	826
11330	11	16	770	35	0	832
11331	5	3	35	783	0	826
11332	779	4	19	39	0	841
11333	33	5	760	24	0	822
11334	18	0	36	780	0	834
11335	11	3	768	41	0	823
11336	9	4	33	780	0	826
11337	7	3	17	815	0	842
11338	772	1	15	48	0	836
11339	32	773	7	25	0	837
11340	20	31	3	793	0	847
11341	819	15	5	44	0	883
11342	878	5	12	20	0	915
11343	44	5	10	839	0	898
11344	20	704	4	32	0	760
11345	6	762	1	24	0	793
11346	7	36	8	761	0	812
11347	10	16	7	791	0	824
11348	683	6	6	44	0	739
11349	30	7	6	702	0	745
11350	13	4	652	38	0	707
11351	616	3	29	27	0	675
11352	30	645	12	15	0	702
11353	688	25	4	14	0	731
11354	27	14	688	12	0	741
11355	18	682	27	14	0	741
11356	688	25	11	10	0	734
11357	671	10	1	26	0	708
11358	37	1	687	6	0	731
11359	682	9	22	3	0	716
11360	709	6	9	9	0	733
11361	36	693	9	5	0	743
11362	15	27	5	758	0	805
11363	14	12	745	28	0	799
11364	13	4	24	743	0	784
11365	5	9	745	30	0	789
11366	8	4	22	736	0	770
11367	730	6	18	29	0	783
11368	25	4	4	742	0	775
11369	16	1	734	31	0	782
11370	716	1	25	20	0	762
11371	28	2	15	741	0	786
11372	17	0	698	29	0	744
11373	677	5	28	20	0	730
11374	41	0	54	677	0	772
11375	16	3	692	25	0	736
11376	4	4	619	8	0	635
11377	5	3	21	616	0	645
11378	10	0	629	19	0	658
11379	1	603	25	11	0	640
11380	0	7	2	430	0	439
11381	435	1	2	6	0	444
11382	8	1	416	3	0	428
11383	2	0	427	1	0	430
11384	375	0	9	3	0	387
11385	7	0	426	1	0	434
11386	389	24	7	3	0	423
11387	6	0	462	4	0	472
11388	1	1	12	446	0	460
11389	5	0	501	11	0	517
11390	0	1	12	482	0	495
11391	1	1	501	10	0	513
11392	7	1	498	3	0	509
11393	430	1	10	7	0	448
11394	7	483	11	1	0	502
11395	518	7	4	0	0	529
11396	7	486	2	8	0	503
11397	3	6	9	509	0	527
11398	4	2	4	512	0	522
11399	506	0	3	15	0	524
11400	8	1	6	503	0	518
11401	1	2	507	10	0	520
11402	457	1	9	7	0	474
11403	482	0	7	1	0	490
11404	9	3	5	477	0	494
11405	5	1	475	9	0	490
11406	6	1	9	425	0	441
11407	3	424	6	7	0	440
11408	2	7	7	431	0	447
11409	4	1	2	446	0	453
11410	1	0	433	9	0	443
11411	359	1	9	4	0	373
11412	7	413	7	3	0	430
11413	433	8	4	4	0	449
11414	8	427	7	0	0	442
11415	5	9	1	424	0	439
11416	3	457	4	10	0	474
11417	2	11	503	4	0	520
11418	5	4	7	477	0	493
11419	0	5	2	505	0	512
11420	3	0	2	523	0	528
11421	515	3	1	9	0	528
11422	10	0	2	515	0	527
11423	508	1	2	11	0	522
11424	514	1	3	2	0	520
11425	502	1	1	6	0	510
11426	9	2	488	3	0	502
11427	5	1	7	488	0	501
11428	3	2	4	487	0	496
11429	1	2	3	558	0	564
11430	554	1	3	21	0	579
11431	15	2	2	546	0	565
11432	7	3	3	571	0	584
11433	553	3	2	24	0	582
11434	19	1	2	554	0	576
11435	8	4	580	15	0	607
11436	6	2	580	6	0	594
11437	2	5	25	604	0	636
11438	712	2	5	26	0	745
11439	695	5	6	8	0	714
11440	24	0	2	716	0	742
11441	5	3	700	26	0	734
11442	6	627	24	7	0	664
11443	5	21	2	654	0	682
11444	4	4	1	670	0	679
11445	3	0	2	681	0	686
11446	681	0	4	28	0	713
11447	24	0	666	10	0	700
11448	647	0	24	6	0	677
11449	27	1	6	685	0	719
11450	10	686	2	35	0	733
11451	708	25	3	8	0	744
11452	695	6	4	6	0	711
11453	29	3	719	9	0	760
11454	6	658	30	9	0	703
11455	3	701	9	7	0	720
11456	699	32	3	10	0	744
11457	30	4	5	699	0	738
11458	10	2	5	675	0	692
11459	3	1	2	688	0	694
11460	5	634	6	37	0	682
11461	4	660	4	6	0	674
11462	609	30	2	5	0	646
11463	28	5	0	638	0	671
11464	6	1	696	32	0	735
11465	4	4	32	689	0	729
11466	2	4	705	35	0	746
11467	7	1	703	4	0	715
11468	5	2	693	10	0	710
11469	2	655	35	0	0	692
11470	2	28	6	619	0	655
11471	1	646	3	25	0	675
11472	1	33	3	626	0	663
11473	0	5	0	681	0	686
11474	664	4	0	35	0	703
11475	29	0	1	667	0	697
11476	662	1	1	34	0	698
11477	692	1	1	5	0	699
11478	31	0	3	629	0	663
11479	6	647	3	24	0	680
11480	3	29	2	645	0	679
11481	1	686	1	31	0	719
11482	1	36	1	703	0	741
11483	1	8	674	36	0	719
11484	0	2	32	683	0	717
11485	1	2	9	729	0	741
11486	650	1	5	43	0	699
11487	36	643	1	12	0	692
11488	10	34	1	646	0	691
11489	4	6	2	640	0	652
11490	1	619	2	42	0	664
11491	1	34	2	634	0	671
11492	582	9	1	45	0	637
11493	624	5	1	11	0	641
11494	40	601	2	11	0	654
11495	11	31	6	607	0	655
11496	593	8	4	38	0	643
11497	31	608	2	11	0	652
11498	6	41	2	571	0	620
11499	5	603	2	32	0	642
11500	598	39	1	13	0	651
11501	36	8	587	9	0	640
11502	11	6	610	5	0	632
11503	8	6	39	578	0	631
11504	4	1	646	42	0	693
11505	7	3	33	643	0	686
11506	649	8	8	43	0	708
11507	39	2	642	17	0	700
11508	15	3	31	635	0	684
11509	7	9	6	675	0	697
11510	642	7	5	46	0	700
11511	38	634	1	17	0	690
11512	699	38	2	7	0	746
11513	701	12	2	8	0	723
11514	39	679	3	12	0	733
11515	14	34	4	695	0	747
11516	5	16	627	37	0	685
11517	3	8	32	722	0	765
11518	4	712	12	33	0	761
11519	746	33	5	12	0	796
11520	35	10	6	748	0	799
11521	8	10	808	40	0	866
11522	9	4	32	800	0	845
11523	3	4	14	861	0	882
11524	5	4	5	862	0	876
11525	8	4	1	870	0	883
11526	2	4	5	857	0	868
11527	1	4	804	54	0	863
11528	2	4	800	19	0	825
11529	7	691	26	9	0	733
11530	3	757	9	5	0	774
11531	759	28	6	7	0	800
11532	28	8	730	7	0	773
11533	721	6	21	6	0	754
11534	24	3	730	9	0	766
11535	9	1	707	5	0	722
11536	2	29	25	629	0	685
11537	690	5	9	20	0	724
11538	21	2	3	608	0	634
11539	9	1	1	608	0	619
11540	4	5	785	24	0	818
11541	2	3	16	780	0	801
11542	1	3	5	823	0	832
11543	3	3	5	837	0	848
11544	3	0	2	835	0	840
11545	3	3	2	850	0	858
11546	811	2	3	29	0	845
11547	18	1	2	816	0	837
11548	6	4	796	24	0	830
11549	7	2	14	762	0	785
11550	2	1	789	19	0	811
11551	0	2	19	776	0	797
11552	4	2	827	20	0	853
11553	2	0	11	791	0	804
11554	0	0	10	822	0	832
11555	1	0	805	18	0	824
11556	697	1	9	11	0	718
11557	13	1	774	4	0	792
11558	9	1	8	763	0	781
11559	862	1	8	10	0	881
11560	11	0	4	851	0	866
11561	6	36	2	820	0	864
11562	3	1	898	18	0	920
11563	1	848	10	13	0	872
11564	0	782	6	2	0	790
11565	5	814	2	0	0	821
11566	1	10	0	838	0	849
11567	837	8	2	4	0	851
11568	3	1	0	819	0	823
11569	7	0	2	818	0	827
11570	0	0	0	838	0	838
11571	0	1	1	880	0	882
11572	1	830	0	18	0	849
11573	0	8	0	882	0	890
11574	0	7	2	883	0	892
11575	2	885	1	17	0	905
11576	932	9	0	7	0	948
11577	9	6	0	926	0	941
11578	918	0	0	11	0	929
11579	922	0	0	10	0	932
11580	17	886	2	2	0	907
11581	3	6	0	987	0	996
11582	0	5	949	6	0	960
11583	1	1	930	3	0	935
11584	0	0	6	942	0	948
11585	984	1	3	6	0	994
11586	970	0	0	5	0	975
11587	9	0	1	1007	0	1017
11588	1023	0	0	6	0	1029
11589	7	980	0	3	0	990
11590	1001	4	0	1	0	1006
11591	6	1000	1	2	0	1009
11592	3	8	1	1026	0	1038
11593	1	4	1	1025	0	1031
11594	1	1005	1	10	0	1017
11595	1016	7	0	4	0	1027
11596	7	2	1011	2	0	1022
11597	3	2	5	1008	0	1018
11598	2	1	1029	6	0	1038
11599	0	2	5	988	0	995
11600	1040	0	3	7	0	1050
11601	6	1	1	1022	0	1030
11602	1025	0	1	9	0	1035
11603	1022	1	1	6	0	1030
11604	11	2	0	970	0	983
11605	5	0	949	8	0	962
11606	2	983	8	3	0	996
11607	2	6	3	1075	0	1086
11608	1064	3	3	8	0	1078
11609	8	1	1011	4	0	1024
11610	4	0	6	1005	0	1015
11611	1	1	4	1042	0	1048
11612	2	0	1	1034	0	1037
11613	1017	0	1	9	0	1027
11614	6	0	3	1005	0	1014
11615	3	0	0	1025	0	1028
11616	2	1	1030	12	0	1045
11617	2	0	8	934	0	944
11618	3	0	3	944	0	950
11619	1	0	4	965	0	970
11620	1	913	1	12	0	927
11621	3	7	0	875	0	885
11622	1	4	0	877	0	882
11623	844	2	0	13	0	859
11624	7	1	835	6	0	849
11625	3	3	781	4	0	791
11626	2	792	11	2	0	807
11627	2	7	5	862	0	876
11628	861	3	3	9	0	876
11629	7	1	1	843	0	852
11630	3	1	1	863	0	868
11631	1	1	0	867	0	869
11632	2	0	0	784	0	786
11633	2	0	0	785	0	787
11634	2	2	761	11	0	776
11635	1	0	7	763	0	771
11636	766	1	4	11	0	782
11637	6	740	4	7	0	757
11638	5	6	1	868	0	880
11639	3	3	0	848	0	854
11640	4	2	761	10	0	777
11641	3	1	10	758	0	772
11642	0	3	3	785	0	791
11643	780	0	1	17	0	798
11644	7	766	3	5	0	781
11645	3	11	2	781	0	797
11646	3	3	0	789	0	795
11647	3	2	1	783	0	789
11648	3	2	803	15	0	823
11649	0	1	768	10	0	779
11650	2	722	15	4	0	743
11651	1	747	4	4	0	756
11652	1	10	2	734	0	747
11653	2	673	2	9	0	686
11654	2	13	0	805	0	820
11655	1	0	1	905	0	907
11656	0	1	3	902	0	906
11657	0	3	1	1372	0	1376
11658	0	4	1350	61	0	1415
11659	1	0	43	1395	0	1439
11660	2	1	26	1506	0	1535
11661	1	3	9	1552	0	1565
11662	1393	1	8	108	0	1510
11663	51	1481	13	57	0	1602
11664	29	57	6	1418	0	1510
11665	9	1549	10	77	0	1645
11666	1485	65	6	56	0	1612
11667	1309	44	8	36	0	1397
11668	72	1660	5	24	0	1761
11669	38	1743	4	28	0	1813
11670	20	122	1570	18	0	1730
11671	23	1661	52	17	0	1753
11672	16	78	32	1637	0	1763
11673	1610	56	14	72	0	1752
11674	67	1652	8	48	0	1775
11675	41	78	17	1597	0	1733
11676	17	67	12	1666	0	1762
11677	13	31	13	1719	0	1776
11678	1628	23	5	124	0	1780
11679	66	28	1533	74	0	1701
11680	1577	23	55	51	0	1706
11681	75	1541	35	45	0	1696
11682	49	75	15	1594	0	1733
11683	38	49	1514	84	0	1685
11684	1468	26	66	59	0	1619
11685	87	1520	43	26	0	1676
11686	48	84	21	1527	0	1680
11687	27	1537	18	81	0	1663
11688	21	80	20	1542	0	1663
11689	25	51	12	1666	0	1754
11690	19	39	1539	118	0	1715
11691	21	25	1559	73	0	1678
11692	14	35	95	1593	0	1737
11693	12	22	1609	109	0	1752
11694	8	20	87	1620	0	1735
11695	15	10	59	1636	0	1720
11696	9	14	44	1706	0	1773
11697	1587	10	29	145	0	1771
11698	67	12	39	1669	0	1787
11699	44	10	1539	130	0	1723
11700	1596	15	79	86	0	1776
11701	77	8	44	1670	0	1799
11702	56	11	29	1717	0	1813
11703	1608	11	11	154	0	1784
11704	80	1599	27	85	0	1791
11705	60	65	19	1663	0	1807
11706	29	40	18	1656	0	1743
11707	1563	22	16	149	0	1750
11708	90	10	1496	92	0	1688
11709	50	20	60	1588	0	1718
11710	31	16	39	1630	0	1716
11711	23	14	19	1631	0	1687
11712	29	1509	24	148	0	1710
11713	18	65	24	1639	0	1746
11714	1547	37	17	136	0	1737
11715	84	1535	16	97	0	1732
11716	1521	77	18	65	0	1681
11717	90	1520	11	61	0	1682
11718	1542	84	8	66	0	1700
11719	104	60	1524	46	0	1734
11720	64	47	1559	44	0	1714
11721	1564	29	103	41	0	1737
11722	102	34	1578	31	0	1745
11723	73	29	84	1552	0	1738
11724	43	20	61	1562	0	1686
11725	37	17	51	1669	0	1774
11726	1599	17	31	139	0	1786
11727	85	22	1517	89	0	1713
11728	1578	13	87	73	0	1751
11729	100	24	51	1596	0	1771
11730	1604	20	28	130	0	1782
11731	114	20	27	1633	0	1794
11732	1624	20	28	114	0	1786
11733	122	20	22	1656	0	1820
11734	67	20	1695	126	0	1908
11735	1766	9	79	68	0	1922
11736	1842	18	45	66	0	1971
11737	148	12	33	1785	0	1978
11738	84	10	27	1704	0	1825
11739	60	1665	36	138	0	1899
11740	1584	73	25	98	0	1780
11741	107	1622	33	60	0	1822
11742	1667	85	28	58	0	1838
11743	121	52	1590	52	0	1815
11744	68	38	1616	61	0	1783
11745	66	17	1613	46	0	1742
11746	1564	32	112	46	0	1754
11747	123	1601	64	35	0	1823
11748	72	79	52	1593	0	1796
11749	1575	42	45	93	0	1755
11750	92	1595	45	76	0	1808
11751	74	112	39	1518	0	1743
11752	45	1573	33	103	0	1754
11753	43	1613	23	74	0	1753
11754	47	1626	17	44	0	1734
11755	1355	112	13	34	0	1514
11756	76	1477	19	39	0	1611
11757	23	979	11	15	0	1028
11758	15	909	11	15	0	950
11759	900	49	7	12	0	968
11760	831	15	6	15	0	867
11761	44	16	804	10	0	874
11762	753	8	23	5	0	789
11763	717	7	10	9	0	743
11764	34	7	7	716	0	764
11765	724	7	2	30	0	763
11766	39	10	676	11	0	736
11767	16	715	27	14	0	772
11768	577	21	1	8	0	607
11769	22	9	5	571	0	607
11770	585	5	2	24	0	616
11771	29	8	547	2	0	586
11772	553	7	17	10	0	587
11773	34	2	3	564	0	603
11774	5	6	558	24	0	593
11775	13	555	15	3	0	586
11776	6	592	3	8	0	609
11777	10	22	3	579	0	614
11778	6	7	6	569	0	588
11779	6	588	8	19	0	621
11780	596	25	6	9	0	636
11781	576	3	0	8	0	587
11782	552	7	3	8	0	570
11783	29	581	3	7	0	620
11784	12	24	3	546	0	585
11785	16	577	3	20	0	616
11786	592	27	1	9	0	629
11787	595	6	3	7	0	611
11788	21	592	5	5	0	623
11789	531	16	0	1	0	548
11790	17	3	0	522	0	542
11791	2	3	0	534	0	539
11792	555	2	0	15	0	572
11793	507	3	3	2	0	515
11794	521	1	1	1	0	524
11795	17	1	0	512	0	530
11796	5	1	1	523	0	530
11797	5	2	499	17	0	523
11798	2	2	15	495	0	514
11799	6	0	1	522	0	529
11800	3	4	466	18	0	491
11801	3	3	464	6	0	476
11802	3	5	480	1	0	489
11803	4	0	16	471	0	491
11804	1	4	469	18	0	492
11805	3	1	18	465	0	487
11806	1	2	6	509	0	518
11807	7	2	504	16	0	529
11808	3	3	505	5	0	516
11809	3	2	15	495	0	515
11810	3	3	505	17	0	528
11811	2	4	497	4	0	507
11812	3	483	16	6	0	508
11813	498	19	4	2	0	523
11814	499	3	1	4	0	507
11815	499	5	2	2	0	508
11816	18	482	4	1	0	505
11817	5	511	1	3	0	520
11818	4	16	0	506	0	526
11819	3	3	1	455	0	462
11820	4	3	429	17	0	453
11821	4	3	15	431	0	453
11822	445	2	3	16	0	466
11823	18	4	3	404	0	429
11824	6	433	3	12	0	454
11825	448	17	2	5	0	472
11826	445	3	1	3	0	452
11827	444	2	2	4	0	452
11828	21	2	430	4	0	457
11829	8	3	12	529	0	552
11830	559	3	3	19	0	584
11831	25	0	540	4	0	569
11832	4	542	19	4	0	569
11833	4	511	3	4	0	522
11834	350	7	1	3	0	361
11835	9	351	0	0	0	360
11836	1	9	0	336	0	346
11837	0	0	336	10	0	346
11838	0	0	6	327	0	333
11839	339	1	1	9	0	350
11840	8	329	0	1	0	338
11841	339	8	0	1	0	348
11842	9	2	384	1	0	396
11843	2	1	7	373	0	383
11844	0	371	2	9	0	382
11845	1	8	0	407	0	416
11846	439	0	1	8	0	448
11847	450	1	0	1	0	452
11848	447	2	0	1	0	450
11849	448	0	1	2	0	451
11850	8	1	2	421	0	432
11851	0	0	408	11	0	419
11852	2	0	9	392	0	403
11853	0	422	1	9	0	432
11854	454	9	0	0	0	463
11855	9	1	442	1	0	453
11856	433	1	7	2	0	443
11857	9	0	2	440	0	451
11858	0	2	468	11	0	481
11859	1	2	6	466	0	475
11860	478	0	1	10	0	489
11861	477	0	1	1	0	479
11862	473	0	2	0	0	475
11863	9	0	463	3	0	475
11864	1	0	3	391	0	395
11865	0	2	411	4	0	417
11866	0	398	2	3	0	403
11867	401	2	1	1	0	405
11868	2	393	2	0	0	397
11869	406	2	0	0	0	408
11870	3	2	1	391	0	397
11871	2	381	1	2	0	386
11872	403	3	0	2	0	408
11873	3	1	396	2	0	402
11874	1	0	2	378	0	381
11875	400	0	0	4	0	404
11876	5	0	394	1	0	400
11877	1	1	3	364	0	369
11878	1	367	3	2	0	373
11879	0	5	1	415	0	421
11880	2	1	0	409	0	412
11881	408	3	0	3	0	414
11882	5	406	1	2	0	414
11883	1	3	2	374	0	380
11884	2	374	1	3	0	380
11885	3	3	0	377	0	383
11886	3	377	2	2	0	384
11887	388	4	0	2	0	394
11888	4	0	419	1	0	424
11889	0	0	4	408	0	412
11890	1	2	0	430	0	433
11891	1	3	1	416	0	421
11892	1	1	1	399	0	402
11893	4	1	399	3	0	407
11894	4	382	3	3	0	392
11895	408	3	1	2	0	414
11896	399	0	1	2	0	402
11897	3	396	1	3	0	403
11898	409	3	1	3	0	416
11899	397	3	0	1	0	401
11900	5	468	2	1	0	476
11901	2	3	2	461	0	468
11902	2	435	3	43	0	483
11903	485	2	3	2	0	492
11904	4	0	484	3	0	491
11905	433	3	3	4	0	443
11906	7	0	449	2	0	458
11907	2	1	2	434	0	439
11908	454	0	0	3	0	457
11909	5	1	439	1	0	446
11910	427	1	5	2	0	435
11911	456	0	1	3	0	460
11912	6	2	1	442	0	451
11913	4	424	3	2	0	433
11914	454	3	1	0	0	458
11915	3	3	2	448	0	456
11916	2	421	2	6	0	431
11917	447	4	2	3	0	456
11918	6	2	0	441	0	449
11919	2	446	4	2	0	454
11920	1	3	1	467	0	472
11921	465	1	1	3	0	470
11922	460	0	2	5	0	467
11923	461	1	2	1	0	465
11924	5	1	1	457	0	464
11925	2	1	2	463	0	468
11926	2	3	493	6	0	504
11927	4	0	7	531	0	542
11928	1	2	538	11	0	552
11929	1	1	431	6	0	439
11930	0	0	442	2	0	444
11931	0	418	14	1	0	433
11932	0	8	7	425	0	440
11933	0	463	2	7	0	472
11934	490	10	0	2	0	502
11935	486	5	0	0	0	491
11936	13	4	0	478	0	495
11937	7	0	519	8	0	534
11938	1	0	9	512	0	522
11939	1	0	526	11	0	538
11940	0	1	13	494	0	508
11941	0	509	4	12	0	525
11942	0	488	2	6	0	496
11943	471	16	1	2	0	490
11944	12	8	481	0	0	501
11945	6	3	12	458	0	479
11946	2	1	8	443	0	454
11947	449	0	3	17	0	469
11948	10	448	3	7	0	468
11949	446	12	1	3	0	462
11950	13	439	1	1	0	454
11951	458	14	0	1	0	473
11952	457	7	1	1	0	466
11953	17	3	1	409	0	430
11954	9	1	410	13	0	433
11955	385	0	14	8	0	407
11956	12	399	6	7	0	424
11957	419	13	5	0	0	437
11958	12	8	1	390	0	411
11959	7	4	3	390	0	404
11960	3	381	2	16	0	402
11961	4	11	0	386	0	401
11962	2	443	2	13	0	460
11963	2	15	1	461	0	479
11964	4	5	2	470	0	481
11965	456	4	1	17	0	478
11966	12	4	442	9	0	467
11967	10	423	10	5	0	448
11968	4	13	6	453	0	476
11969	451	7	3	13	0	474
11970	461	4	1	7	0	473
11971	468	4	0	4	0	476
11972	23	2	431	2	0	458
11973	458	0	13	3	0	474
11974	13	1	8	510	0	532
11975	506	1	4	14	0	525
11976	13	485	3	8	0	509
11977	6	15	2	510	0	533
11978	498	8	1	14	0	521
11979	13	460	2	12	0	487
11980	9	14	3	466	0	492
11981	4	8	455	14	0	481
11982	439	5	13	10	0	467
11983	474	3	7	5	0	489
11984	19	3	459	6	0	487
11985	13	429	10	1	0	453
11986	8	459	7	3	0	477
11987	4	13	3	454	0	474
11988	3	8	2	438	0	451
11989	2	5	1	453	0	461
11990	2	1	415	22	0	440
11991	422	2	13	8	0	445
11992	506	3	8	7	0	524
11993	514	3	4	4	0	525
11994	517	4	2	2	0	525
11995	557	2	0	5	0	564
11996	555	6	3	3	0	567
11997	22	3	1	621	0	647
11998	14	2	600	18	0	634
11999	8	2	604	8	0	622
12000	5	3	22	569	0	599
12001	5	3	10	572	0	590
12002	5	4	5	550	0	564
12003	7	575	0	26	0	608
12004	568	19	1	10	0	598
12005	19	612	3	7	0	641
12006	11	20	4	616	0	651
12007	601	9	2	21	0	633
12008	19	611	5	10	0	645
12009	12	15	2	621	0	650
12010	6	5	3	635	0	649
12011	6	4	1	633	0	644
12012	6	598	1	30	0	635
12013	6	18	3	629	0	656
12014	5	9	600	24	0	638
12015	2	7	17	625	0	651
12016	4	1	7	654	0	666
12017	5	4	5	702	0	716
12018	2	4	4	760	0	770
12019	5	9	702	36	0	752
12020	5	771	17	18	0	811
12021	6	26	10	769	0	811
12022	7	13	2	810	0	832
12023	6	8	3	781	0	798
12024	5	732	6	37	0	780
12025	6	797	3	24	0	830
12026	738	26	3	11	0	778
12027	18	8	1	698	0	725
12028	7	7	704	23	0	741
12029	1	715	18	18	0	752
12030	695	19	5	10	0	729
12031	17	12	694	7	0	730
12032	9	7	701	8	0	725
12033	5	4	702	9	0	720
12034	3	3	26	704	0	736
12035	2	5	686	22	0	715
12036	4	682	23	12	0	721
12037	4	15	11	666	0	696
12038	2	9	698	18	0	727
12039	1	3	23	691	0	718
12040	687	4	11	26	0	728
12041	16	4	673	16	0	709
12042	673	7	16	8	0	704
12043	14	771	9	9	0	803
12044	798	17	7	7	0	829
12045	18	7	4	796	0	825
12046	799	4	5	22	0	830
12047	791	4	8	7	0	810
12048	777	5	5	3	0	790
12049	23	774	8	6	0	811
12050	787	19	9	3	0	818
12051	781	8	8	7	0	804
12052	23	3	763	10	0	799
12053	11	765	20	8	0	804
12054	10	18	9	781	0	818
12055	7	13	3	794	0	817
12056	9	5	4	806	0	824
12057	7	2	776	25	0	810
12058	9	2	17	784	0	812
12059	6	7	781	20	0	814
12060	779	5	20	13	0	817
12061	797	7	5	12	0	821
12062	25	3	738	15	0	781
12063	735	2	24	13	0	774
12064	749	5	10	13	0	777
12065	756	7	6	6	0	775
12066	31	3	5	749	0	788
12067	19	4	730	18	0	771
12068	13	719	19	8	0	759
12069	15	17	6	740	0	778
12070	16	9	722	20	0	767
12071	13	8	718	10	0	749
12072	701	7	21	11	0	740
12073	15	726	12	15	0	768
12074	725	16	10	16	0	767
12075	715	9	10	17	0	751
12076	22	716	12	10	0	760
12077	717	19	16	7	0	759
12078	23	8	737	6	0	774
12079	20	8	724	6	0	758
12080	14	8	716	10	0	748
12081	19	716	25	7	0	767
12082	729	19	15	6	0	769
12083	737	10	9	3	0	759
12084	26	712	11	10	0	759
12085	13	727	13	10	0	763
12086	8	23	16	724	0	771
12087	11	13	7	738	0	769
12088	785	9	6	26	0	826
12089	23	809	11	8	0	851
12090	850	19	5	8	0	882
12091	833	16	4	7	0	860
12092	23	10	826	7	0	866
12093	20	802	14	8	0	844
12094	17	18	9	847	0	891
12095	813	12	7	12	0	844
12096	22	10	5	804	0	841
12097	728	4	11	13	0	756
12098	16	6	705	6	0	733
12099	11	676	15	8	0	710
12100	9	677	10	6	0	702
12101	16	11	6	649	0	682
12102	12	673	5	11	0	701
12103	697	18	7	5	0	727
12104	18	9	672	6	0	705
12105	630	7	14	6	0	657
12106	15	14	633	5	0	667
12107	10	7	10	629	0	656
12108	10	7	8	644	0	669
12109	15	5	4	658	0	682
12110	652	1	12	14	0	679
12111	12	8	610	8	0	638
12112	14	3	14	602	0	633
12113	11	2	6	606	0	625
12114	8	585	7	21	0	621
12115	7	595	7	16	0	625
12116	13	681	6	6	0	706
12117	7	43	5	603	0	658
12118	4	3	1	600	0	608
12119	1	523	0	7	0	531
12120	0	502	0	1	0	503
12121	547	0	0	0	0	547
12122	0	0	0	556	0	556
12123	0	533	0	1	0	534
12124	575	0	0	0	0	575
12125	1	0	0	562	0	563
12126	580	0	0	1	0	581
12127	1	1	0	615	0	617
12128	0	1	610	1	0	612
12129	0	589	1	0	0	590
12130	597	1	0	0	0	598
12131	1	1	593	0	0	595
12132	0	560	3	20	0	583
12133	0	1	0	590	0	591
12134	0	0	0	584	0	584
12135	0	0	0	565	0	565
12136	0	0	0	575	0	575
12137	0	0	575	1	0	576
12138	0	512	3	0	0	515
12139	0	1	0	542	0	543
12140	532	0	0	1	0	533
12141	1	529	0	1	0	531
12142	0	1	0	545	0	546
12143	0	1	478	1	0	480
12144	1	479	2	1	0	483
12145	0	1	0	503	0	504
12146	0	523	1	0	0	524
12147	545	2	0	0	0	547
12148	531	1	0	0	0	532
12149	2	1	525	1	0	529
12150	498	0	1	1	0	500
12151	573	1	0	0	0	574
12152	1	2	560	2	0	565
12153	0	591	2	1	0	594
12154	0	1	0	631	0	632
12155	0	1	0	638	0	639
12156	642	0	0	1	0	643
12157	2	0	0	634	0	636
12158	1	0	629	1	0	631
12159	570	0	1	1	0	572
12160	2	1	618	0	0	621
12161	0	581	2	0	0	583
12162	593	1	1	1	0	596
12163	1	0	597	0	0	598
12164	0	2	576	0	0	578
12165	0	560	2	0	0	562
12166	0	1	0	608	0	609
12167	1	0	601	2	0	604
12168	0	1	1	532	0	534
12169	0	0	1	598	0	599
12170	0	1	592	1	0	594
12171	0	537	4	1	0	542
12172	0	1	0	599	0	600
12173	607	1	0	1	0	609
12174	562	0	0	2	0	564
12175	2	0	1	573	0	576
12176	1	2	564	1	0	568
12177	0	0	555	0	0	555
12178	0	1	2	570	0	573
12179	1	0	575	1	0	577
12180	622	0	1	0	0	623
12181	4	0	1	655	0	660
12182	2	1	0	668	0	671
12183	2	637	0	6	0	645
12184	0	5	1	676	0	682
12185	0	3	646	6	0	655
12186	616	1	6	3	0	626
12187	642	0	1	3	0	646
12188	6	1	626	0	0	633
12189	3	0	5	677	0	685
12190	1	0	2	686	0	689
12191	1	0	670	7	0	678
12192	0	1	6	600	0	607
12193	0	1	1	642	0	644
12194	0	638	4	8	0	650
12195	1	7	1	653	0	662
12196	1	0	1	660	0	662
12197	660	2	0	8	0	670
12198	673	0	0	4	0	677
12199	682	0	1	4	0	687
12200	686	0	1	1	0	688
12201	690	0	0	3	0	693
12202	9	1	644	1	0	655
12203	2	3	7	647	0	659
12204	1	0	1	683	0	685
12205	1	1	655	10	0	667
12206	651	0	7	4	0	662
12207	675	1	1	3	0	680
12208	12	1	636	1	0	650
12209	701	0	7	3	0	711
12210	712	1	1	3	0	717
12211	10	2	772	1	0	785
12212	3	0	7	790	0	800
12213	6	853	4	10	0	873
12214	3	11	2	932	0	948
12215	5	1	1	945	0	952
12216	3	1	2	866	0	872
12217	1	0	847	16	0	864
12218	800	0	12	4	0	816
12219	868	0	4	3	0	875
12220	13	1	3	861	0	878
12221	4	1	816	14	0	835
12222	3	2	11	814	0	830
12223	3	0	893	14	0	910
12224	1	1	852	6	0	860
12225	3	837	18	4	0	862
12226	3	17	5	898	0	923
12227	850	4	2	17	0	873
12228	861	1	0	6	0	868
12229	867	1	0	7	0	875
12230	20	0	5	841	0	866
12231	5	920	1	21	0	947
12232	4	24	3	961	0	992
12233	2	4	1079	29	0	1114
12234	1131	4	30	6	0	1171
12235	1287	2	4	5	0	1298
12236	44	0	4	1259	0	1307
12237	9	0	5	1272	0	1286
12238	10	2	1	1307	0	1320
12239	7	1	1219	47	0	1274
12240	1055	1	42	10	0	1108
12241	41	1184	4	11	0	1240
12242	8	1233	6	9	0	1256
12243	9	40	1196	5	0	1250
12244	7	7	40	1166	0	1220
12245	5	8	1184	42	0	1239
12246	1123	5	43	10	0	1181
12247	43	3	8	1181	0	1235
12248	11	1	1162	46	0	1220
12249	12	1235	39	8	0	1294
12250	1219	38	6	13	0	1276
12251	43	7	1187	7	0	1244
12252	6	1190	46	10	0	1252
12253	7	1202	6	6	0	1221
12254	1272	44	11	6	0	1333
12255	43	9	8	1263	0	1323
12256	8	13	1245	46	0	1312
12257	7	1266	46	12	0	1331
12258	1276	43	8	11	0	1338
12259	1294	7	7	9	0	1317
12260	45	1243	12	10	0	1310
12261	12	48	1244	6	0	1310
12262	13	12	38	1278	0	1341
12263	1346	7	9	43	0	1405
12264	1362	7	11	14	0	1394
12265	50	7	1298	8	0	1363
12266	14	7	44	1286	0	1351
12267	15	4	8	1368	0	1395
12268	15	3	1311	51	0	1380
12269	7	10	1278	13	0	1308
12270	1303	3	54	10	0	1370
12271	1362	5	8	15	0	1390
12272	1376	7	12	7	0	1402
12273	1381	8	11	5	0	1405
12274	59	2	1291	7	0	1359
12275	1307	6	45	11	0	1369
12276	56	4	9	1325	0	1394
12277	17	4	1350	48	0	1419
12278	12	2	1358	12	0	1384
12279	14	1323	49	10	0	1396
12280	10	43	9	1239	0	1301
12281	11	5	1250	40	0	1306
12282	1202	8	49	10	0	1269
12283	44	14	12	1052	0	1122
12284	14	1243	10	29	0	1296
12285	1272	38	12	12	0	1334
12286	1289	7	11	8	0	1315
12287	49	11	1243	6	0	1309
12288	16	1184	41	8	0	1249
12289	15	38	10	1170	0	1233
12290	1157	8	14	38	0	1217
12291	52	11	8	1152	0	1223
12292	10	9	1106	40	0	1165
12293	998	7	39	15	0	1059
12294	46	1037	12	9	0	1104
12295	16	1053	12	7	0	1088
12296	4	1102	14	11	0	1131
12297	1107	40	7	5	0	1159
12298	1032	7	7	10	0	1056
12299	1100	11	14	2	0	1127
12300	52	9	4	1066	0	1131
12301	23	6	1052	42	0	1123
12302	20	3	44	1069	0	1136
12303	1077	6	10	45	0	1138
12304	48	6	10	1081	0	1145
12305	1106	1	9	48	0	1164
12306	1120	4	3	20	0	1147
12307	1108	1	10	11	0	1130
12308	57	1070	11	6	0	1144
12309	1067	38	4	10	0	1119
12310	56	12	1025	6	0	1099
12311	18	9	1010	9	0	1046
12312	14	976	50	3	0	1043
12313	16	37	13	922	0	988
12314	915	11	9	42	0	977
12315	46	10	878	10	0	944
12316	865	4	43	6	0	918
12317	48	6	9	868	0	931
12318	18	875	5	46	0	944
12319	12	37	13	889	0	951
12320	11	10	880	43	0	944
12321	845	8	38	13	0	904
12322	41	12	877	15	0	945
12323	14	6	810	8	0	838
12324	789	2	44	7	0	842
12325	41	786	16	5	0	848
12326	862	32	10	1	0	905
12327	891	10	5	5	0	911
12328	45	7	829	4	0	885
12329	825	7	33	4	0	869
12330	41	7	824	4	0	876
12331	18	1	788	6	0	813
12332	16	3	793	4	0	816
12333	12	612	28	4	0	656
12334	539	11	34	5	0	589
12335	494	5	5	3	0	507
12336	510	1	2	3	0	516
12337	510	1	1	2	0	514
12338	20	0	473	5	0	498
12339	14	1	11	466	0	492
12340	6	0	6	504	0	516
12341	497	3	1	14	0	515
12342	12	478	1	9	0	500
12343	9	9	4	494	0	516
12344	492	6	5	11	0	514
12345	14	3	492	7	0	516
12346	6	6	7	489	0	508
12347	5	1	500	13	0	519
12348	5	476	15	7	0	503
12349	2	8	9	415	0	434
12350	416	7	1	11	0	435
12351	9	3	1	471	0	484
12352	8	3	451	12	0	474
12353	1	437	12	10	0	460
12354	373	8	8	1	0	390
12355	12	6	365	2	0	385
12356	347	2	14	0	0	363
12357	11	367	8	1	0	387
12358	384	11	2	0	0	397
12359	387	7	1	0	0	395
12360	18	1	0	369	0	388
12361	9	1	446	10	0	466
12362	4	485	11	5	0	505
12363	2	10	5	449	0	466
12364	2	5	4	471	0	482
12365	1	1	5	529	0	536
12366	1	3	2	503	0	509
12367	3	560	0	22	0	585
12368	600	16	2	8	0	626
12369	20	594	4	2	0	620
12370	9	19	1	607	0	636
12371	593	9	3	18	0	623
12372	20	2	1	607	0	630
12373	8	2	574	22	0	606
12374	4	588	16	10	0	618
12375	4	19	7	583	0	613
12376	0	8	2	629	0	639
12377	566	2	0	27	0	595
12378	21	1	549	10	0	581
12379	552	1	19	4	0	576
12380	568	2	11	3	0	584
12381	586	2	2	3	0	593
12382	27	1	543	6	0	577
12383	12	1	20	546	0	579
12384	4	2	8	578	0	592
12385	3	0	578	25	0	606
12386	3	3	589	9	0	604
12387	569	1	29	4	0	603
12388	21	2	12	576	0	611
12389	575	1	5	22	0	603
12390	600	3	1	11	0	615
12391	33	3	3	582	0	621
12392	16	2	649	23	0	690
12393	648	2	22	10	0	682
12394	27	3	10	672	0	712
12395	13	3	647	23	0	686
12396	5	662	22	14	0	703
12397	661	22	11	8	0	702
12398	21	680	4	9	0	714
12399	8	21	3	510	0	542
12400	2	620	3	18	0	643
12401	610	19	2	7	0	638
12402	615	6	2	7	0	630
12403	25	619	0	3	0	647
12404	621	16	3	2	0	642
12405	605	7	2	5	0	619
12406	20	589	2	4	0	615
12407	605	18	3	3	0	629
12408	18	5	4	599	0	626
12409	9	4	3	615	0	631
12410	605	4	2	23	0	634
12411	22	1	3	550	0	576
12412	9	604	3	20	0	636
12413	602	17	4	7	0	630
12414	587	6	4	2	0	599
12415	26	607	3	7	0	643
12416	614	18	1	7	0	640
12417	621	5	3	6	0	635
12418	21	2	4	614	0	641
12419	11	3	596	20	0	630
12420	9	608	15	11	0	643
12421	611	17	7	9	0	644
12422	632	9	3	6	0	650
12423	34	2	585	4	0	625
12424	611	2	18	8	0	639
12425	19	5	565	7	0	596
12426	579	8	17	2	0	606
12427	24	4	5	582	0	615
12428	10	5	557	24	0	596
12429	7	3	575	10	0	595
12430	8	6	21	554	0	589
12431	9	2	7	527	0	545
12432	8	4	518	23	0	553
12433	7	7	18	535	0	567
12434	9	6	520	19	0	554
12435	11	4	19	526	0	560
12436	9	5	8	499	0	521
12437	7	511	5	27	0	550
12438	10	524	7	10	0	551
12439	10	544	5	9	0	568
12440	10	20	5	526	0	561
12441	5	8	9	546	0	568
12442	7	6	513	26	0	552
12443	520	4	15	17	0	556
12444	531	3	8	9	0	551
12445	30	513	9	5	0	557
12446	521	18	5	9	0	553
12447	24	8	8	520	0	560
12448	529	4	5	18	0	556
12449	534	3	8	10	0	555
12450	28	4	8	523	0	563
12451	441	6	5	21	0	473
12452	20	459	5	11	0	495
12453	10	477	5	4	0	496
12454	11	20	5	430	0	466
12455	8	486	7	16	0	517
12456	15	17	5	473	0	510
12457	16	5	1	489	0	511
12458	468	8	5	26	0	507
12459	26	474	5	10	0	515
12460	469	17	5	5	0	496
12461	369	9	4	6	0	388
12462	24	346	3	4	0	377
12463	335	16	1	10	0	362
12464	20	6	338	5	0	369
12465	10	306	10	4	0	330
12466	304	12	4	2	0	322
12467	12	7	249	1	0	269
12468	5	207	6	3	0	221
12469	3	221	2	3	0	229
12470	216	9	1	2	0	228
12471	220	0	1	1	0	222
12472	218	4	2	1	0	225
12473	10	210	1	3	0	224
12474	5	6	2	214	0	227
12475	204	4	2	8	0	218
12476	214	0	1	4	0	219
12477	9	1	3	206	0	219
12478	2	4	195	8	0	209
12479	6	1	206	2	0	215
12480	2	1	11	203	0	217
12481	3	3	1	208	0	215
12482	3	1	204	9	0	217
12483	3	0	9	186	0	198
12484	3	203	3	9	0	218
12485	188	5	2	4	0	199
12486	5	4	2	188	0	199
12487	223	0	3	8	0	234
12488	7	223	1	6	0	237
12489	4	225	4	1	0	234
12490	224	5	1	3	0	233
12491	7	1	227	2	0	237
12492	128	0	3	0	0	131
12493	3	126	0	1	0	130
12494	0	3	0	133	0	136
12495	135	0	0	3	0	138
12496	3	0	0	130	0	133
12497	160	0	0	3	0	163
12498	160	0	0	0	0	160
12499	2	212	0	1	0	215
12500	222	3	0	0	0	225
12501	3	209	1	0	0	213
12502	221	3	0	0	0	224
12503	3	0	0	214	0	217
12504	221	0	0	3	0	224
12505	3	0	0	255	0	258
12506	278	0	0	3	0	281
12507	270	0	0	0	0	270
12508	280	0	0	0	0	280
12509	273	0	0	0	0	273
12510	296	0	1	0	0	297
12511	4	1	0	284	0	289
12512	267	0	0	5	0	272
12513	3	243	0	0	0	246
12514	0	7	252	0	0	259
12515	0	1	5	252	0	258
12516	1	0	276	5	0	282
12517	1	0	3	303	0	307
12518	0	0	310	5	0	315
12519	284	1	5	1	0	291
12520	5	0	0	301	0	306
12521	1	1	300	5	0	307
12522	1	0	338	0	0	339
12523	0	0	5	341	0	346
12524	425	0	1	5	0	431
12525	6	496	0	0	0	502
12526	523	6	0	1	0	530
12527	530	1	0	1	0	532
12528	7	504	0	1	0	512
12529	529	6	0	1	0	536
12530	6	2	0	519	0	527
12531	2	0	0	527	0	529
12532	0	0	0	534	0	534
12533	525	0	0	7	0	532
12534	4	503	0	1	0	508
12535	1	7	0	521	0	529
12536	1	1	0	527	0	529
12537	527	0	1	7	0	535
12538	6	0	0	586	0	592
12539	3	1	593	6	0	603
12540	0	586	4	3	0	593
12541	602	6	1	0	0	609
12542	6	1	0	583	0	590
12543	2	592	0	6	0	600
12544	608	6	0	1	0	615
12545	6	2	578	0	0	586
12546	2	584	5	0	0	591
12547	652	6	1	0	0	659
12548	6	1	0	649	0	656
12549	1	0	0	650	0	651
12550	0	0	645	7	0	652
12551	0	0	6	617	0	623
12552	2	1	751	5	0	759
12553	1	1	721	1	0	724
12554	1	1	767	1	0	770
12555	746	0	6	0	0	752
12556	784	0	1	0	0	785
12557	804	0	0	1	0	805
12558	8	1	0	791	0	800
12559	1	774	0	6	0	781
12560	0	794	0	0	0	794
12561	798	7	0	1	0	806
12562	795	1	1	0	0	797
12563	6	778	0	1	0	785
12564	776	2	0	0	0	778
12565	3	1	758	0	0	762
12566	1	0	753	0	0	754
12567	0	0	4	709	0	713
12568	0	0	1	779	0	780
12569	0	0	772	4	0	776
12570	0	1	2	743	0	746
12571	779	0	1	3	0	783
12572	3	0	774	1	0	778
12573	734	0	3	1	0	738
12574	3	0	1	817	0	821
12575	1	1	850	3	0	855
12576	0	822	2	1	0	825
12577	868	3	1	0	0	872
12578	3	1	836	13	0	853
12579	841	0	5	0	0	846
12580	3	0	1	862	0	866
12581	863	0	0	3	0	866
12582	2	2	861	1	0	866
12583	1	0	3	847	0	851
12584	870	0	0	3	0	873
12585	854	0	0	1	0	855
12586	860	0	0	0	0	860
12587	832	0	0	0	0	832
12588	4	0	0	810	0	814
12589	1	1	1	815	0	818
12590	2	0	816	4	0	822
12591	0	0	2	793	0	795
12592	0	0	2	800	0	802
12593	1	799	0	4	0	804
12594	825	3	1	1	0	830
12595	845	3	0	1	0	849
12596	8	921	0	0	0	929
12597	2	15	0	916	0	933
12598	1	3	0	927	0	931
12599	854	1	1	16	0	872
12600	15	0	894	6	0	915
12601	2	0	15	910	0	927
12602	1	2	978	16	0	997
12603	937	0	13	2	0	952
12604	991	1	1	1	0	994
12605	969	0	0	1	0	970
12606	19	1	0	922	0	942
12607	4	0	0	936	0	940
12608	935	0	0	17	0	952
12609	13	1	917	3	0	934
12610	3	1	12	897	0	913
12611	918	0	1	13	0	932
12612	13	1	1	909	0	924
12613	3	1	966	13	0	983
12614	3	0	959	2	0	964
12615	904	0	16	1	0	921
12616	11	929	2	0	0	942
12617	939	13	0	1	0	953
12618	988	2	1	1	0	992
12619	15	1	0	962	0	978
12620	4	1	1	972	0	978
12621	1	946	2	16	0	965
12622	924	11	1	4	0	940
12623	13	920	1	2	0	936
12624	2	879	3	1	0	885
12625	2	14	0	780	0	796
12626	774	2	2	12	0	790
12627	785	1	1	2	0	789
12628	13	0	1	771	0	785
12629	4	0	0	784	0	788
12630	3	0	0	778	0	781
12631	773	0	2	15	0	790
12632	14	1	756	4	0	775
12633	2	759	13	3	0	777
12634	781	12	1	2	0	796
12635	13	8	1	788	0	810
12636	2	1	802	15	0	820
12637	2	0	783	3	0	788
12638	0	713	13	5	0	731
12639	4	781	3	0	0	788
12640	1	17	2	760	0	780
12641	3	732	0	14	0	749
12642	1	15	1	771	0	788
12643	2	2	2	779	0	785
12644	770	2	3	15	0	790
12645	12	3	1	801	0	817
12646	2	1	2	809	0	814
12647	5	3	748	15	0	771
12648	3	2	13	761	0	779
12649	753	1	2	19	0	775
12650	758	1	3	4	0	766
12651	15	742	1	5	0	763
12652	684	14	0	3	0	701
12653	16	4	644	1	0	665
12654	3	623	15	5	0	646
12655	4	14	1	649	0	668
12656	2	2	2	649	0	655
12657	3	3	3	647	0	656
12658	629	1	5	17	0	652
12659	618	3	3	7	0	631
12660	15	5	626	6	0	652
12661	6	4	696	4	0	710
12662	9	2	685	5	0	701
12663	5	664	16	7	0	692
12664	6	676	1	5	0	688
12665	713	20	1	5	0	739
12666	716	3	1	7	0	727
12667	18	4	4	704	0	730
12668	4	1	4	719	0	728
12669	3	707	2	21	0	733
12670	8	15	1	740	0	764
12671	4	2	705	23	0	734
12672	3	695	20	10	0	728
12673	5	14	6	738	0	763
12674	4	4	702	20	0	730
12675	5	5	16	639	0	665
12676	5	643	5	18	0	671
12677	682	21	2	4	0	709
12678	686	4	2	8	0	700
12679	809	1	2	8	0	820
12680	26	3	2	822	0	853
12681	4	1	3	842	0	850
12682	874	6	0	26	0	906
12683	25	862	3	7	0	897
12684	1108	23	2	10	0	1143
12685	33	7	1118	2	0	1160
12686	1187	4	28	4	0	1223
12687	1203	4	7	10	0	1224
12688	39	1	4	1187	0	1231
12689	1206	2	2	35	0	1245
12690	1223	4	1	9	0	1237
12691	37	1	5	1236	0	1279
12692	11	4	1200	36	0	1251
12693	1138	3	29	10	0	1180
12694	38	8	1125	10	0	1181
12695	9	1194	29	5	0	1237
12696	4	19	6	1144	0	1173
12697	2	7	2	1252	0	1263
12698	1268	1	4	26	0	1299
12699	21	5	1263	5	0	1294
12700	8	3	20	1187	0	1218
12701	5	1243	7	21	0	1276
12702	4	1181	3	11	0	1199
12703	3	25	4	1244	0	1276
12704	5	8	1180	26	0	1219
12705	3	4	18	1243	0	1268
12706	0	4	9	1249	0	1262
12707	6	12	1087	26	0	1131
12708	5	1251	19	9	0	1284
12709	1213	23	4	10	0	1250
12710	21	1245	4	7	0	1277
12711	10	22	3	1252	0	1287
12712	1204	13	1	26	0	1244
12713	24	1148	8	12	0	1192
12714	12	23	1125	2	0	1162
12715	1125	11	18	7	0	1161
12716	22	1175	7	5	0	1209
12717	1231	23	4	8	0	1266
12718	28	8	1117	5	0	1158
12719	1148	4	24	1	0	1177
12720	26	5	8	1131	0	1170
12721	17	2	1115	23	0	1157
12722	3	4	25	1136	0	1168
12723	6	1148	9	25	0	1188
12724	5	22	4	1199	0	1230
12725	2	10	3	1215	0	1230
12726	6	5	1128	29	0	1168
12727	6	3	24	1188	0	1221
12728	8	15	956	26	0	1005
12729	4	1152	24	14	0	1194
12730	4	24	7	1184	0	1219
12731	5	14	1137	27	0	1183
12732	3	1120	24	15	0	1162
12733	4	1240	11	6	0	1261
12734	4	33	1213	8	0	1258
12735	9	9	1160	4	0	1182
12736	2	4	33	1189	0	1228
12737	1199	7	8	24	0	1238
12738	30	1183	4	10	0	1227
12739	11	23	5	1158	0	1197
12740	1173	7	5	25	0	1210
12741	29	1143	4	17	0	1193
12742	1159	22	1	16	0	1198
12743	32	1153	6	5	0	1196
12744	1171	31	5	4	0	1211
12745	1138	10	3	9	0	1160
12746	1133	7	12	5	0	1157
12747	45	1111	4	8	0	1168
12748	23	22	7	1136	0	1188
12749	14	11	1090	38	0	1153
12750	14	1102	28	19	0	1163
12751	17	24	11	1124	0	1176
12752	13	14	5	1109	0	1141
12753	14	10	1064	31	0	1119
12754	17	1060	29	21	0	1127
12755	1076	25	20	7	0	1128
12756	37	1070	3	13	0	1123
12757	15	22	7	1111	0	1155
12758	10	12	1061	37	0	1120
12759	1036	9	25	17	0	1087
12760	27	6	13	1094	0	1140
12761	11	11	995	37	0	1054
12762	960	13	29	15	0	1017
12763	34	989	12	11	0	1046
12764	1008	32	8	17	0	1065
12765	1011	15	12	13	0	1051
12766	38	8	2	1019	0	1067
12767	18	10	991	36	0	1055
12768	10	1018	31	16	0	1075
12769	6	38	1016	17	0	1077
12770	15	20	28	967	0	1030
12771	6	21	12	1043	0	1082
12772	1024	7	17	45	0	1093
12773	36	9	997	22	0	1064
12774	13	979	30	17	0	1039
12775	12	25	13	1012	0	1062
12776	11	18	9	1059	0	1097
12777	1022	18	9	33	0	1082
12778	32	1022	6	23	0	1083
12779	9	24	10	893	0	936
12780	944	12	4	21	0	981
12781	20	961	6	13	0	1000
12782	915	22	5	3	0	945
12783	947	11	4	5	0	967
12784	23	737	7	2	0	769
12785	653	10	3	1	0	667
12786	9	641	4	2	0	656
12787	659	7	3	5	0	674
12788	649	4	1	5	0	659
12789	12	628	2	2	0	644
12790	606	9	1	5	0	621
12791	605	5	2	5	0	617
12792	617	2	0	7	0	626
12793	10	4	576	6	0	596
12794	7	9	555	3	0	574
12795	5	2	540	5	0	552
12796	558	2	10	5	0	575
12797	7	3	484	1	0	495
12798	14	1	401	0	0	416
12799	0	1	2	320	0	323
12800	353	0	0	1	0	354
12801	3	1	340	1	0	345
12802	3	2	361	1	0	367
12803	2	2	1	343	0	348
12804	3	2	0	347	0	352
12805	3	1	2	354	0	360
12806	2	1	355	1	0	359
12807	2	3	2	345	0	352
12808	354	1	0	2	0	357
12809	3	337	3	1	0	344
12810	4	1	1	355	0	361
12811	1	1	1	355	0	358
12812	3	1	344	1	0	349
12813	2	336	3	1	0	342
12814	354	1	2	1	0	358
12815	4	340	1	2	0	347
12816	1	0	4	352	0	357
12817	1	1	350	2	0	354
12818	2	0	4	345	0	351
12819	2	1	2	472	0	477
12820	485	0	4	2	0	491
12821	2	1	3	458	0	464
12822	0	442	1	6	0	449
12823	2	553	2	4	0	561
12824	2	2	565	2	0	571
12825	565	2	3	2	0	572
12826	4	2	2	615	0	623
12827	2	2	1	601	0	606
12828	1	1	1	637	0	640
12829	652	1	2	6	0	661
12830	3	648	1	6	0	658
12831	672	4	2	4	0	682
12832	6	4	640	2	0	652
12833	4	4	579	3	0	590
12834	609	5	3	2	0	619
12835	3	3	2	618	0	626
12836	2	1	5	613	0	621
12837	4	1	2	631	0	638
12838	2	2	611	7	0	622
12839	611	0	2	8	0	621
12840	619	2	2	6	0	629
12841	619	2	1	3	0	625
12842	4	3	3	618	0	628
12843	7	0	610	4	0	621
12844	5	0	618	5	0	628
12845	2	2	697	4	0	705
12846	3	723	4	3	0	733
12847	4	4	2	771	0	781
12848	765	4	4	5	0	778
12849	5	2	774	5	0	786
12850	777	3	5	4	0	789
12851	5	1	3	796	0	805
12852	6	1	3	772	0	782
12853	4	745	4	6	0	759
12854	4	746	0	9	0	759
12855	1	770	5	6	0	782
12856	2	7	5	793	0	807
12857	779	3	8	3	0	793
12858	787	6	2	4	0	799
12859	8	1	766	5	0	780
12860	770	0	5	5	0	780
12861	4	1	804	6	0	815
12862	6	0	7	791	0	804
12863	4	0	797	8	0	809
12864	790	2	5	4	0	801
12865	5	1	2	799	0	807
12866	3	5	802	7	0	817
12867	4	3	771	4	0	782
12868	766	1	7	6	0	780
12869	802	3	4	6	0	815
12870	7	834	5	6	0	852
12871	5	6	5	862	0	878
12872	8	3	845	6	0	862
12873	5	4	813	3	0	825
12874	3	5	7	835	0	850
12875	807	1	4	7	0	819
12876	8	815	4	3	0	830
12877	2	6	3	842	0	853
12878	848	5	3	6	0	862
12879	6	4	3	817	0	830
12880	5	728	3	10	0	746
12881	6	6	1	754	0	767
12882	742	6	1	9	0	758
12883	9	3	2	711	0	725
12884	708	1	2	13	0	724
12885	9	680	3	6	0	698
12886	713	5	4	6	0	728
12887	9	6	691	2	0	708
12888	685	4	6	3	0	698
12889	713	1	7	8	0	729
12890	10	691	5	5	0	711
12891	8	7	6	724	0	745
12892	7	6	709	6	0	728
12893	7	4	692	9	0	712
12894	681	3	10	28	0	722
12895	685	3	8	5	0	701
12896	9	688	5	7	0	709
12897	10	710	3	3	0	726
12898	705	12	2	4	0	723
12899	9	694	2	4	0	709
12900	7	723	4	3	0	737
12901	5	11	4	735	0	755
12902	7	9	1	733	0	750
12903	4	2	750	14	0	770
12904	4	2	7	748	0	761
12905	755	1	7	12	0	775
12906	10	0	749	8	0	767
12907	8	2	725	7	0	742
12908	7	3	13	713	0	736
12909	4	4	7	760	0	775
12910	4	0	4	770	0	778
12911	3	3	747	11	0	764
12912	5	2	9	742	0	758
12913	2	2	9	761	0	774
12914	759	4	4	11	0	778
12915	6	740	4	13	0	763
12916	761	5	4	7	0	777
12917	11	7	742	1	0	761
12918	703	6	5	5	0	719
12919	7	604	4	5	0	620
12920	562	4	1	0	0	567
12921	5	563	0	0	0	568
12922	561	4	1	1	0	567
12923	6	446	0	0	0	452
12924	2	441	1	0	0	444
12925	45	7	0	419	0	471
12926	413	4	0	2	0	419
12927	439	1	0	3	0	443
12928	477	1	0	1	0	479
12929	6	1	449	0	0	456
12930	4	2	446	1	0	453
12931	2	0	5	448	0	455
12932	1	458	3	2	0	464
12933	1	462	1	2	0	466
12934	0	4	1	471	0	476
12935	474	4	1	2	0	481
12936	459	1	0	4	0	464
12937	472	1	0	2	0	475
12938	6	2	450	0	0	458
12939	4	0	2	473	0	479
12940	1	0	468	3	0	472
12941	463	0	3	3	0	469
12942	460	0	3	1	0	464
12943	6	0	456	0	0	462
12944	4	0	3	419	0	426
12945	385	1	4	3	0	393
12946	4	0	1	360	0	365
12947	5	0	0	378	0	383
12948	1	0	1	439	0	441
12949	405	1	0	12	0	418
12950	8	0	0	603	0	611
12951	576	0	0	20	0	596
12952	17	628	0	9	0	654
12953	6	15	0	662	0	683
12954	6	5	1	673	0	685
12955	2	2	0	681	0	685
12956	655	0	1	28	0	684
12957	18	1	2	658	0	679
12958	8	0	1	650	0	659
12959	681	1	0	20	0	702
12960	679	0	2	11	0	692
12961	672	0	1	6	0	679
12962	28	0	627	2	0	657
12963	10	3	584	2	0	599
12964	626	1	18	2	0	647
12965	20	1	9	647	0	677
12966	8	2	2	642	0	654
12967	657	0	1	23	0	681
12968	620	1	3	10	0	634
12969	604	2	2	3	0	611
12970	25	554	0	6	0	585
12971	573	16	1	3	0	593
12972	545	6	2	1	0	554
12973	24	532	1	2	0	559
12974	12	519	0	1	0	532
12975	4	51	2	506	0	563
12976	538	3	1	17	0	559
12977	552	2	1	4	0	559
12978	533	1	0	4	0	538
12979	21	1	2	558	0	582
12980	564	0	3	17	0	584
12981	21	2	528	4	0	555
12982	545	0	16	6	0	567
12983	20	2	550	3	0	575
12984	6	0	527	1	0	534
12985	5	1	20	547	0	573
12986	540	0	7	18	0	565
12987	18	3	3	556	0	580
12988	9	0	543	22	0	574
12989	6	1	519	5	0	531
12990	4	1	18	540	0	563
12991	511	1	7	18	0	537
12992	22	577	4	7	0	610
12993	8	16	2	568	0	594
12994	7	3	2	587	0	599
12995	6	5	594	20	0	625
12996	4	0	592	10	0	606
12997	5	1	17	615	0	638
12998	596	3	8	22	0	629
12999	22	1	578	11	0	612
13000	10	3	16	606	0	635
13001	6	5	5	632	0	648
13002	6	1	3	638	0	648
13003	575	1	0	33	0	609
13004	24	3	444	16	0	487
13005	12	552	17	10	0	591
13006	11	17	7	573	0	608
13007	13	5	554	22	0	594
13008	13	542	20	11	0	586
13009	14	574	5	13	0	606
13010	561	21	7	13	0	602
13011	29	559	5	10	0	603
13012	605	27	5	12	0	649
13013	31	6	579	15	0	631
13014	14	9	17	604	0	644
13015	597	1	5	36	0	639
13016	36	589	6	15	0	646
13017	17	22	584	19	0	642
13018	15	9	18	501	0	543
13019	19	595	5	22	0	641
13020	21	18	7	619	0	665
13021	603	6	5	26	0	640
13022	33	608	10	11	0	662
13023	650	21	10	15	0	696
13024	659	4	8	17	0	688
13025	41	8	622	15	0	686
13026	32	635	24	31	0	722
13027	23	23	9	675	0	730
13028	13	9	655	35	0	712
13029	23	8	740	10	0	781
13030	14	6	34	777	0	831
13031	818	5	16	34	0	873
13032	827	9	13	9	0	858
13033	47	8	8	815	0	878
13034	28	9	791	39	0	867
13035	18	811	29	19	0	877
13036	829	36	12	14	0	891
13037	841	10	9	9	0	869
13038	53	872	8	9	0	942
13039	892	31	8	12	0	943
13040	48	15	853	10	0	926
13041	871	9	40	8	0	928
13042	879	2	15	10	0	906
13043	43	5	885	10	0	943
13044	23	1	43	873	0	940
13045	9	3	845	46	0	903
13046	15	837	39	19	0	910
13047	9	862	17	19	0	907
13048	8	33	14	780	0	835
13049	3	10	796	40	0	849
13050	3	606	16	5	0	630
13051	2	638	4	5	0	649
13052	555	19	5	0	0	579
13053	567	9	1	2	0	579
13054	18	3	1	612	0	634
13055	9	2	2	582	0	595
13056	2	600	3	19	0	624
13057	585	15	2	6	0	608
13058	601	9	1	2	0	613
13059	20	594	0	3	0	617
13060	7	11	0	608	0	626
13061	2	10	611	16	0	639
13062	3	4	13	629	0	649
13063	626	2	6	17	0	651
13064	17	2	4	639	0	662
13065	8	3	1	655	0	667
13066	636	2	1	21	0	660
13067	15	0	2	622	0	639
13068	8	626	1	15	0	650
13069	6	13	1	641	0	661
13070	3	6	2	646	0	657
13071	5	3	0	615	0	623
13072	2	626	1	21	0	650
13073	1	17	3	649	0	670
13074	0	7	622	21	0	650
13075	2	4	13	670	0	689
13076	2	1	656	20	0	679
13077	1	644	15	7	0	667
13078	2	18	6	677	0	703
13079	2	5	4	660	0	671
13080	2	2	0	649	0	653
13081	1	1	1	667	0	670
13082	2	3	625	21	0	651
13083	2	616	15	10	0	643
13084	1	16	6	647	0	670
13085	4	6	637	19	0	666
13086	1	5	16	649	0	671
13087	643	0	6	20	0	669
13088	18	3	617	7	0	645
13089	644	4	11	4	0	663
13090	20	2	5	628	0	655
13091	8	1	627	18	0	654
13092	7	569	16	11	0	603
13093	4	16	9	596	0	625
13094	7	7	597	17	0	628
13095	5	584	14	10	0	613
13096	4	16	10	591	0	621
13097	590	10	7	16	0	623
13098	623	8	4	11	0	646
13099	638	2	5	7	0	652
13100	27	5	596	3	0	631
13101	13	599	17	4	0	633
13102	10	16	8	600	0	634
13103	6	9	8	700	0	723
13104	698	8	1	26	0	733
13105	23	705	7	13	0	748
13106	736	24	4	7	0	771
13107	739	16	5	3	0	763
13108	757	8	4	8	0	777
13109	37	3	707	4	0	751
13110	738	5	20	6	0	769
13111	31	3	10	732	0	776
13112	12	3	8	735	0	758
13113	722	6	3	32	0	763
13114	25	5	4	708	0	742
13115	14	723	3	24	0	764
13116	10	24	1	744	0	779
13117	730	10	2	29	0	771
13118	24	8	694	15	0	741
13119	13	719	19	12	0	763
13120	11	19	5	726	0	761
13121	716	8	6	27	0	757
13122	21	9	708	15	0	753
13123	9	2	17	699	0	727
13124	6	4	697	22	0	729
13125	4	4	693	13	0	714
13126	5	5	661	10	0	681
13127	4	6	672	9	0	691
13128	5	5	639	8	0	657
13129	517	22	21	6	0	566
13130	10	516	8	7	0	541
13131	480	8	4	3	0	495
13132	486	3	2	3	0	494
13133	13	474	1	5	0	493
13134	5	494	1	4	0	504
13135	504	9	2	3	0	518
13136	519	6	1	5	0	531
13137	11	3	1	492	0	507
13138	4	458	1	7	0	470
13139	469	6	0	4	0	479
13140	8	453	1	4	0	466
13141	5	7	1	467	0	480
13142	466	3	1	5	0	475
13143	451	2	1	6	0	460
13144	10	1	1	443	0	455
13145	5	0	1	455	0	461
13146	6	0	438	10	0	454
13147	1	0	7	432	0	440
13148	0	2	443	8	0	453
13149	1	1	6	404	0	412
13150	2	1	3	420	0	426
13151	416	0	4	9	0	429
13152	402	2	1	6	0	411
13153	7	2	399	3	0	411
13154	369	0	6	2	0	377
13155	8	1	4	382	0	395
13156	3	2	388	6	0	399
13157	3	1	7	382	0	393
13158	3	0	6	419	0	428
13159	2	1	412	11	0	426
13160	2	1	6	423	0	432
13161	4	1	420	9	0	434
13162	3	2	10	415	0	430
13163	417	4	3	10	0	434
13164	10	427	3	5	0	445
13165	443	7	0	4	0	454
13166	12	473	1	3	0	489
13167	482	13	0	3	0	498
13168	11	472	1	1	0	485
13169	476	11	2	1	0	490
13170	12	472	1	4	0	489
13171	6	10	4	483	0	503
13172	5	6	479	11	0	501
13173	5	2	465	6	0	478
13174	3	4	10	468	0	485
13175	434	0	7	9	0	450
13176	8	425	6	5	0	444
13177	9	8	2	443	0	462
13178	3	6	437	13	0	459
13179	5	4	436	7	0	452
13180	2	3	11	409	0	425
13181	1	448	7	12	0	468
13182	457	9	9	30	0	505
13183	8	5	535	4	0	552
13184	5	2	523	6	0	536
13185	6	522	10	2	0	540
13186	545	11	7	2	0	565
13187	548	5	6	3	0	562
13188	11	5	5	536	0	557
13189	544	2	5	10	0	561
13190	547	1	3	8	0	559
13191	11	531	3	7	0	552
13192	555	9	2	2	0	568
13193	11	5	543	3	0	562
13194	8	2	10	533	0	553
13195	3	7	8	510	0	528
13196	517	0	4	12	0	533
13197	12	512	2	7	0	533
13198	479	8	1	6	0	494
13199	12	557	0	2	0	571
13200	4	549	2	3	0	558
13201	5	15	535	0	0	555
13202	5	7	543	2	0	557
13203	442	4	5	2	0	453
13204	437	3	12	1	0	453
13205	6	0	498	3	0	507
13206	4	454	3	3	0	464
13207	3	467	1	2	0	473
13208	495	3	1	1	0	500
13209	486	2	2	0	0	490
13210	4	4	1	476	0	485
13211	489	2	2	5	0	498
13212	6	2	4	472	0	484
13213	3	1	482	5	0	491
13214	3	1	439	3	0	446
13215	431	1	4	2	0	438
13216	4	3	1	453	0	461
13217	2	456	4	4	0	466
13218	481	4	3	0	0	488
13219	481	2	1	3	0	487
13220	6	0	544	3	0	553
13221	513	4	3	0	0	520
13222	548	1	0	3	0	552
13223	6	0	4	537	0	547
13224	1	546	5	5	0	557
13225	3	554	2	2	0	561
13226	2	4	2	546	0	554
13227	5	3	0	525	0	533
13228	3	2	1	549	0	555
13229	3	3	541	5	0	552
13230	3	1	529	4	0	537
13231	3	2	5	526	0	536
13232	3	0	548	4	0	555
13233	2	1	529	4	0	536
13234	4	2	5	515	0	526
13235	3	1	530	6	0	540
13236	1	501	6	2	0	510
13237	526	5	1	2	0	534
13238	5	3	2	533	0	543
13239	3	527	3	4	0	537
13240	4	5	615	3	0	627
13241	3	0	5	598	0	606
13242	2	1	627	6	0	636
13243	3	1	6	610	0	620
13244	1	2	3	649	0	655
13245	1	2	655	8	0	666
13246	1	2	6	634	0	643
13247	1	641	3	12	0	657
13248	2	5	3	688	0	698
13249	6	2	700	8	0	716
13250	1	3	7	689	0	700
13251	682	3	3	7	0	695
13252	6	686	4	5	0	701
13253	3	7	3	697	0	710
13254	3	1	691	7	0	702
13255	2	658	7	3	0	670
13256	3	673	3	5	0	684
13257	1	7	663	4	0	675
13258	1	2	5	624	0	632
13259	2	1	3	642	0	648
13260	1	2	629	9	0	641
13261	1	595	9	4	0	609
13262	1	625	1	6	0	633
13263	627	5	1	2	0	635
13264	3	600	1	1	0	605
13265	612	3	2	0	0	617
13266	3	1	0	567	0	571
13267	651	0	0	4	0	655
13268	4	1	632	1	0	638
13269	663	0	3	1	0	667
13270	5	1	2	709	0	717
13271	2	703	1	3	0	709
13272	735	7	0	1	0	743
13273	5	3	1	750	0	759
13274	1	762	0	8	0	771
13275	1	833	1	1	0	836
13276	856	3	2	1	0	862
13277	850	2	1	0	0	853
13278	853	2	1	1	0	857
13279	6	2	1	835	0	844
13280	2	792	3	7	0	804
13281	1	814	1	3	0	819
13282	0	5	0	805	0	810
13283	773	1	1	4	0	779
13284	761	1	2	1	0	765
13285	776	0	1	2	0	779
13286	7	0	762	3	0	772
13287	2	2	728	1	0	733
13288	786	1	5	1	0	793
13289	3	1	2	796	0	802
13290	2	2	2	790	0	796
13291	2	2	0	796	0	800
13292	2	1	0	795	0	798
13293	2	1	780	7	0	790
13294	1	0	9	770	0	780
13295	1	1	783	8	0	793
13296	740	1	8	3	0	752
13297	4	790	3	3	0	800
13298	3	4	1	821	0	829
13299	1	0	3	756	0	760
13300	749	5	0	8	0	762
13301	743	2	1	3	0	749
13302	734	2	3	3	0	742
13303	743	3	3	0	0	749
13304	8	2	736	3	0	749
13305	3	3	691	3	0	700
13306	1	3	7	707	0	718
13307	731	2	1	10	0	744
13308	722	0	3	5	0	730
13309	8	3	713	1	0	725
13310	4	3	4	714	0	725
13311	727	2	4	6	0	739
13312	6	2	2	729	0	739
13313	3	2	739	6	0	750
13314	5	0	7	714	0	726
13315	765	1	4	9	0	779
13316	7	832	3	3	0	845
13317	868	4	2	2	0	876
13318	919	3	3	4	0	929
13319	899	3	1	4	0	907
13320	7	2	1	860	0	870
13321	831	4	3	6	0	844
13322	8	866	2	6	0	882
13323	5	889	4	5	0	903
13324	0	10	2	892	0	904
13325	935	5	0	8	0	948
13326	9	988	2	3	0	1002
13327	1181	39	0	5	0	1225
13328	1278	5	0	5	0	1288
13329	37	1302	3	5	0	1347
13330	9	33	1	1328	0	1371
13331	6	10	1	1363	0	1380
13332	2	5	1356	38	0	1401
13333	7	3	27	1349	0	1386
13334	10	2	1334	34	0	1380
13335	5	1316	34	12	0	1367
13336	4	34	9	1403	0	1450
13337	1344	8	7	38	0	1397
13338	1384	4	3	15	0	1406
13339	36	1	5	1374	0	1416
13340	12	0	1262	35	0	1309
13341	1165	0	44	12	0	1221
13342	28	1231	9	8	0	1276
13343	9	1260	5	6	0	1280
13344	11	1277	2	1	0	1291
13345	4	38	1	1266	0	1309
13346	4	12	1310	34	0	1360
13347	2	5	28	1293	0	1328
13348	7	3	1316	32	0	1358
13349	2	8	1287	12	0	1309
13350	5	4	1304	4	0	1317
13351	5	5	36	1221	0	1267
13352	3	4	11	1291	0	1309
13353	5	2	7	1322	0	1336
13354	4	2	2	1324	0	1332
13355	1303	2	8	41	0	1354
13356	28	1277	6	18	0	1329
13357	1307	29	9	7	0	1352
13358	31	1338	3	6	0	1378
13359	9	34	2	1339	0	1384
13360	5	11	1	1438	0	1455
13361	1460	5	1	43	0	1509
13362	1493	1	2	21	0	1517
13363	1508	4	6	7	0	1525
13364	1524	2	4	4	0	1534
13365	1516	7	3	6	0	1532
13366	39	1477	2	6	0	1524
13367	1405	33	0	6	0	1444
13368	36	1392	0	8	0	1436
13369	1378	32	4	3	0	1417
13370	37	7	1300	5	0	1349
13371	15	3	30	1282	0	1330
13372	9	1312	12	22	0	1355
13373	5	30	8	1303	0	1346
13374	6	14	1262	34	0	1316
13375	3	8	28	1230	0	1269
13376	1207	2	12	37	0	1258
13377	32	1215	7	24	0	1278
13378	14	1234	4	14	0	1266
13379	7	38	1207	7	0	1259
13380	4	19	30	1194	0	1247
13381	4	1217	13	31	0	1265
13382	4	28	7	1261	0	1300
13383	8	9	1221	36	0	1274
13384	5	1168	32	24	0	1229
13385	11	30	1196	9	0	1246
13386	13	13	1193	6	0	1225
13387	12	8	33	1203	0	1256
13388	1235	10	11	30	0	1286
13389	35	8	5	1240	0	1288
13390	19	7	1217	40	0	1283
13391	9	11	35	1219	0	1274
13392	10	9	1336	36	0	1391
13393	5	7	1324	16	0	1352
13394	1324	10	36	16	0	1386
13395	1375	7	18	9	0	1409
13396	1372	2	10	20	0	1404
13397	41	5	1343	11	0	1400
13398	14	4	1353	20	0	1391
13399	11	1	46	1314	0	1372
13400	7	8	23	1369	0	1407
13401	1352	10	6	36	0	1404
13402	33	10	6	1350	0	1399
13403	15	6	1340	45	0	1406
13404	11	10	1315	17	0	1353
13405	4	1264	40	18	0	1326
13406	9	31	17	1310	0	1367
13407	8	15	1288	37	0	1348
13408	13	7	39	1266	0	1325
13409	1298	6	19	40	0	1363
13410	34	4	1329	21	0	1388
13411	19	2	37	1330	0	1388
13412	15	14	11	1354	0	1394
13413	10	4	1330	46	0	1390
13414	12	5	36	1309	0	1362
13415	11	5	1302	43	0	1361
13416	1148	5	40	11	0	1204
13417	36	9	15	1190	0	1250
13418	18	1127	7	36	0	1188
13419	1176	33	6	18	0	1233
13420	1177	9	9	9	0	1204
13421	44	1161	11	12	0	1228
13422	13	82	7	1076	0	1178
13423	11	1101	6	31	0	1149
13424	10	1104	5	16	0	1135
13425	12	38	1029	7	0	1086
13426	12	962	25	9	0	1008
13427	4	35	757	2	0	798
13428	564	0	2	1	0	567
13429	591	1	0	0	0	592
13430	3	615	1	1	0	620
13431	1	629	0	2	0	632
13432	0	578	0	2	0	580
13433	612	2	0	1	0	615
13434	3	1	0	615	0	619
13435	1	1	671	3	0	676
13436	0	664	5	2	0	671
13437	1	5	0	680	0	686
13438	0	2	1	640	0	643
13439	1	739	1	6	0	747
13440	930	9	0	0	0	939
13441	15	2	900	0	0	917
13442	3	1	13	1237	0	1254
13443	0	1405	3	26	0	1434
13444	1417	33	2	12	0	1464
13445	32	14	1335	3	0	1384
13446	12	1273	33	5	0	1323
13447	3	31	11	1334	0	1379
13448	3	13	1321	33	0	1370
13449	1290	3	33	15	0	1341
13450	32	0	14	1321	0	1367
13451	13	1	1307	32	0	1353
13452	3	1310	34	22	0	1369
13453	1293	33	14	5	0	1345
13454	31	1343	3	1	0	1378
13455	1337	35	1	1	0	1374
13456	1345	14	2	1	0	1362
13457	47	4	0	1276	0	1327
13458	18	1209	1	32	0	1260
13459	2	25	1244	16	0	1287
13460	1	13	32	1226	0	1272
13461	2	6	17	1145	0	1170
13462	1	0	5	1186	0	1192
13463	0	2	0	1200	0	1202
13464	0	0	2	1212	0	1214
13465	1151	2	1	48	0	1202
13466	1162	1	0	20	0	1183
13467	1150	0	0	6	0	1156
13468	42	1094	4	7	0	1147
13469	19	32	1149	0	0	1200
13470	3	12	1172	0	0	1187
13471	1	6	1194	4	0	1205
13472	2	5	48	1119	0	1174
13473	4	0	18	1162	0	1184
13474	0	2	7	1173	0	1182
13475	3	5	1145	51	0	1204
13476	2	1122	35	22	0	1181
13477	2	30	1178	7	0	1217
13478	5	16	1185	3	0	1209
13479	3	5	44	1176	0	1228
13480	5	4	1200	34	0	1243
13481	2	6	38	1198	0	1244
13482	1185	2	16	38	0	1241
13483	1178	6	7	20	0	1211
13484	55	1	1127	7	0	1190
13485	18	4	34	1145	0	1201
13486	8	4	1171	39	0	1222
13487	3	1171	41	25	0	1240
13488	1191	36	21	6	0	1254
13489	40	25	1166	9	0	1240
13490	20	1162	39	15	0	1236
13491	11	1194	21	7	0	1233
13492	7	1103	6	10	0	1126
13493	9	53	1033	6	0	1101
13494	6	28	40	981	0	1055
13495	6	1058	23	35	0	1122
13496	7	37	9	1074	0	1127
13497	4	24	6	1083	0	1117
13498	1020	10	4	58	0	1092
13499	37	1032	6	37	0	1112
13500	1037	36	7	14	0	1094
13501	40	1038	10	6	0	1094
13502	25	1067	2	15	0	1109
13503	11	57	1039	10	0	1117
13504	7	25	45	1059	0	1136
13505	11	8	1066	44	0	1129
13506	4	1039	53	29	0	1125
13507	9	36	1065	12	0	1122
13508	6	24	1063	13	0	1106
13509	10	1050	60	11	0	1131
13510	999	40	28	10	0	1077
13511	41	1024	12	11	0	1088
13512	1046	42	13	7	0	1108
13513	43	24	1055	9	0	1131
13514	25	9	1042	12	0	1088
13515	9	1040	61	8	0	1118
13516	1020	44	23	10	0	1097
13517	38	1052	14	12	0	1116
13518	22	41	11	1055	0	1129
13519	1025	24	12	41	0	1102
13520	37	42	986	28	0	1093
13521	24	11	36	1033	0	1104
13522	1006	5	24	44	0	1079
13523	44	1043	7	31	0	1125
13524	26	41	10	1060	0	1137
13525	10	26	1034	44	0	1114
13526	1038	11	42	24	0	1115
13527	41	9	26	1056	0	1132
13528	22	9	1034	44	0	1109
13529	8	5	43	1026	0	1082
13530	4	1037	24	47	0	1112
13531	8	38	1034	25	0	1105
13532	7	30	42	1053	0	1132
13533	1013	9	31	40	0	1093
13534	37	10	12	1014	0	1073
13535	926	14	10	38	0	988
13536	37	936	13	25	0	1011
13537	955	38	7	15	0	1015
13538	43	27	925	5	0	1000
13539	23	11	854	14	0	902
13540	7	8	685	8	0	708
13541	6	676	47	11	0	740
13542	2	5	37	224	0	268
13543	1	6	2	228	0	237
13544	1	2	0	239	0	242
13545	0	2	1	247	0	250
13546	0	2	237	6	0	245
13547	214	0	4	7	0	225
13548	2	235	5	3	0	245
13549	233	3	2	1	0	239
13550	3	6	2	237	0	248
13551	5	232	2	3	0	242
13552	1	3	1	248	0	253
13553	242	6	1	3	0	252
13554	4	252	1	5	0	262
13555	257	4	0	1	0	262
13556	257	3	1	1	0	262
13557	7	1	2	258	0	268
13558	5	3	251	2	0	261
13559	247	1	2	5	0	255
13560	6	1	3	257	0	267
13561	258	2	2	4	0	266
13562	278	0	0	5	0	283
13563	277	0	2	1	0	280
13564	7	1	271	3	0	282
13565	7	0	3	267	0	277
13566	276	1	2	2	0	281
13567	3	1	289	7	0	300
13568	5	286	4	4	0	299
13569	3	2	6	281	0	292
13570	4	3	292	3	0	302
13571	0	3	284	5	0	292
13572	1	2	7	287	0	297
13573	1	1	5	294	0	301
13574	0	2	4	294	0	300
13575	0	2	2	269	0	273
13576	3	0	256	11	0	270
13577	1	256	4	7	0	268
13578	2	2	5	263	0	272
13579	282	5	1	5	0	293
13580	267	2	2	5	0	276
13581	270	1	2	2	0	275
13582	8	1	2	271	0	282
13583	6	0	4	266	0	276
13584	4	252	1	7	0	264
13585	4	270	0	6	0	280
13586	2	1	1	214	0	218
13587	214	1	1	1	0	217
13588	208	2	0	1	0	211
13589	208	1	1	1	0	211
13590	204	1	1	2	0	208
13591	202	1	1	1	0	205
13592	2	198	3	0	0	203
13593	1	1	2	205	0	209
13594	207	1	1	2	0	211
13595	206	0	0	3	0	209
13596	1	1	0	206	0	208
13597	2	0	0	211	0	213
13598	2	0	201	2	0	205
13599	2	2	1	203	0	208
13600	0	2	1	204	0	207
13601	3	0	204	3	0	210
13602	2	0	1	200	0	203
13603	2	180	1	2	0	185
13604	2	1	173	5	0	181
13605	0	177	2	2	0	181
13606	0	2	1	179	0	182
13607	1	4	0	177	0	182
13608	1	172	2	3	0	178
13609	1	180	0	4	0	185
13610	189	2	2	1	0	194
13611	187	1	1	0	0	189
13612	3	2	181	1	0	187
13613	172	1	0	0	0	173
13614	180	0	1	0	0	181
13615	178	1	0	1	0	180
13616	176	0	3	1	0	180
13617	4	1	188	1	0	194
13618	5	1	175	1	0	182
13619	215	0	2	2	0	219
13620	1	217	2	1	0	221
13621	1	0	223	3	0	227
13622	225	1	2	2	0	230
13623	210	0	2	0	0	212
13624	1	1	198	1	0	201
13625	185	1	2	1	0	189
13626	1	0	1	201	0	203
13627	2	3	241	0	0	246
13628	223	0	2	1	0	226
13629	1	228	0	2	0	231
13630	248	0	0	2	0	250
13631	277	1	1	1	0	280
13632	2	0	2	270	0	274
13633	1	2	0	267	0	270
13634	0	0	0	278	0	278
13635	288	0	0	1	0	289
13636	287	0	0	1	0	288
13637	2	0	1	298	0	301
13638	1	1	0	301	0	303
13639	1	0	291	2	0	294
13640	278	1	2	0	0	281
13641	2	1	0	330	0	333
13642	1	1	0	288	0	290
13643	1	316	2	6	0	325
13644	2	1	0	323	0	326
13645	2	3	0	318	0	323
13646	312	1	1	4	0	318
13647	4	368	0	2	0	374
13648	4	5	0	374	0	383
13649	1	2	1	373	0	377
13650	3	0	0	382	0	385
13651	3	0	372	6	0	381
13652	2	0	4	376	0	382
13653	367	1	2	5	0	375
13654	4	0	349	3	0	356
13655	2	0	4	357	0	363
13656	1	0	2	363	0	366
13657	357	0	1	7	0	365
13658	357	0	0	4	0	361
13659	6	2	351	1	0	360
13660	370	0	5	2	0	377
13661	9	2	377	1	0	389
13662	342	0	8	0	0	350
13663	8	402	3	1	0	414
13664	416	8	0	2	0	426
13665	9	405	0	1	0	415
13666	476	10	0	1	0	487
13667	8	479	0	2	0	489
13668	2	8	0	488	0	498
13669	1	3	0	496	0	500
13670	0	1	0	497	0	498
13671	0	474	1	14	0	489
13672	0	9	0	485	0	494
13673	0	483	1	9	0	493
13674	0	7	1	496	0	504
13675	490	2	0	10	0	502
13676	491	0	1	3	0	495
13677	6	475	1	4	0	486
13678	2	10	0	488	0	500
13679	469	2	0	11	0	482
13680	8	461	0	3	0	472
13681	5	463	1	1	0	470
13682	476	10	2	0	0	488
13683	475	2	1	1	0	479
13684	12	464	1	0	0	477
13685	480	9	1	0	0	490
13686	9	2	0	479	0	490
13687	3	1	492	10	0	506
13688	499	1	9	2	0	511
13689	507	1	3	0	0	511
13690	12	1	500	1	0	514
13691	516	0	8	2	0	526
13692	532	1	4	1	0	538
13693	563	0	0	2	0	565
13694	10	548	0	3	0	561
13695	572	10	0	2	0	584
13696	573	3	1	1	0	578
13697	15	0	0	564	0	579
13698	6	0	1	621	0	628
13699	2	1	1	628	0	632
13700	626	2	0	16	0	644
13701	13	0	0	631	0	644
13702	630	3	0	10	0	643
13703	649	2	0	5	0	656
13704	14	2	0	645	0	661
13705	6	1	0	653	0	660
13706	2	1	1	662	0	666
13707	646	1	0	15	0	662
13708	12	637	0	4	0	653
13709	4	9	1	664	0	678
13710	2	5	1	691	0	699
13711	685	0	0	15	0	700
13712	686	2	0	8	0	696
13713	18	0	662	1	0	681
13714	7	4	646	2	0	659
13715	680	1	18	3	0	702
13716	12	2	3	704	0	721
13717	5	2	0	752	0	759
13718	2	3	760	22	0	787
13719	4	2	16	727	0	749
13720	5	730	3	19	0	757
13721	1	757	3	8	0	769
13722	730	25	3	3	0	761
13723	22	5	723	3	0	753
13724	8	734	14	2	0	758
13725	3	23	3	765	0	794
13726	4	6	769	20	0	799
13727	3	2	20	740	0	765
13728	3	1	3	770	0	777
13729	3	4	736	28	0	771
13730	5	734	17	7	0	763
13731	2	21	3	729	0	755
13732	725	4	1	28	0	758
13733	746	1	0	8	0	755
13734	743	0	2	3	0	748
13735	28	704	1	1	0	734
13736	718	22	2	5	0	747
13737	24	4	1	706	0	735
13738	10	0	685	24	0	719
13739	677	2	20	8	0	707
13740	20	678	5	7	0	710
13741	4	20	0	673	0	697
13742	4	3	0	683	0	690
13743	2	609	1	23	0	635
13744	3	17	2	630	0	652
13745	2	3	2	651	0	658
13746	2	1	0	656	0	659
13747	575	1	0	23	0	599
13748	579	3	1	3	0	586
13749	22	0	570	1	0	593
13750	5	1	17	563	0	586
13751	1	2	3	588	0	594
13752	3	1	1	590	0	595
13753	573	0	2	23	0	598
13754	18	1	554	5	0	578
13755	557	2	15	3	0	577
13756	586	0	5	4	0	595
13757	22	1	1	566	0	590
13758	574	2	1	18	0	595
13759	24	0	584	3	0	611
13760	524	2	10	2	0	538
13761	15	664	5	2	0	686
13762	5	13	723	2	0	743
13763	1	3	683	4	0	691
13764	0	2	15	699	0	716
13765	3	0	709	18	0	730
13766	634	2	16	4	0	656
13767	15	615	3	5	0	638
13768	633	17	2	3	0	655
13769	16	2	1	637	0	656
13770	3	3	629	18	0	653
13771	3	3	618	6	0	630
13772	0	2	14	635	0	651
13773	675	1	5	17	0	698
13774	16	650	2	9	0	677
13775	5	667	2	6	0	680
13776	681	16	4	3	0	704
13777	14	674	1	4	0	693
13778	681	17	0	6	0	704
13779	18	3	2	675	0	698
13780	680	2	2	19	0	703
13781	19	0	2	680	0	701
13782	682	3	2	16	0	703
13783	20	4	2	670	0	696
13784	7	646	3	21	0	677
13785	675	13	2	6	0	696
13786	14	666	3	4	0	687
13787	5	14	589	4	0	612
13788	3	6	14	566	0	589
13789	1	595	3	14	0	613
13790	604	15	2	5	0	626
13791	608	4	5	2	0	619
13792	14	597	3	3	0	617
13793	2	14	561	6	0	583
13794	4	3	12	556	0	575
13795	5	572	2	18	0	597
13796	5	15	4	595	0	619
13797	0	1	4	610	0	615
13798	590	2	4	18	0	614
13799	15	572	2	9	0	598
13800	4	16	2	576	0	598
13801	586	3	1	16	0	606
13802	584	4	2	3	0	593
13803	575	3	1	3	0	582
13804	19	4	3	541	0	567
13805	561	2	1	20	0	584
13806	18	543	5	4	0	570
13807	556	14	2	5	0	577
13808	18	562	3	4	0	587
13809	556	13	2	5	0	576
13810	550	3	2	3	0	558
13811	17	16	2	519	0	554
13812	4	2	519	18	0	543
13813	6	2	515	3	0	526
13814	3	513	12	6	0	534
13815	517	16	3	1	0	537
13816	15	1	483	3	0	502
13817	370	2	15	0	0	387
13818	4	376	0	1	0	381
13819	2	478	1	0	0	481
13820	1	2	1	504	0	508
13821	1	494	0	5	0	500
13822	1	3	539	1	0	544
13823	1	1	3	524	0	529
13824	0	576	2	4	0	582
13825	1	4	1	599	0	605
13826	602	3	1	4	0	610
13827	6	1	0	596	0	603
13828	4	1	658	6	0	669
13829	2	646	6	4	0	658
13830	0	9	6	667	0	682
13831	1	7	2	680	0	690
13832	1	4	2	698	0	705
13833	678	1	2	19	0	700
13834	683	0	1	12	0	696
13835	15	1	695	4	0	715
13836	10	3	677	2	0	692
13837	2	698	16	3	0	719
13838	731	8	8	3	0	750
13839	10	8	0	729	0	747
13840	9	3	2	723	0	737
13841	4	1	2	736	0	743
13842	5	0	2	743	0	750
13843	6	4	706	15	0	731
13844	701	2	10	10	0	723
13845	8	4	7	752	0	771
13846	14	2	733	12	0	761
13847	725	5	9	9	0	748
13848	792	1	8	5	0	806
13849	16	1	898	5	0	920
13850	16	2	878	3	0	899
13851	3	4	19	889	0	915
13852	907	1	12	14	0	934
13853	919	0	6	14	0	939
13854	22	3	4	875	0	904
13855	13	3	4	910	0	930
13856	7	3	891	26	0	927
13857	3	13	17	884	0	917
13858	6	3	881	18	0	908
13859	823	4	18	13	0	858
13860	14	853	10	10	0	887
13861	757	12	4	3	0	776
13862	18	722	3	4	0	747
13863	726	16	20	6	0	768
13864	14	8	6	690	0	718
13865	14	3	1	721	0	739
13866	722	2	1	22	0	747
13867	725	2	3	14	0	744
13868	733	2	4	9	0	748
13869	735	1	4	7	0	747
13870	27	4	689	3	0	723
13871	717	2	15	6	0	740
13872	722	2	11	6	0	741
13873	681	1	2	8	0	692
13874	24	2	4	670	0	700
13875	667	1	3	17	0	688
13876	17	612	5	49	0	683
13877	16	9	4	675	0	704
13878	9	9	3	688	0	709
13879	6	2	633	25	0	666
13880	8	3	14	648	0	673
13881	9	654	8	16	0	687
13882	676	13	6	15	0	710
13883	15	672	4	13	0	704
13884	685	15	8	8	0	716
13885	23	11	1	746	0	781
13886	746	7	4	19	0	776
13887	23	715	2	15	0	755
13888	747	15	4	11	0	777
13889	754	11	3	7	0	775
13890	30	5	2	735	0	772
13891	16	3	4	757	0	780
13892	12	1	727	27	0	767
13893	10	4	16	811	0	841
13894	16	2	7	834	0	859
13895	9	4	791	28	0	832
13896	10	2	16	803	0	831
13897	8	4	790	23	0	825
13898	761	0	17	18	0	796
13899	21	1	13	774	0	809
13900	17	0	750	20	0	787
13901	741	3	17	17	0	778
13902	20	5	8	782	0	815
13903	17	1	756	20	0	794
13904	735	4	16	20	0	775
13905	17	2	12	766	0	797
13906	14	2	7	776	0	799
13907	774	3	3	30	0	810
13908	19	2	4	818	0	843
13909	18	7	3	821	0	849
13910	12	2	3	805	0	822
13911	7	766	4	30	0	807
13912	809	14	4	17	0	844
13913	812	9	5	11	0	837
13914	24	4	3	810	0	841
13915	830	1	1	19	0	851
13916	822	2	3	18	0	845
13917	827	1	2	12	0	842
13918	795	1	6	5	0	807
13919	727	2	2	11	0	742
13920	25	2	647	10	0	684
13921	20	3	649	5	0	677
13922	620	0	19	5	0	644
13923	17	726	9	8	0	760
13924	12	13	5	700	0	730
13925	13	9	685	14	0	721
13926	5	4	642	8	0	659
13927	7	37	12	621	0	677
13928	570	16	7	14	0	607
13929	9	1	6	573	0	589
13930	3	2	561	13	0	579
13931	558	2	9	6	0	575
13932	12	3	2	573	0	590
13933	11	2	2	580	0	595
13934	8	1	2	581	0	592
13935	4	0	2	565	0	571
13936	5	0	520	11	0	536
13937	6	0	7	526	0	539
13938	533	0	2	11	0	546
13939	8	0	508	5	0	521
13940	506	0	6	3	0	515
13941	527	1	4	3	0	535
13942	521	0	2	5	0	528
13943	525	0	1	3	0	529
13944	9	506	1	3	0	519
13945	5	490	0	2	0	497
13946	6	490	2	2	0	500
13947	498	8	1	2	0	509
13948	8	4	429	4	0	445
13949	390	0	2	1	0	393
13950	2	1	0	403	0	406
13951	409	0	0	2	0	411
13952	2	1	1	403	0	407
13953	465	0	0	3	0	468
13954	3	0	0	461	0	464
13955	0	0	0	509	0	509
13956	394	0	0	6	0	400
13957	1	543	2	4	0	550
13958	2	3	577	3	0	585
13959	1	560	3	3	0	567
13960	0	2	554	0	0	556
13961	0	0	2	522	0	524
13962	571	0	0	2	0	573
13963	3	0	0	570	0	573
13964	571	0	0	3	0	574
13965	0	657	0	2	0	659
13966	2	2	654	0	0	658
13967	0	639	1	0	0	640
13968	0	657	0	0	0	657
13969	681	0	0	0	0	681
13970	679	0	0	0	0	679
13971	0	649	1	0	0	650
13972	0	0	0	661	0	661
13973	0	0	0	672	0	672
13974	670	0	0	0	0	670
13975	0	0	668	0	0	668
13976	1	0	636	0	0	637
13977	0	1	0	639	0	640
13978	0	0	662	1	0	663
13979	598	0	0	0	0	598
13980	662	0	0	0	0	662
13981	0	637	0	1	0	638
13982	1	1	672	0	0	674
13983	0	0	0	650	0	650
13984	1	0	700	0	0	701
13985	0	0	1	619	0	620
13986	625	0	0	2	0	627
13987	0	618	0	0	0	618
13988	0	0	621	0	0	621
13989	0	588	1	1	0	590
13990	0	616	0	0	0	616
13991	633	0	0	0	0	633
13992	598	0	0	1	0	599
13993	0	0	538	0	0	538
13994	0	511	0	13	0	524
13995	0	0	0	561	0	561
13996	0	0	0	556	0	556
13997	0	0	0	552	0	552
13998	0	0	557	0	0	557
13999	0	0	0	542	0	542
14000	0	0	0	601	0	601
14001	601	0	0	0	0	601
14002	645	0	0	1	0	646
14003	654	0	0	0	0	654
14004	736	0	1	0	0	737
14005	750	0	0	0	0	750
14006	1	722	0	2	0	725
14007	756	2	0	0	0	758
14008	3	1	745	0	0	749
14009	0	0	1	732	0	733
14010	751	0	0	2	0	753
14011	1	720	1	0	0	722
14012	757	2	0	0	0	759
14013	756	0	0	0	0	756
14014	4	0	0	740	0	744
14015	2	0	0	804	0	806
14016	0	837	0	3	0	840
14017	2	6	0	876	0	884
14018	0	0	854	6	0	860
14019	0	0	7	845	0	852
14020	1	2	861	7	0	871
14021	732	3	10	4	0	749
14022	8	0	1	869	0	878
14023	4	1	760	7	0	772
14024	0	736	7	3	0	746
14025	0	797	2	2	0	801
14026	806	11	0	0	0	817
14027	8	0	0	794	0	802
14028	1	0	866	10	0	877
14029	2	822	13	4	0	841
14030	1	6	890	0	0	897
14031	872	0	11	1	0	884
14032	895	0	2	4	0	901
14033	905	2	3	0	0	910
14034	12	2	0	899	0	913
14035	2	4	889	10	0	905
14036	3	851	11	4	0	869
14037	0	9	3	917	0	929
14038	4	4	898	11	0	917
14039	2	4	850	3	0	859
14040	1	2	13	888	0	904
14041	918	1	2	12	0	933
14042	11	3	1	906	0	921
14043	5	1	1	942	0	949
14044	2	0	923	16	0	941
14045	2	3	13	891	0	909
14046	1	4	1	922	0	928
14047	1	1	918	12	0	932
14048	2	1	904	2	0	909
14049	1	2	14	854	0	871
14050	3	1	865	13	0	882
14051	2	2	10	865	0	879
14052	873	1	8	13	0	895
14053	11	812	1	8	0	832
14054	4	10	4	844	0	862
14055	3	2	783	13	0	801
14056	678	1	13	8	0	700
14057	11	700	7	1	0	719
14058	720	10	3	3	0	736
14059	11	2	3	720	0	736
14060	4	2	4	763	0	773
14061	767	0	3	15	0	785
14062	15	1	739	4	0	759
14063	717	3	12	4	0	736
14064	10	1	6	762	0	779
14065	637	1	2	12	0	652
14066	686	2	2	5	0	695
14067	13	2	4	651	0	670
14068	3	698	3	12	0	716
14069	715	9	2	5	0	731
14070	713	4	1	4	0	722
14071	13	0	657	6	0	676
14072	652	0	16	4	0	672
14073	12	2	3	645	0	662
14074	4	656	3	13	0	676
14075	7	11	2	624	0	644
14076	5	647	2	12	0	666
14077	671	12	4	7	0	694
14078	673	4	1	3	0	681
14079	14	1	3	742	0	760
14080	8	1	729	14	0	752
14081	2	5	710	8	0	725
14082	4	3	16	717	0	740
14083	722	1	7	18	0	748
14084	774	3	4	9	0	790
14085	22	784	3	5	0	814
14086	12	20	2	799	0	833
14087	10	8	810	20	0	848
14088	5	4	826	12	0	847
14089	5	2	23	944	0	974
14090	1098	2	15	32	0	1147
14091	37	3	8	1122	0	1170
14092	16	4	1076	48	0	1144
14093	1091	5	34	17	0	1147
14094	43	1	13	1099	0	1156
14095	18	2	13	1125	0	1158
14096	11	2	7	1077	0	1097
14097	7	1097	8	53	0	1165
14098	9	34	1112	26	0	1181
14099	5	15	1130	24	0	1174
14100	9	9	52	1100	0	1170
14101	11	6	1100	44	0	1161
14102	1026	5	46	24	0	1101
14103	38	2	19	1055	0	1114
14104	14	3	15	957	0	989
14105	11	2	10	966	0	989
14106	6	934	10	52	0	1002
14107	991	34	8	31	0	1064
14108	32	14	4	1063	0	1113
14109	1035	7	13	39	0	1094
14110	42	1030	4	22	0	1098
14111	1032	32	3	22	0	1089
14112	1010	13	7	9	0	1039
14113	1039	11	2	14	0	1066
14114	56	988	6	12	0	1062
14115	28	1006	3	7	0	1044
14116	949	37	3	8	0	997
14117	37	977	3	4	0	1021
14118	23	43	944	3	0	1013
14119	17	949	23	8	0	997
14120	9	966	14	19	0	1008
14121	990	44	13	5	0	1052
14122	33	26	969	2	0	1030
14123	17	21	974	3	0	1015
14124	17	6	41	897	0	961
14125	922	9	21	34	0	986
14126	29	5	939	18	0	991
14127	18	6	32	926	0	982
14128	15	6	848	39	0	908
14129	11	3	862	20	0	896
14130	797	4	45	17	0	863
14131	29	9	837	7	0	882
14132	19	3	38	806	0	866
14133	20	1	20	819	0	860
14134	10	800	23	36	0	869
14135	10	847	7	32	0	896
14136	12	35	12	834	0	893
14137	11	25	867	35	0	938
14138	8	16	32	881	0	937
14139	9	9	24	925	0	967
14140	7	7	926	50	0	990
14141	8	7	27	948	0	990
14142	942	9	19	47	0	1017
14143	26	13	919	27	0	985
14144	932	10	38	23	0	1003
14145	41	8	24	924	0	997
14146	26	5	18	970	0	1019
14147	10	956	14	54	0	1034
14148	14	29	20	996	0	1059
14149	15	16	11	1034	0	1076
14150	992	14	13	57	0	1076
14151	39	5	20	1018	0	1082
14152	25	5	9	1056	0	1095
14153	1012	6	12	61	0	1091
14154	38	6	12	1021	0	1077
14155	25	8	8	986	0	1027
14156	15	987	13	60	0	1075
14157	989	32	17	39	0	1077
14158	41	20	11	1025	0	1097
14159	24	15	7	1066	0	1112
14160	22	11	974	59	0	1066
14161	17	10	31	1000	0	1058
14162	11	8	20	1047	0	1086
14163	964	7	12	60	0	1043
14164	981	11	9	49	0	1050
14165	49	10	12	1012	0	1083
14166	29	12	912	51	0	1004
14167	29	900	33	29	0	991
14168	19	903	27	21	0	970
14169	16	39	20	919	0	994
14170	904	26	12	49	0	991
14171	44	19	6	923	0	992
14172	970	14	8	53	0	1045
14173	44	13	6	965	0	1028
14174	26	8	11	1000	0	1045
14175	954	14	7	58	0	1033
14176	937	17	8	38	0	1000
14177	49	930	9	31	0	1019
14178	30	982	5	20	0	1037
14179	21	45	2	850	0	918
14180	20	26	6	900	0	952
14181	10	17	845	44	0	916
14182	757	7	29	38	0	831
14183	37	850	11	28	0	926
14184	12	782	12	14	0	820
14185	770	32	9	18	0	829
14186	33	17	751	12	0	813
14187	16	12	750	6	0	784
14188	16	9	723	11	0	759
14189	5	599	18	6	0	628
14190	1	4	4	456	0	465
14191	1	1	2	454	0	458
14192	4	3	0	463	0	470
14193	450	2	1	6	0	459
14194	443	1	0	7	0	451
14195	6	480	1	7	0	494
14196	4	4	0	482	0	490
14197	5	6	448	4	0	463
14198	1	484	4	5	0	494
14199	489	6	0	5	0	500
14200	8	2	496	2	0	508
14201	452	2	4	5	0	463
14202	8	0	509	3	0	520
14203	2	2	6	503	0	513
14204	3	502	2	7	0	514
14205	522	5	2	3	0	532
14206	6	528	1	3	0	538
14207	505	9	2	1	0	517
14208	6	3	1	455	0	465
14209	3	5	453	8	0	469
14210	5	1	5	477	0	488
14211	1	1	2	511	0	515
14212	1	2	527	11	0	541
14213	492	2	9	3	0	506
14214	8	536	3	2	0	549
14215	497	8	0	2	0	507
14216	6	487	1	3	0	497
14217	4	7	1	523	0	535
14218	1	3	518	13	0	535
14219	687	0	10	4	0	701
14220	19	707	5	1	0	732
14221	7	20	0	676	0	703
14222	3	5	1	713	0	722
14223	758	2	0	26	0	786
14224	800	2	0	9	0	811
14225	22	828	2	5	0	857
14226	950	21	2	2	0	975
14227	978	5	0	3	0	986
14228	1078	5	2	2	0	1087
14229	45	3	992	4	0	1044
14230	19	990	32	8	0	1049
14231	8	1068	12	6	0	1094
14232	14	46	5	966	0	1031
14233	9	17	7	1062	0	1095
14234	1051	8	5	45	0	1109
14235	43	1045	1	14	0	1103
14236	1068	35	3	5	0	1111
14237	33	17	3	985	0	1038
14238	17	6	2	1024	0	1049
14239	976	9	0	47	0	1032
14240	970	6	0	24	0	1000
14241	51	3	943	13	0	1010
14242	21	2	31	967	0	1021
14243	14	5	933	34	0	986
14244	18	4	938	16	0	976
14245	6	2	960	7	0	975
14246	884	3	44	10	0	941
14247	36	3	19	893	0	951
14248	19	1	12	879	0	911
14249	6	4	11	944	0	965
14250	8	1	889	49	0	947
14251	5	4	32	892	0	933
14252	7	2	17	920	0	946
14253	879	3	6	51	0	939
14254	910	4	7	25	0	946
14255	919	4	3	12	0	938
14256	925	0	0	18	0	943
14257	53	2	5	883	0	943
14258	883	2	4	39	0	928
14259	46	4	4	869	0	923
14260	29	8	807	36	0	880
14261	847	1	33	23	0	904
14262	46	832	12	10	0	900
14263	30	29	7	830	0	896
14264	10	18	9	843	0	880
14265	10	851	5	51	0	917
14266	835	36	4	25	0	900
14267	33	832	4	21	0	890
14268	26	29	840	15	0	910
14269	16	20	864	6	0	906
14270	888	11	44	10	0	953
14271	941	8	17	14	0	980
14272	54	6	847	12	0	919
14273	859	9	41	11	0	920
14274	54	6	852	5	0	917
14275	873	7	35	11	0	926
14276	49	7	848	11	0	915
14277	34	3	867	13	0	917
14278	23	7	60	732	0	822
14279	27	8	28	854	0	917
14280	894	4	16	56	0	970
14281	905	9	9	31	0	954
14282	923	9	8	14	0	954
14283	916	6	10	20	0	952
14284	67	861	11	20	0	959
14285	40	33	12	841	0	926
14286	20	882	5	49	0	956
14287	34	31	6	905	0	976
14288	21	23	8	913	0	965
14289	27	10	7	937	0	981
14290	26	8	859	63	0	956
14291	842	10	32	37	0	921
14292	45	814	26	24	0	909
14293	35	881	11	24	0	951
14294	21	49	904	21	0	995
14295	21	26	44	868	0	959
14296	17	23	46	900	0	986
14297	874	14	15	61	0	964
14298	43	8	17	859	0	927
14299	35	9	11	864	0	919
14300	24	14	6	880	0	924
14301	22	7	16	892	0	937
14302	821	7	11	73	0	912
14303	841	2	15	50	0	908
14304	868	0	12	32	0	912
14305	69	3	10	835	0	917
14306	832	2	19	52	0	905
14307	58	4	17	856	0	935
14308	38	2	17	877	0	934
14309	32	6	802	56	0	896
14310	25	2	789	40	0	856
14311	31	3	791	20	0	845
14312	761	4	47	29	0	841
14313	46	11	27	690	0	774
14314	28	766	17	53	0	864
14315	803	28	18	31	0	880
14316	45	19	771	23	0	858
14317	734	7	30	23	0	794
14318	49	709	22	13	0	793
14319	549	15	6	2	0	572
14320	29	13	12	576	0	630
14321	598	5	7	19	0	629
14322	27	566	2	27	0	622
14323	23	545	7	11	0	586
14324	501	19	5	15	0	540
14325	18	479	14	7	0	518
14326	10	345	3	1	0	359
14327	4	390	1	2	0	397
14328	311	4	1	0	0	316
14329	306	4	0	0	0	310
14330	307	2	0	1	0	310
14331	2	1	0	296	0	299
14332	3	1	0	304	0	308
14333	2	0	304	1	0	307
14334	1	1	0	301	0	303
14335	1	1	302	2	0	306
14336	2	0	2	295	0	299
14337	1	0	1	301	0	303
14338	306	0	2	2	0	310
14339	285	1	0	4	0	290
14340	1	297	1	2	0	301
14341	4	0	0	287	0	291
14342	3	2	282	0	0	287
14343	0	3	0	282	0	285
14344	0	0	1	281	0	282
14345	2	0	2	286	0	290
14346	1	0	285	3	0	289
14347	1	0	254	2	0	257
14348	264	0	1	4	0	269
14349	0	0	4	291	0	295
14350	1	0	290	0	0	291
14351	273	0	0	3	0	276
14352	0	280	2	3	0	285
14353	334	0	3	1	0	338
14354	2	0	330	0	0	332
14355	316	2	0	0	0	318
14356	3	0	0	312	0	315
14357	0	0	324	0	0	324
14358	3	312	0	1	0	316
14359	331	1	1	2	0	335
14360	1	0	2	327	0	330
14361	0	1	1	323	0	325
14362	3	330	1	1	0	335
14363	0	0	1	338	0	339
14364	0	1	327	1	0	329
14365	1	315	2	1	0	319
14366	325	0	0	2	0	327
14367	0	0	3	327	0	330
14368	0	0	0	327	0	327
14369	2	1	324	0	0	327
14370	1	0	0	287	0	288
14371	0	0	333	1	0	334
14372	1	323	1	0	0	325
14373	329	0	0	3	0	332
14374	327	0	3	1	0	331
14375	321	3	0	1	0	325
14376	3	322	2	1	0	328
14377	1	0	0	337	0	338
14378	2	0	1	332	0	335
14379	0	4	0	323	0	327
14380	300	0	0	2	0	302
14381	294	0	1	2	0	297
14382	0	1	0	293	0	294
14383	3	1	315	0	0	319
14384	2	0	0	312	0	314
14385	0	0	0	319	0	319
14386	0	0	3	319	0	322
14387	1	0	0	319	0	320
14388	321	0	1	2	0	324
14389	0	1	0	322	0	323
14390	0	0	1	326	0	327
14391	3	326	0	3	0	332
14392	1	0	0	330	0	331
14393	0	355	0	4	0	359
14394	0	0	0	348	0	348
14395	343	1	0	1	0	345
14396	0	336	0	4	0	340
14397	338	1	0	3	0	342
14398	4	3	333	2	0	342
14399	0	2	0	343	0	345
14400	5	3	341	0	0	349
14401	1	2	2	367	0	372
14402	2	1	1	356	0	360
14403	0	346	4	3	0	353
14404	3	350	1	5	0	359
14405	0	356	3	3	0	362
14406	360	3	0	5	0	368
14407	0	355	2	2	0	359
14408	1	405	0	2	0	408
14409	2	3	1	434	0	440
14410	432	4	0	2	0	438
14411	2	409	1	0	0	412
14412	383	4	0	3	0	390
14413	379	4	1	1	0	385
14414	1	4	388	3	0	396
14415	6	1	0	347	0	354
14416	3	3	0	388	0	394
14417	3	3	1	422	0	429
14418	2	1	1	415	0	419
14419	2	0	412	3	0	417
14420	0	2	315	5	0	322
14421	345	1	0	4	0	350
14422	2	354	2	4	0	362
14423	1	351	5	2	0	359
14424	376	1	2	2	0	381
14425	2	352	1	1	0	356
14426	3	2	0	370	0	375
14427	322	3	1	4	0	330
14428	0	6	317	1	0	324
14429	2	1	2	326	0	331
14430	4	4	322	1	0	331
14431	326	2	2	5	0	335
14432	3	2	339	2	0	346
14433	345	3	4	2	0	354
14434	354	2	32	2	0	390
14435	382	1	5	2	0	390
14436	387	1	2	2	0	392
14437	391	0	7	0	0	398
14438	8	2	0	390	0	400
14439	502	0	2	3	0	507
14440	9	2	0	488	0	499
14441	6	3	2	487	0	498
14442	6	2	0	497	0	505
14443	6	0	513	7	0	526
14444	4	2	0	500	0	506
14445	2	2	4	511	0	519
14446	3	0	508	11	0	522
14447	441	0	1	9	0	451
14448	3	3	4	510	0	520
14449	4	1	518	6	0	529
14450	6	1	492	6	0	505
14451	2	0	6	482	0	490
14452	3	1	507	4	0	515
14453	0	1	4	469	0	474
14454	1	0	6	469	0	476
14455	1	461	5	7	0	474
14456	2	453	5	7	0	467
14457	445	1	37	7	0	490
14458	2	4	2	480	0	488
14459	1	5	3	457	0	466
14460	5	5	0	515	0	525
14461	2	2	504	5	0	513
14462	2	2	0	504	0	508
14463	507	0	3	11	0	521
14464	2	2	539	7	0	550
14465	2	2	6	556	0	566
14466	5	2	3	566	0	576
14467	2	1	3	581	0	587
14468	4	620	2	5	0	631
14469	645	3	4	7	0	659
14470	656	4	1	5	0	666
14471	8	705	2	7	0	722
14472	11	6	0	748	0	765
14473	8	6	734	5	0	753
14474	7	3	684	5	0	699
14475	742	3	7	8	0	760
14476	8	1	6	774	0	789
14477	778	2	6	8	0	794
14478	10	764	5	7	0	786
14479	9	768	3	7	0	787
14480	795	8	2	3	0	808
14481	6	793	0	8	0	807
14482	8	10	3	863	0	884
14483	5	8	4	841	0	858
14484	9	920	0	12	0	941
14485	985	11	0	13	0	1009
14486	17	8	1003	6	0	1034
14487	966	5	18	5	0	994
14488	23	7	1031	2	0	1063
14489	898	3	23	4	0	928
14490	23	2	1000	2	0	1027
14491	12	953	23	0	0	988
14492	8	50	9	991	0	1058
14493	1003	10	2	17	0	1032
14494	19	1	977	10	0	1007
14495	11	6	1009	3	0	1029
14496	2	4	22	967	0	995
14497	4	2	1016	19	0	1041
14498	4	3	19	988	0	1014
14499	5	1	15	1009	0	1030
14500	3	1	1063	28	0	1095
14501	5	3	20	1025	0	1053
14502	1059	0	10	20	0	1089
14503	19	1060	11	13	0	1103
14504	1122	19	5	5	0	1151
14505	20	12	4	1108	0	1144
14506	1154	1	6	20	0	1181
14507	1111	3	5	12	0	1131
14508	30	3	6	1018	0	1057
14509	14	999	5	18	0	1036
14510	1053	16	6	12	0	1087
14511	22	9	1024	6	0	1061
14512	13	4	1023	8	0	1048
14513	1014	2	28	9	0	1053
14514	22	4	14	1031	0	1071
14515	16	3	1040	24	0	1083
14516	10	1	21	1039	0	1071
14517	1014	1	17	23	0	1055
14518	1052	1	3	18	0	1074
14519	1046	2	1	7	0	1056
14520	32	1090	7	9	0	1138
14521	17	19	2	1122	0	1160
14522	9	13	2	1150	0	1174
14523	1136	5	4	29	0	1174
14524	24	1109	6	14	0	1153
14525	1140	22	4	6	0	1172
14526	26	13	4	1134	0	1177
14527	1131	3	3	23	0	1160
14528	24	4	1071	17	0	1116
14529	18	1061	25	5	0	1109
14530	14	19	12	1054	0	1099
14531	11	1074	7	17	0	1109
14532	9	19	7	1108	0	1143
14533	1097	7	4	24	0	1132
14534	24	6	1016	13	0	1059
14535	1019	3	21	8	0	1051
14536	23	1039	10	9	0	1081
14537	14	21	4	1084	0	1123
14538	7	8	6	1115	0	1136
14539	1006	3	2	36	0	1047
14540	29	5	986	12	0	1032
14541	13	6	19	1002	0	1040
14542	8	3	6	1026	0	1043
14543	5	6	6	1018	0	1035
14544	6	4	4	1036	0	1050
14545	1005	4	5	32	0	1046
14546	998	4	6	16	0	1024
14547	32	6	969	7	0	1014
14548	20	6	923	7	0	956
14549	992	3	25	11	0	1031
14550	1026	3	12	6	0	1047
14551	31	2	4	1006	0	1043
14552	14	4	6	1029	0	1053
14553	1013	4	4	31	0	1052
14554	20	978	5	20	0	1023
14555	14	16	3	1025	0	1058
14556	7	7	6	1035	0	1055
14557	6	1	1002	35	0	1044
14558	10	3	18	1026	0	1057
14559	10	2	1042	27	0	1081
14560	6	1	21	1023	0	1051
14561	1015	1	12	29	0	1057
14562	30	1	6	1020	0	1057
14563	16	4	984	26	0	1030
14564	6	894	21	20	0	941
14565	7	21	10	971	0	1009
14566	8	8	941	30	0	987
14567	7	928	20	16	0	971
14568	7	18	11	901	0	937
14569	7	8	877	26	0	918
14570	673	5	27	17	0	722
14571	13	777	14	10	0	814
14572	7	807	6	11	0	831
14573	10	832	3	9	0	854
14574	34	29	5	793	0	861
14575	2	11	784	27	0	824
14576	3	790	21	15	0	829
14577	1	24	9	854	0	888
14578	907	12	8	32	0	959
14579	35	7	5	1237	0	1284
14580	12	7	1435	64	0	1518
14581	8	1473	63	27	0	1571
14582	1377	59	17	12	0	1465
14583	58	1412	8	8	0	1486
14584	19	65	1281	7	0	1372
14585	8	1304	47	7	0	1366
14586	21	55	14	1239	0	1329
14587	5	16	1217	45	0	1283
14588	3	1226	46	10	0	1285
14589	5	60	11	1230	0	1306
14590	5	20	11	1244	0	1280
14591	0	1235	9	60	0	1304
14592	1	56	9	1274	0	1340
14593	1	19	1224	61	0	1305
14594	2	13	1253	20	0	1288
14595	1	9	58	1281	0	1349
14596	1252	9	15	63	0	1339
14597	1301	8	12	21	0	1342
14598	56	7	8	1241	0	1312
14599	17	1245	12	55	0	1329
14600	10	51	12	1222	0	1295
14601	1186	13	10	65	0	1274
14602	51	9	6	1209	0	1275
14603	18	9	3	1228	0	1258
14604	1166	6	1	68	0	1241
14605	54	1142	6	30	0	1232
14606	15	58	5	1129	0	1207
14607	1147	18	3	60	0	1228
14608	59	9	1105	28	0	1201
14609	1150	4	53	22	0	1229
14610	64	9	12	1163	0	1248
14611	1159	8	8	70	0	1245
14612	1193	6	10	19	0	1228
14613	1142	13	8	16	0	1179
14614	73	1126	9	16	0	1224
14615	31	55	1054	13	0	1153
14616	20	1135	50	9	0	1214
14617	1117	61	12	13	0	1203
14618	70	1103	11	14	0	1198
14619	31	63	10	1096	0	1200
14620	1019	24	5	55	0	1103
14621	59	1032	5	22	0	1118
14622	23	59	992	20	0	1094
14623	16	28	54	1034	0	1132
14624	16	20	1000	63	0	1099
14625	10	1040	58	28	0	1136
14626	14	61	18	997	0	1090
14627	10	26	15	1070	0	1121
14628	13	18	12	1074	0	1117
14629	13	13	11	1040	0	1077
14630	5	1043	16	78	0	1142
14631	1034	68	10	36	0	1148
14632	61	24	1016	29	0	1130
14633	23	21	55	1050	0	1149
14634	1035	9	22	77	0	1143
14635	56	18	1010	37	0	1121
14636	29	993	56	24	0	1102
14637	18	69	21	992	0	1100
14638	14	24	992	65	0	1095
14639	17	1015	58	29	0	1119
14640	945	62	28	23	0	1058
14641	56	996	19	18	0	1089
14642	21	66	11	962	0	1060
14643	20	33	14	1034	0	1101
14644	970	19	15	83	0	1087
14645	62	978	13	35	0	1088
14646	22	72	9	997	0	1100
14647	970	25	18	68	0	1081
14648	966	25	7	35	0	1033
14649	80	959	7	30	0	1076
14650	974	70	4	29	0	1077
14651	1015	23	9	24	0	1071
14652	83	24	6	970	0	1083
14653	39	20	921	76	0	1056
14654	28	15	62	977	0	1082
14655	26	17	14	1027	0	1084
14656	29	13	924	86	0	1052
14657	22	954	53	35	0	1064
14658	17	61	18	931	0	1027
14659	19	20	16	976	0	1031
14660	14	14	21	976	0	1025
14661	12	19	8	956	0	995
14662	14	913	12	92	0	1031
14663	934	56	11	42	0	1043
14664	945	27	11	36	0	1019
14665	951	16	5	39	0	1011
14666	74	947	9	28	0	1058
14667	40	58	7	948	0	1053
14668	19	33	895	69	0	1016
14669	26	17	53	910	0	1006
14670	27	939	15	63	0	1044
14671	896	55	8	30	0	989
14672	895	34	4	17	0	950
14673	882	15	9	20	0	926
14674	63	856	12	19	0	950
14675	27	813	15	22	0	877
14676	32	866	13	9	0	920
14677	17	72	827	19	0	935
14678	40	27	734	10	0	811
14679	35	75	8	321	0	439
14680	128	4	5	5	0	142
14681	129	3	0	8	0	140
14682	10	2	0	139	0	151
14683	4	2	1	138	0	145
14684	2	3	2	147	0	154
14685	5	4	0	142	0	151
14686	144	1	2	6	0	153
14687	138	3	0	6	0	147
14688	9	134	3	4	0	150
14689	141	5	2	4	0	152
14690	141	6	1	6	0	154
14691	140	0	5	5	0	150
14692	7	5	125	4	0	141
14693	132	2	4	5	0	143
14694	6	136	5	3	0	150
14695	2	3	0	94	0	99
14696	0	3	1	93	0	97
14697	0	87	0	8	0	95
14698	4	1	0	95	0	100
14699	95	2	1	2	0	100
14700	3	3	0	95	0	101
14701	6	1	89	2	0	98
14702	90	0	1	3	0	94
14703	2	91	3	2	0	98
14704	3	2	2	92	0	99
14705	0	3	0	93	0	96
14706	1	1	1	97	0	100
14707	2	0	86	5	0	93
14708	3	88	1	3	0	95
14709	0	0	1	73	0	74
14710	0	1	72	0	0	73
14711	0	0	0	73	0	73
14712	0	0	73	0	0	73
14713	0	0	0	71	0	71
14714	0	67	1	0	0	68
14715	0	0	0	71	0	71
14716	73	1	0	0	0	74
14717	71	0	0	1	0	72
14718	1	0	68	0	0	69
14719	1	0	63	0	0	64
14720	0	0	162	0	0	162
14721	0	0	2	154	0	156
14722	0	0	1	162	0	163
14723	0	0	0	167	0	167
14724	0	159	1	2	0	162
14725	0	0	0	165	0	165
14726	0	1	0	162	0	163
14727	0	0	0	178	0	178
14728	174	0	0	1	0	175
14729	168	0	0	2	0	170
14730	1	0	175	0	0	176
14731	1	0	157	0	0	158
14732	160	0	2	0	0	162
14733	174	0	1	0	0	175
14734	2	0	185	0	0	187
14735	1	0	182	0	0	183
14736	184	0	2	0	0	186
14737	183	0	1	0	0	184
14738	2	0	184	0	0	186
14739	1	0	1	179	0	181
14740	0	0	1	182	0	183
14741	0	183	1	1	0	185
14742	0	1	0	192	0	193
14743	0	1	227	1	0	229
14744	0	0	2	226	0	228
14745	0	0	1	227	0	228
14746	0	0	227	3	0	230
14747	215	0	3	2	0	220
14748	233	0	0	1	0	234
14749	3	1	1	227	0	232
14750	2	0	0	233	0	235
14751	231	0	0	3	0	234
14752	228	0	0	2	0	230
14753	223	0	0	2	0	225
14754	229	0	0	1	0	230
14755	3	223	0	1	0	227
14756	227	2	0	0	0	229
14757	3	222	0	0	0	225
14758	0	3	0	221	0	224
14759	1	0	0	228	0	229
14760	1	223	0	2	0	226
14761	1	1	0	228	0	230
14762	0	0	1	226	0	227
14763	1	221	0	3	0	225
14764	0	3	0	226	0	229
14765	0	0	0	225	0	225
14766	0	0	0	220	0	220
14767	0	1	214	2	0	217
14768	0	206	2	1	0	209
14769	1	2	0	211	0	214
14770	0	216	0	2	0	218
14771	216	2	1	0	0	219
14772	3	0	212	0	0	215
14773	0	1	210	1	0	212
14774	210	0	2	1	0	213
14775	3	0	0	217	0	220
14776	0	0	193	2	0	195
14777	0	0	192	0	0	192
14778	2	0	2	190	0	194
14779	196	0	0	2	0	198
14780	191	0	1	0	0	192
14781	2	0	1	193	0	196
14782	1	0	184	2	0	187
14783	1	181	2	0	0	184
14784	0	1	1	183	0	185
14785	0	0	182	3	0	185
14786	0	180	2	1	0	183
14787	0	3	0	185	0	188
14788	236	0	0	3	0	239
14789	2	0	0	228	0	230
14790	0	262	0	1	0	263
14791	266	2	0	1	0	269
14792	2	0	282	0	0	284
14793	1	274	2	2	0	279
14794	0	2	280	0	0	282
14795	300	0	2	1	0	303
14796	3	0	0	299	0	302
14797	1	0	0	313	0	314
14798	313	0	1	3	0	317
14799	4	0	0	308	0	312
14800	1	0	306	3	0	310
14801	283	1	3	0	0	287
14802	3	303	0	1	0	307
14803	0	4	0	311	0	315
14804	309	0	0	4	0	313
14805	3	303	1	2	0	309
14806	0	4	0	307	0	311
14807	309	0	0	4	0	313
14808	3	1	0	304	0	308
14809	0	295	2	3	0	300
14810	1	3	298	1	0	303
14811	0	2	3	305	0	310
14812	0	1	0	293	0	294
14813	311	0	0	3	0	314
14814	3	1	0	301	0	305
14815	307	1	0	3	0	311
14816	311	1	0	0	0	312
14817	3	0	0	299	0	302
14818	0	305	0	4	0	309
14819	1	3	1	304	0	309
14820	217	1	0	4	0	222
14821	4	213	0	1	0	218
14822	1	254	1	0	0	256
14823	256	3	1	1	0	261
14824	255	1	0	1	0	257
14825	3	249	0	1	0	253
14826	259	3	0	0	0	262
14827	248	1	0	0	0	249
14828	2	1	0	247	0	250
14829	0	0	247	2	0	249
14830	1	0	2	244	0	247
14831	0	1	252	2	0	255
14832	1	0	2	292	0	295
14833	1	1	289	3	0	294
14834	269	0	2	2	0	273
14835	3	0	2	280	0	285
14836	282	0	0	5	0	287
14837	3	0	1	278	0	282
14838	2	274	0	3	0	279
14839	281	3	3	2	0	289
14840	6	2	274	0	0	282
14841	274	0	2	1	0	277
14842	4	278	1	0	0	283
14843	239	2	0	2	0	243
14844	239	2	1	0	0	242
14845	5	237	0	0	0	242
14846	1	2	1	241	0	245
14847	239	1	0	2	0	242
14848	4	226	1	1	0	232
14849	2	3	0	243	0	248
14850	239	1	0	4	0	244
14851	3	1	0	239	0	243
14852	1	1	0	237	0	239
14853	1	0	1	245	0	247
14854	2	1	231	3	0	237
14855	0	1	2	234	0	237
14856	240	0	1	4	0	245
14857	2	0	230	3	0	235
14858	1	1	3	240	0	245
14859	0	0	1	240	0	241
14860	2	1	233	3	0	239
14861	222	0	2	3	0	227
14862	238	2	1	1	0	242
14863	5	0	231	1	0	237
14864	1	0	3	224	0	228
14865	1	0	1	240	0	242
14866	2	0	209	3	0	214
14867	1	0	3	202	0	206
14868	2	0	1	202	0	205
14869	1	0	206	4	0	211
14870	193	0	2	3	0	198
14871	2	1	1	209	0	213
14872	206	0	1	4	0	211
14873	213	0	1	2	0	216
14874	4	0	207	1	0	212
14875	1	1	2	205	0	209
14876	212	0	1	2	0	215
14877	3	231	0	2	0	236
14878	2	3	1	238	0	244
14879	2	1	0	252	0	255
14880	1	0	1	255	0	257
14881	1	1	248	7	0	257
14882	203	0	4	4	0	211
14883	4	1	1	255	0	261
14884	1	0	1	256	0	258
14885	0	1	247	7	0	255
14886	1	0	5	237	0	243
14887	1	0	2	254	0	257
14888	202	0	0	7	0	209
14889	5	194	1	2	0	202
14890	1	4	165	2	0	172
14891	167	1	4	1	0	173
14892	6	0	26	175	0	207
14893	1	1	202	5	0	209
14894	3	0	205	2	0	210
14895	1	0	6	198	0	205
14896	0	0	200	5	0	205
14897	1	0	233	2	0	236
14898	0	222	7	1	0	230
14899	11	3	1	228	0	243
14900	0	2	239	4	0	245
14901	0	0	5	233	0	238
14902	374	1	2	4	0	381
14903	4	0	0	367	0	371
14904	2	0	1	384	0	387
14905	378	0	0	7	0	385
14906	365	0	0	2	0	367
14907	6	0	0	410	0	416
14908	2	0	399	5	0	406
14909	1	387	4	3	0	395
14910	1	4	2	401	0	408
14911	405	2	0	6	0	413
14912	451	0	1	2	0	454
14913	7	439	0	0	0	446
14914	2	454	0	1	0	457
14915	451	4	0	1	0	456
14916	438	2	0	1	0	441
14917	6	1	438	0	0	445
14918	3	1	3	420	0	427
14919	1	441	2	5	0	449
14920	452	3	0	3	0	458
14921	4	2	2	438	0	446
14922	2	411	0	6	0	419
14923	1	4	404	3	0	412
14924	1	2	4	390	0	397
14925	0	411	2	5	0	418
14926	421	4	1	1	0	427
14927	410	1	1	0	0	412
14928	6	416	0	2	0	424
14929	414	5	1	0	0	420
14930	406	2	1	0	0	409
14931	6	447	0	1	0	454
14932	0	416	1	1	0	418
14933	0	4	1	414	0	419
14934	406	2	1	3	0	412
14935	3	0	469	2	0	474
14936	430	0	5	0	0	435
14937	3	473	1	1	0	478
14938	481	3	1	0	0	485
14939	479	1	0	0	0	480
14940	497	0	0	1	0	498
14941	5	0	0	474	0	479
14942	2	475	0	3	0	480
14943	567	3	0	2	0	572
14944	3	4	578	0	0	585
14945	1	558	4	0	0	563
14946	0	3	1	638	0	642
14947	2	1	620	3	0	626
14948	1	1	617	2	0	621
14949	1	0	5	614	0	620
14950	1	2	2	629	0	634
14951	2	0	1	647	0	650
14952	4	1	1	626	0	632
14953	1	621	2	4	0	628
14954	1	645	0	2	0	648
14955	647	5	0	1	0	653
14956	5	1	1	642	0	649
14957	1	0	2	644	0	647
14958	1	3	1	671	0	676
14959	664	0	1	7	0	672
14960	667	0	2	3	0	672
14961	4	1	3	662	0	670
14962	676	1	0	5	0	682
14963	666	1	1	4	0	672
14964	671	0	4	2	0	677
14965	5	1	1	729	0	736
14966	3	1	712	6	0	722
14967	2	2	674	3	0	681
14968	2	3	696	3	0	704
14969	1	2	719	3	0	725
14970	4	3	3	703	0	713
14971	730	1	1	5	0	737
14972	705	1	1	2	0	709
14973	5	2	716	2	0	725
14974	3	1	720	4	0	728
14975	4	708	7	1	0	720
14976	7	3	0	765	0	775
14977	758	2	0	5	0	765
14978	5	2	741	2	0	750
14979	702	1	3	0	0	706
14980	5	735	2	1	0	743
14981	2	2	1	767	0	772
14982	1	3	2	761	0	767
14983	1	1	1	754	0	757
14984	770	2	2	2	0	776
14985	4	1	1	769	0	775
14986	2	1	1	773	0	777
14987	782	2	3	2	0	789
14988	2	2	2	772	0	778
14989	1	1	838	2	0	842
14990	794	1	1	2	0	798
14991	3	1	3	841	0	848
14992	1	0	0	778	0	779
14993	1	711	0	60	0	772
14994	806	1	1	1	0	809
14995	779	0	0	1	0	780
14996	0	1	0	771	0	772
14997	1	0	736	2	0	739
14998	663	0	1	3	0	667
14999	2	0	754	2	0	758
15000	3	0	0	730	0	733
15001	0	0	0	762	0	762
15002	650	0	1	1	0	652
15003	3	0	0	647	0	650
15004	0	0	644	2	0	646
15005	612	0	2	1	0	615
15006	1	2	721	0	0	724
15007	1	0	618	1	0	620
15008	646	0	6	2	0	654
15009	4	1	1	633	0	639
15010	3	645	2	5	0	655
15011	742	4	1	3	0	750
15012	725	2	1	1	0	729
15013	5	0	735	3	0	743
15014	720	1	6	2	0	729
15015	7	1	4	746	0	758
15016	3	1	795	8	0	807
15017	1	771	6	4	0	782
15018	799	4	4	0	0	807
15019	7	833	2	2	0	844
15020	2	5	6	843	0	856
15021	4	3	1	845	0	853
15022	2	0	1	847	0	850
15023	1	2	3	829	0	835
15024	3	821	0	6	0	830
15025	2	5	798	4	0	809
15026	1	823	5	3	0	832
15027	840	5	3	3	0	851
15028	5	2	0	846	0	853
15029	843	0	3	6	0	852
15030	6	2	1	844	0	853
15031	803	2	0	4	0	809
15032	4	823	1	3	0	831
15033	869	7	0	0	0	876
15034	871	2	0	1	0	874
15035	791	0	0	3	0	794
15036	808	1	0	1	0	810
15037	7	779	0	3	0	789
15038	5	5	789	0	0	799
15039	1	4	5	781	0	791
15040	791	1	2	4	0	798
15041	780	0	0	2	0	782
15042	7	0	1	790	0	798
15043	4	0	713	5	0	722
15044	1	2	4	681	0	688
15045	2	679	4	3	0	688
15046	643	5	1	5	0	654
15047	7	2	2	666	0	677
15048	5	597	1	34	0	637
15049	1	670	0	4	0	675
15050	2	681	2	0	0	685
15051	1	13	1	688	0	703
15052	685	4	2	11	0	702
15053	13	683	1	4	0	701
15054	5	10	0	693	0	708
15055	685	3	0	16	0	704
15056	11	2	3	684	0	700
15057	685	4	1	10	0	700
15058	681	0	3	6	0	690
15059	12	664	1	3	0	680
15060	4	12	0	649	0	665
15061	4	724	1	11	0	740
15062	726	12	0	4	0	742
15063	721	4	3	3	0	731
15064	733	2	1	1	0	737
15065	13	1	5	645	0	664
15066	5	2	640	10	0	657
15067	643	1	9	4	0	657
15068	672	3	3	5	0	683
15069	18	4	0	646	0	668
15070	6	700	1	11	0	718
15071	9	11	1	729	0	750
15072	4	2	3	745	0	754
15073	730	1	3	14	0	748
15074	708	1	1	7	0	717
15075	14	2	706	2	0	724
15076	5	3	11	673	0	692
15077	688	5	4	10	0	707
15078	13	3	1	694	0	711
15079	3	4	685	17	0	709
15080	3	629	12	9	0	653
15081	5	671	1	4	0	681
15082	753	13	2	7	0	775
15083	13	5	3	755	0	776
15084	6	6	2	1123	0	1137
15085	1082	6	0	36	0	1124
15086	35	1	1133	13	0	1182
15087	13	3	28	1145	0	1189
15088	10	8	1101	30	0	1149
15089	9	1074	28	12	0	1123
15090	1175	33	11	8	0	1227
15091	1202	11	3	8	0	1224
15092	1226	5	1	2	0	1234
15093	51	6	1135	1	0	1193
15094	1173	2	31	7	0	1213
15095	1212	3	15	0	0	1230
15096	44	7	5	1233	0	1289
15097	1207	2	8	34	0	1251
15098	39	2	1196	12	0	1249
15099	1148	1	30	6	0	1185
15100	38	2	1141	4	0	1185
15101	19	1238	35	2	0	1294
15102	11	38	9	1101	0	1159
15103	4	1250	5	32	0	1291
15104	10	34	1191	10	0	1245
15105	2	1260	34	12	0	1308
15106	1134	29	9	5	0	1177
15107	27	1162	11	1	0	1201
15108	11	1186	2	3	0	1202
15109	7	38	1156	2	0	1203
15110	4	14	27	1149	0	1194
15111	1137	5	11	29	0	1182
15112	30	10	1109	10	0	1159
15113	15	1099	30	7	0	1151
15114	7	34	9	1108	0	1158
15115	3	13	1099	35	0	1150
15116	12	2	1094	7	0	1115
15117	5	3	40	1101	0	1149
15118	8	2	1067	38	0	1115
15119	5	5	40	929	0	979
15120	2	1031	11	27	0	1071
15121	7	34	5	1011	0	1057
15122	4	1060	10	28	0	1102
15123	10	35	5	1074	0	1124
15124	1047	8	7	37	0	1099
15125	36	8	6	1053	0	1103
15126	17	1042	5	33	0	1097
15127	7	36	7	1086	0	1136
15128	80	7	971	39	0	1097
15129	7	12	34	1066	0	1119
15130	1071	7	11	41	0	1130
15131	41	5	1032	9	0	1087
15132	16	8	29	1024	0	1077
15133	999	5	13	39	0	1056
15134	32	986	13	13	0	1044
15135	18	34	10	1002	0	1064
15136	1017	12	7	40	0	1076
15137	44	7	5	1019	0	1075
15138	18	8	972	38	0	1036
15139	970	12	37	16	0	1035
15140	43	999	16	7	0	1065
15141	15	1043	14	9	0	1081
15142	1058	42	10	11	0	1121
15143	1072	15	11	11	0	1109
15144	45	17	6	1034	0	1102
15145	1055	11	10	41	0	1117
15146	45	13	971	15	0	1044
15147	965	9	39	12	0	1025
15148	35	1030	13	11	0	1089
15149	1078	27	16	15	0	1136
15150	45	12	1050	15	0	1122
15151	24	10	35	1038	0	1107
15152	15	8	26	1059	0	1108
15153	11	15	23	1005	0	1054
15154	21	1045	17	42	0	1125
15155	1026	37	60	25	0	1148
15156	50	19	18	960	0	1047
15157	28	979	24	26	0	1057
15158	1119	33	17	23	0	1192
15159	1112	15	17	15	0	1159
15160	1122	13	13	18	0	1166
15161	1088	16	9	21	0	1134
15162	1072	12	10	17	0	1111
15163	53	14	16	1047	0	1130
15164	34	15	18	1065	0	1132
15165	1059	9	17	45	0	1130
15166	37	17	14	1054	0	1122
15167	28	23	14	1070	0	1135
15168	16	14	971	50	0	1051
15169	1013	22	35	25	0	1095
15170	1007	19	18	29	0	1073
15171	1012	21	22	14	0	1069
15172	48	24	10	899	0	981
15173	22	956	8	40	0	1026
15174	989	42	19	17	0	1067
15175	1026	24	17	26	0	1093
15176	50	19	9	1080	0	1158
15177	1089	14	22	42	0	1167
15178	51	22	966	28	0	1067
15179	24	1088	37	26	0	1175
15180	25	1155	24	23	0	1227
15181	15	44	1099	18	0	1176
15182	15	1009	35	22	0	1081
15183	15	1023	21	26	0	1085
15184	663	11	9	11	0	694
15185	16	643	7	15	0	681
15186	6	6	0	599	0	611
15187	600	0	6	12	0	618
15188	10	3	648	7	0	668
15189	651	4	6	4	0	665
15190	13	4	617	1	0	635
15191	3	3	598	8	0	612
15192	583	3	5	3	0	594
15193	8	1	607	7	0	623
15194	2	547	3	1	0	553
15195	2	4	0	589	0	595
15196	541	0	0	4	0	545
15197	4	508	2	2	0	516
15198	0	2	0	542	0	544
15199	2	1	532	5	0	540
15200	2	0	3	527	0	532
15201	477	0	0	5	0	482
15202	4	0	468	2	0	474
15203	0	1	3	477	0	481
15204	481	0	0	4	0	485
15205	497	0	0	0	0	497
15206	4	0	0	500	0	504
15207	0	0	1	497	0	498
15208	0	3	489	3	0	495
15209	3	1	487	0	0	491
15210	460	0	3	0	0	463
15211	500	0	0	0	0	500
15212	2	482	0	0	0	484
15213	508	4	0	0	0	512
15214	512	0	0	0	0	512
15215	6	0	586	0	0	592
15216	0	583	9	1	0	593
15217	623	9	3	0	0	635
15218	672	4	0	0	0	676
15219	664	1	0	0	0	665
15220	18	0	0	645	0	663
15221	6	0	0	661	0	667
15222	1	635	0	17	0	653
15223	0	11	1	670	0	682
15224	659	3	1	14	0	677
15225	13	1	0	666	0	680
15226	7	0	657	14	0	678
15227	3	1	641	6	0	651
15228	0	0	16	648	0	664
15229	1	1	661	12	0	675
15230	0	2	638	6	0	646
15231	1	0	17	591	0	609
15232	1	1	6	650	0	658
15233	0	1	647	15	0	663
15234	2	0	625	7	0	634
15235	0	605	15	3	0	623
15236	631	12	6	2	0	651
15237	13	644	3	0	0	660
15238	677	12	2	1	0	692
15239	685	4	0	1	0	690
15240	16	628	3	1	0	648
15241	656	11	3	0	0	670
15242	13	5	1	638	0	657
15243	6	2	645	12	0	665
15244	2	2	12	630	0	646
15245	2	2	5	655	0	664
15246	641	0	1	17	0	659
15247	643	3	0	5	0	651
15248	606	1	0	2	0	609
15249	598	0	1	3	0	602
15250	591	0	1	3	0	595
15251	18	540	1	4	0	563
15252	6	12	1	586	0	605
15253	3	6	557	14	0	580
15254	3	1	10	565	0	579
15255	3	0	5	571	0	579
15256	2	0	1	595	0	598
15257	625	1	1	18	0	645
15258	15	1	4	683	0	703
15259	740	1	2	18	0	761
15260	19	0	810	7	0	836
15261	6	1	21	1000	0	1028
15262	4	1	1006	34	0	1045
15263	997	0	28	12	0	1037
15264	33	1	10	1018	0	1062
15265	12	1	1000	30	0	1043
15266	7	3	27	1012	0	1049
15267	1079	2	13	40	0	1134
15268	35	2	1157	13	0	1207
15269	1155	0	31	10	0	1196
15270	1203	0	10	5	0	1218
15271	1180	1	9	7	0	1197
15272	1189	1	7	3	0	1200
15273	38	1134	4	7	0	1183
15274	19	1161	5	2	0	1187
15275	11	1135	8	3	0	1157
15276	9	39	4	1012	0	1064
15277	7	1041	2	29	0	1079
15278	1005	31	4	9	0	1049
15279	32	987	4	7	0	1030
15280	13	1005	2	4	0	1024
15281	8	38	2	977	0	1025
15282	3	21	1	1010	0	1035
15283	964	8	1	38	0	1011
15284	34	6	3	998	0	1041
15285	18	5	947	35	0	1005
15286	12	7	977	14	0	1010
15287	5	5	1050	13	0	1073
15288	5	5	41	940	0	991
15289	3	3	16	1069	0	1091
15290	5	3	1029	44	0	1081
15291	5	2	1010	22	0	1039
15292	7	2	1118	9	0	1136
15293	1093	2	46	5	0	1146
15294	31	2	19	1108	0	1160
15295	15	2	12	1141	0	1170
15296	1117	4	8	44	0	1173
15297	30	2	9	1098	0	1139
15298	16	1057	9	31	0	1113
15299	9	1119	9	13	0	1150
15300	5	35	6	1129	0	1175
15301	1113	17	3	37	0	1170
15302	1139	6	3	17	0	1165
15303	1135	5	6	14	0	1160
15304	46	6	5	1112	0	1169
15305	19	8	1106	36	0	1169
15306	10	7	33	1124	0	1174
15307	9	4	1098	40	0	1151
15308	1071	4	35	18	0	1128
15309	37	3	14	1099	0	1153
15310	1084	3	16	35	0	1138
15311	37	3	1059	27	0	1126
15312	1018	2	35	16	0	1071
15313	42	1	1087	10	0	1140
15314	19	1054	36	11	0	1120
15315	20	1022	10	8	0	1060
15316	1012	26	11	8	0	1057
15317	31	12	6	1004	0	1053
15318	12	10	946	22	0	990
15319	12	931	23	14	0	980
15320	7	991	14	9	0	1021
15321	8	28	10	980	0	1026
15322	986	13	7	27	0	1033
15323	983	6	5	17	0	1011
15324	26	978	9	13	0	1026
15325	991	28	4	9	0	1032
15326	25	11	6	977	0	1019
15327	16	8	959	27	0	1010
15328	19	932	22	39	0	1012
15329	12	25	10	993	0	1040
15330	9	9	11	1018	0	1047
15331	1019	10	4	30	0	1063
15332	27	4	985	17	0	1033
15333	981	10	24	11	0	1026
15334	1087	9	11	14	0	1121
15335	30	4	12	1079	0	1125
15336	14	6	8	1095	0	1123
15337	1099	5	12	29	0	1145
15338	34	5	7	1080	0	1126
15339	17	9	1056	35	0	1117
15340	14	5	1058	17	0	1094
15341	9	1051	29	15	0	1104
15342	15	1100	11	12	0	1138
15343	9	30	6	1009	0	1054
15344	10	1076	7	27	0	1120
15345	1118	24	8	16	0	1166
15346	29	1139	9	12	0	1189
15347	13	33	5	1138	0	1189
15348	11	13	7	1168	0	1199
15349	5	13	1118	31	0	1167
15350	12	8	21	1126	0	1167
15351	9	7	12	1132	0	1160
15352	12	1123	10	34	0	1179
15353	11	23	8	1175	0	1217
15354	9	10	6	1218	0	1243
15355	8	6	1151	46	0	1211
15356	5	1138	38	26	0	1207
15357	9	91	9	1038	0	1147
15358	6	955	10	93	0	1064
15359	3	34	953	16	0	1006
15360	6	921	26	11	0	964
15361	754	17	4	3	0	778
15362	734	6	1	4	0	745
15363	738	4	2	5	0	749
15364	16	734	3	2	0	755
15365	742	15	2	6	0	765
15366	13	4	6	737	0	760
15367	667	1	1	19	0	688
15368	14	570	2	6	0	592
15369	578	17	3	4	0	602
15370	567	4	1	8	0	580
15371	14	565	0	6	0	585
15372	3	15	569	4	0	591
15373	4	6	17	569	0	596
15374	2	5	664	18	0	689
15375	2	7	16	679	0	704
15376	2	5	5	704	0	716
15377	4	5	683	24	0	716
15378	4	4	22	729	0	759
15379	743	3	5	23	0	774
15380	24	3	720	10	0	757
15381	6	716	21	9	0	752
15382	7	23	6	716	0	752
15383	6	5	1	762	0	774
15384	6	4	730	30	0	770
15385	4	7	25	704	0	740
15386	0	663	4	17	0	684
15387	619	23	1	6	0	649
15388	16	622	3	4	0	645
15389	645	23	1	2	0	671
15390	18	680	3	2	0	703
15391	3	690	0	2	0	695
15392	2	21	599	1	0	623
15393	1	5	19	596	0	621
15394	1	3	2	624	0	630
15395	1	2	3	628	0	634
15396	1	687	2	23	0	713
15397	2	23	0	711	0	736
15398	755	2	2	28	0	787
15399	26	3	0	771	0	800
15400	766	2	1	29	0	798
15401	30	2	748	5	0	785
15402	737	1	25	3	0	766
15403	28	2	1	804	0	835
15404	4	3	4	928	0	939
15405	892	2	2	37	0	933
15406	39	1	846	7	0	893
15407	4	907	35	6	0	952
15408	3	30	2	946	0	981
15409	946	5	1	35	0	987
15410	963	3	4	5	0	975
15411	32	1	1	952	0	986
15412	11	1	940	36	0	988
15413	891	2	37	4	0	934
15414	38	2	895	7	0	942
15415	9	1	36	906	0	952
15416	5	3	913	41	0	962
15417	8	1	33	918	0	960
15418	3	2	894	39	0	938
15419	3	892	36	8	0	939
15420	5	35	6	761	0	807
15421	3	869	5	33	0	910
15422	900	33	5	4	0	942
15423	923	6	5	8	0	942
15424	36	7	882	7	0	932
15425	11	2	33	884	0	930
15426	902	3	6	36	0	947
15427	41	2	3	900	0	946
15428	4	3	6	919	0	932
15429	8	2	858	41	0	909
15430	821	2	33	12	0	868
15431	34	4	870	8	0	916
15432	6	1	39	868	0	914
15433	6	4	891	35	0	936
15434	819	3	37	10	0	869
15435	846	3	9	10	0	868
15436	846	6	7	8	0	867
15437	42	3	7	793	0	845
15438	10	5	796	38	0	849
15439	12	6	788	10	0	816
15440	11	2	38	690	0	741
15441	6	766	12	32	0	816
15442	775	31	7	14	0	827
15443	41	6	6	786	0	839
15444	6	6	780	40	0	832
15445	9	6	29	744	0	788
15446	4	3	796	44	0	847
15447	13	1	36	792	0	842
15448	11	3	801	41	0	856
15449	11	3	809	15	0	838
15450	10	774	43	7	0	834
15451	7	36	802	14	0	859
15452	17	6	813	8	0	844
15453	11	7	31	630	0	679
15454	6	6	11	663	0	686
15455	4	738	13	29	0	784
15456	759	23	11	9	0	802
15457	26	730	8	12	0	776
15458	8	29	5	694	0	736
15459	690	7	11	29	0	737
15460	33	3	4	720	0	760
15461	726	5	13	28	0	772
15462	31	2	4	736	0	773
15463	12	1	707	29	0	749
15464	9	2	26	719	0	756
15465	8	3	16	740	0	767
15466	719	4	12	32	0	767
15467	710	6	9	14	0	739
15468	719	4	10	15	0	748
15469	30	688	16	10	0	744
15470	11	721	6	11	0	749
15471	714	26	9	10	0	759
15472	30	16	712	9	0	767
15473	20	7	732	9	0	768
15474	12	33	25	608	0	678
15475	8	2	609	29	0	648
15476	13	0	607	10	0	630
15477	565	2	27	12	0	606
15478	552	1	8	12	0	573
15479	19	537	5	15	0	576
15480	6	607	14	8	0	635
15481	10	19	11	482	0	522
15482	7	599	9	19	0	634
15483	660	14	6	10	0	690
15484	20	7	6	604	0	637
15485	14	633	8	16	0	671
15486	661	19	6	7	0	693
15487	21	7	646	5	0	679
15488	14	7	629	9	0	659
15489	572	4	27	6	0	609
15490	16	3	523	15	0	557
15491	537	2	20	8	0	567
15492	17	3	11	556	0	587
15493	10	7	569	13	0	599
15494	8	536	41	14	0	599
15495	9	585	11	5	0	610
15496	484	14	8	7	0	513
15497	14	487	5	6	0	512
15498	429	8	5	5	0	447
15499	435	2	8	3	0	448
15500	8	422	7	6	0	443
15501	4	9	7	450	0	470
15502	4	3	487	9	0	503
15503	4	531	15	3	0	553
15504	2	10	1	452	0	465
15505	0	1	1	412	0	414
15506	404	1	1	11	0	417
15507	9	1	2	348	0	360
15508	1	3	343	12	0	359
15509	1	334	9	4	0	348
15510	1	10	1	354	0	366
15511	354	1	1	12	0	368
15512	423	1	1	3	0	428
15513	10	1	2	418	0	431
15514	444	2	1	12	0	459
15515	15	1	434	3	0	453
15516	4	1	12	436	0	453
15517	5	0	438	14	0	457
15518	2	1	14	468	0	485
15519	3	1	3	487	0	494
15520	1	1	1	486	0	489
15521	2	1	2	487	0	492
15522	1	0	2	497	0	500
15523	474	0	2	21	0	497
15524	481	1	1	6	0	489
15525	14	464	1	8	0	487
15526	476	15	0	7	0	498
15527	20	1	0	478	0	499
15528	9	1	0	483	0	493
15529	7	2	1	481	0	491
15530	4	2	455	19	0	480
15531	2	2	16	439	0	459
15532	1	461	4	19	0	485
15533	448	15	2	10	0	475
15534	452	3	0	8	0	463
15535	16	2	423	10	0	451
15536	3	437	15	5	0	460
15537	5	14	2	452	0	473
15538	7	2	437	17	0	463
15539	9	2	17	411	0	439
15540	4	446	2	14	0	466
15541	432	18	2	6	0	458
15542	16	430	2	9	0	457
15543	3	16	450	10	0	479
15544	3	3	445	7	0	458
15545	4	417	18	5	0	444
15546	2	401	4	4	0	411
15547	395	19	3	3	0	420
15548	410	4	5	3	0	422
15549	19	5	3	397	0	424
15550	6	3	392	18	0	419
15551	5	5	15	389	0	414
15552	6	2	4	411	0	423
15553	395	1	4	23	0	423
15554	382	1	4	8	0	395
15555	19	2	4	401	0	426
15556	5	3	382	23	0	413
15557	6	402	17	5	0	430
15558	418	16	3	5	0	442
15559	17	452	4	5	0	478
15560	4	21	4	449	0	478
15561	3	6	4	476	0	489
15562	6	6	2	474	0	488
15563	6	8	1	481	0	496
15564	465	3	1	26	0	495
15565	18	1	4	462	0	485
15566	2	444	3	28	0	477
15567	2	21	1	472	0	496
15568	443	2	2	27	0	474
15569	23	452	1	8	0	484
15570	5	18	1	459	0	483
15571	3	6	435	27	0	471
15572	448	5	21	6	0	480
15573	22	7	3	454	0	486
15574	5	5	447	23	0	480
15575	5	3	455	9	0	472
15576	5	3	22	452	0	482
15577	449	2	4	30	0	485
15578	455	1	4	10	0	470
15579	22	496	5	11	0	534
15580	484	19	3	10	0	516
15581	496	4	6	6	0	512
15582	482	4	2	9	0	497
15583	450	5	3	7	0	465
15584	24	6	2	433	0	465
15585	11	3	2	459	0	475
15586	9	3	417	26	0	455
15587	8	406	19	8	0	441
15588	6	432	4	10	0	452
15589	3	19	419	11	0	452
15590	424	3	23	6	0	456
15591	22	5	5	437	0	469
15592	440	6	4	23	0	473
15593	429	6	3	8	0	446
15594	27	4	399	7	0	437
15595	9	1	21	414	0	445
15596	415	4	6	22	0	447
15597	28	4	2	406	0	440
15598	10	3	398	24	0	435
15599	11	1	18	371	0	401
15600	9	392	3	24	0	428
15601	3	401	6	13	0	423
15602	2	14	374	1	0	391
15603	1	307	10	3	0	321
15604	310	11	3	1	0	325
15605	306	2	0	2	0	310
15606	14	1	0	302	0	317
15607	4	1	2	309	0	316
15608	2	1	3	316	0	322
15609	303	1	1	14	0	319
15610	14	303	0	3	0	320
15611	315	12	0	4	0	331
15612	261	1	1	4	0	267
15613	10	252	1	2	0	265
15614	234	8	0	1	0	243
15615	7	227	0	2	0	236
15616	237	7	0	1	0	245
15617	8	3	222	3	0	236
15618	182	2	4	2	0	190
15619	7	185	1	1	0	194
15620	1	7	0	199	0	207
15621	2	1	0	202	0	205
15622	2	0	1	197	0	200
15623	199	1	0	7	0	207
15624	6	2	0	214	0	222
15625	1	1	215	7	0	224
15626	234	0	3	2	0	239
15627	7	2	231	1	0	241
15628	2	0	5	236	0	243
15629	0	1	231	7	0	239
15630	1	0	8	223	0	232
15631	2	227	1	6	0	236
15632	0	5	2	228	0	235
15633	1	233	2	5	0	241
15634	0	6	1	240	0	247
15635	234	1	1	7	0	243
15636	9	2	0	273	0	284
15637	274	1	1	6	0	282
15638	7	3	261	2	0	273
15639	264	0	6	1	0	271
15640	278	0	1	2	0	281
15641	278	1	0	2	0	281
15642	9	0	0	273	0	282
15643	261	2	1	8	0	272
15644	9	0	244	3	0	256
15645	255	1	7	0	0	263
15646	7	2	250	1	0	260
15647	251	0	6	1	0	258
15648	8	0	3	260	0	271
15649	4	0	258	6	0	268
15650	3	0	7	251	0	261
15651	4	0	2	255	0	261
15652	2	1	246	8	0	257
15653	224	0	8	4	0	236
15654	7	278	3	2	0	290
15655	283	5	0	3	0	291
15656	6	279	1	1	0	287
15657	267	5	2	1	0	275
15658	6	1	259	2	0	268
15659	197	0	3	0	0	200
15660	4	205	2	0	0	211
15661	1	3	2	215	0	221
15662	1	1	1	217	0	220
15663	0	0	1	217	0	218
15664	1	1	215	4	0	221
15665	0	1	3	203	0	207
15666	0	0	212	4	0	216
15667	206	1	3	2	0	212
15668	211	0	1	1	0	213
15669	4	0	1	205	0	210
15670	2	1	242	3	0	248
15671	275	0	5	1	0	281
15672	6	1	301	0	0	308
15673	5	1	4	289	0	299
15674	2	0	4	306	0	312
15675	1	0	2	306	0	309
15676	2	1	0	313	0	316
15677	301	0	2	10	0	313
15678	5	321	0	7	0	333
15679	4	4	281	2	0	291
15680	3	279	4	1	0	287
15681	287	5	2	3	0	297
15682	6	3	2	287	0	298
15683	333	3	1	4	0	341
15684	5	0	2	301	0	308
15685	3	2	1	336	0	342
15686	3	0	1	339	0	343
15687	1	1	321	11	0	334
15688	5	322	5	4	0	336
15689	0	7	324	4	0	335
15690	1	3	6	329	0	339
15691	377	2	4	9	0	392
15692	374	0	3	6	0	383
15693	376	2	0	4	0	382
15694	11	365	1	3	0	380
15695	401	5	3	4	0	413
15696	8	4	1	401	0	414
15697	7	2	2	392	0	403
15698	2	0	1	456	0	459
15699	1	454	3	10	0	468
15700	4	5	1	471	0	481
15701	2	469	1	10	0	482
15702	434	3	0	4	0	441
15703	438	2	2	2	0	444
15704	6	1	1	437	0	445
15705	4	2	422	3	0	431
15706	417	0	4	4	0	425
15707	3	0	3	438	0	444
15708	4	0	430	3	0	437
15709	412	0	4	3	0	419
15710	3	2	2	427	0	434
15711	426	1	0	2	0	429
15712	5	353	0	64	0	422
15713	3	2	0	422	0	427
15714	2	429	0	5	0	436
15715	1	3	0	439	0	443
15716	0	433	1	5	0	439
15717	1	4	0	452	0	457
15718	2	3	437	5	0	447
15719	325	3	6	5	0	339
15720	4	434	2	4	0	444
15721	2	3	434	3	0	442
15722	422	2	2	1	0	427
15723	4	2	1	438	0	445
15724	3	0	420	4	0	427
15725	2	395	3	2	0	402
15726	2	1	2	403	0	408
15727	0	5	451	3	0	459
15728	2	3	2	436	0	443
15729	1	0	3	475	0	479
15730	2	1	484	5	0	492
15731	1	3	3	477	0	484
15732	2	2	485	6	0	495
15733	0	1	4	483	0	488
15734	0	1	513	7	0	521
15735	1	1	6	498	0	506
15736	1	3	2	517	0	523
15737	1	1	2	493	0	497
15738	2	468	4	5	0	479
15739	492	3	0	5	0	500
15740	484	3	1	4	0	492
15741	5	3	2	484	0	494
15742	545	1	0	5	0	551
15743	6	0	534	5	0	545
15744	2	524	6	3	0	535
15745	544	4	3	2	0	553
15746	1	529	2	3	0	535
15747	2	4	2	551	0	559
15748	1	3	1	549	0	554
15749	543	2	0	7	0	552
15750	5	0	2	542	0	549
15751	3	1	533	7	0	544
15752	1	517	5	7	0	530
15753	532	3	2	4	0	541
15754	3	3	3	504	0	513
15755	3	501	1	3	0	508
15756	4	3	0	512	0	519
15757	1	496	0	6	0	503
15758	512	4	1	3	0	520
15759	499	3	1	1	0	504
15760	8	2	496	0	0	506
15761	4	2	481	2	0	489
15762	3	1	6	492	0	502
15763	0	492	3	5	0	500
15764	1	3	0	517	0	521
15765	515	2	1	6	0	524
15766	4	3	516	3	0	526
15767	2	1	5	512	0	520
15768	2	3	518	5	0	528
15769	4	2	497	2	0	505
15770	1	472	5	3	0	481
15771	0	1	1	446	0	448
15772	436	0	0	2	0	438
15773	4	1	436	0	0	441
15774	0	419	4	2	0	425
15775	442	3	0	0	0	445
15776	3	0	1	433	0	437
15777	466	1	0	3	0	470
15778	456	0	0	0	0	456
15779	454	0	0	1	0	455
15780	4	0	487	0	0	491
15781	448	0	3	0	0	451
15782	487	0	0	0	0	487
15783	3	446	1	0	0	450
15784	1	1	0	455	0	457
15785	1	0	0	456	0	457
15786	0	1	0	461	0	462
15787	457	0	0	4	0	461
15788	436	1	0	1	0	438
15789	3	1	446	1	0	451
15790	1	0	3	434	0	438
15791	1	394	1	2	0	398
15792	419	3	1	0	0	423
15793	3	0	419	1	0	423
15794	0	1	4	419	0	424
15795	1	0	0	404	0	405
15796	0	394	1	2	0	397
15797	0	3	0	411	0	414
15798	0	0	0	359	0	359
15799	0	1	0	337	0	338
15800	335	0	0	4	0	339
15801	3	0	0	335	0	338
15802	0	0	0	334	0	334
15803	338	0	0	3	0	341
15804	4	0	0	354	0	358
15805	0	380	1	17	0	398
15806	398	3	0	2	0	403
15807	396	2	0	1	0	399
15808	397	1	0	0	0	398
15809	432	0	0	0	0	432
15810	8	407	0	0	0	415
15811	548	6	0	0	0	554
15812	553	2	2	0	0	557
15813	18	1	0	542	0	561
15814	4	1	516	20	0	541
15815	3	0	17	522	0	542
15816	2	0	3	539	0	544
15817	1	0	1	524	0	526
15818	0	0	2	531	0	533
15819	0	0	0	542	0	542
15820	512	0	0	26	0	538
15821	20	0	0	524	0	544
15822	3	2	505	23	0	533
15823	2	0	17	509	0	528
15824	2	509	3	20	0	534
15825	0	20	2	533	0	555
15826	1	2	519	22	0	544
15827	413	1	17	5	0	436
15828	458	2	2	3	0	465
15829	22	0	487	2	0	511
15830	3	463	19	2	0	487
15831	492	15	4	0	0	511
15832	505	3	1	1	0	510
15833	550	2	2	0	0	554
15834	526	2	0	1	0	529
15835	25	1	0	502	0	528
15836	7	1	520	19	0	547
15837	4	1	19	524	0	548
15838	5	0	4	553	0	562
15839	1	0	525	25	0	551
15840	4	0	531	4	0	539
15841	515	1	20	5	0	541
15842	20	478	4	6	0	508
15843	7	18	5	487	0	517
15844	5	3	484	22	0	514
15845	460	1	18	9	0	488
15846	19	3	486	5	0	513
15847	467	0	21	8	0	496
15848	21	496	6	5	0	528
15849	6	20	1	507	0	534
15850	2	3	532	25	0	562
15851	513	1	20	6	0	540
15852	22	522	5	4	0	553
15853	5	557	5	5	0	572
15854	5	24	3	540	0	572
15855	5	8	2	569	0	584
15856	593	4	1	27	0	625
15857	30	636	5	5	0	676
15858	10	31	1	646	0	688
15859	631	9	3	36	0	679
15860	665	5	2	10	0	682
15861	716	5	3	8	0	732
15862	49	1	658	10	0	718
15863	19	3	702	3	0	727
15864	763	3	44	4	0	814
15865	52	769	11	7	0	839
15866	12	792	5	5	0	814
15867	9	49	4	724	0	786
15868	5	751	4	46	0	806
15869	763	51	5	14	0	833
15870	49	12	6	766	0	833
15871	14	5	768	51	0	838
15872	782	4	47	13	0	846
15873	825	9	11	6	0	851
15874	53	4	4	790	0	851
15875	16	5	5	827	0	853
15876	12	2	3	832	0	849
15877	9	4	7	814	0	834
15878	10	3	691	62	0	766
15879	5	730	42	18	0	795
15880	9	50	8	621	0	688
15881	5	713	6	45	0	769
15882	13	51	4	623	0	691
15883	10	708	6	39	0	763
15884	705	52	1	17	0	775
15885	724	19	6	10	0	759
15886	50	701	3	14	0	768
15887	720	48	6	7	0	781
15888	61	19	2	717	0	799
15889	714	10	5	54	0	783
15890	53	712	3	16	0	784
15891	720	53	2	13	0	788
15892	765	13	4	10	0	792
15893	62	6	6	702	0	776
15894	21	6	667	49	0	743
15895	16	674	44	15	0	749
15896	19	46	9	701	0	775
15897	695	22	6	55	0	778
15898	56	9	683	22	0	770
15899	16	8	51	673	0	748
15900	13	6	14	718	0	751
15901	698	5	10	58	0	771
15902	723	12	5	18	0	758
15903	738	10	4	13	0	765
15904	59	662	2	14	0	737
15905	645	43	7	9	0	704
15906	61	13	614	8	0	696
15907	14	7	652	14	0	687
15908	15	5	673	10	0	703
15909	14	8	53	604	0	679
15910	14	15	608	51	0	688
15911	508	8	31	12	0	559
15912	37	3	8	513	0	561
15913	8	6	500	37	0	551
15914	513	1	29	12	0	555
15915	37	4	13	515	0	569
15916	11	5	5	544	0	565
15917	514	2	7	39	0	562
15918	36	10	3	541	0	590
15919	14	1	535	42	0	592
15920	8	6	34	553	0	601
15921	9	2	550	36	0	597
15922	10	2	32	561	0	605
15923	551	5	6	40	0	602
15924	36	533	10	9	0	588
15925	12	572	1	15	0	600
15926	13	35	7	549	0	604
15927	7	16	3	548	0	574
15928	10	532	7	38	0	587
15929	4	522	10	16	0	552
15930	6	33	7	516	0	562
15931	6	10	6	538	0	560
15932	498	8	2	46	0	554
15933	29	434	5	13	0	481
15934	14	460	0	9	0	483
15935	7	477	5	8	0	497
15936	427	33	5	9	0	474
15937	38	9	410	4	0	461
15938	417	7	31	8	0	463
15939	36	4	7	416	0	463
15940	9	405	6	35	0	455
15941	6	444	4	12	0	466
15942	430	31	6	7	0	474
15943	35	8	5	401	0	449
15944	7	442	6	31	0	486
15945	452	33	3	11	0	499
15946	498	8	2	12	0	520
15947	38	6	462	7	0	513
15948	445	8	32	6	0	491
15949	474	6	8	8	0	496
15950	38	2	5	404	0	449
15951	14	392	4	29	0	439
15952	8	437	4	12	0	461
15953	2	36	3	421	0	462
15954	406	10	1	34	0	451
15955	36	8	385	9	0	438
15956	10	5	371	3	0	389
15957	5	4	312	5	0	326
15958	1	3	334	3	0	341
15959	5	309	19	5	0	338
15960	6	335	7	2	0	350
15961	3	13	271	2	0	289
15962	3	7	286	5	0	301
15963	2	245	10	2	0	259
15964	0	0	3	176	0	179
15965	0	2	176	0	0	178
15966	0	1	1	155	0	157
15967	0	0	2	171	0	173
15968	0	0	1	177	0	178
15969	0	1	1	179	0	181
15970	0	0	178	2	0	180
15971	0	1	1	137	0	139
15972	150	0	1	2	0	153
15973	0	0	149	2	0	151
15974	139	0	0	2	0	141
15975	0	0	1	151	0	152
15976	1	1	147	1	0	150
15977	143	0	0	3	0	146
15978	1	0	2	151	0	154
15979	152	0	1	1	0	154
15980	2	0	0	153	0	155
15981	1	151	1	1	0	154
15982	1	0	152	1	0	154
15983	1	1	0	152	0	154
15984	159	0	2	1	0	162
15985	148	0	0	1	0	149
15986	153	0	0	2	0	155
15987	150	1	0	0	0	151
15988	146	0	1	1	0	148
15989	1	139	0	1	0	141
15990	162	0	1	0	0	163
15991	2	1	155	1	0	159
15992	154	0	1	0	0	155
15993	3	0	2	145	0	150
15994	4	0	155	0	0	159
15995	1	2	154	0	0	157
15996	2	0	3	149	0	154
15997	158	1	3	1	0	163
15998	3	149	0	2	0	154
15999	157	1	1	1	0	160
16000	2	156	1	0	0	159
16001	2	2	1	220	0	225
16002	0	2	1	215	0	218
16003	222	0	1	2	0	225
16004	1	1	0	214	0	216
16005	4	0	209	1	0	214
16006	209	2	1	2	0	214
16007	1	0	2	217	0	220
16008	2	1	0	215	0	218
16009	1	0	235	3	0	239
16010	201	0	1	4	0	206
16011	216	0	3	0	0	219
16012	3	214	0	1	0	218
16013	2	1	215	1	0	219
16014	1	2	216	1	0	220
16015	0	0	5	202	0	207
16016	1	0	1	210	0	212
16017	0	208	1	2	0	211
16018	1	2	194	2	0	199
16019	0	1	2	169	0	172
16020	0	1	185	1	0	187
16021	0	0	2	172	0	174
16022	0	177	3	2	0	182
16023	0	2	0	190	0	192
16024	0	2	1	190	0	193
16025	0	1	0	187	0	188
16026	185	0	2	3	0	190
16027	1	0	183	4	0	188
16028	2	181	2	1	0	186
16029	0	1	2	201	0	204
16030	237	4	0	2	0	243
16031	1	0	0	249	0	250
16032	250	0	1	2	0	253
16033	1	0	239	4	0	244
16034	239	1	1	0	0	241
16035	1	0	3	242	0	246
16036	4	1	245	0	0	250
16037	0	239	1	5	0	245
16038	3	1	3	241	0	248
16039	0	3	2	248	0	253
16040	249	0	0	4	0	253
16041	1	241	1	4	0	247
16042	4	234	2	0	0	240
16043	0	257	1	1	0	259
16044	237	4	1	2	0	244
16045	2	257	0	1	0	260
16046	2	2	0	236	0	240
16047	1	2	0	239	0	242
16048	237	1	0	3	0	241
16049	1	226	0	3	0	230
16050	2	1	0	239	0	242
16051	241	1	0	1	0	243
16052	235	0	0	3	0	238
16053	237	0	1	1	0	239
16054	5	231	1	1	0	238
16055	236	2	0	1	0	239
16056	2	2	0	212	0	216
16057	2	206	1	2	0	211
16058	1	216	0	1	0	218
16059	0	3	0	215	0	218
16060	206	3	0	0	0	209
16061	202	0	1	3	0	206
16062	3	0	1	198	0	202
16063	1	206	0	2	0	209
16064	205	1	0	1	0	207
16065	0	2	201	0	0	203
16066	2	0	187	0	0	189
16067	199	1	1	1	0	202
16068	1	0	204	1	0	206
16069	1	0	0	203	0	204
16070	204	1	1	0	0	206
16071	0	1	0	207	0	208
16072	1	0	206	2	0	209
16073	1	194	0	3	0	198
16074	2	0	1	206	0	209
16075	2	1	205	0	0	208
16076	187	2	0	1	0	190
16077	1	0	1	208	0	210
16078	2	1	206	0	0	209
16079	0	1	0	204	0	205
16080	2	198	1	0	0	201
16081	0	0	1	201	0	202
16082	1	1	0	192	0	194
16083	1	0	1	192	0	194
16084	1	193	1	2	0	197
16085	195	0	0	1	0	196
16086	1	1	1	198	0	201
16087	1	1	1	195	0	198
16088	1	0	1	200	0	202
16089	1	1	189	2	0	193
16090	1	0	0	203	0	204
16091	206	1	1	1	0	209
16092	1	202	0	1	0	204
16093	1	1	0	206	0	208
16094	2	1	0	208	0	211
16095	207	3	0	1	0	211
16096	0	219	0	3	0	222
16097	227	0	1	2	0	230
16098	246	1	0	0	0	247
16099	5	2	0	237	0	244
16100	242	0	0	5	0	247
16101	6	182	1	2	0	191
16102	205	5	0	1	0	211
16103	4	1	0	212	0	217
16104	231	2	0	5	0	238
16105	233	0	0	2	0	235
16106	5	1	245	1	0	252
16107	245	1	4	0	0	250
16108	284	1	1	1	0	287
16109	295	0	1	2	0	298
16110	12	0	297	1	0	310
16111	5	302	8	1	0	316
16112	1	9	3	312	0	325
16113	313	4	1	10	0	328
16114	10	307	0	3	0	320
16115	314	10	2	2	0	328
16116	10	4	0	318	0	332
16117	6	1	305	11	0	323
16118	305	1	10	3	0	319
16119	11	1	4	315	0	331
16120	6	0	309	11	0	326
16121	306	0	10	6	0	322
16122	12	0	321	1	0	334
16123	4	2	15	307	0	328
16124	4	1	3	350	0	358
16125	338	0	5	18	0	361
16126	349	0	0	6	0	355
16127	15	331	2	4	0	352
16128	341	12	1	1	0	355
16129	18	2	323	3	0	346
16130	4	3	336	0	0	343
16131	328	2	12	0	0	342
16132	13	315	5	3	0	336
16133	332	13	3	1	0	349
16134	18	326	2	0	0	346
16135	340	13	2	0	0	355
16136	16	2	0	337	0	355
16137	2	4	331	15	0	352
16138	7	0	12	325	0	344
16139	2	1	3	345	0	351
16140	336	2	3	16	0	357
16141	17	0	326	7	0	350
16142	315	0	17	4	0	336
16143	15	313	3	1	0	332
16144	328	14	2	3	0	347
16145	19	4	0	303	0	326
16146	6	2	296	13	0	317
16147	5	4	13	305	0	327
16148	305	1	2	19	0	327
16149	17	1	5	308	0	331
16150	5	2	4	315	0	326
16151	7	294	3	18	0	322
16152	2	14	1	311	0	328
16153	11	2	294	17	0	324
16154	2	4	15	300	0	321
16155	3	1	5	322	0	331
16156	302	4	4	22	0	332
16157	20	0	3	302	0	325
16158	5	2	288	20	0	315
16159	5	286	14	7	0	312
16160	6	13	2	299	0	320
16161	8	3	8	311	0	330
16162	305	4	2	20	0	331
16163	18	301	2	10	0	331
16164	8	17	3	305	0	333
16165	296	2	4	19	0	321
16166	317	4	7	4	0	332
16167	18	1	2	311	0	332
16168	9	5	284	20	0	318
16169	305	2	15	7	0	329
16170	17	3	4	310	0	334
16171	307	5	4	17	0	333
16172	305	4	2	9	0	320
16173	19	295	7	8	0	329
16174	300	14	2	8	0	324
16175	22	316	4	7	0	349
16176	9	18	3	349	0	379
16177	8	3	4	346	0	361
16178	6	337	4	17	0	364
16179	351	13	2	8	0	374
16180	358	2	3	9	0	372
16181	16	6	333	8	0	363
16182	11	0	346	7	0	364
16183	6	4	13	325	0	348
16184	349	0	5	20	0	374
16185	20	0	5	345	0	370
16186	7	4	3	358	0	372
16187	8	5	334	21	0	368
16188	5	3	338	10	0	356
16189	6	2	350	8	0	366
16190	286	2	21	8	0	317
16191	335	5	6	5	0	351
16192	19	290	2	17	0	328
16193	8	341	3	7	0	359
16194	5	17	4	323	0	349
16195	2	10	308	17	0	337
16196	295	4	15	13	0	327
16197	18	2	302	9	0	331
16198	6	4	12	282	0	304
16199	4	2	4	324	0	334
16200	7	0	9	322	0	338
16201	7	1	5	318	0	331
16202	267	1	7	17	0	292
16203	15	3	1	287	0	306
16204	9	0	303	16	0	328
16205	262	3	11	9	0	285
16206	13	3	291	6	0	313
16207	7	4	290	5	0	306
16208	5	228	10	6	0	249
16209	6	7	25	225	0	263
16210	225	3	2	4	0	234
16211	3	4	0	227	0	234
16212	0	0	222	8	0	230
16213	3	1	4	218	0	226
16214	222	1	0	7	0	230
16215	6	222	3	0	0	231
16216	224	3	1	4	0	232
16217	5	220	3	2	0	230
16218	223	5	1	2	0	231
16219	5	220	1	2	0	228
16220	2	244	2	1	0	249
16221	3	4	224	3	0	234
16222	0	220	1	1	0	222
16223	229	0	1	0	0	230
16224	0	0	0	196	0	196
16225	203	0	0	0	0	203
16226	0	203	0	0	0	203
16227	199	0	0	0	0	199
16228	0	0	198	0	0	198
16229	0	0	0	188	0	188
16230	0	158	0	0	0	158
16231	0	0	0	157	0	157
16232	0	0	0	157	0	157
16233	181	0	0	0	0	181
16234	3	179	0	0	0	182
16235	228	3	0	0	0	231
16236	13	0	230	0	0	243
16237	0	3	232	0	0	235
16238	3	216	10	0	0	229
16239	0	10	2	232	0	244
16240	0	0	239	8	0	247
16241	0	3	9	226	0	238
16242	0	0	0	254	0	254
16243	0	0	242	10	0	252
16244	0	0	245	2	0	247
16245	0	0	275	3	0	278
16246	0	1	275	0	0	276
16247	0	239	11	0	0	250
16248	0	10	3	265	0	278
16249	0	0	3	282	0	285
16250	0	3	266	10	0	279
16251	0	0	10	262	0	272
16252	0	1	264	13	0	278
16253	0	0	12	254	0	266
16254	0	0	1	276	0	277
16255	0	256	3	10	0	269
16256	0	9	1	271	0	281
16257	0	0	1	277	0	278
16258	0	4	0	279	0	283
16259	0	1	252	13	0	266
16260	1	255	9	4	0	269
16261	262	10	0	4	0	276
16262	266	0	4	0	0	270
16263	10	3	0	260	0	273
16264	3	0	0	258	0	261
16265	3	264	0	9	0	276
16266	268	10	0	3	0	281
16267	10	286	0	3	0	299
16268	289	12	0	0	0	301
16269	11	1	275	0	0	287
16270	272	4	9	0	0	285
16271	12	284	1	0	0	297
16272	0	11	3	290	0	304
16273	4	0	0	294	0	298
16274	0	284	0	9	0	293
16275	258	10	0	3	0	271
16276	10	1	0	255	0	266
16277	1	3	0	303	0	307
16278	321	0	1	10	0	332
16279	326	0	0	2	0	328
16280	10	2	306	3	0	321
16281	343	0	10	1	0	354
16282	13	0	0	347	0	360
16283	3	0	342	10	0	355
16284	3	1	10	332	0	346
16285	2	0	336	13	0	351
16286	0	1	346	1	0	348
16287	0	0	12	338	0	350
16288	0	1	337	10	0	348
16289	0	352	11	4	0	367
16290	0	10	2	367	0	379
16291	0	1	4	375	0	380
16292	1	3	359	12	0	375
16293	0	357	12	4	0	373
16294	360	9	3	3	0	375
16295	10	3	3	371	0	387
16296	377	3	1	11	0	392
16297	13	372	2	3	0	390
16298	3	11	370	4	0	388
16299	3	2	9	358	0	372
16300	356	2	4	10	0	372
16301	10	2	354	4	0	370
16302	325	0	12	5	0	342
16303	13	352	5	1	0	371
16304	3	313	4	3	0	323
16305	316	13	2	2	0	333
16306	11	4	1	312	0	328
16307	2	4	2	322	0	330
16308	3	305	1	13	0	322
16309	2	10	1	291	0	304
16310	1	3	2	299	0	305
16311	283	4	1	15	0	303
16312	9	0	1	291	0	301
16313	2	2	308	15	0	327
16314	4	2	10	307	0	323
16315	1	1	2	327	0	331
16316	2	0	310	16	0	328
16317	0	0	12	317	0	329
16318	309	1	2	15	0	327
16319	284	2	31	4	0	321
16320	301	0	1	6	0	308
16321	15	0	0	292	0	307
16322	8	3	341	10	0	362
16323	5	345	10	3	0	363
16324	3	9	2	364	0	378
16325	0	3	357	12	0	372
16326	1	4	12	353	0	370
16327	2	1	2	371	0	376
16328	360	1	4	14	0	379
16329	12	354	1	6	0	373
16330	2	12	351	6	0	371
16331	326	1	11	2	0	340
16332	11	354	2	2	0	369
16333	3	297	1	0	0	301
16334	263	10	47	1	0	321
16335	1	2	1	262	0	266
16336	2	29	252	2	0	285
16337	0	1	0	284	0	285
16338	1	283	3	0	0	287
16339	290	0	0	4	0	294
16340	1	2	1	418	0	422
16341	424	0	0	0	0	424
16342	1	1	0	415	0	417
16343	3	435	1	1	0	440
16344	489	4	1	3	0	497
16345	477	3	0	0	0	480
16346	10	470	0	4	0	484
16347	482	7	0	1	0	490
16348	7	3	1	480	0	491
16349	4	474	0	8	0	486
16350	490	7	1	3	0	501
16351	7	482	1	0	0	490
16352	527	6	1	2	0	536
16353	7	4	1	519	0	531
16354	601	2	0	6	0	609
16355	599	2	0	4	0	605
16356	604	0	0	1	0	605
16357	10	0	1	593	0	604
16358	4	1	0	599	0	604
16359	597	0	0	10	0	607
16360	7	1	575	4	0	587
16361	5	0	6	584	0	595
16362	0	576	3	9	0	588
16363	2	6	0	626	0	634
16364	0	1	1	633	0	635
16365	1	1	657	10	0	669
16366	1	1	6	649	0	657
16367	2	691	3	6	0	702
16368	0	12	0	734	0	746
16369	1	6	726	15	0	748
16370	1	0	14	743	0	758
16371	0	2	4	790	0	796
16372	759	0	0	24	0	783
16373	758	2	1	5	0	766
16374	23	1	0	760	0	784
16375	4	741	0	23	0	768
16376	4	764	1	3	0	772
16377	2	18	700	1	0	721
16378	1	5	18	693	0	717
16379	706	2	4	21	0	733
16380	19	3	0	719	0	741
16381	3	0	673	19	0	695
16382	0	0	16	670	0	686
16383	3	2	3	689	0	697
16384	1	0	0	705	0	706
16385	1	1	657	19	0	678
16386	0	654	19	5	0	678
16387	681	18	2	3	0	704
16388	669	3	0	3	0	675
16389	22	1	2	653	0	678
16390	5	1	664	20	0	690
16391	2	662	19	3	0	686
16392	3	20	3	639	0	665
16393	0	662	0	18	0	680
16394	1	683	4	4	0	692
16395	659	20	1	2	0	682
16396	21	2	663	6	0	692
16397	5	3	652	0	0	660
16398	0	2	19	638	0	659
16399	3	1	2	680	0	686
16400	1	1	669	22	0	693
16401	0	2	21	648	0	671
16402	1	2	675	21	0	699
16403	594	0	22	7	0	623
16404	20	1	2	672	0	695
16405	2	0	672	22	0	696
16406	1	1	19	633	0	654
16407	2	695	2	17	0	716
16408	712	19	0	6	0	737
16409	20	698	4	1	0	723
16410	716	19	3	2	0	740
16411	21	5	691	1	0	718
16412	678	1	19	1	0	699
16413	21	1	4	680	0	706
16414	5	1	682	23	0	711
16415	2	1	22	682	0	707
16416	1	2	699	23	0	725
16417	631	3	21	4	0	659
16418	19	719	5	4	0	747
16419	4	19	0	698	0	721
16420	3	726	3	14	0	746
16421	737	18	4	6	0	765
16422	710	5	1	5	0	721
16423	24	690	2	5	0	721
16424	8	20	1	701	0	730
16425	1	3	3	726	0	733
16426	2	4	2	719	0	727
16427	701	4	2	21	0	728
16428	22	681	2	6	0	711
16429	2	18	2	713	0	735
16430	2	6	2	725	0	735
16431	702	4	2	29	0	737
16432	22	2	692	7	0	723
16433	3	2	684	7	0	696
16434	653	4	22	8	0	687
16435	24	1	690	7	0	722
16436	6	2	663	4	0	675
16437	3	4	25	630	0	662
16438	653	0	5	23	0	681
16439	24	4	3	652	0	683
16440	3	2	524	28	0	557
16441	485	3	25	7	0	520
16442	23	3	512	6	0	544
16443	4	474	16	4	0	498
16444	1	18	2	461	0	482
16445	454	6	3	16	0	479
16446	17	1	1	453	0	472
16447	5	0	5	470	0	480
16448	475	2	5	18	0	500
16449	14	1	1	474	0	490
16450	4	1	3	509	0	517
16451	4	1	490	17	0	512
16452	3	2	16	475	0	496
16453	481	3	6	17	0	507
16454	421	2	1	6	0	430
16455	423	2	1	6	0	432
16456	14	3	6	394	0	417
16457	5	398	3	10	0	416
16458	414	17	3	2	0	436
16459	18	440	3	1	0	462
16460	437	19	6	3	0	465
16461	22	2	2	447	0	473
16462	517	0	6	21	0	544
16463	485	1	2	5	0	493
16464	460	1	6	7	0	474
16465	19	419	6	6	0	450
16466	4	448	2	7	0	461
16467	359	11	2	1	0	373
16468	13	391	1	1	0	406
16469	2	395	1	0	0	398
16470	1	378	0	0	0	379
16471	367	8	0	0	0	375
16472	5	6	0	367	0	378
16473	5	0	0	368	0	373
16474	370	1	0	10	0	381
16475	5	0	430	5	0	440
16476	6	0	4	571	0	581
16477	0	0	5	586	0	591
16478	0	0	0	637	0	637
16479	1	0	0	626	0	627
16480	0	592	1	25	0	618
16481	0	702	0	14	0	716
16482	698	26	0	5	0	729
16483	15	13	0	708	0	736
16484	9	7	0	731	0	747
16485	8	5	692	28	0	733
16486	3	1	16	713	0	733
16487	1	0	707	28	0	736
16488	0	0	20	711	0	731
16489	0	1	781	26	0	808
16490	0	726	29	14	0	769
16491	0	25	15	780	0	820
16492	770	14	6	26	0	816
16493	785	6	3	12	0	806
16494	35	1	1	776	0	813
16495	17	1	759	30	0	807
16496	9	1	761	14	0	785
16497	732	0	34	7	0	773
16498	24	743	18	4	0	789
16499	790	23	8	4	0	825
16500	789	12	6	1	0	808
16501	38	6	740	0	0	784
16502	18	3	24	734	0	779
16503	9	1	12	783	0	805
16504	4	2	7	800	0	813
16505	1	1	3	801	0	806
16506	0	0	2	801	0	803
16507	1	2	706	49	0	758
16508	2	0	723	24	0	749
16509	0	1	36	726	0	763
16510	1	2	19	746	0	768
16511	1	2	10	763	0	776
16512	726	2	5	43	0	776
16513	27	4	1	749	0	781
16514	736	0	0	42	0	778
16515	34	0	2	816	0	852
16516	836	0	2	35	0	873
16517	850	0	2	22	0	874
16518	836	1	5	11	0	853
16519	832	2	6	6	0	846
16520	834	2	2	6	0	844
16521	46	6	2	795	0	849
16522	769	2	3	30	0	804
16523	43	752	2	14	0	811
16524	777	27	1	12	0	817
16525	35	11	2	796	0	844
16526	17	7	772	37	0	833
16527	11	3	28	803	0	845
16528	5	2	778	39	0	824
16529	6	2	34	787	0	829
16530	5	2	16	821	0	844
16531	7	1	772	48	0	828
16532	3	1	788	28	0	820
16533	4	0	45	796	0	845
16534	781	2	18	40	0	841
16535	33	2	764	21	0	820
16536	13	762	35	23	0	833
16537	12	30	799	8	0	849
16538	797	13	39	6	0	855
16539	33	9	14	843	0	899
16540	866	3	9	37	0	915
16541	884	1	5	21	0	911
16542	48	0	5	860	0	913
16543	25	1	829	37	0	892
16544	12	1	32	859	0	904
16545	11	1	14	880	0	906
16546	838	2	8	48	0	896
16547	34	830	6	25	0	895
16548	15	29	5	848	0	897
16549	15	12	806	35	0	868
16550	776	7	29	21	0	833
16551	32	792	14	16	0	854
16552	19	28	11	811	0	869
16553	12	16	5	837	0	870
16554	9	8	7	855	0	879
16555	811	4	3	53	0	871
16556	829	1	8	32	0	870
16557	46	1	6	839	0	892
16558	23	2	792	43	0	860
16559	14	766	24	26	0	830
16560	784	26	17	15	0	842
16561	795	12	7	8	0	822
16562	43	8	8	707	0	766
16563	25	3	7	732	0	767
16564	17	3	752	42	0	814
16565	10	765	27	26	0	828
16566	842	28	15	17	0	902
16567	834	11	8	11	0	864
16568	38	812	8	8	0	866
16569	814	28	2	10	0	854
16570	38	8	2	798	0	846
16571	15	6	782	33	0	836
16572	13	8	26	802	0	849
16573	11	3	769	35	0	818
16574	769	2	33	23	0	827
16575	30	707	17	15	0	769
16576	10	20	5	582	0	617
16577	9	4	565	25	0	603
16578	7	2	522	11	0	542
16579	535	4	23	7	0	569
16580	22	507	9	7	0	545
16581	462	15	2	5	0	484
16582	455	4	4	4	0	467
16583	469	2	0	3	0	474
16584	15	2	3	462	0	482
16585	7	3	443	15	0	468
16586	5	466	11	5	0	487
16587	4	13	3	483	0	503
16588	4	3	486	17	0	510
16589	1	1	389	3	0	394
16590	0	0	6	405	0	411
16591	3	0	386	7	0	396
16592	376	3	6	0	0	385
16593	7	1	1	385	0	394
16594	2	2	4	389	0	397
16595	391	2	2	8	0	403
16596	10	376	1	3	0	390
16597	417	6	2	1	0	426
16598	7	1	1	412	0	421
16599	2	0	2	414	0	418
16600	3	1	2	411	0	417
16601	0	3	2	417	0	422
16602	413	1	3	6	0	423
16603	6	2	390	2	0	400
16604	2	398	6	3	0	409
16605	2	6	3	408	0	419
16606	402	0	2	8	0	412
16607	411	1	2	1	0	415
16608	6	403	2	6	0	417
16609	409	6	3	2	0	420
16610	6	399	2	4	0	411
16611	2	432	1	5	0	440
16612	4	5	0	448	0	457
16613	1	3	441	7	0	452
16614	3	1	8	438	0	450
16615	378	0	1	6	0	385
16616	7	335	0	2	0	344
16617	0	4	0	342	0	346
16618	0	1	388	4	0	393
16619	385	1	2	2	0	390
16620	404	0	1	1	0	406
16621	405	1	1	0	0	407
16622	3	1	391	1	0	396
16623	389	0	2	2	0	393
16624	4	388	2	1	0	395
16625	2	3	0	370	0	375
16626	1	372	0	3	0	376
16627	375	0	0	1	0	376
16628	366	1	0	2	0	369
16629	2	1	368	1	0	372
16630	1	362	2	1	0	366
16631	0	1	1	378	0	380
16632	2	0	0	374	0	376
16633	1	2	0	367	0	370
16634	1	0	0	382	0	383
16635	2	0	2	383	0	387
16636	2	0	394	1	0	397
16637	1	389	1	1	0	392
16638	393	3	0	1	0	397
16639	2	0	344	0	0	346
16640	1	348	1	0	0	350
16641	358	1	0	0	0	359
16642	1	0	347	2	0	350
16643	336	0	2	0	0	338
16644	330	1	1	0	0	332
16645	341	1	0	1	0	343
16646	1	345	1	0	0	347
16647	1	1	332	0	0	334
16648	1	344	1	1	0	347
16649	2	3	2	312	0	319
16650	1	343	0	1	0	345
16651	408	2	2	0	0	412
16652	406	2	1	1	0	410
16653	411	2	0	0	0	413
16654	4	2	399	0	0	405
16655	6	400	1	1	0	408
16656	4	2	1	406	0	413
16657	403	1	3	3	0	410
16658	2	399	1	2	0	404
16659	3	2	3	407	0	415
16660	3	5	438	3	0	449
16661	442	1	5	4	0	452
16662	7	3	442	1	0	453
16663	6	2	458	1	0	467
16664	391	6	9	1	0	407
16665	12	8	394	0	0	414
16666	317	3	10	1	0	331
16667	11	326	7	1	0	345
16668	346	5	5	3	0	359
16669	17	4	2	333	0	356
16670	9	9	3	332	0	353
16671	11	4	5	387	0	407
16672	388	8	10	6	0	412
16673	381	5	5	8	0	399
16674	380	11	3	7	0	401
16675	16	342	5	42	0	405
16676	16	10	2	388	0	416
16677	14	3	378	6	0	401
16678	12	4	11	375	0	402
16679	5	382	8	8	0	403
16680	6	12	4	386	0	408
16681	8	5	4	388	0	405
16682	391	7	3	9	0	410
16683	11	5	1	393	0	410
16684	9	5	385	11	0	410
16685	14	6	378	6	0	404
16686	9	2	14	359	0	384
16687	357	5	15	6	0	383
16688	10	3	9	357	0	379
16689	7	4	12	380	0	403
16690	11	0	364	14	0	389
16691	11	366	8	5	0	390
16692	14	7	4	371	0	396
16693	366	6	5	17	0	394
16694	13	363	2	15	0	393
16695	2	5	7	388	0	402
16696	12	5	370	12	0	399
16697	11	4	8	350	0	373
16698	360	2	3	13	0	378
16699	12	348	4	11	0	375
16700	10	7	346	15	0	378
16701	5	6	13	365	0	389
16702	5	1	365	17	0	388
16703	355	12	9	7	0	383
16704	361	6	5	17	0	389
16705	13	6	355	13	0	387
16706	11	4	6	360	0	381
16707	9	2	351	20	0	382
16708	5	348	19	11	0	383
16709	2	9	13	361	0	385
16710	5	2	359	15	0	381
16711	9	5	9	335	0	358
16712	11	317	9	13	0	350
16713	5	8	4	336	0	353
16714	5	4	321	14	0	344
16715	298	9	15	9	0	331
16716	13	313	5	12	0	343
16717	319	9	6	11	0	345
16718	11	11	247	12	0	281
16719	255	6	12	14	0	287
16720	10	6	256	9	0	281
16721	279	4	12	12	0	307
16722	282	3	9	10	0	304
16723	15	7	6	281	0	309
16724	6	11	12	281	0	310
16725	277	4	9	22	0	312
16726	7	275	16	11	0	309
16727	292	9	4	10	0	315
16728	19	7	6	273	0	305
16729	12	285	7	13	0	317
16730	7	8	12	292	0	319
16731	8	4	9	305	0	326
16732	5	7	12	283	0	307
16733	10	294	4	15	0	323
16734	296	9	8	12	0	325
16735	9	3	8	299	0	319
16736	5	9	235	14	0	263
16737	7	6	239	14	0	266
16738	2	9	240	11	0	262
16739	240	1	7	1	0	249
16740	241	3	3	3	0	250
16741	10	3	237	1	0	251
16742	4	1	6	236	0	247
16743	3	1	3	262	0	269
16744	2	1	265	9	0	277
16745	2	3	265	7	0	277
16746	4	0	9	296	0	309
16747	293	2	4	10	0	309
16748	294	1	6	4	0	305
16749	293	1	2	4	0	300
16750	7	290	3	3	0	303
16751	5	233	2	1	0	241
16752	3	3	1	241	0	248
16753	238	3	4	3	0	248
16754	3	2	228	7	0	240
16755	218	0	5	4	0	227
16756	4	220	4	2	0	230
16757	0	240	2	3	0	245
16758	234	5	1	2	0	242
16759	4	236	1	3	0	244
16760	4	198	1	0	0	203
16761	203	2	1	0	0	206
16762	3	193	1	0	0	197
16763	3	3	0	183	0	189
16764	0	0	2	187	0	189
16765	190	0	0	4	0	194
16766	183	0	3	1	0	187
16767	7	177	1	0	0	185
16768	2	174	0	1	0	177
16769	0	4	184	3	0	191
16770	186	3	2	2	0	193
16771	138	0	0	0	0	138
16772	145	1	0	0	0	146
16773	2	0	0	147	0	149
16774	1	0	0	147	0	148
16775	149	1	0	1	0	151
16776	1	0	0	145	0	146
16777	0	0	146	1	0	147
16778	0	0	0	141	0	141
16779	0	149	0	1	0	150
16780	1	1	0	156	0	158
16781	0	0	0	158	0	158
16782	0	0	1	165	0	166
16783	164	0	1	1	0	166
16784	2	159	1	0	0	162
16785	2	1	0	166	0	169
16786	1	0	164	2	0	167
16787	2	0	153	1	0	156
16788	2	0	2	156	0	160
16789	1	1	0	152	0	154
16790	154	0	1	3	0	158
16791	2	0	1	149	0	152
16792	1	143	1	2	0	147
16793	2	2	144	2	0	150
16794	1	1	2	150	0	154
16795	1	1	152	3	0	157
16796	0	3	0	147	0	150
16797	150	1	0	4	0	155
16798	149	0	0	3	0	152
16799	1	145	1	1	0	148
16800	0	3	1	141	0	145
16801	224	0	2	2	0	228
16802	220	1	2	1	0	224
16803	248	0	2	1	0	251
16804	245	0	3	1	0	249
16805	244	1	1	1	0	247
16806	3	235	0	3	0	241
16807	248	2	1	0	0	251
16808	1	1	243	1	0	246
16809	0	0	0	237	0	237
16810	247	0	2	3	0	252
16811	243	0	2	1	0	246
16812	251	0	0	1	0	252
16813	3	2	285	1	0	291
16814	1	3	1	280	0	285
16815	298	0	1	4	0	303
16816	5	276	0	0	0	281
16817	369	3	1	0	0	373
16818	368	1	1	1	0	371
16819	484	1	0	2	0	487
16820	3	1	1	497	0	502
16821	478	1	1	1	0	481
16822	2	0	476	0	0	478
16823	1	0	473	0	0	474
16824	480	0	2	1	0	483
16825	2	0	490	1	0	493
16826	458	0	1	0	0	459
16827	2	1	485	0	0	488
16828	0	0	1	465	0	466
16829	473	0	1	2	0	476
16830	1	452	2	0	0	455
16831	482	2	0	1	0	485
16832	2	473	0	1	0	476
16833	1	488	0	0	0	489
16834	2	1	0	502	0	505
16835	0	1	0	502	0	503
16836	1	0	1	500	0	502
16837	1	0	483	2	0	486
16838	449	0	3	0	0	452
16839	492	0	0	2	0	494
16840	501	0	1	0	0	502
16841	502	0	0	0	0	502
16842	495	1	2	1	0	499
16843	1	1	504	2	0	508
16844	2	2	477	0	0	481
16845	1	1	0	484	0	486
16846	2	0	482	1	0	485
16847	448	1	1	0	0	450
16848	2	468	1	0	0	471
16849	0	2	0	533	0	535
16850	532	0	0	2	0	534
16851	1	0	1	522	0	524
16852	2	0	532	2	0	536
16853	2	1	599	1	0	603
16854	2	0	3	599	0	604
16855	2	0	613	2	0	617
16856	586	0	2	2	0	590
16857	2	0	2	611	0	615
16858	5	0	613	1	0	619
16859	0	592	2	2	0	596
16860	1	1	2	629	0	633
16861	4	1	641	1	0	647
16862	2	0	1	619	0	622
16863	0	1	3	631	0	635
16864	1	0	639	4	0	644
16865	1	0	2	633	0	636
16866	0	0	3	615	0	618
16867	1	0	1	654	0	656
16868	636	0	1	4	0	641
16869	2	621	1	3	0	627
16870	2	604	3	0	0	609
16871	1	3	652	2	0	658
16872	626	2	1	2	0	631
16873	0	2	676	1	0	679
16874	2	1	663	1	0	667
16875	0	1	3	655	0	659
16876	688	1	2	1	0	692
16877	0	719	0	3	0	722
16878	761	0	0	2	0	763
16879	740	2	0	1	0	743
16880	1	757	1	1	0	760
16881	796	1	0	0	0	797
16882	769	2	1	1	0	773
16883	3	801	0	1	0	805
16884	2	0	1	808	0	811
16885	1	2	1	816	0	820
16886	841	0	0	3	0	844
16887	3	800	0	2	0	805
16888	850	3	0	0	0	853
16889	839	3	0	0	0	842
16890	862	0	0	0	0	862
16891	7	1	0	846	0	854
16892	4	1	0	867	0	872
16893	877	0	0	5	0	882
16894	912	1	0	4	0	917
16895	928	0	0	1	0	929
16896	6	0	0	974	0	980
16897	3	1	953	8	0	965
16898	1	2	7	966	0	976
16899	1	0	4	1017	0	1022
16900	2	0	1085	13	0	1100
16901	3	1	1088	6	0	1098
16902	2	0	20	1099	0	1121
16903	1	1	1162	20	0	1184
16904	1242	0	22	10	0	1274
16905	19	0	9	1288	0	1316
16906	8	1	7	1307	0	1323
16907	1330	0	3	28	0	1361
16908	21	1	1	1347	0	1370
16909	12	3	1	1345	0	1361
16910	7	1	2	1365	0	1375
16911	4	0	2	1369	0	1375
16912	2	0	1300	35	0	1337
16913	1	3	15	1284	0	1303
16914	3	2	1244	25	0	1274
16915	5	1256	22	17	0	1300
16916	2	20	10	1306	0	1338
16917	4	12	1205	22	0	1243
16918	1099	5	22	16	0	1142
16919	20	1107	11	10	0	1148
16920	1203	19	8	4	0	1234
16921	29	13	1	1133	0	1176
16922	13	1153	1	17	0	1184
16923	1171	19	3	10	0	1203
16924	22	1164	1	10	0	1197
16925	1175	25	3	5	0	1208
16926	29	15	2	1126	0	1172
16927	1181	6	2	22	0	1211
16928	26	1183	3	17	0	1229
16929	1210	19	1	7	0	1237
16930	27	14	1158	4	0	1203
16931	16	7	23	1191	0	1237
16932	1177	3	12	27	0	1219
16933	1192	3	8	16	0	1219
16934	31	1	7	1171	0	1210
16935	20	1	1153	29	0	1203
16936	9	1144	25	21	0	1199
16937	6	1221	12	16	0	1255
16938	1310	28	10	6	0	1354
16939	24	18	7	1309	0	1358
16940	14	12	8	1313	0	1347
16941	1313	5	9	40	0	1367
16942	1236	3	4	28	0	1271
16943	36	1	1249	18	0	1304
16944	24	2	24	1267	0	1317
16945	13	2	1252	31	0	1298
16946	10	1250	25	28	0	1313
16947	1271	22	13	17	0	1323
16948	24	1285	10	18	0	1337
16949	13	1282	6	13	0	1314
16950	8	33	4	1297	0	1342
16951	1285	18	7	32	0	1342
16952	24	1281	5	22	0	1332
16953	1199	21	8	16	0	1244
16954	31	1175	6	15	0	1227
16955	19	34	6	1196	0	1255
16956	1184	15	5	29	0	1233
16957	31	10	1157	21	0	1219
16958	18	6	20	1170	0	1214
16959	18	9	1167	29	0	1223
16960	16	1078	23	20	0	1137
16961	7	1145	15	20	0	1187
16962	1139	28	10	11	0	1188
16963	27	1149	5	12	0	1193
16964	1157	35	5	11	0	1208
16965	1148	17	4	11	0	1180
16966	35	12	1114	13	0	1174
16967	1091	10	28	8	0	1137
16968	41	5	1091	11	0	1148
16969	23	1091	32	13	0	1159
16970	1131	22	21	10	0	1184
16971	28	1059	12	19	0	1118
16972	21	29	9	1073	0	1132
16973	1145	14	5	27	0	1191
16974	30	13	4	1137	0	1184
16975	19	8	1115	41	0	1183
16976	17	6	23	1127	0	1173
16977	10	9	11	1104	0	1134
16978	1078	6	10	40	0	1134
16979	36	7	1025	26	0	1094
16980	1015	9	31	19	0	1074
16981	1096	7	14	12	0	1129
16982	41	4	13	1064	0	1122
16983	23	7	8	1056	0	1094
16984	1028	4	5	38	0	1075
16985	30	1034	5	20	0	1089
16986	16	27	3	1031	0	1077
16987	18	13	997	27	0	1055
16988	11	14	962	12	0	999
16989	9	1007	29	12	0	1057
16990	10	27	15	1010	0	1062
16991	10	17	10	1014	0	1051
16992	1001	12	2	38	0	1053
16993	28	6	4	1012	0	1050
16994	940	8	5	31	0	984
16995	31	924	5	18	0	978
16996	18	893	3	10	0	924
16997	10	920	4	13	0	947
16998	902	28	4	5	0	939
16999	818	15	7	5	0	845
17000	19	726	0	5	0	750
17001	630	4	0	0	0	634
17002	4	610	1	2	0	617
17003	4	3	1	566	0	574
17004	1	483	2	5	0	491
17005	500	5	0	2	0	507
17006	507	2	0	2	0	511
17007	7	0	0	458	0	465
17008	465	1	0	5	0	471
17009	4	0	0	459	0	463
17010	2	476	1	4	0	483
17011	0	5	1	485	0	491
17012	0	492	2	3	0	497
17013	506	5	1	3	0	515
17014	5	3	484	1	0	493
17015	462	0	3	0	0	465
17016	3	1	1	484	0	489
17017	3	0	463	4	0	470
17018	447	2	1	1	0	451
17019	4	1	499	1	0	505
17020	1	2	3	440	0	446
17021	2	0	1	468	0	471
17022	2	0	0	467	0	469
17023	0	1	0	462	0	463
17024	1	440	0	3	0	444
17025	0	4	0	461	0	465
17026	461	2	0	4	0	467
17027	3	2	439	2	0	446
17028	2	448	3	0	0	453
17029	509	4	1	0	0	514
17030	559	2	1	1	0	563
17031	10	0	0	729	0	739
17032	3	2	718	13	0	736
17033	2	1	12	721	0	736
17034	3	0	6	796	0	805
17035	0	1	775	21	0	797
17036	3	815	17	14	0	849
17037	872	23	13	9	0	917
17038	823	17	3	6	0	849
17039	847	7	4	7	0	865
17040	47	4	2	805	0	858
17041	28	1	2	888	0	919
17042	880	3	3	46	0	932
17043	34	1	3	829	0	867
17044	24	832	2	41	0	899
17045	913	25	2	22	0	962
17046	932	17	1	17	0	967
17047	932	9	3	12	0	956
17048	955	5	3	7	0	970
17049	75	3	872	4	0	954
17050	34	4	902	5	0	945
17051	21	4	57	856	0	938
17052	13	1	29	921	0	964
17053	10	1	878	57	0	946
17054	12	4	896	33	0	945
17055	6	0	54	897	0	957
17056	888	4	29	44	0	965
17057	48	1	13	900	0	962
17058	28	4	848	51	0	931
17059	19	905	41	26	0	991
17060	929	38	23	14	0	1004
17061	935	20	19	9	0	983
17062	977	12	10	7	0	1006
17063	1002	7	7	13	0	1029
17064	74	4	909	12	0	999
17065	39	6	46	934	0	1025
17066	947	5	27	48	0	1027
17067	52	5	12	957	0	1026
17068	37	2	10	937	0	986
17069	22	915	6	68	0	1011
17070	15	39	12	967	0	1033
17071	914	22	4	62	0	1002
17072	54	940	7	29	0	1030
17073	897	43	4	18	0	962
17074	60	887	4	8	0	959
17075	37	48	5	794	0	884
17076	25	835	9	38	0	907
17077	21	890	5	28	0	944
17078	883	51	8	19	0	961
17079	47	29	856	19	0	951
17080	26	20	873	18	0	937
17081	19	12	839	16	0	886
17082	799	8	62	19	0	888
17083	46	811	33	15	0	905
17084	29	852	23	11	0	915
17085	790	60	15	7	0	872
17086	49	807	9	12	0	877
17087	34	863	10	8	0	915
17088	28	68	5	848	0	949
17089	21	36	836	49	0	942
17090	21	26	854	29	0	930
17091	25	9	58	845	0	937
17092	817	7	37	52	0	913
17093	48	838	23	30	0	939
17094	42	37	12	846	0	937
17095	27	32	820	51	0	930
17096	24	21	824	31	0	900
17097	28	19	55	827	0	929
17098	823	17	33	56	0	929
17099	859	16	23	30	0	928
17100	68	15	811	33	0	927
17101	838	9	52	26	0	925
17102	63	8	814	16	0	901
17103	36	12	58	724	0	830
17104	33	798	32	53	0	916
17105	828	46	23	25	0	922
17106	56	22	21	845	0	944
17107	37	22	22	861	0	942
17108	34	13	19	956	0	1022
17109	27	9	16	971	0	1023
17110	20	10	862	79	0	971
17111	27	859	51	44	0	981
17112	25	48	34	878	0	985
17113	850	24	24	60	0	958
17114	53	20	21	882	0	976
17115	37	9	12	913	0	971
17116	24	11	848	74	0	957
17117	25	10	849	45	0	929
17118	18	830	61	39	0	948
17119	21	854	39	27	0	941
17120	21	57	20	835	0	933
17121	830	35	16	62	0	943
17122	52	28	811	39	0	930
17123	36	828	49	28	0	941
17124	31	50	29	752	0	862
17125	21	841	24	47	0	933
17126	19	56	13	787	0	875
17127	24	839	12	57	0	932
17128	13	48	18	815	0	894
17129	724	36	11	54	0	825
17130	48	695	8	26	0	777
17131	18	34	8	525	0	585
17132	486	21	4	40	0	551
17133	37	501	5	20	0	563
17134	12	428	9	14	0	463
17135	13	502	3	8	0	526
17136	4	22	4	407	0	437
17137	3	8	17	380	0	408
17138	3	357	3	19	0	382
17139	1	21	1	369	0	392
17140	3	7	352	17	0	379
17141	1	321	8	6	0	336
17142	4	27	2	310	0	343
17143	1	301	1	9	0	312
17144	0	15	284	2	0	301
17145	2	256	2	2	0	262
17146	224	0	0	0	0	224
17147	0	0	0	227	0	227
17148	229	0	0	0	0	229
17149	0	0	222	0	0	222
17150	0	1	0	222	0	223
17151	1	0	224	0	0	225
17152	0	0	0	224	0	224
17153	283	0	0	0	0	283
17154	0	0	0	271	0	271
17155	279	0	0	0	0	279
17156	0	266	1	0	0	267
17157	263	0	0	0	0	263
17158	0	1	273	0	0	274
17159	0	240	0	0	0	240
17160	0	0	0	291	0	291
17161	0	0	0	284	0	284
17162	0	0	287	0	0	287
17163	0	295	0	0	0	295
17164	0	0	0	311	0	311
17165	0	302	0	0	0	302
17166	0	0	0	317	0	317
17167	0	307	0	0	0	307
17168	306	0	0	0	0	306
17169	0	0	0	315	0	315
17170	0	0	308	0	0	308
17171	0	283	2	0	0	285
17172	0	304	0	0	0	304
17173	0	1	300	0	0	301
17174	0	295	1	0	0	296
17175	0	0	1	306	0	307
17176	0	0	306	0	0	306
17177	0	0	0	286	0	286
17178	0	0	0	326	0	326
17179	0	0	335	0	0	335
17180	288	0	2	1	0	291
17181	1	0	0	336	0	337
17182	2	0	332	1	0	335
17183	0	311	2	0	0	313
17184	343	1	0	0	0	344
17185	1	311	0	0	0	312
17186	0	1	0	338	0	339
17187	306	0	0	1	0	307
17188	1	0	0	300	0	301
17189	0	0	304	1	0	305
17190	0	0	1	303	0	304
17191	0	0	304	1	0	305
17192	283	0	1	0	0	284
17193	1	0	305	0	0	306
17194	302	0	1	0	0	303
17195	300	0	0	0	0	300
17196	1	0	300	0	0	301
17197	1	0	289	0	0	290
17198	0	289	1	0	0	290
17199	311	1	0	0	0	312
17200	1	0	0	304	0	305
17201	0	1	0	325	0	326
17202	411	0	0	2	0	413
17203	423	0	0	0	0	423
17204	426	0	0	0	0	426
17205	424	0	0	0	0	424
17206	1	1	0	392	0	394
17207	442	0	0	1	0	443
17208	1	0	1	409	0	411
17209	1	0	0	380	0	381
17210	0	1	0	391	0	392
17211	0	0	380	1	0	381
17212	0	360	1	0	0	361
17213	2	369	0	1	0	372
17214	0	2	0	397	0	399
17215	396	0	0	2	0	398
17216	2	0	0	389	0	391
17217	391	0	0	2	0	393
17218	1	1	433	1	0	436
17219	397	0	1	1	0	399
17220	1	0	2	431	0	434
17221	460	0	0	1	0	461
17222	487	0	1	1	0	489
17223	532	0	1	0	0	533
17224	2	1	0	518	0	521
17225	1	0	563	1	0	565
17226	0	1	1	539	0	541
17227	627	1	2	2	0	632
17228	5	0	714	0	0	719
17229	2	0	5	727	0	734
17230	772	0	3	5	0	780
17231	5	2	772	2	0	781
17232	808	0	5	1	0	814
17233	853	0	1	0	0	854
17234	8	0	2	874	0	884
17235	4	0	0	869	0	873
17236	872	0	0	13	0	885
17237	8	0	1	892	0	901
17238	878	0	0	12	0	890
17239	10	861	0	6	0	877
17240	4	900	1	2	0	907
17241	1	13	0	948	0	962
17242	0	6	917	12	0	935
17243	1	929	11	3	0	944
17244	941	11	3	1	0	956
17245	10	916	2	2	0	930
17246	6	13	917	0	0	936
17247	1	7	9	888	0	905
17248	2	1	941	12	0	956
17249	0	915	11	7	0	933
17250	1	12	4	929	0	946
17251	0	910	1	11	0	922
17252	2	12	927	2	0	943
17253	0	5	11	835	0	851
17254	0	2	893	13	0	908
17255	0	0	14	878	0	892
17256	907	2	4	13	0	926
17257	10	0	888	6	0	904
17258	827	3	11	2	0	843
17259	12	0	889	0	0	901
17260	5	0	13	833	0	851
17261	3	1	870	12	0	886
17262	2	1	12	849	0	864
17263	3	0	4	851	0	858
17264	1	2	3	841	0	847
17265	3	0	1	853	0	857
17266	1	2	874	18	0	895
17267	812	0	12	8	0	832
17268	12	1	4	934	0	951
17269	945	1	3	12	0	961
17270	946	0	2	10	0	958
17271	954	0	1	2	0	957
17272	17	2	2	946	0	967
17273	8	1	1	940	0	950
17274	2	981	2	43	0	1028
17275	1193	14	1	9	0	1217
17276	1270	8	1	6	0	1285
17277	1274	3	2	3	0	1282
17278	34	3	1223	3	0	1263
17279	14	1	24	1220	0	1259
17280	9	2	1193	26	0	1230
17281	1196	2	25	10	0	1233
17282	1277	1	7	6	0	1291
17283	32	0	7	1239	0	1278
17284	15	2	5	1206	0	1228
17285	8	1226	5	29	0	1268
17286	1254	25	3	12	0	1294
17287	1268	9	4	7	0	1288
17288	33	1189	2	42	0	1266
17289	1284	25	2	8	0	1319
17290	29	13	3	1255	0	1300
17291	17	7	1	1285	0	1310
17292	1284	4	3	31	0	1322
17293	28	4	1247	14	0	1293
17294	1236	4	23	8	0	1271
17295	1272	3	10	7	0	1292
17296	32	1230	5	15	0	1282
17297	1290	25	2	7	0	1324
17298	31	11	1250	4	0	1296
17299	15	4	24	1243	0	1286
17300	1268	4	10	24	0	1306
17301	32	4	5	1261	0	1302
17302	18	3	1150	27	0	1198
17303	11	3	21	1130	0	1165
17304	12	1309	12	29	0	1362
17305	8	33	8	1351	0	1400
17306	9	7	6	1384	0	1406
17307	6	4	7	1336	0	1353
17308	3	2	8	1375	0	1388
17309	7	7	1304	45	0	1363
17310	9	4	20	1331	0	1364
17311	1321	2	9	39	0	1371
17312	25	1282	9	22	0	1338
17313	8	26	3	1344	0	1381
17314	12	9	1320	35	0	1376
17315	8	6	25	1336	0	1375
17316	1345	3	7	36	0	1391
17317	1326	4	5	14	0	1349
17318	1287	5	7	12	0	1311
17319	40	3	4	1273	0	1320
17320	18	3	1258	36	0	1315
17321	13	1234	25	17	0	1289
17322	1254	24	14	8	0	1300
17323	41	6	5	1194	0	1246
17324	18	7	6	1230	0	1261
17325	13	4	1159	43	0	1219
17326	8	1128	32	16	0	1184
17327	10	1104	13	11	0	1138
17328	14	27	5	1018	0	1064
17329	7	9	966	32	0	1014
17330	922	6	24	15	0	967
17331	29	8	911	6	0	954
17332	804	10	23	12	0	849
17333	27	885	10	12	0	934
17334	13	18	861	12	0	904
17335	818	1	21	7	0	847
17336	28	831	6	9	0	874
17337	878	15	11	6	0	910
17338	26	7	896	7	0	936
17339	16	932	18	5	0	971
17340	949	23	10	6	0	988
17341	26	7	896	5	0	934
17342	920	9	21	0	0	950
17343	25	6	9	913	0	953
17344	928	3	11	18	0	960
17345	26	10	5	924	0	965
17346	938	4	4	21	0	967
17347	29	0	922	17	0	968
17348	9	3	20	949	0	981
17349	12	4	6	978	0	1000
17350	12	3	939	27	0	981
17351	8	5	21	925	0	959
17352	8	931	13	30	0	982
17353	5	16	12	1073	0	1106
17354	5	8	5	1093	0	1111
17355	3	3	5	1355	0	1366
17356	3	7	1291	40	0	1341
17357	1268	4	27	21	0	1320
17358	36	5	8	1408	0	1457
17359	10	3	1404	38	0	1455
17360	1431	2	30	16	0	1479
17361	1445	8	9	14	0	1476
17362	1456	3	14	8	0	1481
17363	44	3	6	1448	0	1501
17364	19	4	6	1587	0	1616
17365	16	3	4	1502	0	1525
17366	16	1500	9	45	0	1570
17367	1515	38	10	24	0	1587
17368	1505	14	4	15	0	1538
17369	49	11	7	1494	0	1561
17370	21	7	1449	50	0	1527
17371	23	6	1441	14	0	1484
17372	20	1397	45	20	0	1482
17373	20	1489	19	15	0	1543
17374	1408	39	10	15	0	1472
17375	29	1226	9	8	0	1272
17376	1245	28	4	5	0	1282
17377	1275	9	5	8	0	1297
17378	1279	6	3	4	0	1292
17379	41	5	2	1278	0	1326
17380	15	3	4	1361	0	1383
17381	1391	4	5	35	0	1435
17382	35	2	4	1438	0	1479
17383	14	7	1413	43	0	1477
17384	1455	5	33	18	0	1511
17385	40	7	15	1435	0	1497
17386	22	5	6	1479	0	1512
17387	17	4	3	1516	0	1540
17388	9	4	1459	52	0	1524
17389	1378	2	35	24	0	1439
17390	35	5	1432	15	0	1487
17391	22	4	37	1434	0	1497
17392	12	6	1442	38	0	1498
17393	11	3	37	1421	0	1472
17394	10	3	16	1474	0	1503
17395	9	2	1431	48	0	1490
17396	7	2	37	1327	0	1373
17397	6	1406	17	39	0	1468
17398	1414	31	9	24	0	1478
17399	1455	14	5	19	0	1493
17400	45	8	9	1438	0	1500
17401	25	6	1455	41	0	1527
17402	17	1417	34	21	0	1489
17403	11	1492	19	19	0	1541
17404	1338	38	8	21	0	1405
17405	40	16	1312	16	0	1384
17406	1316	6	35	16	0	1373
17407	43	4	20	1309	0	1376
17408	23	5	11	1399	0	1438
17409	1346	4	9	50	0	1409
17410	39	1333	6	32	0	1410
17411	18	31	1329	23	0	1401
17412	16	13	38	1328	0	1395
17413	13	7	1335	43	0	1398
17414	10	1312	38	23	0	1383
17415	13	33	21	1343	0	1410
17416	1345	17	14	46	0	1422
17417	1371	8	10	28	0	1417
17418	49	8	1305	20	0	1382
17419	25	1320	39	14	0	1398
17420	1324	41	16	17	0	1398
17421	45	1338	11	12	0	1406
17422	30	40	9	1348	0	1427
17423	1347	19	12	41	0	1419
17424	48	7	15	1379	0	1449
17425	23	9	1328	50	0	1410
17426	17	9	42	1364	0	1432
17427	22	12	1330	54	0	1418
17428	13	9	44	1373	0	1439
17429	1354	6	21	45	0	1426
17430	44	1342	15	30	0	1431
17431	1400	38	14	18	0	1470
17432	41	19	8	1395	0	1463
17433	25	12	12	1398	0	1447
17434	19	10	1326	60	0	1415
17435	18	13	1373	27	0	1431
17436	15	1335	52	26	0	1428
17437	12	42	1321	18	0	1393
17438	1194	23	46	17	0	1280
17439	41	1211	19	21	0	1292
17440	30	1281	12	17	0	1340
17441	14	1283	15	18	0	1330
17442	15	55	9	1281	0	1360
17443	13	21	1266	48	0	1348
17444	15	1268	38	29	0	1350
17445	15	37	26	1168	0	1246
17446	14	1275	13	43	0	1345
17447	1247	41	17	23	0	1328
17448	1262	17	11	23	0	1313
17449	51	14	8	1246	0	1319
17450	23	12	15	1271	0	1321
17451	1207	8	11	60	0	1286
17452	42	1122	17	29	0	1210
17453	25	1138	11	15	0	1189
17454	13	60	14	1103	0	1190
17455	6	15	832	32	0	885
17456	6	851	24	20	0	901
17457	817	25	16	7	0	865
17458	21	773	8	12	0	814
17459	12	816	9	10	0	847
17460	765	34	5	7	0	811
17461	27	833	5	2	0	867
17462	15	27	785	11	0	838
17463	5	806	23	5	0	839
17464	692	16	10	5	0	723
17465	11	699	4	4	0	718
17466	697	15	5	6	0	723
17467	15	11	2	690	0	718
17468	9	5	3	709	0	726
17469	3	5	668	21	0	697
17470	6	670	11	12	0	699
17471	5	12	9	696	0	722
17472	674	9	2	16	0	701
17473	675	6	3	14	0	698
17474	22	686	1	5	0	714
17475	9	18	2	709	0	738
17476	663	14	5	13	0	695
17477	628	5	3	12	0	648
17478	21	5	600	5	0	631
17479	9	5	538	2	0	554
17480	3	6	520	0	0	529
17481	2	479	7	5	0	493
17482	439	6	1	2	0	448
17483	6	404	1	3	0	414
17484	387	5	0	0	0	392
17485	4	537	1	2	0	544
17486	2	4	0	608	0	614
17487	617	0	0	4	0	621
17488	4	2	598	0	0	604
17489	569	0	5	1	0	575
17490	613	0	1	0	0	614
17491	5	693	0	0	0	698
17492	2	725	1	0	0	728
17493	817	5	1	0	0	823
17494	9	0	824	0	0	833
17495	808	2	7	0	0	817
17496	832	0	0	1	0	833
17497	9	1	0	837	0	847
17498	851	0	1	9	0	861
17499	9	1	0	829	0	839
17500	1	0	0	841	0	842
17501	1	1	0	782	0	784
17502	0	756	1	7	0	764
17503	793	8	0	0	0	801
17504	789	0	1	0	0	790
17505	8	1	0	781	0	790
17506	1	1	0	786	0	788
17507	1	763	0	9	0	773
17508	795	8	1	0	0	804
17509	10	0	777	1	0	788
17510	2	0	8	780	0	790
17511	0	1	778	10	0	789
17512	1	1	6	776	0	784
17513	1	1	821	9	0	832
17514	1	0	8	787	0	796
17515	807	0	0	12	0	819
17516	7	1	883	2	0	893
17517	882	0	8	0	0	890
17518	10	967	1	0	0	978
17519	0	7	1	1012	0	1020
17520	0	0	0	1025	0	1025
17521	1015	1	2	8	0	1026
17522	9	0	0	1012	0	1021
17523	0	2	998	8	0	1008
17524	954	0	7	2	0	963
17525	1001	0	1	3	0	1005
17526	1002	0	1	1	0	1004
17527	1010	0	1	1	0	1012
17528	5	951	2	2	0	960
17529	1	8	0	1004	0	1013
17530	1010	0	1	10	0	1021
17531	10	0	0	973	0	983
17532	975	0	0	10	0	985
17533	8	1	961	0	0	970
17534	1	1	952	1	0	955
17535	2	0	8	894	0	904
17536	1	907	1	6	0	915
17537	1	1002	1	0	0	1004
17538	976	8	0	0	0	984
17539	8	0	988	1	0	997
17540	885	0	6	1	0	892
17541	5	940	3	1	0	949
17542	939	5	1	0	0	945
17543	6	0	0	922	0	928
17544	0	0	998	6	0	1004
17545	1	0	5	977	0	983
17546	0	0	0	1005	0	1005
17547	1	951	0	7	0	959
17548	0	986	0	1	0	987
17549	0	6	0	1005	0	1011
17550	1	977	0	6	0	984
17551	2	37	933	0	0	972
17552	3	3	947	1	0	954
17553	884	0	8	1	0	893
17554	996	1	0	0	0	997
17555	8	966	1	1	0	976
17556	0	4	1	1005	0	1010
17557	1	0	0	1012	0	1013
17558	2	1	1015	6	0	1024
17559	0	0	3	936	0	939
17560	0	951	2	6	0	959
17561	0	7	912	1	0	920
17562	4	0	911	0	0	915
17563	2	830	7	1	0	840
17564	1	7	900	1	0	909
17565	1	1	5	895	0	902
17566	1	1	0	858	0	860
17567	1	0	917	7	0	925
17568	2	0	5	890	0	897
17569	0	849	4	8	0	861
17570	0	906	2	3	0	911
17571	1	8	0	914	0	923
17572	2	0	915	5	0	922
17573	2	871	4	4	0	881
17574	3	5	0	906	0	914
17575	0	2	893	5	0	900
17576	835	0	4	4	0	843
17577	909	2	0	0	0	911
17578	910	0	0	2	0	912
17579	5	0	1	886	0	892
17580	1	0	1	922	0	924
17581	0	0	921	5	0	926
17582	0	0	6	923	0	929
17583	1	0	1	954	0	956
17584	3	1	935	5	0	944
17585	694	0	5	0	0	699
17586	4	716	4	0	0	724
17587	766	5	0	0	0	771
17588	4	766	0	2	0	772
17589	1	4	0	792	0	797
17590	1	0	794	7	0	802
17591	2	0	3	675	0	680
17592	0	0	667	6	0	673
17593	511	0	1	0	0	512
17594	1	0	577	0	0	578
17595	0	0	0	540	0	540
17596	0	0	573	0	0	573
17597	0	581	0	1	0	582
17598	0	1	0	748	0	749
17599	0	0	0	755	0	755
17600	0	0	0	759	0	759
17601	1	0	790	4	0	795
17602	1	0	807	1	0	809
17603	0	0	4	790	0	794
17604	1	0	3	1184	0	1188
17605	0	0	0	1279	0	1279
17606	1337	0	0	35	0	1372
17607	32	0	0	1422	0	1454
17608	13	1	1421	37	0	1472
17609	1584	0	36	12	0	1632
17610	46	1	16	1615	0	1678
17611	1638	1	6	49	0	1694
17612	1650	0	0	22	0	1672
17613	65	0	1	1622	0	1688
17614	1682	0	0	51	0	1733
17615	1704	0	2	22	0	1728
17616	67	1	1565	5	0	1638
17617	25	1645	45	3	0	1718
17618	6	49	21	1477	0	1553
17619	3	18	5	1625	0	1651
17620	1594	4	2	62	0	1662
17621	1619	0	1	28	0	1648
17622	1677	2	3	8	0	1690
17623	76	6	1540	5	0	1627
17624	25	1576	44	13	0	1658
17625	1600	48	21	5	0	1674
17626	55	1614	6	6	0	1681
17627	1615	50	5	7	0	1677
17628	59	18	4	1596	0	1677
17629	1603	8	1	55	0	1667
17630	1643	0	4	26	0	1673
17631	1675	4	1	11	0	1691
17632	76	3	1556	7	0	1642
17633	1600	1	47	9	0	1657
17634	63	1569	21	5	0	1658
17635	1636	47	9	7	0	1699
17636	1643	24	1	7	0	1675
17637	1640	6	5	5	0	1656
17638	79	4	1	1545	0	1629
17639	37	1596	3	56	0	1692
17640	1648	51	5	25	0	1729
17641	68	25	1568	6	0	1667
17642	29	1597	52	11	0	1689
17643	19	54	21	1442	0	1536
17644	15	1572	8	35	0	1630
17645	1578	54	1	21	0	1654
17646	1624	24	4	6	0	1658
17647	82	7	3	1622	0	1714
17648	37	6	1566	60	0	1669
17649	23	1565	47	31	0	1666
17650	28	57	30	1304	0	1419
17651	17	25	15	1624	0	1681
17652	14	10	9	1738	0	1771
17653	1705	7	5	79	0	1796
17654	1747	7	3	36	0	1793
17655	1765	4	5	16	0	1790
17656	1773	10	4	10	0	1797
17657	84	3	7	1709	0	1803
17658	34	12	1671	66	0	1783
17659	29	5	50	1730	0	1814
17660	29	5	25	1772	0	1831
17661	30	9	9	1783	0	1831
17662	27	2	12	1823	0	1864
17663	1768	11	10	86	0	1875
17664	78	5	9	1780	0	1872
17665	1779	6	17	68	0	1870
17666	1813	11	10	35	0	1869
17667	90	8	1719	37	0	1854
17668	61	13	1718	31	0	1823
17669	57	7	1763	28	0	1855
17670	51	4	83	1733	0	1871
17671	49	12	1715	77	0	1853
17672	52	8	65	1719	0	1844
17673	29	13	33	1789	0	1864
17674	1864	19	15	95	0	1993
17675	104	14	9	1801	0	1928
17676	64	1809	14	82	0	1969
17677	1845	63	16	40	0	1964
17678	90	1864	10	40	0	2004
17679	66	60	1849	29	0	2004
17680	57	1877	60	23	0	2017
17681	1893	73	30	22	0	2018
17682	105	31	20	1856	0	2012
17683	64	26	1826	71	0	1987
17684	1884	21	65	42	0	2012
17685	107	20	24	1893	0	2044
17686	72	15	1840	72	0	1999
17687	54	14	63	1886	0	2017
17688	52	17	28	1888	0	1985
17689	48	19	19	1874	0	1960
17690	61	1853	13	83	0	2010
17691	1915	66	19	43	0	2043
17692	94	41	12	1844	0	1991
17693	66	1879	16	71	0	2032
17694	57	79	7	1923	0	2066
17695	52	42	1858	70	0	2022
17696	51	1886	65	44	0	2046
17697	1870	66	37	27	0	2000
17698	1767	40	17	20	0	1844
17699	89	30	9	1727	0	1855
17700	58	20	15	1792	0	1885
17701	1740	16	11	92	0	1859
17702	1675	19	18	46	0	1758
17703	92	1694	15	25	0	1826
17704	1305	38	2	14	0	1359
17705	68	18	1235	5	0	1326
17706	26	5	1163	12	0	1206
17707	11	1075	33	13	0	1132
17708	3	1048	10	9	0	1070
17709	913	6	0	1	0	920
17710	4	907	0	3	0	914
17711	941	4	1	1	0	947
17712	926	2	0	1	0	929
17713	901	0	0	2	0	903
17714	6	0	1	830	0	837
17715	867	0	1	6	0	874
17716	6	0	838	4	0	848
17717	2	0	747	3	0	752
17718	2	753	7	2	0	764
17719	5	4	763	2	0	774
17720	2	1	4	723	0	730
17721	2	4	784	4	0	794
17722	1	2	750	6	0	759
17723	1	0	7	755	0	763
17724	762	3	3	7	0	775
17725	751	0	1	7	0	759
17726	11	3	751	1	0	766
17727	708	3	4	5	0	720
17728	8	1	804	1	0	814
17729	782	1	5	1	0	789
17730	846	1	3	1	0	851
17731	9	2	1	838	0	850
17732	6	0	2	858	0	866
17733	0	830	5	8	0	843
17734	2	847	5	2	0	856
17735	2	7	1	854	0	864
17736	0	4	4	853	0	861
17737	870	2	1	9	0	882
17738	7	830	2	6	0	845
17739	814	8	1	2	0	825
17740	10	795	2	2	0	809
17741	5	9	822	0	0	836
17742	3	2	10	820	0	835
17743	818	3	2	9	0	832
17744	855	1	3	5	0	864
17745	13	888	3	2	0	906
17746	8	899	4	16	0	927
17747	1	903	2	3	0	909
17748	4	12	1	982	0	999
17749	3	5	1055	18	0	1081
17750	2	975	22	6	0	1005
17751	0	22	2	1051	0	1075
17752	2	4	3	1082	0	1091
17753	3	5	1066	26	0	1100
17754	3	2	1055	6	0	1066
17755	1017	1	26	5	0	1049
17756	28	1	1083	0	0	1112
17757	1079	1	26	2	0	1108
17758	1062	1	2	2	0	1067
17759	1064	1	3	1	0	1069
17760	1047	1	3	3	0	1054
17761	30	3	974	2	0	1009
17762	7	978	24	3	0	1012
17763	4	27	5	1024	0	1060
17764	6	3	998	28	0	1035
17765	2	6	24	981	0	1013
17766	5	958	3	28	0	994
17767	3	23	2	1027	0	1055
17768	4	4	1	1040	0	1049
17769	2	6	2	1052	0	1062
17770	1023	1	2	32	0	1058
17771	26	2	3	1015	0	1046
17772	6	2	3	1047	0	1058
17773	4	3	2	1039	0	1048
17774	5	902	2	30	0	939
17775	918	26	2	8	0	954
17776	29	858	5	5	0	897
17777	4	876	1	4	0	885
17778	5	25	7	856	0	893
17779	3	6	3	867	0	879
17780	851	3	4	30	0	888
17781	32	2	2	852	0	888
17782	842	5	4	28	0	879
17783	938	4	5	3	0	950
17784	37	8	1	891	0	937
17785	8	3	5	925	0	941
17786	10	915	4	40	0	969
17787	944	33	3	10	0	990
17788	39	992	2	12	0	1045
17789	981	46	3	7	0	1037
17790	45	5	931	5	0	986
17791	939	7	40	5	0	991
17792	1042	3	5	3	0	1053
17793	48	3	11	961	0	1023
17794	14	1	931	46	0	992
17795	12	967	38	12	0	1029
17796	8	42	4	1005	0	1059
17797	9	7	1001	43	0	1060
17798	5	12	41	1017	0	1075
17799	975	7	6	57	0	1045
17800	43	4	957	12	0	1016
17801	8	955	49	11	0	1023
17802	12	1033	7	9	0	1061
17803	8	47	9	862	0	926
17804	4	972	6	35	0	1017
17805	983	48	3	11	0	1045
17806	1032	6	2	11	0	1051
17807	1044	10	4	13	0	1071
17808	57	8	949	8	0	1022
17809	960	5	43	7	0	1015
17810	48	12	6	938	0	1004
17811	13	5	13	970	0	1001
17812	13	6	8	973	0	1000
17813	11	11	7	975	0	1004
17814	14	7	922	59	0	1002
17815	5	6	943	26	0	980
17816	10	4	925	17	0	956
17817	877	9	49	13	0	948
17818	49	903	15	17	0	984
17819	12	41	15	910	0	978
17820	908	10	5	56	0	979
17821	54	908	4	19	0	985
17822	9	953	13	20	0	995
17823	918	54	6	10	0	988
17824	928	22	5	8	0	963
17825	49	920	8	14	0	991
17826	20	53	6	886	0	965
17827	19	916	6	49	0	990
17828	892	52	7	11	0	962
17829	898	13	4	14	0	929
17830	858	12	12	11	0	893
17831	66	820	5	7	0	898
17832	22	45	2	853	0	922
17833	13	11	814	56	0	894
17834	15	11	42	825	0	893
17835	6	10	6	898	0	920
17836	9	12	824	56	0	901
17837	781	7	42	16	0	846
17838	48	7	11	831	0	897
17839	24	8	9	834	0	875
17840	14	818	7	49	0	888
17841	796	43	8	22	0	869
17842	55	6	10	772	0	843
17843	15	793	3	41	0	852
17844	762	45	2	18	0	827
17845	43	709	8	15	0	775
17846	693	40	2	11	0	746
17847	43	15	680	6	0	744
17848	8	6	596	16	0	626
17849	12	10	487	6	0	515
17850	12	483	32	4	0	531
17851	13	40	6	375	0	434
17852	5	406	7	22	0	440
17853	406	29	3	10	0	448
17854	25	10	405	6	0	446
17855	391	7	23	1	0	422
17856	405	8	5	7	0	425
17857	24	4	7	391	0	426
17858	396	3	15	18	0	432
17859	31	9	2	387	0	429
17860	9	2	379	33	0	423
17861	373	5	24	9	0	411
17862	27	384	7	5	0	423
17863	10	18	9	390	0	427
17864	389	7	4	25	0	425
17865	24	14	1	387	0	426
17866	15	5	378	25	0	423
17867	11	7	19	377	0	414
17868	8	383	5	26	0	422
17869	391	20	8	7	0	426
17870	26	6	10	402	0	444
17871	410	7	7	24	0	448
17872	26	7	5	402	0	440
17873	5	4	4	414	0	427
17874	5	399	6	26	0	436
17875	395	20	4	7	0	426
17876	16	400	8	12	0	436
17877	8	29	0	386	0	423
17878	16	395	1	23	0	435
17879	396	23	4	15	0	438
17880	415	7	3	4	0	429
17881	403	3	2	11	0	419
17882	25	396	6	7	0	434
17883	14	323	0	3	0	340
17884	290	18	23	6	0	337
17885	12	320	2	6	0	340
17886	11	38	0	287	0	336
17887	3	3	280	17	0	303
17888	209	4	6	2	0	221
17889	243	2	0	2	0	247
17890	242	5	0	3	0	250
17891	7	253	2	2	0	264
17892	208	0	0	0	0	208
17893	0	0	219	0	0	219
17894	0	212	0	0	0	212
17895	0	0	0	198	0	198
17896	0	190	0	0	0	190
17897	165	0	0	0	0	165
17898	0	184	0	0	0	184
17899	0	0	0	187	0	187
17900	0	180	0	0	0	180
17901	0	0	0	187	0	187
17902	0	0	0	156	0	156
17903	1	0	160	0	0	161
17904	0	0	0	153	0	153
17905	163	0	0	0	0	163
17906	143	0	0	0	0	143
17907	0	0	0	141	0	141
17908	0	0	146	0	0	146
17909	0	0	0	138	0	138
17910	145	0	0	0	0	145
17911	181	0	0	0	0	181
17912	184	1	0	0	0	185
17913	0	186	0	0	0	186
17914	196	1	0	0	0	197
17915	1	0	192	0	0	193
17916	235	0	1	0	0	236
17917	1	0	0	276	0	277
17918	0	0	0	284	0	284
17919	0	0	0	289	0	289
17920	284	0	0	4	0	288
17921	281	0	0	1	0	282
17922	4	0	1	282	0	287
17923	1	0	279	4	0	284
17924	0	1	4	272	0	277
17925	0	0	0	269	0	269
17926	1	1	261	4	0	267
17927	0	249	4	2	0	255
17928	0	4	1	309	0	314
17929	313	0	0	4	0	317
17930	4	1	0	304	0	309
17931	1	0	0	309	0	310
17932	289	0	0	5	0	294
17933	5	283	0	0	0	288
17934	0	285	0	2	0	287
17935	284	3	0	2	0	289
17936	4	1	289	1	0	295
17937	257	0	4	0	0	261
17938	5	1	311	0	0	317
17939	0	300	4	1	0	305
17940	309	5	1	0	0	315
17941	311	0	0	1	0	312
17942	319	0	0	1	0	320
17943	315	0	1	0	0	316
17944	4	3	332	0	0	339
17945	0	1	4	397	0	402
17946	402	0	0	5	0	407
17947	5	0	400	2	0	407
17948	1	0	401	2	0	404
17949	1	390	6	1	0	398
17950	412	4	1	0	0	417
17951	4	2	0	408	0	414
17952	412	1	0	4	0	417
17953	4	470	2	2	0	478
17954	2	3	0	482	0	487
17955	0	1	1	529	0	531
17956	0	1	0	553	0	554
17957	2	1	567	6	0	576
17958	1	620	6	2	0	629
17959	655	6	3	0	0	664
17960	7	3	0	656	0	666
17961	652	0	1	6	0	659
17962	645	0	0	4	0	649
17963	9	1	0	636	0	646
17964	3	0	661	6	0	670
17965	1	0	7	638	0	646
17966	0	627	3	7	0	637
17967	1	6	0	673	0	680
17968	0	3	652	7	0	662
17969	644	0	7	3	0	654
17970	5	1	3	654	0	663
17971	661	0	0	6	0	667
17972	6	1	673	4	0	684
17973	626	0	6	1	0	633
17974	6	0	665	2	0	673
17975	625	1	7	0	0	633
17976	7	652	3	0	0	662
17977	2	679	1	1	0	683
17978	1	9	0	692	0	702
17979	1	3	0	663	0	667
17980	0	0	0	708	0	708
17981	696	0	1	8	0	705
17982	6	0	0	720	0	726
17983	4	0	718	7	0	729
17984	671	0	6	4	0	681
17985	6	667	3	0	0	676
17986	697	6	0	0	0	703
17987	666	4	0	2	0	672
17988	11	1	711	0	0	723
17989	3	0	7	667	0	677
17990	3	0	2	711	0	716
17991	1	0	727	11	0	739
17992	2	657	6	42	0	707
17993	718	7	3	1	0	729
17994	703	4	0	2	0	709
17995	9	0	2	710	0	721
17996	4	1	0	706	0	711
17997	1	1	1	734	0	737
17998	746	0	1	10	0	757
17999	6	718	1	4	0	729
18000	748	6	1	0	0	755
18001	737	3	0	4	0	744
18002	11	3	760	0	0	774
18003	4	2	7	739	0	752
18004	3	798	5	6	0	812
18005	1	8	2	829	0	840
18006	2	5	0	849	0	856
18007	3	3	827	13	0	846
18008	815	1	9	7	0	832
18009	904	1	7	2	0	914
18010	932	0	2	4	0	938
18011	23	1	3	889	0	916
18012	8	2	2	868	0	880
18013	3	860	1	27	0	891
18014	2	911	3	10	0	926
18015	916	21	1	5	0	943
18016	17	882	2	2	0	903
18017	9	11	842	6	0	868
18018	6	6	13	865	0	890
18019	879	1	10	13	0	903
18020	13	3	860	11	0	887
18021	8	3	831	6	0	848
18022	856	4	20	5	0	885
18023	868	7	8	1	0	884
18024	21	2	3	869	0	895
18025	13	3	858	17	0	891
18026	6	2	15	864	0	887
18027	9	1	899	21	0	930
18028	4	4	857	13	0	878
18029	9	860	19	7	0	895
18030	909	18	10	4	0	941
18031	918	12	4	2	0	936
18032	25	911	3	6	0	945
18033	14	14	3	925	0	956
18034	5	9	3	934	0	951
18035	5	5	4	939	0	953
18036	922	2	3	23	0	950
18037	16	911	4	12	0	943
18038	903	15	9	3	0	930
18039	913	9	2	4	0	928
18040	28	5	873	4	0	910
18041	15	864	13	3	0	895
18042	4	14	11	926	0	955
18043	7	8	908	19	0	942
18044	869	3	12	14	0	898
18045	832	4	8	6	0	850
18046	819	6	4	1	0	830
18047	852	5	4	3	0	864
18048	25	2	4	840	0	871
18049	12	2	830	16	0	860
18050	5	5	13	837	0	860
18051	837	4	8	20	0	869
18052	825	0	7	11	0	843
18053	20	744	5	5	0	774
18054	777	14	2	4	0	797
18055	23	10	761	4	0	798
18056	13	3	738	6	0	760
18057	712	1	14	7	0	734
18058	12	651	8	2	0	673
18059	7	12	3	642	0	664
18060	11	620	2	26	0	659
18061	10	11	2	660	0	683
18062	7	8	4	658	0	677
18063	7	4	1	675	0	687
18064	657	4	4	18	0	683
18065	657	3	3	10	0	673
18066	664	1	4	8	0	677
18067	19	6	638	7	0	670
18068	620	5	13	1	0	639
18069	18	3	5	651	0	677
18070	15	3	7	719	0	744
18071	8	3	736	26	0	773
18072	7	6	24	849	0	886
18073	896	1	10	36	0	943
18074	39	5	908	10	0	962
18075	17	2	26	923	0	968
18076	931	1	11	32	0	975
18077	911	7	10	11	0	939
18078	44	3	886	10	0	943
18079	19	3	883	11	0	916
18080	11	3	37	891	0	942
18081	885	2	18	35	0	940
18082	883	4	8	15	0	910
18083	38	5	7	796	0	846
18084	16	892	5	27	0	940
18085	913	34	4	6	0	957
18086	40	943	5	9	0	997
18087	20	37	4	943	0	1004
18088	9	13	910	39	0	971
18089	11	9	914	15	0	949
18090	8	4	922	16	0	950
18091	9	2	46	855	0	912
18092	11	3	18	903	0	935
18093	885	5	9	45	0	944
18094	40	884	7	21	0	952
18095	1014	33	7	12	0	1066
18096	46	12	6	932	0	996
18097	20	976	8	35	0	1039
18098	14	982	9	14	0	1019
18099	12	40	5	972	0	1029
18100	964	15	5	35	0	1019
18101	34	957	4	23	0	1018
18102	927	34	7	11	0	979
18103	45	931	3	11	0	990
18104	887	36	4	6	0	933
18105	44	9	874	6	0	933
18106	15	8	858	9	0	890
18107	16	883	41	3	0	943
18108	823	31	37	2	0	893
18109	30	810	10	3	0	853
18110	4	802	8	8	0	822
18111	10	33	6	827	0	876
18112	818	11	7	28	0	864
18113	31	816	3	11	0	861
18114	779	28	3	9	0	819
18115	32	855	4	6	0	897
18116	835	32	0	6	0	873
18117	31	822	4	4	0	861
18118	10	871	4	5	0	890
18119	10	32	5	798	0	845
18120	3	843	6	25	0	877
18121	838	31	3	12	0	884
18122	29	9	821	8	0	867
18123	14	5	23	836	0	878
18124	8	7	834	28	0	877
18125	8	2	33	823	0	866
18126	3	4	13	881	0	901
18127	7	3	777	37	0	824
18128	675	3	28	16	0	722
18129	29	760	11	11	0	811
18130	779	32	7	4	0	822
18131	36	740	4	2	0	782
18132	13	39	1	749	0	802
18133	763	13	2	32	0	810
18134	781	6	4	11	0	802
18135	788	5	5	7	0	805
18136	40	4	4	738	0	786
18137	18	4	2	750	0	774
18138	11	782	4	37	0	834
18139	802	31	1	16	0	850
18140	818	13	3	7	0	841
18141	808	12	3	4	0	827
18142	797	3	6	4	0	810
18143	36	759	7	5	0	807
18144	16	30	3	777	0	826
18145	11	10	775	30	0	826
18146	748	7	25	11	0	791
18147	784	8	8	7	0	807
18148	40	8	758	4	0	810
18149	16	7	771	6	0	800
18150	13	9	29	738	0	789
18151	6	6	13	792	0	817
18152	3	9	11	822	0	845
18153	793	6	5	40	0	844
18154	28	9	6	802	0	845
18155	12	6	735	41	0	794
18156	9	8	29	741	0	787
18157	8	3	745	36	0	792
18158	6	7	31	727	0	771
18159	7	6	8	799	0	820
18160	7	2	768	38	0	815
18161	711	13	29	13	0	766
18162	33	787	8	9	0	837
18163	811	36	3	5	0	855
18164	37	11	2	907	0	957
18165	886	9	2	36	0	933
18166	40	897	1	12	0	950
18167	16	957	1	12	0	986
18168	17	75	6	965	0	1063
18169	10	25	1050	40	0	1125
18170	26	14	974	12	0	1026
18171	4	976	32	14	0	1026
18172	844	27	15	3	0	889
18173	26	11	11	827	0	875
18174	804	9	4	27	0	844
18175	33	781	4	13	0	831
18176	13	822	4	9	0	848
18177	9	38	4	803	0	854
18178	797	21	1	32	0	851
18179	828	11	4	14	0	857
18180	38	5	797	15	0	855
18181	23	6	785	2	0	816
18182	782	8	30	8	0	828
18183	35	790	17	6	0	848
18184	767	27	10	7	0	811
18185	33	16	3	757	0	809
18186	17	16	705	26	0	764
18187	672	6	31	16	0	725
18188	29	692	17	13	0	751
18189	17	762	11	2	0	792
18190	15	34	6	746	0	801
18191	745	16	9	29	0	799
18192	30	9	5	742	0	786
18193	779	10	4	29	0	822
18194	37	12	768	11	0	828
18195	700	7	24	16	0	747
18196	743	4	9	9	0	765
18197	43	3	692	6	0	744
18198	679	5	28	2	0	714
18199	33	694	15	7	0	749
18200	22	28	9	678	0	737
18201	16	699	7	25	0	747
18202	720	32	4	12	0	768
18203	36	14	2	698	0	750
18204	17	700	10	25	0	752
18205	20	23	6	677	0	726
18206	11	662	2	26	0	701
18207	9	30	3	691	0	733
18208	675	17	5	31	0	728
18209	34	9	2	684	0	729
18210	10	8	655	40	0	713
18211	633	10	21	14	0	678
18212	30	4	9	738	0	781
18213	16	8	731	28	0	783
18214	16	5	687	18	0	726
18215	10	7	679	12	0	708
18216	7	7	36	650	0	700
18217	6	10	18	664	0	698
18218	8	4	11	667	0	690
18219	6	4	9	679	0	698
18220	647	5	10	38	0	700
18221	660	2	10	23	0	695
18222	662	6	8	21	0	697
18223	710	3	7	18	0	738
18224	38	7	10	687	0	742
18225	22	5	698	33	0	758
18226	717	4	21	21	0	763
18227	751	3	8	19	0	781
18228	38	4	10	789	0	841
18229	27	5	6	794	0	832
18230	792	6	4	39	0	841
18231	33	5	8	764	0	810
18232	19	755	11	32	0	817
18233	843	24	6	14	0	887
18234	837	9	5	19	0	870
18235	33	8	865	16	0	922
18236	28	4	24	842	0	898
18237	21	8	9	914	0	952
18238	861	4	9	40	0	914
18239	874	8	5	28	0	915
18240	47	3	4	917	0	971
18241	33	3	883	34	0	953
18242	14	7	878	18	0	917
18243	13	5	34	895	0	947
18244	15	3	17	926	0	961
18245	884	3	14	34	0	935
18246	30	830	11	31	0	902
18247	14	861	9	27	0	911
18248	22	885	9	11	0	927
18249	17	35	6	882	0	940
18250	876	24	4	32	0	936
18251	879	11	5	20	0	915
18252	46	838	8	11	0	903
18253	884	29	6	10	0	929
18254	32	14	4	866	0	916
18255	20	19	867	29	0	935
18256	22	6	18	888	0	934
18257	17	8	8	911	0	944
18258	10	7	8	933	0	958
18259	893	6	7	44	0	950
18260	29	5	6	891	0	931
18261	15	852	4	40	0	911
18262	859	22	3	19	0	903
18263	31	842	5	20	0	898
18264	12	769	5	10	0	796
18265	6	770	5	14	0	795
18266	4	19	679	9	0	711
18267	5	683	14	9	0	711
18268	1	9	629	2	0	641
18269	509	2	4	1	0	516
18270	542	0	3	1	0	546
18271	5	0	562	0	0	567
18272	507	1	2	0	0	510
18273	542	0	1	0	0	543
18274	2	0	545	0	0	547
18275	1	527	2	0	0	530
18276	0	1	1	569	0	571
18277	570	1	0	1	0	572
18278	1	0	0	562	0	563
18279	586	0	0	2	0	588
18280	577	0	0	1	0	578
18281	3	1	566	0	0	570
18282	544	0	1	0	0	545
18283	1	546	3	1	0	551
18284	583	1	0	0	0	584
18285	1	1	0	571	0	573
18286	1	1	580	1	0	583
18287	0	0	1	562	0	563
18288	573	0	1	1	0	575
18289	2	535	0	4	0	541
18290	2	2	537	1	0	542
18291	0	2	2	556	0	560
18292	0	0	594	1	0	595
18293	0	584	1	2	0	587
18294	605	1	0	1	0	607
18295	2	1	0	595	0	598
18296	1	1	605	1	0	608
18297	0	1	570	1	0	572
18298	569	1	2	0	0	572
18299	1	0	1	601	0	603
18300	2	1	0	591	0	594
18301	1	0	612	2	0	615
18302	0	1	591	1	0	593
18303	1	595	2	0	0	598
18304	0	1	1	641	0	643
18305	0	1	1	634	0	636
18306	0	601	0	3	0	604
18307	0	3	610	2	0	615
18308	542	1	2	0	0	545
18309	2	0	1	639	0	642
18310	1	0	636	2	0	639
18311	0	1	1	605	0	607
18312	1	521	3	2	0	527
18313	1	4	542	1	0	548
18314	469	2	1	0	0	472
18315	1	1	662	0	0	664
18316	1	1	651	0	0	653
18317	0	2	651	0	0	653
18318	0	0	665	0	0	665
18319	1	0	2	627	0	630
18320	1	0	759	1	0	761
18321	1	12	3	716	0	732
18322	1	723	4	2	0	730
18323	819	2	0	1	0	822
18324	4	2	1	855	0	862
18325	3	1	819	6	0	829
18326	1	763	7	6	0	777
18327	2	7	4	839	0	852
18328	760	5	3	8	0	776
18329	6	758	1	6	0	771
18330	5	8	1	773	0	787
18331	787	6	1	7	0	801
18332	9	4	762	6	0	781
18333	715	2	6	4	0	727
18334	11	1	719	1	0	732
18335	656	1	10	3	0	670
18336	749	0	5	1	0	755
18337	12	0	720	3	0	735
18338	9	712	8	0	0	729
18339	5	7	6	725	0	743
18340	2	4	686	8	0	700
18341	3	3	6	658	0	670
18342	1	2	4	683	0	690
18343	0	1	686	13	0	700
18344	2	2	715	9	0	728
18345	0	2	13	740	0	755
18346	779	1	7	10	0	797
18347	8	738	5	10	0	761
18348	5	814	3	4	0	826
18349	859	10	3	2	0	874
18350	850	7	4	2	0	863
18351	34	5	1	819	0	859
18352	9	3	1	849	0	862
18353	5	3	3	868	0	879
18354	850	3	1	14	0	868
18355	12	778	0	9	0	799
18356	7	825	3	4	0	839
18357	4	9	3	832	0	848
18358	1	8	2	836	0	847
18359	2	5	2	842	0	851
18360	811	3	1	14	0	829
18361	6	796	0	9	0	811
18362	821	9	1	8	0	839
18363	11	6	771	6	0	794
18364	7	807	8	4	0	826
18365	7	10	5	840	0	862
18366	835	7	4	13	0	859
18367	13	12	815	7	0	847
18368	11	6	792	6	0	815
18369	8	3	14	791	0	816
18370	5	5	12	819	0	841
18371	1	2	7	836	0	846
18372	5	2	5	835	0	847
18373	4	0	5	839	0	848
18374	5	781	3	24	0	813
18375	2	12	3	859	0	876
18376	846	6	4	21	0	877
18377	11	864	4	14	0	893
18378	872	15	2	12	0	901
18379	18	10	858	11	0	897
18380	12	11	845	6	0	874
18381	8	4	20	866	0	898
18382	9	3	1195	11	0	1218
18383	3	5	31	1196	0	1235
18384	6	1	15	1214	0	1236
18385	1207	2	11	40	0	1260
18386	1191	4	10	21	0	1226
18387	38	1241	7	18	0	1304
18388	22	1298	5	14	0	1339
18389	16	42	3	1325	0	1386
18390	1348	19	5	40	0	1412
18391	39	16	1283	20	0	1358
18392	16	7	32	1352	0	1407
18393	11	6	13	1330	0	1360
18394	7	8	1258	47	0	1320
18395	5	1315	41	27	0	1388
18396	6	33	16	1312	0	1367
18397	3	12	1284	48	0	1347
18398	7	9	40	1312	0	1368
18399	1230	8	15	48	0	1301
18400	35	1240	18	18	0	1311
18401	13	1306	14	14	0	1347
18402	10	44	4	1311	0	1369
18403	1256	17	6	44	0	1323
18404	33	1296	8	19	0	1356
18405	1325	41	6	21	0	1393
18406	50	15	1298	19	0	1382
18407	22	14	1307	16	0	1359
18408	15	13	43	1213	0	1284
18409	17	13	21	1353	0	1404
18410	1329	9	18	58	0	1414
18411	48	10	8	1309	0	1375
18412	16	12	1293	55	0	1376
18413	13	12	45	1269	0	1339
18414	13	8	13	1412	0	1446
18415	12	7	1201	60	0	1280
18416	1161	8	49	33	0	1251
18417	41	9	14	1274	0	1338
18418	1239	6	23	52	0	1320
18419	49	1178	15	24	0	1266
18420	1147	41	11	29	0	1228
18421	47	1133	15	20	0	1215
18422	15	1181	4	23	0	1223
18423	19	84	24	1014	0	1141
18424	1022	14	5	36	0	1077
18425	1038	18	4	10	0	1070
18426	38	13	6	1031	0	1088
18427	1033	6	7	39	0	1085
18428	1038	8	10	17	0	1073
18429	45	5	8	1039	0	1097
18430	1102	3	9	45	0	1159
18431	46	1107	9	13	0	1175
18432	1144	35	4	19	0	1202
18433	36	15	1103	19	0	1173
18434	1138	10	34	13	0	1195
18435	42	5	9	1146	0	1202
18436	16	3	18	1122	0	1159
18437	12	5	15	1120	0	1152
18438	13	4	6	1123	0	1146
18439	7	7	13	1108	0	1135
18440	14	1028	11	44	0	1097
18441	9	1105	6	31	0	1151
18442	1105	31	9	23	0	1168
18443	38	22	1063	16	0	1139
18444	1001	21	27	13	0	1062
18445	43	18	1002	11	0	1074
18446	23	10	30	961	0	1024
18447	19	9	10	1028	0	1066
18448	938	6	8	45	0	997
18449	50	13	911	15	0	989
18450	23	8	30	934	0	995
18451	22	4	935	45	0	1006
18452	26	940	41	13	0	1020
18453	16	32	13	990	0	1051
18454	976	9	9	51	0	1045
18455	933	13	11	18	0	975
18456	942	5	11	19	0	977
18457	43	916	12	26	0	997
18458	20	1011	10	22	0	1063
18459	882	36	10	26	0	954
18460	39	978	9	27	0	1053
18461	17	1007	10	23	0	1057
18462	18	40	939	19	0	1016
18463	14	970	35	22	0	1041
18464	17	956	14	14	0	1001
18465	11	46	10	939	0	1006
18466	20	24	924	35	0	1003
18467	12	19	925	15	0	971
18468	884	15	36	25	0	960
18469	43	6	951	18	0	1018
18470	938	10	36	15	0	999
18471	42	8	17	884	0	951
18472	30	904	13	41	0	988
18473	948	31	17	16	0	1012
18474	959	13	11	21	0	1004
18475	44	9	11	924	0	988
18476	24	14	10	933	0	981
18477	23	8	11	963	0	1005
18478	969	4	6	47	0	1026
18479	951	12	8	25	0	996
18480	960	9	3	26	0	998
18481	48	909	8	18	0	983
18482	600	12	2	5	0	619
18483	17	588	1	8	0	614
18484	6	604	4	2	0	616
18485	45	14	1	571	0	631
18486	6	561	0	14	0	581
18487	530	4	1	1	0	536
18488	4	5	0	520	0	529
18489	479	1	0	4	0	484
18490	4	435	0	3	0	442
18491	3	443	0	0	0	446
18492	488	5	0	4	0	497
18493	9	484	0	1	0	494
18494	8	7	0	492	0	507
18495	3	4	1	431	0	439
18496	459	4	0	10	0	473
18497	8	2	0	464	0	474
18498	4	2	455	12	0	473
18499	2	1	7	460	0	470
18500	539	4	4	12	0	559
18501	12	558	2	4	0	576
18502	595	10	2	6	0	613
18503	549	7	2	0	0	558
18504	549	4	0	3	0	556
18505	21	2	524	0	0	547
18506	12	4	521	1	0	538
18507	511	2	18	1	0	532
18508	15	523	8	1	0	547
18509	10	13	5	529	0	557
18510	4	9	2	520	0	535
18511	3	506	6	18	0	533
18512	3	540	2	12	0	557
18513	1	25	1	539	0	566
18514	1	11	0	550	0	562
18515	2	8	527	20	0	557
18516	3	36	476	11	0	526
18517	515	6	16	8	0	545
18518	547	4	15	5	0	571
18519	21	4	7	553	0	585
18520	15	2	544	19	0	580
18521	7	5	15	544	0	571
18522	555	0	11	19	0	585
18523	20	1	548	13	0	582
18524	10	1	17	557	0	585
18525	7	3	547	17	0	574
18526	6	500	16	15	0	537
18527	7	16	550	7	0	580
18528	6	7	20	550	0	583
18529	559	5	11	15	0	590
18530	16	7	7	489	0	519
18531	466	3	4	22	0	495
18532	472	5	4	16	0	497
18533	467	6	3	8	0	484
18534	29	3	422	9	0	463
18535	451	4	14	6	0	475
18536	26	3	10	441	0	480
18537	18	1	3	456	0	478
18538	10	2	432	21	0	465
18539	5	5	17	453	0	480
18540	434	3	11	23	0	471
18541	15	436	7	15	0	473
18542	450	17	4	7	0	478
18543	451	6	4	13	0	474
18544	470	5	1	9	0	485
18545	28	8	3	444	0	483
18546	17	5	431	20	0	473
18547	14	0	19	511	0	544
18548	12	5	7	535	0	559
18549	521	2	10	30	0	563
18550	520	4	4	24	0	552
18551	39	1	546	8	0	594
18552	19	4	16	569	0	608
18553	17	1	581	22	0	621
18554	578	2	22	22	0	624
18555	23	636	15	9	0	683
18556	653	21	11	6	0	691
18557	33	655	5	8	0	701
18558	607	24	3	7	0	641
18559	27	602	5	2	0	636
18560	11	29	3	585	0	628
18561	14	11	1	630	0	656
18562	611	8	2	26	0	647
18563	618	2	2	21	0	643
18564	633	1	7	10	0	651
18565	615	2	1	9	0	627
18566	630	0	3	4	0	637
18567	38	1	2	589	0	630
18568	21	601	2	17	0	641
18569	16	17	2	556	0	591
18570	7	603	3	27	0	640
18571	4	22	6	597	0	629
18572	3	607	5	28	0	643
18573	5	25	2	615	0	647
18574	6	11	582	28	0	627
18575	560	11	15	10	0	596
18576	26	578	8	11	0	623
18577	597	19	9	5	0	630
18578	26	9	538	7	0	580
18579	540	11	17	3	0	571
18580	29	2	596	9	0	636
18581	14	7	21	614	0	656
18582	14	630	14	21	0	679
18583	7	21	652	12	0	692
18584	10	8	20	666	0	704
18585	653	12	12	23	0	700
18586	25	3	8	677	0	713
18587	15	4	4	690	0	713
18588	17	4	1	695	0	717
18589	7	8	640	39	0	694
18590	9	4	16	660	0	689
18591	4	654	14	33	0	705
18592	7	11	7	588	0	613
18593	3	10	6	606	0	625
18594	578	6	3	26	0	613
18595	17	5	5	593	0	620
18596	15	1	598	24	0	638
18597	10	3	600	16	0	629
18598	10	2	604	8	0	624
18599	6	600	29	9	0	644
18600	495	17	11	3	0	526
18601	17	497	7	3	0	524
18602	484	18	3	4	0	509
18603	21	3	4	481	0	509
18604	8	7	478	15	0	508
18605	9	1	462	8	0	480
18606	2	479	18	9	0	508
18607	4	13	12	493	0	522
18608	6	8	8	500	0	522
18609	6	9	1	520	0	536
18610	5	6	500	21	0	532
18611	473	2	16	16	0	507
18612	15	3	544	11	0	573
18613	10	3	21	521	0	555
18614	8	6	6	553	0	573
18615	8	5	537	22	0	572
18616	500	4	14	21	0	539
18617	18	525	9	14	0	566
18618	532	13	10	9	0	564
18619	22	7	6	511	0	546
18620	9	519	4	16	0	548
18621	11	12	6	534	0	563
18622	529	6	3	23	0	561
18623	15	7	3	535	0	560
18624	11	4	509	20	0	544
18625	502	6	16	7	0	531
18626	557	5	8	13	0	583
18627	19	6	544	3	0	572
18628	11	3	14	559	0	587
18629	561	6	7	15	0	589
18630	16	0	11	554	0	581
18631	11	4	4	563	0	582
18632	15	2	5	548	0	570
18633	6	3	5	579	0	593
18634	8	3	605	24	0	640
18635	4	1	15	629	0	649
18636	8	4	609	23	0	644
18637	598	3	20	13	0	634
18638	619	4	7	16	0	646
18639	618	4	11	10	0	643
18640	629	4	3	11	0	647
18641	24	4	5	624	0	657
18642	627	2	8	21	0	658
18643	21	2	613	12	0	648
18644	12	3	610	13	0	638
18645	579	1	19	8	0	607
18646	20	660	18	5	0	703
18647	8	604	6	2	0	620
18648	8	12	2	607	0	629
18649	4	6	597	14	0	621
18650	535	3	12	8	0	558
18651	13	3	534	7	0	557
18652	4	550	18	1	0	573
18653	9	10	520	4	0	543
18654	6	521	14	3	0	544
18655	480	12	2	5	0	499
18656	7	482	8	3	0	500
18657	6	482	3	1	0	492
18658	6	8	4	488	0	506
18659	6	5	489	7	0	507
18660	3	6	9	459	0	477
18661	2	6	2	494	0	504
18662	2	3	487	12	0	504
18663	2	3	8	471	0	484
18664	1	466	5	10	0	482
18665	2	9	6	490	0	507
18666	489	5	4	11	0	509
18667	8	4	4	493	0	509
18668	2	2	488	11	0	503
18669	6	2	9	489	0	506
18670	5	2	457	12	0	476
18671	446	3	13	2	0	464
18672	7	3	2	475	0	487
18673	467	2	7	11	0	487
18674	11	2	477	6	0	496
18675	416	0	12	6	0	434
18676	10	479	3	6	0	498
18677	3	6	555	5	0	569
18678	6	3	8	555	0	572
18679	1	7	556	10	0	574
18680	7	486	11	6	0	510
18681	3	468	3	5	0	479
18682	442	5	6	4	0	457
18683	7	449	2	3	0	461
18684	487	12	5	1	0	505
18685	15	2	4	490	0	511
18686	3	7	470	10	0	490
18687	7	476	9	2	0	494
18688	2	15	2	480	0	499
18689	4	2	5	490	0	501
18690	1	7	2	528	0	538
18691	5	1	1	514	0	521
18692	1	495	3	21	0	520
18693	1	514	5	8	0	528
18694	504	12	4	6	0	526
18695	11	511	1	6	0	529
18696	0	8	0	527	0	535
18697	1	0	514	12	0	527
18698	0	520	13	4	0	537
18699	0	12	3	550	0	565
18700	0	4	2	544	0	550
18701	1	558	0	13	0	572
18702	554	16	0	7	0	577
18703	15	5	548	3	0	571
18704	519	6	16	0	0	541
18705	20	556	5	1	0	582
18706	534	15	3	1	0	553
18707	15	596	0	3	0	614
18708	3	20	1	656	0	680
18709	5	6	0	675	0	686
18710	659	4	2	21	0	686
18711	17	1	0	665	0	683
18712	6	2	606	23	0	637
18713	7	595	17	7	0	626
18714	0	617	7	7	0	631
18715	3	19	3	621	0	646
18716	3	11	608	18	0	640
18717	2	5	17	607	0	631
18718	1	2	6	635	0	644
18719	3	2	618	21	0	644
18720	2	1	596	16	0	615
18721	1	602	23	5	0	631
18722	652	18	11	3	0	684
18723	16	72	6	577	0	671
18724	6	558	1	15	0	580
18725	632	15	1	8	0	656
18726	15	8	1	583	0	607
18727	7	6	2	588	0	603
18728	6	563	3	20	0	592
18729	2	16	1	598	0	617
18730	580	6	1	22	0	609
18731	17	7	0	573	0	597
18732	7	2	1	595	0	605
18733	6	4	573	23	0	606
18734	2	1	536	16	0	555
18735	561	3	20	10	0	594
18736	16	0	13	573	0	602
18737	8	4	4	582	0	598
18738	6	0	3	604	0	613
18739	4	2	569	31	0	606
18740	553	5	17	15	0	590
18741	18	1	11	575	0	605
18742	8	7	8	592	0	615
18743	576	5	1	26	0	608
18744	16	566	3	19	0	604
18745	8	20	556	10	0	594
18746	11	8	16	480	0	515
18747	1	504	7	22	0	534
18748	5	17	5	529	0	556
18749	518	13	3	26	0	560
18750	18	7	6	529	0	560
18751	507	5	4	23	0	539
18752	494	3	1	16	0	514
18753	22	27	2	446	0	497
18754	16	454	3	17	0	490
18755	8	481	3	12	0	504
18756	7	23	474	10	0	514
18757	5	17	15	473	0	510
18758	7	11	9	486	0	513
18759	5	4	6	513	0	528
18760	491	6	4	30	0	531
18761	20	4	1	506	0	531
18762	7	3	483	33	0	526
18763	479	6	20	11	0	516
18764	18	3	10	493	0	524
18765	11	6	7	504	0	528
18766	7	5	476	29	0	517
18767	456	4	18	19	0	497
18768	17	5	10	494	0	526
18769	12	2	484	21	0	519
18770	9	2	16	488	0	515
18771	4	4	11	437	0	456
18772	8	500	9	21	0	538
18773	505	16	4	14	0	539
18774	495	8	6	11	0	520
18775	26	479	5	11	0	521
18776	500	21	2	7	0	530
18777	422	11	4	10	0	447
18778	27	6	6	413	0	452
18779	15	4	402	26	0	447
18780	7	4	398	20	0	429
18781	5	3	418	15	0	441
18782	4	1	421	9	0	435
18783	5	34	27	364	0	430
18784	7	2	12	387	0	408
18785	5	1	8	402	0	416
18786	0	5	5	406	0	416
18787	384	2	8	25	0	419
18788	18	367	2	16	0	403
18789	403	13	4	38	0	458
18790	17	8	380	9	0	414
18791	10	8	380	7	0	405
18792	9	0	17	383	0	409
18793	400	4	10	14	0	428
18794	368	1	5	17	0	391
18795	22	378	5	12	0	417
18796	7	307	1	1	0	316
18797	5	8	0	304	0	317
18798	270	36	2	6	0	314
18799	3	266	3	3	0	275
18800	266	4	0	3	0	273
18801	261	4	1	2	0	268
18802	260	2	1	1	0	264
18803	7	0	267	3	0	277
18804	4	254	3	2	0	263
18805	271	4	2	0	0	277
18806	263	2	0	1	0	266
18807	7	205	1	2	0	215
18808	0	149	0	0	0	149
18809	152	1	0	0	0	153
18810	1	0	0	151	0	152
18811	0	0	142	1	0	143
18812	146	0	1	0	0	147
18813	1	0	0	151	0	152
18814	0	147	0	0	0	147
18815	0	1	0	153	0	154
18816	0	0	187	1	0	188
18817	0	0	1	180	0	181
18818	212	0	0	1	0	213
18819	1	0	0	210	0	211
18820	1	0	0	209	0	210
18821	1	0	210	3	0	214
18822	0	0	2	169	0	171
18823	0	162	1	3	0	166
18824	172	2	1	0	0	175
18825	140	1	0	0	0	141
18826	3	1	148	0	0	152
18827	2	0	2	138	0	142
18828	1	137	1	2	0	141
18829	0	147	1	1	0	149
18830	159	3	0	1	0	163
18831	2	2	0	158	0	162
18832	1	2	155	3	0	161
18833	2	0	154	1	0	157
18834	0	0	3	157	0	160
18835	189	0	3	3	0	195
18836	191	0	2	1	0	194
18837	4	0	0	210	0	214
18838	3	0	207	1	0	211
18839	2	202	4	1	0	209
18840	214	3	1	2	0	220
18841	3	204	2	0	0	209
18842	215	5	0	0	0	220
18843	5	1	0	212	0	218
18844	2	2	261	3	0	268
18845	2	0	2	257	0	261
18846	268	0	1	5	0	274
18847	3	0	264	1	0	268
18848	1	253	3	2	0	259
18849	2	4	1	300	0	307
18850	302	1	2	3	0	308
18851	3	2	293	1	0	299
18852	1	0	3	298	0	302
18853	2	0	1	309	0	312
18854	0	0	302	4	0	306
18855	0	0	2	292	0	294
18856	0	0	290	5	0	295
18857	268	0	5	1	0	274
18858	3	0	1	335	0	339
18859	1	0	363	4	0	368
18860	2	339	5	2	0	348
18861	364	3	1	2	0	370
18862	425	1	2	0	0	428
18863	12	2	0	537	0	551
18864	5	567	0	15	0	587
18865	574	17	0	3	0	594
18866	17	4	1	576	0	598
18867	4	2	570	19	0	595
18868	562	3	17	6	0	588
18869	18	614	4	2	0	638
18870	7	15	3	643	0	668
18871	641	3	3	18	0	665
18872	19	2	608	4	0	633
18873	6	3	610	3	0	622
18874	3	4	20	574	0	601
18875	4	0	607	18	0	629
18876	2	0	22	566	0	590
18877	0	653	10	15	0	678
18878	1	17	4	682	0	704
18879	666	5	2	20	0	693
18880	18	1	651	6	0	676
18881	6	679	15	5	0	705
18882	2	19	4	693	0	718
18883	2	4	845	17	0	868
18884	3	3	18	807	0	831
18885	1	805	6	15	0	827
18886	0	845	3	6	0	854
18887	820	22	1	4	0	847
18888	10	888	2	3	0	903
18889	5	18	842	3	0	868
18890	784	8	17	2	0	811
18891	20	4	865	0	0	889
18892	5	2	19	805	0	831
18893	2	3	921	14	0	940
18894	2	891	20	6	0	919
18895	2	16	5	943	0	966
18896	0	5	4	946	0	955
18897	0	0	3	935	0	938
18898	1	1	934	23	0	959
18899	1	2	17	900	0	920
18900	1	1	3	961	0	966
18901	936	0	4	23	0	963
18902	916	0	4	9	0	929
18903	20	2	954	6	0	982
18904	5	930	17	4	0	956
18905	5	13	944	3	0	965
18906	4	3	16	960	0	983
18907	3	2	1034	17	0	1056
18908	1	2	23	1013	0	1039
18909	1	3	6	1065	0	1075
18910	1	1	1047	23	0	1072
18911	932	0	16	10	0	958
18912	16	1024	7	5	0	1052
18913	5	17	2	1102	0	1126
18914	3	4	1082	15	0	1104
18915	1	5	1032	6	0	1044
18916	997	2	18	4	0	1021
18917	16	1006	13	3	0	1038
18918	3	13	2	1060	0	1078
18919	1055	3	5	17	0	1080
18920	17	1	3	1050	0	1071
18921	6	2	1	1155	0	1164
18922	1	4	1119	21	0	1145
18923	1029	2	14	6	0	1051
18924	1196	0	4	5	0	1205
18925	18	0	2	1196	0	1216
18926	1199	0	4	17	0	1220
18927	17	2	1	1188	0	1208
18928	7	1125	1	20	0	1153
18929	5	1167	3	8	0	1183
18930	3	16	1	1235	0	1255
18931	1224	4	0	17	0	1245
18932	13	4	0	1270	0	1287
18933	1351	2	1	17	0	1371
18934	1354	3	2	5	0	1364
18935	19	0	2	1298	0	1319
18936	8	1	0	1308	0	1317
18937	2	1	1263	22	0	1288
18938	6	1	1237	6	0	1250
18939	4	0	19	1251	0	1274
18940	0	1	1317	21	0	1339
18941	1279	0	16	9	0	1304
18942	13	0	6	1420	0	1439
18943	5	1	1464	22	0	1492
18944	1344	0	22	9	0	1375
18945	1507	0	11	5	0	1523
18946	34	1494	2	5	0	1535
18947	12	23	3	1645	0	1683
18948	6	13	1692	21	0	1732
18949	1678	3	24	12	0	1717
18950	1758	3	9	4	0	1774
18951	36	3	1690	4	0	1733
18952	1735	2	24	6	0	1767
18953	27	0	16	1735	0	1778
18954	16	0	4	1787	0	1807
18955	1747	0	5	35	0	1787
18956	1750	1	3	15	0	1769
18957	37	0	6	1776	0	1819
18958	17	1	1733	27	0	1778
18959	9	1623	24	18	0	1674
18960	8	24	1701	5	0	1738
18961	8	13	1737	6	0	1764
18962	4	1658	32	9	0	1703
18963	3	12	12	1527	0	1554
18964	6	7	4	1603	0	1620
18965	5	4	1574	20	0	1603
18966	3	3	16	1549	0	1571
18967	1621	2	10	16	0	1649
18968	13	3	1607	11	0	1634
18969	1568	1	13	8	0	1590
18970	1612	1	10	3	0	1626
18971	1602	0	6	6	0	1614
18972	27	1	1553	7	0	1588
18973	14	2	1543	4	0	1563
18974	6	2	21	1550	0	1579
18975	6	2	14	1513	0	1535
18976	7	1553	6	19	0	1585
18977	1559	16	3	10	0	1588
18978	1538	6	7	5	0	1556
18979	18	1537	9	5	0	1569
18980	1590	14	8	4	0	1616
18981	18	1541	4	11	0	1574
18982	1657	18	7	3	0	1685
18983	19	10	5	1480	0	1514
18984	14	6	1480	17	0	1517
18985	10	3	1441	15	0	1469
18986	8	1	23	1477	0	1509
18987	8	3	15	1478	0	1504
18988	8	3	1423	22	0	1456
18989	5	1	20	1373	0	1399
18990	8	5	13	1420	0	1446
18991	1441	2	10	20	0	1473
18992	1433	1	8	14	0	1456
18993	1356	4	5	8	0	1373
18994	23	4	1345	9	0	1381
18995	14	1284	18	10	0	1326
18996	6	16	9	1371	0	1402
18997	14	9	1349	17	0	1389
18998	11	1312	12	10	0	1345
18999	1367	16	14	2	0	1399
19000	21	10	6	1355	0	1392
19001	11	8	5	1373	0	1397
19002	1372	4	5	26	0	1407
19003	20	4	9	1362	0	1395
19004	13	3	6	1413	0	1435
19005	1428	3	6	28	0	1465
19006	17	3	1393	19	0	1432
19007	13	1283	17	15	0	1328
19008	1341	11	12	8	0	1372
19009	22	11	1345	9	0	1387
19010	1302	8	14	9	0	1333
19011	23	1332	15	12	0	1382
19012	1471	17	9	7	0	1504
19013	1420	10	7	5	0	1442
19014	1413	4	6	7	0	1430
19015	27	4	9	1369	0	1409
19016	18	5	6	1382	0	1411
19017	8	1342	4	27	0	1381
19018	7	1369	6	17	0	1399
19019	10	1380	5	8	0	1403
19020	1395	22	5	5	0	1427
19021	19	11	1281	8	0	1319
19022	16	6	11	1287	0	1320
19023	11	2	10	1301	0	1324
19024	7	1242	9	27	0	1285
19025	6	18	9	1272	0	1305
19026	8	12	3	1260	0	1283
19027	8	1239	6	24	0	1277
19028	1248	15	10	13	0	1286
19029	18	1242	6	9	0	1275
19030	15	21	1165	9	0	1210
19031	1173	9	16	10	0	1208
19032	20	1150	13	7	0	1190
19033	1071	19	4	4	0	1098
19034	22	9	2	1072	0	1105
19035	12	6	4	1082	0	1104
19036	9	5	1104	24	0	1142
19037	6	7	1207	14	0	1234
19038	5	10	25	1250	0	1290
19039	1235	10	9	18	0	1272
19040	1166	5	5	14	0	1190
19041	30	1181	4	11	0	1226
19042	8	1105	4	5	0	1122
19043	4	1085	5	6	0	1100
19044	4	26	2	1153	0	1185
19045	1107	4	2	18	0	1131
19046	1077	1	1	7	0	1086
19047	1038	2	0	2	0	1042
19048	22	2	876	0	0	900
19049	4	1110	17	14	0	1145
19050	3	16	3	1377	0	1399
19051	1415	3	2	22	0	1442
19052	24	0	1	1464	0	1489
19053	5	1	0	1556	0	1562
19054	1524	0	1	34	0	1559
19055	1614	0	0	10	0	1624
19056	39	1	1583	5	0	1628
19057	10	2	34	1628	0	1674
19058	10	1	1573	36	0	1620
19059	3	1	41	1608	0	1653
19060	5	6	1545	45	0	1601
19061	2	0	38	1553	0	1593
19062	1465	2	9	41	0	1517
19063	29	1478	9	10	0	1526
19064	6	1586	2	12	0	1606
19065	10	40	5	1354	0	1409
19066	4	1586	2	29	0	1621
19067	1573	44	1	4	0	1622
19068	1527	10	0	7	0	1544
19069	43	14	1428	5	0	1490
19070	18	1465	33	7	0	1523
19071	12	33	6	1523	0	1574
19072	6	9	1497	39	0	1551
19073	1507	6	37	10	0	1560
19074	37	3	10	1537	0	1587
19075	12	5	1549	39	0	1605
19076	12	0	40	1562	0	1614
19077	1563	2	13	47	0	1625
19078	41	2	1511	13	0	1567
19079	1496	0	38	14	0	1548
19080	1561	1	14	6	0	1582
19081	48	3	10	1485	0	1546
19082	23	3	1414	39	0	1479
19083	16	4	1401	9	0	1430
19084	1391	4	42	14	0	1451
19085	1463	2	14	9	0	1488
19086	50	3	1382	6	0	1441
19087	22	3	37	1400	0	1462
19088	17	1	15	1382	0	1415
19089	8	1441	17	49	0	1515
19090	9	37	6	1493	0	1545
19091	1470	12	5	55	0	1542
19092	46	11	4	1493	0	1554
19093	12	5	1453	60	0	1530
19094	1413	6	44	16	0	1479
19095	48	4	12	1469	0	1533
19096	19	4	1425	49	0	1497
19097	14	1430	48	17	0	1509
19098	1382	47	16	12	0	1457
19099	45	1456	14	15	0	1530
19100	1460	52	13	14	0	1539
19101	65	14	1382	11	0	1472
19102	17	1367	38	20	0	1442
19103	15	1432	13	21	0	1481
19104	17	52	16	1370	0	1455
19105	27	16	8	1441	0	1492
19106	18	12	1370	60	0	1460
19107	15	8	52	1426	0	1501
19108	1376	7	21	95	0	1499
19109	49	6	1351	32	0	1438
19110	14	12	57	1376	0	1459
19111	23	8	1292	66	0	1389
19112	1244	4	53	31	0	1332
19113	60	1285	18	26	0	1389
19114	1290	53	21	15	0	1379
19115	1341	16	14	20	0	1391
19116	1375	22	12	16	0	1425
19117	75	17	1267	13	0	1372
19118	41	1296	45	18	0	1400
19119	33	46	23	1271	0	1373
19120	17	25	19	1377	0	1438
19121	1384	16	16	64	0	1480
19122	53	8	20	1394	0	1475
19123	1377	11	16	62	0	1466
19124	1404	10	13	34	0	1461
19125	1408	8	19	29	0	1464
19126	1423	4	16	24	0	1467
19127	79	7	13	1383	0	1482
19128	1402	4	19	58	0	1483
19129	75	9	1396	18	0	1498
19130	1435	9	47	27	0	1518
19131	1498	12	22	20	0	1552
19132	73	6	1348	32	0	1459
19133	1420	7	59	17	0	1503
19134	1499	8	23	10	0	1540
19135	81	6	19	1429	0	1535
19136	43	4	20	1448	0	1515
19137	1273	19	16	62	0	1370
19138	60	8	6	1289	0	1363
19139	24	9	13	1266	0	1312
19140	22	1233	12	68	0	1335
19141	23	38	7	1274	0	1342
19142	1242	12	15	64	0	1333
19143	47	12	18	1242	0	1319
19144	23	4	7	1189	0	1223
19145	22	1140	9	50	0	1221
19146	12	34	9	1098	0	1153
19147	15	13	11	1118	0	1157
19148	1092	14	6	48	0	1160
19149	31	8	5	777	0	821
19150	13	6	572	34	0	625
19151	13	503	23	15	0	554
19152	2	463	5	10	0	480
19153	431	22	7	2	0	462
19154	22	464	3	4	0	493
19155	365	16	12	1	0	394
19156	16	361	1	1	0	379
19157	331	14	0	2	0	347
19158	14	4	0	375	0	393
19159	3	0	1	380	0	384
19160	1	368	0	17	0	386
19161	2	11	1	380	0	394
19162	2	2	355	16	0	375
19163	343	0	16	3	0	362
19164	14	370	1	1	0	386
19165	340	13	0	0	0	353
19166	340	2	0	1	0	343
19167	347	1	0	0	0	348
19168	14	0	1	326	0	341
19169	4	1	0	337	0	342
19170	2	327	0	14	0	343
19171	322	11	0	4	0	337
19172	10	327	1	2	0	340
19173	341	12	0	0	0	353
19174	14	2	327	3	0	346
19175	307	2	12	2	0	323
19176	16	0	1	311	0	328
19177	2	2	300	13	0	317
19178	3	0	310	3	0	316
19179	2	2	12	307	0	323
19180	2	0	300	14	0	316
19181	3	0	13	313	0	329
19182	307	0	2	14	0	323
19183	12	1	1	313	0	327
19184	4	1	309	14	0	328
19185	1	306	13	3	0	323
19186	2	329	2	2	0	335
19187	22	14	2	273	0	311
19188	267	2	0	9	0	278
19189	8	1	1	274	0	284
19190	3	0	1	282	0	286
19191	2	1	1	285	0	289
19192	1	0	1	283	0	285
19193	2	1	268	10	0	281
19194	2	1	251	5	0	259
19195	269	0	10	2	0	281
19196	276	0	3	4	0	283
19197	11	1	2	269	0	283
19198	5	2	0	279	0	286
19199	1	1	272	9	0	283
19200	2	278	7	4	0	291
19201	283	8	3	1	0	295
19202	291	2	2	4	0	299
19203	12	1	1	290	0	304
19204	4	2	273	10	0	289
19205	1	1	9	267	0	278
19206	1	280	3	12	0	296
19207	3	9	274	2	0	288
19208	275	2	9	3	0	289
19209	11	2	3	281	0	297
19210	292	1	1	10	0	304
19211	9	0	269	6	0	284
19212	281	1	9	6	0	297
19213	9	4	2	290	0	305
19214	281	1	2	12	0	296
19215	12	3	2	276	0	293
19216	5	230	0	8	0	243
19217	3	251	1	4	0	259
19218	4	9	1	253	0	267
19219	3	3	243	11	0	260
19220	2	243	10	3	0	258
19221	0	7	5	207	0	219
19222	196	2	3	7	0	208
19223	205	1	1	3	0	210
19224	9	0	0	204	0	213
19225	5	1	0	206	0	212
19226	3	200	2	9	0	214
19227	0	213	2	2	0	217
19228	204	9	1	3	0	217
19229	8	5	1	143	0	157
19230	3	2	1	153	0	159
19231	3	2	140	9	0	154
19232	2	1	5	148	0	156
19233	0	1	3	149	0	153
19234	1	0	2	154	0	157
19235	2	1	140	11	0	154
19236	0	0	7	149	0	156
19237	146	1	4	7	0	158
19238	9	2	136	2	0	149
19239	187	2	6	2	0	197
19240	9	0	1	183	0	193
19241	3	1	1	187	0	192
19242	2	1	1	194	0	198
19243	0	2	181	11	0	194
19244	222	1	6	5	0	234
19245	12	224	3	4	0	243
19246	230	11	4	2	0	247
19247	12	228	3	2	0	245
19248	3	12	1	235	0	251
19249	235	3	0	14	0	252
19250	12	2	227	4	0	245
19251	223	0	13	4	0	240
19252	14	1	231	2	0	248
19253	2	2	8	187	0	199
19254	4	1	176	7	0	188
19255	3	185	8	1	0	197
19256	1	7	0	195	0	203
19257	190	0	2	10	0	202
19258	7	1	1	138	0	147
19259	0	142	0	9	0	151
19260	2	8	0	142	0	152
19261	140	1	0	10	0	151
19262	143	2	2	1	0	148
19263	7	189	0	2	0	198
19264	0	175	1	0	0	176
19265	1	5	0	172	0	178
19266	1	0	0	178	0	179
19267	171	0	1	6	0	178
19268	169	1	1	0	0	171
19269	6	195	1	0	0	202
19270	0	5	0	194	0	199
19271	0	0	1	206	0	207
19272	2	1	188	5	0	196
19273	1	193	6	1	0	201
19274	1	198	1	1	0	201
19275	2	5	1	198	0	206
19276	0	2	194	6	0	202
19277	1	1	192	1	0	195
19278	2	2	5	192	0	201
19279	1	1	1	202	0	205
19280	2	1	198	6	0	207
19281	1	1	6	206	0	214
19282	3	1	196	8	0	208
19283	198	1	7	2	0	208
19284	7	1	0	193	0	201
19285	3	0	191	8	0	202
19286	1	1	186	0	0	188
19287	0	1	5	203	0	209
19288	0	2	253	8	0	263
19289	1	0	275	4	0	280
19290	2	253	14	0	0	269
19291	277	9	6	0	0	292
19292	9	7	273	2	0	291
19293	4	2	10	267	0	283
19294	1	0	5	278	0	284
19295	0	0	1	293	0	294
19296	3	1	269	15	0	288
19297	3	0	11	274	0	288
19298	273	2	4	13	0	292
19299	10	1	4	270	0	285
19300	6	0	260	10	0	276
19301	1	0	11	265	0	277
19302	261	0	6	12	0	279
19303	266	1	4	6	0	277
19304	274	1	1	5	0	281
19305	15	1	4	264	0	284
19306	270	0	4	10	0	284
19307	268	2	0	7	0	277
19308	268	0	2	5	0	275
19309	13	248	7	2	0	270
19310	267	9	2	4	0	282
19311	13	5	1	259	0	278
19312	8	1	246	10	0	265
19313	2	249	10	8	0	269
19314	253	8	6	3	0	270
19315	12	4	4	257	0	277
19316	7	2	0	254	0	263
19317	4	246	4	11	0	265
19318	3	263	2	9	0	277
19319	260	15	2	3	0	280
19320	13	260	2	4	0	279
19321	264	11	2	1	0	278
19322	13	263	0	5	0	281
19323	252	12	2	3	0	269
19324	12	251	1	6	0	270
19325	7	260	2	5	0	274
19326	258	16	1	4	0	279
19327	17	7	235	0	0	259
19328	7	254	7	4	0	272
19329	4	10	7	256	0	277
19330	4	5	1	269	0	279
19331	6	2	0	265	0	273
19332	4	3	1	273	0	281
19333	6	3	246	15	0	270
19334	245	3	9	7	0	264
19335	13	1	6	260	0	280
19336	261	5	3	9	0	278
19337	270	3	1	4	0	278
19338	265	2	2	6	0	275
19339	241	2	2	5	0	250
19340	16	2	219	6	0	243
19341	7	3	13	224	0	247
19342	2	6	258	11	0	277
19343	6	251	14	9	0	280
19344	3	8	3	208	0	222
19345	3	5	2	218	0	228
19346	3	3	1	224	0	231
19347	3	2	0	255	0	260
19348	3	1	243	13	0	260
19349	1	3	11	248	0	263
19350	3	1	6	256	0	266
19351	249	4	3	13	0	269
19352	252	3	1	7	0	263
19353	13	1	1	247	0	262
19354	7	22	1	239	0	269
19355	3	3	0	266	0	272
19356	246	0	3	15	0	264
19357	253	1	4	11	0	269
19358	253	2	1	7	0	263
19359	257	2	0	6	0	265
19360	17	279	4	3	0	303
19361	297	5	1	6	0	309
19362	297	4	2	5	0	308
19363	16	4	0	248	0	268
19364	10	1	3	254	0	268
19365	244	0	0	16	0	260
19366	14	231	1	6	0	252
19367	10	241	1	2	0	254
19368	247	12	1	2	0	262
19369	11	7	2	236	0	256
19370	9	5	0	236	0	250
19371	5	3	0	246	0	254
19372	4	1	2	250	0	257
19373	2	3	1	242	0	248
19374	4	228	0	15	0	247
19375	3	8	1	243	0	255
19376	235	5	2	13	0	255
19377	7	5	2	240	0	254
19378	6	3	0	248	0	257
19379	234	1	1	18	0	254
19380	11	232	2	11	0	256
19381	7	9	0	226	0	242
19382	3	258	0	9	0	270
19383	4	23	1	250	0	278
19384	3	6	244	12	0	265
19385	248	4	7	6	0	265
19386	11	252	5	3	0	271
19387	200	55	2	4	0	261
19388	6	0	186	1	0	193
19389	0	0	2	163	0	165
19390	0	168	0	4	0	172
19391	0	172	1	0	0	173
19392	167	3	0	0	0	170
19393	4	0	1	173	0	178
19394	3	2	164	3	0	172
19395	1	0	3	167	0	171
19396	0	0	168	5	0	173
19397	158	0	3	2	0	163
19398	3	0	164	2	0	169
19399	1	0	4	160	0	165
19400	1	179	0	4	0	184
19401	1	3	0	181	0	185
19402	2	173	0	3	0	178
19403	181	3	1	0	0	185
19404	4	0	0	176	0	180
19405	1	0	178	4	0	183
19406	0	1	170	3	0	174
19407	187	1	4	2	0	194
19408	202	0	0	3	0	205
19409	201	1	0	3	0	205
19410	199	0	0	2	0	201
19411	5	192	1	1	0	199
19412	203	3	1	3	0	210
19413	203	0	0	4	0	207
19414	4	0	191	3	0	198
19415	3	0	3	188	0	194
19416	201	0	0	4	0	205
19417	4	2	196	2	0	204
19418	1	1	3	196	0	201
19419	4	1	226	4	0	235
19420	3	0	2	230	0	235
19421	2	231	0	5	0	238
19422	258	3	0	2	0	263
19423	4	4	241	2	0	251
19424	249	1	3	2	0	255
19425	5	2	0	271	0	278
19426	278	0	0	6	0	284
19427	4	0	1	277	0	282
19428	292	0	0	6	0	298
19429	4	2	267	2	0	275
19430	278	2	3	1	0	284
19431	3	2	1	285	0	291
19432	1	0	0	293	0	294
19433	287	3	0	5	0	295
19434	3	1	0	305	0	309
19435	2	0	294	5	0	301
19436	1	0	3	302	0	306
19437	289	2	2	5	0	298
19438	5	295	0	2	0	302
19439	1	312	1	1	0	315
19440	310	3	0	3	0	316
19441	3	313	1	1	0	318
19442	0	0	0	272	0	272
19443	274	0	1	0	0	275
19444	271	0	0	0	0	271
19445	271	1	0	0	0	272
19446	1	0	264	0	0	265
19447	0	0	0	241	0	241
19448	0	240	0	0	0	240
19449	0	0	0	248	0	248
19450	2	0	244	0	0	246
19451	0	230	0	0	0	230
19452	0	0	0	246	0	246
19453	247	0	0	0	0	247
19454	0	237	0	0	0	237
19455	0	0	289	0	0	289
19456	0	1	0	280	0	281
19457	0	0	304	0	0	304
19458	0	0	0	287	0	287
19459	305	0	0	0	0	305
19460	0	0	1	269	0	270
19461	285	0	0	1	0	286
19462	306	0	0	0	0	306
19463	0	308	0	1	0	309
19464	322	0	0	0	0	322
19465	0	306	0	1	0	307
19466	0	1	299	0	0	300
19467	1	1	0	288	0	290
19468	0	1	0	328	0	329
19469	0	0	314	2	0	316
19470	0	296	2	1	0	299
19471	320	2	0	1	0	323
19472	353	0	1	0	0	354
19473	2	1	0	366	0	369
19474	0	0	0	365	0	365
19475	1	0	0	375	0	376
19476	373	0	0	4	0	377
19477	3	0	357	1	0	361
19478	0	0	359	1	0	360
19479	1	0	3	355	0	359
19480	0	0	367	3	0	370
19481	0	0	356	0	0	356
19482	0	0	2	305	0	307
19483	0	0	335	3	0	338
19484	0	314	3	0	0	317
19485	0	3	0	336	0	339
19486	0	0	337	2	0	339
19487	0	2	2	319	0	323
19488	0	322	1	4	0	327
19489	0	8	1	332	0	341
19490	1	1	334	3	0	339
19491	0	1	3	321	0	325
19492	325	0	0	3	0	328
19493	3	0	323	0	0	326
19494	301	1	2	1	0	305
19495	4	319	0	1	0	324
19496	339	3	1	1	0	344
19497	3	0	0	335	0	338
19498	1	322	1	2	0	326
19499	338	3	0	0	0	341
19500	3	0	1	333	0	337
19501	2	1	330	8	0	341
19502	1	313	4	1	0	319
19503	0	4	2	338	0	344
19504	336	0	1	4	0	341
19505	341	1	1	1	0	344
19506	4	1	0	349	0	354
19507	3	0	328	7	0	338
19508	301	0	5	1	0	307
19509	3	0	334	1	0	338
19510	1	1	5	323	0	330
19511	336	0	1	5	0	342
19512	3	326	2	1	0	332
19513	336	4	0	2	0	342
19514	6	1	325	0	0	332
19515	323	1	5	0	0	329
19516	6	0	1	325	0	332
19517	1	1	1	339	0	342
19518	2	0	332	7	0	341
19519	0	1	4	293	0	298
19520	300	1	1	5	0	307
19521	4	0	1	292	0	297
19522	1	268	0	4	0	273
19523	1	5	0	290	0	296
19524	0	287	0	6	0	293
19525	0	6	269	2	0	277
19526	242	1	5	1	0	249
19527	5	1	0	274	0	280
19528	1	0	266	6	0	273
19529	1	253	4	1	0	259
19530	1	4	1	268	0	274
19531	0	1	2	266	0	269
19532	263	1	0	5	0	269
19533	5	0	0	264	0	269
19534	256	1	0	5	0	262
19535	263	0	0	1	0	264
19536	7	255	0	2	0	264
19537	261	6	0	0	0	267
19538	5	1	0	260	0	266
19539	1	2	234	7	0	244
19540	235	0	7	1	0	243
19541	4	0	1	244	0	249
19542	2	0	244	6	0	252
19543	220	0	5	2	0	227
19544	5	1	1	243	0	250
19545	1	231	2	6	0	240
19546	1	7	0	242	0	250
19547	0	238	0	6	0	244
19548	235	7	0	0	0	242
19549	6	0	258	2	0	266
19550	1	248	11	0	0	260
19551	1	10	2	253	0	266
19552	0	2	245	10	0	257
19553	0	3	248	3	0	254
19554	1	228	10	1	0	240
19555	0	9	2	201	0	212
19556	1	3	0	230	0	234
19557	0	0	0	364	0	364
19558	363	1	0	28	0	392
19559	28	0	405	2	0	435
19560	2	408	31	2	0	443
19561	0	29	5	383	0	417
19562	1	3	1	405	0	410
19563	0	1	382	34	0	417
19564	0	1	32	388	0	421
19565	2	0	377	33	0	412
19566	0	2	398	4	0	404
19567	1	1	386	1	0	389
19568	0	0	33	347	0	380
19569	1	1	4	365	0	371
19570	1	0	2	389	0	392
19571	359	0	2	28	0	389
19572	28	330	1	6	0	365
19573	322	30	0	3	0	355
19574	334	3	1	0	0	338
19575	336	1	1	1	0	339
19576	31	317	0	0	0	348
19577	318	29	0	2	0	349
19578	340	4	0	1	0	345
19579	30	1	2	317	0	350
19580	7	1	0	330	0	338
19581	1	0	2	347	0	350
19582	0	3	304	34	0	341
19583	317	1	29	7	0	354
19584	30	0	3	319	0	352
19585	307	0	3	30	0	340
19586	32	316	2	4	0	354
19587	2	28	2	320	0	352
19588	1	3	2	345	0	351
19589	315	1	2	34	0	352
19590	31	1	1	324	0	357
19591	311	1	0	32	0	344
19592	325	4	0	7	0	336
19593	35	302	1	2	0	340
19594	6	340	0	3	0	349
19595	5	40	2	292	0	339
19596	1	309	5	26	0	341
19597	6	29	0	316	0	351
19598	2	5	309	32	0	348
19599	4	4	325	4	0	337
19600	299	1	30	5	0	335
19601	322	2	3	9	0	336
19602	30	299	6	5	0	340
19603	300	28	1	5	0	334
19604	30	297	6	4	0	337
19605	8	30	4	285	0	327
19606	1	4	3	306	0	314
19607	2	2	2	317	0	323
19608	1	3	3	318	0	325
19609	279	0	2	37	0	318
19610	30	280	2	9	0	321
19611	286	29	1	4	0	320
19612	333	3	1	3	0	340
19613	32	5	290	4	0	331
19614	296	1	26	1	0	324
19615	30	298	5	2	0	335
19616	6	32	1	299	0	338
19617	5	4	0	309	0	318
19618	4	296	1	33	0	334
19619	301	29	5	10	0	345
19620	32	3	298	12	0	345
19621	305	3	31	7	0	346
19622	35	2	329	4	0	370
19623	7	2	36	317	0	362
19624	5	5	5	350	0	365
19625	2	3	2	361	0	368
19626	319	5	4	44	0	372
19627	33	1	306	12	0	352
19628	330	4	27	10	0	371
19629	364	2	7	10	0	383
19630	367	2	6	7	0	382
19631	372	2	5	5	0	384
19632	36	8	3	337	0	384
19633	12	5	321	35	0	373
19634	10	3	24	332	0	369
19635	6	5	352	32	0	395
19636	8	4	363	8	0	383
19637	6	344	27	5	0	382
19638	7	31	5	347	0	390
19639	10	7	2	377	0	396
19640	10	5	2	375	0	392
19641	11	4	0	377	0	392
19642	351	4	2	35	0	392
19643	384	3	2	11	0	400
19644	34	1	4	363	0	402
19645	8	2	381	38	0	429
19646	8	1	22	399	0	430
19647	5	3	3	425	0	436
19648	12	1	387	36	0	436
19649	5	7	21	369	0	402
19650	374	5	1	31	0	411
19651	396	2	1	8	0	407
19652	395	2	2	7	0	406
19653	33	1	2	370	0	406
19654	374	2	2	29	0	407
19655	394	5	4	5	0	408
19656	28	3	332	5	0	368
19657	3	3	198	1	0	205
19658	2	1	206	2	0	211
19659	140	0	2	0	0	142
19660	1	143	1	0	0	145
19661	138	2	15	0	0	155
19662	0	161	0	0	0	161
19663	0	0	0	163	0	163
19664	0	0	0	156	0	156
19665	0	0	0	163	0	163
19666	0	0	158	0	0	158
19667	142	0	0	0	0	142
19668	0	0	0	160	0	160
19669	0	1	159	0	0	160
19670	0	0	143	1	0	144
19671	149	0	0	0	0	149
19672	0	149	0	0	0	149
19673	175	0	0	1	0	176
19674	179	0	0	0	0	179
19675	0	168	0	0	0	168
19676	179	0	0	0	0	179
19677	0	0	170	2	0	172
19678	0	0	170	0	0	170
19679	0	0	172	0	0	172
19680	0	0	0	172	0	172
19681	0	0	172	0	0	172
19682	162	0	0	0	0	162
19683	167	0	0	0	0	167
19684	0	0	175	0	0	175
19685	0	0	0	173	0	173
19686	176	0	0	0	0	176
19687	0	215	0	0	0	215
19688	0	241	0	0	0	241
19689	280	0	0	0	0	280
19690	0	0	315	0	0	315
19691	0	0	0	313	0	313
19692	0	0	0	324	0	324
19693	0	0	0	326	0	326
19694	0	315	0	1	0	316
19695	0	0	0	322	0	322
19696	325	0	0	0	0	325
19697	0	0	0	341	0	341
19698	0	357	0	3	0	360
19699	423	5	0	2	0	430
19700	5	1	0	421	0	427
19701	2	2	0	426	0	430
19702	428	1	0	6	0	435
19703	438	0	0	3	0	441
19704	9	1	0	453	0	463
19705	452	0	0	8	0	460
19706	457	0	0	2	0	459
19707	9	474	0	1	0	484
19708	494	7	0	1	0	502
19709	8	484	0	0	0	492
19710	4	6	0	490	0	500
19711	0	5	482	7	0	494
19712	1	0	7	458	0	466
19713	0	1	4	477	0	482
19714	1	0	0	488	0	489
19715	473	0	1	11	0	485
19716	7	472	1	5	0	485
19717	482	7	0	1	0	490
19718	7	498	0	1	0	506
19719	518	6	0	1	0	525
19720	512	4	1	1	0	518
19721	513	0	0	1	0	514
19722	498	1	0	1	0	500
19723	12	0	471	1	0	484
19724	7	0	7	468	0	482
19725	1	1	4	491	0	497
19726	2	0	506	11	0	519
19727	499	1	10	4	0	514
19728	11	0	4	498	0	513
19729	7	0	485	10	0	502
19730	1	1	486	4	0	492
19731	4	0	13	488	0	505
19732	0	1	584	11	0	596
19733	0	0	10	590	0	600
19734	0	0	6	601	0	607
19735	0	0	558	14	0	572
19736	506	1	8	5	0	520
19737	10	0	4	569	0	583
19738	5	0	561	11	0	577
19739	0	1	11	559	0	571
19740	575	0	4	10	0	589
19741	10	1	559	5	0	575
19742	529	0	10	2	0	541
19743	575	0	4	2	0	581
19744	16	0	1	563	0	580
19745	6	1	1	531	0	539
19746	2	1	528	14	0	545
19747	1	1	10	531	0	543
19748	0	0	4	511	0	515
19749	1	1	2	535	0	539
19750	1	0	517	14	0	532
19751	502	0	9	7	0	518
19752	531	0	5	3	0	539
19753	554	0	2	2	0	558
19754	552	1	1	3	0	557
19755	15	0	2	543	0	560
19756	550	1	0	12	0	563
19757	588	0	0	6	0	594
19758	578	4	1	1	0	584
19759	589	0	1	1	0	591
19760	18	552	1	1	0	572
19761	588	7	2	0	0	597
19762	567	4	0	2	0	573
19763	15	548	0	2	0	565
19764	562	9	2	1	0	574
19765	12	4	1	547	0	564
19766	5	0	0	561	0	566
19767	571	1	1	15	0	588
19768	12	564	0	6	0	582
19769	5	567	2	3	0	577
19770	1	14	1	572	0	588
19771	2	2	559	12	0	575
19772	0	4	9	550	0	563
19773	1	1	5	553	0	560
19774	546	0	1	16	0	563
19775	548	0	0	7	0	555
19776	16	0	1	547	0	564
19777	5	1	542	12	0	560
19778	3	1	10	549	0	563
19779	556	0	5	12	0	573
19780	13	1	627	5	0	646
19781	5	622	16	4	0	647
19782	634	17	4	3	0	658
19783	15	6	2	627	0	650
19784	8	2	3	645	0	658
19785	4	2	0	659	0	665
19786	2	1	633	24	0	660
19787	510	0	16	12	0	538
19788	17	2	559	5	0	583
19789	5	521	19	4	0	549
19790	4	17	5	498	0	524
19791	4	6	1	519	0	530
19792	1	2	3	578	0	584
19793	1	2	505	47	0	555
19794	2	2	543	11	0	558
19795	3	0	553	6	0	562
19796	2	532	28	9	0	571
19797	2	17	8	535	0	562
19798	506	4	3	15	0	528
19799	502	3	1	6	0	512
19800	23	3	478	4	0	508
19801	8	503	17	4	0	532
19802	7	22	500	1	0	530
19803	3	503	19	0	0	525
19804	502	21	7	0	0	530
19805	507	6	3	0	0	516
19806	24	499	1	1	0	525
19807	465	19	0	1	0	485
19808	24	2	1	451	0	478
19809	4	4	1	476	0	485
19810	462	2	1	20	0	485
19811	468	1	0	6	0	475
19812	459	0	0	8	0	467
19813	23	466	1	2	0	492
19814	7	516	1	0	0	524
19815	512	18	2	0	0	532
19816	21	8	491	1	0	521
19817	3	6	16	511	0	536
19818	478	3	3	19	0	503
19819	20	448	4	3	0	475
19820	3	477	4	6	0	490
19821	478	24	1	2	0	505
19822	22	5	468	0	0	495
19823	469	6	20	1	0	496
19824	26	4	531	1	0	562
19825	5	2	557	0	0	564
19826	5	4	17	513	0	539
19827	6	1	514	16	0	537
19828	512	4	22	3	0	541
19829	590	2	3	5	0	600
19830	594	0	4	2	0	600
19831	587	3	1	0	0	591
19832	27	0	0	473	0	500
19833	486	1	0	21	0	508
19834	22	464	1	6	0	493
19835	9	18	0	544	0	571
19836	7	579	2	15	0	603
19837	617	20	1	1	0	639
19838	620	6	0	4	0	630
19839	19	8	1	616	0	644
19840	620	2	1	17	0	640
19841	629	0	3	3	0	635
19842	20	0	3	606	0	629
19843	11	0	1	613	0	625
19844	7	3	1	630	0	641
19845	3	3	652	22	0	680
19846	5	1	645	9	0	660
19847	1	0	670	7	0	678
19848	5	1	25	642	0	673
19849	1	2	672	21	0	696
19850	1	0	26	646	0	673
19851	2	3	670	29	0	704
19852	2	0	704	5	0	711
19853	676	1	25	4	0	706
19854	24	670	9	3	0	706
19855	777	23	6	0	0	806
19856	26	4	3	767	0	800
19857	6	5	0	764	0	775
19858	9	3	813	25	0	850
19859	3	796	19	14	0	832
19860	3	20	4	833	0	860
19861	3	5	873	21	0	902
19862	4	865	23	4	0	896
19863	5	23	2	902	0	932
19864	895	3	7	25	0	930
19865	905	5	4	5	0	919
19866	28	2	4	886	0	920
19867	879	1	4	27	0	911
19868	29	848	2	8	0	887
19869	6	23	2	889	0	920
19870	6	3	890	25	0	924
19871	6	4	24	884	0	918
19872	1	4	900	27	0	932
19873	839	2	26	7	0	874
19874	18	4	9	889	0	920
19875	5	864	7	29	0	905
19876	6	20	7	912	0	945
19877	7	3	973	25	0	1008
19878	6	4	972	5	0	987
19879	4	8	966	5	0	983
19880	877	1	14	3	0	895
19881	15	865	10	38	0	928
19882	5	15	4	934	0	958
19883	936	2	7	16	0	961
19884	17	896	2	5	0	920
19885	986	14	3	7	0	1010
19886	984	3	3	7	0	997
19887	955	5	1	0	0	961
19888	977	4	2	3	0	986
19889	23	0	941	4	0	968
19890	924	5	16	1	0	946
19891	17	1	957	9	0	984
19892	786	0	16	2	0	804
19893	11	2	4	910	0	927
19894	4	1	906	13	0	924
19895	5	855	14	2	0	876
19896	2	8	3	892	0	905
19897	1	883	6	11	0	901
19898	4	935	2	5	0	946
19899	957	7	2	2	0	968
19900	8	2	964	3	0	977
19901	2	911	4	1	0	918
19902	984	4	0	3	0	991
19903	7	939	2	1	0	949
19904	978	7	1	1	0	987
19905	7	1	0	957	0	965
19906	981	2	3	3	0	989
19907	7	0	0	966	0	973
19908	978	0	1	6	0	985
19909	6	0	3	967	0	976
19910	3	984	0	6	0	993
19911	0	5	3	1073	0	1081
19912	1076	1	0	6	0	1083
19913	4	1010	2	1	0	1017
19914	2	4	3	1031	0	1040
19915	1028	1	5	5	0	1039
19916	3	1	4	1014	0	1022
19917	2	2	1	1001	0	1006
19918	2	3	1000	7	0	1012
19919	4	1	949	2	0	956
19920	0	4	7	1001	0	1012
19921	2	1	1039	6	0	1048
19922	3	1	5	1019	0	1028
19923	2	6	3	947	0	958
19924	4	0	1	975	0	980
19925	3	2	1001	7	0	1013
19926	3	3	4	953	0	963
19927	1	1	1	996	0	999
19928	5	989	0	6	0	1000
19929	1	6	1	994	0	1002
19930	995	1	2	6	0	1004
19931	6	2	0	999	0	1007
19932	2	2	1092	8	0	1104
19933	967	1	14	2	0	984
19934	13	1227	4	2	0	1246
19935	5	15	1	1221	0	1242
19936	2	2	1160	19	0	1183
19937	1085	3	13	5	0	1106
19938	17	1188	5	5	0	1215
19939	1248	17	4	3	0	1272
19940	17	4	1	1247	0	1269
19941	1236	1	4	19	0	1260
19942	19	1	1212	5	0	1237
19943	2	1159	19	2	0	1182
19944	4	1357	1	7	0	1369
19945	1347	12	1	0	0	1360
19946	1360	4	0	0	0	1364
19947	15	1	1339	1	0	1356
19948	1286	0	12	1	0	1299
19949	1362	1	1	2	0	1366
19950	1383	0	2	0	0	1385
19951	16	1386	0	1	0	1403
19952	3	1432	0	4	0	1439
19953	1468	14	0	1	0	1483
19954	1457	2	1	1	0	1461
19955	14	1346	1	2	0	1363
19956	3	14	0	1399	0	1416
19957	2	2	1365	13	0	1382
19958	1259	1	11	3	0	1274
19959	1275	2	3	2	0	1282
19960	1365	1	1	1	0	1368
19961	15	1259	1	0	0	1275
19962	4	13	1340	1	0	1358
19963	1380	1	14	2	0	1397
19964	15	1	2	1462	0	1480
19965	2	1	2	1436	0	1441
19966	2	1	1	1494	0	1498
19967	1	1	1459	16	0	1477
19968	3	1	13	1427	0	1444
19969	4	2	1440	15	0	1461
19970	0	1365	17	4	0	1386
19971	1421	14	2	2	0	1439
19972	15	1413	1	1	0	1430
19973	4	1416	2	2	0	1424
19974	1509	15	0	1	0	1525
19975	14	1480	0	1	0	1495
19976	5	17	1	1495	0	1518
19977	3	1373	0	14	0	1390
19978	1382	16	2	1	0	1401
19979	15	1345	1	2	0	1363
19980	4	16	3	1483	0	1506
19981	4	5	1428	20	0	1457
19982	3	5	14	1430	0	1452
19983	3	1405	3	22	0	1433
19984	2	18	4	1454	0	1478
19985	5	3	3	1434	0	1445
19986	3	4	1	1398	0	1406
19987	4	2	2	1437	0	1445
19988	2	3	4	1427	0	1436
19989	4	1	2	1440	0	1447
19990	5	5	1364	20	0	1394
19991	1273	5	20	5	0	1303
19992	19	5	4	1598	0	1626
19993	10	3	1591	25	0	1629
19994	18	6	1584	7	0	1615
19995	3	8	31	1635	0	1677
19996	1681	6	10	32	0	1729
19997	31	10	1621	11	0	1673
19998	1586	6	28	12	0	1632
19999	38	3	1544	11	0	1596
20000	15	6	36	1513	0	1570
20001	14	5	17	1593	0	1629
20002	21	3	1516	37	0	1577
20003	1510	8	32	12	0	1562
20004	35	9	15	1633	0	1692
20005	15	5	1633	37	0	1690
20006	16	9	1640	9	0	1674
20007	15	5	35	1554	0	1609
20008	10	1620	15	38	0	1683
20009	1706	36	9	11	0	1762
20010	1651	6	10	11	0	1678
20011	45	8	1600	7	0	1660
20012	14	9	37	1539	0	1599
20013	1604	13	11	36	0	1664
20014	47	8	1563	11	0	1629
20015	1533	5	37	8	0	1583
20016	46	1487	16	69	0	1618
20017	17	30	14	1625	0	1686
20018	18	7	7	1691	0	1723
20019	1708	8	7	46	0	1769
20020	48	8	11	1661	0	1728
20021	14	11	11	1707	0	1743
20022	18	10	7	1730	0	1765
20023	1689	13	9	55	0	1766
20024	48	9	1619	25	0	1701
20025	1616	7	41	23	0	1687
20026	1635	4	13	17	0	1669
20027	1664	7	10	16	0	1697
20028	51	1	6	1595	0	1653
20029	20	1	1573	45	0	1639
20030	20	1477	44	13	0	1554
20031	11	1621	17	11	0	1660
20032	11	1669	9	10	0	1699
20033	9	47	1682	12	0	1750
20034	10	10	58	1938	0	2016
20035	2025	9	9	58	0	2101
20036	2123	7	7	34	0	2171
20037	69	7	6	2210	0	2292
20038	33	7	2127	71	0	2238
20039	14	5	2128	34	0	2181
20040	13	5	81	2162	0	2261
20041	15	3	2120	68	0	2206
20042	14	4	70	2162	0	2250
20043	12	3	32	2103	0	2150
20044	7	1991	27	95	0	2120
20045	16	61	17	2081	0	2175
20046	6	26	15	2180	0	2227
20047	2076	11	18	99	0	2204
20048	67	10	18	2098	0	2193
20049	29	32	11	2125	0	2197
20050	2036	5	14	110	0	2165
20051	75	1949	10	53	0	2087
20052	1975	67	3	43	0	2088
20053	88	28	1902	26	0	2044
20054	1938	13	76	31	0	2058
20055	2017	5	31	33	0	2086
20056	102	8	1919	19	0	2048
20057	48	8	1922	27	0	2005
20058	28	11	96	1871	0	2006
20059	1921	10	48	76	0	2055
20060	83	12	1853	42	0	1990
20061	47	6	87	1873	0	2013
20062	36	4	1785	87	0	1912
20063	26	7	91	1769	0	1893
20064	20	5	42	1820	0	1887
20065	1766	4	35	117	0	1922
20066	1796	9	25	56	0	1886
20067	1850	10	17	42	0	1919
20068	112	6	1759	41	0	1918
20069	52	4	1839	34	0	1929
20070	36	5	101	1716	0	1858
20071	32	9	50	1812	0	1903
20072	27	8	33	1892	0	1960
20073	1768	5	24	126	0	1923
20074	99	1739	27	58	0	1923
20075	1759	64	28	35	0	1886
20076	1752	28	21	32	0	1833
20077	103	1712	31	29	0	1875
20078	49	1810	22	37	0	1918
20079	1719	91	25	40	0	1875
20080	87	38	15	1607	0	1747
20081	56	1617	13	110	0	1796
20082	57	76	15	1692	0	1840
20083	42	38	1634	100	0	1814
20084	34	25	79	1697	0	1835
20085	1681	15	45	106	0	1847
20086	92	17	1652	72	0	1833
20087	50	17	1661	48	0	1776
20088	40	16	109	1540	0	1705
20089	29	1556	61	98	0	1744
20090	25	1660	42	58	0	1785
20091	35	1702	22	64	0	1823
20092	1476	81	22	49	0	1628
20093	1517	45	13	52	0	1627
20094	1429	22	16	43	0	1510
20095	97	1386	22	47	0	1552
20096	1436	63	22	46	0	1567
20097	1445	38	22	45	0	1550
20098	110	29	1375	36	0	1550
20099	57	1405	78	36	0	1576
20100	55	76	40	1446	0	1617
20101	1468	36	34	80	0	1618
20102	92	21	1418	54	0	1585
20103	60	12	76	1310	0	1458
20104	32	1325	50	76	0	1483
20105	33	61	32	1332	0	1458
20106	41	25	32	1342	0	1440
20107	1304	19	29	112	0	1464
20108	1348	21	29	65	0	1463
20109	88	19	20	1330	0	1457
20110	60	14	1279	90	0	1443
20111	47	26	1293	54	0	1420
20112	1294	18	79	45	0	1436
20113	101	18	1280	28	0	1427
20114	73	12	71	1174	0	1330
20115	55	1217	46	62	0	1380
20116	1241	57	39	42	0	1379
20117	78	1216	35	37	0	1366
20118	1253	58	35	41	0	1387
20119	78	26	33	1239	0	1376
20120	50	22	30	1279	0	1381
20121	1232	14	24	89	0	1359
20122	1261	23	29	50	0	1363
20123	95	24	20	1228	0	1367
20124	67	31	14	1245	0	1357
20125	45	34	1172	80	0	1331
20126	41	28	1192	53	0	1314
20127	1212	25	71	29	0	1337
20128	78	15	1144	45	0	1282
20129	1202	20	65	43	0	1330
20130	1243	18	40	46	0	1347
20131	100	13	1086	38	0	1237
20132	56	979	58	40	0	1133
20133	40	986	44	46	0	1116
20134	25	31	596	14	0	666
20135	22	113	28	447	0	610
20136	399	5	64	19	0	487
20137	388	4	5	5	0	402
20138	435	5	3	6	0	449
20139	610	5	0	6	0	621
20140	605	5	2	4	0	616
20141	33	663	3	3	0	702
20142	636	39	1	6	0	682
20143	39	650	4	4	0	697
20144	669	35	4	3	0	711
20145	41	10	641	2	0	694
20146	12	4	36	570	0	622
20147	3	3	7	549	0	562
20148	4	574	1	35	0	614
20149	580	34	2	6	0	622
20150	619	7	0	2	0	628
20151	38	5	1	573	0	617
20152	12	2	0	618	0	632
20153	576	3	11	41	0	631
20154	31	2	4	594	0	631
20155	9	1	2	625	0	637
20156	592	2	1	43	0	638
20157	34	0	1	605	0	640
20158	601	2	0	37	0	640
20159	630	1	0	11	0	642
20160	43	2	578	4	0	627
20161	597	1	29	2	0	629
20162	610	1	6	3	0	620
20163	622	1	1	5	0	629
20164	44	0	562	3	0	609
20165	11	0	33	536	0	580
20166	4	0	8	597	0	609
20167	5	1	555	44	0	605
20168	522	1	33	9	0	565
20169	38	0	5	531	0	574
20170	11	0	515	35	0	561
20171	6	0	536	10	0	552
20172	6	0	37	528	0	571
20173	3	3	520	37	0	563
20174	3	2	32	507	0	544
20175	2	1	12	535	0	550
20176	5	0	491	45	0	541
20177	5	1	33	455	0	494
20178	6	473	8	34	0	521
20179	6	575	4	8	0	593
20180	533	39	6	5	0	583
20181	540	7	5	4	0	556
20182	44	530	4	4	0	582
20183	541	34	5	5	0	585
20184	560	8	5	6	0	579
20185	48	3	2	528	0	581
20186	10	6	5	575	0	596
20187	525	4	3	46	0	578
20188	40	495	1	14	0	550
20189	14	533	3	6	0	556
20190	14	42	4	517	0	577
20191	16	10	504	41	0	571
20192	506	6	35	18	0	565
20193	550	4	8	13	0	575
20194	520	9	0	8	0	537
20195	57	505	2	8	0	572
20196	23	39	3	489	0	554
20197	21	11	2	552	0	586
20198	484	11	5	51	0	551
20199	52	489	5	16	0	562
20200	31	40	2	484	0	557
20201	22	17	7	512	0	558
20202	29	6	9	526	0	570
20203	485	11	7	56	0	559
20204	63	491	1	19	0	574
20205	27	47	7	441	0	522
20206	24	496	7	43	0	570
20207	501	40	3	25	0	569
20208	50	21	471	21	0	563
20209	494	11	37	20	0	562
20210	47	9	465	23	0	544
20211	31	8	34	484	0	557
20212	475	6	16	61	0	558
20213	57	6	484	28	0	575
20214	519	5	36	21	0	581
20215	545	3	17	23	0	588
20216	541	7	9	27	0	584
20217	54	5	11	508	0	578
20218	34	3	12	537	0	586
20219	27	5	8	554	0	594
20220	488	4	8	69	0	569
20221	59	503	17	22	0	601
20222	540	33	14	28	0	615
20223	579	13	10	20	0	622
20224	72	6	509	12	0	599
20225	541	4	50	16	0	611
20226	568	4	15	17	0	604
20227	60	8	11	531	0	610
20228	28	3	19	554	0	604
20229	17	6	23	574	0	620
20230	526	6	13	63	0	608
20231	550	4	14	36	0	604
20232	503	5	20	18	0	546
20233	52	477	13	17	0	559
20234	18	459	11	22	0	510
20235	10	454	12	14	0	490
20236	431	38	16	13	0	498
20237	37	11	421	23	0	492
20238	14	5	402	20	0	441
20239	193	2	14	10	0	219
20240	17	4	224	9	0	254
20241	0	0	0	134	0	134
20242	0	132	0	1	0	133
20243	146	1	0	0	0	147
20244	144	0	0	0	0	144
20245	143	0	0	0	0	143
20246	1	0	0	143	0	144
20247	0	0	142	1	0	143
20248	0	1	136	0	0	137
20249	136	0	1	0	0	137
20250	144	0	0	0	0	144
20251	142	0	0	0	0	142
20252	1	0	0	143	0	144
20253	0	0	0	144	0	144
20254	0	0	142	1	0	143
20255	138	0	1	0	0	139
20256	1	0	0	149	0	150
20257	0	0	0	147	0	147
20258	0	0	0	148	0	148
20259	0	145	0	1	0	146
20260	0	1	0	145	0	146
20261	0	0	0	147	0	147
20262	146	0	0	1	0	147
20263	1	0	143	0	0	144
20264	134	0	1	0	0	135
20265	145	0	0	0	0	145
20266	1	0	0	145	0	146
20267	0	0	0	170	0	170
20268	168	0	0	1	0	169
20269	1	0	166	0	0	167
20270	0	155	1	0	0	156
20271	0	1	0	171	0	172
20272	170	0	0	1	0	171
20273	0	0	0	167	0	167
20274	0	1	164	1	0	166
20275	0	0	171	0	0	171
20276	179	0	1	0	0	180
20277	1	0	0	207	0	208
20278	0	0	207	1	0	208
20279	179	0	0	0	0	179
20280	189	0	0	0	0	189
20281	0	0	0	183	0	183
20282	0	0	0	187	0	187
20283	0	181	0	0	0	181
20284	190	0	0	0	0	190
20285	0	0	0	187	0	187
20286	0	0	0	188	0	188
20287	0	0	184	0	0	184
20288	168	0	1	0	0	169
20289	188	0	0	0	0	188
20290	0	182	0	1	0	183
20291	0	0	183	0	0	183
20292	0	0	214	0	0	214
20293	0	0	0	216	0	216
20294	230	0	0	0	0	230
20295	0	0	0	226	0	226
20296	232	0	0	0	0	232
20297	245	0	0	0	0	245
20298	241	0	0	0	0	241
20299	0	0	0	236	0	236
20300	0	0	0	238	0	238
20301	241	0	0	0	0	241
20302	0	0	241	0	0	241
20303	211	0	1	1	0	213
20304	221	0	1	1	0	223
20305	0	0	242	0	0	242
20306	0	0	234	0	0	234
20307	0	219	2	0	0	221
20308	0	0	0	241	0	241
20309	174	0	2	0	0	176
20310	0	0	0	239	0	239
20311	0	0	239	0	0	239
20312	1	215	0	0	0	216
20313	0	194	1	0	0	195
20314	0	0	0	208	0	208
20315	0	0	0	207	0	207
20316	0	189	0	0	0	189
20317	0	0	199	0	0	199
20318	184	0	0	1	0	185
20319	204	0	0	0	0	204
20320	0	194	0	0	0	194
20321	197	0	0	0	0	197
20322	0	0	0	188	0	188
20323	191	0	0	0	0	191
20324	0	0	0	191	0	191
20325	0	181	0	0	0	181
20326	0	0	184	0	0	184
20327	0	0	0	185	0	185
20328	0	1	0	174	0	175
20329	0	0	0	190	0	190
20330	219	0	0	0	0	219
20331	0	0	0	215	0	215
20332	1	0	211	0	0	212
20333	0	0	192	0	0	192
20334	180	0	1	0	0	181
20335	0	0	183	0	0	183
20336	180	0	0	0	0	180
20337	1	0	1	225	0	227
20338	1	0	0	223	0	224
20339	1	0	0	265	0	266
20340	0	0	0	249	0	249
20341	257	0	0	17	0	274
20342	15	0	248	3	0	266
20343	3	0	13	251	0	267
20344	0	257	2	14	0	273
20345	262	15	0	2	0	279
20346	14	3	0	268	0	285
20347	269	0	0	16	0	285
20348	14	0	257	4	0	275
20349	3	0	16	242	0	261
20350	0	249	4	15	0	268
20351	265	15	0	2	0	282
20352	16	3	264	0	0	283
20353	4	0	17	252	0	273
20354	1	0	3	275	0	279
20355	287	1	1	20	0	309
20356	19	1	275	4	0	299
20357	4	1	301	1	0	307
20358	2	0	19	281	0	302
20359	1	0	292	16	0	309
20360	1	0	295	5	0	301
20361	1	1	17	272	0	291
20362	2	1	4	279	0	286
20363	1	0	4	319	0	324
20364	308	1	3	20	0	332
20365	15	301	1	5	0	322
20366	311	16	2	1	0	330
20367	19	3	2	270	0	294
20368	4	287	2	18	0	311
20369	0	16	2	297	0	315
20370	302	4	1	20	0	327
20371	18	321	2	4	0	345
20372	4	18	2	336	0	360
20373	2	3	329	22	0	356
20374	334	2	14	9	0	359
20375	14	1	2	339	0	356
20376	8	2	2	350	0	362
20377	6	1	311	23	0	341
20378	2	2	322	8	0	334
20379	294	2	22	6	0	324
20380	16	301	7	4	0	328
20381	10	17	2	301	0	330
20382	307	6	3	19	0	335
20383	19	2	316	9	0	346
20384	3	317	19	9	0	348
20385	6	17	7	323	0	353
20386	317	5	6	18	0	346
20387	331	2	2	5	0	340
20388	327	2	3	7	0	339
20389	22	314	3	5	0	344
20390	8	17	313	5	0	343
20391	4	6	18	319	0	347
20392	1	3	6	298	0	308
20393	5	1	3	307	0	316
20394	3	2	5	301	0	311
20395	284	2	5	25	0	316
20396	295	3	2	11	0	311
20397	22	1	265	9	0	297
20398	9	1	280	9	0	299
20399	267	1	21	5	0	294
20400	282	2	9	4	0	297
20401	22	4	3	252	0	281
20402	8	271	2	21	0	302
20403	262	18	3	7	0	290
20404	21	262	6	5	0	294
20405	8	272	2	6	0	288
20406	3	20	1	271	0	295
20407	6	5	3	286	0	300
20408	6	2	4	291	0	303
20409	3	3	5	289	0	300
20410	6	2	263	25	0	296
20411	265	2	19	11	0	297
20412	287	1	8	4	0	300
20413	21	2	3	260	0	286
20414	7	2	3	282	0	294
20415	270	5	1	25	0	301
20416	20	1	255	11	0	287
20417	271	1	17	3	0	292
20418	288	2	6	2	0	298
20419	23	1	256	5	0	285
20420	276	2	16	5	0	299
20421	20	1	10	268	0	299
20422	6	1	3	286	0	296
20423	6	2	0	288	0	296
20424	4	4	1	292	0	301
20425	267	0	2	27	0	296
20426	24	3	1	275	0	303
20427	5	1	4	266	0	276
20428	3	234	3	23	0	263
20429	2	266	3	9	0	280
20430	4	17	1	224	0	246
20431	218	4	2	20	0	244
20432	21	2	3	223	0	249
20433	7	2	214	23	0	246
20434	5	1	218	6	0	230
20435	208	1	19	5	0	233
20436	18	213	7	3	0	241
20437	179	13	1	1	0	194
20438	14	3	178	4	0	199
20439	4	1	2	165	0	172
20440	161	1	2	2	0	166
20441	3	164	4	1	0	172
20442	168	3	2	1	0	174
20443	5	1	203	1	0	210
20444	3	1	1	198	0	203
20445	2	0	0	204	0	206
20446	201	1	2	4	0	208
20447	198	1	1	3	0	203
20448	224	1	1	3	0	229
20449	226	2	0	2	0	230
20450	226	1	0	4	0	231
20451	4	233	0	4	0	241
20452	2	2	1	253	0	258
20453	254	3	0	2	0	259
20454	2	1	1	253	0	257
20455	4	0	2	229	0	235
20456	2	0	2	230	0	234
20457	2	228	1	4	0	235
20458	233	2	1	2	0	238
20459	4	0	0	232	0	236
20460	232	3	2	1	0	238
20461	229	0	0	2	0	231
20462	4	225	2	1	0	232
20463	206	2	1	1	0	210
20464	5	1	199	1	0	206
20465	188	2	2	2	0	194
20466	2	0	11	192	0	205
20467	1	0	198	3	0	202
20468	1	188	2	5	0	196
20469	4	1	197	2	0	204
20470	3	172	2	1	0	178
20471	171	0	1	0	0	172
20472	167	1	0	0	0	168
20473	166	0	0	0	0	166
20474	0	145	0	1	0	146
20475	150	0	0	0	0	150
20476	0	0	142	0	0	142
20477	0	0	143	0	0	143
20478	0	0	0	133	0	133
20479	0	0	0	147	0	147
20480	0	142	0	0	0	142
20481	155	0	0	0	0	155
20482	0	0	0	156	0	156
20483	0	143	0	0	0	143
20484	0	0	0	148	0	148
20485	147	0	0	0	0	147
20486	142	0	0	0	0	142
20487	0	1	142	0	0	143
20488	0	0	0	143	0	143
20489	1	0	142	0	0	143
20490	0	1	0	141	0	142
20491	0	0	145	0	0	145
20492	0	0	0	140	0	140
20493	0	0	143	0	0	143
20494	0	0	0	142	0	142
20495	0	1	144	0	0	145
20496	1	0	0	207	0	208
20497	0	0	0	206	0	206
20498	0	206	0	1	0	207
20499	0	0	0	226	0	226
20500	0	0	250	0	0	250
20501	0	0	0	248	0	248
20502	0	0	0	254	0	254
20503	258	0	0	1	0	259
20504	0	0	0	254	0	254
20505	0	0	0	260	0	260
20506	0	0	251	0	0	251
20507	246	0	0	0	0	246
20508	1	0	0	257	0	258
20509	0	0	0	259	0	259
20510	0	1	0	259	0	260
20511	258	0	0	1	0	259
20512	1	0	0	257	0	258
20513	1	0	0	259	0	260
20514	272	0	1	0	0	273
20515	0	270	0	1	0	271
20516	0	0	1	275	0	276
20517	0	0	0	277	0	277
20518	0	0	266	0	0	266
20519	181	3	1	3	0	188
20520	1	0	1	272	0	274
20521	2	0	269	1	0	272
20522	257	0	1	1	0	259
20523	0	0	0	272	0	272
20524	0	0	0	266	0	266
20525	0	1	0	271	0	272
20526	0	0	0	274	0	274
20527	0	0	271	0	0	271
20528	0	0	0	260	0	260
20529	0	0	0	329	0	329
20530	1	0	334	2	0	337
20531	325	0	3	4	0	332
20532	362	0	4	1	0	367
20533	419	0	0	0	0	419
20534	13	0	1	412	0	426
20535	416	0	0	10	0	426
20536	422	0	0	5	0	427
20537	14	0	1	413	0	428
20538	432	0	0	10	0	442
20539	420	0	0	5	0	425
20540	420	0	1	1	0	422
20541	425	0	0	1	0	426
20542	11	1	0	404	0	416
20543	5	363	0	8	0	376
20544	1	363	0	6	0	370
20545	1	372	1	0	0	374
20546	372	12	0	1	0	385
20547	369	5	1	1	0	376
20548	12	2	363	0	0	377
20549	373	1	8	0	0	382
20550	8	0	5	360	0	373
20551	5	0	0	356	0	361
20552	0	0	1	378	0	379
20553	364	0	0	15	0	379
20554	9	0	2	360	0	371
20555	5	350	0	10	0	365
20556	1	8	0	372	0	381
20557	3	5	427	9	0	444
20558	3	0	8	430	0	441
20559	445	1	3	10	0	459
20560	10	2	428	6	0	446
20561	5	1	10	425	0	441
20562	1	1	3	438	0	443
20563	3	1	0	449	0	453
20564	1	442	2	11	0	456
20565	2	12	0	461	0	475
20566	448	5	1	12	0	466
20567	461	1	0	5	0	467
20568	15	3	442	1	0	461
20569	5	1	450	4	0	460
20570	1	1	13	442	0	457
20571	3	1	5	443	0	452
20572	1	1	456	15	0	473
20573	1	1	11	441	0	454
20574	1	451	4	9	0	465
20575	473	9	1	4	0	487
20576	482	4	2	4	0	492
20577	483	1	1	3	0	488
20578	18	1	458	3	0	480
20579	7	8	11	447	0	473
20580	6	0	453	12	0	471
20581	430	0	10	10	0	450
20582	13	445	7	1	0	466
20583	6	12	1	456	0	475
20584	452	4	1	16	0	473
20585	16	1	1	454	0	472
20586	8	2	1	457	0	468
20587	4	0	447	18	0	469
20588	397	0	12	7	0	416
20589	16	430	5	7	0	458
20590	9	13	4	458	0	484
20591	460	6	2	17	0	485
20592	14	4	0	457	0	475
20593	464	1	1	13	0	479
20594	18	429	3	10	0	460
20595	458	12	3	3	0	476
20596	20	4	447	2	0	473
20597	457	1	10	7	0	475
20598	457	3	4	5	0	469
20599	459	1	2	6	0	468
20600	23	3	2	404	0	432
20601	10	3	2	410	0	425
20602	7	6	1	414	0	428
20603	6	401	1	21	0	429
20604	417	13	3	7	0	440
20605	13	6	4	415	0	438
20606	14	1	0	423	0	438
20607	4	3	0	432	0	439
20608	412	1	2	21	0	436
20609	16	0	1	417	0	434
20610	9	1	400	18	0	428
20611	1	474	11	14	0	500
20612	3	18	5	520	0	546
20613	6	6	1	529	0	542
20614	6	0	5	516	0	527
20615	2	3	484	20	0	509
20616	6	2	488	7	0	503
20617	2	0	19	489	0	510
20618	1	0	513	21	0	535
20619	3	1	13	511	0	528
20620	513	0	5	19	0	537
20621	559	6	0	8	0	573
20622	568	0	1	7	0	576
20623	22	1	541	6	0	570
20624	541	3	13	3	0	560
20625	13	2	7	551	0	573
20626	9	0	551	17	0	577
20627	2	0	545	10	0	557
20628	6	527	16	6	0	555
20629	1	496	1	1	0	499
20630	475	9	1	5	0	490
20631	8	1	1	468	0	478
20632	0	1	477	11	0	489
20633	0	0	2	419	0	421
20634	430	0	0	3	0	433
20635	3	1	445	1	0	450
20636	422	0	5	0	0	427
20637	457	0	1	0	0	458
20638	435	0	0	1	0	436
20639	3	419	2	0	0	424
20640	461	3	0	1	0	465
20641	4	0	0	446	0	450
20642	0	0	0	445	0	445
20643	1	0	0	454	0	455
20644	0	0	1	454	0	455
20645	456	0	0	3	0	459
20646	3	447	0	2	0	452
20647	0	438	1	0	0	439
20648	0	424	1	0	0	425
20649	430	4	0	0	0	434
20650	429	0	0	0	0	429
20651	432	0	0	0	0	432
20652	409	0	0	1	0	410
20653	4	0	1	405	0	410
20654	0	0	0	411	0	411
20655	417	0	0	3	0	420
20656	3	403	2	1	0	409
20657	341	3	0	0	0	344
20658	363	0	0	0	0	363
20659	4	0	0	358	0	362
20660	0	350	0	2	0	352
20661	1	3	0	361	0	365
20662	354	0	0	4	0	358
20663	3	0	352	1	0	356
20664	0	0	1	331	0	332
20665	0	338	0	1	0	339
20666	342	1	0	0	0	343
20667	313	0	0	0	0	313
20668	1	0	347	0	0	348
20669	0	330	1	0	0	331
20670	0	1	346	0	0	347
20671	0	0	0	330	0	330
20672	1	0	326	2	0	329
20673	0	0	310	1	0	311
20674	0	304	0	1	0	305
20675	317	2	1	0	0	320
20676	314	0	1	0	0	315
20677	1	306	1	2	0	310
20678	0	314	1	0	0	315
20679	0	2	303	1	0	306
20680	1	0	291	0	0	292
20681	1	0	307	1	0	309
20682	1	0	0	305	0	306
20683	1	0	311	2	0	314
20684	1	0	1	293	0	295
20685	0	0	1	298	0	299
20686	0	1	310	2	0	313
20687	0	299	2	0	0	301
20688	0	2	0	314	0	316
20689	308	1	1	1	0	311
20690	3	0	0	312	0	315
20691	1	1	311	2	0	315
20692	1	286	3	0	0	290
20693	2	304	0	1	0	307
20694	1	1	1	312	0	315
20695	309	1	3	1	0	314
20696	263	0	2	0	0	265
20697	2	1	0	257	0	260
20698	1	303	0	1	0	305
20699	1	2	1	301	0	305
20700	0	1	0	300	0	301
20701	0	0	1	303	0	304
20702	304	0	0	3	0	307
20703	2	295	0	1	0	298
20704	304	2	1	1	0	308
20705	300	0	1	0	0	301
20706	300	1	1	1	0	303
20707	307	0	1	0	0	308
20708	1	2	0	295	0	298
20709	4	0	289	2	0	295
20710	1	283	1	3	0	288
20711	204	1	25	3	0	233
20712	199	0	1	0	0	200
20713	200	2	0	0	0	202
20714	1	0	196	0	0	197
20715	192	0	0	0	0	192
20716	205	1	0	1	0	207
20717	1	0	1	200	0	202
20718	0	1	186	0	0	187
20719	0	176	1	1	0	178
20720	1	1	0	190	0	192
20721	161	1	0	0	0	162
20722	3	0	0	153	0	156
20723	3	0	0	227	0	230
20724	285	1	1	1	0	288
20725	7	0	278	1	0	286
20726	283	0	5	2	0	290
20727	289	0	2	2	0	293
20728	306	1	1	0	0	308
20729	304	2	0	0	0	306
20730	10	2	294	1	0	307
20731	4	0	5	300	0	309
20732	1	1	326	7	0	335
20733	2	0	5	330	0	337
20734	3	0	317	6	0	326
20735	280	1	7	3	0	291
20736	7	291	3	0	0	301
20737	5	305	1	0	0	311
20738	3	8	0	335	0	346
20739	4	3	0	380	0	387
20740	1	402	1	14	0	418
20741	418	10	1	6	0	435
20742	425	6	1	1	0	433
20743	435	1	1	2	0	439
20744	504	0	2	1	0	507
20745	29	1	0	482	0	512
20746	8	1	3	510	0	522
20747	486	1	0	26	0	513
20748	23	0	2	502	0	527
20749	8	1	473	26	0	508
20750	5	1	497	8	0	511
20751	6	1	28	493	0	528
20752	5	1	478	22	0	506
20753	486	1	19	7	0	513
20754	22	1	9	495	0	527
20755	499	1	3	25	0	528
20756	22	2	483	10	0	517
20757	10	1	19	483	0	513
20758	3	3	456	23	0	485
20759	7	458	20	10	0	495
20760	469	18	7	4	0	498
20761	477	12	2	4	0	495
20762	30	469	2	3	0	504
20763	459	20	0	7	0	486
20764	24	9	1	452	0	486
20765	15	2	1	480	0	498
20766	451	1	3	30	0	485
20767	24	440	3	11	0	478
20768	12	468	2	5	0	487
20769	5	29	1	455	0	490
20770	447	8	2	24	0	481
20771	456	3	1	12	0	472
20772	476	1	4	6	0	487
20773	32	2	463	4	0	501
20774	12	0	464	5	0	481
20775	7	468	24	8	0	507
20776	479	20	11	2	0	512
20777	25	12	5	479	0	521
20778	484	2	3	24	0	513
20779	502	3	3	11	0	519
20780	35	1	2	485	0	523
20781	15	0	470	23	0	508
20782	469	2	22	14	0	507
20783	24	3	10	480	0	517
20784	18	3	471	24	0	516
20785	471	3	19	14	0	507
20786	496	3	10	6	0	515
20787	34	6	3	485	0	528
20788	16	1	472	25	0	514
20789	10	1	22	450	0	483
20790	10	462	9	26	0	507
20791	9	26	446	10	0	491
20792	9	477	21	3	0	510
20793	481	23	10	8	0	522
20794	497	9	7	7	0	520
20795	499	4	6	2	0	511
20796	512	8	1	6	0	527
20797	37	1	7	482	0	527
20798	446	3	3	22	0	474
20799	27	6	1	441	0	475
20800	436	3	2	25	0	466
20801	22	419	2	21	0	464
20802	17	18	1	406	0	442
20803	10	392	2	53	0	457
20804	437	16	4	18	0	475
20805	446	9	6	5	0	466
20806	33	427	4	8	0	472
20807	14	19	4	437	0	474
20808	9	8	420	23	0	460
20809	10	2	19	438	0	469
20810	7	2	426	27	0	462
20811	7	4	23	397	0	431
20812	4	421	14	18	0	457
20813	435	20	5	11	0	471
20814	448	9	6	6	0	469
20815	34	6	4	433	0	477
20816	450	2	1	23	0	476
20817	28	3	5	439	0	475
20818	18	3	4	447	0	472
20819	12	1	4	462	0	479
20820	434	3	1	36	0	474
20821	448	2	3	14	0	467
20822	447	5	1	6	0	459
20823	28	360	0	7	0	395
20824	348	16	2	4	0	370
20825	19	331	1	9	0	360
20826	343	18	1	4	0	366
20827	24	8	2	353	0	387
20828	9	4	1	363	0	377
20829	350	5	1	23	0	379
20830	352	1	3	9	0	365
20831	30	341	0	5	0	376
20832	308	17	0	4	0	329
20833	23	5	2	307	0	337
20834	12	3	1	325	0	341
20835	306	4	0	25	0	335
20836	21	2	293	12	0	328
20837	10	289	16	5	0	320
20838	6	13	2	264	0	285
20839	5	3	186	14	0	208
20840	2	3	11	176	0	192
20841	164	1	2	13	0	180
20842	12	160	2	6	0	180
20843	3	172	1	4	0	180
20844	1	95	1	1	0	98
20845	0	5	0	100	0	105
20846	100	2	0	3	0	105
20847	3	2	0	100	0	105
20848	96	0	0	4	0	100
20849	101	1	0	1	0	103
20850	3	0	0	109	0	112
20851	109	0	1	3	0	113
20852	4	0	0	113	0	117
20853	2	0	116	4	0	122
20854	119	1	2	1	0	123
20855	4	0	127	2	0	133
20856	128	0	4	1	0	133
20857	4	1	117	2	0	124
20858	2	0	5	127	0	134
20859	2	0	1	134	0	137
20860	134	1	1	4	0	140
20861	4	0	0	148	0	152
20862	145	0	1	6	0	152
20863	5	141	0	3	0	149
20864	147	3	0	2	0	152
20865	3	2	1	142	0	148
20866	2	1	0	149	0	152
20867	1	0	1	150	0	152
20868	0	1	1	150	0	152
20869	2	1	141	6	0	150
20870	1	0	143	3	0	147
20871	0	2	3	169	0	174
20872	0	1	162	6	0	169
20873	0	141	6	5	0	152
20874	0	2	2	150	0	154
20875	3	2	155	3	0	163
20876	0	1	158	4	0	163
20877	1	1	9	152	0	163
20878	1	2	2	151	0	156
20879	0	167	1	9	0	177
20880	2	5	1	170	0	178
20881	0	2	158	7	0	167
20882	167	1	7	2	0	177
20883	8	0	3	170	0	181
20884	169	1	3	7	0	180
20885	177	0	0	4	0	181
20886	175	0	2	3	0	180
20887	10	1	163	1	0	175
20888	4	0	167	3	0	174
20889	163	0	8	1	0	172
20890	9	1	167	2	0	179
20891	4	1	7	164	0	176
20892	2	1	2	173	0	178
20893	2	1	160	9	0	172
20894	4	165	3	4	0	176
20895	163	5	3	4	0	175
20896	8	165	2	3	0	178
20897	4	170	0	2	0	176
20898	169	7	3	0	0	179
20899	6	4	171	2	0	183
20900	2	1	181	3	0	187
20901	2	1	9	179	0	191
20902	175	3	3	8	0	189
20903	9	176	1	4	0	190
20904	177	7	3	2	0	189
20905	8	3	168	2	0	181
20906	3	185	9	3	0	200
20907	2	6	2	186	0	196
20908	0	3	181	14	0	198
20909	1	2	9	187	0	199
20910	1	0	4	190	0	195
20911	1	2	3	194	0	200
20912	2	0	1	201	0	204
20913	182	1	2	13	0	198
20914	195	2	0	5	0	202
20915	10	2	177	2	0	191
20916	184	0	8	0	0	192
20917	9	180	6	3	0	198
20918	191	9	2	2	0	204
20919	12	2	181	3	0	198
20920	3	43	10	144	0	200
20921	2	1	179	11	0	193
20922	1	2	188	2	0	193
20923	3	2	12	185	0	202
20924	1	1	3	150	0	155
20925	5	2	130	7	0	144
20926	4	137	6	5	0	152
20927	1	115	3	1	0	120
20928	2	7	1	114	0	124
20929	107	2	2	6	0	117
20930	7	114	1	1	0	123
20931	1	4	113	1	0	119
20932	1	1	116	4	0	122
20933	0	2	118	1	0	121
20934	1	0	6	113	0	120
20935	114	1	2	6	0	123
20936	5	113	1	3	0	122
20937	2	7	110	1	0	120
20938	1	118	6	0	0	125
20939	1	6	4	111	0	122
20940	1	1	113	8	0	123
20941	1	111	6	3	0	121
20942	0	5	3	117	0	125
20943	2	2	2	120	0	126
20944	2	2	113	7	0	124
20945	1	1	7	110	0	119
20946	1	116	2	5	0	124
20947	2	6	111	3	0	122
20948	112	2	8	0	0	122
20949	6	0	5	115	0	126
20950	1	1	0	112	0	114
20951	2	102	1	8	0	113
20952	106	6	3	2	0	117
20953	7	2	94	3	0	106
20954	97	1	6	2	0	106
20955	5	0	3	81	0	89
20956	2	81	1	6	0	90
20957	1	6	2	79	0	88
20958	0	3	0	90	0	93
20959	80	1	1	8	0	90
20960	86	1	2	1	0	90
20961	6	1	2	75	0	84
20962	4	0	71	6	0	81
20963	71	2	7	1	0	81
20964	5	72	2	2	0	81
20965	4	4	1	70	0	79
20966	1	3	2	78	0	84
20967	2	1	2	78	0	83
20968	1	3	68	7	0	79
20969	0	0	5	74	0	79
20970	1	73	2	5	0	81
20971	3	5	1	41	0	50
20972	1	46	1	4	0	52
20973	0	5	0	49	0	54
20974	0	0	47	5	0	52
20975	35	0	2	0	0	37
20976	2	0	0	35	0	37
20977	0	0	33	2	0	35
20978	0	35	2	0	0	37
20979	23	1	0	0	0	24
20980	2	0	22	0	0	24
20981	23	0	2	0	0	25
20982	2	0	0	23	0	25
20983	0	0	0	23	0	23
20984	0	54	0	2	0	56
20985	59	2	0	0	0	61
20986	60	0	0	0	0	60
20987	2	69	0	0	0	71
20988	0	2	0	85	0	87
20989	0	0	0	86	0	86
20990	0	0	0	88	0	88
20991	0	0	79	2	0	81
20992	78	0	2	0	0	80
20993	1	0	0	84	0	85
20994	0	0	0	88	0	88
20995	0	0	83	2	0	85
20996	0	1	85	0	0	86
20997	0	0	2	85	0	87
20998	0	0	108	2	0	110
20999	90	0	1	0	0	91
21000	1	0	0	102	0	103
21001	0	0	0	97	0	97
21002	0	0	151	1	0	152
21003	0	0	4	142	0	146
21004	2	0	174	3	0	179
21005	0	162	3	0	0	165
21006	167	2	0	0	0	169
21007	163	0	0	0	0	163
21008	1	167	0	0	0	168
21009	0	1	0	169	0	170
21010	0	0	169	2	0	171
21011	0	0	1	171	0	172
21012	169	0	1	2	0	172
21013	1	168	0	1	0	170
21014	170	2	1	0	0	173
21015	2	1	0	170	0	173
21016	173	0	0	1	0	174
21017	3	164	0	0	0	167
21018	177	3	0	0	0	180
21019	2	0	172	1	0	175
21020	0	165	3	1	0	169
21021	0	2	0	175	0	177
21022	176	0	0	2	0	178
21023	178	1	0	0	0	179
21024	3	0	0	174	0	177
21025	177	0	0	3	0	180
21026	177	0	0	0	0	177
21027	178	1	0	0	0	179
21028	3	0	0	192	0	195
21029	0	0	188	2	0	190
21030	1	1	164	0	0	166
21031	0	0	177	0	0	177
21032	179	0	2	0	0	181
21033	2	0	0	184	0	186
21034	0	177	0	3	0	180
21035	1	2	0	188	0	191
21036	1	179	0	1	0	181
21037	191	2	0	0	0	193
21038	2	0	0	184	0	186
21039	0	0	1	183	0	184
21040	188	0	1	2	0	191
21041	2	0	1	185	0	188
21042	1	0	0	187	0	188
21043	188	0	0	2	0	190
21044	2	2	186	0	0	190
21045	0	0	1	189	0	190
21046	0	1	193	2	0	196
21047	190	1	1	0	0	192
21048	3	0	0	193	0	196
21049	200	0	0	3	0	203
21050	3	1	0	200	0	204
21051	0	0	199	4	0	203
21052	0	0	3	199	0	202
21053	197	0	0	3	0	200
21054	3	184	1	1	0	189
21055	2	3	190	0	0	195
21056	186	0	2	1	0	189
21057	3	182	0	1	0	186
21058	1	199	1	1	0	202
21059	1	237	0	0	0	238
21060	1	2	0	265	0	268
21061	266	0	1	4	0	271
21062	288	1	0	1	0	290
21063	5	0	276	1	0	282
21064	276	0	4	1	0	281
21065	4	275	1	0	0	280
21066	1	4	0	286	0	291
21067	297	2	0	5	0	304
21068	295	0	0	2	0	297
21069	304	1	0	0	0	305
21070	300	0	0	2	0	302
21071	302	0	2	0	0	304
21072	5	1	0	295	0	301
21073	0	3	291	5	0	299
21074	3	0	3	295	0	301
21075	3	1	0	300	0	304
21076	299	1	0	4	0	304
21077	6	285	0	1	0	292
21078	300	5	0	0	0	305
21079	319	0	0	1	0	320
21080	311	0	1	3	0	315
21081	320	0	1	2	0	323
21082	6	0	307	4	0	317
21083	313	0	5	3	0	321
21084	290	1	0	2	0	293
21085	269	2	1	1	0	273
21086	288	0	1	0	0	289
21087	7	1	0	289	0	297
21088	4	0	265	4	0	273
21089	278	0	5	0	0	283
21090	6	270	2	1	0	279
21091	6	3	0	268	0	277
21092	2	271	1	5	0	279
21093	3	4	0	284	0	291
21094	287	1	0	6	0	294
21095	288	0	1	2	0	291
21096	290	1	2	0	0	293
21097	6	1	267	1	0	275
21098	211	2	2	0	0	215
21099	2	1	221	3	0	227
21100	0	2	226	1	0	229
21101	1	0	223	5	0	229
21102	3	0	2	225	0	230
21103	4	0	0	229	0	233
21104	2	1	1	202	0	206
21105	2	0	2	209	0	213
21106	3	0	0	208	0	211
21107	1	0	1	203	0	205
21108	1	200	3	2	0	206
21109	202	2	3	1	0	208
21110	3	205	0	4	0	212
21111	1	2	1	209	0	213
21112	0	0	0	209	0	209
21113	209	0	0	5	0	214
21114	2	203	0	3	0	208
21115	226	3	2	2	0	233
21116	5	2	0	230	0	237
21117	2	3	0	232	0	237
21118	0	3	0	229	0	232
21119	0	2	218	5	0	225
21120	1	0	2	224	0	227
21121	5	1	219	2	0	227
21122	3	2	216	0	0	221
21123	2	0	221	2	0	225
21124	2	0	3	214	0	219
21125	1	1	0	226	0	228
21126	0	0	2	230	0	232
21127	230	0	3	4	0	237
21128	3	1	1	212	0	217
21129	214	1	2	3	0	220
21130	3	205	2	2	0	212
21131	216	2	2	2	0	222
21132	213	0	0	6	0	219
21133	2	242	2	4	0	250
21134	241	2	0	5	0	248
21135	242	2	0	3	0	247
21136	244	0	0	3	0	247
21137	243	4	0	0	0	247
21138	6	3	230	1	0	240
21139	6	234	1	1	0	242
21140	5	3	0	240	0	248
21141	246	3	0	2	0	251
21142	6	1	279	1	0	287
21143	5	272	3	1	0	281
21144	5	2	0	271	0	278
21145	3	272	1	3	0	279
21146	3	3	3	268	0	277
21147	0	3	0	277	0	280
21148	1	0	269	4	0	274
21149	4	0	256	0	0	260
21150	237	2	6	0	0	245
21151	3	1	262	3	0	269
21152	0	2	267	3	0	272
21153	1	2	2	262	0	267
21154	3	0	0	257	0	260
21155	2	264	1	5	0	272
21156	3	305	2	1	0	311
21157	1	4	307	1	0	313
21158	4	0	2	293	0	299
21159	1	0	268	3	0	272
21160	0	1	264	0	0	265
21161	1	260	3	0	0	264
21162	0	1	0	246	0	247
21163	248	0	0	1	0	249
21164	1	0	0	246	0	247
21165	250	0	0	1	0	251
21166	249	0	0	0	0	249
21167	237	1	0	0	0	238
21168	1	0	238	0	0	239
21169	225	0	1	1	0	227
21170	1	0	0	244	0	245
21171	243	0	0	1	0	244
21172	239	0	0	0	0	239
21173	0	232	0	0	0	232
21174	239	1	0	0	0	240
21175	1	0	229	0	0	230
21176	231	0	1	0	0	232
21177	236	0	0	0	0	236
21178	1	234	0	1	0	236
21179	222	1	0	0	0	223
21180	1	0	0	218	0	219
21181	0	0	0	214	0	214
21182	0	214	0	1	0	215
21183	0	1	0	222	0	223
21184	1	0	0	224	0	225
21185	0	0	220	1	0	221
21186	0	1	187	0	0	188
21187	191	0	1	0	0	192
21188	196	0	0	0	0	196
21189	1	0	0	198	0	199
21190	0	0	201	1	0	202
21191	0	195	1	1	0	197
21192	0	1	0	192	0	193
21193	0	0	208	1	0	209
21194	190	0	3	1	0	194
21195	3	0	0	212	0	215
21196	0	209	0	2	0	211
21197	0	3	0	211	0	214
21198	0	0	0	213	0	213
21199	0	0	0	198	0	198
21200	195	0	0	3	0	198
21201	3	0	0	196	0	199
21202	197	1	0	3	0	201
21203	193	0	1	0	0	194
21204	3	0	192	1	0	196
21205	0	190	4	0	0	194
21206	0	3	1	185	0	189
21207	0	196	0	2	0	198
21208	240	3	0	1	0	244
21209	9	0	0	238	0	247
21210	1	0	238	10	0	249
21211	1	0	233	1	0	235
21212	0	0	236	0	0	236
21213	222	0	8	0	0	230
21214	9	237	3	1	0	250
21215	212	9	1	0	0	222
21216	9	215	1	2	0	227
21217	2	9	1	215	0	227
21218	2	1	0	205	0	208
21219	1	215	1	7	0	224
21220	1	9	233	2	0	245
21221	0	235	10	0	0	245
21222	235	10	1	2	0	248
21223	10	1	0	237	0	248
21224	2	3	234	8	0	247
21225	1	0	239	1	0	241
21226	0	2	10	235	0	247
21227	1	1	227	10	0	239
21228	0	2	229	1	0	232
21229	218	1	10	1	0	230
21230	10	223	2	3	0	238
21231	248	9	2	2	0	261
21232	9	1	256	0	0	266
21233	2	217	10	0	0	229
21234	3	230	1	2	0	236
21235	0	11	1	225	0	237
21236	2	1	0	229	0	232
21237	1	2	1	238	0	242
21238	0	2	221	12	0	235
21239	1	1	9	228	0	239
21240	1	1	2	233	0	237
21241	227	0	1	9	0	237
21242	8	191	1	2	0	202
21243	2	9	1	198	0	210
21244	192	1	0	12	0	205
21245	200	0	1	4	0	205
21246	12	0	3	207	0	222
21247	1	1	201	11	0	214
21248	1	0	9	205	0	215
21249	3	0	207	9	0	219
21250	196	2	9	1	0	208
21251	210	2	1	2	0	215
21252	11	0	1	239	0	251
21253	2	1	230	13	0	246
21254	1	254	12	4	0	271
21255	1	13	249	1	0	264
21256	1	4	11	188	0	204
21257	0	214	3	11	0	228
21258	216	13	1	3	0	233
21259	12	3	1	204	0	220
21260	2	184	2	13	0	201
21261	207	13	1	4	0	225
21262	14	4	0	199	0	217
21263	4	206	1	10	0	221
21264	0	13	0	218	0	231
21265	2	4	205	13	0	224
21266	202	2	10	4	0	218
21267	210	1	4	3	0	218
21268	15	2	199	4	0	220
21269	3	201	12	3	0	219
21270	214	11	4	1	0	230
21271	15	4	1	205	0	225
21272	4	3	0	216	0	223
21273	2	1	2	216	0	221
21274	2	3	0	216	0	221
21275	3	3	0	221	0	227
21276	208	1	2	18	0	229
21277	222	1	3	5	0	231
21278	17	1	1	213	0	232
21279	5	0	2	221	0	228
21280	2	0	210	16	0	228
21281	3	5	208	4	0	220
21282	208	0	12	2	0	222
21283	11	1	3	210	0	225
21284	4	1	207	16	0	228
21285	2	1	14	210	0	227
21286	207	1	3	14	0	225
21287	246	0	1	6	0	253
21288	16	2	2	236	0	256
21289	4	1	3	245	0	253
21290	239	1	0	19	0	259
21291	13	0	1	284	0	298
21292	2	280	4	13	0	299
21293	0	10	3	269	0	282
21294	4	2	0	275	0	281
21295	2	0	263	15	0	280
21296	1	1	265	4	0	271
21297	0	258	10	4	0	272
21298	262	10	1	3	0	276
21299	254	2	1	1	0	258
21300	268	0	1	2	0	271
21301	11	253	1	4	0	269
21302	5	270	1	1	0	277
21303	259	12	1	2	0	274
21304	8	264	2	1	0	275
21305	5	12	255	2	0	274
21306	2	257	9	2	0	270
21307	4	10	258	1	0	273
21308	206	3	5	1	0	215
21309	242	3	3	0	0	248
21310	8	232	0	2	0	242
21311	270	6	0	0	0	276
21312	333	2	0	0	0	335
21313	338	1	0	2	0	341
21314	13	4	0	317	0	334
21315	330	1	0	10	0	341
21316	13	2	306	4	0	325
21317	320	2	13	1	0	336
21318	12	1	2	337	0	352
21319	4	0	333	10	0	347
21320	2	1	316	1	0	320
21321	3	1	12	313	0	329
21322	2	1	3	328	0	334
21323	327	1	1	12	0	341
21324	15	0	0	325	0	340
21325	4	0	360	13	0	377
21326	1	1	10	347	0	359
21327	5	365	2	13	0	385
21328	373	9	3	5	0	390
21329	14	2	1	368	0	385
21330	3	1	361	15	0	380
21331	1	337	14	4	0	356
21332	388	9	5	3	0	405
21333	11	2	2	394	0	409
21334	4	1	393	13	0	411
21335	4	390	10	4	0	408
21336	396	10	3	4	0	413
21337	400	2	5	3	0	410
21338	402	0	3	2	0	407
21339	15	4	0	382	0	401
21340	8	0	0	396	0	404
21341	396	0	1	15	0	412
21342	12	373	1	4	0	390
21343	400	13	0	4	0	417
21344	16	3	0	389	0	408
21345	402	1	0	16	0	419
21346	11	2	2	375	0	390
21347	4	3	1	381	0	389
21348	4	0	0	391	0	395
21349	3	2	2	386	0	393
21350	5	0	368	15	0	388
21351	1	1	363	8	0	373
21352	302	0	10	3	0	315
21353	9	2	411	1	0	423
21354	1	1	386	0	0	388
21355	369	0	6	0	0	375
21356	394	0	2	1	0	397
21357	8	0	1	444	0	453
21358	449	0	0	7	0	456
21359	7	443	0	2	0	452
21360	455	6	0	2	0	463
21361	433	1	0	1	0	435
21362	453	1	1	0	0	455
21363	7	0	0	443	0	450
21364	3	429	0	6	0	438
21365	1	447	1	1	0	450
21366	453	7	1	1	0	462
21367	460	2	0	0	0	462
21368	8	1	0	435	0	444
21369	2	0	0	448	0	450
21370	2	439	0	7	0	448
21371	452	7	0	1	0	460
21372	7	1	454	1	0	463
21373	2	1	6	439	0	448
21374	2	0	1	457	0	460
21375	2	0	449	8	0	459
21376	0	1	6	416	0	423
21377	0	409	1	7	0	417
21378	1	6	1	458	0	466
21379	1	1	0	457	0	459
21380	1	432	0	8	0	441
21381	2	446	0	3	0	451
21382	0	6	0	459	0	465
21383	459	1	0	6	0	466
21384	6	1	2	446	0	455
21385	2	0	0	445	0	447
21386	1	488	1	7	0	497
21387	0	6	2	492	0	500
21388	0	1	1	478	0	480
21389	0	2	0	496	0	498
21390	543	0	0	9	0	552
21391	7	0	0	514	0	521
21392	1	1	0	527	0	529
21393	1	1	2	529	0	533
21394	0	0	512	10	0	522
21395	472	1	6	2	0	481
21396	7	496	1	2	0	506
21397	530	6	1	1	0	538
21398	7	2	0	519	0	528
21399	1	1	510	7	0	519
21400	486	0	6	2	0	494
21401	7	0	599	3	0	609
21402	2	1	8	572	0	583
21403	666	1	1	7	0	675
21404	660	0	2	2	0	664
21405	692	0	0	2	0	694
21406	9	0	0	676	0	685
21407	3	0	0	694	0	697
21408	1	1	0	698	0	700
21409	2	644	1	7	0	654
21410	1	645	1	3	0	650
21411	1	621	1	0	0	623
21412	1	614	0	1	0	616
21413	0	0	0	635	0	635
21414	0	0	1	618	0	619
21415	634	0	0	0	0	634
21416	596	0	1	1	0	598
21417	660	1	0	1	0	662
21418	1	0	0	647	0	648
21419	1	0	0	663	0	664
21420	669	0	0	1	0	670
21421	634	0	0	1	0	635
21422	0	1	629	2	0	632
21423	1	2	559	1	0	563
21424	0	2	590	0	0	592
21425	0	1	604	0	0	605
21426	0	1	0	584	0	585
21427	613	0	0	0	0	613
21428	0	592	0	1	0	593
21429	0	0	0	647	0	647
21430	1	0	633	0	0	634
21431	1	610	0	2	0	613
21432	0	0	0	635	0	635
21433	0	0	626	1	0	627
21434	0	0	0	615	0	615
21435	1	0	0	626	0	627
21436	652	0	0	0	0	652
21437	0	0	0	646	0	646
21438	0	0	708	0	0	708
21439	0	0	0	688	0	688
21440	0	734	1	1	0	736
21441	0	0	0	771	0	771
21442	1	0	0	753	0	754
21443	0	1	0	753	0	754
21444	765	0	0	1	0	766
21445	780	0	0	0	0	780
21446	778	1	1	1	0	781
21447	762	0	0	1	0	763
21448	1	0	771	0	0	772
21449	712	0	0	1	0	713
21450	766	1	0	2	0	769
21451	1	0	764	0	0	765
21452	0	2	864	1	0	867
21453	0	1	0	809	0	810
21454	0	764	1	43	0	808
21455	846	0	0	0	0	846
21456	841	0	0	1	0	842
21457	786	0	0	1	0	787
21458	0	0	0	778	0	778
21459	0	826	1	1	0	828
21460	932	0	0	0	0	932
21461	977	0	0	0	0	977
21462	1	25	0	947	0	973
21463	0	0	963	0	0	963
21464	935	0	0	0	0	935
21465	1	0	0	987	0	988
21466	1000	0	1	0	0	1001
21467	0	0	1	993	0	994
21468	0	1	999	1	0	1001
21469	1063	1	1	0	0	1065
21470	1	0	0	1102	0	1103
21471	1	1	0	1080	0	1082
21472	1	0	0	1084	0	1085
21473	0	1	0	1082	0	1083
21474	1102	1	0	0	0	1103
21475	1	0	0	1086	0	1087
21476	1	1043	2	1	0	1047
21477	0	0	0	1100	0	1100
21478	0	1048	1	1	0	1050
21479	1	0	0	1088	0	1089
21480	0	0	0	1117	0	1117
21481	2	1079	1	0	0	1082
21482	0	0	0	1121	0	1121
21483	0	0	1	1098	0	1099
21484	1106	0	0	0	0	1106
21485	0	0	1117	1	0	1118
21486	0	0	0	1116	0	1116
21487	1148	0	0	1	0	1149
21488	1091	0	1	1	0	1093
21489	1130	0	0	0	0	1130
21490	0	0	1067	1	0	1068
21491	0	1	1072	1	0	1074
21492	0	0	1	1048	0	1049
21493	1117	0	1	2	0	1120
21494	2	1	1089	3	0	1095
21495	1042	0	2	1	0	1045
21496	3	1056	2	0	0	1061
21497	1	2	1	1127	0	1131
21498	2	1	0	1190	0	1193
21499	1227	1	1	3	0	1232
21500	3	0	0	1184	0	1187
21501	1209	1	0	3	0	1213
21502	1236	0	0	2	0	1238
21503	4	0	0	1175	0	1179
21504	3	0	0	1216	0	1219
21505	1212	0	0	5	0	1217
21506	4	0	1216	2	0	1222
21507	1156	0	2	3	0	1161
21508	4	1	1274	1	0	1280
21509	1228	0	3	1	0	1232
21510	1374	0	0	1	0	1375
21511	1359	0	2	0	0	1361
21512	1301	0	0	0	0	1301
21513	4	1242	0	0	0	1246
21514	1323	2	0	0	0	1325
21515	1318	1	0	0	0	1319
21516	5	1399	0	0	0	1404
21517	1398	2	0	1	0	1401
21518	4	2	1374	2	0	1382
21519	1316	3	3	0	0	1322
21520	7	1	1370	1	0	1379
21521	2	1	4	1325	0	1332
21522	4	0	1	1387	0	1392
21523	1	0	1394	4	0	1399
21524	2	1	3	1323	0	1329
21525	2	8	10	1181	0	1201
21526	1466	0	3	11	0	1480
21527	8	0	0	1453	0	1461
21528	3	0	1	1398	0	1402
21529	3	0	1	1436	0	1440
21530	3	1364	0	13	0	1380
21531	3	7	0	1486	0	1496
21532	1463	2	2	13	0	1480
21533	9	2	1451	5	0	1467
21534	4	0	8	1450	0	1462
21535	5	2	1451	9	0	1467
21536	1332	1	12	3	0	1348
21537	12	0	3	1468	0	1483
21538	4	2	2001	15	0	2022
21539	2	0	56	2034	0	2092
21540	2	0	39	2011	0	2052
21541	3	1979	30	96	0	2108
21542	3	59	10	2187	0	2259
21543	2	41	5	2356	0	2404
21544	5	26	2296	125	0	2452
21545	3	8	73	2316	0	2400
21546	2	6	43	2417	0	2468
21547	2290	1	25	133	0	2449
21548	2274	1	15	72	0	2362
21549	125	2262	9	41	0	2437
21550	2340	81	6	25	0	2452
21551	2333	43	7	22	0	2405
21552	141	2458	9	18	0	2626
21553	80	88	8	2498	0	2674
21554	2571	50	5	94	0	2720
21555	2563	30	6	57	0	2656
21556	2624	13	3	41	0	2681
21557	158	2511	9	27	0	2705
21558	100	93	2545	19	0	2757
21559	2566	45	81	16	0	2708
21560	2614	37	39	18	0	2708
21561	151	2558	32	17	0	2758
21562	2663	99	14	17	0	2793
21563	2706	52	10	20	0	2788
21564	173	29	4	2609	0	2815
21565	105	27	2542	93	0	2767
21566	55	17	93	2683	0	2848
21567	46	12	51	2735	0	2844
21568	40	9	33	2761	0	2843
21569	31	16	2564	179	0	2790
21570	25	15	101	2638	0	2779
21571	32	10	52	2750	0	2844
21572	26	7	29	2797	0	2859
21573	33	5	21	2817	0	2876
21574	15	14	11	2802	0	2842
21575	17	2561	20	248	0	2846
21576	20	88	9	2800	0	2917
21577	14	43	19	2855	0	2931
21578	12	40	2668	192	0	2912
21579	13	17	103	2958	0	3091
21580	20	18	49	3143	0	3230
21581	15	7	36	3367	0	3425
21582	11	11	30	3455	0	3507
21583	3283	10	17	287	0	3597
21584	148	12	12	3414	0	3586
21585	69	12	5	3498	0	3584
21586	60	20	3040	248	0	3368
21587	28	2952	135	168	0	3283
21588	23	3250	68	116	0	3457
21589	3134	179	53	89	0	3455
21590	140	3246	28	75	0	3489
21591	69	176	17	3205	0	3467
21592	3194	81	13	195	0	3483
21593	170	57	3079	109	0	3415
21594	78	37	130	3110	0	3355
21595	63	3179	73	189	0	3504
21596	43	152	56	3245	0	3496
21597	35	3312	24	206	0	3577
21598	33	187	12	3312	0	3544
21599	3256	75	17	219	0	3567
21600	174	74	3175	107	0	3530
21601	84	37	147	3079	0	3347
21602	70	3150	71	182	0	3473
21603	3097	152	68	96	0	3413
21604	176	81	2968	108	0	3333
21605	83	75	144	3058	0	3360
21606	84	40	2989	192	0	3305
21607	52	30	191	3078	0	3351
21608	37	29	2903	237	0	3206
21609	28	25	200	2939	0	3192
21610	32	27	92	3079	0	3230
21611	2866	21	73	260	0	3220
21612	2913	32	33	157	0	3135
21613	218	23	28	2835	0	3104
21614	120	2778	33	200	0	3131
21615	78	158	28	2888	0	3152
21616	48	69	30	2926	0	3073
21617	2645	53	32	286	0	3016
21618	161	2694	24	177	0	3056
21619	2715	166	21	125	0	3027
21620	2758	83	11	83	0	2935
21621	216	2590	24	82	0	2912
21622	123	2794	12	86	0	3015
21623	2755	203	35	88	0	3081
21624	199	112	2591	97	0	2999
21625	2645	81	170	90	0	2986
21626	2709	41	67	101	0	2918
21627	248	2580	60	77	0	2965
21628	153	166	30	2397	0	2746
21629	105	2628	36	180	0	2949
21630	2628	196	43	120	0	2987
21631	2710	96	40	113	0	2959
21632	227	97	35	2590	0	2949
21633	152	113	24	2680	0	2969
21634	2561	60	22	254	0	2897
21635	196	2494	13	159	0	2862
21636	115	2586	15	129	0	2845
21637	103	2555	39	90	0	2787
21638	48	1868	25	61	0	2002
21639	35	1920	27	56	0	2038
21640	47	152	14	1861	0	2074
21641	34	74	1682	146	0	1936
21642	38	1723	82	74	0	1917
21643	1580	108	20	68	0	1776
21644	110	43	39	1538	0	1730
21645	1535	51	28	110	0	1724
21646	110	1519	26	56	0	1711
21647	1533	101	23	61	0	1718
21648	122	1533	31	41	0	1727
21649	48	114	30	1555	0	1747
21650	1563	47	32	111	0	1753
21651	1603	44	30	59	0	1736
21652	111	32	33	1555	0	1731
21653	61	21	26	1612	0	1720
21654	48	1460	26	127	0	1661
21655	50	88	14	1560	0	1712
21656	56	27	17	1564	0	1664
21657	53	39	15	1494	0	1601
21658	42	1382	5	156	0	1585
21659	1307	96	10	93	0	1506
21660	96	1340	8	85	0	1529
21661	1221	111	14	58	0	1404
21662	116	1201	6	54	0	1377
21663	65	109	1134	39	0	1347
21664	70	77	72	1179	0	1398
21665	66	53	1174	87	0	1380
21666	38	50	1203	28	0	1319
21667	37	42	75	1186	0	1340
21668	45	32	1159	82	0	1318
21669	48	26	94	1098	0	1266
21670	46	21	42	1168	0	1277
21671	54	27	28	1185	0	1294
21672	1119	30	25	124	0	1298
21673	96	34	15	1135	0	1280
21674	51	33	11	1206	0	1301
21675	1098	35	12	104	0	1249
21676	107	1064	9	73	0	1253
21677	50	1062	9	80	0	1201
21678	62	1078	8	53	0	1201
21679	40	179	1	794	0	1014
21680	30	26	738	65	0	859
21681	530	46	27	21	0	624
21682	36	570	2	19	0	627
21683	484	30	7	8	0	529
21684	490	12	4	13	0	519
21685	497	14	3	10	0	524
21686	38	14	484	5	0	541
21687	21	16	16	482	0	535
21688	10	15	7	505	0	537
21689	16	16	4	512	0	548
21690	16	15	7	494	0	532
21691	20	483	7	24	0	534
21692	508	23	3	14	0	548
21693	28	8	450	15	0	501
21694	438	10	18	12	0	478
21695	28	10	2	378	0	418
21696	7	303	3	22	0	335
21697	9	323	0	6	0	338
21698	8	47	1	294	0	350
21699	4	281	2	17	0	304
21700	293	14	1	6	0	314
21701	17	5	263	5	0	290
21702	4	3	6	230	0	243
21703	2	1	1	238	0	242
21704	1	3	0	240	0	244
21705	3	3	1	236	0	243
21706	250	0	3	10	0	263
21707	8	4	1	297	0	310
21708	293	0	1	16	0	310
21709	12	1	0	297	0	310
21710	2	0	0	336	0	338
21711	2	397	1	16	0	416
21712	398	18	1	4	0	421
21713	405	4	1	3	0	413
21714	25	394	1	2	0	422
21715	4	13	0	354	0	371
21716	1	380	0	13	0	394
21717	378	12	1	2	0	393
21718	17	2	369	1	0	389
21719	3	3	370	1	0	377
21720	347	3	15	2	0	367
21721	15	368	3	1	0	387
21722	4	14	1	375	0	394
21723	2	3	3	387	0	395
21724	1	3	361	17	0	382
21725	2	1	13	364	0	380
21726	2	2	2	376	0	382
21727	0	335	3	19	0	357
21728	3	14	1	343	0	361
21729	3	3	3	353	0	362
21730	330	2	3	18	0	353
21731	14	287	0	8	0	309
21732	2	303	0	5	0	310
21733	1	17	1	301	0	320
21734	2	4	0	315	0	321
21735	2	2	1	304	0	309
21736	1	296	0	17	0	314
21737	2	16	0	300	0	318
21738	1	4	1	312	0	318
21739	1	0	0	316	0	317
21740	1	2	0	314	0	317
21741	1	279	1	18	0	299
21742	0	329	0	8	0	337
21743	393	14	0	7	0	414
21744	405	5	0	5	0	415
21745	18	2	0	402	0	422
21746	3	1	377	21	0	402
21747	3	7	13	401	0	424
21748	7	3	2	391	0	403
21749	343	2	2	19	0	366
21750	17	343	1	6	0	367
21751	3	17	2	355	0	377
21752	3	6	1	374	0	384
21753	5	5	341	22	0	373
21754	4	1	358	7	0	370
21755	3	1	22	343	0	369
21756	3	2	4	347	0	356
21757	2	327	3	20	0	352
21758	1	359	1	7	0	368
21759	350	19	2	8	0	379
21760	18	3	5	355	0	381
21761	4	4	327	21	0	356
21762	2	341	15	10	0	368
21763	1	20	4	352	0	377
21764	341	4	2	22	0	369
21765	15	0	2	352	0	369
21766	306	4	2	18	0	330
21767	17	315	1	6	0	339
21768	313	19	0	6	0	338
21769	17	4	3	317	0	341
21770	5	3	304	21	0	333
21771	2	3	16	308	0	329
21772	3	300	4	20	0	327
21773	5	17	1	293	0	316
21774	5	298	0	23	0	326
21775	6	15	3	322	0	346
21776	3	2	307	27	0	339
21777	3	4	304	10	0	321
21778	1	11	306	6	0	324
21779	306	3	17	10	0	336
21780	22	291	4	8	0	325
21781	5	326	4	7	0	342
21782	312	20	6	9	0	347
21783	316	9	2	8	0	335
21784	19	7	5	307	0	338
21785	10	3	326	19	0	358
21786	3	5	314	9	0	331
21787	6	2	18	318	0	344
21788	305	6	5	22	0	338
21789	16	303	6	6	0	331
21790	6	18	4	315	0	343
21791	307	4	2	26	0	339
21792	321	4	5	10	0	340
21793	18	8	309	7	0	342
21794	308	5	18	7	0	338
21795	26	1	298	6	0	331
21796	6	1	310	15	0	332
21797	6	5	22	306	0	339
21798	4	10	3	325	0	342
21799	8	4	3	332	0	347
21800	11	3	291	24	0	329
21801	301	2	17	11	0	331
21802	19	2	4	321	0	346
21803	305	6	4	24	0	339
21804	313	0	4	10	0	327
21805	20	297	4	11	0	332
21806	5	298	5	9	0	317
21807	3	251	3	7	0	264
21808	4	15	3	243	0	265
21809	4	4	234	16	0	258
21810	7	64	11	135	0	217
21811	3	138	2	5	0	148
21812	3	142	2	2	0	149
21813	2	4	1	162	0	169
21814	155	1	2	11	0	169
21815	7	149	0	9	0	165
21816	3	155	4	4	0	166
21817	158	9	3	1	0	171
21818	8	5	1	159	0	173
21819	7	1	0	165	0	173
21820	2	4	1	170	0	177
21821	157	2	3	11	0	173
21822	163	2	1	6	0	172
21823	12	2	0	161	0	175
21824	2	1	149	14	0	166
21825	155	3	8	3	0	169
21826	9	1	5	159	0	174
21827	5	1	152	10	0	168
21828	3	1	156	6	0	166
21829	1	2	11	162	0	176
21830	2	1	173	11	0	187
21831	3	1	10	179	0	193
21832	4	1	2	186	0	193
21833	3	0	1	191	0	195
21834	183	1	1	10	0	195
21835	10	2	1	185	0	198
21836	4	2	1	190	0	197
21837	2	2	2	193	0	199
21838	2	2	2	194	0	200
21839	1	1	168	18	0	188
21840	1	175	5	6	0	187
21841	2	8	2	160	0	172
21842	1	6	1	162	0	170
21843	1	79	0	7	0	87
21844	1	83	0	3	0	87
21845	81	6	1	1	0	89
21846	5	82	0	0	0	87
21847	2	5	0	82	0	89
21848	1	2	117	6	0	126
21849	120	2	5	1	0	128
21850	5	2	125	1	0	133
21851	121	0	6	0	0	127
21852	126	1	2	0	0	129
21853	7	1	121	2	0	131
21854	4	0	5	116	0	125
21855	2	119	2	3	0	126
21856	0	4	0	128	0	132
21857	154	2	0	5	0	161
21858	159	1	0	2	0	162
21859	7	152	0	1	0	160
21860	157	5	0	1	0	163
21861	6	3	0	156	0	165
21862	157	1	0	6	0	164
21863	163	0	0	2	0	165
21864	8	0	0	156	0	164
21865	157	1	0	5	0	163
21866	155	0	0	2	0	157
21867	8	0	148	2	0	158
21868	153	0	5	0	0	158
21869	6	0	152	0	0	158
21870	2	0	148	1	0	151
21871	2	143	6	0	0	151
21872	1	5	2	150	0	158
21873	1	2	174	5	0	182
21874	3	1	156	2	0	162
21875	170	0	7	0	0	177
21876	5	0	3	173	0	181
21877	2	1	1	178	0	182
21878	1	0	0	179	0	180
21879	1	0	1	178	0	180
21880	1	0	1	182	0	184
21881	2	1	172	8	0	183
21882	1	0	175	4	0	180
21883	1	0	6	175	0	182
21884	180	0	3	6	0	189
21885	6	137	0	3	0	146
21886	2	5	0	147	0	154
21887	147	2	1	5	0	155
21888	5	140	1	3	0	149
21889	2	5	1	145	0	153
21890	3	2	0	176	0	181
21891	1	2	1	175	0	179
21892	170	0	1	9	0	180
21893	6	1	159	3	0	169
21894	159	1	5	2	0	167
21895	7	0	3	167	0	177
21896	2	0	2	169	0	173
21897	2	166	1	5	0	174
21898	1	4	162	4	0	171
21899	150	2	5	3	0	160
21900	166	1	2	1	0	170
21901	6	0	161	2	0	169
21902	149	0	5	3	0	157
21903	5	157	3	1	0	166
21904	3	189	3	0	0	195
21905	2	199	0	2	0	203
21906	196	8	0	1	0	205
21907	5	4	191	1	0	201
21908	4	1	5	196	0	206
21909	2	197	1	3	0	203
21910	1	198	1	1	0	201
21911	0	199	0	4	0	203
21912	2	7	23	161	0	193
21913	179	0	0	1	0	180
21914	1	173	0	1	0	175
21915	1	0	0	175	0	176
21916	2	1	0	175	0	178
21917	175	0	1	1	0	177
21918	1	0	0	219	0	220
21919	0	1	1	221	0	223
21920	1	0	225	0	0	226
21921	2	0	0	219	0	221
21922	1	1	0	225	0	227
21923	223	0	2	0	0	225
21924	220	0	1	1	0	222
21925	1	2	0	222	0	225
21926	213	2	0	1	0	216
21927	209	1	0	3	0	213
21928	3	238	0	1	0	242
21929	2	1	239	1	0	243
21930	1	221	2	4	0	228
21931	2	1	0	230	0	233
21932	231	1	1	0	0	233
21933	1	230	2	1	0	234
21934	2	1	0	235	0	238
21935	233	1	1	0	0	235
21936	226	1	1	0	0	228
21937	0	1	2	232	0	235
21938	2	1	229	2	0	234
21939	1	0	2	233	0	236
21940	0	0	2	232	0	234
21941	1	1	223	3	0	228
21942	1	0	1	226	0	228
21943	0	0	3	232	0	235
21944	259	0	2	3	0	264
21945	2	0	1	260	0	263
21946	2	0	0	257	0	259
21947	261	1	1	2	0	265
21948	211	1	1	2	0	215
21949	213	0	0	3	0	216
21950	3	1	206	1	0	211
21951	1	3	2	204	0	210
21952	1	202	2	2	0	207
21953	1	2	0	223	0	226
21954	0	2	228	2	0	232
21955	2	3	0	227	0	232
21956	2	1	201	35	0	239
21957	197	0	0	2	0	199
21958	202	0	1	0	0	203
21959	2	0	0	200	0	202
21960	0	0	0	204	0	204
21961	0	0	1	200	0	201
21962	0	277	0	2	0	279
21963	288	0	0	3	0	291
21964	286	1	1	0	0	288
21965	1	0	0	285	0	286
21966	1	0	0	286	0	287
21967	1	0	0	289	0	290
21968	0	0	0	292	0	292
21969	0	0	284	2	0	286
21970	1	0	0	279	0	280
21971	289	0	1	0	0	290
21972	287	0	0	1	0	288
21973	1	0	1	269	0	271
21974	1	1	264	1	0	267
21975	247	1	0	1	0	249
21976	0	0	1	264	0	265
21977	1	259	1	0	0	261
21978	0	263	0	2	0	265
21979	265	1	1	0	0	267
21980	0	1	0	286	0	287
21981	2	0	0	288	0	290
21982	0	0	0	294	0	294
21983	0	0	0	295	0	295
21984	0	0	0	293	0	293
21985	0	1	279	2	0	282
21986	1	0	277	1	0	279
21987	1	0	280	0	0	281
21988	0	0	2	282	0	284
21989	0	0	285	2	0	287
21990	0	1	1	258	0	260
21991	0	0	1	272	0	273
21992	0	0	1	276	0	277
21993	316	0	0	3	0	319
21994	2	0	0	310	0	312
21995	2	0	0	318	0	320
21996	315	0	0	3	0	318
21997	1	305	2	1	0	309
21998	2	311	0	0	0	313
21999	316	2	0	0	0	318
22000	1	310	0	0	0	311
22001	318	2	0	0	0	320
22002	317	1	1	0	0	319
22003	307	0	0	1	0	308
22004	279	0	0	1	0	280
22005	282	0	0	1	0	283
22006	2	274	0	1	0	277
22007	281	1	0	1	0	283
22008	280	1	1	0	0	282
22009	2	264	1	0	0	267
22010	282	1	1	0	0	284
22011	361	1	0	1	0	363
22012	421	0	1	0	0	422
22013	422	0	0	0	0	422
22014	4	0	464	1	0	469
22015	2	0	5	470	0	477
22016	1	0	2	500	0	503
22017	0	1	483	8	0	492
22018	0	0	433	3	0	436
22019	427	0	8	2	0	437
22020	4	0	3	448	0	455
22021	2	0	443	5	0	450
22022	2	0	443	2	0	447
22023	423	0	6	1	0	430
22024	447	0	3	2	0	452
22025	446	0	2	0	0	448
22026	9	0	465	1	0	475
22027	4	0	6	459	0	469
22028	2	0	434	7	0	443
22029	414	0	8	3	0	425
22030	8	0	444	2	0	454
22031	4	0	8	422	0	434
22032	2	0	5	423	0	430
22033	1	428	2	10	0	441
22034	439	4	4	6	0	453
22035	7	2	434	2	0	445
22036	423	1	9	3	0	436
22037	10	1	438	2	0	451
22038	3	0	7	428	0	438
22039	1	0	7	440	0	448
22040	2	0	4	447	0	453
22041	443	0	0	9	0	452
22042	11	0	1	435	0	447
22043	5	0	2	435	0	442
22044	1	404	4	11	0	420
22045	1	6	2	423	0	432
22046	409	2	3	9	0	423
22047	8	2	401	4	0	415
22048	5	2	8	412	0	427
22049	6	0	403	11	0	420
22050	5	383	6	6	0	400
22051	5	7	407	2	0	421
22052	391	2	11	4	0	408
22053	415	1	5	3	0	424
22054	11	1	5	381	0	398
22055	386	0	5	10	0	401
22056	394	2	3	4	0	403
22057	11	0	1	389	0	401
22058	7	0	2	394	0	403
22059	5	0	419	10	0	434
22060	5	406	11	9	0	431
22061	433	7	4	5	0	449
22062	13	366	1	4	0	384
22063	8	8	3	365	0	384
22064	7	3	5	367	0	382
22065	2	1	8	369	0	380
22066	4	1	4	374	0	383
22067	3	1	360	9	0	373
22068	343	2	10	7	0	362
22069	359	0	8	7	0	374
22070	12	2	2	369	0	385
22071	461	0	3	11	0	475
22072	12	2	4	458	0	476
22073	14	0	435	7	0	456
22074	9	2	7	442	0	460
22075	5	440	4	16	0	465
22076	4	5	6	440	0	455
22077	2	464	8	13	0	487
22078	6	8	3	455	0	472
22079	6	474	4	8	0	492
22080	440	8	2	10	0	460
22081	6	6	429	9	0	450
22082	4	420	6	12	0	442
22083	7	445	4	8	0	464
22084	4	5	9	447	0	465
22085	7	3	7	426	0	443
22086	7	2	5	428	0	442
22087	4	5	2	451	0	462
22088	4	425	6	14	0	449
22089	8	7	3	451	0	469
22090	5	3	6	458	0	472
22091	448	2	3	14	0	467
22092	11	3	4	453	0	471
22093	6	3	394	12	0	415
22094	3	3	376	10	0	392
22095	353	4	8	10	0	375
22096	7	417	7	8	0	439
22097	6	435	4	6	0	451
22098	8	8	6	432	0	454
22099	5	9	3	438	0	455
22100	4	7	425	11	0	447
22101	386	5	7	9	0	407
22102	412	0	5	13	0	430
22103	8	1	426	12	0	447
22104	7	0	413	10	0	430
22105	413	5	10	6	0	434
22106	428	2	6	6	0	442
22107	431	1	2	8	0	442
22108	437	1	2	7	0	447
22109	13	418	0	10	0	441
22110	432	6	7	4	0	449
22111	8	2	315	2	0	327
22112	5	1	276	1	0	283
22113	2	1	277	2	0	282
22114	2	0	15	189	0	206
22115	204	0	1	0	0	205
22116	200	0	0	1	0	201
22117	1	0	0	197	0	198
22118	1	0	0	180	0	181
22119	0	0	0	199	0	199
22120	0	243	1	1	0	245
22121	258	0	0	1	0	259
22122	246	1	0	0	0	247
22123	251	0	0	0	0	251
22124	249	0	0	0	0	249
22125	252	0	0	0	0	252
22126	1	0	0	229	0	230
22127	1	225	0	0	0	226
22128	0	0	0	229	0	229
22129	0	0	0	223	0	223
22130	227	0	0	1	0	228
22131	0	0	210	1	0	211
22132	2	1	183	0	0	186
22133	0	0	209	0	0	209
22134	237	0	1	0	0	238
22135	250	0	1	0	0	251
22136	1	0	0	285	0	286
22137	1	0	0	271	0	272
22138	0	0	0	292	0	292
22139	0	0	291	5	0	296
22140	0	0	3	269	0	272
22141	0	0	301	3	0	304
22142	0	0	3	296	0	299
22143	0	0	2	294	0	296
22144	0	0	0	306	0	306
22145	300	0	0	6	0	306
22146	303	0	0	4	0	307
22147	4	0	323	2	0	329
22148	313	0	4	1	0	318
22149	330	0	3	1	0	334
22150	4	0	1	324	0	329
22151	333	0	1	4	0	338
22152	3	0	0	329	0	332
22153	2	0	0	327	0	329
22154	1	0	325	6	0	332
22155	292	0	4	2	0	298
22156	4	0	3	324	0	331
22157	3	0	342	3	0	348
22158	2	0	349	3	0	354
22159	1	0	5	308	0	314
22160	1	1	1	312	0	315
22161	330	0	0	6	0	336
22162	3	0	0	327	0	330
22163	1	0	1	324	0	326
22164	1	0	1	321	0	323
22165	1	0	1	332	0	334
22166	364	0	3	7	0	374
22167	347	0	4	3	0	354
22168	356	0	2	4	0	362
22169	355	0	1	5	0	361
22170	6	0	0	362	0	368
22171	301	0	0	6	0	307
22172	5	0	0	301	0	306
22173	304	0	1	5	0	310
22174	6	0	0	295	0	301
22175	4	0	0	293	0	297
22176	5	294	1	5	0	305
22177	4	3	0	279	0	286
22178	275	1	0	6	0	282
22179	259	0	1	4	0	264
22180	7	0	261	2	0	270
22181	4	265	4	3	0	276
22182	267	3	3	3	0	276
22183	6	278	2	2	0	288
22184	288	3	2	4	0	297
22185	4	280	2	4	0	290
22186	2	4	312	4	0	322
22187	2	319	4	4	0	329
22188	3	322	1	3	0	329
22189	2	3	1	337	0	343
22190	360	1	1	5	0	367
22191	6	1	0	353	0	360
22192	4	0	1	355	0	360
22193	357	2	0	5	0	364
22194	357	1	0	1	0	359
22195	7	2	1	352	0	362
22196	4	1	1	318	0	324
22197	2	2	0	332	0	336
22198	323	1	1	7	0	332
22199	7	1	319	4	0	331
22200	4	1	3	314	0	322
22201	2	1	322	8	0	333
22202	2	338	3	7	0	350
22203	5	4	370	3	0	382
22204	3	1	3	355	0	362
22205	4	0	377	6	0	387
22206	365	0	4	3	0	372
22207	6	1	2	375	0	384
22208	3	378	2	4	0	387
22209	2	5	1	381	0	389
22210	4	363	1	4	0	372
22211	1	370	3	2	0	376
22212	1	394	3	1	0	399
22213	0	8	2	378	0	388
22214	1	387	1	5	0	394
22215	399	5	1	2	0	407
22216	6	2	370	3	0	381
22217	4	5	334	4	0	347
22218	3	2	352	3	0	360
22219	2	1	3	375	0	381
22220	2	3	1	334	0	340
22221	2	2	0	342	0	346
22222	2	1	0	343	0	346
22223	1	1	0	338	0	340
22224	2	339	1	5	0	347
22225	3	3	322	4	0	332
22226	3	3	315	2	0	323
22227	2	322	9	2	0	335
22228	0	4	4	340	0	348
22229	0	0	3	343	0	346
22230	0	1	3	342	0	346
22231	340	0	3	6	0	349
22232	4	0	333	6	0	343
22233	300	1	4	3	0	308
22234	345	3	1	2	0	351
22235	11	325	5	3	0	344
22236	0	309	0	1	0	310
22237	311	7	3	0	0	321
22238	8	0	0	303	0	311
22239	0	1	0	336	0	337
22240	0	1	327	8	0	336
22241	0	1	308	3	0	312
22242	0	1	8	317	0	326
22243	327	0	1	7	0	335
22244	7	1	345	1	0	354
22245	355	1	10	1	0	367
22246	9	1	1	362	0	373
22247	3	1	1	335	0	340
22248	1	1	1	343	0	346
22249	1	1	322	11	0	335
22250	0	287	11	4	0	302
22251	0	318	3	5	0	326
22252	328	9	1	0	0	338
22253	332	3	2	1	0	338
22254	11	1	0	346	0	358
22255	351	0	0	16	0	367
22256	14	1	333	4	0	352
22257	2	1	335	2	0	340
22258	1	0	19	311	0	331
22259	318	1	3	16	0	338
22260	14	1	1	309	0	325
22261	3	0	2	323	0	328
22262	313	1	1	17	0	332
22263	309	1	0	4	0	314
22264	16	328	1	2	0	347
22265	336	16	1	1	0	354
22266	17	2	2	290	0	311
22267	1	293	0	17	0	311
22268	303	17	0	1	0	321
22269	16	292	0	2	0	310
22270	3	16	0	301	0	320
22271	303	2	0	17	0	322
22272	17	2	288	2	0	309
22273	2	1	302	2	0	307
22274	2	0	19	278	0	299
22275	0	0	3	308	0	311
22276	1	1	2	293	0	297
22277	1	324	0	18	0	343
22278	344	21	0	4	0	369
22279	347	5	0	3	0	355
22280	431	2	0	1	0	434
22281	34	414	1	1	0	450
22282	13	24	1	445	0	483
22283	3	9	1	483	0	496
22284	0	4	0	491	0	495
22285	436	1	0	45	0	482
22286	29	415	0	14	0	458
22287	12	30	0	416	0	458
22288	6	9	0	441	0	456
22289	3	2	376	42	0	423
22290	1	392	28	13	0	434
22291	1	32	12	389	0	434
22292	0	11	3	420	0	434
22293	3	4	0	436	0	443
22294	394	1	1	46	0	442
22295	35	390	2	16	0	443
22296	404	32	1	8	0	445
22297	34	12	0	401	0	447
22298	409	5	3	34	0	451
22299	37	5	381	12	0	435
22300	394	3	30	8	0	435
22301	447	3	12	6	0	468
22302	43	1	352	7	0	403
22303	18	2	30	360	0	410
22304	4	4	11	401	0	420
22305	370	2	3	42	0	417
22306	30	3	4	383	0	420
22307	15	2	3	400	0	420
22308	8	0	3	411	0	422
22309	6	1	353	48	0	408
22310	347	0	31	19	0	397
22311	30	358	13	6	0	407
22312	15	31	5	364	0	415
22313	6	385	2	35	0	428
22314	7	424	1	15	0	447
22315	6	41	3	403	0	453
22316	4	17	393	34	0	448
22317	3	7	415	20	0	445
22318	4	1	43	408	0	456
22319	3	3	448	36	0	490
22320	429	4	35	19	0	487
22321	34	2	9	515	0	560
22322	14	6	5	536	0	561
22323	4	523	4	46	0	577
22324	2	33	1	559	0	595
22325	1	15	7	556	0	579
22326	27	502	7	44	0	580
22327	1	32	3	585	0	621
22328	5	12	7	582	0	606
22329	7	550	2	45	0	604
22330	569	32	2	17	0	620
22331	35	13	593	10	0	651
22332	14	9	610	7	0	640
22333	7	5	44	552	0	608
22334	4	1	15	579	0	599
22335	6	3	551	37	0	597
22336	3	13	527	23	0	566
22337	504	4	34	12	0	554
22338	21	544	15	9	0	589
22339	540	27	4	6	0	577
22340	27	12	514	8	0	561
22341	12	518	30	5	0	565
22342	4	27	12	601	0	644
22343	0	15	652	32	0	699
22344	2	3	633	16	0	654
22345	0	2	40	614	0	656
22346	7	0	634	30	0	671
22347	0	621	32	11	0	664
22348	6	27	9	633	0	675
22349	2	12	617	35	0	666
22350	5	622	30	14	0	671
22351	753	31	11	10	0	805
22352	30	15	739	8	0	792
22353	14	733	31	6	0	784
22354	5	28	12	734	0	779
22355	6	11	12	791	0	820
22356	763	9	8	44	0	824
22357	33	6	2	771	0	812
22358	12	1	7	803	0	823
22359	762	8	8	46	0	824
22360	37	2	4	786	0	829
22361	10	3	755	42	0	810
22362	7	7	31	764	0	809
22363	7	4	806	43	0	860
22364	3	5	766	23	0	797
22365	7	4	795	8	0	814
22366	6	1	37	746	0	790
22367	9	3	16	814	0	842
22368	797	3	8	40	0	848
22369	34	1	5	788	0	828
22370	15	780	8	33	0	836
22371	3	32	5	835	0	875
22372	3	10	7	833	0	853
22373	1	810	12	43	0	866
22374	809	31	12	12	0	864
22375	802	10	6	12	0	830
22376	34	776	9	15	0	834
22377	14	788	2	6	0	810
22378	5	25	3	776	0	809
22379	699	12	88	26	0	825
22380	20	3	672	8	0	703
22381	1	6	671	8	0	686
22382	618	4	14	5	0	641
22383	19	640	4	3	0	666
22384	4	14	5	657	0	680
22385	4	5	4	663	0	676
22386	4	5	0	708	0	717
22387	2	5	2	705	0	714
22388	4	678	2	24	0	708
22389	2	24	2	714	0	742
22390	710	2	5	29	0	746
22391	21	4	4	715	0	744
22392	5	7	3	745	0	760
22393	727	1	3	31	0	762
22394	736	4	2	9	0	751
22395	738	1	1	12	0	752
22396	739	2	0	15	0	756
22397	31	3	1	723	0	758
22398	729	0	1	29	0	759
22399	29	2	2	723	0	756
22400	723	2	1	28	0	754
22401	718	2	2	12	0	734
22402	30	1	3	694	0	728
22403	8	1	679	28	0	716
22404	670	0	23	6	0	699
22405	714	1	2	8	0	725
22406	713	3	3	7	0	726
22407	716	1	4	6	0	727
22408	32	1	1	693	0	727
22409	10	2	678	26	0	716
22410	11	1	653	10	0	675
22411	629	1	22	7	0	659
22412	648	4	2	4	0	658
22413	26	598	6	2	0	632
22414	6	641	5	6	0	658
22415	640	22	2	3	0	667
22416	27	5	2	620	0	654
22417	7	4	2	652	0	665
22418	644	2	1	24	0	671
22419	24	583	2	3	0	612
22420	593	22	4	9	0	628
22421	25	2	532	5	0	564
22422	522	4	19	3	0	548
22423	25	4	3	519	0	551
22424	9	5	556	24	0	594
22425	4	546	18	7	0	575
22426	8	20	1	577	0	606
22427	4	4	580	31	0	619
22428	3	3	25	580	0	611
22429	618	4	2	28	0	652
22430	31	2	605	10	0	648
22431	556	3	25	9	0	593
22432	31	605	6	5	0	647
22433	13	25	3	627	0	668
22434	9	2	654	28	0	693
22435	11	2	19	679	0	711
22436	7	4	687	32	0	730
22437	11	667	21	9	0	708
22438	691	23	7	8	0	729
22439	29	669	6	31	0	735
22440	12	22	4	711	0	749
22441	8	5	1	744	0	758
22442	9	5	650	26	0	690
22443	514	7	18	6	0	545
22444	24	576	4	9	0	613
22445	6	572	3	6	0	587
22446	5	621	6	6	0	638
22447	5	19	3	606	0	633
22448	6	604	3	16	0	629
22449	7	18	3	611	0	639
22450	6	635	3	16	0	660
22451	4	14	0	513	0	531
22452	2	501	1	14	0	518
22453	501	15	2	6	0	524
22454	17	4	497	1	0	519
22455	468	1	11	2	0	482
22456	493	3	1	1	0	498
22457	498	1	1	1	0	501
22458	11	483	1	0	0	495
22459	495	11	0	2	0	508
22460	495	3	3	2	0	503
22461	516	0	3	2	0	521
22462	16	1	513	3	0	533
22463	5	1	11	463	0	480
22464	3	4	471	12	0	490
22465	4	0	13	457	0	474
22466	466	1	4	12	0	483
22467	14	453	2	4	0	473
22468	5	12	499	2	0	518
22469	2	3	13	580	0	598
22470	1	2	4	629	0	636
22471	0	1	829	18	0	848
22472	794	0	24	5	0	823
22473	843	2	4	3	0	852
22474	864	1	3	1	0	869
22475	29	2	2	814	0	847
22476	8	778	1	26	0	813
22477	3	841	2	8	0	854
22478	1	26	2	834	0	863
22479	2	7	3	838	0	850
22480	3	819	2	28	0	852
22481	788	14	0	5	0	807
22482	14	781	0	0	0	795
22483	3	14	0	786	0	803
22484	2	4	774	13	0	793
22485	0	2	16	780	0	798
22486	798	0	4	17	0	819
22487	15	0	767	5	0	787
22488	771	0	12	2	0	785
22489	809	0	5	0	0	814
22490	837	1	2	0	0	840
22491	829	1	0	0	0	830
22492	870	0	4	1	0	875
22493	24	1	828	3	0	856
22494	9	3	817	0	0	829
22495	858	0	18	0	0	876
22496	892	1	8	0	0	901
22497	24	0	2	938	0	964
22498	7	932	1	22	0	962
22499	1	22	0	989	0	1012
22500	996	8	1	26	0	1031
22501	25	4	2	954	0	985
22502	10	969	1	25	0	1005
22503	1008	20	1	10	0	1039
22504	1003	10	0	3	0	1016
22505	1011	7	0	3	0	1021
22506	38	974	2	3	0	1017
22507	12	20	2	992	0	1026
22508	5	6	1	1000	0	1012
22509	3	968	3	33	0	1007
22510	4	24	1	1016	0	1045
22511	995	9	0	29	0	1033
22512	995	5	1	8	0	1009
22513	36	936	0	51	0	1023
22514	17	22	1	996	0	1036
22515	5	9	1	1014	0	1029
22516	2	6	3	1032	0	1043
22517	1008	1	1	38	0	1048
22518	28	4	973	13	0	1018
22519	970	0	24	7	0	1001
22520	31	4	986	2	0	1023
22521	12	4	27	938	0	981
22522	8	948	11	27	0	994
22523	6	986	5	26	0	1023
22524	940	35	2	8	0	985
22525	935	15	1	3	0	954
22526	43	917	0	3	0	963
22527	15	947	1	4	0	967
22528	936	38	1	7	0	982
22529	935	18	3	7	0	963
22530	38	930	2	8	0	978
22531	986	27	1	3	0	1017
22532	32	14	909	5	0	960
22533	956	7	26	4	0	993
22534	951	3	12	5	0	971
22535	42	5	5	886	0	938
22536	17	862	4	32	0	915
22537	9	31	5	895	0	940
22538	900	12	4	38	0	954
22539	39	8	4	886	0	937
22540	19	2	2	902	0	925
22541	19	2	849	39	0	909
22542	13	0	29	873	0	915
22543	8	3	12	922	0	945
22544	895	4	7	45	0	951
22545	37	3	878	17	0	935
22546	866	2	33	12	0	913
22547	45	5	10	854	0	914
22548	17	4	6	888	0	915
22549	16	3	1	881	0	901
22550	8	822	4	48	0	882
22551	5	866	0	21	0	892
22552	10	40	1	891	0	942
22553	887	16	3	35	0	941
22554	912	8	2	14	0	936
22555	46	5	2	888	0	941
22556	900	3	2	37	0	942
22557	43	3	0	892	0	938
22558	14	8	1	918	0	941
22559	852	8	3	48	0	911
22560	33	870	2	22	0	927
22561	879	30	0	12	0	921
22562	881	14	1	7	0	903
22563	864	5	4	10	0	883
22564	45	842	3	9	0	899
22565	18	35	2	864	0	919
22566	10	14	1	899	0	924
22567	5	6	815	49	0	875
22568	8	6	29	821	0	864
22569	11	2	711	39	0	763
22570	10	656	32	17	0	715
22571	5	444	7	2	0	458
22572	5	465	3	1	0	474
22573	6	25	0	460	0	491
22574	8	7	0	477	0	492
22575	1	6	1	478	0	486
22576	3	1	1	487	0	492
22577	5	3	465	28	0	501
22578	3	4	503	12	0	522
22579	2	4	26	515	0	547
22580	6	2	532	23	0	563
22581	513	3	24	12	0	552
22582	550	2	8	9	0	569
22583	31	3	522	6	0	562
22584	11	0	21	523	0	555
22585	5	3	8	552	0	568
22586	4	2	8	555	0	569
22587	7	2	3	552	0	564
22588	4	2	3	530	0	539
22589	436	3	7	31	0	477
22590	499	3	4	16	0	522
22591	26	488	2	11	0	527
22592	12	20	431	6	0	469
22593	7	404	16	9	0	436
22594	4	436	6	6	0	452
22595	414	20	4	5	0	443
22596	19	425	1	10	0	455
22597	7	346	3	3	0	359
22598	343	14	2	4	0	363
22599	16	9	323	4	0	352
22600	311	3	12	4	0	330
22601	15	2	1	314	0	332
22602	5	4	1	311	0	321
22603	4	2	1	323	0	330
22604	5	0	301	16	0	322
22605	4	293	13	7	0	317
22606	308	11	1	11	0	331
22607	12	1	6	389	0	408
22608	1	397	3	23	0	424
22609	3	25	5	405	0	438
22610	3	6	400	23	0	432
22611	4	5	20	397	0	426
22612	5	0	1	422	0	428
22613	2	5	1	414	0	422
22614	410	2	1	29	0	442
22615	24	1	3	419	0	447
22616	3	0	404	31	0	438
22617	6	397	19	10	0	432
22618	2	23	2	412	0	439
22619	7	2	4	427	0	440
22620	7	3	411	29	0	450
22621	5	2	409	6	0	422
22622	388	5	20	3	0	416
22623	408	5	1	6	0	420
22624	22	395	2	8	0	427
22625	398	22	3	6	0	429
22626	24	2	400	6	0	432
22627	7	2	368	3	0	380
22628	365	1	20	8	0	394
22629	362	3	2	7	0	374
22630	21	3	326	6	0	356
22631	300	0	22	4	0	326
22632	18	3	295	7	0	323
22633	273	0	18	4	0	295
22634	293	4	0	4	0	301
22635	19	1	4	302	0	326
22636	5	302	1	19	0	327
22637	285	17	4	0	0	306
22638	15	3	296	2	0	316
22639	5	303	14	2	0	324
22640	306	16	2	6	0	330
22641	312	5	2	4	0	323
22642	15	305	3	6	0	329
22643	8	16	4	284	0	312
22644	4	4	281	19	0	308
22645	2	4	14	280	0	300
22646	7	2	275	21	0	305
22647	3	1	21	275	0	300
22648	3	1	2	297	0	303
22649	4	2	263	19	0	288
22650	3	257	17	8	0	285
22651	3	18	5	263	0	289
22652	5	2	214	22	0	243
22653	229	5	16	7	0	257
22654	18	3	3	247	0	271
22655	5	5	5	261	0	276
22656	243	4	5	23	0	275
22657	19	3	7	227	0	256
22658	7	4	1	242	0	254
22659	3	242	4	24	0	273
22660	5	17	3	246	0	271
22661	8	0	236	19	0	263
22662	7	1	15	194	0	217
22663	5	235	4	16	0	260
22664	5	251	4	6	0	266
22665	3	18	4	245	0	270
22666	241	2	9	21	0	273
22667	15	5	13	235	0	268
22668	243	3	6	22	0	274
22669	25	7	2	238	0	272
22670	241	6	4	22	0	273
22671	257	4	7	4	0	272
22672	23	2	6	272	0	303
22673	8	1	12	274	0	295
22674	11	244	4	19	0	278
22675	15	287	3	6	0	311
22676	11	15	260	11	0	297
22677	8	261	21	6	0	296
22678	223	14	7	6	0	250
22679	20	2	6	216	0	244
22680	6	203	2	14	0	225
22681	205	12	4	5	0	226
22682	13	3	5	203	0	224
22683	6	4	2	211	0	223
22684	5	3	4	215	0	227
22685	1	6	3	211	0	221
22686	6	238	3	13	0	260
22687	9	261	3	2	0	275
22688	276	16	3	5	0	300
22689	19	305	1	4	0	329
22690	4	16	5	334	0	359
22691	7	1	4	352	0	364
22692	6	2	2	350	0	360
22693	0	2	6	354	0	362
22694	333	2	2	24	0	361
22695	344	1	5	6	0	356
22696	16	3	317	3	0	339
22697	2	8	18	326	0	354
22698	2	4	368	22	0	396
22699	6	1	22	376	0	405
22700	5	4	1	406	0	416
22701	418	3	1	24	0	446
22702	22	1	2	413	0	438
22703	8	3	395	24	0	430
22704	5	1	384	11	0	401
22705	398	4	14	8	0	424
22706	20	3	406	12	0	441
22707	1	1	6	305	0	313
22708	0	0	304	8	0	312
22709	1	0	6	304	0	311
22710	1	298	0	11	0	310
22711	3	6	0	302	0	311
22712	1	300	1	5	0	307
22713	0	311	0	3	0	314
22714	0	5	2	287	0	294
22715	284	0	0	9	0	293
22716	5	321	2	2	0	330
22717	2	5	0	336	0	343
22718	336	0	0	6	0	342
22719	334	0	2	0	0	336
22720	338	0	1	2	0	341
22721	6	0	2	332	0	340
22722	0	0	2	335	0	337
22723	335	0	0	6	0	341
22724	330	0	1	1	0	332
22725	337	0	1	3	0	341
22726	5	1	3	331	0	340
22727	2	0	320	6	0	328
22728	312	2	7	1	0	322
22729	5	1	2	331	0	339
22730	0	337	1	6	0	344
22731	2	6	1	342	0	351
22732	0	341	2	4	0	347
22733	1	6	0	347	0	354
22734	0	3	339	5	0	347
22735	1	304	4	4	0	313
22736	2	8	0	317	0	327
22737	2	0	0	324	0	326
22738	2	3	0	321	0	326
22739	350	2	0	7	0	359
22740	9	337	0	4	0	350
22741	5	5	0	352	0	362
22742	350	1	0	7	0	358
22743	349	0	1	2	0	352
22744	10	0	0	348	0	358
22745	2	1	370	9	0	382
22746	4	2	7	366	0	379
22747	2	363	2	7	0	374
22748	3	8	0	386	0	397
22749	379	1	2	11	0	393
22750	9	1	1	387	0	398
22751	2	2	371	11	0	386
22752	0	361	9	5	0	375
22753	381	8	1	4	0	394
22754	10	1	367	3	0	381
22755	372	1	8	3	0	384
22756	7	2	2	376	0	387
22757	1	1	2	382	0	386
22758	2	378	0	9	0	389
22759	384	8	0	5	0	397
22760	8	0	1	378	0	387
22761	4	1	1	386	0	392
22762	1	2	0	393	0	396
22763	1	2	372	9	0	384
22764	2	0	8	372	0	382
22765	377	2	0	8	0	387
22766	387	1	0	4	0	392
22767	10	0	2	378	0	390
22768	3	1	2	381	0	387
22769	381	1	0	9	0	391
22770	6	3	360	3	0	372
22771	403	0	7	3	0	413
22772	9	1	355	3	0	368
22773	1	3	357	2	0	363
22774	1	2	5	362	0	370
22775	4	2	348	8	0	362
22776	351	2	8	2	0	363
22777	10	0	3	359	0	372
22778	2	2	357	10	0	371
22779	334	1	7	3	0	345
22780	358	1	2	6	0	367
22781	9	2	395	2	0	408
22782	2	0	7	382	0	391
22783	2	389	2	6	0	399
22784	436	9	0	4	0	449
22785	13	0	489	3	0	505
22786	412	2	5	3	0	422
22787	7	440	0	3	0	450
22788	430	4	1	1	0	436
22789	425	1	1	3	0	430
22790	405	3	0	5	0	413
22791	7	0	2	403	0	412
22792	4	399	1	6	0	410
22793	2	5	379	3	0	389
22794	2	415	6	5	0	428
22795	1	6	2	409	0	418
22796	1	415	1	7	0	424
22797	3	432	2	1	0	438
22798	392	3	1	2	0	398
22799	6	0	381	5	0	392
22800	0	1	396	4	0	401
22801	5	1	361	1	0	368
22802	2	359	5	2	0	368
22803	376	3	1	5	0	385
22804	374	2	2	1	0	379
22805	374	0	0	3	0	377
22806	2	357	1	5	0	365
22807	1	6	0	399	0	406
22808	3	1	385	6	0	395
22809	1	3	346	3	0	353
22810	371	0	5	7	0	383
22811	396	1	1	3	0	401
22812	394	0	2	4	0	400
22813	4	3	388	3	0	398
22814	380	1	3	3	0	387
22815	9	0	0	390	0	399
22816	2	0	3	354	0	359
22817	4	2	339	6	0	351
22818	2	324	5	3	0	334
22819	2	2	3	351	0	358
22820	1	1	340	6	0	348
22821	330	0	7	2	0	339
22822	4	0	4	364	0	372
22823	1	1	2	370	0	374
22824	366	0	4	5	0	375
22825	9	0	3	365	0	377
22826	368	0	1	6	0	375
22827	367	1	2	3	0	373
22828	5	0	2	366	0	373
22829	2	3	3	362	0	370
22830	371	0	3	6	0	380
22831	6	1	5	369	0	381
22832	374	1	0	4	0	379
22833	437	4	1	2	0	444
22834	429	0	5	1	0	435
22835	10	1	2	456	0	469
22836	5	13	2	458	0	478
22837	467	2	1	7	0	477
22838	10	441	1	2	0	454
22839	1	420	1	1	0	423
22840	436	1	1	2	0	440
22841	3	1	414	0	0	418
22842	417	0	1	2	0	420
22843	3	0	1	490	0	494
22844	1	0	494	2	0	497
22845	497	0	1	1	0	499
22846	2	0	0	514	0	516
22847	2	0	0	507	0	509
22848	2	0	2	509	0	513
22849	0	1	0	510	0	511
22850	523	1	11	4	0	539
22851	3	508	3	1	0	515
22852	514	1	1	1	0	517
22853	3	1	525	2	0	531
22854	2	0	492	3	0	497
22855	2	524	4	0	0	530
22856	2	2	0	553	0	557
22857	3	0	538	4	0	545
22858	3	476	3	2	0	484
22859	2	2	533	2	0	539
22860	0	2	1	518	0	521
22861	4	0	0	541	0	545
22862	545	1	2	2	0	550
22863	4	1	1	529	0	535
22864	535	0	1	4	0	540
22865	4	0	528	0	0	532
22866	1	582	1	1	0	585
22867	1	1	1	714	0	717
22868	3	0	1	707	0	711
22869	1	2	706	3	0	712
22870	0	4	676	2	0	682
22871	635	0	2	2	0	639
22872	728	2	0	2	0	732
22873	4	1	0	721	0	726
22874	0	1	2	723	0	726
22875	3	746	1	2	0	752
22876	1	3	2	777	0	783
22877	771	2	0	5	0	778
22878	785	1	1	4	0	791
22879	3	792	4	3	0	802
22880	813	5	2	2	0	822
22881	767	2	1	2	0	772
22882	9	1	0	755	0	765
22883	5	807	2	8	0	822
22884	1	6	2	840	0	849
22885	3	4	1	773	0	781
22886	1	2	748	11	0	762
22887	696	1	9	6	0	712
22888	8	0	4	804	0	816
22889	4	4	0	803	0	811
22890	1	990	2	13	0	1006
22891	3	20	0	1018	0	1041
22892	1035	9	3	22	0	1069
22893	1086	5	1	10	0	1102
22894	33	2	1056	8	0	1099
22895	11	1	1050	3	0	1065
22896	5	4	32	1032	0	1073
22897	1	1	12	1114	0	1128
22898	5	1	1089	36	0	1131
22899	3	1	1073	14	0	1091
22900	1	0	35	1050	0	1086
22901	2	0	1087	25	0	1114
22902	3	1	1097	13	0	1114
22903	1	0	30	1045	0	1076
22904	1088	0	16	24	0	1128
22905	1116	0	8	11	0	1135
22906	34	3	1	1152	0	1190
22907	12	0	1	1162	0	1175
22908	1148	0	4	36	0	1188
22909	25	1	1	1151	0	1178
22910	1154	0	3	28	0	1185
22911	1141	0	0	12	0	1153
22912	36	0	0	1142	0	1178
22913	12	1	1	1158	0	1172
22914	1126	0	0	38	0	1164
22915	27	1096	0	18	0	1141
22916	14	1136	2	5	0	1157
22917	7	35	2	1147	0	1191
22918	5	15	1115	27	0	1162
22919	2	5	25	1112	0	1144
22920	1141	1	12	31	0	1185
22921	27	4	7	1120	0	1158
22922	1140	2	1	33	0	1176
22923	30	3	1106	16	0	1155
22924	1070	1	26	6	0	1103
22925	27	1	12	1118	0	1158
22926	12	1	8	1198	0	1219
22927	7	2	1194	40	0	1243
22928	7	0	24	1194	0	1225
22929	3	0	13	1213	0	1229
22930	6	3	6	1257	0	1272
22931	1256	0	3	41	0	1300
22932	28	0	1246	21	0	1295
22933	15	2	1196	8	0	1221
22934	1163	2	36	11	0	1212
22935	1167	0	15	10	0	1192
22936	40	1	1158	6	0	1205
22937	20	2	29	1112	0	1163
22938	8	1139	18	28	0	1193
22939	7	26	11	1187	0	1231
22940	1164	9	4	39	0	1216
22941	1197	5	10	17	0	1229
22942	40	3	9	1157	0	1209
22943	19	1128	7	40	0	1194
22944	5	27	9	1126	0	1167
22945	7	1120	7	36	0	1170
22946	1136	29	5	20	0	1190
22947	1119	11	7	13	0	1150
22948	1134	5	8	12	0	1159
22949	43	1084	10	11	0	1148
22950	18	1100	6	16	0	1140
22951	12	39	2	1106	0	1159
22952	8	14	3	1134	0	1159
22953	12	6	6	1124	0	1148
22954	13	2	3	1146	0	1164
22955	12	5	1068	51	0	1136
22956	1010	3	28	27	0	1068
22957	40	2	1090	16	0	1148
22958	1141	3	34	13	0	1191
22959	42	3	1175	15	0	1235
22960	1161	4	33	14	0	1212
22961	35	5	1180	13	0	1233
22962	1150	3	34	18	0	1205
22963	43	4	20	1183	0	1250
22964	1202	2	13	42	0	1259
22965	38	2	13	1255	0	1308
22966	27	4	6	1201	0	1238
22967	20	0	8	1093	0	1121
22968	13	1059	8	52	0	1132
22969	1069	29	3	26	0	1127
22970	1072	16	6	16	0	1110
22971	49	1045	6	16	0	1116
22972	21	25	6	1057	0	1109
22973	16	17	1007	45	0	1085
22974	1015	9	28	26	0	1078
22975	1002	6	13	22	0	1043
22976	1006	4	10	17	0	1037
22977	51	5	8	978	0	1042
22978	32	944	9	31	0	1016
22979	19	24	9	968	0	1020
22980	965	16	6	37	0	1024
22981	38	10	8	941	0	997
22982	17	946	13	36	0	1012
22983	852	23	2	18	0	895
22984	28	15	836	11	0	890
22985	20	10	830	16	0	876
22986	17	826	31	8	0	882
22987	9	851	18	14	0	892
22988	9	35	801	11	0	856
22989	27	17	753	14	0	811
22990	6	8	11	567	0	592
22991	618	4	7	10	0	639
22992	16	2	583	6	0	607
22993	6	506	11	3	0	526
22994	548	8	5	2	0	563
22995	8	539	5	3	0	555
22996	522	9	1	0	0	532
22997	7	546	2	1	0	556
22998	4	562	1	1	0	568
22999	2	8	0	565	0	575
23000	2	4	1	570	0	577
23001	0	3	559	7	0	569
23002	0	2	6	550	0	558
23003	565	1	2	8	0	576
23004	563	1	3	3	0	570
23005	8	0	2	541	0	551
23006	4	1	539	8	0	552
23007	6	1	528	3	0	538
23008	1	1	8	539	0	549
23009	1	1	567	7	0	576
23010	1	0	10	605	0	616
23011	0	2	3	598	0	603
23012	1	0	686	10	0	697
23013	630	1	9	4	0	644
23014	695	1	2	4	0	702
23015	10	0	673	2	0	685
23016	4	1	673	1	0	679
23017	4	0	14	656	0	674
23018	3	0	5	767	0	775
23019	3	0	3	784	0	790
23020	2	0	2	800	0	804
23021	777	0	3	18	0	798
23022	845	0	2	9	0	856
23023	20	0	2	979	0	1001
23024	7	0	2	1121	0	1130
23025	7	1	1076	26	0	1110
23026	3	1	20	1104	0	1128
23027	4	0	8	1117	0	1129
23028	1089	0	4	38	0	1131
23029	22	1101	2	16	0	1141
23030	10	25	2	1101	0	1138
23031	4	8	1	1107	0	1120
23032	3	4	1	1090	0	1098
23033	2	999	0	38	0	1039
23034	1	1077	1	14	0	1093
23035	3	27	3	1082	0	1115
23036	2	8	1	1106	0	1117
23037	5	5	1	1125	0	1136
23038	1068	7	1	35	0	1111
23039	25	1067	1	21	0	1114
23040	1083	22	0	11	0	1116
23041	1106	8	1	9	0	1124
23042	34	6	0	1073	0	1113
23043	14	1025	0	29	0	1068
23044	1026	26	1	17	0	1070
23045	28	12	0	1043	0	1083
23046	1030	4	3	31	0	1068
23047	31	3	2	1049	0	1085
23048	14	6	1046	33	0	1099
23049	8	5	1037	17	0	1067
23050	7	3	31	1068	0	1109
23051	4	2	12	1079	0	1097
23052	4	5	6	1074	0	1089
23053	5	1026	3	39	0	1073
23054	5	1122	5	19	0	1151
23055	1091	30	2	13	0	1136
23056	1071	13	1	9	0	1094
23057	35	1084	2	10	0	1131
23058	10	978	3	5	0	996
23059	4	1024	4	7	0	1039
23060	969	29	2	12	0	1012
23061	23	992	4	7	0	1026
23062	12	28	3	1009	0	1052
23063	995	15	2	25	0	1037
23064	1056	4	2	13	0	1075
23065	35	3	1	992	0	1031
23066	7	8	949	32	0	996
23067	5	7	964	14	0	990
23068	9	5	26	990	0	1030
23069	8	3	1004	31	0	1046
23070	5	4	24	996	0	1029
23071	3	5	13	1020	0	1041
23072	8	2	1011	38	0	1059
23073	5	7	1009	17	0	1038
23074	10	1	32	995	0	1038
23075	7	3	10	1056	0	1076
23076	1006	2	6	41	0	1055
23077	25	996	8	16	0	1045
23078	13	1088	4	13	0	1118
23079	1034	32	3	19	0	1088
23080	1092	9	2	17	0	1120
23081	31	1071	3	20	0	1125
23082	13	1117	6	10	0	1146
23083	1095	39	5	9	0	1148
23084	28	9	3	1100	0	1140
23085	1069	4	6	43	0	1122
23086	30	1062	7	22	0	1121
23087	1103	29	1	16	0	1149
23088	36	14	1063	16	0	1129
23089	1070	8	22	13	0	1113
23090	38	10	1071	9	0	1128
23091	15	11	19	1070	0	1115
23092	1048	8	13	29	0	1098
23093	27	10	1011	23	0	1071
23094	19	11	22	1029	0	1081
23095	1033	9	12	34	0	1088
23096	27	6	1027	31	0	1091
23097	19	4	26	1011	0	1060
23098	1006	9	15	33	0	1063
23099	32	1041	5	24	0	1102
23100	14	28	6	1065	0	1113
23101	14	14	5	1065	0	1098
23102	10	10	6	1062	0	1088
23103	7	1081	9	36	0	1133
23104	11	42	5	1100	0	1158
23105	13	13	4	1129	0	1159
23106	9	7	7	1085	0	1108
23107	13	8	7	1178	0	1206
23108	8	13	1118	44	0	1183
23109	1073	11	26	23	0	1133
23110	1096	3	13	13	0	1125
23111	37	1072	4	22	0	1135
23112	15	26	2	1016	0	1059
23113	13	12	5	1038	0	1068
23114	6	1022	3	43	0	1074
23115	4	25	4	1056	0	1089
23116	1005	9	8	35	0	1057
23117	24	1029	9	22	0	1084
23118	937	20	5	12	0	974
23119	23	6	5	943	0	977
23120	5	4	910	32	0	951
23121	5	923	20	13	0	961
23122	849	21	9	3	0	882
23123	14	726	3	3	0	746
23124	3	615	0	3	0	621
23125	572	11	31	2	0	616
23126	9	4	547	1	0	561
23127	3	537	7	3	0	550
23128	507	9	18	0	0	534
23129	487	2	1	17	0	507
23130	9	487	1	0	0	497
23131	3	5	0	500	0	508
23132	2	2	485	6	0	495
23133	0	1	6	481	0	488
23134	1	0	3	464	0	468
23135	0	2	0	504	0	506
23136	0	2	509	8	0	519
23137	1	1	6	496	0	504
23138	1	1	505	6	0	513
23139	1	2	491	2	0	496
23140	445	1	9	0	0	455
23141	7	499	4	1	0	511
23142	3	512	3	1	0	519
23143	2	12	0	533	0	547
23144	527	3	1	9	0	540
23145	531	1	0	3	0	535
23146	578	2	1	1	0	582
23147	587	0	0	2	0	589
23148	542	0	3	0	0	545
23149	13	1	518	2	0	534
23150	3	0	12	518	0	533
23151	2	510	3	12	0	527
23152	3	11	1	535	0	550
23153	529	3	1	11	0	544
23154	10	490	2	3	0	505
23155	3	10	0	505	0	518
23156	511	4	1	10	0	526
23157	510	0	0	6	0	516
23158	17	0	1	494	0	512
23159	4	2	0	506	0	512
23160	2	0	1	520	0	523
23161	1	0	499	13	0	513
23162	4	1	490	2	0	497
23163	0	1	11	502	0	514
23164	1	1	1	479	0	482
23165	469	1	1	14	0	485
23166	471	1	1	5	0	478
23167	467	0	2	2	0	471
23168	472	2	1	1	0	476
23169	442	1	0	3	0	446
23170	16	425	0	3	0	444
23171	438	12	1	1	0	452
23172	443	3	0	5	0	451
23173	449	0	1	3	0	453
23174	14	2	0	490	0	506
23175	5	1	492	12	0	510
23176	2	1	11	541	0	555
23177	3	1	590	15	0	609
23178	4	1	13	530	0	548
23179	5	586	4	10	0	605
23180	589	12	2	3	0	606
23181	581	4	0	3	0	588
23182	14	0	1	587	0	602
23183	3	0	2	641	0	646
23184	2	4	1	631	0	638
23185	3	620	0	15	0	638
23186	635	10	1	3	0	649
23187	618	4	0	1	0	623
23188	13	646	2	2	0	663
23189	4	10	1	676	0	691
23190	4	3	1	653	0	661
23191	2	658	1	12	0	673
23192	675	12	0	3	0	690
23193	673	2	2	0	0	677
23194	15	1	0	676	0	692
23195	4	0	652	12	0	668
23196	0	4	621	4	0	629
23197	1	2	15	658	0	676
23198	3	1	2	662	0	668
23199	2	1	1	639	0	643
23200	626	1	1	18	0	646
23201	623	0	1	4	0	628
23202	16	625	1	2	0	644
23203	597	13	1	2	0	613
23204	17	2	575	3	0	597
23205	4	2	559	2	0	567
23206	2	584	15	2	0	603
23207	498	8	2	1	0	509
23208	7	474	1	1	0	483
23209	489	9	2	0	0	500
23210	9	1	474	0	0	484
23211	2	2	469	0	0	473
23212	2	0	8	468	0	478
23213	1	1	453	7	0	462
23214	1	0	8	609	0	618
23215	0	0	2	600	0	602
23216	0	606	2	8	0	616
23217	0	7	0	618	0	625
23218	1	1	2	623	0	627
23219	611	1	1	9	0	622
23220	7	607	2	4	0	620
23221	3	9	0	613	0	625
23222	3	1	607	8	0	619
23223	517	1	9	6	0	533
23224	8	2	604	3	0	617
23225	3	1	7	592	0	603
23226	2	672	1	9	0	684
23227	3	13	0	671	0	687
23228	716	0	1	12	0	729
23229	711	2	2	1	0	716
23230	14	781	1	3	0	799
23231	840	11	1	2	0	854
23232	835	2	0	3	0	840
23233	839	3	1	2	0	845
23234	843	1	1	1	0	846
23235	826	1	0	5	0	832
23236	16	1	797	4	0	818
23237	5	1	12	847	0	865
23238	5	2	3	866	0	876
23239	2	0	1	858	0	861
23240	2	861	2	17	0	882
23241	3	7	3	930	0	943
23242	3	3	881	12	0	899
23243	3	884	9	6	0	902
23244	3	906	2	5	0	916
23245	36	10	4	885	0	935
23246	4	3	1	861	0	869
23247	3	4	1	849	0	857
23248	2	822	1	12	0	837
23249	1	846	2	4	0	853
23250	859	9	3	3	0	874
23251	848	5	3	0	0	856
23252	11	846	4	3	0	864
23253	867	7	1	3	0	878
23254	855	6	2	1	0	864
23255	10	2	3	854	0	869
23256	3	1	3	836	0	843
23257	4	1	2	860	0	867
23258	1	2	823	15	0	841
23259	4	6	832	8	0	850
23260	2	915	15	4	0	936
23261	992	13	3	1	0	1009
23262	16	6	1018	1	0	1041
23263	997	3	15	6	0	1021
23264	20	1	1096	3	0	1120
23265	1071	4	21	2	0	1098
23266	24	1121	4	2	0	1151
23267	1129	20	3	7	0	1159
23268	21	5	4	1123	0	1153
23269	6	5	3	1141	0	1155
23270	7	4	1070	21	0	1102
23271	2	1110	15	9	0	1136
23272	2	21	4	1142	0	1169
23273	4	6	1105	22	0	1137
23274	960	4	18	6	0	988
23275	21	1059	6	5	0	1091
23276	1014	17	3	4	0	1038
23277	19	948	1	3	0	971
23278	7	22	0	965	0	994
23279	906	3	0	18	0	927
23280	19	906	1	4	0	930
23281	4	17	2	968	0	991
23282	6	5	928	20	0	959
23283	841	3	17	7	0	868
23284	18	1	5	922	0	946
23285	5	2	884	23	0	914
23286	5	893	22	7	0	927
23287	4	20	3	920	0	947
23288	1	5	855	19	0	880
23289	1	6	18	815	0	840
23290	4	873	4	19	0	900
23291	1	929	7	5	0	942
23292	5	20	896	5	0	926
23293	2	11	19	900	0	932
23294	4	5	892	22	0	923
23295	877	5	23	5	0	910
23296	23	1	6	867	0	897
23297	3	873	4	17	0	897
23298	7	908	1	7	0	923
23299	901	20	5	2	0	928
23300	20	897	1	4	0	922
23301	887	21	0	4	0	912
23302	24	6	863	2	0	895
23303	838	6	20	3	0	867
23304	21	870	4	3	0	898
23305	895	18	5	4	0	922
23306	24	884	2	4	0	914
23307	4	23	1	886	0	914
23308	6	4	2	911	0	923
23309	2	9	871	24	0	906
23310	834	3	19	11	0	867
23311	21	3	853	5	0	882
23312	854	6	21	3	0	884
23313	22	4	5	870	0	901
23314	6	2	9	775	0	792
23315	6	768	3	19	0	796
23316	3	22	2	852	0	879
23317	6	7	4	885	0	902
23318	5	8	826	36	0	875
23319	768	9	21	20	0	818
23320	27	839	16	7	0	889
23321	858	27	8	1	0	894
23322	27	14	2	847	0	890
23323	13	8	6	877	0	904
23324	855	3	2	37	0	897
23325	22	838	5	20	0	885
23326	788	25	2	4	0	819
23327	25	779	5	1	0	810
23328	14	764	0	5	0	783
23329	757	29	6	8	0	800
23330	25	12	5	672	0	714
23331	11	9	706	23	0	749
23332	11	4	20	723	0	758
23333	4	7	13	725	0	749
23334	5	711	7	37	0	760
23335	3	20	2	734	0	759
23336	5	17	2	746	0	770
23337	5	7	2	746	0	760
23338	1	7	5	790	0	803
23339	5	7	740	37	0	789
23340	5	5	739	20	0	769
23341	7	5	33	707	0	752
23342	6	9	706	25	0	746
23343	8	6	696	15	0	725
23344	7	7	33	746	0	793
23345	6	7	764	29	0	806
23346	8	7	22	697	0	734
23347	6	760	16	19	0	801
23348	771	27	5	16	0	819
23349	26	18	761	12	0	817
23350	16	9	23	768	0	816
23351	9	5	808	30	0	852
23352	4	5	28	900	0	937
23353	7	6	13	927	0	953
23354	1041	6	9	43	0	1099
23355	36	11	5	1063	0	1115
23356	1014	8	3	48	0	1073
23357	1028	4	9	22	0	1063
23358	45	1032	8	16	0	1101
23359	1072	30	7	12	0	1121
23360	35	989	12	9	0	1045
23361	11	1057	8	10	0	1086
23362	1011	38	5	12	0	1066
23363	31	18	993	9	0	1051
23364	13	3	895	4	0	915
23365	856	3	37	6	0	902
23366	896	2	14	6	0	918
23367	36	906	11	6	0	959
23368	943	25	5	6	0	979
23369	963	14	8	8	0	993
23370	989	4	5	7	0	1005
23371	39	1	5	971	0	1016
23372	946	5	5	28	0	984
23373	28	978	3	21	0	1030
23374	18	24	4	1011	0	1057
23375	8	15	5	1010	0	1038
23376	4	1024	6	37	0	1071
23377	10	26	1	1063	0	1100
23378	1019	19	3	34	0	1075
23379	1029	8	3	22	0	1062
23380	46	982	11	7	0	1046
23381	17	992	6	5	0	1020
23382	1011	31	4	6	0	1052
23383	34	16	1026	5	0	1081
23384	23	6	1035	6	0	1070
23385	7	8	37	985	0	1037
23386	10	3	16	1062	0	1091
23387	10	11	1023	38	0	1082
23388	7	979	30	20	0	1036
23389	7	27	18	1007	0	1059
23390	14	19	978	26	0	1037
23391	9	7	28	970	0	1014
23392	12	3	19	980	0	1014
23393	7	1025	6	41	0	1079
23394	11	29	3	1043	0	1086
23395	13	14	6	1058	0	1091
23396	10	9	7	1084	0	1110
23397	1037	3	5	43	0	1088
23398	29	7	4	1010	0	1050
23399	20	1003	4	35	0	1062
23400	1044	31	6	20	0	1101
23401	32	20	1004	13	0	1069
23402	19	6	1017	9	0	1051
23403	986	2	35	14	0	1037
23404	28	6	21	1037	0	1092
23405	23	7	1012	29	0	1071
23406	9	11	25	1022	0	1067
23407	9	9	18	1056	0	1092
23408	1027	5	8	43	0	1083
23409	1009	11	8	20	0	1048
23410	39	1046	11	13	0	1109
23411	22	30	6	1071	0	1129
23412	12	15	1037	35	0	1099
23413	4	1073	31	20	0	1128
23414	1126	29	15	13	0	1183
23415	34	1208	6	13	0	1261
23416	1149	19	6	7	0	1181
23417	27	11	1128	9	0	1175
23418	1111	3	21	9	0	1144
23419	1162	5	10	5	0	1182
23420	31	4	1159	12	0	1206
23421	16	6	19	1131	0	1172
23422	8	1142	8	27	0	1185
23423	9	1178	4	13	0	1204
23424	8	1208	5	12	0	1233
23425	9	31	5	1255	0	1300
23426	12	11	1230	28	0	1281
23427	9	10	24	1184	0	1227
23428	12	8	7	1245	0	1272
23429	11	7	1194	32	0	1244
23430	8	1187	33	11	0	1239
23431	9	25	12	1153	0	1199
23432	1158	8	3	34	0	1203
23433	31	7	6	1139	0	1183
23434	14	6	8	1148	0	1176
23435	9	1142	6	36	0	1193
23436	1167	24	5	18	0	1214
23437	29	10	4	1206	0	1249
23438	7	6	1184	31	0	1228
23439	6	1170	22	10	0	1208
23440	1197	21	5	9	0	1232
23441	26	11	1189	5	0	1231
23442	1141	8	24	6	0	1179
23443	28	6	8	1173	0	1215
23444	9	1156	5	28	0	1198
23445	1174	21	6	8	0	1209
23446	1152	10	4	6	0	1172
23447	28	1190	4	5	0	1227
23448	6	26	3	1197	0	1232
23449	9	7	3	1231	0	1250
23450	1196	5	2	32	0	1235
23451	21	1183	3	18	0	1225
23452	8	18	2	1109	0	1137
23453	3	1064	5	49	0	1121
23454	1	956	2	3	0	962
23455	1	7	1	976	0	985
23456	975	4	1	9	0	989
23457	10	1045	2	2	0	1059
23458	3	9	0	1059	0	1071
23459	3	1	0	996	0	1000
23460	1	4	997	8	0	1010
23461	1	4	885	4	0	894
23462	1	883	7	5	0	896
23463	1	7	918	1	0	927
23464	2	5	10	912	0	929
23465	1	4	1007	9	0	1021
23466	0	0	10	981	0	991
23467	2	1	4	999	0	1006
23468	1	3	3	1025	0	1032
23469	1003	3	0	13	0	1019
23470	8	1	1	1000	0	1010
23471	4	2	0	994	0	1000
23472	3	970	2	11	0	986
23473	2	6	0	970	0	978
23474	993	3	0	11	0	1007
23475	9	989	3	6	0	1007
23476	990	6	0	4	0	1000
23477	8	1	948	2	0	959
23478	2	4	939	2	0	947
23479	2	1	10	972	0	985
23480	0	1	3	1026	0	1030
23481	1	992	2	6	0	1001
23482	1	9	1	1031	0	1042
23483	983	1	1	11	0	996
23484	964	2	1	4	0	971
23485	10	0	1	977	0	988
23486	4	1	1052	10	0	1067
23487	3	0	6	1065	0	1074
23488	0	3	1	1078	0	1082
23489	0	1	1	1083	0	1085
23490	1	2	0	1096	0	1099
23491	2	1	0	1085	0	1088
23492	1	1060	2	15	0	1078
23493	1034	9	2	5	0	1050
23494	1059	4	2	6	0	1071
23495	1063	2	5	1	0	1071
23496	15	1047	2	6	0	1070
23497	1087	9	2	4	0	1102
23498	12	1108	3	4	0	1127
23499	4	14	1131	4	0	1153
23500	7	2	10	1080	0	1099
23501	4	2	1130	8	0	1144
23502	3	1133	11	6	0	1153
23503	1150	12	5	4	0	1171
23504	12	5	1196	1	0	1214
23505	6	4	1237	4	0	1251
23506	5	1298	20	3	0	1326
23507	0	24	8	1370	0	1402
23508	3	9	1381	26	0	1419
23509	0	11	27	1326	0	1364
23510	3	5	9	1582	0	1599
23511	3	4	11	1802	0	1820
23512	1822	1	4	72	0	1899
23513	1829	5	5	28	0	1867
23514	61	3	1	1769	0	1834
23515	1757	3	3	62	0	1825
23516	73	1	1697	23	0	1794
23517	25	2	1691	18	0	1736
23518	19	3	1721	10	0	1753
23519	11	3	1714	19	0	1747
23520	11	1650	76	12	0	1749
23521	10	50	33	1657	0	1750
23522	11	15	1674	60	0	1760
23523	1572	13	58	26	0	1669
23524	1716	7	22	14	0	1759
23525	69	1504	20	153	0	1746
23526	1683	44	17	13	0	1757
23527	64	12	24	1651	0	1751
23528	26	22	1671	56	0	1775
23529	25	11	57	1619	0	1712
23530	11	1712	28	65	0	1816
23531	1769	55	26	23	0	1873
23532	1796	19	8	21	0	1844
23533	71	1783	15	16	0	1885
23534	1836	59	5	11	0	1911
23535	1821	22	6	12	0	1861
23536	76	1777	13	15	0	1881
23537	41	51	14	1676	0	1782
23538	25	1657	6	62	0	1750
23539	1691	66	12	24	0	1793
23540	65	23	14	1677	0	1779
23541	1684	26	15	59	0	1784
23542	68	17	12	1689	0	1786
23543	37	14	1631	71	0	1753
23544	1626	20	48	27	0	1721
23545	73	10	1662	27	0	1772
23546	35	6	66	1673	0	1780
23547	32	18	1658	62	0	1770
23548	24	8	64	1679	0	1775
23549	27	11	1717	70	0	1825
23550	1672	7	65	34	0	1778
23551	60	1655	30	38	0	1783
23552	1712	55	30	17	0	1814
23553	70	22	21	1699	0	1812
23554	1663	18	24	58	0	1763
23555	70	1640	15	26	0	1751
23556	28	1646	17	24	0	1715
23557	22	1645	12	23	0	1702
23558	1654	73	20	16	0	1763
23559	69	34	13	1623	0	1739
23560	32	31	17	1679	0	1759
23561	29	19	1591	73	0	1712
23562	22	24	1597	44	0	1687
23563	29	7	58	1634	0	1728
23564	19	11	1652	72	0	1754
23565	17	1544	60	35	0	1656
23566	1557	64	33	26	0	1680
23567	70	25	1641	14	0	1750
23568	35	21	1619	21	0	1696
23569	31	14	77	1588	0	1710
23570	1633	12	44	67	0	1756
23571	65	7	32	1642	0	1746
23572	1651	13	25	73	0	1762
23573	66	9	28	1650	0	1753
23574	32	17	1643	77	0	1769
23575	34	1571	61	27	0	1693
23576	25	57	1599	28	0	1709
23577	27	1595	63	24	0	1709
23578	17	64	32	1609	0	1722
23579	1569	26	31	59	0	1685
23580	65	28	1543	30	0	1666
23581	39	12	54	1552	0	1657
23582	24	10	26	1613	0	1673
23583	1613	7	26	81	0	1727
23584	58	8	20	1560	0	1646
23585	23	1568	33	72	0	1696
23586	1544	61	16	32	0	1653
23587	64	23	1487	27	0	1601
23588	1465	27	54	17	0	1563
23589	77	1500	25	21	0	1623
23590	28	62	18	1382	0	1490
23591	35	1500	20	44	0	1599
23592	1515	60	12	27	0	1614
23593	65	27	1470	30	0	1592
23594	1456	27	49	19	0	1551
23595	70	1497	23	20	0	1610
23596	34	59	15	1504	0	1612
23597	1527	16	15	59	0	1617
23598	1499	24	19	23	0	1565
23599	70	17	11	1454	0	1552
23600	31	39	13	1455	0	1538
23601	28	1411	13	70	0	1522
23602	24	70	13	1397	0	1504
23603	27	1654	14	60	0	1755
23604	9	1755	18	30	0	1812
23605	17	137	6	1575	0	1735
23606	18	1578	8	49	0	1653
23607	20	52	1616	21	0	1709
23608	69	28	1663	21	0	1781
23609	18	1678	63	23	0	1782
23610	38	47	1593	17	0	1695
23611	3	11	1472	1	0	1487
23612	4	7	1391	4	0	1406
23613	0	1378	48	8	0	1434
23614	1323	28	32	0	0	1383
23615	26	1314	12	2	0	1354
23616	7	36	1320	0	0	1363
23617	7	14	33	1305	0	1359
23618	1364	9	12	29	0	1414
23619	28	4	1403	9	0	1444
23620	8	7	33	1386	0	1434
23621	8	0	1441	30	0	1479
23622	2	5	33	1425	0	1465
23623	1410	0	22	34	0	1466
23624	27	4	1365	17	0	1413
23625	16	1399	32	7	0	1454
23626	11	30	15	1397	0	1453
23627	1432	12	11	31	0	1486
23628	31	10	1355	12	0	1408
23629	12	6	34	1249	0	1301
23630	13	1337	11	32	0	1393
23631	1293	27	16	10	0	1346
23632	1281	14	11	9	0	1315
23633	34	9	10	1273	0	1326
23634	22	1272	11	29	0	1334
23635	15	1340	8	12	0	1375
23636	1389	41	8	10	0	1448
23637	32	22	6	1348	0	1408
23638	20	1390	4	35	0	1449
23639	1377	39	5	14	0	1435
23640	37	11	7	1390	0	1445
23641	11	16	5	1433	0	1465
23642	12	15	1252	47	0	1326
23643	11	1418	24	26	0	1479
23644	9	1513	11	16	0	1549
23645	8	41	10	1499	0	1558
23646	1480	23	6	38	0	1547
23647	38	1467	9	19	0	1533
23648	1477	45	4	16	0	1542
23649	46	1402	7	9	0	1464
23650	15	50	8	1421	0	1494
23651	1436	25	8	35	0	1504
23652	42	12	8	1419	0	1481
23653	23	7	1379	46	0	1455
23654	10	15	35	1338	0	1398
23655	12	1391	15	45	0	1463
23656	1392	46	16	17	0	1471
23657	41	1405	7	24	0	1477
23658	22	47	9	1287	0	1365
23659	12	21	11	1372	0	1416
23660	8	23	1294	45	0	1370
23661	7	13	1312	30	0	1362
23662	9	14	45	1334	0	1402
23663	17	10	1296	46	0	1369
23664	7	1283	39	17	0	1346
23665	1300	40	22	22	0	1384
23666	43	17	1364	18	0	1442
23667	1328	14	48	9	0	1399
23668	1376	9	27	13	0	1425
23669	1374	11	20	14	0	1419
23670	1367	20	14	10	0	1411
23671	63	11	9	1426	0	1509
23672	33	6	10	1379	0	1428
23673	16	1395	19	45	0	1475
23674	1376	40	12	29	0	1457
23675	48	23	1322	20	0	1413
23676	23	20	43	1340	0	1426
23677	18	12	28	1365	0	1423
23678	12	12	1321	53	0	1398
23679	12	1327	49	33	0	1421
23680	15	40	20	1329	0	1404
23681	22	17	21	1401	0	1461
23682	1357	26	14	47	0	1444
23683	36	1344	9	34	0	1423
23684	21	41	5	1341	0	1408
23685	19	1316	14	43	0	1392
23686	16	54	10	1360	0	1440
23687	1346	19	9	55	0	1429
23688	1364	14	13	28	0	1419
23689	54	10	7	1369	0	1440
23690	1361	11	7	48	0	1427
23691	1348	9	12	25	0	1394
23692	50	1295	7	22	0	1374
23693	31	36	4	1298	0	1369
23694	29	1288	2	43	0	1362
23695	16	49	10	1299	0	1374
23696	1274	21	3	51	0	1349
23697	41	24	4	1279	0	1348
23698	24	10	2	1355	0	1391
23699	23	18	1266	52	0	1359
23700	19	1217	37	37	0	1310
23701	10	1329	15	26	0	1380
23702	1325	47	12	25	0	1409
23703	30	25	5	1023	0	1083
23704	910	15	3	32	0	960
23705	34	839	2	19	0	894
23706	19	836	4	17	0	876
23707	16	865	2	12	0	895
23708	687	14	1	3	0	705
23709	16	712	0	7	0	735
23710	717	9	0	2	0	728
23711	696	2	1	2	0	701
23712	779	2	1	1	0	783
23713	14	2	0	876	0	892
23714	2	2	2	929	0	935
23715	1	2	3	932	0	938
23716	2	2	1	938	0	943
23717	912	0	3	30	0	945
23718	22	875	5	6	0	908
23719	4	25	0	862	0	891
23720	856	4	2	27	0	889
23721	25	4	1	831	0	861
23722	7	2	2	849	0	860
23723	837	2	0	33	0	872
23724	28	1	809	4	0	842
23725	6	2	25	823	0	856
23726	4	0	815	27	0	846
23727	2	2	27	822	0	853
23728	5	2	3	859	0	869
23729	823	1	1	29	0	854
23730	28	790	1	10	0	829
23731	5	843	1	6	0	855
23732	834	26	1	3	0	864
23733	30	885	3	3	0	921
23734	914	26	0	4	0	944
23735	29	4	872	8	0	913
23736	826	2	18	4	0	850
23737	857	1	2	5	0	865
23738	856	1	1	1	0	859
23739	24	1	1	832	0	858
23740	1	2	2	839	0	844
23741	2	804	3	22	0	831
23742	1	22	1	799	0	823
23743	740	3	0	23	0	766
23744	24	688	1	2	0	715
23745	2	710	0	2	0	714
23746	709	22	0	1	0	732
23747	22	3	683	1	0	709
23748	3	1	20	676	0	700
23749	0	1	670	22	0	693
23750	3	0	19	669	0	691
23751	3	678	3	16	0	700
23752	4	20	0	714	0	738
23753	712	2	2	23	0	739
23754	22	0	0	710	0	732
23755	5	1	722	23	0	751
23756	674	2	25	5	0	706
23757	26	796	2	3	0	827
23758	3	899	3	1	0	906
23759	925	28	1	1	0	955
23760	961	3	1	2	0	967
23761	31	1	921	2	0	955
23762	912	1	26	5	0	944
23763	27	937	5	4	0	973
23764	957	25	1	3	0	986
23765	28	6	1	969	0	1004
23766	5	891	1	23	0	920
23767	935	28	0	6	0	969
23768	29	5	912	4	0	950
23769	7	2	25	930	0	964
23770	954	1	6	29	0	990
23771	32	2	856	5	0	895
23772	879	3	26	2	0	910
23773	30	1	5	888	0	924
23774	7	1	0	928	0	936
23775	2	3	887	37	0	929
23776	3	1	27	872	0	903
23777	894	2	4	30	0	930
23778	26	899	3	8	0	936
23779	940	30	1	5	0	976
23780	949	8	1	5	0	963
23781	33	3	1	922	0	959
23782	10	2	955	30	0	997
23783	3	2	26	971	0	1002
23784	968	2	6	33	0	1009
23785	31	927	2	10	0	970
23786	967	26	4	4	0	1001
23787	29	7	1	966	0	1003
23788	9	1	0	989	0	999
23789	4	1	3	1008	0	1016
23790	4	2	950	35	0	991
23791	5	2	26	961	0	994
23792	4	7	1028	29	0	1068
23793	4	8	1062	4	0	1078
23794	7	2	30	1092	0	1131
23795	6	3	1110	28	0	1147
23796	1206	4	29	9	0	1248
23797	36	4	7	1243	0	1290
23798	19	2	2	1208	0	1231
23799	7	1186	3	48	0	1244
23800	1254	37	3	18	0	1312
23801	1307	14	3	9	0	1333
23802	54	1275	2	7	0	1338
23803	20	44	2	1305	0	1371
23804	11	13	1273	43	0	1340
23805	1204	4	39	16	0	1263
23806	1332	4	15	5	0	1356
23807	59	25	6	1253	0	1343
23808	21	6	1177	39	0	1243
23809	9	1125	39	21	0	1194
23810	1130	41	16	4	0	1191
23811	46	19	1090	6	0	1161
23812	24	1012	38	4	0	1078
23813	919	20	12	3	0	954
23814	905	11	4	2	0	922
23815	32	4	3	878	0	917
23816	17	933	4	20	0	974
23817	10	18	3	971	0	1002
23818	5	12	1	965	0	983
23819	5	3	4	969	0	981
23820	6	4	3	987	0	1000
23821	3	5	967	36	0	1011
23822	5	3	19	991	0	1018
23823	2	3	13	1031	0	1049
23824	6	3	974	37	0	1020
23825	5	965	23	20	0	1013
23826	1008	22	9	12	0	1051
23827	1019	12	7	8	0	1046
23828	31	4	3	1062	0	1100
23829	1060	2	4	29	0	1095
23830	28	1	4	1089	0	1122
23831	19	4	1081	31	0	1135
23832	10	1	1072	21	0	1104
23833	7	979	35	8	0	1029
23834	1012	22	14	14	0	1062
23835	30	16	1165	4	0	1215
23836	17	6	37	1121	0	1181
23837	10	6	18	1260	0	1294
23838	7	2	8	1295	0	1312
23839	6	2	5	1296	0	1309
23840	5	1	10	1299	0	1315
23841	6	4	1214	70	0	1294
23842	5	2	38	1268	0	1313
23843	1233	5	20	51	0	1309
23844	40	1200	8	26	0	1274
23845	1237	39	8	13	0	1297
23846	46	1239	3	11	0	1299
23847	1262	43	5	9	0	1319
23848	1280	24	2	9	0	1315
23849	66	6	4	1225	0	1301
23850	28	11	1	1272	0	1312
23851	1239	3	4	61	0	1307
23852	1202	8	5	31	0	1246
23853	1219	3	7	17	0	1246
23854	57	1179	4	13	0	1253
23855	33	1193	3	12	0	1241
23856	12	100	1082	16	0	1210
23857	10	27	33	1067	0	1137
23858	12	13	1028	42	0	1095
23859	12	980	37	27	0	1056
23860	4	33	24	943	0	1004
23861	9	22	4	993	0	1028
23862	11	6	7	1033	0	1057
23863	963	20	3	53	0	1039
23864	986	3	3	35	0	1027
23865	49	961	6	14	0	1030
23866	23	31	5	991	0	1050
23867	15	22	961	37	0	1035
23868	10	9	939	29	0	987
23869	947	10	52	14	0	1023
23870	987	7	25	11	0	1030
23871	49	5	12	964	0	1030
23872	976	1	7	43	0	1027
23873	44	8	911	26	0	989
23874	27	921	33	18	0	999
23875	16	31	22	975	0	1044
23876	11	20	996	46	0	1073
23877	7	9	39	1007	0	1062
23878	6	9	19	1011	0	1045
23879	10	3	957	61	0	1031
23880	897	8	40	31	0	976
23881	981	3	19	25	0	1028
23882	49	1006	9	21	0	1085
23883	1069	38	10	14	0	1131
23884	1085	21	8	12	0	1126
23885	67	8	1015	15	0	1105
23886	1014	9	43	13	0	1079
23887	58	1043	22	16	0	1139
23888	1078	43	8	10	0	1139
23889	1142	22	9	9	0	1182
23890	1158	12	9	9	0	1188
23891	1131	11	6	9	0	1157
23892	1094	10	8	8	0	1120
23893	79	1053	4	11	0	1147
23894	1048	48	6	8	0	1110
23895	61	1047	8	7	0	1123
23896	22	907	2	5	0	936
23897	16	974	3	5	0	998
23898	967	56	3	4	0	1030
23899	946	20	49	5	0	1020
23900	45	9	882	4	0	940
23901	918	4	33	2	0	957
23902	932	3	12	3	0	950
23903	52	3	879	4	0	938
23904	18	2	35	843	0	898
23905	11	3	12	910	0	936
23906	7	4	5	974	0	990
23907	6	2	3	987	0	998
23908	4	3	2	998	0	1007
23909	5	3	939	52	0	999
23910	8	920	34	23	0	985
23911	937	33	13	8	0	991
23912	36	957	6	6	0	1005
23913	973	38	5	6	0	1022
23914	985	15	6	8	0	1014
23915	51	8	931	4	0	994
23916	19	5	35	837	0	896
23917	12	895	12	29	0	948
23918	920	33	7	13	0	973
23919	924	16	6	8	0	954
23920	936	6	4	5	0	951
23921	48	875	4	5	0	932
23922	888	32	5	4	0	929
23923	930	17	1	6	0	954
23924	950	8	6	5	0	969
23925	53	3	4	899	0	959
23926	20	8	3	920	0	951
23927	17	2	6	952	0	977
23928	851	8	2	43	0	904
23929	44	880	1	19	0	944
23930	873	34	0	10	0	917
23931	873	12	3	5	0	893
23932	865	6	1	6	0	878
23933	861	6	2	3	0	872
23934	54	833	1	5	0	893
23935	641	23	2	2	0	668
23936	26	651	0	2	0	679
23937	12	689	0	3	0	704
23938	686	22	0	1	0	709
23939	19	666	3	1	0	689
23940	13	686	0	2	0	701
23941	697	22	0	2	0	721
23942	710	8	0	1	0	719
23943	25	9	0	691	0	725
23944	16	3	0	718	0	737
23945	747	9	0	23	0	779
23946	753	7	2	7	0	769
23947	767	8	0	2	0	777
23948	31	4	724	1	0	760
23949	740	4	14	3	0	761
23950	21	3	7	736	0	767
23951	15	3	4	748	0	770
23952	11	4	1	756	0	772
23953	7	3	2	758	0	770
23954	5	6	711	28	0	750
23955	8	1	722	12	0	743
23956	9	5	21	728	0	763
23957	6	4	722	22	0	754
23958	7	8	755	12	0	782
23959	11	1	24	768	0	804
23960	7	6	10	797	0	820
23961	10	2	6	827	0	845
23962	9	3	1	826	0	839
23963	807	4	6	29	0	846
23964	823	1	4	14	0	842
23965	30	3	4	768	0	805
23966	12	2	7	773	0	794
23967	6	8	3	789	0	806
23968	9	1	2	784	0	796
23969	10	2	2	764	0	778
23970	13	734	5	26	0	778
23971	749	21	2	15	0	787
23972	27	754	5	9	0	795
23973	769	21	3	8	0	801
23974	775	8	1	10	0	794
23975	778	4	3	12	0	797
23976	27	7	3	691	0	728
23977	701	4	1	28	0	734
23978	27	8	2	692	0	729
23979	19	8	3	707	0	737
23980	704	5	0	27	0	736
23981	31	675	2	12	0	720
23982	16	612	1	8	0	637
23983	608	13	1	6	0	628
23984	19	8	570	6	0	603
23985	561	6	9	9	0	585
23986	38	4	3	591	0	636
23987	13	607	2	14	0	636
23988	11	641	0	9	0	661
23989	645	14	0	6	0	665
23990	16	10	2	634	0	662
23991	14	657	2	10	0	683
23992	617	9	1	10	0	637
23993	628	6	3	6	0	643
23994	568	5	2	4	0	579
23995	570	3	1	3	0	577
23996	10	548	2	3	0	563
23997	5	522	2	1	0	530
23998	532	7	0	3	0	542
23999	527	1	1	4	0	533
24000	12	3	535	3	0	553
24001	10	497	2	4	0	513
24002	505	7	1	4	0	517
24003	547	7	1	1	0	556
24004	16	4	556	4	0	580
24005	572	3	12	3	0	590
24006	14	0	550	1	0	565
24007	2	1	621	1	0	625
24008	4	0	13	572	0	589
24009	1	581	5	12	0	599
24010	620	14	3	2	0	639
24011	15	3	2	614	0	634
24012	3	3	2	627	0	635
24013	3	2	1	641	0	647
24014	622	0	0	20	0	642
24015	14	1	0	619	0	634
24016	3	0	0	652	0	655
24017	3	1	632	18	0	654
24018	629	0	13	7	0	649
24019	694	0	3	7	0	704
24020	22	0	675	2	0	699
24021	663	1	15	1	0	680
24022	19	2	4	668	0	693
24023	6	647	4	14	0	671
24024	3	14	2	657	0	676
24025	645	4	0	16	0	665
24026	12	644	2	5	0	663
24027	4	16	1	640	0	661
24028	1	4	0	663	0	668
24029	4	5	0	641	0	650
24030	1	2	0	597	0	600
24031	1	654	0	19	0	674
24032	653	13	1	7	0	674
24033	674	3	0	5	0	682
24034	19	697	0	5	0	721
24035	809	18	1	2	0	830
24036	870	5	0	2	0	877
24037	813	6	1	2	0	822
24038	36	4	744	0	0	784
24039	14	0	26	757	0	797
24040	8	1	728	26	0	763
24041	728	2	26	5	0	761
24042	32	745	9	7	0	793
24043	738	25	5	5	0	773
24044	26	746	5	2	0	779
24045	10	31	2	677	0	720
24046	5	10	4	716	0	735
24047	5	4	682	33	0	724
24048	4	686	24	11	0	725
24049	696	31	4	8	0	739
24050	33	7	685	6	0	731
24051	680	5	26	5	0	716
24052	33	3	6	696	0	738
24053	9	2	686	29	0	726
24054	7	680	27	7	0	721
24055	6	23	6	693	0	728
24056	7	5	684	31	0	727
24057	5	6	688	6	0	705
24058	5	655	32	9	0	701
24059	5	26	10	616	0	657
24060	3	8	9	605	0	625
24061	4	617	5	28	0	654
24062	620	31	3	14	0	668
24063	27	9	4	605	0	645
24064	8	619	1	29	0	657
24065	621	31	1	9	0	662
24066	637	10	0	11	0	658
24067	640	4	3	10	0	657
24068	36	612	3	7	0	658
24069	633	26	1	7	0	667
24070	648	7	4	6	0	665
24071	42	6	2	618	0	668
24072	630	6	1	30	0	667
24073	36	4	1	626	0	667
24074	13	7	603	32	0	655
24075	14	3	612	13	0	642
24076	12	2	32	677	0	723
24077	6	1	682	32	0	721
24078	648	2	34	14	0	698
24079	31	2	9	681	0	723
24080	9	4	8	697	0	718
24081	9	4	648	35	0	696
24082	10	623	28	10	0	671
24083	5	684	8	12	0	709
24084	2	36	5	660	0	703
24085	5	7	4	668	0	684
24086	4	7	625	38	0	674
24087	5	8	645	12	0	670
24088	4	7	30	638	0	679
24089	6	3	616	32	0	657
24090	574	2	36	10	0	622
24091	28	3	8	594	0	633
24092	595	3	7	31	0	636
24093	32	3	6	591	0	632
24094	11	4	5	618	0	638
24095	5	2	565	40	0	612
24096	6	572	30	13	0	621
24097	4	25	9	589	0	627
24098	5	9	570	30	0	614
24099	5	573	26	11	0	615
24100	5	28	7	568	0	608
24101	564	9	7	31	0	611
24102	32	4	594	12	0	642
24103	561	8	21	8	0	598
24104	25	4	542	6	0	577
24105	475	2	17	2	0	496
24106	20	484	11	2	0	517
24107	7	466	5	3	0	481
24108	8	19	3	444	0	474
24109	2	444	3	18	0	467
24110	452	19	0	5	0	476
24111	17	6	4	452	0	479
24112	6	4	1	473	0	484
24113	2	4	3	471	0	480
24114	2	3	442	23	0	470
24115	1	2	17	452	0	472
24116	2	2	433	23	0	460
24117	3	426	20	7	0	456
24118	399	13	4	7	0	423
24119	14	379	4	5	0	402
24120	385	16	3	3	0	407
24121	403	4	3	1	0	411
24122	400	4	1	2	0	407
24123	401	1	1	2	0	405
24124	20	5	375	2	0	402
24125	9	1	16	375	0	401
24126	5	2	3	382	0	392
24127	4	1	2	404	0	411
24128	376	0	3	19	0	398
24129	383	1	1	7	0	392
24130	19	371	1	7	0	398
24131	6	13	346	3	0	368
24132	4	2	341	5	0	352
24133	3	325	16	5	0	349
24134	2	312	8	2	0	324
24135	3	8	38	170	0	219
24136	1	1	1	171	0	174
24137	172	1	0	3	0	176
24138	4	166	0	2	0	172
24139	2	4	0	173	0	179
24140	1	1	171	4	0	177
24141	1	2	3	177	0	183
24142	1	0	1	177	0	179
24143	0	0	1	182	0	183
24144	0	1	0	181	0	182
24145	1	0	173	7	0	181
24146	1	157	4	1	0	163
24147	1	174	2	1	0	178
24148	174	5	1	0	0	180
24149	3	173	2	0	0	178
24150	3	173	1	0	0	177
24151	0	7	0	171	0	178
24152	1	3	0	174	0	178
24153	1	0	0	173	0	174
24154	1	1	168	5	0	175
24155	3	175	3	1	0	182
24156	0	4	2	182	0	188
24157	0	198	0	5	0	203
24158	202	2	1	3	0	208
24159	3	195	1	2	0	201
24160	207	3	0	2	0	212
24161	4	1	208	1	0	214
24162	210	2	3	1	0	216
24163	4	0	3	215	0	222
24164	1	2	210	3	0	216
24165	212	2	3	1	0	218
24166	221	1	1	0	0	223
24167	218	1	0	1	0	220
24168	5	1	0	208	0	214
24169	3	0	206	3	0	212
24170	212	1	4	3	0	220
24171	3	0	1	220	0	224
24172	1	0	2	222	0	225
24173	1	1	218	5	0	225
24174	0	213	3	3	0	219
24175	0	3	1	211	0	215
24176	1	163	1	2	0	167
24177	169	4	2	1	0	176
24178	174	3	0	0	0	177
24179	4	2	1	197	0	204
24180	201	0	1	4	0	206
24181	3	227	0	3	0	233
24182	230	4	1	0	0	235
24183	4	231	0	1	0	236
24184	2	3	0	230	0	235
24185	1	1	1	222	0	225
24186	0	222	1	7	0	230
24187	0	2	1	186	0	189
24188	1	0	185	2	0	188
24189	0	184	1	1	0	186
24190	187	1	0	1	0	189
24191	1	182	1	0	0	184
24192	1	1	0	188	0	190
24193	0	0	192	2	0	194
24194	1	1	1	189	0	192
24195	1	0	0	193	0	194
24196	197	0	1	1	0	199
24197	2	0	193	1	0	196
24198	2	184	1	1	0	188
24199	1	2	190	0	0	193
24200	1	0	193	1	0	195
24201	0	1	195	0	0	196
24202	0	11	0	139	0	150
24203	165	0	0	0	0	165
24204	0	150	0	1	0	151
24205	162	0	0	0	0	162
24206	171	0	0	0	0	171
24207	0	0	0	150	0	150
24208	0	185	0	0	0	185
24209	195	0	0	0	0	195
24210	0	193	0	0	0	193
24211	0	0	1	194	0	195
24212	0	0	0	193	0	193
24213	0	193	0	0	0	193
24214	0	0	0	198	0	198
24215	0	1	191	0	0	192
24216	0	1	180	0	0	181
24217	0	0	0	191	0	191
24218	0	0	0	194	0	194
24219	0	0	195	0	0	195
24220	0	0	191	0	0	191
24221	176	0	0	0	0	176
24222	0	183	1	0	0	184
24223	0	210	0	0	0	210
24224	1	0	0	210	0	211
24225	0	0	0	211	0	211
24226	0	0	0	208	0	208
24227	0	0	208	0	0	208
24228	1	1	199	0	0	201
24229	0	0	0	208	0	208
24230	0	0	208	0	0	208
24231	0	200	3	0	0	203
24232	211	0	0	0	0	211
24233	0	0	206	0	0	206
24234	0	0	209	0	0	209
24235	0	0	0	202	0	202
24236	0	0	282	0	0	282
24237	0	312	7	0	0	319
24238	0	7	0	323	0	330
24239	0	2	314	7	0	323
24240	0	304	6	0	0	310
24241	315	7	1	0	0	323
24242	7	3	0	315	0	325
24243	0	0	0	325	0	325
24244	314	0	4	7	0	325
24245	7	316	0	2	0	325
24246	323	7	0	0	0	330
24247	323	0	0	2	0	325
24248	322	0	0	4	0	326
24249	10	0	0	314	0	324
24250	310	3	0	7	0	320
24251	9	310	1	0	0	320
24252	1	309	0	0	0	310
24253	351	7	0	1	0	359
24254	7	0	1	355	0	363
24255	4	1	0	343	0	348
24256	1	2	0	380	0	383
24257	0	2	354	10	0	366
24258	3	347	8	4	0	362
24259	1	8	1	391	0	401
24260	384	1	0	12	0	397
24261	9	0	0	380	0	389
24262	2	1	362	9	0	374
24263	1	357	9	1	0	368
24264	372	7	1	3	0	383
24265	381	1	0	0	0	382
24266	378	1	1	3	0	383
24267	9	1	2	378	0	390
24268	2	4	372	9	0	387
24269	3	0	409	3	0	415
24270	3	412	16	1	0	432
24271	2	16	2	424	0	444
24272	1	2	1	447	0	451
24273	426	1	3	18	0	448
24274	16	0	3	431	0	450
24275	432	1	0	16	0	449
24276	15	1	408	6	0	430
24277	3	0	422	3	0	428
24278	2	1	17	408	0	428
24279	2	0	2	405	0	409
24280	4	0	0	414	0	418
24281	385	0	3	18	0	406
24282	400	2	3	3	0	408
24283	18	1	1	394	0	414
24284	3	0	380	20	0	403
24285	0	1	406	6	0	413
24286	3	1	19	400	0	423
24287	399	0	2	18	0	419
24288	16	0	1	386	0	403
24289	2	1	3	413	0	419
24290	1	0	396	22	0	419
24291	1	1	398	6	0	406
24292	371	0	20	2	0	393
24293	17	0	383	4	0	404
24294	3	2	17	381	0	403
24295	2	0	5	409	0	416
24296	398	0	4	18	0	420
24297	21	393	1	3	0	418
24298	395	16	2	3	0	416
24299	16	395	2	3	0	416
24300	401	17	3	3	0	424
24301	22	2	381	2	0	407
24302	364	4	16	1	0	385
24303	386	0	3	5	0	394
24304	23	1	0	382	0	406
24305	7	2	391	19	0	419
24306	2	2	23	387	0	414
24307	7	0	3	394	0	404
24308	4	359	3	20	0	386
24309	1	19	2	350	0	372
24310	1	346	3	21	0	371
24311	2	19	1	361	0	383
24312	354	4	0	23	0	381
24313	20	3	1	358	0	382
24314	6	1	352	20	0	379
24315	349	3	17	6	0	375
24316	18	0	353	5	0	376
24317	363	2	20	1	0	386
24318	377	0	3	5	0	385
24319	23	359	3	3	0	388
24320	7	383	2	4	0	396
24321	364	22	4	4	0	394
24322	384	3	3	2	0	392
24323	378	1	4	2	0	385
24324	374	3	1	2	0	380
24325	370	4	2	4	0	380
24326	27	0	1	348	0	376
24327	9	1	1	373	0	384
24328	7	1	341	23	0	372
24329	348	2	17	5	0	372
24330	24	2	4	351	0	381
24331	5	1	3	408	0	417
24332	5	2	374	27	0	408
24333	8	355	21	4	0	388
24334	6	398	4	3	0	411
24335	390	23	1	6	0	420
24336	315	3	3	6	0	327
24337	17	266	3	3	0	289
24338	4	276	0	3	0	283
24339	273	14	0	5	0	292
24340	283	6	1	3	0	293
24341	17	0	1	274	0	292
24342	5	2	2	281	0	290
24343	2	1	0	293	0	296
24344	276	0	3	15	0	294
24345	300	1	1	6	0	308
24346	14	2	2	296	0	314
24347	329	1	0	13	0	343
24348	15	2	315	4	0	336
24349	6	3	11	329	0	349
24350	2	3	311	14	0	330
24351	3	316	12	4	0	335
24352	3	29	3	296	0	331
24353	270	2	2	12	0	286
24354	15	1	0	286	0	302
24355	3	0	1	300	0	304
24356	5	0	249	14	0	268
24357	2	2	254	5	0	263
24358	2	254	13	5	0	274
24359	233	12	5	1	0	251
24360	240	4	3	3	0	250
24361	247	4	1	3	0	255
24362	250	2	2	2	0	256
24363	16	2	0	238	0	256
24364	7	0	1	226	0	234
24365	4	231	1	12	0	248
24366	222	12	2	6	0	242
24367	241	3	2	3	0	249
24368	16	2	223	2	0	243
24369	178	2	4	1	0	185
24370	8	178	2	1	0	189
24371	4	4	2	165	0	175
24372	5	176	0	5	0	186
24373	173	6	1	3	0	183
24374	4	196	1	2	0	203
24375	1	8	0	215	0	224
24376	3	2	0	215	0	220
24377	3	3	1	217	0	224
24378	4	210	0	10	0	224
24379	1	9	2	218	0	230
24380	1	3	1	213	0	218
24381	1	191	0	9	0	201
24382	3	197	1	5	0	206
24383	191	10	2	3	0	206
24384	7	194	0	5	0	206
24385	185	7	0	3	0	195
24386	8	4	173	2	0	187
24387	3	183	4	3	0	193
24388	182	4	2	4	0	192
24389	184	4	2	2	0	192
24390	6	3	180	2	0	191
24391	7	1	4	176	0	188
24392	5	3	176	4	0	188
24393	3	180	5	4	0	192
24394	181	5	2	4	0	192
24395	5	171	4	2	0	182
24396	3	7	0	171	0	181
24397	4	2	3	175	0	184
24398	0	5	171	5	0	181
24399	3	0	173	8	0	184
24400	169	2	8	3	0	182
24401	176	2	6	2	0	186
24402	171	3	3	3	0	180
24403	179	2	3	1	0	185
24404	10	172	1	3	0	186
24405	7	5	1	148	0	161
24406	6	4	2	148	0	160
24407	3	151	1	7	0	162
24408	153	4	0	6	0	163
24409	155	3	1	5	0	164
24410	8	3	147	3	0	161
24411	154	0	5	4	0	163
24412	8	4	4	149	0	165
24413	5	3	146	6	0	160
24414	7	3	4	150	0	164
24415	3	4	149	7	0	163
24416	4	3	151	3	0	161
24417	4	2	4	122	0	132
24418	1	129	5	6	0	141
24419	127	6	3	3	0	139
24420	136	1	1	4	0	142
24421	7	199	4	3	0	213
24422	5	206	1	5	0	217
24423	204	6	2	5	0	217
24424	212	2	3	4	0	221
24425	211	7	0	4	0	222
24426	212	4	2	4	0	222
24427	8	4	0	210	0	222
24428	6	3	198	5	0	212
24429	5	208	3	2	0	218
24430	209	5	3	3	0	220
24431	6	215	3	1	0	225
24432	221	5	0	3	0	229
24433	226	2	3	0	0	231
24434	6	5	238	2	0	251
24435	5	233	3	3	0	244
24436	3	5	3	235	0	246
24437	2	2	4	241	0	249
24438	5	3	0	241	0	249
24439	242	3	2	4	0	251
24440	238	4	0	2	0	244
24441	238	1	1	4	0	244
24442	4	241	2	2	0	249
24443	239	4	2	2	0	247
24444	9	234	1	2	0	246
24445	4	5	236	1	0	246
24446	6	236	3	2	0	247
24447	1	4	0	187	0	192
24448	3	0	2	190	0	195
24449	1	3	186	3	0	193
24450	2	1	4	182	0	189
24451	1	2	0	189	0	192
24452	188	1	0	4	0	193
24453	186	0	1	2	0	189
24454	188	2	2	1	0	193
24455	3	182	1	2	0	188
24456	189	3	0	3	0	195
24457	188	0	2	1	0	191
24458	5	185	0	2	0	192
24459	3	3	0	187	0	193
24460	3	1	0	186	0	190
24461	186	0	0	4	0	190
24462	5	1	185	1	0	192
24463	1	177	4	2	0	184
24464	1	2	0	168	0	171
24465	0	165	1	4	0	170
24466	2	169	0	0	0	171
24467	166	2	0	0	0	168
24468	165	0	0	0	0	165
24469	2	1	0	163	0	166
24470	1	0	0	162	0	163
24471	1	0	0	165	0	166
24472	1	0	0	165	0	166
24473	1	0	163	2	0	166
24474	0	0	157	1	0	158
24475	0	0	0	164	0	164
24476	0	0	172	0	0	172
24477	0	164	0	0	0	164
24478	168	0	0	0	0	168
24479	218	0	0	0	0	218
24480	0	0	0	215	0	215
24481	0	0	0	212	0	212
24482	0	0	0	218	0	218
24483	0	207	0	0	0	207
24484	218	0	0	0	0	218
24485	207	0	0	0	0	207
24486	0	0	211	0	0	211
24487	0	0	0	241	0	241
24488	0	0	253	2	0	255
24489	0	0	2	279	0	281
24490	0	0	0	282	0	282
24491	0	0	0	283	0	283
24492	0	0	0	286	0	286
24493	283	0	0	5	0	288
24494	276	1	1	1	0	279
24495	283	0	0	1	0	284
24496	6	0	0	279	0	285
24497	1	0	277	5	0	283
24498	269	0	4	0	0	273
24499	4	0	0	280	0	284
24500	279	0	1	5	0	285
24501	6	0	0	280	0	286
24502	0	271	0	5	0	276
24503	1	278	0	1	0	280
24504	0	5	0	281	0	286
24505	0	1	0	285	0	286
24506	0	1	0	301	0	302
24507	0	296	0	8	0	304
24508	295	7	0	2	0	304
24509	7	295	0	1	0	303
24510	0	9	299	0	0	308
24511	1	3	6	300	0	310
24512	0	299	2	8	0	309
24513	0	7	1	307	0	315
24514	0	1	0	312	0	313
24515	0	1	296	9	0	306
24516	289	0	5	3	0	297
24517	7	315	3	1	0	326
24518	334	7	1	0	0	342
24519	337	1	0	0	0	338
24520	327	1	0	1	0	329
24521	10	0	267	0	0	277
24522	3	0	6	260	0	269
24523	1	0	1	303	0	305
24524	1	1	291	8	0	301
24525	249	0	7	4	0	260
24526	7	1	296	1	0	305
24527	1	1	292	0	0	294
24528	1	278	8	2	0	289
24529	0	6	2	293	0	301
24530	0	1	295	8	0	304
24531	235	2	7	1	0	245
24532	254	0	1	1	0	256
24533	8	0	247	0	0	255
24534	2	0	6	222	0	230
24535	1	0	246	8	0	255
24536	0	235	8	1	0	244
24537	205	7	1	1	0	214
24538	258	1	1	1	0	261
24539	256	1	1	0	0	258
24540	9	0	0	246	0	255
24541	2	1	0	256	0	259
24542	2	0	246	8	0	256
24543	235	0	7	2	0	244
24544	8	0	1	246	0	255
24545	248	0	3	7	0	258
24546	9	0	250	2	0	261
24547	1	0	248	2	0	251
24548	1	0	7	234	0	242
24549	1	0	2	253	0	256
24550	0	0	244	8	0	252
24551	228	0	7	2	0	237
24552	7	1	1	243	0	252
24553	1	241	1	9	0	252
24554	248	7	1	2	0	258
24555	8	240	0	2	0	250
24556	247	8	0	0	0	255
24557	8	1	317	0	0	326
24558	2	2	308	1	0	313
24559	2	306	11	1	0	320
24560	342	9	3	0	0	354
24561	10	1	330	0	0	341
24562	323	1	7	1	0	332
24563	12	326	1	0	0	339
24564	1	9	1	335	0	346
24565	1	3	0	329	0	333
24566	0	328	1	8	0	337
24567	338	9	0	3	0	350
24568	385	2	0	3	0	390
24569	377	1	0	0	0	378
24570	13	2	379	0	0	394
24571	4	0	10	368	0	382
24572	1	1	2	384	0	388
24573	1	0	1	388	0	390
24574	0	0	371	14	0	385
24575	1	343	9	2	0	355
24576	345	10	1	4	0	360
24577	10	1	364	2	0	377
24578	366	1	9	2	0	378
24579	12	360	2	2	0	376
24580	330	12	1	1	0	344
24581	13	1	1	327	0	342
24582	331	1	2	10	0	344
24583	12	0	0	330	0	342
24584	2	1	324	11	0	338
24585	1	0	10	330	0	341
24586	1	0	327	13	0	341
24587	276	2	9	1	0	288
24588	10	284	2	2	0	298
24589	2	5	1	241	0	249
24590	1	282	0	5	0	288
24591	283	5	1	2	0	291
24592	285	1	0	1	0	287
24593	5	282	1	0	0	288
24594	288	5	1	0	0	294
24595	289	2	1	1	0	293
24596	8	1	0	278	0	287
24597	3	0	1	285	0	289
24598	290	1	1	5	0	297
24599	290	0	0	2	0	292
24600	7	1	0	291	0	299
24601	2	0	1	298	0	301
24602	292	0	1	7	0	300
24603	8	1	285	1	0	295
24604	283	2	5	0	0	290
24605	7	0	282	1	0	290
24606	1	265	4	1	0	271
24607	1	4	1	266	0	272
24608	1	1	271	4	0	277
24609	3	263	2	1	0	269
24610	264	3	1	1	0	269
24611	4	2	258	0	0	264
24612	365	2	3	2	0	372
24613	380	0	1	2	0	383
24614	370	1	1	1	0	373
24615	4	1	1	355	0	361
24616	1	369	3	1	0	374
24617	351	3	0	0	0	354
24618	5	0	340	1	0	346
24619	327	1	5	0	0	333
24620	3	1	355	2	0	361
24621	1	326	5	20	0	352
24622	1	3	0	360	0	364
24623	1	0	3	329	0	333
24624	2	321	0	4	0	327
24625	1	4	3	335	0	343
24626	0	1	328	4	0	333
24627	1	324	5	2	0	332
24628	3	2	1	334	0	340
24629	329	3	1	3	0	336
24630	369	1	0	2	0	372
24631	7	2	1	362	0	372
24632	4	357	0	4	0	365
24633	1	5	2	371	0	379
24634	1	1	0	378	0	380
24635	5	0	325	4	0	334
24636	4	337	3	3	0	347
24637	3	5	1	353	0	362
24638	4	0	348	7	0	359
24639	3	330	5	3	0	341
24640	3	4	3	347	0	357
24641	358	1	0	7	0	366
24642	4	390	2	4	0	400
24643	3	5	2	404	0	414
24644	407	2	1	6	0	416
24645	402	1	2	3	0	408
24646	407	2	2	2	0	413
24647	406	1	2	1	0	410
24648	6	1	1	403	0	411
24649	4	1	394	6	0	405
24650	4	3	4	387	0	398
24651	5	390	0	6	0	401
24652	404	4	3	3	0	414
24653	8	3	387	3	0	401
24654	387	0	6	2	0	395
24655	10	1	407	2	0	420
24656	1	4	6	402	0	413
24657	2	2	340	4	0	348
24658	3	0	3	334	0	340
24659	2	1	342	4	0	349
24660	1	0	3	306	0	310
24661	315	0	0	3	0	318
24662	3	324	0	1	0	328
24663	2	2	1	343	0	348
24664	2	0	1	341	0	344
24665	1	1	340	3	0	345
24666	2	0	319	1	0	322
24667	318	2	3	0	0	323
24668	2	288	1	0	0	291
24669	304	1	1	0	0	306
24670	322	0	1	1	0	324
24671	1	1	1	310	0	313
24672	0	314	1	3	0	318
24673	319	1	2	0	0	322
24674	327	1	0	1	0	329
24675	337	0	0	0	0	337
24676	327	2	1	1	0	331
24677	312	0	0	1	0	313
24678	2	0	305	1	0	308
24679	300	1	1	0	0	302
24680	1	1	306	1	0	309
24681	1	1	1	296	0	299
24682	1	1	0	321	0	323
24683	0	0	317	3	0	320
24684	315	0	2	0	0	317
24685	3	0	0	386	0	389
24686	1	3	0	385	0	389
24687	1	0	0	396	0	397
24688	0	0	0	409	0	409
24689	1	1	0	415	0	417
24690	1	0	381	11	0	393
24691	1	0	6	372	0	379
24692	2	1	382	8	0	393
24693	1	0	372	3	0	376
24694	359	0	9	3	0	371
24695	393	0	3	2	0	398
24696	405	0	3	1	0	409
24697	17	2	447	0	0	466
24698	7	0	437	1	0	445
24699	3	0	461	2	0	466
24700	0	472	19	4	0	495
24701	0	15	6	500	0	521
24702	515	4	5	15	0	539
24703	17	3	1	516	0	537
24704	4	509	3	21	0	537
24705	516	16	2	6	0	540
24706	18	4	2	507	0	531
24707	6	497	2	16	0	521
24708	7	15	1	516	0	539
24709	3	4	1	538	0	546
24710	508	4	4	21	0	537
24711	17	2	5	521	0	545
24712	5	1	390	22	0	418
24713	6	2	17	409	0	434
24714	2	380	2	23	0	407
24715	2	419	3	7	0	431
24716	2	22	1	409	0	434
24717	1	9	1	421	0	432
24718	2	404	0	18	0	424
24719	1	418	0	13	0	432
24720	1	418	0	7	0	426
24721	1	26	2	375	0	404
24722	2	410	0	18	0	430
24723	402	20	2	6	0	430
24724	18	7	391	9	0	425
24725	5	6	21	398	0	430
24726	5	448	7	22	0	482
24727	453	17	7	9	0	486
24728	21	11	490	6	0	528
24729	4	510	21	9	0	544
24730	466	17	10	2	0	495
24731	16	475	6	6	0	503
24732	6	513	1	3	0	523
24733	10	24	2	490	0	526
24734	4	494	3	22	0	523
24735	495	24	3	6	0	528
24736	21	6	3	495	0	525
24737	5	7	496	21	0	529
24738	7	5	492	8	0	512
24739	2	3	20	501	0	526
24740	3	3	517	20	0	543
24741	4	2	19	517	0	542
24742	476	7	4	22	0	509
24743	19	4	478	9	0	510
24744	4	6	17	482	0	509
24745	6	482	3	22	0	513
24746	1	21	5	493	0	520
24747	1	11	0	494	0	506
24748	4	478	1	24	0	507
24749	0	17	3	493	0	513
24750	1	11	5	505	0	522
24751	3	8	486	26	0	523
24752	0	478	20	12	0	510
24753	484	17	6	11	0	518
24754	19	9	4	491	0	523
24755	9	5	526	20	0	560
24756	4	4	23	532	0	563
24757	2	8	532	27	0	569
24758	511	5	22	8	0	546
24759	18	526	6	8	0	558
24760	8	21	5	532	0	566
24761	8	7	4	553	0	572
24762	515	10	5	25	0	555
24763	21	7	3	522	0	553
24764	7	2	504	27	0	540
24765	8	5	20	501	0	534
24766	4	492	9	21	0	526
24767	4	514	6	14	0	538
24768	3	523	9	9	0	544
24769	1	27	5	519	0	552
24770	8	13	480	20	0	521
24771	5	476	20	9	0	510
24772	481	23	4	12	0	520
24773	22	493	5	9	0	529
24774	493	21	3	12	0	529
24775	522	5	6	7	0	540
24776	22	8	482	9	0	521
24777	489	4	18	10	0	521
24778	507	4	6	12	0	529
24779	510	5	7	6	0	528
24780	513	9	3	5	0	530
24781	28	4	474	9	0	515
24782	469	3	16	8	0	496
24783	480	6	10	3	0	499
24784	20	474	3	6	0	503
24785	8	13	3	409	0	433
24786	3	5	3	416	0	427
24787	3	417	2	15	0	437
24788	396	12	1	8	0	417
24789	11	393	4	4	0	412
24790	397	13	1	1	0	412
24791	401	4	0	6	0	411
24792	13	393	6	2	0	414
24793	5	11	1	407	0	424
24794	4	6	385	14	0	409
24795	3	380	11	2	0	396
24796	0	8	2	363	0	373
24797	0	350	3	6	0	359
24798	1	417	2	1	0	421
24799	0	7	0	387	0	394
24800	1	2	359	7	0	369
24801	0	347	9	3	0	359
24802	0	351	1	1	0	353
24803	340	7	1	0	0	348
24804	3	1	0	351	0	355
24805	2	0	0	346	0	348
24806	0	0	0	356	0	356
24807	0	1	339	7	0	347
24808	0	0	4	335	0	339
24809	0	332	3	4	0	339
24810	357	5	0	2	0	364
24811	5	1	0	352	0	358
24812	2	39	312	5	0	358
24813	395	0	5	2	0	402
24814	4	0	2	418	0	424
24815	1	0	447	5	0	453
24816	2	1	441	2	0	446
24817	450	1	7	1	0	459
24818	487	0	2	1	0	490
24819	483	0	0	1	0	484
24820	499	0	0	0	0	499
24821	9	0	507	1	0	517
24822	3	514	6	0	0	523
24823	529	6	3	1	0	539
24824	7	521	2	0	0	530
24825	518	6	0	0	0	524
24826	7	484	0	0	0	491
24827	4	6	0	483	0	493
24828	0	2	0	430	0	432
24829	1	0	0	430	0	431
24830	1	416	0	8	0	425
24831	0	426	0	3	0	429
24832	0	9	0	400	0	409
24833	0	403	0	7	0	410
24834	0	6	409	2	0	417
24835	0	2	6	404	0	412
24836	0	1	414	6	0	421
24837	395	0	6	2	0	403
24838	415	0	2	0	0	417
24839	10	2	410	0	0	422
24840	2	0	387	2	0	391
24841	0	0	9	388	0	397
24842	0	3	388	6	0	397
24843	2	1	6	359	0	368
24844	1	372	2	4	0	379
24845	0	7	0	388	0	395
24846	0	2	0	389	0	391
24847	0	0	2	391	0	393
24848	0	1	387	8	0	396
24849	0	2	6	380	0	388
24850	1	1	2	383	0	387
24851	2	0	0	383	0	385
24852	0	379	0	11	0	390
24853	398	6	0	2	0	406
24854	392	2	2	0	0	396
24855	345	0	1	2	0	348
24856	7	2	0	338	0	347
24857	4	1	333	6	0	344
24858	1	0	328	3	0	332
24859	1	336	9	0	0	346
24860	334	6	2	0	0	342
24861	7	335	1	2	0	345
24862	359	5	3	0	0	367
24863	8	353	5	0	0	366
24864	360	7	0	0	0	367
24865	9	369	0	0	0	378
24866	5	9	0	373	0	387
24867	3	5	362	9	0	379
24868	0	3	365	6	0	374
24869	2	1	13	368	0	384
24870	2	2	6	372	0	382
24871	0	2	3	386	0	391
24872	2	1	363	16	0	382
24873	0	3	11	367	0	381
24874	361	1	5	15	0	382
24875	328	0	3	7	0	338
24876	13	336	2	6	0	357
24877	347	10	3	1	0	361
24878	12	341	1	3	0	357
24879	351	11	0	2	0	364
24880	354	7	3	0	0	364
24881	352	3	3	1	0	359
24882	17	1	372	3	0	393
24883	8	3	372	2	0	385
24884	368	1	15	2	0	386
24885	393	1	7	1	0	402
24886	15	2	3	380	0	400
24887	8	1	3	423	0	435
24888	5	0	1	430	0	436
24889	2	2	1	429	0	434
24890	3	0	2	431	0	436
24891	414	2	1	23	0	440
24892	13	0	1	426	0	440
24893	8	1	404	16	0	429
24894	384	0	11	9	0	404
24895	401	0	8	5	0	414
24896	20	394	5	4	0	423
24897	9	385	0	5	0	399
24898	328	10	3	1	0	342
24899	9	328	0	2	0	339
24900	364	10	0	2	0	376
24901	366	6	1	2	0	375
24902	376	4	0	2	0	382
24903	17	0	0	356	0	373
24904	6	358	1	7	0	372
24905	367	8	1	7	0	383
24906	11	4	1	357	0	373
24907	6	3	0	370	0	379
24908	367	1	0	13	0	381
24909	10	360	0	5	0	375
24910	9	8	0	355	0	372
24911	365	4	0	10	0	379
24912	9	361	1	8	0	379
24913	356	11	0	2	0	369
24914	19	6	321	2	0	348
24915	273	2	37	4	0	316
24916	20	302	4	2	0	328
24917	289	19	1	1	0	310
24918	297	4	0	1	0	302
24919	15	287	3	2	0	307
24920	277	16	1	2	0	296
24921	18	232	1	0	0	251
24922	240	17	2	0	0	259
24923	17	5	0	231	0	253
24924	5	4	0	243	0	252
24925	6	1	1	254	0	262
24926	3	4	225	19	0	251
24927	3	1	15	232	0	251
24928	5	0	252	19	0	276
24929	3	2	17	249	0	271
24930	2	249	4	18	0	273
24931	3	14	4	256	0	277
24932	1	5	251	18	0	275
24933	3	2	286	5	0	296
24934	1	1	19	282	0	303
24935	278	3	6	17	0	304
24936	291	1	3	9	0	304
24937	18	276	5	4	0	303
24938	8	16	3	285	0	312
24939	4	5	291	17	0	317
24940	3	2	16	299	0	320
24941	2	2	297	19	0	320
24942	292	1	15	7	0	315
24943	14	2	5	303	0	324
24944	7	0	309	18	0	334
24945	5	1	15	307	0	328
24946	2	2	5	324	0	333
24947	6	0	350	21	0	377
24948	2	2	17	343	0	364
24949	345	0	8	19	0	372
24950	353	3	4	8	0	368
24951	23	1	0	356	0	380
24952	363	0	6	17	0	386
24953	18	3	347	9	0	377
24954	11	0	345	6	0	362
24955	347	1	24	0	0	372
24956	366	0	8	7	0	381
24957	23	2	4	350	0	379
24958	10	1	3	367	0	381
24959	5	0	340	26	0	371
24960	6	2	20	327	0	355
24961	3	340	7	15	0	365
24962	343	14	5	6	0	368
24963	396	5	2	4	0	407
24964	23	396	4	3	0	426
24965	390	19	1	3	0	413
24966	397	2	2	1	0	402
24967	21	387	2	3	0	413
24968	391	21	1	4	0	417
24969	21	388	2	1	0	412
24970	404	20	1	3	0	428
24971	20	5	384	2	0	411
24972	3	2	17	392	0	414
24973	2	0	5	406	0	413
24974	1	1	4	422	0	428
24975	397	1	3	25	0	426
24976	22	0	1	410	0	433
24977	6	2	390	23	0	421
24978	403	3	19	5	0	430
24979	22	2	2	408	0	434
24980	3	437	4	20	0	464
24981	2	466	4	4	0	476
24982	2	22	3	437	0	464
24983	5	3	0	449	0	457
24984	3	2	0	457	0	462
24985	2	2	413	26	0	443
24986	2	416	17	7	0	442
24987	392	15	4	5	0	416
24988	399	1	5	1	0	406
24989	20	382	1	3	0	406
24990	5	403	2	5	0	415
24991	3	19	1	394	0	417
24992	0	3	386	23	0	412
24993	385	1	18	5	0	409
24994	409	0	3	6	0	418
24995	18	1	5	403	0	427
24996	5	2	1	421	0	429
24997	391	1	1	20	0	413
24998	21	1	372	3	0	397
24999	365	3	18	3	0	389
25000	20	371	4	1	0	396
25001	2	20	2	359	0	383
25002	3	359	2	15	0	379
25003	370	18	3	1	0	392
25004	19	1	0	358	0	378
25005	2	1	2	394	0	399
25006	2	355	1	41	0	399
25007	389	17	1	7	0	414
25008	407	2	3	2	0	414
25009	21	3	418	2	0	444
25010	7	6	396	1	0	410
25011	399	1	16	1	0	417
25012	17	3	391	0	0	411
25013	4	6	355	0	0	365
25014	384	0	9	2	0	395
25015	11	0	472	3	0	486
25016	1	2	16	490	0	509
25017	3	0	6	507	0	516
25018	505	2	6	22	0	535
25019	19	1	491	11	0	522
25020	497	1	16	5	0	519
25021	23	2	7	490	0	522
25022	499	2	6	16	0	523
25023	523	1	1	9	0	534
25024	532	1	2	6	0	541
25025	31	3	1	507	0	542
25026	522	1	1	16	0	540
25027	25	1	0	515	0	541
25028	12	3	0	508	0	523
25029	11	3	2	509	0	525
25030	2	4	1	516	0	523
25031	497	0	0	30	0	527
25032	500	2	3	15	0	520
25033	25	2	452	11	0	490
25034	469	2	17	4	0	492
25035	491	2	8	4	0	505
25036	27	0	7	481	0	515
25037	16	487	1	20	0	524
25038	506	21	2	9	0	538
25039	21	6	0	492	0	519
25040	489	6	0	24	0	519
25041	24	479	1	10	0	514
25042	514	20	2	9	0	545
25043	26	7	3	489	0	525
25044	10	473	1	22	0	506
25045	469	17	2	10	0	498
25046	20	468	2	6	0	496
25047	6	446	3	3	0	458
25048	443	18	1	6	0	468
25049	19	12	421	4	0	456
25050	442	7	18	4	0	471
25051	24	6	9	431	0	470
25052	13	2	427	21	0	463
25053	10	0	18	428	0	456
25054	7	2	7	466	0	482
25055	8	3	434	22	0	467
25056	440	1	17	17	0	475
25057	22	1	8	452	0	483
25058	12	1	6	465	0	484
25059	10	3	3	467	0	483
25060	472	0	1	32	0	505
25061	21	4	449	21	0	495
25062	11	0	466	14	0	491
25063	6	2	19	406	0	433
25064	8	1	407	15	0	431
25065	392	0	17	9	0	418
25066	16	398	8	8	0	430
25067	405	13	7	0	0	425
25068	17	5	2	383	0	407
25069	9	391	2	14	0	416
25070	12	13	1	393	0	419
25071	2	396	3	21	0	422
25072	7	16	1	399	0	423
25073	5	7	379	21	0	412
25074	2	8	378	10	0	398
25075	5	383	18	10	0	416
25076	364	13	10	4	0	391
25077	14	8	7	357	0	386
25078	10	6	2	368	0	386
25079	364	3	2	17	0	386
25080	331	3	0	15	0	349
25081	19	2	2	328	0	351
25082	17	1	326	12	0	356
25083	8	324	14	11	0	357
25084	5	10	11	322	0	348
25085	2	7	7	328	0	344
25086	3	329	3	18	0	353
25087	329	10	5	8	0	352
25088	13	11	321	8	0	353
25089	11	5	11	348	0	375
25090	7	1	8	360	0	376
25091	3	5	348	21	0	377
25092	6	2	12	355	0	375
25093	365	1	8	21	0	395
25094	366	0	8	12	0	386
25095	366	3	4	10	0	383
25096	24	353	7	3	0	387
25097	390	13	2	5	0	410
25098	20	10	2	378	0	410
25099	12	7	4	367	0	390
25100	8	387	0	19	0	414
25101	446	16	1	11	0	474
25102	462	7	0	9	0	478
25103	458	10	5	8	0	481
25104	471	2	5	6	0	484
25105	448	5	3	5	0	461
25106	31	1	406	4	0	442
25107	432	2	14	9	0	457
25108	441	4	9	6	0	460
25109	407	2	12	3	0	424
25110	32	2	5	390	0	429
25111	16	2	1	403	0	422
25112	13	2	364	27	0	406
25113	348	3	18	18	0	387
25114	20	411	9	13	0	453
25115	8	322	5	4	0	339
25116	2	6	305	7	0	320
25117	2	312	9	3	0	326
25118	1	321	2	7	0	331
25119	7	9	2	291	0	309
25120	2	314	2	9	0	327
25121	324	7	2	3	0	336
25122	319	3	2	6	0	330
25123	11	6	0	305	0	322
25124	7	0	297	11	0	315
25125	308	3	6	2	0	319
25126	11	1	302	7	0	321
25127	6	0	307	1	0	314
25128	5	2	10	275	0	292
25129	4	2	3	304	0	313
25130	6	0	304	8	0	318
25131	4	288	6	4	0	302
25132	1	314	0	8	0	323
25133	314	6	3	5	0	328
25134	323	5	3	1	0	332
25135	13	3	307	3	0	326
25136	276	1	7	1	0	285
25137	297	0	0	4	0	301
25138	5	2	4	288	0	299
25139	6	0	2	299	0	307
25140	3	1	0	302	0	306
25141	298	1	0	8	0	307
25142	283	1	2	3	0	289
25143	288	1	0	3	0	292
25144	9	3	3	278	0	293
25145	6	0	275	6	0	287
25146	272	2	6	3	0	283
25147	287	1	0	5	0	293
25148	7	1	4	273	0	285
25149	7	278	0	5	0	290
25150	5	7	1	273	0	286
25151	5	274	0	8	0	287
25152	3	9	12	261	0	285
25153	4	308	2	7	0	321
25154	294	5	3	0	0	302
25155	9	1	0	289	0	299
25156	1	293	1	5	0	300
25157	5	5	289	1	0	300
25158	283	1	6	5	0	295
25159	6	22	0	275	0	303
25160	2	273	2	2	0	279
25161	12	3	0	266	0	281
25162	1	261	0	9	0	271
25163	0	269	1	2	0	272
25164	271	3	2	1	0	277
25165	274	2	1	0	0	277
25166	3	2	261	1	0	267
25167	269	1	3	0	0	273
25168	272	0	1	2	0	275
25169	3	264	1	2	0	270
25170	1	3	0	267	0	271
25171	2	2	0	272	0	276
25172	1	4	264	3	0	272
25173	2	0	259	3	0	264
25174	265	1	3	2	0	271
25175	271	0	2	1	0	274
25176	270	0	2	0	0	272
25177	7	0	264	1	0	272
25178	2	1	5	267	0	275
25179	270	0	1	5	0	276
25180	3	0	2	271	0	276
25181	1	1	261	6	0	269
25182	247	0	4	0	0	251
25183	6	0	273	2	0	281
25184	0	267	6	1	0	274
25185	282	3	1	0	0	286
25186	5	0	273	0	0	278
25187	1	3	3	277	0	284
25188	262	0	14	5	0	281
25189	3	1	2	263	0	269
25190	263	0	0	7	0	270
25191	5	1	0	262	0	268
25192	262	0	0	7	0	269
25193	249	1	0	1	0	251
25194	244	0	0	2	0	246
25195	243	0	0	1	0	244
25196	5	1	0	238	0	244
25197	2	0	213	3	0	218
25198	5	0	246	0	0	251
25199	0	244	7	4	0	255
25200	0	230	1	0	0	231
25201	182	2	1	0	0	185
25202	2	0	0	185	0	187
25203	0	0	183	2	0	185
25204	0	1	226	0	0	227
25205	0	0	3	230	0	233
25206	236	0	0	2	0	238
25207	1	234	0	0	0	235
25208	269	2	0	0	0	271
25209	2	0	0	267	0	269
25210	0	0	0	266	0	266
25211	0	0	0	265	0	265
25212	0	0	267	2	0	269
25213	0	0	257	0	0	257
25214	0	215	2	0	0	217
25215	0	1	0	213	0	214
25216	215	0	0	2	0	217
25217	2	0	209	0	0	211
25218	0	0	208	0	0	208
25219	0	0	2	212	0	214
25220	0	0	0	216	0	216
25221	0	0	0	214	0	214
25222	0	0	0	245	0	245
25223	246	0	0	4	0	250
25224	4	0	0	241	0	245
25225	245	0	0	4	0	249
25226	4	0	242	0	0	246
25227	0	239	4	0	0	243
25228	0	4	0	243	0	247
25229	0	0	241	4	0	245
25230	0	0	236	0	0	236
25231	0	232	4	0	0	236
25232	1	4	0	228	0	233
25233	0	0	0	239	0	239
25234	1	0	234	4	0	239
25235	225	0	5	0	0	230
25236	4	1	0	231	0	236
25237	0	0	0	224	0	224
25238	0	0	223	4	0	227
25239	0	217	6	0	0	223
25240	0	246	0	0	0	246
25241	246	5	0	1	0	252
25242	5	0	0	246	0	251
25243	267	0	2	5	0	274
25244	6	0	263	0	0	269
25245	1	0	6	265	0	272
25246	265	0	1	8	0	274
25247	273	1	1	1	0	276
25248	9	1	0	268	0	278
25249	1	1	269	7	0	278
25250	1	0	268	3	0	272
25251	1	0	7	260	0	268
25252	3	0	257	5	0	265
25253	224	0	8	2	0	234
25254	6	222	2	4	0	234
25255	234	6	1	1	0	242
25256	237	1	0	2	0	240
25257	8	0	2	231	0	241
25258	2	0	2	234	0	238
25259	231	2	1	8	0	242
25260	7	0	0	235	0	242
25261	2	0	225	7	0	234
25262	1	225	7	3	0	236
25263	1	8	1	228	0	238
25264	2	1	0	230	0	233
25265	1	0	0	240	0	241
25266	0	0	249	8	0	257
25267	1	248	6	2	0	257
25268	1	6	0	252	0	259
25269	0	1	252	9	0	262
25270	0	0	7	256	0	263
25271	253	3	2	6	0	264
25272	6	2	1	255	0	264
25273	2	0	246	10	0	258
25274	252	0	8	3	0	263
25275	8	254	1	1	0	264
25276	2	267	1	2	0	272
25277	265	7	1	4	0	277
25278	8	1	260	0	0	269
25279	3	1	6	264	0	274
25280	2	2	2	269	0	275
25281	2	1	265	9	0	277
25282	2	260	8	2	0	272
25283	2	5	2	233	0	242
25284	3	3	235	8	0	249
25285	1	1	6	242	0	250
25286	244	1	2	7	0	254
25287	10	1	240	1	0	252
25288	2	2	6	244	0	254
25289	0	0	4	247	0	251
25290	0	1	304	10	0	315
25291	2	1	7	293	0	303
25292	1	299	4	9	0	313
25293	0	6	2	296	0	304
25294	0	311	1	8	0	320
25295	314	7	3	1	0	325
25296	313	1	1	3	0	318
25297	7	2	307	4	0	320
25298	1	0	258	4	0	263
25299	1	2	254	1	0	258
25300	2	248	5	4	0	259
25301	1	5	3	262	0	271
25302	2	2	256	7	0	267
25303	2	2	5	246	0	255
25304	3	1	2	253	0	259
25305	2	1	249	6	0	258
25306	1	0	6	250	0	257
25307	1	2	3	239	0	245
25308	0	215	0	9	0	224
25309	1	5	1	227	0	234
25310	1	1	3	232	0	237
25311	0	1	236	8	0	245
25312	0	0	5	242	0	247
25313	1	1	241	6	0	249
25314	2	1	235	2	0	240
25315	239	1	6	4	0	250
25316	6	0	3	226	0	235
25317	2	231	0	7	0	240
25318	1	236	2	3	0	242
25319	0	6	2	241	0	249
25320	2	2	232	8	0	244
25321	0	234	5	7	0	246
25322	0	4	1	212	0	217
25323	2	2	209	2	0	215
25324	1	205	2	2	0	210
25325	214	2	3	0	0	219
25326	214	2	1	0	0	217
25327	218	0	1	1	0	220
25328	3	1	1	232	0	237
25329	1	1	0	233	0	235
25330	1	0	1	240	0	242
25331	1	1	225	4	0	231
25332	226	0	3	3	0	232
25333	3	0	2	234	0	239
25334	1	0	229	4	0	234
25335	227	0	3	3	0	233
25336	235	1	1	0	0	237
25337	5	0	204	1	0	210
25338	219	0	2	2	0	223
25339	2	215	3	1	0	221
25340	2	2	201	1	0	206
25341	199	1	3	0	0	203
25342	2	197	2	0	0	201
25343	0	1	0	182	0	183
25344	0	183	0	3	0	186
25345	0	1	2	188	0	191
25346	0	0	182	2	0	184
25347	166	0	1	2	0	169
25348	1	1	179	1	0	182
25349	0	175	1	2	0	178
25350	0	185	0	2	0	187
25351	187	0	2	0	0	189
25352	1	0	180	2	0	183
25353	0	0	3	181	0	184
25354	0	0	197	1	0	198
25355	2	197	1	0	0	200
25356	0	1	0	190	0	191
25357	0	197	1	1	0	199
25358	198	3	0	0	0	201
25359	197	0	0	2	0	199
25360	196	0	1	1	0	198
25361	1	2	194	0	0	197
25362	0	0	191	2	0	193
25363	191	0	2	0	0	193
25364	1	2	204	0	0	207
25365	2	0	1	187	0	190
25366	2	181	1	1	0	185
25367	209	0	0	1	0	210
25368	205	0	1	2	0	208
25369	203	0	0	3	0	206
25370	1	0	0	204	0	205
25371	0	1	2	204	0	207
25372	206	0	0	2	0	208
25373	1	204	0	4	0	209
25374	192	1	3	0	0	196
25375	3	0	0	191	0	194
25376	2	0	1	193	0	196
25377	192	0	2	2	0	196
25378	4	190	0	0	0	194
25379	192	2	0	1	0	195
25380	1	188	3	0	0	192
25381	193	2	1	0	0	196
25382	2	2	0	264	0	268
25383	265	0	1	4	0	270
25384	262	2	0	0	0	264
25385	291	1	0	3	0	295
25386	3	305	3	2	0	313
25387	3	4	303	0	0	310
25388	298	0	5	0	0	303
25389	311	2	1	1	0	315
25390	5	237	0	0	0	242
25391	3	3	0	236	0	242
25392	1	1	2	240	0	244
25393	240	0	0	7	0	247
25394	4	0	3	239	0	246
25395	2	2	241	4	0	249
25396	0	0	303	3	0	306
25397	310	2	5	1	0	318
25398	6	0	2	322	0	330
25399	5	0	0	317	0	322
25400	2	0	0	323	0	325
25401	1	0	320	4	0	325
25402	1	1	4	309	0	315
25403	3	0	2	334	0	339
25404	0	0	0	295	0	295
25405	298	0	0	4	0	302
25406	3	0	0	299	0	302
25407	1	0	419	3	0	423
25408	434	0	3	0	0	437
25409	5	0	450	0	0	455
25410	432	0	4	0	0	436
25411	412	0	1	1	0	414
25412	6	0	0	442	0	448
25413	1	442	0	5	0	448
25414	0	5	0	442	0	447
25415	0	1	0	445	0	446
25416	0	430	0	8	0	438
25417	446	5	0	1	0	452
25418	5	437	0	0	0	442
25419	453	5	0	0	0	458
25420	511	1	2	0	0	514
25421	8	0	0	505	0	513
25422	2	0	0	498	0	500
25423	0	0	496	9	0	505
25424	0	1	483	1	0	485
25425	476	0	7	1	0	484
25426	502	0	1	1	0	504
25427	7	481	0	1	0	489
25428	2	5	0	481	0	488
25429	1	1	555	7	0	564
25430	1	0	7	576	0	584
25431	581	1	1	6	0	589
25432	518	0	0	3	0	521
25433	6	519	0	2	0	527
25434	1	5	0	544	0	550
25435	1	1	2	549	0	553
25436	1	1	0	544	0	546
25437	4	0	535	7	0	546
25438	446	1	5	1	0	453
25439	525	1	1	2	0	529
25440	7	0	573	1	0	581
25441	1	563	7	2	0	573
25442	587	6	1	1	0	595
25443	581	1	1	0	0	583
25444	8	1	623	0	0	632
25445	3	1	631	1	0	636
25446	0	0	7	619	0	626
25447	0	1	638	7	0	646
25448	622	0	7	2	0	631
25449	646	0	1	0	0	647
25450	629	1	1	0	0	631
25451	7	1	4	599	0	611
25452	3	599	0	8	0	610
25453	625	6	5	1	0	637
25454	619	2	0	4	0	625
25455	8	1	651	1	0	661
25456	3	1	637	2	0	643
25457	562	1	10	3	0	576
25458	7	1	2	657	0	667
25459	6	1	654	7	0	668
25460	3	632	8	4	0	647
25461	4	73	3	586	0	666
25462	590	1	3	78	0	672
25463	8	639	1	4	0	652
25464	3	7	0	654	0	664
25465	2	640	5	6	0	653
25466	1	651	3	3	0	658
25467	4	6	2	712	0	724
25468	4	1	0	708	0	713
25469	3	691	0	10	0	704
25470	698	5	1	6	0	710
25471	8	5	704	1	0	718
25472	699	1	8	3	0	711
25473	9	0	4	769	0	782
25474	5	3	1	780	0	789
25475	2	3	1	789	0	795
25476	3	1	1	788	0	793
25477	2	3	774	11	0	790
25478	4	1	8	769	0	782
25479	2	1	4	817	0	824
25480	6	813	3	6	0	828
25481	8	8	812	3	0	831
25482	2	820	8	5	0	835
25483	4	11	816	4	0	835
25484	3	856	9	7	0	875
25485	4	6	4	842	0	856
25486	810	1	3	9	0	823
25487	9	817	4	2	0	832
25488	4	7	20	975	0	1006
25489	1	4	1094	11	0	1110
25490	5	1208	9	4	0	1226
25491	1265	9	1	6	0	1281
25492	1243	0	2	5	0	1250
25493	10	1234	7	4	0	1255
25494	3	9	1255	4	0	1271
25495	1138	4	13	2	0	1157
25496	13	2	3	1216	0	1234
25497	1211	3	4	9	0	1227
25498	11	1189	4	2	0	1206
25499	7	1183	3	5	0	1198
25500	12	9	1177	3	0	1201
25501	1104	4	11	2	0	1121
25502	13	3	4	1202	0	1222
25503	1207	4	5	10	0	1226
25504	12	1176	3	4	0	1195
25505	1196	12	4	3	0	1215
25506	1166	2	4	4	0	1176
25507	12	5	1059	5	0	1081
25508	5	1027	9	4	0	1045
25509	6	1058	2	1	0	1067
25510	7	10	4	1032	0	1053
25511	10	1025	3	6	0	1044
25512	1037	11	4	2	0	1054
25513	14	1030	5	5	0	1054
25514	4	14	3	1039	0	1060
25515	2	1097	5	9	0	1113
25516	3	1083	3	6	0	1095
25517	5	1108	2	5	0	1120
25518	7	14	1	1101	0	1123
25519	7	7	2	1089	0	1105
25520	2	5	1	1021	0	1029
25521	2	990	3	9	0	1004
25522	4	9	986	2	0	1001
25523	2	4	982	3	0	991
25524	922	3	6	3	0	934
25525	8	4	0	982	0	994
25526	3	2	1017	8	0	1030
25527	2	2	974	1	0	979
25528	2	983	10	2	0	997
25529	1	10	4	919	0	934
25530	1	3	1	944	0	949
25531	935	3	2	8	0	948
25532	8	4	1	914	0	927
25533	2	4	1	938	0	945
25534	1	3	911	9	0	924
25535	0	2	7	863	0	872
25536	1	4	2	917	0	924
25537	1	5	920	9	0	935
25538	1	3	913	5	0	922
25539	2	884	7	5	0	898
25540	3	9	855	7	0	874
25541	0	2	8	827	0	837
25542	2	3	11	732	0	748
25543	1	1	870	9	0	881
25544	1	800	12	3	0	816
25545	804	8	3	2	0	817
25546	5	830	5	4	0	844
25547	1	10	5	832	0	848
25548	1	3	6	849	0	859
25549	1	826	4	13	0	844
25550	3	8	1	850	0	862
25551	3	2	2	851	0	858
25552	3	5	863	12	0	883
25553	4	825	8	7	0	844
25554	1	9	6	876	0	892
25555	1	4	865	13	0	883
25556	1	1	10	852	0	864
25557	3	1	4	854	0	862
25558	0	4	5	871	0	880
25559	2	5	8	867	0	882
25560	0	3	6	860	0	869
25561	1	930	3	15	0	949
25562	932	9	3	6	0	950
25563	10	4	933	8	0	955
25564	744	5	11	8	0	768
25565	10	6	1008	5	0	1029
25566	3	1152	9	16	0	1180
25567	4	13	1124	11	0	1152
25568	2	1128	15	6	0	1151
25569	2	17	4	1178	0	1201
25570	5	10	4	1142	0	1161
25571	1	1226	9	15	0	1251
25572	3	1249	3	8	0	1263
25573	1248	17	6	8	0	1279
25574	1239	7	8	4	0	1258
25575	1208	6	5	7	0	1226
25576	1221	6	3	8	0	1238
25577	15	9	3	1216	0	1243
25578	5	1233	1	24	0	1263
25579	1222	16	1	13	0	1252
25580	15	6	1	1223	0	1245
25581	1194	3	2	25	0	1224
25582	1123	4	5	10	0	1142
25583	16	1167	6	7	0	1196
25584	7	1145	5	6	0	1163
25585	4	1166	7	9	0	1186
25586	4	18	10	1131	0	1163
25587	4	1159	6	14	0	1183
25588	1023	13	7	7	0	1050
25589	901	1	2	6	0	910
25590	787	1	1	7	0	796
25591	831	0	1	4	0	836
25592	839	2	1	3	0	845
25593	21	3	794	4	0	822
25594	820	4	16	0	0	840
25595	19	2	826	4	0	851
25596	813	1	16	5	0	835
25597	16	6	5	885	0	912
25598	4	1	885	16	0	906
25599	1	5	865	8	0	879
25600	1	896	18	3	0	918
25601	946	19	3	5	0	973
25602	942	4	1	8	0	955
25603	21	1082	5	4	0	1112
25604	13	19	2	1157	0	1191
25605	1226	6	2	25	0	1259
25606	30	1	1232	10	0	1273
25607	12	1261	23	6	0	1302
25608	1250	23	8	6	0	1287
25609	22	1256	2	4	0	1284
25610	15	83	1	1158	0	1257
25611	5	1260	5	21	0	1291
25612	6	25	3	1247	0	1281
25613	11	1244	3	23	0	1281
25614	5	1270	6	8	0	1289
25615	1201	27	2	0	0	1230
25616	1217	8	1	2	0	1228
25617	28	3	1215	3	0	1249
25618	13	1	1194	1	0	1209
25619	2	6	1221	0	0	1229
25620	4	4	27	1182	0	1217
25621	6	5	1255	20	0	1286
25622	1	7	21	1220	0	1249
25623	2	5	9	1230	0	1246
25624	5	1238	2	27	0	1272
25625	1316	25	3	11	0	1355
25626	23	1274	6	3	0	1306
25627	12	24	3	1349	0	1388
25628	7	10	1	1363	0	1381
25629	6	6	4	1370	0	1386
25630	7	6	1336	33	0	1382
25631	5	4	29	1301	0	1339
25632	7	7	12	1333	0	1359
25633	10	4	4	1366	0	1384
25634	7	9	1334	33	0	1383
25635	9	1322	24	14	0	1369
25636	1322	32	9	10	0	1373
25637	1311	17	2	6	0	1336
25638	35	1326	3	7	0	1371
25639	10	33	2	1334	0	1379
25640	4	17	4	1422	0	1447
25641	4	12	1369	38	0	1423
25642	6	1327	25	17	0	1375
25643	8	30	13	1396	0	1447
25644	12	14	1383	28	0	1437
25645	9	4	27	1362	0	1402
25646	5	5	20	1340	0	1370
25647	5	5	1422	38	0	1470
25648	9	8	25	1384	0	1426
25649	8	3	16	1397	0	1424
25650	7	6	1454	39	0	1506
25651	5	8	24	1425	0	1462
25652	7	5	15	1401	0	1428
25653	9	5	5	1476	0	1495
25654	3	9	1415	39	0	1466
25655	6	6	27	1385	0	1424
25656	1358	2	12	38	0	1410
25657	1351	4	10	16	0	1381
25658	32	1345	7	14	0	1398
25659	1411	25	7	13	0	1456
25660	25	14	1435	12	0	1486
25661	14	6	22	1368	0	1410
25662	7	5	11	1377	0	1400
25663	3	6	9	1414	0	1432
25664	1375	7	2	34	0	1418
25665	27	1293	4	19	0	1343
25666	9	23	4	1088	0	1124
25667	4	1113	5	23	0	1145
25668	1114	19	3	19	0	1155
25669	20	1021	6	10	0	1057
25670	1006	39	6	7	0	1058
25671	16	992	3	10	0	1021
25672	7	973	4	11	0	995
25673	1	23	7	972	0	1003
25674	2	8	3	991	0	1004
25675	2	3	5	1005	0	1015
25676	3	4	4	1020	0	1031
25677	3	6	985	28	0	1022
25678	7	957	17	15	0	996
25679	2	20	9	961	0	992
25680	3	966	1	22	0	992
25681	6	17	956	16	0	995
25682	3	8	19	936	0	966
25683	5	5	10	1000	0	1020
25684	7	4	953	31	0	995
25685	6	938	15	12	0	971
25686	5	18	9	973	0	1005
25687	7	9	974	23	0	1013
25688	2	942	19	16	0	979
25689	2	15	10	993	0	1020
25690	3	12	989	25	0	1029
25691	2	5	900	14	0	921
25692	3	868	16	7	0	894
25693	5	992	7	3	0	1007
25694	1	23	3	1050	0	1077
25695	3	13	2	1119	0	1137
25696	4	5	1077	30	0	1116
25697	990	4	17	13	0	1024
25698	1004	8	9	6	0	1027
25699	27	6	1017	7	0	1057
25700	11	990	17	7	0	1025
25701	2	988	6	9	0	1005
25702	2	992	3	12	0	1009
25703	3	924	8	13	0	948
25704	5	17	3	1090	0	1115
25705	2	7	2	1396	0	1407
25706	2	2	3	1376	0	1383
25707	4	3	2	1392	0	1401
25708	1	1312	5	92	0	1410
25709	2	33	1	1375	0	1411
25710	1	1334	3	41	0	1379
25711	1	43	1	1402	0	1447
25712	1344	23	1	50	0	1418
25713	31	11	2	1378	0	1422
25714	16	1321	0	53	0	1390
25715	8	32	1	1420	0	1461
25716	4	19	1	1426	0	1450
25717	4	13	1	1487	0	1505
25718	1463	9	3	86	0	1561
25719	39	17	1	1618	0	1675
25720	20	14	1443	74	0	1551
25721	13	1551	34	49	0	1647
25722	4	50	15	1649	0	1718
25723	15	36	7	1664	0	1722
25724	6	20	1	1727	0	1754
25725	1566	20	2	103	0	1691
25726	44	21	1483	72	0	1620
25727	28	9	40	1495	0	1572
25728	15	1541	20	79	0	1655
25729	13	49	12	1626	0	1700
25730	1489	35	4	88	0	1616
25731	44	1558	9	63	0	1674
25732	27	56	5	1603	0	1691
25733	14	33	4	1612	0	1663
25734	15	1532	5	103	0	1655
25735	10	48	9	1665	0	1732
25736	15	39	8	1746	0	1808
25737	12	27	1534	98	0	1671
25738	11	1632	48	81	0	1772
25739	1663	66	25	55	0	1809
25740	54	32	1585	55	0	1726
25741	1589	23	44	52	0	1708
25742	56	24	1588	58	0	1726
25743	34	25	52	1646	0	1757
25744	1621	23	30	106	0	1780
25745	55	20	22	1698	0	1795
25746	1650	34	15	93	0	1792
25747	1608	25	11	80	0	1724
25748	1596	21	17	64	0	1698
25749	80	1537	21	61	0	1699
25750	62	69	14	1533	0	1678
25751	34	36	24	1600	0	1694
25752	30	26	19	1616	0	1691
25753	25	24	1483	117	0	1649
25754	34	25	47	1590	0	1696
25755	1604	14	40	102	0	1760
25756	1645	20	23	71	0	1759
25757	102	26	1539	52	0	1719
25758	1618	21	63	61	0	1763
25759	1625	28	34	48	0	1735
25760	93	87	24	1484	0	1688
25761	1541	22	13	108	0	1684
25762	1563	13	25	81	0	1682
25763	107	20	19	1559	0	1705
25764	1551	25	29	89	0	1694
25765	1613	19	19	86	0	1737
25766	115	16	25	1595	0	1751
25767	78	28	1409	96	0	1611
25768	1552	13	59	68	0	1692
25769	97	22	1544	54	0	1717
25770	79	16	1526	60	0	1681
25771	65	1508	83	62	0	1718
25772	59	54	45	1553	0	1711
25773	71	24	27	1581	0	1703
25774	53	29	16	1632	0	1730
25775	61	17	1478	118	0	1674
25776	57	17	1440	88	0	1602
25777	71	1507	77	62	0	1717
25778	50	55	68	1456	0	1629
25779	54	30	36	1572	0	1692
25780	51	21	36	1618	0	1726
25781	47	14	1480	134	0	1675
25782	50	1489	68	85	0	1692
25783	47	50	51	1539	0	1687
25784	63	26	1540	91	0	1720
25785	50	21	1537	73	0	1681
25786	1524	20	98	57	0	1699
25787	1546	20	58	48	0	1672
25788	1597	19	32	67	0	1715
25789	107	14	30	1373	0	1524
25790	72	12	1457	93	0	1634
25791	58	1464	76	66	0	1664
25792	34	1550	61	63	0	1708
25793	47	79	1403	48	0	1577
25794	52	35	71	1348	0	1506
25795	36	18	56	1275	0	1385
25796	35	1174	53	82	0	1344
25797	44	1313	26	64	0	1447
25798	1310	65	31	55	0	1461
25799	1389	35	27	45	0	1496
25800	1405	33	30	42	0	1510
25801	1397	16	39	42	0	1494
25802	1342	29	28	41	0	1440
25803	88	1188	19	34	0	1329
25804	38	987	16	36	0	1077
25805	15	668	9	19	0	711
25806	665	26	20	18	0	729
25807	31	16	14	656	0	717
25808	22	7	8	679	0	716
25809	669	4	14	33	0	720
25810	25	645	18	17	0	705
25811	18	19	9	671	0	717
25812	14	9	10	709	0	742
25813	14	7	11	721	0	753
25814	695	8	12	32	0	747
25815	29	4	12	694	0	739
25816	22	6	663	27	0	718
25817	611	9	16	15	0	651
25818	17	5	12	542	0	576
25819	10	3	490	10	0	513
25820	7	467	10	9	0	493
25821	1	426	5	4	0	436
25822	439	9	2	1	0	451
25823	447	7	0	1	0	455
25824	8	436	0	0	0	444
25825	5	7	0	447	0	459
25826	487	3	1	8	0	499
25827	12	2	0	525	0	539
25828	5	0	0	578	0	583
25829	3	1	1	581	0	586
25830	3	0	1	580	0	584
25831	2	542	2	24	0	570
25832	2	11	1	583	0	597
25833	1	7	2	579	0	589
25834	1	3	0	609	0	613
25835	0	3	522	29	0	554
25836	1	505	12	14	0	532
25837	2	16	8	533	0	559
25838	1	10	511	19	0	541
25839	1	6	491	10	0	508
25840	1	519	23	7	0	550
25841	512	17	13	5	0	547
25842	16	8	4	525	0	553
25843	531	5	2	19	0	557
25844	20	525	3	9	0	557
25845	8	19	1	534	0	562
25846	517	8	3	18	0	546
25847	533	5	0	10	0	548
25848	24	1	1	525	0	551
25849	14	2	3	540	0	559
25850	11	2	504	25	0	542
25851	2	3	17	529	0	551
25852	4	0	9	550	0	563
25853	515	2	7	27	0	551
25854	18	509	2	16	0	545
25855	7	12	449	8	0	476
25856	453	3	12	4	0	472
25857	13	456	5	3	0	477
25858	7	11	4	471	0	493
25859	470	7	1	13	0	491
25860	12	3	1	467	0	483
25861	7	1	3	479	0	490
25862	4	2	456	19	0	481
25863	2	1	11	472	0	486
25864	463	0	5	21	0	489
25865	11	1	4	439	0	455
25866	422	2	2	18	0	444
25867	15	411	2	11	0	439
25868	8	427	2	7	0	444
25869	7	14	0	424	0	445
25870	3	7	1	435	0	446
25871	433	7	0	20	0	460
25872	13	424	1	13	0	451
25873	433	14	1	9	0	457
25874	446	7	0	7	0	460
25875	18	5	1	437	0	461
25876	439	3	0	16	0	458
25877	19	1	410	8	0	438
25878	9	4	11	415	0	439
25879	8	4	401	15	0	428
25880	2	2	16	417	0	437
25881	412	2	8	16	0	438
25882	403	3	5	10	0	421
25883	18	399	2	9	0	428
25884	12	12	2	404	0	430
25885	8	3	1	403	0	415
25886	5	416	0	20	0	441
25887	4	12	0	427	0	443
25888	5	5	1	413	0	424
25889	3	390	1	17	0	411
25890	387	13	3	14	0	417
25891	398	6	0	13	0	417
25892	17	5	4	396	0	422
25893	13	1	1	410	0	425
25894	6	9	364	18	0	397
25895	6	1	11	393	0	411
25896	5	383	6	19	0	413
25897	386	13	5	10	0	414
25898	13	6	2	384	0	405
25899	8	7	2	375	0	392
25900	335	2	2	26	0	365
25901	16	330	2	12	0	360
25902	7	13	2	343	0	365
25903	8	8	0	333	0	349
25904	6	334	2	17	0	359
25905	338	14	2	13	0	367
25906	18	7	325	8	0	358
25907	5	8	321	6	0	340
25908	7	3	15	335	0	360
25909	2	5	328	15	0	350
25910	326	2	14	11	0	353
25911	16	2	6	337	0	361
25912	7	2	313	16	0	338
25913	6	1	318	9	0	334
25914	4	309	14	9	0	336
25915	317	13	5	7	0	342
25916	20	318	5	2	0	345
25917	317	18	4	6	0	345
25918	311	7	3	3	0	324
25919	17	294	5	2	0	318
25920	299	13	3	6	0	321
25921	291	3	4	5	0	303
25922	21	4	265	4	0	294
25923	13	4	12	271	0	300
25924	7	265	5	13	0	290
25925	5	279	5	5	0	294
25926	3	61	1	188	0	253
25927	185	3	0	7	0	195
25928	5	1	1	116	0	123
25929	1	1	0	119	0	121
25930	3	1	0	119	0	123
25931	2	161	1	2	0	166
25932	3	4	0	163	0	170
25933	4	0	173	4	0	181
25934	177	2	6	2	0	187
25935	192	0	3	2	0	197
25936	6	155	0	0	0	161
25937	157	6	0	0	0	163
25938	7	2	0	156	0	165
25939	2	2	146	5	0	155
25940	152	0	6	2	0	160
25941	5	153	2	2	0	162
25942	2	4	2	152	0	160
25943	145	2	0	6	0	153
25944	4	149	1	1	0	155
25945	2	156	0	2	0	160
25946	158	6	0	0	0	164
25947	6	4	151	0	0	161
25948	147	2	6	0	0	155
25949	8	0	2	145	0	155
25950	1	0	1	157	0	159
25951	2	0	154	7	0	163
25952	0	0	157	4	0	161
25953	0	1	8	152	0	161
25954	0	0	153	6	0	159
25955	0	0	151	2	0	153
25956	2	0	8	143	0	153
25957	1	1	3	156	0	161
25958	155	1	3	8	0	167
25959	7	0	0	156	0	163
25960	152	0	1	9	0	162
25961	9	150	1	2	0	162
25962	3	7	0	158	0	168
25963	2	3	158	6	0	169
25964	152	2	6	3	0	163
25965	156	1	2	2	0	161
25966	155	1	1	0	0	157
25967	161	1	0	0	0	162
25968	159	0	1	0	0	160
25969	11	0	1	151	0	163
25970	5	0	145	6	0	156
25971	2	0	146	4	0	152
25972	0	0	142	3	0	145
25973	135	0	12	0	0	147
25974	147	0	5	1	0	153
25975	7	0	3	132	0	142
25976	4	141	2	5	0	152
25977	2	4	1	146	0	153
25978	0	2	139	10	0	151
25979	1	2	147	2	0	152
25980	141	0	9	2	0	152
25981	6	0	142	1	0	149
25982	3	1	8	144	0	156
25983	156	1	2	7	0	166
25984	151	0	3	2	0	156
25985	162	0	0	2	0	164
25986	154	0	0	0	0	154
25987	11	0	135	0	0	146
25988	141	0	6	0	0	147
25989	10	140	2	0	0	152
25990	3	6	2	148	0	159
25991	2	2	146	6	0	156
25992	0	2	8	148	0	158
25993	1	0	178	8	0	187
25994	1	0	9	172	0	182
25995	2	0	2	185	0	189
25996	1	0	172	9	0	182
25997	0	1	5	177	0	183
25998	173	1	2	9	0	185
25999	6	1	3	175	0	185
26000	2	0	2	182	0	186
26001	175	0	0	8	0	183
26002	7	186	1	5	0	199
26003	185	5	1	3	0	194
26004	8	193	0	1	0	202
26005	240	7	1	0	0	248
26006	9	2	234	1	0	246
26007	3	2	7	234	0	246
26008	4	0	3	242	0	249
26009	237	1	3	7	0	248
26010	6	237	0	5	0	248
26011	3	6	0	235	0	244
26012	2	4	1	222	0	229
26013	0	222	1	8	0	231
26014	223	6	1	5	0	235
26015	5	223	2	2	0	232
26016	3	6	0	221	0	230
26017	3	2	1	223	0	229
26018	0	216	1	9	0	226
26019	226	5	0	5	0	236
26020	7	2	216	3	0	228
26021	206	2	6	2	0	216
26022	9	219	2	1	0	231
26023	3	7	3	223	0	236
26024	230	3	0	7	0	240
26025	7	3	0	227	0	237
26026	4	1	0	232	0	237
26027	227	0	1	9	0	237
26028	6	210	1	6	0	223
26029	2	238	0	4	0	244
26030	243	7	0	2	0	252
26031	5	5	188	0	0	198
26032	2	185	5	1	0	193
26033	1	20	1	153	0	175
26034	0	3	163	1	0	167
26035	0	0	0	150	0	150
26036	154	0	2	0	0	156
26037	0	152	0	2	0	154
26038	2	0	0	151	0	153
26039	0	152	0	0	0	152
26040	149	0	0	1	0	150
26041	158	2	0	0	0	160
26042	3	169	0	0	0	172
26043	2	1	0	170	0	173
26044	0	167	1	0	0	168
26045	174	0	0	1	0	175
26046	171	3	0	0	0	174
26047	4	0	1	170	0	175
26048	2	0	0	171	0	173
26049	0	0	163	4	0	167
26050	144	0	1	3	0	148
26051	1	0	175	0	0	176
26052	3	0	1	167	0	171
26053	171	0	2	1	0	174
26054	1	162	0	3	0	166
26055	171	1	0	0	0	172
26056	1	3	167	0	0	171
26057	143	0	1	0	0	144
26058	1	162	3	0	0	166
26059	171	1	0	0	0	172
26060	1	171	1	0	0	173
26061	3	1	0	166	0	170
26062	0	3	157	1	0	161
26063	0	0	158	3	0	161
26064	0	0	4	156	0	160
26065	0	0	164	1	0	165
26066	0	1	1	156	0	158
26067	0	0	3	156	0	159
26068	0	1	159	4	0	164
26069	122	0	1	5	0	128
26070	157	0	3	0	0	160
26071	4	159	0	1	0	164
26072	166	1	0	1	0	168
26073	2	3	0	160	0	165
26074	3	1	159	1	0	164
26075	0	1	1	155	0	157
26076	1	0	3	163	0	167
26077	162	0	1	4	0	167
26078	1	156	0	3	0	160
26079	2	157	1	1	0	161
26080	0	4	2	161	0	167
26081	0	3	0	159	0	162
26082	2	156	0	4	0	162
26083	0	3	0	155	0	158
26084	0	3	0	153	0	156
26085	0	145	0	4	0	149
26086	153	1	0	2	0	156
26087	3	3	0	153	0	159
26088	3	147	0	1	0	151
26089	0	1	0	155	0	156
26090	148	4	0	1	0	153
26091	3	140	0	4	0	147
26092	154	1	0	0	0	155
26093	120	3	0	2	0	125
26094	4	0	0	164	0	168
26095	167	0	2	1	0	170
26096	161	0	0	3	0	164
26097	163	0	1	0	0	164
26098	164	0	0	2	0	166
26099	3	0	0	157	0	160
26100	6	2	0	272	0	280
26101	2	0	277	3	0	282
26102	0	0	3	250	0	253
26103	2	0	3	260	0	265
26104	0	2	258	4	0	264
26105	202	0	1	3	0	206
26106	1	2	3	226	0	232
26107	3	0	228	3	0	234
26108	196	0	2	3	0	201
26109	1	0	239	0	0	240
26110	3	238	1	2	0	244
26111	0	288	4	0	0	292
26112	0	6	0	305	0	311
26113	0	5	375	5	0	385
26114	354	0	6	3	0	363
26115	374	0	3	0	0	377
26116	8	0	375	0	0	383
26117	348	2	4	0	0	354
26118	384	0	2	0	0	386
26119	6	368	0	2	0	376
26120	391	4	2	0	0	397
26121	2	3	0	399	0	404
26122	4	0	432	4	0	440
26123	1	0	6	422	0	429
26124	0	428	3	2	0	433
26125	0	434	0	2	0	436
26126	441	5	0	3	0	449
26127	432	3	2	1	0	438
26128	415	0	0	0	0	415
26129	8	1	0	415	0	424
26130	3	2	2	445	0	452
26131	2	442	1	9	0	454
26132	455	5	1	4	0	465
26133	5	445	1	2	0	453
26134	444	4	1	0	0	449
26135	5	425	1	2	0	433
26136	435	4	2	0	0	441
26137	441	1	1	1	0	444
26138	7	4	0	462	0	473
26139	3	459	0	3	0	465
26140	4	5	441	2	0	452
26141	386	1	4	1	0	392
26142	5	429	2	1	0	437
26143	0	4	452	3	0	459
26144	1	2	442	3	0	448
26145	3	4	3	392	0	402
26146	4	2	0	404	0	410
26147	4	436	1	2	0	443
26148	457	4	0	1	0	462
26149	5	3	0	436	0	444
26150	2	435	0	6	0	443
26151	4	438	2	1	0	445
26152	2	7	421	3	0	433
26153	3	4	410	0	0	417
26154	403	2	5	1	0	411
26155	9	2	430	0	0	441
26156	3	4	3	416	0	426
26157	3	1	2	422	0	428
26158	1	2	433	4	0	440
26159	2	1	4	402	0	409
26160	1	2	1	423	0	427
26161	417	2	1	4	0	424
26162	427	4	1	0	0	432
26163	5	2	2	420	0	429
26164	2	413	2	4	0	421
26165	2	434	1	3	0	440
26166	441	4	2	2	0	449
26167	4	1	435	2	0	442
26168	4	2	3	433	0	442
26169	451	3	2	5	0	461
26170	439	3	1	3	0	446
26171	3	3	2	443	0	451
26172	3	0	438	4	0	445
26173	2	2	388	3	0	395
26174	390	2	4	2	0	398
26175	440	1	1	1	0	443
26176	5	423	2	6	0	436
26177	0	423	2	5	0	430
26178	441	6	2	1	0	450
26179	438	2	2	2	0	444
26180	5	0	1	421	0	427
26181	4	1	3	488	0	496
26182	3	1	1	501	0	506
26183	503	2	1	5	0	511
26184	5	2	1	492	0	500
26185	1	3	499	6	0	509
26186	468	1	8	1	0	478
26187	4	1	3	552	0	560
26188	5	2	579	5	0	591
26189	523	2	2	1	0	528
26190	600	2	2	3	0	607
26191	3	606	1	3	0	613
26192	5	616	2	1	0	624
26193	6	5	610	1	0	622
26194	539	0	5	5	0	549
26195	5	589	0	5	0	599
26196	3	6	579	2	0	590
26197	545	2	3	2	0	552
26198	5	620	1	5	0	631
26199	3	4	659	2	0	668
26200	515	1	5	2	0	523
26201	6	559	1	6	0	572
26202	2	4	2	586	0	594
26203	587	4	2	4	0	597
26204	6	574	3	2	0	585
26205	4	5	2	582	0	593
26206	585	3	2	5	0	595
26207	6	1	575	3	0	585
26208	5	560	5	3	0	573
26209	4	4	555	3	0	566
26210	3	1	1	535	0	540
26211	0	2	518	2	0	522
26212	0	477	4	3	0	484
26213	2	442	1	0	0	445
26214	0	2	0	454	0	456
26215	0	1	0	428	0	429
26216	2	0	0	433	0	435
26217	0	0	486	1	0	487
26218	0	0	2	480	0	482
26219	482	0	4	2	0	488
26220	457	0	1	3	0	461
26221	4	1	464	0	0	469
26222	2	413	4	0	0	419
26223	423	2	1	2	0	428
26224	1	423	2	1	0	427
26225	429	2	0	0	0	431
26226	421	3	0	0	0	424
26227	2	1	416	2	0	421
26228	2	417	3	2	0	424
26229	0	2	2	438	0	442
26230	1	2	408	2	0	413
26231	375	0	2	4	0	381
26232	3	0	3	401	0	407
26233	5	0	400	2	0	407
26234	379	1	3	2	0	385
26235	2	2	403	0	0	407
26236	4	0	2	397	0	403
26237	513	3	1	3	0	520
26238	4	516	0	3	0	523
26239	5	3	535	0	0	543
26240	499	3	5	2	0	509
26241	528	2	2	1	0	533
26242	6	574	0	1	0	581
26243	2	3	4	591	0	600
26244	4	3	0	599	0	606
26245	602	0	1	6	0	609
26246	3	3	2	633	0	641
26247	5	0	648	9	0	662
26248	3	0	9	646	0	658
26249	652	2	4	11	0	669
26250	10	630	2	6	0	648
26251	4	10	1	643	0	658
26252	1	639	3	10	0	653
26253	709	9	2	4	0	724
26254	11	5	0	706	0	722
26255	5	3	2	746	0	756
26256	5	714	1	16	0	736
26257	2	13	708	13	0	736
26258	2	5	11	714	0	732
26259	2	4	6	739	0	751
26260	0	4	6	733	0	743
26261	2	705	4	21	0	732
26262	5	11	724	9	0	749
26263	2	6	728	5	0	741
26264	703	6	18	4	0	731
26265	794	5	11	4	0	814
26266	19	1	834	7	0	861
26267	796	1	13	4	0	814
26268	20	2	873	5	0	900
26269	827	3	25	5	0	860
26270	20	883	11	3	0	917
26271	944	17	7	7	0	975
26272	25	7	957	7	0	996
26273	11	4	1008	4	0	1027
26274	6	8	28	1101	0	1143
26275	1159	3	18	32	0	1212
26276	38	1160	9	13	0	1220
26277	15	36	1428	8	0	1487
26278	12	10	56	1413	0	1491
26279	9	7	20	1515	0	1551
26280	1507	3	14	76	0	1600
26281	1518	2	11	26	0	1557
26282	81	2	3	1488	0	1574
26283	1510	4	2	62	0	1578
26284	70	6	1476	21	0	1573
26285	26	3	60	1501	0	1590
26286	11	2	21	1591	0	1625
26287	1483	2	13	81	0	1579
26288	1496	5	5	29	0	1535
26289	85	5	7	1447	0	1544
26290	1410	5	11	69	0	1495
26291	74	3	1404	27	0	1508
26292	24	1414	58	17	0	1513
26293	18	56	1402	15	0	1491
26294	12	20	63	1429	0	1524
26295	1424	9	25	65	0	1523
26296	66	1382	17	30	0	1495
26297	25	59	6	1391	0	1481
26298	17	19	6	1401	0	1443
26299	7	1361	7	78	0	1453
26300	14	55	6	1428	0	1503
26301	11	18	7	1466	0	1502
26302	14	7	5	1476	0	1502
26303	11	6	5	1480	0	1502
26304	11	4	6	1432	0	1453
26305	10	1310	10	90	0	1420
26306	10	52	8	1392	0	1462
26307	8	17	8	1438	0	1471
26308	11	9	1297	91	0	1408
26309	11	1304	54	41	0	1410
26310	10	64	19	1377	0	1470
26311	7	20	12	1407	0	1446
26312	6	13	6	1417	0	1442
26313	11	1308	6	90	0	1415
26314	7	58	1297	35	0	1397
26315	8	18	63	1367	0	1456
26316	10	12	1343	80	0	1445
26317	5	8	1337	35	0	1385
26318	9	7	72	1330	0	1418
26319	1282	5	25	80	0	1392
26320	62	5	13	1302	0	1382
26321	19	8	9	1319	0	1355
26322	11	1270	9	87	0	1377
26323	12	57	5	1321	0	1395
26324	5	18	7	1346	0	1376
26325	8	11	1247	91	0	1357
26326	6	1251	63	41	0	1361
26327	6	66	18	1307	0	1397
26328	1269	21	16	75	0	1381
26329	62	13	1289	35	0	1399
26330	19	11	64	1307	0	1401
26331	14	9	24	1380	0	1427
26332	1318	6	11	95	0	1430
26333	70	1288	11	42	0	1411
26334	1306	67	5	32	0	1410
26335	70	1305	6	28	0	1409
26336	21	62	10	1350	0	1443
26337	1321	18	9	80	0	1428
26338	66	15	1251	38	0	1370
26339	28	1264	63	27	0	1382
26340	14	1342	18	22	0	1396
26341	1285	72	13	24	0	1394
26342	67	26	10	1217	0	1320
26343	22	1191	13	68	0	1294
26344	14	1281	5	35	0	1335
26345	10	105	7	1237	0	1359
26346	13	22	6	1273	0	1314
26347	1187	20	6	79	0	1292
26348	60	1168	6	35	0	1269
26349	20	57	9	1213	0	1299
26350	14	19	1147	74	0	1254
26351	9	1165	61	26	0	1261
26352	10	65	1143	23	0	1241
26353	8	1134	57	23	0	1222
26354	12	95	17	1125	0	1249
26355	6	20	7	1121	0	1154
26356	7	1086	2	72	0	1167
26357	8	55	1066	22	0	1151
26358	1045	19	51	22	0	1137
26359	49	10	14	1150	0	1223
26360	16	9	11	1189	0	1225
26361	9	17	1197	74	0	1297
26362	8	8	55	1238	0	1309
26363	6	11	1213	69	0	1299
26364	2	8	61	1288	0	1359
26365	5	15	1250	72	0	1342
26366	5	1181	61	30	0	1277
26367	7	53	1270	22	0	1352
26368	3	21	56	1288	0	1368
26369	1277	11	21	72	0	1381
26370	63	1223	9	36	0	1331
26371	19	57	5	1241	0	1322
26372	9	20	1136	62	0	1227
26373	2	1125	58	27	0	1212
26374	2	43	17	1038	0	1100
26375	3	19	999	45	0	1066
26376	0	902	35	21	0	958
26377	634	14	7	27	0	682
26378	624	6	0	1	0	631
26379	15	1	0	640	0	656
26380	641	0	0	14	0	655
26381	13	1	2	588	0	604
26382	5	1	1	618	0	625
26383	0	0	603	20	0	623
26384	0	1	11	571	0	583
26385	2	1	5	590	0	598
26386	578	1	1	18	0	598
26387	561	3	1	7	0	572
26388	19	553	2	4	0	578
26389	8	12	564	2	0	586
26390	2	7	11	571	0	591
26391	0	0	509	17	0	526
26392	496	0	13	6	0	515
26393	12	5	506	2	0	525
26394	6	2	11	497	0	516
26395	3	498	7	15	0	523
26396	1	15	3	512	0	531
26397	3	7	2	524	0	536
26398	2	1	508	22	0	533
26399	1	1	13	478	0	493
26400	472	0	6	15	0	493
26401	476	1	2	9	0	488
26402	477	1	2	5	0	485
26403	480	1	3	2	0	486
26404	17	446	2	7	0	472
26405	6	475	5	5	0	491
26406	1	21	3	474	0	499
26407	2	5	5	485	0	497
26408	1	445	5	22	0	473
26409	4	15	3	478	0	500
26410	5	6	4	489	0	504
26411	4	2	4	493	0	503
26412	4	4	3	494	0	505
26413	6	4	1	495	0	506
26414	472	3	3	24	0	502
26415	15	465	2	16	0	498
26416	7	16	454	5	0	482
26417	0	7	13	474	0	494
26418	2	2	8	472	0	484
26419	3	3	4	491	0	501
26420	469	3	2	26	0	500
26421	19	462	2	10	0	493
26422	14	13	3	481	0	511
26423	9	496	0	18	0	523
26424	7	16	5	482	0	510
26425	5	480	4	19	0	508
26426	3	14	514	17	0	548
26427	3	7	24	543	0	577
26428	3	5	692	29	0	729
26429	5	1	31	674	0	711
26430	4	5	10	792	0	811
26431	764	4	9	51	0	828
26432	775	4	2	28	0	809
26433	799	2	7	16	0	824
26434	809	1	5	10	0	825
26435	805	2	6	9	0	822
26436	60	2	6	703	0	771
26437	22	714	6	42	0	784
26438	10	40	6	738	0	794
26439	7	17	694	57	0	775
26440	702	14	37	22	0	775
26441	749	6	11	13	0	779
26442	55	4	9	724	0	792
26443	29	4	2	735	0	770
26444	17	675	2	53	0	747
26445	9	37	4	734	0	784
26446	9	16	4	733	0	762
26447	9	692	5	50	0	756
26448	7	40	4	737	0	788
26449	712	16	7	54	0	789
26450	46	9	684	27	0	766
26451	709	6	37	22	0	774
26452	48	7	680	15	0	750
26453	19	5	43	690	0	757
26454	14	9	9	668	0	700
26455	9	658	8	58	0	733
26456	10	711	1	25	0	747
26457	10	51	3	688	0	752
26458	14	26	653	44	0	737
26459	645	13	35	18	0	711
26460	39	3	18	649	0	709
26461	14	565	8	40	0	627
26462	10	37	6	582	0	635
26463	6	12	4	600	0	622
26464	4	531	3	45	0	583
26465	5	34	5	480	0	524
26466	6	13	426	48	0	493
26467	5	11	396	18	0	430
26468	6	5	30	358	0	399
26469	3	374	13	29	0	419
26470	4	24	5	387	0	420
26471	375	15	1	35	0	426
26472	398	10	1	18	0	427
26473	375	2	3	13	0	393
26474	36	358	5	4	0	403
26475	12	27	346	7	0	392
26476	371	10	25	4	0	410
26477	383	8	12	9	0	412
26478	36	361	6	7	0	410
26479	19	28	3	355	0	405
26480	374	11	1	29	0	415
26481	392	10	3	12	0	417
26482	394	2	2	11	0	409
26483	45	4	4	357	0	410
26484	370	4	2	31	0	407
26485	34	4	5	362	0	405
26486	13	3	3	388	0	407
26487	365	3	2	40	0	410
26488	30	6	3	371	0	410
26489	361	1	3	41	0	406
26490	39	2	4	367	0	412
26491	15	4	3	397	0	419
26492	366	3	1	45	0	415
26493	30	1	352	28	0	411
26494	22	3	28	385	0	438
26495	23	1	6	407	0	437
26496	19	3	9	396	0	427
26497	14	4	3	413	0	434
26498	12	2	0	409	0	423
26499	14	377	2	41	0	434
26500	8	26	4	403	0	441
26501	12	12	365	43	0	432
26502	11	11	30	390	0	442
26503	13	1	9	412	0	435
26504	12	2	7	421	0	442
26505	6	8	362	51	0	427
26506	8	5	381	32	0	426
26507	376	5	33	23	0	437
26508	399	5	13	17	0	434
26509	38	468	6	17	0	529
26510	17	27	3	563	0	610
26511	15	11	4	574	0	604
26512	7	9	7	592	0	615
26513	551	2	8	49	0	610
26514	579	1	6	26	0	612
26515	37	4	6	568	0	615
26516	19	6	5	572	0	602
26517	14	5	2	589	0	610
26518	2	9	5	590	0	606
26519	546	10	2	49	0	607
26520	28	2	520	30	0	580
26521	13	496	28	24	0	561
26522	14	508	7	18	0	547
26523	508	34	5	18	0	565
26524	27	19	3	510	0	559
26525	8	10	482	43	0	543
26526	9	4	468	17	0	498
26527	5	492	21	18	0	536
26528	332	9	5	4	0	350
26529	10	3	331	3	0	347
26530	244	0	0	0	0	244
26531	0	0	0	262	0	262
26532	0	0	0	266	0	266
26533	0	291	0	0	0	291
26534	0	296	0	1	0	297
26535	307	0	0	0	0	307
26536	297	0	0	0	0	297
26537	0	329	0	1	0	330
26538	0	0	352	0	0	352
26539	0	0	359	0	0	359
26540	0	0	0	357	0	357
26541	372	0	0	0	0	372
26542	0	352	0	0	0	352
26543	0	0	0	405	0	405
26544	403	0	0	3	0	406
26545	3	0	0	391	0	394
26546	1	0	0	417	0	418
26547	422	0	0	4	0	426
26548	4	408	0	2	0	414
26549	1	455	0	1	0	457
26550	1	4	458	0	0	463
26551	0	1	3	460	0	464
26552	0	1	1	463	0	465
26553	0	0	472	4	0	476
26554	362	0	6	3	0	371
26555	417	0	1	1	0	419
26556	4	0	468	0	0	472
26557	359	0	3	1	0	363
26558	4	0	462	0	0	466
26559	1	438	6	0	0	445
26560	1	4	1	497	0	503
26561	0	1	1	500	0	502
26562	503	1	0	3	0	507
26563	493	0	0	2	0	495
26564	496	0	0	1	0	497
26565	489	0	0	0	0	489
26566	494	0	0	0	0	494
26567	5	0	474	0	0	479
26568	2	450	1	1	0	454
26569	1	3	1	492	0	497
26570	0	473	2	3	0	478
26571	0	533	0	1	0	534
26572	0	5	0	537	0	542
26573	0	3	0	542	0	545
26574	0	2	557	4	0	563
26575	495	1	3	2	0	501
26576	569	0	1	1	0	571
26577	4	532	1	2	0	539
26578	567	3	0	0	0	570
26579	568	1	0	0	0	569
26580	4	1	0	553	0	558
26581	3	0	559	3	0	565
26582	1	0	540	1	0	542
26583	547	0	4	1	0	552
26584	565	0	2	0	0	567
26585	3	540	1	0	0	544
26586	2	550	1	1	0	554
26587	1	4	0	562	0	567
26588	567	2	0	3	0	572
26589	3	1	568	1	0	573
26590	1	1	3	559	0	564
26591	595	0	1	3	0	599
26592	591	0	0	1	0	592
26593	4	1	0	590	0	595
26594	610	0	0	4	0	614
26595	4	0	579	1	0	584
26596	1	0	609	1	0	611
26597	1	0	3	577	0	581
26598	0	0	2	624	0	626
26599	0	0	0	622	0	622
26600	0	608	0	5	0	613
26601	0	627	0	2	0	629
26602	1	4	0	626	0	631
26603	624	1	0	5	0	630
26604	3	0	0	629	0	632
26605	2	0	0	636	0	638
26606	1	611	0	4	0	616
26607	0	626	0	3	0	629
26608	0	4	0	654	0	658
26609	0	2	0	561	0	563
26610	509	1	0	5	0	515
26611	3	477	1	9	0	490
26612	508	3	0	1	0	512
26613	5	1	0	495	0	501
26614	1	1	489	3	0	494
26615	3	1	481	2	0	487
26616	485	0	5	1	0	491
26617	3	1	2	513	0	519
26618	1	0	1	515	0	517
26619	1	0	0	525	0	526
26620	1	0	512	5	0	518
26621	1	0	3	506	0	510
26622	1	479	1	5	0	486
26623	0	3	0	521	0	524
26624	1	1	0	514	0	516
26625	0	502	1	4	0	507
26626	0	4	0	506	0	510
26627	486	1	0	5	0	492
26628	3	471	0	1	0	475
26629	504	4	0	1	0	509
26630	481	1	0	1	0	483
26631	5	1	0	472	0	478
26632	3	0	1	461	0	465
26633	2	0	0	454	0	456
26634	0	0	430	6	0	436
26635	0	407	3	4	0	414
26636	1	433	2	1	0	437
26637	1	4	1	410	0	416
26638	379	2	0	4	0	385
26639	3	1	1	381	0	386
26640	3	0	386	4	0	393
26641	2	360	5	2	0	369
26642	1	381	2	1	0	385
26643	355	1	0	1	0	357
26644	355	1	0	0	0	356
26645	1	374	2	0	0	377
26646	363	0	1	1	0	365
26647	1	1	370	0	0	372
26648	2	2	352	0	0	356
26649	338	0	1	1	0	340
26650	417	0	1	0	0	418
26651	2	0	1	444	0	447
26652	484	0	1	1	0	486
26653	2	1	520	3	0	526
26654	3	1	615	2	0	621
26655	0	0	10	789	0	799
26656	1	1	3	851	0	856
26657	2	1	1	870	0	874
26658	0	0	1	925	0	926
26659	2	0	0	1036	0	1038
26660	1	0	994	36	0	1031
26661	1	0	28	1005	0	1034
26662	982	1	34	32	0	1049
26663	29	1	0	1030	0	1060
26664	1016	0	2	32	0	1050
26665	28	0	0	1025	0	1053
26666	1048	0	1	33	0	1082
26667	1073	0	2	11	0	1086
26668	37	0	1	1046	0	1084
26669	8	0	1	1090	0	1099
26670	1059	0	3	39	0	1101
26671	1038	1	1	11	0	1051
26672	37	0	980	8	0	1025
26673	11	0	24	993	0	1028
26674	9	0	6	1024	0	1039
26675	984	0	0	42	0	1026
26676	1005	0	3	13	0	1021
26677	38	0	2	993	0	1033
26678	12	3	1	1014	0	1030
26679	7	2	2	1027	0	1038
26680	7	0	1	1014	0	1022
26681	3	954	2	44	0	1003
26682	2	995	2	15	0	1014
26683	5	35	1	992	0	1033
26684	3	974	2	38	0	1017
26685	4	32	1	1002	0	1039
26686	6	9	1014	40	0	1069
26687	4	2	998	22	0	1026
26688	2	1025	34	11	0	1072
26689	3	29	9	1032	0	1073
26690	2	8	999	37	0	1046
26691	5	5	28	998	0	1036
26692	4	6	7	1046	0	1063
26693	980	1	4	52	0	1037
26694	33	3	7	1000	0	1043
26695	12	3	1018	42	0	1075
26696	9	1	976	14	0	1000
26697	5	952	37	11	0	1005
26698	6	1022	7	15	0	1050
26699	1003	33	5	15	0	1056
26700	40	6	1046	5	0	1097
26701	12	4	30	1062	0	1108
26702	1065	3	10	41	0	1119
26703	1083	0	4	15	0	1102
26704	35	1068	6	13	0	1122
26705	15	32	3	1150	0	1200
26706	11	7	4	1182	0	1204
26707	9	5	2	1181	0	1197
26708	1194	6	4	46	0	1250
26709	37	3	1157	22	0	1219
26710	13	1152	33	13	0	1211
26711	5	35	7	1194	0	1241
26712	11	10	2	1236	0	1259
26713	4	5	1175	48	0	1232
26714	3	8	28	1162	0	1201
26715	3	2	12	1204	0	1221
26716	3	4	6	1215	0	1228
26717	2	8	4	1224	0	1238
26718	5	6	1201	46	0	1258
26719	3	3	35	1218	0	1259
26720	1	7	1211	44	0	1263
26721	2	1211	32	26	0	1271
26722	3	32	16	1254	0	1305
26723	5	8	5	1290	0	1308
26724	2	5	1232	46	0	1285
26725	1	1213	37	23	0	1274
26726	2	31	11	1250	0	1294
26727	6	8	1214	39	0	1267
26728	6	1202	35	14	0	1257
26729	7	34	10	1244	0	1295
26730	2	7	1223	46	0	1278
26731	7	5	36	1213	0	1261
26732	8	7	9	1231	0	1255
26733	6	4	6	1272	0	1288
26734	1220	9	9	41	0	1279
26735	32	1207	2	21	0	1262
26736	1239	32	5	15	0	1291
26737	37	6	1228	14	0	1285
26738	1280	7	31	8	0	1326
26739	1423	5	10	14	0	1452
26740	37	6	3	1391	0	1437
26741	1411	2	5	46	0	1464
26742	1419	3	3	19	0	1444
26743	1457	3	5	15	0	1480
26744	42	4	3	1420	0	1469
26745	14	3	6	1427	0	1450
26746	11	8	1321	80	0	1420
26747	6	1	1311	19	0	1337
26748	1266	3	40	16	0	1325
26749	34	38	8	1296	0	1376
26750	7	1279	6	31	0	1323
26751	1269	27	19	17	0	1332
26752	30	1217	8	13	0	1268
26753	5	1179	4	15	0	1203
26754	3	29	1076	9	0	1117
26755	3	6	1025	6	0	1040
26756	1	2	18	1074	0	1095
26757	3	3	1118	17	0	1141
26758	3	1	974	4	0	982
26759	868	0	1	1	0	870
26760	893	0	0	1	0	894
26761	1	1	0	946	0	948
26762	0	0	0	961	0	961
26763	1	0	978	0	0	979
26764	0	929	1	0	0	930
26765	0	1	0	972	0	973
26766	1068	1	0	1	0	1070
26767	1	0	0	1066	0	1067
26768	0	1085	2	0	0	1087
26769	2	2	1069	2	0	1075
26770	1	1040	1	1	0	1043
26771	1110	1	0	0	0	1111
26772	1082	1	0	0	0	1083
26773	1	0	0	1071	0	1072
26774	0	1	1088	2	0	1091
26775	2	2	1024	1	0	1029
26776	1	1040	4	0	0	1045
26777	0	1	1	1042	0	1044
26778	0	1	0	1087	0	1088
26779	0	0	1054	2	0	1056
26780	0	0	1	1053	0	1054
26781	0	1186	2	2	0	1190
26782	1	7	0	1238	0	1246
26783	0	1	0	1251	0	1252
26784	2	0	1255	18	0	1275
26785	0	0	17	1213	0	1230
26786	1148	0	2	17	0	1167
26787	18	0	1173	2	0	1193
26788	4	0	1187	0	0	1191
26789	0	1138	24	0	0	1162
26790	0	18	4	1207	0	1229
26791	0	4	0	1308	0	1312
26792	1	0	1269	29	0	1299
26793	1177	0	28	9	0	1214
26794	23	0	9	1297	0	1329
26795	11	0	1279	25	0	1315
26796	2	0	22	1257	0	1281
26797	2	0	1290	27	0	1319
26798	1	2	1246	10	0	1259
26799	0	1212	35	3	0	1250
26800	0	25	11	1183	0	1219
26801	0	1218	4	23	0	1245
26802	1220	26	0	8	0	1254
26803	24	10	1206	2	0	1242
26804	11	1175	23	0	0	1209
26805	3	24	10	1225	0	1262
26806	1208	10	2	23	0	1243
26807	22	1188	1	11	0	1222
26808	8	24	0	1167	0	1199
26809	3	10	1	1189	0	1203
26810	2	1152	0	31	0	1185
26811	1269	25	1	12	0	1307
26812	24	10	2	1411	0	1447
26813	10	3	0	1599	0	1612
26814	1	2	1514	50	0	1567
26815	0	1507	35	26	0	1568
26816	0	39	17	1561	0	1617
26817	1	19	4	1627	0	1651
26818	1	1581	2	62	0	1646
26819	1	47	2	1649	0	1699
26820	0	24	39	1687	0	1750
26821	0	8	2	1700	0	1710
26822	1	1643	3	73	0	1720
26823	1658	44	1	29	0	1732
26824	48	25	1615	13	0	1701
26825	1578	5	48	9	0	1640
26826	54	1632	24	7	0	1717
26827	27	51	10	1658	0	1746
26828	9	26	1627	51	0	1713
26829	4	6	54	1626	0	1690
26830	6	7	30	1649	0	1692
26831	2	5	10	1758	0	1775
26832	4	4	1640	83	0	1731
26833	1	1616	56	40	0	1713
26834	5	47	1666	19	0	1737
26835	4	1647	54	16	0	1721
26836	3	51	1767	17	0	1838
26837	6	29	58	1743	0	1836
26838	1826	9	33	60	0	1928
26839	38	1771	16	32	0	1857
26840	24	53	1749	24	0	1850
26841	6	1781	54	17	0	1858
26842	11	67	1812	11	0	1901
26843	5	37	51	1727	0	1820
26844	10	13	28	1669	0	1720
26845	3	1748	12	72	0	1835
26846	7	1920	9	32	0	1968
26847	1985	76	10	22	0	2093
26848	55	45	14	1980	0	2094
26849	35	16	1968	72	0	2091
26850	11	22	55	1977	0	2065
26851	13	11	2041	81	0	2146
26852	5	14	2027	42	0	2088
26853	12	9	92	1911	0	2024
26854	2	1943	42	73	0	2060
26855	1961	57	17	42	0	2077
26856	55	42	17	1871	0	1985
26857	31	20	14	1891	0	1956
26858	10	1888	16	91	0	2005
26859	1940	72	9	38	0	2059
26860	1981	42	13	29	0	2065
26861	85	15	8	1848	0	1956
26862	40	1842	16	67	0	1965
26863	15	1956	11	40	0	2022
26864	1925	84	14	24	0	2047
26865	59	46	1886	24	0	2015
26866	1787	20	74	11	0	1892
26867	1832	20	50	24	0	1926
26868	1862	13	21	17	0	1913
26869	88	1789	14	76	0	1967
26870	42	60	17	1885	0	2004
26871	1883	44	7	75	0	2009
26872	1907	9	21	48	0	1985
26873	83	1861	20	24	0	1988
26874	1924	65	9	27	0	2025
26875	68	46	14	1892	0	2020
26876	43	19	18	1914	0	1994
26877	17	1864	10	91	0	1982
26878	11	62	15	1932	0	2020
26879	18	42	10	1936	0	2006
26880	13	1830	15	104	0	1962
26881	19	57	12	1707	0	1795
26882	11	1713	10	75	0	1809
26883	1741	55	8	41	0	1845
26884	1672	47	12	20	0	1751
26885	72	1696	8	28	0	1804
26886	34	51	1640	19	0	1744
26887	20	39	39	1669	0	1767
26888	26	18	1619	51	0	1714
26889	13	1591	43	44	0	1691
26890	14	1647	32	31	0	1724
26891	1541	55	8	24	0	1628
26892	49	1567	10	10	0	1636
26893	29	51	13	1519	0	1612
26894	18	1477	12	93	0	1600
26895	25	1553	7	25	0	1610
26896	1529	62	4	21	0	1616
26897	44	35	5	1525	0	1609
26898	33	19	1473	47	0	1572
26899	12	16	1459	41	0	1528
26900	17	1471	48	26	0	1562
26901	1487	46	27	17	0	1577
26902	39	1497	13	19	0	1568
26903	24	53	15	1499	0	1591
26904	1507	36	11	42	0	1596
26905	45	17	9	1523	0	1594
26906	28	25	8	1513	0	1574
26907	22	1487	9	62	0	1580
26908	23	45	4	1512	0	1584
26909	11	35	1410	49	0	1505
26910	1447	21	42	35	0	1545
26911	44	1474	24	28	0	1570
26912	30	1502	12	11	0	1555
26913	1331	52	5	11	0	1399
26914	43	26	1290	10	0	1369
26915	1277	33	39	6	0	1355
26916	41	1508	16	11	0	1576
26917	16	1847	9	7	0	1879
26918	13	78	1766	6	0	1863
26919	4	1778	69	44	0	1895
26920	4	81	16	1714	0	1815
26921	8	26	9	1755	0	1798
26922	6	1776	6	77	0	1865
26923	4	76	4	1807	0	1891
26924	1789	18	2	84	0	1893
26925	75	20	1738	23	0	1856
26926	1730	13	70	18	0	1831
26927	1852	6	17	10	0	1885
26928	1854	11	14	6	0	1885
26929	99	4	1762	7	0	1872
26930	33	9	73	1759	0	1874
26931	22	9	1726	76	0	1833
26932	1687	8	77	17	0	1789
26933	1751	10	21	18	0	1800
26934	81	1697	14	15	0	1807
26935	35	73	7	1692	0	1807
26936	22	1665	5	73	0	1765
26937	13	82	1664	20	0	1779
26938	8	21	69	1593	0	1691
26939	1602	16	21	78	0	1717
26940	1645	13	16	21	0	1695
26941	92	13	5	1457	0	1567
26942	36	1481	10	67	0	1594
26943	22	74	1511	22	0	1629
26944	13	18	1603	18	0	1652
26945	1447	15	78	8	0	1548
26946	79	10	1420	3	0	1512
26947	17	1357	79	5	0	1458
26948	18	66	15	1366	0	1465
26949	7	15	1380	68	0	1470
26950	5	12	72	1358	0	1447
26951	6	13	1302	76	0	1397
26952	1237	4	77	21	0	1339
26953	67	7	20	1251	0	1345
26954	18	1264	16	68	0	1366
26955	16	1285	9	20	0	1330
26956	11	78	6	1228	0	1323
26957	9	23	7	1262	0	1301
26958	6	1226	7	75	0	1314
26959	9	63	1180	28	0	1280
26960	6	16	70	1221	0	1313
26961	7	12	1202	77	0	1298
26962	10	10	1197	20	0	1237
26963	1132	9	81	16	0	1238
26964	73	1145	23	11	0	1252
26965	1175	73	18	8	0	1274
26966	77	23	14	1115	0	1229
26967	22	1154	13	70	0	1259
26968	18	72	11	1174	0	1275
26969	11	18	5	1140	0	1174
26970	6	1102	8	89	0	1205
26971	10	72	1080	26	0	1188
26972	7	20	69	1118	0	1214
26973	1099	16	18	78	0	1211
26974	76	10	13	1114	0	1213
26975	19	8	14	1179	0	1220
26976	21	10	1068	89	0	1188
26977	14	1084	67	33	0	1198
26978	6	73	22	1089	0	1190
26979	3	21	1089	86	0	1199
26980	9	20	1125	24	0	1178
26981	1064	13	91	19	0	1187
26982	76	1106	27	16	0	1225
26983	1052	77	18	16	0	1163
26984	74	1066	13	18	0	1171
26985	18	1137	10	15	0	1180
26986	1073	91	11	16	0	1191
26987	76	26	13	1037	0	1152
26988	25	1066	10	76	0	1177
26989	29	70	7	1094	0	1200
26990	1087	16	8	84	0	1195
26991	81	14	1046	27	0	1168
26992	26	14	1098	18	0	1156
26993	1026	9	83	17	0	1135
26994	80	1051	34	13	0	1178
26995	28	64	1049	8	0	1149
26996	22	1076	73	11	0	1182
26997	11	83	17	1064	0	1175
26998	8	19	1061	75	0	1163
26999	6	23	78	1072	0	1179
27000	6	11	1055	82	0	1154
27001	1018	8	83	27	0	1136
27002	76	1051	24	21	0	1172
27003	1070	73	14	15	0	1172
27004	79	25	12	1005	0	1121
27005	26	1106	6	70	0	1208
27006	1106	77	14	26	0	1223
27007	1156	25	14	20	0	1215
27008	90	18	1114	14	0	1236
27009	30	13	1166	10	0	1219
27010	980	10	79	11	0	1080
27011	63	934	37	60	0	1094
27012	20	915	20	12	0	967
27013	16	63	10	856	0	945
27014	13	24	846	47	0	930
27015	12	777	50	17	0	856
27016	5	661	13	9	0	688
27017	2	8	0	255	0	265
27018	257	2	1	6	0	266
27019	263	1	0	2	0	266
27020	261	0	0	1	0	262
27021	9	0	253	0	0	262
27022	238	1	6	1	0	246
27023	287	0	2	0	0	289
27024	293	0	0	0	0	293
27025	6	1	0	279	0	286
27026	2	280	0	5	0	287
27027	283	6	0	1	0	290
27028	6	283	0	0	0	289
27029	1	4	0	267	0	272
27030	1	1	370	4	0	376
27031	0	0	12	360	0	372
27032	0	0	2	375	0	377
27033	1	0	365	13	0	379
27034	0	365	11	5	0	381
27035	1	11	1	328	0	341
27036	328	2	0	11	0	341
27037	11	298	1	2	0	312
27038	276	11	0	2	0	289
27039	9	3	0	261	0	273
27040	4	289	0	8	0	301
27041	291	9	0	2	0	302
27042	10	293	1	1	0	305
27043	2	10	287	1	0	300
27044	253	3	10	0	0	266
27045	276	1	3	0	0	280
27046	10	265	1	0	0	276
27047	3	9	267	1	0	280
27048	2	362	12	0	0	376
27049	1	13	2	337	0	353
27050	0	4	0	377	0	381
27051	0	1	2	378	0	381
27052	1	370	0	11	0	382
27053	1	10	0	374	0	385
27054	3	1	0	384	0	388
27055	376	3	1	14	0	394
27056	13	2	0	379	0	394
27057	3	0	0	392	0	395
27058	363	2	0	15	0	380
27059	13	409	0	6	0	428
27060	437	13	0	3	0	453
27061	445	2	3	1	0	451
27062	441	3	1	2	0	447
27063	17	2	0	430	0	449
27064	5	1	0	446	0	452
27065	3	1	424	15	0	443
27066	2	3	396	4	0	405
27067	0	2	419	5	0	426
27068	378	2	13	3	0	396
27069	12	2	407	2	0	423
27070	4	419	12	0	0	435
27071	1	12	4	441	0	458
27072	3	2	2	435	0	442
27073	3	454	4	13	0	474
27074	0	15	464	4	0	483
27075	1	467	13	6	0	487
27076	472	13	2	2	0	489
27077	10	4	473	2	0	489
27078	6	465	14	1	0	486
27079	4	12	476	1	0	493
27080	4	4	12	469	0	489
27081	3	2	483	14	0	502
27082	1	3	13	447	0	464
27083	476	2	4	13	0	495
27084	12	2	500	6	0	520
27085	3	492	14	4	0	513
27086	544	13	2	2	0	561
27087	13	4	572	3	0	592
27088	4	4	574	2	0	584
27089	3	2	16	549	0	570
27090	2	0	559	20	0	581
27091	535	4	14	6	0	559
27092	11	538	8	4	0	561
27093	2	18	2	560	0	582
27094	8	579	1	15	0	603
27095	597	16	6	2	0	621
27096	18	5	576	3	0	602
27097	5	2	586	6	0	599
27098	3	4	14	602	0	623
27099	5	2	5	610	0	622
27100	2	3	3	619	0	627
27101	3	3	4	622	0	632
27102	4	2	616	17	0	639
27103	6	601	11	6	0	624
27104	8	10	2	566	0	586
27105	3	3	560	8	0	574
27106	2	548	11	3	0	564
27107	558	11	2	9	0	580
27108	8	1	4	534	0	547
27109	522	2	2	12	0	538
27110	8	526	5	4	0	543
27111	523	12	1	4	0	540
27112	13	3	609	4	0	629
27113	6	4	10	596	0	616
27114	4	614	5	9	0	632
27115	1	8	606	7	0	622
27116	1	616	9	8	0	634
27117	2	12	4	556	0	574
27118	702	6	2	10	0	720
27119	15	680	2	3	0	700
27120	701	11	6	1	0	719
27121	12	7	685	3	0	707
27122	3	4	649	6	0	662
27123	658	2	14	4	0	678
27124	5	5	8	676	0	694
27125	3	0	7	688	0	698
27126	3	2	714	12	0	731
27127	7	1	681	4	0	693
27128	2	681	10	3	0	696
27129	607	12	107	3	0	729
27130	598	1	2	0	0	601
27131	2	586	0	0	0	588
27132	0	1	3	613	0	617
27133	615	0	1	4	0	620
27134	2	0	1	609	0	612
27135	617	0	1	2	0	620
27136	612	3	0	0	0	615
27137	605	1	0	2	0	608
27138	2	1	1	599	0	603
27139	1	2	1	607	0	611
27140	593	0	1	3	0	597
27141	571	0	2	1	0	574
27142	580	1	0	2	0	583
27143	3	566	0	1	0	570
27144	594	1	0	2	0	597
27145	2	585	0	2	0	589
27146	584	2	0	1	0	587
27147	2	1	587	1	0	591
27148	431	0	0	0	0	431
27149	0	474	1	0	0	475
27150	0	473	0	1	0	474
27151	499	0	0	0	0	499
27152	0	0	0	508	0	508
27153	0	0	0	510	0	510
27154	0	501	0	1	0	502
27155	0	557	1	0	0	558
27156	621	1	0	0	0	622
27157	3	0	603	0	0	606
27158	0	2	2	643	0	647
27159	619	0	0	3	0	622
27160	3	0	583	0	0	586
27161	0	593	3	0	0	596
27162	656	3	0	0	0	659
27163	7	0	657	0	0	664
27164	1	0	6	712	0	719
27165	3	2	755	7	0	767
27166	715	0	8	2	0	725
27167	6	750	2	1	0	759
27168	781	7	3	2	0	793
27169	788	2	0	0	0	790
27170	9	2	0	852	0	863
27171	830	1	2	7	0	840
27172	10	0	0	824	0	834
27173	2	2	1	833	0	838
27174	3	0	784	9	0	796
27175	1	748	7	4	0	760
27176	2	8	2	803	0	815
27177	1	2	0	793	0	796
27178	1	2	0	796	0	799
27179	0	0	782	10	0	792
27180	1	738	8	6	0	753
27181	1	8	1	797	0	807
27182	1	1	2	814	0	818
27183	1	4	783	9	0	797
27184	1	0	9	756	0	766
27185	756	2	2	10	0	770
27186	7	706	4	3	0	720
27187	708	6	0	5	0	719
27188	8	3	689	2	0	702
27189	2	3	9	697	0	711
27190	707	1	2	8	0	718
27191	687	0	2	4	0	693
27192	9	2	736	5	0	752
27193	6	0	10	756	0	772
27194	2	3	734	8	0	747
27195	692	3	9	4	0	708
27196	12	734	1	4	0	751
27197	743	8	4	1	0	756
27198	715	2	4	2	0	723
27199	12	760	0	5	0	777
27200	791	8	4	2	0	805
27201	13	2	790	1	0	806
27202	783	6	10	2	0	801
27203	12	0	4	810	0	826
27204	4	2	818	11	0	835
27205	7	3	7	826	0	843
27206	7	3	4	828	0	842
27207	5	4	3	831	0	843
27208	6	831	2	16	0	855
27209	847	7	4	8	0	866
27210	10	4	5	837	0	856
27211	3	825	6	15	0	849
27212	8	10	4	728	0	750
27213	5	721	3	14	0	743
27214	7	15	758	7	0	787
27215	10	3	11	771	0	795
27216	5	5	4	802	0	816
27217	8	5	779	17	0	809
27218	654	4	12	10	0	680
27219	14	712	6	16	0	748
27220	7	12	11	750	0	780
27221	9	7	8	710	0	734
27222	11	9	1	730	0	751
27223	4	723	6	19	0	752
27224	714	8	5	16	0	743
27225	13	7	707	12	0	739
27226	9	10	674	9	0	702
27227	7	6	12	690	0	715
27228	5	3	6	722	0	736
27229	700	4	11	17	0	732
27230	11	677	5	17	0	710
27231	7	13	5	715	0	740
27232	758	4	6	17	0	785
27233	14	12	2	757	0	785
27234	760	4	13	18	0	795
27235	18	6	725	16	0	765
27236	11	738	15	15	0	779
27237	796	13	5	13	0	827
27238	26	7	775	6	0	814
27239	754	5	21	12	0	792
27240	23	6	742	14	0	785
27241	779	4	23	10	0	816
27242	23	6	7	785	0	821
27243	791	8	13	13	0	825
27244	26	5	7	776	0	814
27245	19	4	8	795	0	826
27246	786	10	6	17	0	819
27247	17	796	12	16	0	841
27248	18	11	7	848	0	884
27249	839	9	5	21	0	874
27250	844	9	7	15	0	875
27251	23	8	5	828	0	864
27252	13	6	7	824	0	850
27253	876	2	1	24	0	903
27254	16	11	6	903	0	936
27255	23	5	2	866	0	896
27256	808	1	4	28	0	841
27257	18	5	3	823	0	849
27258	13	3	721	24	0	761
27259	706	1	16	13	0	736
27260	15	2	769	15	0	801
27261	11	4	722	9	0	746
27262	678	1	16	6	0	701
27263	9	702	11	6	0	728
27264	12	7	5	655	0	679
27265	4	8	4	621	0	637
27266	3	2	5	653	0	663
27267	5	2	0	727	0	734
27268	689	2	1	32	0	724
27269	740	1	1	14	0	756
27270	718	0	1	9	0	728
27271	32	2	753	4	0	791
27272	16	0	25	817	0	858
27273	10	0	12	870	0	892
27274	6	1	5	814	0	826
27275	2	807	2	44	0	855
27276	4	884	3	19	0	910
27277	850	41	1	12	0	904
27278	36	17	1	869	0	923
27279	14	9	1	937	0	961
27280	10	3	1	960	0	974
27281	1	5	891	56	0	953
27282	4	3	872	27	0	906
27283	872	2	39	20	0	933
27284	940	2	21	13	0	976
27285	49	2	10	878	0	939
27286	22	919	8	37	0	986
27287	13	34	8	919	0	974
27288	9	11	5	964	0	989
27289	10	8	890	51	0	959
27290	867	4	32	29	0	932
27291	37	7	14	973	0	1031
27292	14	2	12	960	0	988
27293	873	1	1	58	0	933
27294	37	905	8	28	0	978
27295	922	39	2	18	0	981
27296	52	15	1	921	0	989
27297	18	938	3	42	0	1001
27298	943	38	3	20	0	1004
27299	42	18	5	913	0	978
27300	896	10	2	45	0	953
27301	890	3	1	26	0	920
27302	894	7	3	21	0	925
27303	69	843	0	7	0	919
27304	28	864	3	11	0	906
27305	20	50	4	812	0	886
27306	12	827	2	48	0	889
27307	837	50	2	26	0	915
27308	48	17	4	841	0	910
27309	843	17	5	46	0	911
27310	877	3	7	24	0	911
27311	65	7	3	831	0	906
27312	39	3	3	889	0	934
27313	850	6	4	66	0	926
27314	834	9	1	34	0	878
27315	848	4	2	22	0	876
27316	844	6	1	19	0	870
27317	855	8	1	12	0	876
27318	79	2	0	799	0	880
27319	32	2	1	840	0	875
27320	25	3	4	849	0	881
27321	802	5	4	67	0	878
27322	61	3	4	792	0	860
27323	25	780	4	65	0	874
27324	31	43	1	824	0	899
27325	802	20	2	62	0	886
27326	850	16	1	27	0	894
27327	69	11	764	28	0	872
27328	33	16	38	747	0	834
27329	23	775	15	53	0	866
27330	779	45	14	26	0	864
27331	62	799	6	20	0	887
27332	19	48	2	750	0	819
27333	744	18	4	48	0	814
27334	761	18	2	25	0	806
27335	58	730	1	25	0	814
27336	35	45	0	727	0	807
27337	27	15	705	51	0	798
27338	733	12	35	27	0	807
27339	59	7	721	20	0	807
27340	744	7	41	12	0	804
27341	769	4	11	13	0	797
27342	61	2	11	734	0	808
27343	753	8	2	52	0	815
27344	767	7	5	28	0	807
27345	791	10	0	19	0	820
27346	65	9	1	745	0	820
27347	689	11	6	57	0	763
27348	62	7	1	708	0	778
27349	30	8	2	710	0	750
27350	30	679	2	54	0	765
27351	14	41	8	662	0	725
27352	20	682	2	58	0	762
27353	615	43	1	20	0	679
27354	609	9	2	19	0	639
27355	53	20	0	582	0	655
27356	29	3	3	624	0	659
27357	605	7	2	46	0	660
27358	59	3	569	21	0	652
27359	554	9	31	18	0	612
27360	50	10	5	558	0	623
27361	19	4	535	49	0	607
27362	552	9	31	20	0	612
27363	583	6	16	15	0	620
27364	61	6	510	11	0	588
27365	556	6	30	13	0	605
27366	51	5	510	16	0	582
27367	31	456	24	5	0	516
27368	478	21	11	9	0	519
27369	457	11	9	5	0	482
27370	34	388	3	15	0	440
27371	16	331	3	30	0	380
27372	297	16	0	11	0	324
27373	244	5	1	11	0	261
27374	16	9	1	235	0	261
27375	11	2	221	20	0	254
27376	10	9	210	7	0	236
27377	238	4	5	12	0	259
27378	18	4	227	5	0	254
27379	195	2	7	10	0	214
27380	13	3	4	193	0	213
27381	15	4	2	195	0	216
27382	12	0	192	13	0	217
27383	198	2	7	8	0	215
27384	13	0	5	203	0	221
27385	11	0	8	251	0	270
27386	239	2	3	11	0	255
27387	231	0	4	8	0	243
27388	231	1	7	6	0	245
27389	20	230	2	6	0	258
27390	10	5	228	5	0	248
27391	191	3	4	1	0	199
27392	203	0	3	2	0	208
27393	8	193	2	1	0	204
27394	163	2	0	0	0	165
27395	23	1	0	139	0	163
27396	0	0	137	0	0	137
27397	130	0	0	0	0	130
27398	137	0	0	0	0	137
27399	138	0	0	0	0	138
27400	146	0	0	0	0	146
27401	0	0	0	148	0	148
27402	0	0	0	143	0	143
27403	149	0	0	0	0	149
27404	0	0	0	146	0	146
27405	0	0	0	148	0	148
27406	0	142	1	0	0	143
27407	0	0	0	150	0	150
27408	0	0	0	147	0	147
27409	0	0	0	147	0	147
27410	0	0	0	148	0	148
27411	0	144	0	0	0	144
27412	0	0	0	135	0	135
27413	0	0	0	136	0	136
27414	0	0	137	0	0	137
27415	0	0	123	0	0	123
27416	0	132	0	0	0	132
27417	141	0	0	0	0	141
27418	1	143	0	0	0	144
27419	0	1	0	195	0	196
27420	7	0	265	1	0	273
27421	281	1	3	2	0	287
27422	3	0	0	294	0	297
27423	289	0	0	3	0	292
27424	285	0	1	0	0	286
27425	4	304	1	0	0	309
27426	308	3	0	1	0	312
27427	4	340	1	0	0	345
27428	1	3	0	396	0	400
27429	0	389	0	1	0	390
27430	1	6	377	2	0	386
27431	0	385	4	1	0	390
27432	0	4	0	394	0	398
27433	390	1	1	4	0	396
27434	3	388	2	3	0	396
27435	0	4	0	354	0	358
27436	2	0	1	356	0	359
27437	0	1	361	5	0	367
27438	1	1	4	347	0	353
27439	1	0	355	6	0	362
27440	333	0	4	1	0	338
27441	7	0	356	1	0	364
27442	0	366	5	1	0	372
27443	1	4	1	366	0	372
27444	1	0	1	362	0	364
27445	0	2	1	367	0	370
27446	366	2	0	4	0	372
27447	4	0	0	363	0	367
27448	0	363	0	6	0	369
27449	360	5	0	1	0	366
27450	5	364	0	2	0	371
27451	0	4	0	363	0	367
27452	366	1	1	4	0	372
27453	4	361	0	1	0	366
27454	0	367	1	1	0	369
27455	368	4	0	1	0	373
27456	364	1	1	0	0	366
27457	4	3	357	0	0	364
27458	354	1	4	1	0	360
27459	6	0	357	0	0	363
27460	1	0	5	364	0	370
27461	2	0	340	4	0	346
27462	1	0	5	341	0	347
27463	0	1	343	5	0	349
27464	1	0	5	313	0	319
27465	0	1	1	329	0	331
27466	328	0	1	6	0	335
27467	5	0	325	1	0	331
27468	312	1	4	1	0	318
27469	5	1	322	1	0	329
27470	2	0	355	0	0	357
27471	2	0	6	330	0	338
27472	351	0	2	5	0	358
27473	4	341	4	0	0	349
27474	351	4	2	1	0	358
27475	344	0	1	2	0	347
27476	5	350	1	2	0	358
27477	341	6	0	2	0	349
27478	6	1	365	1	0	373
27479	1	2	4	368	0	375
27480	375	2	0	6	0	383
27481	6	363	1	1	0	371
27482	1	9	2	363	0	375
27483	4	0	1	371	0	376
27484	2	4	1	368	0	375
27485	0	2	2	373	0	377
27486	371	0	0	10	0	381
27487	361	2	1	4	0	368
27488	368	3	1	3	0	375
27489	358	0	2	4	0	364
27490	7	3	369	0	0	379
27491	343	1	5	3	0	352
27492	371	2	2	1	0	376
27493	5	378	5	3	0	391
27494	4	388	1	3	0	396
27495	4	6	2	385	0	397
27496	2	3	0	390	0	395
27497	3	2	374	7	0	386
27498	2	365	4	19	0	390
27499	1	5	2	380	0	388
27500	4	436	2	8	0	450
27501	2	8	3	483	0	496
27502	3	2	0	491	0	496
27503	3	518	3	7	0	531
27504	2	7	1	525	0	535
27505	2	2	506	11	0	521
27506	5	4	514	6	0	529
27507	485	4	10	3	0	502
27508	536	1	6	5	0	548
27509	11	531	9	1	0	552
27510	547	7	6	2	0	562
27511	14	3	2	533	0	552
27512	538	3	6	8	0	555
27513	9	515	1	8	0	533
27514	10	5	519	4	0	538
27515	486	7	15	6	0	514
27516	12	5	526	3	0	546
27517	7	4	526	2	0	539
27518	3	2	515	4	0	524
27519	8	466	11	4	0	489
27520	416	3	8	0	0	427
27521	387	5	7	2	0	401
27522	10	4	2	392	0	408
27523	9	3	1	381	0	394
27524	6	387	3	8	0	404
27525	382	3	1	10	0	396
27526	7	374	1	8	0	390
27527	6	337	0	4	0	347
27528	296	7	1	0	0	304
27529	8	5	0	340	0	353
27530	4	4	2	335	0	345
27531	4	3	2	343	0	352
27532	3	333	1	8	0	345
27533	341	6	0	7	0	354
27534	5	5	0	343	0	353
27535	5	321	0	5	0	331
27536	2	324	1	7	0	334
27537	2	5	1	323	0	331
27538	0	325	0	6	0	331
27539	1	6	1	324	0	332
27540	306	6	0	4	0	316
27541	2	3	310	7	0	322
27542	4	304	3	2	0	313
27543	2	4	3	312	0	321
27544	2	3	306	4	0	315
27545	282	3	4	4	0	293
27546	3	3	3	316	0	325
27547	342	0	3	4	0	349
27548	333	0	3	4	0	340
27549	7	400	0	2	0	409
27550	432	4	0	3	0	439
27551	428	3	1	1	0	433
27552	425	3	0	1	0	429
27553	23	2	0	420	0	445
27554	9	1	0	430	0	440
27555	4	0	2	445	0	451
27556	4	2	436	7	0	449
27557	1	434	3	9	0	447
27558	427	2	5	6	0	440
27559	4	442	3	2	0	451
27560	2	3	2	435	0	442
27561	4	5	439	3	0	451
27562	369	2	2	4	0	377
27563	2	447	5	3	0	457
27564	6	3	2	452	0	463
27565	2	5	2	451	0	460
27566	5	3	424	5	0	437
27567	0	439	4	10	0	453
27568	0	3	4	451	0	458
27569	3	4	2	450	0	459
27570	0	3	5	416	0	424
27571	393	2	1	10	0	406
27572	3	0	403	9	0	415
27573	3	408	4	4	0	419
27574	416	2	4	3	0	425
27575	5	407	3	2	0	417
27576	5	7	2	412	0	426
27577	2	411	0	5	0	418
27578	407	4	0	5	0	416
27579	398	5	1	3	0	407
27580	5	5	1	402	0	413
27581	8	4	0	398	0	410
27582	4	2	1	403	0	410
27583	1	3	394	9	0	407
27584	1	444	2	10	0	457
27585	2	3	4	647	0	656
27586	2	4	2	727	0	735
27587	1	3	2	729	0	735
27588	2	2	0	726	0	730
27589	2	3	696	22	0	723
27590	0	702	13	14	0	729
27591	2	16	3	734	0	755
27592	2	7	2	774	0	785
27593	2	3	731	23	0	759
27594	1	5	15	716	0	737
27595	0	722	3	25	0	750
27596	1	751	3	11	0	766
27597	0	26	6	744	0	776
27598	2	10	723	22	0	757
27599	644	5	17	14	0	680
27600	13	665	9	4	0	691
27601	3	16	623	9	0	651
27602	1	7	627	4	0	639
27603	4	625	21	3	0	653
27604	5	18	633	3	0	659
27605	1	28	20	610	0	659
27606	618	4	4	16	0	642
27607	611	4	3	5	0	623
27608	609	1	6	3	0	619
27609	612	3	2	4	0	621
27610	15	614	2	3	0	634
27611	648	14	3	4	0	669
27612	16	644	3	2	0	665
27613	9	16	621	3	0	649
27614	3	6	16	615	0	640
27615	6	640	2	13	0	661
27616	3	19	3	653	0	678
27617	621	8	3	18	0	650
27618	16	3	4	604	0	627
27619	1	641	3	18	0	663
27620	638	14	4	10	0	666
27621	23	4	632	4	0	663
27622	6	6	14	648	0	674
27623	5	4	5	650	0	664
27624	650	3	2	16	0	671
27625	17	648	6	3	0	674
27626	3	18	634	7	0	662
27627	3	4	19	647	0	673
27628	7	2	633	21	0	663
27629	4	582	15	6	0	607
27630	5	613	7	7	0	632
27631	614	17	3	9	0	643
27632	17	7	605	10	0	639
27633	655	5	20	6	0	686
27634	19	8	5	645	0	677
27635	6	655	7	17	0	685
27636	657	17	8	9	0	691
27637	20	6	653	8	0	687
27638	7	4	20	655	0	686
27639	4	8	6	650	0	668
27640	8	5	5	661	0	679
27641	6	630	5	22	0	663
27642	622	20	7	10	0	659
27643	22	622	6	9	0	659
27644	8	644	3	10	0	665
27645	6	23	4	691	0	724
27646	688	5	6	20	0	719
27647	661	11	5	7	0	684
27648	645	10	7	6	0	668
27649	18	580	4	15	0	617
27650	8	19	4	599	0	630
27651	10	11	573	21	0	615
27652	13	6	18	583	0	620
27653	10	10	7	578	0	605
27654	10	591	4	24	0	629
27655	588	22	9	9	0	628
27656	21	8	6	583	0	618
27657	7	593	5	25	0	630
27658	592	23	6	10	0	631
27659	22	11	570	8	0	611
27660	558	8	18	13	0	597
27661	23	577	8	11	0	619
27662	586	20	3	12	0	621
27663	610	10	9	6	0	635
27664	23	13	589	6	0	631
27665	591	14	19	4	0	628
27666	23	8	592	9	0	632
27667	12	9	594	9	0	624
27668	590	7	25	9	0	631
27669	610	6	7	8	0	631
27670	28	7	586	6	0	627
27671	12	7	26	564	0	609
27672	14	5	9	573	0	601
27673	9	675	6	22	0	712
27674	686	21	8	9	0	724
27675	704	10	7	9	0	730
27676	28	10	682	10	0	730
27677	692	10	21	7	0	730
27678	701	7	8	11	0	727
27679	33	698	2	5	0	738
27680	10	21	8	717	0	756
27681	17	13	6	727	0	763
27682	17	3	6	742	0	768
27683	721	11	6	23	0	761
27684	24	663	3	15	0	705
27685	5	11	0	463	0	479
27686	6	422	4	9	0	441
27687	7	12	4	426	0	449
27688	3	454	3	9	0	469
27689	5	457	4	6	0	472
27690	492	5	3	1	0	501
27691	472	3	2	3	0	480
27692	7	2	1	433	0	443
27693	3	1	3	444	0	451
27694	2	0	2	448	0	452
27695	4	0	0	438	0	442
27696	1	2	1	438	0	442
27697	2	423	1	7	0	433
27698	2	3	0	444	0	449
27699	1	2	2	444	0	449
27700	440	1	1	5	0	447
27701	7	2	1	432	0	442
27702	2	1	2	448	0	453
27703	2	2	403	6	0	413
27704	4	0	2	393	0	399
27705	1	2	2	409	0	414
27706	3	2	396	8	0	409
27707	2	377	4	3	0	386
27708	2	5	402	4	0	413
27709	3	2	395	4	0	404
27710	3	365	5	2	0	375
27711	372	3	1	2	0	378
27712	371	2	0	0	0	373
27713	3	0	0	360	0	363
27714	411	2	0	2	0	415
27715	2	1	396	4	0	403
27716	2	0	2	384	0	388
27717	2	1	429	3	0	435
27718	0	0	1	419	0	420
27719	0	0	1	433	0	434
27720	0	1	1	440	0	442
27721	425	0	0	6	0	431
27722	2	1	0	430	0	433
27723	424	1	1	1	0	427
27724	429	1	0	3	0	433
27725	3	408	2	2	0	415
27726	437	2	2	0	0	441
27727	2	422	1	2	0	427
27728	2	3	0	516	0	521
27729	1	0	3	505	0	509
27730	0	1	0	518	0	519
27731	1	0	511	4	0	516
27732	0	488	5	1	0	494
27733	0	5	1	455	0	461
27734	1	2	2	461	0	466
27735	1	452	1	2	0	456
27736	473	2	0	1	0	476
27737	5	457	0	1	0	463
27738	461	2	1	0	0	464
27739	2	465	0	3	0	470
27740	2	2	1	474	0	479
27741	1	471	1	3	0	476
27742	523	3	0	2	0	528
27743	519	1	1	1	0	522
27744	528	1	0	1	0	530
27745	474	0	0	2	0	476
27746	5	0	486	2	0	493
27747	476	0	2	1	0	479
27748	510	1	2	1	0	514
27749	508	1	0	0	0	509
27750	4	1	490	0	0	495
27751	484	2	2	1	0	489
27752	2	523	1	2	0	528
27753	556	3	0	1	0	560
27754	2	3	623	2	0	630
27755	622	1	2	1	0	626
27756	631	1	1	1	0	634
27757	1	0	1	631	0	633
27758	1	3	640	2	0	646
27759	636	0	4	1	0	641
27760	2	1	1	638	0	642
27761	3	1	0	629	0	633
27762	2	1	715	3	0	721
27763	618	0	3	0	0	621
27764	719	0	0	0	0	719
27765	2	687	2	0	0	691
27766	1	1	0	729	0	731
27767	0	0	1	720	0	721
27768	1	0	0	719	0	720
27769	0	700	0	1	0	701
27770	730	1	0	0	0	731
27771	1	0	1	725	0	727
27772	1	0	0	727	0	728
27773	651	0	0	1	0	652
27774	641	0	0	1	0	642
27775	1	0	1	640	0	642
27776	1	0	0	633	0	634
27777	0	1	617	3	0	621
27778	546	0	2	1	0	549
27779	1	609	2	0	0	612
27780	0	0	0	620	0	620
27781	0	0	0	612	0	612
27782	0	699	0	1	0	700
27783	0	7	0	765	0	772
27784	852	4	0	9	0	865
27785	15	0	0	1073	0	1088
27786	9	0	0	1085	0	1094
27787	1	0	0	1118	0	1119
27788	4	1	1016	50	0	1071
27789	1	0	27	1046	0	1074
27790	0	1	959	43	0	1003
27791	1	952	37	22	0	1012
27792	1	29	16	999	0	1045
27793	0	14	7	1024	0	1045
27794	0	5	5	1072	0	1082
27795	0	4	2	1069	0	1075
27796	0	4	2	1085	0	1091
27797	1020	2	2	59	0	1083
27798	30	5	989	33	0	1057
27799	16	980	31	19	0	1046
27800	6	1052	14	15	0	1087
27801	4	42	7	1037	0	1090
27802	3	20	5	1060	0	1088
27803	2	8	5	1079	0	1094
27804	1	1015	6	56	0	1078
27805	1	35	2	1064	0	1102
27806	1	22	1011	47	0	1081
27807	1	1014	31	28	0	1074
27808	0	37	16	1092	0	1145
27809	1058	19	5	43	0	1125
27810	33	6	2	1091	0	1132
27811	14	5	4	1089	0	1112
27812	7	969	5	111	0	1092
27813	6	1094	2	28	0	1130
27814	3	45	2	1072	0	1122
27815	3	23	1	1099	0	1126
27816	2	13	1042	57	0	1114
27817	1	8	32	1051	0	1092
27818	3	4	15	1080	0	1102
27819	1	3	9	1090	0	1103
27820	0	6	6	1102	0	1114
27821	1039	3	4	63	0	1109
27822	1053	3	6	31	0	1093
27823	48	3	0	1065	0	1116
27824	23	0	2	1088	0	1113
27825	1045	3	1	63	0	1112
27826	39	5	2	1075	0	1121
27827	20	3	1001	55	0	1079
27828	9	956	33	36	0	1034
27829	6	31	20	995	0	1052
27830	4	17	12	1029	0	1062
27831	977	13	6	60	0	1056
27832	33	7	5	1012	0	1057
27833	16	6	2	1070	0	1094
27834	1058	4	1	72	0	1135
27835	40	1	3	1085	0	1129
27836	23	1079	0	62	0	1164
27837	15	33	5	1167	0	1220
27838	12	18	5	1181	0	1216
27839	7	14	3	1209	0	1233
27840	6	10	5	1225	0	1246
27841	4	9	1132	75	0	1220
27842	1	4	1096	44	0	1145
27843	3	4	50	1122	0	1179
27844	4	7	19	1118	0	1148
27845	1	1084	11	75	0	1171
27846	4	37	12	1086	0	1139
27847	3	1083	10	56	0	1152
27848	1080	41	5	40	0	1166
27849	39	1109	3	25	0	1176
27850	21	45	3	1258	0	1327
27851	8	27	2	1282	0	1319
27852	4	15	1166	67	0	1252
27853	1127	14	35	38	0	1214
27854	1133	7	16	27	0	1183
27855	47	1107	10	23	0	1187
27856	24	34	12	1106	0	1176
27857	14	21	1114	52	0	1201
27858	10	1134	41	30	0	1215
27859	1157	41	20	18	0	1236
27860	1173	24	7	21	0	1225
27861	64	13	1136	12	0	1225
27862	1109	11	40	11	0	1171
27863	53	7	17	1091	0	1168
27864	28	1042	7	48	0	1125
27865	1091	38	8	24	0	1161
27866	49	18	7	1093	0	1167
27867	1100	12	10	48	0	1170
27868	1116	13	4	27	0	1160
27869	60	7	2	1085	0	1154
27870	33	7	1024	50	0	1114
27871	1137	5	36	33	0	1211
27872	1184	3	17	27	0	1231
27873	1160	4	9	21	0	1194
27874	72	1214	8	15	0	1309
27875	33	40	10	1223	0	1306
27876	15	27	6	1291	0	1339
27877	16	12	1188	75	0	1291
27878	13	11	40	1233	0	1297
27879	6	1214	21	63	0	1304
27880	1204	43	11	39	0	1297
27881	45	1233	14	20	0	1312
27882	21	42	1109	17	0	1189
27883	13	1097	38	15	0	1163
27884	5	1065	15	11	0	1096
27885	29	22	3	798	0	852
27886	807	6	0	14	0	827
27887	800	4	1	8	0	813
27888	806	3	2	3	0	814
27889	19	817	1	6	0	843
27890	9	12	804	4	0	829
27891	834	8	12	4	0	858
27892	868	4	7	4	0	883
27893	22	822	4	5	0	853
27894	869	12	1	4	0	886
27895	14	8	3	885	0	910
27896	9	1	936	18	0	964
27897	945	4	12	7	0	968
27898	955	2	6	4	0	967
27899	977	5	1	6	0	989
27900	21	0	5	952	0	978
27901	8	5	2	961	0	976
27902	6	3	3	1008	0	1020
27903	4	1000	2	28	0	1034
27904	7	18	2	1102	0	1129
27905	7	8	2	1132	0	1149
27906	4	5	1110	35	0	1154
27907	4	8	21	1115	0	1148
27908	6	2	10	1134	0	1152
27909	5	3	3	1153	0	1164
27910	6	2	4	1132	0	1144
27911	5	1096	4	38	0	1143
27912	5	27	3	1142	0	1177
27913	5	12	4	1141	0	1162
27914	1120	7	2	37	0	1166
27915	28	1	1090	18	0	1137
27916	12	7	1048	5	0	1072
27917	1028	5	33	7	0	1073
27918	1096	3	8	14	0	1121
27919	39	11	4	967	0	1021
27920	18	1073	6	23	0	1120
27921	1108	24	3	10	0	1145
27922	31	13	4	1075	0	1123
27923	16	1107	4	30	0	1157
27924	1137	23	4	15	0	1179
27925	28	1137	4	12	0	1181
27926	1150	30	3	6	0	1189
27927	1152	10	0	7	0	1169
27928	34	1065	2	9	0	1110
27929	16	27	6	1088	0	1137
27930	7	11	1062	30	0	1110
27931	12	5	23	1084	0	1124
27932	1101	2	9	33	0	1145
27933	23	13	1025	16	0	1077
27934	14	964	24	10	0	1012
27935	5	22	7	1013	0	1047
27936	3	15	940	24	0	982
27937	9	917	21	14	0	961
27938	970	25	10	10	0	1015
27939	22	10	6	934	0	972
27940	13	3	1	944	0	961
27941	4	6	5	942	0	957
27942	2	925	0	36	0	963
27943	937	19	3	13	0	972
27944	21	916	3	10	0	950
27945	11	936	2	6	0	955
27946	941	26	7	6	0	980
27947	938	11	1	6	0	956
27948	30	3	885	8	0	926
27949	866	1	24	8	0	899
27950	788	7	6	6	0	807
27951	30	2	2	768	0	802
27952	13	1	754	30	0	798
27953	2	6	17	781	0	806
27954	783	4	6	23	0	816
27955	25	4	783	11	0	823
27956	10	3	21	863	0	897
27957	10	3	9	956	0	978
27958	7	7	4	1130	0	1148
27959	1082	2	2	61	0	1147
27960	50	1134	4	16	0	1204
27961	1147	51	4	14	0	1216
27962	56	12	1150	14	0	1232
27963	12	6	55	1141	0	1214
27964	8	1172	12	53	0	1245
27965	1203	53	6	14	0	1276
27966	57	11	7	1209	0	1284
27967	15	7	1168	60	0	1250
27968	4	11	47	1211	0	1273
27969	1183	2	8	64	0	1257
27970	47	1179	7	23	0	1256
27971	14	45	6	1037	0	1102
27972	7	1109	4	48	0	1168
27973	1115	48	6	13	0	1182
27974	1071	11	1	10	0	1093
27975	56	1042	3	8	0	1109
27976	1045	50	6	5	0	1106
27977	57	13	2	988	0	1060
27978	15	1013	2	41	0	1071
27979	1018	49	3	12	0	1082
27980	1055	12	4	8	0	1079
27981	58	978	3	11	0	1050
27982	11	1002	3	5	0	1021
27983	975	46	2	5	0	1028
27984	51	8	2	970	0	1031
27985	969	10	1	47	0	1027
27986	50	9	1	969	0	1029
27987	15	8	929	46	0	998
27988	9	6	39	982	0	1036
27989	941	4	7	47	0	999
27990	50	6	978	14	0	1048
27991	13	4	45	970	0	1032
27992	6	6	9	1031	0	1052
27993	17	4	967	51	0	1039
27994	934	5	42	12	0	993
27995	44	5	11	974	0	1034
27996	7	4	870	62	0	943
27997	802	1	45	11	0	859
27998	40	874	6	10	0	930
27999	12	899	4	8	0	923
28000	3	914	8	14	0	939
28001	10	45	860	6	0	921
28002	8	11	39	877	0	935
28003	4	6	840	44	0	894
28004	2	13	35	773	0	823
28005	4	757	11	39	0	811
28006	5	764	3	14	0	786
28007	3	38	8	750	0	799
28008	746	7	1	41	0	795
28009	34	6	1	761	0	802
28010	6	9	2	786	0	803
28011	4	747	1	43	0	795
28012	755	34	2	8	0	799
28013	31	801	1	7	0	840
28014	10	36	1	807	0	854
28015	4	14	2	818	0	838
28016	7	783	1	39	0	830
28017	3	40	4	815	0	862
28018	796	9	2	49	0	856
28019	36	9	2	809	0	856
28020	16	11	1	820	0	848
28021	8	783	5	45	0	841
28022	9	32	5	815	0	861
28023	756	13	2	46	0	817
28024	783	6	2	12	0	803
28025	789	10	2	11	0	812
28026	42	5	2	763	0	812
28027	16	8	721	44	0	789
28028	13	8	731	14	0	766
28029	16	7	33	742	0	798
28030	760	8	7	42	0	817
28031	37	9	4	771	0	821
28032	790	12	4	39	0	845
28033	44	7	2	798	0	851
28034	20	6	1	829	0	856
28035	808	6	3	43	0	860
28036	43	6	771	18	0	838
28037	788	11	33	10	0	842
28038	43	11	757	10	0	821
28039	23	5	31	765	0	824
28040	769	8	11	37	0	825
28041	44	7	783	14	0	848
28042	17	3	787	9	0	816
28043	758	7	40	16	0	821
28044	50	4	772	5	0	831
28045	12	756	39	15	0	822
28046	8	32	14	818	0	872
28047	886	5	5	48	0	944
28048	43	3	878	14	0	938
28049	896	8	33	10	0	947
28050	968	4	13	13	0	998
28051	969	3	5	11	0	988
28052	975	1	12	11	0	999
28053	47	6	9	901	0	963
28054	15	894	3	59	0	971
28055	912	33	11	10	0	966
28056	37	10	820	5	0	872
28057	8	669	13	7	0	697
28058	577	5	5	4	0	591
28059	9	545	18	1	0	573
28060	3	495	3	1	0	502
28061	30	5	0	488	0	523
28062	1	4	0	448	0	453
28063	2	0	0	457	0	459
28064	508	0	0	3	0	511
28065	517	1	0	4	0	522
28066	7	1	0	521	0	529
28067	5	1	0	539	0	545
28068	2	1	685	8	0	696
28069	656	1	7	7	0	671
28070	708	0	8	3	0	719
28071	12	3	3	701	0	719
28072	9	1	0	710	0	720
28073	3	0	702	16	0	721
28074	0	0	7	687	0	694
28075	2	0	713	13	0	728
28076	1	667	10	6	0	684
28077	2	8	705	3	0	718
28078	1	8	9	666	0	684
28079	0	3	726	9	0	738
28080	0	2	736	9	0	747
28081	746	0	18	3	0	767
28082	10	0	7	769	0	786
28083	8	0	768	9	0	785
28084	683	1	9	11	0	704
28085	10	0	758	6	0	774
28086	8	2	800	2	0	812
28087	3	790	18	1	0	812
28088	1	8	10	794	0	813
28089	0	9	791	7	0	807
28090	1	3	721	9	0	734
28091	0	0	15	719	0	734
28092	2	0	13	719	0	734
28093	2	728	4	15	0	749
28094	2	6	0	763	0	771
28095	757	7	1	13	0	778
28096	732	3	2	10	0	747
28097	748	0	4	4	0	756
28098	21	0	3	738	0	762
28099	10	724	2	10	0	746
28100	738	7	2	12	0	759
28101	7	750	2	8	0	767
28102	5	713	5	2	0	725
28103	2	736	3	3	0	744
28104	743	16	4	1	0	764
28105	7	10	2	737	0	756
28106	7	5	3	725	0	740
28107	3	728	1	16	0	748
28108	736	7	5	9	0	757
28109	11	5	698	4	0	718
28110	7	3	9	699	0	718
28111	720	0	8	10	0	738
28112	9	694	5	5	0	713
28113	708	7	1	5	0	721
28114	11	6	4	686	0	707
28115	6	726	3	7	0	742
28116	3	10	705	6	0	724
28117	709	5	8	4	0	726
28118	7	6	8	742	0	763
28119	760	1	5	9	0	775
28120	11	2	1	762	0	776
28121	8	736	2	11	0	757
28122	5	9	732	8	0	754
28123	1	4	723	8	0	736
28124	4	6	10	867	0	887
28125	913	1	8	6	0	928
28126	900	1	4	5	0	910
28127	12	1	0	897	0	910
28128	11	3	0	895	0	909
28129	911	2	1	12	0	926
28130	10	4	0	900	0	914
28131	918	2	0	15	0	935
28132	13	856	1	8	0	878
28133	862	9	1	7	0	879
28134	14	7	885	4	0	910
28135	8	4	8	869	0	889
28136	8	2	7	925	0	942
28137	3	1	4	933	0	941
28138	3	905	4	19	0	931
28139	4	884	3	14	0	905
28140	2	16	3	943	0	964
28141	2	9	923	12	0	946
28142	5	5	9	916	0	935
28143	2	2	10	945	0	959
28144	4	5	3	959	0	971
28145	936	1	7	19	0	963
28146	13	893	3	11	0	920
28147	7	854	4	9	0	874
28148	6	14	3	860	0	883
28149	2	9	4	845	0	860
28150	5	3	3	812	0	823
28151	1	3	6	829	0	839
28152	810	2	4	21	0	837
28153	8	787	3	14	0	812
28154	813	7	5	6	0	831
28155	829	5	4	5	0	843
28156	14	4	2	817	0	837
28157	11	2	1	836	0	850
28158	825	1	1	19	0	846
28159	803	4	1	15	0	823
28160	18	2	0	813	0	833
28161	13	4	0	826	0	843
28162	9	0	805	16	0	830
28163	3	778	8	10	0	799
28164	4	761	3	7	0	775
28165	714	9	2	3	0	728
28166	5	5	801	8	0	819
28167	5	4	758	2	0	769
28168	575	0	2	1	0	578
28169	635	0	1	0	0	636
28170	2	706	0	1	0	709
28171	2	733	1	0	0	736
28172	1	3	0	751	0	755
28173	775	0	0	3	0	778
28174	769	0	0	2	0	771
28175	725	1	0	22	0	748
28176	3	1	0	729	0	733
28177	1	1	0	747	0	749
28178	0	1	716	4	0	721
28179	1	1	672	0	0	674
28180	0	4	667	1	0	672
28181	0	0	0	622	0	622
28182	645	0	0	2	0	647
28183	2	0	650	0	0	652
28184	0	0	0	632	0	632
28185	0	631	1	2	0	634
28186	0	1	0	606	0	607
28187	0	1	0	655	0	656
28188	0	0	670	5	0	675
28189	0	0	6	649	0	655
28190	746	0	0	5	0	751
28191	8	1	826	0	0	835
28192	0	0	8	800	0	808
28193	1	0	849	8	0	858
28194	2	805	12	0	0	819
28195	2	8	835	2	0	847
28196	2	1	11	796	0	810
28197	0	1	2	858	0	861
28198	1	3	840	26	0	870
28199	0	2	10	870	0	882
28200	0	1	2	885	0	888
28201	0	831	2	14	0	847
28202	3	9	844	5	0	861
28203	0	1	12	845	0	858
28204	0	1	2	872	0	875
28205	1	853	2	16	0	872
28206	0	12	1	893	0	906
28207	994	2	1	14	0	1011
28208	9	1	2	990	0	1002
28209	2	3	1000	14	0	1019
28210	934	2	11	7	0	954
28211	1115	1	4	4	0	1124
28212	29	1	1145	5	0	1180
28213	1146	0	29	3	0	1178
28214	27	1172	7	2	0	1208
28215	10	19	4	1187	0	1220
28216	4	4	6	1386	0	1400
28217	6	3	3	1381	0	1393
28218	3	5	1	1421	0	1430
28219	1	3	2	1416	0	1422
28220	1388	2	0	60	0	1450
28221	36	2	1357	21	0	1416
28222	1314	3	36	15	0	1368
28223	41	0	1384	16	0	1441
28224	15	1	41	1257	0	1314
28225	1281	2	12	43	0	1338
28226	44	2	10	1243	0	1299
28227	12	1245	8	40	0	1305
28228	1278	33	5	19	0	1335
28229	41	11	6	1294	0	1352
28230	15	3	1245	49	0	1312
28231	1168	7	32	14	0	1221
28232	38	1272	14	13	0	1337
28233	13	36	1293	11	0	1353
28234	10	11	41	1252	0	1314
28235	10	6	15	1246	0	1277
28236	7	1243	10	44	0	1304
28237	9	41	1232	18	0	1300
28238	2	15	37	1231	0	1285
28239	7	6	1296	46	0	1355
28240	5	6	42	1295	0	1348
28241	2	3	18	1307	0	1330
28242	6	6	1379	61	0	1452
28243	6	3	44	1379	0	1432
28244	7	6	21	1314	0	1348
28245	7	1	16	1448	0	1472
28246	7	1	10	1478	0	1496
28247	1426	4	8	71	0	1509
28248	47	2	1381	30	0	1460
28249	1429	2	39	31	0	1501
28250	43	3	21	1479	0	1546
28251	28	8	10	1504	0	1550
28252	13	4	11	1504	0	1532
28253	12	1452	12	72	0	1548
28254	1494	38	12	38	0	1582
28255	47	25	7	1516	0	1595
28256	19	1495	12	62	0	1588
28257	5	46	6	1566	0	1623
28258	1648	24	3	62	0	1737
28259	1625	10	11	35	0	1681
28260	1632	15	8	23	0	1678
28261	64	1582	10	23	0	1679
28262	25	50	1697	22	0	1794
28263	1654	15	45	20	0	1734
28264	1776	7	21	22	0	1826
28265	64	1694	9	26	0	1793
28266	1688	42	16	16	0	1762
28267	1657	21	8	21	0	1707
28268	1715	11	6	14	0	1746
28269	73	1875	9	21	0	1978
28270	40	46	7	1921	0	2014
28271	2014	26	7	51	0	2098
28272	2114	10	7	31	0	2162
28273	2085	12	3	20	0	2120
28274	2103	5	3	32	0	2143
28275	79	11	4	2064	0	2158
28276	38	8	2104	70	0	2220
28277	29	12	46	2133	0	2220
28278	28	2138	28	61	0	2255
28279	22	48	7	2296	0	2373
28280	17	27	2249	62	0	2355
28281	2349	9	53	44	0	2455
28282	67	7	22	2433	0	2529
28283	2448	6	9	67	0	2530
28284	2456	18	14	29	0	2517
28285	82	8	10	2536	0	2636
28286	42	10	2542	67	0	2661
28287	27	9	2303	33	0	2372
28288	2292	9	57	15	0	2373
28289	61	2407	25	18	0	2511
28290	37	2340	8	11	0	2396
28291	20	2333	7	13	0	2373
28292	15	2395	8	13	0	2431
28293	2368	71	6	11	0	2456
28294	2401	24	3	18	0	2446
28295	2414	12	2	5	0	2433
28296	2426	11	5	7	0	2449
28297	74	10	3	2327	0	2414
28298	39	2331	9	45	0	2424
28299	2325	38	7	26	0	2396
28300	54	21	2304	18	0	2397
28301	32	2319	38	17	0	2406
28302	22	50	2352	9	0	2433
28303	2296	18	44	10	0	2368
28304	2336	11	20	9	0	2376
28305	2404	9	9	10	0	2432
28306	72	4	8	2408	0	2492
28307	39	5	2327	45	0	2416
28308	23	2295	42	27	0	2387
28309	2305	44	17	14	0	2380
28310	44	2269	16	15	0	2344
28311	24	2176	7	11	0	2218
28312	11	2218	2	9	0	2240
28313	16	2143	3	3	0	2165
28314	13	46	2067	5	0	2131
28315	15	2135	19	7	0	2176
28316	1997	16	10	6	0	2029
28317	18	13	5	2102	0	2138
28318	15	4	3	2136	0	2158
28319	2128	4	7	20	0	2159
28320	18	2066	7	12	0	2103
28321	16	15	2314	9	0	2354
28322	4	18	15	2310	0	2347
28323	13	6	10	2363	0	2392
28324	11	3	3	2392	0	2409
28325	8	6	2371	22	0	2407
28326	9	5	2473	11	0	2498
28327	7	6	22	2577	0	2612
28328	9	6	2625	15	0	2655
28329	8	7	2524	11	0	2550
28330	2083	7	24	9	0	2123
28331	18	2499	15	9	0	2541
28332	9	2474	3	3	0	2489
28333	8	2776	9	4	0	2797
28334	11	25	1	2783	0	2820
28335	11	2739	3	44	0	2797
28336	2917	13	5	11	0	2946
28337	16	9	2943	6	0	2974
28338	2922	4	17	7	0	2950
28339	17	6	10	3042	0	3075
28340	13	4	7	3079	0	3103
28341	7	3107	6	23	0	3143
28342	3084	19	6	16	0	3125
28343	3116	14	5	5	0	3140
28344	31	3564	10	8	0	3613
28345	18	34	5	3588	0	3645
28346	13	18	3577	35	0	3643
28347	10	12	3530	19	0	3571
28348	6	3526	46	18	0	3596
28349	3571	60	15	2	0	3648
28350	36	19	3604	4	0	3663
28351	19	11	33	3551	0	3614
28352	3629	10	13	32	0	3684
28353	3744	11	9	16	0	3780
28354	47	4528	11	10	0	4596
28355	21	4702	14	5	0	4742
28356	4740	80	6	5	0	4831
28357	76	41	4678	5	0	4800
28358	4568	21	69	6	0	4664
28359	4646	11	33	9	0	4699
28360	100	8	18	4597	0	4723
28361	51	8	4649	67	0	4775
28362	26	9	4574	27	0	4636
28363	4475	10	92	15	0	4592
28364	85	13	4676	10	0	4784
28365	4396	8	92	10	0	4506
28366	4627	11	41	7	0	4686
28367	101	4510	30	10	0	4651
28368	64	73	4559	7	0	4703
28369	30	4373	87	8	0	4498
28370	4364	81	39	5	0	4489
28371	95	36	4291	3	0	4425
28372	44	25	80	4120	0	4269
28373	37	9	4276	66	0	4388
28374	26	10	4267	32	0	4335
28375	26	10	4307	20	0	4363
28376	20	10	4212	9	0	4251
28377	19	3965	120	8	0	4112
28378	30	77	4066	3	0	4176
28379	23	3937	101	10	0	4071
28380	22	86	4072	11	0	4191
28381	3927	46	103	7	0	4083
28382	102	24	48	3510	0	3684
28383	44	3964	55	54	0	4117
28384	3991	73	31	33	0	4128
28385	3948	38	32	18	0	4036
28386	3852	30	30	16	0	3928
28387	3879	19	33	6	0	3937
28388	118	3871	44	5	0	4038
28389	3855	78	24	4	0	3961
28390	3880	41	37	9	0	3967
28391	114	3755	23	20	0	3912
28392	60	83	3731	7	0	3881
28393	40	57	85	3625	0	3807
28394	36	3805	54	65	0	3960
28395	30	88	3828	29	0	3975
28396	37	51	3788	23	0	3899
28397	37	3711	131	12	0	3891
28398	44	3830	60	16	0	3950
28399	39	3969	54	10	0	4072
28400	31	4004	39	6	0	4080
28401	3886	133	34	14	0	4067
28402	3889	77	35	15	0	4016
28403	136	58	3907	13	0	4114
28404	78	36	3980	5	0	4099
28405	60	28	125	3742	0	3955
28406	38	30	81	3871	0	4020
28407	41	40	44	3931	0	4056
28408	3823	33	34	127	0	4017
28409	103	3874	41	59	0	4077
28410	70	3987	28	29	0	4114
28411	55	4013	38	15	0	4121
28412	4047	158	34	10	0	4249
28413	4095	74	45	14	0	4228
28414	150	49	32	4041	0	4272
28415	4142	35	42	103	0	4322
28416	4211	37	39	50	0	4337
28417	162	44	35	4130	0	4371
28418	4128	41	42	111	0	4322
28419	150	4051	52	64	0	4317
28420	98	112	38	4105	0	4353
28421	81	77	3753	104	0	4015
28422	56	3771	126	65	0	4018
28423	68	145	3787	40	0	4040
28424	67	82	142	3521	0	3812
28425	59	3832	95	96	0	4082
28426	65	126	67	3694	0	3952
28427	66	65	54	3711	0	3896
28428	67	48	3590	143	0	3848
28429	48	41	3707	80	0	3876
28430	47	41	170	3701	0	3959
28431	54	47	106	3449	0	3656
28432	53	3726	81	125	0	3985
28433	3329	129	61	80	0	3599
28434	127	3524	56	44	0	3751
28435	70	3658	51	44	0	3823
28436	61	164	3298	46	0	3569
28437	41	3391	129	30	0	3591
28438	54	148	86	3070	0	3358
28439	49	3339	64	107	0	3559
28440	38	135	41	3151	0	3365
28441	46	3289	57	110	0	3502
28442	3226	143	50	61	0	3480
28443	131	3210	47	59	0	3447
28444	63	121	33	2506	0	2723
28445	44	2829	28	77	0	2978
28446	2811	127	29	47	0	3014
28447	2770	76	19	26	0	2891
28448	131	2785	28	26	0	2970
28449	2883	110	26	20	0	3039
28450	119	138	17	2713	0	2987
28451	69	66	2687	87	0	2909
28452	54	42	2722	48	0	2866
28453	36	2666	164	43	0	2909
28454	1701	56	40	7	0	1804
28455	1735	23	9	16	0	1783
28456	63	11	1684	11	0	1769
28457	23	15	1706	8	0	1752
28458	1682	14	61	10	0	1767
28459	1765	4	23	16	0	1808
28460	64	15	1682	15	0	1776
28461	1600	17	54	6	0	1677
28462	61	1615	23	14	0	1713
28463	18	1694	13	12	0	1737
28464	16	65	11	1628	0	1720
28465	11	27	10	1682	0	1730
28466	1660	20	13	58	0	1751
28467	1716	16	9	25	0	1766
28468	1716	17	10	18	0	1761
28469	55	8	12	1687	0	1762
28470	24	13	7	1692	0	1736
28471	18	1591	8	56	0	1673
28472	12	1654	11	29	0	1706
28473	8	1709	10	18	0	1745
28474	14	57	10	1593	0	1674
28475	12	1695	8	47	0	1762
28476	12	53	1633	20	0	1718
28477	1598	31	43	12	0	1684
28478	49	24	1707	19	0	1799
28479	27	18	1717	11	0	1773
28480	1625	17	49	9	0	1700
28481	42	1712	24	17	0	1795
28482	1785	52	11	11	0	1859
28483	1834	23	11	13	0	1881
28484	56	20	1740	13	0	1829
28485	26	18	1744	16	0	1804
28486	19	1752	49	10	0	1830
28487	33	49	1791	10	0	1883
28488	16	28	47	1793	0	1884
28489	18	25	23	1665	0	1731
28490	18	1804	17	52	0	1891
28491	15	1884	16	22	0	1937
28492	2015	55	14	19	0	2103
28493	2023	30	10	17	0	2080
28494	64	17	11	2023	0	2115
28495	30	11	14	2066	0	2121
28496	2051	21	13	54	0	2139
28497	2011	14	14	29	0	2068
28498	62	2042	10	14	0	2128
28499	1956	35	7	9	0	2007
28500	54	1942	12	7	0	2015
28501	25	2017	15	10	0	2067
28502	2033	48	14	10	0	2105
28503	2056	17	14	9	0	2096
28504	53	22	10	1985	0	2070
28505	1981	15	11	39	0	2046
28506	55	18	1940	12	0	2025
28507	23	1960	37	14	0	2034
28508	2010	38	16	10	0	2074
28509	47	18	1923	13	0	2001
28510	22	63	35	1847	0	1967
28511	28	1936	13	33	0	2010
28512	23	1805	12	13	0	1853
28513	1877	30	13	9	0	1929
28514	29	16	1744	10	0	1799
28515	1699	12	21	7	0	1739
28516	33	8	12	1720	0	1773
28517	19	5	1636	22	0	1682
28518	1578	9	23	6	0	1616
28519	28	1625	13	7	0	1673
28520	18	1674	5	8	0	1705
28521	1764	20	9	8	0	1801
28522	1755	13	7	7	0	1782
28523	1807	9	4	5	0	1825
28524	36	12	5	1746	0	1799
28525	21	7	4	1771	0	1803
28526	9	10	1767	29	0	1815
28527	8	6	1717	16	0	1747
28528	16	1711	23	9	0	1759
28529	9	17	9	1685	0	1720
28530	1681	7	6	17	0	1711
28531	26	1654	2	7	0	1689
28532	6	23	7	1720	0	1756
28533	1713	9	1	21	0	1744
28534	20	1618	3	10	0	1651
28535	9	1689	8	4	0	1710
28536	48	20	1612	10	0	1690
28537	1606	14	15	1	0	1636
28538	1720	6	6	5	0	1737
28539	25	5	1666	10	0	1706
28540	1491	2	13	0	0	1506
28541	17	3	1606	0	0	1626
28542	5	1542	9	5	0	1561
28543	50	12	6	1555	0	1623
28544	1553	2	1	9	0	1565
28545	13	1518	3	2	0	1536
28546	3	1532	4	1	0	1540
28547	1526	11	2	1	0	1540
28548	15	3	1490	1	0	1509
28549	1331	0	3	0	0	1334
28550	3	1368	4	2	0	1377
28551	1	6	1336	1	0	1344
28552	1313	0	3	0	0	1316
28553	1401	0	1	0	0	1402
28554	3	1	0	1365	0	1369
28555	0	0	0	1398	0	1398
28556	1	1374	0	3	0	1378
28557	0	5	1333	0	0	1338
28558	0	1	3	1309	0	1313
28559	1	0	1426	3	0	1430
28560	1	2	1420	0	0	1423
28561	0	1	4	1536	0	1541
28562	0	1	1615	13	0	1629
28563	2	1	1557	1	0	1561
28564	1	1	14	1521	0	1537
28565	1	1	1612	14	0	1628
28566	1431	0	18	1	0	1450
28567	14	1452	9	5	0	1480
28568	2	13	1533	0	0	1548
28569	6	5	1589	1	0	1601
28570	1	3	14	1535	0	1553
28571	1637	1	4	15	0	1657
28572	1632	1	3	1	0	1637
28573	1641	0	0	3	0	1644
28574	1654	0	1	0	0	1655
28575	19	0	12	1555	0	1586
28576	3	2	1574	14	0	1593
28577	1589	0	14	1	0	1604
28578	1600	0	2	4	0	1606
28579	1623	1	4	1	0	1629
28580	20	0	1573	1	0	1594
28581	1340	0	19	3	0	1362
28582	20	2	2	1523	0	1547
28583	2	1459	5	17	0	1483
28584	4	17	1	1450	0	1472
28585	0	1455	4	18	0	1477
28586	1512	19	1	4	0	1536
28587	17	4	1524	9	0	1554
28588	1	5	21	1476	0	1503
28589	3	1490	7	19	0	1519
28590	2	1572	7	7	0	1588
28591	1586	20	5	3	0	1614
28592	1432	8	1	4	0	1445
28593	24	7	1386	0	0	1417
28594	1334	1	25	2	0	1362
28595	20	5	7	1365	0	1397
28596	6	2	1361	22	0	1391
28597	14	1	1327	4	0	1346
28598	9	2	20	1522	0	1553
28599	1671	1	9	25	0	1706
28600	38	1	4	1544	0	1587
28601	9	0	3	1597	0	1609
28602	9	0	5	1583	0	1597
28603	8	1514	1	72	0	1595
28604	9	29	2	1628	0	1668
28605	1563	8	5	38	0	1614
28606	33	1520	6	14	0	1573
28607	12	31	2	1574	0	1619
28608	1528	9	1	43	0	1581
28609	32	1465	6	9	0	1512
28610	11	1464	2	13	0	1490
28611	11	42	3	1510	0	1566
28612	1500	12	4	33	0	1549
28613	35	8	1449	14	0	1506
28614	13	8	1458	12	0	1491
28615	1476	8	42	5	0	1531
28616	1615	10	16	5	0	1646
28617	49	1612	10	13	0	1684
28618	14	36	9	1601	0	1660
28619	19	10	1599	38	0	1666
28620	13	9	1624	12	0	1658
28621	7	8	1764	14	0	1793
28622	7	1761	70	4	0	1842
28623	6	1853	21	10	0	1890
28624	1855	59	12	11	0	1937
28625	64	15	1872	3	0	1954
28626	1849	8	57	13	0	1927
28627	1914	6	12	10	0	1942
28628	71	10	1831	11	0	1923
28629	18	1874	63	8	0	1963
28630	20	56	17	1882	0	1975
28631	15	14	1907	60	0	1996
28632	14	19	1867	17	0	1917
28633	1750	6	68	14	0	1838
28634	60	1853	25	12	0	1950
28635	16	65	12	1769	0	1862
28636	15	19	9	1786	0	1829
28637	11	1777	10	66	0	1864
28638	11	1871	6	23	0	1911
28639	10	1946	10	9	0	1975
28640	15	71	9	1913	0	2008
28641	1904	19	8	66	0	1997
28642	68	14	7	1982	0	2071
28643	22	16	1931	72	0	2041
28644	12	13	1952	29	0	2006
28645	12	12	71	1936	0	2031
28646	11	9	1896	72	0	1988
28647	14	1885	72	23	0	1994
28648	16	65	18	2046	0	2145
28649	2119	22	15	84	0	2240
28650	2100	17	11	26	0	2154
28651	85	2188	16	24	0	2313
28652	2237	78	9	14	0	2338
28653	2278	27	10	13	0	2328
28654	2301	21	15	15	0	2352
28655	103	19	2048	16	0	2186
28656	2096	9	74	16	0	2195
28657	89	2201	24	12	0	2326
28658	31	75	2257	14	0	2377
28659	31	27	2203	7	0	2268
28660	21	2176	85	19	0	2301
28661	2067	68	29	6	0	2170
28662	74	24	12	1927	0	2037
28663	26	1918	11	67	0	2022
28664	2000	68	14	20	0	2102
28665	78	25	15	1983	0	2101
28666	1977	19	7	78	0	2081
28667	74	18	5	2078	0	2175
28668	36	13	2012	78	0	2139
28669	18	16	2092	28	0	2154
28670	19	13	2121	14	0	2167
28671	16	10	90	1967	0	2083
28672	18	14	30	2112	0	2174
28673	13	20	2016	89	0	2138
28674	13	2012	83	33	0	2141
28675	2100	75	32	20	0	2227
28676	2147	24	23	13	0	2207
28677	95	2264	18	18	0	2395
28678	33	85	11	2294	0	2423
28679	26	36	2373	84	0	2519
28680	2272	23	92	35	0	2422
28681	96	13	2367	22	0	2498
28682	41	8	2469	16	0	2534
28683	19	22	2491	11	0	2543
28684	2369	13	125	19	0	2526
28685	100	11	2414	12	0	2537
28686	38	2333	107	10	0	2488
28687	27	2402	37	15	0	2481
28688	23	117	29	2209	0	2378
28689	15	39	28	2356	0	2438
28690	24	25	2306	112	0	2467
28691	2236	12	102	40	0	2390
28692	2389	21	42	17	0	2469
28693	120	22	21	2354	0	2517
28694	2331	9	23	106	0	2469
28695	116	2332	30	37	0	2515
28696	2326	100	28	21	0	2475
28697	115	2263	28	20	0	2426
28698	40	2182	22	16	0	2260
28699	1984	93	14	13	0	2104
28700	2013	36	14	12	0	2075
28701	2061	17	16	21	0	2115
28702	2095	16	21	10	0	2142
28703	119	18	1924	8	0	2069
28704	1950	21	91	15	0	2077
28705	103	15	31	1864	0	2013
28706	41	1919	26	106	0	2092
28707	1980	76	21	27	0	2104
28708	92	1984	27	19	0	2122
28709	1998	88	23	12	0	2121
28710	107	36	16	1939	0	2098
28711	45	19	21	1979	0	2064
28712	30	21	1840	111	0	2002
28713	32	27	1901	29	0	1989
28714	30	1893	94	20	0	2037
28715	1764	90	24	23	0	1901
28716	86	1769	21	17	0	1893
28717	50	1864	12	22	0	1948
28718	33	1938	18	23	0	2012
28719	68	106	1773	9	0	1956
28720	43	1870	80	12	0	2005
28721	1594	147	41	10	0	1792
28722	1623	31	23	10	0	1687
28723	93	27	14	1534	0	1668
28724	33	1551	13	65	0	1662
28725	25	1641	22	19	0	1707
28726	29	75	21	1631	0	1756
28727	28	44	1599	58	0	1729
28728	46	1589	62	27	0	1724
28729	27	70	31	1595	0	1723
28730	1501	36	34	65	0	1636
28731	1550	30	14	27	0	1621
28732	75	1562	22	18	0	1677
28733	1577	78	13	15	0	1683
28734	1618	31	16	22	0	1687
28735	78	29	24	1563	0	1694
28736	45	22	1505	68	0	1640
28737	26	1501	69	34	0	1630
28738	30	65	42	1520	0	1657
28739	24	42	1456	62	0	1584
28740	29	1469	68	27	0	1593
28741	1461	80	19	17	0	1577
28742	1452	35	17	20	0	1524
28743	78	41	16	1414	0	1549
28744	45	1488	10	71	0	1614
28745	30	71	1457	36	0	1594
28746	29	30	63	1476	0	1598
28747	34	31	1502	64	0	1631
28748	25	1394	48	26	0	1493
28749	25	46	18	1328	0	1417
28750	1362	24	10	43	0	1439
28751	42	1281	11	21	0	1355
28752	1277	52	19	15	0	1363
28753	1256	28	12	9	0	1305
28754	67	1270	6	17	0	1360
28755	36	49	16	1263	0	1364
28756	29	34	10	1266	0	1339
28757	30	1214	10	58	0	1312
28758	26	1250	15	30	0	1321
28759	24	60	12	1176	0	1272
28760	26	1282	15	39	0	1362
28761	1303	53	8	22	0	1386
28762	1309	28	14	23	0	1374
28763	60	26	1262	19	0	1367
28764	22	28	1237	15	0	1302
28765	1229	25	47	14	0	1315
28766	1312	18	22	14	0	1366
28767	53	1293	11	16	0	1373
28768	1299	59	10	14	0	1382
28769	1245	17	9	16	0	1287
28770	57	1206	10	8	0	1281
28771	1220	54	13	4	0	1291
28772	51	28	8	1442	0	1529
28773	24	22	12	1539	0	1597
28774	24	20	1462	66	0	1572
28775	14	1380	49	31	0	1474
28776	19	1428	13	10	0	1470
28777	1245	53	20	4	0	1322
28778	1176	13	54	6	0	1249
28779	1160	3	2	4	0	1169
28780	1182	7	4	9	0	1202
28781	33	4	1173	9	0	1219
28782	6	3	1095	0	0	1104
28783	2	1083	20	3	0	1108
28784	2	18	5	1084	0	1109
28785	3	7	2	1048	0	1060
28786	2	1092	3	20	0	1117
28787	4	20	1	1055	0	1080
28788	1039	7	2	19	0	1067
28789	20	1032	3	6	0	1061
28790	7	20	1115	2	0	1144
28791	1	1143	18	3	0	1165
28792	1167	19	5	3	0	1194
28793	20	8	1147	2	0	1177
28794	1118	1	22	5	0	1146
28795	1180	2	7	2	0	1191
28796	25	7	1149	1	0	1182
28797	7	3	1177	2	0	1189
28798	5	4	1171	1	0	1181
28799	1091	2	23	0	0	1116
28800	24	1	1164	1	0	1190
28801	9	1139	20	0	0	1168
28802	1171	20	7	3	0	1201
28803	18	6	1173	4	0	1201
28804	1105	2	24	4	0	1135
28805	25	7	1135	3	0	1170
28806	11	8	1256	3	0	1278
28807	7	1270	29	3	0	1309
28808	11	23	1316	3	0	1353
28809	11	10	1309	1	0	1331
28810	8	1180	36	4	0	1228
28811	1301	23	9	3	0	1336
28812	27	10	1368	2	0	1407
28813	10	7	27	1251	0	1295
28814	8	1319	6	19	0	1352
28815	1350	22	6	10	0	1388
28816	1372	8	11	4	0	1395
28817	27	9	1269	4	0	1309
28818	12	1176	26	7	0	1221
28819	6	1268	9	5	0	1288
28820	5	31	7	1231	0	1274
28821	7	1243	8	19	0	1277
28822	10	27	5	1219	0	1261
28823	8	12	6	1269	0	1295
28824	9	1250	8	26	0	1293
28825	10	27	4	1246	0	1287
28826	10	1211	7	23	0	1251
28827	8	22	1190	9	0	1229
28828	7	11	32	1173	0	1223
28829	10	7	11	1186	0	1214
28830	11	1184	9	25	0	1229
28831	9	1230	11	8	0	1258
28832	9	30	10	1183	0	1232
28833	12	1204	6	21	0	1243
28834	1257	28	10	7	0	1302
28835	26	12	11	1243	0	1292
28836	12	1247	10	21	0	1290
28837	1270	28	11	6	0	1315
28838	24	1243	11	8	0	1286
28839	12	27	1229	7	0	1275
28840	5	18	29	1225	0	1277
28841	1256	9	13	24	0	1302
28842	29	7	1247	9	0	1292
28843	9	12	28	1185	0	1234
28844	12	1168	15	23	0	1218
28845	10	32	1158	7	0	1207
28846	15	1165	29	2	0	1211
28847	1163	22	22	4	0	1211
28848	1151	16	12	3	0	1182
28849	30	1153	11	4	0	1198
28850	1099	24	13	3	0	1139
28851	23	13	1187	7	0	1230
28852	6	14	28	1174	0	1222
28853	10	10	7	1169	0	1196
28854	9	1221	8	26	0	1264
28855	1421	25	10	8	0	1464
28856	1479	15	9	6	0	1509
28857	26	10	1390	5	0	1431
28858	1388	8	22	5	0	1423
28859	1413	11	13	8	0	1445
28860	1375	9	7	9	0	1400
28861	25	14	7	1342	0	1388
28862	9	7	6	1360	0	1382
28863	9	1344	3	23	0	1379
28864	1324	25	11	9	0	1369
28865	1264	11	6	7	0	1288
28866	24	1291	4	6	0	1325
28867	9	17	3	1236	0	1265
28868	6	1227	4	16	0	1253
28869	4	1298	3	7	0	1312
28870	1277	20	5	4	0	1306
28871	55	6	1235	5	0	1301
28872	0	2	982	1	0	985
28873	1	951	0	1	0	953
28874	939	0	0	3	0	942
28875	2	2	940	2	0	946
28876	0	863	6	4	0	873
28877	931	0	0	0	0	931
28878	0	0	919	0	0	919
28879	0	0	0	885	0	885
28880	950	0	0	0	0	950
28881	2	3	962	0	0	967
28882	0	0	985	0	0	985
28883	1	1	1091	0	0	1093
28884	1	1	1076	0	0	1078
28885	1040	0	2	0	0	1042
28886	1206	0	0	0	0	1206
28887	5	1222	0	1	0	1228
28888	0	8	0	1285	0	1293
28889	1	1	0	1317	0	1319
28890	0	1322	1	11	0	1334
28891	1	14	0	1358	0	1373
28892	1	1364	3	14	0	1382
28893	0	1408	0	4	0	1412
28894	0	19	0	1400	0	1419
28895	0	4	1366	18	0	1388
28896	0	1322	17	4	0	1343
28897	0	15	3	1391	0	1409
28898	1389	6	2	18	0	1415
28899	17	2	1364	5	0	1388
28900	1351	2	16	5	0	1374
28901	1440	2	4	2	0	1448
28902	24	1	1	1411	0	1437
28903	5	2	1415	22	0	1444
28904	4	2	1397	5	0	1408
28905	2	1489	27	5	0	1523
28906	2	21	9	1456	0	1488
28907	2	7	1465	22	0	1496
28908	1	5	1423	12	0	1441
28909	2	1381	30	9	0	1422
28910	1461	22	13	4	0	1500
28911	1526	10	5	2	0	1543
28912	29	5	5	1494	0	1533
28913	8	2	1572	27	0	1609
28914	6	5	1628	10	0	1649
28915	4	1636	39	4	0	1683
28916	5	26	1688	4	0	1723
28917	5	12	1674	4	0	1695
28918	3	7	37	1554	0	1601
28919	6	5	1655	26	0	1692
28920	1580	5	33	13	0	1631
28921	24	3	19	1663	0	1709
28922	13	5	1649	28	0	1695
28923	4	1584	31	15	0	1634
28924	6	26	13	1670	0	1715
28925	9	14	1664	28	0	1715
28926	3	1738	31	22	0	1794
28927	5	31	20	1730	0	1786
28928	5	1839	14	27	0	1885
28929	5	36	7	1863	0	1911
28930	1	16	12	1876	0	1905
28931	5	10	1804	41	0	1860
28932	3	1920	37	22	0	1982
28933	3	33	22	1947	0	2005
28934	5	21	13	1925	0	1964
28935	3	10	9	1976	0	1998
28936	2	5	1889	53	0	1949
28937	3	1839	32	21	0	1895
28938	3	35	18	2011	0	2067
28939	3	17	1966	35	0	2021
28940	1	1945	38	26	0	2010
28941	1	39	23	2094	0	2157
28942	9	23	2084	39	0	2155
28943	7	2050	37	28	0	2122
28944	8	35	22	2075	0	2140
28945	4	21	17	2155	0	2197
28946	7	16	2107	43	0	2173
28947	1892	12	36	36	0	1976
28948	27	2071	25	21	0	2144
28949	2150	37	18	15	0	2220
28950	30	24	2121	17	0	2192
28951	2013	15	36	19	0	2083
28952	34	12	23	1977	0	2046
28953	19	9	16	2099	0	2143
28954	8	13	2010	50	0	2081
28955	1780	12	42	22	0	1856
28956	1849	8	24	22	0	1903
28957	40	1834	16	17	0	1907
28958	24	1984	21	13	0	2042
28959	1989	45	13	18	0	2065
28960	38	19	1942	15	0	2014
28961	21	2051	43	10	0	2125
28962	12	36	27	2078	0	2153
28963	12	23	15	2133	0	2183
28964	6	15	2093	46	0	2160
28965	1960	16	44	20	0	2040
28966	35	14	2094	21	0	2164
28967	2063	10	49	15	0	2137
28968	43	11	2331	16	0	2401
28969	27	2267	49	19	0	2362
28970	2339	39	31	11	0	2420
28971	2370	26	16	20	0	2432
28972	2367	20	21	12	0	2420
28973	2379	11	22	6	0	2418
28974	58	14	15	2346	0	2433
28975	27	14	2314	44	0	2399
28976	14	19	46	2269	0	2348
28977	20	2310	26	56	0	2412
28978	18	31	22	2420	0	2491
28979	15	21	2369	48	0	2453
28980	14	16	2309	33	0	2372
28981	9	5	56	2326	0	2396
28982	2447	11	71	38	0	2567
28983	2376	12	18	34	0	2440
28984	2420	12	26	15	0	2473
28985	54	18	2435	13	0	2520
28986	32	5	2429	17	0	2483
28987	16	2345	52	13	0	2426
28988	15	2349	26	15	0	2405
28989	2341	38	10	15	0	2404
28990	2282	23	13	10	0	2328
28991	43	2231	6	10	0	2290
28992	2328	24	13	13	0	2378
28993	2303	19	11	6	0	2339
28994	33	2257	13	10	0	2313
28995	2350	31	5	9	0	2395
28996	2315	21	7	14	0	2357
28997	43	2326	7	11	0	2387
28998	2389	23	13	8	0	2433
28999	2332	20	11	10	0	2373
29000	40	9	2297	8	0	2354
29001	25	13	2199	6	0	2243
29002	13	2167	27	7	0	2214
29003	11	2298	23	3	0	2335
29004	2334	71	9	4	0	2418
29005	2230	21	5	3	0	2259
29006	2218	9	8	1	0	2236
29007	21	2101	3	2	0	2127
29008	16	13	5	2171	0	2205
29009	7	16	2201	10	0	2234
29010	5	7	13	2129	0	2154
29011	10	2082	10	13	0	2115
29012	2139	13	3	9	0	2164
29013	15	2137	2	4	0	2158
29014	17	13	2	2148	0	2180
29015	2274	15	1	11	0	2301
29016	2261	3	4	11	0	2279
29017	35	3	2315	2	0	2355
29018	2345	6	19	1	0	2371
29019	2545	2	13	2	0	2562
29020	2560	3	3	3	0	2569
29021	40	56	5	2417	0	2518
29022	19	2492	4	23	0	2538
29023	9	26	2	2653	0	2690
29024	3	21	2600	27	0	2651
29025	5	2581	31	18	0	2635
29026	6	28	12	2533	0	2579
29027	6	11	2476	28	0	2521
29028	9	2453	27	15	0	2504
29029	4	29	12	2468	0	2513
29030	7	15	2484	29	0	2535
29031	2031	6	36	18	0	2091
29032	27	6	2421	7	0	2461
29033	18	6	2384	2	0	2410
29034	7	2488	43	7	0	2545
29035	4	40	20	2535	0	2599
29036	6	21	7	2465	0	2499
29037	7	2561	3	40	0	2611
29038	4	40	5	2618	0	2667
29039	2617	16	5	39	0	2677
29040	2603	9	3	18	0	2633
29041	63	5	2502	6	0	2576
29042	2524	2	44	5	0	2575
29043	2588	9	15	5	0	2617
29044	64	5	2510	9	0	2588
29045	26	2517	41	8	0	2592
29046	5	2643	17	6	0	2671
29047	6	71	7	2264	0	2348
29048	5	2594	6	36	0	2641
29049	5	55	2524	10	0	2594
29050	11	28	2476	6	0	2521
29051	8	2496	62	7	0	2573
29052	2628	47	21	5	0	2701
29053	2668	24	8	5	0	2705
29054	2705	12	6	7	0	2730
29055	2692	6	8	5	0	2711
29056	2628	8	2	7	0	2645
29057	69	2552	4	8	0	2633
29058	23	48	2443	2	0	2516
29059	10	23	46	2496	0	2575
29060	2460	12	20	48	0	2540
29061	57	2377	11	20	0	2465
29062	27	48	5	2420	0	2500
29063	11	29	2361	46	0	2447
29064	17	2263	44	24	0	2348
29065	12	2430	22	9	0	2473
29066	2347	63	13	3	0	2426
29067	48	2406	7	6	0	2467
29068	19	48	4	2208	0	2279
29069	2258	18	5	44	0	2325
29070	2257	12	2	18	0	2289
29071	2299	6	4	8	0	2317
29072	66	4	2168	3	0	2241
29073	29	2184	38	2	0	2253
29074	2294	52	16	0	0	2362
29075	45	20	9	2259	0	2333
29076	2311	11	3	47	0	2372
29077	52	2194	7	19	0	2272
29078	2441	47	6	7	0	2501
29079	2620	21	4	6	0	2651
29080	70	10	12	2619	0	2711
29081	31	13	2862	56	0	2962
29082	15	16	60	2806	0	2897
29083	2775	9	28	72	0	2884
29084	2774	11	8	29	0	2822
29085	89	2679	12	13	0	2793
29086	2536	67	10	2	0	2615
29087	77	2657	5	13	0	2752
29088	2701	58	8	7	0	2774
29089	2701	21	6	8	0	2736
29090	85	27	2610	8	0	2730
29091	38	2703	62	13	0	2816
29092	16	61	26	2743	0	2846
29093	15	35	11	2833	0	2894
29094	12	20	7	2735	0	2774
29095	20	2722	8	78	0	2828
29096	22	68	2719	28	0	2837
29097	15	29	2687	18	0	2749
29098	13	3400	84	12	0	3509
29099	3487	85	32	13	0	3617
29100	93	38	3531	11	0	3673
29101	3471	20	87	11	0	3589
29102	97	3489	39	11	0	3636
29103	41	92	3482	12	0	3627
29104	20	40	80	3454	0	3594
29105	24	18	3491	81	0	3614
29106	24	15	3592	34	0	3665
29107	22	15	116	3142	0	3295
29108	26	3432	45	65	0	3568
29109	11	3636	17	32	0	3696
29110	3650	109	10	17	0	3786
29111	101	45	3532	17	0	3695
29112	3560	20	89	7	0	3676
29113	3500	15	35	5	0	3555
29114	122	3497	22	11	0	3652
29115	3412	86	9	7	0	3514
29116	3402	34	6	9	0	3451
29117	3263	17	12	5	0	3297
29118	116	3148	11	10	0	3285
29119	49	2900	10	0	0	2959
29120	21	3115	7	4	0	3147
29121	3069	101	38	9	0	3217
29122	3138	36	14	7	0	3195
29123	149	20	2863	4	0	3036
29124	43	14	2807	7	0	2871
29125	2908	12	91	2	0	3013
29126	2990	11	34	11	0	3046
29127	3059	15	17	5	0	3096
29128	104	2	11	2925	0	3042
29129	43	9	9	2977	0	3038
29130	25	8	14	3073	0	3120
29131	13	21	9	3077	0	3120
29132	22	9	2912	98	0	3041
29133	22	10	2901	34	0	2967
29134	20	12	2734	24	0	2790
29135	22	5	2744	7	0	2778
29136	2680	14	85	8	0	2787
29137	72	2626	33	6	0	2737
29138	36	2740	19	10	0	2805
29139	2754	73	18	5	0	2850
29140	69	42	2719	12	0	2842
29141	37	18	2589	12	0	2656
29142	2529	13	72	11	0	2625
29143	2673	12	37	12	0	2734
29144	82	2645	19	7	0	2753
29145	46	49	10	2647	0	2752
29146	2706	28	14	47	0	2795
29147	2720	21	10	25	0	2776
29148	85	14	11	2565	0	2675
29149	54	2635	14	50	0	2753
29150	2692	61	4	24	0	2781
29151	68	24	2574	19	0	2685
29152	2580	19	54	16	0	2669
29153	66	2577	28	20	0	2691
29154	2664	53	19	12	0	2748
29155	2671	24	18	17	0	2730
29156	75	24	2626	13	0	2738
29157	39	14	2613	6	0	2672
29158	2615	12	80	6	0	2713
29159	2658	12	44	7	0	2721
29160	82	2640	18	3	0	2743
29161	50	59	15	2663	0	2787
29162	28	25	2631	50	0	2734
29163	2588	20	55	26	0	2689
29164	69	20	33	2650	0	2772
29165	48	14	23	2698	0	2783
29166	2647	16	19	74	0	2756
29167	65	2694	17	39	0	2815
29168	2765	65	21	16	0	2867
29169	2704	28	18	11	0	2761
29170	2735	23	16	18	0	2792
29171	99	2673	16	8	0	2796
29172	2779	58	16	11	0	2864
29173	76	32	18	2726	0	2852
29174	50	25	9	2735	0	2819
29175	41	21	2661	72	0	2795
29176	47	10	2611	34	0	2702
29177	33	2624	75	20	0	2752
29178	22	2530	36	8	0	2596
29179	36	59	2310	6	0	2411
29180	23	2323	41	5	0	2392
29181	2172	38	17	1	0	2228
29182	2214	19	10	0	0	2243
29183	2244	7	5	6	0	2262
29184	63	13	4	2144	0	2224
29185	32	8	1	2188	0	2229
29186	13	10	2207	55	0	2285
29187	13	2163	36	33	0	2245
29188	2183	36	16	10	0	2245
29189	37	2185	17	7	0	2246
29190	2114	41	8	3	0	2166
29191	2051	17	5	1	0	2074
29192	63	8	4	1990	0	2065
29193	35	5	3	2012	0	2055
29194	16	2	4	2063	0	2085
29195	8	4	1923	65	0	2000
29196	8	1924	35	32	0	1999
29197	6	1963	18	18	0	2005
29198	0	1192	3	3	0	1198
29199	0	1207	2	0	0	1209
29200	0	1213	0	0	0	1213
29201	1144	15	1	0	0	1160
29202	11	9	1183	0	0	1203
29203	6	1180	11	3	0	1200
29204	5	13	1139	0	0	1157
29205	0	1249	12	2	0	1263
29206	1	18	3	1118	0	1140
29207	1	62	5	1134	0	1202
29208	1	1172	1	16	0	1190
29209	1118	12	1	5	0	1136
29210	11	6	1078	3	0	1098
29211	5	1077	11	0	0	1093
29212	2	12	1109	1	0	1124
29213	1	6	13	1120	0	1140
29214	2	4	5	1050	0	1061
29215	2	1073	4	14	0	1093
29216	4	11	1	1094	0	1110
29217	1	5	1	1090	0	1097
29218	3	1085	2	14	0	1104
29219	3	12	1085	8	0	1108
29220	2	5	1084	4	0	1095
29221	1043	5	15	2	0	1065
29222	1118	3	5	1	0	1127
29223	16	3	5	1112	0	1136
29224	6	5	1125	12	0	1148
29225	5	2	13	1086	0	1106
29226	3	1193	5	13	0	1214
29227	6	16	1153	6	0	1181
29228	2	1120	16	6	0	1144
29229	3	16	1143	3	0	1165
29230	3	1113	15	2	0	1133
29231	1128	16	6	3	0	1153
29232	13	8	5	1108	0	1134
29233	5	7	2	1108	0	1122
29234	8	2	1115	18	0	1143
29235	4	5	1099	11	0	1119
29236	2	1106	16	5	0	1129
29237	1134	13	9	4	0	1160
29238	11	7	3	1086	0	1107
29239	5	8	1169	15	0	1197
29240	5	4	1127	5	0	1141
29241	1043	5	16	8	0	1072
29242	1124	4	7	6	0	1141
29243	15	9	1104	3	0	1131
29244	8	3	14	1071	0	1096
29245	2	1114	10	13	0	1139
29246	1142	19	2	8	0	1171
29247	14	1130	7	4	0	1155
29248	1128	19	4	4	0	1155
29249	14	1105	4	4	0	1127
29250	9	1103	5	3	0	1120
29251	7	19	2	1102	0	1130
29252	3	7	6	1110	0	1126
29253	0	1103	6	19	0	1128
29254	4	17	1080	8	0	1109
29255	3	6	1076	6	0	1091
29256	6	7	1078	4	0	1095
29257	1002	7	20	6	0	1035
29258	1065	7	7	7	0	1086
29259	19	1099	6	7	0	1131
29260	8	19	1123	7	0	1157
29261	4	14	19	1185	0	1222
29262	6	5	1248	22	0	1281
29263	3	4	1297	10	0	1314
29264	2	9	27	1402	0	1440
29265	2	5	15	1516	0	1538
29266	4	9	1611	44	0	1668
29267	1504	5	39	18	0	1566
29268	45	1626	20	12	0	1703
29269	17	1802	11	7	0	1837
29270	12	71	12	1772	0	1867
29271	1831	24	4	48	0	1907
29272	54	1810	11	21	0	1896
29273	1771	62	8	12	0	1853
29274	56	1799	8	13	0	1876
29275	1893	60	6	7	0	1966
29276	71	27	1849	7	0	1954
29277	25	17	1947	9	0	1998
29278	15	37	68	1870	0	1990
29279	16	14	1873	55	0	1958
29280	9	1762	70	21	0	1862
29281	12	1813	24	13	0	1862
29282	1721	71	13	8	0	1813
29283	63	27	13	1620	0	1723
29284	21	1690	13	52	0	1776
29285	1759	63	12	16	0	1850
29286	1706	24	9	16	0	1755
29287	1746	16	8	8	0	1778
29288	81	17	7	1670	0	1775
29289	35	12	6	1741	0	1794
29290	22	13	1736	72	0	1843
29291	20	10	1764	30	0	1824
29292	1736	8	72	20	0	1836
29293	63	9	34	1749	0	1855
29294	29	8	1740	64	0	1841
29295	1732	7	65	26	0	1830
29296	66	1999	24	20	0	2109
29297	2029	71	16	20	0	2136
29298	2088	23	17	11	0	2139
29299	2101	16	9	12	0	2138
29300	109	14	1974	6	0	2103
29301	1987	7	68	9	0	2071
29302	92	10	20	1875	0	1997
29303	38	1832	20	69	0	1959
29304	25	2004	21	21	0	2071
29305	1926	75	9	13	0	2023
29306	1960	23	15	7	0	2005
29307	1975	14	10	10	0	2009
29308	96	14	6	1893	0	2009
29309	41	8	10	1943	0	2002
29310	25	14	6	1882	0	1927
29311	30	1899	1	78	0	2008
29312	1896	68	10	29	0	2003
29313	1948	21	4	19	0	1992
29314	1976	16	6	18	0	2016
29315	104	13	1892	17	0	2026
29316	1933	12	62	17	0	2024
29317	96	15	17	1828	0	1956
29318	36	1914	16	67	0	2033
29319	1962	68	12	21	0	2063
29320	1965	25	8	17	0	2015
29321	111	13	1954	12	0	2090
29322	43	19	69	1901	0	2032
29323	31	1964	23	75	0	2093
29324	2078	71	12	27	0	2188
29325	92	30	15	2064	0	2201
29326	42	21	8	2055	0	2126
29327	34	21	11	2112	0	2178
29328	44	7	7	2165	0	2223
29329	24	13	2012	110	0	2159
29330	22	2030	78	41	0	2171
29331	25	82	21	2081	0	2209
29332	29	31	2093	94	0	2247
29333	2069	24	80	34	0	2207
29334	2181	18	24	29	0	2252
29335	105	16	15	2130	0	2266
29336	2116	11	22	104	0	2253
29337	2362	18	14	33	0	2427
29338	115	28	2321	25	0	2489
29339	51	2254	77	31	0	2413
29340	2308	81	31	19	0	2439
29341	99	23	19	2329	0	2470
29342	2416	18	28	93	0	2555
29343	110	15	20	2441	0	2586
29344	48	17	13	2519	0	2597
29345	35	18	2386	110	0	2549
29346	2086	19	81	38	0	2224
29347	94	2414	23	38	0	2569
29348	55	82	2400	21	0	2558
29349	43	2428	78	24	0	2573
29350	2461	91	25	25	0	2602
29351	107	26	21	2459	0	2613
29352	2413	16	19	96	0	2544
29353	104	2398	14	36	0	2552
29354	2463	87	16	30	0	2596
29355	2534	28	12	29	0	2603
29356	2611	19	14	18	0	2662
29357	2575	24	18	25	0	2642
29358	132	2484	18	26	0	2660
29359	2506	79	13	21	0	2619
29360	107	29	10	2479	0	2625
29361	54	32	12	2412	0	2510
29362	42	2247	9	86	0	2384
29363	46	2227	13	28	0	2314
29364	41	2174	9	24	0	2248
29365	2065	78	7	13	0	2163
29366	79	1872	6	10	0	1967
29367	27	1754	3	10	0	1794
29368	1752	79	6	11	0	1848
29369	1704	12	2	7	0	1725
29370	48	1643	3	6	0	1700
29371	1699	38	4	7	0	1748
29372	48	14	1608	6	0	1676
29373	1616	15	29	7	0	1667
29374	43	7	1639	8	0	1697
29375	16	1572	21	10	0	1619
29376	10	1637	8	5	0	1660
29377	7	31	3	1608	0	1649
29378	1533	8	4	25	0	1570
29379	1592	5	2	7	0	1606
29380	1669	5	3	9	0	1686
29381	1647	5	6	9	0	1667
29382	1656	4	7	3	0	1670
29383	35	9	1639	5	0	1688
29384	10	6	1578	8	0	1602
29385	1717	4	21	4	0	1746
29386	32	1686	6	5	0	1729
29387	1711	25	7	5	0	1748
29388	1733	6	3	2	0	1744
29389	1797	5	0	1	0	1803
29390	1763	4	1	8	0	1776
29391	1759	2	4	6	0	1771
29392	40	4	1656	8	0	1708
29393	1681	2	28	10	0	1721
29394	1716	10	8	11	0	1745
29395	40	5	1701	8	0	1754
29396	1418	5	14	8	0	1445
29397	1488	4	3	4	0	1499
29398	20	4	1504	4	0	1532
29399	11	2	1481	7	0	1501
29400	12	1514	16	4	0	1546
29401	16	14	5	1585	0	1620
29402	8	8	1586	16	0	1618
29403	1528	5	17	3	0	1553
29404	22	6	6	1671	0	1705
29405	10	4	1666	17	0	1697
29406	1601	4	14	7	0	1626
29407	1657	4	4	6	0	1671
29408	1669	5	3	8	0	1685
29409	21	1668	5	9	0	1703
29410	11	14	2	1675	0	1702
29411	11	1655	4	17	0	1687
29412	1700	18	7	3	0	1728
29413	1657	8	4	4	0	1673
29414	27	4	1656	5	0	1692
29415	8	1543	16	7	0	1574
29416	10	1610	5	5	0	1630
29417	39	21	2	1603	0	1665
29418	9	7	0	1597	0	1613
29419	1589	8	1	13	0	1611
29420	22	1578	0	5	0	1605
29421	14	1556	1	1	0	1572
29422	16	15	1517	1	0	1549
29423	12	1581	10	2	0	1605
29424	1583	14	8	3	0	1608
29425	17	7	1616	4	0	1644
29426	1340	2	6	1	0	1349
29427	8	2	1572	2	0	1584
29428	1252	3	9	3	0	1267
29429	5	1600	3	3	0	1611
29430	1664	9	0	1	0	1674
29431	10	4	1748	0	0	1762
29432	1683	2	13	0	0	1698
29433	1706	3	5	1	0	1715
29434	20	0	1689	1	0	1710
29435	1670	2	12	1	0	1685
29436	1716	4	5	1	0	1726
29437	1555	1	1	0	0	1557
29438	18	1418	2	2	0	1440
29439	1476	14	1	1	0	1492
29440	15	7	1599	0	0	1621
29441	7	1659	16	2	0	1684
29442	1665	10	5	0	0	1680
29443	1577	5	0	0	0	1582
29444	1603	1	1	0	0	1605
29445	18	1535	0	0	0	1553
29446	5	16	1	1928	0	1950
29447	4	8	1923	27	0	1962
29448	0	1	28	1931	0	1960
29449	2	2	1977	32	0	2013
29450	1882	3	33	11	0	1929
29451	33	1976	15	2	0	2026
29452	15	33	3	1904	0	1955
29453	5	2009	4	25	0	2043
29454	4	37	6	2078	0	2125
29455	3	17	1	2021	0	2042
29456	4	2075	2	51	0	2132
29457	5	40	4	2046	0	2095
29458	4	19	1	2157	0	2181
29459	3	2157	4	68	0	2232
29460	2	2214	7	24	0	2247
29461	4	72	2	2193	0	2271
29462	8	22	2179	60	0	2269
29463	11	2223	51	24	0	2309
29464	7	64	16	2289	0	2376
29465	16	26	2321	61	0	2424
29466	3	2366	61	25	0	2455
29467	2412	59	20	15	0	2506
29468	59	26	2351	15	0	2451
29469	2336	13	60	11	0	2420
29470	59	11	25	2340	0	2435
29471	26	11	5	2354	0	2396
29472	9	13	6	2399	0	2427
29473	9	15	2304	86	0	2414
29474	9	7	2333	38	0	2387
29475	2221	10	79	21	0	2331
29476	60	10	26	2351	0	2447
29477	23	9	2352	71	0	2455
29478	2327	10	62	28	0	2427
29479	64	11	25	2333	0	2433
29480	24	15	11	2418	0	2468
29481	10	9	13	2323	0	2355
29482	12	2321	14	88	0	2435
29483	8	69	8	2190	0	2275
29484	9	2186	9	71	0	2275
29485	7	2279	12	37	0	2335
29486	2260	81	11	21	0	2373
29487	2173	37	18	13	0	2241
29488	2279	14	5	20	0	2318
29489	79	2188	16	14	0	2297
29490	2191	67	14	15	0	2287
29491	2208	31	5	20	0	2264
29492	88	12	11	2185	0	2296
29493	34	11	15	2253	0	2313
29494	16	19	2113	87	0	2235
29495	24	2202	67	44	0	2337
29496	2222	66	27	28	0	2343
29497	2142	34	12	30	0	2218
29498	75	2185	15	25	0	2300
29499	2193	67	14	24	0	2298
29500	2133	29	10	25	0	2197
29501	84	28	11	2091	0	2214
29502	36	2101	15	66	0	2218
29503	31	2207	10	40	0	2288
29504	2152	85	12	28	0	2277
29505	74	36	6	2174	0	2290
29506	35	27	2101	82	0	2245
29507	2066	19	70	37	0	2192
29508	74	33	2112	31	0	2250
29509	46	2138	63	20	0	2267
29510	2144	69	27	34	0	2274
29511	81	34	2130	24	0	2269
29512	50	25	64	2126	0	2265
29513	28	23	2099	84	0	2234
29514	21	2129	60	55	0	2265
29515	25	76	38	2165	0	2304
29516	25	51	2129	83	0	2288
29517	2011	18	66	64	0	2159
29518	68	2161	39	38	0	2306
29519	32	86	26	2019	0	2163
29520	33	2173	18	84	0	2308
29521	2137	79	24	49	0	2289
29522	2117	57	15	36	0	2225
29523	86	2105	17	56	0	2264
29524	47	83	23	2072	0	2225
29525	31	2145	16	77	0	2269
29526	2118	74	20	61	0	2273
29527	78	53	2078	33	0	2242
29528	43	35	2030	31	0	2139
29529	30	1968	79	37	0	2114
29530	21	2019	49	24	0	2113
29531	35	83	23	1938	0	2079
29532	1965	37	29	70	0	2101
29533	1964	25	30	42	0	2061
29534	1941	24	17	29	0	2011
29535	90	2059	22	34	0	2205
29536	46	67	26	2026	0	2165
29537	42	2122	16	73	0	2253
29538	2156	65	17	39	0	2277
29539	71	36	16	2134	0	2257
29540	35	23	1872	80	0	2010
29541	24	1840	64	39	0	1967
29542	1864	73	24	25	0	1986
29543	81	34	1787	28	0	1930
29544	1755	26	60	23	0	1864
29545	84	1787	22	21	0	1914
29546	31	1480	11	14	0	1536
29547	1411	50	9	15	0	1485
29548	47	1435	10	35	0	1527
29549	1360	38	4	12	0	1414
29550	40	1339	10	11	0	1400
29551	1381	44	6	14	0	1445
29552	1406	26	9	4	0	1445
29553	49	14	1344	4	0	1411
29554	24	18	1284	6	0	1332
29555	13	1271	34	7	0	1325
29556	1277	31	43	5	0	1356
29557	38	15	1228	5	0	1286
29558	1079	3	10	4	0	1096
29559	11	3	8	1099	0	1121
29560	7	3	1163	10	0	1183
29561	7	8	1123	5	0	1143
29562	5	3	1265	4	0	1277
29563	7	1276	13	2	0	1298
29564	5	11	13	1272	0	1301
29565	1199	8	1	4	0	1212
29566	9	1	2	1195	0	1207
29567	1200	5	2	5	0	1212
29568	11	1	2	1193	0	1207
29569	1175	5	1	7	0	1188
29570	1139	4	2	2	0	1147
29571	1447	1	0	4	0	1452
29572	36	1416	5	1	0	1458
29573	11	31	1457	1	0	1500
29574	5	10	38	1385	0	1438
29575	9	13	16	1204	0	1242
29576	4	5	5	1453	0	1467
29577	6	6	3	1413	0	1428
29578	4	1375	3	58	0	1440
29579	6	43	1323	16	0	1388
29580	6	1384	47	7	0	1444
29581	5	41	15	1375	0	1436
29582	4	19	6	1528	0	1557
29583	2	6	3	1560	0	1571
29584	6	9	3	1534	0	1552
29585	5	1425	5	64	0	1499
29586	7	1396	3	80	0	1486
29587	3	47	1408	11	0	1469
29588	5	18	38	1458	0	1519
29589	7	5	10	1509	0	1531
29590	3	5	8	1557	0	1573
29591	1582	5	3	66	0	1656
29592	54	1532	6	19	0	1611
29593	14	55	1516	10	0	1595
29594	1551	11	52	12	0	1626
29595	55	10	13	1581	0	1659
29596	1704	4	4	63	0	1775
29597	60	8	5	1698	0	1771
29598	1712	7	3	58	0	1780
29599	61	3	5	1703	0	1772
29600	1705	8	6	56	0	1775
29601	61	3	1776	21	0	1861
29602	17	7	48	1737	0	1809
29603	11	1780	17	54	0	1862
29604	7	58	7	1845	0	1917
29605	1824	14	5	62	0	1905
29606	58	1838	4	20	0	1920
29607	15	56	7	1913	0	1991
29608	6	1895	8	64	0	1973
29609	8	68	6	1937	0	2019
29610	8	19	1	1993	0	2021
29611	9	9	1892	82	0	1992
29612	11	7	63	1889	0	1970
29613	7	7	1897	75	0	1986
29614	6	1841	63	26	0	1936
29615	1905	66	19	14	0	2004
29616	72	14	1864	15	0	1965
29617	1831	7	67	11	0	1916
29618	1930	6	18	11	0	1965
29619	85	6	10	1924	0	2025
29620	23	7	1970	70	0	2070
29621	2007	2	78	25	0	2112
29622	2136	8	18	21	0	2183
29623	93	5	12	2016	0	2126
29624	25	1	6	2022	0	2054
29625	16	1889	5	93	0	2003
29626	7	70	7	1924	0	2008
29627	6	1901	7	100	0	2014
29628	8	80	1866	28	0	1982
29629	4	18	65	1917	0	2004
29630	1892	11	13	86	0	2002
29631	1915	6	8	24	0	1953
29632	78	1855	5	19	0	1957
29633	22	70	6	1958	0	2056
29634	1955	21	4	75	0	2055
29635	70	1903	11	21	0	2005
29636	1956	69	3	19	0	2047
29637	82	15	3	1916	0	2016
29638	1977	7	2	83	0	2069
29639	85	11	2152	24	0	2272
29640	25	2305	80	17	0	2427
29641	2354	92	19	12	0	2477
29642	93	2363	17	13	0	2486
29643	2502	98	12	18	0	2630
29644	2624	22	1	26	0	2673
29645	125	22	2500	18	0	2665
29646	37	9	102	2479	0	2627
29647	2587	17	23	108	0	2735
29648	111	9	2494	29	0	2643
29649	2486	9	103	27	0	2625
29650	122	6	17	2554	0	2699
29651	30	7	2502	115	0	2654
29652	20	6	99	2531	0	2656
29653	2487	7	23	132	0	2649
29654	116	12	2591	29	0	2748
29655	27	12	95	2597	0	2731
29656	26	8	29	2758	0	2821
29657	2703	8	20	139	0	2870
29658	2765	3	11	51	0	2830
29659	128	2622	11	63	0	2824
29660	42	104	17	2628	0	2791
29661	35	25	10	2723	0	2793
29662	20	24	13	2629	0	2686
29663	2474	6	12	146	0	2638
29664	2551	12	10	45	0	2618
29665	138	11	9	2462	0	2620
29666	55	2388	8	126	0	2577
29667	40	104	7	2415	0	2566
29668	34	2415	16	124	0	2589
29669	2453	109	12	41	0	2615
29670	119	2437	23	36	0	2615
29671	2137	86	6	17	0	2246
29672	96	57	4	2076	0	2233
29673	2107	15	10	79	0	2211
29674	96	10	2021	20	0	2147
29675	24	2108	65	26	0	2223
29676	2189	87	17	16	0	2309
29677	2342	12	18	18	0	2390
29678	91	17	8	2201	0	2317
29679	31	2200	11	72	0	2314
29680	28	130	8	2246	0	2412
29681	20	20	8	2341	0	2389
29682	21	18	9	2260	0	2308
29683	2218	9	7	98	0	2332
29684	2238	10	8	40	0	2296
29685	86	8	10	2169	0	2273
29686	35	2131	7	96	0	2269
29687	2241	62	8	41	0	2352
29688	100	17	2168	25	0	2310
29689	34	18	62	2207	0	2321
29690	31	15	2186	82	0	2314
29691	21	15	70	2153	0	2259
29692	22	8	2101	99	0	2230
29693	23	10	75	2150	0	2258
29694	2140	11	22	85	0	2258
29695	2147	16	17	31	0	2211
29696	85	1887	6	100	0	2078
29697	2162	60	9	27	0	2258
29698	89	23	6	2159	0	2277
29699	29	24	14	2217	0	2284
29700	2200	18	9	93	0	2320
29701	93	10	1961	44	0	2108
29702	41	16	2051	36	0	2144
29703	43	17	2047	21	0	2128
29704	1931	12	69	32	0	2044
29705	79	13	2082	32	0	2206
29706	32	16	2015	30	0	2093
29707	1897	18	59	19	0	1993
29708	76	2017	34	15	0	2142
29709	30	56	21	2169	0	2276
29710	33	14	13	2234	0	2294
29711	18	21	2253	70	0	2362
29712	2277	7	57	37	0	2378
29713	2353	6	19	30	0	2408
29714	2312	14	23	28	0	2377
29715	84	11	2279	28	0	2402
29716	2204	11	52	33	0	2300
29717	83	6	2204	29	0	2322
29718	32	2210	58	30	0	2330
29719	35	2264	13	23	0	2335
29720	2179	51	14	18	0	2262
29721	50	2085	7	34	0	2176
29722	22	2143	12	29	0	2206
29723	2137	50	7	21	0	2215
29724	64	2126	6	19	0	2215
29725	2248	60	8	13	0	2329
29726	60	20	12	2252	0	2344
29727	25	16	14	2298	0	2353
29728	27	10	12	2310	0	2359
29729	22	15	12	2290	0	2339
29730	22	2220	16	66	0	2324
29731	2425	48	15	26	0	2514
29732	61	2601	10	31	0	2703
29733	18	2686	15	22	0	2741
29734	36	73	2693	20	0	2822
29735	2589	27	91	23	0	2730
29736	83	26	2809	11	0	2929
29737	43	21	2924	13	0	3001
29738	28	2952	75	21	0	3076
29739	8	2845	17	12	0	2882
29740	2828	61	15	6	0	2910
29741	57	2890	26	10	0	2983
29742	17	62	2916	3	0	2998
29743	10	2710	82	5	0	2807
29744	8	55	2956	1	0	3020
29745	4	17	2914	1	0	2936
29746	2804	9	67	1	0	2881
29747	51	5	2920	1	0	2977
29748	12	4	63	2910	0	2989
29749	2837	2	27	47	0	2913
29750	50	2755	19	15	0	2839
29751	15	44	2852	7	0	2918
29752	2829	11	55	7	0	2902
29753	53	9	15	2714	0	2791
29754	15	2550	25	44	0	2634
29755	9	44	2703	8	0	2764
29756	2681	10	54	4	0	2749
29757	52	4	2705	6	0	2767
29758	14	5	53	2682	0	2754
29759	8	6	2699	46	0	2759
29760	5	1	60	2734	0	2800
29761	2674	1	20	58	0	2753
29762	45	2724	13	15	0	2797
29763	2807	47	6	10	0	2870
29764	57	12	2754	7	0	2830
29765	19	7	51	2771	0	2848
29766	12	7	2759	50	0	2828
29767	2779	5	64	12	0	2860
29768	2921	6	17	8	0	2952
29769	65	2902	16	3	0	2986
29770	2959	54	8	4	0	3025
29771	2965	17	10	1	0	2993
29772	79	9	4	2908	0	3000
29773	23	15	2829	54	0	2921
29774	16	2714	64	12	0	2806
29775	16	57	14	2800	0	2887
29776	2825	16	17	56	0	2914
29777	60	9	2713	15	0	2797
29778	19	6	2725	10	0	2760
29779	14	7	2687	6	0	2714
29780	2642	6	72	7	0	2727
29781	64	5	2674	3	0	2746
29782	2654	3	71	6	0	2734
29783	72	9	2426	4	0	2511
29784	22	2640	69	6	0	2737
29785	17	60	26	2645	0	2748
29786	14	20	2630	52	0	2716
29787	10	2538	67	16	0	2631
29788	9	2653	25	10	0	2697
29789	6	73	16	2652	0	2747
29790	2639	28	13	60	0	2740
29791	60	21	14	2627	0	2722
29792	2634	14	15	63	0	2726
29793	70	15	11	2652	0	2748
29794	21	9	2631	68	0	2729
29795	21	6	2633	23	0	2683
29796	2559	12	78	18	0	2667
29797	2562	11	32	14	0	2619
29798	80	12	2453	9	0	2554
29799	2444	9	74	9	0	2536
29800	81	15	2428	5	0	2529
29801	33	2392	85	4	0	2514
29802	27	2374	39	10	0	2450
29803	24	2370	35	6	0	2435
29804	24	84	25	2287	0	2420
29805	2285	36	25	59	0	2405
29806	2323	27	19	21	0	2390
29807	81	24	20	2295	0	2420
29808	37	19	2112	64	0	2232
29809	26	16	74	2115	0	2231
29810	22	13	2007	71	0	2113
29811	20	17	79	1912	0	2028
29812	1890	12	41	74	0	2017
29813	1953	13	37	27	0	2030
29814	1959	7	34	20	0	2020
29815	1967	5	30	20	0	2022
29816	96	10	24	1887	0	2017
29817	44	8	25	1961	0	2038
29818	1915	12	18	81	0	2026
29819	1954	19	16	32	0	2021
29820	89	19	20	1899	0	2027
29821	45	8	18	1948	0	2019
29822	41	9	17	1925	0	1992
29823	21	8	19	1947	0	1995
29824	1883	11	22	94	0	2010
29825	73	10	1771	39	0	1893
29826	37	8	68	1788	0	1901
29827	1780	9	30	72	0	1891
29828	77	8	1721	37	0	1843
29829	39	4	72	1757	0	1872
29830	34	7	1723	69	0	1833
29831	34	1532	64	27	0	1657
29832	17	41	32	1344	0	1434
29833	1300	17	18	44	0	1379
29834	44	39	17	1111	0	1211
29835	16	1109	14	44	0	1183
29836	17	1012	13	18	0	1060
29837	17	754	7	10	0	788
29838	17	777	4	9	0	807
29839	485	75	82	32	0	674
29840	68	3	3	361	0	435
29841	6	1	272	12	0	291
29842	2	21	14	257	0	294
29843	4	2	268	12	0	286
29844	256	2	9	3	0	270
29845	12	1	4	253	0	270
29846	5	1	1	260	0	267
29847	6	0	4	259	0	269
29848	2	3	0	265	0	270
29849	252	1	3	14	0	270
29850	263	0	1	4	0	268
29851	13	0	2	255	0	270
29852	250	2	1	14	0	267
29853	11	1	236	8	0	256
29854	3	243	8	7	0	261
29855	2	10	1	249	0	262
29856	4	0	3	243	0	250
29857	3	250	2	13	0	268
29858	4	7	2	218	0	231
29859	3	0	4	227	0	234
29860	223	1	4	8	0	236
29861	8	0	218	5	0	231
29862	2	4	175	1	0	182
29863	169	3	6	4	0	182
29864	7	0	169	4	0	180
29865	97	1	2	1	0	101
29866	98	1	0	1	0	100
29867	2	0	0	99	0	101
29868	0	0	4	0	0	4
29869	4	0	0	0	0	4
29870	0	4	0	0	0	4
29871	0	0	4	0	0	4
