Pos	A	C	G	T	Other	Total
1	3	0	0	0	0	3
2	0	0	0	15	0	15
3	0	0	0	22	0	22
4	43	0	0	2	0	45
5	94	0	0	0	0	94
6	93	0	0	0	0	93
7	0	0	99	0	0	99
8	0	0	104	0	0	104
9	0	0	0	107	0	107
10	1	0	0	115	0	116
11	0	0	0	136	0	136
12	259	0	0	3	0	262
13	0	2	0	544	0	546
14	834	1	0	13	0	848
15	3	1255	1	1	0	1260
16	3	2278	1	7	0	2289
17	22	4	2	6134	0	6162
18	27	2	0	6769	0	6798
19	7	9474	6	13	0	9500
20	2	10551	2	21	0	10576
21	6	12164	0	25	0	12195
22	12965	6	6	117	0	13094
23	13	11	13171	1	0	13196
24	10	17	12991	2	0	13020
25	19	0	7	14213	0	14239
26	15002	0	1	84	0	15087
27	15189	1	1	34	0	15225
28	13	15096	7	23	0	15139
29	17241	11	2	119	0	17373
30	18427	4	9	125	0	18565
31	18963	2	7	77	0	19049
32	17	19052	13	4	0	19086
33	3	19725	7	16	0	19751
34	20611	12	1	78	0	20702
35	20771	8	0	60	0	20839
36	13	21080	10	30	0	21133
37	7	22550	11	24	0	22592
38	22877	8	0	68	0	22953
39	22960	4	1	48	0	23013
40	19	23012	7	34	0	23072
41	18	23	0	24153	0	24194
42	22	7	1	24360	0	24390
43	21	3	1	24343	0	24368
44	14	24235	8	30	0	24287
45	16	27	23986	10	0	24039
46	23017	18	18	41	0	23094
47	23	5	5	24878	0	24911
48	14	24835	12	16	0	24877
49	13	25	1	25392	0	25431
50	4	25348	7	31	0	25390
51	22	27	2	25677	0	25728
52	20	12	0	25979	0	26011
53	5	22	26077	37	0	26141
54	33	6	29	25689	0	25757
55	26173	3	10	76	0	26262
56	40	24	25846	17	0	25927
57	25486	9	33	48	0	25576
58	46	12	11	26606	0	26675
59	16	26598	10	45	0	26669
60	18	40	1	27130	0	27189
61	11	38	27073	45	0	27167
62	39	8	38	26541	0	26626
63	22	6	14	27266	0	27308
64	9	27491	17	76	0	27593
65	31	41	5	27960	0	28037
66	38	27578	11	63	0	27690
67	16	46	2	28133	0	28197
68	28174	19	6	131	0	28330
69	27718	7	12	104	0	27841
70	27920	4	8	97	0	28029
71	153	28180	18	63	0	28414
72	67	94	27944	16	0	28121
73	27792	25	71	98	0	27986
74	29426	10	33	78	0	29547
75	162	30376	17	48	0	30603
76	84	170	5	26410	0	26669
77	76	56	3	27369	0	27504
78	88	18	4	26691	0	26801
79	26734	15	14	489	0	27252
80	27273	14	6	200	0	27493
81	27245	14	9	164	0	27432
82	27686	10	8	134	0	27838
83	441	8	8	27344	0	27801
84	140	27121	20	322	0	27603
85	132	290	8	28348	0	28778
86	85	120	28436	353	0	28994
87	162	37	314	29641	0	30154
88	63	56	30310	471	0	30900
89	134	31	426	30371	0	30962
90	42	51	31301	532	0	31926
91	59	55	31267	210	0	31591
92	45	32462	619	136	0	33262
93	164	504	200	33530	0	34398
94	76	163	34866	557	0	35662
95	139	69	590	34032	0	34830
96	53	34751	216	602	0	35622
97	34822	571	119	352	0	35864
98	530	36043	109	147	0	36829
99	247	629	96	35385	0	36357
100	82	36408	120	558	0	37168
101	59	652	35647	245	0	36603
102	64	246	35680	176	0	36166
103	53	35846	745	161	0	36805
104	124	645	275	36379	0	37423
105	82	250	36542	610	0	37484
106	52	36311	683	289	0	37335
107	36366	642	264	329	0	37601
108	652	256	168	36676	0	37752
109	202	197	37589	656	0	38644
110	112	37634	641	265	0	38652
111	167	665	221	37959	0	39012
112	158	297	134	38352	0	38941
113	37220	174	121	976	0	38491
114	615	171	37396	317	0	38499
115	284	135	673	37339	0	38431
116	124	157	36884	706	0	37871
117	86	34579	729	326	0	35720
118	33261	680	277	344	0	34562
119	586	32856	183	204	0	33829
120	301	725	154	31358	0	32538
121	156	31710	152	637	0	32655
122	30947	729	155	366	0	32197
123	630	31299	155	224	0	32308
124	242	787	30567	185	0	31781
125	152	31004	647	181	0	31984
126	30426	762	236	251	0	31675
127	720	321	31016	152	0	32209
128	339	206	719	31112	0	32376
129	30311	188	293	776	0	31568
130	776	193	197	29675	0	30841
131	29748	196	153	840	0	30937
132	30203	187	121	377	0	30888
133	966	190	125	29524	0	30805
134	416	170	112	29931	0	30629
135	29154	171	111	1018	0	30454
136	29296	160	122	471	0	30049
137	1032	170	117	28424	0	29743
138	28581	140	128	896	0	29745
139	28974	144	131	428	0	29677
140	996	28560	128	310	0	29994
141	512	689	129	29087	0	30417
142	29386	254	133	980	0	30753
143	30274	185	96	465	0	31020
144	1083	136	106	29836	0	31161
145	513	137	104	30455	0	31209
146	29799	138	109	1068	0	31114
147	881	29888	117	514	0	31400
148	461	688	125	30006	0	31280
149	346	289	29889	884	0	31408
150	374	174	679	29293	0	30520
151	271	29600	268	879	0	31018
152	278	698	29821	436	0	31233
153	305	337	717	29520	0	30879
154	325	231	257	29267	0	30080
155	241	185	29938	1012	0	31376
156	28647	168	720	574	0	30109
157	791	30606	305	387	0	32089
158	30735	718	229	402	0	32084
159	858	335	30357	340	0	31890
160	382	254	30867	298	0	31801
161	29586	201	884	349	0	31020
162	815	30970	360	287	0	32432
163	30793	750	255	337	0	32135
164	810	31208	235	249	0	32502
165	387	824	31171	241	0	32623
166	30745	320	756	305	0	32126
167	829	253	31763	242	0	33087
168	449	189	773	31358	0	32769
169	31640	175	348	848	0	33011
170	31665	191	238	395	0	32489
171	954	31124	218	254	0	32550
172	487	1173	216	29990	0	31866
173	326	30503	222	687	0	31738
174	264	661	30009	321	0	31255
175	387	485	613	27548	0	29033
176	252	27614	256	573	0	28695
177	255	548	173	27109	0	28085
178	25866	205	128	590	0	26789
179	525	161	154	26361	0	27201
180	251	26306	136	549	0	27242
181	254	417	103	26789	0	27563
182	221	205	120	26605	0	27151
183	190	26408	100	580	0	27278
184	241	448	90	26592	0	27371
185	208	188	25849	493	0	26738
186	160	25511	367	240	0	26278
187	23585	292	135	225	0	24237
188	326	135	23862	136	0	24459
189	168	116	23207	127	0	23618
190	135	22855	270	125	0	23385
191	319	444	248	21556	0	22567
192	85	99	21230	209	0	21623
193	128	18345	214	124	0	18811
194	123	134	66	19503	0	19826
195	91	71	52	19916	0	20130
196	19561	50	39	257	0	19907
197	130	19652	39	117	0	19938
198	88	154	18770	77	0	19089
199	70	84	18966	71	0	19191
200	89	72	145	18857	0	19163
201	101	69	68	21805	0	22043
202	96	47	54	22193	0	22390
203	51	25846	73	433	0	26403
204	51	538	26462	226	0	27277
205	143	288	491	27199	0	28121
206	44	28111	289	610	0	29054
207	46	29875	133	299	0	30353
208	49	951	30525	152	0	31677
209	159	390	730	29843	0	31122
210	62	189	32873	786	0	33910
211	160	118	903	32158	0	33339
212	158	104	423	33510	0	34195
213	62	103	33057	1196	0	34418
214	50	32725	888	584	0	34247
215	32195	811	426	379	0	33811
216	817	417	32973	197	0	34404
217	364	32602	914	160	0	34040
218	164	33813	480	154	0	34611
219	108	1201	32536	139	0	33984
220	31615	596	936	210	0	33357
221	973	347	480	30237	0	32037
222	389	32538	291	754	0	33972
223	32473	912	214	465	0	34064
224	977	484	193	31221	0	32875
225	440	31998	188	911	0	33537
226	32287	883	167	571	0	33908
227	886	508	31453	265	0	33112
228	434	31638	899	189	0	33160
229	30997	945	485	253	0	32680
230	846	31369	289	195	0	32699
231	30942	1098	183	205	0	32428
232	1003	653	199	29858	0	31713
233	478	30266	254	830	0	31828
234	377	914	205	30697	0	32193
235	30175	508	216	1138	0	32037
236	870	334	29719	607	0	31530
237	519	236	30273	383	0	31411
238	405	225	1234	29211	0	31075
239	309	272	605	29993	0	31179
240	335	240	336	29194	0	30105
241	193	28566	364	1214	0	30337
242	181	1018	27825	608	0	29632
243	285	589	888	27070	0	28832
244	193	26820	582	874	0	28469
245	265	28277	292	526	0	29360
246	231	1184	27783	342	0	29540
247	186	710	27787	264	0	28947
248	258	424	28325	247	0	29254
249	241	295	1311	27153	0	29000
250	205	340	27934	897	0	29376
251	317	241	1124	27420	0	29102
252	173	254	27668	1056	0	29151
253	25748	308	1088	662	0	27806
254	940	27480	577	403	0	29400
255	495	29454	368	302	0	30619
256	329	1378	29613	278	0	31598
257	28687	678	1065	366	0	30796
258	29899	496	598	306	0	31299
259	30183	339	391	340	0	31253
260	1503	262	28416	296	0	30477
261	702	259	29296	306	0	30563
262	470	219	1527	28301	0	30517
263	28613	247	806	1274	0	30940
264	28917	264	539	777	0	30497
265	1391	306	27836	544	0	30077
266	27954	356	1271	404	0	29985
267	1295	352	808	27429	0	29884
268	641	376	27921	1239	0	30177
269	373	466	28336	690	0	29865
270	26755	403	1732	552	0	29442
271	1113	297	28283	459	0	30152
272	27494	281	1620	470	0	29865
273	1277	288	28252	474	0	30291
274	705	26675	1610	471	0	29461
275	503	28298	1050	387	0	30238
276	498	1449	761	27065	0	29773
277	462	817	650	28537	0	30466
278	463	559	27704	1459	0	30185
279	484	510	1404	27055	0	29453
280	447	26270	936	1296	0	28949
281	524	27224	654	723	0	29125
282	542	28222	573	477	0	29814
283	642	1629	587	26903	0	29761
284	568	882	27045	1170	0	29665
285	534	609	27374	653	0	29170
286	572	529	1652	26493	0	29246
287	601	420	918	27193	0	29132
288	643	414	623	26167	0	27847
289	568	26373	508	1546	0	28995
290	26603	1215	444	860	0	29122
291	26904	736	455	614	0	28709
292	1614	26479	438	514	0	29045
293	898	1278	26593	454	0	29223
294	26923	749	1257	466	0	29395
295	1410	543	27192	402	0	29547
296	26910	434	1436	433	0	29213
297	27488	389	870	472	0	29219
298	27422	386	672	525	0	29005
299	26963	342	579	588	0	28472
300	1663	26391	512	607	0	29173
301	23239	898	391	611	0	25139
302	1097	23283	384	595	0	25359
303	18906	697	295	336	0	20234
304	726	18271	300	267	0	19564
305	352	525	16414	160	0	17451
306	277	1520	513	13944	0	16254
307	184	15050	303	464	0	16001
308	184	14314	162	229	0	14889
309	12883	525	561	361	0	14330
310	11535	127	100	110	0	11872
311	341	11865	88	92	0	12386
312	183	234	85	11477	0	11979
313	138	12595	88	196	0	13017
314	12846	256	85	82	0	13269
315	340	87	12805	68	0	13300
316	186	91	277	12398	0	12952
317	162	54	125	12492	0	12833
318	144	76	104	12641	0	12965
319	107	79	12446	298	0	12930
320	104	12272	276	120	0	12772
321	125	12796	111	82	0	13114
322	122	297	98	12926	0	13443
323	94	127	13092	262	0	13575
324	107	111	288	12917	0	13423
325	97	102	102	13304	0	13605
326	94	111	94	13134	0	13433
327	99	99	89	13201	0	13488
328	12816	85	69	420	0	13390
329	277	12948	93	173	0	13491
330	13005	297	72	163	0	13537
331	303	136	12993	118	0	13550
332	135	124	13216	115	0	13590
333	131	99	318	12904	0	13452
334	94	96	139	13276	0	13605
335	72	13433	114	357	0	13976
336	86	279	13563	171	0	14099
337	55	13719	305	173	0	14252
338	71	311	13789	130	0	14301
339	13057	112	326	165	0	13660
340	283	13878	95	116	0	14372
341	112	306	13930	104	0	14452
342	137	120	288	13736	0	14281
343	94	116	13945	307	0	14462
344	90	13873	301	156	0	14420
345	127	308	107	13586	0	14128
346	115	13834	116	289	0	14354
347	116	314	13818	129	0	14377
348	136	130	278	13591	0	14135
349	13669	104	103	331	0	14207
350	308	13532	103	121	0	14064
351	136	295	13334	88	0	13853
352	167	299	257	12624	0	13347
353	86	122	13122	272	0	13602
354	89	81	11946	108	0	12224
355	45	11149	237	79	0	11510
356	85	132	91	10140	0	10448
357	31	47	54	10218	0	10350
358	30	38	25	10139	0	10232
359	23	27	10377	153	0	10580
360	27	43	10270	56	0	10396
361	9630	31	139	75	0	9875
362	126	32	10240	26	0	10424
363	9671	37	120	51	0	9879
364	114	10008	45	33	0	10200
365	37	132	36	9856	0	10061
366	22	10236	36	113	0	10407
367	10	10507	31	64	0	10612
368	13	129	10354	47	0	10543
369	21	52	113	10187	0	10373
370	19	45	10396	110	0	10570
371	14	38	9871	51	0	9974
372	9838	27	136	60	0	10061
373	97	19	10093	43	0	10252
374	30	23	9891	38	0	9982
375	9587	18	124	64	0	9793
376	97	22	9846	48	0	10013
377	30	31	10022	39	0	10122
378	40	25	118	9636	0	9819
379	19	9983	58	104	0	10164
380	29	106	46	10144	0	10325
381	32	37	47	9998	0	10114
382	10150	34	33	161	0	10378
383	105	27	44	10089	0	10265
384	34	10428	39	134	0	10635
385	10363	112	42	72	0	10589
386	111	54	10437	38	0	10640
387	10146	47	141	60	0	10394
388	133	23	11303	35	0	11494
389	42	33	11630	28	0	11733
390	28	12099	187	37	0	12351
391	12250	147	86	55	0	12538
392	133	12434	78	40	0	12685
393	48	176	12622	37	0	12883
394	66	66	167	11777	0	12076
395	25	12927	75	142	0	13169
396	13050	166	62	76	0	13354
397	13098	62	47	56	0	13263
398	193	13105	38	41	0	13377
399	13382	177	50	40	0	13649
400	207	77	44	12936	0	13264
401	62	13171	60	178	0	13471
402	50	165	61	13562	0	13838
403	54	69	45	14318	0	14486
404	14496	70	49	232	0	14847
405	14401	38	59	101	0	14599
406	14441	33	40	83	0	14597
407	255	50	14306	39	0	14650
408	14149	32	204	51	0	14436
409	244	96	92	14365	0	14797
410	90	45	14384	191	0	14710
411	69	39	13846	85	0	14039
412	60	13873	221	70	0	14224
413	12711	170	133	54	0	13068
414	161	13106	47	37	0	13351
415	87	155	28	13042	0	13312
416	79	60	29	13228	0	13396
417	55	41	13375	187	0	13658
418	81	27	161	12866	0	13135
419	46	18	13494	171	0	13729
420	40	25	13057	60	0	13182
421	38	13344	180	49	0	13611
422	73	132	62	13080	0	13347
423	40	54	46	13032	0	13172
424	13019	38	31	185	0	13273
425	144	30	12987	76	0	13237
426	77	23	146	13191	0	13437
427	13378	21	59	191	0	13649
428	150	24	13421	71	0	13666
429	13258	24	165	74	0	13521
430	13593	34	56	70	0	13753
431	206	23	13859	43	0	14131
432	109	24	150	13535	0	13818
433	87	20	75	13686	0	13868
434	57	27	14142	191	0	14417
435	13829	26	165	108	0	14128
436	14240	21	71	86	0	14418
437	13926	27	75	68	0	14096
438	14120	34	63	59	0	14276
439	13989	43	55	71	0	14158
440	236	89	11792	127	0	12244
441	123	58	14004	66	0	14251
442	90	14131	179	74	0	14474
443	81	165	14307	60	0	14613
444	97	72	200	13962	0	14331
445	219	73	137	11404	0	11833
446	121	52	68	14406	0	14647
447	119	42	66	14534	0	14761
448	119	46	14468	232	0	14865
449	93	14177	172	117	0	14559
450	104	15091	97	89	0	15381
451	98	208	70	14710	0	15086
452	72	15341	76	201	0	15690
453	15391	195	52	146	0	15784
454	15482	81	48	125	0	15736
455	276	15960	63	93	0	16392
456	160	192	68	16050	0	16470
457	131	67	75	16454	0	16727
458	85	58	16463	275	0	16881
459	15379	44	234	196	0	15853
460	16675	50	116	134	0	16975
461	257	16991	115	75	0	17438
462	17308	229	79	103	0	17719
463	299	119	17584	94	0	18096
464	147	17335	238	99	0	17819
465	104	17943	103	111	0	18261
466	109	17989	97	118	0	18313
467	108	290	111	17847	0	18356
468	17722	110	106	297	0	18235
469	319	77	90	18068	0	18554
470	159	76	18488	314	0	19037
471	157	67	313	18437	0	18974
472	127	73	19163	365	0	19728
473	123	72	345	18611	0	19151
474	148	77	141	18387	0	18753
475	113	19060	115	370	0	19658
476	19492	286	137	206	0	20121
477	363	119	114	19007	0	19603
478	173	19357	102	329	0	19961
479	19500	313	98	173	0	20084
480	16924	156	135	240	0	17455
481	19608	80	99	178	0	19965
482	361	19425	103	166	0	20055
483	165	289	19509	155	0	20118
484	136	123	330	19386	0	19975
485	162	139	163	18965	0	19429
486	146	19337	103	398	0	19984
487	149	305	19224	171	0	19849
488	133	123	18563	146	0	18965
489	17912	70	327	137	0	18446
490	340	115	122	17978	0	18555
491	114	95	18615	284	0	19108
492	97	19147	265	141	0	19650
493	149	297	100	18374	0	18920
494	101	19287	94	241	0	19723
495	102	269	19079	103	0	19553
496	18192	94	279	134	0	18699
497	19003	65	113	108	0	19289
498	297	18993	78	120	0	19488
499	125	264	71	18960	0	19420
500	92	85	18969	268	0	19414
501	108	18722	268	97	0	19195
502	18476	260	86	113	0	18935
503	233	17735	64	62	0	18094
504	70	17878	48	49	0	18045
505	92	262	48	17517	0	17919
506	51	17675	31	235	0	17992
507	17674	251	42	86	0	18053
508	244	89	39	17570	0	17942
509	83	62	17052	218	0	17415
510	64	59	16370	73	0	16566
511	69	86	208	16483	0	16846
512	47	16694	80	193	0	17014
513	16837	198	49	100	0	17184
514	209	80	39	16455	0	16783
515	66	62	16319	215	0	16662
516	63	49	210	16222	0	16544
517	55	64	53	16371	0	16543
518	16102	52	41	272	0	16467
519	204	61	42	16093	0	16400
520	81	48	15950	220	0	16299
521	62	52	15811	93	0	16018
522	60	52	220	16151	0	16483
523	80	62	88	16362	0	16592
524	49	42	16768	251	0	17110
525	15282	53	211	139	0	15685
526	200	44	16586	96	0	16926
527	55	16499	211	86	0	16851
528	59	199	92	16922	0	17272
529	80	68	16922	213	0	17283
530	62	49	16585	98	0	16794
531	60	70	229	16240	0	16599
532	16669	42	99	263	0	17073
533	199	46	17084	103	0	17432
534	65	17065	216	81	0	17427
535	17362	198	78	113	0	17751
536	202	67	17437	73	0	17779
537	16771	48	231	94	0	17144
538	17540	46	72	97	0	17755
539	236	18022	73	98	0	18429
540	101	194	86	17508	0	17889
541	69	17836	69	198	0	18172
542	72	214	17810	83	0	18179
543	17516	93	212	118	0	17939
544	18613	66	82	124	0	18885
545	289	82	18693	60	0	19124
546	132	52	18500	51	0	18735
547	69	19267	296	70	0	19702
548	19622	261	116	83	0	20082
549	316	91	87	19498	0	19992
550	120	62	66	18807	0	19055
551	85	19041	70	249	0	19445
552	18934	262	55	139	0	19390
553	258	76	19257	70	0	19661
554	116	77	233	20346	0	20772
555	20598	61	100	349	0	21108
556	326	20928	79	114	0	21447
557	125	324	23033	55	0	23537
558	82	115	23413	54	0	23664
559	151	177	518	22547	0	23393
560	57	23428	164	403	0	24052
561	50	463	23726	92	0	24331
562	95	157	476	23373	0	24101
563	23932	65	139	540	0	24676
564	479	83	24417	117	0	25096
565	184	61	514	24464	0	25223
566	84	69	24926	521	0	25600
567	74	49	25490	147	0	25760
568	129	191	615	24918	0	25853
569	73	48	25631	520	0	26272
570	22025	32	595	227	0	22879
571	469	38	25039	92	0	25638
572	23439	14	552	117	0	24122
573	479	24548	184	66	0	25277
574	25386	448	126	140	0	26100
575	477	26003	113	62	0	26655
576	192	478	81	26061	0	26812
577	146	125	101	26973	0	27345
578	94	73	26546	601	0	27314
579	56	90	26942	171	0	27259
580	127	38	617	27139	0	27921
581	54	60	27647	570	0	28331
582	108	44	616	26517	0	27285
583	49	26736	238	550	0	27573
584	89	28169	179	185	0	28622
585	128	612	144	27621	0	28505
586	120	186	117	28078	0	28501
587	77	127	27514	633	0	28351
588	129	116	554	26892	0	27691
589	70	26820	191	609	0	27690
590	57	27244	149	228	0	27678
591	55	27366	150	172	0	27743
592	92	602	136	25691	0	26521
593	56	25958	187	549	0	26750
594	25828	559	148	227	0	26762
595	546	182	124	25808	0	26660
596	125	145	25698	606	0	26574
597	155	143	550	25220	0	26068
598	83	123	26042	639	0	26887
599	83	127	26091	224	0	26525
600	102	110	26310	182	0	26704
601	81	25889	660	215	0	26845
602	81	558	26444	136	0	27219
603	26123	187	637	224	0	27171
604	26763	140	258	194	0	27355
605	27118	127	214	186	0	27645
606	639	125	211	26736	0	27711
607	26611	122	150	657	0	27540
608	548	25991	217	248	0	27004
609	191	27471	184	213	0	28059
610	27216	610	160	256	0	28242
611	584	247	27720	154	0	28705
612	216	162	605	27546	0	28529
613	149	137	28209	624	0	29119
614	120	181	28366	244	0	28911
615	99	28386	706	190	0	29381
616	194	598	286	26742	0	27820
617	128	217	245	28927	0	29517
618	28350	180	186	736	0	29452
619	552	28219	206	298	0	29275
620	208	29114	182	216	0	29720
621	203	698	28927	193	0	30021
622	141	29274	597	222	0	30234
623	28891	637	291	241	0	30060
624	28902	254	269	243	0	29668
625	646	203	29337	176	0	30362
626	223	204	29536	190	0	30153
627	180	147	832	27991	0	29150
628	186	192	361	28294	0	29033
629	160	28435	331	701	0	29627
630	217	622	248	28395	0	29482
631	214	225	229	28640	0	29308
632	188	28319	247	746	0	29500
633	201	599	202	28331	0	29333
634	174	255	249	27618	0	28296
635	137	27108	256	778	0	28279
636	144	612	27274	324	0	28354
637	175	222	678	27941	0	29016
638	27932	201	318	744	0	29195
639	27631	188	290	325	0	28434
640	732	192	27311	236	0	28471
641	26671	241	645	259	0	27816
642	27757	210	247	274	0	28488
643	690	27395	189	305	0	28579
644	238	605	26485	269	0	27597
645	193	246	26516	257	0	27212
646	191	236	698	27681	0	28806
647	27977	178	324	699	0	29178
648	29488	144	258	320	0	30210
649	816	185	196	31636	0	32833
650	34064	170	190	917	0	35341
651	35326	174	161	364	0	36025
652	33965	161	221	377	0	34724
653	1016	204	33639	250	0	35109
654	363	142	33765	189	0	34459
655	33140	74	801	272	0	34287
656	775	121	33519	149	0	34564
657	214	31410	598	95	0	32317
658	271	528	313	31176	0	32288
659	134	171	32315	502	0	33122
660	101	92	31844	163	0	32200
661	203	232	637	30458	0	31530
662	101	54	31548	497	0	32200
663	114	41	30663	173	0	30991
664	112	28482	581	108	0	29283
665	98	30499	203	44	0	30844
666	30484	518	185	82	0	31269
667	532	183	93	29943	0	30751
668	30277	67	73	476	0	30893
669	512	59	29807	141	0	30519
670	244	57	456	29680	0	30437
671	138	52	180	30384	0	30754
672	29895	33	108	609	0	30645
673	427	29954	107	213	0	30701
674	172	447	28210	108	0	28937
675	113	217	28941	82	0	29353
676	55	29595	564	88	0	30302
677	73	423	29288	59	0	29843
678	66	29232	453	59	0	29810
679	77	28250	164	58	0	28549
680	87	515	28012	42	0	28656
681	27008	150	414	97	0	27669
682	470	56	164	28402	0	29092
683	168	28846	97	415	0	29526
684	127	392	61	28903	0	29483
685	28826	149	50	469	0	29494
686	27438	64	88	190	0	27780
687	27405	53	77	106	0	27641
688	536	56	26822	56	0	27470
689	228	66	406	26347	0	27047
690	78	27076	188	373	0	27715
691	28272	376	108	222	0	28978
692	444	157	92	28516	0	29209
693	237	100	66	28167	0	28570
694	164	72	74	29222	0	29532
695	110	60	30033	547	0	30750
696	28319	63	412	306	0	29100
697	488	30037	173	126	0	30824
698	289	394	103	30170	0	30956
699	228	135	94	30501	0	30958
700	30360	65	94	618	0	31137
701	549	92	29086	210	0	29937
702	244	61	30648	115	0	31068
703	130	30209	601	127	0	31067
704	122	457	31166	105	0	31850
705	29287	193	580	190	0	30250
706	470	31122	255	151	0	31998
707	203	498	31475	121	0	32297
708	29551	203	582	171	0	30507
709	542	122	32330	118	0	33112
710	241	32303	579	125	0	33248
711	209	520	250	32182	0	33161
712	195	223	143	32841	0	33402
713	170	121	32137	680	0	33108
714	187	109	31527	253	0	32076
715	173	31664	717	146	0	32700
716	31143	522	316	176	0	32157
717	550	32351	219	136	0	33256
718	292	572	176	32425	0	33465
719	198	258	32259	569	0	33284
720	30160	151	637	262	0	31210
721	621	129	330	31500	0	32580
722	267	31095	269	540	0	32171
723	152	32287	260	242	0	32941
724	138	682	229	32196	0	33245
725	139	326	184	32650	0	33299
726	32059	200	195	748	0	33202
727	584	184	190	32690	0	33648
728	291	154	32625	664	0	33734
729	31972	145	612	363	0	33092
730	33270	149	292	252	0	33963
731	717	150	33220	227	0	34314
732	32888	144	625	195	0	33852
733	714	152	274	34196	0	35336
734	368	171	184	34588	0	35311
735	249	176	163	34822	0	35410
736	252	144	159	33913	0	34468
737	157	34223	188	841	0	35409
738	35042	644	173	410	0	36269
739	36050	299	158	336	0	36843
740	895	171	36286	294	0	37646
741	37876	149	664	314	0	39003
742	39976	134	304	241	0	40655
743	40600	158	215	239	0	41212
744	41775	137	191	243	0	42346
745	1160	41137	177	205	0	42679
746	530	934	111	39594	0	41169
747	280	268	39857	821	0	41226
748	236	176	37566	292	0	38270
749	32975	515	1035	314	0	34839
750	32880	180	420	177	0	33657
751	662	31762	97	85	0	32606
752	32098	480	76	135	0	32789
753	571	32327	92	79	0	33069
754	377	537	65	32215	0	33194
755	32961	163	82	599	0	33805
756	32956	88	49	260	0	33353
757	32778	76	46	152	0	33052
758	761	32180	61	103	0	33105
759	32398	515	57	128	0	33098
760	692	180	82	32507	0	33461
761	33163	101	85	577	0	33926
762	689	82	32324	197	0	33292
763	332	32573	522	123	0	33550
764	32937	516	165	137	0	33755
765	652	219	32915	71	0	33857
766	372	131	517	32556	0	33576
767	212	109	33343	536	0	34200
768	203	92	32785	204	0	33284
769	310	71	659	32649	0	33689
770	234	97	33697	530	0	34558
771	272	88	593	33460	0	34413
772	264	85	211	33883	0	34443
773	33867	75	139	777	0	34858
774	643	33871	119	281	0	34914
775	277	34768	137	161	0	35343
776	216	35422	138	132	0	35908
777	201	776	35068	116	0	36161
778	293	291	642	34202	0	35428
779	177	162	35614	651	0	36604
780	33743	126	696	331	0	34896
781	35201	114	286	218	0	35819
782	776	35352	209	141	0	36478
783	404	624	141	34914	0	36083
784	190	35752	168	632	0	36742
785	35790	647	120	338	0	36895
786	791	241	109	35700	0	36841
787	350	192	35748	662	0	36952
788	223	35275	637	284	0	36419
789	205	699	35962	179	0	37045
790	245	284	704	35541	0	36774
791	186	178	35495	704	0	36563
792	33733	135	733	372	0	34973
793	758	143	35393	183	0	36477
794	348	35419	731	162	0	36660
795	315	680	313	35472	0	36780
796	223	289	237	36225	0	36974
797	35493	175	179	928	0	36775
798	35714	150	187	442	0	36493
799	865	35187	214	266	0	36532
800	347	650	34842	198	0	36037
801	270	288	34444	163	0	35165
802	34198	212	795	249	0	35454
803	749	153	35152	187	0	36241
804	364	169	34402	171	0	35106
805	285	171	34779	142	0	35377
806	260	175	34663	137	0	35235
807	214	34662	936	147	0	35959
808	34839	660	441	247	0	36187
809	797	267	294	34153	0	35511
810	34177	194	236	711	0	35318
811	833	33769	238	279	0	35119
812	33873	695	234	255	0	35057
813	756	35008	254	168	0	36186
814	412	762	259	35083	0	36516
815	296	36575	277	690	0	37838
816	299	807	36099	287	0	37492
817	251	37042	868	224	0	38385
818	294	832	436	39008	0	40570
819	39218	355	319	832	0	40724
820	921	285	248	39281	0	40735
821	418	275	39245	887	0	40825
822	399	202	840	38324	0	39765
823	261	39072	386	875	0	40594
824	321	860	39107	368	0	40656
825	38753	417	887	325	0	40382
826	957	272	387	40414	0	42030
827	39441	244	306	995	0	40986
828	39850	213	279	525	0	40867
829	1027	39901	289	294	0	41511
830	38814	836	314	376	0	40340
831	40265	396	280	316	0	41257
832	1088	39849	289	269	0	41495
833	602	838	283	40138	0	41861
834	394	329	269	40291	0	41283
835	258	39923	309	1046	0	41536
836	349	864	213	40750	0	42176
837	247	452	39971	904	0	41574
838	397	399	846	39039	0	40681
839	304	226	38864	957	0	40351
840	234	181	35291	402	0	36108
841	205	34979	849	314	0	36347
842	182	34793	393	222	0	35590
843	168	35623	248	207	0	36246
844	405	743	279	33417	0	34844
845	144	316	33587	552	0	34599
846	32209	194	559	338	0	33300
847	571	132	269	33675	0	34647
848	228	135	33667	575	0	34605
849	159	186	33342	240	0	33927
850	110	34168	662	196	0	35136
851	161	619	301	33841	0	34922
852	33241	230	201	643	0	34315
853	492	32845	191	251	0	33779
854	206	32889	154	198	0	33447
855	145	33019	133	145	0	33442
856	167	747	132	32741	0	33787
857	92	33561	138	561	0	34352
858	168	630	121	35672	0	36591
859	208	260	115	36486	0	37069
860	133	215	35601	836	0	36785
861	31769	170	694	509	0	33142
862	646	181	36010	190	0	37027
863	302	253	766	35753	0	37074
864	163	161	36413	755	0	37492
865	107	35904	798	358	0	37167
866	35821	737	348	293	0	37199
867	793	337	206	35089	0	36425
868	323	202	150	36113	0	36788
869	35547	138	153	980	0	36818
870	35242	128	147	473	0	35990
871	36239	151	142	335	0	36867
872	935	157	35519	190	0	36801
873	33696	141	673	267	0	34777
874	755	34514	287	176	0	35732
875	295	35049	159	175	0	35678
876	274	783	151	33974	0	35182
877	262	334	116	33539	0	34251
878	167	33458	126	831	0	34582
879	221	723	107	33725	0	34776
880	33101	275	132	830	0	34338
881	714	232	33121	342	0	34409
882	255	32984	675	275	0	34189
883	31884	705	236	307	0	33132
884	619	32607	191	260	0	33677
885	276	775	32529	180	0	33760
886	293	287	696	32228	0	33504
887	177	222	32376	732	0	33507
888	168	32091	747	333	0	33339
889	238	736	291	32065	0	33330
890	174	318	31800	732	0	33024
891	192	265	31862	297	0	32616
892	203	209	827	31898	0	33137
893	31970	157	306	832	0	33265
894	32386	172	225	376	0	33159
895	32445	161	171	321	0	33098
896	884	184	32644	230	0	33942
897	346	32491	723	221	0	33781
898	260	714	301	32594	0	33869
899	206	288	228	32416	0	33138
900	188	32537	175	838	0	33738
901	32277	723	189	402	0	33591
902	744	323	125	32375	0	33567
903	294	218	32370	746	0	33628
904	182	32322	698	341	0	33543
905	31254	701	295	352	0	32602
906	631	31951	234	278	0	33094
907	314	726	197	31585	0	32822
908	259	324	194	31948	0	32725
909	251	223	189	32132	0	32795
910	173	193	31566	880	0	32812
911	208	223	707	30627	0	31765
912	184	30475	315	803	0	31777
913	189	30394	218	385	0	31186
914	205	739	29084	294	0	30322
915	26660	268	642	363	0	27933
916	28493	202	286	354	0	29335
917	727	27807	209	265	0	29008
918	25719	521	181	263	0	26684
919	25909	195	108	252	0	26464
920	648	26646	130	192	0	27616
921	347	559	151	27135	0	28192
922	228	237	28206	624	0	29295
923	215	222	27289	261	0	27987
924	27751	209	693	289	0	28942
925	622	28390	237	244	0	29493
926	302	643	159	28346	0	29450
927	218	254	125	28783	0	29380
928	253	193	119	28810	0	29375
929	28097	144	152	870	0	29263
930	722	158	162	28182	0	29224
931	364	150	109	28209	0	28832
932	218	174	27192	721	0	28305
933	25353	157	580	404	0	26494
934	581	26665	235	280	0	27761
935	26467	544	149	258	0	27418
936	590	26006	141	181	0	26918
937	285	573	116	26116	0	27090
938	26234	174	147	685	0	27240
939	26666	161	144	323	0	27294
940	700	168	25957	214	0	27039
941	26642	126	508	264	0	27540
942	701	164	26905	139	0	27909
943	274	153	26122	178	0	26727
944	244	128	26190	178	0	26740
945	196	158	27849	171	0	28374
946	217	136	793	28094	0	29240
947	190	114	28551	727	0	29582
948	203	116	756	28013	0	29088
949	28166	136	299	791	0	29392
950	754	136	227	27991	0	29108
951	27578	122	183	875	0	28758
952	729	27667	199	331	0	28926
953	339	699	184	27797	0	29019
954	263	233	27538	780	0	28814
955	214	28489	667	335	0	29705
956	310	806	243	28122	0	29481
957	173	209	28412	759	0	29553
958	110	26918	611	268	0	27907
959	87	27472	206	222	0	27987
960	165	664	26931	148	0	27908
961	235	431	632	25713	0	27011
962	103	147	25973	579	0	26802
963	24492	76	584	251	0	25403
964	25459	49	202	204	0	25914
965	633	25131	136	89	0	25989
966	25289	511	84	123	0	26007
967	656	177	92	25234	0	26159
968	201	135	25046	552	0	25934
969	23928	92	558	253	0	24831
970	571	59	24646	163	0	25439
971	193	24398	604	100	0	25295
972	24920	556	210	125	0	25811
973	625	186	146	24822	0	25779
974	190	125	24850	557	0	25722
975	24511	75	569	242	0	25397
976	24763	49	221	192	0	25225
977	25062	65	167	149	0	25443
978	800	75	105	24495	0	25475
979	381	74	79	25125	0	25659
980	208	78	24705	683	0	25674
981	136	24576	566	287	0	25565
982	203	507	203	24412	0	25325
983	181	165	174	25272	0	25792
984	126	133	24799	684	0	25742
985	114	127	24761	292	0	25294
986	148	71	670	24723	0	25612
987	24212	70	309	683	0	25274
988	551	24531	223	261	0	25566
989	24499	528	143	255	0	25425
990	666	24628	150	165	0	25609
991	274	618	24511	141	0	25544
992	199	236	24881	161	0	25477
993	24079	157	747	214	0	25197
994	25966	125	322	202	0	26615
995	778	25658	264	194	0	26894
996	394	615	24975	188	0	26172
997	342	255	668	24807	0	26072
998	258	171	348	24533	0	25310
999	201	24949	260	815	0	26225
1000	228	604	192	25398	0	26422
1001	195	284	25215	807	0	26501
1002	24676	239	706	353	0	25974
1003	25225	170	309	281	0	25985
1004	24899	138	261	282	0	25580
1005	25840	114	236	171	0	26361
1006	1026	124	24753	146	0	26049
1007	24856	73	714	185	0	25828
1008	939	113	24862	119	0	26033
1009	455	24505	826	136	0	25922
1010	373	623	433	24907	0	26336
1011	25248	251	296	782	0	26577
1012	793	183	253	26287	0	27516
1013	362	155	26329	888	0	27734
1014	26077	120	794	470	0	27461
1015	26943	124	381	341	0	27789
1016	1089	121	257	26434	0	27901
1017	613	95	222	27056	0	27986
1018	395	136	26202	1015	0	27748
1019	304	26369	810	501	0	27984
1020	25357	715	373	367	0	26812
1021	810	298	23995	193	0	25296
1022	23058	205	705	177	0	24145
1023	829	23368	317	151	0	24665
1024	22993	642	203	194	0	24032
1025	845	22335	212	128	0	23520
1026	420	22711	161	150	0	23442
1027	380	792	170	22330	0	23672
1028	300	339	162	22961	0	23762
1029	281	233	121	23186	0	23821
1030	249	159	135	23258	0	23801
1031	205	128	22313	979	0	23625
1032	21899	121	620	504	0	23144
1033	22780	132	305	323	0	23540
1034	23200	94	233	266	0	23793
1035	1038	87	205	22402	0	23732
1036	567	108	153	22851	0	23679
1037	22697	113	102	876	0	23788
1038	22861	128	129	427	0	23545
1039	22970	128	125	328	0	23551
1040	989	134	129	21844	0	23096
1041	541	142	111	21663	0	22457
1042	350	78	20735	834	0	21997
1043	261	103	20390	439	0	21193
1044	222	20332	683	320	0	21557
1045	18219	643	570	352	0	19784
1046	18135	218	273	197	0	18823
1047	18124	130	147	203	0	18604
1048	704	88	17964	183	0	18939
1049	17937	78	447	201	0	18663
1050	18411	58	211	185	0	18865
1051	18595	64	170	160	0	18989
1052	802	50	140	17832	0	18824
1053	473	69	109	17961	0	18612
1054	380	49	94	17931	0	18454
1055	236	86	15727	662	0	16711
1056	15455	79	324	365	0	16223
1057	468	15695	186	209	0	16558
1058	14283	284	78	124	0	14769
1059	434	13890	58	111	0	14493
1060	229	14071	78	98	0	14476
1061	261	393	93	13754	0	14501
1062	197	189	121	13685	0	14192
1063	150	13550	67	350	0	14117
1064	13453	315	41	205	0	14014
1065	13581	127	41	183	0	13932
1066	422	84	49	13287	0	13842
1067	235	73	13112	346	0	13766
1068	193	41	12945	194	0	13373
1069	192	51	13251	135	0	13629
1070	158	68	13122	101	0	13449
1071	12458	100	447	112	0	13117
1072	12498	48	193	93	0	12832
1073	393	38	116	12181	0	12728
1074	211	59	11972	321	0	12563
1075	187	67	251	12216	0	12721
1076	154	12164	145	315	0	12778
1077	157	13440	78	170	0	13845
1078	13495	335	74	164	0	14068
1079	13621	165	59	130	0	13975
1080	13646	101	57	140	0	13944
1081	431	66	76	13332	0	13905
1082	238	60	64	13727	0	14089
1083	193	66	54	13769	0	14082
1084	189	45	42	13712	0	13988
1085	152	33	13459	443	0	14087
1086	152	34	263	13575	0	14024
1087	14151	31	140	395	0	14717
1088	328	40	106	14466	0	14940
1089	215	50	85	14762	0	15112
1090	193	112	58	14525	0	14888
1091	145	14022	69	470	0	14706
1092	121	14003	56	268	0	14448
1093	100	14153	32	185	0	14470
1094	114	270	47	13163	0	13594
1095	103	100	48	13360	0	13611
1096	13329	60	29	352	0	13770
1097	13439	44	37	180	0	13700
1098	13575	43	31	131	0	13780
1099	361	66	32	13332	0	13791
1100	178	27	39	13348	0	13592
1101	119	13084	31	342	0	13576
1102	107	13734	24	183	0	14048
1103	13529	264	22	143	0	13958
1104	297	108	24	13329	0	13758
1105	13340	56	31	272	0	13699
1106	13628	36	26	157	0	13847
1107	336	31	35	13305	0	13707
1108	138	13828	34	241	0	14241
1109	14058	214	27	140	0	14439
1110	14387	79	18	136	0	14620
1111	335	50	14429	79	0	14893
1112	13466	25	128	82	0	13701
1113	191	13657	43	42	0	13933
1114	100	138	20	14083	0	14341
1115	15774	62	12	233	0	16081
1116	230	45	13	15980	0	16268
1117	123	19	11	16092	0	16245
1118	84	16130	15	228	0	16457
1119	16164	161	8	151	0	16484
1120	16238	76	10	105	0	16429
1121	249	16004	7	70	0	16330
1122	130	17066	7	43	0	17246
1123	17132	214	33	107	0	17486
1124	17106	116	21	57	0	17300
1125	255	64	16565	49	0	16933
1126	153	51	15779	44	0	16027
1127	98	39	16907	38	0	17082
1128	104	25	243	17157	0	17529
1129	79	21	103	17520	0	17723
1130	45	45	17386	236	0	17712
1131	17134	30	181	151	0	17496
1132	18091	30	70	116	0	18307
1133	18218	28	52	87	0	18385
1134	18001	35	32	72	0	18140
1135	308	37	19744	38	0	20127
1136	20166	20	177	133	0	20496
1137	20742	31	103	133	0	21009
1138	20752	39	68	127	0	20986
1139	21283	22	42	108	0	21455
1140	21274	29	28	102	0	21433
1141	314	45	21545	76	0	21980
1142	184	21695	185	56	0	22120
1143	152	194	89	21584	0	22019
1144	108	98	62	22403	0	22671
1145	94	71	22164	257	0	22586
1146	20814	39	181	177	0	21211
1147	269	26	81	22191	0	22567
1148	183	31	22660	203	0	23077
1149	175	49	21593	105	0	21922
1150	112	23445	237	106	0	23900
1151	118	189	109	24128	0	24544
1152	108	91	83	24474	0	24756
1153	111	72	48	24319	0	24550
1154	24553	52	37	328	0	24970
1155	257	38	43	24563	0	24901
1156	173	30	24235	279	0	24717
1157	164	51	22261	174	0	22650
1158	116	55	25396	111	0	25678
1159	162	48	285	25933	0	26428
1160	26835	46	158	303	0	27342
1161	286	49	26781	117	0	27233
1162	26386	43	220	147	0	26796
1163	30453	36	120	266	0	30875
1164	360	36	109	31360	0	31865
1165	239	35	68	31684	0	32026
1166	152	31618	68	334	0	32172
1167	141	213	32244	189	0	32787
1168	31899	87	242	192	0	32420
1169	300	79	117	33944	0	34440
1170	166	33859	94	282	0	34401
1171	173	247	63	34654	0	35137
1172	140	121	34576	321	0	35158
1173	180	121	262	33823	0	34386
1174	113	34227	138	318	0	34796
1175	143	224	103	34547	0	35017
1176	34465	90	80	380	0	35015
1177	304	81	89	33968	0	34442
1178	143	33281	99	321	0	33844
1179	118	34189	83	189	0	34579
1180	33501	281	61	225	0	34068
1181	278	140	34316	124	0	34858
1182	227	112	261	33823	0	34423
1183	181	66	114	35630	0	35991
1184	134	74	36146	358	0	36712
1185	94	36238	300	234	0	36866
1186	103	258	36502	130	0	36993
1187	132	224	287	35593	0	36236
1188	66	37266	144	259	0	37735
1189	38221	210	100	281	0	38812
1190	256	37989	72	125	0	38442
1191	107	38935	64	127	0	39233
1192	39721	253	83	232	0	40289
1193	40867	123	73	247	0	41310
1194	41687	84	54	180	0	42005
1195	331	50	53	41996	0	42430
1196	157	62	41822	212	0	42253
1197	41700	40	229	246	0	42215
1198	44672	33	87	211	0	45003
1199	440	31	75	46248	0	46794
1200	176	44	46364	384	0	46968
1201	94	46155	391	135	0	46775
1202	46439	379	89	232	0	47139
1203	48517	91	68	301	0	48977
1204	448	49044	70	72	0	49634
1205	151	50940	49	75	0	51215
1206	51214	472	46	207	0	51939
1207	51221	158	28	194	0	51601
1208	51088	94	33	171	0	51386
1209	608	58	33	50708	0	51407
1210	180	88	51881	418	0	52567
1211	236	59	373	50760	0	51428
1212	108	66	51671	455	0	52300
1213	109	50335	445	155	0	51044
1214	100	51555	135	110	0	51900
1215	197	426	84	49212	0	49919
1216	168	109	48	50354	0	50679
1217	197	82	51	49156	0	49486
1218	79	50265	90	456	0	50890
1219	50012	443	51	309	0	50815
1220	49715	119	66	273	0	50173
1221	485	50817	64	118	0	51484
1222	256	405	34	49779	0	50474
1223	145	50223	60	417	0	50845
1224	181	466	54	50290	0	50991
1225	149	50704	55	415	0	51323
1226	51002	450	42	291	0	51785
1227	511	158	37	50821	0	51527
1228	175	134	50453	456	0	51218
1229	49261	81	384	371	0	50097
1230	50519	84	130	338	0	51071
1231	462	154	50264	139	0	51019
1232	265	129	396	50171	0	50961
1233	137	140	51036	463	0	51776
1234	188	127	417	50970	0	51702
1235	134	164	49409	525	0	50232
1236	46880	123	421	328	0	47752
1237	488	147	101	48627	0	49363
1238	172	49091	103	457	0	49823
1239	50470	484	82	312	0	51348
1240	602	170	64	50979	0	51815
1241	259	146	72	51103	0	51580
1242	181	149	50509	632	0	51471
1243	244	146	494	52054	0	52938
1244	209	148	53842	716	0	54915
1245	188	159	54714	243	0	55304
1246	251	114	805	56628	0	57798
1247	189	135	60690	780	0	61794
1248	59746	75	966	488	0	61275
1249	69010	73	308	400	0	69791
1250	71960	89	208	434	0	72691
1251	1744	74485	176	243	0	76648
1252	865	1457	159	75337	0	77818
1253	677	514	184	73781	0	75156
1254	289	76630	156	1794	0	78869
1255	76396	1495	166	922	0	78979
1256	1809	582	119	76340	0	78850
1257	638	416	77589	1665	0	80308
1258	501	289	74684	678	0	76152
1259	290	75121	1889	558	0	77858
1260	75547	1519	763	552	0	78381
1261	1703	562	75312	338	0	77915
1262	71432	352	1714	544	0	74042
1263	1834	70660	736	362	0	73592
1264	697	1550	71821	297	0	74365
1265	510	677	68950	307	0	70444
1266	405	428	72095	328	0	73256
1267	312	69916	2173	352	0	72753
1268	488	1563	70637	209	0	72897
1269	68772	573	1863	387	0	71595
1270	2001	416	806	66162	0	69385
1271	862	281	581	71038	0	72762
1272	691	289	393	71890	0	73263
1273	631	283	260	72441	0	73615
1274	365	273	71305	2331	0	74274
1275	579	210	1673	70969	0	73431
1276	544	261	681	72646	0	74132
1277	70667	249	548	2421	0	73885
1278	72706	231	513	1173	0	74623
1279	68710	262	510	1045	0	70527
1280	2256	346	70363	504	0	73469
1281	958	71426	1755	487	0	74626
1282	647	74895	806	464	0	76812
1283	69957	2094	549	695	0	73295
1284	1715	72495	464	513	0	75187
1285	956	1985	450	71659	0	75050
1286	717	769	484	73700	0	75670
1287	414	586	71802	2295	0	75097
1288	366	70220	1982	1115	0	73683
1289	408	1806	69107	740	0	72061
1290	67387	702	2027	780	0	70896
1291	70948	499	867	614	0	72928
1292	2504	359	643	69422	0	72928
1293	1196	278	585	69062	0	71121
1294	749	328	556	69391	0	71024
1295	622	391	465	69772	0	71250
1296	519	356	67819	2738	0	71432
1297	697	409	1787	66664	0	69557
1298	417	278	66530	2347	0	69572
1299	412	253	64149	1197	0	66011
1300	316	64216	2160	946	0	67638
1301	64112	1639	1068	846	0	67665
1302	1703	65542	731	637	0	68613
1303	945	1880	548	63609	0	66982
1304	683	759	65408	1890	0	68740
1305	62607	485	1858	1151	0	66101
1306	1912	396	64214	813	0	67335
1307	64073	338	2074	737	0	67222
1308	65615	325	993	698	0	67631
1309	2641	329	730	65785	0	69485
1310	1372	357	624	65357	0	67710
1311	1009	374	634	66037	0	68054
1312	685	472	63454	2716	0	67327
1313	61814	486	1988	1442	0	65730
1314	2095	62460	975	1029	0	66559
1315	1283	1874	722	63253	0	67132
1316	63473	900	598	2378	0	67349
1317	64904	637	648	1341	0	67530
1318	65430	471	630	1044	0	67575
1319	3145	515	62143	792	0	66595
1320	63914	562	2088	906	0	67470
1321	65025	620	1015	1029	0	67689
1322	2846	560	57823	1198	0	62427
1323	1471	516	64982	1013	0	67982
1324	1192	543	2669	64084	0	68488
1325	959	417	65363	2373	0	69112
1326	701	61553	2982	1270	0	66506
1327	735	65253	1763	782	0	68533
1328	62836	2528	1258	748	0	67370
1329	2391	64970	915	611	0	68887
1330	1598	2264	868	64582	0	69312
1331	62247	1014	968	2360	0	66589
1332	2346	64677	791	1275	0	69089
1333	1197	2249	905	64599	0	68950
1334	994	890	1053	66047	0	68984
1335	771	703	64049	2982	0	68505
1336	849	511	2498	64022	0	67880
1337	769	539	63813	2900	0	68021
1338	837	360	63324	1700	0	66221
1339	1047	371	2487	61764	0	65669
1340	917	421	1126	63292	0	65756
1341	61076	377	761	3289	0	65503
1342	2211	64028	684	1854	0	68777
1343	1292	1959	584	62298	0	66133
1344	1143	1353	599	62436	0	65531
1345	58908	589	377	3109	0	62983
1346	2325	56696	417	1657	0	61095
1347	1229	53507	416	1050	0	56202
1348	791	50867	440	738	0	52836
1349	393	44390	353	469	0	45605
1350	37223	1269	1228	343	0	40063
1351	36531	451	313	277	0	37572
1352	35520	258	145	284	0	36207
1353	35626	155	100	301	0	36182
1354	1301	168	129	34455	0	36053
1355	518	171	33883	950	0	35522
1356	279	33562	898	410	0	35149
1357	306	871	360	33277	0	34814
1358	232	330	33306	949	0	34817
1359	303	253	879	33055	0	34490
1360	273	191	327	33598	0	34389
1361	192	222	32984	1155	0	34553
1362	271	188	871	32947	0	34277
1363	421	214	398	31046	0	32079
1364	33005	150	240	1246	0	34641
1365	32989	141	175	605	0	33910
1366	32989	124	151	449	0	33713
1367	32907	128	167	362	0	33564
1368	1310	151	149	31861	0	33471
1369	583	130	168	32378	0	33259
1370	423	159	159	32453	0	33194
1371	31410	140	152	1365	0	33067
1372	1127	144	147	31670	0	33088
1373	553	122	154	31990	0	32819
1374	421	134	30106	1249	0	31910
1375	410	242	853	29785	0	31290
1376	296	29066	345	1139	0	30846
1377	291	30649	219	539	0	31698
1378	28713	954	130	397	0	30194
1379	977	346	28347	303	0	29973
1380	417	26750	748	249	0	28164
1381	26376	719	361	306	0	27762
1382	877	286	205	26314	0	27682
1383	379	232	26283	875	0	27769
1384	346	193	732	25855	0	27126
1385	220	26730	287	947	0	28184
1386	26511	733	220	458	0	27922
1387	808	27082	166	363	0	28419
1388	27080	837	159	290	0	28366
1389	27667	312	128	313	0	28420
1390	1012	264	113	27180	0	28569
1391	491	155	136	26890	0	27672
1392	297	26898	129	999	0	28323
1393	27046	750	126	544	0	28466
1394	871	293	26639	357	0	28160
1395	26056	229	687	286	0	27258
1396	26105	156	240	284	0	26785
1397	1189	140	24790	275	0	26394
1398	460	229	659	23884	0	25232
1399	24208	136	220	853	0	25417
1400	811	135	23993	362	0	25301
1401	339	149	23097	300	0	23885
1402	21713	125	774	268	0	22880
1403	679	21607	337	228	0	22851
1404	286	20427	222	191	0	21126
1405	426	700	207	19825	0	21158
1406	207	311	19693	623	0	20834
1407	18862	198	576	284	0	19920
1408	648	126	19228	236	0	20238
1409	264	17920	568	167	0	18919
1410	18041	540	220	163	0	18964
1411	591	227	150	17943	0	18911
1412	18050	179	94	600	0	18923
1413	667	114	17777	272	0	18830
1414	312	120	515	17469	0	18416
1415	253	17809	209	528	0	18799
1416	222	566	180	17727	0	18695
1417	221	258	113	18175	0	18767
1418	222	184	17782	652	0	18840
1419	216	17098	507	330	0	18151
1420	220	17267	226	245	0	17958
1421	198	522	16396	162	0	17278
1422	15300	232	487	168	0	16187
1423	15805	141	223	170	0	16339
1424	635	118	172	15291	0	16216
1425	14747	75	138	491	0	15451
1426	512	14039	136	227	0	14914
1427	220	14692	101	223	0	15236
1428	14670	520	125	185	0	15500
1429	565	246	121	14632	0	15564
1430	14988	144	98	507	0	15737
1431	15370	81	96	268	0	15815
1432	631	85	70	14537	0	15323
1433	315	102	14350	494	0	15261
1434	14318	109	422	225	0	15074
1435	14628	86	189	185	0	15088
1436	652	99	137	14076	0	14964
1437	322	14055	105	480	0	14962
1438	260	451	89	14247	0	15047
1439	192	168	13997	555	0	14912
1440	184	129	13951	262	0	14526
1441	149	13755	522	237	0	14663
1442	252	270	207	10019	0	10748
1443	79	70	90	10171	0	10410
1444	72	59	10043	223	0	10397
1445	9727	48	187	112	0	10074
1446	10243	38	68	97	0	10446
1447	10169	31	82	73	0	10355
1448	10132	40	47	73	0	10292
1449	285	9720	39	64	0	10108
1450	127	10152	47	58	0	10384
1451	10317	216	36	79	0	10648
1452	260	76	51	10470	0	10857
1453	124	76	42	10639	0	10881
1454	88	10584	45	267	0	10984
1455	80	216	39	10724	0	11059
1456	91	79	38	10607	0	10815
1457	74	10454	46	289	0	10863
1458	70	231	10393	135	0	10829
1459	90	88	220	10431	0	10829
1460	10434	80	74	253	0	10841
1461	10361	64	63	116	0	10604
1462	301	57	10089	87	0	10534
1463	148	48	10023	77	0	10296
1464	121	41	9962	71	0	10195
1465	104	67	265	9729	0	10165
1466	77	44	9756	234	0	10111
1467	68	53	9729	109	0	9959
1468	96	152	251	9544	0	10043
1469	90	9935	120	248	0	10393
1470	70	206	10041	122	0	10439
1471	60	10136	228	85	0	10509
1472	9922	235	103	93	0	10353
1473	220	10013	77	75	0	10385
1474	109	215	77	9917	0	10318
1475	9961	75	66	228	0	10330
1476	234	73	60	9913	0	10280
1477	102	59	54	10085	0	10300
1478	86	43	10053	267	0	10449
1479	67	9633	216	135	0	10051
1480	71	10058	102	88	0	10319
1481	77	251	89	9628	0	10045
1482	56	98	54	9653	0	9861
1483	80	57	47	9514	0	9698
1484	44	48	9197	258	0	9547
1485	47	40	8628	121	0	8836
1486	8137	42	198	99	0	8476
1487	173	35	8206	64	0	8478
1488	66	26	8213	49	0	8354
1489	44	7962	187	45	0	8238
1490	74	178	86	7907	0	8245
1491	29	55	7965	174	0	8223
1492	49	24	164	7776	0	8013
1493	30	37	8160	171	0	8398
1494	18	30	170	8139	0	8357
1495	32	22	8606	189	0	8849
1496	31	17	171	8555	0	8774
1497	37	17	64	8617	0	8735
1498	19	8864	62	181	0	9126
1499	26	144	59	8927	0	9156
1500	31	9001	44	179	0	9255
1501	35	160	43	9159	0	9397
1502	22	60	55	9263	0	9400
1503	8976	51	45	216	0	9288
1504	162	38	40	9023	0	9263
1505	51	24	8984	200	0	9259
1506	54	26	170	8962	0	9212
1507	39	28	78	9118	0	9263
1508	26	22	8913	238	0	9199
1509	26	34	8818	100	0	8978
1510	33	28	182	8717	0	8960
1511	24	41	89	8971	0	9125
1512	19	44	8907	221	0	9191
1513	17	8543	172	120	0	8852
1514	20	8953	63	95	0	9131
1515	8780	179	60	106	0	9125
1516	172	69	37	8907	0	9185
1517	9066	39	49	228	0	9382
1518	8981	34	46	114	0	9175
1519	176	9060	57	71	0	9364
1520	9164	152	50	92	0	9458
1521	9231	50	47	76	0	9404
1522	189	42	9069	56	0	9356
1523	79	42	186	9044	0	9351
1524	36	21	9382	203	0	9642
1525	40	30	197	9368	0	9635
1526	34	20	9389	200	0	9643
1527	17	8897	192	75	0	9181
1528	23	9145	81	52	0	9301
1529	112	196	58	8712	0	9078
1530	8621	52	30	190	0	8893
1531	166	32	22	8653	0	8873
1532	71	20	22	8724	0	8837
1533	34	28	8810	180	0	9052
1534	28	21	8796	84	0	8929
1535	34	24	8939	54	0	9051
1536	32	24	197	8791	0	9044
1537	17	21	77	8791	0	8906
1538	16	8836	52	178	0	9082
1539	16	9254	28	110	0	9408
1540	9027	172	43	84	0	9326
1541	126	9160	36	48	0	9370
1542	43	175	8993	42	0	9253
1543	49	44	152	8841	0	9086
1544	19	32	9346	170	0	9567
1545	17	9396	168	88	0	9669
1546	30	161	66	9493	0	9750
1547	9235	55	53	175	0	9518
1548	127	34	9380	67	0	9608
1549	45	9482	139	55	0	9721
1550	31	116	9473	50	0	9670
1551	15	9284	145	53	0	9497
1552	56	170	80	8893	0	9199
1553	8991	49	37	142	0	9219
1554	8937	23	24	66	0	9050
1555	116	8859	33	42	0	9050
1556	8988	107	29	60	0	9184
1557	124	42	20	9001	0	9187
1558	9078	31	38	138	0	9285
1559	132	27	9355	61	0	9575
1560	50	29	9427	52	0	9558
1561	57	33	159	9190	0	9439
1562	36	19	65	9821	0	9941
1563	26	31	9729	182	0	9968
1564	35	17	155	9758	0	9965
1565	9846	25	45	206	0	10122
1566	9880	15	41	95	0	10031
1567	175	9498	36	51	0	9760
1568	60	9564	35	35	0	9694
1569	9247	165	27	58	0	9497
1570	172	51	28	9127	0	9378
1571	9025	34	25	181	0	9265
1572	159	8949	28	54	0	9190
1573	8967	134	32	69	0	9202
1574	152	49	8779	35	0	9015
1575	58	37	8814	31	0	8940
1576	59	47	159	8820	0	9085
1577	30	25	9044	143	0	9242
1578	38	32	150	8698	0	8918
1579	55	12	55	8505	0	8627
1580	25	25	9034	170	0	9254
1581	46	29	145	9000	0	9220
1582	44	21	52	9468	0	9585
1583	30	28	9716	190	0	9964
1584	29	21	9656	63	0	9769
1585	9481	22	190	66	0	9759
1586	180	22	9925	40	0	10167
1587	10252	25	203	38	0	10518
1588	11122	18	58	52	0	11250
1589	256	14	11340	34	0	11644
1590	87	21	11631	24	0	11763
1591	88	70	304	11190	0	11652
1592	74	16	107	11112	0	11309
1593	31	11052	72	267	0	11422
1594	22	11571	54	105	0	11752
1595	30	265	11143	61	0	11499
1596	10823	92	245	69	0	11229
1597	11189	50	97	61	0	11397
1598	296	32	10841	40	0	11209
1599	118	20	10939	33	0	11110
1600	102	23	296	10517	0	10938
1601	53	10830	108	205	0	11196
1602	73	218	74	10994	0	11359
1603	66	65	50	11259	0	11440
1604	11121	43	55	315	0	11534
1605	11203	29	38	144	0	11414
1606	312	21	34	11314	0	11681
1607	122	34	11334	256	0	11746
1608	10972	30	238	116	0	11356
1609	245	11502	102	59	0	11908
1610	11638	223	59	67	0	11987
1611	11565	68	52	73	0	11758
1612	290	11464	57	47	0	11858
1613	104	11763	56	47	0	11970
1614	95	278	46	11627	0	12046
1615	58	111	31	11824	0	12024
1616	39	11595	37	309	0	11980
1617	78	235	37	11603	0	11953
1618	73	83	41	11794	0	11991
1619	52	58	11489	309	0	11908
1620	11305	37	249	160	0	11751
1621	11701	27	109	104	0	11941
1622	11842	26	71	74	0	12013
1623	354	41	47	11479	0	11921
1624	11312	21	34	273	0	11640
1625	307	11151	43	98	0	11599
1626	138	238	39	10681	0	11096
1627	77	10803	47	226	0	11153
1628	64	11336	48	100	0	11548
1629	11169	263	67	116	0	11615
1630	11287	111	43	91	0	11532
1631	11208	63	41	75	0	11387
1632	11185	46	38	85	0	11354
1633	11176	38	44	52	0	11310
1634	350	33	10971	47	0	11401
1635	10960	32	208	55	0	11255
1636	318	50	11121	33	0	11522
1637	10887	37	242	76	0	11242
1638	11082	24	103	69	0	11278
1639	10885	32	82	71	0	11070
1640	325	35	10703	74	0	11137
1641	190	69	211	10588	0	11058
1642	122	11022	92	184	0	11420
1643	11234	206	78	97	0	11615
1644	11164	71	69	84	0	11388
1645	331	11033	58	95	0	11517
1646	11308	211	50	80	0	11649
1647	312	80	60	11031	0	11483
1648	118	11222	77	231	0	11648
1649	11191	240	43	107	0	11581
1650	11299	86	54	98	0	11537
1651	329	72	63	11091	0	11555
1652	11255	52	52	255	0	11614
1653	350	31	59	11259	0	11699
1654	159	32	75	11415	0	11681
1655	116	42	11187	318	0	11663
1656	116	56	224	11119	0	11515
1657	126	55	90	11286	0	11557
1658	107	47	11060	287	0	11501
1659	93	64	10736	110	0	11003
1660	111	33	246	10704	0	11094
1661	80	32	10801	238	0	11151
1662	10242	45	230	117	0	10634
1663	230	10763	95	81	0	11169
1664	124	192	62	10785	0	11163
1665	79	71	45	11009	0	11204
1666	110	53	27	10964	0	11154
1667	10931	48	27	297	0	11303
1668	10976	26	32	167	0	11201
1669	11092	31	44	106	0	11273
1670	289	10938	26	83	0	11336
1671	159	179	23	11165	0	11526
1672	126	68	35	11307	0	11536
1673	11198	62	30	258	0	11548
1674	11263	58	15	134	0	11470
1675	281	45	31	11128	0	11485
1676	144	49	11036	220	0	11449
1677	11037	60	169	116	0	11382
1678	11358	43	47	107	0	11555
1679	277	31	11281	85	0	11674
1680	10812	22	167	102	0	11103
1681	267	24	11167	59	0	11517
1682	10863	15	178	55	0	11111
1683	253	124	85	11110	0	11572
1684	124	11851	49	183	0	12207
1685	92	160	12336	85	0	12673
1686	85	12226	201	73	0	12585
1687	73	11631	66	50	0	11820
1688	11648	229	121	129	0	12127
1689	174	47	39	11445	0	11705
1690	49	11	11	11339	0	11410
1691	11888	4	12	174	0	12078
1692	140	9	9	12072	0	12230
1693	43	7	12	12147	0	12209
1694	35	4	11	12142	0	12192
1695	30	8	14	11999	0	12051
1696	21	12	11995	142	0	12170
1697	19	12	11751	39	0	11821
1698	13	11969	121	32	0	12135
1699	12319	116	28	59	0	12522
1700	129	21	18	12494	0	12662
1701	33	12496	18	129	0	12676
1702	45	106	7	13221	0	13379
1703	34	23	6	13349	0	13412
1704	37	17	4	13351	0	13409
1705	36	7	11	13552	0	13606
1706	28	9	10	13539	0	13586
1707	20	13309	14	161	0	13504
1708	22	126	14	13545	0	13707
1709	22	28	13249	146	0	13445
1710	17	13269	119	72	0	13477
1711	26	121	24	13443	0	13614
1712	29	31	17	13435	0	13512
1713	20	13138	18	153	0	13329
1714	12	13391	13	69	0	13485
1715	13194	131	18	62	0	13405
1716	114	13162	19	41	0	13336
1717	13188	128	11	53	0	13380
1718	13121	28	25	52	0	13226
1719	136	22	13823	26	0	14007
1720	73	18	123	13437	0	13651
1721	25	23	14288	134	0	14470
1722	16	14599	120	68	0	14803
1723	79	152	26	13708	0	13965
1724	36	26	16	14902	0	14980
1725	44	16	10	15152	0	15222
1726	35	21	7	15342	0	15405
1727	24	10	15680	203	0	15917
1728	35	18	149	15547	0	15749
1729	22	18	15966	179	0	16185
1730	26	26	15827	49	0	15928
1731	15645	16	207	90	0	15958
1732	16109	11	521	69	0	16710
1733	16708	12	41	53	0	16814
1734	187	16260	22	44	0	16513
1735	59	154	18	16555	0	16786
1736	39	33	17294	189	0	17555
1737	62	23	157	17207	0	17449
1738	40	24	18278	186	0	18528
1739	18274	12	184	121	0	18591
1740	18653	14	48	70	0	18785
1741	18687	12	40	51	0	18790
1742	230	25	18061	26	0	18342
1743	76	26	18164	26	0	18292
1744	69	15	177	18855	0	19116
1745	75	22	52	18372	0	18521
1746	40	14	31	19441	0	19526
1747	27	13	19476	218	0	19734
1748	42	28	18137	70	0	18277
1749	18971	12	189	89	0	19261
1750	185	11	59	20037	0	20292
1751	66	10	39	20216	0	20331
1752	20646	13	34	252	0	20945
1753	195	9	28	20646	0	20878
1754	22575	13	26	335	0	22949
1755	23788	14	16	213	0	24031
1756	23925	9	23	171	0	24128
1757	223	20	24420	50	0	24713
1758	62	24493	167	65	0	24787
1759	26022	160	43	134	0	26359
1760	207	28	36	26271	0	26542
1761	85	26	19	26158	0	26288
1762	45	26365	30	219	0	26659
1763	26688	165	29	108	0	26990
1764	26857	40	15	126	0	27038
1765	27317	22	16	111	0	27466
1766	223	27596	32	52	0	27903
1767	29626	177	21	171	0	29995
1768	29949	48	24	127	0	30148
1769	30227	33	24	95	0	30379
1770	265	24	12	29871	0	30172
1771	102	15	25	30152	0	30294
1772	73	46	31011	214	0	31344
1773	133	18	167	30219	0	30537
1774	127	14	41	30506	0	30688
1775	53	38	31162	230	0	31483
1776	29959	25	135	139	0	30258
1777	31652	20	38	100	0	31810
1778	243	21	35	31365	0	31664
1779	88	30807	52	186	0	31133
1780	60	31389	38	64	0	31551
1781	79	220	27	31381	0	31707
1782	53	56	30957	189	0	31255
1783	118	80	137	29731	0	30066
1784	36	22	30843	179	0	31080
1785	64	43	31558	69	0	31734
1786	72	16	118	32770	0	32976
1787	33552	11	42	215	0	33820
1788	33140	7	37	157	0	33341
1789	152	10	22	34487	0	34671
1790	105	12	28	34630	0	34775
1791	79	13	16	35112	0	35220
1792	63	10	17	35150	0	35240
1793	35777	13	24	249	0	36063
1794	35514	16	17	163	0	35710
1795	35463	11	25	143	0	35642
1796	152	25	35433	52	0	35662
1797	111	13	104	35243	0	35471
1798	71	14	35	36475	0	36595
1799	36546	12	40	222	0	36820
1800	143	36176	32	72	0	36423
1801	36865	97	15	185	0	37162
1802	36902	36	15	165	0	37118
1803	36815	22	17	129	0	36983
1804	36838	14	20	147	0	37019
1805	226	37	38268	38	0	38569
1806	161	78	36051	42	0	36332
1807	39891	13	156	223	0	40283
1808	41003	8	48	132	0	41191
1809	40926	4	35	129	0	41094
1810	41610	8	32	131	0	41781
1811	258	29	43362	48	0	43697
1812	111	45212	319	68	0	45710
1813	214	333	84	48357	0	48988
1814	52433	106	75	749	0	53363
1815	53392	82	36	377	0	53887
1816	55889	25	39	279	0	56232
1817	56785	27	31	206	0	57049
1818	57216	23	27	177	0	57443
1819	55893	30	44	166	0	56133
1820	927	66	52687	108	0	53788
1821	415	47	53779	34	0	54275
1822	354	109	613	53459	0	54535
1823	208	51	55333	516	0	56108
1824	184	53499	620	218	0	54521
1825	186	54316	281	145	0	54928
1826	251	667	158	56466	0	57542
1827	146	270	59096	526	0	60038
1828	151	188	55590	231	0	56160
1829	56802	71	729	330	0	57932
1830	62966	73	328	246	0	63613
1831	1065	69	178	63764	0	65076
1832	64871	74	122	1055	0	66122
1833	1178	46	111	64589	0	65924
1834	517	35	114	64942	0	65608
1835	272	86	66163	1188	0	67709
1836	202	77	63514	479	0	64272
1837	317	52	1191	64320	0	65880
1838	147	83	64762	1042	0	66034
1839	61001	44	1082	624	0	62751
1840	65489	38	412	455	0	66394
1841	1299	66312	285	252	0	68148
1842	67294	936	185	365	0	68780
1843	1308	324	66166	124	0	67922
1844	65381	127	1063	338	0	66909
1845	67619	49	412	343	0	68423
1846	68070	74	272	336	0	68752
1847	1747	67	179	66041	0	68034
1848	662	66440	246	1026	0	68374
1849	67817	1005	193	621	0	69636
1850	68452	318	212	427	0	69409
1851	1733	243	209	68858	0	71043
1852	69151	94	150	1601	0	70996
1853	1613	70728	206	539	0	73086
1854	852	1314	158	69881	0	72205
1855	561	495	68573	1458	0	71087
1856	62989	243	1436	845	0	65513
1857	1732	150	68408	330	0	70620
1858	883	175	1516	67751	0	70325
1859	528	67137	573	1497	0	69735
1860	464	72323	381	558	0	73726
1861	625	1916	236	72286	0	75063
1862	567	69262	445	1704	0	71978
1863	761	2075	224	91062	0	94122
1864	736	672	240	95144	0	96792
1865	685	460	217	96938	0	98300
1866	92449	368	174	3938	0	96929
1867	3135	329	170	92743	0	96377
1868	1177	331	90480	3386	0	95374
1869	771	90528	2625	1439	0	95363
1870	91154	2646	790	1221	0	95811
1871	3390	857	471	90794	0	95512
1872	1573	562	341	92383	0	94859
1873	1198	409	301	93995	0	95903
1874	740	468	90154	3962	0	95324
1875	589	90158	2770	1725	0	95242
1876	90571	2818	934	1383	0	95706
1877	3221	983	626	87394	0	92224
1878	1154	91346	482	3273	0	96255
1879	90918	2951	482	1800	0	96151
1880	3196	1166	89646	1096	0	95104
1881	89357	791	3044	1143	0	94335
1882	3461	727	90565	744	0	95497
1883	1485	680	90377	756	0	93298
1884	1040	89285	3471	968	0	94764
1885	1124	2948	1316	86406	0	91794
1886	755	1122	87089	3345	0	92311
1887	684	83427	3321	1564	0	88996
1888	888	2970	1379	83038	0	88275
1889	613	84160	972	3174	0	88919
1890	652	3231	83537	1432	0	88852
1891	858	1326	3084	82571	0	87839
1892	620	1009	83910	3511	0	89050
1893	953	716	3392	82915	0	87976
1894	959	632	1446	85822	0	88859
1895	659	705	83108	4222	0	88694
1896	925	541	3426	83102	0	87994
1897	80211	559	1486	4290	0	86546
1898	3026	81180	1073	2093	0	87372
1899	1294	3079	81168	1631	0	87172
1900	79427	1192	3291	1516	0	85426
1901	3567	964	1406	78011	0	83948
1902	1509	80318	1040	3314	0	86181
1903	81216	3144	878	1946	0	87184
1904	83283	1392	876	1525	0	87076
1905	4172	992	818	77846	0	83828
1906	1949	807	824	80332	0	83912
1907	1415	750	689	80829	0	83683
1908	1103	746	683	79564	0	82096
1909	921	76059	763	4829	0	82572
1910	1236	3923	698	73362	0	79219
1911	916	72356	659	3888	0	77819
1912	745	72504	695	2231	0	76175
1913	641	71338	777	1759	0	74515
1914	854	3661	64113	1573	0	70201
1915	656	66150	2850	1563	0	71219
1916	61290	3446	1369	1623	0	67728
1917	2825	62284	828	1551	0	67488
1918	1403	3154	750	58346	0	63653
1919	960	62707	760	3374	0	67801
1920	977	3258	766	62349	0	67350
1921	976	1594	820	64408	0	67798
1922	926	1370	61368	4031	0	67695
1923	59074	1265	2820	2311	0	65470
1924	61516	1143	1203	2002	0	65864
1925	60949	1104	988	1797	0	64838
1926	3494	59083	902	1818	0	65297
1927	1633	2966	967	57414	0	62980
1928	1199	1423	56177	3637	0	62436
1929	1045	55638	2933	1996	0	61612
1930	1249	3104	1196	48262	0	53811
1931	943	51442	951	2680	0	56016
1932	50750	2799	897	1586	0	56032
1933	51421	1488	802	1434	0	55145
1934	52602	1103	964	1263	0	55932
1935	52122	966	1001	1132	0	55221
1936	3313	879	1029	49692	0	54913
1937	1675	927	946	49841	0	53389
1938	1239	48878	888	3078	0	54083
1939	1163	2579	673	50208	0	54623
1940	802	1326	48258	3252	0	53638
1941	780	1064	2320	47928	0	52092
1942	607	1044	46686	3249	0	51586
1943	540	46013	2501	1927	0	50981
1944	616	2567	46394	1467	0	51044
1945	746	1306	2626	46350	0	51028
1946	684	956	46703	2983	0	51326
1947	755	817	2669	46424	0	50665
1948	823	765	1335	47420	0	50343
1949	846	823	983	47287	0	49939
1950	828	875	902	46927	0	49532
1951	43282	769	724	3322	0	48097
1952	2079	43756	667	1857	0	48359
1953	41190	2070	561	1539	0	45360
1954	2153	1060	39347	1311	0	43871
1955	39642	820	1754	1248	0	43464
1956	41265	750	711	1212	0	43938
1957	2696	765	39070	1107	0	43638
1958	1741	700	38083	1007	0	41531
1959	1107	36701	1972	1231	0	41011
1960	741	34992	861	1077	0	37671
1961	981	1915	31557	1203	0	35656
1962	559	27611	1447	1240	0	30857
1963	681	1058	595	11840	0	14174
1964	10632	98	252	236	0	11218
1965	178	52	52	10585	0	10867
1966	10819	42	24	207	0	11092
1967	10944	37	21	95	0	11097
1968	180	11302	30	76	0	11588
1969	11310	138	19	94	0	11561
1970	11378	49	26	77	0	11530
1971	189	54	17	11281	0	11541
1972	11523	40	15	179	0	11757
1973	163	11846	20	60	0	12089
1974	74	128	15	12039	0	12256
1975	12030	52	14	178	0	12274
1976	153	47	11911	52	0	12163
1977	11931	23	135	73	0	12162
1978	180	46	39	12396	0	12661
1979	67	22	12520	122	0	12731
1980	70	28	12021	48	0	12167
1981	12301	40	172	83	0	12596
1982	12777	17	64	66	0	12924
1983	155	7	43	12748	0	12953
1984	92	13	12	12872	0	12989
1985	66	9	12	12937	0	13024
1986	40	12951	14	158	0	13163
1987	13260	111	17	117	0	13505
1988	131	13193	16	59	0	13399
1989	13256	140	17	68	0	13481
1990	153	48	13093	23	0	13317
1991	73	38	112	13297	0	13520
1992	13726	15	32	162	0	13935
1993	153	18	33	13737	0	13941
1994	69	6	18	13713	0	13806
1995	55	13290	20	163	0	13528
1996	13672	118	14	102	0	13906
1997	130	14188	22	59	0	14399
1998	68	163	12	14546	0	14789
1999	56	61	14266	154	0	14537
2000	13019	45	144	96	0	13304
2001	160	32	14024	59	0	14275
2002	13427	19	167	76	0	13689
2003	177	14465	51	38	0	14731
2004	75	163	37	14244	0	14519
2005	52	14523	38	165	0	14778
2006	14745	190	29	82	0	15046
2007	208	48	17	15024	0	15297
2008	91	55	12	15327	0	15485
2009	71	32	14784	220	0	15107
2010	13932	22	177	139	0	14270
2011	215	22	40	15184	0	15461
2012	68	31	14844	207	0	15150
2013	71	14768	190	88	0	15117
2014	56	174	56	15065	0	15351
2015	15135	48	47	248	0	15478
2016	200	59	31	15228	0	15518
2017	68	35	15322	227	0	15652
2018	16014	26	187	107	0	16334
2019	267	20	51	16273	0	16611
2020	87	33	17514	260	0	17894
2021	105	11	269	17699	0	18084
2022	85	31	81	17765	0	17962
2023	49	17931	70	334	0	18384
2024	17811	273	48	197	0	18329
2025	283	18022	38	114	0	18457
2026	18092	316	31	111	0	18550
2027	355	94	20	17819	0	18288
2028	113	17994	35	290	0	18432
2029	127	300	31	18038	0	18496
2030	75	106	17625	340	0	18146
2031	16883	79	274	161	0	17397
2032	319	49	72	17285	0	17725
2033	159	32	74	17193	0	17458
2034	133	33	51	17374	0	17591
2035	76	46	16788	426	0	17336
2036	88	45	16567	202	0	16902
2037	66	16873	353	168	0	17460
2038	71	291	132	16856	0	17350
2039	16868	89	95	375	0	17427
2040	313	17044	58	134	0	17549
2041	142	313	43	17571	0	18069
2042	17704	106	42	416	0	18268
2043	17773	92	34	192	0	18091
2044	415	17727	41	129	0	18312
2045	18873	328	40	137	0	19378
2046	20185	119	35	142	0	20481
2047	556	85	44	20752	0	21437
2048	204	20638	63	525	0	21430
2049	210	453	42	21183	0	21888
2050	20998	152	38	633	0	21821
2051	547	140	20960	228	0	21875
2052	240	76	463	20930	0	21709
2053	201	97	127	21386	0	21811
2054	122	101	20973	678	0	21874
2055	180	94	495	21027	0	21796
2056	20949	68	169	715	0	21901
2057	19658	95	158	386	0	20297
2058	634	61	104	20765	0	21564
2059	262	60	20378	659	0	21359
2060	195	74	20014	313	0	20596
2061	158	19753	585	278	0	20774
2062	151	20439	225	225	0	21040
2063	209	529	154	19901	0	20793
2064	19589	187	120	625	0	20521
2065	476	19686	132	271	0	20565
2066	19354	513	115	236	0	20218
2067	591	197	107	19203	0	20098
2068	236	179	93	19171	0	19679
2069	18456	118	79	692	0	19345
2070	558	18558	76	307	0	19499
2071	18606	517	57	265	0	19445
2072	606	201	17900	194	0	18901
2073	249	140	17531	180	0	18100
2074	251	143	537	17218	0	18149
2075	169	122	17396	543	0	18230
2076	164	129	17185	220	0	17698
2077	217	110	555	16393	0	17275
2078	143	88	16681	526	0	17438
2079	166	84	581	16196	0	17027
2080	138	78	238	16384	0	16838
2081	100	66	16352	678	0	17196
2082	140	63	542	15976	0	16721
2083	135	78	230	15862	0	16305
2084	105	15630	198	646	0	16579
2085	15655	425	172	359	0	16611
2086	487	142	15612	292	0	16533
2087	208	110	524	15510	0	16352
2088	152	98	220	15911	0	16381
2089	124	92	15313	678	0	16207
2090	14558	102	531	371	0	15562
2091	467	14934	244	439	0	16084
2092	200	441	179	15175	0	15995
2093	155	170	152	15277	0	15754
2094	119	15031	166	682	0	15998
2095	136	470	14989	360	0	15955
2096	136	15083	503	274	0	15996
2097	14479	531	189	275	0	15474
2098	482	213	14330	210	0	15235
2099	199	189	483	14233	0	15104
2100	160	130	14394	569	0	15253
2101	134	133	14495	253	0	15015
2102	119	14215	565	235	0	15134
2103	249	454	273	13433	0	14409
2104	13427	151	222	495	0	14295
2105	13591	130	168	269	0	14158
2106	482	13483	179	250	0	14394
2107	181	406	183	13434	0	14204
2108	13297	171	141	540	0	14149
2109	13618	157	144	252	0	14171
2110	512	13429	131	230	0	14302
2111	13621	411	105	212	0	14349
2112	522	163	115	13287	0	14087
2113	206	13455	123	512	0	14296
2114	216	405	102	13847	0	14570
2115	215	194	103	13925	0	14437
2116	215	228	90	13889	0	14422
2117	172	139	13308	595	0	14214
2118	153	111	12239	263	0	12766
2119	121	12324	391	222	0	13058
2120	10771	320	173	180	0	11444
2121	293	10636	109	185	0	11223
2122	138	298	87	10647	0	11170
2123	92	119	10977	367	0	11555
2124	97	126	328	10860	0	11411
2125	98	101	136	11140	0	11475
2126	86	103	108	11266	0	11563
2127	10950	87	77	434	0	11548
2128	268	93	99	11108	0	11568
2129	104	66	11622	402	0	12194
2130	11262	62	329	254	0	11907
2131	11590	65	142	209	0	12006
2132	11836	55	102	196	0	12189
2133	11879	50	68	180	0	12177
2134	11869	49	80	164	0	12162
2135	374	11541	99	151	0	12165
2136	198	238	98	11197	0	11731
2137	171	11393	61	320	0	11945
2138	11485	255	47	153	0	11940
2139	11450	93	49	134	0	11726
2140	11079	80	52	111	0	11322
2141	359	10513	55	100	0	11027
2142	136	10326	40	105	0	10607
2143	150	10433	47	90	0	10720
2144	178	302	10085	67	0	10632
2145	269	773	229	8026	0	9297
2146	57	7156	47	86	0	7346
2147	10	6630	14	13	0	6667
2148	24	36	15	6595	0	6670
2149	12	11	6	6577	0	6606
2150	4	8	6698	39	0	6749
2151	6647	7	32	34	0	6720
2152	44	6	9	7042	0	7101
2153	16	4	7	7057	0	7084
2154	14	12	6993	47	0	7066
2155	11	9	6728	22	0	6770
2156	4	7182	47	13	0	7246
2157	14	36	16	7284	0	7350
2158	13	9	7	7362	0	7391
2159	10	13	7228	52	0	7303
2160	6993	11	44	38	0	7086
2161	7355	6	12	31	0	7404
2162	60	13	7529	12	0	7614
2163	7562	5	49	26	0	7642
2164	69	10	7746	9	0	7834
2165	7705	9	57	26	0	7797
2166	7954	3	18	29	0	8004
2167	75	8	8139	9	0	8231
2168	45	8	63	8227	0	8343
2169	42	11	22	8260	0	8335
2170	22	7	11	8853	0	8893
2171	8757	5	6	136	0	8904
2172	8821	5	8	54	0	8888
2173	106	9	9085	21	0	9221
2174	40	21	8884	18	0	8963
2175	9292	9	110	35	0	9446
2176	9553	4	38	35	0	9630
2177	110	11	9398	24	0	9543
2178	39	10	9465	17	0	9531
2179	48	3	112	9639	0	9802
2180	22	12	9912	110	0	10056
2181	37	5	119	9679	0	9840
2182	10102	5	43	153	0	10303
2183	143	10	10654	34	0	10841
2184	10474	9	147	40	0	10670
2185	172	7	11735	15	0	11929
2186	69	11	183	11639	0	11902
2187	69	7	43	12322	0	12441
2188	53	3	39	12307	0	12402
2189	39	12371	29	234	0	12673
2190	101	174	22	11790	0	12087
2191	68	28	25	12621	0	12742
2192	12440	28	24	241	0	12733
2193	209	12	12371	66	0	12658
2194	11916	3	192	69	0	12180
2195	229	9	12297	24	0	12559
2196	11406	11	214	57	0	11688
2197	220	12212	48	38	0	12518
2198	62	162	12221	25	0	12470
2199	53	34	12134	29	0	12250
2200	100	80	227	11109	0	11516
2201	56	16	77	12028	0	12177
2202	28	12	12087	206	0	12333
2203	38	12	12101	72	0	12223
2204	27	13	12926	53	0	13019
2205	13070	4	245	86	0	13405
2206	13280	4	100	80	0	13464
2207	13330	8	57	48	0	13443
2208	270	8	46	12996	0	13320
2209	103	5	41	13165	0	13314
2210	68	19	13558	219	0	13864
2211	63	9	185	13237	0	13494
2212	84	13	80	12796	0	12973
2213	13431	7	69	257	0	13764
2214	13454	8	42	125	0	13629
2215	13724	9	37	97	0	13867
2216	265	11	49	13537	0	13862
2217	111	9	48	13592	0	13760
2218	83	10	45	13589	0	13727
2219	13414	7	41	289	0	13751
2220	236	15	37	13205	0	13493
2221	83	13284	46	211	0	13624
2222	79	176	54	13092	0	13401
2223	41	12870	54	204	0	13169
2224	12935	194	56	86	0	13271
2225	12763	40	47	102	0	12952
2226	222	12828	52	60	0	13162
2227	88	13156	54	70	0	13368
2228	90	214	53	13018	0	13375
2229	48	60	12559	240	0	12907
2230	77	41	201	12289	0	12608
2231	58	17	12689	260	0	13024
2232	60	12747	237	90	0	13134
2233	66	181	80	12911	0	13238
2234	70	46	67	13155	0	13338
2235	63	43	13521	270	0	13897
2236	78	167	216	13357	0	13818
2237	59	32	13864	278	0	14233
2238	13709	17	255	121	0	14102
2239	14230	24	68	117	0	14439
2240	14347	26	80	94	0	14547
2241	292	24	39	14113	0	14468
2242	142	18	46	14259	0	14465
2243	99	18	14503	291	0	14911
2244	109	76	235	14065	0	14485
2245	60	14295	79	292	0	14726
2246	68	205	14620	112	0	15005
2247	59	59	14281	105	0	14504
2248	104	86	257	13434	0	13881
2249	59	34	14587	266	0	14946
2250	52	35	14464	111	0	14662
2251	13890	42	245	133	0	14310
2252	227	16277	89	77	0	16670
2253	16988	192	71	157	0	17408
2254	17192	47	57	104	0	17400
2255	17443	47	45	124	0	17659
2256	281	37	52	17282	0	17652
2257	116	26	47	17663	0	17852
2258	77	35	17646	266	0	18024
2259	91	31	201	17342	0	17665
2260	53	17810	89	236	0	18188
2261	17941	179	79	127	0	18326
2262	203	17939	66	75	0	18283
2263	76	18282	63	80	0	18501
2264	98	208	58	18318	0	18682
2265	63	67	18833	205	0	19168
2266	98	58	191	18553	0	18900
2267	56	34	18854	232	0	19176
2268	53	18552	213	92	0	18910
2269	18586	146	63	126	0	18921
2270	18744	30	55	91	0	18920
2271	19261	31	45	148	0	19485
2272	232	21	20849	66	0	21168
2273	106	57	19534	54	0	19751
2274	21136	16	182	140	0	21474
2275	21820	22	63	115	0	22020
2276	22214	22	41	108	0	22385
2277	221	23	28	22078	0	22350
2278	96	26	29	22386	0	22537
2279	22367	23	36	215	0	22641
2280	22068	20	30	117	0	22235
2281	185	42	23170	71	0	23468
2282	81	37	22253	47	0	22418
2283	22322	26	116	114	0	22578
2284	121	23	23216	30	0	23390
2285	22193	9	75	72	0	22349
2286	81	18	22808	15	0	22922
2287	48	29	59	22307	0	22443
2288	32	12	24331	55	0	24430
2289	93	13	43	24687	0	24836
2290	44	10	11	25273	0	25338
2291	16	26130	30	80	0	26256
2292	26786	34	24	128	0	26972
2293	60	25	27339	13	0	27437
2294	26447	11	60	87	0	26605
2295	53	28085	29	31	0	28198
2296	29997	49	19	144	0	30209
2297	94	13	10	30083	0	30200
2298	63	4	8	30432	0	30507
2299	24	31962	23	117	0	32126
2300	40	94	2	33656	0	33792
2301	52	28	14	33915	0	34009
2302	40	20	2	34560	0	34622
2303	34060	8	4	298	0	34370
2304	32850	1	16	159	0	33026
2305	213	25	32603	46	0	32887
2306	73	33263	174	73	0	33583
2307	88	162	47	34341	0	34638
2308	57	52	27	35396	0	35532
2309	29	44	35646	244	0	35963
2310	88	21	211	34647	0	34967
2311	35651	7	69	357	0	36084
2312	35824	10	39	193	0	36066
2313	36318	10	22	169	0	36519
2314	370	19	12	36918	0	37319
2315	39344	4	19	544	0	39911
2316	39663	3	14	281	0	39961
2317	40506	7	15	183	0	40711
2318	435	16	12	40489	0	40952
2319	193	4	20	40761	0	40978
2320	143	20	17	40994	0	41174
2321	129	26	13	39960	0	40128
2322	121	5	13	40173	0	40312
2323	57	31	40077	396	0	40561
2324	75	42	39445	153	0	39715
2325	60	39710	314	117	0	40201
2326	113	251	90	40681	0	41135
2327	117	58	46	41099	0	41320
2328	109	43	22	41242	0	41416
2329	72	47	40949	399	0	41467
2330	136	23	274	40269	0	40702
2331	64	39	41104	364	0	41571
2332	123	18	296	40513	0	40950
2333	61	50	43198	396	0	43705
2334	32	43094	333	232	0	43691
2335	94	312	90	43622	0	44118
2336	53	93	43010	393	0	43549
2337	38582	52	380	322	0	39336
2338	334	43274	137	153	0	43898
2339	152	333	81	44203	0	44769
2340	61	44086	68	394	0	44609
2341	139	354	48	43840	0	44381
2342	44682	91	43	595	0	45411
2343	434	58	49	44488	0	45029
2344	122	44471	61	416	0	45070
2345	44832	335	39	318	0	45524
2346	417	103	38	45983	0	46541
2347	208	124	39	46630	0	47001
2348	47215	55	40	795	0	48105
2349	599	33	43	50693	0	51368
2350	388	40	45	60597	0	61070
2351	153	66	61756	1432	0	63407
2352	125	88	60525	505	0	61243
2353	279	34	1595	60364	0	62272
2354	107	100	61558	1426	0	63191
2355	113	74	60299	544	0	61030
2356	57291	39	1780	555	0	59665
2357	1401	58	61819	241	0	63519
2358	430	60315	1682	1267	0	63694
2359	565	1283	587	61455	0	63890
2360	63029	381	380	1674	0	65464
2361	64051	255	273	778	0	65357
2362	63904	111	223	697	0	64935
2363	1986	62935	249	377	0	65547
2364	1058	1408	241	62880	0	65587
2365	688	452	240	64310	0	65690
2366	60513	321	319	2245	0	63398
2367	63304	162	292	1108	0	64866
2368	63705	139	248	791	0	64883
2369	2161	147	62830	438	0	65576
2370	979	61660	1680	460	0	64779
2371	624	69143	749	385	0	70901
2372	756	2167	564	65945	0	69432
2373	718	929	319	68718	0	70684
2374	439	556	67886	2623	0	71504
2375	66001	348	2058	1435	0	69842
2376	69276	237	824	987	0	71324
2377	2915	301	630	67719	0	71565
2378	1615	293	327	68986	0	71221
2379	1206	182	257	69922	0	71567
2380	68112	182	214	3325	0	71833
2381	2506	206	65791	1543	0	70046
2382	1205	264	66496	1048	0	69013
2383	1117	301	2580	65238	0	69236
2384	556	302	66108	2459	0	69425
2385	63788	266	2517	1443	0	68014
2386	65344	200	1125	1195	0	67864
2387	66786	125	785	941	0	68637
2388	3290	62565	616	658	0	67129
2389	63395	1897	487	724	0	66503
2390	3089	845	334	62053	0	66321
2391	1515	615	360	62615	0	65105
2392	1159	287	356	63639	0	65441
2393	744	277	60337	3485	0	64843
2394	909	288	2294	59215	0	62706
2395	730	59295	1160	2870	0	64055
2396	57392	1846	925	1624	0	61787
2397	2223	58610	680	1303	0	62816
2398	1193	2281	57610	1007	0	62091
2399	1172	56952	2219	809	0	61152
2400	54688	2361	1200	862	0	59111
2401	2347	55111	925	693	0	59076
2402	1394	2375	700	50688	0	55157
2403	972	54742	654	2129	0	58497
2404	54430	2329	609	1368	0	58736
2405	55690	1062	605	1153	0	58510
2406	52989	773	569	1069	0	55400
2407	3108	683	53431	737	0	57959
2408	1824	623	53370	650	0	56467
2409	1361	623	52839	712	0	55535
2410	52017	555	2940	773	0	56285
2411	2641	615	1483	51246	0	55985
2412	1472	538	1088	52772	0	55870
2413	1130	585	50967	2769	0	55451
2414	1056	602	2087	51173	0	54918
2415	47827	574	1075	2831	0	52307
2416	2368	47761	810	1608	0	52547
2417	48591	2051	719	1195	0	52556
2418	2875	1164	47404	775	0	52218
2419	48495	849	2167	717	0	52228
2420	49808	694	1157	664	0	52323
2421	50044	602	1051	709	0	52406
2422	3324	572	47259	709	0	51864
2423	2079	488	2220	47255	0	52042
2424	1680	408	47490	2260	0	51838
2425	1440	348	2409	47693	0	51890
2426	1093	403	47733	2664	0	51893
2427	1109	372	2631	47279	0	51391
2428	1007	428	1403	48977	0	51815
2429	47337	327	977	3096	0	51737
2430	48054	350	805	1818	0	51027
2431	48876	250	756	1414	0	51296
2432	3506	235	827	45673	0	50241
2433	1965	41250	779	2398	0	46392
2434	1560	44632	669	1384	0	48245
2435	44348	2209	586	1259	0	48402
2436	2547	1167	43369	920	0	48003
2437	43993	740	2207	940	0	47880
2438	2792	531	42940	798	0	47061
2439	43903	428	2379	824	0	47534
2440	41554	415	1238	1048	0	44255
2441	3057	339	43007	813	0	47216
2442	43937	298	2126	1043	0	47404
2443	44784	322	1203	800	0	47109
2444	44631	363	928	776	0	46698
2445	3527	42207	743	732	0	47209
2446	2066	2314	782	41024	0	46186
2447	1416	980	40938	2168	0	45502
2448	1218	772	41290	1187	0	44467
2449	1104	36469	2215	908	0	40696
2450	683	26607	968	418	0	28676
2451	954	931	962	23554	0	26401
2452	22970	520	450	894	0	24834
2453	1009	23310	304	584	0	25207
2454	824	805	252	22979	0	24860
2455	665	23288	250	840	0	25043
2456	23242	879	202	542	0	24865
2457	1049	579	242	22566	0	24436
2458	709	455	21972	828	0	23964
2459	580	21061	739	544	0	22924
2460	423	21261	530	433	0	22647
2461	459	839	430	19445	0	21173
2462	391	20570	296	610	0	21867
2463	386	927	257	20305	0	21875
2464	20309	603	178	835	0	21925
2465	20661	448	189	538	0	21836
2466	21542	294	204	422	0	22462
2467	21638	282	218	338	0	22476
2468	1227	291	20823	274	0	22615
2469	796	19886	599	233	0	21514
2470	576	19792	409	247	0	21024
2471	157	15074	102	96	0	15429
2472	102	14368	108	75	0	14653
2473	13615	222	329	76	0	14242
2474	13212	76	67	44	0	13399
2475	13571	37	12	72	0	13692
2476	13625	33	9	67	0	13734
2477	199	29	13514	21	0	13763
2478	14458	22	125	78	0	14683
2479	14903	12	59	54	0	15028
2480	15086	25	23	45	0	15179
2481	229	22	20	14932	0	15203
2482	119	24	24	15022	0	15189
2483	15171	25	12	197	0	15405
2484	184	26	16	15004	0	15230
2485	90	14914	24	137	0	15165
2486	73	127	11	15272	0	15483
2487	89	50	6	15246	0	15391
2488	45	15531	23	171	0	15770
2489	70	132	9	15755	0	15966
2490	75	60	11	15912	0	16058
2491	15747	32	18	215	0	16012
2492	158	40	15166	87	0	15451
2493	15100	32	115	73	0	15320
2494	175	30	15315	54	0	15574
2495	97	34	14822	38	0	14991
2496	65	30	15179	27	0	15301
2497	15159	19	178	61	0	15417
2498	157	24	16251	43	0	16475
2499	16028	39	159	96	0	16322
2500	16449	19	70	94	0	16632
2501	16645	22	32	66	0	16765
2502	189	16557	29	26	0	16801
2503	16760	136	21	59	0	16976
2504	164	16984	23	41	0	17212
2505	113	134	21	17396	0	17664
2506	95	63	20	17392	0	17570
2507	58	17259	24	168	0	17509
2508	44	17443	41	69	0	17597
2509	42	17953	29	49	0	18073
2510	17890	172	23	73	0	18158
2511	148	18419	26	42	0	18635
2512	18592	152	22	98	0	18864
2513	156	79	18272	31	0	18538
2514	18304	42	125	64	0	18535
2515	18860	39	54	58	0	19011
2516	197	47	18463	49	0	18756
2517	138	33	127	18552	0	18850
2518	67	38	19073	128	0	19306
2519	87	33	142	18863	0	19125
2520	69	29	59	19155	0	19312
2521	19329	19	27	232	0	19607
2522	19264	31	23	117	0	19435
2523	195	19154	34	59	0	19442
2524	19642	138	26	82	0	19888
2525	204	83	19873	25	0	20185
2526	19851	40	167	74	0	20132
2527	218	37	21256	34	0	21545
2528	132	46	21257	26	0	21461
2529	22183	32	264	67	0	22546
2530	22780	33	105	67	0	22985
2531	305	34	23304	27	0	23670
2532	207	42	236	22380	0	22865
2533	127	33	83	23677	0	23920
2534	87	38	23341	261	0	23727
2535	121	42	226	22779	0	23168
2536	97	22147	123	274	0	22641
2537	101	198	64	24279	0	24642
2538	88	82	55	24383	0	24608
2539	84	62	23941	275	0	24362
2540	22341	44	219	208	0	22812
2541	23920	32	84	140	0	24176
2542	23785	24	65	125	0	23999
2543	23743	22	48	124	0	23937
2544	354	23401	63	62	0	23880
2545	224	197	47	23084	0	23552
2546	159	71	22940	247	0	23417
2547	120	60	22849	113	0	23142
2548	133	57	269	22442	0	22901
2549	83	34	23127	285	0	23529
2550	22451	26	271	178	0	22926
2551	254	33	100	23335	0	23722
2552	118	25	72	23526	0	23741
2553	94	29	46	23702	0	23871
2554	23268	31	56	382	0	23737
2555	244	23350	61	167	0	23822
2556	23486	217	45	175	0	23923
2557	23539	68	50	130	0	23787
2558	322	22998	69	71	0	23460
2559	153	23365	62	59	0	23639
2560	23881	262	63	109	0	24315
2561	311	95	64	23896	0	24366
2562	178	69	67	23701	0	24015
2563	24636	38	65	367	0	25106
2564	329	51	24379	127	0	24886
2565	24058	38	281	167	0	24544
2566	24823	25	112	140	0	25100
2567	389	25209	88	81	0	25767
2568	26711	264	51	130	0	27156
2569	26822	80	47	167	0	27116
2570	473	29740	41	74	0	30328
2571	158	30793	44	50	0	31045
2572	221	593	40	30195	0	31049
2573	30740	231	21	585	0	31577
2574	533	31453	23	189	0	32198
2575	292	569	22	31924	0	32807
2576	32166	182	14	670	0	33032
2577	656	131	31766	181	0	32734
2578	332	71	559	31213	0	32175
2579	162	75	31775	618	0	32630
2580	30620	48	650	272	0	31590
2581	32028	64	216	208	0	32516
2582	790	60	31574	110	0	32534
2583	331	31249	630	100	0	32310
2584	277	603	231	31632	0	32743
2585	140	241	31869	620	0	32870
2586	226	149	659	31346	0	32380
2587	248	90	226	32270	0	32834
2588	153	103	31749	817	0	32822
2589	30411	63	689	437	0	31600
2590	31954	75	242	286	0	32557
2591	847	77	31837	151	0	32912
2592	332	31727	709	162	0	32930
2593	286	626	281	30921	0	32114
2594	182	31390	185	635	0	32392
2595	153	32118	152	251	0	32674
2596	31966	805	125	269	0	33165
2597	764	322	101	31980	0	33167
2598	339	186	106	32024	0	32655
2599	195	132	31836	869	0	33032
2600	183	110	31554	376	0	32223
2601	239	89	839	31366	0	32533
2602	225	105	344	32146	0	32820
2603	188	112	31664	887	0	32851
2604	176	112	31798	392	0	32478
2605	198	128	921	31401	0	32648
2606	31616	144	381	920	0	33061
2607	752	31863	267	406	0	33288
2608	31801	778	181	360	0	33120
2609	856	31532	147	252	0	32787
2610	380	32340	143	201	0	33064
2611	31462	918	158	252	0	32790
2612	843	365	31425	218	0	32851
2613	415	212	819	31230	0	32676
2614	323	187	353	31710	0	32573
2615	281	156	232	33367	0	34036
2616	210	158	32690	1127	0	34185
2617	248	163	886	32544	0	33841
2618	32840	154	376	1108	0	34478
2619	928	132	277	33543	0	34880
2620	451	107	213	34789	0	35560
2621	34109	141	157	1313	0	35720
2622	34124	113	155	690	0	35082
2623	1129	33531	218	398	0	35276
2624	514	880	33661	280	0	35335
2625	389	303	33129	244	0	34065
2626	304	213	33352	234	0	34103
2627	192	31396	1160	280	0	33028
2628	354	851	573	30375	0	32153
2629	247	328	289	31289	0	32153
2630	30678	237	243	1149	0	32307
2631	941	178	186	30223	0	31528
2632	395	132	29874	1094	0	31495
2633	317	126	891	30065	0	31399
2634	254	136	387	30495	0	31272
2635	216	125	29689	1236	0	31266
2636	201	29047	957	602	0	30807
2637	275	818	393	27148	0	28634
2638	184	28798	355	925	0	30262
2639	151	891	28711	428	0	30181
2640	28311	354	972	371	0	30008
2641	28999	259	397	385	0	30040
2642	29343	211	305	329	0	30188
2643	1201	214	219	28347	0	29981
2644	538	28538	206	957	0	30239
2645	28362	859	211	530	0	29962
2646	29109	323	281	398	0	30111
2647	28820	199	241	395	0	29655
2648	1179	170	27749	372	0	29470
2649	27067	128	897	392	0	28484
2650	1012	27360	415	329	0	29116
2651	26970	849	309	338	0	28466
2652	991	27240	241	267	0	28739
2653	27357	918	231	292	0	28798
2654	1101	390	26915	252	0	28658
2655	26886	251	872	287	0	28296
2656	27710	192	337	255	0	28494
2657	23933	258	282	408	0	24881
2658	27803	225	210	263	0	28501
2659	1270	205	26488	225	0	28188
2660	668	189	859	26324	0	28040
2661	26194	137	398	956	0	27685
2662	1027	25890	312	438	0	27667
2663	562	727	217	25339	0	26845
2664	390	321	24864	914	0	26489
2665	451	371	777	24716	0	26315
2666	353	200	24645	930	0	26128
2667	305	23452	888	496	0	25141
2668	252	21918	388	362	0	22920
2669	283	21535	229	240	0	22287
2670	348	738	195	17640	0	18921
2671	251	230	144	17525	0	18150
2672	164	143	17000	561	0	17868
2673	150	16200	424	220	0	16994
2674	15026	402	152	180	0	15760
2675	379	14365	127	146	0	15017
2676	130	14558	103	132	0	14923
2677	366	420	114	13825	0	14725
2678	13674	171	107	384	0	14336
2679	13845	111	75	194	0	14225
2680	444	102	80	13624	0	14250
2681	13547	78	62	395	0	14082
2682	410	74	75	13458	0	14017
2683	178	99	13267	391	0	13935
2684	13312	86	316	194	0	13908
2685	401	94	127	13168	0	13790
2686	176	69	12829	352	0	13426
2687	119	84	12623	169	0	12995
2688	134	67	366	12603	0	13170
2689	12786	92	162	369	0	13409
2690	12865	69	111	174	0	13219
2691	397	12806	76	121	0	13400
2692	13195	308	89	146	0	13738
2693	13303	122	58	134	0	13617
2694	13439	80	81	123	0	13723
2695	456	13346	71	96	0	13969
2696	13363	282	61	119	0	13825
2697	13644	125	55	83	0	13907
2698	469	83	52	13304	0	13908
2699	12731	63	62	311	0	13167
2700	369	12560	64	118	0	13111
2701	179	12802	62	107	0	13150
2702	168	287	60	12677	0	13192
2703	145	124	59	12754	0	13082
2704	126	12713	50	303	0	13192
2705	12517	258	40	134	0	12949
2706	309	12090	28	76	0	12503
2707	11778	243	30	68	0	12119
2708	315	11933	39	58	0	12345
2709	164	266	29	11524	0	11983
2710	144	12130	29	199	0	12502
2711	12181	277	116	93	0	12667
2712	12114	97	60	94	0	12365
2713	12028	97	47	86	0	12258
2714	336	54	11386	67	0	11843
2715	135	67	10584	33	0	10819
2716	86	10445	168	47	0	10746
2717	104	164	10242	29	0	10539
2718	63	77	9723	49	0	9912
2719	75	243	139	8326	0	8783
2720	27	24	8704	91	0	8846
2721	26	8612	99	30	0	8767
2722	8586	84	20	35	0	8725
2723	95	8454	31	13	0	8593
2724	27	8650	19	9	0	8705
2725	8728	98	17	36	0	8879
2726	8888	32	18	34	0	8972
2727	94	9078	18	12	0	9202
2728	9192	90	13	40	0	9335
2729	9202	21	20	24	0	9267
2730	9232	37	10	21	0	9300
2731	119	12	8885	15	0	9031
2732	41	36	8834	6	0	8917
2733	44	23	89	9124	0	9280
2734	33	22	34	9186	0	9275
2735	9402	13	13	105	0	9533
2736	91	9316	19	31	0	9457
2737	48	92	9	9653	0	9802
2738	49	18	12	9796	0	9875
2739	36	22	9	9876	0	9943
2740	39	17	18	9881	0	9955
2741	24	18	9914	139	0	10095
2742	26	24	9760	49	0	9859
2743	27	6	122	10040	0	10195
2744	28	8	10185	109	0	10330
2745	9970	12	131	46	0	10159
2746	126	9	32	10465	0	10632
2747	33	14	10485	116	0	10648
2748	9918	13	105	63	0	10099
2749	114	10471	31	31	0	10647
2750	10472	99	21	27	0	10619
2751	120	11038	17	13	0	11188
2752	49	110	6	11055	0	11220
2753	31	36	11229	91	0	11387
2754	54	39	105	10850	0	11048
2755	25	15	10958	117	0	11115
2756	10888	8	121	57	0	11074
2757	117	13	36	11427	0	11593
2758	11464	13	28	151	0	11656
2759	134	12	11439	32	0	11617
2760	11957	12	104	51	0	12124
2761	13008	8	29	45	0	13090
2762	169	17	13389	13	0	13588
2763	89	16	139	13309	0	13553
2764	40	12	13834	139	0	14025
2765	32	13899	147	45	0	14123
2766	13954	129	72	93	0	14248
2767	14001	28	29	44	0	14102
2768	163	27	14099	10	0	14299
2769	80	14	14133	13	0	14240
2770	81	7	157	14105	0	14350
2771	47	13	63	14621	0	14744
2772	14732	11	44	188	0	14975
2773	141	14845	38	50	0	15074
2774	15312	130	19	78	0	15539
2775	15412	29	34	63	0	15538
2776	171	24	15114	28	0	15337
2777	14702	16	149	69	0	14936
2778	169	18	15355	30	0	15572
2779	82	19	147	15646	0	15894
2780	65	16	16645	138	0	16864
2781	70	17	158	16525	0	16770
2782	45	20	16780	157	0	17002
2783	16374	16	163	92	0	16645
2784	16829	8	63	72	0	16972
2785	197	8	53	16819	0	17077
2786	17339	18	39	199	0	17595
2787	189	11	44	17950	0	18194
2788	72	18367	40	177	0	18656
2789	18646	126	42	124	0	18938
2790	170	18556	33	56	0	18815
2791	80	134	38	18971	0	19223
2792	79	43	28	18703	0	18853
2793	78	31	37	18505	0	18651
2794	75	26	20	18290	0	18411
2795	45	18	17932	192	0	18187
2796	16460	26	131	136	0	16753
2797	17756	24	49	93	0	17922
2798	161	17831	38	66	0	18096
2799	100	114	29	18108	0	18351
2800	84	32	28	18244	0	18388
2801	47	49	17792	163	0	18051
2802	17397	21	128	136	0	17682
2803	158	13	57	18068	0	18296
2804	60	29	18011	157	0	18257
2805	18093	15	141	142	0	18391
2806	18752	13	49	114	0	18928
2807	18834	11	49	92	0	18986
2808	195	13	18600	58	0	18866
2809	110	27	17757	43	0	17937
2810	18099	9	151	93	0	18352
2811	156	27	65	18730	0	18978
2812	85	10	41	19145	0	19281
2813	65	23	19089	146	0	19323
2814	18474	9	126	102	0	18711
2815	149	15	49	19670	0	19883
2816	20434	9	38	243	0	20724
2817	20568	7	38	123	0	20736
2818	20620	16	25	108	0	20769
2819	203	20	21140	48	0	21411
2820	119	17	146	21239	0	21521
2821	21824	12	64	244	0	22144
2822	179	22309	57	89	0	22634
2823	119	143	25	22885	0	23172
2824	83	40	31	22987	0	23141
2825	22823	23	27	284	0	23157
2826	22745	19	34	167	0	22965
2827	270	11	22	22706	0	23009
2828	113	27	22527	204	0	22871
2829	22060	15	177	140	0	22392
2830	233	29	23058	65	0	23385
2831	23233	10	188	123	0	23554
2832	23801	8	91	94	0	23994
2833	303	24	23750	58	0	24135
2834	179	21	233	23751	0	24184
2835	96	25	25219	274	0	25614
2836	85	26415	326	107	0	26933
2837	133	353	105	25982	0	26573
2838	71	26992	65	327	0	27455
2839	119	382	36	27580	0	28117
2840	72	93	28126	424	0	28715
2841	56	27948	432	145	0	28581
2842	58	29069	126	78	0	29331
2843	141	578	66	29208	0	29993
2844	29469	147	51	532	0	30199
2845	583	64	41	32046	0	32734
2846	32597	47	46	741	0	33431
2847	645	33113	58	212	0	34028
2848	35911	638	41	191	0	36781
2849	814	213	36707	77	0	37811
2850	386	85	723	36200	0	37394
2851	266	67	198	36343	0	36874
2852	121	78	36278	949	0	37426
2853	34866	57	757	395	0	36075
2854	36411	72	223	251	0	36957
2855	932	35891	149	112	0	37084
2856	449	829	93	34310	0	35681
2857	179	35638	109	684	0	36610
2858	136	793	35527	288	0	36744
2859	166	250	35927	188	0	36531
2860	278	377	915	34502	0	36072
2861	34444	99	286	826	0	35655
2862	774	33732	163	290	0	34959
2863	34066	760	96	232	0	35154
2864	813	256	33321	145	0	34535
2865	33387	142	772	204	0	34505
2866	34557	117	254	199	0	35127
2867	1008	117	33829	109	0	35063
2868	480	117	801	33203	0	34601
2869	34012	106	253	877	0	35248
2870	34288	105	160	337	0	34890
2871	34394	104	148	211	0	34857
2872	1137	81	144	33424	0	34786
2873	440	85	32989	803	0	34317
2874	32658	76	778	390	0	33902
2875	979	115	33401	190	0	34685
2876	487	91	839	32918	0	34335
2877	394	97	300	33267	0	34058
2878	292	33359	180	901	0	34732
2879	258	767	33058	309	0	34392
2880	217	31710	869	246	0	33042
2881	216	32874	371	234	0	33695
2882	306	943	214	32354	0	33817
2883	240	315	32332	861	0	33748
2884	284	197	838	32271	0	33590
2885	237	159	32543	953	0	33892
2886	315	177	887	31927	0	33306
2887	285	183	352	32156	0	32976
2888	221	183	30685	1078	0	32167
2889	264	153	912	30433	0	31762
2890	295	139	30841	1031	0	32306
2891	223	140	30795	472	0	31630
2892	215	30184	1096	358	0	31853
2893	30543	822	451	353	0	32169
2894	967	320	30536	263	0	32086
2895	29867	201	973	320	0	31361
2896	1019	177	453	30756	0	32405
2897	415	187	30647	979	0	32228
2898	274	30357	1003	455	0	32089
2899	309	863	463	30536	0	32171
2900	258	343	30579	984	0	32164
2901	348	232	979	29374	0	30933
2902	281	30296	444	922	0	31943
2903	30543	894	332	489	0	32258
2904	1026	364	314	30543	0	32247
2905	29869	258	299	1101	0	31527
2906	30365	212	290	569	0	31436
2907	30581	212	295	402	0	31490
2908	30810	186	297	432	0	31725
2909	30339	157	283	406	0	31185
2910	1224	29190	291	349	0	31054
2911	630	852	238	29501	0	31221
2912	489	323	277	29929	0	31018
2913	466	187	270	29951	0	30874
2914	444	188	28635	1245	0	30512
2915	384	28311	951	581	0	30227
2916	28564	858	415	438	0	30275
2917	28736	355	326	431	0	29848
2918	1209	27626	314	407	0	29556
2919	480	28285	345	398	0	29508
2920	27745	1059	327	420	0	29551
2921	1089	437	26967	338	0	28831
2922	567	372	1032	26123	0	28094
2923	26237	271	461	1034	0	28003
2924	1096	231	312	25597	0	27236
2925	497	25588	295	1021	0	27401
2926	456	876	280	25989	0	27601
2927	344	365	25872	1046	0	27627
2928	25291	233	1009	557	0	27090
2929	26689	176	434	430	0	27729
2930	1260	180	309	25454	0	27203
2931	656	203	274	25902	0	27035
2932	24735	197	243	1142	0	26317
2933	1057	24380	266	522	0	26225
2934	579	741	256	24005	0	25581
2935	549	284	228	24104	0	25165
2936	21886	139	204	1009	0	23238
2937	820	21964	213	513	0	23510
2938	21614	624	152	396	0	22786
2939	839	21200	175	312	0	22526
2940	403	21533	156	280	0	22372
2941	20696	726	165	279	0	21866
2942	717	20806	132	266	0	21921
2943	432	935	308	19684	0	21359
2944	302	261	19729	700	0	20992
2945	172	141	16650	260	0	17223
2946	111	98	16104	170	0	16483
2947	96	15650	541	134	0	16421
2948	12746	318	422	96	0	13582
2949	273	96	83	12171	0	12623
2950	127	65	39	12399	0	12630
2951	71	38	12155	313	0	12577
2952	12099	31	246	174	0	12550
2953	260	23	99	12644	0	13026
2954	135	29	60	12825	0	13049
2955	96	24	32	12819	0	12971
2956	12408	25	34	388	0	12855
2957	261	32	12188	165	0	12646
2958	12215	32	235	111	0	12593
2959	307	32	95	12349	0	12783
2960	147	36	12316	263	0	12762
2961	12019	35	247	146	0	12447
2962	278	43	12403	100	0	12824
2963	163	92	277	12165	0	12697
2964	88	49	12539	266	0	12942
2965	82	35	12125	125	0	12367
2966	11514	26	322	137	0	11999
2967	252	25	11770	71	0	12118
2968	152	41	288	11497	0	11978
2969	11588	29	155	274	0	12046
2970	276	21	100	11714	0	12111
2971	128	28	11641	296	0	12093
2972	88	28	11743	148	0	12007
2973	68	11626	320	120	0	12134
2974	94	234	169	11520	0	12017
2975	11147	88	99	287	0	11621
2976	262	10994	68	134	0	11458
2977	11136	226	59	132	0	11553
2978	297	93	53	10949	0	11392
2979	10921	55	60	287	0	11323
2980	304	10711	51	130	0	11196
2981	141	227	63	10808	0	11239
2982	10775	84	50	276	0	11185
2983	266	10799	50	147	0	11262
2984	159	233	67	10842	0	11301
2985	116	104	56	10853	0	11129
2986	10842	72	54	339	0	11307
2987	280	42	54	10916	0	11292
2988	147	35	71	11005	0	11258
2989	122	29	72	11182	0	11405
2990	71	43	10514	382	0	11010
2991	10397	25	272	212	0	10906
2992	294	31	129	12117	0	12571
2993	155	49	12381	365	0	12950
2994	12263	32	348	212	0	12855
2995	378	47	12737	132	0	13294
2996	201	41	381	12390	0	13013
2997	111	12521	170	387	0	13189
2998	127	312	111	12799	0	13349
2999	98	130	12692	444	0	13364
3000	76	106	13037	202	0	13421
3001	116	63	448	13015	0	13642
3002	87	53	12934	430	0	13504
3003	12466	39	431	230	0	13166
3004	389	64	12747	144	0	13344
3005	196	43	422	12407	0	13068
3006	154	40	178	12711	0	13083
3007	107	52	136	12709	0	13004
3008	12307	34	100	586	0	13027
3009	12508	28	102	294	0	12932
3010	12811	35	86	219	0	13151
3011	550	40	77	12461	0	13128
3012	247	33	82	12709	0	13071
3013	163	20	12140	533	0	12856
3014	123	28	12300	279	0	12730
3015	102	12074	445	206	0	12827
3016	154	322	187	11178	0	11841
3017	98	100	122	11042	0	11362
3018	84	11000	101	385	0	11570
3019	10985	251	90	217	0	11543
3020	306	11081	79	145	0	11611
3021	11065	301	84	140	0	11590
3022	360	112	76	11014	0	11562
3023	11064	71	71	341	0	11547
3024	361	38	85	11089	0	11573
3025	152	55	10841	378	0	11426
3026	138	37	304	11040	0	11519
3027	10750	45	147	407	0	11349
3028	341	32	110	10942	0	11425
3029	151	38	80	10984	0	11253
3030	104	48	10708	442	0	11302
3031	109	26	305	10889	0	11329
3032	107	31	124	10802	0	11064
3033	84	10515	79	448	0	11126
3034	109	273	56	10799	0	11237
3035	112	89	56	11021	0	11278
3036	145	61	48	10854	0	11108
3037	74	10002	56	445	0	10577
3038	86	246	40	9746	0	10118
3039	9204	71	45	373	0	9693
3040	236	8942	51	176	0	9405
3041	84	8458	31	125	0	8698
3042	53	8475	42	97	0	8667
3043	60	331	44	8001	0	8436
3044	44	7913	65	253	0	8275
3045	57	8233	73	117	0	8480
3046	7936	217	104	104	0	8361
3047	219	92	7722	84	0	8117
3048	7622	85	208	101	0	8016
3049	234	59	78	7785	0	8156
3050	65	51	7753	274	0	8143
3051	7603	42	260	128	0	8033
3052	208	39	7502	137	0	7886
3053	91	26	7522	103	0	7742
3054	7597	30	291	100	0	8018
3055	250	32	156	7676	0	8114
3056	101	32	7739	270	0	8142
3057	7588	28	257	181	0	8054
3058	7854	23	95	197	0	8169
3059	294	39	7735	146	0	8214
3060	7933	21	215	141	0	8310
3061	8181	15	88	111	0	8395
3062	327	15	7710	119	0	8171
3063	7748	25	225	148	0	8146
3064	7887	14	110	145	0	8156
3065	286	36	7508	114	0	7944
3066	122	50	8130	100	0	8402
3067	106	54	278	8164	0	8602
3068	73	60	8177	312	0	8622
3069	8127	67	259	174	0	8627
3070	277	73	92	8093	0	8535
3071	146	82	65	8215	0	8508
3072	140	79	7842	311	0	8372
3073	123	64	227	7864	0	8278
3074	114	59	7836	334	0	8343
3075	7953	46	255	173	0	8427
3076	8171	44	107	154	0	8476
3077	302	48	7938	149	0	8437
3078	8007	38	264	125	0	8434
3079	8278	31	98	163	0	8570
3080	330	31	8025	150	0	8536
3081	8206	31	255	169	0	8661
3082	8232	28	130	175	0	8565
3083	294	33	8087	159	0	8573
3084	8131	47	258	157	0	8593
3085	296	53	8176	170	0	8695
3086	119	43	252	8232	0	8646
3087	94	38	95	8394	0	8621
3088	107	52	76	8504	0	8739
3089	86	63	8067	374	0	8590
3090	7754	64	224	205	0	8247
3091	266	68	7815	161	0	8310
3092	82	6213	168	61	0	6524
3093	45	6049	56	53	0	6203
3094	5765	114	100	41	0	6020
3095	134	33	27	5600	0	5794
3096	46	5622	25	118	0	5811
3097	5455	95	30	41	0	5621
3098	5453	16	20	37	0	5526
3099	110	5551	32	30	0	5723
3100	47	90	28	5162	0	5327
3101	36	5287	22	99	0	5444
3102	5388	99	21	27	0	5535
3103	5453	22	21	42	0	5538
3104	124	16	27	5281	0	5448
3105	5317	11	24	112	0	5464
3106	130	15	20	5306	0	5471
3107	44	14	5259	110	0	5427
3108	5173	7	104	32	0	5316
3109	127	13	5227	25	0	5392
3110	54	18	100	5027	0	5199
3111	5085	11	40	103	0	5239
3112	127	7	18	5125	0	5277
3113	46	6	5088	97	0	5237
3114	47	5	5012	30	0	5094
3115	48	39	104	4970	0	5161
3116	4949	9	67	103	0	5128
3117	107	5011	31	25	0	5174
3118	40	84	19	5075	0	5218
3119	27	15	5140	96	0	5278
3120	5061	12	100	34	0	5207
3121	5289	9	26	38	0	5362
3122	113	11	5209	19	0	5352
3123	5148	5	98	28	0	5279
3124	119	17	37	5288	0	5461
3125	43	10	5244	84	0	5381
3126	5165	8	91	37	0	5301
3127	100	14	24	5175	0	5313
3128	41	9	21	5064	0	5135
3129	5125	10	17	94	0	5246
3130	90	4935	18	32	0	5075
3131	40	5045	19	15	0	5119
3132	5070	70	12	40	0	5192
3133	4991	18	15	21	0	5045
3134	87	9	5043	22	0	5161
3135	36	12	4948	15	0	5011
3136	40	9	65	4983	0	5097
3137	5134	8	34	75	0	5251
3138	5127	5	19	39	0	5190
3139	5184	2	22	38	0	5246
3140	80	5076	14	27	0	5197
3141	36	5199	15	23	0	5273
3142	30	67	18	5431	0	5546
3143	36	18	14	5402	0	5470
3144	39	12	14	5601	0	5666
3145	21	9	5698	89	0	5817
3146	28	17	5313	37	0	5395
3147	5646	6	86	28	0	5766
3148	5848	9	24	29	0	5910
3149	109	10	21	5754	0	5894
3150	55	7	19	5780	0	5861
3151	41	10	19	5927	0	5997
3152	44	9	5801	106	0	5960
3153	31	13	5790	41	0	5875
3154	20	19	87	5724	0	5850
3155	21	12	5782	102	0	5917
3156	21	5602	88	41	0	5752
3157	26	5802	30	25	0	5883
3158	5748	81	23	38	0	5890
3159	83	5653	21	33	0	5790
3160	42	79	24	5648	0	5793
3161	34	25	17	5704	0	5780
3162	22	5906	16	107	0	6051
3163	30	88	21	6035	0	6174
3164	20	33	5935	119	0	6107
3165	21	5904	96	53	0	6074
3166	15	73	38	5626	0	5752
3167	15	26	5615	75	0	5731
3168	17	5521	74	40	0	5652
3169	15	71	38	5379	0	5503
3170	16	5564	20	66	0	5666
3171	14	79	9	5574	0	5676
3172	17	30	23	5457	0	5527
3173	14	5516	9	91	0	5630
3174	5405	65	12	62	0	5544
3175	5302	28	16	45	0	5391
3176	86	5298	7	24	0	5415
3177	32	5359	11	34	0	5436
3178	34	85	17	5362	0	5498
3179	26	46	5292	74	0	5438
3180	5138	22	67	62	0	5289
3181	5202	16	43	38	0	5299
3182	87	30	5127	25	0	5269
3183	5101	13	70	57	0	5241
3184	5222	21	32	18	0	5293
3185	93	21	5028	26	0	5168
3186	4948	15	67	42	0	5072
3187	84	28	5157	10	0	5279
3188	46	5164	68	15	0	5293
3189	5227	72	30	31	0	5360
3190	5252	46	17	31	0	5346
3191	86	39	5237	23	0	5385
3192	5265	18	78	50	0	5411
3193	5441	19	46	35	0	5541
3194	121	23	5361	19	0	5524
3195	5533	9	65	36	0	5643
3196	5645	15	50	31	0	5741
3197	113	31	5547	15	0	5706
3198	5704	17	70	37	0	5828
3199	92	14	58	5512	0	5676
3200	67	19	23	5589	0	5698
3201	32	13	5541	105	0	5691
3202	22	37	5501	37	0	5597
3203	51	13	93	5571	0	5728
3204	50	17	42	5654	0	5763
3205	5879	20	36	96	0	6031
3206	115	15	5800	38	0	5968
3207	5881	19	81	35	0	6016
3208	103	27	47	5996	0	6173
3209	58	22	6079	93	0	6252
3210	6415	11	91	62	0	6579
3211	103	9	64	6672	0	6848
3212	63	10	6711	102	0	6886
3213	6646	17	106	62	0	6831
3214	101	10	58	6755	0	6924
3215	6851	13	40	105	0	7009
3216	116	12	7216	46	0	7390
3217	51	24	95	6863	0	7033
3218	48	7409	38	104	0	7599
3219	7507	84	41	54	0	7686
3220	7357	37	38	46	0	7478
3221	133	7648	35	25	0	7841
3222	7735	96	25	49	0	7905
3223	7724	34	35	48	0	7841
3224	7730	17	32	26	0	7805
3225	156	7562	16	26	0	7760
3226	65	89	42	7687	0	7883
3227	66	30	7738	108	0	7942
3228	68	28	97	7625	0	7818
3229	55	17	45	7726	0	7843
3230	38	17	7749	126	0	7930
3231	30	22	7606	73	0	7731
3232	48	23	125	7392	0	7588
3233	45	7731	57	95	0	7928
3234	7820	94	36	51	0	8001
3235	7703	40	29	42	0	7814
3236	149	7921	27	30	0	8127
3237	8017	96	14	45	0	8172
3238	8044	35	30	39	0	8148
3239	146	35	8011	17	0	8209
3240	7935	20	103	48	0	8106
3241	132	8171	48	28	0	8379
3242	68	92	7990	22	0	8172
3243	51	42	7776	31	0	7900
3244	39	7845	129	22	0	8035
3245	7783	88	58	19	0	7948
3246	110	33	7938	37	0	8118
3247	55	25	90	7880	0	8050
3248	39	18	7950	86	0	8093
3249	7658	13	105	51	0	7827
3250	115	23	9812	24	0	9974
3251	64	14	9664	26	0	9768
3252	9720	10	106	57	0	9893
3253	110	10125	47	23	0	10305
3254	10500	86	35	45	0	10666
3255	10736	30	21	57	0	10844
3256	121	25	21	10621	0	10788
3257	50	11757	30	85	0	11922
3258	12083	87	20	72	0	12262
3259	105	30	12289	16	0	12440
3260	12095	11	82	47	0	12235
3261	107	12456	37	28	0	12628
3262	12346	74	24	28	0	12472
3263	12361	14	16	23	0	12414
3264	89	12560	24	29	0	12702
3265	33	72	23	12804	0	12932
3266	12971	13	24	93	0	13101
3267	89	12809	17	23	0	12938
3268	38	84	17	13027	0	13166
3269	13323	14	22	117	0	13476
3270	99	19	12	13830	0	13960
3271	38	16	15	13744	0	13813
3272	34	13851	18	104	0	14007
3273	14003	98	18	70	0	14189
3274	14212	26	19	58	0	14315
3275	14463	25	10	43	0	14541
3276	137	14926	21	16	0	15100
3277	15283	106	19	57	0	15465
3278	15362	30	7	37	0	15436
3279	147	29	7	15227	0	15410
3280	66	20	9	15309	0	15404
3281	58	18	15318	124	0	15518
3282	50	23	108	15047	0	15228
3283	78	10	28	14726	0	14842
3284	46	22	15419	129	0	15616
3285	14214	20	123	82	0	14439
3286	134	17	15425	39	0	15615
3287	64	31	15716	22	0	15833
3288	55	15	136	15858	0	16064
3289	55	12	43	16079	0	16189
3290	28	16327	30	117	0	16502
3291	16415	113	10	71	0	16609
3292	16276	33	13	65	0	16387
3293	152	16353	14	33	0	16552
3294	48	17586	27	28	0	17689
3295	78	192	8	17888	0	18166
3296	35	18603	30	149	0	18817
3297	18720	196	17	84	0	19017
3298	18775	59	11	71	0	18916
3299	263	35	23	18520	0	18841
3300	114	23	21	18751	0	18909
3301	18771	18	22	267	0	19078
3302	223	22	18216	84	0	18545
3303	18242	24	181	71	0	18518
3304	235	20	18323	35	0	18613
3305	18091	16	195	54	0	18356
3306	235	19	57	18319	0	18630
3307	84	20	18785	184	0	19073
3308	66	31	18377	66	0	18540
3309	18331	42	255	84	0	18712
3310	18644	22	74	79	0	18819
3311	232	19148	44	40	0	19464
3312	127	177	23	19903	0	20230
3313	85	57	17	20541	0	20700
3314	20393	24	16	346	0	20779
3315	252	20237	20	122	0	20631
3316	20018	220	19	96	0	20353
3317	258	19710	23	35	0	20026
3318	108	19906	28	21	0	20063
3319	19981	267	27	70	0	20345
3320	252	107	19630	30	0	20019
3321	124	45	227	19572	0	19968
3322	79	32	91	19790	0	19992
3323	63	33	19845	289	0	20230
3324	96	28	220	19623	0	19967
3325	188	42	99	17497	0	17826
3326	37	19810	38	326	0	20211
3327	19889	241	44	178	0	20352
3328	271	87	19963	66	0	20387
3329	19289	55	233	85	0	19662
3330	285	19905	88	43	0	20321
3331	144	248	37	20247	0	20676
3332	20834	110	31	338	0	21313
3333	306	56	29	20981	0	21372
3334	172	30	36	21107	0	21345
3335	74	41	20836	358	0	21309
3336	19893	33	234	209	0	20369
3337	20793	27	118	140	0	21078
3338	365	30	20731	87	0	21213
3339	183	26	251	20618	0	21078
3340	100	45	20885	261	0	21291
3341	20502	20	275	175	0	20972
3342	21417	24	128	119	0	21688
3343	387	25	56	21255	0	21723
3344	21324	34	44	321	0	21723
3345	315	33	22338	151	0	22837
3346	215	26	250	22271	0	22762
3347	151	22	112	22357	0	22642
3348	95	30	59	23194	0	23378
3349	88	25	42	23145	0	23300
3350	21052	29	37	451	0	21569
3351	310	37	20694	177	0	21218
3352	174	23	253	20965	0	21415
3353	79	27	20713	313	0	21132
3354	102	22	20371	157	0	20652
3355	89	23	344	20382	0	20838
3356	94	22	132	20724	0	20972
3357	19687	26	60	423	0	20196
3358	303	24	62	19749	0	20138
3359	170	26	50	19765	0	20011
3360	95	18	61	20045	0	20219
3361	19681	26	39	490	0	20236
3362	19876	22	30	274	0	20202
3363	20135	30	44	177	0	20386
3364	19760	17	40	156	0	19973
3365	425	20814	69	106	0	21414
3366	213	339	46	20967	0	21565
3367	142	150	60	21449	0	21801
3368	21720	54	60	598	0	22432
3369	453	22604	47	305	0	23409
3370	258	443	34	23771	0	24506
3371	138	183	25212	546	0	26079
3372	26676	66	555	336	0	27633
3373	705	28022	216	176	0	29119
3374	29269	671	113	155	0	30208
3375	30267	224	66	135	0	30692
3376	1172	96	42	29339	0	30649
3377	414	81	29328	837	0	30660
3378	316	46	789	29912	0	31063
3379	30085	56	257	986	0	31384
3380	970	44	121	30130	0	31265
3381	30143	37	69	993	0	31242
3382	944	29730	60	383	0	31117
3383	30931	818	53	241	0	32043
3384	1070	261	60	30794	0	32185
3385	502	127	77	32576	0	33282
3386	32722	72	56	1214	0	34064
3387	32878	77	56	527	0	33538
3388	33225	65	43	306	0	33639
3389	33150	63	39	254	0	33506
3390	33068	47	62	236	0	33413
3391	1378	52	83	31807	0	33320
3392	545	69	30849	1001	0	32464
3393	343	31057	759	421	0	32580
3394	30323	772	261	312	0	31668
3395	980	283	29094	172	0	30529
3396	28996	138	745	187	0	30066
3397	1039	28831	275	143	0	30288
3398	29583	739	137	224	0	30683
3399	1128	262	95	29191	0	30676
3400	598	137	75	29892	0	30702
3401	373	111	29281	1078	0	30843
3402	420	81	784	29249	0	30534
3403	315	75	29886	986	0	31262
3404	340	104	29790	434	0	30668
3405	29949	103	985	361	0	31398
3406	31132	98	353	327	0	31910
3407	1227	104	29847	253	0	31431
3408	29936	89	797	280	0	31102
3409	30747	101	318	287	0	31453
3410	1293	88	29290	241	0	30912
3411	652	28825	822	229	0	30528
3412	687	778	302	29965	0	31732
3413	30971	274	193	976	0	32414
3414	32105	156	165	471	0	32897
3415	32256	121	147	349	0	32873
3416	32346	89	147	338	0	32920
3417	32293	108	208	269	0	32878
3418	1353	136	31009	187	0	32685
3419	768	154	31713	199	0	32834
3420	656	170	962	31762	0	33550
3421	32366	152	392	958	0	33868
3422	33134	130	247	495	0	34006
3423	33148	119	222	424	0	33913
3424	31966	128	234	462	0	32790
3425	1345	31378	245	394	0	33362
3426	773	33749	236	385	0	35143
3427	33867	853	238	458	0	35416
3428	34484	325	209	425	0	35443
3429	1401	33859	198	307	0	35765
3430	34697	785	168	354	0	36004
3431	1372	350	33945	339	0	36006
3432	846	215	802	33727	0	35590
3433	729	212	33944	918	0	35803
3434	699	192	33799	467	0	35157
3435	731	134	982	34050	0	35897
3436	781	146	396	35190	0	36513
3437	774	158	35368	1023	0	37323
3438	786	136	844	34389	0	36155
3439	683	155	402	35887	0	37127
3440	35640	164	314	1150	0	37268
3441	35924	159	297	571	0	36951
3442	1460	149	299	35353	0	37261
3443	799	229	35295	954	0	37277
3444	691	35335	924	479	0	37429
3445	35156	792	446	442	0	36836
3446	1251	309	36473	372	0	38405
3447	724	35478	961	385	0	37548
3448	652	37459	455	368	0	38934
3449	37963	882	371	417	0	39633
3450	38654	343	358	395	0	39750
3451	1375	227	370	37834	0	39806
3452	784	217	39937	982	0	41920
3453	759	158	998	39958	0	41873
3454	685	140	553	40653	0	42031
3455	695	137	385	41333	0	42550
3456	40784	146	352	1226	0	42508
3457	1287	39308	400	547	0	41542
3458	751	42199	348	413	0	43711
3459	686	963	313	41774	0	43736
3460	623	381	312	43247	0	44563
3461	42787	259	248	1282	0	44576
3462	42501	205	268	680	0	43654
3463	42838	140	258	511	0	43747
3464	1565	41611	257	355	0	43788
3465	41200	659	245	329	0	42433
3466	1252	399	296	40488	0	42435
3467	704	176	39861	914	0	41655
3468	631	190	37001	422	0	38244
3469	37145	126	797	377	0	38445
3470	809	104	36551	241	0	37705
3471	437	115	34118	175	0	34845
3472	31479	61	429	192	0	32161
3473	415	44	31722	93	0	32274
3474	183	41	30835	70	0	31129
3475	210	224	321	29602	0	30357
3476	121	35	31856	166	0	32178
3477	144	46	189	30427	0	30806
3478	146	48	99	30415	0	30708
3479	79	41	32466	217	0	32803
3480	70	32928	191	126	0	33315
3481	33343	140	103	187	0	33773
3482	203	60	34361	46	0	34670
3483	104	53	33744	56	0	33957
3484	30096	41	266	174	0	30577
3485	183	36	33244	34	0	33497
3486	81	32146	182	38	0	32447
3487	131	29311	170	49	0	29661
3488	63	148	58	33511	0	33780
3489	77	67	34	32962	0	33140
3490	34189	29	42	301	0	34561
3491	33694	28	29	201	0	33952
3492	34030	29	16	156	0	34231
3493	226	22	30	34110	0	34388
3494	34437	26	30	254	0	34747
3495	33903	19	30	195	0	34147
3496	219	26	34312	53	0	34610
3497	130	48	32730	48	0	32956
3498	76	34483	203	43	0	34805
3499	84	138	83	35302	0	35607
3500	35467	50	49	257	0	35823
3501	163	34983	66	79	0	35291
3502	99	151	40	35957	0	36247
3503	35760	58	39	314	0	36171
3504	35372	28	41	194	0	35635
3505	225	35792	41	76	0	36134
3506	36039	178	27	171	0	36415
3507	36186	66	27	185	0	36464
3508	309	44	24	36231	0	36608
3509	123	45	36816	186	0	37170
3510	79	35815	203	103	0	36200
3511	65	36469	88	69	0	36691
3512	35469	230	49	140	0	35888
3513	275	101	42	35382	0	35800
3514	92	69	35484	212	0	35857
3515	66	35312	205	90	0	35673
3516	35669	204	80	212	0	36165
3517	35795	84	43	181	0	36103
3518	305	68	35993	36	0	36402
3519	186	43	218	35039	0	35486
3520	140	30	87	37136	0	37393
3521	75	46	40647	319	0	41087
3522	40983	32	398	283	0	41696
3523	50087	36	137	206	0	50466
3524	1128	43	84	56084	0	57339
3525	363	57055	108	1208	0	58734
3526	442	1184	54	59765	0	61445
3527	229	473	59030	1526	0	61258
3528	58282	239	1281	828	0	60630
3529	1618	191	480	61042	0	63331
3530	596	174	60646	1595	0	63011
3531	58703	140	1473	860	0	61176
3532	1757	107	610	60578	0	63052
3533	923	122	398	61079	0	62522
3534	60167	54	332	2166	0	62719
3535	1612	60253	303	947	0	63115
3536	60423	1319	216	759	0	62717
3537	2026	512	157	59950	0	62645
3538	60107	333	162	1871	0	62473
3539	1942	300	58768	851	0	61861
3540	953	58813	1409	654	0	61829
3541	835	1441	568	60349	0	63193
3542	60182	598	388	1882	0	63050
3543	1737	59590	398	882	0	62607
3544	1174	1531	292	60333	0	63330
3545	60669	655	264	2006	0	63594
3546	59751	427	257	1129	0	61564
3547	2455	403	239	57810	0	60907
3548	1213	407	56932	1979	0	60531
3549	914	352	56447	1113	0	58826
3550	56421	277	1837	978	0	59513
3551	1968	55929	886	741	0	59524
3552	1041	55775	623	600	0	58039
3553	54497	1811	578	707	0	57593
3554	1893	55676	443	554	0	58566
3555	1249	1804	422	55539	0	59014
3556	1094	940	342	57140	0	59516
3557	56280	730	287	2336	0	59633
3558	55459	574	217	1284	0	57534
3559	55798	518	185	1031	0	57532
3560	2642	498	52785	770	0	56695
3561	1733	337	1466	53396	0	56932
3562	1182	347	53358	1921	0	56808
3563	1023	320	52779	1130	0	55252
3564	895	312	54504	833	0	56544
3565	991	342	2348	52621	0	56302
3566	797	383	54320	1857	0	57357
3567	744	417	54923	1051	0	57135
3568	713	396	2473	53614	0	57196
3569	53935	295	1362	2241	0	57833
3570	2003	345	54361	1113	0	57822
3571	1155	294	2118	53193	0	56760
3572	1064	261	1147	55099	0	57571
3573	891	299	54598	2447	0	58235
3574	880	335	1948	54181	0	57344
3575	826	320	54858	2363	0	58367
3576	830	365	2093	53744	0	57032
3577	824	330	1136	54703	0	56993
3578	730	262	920	55276	0	57188
3579	661	287	847	54961	0	56756
3580	51915	205	804	3166	0	56090
3581	52373	228	736	1861	0	55198
3582	2404	295	50936	1341	0	54976
3583	1313	49941	1937	1234	0	54425
3584	999	1477	51793	1077	0	55346
3585	899	657	51453	974	0	53983
3586	49978	387	2548	1018	0	53931
3587	2034	51060	1521	891	0	55506
3588	51630	1630	1185	899	0	55344
3589	2190	52004	1126	734	0	56054
3590	52077	1901	1045	832	0	55855
3591	53386	901	909	874	0	56070
3592	2725	605	817	51617	0	55764
3593	1441	52087	674	2246	0	56448
3594	1245	1795	576	53134	0	56750
3595	1015	907	588	54374	0	56884
3596	901	595	52277	2921	0	56694
3597	802	52391	1977	1690	0	56860
3598	823	1753	1170	53322	0	57068
3599	51514	815	879	2707	0	55915
3600	54151	553	797	1628	0	57129
3601	54794	490	745	1313	0	57342
3602	2735	53017	741	1143	0	57636
3603	54575	1894	646	1004	0	58119
3604	2646	56244	670	865	0	60425
3605	1650	2204	636	57351	0	61841
3606	1213	1063	56840	2376	0	61492
3607	1174	695	2185	56468	0	60522
3608	978	56137	1096	2549	0	60760
3609	897	2134	850	56974	0	60855
3610	806	1102	642	57783	0	60333
3611	693	56627	603	3103	0	61026
3612	56979	2290	609	1718	0	61596
3613	2448	1080	499	56839	0	60866
3614	1178	829	54995	2764	0	59766
3615	1110	660	1996	55930	0	59696
3616	1084	594	926	57742	0	60346
3617	743	615	55768	3347	0	60473
3618	889	627	2172	54270	0	57958
3619	702	54414	1051	2972	0	59139
3620	807	2040	54428	1640	0	58915
3621	1069	916	51149	1235	0	54369
3622	537	47500	2382	983	0	51402
3623	336	41081	938	699	0	43054
3624	223	34190	437	310	0	35160
3625	31137	1058	828	282	0	33305
3626	27718	2694	197	249	0	30858
3627	29905	231	138	211	0	30485
3628	968	214	120	29354	0	30656
3629	328	135	28790	831	0	30084
3630	255	134	729	28675	0	29793
3631	235	104	271	29244	0	29854
3632	28664	108	165	1032	0	29969
3633	28859	106	147	470	0	29582
3634	872	28675	137	277	0	29961
3635	28634	690	105	304	0	29733
3636	29062	264	124	254	0	29704
3637	29516	177	102	269	0	30064
3638	989	165	28312	180	0	29646
3639	412	149	28408	148	0	29117
3640	313	141	832	28067	0	29353
3641	187	134	28213	749	0	29283
3642	27394	138	745	322	0	28599
3643	28269	120	263	271	0	28923
3644	908	119	27148	159	0	28334
3645	26691	75	680	201	0	27647
3646	817	26964	255	142	0	28178
3647	27416	672	132	212	0	28432
3648	849	248	140	27004	0	28241
3649	415	160	108	26497	0	27180
3650	278	26994	99	795	0	28166
3651	26904	683	120	361	0	28068
3652	27216	247	92	269	0	27824
3653	867	26873	123	147	0	28010
3654	435	667	106	26076	0	27284
3655	314	279	104	26274	0	26971
3656	237	25975	111	828	0	27151
3657	259	735	124	26050	0	27168
3658	258	287	118	26658	0	27321
3659	25921	185	107	956	0	27169
3660	26139	156	96	457	0	26848
3661	939	142	25555	275	0	26911
3662	25379	128	649	309	0	26465
3663	822	167	25511	218	0	26718
3664	404	154	690	25001	0	26249
3665	275	142	24896	789	0	26102
3666	255	24571	701	347	0	25874
3667	291	679	278	24295	0	25543
3668	271	242	147	24801	0	25461
3669	24253	176	117	867	0	25413
3670	764	166	121	23908	0	24959
3671	355	148	23178	793	0	24474
3672	23272	161	632	409	0	24474
3673	23877	142	244	333	0	24596
3674	24263	126	160	321	0	24870
3675	24082	139	141	248	0	24610
3676	1022	111	127	24445	0	25705
3677	457	96	125	25439	0	26117
3678	323	107	143	26052	0	26625
3679	332	111	117	26272	0	26832
3680	25291	106	144	1099	0	26640
3681	25425	100	118	496	0	26139
3682	1046	81	133	23835	0	25095
3683	420	23880	115	840	0	25255
3684	24103	684	133	413	0	25333
3685	846	259	23670	286	0	25061
3686	395	23725	690	252	0	25062
3687	22473	621	222	264	0	23580
3688	751	22408	133	180	0	23472
3689	334	643	22142	165	0	23284
3690	22186	231	625	193	0	23235
3691	22645	132	223	172	0	23172
3692	921	99	21757	154	0	22931
3693	485	89	599	21839	0	23012
3694	356	79	222	21955	0	22612
3695	252	21724	164	802	0	22942
3696	275	571	115	21777	0	22738
3697	21035	184	95	804	0	22118
3698	731	20963	95	353	0	22142
3699	348	524	97	19877	0	20846
3700	314	194	63	20155	0	20726
3701	192	139	19250	695	0	20276
3702	180	19109	485	292	0	20066
3703	17362	492	167	262	0	18283
3704	408	14732	93	103	0	15336
3705	138	13977	51	76	0	14242
3706	13507	340	194	103	0	14144
3707	353	125	54	13134	0	13666
3708	153	98	35	13354	0	13640
3709	13135	68	35	396	0	13634
3710	386	52	31	13255	0	13724
3711	153	59	33	13480	0	13725
3712	13422	60	20	421	0	13923
3713	378	43	29	13223	0	13673
3714	117	13087	37	390	0	13631
3715	13127	295	32	179	0	13633
3716	337	109	12592	107	0	13145
3717	128	12017	271	107	0	12523
3718	100	319	72	11808	0	12299
3719	74	98	11528	313	0	12013
3720	57	71	11518	155	0	11801
3721	143	354	295	10782	0	11574
3722	10732	39	119	290	0	11180
3723	262	39	46	10637	0	10984
3724	118	43	27	10767	0	10955
3725	109	32	34	10810	0	10985
3726	79	36	43	10830	0	10988
3727	83	48	30	10874	0	11035
3728	72	47	10187	397	0	10703
3729	70	43	10008	142	0	10263
3730	73	40	270	10087	0	10470
3731	66	39	10073	286	0	10464
3732	69	10030	244	137	0	10480
3733	80	207	101	10171	0	10559
3734	44	72	9863	286	0	10265
3735	9225	67	237	158	0	9687
3736	227	9515	82	129	0	9953
3737	73	9263	65	115	0	9516
3738	64	9480	48	87	0	9679
3739	82	257	33	9295	0	9667
3740	9261	88	31	279	0	9659
3741	210	45	49	9285	0	9589
3742	9052	41	58	289	0	9440
3743	219	8898	38	138	0	9293
3744	9118	204	44	116	0	9482
3745	243	117	28	9138	0	9526
3746	111	88	29	9166	0	9394
3747	76	8982	43	258	0	9359
3748	71	213	36	9076	0	9396
3749	73	73	37	9184	0	9367
3750	71	84	28	9045	0	9228
3751	8739	67	24	326	0	9156
3752	8377	49	35	206	0	8667
3753	268	41	8633	122	0	9064
3754	8655	49	189	118	0	9011
3755	253	56	8707	90	0	9106
3756	126	54	197	8636	0	9013
3757	77	63	79	8839	0	9058
3758	72	53	41	8955	0	9121
3759	42	36	8596	344	0	9018
3760	54	40	214	8638	0	8946
3761	54	52	8728	271	0	9105
3762	62	34	216	8725	0	9037
3763	8632	42	73	302	0	9049
3764	221	36	8612	152	0	9021
3765	8631	30	197	139	0	8997
3766	233	28	86	8734	0	9081
3767	8674	34	48	299	0	9055
3768	228	8604	59	148	0	9039
3769	103	186	61	8822	0	9172
3770	71	58	8960	277	0	9366
3771	64	53	205	8833	0	9155
3772	72	174	85	8582	0	8913
3773	39	8564	72	286	0	8961
3774	65	164	8291	145	0	8665
3775	31	8095	180	124	0	8430
3776	6761	128	60	87	0	7036
3777	108	6773	52	34	0	6967
3778	6364	92	84	41	0	6581
3779	6418	25	18	52	0	6513
3780	6400	20	10	53	0	6483
3781	150	12	13	6393	0	6568
3782	37	20	6346	123	0	6526
3783	40	5	105	6207	0	6357
3784	12	6331	36	111	0	6490
3785	25	90	20	6371	0	6506
3786	6209	33	12	133	0	6387
3787	90	6280	16	51	0	6437
3788	40	95	22	6097	0	6254
3789	42	38	14	6120	0	6214
3790	6084	22	17	142	0	6265
3791	105	22	6048	54	0	6229
3792	48	5964	92	38	0	6142
3793	29	101	33	5677	0	5840
3794	16	24	5623	94	0	5757
3795	25	18	97	5411	0	5551
3796	10	5530	29	100	0	5669
3797	21	83	10	5778	0	5892
3798	19	31	11	5743	0	5804
3799	19	11	7	5731	0	5768
3800	14	6	5641	121	0	5782
3801	5583	8	92	48	0	5731
3802	101	8	30	6056	0	6195
3803	6513	8	12	138	0	6671
3804	6740	7	8	55	0	6810
3805	6826	10	12	34	0	6882
3806	6734	7	4	40	0	6785
3807	6862	9	11	25	0	6907
3808	173	5	4	6691	0	6873
3809	46	6594	11	127	0	6778
3810	42	104	9	6460	0	6615
3811	19	6427	14	129	0	6589
3812	30	106	1	6157	0	6294
3813	6136	20	5	124	0	6285
3814	111	12	4	6104	0	6231
3815	33	16	6062	100	0	6211
3816	5870	9	87	51	0	6017
3817	99	6070	19	31	0	6219
3818	6093	91	24	40	0	6248
3819	6139	22	13	20	0	6194
3820	5974	14	2	29	0	6019
3821	120	6112	6	16	0	6254
3822	53	85	3	6115	0	6256
3823	34	25	6	6190	0	6255
3824	25	13	6072	112	0	6222
3825	46	13	83	5896	0	6038
3826	34	8	21	5919	0	5982
3827	25	8	12	6049	0	6094
3828	21	6081	7	120	0	6229
3829	6155	94	4	65	0	6318
3830	6033	28	8	49	0	6118
3831	120	17	6152	26	0	6315
3832	48	6141	84	24	0	6297
3833	40	100	28	6223	0	6391
3834	38	22	14	6315	0	6389
3835	37	18	16	6304	0	6375
3836	36	23	6	6394	0	6459
3837	30	13	6	6507	0	6556
3838	21	16	6364	152	0	6553
3839	25	25	6145	58	0	6253
3840	6440	17	115	55	0	6627
3841	6772	14	33	54	0	6873
3842	6840	6	25	35	0	6906
3843	166	12	15	6782	0	6975
3844	60	19	6681	131	0	6891
3845	6679	5	103	65	0	6852
3846	6862	14	46	51	0	6973
3847	149	23	6670	34	0	6876
3848	6717	13	108	41	0	6879
3849	154	12	7167	32	0	7365
3850	73	10	128	7198	0	7409
3851	38	12	7246	133	0	7429
3852	7082	9	133	72	0	7296
3853	7287	12	53	48	0	7400
3854	7347	8	28	50	0	7433
3855	7306	7	25	49	0	7387
3856	185	6	7503	30	0	7724
3857	86	7506	113	24	0	7729
3858	7669	105	44	34	0	7852
3859	7737	35	30	38	0	7840
3860	170	27	7636	25	0	7858
3861	88	20	110	7448	0	7666
3862	68	14	44	7678	0	7804
3863	40	14	7534	158	0	7746
3864	7277	14	120	86	0	7497
3865	7606	14	47	59	0	7726
3866	167	7608	39	44	0	7858
3867	7857	111	34	42	0	8044
3868	7809	39	34	34	0	7916
3869	7925	24	24	30	0	8003
3870	7667	11	16	45	0	7739
3871	205	8	7399	23	0	7635
3872	7365	20	116	26	0	7527
3873	185	36	46	7274	0	7541
3874	81	7395	36	126	0	7638
3875	78	98	7281	49	0	7506
3876	59	7317	120	38	0	7534
3877	70	163	56	6869	0	7158
3878	46	40	6923	99	0	7108
3879	6624	22	91	47	0	6784
3880	110	16	6834	33	0	6993
3881	6784	8	97	29	0	6918
3882	124	13	45	6799	0	6981
3883	70	11	29	6799	0	6909
3884	54	6711	25	98	0	6888
3885	44	6945	21	46	0	7056
3886	44	100	18	7116	0	7278
3887	7046	33	23	112	0	7214
3888	7076	25	15	50	0	7166
3889	7106	10	22	43	0	7181
3890	123	12	7072	30	0	7237
3891	7044	12	78	38	0	7172
3892	123	8	7161	21	0	7313
3893	60	19	6870	18	0	6967
3894	6904	9	89	39	0	7041
3895	7042	15	48	30	0	7135
3896	115	14	6975	10	0	7114
3897	71	12	73	6906	0	7062
3898	57	9	32	7134	0	7232
3899	7160	5	31	88	0	7284
3900	7070	8	30	52	0	7160
3901	108	14	7542	30	0	7694
3902	55	7205	72	15	0	7347
3903	42	6941	30	6	0	7019
3904	6942	43	42	32	0	7059
3905	67	28	18	6943	0	7056
3906	39	12	16	7091	0	7158
3907	34	6	15	7238	0	7293
3908	7135	6	17	62	0	7220
3909	52	7	12	7272	0	7343
3910	7315	7	10	61	0	7393
3911	7572	9	11	31	0	7623
3912	92	8128	15	27	0	8262
3913	56	51	16	9098	0	9221
3914	41	35	9215	81	0	9372
3915	9184	18	84	50	0	9336
3916	9433	5	42	32	0	9512
3917	9500	8	30	38	0	9576
3918	152	7	9681	20	0	9860
3919	73	6	107	9744	0	9930
3920	9935	6	47	99	0	10087
3921	9615	5	31	59	0	9710
3922	9710	8	17	36	0	9771
3923	152	9525	23	24	0	9724
3924	84	9948	16	25	0	10073
3925	67	111	11	10223	0	10412
3926	55	47	18	10165	0	10285
3927	42	10148	11	141	0	10342
3928	10214	109	11	67	0	10401
3929	127	45	10360	35	0	10567
3930	64	27	97	10359	0	10547
3931	47	22	33	10411	0	10513
3932	30	23	10326	137	0	10516
3933	10016	12	114	61	0	10203
3934	10529	6	43	58	0	10636
3935	148	10346	31	35	0	10560
3936	10358	96	17	44	0	10515
3937	144	42	10660	20	0	10866
3938	10827	21	106	68	0	11022
3939	154	21	11035	21	0	11231
3940	10902	43	131	36	0	11112
3941	11179	14	37	27	0	11257
3942	11124	4	33	34	0	11195
3943	11040	10	29	37	0	11116
3944	160	10955	25	19	0	11159
3945	11265	87	19	39	0	11410
3946	11623	26	14	50	0	11713
3947	179	28	11591	15	0	11813
3948	11671	23	107	34	0	11835
3949	161	23	29	11727	0	11940
3950	76	16	11820	126	0	12038
3951	11937	17	121	58	0	12133
3952	168	14	41	12203	0	12426
3953	12491	11	33	168	0	12703
3954	13757	13	20	138	0	13928
3955	192	16	14404	37	0	14649
3956	14464	9	129	78	0	14680
3957	14933	9	45	49	0	15036
3958	15019	10	26	39	0	15094
3959	15310	12	20	35	0	15377
3960	233	20	24	14881	0	15158
3961	91	14975	21	143	0	15230
3962	14712	127	24	115	0	14978
3963	15518	45	22	45	0	15630
3964	15665	23	15	41	0	15744
3965	244	21	15370	31	0	15666
3966	102	15405	171	27	0	15705
3967	107	139	51	15620	0	15917
3968	92	43	33	15888	0	16056
3969	91	20	16382	186	0	16679
3970	102	13	200	16462	0	16777
3971	71	20	16765	229	0	17085
3972	92	17	227	16716	0	17052
3973	88	15	62	17048	0	17213
3974	58	23	17198	271	0	17550
3975	16802	26	217	138	0	17183
3976	17644	27	71	106	0	17848
3977	295	29	17825	61	0	18210
3978	17724	16	215	83	0	18038
3979	18221	19	78	77	0	18395
3980	325	25	18497	40	0	18887
3981	154	16	246	18415	0	18831
3982	133	10	71	18731	0	18945
3983	18891	7	56	303	0	19257
3984	269	19246	53	123	0	19691
3985	17992	236	56	172	0	18456
3986	19507	50	38	97	0	19692
3987	322	19941	33	57	0	20353
3988	20273	220	33	83	0	20609
3989	20356	69	40	85	0	20550
3990	355	20121	35	28	0	20539
3991	169	228	50	20343	0	20790
3992	127	20552	41	225	0	20945
3993	145	242	34	20830	0	21251
3994	108	73	20770	267	0	21218
3995	90	67	20515	88	0	20760
3996	20516	36	279	138	0	20969
3997	21186	36	90	87	0	21399
3998	343	41	21024	49	0	21457
3999	21040	16	278	95	0	21429
4000	21668	17	89	86	0	21860
4001	21170	24	64	85	0	21343
4002	383	21300	69	56	0	21808
4003	202	216	40	21803	0	22261
4004	21779	66	40	317	0	22202
4005	21730	43	38	141	0	21952
4006	368	48	21944	60	0	22420
4007	202	28	235	21708	0	22173
4008	161	31	84	22175	0	22451
4009	120	21959	74	284	0	22437
4010	110	23220	52	111	0	23493
4011	147	373	45	22464	0	23029
4012	80	22888	44	279	0	23291
4013	22199	265	26	134	0	22624
4014	313	22931	33	49	0	23326
4015	23397	307	24	103	0	23831
4016	387	102	23375	33	0	23897
4017	24283	52	326	122	0	24783
4018	25406	29	73	101	0	25609
4019	25444	26	59	70	0	25599
4020	25094	19	52	98	0	25263
4021	522	24629	44	52	0	25247
4022	246	358	30	25089	0	25723
4023	195	102	26	24961	0	25284
4024	95	80	24808	476	0	25459
4025	150	38	374	24379	0	24941
4026	124	42	105	24998	0	25269
4027	25064	37	73	564	0	25738
4028	453	25226	70	177	0	25926
4029	248	391	36	25524	0	26199
4030	176	119	54	26084	0	26433
4031	151	79	43	26290	0	26563
4032	25925	67	43	661	0	26696
4033	533	38	37	26207	0	26815
4034	26302	47	46	601	0	26996
4035	569	51	71	26348	0	27039
4036	249	54	45	26841	0	27189
4037	164	40	25546	621	0	26371
4038	24367	38	456	294	0	25155
4039	526	25595	143	162	0	26426
4040	26487	417	81	216	0	27201
4041	617	123	62	26256	0	27058
4042	304	91	41	26785	0	27221
4043	26942	72	28	698	0	27740
4044	27487	48	49	336	0	27920
4045	751	60	42	28366	0	29219
4046	268	66	28195	631	0	29160
4047	199	53	27917	271	0	28440
4048	152	29378	588	190	0	30308
4049	29704	579	269	217	0	30769
4050	29899	170	131	191	0	30391
4051	783	97	65	29693	0	30638
4052	304	30105	52	629	0	31090
4053	262	624	42	30138	0	31066
4054	227	180	46	29060	0	29513
4055	152	27575	65	778	0	28570
4056	27707	606	54	367	0	28734
4057	724	211	56	27688	0	28679
4058	297	27774	82	661	0	28814
4059	214	29277	77	256	0	29824
4060	29038	687	80	260	0	30065
4061	707	255	28593	149	0	29704
4062	28888	186	584	154	0	29812
4063	826	158	157	29020	0	30161
4064	372	124	115	29083	0	29694
4065	257	29026	83	744	0	30110
4066	286	700	60	29236	0	30282
4067	205	220	29065	777	0	30267
4068	185	28503	558	331	0	29577
4069	174	29071	158	238	0	29641
4070	28331	653	122	265	0	29371
4071	625	28661	100	183	0	29569
4072	305	652	83	28588	0	29628
4073	212	28784	60	648	0	29704
4074	266	634	71	29002	0	29973
4075	235	241	67	29456	0	29999
4076	179	218	28183	874	0	29454
4077	210	167	546	28027	0	28950
4078	216	121	181	28782	0	29300
4079	27957	154	115	967	0	29193
4080	685	171	27740	415	0	29011
4081	367	152	563	28382	0	29464
4082	236	169	28255	825	0	29485
4083	27992	164	625	465	0	29246
4084	706	28584	240	372	0	29902
4085	30035	659	172	407	0	31273
4086	867	287	121	31053	0	32328
4087	449	228	98	31197	0	31972
4088	289	166	30471	1071	0	31997
4089	28966	169	692	570	0	30397
4090	793	30846	247	424	0	32310
4091	31054	763	154	436	0	32407
4092	920	272	157	31173	0	32522
4093	405	31375	135	907	0	32822
4094	31504	783	136	519	0	32942
4095	855	32268	128	378	0	33629
4096	404	845	111	32486	0	33846
4097	358	358	89	32948	0	33753
4098	336	256	125	32726	0	33443
4099	250	31880	117	1131	0	33378
4100	271	793	114	32565	0	33743
4101	300	318	110	33180	0	33908
4102	31887	264	103	1174	0	33428
4103	32335	240	86	621	0	33282
4104	32427	245	126	445	0	33243
4105	1081	229	31779	416	0	33505
4106	32060	241	702	432	0	33435
4107	33028	244	256	369	0	33897
4108	32066	241	158	421	0	32886
4109	1038	250	30443	358	0	32089
4110	30865	214	605	377	0	32061
4111	1018	178	209	31496	0	32901
4112	440	196	30786	938	0	32360
4113	339	30646	701	440	0	32126
4114	377	999	232	29792	0	31400
4115	237	29454	203	760	0	30654
4116	245	30125	191	368	0	30929
4117	28639	630	212	323	0	29804
4118	652	249	108	28553	0	29562
4119	28791	164	130	662	0	29747
4120	702	148	70	28823	0	29743
4121	28859	142	92	698	0	29791
4122	696	129	92	28947	0	29864
4123	28991	140	80	708	0	29919
4124	668	159	28038	313	0	29178
4125	331	119	509	28480	0	29439
4126	251	163	28930	639	0	29983
4127	257	166	27565	319	0	28307
4128	214	153	29047	251	0	29665
4129	204	207	570	28584	0	29565
4130	191	120	28876	627	0	29814
4131	28657	107	548	361	0	29673
4132	591	124	189	29202	0	30106
4133	263	97	31434	657	0	32451
4134	269	99	489	31245	0	32102
4135	234	83	172	32197	0	32686
4136	205	96	34709	715	0	35725
4137	302	85	525	34610	0	35522
4138	248	86	205	35025	0	35564
4139	213	35612	184	659	0	36668
4140	35865	410	170	400	0	36845
4141	36190	140	138	306	0	36774
4142	648	129	34960	232	0	35969
4143	34268	83	468	281	0	35100
4144	591	74	33869	191	0	34725
4145	266	85	32290	174	0	32815
4146	189	88	33222	148	0	33647
4147	269	466	514	32328	0	33577
4148	119	75	33738	384	0	34316
4149	141	82	353	33080	0	33656
4150	155	31	147	33470	0	33803
4151	120	47	95	33782	0	34044
4152	130	33	94	33922	0	34179
4153	33569	44	71	538	0	34222
4154	33736	29	83	281	0	34129
4155	374	34245	105	166	0	34890
4156	188	262	71	35025	0	35546
4157	138	119	35412	370	0	36039
4158	111	35640	372	220	0	36343
4159	134	358	153	37062	0	37707
4160	115	124	37548	445	0	38232
4161	153	92	423	36402	0	37070
4162	93	74	37406	472	0	38045
4163	114	69	36471	205	0	36859
4164	146	47	469	37602	0	38264
4165	118	57	189	37738	0	38102
4166	37911	28	140	622	0	38701
4167	430	25	118	38073	0	38646
4168	37861	34	102	604	0	38601
4169	396	37559	127	256	0	38338
4170	149	39124	117	197	0	39587
4171	152	402	65	40902	0	41521
4172	40910	139	68	618	0	41735
4173	478	41145	89	239	0	41951
4174	207	455	83	42787	0	43532
4175	43775	131	75	696	0	44677
4176	44335	111	86	313	0	44845
4177	43805	82	82	336	0	44305
4178	43855	57	112	301	0	44325
4179	45119	53	79	243	0	45494
4180	669	96	43654	156	0	44575
4181	321	84	42981	157	0	43543
4182	205	43553	533	146	0	44437
4183	286	589	203	43763	0	44841
4184	154	131	44850	450	0	45585
4185	128	159	43565	150	0	44002
4186	210	139	481	43039	0	43869
4187	101	75	45698	458	0	46332
4188	103	78	45095	188	0	45464
4189	106	54617	589	143	0	55455
4190	54798	818	215	283	0	56114
4191	785	58536	158	129	0	59608
4192	457	945	97	59731	0	61230
4193	60685	233	91	1032	0	62041
4194	1014	61434	148	246	0	62842
4195	537	1006	122	60928	0	62593
4196	221	310	61462	1008	0	63001
4197	60927	189	989	399	0	62504
4198	62967	164	280	323	0	63734
4199	63655	80	190	309	0	64234
4200	1463	97	165	62905	0	64630
4201	455	156	63125	1074	0	64810
4202	265	62724	1113	359	0	64461
4203	515	1009	300	63437	0	65261
4204	63035	269	186	1280	0	64770
4205	1201	258	62490	322	0	64271
4206	387	61105	1088	337	0	62917
4207	315	1015	62746	221	0	64297
4208	61401	352	1193	340	0	63286
4209	63854	213	395	364	0	64826
4210	63942	196	237	366	0	64741
4211	1500	150	62070	158	0	63878
4212	581	60867	1163	207	0	62818
4213	579	1068	364	61475	0	63486
4214	513	263	278	62449	0	63503
4215	491	204	268	62666	0	63629
4216	326	239	61217	1397	0	63179
4217	59165	148	1169	738	0	61220
4218	1289	205	61390	351	0	63235
4219	61310	197	1249	483	0	63239
4220	63149	188	475	457	0	64269
4221	63405	157	298	460	0	64320
4222	62330	174	282	424	0	63210
4223	1700	205	61377	200	0	63482
4224	946	161	1186	61202	0	63495
4225	610	267	61206	1147	0	63230
4226	557	59132	1243	447	0	61379
4227	475	61830	464	384	0	63153
4228	61281	1347	313	564	0	63505
4229	60251	502	366	513	0	61632
4230	1488	61618	404	369	0	63879
4231	62121	1325	316	478	0	64240
4232	1698	578	55341	408	0	58025
4233	58602	394	1034	429	0	60459
4234	1691	59795	461	313	0	62260
4235	60977	1308	382	403	0	63070
4236	58935	472	361	384	0	60152
4237	2118	368	369	56898	0	59753
4238	1055	360	317	57868	0	59600
4239	56927	320	415	1662	0	59324
4240	1793	423	360	56721	0	59297
4241	56765	379	344	1712	0	59200
4242	2007	320	340	56837	0	59504
4243	56278	270	359	1673	0	58580
4244	56388	289	408	763	0	57848
4245	2025	53724	456	477	0	56682
4246	991	55777	446	432	0	57646
4247	54323	1515	381	539	0	56758
4248	1779	54196	356	434	0	56765
4249	1033	1523	388	53539	0	56483
4250	948	595	389	54478	0	56410
4251	52651	528	392	1877	0	55448
4252	1663	52543	402	853	0	55461
4253	925	51893	456	668	0	53942
4254	851	53107	443	634	0	55035
4255	984	1625	51408	524	0	54541
4256	916	684	51309	522	0	53431
4257	998	536	51418	492	0	53444
4258	1017	993	1600	46346	0	49956
4259	785	48929	651	1316	0	51681
4260	49090	1412	441	700	0	51643
4261	1763	589	48232	547	0	51131
4262	903	496	48148	576	0	50123
4263	820	446	48965	489	0	50720
4264	903	400	1647	47922	0	50872
4265	907	397	734	48836	0	50874
4266	972	436	519	49140	0	51067
4267	48518	421	443	1609	0	50991
4268	48547	406	434	713	0	50100
4269	48575	376	498	587	0	50036
4270	1998	340	489	46195	0	49022
4271	921	332	43892	1295	0	46440
4272	766	420	44769	597	0	46552
4273	863	368	1311	44326	0	46868
4274	887	316	536	44007	0	45746
4275	42675	310	493	1450	0	44928
4276	1553	41674	454	679	0	44360
4277	41952	1018	341	676	0	43987
4278	1560	41188	378	601	0	43727
4279	1023	1087	263	41492	0	43865
4280	761	468	40916	1364	0	43509
4281	869	401	1055	40923	0	43248
4282	41392	363	378	1429	0	43562
4283	1544	293	40627	726	0	43190
4284	39385	305	1125	596	0	41411
4285	1596	296	38918	455	0	41265
4286	917	324	37801	404	0	39446
4287	35735	299	1190	462	0	37686
4288	1470	264	35933	408	0	38075
4289	474	141	25949	173	0	26737
4290	538	25287	876	213	0	26914
4291	21311	678	914	286	0	23189
4292	20041	149	231	132	0	20553
4293	19979	64	100	111	0	20254
4294	376	72	19035	62	0	19545
4295	18579	40	265	124	0	19008
4296	322	18967	114	77	0	19480
4297	18679	244	63	92	0	19078
4298	330	75	18694	50	0	19149
4299	174	205	254	17757	0	18390
4300	79	57	17847	200	0	18183
4301	74	17813	217	94	0	18198
4302	101	177	114	17435	0	17827
4303	79	62	46	17903	0	18090
4304	18257	30	43	260	0	18590
4305	18326	30	44	107	0	18507
4306	18391	22	32	79	0	18524
4307	18410	25	44	68	0	18547
4308	18207	22	39	57	0	18325
4309	262	30	18094	37	0	18423
4310	119	26	188	17951	0	18284
4311	81	30	18975	192	0	19278
4312	84	31	223	19165	0	19503
4313	19525	18	73	276	0	19892
4314	19862	18	50	125	0	20055
4315	20086	26	47	86	0	20245
4316	20507	17	52	69	0	20645
4317	333	25	20858	43	0	21259
4318	163	21	250	20900	0	21334
4319	103	24	21050	261	0	21438
4320	75	21124	284	100	0	21583
4321	75	21315	106	59	0	21555
4322	189	329	65	21055	0	21638
4323	101	96	44	22989	0	23230
4324	164	48	56	23197	0	23465
4325	93	26	69	24518	0	24706
4326	24128	21	52	524	0	24725
4327	379	23989	55	178	0	24601
4328	23364	329	28	125	0	23846
4329	432	91	29	23201	0	23753
4330	194	57	31	22910	0	23192
4331	93	23077	48	401	0	23619
4332	132	337	31	23237	0	23737
4333	23180	87	45	428	0	23740
4334	355	22226	48	176	0	22805
4335	114	22135	34	91	0	22374
4336	22121	373	31	95	0	22620
4337	389	112	21	22116	0	22638
4338	117	22077	36	360	0	22590
4339	126	334	27	22540	0	23027
4340	22691	95	43	459	0	23288
4341	402	70	19	22555	0	23046
4342	168	46	23	22844	0	23081
4343	22656	37	16	491	0	23200
4344	394	35	26	22571	0	23026
4345	144	22578	31	422	0	23175
4346	127	305	23	22582	0	23037
4347	86	22395	24	380	0	22885
4348	108	341	29	22732	0	23210
4349	22586	114	20	444	0	23164
4350	22841	76	25	207	0	23149
4351	474	65	26	22921	0	23486
4352	186	64	22548	395	0	23193
4353	22148	46	323	213	0	22730
4354	378	66	22476	126	0	23046
4355	22454	43	332	138	0	22967
4356	22763	42	108	149	0	23062
4357	459	50	22127	82	0	22718
4358	186	21808	327	93	0	22414
4359	21950	326	119	147	0	22542
4360	21990	128	60	156	0	22334
4361	406	93	22628	87	0	23214
4362	22594	57	294	175	0	23120
4363	22734	41	91	159	0	23025
4364	23035	42	44	124	0	23245
4365	500	32	30	22716	0	23278
4366	228	43	32	22917	0	23220
4367	134	23037	42	417	0	23630
4368	144	289	30	23686	0	24149
4369	157	115	40	23688	0	24000
4370	94	95	23341	462	0	23992
4371	111	90	22297	200	0	22698
4372	21504	55	398	164	0	22121
4373	22698	49	136	149	0	23032
4374	451	22436	80	117	0	23084
4375	232	329	47	22704	0	23312
4376	166	128	23249	388	0	23931
4377	177	75	340	23387	0	23979
4378	199	55	144	23691	0	24089
4379	148	47	75	24765	0	25035
4380	103	24395	69	580	0	25147
4381	136	387	37	24936	0	25496
4382	151	143	32	25331	0	25657
4383	128	110	24724	576	0	25538
4384	117	77	24745	286	0	25225
4385	23930	51	513	232	0	24726
4386	24913	60	214	200	0	25387
4387	557	68	99	25533	0	26257
4388	284	82	61	25131	0	25558
4389	190	81	50	25575	0	25896
4390	123	73	24461	713	0	25370
4391	116	23965	479	360	0	24920
4392	122	486	24177	234	0	25019
4393	23689	158	530	216	0	24593
4394	557	130	24153	163	0	25003
4395	23982	83	541	190	0	24796
4396	23891	84	176	206	0	24357
4397	24558	82	126	185	0	24951
4398	737	69	99	23933	0	24838
4399	302	80	23870	592	0	24844
4400	193	23957	507	266	0	24923
4401	192	488	167	23735	0	24582
4402	179	163	108	24358	0	24808
4403	138	115	24496	720	0	25469
4404	111	24014	592	339	0	25056
4405	24763	572	205	251	0	25791
4406	634	25399	177	180	0	26390
4407	27207	679	113	181	0	28180
4408	906	238	108	27344	0	28596
4409	325	156	28014	771	0	29266
4410	253	28121	740	306	0	29420
4411	28283	719	262	292	0	29556
4412	836	229	27973	173	0	29211
4413	27915	155	804	180	0	29054
4414	28452	118	280	194	0	29044
4415	1010	118	27752	133	0	29013
4416	27175	79	806	161	0	28221
4417	27351	63	274	149	0	27837
4418	26781	62	210	165	0	27218
4419	1065	25881	170	103	0	27219
4420	25216	681	96	151	0	26144
4421	886	25305	113	122	0	26426
4422	336	725	25037	126	0	26224
4423	235	24707	678	139	0	25759
4424	23583	740	373	142	0	24838
4425	23889	214	158	109	0	24370
4426	24142	135	129	97	0	24503
4427	942	105	92	23169	0	24308
4428	449	85	83	23881	0	24498
4429	23010	78	93	777	0	23958
4430	23885	62	93	300	0	24340
4431	912	59	85	23088	0	24144
4432	369	93	22911	620	0	23993
4433	242	22015	599	216	0	23072
4434	207	23104	177	162	0	23650
4435	233	657	141	22713	0	23744
4436	168	245	22693	594	0	23700
4437	209	224	596	21861	0	22890
4438	176	22145	194	608	0	23123
4439	247	579	120	22285	0	23231
4440	171	210	22009	653	0	23043
4441	219	148	593	22086	0	23046
4442	141	126	22848	715	0	23830
4443	217	99	655	22620	0	23591
4444	192	115	23362	684	0	24353
4445	167	114	23230	278	0	23789
4446	22449	80	797	224	0	23550
4447	23411	127	273	169	0	23980
4448	23495	108	185	189	0	23977
4449	839	22844	160	161	0	24004
4450	406	571	158	23221	0	24356
4451	22581	193	131	711	0	23616
4452	23467	166	114	274	0	24021
4453	23486	113	119	230	0	23948
4454	876	110	22885	145	0	24016
4455	383	21771	635	152	0	22941
4456	270	23279	242	165	0	23956
4457	23009	661	205	161	0	24036
4458	792	260	153	22807	0	24012
4459	22842	185	158	657	0	23842
4460	817	161	22335	213	0	23526
4461	440	121	606	21638	0	22805
4462	366	141	211	22023	0	22741
4463	318	133	191	21551	0	22193
4464	257	21549	149	791	0	22746
4465	21460	605	132	362	0	22559
4466	21759	209	166	226	0	22360
4467	891	20990	140	171	0	22192
4468	435	639	144	20732	0	21950
4469	20874	244	134	677	0	21929
4470	835	224	114	20753	0	21926
4471	20764	154	112	751	0	21781
4472	854	20493	122	315	0	21784
4473	20552	654	117	217	0	21540
4474	861	259	20054	178	0	21352
4475	382	20268	612	196	0	21458
4476	317	613	19724	201	0	20855
4477	449	537	677	19048	0	20711
4478	18889	201	290	664	0	20044
4479	19222	159	187	230	0	19798
4480	19121	128	132	202	0	19583
4481	880	117	123	18275	0	19395
4482	18393	98	124	661	0	19276
4483	836	76	108	18105	0	19125
4484	18148	73	113	721	0	19055
4485	18601	101	118	291	0	19111
4486	837	124	18049	235	0	19245
4487	350	116	17227	158	0	17851
4488	284	119	17221	141	0	17765
4489	214	149	576	16709	0	17648
4490	16893	94	295	533	0	17815
4491	549	86	186	17040	0	17861
4492	277	65	147	17591	0	18080
4493	18196	67	122	659	0	19044
4494	18417	56	98	328	0	18899
4495	18565	58	110	269	0	19002
4496	18765	66	93	205	0	19129
4497	745	61	95	18218	0	19119
4498	18045	48	90	572	0	18755
4499	626	17721	112	219	0	18678
4500	17679	395	110	203	0	18387
4501	17735	122	135	194	0	18186
4502	604	121	16722	113	0	17560
4503	15742	73	350	137	0	16302
4504	540	66	15615	108	0	16329
4505	205	50	14322	98	0	14675
4506	199	69	14251	91	0	14610
4507	245	397	272	11616	0	12530
4508	78	15	12040	153	0	12286
4509	89	91	122	10903	0	11205
4510	39	17	11267	120	0	11443
4511	29	15	11861	44	0	11949
4512	56	25	129	11435	0	11645
4513	52	20	46	12185	0	12303
4514	28	6	12699	128	0	12861
4515	12312	3	120	68	0	12503
4516	140	8	44	12776	0	12968
4517	57	2	25	13045	0	13129
4518	13063	5	17	185	0	13270
4519	124	12	13	13692	0	13841
4520	65	9	13756	132	0	13962
4521	29	15	13229	67	0	13340
4522	34	13	177	13199	0	13423
4523	26	8	13688	141	0	13863
4524	18	14027	156	62	0	14263
4525	36	142	54	13949	0	14181
4526	14202	33	18	183	0	14436
4527	142	17	14262	52	0	14473
4528	14003	8	153	55	0	14219
4529	170	6	56	14751	0	14983
4530	76	4	23	14997	0	15100
4531	43	5	17	15122	0	15187
4532	34	6	16	15086	0	15142
4533	15013	7	17	243	0	15280
4534	163	15815	22	88	0	16088
4535	80	184	15	16178	0	16457
4536	45	61	15	16302	0	16423
4537	41	17	15	16365	0	16438
4538	36	7	15	16338	0	16396
4539	16121	8	15	324	0	16468
4540	198	16045	27	115	0	16385
4541	15941	182	12	84	0	16219
4542	210	15124	24	60	0	15418
4543	65	15429	15	48	0	15557
4544	15086	227	20	51	0	15384
4545	220	73	15282	38	0	15613
4546	97	35	199	15309	0	15640
4547	15679	19	62	247	0	16007
4548	15977	16	40	131	0	16164
4549	14124	81	58	197	0	14460
4550	16248	13	18	83	0	16362
4551	261	16761	26	56	0	17104
4552	17037	236	19	83	0	17375
4553	17599	76	13	75	0	17763
4554	327	18314	22	57	0	18720
4555	156	286	14	18945	0	19401
4556	83	91	18968	334	0	19476
4557	111	43	300	19034	0	19488
4558	19063	40	95	414	0	19612
4559	330	46	19734	145	0	20255
4560	122	19513	343	89	0	20067
4561	75	341	20046	62	0	20524
4562	129	120	350	19079	0	19678
4563	55	19645	141	297	0	20138
4564	19953	344	76	152	0	20525
4565	328	20191	63	100	0	20682
4566	168	362	48	20098	0	20676
4567	136	136	26	20613	0	20911
4568	20331	82	31	462	0	20906
4569	400	59	31	20054	0	20544
4570	146	20215	53	375	0	20789
4571	20289	324	23	229	0	20865
4572	20533	111	27	146	0	20817
4573	437	20591	39	92	0	21159
4574	20589	364	20	137	0	21110
4575	399	20395	44	77	0	20915
4576	20331	364	25	126	0	20846
4577	395	20530	27	76	0	21028
4578	193	358	35	19960	0	20546
4579	128	169	37	20846	0	21180
4580	20582	101	41	450	0	21174
4581	21016	71	34	225	0	21346
4582	431	20811	44	143	0	21429
4583	203	367	20524	109	0	21203
4584	20903	161	325	122	0	21511
4585	466	75	116	21091	0	21748
4586	185	21124	73	373	0	21755
4587	161	365	55	21435	0	22016
4588	21381	134	43	472	0	22030
4589	21607	119	35	229	0	21990
4590	21725	77	25	189	0	22016
4591	571	98	20	21325	0	22014
4592	242	98	21041	407	0	21788
4593	19980	86	328	217	0	20611
4594	20308	73	119	185	0	20685
4595	20870	62	52	169	0	21153
4596	517	20361	61	127	0	21066
4597	257	368	48	20693	0	21366
4598	189	21054	47	408	0	21698
4599	200	415	50	21305	0	21970
4600	174	202	30	21728	0	22134
4601	131	134	22664	538	0	23467
4602	167	115	395	24204	0	24881
4603	162	100	141	25012	0	25415
4604	24712	71	71	771	0	25625
4605	593	24918	77	291	0	25879
4606	24846	556	59	232	0	25693
4607	25817	222	28	189	0	26256
4608	829	129	44	25312	0	26314
4609	342	130	25447	607	0	26526
4610	221	24826	530	273	0	25850
4611	210	24996	180	187	0	25573
4612	24337	696	122	198	0	25353
4613	617	24686	80	171	0	25554
4614	328	608	65	24057	0	25058
4615	240	260	69	24791	0	25360
4616	189	164	24177	719	0	25249
4617	189	155	24018	268	0	24630
4618	169	24045	639	201	0	25054
4619	182	610	210	23704	0	24706
4620	23515	225	131	598	0	24469
4621	597	167	102	23753	0	24619
4622	220	152	23913	626	0	24911
4623	219	127	523	23716	0	24585
4624	23136	124	184	689	0	24133
4625	23229	101	109	358	0	23797
4626	671	23056	104	237	0	24068
4627	23032	533	66	231	0	23862
4628	629	23024	70	207	0	23930
4629	22919	566	81	186	0	23752
4630	720	249	79	22478	0	23526
4631	311	171	22293	580	0	23355
4632	243	148	21937	232	0	22560
4633	216	22491	572	174	0	23453
4634	282	497	215	21628	0	22622
4635	231	197	127	22338	0	22893
4636	22171	135	98	649	0	23053
4637	22396	118	63	342	0	22919
4638	22833	107	73	255	0	23268
4639	726	106	94	22453	0	23379
4640	376	136	77	22834	0	23423
4641	270	124	65	23069	0	23528
4642	196	125	22549	674	0	23544
4643	190	111	22320	330	0	22951
4644	22124	89	536	287	0	23036
4645	22120	94	223	247	0	22684
4646	623	100	22126	200	0	23049
4647	21778	93	502	226	0	22599
4648	21607	77	196	256	0	22136
4649	686	76	21319	175	0	22256
4650	310	21231	544	159	0	22244
4651	292	526	221	20599	0	21638
4652	235	150	21028	528	0	21941
4653	192	21359	475	254	0	22280
4654	233	569	193	19598	0	20593
4655	157	20252	136	403	0	20948
4656	146	429	19871	196	0	20642
4657	155	188	19923	164	0	20430
4658	206	278	498	19737	0	20719
4659	19799	107	225	497	0	20628
4660	522	132	127	19824	0	20605
4661	19741	116	86	511	0	20454
4662	507	105	95	19850	0	20557
4663	202	111	19618	512	0	20443
4664	19273	86	452	298	0	20109
4665	466	84	19859	173	0	20582
4666	19939	106	483	180	0	20708
4667	539	84	200	19726	0	20549
4668	244	19863	127	506	0	20740
4669	215	422	132	20083	0	20852
4670	170	20419	141	523	0	21253
4671	206	425	138	19720	0	20489
4672	178	20473	138	472	0	21261
4673	20242	461	111	309	0	21123
4674	20563	169	104	238	0	21074
4675	20441	129	118	223	0	20911
4676	608	122	20023	168	0	20921
4677	336	107	449	20100	0	20992
4678	224	128	20377	485	0	21214
4679	208	19627	491	244	0	20570
4680	188	20314	225	159	0	20886
4681	19849	518	152	176	0	20695
4682	527	210	19793	140	0	20670
4683	244	19612	461	148	0	20465
4684	202	454	206	19905	0	20767
4685	19580	211	155	560	0	20506
4686	466	19979	158	222	0	20825
4687	20287	473	129	181	0	21070
4688	553	238	20078	137	0	21006
4689	305	139	467	20492	0	21403
4690	211	108	222	21029	0	21570
4691	186	113	159	21561	0	22019
4692	182	21277	150	659	0	22268
4693	286	531	111	20505	0	21433
4694	193	207	21716	605	0	22721
4695	225	114	507	21490	0	22336
4696	206	112	229	21921	0	22468
4697	201	75	156	21565	0	21997
4698	162	20851	144	672	0	21829
4699	230	463	117	20781	0	21591
4700	247	224	117	20706	0	21294
4701	95	19044	119	605	0	19863
4702	17295	312	54	274	0	17935
4703	309	17207	59	145	0	17720
4704	132	17160	69	116	0	17477
4705	136	423	51	16929	0	17539
4706	71	133	16789	350	0	17343
4707	15722	105	284	184	0	16295
4708	299	70	104	16402	0	16875
4709	108	53	16038	327	0	16526
4710	57	16103	273	168	0	16601
4711	76	287	110	16117	0	16590
4712	63	122	16229	318	0	16732
4713	86	85	268	15683	0	16122
4714	85	73	116	15958	0	16232
4715	15568	49	71	407	0	16095
4716	265	15516	61	171	0	16013
4717	15563	268	54	139	0	16024
4718	309	117	15664	106	0	16196
4719	125	16032	282	69	0	16508
4720	108	285	16088	67	0	16548
4721	110	161	312	16344	0	16927
4722	16267	66	141	342	0	16816
4723	304	60	72	16284	0	16720
4724	16337	43	45	390	0	16815
4725	16646	48	55	177	0	16926
4726	393	44	37	16861	0	17335
4727	154	47	17490	342	0	18033
4728	110	54	17982	167	0	18313
4729	106	44	367	18456	0	18973
4730	98	57	145	18927	0	19227
4731	18794	55	83	482	0	19414
4732	336	62	55	18816	0	19269
4733	141	18485	80	381	0	19087
4734	115	321	43	18891	0	19370
4735	105	125	49	19119	0	19398
4736	18614	73	46	515	0	19248
4737	349	18725	46	222	0	19342
4738	179	326	58	19028	0	19591
4739	112	139	48	19120	0	19419
4740	71	18728	60	482	0	19341
4741	96	337	68	19103	0	19604
4742	98	134	52	19022	0	19306
4743	56	18566	57	502	0	19181
4744	83	332	45	18909	0	19369
4745	77	136	46	18838	0	19097
4746	61	18455	64	497	0	19077
4747	58	333	43	18900	0	19334
4748	18623	142	43	520	0	19328
4749	18851	91	39	276	0	19257
4750	18490	95	29	217	0	18831
4751	18543	83	38	195	0	18859
4752	440	17786	43	183	0	18452
4753	16975	315	17	168	0	17475
4754	348	16595	25	150	0	17118
4755	122	16653	37	112	0	16924
4756	145	350	62	16511	0	17068
4757	66	124	16555	340	0	17085
4758	15911	102	272	180	0	16465
4759	16636	66	82	161	0	16945
4760	345	64	16822	118	0	17349
4761	16809	51	262	141	0	17263
4762	17471	44	76	138	0	17729
4763	376	16952	53	96	0	17477
4764	18453	292	30	175	0	18950
4765	381	105	24	18292	0	18802
4766	180	78	32	18449	0	18739
4767	142	72	43	18489	0	18746
4768	113	74	27	18471	0	18685
4769	18255	53	29	464	0	18801
4770	326	58	40	18078	0	18502
4771	181	47	30	18254	0	18512
4772	109	61	17655	401	0	18226
4773	16729	63	256	241	0	17289
4774	17929	59	82	171	0	18241
4775	18083	46	60	151	0	18340
4776	410	17459	46	111	0	18026
4777	171	18002	38	107	0	18318
4778	17802	304	30	168	0	18304
4779	354	123	25	17929	0	18431
4780	144	18112	25	352	0	18633
4781	122	284	17	18061	0	18484
4782	100	18110	17	361	0	18588
4783	18035	319	21	198	0	18573
4784	304	18222	29	161	0	18716
4785	149	288	33	18214	0	18684
4786	132	111	28	18533	0	18804
4787	116	78	18603	390	0	19187
4788	122	19421	290	173	0	20006
4789	161	406	83	19861	0	20511
4790	90	167	20222	418	0	20897
4791	69	101	20418	175	0	20763
4792	123	105	478	20537	0	21243
4793	108	52	180	20689	0	21029
4794	57	19787	84	577	0	20505
4795	51	20626	57	237	0	20971
4796	94	510	40	20587	0	21231
4797	20463	189	38	519	0	21209
4798	484	98	44	21215	0	21841
4799	21305	76	33	625	0	22039
4800	22008	67	28	308	0	22411
4801	22462	82	31	167	0	22742
4802	669	83	21879	131	0	22762
4803	22009	58	456	162	0	22685
4804	630	45	196	22152	0	23023
4805	302	38	83	22475	0	22898
4806	160	57	21933	674	0	22824
4807	139	68	21819	299	0	22325
4808	152	111	574	21407	0	22244
4809	89	20885	231	519	0	21724
4810	106	21783	101	267	0	22257
4811	151	559	69	21700	0	22479
4812	21558	215	51	594	0	22418
4813	542	115	47	21739	0	22443
4814	283	89	58	21803	0	22233
4815	136	21610	70	653	0	22469
4816	160	452	57	22015	0	22684
4817	115	200	22064	574	0	22953
4818	97	113	21312	317	0	21839
4819	20620	74	562	242	0	21498
4820	438	21243	249	147	0	22077
4821	20946	428	106	178	0	21658
4822	21135	201	75	157	0	21568
4823	615	107	67	20248	0	21037
4824	235	20680	79	417	0	21411
4825	175	427	62	21001	0	21665
4826	20778	189	43	538	0	21548
4827	442	20218	46	282	0	20988
4828	19697	421	31	177	0	20326
4829	446	19800	28	132	0	20406
4830	19880	418	32	180	0	20510
4831	19930	210	49	136	0	20325
4832	551	19425	70	91	0	20137
4833	296	398	35	19682	0	20411
4834	19717	193	40	453	0	20403
4835	488	96	18950	193	0	19727
4836	247	106	18998	103	0	19454
4837	183	193	492	18835	0	19703
4838	19102	56	185	445	0	19788
4839	435	66	77	19145	0	19723
4840	19131	61	64	495	0	19751
4841	451	83	19439	224	0	20197
4842	19839	62	364	193	0	20458
4843	20850	68	180	165	0	21263
4844	583	52	80	20558	0	21273
4845	302	63	45	20814	0	21224
4846	172	65	38	20900	0	21175
4847	156	20531	58	564	0	21309
4848	153	345	72	20697	0	21267
4849	126	166	73	21207	0	21572
4850	20879	74	72	631	0	21656
4851	20996	62	54	359	0	21471
4852	538	78	20493	181	0	21290
4853	20460	54	365	215	0	21094
4854	482	67	20731	135	0	21415
4855	19923	52	424	191	0	20590
4856	501	72	20545	118	0	21236
4857	277	84	20115	118	0	20594
4858	199	95	518	19875	0	20687
4859	154	43	20132	425	0	20754
4860	19612	45	422	309	0	20388
4861	406	60	224	20672	0	21362
4862	20986	60	95	526	0	21667
4863	21285	56	99	309	0	21749
4864	20303	45	96	162	0	20606
4865	20142	38	69	165	0	20414
4866	606	47	19838	110	0	20601
4867	368	31	348	19961	0	20708
4868	230	41	20284	386	0	20941
4869	207	31	391	20129	0	20758
4870	20200	25	220	475	0	20920
4871	447	43	122	20505	0	21117
4872	20684	45	98	504	0	21331
4873	452	47	96	20872	0	21467
4874	256	48	88	21156	0	21548
4875	20872	35	76	598	0	21581
4876	456	20620	61	286	0	21423
4877	20691	346	45	195	0	21277
4878	437	20449	49	179	0	21114
4879	287	354	43	20856	0	21540
4880	20675	175	67	440	0	21357
4881	437	84	20550	252	0	21323
4882	260	62	342	20825	0	21489
4883	20891	65	166	469	0	21591
4884	21563	47	68	251	0	21929
4885	592	61	70	21242	0	21965
4886	305	21255	64	447	0	22071
4887	174	21144	55	253	0	21626
4888	192	762	51	19720	0	20725
4889	19932	145	73	357	0	20507
4890	327	19046	35	186	0	19594
4891	116	18683	26	53	0	18878
4892	18212	289	30	92	0	18623
4893	225	18202	17	50	0	18494
4894	18866	234	37	86	0	19223
4895	335	119	25	18741	0	19220
4896	163	52	10	18817	0	19042
4897	62	18417	18	313	0	18810
4898	52	18517	20	135	0	18724
4899	17695	259	9	97	0	18060
4900	204	18198	13	57	0	18472
4901	89	19859	12	29	0	19989
4902	133	367	15	19930	0	20445
4903	20329	158	13	360	0	20860
4904	324	98	21351	152	0	21925
4905	21736	55	365	113	0	22269
4906	517	27	186	23326	0	24056
4907	249	31	23704	474	0	24458
4908	115	37	24086	257	0	24495
4909	126	34	690	24166	0	25016
4910	60	38	25113	531	0	25742
4911	24885	29	619	375	0	25908
4912	25597	45	323	189	0	26154
4913	759	48	25341	105	0	26253
4914	435	35	569	25078	0	26117
4915	256	36	329	25127	0	25748
4916	25523	21	162	857	0	26563
4917	624	27	121	24656	0	25428
4918	336	24727	104	637	0	25804
4919	25057	474	79	394	0	26004
4920	612	24767	84	204	0	25667
4921	342	25737	86	161	0	26326
4922	227	754	84	25504	0	26569
4923	222	369	47	25832	0	26470
4924	201	187	58	26012	0	26458
4925	144	148	24906	880	0	26078
4926	23721	93	510	555	0	24879
4927	551	24356	298	309	0	25514
4928	24929	547	145	277	0	25898
4929	25117	311	111	216	0	25755
4930	931	179	74	24755	0	25939
4931	467	24499	72	642	0	25680
4932	310	568	80	25346	0	26304
4933	280	298	67	25758	0	26403
4934	25538	195	75	955	0	26763
4935	25543	137	67	601	0	26348
4936	897	124	24289	356	0	25666
4937	25549	88	489	318	0	26444
4938	803	25761	245	221	0	27030
4939	26039	618	160	247	0	27064
4940	790	26845	105	173	0	27913
4941	544	732	74	26164	0	27514
4942	362	385	70	26278	0	27095
4943	253	25715	64	921	0	26953
4944	251	655	58	26559	0	27523
4945	222	409	66	26755	0	27452
4946	220	218	53	26538	0	27029
4947	158	25606	69	1086	0	26919
4948	219	664	70	26265	0	27218
4949	232	380	55	26527	0	27194
4950	213	260	59	26727	0	27259
4951	169	204	25443	1155	0	26971
4952	24744	207	588	739	0	26278
4953	728	169	25525	468	0	26890
4954	25415	165	698	377	0	26655
4955	826	145	25569	334	0	26874
4956	25530	127	733	342	0	26732
4957	26139	139	405	320	0	27003
4958	1079	125	25470	259	0	26933
4959	666	142	695	25258	0	26761
4960	416	146	24140	760	0	25462
4961	23899	153	690	526	0	25268
4962	798	144	25186	380	0	26508
4963	521	114	24815	365	0	25815
4964	24484	106	965	354	0	25909
4965	810	24590	569	230	0	26199
4966	567	619	317	24882	0	26385
4967	25198	373	284	803	0	26658
4968	891	238	222	25314	0	26665
4969	561	176	226	25840	0	26803
4970	25222	141	214	1190	0	26767
4971	25497	123	211	720	0	26551
4972	1085	136	24608	450	0	26279
4973	671	123	24822	415	0	26031
4974	451	117	1013	24806	0	26387
4975	392	96	25334	889	0	26711
4976	339	105	887	25158	0	26489
4977	342	94	545	25222	0	26203
4978	373	114	314	26038	0	26839
4979	24685	135	271	1284	0	26375
4980	816	24865	282	765	0	26728
4981	25129	644	178	581	0	26532
4982	25172	386	203	480	0	26241
4983	1074	24681	218	438	0	26411
4984	24225	652	147	410	0	25434
4985	912	353	23626	349	0	25240
4986	595	287	602	23225	0	24709
4987	23644	203	342	801	0	24990
4988	794	206	22590	500	0	24090
4989	22898	143	591	409	0	24041
4990	811	23662	284	344	0	25101
4991	25674	560	222	342	0	26798
4992	26091	280	199	299	0	26869
4993	1164	26057	164	278	0	27663
4994	26797	693	162	304	0	27956
4995	1122	382	170	26730	0	28404
4996	723	237	134	27480	0	28574
4997	27026	211	127	1074	0	28438
4998	26706	145	95	655	0	27601
4999	1117	26395	124	462	0	28098
5000	652	26560	105	360	0	27677
5001	435	937	80	24122	0	25574
5002	281	24638	108	652	0	25679
5003	266	25490	88	392	0	26236
5004	23429	671	154	297	0	24551
5005	546	23556	79	155	0	24336
5006	22092	453	67	143	0	22755
5007	479	22793	44	124	0	23440
5008	254	452	22562	104	0	23372
5009	190	22893	326	107	0	23516
5010	22319	540	224	175	0	23258
5011	22118	169	101	104	0	22492
5012	462	130	21832	55	0	22479
5013	297	99	316	21114	0	21826
5014	222	73	133	22274	0	22702
5015	121	65	22102	414	0	22702
5016	128	79	335	21530	0	22072
5017	110	63	22101	427	0	22701
5018	115	57	21428	186	0	21786
5019	21392	48	423	184	0	22047
5020	336	21814	208	102	0	22460
5021	21852	324	131	93	0	22400
5022	466	139	82	21805	0	22492
5023	205	126	22222	327	0	22880
5024	208	68	336	21618	0	22230
5025	123	22394	147	350	0	23014
5026	22833	303	107	207	0	23450
5027	23015	130	71	166	0	23382
5028	474	108	70	22976	0	23628
5029	231	68	22532	355	0	23186
5030	21794	67	330	191	0	22382
5031	390	22298	139	129	0	22956
5032	22416	313	102	117	0	22948
5033	496	149	61	22226	0	22932
5034	22237	125	52	356	0	22770
5035	489	108	28	22116	0	22741
5036	233	94	22179	408	0	22914
5037	216	68	21294	210	0	21788
5038	21287	49	363	252	0	21951
5039	373	22167	180	138	0	22858
5040	22067	292	181	111	0	22651
5041	22262	138	65	114	0	22579
5042	362	22343	48	54	0	22807
5043	22297	344	42	104	0	22787
5044	407	167	23991	65	0	24630
5045	224	165	247	24303	0	24939
5046	204	130	102	24593	0	25029
5047	158	72	84	25036	0	25350
5048	119	98	24551	424	0	25192
5049	128	80	24512	198	0	24918
5050	121	108	372	24646	0	25247
5051	92	24221	224	320	0	24857
5052	88	25495	120	151	0	25854
5053	25640	364	79	193	0	26276
5054	26037	192	66	153	0	26448
5055	393	27023	107	104	0	27627
5056	236	342	48	27895	0	28521
5057	183	151	57	28253	0	28644
5058	28694	123	93	525	0	29435
5059	405	86	89	29673	0	30253
5060	222	70	95	29766	0	30153
5061	192	89	71	30008	0	30360
5062	162	105	28520	492	0	29279
5063	160	124	26995	293	0	27572
5064	28575	56	428	271	0	29330
5065	393	60	209	30575	0	31237
5066	188	67	30435	447	0	31137
5067	167	96	29485	221	0	29969
5068	30477	85	497	260	0	31319
5069	537	75	34176	138	0	34926
5070	258	34863	571	125	0	35817
5071	231	459	228	37922	0	38840
5072	145	234	37952	613	0	38944
5073	37784	152	600	334	0	38870
5074	752	95	267	40165	0	41279
5075	332	85	39957	746	0	41120
5076	315	61	701	40225	0	41302
5077	222	56	323	40961	0	41562
5078	40871	46	229	1026	0	42172
5079	754	41241	202	452	0	42649
5080	422	653	161	41404	0	42640
5081	41802	272	110	856	0	43040
5082	42275	176	109	426	0	42986
5083	42581	108	117	314	0	43120
5084	43192	92	94	279	0	43657
5085	1210	85	87	42243	0	43625
5086	41762	72	128	890	0	42852
5087	42377	47	120	488	0	43032
5088	40921	41	115	443	0	41520
5089	41452	52	125	339	0	41968
5090	1114	39302	110	237	0	40763
5091	350	37869	73	129	0	38421
5092	330	630	59	37618	0	38637
5093	190	37327	62	514	0	38093
5094	37758	575	80	314	0	38727
5095	721	228	27	37955	0	38931
5096	38086	108	44	667	0	38905
5097	38637	74	26	354	0	39091
5098	891	75	29	39454	0	40449
5099	435	44	46	39323	0	39848
5100	249	39026	56	739	0	40070
5101	39469	503	37	401	0	40410
5102	661	39220	63	198	0	40142
5103	39650	585	25	264	0	40524
5104	782	233	29	39975	0	41019
5105	349	171	39387	601	0	40508
5106	38997	108	497	411	0	40013
5107	38591	115	197	305	0	39208
5108	854	104	38145	136	0	39239
5109	413	99	38191	148	0	38851
5110	418	81	656	37337	0	38492
5111	40408	74	243	747	0	41472
5112	41963	93	145	438	0	42639
5113	42937	71	85	345	0	43438
5114	43489	100	78	295	0	43962
5115	1052	42463	95	152	0	43762
5116	44476	643	67	266	0	45452
5117	995	268	77	43974	0	45314
5118	563	137	72	44482	0	45254
5119	415	106	75	45750	0	46346
5120	374	81	81	46347	0	46883
5121	45528	90	81	1160	0	46859
5122	977	73	80	47144	0	48274
5123	447	104	46151	993	0	47695
5124	444	70	747	47131	0	48392
5125	381	64	277	47839	0	48561
5126	372	74	164	47712	0	48322
5127	387	86	105	47652	0	48230
5128	46229	79	86	1410	0	47804
5129	946	45575	138	612	0	47271
5130	494	46504	123	420	0	47541
5131	401	1012	100	46467	0	47980
5132	45794	392	129	1170	0	47485
5133	47313	188	105	663	0	48269
5134	1273	129	101	47529	0	49032
5135	615	119	46203	1099	0	48036
5136	46555	120	811	699	0	48185
5137	1172	105	311	48301	0	49889
5138	577	130	48105	1148	0	49960
5139	46344	114	888	744	0	48090
5140	1187	47774	327	447	0	49735
5141	52449	914	167	488	0	54018
5142	1534	53349	131	330	0	55344
5143	966	1350	91	53548	0	55955
5144	543	53405	112	1478	0	55538
5145	565	1562	74	55055	0	57256
5146	53161	645	81	1930	0	55817
5147	1493	53903	134	926	0	56456
5148	823	1427	53462	580	0	56292
5149	654	719	1284	54035	0	56692
5150	430	439	54333	1600	0	56802
5151	538	307	1509	53496	0	55850
5152	498	219	685	55246	0	56648
5153	420	225	53312	2080	0	56037
5154	49214	241	1429	1247	0	52131
5155	1604	217	52090	684	0	54595
5156	816	260	51655	503	0	53234
5157	521	51449	1825	504	0	54299
5158	515	1401	818	51145	0	53879
5159	418	670	457	52039	0	53584
5160	540	403	320	50696	0	51959
5161	451	283	232	52866	0	53832
5162	307	225	50219	2307	0	53058
5163	47713	185	1385	1411	0	50694
5164	1462	176	50412	859	0	52909
5165	868	139	1562	49157	0	51726
5166	48755	144	729	1739	0	51367
5167	1481	48760	516	969	0	51726
5168	891	1616	355	47434	0	50296
5169	45313	584	324	1557	0	47778
5170	1413	43596	262	850	0	46121
5171	588	43187	183	504	0	44462
5172	42073	1507	190	553	0	44323
5173	1204	42561	151	424	0	44340
5174	41001	1260	194	456	0	42911
5175	1276	41528	160	345	0	43309
5176	41926	1285	181	339	0	43731
5177	42601	592	161	368	0	43722
5178	1592	41996	205	574	0	44367
5179	933	1193	133	41752	0	44011
5180	518	588	40976	1240	0	43322
5181	40668	417	1035	706	0	42826
5182	1304	308	445	40872	0	42929
5183	676	39706	309	1287	0	41978
5184	427	41226	228	691	0	42572
5185	365	1449	162	41273	0	43249
5186	40811	680	171	1379	0	43041
5187	1226	504	40618	694	0	43042
5188	754	254	1087	41377	0	43472
5189	523	263	493	42330	0	43609
5190	400	247	330	42980	0	43957
5191	369	213	213	42224	0	43019
5192	256	40653	222	1908	0	43039
5193	325	1114	171	41837	0	43447
5194	338	582	40192	1605	0	42717
5195	268	417	39704	828	0	41217
5196	244	352	40452	571	0	41619
5197	282	323	1538	39443	0	41586
5198	38523	254	769	1316	0	40862
5199	1158	253	38545	735	0	40691
5200	681	215	39017	525	0	40438
5201	494	174	1512	37938	0	40118
5202	38092	211	772	1410	0	40485
5203	1175	37967	464	821	0	40427
5204	38015	1186	315	659	0	40175
5205	1439	604	278	37905	0	40226
5206	725	468	38115	1314	0	40622
5207	540	548	1162	37083	0	39333
5208	353	38035	632	1368	0	40388
5209	39303	1194	446	832	0	41775
5210	1280	586	39140	584	0	41590
5211	586	37707	1149	465	0	39907
5212	36943	1156	692	464	0	39255
5213	1332	621	465	36779	0	39197
5214	702	378	339	37519	0	38938
5215	37076	259	275	1711	0	39321
5216	37342	219	257	958	0	38776
5217	38503	233	272	656	0	39664
5218	1918	239	254	36649	0	39060
5219	933	35923	228	1368	0	38452
5220	36453	1050	240	844	0	38587
5221	1316	36348	225	595	0	38484
5222	35119	1210	225	423	0	36977
5223	1377	34290	227	319	0	36213
5224	811	1173	199	34031	0	36214
5225	34361	640	171	1248	0	36420
5226	35041	399	130	768	0	36338
5227	35554	301	107	600	0	36562
5228	35841	221	108	468	0	36638
5229	35883	201	136	391	0	36611
5230	1908	222	33989	275	0	36394
5231	1133	233	984	33832	0	36182
5232	686	229	34259	1108	0	36282
5233	534	255	34117	598	0	35504
5234	33356	252	1406	442	0	35456
5235	34099	233	694	345	0	35371
5236	34260	204	368	272	0	35104
5237	1877	221	229	32335	0	34662
5238	32350	188	188	1105	0	33831
5239	1476	31398	179	652	0	33705
5240	886	31893	168	477	0	33424
5241	479	28432	95	216	0	29222
5242	26109	810	178	156	0	27253
5243	714	26325	104	149	0	27292
5244	25558	553	135	163	0	26409
5245	25433	234	73	171	0	25911
5246	822	150	24845	116	0	25933
5247	490	116	529	24542	0	25677
5248	392	100	195	25799	0	26486
5249	25799	86	124	741	0	26750
5250	26054	99	91	347	0	26591
5251	918	96	68	25588	0	26670
5252	428	108	25175	639	0	26350
5253	302	130	25358	296	0	26086
5254	307	102	657	25550	0	26616
5255	302	99	255	25684	0	26340
5256	298	104	134	26205	0	26741
5257	25096	88	99	868	0	26151
5258	25390	96	83	416	0	25985
5259	881	24872	117	229	0	26099
5260	455	577	110	25056	0	26198
5261	358	238	81	25273	0	25950
5262	268	25064	85	796	0	26213
5263	322	589	92	25318	0	26321
5264	25233	240	93	735	0	26301
5265	780	127	109	25078	0	26094
5266	459	114	117	25454	0	26144
5267	24684	92	101	874	0	25751
5268	24927	92	87	468	0	25574
5269	25036	90	95	326	0	25547
5270	1025	182	108	24136	0	25451
5271	482	100	23131	630	0	24343
5272	354	106	22777	319	0	23556
5273	298	115	22682	241	0	23336
5274	271	22035	637	204	0	23147
5275	21601	566	345	252	0	22764
5276	687	232	20987	168	0	22074
5277	20608	130	478	192	0	21408
5278	688	110	231	20419	0	21448
5279	19207	117	148	675	0	20147
5280	20777	102	113	374	0	21366
5281	776	20654	91	232	0	21753
5282	21140	468	81	250	0	21939
5283	21265	193	100	264	0	21822
5284	783	20686	132	220	0	21821
5285	492	453	121	21127	0	22193
5286	334	224	21068	590	0	22216
5287	325	124	476	20763	0	21688
5288	295	128	226	21172	0	21821
5289	20920	120	151	740	0	21931
5290	683	99	142	20873	0	21797
5291	382	21043	118	652	0	22195
5292	317	493	99	21175	0	22084
5293	291	256	93	21571	0	22211
5294	280	169	20830	791	0	22070
5295	294	20384	485	433	0	21596
5296	309	20978	226	302	0	21815
5297	20306	658	120	304	0	21388
5298	595	21026	117	254	0	21992
5299	403	567	135	21005	0	22110
5300	271	298	20906	655	0	22130
5301	260	21015	528	364	0	22167
5302	20998	550	283	274	0	22105
5303	685	273	201	20932	0	22091
5304	402	189	149	21459	0	22199
5305	282	156	20823	781	0	22042
5306	293	125	525	20322	0	21265
5307	298	101	266	20790	0	21455
5308	20030	127	180	852	0	21189
5309	18733	98	107	424	0	19362
5310	741	18247	92	300	0	19380
5311	17228	397	82	240	0	17947
5312	543	16802	86	179	0	17610
5313	262	507	69	15828	0	16666
5314	199	15970	74	440	0	16683
5315	187	16492	82	249	0	17010
5316	15591	485	159	244	0	16479
5317	15193	165	94	224	0	15676
5318	419	14813	76	130	0	15438
5319	14913	333	55	151	0	15452
5320	15048	135	43	174	0	15400
5321	15481	85	57	177	0	15800
5322	442	104	43	15481	0	16070
5323	15470	84	55	400	0	16009
5324	412	86	14746	187	0	15431
5325	14770	79	271	176	0	15296
5326	404	81	15043	138	0	15666
5327	232	92	296	15291	0	15911
5328	176	105	115	15655	0	16051
5329	165	93	15351	397	0	16006
5330	15048	81	275	248	0	15652
5331	15548	81	136	196	0	15961
5332	445	65	15995	116	0	16621
5333	241	81	311	15716	0	16349
5334	212	63	125	16054	0	16454
5335	177	49	72	16428	0	16726
5336	16021	65	77	462	0	16625
5337	16129	59	80	233	0	16501
5338	448	42	69	15522	0	16081
5339	192	14707	70	298	0	15267
5340	145	14600	41	150	0	14936
5341	13784	273	32	134	0	14223
5342	263	13732	54	95	0	14144
5343	117	13480	39	66	0	13702
5344	123	214	36	12288	0	12661
5345	53	67	12319	157	0	12596
5346	52	12081	131	62	0	12326
5347	71	224	66	11904	0	12265
5348	45	11940	33	146	0	12164
5349	52	123	22	11835	0	12032
5350	11819	34	31	168	0	12052
5351	128	11952	15	73	0	12168
5352	12137	116	13	73	0	12339
5353	11926	37	16	71	0	12050
5354	163	33	11676	29	0	11901
5355	11604	22	119	41	0	11786
5356	148	38	29	11954	0	12169
5357	49	26	12056	117	0	12248
5358	36	11984	99	53	0	12172
5359	51	139	32	11819	0	12041
5360	32	47	24	11956	0	12059
5361	11906	20	16	150	0	12092
5362	124	20	14	11943	0	12101
5363	57	21	11	12003	0	12092
5364	11935	16	11	170	0	12132
5365	111	11850	11	65	0	12037
5366	11845	109	13	88	0	12055
5367	132	46	11769	33	0	11980
5368	11312	33	100	65	0	11510
5369	141	31	12311	20	0	12503
5370	57	12586	119	32	0	12794
5371	12792	129	47	53	0	13021
5372	12417	52	23	79	0	12571
5373	163	32	12622	26	0	12843
5374	79	40	12951	26	0	13096
5375	62	22	13545	28	0	13657
5376	41	14100	204	33	0	14378
5377	56	177	64	14473	0	14770
5378	47	69	15972	172	0	16260
5379	39	45	15763	60	0	15907
5380	86	38	294	15617	0	16035
5381	60	24	16230	226	0	16540
5382	15959	23	269	149	0	16400
5383	17785	19	117	104	0	18025
5384	359	33	17565	41	0	17998
5385	166	17480	286	50	0	17982
5386	151	264	119	17524	0	18058
5387	66	121	17902	270	0	18359
5388	31	17660	312	140	0	18143
5389	120	316	125	17532	0	18093
5390	17635	97	73	340	0	18145
5391	17672	49	54	175	0	17950
5392	340	17932	51	76	0	18399
5393	179	251	43	18135	0	18608
5394	112	103	48	18388	0	18651
5395	103	75	50	18143	0	18371
5396	86	49	26	18448	0	18609
5397	51	26	17994	429	0	18500
5398	97	46	256	17769	0	18168
5399	40	52	17676	334	0	18102
5400	34	17429	270	159	0	17892
5401	17365	230	141	136	0	17872
5402	209	18045	85	94	0	18433
5403	151	262	42	18236	0	18691
5404	120	130	29	18293	0	18572
5405	18187	72	20	377	0	18656
5406	240	36	31	18383	0	18690
5407	107	17914	54	307	0	18382
5408	103	211	19	18552	0	18885
5409	83	114	32	18601	0	18830
5410	18302	75	33	392	0	18802
5411	234	59	17989	202	0	18484
5412	119	17842	196	132	0	18289
5413	82	18352	98	81	0	18613
5414	84	268	39	18148	0	18539
5415	17810	145	39	277	0	18271
5416	191	17856	24	161	0	18232
5417	123	218	20	18230	0	18591
5418	84	109	17938	265	0	18396
5419	89	69	214	17967	0	18339
5420	18089	63	96	329	0	18577
5421	17972	34	67	209	0	18282
5422	305	43	37	17888	0	18273
5423	18152	37	19	324	0	18532
5424	18044	35	32	190	0	18301
5425	331	60	17849	97	0	18337
5426	17388	44	210	122	0	17764
5427	285	17897	112	63	0	18357
5428	18278	215	68	91	0	18652
5429	296	133	17904	54	0	18387
5430	192	85	217	18224	0	18718
5431	18693	38	121	332	0	19184
5432	298	32	17833	145	0	18308
5433	179	32	17889	102	0	18202
5434	153	31	343	17834	0	18361
5435	92	41	18344	275	0	18752
5436	18070	32	320	177	0	18599
5437	300	46	18591	101	0	19038
5438	208	32	327	18870	0	19437
5439	136	30	175	19381	0	19722
5440	20027	40	102	450	0	20619
5441	365	40	20160	223	0	20788
5442	178	34	21166	145	0	21523
5443	169	25	506	22109	0	22809
5444	92	28	22538	447	0	23105
5445	22137	24	546	233	0	22940
5446	477	26	272	22422	0	23197
5447	215	34	22610	486	0	23345
5448	210	23	505	22416	0	23154
5449	181	24	241	22853	0	23299
5450	22817	29	170	672	0	23688
5451	482	40	22831	304	0	23657
5452	22252	41	505	253	0	23051
5453	561	43	23414	162	0	24180
5454	23055	30	583	172	0	23840
5455	23408	43	302	147	0	23900
5456	23488	34	150	206	0	23878
5457	662	22625	163	154	0	23604
5458	23196	398	107	180	0	23881
5459	23354	165	84	186	0	23789
5460	700	93	121	22965	0	23879
5461	333	49	22772	569	0	23723
5462	22366	29	484	351	0	23230
5463	569	39	23383	216	0	24207
5464	344	49	569	23035	0	23997
5465	284	45	268	23864	0	24461
5466	23743	42	193	683	0	24661
5467	551	24155	145	322	0	25173
5468	381	430	100	24030	0	24941
5469	330	179	99	24276	0	24884
5470	184	139	23962	655	0	24940
5471	218	76	484	23861	0	24639
5472	249	44	216	24497	0	25006
5473	264	34	155	23963	0	24416
5474	133	23354	140	710	0	24337
5475	22699	392	106	395	0	23592
5476	22891	171	101	289	0	23452
5477	591	22738	102	212	0	23643
5478	21358	361	79	191	0	21989
5479	533	153	53	22143	0	22882
5480	216	92	23080	478	0	23866
5481	140	23027	430	247	0	23844
5482	127	23789	180	244	0	24340
5483	23598	451	179	141	0	24369
5484	24831	151	99	175	0	25256
5485	647	86	60	24838	0	25631
5486	325	65	67	25303	0	25760
5487	234	59	62	25316	0	25671
5488	24607	57	69	741	0	25474
5489	589	54	24294	279	0	25216
5490	24588	52	479	236	0	25355
5491	662	58	181	24892	0	25793
5492	317	38	130	24652	0	25137
5493	185	24410	123	678	0	25396
5494	201	459	123	25125	0	25908
5495	212	175	85	25538	0	26010
5496	182	104	25371	729	0	26386
5497	197	25539	504	327	0	26567
5498	26164	490	188	313	0	27155
5499	25818	179	134	324	0	26455
5500	26675	103	107	263	0	27148
5501	26558	87	99	269	0	27013
5502	747	95	25327	169	0	26338
5503	25404	60	544	186	0	26194
5504	687	68	25709	203	0	26667
5505	347	60	548	25267	0	26222
5506	235	25787	222	632	0	26876
5507	267	501	142	26157	0	27067
5508	283	176	124	26610	0	27193
5509	205	109	26190	757	0	27261
5510	25389	116	569	435	0	26509
5511	26183	95	248	319	0	26845
5512	720	25554	170	305	0	26749
5513	372	502	25847	231	0	26952
5514	319	195	522	26066	0	27102
5515	266	142	26233	644	0	27285
5516	269	124	25868	313	0	26574
5517	303	117	641	26057	0	27118
5518	287	107	26092	649	0	27135
5519	298	109	573	26063	0	27043
5520	289	111	26805	689	0	27894
5521	277	98	601	26784	0	27760
5522	27051	86	278	800	0	28215
5523	27325	91	219	462	0	28097
5524	27282	87	157	380	0	27906
5525	27109	116	164	347	0	27736
5526	750	26737	174	311	0	27972
5527	436	488	150	26914	0	27988
5528	332	179	144	27395	0	28050
5529	256	155	26661	815	0	27887
5530	285	160	531	26382	0	27358
5531	221	147	26501	738	0	27607
5532	230	130	25507	407	0	26274
5533	25021	93	658	353	0	26125
5534	579	26757	283	319	0	27938
5535	27082	490	195	346	0	28113
5536	27279	189	188	315	0	27971
5537	741	27715	145	269	0	28870
5538	28131	477	159	322	0	29089
5539	688	195	28173	216	0	29272
5540	339	27913	469	186	0	28907
5541	27893	441	280	260	0	28874
5542	513	179	26976	198	0	27866
5543	25713	124	372	200	0	26409
5544	401	26844	188	183	0	27616
5545	27071	361	127	231	0	27790
5546	27040	134	138	196	0	27508
5547	489	26505	125	133	0	27252
5548	256	26611	118	109	0	27094
5549	182	27741	121	115	0	28159
5550	208	423	137	28176	0	28944
5551	179	151	106	28503	0	28939
5552	28777	94	143	526	0	29540
5553	28408	70	120	276	0	28874
5554	496	105	28397	161	0	29159
5555	244	97	27546	174	0	28061
5556	185	87	28586	161	0	29019
5557	191	57	552	28952	0	29752
5558	191	72	29671	505	0	30439
5559	214	57	508	29471	0	30250
5560	29920	59	180	574	0	30733
5561	546	80	30040	189	0	30855
5562	29933	71	478	243	0	30725
5563	30431	105	196	188	0	30920
5564	585	80	30661	170	0	31496
5565	239	31342	484	168	0	32233
5566	276	410	233	31146	0	32065
5567	180	137	31798	500	0	32615
5568	249	81	546	30633	0	31509
5569	196	80	218	33403	0	33897
5570	32811	69	174	606	0	33660
5571	584	95	141	32788	0	33608
5572	260	104	32676	522	0	33562
5573	269	67	480	32602	0	33418
5574	33115	96	170	608	0	33989
5575	598	33268	136	189	0	34191
5576	33593	472	141	240	0	34446
5577	653	238	158	33473	0	34522
5578	265	139	33525	508	0	34437
5579	210	105	32738	162	0	33215
5580	207	88	32580	136	0	33011
5581	128	32034	514	102	0	32778
5582	31219	583	316	207	0	32325
5583	439	30638	108	81	0	31266
5584	29566	340	87	130	0	30123
5585	353	29620	59	41	0	30073
5586	134	357	49	30049	0	30589
5587	132	67	39	30385	0	30623
5588	103	65	44	30357	0	30569
5589	54	30173	57	437	0	30721
5590	121	375	54	31491	0	32041
5591	131	68	55	35480	0	35734
5592	36789	67	53	706	0	37615
5593	772	61	61	38235	0	39129
5594	156	73	39535	790	0	40554
5595	38715	50	772	301	0	39838
5596	40239	54	170	255	0	40718
5597	924	40096	115	209	0	41344
5598	40367	802	80	216	0	41465
5599	41409	187	57	220	0	41873
5600	1165	123	56	40673	0	42017
5601	497	84	74	41569	0	42224
5602	401	65	73	42560	0	43099
5603	41912	63	57	1251	0	43283
5604	42501	79	56	477	0	43113
5605	1177	96	41438	231	0	42942
5606	41261	67	848	314	0	42490
5607	42221	48	232	262	0	42763
5608	42275	54	133	289	0	42751
5609	1274	67	40612	202	0	42155
5610	501	98	41002	173	0	41774
5611	527	53	1032	40853	0	42465
5612	312	68	41610	984	0	42974
5613	356	46	1028	40696	0	42126
5614	474	75	301	38574	0	39424
5615	296	41224	226	991	0	42737
5616	41398	869	212	494	0	42973
5617	1108	248	41525	270	0	43151
5618	41556	151	1046	300	0	43053
5619	1337	112	338	42393	0	44180
5620	41613	88	248	1190	0	43139
5621	1246	40760	212	465	0	42683
5622	520	42423	177	390	0	43510
5623	530	1171	277	41651	0	43629
5624	499	349	172	42815	0	43835
5625	343	230	41650	1377	0	43600
5626	479	155	1042	41608	0	43284
5627	40524	120	325	1496	0	42465
5628	1208	40927	253	540	0	42928
5629	567	1067	40807	381	0	42822
5630	561	350	1065	40695	0	42671
5631	412	211	41078	1213	0	42914
5632	487	163	1171	40737	0	42558
5633	356	139	41128	1307	0	42930
5634	290	180	40124	599	0	41193
5635	368	181	1325	39786	0	41660
5636	39929	156	543	1370	0	41998
5637	39590	157	410	611	0	40768
5638	38690	149	326	545	0	39710
5639	1435	37779	303	449	0	39966
5640	38132	1016	273	420	0	39841
5641	38049	327	292	424	0	39092
5642	1455	227	36808	351	0	38841
5643	654	36425	1081	382	0	38542
5644	614	1076	412	35955	0	38057
5645	35726	374	314	1262	0	37676
5646	1256	35825	278	546	0	37905
5647	36456	1113	245	487	0	38301
5648	37024	369	256	453	0	38102
5649	36410	289	245	422	0	37366
5650	36180	261	269	368	0	37078
5651	1684	235	201	34692	0	36812
5652	34769	210	196	1276	0	36451
5653	1446	215	250	33989	0	35900
5654	651	32989	253	1262	0	35155
5655	574	880	254	33626	0	35334
5656	33516	322	252	1299	0	35389
5657	1319	230	32913	582	0	35044
5658	727	156	1004	33068	0	34955
5659	32632	162	422	1258	0	34474
5660	1320	32303	298	588	0	34509
5661	32437	919	278	487	0	34121
5662	32810	369	228	470	0	33877
5663	1461	32246	279	370	0	34356
5664	32178	954	266	405	0	33803
5665	1392	345	30313	338	0	32388
5666	736	271	30268	345	0	31620
5667	29809	260	1123	369	0	31561
5668	1351	246	29527	311	0	31435
5669	791	249	954	27511	0	29505
5670	666	27948	411	923	0	29948
5671	28423	927	283	429	0	30062
5672	1263	27727	252	330	0	29572
5673	736	27713	254	305	0	29008
5674	595	1037	275	28603	0	30510
5675	565	408	222	28854	0	30049
5676	485	306	198	28787	0	29776
5677	490	228	228	28716	0	29662
5678	417	248	27263	1274	0	29202
5679	416	200	814	26385	0	27815
5680	440	230	341	26881	0	27892
5681	25938	227	245	1175	0	27585
5682	1029	197	235	25991	0	27452
5683	510	213	25075	1119	0	26917
5684	24952	206	760	577	0	26495
5685	1079	197	324	25061	0	26661
5686	551	193	25138	925	0	26807
5687	507	306	813	24524	0	26150
5688	422	25045	363	902	0	26732
5689	25150	708	288	515	0	26661
5690	911	282	23613	339	0	25145
5691	390	19783	572	239	0	20984
5692	17924	432	326	187	0	18869
5693	410	16043	164	169	0	16786
5694	211	14589	116	107	0	15023
5695	14297	332	211	98	0	14938
5696	324	13657	76	102	0	14159
5697	172	13436	63	81	0	13752
5698	308	348	153	13004	0	13813
5699	123	120	12888	221	0	13352
5700	108	12935	197	112	0	13352
5701	127	250	82	12532	0	12991
5702	86	12325	47	185	0	12643
5703	12236	173	38	121	0	12568
5704	202	92	11948	98	0	12340
5705	103	80	147	12037	0	12367
5706	12436	43	65	225	0	12769
5707	209	48	52	12677	0	12986
5708	94	56	12607	214	0	12971
5709	12350	41	156	136	0	12683
5710	12903	44	76	91	0	13114
5711	228	13369	61	74	0	13732
5712	135	158	41	13449	0	13783
5713	90	80	37	13890	0	14097
5714	14121	49	42	231	0	14443
5715	13879	43	47	127	0	14096
5716	256	57	13908	68	0	14289
5717	131	13680	148	47	0	14006
5718	13743	115	62	55	0	13975
5719	152	57	45	13671	0	13925
5720	74	49	13977	150	0	14250
5721	55	48	13430	79	0	13612
5722	66	135	134	13405	0	13740
5723	13656	10	67	113	0	13846
5724	93	13489	30	59	0	13671
5725	14915	99	14	98	0	15126
5726	139	45	13	15118	0	15315
5727	60	19	14	15347	0	15440
5728	48	13	15	15567	0	15643
5729	15469	15	5	192	0	15681
5730	99	15682	18	71	0	15870
5731	67	87	20	16171	0	16345
5732	30	38	9	16213	0	16290
5733	29	28	16260	129	0	16446
5734	52	12	95	16040	0	16199
5735	20	27	16538	124	0	16709
5736	23	16173	103	52	0	16351
5737	27	82	34	16419	0	16562
5738	16320	33	16	109	0	16478
5739	92	18	16120	41	0	16271
5740	54	11	80	16359	0	16504
5741	26	17	16289	90	0	16422
5742	15667	9	96	81	0	15853
5743	91	11	16526	21	0	16649
5744	62	10	89	16117	0	16278
5745	16518	6	40	124	0	16688
5746	94	15107	38	58	0	15297
5747	15960	71	9	56	0	16096
5748	100	14988	40	19	0	15147
5749	60	93	15	16366	0	16534
5750	31	51	16059	94	0	16235
5751	31	45	15804	67	0	15947
5752	49	11	112	16295	0	16467
5753	16956	12	58	128	0	17154
5754	16743	9	26	82	0	16860
5755	140	11	19	16728	0	16898
5756	71	11	16	16946	0	17044
5757	16802	14	18	165	0	16999
5758	112	16254	28	88	0	16482
5759	63	17295	21	40	0	17419
5760	17564	129	10	70	0	17773
5761	129	67	17325	27	0	17548
5762	91	25	109	17263	0	17488
5763	49	27	17329	125	0	17530
5764	44	17	125	17412	0	17598
5765	39	18	17623	147	0	17827
5766	41	33	17364	75	0	17513
5767	55	10	157	17909	0	18131
5768	28	17285	92	124	0	17529
5769	18269	115	39	111	0	18534
5770	127	18047	36	52	0	18262
5771	86	128	26	18548	0	18788
5772	18711	55	25	163	0	18954
5773	135	40	29	19091	0	19295
5774	19301	16	21	206	0	19544
5775	19268	25	22	126	0	19441
5776	19529	15	26	84	0	19654
5777	196	18981	31	60	0	19268
5778	20012	124	25	67	0	20228
5779	188	86	26	20893	0	21193
5780	21652	36	25	223	0	21936
5781	220	29	24	22484	0	22757
5782	22590	28	26	279	0	22923
5783	22994	18	18	160	0	23190
5784	282	22775	40	79	0	23176
5785	159	206	15	25061	0	25441
5786	114	100	27	25152	0	25393
5787	56	26223	32	418	0	26729
5788	100	358	21	27029	0	27508
5789	26944	135	35	501	0	27615
5790	28052	58	33	260	0	28403
5791	27559	41	31	189	0	27820
5792	598	56	28848	91	0	29593
5793	30049	26	380	149	0	30604
5794	31290	29	155	132	0	31606
5795	31730	21	83	126	0	31960
5796	695	31156	55	76	0	31982
5797	348	413	40	31805	0	32606
5798	205	185	29	32326	0	32745
5799	174	80	32	32085	0	32371
5800	105	54	31154	713	0	32026
5801	126	47	427	31616	0	32216
5802	31876	31	200	628	0	32735
5803	565	30	78	32223	0	32896
5804	350	30	47	33058	0	33485
5805	168	41	32276	732	0	33217
5806	120	31898	508	353	0	32879
5807	33116	494	220	245	0	34075
5808	621	219	85	33202	0	34127
5809	33418	92	53	648	0	34211
5810	627	80	32730	277	0	33714
5811	31665	47	484	263	0	32459
5812	622	33671	233	217	0	34743
5813	305	487	33429	133	0	34354
5814	175	213	33629	112	0	34129
5815	199	144	664	32503	0	33510
5816	143	77	34812	528	0	35560
5817	93	34789	545	295	0	35722
5818	202	474	219	34715	0	35610
5819	143	210	122	35601	0	36076
5820	144	113	74	35841	0	36172
5821	35113	62	54	801	0	36030
5822	518	35108	58	363	0	36047
5823	327	456	59	36100	0	36942
5824	212	205	73	36717	0	37207
5825	35523	92	62	794	0	36471
5826	536	35760	65	371	0	36732
5827	36706	496	62	335	0	37599
5828	36670	223	81	287	0	37261
5829	36611	122	55	268	0	37056
5830	798	85	35891	163	0	36937
5831	455	95	490	35461	0	36501
5832	264	35868	242	567	0	36941
5833	209	36986	135	359	0	37689
5834	239	654	71	36849	0	37813
5835	202	36827	115	568	0	37712
5836	39234	618	74	482	0	40408
5837	621	312	38771	235	0	39939
5838	38415	157	484	308	0	39364
5839	40262	103	228	290	0	40883
5840	866	119	130	40579	0	41694
5841	40873	104	92	735	0	41804
5842	730	43863	117	379	0	45089
5843	45235	549	95	488	0	46367
5844	45750	273	119	344	0	46486
5845	48555	171	114	337	0	49177
5846	1085	180	48490	192	0	49947
5847	594	237	48817	213	0	49861
5848	480	130	901	49521	0	51032
5849	344	48609	466	800	0	50219
5850	332	50926	251	460	0	51969
5851	359	951	182	50623	0	52115
5852	51173	484	143	1000	0	52800
5853	908	247	127	51458	0	52740
5854	521	164	145	52292	0	53122
5855	51800	163	152	1278	0	53393
5856	890	51622	176	676	0	53364
5857	557	754	51486	427	0	53224
5858	427	395	50691	352	0	51865
5859	52495	218	979	404	0	54096
5860	930	166	514	52322	0	53932
5861	517	191	53991	868	0	55567
5862	447	157	792	52861	0	54257
5863	367	163	400	53067	0	53997
5864	317	170	254	54778	0	55519
5865	304	183	196	54053	0	54736
5866	251	52675	209	1257	0	54392
5867	301	746	181	54164	0	55392
5868	53503	390	179	1156	0	55228
5869	861	52865	225	636	0	54587
5870	54793	768	200	571	0	56332
5871	55594	413	199	495	0	56701
5872	55900	295	204	467	0	56866
5873	1250	280	53718	304	0	55552
5874	54283	198	715	467	0	55663
5875	55937	174	406	408	0	56925
5876	55206	176	256	447	0	56085
5877	55926	150	151	457	0	56684
5878	1227	54802	185	312	0	56526
5879	54528	727	108	373	0	55736
5880	1032	413	53859	242	0	55546
5881	670	243	643	52931	0	54487
5882	530	179	289	54288	0	55286
5883	55480	171	172	1062	0	56885
5884	923	54863	128	509	0	56423
5885	53618	607	90	427	0	54742
5886	828	53752	108	216	0	54904
5887	53111	560	90	297	0	54058
5888	53069	253	67	236	0	53625
5889	838	57866	89	117	0	58910
5890	59095	754	85	249	0	60183
5891	61704	346	66	202	0	62318
5892	1319	57887	103	101	0	59410
5893	519	60148	106	101	0	60874
5894	63010	1094	209	221	0	64534
5895	1467	439	60	64177	0	66143
5896	64870	295	67	1373	0	66605
5897	67016	161	35	570	0	67782
5898	67553	160	30	433	0	68176
5899	67119	153	38	360	0	67670
5900	1968	64329	93	212	0	66602
5901	859	66778	73	170	0	67880
5902	67369	1483	71	325	0	69248
5903	1610	643	66837	81	0	69171
5904	962	321	1246	65914	0	68443
5905	667	216	449	68537	0	69869
5906	67766	197	211	1860	0	70034
5907	1498	67194	132	779	0	69603
5908	841	1391	95	67287	0	69614
5909	675	555	58	69789	0	71077
5910	68771	297	114	2089	0	71271
5911	1857	208	53	69254	0	71372
5912	69270	203	65	2024	0	71562
5913	69873	259	71	918	0	71121
5914	70214	273	69	592	0	71148
5915	2481	210	82	68588	0	71361
5916	1264	173	109	69388	0	70934
5917	800	156	71183	2042	0	74181
5918	646	230	69279	993	0	71148
5919	71099	180	2212	688	0	74179
5920	2337	220	843	72915	0	76315
5921	1097	255	75464	2035	0	78851
5922	721	189	75866	1014	0	77790
5923	711	317	2704	75594	0	79326
5924	557	199	76211	2308	0	79275
5925	725	225	2376	75510	0	78836
5926	869	195	1018	76027	0	78109
5927	545	199	75392	3078	0	79214
5928	770	153	2195	75826	0	78944
5929	898	205	1100	73488	0	75691
5930	724	172	561	78286	0	79743
5931	534	201	75067	3453	0	79255
5932	779	145	2152	76651	0	79727
5933	75772	165	991	3150	0	80078
5934	2395	75564	666	1577	0	80202
5935	76502	2041	454	1225	0	80222
5936	2769	983	74555	805	0	79112
5937	75352	454	2315	910	0	79031
5938	76997	293	1169	826	0	79285
5939	76826	378	659	841	0	78704
5940	3818	338	509	73909	0	78574
5941	2023	318	512	75606	0	78459
5942	1165	280	68766	3414	0	73625
5943	66302	175	2298	1884	0	70659
5944	2841	66547	1231	1128	0	71747
5945	1448	64263	643	962	0	67316
5946	995	66383	470	861	0	68709
5947	1010	2772	522	63765	0	68069
5948	62970	1191	417	2623	0	67201
5949	64046	561	499	1576	0	66682
5950	3176	421	61330	1013	0	65940
5951	1808	414	2080	61749	0	66051
5952	1211	421	977	63413	0	66022
5953	949	443	61133	3227	0	65752
5954	860	446	59798	1769	0	62873
5955	59509	264	2761	1336	0	63870
5956	2554	59945	1348	1022	0	64869
5957	61309	2012	773	1024	0	65118
5958	62229	942	565	1027	0	64763
5959	3423	558	544	60123	0	64648
5960	1901	341	507	62073	0	64822
5961	59728	319	535	3267	0	63849
5962	2890	309	518	60002	0	63719
5963	1689	328	527	60962	0	63506
5964	59486	322	587	3422	0	63817
5965	2780	289	546	60288	0	63903
5966	60271	266	551	3175	0	64263
5967	61354	248	602	1941	0	64145
5968	3365	280	58692	1220	0	63557
5969	59225	300	2284	1276	0	63085
5970	60092	258	1215	1279	0	62844
5971	60135	247	880	1144	0	62406
5972	3561	439	47471	1365	0	52836
5973	56718	212	1919	1250	0	60099
5974	2951	55350	1088	1155	0	60544
5975	57602	1866	741	1213	0	61422
5976	58809	832	638	1200	0	61479
5977	3558	367	556	57213	0	61694
5978	2068	242	591	57797	0	60698
5979	1387	56176	545	3404	0	61512
5980	1418	1880	454	57792	0	61544
5981	1259	979	507	59127	0	61872
5982	57219	493	525	3489	0	61726
5983	2959	326	479	56388	0	60152
5984	2010	298	414	57107	0	59829
5985	1420	330	475	56737	0	58962
5986	1262	52981	445	3462	0	58150
5987	52506	1908	488	2012	0	56914
5988	2760	52509	527	1449	0	57245
5989	47321	1768	399	1023	0	50511
5990	2463	790	44503	942	0	48698
5991	42244	416	1563	878	0	45101
5992	2219	358	42129	807	0	45513
5993	1267	40410	1661	763	0	44101
5994	37774	1363	1325	691	0	41153
5995	36732	655	552	583	0	38522
5996	1942	34557	333	576	0	37408
5997	1060	34854	290	518	0	36722
5998	34146	1360	353	548	0	36407
5999	34860	685	223	477	0	36245
6000	1890	332	216	33869	0	36307
6001	1112	334	192	34803	0	36441
6002	754	320	33136	1660	0	35870
6003	32610	277	1014	913	0	34814
6004	1592	246	532	32589	0	34959
6005	985	32363	357	1267	0	34972
6006	766	958	152	32560	0	34436
6007	661	546	163	32894	0	34264
6008	572	317	31306	1627	0	33822
6009	598	295	882	31685	0	33460
6010	30967	271	477	1420	0	33135
6011	1199	30027	270	870	0	32366
6012	781	30188	168	582	0	31719
6013	29982	1164	227	504	0	31877
6014	30427	607	203	456	0	31693
6015	30262	302	201	450	0	31215
6016	1675	28625	192	290	0	30782
6017	583	25479	97	187	0	26346
6018	26506	738	207	207	0	27658
6019	26797	384	154	234	0	27569
6020	1033	25460	102	204	0	26799
6021	242	22409	52	112	0	22815
6022	22047	487	112	130	0	22776
6023	503	183	32	21870	0	22588
6024	22184	103	24	468	0	22779
6025	553	110	21	22288	0	22972
6026	222	22294	25	454	0	22995
6027	181	22623	32	168	0	23004
6028	23350	511	51	154	0	24066
6029	23530	216	40	174	0	23960
6030	24286	138	39	118	0	24581
6031	695	23740	32	79	0	24546
6032	263	498	22401	46	0	23208
6033	140	22532	397	52	0	23121
6034	21957	581	186	91	0	22815
6035	21473	163	65	92	0	21793
6036	574	118	21120	43	0	21855
6037	194	20732	412	77	0	21415
6038	187	456	137	20866	0	21646
6039	137	151	37	20701	0	21026
6040	130	18817	86	476	0	19509
6041	115	475	20207	138	0	20935
6042	20626	142	431	114	0	21313
6043	540	101	106	20883	0	21630
6044	21031	94	57	498	0	21680
6045	21356	88	63	173	0	21680
6046	618	96	54	21607	0	22375
6047	319	82	40	22770	0	23211
6048	245	74	35	23296	0	23650
6049	183	90	41	23604	0	23918
6050	22854	89	57	811	0	23811
6051	23293	86	39	346	0	23764
6052	760	72	22924	205	0	23961
6053	354	79	505	23027	0	23965
6054	217	79	171	23567	0	24034
6055	199	71	99	23798	0	24167
6056	165	83	22887	800	0	23935
6057	192	64	534	22735	0	23525
6058	22548	48	201	747	0	23544
6059	692	67	88	22690	0	23537
6060	276	73	22482	723	0	23554
6061	227	57	574	22618	0	23476
6062	133	84	22526	746	0	23489
6063	22676	67	596	391	0	23730
6064	713	62	199	22914	0	23888
6065	22942	51	135	727	0	23855
6066	22860	57	115	348	0	23380
6067	856	61	74	22592	0	23583
6068	22876	57	59	808	0	23800
6069	768	68	87	22558	0	23481
6070	323	23299	103	683	0	24408
6071	24179	578	78	357	0	25192
6072	24401	184	64	280	0	24929
6073	24737	105	66	251	0	25159
6074	990	85	77	24017	0	25169
6075	438	58	78	24405	0	24979
6076	321	65	75	24643	0	25104
6077	224	71	23145	979	0	24419
6078	192	22811	603	454	0	24060
6079	254	584	170	22594	0	23602
6080	204	195	22151	745	0	23295
6081	22042	105	598	372	0	23117
6082	747	67	205	22252	0	23271
6083	306	69	21854	786	0	23015
6084	22269	69	576	403	0	23317
6085	768	54	217	22714	0	23753
6086	368	44	140	23126	0	23678
6087	276	50	88	23448	0	23862
6088	22868	38	82	1021	0	24009
6089	23253	44	102	500	0	23899
6090	22924	49	104	364	0	23441
6091	863	21643	147	280	0	22933
6092	364	22335	95	254	0	23048
6093	22286	627	96	295	0	23304
6094	741	206	21869	239	0	23055
6095	359	114	565	21804	0	22842
6096	276	105	214	22472	0	23067
6097	21952	58	124	873	0	23007
6098	21521	49	97	430	0	22097
6099	804	21150	100	277	0	22331
6100	381	512	96	21513	0	22502
6101	284	198	20902	719	0	22103
6102	292	98	21187	367	0	21944
6103	265	72	675	21298	0	22310
6104	230	64	226	22060	0	22580
6105	21339	73	123	905	0	22440
6106	741	63	113	21644	0	22561
6107	22099	71	110	838	0	23118
6108	22158	78	108	455	0	22799
6109	810	83	21398	320	0	22611
6110	21981	52	529	321	0	22883
6111	22491	51	210	296	0	23048
6112	22487	45	122	304	0	22958
6113	861	21628	120	284	0	22893
6114	404	21981	119	269	0	22773
6115	342	673	109	21784	0	22908
6116	244	189	21572	713	0	22718
6117	221	20789	501	352	0	21863
6118	258	515	195	19560	0	20528
6119	224	132	133	19287	0	19776
6120	214	19059	102	527	0	19902
6121	19316	364	74	305	0	20059
6122	19584	133	84	239	0	20040
6123	623	106	19548	171	0	20448
6124	19237	63	352	224	0	19876
6125	518	69	18794	177	0	19558
6126	17753	73	347	200	0	18373
6127	498	73	18118	143	0	18832
6128	247	17287	333	108	0	17975
6129	278	251	229	16404	0	17162
6130	179	99	87	16562	0	16927
6131	16675	53	78	404	0	17210
6132	16808	39	64	236	0	17147
6133	16688	39	48	202	0	16977
6134	416	45	16803	144	0	17408
6135	249	46	252	16882	0	17429
6136	172	45	140	17359	0	17716
6137	17297	48	86	415	0	17846
6138	307	17372	87	209	0	17975
6139	18586	231	59	242	0	19118
6140	348	121	62	19084	0	19615
6141	260	60	56	19686	0	20062
6142	163	43	52	19868	0	20126
6143	150	49	51	20004	0	20254
6144	148	81	28	19968	0	20225
6145	133	19228	45	480	0	19886
6146	101	18747	42	205	0	19095
6147	68	18038	30	79	0	18215
6148	101	185	20	18177	0	18483
6149	74	65	17899	150	0	18188
6150	16834	47	142	95	0	17118
6151	163	18604	62	63	0	18892
6152	116	125	40	18663	0	18944
6153	74	53	40	18898	0	19065
6154	19200	40	34	240	0	19514
6155	18998	34	17	156	0	19205
6156	19389	18	11	119	0	19537
6157	263	26	25	20273	0	20587
6158	122	35	20506	174	0	20837
6159	85	46	21106	99	0	21336
6160	77	13	224	21548	0	21862
6161	49	28	21710	203	0	21990
6162	21060	18	195	150	0	21423
6163	237	20	64	21571	0	21892
6164	114	36	21707	196	0	22053
6165	123	29	170	21121	0	21443
6166	63	29	22452	233	0	22777
6167	67	18	23780	117	0	23982
6168	141	56	264	25711	0	26172
6169	54	22	27500	274	0	27850
6170	61	42	26377	116	0	26596
6171	38	25563	451	96	0	26148
6172	173	352	221	26754	0	27500
6173	28440	109	119	461	0	29129
6174	361	84	41	28354	0	28840
6175	191	38	22	29456	0	29707
6176	114	34	29187	469	0	29804
6177	27787	21	320	315	0	28443
6178	384	11	129	29938	0	30462
6179	184	7	92	30658	0	30941
6180	30373	14	51	533	0	30971
6181	403	18	28	30812	0	31261
6182	30981	13	38	554	0	31586
6183	31063	12	36	292	0	31403
6184	31178	13	38	231	0	31460
6185	537	30370	56	95	0	31058
6186	31229	328	28	153	0	31738
6187	456	31031	41	61	0	31589
6188	241	420	19	31683	0	32363
6189	32136	169	25	470	0	32800
6190	415	32156	51	198	0	32820
6191	32687	399	31	209	0	33326
6192	493	32439	41	102	0	33075
6193	32496	487	28	127	0	33138
6194	505	31898	40	86	0	32529
6195	233	32863	37	101	0	33234
6196	163	34886	41	89	0	35179
6197	168	636	22	34160	0	34986
6198	90	35274	35	385	0	35784
6199	144	568	28	35439	0	36179
6200	140	241	20	35915	0	36316
6201	117	160	18	36051	0	36346
6202	130	94	21	36525	0	36770
6203	36186	71	15	834	0	37106
6204	36688	63	22	447	0	37220
6205	690	84	36248	201	0	37223
6206	37618	61	497	269	0	38445
6207	40445	62	200	224	0	40931
6208	42080	69	135	226	0	42510
6209	1041	101	41294	95	0	42531
6210	452	109	41686	102	0	42349
6211	41728	75	903	220	0	42926
6212	918	94	43366	106	0	44484
6213	372	45009	905	144	0	46430
6214	381	868	291	45754	0	47294
6215	47033	291	188	1035	0	48547
6216	47464	196	138	488	0	48286
6217	48014	104	115	351	0	48584
6218	1422	100	102	47451	0	49075
6219	679	84	103	48481	0	49347
6220	397	114	48190	1199	0	49900
6221	407	79	858	48448	0	49792
6222	370	79	302	49828	0	50579
6223	49038	71	249	1397	0	50755
6224	1073	49234	179	574	0	51060
6225	50226	916	128	467	0	51737
6226	1272	348	129	50321	0	52070
6227	50111	273	104	1171	0	51659
6228	50292	145	99	591	0	51127
6229	48881	116	95	520	0	49612
6230	1461	48083	120	274	0	49938
6231	708	49842	128	240	0	50918
6232	509	1081	122	50079	0	51791
6233	50336	447	146	1206	0	52135
6234	1182	282	166	49925	0	51555
6235	646	176	100	50775	0	51697
6236	450	202	49660	1377	0	51689
6237	498	177	884	49655	0	51214
6238	453	184	320	49970	0	50927
6239	465	128	206	50043	0	50842
6240	332	122	48842	1548	0	50844
6241	365	145	47755	763	0	49028
6242	340	48082	1166	546	0	50134
6243	48434	934	469	499	0	50336
6244	1206	408	292	48787	0	50693
6245	560	323	48752	1141	0	50776
6246	613	174	955	48402	0	50144
6247	529	134	357	51246	0	52266
6248	50318	126	279	1603	0	52326
6249	50479	117	215	878	0	51689
6250	1368	49927	266	519	0	52080
6251	50026	962	215	548	0	51751
6252	50326	358	236	469	0	51389
6253	1538	309	239	49698	0	51784
6254	732	266	49112	1177	0	51287
6255	564	49191	1008	611	0	51374
6256	49493	1043	377	618	0	51531
6257	50234	411	248	542	0	51435
6258	1500	50305	208	491	0	52504
6259	829	992	174	51997	0	53992
6260	53326	353	186	1566	0	55431
6261	54082	261	194	854	0	55391
6262	1695	197	186	53966	0	56044
6263	53533	215	201	1673	0	55622
6264	57267	230	177	865	0	58539
6265	58106	199	171	704	0	59180
6266	2049	222	56586	498	0	59355
6267	976	54741	1175	542	0	57434
6268	710	55809	435	456	0	57410
6269	53561	1307	288	543	0	55699
6270	1494	54002	200	405	0	56101
6271	769	1301	53534	319	0	55923
6272	740	500	1094	53521	0	55855
6273	53378	328	384	1435	0	55525
6274	1610	292	256	53224	0	55382
6275	53294	260	196	1601	0	55351
6276	53761	239	169	787	0	54956
6277	53591	206	170	652	0	54619
6278	1836	51067	261	504	0	53668
6279	825	53972	267	462	0	55526
6280	53630	1419	230	586	0	55865
6281	53190	588	175	618	0	54571
6282	54241	382	185	546	0	55354
6283	1950	322	183	52915	0	55370
6284	52603	246	223	1504	0	54576
6285	1623	50653	252	704	0	53232
6286	799	53006	211	563	0	54579
6287	804	1340	160	52497	0	54801
6288	622	484	51450	1453	0	54009
6289	683	363	50754	595	0	52395
6290	747	288	1240	50979	0	53254
6291	602	307	51008	1356	0	53273
6292	700	354	1209	51069	0	53332
6293	51461	331	399	1438	0	53629
6294	1652	287	256	51192	0	53387
6295	50726	197	232	1535	0	52690
6296	1553	48882	251	644	0	51330
6297	800	1194	48930	472	0	51396
6298	760	513	1094	47936	0	50303
6299	693	462	366	49660	0	51181
6300	511	385	48900	1569	0	51365
6301	634	281	1148	47679	0	49742
6302	508	48619	488	1381	0	50996
6303	655	1135	307	49657	0	51754
6304	691	411	252	50202	0	51556
6305	713	293	227	50609	0	51842
6306	591	209	49157	1727	0	51684
6307	525	222	45725	689	0	47161
6308	42618	162	1160	518	0	44458
6309	1174	199	42720	328	0	44421
6310	450	42267	1047	246	0	44010
6311	42069	838	409	389	0	43705
6312	1026	42305	236	276	0	43843
6313	40663	864	319	337	0	42183
6314	40942	316	280	289	0	41827
6315	40282	210	192	285	0	40969
6316	40250	200	118	322	0	40890
6317	1132	38637	156	257	0	40182
6318	498	39442	132	258	0	40330
6319	39599	914	198	240	0	40951
6320	1025	379	38414	193	0	40011
6321	589	236	781	37814	0	39420
6322	489	191	305	39018	0	40003
6323	357	202	38382	987	0	39928
6324	36422	180	802	468	0	37872
6325	38441	210	290	350	0	39291
6326	38257	201	193	292	0	38943
6327	1222	37296	180	237	0	38935
6328	38837	821	192	275	0	40125
6329	1192	344	154	37607	0	39297
6330	544	39889	177	840	0	41450
6331	40920	971	197	430	0	42518
6332	41757	382	176	341	0	42656
6333	43810	277	188	300	0	44575
6334	1607	229	146	42653	0	44635
6335	821	210	161	42998	0	44190
6336	515	41597	196	1331	0	43639
6337	476	1011	42139	558	0	44184
6338	545	434	978	41935	0	43892
6339	613	269	371	41891	0	43144
6340	508	253	253	43628	0	44642
6341	401	204	42471	1476	0	44552
6342	41687	171	1005	820	0	43683
6343	1290	236	388	43117	0	45031
6344	626	254	43053	1223	0	45156
6345	599	195	1033	42658	0	44485
6346	43243	164	454	1384	0	45245
6347	1249	43002	297	726	0	45274
6348	629	1072	240	44249	0	46190
6349	403	464	44038	1318	0	46223
6350	42638	289	1166	697	0	44790
6351	44319	219	514	592	0	45644
6352	1528	198	43787	487	0	46000
6353	805	260	1145	41775	0	43985
6354	520	43064	529	1157	0	45270
6355	43829	1097	386	616	0	45928
6356	1353	439	42689	484	0	44965
6357	41856	267	1162	514	0	43799
6358	1463	226	40996	339	0	43024
6359	769	178	38463	290	0	39700
6360	36680	196	1236	358	0	38470
6361	1038	37926	587	298	0	39849
6362	671	902	37422	248	0	39243
6363	447	36189	1021	256	0	37913
6364	454	882	34925	232	0	36493
6365	291	34752	905	190	0	36138
6366	32896	878	505	287	0	34566
6367	801	331	32297	184	0	33613
6368	416	237	31855	176	0	32684
6369	318	157	31259	150	0	31884
6370	30309	164	1026	183	0	31682
6371	30886	96	467	175	0	31624
6372	879	103	301	30201	0	31484
6373	411	99	31721	639	0	32870
6374	314	116	31750	314	0	32494
6375	31923	105	844	246	0	33118
6376	746	119	449	32530	0	33844
6377	32700	87	327	686	0	33800
6378	32734	110	252	342	0	33438
6379	982	120	179	31345	0	32626
6380	508	31313	221	653	0	32695
6381	371	575	228	31909	0	33083
6382	338	269	208	32361	0	33176
6383	280	193	31868	847	0	33188
6384	267	31075	694	461	0	32497
6385	221	32084	342	298	0	32945
6386	241	757	278	31410	0	32686
6387	167	366	31650	656	0	32839
6388	184	31676	735	361	0	32956
6389	212	667	31930	256	0	33065
6390	31199	316	797	284	0	32596
6391	32501	197	420	233	0	33351
6392	911	158	32004	167	0	33240
6393	31728	158	776	206	0	32868
6394	863	172	394	32189	0	33618
6395	475	33570	315	671	0	35031
6396	417	626	262	34263	0	35568
6397	33617	307	246	812	0	34982
6398	33950	207	245	414	0	34816
6399	34042	156	224	316	0	34738
6400	33562	137	201	241	0	34141
6401	1017	32534	232	221	0	34004
6402	503	32683	228	220	0	33634
6403	32584	670	236	211	0	33701
6404	789	333	32566	171	0	33859
6405	455	595	614	31813	0	33477
6406	268	33263	319	614	0	34464
6407	247	601	233	33171	0	34252
6408	164	33866	198	684	0	34912
6409	215	727	182	34404	0	35528
6410	195	320	34450	733	0	35698
6411	34019	214	689	439	0	35361
6412	34965	149	353	290	0	35757
6413	896	190	34569	164	0	35819
6414	34499	151	764	224	0	35638
6415	35253	139	362	200	0	35954
6416	1004	141	34475	124	0	35744
6417	568	108	751	33744	0	35171
6418	34662	98	390	739	0	35889
6419	858	121	34493	313	0	35785
6420	517	127	737	33548	0	34929
6421	319	122	35905	719	0	37065
6422	296	133	35365	360	0	36154
6423	35599	116	957	304	0	36976
6424	37220	112	448	231	0	38011
6425	37330	106	265	215	0	37916
6426	38445	127	204	194	0	38970
6427	1202	134	204	37394	0	38934
6428	561	35753	206	703	0	37223
6429	365	36740	198	343	0	37646
6430	337	843	126	35122	0	36428
6431	35209	263	146	691	0	36309
6432	723	34004	136	284	0	35147
6433	217	33407	91	148	0	33863
6434	33336	611	91	134	0	34172
6435	629	225	90	33099	0	34043
6436	33374	112	92	607	0	34185
6437	650	33321	78	186	0	34235
6438	34128	525	75	171	0	34899
6439	707	194	35492	91	0	36484
6440	39340	133	627	179	0	40279
6441	41131	95	173	184	0	41583
6442	42000	85	124	167	0	42376
6443	1232	174	37600	169	0	39175
6444	40658	86	622	191	0	41557
6445	1050	40964	249	109	0	42372
6446	443	773	40986	46	0	42248
6447	494	353	847	39079	0	40773
6448	363	191	296	38491	0	39341
6449	202	39319	196	932	0	40649
6450	287	748	108	39930	0	41073
6451	259	266	112	40607	0	41244
6452	168	199	39347	1015	0	40729
6453	37148	95	804	518	0	38565
6454	934	85	39525	268	0	40812
6455	474	96	862	39163	0	40595
6456	314	107	40159	850	0	41430
6457	299	77	948	40113	0	41437
6458	41196	61	393	1067	0	42717
6459	42634	101	256	420	0	43411
6460	1279	76	213	42375	0	43943
6461	498	77	43038	1075	0	44688
6462	431	69	973	43194	0	44667
6463	271	115	42797	1169	0	44352
6464	41559	93	1051	554	0	43257
6465	43242	68	377	435	0	44122
6466	42387	94	301	338	0	43120
6467	42776	74	202	303	0	43355
6468	1416	40752	225	227	0	42620
6469	712	906	190	41577	0	43385
6470	40926	279	187	1150	0	42542
6471	1169	40279	186	476	0	42110
6472	589	41644	146	339	0	42718
6473	458	1143	38972	237	0	40810
6474	39038	392	995	293	0	40718
6475	40250	244	411	286	0	41191
6476	1419	187	38784	185	0	40575
6477	763	142	1071	38428	0	40404
6478	631	127	391	39720	0	40869
6479	458	115	39135	1229	0	40937
6480	513	109	1058	38576	0	40256
6481	38884	111	467	1264	0	40726
6482	1228	155	37872	516	0	39771
6483	556	150	38802	411	0	39919
6484	38370	119	1269	385	0	40143
6485	1233	167	38935	266	0	40601
6486	38476	171	1226	296	0	40169
6487	1318	38223	518	244	0	40303
6488	38896	946	374	283	0	40499
6489	1444	333	294	38320	0	40391
6490	690	244	259	39080	0	40273
6491	38588	200	229	1385	0	40402
6492	1262	176	229	38576	0	40243
6493	38396	165	225	1372	0	40158
6494	1313	38613	227	553	0	40706
6495	700	978	204	37421	0	39303
6496	581	340	230	38472	0	39623
6497	37632	249	248	1368	0	39497
6498	37969	143	216	678	0	39006
6499	37951	166	253	482	0	38852
6500	1590	36006	206	358	0	38160
6501	788	36999	198	308	0	38293
6502	36815	1091	167	379	0	38452
6503	1293	440	35864	302	0	37899
6504	645	35642	955	313	0	37555
6505	33968	970	688	367	0	35993
6506	33392	324	330	259	0	34305
6507	33408	226	179	225	0	34038
6508	1308	206	194	32157	0	33865
6509	32501	156	158	947	0	33762
6510	32488	143	140	457	0	33228
6511	1385	106	121	31160	0	32772
6512	31675	96	123	913	0	32807
6513	1193	146	30119	400	0	31858
6514	677	184	730	30508	0	32099
6515	484	190	323	31078	0	32075
6516	432	119	257	31921	0	32729
6517	31152	113	196	1267	0	32728
6518	32144	146	160	651	0	33101
6519	32299	144	143	451	0	33037
6520	32125	76	133	425	0	32759
6521	30648	57	156	357	0	31218
6522	1421	64	170	28982	0	30637
6523	794	83	145	29407	0	30429
6524	28587	81	154	1083	0	29905
6525	1059	27753	130	603	0	29545
6526	28013	642	151	390	0	29196
6527	1062	270	26718	313	0	28363
6528	28191	160	665	315	0	29331
6529	28978	115	264	365	0	29722
6530	1222	128	29479	291	0	31120
6531	30972	115	890	228	0	32205
6532	1349	91	30948	241	0	32629
6533	836	79	32398	147	0	33460
6534	775	126	1302	31759	0	33962
6535	639	115	643	33443	0	34840
6536	456	80	33041	1417	0	34994
6537	372	100	33061	797	0	34330
6538	317	31259	1363	563	0	33502
6539	254	30695	701	401	0	32051
6540	25205	965	567	281	0	27018
6541	769	26064	256	188	0	27277
6542	25149	840	260	212	0	26461
6543	898	24675	179	143	0	25895
6544	24794	844	204	130	0	25972
6545	933	432	23747	117	0	25229
6546	23911	319	702	135	0	25067
6547	1050	225	333	23233	0	24841
6548	522	23667	222	667	0	25078
6549	477	732	143	23954	0	25306
6550	23854	389	132	821	0	25196
6551	24428	261	105	399	0	25193
6552	1159	199	98	23661	0	25117
6553	628	138	23236	762	0	24764
6554	427	130	22860	445	0	23862
6555	300	23297	870	299	0	24766
6556	336	801	460	23118	0	24715
6557	261	347	23145	704	0	24457
6558	198	21407	683	375	0	22663
6559	284	651	415	21081	0	22431
6560	176	300	245	21472	0	22193
6561	19843	195	170	842	0	21050
6562	634	142	132	19940	0	20848
6563	326	138	19379	771	0	20614
6564	278	86	569	19577	0	20510
6565	19139	98	323	800	0	20360
6566	610	105	18916	456	0	20087
6567	19121	70	549	375	0	20115
6568	711	19439	327	229	0	20706
6569	20051	529	221	221	0	21022
6570	20361	269	186	192	0	21008
6571	914	178	163	19607	0	20862
6572	609	97	112	19854	0	20672
6573	347	19276	127	844	0	20594
6574	298	520	117	20074	0	21009
6575	19558	304	117	813	0	20792
6576	672	213	19235	414	0	20534
6577	458	154	544	19265	0	20421
6578	292	19199	296	658	0	20445
6579	239	554	198	19788	0	20779
6580	230	336	126	20201	0	20893
6581	19581	256	97	909	0	20843
6582	636	19263	86	532	0	20517
6583	410	562	114	19596	0	20682
6584	19197	322	105	761	0	20385
6585	681	236	96	19296	0	20309
6586	431	164	84	19764	0	20443
6587	19645	131	98	1030	0	20904
6588	19714	108	84	651	0	20557
6589	908	123	19205	396	0	20632
6590	19364	105	515	355	0	20339
6591	20029	94	295	299	0	20717
6592	20138	104	202	260	0	20704
6593	1023	18534	153	236	0	19946
6594	625	18463	136	212	0	19436
6595	494	697	126	18462	0	19779
6596	18555	396	154	621	0	19726
6597	18832	287	121	408	0	19648
6598	955	172	79	18466	0	19672
6599	619	163	18566	656	0	20004
6600	19047	127	528	440	0	20142
6601	20042	151	296	345	0	20834
6602	921	127	209	19466	0	20723
6603	622	105	156	19772	0	20655
6604	19699	101	113	882	0	20795
6605	796	108	110	19501	0	20515
6606	503	19233	135	815	0	20686
6607	441	524	101	20133	0	21199
6608	20175	294	91	830	0	21390
6609	736	215	19593	516	0	21060
6610	19350	129	490	475	0	20444
6611	817	140	19565	329	0	20851
6612	530	119	618	19802	0	21069
6613	20134	125	333	739	0	21331
6614	746	84	237	20364	0	21431
6615	531	71	167	20652	0	21421
6616	20044	87	153	963	0	21247
6617	696	100	19577	599	0	20972
6618	471	105	20680	439	0	21695
6619	397	66	715	21246	0	22424
6620	305	62	408	22157	0	22932
6621	303	73	268	22691	0	23335
6622	210	72	22355	1021	0	23658
6623	22017	54	528	704	0	23303
6624	23406	55	340	484	0	24285
6625	23553	56	252	389	0	24250
6626	23703	47	153	359	0	24262
6627	1008	22184	144	291	0	23627
6628	615	22419	141	305	0	23480
6629	396	22585	122	236	0	23339
6630	268	409	91	19674	0	20442
6631	286	101	81	20084	0	20552
6632	188	46	19232	290	0	19756
6633	109	17521	138	123	0	17891
6634	165	98	67	16917	0	17247
6635	16583	29	26	132	0	16770
6636	86	16619	20	66	0	16791
6637	56	89	15	16697	0	16857
6638	32	16950	10	108	0	17100
6639	17416	80	20	81	0	17597
6640	119	38	15	17242	0	17414
6641	52	18	17278	93	0	17441
6642	40	20	16919	55	0	17034
6643	37	44	123	17760	0	17964
6644	48	10	41	17641	0	17740
6645	31	11	22	18348	0	18412
6646	18160	6	14	198	0	18378
6647	131	14	17955	58	0	18158
6648	56	17799	109	52	0	18016
6649	46	97	39	18036	0	18218
6650	25	39	18164	105	0	18333
6651	12	18176	106	61	0	18355
6652	32	107	39	18839	0	19017
6653	13	38	19020	116	0	19187
6654	37	13	108	18760	0	18918
6655	28	8	45	19185	0	19266
6656	19829	8	22	193	0	20052
6657	19881	5	15	99	0	20000
6658	204	9	9	19921	0	20143
6659	20087	5	11	206	0	20309
6660	202	15	20383	57	0	20657
6661	82	12	202	20670	0	20966
6662	45	12	21311	227	0	21595
6663	65	20	230	21551	0	21866
6664	26	21120	66	281	0	21493
6665	23	21662	37	99	0	21821
6666	24	22277	30	55	0	22386
6667	96	290	26	22123	0	22535
6668	72	73	15	24665	0	24825
6669	30	40	24397	417	0	24884
6670	47	51	24294	124	0	24516
6671	34	57	25478	69	0	25638
6672	26321	30	496	81	0	26928
6673	497	34	114	27377	0	28022
6674	27868	18	46	564	0	28496
6675	516	28294	59	132	0	29001
6676	158	543	49	28858	0	29608
6677	29255	151	51	628	0	30085
6678	636	82	42	29306	0	30066
6679	29260	53	42	721	0	30076
6680	668	41	29367	216	0	30292
6681	199	29713	575	121	0	30608
6682	154	568	167	30502	0	31391
6683	30561	151	103	717	0	31532
6684	31352	79	84	278	0	31793
6685	799	50	58	31091	0	31998
6686	284	47	73	31608	0	32012
6687	30799	37	62	840	0	31738
6688	716	52	65	30553	0	31386
6689	235	45	30326	747	0	31353
6690	178	30134	610	241	0	31163
6691	171	573	194	30896	0	31834
6692	30843	150	118	758	0	31869
6693	30989	96	83	348	0	31516
6694	860	98	30963	201	0	32122
6695	304	30122	672	216	0	31314
6696	202	31868	187	185	0	32442
6697	208	802	115	31731	0	32856
6698	247	226	73	32219	0	32765
6699	226	140	68	32112	0	32546
6700	185	104	77	32295	0	32661
6701	130	31136	106	1003	0	32375
6702	195	689	84	31769	0	32737
6703	218	214	60	32457	0	32949
6704	31521	116	82	1080	0	32799
6705	31662	106	62	481	0	32311
6706	871	31369	61	352	0	32653
6707	32083	699	65	347	0	33194
6708	32494	227	64	292	0	33077
6709	32517	148	75	326	0	33066
6710	992	140	31240	241	0	32613
6711	461	105	668	31455	0	32689
6712	293	113	200	32629	0	33235
6713	194	113	31484	1016	0	32807
6714	239	125	699	31248	0	32311
6715	327	107	235	29913	0	30582
6716	31199	121	169	1066	0	32555
6717	803	132	30789	454	0	32178
6718	346	80	689	29983	0	31098
6719	29514	89	218	990	0	30811
6720	818	29271	158	433	0	30680
6721	29237	755	99	403	0	30494
6722	29051	237	80	358	0	29726
6723	1011	28134	104	288	0	29537
6724	436	694	88	28618	0	29836
6725	28566	221	76	942	0	29805
6726	904	28298	109	379	0	29690
6727	407	805	89	28583	0	29884
6728	27920	264	112	947	0	29243
6729	27736	148	109	452	0	28445
6730	1005	26977	127	360	0	28469
6731	27227	986	113	336	0	28662
6732	976	251	122	27462	0	28811
6733	27491	193	91	1003	0	28778
6734	984	149	26731	430	0	28294
6735	448	117	741	27000	0	28306
6736	356	135	230	27424	0	28145
6737	26544	111	172	1121	0	27948
6738	919	25966	141	464	0	27490
6739	25857	760	119	374	0	27110
6740	981	25706	114	298	0	27099
6741	436	812	24926	217	0	26391
6742	357	288	24935	276	0	25856
6743	357	370	819	24543	0	26089
6744	309	187	24646	861	0	26003
6745	301	193	747	24824	0	26065
6746	346	148	220	24835	0	25549
6747	314	127	162	25692	0	26295
6748	25191	142	123	1131	0	26587
6749	25249	128	111	549	0	26037
6750	25880	133	109	385	0	26507
6751	1134	24833	97	333	0	26397
6752	503	26883	97	313	0	27796
6753	424	951	28082	268	0	29725
6754	378	330	895	28689	0	30292
6755	306	241	28448	1096	0	30091
6756	297	172	997	28008	0	29474
6757	310	138	366	28712	0	29526
6758	283	149	249	28777	0	29458
6759	221	163	27185	1389	0	28958
6760	229	123	914	27031	0	28297
6761	26393	79	370	1348	0	28190
6762	920	25373	291	640	0	27224
6763	398	788	206	25863	0	27255
6764	25538	282	180	1171	0	27171
6765	25814	223	174	599	0	26810
6766	1207	151	159	24775	0	26292
6767	643	111	112	24533	0	25399
6768	22510	108	105	1081	0	23804
6769	977	96	80	22413	0	23566
6770	20996	60	87	994	0	22137
6771	942	59	60	20389	0	21450
6772	393	54	18988	920	0	20355
6773	296	17762	504	490	0	19052
6774	245	18402	205	354	0	19206
6775	310	555	345	17509	0	18719
6776	279	210	188	17849	0	18526
6777	17259	131	112	728	0	18230
6778	500	117	82	17509	0	18208
6779	253	123	65	17673	0	18114
6780	209	106	47	16706	0	17068
6781	150	15919	59	825	0	16953
6782	181	392	40	16559	0	17172
6783	195	152	48	16671	0	17066
6784	138	124	45	16608	0	16915
6785	15458	70	52	925	0	16505
6786	453	15529	54	508	0	16544
6787	209	464	63	16050	0	16786
6788	190	182	43	16320	0	16735
6789	126	134	36	16404	0	16700
6790	15508	97	32	888	0	16525
6791	563	87	31	15779	0	16460
6792	279	89	33	15756	0	16157
6793	173	71	14484	820	0	15548
6794	128	14038	355	533	0	15054
6795	148	374	129	14626	0	15277
6796	13982	159	122	649	0	14912
6797	414	14056	60	400	0	14930
6798	13831	377	76	370	0	14654
6799	14131	176	84	264	0	14655
6800	544	170	53	13851	0	14618
6801	302	107	41	14253	0	14703
6802	237	98	13830	631	0	14796
6803	193	104	340	14424	0	15061
6804	199	72	14176	641	0	15088
6805	185	48	431	14643	0	15307
6806	13586	47	180	746	0	14559
6807	410	13771	154	430	0	14765
6808	204	393	148	14765	0	15510
6809	181	186	104	14991	0	15462
6810	141	136	109	14981	0	15367
6811	143	98	87	15098	0	15426
6812	14331	98	65	805	0	15299
6813	443	14104	80	505	0	15132
6814	211	368	54	14920	0	15553
6815	14623	143	51	771	0	15588
6816	471	127	14196	495	0	15289
6817	14384	93	373	432	0	15282
6818	14847	91	178	325	0	15441
6819	612	112	14199	284	0	15207
6820	371	90	402	14475	0	15338
6821	14731	86	198	593	0	15608
6822	550	14903	187	341	0	15981
6823	15367	386	100	345	0	16198
6824	15538	164	103	274	0	16079
6825	15604	125	91	295	0	16115
6826	735	84	55	15193	0	16067
6827	438	105	43	15727	0	16313
6828	340	16825	57	632	0	17854
6829	315	458	37	17579	0	18389
6830	17405	178	51	705	0	18339
6831	588	151	16889	375	0	18003
6832	16728	109	403	391	0	17631
6833	17870	105	159	327	0	18461
6834	678	101	139	17558	0	18476
6835	395	60	85	18053	0	18593
6836	17913	56	82	735	0	18786
6837	18064	56	85	441	0	18646
6838	16908	54	61	419	0	17442
6839	739	72	17293	265	0	18369
6840	401	17063	365	284	0	18113
6841	17526	388	145	301	0	18360
6842	621	167	113	17456	0	18357
6843	366	17388	80	520	0	18354
6844	327	425	59	17728	0	18539
6845	17703	208	86	582	0	18579
6846	553	182	71	17767	0	18573
6847	391	112	17648	619	0	18770
6848	234	17331	338	383	0	18286
6849	177	18080	138	315	0	18710
6850	185	407	16988	263	0	17843
6851	15159	363	497	294	0	16313
6852	337	15210	155	205	0	15907
6853	178	167	62	12931	0	13338
6854	12888	42	31	148	0	13109
6855	143	12710	21	54	0	12928
6856	51	128	19	13008	0	13206
6857	13100	35	14	163	0	13312
6858	152	29	11	13051	0	13243
6859	13122	17	11	172	0	13322
6860	163	26	13277	62	0	13528
6861	65	13505	121	45	0	13736
6862	14378	137	40	84	0	14639
6863	14372	38	22	48	0	14480
6864	14324	22	20	64	0	14430
6865	213	33	13769	34	0	14049
6866	13855	17	124	57	0	14053
6867	14494	22	36	56	0	14608
6868	206	21	21	14423	0	14671
6869	14560	23	17	180	0	14780
6870	183	14191	17	60	0	14451
6871	92	146	16	14558	0	14812
6872	64	46	14597	154	0	14861
6873	77	32	124	14496	0	14729
6874	54	36	43	14956	0	15089
6875	14894	25	22	224	0	15165
6876	14851	22	17	102	0	14992
6877	192	31	14575	52	0	14850
6878	14341	20	141	63	0	14565
6879	200	31	14588	32	0	14851
6880	97	22	134	14680	0	14933
6881	68	39	14838	157	0	15102
6882	72	23	144	14784	0	15023
6883	57	14729	57	161	0	15004
6884	70	152	14991	65	0	15278
6885	72	39	15389	48	0	15548
6886	182	54	228	12878	0	13342
6887	15770	25	88	191	0	16074
6888	15800	21	43	118	0	15982
6889	15946	28	33	76	0	16083
6890	256	23	23	15685	0	15987
6891	128	26	24	15938	0	16116
6892	96	25	25	16005	0	16151
6893	93	14	35	15968	0	16110
6894	80	23	15746	243	0	16092
6895	71	27	169	15655	0	15922
6896	70	15338	58	215	0	15681
6897	75	160	36	15881	0	16152
6898	16084	45	32	253	0	16414
6899	224	41	15995	101	0	16361
6900	15057	26	197	140	0	15420
6901	262	20	16484	60	0	16826
6902	100	26	16441	58	0	16625
6903	64	16168	315	49	0	16596
6904	156	285	118	14950	0	15509
6905	81	81	60	16492	0	16714
6906	120	13927	171	331	0	14549
6907	17589	309	36	136	0	18070
6908	397	106	33	18246	0	18782
6909	206	59	37	19746	0	20048
6910	143	33	35	20724	0	20935
6911	22107	27	36	781	0	22951
6912	23698	30	33	370	0	24131
6913	827	29	32	23226	0	24114
6914	358	30	31	23668	0	24087
6915	23026	19	26	934	0	24005
6916	747	32	34	23155	0	23968
6917	324	25	24	23687	0	24060
6918	310	26	25	23919	0	24280
6919	211	35	22619	1000	0	23865
6920	21771	18	587	544	0	22920
6921	22837	25	201	395	0	23458
6922	946	29	21675	283	0	22933
6923	468	87	617	20688	0	21860
6924	239	21496	216	817	0	22768
6925	21371	590	140	452	0	22553
6926	699	21336	146	327	0	22508
6927	358	20759	102	243	0	21462
6928	312	715	92	19857	0	20976
6929	19455	257	124	757	0	20593
6930	20157	148	66	371	0	20742
6931	875	145	60	19557	0	20637
6932	458	103	64	19883	0	20508
6933	306	146	47	19795	0	20294
6934	222	169	53	19729	0	20173
6935	235	117	30	19415	0	19797
6936	215	18526	47	956	0	19744
6937	258	599	34	19170	0	20061
6938	18726	217	29	975	0	19947
6939	19183	146	23	548	0	19900
6940	19235	81	20	466	0	19802
6941	893	18274	40	410	0	19617
6942	466	588	22	18605	0	19681
6943	257	258	18200	887	0	19602
6944	17901	168	557	529	0	19155
6945	826	121	186	18332	0	19465
6946	18263	95	127	833	0	19318
6947	18022	84	58	464	0	18628
6948	18050	127	49	345	0	18571
6949	1013	98	67	17153	0	18331
6950	17338	89	85	763	0	18275
6951	916	114	76	17213	0	18319
6952	480	65	57	17699	0	18301
6953	17187	79	78	947	0	18291
6954	919	68	47	17289	0	18323
6955	17092	76	37	907	0	18112
6956	17514	87	32	502	0	18135
6957	1041	69	27	17005	0	18142
6958	553	66	36	17498	0	18153
6959	412	51	29	17771	0	18263
6960	388	46	15904	1100	0	17438
6961	329	53	16140	643	0	17165
6962	364	41	667	15901	0	16973
6963	372	51	239	16224	0	16886
6964	284	44	137	16533	0	16998
6965	270	43	74	16427	0	16814
6966	246	61	79	16564	0	16950
6967	15352	50	129	1193	0	16724
6968	712	15054	157	645	0	16568
6969	385	530	115	15738	0	16768
6970	15488	196	118	970	0	16772
6971	763	125	99	15711	0	16698
6972	381	78	64	15906	0	16429
6973	15052	78	63	1160	0	16353
6974	15394	78	61	663	0	16196
6975	930	109	14547	490	0	16076
6976	501	89	546	14999	0	16135
6977	438	67	14702	920	0	16127
6978	313	68	604	15180	0	16165
6979	305	40	224	15403	0	15972
6980	352	35	136	15576	0	16099
6981	332	32	14381	1156	0	15901
6982	276	13730	623	670	0	15299
6983	223	14638	284	537	0	15682
6984	232	636	221	14446	0	15535
6985	13908	236	167	908	0	15219
6986	688	125	13669	622	0	15104
6987	328	90	14199	477	0	15094
6988	249	91	782	14152	0	15274
6989	204	114	348	14171	0	14837
6990	151	13964	232	967	0	15314
6991	174	579	179	14283	0	15215
6992	189	264	164	14934	0	15551
6993	193	174	175	15155	0	15697
6994	14192	107	162	1112	0	15573
6995	14530	85	120	636	0	15371
6996	830	100	138	14356	0	15424
6997	391	13818	114	879	0	15202
6998	273	555	81	14154	0	15063
6999	13425	220	66	985	0	14696
7000	660	13475	65	593	0	14793
7001	386	525	68	12625	0	13604
7002	281	12447	77	760	0	13565
7003	12363	506	67	509	0	13445
7004	11921	265	113	389	0	12688
7005	687	11884	63	356	0	12990
7006	320	11837	61	301	0	12519
7007	238	518	10578	257	0	11591
7008	141	9773	303	246	0	10463
7009	224	491	224	8054	0	8993
7010	141	139	7790	339	0	8409
7011	30	5566	130	88	0	5814
7012	21	89	42	4543	0	4695
7013	15	34	11	4646	0	4706
7014	11	10	6	4702	0	4729
7015	4534	7	3	112	0	4656
7016	75	12	4424	43	0	4554
7017	34	7	4457	27	0	4525
7018	20	9	93	4477	0	4599
7019	11	10	4730	76	0	4827
7020	18	9	74	4779	0	4880
7021	17	11	38	4658	0	4724
7022	15	5	15	4875	0	4910
7023	12	6	14	4879	0	4911
7024	4779	3	9	125	0	4916
7025	4784	7	9	63	0	4863
7026	101	4	6	4820	0	4931
7027	40	8	5072	84	0	5204
7028	24	8	69	5110	0	5211
7029	11	4999	36	89	0	5135
7030	15	68	11	5097	0	5191
7031	5066	28	11	93	0	5198
7032	5200	8	14	56	0	5278
7033	110	20	7	5222	0	5359
7034	50	13	7	5264	0	5334
7035	19	13	10	5340	0	5382
7036	5197	8	7	137	0	5349
7037	82	9	5188	59	0	5338
7038	37	11	5176	34	0	5258
7039	17	5110	95	23	0	5245
7040	5176	63	27	26	0	5292
7041	80	28	15	5329	0	5452
7042	31	15	5512	75	0	5633
7043	22	5437	64	40	0	5563
7044	15	5719	30	23	0	5787
7045	10	81	8	5726	0	5825
7046	13	31	6	5866	0	5916
7047	15	5846	7	89	0	5957
7048	22	64	6	5982	0	6074
7049	13	29	10	6020	0	6072
7050	5944	13	11	108	0	6076
7051	65	5940	10	46	0	6061
7052	35	56	11	5939	0	6041
7053	14	33	5887	70	0	6004
7054	13	17	57	5908	0	5995
7055	5914	12	31	77	0	6034
7056	60	5933	10	51	0	6054
7057	32	55	11	6068	0	6166
7058	15	31	6006	76	0	6128
7059	10	20	6655	45	0	6730
7060	27	12	107	6807	0	6953
7061	23	9	32	7083	0	7147
7062	7086	9	12	144	0	7251
7063	104	7432	14	47	0	7597
7064	7588	123	9	40	0	7760
7065	135	42	7696	24	0	7897
7066	7817	20	136	34	0	8007
7067	156	17	8150	36	0	8359
7068	8195	16	149	51	0	8411
7069	8442	9	54	37	0	8542
7070	208	24	8670	21	0	8923
7071	78	33	8707	23	0	8841
7072	29	8588	202	49	0	8868
7073	53	149	62	8962	0	9226
7074	9074	53	43	176	0	9346
7075	168	21	27	9242	0	9458
7076	86	19	19	9494	0	9618
7077	42	22	33	9548	0	9645
7078	28	13	9407	232	0	9680
7079	8983	26	178	111	0	9298
7080	9632	8	58	74	0	9772
7081	232	9681	36	56	0	10005
7082	90	152	24	9685	0	9951
7083	32	9940	28	190	0	10190
7084	42	173	17	10232	0	10464
7085	10121	55	39	226	0	10441
7086	199	10101	25	87	0	10412
7087	104	174	15	9968	0	10261
7088	9915	72	8	220	0	10215
7089	10005	24	17	117	0	10163
7090	245	34	20	9754	0	10053
7091	85	30	9726	223	0	10064
7092	73	70	171	9432	0	9746
7093	40	9716	65	177	0	9998
7094	9683	174	23	103	0	9983
7095	194	9639	26	52	0	9911
7096	129	169	13	9563	0	9874
7097	9668	60	12	214	0	9954
7098	196	23	29	9875	0	10123
7099	91	20	18	9991	0	10120
7100	42	40	9803	233	0	10118
7101	53	9813	161	78	0	10105
7102	9717	169	51	60	0	9997
7103	8829	70	49	130	0	9078
7104	179	9499	21	50	0	9749
7105	52	9597	16	50	0	9715
7106	65	175	14	9477	0	9731
7107	9381	53	27	183	0	9644
7108	157	9350	18	63	0	9588
7109	74	165	13	9469	0	9721
7110	55	50	9348	171	0	9624
7111	57	41	136	9392	0	9626
7112	9415	39	44	199	0	9697
7113	150	9484	23	85	0	9742
7114	69	148	24	9727	0	9968
7115	36	70	9609	166	0	9881
7116	38	41	9586	71	0	9736
7117	41	32	192	9671	0	9936
7118	42	23	58	9828	0	9951
7119	47	9592	24	221	0	9884
7120	47	182	11	9626	0	9866
7121	9625	54	23	231	0	9933
7122	179	31	44	9728	0	9982
7123	9702	28	48	223	0	10001
7124	186	9568	41	90	0	9885
7125	89	9900	22	76	0	10087
7126	59	205	27	10065	0	10356
7127	53	78	32	9945	0	10108
7128	58	37	9764	231	0	10090
7129	67	28	170	9704	0	9969
7130	9753	26	64	235	0	10078
7131	183	65	9690	95	0	10033
7132	80	49	174	9843	0	10146
7133	49	48	10154	224	0	10475
7134	59	18	185	10283	0	10545
7135	65	28	87	10279	0	10459
7136	48	30	39	10524	0	10641
7137	64	35	10352	259	0	10710
7138	62	33	196	10185	0	10476
7139	42	10305	84	231	0	10662
7140	30	183	56	10578	0	10847
7141	42	75	30	10564	0	10711
7142	10246	45	25	315	0	10631
7143	194	28	10088	169	0	10479
7144	93	33	192	10156	0	10474
7145	48	28	10082	251	0	10409
7146	48	60	9835	115	0	10058
7147	51	39	232	10219	0	10541
7148	67	36	71	10145	0	10319
7149	54	39	38	10640	0	10771
7150	10405	33	46	310	0	10794
7151	208	47	10218	144	0	10617
7152	10631	33	195	138	0	10997
7153	237	35	83	11036	0	11391
7154	97	30	38	11372	0	11537
7155	52	11760	43	299	0	12154
7156	71	185	33	12160	0	12449
7157	78	72	36	12138	0	12324
7158	96	37	51	12128	0	12312
7159	10882	17	39	264	0	11202
7160	155	34	10349	125	0	10663
7161	9896	20	135	118	0	10169
7162	157	10383	62	75	0	10677
7163	9981	107	21	82	0	10191
7164	117	9849	27	60	0	10053
7165	53	9754	36	69	0	9912
7166	160	144	50	9502	0	9856
7167	9653	39	56	132	0	9880
7168	105	26	16	9686	0	9833
7169	39	9357	21	138	0	9555
7170	33	10083	16	68	0	10200
7171	29	137	17	10198	0	10381
7172	28	49	15	10209	0	10301
7173	18	10246	17	156	0	10437
7174	39	132	15	10766	0	10952
7175	42	40	7	10954	0	11043
7176	29	29	14	11209	0	11281
7177	11243	29	12	198	0	11482
7178	115	34	11095	86	0	11330
7179	11337	24	101	95	0	11557
7180	11891	21	47	82	0	12041
7181	11753	32	13	58	0	11856
7182	150	11477	21	43	0	11691
7183	65	104	12	11435	0	11616
7184	11496	37	5	139	0	11677
7185	110	19	7	11671	0	11807
7186	11634	19	14	125	0	11792
7187	97	12637	16	82	0	12832
7188	13501	82	8	83	0	13674
7189	13805	42	13	71	0	13931
7190	14086	25	8	62	0	14181
7191	146	18	14	14125	0	14303
7192	82	14	10	14620	0	14726
7193	14881	11	3	174	0	15069
7194	107	14641	13	70	0	14831
7195	56	14739	15	45	0	14855
7196	15662	111	6	87	0	15866
7197	131	39	10	15760	0	15940
7198	79	25	6	16264	0	16374
7199	62	17	6	16674	0	16759
7200	39	16453	16	190	0	16698
7201	16749	117	9	107	0	16982
7202	159	43	5	16991	0	17198
7203	58	17314	22	157	0	17551
7204	70	143	3	18333	0	18549
7205	61	43	7	18747	0	18858
7206	53	35	6	18681	0	18775
7207	45	23	3	18966	0	19037
7208	18890	27	7	230	0	19154
7209	18787	24	14	128	0	18953
7210	19362	15	14	118	0	19509
7211	199	25	10	19570	0	19804
7212	103	45	19131	154	0	19433
7213	95	57	17411	111	0	17674
7214	62	51	18697	78	0	18888
7215	20384	24	156	122	0	20686
7216	149	21	60	21103	0	21333
7217	99	18	28	20919	0	21064
7218	65	16	7	21294	0	21382
7219	21154	16	9	240	0	21419
7220	21025	22	20	122	0	21189
7221	174	22881	34	77	0	23166
7222	104	113	22	23598	0	23837
7223	69	51	23259	154	0	23533
7224	53	23817	116	97	0	24083
7225	53	149	48	24602	0	24852
7226	48	53	40	24815	0	24956
7227	57	37	22	24516	0	24632
7228	74	18	12	24100	0	24204
7229	60	32	24280	202	0	24574
7230	44	37	23064	125	0	23270
7231	43	24862	148	73	0	25126
7232	52	108	59	25385	0	25604
7233	48	46	32	25196	0	25322
7234	24850	39	19	213	0	25121
7235	126	39	25122	95	0	25382
7236	85	19	105	25166	0	25375
7237	73	24	63	26532	0	26692
7238	48	20	27612	170	0	27850
7239	30	27494	122	111	0	27757
7240	27985	108	51	143	0	28287
7241	135	60	27634	68	0	27897
7242	26999	34	114	103	0	27250
7243	151	40	29822	54	0	30067
7244	98	24	118	30370	0	30610
7245	47	35	31194	130	0	31406
7246	86	42	32205	101	0	32434
7247	87	26	127	33483	0	33723
7248	348	72	178	28536	0	29134
7249	46	9	41	35585	0	35681
7250	78	14	31	34793	0	34916
7251	79	39	33	34588	0	34739
7252	42	48	35821	182	0	36093
7253	86	58	33284	116	0	33544
7254	30	35857	161	73	0	36121
7255	36436	116	73	116	0	36741
7256	140	63	46	36806	0	37055
7257	37021	22	31	228	0	37302
7258	165	25	21	37018	0	37229
7259	38708	13	31	373	0	39125
7260	178	19	22	39347	0	39566
7261	94	19	34	39742	0	39889
7262	44	40860	46	247	0	41197
7263	64	149	12	42630	0	42855
7264	59	55	26	42614	0	42754
7265	76	22	26	42569	0	42693
7266	59	24	28	42543	0	42654
7267	25	41593	42	263	0	41923
7268	42069	106	17	192	0	42384
7269	116	41623	49	98	0	41886
7270	63	117	10	41742	0	41932
7271	41268	42	18	239	0	41567
7272	145	62	39762	72	0	40041
7273	84	67	39728	62	0	39941
7274	132	67	149	39559	0	39907
7275	53	16	71	41558	0	41698
7276	44	16	25	41777	0	41862
7277	156	32	38	38556	0	38782
7278	56	16	10	40738	0	40820
7279	14	40335	34	220	0	40603
7280	33	101	13	41328	0	41475
7281	41079	33	20	284	0	41416
7282	156	22	12	41410	0	41600
7283	49	42	41904	171	0	42166
7284	80	10	137	41181	0	41408
7285	41622	9	51	312	0	41994
7286	141	42583	45	112	0	42881
7287	102	153	16	45056	0	45327
7288	96	54	14	46759	0	46923
7289	37	45	45986	530	0	46598
7290	77	83	55889	159	0	56208
7291	66859	18	1142	270	0	68289
7292	1852	35	340	68151	0	70378
7293	829	18	328	70840	0	72015
7294	656	71	73421	2315	0	76463
7295	388	117	73911	1225	0	75641
7296	167	73812	2523	1028	0	77530
7297	487	1900	1212	73655	0	77254
7298	101	655	74271	2104	0	77131
7299	38	74092	2458	841	0	77429
7300	73464	2233	997	911	0	77605
7301	75961	814	933	623	0	78331
7302	2875	841	506	73000	0	77222
7303	1309	74404	414	2157	0	78284
7304	74718	2210	410	1023	0	78361
7305	2876	942	292	70322	0	74432
7306	1168	900	72901	2163	0	77132
7307	1044	73206	2180	1047	0	77477
7308	72915	2257	852	1136	0	77160
7309	74991	961	840	753	0	77545
7310	3094	918	495	72991	0	77498
7311	1769	529	378	74823	0	77499
7312	1228	463	72065	2868	0	76624
7313	1109	412	2131	72635	0	76287
7314	1117	312	785	70735	0	72949
7315	835	203	753	73669	0	75460
7316	668	224	466	73955	0	75313
7317	586	265	339	72437	0	73627
7318	359	70346	401	4001	0	75107
7319	70333	2032	337	2570	0	75272
7320	2269	799	69765	1785	0	74618
7321	939	68780	2113	1302	0	73134
7322	1243	2246	799	70036	0	74324
7323	69367	885	824	3057	0	74133
7324	2571	915	577	69738	0	73801
7325	1281	560	462	70952	0	73255
7326	1193	422	494	71254	0	73363
7327	814	394	391	72036	0	73635
7328	522	333	67336	4482	0	72673
7329	515	67802	2099	2667	0	73083
7330	67970	2196	801	2377	0	73344
7331	2418	917	67486	1559	0	72380
7332	1165	950	2510	68079	0	72704
7333	67915	685	1088	3101	0	72789
7334	2675	67427	1159	1438	0	72699
7335	68027	2503	747	1573	0	72850
7336	3561	1089	625	63675	0	68950
7337	1695	1004	523	69045	0	72267
7338	1536	649	362	68508	0	71055
7339	1156	450	300	69037	0	70943
7340	65135	497	324	4670	0	70626
7341	2783	412	341	66996	0	70532
7342	1340	353	402	68772	0	70867
7343	63110	371	319	4399	0	68199
7344	2911	382	61577	2570	0	67440
7345	1488	327	2209	63314	0	67338
7346	59893	286	861	3721	0	64761
7347	61049	298	825	2079	0	64251
7348	3426	333	557	59085	0	63401
7349	2160	271	469	59566	0	62466
7350	1573	56349	507	3900	0	62329
7351	1161	2136	316	59473	0	63086
7352	1000	760	298	59782	0	61840
7353	834	761	54954	4361	0	60910
7354	653	523	55298	2894	0	59368
7355	530	54389	2783	2539	0	60241
7356	675	2275	1529	55326	0	59805
7357	677	908	1293	57782	0	60660
7358	55025	920	954	3951	0	60850
7359	2568	688	797	54961	0	59014
7360	1353	549	52667	3941	0	58510
7361	1393	534	2426	54231	0	58584
7362	864	487	50332	4271	0	55954
7363	770	473	51584	2427	0	55254
7364	764	505	3276	50523	0	55068
7365	679	452	1804	53032	0	55967
7366	50359	450	1423	4055	0	56287
7367	52228	366	1053	2592	0	56239
7368	3186	388	921	51999	0	56494
7369	52001	419	683	3659	0	56762
7370	53926	278	507	2178	0	56889
7371	3868	321	420	52484	0	57093
7372	2393	303	403	54131	0	57230
7373	52004	315	414	4061	0	56794
7374	53739	152	492	2708	0	57091
7375	3641	186	445	52739	0	57011
7376	2214	50201	538	3729	0	56682
7377	1919	2112	387	52767	0	57185
7378	1390	701	296	55007	0	57394
7379	1130	755	49995	4446	0	56326
7380	1109	520	2051	53536	0	57216
7381	49302	335	883	4580	0	55100
7382	2520	50240	922	2560	0	56242
7383	50920	2195	583	2337	0	56035
7384	52076	829	442	1879	0	55226
7385	52939	857	380	1652	0	55828
7386	4273	911	367	49014	0	54565
7387	2670	498	43870	3042	0	50080
7388	2223	496	42956	1613	0	47288
7389	1307	42282	2463	1832	0	47884
7390	697	30458	889	926	0	32970
7391	405	19141	358	309	0	20213
7392	351	18432	452	338	0	19573
7393	588	565	17198	333	0	18684
7394	12585	485	764	199	0	14033
7395	221	96	78	12514	0	12909
7396	74	42	24	12493	0	12633
7397	85	22	13	12466	0	12586
7398	52	12350	27	219	0	12648
7399	12347	160	19	105	0	12631
7400	202	46	12369	69	0	12686
7401	46	11816	169	37	0	12068
7402	60	168	51	12100	0	12379
7403	12238	47	32	193	0	12510
7404	195	30	15	12229	0	12469
7405	58	35	11988	189	0	12270
7406	39	29	11952	57	0	12077
7407	46	14	190	12348	0	12598
7408	45	18	51	12482	0	12596
7409	12439	7	29	252	0	12727
7410	192	9	12448	72	0	12721
7411	12280	17	172	79	0	12548
7412	12535	11	44	66	0	12656
7413	248	8	30	12532	0	12818
7414	72	19	12714	198	0	13003
7415	54	19	174	12799	0	13046
7416	12864	14	55	238	0	13171
7417	201	12853	38	75	0	13167
7418	13253	180	29	90	0	13552
7419	240	44	25	13502	0	13811
7420	64	13902	40	235	0	14241
7421	62	219	23	14057	0	14361
7422	75	49	27	14358	0	14509
7423	35	14245	30	314	0	14624
7424	64	228	29	14540	0	14861
7425	52	57	26	14889	0	15024
7426	70	31	22	15084	0	15207
7427	36	23	14937	358	0	15354
7428	44	14873	270	129	0	15316
7429	15114	265	67	109	0	15555
7430	306	66	38	15383	0	15793
7431	89	15981	32	301	0	16403
7432	16816	308	28	142	0	17294
7433	353	86	26	16956	0	17421
7434	135	63	15	17187	0	17400
7435	109	47	15	16912	0	17083
7436	88	30	19	16729	0	16866
7437	16542	38	22	495	0	17097
7438	378	39	26	16835	0	17278
7439	136	35	24	17127	0	17322
7440	16850	25	21	528	0	17424
7441	398	29	24	17011	0	17462
7442	147	59	16711	431	0	17348
7443	129	42	323	16901	0	17395
7444	16429	32	95	462	0	17018
7445	389	49	38	16625	0	17101
7446	149	39	16496	458	0	17142
7447	87	40	16297	216	0	16640
7448	16477	31	428	196	0	17132
7449	17261	20	129	171	0	17581
7450	17348	34	63	153	0	17598
7451	17414	26	37	145	0	17622
7452	508	29	17080	120	0	17737
7453	209	33	350	16946	0	17538
7454	164	33	96	17417	0	17710
7455	17031	17	55	533	0	17636
7456	410	34	65	17200	0	17709
7457	144	27	16885	474	0	17530
7458	126	29	341	17088	0	17584
7459	90	32	17140	470	0	17732
7460	82	17082	377	216	0	17757
7461	17344	334	178	173	0	18029
7462	441	98	74	17360	0	17973
7463	184	50	17039	427	0	17700
7464	142	38	372	17164	0	17716
7465	144	26	125	17849	0	18144
7466	90	40	17615	541	0	18286
7467	125	22	394	17758	0	18299
7468	17621	15	123	590	0	18349
7469	435	45	16549	251	0	17280
7470	16495	27	352	223	0	17097
7471	429	16542	164	172	0	17307
7472	167	344	16519	158	0	17188
7473	141	136	16611	140	0	17028
7474	239	216	482	14310	0	15247
7475	129	39	169	15595	0	15932
7476	91	29	15484	501	0	16105
7477	92	40	385	15610	0	16127
7478	15637	20	164	524	0	16345
7479	15845	36	110	275	0	16266
7480	485	16	108	15474	0	16083
7481	216	28	74	15640	0	15958
7482	150	15400	81	505	0	16136
7483	15816	321	91	256	0	16484
7484	444	105	88	15875	0	16512
7485	186	15982	82	442	0	16692
7486	16131	360	83	278	0	16852
7487	16482	116	85	252	0	16935
7488	500	16544	84	191	0	17319
7489	235	362	66	16617	0	17280
7490	184	127	84	16778	0	17173
7491	126	67	16066	590	0	16849
7492	157	49	397	16014	0	16617
7493	15871	62	139	548	0	16620
7494	486	47	94	15781	0	16408
7495	176	35	15327	551	0	16089
7496	15165	56	390	290	0	15901
7497	480	43	150	15417	0	16090
7498	223	41	15155	494	0	15913
7499	188	56	372	15111	0	15727
7500	155	36	14915	493	0	15599
7501	165	39	407	14934	0	15545
7502	151	45	169	15158	0	15523
7503	14567	24	116	577	0	15284
7504	370	14554	106	306	0	15336
7505	14757	306	136	223	0	15422
7506	14707	99	96	223	0	15125
7507	14738	55	87	187	0	15067
7508	493	14348	100	181	0	15122
7509	254	319	14347	156	0	15076
7510	188	116	378	14352	0	15034
7511	14511	55	176	436	0	15178
7512	14728	47	124	258	0	15157
7513	488	43	104	14348	0	14983
7514	14230	52	120	470	0	14872
7515	435	49	13943	271	0	14698
7516	13875	45	354	229	0	14503
7517	476	47	13822	170	0	14515
7518	266	13364	349	170	0	14149
7519	13268	286	178	150	0	13882
7520	12823	105	132	152	0	13212
7521	428	12575	103	165	0	13271
7522	12510	276	113	144	0	13043
7523	12286	106	98	154	0	12644
7524	413	73	11859	130	0	12475
7525	11575	42	267	137	0	12021
7526	365	49	11466	103	0	11983
7527	211	125	255	10711	0	11302
7528	147	10932	147	256	0	11482
7529	116	202	10837	156	0	11311
7530	9877	276	344	258	0	10755
7531	9732	82	124	134	0	10072
7532	283	53	62	9060	0	9458
7533	149	42	8924	188	0	9303
7534	132	35	179	8974	0	9320
7535	8935	32	106	207	0	9280
7536	216	9090	48	109	0	9463
7537	8916	147	65	82	0	9210
7538	8914	60	34	80	0	9088
7539	241	8777	45	48	0	9111
7540	131	135	36	8780	0	9082
7541	8973	58	37	179	0	9247
7542	203	43	30	9039	0	9315
7543	125	35	40	9398	0	9598
7544	93	32	9446	207	0	9778
7545	88	27	149	9434	0	9698
7546	80	27	68	9559	0	9734
7547	9395	36	41	241	0	9713
7548	9571	13	40	118	0	9742
7549	270	33	34	9461	0	9798
7550	125	30	9264	205	0	9624
7551	103	22	9138	103	0	9366
7552	86	41	226	9054	0	9407
7553	72	27	9390	207	0	9696
7554	85	50	200	9249	0	9584
7555	78	19	87	9277	0	9461
7556	9290	25	59	256	0	9630
7557	204	22	9138	112	0	9476
7558	9009	10	189	90	0	9298
7559	9065	10	72	77	0	9224
7560	239	20	8688	77	0	9024
7561	109	23	8760	54	0	8946
7562	102	255	208	8186	0	8751
7563	78	8076	82	167	0	8403
7564	90	8391	55	78	0	8614
7565	114	164	47	7795	0	8120
7566	73	39	30	7647	0	7789
7567	53	27	34	7894	0	8008
7568	52	16	24	7926	0	8018
7569	7662	20	25	189	0	7896
7570	156	12	28	7721	0	7917
7571	58	18	7585	162	0	7823
7572	63	11	111	7466	0	7651
7573	52	7397	51	139	0	7639
7574	62	97	26	7507	0	7692
7575	7482	23	30	148	0	7683
7576	146	17	37	7567	0	7767
7577	54	19	7490	139	0	7702
7578	28	7340	121	66	0	7555
7579	37	108	44	7478	0	7667
7580	7440	32	33	148	0	7653
7581	7488	13	33	76	0	7610
7582	161	16	25	7529	0	7731
7583	64	17	7116	125	0	7322
7584	56	21	6791	54	0	6922
7585	6939	9	132	38	0	7118
7586	130	10	7082	30	0	7252
7587	41	11	6942	24	0	7018
7588	35	64	100	6538	0	6737
7589	6895	5	66	118	0	7084
7590	6831	3	22	44	0	6900
7591	6863	0	14	33	0	6910
7592	115	6	6977	30	0	7128
7593	53	7	7110	24	0	7194
7594	26	7425	104	14	0	7569
7595	26	84	36	7392	0	7538
7596	28	23	21	7560	0	7632
7597	31	19	16	7371	0	7437
7598	30	9	19	7631	0	7689
7599	13	4	7548	129	0	7694
7600	9	7626	88	56	0	7779
7601	8015	85	34	53	0	8187
7602	8722	26	19	41	0	8808
7603	8894	11	15	43	0	8963
7604	194	8879	13	29	0	9115
7605	72	147	12	8921	0	9152
7606	9231	32	12	183	0	9458
7607	166	9516	25	49	0	9756
7608	9462	160	18	68	0	9708
7609	174	9437	17	33	0	9661
7610	9467	180	20	33	0	9700
7611	9606	48	24	46	0	9724
7612	222	34	18	9632	0	9906
7613	120	19	10	9989	0	10138
7614	59	12	9874	225	0	10170
7615	52	19	9765	89	0	9925
7616	9837	10	236	71	0	10154
7617	10255	13	82	47	0	10397
7618	280	23	48	9978	0	10329
7619	124	10	28	10171	0	10333
7620	71	26	9949	253	0	10299
7621	65	20	196	9774	0	10055
7622	34	21	9845	258	0	10158
7623	54	21	218	9873	0	10166
7624	62	26	70	10169	0	10327
7625	9991	20	48	298	0	10357
7626	9976	16	31	132	0	10155
7627	285	19	25	9884	0	10213
7628	136	14	23	9981	0	10154
7629	77	17	9794	297	0	10185
7630	82	17	211	9876	0	10186
7631	50	21	9890	282	0	10243
7632	9782	22	253	119	0	10176
7633	252	13	81	10053	0	10399
7634	9891	22	61	268	0	10242
7635	269	9833	39	136	0	10277
7636	9888	209	42	125	0	10264
7637	301	69	37	9800	0	10207
7638	128	43	40	9849	0	10060
7639	97	9709	35	304	0	10145
7640	103	214	39	9878	0	10234
7641	81	72	9592	288	0	10033
7642	107	54	221	9593	0	9975
7643	69	28	9179	291	0	9567
7644	55	8860	237	147	0	9299
7645	71	171	108	8999	0	9349
7646	66	60	8884	245	0	9255
7647	66	32	8786	122	0	9006
7648	91	54	248	8532	0	8925
7649	8429	22	142	259	0	8852
7650	217	20	8356	129	0	8722
7651	96	20	205	8358	0	8679
7652	8394	21	80	266	0	8761
7653	202	8133	81	121	0	8537
7654	8466	179	47	152	0	8844
7655	229	64	41	8520	0	8854
7656	114	55	27	8641	0	8837
7657	96	27	35	8735	0	8893
7658	8544	19	44	314	0	8921
7659	217	30	41	8689	0	8977
7660	97	15	50	8885	0	9047
7661	8398	25	63	302	0	8788
7662	217	25	8403	159	0	8804
7663	124	21	206	8533	0	8884
7664	83	18	8493	249	0	8843
7665	8368	25	221	144	0	8758
7666	256	32	77	8507	0	8872
7667	135	35	8565	237	0	8972
7668	8431	39	210	149	0	8829
7669	8706	24	70	142	0	8942
7670	273	41	8779	110	0	9203
7671	156	37	197	8738	0	9128
7672	110	26	90	9030	0	9256
7673	64	31	8983	326	0	9404
7674	55	8912	230	183	0	9380
7675	75	197	9066	131	0	9469
7676	8749	64	251	111	0	9175
7677	231	45	9206	114	0	9596
7678	8944	19	268	113	0	9344
7679	260	13	9201	101	0	9575
7680	8966	10	244	117	0	9337
7681	240	9194	140	95	0	9669
7682	132	171	104	9133	0	9540
7683	119	60	64	9407	0	9650
7684	78	50	9303	300	0	9731
7685	100	36	207	8984	0	9327
7686	81	8981	87	262	0	9411
7687	8816	144	71	178	0	9209
7688	193	8884	55	141	0	9273
7689	108	166	60	8944	0	9278
7690	8930	47	58	268	0	9303
7691	208	9054	66	140	0	9468
7692	8916	181	57	130	0	9284
7693	245	65	8983	91	0	9384
7694	115	36	214	8984	0	9349
7695	101	26	113	9077	0	9317
7696	91	29	79	9273	0	9472
7697	9082	23	80	318	0	9503
7698	9156	33	54	162	0	9405
7699	9252	32	59	121	0	9464
7700	9096	28	57	97	0	9278
7701	279	21	8387	87	0	8774
7702	7437	19	119	52	0	7627
7703	152	7429	56	41	0	7678
7704	60	7445	44	35	0	7584
7705	7433	141	159	60	0	7793
7706	7473	44	72	53	0	7642
7707	143	14	18	7124	0	7299
7708	7268	11	20	133	0	7432
7709	7269	9	15	55	0	7348
7710	7861	8	20	42	0	7931
7711	171	10	12	7742	0	7935
7712	66	7530	20	123	0	7739
7713	27	7690	14	38	0	7769
7714	40	134	20	7634	0	7828
7715	7524	33	15	116	0	7688
7716	104	7616	15	38	0	7773
7717	45	94	9	7586	0	7734
7718	30	29	7588	106	0	7753
7719	7294	15	92	54	0	7455
7720	119	7612	27	26	0	7784
7721	45	7847	13	25	0	7930
7722	7721	117	16	33	0	7887
7723	125	37	7799	19	0	7980
7724	55	20	100	7624	0	7799
7725	30	7823	32	104	0	7989
7726	39	101	16	7998	0	8154
7727	43	31	7	8002	0	8083
7728	39	7322	27	138	0	7526
7729	36	110	7	8200	0	8353
7730	36	38	8	8280	0	8362
7731	8149	25	12	147	0	8333
7732	114	8031	13	56	0	8214
7733	8162	107	10	46	0	8325
7734	123	38	4	8122	0	8287
7735	42	8254	11	110	0	8417
7736	38	109	8396	35	0	8578
7737	68	38	102	8457	0	8665
7738	40	36	30	8813	0	8919
7739	36	22	8862	148	0	9068
7740	8594	17	121	70	0	8802
7741	152	15	32	9687	0	9886
7742	9703	16	22	184	0	9925
7743	175	24	9492	60	0	9751
7744	78	23	147	9584	0	9832
7745	43	27	10119	178	0	10367
7746	57	29	177	10192	0	10455
7747	41	29	55	10500	0	10625
7748	10362	22	30	229	0	10643
7749	168	10532	21	85	0	10806
7750	10615	175	16	87	0	10893
7751	210	54	10621	38	0	10923
7752	81	50	172	10672	0	10975
7753	45	30	11171	197	0	11443
7754	10176	17	205	114	0	10512
7755	11077	13	53	93	0	11236
7756	224	20	11048	32	0	11324
7757	11047	13	179	65	0	11304
7758	11462	9	65	45	0	11581
7759	250	19	38	11340	0	11647
7760	99	22	11163	199	0	11483
7761	68	23	11532	78	0	11701
7762	51	18	230	11656	0	11955
7763	57	10	84	11627	0	11778
7764	47	11368	56	248	0	11719
7765	39	11791	32	105	0	11967
7766	11758	220	32	87	0	12097
7767	220	79	38	11737	0	12074
7768	94	11577	32	208	0	11911
7769	62	11978	33	91	0	12164
7770	11641	231	45	87	0	12004
7771	239	79	32	11764	0	12114
7772	84	11850	34	215	0	12183
7773	83	196	26	11984	0	12289
7774	72	62	35	11988	0	12157
7775	62	51	33	11985	0	12131
7776	11772	28	26	304	0	12130
7777	208	11742	45	125	0	12120
7778	107	197	36	11928	0	12268
7779	85	68	40	12039	0	12232
7780	69	51	31	12074	0	12225
7781	59	46	11600	286	0	11991
7782	11270	39	205	140	0	11654
7783	240	29	76	11782	0	12127
7784	11573	31	56	251	0	11911
7785	11629	30	37	132	0	11828
7786	11644	34	31	119	0	11828
7787	274	41	11481	68	0	11864
7788	113	11406	203	70	0	11792
7789	96	217	52	11297	0	11662
7790	56	70	11281	227	0	11634
7791	52	68	10934	88	0	11142
7792	76	75	218	10683	0	11052
7793	39	10606	85	212	0	10942
7794	11007	175	64	141	0	11387
7795	11237	68	40	120	0	11465
7796	11430	51	24	106	0	11611
7797	11443	27	25	103	0	11598
7798	255	43	11231	61	0	11590
7799	11170	36	171	81	0	11458
7800	216	11429	70	66	0	11781
7801	99	163	60	11799	0	12121
7802	89	64	39	11991	0	12183
7803	11909	48	31	261	0	12249
7804	217	34	38	11922	0	12211
7805	97	22	11637	233	0	11989
7806	11225	18	179	142	0	11564
7807	11683	25	59	125	0	11892
7808	11697	25	60	78	0	11860
7809	261	21	11363	60	0	11705
7810	10769	22	160	73	0	11024
7811	204	10936	67	64	0	11271
7812	11155	138	72	81	0	11446
7813	214	56	44	10961	0	11275
7814	88	57	25	11080	0	11250
7815	75	10934	34	204	0	11247
7816	69	139	28	11075	0	11311
7817	63	11012	33	199	0	11307
7818	73	148	27	11009	0	11257
7819	51	10924	27	169	0	11171
7820	67	149	23	10979	0	11218
7821	50	11019	37	186	0	11292
7822	64	160	24	11522	0	11770
7823	39	11552	35	195	0	11821
7824	12451	187	16	115	0	12769
7825	257	68	21	12738	0	13084
7826	115	54	22	12944	0	13135
7827	93	46	11	13542	0	13692
7828	78	24	17	13814	0	13933
7829	53	36	13774	372	0	14235
7830	90	34	255	13826	0	14205
7831	68	28	77	14195	0	14368
7832	13867	27	49	409	0	14352
7833	13813	29	15	195	0	14052
7834	349	13936	15	116	0	14416
7835	157	255	39	14050	0	14501
7836	112	79	26	14819	0	15036
7837	15004	53	17	418	0	15492
7838	346	60	14312	159	0	14877
7839	14278	22	261	150	0	14711
7840	340	14735	83	87	0	15245
7841	14039	238	42	90	0	14409
7842	14097	65	30	80	0	14272
7843	339	13859	22	39	0	14259
7844	120	14293	32	38	0	14483
7845	165	310	22	13634	0	14131
7846	53	119	13515	244	0	13931
7847	13270	66	222	103	0	13661
7848	273	44	13432	60	0	13809
7849	13082	40	253	68	0	13443
7850	276	40	13363	29	0	13708
7851	94	13200	254	49	0	13597
7852	96	228	98	13300	0	13722
7853	12928	70	49	259	0	13306
7854	13133	54	43	95	0	13325
7855	346	38	20	13085	0	13489
7856	13523	32	40	278	0	13873
7857	13593	50	14	124	0	13781
7858	337	13325	28	90	0	13780
7859	13430	245	29	74	0	13778
7860	340	13489	23	43	0	13895
7861	145	274	30	13486	0	13935
7862	13328	77	23	327	0	13755
7863	13736	64	26	107	0	13933
7864	13738	62	12	98	0	13910
7865	407	36	12842	638	0	13923
7866	158	58	13589	35	0	13840
7867	127	39	306	13707	0	14179
7868	129	27	102	14331	0	14589
7869	89	14724	64	357	0	15234
7870	14808	318	37	137	0	15300
7871	379	97	50	14767	0	15293
7872	181	67	39	14944	0	15231
7873	109	53	14652	419	0	15233
7874	89	14293	319	200	0	14901
7875	71	14893	93	123	0	15180
7876	129	385	52	14789	0	15355
7877	14522	138	45	413	0	15118
7878	373	76	40	14504	0	14993
7879	158	49	54	14874	0	15135
7880	14669	54	37	484	0	15244
7881	14907	62	37	220	0	15226
7882	486	35	30	14741	0	15292
7883	221	48	14526	418	0	15213
7884	157	36	310	14786	0	15289
7885	126	42	107	15105	0	15380
7886	14803	34	85	519	0	15441
7887	429	44	46	14868	0	15387
7888	14785	34	36	545	0	15400
7889	449	50	14718	200	0	15417
7890	231	43	329	15042	0	15645
7891	164	42	110	15378	0	15694
7892	148	53	79	15508	0	15788
7893	145	47	57	15384	0	15633
7894	149	58	39	15018	0	15264
7895	117	62	14363	582	0	15124
7896	14235	49	379	293	0	14956
7897	437	36	121	14516	0	15110
7898	170	44	14129	504	0	14847
7899	144	42	14252	248	0	14686
7900	158	44	425	14045	0	14672
7901	13915	51	188	478	0	14632
7902	14075	62	117	234	0	14488
7903	14199	38	79	234	0	14550
7904	579	48	90	13478	0	14195
7905	238	13571	98	461	0	14368
7906	13874	341	77	255	0	14547
7907	14051	134	53	205	0	14443
7908	14056	97	80	173	0	14406
7909	14010	66	68	163	0	14307
7910	592	64	71	13548	0	14275
7911	307	83	13322	447	0	14159
7912	252	48	363	13383	0	14046
7913	195	62	13247	499	0	14003
7914	13209	45	403	263	0	13920
7915	13559	34	161	212	0	13966
7916	546	36	13030	192	0	13804
7917	13039	28	376	200	0	13643
7918	13539	42	164	188	0	13933
7919	604	29	127	13059	0	13819
7920	294	12994	86	431	0	13805
7921	13145	328	78	222	0	13773
7922	510	237	79	12288	0	13114
7923	240	12033	67	432	0	12772
7924	218	289	46	11492	0	12045
7925	134	92	11238	397	0	11861
7926	146	11239	269	215	0	11869
7927	10625	276	173	211	0	11285
7928	10561	111	92	168	0	10932
7929	10231	56	77	125	0	10489
7930	10306	42	56	130	0	10534
7931	361	65	66	9912	0	10404
7932	193	9853	70	262	0	10378
7933	9497	186	55	185	0	9923
7934	316	63	9611	118	0	10108
7935	165	9355	218	111	0	9849
7936	138	177	8632	101	0	9048
7937	136	74	184	7798	0	8192
7938	96	7364	82	191	0	7733
7939	104	153	39	8036	0	8332
7940	101	55	8205	201	0	8562
7941	114	45	161	8095	0	8415
7942	107	38	54	8368	0	8567
7943	94	31	64	8432	0	8621
7944	8071	22	44	274	0	8411
7945	204	8049	52	137	0	8442
7946	117	141	37	8136	0	8431
7947	7894	56	46	235	0	8231
7948	219	7975	48	112	0	8354
7949	8033	145	58	107	0	8343
7950	226	60	8078	82	0	8446
7951	137	61	153	7943	0	8294
7952	107	8022	79	181	0	8389
7953	8077	152	51	110	0	8390
7954	223	65	7887	81	0	8256
7955	121	7515	161	75	0	7872
7956	102	149	65	7268	0	7584
7957	83	64	43	7350	0	7540
7958	7239	47	39	195	0	7520
7959	190	41	41	7125	0	7397
7960	98	40	6932	167	0	7237
7961	95	31	114	6680	0	6920
7962	83	20	6909	154	0	7166
7963	96	78	124	6654	0	6952
7964	80	6891	51	143	0	7165
7965	6832	116	55	87	0	7090
7966	6613	45	40	76	0	6774
7967	161	6260	37	49	0	6507
7968	52	5756	27	43	0	5878
7969	130	52	56	5399	0	5637
7970	5390	19	13	62	0	5484
7971	66	11	16	5376	0	5469
7972	5365	15	13	59	0	5452
7973	59	5271	9	24	0	5363
7974	33	43	11	5505	0	5592
7975	31	23	5685	42	0	5781
7976	35	12	47	5680	0	5774
7977	29	10	20	5776	0	5835
7978	5884	16	15	75	0	5990
7979	57	6028	14	41	0	6140
7980	25	47	14	6112	0	6198
7981	6108	23	9	66	0	6206
7982	57	18	6039	25	0	6139
7983	6048	8	36	37	0	6129
7984	68	31	15	6199	0	6313
7985	33	6368	14	47	0	6462
7986	6418	43	7	39	0	6507
7987	58	20	6538	17	0	6633
7988	30	17	6410	16	0	6473
7989	21	6485	58	11	0	6575
7990	6349	33	44	20	0	6446
7991	34	13	7	6437	0	6491
7992	20	6	5	6500	0	6531
7993	6590	7	4	65	0	6666
7994	48	8	6564	25	0	6645
7995	30	3	43	6679	0	6755
7996	14	8	7102	49	0	7173
7997	13	5	56	7033	0	7107
7998	4	7169	27	105	0	7305
7999	23	51	11	7414	0	7499
8000	4	31	7396	69	0	7500
8001	7295	9	60	47	0	7411
8002	65	7	30	7559	0	7661
8003	39	7	7614	67	0	7727
8004	18	4	60	7514	0	7596
8005	14	7	32	7638	0	7691
8006	12	8	7608	87	0	7715
8007	15	9	7691	42	0	7757
8008	11	3	96	7915	0	8025
8009	5	9	7989	78	0	8081
8010	7910	2	82	48	0	8042
8011	82	3	38	8082	0	8205
8012	8089	8	18	90	0	8205
8013	81	7	8034	40	0	8162
8014	53	4	84	8234	0	8375
8015	21	5	8836	83	0	8945
8016	7	8731	86	51	0	8875
8017	11	71	8966	19	0	9067
8018	14	38	8688	19	0	8759
8019	8620	13	114	32	0	8779
8020	8921	7	55	27	0	9010
8021	121	6	9143	12	0	9282
8022	63	8	99	8916	0	9086
8023	39	11	49	9217	0	9316
8024	24	6	9587	117	0	9734
8025	11	9279	109	66	0	9465
8026	9179	90	46	56	0	9371
8027	104	34	9537	14	0	9689
8028	58	11	109	9607	0	9785
8029	38	6	48	9807	0	9899
8030	9937	10	32	163	0	10142
8031	10091	12	26	68	0	10197
8032	10145	11	24	41	0	10221
8033	10210	6	21	33	0	10270
8034	154	4	22	10142	0	10322
8035	59	7	10510	109	0	10685
8036	48	5	113	10481	0	10647
8037	45	11	42	10589	0	10687
8038	33	1	29	10951	0	11014
8039	20	14	10807	155	0	10996
8040	10439	8	115	65	0	10627
8041	142	5	50	10851	0	11048
8042	54	4	11091	134	0	11283
8043	40	11212	116	74	0	11442
8044	53	106	53	11423	0	11635
8045	46	33	33	11576	0	11688
8046	11433	16	27	186	0	11662
8047	134	11689	19	69	0	11911
8048	58	115	11727	52	0	11952
8049	50	43	141	11603	0	11837
8050	36	26	52	11668	0	11782
8051	11557	9	30	199	0	11795
8052	11516	7	31	106	0	11660
8053	179	10	28	11669	0	11886
8054	11623	10	31	155	0	11819
8055	144	11483	30	80	0	11737
8056	69	109	12034	51	0	12263
8057	63	48	127	12001	0	12239
8058	56	26	55	12364	0	12501
8059	39	15	35	12455	0	12544
8060	49	9	28	12232	0	12318
8061	38	12125	24	185	0	12372
8062	11915	120	30	105	0	12170
8063	153	44	40	12030	0	12267
8064	56	12568	24	150	0	12798
8065	12721	110	25	108	0	12964
8066	12725	44	28	88	0	12885
8067	159	12983	25	72	0	13239
8068	108	128	20	13214	0	13470
8069	64	62	24	13324	0	13474
8070	46	30	39	13132	0	13247
8071	43	26	27	13337	0	13433
8072	13511	16	22	253	0	13802
8073	13591	13	23	132	0	13759
8074	215	13632	19	82	0	13948
8075	78	193	13597	55	0	13923
8076	78	56	176	13674	0	13984
8077	13828	24	55	237	0	14144
8078	188	13444	43	97	0	13772
8079	88	13608	25	60	0	13781
8080	13887	209	22	76	0	14194
8081	14153	83	21	71	0	14328
8082	294	40	24	13972	0	14330
8083	103	29	14276	260	0	14668
8084	76	34	14593	111	0	14814
8085	15031	36	261	130	0	15458
8086	15702	28	99	109	0	15938
8087	15657	25	45	72	0	15799
8088	15578	34	23	65	0	15700
8089	15506	30	54	68	0	15658
8090	301	15503	39	71	0	15914
8091	140	243	35	15380	0	15798
8092	71	16478	26	204	0	16779
8093	16835	227	18	131	0	17211
8094	16717	69	31	103	0	16920
8095	16762	37	25	83	0	16907
8096	16673	27	20	94	0	16814
8097	277	16316	43	44	0	16680
8098	16406	190	48	81	0	16725
8099	244	16402	21	56	0	16723
8100	123	206	20	16596	0	16945
8101	16591	50	16	223	0	16880
8102	249	51	17078	80	0	17458
8103	135	30	169	16708	0	17042
8104	83	51	42	17452	0	17628
8105	59	28	17530	237	0	17854
8106	52	17419	182	100	0	17753
8107	17454	188	63	103	0	17808
8108	17447	50	33	68	0	17598
8109	256	17176	34	32	0	17498
8110	132	191	15	17255	0	17593
8111	92	62	17940	194	0	18288
8112	60	18596	186	87	0	18929
8113	18675	216	61	125	0	19077
8114	224	75	18488	50	0	18837
8115	17322	39	167	75	0	17603
8116	18134	35	56	66	0	18291
8117	237	35	18729	61	0	19062
8118	98	18748	186	48	0	19080
8119	146	200	63	18434	0	18843
8120	70	65	19189	179	0	19503
8121	18204	50	174	103	0	18531
8122	18962	24	51	64	0	19101
8123	207	18886	34	30	0	19157
8124	107	161	26	18975	0	19269
8125	78	57	24	19382	0	19541
8126	49	51	19440	190	0	19730
8127	53	19905	162	71	0	20191
8128	21464	170	58	176	0	21868
8129	21812	51	30	109	0	22002
8130	22311	67	19	116	0	22513
8131	216	37	21978	30	0	22261
8132	21738	23	152	77	0	21990
8133	22615	24	45	61	0	22745
8134	226	28	42	22583	0	22879
8135	85	39	22271	150	0	22545
8136	107	20	138	22095	0	22360
8137	63	36	22707	160	0	22966
8138	83	52	151	22157	0	22443
8139	48	22439	50	159	0	22696
8140	40	24242	51	70	0	24403
8141	50	173	21	24846	0	25090
8142	73	52	26	24265	0	24416
8143	24681	34	21	257	0	24993
8144	181	33	24544	60	0	24818
8145	23847	17	158	102	0	24124
8146	179	25108	53	29	0	25369
8147	25441	159	24	86	0	25710
8148	25569	38	22	81	0	25710
8149	211	32	23	25556	0	25822
8150	88	34	26964	159	0	27245
8151	90	21	163	26956	0	27230
8152	47	28575	59	211	0	28892
8153	64	205	27	29242	0	29538
8154	74	61	12	29537	0	29684
8155	29214	35	21	325	0	29595
8156	244	25	16	29115	0	29400
8157	84	28567	34	234	0	28919
8158	81	192	20	29399	0	29692
8159	29605	61	11	295	0	29972
8160	238	29926	35	111	0	30310
8161	108	237	17	31107	0	31469
8162	96	75	14	31263	0	31448
8163	68	37	16	32325	0	32446
8164	84	34	16	32041	0	32175
8165	32379	30	10	519	0	32938
8166	401	23	15	32895	0	33334
8167	164	24	17	33306	0	33511
8168	132	33	11	33956	0	34132
8169	50	34027	32	543	0	34652
8170	33957	384	25	304	0	34670
8171	460	162	34165	109	0	34896
8172	157	33908	390	89	0	34544
8173	33665	394	112	140	0	34311
8174	418	165	34464	78	0	35125
8175	149	34749	378	77	0	35353
8176	175	447	158	34536	0	35316
8177	63	35288	84	378	0	35813
8178	57	408	35105	141	0	35711
8179	70	195	35075	92	0	35432
8180	41	35393	472	92	0	35998
8181	35538	364	192	187	0	36281
8182	35538	145	77	146	0	35906
8183	448	109	34401	64	0	35022
8184	230	116	32503	54	0	32903
8185	104	73	34208	43	0	34428
8186	128	52	509	33991	0	34680
8187	151	51	183	33821	0	34206
8188	104	35	105	35245	0	35489
8189	59	69	36103	518	0	36749
8190	130	40	398	34706	0	35274
8191	100	54	156	36141	0	36451
8192	57	53	35631	548	0	36289
8193	34443	42	439	341	0	35265
8194	491	56	178	37319	0	38044
8195	275	39	97	37215	0	37626
8196	116	37778	95	602	0	38591
8197	38016	417	107	389	0	38929
8198	481	179	37721	147	0	38528
8199	37306	103	472	179	0	38060
8200	586	56	194	38025	0	38861
8201	229	113	38571	505	0	39418
8202	201	65	474	37987	0	38727
8203	38469	52	232	685	0	39438
8204	510	63	38503	267	0	39343
8205	37715	44	507	292	0	38558
8206	38747	51	285	233	0	39316
8207	39250	43	152	226	0	39671
8208	712	38447	141	177	0	39477
8209	370	441	84	39977	0	40872
8210	40942	180	85	676	0	41883
8211	41038	91	94	354	0	41577
8212	41554	58	588	284	0	42484
8213	877	91	40670	134	0	41772
8214	42231	58	572	216	0	43077
8215	909	43	251	44626	0	45829
8216	392	69	44360	836	0	45657
8217	368	40	771	45814	0	46993
8218	294	54	314	46458	0	47120
8219	195	64	46687	1213	0	48159
8220	302	35	980	46807	0	48124
8221	287	54	415	48296	0	49052
8222	164	99	52738	1434	0	54435
8223	54033	42	1253	809	0	56137
8224	58670	40	604	531	0	59845
8225	2093	35	412	59452	0	61992
8226	986	77	59062	1616	0	61741
8227	839	45	1600	57852	0	60336
8228	547	56861	717	1863	0	59988
8229	697	1358	444	57672	0	60171
8230	558	516	374	58902	0	60350
8231	57539	338	338	2569	0	60784
8232	57807	235	317	1546	0	59905
8233	59169	216	300	1122	0	60807
8234	2525	237	270	57784	0	60816
8235	1515	184	158	59083	0	60940
8236	982	191	56964	2558	0	60695
8237	1076	128	1567	55952	0	58723
8238	844	56502	700	2298	0	60344
8239	57008	1411	490	1416	0	60325
8240	1879	55645	450	1124	0	59098
8241	56278	1723	409	1105	0	59515
8242	2144	811	384	54169	0	57508
8243	1047	54880	372	2087	0	58386
8244	55080	1796	319	1266	0	58461
8245	55960	912	263	1013	0	58148
8246	2692	682	233	54374	0	57981
8247	1486	54384	275	2100	0	58245
8248	1251	1769	261	54955	0	58236
8249	912	863	53765	2363	0	57903
8250	52028	628	1618	1465	0	55739
8251	2137	52674	771	1073	0	56655
8252	51774	1747	495	954	0	54970
8253	2423	876	389	51550	0	55238
8254	52303	669	424	2245	0	55641
8255	2453	563	51801	1162	0	55979
8256	53279	421	1717	1089	0	56506
8257	54120	475	773	944	0	56312
8258	3024	408	52606	924	0	56962
8259	2000	342	1816	52325	0	56483
8260	1650	266	890	53114	0	55920
8261	51653	323	746	2742	0	55464
8262	2485	50714	585	1570	0	55354
8263	1496	1846	590	50201	0	54133
8264	1213	728	49302	2350	0	53593
8265	1028	624	48896	1473	0	52021
8266	960	48084	2024	1258	0	52326
8267	1032	1693	48270	1068	0	52063
8268	46596	984	2118	1034	0	50732
8269	2161	694	1080	45548	0	49483
8270	46955	530	951	2111	0	50547
8271	2173	483	46369	1205	0	50230
8272	1339	515	1928	46304	0	50086
8273	1212	434	1034	47444	0	50124
8274	1023	502	45460	2446	0	49431
8275	1079	397	1807	45868	0	49151
8276	44857	416	945	2499	0	48717
8277	45892	369	838	1575	0	48674
8278	2558	344	692	45200	0	48794
8279	44894	311	695	2387	0	48287
8280	45341	323	566	1562	0	47792
8281	2762	43187	575	1287	0	47811
8282	1966	1464	494	44112	0	48036
8283	44712	674	479	2319	0	48184
8284	2675	527	461	44528	0	48191
8285	44154	447	466	2425	0	47492
8286	2663	450	487	43776	0	47376
8287	1634	476	42779	2546	0	47435
8288	1367	42554	1655	1654	0	47230
8289	1372	1654	852	38710	0	42588
8290	1202	41607	717	2236	0	45762
8291	41301	1794	610	1395	0	45100
8292	2138	40124	649	1244	0	44155
8293	1323	40442	628	1034	0	43427
8294	1185	2143	553	39220	0	43101
8295	39019	1216	533	2126	0	42894
8296	2088	1023	425	38830	0	42366
8297	38495	827	384	2424	0	42130
8298	38699	783	403	1499	0	41384
8299	2498	37861	482	1219	0	42060
8300	38922	1768	440	1123	0	42253
8301	39259	879	461	1060	0	41659
8302	39332	749	457	941	0	41479
8303	3070	601	36004	891	0	40566
8304	2039	596	1470	36268	0	40373
8305	1819	537	715	37424	0	40495
8306	1515	512	35092	2305	0	39424
8307	36200	487	1527	1522	0	39736
8308	37421	397	865	1301	0	39984
8309	36840	350	746	1148	0	39084
8310	35290	320	576	1127	0	37313
8311	2902	32869	511	1058	0	37340
8312	32951	1267	395	895	0	35508
8313	2825	660	368	31609	0	35462
8314	1884	498	28386	1590	0	32358
8315	28617	414	998	892	0	30921
8316	2180	27990	529	797	0	31496
8317	26201	1119	421	637	0	28378
8318	1875	25106	324	664	0	27969
8319	1157	24155	330	697	0	26339
8320	1001	23798	377	623	0	25799
8321	981	23118	478	649	0	25226
8322	798	1017	17349	504	0	19668
8323	714	1366	778	13320	0	16178
8324	280	239	12169	486	0	13174
8325	9983	114	298	165	0	10560
8326	329	9891	107	156	0	10483
8327	165	10053	70	145	0	10433
8328	165	322	75	9680	0	10242
8329	169	157	36	9838	0	10200
8330	123	136	9581	325	0	10165
8331	133	129	9552	148	0	9962
8332	150	125	255	9454	0	9984
8333	157	91	9429	273	0	9950
8334	136	9302	268	141	0	9847
8335	187	233	91	9065	0	9576
8336	182	97	67	9723	0	10069
8337	156	76	9429	314	0	9975
8338	162	53	239	9238	0	9692
8339	9313	41	96	327	0	9777
8340	341	46	86	9225	0	9698
8341	156	63	94	9212	0	9525
8342	148	42	8953	372	0	9515
8343	8806	48	238	198	0	9290
8344	318	9016	122	133	0	9589
8345	198	226	64	8944	0	9432
8346	185	89	8860	266	0	9400
8347	188	83	222	8843	0	9336
8348	8951	77	67	307	0	9402
8349	329	83	8897	134	0	9443
8350	214	78	248	8837	0	9377
8351	137	82	9047	284	0	9550
8352	134	9058	240	141	0	9573
8353	163	241	8935	119	0	9458
8354	105	8659	240	109	0	9113
8355	73	180	7584	76	0	7913
8356	107	172	197	6481	0	6957
8357	43	6743	70	116	0	6972
8358	6488	123	35	56	0	6702
8359	129	57	33	6514	0	6733
8360	6646	39	25	129	0	6839
8361	137	28	21	6853	0	7039
8362	71	31	35	7021	0	7158
8363	6962	31	27	161	0	7181
8364	7201	18	21	88	0	7328
8365	186	17	26	7370	0	7599
8366	85	30	7467	135	0	7717
8367	66	7456	113	63	0	7698
8368	63	124	7566	39	0	7792
8369	51	7646	132	45	0	7874
8370	7494	120	59	61	0	7734
8371	141	45	7392	27	0	7605
8372	65	30	7362	40	0	7497
8373	66	22	138	7139	0	7365
8374	7313	23	63	129	0	7528
8375	143	19	7584	58	0	7804
8376	69	7896	116	44	0	8125
8377	8062	108	50	35	0	8255
8378	8157	46	39	51	0	8293
8379	8236	31	28	48	0	8343
8380	8252	24	30	38	0	8344
8381	8205	28	36	35	0	8304
8382	165	24	8017	36	0	8242
8383	98	52	111	7580	0	7841
8384	56	7746	55	88	0	7945
8385	7895	102	43	57	0	8097
8386	110	8025	25	33	0	8193
8387	7723	89	27	31	0	7870
8388	7693	32	21	34	0	7780
8389	113	7618	18	17	0	7766
8390	7803	83	9	34	0	7929
8391	110	34	23	7795	0	7962
8392	66	24	12	7903	0	8005
8393	50	13	7779	113	0	7955
8394	35	7978	81	57	0	8151
8395	47	85	44	8047	0	8223
8396	36	35	25	8168	0	8264
8397	31	25	17	8175	0	8248
8398	25	22	7927	123	0	8097
8399	7577	27	83	66	0	7753
8400	109	16	43	8038	0	8206
8401	8173	11	22	115	0	8321
8402	115	19	20	8195	0	8349
8403	62	13	8418	124	0	8617
8404	43	19	8505	64	0	8631
8405	8302	11	133	65	0	8511
8406	8711	13	63	46	0	8833
8407	141	8554	29	32	0	8756
8408	78	100	8635	25	0	8838
8409	50	44	106	8516	0	8716
8410	125	51	74	7128	0	7378
8411	9039	11	30	165	0	9245
8412	9090	10	25	79	0	9204
8413	9160	14	24	50	0	9248
8414	161	25	8942	23	0	9151
8415	9210	11	103	59	0	9383
8416	131	16	54	9344	0	9545
8417	75	13	38	9400	0	9526
8418	60	10	20	9450	0	9540
8419	48	9282	19	151	0	9500
8420	9299	100	20	85	0	9504
8421	129	50	21	9237	0	9437
8422	73	18	9172	128	0	9391
8423	43	9	116	9089	0	9257
8424	31	9140	59	123	0	9353
8425	9299	104	24	85	0	9512
8426	131	53	16	9281	0	9481
8427	68	31	26	9207	0	9332
8428	50	17	9253	146	0	9466
8429	48	16	108	9191	0	9363
8430	36	9260	55	134	0	9485
8431	48	107	28	9487	0	9670
8432	40	54	9464	137	0	9695
8433	8769	23	102	94	0	8988
8434	9288	9	60	64	0	9421
8435	142	9402	25	40	0	9609
8436	9313	91	12	46	0	9462
8437	9649	40	18	47	0	9754
8438	146	9588	19	24	0	9777
8439	81	115	12	9751	0	9959
8440	9992	29	17	136	0	10174
8441	122	10148	15	57	0	10342
8442	62	96	10296	25	0	10479
8443	10274	41	123	41	0	10479
8444	10792	22	43	41	0	10898
8445	10865	14	17	43	0	10939
8446	10830	11	9	49	0	10899
8447	169	11093	10	31	0	11303
8448	11246	127	15	47	0	11435
8449	11618	46	12	39	0	11715
8450	11844	23	5	36	0	11908
8451	225	11	11	11838	0	12085
8452	11747	8	9	177	0	11941
8453	152	12393	16	68	0	12629
8454	67	167	13115	28	0	13377
8455	74	50	184	13673	0	13981
8456	13938	20	57	237	0	14252
8457	237	17	13987	68	0	14309
8458	125	14	215	13934	0	14288
8459	45	16	14065	221	0	14347
8460	29	13929	222	89	0	14269
8461	77	218	62	13717	0	14074
8462	31	59	13838	230	0	14158
8463	32	13768	229	62	0	14091
8464	80	215	52	13597	0	13944
8465	13705	56	64	246	0	14071
8466	13859	30	21	90	0	14000
8467	13942	23	19	70	0	14054
8468	13889	9	24	55	0	13977
8469	13865	19	13	59	0	13956
8470	290	19	13694	27	0	14030
8471	13790	12	212	58	0	14072
8472	14186	13	61	40	0	14300
8473	298	28	34	14007	0	14367
8474	14058	17	18	231	0	14324
8475	13669	13	25	100	0	13807
8476	265	13367	24	44	0	13700
8477	142	189	18	13521	0	13870
8478	114	54	11	13768	0	13947
8479	13622	24	20	288	0	13954
8480	260	13462	16	87	0	13825
8481	117	13814	16	49	0	13996
8482	105	236	20	14075	0	14436
8483	94	80	31	14211	0	14416
8484	89	40	17	14107	0	14253
8485	98	23	16	14302	0	14439
8486	13872	23	15	348	0	14258
8487	13929	21	12	132	0	14094
8488	317	26	13815	65	0	14223
8489	171	31	215	13620	0	14037
8490	103	26	62	13998	0	14189
8491	60	28	13768	305	0	14161
8492	13366	19	220	135	0	13740
8493	255	13638	57	73	0	14023
8494	13603	233	35	72	0	13943
8495	297	71	31	13499	0	13898
8496	113	39	13572	273	0	13997
8497	91	28	224	13752	0	14095
8498	68	28	14201	283	0	14580
8499	74	14336	239	113	0	14762
8500	14117	216	95	110	0	14538
8501	14190	70	50	66	0	14376
8502	267	14123	43	61	0	14494
8503	107	209	32	13898	0	14246
8504	13620	62	37	260	0	13979
8505	248	13545	29	95	0	13917
8506	121	223	26	13652	0	14022
8507	13740	66	24	261	0	14091
8508	254	51	13504	96	0	13905
8509	13392	24	221	107	0	13744
8510	250	13593	75	73	0	13991
8511	13619	216	68	68	0	13971
8512	13667	79	38	72	0	13856
8513	309	62	13363	37	0	13771
8514	152	42	203	13055	0	13452
8515	119	36	59	13492	0	13706
8516	74	40	13404	277	0	13795
8517	100	38	206	13221	0	13565
8518	104	40	95	12826	0	13065
8519	13537	35	50	307	0	13929
8520	13661	30	32	118	0	13841
8521	303	24	48	13475	0	13850
8522	139	41	13496	245	0	13921
8523	111	41	203	13593	0	13948
8524	103	31	66	13813	0	14013
8525	98	37	13854	281	0	14270
8526	86	23	219	14084	0	14412
8527	13980	22	76	304	0	14382
8528	13989	26	47	148	0	14210
8529	279	13851	50	92	0	14272
8530	14179	210	29	114	0	14532
8531	14168	54	38	97	0	14357
8532	293	14233	28	80	0	14634
8533	14453	209	22	80	0	14764
8534	14540	62	40	96	0	14738
8535	14856	48	35	101	0	15040
8536	325	33	14269	81	0	14708
8537	14155	20	217	98	0	14490
8538	281	30	75	14509	0	14895
8539	14498	13	45	284	0	14840
8540	290	32	14226	82	0	14630
8541	131	13954	214	82	0	14381
8542	13949	208	75	74	0	14306
8543	259	14305	49	52	0	14665
8544	128	208	41	14214	0	14591
8545	99	76	26	14570	0	14771
8546	14504	39	32	304	0	14879
8547	14332	39	31	128	0	14530
8548	309	24	14129	74	0	14536
8549	132	36	13220	57	0	13445
8550	82	30	13404	39	0	13555
8551	105	156	223	12969	0	13453
8552	53	19	13141	196	0	13409
8553	58	47	12308	64	0	12477
8554	219	351	199	11147	0	11916
8555	11878	23	100	220	0	12221
8556	12065	8	34	97	0	12204
8557	12222	3	21	69	0	12315
8558	12330	4	11	47	0	12392
8559	167	6	16	12281	0	12470
8560	66	0	14	12467	0	12547
8561	34	12	12908	127	0	13081
8562	50	5	116	12712	0	12883
8563	57	11	49	12380	0	12497
8564	13435	5	17	188	0	13645
8565	13492	5	19	79	0	13595
8566	193	5	9	13434	0	13641
8567	13617	3	11	181	0	13812
8568	13820	4	19	83	0	13926
8569	219	0	12	13799	0	14030
8570	96	3	21	13704	0	13824
8571	54	9	13482	195	0	13740
8572	52	16	13259	93	0	13420
8573	68	16	176	13648	0	13908
8574	54	6	76	13979	0	14115
8575	32	11	13999	197	0	14239
8576	13493	5	143	112	0	13753
8577	13842	7	59	70	0	13978
8578	218	13	13685	35	0	13951
8579	85	13603	159	37	0	13884
8580	13943	125	66	62	0	14196
8581	175	53	14776	21	0	15025
8582	88	14	163	14675	0	14940
8583	77	18	61	15225	0	15381
8584	15846	5	42	257	0	16150
8585	16774	6	31	158	0	16969
8586	232	10	23	17048	0	17313
8587	130	4	29	18054	0	18217
8588	18190	7	31	271	0	18499
8589	18319	5	17	126	0	18467
8590	18229	1	33	106	0	18369
8591	279	16	18249	41	0	18585
8592	151	7	204	18420	0	18782
8593	79	6	79	19020	0	19184
8594	18914	3	55	303	0	19275
8595	225	18913	41	122	0	19301
8596	20491	188	18	126	0	20823
8597	341	20625	31	48	0	21045
8598	181	276	28	21286	0	21771
8599	124	88	19	21593	0	21824
8600	70	52	21271	448	0	21841
8601	112	21	318	21291	0	21742
8602	64	33	21381	430	0	21908
8603	123	16	366	21558	0	22063
8604	89	40	132	21689	0	21950
8605	63	20855	87	493	0	21498
8606	56	21894	60	234	0	22244
8607	100	369	54	21631	0	22154
8608	96	140	38	22365	0	22639
8609	108	73	67	22466	0	22714
8610	110	43	29	22790	0	22972
8611	79	30	45	23131	0	23285
8612	60	51	22615	585	0	23311
8613	88	39	383	22520	0	23030
8614	79	26	128	23165	0	23398
8615	54	39	22258	566	0	22917
8616	50	22105	399	271	0	22825
8617	85	365	115	22569	0	23134
8618	72	124	22345	462	0	23003
8619	52	22656	422	193	0	23323
8620	99	379	125	22980	0	23583
8621	23483	116	93	539	0	24231
8622	443	71	70	23466	0	24050
8623	176	57	41	23808	0	24082
8624	127	31	54	24053	0	24265
8625	111	44	55	23542	0	23752
8626	71	22703	45	643	0	23462
8627	93	366	55	23512	0	24026
8628	24092	127	51	624	0	24894
8629	436	83	43	24443	0	25005
8630	203	51	43	24410	0	24707
8631	131	44	52	24800	0	25027
8632	23872	50	47	698	0	24667
8633	24020	49	44	405	0	24518
8634	556	35	44	24261	0	24896
8635	23485	52	37	561	0	24135
8636	23789	28	30	330	0	24177
8637	469	23725	38	231	0	24463
8638	23703	349	36	262	0	24350
8639	431	23583	42	176	0	24232
8640	162	23983	54	165	0	24364
8641	156	429	66	24357	0	25008
8642	110	174	24948	451	0	25683
8643	163	110	328	24455	0	25056
8644	101	61	127	24953	0	25242
8645	75	24589	95	522	0	25281
8646	24659	367	57	322	0	25405
8647	416	128	38	24839	0	25421
8648	155	124	26428	446	0	27153
8649	136	79	325	26371	0	26911
8650	67	26854	123	497	0	27541
8651	27212	353	83	356	0	28004
8652	381	147	49	27515	0	28092
8653	150	109	27760	511	0	28530
8654	136	95	330	27890	0	28451
8655	91	27093	149	508	0	27841
8656	75	345	74	27911	0	28405
8657	28624	140	69	648	0	29481
8658	29367	106	48	422	0	29943
8659	29700	94	63	330	0	30187
8660	607	29785	89	267	0	30748
8661	30141	461	64	270	0	30936
8662	616	158	63	30379	0	31216
8663	30095	127	51	705	0	30978
8664	566	30334	59	316	0	31275
8665	258	496	46	31100	0	31900
8666	162	218	31398	615	0	32393
8667	29605	143	435	439	0	30622
8668	505	31727	160	278	0	32670
8669	211	508	102	32381	0	33202
8670	209	169	61	33094	0	33533
8671	170	124	54	32654	0	33002
8672	167	105	61	31973	0	32306
8673	111	31946	62	775	0	32894
8674	32461	469	60	457	0	33447
8675	32451	176	66	338	0	33031
8676	657	155	32461	239	0	33512
8677	316	127	460	32726	0	33629
8678	215	84	32907	632	0	33838
8679	32426	100	527	382	0	33435
8680	33341	85	176	344	0	33946
8681	32491	79	103	269	0	32942
8682	758	89	74	31777	0	32698
8683	305	31542	52	646	0	32545
8684	32464	480	46	382	0	33372
8685	655	190	38	31863	0	32746
8686	31911	131	51	707	0	32800
8687	683	108	30566	259	0	31616
8688	307	100	29937	224	0	30568
8689	31302	73	536	233	0	32144
8690	652	67	217	31474	0	32410
8691	31308	46	158	644	0	32156
8692	640	31162	82	253	0	32137
8693	31616	474	70	272	0	32432
8694	31961	178	78	233	0	32450
8695	749	167	31268	126	0	32310
8696	291	111	28908	97	0	29407
8697	190	29551	481	96	0	30318
8698	263	386	256	29663	0	30568
8699	29931	111	207	469	0	30718
8700	461	92	58	29886	0	30497
8701	237	53	57	30722	0	31069
8702	175	57	29920	473	0	30625
8703	29280	48	360	303	0	29991
8704	462	74	112	30911	0	31559
8705	213	59	30302	414	0	30988
8706	214	89	29322	162	0	29787
8707	195	145	431	30193	0	30964
8708	99	55	30571	400	0	31125
8709	140	49	30155	161	0	30505
8710	176	74	440	28350	0	29040
8711	76	57	30880	400	0	31413
8712	156	37	409	30001	0	30603
8713	81	29429	174	456	0	30140
8714	31439	313	121	269	0	32142
8715	380	31740	121	166	0	32407
8716	219	439	77	31892	0	32627
8717	143	32458	85	461	0	33147
8718	119	517	33655	189	0	34480
8719	217	166	535	37255	0	38173
8720	109	138	42582	776	0	43605
8721	41747	77	971	406	0	43201
8722	937	44312	374	183	0	45806
8723	44952	934	238	215	0	46339
8724	1257	341	140	44281	0	46019
8725	44896	217	119	1098	0	46330
8726	1228	162	44128	388	0	45906
8727	493	44413	978	272	0	46156
8728	44225	972	346	255	0	45798
8729	1207	395	253	42616	0	44471
8730	514	44143	163	886	0	45706
8731	443	1048	144	44696	0	46331
8732	44636	392	154	1357	0	46539
8733	1060	47188	197	508	0	48953
8734	47446	1218	147	445	0	49256
8735	1470	546	46193	213	0	48422
8736	46309	359	1127	280	0	48075
8737	1634	170	409	46568	0	48781
8738	46418	153	278	1415	0	48264
8739	1451	45900	232	487	0	48070
8740	739	1177	217	46294	0	48427
8741	574	489	141	47329	0	48533
8742	359	331	44672	1599	0	46961
8743	419	206	1133	44609	0	46367
8744	364	194	427	45997	0	46982
8745	373	178	269	46178	0	46998
8746	375	156	174	46479	0	47184
8747	259	181	44825	1815	0	47080
8748	246	42516	1233	843	0	44838
8749	372	1117	518	43325	0	45332
8750	42483	408	331	1532	0	44754
8751	42879	281	227	823	0	44210
8752	1577	42799	184	542	0	45102
8753	42378	1256	160	489	0	44283
8754	42627	453	203	466	0	43749
8755	42427	314	194	456	0	43391
8756	1777	40987	224	364	0	43352
8757	40102	1102	153	409	0	41766
8758	1537	503	132	38842	0	41014
8759	703	329	37898	1257	0	40187
8760	461	37845	1045	629	0	39980
8761	479	1169	466	37805	0	39919
8762	342	485	37161	1210	0	39198
8763	36724	324	1054	633	0	38735
8764	1317	219	416	36906	0	38858
8765	670	207	297	37325	0	38499
8766	496	210	205	36849	0	37760
8767	471	190	151	37001	0	37813
8768	371	175	34781	1638	0	36965
8769	33129	192	1030	877	0	35228
8770	1178	34345	418	557	0	36498
8771	34295	1024	281	501	0	36101
8772	1263	34435	219	418	0	36335
8773	34721	1214	232	411	0	36578
8774	1378	499	186	34507	0	36570
8775	623	347	34060	1259	0	36289
8776	494	238	34054	633	0	35419
8777	440	242	1277	33749	0	35708
8778	373	208	551	34321	0	35453
8779	314	226	308	34785	0	35633
8780	33288	137	237	1837	0	35499
8781	1153	192	33086	866	0	35297
8782	565	32215	1083	632	0	34495
8783	454	33755	443	480	0	35132
8784	32144	1282	269	442	0	34137
8785	1262	577	31881	358	0	34078
8786	610	31540	1024	361	0	33535
8787	509	1086	31178	321	0	33094
8788	409	500	1157	30974	0	33040
8789	346	355	31013	1163	0	32877
8790	311	279	31211	583	0	32384
8791	339	269	1255	30827	0	32690
8792	317	209	30550	1249	0	32325
8793	318	230	30856	644	0	32048
8794	345	210	1338	29929	0	31822
8795	29561	203	635	1280	0	31679
8796	1074	243	29389	645	0	31351
8797	522	219	1107	29198	0	31046
8798	377	180	572	29955	0	31084
8799	28792	197	429	1465	0	30883
8800	1127	211	292	29123	0	30753
8801	28277	155	320	1398	0	30150
8802	1236	27791	287	723	0	30037
8803	607	932	282	28556	0	30377
8804	28348	372	281	1327	0	30328
8805	29003	240	260	751	0	30254
8806	1444	190	266	28396	0	30296
8807	673	185	28005	1277	0	30140
8808	27410	162	1017	749	0	29338
8809	1125	27831	480	533	0	29969
8810	26620	944	369	533	0	28466
8811	28093	410	221	492	0	29216
8812	28343	263	234	455	0	29295
8813	1579	172	26787	434	0	28972
8814	719	26122	964	383	0	28188
8815	615	1088	433	25714	0	27850
8816	511	702	289	26238	0	27740
8817	393	278	24973	1286	0	26930
8818	339	23030	829	673	0	24871
8819	238	18406	300	361	0	19305
8820	132	13899	147	162	0	14340
8821	12243	407	764	153	0	13567
8822	438	121	104	11612	0	12275
8823	154	70	51	11753	0	12028
8824	111	52	11571	377	0	12111
8825	11253	56	269	162	0	11740
8826	320	39	104	11513	0	11976
8827	167	145	54	11656	0	12022
8828	83	50	11422	371	0	11926
8829	70	11198	279	159	0	11706
8830	123	394	101	11075	0	11693
8831	76	77	11001	295	0	11449
8832	43	9756	198	126	0	10123
8833	8074	98	42	48	0	8262
8834	106	33	8304	36	0	8479
8835	48	20	95	8052	0	8215
8836	24	8230	25	85	0	8364
8837	8281	77	34	55	0	8447
8838	101	28	21	8306	0	8456
8839	8389	17	17	104	0	8527
8840	8395	18	8	42	0	8463
8841	103	8329	19	22	0	8473
8842	8408	83	12	50	0	8553
8843	8692	22	19	64	0	8797
8844	101	19	8730	26	0	8876
8845	8643	12	76	59	0	8790
8846	102	12	8729	16	0	8859
8847	8632	18	76	33	0	8759
8848	8782	21	28	36	0	8867
8849	103	15	8948	12	0	9078
8850	50	18	68	8939	0	9075
8851	21	13	9236	77	0	9347
8852	37	10	8637	31	0	8715
8853	25	12	9453	21	0	9511
8854	47	16	82	9495	0	9640
8855	31	6	23	10562	0	10622
8856	20	8	24	10690	0	10742
8857	19	9	12	11008	0	11048
8858	11	6	11239	148	0	11404
8859	30	5	136	11233	0	11404
8860	15	11076	51	142	0	11284
8861	17	123	11921	54	0	12115
8862	32	28	147	11746	0	11953
8863	17	30	12208	154	0	12409
8864	11	11986	166	66	0	12229
8865	12	12362	58	39	0	12471
8866	31	170	34	12383	0	12618
8867	10	68	12346	154	0	12578
8868	16	35	12370	47	0	12468
8869	37	26	188	12475	0	12726
8870	34	14	74	12642	0	12764
8871	34	27	28	12889	0	12978
8872	15	37	12702	205	0	12959
8873	16	12596	173	89	0	12874
8874	11	13232	59	45	0	13347
8875	32	182	52	13194	0	13460
8876	12	48	13094	209	0	13363
8877	11	34	13107	67	0	13219
8878	14	13498	204	58	0	13774
8879	13543	187	85	65	0	13880
8880	176	13844	50	42	0	14112
8881	41	225	14554	29	0	14849
8882	14431	48	229	52	0	14760
8883	220	35	90	14894	0	15239
8884	15234	28	57	262	0	15581
8885	259	32	29	15275	0	15595
8886	112	29	25	15657	0	15823
8887	15575	39	33	329	0	15976
8888	247	16066	43	99	0	16455
8889	94	253	16033	61	0	16441
8890	44	16304	257	55	0	16660
8891	16202	269	71	69	0	16611
8892	252	16288	41	62	0	16643
8893	16341	260	34	96	0	16731
8894	16416	91	33	72	0	16612
8895	299	16393	37	36	0	16765
8896	135	265	34	16330	0	16764
8897	16247	94	28	298	0	16667
8898	16458	59	30	110	0	16657
8899	343	43	18	16218	0	16622
8900	131	44	15844	257	0	16276
8901	90	40	15862	81	0	16073
8902	77	51	285	15935	0	16348
8903	53	35	15752	275	0	16115
8904	15170	39	254	122	0	15585
8905	265	15534	94	82	0	15975
8906	122	235	46	15711	0	16114
8907	94	69	48	15730	0	15941
8908	68	43	49	15641	0	15801
8909	60	34	37	15397	0	15528
8910	64	25	50	15563	0	15702
8911	61	46	15304	328	0	15739
8912	37	15352	241	133	0	15763
8913	15587	248	79	101	0	16015
8914	273	90	43	15442	0	15848
8915	121	49	32	15641	0	15843
8916	81	29	40	15685	0	15835
8917	35	15511	43	370	0	15959
8918	63	254	39	15978	0	16334
8919	63	101	26	16196	0	16386
8920	15725	50	29	393	0	16197
8921	260	15319	43	166	0	15788
8922	85	15561	40	135	0	15821
8923	75	298	28	15717	0	16118
8924	15461	118	31	354	0	15964
8925	275	57	15565	131	0	16028
8926	15129	50	250	152	0	15581
8927	301	52	15921	69	0	16343
8928	122	54	280	15919	0	16375
8929	103	60	84	16206	0	16453
8930	62	36	56	16097	0	16251
8931	62	33	29	16109	0	16233
8932	81	37	44	15851	0	16013
8933	15790	44	44	403	0	16281
8934	268	48	15388	164	0	15868
8935	117	29	268	15719	0	16133
8936	75	46	16271	319	0	16711
8937	48	16231	286	163	0	16728
8938	16301	253	77	182	0	16813
8939	276	92	16845	104	0	17317
8940	135	76	263	16938	0	17412
8941	111	41	97	17417	0	17666
8942	52	43	17373	388	0	17856
8943	47	56	17427	185	0	17715
8944	89	52	369	16525	0	17035
8945	17471	43	134	361	0	18009
8946	17631	38	69	171	0	17909
8947	346	17436	63	134	0	17979
8948	17828	270	60	116	0	18274
8949	334	95	54	17265	0	17748
8950	122	17915	60	339	0	18436
8951	121	274	52	18079	0	18526
8952	72	110	18327	376	0	18885
8953	114	66	279	17619	0	18078
8954	141	41	84	18142	0	18408
8955	17180	34	69	371	0	17654
8956	239	17195	39	175	0	17648
8957	16891	226	37	142	0	17296
8958	266	16798	52	74	0	17190
8959	16271	240	36	90	0	16637
8960	248	15984	48	86	0	16366
8961	106	16026	37	65	0	16234
8962	16140	252	40	105	0	16537
8963	248	114	43	15696	0	16101
8964	84	15889	41	228	0	16242
8965	16240	189	62	147	0	16638
8966	16236	79	30	107	0	16452
8967	16538	38	30	98	0	16704
8968	16358	33	34	88	0	16513
8969	265	16469	31	65	0	16830
8970	136	191	18	16746	0	17091
8971	84	84	24	16968	0	17160
8972	17083	62	20	303	0	17468
8973	232	32	26	16907	0	17197
8974	16729	32	19	265	0	17045
8975	213	23	16357	114	0	16707
8976	16116	28	155	142	0	16441
8977	211	46	16522	55	0	16834
8978	131	103	174	16313	0	16721
8979	16436	35	72	224	0	16767
8980	188	16224	39	99	0	16550
8981	15571	146	32	92	0	15841
8982	184	15298	29	46	0	15557
8983	90	189	33	16589	0	16901
8984	59	51	16117	145	0	16372
8985	15085	82	167	123	0	15457
8986	120	16059	41	58	0	16278
8987	73	136	28	16069	0	16306
8988	52	33	13	15908	0	16006
8989	46	24	10	15738	0	15818
8990	29	24	16009	140	0	16202
8991	21	15934	102	61	0	16118
8992	15868	103	32	79	0	16082
8993	15884	27	30	59	0	16000
8994	114	15850	18	35	0	16017
8995	16338	100	8	84	0	16530
8996	130	36	28	16457	0	16651
8997	46	16322	20	114	0	16502
8998	16500	101	12	84	0	16697
8999	123	49	16004	41	0	16217
9000	46	16460	113	31	0	16650
9001	56	108	33	16694	0	16891
9002	31	43	25	17038	0	17137
9003	37	28	16713	130	0	16908
9004	52	20	98	16288	0	16458
9005	20	25	16794	131	0	16970
9006	53	10	110	16663	0	16836
9007	45	19	33	17006	0	17103
9008	39	21	22	17035	0	17117
9009	41	12	12	17265	0	17330
9010	24	30	17259	157	0	17470
9011	36	27	18192	68	0	18323
9012	26	20219	219	50	0	20514
9013	62	283	89	21408	0	21842
9014	31	92	22220	300	0	22643
9015	16	22137	327	124	0	22604
9016	90	363	101	23099	0	23653
9017	29	116	23783	339	0	24267
9018	22615	67	374	189	0	23245
9019	24804	35	122	112	0	25073
9020	544	28	52	24688	0	25312
9021	169	37	24657	402	0	25265
9022	140	29	378	24484	0	25031
9023	24737	21	132	531	0	25421
9024	384	25387	87	182	0	26040
9025	26141	378	34	214	0	26767
9026	26651	134	32	132	0	26949
9027	572	71	22	25961	0	26626
9028	270	25	43	26305	0	26643
9029	147	30	34	26578	0	26789
9030	131	36	20	26489	0	26676
9031	122	33	29	26261	0	26445
9032	26183	21	24	679	0	26907
9033	26476	20	27	302	0	26825
9034	26433	12	29	227	0	26701
9035	581	41	25216	105	0	25943
9036	25189	23	360	149	0	25721
9037	565	27	109	25417	0	26118
9038	216	50	25302	471	0	26039
9039	135	24867	444	185	0	25631
9040	167	411	166	25073	0	25817
9041	124	153	89	25318	0	25684
9042	65	25190	79	548	0	25882
9043	154	403	53	25876	0	26486
9044	92	166	25546	554	0	26358
9045	79	91	25853	248	0	26271
9046	142	71	581	26047	0	26841
9047	25912	43	221	617	0	26793
9048	25865	36	110	329	0	26340
9049	633	68	25718	169	0	26588
9050	290	24345	466	143	0	25244
9051	163	25390	208	140	0	25901
9052	24267	554	129	173	0	25123
9053	512	234	24640	150	0	25536
9054	291	110	437	24415	0	25253
9055	24501	62	190	617	0	25370
9056	516	23959	131	296	0	24902
9057	238	24764	79	180	0	25261
9058	24387	581	66	199	0	25233
9059	578	219	71	24592	0	25460
9060	25776	91	70	632	0	26569
9061	707	68	63	28161	0	28999
9062	379	56	51	28831	0	29317
9063	215	88	28419	935	0	29657
9064	193	92	652	29022	0	29959
9065	201	76	257	29675	0	30209
9066	29224	59	147	1120	0	30550
9067	816	46	111	29772	0	30745
9068	306	75	29249	995	0	30625
9069	28708	71	736	516	0	30031
9070	817	67	323	29506	0	30713
9071	29390	75	183	993	0	30641
9072	898	28020	139	474	0	29531
9073	405	29451	129	322	0	30307
9074	29168	902	120	305	0	30495
9075	29491	390	134	285	0	30300
9076	1118	220	107	28883	0	30328
9077	516	121	28513	884	0	30034
9078	372	90	771	29006	0	30239
9079	28458	149	304	1037	0	29948
9080	810	28486	203	460	0	29959
9081	486	739	132	28864	0	30221
9082	28571	333	130	935	0	29969
9083	902	201	27377	470	0	28950
9084	27587	134	748	422	0	28891
9085	26721	137	308	442	0	27608
9086	1086	133	27655	254	0	29128
9087	549	151	28118	216	0	29034
9088	421	92	963	27411	0	28887
9089	364	56	443	28254	0	29117
9090	237	28079	289	1058	0	29663
9091	295	749	172	28696	0	29912
9092	245	321	28665	1047	0	30278
9093	283	192	853	29006	0	30334
9094	267	113	365	30536	0	31281
9095	226	87	29329	1265	0	30907
9096	207	28889	851	680	0	30627
9097	233	771	383	29520	0	30907
9098	266	308	225	30348	0	31147
9099	29577	181	193	1267	0	31218
9100	964	127	155	29665	0	30911
9101	418	125	29027	1151	0	30721
9102	28716	137	853	611	0	30317
9103	29687	155	353	446	0	30641
9104	29930	136	222	389	0	30677
9105	1250	122	28443	336	0	30151
9106	658	110	859	28430	0	30057
9107	404	91	373	29239	0	30107
9108	318	88	311	29560	0	30277
9109	28047	113	186	1328	0	29674
9110	925	27880	172	695	0	29672
9111	447	666	25829	388	0	27330
9112	258	24674	670	311	0	25913
9113	197	23968	279	300	0	24744
9114	188	23555	223	242	0	24208
9115	417	871	355	22482	0	24125
9116	220	333	22024	673	0	23250
9117	19749	257	555	384	0	20945
9118	551	21116	278	303	0	22248
9119	20302	505	188	266	0	21261
9120	561	20951	113	206	0	21831
9121	21069	571	107	263	0	22010
9122	627	21337	102	190	0	22256
9123	317	584	21584	157	0	22642
9124	264	261	511	21151	0	22187
9125	207	213	205	22184	0	22809
9126	21821	134	164	784	0	22903
9127	640	116	109	23284	0	24149
9128	297	116	23096	784	0	24293
9129	276	100	590	23430	0	24396
9130	187	119	23415	777	0	24498
9131	150	23202	691	405	0	24448
9132	191	608	267	22501	0	23567
9133	183	23492	196	612	0	24483
9134	23490	688	155	334	0	24667
9135	678	270	137	23486	0	24571
9136	323	172	23385	697	0	24577
9137	227	143	23136	355	0	23861
9138	22782	121	770	315	0	23988
9139	646	125	333	22933	0	24037
9140	303	133	22608	684	0	23728
9141	246	161	21947	345	0	22699
9142	148	22170	759	287	0	23364
9143	179	645	439	21006	0	22269
9144	129	22013	274	606	0	23022
9145	166	623	143	21972	0	22904
9146	22165	252	152	739	0	23308
9147	578	168	151	22456	0	23353
9148	268	110	140	22932	0	23450
9149	22656	98	145	866	0	23765
9150	679	120	123	23803	0	24725
9151	298	123	123	23763	0	24307
9152	208	24223	124	838	0	25393
9153	24383	593	117	467	0	25560
9154	24980	240	126	343	0	25689
9155	833	183	120	24731	0	25867
9156	384	124	122	25023	0	25653
9157	291	110	117	24905	0	25423
9158	176	23502	113	1003	0	24794
9159	154	24465	120	499	0	25238
9160	303	650	109	23127	0	24189
9161	19846	157	84	492	0	20579
9162	20041	96	63	255	0	20455
9163	410	19497	66	193	0	20166
9164	18594	338	58	169	0	19159
9165	353	18503	57	121	0	19034
9166	133	18630	60	126	0	18949
9167	280	386	82	18245	0	18993
9168	17996	129	94	404	0	18623
9169	321	17481	58	185	0	18045
9170	133	17886	59	132	0	18210
9171	112	341	45	17919	0	18417
9172	110	147	42	18232	0	18531
9173	59	123	17758	400	0	18340
9174	17400	80	281	214	0	17975
9175	17424	84	79	171	0	17758
9176	339	93	17919	153	0	18504
9177	163	70	17808	153	0	18194
9178	154	69	350	18045	0	18618
9179	120	78	113	18501	0	18812
9180	81	18127	69	454	0	18731
9181	96	339	56	18433	0	18924
9182	86	138	18180	430	0	18834
9183	121	112	320	17966	0	18519
9184	103	106	90	18257	0	18556
9185	17829	57	81	516	0	18483
9186	378	70	17488	238	0	18174
9187	16962	91	339	211	0	17603
9188	395	75	17101	177	0	17748
9189	171	81	354	16624	0	17230
9190	94	99	16564	380	0	17137
9191	106	100	16463	191	0	16860
9192	129	143	382	16067	0	16721
9193	15340	93	217	495	0	16145
9194	15172	84	130	196	0	15582
9195	375	15246	94	161	0	15876
9196	15114	307	112	197	0	15730
9197	15153	129	102	167	0	15551
9198	373	15044	102	153	0	15672
9199	184	341	97	15451	0	16073
9200	151	141	87	15727	0	16106
9201	111	124	72	15720	0	16027
9202	116	87	88	15754	0	16045
9203	111	66	15373	503	0	16053
9204	15025	72	345	268	0	15710
9205	392	49	144	15503	0	16088
9206	191	59	98	15524	0	15872
9207	126	15497	105	480	0	16208
9208	139	344	64	15946	0	16493
9209	95	147	15535	500	0	16277
9210	15353	105	311	279	0	16048
9211	402	122	15986	193	0	16703
9212	188	93	347	15647	0	16275
9213	15558	62	102	522	0	16244
9214	395	15672	83	276	0	16426
9215	196	345	70	16256	0	16867
9216	139	151	16094	485	0	16869
9217	152	96	372	16247	0	16867
9218	16042	89	128	512	0	16771
9219	422	89	16058	240	0	16809
9220	185	97	15726	190	0	16198
9221	133	15449	418	178	0	16178
9222	14898	387	186	167	0	15638
9223	387	14566	112	154	0	15219
9224	172	375	14177	131	0	14855
9225	116	137	13562	109	0	13924
9226	83	13220	371	123	0	13797
9227	11586	272	181	78	0	12117
9228	246	11477	90	71	0	11884
9229	100	241	55	11365	0	11761
9230	68	73	54	11604	0	11799
9231	53	42	11395	306	0	11796
9232	62	41	260	11347	0	11710
9233	45	38	11499	271	0	11853
9234	11243	47	261	105	0	11656
9235	11610	44	80	86	0	11820
9236	11621	41	69	80	0	11811
9237	294	46	11293	66	0	11699
9238	11308	30	266	68	0	11672
9239	286	43	93	11018	0	11440
9240	93	11259	69	250	0	11671
9241	11204	228	52	135	0	11619
9242	246	69	10821	93	0	11229
9243	10786	36	227	83	0	11132
9244	10813	18	103	82	0	11016
9245	281	33	10264	56	0	10634
9246	102	10273	246	72	0	10693
9247	133	255	92	10234	0	10714
9248	72	73	10360	227	0	10732
9249	65	45	10049	79	0	10238
9250	103	183	234	8659	0	9179
9251	48	15	8766	181	0	9010
9252	40	23	189	8221	0	8473
9253	46	23	67	8023	0	8159
9254	42	17	46	8332	0	8437
9255	41	17	8162	220	0	8440
9256	44	13	182	8221	0	8460
9257	47	22	8288	191	0	8548
9258	44	22	193	8359	0	8618
9259	8583	21	61	229	0	8894
9260	191	30	50	8654	0	8925
9261	59	8854	49	209	0	9171
9262	50	180	45	9250	0	9525
9263	9289	53	35	251	0	9628
9264	220	9398	39	86	0	9743
9265	70	207	37	9516	0	9830
9266	9401	49	28	268	0	9746
9267	242	39	9473	101	0	9855
9268	79	29	222	9457	0	9787
9269	47	18	9597	260	0	9922
9270	44	21	9598	90	0	9753
9271	45	24	274	9490	0	9833
9272	9517	14	84	267	0	9882
9273	243	23	9356	77	0	9699
9274	9282	25	226	79	0	9612
9275	265	32	75	9446	0	9818
9276	82	22	9439	213	0	9756
9277	44	29	9374	78	0	9525
9278	45	33	9384	51	0	9513
9279	45	83	257	8918	0	9303
9280	9074	20	171	221	0	9486
9281	186	9106	59	70	0	9421
9282	66	160	50	9104	0	9380
9283	58	52	48	9299	0	9457
9284	9253	31	48	218	0	9550
9285	9321	15	42	103	0	9481
9286	206	9172	47	62	0	9487
9287	9308	161	36	55	0	9560
9288	9387	42	26	37	0	9492
9289	224	31	35	9267	0	9557
9290	84	20	9249	198	0	9551
9291	9251	31	184	73	0	9539
9292	210	12	60	9529	0	9811
9293	76	24	42	9615	0	9757
9294	9457	19	36	236	0	9748
9295	212	17	20	9141	0	9390
9296	86	18	28	9327	0	9459
9297	9087	12	27	237	0	9363
9298	198	9220	25	78	0	9521
9299	9101	154	25	85	0	9365
9300	200	50	9051	54	0	9355
9301	9073	25	174	42	0	9314
9302	222	14	60	9068	0	9364
9303	69	9204	43	187	0	9503
9304	66	145	29	9397	0	9637
9305	58	34	39	9436	0	9567
9306	56	27	33	9428	0	9544
9307	9104	14	39	239	0	9396
9308	164	8797	41	88	0	9090
9309	44	8785	26	58	0	8913
9310	8620	145	23	70	0	8858
9311	158	41	8878	28	0	9105
9312	55	37	8678	31	0	8801
9313	8587	39	181	64	0	8871
9314	151	20	8722	37	0	8930
9315	45	16	117	8428	0	8606
9316	61	17	52	7933	0	8063
9317	27	7	27	8713	0	8774
9318	33	4	21	8646	0	8704
9319	26	8230	27	150	0	8433
9320	29	111	17	8734	0	8891
9321	17	37	8594	153	0	8801
9322	39	22	106	8546	0	8713
9323	32	15	8495	138	0	8680
9324	28	20	8435	46	0	8529
9325	42	13	127	8615	0	8797
9326	35	15	8691	136	0	8877
9327	41	10	131	8661	0	8843
9328	8714	9	41	158	0	8922
9329	127	18	8738	52	0	8935
9330	8455	9	121	75	0	8660
9331	151	6	36	8689	0	8882
9332	53	18	8631	140	0	8842
9333	43	8588	133	56	0	8820
9334	40	112	41	8836	0	9029
9335	35	26	9220	149	0	9430
9336	47	25	131	9213	0	9416
9337	9498	23	35	189	0	9745
9338	9614	12	35	83	0	9744
9339	9835	5	26	57	0	9923
9340	190	14	19	9893	0	10116
9341	78	12	24	10032	0	10146
9342	51	15	21	10198	0	10285
9343	10312	13	25	224	0	10574
9344	171	10592	19	97	0	10879
9345	64	170	25	10800	0	11059
9346	60	43	19	11069	0	11191
9347	10903	30	21	266	0	11220
9348	198	11057	21	88	0	11364
9349	80	180	20	11687	0	11967
9350	11814	50	27	255	0	12146
9351	11813	29	21	101	0	11964
9352	289	21	30	11685	0	12025
9353	11692	14	24	270	0	12000
9354	282	17	21	11679	0	11999
9355	91	24	11791	272	0	12178
9356	78	14	209	11784	0	12085
9357	75	14	62	12108	0	12259
9358	74	11	34	12192	0	12311
9359	11628	11	27	320	0	11986
9360	209	11513	27	116	0	11865
9361	11201	180	20	104	0	11505
9362	206	10954	16	66	0	11242
9363	59	11139	18	71	0	11287
9364	11077	203	12	64	0	11356
9365	198	11188	10	47	0	11443
9366	92	192	19	11271	0	11574
9367	11122	57	21	218	0	11418
9368	11238	38	11	103	0	11390
9369	246	21	19	11144	0	11430
9370	100	26	12	11058	0	11196
9371	53	11131	10	245	0	11439
9372	11376	181	10	134	0	11701
9373	11231	63	10	94	0	11398
9374	215	11596	16	68	0	11895
9375	84	11745	16	53	0	11898
9376	88	225	9	11904	0	12226
9377	11876	88	8	265	0	12237
9378	258	46	13	11913	0	12230
9379	100	47	8	12148	0	12303
9380	62	33	11700	280	0	12075
9381	57	24	11642	113	0	11836
9382	80	38	225	11626	0	11969
9383	43	32	11687	259	0	12021
9384	44	11673	211	105	0	12033
9385	81	230	56	11784	0	12151
9386	64	63	33	12009	0	12169
9387	64	46	15	12067	0	12192
9388	32	43	11874	310	0	12259
9389	40	64	11554	107	0	11765
9390	11464	27	240	117	0	11848
9391	224	11733	80	82	0	12119
9392	11676	213	37	85	0	12011
9393	242	71	25	11671	0	12009
9394	11751	39	37	278	0	12105
9395	271	22	34	11704	0	12031
9396	77	11814	24	251	0	12166
9397	11908	207	30	139	0	12284
9398	254	68	11607	72	0	12001
9399	83	11570	196	65	0	11914
9400	11571	208	55	103	0	11937
9401	239	67	31	11412	0	11749
9402	97	11176	29	225	0	11527
9403	69	194	34	11547	0	11844
9404	11478	71	23	263	0	11835
9405	247	61	19	11504	0	11831
9406	11487	43	24	277	0	11831
9407	263	53	11273	112	0	11701
9408	127	50	191	11359	0	11727
9409	11303	41	49	294	0	11687
9410	242	59	11056	130	0	11487
9411	104	10718	202	116	0	11140
9412	114	206	84	10524	0	10928
9413	69	88	10560	251	0	10968
9414	80	68	10394	115	0	10657
9415	77	64	253	10386	0	10780
9416	71	51	10326	252	0	10700
9417	61	51	10269	128	0	10509
9418	71	51	248	10132	0	10502
9419	10142	31	93	282	0	10548
9420	232	35	46	10204	0	10517
9421	98	22	55	10392	0	10567
9422	65	35	10298	281	0	10679
9423	67	44	203	10514	0	10828
9424	10676	35	98	286	0	11095
9425	211	51	10669	123	0	11054
9426	100	10670	206	116	0	11092
9427	68	196	80	11000	0	11344
9428	11055	72	62	272	0	11461
9429	233	48	43	11076	0	11400
9430	99	11005	58	248	0	11410
9431	68	212	11403	107	0	11790
9432	70	86	221	11591	0	11968
9433	12361	46	78	275	0	12760
9434	296	55	12145	126	0	12622
9435	147	36	240	12532	0	12955
9436	12793	29	105	340	0	13267
9437	13393	32	60	182	0	13667
9438	415	13397	44	100	0	13956
9439	13339	321	61	92	0	13813
9440	402	110	34	13199	0	13745
9441	154	53	13223	357	0	13787
9442	91	12805	329	160	0	13385
9443	66	13180	105	93	0	13444
9444	106	392	101	12623	0	13222
9445	112	121	58	12916	0	13207
9446	38	59	12351	361	0	12809
9447	58	12082	251	136	0	12527
9448	41	12172	112	75	0	12400
9449	82	352	97	11410	0	11941
9450	11226	84	48	279	0	11637
9451	230	11229	37	97	0	11593
9452	100	248	13	11446	0	11807
9453	11823	78	21	302	0	12224
9454	271	43	29	11923	0	12266
9455	121	40	27	11841	0	12029
9456	56	42	24	11966	0	12088
9457	63	32	31	11982	0	12108
9458	11613	47	20	351	0	12031
9459	257	39	22	11692	0	12010
9460	81	30	11328	288	0	11727
9461	11134	32	217	147	0	11530
9462	245	39	11241	79	0	11604
9463	103	45	11634	71	0	11853
9464	62	38	274	11604	0	11978
9465	64	20	100	11812	0	11996
9466	81	26	38	11938	0	12083
9467	11752	36	38	338	0	12164
9468	257	27	11577	143	0	12004
9469	11568	22	224	112	0	11926
9470	11835	20	85	121	0	12061
9471	313	27	11593	89	0	12022
9472	11534	26	208	110	0	11878
9473	251	33	11748	84	0	12116
9474	116	11757	205	78	0	12156
9475	100	219	139	11780	0	12238
9476	63	61	73	12011	0	12208
9477	91	32	39	11879	0	12041
9478	52	34	53	11801	0	11940
9479	40	29	11761	298	0	12128
9480	51	17	11785	134	0	11987
9481	41	27	261	11763	0	12092
9482	39	31	11886	264	0	12220
9483	11554	24	216	143	0	11937
9484	12058	14	94	103	0	12269
9485	301	20	37	11905	0	12263
9486	11875	22	56	260	0	12213
9487	233	12132	63	108	0	12536
9488	12129	191	43	80	0	12443
9489	230	77	12102	100	0	12509
9490	109	32	220	12048	0	12409
9491	75	12189	86	249	0	12599
9492	12493	203	66	142	0	12904
9493	243	77	55	12674	0	13049
9494	95	34	12609	276	0	13014
9495	70	40	232	12576	0	12918
9496	12575	34	93	275	0	12977
9497	241	32	12633	149	0	13055
9498	134	32	246	12740	0	13152
9499	103	40	91	13010	0	13244
9500	89	39	12902	317	0	13347
9501	72	12566	242	155	0	13035
9502	176	10557	160	141	0	11034
9503	88	243	56	13169	0	13556
9504	104	83	46	13529	0	13762
9505	69	58	58	13695	0	13880
9506	13357	52	43	363	0	13815
9507	13499	52	56	157	0	13764
9508	295	44	66	13485	0	13890
9509	13417	52	50	313	0	13832
9510	242	13405	66	162	0	13875
9511	112	221	44	13917	0	14294
9512	84	81	42	14113	0	14320
9513	55	36	68	14219	0	14378
9514	13542	39	58	378	0	14017
9515	253	13332	60	159	0	13804
9516	107	221	54	13742	0	14124
9517	13551	92	38	318	0	13999
9518	272	48	31	13787	0	14138
9519	125	40	44	13814	0	14023
9520	80	13140	39	354	0	13613
9521	85	13708	30	177	0	14000
9522	101	238	27	13668	0	14034
9523	81	76	27	13660	0	13844
9524	13062	34	46	370	0	13512
9525	276	41	40	13112	0	13469
9526	115	45	12739	320	0	13219
9527	85	21	244	12697	0	13047
9528	69	12447	92	311	0	12919
9529	12734	199	70	179	0	13182
9530	282	63	70	12745	0	13160
9531	132	56	49	12407	0	12644
9532	64	12207	42	342	0	12655
9533	11569	165	23	142	0	11899
9534	190	11976	27	97	0	12290
9535	95	209	39	11772	0	12115
9536	53	51	11529	196	0	11829
9537	102	183	145	10546	0	10976
9538	10644	16	40	166	0	10866
9539	124	10582	18	52	0	10776
9540	49	123	11	10710	0	10893
9541	28	10322	13	139	0	10502
9542	14	123	17	10748	0	10902
9543	24	42	10549	153	0	10768
9544	38	53	115	10378	0	10584
9545	23	16	25	10630	0	10694
9546	25	7	19	10784	0	10835
9547	10360	13	13	195	0	10581
9548	10532	19	7	86	0	10644
9549	150	10521	15	48	0	10734
9550	10553	129	3	68	0	10753
9551	139	10359	12	46	0	10556
9552	36	10623	12	33	0	10704
9553	10226	145	4	62	0	10437
9554	137	55	9935	36	0	10163
9555	60	24	112	9980	0	10176
9556	46	16	36	10293	0	10391
9557	32	18	14	10500	0	10564
9558	10169	23	14	202	0	10408
9559	147	10042	13	76	0	10278
9560	57	164	9	10309	0	10539
9561	41	10188	13	171	0	10413
9562	10716	185	13	77	0	10991
9563	186	37	17	10661	0	10901
9564	60	39	6	12315	0	12420
9565	31	13182	13	343	0	13569
9566	48	282	10	13848	0	14188
9567	45	78	8	14136	0	14267
9568	13569	40	6	445	0	14060
9569	295	13189	20	176	0	13680
9570	94	13776	16	96	0	13982
9571	83	370	7	13559	0	14019
9572	60	139	13045	366	0	13610
9573	51	96	12948	136	0	13231
9574	54	67	363	12853	0	13337
9575	30	56	12753	383	0	13222
9576	63	38	339	12778	0	13218
9577	73	46	114	12528	0	12761
9578	41	42	63	13246	0	13392
9579	12698	41	46	498	0	13283
9580	342	34	41	12813	0	13230
9581	131	34	46	12844	0	13055
9582	58	12427	36	480	0	13001
9583	67	331	24	12972	0	13394
9584	42	107	12508	465	0	13122
9585	61	72	325	12768	0	13226
9586	46	48	99	13128	0	13321
9587	12336	49	60	535	0	12980
9588	369	40	45	12523	0	12977
9589	117	43	37	12551	0	12748
9590	76	46	35	12708	0	12865
9591	11651	47	31	586	0	12315
9592	337	11793	43	248	0	12421
9593	132	313	46	12019	0	12510
9594	90	114	33	12231	0	12468
9595	46	96	11585	530	0	12257
9596	73	60	312	11825	0	12270
9597	11018	40	121	524	0	11703
9598	338	11192	56	263	0	11849
9599	138	323	37	11257	0	11755
9600	103	139	38	11443	0	11723
9601	51	84	10852	553	0	11540
9602	10374	53	312	304	0	11043
9603	341	10664	119	207	0	11331
9604	10505	333	64	191	0	11093
9605	352	138	44	10670	0	11204
9606	144	95	46	10911	0	11196
9607	97	65	48	11020	0	11230
9608	92	54	57	11076	0	11279
9609	10546	63	47	572	0	11228
9610	360	59	35	10322	0	10776
9611	126	9968	46	500	0	10640
9612	112	299	40	10373	0	10824
9613	83	112	52	10744	0	10991
9614	10215	66	59	556	0	10896
9615	355	10139	48	270	0	10812
9616	147	341	41	10486	0	11015
9617	10224	129	24	520	0	10897
9618	10570	82	33	300	0	10985
9619	430	67	36	10549	0	11082
9620	165	67	10138	504	0	10874
9621	10273	68	277	316	0	10934
9622	407	66	91	10471	0	11035
9623	163	83	10370	492	0	11108
9624	125	58	307	10735	0	11225
9625	109	67	121	10924	0	11221
9626	113	55	80	10946	0	11194
9627	113	10939	50	556	0	11658
9628	111	316	50	11397	0	11874
9629	98	115	46	11589	0	11848
9630	96	64	40	11611	0	11811
9631	107	56	39	11556	0	11758
9632	105	79	37	11376	0	11597
9633	112	86	44	11336	0	11578
9634	10156	66	37	559	0	10818
9635	286	46	9721	337	0	10390
9636	119	9629	260	265	0	10273
9637	9569	240	94	237	0	10140
9638	294	9582	70	209	0	10155
9639	9562	286	53	210	0	10111
9640	357	106	50	9583	0	10096
9641	9695	69	63	428	0	10255
9642	350	64	52	9802	0	10268
9643	154	57	36	9674	0	9921
9644	125	9512	47	451	0	10135
9645	9722	254	29	294	0	10299
9646	289	108	9805	248	0	10450
9647	145	71	218	10183	0	10617
9648	112	62	10155	395	0	10724
9649	101	60	9883	257	0	10301
9650	10143	58	277	230	0	10708
9651	299	68	114	10369	0	10850
9652	131	54	10256	378	0	10819
9653	114	40	10582	243	0	10979
9654	119	40	302	10626	0	11087
9655	104	46	117	11040	0	11307
9656	10935	42	86	431	0	11494
9657	313	49	51	11077	0	11490
9658	162	33	11360	368	0	11923
9659	108	31	246	11592	0	11977
9660	122	86	98	11610	0	11916
9661	74	11838	85	360	0	12357
9662	11589	187	51	266	0	12093
9663	209	11433	58	200	0	11900
9664	9883	88	33	117	0	10121
9665	71	8478	13	56	0	8618
9666	27	8305	17	36	0	8385
9667	42	62	41	8334	0	8479
9668	22	26	33	8304	0	8385
9669	26	21	6	8241	0	8294
9670	8062	13	5	59	0	8139
9671	32	15	8053	24	0	8124
9672	17	8	25	7933	0	7983
9673	7910	7	7	56	0	7980
9674	36	7879	8	22	0	7945
9675	14	7923	7	20	0	7964
9676	26	38	19	8007	0	8090
9677	8	13	7	8083	0	8111
9678	11	8	4	8095	0	8118
9679	7	8230	7	44	0	8288
9680	10	24	3	8335	0	8372
9681	13	12	8275	34	0	8334
9682	8	11	7770	21	0	7810
9683	7955	1	21	35	0	8012
9684	25	6	9	8259	0	8299
9685	8279	7	3	34	0	8323
9686	8197	3	6	46	0	8252
9687	22	8290	16	10	0	8338
9688	8415	15	5	28	0	8463
9689	8616	7	3	39	0	8665
9690	26	6	2	8658	0	8692
9691	20	4	2	8755	0	8781
9692	10	9	9010	31	0	9060
9693	11	9159	26	26	0	9222
9694	66	25	14	8445	0	8550
9695	13	10	5	9522	0	9550
9696	9514	7	1	54	0	9576
9697	26	8	3	9561	0	9598
9698	9767	5	5	60	0	9837
9699	35	3	6	10042	0	10086
9700	8	10186	13	46	0	10253
9701	10534	53	3	66	0	10656
9702	84	14	3	11710	0	11811
9703	59	10	3	12781	0	12853
9704	33	5	2	13670	0	13710
9705	8	11	13661	251	0	13931
9706	35	4	197	13830	0	14066
9707	14189	2	62	300	0	14553
9708	244	8	27	14882	0	15161
9709	104	6	15	16532	0	16657
9710	76	10	17	16609	0	16712
9711	23	16379	16	460	0	16878
9712	28	17337	16	157	0	17538
9713	16983	413	6	157	0	17559
9714	334	17287	9	77	0	17707
9715	17248	388	9	81	0	17726
9716	17400	114	13	77	0	17604
9717	17386	62	5	89	0	17542
9718	489	40	17028	42	0	17599
9719	157	17359	331	44	0	17891
9720	17534	349	93	94	0	18070
9721	417	107	43	17573	0	18140
9722	199	69	22	17740	0	18030
9723	113	56	16	17745	0	17930
9724	64	17145	21	506	0	17736
9725	89	360	9	17435	0	17893
9726	17213	100	6	476	0	17795
9727	421	62	10	16929	0	17422
9728	187	41	11	17252	0	17491
9729	77	39	16751	500	0	17367
9730	70	46	17016	202	0	17334
9731	131	33	422	17132	0	17718
9732	92	19	127	17441	0	17679
9733	41	17267	81	520	0	17909
9734	91	373	42	17443	0	17949
9735	93	124	26	17827	0	18070
9736	81	78	18	17867	0	18044
9737	17291	50	16	640	0	17997
9738	391	60	17326	246	0	18023
9739	177	41	349	17715	0	18282
9740	17701	48	119	509	0	18377
9741	17825	37	67	241	0	18170
9742	527	58	48	17554	0	18187
9743	220	48	35	17966	0	18269
9744	17419	59	34	585	0	18097
9745	424	17186	43	247	0	17900
9746	172	17386	27	187	0	17772
9747	143	445	27	17404	0	18019
9748	17297	171	26	511	0	18005
9749	17531	83	30	253	0	17897
9750	17385	64	28	216	0	17693
9751	536	55	17312	156	0	18059
9752	16976	53	364	192	0	17585
9753	494	59	16887	155	0	17595
9754	16573	47	398	217	0	17235
9755	455	16710	147	149	0	17461
9756	193	397	16746	148	0	17484
9757	158	152	383	16788	0	17481
9758	106	108	16616	525	0	17355
9759	151	58	419	16527	0	17155
9760	16373	59	156	592	0	17180
9761	453	78	16261	272	0	17064
9762	199	59	430	16251	0	16939
9763	166	17042	168	491	0	17867
9764	158	381	114	17713	0	18366
9765	174	132	77	17809	0	18192
9766	166	102	76	17442	0	17786
9767	17432	75	70	683	0	18260
9768	17662	75	63	372	0	18172
9769	547	89	67	17604	0	18307
9770	251	104	17157	546	0	18058
9771	202	93	17072	273	0	17640
9772	179	85	458	17532	0	18254
9773	176	92	18189	552	0	19009
9774	185	83	425	18276	0	18969
9775	202	77	166	18057	0	18502
9776	193	66	106	18671	0	19036
9777	159	17579	112	641	0	18491
9778	173	17590	103	322	0	18188
9779	170	452	96	18561	0	19279
9780	149	179	97	18759	0	19184
9781	132	121	85	18770	0	19108
9782	18247	89	99	679	0	19114
9783	475	91	18545	352	0	19463
9784	217	71	413	18779	0	19480
9785	18633	49	170	630	0	19482
9786	454	18639	136	323	0	19552
9787	208	397	120	19289	0	20014
9788	150	153	124	19676	0	20103
9789	115	115	98	19508	0	19836
9790	134	73	78	19574	0	19859
9791	120	66	18832	735	0	19753
9792	17995	64	408	431	0	18898
9793	18682	56	141	364	0	19243
9794	537	62	18386	247	0	19232
9795	18373	64	422	258	0	19117
9796	18964	62	158	242	0	19426
9797	562	61	18799	215	0	19637
9798	250	19156	425	236	0	20067
9799	250	468	169	19119	0	20006
9800	171	105	19799	497	0	20572
9801	134	19298	393	298	0	20123
9802	141	302	18329	190	0	18962
9803	91	17374	287	126	0	17878
9804	130	278	205	16612	0	17225
9805	61	66	16710	249	0	17086
9806	122	61	236	16340	0	16759
9807	81	43	16981	247	0	17352
9808	62	16561	197	123	0	16943
9809	14980	81	110	62	0	15233
9810	56	14666	23	25	0	14770
9811	30	15781	31	49	0	15891
9812	146	82	47	15784	0	16059
9813	21	20	15	16015	0	16071
9814	22	7	6	15915	0	15950
9815	16	4	4	15651	0	15675
9816	13	5	5	16120	0	16143
9817	20	7	18141	76	0	18244
9818	41	3	64	17841	0	17949
9819	19	4	12	18769	0	18804
9820	19183	6	10	162	0	19361
9821	19597	5	10	84	0	19696
9822	19932	4	5	52	0	19993
9823	149	8	2	20138	0	20297
9824	22421	9	9	184	0	22623
9825	24279	14	10	133	0	24436
9826	25024	2	6	100	0	25132
9827	297	15	24712	24	0	25048
9828	24696	4	246	73	0	25019
9829	25900	4	38	88	0	26030
9830	26035	7	36	55	0	26133
9831	400	7	32	25943	0	26382
9832	111	25	26183	274	0	26593
9833	121	5	268	26090	0	26484
9834	27302	3	44	400	0	27749
9835	354	9	36	27877	0	28276
9836	82	29377	49	293	0	29801
9837	114	255	11	30538	0	30918
9838	30636	34	22	383	0	31075
9839	31030	29	19	149	0	31227
9840	30827	23	20	132	0	31002
9841	422	22	31755	60	0	32259
9842	233	16	314	31334	0	31897
9843	150	20	53	32998	0	33221
9844	90	26	33181	395	0	33692
9845	64	32217	364	118	0	32763
9846	73	321	32821	90	0	33305
9847	116	51	352	33177	0	33696
9848	33581	37	96	431	0	34145
9849	391	56	34537	109	0	35093
9850	185	21	345	34684	0	35235
9851	102	25	34933	389	0	35449
9852	34400	14	381	166	0	34961
9853	432	20	89	35515	0	36056
9854	140	35	37524	392	0	38091
9855	159	12	379	37205	0	37755
9856	103	45	38459	448	0	39055
9857	75	38724	415	205	0	39419
9858	148	357	113	39476	0	40094
9859	40054	78	85	510	0	40727
9860	469	38	83	40201	0	40791
9861	201	31	71	40075	0	40378
9862	40064	8	84	559	0	40715
9863	449	38092	82	201	0	38824
9864	166	39518	93	187	0	39964
9865	182	420	61	39910	0	40573
9866	121	39853	80	461	0	40515
9867	132	391	69	40514	0	41106
9868	151	109	58	40831	0	41149
9869	40837	71	68	612	0	41588
9870	439	40569	71	237	0	41316
9871	178	415	40453	188	0	41234
9872	150	41828	382	175	0	42535
9873	41843	414	87	251	0	42595
9874	42784	111	100	243	0	43238
9875	587	70	83	42384	0	43124
9876	43338	87	72	576	0	44073
9877	576	74	83	43353	0	44086
9878	43417	81	66	672	0	44236
9879	44270	65	77	332	0	44744
9880	657	68	65	45858	0	46648
9881	46156	40	83	764	0	47043
9882	638	61	46153	224	0	47076
9883	45483	57	450	319	0	46309
9884	655	61	154	46638	0	47508
9885	47142	56	133	646	0	47977
9886	656	47724	130	225	0	48735
9887	391	428	82	48218	0	49119
9888	319	104	112	48581	0	49116
9889	48290	77	102	770	0	49239
9890	643	109	48211	306	0	49269
9891	305	48064	495	271	0	49135
9892	314	471	143	49043	0	49971
9893	248	49049	154	575	0	50026
9894	263	505	101	50300	0	51169
9895	300	144	114	49342	0	49900
9896	276	118	110	50538	0	51042
9897	50176	136	83	863	0	51258
9898	627	99	76	49798	0	50600
9899	50116	136	70	837	0	51159
9900	49923	114	86	492	0	50615
9901	696	102	90	50307	0	51195
9902	50173	72	103	808	0	51156
9903	49850	77	106	426	0	50459
9904	708	136	49753	288	0	50885
9905	376	111	483	48636	0	49606
9906	50298	112	179	738	0	51327
9907	572	49980	172	311	0	51035
9908	50976	472	128	454	0	52030
9909	51072	127	109	399	0	51707
9910	725	133	49925	234	0	51017
9911	403	91	512	48060	0	49066
9912	53108	59	191	872	0	54230
9913	816	97	144	54538	0	55595
9914	431	75	129	56478	0	57113
9915	353	84	106	57152	0	57695
9916	384	71	119	59972	0	60546
9917	58910	55	117	1418	0	60500
9918	1104	102	60042	518	0	61766
9919	554	121	955	61744	0	63374
9920	350	127	67298	1193	0	68968
9921	270	140	69109	576	0	70095
9922	68478	74	2172	601	0	71325
9923	1930	96	73066	319	0	75411
9924	883	70463	1985	259	0	73590
9925	71186	1632	1157	408	0	74383
9926	72299	776	478	330	0	73883
9927	2751	294	303	70199	0	73547
9928	1230	177	71544	1736	0	74687
9929	630	229	70213	921	0	71993
9930	71462	121	2486	570	0	74639
9931	2198	144	1180	73238	0	76760
9932	74441	97	540	1996	0	77074
9933	2149	75408	450	989	0	78996
9934	76181	1710	406	629	0	78926
9935	76386	832	363	547	0	78128
9936	2839	74220	346	283	0	77688
9937	1645	1883	279	74424	0	78231
9938	74834	988	182	2071	0	78075
9939	2369	469	74107	1046	0	77991
9940	1363	74725	1945	537	0	78570
9941	964	1958	1026	74237	0	78185
9942	74561	934	559	2166	0	78220
9943	2199	75134	369	1132	0	78834
9944	76380	2026	306	793	0	79505
9945	2551	1212	74813	407	0	78983
9946	74273	555	1993	546	0	77367
9947	2662	444	75777	315	0	79198
9948	74857	365	2266	486	0	77974
9949	74694	312	1169	528	0	76703
9950	3304	340	73050	318	0	77012
9951	1779	73339	2175	391	0	77684
9952	1420	1989	1272	70182	0	74863
9953	840	1090	73926	2006	0	77862
9954	772	71997	2221	1151	0	76141
9955	1086	2069	1281	69701	0	74137
9956	932	1180	727	73172	0	76011
9957	708	672	71161	2949	0	75490
9958	989	396	2341	69600	0	73326
9959	902	413	1422	71985	0	74722
9960	635	407	70940	3235	0	75217
9961	820	353	2463	68937	0	72573
9962	693	70282	1491	2565	0	75031
9963	71341	2096	917	1663	0	76017
9964	2499	1190	824	70319	0	74832
9965	1493	71556	867	2461	0	76377
9966	1162	2285	803	68700	0	72950
9967	941	72951	850	2452	0	77194
9968	983	2587	71900	1393	0	76863
9969	881	73148	2455	1063	0	77547
9970	71896	2644	1527	1028	0	77095
9971	72720	1495	986	1013	0	76214
9972	73730	925	791	1082	0	76528
9973	3780	758	72195	835	0	77568
9974	2165	742	71708	822	0	75437
9975	1502	72841	3458	741	0	78542
9976	1532	2578	1904	69784	0	75798
9977	1348	74359	1097	2434	0	79238
9978	1536	2972	835	68660	0	74003
9979	1316	74284	855	2534	0	78989
9980	73438	3145	804	1614	0	79001
9981	79516	1874	843	1206	0	83439
9982	4487	1258	770	81013	0	87528
9983	2521	1080	80300	3319	0	87220
9984	79551	913	3087	2169	0	85720
9985	3837	81161	1863	1378	0	88239
9986	2621	3201	1338	79899	0	87059
9987	2028	1928	1026	79883	0	84865
9988	1538	81408	947	4152	0	88045
9989	81723	3423	888	2516	0	88550
9990	3851	2218	80391	1374	0	87834
9991	2709	1478	3267	80336	0	87790
9992	81069	1125	1951	3660	0	87805
9993	81370	1086	1423	2276	0	86155
9994	5043	79511	1053	1502	0	87109
9995	3201	3287	1056	77558	0	85102
9996	1981	80795	1016	3512	0	87304
9997	81578	3672	1081	2378	0	88709
9998	3866	2310	80958	1549	0	88683
9999	2407	1743	81660	1352	0	87162
10000	1985	1196	4320	79612	0	87113
10001	1527	1240	2388	80123	0	85278
10002	1336	80078	1572	4502	0	87488
10003	1457	3421	1283	80993	0	87154
10004	1260	2016	79654	4245	0	87175
10005	78388	1434	3494	2822	0	86138
10006	3650	1150	2044	80712	0	87556
10007	2093	1272	78937	4002	0	86304
10008	1736	1125	3385	79481	0	85727
10009	1348	1193	2110	78216	0	82867
10010	1141	78282	1455	4732	0	85610
10011	1372	3360	1094	78996	0	84822
10012	1306	2016	1093	77237	0	81652
10013	1368	1442	1054	77068	0	80932
10014	70017	1002	879	5342	0	77240
10015	2987	68174	947	3090	0	75198
10016	1897	68669	738	2015	0	73319
10017	65731	3266	672	1583	0	71252
10018	64168	1772	696	1450	0	68086
10019	3615	60361	687	1134	0	65797
10020	1586	56330	528	749	0	59193
10021	49870	1964	390	651	0	52875
10022	1695	49286	265	602	0	51848
10023	841	49297	233	510	0	50881
10024	47484	1944	601	599	0	50628
10025	1517	47637	200	504	0	49858
10026	47112	1816	251	587	0	49766
10027	46838	923	231	553	0	48545
10028	46930	833	211	496	0	48470
10029	2249	45041	258	423	0	47971
10030	1188	45430	216	431	0	47265
10031	998	1792	149	43498	0	46437
10032	708	43811	164	1362	0	46045
10033	742	1851	173	43890	0	46656
10034	43817	948	176	1831	0	46772
10035	1639	785	198	43104	0	45726
10036	865	42559	256	1759	0	45439
10037	42187	1498	224	947	0	44856
10038	1614	41482	239	819	0	44154
10039	898	43036	172	604	0	44710
10040	892	2131	119	40511	0	43653
10041	569	41770	218	1391	0	43948
10042	41284	1760	263	835	0	44142
10043	1546	923	40205	733	0	43407
10044	797	40021	1304	607	0	42729
10045	814	1434	615	40208	0	43071
10046	569	900	39999	1593	0	43061
10047	624	796	1290	39596	0	42306
10048	581	598	645	40708	0	42532
10049	527	623	543	41203	0	42896
10050	524	530	425	41068	0	42547
10051	539	465	39404	2298	0	42706
10052	444	39147	1387	1492	0	42470
10053	38854	1426	722	1234	0	42236
10054	1352	878	38523	972	0	41725
10055	38308	780	1301	960	0	41349
10056	1653	587	38933	797	0	41970
10057	990	536	1579	38978	0	42083
10058	912	471	38953	1613	0	41949
10059	678	489	39919	953	0	42039
10060	663	440	1848	38957	0	41908
10061	660	464	1124	37651	0	39899
10062	531	517	702	40406	0	42156
10063	520	557	507	39862	0	41446
10064	38368	507	451	2407	0	41733
10065	1399	449	38161	1513	0	41522
10066	38322	438	1257	1247	0	41264
10067	39005	449	638	989	0	41081
10068	38998	479	575	799	0	40851
10069	39017	511	399	649	0	40576
10070	39273	504	305	648	0	40730
10071	2544	433	243	37353	0	40573
10072	1457	468	35437	1521	0	38883
10073	1061	470	34930	913	0	37374
10074	753	35282	1292	850	0	38177
10075	33907	1279	836	637	0	36659
10076	1310	915	490	33372	0	36087
10077	873	1044	279	32863	0	35059
10078	775	32362	217	1449	0	34803
10079	752	32349	186	940	0	34227
10080	735	31879	130	639	0	33383
10081	25622	1081	229	464	0	27396
10082	559	513	94	21705	0	22871
10083	173	21395	65	399	0	22032
10084	156	415	53	21467	0	22091
10085	97	188	21401	457	0	22143
10086	120	152	22001	189	0	22462
10087	148	120	455	23663	0	24386
10088	24544	87	184	581	0	25396
10089	25909	100	95	266	0	26370
10090	26034	112	62	218	0	26426
10091	809	112	25639	143	0	26703
10092	380	113	543	25431	0	26467
10093	249	117	195	26514	0	27075
10094	194	104	25630	741	0	26669
10095	24498	97	592	388	0	25575
10096	663	117	25848	233	0	26861
10097	242	83	25380	153	0	25858
10098	166	71	25712	117	0	26066
10099	204	69	764	24709	0	25746
10100	153	50	321	25513	0	26037
10101	95	60	25819	744	0	26718
10102	149	53	618	25737	0	26557
10103	26128	33	295	765	0	27221
10104	607	41	202	26720	0	27570
10105	230	69	26956	742	0	27997
10106	163	51	28182	344	0	28740
10107	184	51	789	28010	0	29034
10108	28989	42	316	811	0	30158
10109	700	30414	258	321	0	31693
10110	31275	689	183	307	0	32454
10111	31887	249	199	267	0	32602
10112	1081	146	32008	197	0	33432
10113	540	76	842	31870	0	33328
10114	32468	46	420	979	0	33913
10115	32343	52	263	528	0	33186
10116	1055	32221	232	278	0	33786
10117	583	689	190	32361	0	33823
10118	393	278	189	33394	0	34254
10119	245	146	32486	1089	0	33966
10120	298	90	834	32083	0	33305
10121	244	61	32563	1032	0	33900
10122	228	81	32217	491	0	33017
10123	299	64	1050	31597	0	33010
10124	31558	48	485	992	0	33083
10125	831	30845	319	511	0	32506
10126	31004	688	252	406	0	32350
10127	31210	285	218	345	0	32058
10128	1135	30768	203	259	0	32365
10129	615	725	174	29821	0	31335
10130	29841	303	163	821	0	31128
10131	875	29860	157	396	0	31288
10132	29427	693	147	342	0	30609
10133	874	28813	157	230	0	30074
10134	496	709	134	28296	0	29635
10135	360	318	156	29077	0	29911
10136	28320	193	154	984	0	29651
10137	28249	152	137	537	0	29075
10138	940	28366	160	352	0	29818
10139	467	626	27813	256	0	29162
10140	323	285	27623	256	0	28487
10141	308	180	862	26847	0	28197
10142	207	27847	436	702	0	29192
10143	252	610	316	28474	0	29652
10144	282	294	235	28542	0	29353
10145	307	190	204	28571	0	29272
10146	217	169	27977	1028	0	29391
10147	239	154	27965	529	0	28887
10148	217	28451	898	392	0	29958
10149	282	657	395	28675	0	30009
10150	306	315	268	29912	0	30801
10151	257	264	29013	980	0	30514
10152	26934	179	746	644	0	28503
10153	841	147	388	29385	0	30761
10154	393	167	29442	876	0	30878
10155	28187	129	783	609	0	29708
10156	799	29230	403	410	0	30842
10157	478	686	30337	340	0	31841
10158	416	336	791	30221	0	31764
10159	30271	226	443	910	0	31850
10160	809	173	30817	490	0	32289
10161	450	141	823	30951	0	32365
10162	376	146	443	31474	0	32439
10163	295	147	334	33780	0	34556
10164	33631	135	286	1288	0	35340
10165	838	32488	271	665	0	34262
10166	477	766	243	33243	0	34729
10167	315	371	33380	1039	0	35105
10168	318	248	892	32809	0	34267
10169	238	32362	481	1040	0	34121
10170	240	34559	328	607	0	35734
10171	33991	986	237	565	0	35779
10172	34673	426	209	467	0	35775
10173	1151	320	34035	316	0	35822
10174	33284	246	881	382	0	34793
10175	1037	33804	424	349	0	35614
10176	34421	846	285	415	0	35967
10177	1125	416	229	34236	0	36006
10178	599	329	34803	945	0	36676
10179	516	264	849	34538	0	36167
10180	364	215	34853	1080	0	36512
10181	33998	165	971	653	0	35787
10182	976	185	471	34815	0	36447
10183	463	35490	295	1005	0	37253
10184	450	910	238	36034	0	37632
10185	339	416	35577	1133	0	37465
10186	243	34750	884	640	0	36517
10187	32738	768	388	523	0	34417
10188	721	31572	281	326	0	32900
10189	320	31376	194	226	0	32116
10190	341	839	153	30460	0	31793
10191	164	31010	173	672	0	32019
10192	238	757	149	31452	0	32596
10193	180	373	30897	773	0	32223
10194	29179	255	604	422	0	30460
10195	30814	175	286	305	0	31580
10196	862	180	30339	198	0	31579
10197	29523	164	585	235	0	30507
10198	707	29906	272	200	0	31085
10199	30343	600	199	243	0	31385
10200	786	304	126	29915	0	31131
10201	362	221	30000	611	0	31194
10202	225	30921	582	336	0	32064
10203	268	657	318	30739	0	31982
10204	212	288	167	31113	0	31780
10205	29847	171	134	842	0	30994
10206	28658	131	119	439	0	29347
10207	710	28035	128	267	0	29140
10208	288	26895	116	148	0	27447
10209	135	26332	69	106	0	26642
10210	209	453	113	25926	0	26701
10211	25734	136	101	415	0	26386
10212	25394	98	39	187	0	25718
10213	418	81	45	25194	0	25738
10214	175	71	37	25322	0	25605
10215	25034	75	37	459	0	25605
10216	396	66	28	25564	0	26054
10217	139	82	25754	389	0	26364
10218	25598	71	283	259	0	26211
10219	26330	76	75	185	0	26666
10220	438	91	26627	101	0	27257
10221	27213	71	287	175	0	27746
10222	452	69	84	28095	0	28700
10223	187	73	73	28186	0	28519
10224	165	57	60	28500	0	28782
10225	27957	63	54	548	0	28622
10226	375	28779	76	224	0	29454
10227	193	335	57	29206	0	29791
10228	146	28562	63	385	0	29156
10229	29099	355	60	211	0	29725
10230	415	140	68	29431	0	30054
10231	221	90	52	30067	0	30430
10232	160	29972	50	521	0	30703
10233	158	441	29722	194	0	30515
10234	165	133	395	30221	0	30914
10235	30497	101	122	573	0	31293
10236	33343	78	92	287	0	33800
10237	754	97	34625	182	0	35658
10238	369	102	673	35315	0	36459
10239	186	36187	223	715	0	37311
10240	186	757	134	37356	0	38433
10241	37081	226	89	989	0	38385
10242	37420	163	104	391	0	38078
10243	1048	115	87	36665	0	37915
10244	374	36169	72	837	0	37452
10245	39086	774	51	395	0	40306
10246	950	294	42	40055	0	41341
10247	40107	187	63	1044	0	41401
10248	42617	127	51	524	0	43319
10249	1191	128	55	42486	0	43860
10250	535	95	73	42938	0	43641
10251	397	90	86	43742	0	44315
10252	231	43096	58	1268	0	44653
10253	300	887	57	43976	0	45220
10254	351	265	52	44196	0	44864
10255	278	193	42522	1185	0	44178
10256	230	155	41546	534	0	42465
10257	288	111	981	41815	0	43195
10258	41504	134	347	1137	0	43122
10259	920	41589	200	490	0	43199
10260	41111	850	108	473	0	42542
10261	1113	266	41386	321	0	43086
10262	444	224	40097	288	0	41053
10263	243	40534	980	318	0	42075
10264	374	830	400	41072	0	42676
10265	179	269	41159	881	0	42488
10266	181	233	42054	340	0	42808
10267	277	144	888	41823	0	43132
10268	42123	81	382	1014	0	43600
10269	42370	81	250	431	0	43132
10270	1042	82	162	41809	0	43095
10271	411	116	46063	901	0	47491
10272	388	93	786	47025	0	48292
10273	270	136	294	47126	0	47826
10274	168	47292	238	979	0	48677
10275	47675	710	227	501	0	49113
10276	47656	240	188	423	0	48507
10277	929	47935	160	332	0	49356
10278	461	751	147	46863	0	48222
10279	271	47559	185	845	0	48860
10280	47926	787	174	478	0	49365
10281	888	308	46934	301	0	48431
10282	478	238	45147	226	0	46089
10283	351	156	45602	217	0	46326
10284	240	167	979	46069	0	47455
10285	199	91	412	46665	0	47367
10286	46448	93	226	1105	0	47872
10287	835	114	142	46416	0	47507
10288	442	136	133	47898	0	48609
10289	289	100	51386	1000	0	52775
10290	265	141	49628	469	0	50503
10291	49791	133	859	499	0	51282
10292	750	51102	356	333	0	52541
10293	52436	722	214	380	0	53752
10294	962	233	198	52432	0	53825
10295	418	174	210	52517	0	53319
10296	290	51754	242	929	0	53215
10297	275	701	205	52691	0	53872
10298	52003	273	142	1119	0	53537
10299	865	236	136	52419	0	53656
10300	432	178	52788	981	0	54379
10301	291	52008	770	565	0	53634
10302	51894	716	328	546	0	53484
10303	52873	272	292	480	0	53917
10304	52955	207	216	471	0	53849
10305	53385	153	144	425	0	54107
10306	1178	166	149	52620	0	54113
10307	589	146	161	53499	0	54395
10308	396	154	52882	1121	0	54553
10309	382	146	728	52948	0	54204
10310	314	180	52955	1081	0	54530
10311	344	147	813	52999	0	54303
10312	53023	136	289	1172	0	54620
10313	827	54260	280	633	0	56000
10314	424	727	238	55720	0	57109
10315	385	339	207	56824	0	57755
10316	55752	198	194	1354	0	57498
10317	54286	158	223	746	0	55413
10318	1112	157	54432	477	0	56178
10319	509	54533	859	415	0	56316
10320	350	757	359	55067	0	56533
10321	309	287	317	55484	0	56397
10322	54582	220	271	1267	0	56340
10323	54353	136	233	732	0	55454
10324	1099	178	54686	412	0	56375
10325	551	178	53938	373	0	55040
10326	465	185	974	53416	0	55040
10327	392	150	426	54976	0	55944
10328	310	158	54106	1136	0	55710
10329	52023	136	885	699	0	53743
10330	1021	118	369	54595	0	56103
10331	54172	89	320	1094	0	55675
10332	884	53597	280	551	0	55312
10333	56819	732	192	706	0	58449
10334	1074	303	61618	435	0	63430
10335	550	60933	941	407	0	62831
10336	326	60956	362	231	0	61875
10337	58476	756	614	390	0	60236
10338	57621	286	154	302	0	58363
10339	929	149	92	57157	0	58327
10340	353	56522	117	658	0	57650
10341	190	58398	109	328	0	59025
10342	253	755	78	59006	0	60092
10343	58948	313	66	890	0	60217
10344	59008	158	61	556	0	59783
10345	891	142	55382	168	0	56583
10346	54471	81	514	271	0	55337
10347	679	58216	223	107	0	59225
10348	59417	743	94	264	0	60518
10349	927	68175	102	122	0	69326
10350	352	73758	102	117	0	74329
10351	665	2027	94	79737	0	82523
10352	84418	834	144	2174	0	87570
10353	86535	504	53	1019	0	88111
10354	2920	343	83794	506	0	87563
10355	1690	189	2009	84184	0	88072
10356	85747	157	744	2489	0	89137
10357	2894	143	480	85988	0	89505
10358	86617	110	313	2834	0	89874
10359	87549	119	245	1412	0	89325
10360	3315	201	84972	806	0	89294
10361	1993	136	2067	83451	0	87647
10362	1429	157	798	86066	0	88450
10363	1116	161	516	86629	0	88422
10364	651	150	82755	3428	0	86984
10365	767	141	2269	83037	0	86214
10366	728	131	919	81439	0	83217
10367	338	81081	684	3287	0	85390
10368	406	2185	79870	1740	0	84201
10369	314	81936	2307	1266	0	85823
10370	81527	2560	900	1096	0	86083
10371	2663	1092	616	76405	0	80776
10372	1443	764	445	74873	0	77525
10373	799	76440	438	2903	0	80580
10374	76380	2371	262	1687	0	80700
10375	77619	967	234	1346	0	80166
10376	37927	40277	250	1011	0	79465
10377	2485	76599	253	685	0	80022
10378	76766	2658	211	721	0	80356
10379	3076	1255	74674	522	0	79527
10380	1580	950	74475	447	0	77452
10381	72672	643	2844	707	0	76866
10382	2625	74758	1370	422	0	79175
10383	75395	2354	876	611	0	79236
10384	2938	1153	72956	506	0	77553
10385	74227	852	2283	729	0	78091
10386	3146	75564	1056	475	0	80241
10387	1887	2475	747	76024	0	81133
10388	1623	1067	552	76892	0	80134
10389	1467	861	472	70746	0	73546
10390	1181	619	368	73644	0	75812
10391	985	566	333	72098	0	73982
10392	766	70641	371	4047	0	75825
10393	70993	2336	309	2334	0	75972
10394	2784	1111	70043	1571	0	75509
10395	1563	855	2300	71287	0	76005
10396	1207	665	71091	3011	0	75974
10397	1069	579	2797	71364	0	75809
10398	956	444	1407	73082	0	75889
10399	70597	460	1021	3909	0	75987
10400	2681	518	68884	2190	0	74273
10401	1356	68565	2625	1633	0	74179
10402	1234	2411	1209	69582	0	74436
10403	1050	1185	870	71711	0	74816
10404	902	974	69350	3588	0	74814
10405	940	754	2514	70055	0	74263
10406	856	712	1116	72212	0	74896
10407	67743	529	852	4190	0	73314
10408	2562	68753	641	2409	0	74365
10409	69010	2489	572	1880	0	73951
10410	70863	1259	459	1562	0	74143
10411	3865	939	408	69044	0	74256
10412	2173	775	67772	2931	0	73651
10413	1571	721	68063	1569	0	71924
10414	1321	613	3205	66511	0	71650
10415	1187	536	1671	65759	0	69153
10416	861	65965	1271	3620	0	71717
10417	65750	2419	977	2196	0	71342
10418	2817	64422	854	1591	0	69684
10419	1561	67319	630	1421	0	70931
10420	66005	3370	575	1329	0	71279
10421	3155	1746	505	65085	0	70491
10422	1779	67496	509	3053	0	72837
10423	1450	2869	427	68477	0	73223
10424	1036	1420	66101	3656	0	72213
10425	963	1025	66648	2222	0	70858
10426	971	847	3133	67067	0	72018
10427	798	730	67161	3500	0	72189
10428	870	561	3249	67222	0	71902
10429	802	593	1717	68094	0	71206
10430	735	498	1388	69688	0	72309
10431	64501	526	963	4624	0	70614
10432	2402	62495	929	2770	0	68596
10433	1125	63379	644	2024	0	67172
10434	56776	2642	561	1595	0	61574
10435	58334	1442	413	1329	0	61518
10436	3058	1092	428	55960	0	60538
10437	1546	962	55398	2602	0	60508
10438	1313	725	2151	56384	0	60573
10439	982	585	55864	3097	0	60528
10440	842	55603	2419	1738	0	60602
10441	783	2129	1153	56625	0	60690
10442	55826	1001	901	2929	0	60657
10443	2511	870	663	56594	0	60638
10444	1330	638	54387	2753	0	59108
10445	53947	630	2204	1614	0	58395
10446	2604	509	54773	1280	0	59166
10447	1522	413	53097	941	0	55973
10448	954	50011	2569	976	0	54510
10449	526	40048	1090	499	0	42163
10450	508	36789	793	459	0	38549
10451	26818	917	1341	631	0	29707
10452	24362	98	143	197	0	24800
10453	182	31	26	25192	0	25431
10454	101	23	24	25485	0	25633
10455	65	23	21	26239	0	26348
10456	31	26445	28	199	0	26703
10457	26755	120	34	142	0	27051
10458	137	26617	46	60	0	26860
10459	67	135	32	27209	0	27443
10460	27279	51	31	247	0	27608
10461	174	42	31	27397	0	27644
10462	87	40	21	28106	0	28254
10463	28304	36	23	290	0	28653
10464	27950	33	28	145	0	28156
10465	189	36	28286	58	0	28569
10466	93	41	27776	47	0	27957
10467	63	35	28885	59	0	29042
10468	84	35	206	28940	0	29265
10469	65	34	65	29564	0	29728
10470	33	29728	49	226	0	30036
10471	30593	172	22	190	0	30977
10472	249	69	18	30985	0	31321
10473	100	49	22	31554	0	31725
10474	56	31761	40	311	0	32168
10475	49	33947	39	131	0	34166
10476	83	269	23	35144	0	35519
10477	110	73	27	38328	0	38538
10478	38431	45	34	565	0	39075
10479	38602	27	41	277	0	38947
10480	527	32	37	38551	0	39147
10481	177	55	38407	428	0	39067
10482	148	79	37091	176	0	37494
10483	141	37	452	38424	0	39054
10484	169	37	144	37979	0	38329
10485	67	37967	100	549	0	38683
10486	37272	384	61	345	0	38062
10487	466	115	55	37488	0	38124
10488	137	107	37448	463	0	38155
10489	167	52	391	37946	0	38556
10490	89	53	38050	509	0	38701
10491	103	84	38147	197	0	38531
10492	157	87	510	38940	0	39694
10493	39122	50	195	620	0	39987
10494	419	50	38955	191	0	39615
10495	214	30	418	38487	0	39149
10496	111	54	41540	477	0	42182
10497	174	27	449	41442	0	42092
10498	161	49	148	41538	0	41896
10499	101	48	41595	568	0	42312
10500	104	75	40255	267	0	40701
10501	301	39	576	38086	0	39002
10502	120	39	231	41760	0	42150
10503	123	16	163	42196	0	42498
10504	114	22	120	41686	0	41942
10505	41402	22	120	751	0	42295
10506	41431	32	115	436	0	42014
10507	507	41137	138	246	0	42028
10508	41689	396	88	349	0	42522
10509	519	118	126	42080	0	42843
10510	42265	67	101	714	0	43147
10511	526	52	41898	267	0	42743
10512	42470	31	516	352	0	43369
10513	597	48	198	43506	0	44349
10514	288	38	157	45054	0	45537
10515	44753	29	112	910	0	45804
10516	734	23	100	48356	0	49213
10517	233	67	50192	925	0	51417
10518	49811	52	794	594	0	51251
10519	835	51649	334	397	0	53215
10520	437	745	202	53890	0	55274
10521	263	265	57441	1052	0	59021
10522	298	162	987	56883	0	58330
10523	193	158	57440	1257	0	59048
10524	273	75	1112	57761	0	59221
10525	167	58044	446	1302	0	59959
10526	311	985	276	58741	0	60313
10527	172	60272	228	1385	0	62057
10528	521	1312	180	57820	0	59833
10529	356	419	184	63239	0	64198
10530	363	233	185	63736	0	64517
10531	381	149	231	63706	0	64467
10532	411	134	228	64050	0	64823
10533	219	205	61841	2056	0	64321
10534	333	166	1268	62321	0	64088
10535	295	100	569	63523	0	64487
10536	62113	119	466	2139	0	64837
10537	1190	61718	293	1189	0	64390
10538	61912	1283	252	959	0	64406
10539	1609	525	214	62046	0	64394
10540	550	428	61536	1735	0	64249
10541	323	61595	1331	1063	0	64312
10542	60657	1304	565	996	0	63522
10543	1283	60352	383	803	0	62821
10544	504	62512	271	692	0	63979
10545	61402	1655	258	836	0	64151
10546	1542	687	215	63679	0	66123
10547	63306	384	247	2060	0	65997
10548	1815	236	258	62292	0	64601
10549	688	238	61756	2120	0	64802
10550	500	278	60954	1067	0	62799
10551	58932	255	1801	933	0	61921
10552	61546	261	758	800	0	63365
10553	2127	211	482	59435	0	62255
10554	1078	249	315	60434	0	62076
10555	57701	274	285	2330	0	60590
10556	1651	56858	272	1116	0	59897
10557	788	58834	274	808	0	60704
10558	57887	1839	246	770	0	60742
10559	58603	772	267	711	0	60353
10560	2094	57608	267	621	0	60590
10561	1193	1574	212	57664	0	60643
10562	734	675	56784	1800	0	59993
10563	557	529	57027	923	0	59036
10564	55639	318	1940	848	0	58745
10565	1830	301	56828	612	0	59571
10566	1117	281	1699	55285	0	58382
10567	816	261	666	54882	0	56625
10568	526	54981	519	2155	0	58181
10569	55055	1551	378	1150	0	58134
10570	1940	714	294	54743	0	57691
10571	877	575	53568	1830	0	56850
10572	711	53419	1454	1043	0	56627
10573	769	1639	618	53223	0	56249
10574	534	753	52530	1800	0	55617
10575	506	569	50857	972	0	52904
10576	419	49805	1859	861	0	52944
10577	45845	1322	919	700	0	48786
10578	1380	46734	593	574	0	49281
10579	46679	1463	425	694	0	49261
10580	1501	631	45825	645	0	48602
10581	44834	466	1377	708	0	47385
10582	1482	45738	658	630	0	48508
10583	840	1372	475	45958	0	48645
10584	635	651	445	47389	0	49120
10585	46237	526	394	2017	0	49174
10586	1408	484	45937	1026	0	48855
10587	45867	449	1364	884	0	48564
10588	46768	399	672	755	0	48594
10589	1808	375	44744	613	0	47540
10590	877	436	45654	596	0	47563
10591	764	476	1637	44318	0	47195
10592	44746	410	791	1705	0	47652
10593	45206	415	589	915	0	47125
10594	1856	44981	497	717	0	48051
10595	1104	1390	408	45798	0	48700
10596	850	650	360	44418	0	46278
10597	688	532	323	44797	0	46340
10598	640	359	367	45448	0	46814
10599	43921	294	425	2212	0	46852
10600	1775	357	393	44615	0	47140
10601	989	401	43887	1802	0	47079
10602	855	385	43741	913	0	45894
10603	42765	354	1690	784	0	45593
10604	1719	42470	894	633	0	45716
10605	930	44265	678	592	0	46465
10606	905	1609	469	44282	0	47265
10607	795	739	405	45274	0	47213
10608	739	544	427	44896	0	46606
10609	663	446	373	45601	0	47083
10610	590	374	43550	2244	0	46758
10611	690	302	1347	43635	0	45974
10612	726	286	615	43878	0	45505
10613	573	318	41241	2012	0	44144
10614	38762	251	1400	1258	0	41671
10615	1371	39794	771	1119	0	43055
10616	36277	958	472	684	0	38391
10617	1211	384	34625	468	0	36688
10618	650	263	33213	421	0	34547
10619	407	32537	1151	398	0	34493
10620	28828	1267	1963	683	0	32741
10621	26575	340	394	392	0	27701
10622	26435	172	206	315	0	27128
10623	859	25510	184	253	0	26806
10624	24618	568	159	254	0	25599
10625	694	239	24677	195	0	25805
10626	292	24409	568	219	0	25488
10627	23268	516	298	249	0	24331
10628	568	23581	182	175	0	24506
10629	22643	495	129	153	0	23420
10630	22049	178	128	178	0	22533
10631	588	124	22564	106	0	23382
10632	267	22663	490	119	0	23539
10633	22529	447	187	131	0	23294
10634	528	172	22311	97	0	23108
10635	256	22348	446	94	0	23144
10636	245	443	169	21784	0	22641
10637	144	172	21775	390	0	22481
10638	124	127	21175	159	0	21585
10639	180	144	448	21095	0	21867
10640	20983	75	188	439	0	21685
10641	377	21081	113	199	0	21770
10642	181	361	20947	130	0	21619
10643	173	130	20574	94	0	20971
10644	19579	104	414	113	0	20210
10645	357	20720	185	69	0	21331
10646	18553	194	89	84	0	18920
10647	202	18796	53	34	0	19085
10648	19215	196	77	88	0	19576
10649	19024	82	44	67	0	19217
10650	286	18882	50	28	0	19246
10651	122	203	45	19236	0	19606
10652	20408	84	40	266	0	20798
10653	280	53	39	20856	0	21228
10654	149	44	31	22006	0	22230
10655	22006	41	46	377	0	22470
10656	310	21956	53	122	0	22441
10657	22453	279	43	109	0	22884
10658	344	113	22416	46	0	22919
10659	165	66	269	22740	0	23240
10660	129	44	108	22950	0	23231
10661	22939	38	67	417	0	23461
10662	23002	43	38	199	0	23282
10663	430	40	38	22950	0	23458
10664	160	68	23373	331	0	23932
10665	160	47	283	23276	0	23766
10666	115	41	109	23744	0	24009
10667	131	31	62	23914	0	24138
10668	120	39	51	23912	0	24122
10669	23599	58	38	495	0	24190
10670	376	49	23440	178	0	24043
10671	165	23735	312	138	0	24350
10672	124	283	124	23740	0	24271
10673	111	98	64	24590	0	24863
10674	108	79	24311	443	0	24941
10675	126	79	23902	202	0	24309
10676	122	41	392	24610	0	25165
10677	114	30	145	24994	0	25283
10678	91	45	24521	512	0	25169
10679	136	51	355	24354	0	24896
10680	24718	41	150	536	0	25445
10681	416	25615	98	241	0	26370
10682	181	370	25498	192	0	26241
10683	118	25594	428	147	0	26287
10684	146	425	158	26152	0	26881
10685	101	166	26166	465	0	26898
10686	99	26007	431	224	0	26761
10687	105	374	193	26321	0	26993
10688	101	150	26752	424	0	27427
10689	141	96	417	26487	0	27141
10690	126	68	167	26828	0	27189
10691	26748	75	111	653	0	27587
10692	456	56	101	26958	0	27571
10693	26971	60	108	593	0	27732
10694	26084	78	92	311	0	26565
10695	26161	77	95	258	0	26591
10696	602	77	96	25940	0	26715
10697	231	65	25512	499	0	26307
10698	158	71	24952	262	0	25443
10699	25337	59	491	249	0	26136
10700	463	76	25858	160	0	26557
10701	24965	52	476	231	0	25724
10702	476	25576	195	181	0	26428
10703	25964	361	145	210	0	26680
10704	524	133	26318	169	0	27144
10705	221	101	27035	184	0	27541
10706	238	57	555	27331	0	28181
10707	161	56	28662	541	0	29420
10708	153	68	29128	247	0	29596
10709	250	48	658	29890	0	30846
10710	185	61	269	30968	0	31483
10711	187	56	182	32261	0	32686
10712	104	32013	163	885	0	33165
10713	199	595	167	31716	0	32677
10714	111	32810	155	777	0	33853
10715	32874	711	145	401	0	34131
10716	33439	238	158	323	0	34158
10717	917	187	130	32296	0	33530
10718	351	32252	144	838	0	33585
10719	213	694	32932	367	0	34206
10720	32976	221	804	328	0	34329
10721	904	158	307	33160	0	34529
10722	437	89	221	33770	0	34517
10723	323	120	153	34226	0	34822
10724	33091	95	135	1244	0	34565
10725	844	32058	146	537	0	33585
10726	312	33100	151	341	0	33904
10727	31796	894	127	341	0	33158
10728	823	32285	139	209	0	33456
10729	32422	867	119	270	0	33678
10730	32741	285	115	301	0	33442
10731	982	32126	141	250	0	33499
10732	472	855	121	31658	0	33106
10733	264	32011	165	865	0	33305
10734	293	868	125	32126	0	33412
10735	301	284	96	33698	0	34379
10736	33304	237	96	1269	0	34906
10737	34588	177	114	596	0	35475
10738	1250	194	108	34243	0	35795
10739	515	241	33448	1070	0	35274
10740	32835	200	874	554	0	34463
10741	1057	33314	312	379	0	35062
10742	531	950	232	33443	0	35156
10743	486	344	131	34311	0	35272
10744	375	270	139	34631	0	35415
10745	32887	231	124	1476	0	34718
10746	33272	209	132	762	0	34375
10747	1193	31482	136	519	0	33330
10748	517	32366	133	408	0	33424
10749	490	1060	121	31951	0	33622
10750	432	407	126	32602	0	33567
10751	328	346	31650	1253	0	33577
10752	386	257	835	30753	0	32231
10753	247	198	30237	1184	0	31866
10754	275	169	28966	479	0	29889
10755	229	28706	954	456	0	30345
10756	350	868	393	28763	0	30374
10757	28734	292	240	1121	0	30387
10758	1026	231	159	28486	0	29902
10759	420	230	27979	1099	0	29728
10760	27530	205	818	509	0	29062
10761	28130	206	310	443	0	29089
10762	1119	242	27411	310	0	29082
10763	578	167	821	28006	0	29572
10764	27490	140	311	1103	0	29044
10765	1004	27659	298	499	0	29460
10766	27937	866	221	508	0	29532
10767	28959	339	222	380	0	29900
10768	1249	284	213	28245	0	29991
10769	604	226	185	29332	0	30347
10770	28773	194	146	1338	0	30451
10771	1194	174	133	28759	0	30260
10772	503	172	28269	1290	0	30234
10773	27646	145	920	610	0	29321
10774	28297	155	330	513	0	29295
10775	1211	27098	239	380	0	28928
10776	555	27826	179	390	0	28950
10777	451	1050	148	27120	0	28769
10778	346	27485	146	1049	0	29026
10779	403	1047	136	27665	0	29251
10780	27163	346	152	1165	0	28826
10781	26721	283	135	516	0	27655
10782	1097	25960	143	465	0	27665
10783	25768	865	133	411	0	27177
10784	1095	25530	134	343	0	27102
10785	25597	949	142	384	0	27072
10786	26142	341	159	361	0	27003
10787	1225	296	24904	298	0	26723
10788	24645	210	788	284	0	25927
10789	1092	24114	295	289	0	25790
10790	506	24918	214	307	0	25945
10791	24730	978	140	329	0	26177
10792	1095	472	137	24527	0	26231
10793	559	300	24346	944	0	26149
10794	553	217	772	24489	0	26031
10795	453	226	265	25200	0	26144
10796	376	238	24098	1099	0	25811
10797	23444	202	768	569	0	24983
10798	998	23686	288	437	0	25409
10799	23456	800	226	372	0	24854
10800	1130	305	162	22711	0	24308
10801	22663	266	162	916	0	24007
10802	1037	22244	134	459	0	23874
10803	611	825	133	22276	0	23845
10804	21961	334	106	930	0	23331
10805	945	272	20611	459	0	22287
10806	451	170	19143	383	0	20147
10807	18102	186	898	327	0	19513
10808	809	17628	327	268	0	19032
10809	337	15789	153	192	0	16471
10810	536	691	285	14604	0	16116
10811	238	14686	116	512	0	15552
10812	259	571	118	14750	0	15698
10813	270	209	102	15277	0	15858
10814	225	169	111	14986	0	15491
10815	215	14330	119	640	0	15304
10816	242	471	95	14261	0	15069
10817	182	198	13920	543	0	14843
10818	193	13600	373	231	0	14397
10819	176	406	121	12648	0	13351
10820	132	12737	147	343	0	13359
10821	12700	345	75	213	0	13333
10822	12804	147	71	211	0	13233
10823	12845	137	90	150	0	13222
10824	479	12816	73	149	0	13517
10825	247	335	58	12716	0	13356
10826	204	161	12528	334	0	13227
10827	182	157	12319	167	0	12825
10828	12076	118	359	198	0	12751
10829	12261	105	151	139	0	12656
10830	414	81	91	12506	0	13092
10831	251	99	54	12967	0	13371
10832	171	93	12912	455	0	13631
10833	136	12667	326	235	0	13364
10834	168	12708	148	177	0	13201
10835	123	265	11814	70	0	12272
10836	115	289	259	10822	0	11485
10837	119	71	95	9870	0	10155
10838	70	52	49	10984	0	11155
10839	77	51	32	10994	0	11154
10840	10801	43	35	283	0	11162
10841	214	47	10457	105	0	10823
10842	10438	51	163	90	0	10742
10843	236	46	73	10505	0	10860
10844	10555	46	41	199	0	10841
10845	225	53	28	10565	0	10871
10846	116	50	10587	208	0	10961
10847	87	49	174	10671	0	10981
10848	61	48	10978	218	0	11305
10849	73	39	175	10725	0	11012
10850	55	43	11261	200	0	11559
10851	41	11255	169	101	0	11566
10852	55	179	76	11374	0	11684
10853	57	71	45	11367	0	11540
10854	39	11422	45	220	0	11726
10855	11779	163	33	123	0	12098
10856	193	77	28	11782	0	12080
10857	106	45	27	11830	0	12008
10858	11974	27	30	275	0	12306
10859	12242	34	36	126	0	12438
10860	12624	31	22	119	0	12796
10861	12661	25	34	112	0	12832
10862	275	43	12103	58	0	12479
10863	11961	23	175	77	0	12236
10864	12378	27	76	67	0	12548
10865	254	31	37	11773	0	12095
10866	139	23	28	11778	0	11968
10867	11363	23	28	218	0	11632
10868	157	11238	32	105	0	11532
10869	85	127	15	10892	0	11119
10870	44	46	11260	149	0	11499
10871	21	10955	120	67	0	11163
10872	10886	119	71	60	0	11136
10873	11003	42	39	43	0	11127
10874	10999	19	17	43	0	11078
10875	11162	14	11	48	0	11235
10876	176	14	10	10885	0	11085
10877	75	17	10727	126	0	10945
10878	41	15	11369	63	0	11488
10879	38	12	168	12037	0	12255
10880	12606	10	65	196	0	12877
10881	205	8	29	12720	0	12962
10882	80	17	12901	204	0	13202
10883	12899	7	176	98	0	13180
10884	13068	8	65	80	0	13221
10885	276	8	39	13156	0	13479
10886	113	6	13572	200	0	13891
10887	68	14	14000	79	0	14161
10888	13598	9	240	105	0	13952
10889	212	13878	101	53	0	14244
10890	90	175	14157	37	0	14459
10891	87	56	199	14068	0	14410
10892	14156	27	86	235	0	14504
10893	218	13738	52	103	0	14111
10894	89	14043	46	72	0	14250
10895	14051	240	45	64	0	14400
10896	249	89	31	14007	0	14376
10897	14994	37	26	256	0	15313
10898	274	25	31	15314	0	15644
10899	128	24	42	15554	0	15748
10900	67	22	15381	318	0	15788
10901	60	40	14834	135	0	15069
10902	59	36	15609	63	0	15767
10903	76	26	333	15625	0	16060
10904	15799	22	114	303	0	16238
10905	304	25	15821	112	0	16262
10906	143	32	259	15852	0	16286
10907	91	65	16119	280	0	16555
10908	72	16347	287	151	0	16857
10909	94	242	136	16646	0	17118
10910	92	72	67	16775	0	17006
10911	83	35	80	16945	0	17143
10912	16723	21	67	430	0	17241
10913	313	16	67	16717	0	17113
10914	147	31	72	16909	0	17159
10915	16736	29	65	428	0	17258
10916	301	28	16504	183	0	17016
10917	16504	32	282	127	0	16945
10918	16568	28	116	130	0	16842
10919	375	35	16342	91	0	16843
10920	16167	32	277	128	0	16604
10921	352	32	122	16636	0	17142
10922	170	27	16911	299	0	17407
10923	16743	28	271	221	0	17263
10924	17118	14	123	161	0	17416
10925	412	16	84	16979	0	17491
10926	197	13	78	17164	0	17452
10927	161	16	66	17335	0	17578
10928	16924	9	71	427	0	17431
10929	313	17052	70	194	0	17629
10930	16655	209	59	171	0	17094
10931	403	15778	89	116	0	16386
10932	158	16041	82	88	0	16369
10933	146	275	76	16225	0	16722
10934	118	97	69	16432	0	16716
10935	129	47	55	16276	0	16507
10936	118	41	66	16312	0	16537
10937	111	43	15927	377	0	16458
10938	15752	37	246	199	0	16234
10939	306	37	95	16175	0	16613
10940	153	38	16298	326	0	16815
10941	128	51	254	16340	0	16773
10942	131	33	91	16683	0	16938
10943	111	48	17288	363	0	17810
10944	108	59	261	17254	0	17682
10945	122	37	105	17445	0	17709
10946	17483	36	86	438	0	18043
10947	289	31	17567	203	0	18090
10948	17038	23	256	210	0	17527
10949	294	17792	137	150	0	18373
10950	17612	240	101	171	0	18124
10951	17446	83	78	169	0	17776
10952	375	48	96	17336	0	17855
10953	177	42	17160	349	0	17728
10954	110	17874	294	209	0	18487
10955	133	260	116	17477	0	17986
10956	89	18544	92	326	0	19051
10957	18605	291	74	209	0	19179
10958	336	99	18156	138	0	18729
10959	139	83	17889	134	0	18245
10960	145	48	335	17770	0	18298
10961	93	61	18506	355	0	19015
10962	127	44	330	18645	0	19146
10963	124	50	115	18702	0	18991
10964	19112	49	86	456	0	19703
10965	332	19226	83	230	0	19871
10966	157	302	78	19620	0	20157
10967	129	84	78	20059	0	20350
10968	116	66	118	19914	0	20214
10969	101	19521	93	455	0	20170
10970	98	19956	86	236	0	20376
10971	19662	340	87	201	0	20290
10972	19789	108	76	187	0	20160
10973	19798	64	82	175	0	20119
10974	412	58	19354	133	0	19957
10975	184	85	298	19309	0	19876
10976	141	44	19292	390	0	19867
10977	105	19237	316	192	0	19850
10978	18472	320	166	169	0	19127
10979	322	97	18098	93	0	18610
10980	155	75	223	17605	0	18058
10981	91	37	17985	273	0	18386
10982	17392	51	263	182	0	17888
10983	18010	29	101	156	0	18296
10984	18093	47	59	133	0	18332
10985	17900	47	52	111	0	18110
10986	329	43	18186	65	0	18623
10987	17526	32	213	113	0	17884
10988	17920	16	95	99	0	18130
10989	271	17650	83	66	0	18070
10990	17631	189	52	99	0	17971
10991	17889	60	62	92	0	18103
10992	318	40	54	17445	0	17857
10993	134	18107	52	219	0	18512
10994	18909	210	53	138	0	19310
10995	20233	67	39	107	0	20446
10996	370	65	22265	66	0	22766
10997	158	40	22355	51	0	22604
10998	120	45	22870	39	0	23074
10999	166	105	560	22465	0	23296
11000	22633	28	228	444	0	23333
11001	423	22641	138	180	0	23382
11002	22436	397	85	149	0	23067
11003	493	22498	63	72	0	23126
11004	22360	448	45	91	0	22944
11005	484	22041	50	58	0	22633
11006	180	22657	48	50	0	22935
11007	21909	497	42	107	0	22555
11008	404	22425	32	39	0	22900
11009	223	464	39	22278	0	23004
11010	133	187	22574	372	0	23266
11011	100	122	22645	139	0	23006
11012	141	63	510	22241	0	22955
11013	123	58	210	22943	0	23334
11014	59	49	22833	521	0	23462
11015	110	42	441	22513	0	23106
11016	111	42	161	23105	0	23419
11017	22886	38	103	606	0	23633
11018	421	22924	68	252	0	23665
11019	212	417	73	22269	0	22971
11020	126	23263	53	450	0	23892
11021	23215	485	54	263	0	24017
11022	426	23441	69	144	0	24080
11023	23516	497	55	137	0	24205
11024	23681	188	46	147	0	24062
11025	653	124	43	23205	0	24025
11026	336	86	59	23500	0	23981
11027	226	75	77	23667	0	24045
11028	169	57	71	23750	0	24047
11029	100	78	22789	668	0	23635
11030	21619	77	415	374	0	22485
11031	475	22728	153	193	0	23549
11032	248	446	90	23277	0	24061
11033	199	175	75	23397	0	23846
11034	123	23310	87	572	0	24092
11035	23306	470	66	321	0	24163
11036	485	23538	73	182	0	24278
11037	254	544	58	23797	0	24653
11038	209	220	62	24339	0	24830
11039	185	154	56	24453	0	24848
11040	181	98	55	24349	0	24683
11041	23722	93	63	770	0	24648
11042	540	89	23664	324	0	24617
11043	260	89	464	23177	0	23990
11044	210	89	215	23440	0	23954
11045	142	84	172	23635	0	24033
11046	148	83	131	23469	0	23831
11047	22615	88	91	787	0	23581
11048	555	92	22590	366	0	23603
11049	267	120	407	21834	0	22628
11050	189	21625	169	515	0	22498
11051	133	22622	129	271	0	23155
11052	22385	553	74	247	0	23259
11053	505	269	22211	150	0	23135
11054	21095	182	390	174	0	21841
11055	564	146	21479	123	0	22312
11056	252	96	409	20769	0	21526
11057	21224	64	187	534	0	22009
11058	398	21672	158	273	0	22501
11059	224	382	114	21290	0	22010
11060	149	20617	145	434	0	21345
11061	21637	437	84	310	0	22468
11062	21816	188	71	250	0	22325
11063	552	141	60	21745	0	22498
11064	264	105	21307	501	0	22177
11065	201	118	21235	262	0	21816
11066	178	123	460	21402	0	22163
11067	105	21552	219	418	0	22294
11068	122	443	106	22681	0	23352
11069	132	218	64	21849	0	22263
11070	188	165	46	21589	0	21988
11071	138	116	21957	646	0	22857
11072	142	91	370	21910	0	22513
11073	117	66	163	22353	0	22699
11074	68	21757	124	836	0	22785
11075	66	438	74	21804	0	22382
11076	94	138	79	23186	0	23497
11077	110	81	91	23486	0	23768
11078	112	62	84	23472	0	23730
11079	95	70	63	23283	0	23511
11080	89	67	46	23351	0	23553
11081	86	89	36	22967	0	23178
11082	92	113	43	22691	0	22939
11083	113	120	19212	2720	0	22165
11084	108	103	330	21934	0	22475
11085	21701	69	129	671	0	22570
11086	446	61	91	21494	0	22092
11087	219	57	21666	602	0	22544
11088	21230	51	396	394	0	22071
11089	22284	57	172	307	0	22820
11090	22386	69	122	243	0	22820
11091	22424	72	70	243	0	22809
11092	683	67	58	22497	0	23305
11093	315	53	22183	555	0	23106
11094	203	21474	390	329	0	22396
11095	99	20240	202	248	0	20789
11096	253	397	390	17592	0	18632
11097	74	55	166	18215	0	18510
11098	71	33	12	18068	0	18184
11099	48	20	9	18791	0	18868
11100	46	12	14	20531	0	20603
11101	21687	7	16	491	0	22201
11102	374	21657	21	188	0	22240
11103	137	22638	25	115	0	22915
11104	152	510	17	23014	0	23693
11105	94	191	17	23616	0	23918
11106	72	96	15	23589	0	23772
11107	78	45	17	23585	0	23725
11108	35	34	22465	746	0	23280
11109	49	22148	425	373	0	22995
11110	79	446	134	22294	0	22953
11111	21875	174	78	560	0	22687
11112	447	110	41	22181	0	22779
11113	160	76	21986	608	0	22830
11114	130	61	21217	299	0	21707
11115	69	63	22191	216	0	22539
11116	73	127	633	21581	0	22414
11117	22223	48	297	577	0	23145
11118	454	50	126	22506	0	23136
11119	211	54	58	23136	0	23459
11120	22626	37	48	775	0	23486
11121	511	30	74	23019	0	23634
11122	231	32	84	23245	0	23592
11123	115	41	23799	714	0	24669
11124	76	23818	508	334	0	24736
11125	99	443	201	24826	0	25569
11126	24567	145	139	681	0	25532
11127	529	91	96	24927	0	25643
11128	218	51	24931	677	0	25877
11129	182	48	495	25030	0	25755
11130	98	25071	186	689	0	26044
11131	112	494	134	25715	0	26455
11132	68	203	25212	728	0	26211
11133	80	26626	502	348	0	27556
11134	147	632	194	27238	0	28211
11135	130	211	126	30090	0	30557
11136	145	156	112	30470	0	30883
11137	110	101	82	30740	0	31033
11138	56	97	29557	1174	0	30884
11139	54	29586	726	562	0	30928
11140	29655	720	251	462	0	31088
11141	30296	239	200	342	0	31077
11142	961	176	138	29890	0	31165
11143	363	121	29514	904	0	30902
11144	29022	89	725	486	0	30322
11145	820	72	297	30051	0	31240
11146	271	108	30317	942	0	31638
11147	253	72	771	30636	0	31732
11148	235	53	272	30927	0	31487
11149	177	61	205	31416	0	31859
11150	119	80	31195	1285	0	32679
11151	230	79	797	30181	0	31287
11152	149	31107	305	1048	0	32609
11153	31190	744	227	568	0	32729
11154	31654	237	175	439	0	32505
11155	31727	181	134	405	0	32447
11156	1100	30943	150	339	0	32532
11157	31044	763	173	362	0	32342
11158	1019	267	141	30405	0	31832
11159	30309	191	153	1086	0	31739
11160	30684	132	132	568	0	31516
11161	1067	110	29488	469	0	31134
11162	464	29288	802	383	0	30937
11163	29374	763	300	346	0	30783
11164	946	306	241	29242	0	30735
11165	411	247	28670	936	0	30264
11166	365	28648	773	424	0	30210
11167	28302	799	276	440	0	29817
11168	1010	291	209	28380	0	29890
11169	492	245	144	29003	0	29884
11170	410	186	125	29024	0	29745
11171	321	28076	125	1244	0	29766
11172	290	762	128	28578	0	29758
11173	246	27801	164	1119	0	29330
11174	255	890	158	28305	0	29608
11175	223	345	27788	1114	0	29470
11176	252	269	792	28050	0	29363
11177	243	167	315	28711	0	29436
11178	210	146	280	29032	0	29668
11179	198	195	27791	1362	0	29546
11180	237	149	815	28177	0	29378
11181	244	151	309	28987	0	29691
11182	207	153	247	29263	0	29870
11183	223	134	204	29237	0	29798
11184	220	147	156	29492	0	30015
11185	185	176	28046	1480	0	29887
11186	219	146	785	28505	0	29655
11187	235	150	350	28516	0	29251
11188	26878	123	287	1432	0	28720
11189	838	26390	221	817	0	28266
11190	406	27373	175	663	0	28617
11191	350	908	165	27428	0	28851
11192	271	361	191	27321	0	28144
11193	197	25683	198	1251	0	27329
11194	238	796	130	26197	0	27361
11195	205	25471	168	1278	0	27122
11196	305	778	147	25725	0	26955
11197	265	344	113	25548	0	26270
11198	172	272	24167	1123	0	25734
11199	189	23484	650	726	0	25049
11200	188	22613	229	503	0	23533
11201	19728	619	203	402	0	20952
11202	490	20000	129	282	0	20901
11203	235	530	124	19594	0	20483
11204	196	242	19058	615	0	20111
11205	189	208	406	19061	0	19864
11206	18849	139	149	729	0	19866
11207	452	157	19175	371	0	20155
11208	187	19592	430	342	0	20551
11209	334	470	179	17910	0	18893
11210	130	168	150	20456	0	20904
11211	20380	159	132	776	0	21447
11212	467	138	112	20776	0	21493
11213	189	126	89	21047	0	21451
11214	174	147	78	21108	0	21507
11215	148	129	87	21007	0	21371
11216	20306	124	93	816	0	21339
11217	20451	107	83	524	0	21165
11218	545	89	101	20511	0	21246
11219	19974	97	71	709	0	20851
11220	510	96	96	19837	0	20539
11221	181	108	19246	692	0	20227
11222	199	113	18819	375	0	19506
11223	176	215	404	17869	0	18664
11224	124	17780	165	617	0	18686
11225	163	366	128	17843	0	18500
11226	17413	151	71	675	0	18310
11227	381	133	83	17804	0	18401
11228	17398	81	75	671	0	18225
11229	429	89	63	17768	0	18349
11230	189	95	17656	590	0	18530
11231	166	17230	315	318	0	18029
11232	103	17960	109	334	0	18506
11233	188	510	77	15913	0	16688
11234	75	84	16159	406	0	16724
11235	19	13649	96	73	0	13837
11236	75	117	37	13300	0	13529
11237	13118	9	31	132	0	13290
11238	59	23	13408	40	0	13530
11239	35	12	61	13560	0	13668
11240	30	17	10	14033	0	14090
11241	13	16	14056	88	0	14173
11242	20	27	13407	42	0	13496
11243	16	15	14298	37	0	14366
11244	30	29	74	14431	0	14564
11245	16	12	14815	94	0	14937
11246	14016	2	103	50	0	14171
11247	104	16	26	15330	0	15476
11248	45	15	18097	112	0	18269
11249	26	18704	142	63	0	18935
11250	21	131	18819	30	0	19001
11251	50	51	182	18767	0	19050
11252	19456	26	80	263	0	19825
11253	179	16	32	20154	0	20381
11254	73	20	22	20458	0	20573
11255	21696	12	16	315	0	22039
11256	292	10	15	22173	0	22490
11257	79	21	22546	316	0	22962
11258	22196	5	268	163	0	22632
11259	291	22940	78	88	0	23397
11260	23409	258	39	83	0	23789
11261	334	78	26	23473	0	23911
11262	105	47	23265	296	0	23713
11263	92	45	23346	98	0	23581
11264	86	45	358	23632	0	24121
11265	73	19	118	23883	0	24093
11266	52	22	24236	362	0	24672
11267	49	40	23272	133	0	23494
11268	23975	12	386	134	0	24507
11269	363	10	148	24472	0	24993
11270	24725	13	100	402	0	25240
11271	394	20	78	24562	0	25054
11272	128	21	25537	393	0	26079
11273	100	33	26331	147	0	26611
11274	113	20	461	26868	0	27462
11275	99	12	176	27537	0	27824
11276	56	23	27955	540	0	28574
11277	27509	11	491	237	0	28248
11278	535	7	155	28825	0	29522
11279	29838	8	103	621	0	30570
11280	565	32954	95	204	0	33818
11281	240	652	82	33940	0	34914
11282	34065	145	66	837	0	35113
11283	789	79	34199	259	0	35326
11284	309	53	749	34444	0	35555
11285	202	41	217	34811	0	35271
11286	183	42	123	35640	0	35988
11287	99	49	34755	1049	0	35952
11288	183	41	783	34369	0	35376
11289	75	34726	277	941	0	36019
11290	175	685	148	35474	0	36482
11291	97	183	35097	929	0	36306
11292	102	106	35432	368	0	36008
11293	173	63	953	35321	0	36510
11294	166	63	325	36077	0	36631
11295	174	76	199	36515	0	36964
11296	154	34	161	36737	0	37086
11297	35718	31	174	1222	0	37145
11298	35870	33	154	549	0	36606
11299	977	42	35200	360	0	36579
11300	312	35439	833	328	0	36912
11301	277	755	267	36509	0	37808
11302	37395	193	178	1128	0	38894
11303	34269	158	227	682	0	35336
11304	38154	89	160	382	0	38785
11305	38369	69	176	386	0	39000
11306	1101	82	37239	285	0	38707
11307	36312	62	871	370	0	37615
11308	972	36168	319	286	0	37745
11309	472	748	194	36934	0	38348
11310	300	217	36932	982	0	38431
11311	338	113	878	36557	0	37886
11312	224	117	36553	1041	0	37935
11313	272	98	940	36652	0	37962
11314	212	101	373	37664	0	38350
11315	36854	69	234	1351	0	38508
11316	984	68	239	37198	0	38489
11317	371	99	37105	1177	0	38752
11318	337	76	898	37894	0	39205
11319	37747	66	352	1283	0	39448
11320	1027	69	289	38310	0	39695
11321	380	95	37930	1153	0	39558
11322	257	37392	938	605	0	39192
11323	38678	790	367	589	0	40424
11324	1021	215	291	37729	0	39256
11325	407	39188	288	977	0	40860
11326	39165	848	236	636	0	40885
11327	1029	290	38944	438	0	40701
11328	430	38520	946	419	0	40315
11329	365	865	367	39569	0	41166
11330	307	281	39010	1081	0	40679
11331	322	171	975	38214	0	39682
11332	38346	123	398	1306	0	40173
11333	974	155	37814	587	0	39530
11334	479	121	935	37941	0	39476
11335	325	115	37998	1198	0	39636
11336	398	113	1026	37880	0	39417
11337	307	136	445	38911	0	39799
11338	37587	107	300	1449	0	39443
11339	965	37586	278	706	0	39535
11340	477	814	242	38359	0	39892
11341	37778	245	294	1270	0	39587
11342	38088	160	256	707	0	39211
11343	1160	172	250	37452	0	39034
11344	495	35965	256	1170	0	37886
11345	320	37526	237	629	0	38712
11346	353	942	209	37106	0	38610
11347	370	305	219	37128	0	38022
11348	33735	175	229	1191	0	35330
11349	894	138	192	33383	0	34607
11350	332	141	32147	1045	0	33665
11351	30492	112	745	612	0	31961
11352	827	31083	293	458	0	32661
11353	31019	654	186	420	0	32279
11354	872	241	31398	337	0	32848
11355	339	32077	668	332	0	33416
11356	31834	715	424	336	0	33309
11357	32259	222	232	334	0	33047
11358	940	161	32156	238	0	33495
11359	32111	154	756	279	0	33300
11360	33046	126	296	272	0	33740
11361	1000	33163	164	259	0	34586
11362	456	741	136	34435	0	35768
11363	346	242	34012	899	0	35499
11364	323	142	870	34608	0	35943
11365	231	154	35122	1016	0	36523
11366	255	137	893	34562	0	35847
11367	35001	125	319	1110	0	36555
11368	940	92	186	35936	0	37154
11369	379	83	37897	1018	0	39377
11370	38213	82	956	530	0	39781
11371	1231	63	388	39354	0	41036
11372	408	61	38067	1118	0	39654
11373	36674	73	993	503	0	38243
11374	1177	100	349	37484	0	39110
11375	449	95	36661	1069	0	38274
11376	310	121	35880	429	0	36740
11377	348	444	1091	35315	0	37198
11378	210	78	36405	969	0	37662
11379	196	34868	960	379	0	36403
11380	281	678	317	31557	0	32833
11381	31572	160	207	716	0	32655
11382	618	103	31786	240	0	32747
11383	246	55	31605	194	0	32100
11384	30475	24	790	199	0	31488
11385	626	52	31965	100	0	32743
11386	30639	22	705	192	0	31558
11387	697	32	31607	108	0	32444
11388	341	30	722	31078	0	32171
11389	162	49	32105	614	0	32930
11390	203	38	714	31638	0	32593
11391	111	48	32782	666	0	33607
11392	122	49	31901	305	0	32377
11393	30673	30	805	265	0	31773
11394	579	32271	378	140	0	33368
11395	32899	513	269	205	0	33886
11396	666	33076	201	106	0	34049
11397	349	586	232	33377	0	34544
11398	273	199	195	34341	0	35008
11399	34031	101	184	789	0	35105
11400	714	80	176	33706	0	34676
11401	309	61	33580	700	0	34650
11402	32007	47	677	393	0	33124
11403	32998	44	351	273	0	33666
11404	832	55	252	32699	0	33838
11405	389	63	32986	649	0	34087
11406	295	69	656	32731	0	33751
11407	163	33165	340	718	0	34386
11408	234	562	202	33777	0	34775
11409	239	215	147	34465	0	35066
11410	174	152	33540	888	0	34754
11411	30722	78	686	539	0	32025
11412	648	33251	322	329	0	34550
11413	33467	585	234	307	0	34593
11414	741	33987	169	250	0	35147
11415	371	645	188	33721	0	34925
11416	245	34202	193	716	0	35356
11417	209	677	33563	366	0	34815
11418	272	254	694	32583	0	33803
11419	264	165	324	33092	0	33845
11420	193	106	274	34189	0	34762
11421	33233	97	223	1039	0	34592
11422	744	124	205	33368	0	34441
11423	32580	105	223	937	0	33845
11424	32996	112	217	495	0	33820
11425	32520	111	195	456	0	33282
11426	951	138	32122	309	0	33520
11427	558	124	723	32449	0	33854
11428	348	136	363	34210	0	35057
11429	318	97	315	34896	0	35626
11430	35558	100	306	1170	0	37134
11431	958	112	276	35796	0	37142
11432	479	82	301	36992	0	37854
11433	37788	96	299	1298	0	39481
11434	1084	84	261	38851	0	40280
11435	515	102	39315	1212	0	41144
11436	432	113	39722	610	0	40877
11437	391	83	1251	40176	0	41901
11438	39816	70	579	1319	0	41784
11439	39394	69	415	657	0	40535
11440	1435	79	316	39138	0	40968
11441	646	72	38917	1200	0	40835
11442	442	38239	1135	584	0	40400
11443	435	866	489	39502	0	41292
11444	395	312	375	40247	0	41329
11445	408	186	313	40361	0	41268
11446	39437	106	315	1640	0	41498
11447	1135	129	39296	800	0	41360
11448	39186	139	1112	640	0	41077
11449	1317	122	445	39005	0	40889
11450	582	39130	378	1267	0	41357
11451	39585	951	298	696	0	41530
11452	39452	313	259	660	0	40684
11453	1386	269	40001	433	0	42089
11454	709	37350	1086	502	0	39647
11455	419	37591	381	459	0	38850
11456	37062	974	342	468	0	38846
11457	1171	348	228	36950	0	38697
11458	656	246	184	36819	0	37905
11459	492	161	204	36395	0	37252
11460	327	34405	190	1312	0	36234
11461	265	35187	153	606	0	36211
11462	33922	924	137	493	0	35476
11463	1022	336	109	33785	0	35252
11464	359	236	35301	929	0	36825
11465	409	155	925	36650	0	38139
11466	226	202	39450	1313	0	41191
11467	287	199	39436	528	0	40450
11468	304	205	39410	427	0	40346
11469	134	35348	1496	239	0	37217
11470	335	1098	915	33614	0	35962
11471	125	34545	474	994	0	36138
11472	349	1147	336	32177	0	34009
11473	216	456	218	34985	0	35875
11474	34364	315	194	1514	0	36387
11475	1043	217	160	34915	0	36335
11476	34100	158	147	1504	0	35909
11477	34586	136	102	760	0	35584
11478	1468	126	98	33176	0	34868
11479	657	32739	144	1250	0	34790
11480	575	927	126	32642	0	34270
11481	326	32797	150	1308	0	34581
11482	329	1146	104	32772	0	34351
11483	233	525	32131	1385	0	34274
11484	292	350	950	32634	0	34226
11485	244	265	380	33627	0	34516
11486	31703	164	318	1701	0	33886
11487	1006	31874	229	898	0	34007
11488	525	1000	153	32414	0	34092
11489	482	398	135	32180	0	33195
11490	295	31100	156	1531	0	33082
11491	270	1087	131	31551	0	33039
11492	29240	449	120	1691	0	31500
11493	30864	397	110	863	0	32234
11494	1331	29813	108	659	0	31911
11495	751	1061	105	30154	0	32071
11496	29101	440	116	1437	0	31094
11497	1170	29426	150	738	0	31484
11498	642	1148	139	28437	0	30366
11499	481	29098	156	1280	0	31015
11500	29059	1256	162	668	0	31145
11501	1204	593	28335	603	0	30735
11502	576	448	28575	505	0	30104
11503	557	353	1300	28468	0	30678
11504	374	295	28667	1285	0	30621
11505	337	249	1406	28179	0	30171
11506	27817	255	666	1486	0	30224
11507	1157	242	27670	818	0	29887
11508	632	230	1206	27692	0	29760
11509	530	247	524	28397	0	29698
11510	27429	214	422	1700	0	29765
11511	1122	27615	310	989	0	30036
11512	27639	1053	192	855	0	29739
11513	27995	465	179	631	0	29270
11514	1583	26518	234	489	0	28824
11515	883	1064	189	26937	0	29073
11516	684	528	26282	1228	0	28722
11517	493	483	1003	26239	0	28218
11518	378	26378	458	1402	0	28616
11519	26673	1161	357	797	0	28988
11520	1151	568	304	27093	0	29116
11521	504	465	26834	1483	0	29286
11522	474	359	1033	27588	0	29454
11523	389	281	504	28287	0	29461
11524	350	290	377	28574	0	29591
11525	375	269	273	28750	0	29667
11526	361	256	203	27970	0	28790
11527	291	257	25913	2066	0	28527
11528	344	245	25099	1225	0	26913
11529	220	23360	1232	963	0	25775
11530	189	23814	565	673	0	25241
11531	22962	1039	441	537	0	24979
11532	964	542	22965	455	0	24926
11533	21021	434	1010	390	0	22855
11534	980	280	20393	347	0	22000
11535	481	202	19430	274	0	20387
11536	359	201	999	18486	0	20045
11537	19088	155	541	885	0	20669
11538	782	123	406	19464	0	20775
11539	429	127	301	19997	0	20854
11540	316	103	21059	1202	0	22680
11541	236	115	790	21731	0	22872
11542	203	115	384	22017	0	22719
11543	228	102	260	22102	0	22692
11544	224	110	238	22054	0	22626
11545	250	75	139	22179	0	22643
11546	20825	79	154	1432	0	22490
11547	747	95	141	21278	0	22261
11548	346	118	20121	1248	0	21833
11549	362	121	633	20691	0	21807
11550	287	121	20155	1067	0	21630
11551	223	178	791	20553	0	21745
11552	175	75	20823	1092	0	22165
11553	136	163	862	19933	0	21094
11554	111	89	451	21017	0	21668
11555	84	96	20121	1153	0	21454
11556	19174	86	745	737	0	20742
11557	652	90	20483	577	0	21802
11558	396	104	801	20748	0	22049
11559	21008	55	443	924	0	22430
11560	784	67	304	21352	0	22507
11561	433	106	247	21784	0	22570
11562	319	84	21256	1136	0	22795
11563	239	20421	633	771	0	22064
11564	111	18118	306	493	0	19028
11565	73	17333	200	330	0	17936
11566	335	115	258	13583	0	14291
11567	14035	24	68	134	0	14261
11568	63	10	10	14124	0	14207
11569	34	10	15	14291	0	14350
11570	19	6	13	14511	0	14549
11571	15	7	6	14506	0	14534
11572	12	14406	16	114	0	14548
11573	16	66	17	14918	0	15017
11574	20	27	12	14955	0	15014
11575	11	14773	8	117	0	14909
11576	15096	71	9	78	0	15254
11577	79	31	10	15171	0	15291
11578	15171	16	4	124	0	15315
11579	15064	10	12	70	0	15156
11580	104	15341	14	36	0	15495
11581	68	84	8	16457	0	16617
11582	24	31	16334	102	0	16491
11583	30	32	15921	47	0	16030
11584	39	50	90	16193	0	16372
11585	16675	11	35	126	0	16847
11586	17099	8	13	91	0	17211
11587	113	6	21	17400	0	17540
11588	17508	7	19	154	0	17688
11589	92	17348	21	58	0	17519
11590	17643	82	14	70	0	17809
11591	111	19236	15	32	0	19394
11592	54	100	9	19821	0	19984
11593	48	33	11	19986	0	20078
11594	23	19872	22	139	0	20056
11595	20023	94	23	96	0	20236
11596	106	49	19601	40	0	19796
11597	63	25	90	19936	0	20114
11598	38	21	20297	114	0	20470
11599	54	25	104	20240	0	20423
11600	20777	15	38	178	0	21008
11601	124	15	28	20803	0	20970
11602	20711	17	24	174	0	20926
11603	20576	11	21	107	0	20715
11604	134	12	25	20684	0	20855
11605	63	22	20413	139	0	20637
11606	47	21575	113	84	0	21819
11607	41	100	33	22232	0	22406
11608	22114	30	19	190	0	22353
11609	121	37	22000	74	0	22232
11610	87	19	108	22081	0	22295
11611	59	21	40	22361	0	22481
11612	46	18	25	22865	0	22954
11613	22848	20	24	201	0	23093
11614	134	20	26	22510	0	22690
11615	48	16	22	23102	0	23188
11616	44	26	23121	169	0	23360
11617	61	18	131	23099	0	23309
11618	55	19	55	23769	0	23898
11619	45	15	24	24371	0	24455
11620	40	23962	44	225	0	24271
11621	59	117	21	24096	0	24293
11622	51	50	17	24126	0	24244
11623	23503	24	14	264	0	23805
11624	152	45	23049	95	0	23341
11625	105	40	21798	85	0	22028
11626	39	23213	163	77	0	23492
11627	85	111	73	24116	0	24385
11628	24068	49	46	236	0	24399
11629	174	31	28	23735	0	23968
11630	85	23	20	24262	0	24390
11631	51	13	21	24592	0	24677
11632	45	13	20	24265	0	24343
11633	54	24	19	24242	0	24339
11634	26	31	23939	224	0	24220
11635	62	14	123	24135	0	24334
11636	24152	12	47	259	0	24470
11637	129	23683	48	115	0	23975
11638	68	128	25	24318	0	24539
11639	45	54	14	24420	0	24533
11640	48	35	23293	228	0	23604
11641	78	26	143	22973	0	23220
11642	51	14	55	24741	0	24861
11643	25115	9	36	389	0	25549
11644	230	25667	39	151	0	26087
11645	107	274	13	26226	0	26620
11646	79	81	21	26661	0	26842
11647	82	94	27	26686	0	26889
11648	41	52	26664	430	0	27187
11649	53	38	25478	221	0	25790
11650	30	26149	360	159	0	26698
11651	32	27203	147	121	0	27503
11652	49	365	89	27200	0	27703
11653	49	25597	104	398	0	26148
11654	68	455	34	29192	0	29749
11655	72	146	30	31863	0	32111
11656	85	85	28	33282	0	33480
11657	61	66	25	36553	0	36705
11658	41	65	35759	1098	0	36963
11659	94	46	642	36086	0	36868
11660	84	36	302	36669	0	37091
11661	76	20	156	37509	0	37761
11662	35953	33	131	1396	0	37513
11663	683	36493	142	748	0	38066
11664	390	709	95	35465	0	36659
11665	157	36886	116	1043	0	38202
11666	35872	873	75	749	0	37569
11667	32836	485	60	765	0	34146
11668	900	36413	57	469	0	37839
11669	450	37838	52	404	0	38744
11670	313	1239	36370	327	0	38249
11671	252	37653	766	319	0	38990
11672	300	1111	357	37006	0	38774
11673	37150	602	212	1078	0	39042
11674	861	37762	157	594	0	39374
11675	481	1049	161	38289	0	39980
11676	331	657	107	38996	0	40091
11677	290	393	136	39664	0	40483
11678	38475	383	117	1540	0	40515
11679	951	345	37871	870	0	40037
11680	37039	244	775	730	0	38788
11681	1049	37655	350	522	0	39576
11682	584	1031	212	37987	0	39814
11683	375	548	37315	1131	0	39369
11684	35985	370	929	776	0	38060
11685	1072	37309	423	471	0	39275
11686	638	1045	282	36847	0	38812
11687	378	37258	222	1091	0	38949
11688	336	1108	217	37831	0	39492
11689	322	596	164	38565	0	39647
11690	233	419	37027	1518	0	39197
11691	280	340	35446	875	0	36941
11692	309	349	1138	35931	0	37727
11693	203	273	36194	1355	0	38025
11694	221	271	1075	36328	0	37895
11695	257	220	637	35698	0	36812
11696	218	175	438	37424	0	38255
11697	35991	158	378	1739	0	38266
11698	947	190	392	36647	0	38176
11699	450	225	36079	1584	0	38338
11700	36134	218	939	1108	0	38399
11701	1001	191	509	37350	0	39051
11702	595	182	344	38051	0	39172
11703	36760	164	314	1780	0	39018
11704	1047	37717	357	1038	0	40159
11705	630	873	290	38983	0	40776
11706	381	448	293	38557	0	39679
11707	37201	295	240	1837	0	39573
11708	1053	274	37060	1138	0	39525
11709	598	264	909	37576	0	39347
11710	472	220	464	38154	0	39310
11711	400	248	324	37832	0	38804
11712	347	36773	319	1779	0	39218
11713	323	884	283	37973	0	39463
11714	36670	437	220	1755	0	39082
11715	965	36626	257	1140	0	38988
11716	35990	1010	196	945	0	38141
11717	1041	36629	167	826	0	38663
11718	36666	1088	184	866	0	38804
11719	1252	652	35734	644	0	38282
11720	706	498	35521	665	0	37390
11721	35730	356	1117	636	0	37839
11722	1164	443	36266	537	0	38410
11723	776	313	1067	35945	0	38101
11724	636	319	706	33522	0	35183
11725	498	282	456	37135	0	38371
11726	36125	255	413	1634	0	38427
11727	1048	251	35416	971	0	37686
11728	35353	284	990	805	0	37432
11729	1225	239	551	37323	0	39338
11730	37212	269	358	1489	0	39328
11731	1364	252	315	37596	0	39527
11732	38412	236	340	1492	0	40480
11733	1501	228	308	40514	0	42551
11734	824	228	40864	1566	0	43482
11735	41297	195	1133	1000	0	43625
11736	42912	156	576	878	0	44522
11737	1837	134	421	42256	0	44648
11738	998	190	375	42044	0	43607
11739	716	41537	397	1778	0	44428
11740	40940	989	381	1073	0	43383
11741	1434	41329	325	828	0	43916
11742	39941	1037	258	805	0	42041
11743	1476	531	39516	629	0	42152
11744	841	371	39237	629	0	41078
11745	653	274	38508	593	0	40028
11746	38321	284	1422	533	0	40560
11747	1372	38567	739	427	0	41105
11748	860	926	537	38223	0	40546
11749	38061	430	435	1185	0	40111
11750	1226	38212	396	734	0	40568
11751	819	1543	347	36699	0	39408
11752	512	36825	333	1192	0	38862
11753	520	36066	276	717	0	37579
11754	474	36071	196	478	0	37219
11755	32172	1099	332	509	0	34112
11756	798	31943	139	361	0	33241
11757	241	28111	118	213	0	28683
11758	219	28097	107	161	0	28584
11759	27644	613	212	181	0	28650
11760	27772	230	127	171	0	28300
11761	655	186	26794	107	0	27742
11762	26204	108	428	143	0	26883
11763	27420	92	166	155	0	27833
11764	645	110	102	27030	0	27887
11765	27412	93	79	506	0	28090
11766	599	97	26860	174	0	27730
11767	231	28144	422	118	0	28915
11768	28343	536	141	175	0	29195
11769	671	196	87	28817	0	29771
11770	28892	128	61	623	0	29704
11771	665	126	27728	211	0	28730
11772	28132	89	483	169	0	28873
11773	693	132	154	28536	0	29515
11774	285	90	28429	539	0	29343
11775	168	27249	548	220	0	28185
11776	156	28681	177	118	0	29132
11777	210	688	154	27872	0	28924
11778	190	251	78	27486	0	28005
11779	113	28057	58	560	0	28788
11780	28121	528	64	293	0	29006
11781	28095	201	54	181	0	28531
11782	28035	113	78	143	0	28369
11783	731	28039	60	105	0	28935
11784	366	532	40	26996	0	27934
11785	179	28297	73	470	0	29019
11786	28233	559	42	251	0	29085
11787	28216	230	49	190	0	28685
11788	727	27743	63	90	0	28623
11789	28342	584	44	151	0	29121
11790	727	220	44	28247	0	29238
11791	353	135	72	28642	0	29202
11792	28633	105	84	755	0	29577
11793	28089	97	79	346	0	28611
11794	28457	111	77	214	0	28859
11795	841	108	51	27925	0	28925
11796	393	131	39	28491	0	29054
11797	223	121	27780	732	0	28856
11798	268	140	511	27574	0	28493
11799	255	158	157	27555	0	28125
11800	240	123	26623	721	0	27707
11801	212	150	25878	317	0	26557
11802	186	129	26853	188	0	27356
11803	217	131	741	26437	0	27526
11804	204	144	25643	627	0	26618
11805	212	155	604	25406	0	26377
11806	242	143	241	26083	0	26709
11807	222	150	25625	749	0	26746
11808	192	148	25565	337	0	26242
11809	243	138	684	25045	0	26110
11810	170	153	26303	673	0	27299
11811	201	162	26024	310	0	26697
11812	196	25847	719	245	0	27007
11813	26445	591	304	232	0	27572
11814	26803	271	202	203	0	27479
11815	26868	212	147	210	0	27437
11816	819	25963	119	198	0	27099
11817	401	26520	140	194	0	27255
11818	322	707	140	26514	0	27683
11819	280	276	142	26574	0	27272
11820	245	177	25835	774	0	27031
11821	286	128	619	25905	0	26938
11822	25944	134	263	795	0	27136
11823	722	130	182	24981	0	26015
11824	320	25846	179	670	0	27015
11825	26680	618	129	394	0	27821
11826	27215	240	131	306	0	27892
11827	27525	168	122	308	0	28123
11828	981	116	26567	184	0	27848
11829	476	199	566	26538	0	27779
11830	28114	113	259	854	0	29340
11831	866	98	28947	327	0	30238
11832	315	27339	772	295	0	28721
11833	216	26468	274	154	0	27112
11834	24434	687	236	172	0	25529
11835	629	24322	116	130	0	25197
11836	299	604	102	23781	0	24786
11837	150	222	23995	610	0	24977
11838	191	124	574	23899	0	24788
11839	23748	78	229	694	0	24749
11840	597	23585	128	267	0	24577
11841	23678	577	100	160	0	24515
11842	647	191	23236	142	0	24216
11843	281	158	591	22463	0	23493
11844	126	23489	228	579	0	24422
11845	187	592	113	24060	0	24952
11846	24082	181	107	685	0	25055
11847	24567	111	92	284	0	25054
11848	24614	101	90	178	0	24983
11849	24840	71	106	159	0	25176
11850	815	71	86	23872	0	24844
11851	306	94	24426	626	0	25452
11852	264	82	556	23799	0	24701
11853	169	24359	211	613	0	25352
11854	24664	533	126	277	0	25600
11855	628	189	24187	165	0	25169
11856	23684	102	560	166	0	24512
11857	674	70	196	23984	0	24924
11858	254	71	24751	611	0	25687
11859	229	70	564	24621	0	25484
11860	25089	64	200	719	0	26072
11861	25397	62	122	305	0	25886
11862	25448	59	127	211	0	25845
11863	741	88	24508	131	0	25468
11864	359	117	501	24371	0	25348
11865	196	79	25031	554	0	25860
11866	153	24823	542	217	0	25735
11867	23689	460	216	183	0	24548
11868	486	23168	130	143	0	23927
11869	22444	409	93	140	0	23086
11870	483	124	71	21922	0	22600
11871	157	22227	82	376	0	22842
11872	22600	367	74	178	0	23219
11873	447	121	22579	91	0	23238
11874	194	76	359	22359	0	22988
11875	22676	76	112	459	0	23323
11876	461	65	22508	152	0	23186
11877	213	50	403	21872	0	22538
11878	160	21576	122	389	0	22247
11879	169	393	102	22802	0	23466
11880	161	130	68	23041	0	23400
11881	22624	100	61	510	0	23295
11882	433	22455	71	188	0	23147
11883	200	392	65	21970	0	22627
11884	145	22328	74	424	0	22971
11885	152	427	83	22281	0	22943
11886	111	22774	90	421	0	23396
11887	22808	424	50	207	0	23489
11888	503	164	23022	111	0	23800
11889	206	101	402	22794	0	23503
11890	168	88	125	23115	0	23496
11891	168	68	96	23176	0	23508
11892	172	66	64	22880	0	23182
11893	150	90	22560	547	0	23347
11894	158	23033	405	219	0	23815
11895	23167	385	135	217	0	23904
11896	23440	125	100	202	0	23867
11897	484	23235	87	149	0	23955
11898	23636	417	78	150	0	24281
11899	23696	157	64	202	0	24119
11900	528	23974	74	110	0	24686
11901	251	424	72	23698	0	24445
11902	200	24263	66	379	0	24908
11903	24253	431	64	202	0	24950
11904	478	139	23919	154	0	24690
11905	22540	106	407	202	0	23255
11906	486	111	24286	150	0	25033
11907	242	78	439	24274	0	25033
11908	24546	73	116	514	0	25249
11909	519	87	24153	161	0	24920
11910	23133	86	392	228	0	23839
11911	24125	56	154	181	0	24516
11912	552	84	124	23905	0	24665
11913	231	24166	89	425	0	24911
11914	24741	443	62	212	0	25458
11915	561	146	47	24558	0	25312
11916	213	24128	88	453	0	24882
11917	24512	420	49	231	0	25212
11918	526	138	69	24750	0	25483
11919	177	26058	100	479	0	26814
11920	174	387	69	27186	0	27816
11921	27505	103	89	556	0	28253
11922	27477	101	87	259	0	27924
11923	27758	73	59	245	0	28135
11924	599	77	66	26936	0	27678
11925	219	80	78	27041	0	27418
11926	192	87	26914	482	0	27675
11927	252	135	373	26857	0	27617
11928	146	77	28000	511	0	28734
11929	125	74	25764	151	0	26114
11930	54	43	24867	57	0	25021
11931	40	25852	286	51	0	26229
11932	120	265	216	25189	0	25790
11933	32	27917	65	177	0	28191
11934	28758	331	40	146	0	29275
11935	29151	87	30	106	0	29374
11936	435	53	35	29721	0	30244
11937	133	48	30987	354	0	31522
11938	148	29	433	30778	0	31388
11939	59	44	32015	498	0	32616
11940	126	43	467	31451	0	32087
11941	43	31728	150	512	0	32433
11942	55	33439	76	151	0	33721
11943	32818	514	48	167	0	33547
11944	483	169	33071	69	0	33792
11945	228	90	468	32749	0	33535
11946	156	51	130	33796	0	34133
11947	33779	46	73	681	0	34579
11948	479	34011	76	209	0	34775
11949	34043	487	46	198	0	34774
11950	510	34752	67	88	0	35417
11951	34216	503	55	170	0	34944
11952	34962	160	48	198	0	35368
11953	672	94	56	34969	0	35791
11954	209	109	34984	526	0	35828
11955	33913	67	498	256	0	34734
11956	540	35266	158	144	0	36108
11957	35931	517	95	174	0	36717
11958	632	151	72	34787	0	35642
11959	266	98	43	34953	0	35360
11960	143	34644	64	603	0	35454
11961	187	521	41	34564	0	35313
11962	122	35092	59	561	0	35834
11963	200	534	41	34905	0	35680
11964	180	181	39	34744	0	35144
11965	33733	90	66	757	0	34646
11966	579	111	33793	244	0	34727
11967	191	33512	502	180	0	34385
11968	213	523	129	34253	0	35118
11969	34545	169	89	689	0	35492
11970	35210	112	85	317	0	35724
11971	35170	90	69	277	0	35606
11972	720	105	34663	148	0	35636
11973	34817	97	550	198	0	35662
11974	720	100	168	35529	0	36517
11975	35269	94	107	718	0	36188
11976	643	34861	107	265	0	35876
11977	331	562	75	35524	0	36492
11978	35141	197	70	718	0	36126
11979	648	35788	99	267	0	36802
11980	346	607	73	36338	0	37364
11981	229	230	35726	703	0	36888
11982	36595	143	530	355	0	37623
11983	38632	133	179	263	0	39207
11984	923	144	38176	174	0	39417
11985	396	37242	685	168	0	38491
11986	284	38677	221	177	0	39359
11987	298	825	159	38580	0	39862
11988	352	326	144	36800	0	37622
11989	271	187	97	38629	0	39184
11990	192	191	38962	978	0	40323
11991	38564	149	718	553	0	39984
11992	40829	165	246	405	0	41645
11993	41688	164	143	352	0	42347
11994	41945	151	146	311	0	42553
11995	42379	143	132	357	0	43011
11996	43043	140	135	325	0	43643
11997	1329	145	137	44308	0	45919
11998	560	163	43574	1078	0	45375
11999	430	176	44526	428	0	45560
12000	415	171	1130	44402	0	46118
12001	454	153	381	44231	0	45219
12002	434	169	219	44715	0	45537
12003	314	44680	177	1362	0	46533
12004	45074	1033	147	681	0	46935
12005	1198	46146	162	427	0	47933
12006	635	1120	124	45657	0	47536
12007	45074	387	136	1326	0	46923
12008	1256	45229	135	524	0	47144
12009	625	1124	141	45606	0	47496
12010	542	371	137	46595	0	47645
12011	460	278	130	46756	0	47624
12012	317	45440	193	1589	0	47539
12013	404	1103	164	46398	0	48069
12014	294	427	45894	1530	0	48145
12015	391	313	1104	46606	0	48414
12016	373	265	332	47536	0	48506
12017	413	263	189	49203	0	50068
12018	423	255	162	49760	0	50600
12019	343	245	46906	2004	0	49498
12020	294	46774	1304	1013	0	49385
12021	433	1403	428	47353	0	49617
12022	404	516	287	49000	0	50207
12023	390	357	189	48414	0	49350
12024	309	45814	223	2231	0	48577
12025	286	48567	206	1120	0	50179
12026	47183	1689	150	878	0	49900
12027	1591	634	163	46625	0	49013
12028	573	420	45499	1767	0	48259
12029	373	45608	1291	930	0	48202
12030	44205	1389	483	799	0	46876
12031	1450	544	43373	630	0	45997
12032	576	412	43307	581	0	44876
12033	394	309	42584	504	0	43791
12034	428	647	1719	40670	0	43464
12035	222	268	41173	1519	0	43182
12036	197	39500	1476	765	0	41938
12037	278	1125	577	38274	0	40254
12038	175	474	38615	1327	0	40591
12039	230	389	1261	37662	0	39542
12040	37071	262	513	1576	0	39422
12041	1112	227	37181	767	0	39287
12042	36061	221	1254	665	0	38201
12043	1254	37331	563	473	0	39621
12044	37173	1162	430	456	0	39221
12045	1382	454	379	37073	0	39288
12046	37066	334	382	1355	0	39137
12047	37402	259	344	703	0	38708
12048	36424	243	346	624	0	37637
12049	1519	36490	382	478	0	38869
12050	36629	1149	329	447	0	38554
12051	37129	452	334	477	0	38392
12052	1605	332	35892	405	0	38234
12053	790	35674	1218	428	0	38110
12054	735	1184	533	35701	0	38153
12055	571	513	450	36661	0	38195
12056	545	365	344	36973	0	38227
12057	446	336	35438	1698	0	37918
12058	493	245	1230	35912	0	37880
12059	426	257	35777	1605	0	38065
12060	35521	229	1328	847	0	37925
12061	36804	249	563	672	0	38288
12062	1628	231	35887	571	0	38317
12063	36112	256	1279	537	0	38184
12064	37131	252	544	535	0	38462
12065	37551	216	467	479	0	38713
12066	1902	243	379	36007	0	38531
12067	983	283	36133	1372	0	38771
12068	735	36197	1240	728	0	38900
12069	656	1157	548	36369	0	38730
12070	548	476	36637	1434	0	39095
12071	498	412	35235	819	0	36964
12072	34490	296	1424	704	0	36914
12073	1204	35989	754	591	0	38538
12074	36507	1094	530	632	0	38763
12075	37055	457	465	583	0	38560
12076	1523	36457	464	504	0	38948
12077	36632	1086	445	501	0	38664
12078	1566	489	36964	401	0	39420
12079	857	358	36496	383	0	38094
12080	744	276	36546	396	0	37962
12081	600	34991	1458	348	0	37397
12082	34083	966	975	337	0	36361
12083	34316	411	566	371	0	35664
12084	1339	32649	481	331	0	34800
12085	744	34129	424	355	0	35652
12086	607	1156	376	33660	0	35799
12087	480	591	350	34361	0	35782
12088	33956	425	315	1248	0	35944
12089	1158	34180	339	597	0	36274
12090	33895	1028	304	475	0	35702
12091	33549	464	295	365	0	34673
12092	1355	389	32409	280	0	34433
12093	756	31880	942	267	0	33845
12094	752	963	530	31470	0	33715
12095	31129	427	365	847	0	32768
12096	1224	305	307	30346	0	32182
12097	28805	218	276	781	0	30080
12098	934	230	27974	339	0	29477
12099	524	27182	719	290	0	28715
12100	449	28031	330	269	0	29079
12101	471	909	374	26692	0	28446
12102	383	27965	247	578	0	29173
12103	28003	757	250	407	0	29417
12104	719	400	27161	290	0	28570
12105	26416	309	563	297	0	27585
12106	792	252	27849	229	0	29122
12107	505	239	612	27731	0	29087
12108	466	212	317	28057	0	29052
12109	460	197	252	28403	0	29312
12110	28137	157	235	798	0	29327
12111	740	152	28181	411	0	29484
12112	438	142	524	28215	0	29319
12113	415	164	261	28300	0	29140
12114	337	27484	243	689	0	28753
12115	285	27578	172	443	0	28478
12116	284	28747	184	312	0	29527
12117	243	584	144	27679	0	28650
12118	215	224	88	26967	0	27494
12119	86	26215	68	275	0	26644
12120	89	26690	56	135	0	26970
12121	26852	198	142	200	0	27392
12122	234	94	41	26872	0	27241
12123	61	26637	36	137	0	26871
12124	27379	119	47	122	0	27667
12125	179	44	18	28127	0	28368
12126	30956	23	31	269	0	31279
12127	343	25	20	31960	0	32348
12128	106	52	32926	311	0	33395
12129	49	33159	280	95	0	33583
12130	32918	283	80	160	0	33441
12131	305	97	33670	35	0	34107
12132	95	33706	292	46	0	34139
12133	76	235	76	34487	0	34874
12134	65	70	35	34867	0	35037
12135	79	38	18	34002	0	34137
12136	110	21	15	33344	0	33490
12137	23	26	34400	326	0	34775
12138	16	34149	247	122	0	34534
12139	59	237	58	34573	0	34927
12140	33887	65	24	380	0	34356
12141	214	34482	30	118	0	34844
12142	118	254	16	36199	0	36587
12143	31	93	35910	356	0	36390
12144	20	36095	362	125	0	36602
12145	149	392	106	33552	0	34199
12146	28	37359	82	263	0	37732
12147	37724	462	16	155	0	38357
12148	38015	115	23	166	0	38319
12149	564	80	36966	46	0	37656
12150	36895	48	399	123	0	37465
12151	38133	29	112	130	0	38404
12152	578	73	36916	29	0	37596
12153	218	37258	440	46	0	37962
12154	249	430	114	37174	0	37967
12155	133	127	78	38757	0	39095
12156	38386	69	44	660	0	39159
12157	535	44	37	38521	0	39137
12158	159	59	38473	526	0	39217
12159	36854	48	464	285	0	37651
12160	510	73	37722	119	0	38424
12161	168	37908	528	85	0	38689
12162	37340	477	133	167	0	38117
12163	529	138	37667	67	0	38401
12164	207	107	36364	59	0	36737
12165	129	37403	542	46	0	38120
12166	110	484	203	38064	0	38861
12167	72	168	37454	489	0	38183
12168	252	99	515	33737	0	34603
12169	129	32	169	36913	0	37243
12170	67	61	36396	601	0	37125
12171	51	36123	509	239	0	36922
12172	111	466	175	36594	0	37346
12173	35902	142	125	593	0	36762
12174	35723	104	68	261	0	36156
12175	619	57	45	35982	0	36703
12176	230	57	35581	519	0	36387
12177	130	89	36970	178	0	37367
12178	142	53	647	36910	0	37752
12179	96	81	36943	582	0	37702
12180	36744	54	598	274	0	37670
12181	678	34	208	38077	0	38997
12182	268	47	153	38676	0	39144
12183	154	38449	115	768	0	39486
12184	155	590	82	39394	0	40221
12185	96	216	38336	711	0	39359
12186	36763	118	622	349	0	37852
12187	38461	57	190	315	0	39023
12188	799	68	38634	142	0	39643
12189	388	67	659	40053	0	41167
12190	240	53	244	41551	0	42088
12191	108	68	41415	1074	0	42665
12192	206	43	864	41629	0	42742
12193	285	68	297	41191	0	41841
12194	99	42751	240	1139	0	44229
12195	204	896	113	44277	0	45490
12196	185	243	104	45294	0	45826
12197	45148	165	138	1449	0	46900
12198	46458	80	117	651	0	47306
12199	47333	77	112	444	0	47966
12200	47207	79	128	277	0	47691
12201	47039	68	111	300	0	47518
12202	1533	89	44837	233	0	46692
12203	705	68	1058	44859	0	46690
12204	477	57	344	46247	0	47125
12205	240	88	45357	1422	0	47107
12206	43474	69	1101	673	0	45317
12207	45241	85	366	457	0	46149
12208	1410	143	42202	306	0	44061
12209	44394	60	1006	377	0	45837
12210	45853	67	349	341	0	46610
12211	1562	83	44780	201	0	46626
12212	817	86	1147	43578	0	45628
12213	499	45266	474	1132	0	47371
12214	444	1094	303	47863	0	49704
12215	426	307	198	48460	0	49391
12216	398	209	205	47829	0	48641
12217	248	113	46488	1721	0	48570
12218	45160	71	1237	782	0	47250
12219	47010	78	458	477	0	48023
12220	1672	53	293	45892	0	47910
12221	672	72	45085	1352	0	47181
12222	522	107	1260	44686	0	46575
12223	299	63	45812	1508	0	47682
12224	298	87	46187	577	0	47149
12225	243	45668	1512	453	0	47876
12226	451	952	598	42861	0	44862
12227	42444	291	368	1237	0	44340
12228	41569	177	195	564	0	42505
12229	42397	84	183	474	0	43138
12230	1561	64	177	41065	0	42867
12231	645	42432	182	1183	0	44442
12232	557	1009	159	43452	0	45177
12233	287	314	44334	1423	0	46358
12234	46265	211	1192	654	0	48322
12235	49574	103	432	536	0	50645
12236	1802	81	353	48989	0	51225
12237	878	97	219	49963	0	51157
12238	696	87	185	50561	0	51529
12239	411	116	48506	1980	0	51013
12240	45272	65	1385	998	0	47720
12241	1569	47021	518	622	0	49730
12242	549	47406	377	423	0	48755
12243	468	1361	46873	364	0	49066
12244	497	530	1341	45802	0	48170
12245	275	315	46633	1444	0	48667
12246	44717	196	1433	648	0	46994
12247	1544	182	477	45302	0	47505
12248	627	129	44960	1394	0	47110
12249	521	45828	1267	636	0	48252
12250	45920	1136	472	632	0	48160
12251	1467	345	46894	397	0	49103
12252	580	45303	1353	412	0	47648
12253	440	47558	554	338	0	48890
12254	47231	1470	462	414	0	49577
12255	1542	583	299	47202	0	49626
12256	583	389	48465	1473	0	50910
12257	458	48413	1435	586	0	50892
12258	48622	1289	497	584	0	50992
12259	49477	409	432	447	0	50765
12260	1700	48543	335	390	0	50968
12261	720	1404	49333	354	0	51811
12262	658	489	1434	49400	0	51981
12263	49611	388	558	1569	0	52126
12264	50320	267	470	661	0	51718
12265	1854	268	49131	457	0	51710
12266	963	239	1423	48425	0	51050
12267	725	224	567	50272	0	51788
12268	550	252	49655	1777	0	52234
12269	478	270	49222	767	0	50737
12270	49527	205	1750	631	0	52113
12271	51239	260	753	485	0	52737
12272	51638	254	545	449	0	52886
12273	51883	234	426	477	0	53020
12274	2127	234	49427	394	0	52182
12275	49945	175	1493	480	0	52093
12276	2102	177	614	49306	0	52199
12277	926	198	49839	1518	0	52481
12278	753	181	50188	711	0	51833
12279	513	49510	1751	595	0	52369
12280	506	1259	742	48498	0	51005
12281	427	455	49114	1435	0	51431
12282	47070	348	1534	656	0	49608
12283	1597	320	686	44985	0	47588
12284	722	48500	551	1194	0	50967
12285	49220	1227	454	693	0	51594
12286	49968	377	444	580	0	51369
12287	1810	326	48769	413	0	51318
12288	888	48025	1471	391	0	50775
12289	714	1031	560	46595	0	48900
12290	46336	407	441	1232	0	48416
12291	1434	396	394	45805	0	48029
12292	612	285	44673	1209	0	46779
12293	41123	238	1063	574	0	42998
12294	1162	42884	486	455	0	44987
12295	497	41337	400	343	0	42577
12296	478	43978	356	313	0	45125
12297	43027	1089	622	423	0	45161
12298	42792	428	356	282	0	43858
12299	43071	320	271	251	0	43913
12300	1307	265	217	42122	0	43911
12301	645	223	42608	886	0	44362
12302	550	221	894	42872	0	44537
12303	43363	175	400	1117	0	45055
12304	1149	172	320	43668	0	45309
12305	44840	171	255	1177	0	46443
12306	44774	168	277	525	0	45744
12307	44651	196	294	468	0	45609
12308	1194	44362	293	323	0	46172
12309	44726	851	272	311	0	46160
12310	1217	334	43722	241	0	45514
12311	664	262	44357	201	0	45484
12312	548	43758	996	197	0	45499
12313	657	742	526	42045	0	43970
12314	41949	255	290	843	0	43337
12315	983	210	41458	312	0	42963
12316	40661	154	821	360	0	41996
12317	1062	159	345	40776	0	42342
12318	481	41526	328	755	0	43090
12319	454	709	286	42723	0	44172
12320	417	277	42539	819	0	44052
12321	40963	217	774	452	0	42406
12322	931	203	43393	303	0	44830
12323	495	179	41613	205	0	42492
12324	40530	132	846	297	0	41805
12325	869	41022	434	182	0	42507
12326	42216	670	301	243	0	43430
12327	42658	244	217	278	0	43397
12328	1052	196	41355	193	0	42796
12329	40474	150	798	234	0	41656
12330	942	148	40780	221	0	42091
12331	429	114	38890	211	0	39644
12332	414	112	39417	189	0	40132
12333	279	38042	731	167	0	39219
12334	35100	603	946	256	0	36905
12335	34721	144	256	222	0	35343
12336	34751	78	112	121	0	35062
12337	34708	47	92	160	0	35007
12338	514	77	34523	49	0	35163
12339	287	43	372	34364	0	35066
12340	271	44	126	34788	0	35229
12341	35364	50	112	486	0	36012
12342	413	35195	126	137	0	35871
12343	210	319	102	35293	0	35924
12344	35161	91	92	432	0	35776
12345	419	97	35552	116	0	36184
12346	282	79	380	35152	0	35893
12347	167	83	36590	401	0	37241
12348	146	36094	418	174	0	36832
12349	244	407	164	35293	0	36108
12350	35241	90	104	441	0	35876
12351	454	70	71	36279	0	36874
12352	175	67	36502	457	0	37201
12353	108	36534	433	159	0	37234
12354	36247	404	116	246	0	37013
12355	519	127	36315	76	0	37037
12356	35264	90	452	151	0	35957
12357	517	36516	160	90	0	37283
12358	37188	463	170	148	0	37969
12359	37598	151	73	179	0	38001
12360	752	81	73	37569	0	38475
12361	265	96	37327	544	0	38232
12362	154	37613	550	209	0	38526
12363	199	533	187	39023	0	39942
12364	217	183	103	39681	0	40184
12365	205	86	86	41702	0	42079
12366	224	78	94	42753	0	43149
12367	110	46348	98	998	0	47554
12368	47858	893	66	484	0	49301
12369	1021	47956	123	207	0	49307
12370	514	1051	79	49585	0	51229
12371	50398	335	74	1227	0	52034
12372	1330	204	73	50484	0	52091
12373	457	162	50083	1298	0	52000
12374	278	49985	1046	521	0	51830
12375	377	1083	329	50460	0	52249
12376	360	398	198	51764	0	52720
12377	49091	257	114	1576	0	51038
12378	1220	208	48329	654	0	50411
12379	47858	153	1090	570	0	49671
12380	48896	147	345	472	0	49860
12381	48969	182	220	421	0	49792
12382	1660	233	47624	285	0	49802
12383	899	227	1123	46762	0	49011
12384	592	199	371	47984	0	49146
12385	387	185	47745	1608	0	49925
12386	326	194	48273	730	0	49523
12387	48149	148	1506	614	0	50417
12388	1560	195	572	49066	0	51393
12389	49956	167	341	1609	0	52073
12390	51321	155	271	788	0	52535
12391	1967	161	211	50562	0	52901
12392	821	137	52138	1625	0	54721
12393	50682	147	1490	812	0	53131
12394	1960	128	531	52842	0	55461
12395	841	159	52661	1695	0	55356
12396	647	51821	1539	774	0	54781
12397	51625	1404	613	719	0	54361
12398	1712	52315	458	522	0	55007
12399	1088	1612	354	48722	0	51776
12400	646	52519	380	1565	0	55110
12401	51045	1603	391	894	0	53933
12402	52224	566	343	786	0	53919
12403	2106	51310	348	640	0	54404
12404	51621	1512	353	668	0	54154
12405	51152	616	352	708	0	52828
12406	2205	49572	337	591	0	52705
12407	50108	1507	363	654	0	52632
12408	2251	596	353	49178	0	52378
12409	1285	407	427	50413	0	52532
12410	49597	356	328	2097	0	52378
12411	2246	317	324	46484	0	49371
12412	1134	47435	354	1669	0	50592
12413	47378	1568	335	965	0	50246
12414	47914	687	341	860	0	49802
12415	2107	47541	330	660	0	50638
12416	47965	1578	353	663	0	50559
12417	48973	713	341	583	0	50610
12418	2546	490	286	46824	0	50146
12419	1426	433	46166	1785	0	49810
12420	1114	46102	1419	896	0	49531
12421	46910	1613	571	785	0	49879
12422	47458	729	386	755	0	49328
12423	2538	573	45130	661	0	48902
12424	46119	400	1529	735	0	48783
12425	2295	471	44193	674	0	47633
12426	45048	482	1638	652	0	47820
12427	2386	560	636	44516	0	48098
12428	1286	534	44017	1792	0	47629
12429	1075	602	44669	796	0	47142
12430	1107	617	1767	43431	0	46922
12431	1031	515	730	44011	0	46287
12432	1040	513	41863	2038	0	45454
12433	1151	395	1571	42043	0	45160
12434	997	524	41921	1888	0	45330
12435	1091	476	1735	41688	0	44990
12436	1190	451	726	41701	0	44068
12437	1033	39582	603	2083	0	43301
12438	1050	39901	564	1079	0	42594
12439	927	41852	498	1000	0	44277
12440	995	1869	472	40982	0	44318
12441	1021	793	485	42229	0	44528
12442	853	549	40175	2322	0	43899
12443	39532	480	1693	1251	0	42956
12444	41265	445	795	957	0	43462
12445	2415	39366	617	815	0	43213
12446	39673	1591	534	708	0	42506
12447	2304	660	477	38723	0	42164
12448	39209	459	574	1931	0	42173
12449	40015	436	545	1085	0	42081
12450	2547	419	520	38359	0	41845
12451	36332	481	495	1757	0	39065
12452	1911	35033	504	990	0	38438
12453	1140	35921	464	723	0	38248
12454	1013	1711	505	33674	0	36903
12455	886	35192	484	1518	0	38080
12456	903	1473	440	33665	0	36481
12457	979	630	391	34638	0	36638
12458	33214	437	365	1814	0	35830
12459	1660	32455	469	945	0	35529
12460	32110	1239	381	779	0	34509
12461	31651	559	395	795	0	33400
12462	1733	31123	394	714	0	33964
12463	30710	1192	340	704	0	32946
12464	1615	575	29270	695	0	32155
12465	755	27558	1049	570	0	29932
12466	25987	969	469	605	0	28030
12467	1000	366	22374	366	0	24106
12468	425	19936	645	298	0	21304
12469	360	20504	405	299	0	21568
12470	18367	649	424	190	0	19630
12471	18226	267	139	170	0	18802
12472	18111	200	92	186	0	18589
12473	766	17528	102	163	0	18559
12474	436	504	93	17849	0	18882
12475	17874	228	111	583	0	18796
12476	18150	186	112	326	0	18774
12477	764	164	123	17719	0	18770
12478	380	158	17761	541	0	18840
12479	281	167	17968	257	0	18673
12480	295	134	580	17985	0	18994
12481	245	116	268	18472	0	19101
12482	251	124	18240	634	0	19249
12483	286	102	502	17799	0	18689
12484	230	17980	219	609	0	19038
12485	17607	467	158	282	0	18514
12486	628	242	141	17088	0	18099
12487	16184	121	99	483	0	16887
12488	439	16114	109	300	0	16962
12489	246	16340	119	188	0	16893
12490	15895	360	100	186	0	16541
12491	356	161	15338	141	0	15996
12492	12885	138	258	79	0	13360
12493	221	13055	131	83	0	13490
12494	115	121	65	12070	0	12371
12495	11978	48	23	173	0	12222
12496	143	30	28	11885	0	12086
12497	12135	23	17	185	0	12360
12498	11966	21	22	92	0	12101
12499	160	12430	22	46	0	12658
12500	12213	95	18	56	0	12382
12501	101	12064	15	32	0	12212
12502	12214	97	20	51	0	12382
12503	119	45	12	12257	0	12433
12504	12482	21	7	129	0	12639
12505	118	13	6	12822	0	12959
12506	13237	19	9	139	0	13404
12507	13650	24	8	101	0	13783
12508	13910	21	6	49	0	13986
12509	14009	17	8	42	0	14076
12510	14185	14	13	35	0	14247
12511	163	20	7	14403	0	14593
12512	14171	19	10	131	0	14331
12513	120	13865	14	41	0	14040
12514	59	122	13898	21	0	14100
12515	60	37	104	13947	0	14148
12516	37	30	14438	116	0	14621
12517	60	25	113	15062	0	15260
12518	29	23	15294	155	0	15501
12519	14998	16	127	98	0	15239
12520	168	12	43	15383	0	15606
12521	55	23	15202	130	0	15410
12522	49	20	15515	49	0	15633
12523	45	47	154	15801	0	16047
12524	17375	14	73	220	0	17682
12525	175	18373	46	85	0	18679
12526	18622	166	21	92	0	18901
12527	18766	79	19	61	0	18925
12528	256	18748	26	34	0	19064
12529	19650	178	12	100	0	19940
12530	266	82	11	19746	0	20105
12531	141	41	9	19904	0	20095
12532	93	21	12	20085	0	20211
12533	20012	15	12	307	0	20346
12534	188	20383	17	136	0	20724
12535	140	216	8	20877	0	21241
12536	75	92	15	21324	0	21506
12537	21137	38	13	368	0	21556
12538	306	28	11	21176	0	21521
12539	127	39	21823	291	0	22280
12540	68	22886	277	145	0	23376
12541	23405	326	106	109	0	23946
12542	403	127	58	22883	0	23471
12543	152	23722	39	322	0	24235
12544	23934	356	18	195	0	24503
12545	411	154	23524	83	0	24172
12546	157	23716	354	67	0	24294
12547	24077	377	124	89	0	24667
12548	455	148	76	23898	0	24577
12549	209	98	49	24125	0	24481
12550	132	65	23900	490	0	24587
12551	147	45	351	23655	0	24198
12552	78	46	25505	454	0	26083
12553	75	52	24394	208	0	24729
12554	57	46	25486	135	0	25724
12555	25370	29	526	161	0	26086
12556	25921	22	259	115	0	26317
12557	26406	35	147	110	0	26698
12558	601	36	85	25749	0	26471
12559	281	25776	63	355	0	26475
12560	187	26502	53	158	0	26900
12561	26828	453	42	222	0	27545
12562	26889	211	49	174	0	27323
12563	481	27029	48	78	0	27636
12564	27009	366	56	116	0	27547
12565	453	172	26246	70	0	26941
12566	240	128	26160	55	0	26583
12567	240	73	448	25358	0	26119
12568	156	41	223	27023	0	27443
12569	89	59	26935	456	0	27539
12570	140	39	400	26388	0	26967
12571	26749	32	181	534	0	27496
12572	394	39	26675	203	0	27311
12573	26291	39	392	175	0	26897
12574	503	43	148	27114	0	27808
12575	242	52	27909	393	0	28596
12576	168	28094	414	186	0	28862
12577	28581	347	178	214	0	29320
12578	413	176	27935	96	0	28620
12579	27723	113	412	100	0	28348
12580	525	67	184	27970	0	28746
12581	28235	34	129	454	0	28852
12582	501	71	29722	186	0	30480
12583	323	47	383	30079	0	30832
12584	31632	37	193	512	0	32374
12585	32582	40	135	306	0	33063
12586	33725	48	92	247	0	34112
12587	34095	47	63	165	0	34370
12588	739	44	75	32828	0	33686
12589	385	47	90	33041	0	33563
12590	260	60	32855	611	0	33786
12591	236	42	442	32908	0	33628
12592	243	37	209	32423	0	32912
12593	125	33599	151	673	0	34548
12594	34240	464	95	361	0	35160
12595	34991	166	98	297	0	35552
12596	726	35689	103	175	0	36693
12597	371	584	76	35853	0	36884
12598	308	191	76	36613	0	37188
12599	35500	146	65	889	0	36600
12600	723	95	36994	354	0	38166
12601	390	45	615	37499	0	38549
12602	246	88	38046	727	0	39107
12603	37300	64	693	427	0	38484
12604	38481	54	260	310	0	39105
12605	38849	54	163	242	0	39308
12606	991	53	131	37731	0	38906
12607	496	63	87	37927	0	38573
12608	37706	67	101	900	0	38774
12609	795	72	37040	377	0	38284
12610	417	76	590	37192	0	38275
12611	37360	55	224	784	0	38423
12612	772	43	162	37540	0	38517
12613	346	47	39658	786	0	40837
12614	298	84	38393	382	0	39157
12615	38728	39	765	370	0	39902
12616	657	39787	349	242	0	41035
12617	40890	517	247	296	0	41950
12618	41948	166	126	300	0	42540
12619	884	116	111	41968	0	43079
12620	448	102	121	41944	0	42615
12621	286	41775	113	798	0	42972
12622	41955	554	90	451	0	43050
12623	707	42771	117	256	0	43851
12624	312	43111	72	203	0	43698
12625	273	611	79	42201	0	43164
12626	42342	206	86	675	0	43309
12627	43284	145	78	371	0	43878
12628	800	82	85	42899	0	43866
12629	397	88	64	42499	0	43048
12630	336	77	64	42660	0	43137
12631	41975	50	69	877	0	42971
12632	671	61	41888	379	0	42999
12633	312	41857	515	305	0	42989
12634	41898	442	161	296	0	42797
12635	666	224	156	41666	0	42712
12636	305	134	41711	605	0	42755
12637	275	125	41003	295	0	41698
12638	203	41534	614	270	0	42621
12639	167	42677	238	184	0	43266
12640	287	538	256	41234	0	42315
12641	219	37347	188	448	0	38202
12642	193	394	75	40681	0	41343
12643	163	140	81	41644	0	42028
12644	41764	102	90	620	0	42576
12645	468	103	78	41853	0	42502
12646	237	101	72	42240	0	42650
12647	186	130	41783	527	0	42626
12648	204	69	354	42252	0	42879
12649	42663	72	154	634	0	43523
12650	43156	67	126	361	0	43710
12651	558	44346	97	242	0	45243
12652	43616	448	86	301	0	44451
12653	606	218	43223	194	0	44241
12654	261	44055	487	248	0	45051
12655	277	528	161	45028	0	45994
12656	254	165	119	46024	0	46562
12657	232	145	101	46273	0	46751
12658	45933	83	92	862	0	46970
12659	44168	101	154	456	0	44879
12660	689	123	44817	258	0	45887
12661	324	111	44000	236	0	44671
12662	287	113	44917	215	0	45532
12663	222	44940	645	252	0	46059
12664	241	46217	227	218	0	46903
12665	46199	632	144	302	0	47277
12666	46463	204	148	296	0	47111
12667	755	144	143	46841	0	47883
12668	331	134	145	46507	0	47117
12669	207	47161	131	776	0	48275
12670	244	603	114	48598	0	49559
12671	218	233	48267	754	0	49472
12672	231	48779	606	325	0	49941
12673	249	601	188	49772	0	50810
12674	242	227	51450	723	0	52642
12675	320	206	673	48856	0	50055
12676	168	51137	215	788	0	52308
12677	52466	783	152	459	0	53860
12678	52641	260	117	402	0	53420
12679	54448	157	106	407	0	55118
12680	1108	155	110	54231	0	55604
12681	484	142	76	55676	0	56378
12682	54497	184	79	1226	0	55986
12683	1026	54359	150	392	0	55927
12684	54852	879	111	422	0	56264
12685	1061	294	56071	230	0	57656
12686	56429	147	966	355	0	57897
12687	58342	102	331	372	0	59147
12688	1567	112	159	57443	0	59281
12689	58622	127	100	1252	0	60101
12690	59735	123	106	533	0	60497
12691	1629	95	122	59126	0	60972
12692	574	136	58513	1160	0	60383
12693	56291	84	1053	639	0	58067
12694	1201	117	58545	291	0	60154
12695	477	59233	1060	226	0	60996
12696	514	931	457	59755	0	61657
12697	309	320	161	61524	0	62314
12698	63904	128	120	1502	0	65654
12699	1236	131	63918	498	0	65783
12700	578	134	1091	61169	0	62972
12701	280	62309	404	1176	0	64169
12702	172	63154	233	479	0	64038
12703	333	1382	121	63524	0	65360
12704	216	463	62827	1269	0	64775
12705	328	220	1146	63217	0	64911
12706	342	138	418	63312	0	64210
12707	242	222	61750	1519	0	63733
12708	156	63273	1140	575	0	65144
12709	61634	1239	383	521	0	63777
12710	1196	63501	232	318	0	65247
12711	609	1246	148	63379	0	65382
12712	61295	403	157	1490	0	63345
12713	1168	60663	237	538	0	62606
12714	457	1247	60139	358	0	62201
12715	59088	485	1124	417	0	61114
12716	1213	61402	433	250	0	63298
12717	60940	1228	227	449	0	62844
12718	1440	454	58529	236	0	60659
12719	58546	233	1171	398	0	60348
12720	1457	172	437	59073	0	61139
12721	609	229	57002	2941	0	60781
12722	442	259	1157	56960	0	58818
12723	357	56657	443	1339	0	58796
12724	400	1261	235	57333	0	59229
12725	387	435	174	58028	0	59024
12726	350	295	55853	1661	0	58159
12727	412	247	1204	56108	0	57971
12728	332	343	49344	1615	0	51634
12729	392	55920	1019	671	0	58002
12730	414	1374	378	56270	0	58436
12731	420	517	56291	1463	0	58691
12732	352	55722	1399	641	0	58114
12733	367	58361	509	458	0	59695
12734	428	1575	57063	449	0	59515
12735	368	614	57026	341	0	58349
12736	475	373	1605	56200	0	58653
12737	55624	317	591	1631	0	58163
12738	1483	55536	361	797	0	58177
12739	760	1372	295	54748	0	57175
12740	54533	510	323	1641	0	57007
12741	1604	55141	300	783	0	57828
12742	54518	1431	311	616	0	56876
12743	1682	55922	283	497	0	58384
12744	56024	1491	275	598	0	58388
12745	56024	636	333	567	0	57560
12746	57018	434	264	571	0	58287
12747	2111	57906	320	480	0	60817
12748	1076	1510	385	58571	0	61542
12749	767	575	57312	1730	0	60384
12750	634	57212	1567	911	0	60324
12751	830	1610	596	55674	0	58710
12752	802	750	422	56574	0	58548
12753	579	478	54316	1972	0	57345
12754	632	53283	1521	886	0	56322
12755	52593	1488	674	741	0	55496
12756	1695	52580	408	623	0	55306
12757	866	1553	376	52507	0	55302
12758	610	672	52323	1678	0	55283
12759	50815	453	1539	881	0	53688
12760	1741	406	605	52830	0	55582
12761	611	445	52152	1740	0	54948
12762	49411	394	1555	977	0	52337
12763	1463	50752	704	651	0	53570
12764	50904	1593	507	674	0	53678
12765	51630	696	305	741	0	53372
12766	1867	510	338	50923	0	53638
12767	758	454	50399	1660	0	53271
12768	523	49914	1468	810	0	52715
12769	432	1531	49705	583	0	52251
12770	437	847	1422	48263	0	50969
12771	458	615	654	50035	0	51762
12772	47936	444	505	1898	0	50783
12773	1450	378	47245	933	0	50006
12774	601	45355	1338	631	0	47925
12775	548	1333	590	45013	0	47484
12776	526	616	385	45363	0	46890
12777	43516	488	305	1564	0	45873
12778	1314	43868	239	720	0	46141
12779	756	1174	187	41867	0	43984
12780	40388	545	192	1406	0	42531
12781	1048	40241	286	601	0	42176
12782	39043	1069	201	382	0	40695
12783	38949	469	257	351	0	40026
12784	1247	37866	249	356	0	39718
12785	33705	776	140	245	0	34866
12786	918	33776	137	199	0	35030
12787	33486	768	190	212	0	34656
12788	33520	287	164	235	0	34206
12789	871	32822	109	241	0	34043
12790	31329	654	95	273	0	32351
12791	32205	202	80	224	0	32711
12792	32172	222	81	209	0	32684
12793	865	176	31069	212	0	32322
12794	360	135	29383	141	0	30019
12795	238	148	29370	130	0	29886
12796	28891	162	847	180	0	30080
12797	715	118	28357	115	0	29305
12798	244	126	25007	68	0	25445
12799	255	197	575	23162	0	24189
12800	23510	72	201	491	0	24274
12801	492	84	23560	135	0	24271
12802	191	70	24259	115	0	24635
12803	213	81	536	23861	0	24691
12804	171	76	191	24333	0	24771
12805	167	63	130	24554	0	24914
12806	137	72	24035	588	0	24832
12807	168	59	470	23865	0	24562
12808	23653	63	168	606	0	24490
12809	496	23855	135	219	0	24705
12810	231	458	94	23880	0	24663
12811	209	144	83	24463	0	24899
12812	145	127	24726	580	0	25578
12813	130	24301	515	233	0	25179
12814	24395	532	164	205	0	25296
12815	565	24666	136	136	0	25503
12816	235	561	111	24636	0	25543
12817	195	168	24567	556	0	25486
12818	184	127	545	25288	0	26144
12819	161	120	188	25934	0	26403
12820	25938	78	173	739	0	26928
12821	654	74	131	25248	0	26107
12822	195	24969	147	702	0	26013
12823	176	26351	139	238	0	26904
12824	148	636	26139	211	0	27134
12825	26133	213	609	185	0	27140
12826	693	151	205	26442	0	27491
12827	285	98	199	26712	0	27294
12828	264	91	148	26852	0	27355
12829	26518	95	106	840	0	27559
12830	606	26729	127	397	0	27859
12831	26438	537	134	313	0	27422
12832	646	183	25279	197	0	26305
12833	264	144	25045	177	0	25630
12834	25523	107	642	220	0	26492
12835	680	93	313	25583	0	26669
12836	235	106	196	26113	0	26650
12837	224	82	152	26283	0	26741
12838	154	109	25848	770	0	26881
12839	25734	89	577	380	0	26780
12840	26286	86	196	334	0	26902
12841	25497	94	155	266	0	26012
12842	795	134	143	24824	0	25896
12843	316	109	24075	656	0	25156
12844	273	102	23605	289	0	24269
12845	207	94	24346	267	0	24914
12846	153	23237	653	240	0	24283
12847	375	458	436	20679	0	21948
12848	20520	116	136	467	0	21239
12849	411	88	20495	217	0	21211
12850	20734	58	398	194	0	21384
12851	448	52	175	20945	0	21620
12852	222	73	135	20924	0	21354
12853	160	20300	117	510	0	21087
12854	163	20738	125	245	0	21271
12855	136	21525	116	196	0	21973
12856	177	428	131	21517	0	22253
12857	21287	135	147	489	0	22058
12858	21531	80	126	275	0	22012
12859	509	76	21017	185	0	21787
12860	20849	64	406	234	0	21553
12861	479	66	20944	176	0	21665
12862	239	64	441	21006	0	21750
12863	167	63	21074	454	0	21758
12864	20875	69	431	245	0	21620
12865	466	78	191	21363	0	22098
12866	201	79	22037	486	0	22803
12867	177	106	20954	245	0	21482
12868	21091	59	497	231	0	21878
12869	21616	72	198	214	0	22100
12870	494	21719	154	210	0	22577
12871	248	361	118	22287	0	23014
12872	167	140	22161	458	0	22926
12873	178	125	21961	214	0	22478
12874	190	121	481	22219	0	23011
12875	22322	89	251	504	0	23166
12876	410	22067	176	231	0	22884
12877	228	366	134	22579	0	23307
12878	22551	138	105	520	0	23314
12879	463	104	130	22722	0	23419
12880	210	22660	152	503	0	23525
12881	207	332	122	23150	0	23811
12882	23037	134	137	469	0	23777
12883	492	104	115	23066	0	23777
12884	23275	105	144	467	0	23991
12885	427	23955	138	252	0	24772
12886	24124	314	174	271	0	24883
12887	472	126	23467	206	0	24271
12888	23276	98	413	221	0	24008
12889	24052	99	179	237	0	24567
12890	476	24235	162	204	0	25077
12891	284	354	149	23775	0	24562
12892	222	137	23653	367	0	24379
12893	201	126	22881	184	0	23392
12894	22208	168	451	247	0	23074
12895	22079	70	199	229	0	22577
12896	354	22283	139	219	0	22995
12897	191	22852	98	159	0	23300
12898	22688	308	97	187	0	23280
12899	367	22439	100	129	0	23035
12900	204	23220	137	116	0	23677
12901	226	265	111	23256	0	23858
12902	194	98	92	22966	0	23350
12903	162	97	23230	342	0	23831
12904	142	72	248	23134	0	23596
12905	23223	70	141	385	0	23819
12906	300	76	23104	188	0	23668
12907	226	82	22930	120	0	23358
12908	232	69	296	22922	0	23519
12909	217	78	132	23761	0	24188
12910	190	78	117	23914	0	24299
12911	153	66	23474	310	0	24003
12912	134	58	244	22123	0	22559
12913	155	76	122	23170	0	23523
12914	22567	64	85	280	0	22996
12915	196	22316	65	146	0	22723
12916	22419	141	77	130	0	22767
12917	225	84	22505	65	0	22879
12918	20474	27	141	94	0	20736
12919	160	22173	97	65	0	22495
12920	21417	72	45	66	0	21600
12921	94	21344	31	37	0	21506
12922	20818	81	61	50	0	21010
12923	73	20450	22	30	0	20575
12924	59	20546	43	49	0	20697
12925	95	101	72	20894	0	21162
12926	21098	40	35	112	0	21285
12927	21199	23	4	67	0	21293
12928	21394	22	1	73	0	21490
12929	139	39	20804	17	0	20999
12930	65	21	20959	9	0	21054
12931	66	9	108	21669	0	21852
12932	23	21829	57	98	0	22007
12933	18	22528	22	44	0	22612
12934	39	144	11	22263	0	22457
12935	22301	52	14	161	0	22528
12936	22459	34	6	87	0	22586
12937	22739	24	9	69	0	22841
12938	186	36	22491	13	0	22726
12939	103	14	126	22941	0	23184
12940	56	22	23324	148	0	23550
12941	23282	18	158	100	0	23558
12942	23830	13	61	87	0	23991
12943	217	18	23914	26	0	24175
12944	119	11	156	23945	0	24231
12945	24460	12	65	243	0	24780
12946	209	17	32	25144	0	25402
12947	109	16	19	25430	0	25574
12948	132	22	36	26333	0	26523
12949	28496	12	13	424	0	28945
12950	426	22	16	30156	0	30620
12951	31216	10	26	563	0	31815
12952	534	33472	33	197	0	34236
12953	243	507	27	34804	0	35581
12954	203	175	17	35112	0	35507
12955	144	111	25	34994	0	35274
12956	34547	43	27	877	0	35494
12957	641	39	20	34619	0	35319
12958	299	14	23	34953	0	35289
12959	35055	25	15	899	0	35994
12960	35466	22	14	426	0	35928
12961	35464	19	23	279	0	35785
12962	897	35	33995	185	0	35112
12963	441	57	32840	118	0	33456
12964	34777	28	674	175	0	35654
12965	738	18	268	34706	0	35730
12966	366	46	133	34120	0	34665
12967	34835	26	83	880	0	35824
12968	34382	23	61	479	0	34945
12969	34537	17	41	336	0	34931
12970	884	33590	58	241	0	34773
12971	33984	524	41	207	0	34756
12972	33621	174	34	212	0	34041
12973	867	33373	54	122	0	34416
12974	418	34118	69	99	0	34704
12975	382	629	41	34520	0	35572
12976	35250	230	52	662	0	36194
12977	35467	127	80	317	0	35991
12978	35467	73	40	247	0	35827
12979	995	66	25	34860	0	35946
12980	34991	37	27	778	0	35833
12981	876	70	34142	278	0	35366
12982	34240	63	541	288	0	35132
12983	865	65	34449	149	0	35528
12984	395	96	33613	145	0	34249
12985	382	93	671	33153	0	34299
12986	33697	47	287	740	0	34771
12987	751	63	155	33774	0	34743
12988	336	91	33753	781	0	34961
12989	303	61	33937	379	0	34680
12990	301	48	691	33771	0	34811
12991	33914	47	277	788	0	35026
12992	739	34367	206	348	0	35660
12993	408	513	129	35326	0	36376
12994	385	177	121	36100	0	36783
12995	260	128	36144	866	0	37398
12996	270	96	35305	421	0	36092
12997	247	65	779	36235	0	37326
12998	36405	51	350	869	0	37675
12999	777	59	36319	428	0	37583
13000	505	65	619	36163	0	37352
13001	391	71	268	36446	0	37176
13002	316	75	191	37273	0	37855
13003	35979	62	151	1056	0	37248
13004	814	144	33661	563	0	35182
13005	442	35777	481	443	0	37143
13006	388	635	213	36812	0	38048
13007	330	239	36754	847	0	38170
13008	321	35921	681	491	0	37414
13009	339	37359	320	372	0	38390
13010	37262	784	247	341	0	38634
13011	855	37461	196	384	0	38896
13012	38349	732	157	358	0	39596
13013	993	316	37765	280	0	39354
13014	568	213	736	38510	0	40027
13015	38704	120	295	1046	0	40165
13016	938	39289	230	517	0	40974
13017	587	760	39297	363	0	41007
13018	557	291	824	37000	0	38672
13019	387	39603	337	801	0	41128
13020	384	841	241	40634	0	42100
13021	40182	323	213	1121	0	41839
13022	1006	41350	189	497	0	43042
13023	41841	938	148	477	0	43404
13024	42508	332	165	400	0	43405
13025	1346	240	41847	290	0	43723
13026	718	43453	903	286	0	45360
13027	569	998	403	45578	0	47548
13028	432	349	46806	1145	0	48732
13029	436	228	49957	455	0	51076
13030	528	295	1459	50919	0	53201
13031	52447	138	628	1440	0	54653
13032	53114	108	401	633	0	54256
13033	1876	154	275	52240	0	54545
13034	758	143	52371	1487	0	54759
13035	539	52396	1334	651	0	54920
13036	53702	1267	485	578	0	56032
13037	54585	411	332	463	0	55791
13038	1783	54054	258	318	0	56413
13039	54664	1349	264	341	0	56618
13040	1662	556	53116	249	0	55583
13041	53296	330	1353	324	0	55303
13042	52212	279	522	429	0	53442
13043	1763	227	53191	238	0	55419
13044	989	172	1372	52400	0	54933
13045	589	174	52738	1385	0	54886
13046	518	50769	1471	565	0	53323
13047	381	52048	633	450	0	53512
13048	564	1659	387	48911	0	51521
13049	263	459	49138	1152	0	51012
13050	188	46283	1078	409	0	47958
13051	148	46879	377	284	0	47688
13052	42578	1129	331	340	0	44378
13053	43341	326	160	216	0	44043
13054	1098	225	146	43139	0	44608
13055	475	157	97	42846	0	43575
13056	259	43349	137	954	0	44699
13057	43183	858	110	465	0	44616
13058	43806	286	88	378	0	44558
13059	1045	43307	121	203	0	44676
13060	516	902	71	43772	0	45261
13061	282	322	43516	890	0	45010
13062	382	196	805	43481	0	44864
13063	43960	191	267	1095	0	45513
13064	1072	156	173	44226	0	45627
13065	452	132	155	45392	0	46131
13066	44996	134	139	1261	0	46530
13067	1076	105	118	44158	0	45457
13068	371	44096	159	1043	0	45669
13069	431	844	106	45080	0	46461
13070	351	308	122	45765	0	46546
13071	333	208	110	45052	0	45703
13072	222	44623	145	1212	0	46202
13073	279	950	96	44419	0	45744
13074	194	308	43689	1171	0	45362
13075	279	237	890	43609	0	45015
13076	223	224	43368	1161	0	44976
13077	224	42980	945	488	0	44637
13078	275	925	330	44022	0	45552
13079	267	344	233	44547	0	45391
13080	287	220	211	44628	0	45346
13081	267	221	222	44360	0	45070
13082	210	256	43130	1362	0	44958
13083	208	42631	969	641	0	44449
13084	265	937	320	44182	0	45704
13085	243	357	44102	1214	0	45916
13086	294	270	1009	44524	0	46097
13087	44619	203	390	1420	0	46632
13088	1087	263	43007	583	0	44940
13089	43240	188	983	552	0	44963
13090	1270	217	367	44301	0	46155
13091	548	255	44171	1213	0	46187
13092	411	43346	1069	565	0	45391
13093	434	1005	388	43540	0	45367
13094	378	387	44164	1220	0	46149
13095	304	43300	1151	585	0	45340
13096	377	1108	450	43683	0	45618
13097	43465	442	348	1404	0	45659
13098	44530	295	326	705	0	45856
13099	44715	286	314	554	0	45869
13100	1492	279	43416	500	0	45687
13101	705	44076	1117	416	0	46314
13102	558	1132	408	44404	0	46502
13103	464	449	311	46578	0	47802
13104	46171	332	280	1588	0	48371
13105	1269	46691	272	693	0	48925
13106	46482	1274	191	659	0	48606
13107	46427	467	249	582	0	47725
13108	47649	402	224	539	0	48814
13109	1655	325	45820	440	0	48240
13110	46217	260	1199	479	0	48155
13111	1650	254	395	46271	0	48570
13112	806	228	271	46525	0	47830
13113	45309	189	259	1650	0	47407
13114	1410	223	217	44438	0	46288
13115	574	43941	190	1476	0	46181
13116	499	1095	177	43559	0	45330
13117	42402	407	152	1550	0	44511
13118	1246	333	41584	750	0	43913
13119	492	41310	1062	614	0	43478
13120	560	1058	323	41106	0	43047
13121	40823	380	221	1390	0	42814
13122	1225	270	39944	615	0	42054
13123	696	822	1063	39046	0	41627
13124	582	252	38928	1257	0	41019
13125	440	180	37947	651	0	39218
13126	435	162	36261	447	0	37305
13127	313	123	35209	394	0	36039
13128	309	144	33464	325	0	34242
13129	27878	447	1285	291	0	29901
13130	525	28138	329	176	0	29168
13131	26882	367	211	189	0	27649
13132	26852	129	145	190	0	27316
13133	511	26573	126	105	0	27315
13134	209	27157	120	120	0	27606
13135	27066	439	131	166	0	27802
13136	27031	157	99	181	0	27468
13137	554	100	92	26199	0	26945
13138	228	26700	116	373	0	27417
13139	27079	359	100	256	0	27794
13140	425	26845	119	140	0	27529
13141	264	393	90	27105	0	27852
13142	27302	149	91	474	0	28016
13143	27305	111	79	250	0	27745
13144	557	110	90	27118	0	27875
13145	301	93	65	27427	0	27886
13146	210	87	26986	493	0	27776
13147	200	105	398	26634	0	27337
13148	155	102	27015	466	0	27738
13149	215	79	426	26065	0	26785
13150	186	74	171	26841	0	27272
13151	26503	64	131	614	0	27312
13152	26552	87	111	309	0	27059
13153	565	97	26063	157	0	26882
13154	25714	85	417	203	0	26419
13155	557	68	187	25997	0	26809
13156	291	77	26074	460	0	26902
13157	252	66	423	26055	0	26796
13158	247	67	179	27867	0	28360
13159	189	83	27628	623	0	28523
13160	227	63	508	28155	0	28953
13161	182	70	29247	619	0	30118
13162	213	103	594	30441	0	31351
13163	32398	74	236	842	0	33550
13164	753	32993	160	387	0	34293
13165	33637	695	116	331	0	34779
13166	888	34063	137	224	0	35312
13167	33767	824	116	252	0	34959
13168	929	33745	144	198	0	35016
13169	33457	848	143	272	0	34720
13170	943	33705	132	219	0	34999
13171	547	880	116	33688	0	35231
13172	374	397	33634	830	0	35235
13173	304	294	33459	397	0	34454
13174	356	234	967	33242	0	34799
13175	33110	179	460	916	0	34665
13176	911	33375	279	439	0	35004
13177	567	833	193	33538	0	35131
13178	350	448	33380	910	0	35088
13179	269	300	33766	457	0	34792
13180	339	340	1078	31905	0	33662
13181	223	33522	531	861	0	35137
13182	33492	819	340	487	0	35138
13183	918	406	34004	338	0	35666
13184	435	324	33160	278	0	34197
13185	282	33404	1072	280	0	35038
13186	32833	881	688	286	0	34688
13187	33133	364	374	275	0	34146
13188	1141	250	275	32581	0	34247
13189	32928	212	227	917	0	34284
13190	32674	188	222	453	0	33537
13191	1105	32337	259	291	0	33992
13192	32526	779	250	242	0	33797
13193	1017	402	32651	179	0	34249
13194	642	251	806	31929	0	33628
13195	442	270	369	32402	0	33483
13196	31913	166	265	1058	0	33402
13197	926	31608	238	493	0	33265
13198	31426	754	220	388	0	32788
13199	963	31907	168	231	0	33269
13200	553	32158	144	226	0	33081
13201	483	979	31024	187	0	32673
13202	382	486	30239	246	0	31353
13203	28769	394	862	255	0	30280
13204	29388	266	405	222	0	30281
13205	917	245	28309	151	0	29622
13206	532	27115	607	124	0	28378
13207	327	28204	317	118	0	28966
13208	27894	760	254	175	0	29083
13209	28042	422	193	155	0	28812
13210	883	316	169	27814	0	29182
13211	28458	234	173	638	0	29503
13212	849	173	213	28120	0	29355
13213	451	199	28113	658	0	29421
13214	364	225	26908	339	0	27836
13215	27857	178	769	294	0	29098
13216	751	210	393	27574	0	28928
13217	465	29503	261	553	0	30782
13218	30219	592	208	409	0	31428
13219	30423	304	223	308	0	31258
13220	850	271	30005	238	0	31364
13221	30465	190	647	256	0	31558
13222	31498	186	353	241	0	32278
13223	1051	137	271	30817	0	32276
13224	564	30081	273	665	0	31583
13225	507	31312	192	327	0	32338
13226	432	879	152	32309	0	33772
13227	474	468	183	31885	0	33010
13228	431	316	201	32570	0	33518
13229	437	220	31721	1007	0	33385
13230	405	235	30794	561	0	31995
13231	391	247	856	30999	0	32493
13232	372	250	31367	776	0	32765
13233	346	224	31111	459	0	32140
13234	317	231	971	30581	0	32100
13235	301	224	32480	871	0	33876
13236	283	31973	912	542	0	33710
13237	33443	735	505	503	0	35186
13238	835	422	373	32787	0	34417
13239	444	32897	338	791	0	34470
13240	350	801	33917	423	0	35491
13241	307	389	912	34089	0	35697
13242	255	266	35427	920	0	36868
13243	310	220	1067	35406	0	37003
13244	355	205	543	36784	0	37887
13245	320	192	37606	1211	0	39329
13246	364	221	966	37029	0	38580
13247	284	37072	553	1039	0	38948
13248	356	886	394	38885	0	40521
13249	298	446	38648	1095	0	40487
13250	330	338	947	38473	0	40088
13251	38162	188	499	1257	0	40106
13252	956	38222	406	699	0	40283
13253	555	888	307	38915	0	40665
13254	406	419	39467	1052	0	41344
13255	283	38241	943	629	0	40096
13256	270	39588	517	468	0	40843
13257	283	1111	38434	419	0	40247
13258	333	579	859	36842	0	38613
13259	406	480	509	36699	0	38094
13260	247	195	36583	1100	0	38125
13261	216	34175	788	602	0	35781
13262	176	34392	382	384	0	35334
13263	31154	594	248	220	0	32216
13264	416	31351	150	187	0	32104
13265	30842	481	107	171	0	31601
13266	510	221	63	30157	0	30951
13267	31704	143	83	599	0	32529
13268	494	106	31508	217	0	32325
13269	31427	100	414	245	0	32186
13270	560	105	210	32201	0	33076
13271	212	32563	162	471	0	33408
13272	33023	429	90	309	0	33851
13273	505	298	113	33117	0	34033
13274	214	33461	101	484	0	34260
13275	139	35643	108	235	0	36125
13276	35510	556	111	272	0	36449
13277	35994	263	52	211	0	36520
13278	36482	170	65	173	0	36890
13279	681	100	65	35350	0	36196
13280	272	34397	82	479	0	35230
13281	163	35721	85	233	0	36202
13282	135	527	81	35935	0	36678
13283	35662	226	86	587	0	36561
13284	34390	161	81	452	0	35084
13285	35688	114	62	275	0	36139
13286	652	132	34721	123	0	35628
13287	366	154	34506	133	0	35159
13288	37364	112	514	208	0	38198
13289	537	96	232	37514	0	38379
13290	299	89	141	37899	0	38428
13291	238	76	95	37453	0	37862
13292	172	77	90	37947	0	38286
13293	122	112	36796	740	0	37770
13294	140	87	469	36566	0	37262
13295	94	118	36631	634	0	37477
13296	34544	91	534	440	0	35609
13297	469	36661	264	265	0	37659
13298	289	467	170	37905	0	38831
13299	223	213	116	37668	0	38220
13300	37211	146	136	784	0	38277
13301	37132	119	130	455	0	37836
13302	37337	122	107	331	0	37897
13303	37309	127	88	307	0	37831
13304	746	133	36951	207	0	38037
13305	367	135	36112	211	0	36825
13306	291	110	594	36710	0	37705
13307	37198	111	324	649	0	38282
13308	37057	99	210	429	0	37795
13309	667	110	36642	276	0	37695
13310	402	73	517	36235	0	37227
13311	36518	111	259	683	0	37571
13312	567	137	173	36681	0	37558
13313	327	135	36920	662	0	38044
13314	312	130	487	36631	0	37560
13315	37162	129	236	742	0	38269
13316	539	39899	199	375	0	41012
13317	39798	490	125	409	0	40822
13318	40273	241	136	379	0	41029
13319	40696	156	159	325	0	41336
13320	801	145	111	40297	0	41354
13321	39723	129	93	665	0	40610
13322	613	40995	113	316	0	42037
13323	313	42430	109	231	0	43083
13324	303	793	75	41727	0	42898
13325	42073	355	81	746	0	43255
13326	725	44023	80	344	0	45172
13327	51671	744	94	348	0	52857
13328	55220	330	79	363	0	55992
13329	1595	57058	81	180	0	58914
13330	849	1258	82	57759	0	59948
13331	615	533	56	59430	0	60634
13332	409	328	59004	1705	0	61446
13333	649	260	1234	58201	0	60344
13334	460	243	58935	1630	0	61268
13335	380	57193	1381	831	0	59785
13336	416	1407	581	58353	0	60757
13337	55829	575	355	1898	0	58657
13338	57354	289	318	1138	0	59099
13339	1871	258	365	57170	0	59664
13340	752	270	55979	1664	0	58665
13341	52874	287	1367	1025	0	55553
13342	1489	53854	605	694	0	56642
13343	802	53519	304	585	0	55210
13344	629	54951	257	488	0	56325
13345	793	1614	313	52402	0	55122
13346	437	690	53832	1424	0	56383
13347	520	474	1292	53111	0	55397
13348	372	471	54051	1361	0	56255
13349	302	524	53406	684	0	54916
13350	251	517	55076	438	0	56282
13351	436	392	1679	52377	0	54884
13352	351	258	821	55554	0	56984
13353	284	230	654	56300	0	57468
13354	303	220	596	54874	0	55993
13355	54643	172	600	2075	0	57490
13356	1131	54221	599	1030	0	56981
13357	54454	1173	486	923	0	57036
13358	1255	55469	359	881	0	57964
13359	729	1256	279	56309	0	58573
13360	537	564	231	58573	0	59905
13361	57568	392	193	2218	0	60371
13362	58937	369	202	1152	0	60660
13363	59641	411	177	806	0	61035
13364	59562	385	172	760	0	60879
13365	59460	372	130	795	0	60757
13366	1968	58076	122	671	0	60837
13367	56639	1207	109	755	0	58710
13368	1854	56679	111	406	0	59050
13369	56845	1268	99	467	0	58679
13370	1956	627	55945	291	0	58819
13371	1264	488	1054	55246	0	58052
13372	878	57048	456	1141	0	59523
13373	820	1385	266	57227	0	59698
13374	710	778	56565	1316	0	59369
13375	784	532	1182	54091	0	56589
13376	53917	394	582	1699	0	56592
13377	1343	54143	456	952	0	56894
13378	697	55666	376	810	0	57549
13379	510	1693	56528	668	0	59399
13380	514	893	1273	55749	0	58429
13381	407	57726	720	1557	0	60410
13382	505	1391	456	59733	0	62085
13383	499	814	59884	1608	0	62805
13384	356	58439	1363	1001	0	61159
13385	386	1589	59026	697	0	61698
13386	460	915	58361	625	0	60361
13387	554	609	1625	58109	0	60897
13388	58958	592	835	1695	0	62080
13389	1403	521	614	59728	0	62266
13390	682	551	60326	1619	0	63178
13391	522	577	1628	60758	0	63485
13392	414	515	64411	1674	0	67014
13393	471	469	63954	1092	0	65986
13394	64447	409	2112	1090	0	68058
13395	68605	352	1027	1046	0	71030
13396	69080	271	862	1075	0	71288
13397	1879	274	67924	802	0	70879
13398	929	256	68350	759	0	70294
13399	757	212	2251	66704	0	69924
13400	802	218	1225	68701	0	70946
13401	68794	249	779	2115	0	71937
13402	1934	275	596	68785	0	71590
13403	1035	282	69478	1946	0	72741
13404	681	282	67083	1205	0	69251
13405	584	68641	2060	987	0	72272
13406	714	1337	952	70823	0	73826
13407	696	649	71700	1884	0	74929
13408	806	426	1739	70576	0	73547
13409	71240	352	987	2186	0	74765
13410	1625	370	72746	1122	0	75863
13411	979	324	1859	72408	0	75570
13412	779	375	939	74104	0	76197
13413	689	336	72712	2323	0	76060
13414	840	265	1789	71373	0	74267
13415	669	272	72254	2076	0	75271
13416	67335	284	1836	1364	0	70819
13417	1729	293	1052	68993	0	72067
13418	850	68526	734	1965	0	72075
13419	68730	1377	580	1402	0	72089
13420	68940	580	707	1072	0	71299
13421	2028	68094	651	908	0	71681
13422	1363	3938	600	62250	0	68151
13423	744	64422	454	1443	0	67063
13424	618	65519	360	896	0	67393
13425	1148	1652	62340	651	0	65791
13426	713	61420	1207	654	0	63994
13427	601	1058	53350	391	0	55400
13428	45401	460	613	314	0	46788
13429	46822	92	169	227	0	47310
13430	487	48186	108	102	0	48883
13431	155	48648	85	74	0	48962
13432	82	50910	86	76	0	51154
13433	51708	586	78	221	0	52593
13434	765	251	65	52971	0	54052
13435	173	141	55983	656	0	56953
13436	108	56194	823	202	0	57327
13437	182	809	185	57552	0	58728
13438	187	201	110	56878	0	57376
13439	59	62634	111	949	0	63753
13440	65506	1110	77	480	0	67173
13441	1310	291	66318	177	0	68096
13442	624	137	1329	74333	0	76423
13443	141	81005	339	1692	0	83177
13444	80649	1991	141	695	0	83476
13445	2070	548	80100	311	0	83029
13446	529	78198	1987	301	0	81015
13447	697	2142	477	79181	0	82497
13448	341	595	78794	1989	0	81719
13449	75915	354	2196	747	0	79212
13450	2302	361	576	77450	0	80689
13451	635	259	77690	2211	0	80795
13452	383	77036	2226	692	0	80337
13453	75673	2097	614	693	0	79077
13454	2021	77460	475	483	0	80439
13455	77313	2290	381	486	0	80470
13456	78784	760	219	466	0	80229
13457	2871	543	176	75947	0	79537
13458	926	74167	313	2126	0	77532
13459	721	2030	74405	587	0	77743
13460	749	610	2093	73907	0	77359
13461	1252	681	967	63108	0	66008
13462	568	339	485	75166	0	76558
13463	646	241	389	75012	0	76288
13464	548	226	265	75432	0	76471
13465	72896	309	276	3271	0	76752
13466	71429	301	272	1497	0	73499
13467	71801	286	242	1168	0	73497
13468	2679	70843	221	717	0	74460
13469	1145	2077	71344	504	0	75070
13470	844	672	71338	411	0	73265
13471	586	570	72661	421	0	74238
13472	669	530	2784	69365	0	73348
13473	575	347	1106	72130	0	74158
13474	598	312	722	72523	0	74155
13475	363	335	70169	3119	0	73986
13476	312	68572	2359	1525	0	72768
13477	334	2164	69651	1027	0	73176
13478	406	757	70541	792	0	72496
13479	642	555	2797	67585	0	71579
13480	530	546	68997	2433	0	72506
13481	704	472	2714	66645	0	70535
13482	66195	424	1156	2884	0	70659
13483	66395	449	817	1246	0	68907
13484	2813	410	64903	816	0	68942
13485	1274	387	2514	64043	0	68218
13486	908	420	64704	2702	0	68734
13487	673	64503	2670	1144	0	68990
13488	64162	2339	1123	1080	0	68704
13489	2545	874	64485	801	0	68705
13490	941	61857	2686	634	0	66118
13491	751	62673	1091	641	0	65156
13492	679	61327	865	720	0	63591
13493	635	2899	56985	688	0	61207
13494	756	1426	2446	53494	0	58122
13495	598	55426	969	2361	0	59354
13496	823	2553	787	55080	0	59243
13497	793	981	815	56690	0	59279
13498	53485	793	674	3201	0	58153
13499	2296	53896	652	1601	0	58445
13500	52871	2339	700	1337	0	57247
13501	2608	52086	656	1103	0	56453
13502	1209	54713	621	926	0	57469
13503	906	2857	52230	825	0	56818
13504	838	1353	2443	51645	0	56279
13505	717	1129	51469	2568	0	55883
13506	584	50707	2649	1346	0	55286
13507	773	2408	50475	1075	0	54731
13508	774	996	51280	1033	0	54083
13509	687	50158	2930	1015	0	54790
13510	47708	2612	1289	1006	0	52615
13511	2260	48936	1186	1025	0	53407
13512	48828	2614	1066	977	0	53485
13513	2606	1244	48573	917	0	53340
13514	1142	844	49388	992	0	52366
13515	788	48020	2937	993	0	52738
13516	47132	2451	1291	1033	0	51907
13517	2494	47346	1197	945	0	51982
13518	1137	2498	1064	47715	0	52414
13519	48155	1115	937	2514	0	52721
13520	2603	1010	47846	1013	0	52472
13521	1025	871	2819	47999	0	52714
13522	47120	744	1302	2723	0	51889
13523	2575	47035	1076	1185	0	51871
13524	1121	2409	925	47520	0	51975
13525	872	935	46889	2916	0	51612
13526	46562	777	2537	1311	0	51187
13527	2420	760	1328	46879	0	51387
13528	778	773	45737	2758	0	50046
13529	816	617	2665	44277	0	48375
13530	704	44907	1134	2678	0	49423
13531	609	2258	44867	1424	0	49158
13532	832	818	2406	42138	0	46194
13533	40064	656	989	2422	0	44131
13534	2348	634	820	38594	0	42396
13535	35177	472	662	2058	0	38369
13536	1945	34870	694	935	0	38444
13537	34122	1760	647	796	0	37325
13538	1850	809	33279	684	0	36622
13539	771	635	28604	485	0	30495
13540	610	445	25013	329	0	26397
13541	524	23057	1903	400	0	25884
13542	639	294	1425	8556	0	10914
13543	90	80	115	8417	0	8702
13544	66	38	52	8306	0	8462
13545	39	31	41	8483	0	8594
13546	30	33	8351	197	0	8611
13547	7922	29	163	85	0	8199
13548	154	8389	59	50	0	8652
13549	8273	143	40	55	0	8511
13550	161	48	30	8247	0	8486
13551	50	8365	34	147	0	8596
13552	34	154	30	8549	0	8767
13553	8447	48	29	175	0	8699
13554	141	8826	36	47	0	9050
13555	8791	157	20	65	0	9033
13556	8769	39	40	41	0	8889
13557	163	47	28	8881	0	9119
13558	61	40	8886	138	0	9125
13559	8688	43	174	51	0	8956
13560	158	32	38	9273	0	9501
13561	9395	29	30	169	0	9623
13562	9796	28	28	66	0	9918
13563	9782	21	25	58	0	9886
13564	186	27	9688	43	0	9944
13565	98	19	139	9490	0	9746
13566	9612	19	45	172	0	9848
13567	184	31	9977	66	0	10258
13568	81	9966	151	42	0	10240
13569	119	161	51	9322	0	9653
13570	55	44	9929	143	0	10171
13571	45	34	9830	58	0	9967
13572	74	73	154	9725	0	10026
13573	71	15	69	10086	0	10241
13574	34	20	44	10223	0	10321
13575	37	20	36	10058	0	10151
13576	29	28	10037	163	0	10257
13577	26	10113	154	73	0	10366
13578	41	114	51	10388	0	10594
13579	10547	31	37	176	0	10791
13580	10450	17	35	103	0	10605
13581	10589	26	22	68	0	10705
13582	155	18	26	10485	0	10684
13583	62	48	30	10352	0	10492
13584	42	9810	28	152	0	10032
13585	47	10245	15	59	0	10366
13586	83	159	29	10084	0	10355
13587	10042	62	23	174	0	10301
13588	10074	18	9	72	0	10173
13589	10040	8	29	40	0	10117
13590	10053	28	13	49	0	10143
13591	10128	27	10	60	0	10225
13592	108	10107	22	44	0	10281
13593	58	81	12	10359	0	10510
13594	10671	26	13	123	0	10833
13595	10866	9	10	68	0	10953
13596	131	17	3	10789	0	10940
13597	70	14	7	10952	0	11043
13598	47	27	11153	103	0	11330
13599	61	16	81	10863	0	11021
13600	52	18	22	11071	0	11163
13601	53	13	11689	117	0	11872
13602	62	28	68	11572	0	11730
13603	38	12063	29	116	0	12246
13604	32	74	12114	54	0	12274
13605	26	12183	81	54	0	12344
13606	54	77	34	11987	0	12152
13607	39	31	22	12223	0	12315
13608	31	12037	21	104	0	12193
13609	24	12346	21	46	0	12437
13610	12658	76	30	65	0	12829
13611	12617	38	22	46	0	12723
13612	86	29	12518	39	0	12672
13613	13007	11	66	109	0	13193
13614	13886	22	27	77	0	14012
13615	13992	20	13	70	0	14095
13616	13978	21	32	47	0	14078
13617	111	30	13484	28	0	13653
13618	73	31	12704	33	0	12841
13619	13998	8	73	57	0	14136
13620	95	14377	39	36	0	14547
13621	60	51	14459	17	0	14587
13622	14561	25	59	48	0	14693
13623	14750	8	27	47	0	14832
13624	96	13	14570	15	0	14694
13625	14710	16	81	31	0	14838
13626	112	13	42	16412	0	16579
13627	47	39	17250	73	0	17409
13628	16410	14	86	92	0	16602
13629	90	17628	48	43	0	17809
13630	18472	69	22	90	0	18653
13631	21306	30	25	237	0	21598
13632	147	13	15	21658	0	21833
13633	101	12	22	21638	0	21773
13634	50	14	28	22243	0	22335
13635	22338	13	15	164	0	22530
13636	23265	17	10	119	0	23411
13637	168	12	14	23409	0	23603
13638	120	14	4	23348	0	23486
13639	47	25	23055	178	0	23305
13640	22199	11	113	149	0	22472
13641	142	16	52	23885	0	24095
13642	93	24	23	23885	0	24025
13643	62	23477	17	204	0	23760
13644	62	124	7	24001	0	24194
13645	61	47	10	23918	0	24036
13646	23726	30	21	231	0	24008
13647	158	24104	23	121	0	24406
13648	105	130	3	24689	0	24927
13649	92	61	6	24553	0	24712
13650	72	41	10	24793	0	24916
13651	38	33	24727	258	0	25056
13652	80	18	136	24379	0	24613
13653	24487	19	58	269	0	24833
13654	183	37	24412	118	0	24750
13655	115	19	143	24988	0	25265
13656	63	23	64	25638	0	25788
13657	25603	15	46	338	0	26002
13658	25191	14	39	217	0	25461
13659	238	25	25324	104	0	25691
13660	23864	24	152	160	0	24200
13661	214	37	25112	59	0	25422
13662	25104	20	171	127	0	25422
13663	214	27051	97	84	0	27446
13664	28000	183	43	122	0	28348
13665	261	28067	36	82	0	28446
13666	29065	248	35	127	0	29475
13667	282	29534	42	65	0	29923
13668	161	262	32	30408	0	30863
13669	138	83	29	30396	0	30646
13670	104	67	22	30356	0	30549
13671	69	29687	29	368	0	30153
13672	89	239	30	30199	0	30557
13673	56	30192	35	322	0	30605
13674	88	276	24	30734	0	31122
13675	30773	94	23	382	0	31272
13676	30534	76	21	213	0	30844
13677	342	30251	42	124	0	30759
13678	191	275	21	30814	0	31301
13679	30502	102	25	357	0	30986
13680	294	30756	41	140	0	31231
13681	131	31199	32	132	0	31494
13682	31444	366	17	164	0	31991
13683	31659	166	23	149	0	31997
13684	384	31418	21	84	0	31907
13685	31723	307	14	140	0	32184
13686	418	145	10	31822	0	32395
13687	162	136	33400	339	0	34037
13688	33458	68	317	277	0	34120
13689	34217	56	115	220	0	34608
13690	537	90	34298	81	0	35006
13691	34737	58	337	209	0	35341
13692	35633	55	130	229	0	36047
13693	37095	57	98	220	0	37470
13694	633	36596	66	85	0	37380
13695	37464	425	32	178	0	38099
13696	37860	176	34	183	0	38253
13697	692	141	49	37614	0	38496
13698	448	87	27	37885	0	38447
13699	293	80	24	38595	0	38992
13700	38577	66	38	779	0	39460
13701	591	78	29	38156	0	38854
13702	38483	77	40	690	0	39290
13703	38886	72	38	402	0	39398
13704	780	86	32	38733	0	39631
13705	480	85	32	39924	0	40521
13706	329	74	29	40551	0	40983
13707	40472	79	21	942	0	41514
13708	670	40287	48	401	0	41406
13709	391	551	32	41627	0	42601
13710	336	221	26	42556	0	43139
13711	41876	143	32	1022	0	43073
13712	42181	98	30	576	0	42885
13713	939	117	40672	300	0	42028
13714	494	142	40708	235	0	41579
13715	43096	92	779	299	0	44266
13716	1000	79	298	44065	0	45442
13717	580	88	139	49578	0	50385
13718	355	125	49323	1404	0	51207
13719	395	140	1017	48640	0	50192
13720	244	48587	351	1295	0	50477
13721	259	50770	201	474	0	51704
13722	49484	1270	108	488	0	51350
13723	1223	479	48845	293	0	50840
13724	493	50035	982	291	0	51801
13725	530	1097	292	50849	0	52768
13726	330	396	49935	1210	0	51871
13727	418	271	1095	48520	0	50304
13728	392	181	349	49580	0	50502
13729	289	161	48903	1491	0	50844
13730	263	48674	1144	646	0	50727
13731	393	1085	373	46633	0	48484
13732	46595	359	294	1354	0	48602
13733	47028	249	203	649	0	48129
13734	47114	165	159	521	0	47959
13735	1529	45945	203	349	0	48026
13736	45719	1086	152	376	0	47333
13737	1438	415	163	45639	0	47655
13738	542	294	44770	1271	0	46877
13739	44310	174	1008	668	0	46160
13740	1261	45397	367	468	0	47493
13741	619	1041	248	45501	0	47409
13742	474	395	172	45813	0	46854
13743	356	44944	214	1406	0	46920
13744	440	1164	169	46161	0	47934
13745	457	403	175	46864	0	47899
13746	480	287	164	47724	0	48655
13747	46045	259	182	1759	0	48245
13748	46221	198	180	946	0	47545
13749	1474	273	45761	599	0	48107
13750	759	280	1083	45760	0	47882
13751	600	203	392	47431	0	48626
13752	472	223	328	47825	0	48848
13753	46500	216	225	1858	0	48799
13754	1356	253	45135	808	0	47552
13755	44799	226	1112	711	0	46848
13756	46615	174	413	657	0	47859
13757	1652	193	332	46130	0	48307
13758	46286	167	212	1633	0	48298
13759	1537	204	44345	780	0	46866
13760	44492	194	1038	774	0	46498
13761	1567	47983	410	581	0	50541
13762	796	1087	47443	454	0	49780
13763	601	490	47981	436	0	49508
13764	672	481	1365	46935	0	49453
13765	513	236	47877	1439	0	50065
13766	45968	212	1306	839	0	48325
13767	1328	46187	478	629	0	48622
13768	46670	1119	360	605	0	48754
13769	1452	434	274	47146	0	49306
13770	661	272	46863	1435	0	49231
13771	482	257	46727	779	0	48245
13772	570	287	1316	47180	0	49353
13773	47577	199	559	1600	0	49935
13774	1270	46494	398	838	0	49000
13775	601	48811	300	712	0	50424
13776	48368	1237	327	769	0	50701
13777	1343	48815	351	557	0	51066
13778	49262	1205	312	615	0	51394
13779	1534	500	298	48986	0	51318
13780	48813	308	283	1400	0	50804
13781	1610	271	276	48775	0	50932
13782	49114	248	307	1494	0	51163
13783	1467	207	334	48800	0	50808
13784	701	48036	337	1419	0	50493
13785	48370	1035	306	785	0	50496
13786	1303	48226	276	702	0	50507
13787	639	1134	45400	425	0	47598
13788	579	453	1097	44483	0	46612
13789	456	46411	403	1046	0	48316
13790	45195	1082	294	593	0	47164
13791	45105	436	291	500	0	46332
13792	1406	44480	285	351	0	46522
13793	544	1052	43759	385	0	45740
13794	549	370	1019	42932	0	44870
13795	405	42480	444	1127	0	44456
13796	439	1036	319	44279	0	46073
13797	520	380	245	44781	0	45926
13798	43847	350	188	1368	0	45753
13799	1179	43442	236	545	0	45402
13800	560	1006	164	44323	0	46053
13801	44242	422	197	1256	0	46117
13802	44386	303	172	649	0	45510
13803	43996	312	181	536	0	45025
13804	1541	275	193	43277	0	45286
13805	42381	220	154	1121	0	43876
13806	1201	42006	187	453	0	43847
13807	41745	890	161	486	0	43282
13808	1078	42148	173	379	0	43778
13809	42123	890	155	419	0	43587
13810	41955	342	123	414	0	42834
13811	1252	445	162	41237	0	43096
13812	591	205	42240	927	0	43963
13813	547	256	40956	370	0	42129
13814	390	41906	776	306	0	43378
13815	40346	763	412	371	0	41892
13816	885	277	39872	196	0	41230
13817	31881	113	292	152	0	32438
13818	357	32831	102	81	0	33371
13819	176	34169	80	80	0	34505
13820	175	386	68	35228	0	35857
13821	113	35969	62	285	0	36429
13822	118	408	36816	123	0	37465
13823	230	171	346	35845	0	36592
13824	95	37693	114	389	0	38291
13825	142	449	78	38239	0	38908
13826	38186	166	62	641	0	39055
13827	545	159	69	38298	0	39071
13828	209	142	38913	568	0	39832
13829	147	39238	510	267	0	40162
13830	217	588	185	39442	0	40432
13831	187	218	142	39770	0	40317
13832	158	185	92	40448	0	40883
13833	39481	142	75	895	0	40593
13834	39027	102	93	484	0	39706
13835	703	151	39182	245	0	40281
13836	361	117	38618	175	0	39271
13837	198	39716	661	196	0	40771
13838	40605	579	250	279	0	41713
13839	702	229	165	40645	0	41741
13840	333	157	118	40862	0	41470
13841	303	117	101	41092	0	41613
13842	253	103	91	41195	0	41642
13843	184	155	39697	907	0	40943
13844	38668	92	554	554	0	39868
13845	760	77	191	44065	0	45093
13846	320	121	43662	909	0	45012
13847	43865	101	792	518	0	45276
13848	48233	64	301	399	0	48997
13849	1250	114	53061	239	0	54664
13850	677	103	54902	157	0	55839
13851	583	112	1481	54197	0	56373
13852	55037	78	572	1447	0	57134
13853	56138	68	346	615	0	57167
13854	1751	95	265	54322	0	56433
13855	805	70	277	55893	0	57045
13856	426	97	54939	1647	0	57109
13857	543	139	1311	54013	0	56006
13858	416	119	54274	1589	0	56398
13859	51984	86	1397	862	0	54329
13860	1341	54213	600	562	0	56716
13861	52087	1130	317	508	0	54042
13862	1411	51977	336	339	0	54063
13863	51634	1339	360	354	0	53687
13864	1681	452	223	50469	0	52825
13865	853	292	156	51502	0	52803
13866	51153	237	131	1718	0	53239
13867	51690	178	114	833	0	52815
13868	51800	164	137	623	0	52724
13869	52169	115	136	520	0	52940
13870	2024	124	49968	378	0	52494
13871	49871	88	1290	473	0	51722
13872	51499	108	456	407	0	52470
13873	51525	101	305	336	0	52267
13874	2300	103	228	49504	0	52135
13875	48349	87	235	1563	0	50234
13876	1826	47847	315	583	0	50571
13877	1144	1189	233	48260	0	50826
13878	982	371	226	49429	0	51008
13879	714	285	47619	1862	0	50480
13880	796	183	1368	46918	0	49265
13881	604	47596	527	1793	0	50520
13882	47036	1313	389	1003	0	49741
13883	1673	47472	369	751	0	50265
13884	47807	1443	301	824	0	50375
13885	2014	555	283	47698	0	50550
13886	47053	393	302	1811	0	49559
13887	1833	46297	288	873	0	49291
13888	46839	1455	282	763	0	49339
13889	47667	635	247	589	0	49138
13890	2296	466	209	46134	0	49105
13891	1291	344	195	47398	0	49228
13892	994	353	45638	1957	0	48942
13893	947	335	1308	45821	0	48411
13894	880	277	435	46757	0	48349
13895	801	251	44967	2162	0	48181
13896	850	192	1423	45684	0	48149
13897	722	198	44847	2048	0	47815
13898	44553	136	1585	1112	0	47386
13899	1974	181	673	44742	0	47570
13900	1066	196	43638	1823	0	46723
13901	43721	202	1540	944	0	46407
13902	2117	181	633	43999	0	46930
13903	1076	206	43724	1887	0	46893
13904	43738	173	1494	1151	0	46556
13905	2016	183	662	44079	0	46940
13906	1044	216	502	44927	0	46689
13907	43978	181	420	2324	0	46903
13908	2021	187	368	43394	0	45970
13909	1031	207	436	44198	0	45872
13910	933	223	347	42871	0	44374
13911	790	41606	319	2254	0	44969
13912	40493	1300	285	1317	0	43395
13913	41343	542	293	994	0	43172
13914	2229	375	260	40105	0	42969
13915	40311	287	213	2020	0	42831
13916	40657	260	268	1154	0	42339
13917	40969	287	253	907	0	42416
13918	33131	333	414	1187	0	35065
13919	39664	170	327	854	0	41015
13920	2388	196	35792	762	0	39138
13921	1287	172	34814	747	0	37020
13922	34303	157	1516	695	0	36671
13923	1851	33369	687	760	0	36667
13924	946	1082	487	32755	0	35270
13925	787	362	32467	1536	0	35152
13926	694	261	32675	840	0	34470
13927	746	598	1575	31532	0	34451
13928	31230	300	886	1617	0	34033
13929	1528	195	449	31150	0	33322
13930	814	200	30676	1537	0	33227
13931	31755	112	1228	919	0	34014
13932	1552	141	575	31961	0	34229
13933	929	100	419	32726	0	34174
13934	816	96	332	33089	0	34333
13935	763	100	260	32620	0	33743
13936	648	133	30667	1937	0	33385
13937	721	97	1069	31009	0	32896
13938	30581	114	462	1768	0	32925
13939	1402	100	29097	1080	0	31679
13940	29805	136	1067	893	0	31901
13941	31095	150	466	736	0	32447
13942	31111	136	364	699	0	32310
13943	30659	114	330	642	0	31745
13944	1879	28664	295	648	0	31486
13945	815	25009	201	430	0	26455
13946	702	25777	269	370	0	27118
13947	23215	1176	834	574	0	25799
13948	1093	265	20858	383	0	22599
13949	13903	269	627	167	0	14966
13950	562	83	169	12902	0	13716
13951	12916	33	81	397	0	13427
13952	381	34	77	12885	0	13377
13953	12879	30	70	418	0	13397
13954	387	20	60	12845	0	13312
13955	227	17	63	13283	0	13590
13956	12379	21	72	430	0	12902
13957	383	14025	53	209	0	14670
13958	201	244	13777	152	0	14374
13959	166	13613	269	138	0	14186
13960	125	214	12764	90	0	13193
13961	160	235	239	11926	0	12560
13962	12155	48	151	225	0	12579
13963	203	40	45	11920	0	12208
13964	11832	28	29	217	0	12106
13965	228	12623	36	97	0	12984
13966	124	153	12885	77	0	13239
13967	106	12696	155	71	0	13028
13968	89	12943	59	63	0	13154
13969	12201	135	76	67	0	12479
13970	11894	44	42	56	0	12036
13971	152	11960	24	45	0	12181
13972	70	125	16	12162	0	12373
13973	61	39	26	12272	0	12398
13974	12277	29	27	173	0	12506
13975	152	28	12323	59	0	12562
13976	75	34	12148	51	0	12308
13977	78	15	134	12361	0	12588
13978	39	28	12605	150	0	12822
13979	12245	26	139	71	0	12481
13980	12726	21	52	78	0	12877
13981	168	12692	40	53	0	12953
13982	83	135	13072	36	0	13326
13983	80	48	144	13016	0	13288
13984	64	31	14018	156	0	14269
13985	63	22	156	13924	0	14165
13986	14142	20	54	203	0	14419
13987	161	14572	43	96	0	14872
13988	86	155	15504	56	0	15801
13989	51	15717	163	57	0	15988
13990	58	16510	79	52	0	16699
13991	16859	183	49	96	0	17187
13992	16654	72	34	88	0	16848
13993	218	43	16732	63	0	17056
13994	103	17389	153	61	0	17706
13995	95	164	72	17817	0	18148
13996	64	60	57	17908	0	18089
13997	70	46	36	17702	0	17854
13998	70	44	18108	235	0	18457
13999	89	27	167	17940	0	18223
14000	81	30	73	18879	0	19063
14001	19192	40	46	266	0	19544
14002	19248	39	35	171	0	19493
14003	19594	28	38	130	0	19790
14004	19445	43	22	122	0	19632
14005	19436	40	35	90	0	19601
14006	254	19098	54	53	0	19459
14007	19060	149	19	79	0	19307
14008	206	72	19032	35	0	19345
14009	119	84	129	19044	0	19376
14010	19462	31	49	198	0	19740
14011	171	19489	46	73	0	19779
14012	20080	130	48	113	0	20371
14013	20785	68	18	131	0	21002
14014	208	50	23	21303	0	21584
14015	129	34	33	21532	0	21728
14016	89	23310	37	198	0	23634
14017	91	151	26	24300	0	24568
14018	71	87	25108	186	0	25452
14019	97	56	158	25361	0	25672
14020	63	43	25608	207	0	25921
14021	24556	35	195	167	0	24953
14022	243	23	74	26216	0	26556
14023	110	51	26891	195	0	27247
14024	74	25846	213	127	0	26260
14025	48	26447	106	75	0	26676
14026	26583	180	83	108	0	26954
14027	217	99	55	26571	0	26942
14028	89	54	28581	160	0	28884
14029	50	28638	163	101	0	28952
14030	57	176	29210	37	0	29480
14031	28427	77	160	129	0	28793
14032	28948	36	69	118	0	29171
14033	29271	25	50	96	0	29442
14034	224	32	39	29366	0	29661
14035	98	46	29366	143	0	29653
14036	74	29419	162	68	0	29723
14037	103	125	70	30160	0	30458
14038	73	79	29522	154	0	29828
14039	75	87	28258	77	0	28497
14040	66	33	200	29849	0	30148
14041	30538	28	92	237	0	30895
14042	161	35	61	30495	0	30752
14043	105	33	57	30947	0	31142
14044	53	42	31518	213	0	31826
14045	108	25	173	31232	0	31538
14046	107	15	74	31470	0	31666
14047	53	19	32312	236	0	32620
14048	67	41	31530	115	0	31753
14049	90	20	203	32234	0	32547
14050	53	29	33074	201	0	33357
14051	69	19	195	32960	0	33243
14052	33324	15	112	300	0	33751
14053	150	34518	96	135	0	34899
14054	107	143	74	35444	0	35768
14055	56	72	34898	186	0	35212
14056	31347	40	175	275	0	31837
14057	171	33362	111	99	0	33743
14058	34192	155	54	173	0	34574
14059	205	70	45	34269	0	34589
14060	130	50	57	34062	0	34299
14061	34961	30	57	379	0	35427
14062	191	53	35112	117	0	35473
14063	34316	29	185	157	0	34687
14064	212	45	77	35617	0	35951
14065	35015	14	54	315	0	35398
14066	35044	22	65	214	0	35345
14067	312	28	50	35484	0	35874
14068	143	35913	76	263	0	36395
14069	37099	229	43	253	0	37624
14070	37134	81	47	222	0	37484
14071	406	58	37389	78	0	37931
14072	36758	44	288	184	0	37274
14073	386	52	108	37762	0	38308
14074	177	37840	85	306	0	38408
14075	149	293	73	37909	0	38424
14076	114	37742	76	316	0	38248
14077	38122	306	60	271	0	38759
14078	39255	105	55	200	0	39615
14079	510	97	44	43220	0	43871
14080	212	81	42805	515	0	43613
14081	163	121	41993	259	0	42536
14082	195	49	638	44711	0	45593
14083	44911	37	306	748	0	46002
14084	47071	48	170	457	0	47746
14085	866	47477	144	177	0	48664
14086	502	645	96	47995	0	49238
14087	232	329	48704	734	0	49999
14088	171	188	49673	378	0	50410
14089	320	171	1135	53254	0	54880
14090	57039	78	502	1346	0	58965
14091	1396	54	201	58071	0	59722
14092	489	68	57260	1457	0	59274
14093	57007	45	1291	730	0	59073
14094	1448	44	546	57393	0	59431
14095	687	42	356	58214	0	59299
14096	509	51	180	57874	0	58614
14097	273	56799	171	1878	0	59121
14098	273	1205	56832	804	0	59114
14099	196	472	57619	584	0	58871
14100	310	234	1711	57470	0	59725
14101	182	159	57836	1463	0	59640
14102	56391	105	1605	859	0	58960
14103	1490	92	635	57259	0	59476
14104	706	94	403	57685	0	58888
14105	470	130	322	57626	0	58548
14106	237	56810	388	1942	0	59377
14107	57714	1236	283	1032	0	60265
14108	1520	438	177	57883	0	60018
14109	57007	245	207	1905	0	59364
14110	1559	57244	154	867	0	59824
14111	57135	1393	186	753	0	59467
14112	55439	537	258	670	0	56904
14113	56919	303	194	648	0	58064
14114	2019	54347	234	459	0	57059
14115	1002	55532	222	367	0	57123
14116	52925	1621	176	494	0	55216
14117	1643	53492	150	393	0	55678
14118	730	1558	51710	426	0	54424
14119	550	50346	1261	417	0	52574
14120	431	52638	514	357	0	53940
14121	51648	1728	357	417	0	54150
14122	1520	833	50877	292	0	53522
14123	721	584	50638	231	0	52174
14124	669	413	1701	49808	0	52591
14125	38934	331	12635	1501	0	53401
14126	1382	261	50871	633	0	53147
14127	812	298	1526	50392	0	53028
14128	447	385	48651	1516	0	50999
14129	443	323	47797	744	0	49307
14130	46502	278	1813	643	0	49236
14131	1550	288	47906	338	0	50082
14132	830	234	1696	47025	0	49785
14133	637	320	799	47218	0	48974
14134	426	46509	598	1771	0	49304
14135	459	48303	483	866	0	50111
14136	535	1642	504	47023	0	49704
14137	345	758	47335	1605	0	50043
14138	509	464	1473	47278	0	49724
14139	415	350	733	48587	0	50085
14140	358	323	48180	2057	0	50918
14141	363	270	1544	48931	0	51108
14142	48727	310	886	2055	0	51978
14143	1502	316	48484	960	0	51262
14144	47979	265	1637	843	0	50724
14145	1806	223	928	48054	0	51011
14146	890	187	680	49529	0	51286
14147	614	48569	547	2210	0	51940
14148	561	1478	558	49534	0	52131
14149	532	652	456	51410	0	53050
14150	49969	411	511	2476	0	53367
14151	1689	328	568	50634	0	53219
14152	949	308	419	51600	0	53276
14153	48771	303	480	2643	0	52197
14154	1762	282	547	49604	0	52195
14155	938	328	499	48300	0	50065
14156	722	48172	486	2411	0	51791
14157	48870	1438	513	1465	0	52286
14158	1886	631	375	49209	0	52101
14159	972	464	320	50596	0	52352
14160	697	422	48328	2548	0	51995
14161	626	411	1546	48542	0	51125
14162	522	325	757	50004	0	51608
14163	47437	291	520	2748	0	50996
14164	48467	374	432	1519	0	50792
14165	2172	345	405	48154	0	51076
14166	1093	322	46590	2133	0	50138
14167	803	44921	1552	1205	0	48481
14168	606	46409	825	1033	0	48873
14169	678	1773	633	46118	0	49202
14170	45754	831	423	1962	0	48970
14171	1760	511	314	46224	0	48809
14172	46205	392	232	2200	0	49029
14173	1765	393	284	47076	0	49518
14174	971	340	379	47565	0	49255
14175	45847	382	257	2333	0	48819
14176	45897	407	288	1345	0	47937
14177	2198	45145	258	934	0	48535
14178	1150	46813	237	766	0	48966
14179	675	1417	189	41388	0	43669
14180	579	650	235	42306	0	43770
14181	458	476	40387	1635	0	42956
14182	37082	346	1030	989	0	39447
14183	1189	38455	455	716	0	40815
14184	473	37166	305	453	0	38397
14185	35772	963	406	516	0	37657
14186	1048	375	35661	378	0	37462
14187	437	257	34476	404	0	35574
14188	438	277	31701	340	0	32756
14189	211	28601	613	193	0	29618
14190	263	226	461	25089	0	26039
14191	78	94	66	24982	0	25220
14192	91	56	48	25262	0	25457
14193	24847	38	37	389	0	25311
14194	24671	43	37	216	0	24967
14195	244	24886	52	132	0	25314
14196	141	203	32	25809	0	26185
14197	98	101	26269	239	0	26707
14198	76	26597	189	134	0	26996
14199	26369	213	76	185	0	26843
14200	219	89	26327	89	0	26724
14201	24188	53	223	163	0	24627
14202	222	59	26430	75	0	26786
14203	125	132	187	25904	0	26348
14204	75	26667	82	245	0	27069
14205	27027	181	50	212	0	27470
14206	213	27257	53	126	0	27649
14207	27099	211	42	154	0	27506
14208	263	81	31	27034	0	27409
14209	120	88	27781	240	0	28229
14210	131	38	194	28385	0	28748
14211	102	61	79	30673	0	30915
14212	89	68	30370	383	0	30910
14213	28974	41	328	294	0	29637
14214	340	30988	123	114	0	31565
14215	31016	333	57	184	0	31590
14216	368	31326	70	115	0	31879
14217	160	390	41	32456	0	33047
14218	106	139	31961	444	0	32650
14219	36265	75	405	257	0	37002
14220	696	37943	121	158	0	38918
14221	348	677	53	38121	0	39199
14222	257	217	61	39563	0	40098
14223	40763	156	52	984	0	41955
14224	42660	81	46	510	0	43297
14225	1080	43450	77	222	0	44829
14226	46181	921	51	255	0	47408
14227	46690	316	49	255	0	47310
14228	47249	196	49	268	0	47762
14229	1614	156	46611	126	0	48507
14230	698	45514	1021	165	0	47398
14231	383	47885	383	139	0	48790
14232	480	1355	196	45332	0	47363
14233	458	536	96	46919	0	48009
14234	46743	291	91	1447	0	48572
14235	1154	46485	108	576	0	48323
14236	47026	1181	80	363	0	48650
14237	1447	501	64	46158	0	48170
14238	688	287	51	47341	0	48367
14239	45974	194	72	1585	0	47825
14240	45695	146	68	741	0	46650
14241	1607	217	44070	354	0	46248
14242	901	203	1020	43735	0	45859
14243	439	160	43424	1176	0	45199
14244	333	199	42757	558	0	43847
14245	303	204	43531	320	0	44358
14246	41908	189	1523	369	0	43989
14247	1284	139	613	41890	0	43926
14248	646	111	331	41708	0	42796
14249	451	131	238	43072	0	43892
14250	325	122	42055	1518	0	44020
14251	399	100	1093	41858	0	43450
14252	421	93	457	43069	0	44040
14253	41874	77	237	1671	0	43859
14254	42392	96	194	869	0	43551
14255	42980	96	180	566	0	43822
14256	43069	80	213	435	0	43797
14257	1854	119	208	41576	0	43757
14258	42085	125	181	1366	0	43757
14259	1638	152	159	41828	0	43777
14260	847	180	39486	1411	0	41924
14261	40463	146	980	844	0	42433
14262	1467	40718	394	541	0	43120
14263	892	1097	255	40698	0	42942
14264	712	500	164	41087	0	42463
14265	533	40926	166	1577	0	43202
14266	40531	1153	163	881	0	42728
14267	1479	40243	165	562	0	42449
14268	821	1264	39766	388	0	42239
14269	666	580	40050	410	0	41706
14270	39388	376	1423	509	0	41696
14271	40660	281	626	518	0	42085
14272	1750	267	39390	402	0	41809
14273	38951	263	1267	462	0	40943
14274	1643	229	39114	375	0	41361
14275	38939	227	1377	467	0	41010
14276	1659	235	38981	434	0	41309
14277	955	180	39251	464	0	40850
14278	766	236	1619	36767	0	39388
14279	732	209	830	37121	0	38892
14280	37618	208	536	1762	0	40124
14281	37432	198	429	984	0	39043
14282	38054	165	474	691	0	39384
14283	38765	158	408	594	0	39925
14284	2039	36632	417	492	0	39580
14285	1237	1074	341	36577	0	39229
14286	886	36755	356	1400	0	39397
14287	858	1156	345	37072	0	39431
14288	773	507	377	37024	0	38681
14289	778	350	308	36964	0	38400
14290	669	321	35066	1947	0	38003
14291	34230	250	1233	1187	0	36900
14292	1539	33678	601	874	0	36692
14293	958	35358	426	723	0	37465
14294	780	1456	34999	635	0	37870
14295	791	645	1247	34818	0	37501
14296	728	395	632	35089	0	36844
14297	33993	314	430	1861	0	36598
14298	1629	304	392	33718	0	36043
14299	929	326	380	34269	0	35904
14300	773	275	442	34544	0	36034
14301	673	235	405	34863	0	36176
14302	32844	174	380	2136	0	35534
14303	33647	184	420	1132	0	35383
14304	33885	187	424	819	0	35315
14305	2094	182	397	33116	0	35789
14306	33245	186	393	1696	0	35520
14307	1743	171	391	33728	0	36033
14308	1100	172	432	34832	0	36536
14309	858	137	32512	1919	0	35426
14310	774	142	31833	1029	0	33778
14311	659	111	30531	731	0	32032
14312	29588	144	1627	650	0	32009
14313	1522	219	784	27909	0	30434
14314	884	28674	512	1316	0	31386
14315	29435	913	499	778	0	31625
14316	1493	401	28341	630	0	30865
14317	27401	243	1151	538	0	29333
14318	1502	26424	576	478	0	28980
14319	21352	595	281	314	0	22542
14320	1073	335	216	20776	0	22400
14321	20505	151	180	786	0	21622
14322	875	19408	161	488	0	20932
14323	473	18868	186	319	0	19846
14324	16136	519	237	235	0	17127
14325	566	15979	173	195	0	16913
14326	155	12566	59	100	0	12880
14327	177	12636	144	92	0	13049
14328	11791	349	359	71	0	12570
14329	11346	104	49	53	0	11552
14330	11351	76	21	48	0	11496
14331	288	73	18	11091	0	11470
14332	138	77	18	11256	0	11489
14333	112	58	11042	228	0	11440
14334	123	30	190	11075	0	11418
14335	90	53	11226	234	0	11603
14336	104	42	205	11189	0	11540
14337	91	39	56	11427	0	11613
14338	11212	28	53	296	0	11589
14339	11230	37	51	131	0	11449
14340	235	11160	49	91	0	11535
14341	130	193	39	11153	0	11515
14342	94	69	11425	234	0	11822
14343	104	60	188	11455	0	11807
14344	104	55	54	11597	0	11810
14345	105	49	50	11701	0	11905
14346	77	38	11412	281	0	11808
14347	76	32	10886	127	0	11121
14348	11009	25	224	129	0	11387
14349	220	27	81	11271	0	11599
14350	63	25	11101	261	0	11450
14351	10599	14	225	142	0	10980
14352	207	11083	92	98	0	11480
14353	11173	165	68	103	0	11509
14354	219	62	11378	86	0	11745
14355	11138	43	178	105	0	11464
14356	233	44	84	11257	0	11618
14357	112	53	11494	181	0	11840
14358	84	11406	174	100	0	11764
14359	11451	163	94	90	0	11798
14360	209	54	82	11394	0	11739
14361	96	41	73	11425	0	11635
14362	73	11540	60	207	0	11880
14363	93	160	50	11648	0	11951
14364	76	64	11560	193	0	11893
14365	73	11483	174	106	0	11836
14366	11495	173	51	108	0	11827
14367	195	69	59	11416	0	11739
14368	99	55	56	11451	0	11661
14369	97	63	11267	195	0	11622
14370	84	72	144	11408	0	11708
14371	80	52	11773	196	0	12101
14372	72	11900	167	104	0	12243
14373	11762	151	89	122	0	12124
14374	11731	62	77	105	0	11975
14375	11694	59	62	99	0	11914
14376	202	12269	56	73	0	12600
14377	122	152	52	12476	0	12802
14378	104	63	48	12588	0	12803
14379	128	78	54	11354	0	11614
14380	12397	52	39	248	0	12736
14381	12337	38	43	161	0	12579
14382	216	48	43	12296	0	12603
14383	103	38	13565	226	0	13932
14384	105	39	154	13574	0	13872
14385	94	24	66	13818	0	14002
14386	85	34	57	13752	0	13928
14387	99	25	49	13790	0	13963
14388	13780	38	41	291	0	14150
14389	209	23	43	14043	0	14318
14390	98	45	35	14077	0	14255
14391	72	13963	36	290	0	14361
14392	88	158	29	14401	0	14676
14393	73	14617	32	274	0	14996
14394	89	197	22	14781	0	15089
14395	14693	78	28	290	0	15089
14396	205	14766	31	162	0	15164
14397	14737	213	31	142	0	15123
14398	242	80	14848	101	0	15271
14399	127	56	177	14881	0	15241
14400	89	54	15330	255	0	15728
14401	89	50	214	15281	0	15634
14402	97	62	87	15342	0	15588
14403	61	15104	77	284	0	15526
14404	54	15231	49	182	0	15516
14405	38	15466	52	98	0	15654
14406	15092	178	52	132	0	15454
14407	147	14410	32	71	0	14660
14408	42	14234	16	59	0	14351
14409	186	132	34	14306	0	14658
14410	14385	51	14	170	0	14620
14411	107	15306	25	65	0	15503
14412	15605	119	16	97	0	15837
14413	15703	42	17	63	0	15825
14414	143	39	16144	27	0	16353
14415	87	26	113	15861	0	16087
14416	44	29	26	16555	0	16654
14417	27	41	25	16634	0	16727
14418	50	39	11	16428	0	16528
14419	40	32	16074	157	0	16303
14420	52	53	14706	66	0	14877
14421	15252	30	118	66	0	15466
14422	110	15805	36	40	0	15991
14423	47	16055	23	37	0	16162
14424	16188	136	9	59	0	16392
14425	115	16198	17	37	0	16367
14426	62	124	12	16609	0	16807
14427	16682	37	24	167	0	16910
14428	128	42	16704	62	0	16936
14429	62	20	112	16967	0	17161
14430	33	35	17231	148	0	17447
14431	16877	15	123	113	0	17128
14432	132	35	18755	52	0	18974
14433	19036	22	156	89	0	19303
14434	19822	17	52	102	0	19993
14435	19896	21	34	87	0	20038
14436	19968	31	17	68	0	20084
14437	20053	27	20	59	0	20159
14438	218	24	21	20009	0	20272
14439	20932	26	31	222	0	21211
14440	186	23	21	21096	0	21326
14441	93	16	27	21118	0	21254
14442	65	18	21	21467	0	21571
14443	38	20	21481	211	0	21750
14444	76	24	133	21096	0	21329
14445	58	16	57	22001	0	22132
14446	54	32	21532	176	0	21794
14447	20136	21	154	147	0	20458
14448	175	23	42	22065	0	22305
14449	76	36	22070	154	0	22336
14450	69	24	21458	73	0	21624
14451	56	29	163	21542	0	21790
14452	59	21	22208	166	0	22454
14453	58	33	157	22319	0	22567
14454	76	11	51	22273	0	22411
14455	32	22237	40	190	0	22499
14456	30	22604	56	84	0	22774
14457	22794	153	26	130	0	23103
14458	161	54	25	23084	0	23324
14459	75	27	32	22887	0	23021
14460	71	22	32	23513	0	23638
14461	41	40	23675	232	0	23988
14462	64	19	155	23277	0	23515
14463	23593	31	64	230	0	23918
14464	174	38	23882	84	0	24178
14465	93	15	163	24664	0	24935
14466	72	18	62	24894	0	25046
14467	68	17	29	25371	0	25485
14468	46	26575	49	243	0	26913
14469	26922	258	36	177	0	27393
14470	28278	73	27	146	0	28524
14471	423	28666	48	61	0	29198
14472	185	323	24	30366	0	30898
14473	72	100	30449	457	0	31078
14474	61	83	29838	166	0	30148
14475	30983	29	556	146	0	31714
14476	592	13	198	31636	0	32439
14477	32769	24	112	589	0	33494
14478	640	33079	89	213	0	34021
14479	233	34034	68	130	0	34465
14480	33724	730	50	176	0	34680
14481	632	34942	65	89	0	35728
14482	319	703	55	35262	0	36339
14483	294	240	43	34158	0	34735
14484	142	36146	59	726	0	37073
14485	36476	727	41	387	0	37631
14486	734	309	36634	197	0	37874
14487	35771	179	667	234	0	36851
14488	839	162	37166	98	0	38265
14489	35039	108	736	253	0	36136
14490	878	128	37463	132	0	38601
14491	343	36841	799	133	0	38116
14492	358	759	330	37173	0	38620
14493	37070	245	220	755	0	38290
14494	801	160	36564	238	0	37763
14495	336	116	36707	175	0	37334
14496	332	95	880	35672	0	36979
14497	170	107	36939	714	0	37930
14498	244	111	813	36084	0	37252
14499	270	86	337	35593	0	36286
14500	179	90	36593	929	0	37791
14501	225	57	812	36105	0	37199
14502	37212	52	354	974	0	38592
14503	697	37128	261	388	0	38474
14504	37884	685	206	367	0	39142
14505	857	250	150	37475	0	38732
14506	37673	137	170	908	0	38888
14507	38682	86	157	464	0	39389
14508	1035	97	160	38438	0	39730
14509	422	38925	153	785	0	40285
14510	39658	690	127	478	0	40953
14511	864	286	38153	251	0	39554
14512	381	183	38008	240	0	38812
14513	37612	114	861	270	0	38857
14514	900	122	372	38241	0	39635
14515	397	107	38702	795	0	40001
14516	356	139	761	38559	0	39815
14517	38993	118	324	948	0	40383
14518	39996	85	268	509	0	40858
14519	40051	72	220	372	0	40715
14520	1084	40922	194	220	0	42420
14521	567	692	145	41768	0	43172
14522	383	289	144	42209	0	43025
14523	41687	207	136	1066	0	43096
14524	889	41409	159	444	0	42901
14525	41828	697	143	405	0	43073
14526	1015	295	153	41569	0	43032
14527	41509	218	134	922	0	42783
14528	956	192	39937	407	0	41492
14529	443	40239	727	339	0	41748
14530	481	752	291	39771	0	41295
14531	347	41679	206	679	0	42911
14532	377	797	151	40899	0	42224
14533	40721	331	140	943	0	42135
14534	901	269	39198	388	0	40756
14535	38638	197	757	429	0	40021
14536	906	41044	356	274	0	42580
14537	507	743	221	42338	0	43809
14538	397	336	194	43117	0	44044
14539	41670	224	178	1150	0	43222
14540	908	210	41382	494	0	42994
14541	504	170	776	42151	0	43601
14542	407	171	348	42436	0	43362
14543	354	167	243	42420	0	43184
14544	277	177	187	42745	0	43386
14545	41908	150	181	1251	0	43490
14546	41746	122	169	741	0	42778
14547	1073	163	41704	398	0	43338
14548	560	195	40280	396	0	41431
14549	42272	129	877	536	0	43814
14550	44214	128	382	509	0	45233
14551	1114	129	243	43798	0	45284
14552	623	103	224	43972	0	44922
14553	43353	101	231	1144	0	44829
14554	926	43000	300	524	0	44750
14555	531	639	224	43819	0	45213
14556	425	226	199	44615	0	45465
14557	376	166	43075	1111	0	44728
14558	412	102	757	42924	0	44195
14559	379	138	43355	1024	0	44896
14560	368	120	842	43258	0	44588
14561	42638	129	386	1122	0	44275
14562	950	116	243	43442	0	44751
14563	475	121	42955	1030	0	44581
14564	345	41200	814	614	0	42973
14565	396	712	317	43529	0	44954
14566	319	247	43562	958	0	45086
14567	318	43634	734	518	0	45204
14568	407	736	280	42959	0	44382
14569	291	286	42355	874	0	43806
14570	35579	148	673	661	0	37061
14571	637	40977	321	335	0	42270
14572	256	39503	198	287	0	40244
14573	200	40537	165	222	0	41124
14574	412	903	157	39092	0	40564
14575	172	252	40305	597	0	41326
14576	138	39952	623	265	0	40978
14577	291	738	233	39686	0	40948
14578	41511	154	97	693	0	42455
14579	734	116	62	52751	0	53663
14580	269	112	60094	1201	0	61676
14581	158	60606	1382	387	0	62533
14582	58965	1410	343	452	0	61170
14583	1388	60362	232	240	0	62222
14584	432	1575	57765	222	0	59994
14585	215	58502	1545	318	0	60580
14586	452	1784	581	57251	0	60068
14587	243	770	57343	1371	0	59727
14588	309	56994	1589	394	0	59286
14589	538	1845	518	55818	0	58719
14590	414	796	488	56674	0	58372
14591	83	56930	475	1814	0	59302
14592	326	1782	443	57129	0	59680
14593	112	822	56786	1868	0	59588
14594	148	647	57638	780	0	59213
14595	331	618	1804	56935	0	59688
14596	56472	533	602	2261	0	59868
14597	57053	506	444	1166	0	59169
14598	1771	493	431	55724	0	58419
14599	480	55970	680	1963	0	59093
14600	547	1514	681	56553	0	59295
14601	55660	541	549	2183	0	58933
14602	2036	363	311	55628	0	58338
14603	1092	382	184	56661	0	58319
14604	55044	419	235	2455	0	58153
14605	1676	54637	300	1204	0	57817
14606	825	1722	279	55065	0	57891
14607	54348	621	236	2355	0	57560
14608	1949	394	52462	1220	0	56025
14609	52746	341	1451	1160	0	55698
14610	2196	378	413	53684	0	56671
14611	53508	503	289	2230	0	56530
14612	54130	496	253	1264	0	56143
14613	51004	362	325	1200	0	52891
14614	2237	52048	429	799	0	55513
14615	1192	1519	51691	673	0	55075
14616	992	52256	1593	731	0	55572
14617	51798	1681	469	822	0	54770
14618	2278	51546	366	563	0	54753
14619	1463	1819	284	51397	0	54963
14620	49823	844	371	1841	0	52879
14621	1932	50019	442	701	0	53094
14622	926	2029	49545	535	0	53035
14623	1014	1011	1533	49483	0	53041
14624	841	810	49688	1892	0	53231
14625	743	49785	1651	1202	0	53381
14626	795	2013	592	49158	0	52558
14627	752	932	540	50529	0	52753
14628	600	788	605	50699	0	52692
14629	520	627	669	49233	0	51049
14630	409	48645	612	2364	0	52030
14631	47376	2005	444	1446	0	51271
14632	1761	896	47348	1159	0	51164
14633	777	689	1600	48162	0	51228
14634	47172	503	620	2735	0	51030
14635	1855	616	47267	1383	0	51121
14636	823	46036	1792	1011	0	49662
14637	806	2039	825	45458	0	49128
14638	718	899	45697	2053	0	49367
14639	639	45714	1963	1217	0	49533
14640	43529	1886	896	1197	0	47508
14641	1888	45100	721	884	0	48593
14642	863	2214	630	44657	0	48364
14643	637	1108	606	46454	0	48805
14644	44206	905	666	2577	0	48354
14645	1830	44644	712	1294	0	48480
14646	1027	2213	605	44953	0	48798
14647	43464	1190	570	2366	0	47590
14648	43430	978	527	1488	0	46423
14649	2222	42779	419	1364	0	46784
14650	42655	2107	439	1282	0	46483
14651	43848	1262	358	1032	0	46500
14652	2555	1037	373	42493	0	46458
14653	1396	878	41437	2344	0	46055
14654	1379	730	1673	41369	0	45151
14655	1240	759	627	42551	0	45177
14656	1147	778	40482	2609	0	45016
14657	1166	39937	1730	1461	0	44294
14658	1029	1822	758	40788	0	44397
14659	811	804	739	42390	0	44744
14660	731	628	724	42775	0	44858
14661	780	558	706	41495	0	43539
14662	747	39998	653	2927	0	44325
14663	40500	1915	532	1672	0	44619
14664	40997	867	401	1586	0	43851
14665	40161	656	278	1632	0	42727
14666	2378	37722	281	1678	0	42059
14667	1117	1901	294	38201	0	41513
14668	989	967	36887	2532	0	41375
14669	1240	961	1506	36557	0	40264
14670	1313	37346	513	2191	0	41363
14671	36468	1779	339	1226	0	39812
14672	36857	957	266	1144	0	39224
14673	36144	802	391	1151	0	38488
14674	2207	34320	563	1004	0	38094
14675	1073	32699	551	1009	0	35332
14676	1070	33873	486	844	0	36273
14677	1317	1934	32117	655	0	36023
14678	1344	1274	29305	714	0	32637
14679	1293	3694	1056	12981	0	19024
14680	9134	102	472	249	0	9957
14681	8893	29	26	80	0	9028
14682	194	31	24	9148	0	9397
14683	78	45	21	9000	0	9144
14684	47	27	19	9412	0	9505
14685	45	36	26	9439	0	9546
14686	9421	30	23	218	0	9692
14687	9669	40	22	88	0	9819
14688	200	9890	18	59	0	10167
14689	10014	173	14	73	0	10274
14690	10211	63	24	76	0	10374
14691	10313	44	25	62	0	10444
14692	225	56	9097	74	0	9452
14693	9981	24	124	83	0	10212
14694	212	10092	46	43	0	10393
14695	110	179	23	10372	0	10684
14696	73	65	19	10515	0	10672
14697	62	10127	29	248	0	10466
14698	66	174	27	10636	0	10903
14699	10531	63	21	248	0	10863
14700	223	45	25	10640	0	10933
14701	100	31	10437	230	0	10798
14702	10165	40	165	112	0	10482
14703	215	10746	48	76	0	11085
14704	118	197	18	10765	0	11098
14705	82	58	14	10881	0	11035
14706	81	49	26	10847	0	11003
14707	74	42	10575	257	0	10948
14708	64	10380	167	108	0	10719
14709	78	185	47	10431	0	10741
14710	74	61	10186	200	0	10521
14711	71	42	153	10036	0	10302
14712	50	54	10065	204	0	10373
14713	74	52	159	9935	0	10220
14714	66	9875	67	206	0	10214
14715	62	159	35	9830	0	10086
14716	9797	64	30	226	0	10117
14717	9842	48	22	120	0	10032
14718	219	38	9682	84	0	10023
14719	71	37	9271	69	0	9448
14720	54	32	10182	69	0	10337
14721	46	34	199	10162	0	10441
14722	53	17	62	10750	0	10882
14723	52	36	41	10807	0	10936
14724	35	10845	32	264	0	11176
14725	56	187	38	10832	0	11113
14726	57	72	26	11225	0	11380
14727	47	42	31	11549	0	11669
14728	11390	34	36	310	0	11770
14729	11555	32	26	150	0	11763
14730	265	34	11530	83	0	11912
14731	113	27	11471	65	0	11676
14732	11504	30	250	70	0	11854
14733	11964	26	93	95	0	12178
14734	278	25	12203	71	0	12577
14735	105	28	11924	81	0	12138
14736	11865	23	253	81	0	12222
14737	12136	27	99	68	0	12330
14738	272	27	12187	65	0	12551
14739	142	17	239	11983	0	12381
14740	78	16	83	12386	0	12563
14741	56	12616	58	295	0	13025
14742	62	223	46	12895	0	13226
14743	52	73	13557	288	0	13970
14744	67	37	264	13686	0	14054
14745	70	18	95	13901	0	14084
14746	58	23	13551	339	0	13971
14747	13221	31	278	152	0	13682
14748	13775	16	103	127	0	14021
14749	341	18	77	13544	0	13980
14750	149	11	51	13827	0	14038
14751	13706	14	50	366	0	14136
14752	13686	21	60	167	0	13934
14753	12889	37	64	164	0	13154
14754	13829	25	48	124	0	14026
14755	340	13441	47	93	0	13921
14756	13387	223	48	94	0	13752
14757	288	13327	53	89	0	13757
14758	135	235	57	13420	0	13847
14759	101	75	44	13347	0	13567
14760	88	13085	47	344	0	13564
14761	87	240	44	13260	0	13631
14762	99	71	38	13223	0	13431
14763	57	12938	53	347	0	13395
14764	80	236	43	13073	0	13432
14765	90	72	38	13224	0	13424
14766	94	45	38	13272	0	13449
14767	87	32	12853	369	0	13341
14768	75	12477	244	168	0	12964
14769	109	297	82	12158	0	12646
14770	74	12416	64	264	0	12818
14771	12257	237	41	150	0	12685
14772	271	88	12085	106	0	12550
14773	114	50	11831	98	0	12093
14774	11557	55	270	83	0	11965
14775	269	89	114	11695	0	12167
14776	104	29	11396	234	0	11763
14777	75	39	11149	104	0	11367
14778	84	83	244	10850	0	11261
14779	10750	33	105	258	0	11146
14780	10803	20	61	142	0	11026
14781	261	24	44	10621	0	10950
14782	112	36	10381	230	0	10759
14783	60	10773	191	138	0	11162
14784	78	185	71	10794	0	11128
14785	69	81	10720	228	0	11098
14786	63	10589	180	118	0	10950
14787	70	207	101	10407	0	10785
14788	10327	63	69	223	0	10682
14789	188	49	40	10078	0	10355
14790	89	10138	44	214	0	10485
14791	10141	174	54	129	0	10498
14792	184	66	10587	90	0	10927
14793	90	10503	167	81	0	10841
14794	85	170	10440	63	0	10758
14795	10179	67	205	91	0	10542
14796	186	39	88	10060	0	10373
14797	105	38	54	10477	0	10674
14798	10431	30	52	226	0	10739
14799	197	22	51	10503	0	10773
14800	89	24	10282	207	0	10602
14801	9962	27	168	130	0	10287
14802	192	10402	74	86	0	10754
14803	105	144	48	10270	0	10567
14804	10187	70	53	200	0	10510
14805	181	10139	37	107	0	10464
14806	105	145	43	10453	0	10746
14807	10563	63	44	215	0	10885
14808	188	61	33	10564	0	10846
14809	91	10472	27	228	0	10818
14810	70	152	10695	106	0	11023
14811	76	75	153	10955	0	11259
14812	82	47	63	10475	0	10667
14813	10983	39	49	232	0	11303
14814	181	21	43	11061	0	11306
14815	11009	42	27	230	0	11308
14816	11039	25	42	103	0	11209
14817	225	39	26	10887	0	11177
14818	98	10934	25	214	0	11271
14819	99	157	18	10990	0	11264
14820	10328	77	24	212	0	10641
14821	166	10485	27	116	0	10794
14822	73	10816	23	60	0	10972
14823	10886	153	13	95	0	11147
14824	11073	77	19	60	0	11229
14825	165	11032	21	57	0	11275
14826	11135	148	69	65	0	11417
14827	11126	57	24	57	0	11264
14828	202	50	17	11168	0	11437
14829	90	32	11644	155	0	11921
14830	76	62	162	11687	0	11987
14831	41	28	11953	203	0	12225
14832	63	50	176	11953	0	12242
14833	42	30	11917	207	0	12196
14834	11469	13	173	118	0	11773
14835	203	17	83	11628	0	11931
14836	12001	18	33	199	0	12251
14837	194	47	40	11761	0	12042
14838	110	12082	22	184	0	12398
14839	12336	153	28	138	0	12655
14840	199	94	11733	64	0	12090
14841	11451	31	126	72	0	11680
14842	168	11729	62	34	0	11993
14843	11116	121	38	49	0	11324
14844	11223	57	19	39	0	11338
14845	195	11253	22	21	0	11491
14846	101	156	16	11602	0	11875
14847	11678	56	19	188	0	11941
14848	191	11631	15	80	0	11917
14849	110	171	11	11792	0	12084
14850	11945	67	11	203	0	12226
14851	226	33	11	11894	0	12164
14852	124	36	7	11962	0	12129
14853	72	25	13	12104	0	12214
14854	49	32	11742	255	0	12078
14855	71	22	170	11889	0	12152
14856	12001	29	62	239	0	12331
14857	212	19	11984	119	0	12334
14858	128	22	185	12034	0	12369
14859	68	26	71	12259	0	12424
14860	53	22	11976	283	0	12334
14861	11756	18	197	157	0	12128
14862	12359	26	82	101	0	12568
14863	289	22	12257	73	0	12641
14864	139	13	207	12226	0	12585
14865	95	14	87	12591	0	12787
14866	58	18	13064	309	0	13449
14867	79	16	235	13407	0	13737
14868	84	19	100	13387	0	13590
14869	47	22	13833	359	0	14261
14870	13672	17	279	167	0	14135
14871	292	16	104	14305	0	14717
14872	14236	18	51	337	0	14642
14873	14373	13	46	199	0	14631
14874	369	31	14277	91	0	14768
14875	169	14	269	14213	0	14665
14876	14359	11	105	356	0	14831
14877	319	14513	69	152	0	15053
14878	148	256	53	15032	0	15489
14879	110	80	46	15315	0	15551
14880	106	26	53	15652	0	15837
14881	73	40	15292	452	0	15857
14882	14431	20	311	248	0	15010
14883	338	24	118	14899	0	15379
14884	150	9	72	15093	0	15324
14885	94	20	14779	438	0	15331
14886	111	15	310	14738	0	15174
14887	81	14	116	15097	0	15308
14888	14549	13	88	508	0	15158
14889	321	14493	73	231	0	15118
14890	156	266	14519	145	0	15086
14891	14452	94	324	143	0	15013
14892	360	41	123	14243	0	14767
14893	150	38	14325	382	0	14895
14894	101	31	14458	198	0	14788
14895	93	38	399	14583	0	15113
14896	111	31	14857	375	0	15374
14897	95	35	14701	206	0	15037
14898	73	14176	430	157	0	14836
14899	91	291	164	15114	0	15660
14900	64	83	15133	397	0	15677
14901	94	45	353	14942	0	15434
14902	15561	41	142	436	0	16180
14903	337	33	100	15671	0	16141
14904	153	26	99	16118	0	16396
14905	15645	28	81	495	0	16249
14906	15938	30	71	249	0	16288
14907	431	30	82	16407	0	16950
14908	165	33	16426	441	0	17065
14909	106	16236	351	218	0	16911
14910	109	313	149	16512	0	17083
14911	16352	78	104	460	0	16994
14912	16565	58	80	235	0	16938
14913	433	15969	77	177	0	16656
14914	161	16635	107	133	0	17036
14915	16752	366	71	180	0	17369
14916	16976	108	84	168	0	17336
14917	462	81	17191	126	0	17860
14918	209	78	345	16880	0	17512
14919	129	17372	137	384	0	18022
14920	17834	322	96	207	0	18459
14921	427	120	73	17603	0	18223
14922	152	17169	99	409	0	17829
14923	116	358	17265	181	0	17920
14924	142	179	354	16492	0	17167
14925	96	17667	136	375	0	18274
14926	17853	332	96	209	0	18490
14927	17900	117	88	186	0	18291
14928	388	17615	72	143	0	18218
14929	17081	298	54	123	0	17556
14930	17093	92	60	111	0	17356
14931	395	16632	53	84	0	17164
14932	135	17068	57	110	0	17370
14933	131	344	77	16873	0	17425
14934	16912	93	55	351	0	17411
14935	341	81	17369	133	0	17924
14936	16746	68	270	147	0	17231
14937	304	17482	82	94	0	17962
14938	17669	288	66	102	0	18125
14939	17802	75	54	98	0	18029
14940	17894	51	58	104	0	18107
14941	395	58	47	17409	0	17909
14942	130	17404	59	289	0	17882
14943	17678	257	43	129	0	18107
14944	335	85	17653	90	0	18163
14945	125	17606	259	84	0	18074
14946	103	265	80	18147	0	18595
14947	76	80	17698	267	0	18121
14948	68	91	17742	83	0	17984
14949	106	63	283	17548	0	18000
14950	85	41	85	18684	0	18895
14951	75	55	63	18879	0	19072
14952	96	33	59	18443	0	18631
14953	69	17941	58	308	0	18376
14954	64	18768	35	128	0	18995
14955	18958	258	44	112	0	19372
14956	274	75	40	18972	0	19361
14957	97	69	38	19119	0	19323
14958	108	58	34	19477	0	19677
14959	19284	55	38	320	0	19697
14960	19410	46	38	149	0	19643
14961	316	54	35	19376	0	19781
14962	19658	50	27	311	0	20046
14963	19696	36	36	140	0	19908
14964	20076	37	32	115	0	20260
14965	329	43	29	19779	0	20180
14966	116	48	18727	232	0	19123
14967	112	54	17645	75	0	17886
14968	92	48	18278	68	0	18486
14969	68	34	18877	54	0	19033
14970	98	127	220	18694	0	19139
14971	18960	33	89	204	0	19286
14972	18844	26	38	91	0	18999
14973	212	26	18753	51	0	19042
14974	96	45	18777	50	0	18968
14975	64	20767	180	52	0	21063
14976	83	167	81	21015	0	21346
14977	21217	38	58	225	0	21538
14978	164	37	21141	64	0	21406
14979	20537	20	142	86	0	20785
14980	153	22262	52	64	0	22531
14981	72	151	26	23173	0	23422
14982	69	35	21	24093	0	24218
14983	87	37	17	23588	0	23729
14984	24263	28	15	326	0	24632
14985	234	16	22	24447	0	24719
14986	86	21	20	24692	0	24819
14987	24645	16	25	296	0	24982
14988	256	18	16	24496	0	24786
14989	85	31	25038	264	0	25418
14990	24713	16	199	144	0	25072
14991	247	16	58	25627	0	25948
14992	120	14	53	25367	0	25554
14993	76	25389	35	260	0	25760
14994	25854	189	21	182	0	26246
14995	26260	65	19	139	0	26483
14996	301	47	26	26082	0	26456
14997	126	32	26168	228	0	26554
14998	24575	20	234	165	0	24994
14999	268	24	26525	96	0	26913
15000	135	12	267	26302	0	26716
15001	117	28	76	27549	0	27770
15002	27269	10	67	396	0	27742
15003	357	7	40	28366	0	28770
15004	100	33	28396	372	0	28901
15005	27697	13	290	197	0	28197
15006	357	38	30236	95	0	30726
15007	133	60	29859	67	0	30119
15008	31065	13	436	146	0	31660
15009	480	38	147	32507	0	33172
15010	136	33393	124	363	0	34016
15011	33928	350	65	189	0	34532
15012	33877	86	66	168	0	34197
15013	507	68	33676	77	0	34328
15014	33179	37	377	141	0	33734
15015	547	31	124	33981	0	34683
15016	170	48	34678	398	0	35294
15017	124	33927	411	159	0	34621
15018	33916	374	134	221	0	34645
15019	425	34617	106	104	0	35252
15020	206	407	96	34925	0	35634
15021	187	110	54	35405	0	35756
15022	149	69	60	35477	0	35755
15023	152	62	43	34652	0	34909
15024	87	34640	68	559	0	35354
15025	100	389	33788	233	0	34510
15026	85	34235	391	178	0	34889
15027	34490	425	133	183	0	35231
15028	459	150	80	34528	0	35217
15029	34781	84	69	490	0	35424
15030	521	77	45	35035	0	35678
15031	36385	43	54	625	0	37107
15032	489	36914	65	218	0	37686
15033	38027	410	61	285	0	38783
15034	38499	125	69	221	0	38914
15035	37914	98	62	201	0	38275
15036	38080	68	54	210	0	38412
15037	616	37645	47	124	0	38432
15038	264	417	37881	110	0	38672
15039	247	130	418	38021	0	38816
15040	38477	98	125	533	0	39233
15041	39398	63	108	233	0	39802
15042	651	59	80	39958	0	40748
15043	289	87	41100	525	0	42001
15044	294	77	469	40221	0	41061
15045	140	41326	172	578	0	42216
15046	41829	509	127	307	0	42772
15047	661	178	75	42036	0	42950
15048	258	41210	101	593	0	42162
15049	226	43586	76	229	0	44117
15050	174	44387	57	210	0	44828
15051	188	706	85	44746	0	45725
15052	44874	304	76	694	0	45948
15053	640	45332	77	273	0	46322
15054	300	606	59	46237	0	47202
15055	45962	226	52	746	0	46986
15056	703	170	57	46241	0	47171
15057	46003	104	50	825	0	46982
15058	46206	95	53	399	0	46753
15059	822	47838	53	226	0	48939
15060	454	630	59	46625	0	47768
15061	271	48397	82	537	0	49287
15062	48310	703	55	334	0	49402
15063	48405	263	59	275	0	49002
15064	49156	192	54	263	0	49665
15065	957	137	79	48942	0	50115
15066	433	128	48234	661	0	49456
15067	47159	142	598	395	0	48294
15068	49187	133	194	320	0	49834
15069	960	123	121	48286	0	49490
15070	450	48889	101	690	0	50130
15071	423	658	66	49729	0	50876
15072	310	290	87	50655	0	51342
15073	50386	243	97	929	0	51655
15074	50111	163	59	516	0	50849
15075	932	171	48090	271	0	49464
15076	491	166	638	48131	0	49426
15077	49150	151	180	839	0	50320
15078	931	173	127	49413	0	50644
15079	346	163	49390	947	0	50846
15080	335	46824	688	409	0	48256
15081	303	49123	210	337	0	49973
15082	53549	788	163	363	0	54863
15083	1072	322	95	56565	0	58054
15084	516	257	79	63206	0	64058
15085	62886	163	96	1693	0	64838
15086	1515	192	62202	681	0	64590
15087	780	169	1200	62914	0	65063
15088	483	184	63204	1543	0	65414
15089	367	63365	1451	697	0	65880
15090	64647	1323	540	629	0	67139
15091	66228	503	324	511	0	67566
15092	67009	353	264	432	0	68058
15093	2081	284	64503	380	0	67248
15094	65224	217	1343	440	0	67224
15095	67279	248	528	367	0	68422
15096	2326	229	312	65978	0	68845
15097	54810	347	643	2145	0	57945
15098	1626	236	64223	692	0	66777
15099	63686	165	1315	638	0	65804
15100	1983	189	64166	344	0	66682
15101	1012	64723	1435	455	0	67625
15102	850	1791	690	60911	0	64242
15103	632	64837	424	1251	0	67144
15104	637	1477	63623	550	0	66287
15105	567	64516	1355	446	0	66884
15106	61338	1430	557	501	0	63826
15107	1330	60261	471	265	0	62327
15108	679	60532	288	281	0	61780
15109	546	1635	58444	225	0	60850
15110	538	821	1212	57996	0	60567
15111	58766	520	542	1362	0	61190
15112	1397	471	58032	548	0	60448
15113	739	58287	1289	437	0	60752
15114	655	1318	591	58080	0	60644
15115	467	645	58488	1359	0	60959
15116	443	437	57914	683	0	59477
15117	523	431	1623	57932	0	60509
15118	443	334	58672	1394	0	60843
15119	494	315	1574	54336	0	56719
15120	444	55555	774	1332	0	58105
15121	454	1248	585	56460	0	58747
15122	385	56840	497	1370	0	59092
15123	539	1365	424	57208	0	59536
15124	56384	624	384	1658	0	59050
15125	1489	405	381	56347	0	58622
15126	670	55957	350	1574	0	58551
15127	619	1347	310	57503	0	59779
15128	512	600	56643	1670	0	59425
15129	482	465	1344	56809	0	59100
15130	56528	366	676	1758	0	59328
15131	1416	376	54540	887	0	57219
15132	759	382	1436	54322	0	56899
15133	53344	307	654	1737	0	56042
15134	1454	52714	526	841	0	55535
15135	834	1311	464	53180	0	55789
15136	53341	699	382	1608	0	56030
15137	1630	452	424	53291	0	55797
15138	866	408	52240	1629	0	55143
15139	50848	377	1298	1023	0	53546
15140	1569	51412	722	636	0	54339
15141	752	52803	531	668	0	54754
15142	52141	1449	521	642	0	54753
15143	51254	672	420	581	0	52927
15144	1831	513	396	50373	0	53113
15145	50458	415	466	1340	0	52679
15146	1609	436	48699	795	0	51539
15147	49309	349	1257	664	0	51579
15148	1526	48726	646	590	0	51488
15149	48942	1158	511	609	0	51220
15150	1600	624	48632	533	0	51389
15151	1091	533	1285	48659	0	51568
15152	799	443	744	49391	0	51377
15153	737	432	554	46661	0	48384
15154	617	48000	518	1569	0	50704
15155	48556	1253	414	874	0	51097
15156	1606	558	487	45679	0	48330
15157	949	46753	417	1376	0	49495
15158	50186	1183	394	963	0	52726
15159	48746	600	502	702	0	50550
15160	49760	477	418	713	0	51368
15161	49692	405	385	683	0	51165
15162	49273	419	367	621	0	50680
15163	1944	413	430	47935	0	50722
15164	1258	444	383	48166	0	50251
15165	47508	357	355	1657	0	49877
15166	1564	509	342	47484	0	49899
15167	969	509	345	47902	0	49725
15168	789	496	44883	1769	0	47937
15169	45935	509	1157	1016	0	48617
15170	46891	465	635	929	0	48920
15171	47559	552	422	732	0	49265
15172	1870	466	433	43884	0	46653
15173	1007	45237	401	1381	0	48026
15174	48700	1109	402	828	0	51039
15175	47290	557	444	824	0	49115
15176	2068	449	331	50978	0	53826
15177	50939	400	413	1637	0	53389
15178	2083	813	40455	1220	0	44571
15179	1134	50409	1110	809	0	53462
15180	1035	52085	637	860	0	54617
15181	1138	1692	50673	693	0	54196
15182	484	44568	1284	593	0	46929
15183	516	42318	645	533	0	44012
15184	35835	683	550	317	0	37385
15185	553	35637	168	252	0	36610
15186	443	636	121	36127	0	37327
15187	37047	331	110	694	0	38182
15188	681	227	36190	362	0	37460
15189	35767	196	468	397	0	36828
15190	731	198	35625	244	0	36798
15191	422	122	35070	226	0	35840
15192	34572	126	662	260	0	35620
15193	608	112	35708	240	0	36668
15194	323	34837	574	142	0	35876
15195	318	518	351	34502	0	35689
15196	34676	258	181	540	0	35655
15197	566	33740	99	263	0	34668
15198	350	484	89	34386	0	35309
15199	222	264	34166	545	0	35197
15200	283	149	426	34276	0	35134
15201	33720	89	242	656	0	34707
15202	555	78	33156	302	0	34091
15203	416	64	465	32923	0	33868
15204	33309	91	267	575	0	34242
15205	34078	76	165	383	0	34702
15206	820	80	96	33719	0	34715
15207	513	91	80	33819	0	34503
15208	252	99	34811	688	0	35850
15209	264	120	34127	383	0	34894
15210	34603	77	622	323	0	35625
15211	36277	81	299	219	0	36876
15212	723	35721	195	146	0	36785
15213	36273	444	122	149	0	36988
15214	37381	218	107	224	0	37930
15215	803	168	39695	100	0	40766
15216	421	40961	549	112	0	42043
15217	41959	527	308	214	0	43008
15218	42334	228	161	152	0	42875
15219	43390	138	85	139	0	43752
15220	947	89	64	42418	0	43518
15221	498	71	63	42793	0	43425
15222	264	42245	90	739	0	43338
15223	189	555	65	43506	0	44315
15224	43130	238	47	786	0	44201
15225	692	169	49	43460	0	44370
15226	333	115	42759	724	0	43931
15227	285	117	41590	323	0	42315
15228	227	53	770	42405	0	43455
15229	150	85	43332	668	0	44235
15230	181	115	42332	332	0	42960
15231	273	49	833	42400	0	43555
15232	222	61	420	43818	0	44521
15233	151	59	43990	862	0	45062
15234	151	82	43823	429	0	44485
15235	114	44377	873	265	0	45629
15236	44815	604	431	263	0	46113
15237	640	45890	268	185	0	46983
15238	46228	708	164	234	0	47334
15239	46900	326	139	218	0	47583
15240	891	46939	160	138	0	48128
15241	47527	740	121	177	0	48565
15242	912	320	106	47012	0	48350
15243	429	211	47498	687	0	48825
15244	377	122	713	46664	0	47876
15245	245	102	300	48406	0	49053
15246	46187	82	220	1098	0	47587
15247	46566	71	160	544	0	47341
15248	46894	76	140	355	0	47465
15249	46872	90	111	285	0	47358
15250	45403	69	107	253	0	45832
15251	1162	43355	126	164	0	44807
15252	611	637	110	44899	0	46257
15253	369	291	45103	766	0	46529
15254	360	196	728	44974	0	46258
15255	327	102	328	45491	0	46248
15256	255	98	224	48063	0	48640
15257	50426	81	150	1317	0	51974
15258	1185	63	130	50497	0	51875
15259	51433	78	128	1379	0	53018
15260	1323	111	52122	525	0	54081
15261	704	75	1093	59956	0	61828
15262	413	94	61953	1585	0	64045
15263	61708	75	1607	720	0	64110
15264	1788	86	558	62589	0	65021
15265	679	106	63280	1674	0	65739
15266	585	71	1589	63531	0	65776
15267	63915	70	637	1988	0	66610
15268	1692	123	63285	786	0	65886
15269	63894	69	1583	692	0	66238
15270	66348	59	650	528	0	67585
15271	65922	57	401	542	0	66922
15272	64981	67	312	577	0	65937
15273	2385	62398	334	351	0	65468
15274	942	60588	273	384	0	62187
15275	772	59445	292	308	0	60817
15276	789	2080	398	54472	0	57739
15277	455	56104	250	1287	0	58096
15278	55325	1332	277	587	0	57521
15279	1486	53982	237	383	0	56088
15280	601	55565	252	330	0	56748
15281	592	1531	256	55339	0	57718
15282	529	559	203	56748	0	58039
15283	55463	346	225	1769	0	57803
15284	1615	256	218	55595	0	57684
15285	742	277	54061	1583	0	56663
15286	595	328	51584	647	0	53154
15287	561	286	53410	447	0	54704
15288	765	230	1595	52410	0	55000
15289	656	231	555	55833	0	57275
15290	553	280	53909	1766	0	56508
15291	540	325	52809	702	0	54376
15292	432	358	54329	479	0	55598
15293	54143	395	1792	491	0	56821
15294	1653	328	700	54921	0	57602
15295	722	359	441	56109	0	57631
15296	55213	341	361	1999	0	57914
15297	1700	309	312	55106	0	57427
15298	682	53909	354	1792	0	56737
15299	503	56596	371	881	0	58351
15300	537	1643	308	56456	0	58944
15301	56161	567	307	1986	0	59021
15302	56823	297	318	1122	0	58560
15303	57534	225	419	782	0	58960
15304	2103	215	413	56390	0	59121
15305	854	192	55364	1820	0	58230
15306	698	176	1657	55470	0	58001
15307	520	196	55269	1928	0	57913
15308	52967	178	1787	1041	0	55973
15309	1876	168	820	53769	0	56633
15310	52270	144	617	2041	0	55072
15311	1809	183	52891	942	0	55825
15312	50693	154	1686	864	0	53397
15313	1935	169	53786	737	0	56627
15314	1037	50405	1594	652	0	53688
15315	749	50793	692	644	0	52878
15316	49286	1596	454	658	0	51994
15317	1917	645	341	48717	0	51620
15318	930	435	48785	1669	0	51819
15319	765	47618	1422	780	0	50585
15320	680	49784	634	551	0	51649
15321	748	1734	433	49129	0	52044
15322	49289	695	328	1779	0	52091
15323	49821	466	403	896	0	51586
15324	1906	48988	406	701	0	52001
15325	49573	1491	405	740	0	52209
15326	1888	603	445	49293	0	52229
15327	894	469	48645	1724	0	51732
15328	718	49014	1546	864	0	52142
15329	749	1467	750	49265	0	52231
15330	705	599	467	50196	0	51967
15331	49107	365	516	2041	0	52029
15332	1791	406	48049	829	0	51075
15333	48026	388	1550	709	0	50673
15334	49013	364	753	637	0	50767
15335	2007	390	544	47774	0	50715
15336	977	369	487	49057	0	50890
15337	46872	399	415	2058	0	49744
15338	1833	410	388	47290	0	49921
15339	925	383	46109	1855	0	49272
15340	614	400	45558	853	0	47425
15341	648	44429	1633	633	0	47343
15342	593	47686	614	681	0	49574
15343	731	1611	371	44962	0	47675
15344	583	45354	303	1564	0	47804
15345	45838	1507	358	974	0	48677
15346	1544	46491	344	671	0	49050
15347	809	1508	328	46808	0	49453
15348	518	695	366	48079	0	49658
15349	540	500	46542	2007	0	49589
15350	663	325	1443	46751	0	49182
15351	664	269	613	47981	0	49527
15352	588	47477	489	1987	0	50541
15353	697	1322	437	47917	0	50373
15354	639	518	356	49025	0	50538
15355	531	359	47112	2136	0	50138
15356	398	45733	1495	1185	0	48811
15357	462	3155	537	39707	0	43861
15358	369	41783	350	1278	0	43780
15359	340	1107	39960	700	0	42107
15360	277	38248	1063	501	0	40089
15361	29252	965	678	444	0	31339
15362	28252	261	163	197	0	28873
15363	28118	172	92	187	0	28569
15364	628	27784	72	163	0	28647
15365	27546	519	64	175	0	28304
15366	605	234	68	27223	0	28130
15367	26644	163	53	582	0	27442
15368	548	26262	77	263	0	27150
15369	26317	502	71	248	0	27138
15370	27045	226	63	248	0	27582
15371	647	27316	71	166	0	28200
15372	318	569	27375	131	0	28393
15373	245	239	509	29531	0	30524
15374	164	167	31279	695	0	32305
15375	202	125	767	32183	0	33277
15376	174	115	270	34123	0	34682
15377	140	119	34032	1122	0	35413
15378	167	129	884	34346	0	35526
15379	34437	101	378	1132	0	36048
15380	899	120	34429	456	0	35904
15381	362	34340	890	261	0	35853
15382	321	874	314	33770	0	35279
15383	267	306	173	35310	0	36056
15384	166	193	34387	1182	0	35928
15385	269	148	847	33124	0	34388
15386	146	34012	347	1006	0	35511
15387	33148	878	210	545	0	34781
15388	776	33559	159	323	0	34817
15389	31331	854	103	325	0	32613
15390	774	31712	132	193	0	32811
15391	268	32927	124	183	0	33502
15392	203	956	31503	182	0	32844
15393	203	442	853	31342	0	32840
15394	209	248	280	31160	0	31897
15395	166	172	168	32348	0	32854
15396	115	32593	132	1104	0	33944
15397	155	894	116	33024	0	34189
15398	32392	319	107	1142	0	33960
15399	946	229	129	32472	0	33776
15400	32153	155	110	1206	0	33624
15401	1033	149	31740	521	0	33443
15402	32005	134	884	440	0	33463
15403	1098	170	321	31914	0	33503
15404	468	152	210	33417	0	34247
15405	32924	152	164	1342	0	34582
15406	1032	158	32816	595	0	34601
15407	380	32673	954	410	0	34417
15408	341	927	338	33358	0	34964
15409	33163	349	252	1135	0	34899
15410	33935	291	152	548	0	34926
15411	1283	203	136	33546	0	35168
15412	530	173	32980	1106	0	34789
15413	31694	163	911	571	0	33339
15414	1069	197	32097	402	0	33765
15415	509	208	1001	31888	0	33606
15416	344	164	31995	1117	0	33620
15417	322	190	1018	31742	0	33272
15418	229	140	31037	1257	0	32663
15419	247	30796	1033	607	0	32683
15420	341	893	441	28898	0	30573
15421	230	31179	305	924	0	32638
15422	31259	940	197	554	0	32950
15423	31798	371	201	426	0	32796
15424	1220	253	30685	324	0	32482
15425	614	184	941	30708	0	32447
15426	31077	216	401	1103	0	32797
15427	1091	152	278	30989	0	32510
15428	535	153	221	31204	0	32113
15429	414	144	29861	1306	0	31725
15430	28989	151	951	741	0	30832
15431	1049	135	30248	502	0	31934
15432	587	134	1022	30103	0	31846
15433	410	141	30377	1130	0	32058
15434	30057	145	1057	672	0	31931
15435	30658	107	529	527	0	31821
15436	30675	138	414	433	0	31660
15437	1385	138	328	30003	0	31854
15438	604	162	29450	1118	0	31334
15439	424	181	29956	613	0	31174
15440	411	213	1146	28195	0	29965
15441	323	29427	612	1031	0	31393
15442	28843	854	397	572	0	30666
15443	1052	375	321	29012	0	30760
15444	560	280	28755	1113	0	30708
15445	504	194	973	29181	0	30852
15446	370	205	29779	1227	0	31581
15447	389	185	1097	30275	0	31946
15448	333	192	30603	1236	0	32364
15449	388	153	30535	633	0	31709
15450	307	29777	1216	617	0	31917
15451	284	806	29980	477	0	31547
15452	297	330	30215	468	0	31310
15453	519	301	1207	25370	0	27397
15454	343	165	619	27830	0	28957
15455	326	28352	400	1114	0	30192
15456	28466	746	368	603	0	30183
15457	889	28340	355	455	0	30039
15458	497	831	361	28280	0	29969
15459	28360	323	326	1007	0	30016
15460	936	214	281	28496	0	29927
15461	28441	152	312	1122	0	30027
15462	1023	159	291	29006	0	30479
15463	506	163	29221	1076	0	30966
15464	388	170	863	29559	0	30980
15465	366	143	432	30442	0	31383
15466	29783	110	392	1263	0	31548
15467	30089	86	331	736	0	31242
15468	29580	115	335	553	0	30583
15469	1143	28111	371	417	0	30042
15470	476	28318	309	385	0	29488
15471	28047	760	316	374	0	29497
15472	851	290	28126	381	0	29648
15473	363	214	26732	254	0	27563
15474	395	908	794	23760	0	25857
15475	196	82	24231	539	0	25048
15476	153	71	22774	279	0	23277
15477	21394	102	618	278	0	22392
15478	22026	41	264	200	0	22531
15479	529	21678	172	159	0	22538
15480	270	22519	137	156	0	23082
15481	257	439	129	20705	0	21530
15482	151	22279	135	366	0	22931
15483	22976	433	119	254	0	23782
15484	463	188	111	22547	0	23309
15485	242	23157	111	425	0	23935
15486	23941	377	133	258	0	24709
15487	449	164	24023	168	0	24804
15488	237	116	23537	148	0	24038
15489	23676	74	552	170	0	24472
15490	458	82	23633	142	0	24315
15491	23182	40	447	125	0	23794
15492	488	73	194	23706	0	24461
15493	210	76	23866	403	0	24555
15494	161	23356	427	188	0	24132
15495	107	24001	203	169	0	24480
15496	22535	317	98	113	0	23063
15497	278	22892	80	77	0	23327
15498	22513	270	81	100	0	22964
15499	22646	88	67	97	0	22898
15500	310	22604	73	62	0	23049
15501	131	246	79	22920	0	23376
15502	90	84	23539	269	0	23982
15503	73	24710	323	89	0	25195
15504	132	563	120	24764	0	25579
15505	108	110	83	27193	0	27494
15506	26710	65	38	495	0	27308
15507	405	60	36	26746	0	27247
15508	131	48	26464	472	0	27115
15509	94	26264	385	198	0	26941
15510	127	370	115	26874	0	27486
15511	27024	120	96	518	0	27758
15512	27668	82	82	199	0	28031
15513	558	76	56	27658	0	28348
15514	28360	58	50	537	0	29005
15515	581	63	28271	186	0	29101
15516	304	44	486	28227	0	29061
15517	175	50	28785	579	0	29589
15518	204	25	567	30470	0	31266
15519	169	41	217	30478	0	30905
15520	159	55	130	30730	0	31074
15521	154	45	100	30814	0	31113
15522	170	36	74	30641	0	30921
15523	30153	43	62	1031	0	31289
15524	30732	30	58	534	0	31354
15525	796	30354	72	323	0	31545
15526	30912	612	55	311	0	31890
15527	795	197	76	31030	0	32098
15528	378	128	67	31564	0	32137
15529	334	104	74	31371	0	31883
15530	218	74	31254	1004	0	32550
15531	277	70	652	29918	0	30917
15532	161	30792	227	841	0	32021
15533	30897	630	150	479	0	32156
15534	31032	174	146	380	0	31732
15535	826	147	30382	297	0	31652
15536	318	30374	674	305	0	31671
15537	301	655	215	30787	0	31958
15538	223	205	30866	831	0	32125
15539	235	160	672	29298	0	30365
15540	181	30144	233	876	0	31434
15541	29496	677	172	472	0	30817
15542	737	29935	140	325	0	31137
15543	324	751	29755	261	0	31091
15544	265	308	29575	212	0	30360
15545	209	28774	784	273	0	30040
15546	144	29109	284	264	0	29801
15547	28107	768	261	305	0	29441
15548	28297	292	160	298	0	29047
15549	862	211	152	27869	0	29094
15550	338	207	27684	774	0	29003
15551	335	166	650	27639	0	28790
15552	291	153	243	27962	0	28649
15553	27411	122	159	1013	0	28705
15554	27336	145	162	489	0	28132
15555	911	117	153	28362	0	29543
15556	370	146	28339	903	0	29758
15557	257	28450	720	419	0	29846
15558	28571	743	273	390	0	29977
15559	810	29271	194	299	0	30574
15560	402	841	174	29934	0	31351
15561	335	322	169	31048	0	31874
15562	270	254	181	30879	0	31584
15563	235	219	165	30135	0	30754
15564	29134	194	162	1238	0	30728
15565	936	185	117	29179	0	30417
15566	398	28478	125	1139	0	30140
15567	367	751	118	29125	0	30361
15568	28061	251	140	1233	0	29685
15569	843	28075	131	633	0	29682
15570	414	797	147	28405	0	29763
15571	307	334	27625	1081	0	29347
15572	27347	244	737	585	0	28913
15573	990	249	263	27530	0	29032
15574	463	196	26998	1032	0	28689
15575	386	183	26850	510	0	27929
15576	363	271	974	26811	0	28419
15577	26620	171	453	1108	0	28352
15578	27000	161	294	586	0	28041
15579	957	26959	211	552	0	28679
15580	26739	722	162	550	0	28173
15581	27238	265	149	505	0	28157
15582	27135	185	134	533	0	27987
15583	26755	197	151	445	0	27548
15584	1221	171	138	25896	0	27426
15585	623	170	153	26211	0	27157
15586	459	216	24474	1120	0	26269
15587	372	23002	671	642	0	24687
15588	297	24070	301	563	0	25231
15589	303	829	23781	464	0	25377
15590	23450	345	741	477	0	25013
15591	855	245	326	23840	0	25266
15592	23873	179	245	953	0	25250
15593	23975	188	214	511	0	24888
15594	1085	206	23028	362	0	24681
15595	620	170	663	22946	0	24399
15596	23299	171	285	892	0	24647
15597	976	139	204	23109	0	24428
15598	496	165	22785	947	0	24393
15599	467	773	704	21618	0	23562
15600	357	22778	323	877	0	24335
15601	321	23500	226	465	0	24512
15602	364	789	22122	338	0	23613
15603	267	20900	607	309	0	22083
15604	19141	678	367	348	0	20534
15605	18361	193	171	213	0	18938
15606	630	132	104	17903	0	18769
15607	334	96	93	18094	0	18617
15608	238	80	98	18329	0	18745
15609	17696	81	71	703	0	18551
15610	545	17679	78	282	0	18584
15611	17358	424	65	229	0	18076
15612	17182	150	72	174	0	17578
15613	603	16813	77	181	0	17674
15614	15862	348	70	144	0	16424
15615	436	15873	56	129	0	16494
15616	16092	350	73	164	0	16679
15617	448	141	15597	135	0	16321
15618	13581	139	331	114	0	14165
15619	299	13784	91	106	0	14280
15620	212	248	163	13783	0	14406
15621	128	75	38	14417	0	14658
15622	110	58	29	14455	0	14652
15623	14544	40	30	426	0	15040
15624	321	57	49	14681	0	15108
15625	144	56	14244	376	0	14820
15626	13960	62	243	196	0	14461
15627	309	89	14066	127	0	14591
15628	179	83	271	14018	0	14551
15629	101	65	14208	319	0	14693
15630	125	66	266	13743	0	14200
15631	82	13908	128	330	0	14448
15632	107	224	93	13868	0	14292
15633	94	13833	67	298	0	14292
15634	125	256	50	14055	0	14486
15635	13965	107	57	349	0	14478
15636	333	87	40	14447	0	14907
15637	14498	60	37	364	0	14959
15638	352	67	13871	155	0	14445
15639	14106	43	246	116	0	14511
15640	14383	58	101	125	0	14667
15641	14422	47	74	99	0	14642
15642	432	42	58	14227	0	14759
15643	14033	56	70	308	0	14467
15644	345	55	13490	145	0	14035
15645	13619	43	242	141	0	14045
15646	356	56	13488	114	0	14014
15647	13672	45	274	110	0	14101
15648	369	44	110	13846	0	14369
15649	191	54	14053	287	0	14585
15650	196	49	256	13873	0	14374
15651	182	26	109	14272	0	14589
15652	121	22	14122	361	0	14626
15653	13413	30	248	226	0	13917
15654	307	14269	132	144	0	14852
15655	13691	187	59	141	0	14078
15656	243	13501	68	74	0	13886
15657	13260	180	50	80	0	13570
15658	233	54	13008	59	0	13354
15659	11863	111	217	95	0	12286
15660	200	11860	69	33	0	12162
15661	85	99	92	11643	0	11919
15662	66	30	25	12060	0	12181
15663	50	21	27	12243	0	12341
15664	36	27	12331	179	0	12573
15665	51	15	130	12275	0	12471
15666	42	21	13135	164	0	13362
15667	13767	14	161	91	0	14033
15668	14625	18	54	89	0	14786
15669	270	14	37	14783	0	15104
15670	89	22	14990	228	0	15329
15671	14862	15	221	122	0	15220
15672	269	24	17914	55	0	18262
15673	130	8	313	17899	0	18350
15674	100	16	96	18605	0	18817
15675	107	10	61	19021	0	19199
15676	93	12	41	19295	0	19441
15677	18563	9	37	495	0	19104
15678	339	18941	55	160	0	19495
15679	117	322	18417	101	0	18957
15680	68	18537	346	84	0	19035
15681	18644	338	90	96	0	19168
15682	413	95	57	18606	0	19171
15683	18775	54	45	422	0	19296
15684	420	30	50	18868	0	19368
15685	177	46	24	19038	0	19285
15686	118	26	55	19221	0	19420
15687	69	37	18639	491	0	19236
15688	64	18424	347	208	0	19043
15689	75	311	18851	145	0	19382
15690	106	91	357	18883	0	19437
15691	19114	50	107	456	0	19727
15692	19058	64	66	219	0	19407
15693	19266	40	83	168	0	19557
15694	442	19093	70	121	0	19726
15695	19548	331	57	164	0	20100
15696	449	99	59	19542	0	20149
15697	188	60	55	19785	0	20088
15698	154	49	51	19680	0	19934
15699	99	19550	66	505	0	20220
15700	152	333	49	18601	0	19135
15701	96	19120	95	405	0	19716
15702	19093	391	55	217	0	19756
15703	19426	126	66	155	0	19773
15704	483	72	48	19456	0	20059
15705	189	65	19085	464	0	19803
15706	19097	56	337	237	0	19727
15707	462	54	94	19655	0	20265
15708	166	76	19410	463	0	20115
15709	18827	71	359	225	0	19482
15710	464	57	106	19638	0	20265
15711	19395	64	67	521	0	20047
15712	418	19176	73	230	0	19897
15713	200	372	70	19077	0	19719
15714	148	19623	58	443	0	20272
15715	157	427	47	19913	0	20544
15716	131	19905	74	464	0	20574
15717	161	377	60	20504	0	21102
15718	123	114	20149	461	0	20847
15719	17444	90	346	308	0	18188
15720	384	20092	124	166	0	20766
15721	170	314	19674	142	0	20300
15722	19398	99	328	201	0	20026
15723	437	85	100	20082	0	20704
15724	170	79	19942	402	0	20593
15725	111	20253	325	204	0	20893
15726	136	310	114	20782	0	21342
15727	106	124	21102	408	0	21740
15728	113	113	306	21077	0	21609
15729	108	95	113	21646	0	21962
15730	118	94	22015	441	0	22668
15731	143	75	315	22146	0	22679
15732	112	91	22796	439	0	23438
15733	151	75	347	22898	0	23471
15734	145	95	24710	458	0	25408
15735	169	89	368	24961	0	25587
15736	154	83	154	25224	0	25615
15737	149	92	111	25114	0	25466
15738	107	24847	129	487	0	25570
15739	25044	328	122	330	0	25824
15740	25368	127	91	291	0	25877
15741	446	88	123	25665	0	26322
15742	25845	71	113	559	0	26588
15743	412	88	25745	286	0	26531
15744	163	26421	354	248	0	27186
15745	26860	314	144	322	0	27640
15746	365	27088	135	226	0	27814
15747	188	349	104	27616	0	28257
15748	164	151	120	27962	0	28397
15749	27195	122	100	556	0	27973
15750	421	96	84	27380	0	27981
15751	192	79	27024	487	0	27782
15752	163	26811	322	244	0	27540
15753	27139	334	104	249	0	27826
15754	415	132	90	26943	0	27580
15755	167	27268	91	456	0	27982
15756	180	337	96	27549	0	28162
15757	136	27955	104	395	0	28590
15758	28154	358	86	280	0	28878
15759	28087	142	90	285	0	28604
15760	438	131	27610	181	0	28360
15761	217	124	27129	160	0	27630
15762	187	77	320	27410	0	27994
15763	130	28071	146	364	0	28711
15764	194	287	88	28662	0	29231
15765	28393	100	81	513	0	29087
15766	301	98	27382	185	0	27966
15767	181	124	220	26108	0	26633
15768	110	49	26435	297	0	26891
15769	103	73	25108	143	0	25427
15770	84	26949	252	130	0	27415
15771	371	548	181	25648	0	26748
15772	24138	50	69	202	0	24459
15773	99	25	24163	35	0	24322
15774	29	23743	89	38	0	23899
15775	23759	46	30	77	0	23912
15776	63	22	16	24002	0	24103
15777	24804	16	7	170	0	24997
15778	24972	10	9	159	0	25150
15779	25219	9	18	149	0	25395
15780	82	22	26957	23	0	27084
15781	25837	9	92	87	0	26025
15782	27413	12	25	113	0	27563
15783	115	28625	30	25	0	28795
15784	78	113	16	29321	0	29528
15785	57	40	12	29225	0	29334
15786	42	13	14	29919	0	29988
15787	30332	16	9	213	0	30570
15788	29422	12	14	149	0	29597
15789	195	29	29879	40	0	30143
15790	120	11	137	29806	0	30074
15791	40	29912	59	153	0	30164
15792	30458	134	24	140	0	30756
15793	165	72	30350	34	0	30621
15794	132	26	142	29789	0	30089
15795	110	18	64	30410	0	30602
15796	59	30400	47	196	0	30702
15797	72	158	36	31035	0	31301
15798	145	58	30	29362	0	29595
15799	76	47	25	31242	0	31390
15800	31076	20	18	350	0	31464
15801	196	29	36	30976	0	31237
15802	96	24	19	31081	0	31220
15803	31335	15	18	417	0	31785
15804	220	39	20	31713	0	31992
15805	77	34781	36	276	0	35170
15806	36307	357	14	271	0	36949
15807	37636	150	24	230	0	38040
15808	38666	73	26	210	0	38975
15809	41661	38	14	224	0	41937
15810	873	43544	46	141	0	44604
15811	48489	686	18	192	0	49385
15812	49515	221	25	193	0	49954
15813	1328	177	10	48794	0	50309
15814	479	92	48437	950	0	49958
15815	472	58	867	48295	0	49692
15816	357	40	218	49012	0	49627
15817	303	38	162	48670	0	49173
15818	275	70	82	48762	0	49189
15819	287	34	58	49158	0	49537
15820	47493	33	44	1589	0	49159
15821	1129	33	31	47986	0	49179
15822	384	61	48033	1282	0	49760
15823	424	70	900	47384	0	48778
15824	214	47912	279	1260	0	49665
15825	332	932	174	48240	0	49678
15826	175	274	48158	1246	0	49853
15827	43267	176	993	694	0	45130
15828	46466	120	304	542	0	47432
15829	1283	102	48217	326	0	49928
15830	513	47627	983	296	0	49419
15831	48727	926	315	444	0	50412
15832	48981	280	206	382	0	49849
15833	49342	228	102	366	0	50038
15834	47865	110	126	288	0	48389
15835	1732	97	102	46305	0	48236
15836	760	132	46413	1128	0	48433
15837	687	126	1022	46420	0	48255
15838	571	146	310	48175	0	49202
15839	407	111	47490	1504	0	49512
15840	391	120	47092	710	0	48313
15841	46275	78	1326	673	0	48352
15842	1316	47092	569	471	0	49448
15843	700	1042	393	47523	0	49658
15844	503	343	46382	1415	0	48643
15845	44383	254	1181	861	0	46679
15846	1408	173	46047	649	0	48277
15847	44945	140	1293	677	0	47055
15848	1480	45823	538	587	0	48428
15849	792	1094	426	46337	0	48649
15850	607	415	45878	1481	0	48381
15851	43890	290	1203	864	0	46247
15852	1420	45236	589	628	0	47873
15853	674	47833	505	470	0	49482
15854	749	1365	416	47313	0	49843
15855	610	664	295	49010	0	50579
15856	49757	491	293	1851	0	52392
15857	1646	49288	331	918	0	52183
15858	979	1355	333	50405	0	53072
15859	49832	494	282	1865	0	52473
15860	51452	422	259	973	0	53106
15861	52251	368	272	921	0	53812
15862	2295	305	51994	710	0	55304
15863	1215	214	52838	729	0	54996
15864	54424	214	1833	816	0	57287
15865	2015	54415	835	732	0	57997
15866	924	56200	581	755	0	58460
15867	958	1915	474	53340	0	56687
15868	657	55099	490	1921	0	58167
15869	55202	1860	467	1109	0	58638
15870	2135	783	452	54816	0	58186
15871	985	676	54205	2001	0	57867
15872	54307	457	1776	1068	0	57608
15873	56020	448	745	889	0	58102
15874	2675	429	596	54607	0	58307
15875	1450	395	520	55782	0	58147
15876	1175	384	585	55939	0	58083
15877	1095	355	500	55521	0	57471
15878	906	485	52271	2617	0	56279
15879	847	51936	1723	1349	0	55855
15880	916	1830	709	47956	0	51411
15881	794	51137	613	2106	0	54650
15882	926	1981	487	47848	0	51242
15883	755	49555	469	2167	0	52946
15884	49195	1980	437	1312	0	52924
15885	49501	792	455	1191	0	51939
15886	2396	48799	528	907	0	52630
15887	48982	1754	473	869	0	52078
15888	2420	810	462	48518	0	52210
15889	48034	710	462	2140	0	51346
15890	2311	47821	478	1100	0	51710
15891	48229	1902	479	914	0	51524
15892	49424	911	520	728	0	51583
15893	2620	832	464	47494	0	51410
15894	1386	704	46978	1957	0	51025
15895	1108	46837	1658	1005	0	50608
15896	1053	1865	698	47391	0	51007
15897	47404	959	560	2161	0	51084
15898	2210	840	46427	1071	0	50548
15899	1366	703	1578	46425	0	50072
15900	1148	657	664	47925	0	50394
15901	47075	506	577	2515	0	50673
15902	47819	540	480	1450	0	50289
15903	47038	545	452	1201	0	49236
15904	2581	45201	456	1026	0	49264
15905	42312	1501	329	951	0	45093
15906	2003	620	39503	885	0	43011
15907	1057	551	38427	807	0	40842
15908	907	486	38142	688	0	40223
15909	1091	2050	1757	32207	0	37105
15910	612	370	31829	1133	0	33944
15911	27253	260	749	545	0	28807
15912	957	218	350	27559	0	29084
15913	580	226	27628	872	0	29306
15914	28319	216	732	569	0	29836
15915	1028	226	345	28538	0	30137
15916	602	241	275	29131	0	30249
15917	29062	190	259	1067	0	30578
15918	976	235	281	29666	0	31158
15919	558	240	29621	953	0	31372
15920	500	238	797	30025	0	31560
15921	501	194	30359	945	0	31999
15922	471	194	870	29950	0	31485
15923	29504	153	433	1092	0	31182
15924	922	28439	345	607	0	30313
15925	556	29840	282	514	0	31192
15926	570	770	235	29633	0	31208
15927	500	364	259	29819	0	30942
15928	434	28749	293	1061	0	30537
15929	434	28584	238	679	0	29935
15930	418	785	261	28218	0	29682
15931	397	351	281	28525	0	29554
15932	27369	236	275	1183	0	29063
15933	827	26895	288	671	0	28681
15934	428	26901	266	543	0	28138
15935	375	27999	266	480	0	29120
15936	26701	860	288	486	0	28335
15937	813	381	26440	422	0	28056
15938	25994	302	698	462	0	27456
15939	827	268	336	26065	0	27496
15940	441	24706	255	869	0	26271
15941	397	26229	180	513	0	27319
15942	26003	771	191	439	0	27404
15943	808	417	233	25223	0	26681
15944	416	27502	216	827	0	28961
15945	27846	731	247	564	0	29388
15946	28431	361	208	489	0	29489
15947	974	309	27728	355	0	29366
15948	27976	325	649	370	0	29320
15949	28692	295	323	353	0	29663
15950	984	276	202	27795	0	29257
15951	507	26965	235	854	0	28561
15952	421	27799	177	491	0	28888
15953	464	908	119	26873	0	28364
15954	25988	404	160	842	0	27394
15955	771	305	24353	464	0	25893
15956	466	218	23387	294	0	24365
15957	487	202	22923	262	0	23874
15958	472	197	23290	189	0	24148
15959	232	23217	589	221	0	24259
15960	240	22955	409	205	0	23809
15961	399	599	21266	177	0	22441
15962	297	333	20468	184	0	21282
15963	95	18371	472	137	0	19075
15964	131	226	205	17016	0	17578
15965	15	107	18071	178	0	18371
15966	70	67	196	17588	0	17921
15967	57	43	111	18584	0	18795
15968	51	25	68	18999	0	19143
15969	53	23	66	19798	0	19940
15970	30	27	19552	349	0	19958
15971	58	16	263	18978	0	19315
15972	19272	36	118	338	0	19764
15973	246	46	19034	138	0	19464
15974	19224	28	273	124	0	19649
15975	305	22	131	19785	0	20243
15976	124	43	19958	290	0	20415
15977	19710	27	300	168	0	20205
15978	320	24	134	20183	0	20661
15979	20385	14	71	346	0	20816
15980	333	22	58	20097	0	20510
15981	138	20044	47	325	0	20554
15982	80	262	20748	168	0	21258
15983	89	97	281	20948	0	21415
15984	21108	50	123	377	0	21658
15985	21288	45	78	180	0	21591
15986	21386	22	67	120	0	21595
15987	21265	30	51	128	0	21474
15988	21049	38	51	107	0	21245
15989	383	20866	64	80	0	21393
15990	21206	273	51	115	0	21645
15991	353	121	20802	74	0	21350
15992	20891	50	272	122	0	21335
15993	387	65	115	20329	0	20896
15994	175	56	20997	272	0	21500
15995	105	69	20737	133	0	21044
15996	117	46	382	20844	0	21389
15997	21238	37	164	371	0	21810
15998	346	21080	115	145	0	21686
15999	21229	283	74	142	0	21728
16000	372	21411	78	91	0	21952
16001	236	314	73	21992	0	22615
16002	180	146	59	22388	0	22773
16003	22250	79	64	473	0	22866
16004	394	73	79	22498	0	23044
16005	210	69	22491	382	0	23152
16006	22456	47	317	248	0	23068
16007	405	49	154	23353	0	23961
16008	225	58	104	23483	0	23870
16009	132	58	23238	489	0	23917
16010	21639	45	373	338	0	22395
16011	23177	53	152	193	0	23575
16012	494	23326	107	112	0	24039
16013	237	361	23040	83	0	23721
16014	144	138	22537	98	0	22917
16015	168	153	445	22424	0	23190
16016	148	87	185	22238	0	22658
16017	115	22478	110	468	0	23171
16018	111	302	22047	185	0	22645
16019	130	107	386	21411	0	22034
16020	92	67	21993	390	0	22542
16021	115	64	370	21157	0	21706
16022	79	21533	195	387	0	22194
16023	118	323	125	22226	0	22792
16024	133	128	98	22270	0	22629
16025	130	80	93	22025	0	22328
16026	21712	66	103	529	0	22410
16027	388	66	21556	226	0	22236
16028	148	22449	360	196	0	23153
16029	124	367	166	23505	0	24162
16030	23947	163	93	523	0	24726
16031	473	66	84	24451	0	25074
16032	24493	63	96	580	0	25232
16033	486	62	24510	275	0	25333
16034	24678	44	455	203	0	25380
16035	565	56	196	25394	0	26211
16036	265	51	25456	559	0	26331
16037	155	25235	491	288	0	26169
16038	220	432	202	25128	0	25982
16039	173	169	104	25769	0	26215
16040	25078	78	123	673	0	25952
16041	499	24720	118	268	0	25605
16042	216	24303	105	199	0	24823
16043	146	25233	92	204	0	25675
16044	23477	515	99	189	0	24280
16045	478	23731	75	155	0	24439
16046	276	441	73	23553	0	24343
16047	203	166	82	23923	0	24374
16048	23594	80	85	610	0	24369
16049	456	23394	60	254	0	24164
16050	221	434	65	23858	0	24578
16051	24348	176	58	565	0	25147
16052	24504	95	65	296	0	24960
16053	24502	71	61	233	0	24867
16054	602	24026	77	145	0	24850
16055	23726	365	61	133	0	24285
16056	493	163	48	23461	0	24165
16057	194	22835	75	403	0	23507
16058	113	23560	60	187	0	23920
16059	195	443	53	23371	0	24062
16060	23196	145	49	488	0	23878
16061	23632	89	53	248	0	24022
16062	501	108	43	22950	0	23602
16063	172	22762	55	433	0	23422
16064	22992	361	45	233	0	23631
16065	404	169	22260	113	0	22946
16066	189	120	21650	120	0	22079
16067	21494	83	357	157	0	22091
16068	371	71	21542	122	0	22106
16069	193	60	292	20514	0	21059
16070	20821	64	120	330	0	21335
16071	329	71	53	21314	0	21767
16072	153	58	21223	342	0	21776
16073	109	21453	292	170	0	22024
16074	133	292	90	22021	0	22536
16075	93	127	21832	320	0	22372
16076	20999	81	295	192	0	21567
16077	347	61	100	21832	0	22340
16078	147	63	21900	333	0	22443
16079	110	63	278	21484	0	21935
16080	80	21505	118	317	0	22020
16081	103	288	57	22534	0	22982
16082	107	107	52	22442	0	22708
16083	117	57	42	21980	0	22196
16084	73	21927	40	420	0	22460
16085	22525	288	48	229	0	23090
16086	318	111	56	22827	0	23312
16087	173	73	54	22962	0	23262
16088	136	59	45	23246	0	23486
16089	98	63	22965	442	0	23568
16090	99	63	297	23051	0	23510
16091	23232	56	110	462	0	23860
16092	346	23252	74	212	0	23884
16093	180	308	57	23922	0	24467
16094	125	143	54	24158	0	24480
16095	23839	97	46	516	0	24498
16096	338	24044	64	245	0	24691
16097	24438	340	47	195	0	25020
16098	25197	138	35	176	0	25546
16099	531	66	58	24928	0	25583
16100	24935	66	52	453	0	25506
16101	420	24262	47	219	0	24948
16102	24776	367	38	181	0	25362
16103	486	157	40	25457	0	26140
16104	26992	92	29	488	0	27601
16105	27588	81	31	265	0	27965
16106	674	87	26147	159	0	27067
16107	27034	64	345	175	0	27618
16108	27889	51	103	181	0	28224
16109	28318	52	65	258	0	28693
16110	794	64	29512	113	0	30483
16111	281	29588	661	114	0	30644
16112	297	685	180	29844	0	31006
16113	29893	213	117	746	0	30969
16114	752	29378	86	268	0	30484
16115	29687	704	51	215	0	30657
16116	932	224	43	29938	0	31137
16117	333	157	29795	763	0	31048
16118	30572	94	690	301	0	31657
16119	965	71	192	31314	0	32542
16120	363	67	31149	810	0	32389
16121	31395	54	788	371	0	32608
16122	972	67	32136	177	0	33352
16123	500	71	848	33007	0	34426
16124	348	59	306	34915	0	35628
16125	34371	56	173	1237	0	35837
16126	34746	67	105	535	0	35453
16127	1224	34166	121	319	0	35830
16128	34220	848	100	280	0	35448
16129	1142	267	32646	139	0	34194
16130	473	177	32718	150	0	33518
16131	32180	121	1001	227	0	33529
16132	1035	32472	403	117	0	34027
16133	32035	800	252	159	0	33246
16134	1012	31977	174	114	0	33277
16135	31974	881	162	149	0	33166
16136	1136	285	140	31391	0	32952
16137	497	188	31449	845	0	32979
16138	468	147	787	31369	0	32771
16139	400	98	271	32520	0	33289
16140	31948	101	218	1181	0	33448
16141	1013	129	31506	443	0	33091
16142	31154	93	855	414	0	32516
16143	1068	31026	352	263	0	32709
16144	31552	819	251	252	0	32874
16145	1175	300	185	30845	0	32505
16146	547	239	30626	905	0	32317
16147	463	194	868	30747	0	32272
16148	30970	132	342	1047	0	32491
16149	1092	160	252	30928	0	32432
16150	553	108	228	30786	0	31675
16151	396	29315	188	1187	0	31086
16152	419	788	187	30187	0	31581
16153	333	281	29630	1147	0	31391
16154	388	212	868	29817	0	31285
16155	374	150	341	30540	0	31405
16156	29579	119	260	1313	0	31271
16157	1084	146	210	29763	0	31203
16158	514	133	29121	1188	0	30956
16159	435	29150	904	550	0	31039
16160	426	830	379	29513	0	31148
16161	424	310	265	30025	0	31024
16162	29431	250	216	1295	0	31192
16163	1083	28669	207	587	0	30546
16164	525	883	196	29433	0	31037
16165	28436	343	207	1190	0	30176
16166	29528	263	164	603	0	30558
16167	1291	199	163	29214	0	30867
16168	616	174	29017	1172	0	30979
16169	29238	162	873	675	0	30948
16170	1192	168	369	30147	0	31876
16171	29860	141	290	1291	0	31582
16172	30351	143	258	690	0	31442
16173	1335	28797	200	534	0	30866
16174	28919	871	206	501	0	30497
16175	1254	28749	215	405	0	30623
16176	692	958	206	28970	0	30826
16177	561	430	187	29020	0	30198
16178	470	28578	186	1253	0	30487
16179	29126	934	163	725	0	30948
16180	29175	364	203	591	0	30333
16181	1296	298	27592	475	0	29661
16182	663	262	27666	462	0	29053
16183	590	187	1045	28046	0	29868
16184	28192	177	421	1262	0	30052
16185	1203	160	329	28056	0	29748
16186	663	173	261	28710	0	29807
16187	506	160	28025	1420	0	30111
16188	443	191	28203	735	0	29572
16189	426	167	28347	610	0	29550
16190	27401	193	1178	568	0	29340
16191	28124	187	558	492	0	29361
16192	1272	26672	364	447	0	28755
16193	658	27529	290	400	0	28877
16194	573	1005	254	27294	0	29126
16195	436	428	27033	1098	0	28995
16196	26607	304	915	598	0	28424
16197	1109	245	27344	498	0	29196
16198	562	189	929	26812	0	28492
16199	493	149	392	27699	0	28733
16200	425	148	300	27865	0	28738
16201	425	126	312	28125	0	28988
16202	27014	120	251	1402	0	28787
16203	1109	144	208	26465	0	27926
16204	468	109	24812	1108	0	26497
16205	23358	107	714	642	0	24821
16206	886	134	23938	444	0	25402
16207	444	126	23572	384	0	24526
16208	371	23133	916	324	0	24744
16209	547	494	605	20728	0	22374
16210	20609	181	301	560	0	21651
16211	527	109	151	20696	0	21483
16212	270	116	20419	543	0	21348
16213	224	50	417	20750	0	21441
16214	20456	55	225	599	0	21335
16215	423	20411	144	380	0	21358
16216	20048	344	131	322	0	20845
16217	487	19711	98	249	0	20545
16218	19389	350	118	280	0	20137
16219	437	18956	123	148	0	19664
16220	237	19096	81	154	0	19568
16221	194	384	18307	93	0	18978
16222	187	17947	345	106	0	18585
16223	15963	190	168	73	0	16394
16224	192	109	27	15792	0	16120
16225	16010	32	21	205	0	16268
16226	181	16306	22	89	0	16598
16227	16177	193	22	80	0	16472
16228	241	74	16188	24	0	16527
16229	115	44	220	16054	0	16433
16230	64	16257	74	226	0	16621
16231	74	229	36	16882	0	17221
16232	75	79	29	17040	0	17223
16233	18645	55	13	387	0	19100
16234	382	18836	31	125	0	19374
16235	19188	377	40	113	0	19718
16236	451	139	19285	57	0	19932
16237	185	82	18872	37	0	19176
16238	91	19073	499	57	0	19720
16239	108	390	158	19211	0	19867
16240	68	136	19391	394	0	19989
16241	135	88	435	18551	0	19209
16242	103	61	157	19940	0	20261
16243	45	52	19150	582	0	19829
16244	48	43	19429	210	0	19730
16245	47	56	20082	136	0	20321
16246	81	48	20097	120	0	20346
16247	59	20571	600	106	0	21336
16248	117	430	242	20584	0	21373
16249	88	147	168	21311	0	21714
16250	48	95	20870	567	0	21580
16251	75	87	484	20617	0	21263
16252	47	69	21807	558	0	22481
16253	93	44	532	21594	0	22263
16254	74	55	219	21759	0	22107
16255	51	21748	119	639	0	22557
16256	72	442	127	22149	0	22790
16257	83	153	124	22226	0	22586
16258	95	93	105	22407	0	22700
16259	61	97	21679	655	0	22492
16260	32	21588	465	330	0	22415
16261	21558	453	177	276	0	22464
16262	21824	180	115	241	0	22360
16263	593	99	102	21630	0	22424
16264	264	110	76	21415	0	21865
16265	147	21752	89	615	0	22603
16266	21666	438	98	325	0	22527
16267	445	22115	66	202	0	22828
16268	21517	483	73	189	0	22262
16269	491	212	21037	118	0	21858
16270	20471	93	439	182	0	21185
16271	475	20998	196	120	0	21789
16272	222	443	117	21215	0	21997
16273	158	161	110	21321	0	21750
16274	117	21106	91	557	0	21871
16275	21386	470	67	284	0	22207
16276	491	171	79	21826	0	22567
16277	209	114	72	22388	0	22783
16278	22077	119	68	687	0	22951
16279	22540	90	58	332	0	23020
16280	630	81	22084	180	0	22975
16281	22378	89	504	186	0	23157
16282	618	66	198	22585	0	23467
16283	258	74	22635	552	0	23519
16284	182	76	506	22366	0	23130
16285	121	96	22199	615	0	23031
16286	96	77	22458	308	0	22939
16287	114	112	646	22275	0	23147
16288	99	72	22623	592	0	23386
16289	72	22840	585	301	0	23798
16290	117	471	233	22939	0	23760
16291	132	177	133	24020	0	24462
16292	111	113	23706	673	0	24603
16293	84	23635	544	321	0	24584
16294	23894	490	230	300	0	24914
16295	557	192	150	24387	0	25286
16296	24397	133	130	671	0	25331
16297	567	24186	125	312	0	25190
16298	238	557	24553	213	0	25561
16299	185	206	583	24258	0	25232
16300	24257	138	263	661	0	25319
16301	551	138	24249	286	0	25224
16302	23453	99	596	268	0	24416
16303	590	23667	256	222	0	24735
16304	235	23941	162	189	0	24527
16305	23829	584	178	205	0	24796
16306	600	224	166	23732	0	24722
16307	250	151	127	23736	0	24264
16308	164	24005	106	712	0	24987
16309	171	503	92	24641	0	25407
16310	125	207	119	24971	0	25422
16311	24351	141	106	807	0	25405
16312	544	105	112	24379	0	25140
16313	225	87	24287	692	0	25291
16314	194	60	541	24319	0	25114
16315	181	79	211	25278	0	25749
16316	107	116	25088	743	0	26054
16317	132	137	522	25173	0	25964
16318	24758	85	192	776	0	25811
16319	24448	63	141	438	0	25090
16320	24675	64	126	348	0	25213
16321	701	96	103	24538	0	25438
16322	291	123	24403	630	0	25447
16323	223	24327	472	344	0	25366
16324	229	451	175	24713	0	25568
16325	165	170	24832	581	0	25748
16326	187	108	457	24439	0	25191
16327	138	92	199	24953	0	25382
16328	24216	59	117	730	0	25122
16329	424	24915	137	322	0	25798
16330	215	373	24425	239	0	25252
16331	23130	157	435	255	0	23977
16332	497	23873	186	162	0	24718
16333	131	22370	70	131	0	22702
16334	22827	287	213	157	0	23484
16335	365	117	59	23144	0	23685
16336	134	96	25064	334	0	25628
16337	150	75	321	24704	0	25250
16338	73	25131	131	366	0	25701
16339	25472	327	67	220	0	26086
16340	388	113	52	25656	0	26209
16341	25975	65	46	427	0	26513
16342	397	62	51	25787	0	26297
16343	147	26425	78	354	0	27004
16344	26829	315	53	234	0	27431
16345	26838	136	58	184	0	27216
16346	456	26704	51	108	0	27319
16347	26254	345	33	162	0	26794
16348	431	118	42	25894	0	26485
16349	140	25879	59	381	0	26459
16350	26144	367	26	217	0	26754
16351	399	26425	49	97	0	26970
16352	26045	366	32	185	0	26628
16353	451	141	25	26059	0	26676
16354	26341	77	32	445	0	26895
16355	26453	91	34	227	0	26805
16356	26663	94	28	180	0	26965
16357	527	75	18	26480	0	27100
16358	245	105	24	26921	0	27295
16359	26637	64	25	512	0	27238
16360	434	69	27135	201	0	27839
16361	237	83	326	27143	0	27789
16362	172	27660	109	439	0	28380
16363	204	387	53	28263	0	28907
16364	194	142	45	28498	0	28879
16365	129	103	27973	566	0	28771
16366	220	78	364	29898	0	30560
16367	142	31523	152	613	0	32430
16368	190	627	66	32620	0	33503
16369	162	293	35170	741	0	36366
16370	246	150	727	35288	0	36411
16371	203	106	299	36503	0	37111
16372	35464	69	170	1287	0	36990
16373	35854	56	110	655	0	36675
16374	1174	124	81	35289	0	36668
16375	503	33933	113	973	0	35522
16376	257	35138	69	556	0	36020
16377	222	987	34557	316	0	36082
16378	299	487	764	34509	0	36059
16379	34544	238	357	999	0	36138
16380	896	183	169	34944	0	36192
16381	387	162	34712	999	0	36260
16382	303	138	796	34756	0	35993
16383	286	104	340	35384	0	36114
16384	282	93	190	35944	0	36509
16385	198	100	34820	1295	0	36413
16386	197	34824	754	680	0	36455
16387	34557	772	331	540	0	36200
16388	34654	364	199	408	0	35625
16389	1152	240	152	33769	0	35313
16390	497	180	33639	921	0	35237
16391	308	33503	795	513	0	35119
16392	375	896	337	32542	0	34150
16393	221	33169	227	878	0	34495
16394	167	34237	167	466	0	35037
16395	33271	1003	158	433	0	34865
16396	801	458	33180	305	0	34744
16397	392	285	33215	229	0	34121
16398	378	230	960	32914	0	34482
16399	299	164	413	34207	0	35083
16400	234	178	33978	1037	0	35427
16401	321	125	788	33270	0	34504
16402	190	107	33848	1022	0	35167
16403	31935	123	887	681	0	33626
16404	848	121	411	33583	0	34963
16405	409	149	34333	955	0	35846
16406	335	160	802	33003	0	34300
16407	234	35935	394	898	0	37461
16408	35583	759	235	682	0	37259
16409	778	35945	236	377	0	37336
16410	36308	826	204	423	0	37761
16411	886	431	35542	315	0	37174
16412	35888	240	778	389	0	37295
16413	966	203	391	36460	0	38020
16414	492	187	36590	919	0	38188
16415	387	145	834	36295	0	37661
16416	278	155	35790	1025	0	37248
16417	33773	115	890	717	0	35495
16418	837	36017	477	483	0	37814
16419	484	796	296	35193	0	36769
16420	304	36690	231	885	0	38110
16421	36504	895	222	607	0	38228
16422	36658	440	200	481	0	37779
16423	1100	36563	184	349	0	38196
16424	620	875	177	36930	0	38602
16425	409	443	190	37177	0	38219
16426	312	282	167	37200	0	37961
16427	36187	218	216	1412	0	38033
16428	811	35947	214	812	0	37784
16429	482	799	202	35960	0	37443
16430	304	424	229	36473	0	37430
16431	35392	242	205	1386	0	37225
16432	875	247	34708	787	0	36617
16433	496	209	33983	578	0	35266
16434	33179	181	962	532	0	34854
16435	887	140	33718	385	0	35130
16436	480	180	31178	295	0	32133
16437	387	219	988	30639	0	32233
16438	31409	131	573	857	0	32970
16439	770	128	344	31496	0	32738
16440	417	138	31069	908	0	32532
16441	29556	154	751	616	0	31077
16442	812	169	30533	374	0	31888
16443	416	30925	800	309	0	32450
16444	361	690	465	32120	0	33636
16445	32510	308	319	871	0	34008
16446	716	211	272	32714	0	33913
16447	392	125	250	33230	0	33997
16448	33788	103	197	1120	0	35208
16449	739	95	157	34398	0	35389
16450	427	82	173	35193	0	35875
16451	278	111	34779	1063	0	36231
16452	264	91	635	34788	0	35778
16453	35203	90	361	992	0	36646
16454	35235	85	233	644	0	36197
16455	35471	115	217	411	0	36214
16456	1015	136	143	34742	0	36036
16457	505	34342	157	711	0	35715
16458	34804	578	127	510	0	36019
16459	733	35000	144	301	0	36178
16460	34377	610	111	313	0	35411
16461	785	311	138	34329	0	35563
16462	34132	181	124	745	0	35182
16463	34088	114	124	539	0	34865
16464	34222	90	163	396	0	34871
16465	928	33393	146	238	0	34705
16466	334	31813	109	178	0	32434
16467	30667	329	73	201	0	31270
16468	373	31150	56	119	0	31698
16469	64	28996	20	47	0	29127
16470	55	29268	50	21	0	29394
16471	29453	285	108	110	0	29956
16472	277	131	8	29311	0	29727
16473	157	48	1	29760	0	29966
16474	29898	24	0	455	0	30377
16475	258	38	30536	142	0	30974
16476	217	18	226	33923	0	34384
16477	157	36	102	34575	0	34870
16478	136	13	36	37644	0	37829
16479	130	31	23	38558	0	38742
16480	33	37573	58	1038	0	38702
16481	33	43774	46	463	0	44316
16482	44113	1054	17	426	0	45610
16483	1090	462	16	44282	0	45850
16484	489	267	16	45383	0	46155
16485	286	164	44239	1378	0	46067
16486	294	90	925	44657	0	45966
16487	120	106	45183	1409	0	46818
16488	259	88	1209	45243	0	46799
16489	91	81	46733	1441	0	48346
16490	45	46080	1360	712	0	48197
16491	203	1030	504	47066	0	48803
16492	46696	397	371	1504	0	48968
16493	47174	308	187	740	0	48409
16494	1611	197	142	46737	0	48687
16495	682	164	46555	1378	0	48779
16496	470	142	46509	621	0	47742
16497	44277	103	1469	704	0	46553
16498	1187	45523	701	462	0	47873
16499	46526	1127	465	443	0	48561
16500	46800	428	278	459	0	47965
16501	1638	369	45659	283	0	47949
16502	944	199	1283	45008	0	47434
16503	701	161	565	45821	0	47248
16504	542	206	384	47889	0	49021
16505	452	150	249	46368	0	47219
16506	570	76	228	45495	0	46369
16507	280	129	43114	2180	0	45703
16508	219	109	43423	1189	0	44940
16509	381	95	1666	43538	0	45680
16510	391	133	811	44555	0	45890
16511	416	136	500	45275	0	46327
16512	43483	165	349	2236	0	46233
16513	1544	156	283	43983	0	45966
16514	43739	107	260	2013	0	46119
16515	1782	114	284	44683	0	46863
16516	44826	70	211	2212	0	47319
16517	45974	68	216	1279	0	47537
16518	45207	82	246	1039	0	46574
16519	45470	65	250	816	0	46601
16520	45524	106	246	717	0	46593
16521	2276	100	276	43985	0	46637
16522	44010	127	273	1778	0	46188
16523	1895	42905	221	977	0	45998
16524	43971	1164	195	942	0	46272
16525	1961	440	205	44130	0	46736
16526	957	308	43310	1792	0	46367
16527	822	195	1318	44266	0	46601
16528	602	200	43810	2019	0	46631
16529	675	142	1556	44074	0	46447
16530	668	153	657	45535	0	47013
16531	582	147	43956	2183	0	46868
16532	565	136	44030	1279	0	46010
16533	610	113	1771	44305	0	46799
16534	44010	92	870	2030	0	47002
16535	1670	122	43781	1156	0	46729
16536	887	43550	1528	1018	0	46983
16537	712	1263	45054	725	0	47754
16538	44728	476	1741	727	0	47672
16539	1800	352	778	45169	0	48099
16540	45548	239	645	1873	0	48305
16541	46465	145	454	1110	0	48174
16542	2216	135	459	45563	0	48373
16543	1117	169	43679	1974	0	46939
16544	957	108	1499	43586	0	46150
16545	707	103	768	44305	0	45883
16546	42032	103	617	2471	0	45223
16547	1698	42302	475	1407	0	45882
16548	956	1241	447	43082	0	45726
16549	765	489	41794	1955	0	45003
16550	40578	432	1524	1197	0	43731
16551	1714	40871	745	1040	0	44370
16552	1081	1273	566	41778	0	44698
16553	842	555	418	42372	0	44187
16554	705	373	403	43083	0	44564
16555	41217	224	414	2576	0	44431
16556	42431	169	370	1515	0	44485
16557	2231	153	369	42105	0	44858
16558	1197	213	40912	2105	0	44427
16559	890	41048	1450	1259	0	44647
16560	41615	1324	668	1079	0	44686
16561	43085	533	561	873	0	45052
16562	2323	373	386	41763	0	44845
16563	1309	239	360	43164	0	45072
16564	973	227	41623	2288	0	45111
16565	679	41610	1526	1349	0	45164
16566	42371	1383	677	1142	0	45573
16567	41452	515	539	927	0	43433
16568	2030	40394	404	803	0	43631
16569	39478	1317	272	738	0	41805
16570	2044	476	299	38916	0	41735
16571	966	427	38104	1753	0	41250
16572	905	262	1343	38782	0	41292
16573	671	234	38062	1904	0	40871
16574	37312	198	1537	1139	0	40186
16575	1601	37030	669	923	0	40223
16576	758	1148	332	33482	0	35720
16577	522	337	33164	1366	0	35389
16578	425	246	31219	609	0	32499
16579	28893	272	1068	589	0	30822
16580	943	29043	525	416	0	30927
16581	24463	474	486	256	0	25679
16582	24141	159	209	233	0	24742
16583	24165	111	126	217	0	24619
16584	714	123	140	23593	0	24570
16585	289	97	23556	557	0	24499
16586	240	23522	441	242	0	24445
16587	282	504	223	23652	0	24661
16588	186	153	23935	502	0	24776
16589	152	116	22281	178	0	22727
16590	152	106	390	22255	0	22903
16591	106	60	22135	387	0	22688
16592	21484	43	368	206	0	22101
16593	398	78	143	22287	0	22906
16594	191	69	105	22887	0	23252
16595	22735	53	96	466	0	23350
16596	393	22354	97	180	0	23024
16597	23609	290	87	233	0	24219
16598	419	113	94	23501	0	24127
16599	193	81	91	23781	0	24146
16600	163	78	81	23861	0	24183
16601	163	64	89	23385	0	23701
16602	23020	48	92	506	0	23666
16603	377	62	22959	229	0	23627
16604	155	22789	335	179	0	23458
16605	157	275	123	23133	0	23688
16606	22223	122	100	422	0	22867
16607	23036	68	86	240	0	23430
16608	357	22996	101	162	0	23616
16609	22629	269	80	195	0	23173
16610	348	22742	87	138	0	23315
16611	142	23767	86	115	0	24110
16612	193	320	68	23927	0	24508
16613	111	122	23913	382	0	24528
16614	148	186	280	23389	0	24003
16615	23195	80	102	418	0	23795
16616	322	22977	84	162	0	23545
16617	175	267	68	23370	0	23880
16618	125	130	25243	339	0	25837
16619	25495	91	286	288	0	26160
16620	26624	58	90	246	0	27018
16621	26825	67	85	193	0	27170
16622	431	75	26009	96	0	26611
16623	25605	70	278	141	0	26094
16624	343	26263	126	96	0	26828
16625	179	282	82	25716	0	26259
16626	124	26420	79	276	0	26899
16627	26804	289	72	226	0	27391
16628	25998	118	86	215	0	26417
16629	368	90	27085	98	0	27641
16630	154	27154	276	111	0	27695
16631	127	294	139	27448	0	28008
16632	116	97	98	27658	0	27969
16633	141	72	68	27404	0	27685
16634	163	63	60	27570	0	27856
16635	148	56	56	28473	0	28733
16636	120	74	27474	465	0	28133
16637	105	27131	346	225	0	27807
16638	26932	348	121	197	0	27598
16639	402	132	27481	108	0	28123
16640	173	27875	360	129	0	28537
16641	28032	366	112	165	0	28675
16642	455	126	28686	94	0	29361
16643	27954	87	407	141	0	28589
16644	28034	89	133	208	0	28464
16645	28810	74	81	168	0	29133
16646	492	29121	84	149	0	29846
16647	197	445	28624	117	0	29383
16648	146	29126	433	121	0	29826
16649	340	499	158	25238	0	26235
16650	87	29292	93	388	0	29860
16651	29483	448	82	213	0	30226
16652	30486	130	73	183	0	30872
16653	29947	110	65	208	0	30330
16654	668	92	30262	101	0	31123
16655	258	31202	511	107	0	32078
16656	230	539	169	33900	0	34838
16657	36233	182	101	710	0	37226
16658	798	36012	87	260	0	37157
16659	403	724	68	35899	0	37094
16660	236	278	36603	730	0	37847
16661	36140	196	748	356	0	37440
16662	865	141	38460	178	0	39644
16663	352	102	39198	122	0	39774
16664	36913	82	1061	210	0	38266
16665	957	97	38078	74	0	39206
16666	36410	84	975	137	0	37606
16667	964	36681	400	86	0	38131
16668	37784	783	305	176	0	39048
16669	1109	306	190	37585	0	39190
16670	581	194	156	37514	0	38445
16671	417	118	168	38514	0	39217
16672	37805	103	140	1265	0	39313
16673	37771	82	153	597	0	38603
16674	38075	79	160	387	0	38701
16675	1295	36876	148	197	0	38516
16676	685	765	158	37387	0	38995
16677	421	310	37076	894	0	38701
16678	403	207	824	36183	0	37617
16679	265	35911	374	1025	0	37575
16680	400	800	201	36293	0	37694
16681	352	349	127	36949	0	37777
16682	36343	221	107	1298	0	37969
16683	1023	144	102	36691	0	37960
16684	431	155	36010	1200	0	37796
16685	373	126	35436	584	0	36519
16686	398	128	1086	35680	0	37292
16687	35351	131	493	1162	0	37137
16688	1091	147	275	35158	0	36671
16689	555	148	207	36063	0	36973
16690	363	107	35318	1327	0	37115
16691	253	34658	978	704	0	36593
16692	315	812	455	35437	0	37019
16693	34469	348	373	1189	0	36379
16694	942	34484	240	632	0	36298
16695	613	862	170	34969	0	36614
16696	441	374	34574	1091	0	36480
16697	375	251	918	33872	0	35416
16698	33065	178	501	1332	0	35076
16699	954	32931	384	633	0	34902
16700	488	872	33381	543	0	35284
16701	534	382	906	33056	0	34878
16702	331	322	33534	1178	0	35365
16703	32704	211	1055	748	0	34718
16704	33536	199	539	564	0	34838
16705	1255	236	33019	403	0	34913
16706	742	186	997	32805	0	34730
16707	501	211	33693	1097	0	35502
16708	370	33214	1150	602	0	35336
16709	384	893	594	33821	0	35692
16710	311	403	33553	1201	0	35468
16711	462	281	1089	31929	0	33761
16712	374	32326	595	1167	0	34462
16713	397	937	475	32880	0	34689
16714	297	428	32465	1310	0	34500
16715	31141	291	1120	820	0	33372
16716	1056	31893	623	588	0	34160
16717	32415	952	431	550	0	34348
16718	1254	451	30258	429	0	32392
16719	29816	302	1109	541	0	31768
16720	1247	259	29698	475	0	31679
16721	29485	256	1229	464	0	31434
16722	30506	284	605	471	0	31866
16723	1413	220	476	29691	0	31800
16724	844	230	397	30440	0	31911
16725	29741	261	304	1489	0	31795
16726	1191	29404	342	820	0	31757
16727	29809	933	390	631	0	31763
16728	1358	390	377	29154	0	31279
16729	747	28656	415	1129	0	30947
16730	679	940	334	29826	0	31779
16731	608	404	360	30562	0	31934
16732	543	318	358	30194	0	31413
16733	466	29170	343	1625	0	31604
16734	29037	854	320	844	0	31055
16735	1173	457	260	29227	0	31117
16736	624	347	28596	1271	0	30838
16737	491	264	28495	870	0	30120
16738	399	239	28865	741	0	30244
16739	28365	256	1177	661	0	30459
16740	28668	228	643	605	0	30144
16741	1256	221	27888	452	0	29817
16742	706	252	900	26571	0	28429
16743	563	233	491	27456	0	28743
16744	334	193	27959	1318	0	29804
16745	309	198	27901	827	0	29235
16746	367	180	1103	27924	0	29574
16747	27664	185	666	1086	0	29601
16748	27509	132	425	692	0	28758
16749	27489	148	382	604	0	28623
16750	1178	26411	415	480	0	28484
16751	596	26787	412	488	0	28283
16752	485	768	355	26376	0	27984
16753	26237	378	303	851	0	27769
16754	868	256	25238	526	0	26888
16755	23345	170	645	496	0	24656
16756	696	21351	290	320	0	22657
16757	203	19214	149	152	0	19718
16758	18937	364	175	192	0	19668
16759	364	18709	144	147	0	19364
16760	167	17998	113	95	0	18373
16761	17226	501	431	326	0	18484
16762	230	17258	92	88	0	17668
16763	96	151	34	16811	0	17092
16764	74	64	20	16947	0	17105
16765	16924	34	23	222	0	17203
16766	16882	29	35	115	0	17061
16767	184	17292	34	54	0	17564
16768	83	17728	31	45	0	17887
16769	62	165	17673	33	0	17933
16770	17941	96	167	64	0	18268
16771	18782	45	63	67	0	18957
16772	19398	32	33	71	0	19534
16773	276	22	32	19600	0	19930
16774	102	28	23	20371	0	20524
16775	20593	29	21	269	0	20912
16776	267	17	18	20657	0	20959
16777	93	34	20788	263	0	21178
16778	94	45	210	20765	0	21114
16779	53	21497	66	261	0	21877
16780	71	220	38	21927	0	22256
16781	82	72	20	22470	0	22644
16782	62	50	21	22673	0	22806
16783	22329	30	18	406	0	22783
16784	259	22267	33	141	0	22700
16785	125	240	26	22807	0	23198
16786	59	89	22790	302	0	23240
16787	67	63	21899	129	0	22158
16788	112	44	296	22370	0	22822
16789	97	35	99	22813	0	23044
16790	22476	28	59	385	0	22948
16791	308	40	38	22135	0	22521
16792	98	22220	36	344	0	22698
16793	65	262	22938	139	0	23404
16794	95	101	258	23229	0	23683
16795	49	55	23756	346	0	24206
16796	96	38	275	23737	0	24146
16797	23846	43	105	374	0	24368
16798	24051	55	55	193	0	24354
16799	335	23972	66	118	0	24491
16800	151	267	59	24448	0	24925
16801	25077	72	62	372	0	25583
16802	25540	54	42	203	0	25839
16803	25817	50	39	167	0	26073
16804	25883	26	33	144	0	26086
16805	25721	37	39	145	0	25942
16806	394	25214	56	88	0	25752
16807	25079	237	50	96	0	25462
16808	314	77	24889	72	0	25352
16809	170	36	253	25106	0	25565
16810	25545	34	64	343	0	25986
16811	25592	27	45	144	0	25808
16812	25635	31	33	136	0	25835
16813	364	59	25473	76	0	25972
16814	209	38	244	26076	0	26567
16815	26853	29	71	354	0	27307
16816	324	27140	71	123	0	27658
16817	28554	255	37	215	0	29061
16818	28381	74	30	161	0	28646
16819	28707	54	35	119	0	28915
16820	443	52	23	29249	0	29767
16821	29710	48	31	389	0	30178
16822	403	67	29656	137	0	30263
16823	195	71	29367	128	0	29761
16824	30083	40	340	171	0	30634
16825	393	38	30773	80	0	31284
16826	29393	25	302	140	0	29860
16827	377	35	30436	84	0	30932
16828	213	45	300	29949	0	30507
16829	30120	34	123	373	0	30650
16830	360	29750	90	146	0	30346
16831	30539	270	71	171	0	31051
16832	397	29720	63	86	0	30266
16833	189	31473	64	91	0	31817
16834	174	322	44	32162	0	32702
16835	174	112	60	32247	0	32593
16836	134	86	73	32232	0	32525
16837	114	63	31712	421	0	32310
16838	31020	44	332	269	0	31665
16839	33093	48	133	204	0	33478
16840	33410	36	86	155	0	33687
16841	33428	52	70	150	0	33700
16842	33408	37	60	175	0	33680
16843	555	57	31303	116	0	32031
16844	291	73	31794	79	0	32237
16845	230	52	413	32603	0	33298
16846	167	80	32931	392	0	33570
16847	32676	50	396	207	0	33329
16848	512	34402	159	131	0	35204
16849	288	424	71	36105	0	36888
16850	36377	131	89	592	0	37189
16851	693	65	71	37091	0	37920
16852	291	55	37400	559	0	38305
16853	240	78	37226	224	0	37768
16854	266	50	647	38677	0	39640
16855	185	43	38830	573	0	39631
16856	37694	35	626	289	0	38644
16857	656	54	276	38831	0	39817
16858	289	57	38943	605	0	39894
16859	205	38735	621	273	0	39834
16860	266	488	250	39887	0	40891
16861	222	194	40320	616	0	41352
16862	244	145	618	38978	0	39985
16863	247	71	237	39979	0	40534
16864	187	58	40454	831	0	41530
16865	231	48	658	40197	0	41134
16866	246	46	329	39307	0	39928
16867	205	41	215	40732	0	41193
16868	39439	54	148	966	0	40607
16869	643	38705	207	410	0	39965
16870	321	39700	139	269	0	40429
16871	192	712	38719	227	0	39850
16872	37537	237	614	277	0	38665
16873	618	170	38081	143	0	39012
16874	252	110	37676	187	0	38225
16875	203	90	716	37197	0	38206
16876	37582	49	284	751	0	38666
16877	539	37506	178	358	0	38581
16878	37408	495	199	304	0	38406
16879	37109	189	122	274	0	37694
16880	667	37223	120	210	0	38220
16881	37240	498	147	227	0	38112
16882	37296	201	127	194	0	37818
16883	649	37594	119	104	0	38466
16884	336	561	97	37832	0	38826
16885	280	204	132	38581	0	39197
16886	39328	111	97	770	0	40306
16887	608	39843	157	301	0	40909
16888	40933	641	123	261	0	41958
16889	41298	242	75	249	0	41864
16890	43169	130	66	260	0	43625
16891	1083	118	74	42567	0	43842
16892	516	102	58	43749	0	44425
16893	43156	87	60	1042	0	44345
16894	44025	113	74	444	0	44656
16895	44481	81	52	317	0	44931
16896	1257	77	63	45094	0	46491
16897	462	142	45143	940	0	46687
16898	373	74	846	46058	0	47351
16899	343	63	312	49146	0	49864
16900	297	116	47813	1354	0	49580
16901	251	125	51032	546	0	51954
16902	351	59	1438	51826	0	53674
16903	260	94	52085	1343	0	53782
16904	52315	53	1340	747	0	54455
16905	1437	72	568	52981	0	55058
16906	742	63	296	54418	0	55519
16907	54305	59	218	1927	0	56509
16908	1515	62	237	54154	0	55968
16909	828	47	169	54903	0	55947
16910	458	65	208	55450	0	56181
16911	439	63	184	55594	0	56280
16912	287	90	53145	2110	0	55632
16913	380	58	1228	53855	0	55521
16914	279	70	52697	1707	0	54753
16915	220	52592	1360	1007	0	55179
16916	331	1180	586	52480	0	54577
16917	267	478	51079	1621	0	53445
16918	48542	187	1338	1055	0	51122
16919	1347	50469	656	613	0	53085
16920	50923	1203	334	622	0	53082
16921	1597	498	276	49074	0	51445
16922	689	49092	248	1470	0	51499
16923	49208	1236	226	951	0	51621
16924	1393	49631	258	570	0	51852
16925	50016	1334	210	581	0	52141
16926	1570	643	221	49640	0	52074
16927	50062	292	196	1622	0	52172
16928	1520	50251	246	847	0	52864
16929	50634	1428	197	597	0	52856
16930	1673	593	49258	462	0	51986
16931	907	338	1331	49758	0	52334
16932	49471	225	585	1621	0	51902
16933	50062	242	292	949	0	51545
16934	2115	177	262	48720	0	51274
16935	942	248	48308	1606	0	51104
16936	606	46017	1309	898	0	48830
16937	531	48774	645	575	0	50525
16938	48846	1613	405	666	0	51530
16939	1669	628	252	48338	0	50887
16940	955	307	280	49406	0	50948
16941	48444	252	251	2092	0	51039
16942	48682	276	326	1047	0	50331
16943	1978	263	47730	636	0	50607
16944	1039	254	1325	47955	0	50573
16945	612	247	47217	1679	0	49755
16946	596	46687	1338	996	0	49617
16947	44919	1148	638	871	0	47576
16948	1336	45142	417	650	0	47545
16949	749	45535	303	596	0	47183
16950	738	1460	385	44965	0	47548
16951	43640	622	298	1562	0	46122
16952	1260	43551	320	916	0	46047
16953	43016	1246	270	730	0	45262
16954	1399	42355	293	590	0	44637
16955	837	1290	245	42955	0	45327
16956	42630	631	257	1545	0	45063
16957	1368	426	42601	939	0	45334
16958	960	447	1172	42582	0	45161
16959	601	363	42320	1486	0	44770
16960	553	40105	1199	952	0	42809
16961	500	41993	597	705	0	43795
16962	40285	1479	443	779	0	42986
16963	1261	41263	332	646	0	43502
16964	41155	1227	383	685	0	43450
16965	42028	666	318	655	0	43667
16966	1589	526	40313	530	0	42958
16967	40740	440	1114	616	0	42910
16968	1511	484	41538	469	0	44002
16969	941	41474	1187	497	0	44099
16970	41894	1228	588	544	0	44254
16971	1510	41525	424	505	0	43964
16972	973	1257	291	41964	0	44485
16973	42272	613	371	1417	0	44673
16974	1592	463	295	42085	0	44435
16975	904	435	42510	1455	0	45304
16976	701	478	1102	42481	0	44762
16977	643	469	545	43526	0	45183
16978	42742	484	327	1788	0	45341
16979	1485	422	42240	949	0	45096
16980	42626	397	1194	634	0	44851
16981	44387	345	601	636	0	45969
16982	1900	365	421	43503	0	46189
16983	1120	362	287	43980	0	45749
16984	43095	337	303	1786	0	45521
16985	1613	43701	323	858	0	46495
16986	1076	1131	279	42938	0	45424
16987	717	616	41827	1197	0	44357
16988	629	416	39862	797	0	41704
16989	543	41723	1225	589	0	44080
16990	609	1078	549	40292	0	42528
16991	562	654	310	40894	0	42420
16992	39825	462	270	1412	0	41969
16993	1252	369	250	39430	0	41301
16994	38019	303	282	1178	0	39782
16995	1129	36896	298	730	0	39053
16996	633	36899	220	478	0	38230
16997	498	38117	185	476	0	39276
16998	36912	964	362	566	0	38804
16999	34187	478	286	434	0	35385
17000	914	33378	185	330	0	34807
17001	29429	279	137	128	0	29973
17002	332	28981	52	89	0	29454
17003	181	331	48	28740	0	29300
17004	107	28709	43	307	0	29166
17005	28868	331	61	212	0	29472
17006	28941	125	29	145	0	29240
17007	388	105	31	28170	0	28694
17008	28393	91	32	343	0	28859
17009	348	110	32	28297	0	28787
17010	166	29001	53	326	0	29546
17011	160	363	44	29265	0	29832
17012	128	29060	47	314	0	29549
17013	29128	289	36	210	0	29663
17014	332	150	28180	120	0	28782
17015	27685	90	216	139	0	28130
17016	305	87	73	28607	0	29072
17017	159	103	28182	268	0	28712
17018	27446	84	204	220	0	27954
17019	288	97	29172	103	0	29660
17020	202	66	233	28939	0	29440
17021	164	55	114	29640	0	29973
17022	155	64	53	29551	0	29823
17023	118	81	58	29863	0	30120
17024	106	29461	75	425	0	30067
17025	148	313	53	31717	0	32231
17026	31737	138	60	487	0	32422
17027	410	92	31309	204	0	32015
17028	193	33270	356	160	0	33979
17029	34149	460	123	238	0	34970
17030	36659	211	70	201	0	37141
17031	844	142	69	39676	0	40731
17032	349	122	39699	760	0	40930
17033	289	110	707	39450	0	40556
17034	300	106	319	41180	0	41905
17035	176	99	40904	1132	0	42311
17036	170	41876	846	527	0	43419
17037	42700	875	384	381	0	44340
17038	42912	431	163	357	0	43863
17039	44111	183	165	313	0	44772
17040	1549	163	322	42884	0	44918
17041	860	112	126	44959	0	46057
17042	45212	99	111	1532	0	46954
17043	1354	109	123	43584	0	45170
17044	669	44131	139	1197	0	46136
17045	46083	984	95	794	0	47956
17046	46218	470	140	653	0	47481
17047	49220	210	92	528	0	50050
17048	49834	180	101	435	0	50550
17049	2044	147	46461	317	0	48969
17050	1027	197	46910	277	0	48411
17051	798	178	1534	46626	0	49136
17052	692	151	600	47853	0	49296
17053	517	125	46826	1697	0	49165
17054	489	153	46996	824	0	48462
17055	578	101	1559	46862	0	49100
17056	47034	99	762	1529	0	49424
17057	1576	98	462	46298	0	48434
17058	827	131	46195	1513	0	48666
17059	538	46229	1336	902	0	49005
17060	46482	1130	693	671	0	48976
17061	47294	489	446	627	0	48856
17062	47625	236	447	535	0	48843
17063	47698	197	398	504	0	48797
17064	2114	158	44837	439	0	47548
17065	1210	139	1271	45281	0	47901
17066	45767	150	722	1538	0	48177
17067	1768	175	497	45586	0	48026
17068	1164	139	411	44191	0	45905
17069	792	43348	278	1875	0	46293
17070	851	1117	255	44724	0	46947
17071	43688	521	326	1811	0	46346
17072	1534	43800	350	963	0	46647
17073	43662	1326	289	705	0	45982
17074	1792	43423	248	630	0	46093
17075	1262	1347	224	41223	0	44056
17076	834	41146	283	1499	0	43762
17077	718	43225	315	901	0	45159
17078	42088	1658	332	797	0	44875
17079	1697	815	41330	714	0	44556
17080	1047	549	41008	587	0	43191
17081	729	464	40662	647	0	42502
17082	38450	432	1718	755	0	41355
17083	1543	39239	894	666	0	42342
17084	1038	40703	543	590	0	42874
17085	37947	1717	419	608	0	40691
17086	1736	37717	401	499	0	40353
17087	1174	38842	388	469	0	40873
17088	876	1777	397	38457	0	41507
17089	766	941	37818	1561	0	41086
17090	790	716	38381	938	0	40825
17091	879	597	1675	38133	0	41284
17092	37604	509	887	1728	0	40728
17093	1715	38005	699	946	0	41365
17094	1213	1482	582	38410	0	41687
17095	963	872	37811	1614	0	41260
17096	982	606	36902	975	0	39465
17097	845	580	1804	36178	0	39407
17098	35796	474	1015	1791	0	39076
17099	36936	437	742	1122	0	39237
17100	2135	470	35542	870	0	39017
17101	35912	464	1583	883	0	38842
17102	1967	434	35710	748	0	38859
17103	1346	322	1793	34198	0	37659
17104	980	34716	1162	1548	0	38406
17105	35920	1340	747	1036	0	39043
17106	1994	751	658	35982	0	39385
17107	1426	542	629	36245	0	38842
17108	1128	432	668	37199	0	39427
17109	1032	325	716	37287	0	39360
17110	897	331	34543	2288	0	38059
17111	881	33990	1636	1367	0	37874
17112	964	1292	954	35053	0	38263
17113	34730	735	663	1928	0	38056
17114	1887	535	655	35270	0	38347
17115	1201	436	612	35972	0	38221
17116	897	416	34019	2376	0	37708
17117	871	508	33598	1455	0	36432
17118	772	32745	1831	1157	0	36505
17119	782	33910	980	1025	0	36697
17120	786	1704	673	33337	0	36500
17121	32954	924	573	1904	0	36355
17122	1631	682	32265	1329	0	35907
17123	1099	32145	1399	970	0	35613
17124	870	1442	863	30844	0	34019
17125	630	30708	592	1565	0	33495
17126	709	1467	497	29523	0	32196
17127	589	29717	461	1596	0	32363
17128	675	1224	372	27576	0	29847
17129	26291	780	359	1399	0	28829
17130	1047	23878	374	809	0	26108
17131	489	1015	245	19998	0	21747
17132	19529	454	217	870	0	21070
17133	709	19283	163	565	0	20720
17134	319	17494	133	390	0	18336
17135	336	17742	160	336	0	18574
17136	313	692	285	16151	0	17441
17137	174	333	162	16080	0	16749
17138	134	15643	96	595	0	16468
17139	152	529	87	15652	0	16420
17140	149	276	15613	517	0	16555
17141	115	15232	374	229	0	15950
17142	144	1188	147	13450	0	14929
17143	114	14461	98	312	0	14985
17144	127	362	13917	174	0	14580
17145	80	13487	253	126	0	13946
17146	11269	297	125	130	0	11821
17147	140	58	29	11052	0	11279
17148	11038	20	18	143	0	11219
17149	116	20	10924	49	0	11109
17150	67	17	107	11254	0	11445
17151	16	17	11487	132	0	11652
17152	43	15	117	11401	0	11576
17153	11754	11	45	162	0	11972
17154	139	15	20	11815	0	11989
17155	11768	12	30	166	0	11976
17156	114	12023	20	68	0	12225
17157	12070	116	18	63	0	12267
17158	133	41	12186	30	0	12390
17159	47	12616	123	30	0	12816
17160	50	121	40	12832	0	13043
17161	44	40	16	13027	0	13127
17162	20	23	12828	151	0	13022
17163	19	12997	120	75	0	13211
17164	29	129	42	13127	0	13327
17165	16	13310	26	114	0	13466
17166	37	125	13	13213	0	13388
17167	10	13170	14	148	0	13342
17168	13159	128	11	66	0	13364
17169	130	56	17	13352	0	13555
17170	58	22	13334	120	0	13534
17171	11	13385	119	53	0	13568
17172	13	13819	33	33	0	13898
17173	22	135	13617	28	0	13802
17174	13	13780	101	17	0	13911
17175	30	94	32	13726	0	13882
17176	10	56	13981	92	0	14139
17177	32	13	98	13870	0	14013
17178	24	25	33	14184	0	14266
17179	7	18	14230	125	0	14380
17180	13561	17	107	72	0	13757
17181	102	14	28	14518	0	14662
17182	38	11	15689	106	0	15844
17183	11	15929	109	46	0	16095
17184	16198	92	38	72	0	16400
17185	85	16023	27	30	0	16165
17186	44	90	22	16478	0	16634
17187	16414	38	10	129	0	16591
17188	107	15	10	16427	0	16559
17189	43	18	16932	101	0	17094
17190	41	11	98	17001	0	17151
17191	23	24	17109	103	0	17259
17192	16622	15	108	100	0	16845
17193	113	13	17341	24	0	17491
17194	17365	14	104	88	0	17571
17195	17706	10	47	78	0	17841
17196	146	28	17854	11	0	18039
17197	65	26	17097	22	0	17210
17198	25	17992	143	17	0	18177
17199	18743	100	43	71	0	18957
17200	132	48	24	19177	0	19381
17201	74	15	25	19071	0	19185
17202	21676	19	28	329	0	22052
17203	22403	18	21	175	0	22617
17204	22574	15	25	105	0	22719
17205	22625	15	29	74	0	22743
17206	155	20	20	22388	0	22583
17207	22681	18	19	164	0	22882
17208	155	16	16	22961	0	23148
17209	91	12	17	22859	0	22979
17210	41	19	25	23294	0	23379
17211	39	38	22746	160	0	22983
17212	38	22125	130	87	0	22380
17213	35	22548	59	66	0	22708
17214	35	124	31	23168	0	23358
17215	23124	45	13	197	0	23379
17216	148	18	23	23075	0	23264
17217	23024	21	15	203	0	23263
17218	151	27	23912	57	0	24147
17219	23353	21	112	108	0	23594
17220	161	24	45	24606	0	24836
17221	25308	18	31	263	0	25620
17222	25282	15	22	153	0	25472
17223	25674	16	18	133	0	25841
17224	190	20	21	25707	0	25938
17225	75	36	25494	135	0	25740
17226	84	34	116	25493	0	25727
17227	26206	17	51	214	0	26488
17228	176	36	29362	68	0	29642
17229	156	32	143	31132	0	31463
17230	32444	17	63	329	0	32853
17231	225	50	32921	90	0	33286
17232	34424	26	200	186	0	34836
17233	36395	28	58	153	0	36634
17234	318	16	39	36813	0	37186
17235	165	26	27	37418	0	37636
17236	37508	16	27	420	0	37971
17237	318	25	26	38485	0	38854
17238	38288	21	33	478	0	38820
17239	340	38178	44	192	0	38754
17240	120	38710	38	89	0	38957
17241	119	355	28	39082	0	39584
17242	89	135	39545	316	0	40085
17243	54	39515	306	141	0	40016
17244	39269	305	100	197	0	39871
17245	301	38684	72	68	0	39125
17246	124	321	38709	45	0	39199
17247	194	105	282	37852	0	38433
17248	70	132	39670	323	0	40195
17249	52	40673	319	152	0	41196
17250	85	315	103	40868	0	41371
17251	38	40476	95	305	0	40914
17252	63	325	40450	97	0	40935
17253	124	113	305	39973	0	40515
17254	46	120	41026	292	0	41484
17255	93	52	324	40551	0	41020
17256	41052	53	130	441	0	41676
17257	291	83	40181	125	0	40680
17258	38793	35	315	203	0	39346
17259	336	81	40091	69	0	40577
17260	180	30	345	40107	0	40662
17261	111	60	42340	320	0	42831
17262	129	29	345	42192	0	42695
17263	123	43	115	42842	0	43123
17264	123	33	106	42084	0	42346
17265	112	56	69	42837	0	43074
17266	69	43	45564	450	0	46126
17267	44564	27	314	394	0	45299
17268	348	32	129	49503	0	50012
17269	50073	29	79	568	0	50749
17270	51255	24	80	301	0	51660
17271	52255	27	84	245	0	52611
17272	634	36	54	53134	0	53858
17273	310	38	72	54262	0	54682
17274	147	59666	97	631	0	60541
17275	66042	749	74	434	0	67299
17276	69873	298	51	358	0	70580
17277	70921	221	56	334	0	71532
17278	1814	200	70748	146	0	72908
17279	1147	83	1108	70924	0	73262
17280	682	117	71136	1157	0	73092
17281	70372	65	1347	652	0	72436
17282	72026	46	614	554	0	73240
17283	1835	61	411	70780	0	73087
17284	1093	124	305	69734	0	71256
17285	683	72262	233	1513	0	74691
17286	72905	1109	148	953	0	75115
17287	73507	472	135	737	0	74851
17288	1776	72520	181	455	0	74932
17289	73913	1303	138	521	0	75875
17290	1960	571	169	73694	0	76394
17291	1199	362	146	74567	0	76274
17292	74658	274	142	1879	0	76953
17293	1600	251	74083	908	0	76842
17294	73914	129	1155	941	0	76139
17295	75927	160	490	757	0	77334
17296	1972	74183	366	406	0	76927
17297	76030	1144	257	523	0	77954
17298	1916	601	73934	243	0	76694
17299	1288	413	1161	74573	0	77435
17300	75394	289	485	1507	0	77675
17301	1875	227	359	75199	0	77660
17302	978	193	72831	1579	0	75581
17303	853	146	1324	71382	0	73705
17304	627	79528	650	1752	0	82557
17305	747	1193	438	82378	0	84756
17306	690	528	327	83957	0	85502
17307	735	374	280	82290	0	83679
17308	605	318	206	83889	0	85018
17309	390	311	81979	2283	0	84963
17310	568	211	1162	82365	0	84306
17311	82228	181	555	2259	0	85223
17312	1395	81419	477	1178	0	84469
17313	887	1199	310	84562	0	86958
17314	642	589	84839	1760	0	87830
17315	700	409	1263	85660	0	88032
17316	86574	287	627	2137	0	89625
17317	87083	257	454	1407	0	89201
17318	85871	185	400	1080	0	87536
17319	2366	181	337	86119	0	89003
17320	1424	195	85712	1751	0	89082
17321	1159	84940	1410	973	0	88482
17322	86879	1240	689	1068	0	89876
17323	1858	535	587	86673	0	89653
17324	1121	419	480	87748	0	89768
17325	942	379	86530	2065	0	89916
17326	863	84735	1385	1272	0	88255
17327	755	88416	700	1054	0	90925
17328	783	1851	535	85435	0	88604
17329	617	874	83274	1829	0	86594
17330	78379	667	1403	1247	0	81696
17331	1762	627	80531	803	0	83723
17332	78166	384	1406	1046	0	81002
17333	1795	84080	775	807	0	87457
17334	1117	1256	83825	659	0	86857
17335	81558	641	1459	780	0	84438
17336	1765	83233	784	539	0	86321
17337	86683	1354	604	804	0	89445
17338	1846	762	86632	432	0	89672
17339	1180	87495	1363	513	0	90551
17340	89359	1413	704	685	0	92161
17341	1934	771	87586	396	0	90687
17342	87752	507	1468	595	0	90322
17343	1966	448	836	88364	0	91614
17344	89568	341	615	1674	0	92198
17345	2038	303	547	89324	0	92212
17346	89557	323	416	2003	0	92299
17347	1971	328	89557	1131	0	92987
17348	1211	286	1390	90927	0	93814
17349	893	315	670	91642	0	93520
17350	754	366	90873	2142	0	94135
17351	727	278	1531	91313	0	93849
17352	1032	74539	1478	2318	0	79367
17353	565	1355	601	98472	0	100993
17354	713	605	552	103368	0	105238
17355	758	463	399	111024	0	112644
17356	610	456	109515	3623	0	114204
17357	105404	334	2460	2102	0	110300
17358	2998	255	1035	116286	0	120574
17359	1338	298	117735	3330	0	122701
17360	114600	224	2992	1928	0	119744
17361	120267	215	1255	1407	0	123144
17362	123279	278	793	1196	0	125546
17363	4706	258	624	120871	0	126459
17364	2482	273	528	132918	0	136201
17365	1791	329	478	131025	0	133623
17366	1054	128485	490	4996	0	135025
17367	127787	3294	453	2802	0	134336
17368	128488	1172	479	2098	0	132237
17369	5132	876	451	126473	0	132932
17370	2416	579	124180	4070	0	131245
17371	1853	477	124864	2005	0	129199
17372	1216	118296	4574	1583	0	125669
17373	1051	124962	1999	1289	0	129301
17374	114181	4302	1616	1634	0	121733
17375	3154	111732	590	809	0	116285
17376	111439	2963	502	812	0	115716
17377	112036	1047	369	866	0	114318
17378	112128	594	334	801	0	113857
17379	4514	432	315	109767	0	115028
17380	2236	432	263	116874	0	119805
17381	117842	374	252	4308	0	122776
17382	4223	337	269	119378	0	124207
17383	1631	421	117808	4027	0	123887
17384	118539	366	3244	1781	0	123930
17385	4229	389	1137	118522	0	124277
17386	2126	480	610	121123	0	124339
17387	1663	473	401	123242	0	125779
17388	1149	407	117785	4886	0	124227
17389	111129	405	3377	2390	0	117301
17390	4061	368	117512	1318	0	123259
17391	2091	340	3768	116790	0	122989
17392	1378	406	118551	3926	0	124261
17393	1407	365	3769	115705	0	121246
17394	1355	339	1443	119781	0	122918
17395	1137	350	118380	5005	0	124872
17396	1530	369	3778	110720	0	116397
17397	1058	117101	1584	4157	0	123900
17398	118113	3282	970	2390	0	124755
17399	121018	1060	733	2024	0	124835
17400	5219	555	697	118447	0	124918
17401	2194	416	118263	4560	0	125433
17402	1457	112138	3956	2372	0	119923
17403	1199	119410	1673	1680	0	123962
17404	110750	4138	1207	1672	0	117767
17405	4258	1625	108366	1420	0	115669
17406	108400	840	3923	1612	0	114775
17407	4744	524	1677	109118	0	116063
17408	2269	502	1177	112510	0	116458
17409	106388	506	1104	5686	0	113684
17410	4212	106936	907	2897	0	114952
17411	2009	3616	107786	1971	0	115382
17412	1952	1331	3936	106006	0	113225
17413	1429	890	107775	4596	0	114690
17414	1200	105006	4311	2486	0	113003
17415	1478	3583	1927	106869	0	113857
17416	104850	1561	1340	4963	0	112714
17417	107482	1094	1145	2615	0	112336
17418	5340	1040	103715	1858	0	111953
17419	2582	103256	4162	1609	0	111609
17420	102864	3717	1821	1799	0	110201
17421	4513	103793	1309	1649	0	111264
17422	2520	4182	1064	103158	0	110924
17423	102883	1751	944	4829	0	110407
17424	4820	1242	972	103976	0	111010
17425	2446	924	101054	4975	0	109399
17426	1969	849	4068	102535	0	109421
17427	1627	970	101076	5038	0	108711
17428	1735	996	4279	100872	0	107882
17429	99534	802	1998	5432	0	107766
17430	4619	99553	1446	2747	0	108365
17431	99586	3877	1265	2251	0	106979
17432	4982	1764	1218	98377	0	106341
17433	2504	1368	1099	99570	0	104541
17434	1962	1188	87197	5878	0	96225
17435	1752	1099	96470	2891	0	102212
17436	1626	94574	4848	2284	0	103332
17437	1824	3997	93458	1832	0	101111
17438	87840	1682	4666	2075	0	96263
17439	4478	89548	2312	1848	0	98186
17440	2202	92148	1558	1941	0	97849
17441	1776	93420	1464	1717	0	98377
17442	1688	5167	1096	90556	0	98507
17443	1526	2277	90220	4711	0	98734
17444	1483	90769	4233	2611	0	99096
17445	1698	4254	1992	85346	0	93290
17446	1398	90696	1493	4592	0	98179
17447	88143	4375	1293	2692	0	96503
17448	90739	1972	1376	2129	0	96216
17449	5303	1563	1324	88068	0	96258
17450	2729	1297	1223	89213	0	94462
17451	83385	1129	1270	5625	0	91409
17452	4261	80086	1230	2963	0	88540
17453	2037	81869	1139	2128	0	87173
17454	1992	4699	956	72939	0	80586
17455	1022	1603	65825	3384	0	71834
17456	846	64843	2825	1944	0	70458
17457	60069	2646	1594	1448	0	65757
17458	2480	57450	1044	1249	0	62223
17459	1185	57819	806	1059	0	60869
17460	53738	2928	927	942	0	58535
17461	2341	55341	617	897	0	59196
17462	1256	2503	52744	775	0	57278
17463	863	52542	2094	933	0	56432
17464	41240	1670	996	549	0	44455
17465	1313	41348	410	440	0	43511
17466	41004	1548	483	460	0	43495
17467	1591	824	289	40395	0	43099
17468	729	607	298	41737	0	43371
17469	538	526	40620	1608	0	43292
17470	466	41066	1181	796	0	43509
17471	557	1396	502	41224	0	43679
17472	40760	713	366	1497	0	43336
17473	40885	522	302	767	0	42476
17474	1504	40759	307	618	0	43188
17475	783	1386	279	40310	0	42758
17476	40157	649	296	1401	0	42503
17477	40773	560	316	690	0	42339
17478	1629	490	38256	488	0	40863
17479	729	451	35564	368	0	37112
17480	472	390	33581	272	0	34715
17481	246	30943	880	244	0	32313
17482	28396	681	759	207	0	30043
17483	631	28181	239	159	0	29210
17484	27529	670	244	196	0	28639
17485	634	28678	115	137	0	29564
17486	321	619	101	29419	0	30460
17487	29916	278	103	598	0	30895
17488	618	223	29808	210	0	30859
17489	29480	157	526	206	0	30369
17490	30364	153	164	174	0	30855
17491	725	29919	128	119	0	30891
17492	251	30544	110	133	0	31038
17493	31260	613	185	176	0	32234
17494	623	253	32579	71	0	33526
17495	31063	255	529	164	0	32011
17496	31837	124	171	149	0	32281
17497	695	125	93	31203	0	32116
17498	32054	115	68	526	0	32763
17499	649	136	53	32956	0	33794
17500	310	125	54	34073	0	34562
17501	264	103	58	33469	0	33894
17502	182	33346	75	575	0	34178
17503	34002	493	101	262	0	34858
17504	34518	186	80	214	0	34998
17505	685	149	79	34308	0	35221
17506	315	167	78	33949	0	34509
17507	238	33961	102	543	0	34844
17508	34339	534	78	292	0	35243
17509	589	219	33715	157	0	34680
17510	331	184	431	34014	0	34960
17511	242	144	33585	520	0	34491
17512	231	130	479	33714	0	34554
17513	208	129	34094	563	0	34994
17514	259	118	488	33449	0	34314
17515	34057	107	183	667	0	35014
17516	607	132	34769	236	0	35744
17517	34142	135	490	261	0	35028
17518	613	36626	205	189	0	37633
17519	309	486	147	37724	0	38666
17520	257	204	118	38606	0	39185
17521	39782	184	91	748	0	40805
17522	653	140	97	41754	0	42644
17523	317	153	42994	584	0	44048
17524	42541	113	435	451	0	43540
17525	44778	104	166	341	0	45389
17526	44968	105	145	307	0	45525
17527	44942	95	102	287	0	45426
17528	745	43955	121	194	0	45015
17529	376	450	92	44777	0	45695
17530	44539	166	90	585	0	45380
17531	628	128	78	44120	0	44954
17532	43593	116	76	541	0	44326
17533	577	114	42657	225	0	43573
17534	324	112	42627	166	0	43229
17535	354	555	426	40754	0	42089
17536	220	42124	202	425	0	42971
17537	165	44052	154	242	0	44613
17538	43286	413	134	380	0	44213
17539	448	160	43282	156	0	44046
17540	40564	91	327	287	0	41269
17541	387	43162	177	137	0	43863
17542	43773	283	90	197	0	44343
17543	437	128	87	43688	0	44340
17544	236	123	45087	372	0	45818
17545	261	81	314	44770	0	45426
17546	200	78	135	44960	0	45373
17547	162	44682	109	437	0	45390
17548	133	46693	106	237	0	47169
17549	183	365	89	46884	0	47521
17550	177	47534	94	426	0	48231
17551	189	371	47014	178	0	47752
17552	211	177	45189	149	0	45726
17553	43997	116	408	248	0	44769
17554	47219	80	164	260	0	47723
17555	463	46521	113	168	0	47265
17556	278	315	78	46726	0	47397
17557	258	126	74	47195	0	47653
17558	176	108	47173	449	0	47906
17559	223	159	345	44693	0	45420
17560	132	46630	154	439	0	47355
17561	128	355	45993	208	0	46684
17562	141	151	45293	151	0	45736
17563	181	43654	437	224	0	44496
17564	173	389	46057	100	0	46719
17565	230	137	401	45470	0	46238
17566	429	141	187	41072	0	41829
17567	162	105	46899	452	0	47618
17568	227	119	348	45753	0	46447
17569	110	45245	159	454	0	45968
17570	114	47249	143	240	0	47746
17571	154	459	98	46905	0	47616
17572	115	128	47384	428	0	48055
17573	89	47731	406	186	0	48412
17574	231	446	168	47887	0	48732
17575	96	132	47168	346	0	47742
17576	44239	74	320	287	0	44920
17577	47203	66	99	253	0	47621
17578	47461	50	76	206	0	47793
17579	427	48	60	46930	0	47465
17580	192	34	65	47423	0	47714
17581	118	54	49025	352	0	49549
17582	182	47	310	48225	0	48764
17583	175	49	99	49170	0	49493
17584	62	66	49477	386	0	49991
17585	42751	42	316	423	0	43532
17586	287	46960	117	115	0	47479
17587	47204	283	57	266	0	47810
17588	289	46808	85	99	0	47281
17589	150	278	42	47373	0	47843
17590	95	106	47465	277	0	47943
17591	200	100	262	45572	0	46134
17592	70	75	46674	323	0	47142
17593	40533	41	317	370	0	41261
17594	303	51	45095	94	0	45543
17595	184	32	355	43608	0	44179
17596	73	40	45413	381	0	45907
17597	36	46415	418	135	0	47004
17598	208	403	129	49001	0	49741
17599	210	119	101	49370	0	49800
17600	203	66	51	51855	0	52175
17601	86	80	51547	804	0	52517
17602	70	101	52325	264	0	52760
17603	161	44	836	52252	0	53293
17604	228	36	272	62721	0	63257
17605	221	31	155	66673	0	67080
17606	67292	28	133	2150	0	69603
17607	1569	42	124	69728	0	71463
17608	668	73	71458	1775	0	73974
17609	73091	37	1566	1029	0	75723
17610	1945	55	718	75929	0	78647
17611	78173	53	406	2194	0	80826
17612	79982	43	185	1253	0	81463
17613	2861	47	172	79202	0	82282
17614	79856	23	231	2359	0	82469
17615	80770	38	192	1363	0	82363
17616	2894	66	77952	693	0	81605
17617	1427	78496	1843	578	0	82344
17618	1077	1763	845	75970	0	79655
17619	849	780	450	79553	0	81632
17620	78196	367	264	3074	0	81901
17621	77729	166	300	1636	0	79831
17622	77435	111	279	1021	0	78846
17623	3283	160	71594	676	0	75713
17624	1723	72403	1934	564	0	76624
17625	72853	1817	913	740	0	76323
17626	2403	73577	556	531	0	77067
17627	74352	2179	289	608	0	77428
17628	2930	962	259	73212	0	77363
17629	73720	537	347	2366	0	76970
17630	74816	426	259	1350	0	76851
17631	75659	265	233	1081	0	77238
17632	3463	295	72466	720	0	76944
17633	74637	174	1843	806	0	77460
17634	2998	73846	915	604	0	78363
17635	76297	1907	492	629	0	79325
17636	77181	950	417	618	0	79166
17637	77736	606	340	634	0	79316
17638	4081	371	324	73126	0	77902
17639	2118	73934	260	2099	0	78411
17640	75120	2072	267	1337	0	78796
17641	3055	1019	73415	833	0	78322
17642	1973	74206	1976	597	0	78752
17643	1841	2137	894	69771	0	74643
17644	1298	73210	579	1986	0	77073
17645	73198	2417	495	1213	0	77323
17646	75935	1258	354	785	0	78332
17647	3762	831	369	73982	0	78944
17648	2169	590	72001	2412	0	77172
17649	1565	72104	2058	1435	0	77162
17650	1696	2261	1086	64448	0	69491
17651	1379	1148	611	74478	0	77616
17652	1280	794	504	77012	0	79590
17653	75167	544	416	3685	0	79812
17654	76637	509	514	1977	0	79637
17655	77427	625	350	1270	0	79672
17656	78356	506	299	1138	0	80299
17657	4374	541	288	75344	0	80547
17658	2606	445	75367	2782	0	81200
17659	2036	374	2213	76992	0	81615
17660	1709	352	1083	78243	0	81387
17661	1591	345	761	78654	0	81351
17662	1605	481	462	79284	0	81832
17663	76461	423	407	4348	0	81639
17664	3331	416	521	77364	0	81632
17665	76885	320	475	3694	0	81374
17666	78351	373	414	2317	0	81455
17667	4425	377	74287	1621	0	80710
17668	2905	404	73970	1306	0	78585
17669	2272	351	76767	1296	0	80686
17670	1928	405	3329	74747	0	80409
17671	1763	399	76176	2952	0	81290
17672	1724	398	2841	75057	0	80020
17673	1474	538	1559	76101	0	79672
17674	75493	476	975	4232	0	81176
17675	3397	465	678	74985	0	79525
17676	2444	75843	611	3566	0	82464
17677	77872	2170	622	2304	0	82968
17678	3724	77903	625	1549	0	83801
17679	2459	2525	78371	1307	0	84662
17680	1841	79619	2606	1147	0	85213
17681	78304	2747	1510	1285	0	83846
17682	3488	1568	1032	77831	0	83919
17683	2460	1044	76528	2938	0	82970
17684	77531	688	2503	1952	0	82674
17685	3653	648	1370	77968	0	83639
17686	2513	604	77407	3125	0	83649
17687	2246	566	2445	78424	0	83681
17688	1840	555	1414	79781	0	83590
17689	1707	655	1003	79496	0	82861
17690	1647	77549	771	3827	0	83794
17691	79062	2506	658	2289	0	84515
17692	3568	1410	707	77664	0	83349
17693	2372	77605	624	2952	0	83553
17694	2067	2458	483	78752	0	83760
17695	1603	1451	76624	3249	0	82927
17696	1472	77121	2374	2024	0	82991
17697	75870	2347	1430	1618	0	81265
17698	74588	1401	919	1281	0	78189
17699	3458	872	664	71869	0	76863
17700	2041	692	547	72751	0	76031
17701	71649	540	517	3413	0	76119
17702	69685	571	456	2277	0	72989
17703	3283	69588	442	1497	0	74810
17704	59462	1277	356	835	0	61930
17705	1807	549	56167	614	0	59137
17706	1004	409	55210	553	0	57176
17707	629	53737	1246	526	0	56138
17708	455	53522	624	404	0	55005
17709	49230	961	969	444	0	51604
17710	775	49422	245	305	0	50747
17711	48689	662	229	328	0	49908
17712	48151	387	146	303	0	48987
17713	47952	172	139	267	0	48530
17714	919	158	108	47263	0	48448
17715	47898	124	96	781	0	48899
17716	805	152	47263	333	0	48553
17717	456	156	47348	256	0	48216
17718	337	48097	698	236	0	49368
17719	284	539	48795	214	0	49832
17720	401	275	661	46682	0	48019
17721	237	194	48778	643	0	49852
17722	240	188	47543	343	0	48314
17723	298	160	733	48110	0	49301
17724	48729	151	329	774	0	49983
17725	49093	129	231	483	0	49936
17726	789	138	50517	245	0	51689
17727	49874	104	622	444	0	51044
17728	754	123	51716	216	0	52809
17729	51468	106	674	358	0	52606
17730	54355	80	355	361	0	55151
17731	895	94	237	54083	0	55309
17732	512	105	206	52965	0	53788
17733	422	51281	256	789	0	52748
17734	272	53486	190	426	0	54374
17735	331	628	198	52823	0	53980
17736	316	299	200	53953	0	54768
17737	53023	184	169	902	0	54278
17738	687	52693	178	393	0	53951
17739	52912	586	137	393	0	54028
17740	704	53141	176	258	0	54279
17741	395	706	53105	150	0	54356
17742	382	299	618	52793	0	54092
17743	53618	180	248	846	0	54892
17744	56135	148	155	467	0	56905
17745	1046	56940	157	298	0	58441
17746	397	58856	141	242	0	59636
17747	273	60323	163	201	0	60960
17748	397	1203	133	64112	0	65845
17749	242	422	64793	1121	0	66578
17750	194	64640	1125	388	0	66347
17751	413	1205	320	65086	0	67024
17752	329	327	166	66523	0	67345
17753	156	265	65359	1283	0	67063
17754	174	226	64482	417	0	65299
17755	62730	124	1321	483	0	64658
17756	1218	143	66577	191	0	68129
17757	65297	162	1204	359	0	67022
17758	65175	144	349	364	0	66032
17759	65475	149	225	304	0	66153
17760	65196	137	223	332	0	65888
17761	1471	185	62818	172	0	64646
17762	539	63365	1119	172	0	65195
17763	556	1117	370	63063	0	65106
17764	306	406	63926	1157	0	65795
17765	474	241	1127	62264	0	64106
17766	405	58261	621	1241	0	60528
17767	447	1126	284	65779	0	67636
17768	444	352	253	66217	0	67266
17769	485	251	237	65152	0	66125
17770	65155	208	182	1729	0	67274
17771	1471	159	230	65247	0	67107
17772	647	194	209	65994	0	67044
17773	482	214	235	65529	0	66460
17774	284	63078	302	1654	0	65318
17775	62833	1183	256	833	0	65105
17776	1243	59946	277	539	0	62005
17777	431	61927	266	405	0	63029
17778	561	1341	266	62126	0	64294
17779	497	476	216	62637	0	63826
17780	61744	257	221	1790	0	64012
17781	1600	215	196	62211	0	64222
17782	62425	167	212	1768	0	64572
17783	71547	185	200	780	0	72712
17784	2448	221	199	70668	0	73536
17785	1096	202	218	70941	0	72457
17786	488	71395	253	2495	0	74631
17787	72728	1925	197	1259	0	76109
17788	2060	75015	208	719	0	78002
17789	75202	2240	216	685	0	78343
17790	2429	964	73156	482	0	77031
17791	73432	501	1888	771	0	76592
17792	77485	357	674	795	0	79311
17793	3110	326	377	74876	0	78689
17794	1294	345	74948	2406	0	78993
17795	817	74294	2163	1172	0	78446
17796	874	2301	839	76395	0	80409
17797	612	906	75781	2582	0	79881
17798	742	568	2223	75201	0	78734
17799	74010	391	877	2853	0	78131
17800	2613	337	73547	1170	0	77667
17801	1092	72263	2293	839	0	76487
17802	838	75113	945	600	0	77496
17803	1022	2864	601	66425	0	70912
17804	646	73256	435	2029	0	76366
17805	72682	2491	370	1141	0	76684
17806	73241	1003	316	960	0	75520
17807	73483	650	373	806	0	75312
17808	3115	651	68959	566	0	73291
17809	70805	544	2121	771	0	74241
17810	2819	494	881	69844	0	74038
17811	1387	434	463	71172	0	73456
17812	1128	403	344	71578	0	73453
17813	928	340	467	71686	0	73421
17814	710	478	68660	3371	0	73219
17815	682	496	69124	1541	0	71843
17816	628	393	68266	1112	0	70399
17817	64535	433	2882	1053	0	68903
17818	2540	65937	1132	861	0	70470
17819	1361	2233	668	65810	0	70072
17820	64818	946	477	2803	0	69044
17821	2487	65473	530	1330	0	69820
17822	1240	67956	523	913	0	70632
17823	65969	2867	473	887	0	70196
17824	67093	1228	410	882	0	69613
17825	3122	66076	381	799	0	70378
17826	1575	2409	344	61858	0	66186
17827	986	63893	402	2449	0	67730
17828	63208	2558	423	1189	0	67378
17829	63342	1136	449	929	0	65856
17830	63345	783	331	781	0	65240
17831	3391	60535	331	685	0	64942
17832	1656	2328	292	61356	0	65632
17833	1098	1110	60390	2613	0	65211
17834	1042	801	2143	60561	0	64547
17835	1015	704	830	62462	0	65011
17836	890	604	59278	3087	0	63859
17837	58794	484	2175	1509	0	62962
17838	2691	554	919	59830	0	63994
17839	1379	496	591	59769	0	62235
17840	897	58480	468	3029	0	62874
17841	58254	2236	433	1526	0	62449
17842	2766	1077	397	56969	0	61209
17843	1364	56876	412	2536	0	61188
17844	53870	2118	372	1354	0	57714
17845	2169	53524	359	958	0	57010
17846	50273	2064	404	734	0	53475
17847	2290	946	49238	688	0	53162
17848	970	568	44037	549	0	46124
17849	687	387	43261	389	0	44724
17850	569	42548	2130	423	0	45670
17851	749	1672	1280	38455	0	42156
17852	545	40917	485	1381	0	43328
17853	41144	1711	340	799	0	43994
17854	1689	844	40876	494	0	43903
17855	40508	533	1520	476	0	43037
17856	41528	480	748	353	0	43109
17857	2205	367	517	40055	0	43144
17858	40058	446	1141	1572	0	43217
17859	1990	326	333	40719	0	43368
17860	957	371	40170	1668	0	43166
17861	39818	336	1473	883	0	42510
17862	1681	39790	871	551	0	42893
17863	923	1509	484	40132	0	43048
17864	40303	745	294	1606	0	42948
17865	1754	509	288	40345	0	42896
17866	1041	338	38641	1779	0	41799
17867	723	274	1462	38587	0	41046
17868	526	38586	744	1693	0	41549
17869	38718	1442	398	832	0	41390
17870	1691	723	284	38423	0	41121
17871	38495	421	235	1673	0	40824
17872	1841	327	210	38365	0	40743
17873	896	264	281	38075	0	39516
17874	651	37456	312	1869	0	40288
17875	37158	1407	225	1062	0	39852
17876	1541	38602	237	695	0	41075
17877	970	1501	199	35402	0	38072
17878	507	36029	183	1452	0	38171
17879	35821	1374	169	835	0	38199
17880	35566	674	171	679	0	37090
17881	35603	494	155	600	0	36852
17882	1902	33529	196	410	0	36037
17883	397	25396	98	207	0	26098
17884	24911	716	120	177	0	25924
17885	715	25417	77	197	0	26406
17886	397	897	163	23589	0	25046
17887	292	206	23035	526	0	24059
17888	21130	130	341	207	0	21808
17889	21692	73	96	172	0	22033
17890	21528	94	58	121	0	21801
17891	435	21378	44	102	0	21959
17892	20724	332	29	94	0	21179
17893	399	111	21252	74	0	21836
17894	125	21005	251	74	0	21455
17895	153	380	88	19627	0	20248
17896	56	19785	45	145	0	20031
17897	19309	160	50	100	0	19619
17898	155	19876	23	46	0	20100
17899	82	139	15	19911	0	20147
17900	51	20086	31	124	0	20292
17901	69	142	18	20757	0	20986
17902	59	63	17	20427	0	20566
17903	55	57	20492	156	0	20760
17904	84	33	128	19975	0	20220
17905	20206	34	53	191	0	20484
17906	20261	24	39	74	0	20398
17907	197	32	30	20347	0	20606
17908	80	52	20200	149	0	20481
17909	82	35	131	20028	0	20276
17910	20315	39	45	211	0	20610
17911	21694	32	43	190	0	21959
17912	22170	32	28	154	0	22384
17913	206	23369	29	58	0	23662
17914	23941	139	20	144	0	24244
17915	191	74	23462	53	0	23780
17916	25873	50	146	206	0	26275
17917	229	28	55	26878	0	27190
17918	110	41	44	27136	0	27331
17919	103	33	19	27437	0	27592
17920	26958	43	14	309	0	27324
17921	26617	28	22	163	0	26830
17922	282	35	22	26726	0	27065
17923	137	50	27500	229	0	27916
17924	120	29	169	27324	0	27642
17925	97	42	52	27396	0	27587
17926	86	49	27337	250	0	27722
17927	65	27407	185	137	0	27794
17928	95	176	61	28247	0	28579
17929	28686	71	53	290	0	29100
17930	252	39	29	28793	0	29113
17931	130	46	17	29048	0	29241
17932	29376	38	21	351	0	29786
17933	235	29056	32	171	0	29494
17934	111	29731	26	103	0	29971
17935	29613	221	16	159	0	30009
17936	249	107	29530	46	0	29932
17937	28436	53	178	152	0	28819
17938	246	73	31760	65	0	32144
17939	109	32450	205	55	0	32819
17940	32851	215	90	157	0	33313
17941	33134	81	39	126	0	33380
17942	33248	51	22	161	0	33482
17943	33379	46	19	159	0	33603
17944	308	54	33050	55	0	33467
17945	197	41	176	32685	0	33099
17946	33614	37	59	284	0	33994
17947	260	52	35109	76	0	35497
17948	115	61	34446	57	0	34679
17949	73	34903	239	48	0	35263
17950	35691	162	97	97	0	36047
17951	244	64	59	35653	0	36020
17952	36112	27	34	315	0	36488
17953	230	36817	32	76	0	37155
17954	135	238	19	39794	0	40186
17955	131	60	12	39914	0	40117
17956	113	20	16	41049	0	41198
17957	48	49	41865	463	0	42425
17958	53	42383	372	196	0	43004
17959	45294	395	119	205	0	46013
17960	575	126	56	45576	0	46333
17961	45521	54	52	676	0	46303
17962	45317	44	40	282	0	45683
17963	792	26	32	45318	0	46168
17964	284	63	46378	579	0	47304
17965	264	34	496	46092	0	46886
17966	122	46700	178	584	0	47584
17967	151	488	91	48007	0	48737
17968	90	176	47557	645	0	48468
17969	46768	88	527	360	0	47743
17970	613	61	186	48388	0	49248
17971	48056	34	109	738	0	48937
17972	642	72	47618	230	0	48562
17973	45653	41	519	324	0	46537
17974	694	60	47664	102	0	48520
17975	45839	24	543	255	0	46661
17976	648	46400	229	142	0	47419
17977	264	48137	130	130	0	48661
17978	250	715	91	48293	0	49349
17979	352	287	116	44129	0	44884
17980	168	135	68	48498	0	48869
17981	48415	99	67	899	0	49480
17982	625	77	41	49062	0	49805
17983	248	82	49005	676	0	50011
17984	47053	58	499	506	0	48116
17985	586	49596	210	216	0	50608
17986	50274	514	117	344	0	51249
17987	49740	183	106	298	0	50327
17988	825	135	49942	111	0	51013
17989	518	97	567	49282	0	50464
17990	330	84	209	52542	0	53165
17991	164	124	53413	834	0	54535
17992	148	52948	702	357	0	54155
17993	52771	644	228	431	0	54074
17994	53323	215	131	383	0	54052
17995	974	127	104	54668	0	55873
17996	492	94	107	54669	0	55362
17997	347	92	92	57516	0	58047
17998	55992	78	113	1398	0	57581
17999	917	57235	113	541	0	58806
18000	58075	861	93	449	0	59478
18001	58131	305	88	399	0	58923
18002	1290	174	59878	240	0	61582
18003	641	116	1017	58434	0	60208
18004	345	60757	387	1107	0	62596
18005	368	1024	210	62499	0	64101
18006	405	410	134	64383	0	65332
18007	276	228	65220	1490	0	67214
18008	66615	138	1185	843	0	68781
18009	72624	117	449	612	0	73802
18010	75245	122	223	583	0	76173
18011	2259	130	180	72908	0	75477
18012	1103	169	136	72424	0	73832
18013	537	70585	202	2076	0	73400
18014	442	74118	219	892	0	75671
18015	72726	1955	172	777	0	75630
18016	1817	71049	217	440	0	73523
18017	782	1820	70586	392	0	73580
18018	756	721	1573	71362	0	74412
18019	72343	418	626	1990	0	75377
18020	1870	356	71236	857	0	74319
18021	958	329	70964	538	0	72789
18022	71885	277	2138	592	0	74892
18023	73021	246	880	528	0	74675
18024	2628	239	484	71317	0	74668
18025	1155	272	71221	1954	0	74602
18026	924	243	1763	71482	0	74412
18027	634	433	68697	2155	0	71919
18028	599	351	71495	951	0	73396
18029	571	72089	2201	697	0	75558
18030	72547	1712	977	710	0	75946
18031	73071	674	676	697	0	75118
18032	2386	71783	503	551	0	75223
18033	1368	1787	475	71681	0	75311
18034	1002	719	497	72631	0	74849
18035	853	478	436	73785	0	75552
18036	71959	358	392	2775	0	75484
18037	2056	71224	377	1322	0	74979
18038	70101	1777	359	991	0	73228
18039	70313	775	404	833	0	72325
18040	2559	536	67446	645	0	71186
18041	1264	67769	1847	562	0	71442
18042	1045	1815	864	68956	0	72680
18043	766	855	68988	1912	0	72521
18044	67748	543	1835	1147	0	71273
18045	70131	454	827	846	0	72258
18046	70362	389	562	791	0	72104
18047	69312	338	491	756	0	70897
18048	2985	348	394	66848	0	70575
18049	1435	374	65877	2026	0	69712
18050	1270	312	1757	66051	0	69390
18051	66170	339	814	2292	0	69615
18052	66351	251	566	1234	0	68402
18053	2621	64104	511	771	0	68007
18054	63360	1566	429	696	0	66051
18055	2299	756	62226	561	0	65842
18056	1269	471	61989	572	0	64301
18057	60348	447	2168	640	0	63603
18058	2137	60274	964	505	0	63880
18059	1345	1352	511	56743	0	59951
18060	936	57877	400	1395	0	60608
18061	924	1486	349	59037	0	61796
18062	805	682	372	59435	0	61294
18063	769	449	381	61401	0	63000
18064	59099	364	333	2309	0	62105
18065	60792	353	359	1152	0	62656
18066	60389	451	315	799	0	61954
18067	2307	439	58069	621	0	61436
18068	58909	298	1494	631	0	61332
18069	2159	348	796	60087	0	63390
18070	1346	252	546	62585	0	64729
18071	1020	298	61682	2133	0	65133
18072	1056	336	1689	65869	0	68950
18073	68370	294	747	2400	0	71811
18074	2253	354	67566	1161	0	71334
18075	1289	237	1908	68448	0	71882
18076	68695	212	855	2427	0	72189
18077	69021	212	628	1332	0	71193
18078	2852	285	67703	833	0	71673
18079	1582	309	68769	710	0	71370
18080	1246	260	2408	69558	0	73472
18081	70616	249	1159	2293	0	74317
18082	71797	286	705	1250	0	74038
18083	2913	336	553	67848	0	71650
18084	1477	69528	567	2138	0	73710
18085	70168	1766	579	1240	0	73753
18086	2381	70258	577	1013	0	74229
18087	1505	1881	555	71183	0	75124
18088	1085	754	69808	2320	0	73967
18089	1077	463	68036	1140	0	70716
18090	1002	399	69070	757	0	71228
18091	1057	335	2493	66574	0	70459
18092	988	278	1199	68655	0	71120
18093	66872	263	828	2587	0	70550
18094	2143	66211	614	1382	0	70350
18095	66466	1613	568	1035	0	69682
18096	2530	641	593	63113	0	66877
18097	1182	63060	505	1821	0	66568
18098	960	65748	433	921	0	68062
18099	944	1958	383	64735	0	68020
18100	63888	865	385	2085	0	67223
18101	1932	64197	444	1052	0	67625
18102	60475	1451	424	807	0	63157
18103	1801	62123	425	606	0	64955
18104	61458	1600	454	620	0	64132
18105	1948	722	59543	561	0	62774
18106	1051	577	58217	443	0	60288
18107	842	57442	1539	376	0	60199
18108	52718	1648	1230	483	0	56079
18109	1172	49556	356	253	0	51337
18110	512	46713	228	270	0	47723
18111	851	1224	205	47584	0	49864
18112	47595	451	198	941	0	49185
18113	911	48040	216	413	0	49580
18114	46912	815	180	354	0	48261
18115	917	46716	144	171	0	47948
18116	46215	856	116	253	0	47440
18117	894	45825	141	135	0	46995
18118	385	46722	140	180	0	47427
18119	387	954	183	45323	0	46847
18120	220	46270	152	649	0	47291
18121	45950	860	83	347	0	47240
18122	828	418	45351	195	0	46792
18123	427	308	646	45504	0	46885
18124	278	300	46111	750	0	47439
18125	292	243	730	45728	0	46993
18126	319	194	274	46534	0	47321
18127	203	229	44339	939	0	45710
18128	40916	186	715	585	0	42402
18129	830	43128	350	333	0	44641
18130	43808	751	240	340	0	45139
18131	897	43849	201	291	0	45238
18132	445	826	183	44080	0	45534
18133	43945	333	175	901	0	45354
18134	44174	305	234	434	0	45147
18135	44593	187	208	388	0	45376
18136	1157	212	197	43781	0	45347
18137	633	222	190	44288	0	45333
18138	423	45299	182	984	0	46888
18139	45811	782	165	682	0	47440
18140	46521	319	169	496	0	47505
18141	46580	293	226	328	0	47427
18142	46089	251	171	338	0	46849
18143	1200	44294	198	261	0	45953
18144	637	809	173	45045	0	46664
18145	467	449	44268	817	0	46001
18146	43389	298	742	523	0	44952
18147	46082	251	271	447	0	47051
18148	1248	268	44945	239	0	46700
18149	684	283	45066	258	0	46291
18150	512	297	932	45435	0	47176
18151	388	309	401	46862	0	47960
18152	388	287	294	47568	0	48537
18153	46594	288	215	1288	0	48385
18154	1117	241	196	46853	0	48407
18155	527	239	45452	1094	0	47312
18156	461	261	905	45684	0	47311
18157	307	249	46322	1139	0	48017
18158	366	226	981	46118	0	47691
18159	377	217	376	49717	0	50687
18160	361	239	49549	1382	0	51531
18161	46846	231	1122	719	0	48918
18162	1185	49921	465	445	0	52016
18163	50458	1214	292	401	0	52365
18164	1462	509	180	51642	0	53793
18165	51413	379	137	1525	0	53454
18166	1464	52853	173	607	0	55097
18167	664	55761	145	478	0	57048
18168	719	2201	186	57714	0	60820
18169	421	784	59805	1597	0	62607
18170	406	527	58206	620	0	59759
18171	309	58636	1944	483	0	61372
18172	52093	1540	795	362	0	54790
18173	1463	571	376	51929	0	54339
18174	51342	298	291	1542	0	53473
18175	1519	50711	321	605	0	53156
18176	599	52694	315	381	0	53989
18177	618	1837	252	51638	0	54345
18178	51234	812	158	1605	0	53809
18179	52068	467	108	738	0	53381
18180	1944	414	50228	478	0	53064
18181	907	395	48847	306	0	50455
18182	48537	369	1621	411	0	50938
18183	1530	49204	704	327	0	51765
18184	48702	1406	424	377	0	50909
18185	1902	633	302	47927	0	50764
18186	874	420	46647	1355	0	49296
18187	45037	266	1483	716	0	47502
18188	1517	45553	701	374	0	48145
18189	746	46999	437	297	0	48479
18190	740	1734	361	45670	0	48505
18191	46188	706	292	1525	0	48711
18192	1682	426	290	46323	0	48721
18193	47161	352	359	1633	0	49505
18194	1749	448	44334	673	0	47204
18195	45645	486	1173	584	0	47888
18196	47272	398	423	522	0	48615
18197	2079	330	44380	473	0	47262
18198	44219	231	1304	495	0	46249
18199	1865	43635	645	389	0	46534
18200	1163	1298	463	42974	0	45898
18201	840	44004	411	1256	0	46511
18202	44399	1505	383	573	0	46860
18203	1937	639	326	42586	0	45488
18204	910	42554	379	1424	0	45267
18205	824	1453	305	42511	0	45093
18206	587	42826	237	1660	0	45310
18207	643	1646	194	43425	0	45908
18208	43126	849	188	1774	0	45937
18209	1745	541	178	43375	0	45839
18210	855	449	42293	1818	0	45415
18211	42072	493	1296	965	0	44826
18212	1721	430	512	42722	0	45385
18213	837	465	41433	1718	0	44453
18214	760	336	40665	1025	0	42786
18215	692	280	42516	711	0	44199
18216	731	232	1965	41556	0	44484
18217	684	247	966	43036	0	44933
18218	629	282	655	43043	0	44609
18219	541	278	562	43414	0	44795
18220	41941	320	593	2208	0	45062
18221	43253	301	545	1213	0	45312
18222	43622	309	447	995	0	45373
18223	44193	309	332	913	0	45747
18224	2235	302	266	42743	0	45546
18225	1192	331	42922	1954	0	46399
18226	43470	288	1391	1154	0	46303
18227	45683	276	606	821	0	47386
18228	2400	280	450	44251	0	47381
18229	1398	246	409	45656	0	47709
18230	45406	244	388	2214	0	48252
18231	2010	240	406	43666	0	46322
18232	1116	43270	471	1964	0	46821
18233	44795	1342	388	1136	0	47661
18234	45371	570	413	927	0	47281
18235	2364	425	44765	811	0	48365
18236	1295	373	1460	45113	0	48241
18237	969	349	719	46598	0	48635
18238	45050	312	514	2319	0	48195
18239	46084	367	462	1145	0	48058
18240	2569	296	365	45149	0	48379
18241	1422	312	44197	2000	0	47931
18242	1107	231	44980	1167	0	47485
18243	981	183	1735	45484	0	48383
18244	1086	266	771	46357	0	48480
18245	44954	260	522	2264	0	48000
18246	2097	43198	485	1193	0	46973
18247	1166	43015	496	955	0	45632
18248	915	44818	552	732	0	47017
18249	852	1752	582	43789	0	46975
18250	43310	704	487	1950	0	46451
18251	43580	478	289	1155	0	45502
18252	2181	42810	207	803	0	46001
18253	43301	1582	181	686	0	45750
18254	1911	773	234	42648	0	45566
18255	1021	589	42534	1705	0	45849
18256	934	373	1277	42576	0	45160
18257	1061	343	489	43206	0	45099
18258	1022	317	330	42815	0	44484
18259	39501	295	281	1910	0	41987
18260	1437	355	317	37683	0	39792
18261	836	37085	326	1696	0	39943
18262	36238	864	478	1127	0	38707
18263	1220	35299	275	880	0	37674
18264	661	33550	234	683	0	35128
18265	535	34823	201	667	0	36226
18266	501	857	31199	421	0	32978
18267	306	30075	667	423	0	31471
18268	355	538	25443	236	0	26572
18269	22575	184	307	182	0	23248
18270	23386	46	73	166	0	23671
18271	257	54	24042	87	0	24440
18272	24248	42	174	203	0	24667
18273	25452	47	47	148	0	25694
18274	267	48	25246	68	0	25629
18275	118	26222	180	75	0	26595
18276	146	213	53	26794	0	27206
18277	27298	75	39	289	0	27701
18278	254	62	28	27141	0	27485
18279	28790	52	37	352	0	29231
18280	28690	53	42	163	0	28948
18281	271	60	28730	70	0	29131
18282	28395	41	189	137	0	28762
18283	241	29671	59	81	0	30052
18284	30223	202	41	128	0	30594
18285	278	67	37	30506	0	30888
18286	136	60	30686	220	0	31102
18287	141	38	209	30327	0	30715
18288	30663	45	78	323	0	31109
18289	231	30738	60	178	0	31207
18290	124	245	30779	104	0	31252
18291	181	72	213	29780	0	30246
18292	115	61	31154	258	0	31588
18293	92	31342	238	138	0	31810
18294	31493	213	86	150	0	31942
18295	292	84	59	31604	0	32039
18296	126	83	31666	246	0	32121
18297	141	132	29824	121	0	30218
18298	32234	53	256	165	0	32708
18299	330	63	106	32917	0	33416
18300	158	68	67	33138	0	33431
18301	113	79	33293	332	0	33817
18302	135	86	32797	133	0	33151
18303	94	34824	328	117	0	35363
18304	139	277	123	35292	0	35831
18305	151	96	91	35563	0	35901
18306	100	35775	78	349	0	36302
18307	113	301	35558	141	0	36113
18308	34717	114	291	163	0	35285
18309	374	67	116	36559	0	37116
18310	121	85	37184	357	0	37747
18311	176	67	317	35895	0	36455
18312	128	37277	133	348	0	37886
18313	140	337	37443	147	0	38067
18314	36535	123	363	223	0	37244
18315	406	99	38624	96	0	39225
18316	149	113	38085	82	0	38429
18317	108	81	38051	78	0	38318
18318	104	105	41009	86	0	41304
18319	196	76	633	41491	0	42396
18320	105	65	44050	613	0	44833
18321	184	75	648	42312	0	43219
18322	66	43593	188	610	0	44457
18323	46050	602	118	230	0	47000
18324	805	135	87	46443	0	47470
18325	213	105	45972	768	0	47058
18326	126	45820	757	262	0	46965
18327	183	700	219	46336	0	47438
18328	46133	192	154	865	0	47344
18329	729	46261	132	242	0	47364
18330	291	730	106	47549	0	48676
18331	48084	210	106	889	0	49289
18332	770	124	47534	245	0	48673
18333	47187	70	778	304	0	48339
18334	810	81	48388	121	0	49400
18335	46453	69	793	179	0	47494
18336	47098	58	231	192	0	47579
18337	934	80	46225	74	0	47313
18338	257	45639	702	102	0	46700
18339	334	727	283	44097	0	45441
18340	109	205	46772	717	0	47803
18341	234	155	720	44746	0	45855
18342	239	108	213	45441	0	46001
18343	92	90	46242	870	0	47294
18344	109	88	45739	309	0	46245
18345	189	57	842	46029	0	47117
18346	47016	44	328	852	0	48240
18347	727	45967	230	264	0	47188
18348	239	47154	146	203	0	47742
18349	47523	792	138	223	0	48676
18350	48640	264	99	250	0	49253
18351	957	145	125	48268	0	49495
18352	411	101	111	48718	0	49341
18353	239	96	122	49383	0	49840
18354	47991	54	111	1147	0	49303
18355	755	46294	133	385	0	47567
18356	266	47863	137	245	0	48511
18357	228	830	138	48261	0	49457
18358	226	245	151	49161	0	49783
18359	212	160	116	49193	0	49681
18360	48476	95	81	1144	0	49796
18361	740	49218	117	404	0	50479
18362	50006	803	88	375	0	51272
18363	937	288	49826	201	0	51252
18364	361	50694	852	191	0	52098
18365	252	844	316	50931	0	52343
18366	50741	287	166	1161	0	52355
18367	974	199	50577	383	0	52133
18368	416	209	50277	244	0	51146
18369	371	166	1120	50508	0	52165
18370	268	164	420	51694	0	52546
18371	244	133	238	51284	0	51899
18372	254	117	187	49405	0	49963
18373	224	115	171	49843	0	50353
18374	197	48252	157	1430	0	50036
18375	268	874	164	49123	0	50429
18376	47910	307	214	1255	0	49686
18377	902	48523	209	574	0	50208
18378	48497	973	171	548	0	50189
18379	1078	412	46971	364	0	48825
18380	482	258	47305	310	0	48355
18381	411	197	1190	48875	0	50673
18382	245	176	57584	1216	0	59221
18383	358	149	1564	56934	0	59005
18384	380	176	660	56698	0	57914
18385	57715	150	382	2274	0	60521
18386	57624	158	239	1131	0	59152
18387	2013	58212	286	603	0	61114
18388	839	61209	251	444	0	62743
18389	600	2079	220	60276	0	63175
18390	60622	841	208	1981	0	63652
18391	1750	504	60805	861	0	63920
18392	913	283	1678	61007	0	63881
18393	630	206	716	62069	0	63621
18394	366	222	60535	2408	0	63531
18395	294	60084	1797	1275	0	63450
18396	497	1697	733	59457	0	62384
18397	300	749	60825	2053	0	63927
18398	433	423	1750	60282	0	62888
18399	57881	263	751	2274	0	61169
18400	1679	57901	565	1055	0	61200
18401	752	59571	372	749	0	61444
18402	613	2122	331	58663	0	61729
18403	56801	882	335	2112	0	60130
18404	1666	57560	344	1073	0	60643
18405	57787	1735	296	954	0	60772
18406	2002	790	57057	684	0	60533
18407	938	544	58773	647	0	60902
18408	776	434	2244	56425	0	59879
18409	598	400	999	60095	0	62092
18410	58012	377	574	2656	0	61619
18411	2166	355	383	58411	0	61315
18412	1049	409	56947	2292	0	60697
18413	820	477	1725	56820	0	59842
18414	715	397	813	58591	0	60516
18415	443	369	55108	2620	0	58540
18416	52636	319	1793	1606	0	56354
18417	2052	310	874	55243	0	58479
18418	52123	265	601	2151	0	55140
18419	1689	49405	497	1154	0	52745
18420	48911	1400	439	969	0	51719
18421	1641	48286	403	764	0	51094
18422	820	49189	409	753	0	51171
18423	878	1845	504	46245	0	49472
18424	45901	851	468	1666	0	48886
18425	46524	551	301	964	0	48340
18426	1836	488	257	45696	0	48277
18427	45786	416	294	1680	0	48176
18428	46085	387	273	1033	0	47778
18429	2075	365	257	45391	0	48088
18430	43901	366	293	1687	0	46247
18431	1758	43865	332	968	0	46923
18432	44307	1359	379	874	0	46919
18433	1748	731	42565	694	0	45738
18434	45436	421	1233	857	0	47947
18435	1816	287	676	45696	0	48475
18436	1093	248	479	46881	0	48701
18437	802	253	427	47108	0	48590
18438	686	241	390	47031	0	48348
18439	575	310	369	46788	0	48042
18440	506	42429	442	2420	0	45797
18441	602	45518	374	1409	0	47903
18442	45229	1575	354	1059	0	48217
18443	1669	876	44362	781	0	47688
18444	44547	673	1274	799	0	47293
18445	1827	577	44592	699	0	47695
18446	1166	512	1458	44241	0	47377
18447	877	543	638	45933	0	47991
18448	44583	441	425	2172	0	47621
18449	1846	485	43823	1219	0	47373
18450	1311	406	1296	44451	0	47464
18451	940	374	45908	1885	0	49107
18452	856	47066	1517	1152	0	50591
18453	899	1407	694	48637	0	51637
18454	48755	697	497	1996	0	51945
18455	47796	512	389	1259	0	49956
18456	49295	379	404	1018	0	51096
18457	2314	47415	424	905	0	51058
18458	1290	49609	455	808	0	52162
18459	45394	1787	416	1137	0	48734
18460	1737	48557	369	968	0	51631
18461	954	49156	336	950	0	51396
18462	833	1795	47071	966	0	50665
18463	579	46466	1357	878	0	49280
18464	515	46846	663	779	0	48803
18465	610	1801	437	46500	0	49348
18466	553	1003	46282	1603	0	49441
18467	628	688	45101	903	0	47320
18468	44635	416	1679	796	0	47526
18469	1676	415	46103	576	0	48770
18470	46709	380	1569	656	0	49314
18471	1782	358	837	46398	0	49375
18472	1099	46683	521	1616	0	49919
18473	48612	1335	424	1062	0	51433
18474	51070	709	403	945	0	53127
18475	2086	468	419	50565	0	53538
18476	1297	328	389	51306	0	53320
18477	953	314	376	51935	0	53578
18478	50605	305	290	2292	0	53492
18479	47909	325	308	1433	0	49975
18480	50892	338	213	947	0	52390
18481	2095	47322	210	643	0	50270
18482	39345	603	120	288	0	40356
18483	809	38433	134	212	0	39588
18484	396	39071	90	205	0	39762
18485	455	1021	256	37454	0	39186
18486	237	37790	139	573	0	38739
18487	36457	508	111	255	0	37331
18488	584	242	39	36100	0	36965
18489	35475	133	65	517	0	36190
18490	489	34391	48	195	0	35123
18491	189	35884	60	147	0	36280
18492	36795	472	44	185	0	37496
18493	502	37737	60	123	0	38422
18494	286	533	51	38482	0	39352
18495	250	164	75	39051	0	39540
18496	39034	118	53	693	0	39898
18497	631	84	43	39407	0	40165
18498	242	98	40138	647	0	41125
18499	238	85	546	40409	0	41278
18500	41272	99	154	779	0	42304
18501	672	42091	117	257	0	43137
18502	44162	696	68	283	0	45209
18503	43195	247	66	274	0	43782
18504	44709	174	53	223	0	45159
18505	1018	150	43652	127	0	44947
18506	409	148	42269	118	0	42944
18507	41922	91	766	211	0	42990
18508	765	42716	289	144	0	43914
18509	387	705	159	43463	0	44714
18510	290	252	96	43572	0	44210
18511	173	42046	132	817	0	43168
18512	142	43637	118	312	0	44209
18513	254	834	68	43848	0	45004
18514	203	361	82	44405	0	45051
18515	192	224	43145	886	0	44447
18516	232	182	40972	398	0	41784
18517	42455	135	849	357	0	43796
18518	44671	131	342	264	0	45408
18519	972	116	220	44267	0	45575
18520	451	157	44193	761	0	45562
18521	370	163	724	43711	0	44968
18522	43743	101	264	1013	0	45121
18523	829	137	43634	400	0	45000
18524	445	175	720	44376	0	45716
18525	257	171	44727	818	0	45973
18526	206	43862	823	441	0	45332
18527	202	717	44609	297	0	45825
18528	324	331	857	43720	0	45232
18529	44759	193	380	875	0	46207
18530	895	127	216	45865	0	47103
18531	45979	132	157	1057	0	47325
18532	46778	135	142	535	0	47590
18533	45882	113	188	444	0	46627
18534	1078	131	44357	244	0	45810
18535	45367	102	732	299	0	46500
18536	1007	108	319	45765	0	47199
18537	528	98	205	46205	0	47036
18538	337	139	45731	940	0	47147
18539	365	190	701	45872	0	47128
18540	46565	100	332	1053	0	48050
18541	812	46491	210	470	0	47983
18542	48191	680	129	491	0	49491
18543	48769	241	123	454	0	49587
18544	49485	196	129	323	0	50133
18545	1254	142	146	48679	0	50221
18546	590	131	49298	910	0	50929
18547	469	115	810	50415	0	51809
18548	406	110	294	51370	0	52180
18549	50904	98	218	1358	0	52578
18550	49823	81	170	708	0	50782
18551	1195	101	48319	379	0	49994
18552	638	135	861	48003	0	49637
18553	420	101	48840	1055	0	50416
18554	49579	107	1068	597	0	51351
18555	1181	54076	375	428	0	56060
18556	54820	1063	300	367	0	56550
18557	1426	55663	225	268	0	57582
18558	55698	1290	192	366	0	57546
18559	1442	55651	223	262	0	57578
18560	763	1326	179	55704	0	57972
18561	606	418	138	57429	0	58591
18562	56926	322	122	1682	0	59052
18563	56946	203	148	767	0	58064
18564	57620	169	161	611	0	58561
18565	55560	189	144	541	0	56434
18566	57109	186	162	373	0	57830
18567	2066	170	111	55067	0	57414
18568	933	54686	136	1298	0	57053
18569	855	1227	88	54397	0	56567
18570	529	54107	134	1440	0	56210
18571	588	1366	103	53323	0	55380
18572	485	53791	119	1485	0	55880
18573	538	1346	102	53508	0	55494
18574	432	452	51146	1543	0	53573
18575	49156	355	1127	759	0	51397
18576	1483	50992	363	512	0	53350
18577	51332	1269	248	476	0	53325
18578	1625	470	50122	340	0	52557
18579	49599	389	1197	476	0	51661
18580	1623	283	51753	349	0	54008
18581	782	277	1430	51639	0	54128
18582	528	54286	505	1435	0	56754
18583	442	1462	54641	521	0	57066
18584	528	522	1513	54781	0	57344
18585	52235	422	606	1754	0	55017
18586	1732	270	435	55406	0	57843
18587	840	212	311	56379	0	57742
18588	781	218	233	57053	0	58285
18589	466	248	54751	2203	0	57668
18590	605	206	1459	54168	0	56438
18591	405	53027	586	1983	0	56001
18592	541	1364	405	53546	0	55856
18593	515	477	255	54135	0	55382
18594	52301	360	204	2126	0	54991
18595	1734	274	159	53634	0	55801
18596	668	238	53246	1957	0	56109
18597	567	203	53206	957	0	54933
18598	394	176	52936	754	0	54260
18599	336	51876	1957	627	0	54796
18600	50864	1427	1102	644	0	54037
18601	1412	50582	562	444	0	53000
18602	49691	1530	374	498	0	52093
18603	1786	595	286	49130	0	51797
18604	720	490	49424	1485	0	52119
18605	631	327	48039	684	0	49681
18606	397	49311	1690	611	0	52009
18607	486	1425	829	49549	0	52289
18608	440	599	542	50719	0	52300
18609	429	500	362	51275	0	52566
18610	304	345	49551	2196	0	52396
18611	46729	289	1546	1247	0	49811
18612	1653	278	49769	781	0	52481
18613	909	298	1746	48632	0	51585
18614	797	230	714	50965	0	52706
18615	423	307	49419	2136	0	52285
18616	46867	245	1628	1316	0	50056
18617	1579	49085	799	943	0	52406
18618	49546	1519	601	784	0	52450
18619	1931	642	442	48566	0	51581
18620	819	49047	411	1799	0	52076
18621	815	1540	347	50173	0	52875
18622	49659	687	339	2194	0	52879
18623	1842	507	341	49827	0	52517
18624	857	376	48183	2157	0	51573
18625	47513	348	1549	1197	0	50607
18626	49185	334	754	1007	0	51280
18627	2164	357	47727	720	0	50968
18628	1202	340	1590	47847	0	50979
18629	48839	296	798	1991	0	51924
18630	1994	309	593	47946	0	50842
18631	1028	331	424	47906	0	49689
18632	901	268	428	48048	0	49645
18633	679	262	387	48248	0	49576
18634	560	304	45470	2626	0	48960
18635	612	248	1599	46337	0	48796
18636	537	267	45517	2349	0	48670
18637	44582	225	1869	1371	0	48047
18638	46236	265	930	1151	0	48582
18639	46029	223	745	942	0	47939
18640	46163	231	531	884	0	47809
18641	2512	239	516	43862	0	47129
18642	43041	222	413	2104	0	45780
18643	2118	196	42193	1172	0	45679
18644	1072	194	41949	1049	0	44264
18645	40270	192	1868	886	0	43216
18646	1736	39334	1061	794	0	42925
18647	888	39624	690	732	0	41934
18648	848	1577	650	38862	0	41937
18649	622	723	38536	1732	0	41613
18650	36699	501	1547	1067	0	39814
18651	1653	328	38172	889	0	41042
18652	862	35751	1458	734	0	38805
18653	787	1070	35521	654	0	38032
18654	515	32551	1395	544	0	35005
18655	28430	1195	981	545	0	31151
18656	1043	27974	474	453	0	29944
18657	560	27057	344	370	0	28331
18658	539	1000	315	26843	0	28697
18659	379	537	26489	971	0	28376
18660	396	369	880	25833	0	27478
18661	349	248	521	26588	0	27706
18662	296	248	25756	1248	0	27548
18663	326	187	939	25363	0	26815
18664	346	24739	566	1096	0	26747
18665	355	763	433	26107	0	27658
18666	25808	394	327	1173	0	27702
18667	987	311	338	26222	0	27858
18668	570	233	25797	1176	0	27776
18669	489	248	870	26413	0	28020
18670	339	206	26047	1235	0	27827
18671	25716	219	1020	742	0	27697
18672	969	183	532	26473	0	28157
18673	26332	186	466	1160	0	28144
18674	1088	195	26058	690	0	28031
18675	25215	165	923	637	0	26940
18676	1079	26103	576	429	0	28187
18677	596	764	26282	466	0	28108
18678	486	594	963	25532	0	27575
18679	396	291	26315	953	0	27955
18680	338	23903	941	590	0	25772
18681	327	25086	502	459	0	26374
18682	21568	705	315	362	0	22950
18683	697	22423	213	310	0	23643
18684	22561	652	256	274	0	23743
18685	842	319	220	22671	0	24052
18686	368	229	22442	718	0	23757
18687	335	22594	666	341	0	23936
18688	304	678	359	22709	0	24050
18689	289	309	217	23888	0	24703
18690	283	226	177	24273	0	24959
18691	228	184	221	23692	0	24325
18692	244	22315	190	959	0	23708
18693	170	23425	177	521	0	24293
18694	21961	683	185	396	0	23225
18695	592	21747	166	265	0	22770
18696	251	549	106	20700	0	21606
18697	172	230	20472	584	0	21458
18698	125	20312	499	250	0	21186
18699	174	530	173	20002	0	20879
18700	168	234	135	20140	0	20677
18701	90	20024	97	613	0	20824
18702	19439	476	73	324	0	20312
18703	488	213	19345	191	0	20237
18704	18277	144	388	181	0	18990
18705	466	18941	154	135	0	19696
18706	17746	388	87	122	0	18343
18707	374	18194	52	64	0	18684
18708	174	395	75	18890	0	19534
18709	119	163	49	19301	0	19632
18710	18886	115	37	556	0	19594
18711	438	112	31	19095	0	19676
18712	182	91	18720	445	0	19438
18713	91	18186	355	219	0	18851
18714	90	18618	141	128	0	18977
18715	137	467	66	18262	0	18932
18716	81	211	18486	371	0	19149
18717	124	141	337	18194	0	18796
18718	77	111	133	18541	0	18862
18719	53	92	18104	526	0	18775
18720	73	83	17667	246	0	18069
18721	54	18026	414	166	0	18660
18722	18032	367	164	170	0	18733
18723	368	188	90	17770	0	18416
18724	141	17378	90	363	0	17972
18725	17845	394	79	205	0	18523
18726	377	182	73	17864	0	18496
18727	165	124	59	17859	0	18207
18728	77	17477	57	538	0	18149
18729	85	370	72	17454	0	17981
18730	17342	175	74	508	0	18099
18731	388	133	65	17584	0	18170
18732	220	113	55	17884	0	18272
18733	107	132	17291	528	0	18058
18734	128	140	16449	245	0	16962
18735	16929	107	442	221	0	17699
18736	400	103	158	17045	0	17706
18737	200	100	102	17185	0	17587
18738	124	102	76	17456	0	17758
18739	96	102	16841	592	0	17631
18740	16760	92	363	311	0	17526
18741	401	101	134	17005	0	17641
18742	199	87	105	17288	0	17679
18743	16723	94	117	579	0	17513
18744	392	16605	119	331	0	17447
18745	225	375	16598	230	0	17428
18746	146	177	359	16277	0	16959
18747	106	16495	179	540	0	17320
18748	126	371	117	16989	0	17603
18749	16643	177	117	550	0	17487
18750	416	141	98	16747	0	17402
18751	16434	103	80	567	0	17184
18752	16411	120	75	357	0	16963
18753	547	102	77	16027	0	16753
18754	227	15580	110	514	0	16431
18755	160	16324	100	307	0	16891
18756	121	473	16050	261	0	16905
18757	164	225	390	15574	0	16353
18758	140	147	167	16386	0	16840
18759	123	126	116	16576	0	16941
18760	16021	107	106	658	0	16892
18761	463	107	75	16253	0	16898
18762	233	122	16042	561	0	16958
18763	16033	85	350	382	0	16850
18764	437	122	152	16631	0	17342
18765	245	108	108	17008	0	17469
18766	143	90	16508	612	0	17353
18767	16149	91	385	377	0	17002
18768	418	106	172	16805	0	17501
18769	215	82	16907	578	0	17782
18770	185	86	374	16989	0	17634
18771	185	80	205	16005	0	16475
18772	152	17034	154	576	0	17916
18773	16878	341	116	357	0	17692
18774	16673	150	98	338	0	17259
18775	476	16495	100	265	0	17336
18776	16215	361	116	266	0	16958
18777	16105	164	99	236	0	16604
18778	532	101	77	15956	0	16666
18779	256	69	15283	497	0	16105
18780	186	53	14768	294	0	15301
18781	131	60	14595	215	0	15001
18782	112	70	14986	181	0	15349
18783	142	268	423	13874	0	14707
18784	114	55	220	14550	0	14939
18785	108	69	103	14453	0	14733
18786	132	50	74	14761	0	15017
18787	14473	46	53	501	0	15073
18788	337	14706	64	285	0	15392
18789	14660	236	60	195	0	15151
18790	334	121	14552	110	0	15117
18791	175	61	15319	108	0	15663
18792	142	129	355	15678	0	16304
18793	15910	37	241	400	0	16588
18794	15454	34	105	230	0	15823
18795	400	15452	74	143	0	16069
18796	170	15859	76	136	0	16241
18797	143	337	51	15930	0	16461
18798	15858	152	63	344	0	16417
18799	287	15974	54	195	0	16510
18800	16044	253	49	158	0	16504
18801	16217	128	48	141	0	16534
18802	16318	88	42	143	0	16591
18803	406	67	16158	83	0	16714
18804	230	16218	260	61	0	16769
18805	16150	244	134	114	0	16642
18806	16150	122	60	130	0	16462
18807	376	15526	64	68	0	16034
18808	145	15009	22	31	0	15207
18809	15080	249	48	60	0	15437
18810	252	135	20	15038	0	15445
18811	128	82	15084	197	0	15491
18812	14902	47	187	116	0	15252
18813	265	60	77	15429	0	15831
18814	128	15889	47	274	0	16338
18815	137	203	32	16305	0	16677
18816	86	109	16282	230	0	16707
18817	103	71	219	16143	0	16536
18818	16929	57	84	293	0	17363
18819	283	41	53	17052	0	17429
18820	167	40	28	17269	0	17504
18821	91	68	18130	299	0	18588
18822	114	51	204	17701	0	18070
18823	64	18165	104	258	0	18591
18824	18355	220	67	152	0	18794
18825	18101	81	49	129	0	18360
18826	318	68	18389	70	0	18845
18827	162	55	207	17925	0	18349
18828	92	17626	97	571	0	18386
18829	64	18599	68	137	0	18868
18830	18536	263	54	131	0	18984
18831	274	116	36	18937	0	19363
18832	138	75	18786	261	0	19260
18833	89	62	18529	137	0	18817
18834	94	34	294	18993	0	19415
18835	18937	42	137	300	0	19416
18836	18946	47	77	171	0	19241
18837	345	60	50	19612	0	20067
18838	173	58	19841	273	0	20345
18839	102	19847	247	134	0	20330
18840	19952	230	112	155	0	20449
18841	246	20179	80	122	0	20627
18842	20411	276	45	126	0	20858
18843	317	123	45	20439	0	20924
18844	172	71	20397	276	0	20916
18845	116	67	249	20139	0	20571
18846	20396	44	131	340	0	20911
18847	282	63	20413	151	0	20909
18848	158	20514	264	114	0	21050
18849	160	250	115	20688	0	21213
18850	20856	89	90	322	0	21357
18851	280	97	20834	152	0	21363
18852	188	76	262	21026	0	21552
18853	164	67	113	21583	0	21927
18854	131	72	21626	327	0	22156
18855	139	66	281	21218	0	21704
18856	119	86	21614	329	0	22148
18857	21033	53	287	236	0	21609
18858	345	56	144	22721	0	23266
18859	169	87	24163	356	0	24775
18860	132	24559	341	193	0	25225
18861	25356	324	149	205	0	26034
18862	27536	131	112	213	0	27992
18863	570	100	74	30289	0	31033
18864	251	31022	87	523	0	31883
18865	31498	537	70	287	0	32392
18866	688	180	74	31555	0	32497
18867	253	156	31427	623	0	32459
18868	30554	97	567	324	0	31542
18869	652	30730	206	188	0	31776
18870	325	523	139	31301	0	32288
18871	31308	184	111	661	0	32264
18872	638	154	30683	254	0	31729
18873	270	101	31190	175	0	31736
18874	294	91	680	30273	0	31338
18875	195	76	31605	598	0	32474
18876	218	77	654	30721	0	31670
18877	119	30535	297	700	0	31651
18878	164	569	167	32214	0	33114
18879	31700	199	154	778	0	32831
18880	591	128	31686	339	0	32744
18881	228	31793	615	249	0	32885
18882	286	534	221	31692	0	32733
18883	150	255	32620	618	0	33643
18884	175	225	576	31154	0	32130
18885	128	31361	258	594	0	32341
18886	93	32812	178	261	0	33344
18887	31610	597	141	302	0	32650
18888	446	32525	107	172	0	33250
18889	162	550	31622	106	0	32440
18890	29836	234	560	198	0	30828
18891	484	167	31682	75	0	32408
18892	279	117	487	29533	0	30416
18893	149	90	31795	434	0	32468
18894	109	31577	530	174	0	32390
18895	135	442	210	31671	0	32458
18896	109	144	120	31774	0	32147
18897	127	98	116	31282	0	31623
18898	54	92	31567	638	0	32351
18899	122	92	438	30940	0	31592
18900	105	89	154	32059	0	32407
18901	31270	68	118	724	0	32180
18902	31365	81	96	411	0	31953
18903	558	68	31496	192	0	32314
18904	244	31144	485	160	0	32033
18905	166	412	31776	101	0	32455
18906	174	158	507	31777	0	32616
18907	98	112	32680	498	0	33388
18908	132	104	545	32136	0	32917
18909	115	81	226	33023	0	33445
18910	50	65	32766	653	0	33534
18911	30207	50	521	404	0	31182
18912	422	33299	233	226	0	34180
18913	205	427	139	33637	0	34408
18914	112	163	34859	548	0	35682
18915	139	149	33375	228	0	33891
18916	33038	88	555	267	0	33948
18917	446	34262	264	154	0	35126
18918	186	464	165	34694	0	35509
18919	35225	159	161	579	0	36124
18920	526	110	114	35306	0	36056
18921	248	111	128	35922	0	36409
18922	150	94	35884	684	0	36812
18923	34325	72	489	451	0	35337
18924	36415	65	244	312	0	37036
18925	671	61	163	36481	0	37376
18926	36407	90	149	613	0	37259
18927	630	70	121	36466	0	37287
18928	279	35353	147	633	0	36412
18929	193	37104	146	303	0	37746
18930	232	586	108	37611	0	38537
18931	36947	245	127	700	0	38019
18932	525	172	92	37342	0	38131
18933	37676	117	79	739	0	38611
18934	37979	101	78	430	0	38588
18935	737	76	95	37985	0	38893
18936	388	79	96	38704	0	39267
18937	270	83	37858	743	0	38954
18938	235	93	38442	349	0	39119
18939	224	74	710	38690	0	39698
18940	154	78	41302	728	0	42262
18941	40289	64	742	462	0	41557
18942	699	94	315	44146	0	45254
18943	257	103	46590	790	0	47740
18944	46183	67	864	514	0	47628
18945	49989	67	401	366	0	50823
18946	1290	51930	262	268	0	53750
18947	768	937	184	53631	0	55520
18948	418	419	55247	1023	0	57107
18949	55191	231	989	680	0	57091
18950	57436	148	482	496	0	58562
18951	1443	134	57540	244	0	59361
18952	58251	96	1087	319	0	59753
18953	1406	89	513	57751	0	59759
18954	811	70	322	58948	0	60151
18955	58344	64	265	1536	0	60209
18956	58736	58	196	793	0	59783
18957	1635	184	225	57827	0	59871
18958	822	80	57519	1192	0	59613
18959	502	55909	1003	667	0	58081
18960	417	895	56294	404	0	58010
18961	404	417	55614	292	0	56727
18962	312	53835	1371	287	0	55805
18963	542	835	786	49556	0	51719
18964	316	342	368	50689	0	51715
18965	201	197	50272	1039	0	51709
18966	368	125	847	49137	0	50477
18967	50362	89	429	1066	0	51946
18968	867	108	50967	532	0	52474
18969	50929	89	835	509	0	52362
18970	52476	52	451	428	0	53407
18971	52734	57	322	366	0	53479
18972	1400	100	51205	219	0	52924
18973	805	129	51350	203	0	52487
18974	613	112	1085	51131	0	52941
18975	534	111	616	49596	0	50857
18976	314	51817	405	1060	0	53596
18977	52053	760	309	685	0	53807
18978	52020	346	310	486	0	53162
18979	1192	52155	277	331	0	53955
18980	52534	776	226	451	0	53987
18981	1062	52021	250	385	0	53718
18982	52999	891	199	427	0	54516
18983	1210	423	224	51678	0	53535
18984	699	266	52069	883	0	53917
18985	527	236	51473	468	0	52704
18986	476	186	1146	51682	0	53490
18987	416	150	657	52257	0	53480
18988	310	152	51809	1145	0	53416
18989	360	163	985	50806	0	52314
18990	441	142	615	50609	0	51807
18991	51664	125	432	1407	0	53628
18992	52186	136	289	878	0	53489
18993	51527	117	249	647	0	52540
18994	1430	171	50369	351	0	52321
18995	833	50696	920	333	0	52782
18996	645	761	512	51695	0	53613
18997	542	410	52692	882	0	54526
18998	505	52683	957	509	0	54654
18999	53858	839	573	497	0	55767
19000	1108	405	417	53980	0	55910
19001	703	270	342	54811	0	56126
19002	54138	232	311	1416	0	56097
19003	1117	178	277	54340	0	55912
19004	768	191	250	54702	0	55911
19005	54706	173	202	1549	0	56630
19006	1171	212	53721	778	0	55882
19007	698	53408	939	591	0	55636
19008	54085	841	535	591	0	56052
19009	1180	493	54873	398	0	56944
19010	53988	303	941	608	0	55840
19011	1166	56026	672	396	0	58260
19012	55824	845	466	540	0	57675
19013	55745	501	361	590	0	57197
19014	54605	276	348	517	0	55746
19015	1577	240	323	53434	0	55574
19016	947	349	285	53609	0	55190
19017	640	52974	316	1397	0	55327
19018	575	53460	335	797	0	55167
19019	587	54233	251	572	0	55643
19020	53998	1070	267	630	0	55965
19021	1094	578	53111	374	0	55157
19022	766	371	856	53068	0	55061
19023	582	277	487	53565	0	54911
19024	421	53209	404	1212	0	55246
19025	543	918	274	53852	0	55587
19026	574	513	259	53033	0	54379
19027	428	54102	302	1288	0	56120
19028	53604	917	294	904	0	55719
19029	957	54645	247	564	0	56413
19030	597	972	53546	442	0	55557
19031	52918	511	827	595	0	54851
19032	989	54553	443	451	0	56436
19033	54139	840	318	496	0	55793
19034	1155	521	260	53975	0	55911
19035	821	325	249	53856	0	55251
19036	529	278	53546	1091	0	55444
19037	538	262	52867	568	0	54235
19038	489	344	956	53086	0	54875
19039	52937	188	478	1050	0	54653
19040	51408	161	293	620	0	52482
19041	1204	52909	231	381	0	54725
19042	497	51553	180	261	0	52491
19043	277	50832	122	195	0	51426
19044	909	1446	420	48252	0	51027
19045	47963	272	671	1132	0	50038
19046	48363	96	25	413	0	48897
19047	48115	64	19	264	0	48462
19048	1142	82	46227	58	0	47509
19049	293	54734	932	90	0	56049
19050	330	991	213	59873	0	61407
19051	60211	223	101	1431	0	61966
19052	1584	114	50	60689	0	62437
19053	595	61	36	63492	0	64184
19054	62830	59	44	1879	0	64812
19055	66574	75	37	636	0	67322
19056	2004	117	65710	223	0	68054
19057	851	68	1634	65731	0	68284
19058	292	75	65381	1744	0	67492
19059	436	48	1724	65379	0	67587
19060	233	85	65396	1884	0	67598
19061	411	106	1775	65071	0	67363
19062	63559	82	508	2099	0	66248
19063	1683	63400	330	683	0	66096
19064	521	66651	211	439	0	67822
19065	611	2025	164	60613	0	63413
19066	207	66561	171	1584	0	68523
19067	66178	1869	139	660	0	68846
19068	65390	562	134	491	0	66577
19069	2207	337	63660	251	0	66455
19070	680	63446	1762	298	0	66186
19071	639	1708	501	64397	0	67245
19072	302	541	64353	1805	0	67001
19073	63703	283	1787	742	0	66515
19074	2077	233	519	64686	0	67515
19075	700	237	64982	1821	0	67740
19076	631	197	1806	64870	0	67504
19077	64858	212	593	2138	0	67801
19078	1908	221	64038	679	0	66846
19079	63572	175	1846	580	0	66173
19080	65900	139	616	437	0	67092
19081	2529	150	323	63816	0	66818
19082	836	204	63459	1882	0	66381
19083	517	273	62739	717	0	64246
19084	61667	164	2126	615	0	64572
19085	64263	122	744	558	0	65687
19086	2447	156	62468	363	0	65434
19087	1184	144	1896	62112	0	65336
19088	809	117	707	62218	0	63851
19089	467	62345	518	2177	0	65507
19090	640	1727	367	63191	0	65925
19091	62887	473	385	2256	0	66001
19092	2289	216	311	63104	0	65920
19093	856	211	61986	2221	0	65274
19094	60723	171	1912	1087	0	63893
19095	2211	188	711	61370	0	64480
19096	832	277	60873	2101	0	64083
19097	592	59322	1946	920	0	62780
19098	58007	1797	717	825	0	61346
19099	2054	59726	500	633	0	62913
19100	59421	1933	364	761	0	62479
19101	2309	693	58133	629	0	61764
19102	933	56624	1922	677	0	60156
19103	709	59658	748	592	0	61707
19104	772	2250	515	57756	0	61293
19105	791	747	456	59416	0	61410
19106	636	456	57489	2550	0	61131
19107	702	339	2052	57772	0	60865
19108	56955	289	873	2579	0	60696
19109	2177	377	55536	1096	0	59186
19110	1002	420	2144	55549	0	59115
19111	717	406	54965	2332	0	58420
19112	53067	439	2173	1218	0	56897
19113	2159	54682	937	895	0	58673
19114	54910	1965	701	861	0	58437
19115	56808	795	546	840	0	58989
19116	57311	526	565	814	0	59216
19117	2968	475	53630	679	0	57752
19118	1326	53612	2171	637	0	57746
19119	1027	1937	954	53831	0	57749
19120	921	773	667	56866	0	59227
19121	56495	454	628	2818	0	60395
19122	2658	377	646	56871	0	60552
19123	57072	349	682	2812	0	60915
19124	58075	336	709	1335	0	60455
19125	58538	327	571	1064	0	60500
19126	58704	387	640	825	0	60556
19127	3356	359	567	55705	0	59987
19128	55965	312	489	2717	0	59483
19129	3024	370	53251	1128	0	57773
19130	53782	389	2269	924	0	57364
19131	56257	324	960	708	0	58249
19132	3322	399	52722	694	0	57137
19133	53905	368	2302	704	0	57279
19134	56137	324	1005	713	0	58179
19135	3398	291	703	53506	0	57898
19136	1788	269	652	55000	0	57709
19137	53215	321	597	2929	0	57062
19138	2933	289	595	52765	0	56582
19139	1633	249	568	52357	0	54807
19140	1111	49090	511	2926	0	53638
19141	1086	1480	504	48270	0	51340
19142	46897	460	515	2367	0	50239
19143	2429	302	377	46532	0	49640
19144	1250	199	468	45522	0	47439
19145	861	42881	512	2275	0	46529
19146	1089	1392	394	41661	0	44536
19147	1281	503	365	41313	0	43462
19148	39382	331	314	2020	0	42047
19149	1645	538	201	28799	0	31183
19150	502	143	24567	1059	0	26271
19151	296	22605	718	562	0	24181
19152	248	22584	298	328	0	23458
19153	20993	774	241	278	0	22286
19154	712	21174	164	260	0	22310
19155	17946	416	271	145	0	18778
19156	485	17820	54	114	0	18473
19157	18230	459	77	116	0	18882
19158	582	170	17	18483	0	19252
19159	265	108	36	18775	0	19184
19160	157	18474	38	582	0	19251
19161	169	496	22	18930	0	19617
19162	133	157	18853	541	0	19684
19163	18160	92	406	274	0	18932
19164	503	19334	133	175	0	20145
19165	19179	459	78	158	0	19874
19166	19404	155	44	156	0	19759
19167	19633	117	49	114	0	19913
19168	766	60	34	18919	0	19779
19169	321	65	43	19038	0	19467
19170	214	18844	32	600	0	19690
19171	18775	485	26	286	0	19572
19172	553	18928	30	171	0	19682
19173	19046	501	29	151	0	19727
19174	609	191	19033	141	0	19974
19175	19742	110	446	154	0	20452
19176	719	80	158	19798	0	20755
19177	312	88	19694	589	0	20683
19178	255	73	19816	248	0	20392
19179	230	79	667	19813	0	20789
19180	192	50	19954	611	0	20807
19181	207	57	626	19713	0	20603
19182	19093	59	235	696	0	20083
19183	655	68	142	19287	0	20152
19184	313	63	18822	691	0	19889
19185	223	18192	540	311	0	19266
19186	185	18913	208	234	0	19540
19187	223	648	167	18382	0	19420
19188	18453	257	143	675	0	19528
19189	647	141	66	18644	0	19498
19190	328	80	70	19027	0	19505
19191	253	75	89	19245	0	19662
19192	183	83	79	19319	0	19664
19193	154	84	18727	863	0	19828
19194	160	78	18633	419	0	19290
19195	18489	69	644	324	0	19526
19196	19208	57	267	288	0	19820
19197	763	71	149	18858	0	19841
19198	379	75	111	19287	0	19852
19199	229	87	18616	801	0	19733
19200	169	18663	535	387	0	19754
19201	18590	539	223	293	0	19645
19202	19131	218	147	220	0	19716
19203	806	160	66	18788	0	19820
19204	366	105	18662	687	0	19820
19205	258	98	525	18512	0	19393
19206	181	18623	226	696	0	19726
19207	186	551	18678	330	0	19745
19208	18569	226	580	275	0	19650
19209	674	161	242	18942	0	20019
19210	19196	101	159	712	0	20168
19211	689	95	18477	355	0	19616
19212	18712	96	571	316	0	19695
19213	725	114	265	18749	0	19853
19214	18619	118	184	679	0	19600
19215	775	106	119	18161	0	19161
19216	344	17377	132	726	0	18579
19217	286	18147	104	331	0	18868
19218	266	661	131	17677	0	18735
19219	182	241	17154	566	0	18143
19220	137	16675	440	299	0	17551
19221	221	369	194	15393	0	16177
19222	14925	137	144	444	0	15650
19223	14976	98	68	250	0	15392
19224	463	59	75	14875	0	15472
19225	270	45	92	14890	0	15297
19226	186	14214	78	495	0	14973
19227	128	14931	80	283	0	15422
19228	14775	401	81	221	0	15478
19229	384	189	63	14730	0	15366
19230	191	127	71	15013	0	15402
19231	139	99	14596	513	0	15347
19232	133	71	342	14538	0	15084
19233	115	65	176	14606	0	14962
19234	106	71	139	14802	0	15118
19235	108	66	14455	579	0	15208
19236	130	63	351	14612	0	15156
19237	14467	47	163	551	0	15228
19238	372	54	14168	293	0	14887
19239	14839	46	358	313	0	15556
19240	429	71	163	15261	0	15924
19241	231	63	117	15858	0	16269
19242	191	42	99	16357	0	16689
19243	116	45	15743	605	0	16509
19244	15274	49	386	366	0	16075
19245	396	16261	186	256	0	17099
19246	16327	337	134	217	0	17015
19247	455	16508	82	198	0	17243
19248	214	414	72	16720	0	17420
19249	16672	150	96	530	0	17448
19250	443	110	16290	276	0	17119
19251	15995	78	380	230	0	16683
19252	508	41	16514	149	0	17212
19253	263	106	423	16218	0	17010
19254	168	53	16104	456	0	16781
19255	128	15824	410	257	0	16619
19256	192	360	252	15136	0	15940
19257	14617	146	162	441	0	15366
19258	324	101	77	14266	0	14768
19259	176	14099	56	358	0	14689
19260	187	264	49	14300	0	14800
19261	14079	118	49	395	0	14641
19262	13794	77	48	232	0	14151
19263	394	13599	59	159	0	14211
19264	164	13114	50	80	0	13408
19265	142	275	60	12996	0	13473
19266	103	128	63	13150	0	13444
19267	12946	76	42	319	0	13383
19268	12888	48	46	201	0	13183
19269	281	13004	44	124	0	13453
19270	172	222	30	12726	0	13150
19271	126	99	29	12918	0	13172
19272	84	59	12819	309	0	13271
19273	66	12657	193	169	0	13085
19274	41	12414	70	120	0	12645
19275	72	212	42	11932	0	12258
19276	33	65	11902	170	0	12170
19277	22	56	11801	73	0	11952
19278	55	38	193	11854	0	12140
19279	54	29	75	12131	0	12289
19280	24	20	12051	201	0	12296
19281	41	17	163	12099	0	12320
19282	21	25	12336	222	0	12604
19283	12520	109	198	107	0	12934
19284	221	25	66	12909	0	13221
19285	86	21	13212	234	0	13553
19286	71	27	13164	96	0	13358
19287	60	25	297	13895	0	14277
19288	26	24	15009	289	0	15348
19289	34	20	15362	123	0	15539
19290	27	15015	374	107	0	15523
19291	15559	281	154	73	0	16067
19292	306	96	16034	43	0	16479
19293	128	72	312	15845	0	16357
19294	114	36	129	16134	0	16413
19295	59	24	97	16495	0	16675
19296	29	30	16088	462	0	16609
19297	57	28	315	15940	0	16340
19298	15980	21	140	428	0	16569
19299	353	25	105	16017	0	16500
19300	122	22	15969	410	0	16523
19301	126	13	326	15917	0	16382
19302	16068	18	141	459	0	16686
19303	16286	19	110	236	0	16651
19304	16232	27	70	158	0	16487
19305	496	23	43	16130	0	16692
19306	16252	14	57	386	0	16709
19307	16239	19	51	196	0	16505
19308	16259	20	59	165	0	16503
19309	479	15647	54	95	0	16275
19310	15928	289	61	120	0	16398
19311	451	110	43	15778	0	16382
19312	183	83	15663	355	0	16284
19313	133	15613	311	162	0	16219
19314	15811	303	120	165	0	16399
19315	375	109	98	15825	0	16407
19316	195	76	53	15752	0	16076
19317	130	15461	67	432	0	16090
19318	80	16076	68	218	0	16442
19319	15249	388	51	174	0	15862
19320	337	15485	64	98	0	15984
19321	15078	376	51	97	0	15602
19322	383	15174	50	88	0	15695
19323	15011	353	46	124	0	15534
19324	394	14991	42	97	0	15524
19325	153	15526	37	88	0	15804
19326	15307	406	42	110	0	15865
19327	363	183	15115	81	0	15742
19328	148	15235	296	99	0	15778
19329	161	339	140	15221	0	15861
19330	101	155	96	15757	0	16109
19331	123	115	56	15572	0	15866
19332	109	69	43	15814	0	16035
19333	89	64	15615	523	0	16291
19334	15377	57	344	263	0	16041
19335	396	62	138	16147	0	16743
19336	16316	51	105	481	0	16953
19337	17049	53	68	233	0	17403
19338	17246	44	54	188	0	17532
19339	16834	59	69	133	0	17095
19340	619	78	16079	113	0	16889
19341	297	60	443	15862	0	16662
19342	165	53	15864	499	0	16581
19343	119	15661	509	218	0	16507
19344	207	474	186	14717	0	15584
19345	158	136	127	15420	0	15841
19346	119	80	90	15500	0	15789
19347	116	61	88	15351	0	15616
19348	105	42	14825	646	0	15618
19349	125	52	416	14971	0	15564
19350	124	57	181	15371	0	15733
19351	15107	57	111	627	0	15902
19352	15768	45	82	319	0	16214
19353	638	57	71	15744	0	16510
19354	296	41	101	16080	0	16518
19355	200	49	89	16236	0	16574
19356	15751	55	85	778	0	16669
19357	16309	54	67	356	0	16786
19358	15663	68	81	279	0	16091
19359	16184	52	60	220	0	16516
19360	694	15657	59	196	0	16606
19361	15917	433	57	215	0	16622
19362	16156	143	71	219	0	16589
19363	700	98	45	15621	0	16464
19364	363	61	41	15670	0	16135
19365	15130	45	49	693	0	15917
19366	609	14623	65	310	0	15607
19367	293	15293	47	219	0	15852
19368	15508	527	46	193	0	16274
19369	627	199	38	15475	0	16339
19370	336	125	34	15803	0	16298
19371	282	80	36	16020	0	16418
19372	247	87	27	15850	0	16211
19373	242	77	37	15554	0	15910
19374	176	14989	30	689	0	15884
19375	193	455	16	14751	0	15415
19376	14614	152	27	590	0	15383
19377	526	109	39	14489	0	15163
19378	240	91	32	14742	0	15105
19379	14222	82	29	672	0	15005
19380	513	14163	45	310	0	15031
19381	230	486	29	14008	0	14753
19382	180	14097	36	511	0	14824
19383	159	541	30	13473	0	14203
19384	128	138	13218	500	0	13984
19385	12391	108	327	285	0	13111
19386	401	12637	109	171	0	13318
19387	11696	295	44	140	0	12175
19388	347	109	11049	107	0	11612
19389	163	173	238	10089	0	10663
19390	93	10167	104	316	0	10680
19391	93	10528	52	149	0	10822
19392	10000	290	59	112	0	10461
19393	333	91	18	10118	0	10560
19394	126	52	10513	318	0	11009
19395	92	48	252	10728	0	11120
19396	70	52	10742	338	0	11202
19397	10420	45	256	176	0	10897
19398	306	44	10829	100	0	11279
19399	144	32	260	10707	0	11143
19400	85	11020	89	321	0	11515
19401	104	266	42	11053	0	11465
19402	80	11079	49	324	0	11532
19403	11391	263	44	170	0	11868
19404	338	106	22	11719	0	12185
19405	125	64	11810	349	0	12348
19406	109	62	11598	151	0	11920
19407	11889	46	301	145	0	12381
19408	12512	37	94	143	0	12786
19409	12543	34	62	117	0	12756
19410	12388	36	50	121	0	12595
19411	390	12131	47	111	0	12679
19412	12356	293	44	107	0	12800
19413	12533	80	37	117	0	12767
19414	405	67	12089	111	0	12672
19415	176	52	261	12061	0	12550
19416	12284	51	71	358	0	12764
19417	371	53	11983	147	0	12554
19418	163	52	272	12009	0	12496
19419	105	42	12595	369	0	13111
19420	121	47	292	12397	0	12857
19421	106	12722	104	330	0	13262
19422	12987	271	34	160	0	13452
19423	350	94	12589	116	0	13149
19424	12620	55	273	111	0	13059
19425	371	58	73	12679	0	13181
19426	12792	48	50	335	0	13225
19427	377	43	36	12802	0	13258
19428	13960	53	43	412	0	14468
19429	355	48	13699	157	0	14259
19430	14953	65	274	162	0	15454
19431	348	34	89	15265	0	15736
19432	153	36	55	15488	0	15732
19433	15178	26	49	399	0	15652
19434	344	33	33	15308	0	15718
19435	113	43	15137	282	0	15575
19436	100	73	202	14958	0	15333
19437	14480	23	60	246	0	14809
19438	206	14112	44	116	0	14478
19439	79	14215	28	69	0	14391
19440	14136	169	29	82	0	14416
19441	181	15033	27	58	0	15299
19442	129	138	47	14903	0	15217
19443	14993	41	50	208	0	15292
19444	15154	22	25	90	0	15291
19445	15175	27	12	76	0	15290
19446	188	38	15130	36	0	15392
19447	81	43	115	15095	0	15334
19448	48	15368	41	128	0	15585
19449	59	147	23	15561	0	15790
19450	35	50	16047	129	0	16261
19451	49	15469	138	64	0	15720
19452	56	179	31	15545	0	15811
19453	15225	19	27	135	0	15406
19454	85	15333	17	35	0	15470
19455	36	92	15878	15	0	16021
19456	52	29	112	15757	0	15950
19457	27	16	16038	131	0	16212
19458	52	12	124	15630	0	15818
19459	16365	14	47	173	0	16599
19460	147	8	20	16442	0	16617
19461	16649	11	16	179	0	16855
19462	16780	11	17	90	0	16898
19463	165	17075	22	37	0	17299
19464	17576	136	14	55	0	17781
19465	158	17419	17	39	0	17633
19466	53	152	18035	23	0	18263
19467	109	44	164	18049	0	18366
19468	74	15	49	19554	0	19692
19469	30	24	19123	228	0	19405
19470	28	19033	197	85	0	19343
19471	19537	175	50	84	0	19846
19472	20262	61	21	115	0	20459
19473	278	23	20	20804	0	21125
19474	118	24	20	20892	0	21054
19475	64	22	18	21461	0	21565
19476	21169	20	29	309	0	21527
19477	221	45	20718	86	0	21070
19478	94	30	20961	57	0	21142
19479	84	19	230	21437	0	21770
19480	46	19	21457	232	0	21754
19481	44	24	21488	95	0	21651
19482	84	16	245	20913	0	21258
19483	55	28	22313	220	0	22616
19484	35	22252	230	103	0	22620
19485	72	201	89	22717	0	23079
19486	37	67	23402	250	0	23756
19487	85	29	225	23018	0	23357
19488	35	22615	94	246	0	22990
19489	70	190	49	23566	0	23875
19490	45	62	24133	243	0	24483
19491	105	44	220	23302	0	23671
19492	24126	24	87	345	0	24582
19493	232	45	24004	94	0	24375
19494	22878	21	222	126	0	23247
19495	226	24021	94	63	0	24404
19496	24463	209	50	116	0	24838
19497	259	62	60	24568	0	24949
19498	68	24363	57	247	0	24735
19499	25329	239	35	154	0	25757
19500	298	78	39	25654	0	26069
19501	100	44	25797	305	0	26246
19502	43	25829	303	110	0	26285
19503	82	265	87	26282	0	26716
19504	26050	75	52	376	0	26553
19505	25680	51	42	169	0	25942
19506	384	28	43	25634	0	26089
19507	116	36	25448	333	0	25933
19508	24011	27	311	203	0	24552
19509	298	73	25484	80	0	25935
19510	148	45	307	25156	0	25656
19511	25850	35	99	407	0	26391
19512	320	25677	74	129	0	26200
19513	26132	273	51	165	0	26621
19514	343	108	25490	85	0	26026
19515	25820	44	320	152	0	26336
19516	362	44	133	26350	0	26889
19517	152	40	72	26980	0	27244
19518	127	49	26754	392	0	27322
19519	119	48	298	26017	0	26482
19520	26696	37	102	426	0	27261
19521	349	48	88	27006	0	27491
19522	172	27247	88	337	0	27844
19523	132	282	64	27588	0	28066
19524	90	27567	73	382	0	28112
19525	76	310	27398	178	0	27962
19526	26515	96	324	209	0	27144
19527	380	60	129	28165	0	28734
19528	158	51	27027	387	0	27623
19529	103	26831	347	158	0	27439
19530	96	336	115	26566	0	27113
19531	109	147	70	26908	0	27234
19532	26687	75	81	513	0	27356
19533	419	51	72	27106	0	27648
19534	27226	59	78	504	0	27867
19535	27202	45	88	279	0	27614
19536	442	27159	89	136	0	27826
19537	27579	385	77	176	0	28217
19538	499	105	53	29289	0	29946
19539	193	73	29194	504	0	29964
19540	29160	49	425	286	0	29920
19541	541	58	123	28931	0	29653
19542	207	52	28850	489	0	29598
19543	27908	73	447	231	0	28659
19544	541	76	123	28998	0	29738
19545	181	29601	93	530	0	30405
19546	202	436	96	29108	0	29842
19547	131	29554	103	501	0	30289
19548	29397	451	87	260	0	30195
19549	521	144	30082	168	0	30915
19550	197	29879	477	146	0	30699
19551	190	479	148	30163	0	30980
19552	118	162	30230	535	0	31045
19553	113	141	29217	233	0	29704
19554	131	30013	533	170	0	30847
19555	229	533	182	29916	0	30860
19556	146	147	121	30655	0	31069
19557	194	115	83	35625	0	36017
19558	36625	85	92	1016	0	37818
19559	868	99	38805	305	0	40077
19560	269	39045	944	212	0	40470
19561	249	970	296	38796	0	40311
19562	250	266	172	40520	0	41208
19563	126	179	39340	1267	0	40912
19564	256	155	962	39220	0	40593
19565	123	109	39174	1189	0	40595
19566	127	103	38057	423	0	38710
19567	158	107	38244	234	0	38743
19568	258	110	1176	36029	0	37573
19569	195	86	370	37477	0	38128
19570	191	81	209	38579	0	39060
19571	37359	67	180	1343	0	38949
19572	947	36975	189	464	0	38575
19573	37355	963	173	388	0	38879
19574	36622	300	145	402	0	37469
19575	38117	146	131	334	0	38728
19576	1218	37834	147	256	0	39455
19577	38167	954	168	281	0	39570
19578	38746	298	126	263	0	39433
19579	1344	169	162	37759	0	39434
19580	594	127	143	38551	0	39415
19581	377	112	131	39111	0	39731
19582	215	131	37609	1424	0	39379
19583	36632	92	997	606	0	38327
19584	1156	136	290	37446	0	39028
19585	36767	112	219	1257	0	38355
19586	1166	36427	175	487	0	38255
19587	503	965	189	36690	0	38347
19588	360	297	163	37622	0	38442
19589	36505	192	158	1429	0	38284
19590	1187	141	136	36384	0	37848
19591	33631	131	139	1455	0	35356
19592	36063	121	92	630	0	36906
19593	1244	34436	124	461	0	36265
19594	457	35687	128	327	0	36599
19595	412	1193	139	34448	0	36192
19596	265	35136	136	1066	0	36603
19597	380	1077	105	35230	0	36792
19598	277	341	34692	1208	0	36518
19599	256	248	34031	479	0	35014
19600	32917	221	1079	425	0	34642
19601	33883	116	378	390	0	34767
19602	1203	33184	238	314	0	34939
19603	33180	883	167	386	0	34616
19604	1101	33630	176	346	0	35253
19605	494	984	160	33970	0	35608
19606	363	339	178	34630	0	35510
19607	273	256	183	34738	0	35450
19608	251	189	174	34942	0	35556
19609	33575	165	179	1497	0	35416
19610	943	33714	181	687	0	35525
19611	33776	903	188	552	0	35419
19612	34546	299	188	437	0	35470
19613	1345	225	33237	305	0	35112
19614	33023	198	907	355	0	34483
19615	1237	32831	290	284	0	34642
19616	566	1027	180	33034	0	34807
19617	460	381	147	32928	0	33916
19618	317	32432	166	1253	0	34168
19619	32726	989	164	702	0	34581
19620	1140	347	32054	482	0	34023
19621	31858	244	973	522	0	33597
19622	1258	196	31915	444	0	33813
19623	581	195	1126	31784	0	33686
19624	507	235	428	32791	0	33961
19625	477	164	362	33151	0	34154
19626	32423	255	328	1576	0	34582
19627	1165	228	32690	820	0	34903
19628	32600	227	1044	792	0	34663
19629	33446	191	467	708	0	34812
19630	33273	178	379	690	0	34520
19631	33294	162	366	573	0	34395
19632	1569	170	341	32250	0	34330
19633	740	154	31708	1196	0	33798
19634	646	201	997	31677	0	33521
19635	539	161	31564	1304	0	33568
19636	478	227	31143	672	0	32520
19637	491	30870	989	605	0	32955
19638	595	893	375	28813	0	30676
19639	546	373	204	29817	0	30940
19640	628	330	200	27491	0	28649
19641	670	202	176	29434	0	30482
19642	29134	222	153	1235	0	30744
19643	29613	181	108	610	0	30512
19644	1394	166	125	28650	0	30335
19645	681	142	27718	1236	0	29777
19646	470	146	828	28312	0	29756
19647	407	121	287	29205	0	30020
19648	353	122	28034	1396	0	29905
19649	417	109	828	27732	0	29086
19650	27597	206	279	1236	0	29318
19651	28022	159	171	705	0	29057
19652	28115	182	119	569	0	28985
19653	1323	199	91	27299	0	28912
19654	26946	157	84	1166	0	28353
19655	26931	133	126	616	0	27806
19656	1238	169	25729	483	0	27619
19657	358	63	19502	224	0	20147
19658	267	62	19246	178	0	19753
19659	16309	43	221	72	0	16645
19660	167	16457	80	65	0	16769
19661	16412	122	101	52	0	16687
19662	166	17951	48	61	0	18226
19663	96	145	23	18098	0	18362
19664	73	44	21	18357	0	18495
19665	67	30	22	18406	0	18525
19666	45	23	18235	192	0	18495
19667	17404	22	140	114	0	17680
19668	185	24	44	18221	0	18474
19669	62	24	18299	127	0	18512
19670	54	28	17243	56	0	17381
19671	17539	11	144	84	0	17778
19672	132	18165	61	35	0	18393
19673	18127	105	53	78	0	18363
19674	18101	25	30	60	0	18216
19675	132	18041	20	29	0	18222
19676	17841	96	24	42	0	18003
19677	130	29	18438	18	0	18615
19678	62	26	17951	20	0	18059
19679	46	19	18908	19	0	18992
19680	47	49	154	18799	0	19049
19681	23	12	19298	86	0	19419
19682	18652	14	99	58	0	18823
19683	19222	6	41	48	0	19317
19684	132	19	19340	17	0	19508
19685	69	8	90	19086	0	19253
19686	19446	10	34	132	0	19622
19687	112	20703	41	40	0	20896
19688	43	21263	16	27	0	21349
19689	21457	114	15	76	0	21662
19690	101	46	21902	18	0	22067
19691	72	88	91	21425	0	21676
19692	36	7	41	21731	0	21815
19693	30	9	12	22113	0	22164
19694	17	21928	19	121	0	22085
19695	110	110	27	20629	0	20876
19696	23444	24	9	183	0	23660
19697	163	11	10	23970	0	24154
19698	42	24245	29	168	0	24484
19699	25109	159	16	104	0	25388
19700	198	50	11	25337	0	25596
19701	87	30	16	26542	0	26675
19702	27270	23	6	292	0	27591
19703	27645	20	11	138	0	27814
19704	330	11	18	28154	0	28513
19705	29159	8	9	356	0	29532
19706	29466	12	8	169	0	29655
19707	380	29790	22	85	0	30277
19708	30266	308	7	87	0	30668
19709	371	29870	18	56	0	30315
19710	216	332	11	30158	0	30717
19711	119	114	30735	340	0	31308
19712	141	65	294	30666	0	31166
19713	149	39	85	31012	0	31285
19714	130	46	46	32148	0	32370
19715	31880	33	25	578	0	32516
19716	414	31811	39	210	0	32474
19717	32996	346	14	192	0	33548
19718	452	34077	27	147	0	34703
19719	34950	426	25	193	0	35594
19720	35288	161	28	160	0	35637
19721	35526	112	24	149	0	35811
19722	35270	67	33	158	0	35528
19723	610	89	34924	105	0	35728
19724	343	57	414	35192	0	36006
19725	301	44	118	36612	0	37075
19726	146	80	36099	617	0	36942
19727	35015	66	474	307	0	35862
19728	634	65	144	36155	0	36998
19729	243	90	35757	575	0	36665
19730	229	91	35298	213	0	35831
19731	273	63	615	36315	0	37266
19732	194	80	37485	573	0	38332
19733	274	60	562	36879	0	37775
19734	249	38	210	37257	0	37754
19735	198	58	36559	716	0	37531
19736	35119	45	555	362	0	36081
19737	678	53	233	36690	0	37654
19738	265	64	37129	673	0	38131
19739	252	46	577	37262	0	38137
19740	37488	29	274	758	0	38549
19741	648	38	37365	322	0	38373
19742	36444	40	588	356	0	37428
19743	38447	34	276	282	0	39039
19744	780	36	194	38264	0	39274
19745	381	40	174	38158	0	38753
19746	280	58	37874	756	0	38968
19747	273	55	590	37900	0	38818
19748	416	55	269	35005	0	35745
19749	225	43	231	38519	0	39018
19750	208	45	37394	876	0	38523
19751	36469	29	629	505	0	37632
19752	37936	44	270	445	0	38695
19753	38595	44	190	402	0	39231
19754	39503	49	179	370	0	40101
19755	953	57	165	39379	0	40554
19756	39218	64	142	831	0	40255
19757	39569	55	158	484	0	40266
19758	32662	235	260	758	0	33915
19759	39358	40	135	420	0	39953
19760	843	38718	190	344	0	40095
19761	39398	484	179	363	0	40424
19762	38724	136	139	382	0	39381
19763	898	38226	157	312	0	39593
19764	38700	555	151	322	0	39728
19765	976	191	134	38633	0	39934
19766	569	122	147	39072	0	39910
19767	38663	80	126	883	0	39752
19768	885	37742	137	424	0	39188
19769	464	38065	169	358	0	39056
19770	455	668	145	38785	0	40053
19771	379	252	38791	757	0	40179
19772	456	142	636	38056	0	39290
19773	383	110	230	39174	0	39897
19774	38548	130	184	959	0	39821
19775	38777	110	160	498	0	39545
19776	995	109	148	38568	0	39820
19777	505	141	37784	824	0	39254
19778	437	91	656	38089	0	39273
19779	38615	98	270	996	0	39979
19780	893	115	39605	478	0	41091
19781	443	39680	796	392	0	41311
19782	40817	717	277	388	0	42199
19783	991	229	197	40927	0	42344
19784	494	160	190	41172	0	42016
19785	469	105	189	41938	0	42701
19786	354	93	40549	1204	0	42200
19787	37018	80	794	681	0	38573
19788	1007	103	38676	419	0	40205
19789	503	38127	876	397	0	39903
19790	504	644	338	38886	0	40372
19791	401	196	297	39569	0	40463
19792	454	171	210	41249	0	42084
19793	358	111	40474	1348	0	42291
19794	342	141	40039	613	0	41135
19795	315	134	40719	508	0	41676
19796	256	40222	1175	401	0	42054
19797	471	845	518	40459	0	42293
19798	40999	208	287	1250	0	42744
19799	43129	161	270	527	0	44087
19800	1383	120	43991	414	0	45908
19801	602	43766	1184	386	0	45938
19802	471	1027	43218	297	0	45013
19803	305	44279	1179	347	0	46110
19804	42220	1378	692	469	0	44759
19805	42225	368	325	392	0	43310
19806	1268	41646	261	310	0	43485
19807	41517	1040	240	271	0	43068
19808	1389	339	263	40954	0	42945
19809	639	313	214	41830	0	42996
19810	41397	214	187	1326	0	43124
19811	40683	178	142	626	0	41629
19812	40615	148	153	502	0	41418
19813	1529	39226	168	319	0	41242
19814	660	40844	174	314	0	41992
19815	40440	1178	166	374	0	42158
19816	1247	504	39864	256	0	41871
19817	715	599	946	38493	0	40753
19818	37739	216	321	1083	0	39359
19819	1249	36432	252	388	0	38321
19820	574	38237	162	303	0	39276
19821	37992	1181	143	320	0	39636
19822	1230	483	36892	247	0	38852
19823	35972	405	955	302	0	37634
19824	1306	231	35613	213	0	37363
19825	584	204	35152	146	0	36086
19826	557	296	1089	34540	0	36482
19827	356	231	35516	872	0	36975
19828	34379	198	1042	365	0	35984
19829	35378	152	415	356	0	36301
19830	35821	131	355	262	0	36569
19831	35727	131	262	223	0	36343
19832	1433	125	220	33890	0	35668
19833	34151	156	208	952	0	35467
19834	1219	33642	209	347	0	35417
19835	686	849	179	32881	0	34595
19836	531	34171	196	838	0	35736
19837	35429	918	197	406	0	36950
19838	35493	332	177	391	0	36393
19839	1332	265	202	34749	0	36548
19840	35313	227	193	1010	0	36743
19841	35791	200	169	476	0	36636
19842	1382	186	153	34896	0	36617
19843	806	192	129	35127	0	36254
19844	694	171	129	35724	0	36718
19845	496	153	34303	1278	0	36230
19846	455	190	33178	621	0	34444
19847	448	167	34235	459	0	35309
19848	463	198	1180	34144	0	35985
19849	370	197	34813	1093	0	36473
19850	440	182	1077	34382	0	36081
19851	411	177	36308	1177	0	38073
19852	401	154	35637	550	0	36742
19853	34433	144	1200	518	0	36295
19854	1064	34539	575	382	0	36560
19855	35241	873	492	371	0	36977
19856	1217	324	339	34893	0	36773
19857	591	284	345	35477	0	36697
19858	497	226	34851	1204	0	36778
19859	397	34630	1015	589	0	36631
19860	447	912	443	35345	0	37147
19861	398	357	35385	997	0	37137
19862	323	34678	989	495	0	36485
19863	362	862	465	34851	0	36540
19864	34427	368	446	1048	0	36289
19865	34776	301	316	506	0	35899
19866	1208	224	311	34518	0	36261
19867	34556	205	286	1053	0	36100
19868	1149	34343	269	440	0	36201
19869	609	873	220	34980	0	36682
19870	525	353	35272	1020	0	37170
19871	517	294	891	35424	0	37126
19872	424	218	35486	1140	0	37268
19873	34939	214	1018	547	0	36718
19874	1170	212	375	35611	0	37368
19875	555	35480	342	1080	0	37457
19876	561	1022	249	36782	0	38614
19877	433	332	36256	1185	0	38206
19878	419	272	35981	563	0	37235
19879	423	208	35186	443	0	36260
19880	32625	266	1172	387	0	34450
19881	877	33090	514	306	0	34787
19882	426	719	362	32937	0	34444
19883	32982	270	287	907	0	34446
19884	800	33010	319	420	0	34549
19885	34291	712	251	458	0	35712
19886	34844	298	264	352	0	35758
19887	35512	250	232	358	0	36352
19888	35992	155	248	310	0	36705
19889	1156	167	34341	236	0	35900
19890	33931	121	770	272	0	35094
19891	997	147	33610	236	0	34990
19892	31832	87	704	224	0	32847
19893	920	129	376	32526	0	33951
19894	493	91	31743	536	0	32863
19895	370	30825	556	289	0	32040
19896	490	1717	361	29049	0	31617
19897	282	29940	225	434	0	30881
19898	242	30255	148	278	0	30923
19899	26980	360	305	216	0	27861
19900	298	98	25932	92	0	26420
19901	103	25019	212	69	0	25403
19902	24525	173	195	110	0	25003
19903	164	24927	49	46	0	25186
19904	25157	149	32	98	0	25436
19905	194	60	37	25105	0	25396
19906	25366	35	36	169	0	25606
19907	173	36	33	25075	0	25317
19908	25329	24	32	195	0	25580
19909	183	37	33	25275	0	25528
19910	85	26146	36	158	0	26425
19911	65	136	40	26924	0	27165
19912	26907	65	35	210	0	27217
19913	164	26581	33	69	0	26847
19914	91	141	33	26812	0	27077
19915	27151	66	36	215	0	27468
19916	175	31	26	27479	0	27711
19917	114	40	31	27451	0	27636
19918	73	45	27925	187	0	28230
19919	55	53	27167	97	0	27372
19920	96	53	189	27129	0	27467
19921	56	56	28869	182	0	29163
19922	83	26	154	28672	0	28935
19923	158	56	89	26064	0	26367
19924	73	45	42	29159	0	29319
19925	61	49	29287	210	0	29607
19926	119	37	143	27937	0	28236
19927	87	40	56	28854	0	29037
19928	66	29416	41	195	0	29718
19929	66	143	36	30196	0	30441
19930	30137	63	38	261	0	30499
19931	234	34	44	30628	0	30940
19932	86	51	35595	241	0	35973
19933	34330	35	468	205	0	35038
19934	474	38343	264	128	0	39209
19935	393	519	155	39241	0	40308
19936	212	276	38921	573	0	39982
19937	36893	178	565	411	0	38047
19938	579	38482	313	237	0	39611
19939	38941	576	206	197	0	39920
19940	810	322	105	38492	0	39729
19941	38672	197	76	689	0	39634
19942	784	115	38309	335	0	39543
19943	418	37747	571	239	0	38975
19944	264	40945	314	146	0	41669
19945	41250	763	207	249	0	42469
19946	41452	440	95	212	0	42199
19947	880	270	40949	71	0	42170
19948	40434	140	592	127	0	41293
19949	41731	96	300	169	0	42296
19950	42123	76	203	189	0	42591
19951	1058	40149	126	75	0	41408
19952	597	41109	85	76	0	41867
19953	41164	758	64	168	0	42154
19954	41692	434	63	158	0	42347
19955	893	42083	65	79	0	43120
19956	601	640	30	42408	0	43679
19957	344	371	42507	530	0	43752
19958	42084	261	562	479	0	43386
19959	40308	233	388	594	0	41523
19960	45396	86	222	282	0	45986
19961	964	44810	130	123	0	46027
19962	575	603	45720	95	0	46993
19963	47072	316	595	195	0	48178
19964	842	240	305	47800	0	49187
19965	529	138	209	48087	0	48963
19966	418	113	115	49480	0	50126
19967	214	106	48808	1004	0	50132
19968	310	82	561	47771	0	48724
19969	175	98	48979	869	0	50121
19970	97	47672	701	479	0	48949
19971	46943	550	368	415	0	48276
19972	551	47071	239	201	0	48062
19973	335	48199	146	139	0	48819
19974	48169	824	122	227	0	49342
19975	613	49813	109	68	0	50603
19976	430	756	58	49374	0	50618
19977	289	49578	77	529	0	50473
19978	50064	767	46	386	0	51263
19979	643	50339	58	205	0	51245
19980	463	783	40	51221	0	52507
19981	291	473	51020	637	0	52421
19982	269	309	591	51367	0	52536
19983	141	51449	363	972	0	52925
19984	194	685	234	53008	0	54121
19985	186	481	113	52494	0	53274
19986	281	290	115	51108	0	51794
19987	195	150	86	53330	0	53761
19988	199	127	82	53588	0	53996
19989	206	112	89	54072	0	54479
19990	154	130	52606	1376	0	54266
19991	51060	122	703	883	0	52768
19992	846	89	414	55270	0	56619
19993	476	122	54736	1034	0	56368
19994	352	160	54424	617	0	55553
19995	304	110	1176	55907	0	57497
19996	56434	134	673	1141	0	58382
19997	915	169	55180	598	0	56862
19998	54701	109	963	614	0	56387
19999	1164	146	57685	301	0	59296
20000	762	138	1101	57759	0	59760
20001	579	162	572	59738	0	61051
20002	371	216	58949	1235	0	60771
20003	56046	177	982	897	0	58102
20004	1081	147	545	58850	0	60623
20005	641	146	58908	1016	0	60711
20006	529	168	58867	618	0	60182
20007	498	165	1264	57151	0	59078
20008	329	59335	778	937	0	61379
20009	60530	852	494	699	0	62575
20010	60354	470	333	569	0	61726
20011	1413	391	60730	292	0	62826
20012	975	248	1023	58536	0	60782
20013	60964	187	528	1246	0	62925
20014	1212	192	60890	620	0	62914
20015	59184	132	1076	683	0	61075
20016	1351	59424	607	440	0	61822
20017	805	867	482	62250	0	64404
20018	613	460	297	62831	0	64201
20019	63993	338	249	1609	0	66189
20020	1256	245	266	64431	0	66198
20021	775	186	217	64115	0	65293
20022	599	145	192	65027	0	65963
20023	63372	126	209	2061	0	65768
20024	1238	147	63076	1071	0	65532
20025	62928	137	1135	907	0	65107
20026	64313	115	595	734	0	65757
20027	65549	127	451	592	0	66719
20028	2018	181	289	63777	0	66265
20029	1001	201	64635	1332	0	67169
20030	681	62640	1243	776	0	65340
20031	504	64251	608	675	0	66038
20032	274	61343	302	416	0	62335
20033	402	1051	61214	332	0	62999
20034	570	771	1027	67630	0	69998
20035	70002	200	438	1755	0	72395
20036	75282	132	237	894	0	76545
20037	2296	100	164	77407	0	79967
20038	1069	126	77039	1924	0	80158
20039	699	144	77234	821	0	78898
20040	573	92	2168	77484	0	80317
20041	384	132	78716	1973	0	81205
20042	569	100	2188	78441	0	81298
20043	560	115	941	76976	0	78592
20044	272	76990	711	2463	0	80436
20045	540	1672	462	78812	0	81486
20046	503	643	328	80983	0	82457
20047	79038	478	393	2967	0	82876
20048	2144	214	328	79981	0	82667
20049	1158	148	281	80853	0	82440
20050	77957	174	334	3126	0	81591
20051	2023	77556	483	1584	0	81646
20052	78502	1711	423	1316	0	81952
20053	2394	768	76896	814	0	80872
20054	76747	489	2018	909	0	80163
20055	77692	311	873	1011	0	79887
20056	2803	219	75186	708	0	78916
20057	1442	364	74971	662	0	77439
20058	1303	278	2494	72258	0	76333
20059	73280	176	1308	2416	0	77180
20060	2266	167	72096	1237	0	75766
20061	1417	121	2226	71679	0	75443
20062	931	207	71090	2390	0	74618
20063	954	150	2442	70077	0	73623
20064	832	239	1168	71650	0	73889
20065	69872	184	862	3111	0	74029
20066	69270	180	739	1876	0	72065
20067	71691	182	536	1461	0	73870
20068	3198	191	70568	898	0	74855
20069	1634	209	71032	910	0	73785
20070	1342	181	2683	70167	0	74373
20071	984	214	1442	71556	0	74196
20072	1018	168	1008	73142	0	75336
20073	69757	166	783	3346	0	74052
20074	2286	69295	697	1876	0	74154
20075	67602	1744	734	1459	0	71539
20076	67125	712	560	1310	0	69707
20077	2792	65805	601	1018	0	70216
20078	1676	67796	549	862	0	70883
20079	66724	2189	588	977	0	70478
20080	2501	1012	552	65135	0	69200
20081	1445	64512	565	2594	0	69116
20082	1596	1852	540	65729	0	69717
20083	1143	898	64152	2855	0	69048
20084	1045	680	2112	64781	0	68618
20085	64072	423	1312	3223	0	69030
20086	2402	347	63188	1788	0	67725
20087	1278	464	63533	1535	0	66810
20088	1362	895	2782	59980	0	65019
20089	961	59543	1704	2605	0	64813
20090	875	61227	1022	1801	0	64925
20091	742	63439	750	1691	0	66622
20092	61300	2488	750	1537	0	66075
20093	61820	1105	577	1648	0	65150
20094	60131	775	522	1634	0	63062
20095	2948	59659	602	1548	0	64757
20096	61289	1778	701	1449	0	65217
20097	61048	944	654	1405	0	64051
20098	3216	872	59147	959	0	64194
20099	2050	57281	2242	944	0	62517
20100	1678	1891	1470	57951	0	62990
20101	57566	1021	1195	2456	0	62238
20102	2722	834	56921	1482	0	61959
20103	1680	583	2215	56055	0	60533
20104	1284	56284	1490	2529	0	61587
20105	1352	1853	1082	56952	0	61239
20106	1320	851	902	57714	0	60787
20107	56706	601	923	3256	0	61486
20108	57149	603	940	2161	0	60853
20109	3010	519	883	56450	0	60862
20110	1824	616	54417	2771	0	59628
20111	1563	518	53846	1870	0	57797
20112	54272	590	2314	1606	0	58782
20113	3029	534	55062	1072	0	59697
20114	2149	505	2398	50508	0	55560
20115	1669	51792	1589	2083	0	57133
20116	51939	1594	1446	1476	0	56455
20117	2358	51921	1172	1399	0	56850
20118	52845	1938	835	1618	0	57236
20119	2720	891	795	52344	0	56750
20120	1850	785	696	53306	0	56637
20121	52407	789	679	2799	0	56674
20122	53905	662	654	1787	0	57008
20123	3220	669	696	52667	0	57252
20124	2210	748	622	52986	0	56566
20125	1703	767	50399	2498	0	55367
20126	1268	684	50077	1636	0	53665
20127	49434	578	2214	1538	0	53764
20128	2170	743	48082	1288	0	52283
20129	48249	542	2050	1357	0	52198
20130	49603	461	1345	1381	0	52790
20131	2790	423	47242	1178	0	51633
20132	1809	44866	1906	1110	0	49691
20133	1579	46316	1284	839	0	50018
20134	659	834	37150	390	0	39033
20135	1270	2214	1721	31460	0	36665
20136	29621	433	878	1137	0	32069
20137	28833	72	176	332	0	29413
20138	31309	69	102	283	0	31763
20139	35830	58	97	207	0	36192
20140	36514	57	108	218	0	36897
20141	1152	36754	127	130	0	38163
20142	36317	850	83	168	0	37418
20143	1039	35898	106	115	0	37158
20144	35583	892	77	127	0	36679
20145	1094	211	34375	43	0	35723
20146	519	146	794	33684	0	35143
20147	439	90	196	33411	0	34136
20148	192	33801	156	905	0	35054
20149	34050	876	68	352	0	35346
20150	34708	297	49	203	0	35257
20151	1259	183	64	33598	0	35104
20152	548	97	112	34389	0	35146
20153	33890	66	75	1164	0	35195
20154	1053	87	74	34004	0	35218
20155	439	144	42	34642	0	35267
20156	34070	122	29	1168	0	35389
20157	1160	106	44	33961	0	35271
20158	33996	68	69	1199	0	35332
20159	34402	43	55	563	0	35063
20160	1196	63	33394	343	0	34996
20161	33764	66	786	375	0	34991
20162	34151	61	199	335	0	34746
20163	34279	46	122	287	0	34734
20164	1313	72	32253	251	0	33889
20165	697	54	816	32053	0	33620
20166	521	47	204	33214	0	33986
20167	316	72	32100	1083	0	33571
20168	31300	49	881	441	0	32671
20169	1226	37	248	31039	0	32550
20170	518	34	30490	973	0	32015
20171	398	59	31214	344	0	32015
20172	363	59	1006	30969	0	32397
20173	298	62	31364	1042	0	32766
20174	372	50	1051	31029	0	32502
20175	419	37	312	31899	0	32667
20176	301	52	30918	1211	0	32482
20177	329	73	1012	30096	0	31510
20178	253	29398	406	1109	0	31166
20179	209	31251	318	492	0	32270
20180	30493	964	277	416	0	32150
20181	30789	278	192	431	0	31690
20182	1143	30216	167	374	0	31900
20183	30267	877	233	367	0	31744
20184	30900	262	200	329	0	31691
20185	1294	249	154	29995	0	31692
20186	557	217	158	30907	0	31839
20187	29835	184	122	1274	0	31415
20188	1190	29189	140	506	0	31025
20189	533	29880	138	367	0	30918
20190	567	1057	141	29410	0	31175
20191	463	381	29112	1067	0	31023
20192	28273	236	894	593	0	29996
20193	29335	154	276	528	0	30293
20194	28619	158	179	393	0	29349
20195	1407	28124	147	272	0	29950
20196	715	1043	126	27662	0	29546
20197	592	327	136	28866	0	29921
20198	27801	243	174	1361	0	29579
20199	1329	27467	180	557	0	29533
20200	772	960	153	27396	0	29281
20201	733	343	115	28326	0	29517
20202	574	365	127	28284	0	29350
20203	27351	264	119	1526	0	29260
20204	1327	27117	139	717	0	29300
20205	756	1134	155	26324	0	28369
20206	641	27179	169	1164	0	29153
20207	27037	1084	168	640	0	28929
20208	1300	373	26395	588	0	28656
20209	26415	265	957	667	0	28304
20210	1372	203	25915	561	0	28051
20211	691	446	980	25056	0	27173
20212	25085	240	333	1253	0	26911
20213	1232	247	24338	615	0	26432
20214	24596	183	896	597	0	26272
20215	25304	114	399	520	0	26337
20216	25498	93	302	472	0	26365
20217	1464	115	287	24006	0	25872
20218	771	137	209	24341	0	25458
20219	685	123	217	24630	0	25655
20220	23387	97	260	1445	0	25189
20221	1247	23285	256	692	0	25480
20222	23298	746	222	453	0	24719
20223	24000	204	243	380	0	24827
20224	1370	184	22512	404	0	24470
20225	22894	112	864	489	0	24359
20226	23822	103	341	500	0	24766
20227	1355	109	312	23017	0	24793
20228	697	180	244	23448	0	24569
20229	648	147	213	23492	0	24500
20230	22352	138	261	1219	0	23970
20231	22317	104	260	619	0	23300
20232	21190	79	224	508	0	22001
20233	1157	19092	266	360	0	20875
20234	374	17607	200	389	0	18570
20235	270	17992	175	422	0	18859
20236	17462	716	277	442	0	18897
20237	835	197	17030	371	0	18433
20238	354	152	14179	312	0	14997
20239	9188	65	327	98	0	9678
20240	236	32	9665	80	0	10013
20241	52	12	73	7702	0	7839
20242	31	7685	34	89	0	7839
20243	8129	76	31	39	0	8275
20244	8166	28	5	35	0	8234
20245	8203	14	11	34	0	8262
20246	121	14	8	9067	0	9210
20247	50	17	9421	70	0	9558
20248	34	25	9127	26	0	9212
20249	9387	12	85	28	0	9512
20250	9706	18	37	34	0	9795
20251	9638	13	17	35	0	9703
20252	113	10	13	9807	0	9943
20253	47	14	20	9849	0	9930
20254	34	18	9760	88	0	9900
20255	9782	12	79	59	0	9932
20256	97	9	22	10306	0	10434
20257	52	6	13	10288	0	10359
20258	33	11	11	10318	0	10373
20259	32	10313	9	100	0	10454
20260	35	68	10	10487	0	10600
20261	27	18	12	10489	0	10546
20262	10434	10	16	100	0	10560
20263	88	15	10188	32	0	10323
20264	9984	7	69	41	0	10101
20265	10499	11	25	37	0	10572
20266	97	6	13	10421	0	10537
20267	41	9	12	10511	0	10573
20268	10465	3	12	102	0	10582
20269	85	14	10221	37	0	10357
20270	42	10230	70	23	0	10365
20271	41	56	11	10223	0	10331
20272	10214	16	17	77	0	10324
20273	72	8	8	10031	0	10119
20274	31	8	9988	68	0	10095
20275	40	9	10079	26	0	10154
20276	10291	11	70	41	0	10413
20277	76	7	17	10907	0	11007
20278	34	9	10748	63	0	10854
20279	10708	5	62	62	0	10837
20280	11684	5	17	57	0	11763
20281	81	3	7	11749	0	11840
20282	42	2	8	11737	0	11789
20283	17	11775	11	63	0	11866
20284	12474	43	8	58	0	12583
20285	65	11	5	12625	0	12706
20286	31	5	7	12773	0	12816
20287	23	10	13094	54	0	13181
20288	12207	6	41	49	0	12303
20289	13061	8	15	39	0	13123
20290	55	12839	17	22	0	12933
20291	21	36	12617	15	0	12689
20292	18	12	12481	12	0	12523
20293	42	38	42	12375	0	12497
20294	13149	3	29	77	0	13258
20295	39	8	4	13245	0	13296
20296	13988	4	4	91	0	14087
20297	14116	1	2	47	0	14166
20298	14311	5	4	53	0	14373
20299	67	5	3	14527	0	14602
20300	36	4	6	14653	0	14699
20301	14960	0	0	64	0	15024
20302	33	11	15301	17	0	15362
20303	14265	3	15	49	0	14332
20304	14669	3	5	39	0	14716
20305	30	7	15114	6	0	15157
20306	23	4	14828	7	0	14862
20307	5	15177	35	6	0	15223
20308	11	37	16	15480	0	15544
20309	14799	10	16	56	0	14881
20310	31	1	1	15536	0	15569
20311	8	7	15799	24	0	15838
20312	8	15442	29	13	0	15492
20313	4	15811	16	9	0	15840
20314	13	24	2	16458	0	16497
20315	13	5	3	16307	0	16328
20316	2	16368	6	43	0	16419
20317	9	31	16266	7	0	16313
20318	15503	6	30	44	0	15583
20319	16763	2	5	48	0	16818
20320	35	16679	8	16	0	16738
20321	16619	34	2	30	0	16685
20322	36	20	1	16473	0	16530
20323	16498	2	2	64	0	16566
20324	48	5	1	16589	0	16643
20325	10	17449	6	58	0	17523
20326	13	104	17578	11	0	17706
20327	34	15	111	19052	0	19212
20328	79	12	16	18531	0	18638
20329	20	9	5	20351	0	20385
20330	20584	3	6	324	0	20917
20331	308	9	5	20683	0	21005
20332	67	15	21697	285	0	22064
20333	44	17	22062	82	0	22205
20334	22711	9	394	85	0	23199
20335	387	16	23273	20	0	23696
20336	23361	8	392	55	0	23816
20337	440	8	90	25057	0	25595
20338	162	3	36	25713	0	25914
20339	102	4	40	27196	0	27342
20340	90	17	34	26907	0	27048
20341	26646	4	25	706	0	27381
20342	522	15	26733	202	0	27472
20343	206	6	497	26284	0	26993
20344	69	27108	134	548	0	27859
20345	27321	504	52	212	0	28089
20346	589	100	54	26551	0	27294
20347	26320	40	47	660	0	27067
20348	625	44	26072	161	0	26902
20349	231	17	563	25280	0	26091
20350	103	25878	145	571	0	26697
20351	26184	528	71	234	0	27017
20352	623	116	25930	159	0	26828
20353	230	52	563	25636	0	26481
20354	158	35	136	26566	0	26895
20355	25819	36	100	787	0	26742
20356	635	35	25554	251	0	26475
20357	186	70	25806	160	0	26222
20358	214	38	688	25652	0	26592
20359	142	42	25655	623	0	26462
20360	119	38	25836	260	0	26253
20361	187	36	715	25315	0	26253
20362	207	23	223	25970	0	26423
20363	144	31	181	27080	0	27436
20364	26406	32	134	882	0	27454
20365	620	26646	117	358	0	27741
20366	26838	588	124	254	0	27804
20367	746	133	147	26754	0	27780
20368	245	26787	131	765	0	27928
20369	206	627	111	27633	0	28577
20370	28066	141	105	925	0	29237
20371	745	29223	139	339	0	30446
20372	302	724	119	30221	0	31366
20373	210	179	30249	904	0	31542
20374	29790	118	803	442	0	31153
20375	886	118	247	29979	0	31230
20376	347	90	178	30619	0	31234
20377	283	82	29617	1067	0	31049
20378	202	108	29670	452	0	30432
20379	28661	84	920	428	0	30093
20380	876	28435	362	304	0	29977
20381	384	763	234	28731	0	30112
20382	28751	221	231	989	0	30192
20383	923	145	28514	426	0	30008
20384	299	27987	905	331	0	29522
20385	305	808	317	28190	0	29620
20386	28143	219	230	1070	0	29662
20387	27426	172	210	516	0	28324
20388	28224	106	209	443	0	28982
20389	1076	27260	215	381	0	28932
20390	425	785	27307	359	0	28876
20391	391	256	873	27634	0	29154
20392	469	210	400	25446	0	26525
20393	332	157	246	28335	0	29070
20394	274	141	231	28287	0	28933
20395	27264	134	210	1310	0	28918
20396	27134	146	185	625	0	28090
20397	1118	122	26099	479	0	27818
20398	468	138	26134	419	0	27159
20399	25416	101	990	434	0	26941
20400	26098	130	395	401	0	27024
20401	1158	133	330	24848	0	26469
20402	501	24873	274	989	0	26637
20403	24966	799	231	502	0	26498
20404	1030	24236	279	410	0	25955
20405	386	24574	241	468	0	25669
20406	439	984	188	24829	0	26440
20407	380	311	200	25513	0	26404
20408	318	227	215	25632	0	26392
20409	317	205	223	25510	0	26255
20410	358	151	24164	1261	0	25934
20411	24002	176	868	587	0	25633
20412	24869	182	355	477	0	25883
20413	1138	157	264	23879	0	25438
20414	537	172	228	24255	0	25192
20415	23658	166	203	1243	0	25270
20416	1036	197	22019	586	0	23838
20417	23403	164	814	507	0	24888
20418	23900	180	295	457	0	24832
20419	1192	160	22807	432	0	24591
20420	23672	157	853	416	0	25098
20421	1128	127	350	23819	0	25424
20422	569	100	291	24386	0	25346
20423	449	123	261	24412	0	25245
20424	457	121	221	24189	0	24988
20425	22345	111	199	1176	0	23831
20426	1051	117	191	21932	0	23291
20427	411	111	149	20309	0	20980
20428	295	18576	149	1007	0	20027
20429	270	19213	171	478	0	20132
20430	332	587	136	18813	0	19868
20431	18589	178	120	811	0	19698
20432	755	155	108	17285	0	18303
20433	277	108	15846	638	0	16869
20434	248	94	15097	285	0	15724
20435	14848	78	488	300	0	15714
20436	533	14910	181	259	0	15883
20437	13398	337	265	186	0	14186
20438	471	113	13336	137	0	14057
20439	319	442	350	11851	0	12962
20440	11839	65	138	369	0	12411
20441	317	11764	111	164	0	12356
20442	11608	239	96	161	0	12104
20443	359	80	12520	126	0	13085
20444	178	83	241	12325	0	12827
20445	139	53	105	12810	0	13107
20446	12995	51	108	382	0	13536
20447	13135	52	80	175	0	13442
20448	13665	45	52	179	0	13941
20449	13688	49	38	152	0	13927
20450	13834	52	43	128	0	14057
20451	386	13671	48	134	0	14239
20452	207	213	49	14052	0	14521
20453	14413	68	49	329	0	14859
20454	348	59	34	14392	0	14833
20455	186	50	40	14456	0	14732
20456	171	36	42	14500	0	14749
20457	131	14019	41	351	0	14542
20458	14233	230	43	194	0	14700
20459	284	66	44	14247	0	14641
20460	13917	44	38	313	0	14312
20461	13781	35	34	208	0	14058
20462	316	13416	27	149	0	13908
20463	13419	194	31	145	0	13789
20464	314	53	13009	86	0	13462
20465	12802	37	211	73	0	13123
20466	302	86	153	12783	0	13324
20467	136	34	13068	192	0	13430
20468	122	13093	181	97	0	13493
20469	129	157	13051	89	0	13426
20470	59	11840	112	59	0	12070
20471	10572	210	239	163	0	11184
20472	10595	17	21	80	0	10713
20473	10472	7	9	39	0	10527
20474	50	10440	5	10	0	10505
20475	10423	23	6	26	0	10478
20476	40	17	10335	5	0	10397
20477	23	19	10525	10	0	10577
20478	38	32	29	10490	0	10589
20479	16	8	26	11222	0	11272
20480	3	11158	8	56	0	11225
20481	11498	38	6	39	0	11581
20482	56	13	4	11617	0	11690
20483	18	11678	8	59	0	11763
20484	12	48	2	12161	0	12223
20485	12128	16	3	90	0	12237
20486	11926	6	1	66	0	11999
20487	76	13	11615	8	0	11712
20488	53	7	53	11793	0	11906
20489	16	23	11843	58	0	11940
20490	23	8	62	12024	0	12117
20491	14	19	12157	80	0	12270
20492	29	8	68	12083	0	12188
20493	16	13	12260	83	0	12372
20494	38	11	74	12196	0	12319
20495	18	16	12658	89	0	12781
20496	44	14	82	12549	0	12689
20497	23	12	36	12985	0	13056
20498	24	13493	27	113	0	13657
20499	30	70	12	14060	0	14172
20500	15	36	13895	89	0	14035
20501	23	13	89	13777	0	13902
20502	23	3	43	14051	0	14120
20503	14084	5	19	180	0	14288
20504	98	4	20	14322	0	14444
20505	52	7	11	14314	0	14384
20506	16	21	13944	134	0	14115
20507	13695	6	87	128	0	13916
20508	94	8	38	14541	0	14681
20509	55	14	20	14574	0	14663
20510	31	7	11	14745	0	14794
20511	14754	9	18	189	0	14970
20512	112	10	14	15076	0	15212
20513	61	4	20	15118	0	15203
20514	14933	3	13	226	0	15175
20515	112	14977	20	88	0	15197
20516	57	86	13	14953	0	15109
20517	46	35	17	15050	0	15148
20518	23	22	14720	172	0	14937
20519	12878	8	129	168	0	13183
20520	127	7	45	14628	0	14807
20521	58	8	14227	142	0	14435
20522	14116	9	100	164	0	14389
20523	131	12	47	14884	0	15074
20524	77	8	21	15271	0	15377
20525	44	7	17	15458	0	15526
20526	35	12	15	15730	0	15792
20527	32	13	16530	241	0	16816
20528	66	14	181	16705	0	16966
20529	77	8	60	20199	0	20344
20530	33	20	22803	453	0	23309
20531	23452	5	496	218	0	24171
20532	24622	7	191	198	0	25018
20533	24895	4	145	160	0	25204
20534	930	5	95	24259	0	25289
20535	24701	8	54	627	0	25390
20536	25168	3	35	306	0	25512
20537	915	4	29	24774	0	25722
20538	24762	4	33	742	0	25541
20539	24955	9	34	378	0	25376
20540	24991	6	38	310	0	25345
20541	25248	8	34	237	0	25527
20542	1067	3	31	24187	0	25288
20543	537	22956	46	624	0	24163
20544	387	23241	69	276	0	23973
20545	298	23750	51	216	0	24315
20546	22790	819	32	222	0	23863
20547	23580	404	27	175	0	24186
20548	895	282	22555	117	0	23849
20549	23217	138	553	151	0	24059
20550	1008	97	213	23250	0	24568
20551	534	49	184	23363	0	24130
20552	438	45	95	23666	0	24244
20553	22873	32	59	1021	0	23985
20554	838	37	36	22878	0	23789
20555	387	22257	48	918	0	23610
20556	372	582	26	22977	0	23957
20557	230	285	22947	858	0	24320
20558	236	253	578	23335	0	24402
20559	23276	177	222	911	0	24586
20560	789	113	23182	399	0	24483
20561	503	55	668	23348	0	24574
20562	441	58	269	23310	0	24078
20563	334	42	204	23777	0	24357
20564	215	23226	145	1066	0	24652
20565	224	575	69	23991	0	24859
20566	23603	213	67	1080	0	24963
20567	23671	172	54	574	0	24471
20568	971	133	22631	407	0	24142
20569	517	118	23019	304	0	23958
20570	437	84	795	22902	0	24218
20571	327	68	374	23715	0	24484
20572	229	72	23401	1000	0	24702
20573	276	91	753	22398	0	23518
20574	227	22823	340	888	0	24278
20575	23567	626	256	568	0	25017
20576	23703	253	163	468	0	24587
20577	23535	199	105	398	0	24237
20578	1095	156	22872	288	0	24411
20579	643	101	670	23007	0	24421
20580	514	67	22699	833	0	24113
20581	22297	60	787	447	0	23591
20582	848	22294	385	363	0	23890
20583	463	614	280	22401	0	23758
20584	22318	233	208	880	0	23639
20585	848	207	143	22443	0	23641
20586	461	148	146	23170	0	23925
20587	406	118	22173	1050	0	23747
20588	21641	110	662	627	0	23040
20589	943	21958	285	468	0	23654
20590	606	570	239	22394	0	23809
20591	22362	230	176	866	0	23634
20592	963	212	139	22416	0	23730
20593	22124	158	149	1032	0	23463
20594	997	22012	120	561	0	23690
20595	22380	675	77	484	0	23616
20596	1116	299	21984	305	0	23704
20597	22317	248	657	344	0	23566
20598	22253	157	294	333	0	23037
20599	22369	128	297	336	0	23130
20600	1263	151	218	21335	0	22967
20601	795	159	149	20915	0	22018
20602	680	165	108	21551	0	22504
20603	490	20721	100	1092	0	22403
20604	21167	657	97	690	0	22611
20605	972	270	106	21218	0	22566
20606	584	242	119	21545	0	22490
20607	525	172	102	21561	0	22360
20608	20780	146	142	1214	0	22282
20609	963	106	129	21135	0	22333
20610	539	123	20236	1122	0	22020
20611	449	20258	615	674	0	21996
20612	391	661	255	20752	0	22059
20613	324	334	210	21258	0	22126
20614	297	266	177	21586	0	22326
20615	284	182	20434	1248	0	22148
20616	314	133	20657	753	0	21857
20617	290	132	850	20991	0	22263
20618	271	120	21460	1037	0	22888
20619	260	75	842	21971	0	23148
20620	21762	77	385	1251	0	23475
20621	22641	95	276	804	0	23816
20622	22891	88	200	627	0	23806
20623	1194	117	21645	437	0	23393
20624	21620	130	709	377	0	22836
20625	1124	171	353	21834	0	23482
20626	562	85	21557	870	0	23074
20627	486	54	20943	492	0	21975
20628	330	20336	866	539	0	22071
20629	197	17478	369	231	0	18275
20630	14128	317	554	119	0	15118
20631	298	79	67	13559	0	14003
20632	89	46	13814	222	0	14171
20633	83	36	182	13917	0	14218
20634	14077	16	72	252	0	14417
20635	219	25	15017	95	0	15356
20636	15210	16	214	136	0	15576
20637	16132	18	81	88	0	16319
20638	16124	14	51	87	0	16276
20639	314	15738	42	62	0	16156
20640	16458	218	40	83	0	16799
20641	305	65	35	16609	0	17014
20642	147	58	35	16596	0	16836
20643	126	31	19	16837	0	17013
20644	96	27	29	16752	0	16904
20645	16301	13	35	369	0	16718
20646	253	15920	44	161	0	16378
20647	80	15647	25	108	0	15860
20648	87	16242	25	61	0	16415
20649	16295	261	45	88	0	16689
20650	16414	82	25	87	0	16608
20651	16316	55	20	79	0	16470
20652	16345	32	20	60	0	16457
20653	308	44	25	16257	0	16634
20654	168	17	25	16308	0	16518
20655	16265	21	25	296	0	16607
20656	234	16132	23	140	0	16529
20657	15859	187	16	109	0	16171
20658	16120	48	15	106	0	16289
20659	295	47	16	15946	0	16304
20660	124	15973	26	223	0	16346
20661	108	220	25	16497	0	16850
20662	16373	62	19	291	0	16745
20663	275	60	16451	97	0	16883
20664	138	44	190	16054	0	16426
20665	104	16468	63	203	0	16838
20666	16710	199	55	111	0	17075
20667	16585	56	37	145	0	16823
20668	284	65	16721	72	0	17142
20669	136	16445	204	72	0	16857
20670	97	217	16836	44	0	17194
20671	127	115	206	16191	0	16639
20672	69	64	16431	199	0	16763
20673	54	36	16223	82	0	16395
20674	40	16294	194	72	0	16600
20675	16365	164	81	76	0	16686
20676	16640	56	69	103	0	16868
20677	225	17059	56	56	0	17396
20678	110	17228	34	57	0	17429
20679	107	245	16670	30	0	17052
20680	91	123	16313	39	0	16566
20681	78	80	16961	36	0	17155
20682	78	47	268	16997	0	17390
20683	53	54	17360	193	0	17660
20684	80	28	231	16830	0	17169
20685	96	27	78	16702	0	16903
20686	59	40	17424	239	0	17762
20687	50	17256	202	116	0	17624
20688	72	202	62	17510	0	17846
20689	17546	67	62	228	0	17903
20690	245	68	35	17503	0	17851
20691	107	63	17590	238	0	17998
20692	94	17470	198	96	0	17858
20693	73	18387	83	101	0	18644
20694	78	255	82	18292	0	18707
20695	18222	105	46	273	0	18646
20696	18345	76	30	138	0	18589
20697	317	51	39	18177	0	18584
20698	147	18750	33	264	0	19194
20699	127	282	30	19229	0	19668
20700	100	94	49	19739	0	19982
20701	104	90	26	19854	0	20074
20702	20622	41	29	479	0	21171
20703	360	20824	43	183	0	21410
20704	21126	330	29	174	0	21659
20705	21530	133	51	120	0	21834
20706	21544	100	29	117	0	21790
20707	22051	84	38	82	0	22255
20708	545	67	20	21562	0	22194
20709	254	50	21439	389	0	22132
20710	158	21466	355	190	0	22169
20711	22048	363	145	198	0	22754
20712	22355	161	89	131	0	22736
20713	22672	97	41	120	0	22930
20714	564	56	21872	81	0	22573
20715	21775	48	364	90	0	22277
20716	22435	48	130	87	0	22700
20717	567	65	79	22175	0	22886
20718	257	61	21316	375	0	22009
20719	149	21019	380	179	0	21727
20720	152	375	150	21101	0	21778
20721	20930	141	106	430	0	21607
20722	433	65	47	20938	0	21483
20723	211	33	55	21578	0	21877
20724	21925	53	53	519	0	22550
20725	431	61	21524	202	0	22218
20726	21746	38	361	163	0	22308
20727	21835	43	153	142	0	22173
20728	21776	31	102	140	0	22049
20729	21815	45	53	112	0	22025
20730	585	58	21007	80	0	21730
20731	323	55	385	20801	0	21564
20732	154	40	21213	406	0	21813
20733	156	82	431	20790	0	21459
20734	113	61	21000	445	0	21619
20735	19154	37	396	233	0	19820
20736	429	18955	163	118	0	19665
20737	206	19498	77	68	0	19849
20738	209	433	74	20514	0	21230
20739	175	184	56	21192	0	21607
20740	120	21435	59	555	0	22169
20741	21715	453	49	284	0	22501
20742	22947	171	42	135	0	23295
20743	23789	84	42	117	0	24032
20744	24724	47	52	112	0	24935
20745	932	52	53	24101	0	25138
20746	410	45	50	25045	0	25550
20747	24939	40	56	871	0	25906
20748	777	33	61	24700	0	25571
20749	352	39	23983	739	0	25113
20750	218	89	24180	292	0	24779
20751	251	43	766	24315	0	25375
20752	164	60	24367	715	0	25306
20753	24019	38	682	356	0	25095
20754	768	46	273	24232	0	25319
20755	24451	41	140	750	0	25382
20756	791	51	24345	327	0	25514
20757	430	41	651	24326	0	25448
20758	257	40	24570	729	0	25596
20759	171	24326	722	344	0	25563
20760	24079	634	325	266	0	25304
20761	24481	216	153	216	0	25066
20762	877	23846	128	181	0	25032
20763	23845	616	118	163	0	24742
20764	853	223	116	23472	0	24664
20765	443	102	107	23950	0	24602
20766	23414	81	118	907	0	24520
20767	773	22869	104	379	0	24125
20768	385	23413	93	247	0	24138
20769	332	810	83	22990	0	24215
20770	22682	289	95	772	0	23838
20771	23116	156	80	381	0	23733
20772	23213	106	119	225	0	23663
20773	1026	125	22155	176	0	23482
20774	505	93	22234	154	0	22986
20775	325	21999	813	148	0	23285
20776	21978	680	305	177	0	23140
20777	932	256	149	21370	0	22707
20778	21586	141	117	753	0	22597
20779	21925	80	117	358	0	22480
20780	1085	81	119	21113	0	22398
20781	500	110	20907	748	0	22265
20782	21061	96	668	363	0	22188
20783	865	74	279	20995	0	22213
20784	466	87	20876	748	0	22177
20785	20740	85	674	405	0	21904
20786	21270	52	306	292	0	21920
20787	1020	59	218	20623	0	21920
20788	480	59	20398	787	0	21724
20789	381	99	697	20054	0	21231
20790	302	20346	319	771	0	21738
20791	284	631	20331	378	0	21624
20792	347	20367	670	246	0	21630
20793	19973	669	309	217	0	21168
20794	20473	248	199	229	0	21149
20795	20441	132	192	211	0	20976
20796	20319	103	167	222	0	20811
20797	1091	109	159	19289	0	20648
20798	18925	100	148	698	0	19871
20799	892	94	109	18454	0	19549
20800	17982	75	128	710	0	18895
20801	800	17482	100	390	0	18772
20802	396	510	92	16375	0	17373
20803	265	16335	108	593	0	17301
20804	16371	535	91	290	0	17287
20805	16395	222	100	237	0	16954
20806	744	15862	97	167	0	16870
20807	398	524	95	15642	0	16659
20808	322	180	15345	554	0	16401
20809	281	155	483	15373	0	16292
20810	254	128	15259	597	0	16238
20811	246	119	507	14265	0	15137
20812	219	14505	206	520	0	15450
20813	14524	438	142	241	0	15345
20814	14810	176	104	189	0	15279
20815	658	130	99	14458	0	15345
20816	14960	90	81	566	0	15697
20817	671	90	74	14825	0	15660
20818	350	85	85	15082	0	15602
20819	277	89	64	15229	0	15659
20820	14875	85	72	696	0	15728
20821	15069	49	74	380	0	15572
20822	15086	66	86	259	0	15497
20823	689	14047	78	181	0	14995
20824	13716	385	87	171	0	14359
20825	560	13312	72	128	0	14072
20826	13527	446	65	121	0	14159
20827	615	147	52	13225	0	14039
20828	300	115	78	13550	0	14043
20829	13248	84	52	538	0	13922
20830	13437	74	43	238	0	13792
20831	582	12937	63	193	0	13775
20832	12950	379	58	166	0	13553
20833	577	136	28	12629	0	13370
20834	310	90	29	12877	0	13306
20835	12599	68	43	519	0	13229
20836	540	58	12236	226	0	13060
20837	263	11848	334	157	0	12602
20838	236	313	98	10534	0	11181
20839	119	84	9627	245	0	10075
20840	155	284	215	8871	0	9525
20841	8882	30	108	280	0	9300
20842	214	8053	33	110	0	8410
20843	78	7260	35	63	0	7436
20844	46	6614	15	31	0	6706
20845	177	207	139	6062	0	6585
20846	5999	18	188	114	0	6319
20847	80	17	3	5913	0	6013
20848	5871	14	4	94	0	5983
20849	5899	12	7	35	0	5953
20850	81	10	9	5866	0	5966
20851	5937	11	6	83	0	6037
20852	83	6	2	6062	0	6153
20853	35	12	6128	62	0	6237
20854	6152	10	53	36	0	6251
20855	72	14	6658	23	0	6767
20856	6307	8	57	26	0	6398
20857	72	13	6384	17	0	6486
20858	36	5	47	6089	0	6177
20859	28	6	14	6228	0	6276
20860	6343	3	10	75	0	6431
20861	70	6	6	6478	0	6560
20862	6534	2	8	82	0	6626
20863	67	6547	8	28	0	6650
20864	6828	53	4	35	0	6920
20865	79	9	4	7049	0	7141
20866	33	14	4	7092	0	7143
20867	32	12	4	7138	0	7186
20868	29	5	5	7115	0	7154
20869	16	6	7063	86	0	7171
20870	22	10	6922	29	0	6983
20871	27	3	63	7059	0	7152
20872	10	12	7158	67	0	7247
20873	18	7123	66	30	0	7237
20874	19	58	27	7232	0	7336
20875	17	23	7481	70	0	7591
20876	18	16	7357	32	0	7423
20877	26	25	79	7660	0	7790
20878	27	6	24	7765	0	7822
20879	11	7811	14	102	0	7938
20880	30	80	11	7999	0	8120
20881	13	23	8132	104	0	8272
20882	8078	13	88	59	0	8238
20883	102	13	26	8362	0	8503
20884	8415	6	22	119	0	8562
20885	8441	9	18	65	0	8533
20886	8695	10	10	56	0	8771
20887	127	19	8646	25	0	8817
20888	48	11	8606	28	0	8693
20889	8398	8	120	35	0	8561
20890	113	13	8790	19	0	8935
20891	51	8	103	8450	0	8612
20892	49	7	32	8622	0	8710
20893	26	15	8620	125	0	8786
20894	16	8628	102	55	0	8801
20895	8671	85	35	55	0	8846
20896	96	8645	43	27	0	8811
20897	41	8930	17	25	0	9013
20898	8910	110	17	48	0	9085
20899	112	32	9215	18	0	9377
20900	40	21	9241	24	0	9326
20901	38	10	135	9141	0	9324
20902	9259	15	48	126	0	9448
20903	115	9312	36	50	0	9513
20904	9407	113	24	48	0	9592
20905	136	43	9508	25	0	9712
20906	46	10068	126	22	0	10262
20907	42	137	47	10326	0	10552
20908	29	37	10387	144	0	10597
20909	47	27	137	10359	0	10570
20910	81	35	68	9358	0	9542
20911	43	18	43	10499	0	10603
20912	39	19	22	10511	0	10591
20913	10315	12	29	194	0	10550
20914	10385	15	29	79	0	10508
20915	173	14	10375	53	0	10615
20916	9914	9	146	56	0	10125
20917	170	9959	56	32	0	10217
20918	10037	137	30	51	0	10255
20919	164	43	10072	31	0	10310
20920	69	43	152	9929	0	10193
20921	46	23	10138	155	0	10362
20922	35	12	10158	51	0	10256
20923	45	36	183	9875	0	10139
20924	45	21	52	10031	0	10149
20925	34	13	9989	188	0	10224
20926	21	9726	177	64	0	9988
20927	31	9928	60	54	0	10073
20928	37	162	46	9934	0	10179
20929	9738	51	41	187	0	10017
20930	144	10168	32	71	0	10415
20931	42	147	10206	55	0	10450
20932	39	49	10002	38	0	10128
20933	31	41	10149	38	0	10259
20934	59	30	192	9819	0	10100
20935	10025	22	78	188	0	10313
20936	166	9908	56	60	0	10190
20937	57	147	9857	50	0	10111
20938	40	9828	172	40	0	10080
20939	45	156	66	9935	0	10202
20940	35	46	9987	158	0	10226
20941	35	9990	174	68	0	10267
20942	41	157	57	9940	0	10195
20943	45	39	47	10207	0	10338
20944	35	49	10448	181	0	10713
20945	51	32	175	10257	0	10515
20946	34	10381	70	185	0	10670
20947	31	176	10414	54	0	10675
20948	10262	46	184	61	0	10553
20949	175	46	55	10515	0	10791
20950	64	30	51	10527	0	10672
20951	27	10464	61	205	0	10757
20952	10327	154	50	82	0	10613
20953	159	60	10151	51	0	10421
20954	9982	37	180	61	0	10260
20955	170	47	65	9773	0	10055
20956	43	9853	36	173	0	10105
20957	47	151	32	9953	0	10183
20958	37	51	50	10267	0	10405
20959	10094	35	30	214	0	10373
20960	10218	22	34	92	0	10366
20961	186	31	36	10241	0	10494
20962	47	37	10110	180	0	10374
20963	9607	24	165	76	0	9872
20964	147	10127	60	69	0	10403
20965	55	154	44	10124	0	10377
20966	67	43	26	10359	0	10495
20967	44	28	36	10402	0	10510
20968	33	33	10232	207	0	10505
20969	40	33	163	10040	0	10276
20970	19	10273	54	193	0	10539
20971	48	154	43	10129	0	10374
20972	22	10174	36	182	0	10414
20973	40	167	29	10163	0	10399
20974	27	49	10033	188	0	10297
20975	9304	28	147	88	0	9567
20976	171	37	59	9813	0	10080
20977	44	26	9943	137	0	10150
20978	29	9915	122	60	0	10126
20979	9889	121	54	73	0	10137
20980	121	45	9732	47	0	9945
20981	9409	40	153	63	0	9665
20982	141	29	43	9662	0	9875
20983	41	21	40	9654	0	9756
20984	29	9645	30	136	0	9840
20985	9686	114	28	58	0	9886
20986	9479	36	19	61	0	9595
20987	117	9934	24	45	0	10120
20988	49	117	23	10117	0	10306
20989	39	41	23	10220	0	10323
20990	38	25	21	10155	0	10239
20991	22	30	9899	143	0	10094
20992	9748	17	122	70	0	9957
20993	131	17	32	10005	0	10185
20994	42	25	30	10114	0	10211
20995	24	21	9895	139	0	10079
20996	30	23	9732	63	0	9848
20997	32	29	115	10252	0	10428
20998	24	17	10422	136	0	10599
20999	10027	21	124	59	0	10231
21000	130	17	33	10374	0	10554
21001	33	14	27	10529	0	10603
21002	31	11	10945	133	0	11120
21003	40	22	111	11161	0	11334
21004	24	18	11452	131	0	11625
21005	19	11285	120	61	0	11485
21006	10664	96	104	83	0	10947
21007	10694	17	22	51	0	10784
21008	84	10664	23	29	0	10800
21009	30	83	14	10948	0	11075
21010	19	21	11099	95	0	11234
21011	29	11	82	11048	0	11170
21012	11137	13	29	113	0	11292
21013	76	11206	25	34	0	11341
21014	11261	70	14	51	0	11396
21015	97	21	15	11281	0	11414
21016	11307	15	9	107	0	11438
21017	83	11284	20	39	0	11426
21018	11410	77	10	47	0	11544
21019	92	30	11141	31	0	11294
21020	35	11292	77	28	0	11432
21021	45	68	20	11359	0	11492
21022	11794	16	21	108	0	11939
21023	11938	10	14	59	0	12021
21024	105	10	13	12009	0	12137
21025	12171	12	9	125	0	12317
21026	12139	14	12	46	0	12211
21027	12442	10	17	53	0	12522
21028	130	11	10	12469	0	12620
21029	43	15	12536	101	0	12695
21030	48	33	11798	31	0	11910
21031	31	22	12141	36	0	12230
21032	12383	13	111	49	0	12556
21033	109	14	38	12563	0	12724
21034	33	12768	28	97	0	12926
21035	48	90	16	12819	0	12973
21036	26	13025	28	97	0	13176
21037	13380	100	26	62	0	13568
21038	115	30	18	13537	0	13700
21039	58	21	14	13878	0	13971
21040	14043	17	26	155	0	14241
21041	139	14	16	14143	0	14312
21042	50	17	15	14458	0	14540
21043	14738	14	18	195	0	14965
21044	168	21	14844	57	0	15090
21045	72	9	144	14815	0	15040
21046	52	17	14862	184	0	15115
21047	14702	15	163	74	0	14954
21048	190	14	39	15058	0	15301
21049	15024	8	29	204	0	15265
21050	208	15	23	15245	0	15491
21051	67	18	15550	200	0	15835
21052	82	10	174	15800	0	16066
21053	16169	11	67	241	0	16488
21054	189	16494	39	93	0	16815
21055	78	168	16460	70	0	16776
21056	15871	47	167	81	0	16166
21057	195	16570	56	62	0	16883
21058	62	16791	51	55	0	16959
21059	58	18069	31	63	0	18221
21060	104	285	30	19355	0	19774
21061	19660	72	30	357	0	20119
21062	20284	49	30	129	0	20492
21063	401	47	19860	71	0	20379
21064	19645	43	305	77	0	20070
21065	393	19591	82	55	0	20121
21066	158	311	47	19997	0	20513
21067	20746	79	39	389	0	21253
21068	21009	60	37	142	0	21248
21069	21172	37	41	118	0	21368
21070	20919	39	34	95	0	21087
21071	21138	47	32	86	0	21303
21072	515	44	36	20781	0	21376
21073	202	55	20734	354	0	21345
21074	198	22	318	21013	0	21551
21075	202	33	75	21421	0	21731
21076	21221	44	48	441	0	21754
21077	431	20448	51	188	0	21118
21078	20754	326	35	172	0	21287
21079	21182	94	49	134	0	21459
21080	21619	49	41	159	0	21868
21081	22006	55	50	161	0	22272
21082	566	49	21229	88	0	21932
21083	21544	45	297	121	0	22007
21084	22140	47	92	114	0	22393
21085	19757	76	80	237	0	20150
21086	22179	39	42	99	0	22359
21087	631	34	45	21171	0	21881
21088	309	28	20716	388	0	21441
21089	20663	28	338	176	0	21205
21090	524	20885	121	110	0	21640
21091	295	322	88	20750	0	21455
21092	240	21096	64	371	0	21771
21093	225	330	46	21684	0	22285
21094	21804	107	64	475	0	22450
21095	21995	81	58	204	0	22338
21096	22026	74	63	145	0	22308
21097	613	68	20550	109	0	21340
21098	20843	63	325	124	0	21355
21099	552	70	20434	90	0	21146
21100	305	49	20333	95	0	20782
21101	245	53	20903	94	0	21295
21102	305	103	442	19542	0	20392
21103	246	38	158	20268	0	20710
21104	202	55	116	20258	0	20631
21105	206	41	104	20126	0	20477
21106	234	46	105	19410	0	19795
21107	180	48	102	20085	0	20415
21108	165	20066	90	470	0	20791
21109	19810	353	67	280	0	20510
21110	426	20269	81	181	0	20957
21111	254	373	60	20505	0	21192
21112	218	128	55	20894	0	21295
21113	20497	73	80	536	0	21186
21114	464	20364	73	239	0	21140
21115	20662	363	86	212	0	21323
21116	546	134	76	20616	0	21372
21117	305	107	82	20729	0	21223
21118	226	82	98	20844	0	21250
21119	189	86	20389	555	0	21219
21120	218	84	353	20312	0	20967
21121	193	94	20050	530	0	20867
21122	214	86	19681	268	0	20249
21123	236	57	20678	226	0	21197
21124	224	62	443	20711	0	21440
21125	218	58	188	21367	0	21831
21126	225	83	118	21692	0	22118
21127	21479	87	121	623	0	22310
21128	507	68	106	22242	0	22923
21129	22451	59	113	618	0	23241
21130	563	22300	107	328	0	23298
21131	23525	408	107	282	0	24322
21132	24530	144	77	313	0	25064
21133	687	25030	99	202	0	26018
21134	25033	437	88	294	0	25852
21135	25304	160	88	258	0	25810
21136	25842	85	79	240	0	26246
21137	25814	71	95	206	0	26186
21138	823	88	24773	138	0	25822
21139	414	24566	470	142	0	25592
21140	361	489	188	24167	0	25205
21141	24336	162	123	555	0	25176
21142	602	110	24066	266	0	25044
21143	333	23612	458	196	0	24599
21144	306	400	173	22929	0	23808
21145	244	23515	99	464	0	24322
21146	279	456	87	23612	0	24434
21147	265	208	61	23759	0	24293
21148	243	125	23610	573	0	24551
21149	226	108	23216	246	0	23796
21150	22417	82	492	203	0	23194
21151	546	110	23324	129	0	24109
21152	288	95	23230	144	0	23757
21153	272	105	534	22690	0	23601
21154	233	89	227	22651	0	23200
21155	177	22465	200	529	0	23371
21156	167	24444	177	228	0	25016
21157	181	545	24233	183	0	25142
21158	276	352	545	24360	0	25533
21159	109	107	24088	492	0	24796
21160	65	67	22028	181	0	22341
21161	54	21956	474	124	0	22608
21162	165	370	200	21393	0	22128
21163	21547	129	110	388	0	22174
21164	378	67	82	21691	0	22218
21165	21819	57	66	439	0	22381
21166	21882	39	69	198	0	22188
21167	21767	39	70	144	0	22020
21168	494	49	21128	79	0	21750
21169	21356	41	343	105	0	21845
21170	463	44	142	21817	0	22466
21171	21954	36	82	410	0	22482
21172	22141	34	76	207	0	22458
21173	478	21692	80	100	0	22350
21174	21886	324	74	122	0	22406
21175	429	130	21852	60	0	22471
21176	21380	68	351	109	0	21908
21177	21873	45	136	117	0	22171
21178	474	21773	85	65	0	22397
21179	21991	333	69	101	0	22494
21180	465	135	42	21183	0	21825
21181	234	70	68	21178	0	21550
21182	140	20960	79	410	0	21589
21183	169	324	50	21452	0	21995
21184	153	119	51	21565	0	21888
21185	127	85	21249	456	0	21917
21186	124	96	20852	193	0	21265
21187	20510	49	410	205	0	21174
21188	21418	51	156	140	0	21765
21189	530	50	108	21353	0	22041
21190	242	41	21412	387	0	22082
21191	173	21198	368	175	0	21914
21192	156	363	149	21269	0	21937
21193	131	127	21453	404	0	22115
21194	20770	83	397	224	0	21474
21195	466	72	138	21993	0	22669
21196	195	22301	111	436	0	23043
21197	180	403	94	22745	0	23422
21198	160	172	68	23111	0	23511
21199	144	85	101	23223	0	23553
21200	22705	63	102	613	0	23483
21201	523	55	70	22589	0	23237
21202	22764	62	59	597	0	23482
21203	23048	69	62	288	0	23467
21204	641	72	22608	166	0	23487
21205	264	22645	465	175	0	23549
21206	221	444	184	21612	0	22461
21207	153	23648	136	431	0	24368
21208	23969	506	102	256	0	24833
21209	590	198	82	23955	0	24825
21210	245	111	23744	561	0	24661
21211	174	93	23440	254	0	23961
21212	170	82	23591	185	0	24028
21213	23173	76	623	212	0	24084
21214	566	23591	256	143	0	24556
21215	23611	480	143	187	0	24421
21216	616	23695	129	145	0	24585
21217	328	523	132	23672	0	24655
21218	233	201	131	23514	0	24079
21219	189	23792	108	630	0	24719
21220	155	543	23796	277	0	24771
21221	145	24091	515	206	0	24957
21222	23554	559	179	208	0	24500
21223	570	209	116	22770	0	23665
21224	246	128	22385	546	0	23305
21225	193	117	22405	229	0	22944
21226	209	144	627	22061	0	23041
21227	174	106	21957	512	0	22749
21228	166	123	20968	223	0	21480
21229	19865	90	584	197	0	20736
21230	443	20285	234	141	0	21103
21231	19350	396	132	167	0	20045
21232	460	174	19145	130	0	19909
21233	209	17999	454	110	0	18772
21234	138	18686	232	102	0	19158
21235	237	535	257	18294	0	19323
21236	138	188	104	18745	0	19175
21237	144	106	79	18998	0	19327
21238	107	93	18671	560	0	19431
21239	116	102	425	18911	0	19554
21240	134	68	176	19462	0	19840
21241	19046	84	126	624	0	19880
21242	459	18856	96	274	0	19685
21243	218	417	82	19321	0	20038
21244	19277	190	72	548	0	20087
21245	19264	103	86	281	0	19734
21246	606	87	84	19002	0	19779
21247	232	99	18978	518	0	19827
21248	170	86	441	19102	0	19799
21249	98	67	19020	591	0	19776
21250	19150	69	465	290	0	19974
21251	20533	56	213	216	0	21018
21252	696	116	145	20544	0	21501
21253	270	49	20694	547	0	21560
21254	147	21119	528	246	0	22040
21255	137	576	21388	151	0	22252
21256	168	350	537	18898	0	19953
21257	97	19838	189	461	0	20585
21258	19066	423	95	183	0	19767
21259	506	138	72	18459	0	19175
21260	135	18896	95	432	0	19558
21261	19078	459	83	210	0	19830
21262	498	144	81	18894	0	19617
21263	165	18949	69	481	0	19664
21264	145	495	62	19064	0	19766
21265	96	161	18844	506	0	19607
21266	18283	105	449	249	0	19086
21267	18725	81	145	155	0	19106
21268	551	80	18212	100	0	18943
21269	174	18065	442	107	0	18788
21270	18218	454	155	140	0	18967
21271	492	155	87	18084	0	18818
21272	242	89	89	17978	0	18398
21273	165	72	67	18349	0	18653
21274	163	76	69	18364	0	18672
21275	133	58	77	18194	0	18462
21276	17645	75	68	655	0	18443
21277	18065	76	60	286	0	18487
21278	587	59	76	17696	0	18418
21279	256	49	60	18130	0	18495
21280	139	50	17578	640	0	18407
21281	143	54	17564	260	0	18021
21282	17224	71	517	208	0	18020
21283	551	76	167	17239	0	18033
21284	221	48	17051	553	0	17873
21285	158	50	462	17148	0	17818
21286	17048	43	168	646	0	17905
21287	17527	33	147	294	0	18001
21288	617	43	107	17242	0	18009
21289	279	31	97	17454	0	17861
21290	17139	41	90	643	0	17913
21291	548	53	86	16956	0	17643
21292	202	16856	84	584	0	17726
21293	203	441	80	16739	0	17463
21294	165	133	86	16825	0	17209
21295	129	76	16045	604	0	16854
21296	123	61	15566	272	0	16022
21297	92	15585	451	211	0	16339
21298	15206	394	192	199	0	15991
21299	15205	133	93	182	0	15613
21300	15329	88	72	169	0	15658
21301	534	14646	82	168	0	15430
21302	211	15067	101	157	0	15536
21303	14529	444	89	176	0	15238
21304	430	14753	79	143	0	15405
21305	187	431	14249	139	0	15006
21306	155	14327	385	135	0	15002
21307	134	407	13553	133	0	14227
21308	13104	143	387	148	0	13782
21309	13497	103	142	141	0	13883
21310	431	13199	96	118	0	13844
21311	13566	374	69	127	0	14136
21312	14709	124	72	140	0	15045
21313	14955	115	62	142	0	15274
21314	635	90	75	14545	0	15345
21315	14648	91	92	491	0	15322
21316	575	82	14031	212	0	14900
21317	14328	81	394	177	0	14980
21318	575	66	160	14314	0	15115
21319	255	79	13982	460	0	14776
21320	219	77	14110	214	0	14620
21321	223	68	508	13918	0	14717
21322	214	52	203	14311	0	14780
21323	14059	70	149	587	0	14865
21324	516	72	93	14091	0	14772
21325	215	64	13742	583	0	14604
21326	239	47	406	13560	0	14252
21327	153	13844	160	548	0	14705
21328	13887	365	129	294	0	14675
21329	477	136	98	13981	0	14692
21330	237	97	13661	507	0	14502
21331	196	13507	394	270	0	14367
21332	12996	361	165	203	0	13725
21333	454	147	133	13081	0	13815
21334	201	114	12925	457	0	13697
21335	183	12662	395	219	0	13459
21336	12479	366	192	191	0	13228
21337	12389	120	137	169	0	12815
21338	12536	112	90	134	0	12872
21339	550	62	73	11998	0	12683
21340	272	56	63	12150	0	12541
21341	11755	47	75	468	0	12345
21342	415	11532	63	259	0	12269
21343	11490	301	63	186	0	12040
21344	438	115	56	11392	0	12001
21345	11597	85	43	400	0	12125
21346	461	67	45	11501	0	12074
21347	218	40	64	11580	0	11902
21348	197	69	63	11565	0	11894
21349	207	69	65	11650	0	11991
21350	135	58	10604	432	0	11229
21351	116	39	9590	197	0	9942
21352	8612	23	247	156	0	9038
21353	231	33	8728	95	0	9087
21354	96	22	7671	69	0	7858
21355	7376	26	236	60	0	7698
21356	7523	11	140	54	0	7728
21357	212	31	68	7941	0	8252
21358	8021	14	67	175	0	8277
21359	199	8104	35	87	0	8425
21360	8375	140	30	85	0	8630
21361	8328	67	28	63	0	8486
21362	8654	43	28	57	0	8782
21363	254	48	26	8432	0	8760
21364	149	8195	28	154	0	8526
21365	111	8472	19	81	0	8683
21366	8537	171	25	81	0	8814
21367	8569	89	33	60	0	8751
21368	223	64	26	8432	0	8745
21369	141	38	24	8429	0	8632
21370	102	8300	22	185	0	8609
21371	8380	132	15	105	0	8632
21372	167	73	8259	92	0	8591
21373	111	48	123	8238	0	8520
21374	99	30	55	8419	0	8603
21375	64	31	8314	210	0	8619
21376	64	16	143	8266	0	8489
21377	63	6980	85	216	0	7344
21378	67	142	57	8481	0	8747
21379	63	61	37	8345	0	8506
21380	48	7798	29	203	0	8078
21381	39	8290	28	137	0	8494
21382	37	153	31	8386	0	8607
21383	8405	80	30	192	0	8707
21384	147	56	30	8466	0	8699
21385	86	34	25	8543	0	8688
21386	81	8924	34	198	0	9237
21387	55	114	30	9329	0	9528
21388	53	63	26	9326	0	9468
21389	50	40	21	9389	0	9500
21390	9214	34	19	238	0	9505
21391	158	17	12	9346	0	9533
21392	97	24	12	9256	0	9389
21393	75	35	11	9327	0	9448
21394	72	24	8990	218	0	9304
21395	8493	22	108	155	0	8778
21396	152	8928	56	105	0	9241
21397	9081	120	41	72	0	9314
21398	164	65	26	9047	0	9302
21399	110	46	8871	135	0	9162
21400	8614	31	123	95	0	8863
21401	156	25	10804	77	0	11062
21402	104	23	134	10982	0	11243
21403	11560	25	82	167	0	11834
21404	11513	19	45	99	0	11676
21405	11976	18	29	87	0	12110
21406	221	15	16	12111	0	12363
21407	124	28	10	12303	0	12465
21408	84	32	25	12370	0	12511
21409	53	11800	16	220	0	12089
21410	46	11724	16	127	0	11913
21411	37	11542	14	89	0	11682
21412	9	11124	6	23	0	11162
21413	20	37	17	11513	0	11587
21414	16	15	4	11539	0	11574
21415	11600	8	3	61	0	11672
21416	11468	5	7	31	0	11511
21417	11824	5	2	43	0	11874
21418	58	3	0	11834	0	11895
21419	33	1	7	12052	0	12093
21420	12008	2	4	75	0	12089
21421	11790	10	8	36	0	11844
21422	52	10	11830	19	0	11911
21423	30	17	11511	26	0	11584
21424	25	19	11715	17	0	11776
21425	14	22	12418	6	0	12460
21426	24	7	49	12589	0	12669
21427	12665	2	16	61	0	12744
21428	62	12493	16	43	0	12614
21429	19	36	6	13056	0	13117
21430	21	18	13069	44	0	13152
21431	11	13903	50	26	0	13990
21432	29	40	10	14441	0	14520
21433	12	18	14521	55	0	14606
21434	30	7	42	14352	0	14431
21435	17	6	10	14765	0	14798
21436	15064	8	11	73	0	15156
21437	49	2	5	15225	0	15281
21438	12	9	15330	51	0	15402
21439	18	2	42	15146	0	15208
21440	13	16654	16	75	0	16758
21441	33	42	12	17824	0	17911
21442	29	12	3	17967	0	18011
21443	22	13	9	18035	0	18079
21444	18344	4	8	99	0	18455
21445	18336	5	8	58	0	18407
21446	18860	5	1	87	0	18953
21447	18942	4	11	54	0	19011
21448	67	11	18632	13	0	18723
21449	18346	8	46	41	0	18441
21450	18959	3	10	43	0	19015
21451	65	16	18566	18	0	18665
21452	39	25	19327	12	0	19403
21453	34	5	46	19880	0	19965
21454	12	19920	26	42	0	20000
21455	20590	37	16	65	0	20708
21456	21024	7	13	64	0	21108
21457	21312	12	8	81	0	21413
21458	65	3	1	21249	0	21318
21459	32	22411	18	46	0	22507
21460	24068	37	4	119	0	24228
21461	24644	10	3	85	0	24742
21462	66	10	8	24792	0	24876
21463	36	27	24242	54	0	24359
21464	24581	6	51	74	0	24712
21465	56	7	22	25980	0	26065
21466	26567	8	24	127	0	26726
21467	72	3	11	27403	0	27489
21468	26	24	27249	53	0	27352
21469	29207	6	41	183	0	29437
21470	64	4	17	30358	0	30443
21471	67	5	11	30454	0	30537
21472	27	3	6	30809	0	30845
21473	23	5	9	30775	0	30812
21474	31224	5	4	140	0	31373
21475	70	7	4	31190	0	31271
21476	36	30668	22	74	0	30800
21477	23	59	11	31760	0	31853
21478	17	31443	16	70	0	31546
21479	27	49	1	32582	0	32659
21480	38	23	7	32782	0	32850
21481	11	32505	17	98	0	32631
21482	19	58	9	33320	0	33406
21483	31	19	11	33116	0	33177
21484	33139	9	6	159	0	33313
21485	69	25	33641	40	0	33775
21486	57	7	79	34349	0	34492
21487	34859	3	24	190	0	35076
21488	34756	5	11	104	0	34876
21489	34883	5	8	106	0	35002
21490	178	23	34629	16	0	34846
21491	82	44	35034	19	0	35179
21492	125	23	177	36057	0	36382
21493	37290	5	54	242	0	37591
21494	165	28	36683	42	0	36918
21495	35797	15	163	129	0	36104
21496	167	37516	63	46	0	37792
21497	95	140	24	40721	0	40980
21498	90	41	22	41886	0	42039
21499	42626	19	21	330	0	42996
21500	190	27	9	43399	0	43625
21501	42604	13	11	328	0	42956
21502	43485	9	10	253	0	43757
21503	223	18	13	43498	0	43752
21504	111	6	15	43705	0	43837
21505	44096	4	16	338	0	44454
21506	204	26	47629	74	0	47933
21507	47578	12	145	344	0	48079
21508	226	30	51254	39	0	51549
21509	52025	15	157	263	0	52460
21510	56173	10	55	343	0	56581
21511	56051	11	32	252	0	56346
21512	55625	8	23	173	0	55829
21513	234	55598	43	59	0	55934
21514	57354	128	16	213	0	57711
21515	57795	33	21	185	0	58034
21516	242	60761	41	52	0	61096
21517	61971	166	7	315	0	62459
21518	265	82	60997	54	0	61398
21519	61353	27	175	164	0	61719
21520	332	92	62513	23	0	62960
21521	191	24	260	63316	0	63791
21522	142	10	89	64458	0	64699
21523	86	50	64630	326	0	65092
21524	191	11	282	64424	0	64908
21525	1572	509	793	41279	0	44153
21526	68156	13	50	638	0	68857
21527	439	25	26	68679	0	69169
21528	230	25	29	68417	0	68701
21529	147	28	14	69294	0	69483
21530	75	67699	67	545	0	68386
21531	114	336	25	68636	0	69111
21532	68311	102	27	652	0	69092
21533	446	70	68664	189	0	69369
21534	243	35	462	69507	0	70247
21535	115	48	70024	568	0	70755
21536	68376	19	537	352	0	69284
21537	684	29	168	73568	0	74449
21538	252	96	90240	820	0	91408
21539	346	23	1698	90870	0	92937
21540	320	20	996	91254	0	92590
21541	110	91212	747	2747	0	94816
21542	303	1721	368	95453	0	97845
21543	361	982	138	100794	0	102275
21544	140	741	98909	3513	0	103303
21545	457	341	2051	99417	0	102266
21546	364	142	1130	102341	0	103977
21547	98723	112	761	3986	0	103582
21548	98675	88	488	2472	0	101723
21549	3044	98517	347	1518	0	103426
21550	100706	2054	261	1293	0	104314
21551	101440	1135	329	1161	0	104065
21552	3595	102021	488	887	0	106991
21553	2312	2454	283	102534	0	107583
21554	103570	1297	188	3228	0	108283
21555	104513	936	249	2057	0	107755
21556	103497	624	191	1813	0	106125
21557	4357	100830	413	1127	0	106727
21558	2894	2466	102456	840	0	108656
21559	103713	1355	2299	1258	0	108625
21560	106021	1237	1147	1207	0	109612
21561	4308	104431	914	918	0	110571
21562	106576	2755	464	1166	0	110961
21563	108990	1560	419	929	0	111898
21564	5221	1131	342	105503	0	112197
21565	3079	930	105494	3153	0	112656
21566	2504	650	2674	107393	0	113221
21567	2143	435	1416	108779	0	112773
21568	1810	579	922	110153	0	113464
21569	1422	729	104269	4837	0	111257
21570	1987	473	2776	102080	0	107316
21571	1674	526	1442	107378	0	111020
21572	1360	446	1096	108964	0	111866
21573	1512	363	808	109049	0	111732
21574	1391	399	462	109255	0	111507
21575	1054	104773	519	6368	0	112714
21576	1182	2844	498	109022	0	113546
21577	1084	1406	683	112843	0	116016
21578	809	1060	107573	5742	0	115184
21579	1203	599	3006	115344	0	120152
21580	1092	537	1502	118156	0	121287
21581	1093	456	1063	121423	0	124035
21582	1139	445	832	123543	0	125959
21583	117595	521	606	7986	0	126708
21584	3931	475	599	122165	0	127170
21585	2430	448	505	123332	0	126715
21586	1686	583	115632	7115	0	125016
21587	1200	110236	3412	5063	0	119911
21588	830	117877	2021	3949	0	124677
21589	114195	4388	1549	3537	0	123669
21590	3532	116880	1067	3084	0	124563
21591	2378	4288	629	116670	0	123965
21592	114561	2319	638	6173	0	123691
21593	4123	1599	113987	4263	0	123972
21594	2573	1260	3611	116047	0	123491
21595	1798	114369	2103	5716	0	123986
21596	1575	3883	1398	116089	0	122945
21597	1183	114451	1084	6169	0	122887
21598	1316	4596	661	116028	0	122601
21599	112498	2546	604	6845	0	122493
21600	4499	1910	112536	4043	0	122988
21601	2824	1489	3849	110958	0	119120
21602	2147	111949	2116	5612	0	121824
21603	112032	4235	1586	4041	0	121894
21604	4428	2621	110705	3442	0	121196
21605	2870	1925	3937	111353	0	120085
21606	2401	1428	106757	5629	0	116215
21607	2110	1171	4806	106692	0	114779
21608	1519	1081	103440	6461	0	112501
21609	1521	1217	4896	101651	0	109285
21610	1349	1199	2903	103036	0	108487
21611	98009	1062	1901	7430	0	108402
21612	100735	1038	1631	4675	0	108079
21613	6097	951	1213	97472	0	105733
21614	3599	95741	1244	5840	0	106424
21615	2678	3991	999	99209	0	106877
21616	1954	2317	1064	98419	0	103754
21617	91412	1535	1156	8000	0	102103
21618	4389	91653	1083	5448	0	102573
21619	91676	4071	1050	4183	0	100980
21620	92433	2292	976	3556	0	99257
21621	5827	86843	984	3179	0	96833
21622	3511	92012	775	3293	0	99591
21623	89718	4948	993	3421	0	99080
21624	5053	2717	86479	3497	0	97746
21625	87479	1962	3937	3104	0	96482
21626	88789	1599	2082	3021	0	95491
21627	6483	84856	1718	2774	0	95831
21628	4231	4234	1255	79870	0	89590
21629	2818	85803	1063	5266	0	94950
21630	84995	5008	1123	3769	0	94895
21631	87864	3019	1176	3023	0	95082
21632	6291	2273	1113	84475	0	94152
21633	4324	2053	856	86505	0	93738
21634	81786	1518	737	6795	0	90836
21635	4999	80072	706	4856	0	90633
21636	3425	79276	725	3958	0	87384
21637	2921	78284	855	3023	0	85083
21638	1381	57207	565	1756	0	60909
21639	1302	58283	570	1801	0	61956
21640	1616	3759	814	55545	0	61734
21641	1091	1725	52939	3374	0	59129
21642	1195	53210	1881	1885	0	58171
21643	48105	2500	826	1338	0	52769
21644	2492	1370	647	47348	0	51857
21645	47275	1132	544	2384	0	51335
21646	2385	46927	590	1468	0	51370
21647	46963	2113	655	1283	0	51014
21648	2513	46150	750	1875	0	51288
21649	1601	2282	773	47113	0	51769
21650	47129	1172	677	2518	0	51496
21651	48332	988	646	1601	0	51567
21652	2687	919	546	47522	0	51674
21653	1670	866	497	47866	0	50899
21654	1340	46030	437	2980	0	50787
21655	1328	2018	388	47175	0	50909
21656	1268	1195	281	48148	0	50892
21657	1365	1046	272	47240	0	49923
21658	1119	43781	295	3162	0	48357
21659	40406	1756	254	1887	0	44303
21660	1864	41135	241	1434	0	44674
21661	39830	1983	238	1116	0	43167
21662	2132	39753	300	929	0	43114
21663	1454	1950	38137	895	0	42436
21664	1339	1284	1363	37906	0	41892
21665	1104	992	36742	1713	0	40551
21666	1003	865	36372	1043	0	39283
21667	1077	863	1804	35602	0	39346
21668	1037	738	35710	1683	0	39168
21669	1061	589	1693	35212	0	38555
21670	1029	631	861	35782	0	38303
21671	967	646	588	36678	0	38879
21672	35133	708	440	2455	0	38736
21673	1940	605	340	35423	0	38308
21674	1342	606	270	35532	0	37750
21675	33008	468	186	2326	0	35988
21676	1873	31942	167	1534	0	35516
21677	1126	29756	146	1209	0	32237
21678	1002	30370	122	907	0	32401
21679	637	2012	140	23135	0	25924
21680	449	533	23121	1005	0	25108
21681	19352	577	704	482	0	21115
21682	689	19965	214	306	0	21174
21683	18793	622	175	250	0	19840
21684	18950	341	119	172	0	19582
21685	18965	280	79	186	0	19510
21686	729	299	18669	163	0	19860
21687	423	260	436	18842	0	19961
21688	374	220	198	19283	0	20075
21689	373	152	137	19479	0	20141
21690	363	136	133	19034	0	19666
21691	271	18462	103	713	0	19549
21692	18434	471	77	414	0	19396
21693	497	229	17293	255	0	18274
21694	16477	150	307	235	0	17169
21695	511	266	117	16170	0	17064
21696	266	15749	68	446	0	16529
21697	192	16409	50	276	0	16927
21698	297	913	98	14966	0	16274
21699	150	15165	47	315	0	15677
21700	13382	165	51	130	0	13728
21701	149	67	13044	62	0	13322
21702	89	50	117	12588	0	12844
21703	43	23	46	12974	0	13086
21704	36	29	23	13148	0	13236
21705	51	22	17	13065	0	13155
21706	13197	21	16	197	0	13431
21707	144	29	16	13683	0	13872
21708	15332	18	11	222	0	15583
21709	217	13	10	15957	0	16197
21710	122	16	17	16735	0	16890
21711	54	15108	18	2527	0	17707
21712	18066	199	12	200	0	18477
21713	18414	87	15	144	0	18660
21714	364	18141	19	64	0	18588
21715	183	274	9	17387	0	17853
21716	78	17881	18	263	0	18240
21717	17040	304	727	151	0	18222
21718	293	129	17755	70	0	18247
21719	144	71	17215	43	0	17473
21720	16721	43	339	79	0	17182
21721	278	17162	144	40	0	17624
21722	166	273	62	17163	0	17664
21723	109	112	33	17333	0	17587
21724	49	87	17306	386	0	17828
21725	93	42	262	17226	0	17623
21726	99	41	111	17486	0	17737
21727	61	17170	74	399	0	17704
21728	65	297	42	17350	0	17754
21729	73	150	24	17329	0	17576
21730	16888	83	28	444	0	17443
21731	283	16540	55	209	0	17087
21732	139	16891	65	129	0	17224
21733	104	369	48	16955	0	17476
21734	80	172	30	17261	0	17543
21735	80	99	17	17177	0	17373
21736	42	16872	28	484	0	17426
21737	70	304	38	17242	0	17654
21738	73	130	31	17180	0	17414
21739	77	89	32	17367	0	17565
21740	65	78	19	17268	0	17430
21741	42	16722	32	508	0	17304
21742	37	17764	34	263	0	18098
21743	17414	390	20	193	0	18017
21744	17681	178	16	148	0	18023
21745	485	125	11	17566	0	18187
21746	186	96	17631	422	0	18335
21747	138	77	312	17895	0	18422
21748	99	64	108	17925	0	18196
21749	17352	70	51	562	0	18035
21750	354	17841	41	242	0	18478
21751	163	356	28	17913	0	18460
21752	127	280	26	18083	0	18516
21753	71	106	17655	525	0	18357
21754	59	85	17772	267	0	18183
21755	61	91	421	17642	0	18215
21756	98	92	166	17595	0	17951
21757	89	17313	103	486	0	17991
21758	68	17900	67	257	0	18292
21759	17664	431	55	217	0	18367
21760	375	188	52	18161	0	18776
21761	130	114	18066	445	0	18755
21762	97	17988	317	248	0	18650
21763	103	353	135	18326	0	18917
21764	18263	166	74	470	0	18973
21765	352	118	34	18578	0	19082
21766	18181	89	49	505	0	18824
21767	389	18347	60	259	0	19055
21768	18185	375	57	226	0	18843
21769	421	162	41	18439	0	19063
21770	169	138	18886	457	0	19650
21771	137	133	345	18840	0	19455
21772	95	19275	149	497	0	20016
21773	124	420	82	19426	0	20052
21774	74	19976	71	535	0	20656
21775	97	491	52	20597	0	21237
21776	74	223	20072	580	0	20949
21777	97	152	19751	319	0	20319
21778	88	105	20124	254	0	20571
21779	19690	95	570	229	0	20584
21780	453	19750	218	176	0	20597
21781	212	20429	133	145	0	20919
21782	19816	567	80	221	0	20684
21783	19953	227	94	200	0	20474
21784	576	156	82	19643	0	20457
21785	238	117	19616	551	0	20522
21786	176	133	18998	265	0	19572
21787	144	122	541	18980	0	19787
21788	18864	96	229	603	0	19792
21789	458	18845	165	324	0	19792
21790	182	454	134	19189	0	19959
21791	18860	181	126	592	0	19759
21792	19027	134	102	327	0	19590
21793	541	110	18656	242	0	19549
21794	18248	139	439	226	0	19052
21795	546	132	18857	209	0	19744
21796	263	120	19220	145	0	19748
21797	227	91	557	18545	0	19420
21798	166	78	251	18975	0	19470
21799	145	84	186	19307	0	19722
21800	128	105	18645	678	0	19556
21801	18645	101	442	374	0	19562
21802	548	105	173	19464	0	20290
21803	19018	83	127	621	0	19849
21804	19099	106	98	327	0	19630
21805	618	18908	108	272	0	19906
21806	267	19286	137	197	0	19887
21807	189	19129	124	193	0	19635
21808	212	554	135	17077	0	17978
21809	89	169	16886	398	0	17542
21810	113	495	366	15502	0	16476
21811	105	15546	119	388	0	16158
21812	73	15433	89	144	0	15739
21813	108	329	77	15153	0	15667
21814	14976	99	59	356	0	15490
21815	301	14787	68	128	0	15284
21816	90	14966	70	125	0	15251
21817	15246	333	47	138	0	15764
21818	358	114	46	15301	0	15819
21819	134	103	34	15457	0	15728
21820	130	84	47	15656	0	15917
21821	15171	59	45	424	0	15699
21822	15380	47	47	218	0	15692
21823	399	49	78	15261	0	15787
21824	160	52	14755	352	0	15319
21825	14742	56	299	167	0	15264
21826	378	62	92	15053	0	15585
21827	123	69	14766	385	0	15343
21828	100	71	14776	146	0	15093
21829	123	60	350	15164	0	15697
21830	77	56	15785	409	0	16327
21831	120	58	397	16717	0	17292
21832	140	79	158	16335	0	16712
21833	100	58	90	17772	0	18020
21834	17307	54	85	610	0	18056
21835	464	91	60	17454	0	18069
21836	185	71	64	17737	0	18057
21837	158	87	72	17741	0	18058
21838	140	70	74	17788	0	18072
21839	90	91	16901	628	0	17710
21840	79	16786	413	306	0	17584
21841	87	389	127	16398	0	17001
21842	114	157	102	16176	0	16549
21843	65	15570	108	492	0	16235
21844	77	16528	88	230	0	16923
21845	16169	410	90	237	0	16906
21846	382	15614	97	396	0	16489
21847	160	422	88	15733	0	16403
21848	144	145	15810	432	0	16531
21849	15428	122	353	215	0	16118
21850	396	113	15176	185	0	15870
21851	15218	68	394	184	0	15864
21852	15533	55	143	151	0	15882
21853	492	53	15296	154	0	15995
21854	261	38	396	14643	0	15338
21855	179	14841	159	439	0	15618
21856	131	347	138	15626	0	16242
21857	15886	107	96	520	0	16609
21858	16013	93	95	260	0	16461
21859	504	15700	103	223	0	16530
21860	15492	374	76	197	0	16139
21861	491	107	75	15099	0	15772
21862	15088	77	91	495	0	15751
21863	15352	69	75	265	0	15761
21864	568	50	59	15056	0	15733
21865	15000	55	58	536	0	15649
21866	14651	81	52	279	0	15063
21867	489	79	14444	211	0	15223
21868	14389	86	349	206	0	15030
21869	489	80	14189	162	0	14920
21870	177	53	13527	123	0	13880
21871	131	13638	410	138	0	14317
21872	150	333	167	13149	0	13799
21873	77	116	13396	344	0	13933
21874	88	83	13109	155	0	13435
21875	13103	70	354	127	0	13654
21876	317	57	121	13159	0	13654
21877	120	50	89	13629	0	13888
21878	125	51	66	13697	0	13939
21879	93	58	44	13739	0	13934
21880	83	53	47	13851	0	14034
21881	87	47	13370	453	0	13957
21882	99	40	13357	197	0	13693
21883	99	37	338	13527	0	14001
21884	13338	41	119	413	0	13911
21885	330	13163	99	168	0	13760
21886	160	279	67	13284	0	13790
21887	13196	67	55	410	0	13728
21888	350	13130	70	168	0	13718
21889	151	299	72	13304	0	13826
21890	126	85	64	13623	0	13898
21891	117	59	63	13619	0	13858
21892	13261	50	64	482	0	13857
21893	345	33	13013	245	0	13636
21894	13169	39	306	203	0	13717
21895	396	31	106	13334	0	13867
21896	173	42	87	12999	0	13301
21897	100	12974	84	458	0	13616
21898	102	284	12866	247	0	13499
21899	12866	70	294	225	0	13455
21900	13267	75	131	183	0	13656
21901	388	71	12707	147	0	13313
21902	12284	38	295	171	0	12788
21903	358	12636	119	138	0	13251
21904	140	12861	101	120	0	13222
21905	119	12876	77	109	0	13181
21906	12330	350	75	128	0	12883
21907	333	132	12252	97	0	12814
21908	157	150	291	11679	0	12277
21909	97	11578	99	288	0	12062
21910	99	11765	81	120	0	12065
21911	73	11842	86	74	0	12075
21912	212	393	73	9788	0	10466
21913	11222	108	45	308	0	11683
21914	271	11287	45	143	0	11746
21915	111	263	41	11474	0	11889
21916	87	96	33	11696	0	11912
21917	11264	73	49	328	0	11714
21918	299	52	43	11261	0	11655
21919	142	34	49	11576	0	11801
21920	122	44	11420	326	0	11912
21921	98	50	219	11427	0	11794
21922	97	41	81	11933	0	12152
21923	11751	34	62	352	0	12199
21924	11912	28	41	166	0	12147
21925	346	22	37	11886	0	12291
21926	11416	41	43	326	0	11826
21927	11767	39	49	123	0	11978
21928	310	11639	54	104	0	12107
21929	156	210	11442	62	0	11870
21930	111	10950	221	64	0	11346
21931	131	328	110	9844	0	10413
21932	9573	65	86	148	0	9872
21933	108	9438	13	65	0	9624
21934	49	109	16	9593	0	9767
21935	9559	41	23	135	0	9758
21936	9550	19	28	64	0	9661
21937	144	15	21	9528	0	9708
21938	45	26	9944	138	0	10153
21939	44	23	94	10176	0	10337
21940	24	31	29	10446	0	10530
21941	24	19	10398	165	0	10606
21942	57	14	92	10285	0	10448
21943	51	15	41	10414	0	10521
21944	10808	18	19	170	0	11015
21945	118	12	12	10930	0	11072
21946	55	17	11	11006	0	11089
21947	10892	21	11	161	0	11085
21948	10777	13	16	89	0	10895
21949	10859	18	17	57	0	10951
21950	142	20	10701	42	0	10905
21951	52	41	100	10572	0	10765
21952	28	10735	32	128	0	10923
21953	40	106	17	11107	0	11270
21954	49	34	11547	122	0	11752
21955	79	37	95	10892	0	11103
21956	38	12	11249	109	0	11408
21957	10547	27	115	49	0	10738
21958	10943	8	23	52	0	11026
21959	82	11	15	11327	0	11435
21960	32	9	7	11491	0	11539
21961	34	9	9	11499	0	11551
21962	19	12072	15	94	0	12200
21963	12255	52	11	91	0	12409
21964	12485	14	12	68	0	12579
21965	90	11	9	12475	0	12585
21966	37	10	7	12513	0	12567
21967	35	15	10	12593	0	12653
21968	26	8	16	12639	0	12689
21969	23	9	12517	103	0	12652
21970	31	12	69	12609	0	12721
21971	12529	7	21	111	0	12668
21972	12467	9	9	57	0	12542
21973	89	12	6	12295	0	12402
21974	37	17	12061	80	0	12195
21975	11718	13	71	78	0	11880
21976	100	17	25	12496	0	12638
21977	33	12250	24	115	0	12422
21978	24	12869	10	49	0	12952
21979	13317	105	24	112	0	13558
21980	112	38	6	13573	0	13729
21981	70	15	6	13873	0	13964
21982	39	8	8	14425	0	14480
21983	44	10	9	14483	0	14546
21984	34	5	6	14981	0	15026
21985	28	13	14866	204	0	15111
21986	33	11	14608	90	0	14742
21987	23	16	14777	57	0	14873
21988	30	4	201	14806	0	15041
21989	18	13	15302	179	0	15512
21990	39	6	180	15221	0	15446
21991	41	7	62	15324	0	15434
21992	39	10	35	15856	0	15940
21993	15966	7	25	303	0	16301
21994	215	8	31	16170	0	16424
21995	90	9	28	16433	0	16560
21996	16236	6	33	312	0	16587
21997	193	16075	31	139	0	16438
21998	62	16644	38	98	0	16842
21999	16659	246	16	115	0	17036
22000	211	17026	31	70	0	17338
22001	17082	230	17	114	0	17443
22002	17296	70	16	106	0	17488
22003	17324	34	14	117	0	17489
22004	17152	20	18	121	0	17311
22005	17247	31	14	104	0	17396
22006	312	16978	25	71	0	17386
22007	17039	224	12	102	0	17377
22008	17279	81	15	95	0	17470
22009	304	17526	23	60	0	17913
22010	19179	220	23	113	0	19535
22011	19690	89	19	92	0	19890
22012	21173	54	20	82	0	21329
22013	21929	50	17	96	0	22092
22014	644	59	22335	60	0	23098
22015	352	44	462	23430	0	24288
22016	287	50	141	24234	0	24712
22017	156	56	23819	673	0	24704
22018	155	58	23507	254	0	23974
22019	23578	41	651	200	0	24470
22020	720	45	254	23845	0	24864
22021	300	50	24084	559	0	24993
22022	234	55	23849	186	0	24324
22023	23640	28	712	190	0	24570
22024	24403	48	274	172	0	24897
22025	24463	30	160	145	0	24798
22026	876	41	23780	85	0	24782
22027	475	30	588	23705	0	24798
22028	275	33	24064	592	0	24964
22029	23772	28	690	292	0	24782
22030	697	47	24356	188	0	25288
22031	383	30	733	23901	0	25047
22032	342	31	311	24094	0	24778
22033	203	24284	219	705	0	25411
22034	24664	548	152	389	0	25753
22035	706	174	24538	221	0	25639
22036	24492	105	725	194	0	25516
22037	829	57	24946	126	0	25958
22038	470	36	749	24164	0	25419
22039	390	34	303	24607	0	25334
22040	300	37	265	24810	0	25412
22041	24124	38	206	943	0	25311
22042	855	44	188	23816	0	24903
22043	464	44	179	24298	0	24985
22044	322	23252	186	852	0	24612
22045	280	528	190	23822	0	24820
22046	23260	173	187	933	0	24553
22047	768	144	23170	391	0	24473
22048	453	92	697	23170	0	24412
22049	348	69	23270	786	0	24473
22050	287	22407	810	405	0	23909
22051	220	567	23127	347	0	24261
22052	22541	214	816	361	0	23932
22053	23267	133	371	326	0	24097
22054	949	62	337	22301	0	23649
22055	22492	56	282	828	0	23658
22056	22728	45	236	476	0	23485
22057	949	75	267	22345	0	23636
22058	548	73	223	22779	0	23623
22059	369	76	21909	961	0	23315
22060	356	21558	738	492	0	23144
22061	21661	580	391	387	0	23019
22062	811	21058	304	308	0	22481
22063	473	672	249	21051	0	22445
22064	412	254	249	21373	0	22288
22065	391	162	255	21471	0	22279
22066	367	102	246	21453	0	22168
22067	288	87	20568	1095	0	22038
22068	20135	108	746	631	0	21620
22069	21009	108	364	484	0	21965
22070	1039	115	262	20445	0	21861
22071	20568	89	202	912	0	21771
22072	967	88	197	20572	0	21824
22073	481	102	20155	971	0	21709
22074	424	107	726	19990	0	21247
22075	339	19593	338	975	0	21245
22076	308	576	286	19173	0	20343
22077	287	19141	217	957	0	20602
22078	292	651	224	18504	0	19671
22079	260	18451	180	962	0	19853
22080	18087	670	185	565	0	19507
22081	740	271	17779	479	0	19269
22082	388	16769	654	422	0	18233
22083	364	17290	317	369	0	18340
22084	395	653	333	16662	0	18043
22085	326	251	201	16934	0	17712
22086	306	188	234	17050	0	17778
22087	266	157	229	17055	0	17707
22088	255	16112	226	940	0	17533
22089	270	560	180	16297	0	17307
22090	278	217	187	16478	0	17160
22091	15694	223	178	863	0	16958
22092	723	139	134	15809	0	16805
22093	339	153	15033	832	0	16357
22094	292	141	14935	488	0	15856
22095	14447	118	596	496	0	15657
22096	575	14498	302	362	0	15737
22097	280	14771	195	342	0	15588
22098	295	592	199	14316	0	15402
22099	198	295	125	14767	0	15385
22100	176	201	13775	825	0	14977
22101	13489	173	460	535	0	14657
22102	14031	165	210	428	0	14834
22103	616	110	13975	444	0	15145
22104	312	103	13825	375	0	14615
22105	13898	95	549	372	0	14914
22106	14516	108	284	353	0	15261
22107	14514	111	184	333	0	15142
22108	14345	94	164	295	0	14898
22109	740	13231	139	295	0	14405
22110	11829	390	106	195	0	12520
22111	493	134	11083	230	0	11940
22112	165	104	9584	138	0	9991
22113	131	70	9285	130	0	9616
22114	223	824	391	6376	0	7814
22115	6288	21	150	119	0	6578
22116	6303	11	35	49	0	6398
22117	106	14	27	6256	0	6403
22118	52	15	23	6160	0	6250
22119	35	16	14	6318	0	6383
22120	36	6719	13	119	0	6887
22121	6887	80	9	81	0	7057
22122	6982	21	8	69	0	7080
22123	7014	19	12	64	0	7109
22124	6999	13	18	44	0	7074
22125	7048	15	16	46	0	7125
22126	137	12	14	6828	0	6991
22127	60	6708	13	100	0	6881
22128	63	71	13	6465	0	6612
22129	44	34	7	6425	0	6510
22130	6293	14	10	69	0	6386
22131	61	11	6094	50	0	6216
22132	27	20	5745	18	0	5810
22133	26	12	5807	21	0	5866
22134	6048	4	64	23	0	6139
22135	6145	6	71	24	0	6246
22136	73	7	10	6316	0	6406
22137	27	2	7	6254	0	6290
22138	19	2	7	6421	0	6449
22139	8	3	6439	66	0	6516
22140	18	1	47	6308	0	6374
22141	14	4	6846	60	0	6924
22142	24	3	47	6866	0	6940
22143	27	2	22	6918	0	6969
22144	17	2	11	7160	0	7190
22145	7170	4	10	82	0	7266
22146	7246	2	7	46	0	7301
22147	64	9	7261	20	0	7354
22148	7196	1	47	37	0	7281
22149	7294	3	17	27	0	7341
22150	73	3	10	7313	0	7399
22151	7491	0	15	72	0	7578
22152	63	1	11	7790	0	7865
22153	40	1	9	7881	0	7931
22154	22	8	7753	84	0	7867
22155	7539	2	50	60	0	7651
22156	70	4	17	7913	0	8004
22157	41	4	8036	65	0	8146
22158	34	8	8509	33	0	8584
22159	45	6	73	8347	0	8471
22160	28	6	46	8519	0	8599
22161	8740	1	20	108	0	8869
22162	70	3	17	8834	0	8924
22163	44	2	13	8875	0	8934
22164	39	1	9	9031	0	9080
22165	27	1	11	9562	0	9601
22166	9909	2	21	145	0	10077
22167	9970	2	10	95	0	10077
22168	10225	1	22	65	0	10313
22169	10390	2	12	60	0	10464
22170	183	2	15	10720	0	10920
22171	10855	2	11	178	0	11046
22172	186	1	9	10854	0	11050
22173	11007	0	13	184	0	11204
22174	190	3	12	10946	0	11151
22175	112	1	15	10964	0	11092
22176	58	10914	19	199	0	11190
22177	53	130	9	11122	0	11314
22178	10982	45	9	220	0	11256
22179	10954	20	12	117	0	11103
22180	222	9	10923	65	0	11219
22181	98	11073	147	55	0	11373
22182	11204	132	63	75	0	11474
22183	171	11455	31	44	0	11701
22184	11513	153	21	68	0	11755
22185	198	12136	26	45	0	12405
22186	124	165	12221	44	0	12554
22187	66	12214	156	57	0	12493
22188	43	12462	68	45	0	12618
22189	68	199	28	12846	0	13141
22190	13209	88	13	221	0	13531
22191	208	37	14	13330	0	13589
22192	104	31	15	13454	0	13604
22193	13433	22	22	256	0	13733
22194	13792	29	13	164	0	13998
22195	253	30	15	13883	0	14181
22196	131	16	15	13960	0	14122
22197	96	17	14	14057	0	14184
22198	13709	15	23	303	0	14050
22199	195	28	13703	121	0	14047
22200	126	23	157	13748	0	14054
22201	67	28	14317	202	0	14614
22202	60	14118	175	124	0	14477
22203	60	163	13972	86	0	14281
22204	82	58	174	13720	0	14034
22205	56	44	13943	198	0	14241
22206	13501	28	189	139	0	13857
22207	186	25	76	13996	0	14283
22208	101	14349	46	219	0	14715
22209	86	161	25	14596	0	14868
22210	62	14433	29	209	0	14733
22211	63	14655	29	118	0	14865
22212	62	14886	26	83	0	15057
22213	77	212	33	14322	0	14644
22214	43	14563	22	209	0	14837
22215	14458	193	20	129	0	14800
22216	202	86	14110	90	0	14488
22217	116	73	13747	58	0	13994
22218	72	59	14368	62	0	14561
22219	61	36	223	14701	0	15021
22220	86	32	85	14235	0	14438
22221	75	34	53	14241	0	14403
22222	78	27	37	14350	0	14492
22223	96	36	57	13901	0	14090
22224	78	14634	38	283	0	15033
22225	84	180	14513	123	0	14900
22226	83	93	14270	105	0	14551
22227	51	14946	204	128	0	15329
22228	67	184	84	15354	0	15689
22229	73	80	51	15546	0	15750
22230	70	71	40	15475	0	15656
22231	15327	49	35	311	0	15722
22232	200	47	15317	155	0	15719
22233	15042	40	178	139	0	15399
22234	15348	51	75	139	0	15613
22235	259	14974	56	98	0	15387
22236	124	15380	37	73	0	15614
22237	15607	213	51	111	0	15982
22238	231	118	39	15760	0	16148
22239	139	61	36	16316	0	16552
22240	78	63	16820	279	0	17240
22241	82	74	16030	668	0	16854
22242	77	71	250	17208	0	17606
22243	17490	61	115	302	0	17968
22244	262	50	18281	140	0	18733
22245	18657	57	270	154	0	19138
22246	323	40	105	19373	0	19841
22247	173	42	69	20289	0	20573
22248	113	43	64	20998	0	21218
22249	75	37	20976	471	0	21559
22250	81	20450	339	199	0	21069
22251	77	21590	118	120	0	21905
22252	21601	399	75	162	0	22237
22253	22127	123	49	156	0	22455
22254	477	59	43	22148	0	22727
22255	22257	44	48	459	0	22808
22256	413	44	21738	158	0	22353
22257	146	67	21653	103	0	21969
22258	134	37	454	21402	0	22027
22259	22078	32	139	467	0	22716
22260	441	33	90	22326	0	22890
22261	193	28	63	23029	0	23313
22262	22674	29	76	573	0	23352
22263	23146	46	64	215	0	23471
22264	511	23713	60	136	0	24420
22265	23735	445	35	134	0	24349
22266	536	117	39	23334	0	24026
22267	138	23456	43	475	0	24112
22268	23500	430	39	191	0	24160
22269	485	23745	72	80	0	24382
22270	157	438	53	23598	0	24246
22271	23584	82	51	478	0	24195
22272	468	63	23203	118	0	23852
22273	143	45	23196	90	0	23474
22274	157	87	462	22970	0	23676
22275	123	38	109	23780	0	24050
22276	110	40	54	23398	0	23602
22277	77	23743	54	465	0	24339
22278	24464	442	42	205	0	25153
22279	24701	112	35	154	0	25002
22280	24946	72	26	169	0	25213
22281	584	25510	27	97	0	26218
22282	241	502	38	27075	0	27856
22283	186	118	42	27409	0	27755
22284	156	72	40	27471	0	27739
22285	26044	65	55	717	0	26881
22286	515	26099	57	235	0	26906
22287	246	492	39	26287	0	27064
22288	159	138	30	26747	0	27074
22289	114	98	25746	683	0	26641
22290	103	25452	515	239	0	26309
22291	156	529	130	25549	0	26364
22292	171	155	56	26029	0	26411
22293	200	106	44	25966	0	26316
22294	24899	81	53	766	0	25799
22295	530	24934	47	332	0	25843
22296	25107	509	46	276	0	25938
22297	630	163	57	25076	0	25926
22298	25250	109	55	674	0	26088
22299	612	120	24689	275	0	25696
22300	24887	82	504	285	0	25758
22301	25075	73	137	278	0	25563
22302	702	92	24692	174	0	25660
22303	305	110	512	24891	0	25818
22304	266	80	143	24744	0	25233
22305	25436	75	88	831	0	26430
22306	672	87	88	25587	0	26434
22307	317	89	83	25829	0	26318
22308	238	103	54	25927	0	26322
22309	208	86	24908	788	0	25990
22310	23907	87	540	411	0	24945
22311	664	25163	161	256	0	26244
22312	327	556	117	25002	0	26002
22313	217	24934	102	694	0	25947
22314	207	26086	95	310	0	26698
22315	192	675	100	26141	0	27108
22316	166	224	25906	774	0	27070
22317	180	137	25875	366	0	26558
22318	251	115	649	26138	0	27153
22319	183	125	26029	781	0	27118
22320	25817	114	618	402	0	26951
22321	718	116	194	26617	0	27645
22322	286	100	157	27031	0	27574
22323	203	26473	116	912	0	27704
22324	194	648	104	26620	0	27566
22325	179	217	98	26603	0	27097
22326	154	25789	105	913	0	26961
22327	185	642	102	26366	0	27295
22328	221	215	91	26421	0	26948
22329	155	25901	139	888	0	27083
22330	25990	612	139	449	0	27190
22331	705	239	25733	331	0	27008
22332	286	159	25656	284	0	26385
22333	246	216	689	25487	0	26638
22334	221	157	191	26276	0	26845
22335	178	127	25601	921	0	26827
22336	163	157	25255	422	0	25997
22337	23794	140	699	403	0	25036
22338	643	25060	239	342	0	26284
22339	24666	623	150	326	0	25765
22340	682	188	23931	325	0	25126
22341	220	23724	627	313	0	24884
22342	213	664	210	24044	0	25131
22343	176	208	24515	745	0	25644
22344	158	142	23792	322	0	24414
22345	213	258	720	23888	0	25079
22346	141	114	23863	798	0	24916
22347	121	23013	648	332	0	24114
22348	163	594	251	22876	0	23884
22349	111	208	22833	709	0	23861
22350	146	22854	622	314	0	23936
22351	22584	586	253	239	0	23662
22352	614	203	22231	199	0	23247
22353	215	22141	591	214	0	23161
22354	185	589	246	21978	0	22998
22355	162	214	151	22814	0	23341
22356	22221	133	188	794	0	23336
22357	636	107	148	22204	0	23095
22358	225	94	133	22343	0	22795
22359	21514	82	174	777	0	22547
22360	599	122	109	21424	0	22254
22361	196	103	20693	699	0	21691
22362	185	112	532	20644	0	21473
22363	104	106	20452	658	0	21320
22364	138	67	19399	305	0	19909
22365	89	85	19795	215	0	20184
22366	182	121	575	18419	0	19297
22367	124	59	248	19472	0	19903
22368	19109	70	157	633	0	19969
22369	456	64	124	18580	0	19224
22370	177	19230	107	533	0	20047
22371	159	395	97	19978	0	20629
22372	123	147	124	19831	0	20225
22373	56	19622	125	627	0	20430
22374	19614	405	119	354	0	20492
22375	19420	155	116	294	0	19985
22376	479	19016	139	216	0	19850
22377	171	18885	113	170	0	19339
22378	141	920	150	18111	0	19322
22379	18471	182	126	485	0	19264
22380	414	109	18342	237	0	19102
22381	156	103	16848	181	0	17288
22382	15424	61	360	129	0	15974
22383	311	15951	131	101	0	16494
22384	133	322	89	16068	0	16612
22385	120	115	80	16024	0	16339
22386	83	74	78	16259	0	16494
22387	83	55	62	16265	0	16465
22388	65	15880	53	447	0	16445
22389	69	302	57	16262	0	16690
22390	16167	108	54	429	0	16758
22391	328	70	46	16442	0	16886
22392	125	59	57	16695	0	16936
22393	16644	57	61	484	0	17246
22394	16872	43	65	222	0	17202
22395	17129	33	68	173	0	17403
22396	17277	49	59	148	0	17533
22397	440	52	59	16981	0	17532
22398	16949	38	45	413	0	17445
22399	378	43	44	16920	0	17385
22400	16782	31	44	412	0	17269
22401	16817	41	55	219	0	17132
22402	443	38	55	16728	0	17264
22403	163	43	16665	377	0	17248
22404	16840	51	295	203	0	17389
22405	17219	34	108	173	0	17534
22406	17229	42	82	141	0	17494
22407	17100	33	59	138	0	17330
22408	442	42	59	17100	0	17643
22409	186	45	17092	326	0	17649
22410	156	47	16855	168	0	17226
22411	16782	55	326	159	0	17322
22412	17309	34	139	136	0	17618
22413	356	16930	93	105	0	17484
22414	156	17004	61	88	0	17309
22415	17360	286	53	130	0	17829
22416	324	108	63	17019	0	17514
22417	169	61	44	17755	0	18029
22418	17525	46	38	409	0	18018
22419	300	17880	50	147	0	18377
22420	18395	263	30	181	0	18869
22421	333	99	18150	106	0	18688
22422	18292	36	245	148	0	18721
22423	322	50	83	18542	0	18997
22424	138	38	18809	307	0	19292
22425	101	18982	254	151	0	19488
22426	138	243	100	19628	0	20109
22427	117	86	20408	314	0	20925
22428	115	49	277	20301	0	20742
22429	20872	33	100	390	0	21395
22430	309	31	20597	182	0	21119
22431	20238	24	299	150	0	20711
22432	320	20798	119	109	0	21346
22433	174	253	75	21303	0	21805
22434	118	100	22395	290	0	22903
22435	145	59	273	22098	0	22575
22436	113	40	22859	307	0	23319
22437	99	22459	279	159	0	22996
22438	22221	232	102	137	0	22692
22439	254	23228	69	92	0	23643
22440	149	267	48	23274	0	23738
22441	110	107	58	23455	0	23730
22442	79	67	22713	313	0	23172
22443	19503	58	220	200	0	19981
22444	236	21528	109	79	0	21952
22445	80	20300	35	51	0	20466
22446	53	20771	24	50	0	20898
22447	117	277	71	20294	0	20759
22448	27	20301	47	149	0	20524
22449	75	193	34	20130	0	20432
22450	41	20225	31	137	0	20434
22451	56	149	17	20083	0	20305
22452	32	20635	22	127	0	20816
22453	20631	123	23	114	0	20891
22454	105	68	20353	58	0	20584
22455	19834	47	119	85	0	20085
22456	20607	22	48	92	0	20769
22457	21102	40	24	70	0	21236
22458	136	21074	24	55	0	21289
22459	21449	115	37	70	0	21671
22460	21427	49	15	76	0	21567
22461	21695	32	22	61	0	21810
22462	173	24	21240	30	0	21467
22463	130	25	109	21524	0	21788
22464	74	34	22132	125	0	22365
22465	65	40	124	21673	0	21902
22466	21993	23	51	186	0	22253
22467	143	21891	49	74	0	22157
22468	93	141	24432	38	0	24704
22469	144	60	246	24489	0	24939
22470	82	29	62	26700	0	26873
22471	32	50	28880	389	0	29351
22472	28251	26	417	182	0	28876
22473	29699	24	117	113	0	29953
22474	30406	24	57	98	0	30585
22475	642	26	55	29872	0	30595
22476	185	28896	53	556	0	29690
22477	105	30710	58	136	0	31009
22478	142	560	34	30569	0	31305
22479	157	164	34	30482	0	30837
22480	81	30199	39	612	0	30931
22481	30300	492	27	248	0	31067
22482	508	30204	37	132	0	30881
22483	195	546	26	30122	0	30889
22484	95	174	29816	535	0	30620
22485	139	111	497	29591	0	30338
22486	30132	71	117	626	0	30946
22487	583	85	29862	165	0	30695
22488	29932	66	501	192	0	30691
22489	31073	81	170	176	0	31500
22490	31541	68	102	164	0	31875
22491	31571	63	72	175	0	31881
22492	32537	47	59	156	0	32799
22493	787	69	31097	75	0	32028
22494	336	86	31199	59	0	31680
22495	33395	48	645	125	0	34213
22496	34944	53	200	134	0	35331
22497	1003	46	110	35598	0	36757
22498	366	35797	90	806	0	37059
22499	289	721	74	36657	0	37741
22500	37060	243	90	885	0	38278
22501	958	118	64	36106	0	37246
22502	365	37785	61	792	0	39003
22503	37835	760	52	403	0	39050
22504	37495	277	52	284	0	38108
22505	37857	133	42	230	0	38262
22506	1085	36900	70	173	0	38228
22507	530	754	88	37118	0	38490
22508	370	268	66	37132	0	37836
22509	284	35842	68	974	0	37168
22510	310	767	41	36863	0	37981
22511	36391	274	31	1001	0	37697
22512	36753	181	37	450	0	37421
22513	1059	35929	73	252	0	37313
22514	512	782	55	36321	0	37670
22515	351	302	47	36761	0	37461
22516	313	175	75	36961	0	37524
22517	35492	120	61	1233	0	36906
22518	987	131	34779	466	0	36363
22519	33849	134	748	388	0	35119
22520	1018	212	34406	287	0	35923
22521	553	141	802	33538	0	35034
22522	344	33586	291	923	0	35144
22523	292	35233	165	461	0	36151
22524	34097	1050	118	378	0	35643
22525	34159	403	112	370	0	35044
22526	1130	33119	115	295	0	34659
22527	439	33303	92	294	0	34128
22528	33325	1057	118	323	0	34823
22529	34348	418	89	343	0	35198
22530	1167	34545	92	272	0	36076
22531	35439	929	98	265	0	36731
22532	1145	410	34845	193	0	36593
22533	35165	249	787	291	0	36492
22534	35251	217	292	300	0	36060
22535	1315	221	172	34298	0	36006
22536	643	33861	129	985	0	35618
22537	610	865	115	34249	0	35839
22538	34896	349	131	1023	0	36399
22539	1241	224	94	33742	0	35301
22540	656	179	111	34605	0	35551
22541	451	219	34372	1219	0	36261
22542	520	191	827	34716	0	36254
22543	462	155	311	35942	0	36870
22544	35377	190	193	1355	0	37115
22545	1110	200	34992	577	0	36879
22546	35375	206	891	457	0	36929
22547	1179	186	302	35788	0	37455
22548	626	193	167	36301	0	37287
22549	447	220	126	36258	0	37051
22550	421	34421	124	1265	0	36231
22551	405	35615	145	601	0	36766
22552	466	1045	103	35018	0	36632
22553	35163	399	103	1134	0	36799
22554	35802	247	110	561	0	36720
22555	1367	268	112	35186	0	36933
22556	35313	220	104	1141	0	36778
22557	1287	180	104	35197	0	36768
22558	675	170	110	35975	0	36930
22559	34195	184	102	1382	0	35863
22560	1133	35744	117	617	0	37611
22561	35991	920	106	543	0	37560
22562	36359	345	89	488	0	37281
22563	35996	218	107	505	0	36826
22564	1370	35092	93	411	0	36966
22565	690	1010	106	35647	0	37453
22566	562	387	112	36414	0	37475
22567	457	228	34784	1318	0	36787
22568	467	401	751	32449	0	34068
22569	339	225	31295	1007	0	32866
22570	326	29406	710	491	0	30933
22571	226	26546	262	305	0	27339
22572	258	27003	139	271	0	27671
22573	407	714	260	27163	0	28544
22574	284	275	103	27416	0	28078
22575	177	171	56	27632	0	28036
22576	176	177	52	27839	0	28244
22577	159	142	27715	886	0	28902
22578	156	142	31583	479	0	32360
22579	226	140	781	33016	0	34163
22580	159	111	33626	923	0	34819
22581	33605	85	759	538	0	34987
22582	34454	78	308	364	0	35204
22583	942	140	33957	337	0	35376
22584	482	102	744	34180	0	35508
22585	348	117	322	34885	0	35672
22586	324	105	161	35353	0	35943
22587	352	81	171	34891	0	35495
22588	338	96	135	35140	0	35709
22589	26495	320	220	1473	0	28508
22590	33914	129	124	701	0	34868
22591	921	33682	134	494	0	35231
22592	394	702	32231	365	0	33692
22593	216	32011	698	375	0	33300
22594	218	32525	274	331	0	33348
22595	30304	688	131	293	0	31416
22596	599	29942	138	229	0	30908
22597	206	28678	85	157	0	29126
22598	28139	577	166	211	0	29093
22599	535	234	27827	147	0	28743
22600	27267	154	465	186	0	28072
22601	581	115	140	27938	0	28774
22602	256	97	86	27258	0	27697
22603	193	81	91	27529	0	27894
22604	137	97	26658	684	0	27576
22605	106	26836	502	342	0	27786
22606	26864	463	183	293	0	27803
22607	562	168	125	27084	0	27939
22608	196	27152	115	623	0	28086
22609	178	535	121	28039	0	28873
22610	146	202	27798	633	0	28779
22611	213	161	513	28078	0	28965
22612	193	123	202	28807	0	29325
22613	199	91	110	28902	0	29302
22614	28380	109	94	895	0	29478
22615	628	89	101	28651	0	29469
22616	223	77	28108	853	0	29261
22617	156	28142	576	456	0	29330
22618	210	541	191	28611	0	29553
22619	237	192	148	28632	0	29209
22620	162	173	28160	831	0	29326
22621	180	156	27601	382	0	28319
22622	27327	160	768	385	0	28640
22623	27192	167	313	335	0	28007
22624	731	27355	234	287	0	28607
22625	27334	585	176	327	0	28422
22626	722	245	27202	272	0	28441
22627	329	143	26897	320	0	27689
22628	26525	174	727	396	0	27822
22629	26202	96	295	420	0	27013
22630	711	123	25204	371	0	26409
22631	24589	108	566	391	0	25654
22632	708	112	24820	301	0	25941
22633	24709	133	633	261	0	25736
22634	24981	207	307	210	0	25705
22635	782	218	223	23734	0	24957
22636	330	25332	225	584	0	26471
22637	20155	709	479	476	0	21819
22638	584	306	25288	229	0	26407
22639	341	25366	600	213	0	26520
22640	25525	671	271	278	0	26745
22641	24488	252	218	295	0	25253
22642	769	24313	218	271	0	25571
22643	450	548	219	24378	0	25595
22644	306	206	23808	779	0	25099
22645	283	168	625	24017	0	25093
22646	258	187	23754	805	0	25004
22647	244	164	681	23732	0	24821
22648	231	171	331	24080	0	24813
22649	215	190	23364	844	0	24613
22650	210	23329	655	468	0	24662
22651	294	586	281	23228	0	24389
22652	265	318	18712	878	0	20173
22653	22768	218	494	427	0	23907
22654	670	152	238	23299	0	24359
22655	337	141	243	23653	0	24374
22656	23144	172	208	850	0	24374
22657	723	116	195	23091	0	24125
22658	401	122	203	22783	0	23509
22659	290	22560	209	757	0	23816
22660	287	498	227	22026	0	23038
22661	184	246	21536	742	0	22708
22662	277	115	572	21056	0	22020
22663	225	20855	327	649	0	22056
22664	188	21289	291	364	0	22132
22665	267	584	194	21067	0	22112
22666	21027	274	200	603	0	22104
22667	621	239	211	21065	0	22136
22668	21130	210	185	620	0	22145
22669	683	132	238	21117	0	22170
22670	21099	138	221	623	0	22081
22671	21658	112	188	410	0	22368
22672	827	226	185	20921	0	22159
22673	517	834	225	20246	0	21822
22674	331	20167	233	751	0	21482
22675	298	20582	222	399	0	21501
22676	329	526	20207	337	0	21399
22677	272	19249	485	327	0	20333
22678	13955	463	502	237	0	15157
22679	372	119	101	13638	0	14230
22680	123	13119	60	252	0	13554
22681	13433	222	48	172	0	13875
22682	274	73	41	13504	0	13892
22683	153	43	54	13283	0	13533
22684	114	38	54	13513	0	13719
22685	94	69	52	13490	0	13705
22686	76	13421	55	365	0	13917
22687	81	14158	37	159	0	14435
22688	14393	272	51	129	0	14845
22689	301	14615	51	73	0	15040
22690	117	282	60	14618	0	15077
22691	124	85	35	14813	0	15057
22692	117	62	38	14848	0	15065
22693	81	59	41	14940	0	15121
22694	14625	58	35	413	0	15131
22695	14973	42	43	200	0	15258
22696	349	48	14754	131	0	15282
22697	165	48	287	14947	0	15447
22698	108	44	15202	360	0	15714
22699	117	48	317	15215	0	15697
22700	118	57	96	15542	0	15813
22701	15491	52	78	463	0	16084
22702	385	54	55	15610	0	16104
22703	138	50	15500	411	0	16099
22704	106	54	15095	154	0	15409
22705	15229	47	345	204	0	15825
22706	346	36	15520	136	0	16038
22707	150	88	329	14842	0	15409
22708	79	39	15309	368	0	15795
22709	95	121	312	14813	0	15341
22710	51	14805	106	371	0	15333
22711	62	270	92	14843	0	15267
22712	39	14546	84	325	0	14994
22713	43	14812	57	132	0	15044
22714	85	315	50	14541	0	14991
22715	14314	82	44	348	0	14788
22716	251	14482	37	135	0	14905
22717	78	259	36	14527	0	14900
22718	14523	79	39	321	0	14962
22719	14791	54	19	173	0	15037
22720	14980	45	27	142	0	15194
22721	336	53	29	14772	0	15190
22722	142	37	34	14982	0	15195
22723	14868	28	34	366	0	15296
22724	14893	40	30	185	0	15148
22725	15028	44	21	156	0	15249
22726	348	44	22	14832	0	15246
22727	127	45	14353	278	0	14803
22728	14260	24	204	141	0	14629
22729	295	34	48	14329	0	14706
22730	109	14464	38	280	0	14891
22731	106	277	29	14354	0	14766
22732	89	14324	29	261	0	14703
22733	104	239	25	14627	0	14995
22734	76	67	14283	295	0	14721
22735	46	14220	207	135	0	14608
22736	75	223	53	13616	0	13967
22737	62	63	33	13749	0	13907
22738	60	48	29	13687	0	13824
22739	13683	35	26	355	0	14099
22740	242	13869	27	148	0	14286
22741	95	246	23	14227	0	14591
22742	14329	76	25	331	0	14761
22743	14529	59	32	161	0	14781
22744	352	44	27	14482	0	14905
22745	133	53	14585	327	0	15098
22746	108	37	266	14423	0	14834
22747	76	14512	77	362	0	15027
22748	83	274	51	14857	0	15265
22749	14717	90	27	400	0	15234
22750	321	52	41	15325	0	15739
22751	107	56	15417	408	0	15988
22752	73	16457	298	170	0	16998
22753	16751	360	89	152	0	17352
22754	392	129	16808	107	0	17436
22755	16992	75	378	130	0	17575
22756	459	35	122	17393	0	18009
22757	195	42	76	17684	0	17997
22758	103	17655	56	493	0	18307
22759	18359	357	57	249	0	19022
22760	452	126	48	18584	0	19210
22761	214	60	33	18929	0	19236
22762	136	38	57	19267	0	19498
22763	100	51	18908	583	0	19642
22764	119	36	387	19042	0	19584
22765	19146	29	139	575	0	19889
22766	19661	50	70	285	0	20066
22767	571	27	55	19395	0	20048
22768	240	26	61	19739	0	20066
22769	19300	37	38	611	0	19986
22770	474	48	18971	255	0	19748
22771	18862	35	396	223	0	19516
22772	490	75	18656	137	0	19358
22773	219	35	18731	133	0	19118
22774	190	38	496	18650	0	19374
22775	116	39	18977	466	0	19598
22776	18855	26	455	263	0	19599
22777	477	34	179	19378	0	20068
22778	180	35	19269	464	0	19948
22779	18794	32	410	245	0	19481
22780	19358	31	161	210	0	19760
22781	536	47	19594	134	0	20311
22782	287	110	389	18815	0	19601
22783	159	19759	177	388	0	20483
22784	20197	354	112	208	0	20871
22785	474	125	20107	155	0	20861
22786	19028	84	405	181	0	19698
22787	448	19576	169	97	0	20290
22788	19208	319	119	165	0	19811
22789	19076	120	86	165	0	19447
22790	19431	64	74	149	0	19718
22791	515	87	43	19269	0	19914
22792	240	19254	89	340	0	19923
22793	168	317	19120	186	0	19791
22794	147	19519	319	137	0	20122
22795	181	360	132	18169	0	18842
22796	108	18884	88	326	0	19406
22797	88	19345	66	164	0	19663
22798	18867	347	80	158	0	19452
22799	338	156	18720	100	0	19314
22800	179	105	19126	92	0	19502
22801	116	68	18988	78	0	19250
22802	114	19156	358	114	0	19742
22803	19289	266	163	136	0	19854
22804	19366	111	96	119	0	19692
22805	19305	72	78	112	0	19567
22806	398	18964	63	113	0	19538
22807	188	259	74	19767	0	20288
22808	135	127	19411	319	0	19992
22809	127	87	19271	195	0	19680
22810	19870	65	344	192	0	20471
22811	20614	73	154	162	0	21003
22812	20761	51	101	144	0	21057
22813	444	52	20014	121	0	20631
22814	20249	31	302	149	0	20731
22815	390	43	174	20448	0	21055
22816	262	47	105	20586	0	21000
22817	177	72	21660	426	0	22335
22818	210	21669	295	225	0	22399
22819	161	268	158	22227	0	22814
22820	150	110	21887	402	0	22549
22821	21233	71	337	307	0	21948
22822	369	60	214	22296	0	22939
22823	234	28	144	22563	0	22969
22824	22431	35	123	505	0	23094
22825	446	32	119	22534	0	23131
22826	22475	41	99	493	0	23108
22827	22598	31	111	339	0	23079
22828	514	41	105	22599	0	23259
22829	323	38	122	22829	0	23312
22830	22809	43	119	497	0	23468
22831	424	34	154	23164	0	23776
22832	23488	50	153	446	0	24137
22833	23419	48	154	287	0	23908
22834	23461	52	152	232	0	23897
22835	575	48	117	23155	0	23895
22836	325	49	139	23332	0	23845
22837	23275	41	135	464	0	23915
22838	426	22619	150	214	0	23409
22839	251	22262	128	129	0	22770
22840	22361	250	132	137	0	22880
22841	340	117	21709	99	0	22265
22842	21820	75	277	122	0	22294
22843	360	67	119	23089	0	23635
22844	190	64	23055	232	0	23541
22845	23296	53	243	177	0	23769
22846	350	73	107	23796	0	24326
22847	262	61	74	24235	0	24632
22848	231	57	64	24746	0	25098
22849	217	60	52	24753	0	25082
22850	24425	61	49	344	0	24879
22851	246	24041	69	136	0	24492
22852	22700	104	32	114	0	22950
22853	167	63	22477	39	0	22746
22854	114	54	21571	30	0	21769
22855	76	22965	116	42	0	23199
22856	183	236	153	22760	0	23332
22857	54	48	22761	97	0	22960
22858	47	21004	111	87	0	21249
22859	20	53	21420	34	0	21527
22860	37	21	42	21239	0	21339
22861	36	11	12	21189	0	21248
22862	21581	3	7	107	0	21698
22863	51	4	4	21340	0	21399
22864	21310	2	4	106	0	21422
22865	53	16	21063	15	0	21147
22866	19	21499	43	20	0	21581
22867	32	32	14	22700	0	22778
22868	30	18	8	24085	0	24141
22869	23	11	24340	40	0	24414
22870	36	43	22761	25	0	22865
22871	23223	6	48	97	0	23374
22872	24745	4	21	108	0	24878
22873	64	3	7	24872	0	24946
22874	40	2	5	24760	0	24807
22875	11	24433	15	49	0	24508
22876	20	42	6	25414	0	25482
22877	26021	11	5	179	0	26216
22878	26578	7	5	104	0	26694
22879	106	27217	20	30	0	27373
22880	27728	125	5	95	0	27953
22881	27955	30	5	76	0	28066
22882	218	18	7	30573	0	30816
22883	58	30434	27	344	0	30863
22884	101	337	5	31331	0	31774
22885	85	82	3	31588	0	31758
22886	32	37	30768	457	0	31294
22887	30774	16	371	181	0	31342
22888	492	15	74	33429	0	34010
22889	177	15	21	35264	0	35477
22890	58	39171	43	689	0	39961
22891	144	814	6	41740	0	42704
22892	42327	166	23	1076	0	43592
22893	45176	93	17	385	0	45671
22894	1271	116	43773	172	0	45332
22895	367	109	44236	158	0	44870
22896	342	75	1205	44901	0	46523
22897	357	44	299	46823	0	47523
22898	187	50	45914	1374	0	47525
22899	166	56	46357	400	0	46979
22900	320	41	1393	44223	0	45977
22901	110	39	46348	1278	0	47775
22902	116	58	46626	458	0	47258
22903	230	23	1473	45516	0	47242
22904	46471	32	517	1378	0	48398
22905	47692	34	358	533	0	48617
22906	1461	30	302	46845	0	48638
22907	567	20	255	47487	0	48329
22908	46648	21	225	1569	0	48463
22909	1385	38	189	46135	0	47747
22910	45879	30	176	1532	0	47617
22911	46521	33	141	697	0	47392
22912	1644	40	122	46012	0	47818
22913	691	71	129	46986	0	47877
22914	45486	33	125	1745	0	47389
22915	1398	44737	168	681	0	46984
22916	580	46181	176	471	0	47408
22917	538	1252	146	44643	0	46579
22918	372	368	43936	1477	0	46153
22919	432	214	1161	44077	0	45884
22920	43925	202	401	1643	0	46171
22921	1355	168	250	44377	0	46150
22922	44302	165	242	1609	0	46318
22923	1394	173	43279	790	0	45636
22924	43848	115	1271	654	0	45888
22925	1528	96	442	44481	0	46547
22926	770	73	249	45812	0	46904
22927	519	113	45798	1706	0	48136
22928	608	93	1233	45979	0	47913
22929	496	88	473	47328	0	48385
22930	443	116	298	48229	0	49086
22931	46739	106	306	2092	0	49243
22932	1408	126	46384	993	0	48911
22933	620	131	45973	790	0	47514
22934	45731	59	1500	846	0	48136
22935	47321	56	624	761	0	48762
22936	1731	121	47024	641	0	49517
22937	829	107	1454	46103	0	48493
22938	561	47039	706	1511	0	49817
22939	575	1137	534	48839	0	51085
22940	48254	308	506	1870	0	50938
22941	49367	168	526	967	0	51028
22942	1757	144	497	48315	0	50713
22943	762	47442	489	1798	0	50491
22944	706	1122	460	47174	0	49462
22945	650	47248	457	1667	0	50022
22946	47798	1206	385	1103	0	50492
22947	46664	414	405	940	0	48423
22948	47470	223	449	887	0	49029
22949	1792	44457	432	879	0	47560
22950	872	46629	419	825	0	48745
22951	786	1474	327	47233	0	49820
22952	802	483	343	48001	0	49629
22953	810	315	333	47423	0	48881
22954	806	260	273	48413	0	49752
22955	704	268	45617	2186	0	48775
22956	44581	281	1296	1321	0	47479
22957	1749	284	46247	998	0	49278
22958	47029	276	1407	1022	0	49734
22959	1802	279	47730	927	0	50738
22960	47679	217	1468	1100	0	50464
22961	1905	224	48873	827	0	51829
22962	48160	197	1574	868	0	50799
22963	1960	207	728	49420	0	52315
22964	50413	210	556	1977	0	53156
22965	1979	210	498	51195	0	53882
22966	1057	195	509	51925	0	53686
22967	855	141	501	50744	0	52241
22968	793	47719	477	2207	0	51196
22969	48291	1199	393	1286	0	51169
22970	48781	420	400	1087	0	50688
22971	2053	47930	398	953	0	51334
22972	1031	1311	354	49107	0	51803
22973	837	529	47595	1975	0	50936
22974	47625	298	1385	1195	0	50503
22975	49379	304	577	977	0	51237
22976	49085	234	454	944	0	50717
22977	2192	198	402	46284	0	49076
22978	1066	45049	411	1734	0	48260
22979	918	1187	374	45430	0	47909
22980	45180	430	374	1733	0	47717
22981	2020	241	335	42955	0	45551
22982	819	40657	319	1314	0	43109
22983	40457	976	272	786	0	42491
22984	1433	417	40242	622	0	42714
22985	925	349	39663	587	0	41524
22986	587	39546	1150	609	0	41892
22987	564	39334	492	483	0	40873
22988	898	1052	36870	453	0	39273
22989	731	471	34863	402	0	36467
22990	536	1706	787	27532	0	30561
22991	28752	130	345	481	0	29708
22992	416	111	28707	190	0	29424
22993	134	26867	221	129	0	27351
22994	26933	206	274	166	0	27579
22995	222	26759	63	84	0	27128
22996	26119	161	63	120	0	26463
22997	172	25797	58	55	0	26082
22998	110	26429	45	46	0	26630
22999	103	198	62	26888	0	27251
23000	88	113	48	26772	0	27021
23001	80	58	25799	168	0	26105
23002	90	54	117	25340	0	25601
23003	25683	45	61	242	0	26031
23004	25747	43	33	176	0	25999
23005	202	45	22	25554	0	25823
23006	93	52	25099	160	0	25404
23007	80	64	24337	118	0	24599
23008	105	30	169	25483	0	25787
23009	64	44	26021	163	0	26292
23010	91	27	176	26104	0	26398
23011	115	35	104	25848	0	26102
23012	52	43	29178	228	0	29501
23013	27927	241	311	217	0	28696
23014	29533	24	177	151	0	29885
23015	409	52	29825	70	0	30356
23016	204	56	30413	68	0	30741
23017	145	21	600	31269	0	32035
23018	146	45	224	34264	0	34679
23019	126	35	97	35298	0	35556
23020	161	30	91	34796	0	35078
23021	35131	34	75	843	0	36083
23022	36801	36	66	391	0	37294
23023	810	56	77	38531	0	39474
23024	369	28	62	40207	0	40666
23025	157	38	41734	1018	0	42947
23026	219	38	871	42771	0	43899
23027	195	18	357	44648	0	45218
23028	44784	21	156	1618	0	46579
23029	1104	46914	143	653	0	48814
23030	548	1107	85	47511	0	49251
23031	311	396	69	48237	0	49013
23032	252	170	82	47544	0	48048
23033	150	43049	125	1914	0	45238
23034	132	46680	104	824	0	47740
23035	237	1451	82	46522	0	48292
23036	211	532	79	46600	0	47422
23037	225	242	79	47212	0	47758
23038	44134	183	89	2062	0	46468
23039	1143	44626	91	991	0	46851
23040	45075	1241	81	655	0	47052
23041	46073	530	66	508	0	47177
23042	1780	284	59	44379	0	46502
23043	671	43826	70	1485	0	46052
23044	44056	1278	61	847	0	46242
23045	1475	551	53	44174	0	46253
23046	44369	317	64	1635	0	46385
23047	1565	256	57	44749	0	46627
23048	676	234	43696	1657	0	46263
23049	419	194	44378	868	0	45859
23050	412	173	1525	44358	0	46468
23051	407	166	551	45196	0	46320
23052	381	176	241	44505	0	45303
23053	320	42507	204	1924	0	44955
23054	293	45304	163	948	0	46708
23055	43871	1542	150	720	0	46283
23056	43718	621	144	680	0	45163
23057	1652	43018	154	506	0	45330
23058	638	42389	131	469	0	43627
23059	362	43706	102	468	0	44638
23060	40815	1660	141	576	0	43192
23061	1190	41380	150	483	0	43203
23062	673	1396	128	41380	0	43577
23063	41054	635	102	1515	0	43306
23064	41340	372	95	830	0	42637
23065	1738	305	96	39522	0	41661
23066	697	334	38456	1499	0	40986
23067	429	340	39049	747	0	40565
23068	485	295	1438	38948	0	41166
23069	393	310	39315	1506	0	41524
23070	428	291	1301	39458	0	41478
23071	416	267	556	39553	0	40792
23072	309	299	38525	1921	0	41054
23073	368	264	39003	940	0	40575
23074	390	247	1646	38451	0	40734
23075	374	228	708	40265	0	41575
23076	38232	203	399	2132	0	40966
23077	1349	37730	349	1172	0	40600
23078	643	39831	296	861	0	41631
23079	38064	1582	284	856	0	40786
23080	39587	676	298	813	0	41374
23081	1723	38203	282	833	0	41041
23082	780	39390	285	839	0	41294
23083	38904	1669	222	799	0	41594
23084	1542	752	228	38662	0	41184
23085	37809	438	246	1912	0	40405
23086	1518	37674	265	1182	0	40639
23087	38158	1389	208	946	0	40701
23088	1665	745	37039	809	0	40258
23089	37566	500	1196	813	0	40075
23090	1661	480	37345	751	0	40237
23091	937	469	1326	37158	0	39890
23092	36594	401	583	1878	0	39456
23093	1649	436	35413	1133	0	38631
23094	890	474	1282	36179	0	38825
23095	35843	466	586	1905	0	38800
23096	1696	455	35264	1153	0	38568
23097	968	421	1320	36103	0	38812
23098	35076	433	593	1930	0	38032
23099	1614	34623	359	1151	0	37747
23100	973	1408	297	35634	0	38312
23101	767	738	284	35820	0	37609
23102	680	555	276	36253	0	37764
23103	620	34894	295	2180	0	37989
23104	694	1419	259	36606	0	38978
23105	700	691	236	37422	0	39049
23106	706	494	268	37544	0	39012
23107	743	431	274	38306	0	39754
23108	643	429	35918	2273	0	39263
23109	35035	385	1353	1314	0	38087
23110	36339	366	610	972	0	38287
23111	1974	34992	364	849	0	38179
23112	875	1261	273	32829	0	35238
23113	643	577	265	33444	0	34929
23114	497	32097	284	1934	0	34812
23115	470	1047	276	31950	0	33743
23116	30046	513	285	1563	0	32407
23117	1056	29121	317	909	0	31403
23118	27452	953	251	630	0	29286
23119	1100	432	206	27223	0	28961
23120	476	322	26695	1311	0	28804
23121	335	26760	890	753	0	28738
23122	24856	968	506	523	0	26853
23123	866	22873	213	344	0	24296
23124	422	22631	149	300	0	23502
23125	19206	617	299	250	0	20372
23126	534	264	18850	201	0	19849
23127	176	16727	337	124	0	17364
23128	13694	667	840	262	0	15463
23129	12393	94	140	73	0	12700
23130	175	12287	19	28	0	12509
23131	100	148	17	12653	0	12918
23132	51	69	12937	160	0	13217
23133	58	59	145	12871	0	13133
23134	76	39	40	12596	0	12751
23135	55	20	33	13443	0	13551
23136	31	46	13372	204	0	13653
23137	51	29	140	12981	0	13201
23138	38	20	13333	183	0	13574
23139	27	32	12687	66	0	12812
23140	12123	29	147	81	0	12380
23141	154	12916	66	39	0	13175
23142	54	13218	43	34	0	13349
23143	69	185	21	13774	0	14049
23144	15405	62	23	259	0	15749
23145	15681	36	30	104	0	15851
23146	15512	33	21	93	0	15659
23147	15808	26	12	55	0	15901
23148	15457	27	18	69	0	15571
23149	226	34	14925	31	0	15216
23150	126	19	136	14986	0	15267
23151	74	14801	59	142	0	15076
23152	69	162	37	15163	0	15431
23153	15327	64	16	223	0	15630
23154	167	15086	29	98	0	15380
23155	76	179	23	15582	0	15860
23156	15668	59	14	226	0	15967
23157	16145	42	20	124	0	16331
23158	238	31	23	16144	0	16436
23159	127	24	20	15982	0	16153
23160	87	21	18	16211	0	16337
23161	48	39	16042	231	0	16360
23162	44	47	16349	112	0	16552
23163	65	34	186	16731	0	17016
23164	64	36	68	17114	0	17282
23165	17128	40	46	265	0	17479
23166	17166	38	24	157	0	17385
23167	17550	33	24	119	0	17726
23168	17830	33	30	123	0	18016
23169	17813	26	26	102	0	17967
23170	249	17782	23	76	0	18130
23171	18354	172	21	115	0	18662
23172	18617	71	23	124	0	18835
23173	18644	51	43	89	0	18827
23174	286	34	29	19133	0	19482
23175	124	33	18891	264	0	19312
23176	121	45	200	19335	0	19701
23177	88	42	20399	285	0	20814
23178	124	36	241	19769	0	20170
23179	72	20397	89	253	0	20811
23180	20721	226	50	162	0	21159
23181	21386	78	54	140	0	21658
23182	340	55	36	21600	0	22031
23183	168	52	35	22489	0	22744
23184	127	35	27	22660	0	22849
23185	93	22877	37	340	0	23347
23186	23031	267	22	181	0	23501
23187	23273	71	30	143	0	23517
23188	377	23350	42	80	0	23849
23189	161	275	26	23739	0	24201
23190	119	93	35	23602	0	23849
23191	79	23721	47	346	0	24193
23192	24156	281	31	190	0	24658
23193	24383	91	23	136	0	24633
23194	417	63	32	24206	0	24718
23195	162	63	24387	330	0	24942
23196	130	58	23757	162	0	24107
23197	110	42	329	25264	0	25745
23198	127	44	105	25306	0	25582
23199	111	38	54	26202	0	26405
23200	25770	30	38	499	0	26337
23201	26230	43	44	239	0	26556
23202	408	26923	58	164	0	27553
23203	27338	304	58	195	0	27895
23204	407	115	27242	87	0	27851
23205	160	75	27229	105	0	27569
23206	134	28384	403	76	0	28997
23207	27588	329	184	144	0	28245
23208	303	27540	61	77	0	27981
23209	27594	295	38	105	0	28032
23210	351	111	27392	54	0	27908
23211	150	70	27126	60	0	27406
23212	182	48	346	26757	0	27333
23213	101	54	27960	316	0	28431
23214	131	44	310	28171	0	28656
23215	255	77	157	25254	0	25743
23216	67	28274	70	392	0	28803
23217	107	304	74	28725	0	29210
23218	107	98	77	29018	0	29300
23219	29567	70	65	472	0	30174
23220	336	29531	62	178	0	30107
23221	194	319	88	30270	0	30871
23222	89	133	30105	381	0	30708
23223	27597	61	356	290	0	28304
23224	379	70	29952	131	0	30532
23225	190	77	365	29481	0	30113
23226	100	30897	148	402	0	31547
23227	133	381	78	31046	0	31638
23228	31338	160	59	530	0	32087
23229	31367	95	53	279	0	31794
23230	540	32010	73	175	0	32798
23231	32932	416	52	232	0	33632
23232	33192	197	58	239	0	33686
23233	33183	110	65	262	0	33620
23234	34250	93	58	195	0	34596
23235	32595	76	85	262	0	33018
23236	632	67	33215	108	0	34022
23237	346	70	417	33021	0	33854
23238	277	90	204	32676	0	33247
23239	189	77	90	33554	0	33910
23240	138	33324	68	622	0	34152
23241	215	416	53	33399	0	34083
23242	186	198	33392	493	0	34269
23243	167	32489	414	238	0	33308
23244	146	31999	190	156	0	32491
23245	228	539	113	31882	0	32762
23246	179	202	81	31935	0	32397
23247	194	113	81	31576	0	31964
23248	128	30791	101	647	0	31667
23249	130	31601	95	312	0	32138
23250	31445	523	98	264	0	32330
23251	31571	245	87	221	0	32124
23252	528	31751	85	203	0	32567
23253	32299	454	77	264	0	33094
23254	33294	227	86	312	0	33919
23255	634	157	94	33558	0	34443
23256	346	146	83	34402	0	34977
23257	248	134	74	34636	0	35092
23258	189	150	34295	703	0	35337
23259	192	152	34761	341	0	35446
23260	181	36507	668	226	0	37582
23261	37308	607	262	261	0	38438
23262	697	308	37382	154	0	38541
23263	36846	158	635	291	0	37930
23264	782	139	38923	183	0	40027
23265	38673	111	738	239	0	39761
23266	821	40357	348	182	0	41708
23267	40572	721	175	258	0	41726
23268	923	294	151	40142	0	41510
23269	490	208	123	41154	0	41975
23270	277	187	40505	998	0	41967
23271	211	41670	715	477	0	43073
23272	305	751	342	42085	0	43483
23273	222	365	41757	768	0	43112
23274	38608	217	706	505	0	40036
23275	722	41107	340	251	0	42420
23276	40589	678	186	275	0	41728
23277	757	39688	157	218	0	40820
23278	424	737	134	39718	0	41013
23279	39282	331	126	821	0	40560
23280	692	38875	159	927	0	40653
23281	408	660	117	39608	0	40793
23282	238	320	38859	766	0	40183
23283	37007	231	616	441	0	38295
23284	778	175	252	38638	0	39843
23285	349	157	37993	742	0	39241
23286	244	37782	606	395	0	39027
23287	272	630	273	37987	0	39162
23288	220	333	37854	698	0	39105
23289	293	234	642	36592	0	37761
23290	205	37710	285	724	0	38924
23291	198	38647	194	350	0	39389
23292	196	793	38152	208	0	39349
23293	302	399	603	37494	0	38798
23294	154	218	38301	728	0	39401
23295	36654	152	683	453	0	37942
23296	750	175	292	37090	0	38307
23297	317	36196	178	634	0	37325
23298	209	37929	149	304	0	38591
23299	36879	747	129	296	0	38051
23300	571	38008	121	178	0	38878
23301	37688	641	128	275	0	38732
23302	641	294	36912	144	0	37991
23303	35357	176	561	208	0	36302
23304	619	36093	258	105	0	37075
23305	35990	601	165	185	0	36941
23306	598	35506	101	122	0	36327
23307	336	621	90	35243	0	36290
23308	216	281	68	36260	0	36825
23309	148	171	35645	735	0	36699
23310	34483	146	559	396	0	35584
23311	584	156	36374	184	0	37298
23312	37075	115	634	172	0	37996
23313	782	121	278	36961	0	38142
23314	397	124	119	37655	0	38295
23315	170	38012	121	885	0	39188
23316	255	714	99	39233	0	40301
23317	206	313	96	40051	0	40666
23318	156	188	39123	992	0	40459
23319	36470	124	704	526	0	37824
23320	713	38009	330	238	0	39290
23321	37931	699	153	250	0	39033
23322	831	306	116	37848	0	39101
23323	420	164	82	38442	0	39108
23324	37600	113	117	1048	0	38878
23325	750	38129	128	430	0	39437
23326	37000	665	81	285	0	38031
23327	777	36565	134	162	0	37638
23328	303	36965	89	131	0	37488
23329	36548	864	165	204	0	37781
23330	857	337	105	35751	0	37050
23331	328	202	35180	743	0	36453
23332	269	132	673	34856	0	35930
23333	229	126	259	34935	0	35549
23334	124	34631	152	954	0	35861
23335	293	742	88	35225	0	36348
23336	179	333	57	35623	0	36192
23337	168	183	74	36152	0	36577
23338	176	127	74	36782	0	37159
23339	113	126	36001	1115	0	37355
23340	131	166	36811	444	0	37552
23341	188	132	965	37365	0	38650
23342	127	132	37422	934	0	38615
23343	137	170	37258	392	0	37957
23344	219	112	1022	37225	0	38578
23345	111	141	38296	951	0	39499
23346	231	128	933	36752	0	38044
23347	103	38071	353	926	0	39453
23348	39316	835	205	529	0	40885
23349	895	362	41007	255	0	42519
23350	464	185	953	40937	0	42539
23351	206	163	41800	1088	0	43257
23352	268	114	1077	43148	0	44607
23353	223	130	404	44266	0	45023
23354	42822	123	259	1594	0	44798
23355	1240	134	191	43469	0	45034
23356	41336	114	178	1461	0	43089
23357	42468	94	198	672	0	43432
23358	1383	41274	180	395	0	43232
23359	40046	977	126	389	0	41538
23360	1140	39091	146	272	0	40649
23361	385	39955	139	250	0	40729
23362	38620	1210	196	316	0	40342
23363	1083	422	38494	208	0	40207
23364	378	249	37704	190	0	38521
23365	36019	293	1359	283	0	37954
23366	36543	128	475	278	0	37424
23367	1121	36180	228	208	0	37737
23368	36845	894	144	267	0	38150
23369	37170	292	129	297	0	37888
23370	36557	167	147	241	0	37112
23371	1344	132	108	35449	0	37033
23372	35240	104	110	1020	0	36474
23373	1045	35944	131	454	0	37574
23374	544	872	118	36833	0	38367
23375	376	351	114	37275	0	38116
23376	250	36747	147	1191	0	38335
23377	276	880	151	37464	0	38771
23378	36888	353	132	1179	0	38552
23379	37574	203	142	519	0	38438
23380	1244	36138	141	332	0	37855
23381	514	37370	142	270	0	38296
23382	37120	1114	120	265	0	38619
23383	1076	436	36427	235	0	38174
23384	506	256	36583	249	0	37594
23385	428	190	1115	35879	0	37612
23386	379	165	422	37167	0	38133
23387	296	191	36281	1226	0	37994
23388	271	34900	952	539	0	36662
23389	450	900	401	33954	0	35705
23390	280	412	35867	1017	0	37576
23391	332	234	946	35758	0	37270
23392	308	190	386	35773	0	36657
23393	266	36542	241	1212	0	38261
23394	303	983	177	36704	0	38167
23395	310	431	161	37253	0	38155
23396	328	231	176	37633	0	38368
23397	36646	187	201	1362	0	38396
23398	1038	188	159	35852	0	37237
23399	499	36062	169	1127	0	37857
23400	36015	879	162	570	0	37626
23401	1023	433	34809	380	0	36645
23402	588	262	34414	340	0	35604
23403	34758	165	1100	362	0	36385
23404	1069	186	498	35118	0	36871
23405	504	181	35145	1040	0	36870
23406	395	177	888	35172	0	36632
23407	312	173	432	36294	0	37211
23408	35369	168	288	1348	0	37173
23409	35710	155	193	717	0	36775
23410	1239	35381	174	459	0	37253
23411	655	886	198	34746	0	36485
23412	368	378	34758	964	0	36468
23413	277	36332	817	530	0	37956
23414	35747	851	384	477	0	37459
23415	898	36893	261	287	0	38339
23416	36492	883	175	331	0	37881
23417	995	370	36199	266	0	37830
23418	36105	222	825	287	0	37439
23419	37792	185	352	302	0	38631
23420	1144	210	38191	253	0	39798
23421	580	244	875	37331	0	39030
23422	380	37369	362	948	0	39059
23423	289	39762	224	470	0	40745
23424	266	40030	195	323	0	40814
23425	418	1177	150	38469	0	40214
23426	276	430	39203	884	0	40793
23427	291	295	817	38740	0	40143
23428	327	211	293	39947	0	40778
23429	246	222	39378	1083	0	40929
23430	235	39215	854	442	0	40746
23431	294	819	317	39118	0	40548
23432	39515	320	224	995	0	41054
23433	940	219	204	39680	0	41043
23434	461	189	150	39649	0	40449
23435	308	39193	146	1106	0	40753
23436	39687	848	140	516	0	41191
23437	970	363	116	41109	0	42558
23438	373	258	40651	910	0	42192
23439	253	40266	720	461	0	41700
23440	39626	737	294	372	0	41029
23441	744	323	39964	219	0	41250
23442	39106	208	703	274	0	40291
23443	848	199	306	39677	0	41030
23444	318	40153	204	727	0	41402
23445	39868	684	156	377	0	41085
23446	39884	282	123	368	0	40657
23447	844	41604	154	226	0	42828
23448	442	654	112	40948	0	42156
23449	223	243	86	40131	0	40683
23450	39182	144	92	780	0	40198
23451	564	39342	115	333	0	40354
23452	251	523	72	37731	0	38577
23453	96	37251	64	452	0	37863
23454	84	37429	71	188	0	37772
23455	173	451	89	36931	0	37644
23456	36864	151	61	448	0	37524
23457	332	37269	69	167	0	37837
23458	187	361	38	37682	0	38268
23459	130	139	31	37874	0	38174
23460	88	113	37970	407	0	38578
23461	128	103	36091	183	0	36505
23462	65	37830	382	134	0	38411
23463	92	352	37338	88	0	37870
23464	123	144	333	37341	0	37941
23465	97	96	38522	359	0	39074
23466	123	90	347	38878	0	39438
23467	113	86	104	39688	0	39991
23468	98	70	74	40027	0	40269
23469	39431	61	65	568	0	40125
23470	357	84	51	39494	0	39986
23471	169	74	55	39490	0	39788
23472	88	39256	63	456	0	39863
23473	106	349	45	39215	0	39715
23474	39633	139	47	603	0	40422
23475	332	40649	66	190	0	41237
23476	40972	357	43	301	0	41673
23477	391	144	40688	145	0	41368
23478	172	143	41140	140	0	41595
23479	205	100	419	42589	0	43313
23480	115	90	164	43901	0	44270
23481	83	43800	101	531	0	44515
23482	261	493	104	40874	0	41732
23483	43852	146	82	601	0	44681
23484	43339	113	90	321	0	43863
23485	529	104	59	44562	0	45254
23486	193	124	47344	528	0	48189
23487	189	103	442	47931	0	48665
23488	168	77	177	49894	0	50316
23489	139	102	103	50410	0	50754
23490	126	87	94	50221	0	50528
23491	129	96	75	49569	0	49869
23492	81	49638	103	713	0	50535
23493	49185	476	74	483	0	50218
23494	49857	186	58	421	0	50522
23495	50339	111	65	358	0	50873
23496	649	50892	102	202	0	51845
23497	50604	522	61	323	0	51510
23498	570	50777	89	218	0	51654
23499	273	582	50269	169	0	51293
23500	289	245	492	49164	0	50190
23501	157	161	50914	623	0	51855
23502	137	51238	561	298	0	52234
23503	50793	573	189	366	0	51921
23504	612	267	51762	199	0	52840
23505	288	173	54093	188	0	54742
23506	176	56278	842	206	0	57502
23507	284	765	350	57660	0	59059
23508	193	351	61558	834	0	62936
23509	468	193	862	59620	0	61143
23510	312	161	346	67516	0	68335
23511	305	148	190	72079	0	72722
23512	74440	107	162	1704	0	76413
23513	74586	81	136	785	0	75588
23514	1783	125	108	73823	0	75839
23515	74337	71	120	1632	0	76160
23516	1525	108	73122	612	0	75367
23517	623	109	72293	450	0	73475
23518	447	89	73362	416	0	74314
23519	394	99	74792	384	0	75669
23520	360	73763	1634	360	0	76117
23521	808	1174	749	72931	0	75662
23522	407	361	74956	1284	0	77008
23523	70230	207	1484	768	0	72689
23524	74669	171	711	647	0	76198
23525	1622	73946	651	630	0	76849
23526	74453	1154	655	449	0	76711
23527	1717	422	624	74159	0	76922
23528	690	352	76658	1311	0	79011
23529	703	290	1597	73048	0	75638
23530	419	77501	836	1312	0	80068
23531	74923	1294	631	991	0	77839
23532	77677	512	513	693	0	79395
23533	1704	77694	413	453	0	80264
23534	78622	1381	315	608	0	80926
23535	78301	563	348	612	0	79824
23536	1931	77936	365	411	0	80643
23537	1238	1365	304	75800	0	78707
23538	749	76693	316	1354	0	79112
23539	77590	1528	295	798	0	80211
23540	1843	844	296	76924	0	79907
23541	77210	540	322	1624	0	79696
23542	2047	484	263	76714	0	79508
23543	1054	565	75358	1527	0	78504
23544	74386	483	1234	911	0	77014
23545	1897	451	75616	587	0	78551
23546	1172	459	1410	75349	0	78390
23547	854	444	75062	1576	0	77936
23548	950	375	1454	74686	0	77465
23549	738	395	74955	1736	0	77824
23550	72520	295	1540	1171	0	75526
23551	1635	74542	779	790	0	77746
23552	74928	1294	623	816	0	77661
23553	1898	497	644	74638	0	77677
23554	73847	359	597	1823	0	76626
23555	1728	73617	611	876	0	76832
23556	890	73239	633	750	0	75512
23557	730	77048	613	651	0	79042
23558	77683	1717	550	802	0	80752
23559	1787	868	465	77562	0	80682
23560	1069	625	404	78374	0	80472
23561	802	644	76145	1909	0	79500
23562	877	587	74854	900	0	77218
23563	948	557	1604	76745	0	79854
23564	721	620	78093	1712	0	81146
23565	644	77586	1584	901	0	80715
23566	77149	1604	819	922	0	80494
23567	1714	783	77948	701	0	81146
23568	897	644	77660	658	0	79859
23569	859	524	1967	76715	0	80065
23570	78740	437	1081	1984	0	82242
23571	1816	332	863	79152	0	82163
23572	79004	302	869	2112	0	82287
23573	1921	370	801	79411	0	82503
23574	962	438	80758	1829	0	83987
23575	777	78983	2000	918	0	82678
23576	729	1490	81162	780	0	84161
23577	642	80889	1979	824	0	84334
23578	748	1738	1111	80233	0	83830
23579	79356	693	771	1930	0	82750
23580	1807	540	79341	939	0	82627
23581	1088	424	1669	78740	0	81921
23582	966	404	834	81040	0	83244
23583	81888	422	699	2249	0	85258
23584	1783	446	692	80821	0	83742
23585	874	81619	708	1862	0	85063
23586	79139	1563	652	1251	0	82605
23587	1696	787	78263	792	0	81538
23588	75755	599	1582	869	0	78805
23589	1846	77974	790	714	0	81324
23590	1173	1615	542	76677	0	80007
23591	834	79344	488	1678	0	82344
23592	78985	1602	459	1072	0	82118
23593	1868	830	78863	724	0	82285
23594	76935	685	1427	948	0	79995
23595	1879	79733	674	666	0	82952
23596	1172	1544	482	80780	0	83978
23597	81379	683	477	1913	0	84452
23598	82243	614	484	958	0	84299
23599	2166	574	445	81630	0	84815
23600	1171	593	470	82245	0	84479
23601	921	81609	441	1889	0	84860
23602	959	1737	420	82560	0	85676
23603	738	93235	517	1952	0	96442
23604	705	98708	465	1053	0	100931
23605	956	3054	417	91306	0	95733
23606	658	94326	428	2192	0	97604
23607	860	2117	94311	913	0	98201
23608	1116	1073	94742	816	0	97747
23609	529	96696	2426	929	0	100580
23610	565	2102	95581	565	0	98813
23611	402	865	94179	361	0	95807
23612	189	481	89558	210	0	90438
23613	94	88051	2532	221	0	90898
23614	85294	1907	1323	447	0	88971
23615	1485	86116	618	143	0	88362
23616	603	1947	86265	74	0	88889
23617	671	843	1805	83947	0	87266
23618	84711	529	767	1843	0	87850
23619	1692	382	83872	661	0	86607
23620	923	306	1910	83176	0	86315
23621	424	274	84877	1711	0	87286
23622	456	214	2139	82936	0	85745
23623	82244	223	970	2156	0	85593
23624	1740	227	83370	797	0	86134
23625	694	83617	2008	565	0	86884
23626	718	1807	941	81677	0	85143
23627	84352	814	536	1960	0	87662
23628	1923	562	82360	711	0	85556
23629	1049	396	2035	77742	0	81222
23630	486	81501	991	1755	0	84733
23631	81888	1824	685	1006	0	85403
23632	83753	765	547	665	0	85730
23633	2576	504	489	81237	0	84806
23634	1088	82032	495	1930	0	85545
23635	624	86460	457	894	0	88435
23636	86262	2500	364	840	0	89966
23637	2459	1159	418	84127	0	88163
23638	932	86116	453	2085	0	89586
23639	86079	2235	343	1130	0	89787
23640	2489	993	363	86710	0	90555
23641	1310	610	365	88284	0	90569
23642	672	543	82536	2836	0	86587
23643	493	83948	1976	1402	0	87819
23644	505	88335	874	795	0	90509
23645	688	2682	550	87197	0	91117
23646	86664	1202	391	2508	0	90765
23647	2127	86857	421	1126	0	90531
23648	86440	2482	298	957	0	90177
23649	2474	86384	392	538	0	89788
23650	1298	2479	312	86453	0	90542
23651	86373	1198	298	2483	0	90352
23652	2550	861	331	86474	0	90216
23653	1196	640	85532	2623	0	89991
23654	906	589	2094	82947	0	86536
23655	547	84647	993	2565	0	88752
23656	83147	2439	623	1347	0	87556
23657	2227	83172	485	813	0	86697
23658	1250	2668	394	80416	0	84728
23659	914	1266	346	82968	0	85494
23660	670	909	79875	2886	0	84340
23661	554	786	79796	1400	0	82536
23662	680	3958	2693	76487	0	83818
23663	643	748	79147	2497	0	83035
23664	433	78299	2540	1365	0	82637
23665	77145	2414	1160	1112	0	81831
23666	2282	1216	77617	826	0	81941
23667	76662	933	2411	899	0	80905
23668	79316	810	1179	834	0	82139
23669	79394	765	841	748	0	81748
23670	79599	741	681	687	0	81708
23671	3303	761	714	76941	0	81719
23672	1746	571	662	76027	0	79006
23673	1022	75313	811	2896	0	80042
23674	73698	2346	816	1540	0	78400
23675	2565	1212	72292	978	0	77047
23676	1336	984	2393	71390	0	76103
23677	1104	784	1323	72889	0	76100
23678	818	777	70490	2999	0	75084
23679	874	70758	2528	1593	0	75753
23680	1020	2364	1370	68657	0	73411
23681	970	1155	876	73141	0	76142
23682	69974	834	755	3212	0	74775
23683	2383	69037	609	1864	0	73893
23684	1469	2279	612	68527	0	72887
23685	907	67895	641	2788	0	72231
23686	944	2436	590	69598	0	73568
23687	67625	1195	620	2951	0	72391
23688	69704	858	540	1626	0	72728
23689	3083	640	608	67898	0	72229
23690	67195	660	480	2891	0	71226
23691	67592	616	507	1649	0	70364
23692	3142	65691	466	1233	0	70532
23693	1872	2290	361	63524	0	68047
23694	1271	64837	445	2448	0	69001
23695	1196	2502	294	64742	0	68734
23696	64034	1308	367	2777	0	68486
23697	2563	1068	317	63834	0	67782
23698	1574	849	275	65144	0	67842
23699	1110	841	61734	3149	0	66834
23700	1039	58619	1767	1912	0	63337
23701	1018	62396	811	1304	0	65529
23702	59578	2478	552	1374	0	63982
23703	1974	1332	264	45983	0	49553
23704	42013	582	246	1535	0	44376
23705	1441	40365	196	958	0	42960
23706	802	37850	179	702	0	39533
23707	558	39226	181	553	0	40518
23708	31857	1219	926	498	0	34500
23709	790	31804	201	315	0	33110
23710	29386	737	515	395	0	31033
23711	28809	225	121	258	0	29413
23712	29736	132	73	234	0	30175
23713	713	160	72	31202	0	32147
23714	330	128	55	32214	0	32727
23715	243	126	70	32533	0	32972
23716	208	122	62	32314	0	32706
23717	31933	105	61	901	0	33000
23718	666	31213	77	367	0	32323
23719	290	575	55	31739	0	32659
23720	32038	199	52	772	0	33061
23721	708	118	57	31858	0	32741
23722	304	106	61	32198	0	32669
23723	31788	95	61	841	0	32785
23724	657	119	30959	330	0	32065
23725	293	114	501	30821	0	31729
23726	193	91	31329	648	0	32261
23727	209	84	524	30759	0	31576
23728	211	119	161	31093	0	31584
23729	30242	55	91	835	0	31223
23730	543	29415	98	336	0	30392
23731	215	29289	72	209	0	29785
23732	28331	503	48	228	0	29110
23733	484	28840	71	154	0	29549
23734	28738	426	100	260	0	29524
23735	518	132	28142	147	0	28939
23736	26115	69	292	150	0	26626
23737	27000	28	67	112	0	27207
23738	27197	25	60	116	0	27398
23739	402	24	25	26611	0	27062
23740	166	26	43	26607	0	26842
23741	85	26289	34	351	0	26759
23742	93	388	25	26562	0	27068
23743	26414	76	13	375	0	26878
23744	268	26375	27	140	0	26810
23745	91	26528	24	78	0	26721
23746	26440	282	17	124	0	26863
23747	269	113	26390	53	0	26825
23748	166	54	222	25953	0	26395
23749	72	48	26749	263	0	27132
23750	116	28	239	26318	0	26701
23751	66	26530	76	237	0	26909
23752	103	245	33	27340	0	27721
23753	27032	71	16	349	0	27468
23754	279	38	26	27139	0	27482
23755	98	74	27855	309	0	28336
23756	26271	26	301	250	0	26848
23757	351	28219	118	95	0	28783
23758	128	30456	49	79	0	30712
23759	31736	416	26	194	0	32372
23760	33940	139	23	156	0	34258
23761	582	103	33899	58	0	34642
23762	32931	46	481	147	0	33605
23763	540	34050	173	75	0	34838
23764	34684	492	61	166	0	35403
23765	621	168	45	33567	0	34401
23766	214	32406	44	497	0	33161
23767	33253	504	27	246	0	34030
23768	616	176	33208	113	0	34113
23769	319	102	510	33407	0	34338
23770	34391	95	138	675	0	35299
23771	638	117	34068	192	0	35015
23772	34391	84	533	229	0	35237
23773	729	82	151	34089	0	35051
23774	338	62	97	35032	0	35529
23775	189	74	35122	705	0	36090
23776	249	49	548	34749	0	35595
23777	35432	59	190	787	0	36468
23778	621	34781	148	289	0	35839
23779	35449	558	75	264	0	36346
23780	35761	197	73	239	0	36270
23781	832	107	60	35390	0	36389
23782	309	160	35778	682	0	36929
23783	265	75	570	35755	0	36665
23784	36207	58	198	775	0	37238
23785	648	35702	154	298	0	36802
23786	36887	563	84	249	0	37783
23787	765	181	70	36766	0	37782
23788	378	113	64	37561	0	38116
23789	251	89	100	37955	0	38395
23790	189	87	36941	925	0	38142
23791	287	82	636	37285	0	38290
23792	199	134	37377	781	0	38491
23793	239	132	37397	299	0	38067
23794	273	107	764	40664	0	41808
23795	187	97	41305	907	0	42496
23796	43676	89	856	554	0	45175
23797	1119	67	353	45667	0	47206
23798	599	68	242	45463	0	46372
23799	289	46163	211	1340	0	48003
23800	46711	977	156	744	0	48588
23801	48515	406	142	547	0	49610
23802	1434	48555	152	320	0	50461
23803	836	1021	106	48995	0	50958
23804	394	432	49078	1177	0	51081
23805	47895	229	1041	721	0	49886
23806	50346	159	457	502	0	51464
23807	1626	176	273	47950	0	50025
23808	744	166	46893	1158	0	48961
23809	479	46345	1081	546	0	48451
23810	45904	1045	467	463	0	47879
23811	1258	477	45880	344	0	47959
23812	595	45206	1087	319	0	47207
23813	43492	976	591	322	0	45381
23814	43990	404	293	288	0	44975
23815	1497	267	206	42702	0	44672
23816	739	42758	172	964	0	44633
23817	592	995	166	45244	0	46997
23818	434	435	212	46074	0	47155
23819	493	283	157	44886	0	45819
23820	402	195	147	46152	0	46896
23821	302	182	44935	1598	0	47017
23822	396	146	984	45329	0	46855
23823	375	205	440	46403	0	47423
23824	321	192	45025	1542	0	47080
23825	237	45074	1048	866	0	47225
23826	44970	1006	492	692	0	47160
23827	45768	465	314	566	0	47113
23828	1530	273	215	45582	0	47600
23829	45962	173	200	1408	0	47743
23830	1417	216	185	46574	0	48392
23831	702	188	46696	1435	0	49021
23832	477	209	46297	795	0	47778
23833	340	46164	1387	638	0	48529
23834	45969	1039	645	602	0	48255
23835	1274	504	48419	411	0	50608
23836	923	293	1239	46768	0	49223
23837	665	175	660	50037	0	51537
23838	467	179	428	52060	0	53134
23839	470	202	306	51828	0	52806
23840	501	174	274	51465	0	52414
23841	376	240	50087	2311	0	53014
23842	446	191	1378	50642	0	52657
23843	49856	187	694	2034	0	52771
23844	1472	49480	416	1138	0	52506
23845	49607	1284	333	952	0	52176
23846	1571	49936	376	669	0	52552
23847	50232	1564	273	706	0	52775
23848	51576	720	268	698	0	53262
23849	2166	403	319	50253	0	53141
23850	1199	268	272	51309	0	53048
23851	50143	244	238	2333	0	52958
23852	49334	240	270	1393	0	51237
23853	50333	253	248	1002	0	51836
23854	2133	47728	313	743	0	50917
23855	1065	48686	317	630	0	50698
23856	770	1600	47762	601	0	50733
23857	769	921	1289	46634	0	49613
23858	548	467	46134	1634	0	48783
23859	515	44638	1374	1027	0	47554
23860	539	1210	682	42739	0	45170
23861	510	610	337	43238	0	44695
23862	490	346	227	44107	0	45170
23863	42484	253	235	2013	0	44985
23864	42786	261	212	1234	0	44493
23865	1678	42437	209	737	0	45061
23866	1017	1088	235	42952	0	45292
23867	636	634	42506	1396	0	45172
23868	479	439	41169	899	0	42986
23869	41549	369	1473	660	0	44051
23870	42598	275	781	613	0	44267
23871	1755	189	429	42104	0	44477
23872	42486	200	370	1547	0	44603
23873	1490	274	41578	951	0	44293
23874	914	41220	1158	683	0	43975
23875	676	1113	643	41367	0	43799
23876	473	631	42148	1427	0	44679
23877	523	402	1206	42658	0	44789
23878	577	255	712	43536	0	45080
23879	458	295	42924	1893	0	45570
23880	41484	233	1163	1378	0	44258
23881	43900	207	719	987	0	45813
23882	1627	45156	501	805	0	48089
23883	46311	1254	348	770	0	48683
23884	47635	666	315	725	0	49341
23885	2162	425	46264	664	0	49515
23886	46125	309	1327	711	0	48472
23887	1838	48089	786	596	0	51309
23888	48634	1427	408	637	0	51106
23889	50300	761	350	634	0	52045
23890	51599	465	357	525	0	52946
23891	49504	329	299	630	0	50762
23892	51032	300	230	664	0	52226
23893	2595	49038	292	549	0	52474
23894	46525	1268	227	524	0	48544
23895	1843	45295	251	377	0	47766
23896	824	40921	206	310	0	42261
23897	541	42630	221	296	0	43688
23898	41566	1394	585	334	0	43879
23899	41741	620	214	340	0	42915
23900	1659	325	40253	242	0	42479
23901	41402	282	990	308	0	42982
23902	41475	238	458	356	0	42527
23903	1689	242	41163	253	0	43347
23904	986	184	1071	40578	0	42819
23905	805	200	516	40178	0	41699
23906	565	180	265	42833	0	43843
23907	528	210	197	42796	0	43731
23908	544	192	179	42965	0	43880
23909	434	222	41245	1646	0	43547
23910	368	41200	1083	803	0	43454
23911	40489	1092	507	497	0	42585
23912	1312	40734	253	368	0	42667
23913	41116	1155	217	344	0	42832
23914	41234	555	192	342	0	42323
23915	1735	306	39699	280	0	42020
23916	984	380	1046	37033	0	39443
23917	573	38375	545	1019	0	40512
23918	38836	1078	295	638	0	40847
23919	39112	516	208	485	0	40321
23920	39755	279	172	385	0	40591
23921	1746	39311	233	271	0	41561
23922	40040	1049	190	332	0	41611
23923	40645	572	185	302	0	41704
23924	40727	354	170	252	0	41503
23925	1916	259	170	38942	0	41287
23926	1076	247	131	39795	0	41249
23927	727	252	142	40368	0	41489
23928	39229	259	137	1520	0	41145
23929	1432	39069	147	668	0	41316
23930	39274	1027	132	395	0	40828
23931	38668	557	142	284	0	39651
23932	37906	310	106	291	0	38613
23933	38060	249	139	240	0	38688
23934	1851	36493	138	199	0	38681
23935	34158	911	76	215	0	35360
23936	1308	33252	91	172	0	34823
23937	638	32910	64	141	0	33753
23938	32894	888	113	200	0	34095
23939	983	32158	68	163	0	33372
23940	604	33269	64	135	0	34072
23941	33350	932	154	167	0	34603
23942	33779	441	70	155	0	34445
23943	1178	316	47	32731	0	34272
23944	713	238	57	33418	0	34426
23945	33635	238	65	1034	0	34972
23946	34943	225	68	497	0	35733
23947	34371	226	78	351	0	35026
23948	1185	253	33158	169	0	34765
23949	34893	229	634	250	0	36006
23950	1109	230	263	34856	0	36458
23951	711	174	153	35348	0	36386
23952	551	179	128	35640	0	36498
23953	512	168	98	35663	0	36441
23954	409	178	34208	1088	0	35883
23955	439	178	34538	522	0	35677
23956	459	173	829	34693	0	36154
23957	388	173	34603	931	0	36095
23958	421	214	34338	537	0	35510
23959	503	159	888	34663	0	36213
23960	479	176	400	35544	0	36599
23961	426	200	257	36603	0	37486
23962	517	214	161	35539	0	36431
23963	36261	190	160	1233	0	37844
23964	37856	178	178	705	0	38917
23965	1259	170	137	37151	0	38717
23966	722	168	142	37625	0	38657
23967	513	175	158	37751	0	38597
23968	494	158	138	37569	0	38359
23969	474	188	140	37343	0	38145
23970	481	36649	142	1207	0	38479
23971	36723	739	113	714	0	38289
23972	991	36789	119	477	0	38376
23973	37073	821	99	472	0	38465
23974	37397	374	62	455	0	38288
23975	37478	236	72	462	0	38248
23976	1307	204	88	35622	0	37221
23977	35644	196	62	953	0	36855
23978	1122	202	59	35167	0	36550
23979	713	224	75	34952	0	35964
23980	34741	185	48	1115	0	36089
23981	1048	33581	66	520	0	35215
23982	504	32164	45	293	0	33006
23983	31877	539	34	286	0	32736
23984	720	248	31409	193	0	32570
23985	30222	187	434	287	0	31130
23986	840	320	186	30887	0	32233
23987	391	29249	84	516	0	30240
23988	275	29882	49	284	0	30490
23989	29806	521	97	319	0	30743
23990	576	266	29	30120	0	30991
23991	278	31008	21	401	0	31708
23992	30779	350	59	274	0	31462
23993	30795	153	30	208	0	31186
23994	30837	109	24	185	0	31155
23995	31028	96	24	197	0	31345
23996	539	29793	38	125	0	30495
23997	176	29824	23	89	0	30112
23998	30230	309	32	151	0	30722
23999	31285	130	39	149	0	31603
24000	439	77	30903	61	0	31480
24001	146	30464	281	50	0	30941
24002	30803	311	92	126	0	31332
24003	31831	92	29	121	0	32073
24004	472	74	31780	36	0	32362
24005	31207	46	372	128	0	31753
24006	505	39	33098	30	0	33672
24007	149	48	35035	21	0	35253
24008	225	69	568	32622	0	33484
24009	83	33606	205	461	0	34355
24010	36089	509	108	229	0	36935
24011	623	138	63	36074	0	36898
24012	288	94	34	36511	0	36927
24013	227	50	55	36979	0	37311
24014	36660	36	48	871	0	37615
24015	672	38	38	36373	0	37121
24016	308	34	31	37669	0	38042
24017	177	43	37390	722	0	38332
24018	36692	31	574	416	0	37713
24019	38375	36	173	275	0	38859
24020	854	70	37925	114	0	38963
24021	36805	36	669	182	0	37692
24022	885	46	180	36680	0	37791
24023	274	36936	144	678	0	38032
24024	299	637	84	37345	0	38365
24025	36967	169	57	920	0	38113
24026	695	37090	84	320	0	38189
24027	352	673	52	37695	0	38772
24028	336	187	48	38665	0	39236
24029	225	127	64	38882	0	39298
24030	242	80	75	37640	0	38037
24031	153	38990	105	918	0	40166
24032	39372	717	68	474	0	40631
24033	39908	234	72	354	0	40568
24034	985	40471	102	211	0	41769
24035	43632	835	41	280	0	44788
24036	45140	278	64	301	0	45783
24037	44725	204	50	275	0	45254
24038	1508	146	42912	173	0	44739
24039	783	110	921	42837	0	44651
24040	454	143	41750	1048	0	43395
24041	42080	86	1006	572	0	43744
24042	1146	42588	368	386	0	44488
24043	42083	973	241	390	0	43687
24044	1251	42586	171	223	0	44231
24045	683	1163	144	40983	0	42973
24046	636	406	130	41932	0	43104
24047	381	348	41331	1260	0	43320
24048	319	41685	1008	635	0	43647
24049	41164	1082	391	504	0	43141
24050	1276	449	40897	257	0	42879
24051	41053	365	1059	342	0	42819
24052	1476	209	440	41157	0	43282
24053	572	204	41336	1234	0	43346
24054	472	41124	1165	572	0	43333
24055	518	1065	460	41063	0	43106
24056	395	497	41388	1181	0	43461
24057	394	404	41360	541	0	42699
24058	357	40877	1342	485	0	43061
24059	462	1123	633	40157	0	42375
24060	421	454	431	39997	0	41303
24061	335	39824	338	1382	0	41879
24062	40121	1171	295	753	0	42340
24063	1329	490	292	39371	0	41482
24064	590	38871	316	1254	0	41031
24065	39313	1152	257	697	0	41419
24066	39224	485	300	628	0	40637
24067	39688	452	307	501	0	40948
24068	1646	38874	266	448	0	41234
24069	39619	1184	246	528	0	41577
24070	40082	523	311	444	0	41360
24071	1715	452	257	38949	0	41373
24072	39343	402	205	1363	0	41313
24073	1674	365	166	39129	0	41334
24074	829	329	37982	1553	0	40693
24075	740	329	38880	725	0	40674
24076	643	281	1378	39150	0	41452
24077	546	297	39231	1440	0	41514
24078	38469	313	1362	805	0	40949
24079	1604	241	556	39450	0	41851
24080	870	239	474	40080	0	41663
24081	728	269	38814	1648	0	41459
24082	539	37463	1270	896	0	40168
24083	518	39312	570	659	0	41059
24084	603	1385	446	37930	0	40364
24085	500	617	322	38773	0	40212
24086	453	491	36958	1632	0	39534
24087	445	346	37420	893	0	39104
24088	479	325	1447	37542	0	39793
24089	387	309	36494	1448	0	38638
24090	35382	294	1352	849	0	37877
24091	1418	311	624	35406	0	37759
24092	35641	309	454	1463	0	37867
24093	1564	290	329	35461	0	37644
24094	757	285	332	36421	0	37795
24095	668	248	34971	1712	0	37599
24096	500	35096	1232	931	0	37759
24097	608	1249	558	35296	0	37711
24098	441	516	34978	1466	0	37401
24099	417	33686	1194	779	0	36076
24100	518	1036	601	34309	0	36464
24101	34122	435	513	1405	0	36475
24102	1214	341	34183	774	0	36512
24103	32496	223	1139	678	0	34536
24104	1321	219	32354	441	0	34335
24105	30134	195	1240	447	0	32016
24106	1227	30109	575	422	0	32333
24107	457	29035	424	381	0	30297
24108	469	1181	356	27453	0	29459
24109	268	27427	315	928	0	28938
24110	27377	929	275	527	0	29108
24111	906	422	276	27427	0	29031
24112	421	346	260	27973	0	29000
24113	338	289	217	28258	0	29102
24114	210	266	26870	1269	0	28615
24115	322	245	813	26973	0	28353
24116	234	227	26342	1120	0	27923
24117	235	25605	976	584	0	27400
24118	23996	670	410	510	0	25586
24119	771	24917	332	334	0	26354
24120	25416	755	230	393	0	26794
24121	25683	348	215	401	0	26647
24122	25865	278	172	367	0	26682
24123	25741	212	217	336	0	26506
24124	1074	250	24591	267	0	26182
24125	588	180	732	24713	0	26213
24126	480	212	362	24223	0	25277
24127	362	198	281	25247	0	26088
24128	22575	175	224	1129	0	24103
24129	23133	162	213	654	0	24162
24130	910	23785	206	502	0	25403
24131	526	560	22858	323	0	24267
24132	407	254	22513	299	0	23473
24133	316	21877	760	289	0	23242
24134	248	21934	418	272	0	22872
24135	601	546	523	17862	0	19532
24136	168	173	103	17328	0	17772
24137	17754	136	82	457	0	18429
24138	385	17600	74	245	0	18304
24139	201	347	77	18222	0	18847
24140	154	157	18640	424	0	19375
24141	157	101	362	19370	0	19990
24142	148	64	153	19830	0	20195
24143	122	74	104	20093	0	20393
24144	122	70	100	19872	0	20164
24145	118	71	19211	577	0	19977
24146	107	18380	392	273	0	19152
24147	112	18948	150	167	0	19377
24148	18197	399	123	156	0	18875
24149	384	18142	86	113	0	18725
24150	162	19124	89	114	0	19489
24151	179	440	74	19012	0	19705
24152	138	165	85	19216	0	19604
24153	148	134	80	19149	0	19511
24154	101	110	18733	526	0	19470
24155	113	18657	346	281	0	19397
24156	118	355	133	18264	0	18870
24157	93	18728	115	405	0	19341
24158	18616	347	86	272	0	19321
24159	330	18686	100	212	0	19328
24160	18795	374	99	181	0	19449
24161	366	174	18556	155	0	19251
24162	18592	167	339	164	0	19262
24163	391	139	127	18947	0	19604
24164	191	160	19038	374	0	19763
24165	18664	142	332	219	0	19357
24166	19070	144	127	201	0	19542
24167	19258	128	98	176	0	19660
24168	481	109	88	18982	0	19660
24169	203	103	18853	452	0	19611
24170	18960	86	344	316	0	19706
24171	408	93	158	19579	0	20238
24172	222	93	112	19698	0	20125
24173	165	101	20316	488	0	21070
24174	121	20320	352	225	0	21018
24175	179	366	138	19796	0	20479
24176	141	20376	105	309	0	20931
24177	20170	374	101	216	0	20861
24178	20350	156	93	161	0	20760
24179	441	130	74	20232	0	20877
24180	20213	86	69	398	0	20766
24181	378	20178	82	218	0	20856
24182	20231	290	75	225	0	20821
24183	385	20387	72	171	0	21015
24184	215	319	82	20616	0	21232
24185	187	148	76	20410	0	20821
24186	148	20474	94	377	0	21093
24187	159	353	75	20371	0	20958
24188	123	179	20262	409	0	20973
24189	100	20054	303	194	0	20651
24190	19466	270	105	187	0	20028
24191	280	19522	88	137	0	20027
24192	159	305	51	19617	0	20132
24193	134	142	19632	314	0	20222
24194	147	104	255	19856	0	20362
24195	122	84	81	20100	0	20387
24196	19670	88	67	438	0	20263
24197	328	73	19597	204	0	20202
24198	140	19774	266	194	0	20374
24199	106	290	20595	153	0	21144
24200	70	100	19860	113	0	20143
24201	66	92	19557	99	0	19814
24202	173	325	329	18638	0	19465
24203	19341	34	159	297	0	19831
24204	224	19356	75	108	0	19763
24205	19677	271	33	103	0	20084
24206	20318	86	28	129	0	20561
24207	338	54	34	20092	0	20518
24208	90	20257	39	258	0	20644
24209	20347	252	25	148	0	20772
24210	269	20422	40	86	0	20817
24211	122	274	35	20582	0	21013
24212	105	95	36	21496	0	21732
24213	52	21456	61	317	0	21886
24214	65	257	42	21795	0	22159
24215	53	99	21382	299	0	21833
24216	69	80	21237	106	0	21492
24217	78	68	309	21538	0	21993
24218	65	49	103	21964	0	22181
24219	60	52	21135	340	0	21587
24220	61	78	20692	121	0	20952
24221	19669	38	306	154	0	20167
24222	263	20459	122	66	0	20910
24223	107	21823	82	77	0	22089
24224	97	345	45	21339	0	21826
24225	99	121	25	21624	0	21869
24226	82	83	37	21794	0	21996
24227	62	76	21515	339	0	21992
24228	77	59	21200	145	0	21481
24229	83	59	327	21952	0	22421
24230	58	64	21890	335	0	22347
24231	38	21655	332	171	0	22196
24232	21600	300	137	140	0	22177
24233	324	96	21567	95	0	22082
24234	125	59	21560	67	0	21811
24235	122	85	363	21730	0	22300
24236	61	47	23560	368	0	24036
24237	47	24013	415	160	0	24635
24238	119	363	133	24130	0	24745
24239	61	113	24440	409	0	25023
24240	31	23851	396	159	0	24437
24241	23443	349	153	151	0	24096
24242	380	121	92	23406	0	23999
24243	162	77	76	23790	0	24105
24244	23642	70	53	467	0	24232
24245	341	23607	55	196	0	24199
24246	23800	332	68	169	0	24369
24247	23946	136	47	153	0	24282
24248	24076	71	53	139	0	24339
24249	497	66	56	23608	0	24227
24250	23089	58	62	407	0	23616
24251	416	22253	78	163	0	22910
24252	188	22802	59	111	0	23160
24253	23530	411	47	152	0	24140
24254	464	161	57	23755	0	24437
24255	227	118	51	23972	0	24368
24256	157	97	47	24252	0	24553
24257	117	95	23324	547	0	24083
24258	95	23372	370	241	0	24078
24259	129	400	129	24179	0	24837
24260	24185	136	89	525	0	24935
24261	457	99	81	24179	0	24816
24262	201	103	24055	494	0	24853
24263	143	24091	390	241	0	24865
24264	24339	406	159	224	0	25128
24265	24432	188	111	191	0	24922
24266	24673	131	89	175	0	25068
24267	634	114	85	24685	0	25518
24268	287	100	24556	499	0	25442
24269	208	94	24876	242	0	25420
24270	153	25567	537	221	0	26478
24271	221	496	216	25527	0	26460
24272	180	191	116	26269	0	26756
24273	24857	120	92	720	0	25789
24274	569	110	74	25248	0	26001
24275	25553	91	81	683	0	26408
24276	637	103	24892	302	0	25934
24277	261	109	25319	222	0	25911
24278	272	83	640	25119	0	26114
24279	233	71	255	25659	0	26218
24280	203	80	149	26294	0	26726
24281	26225	71	136	829	0	27261
24282	27630	75	138	377	0	28220
24283	883	189	131	27455	0	28658
24284	340	91	27031	831	0	28293
24285	204	91	27600	402	0	28297
24286	222	64	870	27744	0	28900
24287	28248	58	384	902	0	29592
24288	818	79	209	28064	0	29170
24289	379	78	170	28800	0	29427
24290	208	79	28246	1027	0	29560
24291	187	61	28296	468	0	29012
24292	27351	60	911	375	0	28697
24293	797	71	28049	297	0	29214
24294	388	61	819	27191	0	28459
24295	320	74	345	28044	0	28783
24296	27533	43	248	1010	0	28834
24297	796	27016	184	501	0	28497
24298	26802	631	198	357	0	27988
24299	779	26048	201	257	0	27285
24300	25755	673	178	288	0	26894
24301	850	243	25258	242	0	26593
24302	23919	177	755	273	0	25124
24303	24634	86	325	246	0	25291
24304	929	120	228	24270	0	25547
24305	447	80	24162	700	0	25389
24306	357	74	684	23321	0	24436
24307	289	77	331	23658	0	24355
24308	205	23084	219	934	0	24442
24309	256	582	161	22870	0	23869
24310	247	23024	157	789	0	24217
24311	266	676	135	23122	0	24199
24312	22632	271	133	867	0	23903
24313	779	191	125	22742	0	23837
24314	433	126	22405	848	0	23812
24315	22246	125	712	460	0	23543
24316	835	84	22897	336	0	24152
24317	22829	80	748	315	0	23972
24318	23463	71	327	348	0	24209
24319	949	22704	268	297	0	24218
24320	435	23885	201	324	0	24845
24321	23459	829	196	298	0	24782
24322	24312	375	158	298	0	25143
24323	23881	182	153	288	0	24504
24324	23887	159	142	297	0	24485
24325	23948	115	155	344	0	24562
24326	1159	116	151	23127	0	24553
24327	614	94	183	23800	0	24691
24328	441	111	23125	957	0	24634
24329	22826	115	708	486	0	24135
24330	965	94	348	22830	0	24237
24331	529	114	240	23335	0	24218
24332	420	119	22653	983	0	24175
24333	352	21759	737	511	0	23359
24334	391	22820	342	353	0	23906
24335	22156	803	276	354	0	23589
24336	20937	290	183	315	0	21725
24337	940	19356	177	243	0	20716
24338	450	19716	145	217	0	20528
24339	19480	687	161	248	0	20576
24340	20201	260	131	291	0	20883
24341	877	143	138	19603	0	20761
24342	462	115	159	20008	0	20744
24343	359	107	124	20452	0	21042
24344	19806	124	123	910	0	20963
24345	20189	113	104	485	0	20891
24346	916	125	154	20004	0	21199
24347	20578	138	115	774	0	21605
24348	888	139	20291	381	0	21699
24349	551	119	603	20529	0	21802
24350	399	163	20372	759	0	21693
24351	308	20161	694	395	0	21558
24352	334	682	332	20243	0	21591
24353	20048	238	208	741	0	21235
24354	825	145	141	19898	0	21009
24355	439	124	131	20174	0	20868
24356	320	121	19538	925	0	20904
24357	296	117	19648	476	0	20537
24358	301	19756	748	338	0	21143
24359	19695	590	272	277	0	20834
24360	20050	255	171	249	0	20725
24361	20139	183	141	236	0	20699
24362	20123	123	149	235	0	20630
24363	1000	109	118	19416	0	20643
24364	520	109	137	19305	0	20071
24365	355	19222	106	762	0	20445
24366	19184	560	115	403	0	20262
24367	19401	218	113	298	0	20030
24368	877	125	18377	248	0	19627
24369	16960	89	500	189	0	17738
24370	668	17189	224	154	0	18235
24371	386	663	146	16599	0	17794
24372	290	17164	82	508	0	18044
24373	17089	560	83	306	0	18038
24374	617	16901	74	198	0	17790
24375	376	489	70	16564	0	17499
24376	304	206	47	16964	0	17521
24377	225	120	73	16621	0	17039
24378	193	15971	71	725	0	16960
24379	257	568	81	16071	0	16977
24380	278	340	60	15870	0	16548
24381	153	14310	69	545	0	15077
24382	133	13778	48	215	0	14174
24383	12934	348	46	151	0	13479
24384	319	13049	28	119	0	13515
24385	12483	286	40	110	0	12919
24386	318	120	12276	81	0	12795
24387	142	12077	207	85	0	12511
24388	12074	257	80	100	0	12511
24389	11965	99	53	111	0	12228
24390	339	73	11609	88	0	12109
24391	176	72	213	11484	0	11945
24392	111	47	11747	269	0	12174
24393	82	11523	245	130	0	11980
24394	11298	249	115	123	0	11785
24395	247	11216	53	78	0	11594
24396	142	247	52	11150	0	11591
24397	114	115	34	11300	0	11563
24398	93	83	11135	284	0	11595
24399	72	65	10750	133	0	11020
24400	10772	61	262	106	0	11201
24401	11139	59	104	95	0	11397
24402	11189	62	55	76	0	11382
24403	11149	46	39	95	0	11329
24404	341	10967	43	83	0	11434
24405	162	220	50	11001	0	11433
24406	133	101	36	11189	0	11459
24407	98	11318	46	281	0	11743
24408	11513	249	36	157	0	11955
24409	11723	94	27	132	0	11976
24410	330	82	11509	79	0	12000
24411	11573	65	224	92	0	11954
24412	321	53	81	11577	0	12032
24413	156	60	11511	250	0	11977
24414	164	108	244	11307	0	11823
24415	118	45	11630	271	0	12064
24416	96	40	11232	95	0	11463
24417	104	135	253	10673	0	11165
24418	74	10819	115	191	0	11199
24419	10794	176	89	123	0	11182
24420	10561	86	48	110	0	10805
24421	241	11393	47	74	0	11755
24422	113	11648	39	68	0	11868
24423	11881	211	70	89	0	12251
24424	12016	113	30	82	0	12241
24425	12063	68	41	73	0	12245
24426	12122	48	44	59	0	12273
24427	316	49	28	12254	0	12647
24428	131	56	12078	186	0	12451
24429	96	12048	191	81	0	12416
24430	11979	184	73	92	0	12328
24431	213	12450	50	48	0	12761
24432	12594	188	29	71	0	12882
24433	12670	82	24	66	0	12842
24434	251	62	12820	34	0	13167
24435	129	13384	172	35	0	13720
24436	113	207	63	13469	0	13852
24437	96	85	45	13751	0	13977
24438	98	74	28	13304	0	13504
24439	13555	38	24	273	0	13890
24440	13126	38	25	121	0	13310
24441	13227	37	32	113	0	13409
24442	257	13137	40	71	0	13505
24443	12977	165	20	68	0	13230
24444	209	13112	24	47	0	13392
24445	107	173	13025	50	0	13355
24446	69	12954	136	41	0	13200
24447	110	198	117	12283	0	12708
24448	64	43	32	12173	0	12312
24449	34	43	12085	120	0	12282
24450	55	26	105	11730	0	11916
24451	47	33	32	12119	0	12231
24452	12236	19	29	167	0	12451
24453	12091	21	17	87	0	12216
24454	12310	25	17	61	0	12413
24455	160	12304	19	38	0	12521
24456	12253	119	12	53	0	12437
24457	11983	42	19	54	0	12098
24458	151	12347	18	27	0	12543
24459	93	117	22	12381	0	12613
24460	86	45	15	12494	0	12640
24461	12509	30	18	171	0	12728
24462	149	41	12308	60	0	12558
24463	53	11940	118	53	0	12164
24464	65	176	23	11713	0	11977
24465	36	11576	23	121	0	11756
24466	38	11957	12	37	0	12044
24467	11962	128	37	60	0	12187
24468	12034	43	14	58	0	12149
24469	152	43	20	12034	0	12249
24470	86	40	10	11880	0	12016
24471	60	27	11	11973	0	12071
24472	51	32	8	11906	0	11997
24473	39	37	11560	171	0	11807
24474	45	23	11101	67	0	11236
24475	57	26	128	11824	0	12035
24476	37	27	12527	143	0	12734
24477	35	12678	144	58	0	12915
24478	12879	140	36	85	0	13140
24479	13034	44	27	81	0	13186
24480	187	39	21	13165	0	13412
24481	102	30	18	13257	0	13407
24482	82	20	21	13453	0	13576
24483	41	13466	23	192	0	13722
24484	13643	149	13	126	0	13931
24485	13784	50	15	102	0	13951
24486	211	54	13495	49	0	13809
24487	110	25	167	14241	0	14543
24488	74	26	14729	236	0	15065
24489	74	26	232	15861	0	16193
24490	83	27	57	15786	0	15953
24491	89	38	44	15948	0	16119
24492	83	35	19	16457	0	16594
24493	16336	25	26	440	0	16827
24494	16660	29	28	216	0	16933
24495	17006	26	21	161	0	17214
24496	462	30	32	16817	0	17341
24497	177	38	16590	332	0	17137
24498	16315	21	301	184	0	16821
24499	365	20	94	16849	0	17328
24500	16771	26	80	402	0	17279
24501	388	17	44	16856	0	17305
24502	131	16264	46	410	0	16851
24503	113	17323	31	180	0	17647
24504	113	340	25	17411	0	17889
24505	117	132	39	17425	0	17713
24506	116	73	21	17524	0	17734
24507	81	17077	37	466	0	17661
24508	16982	301	27	242	0	17552
24509	345	17026	24	160	0	17555
24510	130	350	17011	105	0	17596
24511	130	127	318	16985	0	17560
24512	78	17515	103	367	0	18063
24513	93	320	62	17523	0	17998
24514	95	108	39	17735	0	17977
24515	63	79	17310	504	0	17956
24516	16408	58	315	310	0	17091
24517	355	17829	100	173	0	18457
24518	17948	331	75	190	0	18544
24519	18407	108	32	161	0	18708
24520	18438	92	46	170	0	18746
24521	545	72	17036	89	0	17742
24522	272	72	346	16742	0	17432
24523	181	67	111	17086	0	17445
24524	98	48	16600	515	0	17261
24525	15695	45	357	313	0	16410
24526	415	67	16612	179	0	17273
24527	161	55	16241	149	0	16606
24528	126	16396	386	139	0	17047
24529	130	343	184	16450	0	17107
24530	101	134	16462	389	0	17086
24531	15524	94	339	199	0	16156
24532	16050	55	119	179	0	16403
24533	460	60	15987	123	0	16630
24534	234	50	345	15993	0	16622
24535	135	60	16182	379	0	16756
24536	92	16252	390	181	0	16915
24537	17328	349	161	202	0	18040
24538	17781	115	136	155	0	18187
24539	18260	102	73	151	0	18586
24540	606	55	92	17905	0	18658
24541	276	66	88	18449	0	18879
24542	178	79	17934	545	0	18736
24543	17778	48	414	268	0	18508
24544	506	57	171	18018	0	18752
24545	17874	48	112	527	0	18561
24546	567	57	17792	208	0	18624
24547	226	54	18265	163	0	18708
24548	225	45	510	17675	0	18455
24549	144	55	241	18583	0	19023
24550	136	60	18219	564	0	18979
24551	17723	46	465	271	0	18505
24552	534	73	205	17659	0	18471
24553	250	18454	155	450	0	19309
24554	18623	385	127	263	0	19398
24555	477	18850	126	210	0	19663
24556	18918	459	119	196	0	19692
24557	593	147	19158	159	0	20057
24558	291	104	18748	127	0	19270
24559	246	18912	544	132	0	19834
24560	18988	393	293	179	0	19853
24561	497	155	18836	151	0	19639
24562	18358	110	440	180	0	19088
24563	537	18686	220	147	0	19590
24564	305	392	164	19091	0	19952
24565	251	142	130	19006	0	19529
24566	177	18667	140	524	0	19508
24567	19591	430	131	311	0	20463
24568	20334	167	139	211	0	20851
24569	20720	118	141	196	0	21175
24570	666	96	20442	135	0	21339
24571	339	88	478	20472	0	21377
24572	263	77	219	20846	0	21405
24573	190	94	164	21349	0	21797
24574	176	107	20836	648	0	21767
24575	153	20383	468	300	0	21304
24576	19845	433	191	219	0	20688
24577	559	192	19971	124	0	20846
24578	19581	130	476	155	0	20342
24579	539	19795	232	145	0	20711
24580	20032	450	163	153	0	20798
24581	597	191	117	19721	0	20626
24582	20045	122	143	462	0	20772
24583	599	85	128	19983	0	20795
24584	267	81	20372	488	0	21208
24585	237	170	447	20136	0	20990
24586	161	95	20242	497	0	20995
24587	18682	104	388	242	0	19416
24588	426	19202	186	149	0	19963
24589	217	324	95	17674	0	18310
24590	156	18584	85	257	0	19082
24591	18658	275	120	141	0	19194
24592	18698	85	105	137	0	19025
24593	339	18445	88	119	0	18991
24594	18540	262	80	170	0	19052
24595	18916	97	83	118	0	19214
24596	368	75	69	18648	0	19160
24597	181	60	62	18935	0	19238
24598	19472	67	64	373	0	19976
24599	19940	47	61	154	0	20202
24600	423	68	52	19561	0	20104
24601	238	63	40	21176	0	21517
24602	21687	54	48	451	0	22240
24603	463	50	21436	167	0	22116
24604	20764	53	372	192	0	21381
24605	470	58	21202	118	0	21848
24606	176	20899	416	110	0	21601
24607	203	370	149	20844	0	21566
24608	135	115	21510	375	0	22135
24609	120	22064	387	145	0	22716
24610	21745	379	138	198	0	22460
24611	425	131	21915	69	0	22540
24612	21466	93	373	105	0	22037
24613	22297	70	104	112	0	22583
24614	22525	70	72	147	0	22814
24615	540	64	66	21555	0	22225
24616	240	21958	79	363	0	22640
24617	21877	341	64	244	0	22526
24618	420	120	22141	125	0	22806
24619	20754	69	349	189	0	21361
24620	434	69	22042	74	0	22619
24621	201	22020	371	124	0	22716
24622	190	333	122	22300	0	22945
24623	158	97	111	22358	0	22724
24624	133	22100	94	410	0	22737
24625	181	353	86	22417	0	23037
24626	159	122	22594	371	0	23246
24627	131	22578	393	149	0	23251
24628	164	376	124	22358	0	23022
24629	22277	137	101	436	0	22951
24630	23105	107	86	198	0	23496
24631	537	90	72	23286	0	23985
24632	235	23713	89	412	0	24449
24633	236	374	77	23734	0	24421
24634	205	143	79	23578	0	24005
24635	142	110	22647	533	0	23432
24636	132	22683	381	231	0	23427
24637	177	341	107	21946	0	22571
24638	102	112	21629	376	0	22219
24639	78	21247	333	139	0	21797
24640	121	349	105	21423	0	21998
24641	21445	106	83	403	0	22037
24642	355	21909	68	141	0	22473
24643	161	343	39	22085	0	22628
24644	22453	119	44	440	0	23056
24645	22740	96	58	194	0	23088
24646	22819	75	50	180	0	23124
24647	22612	65	48	158	0	22883
24648	492	68	54	22259	0	22873
24649	189	76	22644	395	0	23304
24650	172	99	319	22165	0	22755
24651	110	22561	113	376	0	23160
24652	22811	341	95	243	0	23490
24653	378	124	22165	145	0	22812
24654	21548	91	333	135	0	22107
24655	403	105	21855	101	0	22464
24656	232	59	336	21787	0	22414
24657	144	74	21931	347	0	22496
24658	162	82	327	21551	0	22122
24659	141	79	21713	393	0	22326
24660	177	60	336	21354	0	21927
24661	21777	59	123	439	0	22398
24662	376	22651	112	166	0	23305
24663	186	304	87	22942	0	23519
24664	178	110	79	22962	0	23329
24665	133	82	23492	423	0	24130
24666	122	77	22554	177	0	22930
24667	22027	67	384	213	0	22691
24668	342	22591	183	126	0	23242
24669	22478	282	124	142	0	23026
24670	22830	94	96	170	0	23190
24671	405	71	106	22533	0	23115
24672	168	23149	97	332	0	23746
24673	23575	300	113	223	0	24211
24674	24043	105	91	191	0	24430
24675	24402	85	75	186	0	24748
24676	24484	69	74	188	0	24815
24677	24377	60	75	161	0	24673
24678	453	68	23662	99	0	24282
24679	23722	55	314	157	0	24248
24680	437	67	23785	82	0	24371
24681	226	66	347	23525	0	24164
24682	209	51	130	24612	0	25002
24683	159	57	24060	396	0	24672
24684	23833	60	343	213	0	24449
24685	455	49	132	24866	0	25502
24686	240	53	96	25571	0	25960
24687	190	68	82	25796	0	26136
24688	181	57	61	25579	0	25878
24689	183	54	58	26000	0	26295
24690	145	76	25640	580	0	26441
24691	174	56	407	25300	0	25937
24692	122	55	25785	502	0	26464
24693	142	73	25290	224	0	25729
24694	25386	33	541	226	0	26186
24695	26483	34	199	198	0	26914
24696	27726	48	369	165	0	28308
24697	736	60	28351	147	0	29294
24698	292	36	28439	154	0	28921
24699	173	41	28760	136	0	29110
24700	132	29087	824	153	0	30196
24701	378	735	464	28008	0	29585
24702	29180	160	148	634	0	30122
24703	674	65	89	30353	0	31181
24704	232	30875	108	703	0	31918
24705	31399	605	95	349	0	32448
24706	778	203	102	31020	0	32103
24707	281	31616	98	702	0	32697
24708	264	611	110	31966	0	32951
24709	210	226	107	32035	0	32578
24710	31218	95	121	978	0	32412
24711	803	95	111	31323	0	32332
24712	310	104	30944	808	0	32166
24713	267	83	700	30580	0	31630
24714	159	29961	313	809	0	31242
24715	138	31293	194	383	0	32008
24716	209	842	133	30208	0	31392
24717	221	319	126	30278	0	30944
24718	144	29685	129	985	0	30943
24719	150	30107	135	440	0	30832
24720	127	30728	132	337	0	31324
24721	220	1000	89	28615	0	29924
24722	165	30280	93	775	0	31313
24723	29808	833	68	503	0	31212
24724	775	383	30001	333	0	31492
24725	420	276	646	29298	0	30640
24726	199	30427	264	817	0	31707
24727	30001	786	157	497	0	31441
24728	714	398	30106	363	0	31581
24729	296	30154	702	324	0	31476
24730	29277	766	291	392	0	30726
24731	675	28970	163	286	0	30094
24732	294	29584	141	252	0	30271
24733	278	962	138	28872	0	30250
24734	136	29567	91	767	0	30561
24735	29069	853	96	446	0	30464
24736	735	434	97	29086	0	30352
24737	296	329	28746	787	0	30158
24738	218	282	28715	388	0	29603
24739	192	290	786	28728	0	29996
24740	146	313	29092	750	0	30301
24741	223	290	693	29003	0	30209
24742	28283	236	291	897	0	29707
24743	714	271	28372	396	0	29753
24744	393	224	696	27655	0	28968
24745	205	27654	337	752	0	28948
24746	191	759	215	28362	0	29527
24747	207	373	164	28435	0	29179
24748	180	28150	188	916	0	29434
24749	218	764	183	28862	0	30027
24750	221	394	160	29286	0	30061
24751	164	303	28532	993	0	29992
24752	134	28302	715	497	0	29648
24753	28362	787	309	464	0	29922
24754	700	397	221	28730	0	30048
24755	308	250	28982	915	0	30455
24756	235	238	721	28783	0	29977
24757	170	237	28878	936	0	30221
24758	27434	203	820	623	0	29080
24759	715	28731	391	374	0	30211
24760	340	729	276	29196	0	30541
24761	279	358	214	29986	0	30837
24762	28362	247	246	1085	0	29940
24763	773	232	221	28721	0	29947
24764	350	253	28276	971	0	29850
24765	258	249	731	27144	0	28382
24766	164	26924	401	926	0	28415
24767	179	27806	221	583	0	28789
24768	177	28241	205	484	0	29107
24769	211	984	188	27772	0	29155
24770	191	492	27186	944	0	28813
24771	172	26944	699	566	0	28381
24772	26135	798	364	480	0	27777
24773	671	26790	220	374	0	28055
24774	26758	840	170	468	0	28236
24775	26891	399	194	479	0	27963
24776	868	315	26377	367	0	27927
24777	26822	270	702	431	0	28225
24778	28072	246	359	459	0	29136
24779	27013	278	244	463	0	27998
24780	28155	288	151	404	0	28998
24781	952	285	27444	318	0	28999
24782	26907	258	675	379	0	28219
24783	27922	276	324	356	0	28878
24784	898	27805	226	270	0	29199
24785	422	722	180	27130	0	28454
24786	345	424	114	27361	0	28244
24787	267	27243	145	773	0	28428
24788	26877	712	143	436	0	28168
24789	698	27104	175	227	0	28204
24790	26534	674	172	240	0	27620
24791	26953	347	144	248	0	27692
24792	894	26932	121	169	0	28116
24793	515	680	103	26776	0	28074
24794	349	294	26877	633	0	28153
24795	276	26105	616	311	0	27308
24796	364	861	257	23822	0	25304
24797	236	24432	165	425	0	25258
24798	180	25536	86	244	0	26046
24799	269	808	143	24067	0	25287
24800	142	274	24542	466	0	25424
24801	107	23545	422	267	0	24341
24802	125	23367	216	118	0	23826
24803	21124	394	151	93	0	21762
24804	309	176	27	21618	0	22130
24805	173	79	20	21991	0	22263
24806	99	54	11	22622	0	22786
24807	48	51	22547	518	0	23164
24808	78	47	391	22831	0	23347
24809	38	23642	168	516	0	24364
24810	24486	503	57	226	0	25272
24811	564	187	29	24541	0	25321
24812	191	111	24418	564	0	25284
24813	24626	73	511	270	0	25480
24814	651	54	183	25588	0	26476
24815	219	77	26890	585	0	27771
24816	121	97	27062	224	0	27504
24817	27089	69	750	189	0	28097
24818	28601	54	255	160	0	29070
24819	28572	56	102	169	0	28899
24820	28792	52	81	170	0	29095
24821	891	65	28096	92	0	29144
24822	325	28469	636	143	0	29573
24823	28489	655	230	180	0	29554
24824	714	28488	119	93	0	29414
24825	28443	667	80	175	0	29365
24826	738	28594	104	97	0	29533
24827	383	709	89	28506	0	29687
24828	258	245	88	28924	0	29515
24829	184	127	107	28843	0	29261
24830	133	27775	135	867	0	28910
24831	162	28760	92	325	0	29339
24832	241	808	64	27614	0	28727
24833	163	28129	81	668	0	29041
24834	162	728	27953	262	0	29105
24835	211	296	679	27842	0	29028
24836	139	201	28174	705	0	29219
24837	27460	144	711	359	0	28674
24838	28290	156	254	224	0	28924
24839	922	162	27913	136	0	29133
24840	381	153	27888	141	0	28563
24841	237	144	855	27588	0	28824
24842	160	132	27915	761	0	28968
24843	195	118	714	26855	0	27882
24844	174	25298	388	748	0	26608
24845	154	779	171	27796	0	28900
24846	214	305	127	28162	0	28808
24847	177	206	127	28189	0	28699
24848	120	159	27035	985	0	28299
24849	187	140	729	26640	0	27696
24850	190	131	333	26985	0	27639
24851	217	152	184	26552	0	27105
24852	183	26716	169	907	0	27975
24853	26777	700	180	453	0	28110
24854	27035	307	191	344	0	27877
24855	26931	162	170	331	0	27594
24856	990	137	167	26269	0	27563
24857	381	151	26082	849	0	27463
24858	391	184	25919	451	0	26945
24859	194	26075	886	323	0	27478
24860	25320	722	352	391	0	26785
24861	686	25799	217	321	0	27023
24862	25973	758	197	312	0	27240
24863	787	25939	199	281	0	27206
24864	25689	789	161	353	0	26992
24865	793	26782	179	289	0	28043
24866	419	812	160	26897	0	28288
24867	302	416	26541	833	0	28092
24868	308	226	27014	442	0	27990
24869	315	202	932	26537	0	27986
24870	272	192	407	26992	0	27863
24871	248	207	284	27515	0	28254
24872	244	182	26734	1053	0	28213
24873	255	188	772	26360	0	27575
24874	25816	170	360	990	0	27336
24875	26184	175	231	537	0	27127
24876	990	25427	220	346	0	26983
24877	25025	749	218	316	0	26308
24878	851	24918	161	279	0	26209
24879	24903	835	156	296	0	26190
24880	25298	384	173	329	0	26184
24881	24823	228	225	313	0	25589
24882	1035	209	24393	219	0	25856
24883	504	182	24254	256	0	25196
24884	23981	165	902	322	0	25370
24885	25181	146	424	305	0	26056
24886	1080	165	256	24639	0	26140
24887	591	151	182	25477	0	26401
24888	406	169	182	25985	0	26742
24889	365	157	189	26188	0	26899
24890	320	197	189	26666	0	27372
24891	25660	187	179	1124	0	27150
24892	934	212	139	25583	0	26868
24893	478	185	25079	919	0	26661
24894	24368	161	693	512	0	25734
24895	25383	141	330	385	0	26239
24896	974	24646	223	344	0	26187
24897	369	25321	161	288	0	26139
24898	23400	689	123	267	0	24479
24899	656	24226	117	206	0	25205
24900	23787	613	201	216	0	24817
24901	24798	210	142	240	0	25390
24902	25098	102	104	232	0	25536
24903	934	86	97	23900	0	25017
24904	356	23785	102	679	0	24922
24905	24054	531	88	328	0	25001
24906	737	225	82	23820	0	24864
24907	403	95	66	23280	0	23844
24908	22020	72	51	644	0	22787
24909	487	21452	55	309	0	22303
24910	241	418	30	21307	0	21996
24911	21530	174	24	469	0	22197
24912	442	21828	39	215	0	22524
24913	22006	362	11	189	0	22568
24914	483	185	20567	103	0	21338
24915	20529	60	289	114	0	20992
24916	419	20986	111	93	0	21609
24917	20696	336	109	126	0	21267
24918	20666	151	21	91	0	20929
24919	480	21157	18	63	0	21718
24920	21228	336	22	116	0	21702
24921	415	20921	44	68	0	21448
24922	21847	368	9	122	0	22346
24923	465	192	15	21816	0	22488
24924	302	80	16	21854	0	22252
24925	197	76	13	22171	0	22457
24926	126	87	21329	474	0	22016
24927	172	66	305	21377	0	21920
24928	133	102	21518	379	0	22132
24929	173	61	348	21322	0	21904
24930	108	21473	140	409	0	22130
24931	147	356	47	21929	0	22479
24932	128	171	21807	411	0	22517
24933	107	112	22372	205	0	22796
24934	133	82	427	22267	0	22909
24935	22233	69	189	456	0	22947
24936	22453	67	82	263	0	22865
24937	497	22525	70	159	0	23251
24938	264	341	49	22814	0	23468
24939	138	171	23355	414	0	24078
24940	158	104	377	23370	0	24009
24941	114	69	23596	461	0	24240
24942	23051	54	397	251	0	23753
24943	474	88	162	23784	0	24508
24944	240	116	23702	428	0	24486
24945	219	65	381	23747	0	24412
24946	148	83	194	24262	0	24687
24947	122	80	23964	581	0	24747
24948	149	54	404	23921	0	24528
24949	24053	49	163	549	0	24814
24950	24361	56	109	328	0	24854
24951	566	56	101	24571	0	25294
24952	24757	63	68	564	0	25452
24953	477	81	24792	289	0	25639
24954	261	69	24347	201	0	24878
24955	24847	60	523	232	0	25662
24956	26000	34	236	198	0	26468
24957	591	43	133	25520	0	26287
24958	316	41	94	26031	0	26482
24959	195	53	25565	600	0	26413
24960	175	48	470	24846	0	25539
24961	142	25517	230	479	0	26368
24962	26080	403	130	290	0	26903
24963	27750	154	105	249	0	28258
24964	672	27607	101	155	0	28535
24965	26825	476	79	212	0	27592
24966	26966	178	106	206	0	27456
24967	713	27242	110	161	0	28226
24968	27434	533	99	221	0	28287
24969	631	27439	116	137	0	28323
24970	27721	538	76	203	0	28538
24971	656	244	27518	139	0	28557
24972	368	103	519	27637	0	28627
24973	235	96	217	28373	0	28921
24974	215	73	114	29690	0	30092
24975	29336	83	93	868	0	30380
24976	729	97	72	30126	0	31024
24977	356	81	29973	737	0	31147
24978	29926	90	634	369	0	31019
24979	776	66	213	30083	0	31138
24980	335	29211	179	694	0	30419
24981	237	30568	118	361	0	31284
24982	259	735	89	30259	0	31342
24983	262	288	100	30245	0	30895
24984	299	142	109	30628	0	31178
24985	185	101	29265	909	0	30460
24986	153	28887	574	416	0	30030
24987	28385	546	208	315	0	29454
24988	28229	222	113	294	0	28858
24989	723	27715	111	215	0	28764
24990	297	28595	116	184	0	29192
24991	340	645	155	28029	0	29169
24992	162	247	27759	613	0	28781
24993	26675	222	506	376	0	27779
24994	27728	118	201	241	0	28288
24995	660	115	117	27405	0	28297
24996	326	70	89	27712	0	28197
24997	26669	67	67	769	0	27572
24998	569	95	26428	336	0	27428
24999	25668	89	472	282	0	26511
25000	584	26050	189	166	0	26989
25001	270	431	96	24859	0	25656
25002	166	24999	54	480	0	25699
25003	25309	473	62	265	0	26109
25004	512	190	72	25004	0	25778
25005	242	108	75	24809	0	25234
25006	184	24706	80	555	0	25525
25007	25052	403	77	291	0	25823
25008	25190	154	60	235	0	25639
25009	574	152	24585	160	0	25471
25010	265	95	23451	161	0	23972
25011	23619	71	495	162	0	24347
25012	538	73	23707	98	0	24416
25013	218	88	22713	107	0	23126
25014	22761	92	506	199	0	23558
25015	446	75	25134	121	0	25776
25016	282	44	565	25095	0	25986
25017	222	39	212	25722	0	26195
25018	26990	47	177	828	0	28042
25019	743	78	27275	339	0	28435
25020	28415	81	723	274	0	29493
25021	1018	71	275	28546	0	29910
25022	28769	50	228	860	0	29907
25023	29311	51	146	383	0	29891
25024	29598	36	138	297	0	30069
25025	1342	54	107	28673	0	30176
25026	29310	45	101	913	0	30369
25027	1286	33	77	29104	0	30500
25028	675	50	104	29481	0	30310
25029	565	37	95	29736	0	30433
25030	422	42	65	29981	0	30510
25031	28995	41	65	1378	0	30479
25032	29369	43	92	720	0	30224
25033	1163	53	28653	524	0	30393
25034	29092	36	778	443	0	30349
25035	30036	29	287	422	0	30774
25036	1345	41	211	28844	0	30441
25037	740	28514	157	943	0	30354
25038	29342	755	136	462	0	30695
25039	1224	261	126	28422	0	30033
25040	28348	184	90	1048	0	29670
25041	1194	27808	118	490	0	29610
25042	28490	809	98	445	0	29842
25043	1253	320	65	27812	0	29450
25044	612	27458	68	971	0	29109
25045	28116	868	56	522	0	29562
25046	1119	27353	100	389	0	28961
25047	515	29102	131	358	0	30106
25048	29091	1022	109	399	0	30621
25049	1101	508	28137	332	0	30078
25050	28820	385	765	304	0	30274
25051	1368	267	303	28400	0	30338
25052	686	223	28454	907	0	30270
25053	667	182	879	27937	0	29665
25054	596	171	336	28785	0	29888
25055	481	170	28020	1225	0	29896
25056	27772	116	897	696	0	29481
25057	1191	109	374	28120	0	29794
25058	683	95	285	28502	0	29565
25059	595	117	182	28546	0	29440
25060	27717	132	175	1569	0	29593
25061	1130	133	26966	867	0	29096
25062	612	88	27162	692	0	28554
25063	514	103	927	25701	0	27245
25064	465	91	25579	1036	0	27171
25065	25095	73	940	627	0	26735
25066	954	25102	501	483	0	27040
25067	24984	659	403	409	0	26455
25068	1178	253	294	24181	0	25906
25069	603	24376	257	886	0	26122
25070	619	814	220	24443	0	26096
25071	475	24621	185	1037	0	26318
25072	510	891	137	24918	0	26456
25073	451	375	24198	1105	0	26129
25074	356	380	23207	581	0	24524
25075	335	23370	804	567	0	25076
25076	22353	702	432	512	0	23999
25077	790	367	293	22208	0	23658
25078	503	285	229	22672	0	23689
25079	22382	278	222	981	0	23863
25080	22669	217	206	572	0	23664
25081	1073	161	192	22410	0	23836
25082	651	157	21805	875	0	23488
25083	564	21780	658	524	0	23526
25084	452	630	336	22275	0	23693
25085	439	295	282	22080	0	23096
25086	354	22374	211	1000	0	23939
25087	22560	707	207	658	0	24132
25088	814	374	22589	484	0	24261
25089	520	326	645	22436	0	23927
25090	414	228	299	22517	0	23458
25091	304	255	21885	1099	0	23543
25092	362	227	719	22257	0	23565
25093	22311	179	374	1092	0	23956
25094	22497	154	380	657	0	23688
25095	22693	145	279	613	0	23730
25096	1079	22001	276	467	0	23823
25097	23505	645	234	423	0	24807
25098	1148	299	193	23075	0	24715
25099	683	284	190	23097	0	24254
25100	561	24284	178	1037	0	26060
25101	26119	862	166	630	0	27777
25102	27424	406	163	545	0	28538
25103	27791	336	144	531	0	28802
25104	28217	270	157	505	0	29149
25105	28204	208	169	471	0	29052
25106	1542	221	26707	378	0	28848
25107	27782	179	903	375	0	29239
25108	28292	186	416	398	0	29292
25109	28024	120	346	362	0	28852
25110	1706	126	242	26765	0	28839
25111	1063	105	227	27254	0	28649
25112	785	121	26027	1194	0	28127
25113	23347	172	859	867	0	25245
25114	1113	25301	429	612	0	27455
25115	537	23391	233	344	0	24505
25116	365	682	22730	298	0	24075
25117	324	22267	616	277	0	23484
25118	236	21661	282	198	0	22377
25119	451	1010	392	18423	0	20276
25120	125	19144	107	409	0	19785
25121	18944	458	60	179	0	19641
25122	18774	172	50	152	0	19148
25123	612	131	41	18382	0	19166
25124	312	91	18219	410	0	19032
25125	18114	58	383	204	0	18759
25126	539	79	18182	130	0	18930
25127	284	43	18387	105	0	18819
25128	243	63	494	17533	0	18333
25129	196	36	228	18143	0	18603
25130	134	59	18168	497	0	18858
25131	126	17569	410	262	0	18367
25132	126	18531	174	164	0	18995
25133	18086	465	153	147	0	18851
25134	18385	195	64	122	0	18766
25135	525	131	17841	60	0	18557
25136	17687	78	363	86	0	18214
25137	18525	68	131	122	0	18846
25138	556	70	107	18064	0	18797
25139	322	68	58	18328	0	18776
25140	256	60	54	18424	0	18794
25141	18306	62	52	565	0	18985
25142	18618	38	35	317	0	19008
25143	18852	36	59	201	0	19148
25144	686	53	60	18473	0	19272
25145	358	63	18101	399	0	18921
25146	17936	39	373	228	0	18576
25147	17808	68	158	166	0	18200
25148	612	53	130	17266	0	18061
25149	348	17468	85	399	0	18300
25150	280	373	69	17570	0	18292
25151	200	17641	85	489	0	18415
25152	196	445	69	17194	0	17904
25153	170	17869	103	489	0	18631
25154	17712	440	76	246	0	18474
25155	527	217	58	17601	0	18403
25156	273	17625	90	404	0	18392
25157	246	413	17456	187	0	18302
25158	17234	186	396	205	0	18021
25159	481	170	177	17437	0	18265
25160	300	17352	116	422	0	18190
25161	266	391	70	17084	0	17811
25162	196	16714	80	452	0	17442
25163	187	17760	88	228	0	18263
25164	17467	489	87	200	0	18243
25165	17873	220	95	159	0	18347
25166	570	178	17606	108	0	18462
25167	17684	126	385	147	0	18342
25168	17882	109	190	130	0	18311
25169	556	17362	129	151	0	18198
25170	318	427	95	17488	0	18328
25171	294	187	90	17506	0	18077
25172	251	187	17099	467	0	18004
25173	232	123	16890	252	0	17497
25174	17108	88	475	197	0	17868
25175	17510	67	237	164	0	17978
25176	17478	70	187	148	0	17883
25177	665	66	16803	119	0	17653
25178	376	61	382	16614	0	17433
25179	16766	67	188	462	0	17483
25180	463	56	132	16767	0	17418
25181	267	64	16287	466	0	17084
25182	15924	78	377	247	0	16626
25183	479	106	16837	154	0	17576
25184	267	16482	375	145	0	17269
25185	16682	330	208	158	0	17378
25186	458	165	16453	92	0	17168
25187	289	147	370	16194	0	17000
25188	16394	80	141	394	0	17009
25189	451	72	114	16491	0	17128
25190	16656	83	69	492	0	17300
25191	481	64	56	16616	0	17217
25192	17032	70	61	537	0	17700
25193	17161	74	50	277	0	17562
25194	17149	65	60	212	0	17486
25195	16892	54	70	157	0	17173
25196	667	122	93	16552	0	17434
25197	291	57	15847	317	0	16512
25198	236	54	15810	169	0	16269
25199	175	15607	363	158	0	16303
25200	102	14131	175	89	0	14497
25201	12161	189	372	79	0	12801
25202	165	44	33	11642	0	11884
25203	47	19	11761	118	0	11945
25204	54	15	12059	44	0	12172
25205	47	32	124	12116	0	12319
25206	12248	11	54	118	0	12431
25207	105	12371	24	43	0	12543
25208	12925	83	15	76	0	13099
25209	131	39	10	13092	0	13272
25210	66	18	13	13151	0	13248
25211	56	14	28	13156	0	13254
25212	31	19	13251	132	0	13433
25213	34	29	12955	58	0	13076
25214	35	13234	129	38	0	13436
25215	51	94	46	13595	0	13786
25216	13498	42	25	138	0	13703
25217	110	30	13253	58	0	13451
25218	57	33	13527	40	0	13657
25219	44	15	139	13758	0	13956
25220	56	14	57	14154	0	14281
25221	30	33	30	14336	0	14429
25222	74	16	25	15477	0	15592
25223	15876	19	16	285	0	16196
25224	249	14	19	16128	0	16410
25225	16137	12	18	295	0	16462
25226	264	20	16319	100	0	16703
25227	97	16347	238	73	0	16755
25228	88	242	79	16393	0	16802
25229	38	70	16685	265	0	17058
25230	52	50	16465	125	0	16692
25231	45	16721	304	76	0	17146
25232	58	207	108	16402	0	16775
25233	63	76	50	16625	0	16814
25234	32	41	16729	305	0	17107
25235	16245	26	258	152	0	16681
25236	271	25	99	16813	0	17208
25237	138	16	62	16674	0	16890
25238	64	29	17033	340	0	17466
25239	46	16789	293	147	0	17275
25240	28	18525	132	98	0	18783
25241	18639	383	58	111	0	19191
25242	371	126	65	18688	0	19250
25243	19528	58	83	404	0	20073
25244	413	51	19382	151	0	19997
25245	207	49	381	19353	0	19990
25246	19370	33	149	500	0	20052
25247	19736	38	82	250	0	20106
25248	568	49	67	19471	0	20155
25249	245	35	19334	431	0	20045
25250	128	34	19579	224	0	19965
25251	140	55	486	19299	0	19980
25252	85	49	19453	417	0	20004
25253	18495	59	433	242	0	19229
25254	411	19101	193	136	0	19841
25255	19366	356	118	148	0	19988
25256	19699	139	90	172	0	20100
25257	582	72	89	19473	0	20216
25258	257	53	127	19766	0	20203
25259	19649	60	77	591	0	20377
25260	488	40	84	19733	0	20345
25261	240	48	19506	490	0	20284
25262	136	19517	387	274	0	20314
25263	116	368	217	19360	0	20061
25264	141	157	129	19555	0	19982
25265	126	80	98	19784	0	20088
25266	96	65	19210	633	0	20004
25267	155	18963	396	301	0	19815
25268	124	370	199	19451	0	20144
25269	120	152	19349	499	0	20120
25270	164	94	428	19302	0	19988
25271	19338	77	203	600	0	20218
25272	480	65	119	19682	0	20346
25273	267	78	19392	527	0	20264
25274	19159	40	433	396	0	20028
25275	449	19531	256	207	0	20443
25276	210	20355	178	202	0	20945
25277	20418	455	142	263	0	21278
25278	472	200	20781	200	0	21653
25279	295	119	448	20635	0	21497
25280	221	97	230	21280	0	21828
25281	138	115	21068	620	0	21941
25282	125	21010	468	360	0	21963
25283	227	388	265	19288	0	20168
25284	137	182	20786	567	0	21672
25285	209	90	457	20755	0	21511
25286	20680	103	263	629	0	21675
25287	465	93	21309	335	0	22202
25288	287	107	450	21410	0	22254
25289	192	126	226	21623	0	22167
25290	162	113	21029	668	0	21972
25291	198	91	471	20420	0	21180
25292	153	18904	308	586	0	19951
25293	164	419	193	19604	0	20380
25294	130	20655	177	554	0	21516
25295	20675	426	179	370	0	21650
25296	20389	218	146	323	0	21076
25297	548	126	20188	302	0	21164
25298	275	108	19971	264	0	20618
25299	194	116	19710	235	0	20255
25300	167	19619	596	191	0	20573
25301	188	409	351	20115	0	21063
25302	142	190	20559	502	0	21393
25303	215	118	504	19908	0	20745
25304	176	84	259	20332	0	20851
25305	148	98	20405	647	0	21298
25306	191	114	485	20400	0	21190
25307	148	128	250	20102	0	20628
25308	156	19823	197	637	0	20813
25309	211	393	152	20351	0	21107
25310	166	176	177	20944	0	21463
25311	110	120	20594	696	0	21520
25312	150	86	513	20327	0	21076
25313	118	85	20650	663	0	21516
25314	100	115	20128	397	0	20740
25315	19592	100	605	346	0	20643
25316	449	153	322	19546	0	20470
25317	197	19997	203	577	0	20974
25318	135	20461	186	390	0	21172
25319	182	494	217	20459	0	21352
25320	140	196	20247	609	0	21192
25321	125	20176	490	363	0	21154
25322	137	385	211	19089	0	19822
25323	92	134	19688	430	0	20344
25324	86	19811	329	239	0	20465
25325	20463	320	189	230	0	21202
25326	20572	143	146	172	0	21033
25327	20877	96	118	218	0	21309
25328	402	89	109	21669	0	22269
25329	181	90	110	21874	0	22255
25330	122	66	91	21852	0	22131
25331	82	61	21285	523	0	21951
25332	21147	77	348	296	0	21868
25333	363	58	161	21581	0	22163
25334	151	67	21079	400	0	21697
25335	21307	94	337	226	0	21964
25336	21879	61	163	257	0	22360
25337	431	182	18603	232	0	19448
25338	21479	55	262	219	0	22015
25339	355	22174	159	161	0	22849
25340	130	197	21298	87	0	21712
25341	20509	86	276	132	0	21003
25342	219	20947	110	97	0	21373
25343	63	165	35	20104	0	20367
25344	37	20297	35	159	0	20528
25345	38	174	31	20603	0	20846
25346	38	42	20550	181	0	20811
25347	18915	31	188	115	0	19249
25348	175	27	20774	54	0	21030
25349	57	20326	192	43	0	20618
25350	31	20748	50	41	0	20870
25351	20512	181	44	84	0	20821
25352	169	58	20480	35	0	20742
25353	61	31	169	20251	0	20512
25354	36	34	20691	168	0	20929
25355	32	20884	178	44	0	21138
25356	66	173	47	20038	0	20324
25357	16	20886	42	144	0	21088
25358	21413	193	34	80	0	21720
25359	21598	31	27	100	0	21756
25360	21589	35	42	73	0	21739
25361	217	35	21203	43	0	21498
25362	68	45	20479	32	0	20624
25363	20832	32	213	56	0	21133
25364	209	29	21755	31	0	22024
25365	90	21	227	20867	0	21205
25366	41	21435	64	175	0	21715
25367	22138	190	44	85	0	22457
25368	22129	36	45	74	0	22284
25369	22633	33	25	104	0	22795
25370	274	20	31	22857	0	23182
25371	89	21	25	23138	0	23273
25372	23015	16	26	324	0	23381
25373	243	22821	33	87	0	23184
25374	22794	222	20	111	0	23147
25375	290	39	29	22565	0	22923
25376	79	26	28	22673	0	22806
25377	22143	14	16	318	0	22491
25378	245	21848	28	85	0	22206
25379	21885	226	23	102	0	22236
25380	274	22001	17	39	0	22331
25381	21892	253	24	70	0	22239
25382	308	46	23	22571	0	22948
25383	22742	39	20	290	0	23091
25384	23610	21	16	120	0	23767
25385	25462	23	24	121	0	25630
25386	431	26207	24	62	0	26724
25387	134	403	25512	22	0	26071
25388	25644	99	385	76	0	26204
25389	26358	56	76	96	0	26586
25390	485	25905	60	47	0	26497
25391	215	390	25	26197	0	26827
25392	150	103	29	26459	0	26741
25393	26237	81	34	527	0	26879
25394	510	61	36	26624	0	27231
25395	175	53	26553	457	0	27238
25396	140	57	26169	146	0	26512
25397	26950	43	464	148	0	27605
25398	529	45	120	27080	0	27774
25399	198	25	65	27504	0	27792
25400	152	36	57	27791	0	28036
25401	98	32	27742	585	0	28457
25402	149	27	461	27366	0	28003
25403	149	23	142	28191	0	28505
25404	132	33	96	28358	0	28619
25405	27641	32	56	689	0	28418
25406	523	35	50	27864	0	28472
25407	192	40	28226	581	0	29039
25408	28756	46	480	320	0	29602
25409	554	57	29737	185	0	30533
25410	30189	27	567	192	0	30975
25411	30432	39	139	212	0	30822
25412	792	39	104	30844	0	31779
25413	284	30935	87	712	0	32018
25414	282	545	94	31395	0	32316
25415	253	200	107	31707	0	32267
25416	173	31641	105	827	0	32746
25417	31579	565	89	386	0	32619
25418	652	31452	95	253	0	32452
25419	31620	638	74	262	0	32594
25420	32006	221	58	259	0	32544
25421	868	138	57	31385	0	32448
25422	417	100	60	31385	0	31962
25423	221	95	30186	851	0	31353
25424	238	91	29136	367	0	29832
25425	28736	99	685	313	0	29833
25426	29488	71	276	273	0	30108
25427	830	27941	172	197	0	29140
25428	425	524	132	27725	0	28806
25429	268	184	28748	684	0	29884
25430	286	243	609	28796	0	29934
25431	28532	118	290	831	0	29771
25432	28296	97	161	388	0	28942
25433	812	28070	104	261	0	29247
25434	425	568	93	28293	0	29379
25435	279	231	82	28764	0	29356
25436	249	155	91	28689	0	29184
25437	233	118	27182	873	0	28406
25438	25603	114	567	457	0	26741
25439	26784	94	197	325	0	27400
25440	843	125	26454	236	0	27658
25441	373	26541	577	270	0	27761
25442	26639	545	232	294	0	27710
25443	27013	205	179	289	0	27686
25444	856	154	26015	259	0	27284
25445	448	130	26555	205	0	27338
25446	379	137	727	26271	0	27514
25447	292	114	26542	664	0	27612
25448	25960	135	686	336	0	27117
25449	26508	111	284	281	0	27184
25450	26870	99	210	254	0	27433
25451	933	67	214	25528	0	26742
25452	461	26937	177	667	0	28242
25453	27449	523	153	443	0	28568
25454	27449	197	181	334	0	28161
25455	939	175	26548	236	0	27898
25456	550	132	26043	226	0	26951
25457	25814	115	685	274	0	26888
25458	852	129	303	26480	0	27764
25459	438	148	26413	677	0	27676
25460	362	26179	621	393	0	27555
25461	412	549	324	26405	0	27690
25462	26213	229	251	717	0	27410
25463	724	26738	243	360	0	28065
25464	467	546	197	26455	0	27665
25465	371	26156	196	677	0	27400
25466	294	27015	200	405	0	27914
25467	339	652	193	26786	0	27970
25468	351	311	178	26823	0	27663
25469	304	26604	224	770	0	27902
25470	26545	618	171	409	0	27743
25471	815	286	26296	275	0	27672
25472	26224	228	578	302	0	27332
25473	785	206	279	26966	0	28236
25474	423	180	233	27283	0	28119
25475	380	117	193	27447	0	28137
25476	372	134	216	27357	0	28079
25477	341	164	27065	851	0	28421
25478	358	121	616	27319	0	28414
25479	350	205	310	27704	0	28569
25480	276	28623	192	906	0	29997
25481	262	637	29117	527	0	30543
25482	250	29860	698	418	0	31226
25483	303	739	30308	325	0	31675
25484	241	30298	740	298	0	31577
25485	427	751	423	27482	0	29083
25486	27425	239	181	671	0	28516
25487	628	27463	176	366	0	28633
25488	376	564	157	27852	0	28949
25489	267	266	27966	628	0	29127
25490	210	28485	612	344	0	29651
25491	27910	635	318	328	0	29191
25492	28428	299	226	308	0	29261
25493	741	28393	169	221	0	29524
25494	382	635	27707	186	0	28910
25495	27286	275	623	207	0	28391
25496	712	258	269	28135	0	29374
25497	27721	196	197	738	0	28852
25498	688	28164	185	333	0	29370
25499	348	29068	156	257	0	29829
25500	293	734	28415	199	0	29641
25501	27893	367	624	194	0	29078
25502	760	301	248	28312	0	29621
25503	28351	139	203	719	0	29412
25504	658	28553	164	289	0	29664
25505	28726	609	125	283	0	29743
25506	28644	248	144	261	0	29297
25507	838	216	28598	175	0	29827
25508	316	27089	513	117	0	28035
25509	230	27744	221	126	0	28321
25510	193	700	121	25452	0	26466
25511	121	25550	111	421	0	26203
25512	25562	511	81	217	0	26371
25513	458	25631	64	137	0	26290
25514	216	527	56	24934	0	25733
25515	148	24801	62	389	0	25400
25516	137	24451	71	153	0	24812
25517	127	25337	60	109	0	25633
25518	229	577	92	25024	0	25922
25519	140	228	57	25417	0	25842
25520	146	176	40	25197	0	25559
25521	110	24720	63	515	0	25408
25522	91	441	24538	196	0	25266
25523	105	261	24209	128	0	24703
25524	24066	183	438	165	0	24852
25525	446	164	165	24796	0	25571
25526	173	196	25028	430	0	25827
25527	146	147	25032	179	0	25504
25528	101	25823	454	131	0	26509
25529	117	478	167	24538	0	25300
25530	113	235	96	25365	0	25809
25531	25057	194	70	595	0	25916
25532	418	147	69	25218	0	25852
25533	180	143	90	25372	0	25785
25534	122	125	25850	585	0	26682
25535	152	141	405	25708	0	26406
25536	139	133	178	26996	0	27446
25537	97	131	27023	570	0	27821
25538	92	124	27041	270	0	27527
25539	95	26983	518	200	0	27796
25540	87	484	27022	165	0	27758
25541	132	204	483	26594	0	27413
25542	369	203	288	22304	0	23164
25543	108	163	27309	583	0	28163
25544	88	27032	444	334	0	27898
25545	26208	464	205	311	0	27188
25546	386	26919	191	212	0	27708
25547	163	512	168	27225	0	28068
25548	152	254	154	27497	0	28057
25549	96	27309	174	626	0	28205
25550	100	522	159	27484	0	28265
25551	122	232	171	27641	0	28166
25552	98	225	26280	631	0	27234
25553	93	26000	504	359	0	26956
25554	115	525	227	26509	0	27376
25555	125	281	26465	562	0	27433
25556	171	217	477	26236	0	27101
25557	143	220	229	26385	0	26977
25558	136	177	199	26907	0	27419
25559	142	180	161	26756	0	27239
25560	177	194	125	26253	0	26749
25561	132	26452	145	663	0	27392
25562	26212	486	148	428	0	27274
25563	444	265	25763	286	0	26758
25564	23286	213	492	370	0	24361
25565	477	169	26828	257	0	27731
25566	182	27882	516	300	0	28880
25567	167	534	27660	233	0	28594
25568	117	27965	527	288	0	28897
25569	183	537	261	26376	0	27357
25570	170	239	198	27071	0	27678
25571	132	27251	136	671	0	28190
25572	107	28514	125	405	0	29151
25573	28319	608	128	333	0	29388
25574	29035	272	135	347	0	29789
25575	29105	222	128	267	0	29722
25576	29471	183	156	257	0	30067
25577	651	276	155	28792	0	29874
25578	238	28791	113	470	0	29612
25579	28684	458	126	350	0	29618
25580	431	210	87	27576	0	28304
25581	26611	139	87	430	0	27267
25582	25974	105	76	271	0	26426
25583	376	24679	65	144	0	25264
25584	140	23986	59	109	0	24294
25585	99	25122	50	86	0	25357
25586	117	555	103	23934	0	24709
25587	60	24761	64	255	0	25140
25588	24825	230	57	202	0	25314
25589	25292	90	43	182	0	25607
25590	25351	75	30	158	0	25614
25591	25808	64	42	120	0	26034
25592	25945	48	41	151	0	26185
25593	342	64	26335	71	0	26812
25594	26333	45	268	117	0	26763
25595	326	59	26667	54	0	27106
25596	26339	33	280	116	0	26768
25597	349	55	108	26621	0	27133
25598	155	59	25892	282	0	26388
25599	111	48	27185	128	0	27472
25600	58	29151	328	82	0	29619
25601	29483	386	174	128	0	30171
25602	30489	133	65	129	0	30816
25603	551	33103	51	89	0	33794
25604	330	511	28	37399	0	38268
25605	39921	193	43	813	0	40970
25606	894	136	40835	259	0	42124
25607	308	40824	806	141	0	42079
25608	40047	851	284	216	0	41398
25609	889	40780	165	108	0	41942
25610	478	976	87	39188	0	40729
25611	230	41048	109	764	0	42151
25612	297	1064	65	39717	0	41143
25613	162	39983	93	928	0	41166
25614	146	41950	64	354	0	42514
25615	40617	1183	53	311	0	42164
25616	41721	559	47	276	0	42603
25617	1164	342	40910	174	0	42590
25618	543	264	40075	142	0	41024
25619	315	278	41104	113	0	41810
25620	365	227	1227	40804	0	42623
25621	247	257	41817	878	0	43199
25622	306	227	1074	40867	0	42474
25623	292	233	434	41207	0	42166
25624	150	41320	318	1223	0	43011
25625	41371	985	215	640	0	43211
25626	932	41824	213	368	0	43337
25627	485	1115	176	42982	0	44758
25628	393	491	160	43544	0	44588
25629	378	323	167	43789	0	44657
25630	258	227	43193	1388	0	45066
25631	330	234	1049	42959	0	44572
25632	290	224	492	43827	0	44833
25633	313	210	318	44453	0	45294
25634	190	230	42739	1513	0	44672
25635	147	42636	986	805	0	44574
25636	42005	1031	397	695	0	44128
25637	40991	500	254	646	0	42391
25638	1137	42541	191	439	0	44308
25639	618	1136	192	42452	0	44398
25640	436	526	168	43852	0	44982
25641	301	392	42561	1445	0	44699
25642	258	42257	1007	779	0	44301
25643	330	1033	475	43084	0	44922
25644	231	499	43096	1281	0	45107
25645	288	358	1071	42577	0	44294
25646	291	293	486	42803	0	43873
25647	200	325	42783	1556	0	44864
25648	292	310	1077	42380	0	44059
25649	361	303	513	42202	0	43379
25650	289	297	43021	1515	0	45122
25651	343	277	1091	43171	0	44882
25652	325	264	540	42201	0	43330
25653	190	235	409	44537	0	45371
25654	144	211	43335	1757	0	45447
25655	209	201	1150	43461	0	45021
25656	42544	206	560	1668	0	44978
25657	42893	182	438	1031	0	44544
25658	1172	42926	370	786	0	45254
25659	43686	955	336	803	0	45780
25660	1177	447	45726	606	0	47956
25661	645	286	1090	46516	0	48537
25662	428	238	534	47337	0	48537
25663	366	211	378	48376	0	49331
25664	45762	216	318	1857	0	48153
25665	1012	45782	321	1051	0	48166
25666	453	973	253	44488	0	46167
25667	311	45004	272	1420	0	47007
25668	44657	1061	288	943	0	46949
25669	1062	45096	253	652	0	47063
25670	44763	1145	230	676	0	46814
25671	1149	44149	214	565	0	46077
25672	549	44972	235	518	0	46274
25673	453	1271	253	44747	0	46724
25674	342	608	255	45122	0	46327
25675	315	414	223	45026	0	45978
25676	284	379	217	44996	0	45876
25677	280	417	43655	1687	0	46039
25678	259	43462	952	937	0	45610
25679	253	1108	388	42546	0	44295
25680	217	43405	306	1356	0	45284
25681	276	1213	43127	783	0	45399
25682	356	585	992	42709	0	44642
25683	333	455	437	44733	0	45958
25684	261	393	43592	1462	0	45708
25685	205	42594	1026	912	0	44737
25686	209	1022	501	43127	0	44859
25687	158	469	42419	1493	0	44539
25688	139	42326	1048	993	0	44506
25689	183	1021	477	42218	0	43899
25690	155	517	41896	1361	0	43929
25691	211	426	40853	777	0	42267
25692	152	40474	1164	679	0	42469
25693	161	44055	514	574	0	45304
25694	244	1304	455	44968	0	46971
25695	281	600	322	47498	0	48701
25696	163	425	46913	1634	0	49135
25697	45001	373	1157	1037	0	47568
25698	46066	352	523	834	0	47775
25699	1322	352	45496	622	0	47792
25700	522	43352	1136	542	0	45552
25701	337	43715	518	487	0	45057
25702	284	42746	374	402	0	43806
25703	528	33820	536	476	0	35360
25704	865	1400	475	33759	0	36499
25705	177	290	98	39107	0	39672
25706	125	184	28	39189	0	39526
25707	111	152	39	39681	0	39983
25708	32	39262	42	1305	0	40641
25709	116	773	42	39632	0	40563
25710	42	39429	56	1112	0	40639
25711	134	926	37	40327	0	41424
25712	39560	436	40	1162	0	41198
25713	827	283	35	40240	0	41385
25714	344	39805	72	1108	0	41329
25715	291	858	25	41169	0	42343
25716	229	437	19	42031	0	42716
25717	174	305	29	42441	0	42949
25718	40477	218	32	1821	0	42548
25719	909	262	27	42028	0	43226
25720	387	223	40670	1506	0	42786
25721	240	41520	794	870	0	43424
25722	286	1026	330	42865	0	44507
25723	321	508	200	44093	0	45122
25724	233	363	126	44668	0	45390
25725	42590	317	88	1923	0	44918
25726	1039	277	41718	1106	0	44140
25727	582	209	872	41047	0	42710
25728	298	41332	397	1509	0	43536
25729	342	1050	216	42270	0	43878
25730	40035	549	148	1732	0	42464
25731	943	40870	178	1031	0	43022
25732	543	1200	111	41286	0	43140
25733	366	571	111	41817	0	42865
25734	205	40488	118	1900	0	42711
25735	302	1104	88	41548	0	43042
25736	337	573	117	42231	0	43258
25737	192	428	40268	1958	0	42846
25738	170	40155	957	1230	0	42512
25739	40117	1225	418	998	0	42758
25740	1087	623	39888	824	0	42422
25741	39275	451	1027	822	0	41575
25742	1264	434	39756	740	0	42194
25743	700	329	1134	40134	0	42297
25744	39596	314	552	1787	0	42249
25745	1228	370	350	40461	0	42409
25746	40005	313	235	1983	0	42536
25747	40507	335	228	1312	0	42382
25748	40358	364	267	1010	0	41999
25749	1671	39605	238	791	0	42305
25750	1014	1187	239	39622	0	42062
25751	683	643	295	40585	0	42206
25752	636	436	230	40798	0	42100
25753	467	347	39187	2081	0	42082
25754	491	282	1117	40129	0	42019
25755	39284	249	585	1949	0	42067
25756	39969	268	402	1357	0	41996
25757	1797	287	38727	910	0	41721
25758	39310	279	1135	812	0	41536
25759	39996	308	570	774	0	41648
25760	1849	376	393	36767	0	39385
25761	36491	289	271	1786	0	38837
25762	36979	272	258	1266	0	38775
25763	1850	283	260	36381	0	38774
25764	36399	212	332	1821	0	38764
25765	36548	244	335	1230	0	38357
25766	2023	267	306	35676	0	38272
25767	1301	405	29145	1685	0	32536
25768	34269	273	982	1103	0	36627
25769	1752	266	34867	816	0	37701
25770	1168	265	35051	776	0	37260
25771	888	34230	1527	828	0	37473
25772	946	1025	742	34277	0	36990
25773	873	511	465	35317	0	37166
25774	826	332	334	35165	0	36657
25775	870	261	34006	2100	0	37237
25776	836	243	34073	1288	0	36440
25777	711	33674	1508	1021	0	36914
25778	775	1079	816	33745	0	36415
25779	797	493	595	34841	0	36726
25780	662	344	565	35160	0	36731
25781	655	286	33518	2049	0	36508
25782	602	32907	1284	1383	0	36176
25783	641	1018	723	33725	0	36107
25784	662	536	33562	1757	0	36517
25785	629	368	33779	1157	0	35933
25786	33122	263	1719	910	0	36014
25787	33773	274	976	802	0	35825
25788	34059	302	632	812	0	35805
25789	1917	244	558	32364	0	35083
25790	1100	252	32228	1650	0	35230
25791	793	31394	1227	1198	0	34612
25792	635	32661	809	1020	0	35125
25793	599	1234	28805	716	0	31354
25794	759	1066	1297	25708	0	28830
25795	514	503	817	23924	0	25758
25796	498	22945	605	1226	0	25274
25797	563	23936	433	754	0	25686
25798	23486	945	395	563	0	25389
25799	23820	488	355	541	0	25204
25800	24056	272	327	567	0	25222
25801	23590	212	343	489	0	24634
25802	22560	250	279	524	0	23613
25803	1296	20937	334	475	0	23042
25804	499	16883	246	298	0	17926
25805	257	14176	166	192	0	14791
25806	13308	359	576	208	0	14451
25807	602	255	231	12587	0	13675
25808	225	69	96	12485	0	12875
25809	12261	66	127	386	0	12840
25810	323	12234	116	211	0	12884
25811	190	278	103	12327	0	12898
25812	160	119	107	12552	0	12938
25813	184	77	137	12497	0	12895
25814	11887	67	89	376	0	12419
25815	379	54	87	12016	0	12536
25816	184	70	11396	297	0	11947
25817	11156	70	216	168	0	11610
25818	332	87	116	11267	0	11802
25819	171	50	11112	248	0	11581
25820	151	10939	218	132	0	11440
25821	78	10400	87	77	0	10642
25822	9672	202	216	78	0	10168
25823	9548	68	80	65	0	9761
25824	158	9708	29	30	0	9925
25825	88	127	17	10135	0	10367
25826	10520	36	9	190	0	10755
25827	184	17	15	11113	0	11329
25828	80	19	21	11595	0	11715
25829	70	22	21	11703	0	11816
25830	63	26	16	11671	0	11776
25831	28	11406	23	307	0	11764
25832	47	184	25	11649	0	11905
25833	36	66	17	11764	0	11883
25834	41	43	20	11823	0	11927
25835	25	41	11365	298	0	11729
25836	20	11399	192	137	0	11748
25837	55	202	62	11519	0	11838
25838	33	70	11350	244	0	11697
25839	42	40	10816	119	0	11017
25840	35	11223	236	72	0	11566
25841	11201	201	92	90	0	11584
25842	207	82	57	11343	0	11689
25843	11319	46	38	258	0	11661
25844	200	11444	39	111	0	11794
25845	99	213	28	11512	0	11852
25846	11161	81	19	277	0	11538
25847	11418	48	27	148	0	11641
25848	273	42	19	11324	0	11658
25849	123	32	29	11328	0	11512
25850	70	40	11161	280	0	11551
25851	62	28	196	11173	0	11459
25852	67	62	83	11427	0	11639
25853	11138	31	47	310	0	11526
25854	196	11206	41	148	0	11591
25855	89	192	10959	97	0	11337
25856	10734	73	183	99	0	11089
25857	219	11046	56	66	0	11387
25858	111	201	28	11026	0	11366
25859	10978	71	36	225	0	11310
25860	228	49	16	10903	0	11196
25861	124	36	22	10994	0	11176
25862	61	26	10783	294	0	11164
25863	67	28	169	10919	0	11183
25864	10851	19	79	285	0	11234
25865	214	17	34	10985	0	11250
25866	10776	32	33	294	0	11135
25867	224	10492	30	163	0	10909
25868	102	10878	29	109	0	11118
25869	68	222	32	10942	0	11264
25870	78	103	22	10989	0	11192
25871	10553	78	18	298	0	10947
25872	206	10551	18	153	0	10928
25873	10660	198	22	120	0	11000
25874	10766	88	33	114	0	11001
25875	268	53	21	10654	0	10996
25876	10662	42	29	256	0	10989
25877	270	31	10346	124	0	10771
25878	150	29	187	10405	0	10771
25879	92	34	10502	252	0	10880
25880	91	42	208	10607	0	10948
25881	10435	41	91	288	0	10855
25882	10620	36	41	164	0	10861
25883	260	10491	41	133	0	10925
25884	132	206	20	10519	0	10877
25885	117	84	26	10593	0	10820
25886	86	10464	24	298	0	10872
25887	96	213	14	10746	0	11069
25888	92	90	22	10813	0	11017
25889	46	10578	36	330	0	10990
25890	10364	208	28	184	0	10784
25891	10465	82	43	155	0	10745
25892	274	60	29	10401	0	10764
25893	133	55	35	10483	0	10706
25894	98	52	10323	318	0	10791
25895	106	44	191	10301	0	10642
25896	78	10223	78	299	0	10678
25897	10374	206	46	179	0	10805
25898	223	92	44	10381	0	10740
25899	108	63	26	10266	0	10463
25900	9877	60	25	345	0	10307
25901	234	9943	28	192	0	10397
25902	114	201	22	10231	0	10568
25903	92	97	27	10292	0	10508
25904	86	10090	24	354	0	10554
25905	10191	213	27	191	0	10622
25906	239	90	10019	135	0	10483
25907	116	81	10013	111	0	10321
25908	88	62	253	10090	0	10493
25909	76	46	10010	269	0	10401
25910	9823	64	222	150	0	10259
25911	264	32	92	10113	0	10501
25912	110	38	10174	271	0	10593
25913	96	43	10149	140	0	10428
25914	86	10337	241	115	0	10779
25915	10178	204	102	118	0	10602
25916	224	10483	73	100	0	10880
25917	10418	206	73	100	0	10797
25918	10395	101	53	96	0	10645
25919	263	10047	47	83	0	10440
25920	9978	209	39	68	0	10294
25921	10044	72	36	75	0	10227
25922	277	65	9763	62	0	10167
25923	168	390	166	9181	0	9905
25924	90	9053	54	193	0	9390
25925	51	8862	37	58	0	9008
25926	145	271	80	8158	0	8654
25927	7810	57	65	210	0	8142
25928	115	23	14	7622	0	7774
25929	40	22	8	8021	0	8091
25930	36	30	9	8204	0	8279
25931	35	8545	9	153	0	8742
25932	43	139	8	9071	0	9261
25933	26	45	9564	179	0	9814
25934	9245	29	164	77	0	9515
25935	10001	24	44	56	0	10125
25936	219	9752	33	35	0	10039
25937	9913	172	26	43	0	10154
25938	225	57	14	9995	0	10291
25939	77	30	9890	190	0	10187
25940	9690	25	166	70	0	9951
25941	203	9970	45	36	0	10254
25942	78	175	25	9962	0	10240
25943	10159	52	24	209	0	10444
25944	192	10115	16	71	0	10394
25945	55	10390	19	53	0	10517
25946	10274	232	25	63	0	10594
25947	224	79	9969	23	0	10295
25948	10148	49	168	43	0	10408
25949	246	40	54	10092	0	10432
25950	119	43	29	10190	0	10381
25951	65	40	10033	229	0	10367
25952	56	34	9992	90	0	10172
25953	58	18	236	10128	0	10440
25954	59	26	9977	209	0	10271
25955	51	50	9957	81	0	10139
25956	68	23	223	9894	0	10208
25957	52	26	83	10086	0	10247
25958	10016	38	60	246	0	10360
25959	220	41	41	10006	0	10308
25960	10027	28	27	250	0	10332
25961	224	9996	51	89	0	10360
25962	124	185	33	10134	0	10476
25963	60	67	10314	245	0	10686
25964	10327	36	200	114	0	10677
25965	10662	29	87	72	0	10850
25966	10770	24	65	73	0	10932
25967	10652	25	57	72	0	10806
25968	10577	23	60	59	0	10719
25969	293	16	51	10285	0	10645
25970	114	18	10199	229	0	10560
25971	103	25	10178	93	0	10399
25972	87	16	10313	72	0	10488
25973	10099	28	259	88	0	10474
25974	10500	29	86	64	0	10679
25975	277	39	60	10106	0	10482
25976	106	10396	64	215	0	10781
25977	96	184	65	10618	0	10963
25978	90	64	10540	233	0	10927
25979	91	37	10384	98	0	10610
25980	10248	44	252	80	0	10624
25981	265	19	10742	64	0	11090
25982	123	32	240	10680	0	11075
25983	11041	21	97	271	0	11430
25984	10625	18	93	122	0	10858
25985	11359	12	85	87	0	11543
25986	11401	25	66	77	0	11569
25987	343	23	10980	56	0	11402
25988	10950	16	226	70	0	11262
25989	281	11052	98	68	0	11499
25990	156	207	55	11217	0	11635
25991	105	66	11190	237	0	11598
25992	110	45	238	11166	0	11559
25993	93	39	11367	243	0	11742
25994	97	32	257	11174	0	11560
25995	87	39	121	11382	0	11629
25996	93	26	11115	314	0	11548
25997	97	24	253	11104	0	11478
25998	11293	21	107	296	0	11717
25999	291	25	64	11326	0	11706
26000	134	19	89	11569	0	11811
26001	11296	28	81	316	0	11721
26002	273	11431	69	125	0	11898
26003	11517	213	57	134	0	11921
26004	265	11586	66	96	0	12013
26005	11952	222	66	112	0	12352
26006	257	98	11812	100	0	12267
26007	148	52	226	11839	0	12265
26008	103	47	95	12013	0	12258
26009	11836	30	83	310	0	12259
26010	235	11643	88	142	0	12108
26011	129	195	51	11647	0	12022
26012	105	59	63	11653	0	11880
26013	87	10883	60	598	0	11628
26014	11102	185	47	162	0	11496
26015	242	11186	40	103	0	11571
26016	115	189	42	11011	0	11357
26017	103	73	36	10889	0	11101
26018	68	10744	33	243	0	11088
26019	10762	185	43	118	0	11108
26020	214	69	10639	97	0	11019
26021	10405	43	183	79	0	10710
26022	214	10530	71	82	0	10897
26023	123	165	29	10596	0	10913
26024	10644	68	48	216	0	10976
26025	219	43	35	10712	0	11009
26026	101	47	38	10773	0	10959
26027	10767	30	31	267	0	11095
26028	222	10517	32	95	0	10866
26029	90	10719	30	78	0	10917
26030	10546	148	25	101	0	10820
26031	187	53	10347	58	0	10645
26032	67	9924	119	46	0	10156
26033	110	158	97	9480	0	9845
26034	45	21	10483	85	0	10634
26035	32	43	131	10050	0	10256
26036	10259	14	39	163	0	10475
26037	130	10369	27	51	0	10577
26038	60	134	20	10040	0	10254
26039	33	10353	12	108	0	10506
26040	10499	152	10	54	0	10715
26041	10721	43	14	60	0	10838
26042	170	10786	14	22	0	10992
26043	74	137	5	10821	0	11037
26044	44	11127	14	150	0	11335
26045	11386	176	7	65	0	11634
26046	11648	61	13	45	0	11767
26047	235	44	9	11475	0	11763
26048	119	24	10	11737	0	11890
26049	69	21	11388	222	0	11700
26050	11007	26	165	126	0	11324
26051	196	33	11429	58	0	11716
26052	88	23	182	11318	0	11611
26053	11293	12	55	204	0	11564
26054	188	11554	41	79	0	11862
26055	11185	178	24	100	0	11487
26056	194	80	10748	53	0	11075
26057	11160	55	130	48	0	11393
26058	223	11591	48	58	0	11920
26059	11689	184	31	59	0	11963
26060	220	11986	20	46	0	12272
26061	99	200	28	11929	0	12256
26062	71	81	11747	200	0	12099
26063	53	57	11337	84	0	11531
26064	73	39	218	11426	0	11756
26065	55	48	11572	198	0	11873
26066	72	36	207	11481	0	11796
26067	73	39	71	11493	0	11676
26068	43	34	11860	243	0	12180
26069	10688	36	191	139	0	11054
26070	11743	33	78	95	0	11949
26071	239	11580	56	54	0	11929
26072	11626	182	48	64	0	11920
26073	223	74	21	11620	0	11938
26074	98	58	11930	194	0	12280
26075	81	45	183	11843	0	12152
26076	80	34	87	12070	0	12271
26077	11768	19	68	250	0	12105
26078	169	11621	47	120	0	11957
26079	76	11858	22	92	0	12048
26080	64	200	33	11946	0	12243
26081	67	84	36	11774	0	11961
26082	52	11658	25	223	0	11958
26083	56	191	24	11584	0	11855
26084	53	77	22	11486	0	11638
26085	39	11403	21	244	0	11707
26086	11472	172	37	123	0	11804
26087	178	83	29	11480	0	11770
26088	68	11551	25	222	0	11866
26089	61	186	22	11619	0	11888
26090	11465	83	23	241	0	11812
26091	172	11493	18	119	0	11802
26092	11656	193	19	99	0	11967
26093	11738	83	18	88	0	11927
26094	254	74	12	11737	0	12077
26095	12009	55	15	235	0	12314
26096	12202	41	15	141	0	12399
26097	12261	54	16	94	0	12425
26098	12248	35	13	87	0	12383
26099	292	36	20	12144	0	12492
26100	145	37	20	12264	0	12466
26101	104	40	12056	255	0	12455
26102	109	29	164	11940	0	12242
26103	82	34	62	12126	0	12304
26104	65	34	11869	278	0	12246
26105	11508	18	187	147	0	11860
26106	244	29	71	11882	0	12226
26107	112	28	12037	242	0	12419
26108	11831	24	207	147	0	12209
26109	272	34	12962	90	0	13358
26110	119	13307	253	157	0	13836
26111	90	14059	101	75	0	14325
26112	96	284	51	14824	0	15255
26113	60	108	16287	294	0	16749
26114	16326	64	317	178	0	16885
26115	17387	41	112	131	0	17671
26116	420	38	17116	81	0	17655
26117	17108	37	337	101	0	17583
26118	17493	37	120	112	0	17762
26119	410	17398	99	72	0	17979
26120	17470	321	72	88	0	17951
26121	433	95	55	17335	0	17918
26122	157	77	17294	324	0	17852
26123	175	65	310	16481	0	17031
26124	101	17320	128	311	0	17860
26125	80	18034	101	133	0	18348
26126	17875	386	64	96	0	18421
26127	17774	139	53	99	0	18065
26128	17766	100	79	107	0	18052
26129	511	71	62	17364	0	18008
26130	230	114	62	16963	0	17369
26131	150	16950	80	406	0	17586
26132	16920	330	75	231	0	17556
26133	413	17220	97	144	0	17874
26134	16067	281	51	90	0	16489
26135	402	16154	97	66	0	16719
26136	16232	275	99	89	0	16695
26137	15978	128	50	102	0	16258
26138	494	118	64	15750	0	16426
26139	251	16234	64	276	0	16825
26140	251	286	15520	123	0	16180
26141	15305	147	240	176	0	15868
26142	360	15295	140	100	0	15895
26143	212	278	15487	133	0	16110
26144	152	181	15488	83	0	15904
26145	200	145	255	14959	0	15559
26146	221	95	63	14709	0	15088
26147	175	15507	45	267	0	15994
26148	15912	283	29	154	0	16378
26149	349	127	31	15654	0	16161
26150	187	16292	38	276	0	16793
26151	177	17335	35	130	0	17677
26152	182	304	17072	116	0	17674
26153	160	202	16991	92	0	17445
26154	16815	137	245	116	0	17313
26155	341	165	17127	76	0	17709
26156	254	126	234	16890	0	17504
26157	228	110	83	17500	0	17921
26158	144	136	17337	326	0	17943
26159	171	138	257	17091	0	17657
26160	178	107	152	16323	0	16760
26161	17049	113	102	360	0	17624
26162	17456	139	121	144	0	17860
26163	344	116	164	17168	0	17792
26164	157	16934	154	300	0	17545
26165	118	17928	116	187	0	18349
26166	17985	318	129	155	0	18587
26167	322	174	17872	125	0	18493
26168	184	120	273	17879	0	18456
26169	18362	130	130	399	0	19021
26170	18678	170	100	167	0	19115
26171	380	126	117	18503	0	19126
26172	146	118	18515	335	0	19114
26173	175	136	17513	137	0	17961
26174	17474	95	388	160	0	18117
26175	18198	88	238	162	0	18686
26176	404	18211	157	172	0	18944
26177	229	18808	162	188	0	19387
26178	19301	316	171	219	0	20007
26179	19777	138	111	295	0	20321
26180	463	121	107	20175	0	20866
26181	307	113	127	20517	0	21064
26182	272	96	101	20699	0	21168
26183	20500	113	120	445	0	21178
26184	497	155	92	20634	0	21378
26185	307	159	20875	347	0	21688
26186	20344	130	297	211	0	20982
26187	464	135	153	21001	0	21753
26188	274	138	21327	378	0	22117
26189	20798	126	301	240	0	21465
26190	19974	139	150	240	0	20503
26191	382	22615	143	209	0	23349
26192	263	23427	172	131	0	23993
26193	250	374	22314	166	0	23104
26194	22942	186	265	191	0	23584
26195	477	23827	137	121	0	24562
26196	283	380	22798	152	0	23613
26197	22895	176	287	202	0	23560
26198	496	25053	110	168	0	25827
26199	279	373	24886	186	0	25724
26200	24237	203	285	240	0	24965
26201	442	25188	121	195	0	25946
26202	261	346	93	25220	0	25920
26203	25232	143	90	416	0	25881
26204	413	25135	101	266	0	25915
26205	243	382	142	25108	0	25875
26206	25124	100	102	418	0	25744
26207	367	77	24969	223	0	25636
26208	192	24562	324	121	0	25199
26209	201	276	24288	110	0	24875
26210	157	210	274	23368	0	24009
26211	112	82	23533	219	0	23946
26212	98	22285	201	95	0	22679
26213	35	21258	104	45	0	21442
26214	90	179	57	20904	0	21230
26215	48	32	20	20173	0	20273
26216	34	15	19	20501	0	20569
26217	22	21	21225	140	0	21408
26218	41	16	124	21300	0	21481
26219	21323	11	38	188	0	21560
26220	21113	17	18	92	0	21240
26221	166	29	21753	22	0	21970
26222	55	21845	124	31	0	22055
26223	21986	125	33	83	0	22227
26224	120	21891	29	43	0	22083
26225	22039	119	20	88	0	22266
26226	22106	35	17	80	0	22238
26227	158	31	21952	30	0	22171
26228	45	22516	143	37	0	22741
26229	63	122	41	22834	0	23060
26230	42	51	22941	125	0	23159
26231	21920	41	137	111	0	22209
26232	177	20	40	22980	0	23217
26233	62	29	22842	135	0	23068
26234	22253	31	150	87	0	22521
26235	199	34	23585	29	0	23847
26236	129	15	174	23613	0	23931
26237	24303	30	42	267	0	24642
26238	207	25204	37	89	0	25537
26239	91	202	26184	31	0	26508
26240	25956	57	210	123	0	26346
26241	28140	51	65	89	0	28345
26242	299	29003	62	63	0	29427
26243	160	244	41	29389	0	29834
26244	124	92	17	29518	0	29751
26245	29141	61	27	426	0	29655
26246	345	40	34	29382	0	29801
26247	130	33	29412	323	0	29898
26248	104	30	293	29139	0	29566
26249	29267	22	85	432	0	29806
26250	323	28958	65	150	0	29496
26251	157	331	34	28373	0	28895
26252	78	28836	59	327	0	29300
26253	29368	360	30	173	0	29931
26254	410	131	28	31354	0	31923
26255	196	87	24	32224	0	32531
26256	89	32217	43	625	0	32974
26257	96	472	31952	242	0	32762
26258	150	191	455	31428	0	32224
26259	118	104	158	32295	0	32675
26260	133	69	101	32123	0	32426
26261	61	31761	75	706	0	32603
26262	80	464	31896	290	0	32730
26263	61	217	32021	161	0	32460
26264	31754	121	616	196	0	32687
26265	32777	88	235	189	0	33289
26266	681	58	32934	104	0	33777
26267	32186	43	538	237	0	33004
26268	607	84	33607	122	0	34420
26269	32525	73	611	181	0	33390
26270	604	33761	266	198	0	34829
26271	34302	519	161	212	0	35194
26272	682	177	34672	157	0	35688
26273	281	144	35250	114	0	35789
26274	272	114	745	36847	0	37978
26275	37930	61	323	875	0	39189
26276	853	39513	230	271	0	40867
26277	336	860	42616	168	0	43980
26278	376	248	1074	42737	0	44435
26279	298	147	352	44536	0	45333
26280	43339	85	233	1420	0	45077
26281	43976	72	181	518	0	44747
26282	1490	97	124	43324	0	45035
26283	43592	109	108	1327	0	45136
26284	1377	105	42525	370	0	44377
26285	590	77	1123	42006	0	43796
26286	411	58	353	43636	0	44458
26287	42918	84	227	1535	0	44764
26288	43200	90	163	578	0	44031
26289	1523	98	149	42481	0	44251
26290	42475	75	155	1413	0	44118
26291	1368	89	40822	511	0	42790
26292	478	40400	1141	415	0	42434
26293	391	1054	40497	299	0	42241
26294	450	374	1170	40646	0	42640
26295	39966	159	396	1408	0	41929
26296	1244	39638	274	508	0	41664
26297	556	1101	238	39440	0	41335
26298	443	304	215	38653	0	39615
26299	297	38541	192	1461	0	40491
26300	384	1157	169	39279	0	40989
26301	418	391	175	39710	0	40694
26302	381	220	167	40161	0	40929
26303	353	178	179	39983	0	40693
26304	396	149	199	39516	0	40260
26305	287	38036	193	1721	0	40237
26306	346	1112	209	38823	0	40490
26307	356	342	206	39299	0	40203
26308	306	263	37434	1688	0	39691
26309	293	37174	1141	792	0	39400
26310	355	1163	351	37829	0	39698
26311	402	372	262	38310	0	39346
26312	344	315	233	38117	0	39009
26313	267	36761	228	1871	0	39127
26314	314	1155	36698	916	0	39083
26315	400	375	1187	37537	0	39499
26316	300	307	37091	1648	0	39346
26317	292	254	36927	802	0	38275
26318	350	235	1403	36882	0	38870
26319	36802	193	545	1723	0	39263
26320	1264	234	384	37151	0	39033
26321	518	203	339	37031	0	38091
26322	388	36488	287	1763	0	38926
26323	398	1161	250	37759	0	39568
26324	371	344	251	38671	0	39637
26325	275	310	37567	1906	0	40058
26326	294	37316	1195	946	0	39751
26327	262	1178	501	38230	0	40171
26328	36735	427	384	1779	0	39325
26329	1231	347	36854	836	0	39268
26330	535	242	1252	37227	0	39256
26331	454	214	490	38190	0	39348
26332	36544	236	385	1940	0	39105
26333	1246	36372	294	1058	0	38970
26334	35674	1179	227	982	0	38062
26335	1267	35738	242	773	0	38020
26336	505	1266	241	35756	0	37768
26337	34772	448	244	1711	0	37175
26338	1207	325	34167	926	0	36625
26339	488	32977	1123	809	0	35397
26340	388	33626	446	715	0	35175
26341	31128	1254	385	660	0	33427
26342	1156	460	297	30216	0	32129
26343	438	29680	289	1451	0	31858
26344	364	31018	274	806	0	32462
26345	408	1223	197	30798	0	32626
26346	360	474	192	31536	0	32562
26347	29998	371	197	1651	0	32217
26348	1116	29821	226	908	0	32071
26349	477	1168	261	29992	0	31898
26350	360	421	29457	1372	0	31610
26351	302	29467	1021	779	0	31569
26352	303	1046	28956	639	0	30944
26353	290	28757	1080	611	0	30738
26354	474	1133	562	26567	0	28736
26355	291	356	191	26355	0	27193
26356	213	26016	197	1180	0	27606
26357	214	923	25887	600	0	27624
26358	25877	383	811	553	0	27624
26359	852	308	247	27348	0	28755
26360	319	284	212	28081	0	28896
26361	224	289	27216	1238	0	28967
26362	244	315	852	27366	0	28777
26363	153	314	27352	1237	0	29056
26364	226	315	870	27456	0	28867
26365	171	279	28124	1199	0	29773
26366	118	28158	868	667	0	29811
26367	129	992	28634	558	0	30313
26368	231	375	893	28513	0	30012
26369	28092	310	275	1247	0	29924
26370	857	27654	207	582	0	29300
26371	339	1046	204	27498	0	29087
26372	207	340	26959	1102	0	28608
26373	145	27437	876	535	0	28993
26374	202	878	267	24962	0	26309
26375	117	278	24888	718	0	26001
26376	63	22470	506	240	0	23279
26377	18559	428	348	290	0	19625
26378	17865	73	112	117	0	18167
26379	263	45	31	17826	0	18165
26380	17888	37	45	261	0	18231
26381	229	28	30	17842	0	18129
26382	96	30	38	18142	0	18306
26383	52	41	19394	275	0	19762
26384	84	29	204	19200	0	19517
26385	47	30	66	19827	0	19970
26386	19531	36	42	344	0	19953
26387	19290	25	34	151	0	19500
26388	228	19603	35	79	0	19945
26389	75	219	19885	54	0	20233
26390	87	69	215	19592	0	19963
26391	44	45	19561	234	0	19884
26392	18372	22	201	142	0	18737
26393	241	37	19409	46	0	19733
26394	98	22	184	19023	0	19327
26395	35	19342	69	211	0	19657
26396	44	183	46	19461	0	19734
26397	58	48	37	19364	0	19507
26398	27	38	20084	259	0	20408
26399	75	16	195	19945	0	20231
26400	20086	28	66	303	0	20483
26401	20063	17	39	149	0	20268
26402	20070	26	39	98	0	20233
26403	20237	32	37	107	0	20413
26404	233	19712	47	91	0	20083
26405	81	19878	61	73	0	20093
26406	159	227	51	18457	0	18894
26407	82	61	36	19799	0	19978
26408	42	18922	62	265	0	19291
26409	49	192	32	20216	0	20489
26410	57	78	30	20253	0	20418
26411	65	44	39	20122	0	20270
26412	66	36	42	20080	0	20224
26413	55	32	41	20344	0	20472
26414	19977	27	29	366	0	20399
26415	214	19645	40	117	0	20016
26416	98	198	19402	95	0	19793
26417	88	61	190	19434	0	19773
26418	59	58	62	19797	0	19976
26419	49	53	44	19644	0	19790
26420	19546	43	45	379	0	20013
26421	220	21041	44	142	0	21447
26422	129	305	39	21386	0	21859
26423	64	21875	48	453	0	22440
26424	81	468	29	21779	0	22357
26425	58	21417	38	514	0	22027
26426	64	488	22575	209	0	23336
26427	102	145	538	23891	0	24676
26428	55	130	28015	655	0	28855
26429	135	61	840	28088	0	29124
26430	120	60	234	30557	0	30971
26431	30045	65	159	1208	0	31477
26432	30317	74	78	513	0	30982
26433	30978	58	82	350	0	31468
26434	30925	64	71	265	0	31325
26435	30980	72	81	231	0	31364
26436	1296	73	78	29492	0	30939
26437	400	29630	106	993	0	31129
26438	333	912	75	29800	0	31120
26439	198	265	28783	1115	0	30361
26440	28623	170	832	492	0	30117
26441	30248	83	243	332	0	30906
26442	1284	60	165	29572	0	31081
26443	530	67	77	29678	0	30352
26444	360	28467	64	1184	0	30075
26445	296	865	60	29451	0	30672
26446	273	247	71	29547	0	30138
26447	222	28611	82	1231	0	30146
26448	264	899	78	29474	0	30715
26449	27478	245	85	1387	0	29195
26450	948	224	28057	453	0	29682
26451	27467	133	869	517	0	28986
26452	1056	148	28061	342	0	29607
26453	428	110	982	27786	0	29306
26454	339	107	279	27835	0	28560
26455	214	26936	168	1249	0	28567
26456	194	28104	133	552	0	28983
26457	316	1121	90	26482	0	28009
26458	200	366	26726	1077	0	28369
26459	25454	190	876	484	0	27004
26460	1004	127	275	26121	0	27527
26461	307	25703	236	1085	0	27331
26462	367	869	105	26090	0	27431
26463	275	291	105	26127	0	26798
26464	225	25124	73	1168	0	26590
26465	294	888	90	24148	0	25420
26466	170	260	22730	1060	0	24220
26467	164	234	22358	417	0	23173
26468	191	199	840	21427	0	22657
26469	93	22071	299	881	0	23344
26470	125	816	153	22429	0	23523
26471	22120	258	109	1073	0	23560
26472	22674	209	91	456	0	23430
26473	21424	136	87	405	0	22052
26474	991	21065	115	273	0	22444
26475	341	802	20795	257	0	22195
26476	20554	254	803	306	0	21917
26477	21395	239	242	306	0	22182
26478	942	20712	187	287	0	22128
26479	437	812	126	20832	0	22207
26480	20847	277	122	956	0	22202
26481	21303	192	126	426	0	22047
26482	21508	153	129	307	0	22097
26483	1199	142	140	19234	0	20715
26484	19540	124	127	950	0	20741
26485	1099	153	129	19325	0	20706
26486	538	121	101	19976	0	20736
26487	19313	185	71	1195	0	20764
26488	1042	157	112	19123	0	20434
26489	18812	138	127	1138	0	20215
26490	1217	102	133	18794	0	20246
26491	601	138	101	19447	0	20287
26492	18592	128	96	1361	0	20177
26493	1115	144	17825	690	0	19774
26494	593	133	782	18611	0	20119
26495	588	118	244	19023	0	19973
26496	488	105	193	18926	0	19712
26497	451	147	140	19193	0	19931
26498	419	112	131	18250	0	18912
26499	393	17132	136	1410	0	19071
26500	389	803	139	17772	0	19103
26501	400	312	17022	1269	0	19003
26502	426	253	811	17593	0	19083
26503	397	144	277	18143	0	18961
26504	383	146	171	18537	0	19237
26505	347	188	17156	1435	0	19126
26506	258	202	17519	796	0	18775
26507	17130	190	994	654	0	18968
26508	17645	181	411	565	0	18802
26509	1104	17521	267	527	0	19419
26510	514	836	158	18214	0	19722
26511	392	337	150	19106	0	19985
26512	299	266	173	19392	0	20130
26513	18301	171	184	1502	0	20158
26514	19086	171	254	722	0	20233
26515	1162	150	199	18706	0	20217
26516	504	166	203	19257	0	20130
26517	407	221	149	19261	0	20038
26518	273	193	151	19466	0	20083
26519	18046	193	172	1501	0	19912
26520	947	177	17465	756	0	19345
26521	377	14785	680	607	0	16449
26522	274	14831	234	416	0	15755
26523	13896	614	156	409	0	15075
26524	658	573	152	13641	0	15024
26525	258	217	13418	817	0	14710
26526	177	148	12172	421	0	12918
26527	139	11582	520	386	0	12627
26528	7362	140	238	123	0	7863
26529	161	39	7129	93	0	7422
26530	5481	53	121	40	0	5695
26531	61	8	19	5590	0	5678
26532	29	8	9	5645	0	5691
26533	14	5501	9	76	0	5600
26534	16	5715	10	37	0	5778
26535	5759	57	8	34	0	5858
26536	5795	17	11	23	0	5846
26537	56	5869	11	27	0	5963
26538	33	39	5704	19	0	5795
26539	17	24	5745	22	0	5808
26540	13	26	58	5874	0	5971
26541	6073	4	29	54	0	6160
26542	47	6053	11	30	0	6141
26543	24	42	6	6427	0	6499
26544	6484	17	8	68	0	6577
26545	56	7	11	6589	0	6663
26546	33	7	6	6843	0	6889
26547	6828	5	8	93	0	6934
26548	42	6820	12	50	0	6924
26549	41	7241	6	30	0	7318
26550	24	70	7606	19	0	7719
26551	15	34	49	7723	0	7821
26552	22	18	30	7787	0	7857
26553	14	8	8084	89	0	8195
26554	7426	6	59	74	0	7565
26555	7820	5	35	42	0	7902
26556	80	10	8247	25	0	8362
26557	7443	10	50	45	0	7548
26558	60	18	8635	20	0	8733
26559	38	9206	56	33	0	9333
26560	33	49	34	9845	0	9961
26561	19	33	12	10189	0	10253
26562	10262	13	8	114	0	10397
26563	10135	15	11	56	0	10217
26564	10155	12	13	43	0	10223
26565	10283	4	13	32	0	10332
26566	10220	4	18	32	0	10274
26567	87	13	10088	25	0	10213
26568	48	10189	59	28	0	10324
26569	34	51	33	10339	0	10457
26570	23	10282	15	54	0	10374
26571	22	10490	18	37	0	10567
26572	27	79	11	10506	0	10623
26573	30	37	10	10578	0	10655
26574	25	29	10402	81	0	10537
26575	9757	13	57	69	0	9896
26576	10373	11	31	38	0	10453
26577	73	10196	22	17	0	10308
26578	10397	37	15	18	0	10467
26579	10708	27	12	46	0	10793
26580	78	14	11	10747	0	10850
26581	42	13	11252	49	0	11356
26582	30	14	11069	38	0	11151
26583	11335	12	50	40	0	11437
26584	11612	6	29	24	0	11671
26585	67	11410	15	11	0	11503
26586	45	11949	8	22	0	12024
26587	26	59	6	12490	0	12581
26588	12544	36	10	76	0	12666
26589	57	25	12759	32	0	12873
26590	53	9	58	13080	0	13200
26591	13595	9	31	99	0	13734
26592	13697	11	19	68	0	13795
26593	105	11	8	14367	0	14491
26594	14458	3	7	123	0	14591
26595	92	11	13923	40	0	14066
26596	59	19	15039	21	0	15138
26597	70	7	97	14956	0	15130
26598	32	7	48	15892	0	15979
26599	30	11	20	15882	0	15943
26600	16	15500	14	104	0	15634
26601	15	15969	12	56	0	16052
26602	30	98	10	16205	0	16343
26603	16432	46	12	137	0	16627
26604	78	18	15	16703	0	16814
26605	50	9	8	16751	0	16818
26606	27	16442	15	122	0	16606
26607	21	17108	14	63	0	17206
26608	26	102	10	17284	0	17422
26609	25	51	10	16869	0	16955
26610	16685	17	7	137	0	16846
26611	74	16284	17	62	0	16437
26612	16579	67	4	81	0	16731
26613	86	38	4	16789	0	16917
26614	51	29	16513	73	0	16666
26615	34	32	16079	51	0	16196
26616	16795	12	100	62	0	16969
26617	87	11	47	17629	0	17774
26618	58	7	17	17628	0	17710
26619	34	11	8	17835	0	17888
26620	17	17	17966	119	0	18119
26621	36	13	64	18124	0	18237
26622	14	17971	40	117	0	18142
26623	21	83	19	18891	0	19014
26624	26	44	7	18877	0	18954
26625	20	19151	10	140	0	19321
26626	25	109	9	20070	0	20213
26627	19727	34	12	223	0	19996
26628	145	19753	25	84	0	20007
26629	20723	161	8	92	0	20984
26630	21047	62	8	90	0	21207
26631	288	39	5	21074	0	21406
26632	133	11	4	21025	0	21173
26633	74	12	11	21550	0	21647
26634	30	16	20860	326	0	21232
26635	23	20417	214	140	0	20794
26636	25	21123	75	78	0	21301
26637	36	244	29	20944	0	21253
26638	20793	94	13	263	0	21163
26639	240	45	12	20686	0	20983
26640	98	59	20775	256	0	21188
26641	48	20211	206	133	0	20598
26642	38	20785	82	75	0	20980
26643	20629	260	43	97	0	21029
26644	20863	100	23	112	0	21098
26645	277	21724	29	53	0	22083
26646	22096	216	8	128	0	22448
26647	283	91	21564	32	0	21970
26648	128	87	21239	24	0	21478
26649	21732	47	321	65	0	22165
26650	22359	33	109	81	0	22582
26651	412	18	41	22265	0	22736
26652	22127	22	25	371	0	22545
26653	367	41	21834	92	0	22334
26654	136	47	22765	61	0	23009
26655	197	47	396	25211	0	25851
26656	111	26	139	28687	0	28963
26657	123	21	77	29861	0	30082
26658	192	34	59	30008	0	30293
26659	144	24	34	32535	0	32737
26660	60	43	31498	1073	0	32674
26661	137	18	691	31570	0	32416
26662	31411	21	242	1076	0	32750
26663	819	18	148	31836	0	32821
26664	31597	18	75	1161	0	32851
26665	922	34	74	31847	0	32877
26666	31958	22	90	1213	0	33283
26667	33000	25	98	597	0	33720
26668	1075	36	102	32524	0	33737
26669	530	33	81	33297	0	33941
26670	32535	42	62	1283	0	33922
26671	32804	33	53	718	0	33608
26672	1179	40	32082	496	0	33797
26673	681	44	733	32483	0	33941
26674	526	42	222	33527	0	34317
26675	32906	29	165	1247	0	34347
26676	33610	47	72	674	0	34403
26677	1245	40	78	33236	0	34599
26678	702	29	82	33797	0	34610
26679	532	33	106	33796	0	34467
26680	421	30	113	33399	0	33963
26681	299	31039	144	1410	0	32892
26682	256	32102	110	783	0	33251
26683	357	871	74	31805	0	33107
26684	311	31534	92	1119	0	33056
26685	291	848	95	32211	0	33445
26686	207	306	31149	1321	0	32983
26687	167	273	30339	767	0	31546
26688	181	31058	868	636	0	32743
26689	251	876	322	30947	0	32396
26690	166	378	30532	1161	0	32237
26691	209	301	814	30296	0	31620
26692	208	217	317	31261	0	32003
26693	29654	189	288	1429	0	31560
26694	919	190	237	30427	0	31773
26695	388	184	30240	1241	0	32053
26696	331	170	29743	683	0	30927
26697	301	28885	988	602	0	30776
26698	281	31085	448	564	0	32378
26699	31049	882	351	614	0	32896
26700	952	318	32750	516	0	34536
26701	523	225	877	32923	0	34548
26702	33065	141	384	1217	0	34807
26703	33076	134	367	700	0	34277
26704	1105	32931	288	569	0	34893
26705	645	837	249	32621	0	34352
26706	503	331	215	34280	0	35329
26707	436	246	185	34150	0	35017
26708	33285	162	205	1467	0	35119
26709	1021	175	32715	800	0	34711
26710	514	33405	814	665	0	35398
26711	506	857	293	33609	0	35265
26712	408	388	209	34776	0	35781
26713	316	317	33750	1413	0	35796
26714	315	213	814	33895	0	35237
26715	308	192	323	34899	0	35722
26716	299	191	294	34858	0	35642
26717	305	198	250	34783	0	35536
26718	219	230	33282	1634	0	35365
26719	221	211	886	33812	0	35130
26720	177	167	33628	1627	0	35599
26721	186	33107	1038	1020	0	35351
26722	231	760	505	33880	0	35376
26723	265	317	357	34703	0	35642
26724	247	219	33269	1703	0	35438
26725	224	32423	891	1123	0	34661
26726	323	765	453	32498	0	34039
26727	293	274	32334	1306	0	34207
26728	257	31785	861	833	0	33736
26729	327	756	403	32004	0	33490
26730	314	337	31729	1147	0	33527
26731	321	308	803	31547	0	32979
26732	351	227	403	31662	0	32643
26733	295	208	377	32712	0	33592
26734	31639	235	283	1336	0	33493
26735	789	31417	247	839	0	33292
26736	31740	710	228	795	0	33473
26737	883	312	31553	674	0	33422
26738	32324	256	741	805	0	34126
26739	34145	192	329	787	0	35453
26740	965	195	281	34055	0	35496
26741	34480	224	200	1297	0	36201
26742	34927	223	179	864	0	36193
26743	35717	233	189	766	0	36905
26744	1103	259	189	35330	0	36881
26745	627	215	189	34914	0	35945
26746	439	183	33316	1109	0	35047
26747	382	165	31936	725	0	33208
26748	32490	157	747	635	0	34029
26749	820	336	402	32877	0	34435
26750	398	33215	362	891	0	34866
26751	33416	540	332	666	0	34954
26752	714	33013	267	582	0	34576
26753	366	33449	245	600	0	34660
26754	443	701	32196	595	0	33935
26755	231	223	32416	291	0	33161
26756	386	751	616	30841	0	32594
26757	138	91	33131	392	0	33752
26758	102	81	30061	127	0	30371
26759	28538	25	113	153	0	28829
26760	30006	12	24	123	0	30165
26761	89	25	17	30389	0	30520
26762	61	17	23	30644	0	30745
26763	22	24	31194	74	0	31314
26764	18	31359	86	30	0	31493
26765	59	67	20	31380	0	31526
26766	33303	17	13	243	0	33576
26767	84	8	15	33935	0	34042
26768	23	34097	31	106	0	34257
26769	37	86	33907	37	0	34067
26770	28	34684	86	31	0	34829
26771	35090	91	29	114	0	35324
26772	34618	30	12	121	0	34781
26773	142	18	19	34558	0	34737
26774	50	33	34964	92	0	35139
26775	66	62	32512	46	0	32686
26776	21	34700	149	43	0	34913
26777	129	114	64	33463	0	33770
26778	44	49	32	35381	0	35506
26779	31	34	34921	143	0	35129
26780	77	19	116	34251	0	34463
26781	20	35970	58	143	0	36191
26782	62	167	25	36666	0	36920
26783	60	60	27	36689	0	36836
26784	35	57	36626	239	0	36957
26785	86	40	179	35474	0	35779
26786	36367	26	88	321	0	36802
26787	231	36	36254	98	0	36619
26788	116	43	35665	58	0	35882
26789	34	36902	341	60	0	37337
26790	82	257	106	38271	0	38716
26791	68	86	69	40065	0	40288
26792	33	48	39685	423	0	40189
26793	37701	34	357	274	0	38366
26794	387	25	139	39826	0	40377
26795	154	37	39613	379	0	40183
26796	165	33	380	38314	0	38892
26797	53	45	39868	424	0	40390
26798	75	57	38483	177	0	38792
26799	34	39058	509	132	0	39733
26800	120	364	208	37078	0	37770
26801	32	38274	134	381	0	38821
26802	37384	398	84	264	0	38130
26803	369	178	37994	111	0	38652
26804	130	37408	398	104	0	38040
26805	120	366	184	37840	0	38510
26806	37408	145	120	564	0	38237
26807	348	37328	114	206	0	37996
26808	189	391	93	37979	0	38652
26809	125	179	71	38211	0	38586
26810	51	38801	96	518	0	39466
26811	39155	475	90	355	0	40075
26812	509	210	58	44407	0	45184
26813	270	120	67	46325	0	46782
26814	134	102	45321	1052	0	46609
26815	70	47081	828	482	0	48461
26816	147	892	322	47875	0	49236
26817	184	344	177	52230	0	52935
26818	75	52836	133	1299	0	54343
26819	204	1105	100	53423	0	54832
26820	229	423	102	55349	0	56103
26821	234	237	88	55830	0	56389
26822	63	55430	123	1718	0	57334
26823	54995	1238	73	935	0	57241
26824	1219	494	55082	441	0	57236
26825	53407	270	1203	573	0	55453
26826	1314	55039	468	369	0	57190
26827	601	1254	256	55419	0	57530
26828	313	527	55356	1416	0	57612
26829	301	362	1262	55385	0	57310
26830	322	232	504	55763	0	56821
26831	325	204	281	57163	0	57973
26832	144	265	55829	1898	0	58136
26833	135	55306	1308	1010	0	57759
26834	122	1288	56062	639	0	58111
26835	110	56283	1461	566	0	58420
26836	154	1485	57136	405	0	59180
26837	307	564	1489	56664	0	59024
26838	55057	381	660	1785	0	57883
26839	1175	56528	439	833	0	58975
26840	457	1446	56707	553	0	59163
26841	244	56548	1410	566	0	58768
26842	192	1566	57120	471	0	59349
26843	382	665	1518	55028	0	57593
26844	321	457	662	54711	0	56151
26845	169	55193	491	1831	0	57684
26846	184	57844	450	870	0	59348
26847	56895	1876	331	819	0	59921
26848	1461	875	396	57655	0	60387
26849	559	648	57604	1733	0	60544
26850	494	395	1528	57346	0	59763
26851	286	423	57957	1989	0	60655
26852	288	448	57978	971	0	59685
26853	369	436	1864	55573	0	58242
26854	239	56509	929	1638	0	59315
26855	54169	1560	583	1102	0	57414
26856	1472	723	526	53826	0	56547
26857	673	540	445	52669	0	54327
26858	320	53245	451	2088	0	56104
26859	52648	1639	436	1094	0	55817
26860	53410	793	414	897	0	55514
26861	1924	567	369	51806	0	54666
26862	751	51444	482	1797	0	54474
26863	451	56742	499	1033	0	58725
26864	55697	1891	416	976	0	58980
26865	1494	943	55848	622	0	58907
26866	53997	678	1601	701	0	56977
26867	55047	558	747	723	0	57075
26868	54842	519	530	703	0	56594
26869	2004	54192	381	665	0	57242
26870	957	1586	407	55204	0	58154
26871	55278	815	401	1897	0	58391
26872	55611	599	431	990	0	57631
26873	1893	55202	435	769	0	58299
26874	56612	1538	380	767	0	59297
26875	1736	823	370	57451	0	60380
26876	876	691	365	57609	0	59541
26877	581	57032	357	1985	0	59955
26878	655	1491	340	58491	0	60977
26879	612	805	348	59202	0	60967
26880	513	58068	372	2083	0	61036
26881	600	1500	301	56272	0	58673
26882	418	57813	358	1885	0	60474
26883	57774	1685	359	1097	0	60915
26884	56691	877	321	966	0	58855
26885	1778	56984	310	790	0	59862
26886	903	1520	56422	661	0	59506
26887	689	959	1234	56413	0	59295
26888	540	703	56453	1576	0	59272
26889	528	54459	1389	1048	0	57424
26890	484	55883	670	743	0	57780
26891	53158	1537	443	613	0	55751
26892	1337	54514	377	560	0	56788
26893	779	1457	341	53175	0	55752
26894	574	53700	401	1192	0	55867
26895	510	55379	256	768	0	56913
26896	54455	1660	294	674	0	57083
26897	1473	872	227	54342	0	56914
26898	792	648	53836	1375	0	56651
26899	596	608	53155	800	0	55159
26900	464	54851	1413	630	0	57358
26901	54625	1426	635	726	0	57412
26902	1306	55721	490	466	0	57983
26903	779	1668	299	58733	0	61479
26904	58889	834	326	1684	0	61733
26905	1675	660	266	59775	0	62376
26906	905	549	279	60379	0	62112
26907	621	60065	247	2013	0	62946
26908	670	1682	204	61132	0	63688
26909	434	916	60665	1765	0	63780
26910	59083	586	1314	1144	0	62127
26911	1505	60960	627	726	0	63818
26912	519	59039	312	417	0	60287
26913	56687	1374	165	420	0	58646
26914	1267	647	56399	273	0	58586
26915	53431	510	1063	437	0	55441
26916	1148	58840	427	273	0	60688
26917	377	61951	240	243	0	62811
26918	287	1584	61637	144	0	63652
26919	149	62334	1333	223	0	64039
26920	512	1558	529	56830	0	59429
26921	347	533	250	59182	0	60312
26922	99	60246	133	1447	0	61925
26923	316	1286	101	60966	0	62669
26924	61077	591	80	1548	0	63296
26925	1280	433	60292	553	0	62558
26926	60175	261	1224	557	0	62217
26927	62341	234	459	400	0	63434
26928	62383	225	314	396	0	63318
26929	1976	290	60483	193	0	62942
26930	1050	278	1290	60281	0	62899
26931	498	312	61094	1356	0	63260
26932	59088	216	1572	753	0	61629
26933	59606	212	598	662	0	61078
26934	1758	60069	368	292	0	62487
26935	1031	1356	178	59439	0	62004
26936	511	61238	259	1362	0	63370
26937	368	1569	61428	586	0	63951
26938	643	610	1419	60945	0	63617
26939	60800	403	650	1633	0	63486
26940	61875	235	374	789	0	63273
26941	2168	276	239	58738	0	61421
26942	989	58884	261	1448	0	61582
26943	549	1414	59698	693	0	62354
26944	411	673	60038	467	0	61589
26945	57065	412	1922	501	0	59900
26946	1665	292	59716	306	0	61979
26947	833	59083	1666	316	0	61898
26948	739	1539	705	58495	0	61478
26949	395	720	59512	1502	0	62129
26950	616	519	1596	57675	0	60406
26951	385	305	58888	1719	0	61297
26952	55313	277	1777	907	0	58274
26953	1744	264	800	56794	0	59602
26954	809	56210	585	1514	0	59118
26955	550	57837	409	851	0	59647
26956	502	1941	442	56539	0	59424
26957	582	862	412	56252	0	58108
26958	374	55801	483	2002	0	58660
26959	467	1639	55844	940	0	58890
26960	552	782	1620	55736	0	58690
26961	368	641	56735	1715	0	59459
26962	346	447	55596	904	0	57293
26963	50019	371	2106	802	0	53298
26964	1611	51462	1054	563	0	54690
26965	51531	1638	672	587	0	54428
26966	1926	878	512	49642	0	52958
26967	801	50826	502	1698	0	53827
26968	748	1772	478	51221	0	54219
26969	530	941	537	50676	0	52684
26970	487	49862	445	2153	0	52947
26971	436	1766	49042	1236	0	52480
26972	554	1007	1640	49510	0	52711
26973	49031	680	942	2004	0	52657
26974	1802	528	693	48688	0	51711
26975	1019	498	557	48778	0	50852
26976	725	506	46898	2321	0	50450
26977	654	46319	1704	1230	0	49907
26978	627	1742	861	46558	0	49788
26979	557	964	46231	1936	0	49688
26980	499	753	46172	1191	0	48615
26981	43911	607	2180	1036	0	47734
26982	1669	45063	1220	843	0	48795
26983	44490	1787	838	834	0	47949
26984	1890	44485	716	769	0	47860
26985	1005	45927	609	794	0	48335
26986	44477	2242	601	842	0	48162
26987	1923	1183	625	43081	0	46812
26988	1081	43549	667	1888	0	47185
26989	910	1775	543	44853	0	48081
26990	44448	899	582	2175	0	48104
26991	2012	799	43827	1122	0	47760
26992	1098	661	43400	908	0	46067
26993	42568	519	2285	791	0	46163
26994	1891	42658	1332	714	0	46595
26995	1142	1782	42985	554	0	46463
26996	930	42808	1849	650	0	46237
26997	834	1979	1006	41919	0	45738
26998	685	1091	42314	1812	0	45902
26999	584	833	1885	41438	0	44740
27000	516	651	41036	2085	0	44288
27001	38771	530	2039	1250	0	42590
27002	1719	39778	1084	887	0	43468
27003	36724	1486	718	624	0	39552
27004	1727	824	562	35724	0	38837
27005	794	37977	623	1528	0	40922
27006	37449	1629	605	882	0	40565
27007	35816	798	685	817	0	38116
27008	1862	673	36969	516	0	40020
27009	956	513	36444	498	0	38411
27010	31998	467	1818	483	0	34766
27011	1355	32142	879	577	0	34953
27012	565	31583	689	403	0	33240
27013	772	2203	646	29220	0	32841
27014	468	676	29657	1233	0	32034
27015	473	28038	1237	602	0	30350
27016	318	25081	533	413	0	26345
27017	656	634	311	16933	0	18534
27018	17166	191	117	470	0	17944
27019	17382	148	85	189	0	17804
27020	17619	97	89	145	0	17950
27021	557	109	17209	86	0	17961
27022	17155	100	433	110	0	17798
27023	17499	105	180	110	0	17894
27024	17858	87	101	112	0	18158
27025	601	118	94	16943	0	17756
27026	229	17080	77	403	0	17789
27027	17120	400	64	190	0	17774
27028	439	17028	97	115	0	17679
27029	178	419	69	17026	0	17692
27030	128	178	17740	405	0	18451
27031	146	122	390	17648	0	18306
27032	143	78	148	18007	0	18376
27033	117	76	17819	497	0	18509
27034	113	17656	392	180	0	18341
27035	117	374	124	16688	0	17303
27036	16312	110	80	409	0	16911
27037	328	16098	65	128	0	16619
27038	15838	325	40	114	0	16317
27039	387	157	39	15429	0	16012
27040	142	15778	35	325	0	16280
27041	15668	322	53	123	0	16166
27042	346	15809	46	81	0	16282
27043	125	334	15406	49	0	15914
27044	15179	141	302	114	0	15736
27045	15829	100	90	68	0	16087
27046	380	15669	68	39	0	16156
27047	150	307	15223	42	0	15722
27048	81	15831	293	45	0	16250
27049	300	442	191	12030	0	12963
27050	90	115	61	16268	0	16534
27051	78	88	24	16371	0	16561
27052	50	16143	47	401	0	16641
27053	80	333	28	16351	0	16792
27054	91	114	32	16551	0	16788
27055	16181	80	29	442	0	16732
27056	372	57	30	16145	0	16604
27057	155	56	23	16525	0	16759
27058	16145	38	17	453	0	16653
27059	356	16347	34	181	0	16918
27060	16628	322	29	112	0	17091
27061	16628	125	27	90	0	16870
27062	16711	67	42	91	0	16911
27063	489	59	38	16389	0	16975
27064	229	63	26	16752	0	17070
27065	142	78	16226	441	0	16887
27066	120	104	16058	186	0	16468
27067	123	83	16083	128	0	16417
27068	15607	67	425	115	0	16214
27069	376	78	16027	115	0	16596
27070	177	16122	389	112	0	16800
27071	164	359	150	16232	0	16905
27072	116	180	102	16082	0	16480
27073	108	16473	81	441	0	17103
27074	108	409	16812	165	0	17494
27075	114	17057	346	151	0	17668
27076	16975	433	142	123	0	17673
27077	423	193	16933	117	0	17666
27078	209	16843	357	125	0	17534
27079	180	358	17022	94	0	17654
27080	182	187	374	16843	0	17586
27081	144	134	17066	360	0	17704
27082	182	89	402	16629	0	17302
27083	17046	75	159	461	0	17741
27084	458	94	16949	168	0	17669
27085	214	16944	370	166	0	17694
27086	17078	401	154	171	0	17804
27087	444	159	17316	155	0	18074
27088	191	136	17584	132	0	18043
27089	153	92	436	17343	0	18024
27090	112	97	17560	463	0	18232
27091	16902	80	421	262	0	17665
27092	415	17273	154	187	0	18029
27093	211	385	144	17597	0	18337
27094	135	18416	92	420	0	19063
27095	18693	431	93	238	0	19455
27096	478	159	18551	167	0	19355
27097	197	151	19315	171	0	19834
27098	188	109	481	19241	0	20019
27099	146	123	197	19730	0	20196
27100	162	128	136	19980	0	20406
27101	197	105	127	20066	0	20495
27102	136	136	20352	538	0	21162
27103	132	20119	454	247	0	20952
27104	122	325	125	18692	0	19264
27105	57	118	17950	313	0	18438
27106	58	17713	293	152	0	18216
27107	17640	289	141	137	0	18207
27108	396	138	90	17550	0	18174
27109	17373	76	77	313	0	17839
27110	274	17333	75	130	0	17812
27111	17388	261	58	139	0	17846
27112	298	111	17910	85	0	18404
27113	134	133	248	17489	0	18004
27114	98	17941	109	270	0	18418
27115	83	248	17823	121	0	18275
27116	76	17704	259	103	0	18142
27117	257	352	170	13289	0	14068
27118	17028	88	65	244	0	17425
27119	221	17071	67	101	0	17460
27120	17047	202	62	103	0	17414
27121	250	92	16879	64	0	17285
27122	104	73	16630	64	0	16871
27123	16625	54	259	75	0	17013
27124	253	57	128	16766	0	17204
27125	116	74	86	16875	0	17151
27126	70	54	17405	255	0	17784
27127	83	59	16935	98	0	17175
27128	58	17587	259	75	0	17979
27129	17350	229	150	107	0	17836
27130	16671	78	71	57	0	16877
27131	213	16446	55	70	0	16784
27132	106	178	58	16923	0	17265
27133	17096	65	50	239	0	17450
27134	186	55	61	17064	0	17366
27135	17299	44	43	246	0	17632
27136	17417	32	48	115	0	17612
27137	18015	35	54	142	0	18246
27138	253	53	41	17822	0	18169
27139	135	30	43	18837	0	19045
27140	18453	36	50	257	0	18796
27141	18547	35	40	143	0	18765
27142	18631	32	39	104	0	18806
27143	255	18382	45	78	0	18760
27144	17955	141	25	70	0	18191
27145	177	17855	40	72	0	18144
27146	17775	147	38	97	0	18057
27147	178	47	17783	51	0	18059
27148	16461	53	147	101	0	16762
27149	155	17105	44	47	0	17351
27150	48	17226	44	18	0	17336
27151	17606	103	16	71	0	17796
27152	142	43	15	17588	0	17788
27153	71	33	17	18120	0	18241
27154	39	18138	20	135	0	18332
27155	59	19390	19	49	0	19517
27156	20071	174	14	71	0	20330
27157	221	62	20886	23	0	21192
27158	98	43	201	22040	0	22382
27159	22732	28	37	308	0	23105
27160	318	31	22858	53	0	23260
27161	66	24579	295	46	0	24986
27162	25925	372	58	94	0	26449
27163	466	75	26593	28	0	27162
27164	187	58	479	27979	0	28703
27165	76	35	28894	515	0	29520
27166	27866	32	543	168	0	28609
27167	512	29506	139	96	0	30253
27168	29942	527	75	112	0	30656
27169	30229	102	65	76	0	30472
27170	677	88	58	29844	0	30667
27171	30194	31	36	628	0	30889
27172	642	37	47	30291	0	31017
27173	223	39	29	30681	0	30972
27174	123	57	29848	614	0	30642
27175	104	29942	508	177	0	30731
27176	142	523	112	30514	0	31291
27177	125	99	73	30998	0	31295
27178	157	69	56	30990	0	31272
27179	69	58	30481	662	0	31270
27180	76	30199	506	195	0	30976
27181	137	508	114	30855	0	31614
27182	132	114	63	31328	0	31637
27183	68	91	30729	644	0	31532
27184	134	58	501	30032	0	30725
27185	30550	40	113	697	0	31400
27186	485	30757	93	204	0	31539
27187	30663	503	56	203	0	31425
27188	579	144	30643	94	0	31460
27189	219	92	504	30716	0	31531
27190	31222	56	129	600	0	32007
27191	31185	45	67	251	0	31548
27192	639	51	31418	113	0	32221
27193	299	77	540	30739	0	31655
27194	140	50	31065	539	0	31794
27195	29703	37	548	260	0	30548
27196	514	30861	165	141	0	31681
27197	31101	470	113	167	0	31851
27198	31099	109	84	147	0	31439
27199	626	31135	92	82	0	31935
27200	31726	527	60	150	0	32463
27201	642	146	31280	60	0	32128
27202	31282	84	500	137	0	32003
27203	653	75	140	31474	0	32342
27204	241	71	32528	536	0	33376
27205	253	67	539	32413	0	33272
27206	237	66	173	31864	0	32340
27207	171	38	142	32967	0	33318
27208	148	32562	111	677	0	33498
27209	32921	530	96	300	0	33847
27210	647	150	84	32980	0	33861
27211	238	32593	100	629	0	33560
27212	210	535	93	32414	0	33252
27213	160	32161	97	642	0	33060
27214	149	609	32364	275	0	33397
27215	207	169	562	32157	0	33095
27216	202	131	174	32803	0	33310
27217	139	115	32454	729	0	33437
27218	30224	114	568	416	0	31322
27219	579	32336	205	251	0	33371
27220	261	566	138	32877	0	33842
27221	231	170	120	32754	0	33275
27222	207	134	127	32592	0	33060
27223	179	32375	123	739	0	33416
27224	32381	569	127	406	0	33483
27225	655	204	32379	290	0	33528
27226	245	168	31427	271	0	32111
27227	206	103	653	31813	0	32775
27228	181	120	224	32691	0	33216
27229	32302	108	158	855	0	33423
27230	613	31883	168	377	0	33041
27231	255	556	156	32553	0	33520
27232	32079	198	140	791	0	33208
27233	708	140	122	31907	0	32877
27234	31911	105	107	831	0	32954
27235	737	117	30884	320	0	32058
27236	272	31539	613	286	0	32710
27237	31630	607	194	302	0	32733
27238	736	203	31558	201	0	32698
27239	30528	136	619	251	0	31534
27240	738	127	30763	202	0	31830
27241	30928	91	664	260	0	31943
27242	782	98	231	31475	0	32586
27243	31594	118	201	748	0	32661
27244	761	104	155	31515	0	32535
27245	317	95	140	31855	0	32407
27246	31516	97	132	865	0	32610
27247	723	31428	123	399	0	32673
27248	318	618	124	32297	0	33357
27249	32599	191	111	848	0	33749
27250	33769	178	101	374	0	34422
27251	896	130	114	33799	0	34939
27252	421	112	117	35039	0	35689
27253	35545	102	116	1042	0	36805
27254	1036	97	101	36313	0	37547
27255	446	93	91	36267	0	36897
27256	35147	90	89	1076	0	36402
27257	980	64	80	34287	0	35411
27258	251	70	31920	876	0	33117
27259	30917	42	603	401	0	31963
27260	748	71	31923	238	0	32980
27261	249	74	29655	155	0	30133
27262	28147	127	839	150	0	29263
27263	518	28002	233	72	0	28825
27264	203	417	179	27125	0	27924
27265	147	101	58	27078	0	27384
27266	132	56	41	28016	0	28245
27267	100	45	23	28715	0	28883
27268	27322	37	32	810	0	28201
27269	29822	31	12	303	0	30168
27270	30757	15	12	237	0	31021
27271	753	32	32058	109	0	32952
27272	315	26	656	33100	0	34097
27273	222	14	213	34079	0	34528
27274	192	15	112	33251	0	33570
27275	101	31851	72	1112	0	33136
27276	119	33080	70	434	0	33703
27277	33572	991	57	341	0	34961
27278	947	350	47	33743	0	35087
27279	425	154	53	35414	0	36046
27280	271	73	49	36163	0	36556
27281	136	86	34562	1354	0	36138
27282	150	98	33998	563	0	34809
27283	33912	53	1115	418	0	35498
27284	35706	43	415	312	0	36476
27285	1274	53	210	34679	0	36216
27286	477	34762	155	966	0	36360
27287	353	867	108	35074	0	36402
27288	321	297	77	35481	0	36176
27289	169	172	34024	1338	0	35703
27290	33785	88	881	662	0	35416
27291	1074	64	335	35662	0	37135
27292	467	66	195	35546	0	36274
27293	34336	45	137	1492	0	36010
27294	1078	34826	117	645	0	36666
27295	35634	971	93	462	0	37160
27296	1297	377	83	34889	0	36646
27297	490	34497	79	1156	0	36222
27298	35027	1033	58	587	0	36705
27299	1214	385	68	34832	0	36499
27300	34447	234	94	1268	0	36043
27301	34262	126	73	623	0	35084
27302	34409	107	79	482	0	35077
27303	1493	32907	100	320	0	34820
27304	685	32719	87	280	0	33771
27305	498	1238	81	31651	0	33468
27306	344	32089	82	1110	0	33625
27307	32698	1133	81	548	0	34460
27308	1268	454	82	32712	0	34516
27309	32730	273	99	1277	0	34379
27310	33591	182	97	625	0	34495
27311	1567	146	114	32435	0	34262
27312	803	169	92	33876	0	34940
27313	33246	139	79	1631	0	35095
27314	33700	162	78	850	0	34790
27315	34699	188	71	565	0	35523
27316	35004	159	67	517	0	35747
27317	35422	183	62	504	0	36171
27318	1856	151	67	34159	0	36233
27319	957	159	61	34902	0	36079
27320	696	163	72	35280	0	36211
27321	34171	147	82	1789	0	36189
27322	1497	123	61	33801	0	35482
27323	725	33264	72	1544	0	35605
27324	637	1077	71	34312	0	36097
27325	33467	419	78	1583	0	35547
27326	34054	323	87	786	0	35250
27327	1743	244	32464	546	0	34997
27328	908	244	1001	32031	0	34184
27329	621	32556	381	1310	0	34868
27330	33086	1037	211	786	0	35120
27331	1391	33215	127	594	0	35327
27332	780	1172	103	33773	0	35828
27333	33940	491	108	1424	0	35963
27334	34550	308	88	786	0	35732
27335	1730	33453	90	579	0	35852
27336	994	1082	67	33580	0	35723
27337	705	482	33011	1384	0	35582
27338	32656	296	1015	792	0	34759
27339	1541	246	32906	554	0	35247
27340	33239	199	1128	517	0	35083
27341	34191	200	418	527	0	35336
27342	1799	213	208	33345	0	35565
27343	33976	217	137	1472	0	35802
27344	34980	221	99	825	0	36125
27345	35297	247	115	574	0	36233
27346	2077	233	90	34000	0	36400
27347	33998	181	126	1403	0	35708
27348	1686	182	89	33630	0	35587
27349	967	190	134	33715	0	35006
27350	689	32509	135	1624	0	34957
27351	741	995	120	31612	0	33468
27352	590	31081	97	1243	0	33011
27353	30202	928	47	652	0	31829
27354	29740	416	51	502	0	30709
27355	1440	263	42	28845	0	30590
27356	837	191	51	29242	0	30321
27357	28712	137	70	1326	0	30245
27358	1252	162	27572	676	0	29662
27359	28281	144	725	541	0	29691
27360	1319	135	275	27901	0	29630
27361	711	148	26376	1026	0	28261
27362	26501	148	706	650	0	28005
27363	27429	116	286	486	0	28317
27364	1349	152	26587	386	0	28474
27365	26862	108	666	429	0	28065
27366	1141	120	26073	365	0	27699
27367	710	26127	720	290	0	27847
27368	26551	661	486	370	0	28068
27369	26113	312	237	401	0	27063
27370	1104	24563	164	265	0	26096
27371	483	22947	110	202	0	23742
27372	21813	421	270	200	0	22704
27373	21823	153	72	187	0	22235
27374	641	123	44	22526	0	23334
27375	307	91	21996	402	0	22796
27376	272	106	21015	184	0	21577
27377	21828	62	384	196	0	22470
27378	466	70	21976	145	0	22657
27379	21295	112	405	170	0	21982
27380	422	62	131	21181	0	21796
27381	244	38	77	21324	0	21683
27382	190	49	21336	359	0	21934
27383	21352	39	267	237	0	21895
27384	372	60	112	21894	0	22438
27385	218	32	84	22455	0	22789
27386	22251	28	44	421	0	22744
27387	22349	28	53	233	0	22663
27388	22393	32	66	193	0	22684
27389	435	22860	66	134	0	23495
27390	204	217	22023	90	0	22534
27391	21655	78	216	133	0	22082
27392	22289	32	87	109	0	22517
27393	327	21721	66	98	0	22212
27394	21241	143	86	110	0	21580
27395	235	67	38	21105	0	21445
27396	136	48	21662	168	0	22014
27397	21376	30	163	173	0	21742
27398	22061	31	63	152	0	22307
27399	22221	26	40	121	0	22408
27400	22287	19	30	86	0	22422
27401	285	16	29	22239	0	22569
27402	144	30	31	22243	0	22448
27403	22346	24	20	276	0	22666
27404	231	15	35	22472	0	22753
27405	143	17	21	22445	0	22626
27406	93	22063	43	238	0	22437
27407	99	169	33	22704	0	23005
27408	106	52	24	22773	0	22955
27409	100	21	33	22948	0	23102
27410	115	36	25	23034	0	23210
27411	74	22720	22	260	0	23076
27412	100	139	25	22568	0	22832
27413	105	62	24	22055	0	22246
27414	74	26	21865	224	0	22189
27415	85	42	20570	107	0	20804
27416	54	21387	169	82	0	21692
27417	25482	135	67	125	0	25809
27418	305	26042	37	72	0	26456
27419	148	330	23	27548	0	28049
27420	68	103	29068	390	0	29629
27421	30276	42	446	217	0	30981
27422	588	37	97	31574	0	32296
27423	31279	26	54	612	0	31971
27424	31897	34	51	243	0	32225
27425	588	31815	46	127	0	32576
27426	31738	479	40	222	0	32479
27427	562	32412	59	67	0	33100
27428	286	592	28	32538	0	33444
27429	125	32733	35	549	0	33442
27430	130	565	32484	161	0	33340
27431	104	33047	506	115	0	33772
27432	242	674	132	32193	0	33241
27433	32296	159	83	727	0	33265
27434	505	33217	90	199	0	34011
27435	318	562	36	33328	0	34244
27436	213	186	37	34171	0	34607
27437	143	145	33466	722	0	34476
27438	248	116	563	33392	0	34319
27439	99	115	33588	746	0	34548
27440	32331	79	666	373	0	33449
27441	702	123	34016	165	0	35006
27442	238	33980	658	191	0	35067
27443	289	688	194	33785	0	34956
27444	249	210	139	34025	0	34623
27445	208	189	94	34006	0	34497
27446	33763	115	72	1034	0	34984
27447	801	111	74	33258	0	34244
27448	243	33328	97	775	0	34443
27449	32651	716	69	475	0	33911
27450	696	32188	102	283	0	33269
27451	375	745	102	32269	0	33491
27452	32159	278	69	900	0	33406
27453	777	31694	115	321	0	32907
27454	292	32916	91	244	0	33543
27455	32490	850	102	315	0	33757
27456	33019	343	76	332	0	33770
27457	894	248	32325	223	0	33690
27458	32666	157	687	332	0	33842
27459	871	196	32976	209	0	34252
27460	462	175	764	33064	0	34465
27461	257	182	33172	840	0	34451
27462	299	193	792	33115	0	34399
27463	239	179	33213	932	0	34563
27464	259	175	806	32365	0	33605
27465	241	160	285	33108	0	33794
27466	32040	155	191	1142	0	33528
27467	832	186	31590	461	0	33069
27468	30291	193	789	429	0	31702
27469	932	165	30929	279	0	32305
27470	402	143	30952	236	0	31733
27471	339	157	915	30374	0	31785
27472	30534	140	372	959	0	32005
27473	812	30478	294	384	0	31968
27474	29525	773	200	432	0	30930
27475	29756	258	214	349	0	30577
27476	989	29251	183	314	0	30737
27477	29381	780	211	290	0	30662
27478	959	334	29136	256	0	30685
27479	458	236	792	29208	0	30694
27480	29180	187	289	948	0	30604
27481	880	29196	293	410	0	30779
27482	482	770	178	28772	0	30202
27483	384	267	211	29192	0	30054
27484	336	260	203	29443	0	30242
27485	312	190	179	29667	0	30348
27486	28863	143	168	1148	0	30322
27487	29217	196	218	524	0	30155
27488	29143	154	195	455	0	29947
27489	28187	132	216	357	0	28892
27490	1123	188	27703	304	0	29318
27491	27914	146	773	377	0	29210
27492	28665	152	331	285	0	29433
27493	1111	27426	259	338	0	29134
27494	561	28504	214	294	0	29573
27495	501	898	192	27823	0	29414
27496	386	362	196	28155	0	29099
27497	325	261	27235	1072	0	28893
27498	353	27454	831	488	0	29126
27499	347	787	355	27038	0	28527
27500	347	27499	272	882	0	29000
27501	376	831	207	28340	0	29754
27502	385	305	181	28472	0	29343
27503	346	28824	196	1055	0	30421
27504	355	818	213	29358	0	30744
27505	352	310	29425	1064	0	31151
27506	362	256	29451	451	0	30520
27507	28837	228	972	405	0	30442
27508	29848	176	405	406	0	30835
27509	1048	29179	303	358	0	30888
27510	29462	820	212	360	0	30854
27511	1115	351	204	29273	0	30943
27512	29104	302	156	1004	0	30566
27513	1042	28933	146	551	0	30672
27514	624	843	28614	383	0	30464
27515	28357	314	951	436	0	30058
27516	1087	261	29460	320	0	31128
27517	396	168	24719	167	0	25450
27518	332	154	24342	179	0	25007
27519	244	23022	700	170	0	24136
27520	20648	703	961	254	0	22566
27521	19903	210	204	189	0	20506
27522	550	138	102	19421	0	20211
27523	307	97	95	19398	0	19897
27524	205	20110	108	463	0	20886
27525	20408	360	107	326	0	21201
27526	445	20508	123	163	0	21239
27527	195	20212	113	121	0	20641
27528	20031	382	148	162	0	20723
27529	415	135	113	19876	0	20539
27530	210	111	84	19952	0	20357
27531	187	90	69	20097	0	20443
27532	126	19760	61	470	0	20417
27533	19594	335	54	191	0	20174
27534	441	163	53	19341	0	19998
27535	156	18647	57	353	0	19213
27536	129	18686	54	134	0	19003
27537	126	318	64	18166	0	18674
27538	92	18386	43	283	0	18804
27539	141	320	43	18429	0	18933
27540	18041	129	63	335	0	18568
27541	248	115	17637	132	0	18132
27542	112	18058	204	129	0	18503
27543	141	264	58	18399	0	18862
27544	85	100	18579	255	0	19019
27545	18013	95	237	158	0	18503
27546	304	106	86	18694	0	19190
27547	18664	59	70	294	0	19087
27548	18668	49	39	185	0	18941
27549	290	19678	43	108	0	20119
27550	20087	237	38	150	0	20512
27551	20155	92	39	125	0	20411
27552	20212	74	29	109	0	20424
27553	349	64	42	19821	0	20276
27554	193	43	38	19720	0	19994
27555	138	53	45	19944	0	20180
27556	106	75	19597	290	0	20068
27557	99	19413	193	151	0	19856
27558	19088	200	78	142	0	19508
27559	215	18960	46	62	0	19283
27560	122	193	23	18928	0	19266
27561	92	76	18776	195	0	19139
27562	17552	70	175	158	0	17955
27563	183	18952	67	85	0	19287
27564	103	192	42	18896	0	19233
27565	83	71	27	19080	0	19261
27566	47	70	18805	232	0	19154
27567	58	18764	168	114	0	19104
27568	65	193	59	18872	0	19189
27569	59	75	36	19110	0	19280
27570	57	63	38	18812	0	18970
27571	18339	48	26	319	0	18732
27572	187	61	18168	117	0	18533
27573	81	18234	172	90	0	18577
27574	18057	175	59	120	0	18411
27575	179	18178	60	89	0	18506
27576	105	264	32	17978	0	18379
27577	74	18409	31	202	0	18716
27578	18149	216	32	139	0	18536
27579	18464	76	17	138	0	18695
27580	248	65	27	19076	0	19416
27581	141	51	24	19221	0	19437
27582	116	45	23	20321	0	20505
27583	66	57	20505	392	0	21020
27584	66	21333	330	161	0	21890
27585	100	408	92	24671	0	25271
27586	120	141	68	25401	0	25730
27587	113	86	45	25526	0	25770
27588	150	59	32	25468	0	25709
27589	65	63	24932	807	0	25867
27590	56	25692	542	325	0	26615
27591	138	582	156	26367	0	27243
27592	115	200	103	27910	0	28328
27593	63	147	27216	867	0	28293
27594	129	86	620	26411	0	27246
27595	53	26259	228	791	0	27331
27596	45	27427	111	389	0	27972
27597	93	810	78	26978	0	27959
27598	58	291	26130	817	0	27296
27599	24061	164	650	523	0	25398
27600	609	25841	244	325	0	27019
27601	192	679	25316	241	0	26428
27602	112	278	25315	226	0	25931
27603	69	24708	816	231	0	25824
27604	72	684	24980	202	0	25938
27605	191	455	751	23954	0	25351
27606	23753	170	289	805	0	25017
27607	24222	129	182	382	0	24915
27608	24351	120	152	287	0	24910
27609	25086	127	123	242	0	25578
27610	837	25153	125	160	0	26275
27611	25316	674	118	226	0	26334
27612	742	25559	129	174	0	26604
27613	327	753	25170	109	0	26359
27614	277	304	698	24530	0	25809
27615	161	25620	296	674	0	26751
27616	226	753	190	24865	0	26034
27617	24345	312	141	864	0	25662
27618	784	174	137	24110	0	25205
27619	331	24574	115	757	0	25777
27620	24715	734	94	402	0	25945
27621	802	318	24563	222	0	25905
27622	416	248	682	24382	0	25728
27623	301	171	262	25189	0	25923
27624	23475	172	177	995	0	24819
27625	715	23384	152	486	0	24737
27626	316	745	22991	310	0	24362
27627	271	345	702	22956	0	24274
27628	168	216	23078	809	0	24271
27629	157	22211	729	433	0	23530
27630	137	23182	322	334	0	23975
27631	22642	852	203	321	0	24018
27632	710	391	22597	293	0	23991
27633	22731	244	743	309	0	24027
27634	792	208	355	22126	0	23481
27635	330	22753	221	762	0	24066
27636	22630	726	197	467	0	24020
27637	759	354	22775	305	0	24193
27638	387	252	723	22638	0	24000
27639	269	231	352	23101	0	23953
27640	245	239	251	22889	0	23624
27641	194	22315	223	940	0	23672
27642	21376	730	220	542	0	22868
27643	730	21447	196	331	0	22704
27644	350	22086	166	257	0	22859
27645	338	920	187	21651	0	23096
27646	21774	396	213	795	0	23178
27647	21738	278	185	448	0	22649
27648	21776	254	163	373	0	22566
27649	921	20247	185	287	0	21640
27650	467	739	132	20408	0	21746
27651	322	387	20301	775	0	21785
27652	327	254	682	20297	0	21560
27653	287	240	297	20168	0	20992
27654	251	20402	205	946	0	21804
27655	20468	778	149	542	0	21937
27656	816	422	119	20077	0	21434
27657	418	20413	168	784	0	21783
27658	20478	763	184	461	0	21886
27659	797	408	20070	328	0	21603
27660	20041	304	636	359	0	21340
27661	803	20353	315	301	0	21772
27662	20617	745	215	300	0	21877
27663	20773	412	210	282	0	21677
27664	916	331	20250	291	0	21788
27665	20515	273	682	281	0	21751
27666	872	239	20866	260	0	22237
27667	482	235	21175	247	0	22139
27668	20840	216	844	237	0	22137
27669	21453	250	385	207	0	22295
27670	994	267	21112	191	0	22564
27671	540	211	774	20949	0	22474
27672	427	189	379	21038	0	22033
27673	356	21902	263	802	0	23323
27674	21442	708	252	460	0	22862
27675	22557	368	166	305	0	23396
27676	1013	273	22014	209	0	23509
27677	22486	189	691	238	0	23604
27678	23098	193	322	227	0	23840
27679	1013	22341	276	217	0	23847
27680	584	669	198	21944	0	23395
27681	549	337	170	21580	0	22636
27682	408	206	196	20993	0	21803
27683	19839	181	158	743	0	20921
27684	594	18752	139	404	0	19889
27685	203	324	83	15317	0	15927
27686	145	15140	64	289	0	15638
27687	153	562	68	14460	0	15243
27688	129	14673	51	239	0	15092
27689	114	14938	62	143	0	15257
27690	13695	260	158	155	0	14268
27691	13910	105	129	122	0	14266
27692	197	43	35	13292	0	13567
27693	115	34	21	13501	0	13671
27694	78	40	25	13574	0	13717
27695	81	30	21	13562	0	13694
27696	69	26	20	13356	0	13471
27697	39	13300	27	194	0	13560
27698	59	138	22	13566	0	13785
27699	60	59	23	13769	0	13911
27700	13583	41	31	206	0	13861
27701	165	37	20	13691	0	13913
27702	101	32	21	13694	0	13848
27703	69	34	13720	192	0	14015
27704	73	29	125	13498	0	13725
27705	72	62	41	14143	0	14318
27706	54	27	14616	223	0	14920
27707	44	14987	156	130	0	15317
27708	57	137	15202	79	0	15475
27709	44	45	14787	67	0	14943
27710	28	14394	162	63	0	14647
27711	14600	155	91	72	0	14918
27712	14594	34	48	76	0	14752
27713	157	31	10	14447	0	14645
27714	14683	14	15	194	0	14906
27715	164	14	15064	55	0	15297
27716	83	11	135	15312	0	15541
27717	44	31	17053	154	0	17282
27718	61	13	154	17193	0	17421
27719	47	16	38	17513	0	17614
27720	45	20	40	17671	0	17776
27721	17734	20	23	250	0	18027
27722	177	16	20	17984	0	18197
27723	17917	23	23	246	0	18209
27724	18158	20	15	117	0	18310
27725	193	18016	29	59	0	18297
27726	18291	136	20	89	0	18536
27727	169	18833	31	65	0	19098
27728	87	159	21	19017	0	19284
27729	75	40	24	19116	0	19255
27730	62	33	23	19376	0	19494
27731	44	24	18997	253	0	19318
27732	40	18951	165	137	0	19293
27733	55	168	55	18726	0	19004
27734	67	57	39	18818	0	18981
27735	33	19141	25	202	0	19401
27736	19198	164	17	153	0	19532
27737	184	18795	23	92	0	19094
27738	18682	202	19	100	0	19003
27739	204	19091	31	82	0	19408
27740	99	202	20	18987	0	19308
27741	53	19385	26	197	0	19661
27742	19709	191	10	188	0	20098
27743	19903	73	16	164	0	20156
27744	19853	48	24	134	0	20059
27745	19729	54	22	130	0	19935
27746	237	50	19695	75	0	20057
27747	19771	40	160	136	0	20107
27748	20411	40	54	132	0	20637
27749	20403	47	34	103	0	20587
27750	248	54	19988	54	0	20344
27751	20036	37	145	114	0	20332
27752	212	20525	62	72	0	20871
27753	20795	167	40	120	0	21122
27754	227	67	22055	61	0	22410
27755	21949	56	174	172	0	22351
27756	22562	26	57	109	0	22754
27757	256	31	40	22482	0	22809
27758	119	39	22186	197	0	22541
27759	22260	26	166	166	0	22618
27760	232	22	68	23131	0	23453
27761	159	31	43	23469	0	23702
27762	90	40	23818	240	0	24188
27763	22540	27	179	211	0	22957
27764	23986	19	69	149	0	24223
27765	246	23965	47	73	0	24331
27766	124	181	36	24337	0	24678
27767	110	65	32	24397	0	24604
27768	92	37	42	24260	0	24431
27769	74	24398	45	282	0	24799
27770	24495	177	41	189	0	24902
27771	230	70	36	24547	0	24883
27772	129	50	30	24572	0	24781
27773	23820	37	28	345	0	24230
27774	23574	32	22	221	0	23849
27775	262	42	42	24013	0	24359
27776	159	33	43	23730	0	23965
27777	105	58	22806	243	0	23212
27778	21834	43	169	208	0	22254
27779	225	23253	69	104	0	23651
27780	123	187	41	24626	0	24977
27781	125	72	18	25271	0	25486
27782	83	26091	34	353	0	26561
27783	116	320	26	27057	0	27519
27784	29003	128	50	496	0	29677
27785	538	72	29	33651	0	34290
27786	310	46	20	34593	0	34969
27787	205	54	25	35514	0	35798
27788	110	68	34451	1154	0	35783
27789	203	40	636	34770	0	35649
27790	92	70	34386	1053	0	35601
27791	75	33586	786	569	0	35016
27792	183	643	408	33864	0	35098
27793	167	315	219	34457	0	35158
27794	127	164	128	35270	0	35689
27795	150	122	111	35339	0	35722
27796	123	87	97	35888	0	36195
27797	33990	65	68	1505	0	35628
27798	663	75	34269	763	0	35770
27799	320	33565	668	529	0	35082
27800	205	35545	321	426	0	36497
27801	195	898	198	35773	0	37064
27802	208	442	137	36444	0	37231
27803	158	249	112	36369	0	36888
27804	75	35630	117	1225	0	37047
27805	126	737	76	36201	0	37140
27806	63	406	35051	1036	0	36556
27807	43	34486	643	672	0	35844
27808	130	763	309	35009	0	36211
27809	34322	381	184	1092	0	35979
27810	673	222	112	34921	0	35928
27811	409	166	98	34826	0	35499
27812	212	33429	109	1153	0	34903
27813	145	35479	92	673	0	36389
27814	216	920	69	35379	0	36584
27815	182	473	51	35606	0	36312
27816	75	277	34662	1276	0	36290
27817	164	207	608	33727	0	34706
27818	139	182	324	34313	0	34958
27819	128	142	213	34338	0	34821
27820	115	130	169	34694	0	35108
27821	33117	134	138	1542	0	34931
27822	33583	122	92	1050	0	34847
27823	1012	86	74	34121	0	35293
27824	608	51	76	35111	0	35846
27825	34103	69	82	1566	0	35820
27826	916	101	58	35434	0	36509
27827	493	134	34999	1329	0	36955
27828	287	35119	722	955	0	37083
27829	247	716	422	36112	0	37497
27830	201	385	272	36930	0	37788
27831	36134	251	213	1582	0	38180
27832	760	200	159	37295	0	38414
27833	457	196	100	38064	0	38817
27834	37347	138	91	1759	0	39335
27835	904	140	99	38082	0	39225
27836	545	37621	88	1400	0	39654
27837	384	763	93	39762	0	41002
27838	329	432	94	41133	0	41988
27839	305	299	108	40891	0	41603
27840	262	239	106	41352	0	41959
27841	148	295	39324	1776	0	41543
27842	136	269	38808	1161	0	40374
27843	174	202	1055	39841	0	41272
27844	171	173	548	39768	0	40660
27845	93	39274	360	1691	0	41418
27846	166	838	257	39102	0	40363
27847	110	38976	261	1491	0	40838
27848	38478	987	220	1107	0	40792
27849	815	40272	157	897	0	42141
27850	523	1065	128	41466	0	43182
27851	385	620	74	42360	0	43439
27852	220	414	40865	1754	0	43253
27853	39114	291	777	1270	0	41452
27854	39535	263	413	939	0	41150
27855	1151	39477	315	794	0	41737
27856	678	881	288	39432	0	41279
27857	390	515	40996	1265	0	43166
27858	278	41686	885	948	0	43797
27859	41228	969	435	878	0	43510
27860	41458	564	272	725	0	43019
27861	1291	372	39638	671	0	41972
27862	39970	280	831	614	0	41695
27863	1268	255	447	40220	0	42190
27864	716	39934	313	1234	0	42197
27865	40152	889	209	918	0	42168
27866	1100	503	204	40102	0	41909
27867	40208	349	159	1345	0	42061
27868	41725	253	148	971	0	43097
27869	1420	292	121	41137	0	42970
27870	779	242	41271	1358	0	43650
27871	41658	173	831	1066	0	43728
27872	43001	201	464	809	0	44475
27873	43190	165	266	720	0	44341
27874	1492	43178	221	642	0	45533
27875	922	877	206	43251	0	45256
27876	650	484	152	44731	0	46017
27877	467	346	43866	1625	0	46304
27878	454	334	818	43303	0	44909
27879	312	43048	450	1445	0	45255
27880	42014	825	292	988	0	44119
27881	896	41799	240	733	0	43668
27882	514	876	41090	510	0	42990
27883	349	41482	809	539	0	43179
27884	252	40268	450	385	0	41355
27885	473	459	397	34420	0	35749
27886	34346	164	167	472	0	35149
27887	34241	99	52	282	0	34674
27888	33969	75	55	232	0	34331
27889	465	35079	40	184	0	35768
27890	234	343	34856	108	0	35541
27891	34854	146	329	188	0	35517
27892	36009	107	134	191	0	36441
27893	484	35594	80	148	0	36306
27894	36918	358	71	186	0	37533
27895	508	160	53	37064	0	37785
27896	226	116	39630	442	0	40414
27897	39725	98	425	349	0	40597
27898	40290	80	145	298	0	40813
27899	41739	74	99	222	0	42134
27900	636	66	63	41074	0	41839
27901	363	90	57	41814	0	42324
27902	266	63	61	43783	0	44173
27903	151	43177	68	788	0	44184
27904	481	637	96	43033	0	44247
27905	193	237	49	48548	0	49027
27906	133	186	48291	971	0	49581
27907	244	109	743	47985	0	49081
27908	201	97	253	49424	0	49975
27909	205	85	153	49411	0	49854
27910	234	81	98	49092	0	49505
27911	129	48180	110	1214	0	49633
27912	244	756	101	48879	0	49980
27913	251	277	112	48911	0	49551
27914	47687	160	107	1354	0	49308
27915	883	166	47274	600	0	48923
27916	384	162	46116	475	0	47137
27917	45742	118	976	481	0	47317
27918	47754	120	366	431	0	48671
27919	1166	129	203	44942	0	46440
27920	469	46975	171	908	0	48523
27921	47502	768	135	540	0	48945
27922	1032	310	157	46686	0	48185
27923	396	47749	173	915	0	49233
27924	47886	719	115	567	0	49287
27925	891	48186	88	288	0	49453
27926	47628	819	91	440	0	48978
27927	46617	336	79	415	0	47447
27928	1080	45560	100	232	0	46972
27929	535	748	105	45681	0	47069
27930	321	335	45286	861	0	46803
27931	368	300	695	44490	0	45853
27932	44699	183	211	1067	0	46160
27933	868	189	43935	455	0	45447
27934	383	43595	699	369	0	45046
27935	414	855	231	43116	0	44616
27936	201	334	42883	909	0	44327
27937	164	42427	782	433	0	43806
27938	41978	754	336	485	0	43553
27939	857	288	210	42728	0	44083
27940	442	189	174	43120	0	43925
27941	328	192	162	42819	0	43501
27942	187	42434	132	1073	0	43826
27943	42326	742	142	649	0	43859
27944	794	41864	174	364	0	43196
27945	370	43090	95	333	0	43888
27946	42764	882	105	440	0	44191
27947	43087	353	107	422	0	43969
27948	993	313	41741	291	0	43338
27949	40790	226	682	387	0	42085
27950	40958	220	240	259	0	41677
27951	1095	218	159	40047	0	41519
27952	526	250	39556	814	0	41146
27953	474	180	685	39498	0	40837
27954	40240	130	263	1030	0	41663
27955	935	169	40387	391	0	41882
27956	584	159	811	43377	0	44931
27957	560	154	298	47588	0	48600
27958	401	167	203	51962	0	52733
27959	51161	152	179	2083	0	53575
27960	1557	52030	191	742	0	54520
27961	52269	1514	147	626	0	54556
27962	1794	426	52252	393	0	54865
27963	732	297	1519	50874	0	53422
27964	408	52561	422	1756	0	55147
27965	53083	1567	269	807	0	55726
27966	1855	491	217	53178	0	55741
27967	636	397	52197	1815	0	55045
27968	596	268	1517	51714	0	54095
27969	50307	220	486	2089	0	53102
27970	1599	50021	320	866	0	52806
27971	776	1664	198	46825	0	49463
27972	470	49575	208	1678	0	51931
27973	49375	1649	195	841	0	52060
27974	49477	537	201	716	0	50931
27975	1991	48339	212	493	0	51035
27976	48463	1584	207	493	0	50747
27977	1999	565	167	46083	0	48814
27978	673	47501	170	1637	0	49981
27979	47260	1666	133	705	0	49764
27980	48514	550	167	577	0	49808
27981	2092	45418	220	420	0	48150
27982	849	46771	172	410	0	48202
27983	46057	1792	135	415	0	48399
27984	1988	712	134	45515	0	48349
27985	45976	499	130	1778	0	48383
27986	2126	418	109	45739	0	48392
27987	855	379	44604	1774	0	47612
27988	793	386	1389	45441	0	48009
27989	44528	346	346	1932	0	47152
27990	1905	335	44058	660	0	46958
27991	909	242	1484	44118	0	46753
27992	766	270	388	45836	0	47260
27993	512	261	43983	2028	0	46784
27994	42177	220	1505	881	0	44783
27995	1860	246	445	43282	0	45833
27996	662	259	39889	1731	0	42541
27997	37633	224	1506	790	0	40153
27998	1527	39232	503	692	0	41954
27999	610	39142	379	541	0	40672
28000	467	40115	322	505	0	41409
28001	409	1576	37776	457	0	40218
28002	532	853	1326	36082	0	38793
28003	382	335	35931	1474	0	38122
28004	354	809	1245	32349	0	34757
28005	208	31375	391	1360	0	33334
28006	240	32138	249	465	0	33092
28007	376	1278	236	31357	0	33247
28008	31093	419	197	1362	0	33071
28009	1222	283	184	31709	0	33398
28010	468	219	166	32018	0	32871
28011	326	31358	175	1360	0	33219
28012	31134	1128	134	619	0	33015
28013	1179	31423	155	478	0	33235
28014	497	1259	148	31898	0	33802
28015	418	463	136	32330	0	33347
28016	327	31389	164	1505	0	33385
28017	350	1199	172	32198	0	33919
28018	31795	433	125	1738	0	34091
28019	1449	469	141	32095	0	34154
28020	699	502	140	32309	0	33650
28021	633	31392	199	1475	0	33699
28022	580	1231	268	32207	0	34286
28023	30420	532	217	1664	0	32833
28024	31402	511	136	792	0	32841
28025	31833	458	144	696	0	33131
28026	1735	388	189	30974	0	33286
28027	746	402	30034	1544	0	32726
28028	686	367	30378	773	0	32204
28029	649	404	1194	30754	0	33001
28030	30850	489	367	1516	0	33222
28031	1479	468	228	31091	0	33266
28032	31245	430	214	1611	0	33500
28033	1719	410	184	31335	0	33648
28034	944	370	175	32309	0	33798
28035	31653	433	163	1662	0	33911
28036	1646	430	30393	741	0	33210
28037	30795	383	1068	719	0	32965
28038	1645	401	30320	591	0	32957
28039	930	317	1108	29854	0	32209
28040	30178	296	372	1439	0	32285
28041	1545	343	29997	583	0	32468
28042	713	417	30278	490	0	31898
28043	29979	307	1274	568	0	32128
28044	1526	257	29935	599	0	32317
28045	711	29500	1220	616	0	32047
28046	624	1044	498	31088	0	33254
28047	32245	314	485	1731	0	34775
28048	1368	266	32565	767	0	34966
28049	32860	186	1237	792	0	35075
28050	34314	199	621	623	0	35757
28051	34262	217	502	702	0	35683
28052	34464	215	399	712	0	35790
28053	1607	376	422	32849	0	35254
28054	741	32545	400	1376	0	35062
28055	32211	1002	363	788	0	34364
28056	1202	271	28690	515	0	30678
28057	339	22123	462	230	0	23154
28058	19377	258	278	160	0	20073
28059	246	17854	110	86	0	18296
28060	84	18566	55	88	0	18793
28061	607	206	278	18068	0	19159
28062	95	49	80	18578	0	18802
28063	82	35	38	18682	0	18837
28064	19260	20	40	278	0	19598
28065	20281	27	31	133	0	20472
28066	357	21	35	21036	0	21449
28067	165	25	34	22928	0	23152
28068	106	42	24102	412	0	24662
28069	24025	18	431	204	0	24678
28070	25272	21	111	123	0	25527
28071	609	33	81	25000	0	25723
28072	256	23	45	25484	0	25808
28073	128	52	25072	591	0	25843
28074	171	32	476	24932	0	25611
28075	101	21	25754	549	0	26425
28076	102	25511	527	197	0	26337
28077	107	434	25926	152	0	26619
28078	168	126	532	25148	0	25974
28079	85	75	26311	502	0	26973
28080	63	63	25451	180	0	25757
28081	25672	51	631	168	0	26522
28082	569	75	214	26909	0	27767
28083	156	47	27145	514	0	27862
28084	25723	44	561	226	0	26554
28085	563	40	27196	137	0	27936
28086	168	44	29033	102	0	29347
28087	130	29163	632	165	0	30090
28088	148	463	227	29142	0	29980
28089	85	126	29309	525	0	30045
28090	136	106	28631	152	0	29025
28091	153	49	620	28711	0	29533
28092	129	33	238	29024	0	29424
28093	79	29362	185	592	0	30218
28094	140	468	129	29798	0	30535
28095	30152	118	110	694	0	31074
28096	30306	85	101	317	0	30809
28097	30941	35	109	258	0	31343
28098	729	52	111	30090	0	30982
28099	235	30479	141	562	0	31417
28100	30583	494	104	327	0	31508
28101	562	30609	109	183	0	31463
28102	204	30313	121	161	0	30799
28103	144	30763	140	131	0	31178
28104	30961	591	113	218	0	31883
28105	603	187	109	30799	0	31698
28106	231	136	121	30924	0	31412
28107	120	30863	118	595	0	31696
28108	30601	539	114	324	0	31578
28109	566	165	30471	145	0	31347
28110	242	137	551	30555	0	31485
28111	30589	86	215	656	0	31546
28112	544	31605	195	222	0	32566
28113	32839	521	122	329	0	33811
28114	657	154	113	33697	0	34621
28115	207	34330	141	538	0	35216
28116	186	574	33909	185	0	34854
28117	33988	162	559	220	0	34929
28118	622	126	204	34811	0	35763
28119	35164	118	137	682	0	36101
28120	653	128	91	34934	0	35806
28121	223	34748	124	640	0	35735
28122	198	537	35707	232	0	36674
28123	166	202	35829	227	0	36424
28124	215	252	603	35872	0	36942
28125	36453	120	261	681	0	37515
28126	36743	79	123	323	0	37268
28127	678	80	99	36313	0	37170
28128	310	88	88	36696	0	37182
28129	37080	91	93	762	0	38026
28130	647	99	115	37429	0	38290
28131	37475	97	107	805	0	38484
28132	655	37281	110	314	0	38360
28133	37383	554	103	355	0	38395
28134	694	201	37835	202	0	38932
28135	313	167	570	38039	0	39089
28136	271	117	217	38903	0	39508
28137	249	98	193	39029	0	39569
28138	211	37768	156	808	0	38943
28139	302	34480	203	413	0	35398
28140	218	623	157	38764	0	39762
28141	138	241	38641	754	0	39774
28142	229	146	647	38525	0	39547
28143	170	122	268	39749	0	40309
28144	160	155	217	40043	0	40575
28145	38664	144	196	902	0	39906
28146	614	37538	204	369	0	38725
28147	241	38122	194	297	0	38854
28148	266	642	177	37525	0	38610
28149	227	227	185	38406	0	39045
28150	243	143	153	38158	0	38697
28151	230	125	145	38517	0	39017
28152	37550	134	151	933	0	38768
28153	620	37556	173	373	0	38722
28154	37958	574	181	367	0	39080
28155	39003	216	185	373	0	39777
28156	718	186	135	38696	0	39735
28157	342	132	109	39367	0	39950
28158	38921	96	106	915	0	40038
28159	39212	126	94	502	0	39934
28160	803	148	65	38596	0	39612
28161	439	139	36	38791	0	39405
28162	288	142	38229	745	0	39404
28163	247	37257	456	387	0	38347
28164	218	38397	118	327	0	39060
28165	37025	467	107	294	0	37893
28166	503	184	37566	168	0	38421
28167	227	133	34695	143	0	35198
28168	32446	98	383	179	0	33106
28169	33734	30	160	163	0	34087
28170	247	36398	63	87	0	36795
28171	101	37790	32	88	0	38011
28172	136	246	33	38500	0	38915
28173	39836	101	18	386	0	40341
28174	40067	64	14	256	0	40401
28175	40648	34	19	246	0	40947
28176	325	30	13	40626	0	40994
28177	155	23	15	41211	0	41404
28178	94	42	40709	300	0	41145
28179	117	71	38475	164	0	38827
28180	68	68	41093	92	0	41321
28181	137	360	296	40714	0	41507
28182	40677	28	114	339	0	41158
28183	237	34	41843	114	0	42228
28184	164	14	193	41585	0	41956
28185	68	42588	89	224	0	42969
28186	87	190	41	42706	0	43024
28187	96	85	26	43251	0	43458
28188	51	52	44856	362	0	45321
28189	120	29	324	44301	0	44774
28190	47618	25	119	520	0	48282
28191	544	45	49315	161	0	50065
28192	271	28	519	49196	0	50014
28193	133	48	50731	571	0	51483
28194	86	50635	688	250	0	51659
28195	86	580	51492	165	0	52323
28196	255	223	705	48585	0	49768
28197	139	127	292	52216	0	52774
28198	68	124	54115	842	0	55149
28199	168	64	729	52863	0	53824
28200	185	67	257	52819	0	53328
28201	70	53400	187	963	0	54620
28202	77	658	54015	423	0	55173
28203	188	201	749	53440	0	54578
28204	168	145	285	54632	0	55230
28205	83	54480	214	980	0	55757
28206	135	708	162	55758	0	56763
28207	55575	238	137	1093	0	57043
28208	806	149	152	55967	0	57074
28209	270	143	56244	1013	0	57670
28210	55101	93	814	671	0	56679
28211	60036	94	322	535	0	60987
28212	1163	106	59784	316	0	61369
28213	57718	73	993	492	0	59276
28214	1100	59528	432	285	0	61345
28215	590	949	280	60507	0	62326
28216	442	401	210	66280	0	67333
28217	413	212	174	65823	0	66622
28218	334	160	154	67691	0	68339
28219	310	125	145	67992	0	68572
28220	66716	116	147	2226	0	69205
28221	1426	120	65672	1007	0	68225
28222	63445	75	1348	841	0	65709
28223	1579	118	64900	571	0	67168
28224	805	84	1516	64639	0	67044
28225	65215	94	629	1761	0	67699
28226	1701	93	428	64627	0	66849
28227	692	65317	348	1689	0	68046
28228	67082	1278	304	1023	0	69687
28229	1734	476	259	69023	0	71492
28230	697	324	64339	1910	0	67270
28231	64916	192	1237	1146	0	67491
28232	1586	69615	519	747	0	72467
28233	728	1394	70959	600	0	73681
28234	717	551	1533	70026	0	72827
28235	702	324	732	68447	0	70205
28236	421	69922	485	2048	0	72876
28237	396	1452	70310	1043	0	73201
28238	522	606	1551	69838	0	72517
28239	367	369	71824	2026	0	74586
28240	490	301	1688	71187	0	73666
28241	448	287	752	72091	0	73578
28242	377	264	70919	2370	0	73930
28243	488	162	1699	70858	0	73207
28244	995	341	1146	60092	0	62574
28245	516	226	649	74798	0	76189
28246	488	229	536	75275	0	76528
28247	72052	174	520	3091	0	75837
28248	1752	181	71137	1637	0	74707
28249	73030	203	1793	1394	0	76420
28250	2173	273	874	76123	0	79443
28251	1074	219	733	77908	0	79934
28252	790	191	570	77575	0	79126
28253	549	75806	573	3026	0	79954
28254	76595	1807	462	1894	0	80758
28255	2061	718	472	79100	0	82351
28256	895	78637	550	2629	0	82711
28257	689	1745	440	80743	0	83617
28258	80150	725	432	3012	0	84319
28259	80626	513	394	1892	0	83425
28260	80349	413	477	1477	0	82716
28261	2598	79510	497	1196	0	83801
28262	1244	1823	79946	1113	0	84126
28263	79348	798	1915	1287	0	83348
28264	81676	493	852	1361	0	84382
28265	2570	81330	618	1214	0	85732
28266	81094	1900	458	1291	0	84743
28267	80305	879	462	1144	0	82790
28268	82152	541	405	1205	0	84303
28269	2944	82680	459	1116	0	87199
28270	1637	1953	424	82004	0	86018
28271	82256	853	377	2698	0	86184
28272	84895	563	384	1535	0	87377
28273	82849	446	310	1285	0	84890
28274	84535	471	267	1169	0	86442
28275	3314	515	313	81934	0	86076
28276	1771	460	80978	2510	0	85719
28277	1609	344	1881	80573	0	84407
28278	1280	81404	779	2595	0	86058
28279	1232	2013	521	84187	0	87953
28280	1123	843	83776	2723	0	88465
28281	83660	541	2036	1484	0	87721
28282	2912	444	869	85395	0	89620
28283	84779	555	594	2730	0	88658
28284	86317	465	468	1732	0	88982
28285	3468	415	430	85810	0	90123
28286	1959	355	85695	2630	0	90639
28287	1676	449	81043	1357	0	84525
28288	79918	430	2280	1155	0	83783
28289	2628	81065	1100	1016	0	85809
28290	1391	79277	681	831	0	82180
28291	1133	79621	508	840	0	82102
28292	966	82485	481	794	0	84726
28293	79586	2140	853	943	0	83522
28294	80482	905	500	797	0	82684
28295	80109	621	297	773	0	81800
28296	80198	585	302	798	0	81883
28297	2806	549	274	77260	0	80889
28298	1486	75660	312	1824	0	79282
28299	76089	1538	342	1108	0	79077
28300	2222	740	75542	680	0	79184
28301	1377	75602	1514	679	0	79172
28302	1154	1517	76026	695	0	79392
28303	74933	761	1583	726	0	78003
28304	77284	611	726	746	0	79367
28305	77476	602	515	661	0	79254
28306	2652	557	378	76075	0	79662
28307	1449	453	76193	1650	0	79745
28308	1206	75951	1480	858	0	79495
28309	74434	1436	667	818	0	77355
28310	2165	73630	471	586	0	76852
28311	1223	70705	292	544	0	72764
28312	993	70873	269	513	0	72648
28313	925	71440	314	517	0	73196
28314	842	1605	68412	392	0	71251
28315	768	69034	1249	434	0	71485
28316	63762	1140	596	458	0	65956
28317	1235	538	228	63666	0	65667
28318	776	402	208	64458	0	65844
28319	64048	311	184	1212	0	65755
28320	1132	63295	231	580	0	65238
28321	721	939	65030	352	0	67042
28322	756	497	828	64358	0	66439
28323	724	356	367	66015	0	67462
28324	634	337	260	66277	0	67508
28325	522	374	65613	1125	0	67634
28326	501	429	64813	538	0	66281
28327	631	384	1005	65064	0	67084
28328	513	354	65452	875	0	67194
28329	524	368	61286	449	0	62627
28330	56908	314	1042	525	0	58789
28331	1034	62136	508	392	0	64070
28332	577	60544	319	270	0	61710
28333	560	62345	242	306	0	63453
28334	577	1115	277	60829	0	62798
28335	397	64086	274	717	0	65474
28336	64920	912	265	617	0	66714
28337	994	511	65072	308	0	66885
28338	65982	342	887	433	0	67644
28339	1175	300	444	67007	0	68926
28340	691	271	293	67834	0	69089
28341	411	69679	316	1182	0	71588
28342	70090	1022	291	675	0	72078
28343	70394	452	353	541	0	71740
28344	1529	73769	293	366	0	75957
28345	740	1303	195	72073	0	74311
28346	435	533	73112	1190	0	75270
28347	2703	380	70362	502	0	73947
28348	334	74360	1491	383	0	76568
28349	73688	1440	596	575	0	76299
28350	1395	522	73782	135	0	75834
28351	859	289	1286	72368	0	74802
28352	74045	245	538	1452	0	76280
28353	75330	215	265	705	0	76515
28354	1738	87596	302	321	0	89957
28355	691	92295	275	231	0	93492
28356	92011	2460	214	411	0	95096
28357	2221	991	91759	148	0	95119
28358	91407	531	2025	345	0	94308
28359	93801	329	714	359	0	95203
28360	3064	305	392	91587	0	95348
28361	1123	363	93301	2007	0	96794
28362	697	296	92232	718	0	93943
28363	89562	214	2732	544	0	93052
28364	2456	272	92910	268	0	95906
28365	88202	192	2390	451	0	91235
28366	91450	223	888	442	0	93003
28367	2794	90254	556	264	0	93868
28368	2648	2169	88394	182	0	93393
28369	771	88549	2155	175	0	91650
28370	87480	2189	984	372	0	91025
28371	2429	862	86807	156	0	90254
28372	1410	543	2164	82959	0	87076
28373	730	356	86175	2028	0	89289
28374	830	291	85905	714	0	87740
28375	600	297	86289	311	0	87497
28376	681	278	85643	236	0	86838
28377	550	82791	3041	305	0	86687
28378	656	1972	82807	261	0	85696
28379	548	81410	2440	238	0	84636
28380	547	2191	80667	188	0	83593
28381	78744	860	2535	339	0	82478
28382	2441	556	1165	74687	0	78849
28383	1142	80286	778	1542	0	83748
28384	79196	1979	773	862	0	82810
28385	79884	872	736	657	0	82149
28386	75585	579	774	558	0	77496
28387	78848	432	763	445	0	80488
28388	2840	77901	834	287	0	81862
28389	74174	2118	724	615	0	77631
28390	78328	1030	644	517	0	80519
28391	2792	75154	756	380	0	79082
28392	1415	2318	72507	230	0	76470
28393	1206	1002	2292	71635	0	76135
28394	923	74551	1212	1822	0	78508
28395	854	2251	75047	800	0	78952
28396	862	1157	75522	462	0	78003
28397	960	73603	2963	322	0	77848
28398	990	74788	1467	314	0	77559
28399	974	77604	1009	383	0	79970
28400	1011	75980	865	318	0	78174
28401	75998	3203	830	439	0	80470
28402	77366	1564	780	466	0	80176
28403	3455	1038	76985	301	0	81779
28404	1840	926	78091	268	0	81125
28405	1429	814	3260	75766	0	81269
28406	1250	803	1622	77874	0	81549
28407	1312	825	1120	78981	0	82238
28408	77057	766	1106	3053	0	81982
28409	2896	76180	1203	1304	0	81583
28410	1660	79672	1105	700	0	83137
28411	1314	81757	999	558	0	84628
28412	78569	3766	1034	556	0	83925
28413	80602	1853	1049	571	0	84075
28414	4087	1259	1022	78000	0	84368
28415	80615	1047	1191	2549	0	85402
28416	81705	991	1235	1128	0	85059
28417	4162	1058	1144	79403	0	85767
28418	80250	1042	1099	2950	0	85341
28419	3618	78746	1363	1361	0	85088
28420	2243	2925	1384	78808	0	85360
28421	1981	1529	77444	2569	0	83523
28422	1621	77093	3541	1235	0	83490
28423	1710	3344	78323	853	0	84230
28424	1919	1878	3627	73652	0	81076
28425	1775	78454	2113	2457	0	84799
28426	2069	3086	1804	77721	0	84680
28427	1834	1743	1643	79432	0	84652
28428	1916	1312	77495	3519	0	84242
28429	1691	1179	81464	1617	0	85951
28430	1639	1047	4257	78779	0	85722
28431	1747	1098	2506	76249	0	81600
28432	1478	79254	1907	3302	0	85941
28433	75589	3217	1711	1684	0	82201
28434	3436	76827	1728	1072	0	83063
28435	1926	78342	1437	896	0	82601
28436	1416	3999	74352	809	0	80576
28437	1055	74033	3319	948	0	79355
28438	1294	3533	2154	68082	0	75063
28439	1087	72142	1652	2702	0	77583
28440	1147	3292	1429	68712	0	74580
28441	938	69835	1549	2760	0	75082
28442	68651	3183	1306	1500	0	74640
28443	2987	69607	1386	972	0	74952
28444	1570	2957	961	61357	0	66845
28445	1165	64886	880	2151	0	69082
28446	63823	2964	901	1028	0	68716
28447	63920	1727	671	864	0	67182
28448	3123	62828	747	694	0	67392
28449	60424	2527	596	601	0	64148
28450	2871	2038	593	57636	0	63138
28451	1415	1202	57672	2117	0	62406
28452	1313	976	58397	1031	0	61717
28453	1024	57975	2403	889	0	62291
28454	40945	1269	888	384	0	43486
28455	40626	510	326	347	0	41809
28456	1309	376	39379	296	0	41360
28457	524	358	38743	266	0	39891
28458	37607	354	1100	307	0	39368
28459	38958	287	443	308	0	39996
28460	1197	374	37659	257	0	39487
28461	35490	331	942	277	0	37040
28462	1025	35833	416	248	0	37522
28463	409	37486	306	239	0	38440
28464	424	1193	318	36177	0	38112
28465	332	558	240	36968	0	38098
28466	36868	394	225	1179	0	38666
28467	36831	313	213	557	0	37914
28468	37042	328	229	370	0	37969
28469	1263	316	235	36154	0	37968
28470	577	324	218	36444	0	37563
28471	400	34566	232	1130	0	36328
28472	333	35362	228	487	0	36410
28473	390	36736	174	324	0	37624
28474	420	1262	173	34806	0	36661
28475	376	35939	195	878	0	37388
28476	378	1101	34914	408	0	36801
28477	33497	554	853	406	0	35310
28478	1062	427	34941	310	0	36740
28479	518	406	34741	270	0	35935
28480	33819	342	1023	300	0	35484
28481	1030	34759	409	285	0	36483
28482	35022	1038	264	324	0	36648
28483	35286	542	221	339	0	36388
28484	1199	429	33863	308	0	35799
28485	599	401	34772	242	0	36014
28486	459	34858	1118	254	0	36689
28487	430	1079	35098	288	0	36895
28488	460	510	1057	35027	0	37054
28489	645	429	514	30782	0	32370
28490	369	34518	364	1105	0	36356
28491	371	36112	365	464	0	37312
28492	35142	1300	282	345	0	37069
28493	36554	664	270	318	0	37806
28494	1343	476	296	35959	0	38074
28495	681	437	297	36804	0	38219
28496	35834	343	293	1215	0	37685
28497	36311	373	319	571	0	37574
28498	1211	36401	293	402	0	38307
28499	34266	953	248	278	0	35745
28500	1071	32916	236	230	0	34453
28501	524	34570	203	210	0	35507
28502	34198	1054	202	294	0	35748
28503	34301	509	178	284	0	35272
28504	1186	388	166	33870	0	35610
28505	33855	313	147	826	0	35141
28506	1086	320	33320	279	0	35005
28507	558	33706	681	285	0	35230
28508	33628	770	266	339	0	35003
28509	922	339	33843	269	0	35373
28510	460	422	678	31211	0	32771
28511	373	31400	278	565	0	32616
28512	355	32644	207	214	0	33420
28513	32541	723	252	213	0	33729
28514	775	309	31588	158	0	32830
28515	30477	217	601	98	0	31393
28516	815	130	263	30862	0	32070
28517	425	126	30676	489	0	31716
28518	30691	159	572	307	0	31729
28519	658	32323	245	154	0	33380
28520	298	33884	188	104	0	34474
28521	34231	672	211	167	0	35281
28522	34267	322	114	215	0	34918
28523	35028	184	78	283	0	35573
28524	771	140	89	34620	0	35620
28525	477	152	113	34652	0	35394
28526	339	133	34199	504	0	35175
28527	293	134	33039	280	0	33746
28528	222	34110	479	236	0	35047
28529	194	399	159	31751	0	32503
28530	31546	113	82	320	0	32061
28531	296	31413	49	144	0	31902
28532	161	288	41	31906	0	32396
28533	31972	108	60	317	0	32457
28534	297	31936	83	120	0	32436
28535	132	34167	59	85	0	34443
28536	154	319	33214	62	0	33749
28537	33015	116	263	124	0	33518
28538	34159	104	113	115	0	34491
28539	328	81	33359	80	0	33848
28540	32080	74	234	112	0	32500
28541	301	77	33625	39	0	34042
28542	127	33095	253	42	0	33517
28543	174	296	117	32993	0	33580
28544	32904	86	77	287	0	33354
28545	274	32360	62	84	0	32780
28546	110	32646	65	53	0	32874
28547	31942	210	41	86	0	32279
28548	226	86	33828	31	0	34171
28549	33071	42	179	174	0	33466
28550	193	35019	70	55	0	35337
28551	107	184	34050	25	0	34366
28552	33918	51	157	90	0	34216
28553	35271	51	54	67	0	35443
28554	234	49	31	35140	0	35454
28555	120	49	28	35517	0	35714
28556	63	35729	46	198	0	36036
28557	78	189	36236	59	0	36562
28558	131	67	173	36660	0	37031
28559	71	71	38718	232	0	39092
28560	76	60	38368	81	0	38585
28561	118	35	315	40727	0	41195
28562	72	47	42028	367	0	42514
28563	76	54	41676	126	0	41932
28564	161	49	475	41186	0	41871
28565	63	44	42987	384	0	43478
28566	39531	51	465	230	0	40277
28567	379	41910	181	138	0	42608
28568	148	365	43876	60	0	44449
28569	136	144	46436	52	0	46768
28570	213	100	517	45005	0	45835
28571	48612	47	214	491	0	49364
28572	48852	27	146	225	0	49250
28573	48625	33	94	200	0	48952
28574	48999	42	97	160	0	49298
28575	626	49	87	48225	0	48987
28576	235	69	49361	414	0	50079
28577	49467	28	452	270	0	50217
28578	50747	47	164	223	0	51181
28579	51291	35	133	197	0	51656
28580	646	55	50170	51	0	50922
28581	48368	38	447	161	0	49014
28582	605	48	186	52922	0	53761
28583	222	53707	166	485	0	54580
28584	258	489	100	53504	0	54351
28585	140	54551	107	514	0	55312
28586	55168	536	107	278	0	56089
28587	650	165	56151	140	0	57106
28588	314	123	646	54674	0	55757
28589	167	55544	278	607	0	56596
28590	114	57582	202	234	0	58132
28591	57473	728	151	273	0	58625
28592	57680	241	120	190	0	58231
28593	851	177	55597	97	0	56722
28594	55940	90	720	174	0	56924
28595	894	80	241	56690	0	57905
28596	311	115	58647	710	0	59783
28597	313	97	57441	220	0	58071
28598	376	82	821	59296	0	60575
28599	62669	65	299	1001	0	64034
28600	1018	71	205	62450	0	63744
28601	474	63	152	62516	0	63205
28602	352	64	159	62566	0	63141
28603	232	62551	174	1129	0	64086
28604	341	772	142	63546	0	64801
28605	61923	229	137	1144	0	63433
28606	901	62276	187	419	0	63783
28607	467	818	126	63164	0	64575
28608	62585	280	141	1138	0	64144
28609	934	61150	155	421	0	62660
28610	342	62619	159	316	0	63436
28611	392	1034	130	62522	0	64078
28612	61598	387	136	1116	0	63237
28613	1014	253	61468	442	0	63177
28614	451	195	59858	305	0	60809
28615	61341	190	1098	396	0	63025
28616	64444	176	424	368	0	65412
28617	1303	64948	292	246	0	66789
28618	717	1043	202	63347	0	65309
28619	423	374	63439	1037	0	65273
28620	347	275	61672	422	0	62716
28621	287	197	65162	346	0	65992
28622	274	64144	1552	273	0	66243
28623	251	65473	636	270	0	66630
28624	64675	1347	371	440	0	66833
28625	1286	511	65012	265	0	67074
28626	63532	278	1259	377	0	65446
28627	65298	203	522	414	0	66437
28628	1589	239	65621	281	0	67730
28629	675	66971	1252	295	0	69193
28630	742	1314	514	64720	0	67290
28631	413	512	68414	1296	0	70635
28632	421	396	65416	513	0	66746
28633	63995	268	1579	538	0	66380
28634	1364	67085	694	282	0	69425
28635	713	1384	378	65147	0	67622
28636	566	604	293	65470	0	66933
28637	351	65360	369	1575	0	67655
28638	388	66883	363	656	0	68290
28639	411	68069	362	417	0	69259
28640	520	1732	301	69322	0	71875
28641	71352	689	267	1731	0	74039
28642	1813	467	263	72302	0	74845
28643	651	419	71894	1868	0	74832
28644	481	403	71581	714	0	73179
28645	549	362	1984	72387	0	75282
28646	394	385	72998	1764	0	75541
28647	412	72578	1871	754	0	75615
28648	576	1731	705	74893	0	77905
28649	76971	677	537	2150	0	80335
28650	76989	478	434	1031	0	78932
28651	2320	77549	434	663	0	80966
28652	77308	2083	417	708	0	80516
28653	79337	828	386	627	0	81178
28654	79653	534	364	710	0	81261
28655	2788	554	70900	549	0	74791
28656	74829	410	1771	660	0	77670
28657	2384	75122	754	567	0	78827
28658	1021	1950	75012	413	0	78396
28659	789	791	75070	402	0	77052
28660	614	73726	2343	492	0	77175
28661	72821	2012	995	488	0	76316
28662	2267	748	558	70321	0	73894
28663	888	70300	488	1855	0	73531
28664	71521	1910	441	888	0	74760
28665	2280	766	426	71464	0	74936
28666	72213	502	410	2207	0	75332
28667	2436	423	397	72545	0	75801
28668	1055	449	70792	2179	0	74475
28669	683	481	68919	879	0	70962
28670	653	495	69652	620	0	71420
28671	839	517	2434	66852	0	70642
28672	663	495	1028	70006	0	72192
28673	660	510	68602	2392	0	72164
28674	698	68120	2137	1020	0	71975
28675	69100	1990	901	741	0	72732
28676	68748	806	704	628	0	70886
28677	2641	67966	592	558	0	71757
28678	1418	2124	608	68568	0	72718
28679	913	834	69715	2125	0	73587
28680	68255	579	2283	1000	0	72117
28681	2406	511	70055	674	0	73646
28682	1087	484	65627	472	0	67670
28683	854	495	67056	398	0	68803
28684	63810	447	2769	532	0	67558
28685	2269	495	65065	490	0	68319
28686	1084	62622	2293	508	0	66507
28687	837	64514	1153	442	0	66946
28688	955	2262	860	61108	0	65185
28689	841	914	716	62624	0	65095
28690	724	607	61634	2176	0	65141
28691	59738	535	2046	1077	0	63396
28692	63069	452	998	727	0	65246
28693	2527	425	851	61713	0	65516
28694	61617	405	774	1963	0	64759
28695	2175	61081	783	867	0	64906
28696	59720	1887	649	715	0	62971
28697	2158	57918	640	677	0	61393
28698	1035	58795	550	584	0	60964
28699	56497	2033	604	605	0	59739
28700	56641	893	528	550	0	58612
28701	58436	609	494	540	0	60079
28702	58932	544	543	577	0	60596
28703	2532	486	54621	479	0	58118
28704	55135	412	1827	502	0	57876
28705	2359	442	888	53520	0	57209
28706	1152	54500	669	1629	0	57950
28707	54778	1663	621	806	0	57868
28708	2109	54724	574	602	0	58009
28709	55293	1846	562	534	0	58235
28710	2353	775	508	54501	0	58137
28711	1244	625	520	55657	0	58046
28712	931	606	52826	2020	0	56383
28713	932	527	54397	871	0	56727
28714	932	54266	1919	672	0	57789
28715	52232	1639	876	630	0	55377
28716	2023	51401	662	478	0	54564
28717	1068	50635	570	452	0	52725
28718	978	52941	495	414	0	54828
28719	943	1872	50907	420	0	54142
28720	790	51516	1626	386	0	54318
28721	48146	1845	734	395	0	51120
28722	48681	753	513	389	0	50336
28723	2006	619	427	46710	0	49762
28724	986	46395	456	1459	0	49296
28725	785	47907	462	676	0	49830
28726	869	1750	451	46955	0	50025
28727	795	764	46981	1423	0	49963
28728	736	45669	1458	600	0	48463
28729	887	1647	575	44070	0	47179
28730	42764	771	426	1521	0	45482
28731	43374	607	419	720	0	45120
28732	1623	43626	418	508	0	46175
28733	43902	1469	450	446	0	46267
28734	44302	705	378	425	0	45810
28735	2004	552	361	42402	0	45319
28736	952	505	41609	1321	0	44387
28737	702	42051	1362	600	0	44715
28738	755	1647	600	41035	0	44037
28739	600	683	40886	1192	0	43361
28740	512	39110	1115	540	0	41277
28741	36134	1106	567	463	0	38270
28742	36486	554	355	348	0	37743
28743	1359	473	257	35485	0	37574
28744	699	35606	264	967	0	37536
28745	613	979	35445	417	0	37454
28746	623	676	904	34602	0	36805
28747	446	479	35357	905	0	37187
28748	361	31798	770	374	0	33303
28749	624	772	435	28245	0	30076
28750	27909	290	225	587	0	29011
28751	581	27622	160	247	0	28610
28752	27348	575	109	234	0	28266
28753	27076	288	109	214	0	27687
28754	711	27409	123	174	0	28417
28755	378	597	112	27392	0	28479
28756	352	346	113	27383	0	28194
28757	273	26461	127	590	0	27451
28758	227	27190	113	324	0	27854
28759	269	628	131	25567	0	26595
28760	228	26303	114	440	0	27085
28761	26353	517	106	276	0	27252
28762	26254	283	99	185	0	26821
28763	582	260	25817	144	0	26803
28764	333	199	25027	130	0	25689
28765	24715	172	456	163	0	25506
28766	25620	151	214	164	0	26149
28767	501	26139	140	134	0	26914
28768	25908	460	128	183	0	26679
28769	25823	264	90	146	0	26323
28770	570	25231	83	123	0	26007
28771	25783	474	64	152	0	26473
28772	599	323	75	29450	0	30447
28773	373	246	84	30514	0	31217
28774	203	180	31821	738	0	32942
28775	154	30767	610	256	0	31787
28776	125	32212	183	172	0	32692
28777	30237	994	381	382	0	31994
28778	30400	236	133	242	0	31011
28779	29476	145	64	264	0	29949
28780	31090	114	83	209	0	31496
28781	809	147	29352	106	0	30414
28782	271	162	30639	100	0	31172
28783	195	30924	694	99	0	31912
28784	303	639	205	30581	0	31728
28785	320	259	119	30188	0	30886
28786	255	31222	104	609	0	32190
28787	339	667	93	30639	0	31738
28788	30613	201	135	694	0	31643
28789	737	30710	142	203	0	31792
28790	313	701	31518	144	0	32676
28791	212	32197	620	184	0	33213
28792	32226	693	234	221	0	33374
28793	690	329	32001	168	0	33188
28794	31845	214	633	255	0	32947
28795	32846	190	227	193	0	33456
28796	790	207	32212	151	0	33360
28797	300	191	31922	117	0	32530
28798	237	204	31548	119	0	32108
28799	30254	159	794	147	0	31354
28800	725	179	31443	97	0	32444
28801	357	30925	706	97	0	32085
28802	30916	612	304	115	0	31947
28803	724	202	30893	66	0	31885
28804	29829	125	761	122	0	30837
28805	769	142	30574	54	0	31539
28806	356	108	31709	63	0	32236
28807	225	31830	908	49	0	33012
28808	257	630	32338	42	0	33267
28809	278	210	31813	58	0	32359
28810	240	28844	904	80	0	30068
28811	31013	628	388	98	0	32127
28812	712	252	31359	47	0	32370
28813	412	162	787	28974	0	30335
28814	211	31464	397	514	0	32586
28815	31774	627	335	241	0	32977
28816	31530	263	314	221	0	32328
28817	806	223	31661	97	0	32787
28818	348	30499	820	85	0	31752
28819	231	31826	452	76	0	32585
28820	305	882	267	30545	0	31999
28821	285	29688	271	663	0	30907
28822	460	762	259	28484	0	29965
28823	364	345	226	31597	0	32532
28824	286	31751	271	721	0	33029
28825	337	793	241	31333	0	32704
28826	265	31650	260	705	0	32880
28827	244	826	31294	310	0	32674
28828	267	462	737	31114	0	32580
28829	253	350	300	31305	0	32208
28830	207	31080	247	850	0	32384
28831	230	32218	221	391	0	33060
28832	292	954	174	30774	0	32194
28833	202	31552	244	739	0	32737
28834	31196	885	252	421	0	32754
28835	801	456	214	31116	0	32587
28836	319	31460	271	806	0	32856
28837	30691	856	235	376	0	32158
28838	761	30784	235	302	0	32082
28839	354	859	30390	312	0	31915
28840	320	503	779	30198	0	31800
28841	30527	357	373	841	0	32098
28842	810	345	30684	391	0	32230
28843	436	383	772	29538	0	31129
28844	347	30369	364	753	0	31833
28845	313	892	29928	311	0	31444
28846	299	30540	836	246	0	31921
28847	28947	826	401	275	0	30449
28848	29971	384	397	226	0	30978
28849	840	29775	404	225	0	31244
28850	29705	807	359	268	0	31139
28851	826	439	29363	194	0	30822
28852	429	330	902	28741	0	30402
28853	357	376	441	28321	0	29495
28854	345	29151	377	779	0	30652
28855	31001	839	375	358	0	32573
28856	32121	421	324	332	0	33198
28857	917	372	31892	164	0	33345
28858	32030	326	847	220	0	33423
28859	32975	298	371	260	0	33904
28860	33092	275	348	207	0	33922
28861	1013	306	300	32070	0	33689
28862	497	329	275	32267	0	33368
28863	387	32346	265	768	0	33766
28864	31580	774	297	339	0	32990
28865	31854	362	243	304	0	32763
28866	926	31501	257	268	0	32952
28867	453	836	204	30630	0	32123
28868	343	30578	178	737	0	31836
28869	518	32058	163	307	0	33046
28870	31492	856	262	330	0	32940
28871	813	348	30695	281	0	32137
28872	228	191	26142	141	0	26702
28873	180	26163	395	128	0	26866
28874	24094	283	265	128	0	24770
28875	287	135	23840	61	0	24323
28876	135	22455	251	75	0	22916
28877	22335	199	92	112	0	22738
28878	219	88	22101	26	0	22434
28879	103	52	198	21582	0	21935
28880	23295	60	43	259	0	23657
28881	278	62	23554	69	0	23963
28882	86	56	24546	60	0	24748
28883	87	55	25217	42	0	25401
28884	51	40	25011	34	0	25136
28885	23909	52	379	90	0	24430
28886	26083	35	138	63	0	26319
28887	323	26224	75	28	0	26650
28888	156	314	46	27015	0	27531
28889	196	79	43	27692	0	28010
28890	51	26859	45	419	0	27374
28891	119	401	27	27191	0	27738
28892	50	27860	47	415	0	28372
28893	49	28525	41	168	0	28783
28894	85	540	39	28153	0	28817
28895	43	193	28348	443	0	29027
28896	40	28442	447	166	0	29095
28897	86	457	158	28718	0	29419
28898	28935	163	111	515	0	29724
28899	467	117	27784	1025	0	29393
28900	28267	84	457	150	0	28958
28901	29609	80	170	118	0	29977
28902	684	63	101	30067	0	30915
28903	261	73	31305	576	0	32215
28904	141	83	31301	212	0	31737
28905	96	32943	760	136	0	33935
28906	172	652	294	32234	0	33352
28907	85	269	32715	636	0	33705
28908	80	145	32699	247	0	33171
28909	68	33237	882	131	0	34318
28910	33236	687	361	174	0	34458
28911	34007	254	202	164	0	34627
28912	941	156	169	34550	0	35816
28913	371	126	35683	787	0	36967
28914	230	105	35590	302	0	36227
28915	146	36548	1042	220	0	37956
28916	130	805	37343	125	0	38403
28917	119	320	36992	135	0	37566
28918	225	257	1195	34556	0	36233
28919	101	135	36850	812	0	37898
28920	35291	113	1024	380	0	36808
28921	861	91	478	36992	0	38422
28922	324	102	38127	833	0	39386
28923	204	38040	964	377	0	39585
28924	227	805	459	38524	0	40015
28925	170	320	39167	879	0	40536
28926	125	39653	999	419	0	41196
28927	176	895	516	38797	0	40384
28928	112	40491	385	842	0	41830
28929	176	1000	281	40632	0	42089
28930	191	404	317	40837	0	41749
28931	119	266	40419	1197	0	42001
28932	110	40692	1018	577	0	42397
28933	186	927	537	40843	0	42493
28934	180	380	369	41317	0	42246
28935	168	255	317	41935	0	42675
28936	82	237	40696	1327	0	42342
28937	84	40269	1046	657	0	42056
28938	163	935	486	40777	0	42361
28939	100	435	40576	1117	0	42228
28940	103	40452	1106	567	0	42228
28941	157	1030	492	40677	0	42356
28942	114	471	40957	1099	0	42641
28943	97	40859	1066	618	0	42640
28944	142	1018	534	40438	0	42132
28945	145	489	416	41981	0	43031
28946	93	396	42306	1383	0	44178
28947	39608	258	1094	871	0	41831
28948	821	42209	568	522	0	44120
28949	42616	1050	387	529	0	44582
28950	1000	517	42853	449	0	44819
28951	42720	351	1151	441	0	44663
28952	1106	301	551	43656	0	45614
28953	464	295	418	45087	0	46264
28954	272	305	44041	1394	0	46012
28955	40315	272	1129	821	0	42537
28956	41455	256	601	639	0	42951
28957	1174	40902	472	508	0	43056
28958	504	42895	373	475	0	44247
28959	42695	1261	382	480	0	44818
28960	1124	622	42511	397	0	44654
28961	488	44532	1138	441	0	46599
28962	431	1081	624	45619	0	47755
28963	332	576	481	46915	0	48304
28964	291	377	45996	1425	0	48089
28965	44615	290	1220	833	0	46958
28966	1109	316	47132	531	0	49088
28967	46575	265	1311	547	0	48698
28968	1262	266	48767	427	0	50722
28969	591	48789	1366	358	0	51104
28970	49471	1111	753	443	0	51778
28971	49887	575	522	427	0	51411
28972	49345	406	393	432	0	50576
28973	49842	281	433	397	0	50953
28974	1696	293	379	48626	0	50994
28975	755	321	48493	1197	0	50766
28976	593	285	1192	47643	0	49713
28977	407	48516	667	1230	0	50820
28978	444	1070	443	49472	0	51429
28979	366	490	49079	1279	0	51214
28980	344	361	48681	625	0	50011
28981	408	358	1378	48006	0	50150
28982	47774	245	754	1223	0	49996
28983	46973	219	519	695	0	48406
28984	47600	249	400	525	0	48774
28985	1465	241	47628	429	0	49763
28986	772	241	47166	355	0	48534
28987	511	47011	1316	333	0	49171
28988	427	48408	623	334	0	49792
28989	46984	1026	583	419	0	49012
28990	47563	479	363	403	0	48808
28991	1154	48861	329	322	0	50666
28992	48550	839	274	389	0	50052
28993	48810	392	277	373	0	49852
28994	1133	48700	291	297	0	50421
28995	49952	825	282	378	0	51437
28996	49842	422	259	347	0	50870
28997	1166	50525	270	285	0	52246
28998	51364	815	262	334	0	52775
28999	51401	403	278	316	0	52398
29000	1255	323	51431	220	0	53229
29001	698	247	50953	215	0	52113
29002	450	50398	896	198	0	51942
29003	361	51371	476	180	0	52388
29004	51002	826	589	268	0	52685
29005	49645	359	240	243	0	50487
29006	49122	217	196	224	0	49759
29007	879	49275	202	147	0	50503
29008	491	561	136	50325	0	51513
29009	361	300	50997	524	0	52182
29010	434	402	528	49610	0	50974
29011	312	51272	291	518	0	52393
29012	50990	444	168	287	0	51889
29013	563	50108	134	155	0	50960
29014	340	466	111	50725	0	51642
29015	53301	190	116	629	0	54236
29016	53053	147	111	289	0	53600
29017	752	156	52792	123	0	53823
29018	53516	155	493	211	0	54375
29019	56780	103	228	190	0	57301
29020	57561	127	148	162	0	57998
29021	893	147	127	55938	0	57105
29022	456	55997	124	541	0	57118
29023	407	577	98	57484	0	58566
29024	303	314	58038	587	0	59242
29025	306	58438	617	307	0	59668
29026	339	614	249	58303	0	59505
29027	239	286	58586	587	0	59698
29028	222	58189	635	285	0	59331
29029	413	664	262	56312	0	57651
29030	237	318	58276	590	0	59421
29031	52211	191	660	527	0	53589
29032	752	196	59372	143	0	60463
29033	438	190	58661	149	0	59438
29034	289	59706	854	160	0	61009
29035	351	699	378	60183	0	61611
29036	324	347	192	59488	0	60351
29037	249	58349	243	802	0	59643
29038	338	696	195	61703	0	62932
29039	62400	348	141	879	0	63768
29040	62138	171	181	506	0	62996
29041	999	223	60036	218	0	61476
29042	61432	184	664	308	0	62588
29043	63748	175	304	352	0	64579
29044	1065	214	63590	173	0	65042
29045	506	63220	774	204	0	64704
29046	316	63915	374	174	0	64779
29047	457	964	236	59491	0	61148
29048	277	63131	212	653	0	64273
29049	359	907	58532	323	0	60121
29050	395	421	59457	205	0	60478
29051	290	62992	950	141	0	64373
29052	62870	801	369	346	0	64386
29053	64121	418	204	307	0	65050
29054	64828	290	175	293	0	65586
29055	64665	265	167	303	0	65400
29056	61597	301	172	407	0	62477
29057	1074	63144	204	147	0	64569
29058	511	858	62667	101	0	64137
29059	545	408	735	62122	0	63810
29060	62051	246	321	909	0	63527
29061	945	60814	213	330	0	62302
29062	562	833	153	60329	0	61877
29063	354	360	60522	696	0	61932
29064	301	58515	801	331	0	59948
29065	228	60907	343	185	0	61663
29066	58788	1027	348	411	0	60574
29067	790	58715	162	170	0	59837
29068	506	735	125	57027	0	58393
29069	57208	314	121	833	0	58476
29070	56901	201	131	366	0	57599
29071	57081	196	127	310	0	57714
29072	977	225	55684	105	0	56991
29073	406	56357	681	168	0	57612
29074	57809	744	258	243	0	59054
29075	866	372	148	57502	0	58888
29076	58063	207	127	885	0	59282
29077	862	57246	200	311	0	58619
29078	60566	788	96	296	0	61746
29079	65470	339	133	289	0	66231
29080	1483	231	141	64522	0	66377
29081	631	282	66834	1047	0	68794
29082	563	199	1078	68156	0	69996
29083	68372	167	372	1449	0	70360
29084	68938	194	275	610	0	70017
29085	1562	67470	238	379	0	69649
29086	66307	1117	218	403	0	68045
29087	1424	66675	186	300	0	68585
29088	66835	1260	149	405	0	68649
29089	64860	481	201	510	0	66052
29090	1552	409	65321	225	0	67507
29091	757	65191	1122	221	0	67291
29092	691	1271	388	66135	0	68485
29093	590	501	274	67276	0	68641
29094	532	383	206	65414	0	66535
29095	369	65521	285	1562	0	67737
29096	386	1281	65007	667	0	67341
29097	454	576	65175	381	0	66586
29098	366	77296	1491	356	0	79509
29099	77254	1703	573	483	0	80013
29100	1796	709	76597	253	0	79355
29101	74519	570	1661	413	0	77163
29102	2036	75475	707	272	0	78490
29103	894	1744	76079	185	0	78902
29104	931	703	1809	74255	0	77698
29105	432	667	76963	1624	0	79686
29106	442	416	78040	695	0	79593
29107	710	359	2134	71815	0	75018
29108	459	73627	1021	1598	0	76705
29109	443	76737	623	640	0	78443
29110	74968	2050	497	1219	0	78734
29111	1795	929	74556	277	0	77557
29112	74413	719	1709	436	0	77277
29113	75647	415	792	381	0	77235
29114	2162	75513	669	238	0	78582
29115	73509	1677	286	288	0	75760
29116	73931	775	284	310	0	75300
29117	71242	538	330	342	0	72452
29118	2427	68768	289	298	0	71782
29119	1078	64701	379	260	0	66418
29120	792	68560	336	198	0	69886
29121	68164	2026	498	330	0	71018
29122	68350	944	253	294	0	69841
29123	2102	746	63811	147	0	66806
29124	1134	451	64039	134	0	65758
29125	65807	321	1706	258	0	68092
29126	67390	280	761	242	0	68673
29127	67771	254	537	298	0	68860
29128	2305	294	360	65416	0	68375
29129	1293	237	270	66695	0	68495
29130	1022	232	238	67500	0	68992
29131	790	277	219	67965	0	69251
29132	522	391	62246	2050	0	65209
29133	561	337	64632	869	0	66399
29134	501	341	64892	580	0	66314
29135	557	284	64024	308	0	65173
29136	63451	205	1951	373	0	65980
29137	1581	63662	977	303	0	66523
29138	793	66051	709	258	0	67811
29139	65297	1682	405	369	0	67753
29140	1790	860	64693	224	0	67567
29141	926	660	62911	296	0	64793
29142	62776	452	1891	484	0	65603
29143	64473	347	940	480	0	66240
29144	1919	63469	659	375	0	66422
29145	1202	1379	484	63357	0	66422
29146	64360	610	499	1403	0	66872
29147	65520	556	481	581	0	67138
29148	2214	423	424	63917	0	66978
29149	1187	65998	411	1384	0	68980
29150	66722	1497	291	749	0	69259
29151	1871	801	64792	546	0	68010
29152	64061	670	1474	545	0	66750
29153	1908	65077	737	429	0	68151
29154	66081	1484	672	518	0	68755
29155	64683	668	557	511	0	66419
29156	2058	623	65806	334	0	68821
29157	1248	465	64429	264	0	66406
29158	64894	463	1931	318	0	67606
29159	66546	455	1009	367	0	68377
29160	2137	66672	708	233	0	69750
29161	1288	1529	544	67156	0	70517
29162	937	679	66612	1392	0	69620
29163	66000	632	1602	604	0	68838
29164	1991	459	841	66924	0	70215
29165	1092	377	767	67801	0	70037
29166	67152	350	549	1857	0	69908
29167	1807	69017	490	919	0	72233
29168	69989	1517	434	775	0	72715
29169	70820	632	417	530	0	72399
29170	71697	598	430	503	0	73228
29171	2437	69954	450	370	0	73211
29172	71328	1524	374	367	0	73593
29173	2373	693	357	70343	0	73766
29174	1373	674	343	70549	0	72939
29175	1300	452	69424	1824	0	73000
29176	1073	424	68369	827	0	70693
29177	879	68475	1772	593	0	71719
29178	747	68733	806	440	0	70726
29179	645	1425	63192	291	0	65553
29180	566	63789	1224	283	0	65862
29181	62656	1543	745	458	0	65402
29182	63079	529	365	287	0	64260
29183	63892	410	247	220	0	64769
29184	1907	271	203	61075	0	63456
29185	976	290	200	62861	0	64327
29186	660	270	63124	1389	0	65443
29187	442	62959	1076	745	0	65222
29188	62856	1116	496	583	0	65051
29189	1255	63401	418	227	0	65301
29190	64007	1267	258	275	0	65807
29191	64445	544	202	277	0	65468
29192	1731	414	188	62593	0	64926
29193	1002	259	222	63152	0	64635
29194	732	303	155	64647	0	65837
29195	585	241	61823	1582	0	64231
29196	481	60482	1027	822	0	62812
29197	395	60659	515	575	0	62144
29198	142	48080	108	199	0	48529
29199	131	47963	113	179	0	48386
29200	140	48872	131	173	0	49316
29201	46429	654	236	225	0	47544
29202	558	300	47211	105	0	48174
29203	265	47595	487	122	0	48469
29204	202	583	45950	57	0	46792
29205	151	47755	484	112	0	48502
29206	633	806	280	36677	0	38396
29207	211	239	86	46040	0	46576
29208	128	47612	133	560	0	48433
29209	46903	553	100	330	0	47886
29210	532	276	46854	106	0	47768
29211	231	47760	448	129	0	48568
29212	170	581	47504	104	0	48359
29213	199	287	468	47195	0	48149
29214	286	187	183	44983	0	45639
29215	154	47282	137	591	0	48164
29216	192	534	101	48160	0	48987
29217	190	270	110	48561	0	49131
29218	132	48836	122	608	0	49698
29219	140	540	48662	254	0	49596
29220	154	307	47700	183	0	48344
29221	46423	200	580	255	0	47458
29222	49301	175	202	230	0	49908
29223	686	144	128	47938	0	48896
29224	255	199	48279	506	0	49239
29225	220	201	510	46940	0	47871
29226	145	50188	258	585	0	51176
29227	145	555	50280	279	0	51259
29228	129	49780	512	191	0	50612
29229	136	585	49501	163	0	50385
29230	107	49657	518	192	0	50474
29231	49397	572	222	228	0	50419
29232	518	294	161	49092	0	50065
29233	279	198	173	48513	0	49163
29234	179	198	48910	589	0	49876
29235	217	217	46790	255	0	47479
29236	158	48605	591	209	0	49563
29237	48770	526	265	287	0	49848
29238	536	286	129	48277	0	49228
29239	259	183	49207	531	0	50180
29240	169	216	46500	271	0	47156
29241	45436	186	658	268	0	46548
29242	47601	180	305	241	0	48327
29243	614	187	48488	148	0	49437
29244	343	314	509	46617	0	47783
29245	159	48126	254	516	0	49055
29246	48837	469	194	397	0	49897
29247	489	48675	158	234	0	49556
29248	47473	442	174	224	0	48313
29249	439	47206	161	162	0	47968
29250	229	48242	141	142	0	48754
29251	207	509	119	48473	0	49308
29252	153	302	108	48429	0	48992
29253	108	48503	139	563	0	49313
29254	151	493	47484	226	0	48354
29255	122	281	46487	140	0	47030
29256	113	242	46602	100	0	47057
29257	44844	157	569	214	0	45784
29258	47003	163	239	233	0	47638
29259	526	49093	154	160	0	49933
29260	232	646	48591	107	0	49576
29261	240	317	608	48672	0	49837
29262	98	213	51464	685	0	52460
29263	110	199	52534	290	0	53133
29264	235	184	992	56279	0	57690
29265	247	153	417	59729	0	60546
29266	114	221	64022	1592	0	65949
29267	61315	128	1286	1029	0	63758
29268	1371	65706	765	479	0	68321
29269	683	69035	483	260	0	70461
29270	634	2151	252	66922	0	69959
29271	68758	1093	205	1617	0	71673
29272	1677	70033	192	840	0	72742
29273	70104	1970	136	657	0	72867
29274	1902	70889	150	472	0	73413
29275	73206	2154	134	482	0	75976
29276	2303	1140	72067	278	0	75788
29277	1247	751	73594	210	0	75802
29278	1041	779	2421	71008	0	75249
29279	548	518	72590	1774	0	75430
29280	471	68430	2344	893	0	72138
29281	462	68940	1236	479	0	71117
29282	68891	2526	873	496	0	72786
29283	2067	1346	551	66894	0	70858
29284	920	69837	479	1841	0	73077
29285	70621	2134	356	1031	0	74142
29286	69968	1327	326	632	0	72253
29287	72240	831	249	470	0	73790
29288	3385	629	274	69288	0	73576
29289	1953	498	267	71244	0	73962
29290	1126	459	70071	2685	0	74341
29291	872	383	69932	1319	0	72506
29292	68812	312	2611	1026	0	72761
29293	2415	349	1366	68593	0	72723
29294	1256	395	69078	2185	0	72914
29295	67528	396	2221	1365	0	71510
29296	2348	70248	1294	793	0	74683
29297	70994	1886	833	807	0	74520
29298	72492	1062	555	746	0	74855
29299	73174	658	513	624	0	74969
29300	3580	475	69293	431	0	73779
29301	69710	410	2077	463	0	72660
29302	3292	1498	1048	65414	0	71252
29303	1772	64929	805	2040	0	69546
29304	1413	70008	666	1027	0	73114
29305	69516	2414	659	832	0	73421
29306	70606	1271	547	589	0	73013
29307	71579	798	382	670	0	73429
29308	3763	655	409	67813	0	72640
29309	2295	561	414	69325	0	72595
29310	1748	601	331	67733	0	70413
29311	1377	67377	328	2998	0	72080
29312	67188	2059	327	1769	0	71343
29313	68764	1102	280	1231	0	71377
29314	69945	786	368	1040	0	72139
29315	3742	669	66958	786	0	72155
29316	68952	645	1961	808	0	72366
29317	3516	659	965	64775	0	69915
29318	2100	66445	658	2038	0	71241
29319	66644	2186	475	1156	0	70461
29320	67043	1111	464	977	0	69595
29321	3800	811	65644	629	0	70884
29322	2380	563	2084	64704	0	69731
29323	1531	66120	1131	2406	0	71188
29324	68380	2215	752	1453	0	72800
29325	3190	1297	560	67824	0	72871
29326	2118	894	547	67372	0	70931
29327	1654	666	490	68967	0	71777
29328	1427	648	455	70810	0	73340
29329	1227	582	67714	3873	0	73396
29330	1171	67776	2303	2175	0	73425
29331	1244	2388	1153	68893	0	73678
29332	1022	1355	68514	3130	0	74021
29333	67975	980	2437	1969	0	73361
29334	70711	746	1308	1509	0	74274
29335	3681	743	1067	69266	0	74757
29336	70304	650	779	3036	0	74769
29337	72190	706	681	1878	0	75455
29338	4147	662	69361	1261	0	75431
29339	2555	68887	2444	1130	0	75016
29340	70505	2312	1287	1286	0	75390
29341	3410	1179	1003	69718	0	75310
29342	71390	885	792	2974	0	76041
29343	3642	679	848	70047	0	75216
29344	2255	791	753	71717	0	75516
29345	1787	693	68199	3718	0	74397
29346	64825	584	2435	2362	0	70206
29347	3205	68827	1289	1696	0	75017
29348	2212	2309	68529	1318	0	74368
29349	1703	68513	2394	1328	0	73938
29350	67672	2706	1339	1152	0	72869
29351	3460	1436	927	66772	0	72595
29352	67218	926	833	2792	0	71769
29353	3340	66251	743	1702	0	72036
29354	68460	2523	654	1360	0	72997
29355	69666	1294	560	1331	0	72851
29356	70442	894	541	1129	0	73006
29357	69886	642	557	1154	0	72239
29358	4460	66688	529	1052	0	72729
29359	66797	2248	530	825	0	70400
29360	3964	1195	538	64493	0	70190
29361	2703	1267	371	63655	0	67996
29362	2041	58318	520	2762	0	63641
29363	1625	58305	410	1671	0	62011
29364	1446	56220	291	950	0	58907
29365	52095	1970	468	917	0	55450
29366	1946	46871	237	664	0	49718
29367	1011	42920	285	388	0	44604
29368	42228	1214	690	463	0	44595
29369	41191	528	197	413	0	42329
29370	1380	41103	173	365	0	43021
29371	40483	900	126	352	0	41861
29372	1239	426	38820	275	0	40760
29373	38289	374	657	339	0	39659
29374	1179	304	38450	333	0	40266
29375	523	34945	573	251	0	36292
29376	431	35884	220	239	0	36774
29377	931	929	326	34097	0	36283
29378	34951	302	170	612	0	36035
29379	35664	197	112	333	0	36306
29380	36246	230	111	316	0	36903
29381	36300	196	114	259	0	36869
29382	35797	239	94	278	0	36408
29383	764	218	34491	195	0	35668
29384	417	278	33220	196	0	34111
29385	34938	198	431	247	0	35814
29386	656	35489	231	201	0	36577
29387	35412	435	143	243	0	36233
29388	36544	239	109	248	0	37140
29389	37890	172	107	291	0	38460
29390	38129	201	105	234	0	38669
29391	38221	173	119	244	0	38757
29392	693	195	37850	200	0	38938
29393	38833	170	372	248	0	39623
29394	39412	174	161	260	0	40007
29395	719	222	37597	194	0	38732
29396	36965	223	342	299	0	37829
29397	39019	194	184	248	0	39645
29398	749	194	40595	164	0	41702
29399	510	216	40046	130	0	40902
29400	478	41024	486	114	0	42102
29401	492	470	214	41408	0	42584
29402	480	219	41799	388	0	42886
29403	41957	180	429	323	0	42889
29404	760	179	226	44596	0	45761
29405	455	215	45992	422	0	47084
29406	45394	187	470	289	0	46340
29407	46876	203	192	237	0	47508
29408	47088	188	139	229	0	47644
29409	831	47790	137	174	0	48932
29410	602	512	112	47548	0	48774
29411	471	48103	146	474	0	49194
29412	48773	493	164	282	0	49712
29413	48240	239	189	273	0	48941
29414	789	218	47797	94	0	48898
29415	393	46318	423	113	0	47247
29416	310	46975	207	90	0	47582
29417	343	504	148	46721	0	47716
29418	346	241	92	47013	0	47692
29419	46913	184	106	533	0	47736
29420	680	46452	89	187	0	47408
29421	416	46573	77	142	0	47208
29422	485	480	46238	81	0	47284
29423	335	46998	374	86	0	47793
29424	46575	453	190	194	0	47412
29425	639	218	46068	82	0	47007
29426	42429	117	368	201	0	43115
29427	502	114	44800	79	0	45495
29428	40525	65	319	191	0	41100
29429	370	45797	116	89	0	46372
29430	47424	373	92	134	0	48023
29431	536	135	48271	32	0	48974
29432	47918	86	479	168	0	48651
29433	48479	63	212	163	0	48917
29434	578	79	49806	21	0	50484
29435	49593	71	423	141	0	50228
29436	51961	52	161	146	0	52320
29437	51170	52	95	157	0	51474
29438	732	50334	75	32	0	51173
29439	51807	486	75	156	0	52524
29440	700	268	50999	61	0	52028
29441	295	54685	509	102	0	55591
29442	55181	623	217	186	0	56207
29443	54771	190	150	194	0	55305
29444	55890	94	74	162	0	56220
29445	980	55196	97	46	0	56319
29446	520	700	64	61707	0	62991
29447	235	253	61659	976	0	63123
29448	359	117	1046	61248	0	62770
29449	201	131	62957	1169	0	64458
29450	60474	101	1182	510	0	62267
29451	1263	63247	398	184	0	65092
29452	685	1161	202	62370	0	64418
29453	307	63840	154	1084	0	65385
29454	380	1309	114	63987	0	65790
29455	345	453	94	64316	0	65208
29456	217	65226	144	1578	0	67165
29457	359	1361	82	65812	0	67614
29458	379	505	102	68117	0	69103
29459	205	67648	147	1822	0	69822
29460	171	70122	152	692	0	71137
29461	357	1858	148	69073	0	71436
29462	216	697	68867	1585	0	71365
29463	196	69860	1506	628	0	72190
29464	422	1634	505	69369	0	71930
29465	248	721	71118	1659	0	73746
29466	176	71770	1619	805	0	74370
29467	71106	1796	577	648	0	74127
29468	1701	744	70867	384	0	73696
29469	69849	453	1683	476	0	72461
29470	1962	405	559	69914	0	72840
29471	878	377	348	71011	0	72614
29472	598	356	219	71673	0	72846
29473	307	433	69711	2380	0	72831
29474	295	430	69349	963	0	71037
29475	66686	386	2053	798	0	69923
29476	1908	328	814	69113	0	72163
29477	660	380	69301	1914	0	72255
29478	67887	375	1771	1002	0	71035
29479	2017	335	757	68837	0	71946
29480	956	399	475	69548	0	71378
29481	756	324	389	69264	0	70733
29482	457	68602	438	2376	0	71873
29483	623	1799	325	67091	0	69838
29484	400	66648	343	2163	0	69554
29485	339	69837	346	1071	0	71593
29486	67994	2182	358	898	0	71432
29487	62840	942	456	953	0	65191
29488	67895	560	396	766	0	69617
29489	2335	65759	377	640	0	69111
29490	65466	1867	323	825	0	68481
29491	66716	768	361	693	0	68538
29492	2514	524	387	64148	0	67573
29493	1170	463	357	65390	0	67380
29494	679	428	63248	2592	0	66947
29495	531	63836	1803	1314	0	67484
29496	62141	1919	743	1022	0	65825
29497	62933	816	501	889	0	65139
29498	2131	61681	426	712	0	64950
29499	61465	2017	367	776	0	64625
29500	62030	875	289	851	0	64045
29501	2506	647	362	59933	0	63448
29502	1200	58172	350	2047	0	61769
29503	767	60868	341	1042	0	63018
29504	58686	2178	313	949	0	62126
29505	2242	1001	271	57353	0	60867
29506	976	732	56633	2180	0	60521
29507	55687	608	1719	1301	0	59315
29508	2070	623	57585	889	0	61167
29509	969	56496	1868	767	0	60100
29510	56504	1934	787	859	0	60084
29511	2120	962	55960	805	0	59847
29512	1117	827	1830	56570	0	60344
29513	851	680	58052	2119	0	61702
29514	744	58278	1922	1158	0	62102
29515	762	2061	803	58648	0	62274
29516	735	1052	57907	2174	0	61868
29517	55221	806	1810	1319	0	59156
29518	1973	59023	791	1010	0	62797
29519	1113	1944	594	57133	0	60784
29520	752	59551	630	2047	0	62980
29521	58799	2093	509	1147	0	62548
29522	58864	1086	501	991	0	61442
29523	2289	58391	520	924	0	62124
29524	1256	2000	666	57003	0	60925
29525	829	58521	580	2007	0	61937
29526	58117	1993	573	1207	0	61890
29527	2046	1043	57523	888	0	61500
29528	1058	894	56468	796	0	59216
29529	812	55165	1955	759	0	58691
29530	717	55387	1053	674	0	57831
29531	760	2010	706	53716	0	57192
29532	53332	960	529	1860	0	56681
29533	54135	644	519	1018	0	56316
29534	52536	614	396	803	0	54349
29535	2278	53783	476	728	0	57265
29536	1184	1613	389	52004	0	55190
29537	918	53086	377	1588	0	55969
29538	53322	1685	423	935	0	56365
29539	1924	803	356	52311	0	55394
29540	984	532	50824	1590	0	53930
29541	656	50057	1378	877	0	52968
29542	49345	1389	649	642	0	52025
29543	1509	751	48956	483	0	51699
29544	48097	628	1210	609	0	50544
29545	1532	48213	484	643	0	50872
29546	527	43046	220	283	0	44076
29547	42131	907	257	288	0	43583
29548	937	43330	160	232	0	44659
29549	42019	813	163	246	0	43241
29550	780	42330	129	228	0	43467
29551	42870	765	183	238	0	44056
29552	43046	363	150	201	0	43760
29553	947	254	43478	164	0	44843
29554	388	242	41836	117	0	42583
29555	267	42409	617	138	0	43431
29556	41759	574	378	147	0	42858
29557	603	234	40568	89	0	41494
29558	38289	193	432	132	0	39046
29559	474	204	179	38333	0	39190
29560	164	92	39203	275	0	39734
29561	149	106	37145	106	0	37506
29562	140	96	39642	71	0	39949
29563	81	39889	325	58	0	40353
29564	380	661	354	38575	0	39970
29565	38042	47	60	223	0	38372
29566	191	23	18	38563	0	38795
29567	39042	18	29	237	0	39326
29568	219	17	22	39204	0	39462
29569	40055	18	17	332	0	40422
29570	40177	54	32	283	0	40546
29571	45388	13	23	168	0	45592
29572	438	46616	36	26	0	47116
29573	176	452	47712	20	0	48360
29574	148	162	419	48070	0	48799
29575	1179	475	618	28770	0	31042
29576	130	42	63	49955	0	50190
29577	138	53	28	49211	0	49430
29578	67	48342	53	694	0	49156
29579	66	497	47760	281	0	48604
29580	35	48759	504	180	0	49478
29581	198	576	191	46333	0	47298
29582	94	240	82	49794	0	50210
29583	110	123	39	50167	0	50439
29584	112	71	48	49875	0	50106
29585	51	48393	71	757	0	49272
29586	38	49103	84	324	0	49549
29587	59	685	48187	188	0	49119
29588	106	248	510	48463	0	49327
29589	108	136	191	49305	0	49740
29590	85	99	83	50755	0	51022
29591	50723	125	47	955	0	51850
29592	581	50806	78	347	0	51812
29593	252	618	50261	175	0	51306
29594	50468	240	581	245	0	51534
29595	656	122	202	51525	0	52505
29596	52417	73	104	841	0	53435
29597	748	75	45	52950	0	53818
29598	53461	102	62	865	0	54490
29599	774	112	65	53458	0	54409
29600	53170	78	95	847	0	54190
29601	774	91	54425	334	0	55624
29602	396	56	571	54531	0	55554
29603	228	56175	222	671	0	57296
29604	197	662	112	57993	0	58964
29605	57357	284	86	913	0	58640
29606	742	57141	122	342	0	58347
29607	396	755	79	60002	0	61232
29608	204	59372	94	886	0	60556
29609	231	914	47	60704	0	61896
29610	205	333	57	61208	0	61803
29611	183	210	59865	1158	0	61416
29612	280	137	801	58771	0	59989
29613	143	149	57980	1063	0	59335
29614	101	57024	962	516	0	58603
29615	57305	846	333	446	0	58930
29616	891	350	57130	259	0	58630
29617	55686	201	901	379	0	57167
29618	59045	126	340	364	0	59875
29619	1259	138	234	59419	0	61050
29620	500	158	61622	1040	0	63320
29621	59934	132	1087	614	0	61767
29622	65025	109	418	469	0	66021
29623	1553	92	254	63479	0	65378
29624	714	109	152	64361	0	65336
29625	362	63872	180	1591	0	66005
29626	349	1092	160	64235	0	65836
29627	225	64340	144	1367	0	66076
29628	244	1277	63782	560	0	65863
29629	276	485	1074	63513	0	65348
29630	62622	284	402	1458	0	64766
29631	63751	167	226	734	0	64878
29632	1402	63426	140	490	0	65458
29633	661	1169	166	64857	0	66853
29634	65011	422	155	1428	0	67016
29635	1311	62851	140	600	0	64902
29636	63642	1198	96	610	0	65546
29637	1571	451	93	66078	0	68193
29638	68882	372	80	1651	0	70985
29639	1696	313	73433	677	0	76119
29640	615	74102	1641	483	0	76841
29641	73987	1716	533	594	0	76830
29642	1734	76071	375	462	0	78642
29643	77333	1900	223	487	0	79943
29644	79448	667	143	513	0	80771
29645	2490	530	77900	308	0	81228
29646	1281	353	1792	76860	0	80286
29647	79679	300	561	2111	0	82651
29648	2169	336	77863	723	0	81091
29649	78305	301	1895	662	0	81163
29650	2524	276	591	78367	0	81758
29651	1000	230	77706	2052	0	80988
29652	909	223	1943	76909	0	79984
29653	76159	218	738	2386	0	79501
29654	2221	261	77456	858	0	80796
29655	1159	257	1875	77934	0	81225
29656	954	224	682	79519	0	81379
29657	79049	192	555	2660	0	82456
29658	79408	183	439	1296	0	81326
29659	2586	80019	415	941	0	83961
29660	1380	1860	384	80745	0	84369
29661	1096	686	357	81583	0	83722
29662	996	468	313	81114	0	82891
29663	78969	307	389	2933	0	82598
29664	79958	318	353	1410	0	82039
29665	2962	313	306	78409	0	81990
29666	1427	76640	373	2276	0	80716
29667	1238	1902	381	76360	0	79881
29668	881	77707	368	2339	0	81295
29669	76630	1970	361	1420	0	80381
29670	2350	74924	382	1043	0	78699
29671	71243	1738	352	822	0	74155
29672	2472	675	360	69724	0	73231
29673	69220	495	408	2105	0	72228
29674	2290	415	68135	1097	0	71937
29675	1162	69919	1622	923	0	73626
29676	70051	1741	772	922	0	73486
29677	71378	619	520	843	0	73360
29678	2565	524	374	68958	0	72421
29679	1297	69012	418	2020	0	72747
29680	1141	1598	344	72244	0	75327
29681	1033	624	309	73021	0	74987
29682	993	499	365	72914	0	74771
29683	71827	431	302	2756	0	75316
29684	72714	418	281	1529	0	74942
29685	2619	421	247	71477	0	74764
29686	1338	71294	285	2204	0	75121
29687	72683	1666	259	1357	0	75965
29688	2252	734	71092	1116	0	75194
29689	1349	647	1490	72244	0	75730
29690	1127	535	72104	2212	0	75978
29691	1162	469	1571	72255	0	75457
29692	980	508	73192	2313	0	76993
29693	999	494	1649	73255	0	76397
29694	73421	566	654	2465	0	77106
29695	73955	471	469	1382	0	76277
29696	2489	71615	404	1033	0	75541
29697	74009	1687	335	1039	0	77070
29698	2501	778	352	73222	0	76853
29699	1446	639	352	74603	0	77040
29700	74090	525	396	2635	0	77646
29701	2396	535	71510	1321	0	75762
29702	1407	504	71190	1107	0	74208
29703	1237	537	71269	1006	0	74049
29704	70252	433	1884	1178	0	73747
29705	2291	441	72847	967	0	76546
29706	1299	452	69742	993	0	72486
29707	67826	429	1872	1024	0	71151
29708	2016	71712	933	990	0	75651
29709	1275	1369	699	73815	0	77158
29710	1087	632	615	75339	0	77673
29711	980	494	75338	2174	0	78986
29712	74008	398	1582	1519	0	77507
29713	76022	326	804	1298	0	78450
29714	73335	373	732	1297	0	75737
29715	2267	380	75521	952	0	79120
29716	73291	293	1647	1171	0	76402
29717	2171	384	74108	1013	0	77676
29718	1287	72621	1618	969	0	76495
29719	1109	74127	812	946	0	76994
29720	70903	1314	668	895	0	73780
29721	1685	69431	571	793	0	72480
29722	1018	70335	511	734	0	72598
29723	70347	1302	537	868	0	73054
29724	1590	70491	550	754	0	73385
29725	71039	1239	523	796	0	73597
29726	1860	580	505	72674	0	75619
29727	1090	508	509	73693	0	75800
29728	989	504	483	74296	0	76272
29729	893	475	533	73260	0	75161
29730	797	72572	599	1784	0	75752
29731	74541	1325	505	1068	0	77439
29732	1822	80051	527	725	0	83125
29733	1059	83289	571	906	0	85825
29734	980	2074	85198	668	0	88920
29735	81518	714	2137	851	0	85220
29736	2454	565	88707	602	0	92328
29737	1160	417	89976	511	0	92064
29738	735	87340	2462	502	0	91039
29739	316	87975	750	243	0	89284
29740	87126	2394	624	518	0	90662
29741	1993	91268	359	330	0	93950
29742	811	2329	90157	180	0	93477
29743	441	89096	2145	245	0	91927
29744	346	2263	90293	126	0	93028
29745	288	827	88934	100	0	90149
29746	84234	570	2765	276	0	87845
29747	2053	400	87930	80	0	90463
29748	1012	295	2407	85093	0	88807
29749	85039	238	975	2187	0	88439
29750	1971	84446	736	757	0	87910
29751	779	1952	85885	355	0	88971
29752	84123	645	2196	433	0	87397
29753	2335	429	871	82120	0	85755
29754	885	81121	563	1898	0	84467
29755	525	1965	82769	907	0	86166
29756	81557	695	2161	560	0	84973
29757	2228	459	83753	220	0	86660
29758	1106	321	2381	82276	0	86084
29759	531	278	81945	2025	0	84779
29760	652	203	2437	80750	0	84042
29761	80146	170	994	2562	0	83872
29762	2040	81484	677	958	0	85159
29763	82462	2031	476	701	0	85670
29764	2413	799	81791	395	0	85398
29765	1219	440	2251	82124	0	86034
29766	632	325	83417	2178	0	86552
29767	80479	277	2514	1031	0	84301
29768	83724	246	1010	751	0	85731
29769	2793	83062	722	422	0	86999
29770	84305	2201	525	491	0	87522
29771	85728	762	485	450	0	87425
29772	3325	467	399	82846	0	87037
29773	1340	387	82918	2194	0	86839
29774	855	79769	2283	882	0	83789
29775	938	2218	818	80659	0	84633
29776	81269	823	551	2431	0	85074
29777	2511	578	80490	815	0	84394
29778	1137	388	80710	538	0	82773
29779	671	396	79645	411	0	81123
29780	76461	322	3216	543	0	80542
29781	2553	318	79042	276	0	82189
29782	76273	335	2862	443	0	79913
29783	2739	369	73899	266	0	77273
29784	1183	76293	2670	258	0	80404
29785	940	2214	1256	75743	0	80153
29786	666	853	76494	2176	0	80189
29787	573	73731	2804	814	0	77922
29788	513	76330	1242	522	0	78607
29789	610	2852	891	75119	0	79472
29790	74227	1212	673	2485	0	78597
29791	2453	760	730	74694	0	78637
29792	72916	630	629	2718	0	76893
29793	2821	607	563	72847	0	76838
29794	1187	566	72302	2661	0	76716
29795	923	494	72438	1112	0	74967
29796	69760	397	3172	958	0	74287
29797	71957	343	1541	799	0	74640
29798	3202	414	70064	556	0	74236
29799	68217	362	2845	691	0	72115
29800	3065	483	69467	376	0	73391
29801	1473	65756	2982	403	0	70614
29802	1140	66594	1455	387	0	69576
29803	981	66214	1134	392	0	68721
29804	977	3102	902	63921	0	68902
29805	63548	1313	894	2486	0	68241
29806	65028	940	831	1044	0	67843
29807	3314	752	755	63300	0	68121
29808	1510	724	59655	2468	0	64357
29809	1151	591	2678	59443	0	63863
29810	972	527	59247	2723	0	63469
29811	931	460	3003	57322	0	61716
29812	56402	349	1471	2944	0	61166
29813	58266	352	1139	1319	0	61076
29814	58270	354	974	1013	0	60611
29815	58355	384	841	814	0	60394
29816	3724	398	811	55080	0	60013
29817	1920	371	720	57059	0	60070
29818	55634	322	743	3177	0	59876
29819	57357	341	656	1442	0	59796
29820	3708	341	652	55006	0	59707
29821	1914	328	581	56601	0	59424
29822	1448	300	558	55862	0	58168
29823	1193	334	545	56223	0	58295
29824	53367	317	605	3654	0	57943
29825	2855	316	51827	1817	0	56815
29826	1570	301	2358	50338	0	54567
29827	49699	242	1089	2924	0	53954
29828	2830	262	48449	1459	0	53000
29829	1714	310	2442	48609	0	53075
29830	1155	271	48442	2674	0	52542
29831	957	44251	2644	1966	0	49818
29832	1283	1656	1179	37444	0	41562
29833	34308	533	812	1767	0	37420
29834	1755	958	675	29731	0	33119
29835	970	28394	577	1675	0	31616
29836	675	26508	496	835	0	28514
29837	497	20948	304	568	0	22317
29838	538	19497	384	402	0	20821
29839	11040	1339	1364	950	0	14693
29840	764	430	391	7842	0	9427
29841	161	62	6575	296	0	7094
29842	126	38	229	6082	0	6475
29843	128	28	5960	272	0	6388
29844	5913	39	232	124	0	6308
29845	288	36	94	5892	0	6310
29846	154	31	64	6054	0	6303
29847	117	28	70	6028	0	6243
29848	108	42	53	6042	0	6245
29849	5799	45	41	315	0	6200
29850	5923	42	42	165	0	6172
29851	278	41	43	5730	0	6092
29852	5509	35	44	286	0	5874
29853	241	25	5353	167	0	5786
29854	112	5228	196	137	0	5673
29855	110	169	76	5278	0	5633
29856	97	42	84	5259	0	5482
29857	86	5056	55	254	0	5451
29858	97	157	52	4997	0	5303
29859	70	129	55	5005	0	5259
29860	4874	27	75	259	0	5235
29861	189	35	4525	134	0	4883
29862	84	28	4137	87	0	4336
29863	3964	19	164	84	0	4231
29864	194	16	3698	62	0	3970
29865	2031	13	118	33	0	2195
29866	1749	8	55	34	0	1846
29867	109	46	22	1302	0	1479
29868	22	8	1035	48	0	1113
29869	851	15	30	24	0	920
29870	34	816	14	18	0	882
29871	442	70	109	16	0	637
29872	339	18	51	13	0	421
29873	216	11	6	3	0	236
29874	438	0	0	4	0	442
29875	438	0	4	0	0	442
29876	441	1	0	2	0	444
29877	457	2	1	2	0	462
29878	457	0	1	1	0	459
29879	447	0	0	1	0	448
29880	450	0	3	0	0	453
29881	445	0	0	0	0	445
29882	437	0	0	0	0	437
29883	435	1	1	0	0	437
29884	359	1	0	1	0	361
29885	293	0	0	2	0	295
29886	382	0	1	2	0	385
29887	424	0	2	1	0	427
29888	414	0	0	0	0	414
29889	393	1	0	0	0	394
29890	407	0	0	1	0	408
29891	419	2	0	1	0	422
29892	421	0	0	0	0	421
29893	418	0	0	0	0	418
29894	417	0	0	0	0	417
29895	411	0	0	0	0	411
29896	414	0	0	0	0	414
29897	413	0	0	0	0	413
29898	417	0	0	0	0	417
29899	412	0	1	0	0	413
29900	402	0	2	0	0	404
29901	381	0	3	0	0	384
29902	348	0	6	0	0	354
29903	333	0	15	2	0	350
