Pos	A	C	G	T	Other	Total
1	0	0	0	0	0	0
2	0	0	0	0	0	0
3	0	0	0	0	0	0
4	0	0	0	0	0	0
5	0	0	0	0	0	0
6	0	0	0	0	0	0
7	0	0	0	0	0	0
8	0	0	0	0	0	0
9	0	0	0	0	0	0
10	0	0	0	0	0	0
11	0	0	0	0	0	0
12	0	0	0	0	0	0
13	0	0	0	0	0	0
14	9	0	0	0	0	9
15	0	39	0	0	0	39
16	0	81	0	0	0	81
17	1	0	0	297	0	298
18	0	0	0	320	0	320
19	0	402	0	6	0	408
20	1	445	0	0	0	446
21	1	487	0	0	0	488
22	505	1	0	3	0	509
23	1	0	508	0	0	509
24	0	3	491	0	0	494
25	0	0	1	559	0	560
26	594	0	0	7	0	601
27	603	0	0	1	0	604
28	1	601	0	0	0	602
29	663	1	0	2	0	666
30	732	0	0	0	0	732
31	747	0	0	2	0	749
32	1	762	0	0	0	763
33	0	764	0	0	0	764
34	786	1	0	5	0	792
35	790	0	0	4	0	794
36	1	799	0	1	0	801
37	0	860	0	0	0	860
38	867	1	0	1	0	869
39	862	0	0	1	0	863
40	1	864	0	0	0	865
41	0	1	0	880	0	881
42	2	0	5	885	0	892
43	1	0	0	892	0	893
44	0	883	0	1	0	884
45	0	1	886	0	0	887
46	816	0	2	0	0	818
47	1	0	0	910	0	911
48	0	896	0	1	0	897
49	0	1	0	916	0	917
50	0	934	1	1	0	936
51	1	1	0	942	0	944
52	0	1	0	960	0	961
53	0	0	969	1	0	970
54	0	0	1	958	0	959
55	962	0	0	2	0	964
56	1	0	958	0	0	959
57	936	0	1	1	0	938
58	1	0	0	990	0	991
59	0	996	0	1	0	997
60	1	1	0	1009	0	1011
61	0	0	1019	1	0	1020
62	2	0	1	1000	0	1003
63	0	0	0	1019	0	1019
64	0	1044	1	0	0	1045
65	1	1	0	1057	0	1059
66	0	1039	1	4	0	1044
67	1	1	0	1054	0	1056
68	1057	0	0	2	0	1059
69	1026	0	0	6	0	1032
70	1046	0	0	7	0	1053
71	6	1067	1	2	0	1076
72	1	1	1040	0	0	1042
73	1011	0	0	3	0	1014
74	1075	0	1	3	0	1079
75	0	1090	0	4	0	1094
76	1	0	0	986	0	987
77	0	0	0	1003	0	1003
78	1	1	0	949	0	951
79	962	0	0	9	0	971
80	969	1	0	6	0	976
81	966	0	0	3	0	969
82	980	0	0	3	0	983
83	5	0	0	980	0	985
84	0	973	0	3	0	976
85	1	3	0	994	0	998
86	0	2	1012	3	0	1017
87	2	0	3	1023	0	1028
88	0	2	1071	6	0	1079
89	3	0	6	1051	0	1060
90	3	2	1094	6	0	1105
91	0	0	1064	1	0	1065
92	0	1131	6	0	0	1137
93	1	8	1	1181	0	1191
94	1	1	1249	7	0	1258
95	5	0	8	1206	0	1219
96	0	1249	3	8	0	1260
97	1250	7	2	8	0	1267
98	7	1337	2	2	0	1348
99	8	8	2	1323	0	1341
100	0	1348	2	7	0	1357
101	0	9	1323	1	0	1333
102	2	4	1308	2	0	1316
103	0	1329	12	1	0	1342
104	3	6	3	1348	0	1360
105	2	7	1347	8	0	1364
106	0	1347	9	3	0	1359
107	1341	8	3	6	0	1358
108	9	4	2	1357	0	1372
109	3	1	1402	9	0	1415
110	0	1393	11	1	0	1405
111	3	5	4	1411	0	1423
112	2	4	2	1411	0	1419
113	1391	1	0	18	0	1410
114	7	1	1410	2	0	1420
115	4	0	8	1364	0	1376
116	1	5	1352	8	0	1366
117	0	1213	9	5	0	1227
118	1179	9	4	3	0	1195
119	6	1152	0	4	0	1162
120	5	11	1	1108	0	1125
121	1	1111	5	9	0	1126
122	1096	10	0	5	0	1111
123	8	1096	3	1	0	1108
124	2	9	1081	3	0	1095
125	0	1067	10	1	0	1078
126	1028	12	3	1	0	1044
127	8	3	1055	2	0	1068
128	6	1	10	1060	0	1077
129	1060	1	6	10	0	1077
130	7	5	1	1016	0	1029
131	1039	0	2	12	0	1053
132	1042	3	1	9	0	1055
133	16	1	3	1026	0	1046
134	4	2	3	1039	0	1048
135	1025	2	0	15	0	1042
136	1009	1	3	11	0	1024
137	12	2	1	1008	0	1023
138	995	0	2	9	0	1006
139	1013	2	1	5	0	1021
140	11	1056	3	1	0	1071
141	4	10	0	1067	0	1081
142	1061	2	2	9	0	1074
143	1054	5	1	8	0	1068
144	13	1	3	1060	0	1077
145	9	3	1	1065	0	1078
146	1057	2	0	15	0	1074
147	9	1084	1	5	0	1099
148	9	8	1	1077	0	1095
149	2	6	1082	8	0	1098
150	6	0	8	1026	0	1040
151	3	1056	4	9	0	1072
152	5	7	1043	6	0	1061
153	6	4	8	1019	0	1037
154	6	3	3	993	0	1005
155	4	0	1089	13	0	1106
156	1009	2	8	11	0	1030
157	8	1096	5	6	0	1115
158	1094	8	1	7	0	1110
159	10	3	1079	4	0	1096
160	4	5	1088	5	0	1102
161	1054	0	11	6	0	1071
162	11	1125	6	1	0	1143
163	1125	8	1	9	0	1143
164	9	1131	2	3	0	1145
165	8	8	1138	3	0	1157
166	1116	6	8	8	0	1138
167	10	4	1162	1	0	1177
168	7	1	8	1144	0	1160
169	1137	2	5	20	0	1164
170	1141	1	1	11	0	1154
171	12	1135	0	4	0	1151
172	7	18	2	1103	0	1130
173	4	1145	1	9	0	1159
174	6	7	1127	6	0	1146
175	5	7	12	1065	0	1089
176	2	1063	7	10	0	1082
177	3	6	1	1060	0	1070
178	1016	6	1	9	0	1032
179	7	1	3	1035	0	1046
180	6	1028	0	7	0	1041
181	3	6	5	1031	0	1045
182	4	5	1	1021	0	1031
183	1	1039	3	10	0	1053
184	3	3	2	1051	0	1059
185	7	4	1038	7	0	1056
186	5	1021	6	7	0	1039
187	959	2	4	7	0	972
188	3	4	971	3	0	981
189	3	1	949	3	0	956
190	1	943	5	0	0	949
191	19	2	4	907	0	932
192	1	6	895	0	0	902
193	2	780	2	1	0	785
194	0	2	2	806	0	810
195	3	1	2	811	0	817
196	797	1	0	7	0	805
197	0	801	2	1	0	804
198	4	1	725	2	0	732
199	1	5	713	1	0	720
200	2	1	2	706	0	711
201	4	1	1	833	0	839
202	1	0	1	839	0	841
203	0	1047	0	12	0	1059
204	1	13	1080	6	0	1100
205	7	10	15	1134	0	1166
206	1	1221	10	16	0	1248
207	0	1269	4	15	0	1288
208	1	32	1295	6	0	1334
209	8	15	25	1256	0	1304
210	1	7	1396	27	0	1431
211	9	4	30	1367	0	1410
212	6	4	22	1406	0	1438
213	5	5	1390	47	0	1447
214	0	1375	36	26	0	1437
215	1364	32	24	20	0	1440
216	34	23	1390	15	0	1462
217	20	1400	40	9	0	1469
218	4	1448	30	9	0	1491
219	5	50	1406	9	0	1470
220	1358	34	37	8	0	1437
221	39	17	26	1269	0	1351
222	20	1410	19	27	0	1476
223	1406	44	6	27	0	1483
224	43	27	11	1338	0	1419
225	22	1399	8	43	0	1472
226	1401	37	5	33	0	1476
227	35	24	1374	10	0	1443
228	25	1393	37	2	0	1457
229	1336	38	20	19	0	1413
230	31	1358	16	18	0	1423
231	1319	48	13	19	0	1399
232	45	37	8	1282	0	1372
233	26	1305	16	34	0	1381
234	21	45	12	1326	0	1404
235	1308	27	4	54	0	1393
236	37	23	1301	28	0	1389
237	34	4	1346	16	0	1400
238	13	10	55	1297	0	1375
239	14	18	30	1302	0	1364
240	20	10	16	1258	0	1304
241	13	1233	20	74	0	1340
242	8	46	1241	32	0	1327
243	20	32	43	1202	0	1297
244	12	1218	27	39	0	1296
245	9	1284	19	30	0	1342
246	13	53	1269	19	0	1354
247	11	39	1272	15	0	1337
248	9	19	1301	17	0	1346
249	22	16	59	1244	0	1341
250	10	15	1286	43	0	1354
251	13	19	57	1274	0	1363
252	11	13	1289	50	0	1363
253	1199	10	56	37	0	1302
254	40	1260	42	18	0	1360
255	30	1346	17	16	0	1409
256	13	64	1377	18	0	1472
257	1327	33	50	27	0	1437
258	1393	26	31	22	0	1472
259	1407	26	12	12	0	1457
260	69	19	1326	21	0	1435
261	39	14	1373	16	0	1442
262	23	9	82	1332	0	1446
263	1327	17	42	60	0	1446
264	1355	8	30	32	0	1425
265	68	10	1300	30	0	1408
266	1295	15	64	18	0	1392
267	63	15	38	1275	0	1391
268	30	17	1315	57	0	1419
269	18	21	1335	43	0	1417
270	1268	15	91	21	0	1395
271	58	20	1324	16	0	1418
272	1289	13	72	20	0	1394
273	60	15	1311	23	0	1409
274	30	1230	83	13	0	1356
275	24	1308	44	24	0	1400
276	26	69	43	1249	0	1387
277	37	35	31	1309	0	1412
278	25	23	1281	74	0	1403
279	25	28	78	1223	0	1354
280	27	1215	45	60	0	1347
281	24	1296	27	35	0	1382
282	22	1355	30	24	0	1431
283	34	78	37	1246	0	1395
284	35	38	1271	58	0	1402
285	21	32	1303	38	0	1394
286	38	29	81	1232	0	1380
287	30	15	61	1279	0	1385
288	27	28	26	1213	0	1294
289	23	1246	30	81	0	1380
290	1272	56	24	43	0	1395
291	1263	30	31	32	0	1356
292	83	1259	21	24	0	1387
293	44	62	1268	27	0	1401
294	1296	41	64	22	0	1423
295	65	23	1312	21	0	1421
296	1303	25	73	23	0	1424
297	1323	19	47	25	0	1414
298	1331	24	31	23	0	1409
299	1316	9	36	21	0	1382
300	74	1293	27	37	0	1431
301	1161	50	26	25	0	1262
302	53	1187	20	31	0	1291
303	959	41	16	20	0	1036
304	38	916	22	19	0	995
305	22	36	830	7	0	895
306	18	57	35	690	0	800
307	11	727	18	30	0	786
308	7	732	11	11	0	761
309	662	47	15	11	0	735
310	602	3	2	8	0	615
311	19	611	8	8	0	646
312	11	17	3	597	0	628
313	9	640	3	12	0	664
314	659	14	6	4	0	683
315	19	8	661	1	0	689
316	6	9	21	635	0	671
317	17	2	4	643	0	666
318	9	3	6	659	0	677
319	9	5	644	15	0	673
320	7	644	19	5	0	675
321	11	652	7	4	0	674
322	7	19	5	662	0	693
323	8	10	667	10	0	695
324	10	6	17	648	0	681
325	6	6	7	661	0	680
326	11	4	7	670	0	692
327	5	7	5	670	0	687
328	654	5	10	19	0	688
329	19	657	6	10	0	692
330	662	15	3	7	0	687
331	18	8	659	7	0	692
332	5	7	652	6	0	670
333	10	4	21	611	0	646
334	5	5	6	655	0	671
335	1	669	8	17	0	695
336	3	18	654	8	0	683
337	6	662	15	11	0	694
338	0	20	680	4	0	704
339	618	5	22	10	0	655
340	15	690	6	8	0	719
341	2	16	676	10	0	704
342	5	5	18	677	0	705
343	2	7	684	23	0	716
344	4	690	17	9	0	720
345	6	17	5	659	0	687
346	4	679	5	15	0	703
347	5	21	681	8	0	715
348	6	4	16	679	0	705
349	672	6	4	20	0	702
350	18	677	8	8	0	711
351	7	14	660	6	0	687
352	6	24	15	602	0	647
353	5	9	646	11	0	671
354	7	3	603	3	0	616
355	4	536	15	2	0	557
356	6	4	1	476	0	487
357	1	1	1	483	0	486
358	2	1	0	469	0	472
359	0	1	486	5	0	492
360	2	0	476	1	0	479
361	426	3	4	4	0	437
362	6	1	470	0	0	477
363	440	0	6	2	0	448
364	4	459	1	1	0	465
365	1	3	1	448	0	453
366	1	461	0	5	0	467
367	0	493	1	0	0	494
368	1	4	463	1	0	469
369	0	3	4	459	0	466
370	0	1	484	5	0	490
371	1	0	459	1	0	461
372	444	1	3	3	0	451
373	3	0	469	2	0	474
374	1	0	464	2	0	467
375	433	0	5	1	0	439
376	5	2	462	0	0	469
377	0	2	458	1	0	461
378	2	2	4	446	0	454
379	0	457	4	3	0	464
380	0	3	4	463	0	470
381	1	1	0	444	0	446
382	444	2	1	7	0	454
383	3	2	1	427	0	433
384	1	444	2	6	0	453
385	428	5	1	1	0	435
386	4	2	423	1	0	430
387	401	2	5	2	0	410
388	5	1	461	2	0	469
389	0	0	488	2	0	490
390	1	503	3	3	0	510
391	500	4	3	3	0	510
392	4	526	4	0	0	534
393	1	6	513	1	0	521
394	2	3	6	460	0	471
395	3	508	3	2	0	516
396	522	7	1	2	0	532
397	526	2	2	2	0	532
398	4	535	2	2	0	543
399	524	5	2	4	0	535
400	4	1	3	504	0	512
401	0	514	1	5	0	520
402	3	5	2	518	0	528
403	1	3	2	541	0	547
404	565	1	2	7	0	575
405	544	0	2	5	0	551
406	542	1	2	2	0	547
407	6	1	543	0	0	550
408	533	1	8	1	0	543
409	7	6	2	537	0	552
410	0	1	558	4	0	563
411	2	2	537	1	0	542
412	0	539	4	3	0	546
413	474	5	4	7	0	490
414	6	512	1	4	0	523
415	5	4	2	512	0	523
416	4	3	3	514	0	524
417	3	1	532	5	0	541
418	4	1	5	507	0	517
419	4	1	547	3	0	555
420	2	0	536	4	0	542
421	3	572	5	0	0	580
422	6	2	2	553	0	563
423	2	2	0	558	0	562
424	563	1	1	3	0	568
425	6	1	567	2	0	576
426	2	2	2	579	0	585
427	598	1	3	5	0	607
428	4	2	608	3	0	617
429	601	1	2	4	0	608
430	617	0	3	2	0	622
431	5	1	641	0	0	647
432	3	2	3	637	0	645
433	2	0	6	628	0	636
434	1	1	676	4	0	682
435	655	2	3	8	0	668
436	678	0	6	3	0	687
437	664	2	4	2	0	672
438	664	3	1	3	0	671
439	652	1	4	4	0	661
440	5	6	543	3	0	557
441	6	2	639	2	0	649
442	1	648	8	2	0	659
443	1	5	649	5	0	660
444	7	2	5	618	0	632
445	8	0	9	475	0	492
446	3	4	1	635	0	643
447	7	2	1	643	0	653
448	3	1	645	7	0	656
449	6	631	2	4	0	643
450	5	666	3	2	0	676
451	2	6	4	638	0	650
452	6	670	3	6	0	685
453	677	5	1	4	0	687
454	655	2	3	4	0	664
455	10	685	4	4	0	703
456	8	6	2	693	0	709
457	3	2	4	712	0	721
458	4	4	704	9	0	721
459	660	3	7	6	0	676
460	711	3	5	5	0	724
461	10	734	3	4	0	751
462	726	6	4	3	0	739
463	8	6	755	4	0	773
464	6	738	5	6	0	755
465	3	785	8	3	0	799
466	2	796	2	5	0	805
467	4	8	4	788	0	804
468	784	3	5	11	0	803
469	11	5	2	800	0	818
470	7	1	815	11	0	834
471	7	2	9	806	0	824
472	4	4	846	12	0	866
473	6	1	12	826	0	845
474	10	2	6	808	0	826
475	6	858	4	12	0	880
476	870	13	5	6	0	894
477	15	4	4	843	0	866
478	7	869	1	13	0	890
479	883	13	4	9	0	909
480	738	7	7	7	0	759
481	871	4	5	10	0	890
482	15	879	6	6	0	906
483	7	11	874	7	0	899
484	6	5	14	870	0	895
485	10	6	7	839	0	862
486	5	865	4	16	0	890
487	4	11	851	8	0	874
488	4	2	825	8	0	839
489	781	4	14	5	0	804
490	12	15	10	777	0	814
491	5	1	830	14	0	850
492	3	829	9	5	0	846
493	7	14	3	784	0	808
494	3	817	3	13	0	836
495	3	11	823	6	0	843
496	754	3	10	7	0	774
497	805	1	5	7	0	818
498	12	805	3	3	0	823
499	6	10	3	810	0	829
500	5	4	810	8	0	827
501	4	808	11	8	0	831
502	784	10	2	7	0	803
503	9	762	1	1	0	773
504	2	761	2	3	0	768
505	2	10	5	738	0	755
506	1	776	0	8	0	785
507	757	8	2	4	0	771
508	9	2	0	754	0	765
509	3	0	736	9	0	748
510	2	3	688	2	0	695
511	3	0	8	718	0	729
512	0	722	3	9	0	734
513	726	9	0	2	0	737
514	8	1	1	698	0	708
515	2	2	690	7	0	701
516	2	4	7	690	0	703
517	0	3	1	681	0	685
518	677	3	1	11	0	692
519	9	1	0	666	0	676
520	3	0	645	9	0	657
521	2	2	627	2	0	633
522	0	1	10	629	0	640
523	0	0	3	647	0	650
524	2	2	660	11	0	675
525	577	4	6	3	0	590
526	10	2	631	1	0	644
527	2	650	8	2	0	662
528	1	7	2	685	0	695
529	1	4	669	9	0	683
530	3	1	657	3	0	664
531	5	3	9	637	0	654
532	641	0	3	12	0	656
533	7	3	646	5	0	661
534	2	651	11	3	0	667
535	666	8	2	8	0	684
536	8	2	675	4	0	689
537	647	5	8	2	0	662
538	678	2	4	2	0	686
539	10	725	3	1	0	739
540	2	11	1	707	0	721
541	4	727	1	9	0	741
542	2	9	729	2	0	742
543	705	4	10	4	0	723
544	735	2	1	6	0	744
545	9	2	750	2	0	763
546	2	3	725	2	0	732
547	2	776	11	2	0	791
548	795	11	4	4	0	814
549	11	4	3	793	0	811
550	4	0	2	752	0	758
551	2	773	3	13	0	791
552	757	12	1	6	0	776
553	11	2	777	4	0	794
554	2	3	11	803	0	819
555	813	1	6	19	0	839
556	17	851	0	3	0	871
557	5	19	996	2	0	1022
558	2	5	1032	2	0	1041
559	5	5	31	964	0	1005
560	3	1025	6	25	0	1059
561	2	28	1031	5	0	1066
562	5	3	27	1012	0	1047
563	1029	3	5	30	0	1067
564	29	2	1083	2	0	1116
565	8	1	31	1050	0	1090
566	0	4	1082	29	0	1115
567	2	1	1087	5	0	1095
568	5	4	33	1076	0	1118
569	2	5	1092	26	0	1125
570	887	1	29	13	0	930
571	26	0	1070	2	0	1098
572	992	0	25	6	0	1023
573	22	1054	6	0	0	1082
574	1088	22	2	7	0	1119
575	22	1116	2	2	0	1142
576	8	22	2	1132	0	1164
577	3	3	3	1181	0	1190
578	2	1	1153	27	0	1183
579	2	1	1165	3	0	1171
580	5	1	27	1202	0	1235
581	5	2	1208	26	0	1241
582	5	2	28	1137	0	1172
583	2	1186	5	26	0	1219
584	2	1254	7	4	0	1267
585	4	29	4	1243	0	1280
586	2	5	2	1269	0	1278
587	2	3	1248	28	0	1281
588	5	2	30	1225	0	1262
589	1	1203	8	29	0	1241
590	4	1224	3	8	0	1239
591	0	1250	9	4	0	1263
592	5	29	5	1171	0	1210
593	1	1199	4	27	0	1231
594	1192	25	7	9	0	1233
595	28	5	3	1188	0	1224
596	7	3	1187	28	0	1225
597	7	3	33	1156	0	1199
598	1	3	1178	32	0	1214
599	5	4	1179	6	0	1194
600	2	4	1169	3	0	1178
601	4	1160	30	8	0	1202
602	4	29	1182	3	0	1218
603	1159	6	27	13	0	1205
604	1189	6	7	11	0	1213
605	1209	1	12	7	0	1229
606	29	4	7	1184	0	1224
607	1189	1	6	38	0	1234
608	27	1155	9	8	0	1199
609	5	1220	8	8	0	1241
610	1206	32	9	13	0	1260
611	28	11	1224	6	0	1269
612	9	2	36	1209	0	1256
613	5	6	1233	36	0	1280
614	4	10	1217	7	0	1238
615	4	1235	33	10	0	1282
616	10	31	12	1147	0	1200
617	3	11	9	1257	0	1280
618	1218	8	9	41	0	1276
619	30	1206	10	13	0	1259
620	8	1247	14	5	0	1274
621	10	34	1228	13	0	1285
622	5	1241	33	8	0	1287
623	1212	31	15	10	0	1268
624	1218	10	13	14	0	1255
625	34	7	1242	9	0	1292
626	3	9	1262	13	0	1287
627	4	9	47	1163	0	1223
628	6	13	14	1150	0	1183
629	7	1175	14	39	0	1235
630	15	28	10	1180	0	1233
631	10	10	15	1176	0	1211
632	10	1191	11	38	0	1250
633	9	30	13	1201	0	1253
634	10	12	11	1143	0	1176
635	8	1137	10	37	0	1192
636	9	29	1141	15	0	1194
637	13	7	36	1152	0	1208
638	1143	9	19	39	0	1210
639	1116	9	13	13	0	1151
640	34	10	1084	8	0	1136
641	1053	11	37	16	0	1117
642	1098	20	11	12	0	1141
643	35	1088	10	19	0	1152
644	13	34	1064	15	0	1126
645	7	15	1080	15	0	1117
646	8	11	33	1146	0	1198
647	1146	7	13	46	0	1212
648	1213	9	18	16	0	1256
649	42	15	8	1287	0	1352
650	1385	14	8	40	0	1447
651	1434	11	10	23	0	1478
652	1360	16	12	16	0	1404
653	44	16	1347	11	0	1418
654	17	9	1374	12	0	1412
655	1336	7	43	20	0	1406
656	33	7	1349	11	0	1400
657	10	1179	21	8	0	1218
658	11	16	12	1170	0	1209
659	9	6	1202	17	0	1234
660	2	4	1181	8	0	1195
661	8	5	23	1131	0	1167
662	2	3	1205	12	0	1222
663	3	4	1170	6	0	1183
664	4	1053	17	8	0	1082
665	4	1137	12	1	0	1154
666	1135	20	5	4	0	1164
667	21	10	1	1118	0	1150
668	1113	3	3	20	0	1139
669	21	2	1118	7	0	1148
670	11	3	17	1116	0	1147
671	8	4	6	1130	0	1148
672	1094	2	5	26	0	1127
673	16	1117	5	10	0	1148
674	7	18	1025	5	0	1055
675	5	6	1052	3	0	1066
676	4	1102	23	4	0	1133
677	4	14	1074	3	0	1095
678	3	1065	18	3	0	1089
679	3	1032	6	2	0	1043
680	3	19	994	0	0	1016
681	959	7	13	4	0	983
682	12	4	5	1011	0	1032
683	4	1035	7	12	0	1058
684	5	13	3	1040	0	1061
685	1030	6	1	17	0	1054
686	1046	3	2	9	0	1060
687	1023	0	3	4	0	1030
688	18	2	1007	1	0	1028
689	6	2	14	984	0	1006
690	3	1026	4	15	0	1048
691	1090	12	2	6	0	1110
692	14	4	0	1093	0	1111
693	9	4	1	1073	0	1087
694	8	0	3	1115	0	1126
695	3	0	1083	25	0	1111
696	997	1	12	10	0	1020
697	16	1082	5	4	0	1107
698	7	14	6	1090	0	1117
699	3	4	4	1111	0	1122
700	1084	4	1	18	0	1107
701	15	4	1040	6	0	1065
702	5	3	1096	3	0	1107
703	3	1080	18	4	0	1105
704	3	16	1104	1	0	1124
705	1027	5	22	5	0	1059
706	15	1134	5	6	0	1160
707	4	16	1106	3	0	1129
708	1074	4	20	3	0	1101
709	17	7	1186	2	0	1212
710	6	1196	19	4	0	1225
711	12	15	8	1195	0	1230
712	6	7	4	1220	0	1237
713	6	4	1192	20	0	1222
714	5	5	1160	7	0	1177
715	4	1183	25	7	0	1219
716	1152	16	9	9	0	1186
717	19	1197	9	4	0	1229
718	7	22	0	1189	0	1218
719	6	6	1185	19	0	1216
720	1069	4	22	10	0	1105
721	18	6	8	1164	0	1196
722	8	1152	8	19	0	1187
723	4	1216	9	8	0	1237
724	5	21	8	1190	0	1224
725	3	12	11	1213	0	1239
726	1191	12	7	19	0	1229
727	19	7	3	1229	0	1258
728	10	6	1224	25	0	1265
729	1187	2	20	14	0	1223
730	1247	2	9	10	0	1268
731	22	5	1274	7	0	1308
732	1241	3	16	10	0	1270
733	26	4	8	1309	0	1347
734	11	8	5	1324	0	1348
735	10	8	5	1330	0	1353
736	11	2	9	1272	0	1294
737	2	1308	10	26	0	1346
738	1309	19	9	18	0	1355
739	1332	15	4	13	0	1364
740	23	14	1411	7	0	1455
741	1434	6	20	9	0	1469
742	1521	6	11	8	0	1546
743	1545	4	8	10	0	1567
744	1614	4	9	8	0	1635
745	37	1588	3	7	0	1635
746	21	26	2	1529	0	1578
747	12	11	1532	22	0	1577
748	15	6	1389	16	0	1426
749	1256	26	28	13	0	1323
750	1289	5	18	7	0	1319
751	20	1257	7	5	0	1289
752	1274	11	7	9	0	1301
753	19	1275	1	5	0	1300
754	19	11	1	1262	0	1293
755	1274	10	2	20	0	1306
756	1257	3	2	15	0	1277
757	1246	5	2	4	0	1257
758	21	1231	1	6	0	1259
759	1244	13	4	6	0	1267
760	17	8	5	1255	0	1285
761	1273	3	1	17	0	1294
762	19	4	1208	8	0	1239
763	15	1209	15	1	0	1240
764	1204	11	8	8	0	1231
765	20	12	1189	3	0	1224
766	14	3	14	1212	0	1243
767	6	4	1240	13	0	1263
768	9	3	1210	9	0	1231
769	11	4	22	1201	0	1238
770	11	1	1271	17	0	1300
771	11	6	17	1248	0	1282
772	11	2	14	1278	0	1305
773	1294	7	3	25	0	1329
774	16	1284	4	17	0	1321
775	13	1343	4	10	0	1370
776	8	1361	6	5	0	1380
777	11	24	1352	3	0	1390
778	12	16	15	1321	0	1364
779	8	8	1378	12	0	1406
780	1284	6	17	17	0	1324
781	1334	4	14	10	0	1362
782	22	1352	10	8	0	1392
783	18	13	7	1305	0	1343
784	13	1368	2	15	0	1398
785	1351	14	5	13	0	1383
786	23	15	5	1354	0	1397
787	13	6	1361	24	0	1404
788	7	1367	18	15	0	1407
789	10	16	1413	6	0	1445
790	8	10	21	1380	0	1419
791	2	9	1372	19	0	1402
792	1269	4	18	18	0	1309
793	22	2	1391	8	0	1423
794	11	1396	22	11	0	1440
795	11	15	15	1389	0	1430
796	11	16	9	1411	0	1447
797	1394	8	6	31	0	1439
798	1398	8	8	20	0	1434
799	23	1385	11	9	0	1428
800	21	16	1366	13	0	1416
801	14	13	1347	3	0	1377
802	1328	9	24	12	0	1373
803	22	8	1389	6	0	1425
804	20	13	1336	3	0	1372
805	12	8	1340	6	0	1366
806	9	5	1327	11	0	1352
807	9	1336	37	9	0	1391
808	1328	29	17	13	0	1387
809	28	12	11	1306	0	1357
810	1298	8	9	21	0	1336
811	23	1285	8	14	0	1330
812	1307	21	3	7	0	1338
813	23	1337	13	3	0	1376
814	14	22	7	1337	0	1380
815	9	1388	16	18	0	1431
816	18	18	1360	13	0	1409
817	12	1409	27	10	0	1458
818	11	21	21	1578	0	1631
819	1590	19	12	29	0	1650
820	31	13	11	1604	0	1659
821	24	11	1609	24	0	1668
822	15	11	22	1560	0	1608
823	11	1608	18	32	0	1669
824	18	20	1602	25	0	1665
825	1572	20	34	6	0	1632
826	30	9	22	1648	0	1709
827	1580	17	14	31	0	1642
828	1590	9	17	21	0	1637
829	41	1590	16	14	0	1661
830	1534	30	14	11	0	1589
831	1575	22	13	14	0	1624
832	42	1566	12	11	0	1631
833	26	29	9	1567	0	1631
834	15	16	9	1570	0	1610
835	4	1563	15	39	0	1621
836	18	28	13	1611	0	1670
837	6	17	1597	34	0	1654
838	17	9	33	1571	0	1630
839	11	15	1576	29	0	1631
840	10	6	1388	20	0	1424
841	7	1358	34	17	0	1416
842	8	1349	20	10	0	1387
843	8	1431	5	5	0	1449
844	36	24	8	1337	0	1405
845	5	12	1346	20	0	1383
846	1299	6	21	13	0	1339
847	22	6	12	1360	0	1400
848	10	6	1359	20	0	1395
849	4	10	1343	10	0	1367
850	3	1397	27	8	0	1435
851	9	21	13	1385	0	1428
852	1382	10	7	23	0	1422
853	20	1393	6	8	0	1427
854	23	1386	5	7	0	1421
855	3	1418	5	4	0	1430
856	10	26	7	1374	0	1417
857	6	1433	3	21	0	1463
858	7	25	2	1519	0	1553
859	6	12	5	1562	0	1585
860	5	2	1521	33	0	1561
861	1354	10	25	24	0	1413
862	27	4	1577	10	0	1618
863	21	17	30	1562	0	1630
864	2	11	1615	27	0	1655
865	3	1603	23	17	0	1646
866	1598	28	9	11	0	1646
867	29	16	5	1551	0	1601
868	12	5	6	1619	0	1642
869	1603	4	4	36	0	1647
870	1547	3	3	23	0	1576
871	1589	5	6	11	0	1611
872	34	6	1576	5	0	1621
873	1482	8	23	8	0	1521
874	25	1524	11	10	0	1570
875	14	1545	7	3	0	1569
876	10	33	1	1494	0	1538
877	12	12	6	1455	0	1485
878	8	1467	4	26	0	1505
879	9	27	4	1478	0	1518
880	1442	13	5	29	0	1489
881	26	7	1457	12	0	1502
882	10	1468	27	10	0	1515
883	1409	25	14	15	0	1463
884	25	1448	6	7	0	1486
885	9	29	1461	7	0	1506
886	11	16	26	1431	0	1484
887	6	7	1458	25	0	1496
888	4	1419	25	14	0	1462
889	9	27	10	1400	0	1446
890	7	15	1405	30	0	1457
891	6	8	1405	14	0	1433
892	2	7	36	1396	0	1441
893	1361	4	13	32	0	1410
894	1386	7	4	18	0	1415
895	1373	7	5	18	0	1403
896	35	4	1406	9	0	1454
897	10	1411	28	8	0	1457
898	13	27	14	1398	0	1452
899	10	9	6	1396	0	1421
900	5	1426	3	34	0	1468
901	1432	27	6	17	0	1482
902	26	11	7	1436	0	1480
903	17	9	1429	28	0	1483
904	6	1424	28	18	0	1476
905	1363	25	16	22	0	1426
906	25	1413	11	18	0	1467
907	19	29	11	1409	0	1468
908	16	12	13	1423	0	1464
909	17	8	9	1425	0	1459
910	6	9	1419	40	0	1474
911	8	14	29	1363	0	1414
912	12	1341	12	28	0	1393
913	11	1343	8	22	0	1384
914	10	31	1340	19	0	1400
915	1214	10	21	30	0	1275
916	1314	10	17	15	0	1356
917	42	1290	8	9	0	1349
918	1111	22	20	12	0	1165
919	1101	8	10	16	0	1135
920	35	1136	5	8	0	1184
921	18	29	13	1142	0	1202
922	13	16	1184	22	0	1235
923	6	9	1147	13	0	1175
924	1138	6	26	22	0	1192
925	24	1188	13	9	0	1234
926	10	33	2	1182	0	1227
927	16	7	8	1202	0	1233
928	13	5	11	1197	0	1226
929	1190	12	10	37	0	1249
930	35	9	6	1183	0	1233
931	21	7	6	1194	0	1228
932	11	9	1156	26	0	1202
933	1059	10	30	12	0	1111
934	27	1127	11	11	0	1176
935	1104	30	7	18	0	1159
936	21	1090	10	12	0	1133
937	9	23	9	1105	0	1146
938	1094	6	15	32	0	1147
939	1115	9	10	12	0	1146
940	33	8	1109	10	0	1160
941	1124	9	22	10	0	1165
942	29	7	1153	5	0	1194
943	11	9	1092	9	0	1121
944	10	7	1091	13	0	1121
945	12	12	1236	9	0	1269
946	11	9	38	1237	0	1295
947	10	7	1259	41	0	1317
948	13	6	43	1256	0	1318
949	1267	13	15	42	0	1337
950	34	4	10	1264	0	1312
951	1236	11	11	43	0	1301
952	40	1248	10	16	0	1314
953	23	38	4	1242	0	1307
954	11	14	1223	44	0	1292
955	10	1285	34	17	0	1346
956	12	42	12	1248	0	1314
957	15	12	1253	49	0	1329
958	5	1183	31	15	0	1234
959	4	1213	6	11	0	1234
960	9	35	1219	15	0	1278
961	8	24	42	1138	0	1212
962	3	7	1167	32	0	1209
963	1082	4	28	15	0	1129
964	1141	2	20	7	0	1170
965	33	1115	6	4	0	1158
966	1115	28	4	6	0	1153
967	35	8	4	1108	0	1155
968	12	3	1105	26	0	1146
969	1055	4	26	13	0	1098
970	33	3	1064	5	0	1105
971	9	1059	31	7	0	1106
972	1068	30	12	6	0	1116
973	34	11	7	1074	0	1126
974	9	5	1093	30	0	1137
975	1051	5	31	14	0	1101
976	1082	1	12	9	0	1104
977	1092	0	9	7	0	1108
978	46	4	7	1065	0	1122
979	23	6	0	1094	0	1123
980	9	3	1075	37	0	1124
981	6	1089	33	15	0	1143
982	12	27	10	1058	0	1107
983	9	8	9	1117	0	1143
984	9	5	1107	38	0	1159
985	6	9	1098	8	0	1121
986	13	5	36	1075	0	1129
987	1055	2	17	37	0	1111
988	30	1075	11	12	0	1128
989	1079	33	11	6	0	1129
990	39	1085	12	5	0	1141
991	19	36	1076	8	0	1139
992	7	14	1111	10	0	1142
993	1046	3	45	12	0	1106
994	1188	5	14	8	0	1215
995	45	1186	12	9	0	1252
996	23	39	1156	5	0	1223
997	17	14	37	1140	0	1208
998	13	9	21	1138	0	1181
999	9	1145	19	45	0	1218
1000	9	37	10	1154	0	1210
1001	7	19	1156	48	0	1230
1002	1121	13	38	19	0	1191
1003	1157	12	16	16	0	1201
1004	1128	10	22	19	0	1179
1005	1178	5	15	9	0	1207
1006	61	3	1121	10	0	1195
1007	1097	1	49	9	0	1156
1008	62	4	1113	6	0	1185
1009	27	1096	45	9	0	1177
1010	22	39	20	1110	0	1191
1011	1131	16	14	45	0	1206
1012	41	12	8	1185	0	1246
1013	15	6	1171	52	0	1244
1014	1137	9	45	26	0	1217
1015	1180	2	27	21	0	1230
1016	61	4	14	1166	0	1245
1017	34	8	7	1212	0	1261
1018	23	10	1165	54	0	1252
1019	18	1179	44	24	0	1265
1020	1140	38	19	21	0	1218
1021	45	12	1097	9	0	1163
1022	1025	8	44	11	0	1088
1023	47	1053	19	9	0	1128
1024	1060	42	10	11	0	1123
1025	53	1033	9	6	0	1101
1026	20	1062	7	9	0	1098
1027	19	44	12	1030	0	1105
1028	18	23	9	1064	0	1114
1029	14	15	6	1070	0	1105
1030	10	12	10	1085	0	1117
1031	12	8	1032	61	0	1113
1032	1004	5	39	34	0	1082
1033	1072	8	18	17	0	1115
1034	1098	5	11	14	0	1128
1035	60	3	13	1042	0	1118
1036	35	3	8	1080	0	1126
1037	1058	6	7	49	0	1120
1038	1069	7	9	26	0	1111
1039	1079	8	7	20	0	1114
1040	59	8	6	1022	0	1095
1041	31	5	4	1016	0	1056
1042	16	5	964	56	0	1041
1043	15	4	930	30	0	979
1044	13	929	49	17	0	1008
1045	769	26	35	22	0	852
1046	780	9	12	14	0	815
1047	787	6	5	13	0	811
1048	36	5	778	7	0	826
1049	746	6	21	10	0	783
1050	789	1	9	14	0	813
1051	811	4	8	10	0	833
1052	47	1	4	758	0	810
1053	25	5	5	780	0	815
1054	20	0	4	770	0	794
1055	6	5	683	34	0	728
1056	675	3	17	14	0	709
1057	21	695	16	8	0	740
1058	650	14	3	7	0	674
1059	17	624	1	11	0	653
1060	11	640	2	8	0	661
1061	20	16	10	617	0	663
1062	4	16	4	616	0	640
1063	10	618	2	18	0	648
1064	611	16	1	13	0	641
1065	620	7	5	8	0	640
1066	22	6	2	611	0	641
1067	16	2	600	18	0	636
1068	13	6	580	9	0	608
1069	10	2	599	10	0	621
1070	6	6	609	3	0	624
1071	583	2	30	8	0	623
1072	586	2	13	4	0	605
1073	21	1	8	563	0	593
1074	12	3	569	14	0	598
1075	8	5	15	603	0	631
1076	6	607	6	20	0	639
1077	6	674	8	8	0	696
1078	689	20	3	12	0	724
1079	695	9	4	7	0	715
1080	700	4	5	10	0	719
1081	28	1	4	678	0	711
1082	13	6	2	689	0	710
1083	16	4	1	690	0	711
1084	17	2	2	681	0	702
1085	9	3	669	29	0	710
1086	8	2	14	687	0	711
1087	704	4	10	28	0	746
1088	19	6	5	713	0	743
1089	12	4	3	734	0	753
1090	11	2	5	718	0	736
1091	6	683	5	30	0	724
1092	5	681	4	13	0	703
1093	6	716	3	14	0	739
1094	5	13	7	638	0	663
1095	17	5	2	642	0	666
1096	632	4	2	14	0	652
1097	635	2	4	5	0	646
1098	648	1	5	5	0	659
1099	12	1	4	636	0	653
1100	6	1	4	646	0	657
1101	8	639	4	11	0	662
1102	7	674	4	4	0	689
1103	676	10	1	6	0	693
1104	9	3	1	675	0	688
1105	688	4	1	15	0	708
1106	734	3	2	8	0	747
1107	13	2	1	716	0	732
1108	8	763	2	9	0	782
1109	775	10	1	5	0	791
1110	782	3	0	4	0	789
1111	12	0	814	7	0	833
1112	765	2	5	3	0	775
1113	7	780	3	4	0	794
1114	5	5	1	805	0	816
1115	916	3	2	13	0	934
1116	14	0	1	919	0	934
1117	7	2	1	916	0	926
1118	2	914	0	17	0	933
1119	921	11	0	11	0	943
1120	923	7	0	9	0	939
1121	15	921	0	4	0	940
1122	6	1045	0	2	0	1053
1123	1036	16	0	9	0	1061
1124	1027	7	0	4	0	1038
1125	17	4	1002	1	0	1024
1126	9	3	940	2	0	954
1127	8	2	1016	2	0	1028
1128	10	0	16	1037	0	1063
1129	4	2	8	1062	0	1076
1130	1	2	1054	16	0	1073
1131	1007	2	12	13	0	1034
1132	1100	1	6	9	0	1116
1133	1110	2	2	7	0	1121
1134	1106	2	3	4	0	1115
1135	22	0	1217	3	0	1242
1136	1218	2	11	10	0	1241
1137	1255	3	7	10	0	1275
1138	1270	1	1	11	0	1283
1139	1278	2	4	4	0	1288
1140	1295	2	1	4	0	1302
1141	24	1	1303	1	0	1329
1142	10	1317	13	2	0	1342
1143	13	11	7	1287	0	1318
1144	6	6	2	1342	0	1356
1145	2	3	1319	20	0	1344
1146	1220	3	11	12	0	1246
1147	17	2	4	1298	0	1321
1148	10	2	1316	13	0	1341
1149	5	2	1223	8	0	1238
1150	9	1331	16	1	0	1357
1151	4	11	6	1371	0	1392
1152	5	5	3	1378	0	1391
1153	3	4	0	1371	0	1378
1154	1376	4	1	24	0	1405
1155	15	1	0	1381	0	1397
1156	8	4	1356	14	0	1382
1157	7	2	1233	8	0	1250
1158	6	2	1419	4	0	1431
1159	7	1	15	1446	0	1469
1160	1466	4	10	20	0	1500
1161	14	1	1486	6	0	1507
1162	1435	0	13	7	0	1455
1163	1598	0	8	15	0	1621
1164	22	1	4	1625	0	1652
1165	11	2	7	1640	0	1660
1166	5	1657	2	20	0	1684
1167	5	12	1685	9	0	1711
1168	1623	3	12	15	0	1653
1169	17	1	5	1748	0	1771
1170	11	1736	5	11	0	1763
1171	11	9	0	1756	0	1776
1172	7	6	1767	10	0	1790
1173	9	3	13	1724	0	1749
1174	5	1738	5	13	0	1761
1175	8	10	1	1733	0	1752
1176	1737	6	5	13	0	1761
1177	18	3	3	1694	0	1718
1178	9	1663	3	14	0	1689
1179	4	1700	4	7	0	1715
1180	1636	14	1	11	0	1662
1181	11	8	1713	5	0	1737
1182	11	4	11	1703	0	1729
1183	9	3	8	1765	0	1785
1184	8	3	1757	14	0	1782
1185	4	1749	10	10	0	1773
1186	3	11	1765	6	0	1785
1187	3	7	12	1721	0	1743
1188	3	1798	7	10	0	1818
1189	1818	7	5	15	0	1845
1190	7	1801	5	6	0	1819
1191	7	1836	4	10	0	1857
1192	1855	9	3	5	0	1872
1193	1887	6	6	20	0	1919
1194	1929	5	4	10	0	1948
1195	14	2	4	1931	0	1951
1196	6	3	1930	9	0	1948
1197	1877	3	6	17	0	1903
1198	2001	1	6	5	0	2013
1199	21	1	4	2057	0	2083
1200	10	2	2051	20	0	2083
1201	5	2031	10	7	0	2053
1202	2026	11	6	13	0	2056
1203	2099	6	3	12	0	2120
1204	18	2141	0	4	0	2163
1205	8	2179	8	1	0	2196
1206	2160	15	1	8	0	2184
1207	2147	8	2	7	0	2164
1208	2114	4	1	11	0	2130
1209	15	2	2	2114	0	2133
1210	9	5	2150	9	0	2173
1211	12	2	8	2058	0	2080
1212	5	6	2100	14	0	2125
1213	4	2054	17	11	0	2086
1214	5	2074	9	12	0	2100
1215	10	8	3	1946	0	1967
1216	11	5	2	1963	0	1981
1217	10	6	4	1918	0	1938
1218	3	1972	5	10	0	1990
1219	1948	10	3	11	0	1972
1220	1915	6	3	11	0	1935
1221	14	2009	2	7	0	2032
1222	12	7	0	1911	0	1930
1223	3	1910	3	11	0	1927
1224	11	8	2	1915	0	1936
1225	4	1910	4	8	0	1926
1226	1908	10	1	9	0	1928
1227	11	10	0	1869	0	1890
1228	5	4	1860	10	0	1879
1229	1795	3	7	28	0	1833
1230	1829	3	11	11	0	1854
1231	12	8	1827	7	0	1854
1232	9	4	8	1819	0	1840
1233	8	4	1839	9	0	1860
1234	8	5	7	1829	0	1849
1235	3	2	1727	16	0	1748
1236	1639	8	8	9	0	1664
1237	11	7	2	1700	0	1720
1238	6	1710	3	8	0	1727
1239	1761	11	1	9	0	1782
1240	13	3	2	1772	0	1790
1241	7	6	5	1753	0	1771
1242	8	2	1760	16	0	1786
1243	11	5	9	1793	0	1818
1244	7	3	1832	17	0	1859
1245	4	4	1852	10	0	1870
1246	10	2	24	1926	0	1962
1247	4	1	2132	27	0	2164
1248	2111	1	34	15	0	2161
1249	2528	5	15	10	0	2558
1250	2702	3	4	23	0	2732
1251	68	2813	9	3	0	2893
1252	48	51	5	2822	0	2926
1253	38	24	5	2790	0	2857
1254	16	2872	8	80	0	2976
1255	2881	56	9	43	0	2989
1256	78	30	2	2887	0	2997
1257	44	22	2885	64	0	3015
1258	16	33	2748	34	0	2831
1259	10	2766	73	49	0	2898
1260	2793	47	45	41	0	2926
1261	67	45	2776	13	0	2901
1262	2671	16	68	17	0	2772
1263	77	2616	38	30	0	2761
1264	46	64	2647	9	0	2766
1265	28	35	2544	20	0	2627
1266	20	48	2600	24	0	2692
1267	37	2509	90	14	0	2650
1268	30	65	2576	9	0	2680
1269	2488	29	76	29	0	2622
1270	68	42	50	2396	0	2556
1271	35	19	59	2543	0	2656
1272	38	20	36	2555	0	2649
1273	33	13	34	2589	0	2669
1274	28	29	2563	99	0	2719
1275	34	9	83	2550	0	2676
1276	38	19	38	2584	0	2679
1277	2499	15	39	116	0	2669
1278	2545	8	37	71	0	2661
1279	2381	14	26	65	0	2486
1280	95	21	2483	44	0	2643
1281	48	2471	88	19	0	2626
1282	48	2627	38	38	0	2751
1283	2483	85	27	48	0	2643
1284	88	2595	25	31	0	2739
1285	60	77	18	2569	0	2724
1286	42	41	23	2647	0	2753
1287	23	30	2575	97	0	2725
1288	17	2521	72	71	0	2681
1289	15	82	2501	57	0	2655
1290	2458	31	83	41	0	2613
1291	2555	45	39	32	0	2671
1292	113	19	34	2504	0	2670
1293	59	14	42	2451	0	2566
1294	39	21	46	2456	0	2562
1295	32	47	19	2497	0	2595
1296	28	18	2450	109	0	2605
1297	48	21	68	2402	0	2539
1298	37	15	2377	104	0	2533
1299	13	9	2296	86	0	2404
1300	8	2310	97	65	0	2480
1301	2298	67	63	50	0	2478
1302	69	2370	38	48	0	2525
1303	52	79	62	2285	0	2478
1304	41	35	2373	97	0	2546
1305	2275	20	89	57	0	2441
1306	76	17	2369	40	0	2502
1307	2328	37	78	40	0	2483
1308	2403	11	44	37	0	2495
1309	115	27	36	2392	0	2570
1310	66	11	29	2417	0	2523
1311	49	12	47	2449	0	2557
1312	42	15	2357	119	0	2533
1313	2283	25	102	73	0	2483
1314	94	2328	42	57	0	2521
1315	68	81	35	2346	0	2530
1316	2353	43	31	117	0	2544
1317	2398	22	32	68	0	2520
1318	2426	22	32	58	0	2538
1319	142	30	2298	31	0	2501
1320	2428	23	79	42	0	2572
1321	2397	47	40	55	0	2539
1322	124	27	2128	76	0	2355
1323	100	15	2390	56	0	2561
1324	76	24	114	2353	0	2567
1325	62	13	2451	94	0	2620
1326	35	2263	148	63	0	2509
1327	51	2436	79	37	0	2603
1328	2312	106	56	40	0	2514
1329	90	2411	65	32	0	2598
1330	90	95	51	2381	0	2617
1331	2293	68	44	108	0	2513
1332	102	2398	58	51	0	2609
1333	67	108	46	2383	0	2604
1334	61	62	46	2442	0	2611
1335	49	35	2377	128	0	2589
1336	46	40	111	2366	0	2563
1337	36	28	2347	142	0	2553
1338	47	17	2374	83	0	2521
1339	47	41	106	2276	0	2470
1340	36	18	57	2379	0	2490
1341	2261	18	41	159	0	2479
1342	83	2435	44	92	0	2654
1343	65	85	25	2428	0	2603
1344	51	71	39	2435	0	2596
1345	2306	40	29	142	0	2517
1346	108	2224	7	98	0	2437
1347	62	2015	21	66	0	2164
1348	41	1939	25	32	0	2037
1349	26	1625	13	18	0	1682
1350	1273	52	70	10	0	1405
1351	1251	19	9	14	0	1293
1352	1200	10	5	13	0	1228
1353	1204	7	5	11	0	1227
1354	53	11	4	1167	0	1235
1355	20	8	1167	32	0	1227
1356	15	1158	31	16	0	1220
1357	20	31	12	1165	0	1228
1358	11	16	1158	34	0	1219
1359	10	9	35	1153	0	1207
1360	11	7	14	1182	0	1214
1361	6	9	1152	48	0	1215
1362	10	6	35	1157	0	1208
1363	18	8	19	1131	0	1176
1364	1163	4	9	50	0	1226
1365	1163	4	9	30	0	1206
1366	1177	3	10	18	0	1208
1367	1175	3	7	18	0	1203
1368	54	9	6	1128	0	1197
1369	27	7	6	1152	0	1192
1370	20	6	3	1164	0	1193
1371	1131	6	6	56	0	1199
1372	47	4	6	1139	0	1196
1373	32	7	3	1167	0	1209
1374	13	7	1093	52	0	1165
1375	15	10	32	1075	0	1132
1376	13	1027	13	45	0	1098
1377	20	1104	8	25	0	1157
1378	1085	41	11	11	0	1148
1379	43	19	1067	12	0	1141
1380	20	1019	38	15	0	1092
1381	994	31	16	13	0	1054
1382	38	17	12	985	0	1052
1383	20	14	980	38	0	1052
1384	20	8	38	941	0	1007
1385	10	993	12	43	0	1058
1386	972	31	11	24	0	1038
1387	35	1020	11	19	0	1085
1388	1004	35	4	19	0	1062
1389	1029	15	6	17	0	1067
1390	45	8	6	1015	0	1074
1391	22	9	7	997	0	1035
1392	18	1006	8	40	0	1072
1393	1018	33	6	22	0	1079
1394	38	10	1005	18	0	1071
1395	984	8	30	20	0	1042
1396	989	6	12	15	0	1022
1397	45	8	965	13	0	1031
1398	24	11	27	930	0	992
1399	945	5	11	42	0	1003
1400	36	6	932	19	0	993
1401	21	8	909	14	0	952
1402	867	4	36	10	0	917
1403	26	856	19	10	0	911
1404	14	817	7	11	0	849
1405	19	28	8	784	0	839
1406	9	17	789	25	0	840
1407	760	8	22	17	0	807
1408	30	6	770	13	0	819
1409	15	716	24	12	0	767
1410	713	22	15	11	0	761
1411	24	14	9	700	0	747
1412	701	9	8	23	0	741
1413	25	9	687	16	0	737
1414	18	8	21	666	0	713
1415	14	697	12	20	0	743
1416	15	20	8	686	0	729
1417	8	15	5	710	0	738
1418	16	10	682	30	0	738
1419	14	650	20	17	0	701
1420	13	648	15	11	0	687
1421	16	20	631	6	0	673
1422	592	9	20	11	0	632
1423	609	11	11	7	0	638
1424	21	7	11	597	0	636
1425	572	3	8	27	0	610
1426	23	534	10	12	0	579
1427	13	554	9	12	0	588
1428	563	24	5	14	0	606
1429	29	10	9	561	0	609
1430	563	4	4	26	0	597
1431	574	4	4	16	0	598
1432	30	8	4	550	0	592
1433	20	11	542	20	0	593
1434	545	6	18	11	0	580
1435	563	7	9	11	0	590
1436	33	2	5	542	0	582
1437	14	542	8	24	0	588
1438	12	14	6	547	0	579
1439	15	7	529	26	0	577
1440	9	6	524	17	0	556
1441	7	519	24	9	0	559
1442	13	6	4	312	0	335
1443	3	3	2	318	0	326
1444	4	4	319	8	0	335
1445	306	3	7	2	0	318
1446	323	1	3	9	0	336
1447	318	2	5	4	0	329
1448	319	1	4	5	0	329
1449	10	318	3	1	0	332
1450	8	325	1	1	0	335
1451	332	7	1	4	0	344
1452	10	3	4	334	0	351
1453	7	1	3	347	0	358
1454	3	351	5	8	0	367
1455	7	9	0	343	0	359
1456	4	5	3	331	0	343
1457	3	331	1	13	0	348
1458	3	7	335	3	0	348
1459	4	2	9	332	0	347
1460	336	3	0	13	0	352
1461	331	3	5	5	0	344
1462	9	2	322	6	0	339
1463	5	2	320	3	0	330
1464	6	1	324	3	0	334
1465	7	3	8	317	0	335
1466	4	2	320	6	0	332
1467	2	4	314	5	0	325
1468	7	4	6	310	0	327
1469	3	324	4	10	0	341
1470	4	9	317	4	0	334
1471	6	306	6	7	0	325
1472	304	6	4	5	0	319
1473	7	292	2	3	0	304
1474	5	5	2	281	0	293
1475	281	2	2	9	0	294
1476	11	1	2	280	0	294
1477	3	2	4	290	0	299
1478	3	2	295	8	0	308
1479	5	279	6	3	0	293
1480	3	297	3	5	0	308
1481	4	7	4	277	0	292
1482	1	1	1	277	0	280
1483	1	3	2	274	0	280
1484	1	1	269	6	0	277
1485	2	0	239	2	0	243
1486	244	0	5	2	0	251
1487	3	2	224	1	0	230
1488	0	1	241	2	0	244
1489	0	238	3	3	0	244
1490	2	7	2	227	0	238
1491	1	0	239	3	0	243
1492	2	1	2	227	0	232
1493	2	0	234	3	0	239
1494	1	0	2	233	0	236
1495	0	0	258	2	0	260
1496	3	0	3	247	0	253
1497	2	0	1	241	0	244
1498	1	254	0	4	0	259
1499	1	4	1	261	0	267
1500	0	262	1	4	0	267
1501	0	3	2	267	0	272
1502	2	1	1	268	0	272
1503	250	1	2	3	0	256
1504	2	1	0	253	0	256
1505	2	0	255	3	0	260
1506	1	1	3	253	0	258
1507	1	0	0	257	0	258
1508	2	1	254	2	0	259
1509	1	0	248	2	0	251
1510	1	3	2	252	0	258
1511	1	1	1	261	0	264
1512	2	1	258	3	0	264
1513	2	238	3	2	0	245
1514	0	248	2	4	0	254
1515	249	2	3	2	0	256
1516	2	2	1	257	0	262
1517	260	1	2	5	0	268
1518	266	0	3	2	0	271
1519	3	276	0	2	0	281
1520	272	3	2	4	0	281
1521	273	1	3	2	0	279
1522	3	2	272	1	0	278
1523	4	1	2	269	0	276
1524	0	2	278	2	0	282
1525	1	0	4	277	0	282
1526	1	1	287	3	0	292
1527	1	268	2	4	0	275
1528	1	272	2	1	0	276
1529	1	4	1	263	0	269
1530	273	0	2	1	0	276
1531	3	0	0	278	0	281
1532	0	0	2	269	0	271
1533	0	0	276	3	0	279
1534	0	0	271	1	0	272
1535	0	2	282	1	0	285
1536	2	0	2	283	0	287
1537	1	1	0	279	0	281
1538	1	279	1	2	0	283
1539	1	295	1	2	0	299
1540	292	2	0	2	0	296
1541	2	306	0	3	0	311
1542	1	1	301	2	0	305
1543	1	2	4	298	0	305
1544	0	1	313	4	0	318
1545	1	312	6	0	0	319
1546	1	3	5	313	0	322
1547	305	0	4	2	0	311
1548	2	1	304	3	0	310
1549	0	300	6	0	0	306
1550	1	4	295	3	0	303
1551	1	297	2	2	0	302
1552	4	2	1	280	0	287
1553	278	0	0	6	0	284
1554	271	2	2	0	0	275
1555	1	274	2	2	0	279
1556	272	4	1	2	0	279
1557	4	0	0	272	0	276
1558	270	0	1	6	0	277
1559	2	1	270	0	0	273
1560	1	3	265	3	0	272
1561	2	2	2	265	0	271
1562	1	1	2	281	0	285
1563	2	2	280	2	0	286
1564	2	3	3	267	0	275
1565	267	2	2	3	0	274
1566	269	0	0	4	0	273
1567	1	264	0	5	0	270
1568	2	265	3	2	0	272
1569	258	1	3	4	0	266
1570	2	1	2	270	0	275
1571	271	0	3	3	0	277
1572	2	263	0	3	0	268
1573	264	3	1	2	0	270
1574	5	0	263	1	0	269
1575	1	2	262	1	0	266
1576	6	1	1	275	0	283
1577	2	2	277	2	0	283
1578	1	0	4	266	0	271
1579	5	0	1	254	0	260
1580	0	1	287	3	0	291
1581	1	1	1	285	0	288
1582	0	3	2	298	0	303
1583	4	2	309	4	0	319
1584	1	1	319	1	0	322
1585	316	3	2	2	0	323
1586	5	0	317	3	0	325
1587	356	1	6	6	0	369
1588	406	1	3	6	0	416
1589	14	1	400	0	0	415
1590	3	0	434	1	0	438
1591	5	1	16	400	0	422
1592	6	0	2	400	0	408
1593	1	401	4	18	0	424
1594	1	443	5	2	0	451
1595	0	15	422	3	0	440
1596	404	1	15	5	0	425
1597	432	2	2	6	0	442
1598	16	4	406	2	0	428
1599	1	2	416	0	0	419
1600	7	0	15	406	0	428
1601	6	409	1	12	0	428
1602	8	14	3	421	0	446
1603	3	2	4	437	0	446
1604	424	3	2	21	0	450
1605	441	2	0	4	0	447
1606	17	1	0	452	0	470
1607	5	1	458	17	0	481
1608	443	3	16	4	0	466
1609	21	461	1	3	0	486
1610	474	15	2	5	0	496
1611	461	2	5	6	0	474
1612	18	462	2	4	0	486
1613	5	488	3	0	0	496
1614	6	15	1	465	0	487
1615	7	1	1	482	0	491
1616	1	472	4	15	0	492
1617	3	18	0	471	0	492
1618	5	4	1	481	0	491
1619	3	1	461	19	0	484
1620	462	4	19	4	0	489
1621	487	3	2	5	0	497
1622	496	1	4	5	0	506
1623	21	0	6	480	0	507
1624	481	0	3	22	0	506
1625	21	467	4	3	0	495
1626	6	17	3	451	0	477
1627	2	467	2	20	0	491
1628	3	520	5	3	0	531
1629	526	21	0	2	0	549
1630	539	3	2	5	0	549
1631	531	1	4	3	0	539
1632	526	3	5	3	0	537
1633	531	0	3	3	0	537
1634	21	3	524	2	0	550
1635	516	1	17	3	0	537
1636	22	2	532	3	0	559
1637	509	3	21	1	0	534
1638	544	0	6	1	0	551
1639	529	0	1	5	0	535
1640	21	0	542	2	0	565
1641	8	5	18	519	0	550
1642	5	545	2	18	0	570
1643	563	16	3	3	0	585
1644	570	0	4	1	0	575
1645	20	562	1	3	0	586
1646	583	19	2	0	0	604
1647	22	2	3	564	0	591
1648	6	587	1	18	0	612
1649	600	22	2	2	0	626
1650	623	3	1	4	0	631
1651	21	2	1	609	0	633
1652	616	2	4	20	0	642
1653	23	1	7	609	0	640
1654	6	3	1	628	0	638
1655	5	2	607	23	0	637
1656	9	3	18	597	0	627
1657	5	8	2	621	0	636
1658	9	2	620	20	0	651
1659	6	2	644	3	0	655
1660	8	1	18	643	0	670
1661	2	3	651	21	0	677
1662	606	2	23	3	0	634
1663	17	650	4	11	0	682
1664	5	22	1	683	0	711
1665	5	2	5	692	0	704
1666	9	0	0	702	0	711
1667	707	5	2	20	0	734
1668	724	0	3	3	0	730
1669	723	1	2	10	0	736
1670	17	704	6	4	0	731
1671	15	18	1	729	0	763
1672	10	6	0	749	0	765
1673	739	4	1	20	0	764
1674	749	4	0	3	0	756
1675	23	6	0	732	0	761
1676	3	8	725	23	0	759
1677	706	2	17	8	0	733
1678	754	0	2	8	0	764
1679	21	6	749	6	0	782
1680	682	0	21	9	0	712
1681	24	1	740	7	0	772
1682	730	0	22	6	0	758
1683	22	9	5	748	0	784
1684	9	798	1	18	0	826
1685	7	15	841	1	0	864
1686	6	860	15	5	0	886
1687	5	835	1	4	0	845
1688	854	12	12	5	0	883
1689	9	1	1	874	0	885
1690	2	0	1	858	0	861
1691	890	0	0	8	0	898
1692	8	2	0	914	0	924
1693	3	4	0	904	0	911
1694	4	3	1	905	0	913
1695	3	4	0	896	0	903
1696	3	2	910	9	0	924
1697	4	0	868	4	0	876
1698	1	907	7	5	0	920
1699	933	7	1	10	0	951
1700	10	1	1	945	0	957
1701	1	938	1	14	0	954
1702	1	7	3	965	0	976
1703	1	0	3	1000	0	1004
1704	2	3	3	979	0	987
1705	3	0	3	999	0	1005
1706	1	3	2	1009	0	1015
1707	3	978	1	7	0	989
1708	2	7	0	991	0	1000
1709	2	3	976	13	0	994
1710	1	994	7	5	0	1007
1711	2	12	1	1010	0	1025
1712	1	0	0	1008	0	1009
1713	0	999	1	13	0	1013
1714	1	1013	1	5	0	1020
1715	998	11	2	3	0	1014
1716	8	987	0	5	0	1000
1717	982	5	3	8	0	998
1718	980	4	0	7	0	991
1719	7	2	1033	6	0	1048
1720	4	4	7	987	0	1002
1721	4	4	1043	7	0	1058
1722	1	1046	7	1	0	1055
1723	10	7	0	953	0	970
1724	2	3	0	1047	0	1052
1725	4	1	3	1036	0	1044
1726	5	1	1	1050	0	1057
1727	0	3	1069	5	0	1077
1728	4	2	6	1035	0	1047
1729	1	1	1052	10	0	1064
1730	2	3	1021	3	0	1029
1731	960	0	8	10	0	978
1732	1037	0	3	7	0	1047
1733	1045	0	3	7	0	1055
1734	7	1017	2	7	0	1033
1735	0	9	5	1041	0	1055
1736	1	1	1076	12	0	1090
1737	2	0	10	1056	0	1068
1738	3	0	1116	9	0	1128
1739	1102	2	7	6	0	1117
1740	1119	2	1	4	0	1126
1741	1113	0	0	9	0	1122
1742	7	6	1078	0	0	1091
1743	2	4	1055	7	0	1068
1744	3	0	11	1096	0	1110
1745	5	2	0	1077	0	1084
1746	5	0	3	1135	0	1143
1747	5	1	1140	8	0	1154
1748	4	1	1053	2	0	1060
1749	1117	0	10	4	0	1131
1750	9	0	5	1160	0	1174
1751	2	2	5	1160	0	1169
1752	1170	0	0	18	0	1188
1753	11	1	3	1171	0	1186
1754	1253	0	3	18	0	1274
1755	1292	1	5	5	0	1303
1756	1280	2	5	12	0	1299
1757	13	0	1304	4	0	1321
1758	2	1281	9	8	0	1300
1759	1337	9	1	8	0	1355
1760	17	0	1	1333	0	1351
1761	4	0	1	1327	0	1332
1762	7	1331	0	10	0	1348
1763	1315	9	2	10	0	1336
1764	1307	3	0	6	0	1316
1765	1323	1	4	4	0	1332
1766	9	1375	3	5	0	1392
1767	1445	8	2	17	0	1472
1768	1454	4	0	10	0	1468
1769	1464	0	0	12	0	1476
1770	12	4	1	1454	0	1471
1771	5	2	1	1459	0	1467
1772	3	4	1502	8	0	1517
1773	7	0	7	1469	0	1483
1774	5	4	1	1455	0	1465
1775	6	2	1520	10	0	1538
1776	1431	2	8	9	0	1450
1777	1521	0	3	13	0	1537
1778	11	0	3	1496	0	1510
1779	1	1489	1	11	0	1502
1780	1	1502	3	1	0	1507
1781	4	6	0	1500	0	1510
1782	3	2	1473	10	0	1488
1783	6	1	7	1413	0	1427
1784	3	0	1439	9	0	1451
1785	3	2	1436	2	0	1443
1786	4	0	5	1463	0	1472
1787	1472	0	1	9	0	1482
1788	1412	0	0	8	0	1420
1789	5	0	0	1413	0	1418
1790	3	1	0	1417	0	1421
1791	0	0	0	1447	0	1447
1792	2	0	0	1426	0	1428
1793	1456	0	0	10	0	1466
1794	1434	0	0	5	0	1439
1795	1440	0	0	6	0	1446
1796	6	0	1439	0	0	1445
1797	4	1	4	1429	0	1438
1798	2	0	1	1458	0	1461
1799	1442	2	0	8	0	1452
1800	6	1424	5	4	0	1439
1801	1428	6	0	9	0	1443
1802	1438	1	0	5	0	1444
1803	1413	1	0	3	0	1417
1804	1403	1	0	6	0	1410
1805	8	3	1466	0	0	1477
1806	6	0	1381	0	0	1387
1807	1517	1	5	8	0	1531
1808	1553	0	1	6	0	1560
1809	1545	0	0	4	0	1549
1810	1537	0	2	5	0	1544
1811	10	0	1637	1	0	1648
1812	3	1723	12	2	0	1740
1813	6	16	6	1824	0	1852
1814	1985	6	1	33	0	2025
1815	2022	2	1	12	0	2037
1816	2139	0	1	9	0	2149
1817	2173	2	0	9	0	2184
1818	2205	1	0	5	0	2211
1819	2112	3	0	4	0	2119
1820	43	4	1967	4	0	2018
1821	18	1	2036	1	0	2056
1822	20	1	35	2035	0	2091
1823	7	1	2096	27	0	2131
1824	9	2037	36	12	0	2094
1825	9	2071	13	10	0	2103
1826	13	35	8	2094	0	2150
1827	9	15	2170	28	0	2222
1828	8	12	2090	14	0	2124
1829	2084	3	40	13	0	2140
1830	2316	3	17	13	0	2349
1831	52	4	13	2346	0	2415
1832	2407	5	4	48	0	2464
1833	59	4	5	2363	0	2431
1834	30	1	3	2386	0	2420
1835	13	2	2430	58	0	2503
1836	8	2	2312	25	0	2347
1837	13	2	58	2340	0	2413
1838	8	2	2334	51	0	2395
1839	2154	3	54	28	0	2239
1840	2349	2	19	18	0	2388
1841	60	2374	10	8	0	2452
1842	2391	43	8	14	0	2456
1843	56	14	2330	5	0	2405
1844	2295	10	54	11	0	2370
1845	2363	4	17	25	0	2409
1846	2389	1	15	11	0	2416
1847	80	4	5	2274	0	2363
1848	38	2292	7	45	0	2382
1849	2306	50	6	22	0	2384
1850	2306	15	9	19	0	2349
1851	70	8	16	2269	0	2363
1852	2299	2	9	59	0	2369
1853	65	2291	9	26	0	2391
1854	36	47	5	2251	0	2339
1855	21	19	2205	62	0	2307
1856	1991	14	55	33	0	2093
1857	66	10	2211	18	0	2305
1858	40	7	62	2183	0	2292
1859	23	2177	24	58	0	2282
1860	21	2403	16	18	0	2458
1861	19	77	12	2398	0	2506
1862	23	2420	12	68	0	2523
1863	25	90	12	3322	0	3449
1864	38	28	3	3533	0	3602
1865	21	16	10	3592	0	3639
1866	3357	16	4	189	0	3566
1867	148	10	9	3375	0	3542
1868	45	12	3291	163	0	3511
1869	31	3288	124	72	0	3515
1870	3307	136	33	39	0	3515
1871	157	31	13	3337	0	3538
1872	60	19	17	3382	0	3478
1873	35	25	12	3440	0	3512
1874	39	14	3297	181	0	3531
1875	19	3297	143	71	0	3530
1876	3311	139	44	47	0	3541
1877	150	43	22	3130	0	3345
1878	48	3298	22	148	0	3516
1879	3287	152	9	68	0	3516
1880	158	44	3264	38	0	3504
1881	3237	32	136	44	0	3449
1882	159	32	3347	24	0	3562
1883	60	22	3366	31	0	3479
1884	38	3296	174	23	0	3531
1885	46	145	48	3132	0	3371
1886	29	40	3170	156	0	3395
1887	24	3073	164	58	0	3319
1888	31	143	62	2975	0	3211
1889	27	3111	37	154	0	3329
1890	18	154	3117	49	0	3338
1891	30	60	154	3063	0	3307
1892	16	32	3100	168	0	3316
1893	28	33	155	3052	0	3268
1894	29	21	61	3207	0	3318
1895	21	27	3044	204	0	3296
1896	36	11	168	3084	0	3299
1897	2979	27	54	198	0	3258
1898	148	3021	41	92	0	3302
1899	48	144	3034	68	0	3294
1900	2991	49	157	58	0	3255
1901	194	23	49	2874	0	3140
1902	47	3032	43	169	0	3291
1903	3072	151	48	67	0	3338
1904	3208	61	28	50	0	3347
1905	201	23	37	2973	0	3234
1906	80	42	24	3093	0	3239
1907	56	24	23	3134	0	3237
1908	50	28	24	3064	0	3166
1909	30	2922	33	207	0	3192
1910	45	200	23	2802	0	3070
1911	45	2766	22	205	0	3038
1912	32	2772	27	100	0	2931
1913	32	2744	18	76	0	2870
1914	37	152	2483	69	0	2741
1915	20	2543	154	59	0	2776
1916	2331	162	57	63	0	2613
1917	136	2361	42	51	0	2590
1918	59	146	38	2205	0	2448
1919	37	2425	27	161	0	2650
1920	53	144	31	2396	0	2624
1921	36	80	45	2520	0	2681
1922	43	64	2389	191	0	2687
1923	2360	52	145	95	0	2652
1924	2435	52	52	82	0	2621
1925	2446	41	30	96	0	2613
1926	157	2336	48	106	0	2647
1927	76	136	51	2308	0	2571
1928	56	60	2257	181	0	2554
1929	53	2253	147	93	0	2546
1930	54	145	65	1929	0	2193
1931	53	2125	35	125	0	2338
1932	2107	136	39	63	0	2345
1933	2151	76	46	40	0	2313
1934	2192	46	52	51	0	2341
1935	2192	45	41	48	0	2326
1936	163	42	51	2050	0	2306
1937	71	58	41	2108	0	2278
1938	77	2049	41	148	0	2315
1939	56	129	38	2116	0	2339
1940	32	57	2049	179	0	2317
1941	32	39	126	2071	0	2268
1942	14	45	2017	177	0	2253
1943	26	1981	128	100	0	2235
1944	29	137	2010	66	0	2242
1945	35	53	142	2006	0	2236
1946	24	47	2031	145	0	2247
1947	34	43	146	2031	0	2254
1948	29	48	72	2095	0	2244
1949	39	39	49	2113	0	2240
1950	41	43	45	2109	0	2238
1951	2014	41	30	174	0	2259
1952	129	2019	34	88	0	2270
1953	1984	112	22	81	0	2199
1954	123	64	1904	74	0	2165
1955	1929	29	103	82	0	2143
1956	2028	38	34	80	0	2180
1957	168	37	1902	45	0	2152
1958	97	35	1868	62	0	2062
1959	69	1770	112	63	0	2014
1960	47	1726	31	62	0	1866
1961	43	115	1556	64	0	1778
1962	34	1309	113	60	0	1516
1963	56	50	23	561	0	690
1964	525	8	9	18	0	560
1965	15	5	1	529	0	550
1966	539	1	2	18	0	560
1967	537	4	1	9	0	551
1968	16	553	3	5	0	577
1969	559	10	1	10	0	580
1970	551	3	2	7	0	563
1971	19	4	0	521	0	544
1972	527	5	0	14	0	546
1973	11	535	4	9	0	559
1974	6	14	1	533	0	554
1975	535	5	1	14	0	555
1976	11	7	520	5	0	543
1977	535	4	13	2	0	554
1978	14	2	4	541	0	561
1979	11	4	570	12	0	597
1980	6	2	546	5	0	559
1981	552	2	19	2	0	575
1982	546	1	3	2	0	552
1983	8	0	3	544	0	555
1984	5	2	3	549	0	559
1985	3	0	2	548	0	553
1986	5	540	1	6	0	552
1987	559	6	1	9	0	575
1988	6	556	2	4	0	568
1989	558	8	1	8	0	575
1990	8	4	561	2	0	575
1991	6	2	7	563	0	578
1992	580	3	2	7	0	592
1993	9	2	1	577	0	589
1994	4	1	2	577	0	584
1995	3	557	2	11	0	573
1996	581	6	0	10	0	597
1997	8	602	0	4	0	614
1998	4	10	0	613	0	627
1999	3	4	601	9	0	617
2000	539	5	8	6	0	558
2001	9	2	599	3	0	613
2002	534	1	10	7	0	552
2003	12	587	3	2	0	604
2004	6	6	4	553	0	569
2005	7	565	2	6	0	580
2006	563	10	1	5	0	579
2007	10	6	0	550	0	566
2008	4	6	2	560	0	572
2009	6	1	547	11	0	565
2010	513	1	7	11	0	532
2011	12	1	4	557	0	574
2012	3	2	558	8	0	571
2013	6	537	8	8	0	559
2014	3	7	3	552	0	565
2015	546	3	4	9	0	562
2016	8	5	0	554	0	567
2017	5	0	557	12	0	574
2018	568	1	7	8	0	584
2019	9	1	4	578	0	592
2020	5	0	651	8	0	664
2021	9	0	11	640	0	660
2022	6	1	8	642	0	657
2023	2	652	8	16	0	678
2024	643	13	1	11	0	668
2025	12	660	2	10	0	684
2026	658	15	1	5	0	679
2027	17	10	1	637	0	665
2028	11	660	0	12	0	683
2029	10	14	2	657	0	683
2030	4	7	648	18	0	677
2031	617	4	15	13	0	649
2032	14	3	6	639	0	662
2033	10	2	6	630	0	648
2034	7	4	4	640	0	655
2035	6	1	611	24	0	642
2036	4	2	598	17	0	621
2037	2	608	16	10	0	636
2038	6	9	10	590	0	615
2039	574	10	7	16	0	607
2040	14	587	4	10	0	615
2041	9	13	4	605	0	631
2042	595	13	0	17	0	625
2043	602	5	0	14	0	621
2044	19	586	4	9	0	618
2045	621	12	4	9	0	646
2046	688	5	3	9	0	705
2047	28	5	1	703	0	737
2048	17	708	2	16	0	743
2049	11	17	6	730	0	764
2050	727	9	8	22	0	766
2051	18	9	719	13	0	759
2052	13	4	15	716	0	748
2053	15	5	7	723	0	750
2054	5	4	714	28	0	751
2055	6	3	17	724	0	750
2056	720	2	13	27	0	762
2057	680	2	8	19	0	709
2058	27	3	4	711	0	745
2059	14	3	704	24	0	745
2060	11	2	675	17	0	705
2061	9	675	22	12	0	718
2062	3	702	15	8	0	728
2063	6	19	9	678	0	712
2064	662	13	5	22	0	702
2065	18	683	6	10	0	717
2066	659	18	1	19	0	697
2067	23	11	3	657	0	694
2068	18	7	2	656	0	683
2069	633	5	1	27	0	666
2070	18	642	6	14	0	680
2071	656	13	1	15	0	685
2072	21	10	639	11	0	681
2073	10	11	623	4	0	648
2074	11	4	20	608	0	643
2075	7	5	621	17	0	650
2076	11	3	608	8	0	630
2077	7	5	24	577	0	613
2078	3	1	611	21	0	636
2079	5	2	19	562	0	588
2080	7	2	16	590	0	615
2081	2	5	618	26	0	651
2082	4	5	16	612	0	637
2083	8	1	13	610	0	632
2084	4	615	7	25	0	651
2085	615	15	7	18	0	655
2086	14	9	617	14	0	654
2087	12	9	14	590	0	625
2088	11	5	11	619	0	646
2089	4	6	601	24	0	635
2090	571	3	17	19	0	610
2091	17	582	12	15	0	626
2092	12	12	10	574	0	608
2093	8	13	2	578	0	601
2094	3	575	8	27	0	613
2095	8	17	556	15	0	596
2096	5	582	17	13	0	617
2097	546	17	15	14	0	592
2098	15	12	562	10	0	599
2099	11	13	17	560	0	601
2100	7	3	578	20	0	608
2101	9	5	564	14	0	592
2102	7	561	23	12	0	603
2103	5	17	12	524	0	558
2104	541	10	6	19	0	576
2105	547	6	12	11	0	576
2106	20	553	7	11	0	591
2107	14	20	2	568	0	604
2108	553	8	6	20	0	587
2109	581	4	7	11	0	603
2110	24	575	3	5	0	607
2111	580	16	3	12	0	611
2112	22	7	5	566	0	600
2113	11	566	3	25	0	605
2114	10	14	7	571	0	602
2115	10	10	4	579	0	603
2116	17	9	1	585	0	612
2117	4	6	556	31	0	597
2118	5	3	507	14	0	529
2119	8	526	20	11	0	565
2120	445	13	6	9	0	473
2121	12	434	2	12	0	460
2122	6	6	4	434	0	450
2123	3	4	465	11	0	483
2124	4	4	8	443	0	459
2125	3	4	4	457	0	468
2126	2	3	3	474	0	482
2127	467	1	5	14	0	487
2128	7	2	6	472	0	487
2129	2	3	506	13	0	524
2130	473	3	10	11	0	497
2131	487	1	5	5	0	498
2132	508	2	3	7	0	520
2133	501	0	2	11	0	514
2134	508	0	4	6	0	518
2135	11	502	2	4	0	519
2136	5	8	4	484	0	501
2137	4	499	2	11	0	516
2138	507	8	0	7	0	522
2139	504	3	2	2	0	511
2140	491	5	2	1	0	499
2141	12	487	2	5	0	506
2142	6	489	1	3	0	499
2143	5	496	1	3	0	505
2144	4	10	501	1	0	516
2145	11	19	6	443	0	479
2146	2	370	1	6	0	379
2147	0	360	0	0	0	360
2148	0	3	0	357	0	360
2149	0	0	1	364	0	365
2150	0	0	370	3	0	373
2151	349	1	3	1	0	354
2152	4	1	0	375	0	380
2153	0	0	0	374	0	374
2154	0	1	376	6	0	383
2155	0	0	358	0	0	358
2156	1	385	5	0	0	391
2157	0	5	0	387	0	392
2158	3	0	1	394	0	398
2159	1	1	388	4	0	394
2160	356	1	5	2	0	364
2161	390	2	0	2	0	394
2162	5	1	396	3	0	405
2163	400	0	4	2	0	406
2164	5	2	397	0	0	404
2165	382	1	5	3	0	391
2166	402	1	0	1	0	404
2167	5	2	397	2	0	406
2168	1	2	4	383	0	390
2169	1	1	2	379	0	383
2170	2	0	0	412	0	414
2171	405	1	0	7	0	413
2172	395	0	2	3	0	400
2173	5	0	404	2	0	411
2174	1	1	386	2	0	390
2175	407	0	5	2	0	414
2176	437	1	1	1	0	440
2177	5	2	424	1	0	432
2178	2	0	428	1	0	431
2179	1	0	8	442	0	451
2180	4	0	432	7	0	443
2181	6	0	7	384	0	397
2182	421	0	3	6	0	430
2183	5	0	439	3	0	447
2184	409	0	10	4	0	423
2185	10	0	505	2	0	517
2186	4	0	8	500	0	512
2187	5	0	3	530	0	538
2188	4	0	3	535	0	542
2189	3	539	2	11	0	555
2190	3	10	2	502	0	517
2191	3	1	1	558	0	563
2192	549	1	1	12	0	563
2193	11	3	536	2	0	552
2194	513	1	10	2	0	526
2195	10	2	547	1	0	560
2196	491	0	9	7	0	507
2197	11	542	3	1	0	557
2198	11	8	513	2	0	534
2199	2	2	523	0	0	527
2200	3	0	12	488	0	503
2201	2	2	1	525	0	530
2202	1	0	520	9	0	530
2203	0	0	524	3	0	527
2204	1	1	563	3	0	568
2205	583	0	9	7	0	599
2206	601	1	3	1	0	606
2207	608	1	2	1	0	612
2208	10	0	3	600	0	613
2209	5	0	3	600	0	608
2210	2	0	636	10	0	648
2211	3	2	7	626	0	638
2212	2	1	4	616	0	623
2213	657	0	2	14	0	673
2214	656	1	3	5	0	665
2215	677	1	1	3	0	682
2216	12	0	1	669	0	682
2217	4	0	3	666	0	673
2218	3	0	0	677	0	680
2219	672	2	3	11	0	688
2220	10	0	2	660	0	672
2221	1	662	3	9	0	675
2222	7	8	0	657	0	672
2223	3	638	1	9	0	651
2224	643	8	2	5	0	658
2225	637	2	5	2	0	646
2226	9	647	1	5	0	662
2227	2	660	2	4	0	668
2228	4	9	3	647	0	663
2229	4	3	631	9	0	647
2230	2	1	10	619	0	632
2231	2	2	644	15	0	663
2232	3	636	11	5	0	655
2233	1	9	3	643	0	656
2234	3	1	2	664	0	670
2235	3	0	711	13	0	727
2236	6	3	10	695	0	714
2237	5	3	723	13	0	744
2238	707	2	13	6	0	728
2239	739	0	5	3	0	747
2240	742	2	1	3	0	748
2241	14	1	2	727	0	744
2242	3	1	5	744	0	753
2243	3	1	772	17	0	793
2244	2	1	14	765	0	782
2245	5	775	3	19	0	802
2246	4	9	783	4	0	800
2247	3	3	764	3	0	773
2248	4	3	10	720	0	737
2249	3	3	793	13	0	812
2250	3	0	824	5	0	832
2251	775	2	10	7	0	794
2252	5	911	6	6	0	928
2253	944	10	3	3	0	960
2254	937	2	5	7	0	951
2255	949	1	1	4	0	955
2256	12	3	1	947	0	963
2257	6	1	1	962	0	970
2258	3	1	952	13	0	969
2259	6	1	9	942	0	958
2260	4	955	3	13	0	975
2261	973	9	5	9	0	996
2262	10	957	4	4	0	975
2263	4	980	3	5	0	992
2264	5	12	3	983	0	1003
2265	3	2	980	9	0	994
2266	3	5	9	975	0	992
2267	1	6	987	9	0	1003
2268	4	973	12	7	0	996
2269	984	10	9	4	0	1007
2270	983	3	1	7	0	994
2271	1019	2	5	9	0	1035
2272	14	2	1085	2	0	1103
2273	4	2	1026	3	0	1035
2274	1082	2	9	9	0	1102
2275	1126	0	5	9	0	1140
2276	1119	1	2	7	0	1129
2277	13	0	2	1114	0	1129
2278	4	1	1	1132	0	1138
2279	1125	0	2	9	0	1136
2280	1104	1	4	5	0	1114
2281	9	1	1140	2	0	1152
2282	5	5	1087	2	0	1099
2283	1079	1	7	3	0	1090
2284	7	2	1114	2	0	1125
2285	1029	1	4	8	0	1042
2286	5	1	1076	4	0	1086
2287	1	0	3	1043	0	1047
2288	1	0	1109	3	0	1113
2289	2	2	3	1105	0	1112
2290	4	0	0	1143	0	1147
2291	1	1204	0	3	0	1208
2292	1206	3	0	7	0	1216
2293	3	0	1247	0	0	1250
2294	1166	0	4	4	0	1174
2295	4	1247	0	0	0	1251
2296	1309	2	0	5	0	1316
2297	5	0	0	1298	0	1303
2298	4	0	0	1298	0	1302
2299	0	1315	0	7	0	1322
2300	1	4	0	1351	0	1356
2301	5	5	0	1343	0	1353
2302	2	0	1	1364	0	1367
2303	1337	0	1	10	0	1348
2304	1265	1	0	5	0	1271
2305	8	0	1269	2	0	1279
2306	3	1278	7	1	0	1289
2307	2	6	2	1308	0	1318
2308	1	1	1	1376	0	1379
2309	2	1	1396	9	0	1408
2310	5	0	8	1349	0	1362
2311	1367	0	1	15	0	1383
2312	1349	2	1	9	0	1361
2313	1385	0	1	6	0	1392
2314	16	1	1	1392	0	1410
2315	1456	0	0	24	0	1480
2316	1479	1	0	5	0	1485
2317	1513	0	1	10	0	1524
2318	16	0	0	1516	0	1532
2319	5	0	0	1513	0	1518
2320	6	1	0	1503	0	1510
2321	6	0	0	1469	0	1475
2322	8	0	0	1470	0	1478
2323	2	1	1478	15	0	1496
2324	6	0	1462	3	0	1471
2325	4	1449	10	4	0	1467
2326	2	11	4	1489	0	1506
2327	0	3	1	1492	0	1496
2328	3	1	1	1489	0	1494
2329	3	0	1481	15	0	1499
2330	2	0	15	1446	0	1463
2331	0	6	1466	14	0	1486
2332	3	0	11	1455	0	1469
2333	3	1	1514	15	0	1533
2334	2	1488	10	8	0	1508
2335	7	9	8	1459	0	1483
2336	6	1	1450	10	0	1467
2337	1273	2	9	9	0	1293
2338	12	1454	3	5	0	1474
2339	6	9	1	1487	0	1503
2340	4	1483	2	15	0	1504
2341	11	12	2	1474	0	1499
2342	1510	2	2	21	0	1535
2343	15	2	1	1470	0	1488
2344	1	1458	4	16	0	1479
2345	1468	12	2	10	0	1492
2346	17	6	0	1488	0	1511
2347	6	4	1	1505	0	1516
2348	1512	1	4	23	0	1540
2349	18	1	2	1614	0	1635
2350	5	3	1	2034	0	2043
2351	3	1	2114	48	0	2166
2352	1	4	2062	17	0	2084
2353	8	1	57	2032	0	2098
2354	3	0	2071	53	0	2127
2355	3	1	2051	19	0	2074
2356	1927	1	69	14	0	2011
2357	48	1	2065	12	0	2126
2358	16	2053	59	5	0	2133
2359	19	50	25	2040	0	2134
2360	2094	13	12	57	0	2176
2361	2123	6	13	20	0	2162
2362	2107	4	7	17	0	2135
2363	72	2094	6	7	0	2179
2364	34	49	6	2078	0	2167
2365	24	23	5	2142	0	2194
2366	2018	6	12	75	0	2111
2367	2106	5	9	44	0	2164
2368	2106	3	8	23	0	2140
2369	78	7	2107	9	0	2201
2370	33	2067	60	15	0	2175
2371	19	2365	28	19	0	2431
2372	31	75	16	2279	0	2401
2373	26	39	10	2404	0	2479
2374	16	15	2381	102	0	2514
2375	2316	16	77	54	0	2463
2376	2418	8	42	31	0	2499
2377	107	12	22	2376	0	2517
2378	59	17	17	2423	0	2516
2379	40	5	10	2467	0	2522
2380	2400	6	11	118	0	2535
2381	92	7	2343	58	0	2500
2382	58	8	2344	37	0	2447
2383	34	13	101	2316	0	2464
2384	22	17	2351	92	0	2482
2385	2269	13	88	65	0	2435
2386	2334	8	58	42	0	2442
2387	2375	5	34	37	0	2451
2388	124	2234	31	26	0	2415
2389	2268	70	24	21	0	2383
2390	116	32	12	2210	0	2370
2391	66	16	9	2223	0	2314
2392	51	10	9	2269	0	2339
2393	41	11	2131	125	0	2308
2394	44	8	81	2096	0	2229
2395	23	2125	51	103	0	2302
2396	2063	69	33	73	0	2238
2397	76	2138	28	56	0	2298
2398	49	71	2115	40	0	2275
2399	46	2109	92	26	0	2273
2400	2060	85	49	17	0	2211
2401	91	2097	28	25	0	2241
2402	68	91	27	1882	0	2068
2403	37	2081	16	84	0	2218
2404	2057	87	19	58	0	2221
2405	2106	43	28	48	0	2225
2406	1992	36	22	43	0	2093
2407	113	26	2028	33	0	2200
2408	62	26	1980	26	0	2094
2409	59	17	1973	31	0	2080
2410	1954	20	107	20	0	2101
2411	94	25	63	1912	0	2094
2412	64	26	43	1972	0	2105
2413	38	22	1915	104	0	2079
2414	43	23	79	1925	0	2070
2415	1820	26	51	102	0	1999
2416	94	1825	35	65	0	2019
2417	1859	73	30	46	0	2008
2418	105	52	1804	36	0	1997
2419	1859	30	70	48	0	2007
2420	1890	25	56	36	0	2007
2421	1912	23	44	29	0	2008
2422	140	15	1829	18	0	2002
2423	98	18	97	1797	0	2010
2424	66	14	1831	86	0	1997
2425	55	15	90	1838	0	1998
2426	46	13	1833	111	0	2003
2427	53	12	96	1831	0	1992
2428	61	14	62	1864	0	2001
2429	1825	18	39	112	0	1994
2430	1828	22	33	76	0	1959
2431	1877	19	42	55	0	1993
2432	128	10	34	1789	0	1961
2433	92	1651	28	93	0	1864
2434	75	1774	25	63	0	1937
2435	1808	84	28	43	0	1963
2436	104	61	1769	33	0	1967
2437	1783	26	81	53	0	1943
2438	97	30	1764	47	0	1938
2439	1801	27	91	46	0	1965
2440	1669	17	68	51	0	1805
2441	119	17	1793	44	0	1973
2442	1818	21	81	44	0	1964
2443	1852	17	56	33	0	1958
2444	1869	12	35	35	0	1951
2445	140	1777	30	36	0	1983
2446	99	68	30	1786	0	1983
2447	72	51	1773	77	0	1973
2448	62	36	1795	53	0	1946
2449	55	1640	107	25	0	1827
2450	31	1199	58	25	0	1313
2451	49	41	45	1058	0	1193
2452	1065	30	24	35	0	1154
2453	46	1079	16	37	0	1178
2454	50	29	22	1055	0	1156
2455	37	1080	14	38	0	1169
2456	1082	31	14	32	0	1159
2457	56	32	8	1062	0	1158
2458	39	29	1041	31	0	1140
2459	28	1010	29	37	0	1104
2460	25	1044	34	25	0	1128
2461	32	36	32	953	0	1053
2462	24	1049	20	26	0	1119
2463	16	47	29	1009	0	1101
2464	1014	36	9	50	0	1109
2465	1036	22	15	32	0	1105
2466	1068	24	11	26	0	1129
2467	1069	20	12	30	0	1131
2468	57	24	1058	24	0	1163
2469	54	1001	23	22	0	1100
2470	43	996	23	24	0	1086
2471	17	779	8	10	0	814
2472	10	749	5	7	0	771
2473	738	16	8	7	0	769
2474	717	8	3	6	0	734
2475	697	6	2	6	0	711
2476	692	8	1	5	0	706
2477	10	4	690	4	0	708
2478	730	3	3	5	0	741
2479	734	2	3	3	0	742
2480	744	4	0	0	0	748
2481	12	3	4	730	0	749
2482	8	5	4	730	0	747
2483	741	9	1	8	0	759
2484	3	9	2	734	0	748
2485	6	745	1	3	0	755
2486	6	10	2	741	0	759
2487	12	5	0	744	0	761
2488	12	755	0	6	0	773
2489	14	3	1	760	0	778
2490	10	3	4	758	0	775
2491	758	0	4	7	0	769
2492	16	3	730	2	0	751
2493	723	2	4	3	0	732
2494	12	1	735	5	0	753
2495	5	2	703	10	0	720
2496	8	0	712	8	0	728
2497	705	4	6	8	0	723
2498	6	6	728	7	0	747
2499	721	6	4	9	0	740
2500	736	3	2	11	0	752
2501	737	5	2	10	0	754
2502	8	740	3	10	0	761
2503	739	9	3	12	0	763
2504	9	751	2	8	0	770
2505	8	5	6	765	0	784
2506	10	6	4	756	0	776
2507	7	744	6	9	0	766
2508	4	737	11	7	0	759
2509	6	766	9	1	0	782
2510	768	6	8	3	0	785
2511	8	780	5	2	0	795
2512	785	4	6	4	0	799
2513	8	6	771	2	0	787
2514	773	2	6	0	0	781
2515	785	8	4	2	0	799
2516	11	3	772	1	0	787
2517	10	7	4	767	0	788
2518	6	3	777	9	0	795
2519	9	2	4	773	0	788
2520	9	8	3	786	0	806
2521	787	5	2	8	0	802
2522	788	7	2	6	0	803
2523	13	787	2	8	0	810
2524	795	9	0	4	0	808
2525	9	5	800	3	0	817
2526	798	4	7	8	0	817
2527	8	4	815	4	0	831
2528	14	3	835	2	0	854
2529	858	5	12	3	0	878
2530	873	3	1	10	0	887
2531	11	0	904	4	0	919
2532	8	3	9	855	0	875
2533	9	0	2	907	0	918
2534	5	0	896	9	0	910
2535	13	2	4	867	0	886
2536	3	868	7	7	0	885
2537	10	5	2	912	0	929
2538	6	2	7	899	0	914
2539	8	1	870	8	0	887
2540	805	1	10	4	0	820
2541	854	2	9	4	0	869
2542	855	0	4	5	0	864
2543	839	2	3	2	0	846
2544	11	829	6	1	0	847
2545	8	4	4	800	0	816
2546	3	3	788	9	0	803
2547	6	1	780	3	0	790
2548	6	5	8	736	0	755
2549	2	1	769	5	0	777
2550	719	1	5	4	0	729
2551	4	0	3	758	0	765
2552	4	0	1	757	0	762
2553	2	2	1	742	0	747
2554	736	1	0	12	0	749
2555	5	754	1	4	0	764
2556	747	4	1	4	0	756
2557	737	3	2	3	0	745
2558	8	719	2	0	0	729
2559	3	744	0	0	0	747
2560	738	5	3	3	0	749
2561	7	2	1	734	0	744
2562	5	0	0	721	0	726
2563	749	0	0	9	0	758
2564	5	1	739	2	0	747
2565	732	0	6	4	0	742
2566	740	0	2	6	0	748
2567	7	750	1	1	0	759
2568	781	5	1	3	0	790
2569	794	2	1	1	0	798
2570	8	881	0	5	0	894
2571	5	889	1	1	0	896
2572	14	12	3	835	0	864
2573	851	5	1	14	0	871
2574	12	888	1	4	0	905
2575	7	13	0	917	0	937
2576	941	6	0	18	0	965
2577	17	2	931	5	0	955
2578	12	0	15	909	0	936
2579	5	3	925	14	0	947
2580	900	3	17	8	0	928
2581	930	1	3	8	0	942
2582	23	2	917	1	0	943
2583	6	895	17	2	0	920
2584	8	12	6	901	0	927
2585	4	4	909	17	0	934
2586	4	4	18	901	0	927
2587	7	0	6	918	0	931
2588	2	1	908	23	0	934
2589	868	2	18	14	0	902
2590	921	1	6	6	0	934
2591	25	0	909	3	0	937
2592	8	913	18	2	0	941
2593	6	21	6	870	0	903
2594	2	901	6	13	0	922
2595	4	912	0	7	0	923
2596	905	23	4	5	0	937
2597	20	6	2	904	0	932
2598	8	4	2	916	0	930
2599	8	3	908	23	0	942
2600	4	4	904	8	0	920
2601	6	2	25	891	0	924
2602	8	5	9	907	0	929
2603	12	5	894	25	0	936
2604	7	7	907	12	0	933
2605	11	7	28	875	0	921
2606	884	7	11	32	0	934
2607	22	892	7	13	0	934
2608	899	28	6	10	0	943
2609	27	901	6	9	0	943
2610	8	922	4	11	0	945
2611	899	25	8	12	0	944
2612	25	7	903	12	0	947
2613	13	6	30	901	0	950
2614	11	5	13	921	0	950
2615	10	4	9	994	0	1017
2616	5	4	986	34	0	1029
2617	11	8	30	963	0	1012
2618	1000	6	13	39	0	1058
2619	34	2	9	1022	0	1067
2620	18	7	2	1068	0	1095
2621	1056	6	6	42	0	1110
2622	1052	8	7	15	0	1082
2623	37	1048	7	11	0	1103
2624	19	33	1051	14	0	1117
2625	13	12	1053	7	0	1085
2626	8	11	1055	12	0	1086
2627	11	1022	39	12	0	1084
2628	11	30	11	974	0	1026
2629	7	11	10	1026	0	1054
2630	999	5	9	39	0	1052
2631	37	3	11	984	0	1035
2632	12	7	977	41	0	1037
2633	17	4	35	963	0	1019
2634	5	6	12	992	0	1015
2635	10	5	963	41	0	1019
2636	8	959	31	20	0	1018
2637	7	28	16	898	0	949
2638	7	978	13	31	0	1029
2639	7	33	987	13	0	1040
2640	962	11	32	15	0	1020
2641	992	15	11	9	0	1027
2642	1003	8	9	17	0	1037
2643	44	6	8	956	0	1014
2644	12	976	9	40	0	1037
2645	965	31	10	14	0	1020
2646	977	11	10	20	0	1018
2647	985	6	10	14	0	1015
2648	38	1	946	20	0	1005
2649	917	6	31	18	0	972
2650	36	954	16	12	0	1018
2651	930	31	10	12	0	983
2652	38	935	7	15	0	995
2653	944	35	7	10	0	996
2654	44	11	959	7	0	1021
2655	937	11	44	3	0	995
2656	979	4	9	10	0	1002
2657	836	12	14	10	0	872
2658	974	6	6	8	0	994
2659	47	10	935	5	0	997
2660	26	5	28	925	0	984
2661	937	9	10	34	0	990
2662	39	921	12	11	0	983
2663	20	29	8	914	0	971
2664	22	7	899	31	0	959
2665	11	16	28	888	0	943
2666	11	4	892	35	0	942
2667	7	855	38	16	0	916
2668	10	814	12	15	0	851
2669	12	835	12	4	0	863
2670	14	41	5	693	0	753
2671	11	10	4	698	0	723
2672	7	6	687	27	0	727
2673	7	642	23	12	0	684
2674	596	20	8	5	0	629
2675	22	575	4	6	0	607
2676	7	577	1	8	0	593
2677	13	20	6	549	0	588
2678	544	6	4	26	0	580
2679	559	5	8	8	0	580
2680	18	7	4	551	0	580
2681	548	7	3	19	0	577
2682	21	8	2	554	0	585
2683	6	7	540	23	0	576
2684	539	5	15	12	0	571
2685	15	3	8	549	0	575
2686	5	4	535	13	0	557
2687	6	4	522	7	0	539
2688	4	7	13	511	0	535
2689	539	6	4	19	0	568
2690	537	1	3	8	0	549
2691	16	545	1	2	0	564
2692	579	10	3	6	0	598
2693	581	4	1	3	0	589
2694	588	3	1	4	0	596
2695	15	584	1	6	0	606
2696	584	11	3	1	0	599
2697	612	4	0	4	0	620
2698	16	2	1	598	0	617
2699	585	1	1	11	0	598
2700	10	570	2	4	0	586
2701	5	603	3	4	0	615
2702	6	10	1	610	0	627
2703	1	3	1	620	0	625
2704	3	624	1	11	0	639
2705	625	12	1	5	0	643
2706	13	623	0	3	0	639
2707	621	11	1	4	0	637
2708	14	639	0	1	0	654
2709	5	13	2	629	0	649
2710	8	655	0	8	0	671
2711	647	12	4	4	0	667
2712	652	1	3	5	0	661
2713	644	6	1	2	0	653
2714	17	1	613	1	0	632
2715	9	3	544	0	0	556
2716	3	561	7	2	0	573
2717	3	3	555	0	0	561
2718	1	2	528	1	0	532
2719	7	6	4	469	0	486
2720	2	0	483	3	0	488
2721	2	494	3	1	0	500
2722	486	3	2	8	0	499
2723	3	477	3	0	0	483
2724	2	482	0	1	0	485
2725	486	3	1	3	0	493
2726	484	3	0	2	0	489
2727	4	497	0	1	0	502
2728	498	4	1	1	0	504
2729	484	1	0	5	0	490
2730	492	1	0	1	0	494
2731	5	0	478	0	0	483
2732	4	1	450	0	0	455
2733	5	0	4	475	0	484
2734	2	2	2	457	0	463
2735	486	1	1	4	0	492
2736	2	464	0	2	0	468
2737	3	2	0	460	0	465
2738	3	1	0	456	0	460
2739	4	1	0	459	0	464
2740	4	0	0	463	0	467
2741	0	0	465	7	0	472
2742	0	0	468	2	0	470
2743	2	0	5	497	0	504
2744	0	1	512	6	0	519
2745	497	0	7	3	0	507
2746	6	0	2	521	0	529
2747	0	0	526	6	0	532
2748	487	0	5	1	0	493
2749	6	513	0	1	0	520
2750	510	4	0	1	0	515
2751	4	549	0	0	0	553
2752	1	3	0	553	0	557
2753	0	0	552	4	0	556
2754	4	0	5	521	0	530
2755	0	0	527	6	0	533
2756	516	0	6	2	0	524
2757	7	0	0	548	0	555
2758	543	1	0	7	0	551
2759	6	0	551	0	0	557
2760	580	2	5	0	0	587
2761	632	0	0	3	0	635
2762	8	0	658	0	0	666
2763	2	1	5	648	0	656
2764	0	0	670	6	0	676
2765	2	675	6	0	0	683
2766	678	5	1	7	0	691
2767	685	0	2	2	0	689
2768	6	0	690	2	0	698
2769	2	0	685	1	0	688
2770	3	3	5	665	0	676
2771	5	0	2	682	0	689
2772	694	0	0	7	0	701
2773	6	704	3	0	0	713
2774	705	6	3	3	0	717
2775	701	0	0	9	0	710
2776	6	1	696	1	0	704
2777	672	1	8	2	0	683
2778	6	2	704	1	0	713
2779	4	0	5	703	0	712
2780	2	0	736	6	0	744
2781	5	0	8	713	0	726
2782	3	1	730	7	0	741
2783	701	0	9	3	0	713
2784	723	0	0	4	0	727
2785	9	1	4	713	0	727
2786	739	1	1	11	0	752
2787	10	0	5	750	0	765
2788	2	763	4	7	0	776
2789	756	5	2	4	0	767
2790	5	761	4	3	0	773
2791	5	7	2	765	0	779
2792	4	0	3	736	0	743
2793	6	3	1	739	0	749
2794	3	0	4	733	0	740
2795	4	2	735	6	0	747
2796	674	1	5	5	0	685
2797	697	3	1	6	0	707
2798	8	708	2	3	0	721
2799	5	8	2	712	0	727
2800	7	0	2	721	0	730
2801	3	0	706	6	0	715
2802	672	1	7	3	0	683
2803	7	3	4	688	0	702
2804	2	2	687	10	0	701
2805	663	1	7	8	0	679
2806	678	2	4	3	0	687
2807	685	1	5	4	0	695
2808	8	0	663	5	0	676
2809	5	0	649	4	0	658
2810	635	1	9	5	0	650
2811	11	1	0	645	0	657
2812	4	1	1	651	0	657
2813	2	3	670	5	0	680
2814	647	1	7	1	0	656
2815	14	2	1	669	0	686
2816	693	1	3	12	0	709
2817	697	0	5	9	0	711
2818	694	0	3	5	0	702
2819	9	1	723	2	0	735
2820	6	1	7	709	0	723
2821	716	2	4	9	0	731
2822	15	728	2	1	0	746
2823	6	8	2	739	0	755
2824	4	2	4	750	0	760
2825	723	0	1	14	0	738
2826	730	0	4	5	0	739
2827	11	4	2	721	0	738
2828	4	1	714	11	0	730
2829	699	3	8	9	0	719
2830	16	0	721	2	0	739
2831	710	1	9	5	0	725
2832	731	0	6	8	0	745
2833	15	0	735	4	0	754
2834	8	1	12	728	0	749
2835	3	0	749	19	0	771
2836	9	811	14	5	0	839
2837	6	15	5	778	0	804
2838	7	834	3	12	0	856
2839	8	14	5	833	0	860
2840	2	4	846	19	0	871
2841	8	844	15	9	0	876
2842	3	872	7	3	0	885
2843	1	31	1	862	0	895
2844	847	7	3	24	0	881
2845	20	3	3	937	0	963
2846	955	2	2	30	0	989
2847	25	966	2	11	0	1004
2848	1089	23	1	11	0	1124
2849	37	8	1110	5	0	1160
2850	15	6	30	1101	0	1152
2851	18	2	9	1070	0	1099
2852	5	5	1077	35	0	1122
2853	1034	0	32	21	0	1087
2854	1071	2	12	16	0	1101
2855	39	1065	11	7	0	1122
2856	22	35	5	993	0	1055
2857	11	1074	6	29	0	1120
2858	10	35	1067	13	0	1125
2859	9	11	1089	14	0	1123
2860	9	18	39	1016	0	1082
2861	980	3	14	35	0	1032
2862	27	955	17	10	0	1009
2863	963	26	7	16	0	1012
2864	41	11	936	8	0	996
2865	943	12	29	8	0	992
2866	977	5	12	4	0	998
2867	40	6	941	4	0	991
2868	28	7	32	911	0	978
2869	938	3	16	33	0	990
2870	948	8	12	17	0	985
2871	954	2	9	17	0	982
2872	49	7	11	918	0	985
2873	27	3	905	35	0	970
2874	916	1	32	12	0	961
2875	35	7	922	12	0	976
2876	26	3	35	887	0	951
2877	19	3	19	911	0	952
2878	15	920	16	35	0	986
2879	14	27	907	22	0	970
2880	11	868	34	16	0	929
2881	9	907	13	10	0	939
2882	16	39	11	891	0	957
2883	7	19	887	36	0	949
2884	16	8	32	879	0	935
2885	7	8	901	45	0	961
2886	9	2	47	878	0	936
2887	9	5	18	896	0	928
2888	6	8	852	43	0	909
2889	8	7	36	833	0	884
2890	6	5	841	44	0	896
2891	5	10	838	16	0	869
2892	3	818	44	21	0	886
2893	816	31	30	8	0	885
2894	31	15	813	13	0	872
2895	803	12	36	13	0	864
2896	37	5	23	821	0	886
2897	18	3	813	43	0	877
2898	8	805	44	19	0	876
2899	10	30	21	815	0	876
2900	10	12	826	40	0	888
2901	11	13	45	766	0	835
2902	5	821	18	38	0	882
2903	820	32	18	15	0	885
2904	37	13	14	814	0	878
2905	804	15	13	34	0	866
2906	826	8	5	22	0	861
2907	818	5	14	23	0	860
2908	835	7	11	9	0	862
2909	824	7	9	16	0	856
2910	54	773	15	11	0	853
2911	26	34	11	787	0	858
2912	20	18	2	820	0	860
2913	24	11	14	798	0	847
2914	15	6	770	53	0	844
2915	12	771	33	25	0	841
2916	797	32	9	21	0	859
2917	807	12	11	17	0	847
2918	56	783	7	7	0	853
2919	29	801	12	11	0	853
2920	793	42	6	14	0	855
2921	47	21	770	12	0	850
2922	23	26	38	748	0	835
2923	757	10	16	44	0	827
2924	37	3	21	735	0	796
2925	19	733	10	42	0	804
2926	22	38	6	752	0	818
2927	15	12	740	44	0	811
2928	730	18	39	15	0	802
2929	785	11	12	18	0	826
2930	56	7	15	740	0	818
2931	31	5	10	770	0	816
2932	728	10	9	52	0	799
2933	45	705	6	34	0	790
2934	19	25	11	725	0	780
2935	13	13	8	742	0	776
2936	652	10	3	40	0	705
2937	30	645	10	25	0	710
2938	617	32	5	17	0	671
2939	40	611	4	14	0	669
2940	19	628	8	5	0	660
2941	595	29	2	10	0	636
2942	31	587	3	10	0	631
2943	16	27	8	567	0	618
2944	13	7	555	33	0	608
2945	2	6	477	10	0	495
2946	7	0	449	9	0	465
2947	5	426	26	6	0	463
2948	308	12	10	1	0	331
2949	12	3	1	291	0	307
2950	5	2	1	300	0	308
2951	3	0	285	16	0	304
2952	283	1	12	9	0	305
2953	18	1	3	307	0	329
2954	5	2	3	317	0	327
2955	5	1	0	306	0	312
2956	285	1	1	18	0	305
2957	13	1	274	6	0	294
2958	274	1	13	3	0	291
2959	14	1	3	276	0	294
2960	5	1	275	13	0	294
2961	271	0	12	6	0	289
2962	14	2	287	2	0	305
2963	6	1	14	273	0	294
2964	3	3	284	13	0	303
2965	3	0	271	4	0	278
2966	252	2	15	5	0	274
2967	12	0	265	4	0	281
2968	6	1	12	261	0	280
2969	259	0	4	14	0	277
2970	11	3	3	271	0	288
2971	5	2	265	14	0	286
2972	4	1	285	5	0	295
2973	3	283	15	3	0	304
2974	0	11	3	287	0	301
2975	274	4	3	12	0	293
2976	12	277	0	7	0	296
2977	276	12	1	3	0	292
2978	15	4	0	266	0	285
2979	268	3	1	12	0	284
2980	14	255	1	6	0	276
2981	6	8	3	264	0	281
2982	264	5	2	12	0	283
2983	12	262	1	4	0	279
2984	4	11	2	266	0	283
2985	4	5	0	271	0	280
2986	265	2	2	15	0	284
2987	11	1	0	270	0	282
2988	4	0	3	275	0	282
2989	3	1	3	279	0	286
2990	2	2	257	17	0	278
2991	253	0	10	6	0	269
2992	12	2	3	323	0	340
2993	8	1	330	11	0	350
2994	325	1	14	7	0	347
2995	12	0	340	5	0	357
2996	6	0	17	315	0	338
2997	3	338	7	10	0	358
2998	2	8	2	349	0	361
2999	2	5	350	14	0	371
3000	1	3	378	7	0	389
3001	3	1	16	367	0	387
3002	0	0	365	14	0	379
3003	359	0	14	5	0	378
3004	13	1	366	4	0	384
3005	5	0	13	364	0	382
3006	6	0	5	371	0	382
3007	1	1	4	379	0	385
3008	368	1	2	18	0	389
3009	375	0	3	10	0	388
3010	390	1	2	3	0	396
3011	17	1	0	377	0	395
3012	9	0	2	379	0	390
3013	4	1	362	17	0	384
3014	4	0	382	6	0	392
3015	1	365	14	6	0	386
3016	4	10	5	305	0	324
3017	0	2	4	298	0	304
3018	1	297	1	9	0	308
3019	293	7	2	3	0	305
3020	8	293	0	4	0	305
3021	291	11	0	2	0	304
3022	11	2	0	285	0	298
3023	286	2	1	8	0	297
3024	10	1	1	288	0	300
3025	3	0	284	10	0	297
3026	3	0	9	286	0	298
3027	292	0	2	10	0	304
3028	7	0	3	295	0	305
3029	3	0	1	289	0	293
3030	2	1	290	10	0	303
3031	3	0	6	292	0	301
3032	2	0	2	300	0	304
3033	1	293	2	8	0	304
3034	3	6	1	294	0	304
3035	3	2	1	295	0	301
3036	0	2	0	297	0	299
3037	1	287	1	10	0	299
3038	1	5	0	281	0	287
3039	269	2	1	7	0	279
3040	4	267	2	3	0	276
3041	2	254	0	4	0	260
3042	2	258	0	2	0	262
3043	2	11	4	242	0	259
3044	1	247	0	3	0	251
3045	1	258	1	3	0	263
3046	248	2	1	1	0	252
3047	3	3	246	1	0	253
3048	241	1	4	2	0	248
3049	3	1	2	242	0	248
3050	2	1	240	3	0	246
3051	232	0	3	5	0	240
3052	4	0	239	0	0	243
3053	3	0	230	2	0	235
3054	235	1	4	2	0	242
3055	4	0	3	242	0	249
3056	2	0	240	4	0	246
3057	236	0	7	2	0	245
3058	242	0	1	3	0	246
3059	5	0	243	2	0	250
3060	244	0	3	2	0	249
3061	254	0	2	1	0	257
3062	8	1	240	4	0	253
3063	237	0	5	3	0	245
3064	242	0	4	3	0	249
3065	7	1	238	3	0	249
3066	2	0	252	2	0	256
3067	3	1	8	253	0	265
3068	1	2	266	6	0	275
3069	264	0	5	5	0	274
3070	4	1	3	259	0	267
3071	2	3	1	259	0	265
3072	1	1	255	9	0	266
3073	5	2	4	241	0	252
3074	3	1	249	8	0	261
3075	252	2	6	3	0	263
3076	256	1	3	2	0	262
3077	7	1	252	6	0	266
3078	251	1	9	1	0	262
3079	262	1	2	4	0	269
3080	12	1	253	1	0	267
3081	249	0	7	7	0	263
3082	255	0	3	5	0	263
3083	7	1	254	2	0	264
3084	250	1	8	3	0	262
3085	8	0	250	2	0	260
3086	4	2	4	251	0	261
3087	2	2	4	252	0	260
3088	6	0	0	263	0	269
3089	1	1	254	10	0	266
3090	242	4	7	3	0	256
3091	6	1	250	7	0	264
3092	6	180	4	3	0	193
3093	0	177	2	4	0	183
3094	188	5	1	2	0	196
3095	5	1	3	174	0	183
3096	1	179	1	6	0	187
3097	172	4	1	1	0	178
3098	172	0	0	0	0	172
3099	4	168	2	0	0	174
3100	1	4	2	144	0	151
3101	2	149	0	4	0	155
3102	156	3	0	0	0	159
3103	157	1	1	0	0	159
3104	5	0	0	157	0	162
3105	157	1	0	5	0	163
3106	4	1	1	159	0	165
3107	2	0	161	5	0	168
3108	151	0	5	1	0	157
3109	5	1	162	1	0	169
3110	2	0	2	161	0	165
3111	162	0	2	4	0	168
3112	6	0	1	159	0	166
3113	2	0	165	3	0	170
3114	0	0	162	1	0	163
3115	3	0	2	164	0	169
3116	165	1	0	3	0	169
3117	3	169	2	0	0	174
3118	1	2	1	176	0	180
3119	0	1	176	3	0	180
3120	185	0	2	1	0	188
3121	190	1	0	1	0	192
3122	2	1	184	2	0	189
3123	181	0	5	0	0	186
3124	5	1	0	197	0	203
3125	3	0	200	2	0	205
3126	195	1	4	0	0	200
3127	3	0	1	191	0	195
3128	2	0	0	191	0	193
3129	195	0	2	3	0	200
3130	4	180	1	0	0	185
3131	3	189	0	0	0	192
3132	188	2	2	1	0	193
3133	179	0	0	0	0	179
3134	3	0	193	1	0	197
3135	0	2	192	1	0	195
3136	2	1	3	200	0	206
3137	202	0	1	4	0	207
3138	196	0	2	2	0	200
3139	199	1	2	0	0	202
3140	2	199	0	4	0	205
3141	1	208	2	2	0	213
3142	4	2	2	217	0	225
3143	3	0	0	214	0	217
3144	1	1	2	227	0	231
3145	3	1	236	2	0	242
3146	3	0	216	1	0	220
3147	223	0	5	2	0	230
3148	237	0	0	1	0	238
3149	5	0	1	230	0	236
3150	0	0	3	235	0	238
3151	3	0	0	235	0	238
3152	3	0	226	2	0	231
3153	0	2	214	3	0	219
3154	5	1	2	227	0	235
3155	3	0	228	5	0	236
3156	2	217	4	0	0	223
3157	1	230	1	1	0	233
3158	228	3	1	5	0	237
3159	4	224	1	1	0	230
3160	2	2	0	218	0	222
3161	3	1	1	222	0	227
3162	2	225	2	2	0	231
3163	1	5	1	225	0	232
3164	3	0	225	2	0	230
3165	0	217	2	4	0	223
3166	2	2	1	206	0	211
3167	2	0	209	4	0	215
3168	0	190	1	2	0	193
3169	3	0	0	189	0	192
3170	1	202	2	1	0	206
3171	0	0	1	210	0	211
3172	1	0	1	193	0	195
3173	1	198	1	1	0	201
3174	191	2	1	0	0	194
3175	183	1	2	0	0	186
3176	3	185	0	2	0	190
3177	0	193	2	1	0	196
3178	0	0	2	192	0	194
3179	1	1	190	2	0	194
3180	191	1	1	1	0	194
3181	187	1	0	1	0	189
3182	2	0	191	0	0	193
3183	182	1	0	1	0	184
3184	187	2	0	3	0	192
3185	1	0	194	2	0	197
3186	188	1	1	1	0	191
3187	0	1	196	1	0	198
3188	0	194	2	1	0	197
3189	198	0	2	1	0	201
3190	199	1	0	1	0	201
3191	4	1	207	0	0	212
3192	207	1	0	1	0	209
3193	229	2	0	3	0	234
3194	1	1	227	2	0	231
3195	224	2	1	1	0	228
3196	229	0	2	2	0	233
3197	1	0	243	2	0	246
3198	248	0	1	2	0	251
3199	2	2	1	252	0	257
3200	1	1	1	250	0	253
3201	4	0	249	0	0	253
3202	1	2	244	1	0	248
3203	1	1	1	250	0	253
3204	1	0	1	251	0	253
3205	262	1	2	2	0	267
3206	4	1	258	1	0	264
3207	256	1	4	1	0	262
3208	4	1	1	273	0	279
3209	2	0	266	3	0	271
3210	273	1	5	0	0	279
3211	5	0	0	312	0	317
3212	1	2	314	5	0	322
3213	298	0	5	1	0	304
3214	5	0	1	318	0	324
3215	320	1	2	4	0	327
3216	4	0	339	2	0	345
3217	2	5	3	315	0	325
3218	0	355	0	4	0	359
3219	360	4	2	4	0	370
3220	351	0	2	3	0	356
3221	3	360	0	2	0	365
3222	372	5	1	3	0	381
3223	374	0	0	3	0	377
3224	365	1	2	1	0	369
3225	6	369	0	1	0	376
3226	2	3	2	374	0	381
3227	0	1	389	3	0	393
3228	5	4	3	372	0	384
3229	3	1	0	377	0	381
3230	1	0	380	4	0	385
3231	2	1	380	0	0	383
3232	1	0	5	369	0	375
3233	3	395	0	5	0	403
3234	386	3	1	1	0	391
3235	379	1	2	1	0	383
3236	4	373	2	10	0	389
3237	395	4	1	2	0	402
3238	394	1	0	3	0	398
3239	6	1	395	1	0	403
3240	383	1	5	0	0	389
3241	6	418	1	0	0	425
3242	4	3	400	1	0	408
3243	4	1	387	1	0	393
3244	4	400	3	1	0	408
3245	394	5	1	2	0	402
3246	3	2	401	1	0	407
3247	4	0	4	397	0	405
3248	1	2	408	6	0	417
3249	374	0	5	3	0	382
3250	6	0	491	1	0	498
3251	1	1	473	2	0	477
3252	475	1	6	2	0	484
3253	5	499	5	2	0	511
3254	505	4	3	1	0	513
3255	521	2	2	3	0	528
3256	7	2	1	523	0	533
3257	4	563	1	4	0	572
3258	573	3	1	3	0	580
3259	5	3	601	1	0	610
3260	575	1	4	6	0	586
3261	5	601	3	2	0	611
3262	605	3	4	1	0	613
3263	596	2	3	7	0	608
3264	6	610	1	3	0	620
3265	4	4	2	612	0	622
3266	623	1	4	7	0	635
3267	5	624	0	4	0	633
3268	4	7	1	632	0	644
3269	643	1	4	6	0	654
3270	9	1	3	638	0	651
3271	3	4	3	641	0	651
3272	6	645	1	7	0	659
3273	656	5	2	4	0	667
3274	666	2	3	6	0	677
3275	675	3	2	4	0	684
3276	7	707	2	1	0	717
3277	707	4	1	1	0	713
3278	704	2	3	3	0	712
3279	11	2	1	705	0	719
3280	7	4	2	708	0	721
3281	7	3	724	6	0	740
3282	7	0	7	704	0	718
3283	8	3	2	691	0	704
3284	7	3	713	6	0	729
3285	637	3	5	3	0	648
3286	7	2	714	5	0	728
3287	6	3	746	2	0	757
3288	7	0	6	774	0	787
3289	7	0	5	781	0	793
3290	2	792	5	8	0	807
3291	787	7	4	4	0	802
3292	772	3	2	7	0	784
3293	6	758	3	1	0	768
3294	8	795	1	1	0	805
3295	9	6	1	780	0	796
3296	4	824	4	3	0	835
3297	816	6	2	6	0	830
3298	813	2	2	5	0	822
3299	8	6	2	807	0	823
3300	7	2	4	805	0	818
3301	817	2	4	6	0	829
3302	10	2	788	5	0	805
3303	774	6	6	9	0	795
3304	9	2	769	3	0	783
3305	784	1	4	2	0	791
3306	5	1	4	795	0	805
3307	4	2	802	6	0	814
3308	5	2	782	3	0	792
3309	767	7	6	5	0	785
3310	785	1	9	5	0	800
3311	4	794	5	1	0	804
3312	8	4	0	811	0	823
3313	2	1	2	826	0	831
3314	821	2	1	10	0	834
3315	5	825	0	5	0	835
3316	810	5	2	5	0	822
3317	7	795	1	3	0	806
3318	4	790	2	1	0	797
3319	784	6	0	3	0	793
3320	5	5	772	1	0	783
3321	2	5	6	757	0	770
3322	6	2	2	757	0	767
3323	1	2	777	8	0	788
3324	6	1	5	758	0	770
3325	8	1	2	683	0	694
3326	0	757	2	7	0	766
3327	755	6	0	4	0	765
3328	10	2	761	1	0	774
3329	735	2	7	3	0	747
3330	8	755	2	3	0	768
3331	4	4	3	753	0	764
3332	788	1	1	12	0	802
3333	7	2	0	786	0	795
3334	3	0	3	786	0	792
3335	2	2	793	8	0	805
3336	749	1	8	5	0	763
3337	781	1	4	3	0	789
3338	9	2	782	1	0	794
3339	6	4	5	771	0	786
3340	3	1	774	8	0	786
3341	736	0	7	5	0	748
3342	768	0	1	8	0	777
3343	8	1	1	782	0	792
3344	779	2	1	11	0	793
3345	9	0	834	3	0	846
3346	6	0	6	824	0	836
3347	6	2	2	816	0	826
3348	4	2	2	847	0	855
3349	2	0	2	841	0	845
3350	767	1	1	9	0	778
3351	9	0	760	3	0	772
3352	5	0	4	769	0	778
3353	3	0	752	8	0	763
3354	4	0	751	3	0	758
3355	5	0	6	733	0	744
3356	0	0	4	748	0	752
3357	707	0	1	11	0	719
3358	6	1	2	707	0	716
3359	6	1	0	695	0	702
3360	3	0	1	705	0	709
3361	713	0	2	12	0	727
3362	731	1	3	5	0	740
3363	728	0	3	3	0	734
3364	724	0	3	4	0	731
3365	9	761	1	7	0	778
3366	4	7	0	767	0	778
3367	3	4	1	773	0	781
3368	777	2	1	17	0	797
3369	13	833	1	7	0	854
3370	6	16	2	933	0	957
3371	3	4	1032	20	0	1059
3372	1117	2	22	6	0	1147
3373	25	1187	5	4	0	1221
3374	1239	31	3	7	0	1280
3375	1299	5	0	3	0	1307
3376	41	4	1	1272	0	1318
3377	7	1	1295	32	0	1335
3378	11	0	26	1315	0	1352
3379	1340	1	7	33	0	1381
3380	31	1	2	1336	0	1370
3381	1337	1	2	32	0	1372
3382	35	1327	3	6	0	1371
3383	1385	29	1	4	0	1419
3384	35	7	1	1379	0	1422
3385	14	4	2	1486	0	1506
3386	1511	2	1	33	0	1547
3387	1503	3	2	15	0	1523
3388	1483	0	1	12	0	1496
3389	1479	2	2	7	0	1490
3390	1471	2	0	12	0	1485
3391	49	2	4	1427	0	1482
3392	17	4	1416	33	0	1470
3393	9	1428	29	7	0	1473
3394	1396	29	8	9	0	1442
3395	39	8	1374	6	0	1427
3396	1349	4	30	9	0	1392
3397	42	1355	11	5	0	1413
3398	1398	28	2	11	0	1439
3399	52	8	5	1360	0	1425
3400	27	3	1	1403	0	1434
3401	17	3	1399	37	0	1456
3402	15	8	32	1379	0	1434
3403	21	4	1447	35	0	1507
3404	15	6	1446	17	0	1484
3405	1467	3	35	19	0	1524
3406	1517	7	10	13	0	1547
3407	54	9	1473	7	0	1543
3408	1458	3	27	21	0	1509
3409	1517	3	11	18	0	1549
3410	53	3	1478	11	0	1545
3411	22	1485	32	15	0	1554
3412	33	28	13	1556	0	1630
3413	1625	10	7	39	0	1681
3414	1652	12	6	15	0	1685
3415	1661	3	7	15	0	1686
3416	1654	2	12	15	0	1683
3417	1651	10	7	11	0	1679
3418	58	9	1612	7	0	1686
3419	31	5	1662	12	0	1710
3420	35	13	37	1653	0	1738
3421	1687	11	16	44	0	1758
3422	1740	4	9	17	0	1770
3423	1716	5	10	23	0	1754
3424	1655	3	14	17	0	1689
3425	52	1660	10	17	0	1739
3426	39	1764	8	15	0	1826
3427	1788	29	16	20	0	1853
3428	1806	10	11	21	0	1848
3429	49	1776	11	17	0	1853
3430	1834	30	8	11	0	1883
3431	62	12	1816	14	0	1904
3432	43	4	37	1791	0	1875
3433	35	6	1795	34	0	1870
3434	34	12	1762	18	0	1826
3435	37	10	38	1781	0	1866
3436	33	4	18	1839	0	1894
3437	45	3	1846	39	0	1933
3438	32	13	38	1771	0	1854
3439	39	3	15	1839	0	1896
3440	1852	14	16	45	0	1927
3441	1859	6	13	22	0	1900
3442	58	10	22	1832	0	1922
3443	31	13	1843	38	0	1925
3444	29	1823	39	25	0	1916
3445	1826	32	17	21	0	1896
3446	55	14	1877	19	0	1965
3447	34	1838	41	20	0	1933
3448	26	1927	27	15	0	1995
3449	1938	37	14	24	0	2013
3450	1984	11	17	15	0	2027
3451	55	7	21	1933	0	2016
3452	34	10	2037	40	0	2121
3453	38	9	43	2008	0	2098
3454	40	5	21	2037	0	2103
3455	31	5	22	2080	0	2138
3456	2064	7	16	50	0	2137
3457	51	2020	21	15	0	2107
3458	35	2094	10	16	0	2155
3459	36	33	16	2071	0	2156
3460	34	10	12	2130	0	2186
3461	2106	12	10	50	0	2178
3462	2069	8	19	23	0	2119
3463	2087	6	19	26	0	2138
3464	62	2049	10	20	0	2141
3465	2045	26	18	15	0	2104
3466	59	27	15	2012	0	2113
3467	25	12	1999	36	0	2072
3468	26	9	1872	23	0	1930
3469	1853	10	27	22	0	1912
3470	32	5	1774	12	0	1823
3471	21	5	1650	11	0	1687
3472	1487	10	17	4	0	1518
3473	24	6	1503	5	0	1538
3474	14	2	1457	3	0	1476
3475	11	7	9	1368	0	1395
3476	4	3	1465	6	0	1478
3477	9	0	12	1392	0	1413
3478	11	3	4	1381	0	1399
3479	2	2	1461	8	0	1473
3480	3	1447	15	3	0	1468
3481	1477	5	9	13	0	1504
3482	7	3	1526	1	0	1537
3483	5	1	1468	3	0	1477
3484	1274	0	10	18	0	1302
3485	6	1	1420	1	0	1428
3486	2	1359	5	1	0	1367
3487	3	1249	4	1	0	1257
3488	1	5	1	1383	0	1390
3489	3	1	0	1368	0	1372
3490	1407	0	1	11	0	1419
3491	1366	2	0	8	0	1376
3492	1376	0	0	7	0	1383
3493	5	0	1	1390	0	1396
3494	1391	0	0	11	0	1402
3495	1356	0	2	8	0	1366
3496	5	0	1384	0	0	1389
3497	5	1	1315	0	0	1321
3498	0	1379	4	1	0	1384
3499	4	4	1	1391	0	1400
3500	1379	4	0	9	0	1392
3501	5	1363	2	1	0	1371
3502	2	4	1	1380	0	1387
3503	1319	3	0	10	0	1332
3504	1289	0	0	7	0	1296
3505	6	1313	0	3	0	1322
3506	1319	5	0	3	0	1327
3507	1308	1	0	3	0	1312
3508	7	0	0	1295	0	1302
3509	2	1	1316	4	0	1323
3510	2	1254	4	2	0	1262
3511	1	1276	1	2	0	1280
3512	1204	5	1	7	0	1217
3513	5	2	1	1189	0	1197
3514	2	1	1180	4	0	1187
3515	0	1175	6	2	0	1183
3516	1184	5	2	5	0	1196
3517	1180	1	0	9	0	1190
3518	6	1	1189	1	0	1197
3519	4	0	5	1151	0	1160
3520	2	2	1	1212	0	1217
3521	3	0	1327	4	0	1334
3522	1356	0	6	11	0	1373
3523	1740	0	6	7	0	1753
3524	34	0	4	2032	0	2070
3525	12	2067	2	34	0	2115
3526	19	37	2	2197	0	2255
3527	4	24	2152	56	0	2236
3528	2123	17	47	32	0	2219
3529	60	2	28	2241	0	2331
3530	28	6	2216	48	0	2298
3531	2131	8	43	39	0	2221
3532	49	3	34	2174	0	2260
3533	37	4	24	2186	0	2251
3534	2168	2	2	85	0	2257
3535	46	2144	17	52	0	2259
3536	2167	45	9	27	0	2248
3537	80	26	1	2144	0	2251
3538	2150	16	5	64	0	2235
3539	80	2	2116	36	0	2234
3540	39	2155	45	29	0	2268
3541	40	51	27	2182	0	2300
3542	2194	26	22	61	0	2303
3543	62	2208	6	36	0	2312
3544	52	51	12	2222	0	2337
3545	2226	34	13	66	0	2339
3546	2201	25	8	45	0	2279
3547	100	5	8	2158	0	2271
3548	57	16	2124	67	0	2264
3549	31	18	2110	53	0	2212
3550	2074	6	80	46	0	2206
3551	75	2057	48	18	0	2198
3552	51	2065	23	26	0	2165
3553	2017	75	18	31	0	2141
3554	71	2051	25	15	0	2162
3555	61	74	14	2024	0	2173
3556	47	44	13	2094	0	2198
3557	2050	29	12	93	0	2184
3558	2062	20	6	60	0	2148
3559	2070	27	3	42	0	2142
3560	117	21	1986	21	0	2145
3561	76	14	53	2005	0	2148
3562	47	10	1999	78	0	2134
3563	32	8	2013	51	0	2104
3564	31	12	2052	34	0	2129
3565	39	7	109	1975	0	2130
3566	32	12	2038	68	0	2150
3567	19	20	2109	49	0	2197
3568	30	10	105	2069	0	2214
3569	2049	17	69	77	0	2212
3570	78	12	2081	49	0	2220
3571	55	9	77	2034	0	2175
3572	43	13	62	2103	0	2221
3573	21	13	2096	111	0	2241
3574	40	11	71	2100	0	2222
3575	27	21	2104	83	0	2235
3576	33	11	86	2056	0	2186
3577	35	19	41	2081	0	2176
3578	37	13	45	2080	0	2175
3579	28	9	30	2110	0	2177
3580	1964	8	22	135	0	2129
3581	1982	3	34	81	0	2100
3582	102	8	1896	57	0	2063
3583	64	1879	76	42	0	2061
3584	41	51	1957	42	0	2091
3585	28	30	1950	32	0	2040
3586	1856	21	106	34	0	2017
3587	80	1899	73	32	0	2084
3588	1928	62	61	30	0	2081
3589	93	1960	36	32	0	2121
3590	1976	74	50	29	0	2129
3591	2015	43	42	36	0	2136
3592	116	32	30	1925	0	2103
3593	78	1944	26	85	0	2133
3594	62	70	29	1971	0	2132
3595	44	54	14	2039	0	2151
3596	50	25	1979	112	0	2166
3597	39	1950	78	89	0	2156
3598	24	73	54	2020	0	2171
3599	1930	59	48	100	0	2137
3600	2039	20	29	96	0	2184
3601	2052	21	29	64	0	2166
3602	126	2013	33	43	0	2215
3603	2069	79	25	47	0	2220
3604	115	2155	24	39	0	2333
3605	79	95	26	2183	0	2383
3606	70	45	2184	87	0	2386
3607	48	41	81	2124	0	2294
3608	33	2147	52	104	0	2336
3609	55	86	38	2144	0	2323
3610	31	61	19	2193	0	2304
3611	30	2159	31	131	0	2351
3612	2174	87	40	72	0	2373
3613	85	53	16	2182	0	2336
3614	58	49	2116	101	0	2324
3615	51	22	77	2163	0	2313
3616	51	24	42	2222	0	2339
3617	30	34	2156	126	0	2346
3618	45	25	80	2079	0	2229
3619	20	2107	49	136	0	2312
3620	31	82	2122	71	0	2306
3621	57	43	2024	69	0	2193
3622	26	1865	113	43	0	2047
3623	16	1596	57	25	0	1694
3624	13	1302	26	22	0	1363
3625	1165	61	40	15	0	1281
3626	1092	27	14	19	0	1152
3627	1103	13	17	8	0	1141
3628	42	17	5	1077	0	1141
3629	12	19	1047	36	0	1114
3630	12	15	31	1048	0	1106
3631	17	8	16	1066	0	1107
3632	1056	10	11	42	0	1119
3633	1062	5	10	16	0	1093
3634	39	1049	4	18	0	1110
3635	1047	34	10	11	0	1102
3636	1076	15	3	19	0	1113
3637	1085	11	3	18	0	1117
3638	54	9	1034	7	0	1104
3639	27	8	1045	6	0	1086
3640	16	19	32	980	0	1047
3641	16	5	986	37	0	1044
3642	961	5	30	18	0	1014
3643	974	2	9	13	0	998
3644	31	7	926	9	0	973
3645	884	3	32	14	0	933
3646	31	891	10	12	0	944
3647	906	20	12	8	0	946
3648	32	9	7	886	0	934
3649	19	8	8	872	0	907
3650	10	886	13	29	0	938
3651	883	25	7	15	0	930
3652	896	16	7	7	0	926
3653	36	883	3	9	0	931
3654	17	26	5	860	0	908
3655	13	8	8	868	0	897
3656	11	860	9	27	0	907
3657	21	25	4	859	0	909
3658	20	13	5	887	0	925
3659	849	16	5	38	0	908
3660	857	7	7	26	0	897
3661	37	10	835	19	0	901
3662	840	12	24	10	0	886
3663	32	6	830	20	0	888
3664	16	7	26	826	0	875
3665	19	8	824	33	0	884
3666	20	816	25	16	0	877
3667	17	25	13	754	0	809
3668	16	9	8	779	0	812
3669	764	10	13	32	0	819
3670	29	7	4	752	0	792
3671	14	10	722	29	0	775
3672	725	12	21	17	0	775
3673	740	4	16	18	0	778
3674	755	6	7	20	0	788
3675	763	5	9	12	0	789
3676	42	6	9	789	0	846
3677	27	4	12	830	0	873
3678	24	8	6	885	0	923
3679	17	5	11	897	0	930
3680	864	5	5	44	0	918
3681	876	7	5	24	0	912
3682	42	4	7	825	0	878
3683	27	822	6	39	0	894
3684	848	25	3	30	0	906
3685	40	12	833	21	0	906
3686	30	837	22	12	0	901
3687	807	22	11	15	0	855
3688	26	800	8	12	0	846
3689	22	19	771	13	0	825
3690	775	14	22	10	0	821
3691	801	9	12	7	0	829
3692	38	4	788	11	0	841
3693	25	5	21	801	0	852
3694	25	3	14	805	0	847
3695	14	800	10	34	0	858
3696	14	22	6	807	0	849
3697	789	11	8	32	0	840
3698	26	796	5	22	0	849
3699	21	18	2	761	0	802
3700	14	17	7	764	0	802
3701	13	12	727	30	0	782
3702	14	746	20	16	0	796
3703	673	19	12	10	0	714
3704	20	570	5	6	0	601
3705	12	551	14	8	0	585
3706	544	20	4	5	0	573
3707	18	11	7	537	0	573
3708	15	4	1	543	0	563
3709	537	5	4	21	0	567
3710	18	8	2	533	0	561
3711	13	1	1	549	0	564
3712	559	6	1	26	0	592
3713	17	2	1	557	0	577
3714	10	540	1	25	0	576
3715	550	11	2	14	0	577
3716	15	9	519	9	0	552
3717	10	492	10	8	0	520
3718	7	20	6	472	0	505
3719	6	13	463	8	0	490
3720	5	5	467	8	0	485
3721	4	11	13	419	0	447
3722	419	3	14	10	0	446
3723	7	1	2	424	0	434
3724	8	1	2	409	0	420
3725	4	1	4	417	0	426
3726	3	2	1	417	0	423
3727	7	1	1	418	0	427
3728	3	3	383	18	0	407
3729	2	3	386	13	0	404
3730	5	0	12	403	0	420
3731	3	1	407	9	0	420
3732	2	397	7	11	0	417
3733	6	6	8	402	0	422
3734	2	7	402	8	0	419
3735	368	1	8	12	0	389
3736	8	387	8	7	0	410
3737	9	377	3	4	0	393
3738	3	406	2	4	0	415
3739	2	11	4	387	0	404
3740	393	8	3	9	0	413
3741	8	8	1	392	0	409
3742	387	3	4	9	0	403
3743	8	374	3	19	0	404
3744	397	9	1	10	0	417
3745	9	7	2	393	0	411
3746	8	4	1	390	0	403
3747	6	383	2	12	0	403
3748	1	9	1	398	0	409
3749	6	8	1	394	0	409
3750	2	3	1	403	0	409
3751	386	2	1	20	0	409
3752	367	4	1	12	0	384
3753	13	1	379	7	0	400
3754	386	3	4	9	0	402
3755	9	2	388	6	0	405
3756	12	2	7	387	0	408
3757	5	3	5	392	0	405
3758	5	2	6	402	0	415
3759	4	0	391	18	0	413
3760	1	4	8	401	0	414
3761	2	3	406	12	0	423
3762	3	3	7	409	0	422
3763	406	2	7	14	0	429
3764	7	4	411	9	0	431
3765	418	1	6	7	0	432
3766	11	2	11	409	0	433
3767	415	4	3	13	0	435
3768	14	416	1	9	0	440
3769	8	4	3	425	0	440
3770	6	6	426	10	0	448
3771	4	3	5	428	0	440
3772	4	9	7	403	0	423
3773	1	409	3	17	0	430
3774	5	6	394	8	0	413
3775	3	398	7	4	0	412
3776	337	5	4	6	0	352
3777	5	321	5	5	0	336
3778	274	3	3	4	0	284
3779	274	3	3	1	0	281
3780	273	0	1	7	0	281
3781	8	0	3	275	0	286
3782	3	1	276	7	0	287
3783	0	0	7	273	0	280
3784	3	278	2	7	0	290
3785	0	4	3	279	0	286
3786	276	1	0	11	0	288
3787	6	267	3	4	0	280
3788	1	5	4	264	0	274
3789	3	3	3	267	0	276
3790	270	0	2	10	0	282
3791	9	3	282	1	0	295
3792	4	251	5	8	0	268
3793	7	3	3	242	0	255
3794	4	0	238	3	0	245
3795	3	0	5	221	0	229
3796	4	226	0	4	0	234
3797	6	2	4	235	0	247
3798	2	2	2	235	0	241
3799	0	3	0	231	0	234
3800	1	0	230	9	0	240
3801	223	2	5	4	0	234
3802	5	0	2	247	0	254
3803	284	2	6	2	0	294
3804	286	2	0	5	0	293
3805	296	2	1	3	0	302
3806	294	0	7	2	0	303
3807	301	1	0	3	0	305
3808	4	3	1	303	0	311
3809	5	293	0	7	0	305
3810	2	6	1	296	0	305
3811	0	288	1	10	0	299
3812	0	3	5	270	0	278
3813	268	0	0	10	0	278
3814	4	0	0	272	0	276
3815	2	5	263	2	0	272
3816	257	1	6	1	0	265
3817	4	274	0	2	0	280
3818	276	2	1	3	0	282
3819	274	4	1	1	0	280
3820	260	2	0	1	0	263
3821	6	282	0	2	0	290
3822	4	2	1	277	0	284
3823	0	2	0	286	0	288
3824	0	1	283	4	0	288
3825	5	0	2	273	0	280
3826	1	4	0	271	0	276
3827	3	0	2	279	0	284
3828	7	279	1	2	0	289
3829	277	7	0	1	0	285
3830	263	1	0	5	0	269
3831	7	1	266	4	0	278
3832	7	271	2	0	0	280
3833	3	5	4	277	0	289
3834	2	4	0	276	0	282
3835	2	1	1	285	0	289
3836	1	0	5	278	0	284
3837	1	3	1	290	0	295
3838	1	4	272	8	0	285
3839	2	1	276	6	0	285
3840	293	3	2	7	0	305
3841	304	1	1	5	0	311
3842	308	0	5	4	0	317
3843	9	0	4	311	0	324
3844	3	3	303	7	0	316
3845	301	3	2	3	0	309
3846	312	1	0	5	0	318
3847	8	1	301	3	0	313
3848	295	0	3	4	0	302
3849	8	2	321	4	0	335
3850	3	1	5	327	0	336
3851	0	1	328	5	0	334
3852	321	2	4	2	0	329
3853	334	0	2	3	0	339
3854	339	2	1	2	0	344
3855	333	1	0	7	0	341
3856	4	1	355	2	0	362
3857	3	354	2	3	0	362
3858	362	2	2	2	0	368
3859	365	0	2	1	0	368
3860	6	1	360	1	0	368
3861	4	0	4	343	0	351
3862	5	1	0	354	0	360
3863	3	1	340	3	0	347
3864	327	2	2	0	0	331
3865	353	0	0	3	0	356
3866	7	348	2	2	0	359
3867	374	4	1	4	0	383
3868	366	1	3	7	0	377
3869	368	4	0	2	0	374
3870	373	1	1	3	0	378
3871	7	2	367	2	0	378
3872	351	0	5	1	0	357
3873	8	0	1	364	0	373
3874	3	367	2	5	0	377
3875	1	5	368	2	0	376
3876	3	365	4	3	0	375
3877	4	4	0	361	0	369
3878	4	0	365	3	0	372
3879	344	1	4	1	0	350
3880	3	0	359	3	0	365
3881	356	0	4	1	0	361
3882	2	0	3	356	0	361
3883	4	0	1	362	0	367
3884	3	352	0	4	0	359
3885	2	353	0	4	0	359
3886	3	5	0	366	0	374
3887	372	0	1	5	0	378
3888	369	0	1	0	0	370
3889	368	1	1	1	0	371
3890	5	0	359	0	0	364
3891	334	0	4	0	0	338
3892	4	0	357	1	0	362
3893	0	1	330	1	0	332
3894	339	0	5	1	0	345
3895	353	0	1	2	0	356
3896	6	0	345	1	0	352
3897	2	0	5	321	0	328
3898	1	1	0	348	0	350
3899	348	0	1	5	0	354
3900	345	0	0	0	0	345
3901	5	0	391	1	0	397
3902	2	394	4	1	0	401
3903	0	353	1	0	0	354
3904	349	4	6	0	0	359
3905	3	0	0	349	0	352
3906	3	1	0	347	0	351
3907	1	0	1	351	0	353
3908	344	1	0	4	0	349
3909	5	0	1	354	0	360
3910	362	0	1	7	0	370
3911	379	0	1	2	0	382
3912	6	410	2	0	0	418
3913	3	5	1	449	0	458
3914	2	1	452	7	0	462
3915	437	2	7	5	0	451
3916	460	2	1	5	0	468
3917	452	1	2	6	0	461
3918	10	0	479	3	0	492
3919	8	0	6	476	0	490
3920	492	0	2	7	0	501
3921	464	0	3	3	0	470
3922	472	1	4	2	0	479
3923	11	457	1	4	0	473
3924	7	494	2	1	0	504
3925	5	8	2	500	0	515
3926	5	4	1	496	0	506
3927	4	494	0	6	0	504
3928	501	7	2	6	0	516
3929	9	2	510	7	0	528
3930	4	1	7	512	0	524
3931	5	4	3	511	0	523
3932	8	0	504	8	0	520
3933	480	1	10	3	0	494
3934	514	2	2	8	0	526
3935	10	499	3	3	0	515
3936	508	6	4	1	0	519
3937	14	3	519	3	0	539
3938	543	2	6	4	0	555
3939	9	5	545	1	0	560
3940	531	0	10	1	0	542
3941	554	1	6	2	0	563
3942	566	2	1	3	0	572
3943	554	0	5	1	0	560
3944	13	540	2	0	0	555
3945	564	6	0	3	0	573
3946	575	3	5	2	0	585
3947	14	2	567	1	0	584
3948	572	4	6	1	0	583
3949	15	0	3	573	0	591
3950	7	0	577	6	0	590
3951	578	1	9	4	0	592
3952	11	1	2	595	0	609
3953	603	1	2	8	0	614
3954	648	0	4	8	0	660
3955	15	0	694	2	0	711
3956	684	3	6	6	0	699
3957	707	0	3	2	0	712
3958	703	0	4	3	0	710
3959	724	1	5	2	0	732
3960	18	1	1	704	0	724
3961	9	698	4	7	0	718
3962	679	8	3	6	0	696
3963	731	2	1	4	0	738
3964	728	3	0	5	0	736
3965	16	4	703	0	0	723
3966	11	708	10	2	0	731
3967	9	6	3	697	0	715
3968	6	3	4	717	0	730
3969	5	0	730	8	0	743
3970	7	4	9	722	0	742
3971	5	3	736	12	0	756
3972	3	2	11	730	0	746
3973	3	4	7	749	0	763
3974	3	1	777	15	0	796
3975	754	0	10	13	0	777
3976	779	0	11	13	0	803
3977	15	0	811	6	0	832
3978	797	1	11	3	0	812
3979	814	0	6	4	0	824
3980	19	0	845	3	0	867
3981	9	2	13	824	0	848
3982	10	2	4	841	0	857
3983	853	0	4	13	0	870
3984	8	885	6	6	0	905
3985	840	5	2	7	0	854
3986	875	5	3	4	0	887
3987	15	905	4	6	0	930
3988	918	8	0	4	0	930
3989	915	5	1	5	0	926
3990	21	928	1	0	0	950
3991	12	12	0	938	0	962
3992	7	936	4	8	0	955
3993	9	11	0	955	0	975
3994	2	10	943	13	0	968
3995	5	4	915	10	0	934
3996	890	4	15	10	0	919
3997	941	2	9	9	0	961
3998	18	1	948	1	0	968
3999	938	2	12	3	0	955
4000	963	1	7	7	0	978
4001	909	1	4	4	0	918
4002	17	916	8	3	0	944
4003	14	10	3	938	0	965
4004	951	5	1	11	0	968
4005	936	3	2	13	0	954
4006	20	3	956	2	0	981
4007	12	0	7	942	0	961
4008	13	2	6	946	0	967
4009	5	939	4	12	0	960
4010	2	966	2	12	0	982
4011	6	20	1	930	0	957
4012	3	942	1	9	0	955
4013	898	8	2	9	0	917
4014	9	919	2	2	0	932
4015	943	9	2	4	0	958
4016	15	6	942	0	0	963
4017	945	1	12	3	0	961
4018	997	0	8	6	0	1011
4019	1013	2	1	3	0	1019
4020	991	0	0	3	0	994
4021	20	968	1	0	0	989
4022	13	11	0	977	0	1001
4023	4	5	1	972	0	982
4024	7	0	956	18	0	981
4025	1	0	12	945	0	958
4026	4	0	7	970	0	981
4027	984	0	0	22	0	1006
4028	14	991	0	6	0	1011
4029	9	13	0	1015	0	1037
4030	3	8	0	1024	0	1035
4031	3	0	2	1029	0	1034
4032	1016	2	1	25	0	1044
4033	15	2	2	1026	0	1045
4034	1036	1	1	20	0	1058
4035	16	0	2	1039	0	1057
4036	10	0	2	1043	0	1055
4037	3	1	995	22	0	1021
4038	914	0	14	14	0	942
4039	18	982	8	1	0	1009
4040	1002	15	1	6	0	1024
4041	18	7	1	1001	0	1027
4042	10	0	2	1008	0	1020
4043	1004	1	1	28	0	1034
4044	1024	1	2	9	0	1036
4045	28	1	0	1058	0	1087
4046	8	1	1063	20	0	1092
4047	6	0	1079	10	0	1095
4048	2	1164	25	5	0	1196
4049	1181	23	12	5	0	1221
4050	1184	12	1	6	0	1203
4051	33	6	2	1167	0	1208
4052	13	1195	2	26	0	1236
4053	7	26	1	1204	0	1238
4054	8	9	1	1154	0	1172
4055	2	1092	3	35	0	1132
4056	1108	25	3	17	0	1153
4057	29	10	2	1125	0	1166
4058	13	1165	3	25	0	1206
4059	7	1221	2	10	0	1240
4060	1213	28	2	6	0	1249
4061	27	13	1201	3	0	1244
4062	1206	7	22	6	0	1241
4063	29	4	8	1223	0	1264
4064	18	4	5	1226	0	1253
4065	8	1239	3	35	0	1285
4066	11	26	3	1242	0	1282
4067	9	12	1249	31	0	1301
4068	9	1218	24	12	0	1263
4069	6	1268	9	6	0	1289
4070	1240	33	4	12	0	1289
4071	30	1265	3	8	0	1306
4072	14	31	5	1260	0	1310
4073	9	1274	3	33	0	1319
4074	12	31	1	1251	0	1295
4075	10	11	1	1276	0	1298
4076	5	8	1234	43	0	1290
4077	9	5	28	1195	0	1237
4078	4	3	13	1256	0	1276
4079	1220	2	8	45	0	1275
4080	34	7	1205	18	0	1264
4081	14	4	32	1227	0	1277
4082	19	6	1223	34	0	1282
4083	1212	6	26	28	0	1272
4084	35	1213	12	18	0	1278
4085	1272	33	10	14	0	1329
4086	39	13	2	1328	0	1382
4087	18	12	4	1341	0	1375
4088	17	6	1313	50	0	1386
4089	1213	6	32	31	0	1282
4090	38	1311	13	24	0	1386
4091	1325	34	9	11	0	1379
4092	43	12	7	1365	0	1427
4093	20	1399	5	38	0	1462
4094	1408	32	7	28	0	1475
4095	41	1448	3	26	0	1518
4096	19	37	5	1464	0	1525
4097	19	17	5	1479	0	1520
4098	16	11	2	1468	0	1497
4099	7	1425	4	55	0	1491
4100	11	38	4	1458	0	1511
4101	12	14	3	1489	0	1518
4102	1435	10	10	47	0	1502
4103	1440	13	2	23	0	1478
4104	1448	11	0	24	0	1483
4105	54	11	1434	14	0	1513
4106	1440	7	33	14	0	1494
4107	1482	13	13	17	0	1525
4108	1459	8	8	16	0	1491
4109	51	10	1399	16	0	1476
4110	1411	5	30	17	0	1463
4111	42	9	12	1441	0	1504
4112	19	4	1432	42	0	1497
4113	10	1437	30	27	0	1504
4114	11	44	13	1420	0	1488
4115	11	1417	12	31	0	1471
4116	8	1450	5	15	0	1478
4117	1387	38	14	9	0	1448
4118	38	18	1	1371	0	1428
4119	1390	7	2	33	0	1432
4120	36	4	7	1378	0	1425
4121	1386	2	5	35	0	1428
4122	32	5	3	1391	0	1431
4123	1391	2	5	39	0	1437
4124	34	6	1331	15	0	1386
4125	21	8	24	1354	0	1407
4126	11	4	1352	31	0	1398
4127	9	10	1252	18	0	1289
4128	4	9	1331	13	0	1357
4129	7	5	35	1299	0	1346
4130	5	9	1318	31	0	1363
4131	1295	6	25	19	0	1345
4132	29	5	13	1334	0	1381
4133	15	7	1440	34	0	1496
4134	11	4	23	1437	0	1475
4135	16	1	10	1456	0	1483
4136	9	2	1520	38	0	1569
4137	12	2	27	1515	0	1556
4138	9	2	16	1523	0	1550
4139	5	1554	12	40	0	1611
4140	1569	25	8	19	0	1621
4141	1574	11	8	15	0	1608
4142	40	3	1530	9	0	1582
4143	1494	2	24	15	0	1535
4144	32	3	1514	8	0	1557
4145	16	2	1446	2	0	1466
4146	12	1	1443	10	0	1466
4147	6	15	35	1375	0	1431
4148	5	3	1418	14	0	1440
4149	8	4	10	1372	0	1394
4150	8	1	10	1364	0	1383
4151	5	2	4	1375	0	1386
4152	6	0	1	1380	0	1387
4153	1360	5	5	25	0	1395
4154	1360	3	5	15	0	1383
4155	25	1365	3	3	0	1396
4156	13	13	4	1388	0	1418
4157	7	7	1391	20	0	1425
4158	3	1393	19	12	0	1427
4159	4	13	11	1463	0	1491
4160	1	10	1473	23	0	1507
4161	4	1	20	1423	0	1448
4162	1	0	1466	25	0	1492
4163	4	3	1404	15	0	1426
4164	4	4	27	1436	0	1471
4165	9	0	11	1431	0	1451
4166	1442	3	6	32	0	1483
4167	23	2	5	1435	0	1465
4168	1431	0	4	31	0	1466
4169	20	1369	5	11	0	1405
4170	6	1396	6	8	0	1416
4171	4	19	4	1396	0	1423
4172	1383	6	2	31	0	1422
4173	17	1383	4	13	0	1417
4174	8	20	4	1421	0	1453
4175	1428	7	1	26	0	1462
4176	1430	2	3	15	0	1450
4177	1432	6	2	10	0	1450
4178	1420	3	1	19	0	1443
4179	1446	2	3	11	0	1462
4180	27	3	1394	5	0	1429
4181	16	5	1362	3	0	1386
4182	8	1383	23	3	0	1417
4183	10	19	4	1366	0	1399
4184	6	5	1413	16	0	1440
4185	9	10	1365	6	0	1390
4186	7	1	21	1361	0	1390
4187	4	4	1452	17	0	1477
4188	2	6	1413	5	0	1426
4189	1	1941	22	6	0	1970
4190	1948	35	12	11	0	2006
4191	32	2166	4	3	0	2205
4192	18	37	6	2194	0	2255
4193	2235	6	4	50	0	2295
4194	45	2258	5	12	0	2320
4195	20	44	5	2217	0	2286
4196	10	20	2241	37	0	2308
4197	2236	10	49	22	0	2317
4198	2302	10	10	16	0	2338
4199	2329	5	7	19	0	2360
4200	67	6	4	2285	0	2362
4201	14	11	2287	52	0	2364
4202	9	2268	56	16	0	2349
4203	21	44	18	2301	0	2384
4204	2315	9	6	54	0	2384
4205	61	10	2267	15	0	2353
4206	21	2184	52	17	0	2274
4207	14	45	2278	11	0	2348
4208	2193	23	56	21	0	2293
4209	2327	13	15	22	0	2377
4210	2324	5	19	19	0	2367
4211	77	7	2244	8	0	2336
4212	25	2206	60	5	0	2296
4213	27	47	17	2195	0	2286
4214	25	13	22	2244	0	2304
4215	31	10	12	2252	0	2305
4216	23	14	2205	58	0	2300
4217	2144	6	49	34	0	2233
4218	58	11	2240	14	0	2323
4219	2233	14	58	24	0	2329
4220	2289	16	16	22	0	2343
4221	2286	5	17	31	0	2339
4222	2265	3	15	24	0	2307
4223	78	8	2222	5	0	2313
4224	49	8	54	2221	0	2332
4225	28	17	2220	50	0	2315
4226	31	2147	52	18	0	2248
4227	31	2240	16	22	0	2309
4228	2229	62	10	26	0	2327
4229	2217	18	20	29	0	2284
4230	66	2260	30	18	0	2374
4231	2280	58	19	22	0	2379
4232	66	25	2009	21	0	2121
4233	2119	23	45	19	0	2206
4234	88	2173	15	15	0	2291
4235	2229	60	15	14	0	2318
4236	2172	23	15	17	0	2227
4237	85	21	23	2082	0	2211
4238	52	14	15	2137	0	2218
4239	2112	15	24	66	0	2217
4240	78	26	16	2103	0	2223
4241	2107	29	10	75	0	2221
4242	98	11	20	2111	0	2240
4243	2110	14	9	71	0	2204
4244	2076	15	21	41	0	2153
4245	91	1985	23	24	0	2123
4246	63	2090	27	16	0	2196
4247	2036	70	14	30	0	2150
4248	82	2047	23	18	0	2170
4249	55	66	17	2010	0	2148
4250	56	23	16	2059	0	2154
4251	1983	28	23	81	0	2115
4252	71	1987	21	40	0	2119
4253	44	1956	21	23	0	2044
4254	46	2006	18	32	0	2102
4255	29	75	1989	31	0	2124
4256	39	34	1960	38	0	2071
4257	69	16	1978	25	0	2088
4258	64	47	66	1690	0	1867
4259	35	1846	23	53	0	1957
4260	1824	75	25	22	0	1946
4261	81	39	1796	20	0	1936
4262	39	22	1815	24	0	1900
4263	42	12	1865	30	0	1949
4264	40	17	69	1855	0	1981
4265	48	20	33	1872	0	1973
4266	41	35	19	1891	0	1986
4267	1875	24	27	66	0	1992
4268	1876	24	27	24	0	1951
4269	1893	18	32	21	0	1964
4270	92	10	33	1847	0	1982
4271	37	24	1822	58	0	1941
4272	25	16	1863	46	0	1950
4273	41	17	58	1866	0	1982
4274	49	13	28	1873	0	1963
4275	1856	23	23	61	0	1963
4276	77	1823	23	26	0	1949
4277	1836	41	24	34	0	1935
4278	66	1792	27	31	0	1916
4279	42	51	14	1820	0	1927
4280	38	19	1807	66	0	1930
4281	47	14	42	1812	0	1915
4282	1847	16	20	59	0	1942
4283	70	24	1806	30	0	1930
4284	1753	8	48	35	0	1844
4285	75	17	1757	12	0	1861
4286	45	13	1694	27	0	1779
4287	1605	14	53	31	0	1703
4288	73	8	1633	24	0	1738
4289	18	9	1080	8	0	1115
4290	19	1050	38	14	0	1121
4291	790	20	41	18	0	869
4292	708	2	13	1	0	724
4293	700	2	4	3	0	709
4294	8	2	669	1	0	680
4295	647	3	5	2	0	657
4296	9	666	1	2	0	678
4297	649	6	1	6	0	662
4298	7	2	645	4	0	658
4299	5	1	5	623	0	634
4300	3	1	636	6	0	646
4301	2	650	4	1	0	657
4302	1	4	0	612	0	617
4303	2	1	2	621	0	626
4304	640	0	0	9	0	649
4305	636	1	1	3	0	641
4306	625	2	0	5	0	632
4307	638	0	0	5	0	643
4308	633	1	0	2	0	636
4309	10	0	635	1	0	646
4310	3	0	6	629	0	638
4311	2	0	660	7	0	669
4312	1	0	8	651	0	660
4313	654	1	1	8	0	664
4314	664	0	2	2	0	668
4315	657	0	1	5	0	663
4316	662	0	2	3	0	667
4317	9	0	700	1	0	710
4318	3	0	7	675	0	685
4319	2	1	698	7	0	708
4320	2	689	7	3	0	701
4321	1	694	2	1	0	698
4322	1	20	4	680	0	705
4323	3	4	1	762	0	770
4324	1	2	1	765	0	769
4325	3	1	0	799	0	803
4326	794	1	0	16	0	811
4327	11	791	0	5	0	807
4328	781	10	0	4	0	795
4329	15	4	0	770	0	789
4330	5	1	0	759	0	765
4331	3	771	2	12	0	788
4332	1	12	2	769	0	784
4333	777	3	1	14	0	795
4334	10	738	1	7	0	756
4335	3	735	0	5	0	743
4336	730	16	0	3	0	749
4337	13	5	0	734	0	752
4338	5	733	0	11	0	749
4339	4	13	0	735	0	752
4340	738	3	0	16	0	757
4341	15	2	1	725	0	743
4342	5	0	0	733	0	738
4343	726	1	0	17	0	744
4344	15	0	0	725	0	740
4345	4	734	0	14	0	752
4346	3	12	0	726	0	741
4347	1	727	0	15	0	743
4348	3	14	0	734	0	751
4349	730	2	0	19	0	751
4350	731	3	1	7	0	742
4351	14	1	0	740	0	755
4352	5	2	738	12	0	757
4353	697	0	14	8	0	719
4354	14	0	712	4	0	730
4355	697	0	15	5	0	717
4356	719	0	3	2	0	724
4357	15	1	687	0	0	703
4358	6	682	12	0	0	700
4359	677	12	3	7	0	699
4360	684	2	2	2	0	690
4361	17	4	718	2	0	741
4362	713	1	14	12	0	740
4363	706	1	2	3	0	712
4364	699	2	3	1	0	705
4365	21	1	0	687	0	709
4366	6	1	2	699	0	708
4367	6	696	0	14	0	716
4368	1	12	2	716	0	731
4369	2	4	0	728	0	734
4370	3	3	701	16	0	723
4371	2	1	662	9	0	674
4372	622	1	14	7	0	644
4373	655	0	5	2	0	662
4374	16	644	5	1	0	666
4375	8	12	1	659	0	680
4376	5	3	698	12	0	718
4377	6	4	11	689	0	710
4378	4	1	4	699	0	708
4379	4	2	4	734	0	744
4380	2	732	2	21	0	757
4381	4	13	1	736	0	754
4382	2	3	2	746	0	753
4383	1	3	742	19	0	765
4384	3	1	744	9	0	757
4385	698	1	20	4	0	723
4386	740	1	6	3	0	750
4387	21	1	4	791	0	817
4388	10	1	2	777	0	790
4389	7	1	0	798	0	806
4390	3	2	767	24	0	796
4391	4	774	18	8	0	804
4392	1	16	774	6	0	797
4393	758	4	18	5	0	785
4394	21	5	776	3	0	805
4395	766	2	20	4	0	792
4396	769	1	4	5	0	779
4397	785	4	4	7	0	800
4398	26	2	1	777	0	806
4399	10	0	779	19	0	808
4400	5	763	16	9	0	793
4401	4	17	6	755	0	782
4402	6	3	2	797	0	808
4403	5	2	793	21	0	821
4404	1	790	16	9	0	816
4405	834	17	5	9	0	865
4406	19	865	4	4	0	892
4407	939	18	3	5	0	965
4408	21	6	3	946	0	976
4409	9	6	978	18	0	1011
4410	7	984	20	8	0	1019
4411	984	21	7	8	0	1020
4412	22	4	1010	8	0	1044
4413	1005	3	29	5	0	1042
4414	1021	6	8	9	0	1044
4415	32	4	1016	1	0	1053
4416	991	2	26	8	0	1027
4417	980	1	11	6	0	998
4418	965	5	8	6	0	984
4419	35	936	7	4	0	982
4420	925	23	4	5	0	957
4421	31	934	7	4	0	976
4422	15	25	937	3	0	980
4423	12	902	25	4	0	943
4424	881	24	5	5	0	915
4425	900	9	7	7	0	923
4426	916	5	7	5	0	933
4427	34	10	5	879	0	928
4428	20	3	4	901	0	928
4429	878	6	2	25	0	911
4430	908	2	8	6	0	924
4431	30	4	2	882	0	918
4432	18	1	875	23	0	917
4433	12	833	19	7	0	871
4434	13	875	7	8	0	903
4435	7	22	5	868	0	902
4436	9	8	875	17	0	909
4437	8	15	19	821	0	863
4438	8	861	9	19	0	897
4439	9	22	7	862	0	900
4440	13	4	861	17	0	895
4441	12	4	17	866	0	899
4442	7	6	922	23	0	958
4443	10	2	20	916	0	948
4444	10	5	935	21	0	971
4445	8	2	915	11	0	936
4446	899	4	28	5	0	936
4447	925	2	9	12	0	948
4448	930	8	13	4	0	955
4449	29	918	6	8	0	961
4450	15	20	9	935	0	979
4451	913	6	4	26	0	949
4452	964	8	6	6	0	984
4453	958	9	3	11	0	981
4454	27	6	937	9	0	979
4455	14	891	22	11	0	938
4456	14	940	8	7	0	969
4457	938	26	10	6	0	980
4458	27	9	6	935	0	977
4459	938	6	9	23	0	976
4460	28	5	932	7	0	972
4461	24	7	19	896	0	946
4462	16	7	7	905	0	935
4463	19	6	11	881	0	917
4464	11	909	10	24	0	954
4465	901	21	6	12	0	940
4466	890	7	9	18	0	924
4467	29	882	10	8	0	929
4468	15	25	8	881	0	929
4469	893	6	11	22	0	932
4470	34	10	7	877	0	928
4471	885	11	6	23	0	925
4472	31	873	5	9	0	918
4473	885	24	5	10	0	924
4474	31	8	862	13	0	914
4475	21	868	23	4	0	916
4476	11	23	836	11	0	881
4477	23	19	28	814	0	884
4478	810	11	16	24	0	861
4479	820	8	7	8	0	843
4480	807	10	6	8	0	831
4481	30	5	3	797	0	835
4482	809	5	6	19	0	839
4483	32	9	4	782	0	827
4484	788	3	9	25	0	825
4485	790	7	5	15	0	817
4486	30	5	774	9	0	818
4487	9	3	711	10	0	733
4488	13	3	701	5	0	722
4489	7	4	16	689	0	716
4490	682	5	18	16	0	721
4491	15	7	8	667	0	697
4492	9	2	10	693	0	714
4493	732	2	8	27	0	769
4494	747	2	8	10	0	767
4495	745	2	6	13	0	766
4496	752	2	8	7	0	769
4497	20	4	4	755	0	783
4498	744	2	5	19	0	770
4499	26	739	4	7	0	776
4500	742	13	1	9	0	765
4501	742	5	6	9	0	762
4502	20	3	699	8	0	730
4503	682	3	12	6	0	703
4504	24	0	670	3	0	697
4505	7	2	587	4	0	600
4506	11	2	594	2	0	609
4507	5	15	9	482	0	511
4508	4	0	488	5	0	497
4509	6	5	3	438	0	452
4510	2	0	448	3	0	453
4511	2	1	501	1	0	505
4512	3	3	1	483	0	490
4513	0	0	2	509	0	511
4514	0	0	535	0	0	535
4515	507	1	0	4	0	512
4516	1	0	1	527	0	529
4517	2	0	1	536	0	539
4518	537	0	1	3	0	541
4519	0	0	1	542	0	543
4520	0	0	534	2	0	536
4521	3	1	482	0	0	486
4522	1	4	0	484	0	489
4523	1	0	506	0	0	507
4524	0	524	2	1	0	527
4525	1	0	0	505	0	506
4526	502	1	0	1	0	504
4527	1	0	497	1	0	499
4528	485	0	1	2	0	488
4529	0	1	1	512	0	514
4530	0	0	0	515	0	515
4531	1	0	1	523	0	525
4532	1	1	1	509	0	512
4533	524	0	0	4	0	528
4534	1	558	0	2	0	561
4535	1	3	1	561	0	566
4536	3	1	1	559	0	564
4537	1	0	0	561	0	562
4538	1	1	2	558	0	562
4539	560	0	1	7	0	568
4540	4	556	0	4	0	564
4541	545	3	1	4	0	553
4542	4	499	0	3	0	506
4543	2	505	0	3	0	510
4544	500	6	0	4	0	510
4545	4	1	516	3	0	524
4546	3	1	3	520	0	527
4547	528	1	3	5	0	537
4548	529	1	1	4	0	535
4549	473	1	2	6	0	482
4550	523	1	1	7	0	532
4551	6	574	0	1	0	581
4552	575	5	0	4	0	584
4553	591	3	1	5	0	600
4554	8	682	0	4	0	694
4555	4	10	1	694	0	709
4556	3	3	693	13	0	712
4557	10	0	11	694	0	715
4558	697	3	3	12	0	715
4559	11	2	697	7	0	717
4560	5	689	15	1	0	710
4561	2	15	718	2	0	737
4562	10	7	10	670	0	697
4563	1	709	6	13	0	729
4564	727	14	2	9	0	752
4565	12	747	2	3	0	764
4566	9	13	2	735	0	759
4567	3	6	0	760	0	769
4568	747	2	2	18	0	769
4569	15	3	3	728	0	749
4570	6	749	1	16	0	772
4571	755	12	3	9	0	779
4572	776	7	0	2	0	785
4573	18	778	1	3	0	800
4574	775	13	1	4	0	793
4575	15	765	0	2	0	782
4576	748	13	0	2	0	763
4577	12	759	1	2	0	774
4578	13	12	1	716	0	742
4579	1	8	1	775	0	785
4580	745	2	0	18	0	765
4581	766	3	1	8	0	778
4582	20	748	1	2	0	771
4583	8	15	742	6	0	771
4584	754	4	12	1	0	771
4585	16	4	4	765	0	789
4586	9	776	2	12	0	799
4587	2	13	2	788	0	805
4588	784	5	0	19	0	808
4589	796	1	2	15	0	814
4590	803	5	1	2	0	811
4591	20	1	2	790	0	813
4592	9	2	781	16	0	808
4593	709	5	14	8	0	736
4594	726	1	10	6	0	743
4595	765	3	1	5	0	774
4596	21	720	2	6	0	749
4597	13	15	1	713	0	742
4598	7	735	0	15	0	757
4599	11	12	0	719	0	742
4600	7	10	0	740	0	757
4601	6	1	765	22	0	794
4602	4	2	14	801	0	821
4603	5	1	8	829	0	843
4604	817	3	2	26	0	848
4605	21	828	3	9	0	861
4606	841	21	0	6	0	868
4607	873	14	1	11	0	899
4608	34	5	1	875	0	915
4609	13	6	880	28	0	927
4610	5	843	25	17	0	890
4611	7	815	9	11	0	842
4612	804	30	6	11	0	851
4613	23	830	5	10	0	868
4614	18	30	3	819	0	870
4615	12	12	2	854	0	880
4616	10	9	835	35	0	889
4617	6	5	849	18	0	878
4618	9	841	35	7	0	892
4619	9	28	12	844	0	893
4620	856	16	5	28	0	905
4621	27	11	8	865	0	911
4622	13	14	873	31	0	931
4623	8	7	27	884	0	926
4624	862	5	12	35	0	914
4625	864	5	6	21	0	896
4626	34	864	9	8	0	915
4627	867	30	6	11	0	914
4628	30	879	7	9	0	925
4629	886	28	2	9	0	925
4630	31	16	2	871	0	920
4631	17	6	850	32	0	905
4632	11	6	860	17	0	894
4633	8	894	35	7	0	944
4634	13	23	11	852	0	899
4635	14	19	3	889	0	925
4636	889	4	1	33	0	927
4637	892	12	2	12	0	918
4638	920	6	3	11	0	940
4639	41	6	8	889	0	944
4640	16	5	6	909	0	936
4641	13	4	6	922	0	945
4642	8	6	904	36	0	954
4643	10	5	895	17	0	927
4644	881	7	30	13	0	931
4645	876	3	12	15	0	906
4646	38	2	875	8	0	923
4647	871	4	23	10	0	908
4648	868	7	9	10	0	894
4649	37	3	849	11	0	900
4650	17	844	27	9	0	897
4651	8	28	13	804	0	853
4652	10	6	798	30	0	844
4653	9	831	27	14	0	881
4654	5	15	17	716	0	753
4655	9	754	8	11	0	782
4656	10	15	727	15	0	767
4657	9	8	738	2	0	757
4658	7	10	24	737	0	778
4659	755	3	12	19	0	789
4660	20	2	7	762	0	791
4661	751	8	7	18	0	784
4662	21	6	3	758	0	788
4663	8	5	737	23	0	773
4664	715	8	21	12	0	756
4665	17	5	742	6	0	770
4666	741	8	20	4	0	773
4667	24	6	9	728	0	767
4668	16	734	10	19	0	779
4669	7	19	9	750	0	785
4670	12	746	7	13	0	778
4671	8	16	5	714	0	743
4672	6	750	8	15	0	779
4673	738	18	6	14	0	776
4674	735	11	10	9	0	765
4675	742	4	8	8	0	762
4676	26	7	727	11	0	771
4677	19	7	15	725	0	766
4678	13	6	737	28	0	784
4679	4	716	24	14	0	758
4680	8	746	13	11	0	778
4681	729	31	3	7	0	770
4682	29	12	714	5	0	760
4683	18	715	22	4	0	759
4684	13	18	13	734	0	778
4685	718	10	7	28	0	763
4686	16	738	12	14	0	780
4687	748	20	11	7	0	786
4688	19	15	745	10	0	789
4689	18	7	21	751	0	797
4690	11	5	13	775	0	804
4691	9	8	5	814	0	836
4692	10	800	4	27	0	841
4693	12	22	6	756	0	796
4694	15	10	817	26	0	868
4695	8	9	22	808	0	847
4696	14	5	13	830	0	862
4697	11	3	10	828	0	852
4698	9	810	8	25	0	852
4699	8	19	7	830	0	864
4700	11	10	6	818	0	845
4701	6	773	9	28	0	816
4702	724	16	8	9	0	757
4703	18	727	2	4	0	751
4704	9	719	4	7	0	739
4705	3	17	3	707	0	730
4706	4	11	696	12	0	723
4707	641	2	17	10	0	670
4708	12	2	6	648	0	668
4709	7	3	645	9	0	664
4710	4	655	8	10	0	677
4711	4	7	7	652	0	670
4712	4	5	642	10	0	661
4713	2	4	9	623	0	638
4714	6	0	5	606	0	617
4715	592	1	2	17	0	612
4716	10	598	3	8	0	619
4717	588	9	0	8	0	605
4718	9	6	583	3	0	601
4719	6	594	9	2	0	611
4720	3	8	595	5	0	611
4721	1	7	9	600	0	617
4722	585	3	5	11	0	604
4723	9	3	1	572	0	585
4724	588	0	4	9	0	601
4725	594	3	3	5	0	605
4726	15	0	0	601	0	616
4727	8	0	629	9	0	646
4728	4	2	641	8	0	655
4729	3	4	13	652	0	672
4730	5	1	7	656	0	669
4731	648	3	6	15	0	672
4732	12	3	1	656	0	672
4733	5	640	5	11	0	661
4734	5	11	0	650	0	666
4735	3	5	3	655	0	666
4736	650	6	1	17	0	674
4737	11	648	1	10	0	670
4738	8	8	2	654	0	672
4739	5	5	1	656	0	667
4740	4	654	1	17	0	676
4741	1	10	2	662	0	675
4742	2	5	3	650	0	660
4743	2	636	4	16	0	658
4744	2	7	2	651	0	662
4745	2	6	1	636	0	645
4746	2	636	2	19	0	659
4747	2	12	2	656	0	672
4748	652	8	1	18	0	679
4749	664	3	1	13	0	681
4750	653	3	1	13	0	670
4751	665	4	0	3	0	672
4752	16	640	2	5	0	663
4753	584	10	0	6	0	600
4754	11	580	0	7	0	598
4755	4	583	1	3	0	591
4756	10	12	0	575	0	597
4757	1	9	576	13	0	599
4758	549	5	9	13	0	576
4759	581	4	6	12	0	603
4760	13	2	612	5	0	632
4761	596	5	9	5	0	615
4762	615	0	3	10	0	628
4763	14	599	2	4	0	619
4764	658	10	1	6	0	675
4765	14	4	0	660	0	678
4766	9	4	0	655	0	668
4767	7	5	3	652	0	667
4768	7	2	1	651	0	661
4769	650	2	1	17	0	670
4770	10	3	1	650	0	664
4771	11	1	0	652	0	664
4772	6	3	640	12	0	661
4773	576	2	8	10	0	596
4774	642	3	3	4	0	652
4775	647	2	8	2	0	659
4776	19	633	1	3	0	656
4777	12	634	3	2	0	651
4778	630	13	3	6	0	652
4779	16	9	0	621	0	646
4780	6	631	1	14	0	652
4781	6	7	4	638	0	655
4782	5	642	3	18	0	668
4783	636	13	1	10	0	660
4784	14	631	3	8	0	656
4785	6	19	1	617	0	643
4786	13	10	1	635	0	659
4787	2	5	665	15	0	687
4788	8	675	11	12	0	706
4789	6	15	9	717	0	747
4790	2	7	742	20	0	771
4791	7	3	783	9	0	802
4792	7	8	20	773	0	808
4793	9	2	12	765	0	788
4794	4	737	3	22	0	766
4795	3	774	2	15	0	794
4796	6	19	7	770	0	802
4797	768	11	2	19	0	800
4798	22	4	1	791	0	818
4799	790	3	1	29	0	823
4800	820	7	2	10	0	839
4801	828	3	1	10	0	842
4802	35	7	816	2	0	860
4803	834	2	16	9	0	861
4804	25	4	10	827	0	866
4805	18	0	4	827	0	849
4806	9	3	813	30	0	855
4807	4	1	817	14	0	836
4808	11	7	26	769	0	813
4809	4	779	13	23	0	819
4810	2	806	5	16	0	829
4811	2	24	5	800	0	831
4812	805	14	4	24	0	847
4813	20	3	2	820	0	845
4814	10	3	5	816	0	834
4815	6	806	3	23	0	838
4816	2	18	1	833	0	854
4817	6	9	822	25	0	862
4818	3	9	805	17	0	834
4819	777	2	24	10	0	813
4820	20	803	12	7	0	842
4821	799	18	5	6	0	828
4822	815	10	4	4	0	833
4823	31	7	3	777	0	818
4824	15	794	2	19	0	830
4825	10	20	1	804	0	835
4826	789	9	4	22	0	824
4827	21	788	2	9	0	820
4828	766	16	2	6	0	790
4829	19	763	2	2	0	786
4830	780	19	2	6	0	807
4831	789	11	2	4	0	806
4832	29	770	1	5	0	805
4833	14	15	1	767	0	797
4834	762	9	2	18	0	791
4835	19	5	748	10	0	782
4836	11	2	730	6	0	749
4837	5	7	24	725	0	761
4838	730	2	9	21	0	762
4839	19	1	1	734	0	755
4840	731	2	3	20	0	756
4841	20	1	741	11	0	773
4842	747	2	17	5	0	771
4843	782	3	7	6	0	798
4844	25	2	3	769	0	799
4845	16	2	2	778	0	798
4846	8	2	3	769	0	782
4847	4	769	3	27	0	803
4848	7	17	2	753	0	779
4849	5	10	1	776	0	792
4850	768	3	1	29	0	801
4851	771	2	3	16	0	792
4852	24	6	751	5	0	786
4853	747	3	15	11	0	776
4854	18	4	758	7	0	787
4855	732	3	22	4	0	761
4856	18	4	763	4	0	789
4857	11	3	748	7	0	769
4858	10	4	25	728	0	767
4859	2	2	764	19	0	787
4860	718	3	17	13	0	751
4861	21	0	11	755	0	787
4862	779	2	6	16	0	803
4863	784	2	4	13	0	803
4864	760	2	4	6	0	772
4865	739	2	1	7	0	749
4866	28	0	730	6	0	764
4867	16	1	16	727	0	760
4868	11	0	742	19	0	772
4869	8	2	17	745	0	772
4870	742	1	9	19	0	771
4871	23	1	5	740	0	769
4872	750	1	4	26	0	781
4873	20	2	2	749	0	773
4874	6	2	4	778	0	790
4875	759	1	3	25	0	788
4876	18	764	2	14	0	798
4877	776	16	2	8	0	802
4878	17	764	1	8	0	790
4879	12	17	2	786	0	817
4880	778	9	2	20	0	809
4881	17	5	768	13	0	803
4882	11	2	18	771	0	802
4883	774	2	7	20	0	803
4884	809	2	4	12	0	827
4885	28	2	3	790	0	823
4886	12	793	6	18	0	829
4887	6	765	1	11	0	783
4888	7	31	2	715	0	755
4889	700	9	0	17	0	726
4890	16	659	0	9	0	684
4891	7	615	0	3	0	625
4892	595	14	0	1	0	610
4893	9	608	0	2	0	619
4894	607	12	4	7	0	630
4895	15	7	0	601	0	623
4896	6	5	0	598	0	609
4897	4	594	0	15	0	613
4898	2	604	0	6	0	612
4899	568	10	0	5	0	583
4900	8	596	0	2	0	606
4901	3	654	0	0	0	657
4902	6	14	2	636	0	658
4903	652	6	0	11	0	669
4904	13	4	697	5	0	719
4905	707	2	13	5	0	727
4906	20	2	6	768	0	796
4907	6	1	782	17	0	806
4908	6	1	806	8	0	821
4909	1	1	26	801	0	829
4910	4	1	835	18	0	858
4911	830	0	22	22	0	874
4912	844	0	16	7	0	867
4913	25	1	861	2	0	889
4914	15	6	19	864	0	904
4915	8	9	13	865	0	895
4916	875	0	5	35	0	915
4917	31	1	3	847	0	882
4918	9	838	15	23	0	885
4919	851	17	2	19	0	889
4920	21	828	2	19	0	870
4921	16	891	9	3	0	919
4922	7	26	9	881	0	923
4923	4	17	1	896	0	918
4924	10	6	10	891	0	917
4925	12	8	863	31	0	914
4926	820	5	20	19	0	864
4927	20	827	16	13	0	876
4928	846	18	3	21	0	888
4929	853	9	4	18	0	884
4930	38	5	7	828	0	878
4931	17	818	0	29	0	864
4932	10	33	3	849	0	895
4933	22	8	1	870	0	901
4934	867	16	1	32	0	916
4935	864	11	2	20	0	897
4936	28	8	838	19	0	893
4937	876	1	17	20	0	914
4938	27	884	7	15	0	933
4939	896	20	10	7	0	933
4940	39	933	1	4	0	977
4941	16	35	6	907	0	964
4942	24	14	0	914	0	952
4943	11	921	0	30	0	962
4944	14	20	0	955	0	989
4945	4	24	3	960	0	991
4946	8	8	0	945	0	961
4947	2	916	3	48	0	969
4948	17	24	1	933	0	975
4949	8	12	3	961	0	984
4950	5	6	9	963	0	983
4951	12	6	926	38	0	982
4952	889	19	22	21	0	951
4953	31	4	930	18	0	983
4954	931	10	25	15	0	981
4955	26	4	935	20	0	985
4956	913	2	32	14	0	961
4957	946	11	12	11	0	980
4958	32	2	949	17	0	1000
4959	28	3	23	947	0	1001
4960	13	5	922	32	0	972
4961	891	10	26	17	0	944
4962	27	5	955	21	0	1008
4963	12	8	939	16	0	975
4964	909	1	32	23	0	965
4965	28	931	31	7	0	997
4966	25	20	16	951	0	1012
4967	958	10	19	27	0	1014
4968	38	8	10	943	0	999
4969	18	4	19	956	0	997
4970	949	7	6	38	0	1000
4971	959	1	6	34	0	1000
4972	39	5	948	12	0	1004
4973	20	4	946	24	0	994
4974	15	1	37	940	0	993
4975	24	5	955	27	0	1011
4976	15	5	34	941	0	995
4977	14	2	23	928	0	967
4978	23	1	16	961	0	1001
4979	919	11	5	51	0	986
4980	25	939	13	29	0	1006
4981	963	19	4	21	0	1007
4982	955	13	3	25	0	996
4983	32	949	5	23	0	1009
4984	934	17	3	8	0	962
4985	32	15	908	11	0	966
4986	19	16	26	898	0	959
4987	930	5	17	23	0	975
4988	21	7	904	22	0	954
4989	907	0	23	13	0	943
4990	25	961	13	14	0	1013
4991	1070	17	5	20	0	1112
4992	1083	9	5	13	0	1110
4993	47	1087	7	8	0	1149
4994	1128	34	1	13	0	1176
4995	45	16	4	1133	0	1198
4996	33	8	3	1170	0	1214
4997	1160	14	3	47	0	1224
4998	1144	6	2	25	0	1177
4999	49	1140	10	10	0	1209
5000	30	1150	3	10	0	1193
5001	13	28	2	1060	0	1103
5002	12	1069	5	26	0	1112
5003	13	1117	2	13	0	1145
5004	1035	26	9	4	0	1074
5005	23	1063	4	1	0	1091
5006	1006	23	1	5	0	1035
5007	22	1045	2	11	0	1080
5008	11	23	1060	2	0	1096
5009	7	1086	13	4	0	1110
5010	1060	28	4	6	0	1098
5011	1034	12	2	2	0	1050
5012	28	4	1047	6	0	1085
5013	10	9	17	999	0	1035
5014	10	1	12	1052	0	1075
5015	4	8	1037	19	0	1068
5016	9	2	14	998	0	1023
5017	10	3	1050	16	0	1079
5018	3	3	1027	7	0	1040
5019	1002	3	20	10	0	1035
5020	15	1047	7	7	0	1076
5021	1023	13	7	5	0	1048
5022	17	8	0	1028	0	1053
5023	10	3	1053	14	0	1080
5024	6	2	18	1008	0	1034
5025	6	1046	10	15	0	1077
5026	1055	22	5	9	0	1091
5027	1063	5	0	4	0	1072
5028	21	3	5	1059	0	1088
5029	8	0	1043	16	0	1067
5030	990	0	14	17	0	1021
5031	14	1040	11	5	0	1070
5032	1040	14	3	1	0	1058
5033	24	7	1	1028	0	1060
5034	1019	4	4	21	0	1048
5035	19	1	8	1009	0	1037
5036	17	5	1014	18	0	1054
5037	7	12	984	10	0	1013
5038	987	1	18	3	0	1009
5039	18	1036	6	14	0	1074
5040	1027	17	7	6	0	1057
5041	1021	11	1	9	0	1042
5042	20	1021	7	4	0	1052
5043	995	18	7	2	0	1022
5044	22	11	1066	4	0	1103
5045	12	8	14	1079	0	1113
5046	11	7	8	1087	0	1113
5047	17	2	1	1106	0	1126
5048	1	15	1082	20	0	1118
5049	14	5	1073	6	0	1098
5050	4	5	25	1076	0	1110
5051	8	1069	6	20	0	1103
5052	8	1089	2	13	0	1112
5053	1085	22	6	8	0	1121
5054	1076	7	9	5	0	1097
5055	23	1092	11	5	0	1131
5056	8	16	5	1106	0	1135
5057	7	13	1	1119	0	1140
5058	1080	10	6	25	0	1121
5059	22	2	7	1121	0	1152
5060	18	3	3	1118	0	1142
5061	7	11	5	1125	0	1148
5062	8	6	1043	26	0	1083
5063	5	5	974	17	0	1001
5064	1035	3	22	6	0	1066
5065	17	3	8	1086	0	1114
5066	8	6	1076	25	0	1115
5067	6	3	1058	15	0	1082
5068	1084	3	27	8	0	1122
5069	20	6	1250	7	0	1283
5070	17	1280	23	3	0	1323
5071	9	16	6	1399	0	1430
5072	2	15	1405	25	0	1447
5073	1370	3	32	11	0	1416
5074	36	2	9	1474	0	1521
5075	16	3	1461	25	0	1505
5076	9	7	25	1473	0	1514
5077	2	0	14	1519	0	1535
5078	1488	1	14	41	0	1544
5079	30	1520	6	15	0	1571
5080	17	27	7	1501	0	1552
5081	1511	14	9	32	0	1566
5082	1527	2	1	27	0	1557
5083	1530	5	3	13	0	1551
5084	1563	3	4	3	0	1573
5085	49	4	3	1520	0	1576
5086	1509	3	5	34	0	1551
5087	1512	2	4	21	0	1539
5088	1472	0	2	15	0	1489
5089	1494	3	5	7	0	1509
5090	45	1412	4	7	0	1468
5091	10	1325	0	3	0	1338
5092	9	26	4	1299	0	1338
5093	5	1332	2	10	0	1349
5094	1340	15	4	10	0	1369
5095	17	12	0	1331	0	1360
5096	1319	3	0	19	0	1341
5097	1317	1	2	11	0	1331
5098	29	1	0	1346	0	1376
5099	16	1	0	1339	0	1356
5100	3	1347	2	22	0	1374
5101	1340	14	1	12	0	1367
5102	16	1340	0	5	0	1361
5103	1335	16	0	10	0	1361
5104	20	10	3	1364	0	1397
5105	10	4	1335	17	0	1366
5106	1314	1	13	19	0	1347
5107	1280	0	8	7	0	1295
5108	27	3	1249	2	0	1281
5109	10	3	1230	6	0	1249
5110	9	1	25	1216	0	1251
5111	1308	2	8	22	0	1340
5112	1341	2	2	17	0	1362
5113	1367	0	4	10	0	1381
5114	1384	2	2	10	0	1398
5115	23	1383	2	5	0	1413
5116	1455	14	1	8	0	1478
5117	26	8	0	1443	0	1477
5118	18	2	1	1448	0	1469
5119	11	3	1	1499	0	1514
5120	3	6	0	1508	0	1517
5121	1485	1	0	35	0	1521
5122	23	2	1	1576	0	1602
5123	16	1	1544	27	0	1588
5124	13	0	21	1580	0	1614
5125	9	4	10	1594	0	1617
5126	12	4	3	1594	0	1613
5127	7	2	1	1607	0	1617
5128	1552	3	3	40	0	1598
5129	25	1549	2	19	0	1595
5130	15	1574	1	9	0	1599
5131	8	34	1	1557	0	1600
5132	1544	17	3	29	0	1593
5133	1579	3	2	20	0	1604
5134	37	4	3	1558	0	1602
5135	21	7	1545	26	0	1599
5136	1527	2	21	22	0	1572
5137	31	4	11	1590	0	1636
5138	25	2	1605	27	0	1659
5139	1509	3	26	22	0	1560
5140	28	1559	17	10	0	1614
5141	1765	20	4	12	0	1801
5142	39	1834	6	8	0	1887
5143	39	33	5	1839	0	1916
5144	19	1879	2	33	0	1933
5145	17	40	3	1931	0	1991
5146	1857	28	2	49	0	1936
5147	37	1885	4	32	0	1958
5148	39	27	1864	15	0	1945
5149	23	31	32	1888	0	1974
5150	9	14	1912	42	0	1977
5151	17	7	41	1868	0	1933
5152	14	5	28	1925	0	1972
5153	12	3	1894	65	0	1974
5154	1743	7	33	55	0	1838
5155	42	2	1909	23	0	1976
5156	33	7	1870	17	0	1927
5157	18	1881	56	14	0	1969
5158	13	45	41	1875	0	1974
5159	14	28	10	1894	0	1946
5160	14	15	12	1857	0	1898
5161	20	10	7	1922	0	1959
5162	6	9	1855	79	0	1949
5163	1764	4	39	60	0	1867
5164	44	8	1877	19	0	1948
5165	35	6	42	1842	0	1925
5166	1825	3	31	61	0	1920
5167	37	1821	23	39	0	1920
5168	49	42	8	1764	0	1863
5169	1666	32	21	47	0	1766
5170	39	1594	14	40	0	1687
5171	30	1588	8	16	0	1642
5172	1553	51	9	19	0	1632
5173	35	1572	7	14	0	1628
5174	1529	36	5	16	0	1586
5175	34	1545	7	14	0	1600
5176	1545	36	9	14	0	1604
5177	1570	23	1	13	0	1607
5178	51	1592	12	2	0	1657
5179	39	29	2	1570	0	1640
5180	15	29	1548	26	0	1618
5181	1527	20	24	30	0	1601
5182	37	6	23	1527	0	1593
5183	33	1478	11	30	0	1552
5184	16	1533	5	36	0	1590
5185	9	54	7	1546	0	1616
5186	1538	28	6	40	0	1612
5187	33	20	1523	28	0	1604
5188	34	5	31	1541	0	1611
5189	16	17	28	1539	0	1600
5190	18	12	10	1588	0	1628
5191	14	12	4	1553	0	1583
5192	10	1509	8	62	0	1589
5193	17	31	5	1524	0	1577
5194	8	27	1479	38	0	1552
5195	17	16	1475	33	0	1541
5196	10	10	1493	28	0	1541
5197	17	16	54	1452	0	1539
5198	1424	15	34	38	0	1511
5199	35	9	1427	38	0	1509
5200	35	7	1437	23	0	1502
5201	22	10	60	1414	0	1506
5202	1414	7	35	50	0	1506
5203	32	1417	18	38	0	1505
5204	1408	31	12	29	0	1480
5205	49	26	12	1390	0	1477
5206	27	26	1391	38	0	1482
5207	18	18	33	1336	0	1405
5208	9	1382	30	46	0	1467
5209	1426	34	20	37	0	1517
5210	37	26	1425	21	0	1509
5211	29	1386	38	26	0	1479
5212	1367	31	35	18	0	1451
5213	40	25	30	1365	0	1460
5214	29	15	17	1379	0	1440
5215	1356	8	12	72	0	1448
5216	1372	13	12	39	0	1436
5217	1415	10	12	27	0	1464
5218	80	9	9	1343	0	1441
5219	36	1326	14	55	0	1431
5220	1336	33	20	47	0	1436
5221	41	1356	9	30	0	1436
5222	1273	40	8	10	0	1331
5223	46	1249	11	13	0	1319
5224	33	38	13	1208	0	1292
5225	1224	29	5	34	0	1292
5226	1241	20	7	33	0	1301
5227	1260	7	0	24	0	1291
5228	1273	10	6	13	0	1302
5229	1258	12	6	14	0	1290
5230	66	5	1213	12	0	1296
5231	43	11	27	1207	0	1288
5232	25	9	1213	35	0	1282
5233	17	16	1219	25	0	1277
5234	1207	10	50	16	0	1283
5235	1228	15	33	5	0	1281
5236	1250	6	16	11	0	1283
5237	67	21	5	1161	0	1254
5238	1166	4	9	38	0	1217
5239	47	1109	7	27	0	1190
5240	44	1146	6	16	0	1212
5241	25	980	3	4	0	1012
5242	875	26	5	11	0	917
5243	30	874	9	7	0	920
5244	834	17	1	6	0	858
5245	819	8	3	4	0	834
5246	24	6	806	4	0	840
5247	16	5	14	794	0	829
5248	12	2	6	827	0	847
5249	829	3	5	23	0	860
5250	835	2	2	13	0	852
5251	33	2	2	814	0	851
5252	18	2	799	17	0	836
5253	12	1	814	11	0	838
5254	6	3	24	831	0	864
5255	11	1	11	816	0	839
5256	11	2	6	845	0	864
5257	803	1	2	28	0	834
5258	800	4	5	12	0	821
5259	28	796	3	7	0	834
5260	21	16	2	806	0	845
5261	13	10	4	814	0	841
5262	8	813	0	26	0	847
5263	10	19	2	819	0	850
5264	827	10	4	24	0	865
5265	23	6	4	821	0	854
5266	18	5	1	835	0	859
5267	824	3	1	23	0	851
5268	823	3	2	13	0	841
5269	831	0	2	10	0	843
5270	35	5	5	803	0	848
5271	13	2	755	22	0	792
5272	8	5	758	11	0	782
5273	10	1	750	8	0	769
5274	7	745	22	7	0	781
5275	722	17	9	6	0	754
5276	24	9	682	3	0	718
5277	661	3	15	4	0	683
5278	22	4	7	665	0	698
5279	676	5	3	21	0	705
5280	712	0	1	15	0	728
5281	16	737	4	7	0	764
5282	759	13	0	7	0	779
5283	766	7	3	4	0	780
5284	22	779	6	3	0	810
5285	14	11	2	797	0	824
5286	5	6	789	18	0	818
5287	6	4	14	772	0	796
5288	8	0	8	797	0	813
5289	801	2	4	21	0	828
5290	21	2	3	793	0	819
5291	11	793	2	19	0	825
5292	10	17	2	802	0	831
5293	7	9	2	826	0	844
5294	6	6	802	24	0	838
5295	8	781	15	13	0	817
5296	3	817	8	9	0	837
5297	792	21	3	11	0	827
5298	16	806	5	7	0	834
5299	10	20	2	816	0	848
5300	9	8	808	21	0	846
5301	6	818	17	14	0	855
5302	817	16	11	5	0	849
5303	18	9	6	824	0	857
5304	13	4	2	833	0	852
5305	7	3	809	27	0	846
5306	6	2	15	788	0	811
5307	13	0	8	809	0	830
5308	797	2	4	23	0	826
5309	750	4	4	16	0	774
5310	26	748	1	9	0	784
5311	705	14	4	7	0	730
5312	14	704	1	9	0	728
5313	10	15	2	652	0	679
5314	8	672	3	10	0	693
5315	4	691	0	8	0	703
5316	648	20	1	4	0	673
5317	645	6	1	2	0	654
5318	15	617	2	3	0	637
5319	628	8	2	5	0	643
5320	630	7	2	2	0	641
5321	649	2	2	4	0	657
5322	14	1	6	642	0	663
5323	655	2	2	11	0	670
5324	11	1	622	8	0	642
5325	600	0	10	6	0	616
5326	12	1	649	3	0	665
5327	10	2	9	653	0	674
5328	10	1	3	660	0	674
5329	4	4	664	13	0	685
5330	625	2	8	12	0	647
5331	650	3	3	6	0	662
5332	14	2	694	3	0	713
5333	9	1	8	669	0	687
5334	5	3	3	689	0	700
5335	4	1	2	707	0	714
5336	689	0	1	18	0	708
5337	689	2	1	11	0	703
5338	18	1	1	671	0	691
5339	11	668	1	12	0	692
5340	2	670	2	5	0	679
5341	650	13	1	5	0	669
5342	7	657	1	4	0	669
5343	5	638	3	3	0	649
5344	2	7	1	592	0	602
5345	2	4	598	4	0	608
5346	1	589	5	4	0	599
5347	3	4	4	590	0	601
5348	1	590	1	3	0	595
5349	4	2	1	576	0	583
5350	580	3	0	5	0	588
5351	2	583	1	3	0	589
5352	586	2	0	5	0	593
5353	566	3	1	4	0	574
5354	5	0	561	2	0	568
5355	554	0	1	3	0	558
5356	5	0	3	579	0	587
5357	2	0	586	2	0	590
5358	0	580	3	3	0	586
5359	1	8	3	569	0	581
5360	0	3	0	576	0	579
5361	571	0	0	8	0	579
5362	1	0	0	576	0	577
5363	3	0	0	576	0	579
5364	576	0	1	8	0	585
5365	2	568	0	3	0	573
5366	557	1	0	6	0	564
5367	2	4	561	1	0	568
5368	525	0	3	1	0	529
5369	3	0	585	0	0	588
5370	3	598	2	1	0	604
5371	597	2	3	3	0	605
5372	576	3	0	3	0	582
5373	5	1	599	0	0	605
5374	3	1	605	0	0	609
5375	3	1	621	0	0	625
5376	0	661	5	0	0	666
5377	2	2	2	655	0	661
5378	1	4	703	2	0	710
5379	0	2	650	3	0	655
5380	2	0	9	660	0	671
5381	1	0	672	4	0	677
5382	640	1	4	9	0	654
5383	801	0	5	1	0	807
5384	16	1	782	1	0	800
5385	10	782	10	1	0	803
5386	4	8	10	770	0	792
5387	2	9	799	9	0	819
5388	2	785	9	12	0	808
5389	3	11	10	771	0	795
5390	787	11	4	11	0	813
5391	772	2	0	17	0	791
5392	16	796	2	2	0	816
5393	12	9	2	792	0	815
5394	2	10	0	805	0	817
5395	1	1	0	790	0	792
5396	3	0	2	812	0	817
5397	1	2	788	20	0	811
5398	2	2	10	795	0	809
5399	0	0	794	11	0	805
5400	0	776	11	11	0	798
5401	764	9	9	6	0	788
5402	11	802	4	2	0	819
5403	11	9	2	806	0	828
5404	4	10	2	816	0	832
5405	799	4	1	18	0	822
5406	10	1	1	824	0	836
5407	10	811	3	11	0	835
5408	4	9	0	831	0	844
5409	1	8	1	829	0	839
5410	821	2	2	19	0	844
5411	9	1	815	14	0	839
5412	10	792	10	3	0	815
5413	3	821	9	2	0	835
5414	3	13	0	798	0	814
5415	787	9	0	14	0	810
5416	9	789	1	13	0	812
5417	9	7	2	802	0	820
5418	2	9	801	11	0	823
5419	3	2	9	791	0	805
5420	792	2	7	12	0	813
5421	781	1	1	11	0	794
5422	18	3	1	774	0	796
5423	798	1	2	8	0	809
5424	789	2	1	11	0	803
5425	18	3	775	2	0	798
5426	746	1	8	7	0	762
5427	11	769	8	5	0	793
5428	774	9	1	5	0	789
5429	13	9	764	2	0	788
5430	10	1	11	781	0	803
5431	803	0	10	11	0	824
5432	11	5	753	8	0	777
5433	12	3	763	1	0	779
5434	7	2	15	745	0	769
5435	3	2	784	11	0	800
5436	755	3	10	10	0	778
5437	11	1	785	4	0	801
5438	9	0	15	810	0	834
5439	5	3	9	825	0	842
5440	844	2	4	20	0	870
5441	15	0	863	10	0	888
5442	13	0	909	6	0	928
5443	9	1	18	960	0	988
5444	3	1	981	16	0	1001
5445	940	1	18	11	0	970
5446	14	0	13	955	0	982
5447	8	2	955	14	0	979
5448	9	0	16	968	0	993
5449	4	1	11	977	0	993
5450	982	1	7	26	0	1016
5451	18	1	971	15	0	1005
5452	936	1	21	11	0	969
5453	18	2	1007	6	0	1033
5454	969	2	20	13	0	1004
5455	996	0	14	7	0	1017
5456	988	1	10	6	0	1005
5457	29	969	6	5	0	1009
5458	978	12	5	9	0	1004
5459	984	8	5	9	0	1006
5460	31	3	3	975	0	1012
5461	14	1	968	21	0	1004
5462	936	3	16	14	0	969
5463	24	2	978	5	0	1009
5464	17	2	21	965	0	1005
5465	9	2	13	990	0	1014
5466	983	0	10	27	0	1020
5467	24	980	7	13	0	1024
5468	15	18	6	975	0	1014
5469	12	8	5	974	0	999
5470	6	4	986	29	0	1025
5471	9	2	18	986	0	1015
5472	10	3	7	1007	0	1027
5473	9	2	5	974	0	990
5474	8	963	5	31	0	1007
5475	942	17	5	11	0	975
5476	945	8	9	11	0	973
5477	25	939	3	10	0	977
5478	896	15	3	6	0	920
5479	22	9	0	939	0	970
5480	12	5	976	19	0	1012
5481	6	980	16	15	0	1017
5482	2	1047	7	11	0	1067
5483	965	17	10	4	0	996
5484	1019	4	3	6	0	1032
5485	29	2	4	1032	0	1067
5486	13	2	3	1049	0	1067
5487	6	3	1	1054	0	1064
5488	1025	2	2	35	0	1064
5489	31	4	1006	9	0	1050
5490	1018	2	24	9	0	1053
5491	31	3	8	1020	0	1062
5492	12	2	4	1006	0	1024
5493	11	1025	3	32	0	1071
5494	6	22	6	1038	0	1072
5495	6	8	6	1055	0	1075
5496	7	7	1053	31	0	1098
5497	6	1066	23	14	0	1109
5498	1081	24	7	11	0	1123
5499	1076	6	5	13	0	1100
5500	1122	4	1	14	0	1141
5501	1104	2	6	10	0	1122
5502	34	3	1053	6	0	1096
5503	1041	2	26	9	0	1078
5504	32	0	1061	3	0	1096
5505	20	2	25	1030	0	1077
5506	6	1053	9	27	0	1095
5507	8	25	6	1068	0	1107
5508	8	11	2	1085	0	1106
5509	9	4	1061	31	0	1105
5510	1033	3	28	14	0	1078
5511	1058	5	7	8	0	1078
5512	31	1030	10	8	0	1079
5513	18	25	1052	9	0	1104
5514	10	12	26	1046	0	1094
5515	11	8	1054	29	0	1102
5516	10	8	1032	14	0	1064
5517	13	5	34	1033	0	1085
5518	10	4	1038	29	0	1081
5519	10	3	28	1041	0	1082
5520	5	6	1102	40	0	1153
5521	12	3	28	1111	0	1154
5522	1106	4	11	36	0	1157
5523	1106	3	11	17	0	1137
5524	1119	3	5	14	0	1141
5525	1098	6	5	12	0	1121
5526	37	1094	4	13	0	1148
5527	19	24	5	1093	0	1141
5528	10	9	7	1123	0	1149
5529	7	7	1091	44	0	1149
5530	17	6	30	1061	0	1114
5531	10	4	1082	27	0	1123
5532	13	8	1039	11	0	1071
5533	1018	4	29	13	0	1064
5534	29	1053	14	7	0	1103
5535	1064	27	10	11	0	1112
5536	1074	9	6	10	0	1099
5537	35	1078	11	9	0	1133
5538	1049	23	6	12	0	1090
5539	31	12	1062	5	0	1110
5540	12	1020	26	9	0	1067
5541	1000	26	11	10	0	1047
5542	29	9	942	9	0	989
5543	878	3	22	12	0	915
5544	29	940	11	3	0	983
5545	941	23	6	9	0	979
5546	946	7	7	13	0	973
5547	26	915	9	7	0	957
5548	10	888	5	6	0	909
5549	5	931	6	7	0	949
5550	8	21	9	939	0	977
5551	7	6	9	937	0	959
5552	936	2	3	32	0	973
5553	913	3	7	15	0	938
5554	25	3	903	8	0	939
5555	12	4	885	4	0	905
5556	8	2	905	9	0	924
5557	9	4	29	897	0	939
5558	11	8	936	18	0	973
5559	14	3	18	934	0	969
5560	938	1	8	26	0	973
5561	24	4	934	11	0	973
5562	925	2	24	12	0	963
5563	950	2	11	10	0	973
5564	30	2	986	2	0	1020
5565	9	996	26	9	0	1040
5566	8	23	10	979	0	1020
5567	8	12	1012	27	0	1059
5568	13	6	25	990	0	1034
5569	7	6	14	1127	0	1154
5570	1079	2	7	40	0	1128
5571	39	4	6	1066	0	1115
5572	14	8	1070	31	0	1123
5573	9	6	36	1061	0	1112
5574	1069	3	14	33	0	1119
5575	31	1069	8	11	0	1119
5576	1070	29	9	5	0	1113
5577	37	17	9	1052	0	1115
5578	21	5	1061	30	0	1117
5579	7	5	994	13	0	1019
5580	8	0	974	7	0	989
5581	6	918	36	3	0	963
5582	858	30	17	5	0	910
5583	20	833	4	1	0	858
5584	766	16	1	7	0	790
5585	14	778	2	3	0	797
5586	2	14	4	783	0	803
5587	6	2	2	789	0	799
5588	4	3	2	774	0	783
5589	4	784	2	12	0	802
5590	3	13	1	807	0	824
5591	3	3	3	923	0	932
5592	989	5	2	20	0	1016
5593	27	1	1	1035	0	1064
5594	5	5	1099	27	0	1136
5595	1072	0	26	12	0	1110
5596	1097	2	6	7	0	1112
5597	26	1104	7	3	0	1140
5598	1102	27	3	7	0	1139
5599	1135	2	2	6	0	1145
5600	36	4	1	1120	0	1161
5601	14	3	2	1145	0	1164
5602	10	6	2	1172	0	1190
5603	1165	0	2	37	0	1204
5604	1186	1	4	13	0	1204
5605	32	4	1146	9	0	1191
5606	1140	3	26	7	0	1176
5607	1165	4	6	6	0	1181
5608	1164	4	3	8	0	1179
5609	38	3	1118	10	0	1169
5610	11	2	1142	6	0	1161
5611	13	3	32	1136	0	1184
5612	9	1	1152	34	0	1196
5613	16	1	32	1117	0	1166
5614	15	1	8	1047	0	1071
5615	11	1151	9	23	0	1194
5616	1147	25	5	13	0	1190
5617	44	4	1152	7	0	1207
5618	1174	6	32	10	0	1222
5619	51	4	7	1188	0	1250
5620	1140	2	12	42	0	1196
5621	45	1116	11	8	0	1180
5622	14	1173	7	17	0	1211
5623	16	40	10	1147	0	1213
5624	18	9	2	1175	0	1204
5625	20	4	1150	41	0	1215
5626	18	7	33	1150	0	1208
5627	1120	2	8	46	0	1176
5628	39	1135	11	20	0	1205
5629	27	34	1137	13	0	1211
5630	18	15	36	1134	0	1203
5631	14	12	1136	41	0	1203
5632	18	6	37	1128	0	1189
5633	11	6	1134	50	0	1201
5634	8	6	1135	19	0	1168
5635	17	1	45	1131	0	1194
5636	1136	4	18	41	0	1199
5637	1141	10	8	20	0	1179
5638	1089	6	20	14	0	1129
5639	41	1094	8	17	0	1160
5640	1112	39	12	12	0	1175
5641	1129	14	8	15	0	1166
5642	48	5	1089	11	0	1153
5643	14	1069	48	19	0	1150
5644	19	34	12	1061	0	1126
5645	1058	11	6	49	0	1124
5646	48	1064	10	17	0	1139
5647	1110	39	12	12	0	1173
5648	1122	18	7	20	0	1167
5649	1111	4	8	21	0	1144
5650	1102	10	10	12	0	1134
5651	55	6	18	1067	0	1146
5652	1091	14	8	46	0	1159
5653	53	7	12	1076	0	1148
5654	23	1077	9	44	0	1153
5655	16	38	13	1112	0	1179
5656	1105	7	12	51	0	1175
5657	55	6	1094	19	0	1174
5658	31	5	37	1085	0	1158
5659	1084	9	14	38	0	1145
5660	54	1065	14	19	0	1152
5661	1119	31	7	10	0	1167
5662	1130	10	5	20	0	1165
5663	52	1114	10	11	0	1187
5664	1071	36	7	20	0	1134
5665	48	14	1030	9	0	1101
5666	20	6	1043	14	0	1083
5667	1022	5	35	20	0	1082
5668	41	8	1025	14	0	1088
5669	23	14	24	921	0	982
5670	31	928	10	24	0	993
5671	968	29	11	11	0	1019
5672	38	937	7	9	0	991
5673	28	950	8	13	0	999
5674	24	27	13	985	0	1049
5675	19	8	17	999	0	1043
5676	21	6	7	1008	0	1042
5677	12	10	13	1007	0	1042
5678	17	6	972	39	0	1034
5679	14	11	27	961	0	1013
5680	26	9	3	982	0	1020
5681	960	15	6	33	0	1014
5682	41	10	4	955	0	1010
5683	16	7	932	32	0	987
5684	922	10	20	23	0	975
5685	35	7	6	943	0	991
5686	14	7	951	37	0	1009
5687	14	8	33	922	0	977
5688	11	964	8	36	0	1019
5689	945	22	9	17	0	993
5690	40	9	917	8	0	974
5691	8	814	29	12	0	863
5692	746	8	12	10	0	776
5693	16	666	1	3	0	686
5694	3	589	1	19	0	612
5695	607	10	10	0	0	627
5696	7	580	3	7	0	597
5697	2	572	1	1	0	576
5698	17	7	1	560	0	585
5699	1	3	554	6	0	564
5700	2	543	5	2	0	552
5701	9	6	2	517	0	534
5702	0	519	0	5	0	524
5703	496	8	1	3	0	508
5704	9	1	508	1	0	519
5705	1	5	5	502	0	513
5706	550	5	1	4	0	560
5707	4	0	1	561	0	566
5708	2	0	557	5	0	564
5709	520	6	10	3	0	539
5710	558	0	1	6	0	565
5711	4	569	2	1	0	576
5712	6	4	0	564	0	574
5713	0	2	5	578	0	585
5714	571	0	0	12	0	583
5715	558	0	1	2	0	561
5716	5	1	576	6	0	588
5717	3	568	5	1	0	577
5718	560	1	0	1	0	562
5719	3	2	0	556	0	561
5720	3	0	557	3	0	563
5721	0	2	518	2	0	522
5722	5	9	3	519	0	536
5723	536	0	4	2	0	542
5724	2	540	0	2	0	544
5725	599	2	1	1	0	603
5726	4	1	0	632	0	637
5727	2	1	0	629	0	632
5728	1	0	0	643	0	644
5729	655	0	1	4	0	660
5730	2	671	1	1	0	675
5731	2	2	0	687	0	691
5732	0	1	0	688	0	689
5733	0	1	680	3	0	684
5734	1	0	2	656	0	659
5735	0	1	678	2	0	681
5736	0	652	2	1	0	655
5737	0	1	1	661	0	663
5738	662	1	0	1	0	664
5739	2	0	650	1	0	653
5740	1	0	1	653	0	655
5741	0	0	657	1	0	658
5742	612	0	0	2	0	614
5743	1	0	684	0	0	685
5744	4	0	1	657	0	662
5745	671	0	1	4	0	676
5746	1	612	2	0	0	615
5747	633	1	0	2	0	636
5748	1	591	1	0	0	593
5749	2	1	0	635	0	638
5750	0	1	639	1	0	641
5751	0	3	622	1	0	626
5752	1	0	2	646	0	649
5753	656	0	1	3	0	660
5754	632	0	0	4	0	636
5755	2	0	0	639	0	641
5756	0	0	0	647	0	647
5757	639	0	0	4	0	643
5758	1	624	0	1	0	626
5759	1	653	0	0	0	654
5760	656	2	0	1	0	659
5761	1	1	646	0	0	648
5762	2	0	1	630	0	633
5763	1	0	647	1	0	649
5764	0	0	0	641	0	641
5765	0	0	648	1	0	649
5766	1	1	620	1	0	623
5767	0	0	2	670	0	672
5768	1	621	1	1	0	624
5769	655	1	0	3	0	659
5770	1	640	0	0	0	641
5771	2	1	0	653	0	656
5772	653	1	0	1	0	655
5773	3	0	0	660	0	663
5774	668	0	0	3	0	671
5775	655	0	0	3	0	658
5776	662	0	0	3	0	665
5777	4	637	0	0	0	641
5778	684	2	0	3	0	689
5779	2	2	0	696	0	700
5780	748	0	0	5	0	753
5781	5	0	0	773	0	778
5782	766	0	0	12	0	778
5783	779	0	0	2	0	781
5784	8	773	0	2	0	783
5785	5	7	0	837	0	849
5786	3	2	0	847	0	852
5787	0	898	1	13	0	912
5788	1	15	0	908	0	924
5789	918	2	0	15	0	935
5790	980	1	0	6	0	987
5791	963	0	0	3	0	966
5792	25	0	1004	0	0	1029
5793	1014	0	17	3	0	1034
5794	1082	0	6	2	0	1090
5795	1100	0	0	2	0	1102
5796	25	1085	0	0	0	1110
5797	8	18	0	1123	0	1149
5798	2	4	0	1135	0	1141
5799	5	0	0	1130	0	1135
5800	0	1	1114	29	0	1144
5801	2	8	21	1129	0	1160
5802	1144	0	6	32	0	1182
5803	28	0	0	1142	0	1170
5804	17	0	0	1172	0	1189
5805	6	0	1146	25	0	1177
5806	0	1114	25	8	0	1147
5807	1163	23	7	2	0	1195
5808	30	5	0	1163	0	1198
5809	1165	2	0	24	0	1191
5810	23	7	1146	10	0	1186
5811	1072	0	22	12	0	1106
5812	23	1188	6	7	0	1224
5813	10	21	1176	7	0	1214
5814	3	8	1228	0	0	1239
5815	7	1	30	1197	0	1235
5816	10	2	1270	23	0	1305
5817	3	1261	23	16	0	1303
5818	9	23	5	1267	0	1304
5819	3	7	7	1298	0	1315
5820	6	7	3	1290	0	1306
5821	1287	1	1	32	0	1321
5822	23	1271	1	18	0	1313
5823	14	21	3	1306	0	1344
5824	2	11	7	1316	0	1336
5825	1249	0	1	34	0	1284
5826	24	1251	0	11	0	1286
5827	1289	22	8	9	0	1328
5828	1305	6	9	2	0	1322
5829	1297	2	3	19	0	1321
5830	35	0	1261	4	0	1300
5831	12	9	23	1230	0	1274
5832	4	1240	9	31	0	1284
5833	4	1278	4	14	0	1300
5834	7	25	1	1283	0	1316
5835	12	1267	1	23	0	1303
5836	1331	30	4	14	0	1379
5837	25	8	1328	10	0	1371
5838	1288	1	25	16	0	1330
5839	1364	2	9	8	0	1383
5840	36	11	1	1355	0	1403
5841	1376	1	4	27	0	1408
5842	31	1435	6	10	0	1482
5843	1478	28	5	13	0	1524
5844	1487	9	13	9	0	1518
5845	1602	4	4	21	0	1631
5846	37	8	1623	7	0	1675
5847	17	9	1601	8	0	1635
5848	9	2	38	1646	0	1695
5849	10	1615	15	27	0	1667
5850	16	1654	8	16	0	1694
5851	8	35	11	1626	0	1680
5852	1656	12	5	36	0	1709
5853	40	6	6	1648	0	1700
5854	15	6	5	1701	0	1727
5855	1674	5	2	49	0	1730
5856	34	1668	3	21	0	1726
5857	24	27	1639	15	0	1705
5858	23	14	1607	8	0	1652
5859	1648	6	38	12	0	1704
5860	38	3	17	1626	0	1684
5861	18	5	1693	29	0	1745
5862	9	3	33	1656	0	1701
5863	13	11	13	1649	0	1686
5864	12	13	5	1696	0	1726
5865	10	6	6	1678	0	1700
5866	17	1634	4	40	0	1695
5867	8	27	5	1679	0	1719
5868	1649	12	5	47	0	1713
5869	35	1648	9	15	0	1707
5870	1729	37	5	19	0	1790
5871	1762	17	8	14	0	1801
5872	1768	6	11	10	0	1795
5873	50	7	1694	7	0	1758
5874	1699	6	30	17	0	1752
5875	1757	5	18	8	0	1788
5876	1740	3	6	17	0	1766
5877	1755	3	7	15	0	1780
5878	37	1717	6	14	0	1774
5879	1718	27	7	15	0	1767
5880	32	23	1684	6	0	1745
5881	18	8	23	1646	0	1695
5882	17	5	8	1666	0	1696
5883	1670	9	4	37	0	1720
5884	34	1632	7	18	0	1691
5885	1587	19	3	10	0	1619
5886	27	1600	3	7	0	1637
5887	1550	11	4	11	0	1576
5888	1552	12	1	5	0	1570
5889	24	1644	5	2	0	1675
5890	1641	20	1	2	0	1664
5891	1739	10	1	2	0	1752
5892	37	1624	5	3	0	1669
5893	12	1676	6	1	0	1695
5894	1790	27	4	6	0	1827
5895	27	11	0	1803	0	1841
5896	1815	7	5	28	0	1855
5897	1854	7	1	15	0	1877
5898	1887	4	1	7	0	1899
5899	1892	1	3	10	0	1906
5900	41	1831	2	6	0	1880
5901	13	1873	1	6	0	1893
5902	1891	29	1	4	0	1925
5903	32	17	1853	2	0	1904
5904	20	5	25	1829	0	1879
5905	7	5	13	1882	0	1907
5906	1854	2	3	36	0	1895
5907	28	1826	2	16	0	1872
5908	22	23	4	1821	0	1870
5909	13	10	0	1872	0	1895
5910	1846	7	1	45	0	1899
5911	34	6	0	1845	0	1885
5912	1833	6	2	37	0	1878
5913	1821	9	3	19	0	1852
5914	1821	5	1	15	0	1842
5915	53	1	2	1794	0	1850
5916	25	5	1	1790	0	1821
5917	22	5	1929	38	0	1994
5918	24	2	1892	15	0	1933
5919	1930	7	48	12	0	1997
5920	47	3	21	1977	0	2048
5921	24	3	2153	44	0	2224
5922	15	9	2170	17	0	2211
5923	18	4	73	2164	0	2259
5924	10	2	2192	53	0	2257
5925	20	5	56	2170	0	2251
5926	23	8	29	2190	0	2250
5927	13	7	2200	83	0	2303
5928	14	5	57	2218	0	2294
5929	26	5	34	2156	0	2221
5930	17	5	11	2298	0	2331
5931	16	8	2200	89	0	2313
5932	21	0	51	2262	0	2334
5933	2257	8	31	76	0	2372
5934	60	2275	20	51	0	2406
5935	2313	50	5	32	0	2400
5936	69	31	2261	20	0	2381
5937	2288	12	58	31	0	2389
5938	2308	6	41	24	0	2379
5939	2332	9	19	23	0	2383
5940	110	12	12	2259	0	2393
5941	55	7	14	2315	0	2391
5942	27	1	2145	102	0	2275
5943	2033	3	65	50	0	2151
5944	71	2069	38	33	0	2211
5945	44	1953	18	22	0	2037
5946	21	2030	14	24	0	2089
5947	28	74	16	1953	0	2071
5948	1940	33	17	66	0	2056
5949	1976	12	9	50	0	2047
5950	87	8	1929	27	0	2051
5951	47	10	59	1943	0	2059
5952	30	7	32	1957	0	2026
5953	19	11	1901	91	0	2022
5954	22	8	1852	48	0	1930
5955	1858	9	82	33	0	1982
5956	70	1874	43	23	0	2010
5957	1903	45	25	29	0	2002
5958	1950	31	13	26	0	2020
5959	95	12	13	1906	0	2026
5960	58	8	15	1938	0	2019
5961	1875	5	17	96	0	1993
5962	74	9	13	1908	0	2004
5963	48	12	17	1920	0	1997
5964	1887	6	21	91	0	2005
5965	78	11	16	1918	0	2023
5966	1914	11	13	85	0	2023
5967	1937	12	18	50	0	2017
5968	94	9	1860	33	0	1996
5969	1872	4	59	38	0	1973
5970	1850	8	40	29	0	1927
5971	1862	7	28	26	0	1923
5972	95	8	1474	39	0	1616
5973	1764	9	44	32	0	1849
5974	74	1737	32	39	0	1882
5975	1791	51	29	35	0	1906
5976	1827	25	21	33	0	1906
5977	101	13	11	1786	0	1911
5978	64	10	16	1781	0	1871
5979	37	1769	16	88	0	1910
5980	27	53	18	1857	0	1955
5981	36	30	11	1899	0	1976
5982	1859	12	20	95	0	1986
5983	91	6	13	1869	0	1979
5984	61	6	10	1896	0	1973
5985	40	11	15	1884	0	1950
5986	38	1780	9	117	0	1944
5987	1774	48	17	62	0	1901
5988	74	1769	11	35	0	1889
5989	1676	52	10	34	0	1772
5990	77	31	1572	22	0	1702
5991	1486	12	43	30	0	1571
5992	68	13	1484	25	0	1590
5993	46	1440	48	20	0	1554
5994	1346	38	40	17	0	1441
5995	1316	26	13	20	0	1375
5996	63	1265	12	16	0	1356
5997	46	1272	8	12	0	1338
5998	1233	51	19	14	0	1317
5999	1252	30	8	11	0	1301
6000	65	12	6	1217	0	1300
6001	57	10	5	1234	0	1306
6002	24	9	1207	58	0	1298
6003	1194	12	33	42	0	1281
6004	54	7	21	1192	0	1274
6005	35	1198	15	46	0	1294
6006	29	31	8	1244	0	1312
6007	15	31	5	1253	0	1304
6008	19	15	1201	63	0	1298
6009	26	8	36	1219	0	1289
6010	1207	8	19	52	0	1286
6011	43	1167	10	38	0	1258
6012	33	1190	4	22	0	1249
6013	1190	47	10	21	0	1268
6014	1195	25	10	23	0	1253
6015	1188	10	8	14	0	1220
6016	63	1119	7	15	0	1204
6017	21	983	1	7	0	1012
6018	1044	25	9	5	0	1083
6019	1056	16	4	12	0	1088
6020	45	1018	5	9	0	1077
6021	5	843	3	4	0	855
6022	831	11	0	5	0	847
6023	15	3	1	820	0	839
6024	834	3	1	13	0	851
6025	15	1	0	829	0	845
6026	4	822	0	13	0	839
6027	5	814	3	5	0	827
6028	846	11	1	4	0	862
6029	847	4	1	7	0	859
6030	853	4	1	3	0	861
6031	18	861	0	2	0	881
6032	4	14	816	2	0	836
6033	2	798	9	2	0	811
6034	767	14	2	2	0	785
6035	762	3	0	1	0	766
6036	15	1	737	2	0	755
6037	2	739	11	1	0	753
6038	4	14	0	742	0	760
6039	5	1	1	723	0	730
6040	5	656	4	10	0	675
6041	4	13	722	1	0	740
6042	733	1	10	6	0	750
6043	13	3	1	744	0	761
6044	753	6	1	13	0	773
6045	763	3	1	1	0	768
6046	17	0	0	792	0	809
6047	6	4	2	828	0	840
6048	5	1	2	840	0	848
6049	5	3	1	851	0	860
6050	838	5	1	25	0	869
6051	862	3	0	7	0	872
6052	26	3	854	2	0	885
6053	10	3	21	852	0	886
6054	4	4	1	876	0	885
6055	7	3	1	883	0	894
6056	5	4	857	21	0	887
6057	7	1	20	846	0	874
6058	839	2	1	25	0	867
6059	23	2	3	837	0	865
6060	4	5	837	23	0	869
6061	7	2	19	837	0	865
6062	5	3	840	25	0	873
6063	865	2	21	6	0	894
6064	23	0	5	871	0	899
6065	864	2	3	28	0	897
6066	879	1	2	11	0	893
6067	29	0	2	874	0	905
6068	884	3	3	28	0	918
6069	28	9	1	862	0	900
6070	8	894	3	21	0	926
6071	936	21	2	12	0	971
6072	942	3	4	7	0	956
6073	957	4	1	9	0	971
6074	33	3	3	925	0	964
6075	11	3	3	960	0	977
6076	9	2	4	961	0	976
6077	7	5	918	29	0	959
6078	8	912	24	12	0	956
6079	14	21	3	880	0	918
6080	8	6	851	25	0	890
6081	847	4	20	6	0	877
6082	29	4	3	859	0	895
6083	9	2	840	29	0	880
6084	883	2	23	8	0	916
6085	26	4	2	906	0	938
6086	7	2	4	926	0	939
6087	8	0	3	944	0	955
6088	923	1	2	37	0	963
6089	939	3	4	13	0	959
6090	935	4	2	14	0	955
6091	27	891	5	8	0	931
6092	10	918	8	8	0	944
6093	924	19	4	15	0	962
6094	27	4	924	13	0	968
6095	10	3	20	928	0	961
6096	7	1	7	961	0	976
6097	930	1	2	34	0	967
6098	917	1	4	15	0	937
6099	24	929	4	18	0	975
6100	15	20	9	941	0	985
6101	10	3	931	29	0	973
6102	10	2	957	11	0	980
6103	14	3	23	957	0	997
6104	12	3	7	996	0	1018
6105	979	2	5	31	0	1017
6106	32	2	6	980	0	1020
6107	1000	2	4	39	0	1045
6108	1001	4	5	15	0	1025
6109	30	2	979	12	0	1023
6110	978	5	21	13	0	1017
6111	1014	2	3	13	0	1032
6112	1015	1	4	12	0	1032
6113	29	1003	6	11	0	1049
6114	13	1024	5	11	0	1053
6115	13	25	3	1027	0	1068
6116	9	3	1011	36	0	1059
6117	8	990	29	9	0	1036
6118	6	31	6	928	0	971
6119	10	3	2	934	0	949
6120	8	914	8	20	0	950
6121	920	17	5	6	0	948
6122	930	4	1	12	0	947
6123	26	0	947	3	0	976
6124	927	2	17	7	0	953
6125	23	1	927	10	0	961
6126	839	2	16	16	0	873
6127	23	2	870	11	0	906
6128	10	859	15	4	0	888
6129	7	16	11	806	0	840
6130	8	3	2	832	0	845
6131	829	4	2	16	0	851
6132	841	5	3	4	0	853
6133	835	2	0	9	0	846
6134	16	1	857	4	0	878
6135	8	0	14	835	0	857
6136	5	2	2	858	0	867
6137	863	0	2	17	0	882
6138	19	866	1	4	0	890
6139	923	13	3	5	0	944
6140	17	4	1	940	0	962
6141	7	1	6	955	0	969
6142	5	2	3	954	0	964
6143	4	2	3	956	0	965
6144	2	3	1	960	0	966
6145	6	930	2	17	0	955
6146	1	905	3	7	0	916
6147	2	869	0	2	0	873
6148	6	7	0	885	0	898
6149	3	1	875	4	0	883
6150	777	1	5	5	0	788
6151	4	858	0	0	0	862
6152	1	3	1	857	0	862
6153	4	0	1	856	0	861
6154	856	1	1	6	0	864
6155	832	2	0	3	0	837
6156	837	0	0	3	0	840
6157	3	0	0	900	0	903
6158	3	2	907	5	0	917
6159	4	1	919	2	0	926
6160	4	0	6	927	0	937
6161	0	5	954	6	0	965
6162	906	0	7	7	0	920
6163	7	0	2	927	0	936
6164	3	1	927	6	0	937
6165	5	1	5	900	0	911
6166	2	1	949	7	0	959
6167	1	1	992	3	0	997
6168	2	2	8	1052	0	1064
6169	1	0	1119	12	0	1132
6170	2	0	1087	2	0	1091
6171	1	1027	21	6	0	1055
6172	2	18	13	1076	0	1109
6173	1125	5	7	16	0	1153
6174	20	8	1	1097	0	1126
6175	9	1	0	1130	0	1140
6176	8	0	1121	22	0	1151
6177	1040	1	14	16	0	1071
6178	18	0	4	1132	0	1154
6179	7	1	11	1155	0	1174
6180	1141	0	3	22	0	1166
6181	16	1	0	1147	0	1164
6182	1131	0	3	30	0	1164
6183	1135	0	1	12	0	1148
6184	1133	1	2	11	0	1147
6185	30	1087	0	4	0	1121
6186	1121	14	2	5	0	1142
6187	26	1095	0	2	0	1123
6188	10	22	0	1124	0	1156
6189	1127	6	2	20	0	1155
6190	19	1132	0	7	0	1158
6191	1123	15	1	14	0	1153
6192	24	1118	1	2	0	1145
6193	1114	24	0	2	0	1140
6194	25	1085	2	1	0	1113
6195	5	1140	1	0	0	1146
6196	12	1208	0	1	0	1221
6197	6	26	0	1164	0	1196
6198	1	1205	0	12	0	1218
6199	6	24	1	1184	0	1215
6200	3	9	1	1198	0	1211
6201	4	10	1	1170	0	1185
6202	4	4	0	1200	0	1208
6203	1173	2	0	35	0	1210
6204	1170	2	0	24	0	1196
6205	21	2	1133	14	0	1170
6206	1178	2	15	5	0	1200
6207	1252	1	6	7	0	1266
6208	1280	2	9	8	0	1299
6209	34	3	1302	4	0	1343
6210	17	2	1309	2	0	1330
6211	1306	2	24	3	0	1335
6212	22	3	1353	3	0	1381
6213	13	1414	34	3	0	1464
6214	21	25	6	1418	0	1470
6215	1471	8	11	32	0	1522
6216	1486	12	5	12	0	1515
6217	1518	4	3	18	0	1543
6218	46	2	6	1493	0	1547
6219	29	1	3	1521	0	1554
6220	15	3	1558	32	0	1608
6221	9	3	28	1552	0	1592
6222	8	3	9	1610	0	1630
6223	1553	2	16	42	0	1613
6224	32	1570	2	20	0	1624
6225	1589	26	2	24	0	1641
6226	45	11	5	1604	0	1665
6227	1587	12	4	41	0	1644
6228	1583	6	5	16	0	1610
6229	1551	2	5	19	0	1577
6230	43	1511	4	7	0	1565
6231	22	1566	5	11	0	1604
6232	16	33	5	1574	0	1628
6233	1580	16	5	36	0	1637
6234	38	11	3	1554	0	1606
6235	19	6	3	1589	0	1617
6236	21	6	1562	38	0	1627
6237	18	5	29	1541	0	1593
6238	14	7	9	1554	0	1584
6239	13	5	12	1528	0	1558
6240	11	3	1499	50	0	1563
6241	13	7	1457	23	0	1500
6242	8	1485	34	19	0	1546
6243	1497	30	15	15	0	1557
6244	37	11	9	1504	0	1561
6245	20	11	1520	39	0	1590
6246	25	5	31	1493	0	1554
6247	13	5	7	1624	0	1649
6248	1595	3	14	42	0	1654
6249	1588	8	6	27	0	1629
6250	38	1587	7	18	0	1650
6251	1602	31	7	13	0	1653
6252	1597	11	6	14	0	1628
6253	47	16	8	1591	0	1662
6254	25	7	1578	34	0	1644
6255	22	1591	28	14	0	1655
6256	1584	29	9	18	0	1640
6257	1587	7	9	15	0	1618
6258	42	1653	5	11	0	1711
6259	31	30	1	1698	0	1760
6260	1752	6	5	41	0	1804
6261	1769	14	6	18	0	1807
6262	41	3	5	1767	0	1816
6263	1786	3	9	49	0	1847
6264	1887	3	6	23	0	1919
6265	1881	4	5	29	0	1919
6266	60	5	1870	11	0	1946
6267	30	1779	31	13	0	1853
6268	26	1846	8	11	0	1891
6269	1781	26	4	16	0	1827
6270	37	1781	4	8	0	1830
6271	22	27	1779	10	0	1838
6272	24	16	22	1776	0	1838
6273	1797	9	9	30	0	1845
6274	37	10	7	1797	0	1851
6275	1818	6	4	41	0	1869
6276	1809	9	2	26	0	1846
6277	1816	4	7	17	0	1844
6278	47	1743	11	13	0	1814
6279	26	1829	9	12	0	1876
6280	1825	33	12	16	0	1886
6281	1805	22	2	21	0	1850
6282	1845	12	11	12	0	1880
6283	48	13	8	1820	0	1889
6284	1792	21	9	36	0	1858
6285	43	1754	11	20	0	1828
6286	26	1854	3	23	0	1906
6287	30	27	6	1828	0	1891
6288	17	16	1791	41	0	1865
6289	33	8	1765	21	0	1827
6290	30	7	30	1782	0	1849
6291	29	9	1806	26	0	1870
6292	16	18	24	1804	0	1862
6293	1816	14	12	35	0	1877
6294	48	12	12	1805	0	1877
6295	1789	12	9	36	0	1846
6296	44	1729	7	24	0	1804
6297	24	28	1749	21	0	1822
6298	28	19	27	1683	0	1757
6299	21	22	11	1742	0	1796
6300	16	15	1755	46	0	1832
6301	27	5	26	1703	0	1761
6302	17	1739	23	31	0	1810
6303	13	28	18	1799	0	1858
6304	25	11	10	1837	0	1883
6305	23	10	13	1904	0	1950
6306	20	5	1892	57	0	1974
6307	20	5	1761	29	0	1815
6308	1632	8	38	36	0	1714
6309	38	6	1675	16	0	1735
6310	18	1671	31	15	0	1735
6311	1667	22	21	21	0	1731
6312	32	1664	12	19	0	1727
6313	1612	25	24	16	0	1677
6314	1611	13	19	16	0	1659
6315	1581	12	6	18	0	1617
6316	1572	15	9	12	0	1608
6317	38	1505	7	17	0	1567
6318	22	1537	7	17	0	1583
6319	1555	29	8	18	0	1610
6320	33	11	1504	13	0	1561
6321	28	11	27	1463	0	1529
6322	29	7	19	1498	0	1553
6323	19	6	1512	25	0	1562
6324	1407	19	21	21	0	1468
6325	1503	9	15	14	0	1541
6326	1479	16	11	11	0	1517
6327	47	1457	10	8	0	1522
6328	1550	19	5	12	0	1586
6329	46	16	4	1494	0	1560
6330	39	1607	9	17	0	1672
6331	1659	30	3	20	0	1712
6332	1657	24	7	10	0	1698
6333	1764	20	6	15	0	1805
6334	52	18	14	1726	0	1810
6335	42	9	7	1740	0	1798
6336	26	1693	11	46	0	1776
6337	21	29	1728	26	0	1804
6338	36	17	26	1729	0	1808
6339	33	12	27	1722	0	1794
6340	34	10	9	1795	0	1848
6341	22	15	1773	58	0	1868
6342	1732	9	29	37	0	1807
6343	42	14	17	1805	0	1878
6344	31	17	1803	37	0	1888
6345	36	8	27	1767	0	1838
6346	1805	11	23	43	0	1882
6347	46	1777	14	28	0	1865
6348	34	27	14	1825	0	1900
6349	27	20	1813	47	0	1907
6350	1717	20	35	43	0	1815
6351	1803	5	32	35	0	1875
6352	48	11	1813	31	0	1903
6353	31	22	41	1713	0	1807
6354	18	1781	25	51	0	1875
6355	1812	31	24	29	0	1896
6356	54	16	1779	21	0	1870
6357	1758	12	38	24	0	1832
6358	50	6	1706	14	0	1776
6359	31	7	1589	22	0	1649
6360	1532	10	48	15	0	1605
6361	36	1564	30	12	0	1642
6362	41	22	1545	16	0	1624
6363	14	1509	33	11	0	1567
6364	20	31	1473	11	0	1535
6365	14	1463	37	11	0	1525
6366	1418	33	32	11	0	1494
6367	35	17	1391	11	0	1454
6368	19	16	1361	9	0	1405
6369	12	4	1322	8	0	1346
6370	1292	4	38	9	0	1343
6371	1311	4	18	3	0	1336
6372	39	6	6	1261	0	1312
6373	16	1	1349	25	0	1391
6374	8	4	1338	14	0	1364
6375	1319	7	37	9	0	1372
6376	33	4	22	1338	0	1397
6377	1352	3	7	30	0	1392
6378	1356	3	5	18	0	1382
6379	37	2	9	1292	0	1340
6380	21	1293	14	20	0	1348
6381	12	23	11	1313	0	1359
6382	18	15	7	1339	0	1379
6383	11	7	1307	40	0	1365
6384	11	1285	26	22	0	1344
6385	15	1313	19	8	0	1355
6386	11	33	9	1271	0	1324
6387	11	19	1274	26	0	1330
6388	4	1272	36	16	0	1328
6389	11	24	1295	11	0	1341
6390	1253	16	29	8	0	1306
6391	1287	7	22	10	0	1326
6392	33	13	1280	4	0	1330
6393	1272	10	26	10	0	1318
6394	34	2	25	1257	0	1318
6395	24	1293	12	21	0	1350
6396	17	20	10	1319	0	1366
6397	1279	18	14	29	0	1340
6398	1299	3	13	19	0	1334
6399	1302	6	11	12	0	1331
6400	1286	8	7	7	0	1308
6401	36	1231	8	13	0	1288
6402	26	1252	6	8	0	1292
6403	1233	26	17	11	0	1287
6404	34	14	1238	7	0	1293
6405	25	28	21	1175	0	1249
6406	12	1231	13	21	0	1277
6407	11	21	11	1218	0	1261
6408	7	1266	7	20	0	1300
6409	7	28	9	1268	0	1312
6410	6	16	1263	26	0	1311
6411	1241	3	27	18	0	1289
6412	1270	8	20	9	0	1307
6413	34	9	1284	3	0	1330
6414	1271	10	26	10	0	1317
6415	1293	4	19	11	0	1327
6416	43	7	1271	4	0	1325
6417	24	4	27	1234	0	1289
6418	1266	2	22	30	0	1320
6419	35	7	1250	10	0	1302
6420	28	2	30	1216	0	1276
6421	14	5	1277	28	0	1324
6422	11	2	1256	19	0	1288
6423	1235	6	39	11	0	1291
6424	1286	7	17	7	0	1317
6425	1282	3	13	14	0	1312
6426	1316	3	10	7	0	1336
6427	51	6	11	1260	0	1328
6428	23	1174	15	28	0	1240
6429	19	1230	5	13	0	1267
6430	15	32	7	1140	0	1194
6431	1134	13	8	29	0	1184
6432	35	1096	8	13	0	1152
6433	8	1063	3	10	0	1084
6434	1046	32	5	2	0	1085
6435	28	14	4	1046	0	1092
6436	1051	2	5	27	0	1085
6437	30	1029	3	7	0	1069
6438	1037	27	3	4	0	1071
6439	32	11	1087	2	0	1132
6440	1251	1	39	7	0	1298
6441	1299	8	10	10	0	1327
6442	1359	9	3	4	0	1375
6443	51	7	1181	12	0	1251
6444	1290	2	37	5	0	1334
6445	47	1297	12	5	0	1361
6446	25	38	1281	0	0	1344
6447	29	22	36	1198	0	1285
6448	20	5	17	1191	0	1233
6449	11	1190	7	38	0	1246
6450	10	39	2	1215	0	1266
6451	10	14	5	1238	0	1267
6452	4	3	1200	45	0	1252
6453	1153	5	28	26	0	1212
6454	37	4	1210	9	0	1260
6455	23	5	33	1197	0	1258
6456	7	2	1215	35	0	1259
6457	14	4	32	1210	0	1260
6458	1245	5	18	35	0	1303
6459	1294	0	13	22	0	1329
6460	51	2	7	1289	0	1349
6461	22	2	1295	41	0	1360
6462	17	5	37	1301	0	1360
6463	11	3	1269	44	0	1327
6464	1262	4	35	21	0	1322
6465	1294	3	22	9	0	1328
6466	1268	1	8	17	0	1294
6467	1274	6	13	14	0	1307
6468	51	1212	9	15	0	1287
6469	32	31	9	1229	0	1301
6470	1207	15	6	46	0	1274
6471	40	1185	9	24	0	1258
6472	32	1239	6	7	0	1284
6473	16	42	1142	11	0	1211
6474	1145	16	44	10	0	1215
6475	1198	7	18	13	0	1236
6476	59	6	1143	10	0	1218
6477	32	8	42	1138	0	1220
6478	21	6	21	1185	0	1233
6479	26	3	1155	50	0	1234
6480	27	3	41	1149	0	1220
6481	1156	8	20	43	0	1227
6482	40	6	1122	31	0	1199
6483	26	2	1160	19	0	1207
6484	1129	5	52	15	0	1201
6485	48	8	1150	9	0	1215
6486	1140	5	43	7	0	1195
6487	59	1131	19	6	0	1215
6488	1160	30	14	11	0	1215
6489	54	17	15	1127	0	1213
6490	25	16	7	1167	0	1215
6491	1145	14	6	57	0	1222
6492	46	9	13	1147	0	1215
6493	1145	11	5	48	0	1209
6494	51	1155	7	25	0	1238
6495	27	40	13	1110	0	1190
6496	20	13	13	1179	0	1225
6497	1147	4	8	61	0	1220
6498	1165	12	14	27	0	1218
6499	1152	9	6	21	0	1188
6500	56	1073	10	19	0	1158
6501	36	1125	14	16	0	1191
6502	1130	40	7	17	0	1194
6503	56	17	1073	17	0	1163
6504	33	1059	38	10	0	1140
6505	975	30	36	7	0	1048
6506	948	12	7	7	0	974
6507	938	6	13	2	0	959
6508	46	8	9	889	0	952
6509	901	7	6	28	0	942
6510	890	4	3	24	0	921
6511	49	4	5	859	0	917
6512	883	3	2	36	0	924
6513	38	3	824	22	0	887
6514	26	3	23	830	0	882
6515	16	5	16	844	0	881
6516	15	3	9	866	0	893
6517	837	1	4	49	0	891
6518	855	4	5	26	0	890
6519	871	5	3	16	0	895
6520	855	2	4	15	0	876
6521	846	3	3	12	0	864
6522	43	6	7	789	0	845
6523	32	6	4	812	0	854
6524	801	3	4	36	0	844
6525	31	778	8	16	0	833
6526	781	21	6	11	0	819
6527	35	13	746	9	0	803
6528	795	5	20	6	0	826
6529	801	3	11	9	0	824
6530	44	4	822	12	0	882
6531	876	1	31	5	0	913
6532	45	1	857	7	0	910
6533	27	3	901	7	0	938
6534	22	4	44	881	0	951
6535	20	4	28	926	0	978
6536	14	3	924	45	0	986
6537	9	0	960	29	0	998
6538	5	907	41	20	0	973
6539	7	881	19	15	0	922
6540	675	21	14	7	0	717
6541	18	738	4	4	0	764
6542	684	18	3	3	0	708
6543	17	676	3	3	0	699
6544	673	19	3	1	0	696
6545	18	9	648	1	0	676
6546	656	7	13	3	0	679
6547	20	4	7	645	0	676
6548	10	643	5	14	0	672
6549	9	15	2	657	0	683
6550	655	8	1	15	0	679
6551	667	5	1	8	0	681
6552	25	4	1	659	0	689
6553	15	1	630	15	0	661
6554	6	1	625	11	0	643
6555	5	646	16	5	0	672
6556	3	16	11	677	0	707
6557	2	9	680	15	0	706
6558	2	614	14	8	0	638
6559	3	22	7	590	0	622
6560	1	6	4	608	0	619
6561	578	4	3	15	0	600
6562	12	2	4	580	0	598
6563	6	1	566	15	0	588
6564	5	1	11	575	0	592
6565	555	0	7	18	0	580
6566	11	3	587	9	0	610
6567	581	1	12	10	0	604
6568	15	604	10	4	0	633
6569	628	12	4	2	0	646
6570	631	6	2	2	0	641
6571	19	5	3	614	0	641
6572	13	3	1	625	0	642
6573	8	619	0	17	0	644
6574	7	10	1	631	0	649
6575	623	6	2	17	0	648
6576	13	5	619	8	0	645
6577	8	4	12	614	0	638
6578	8	611	5	13	0	637
6579	8	8	5	627	0	648
6580	3	6	3	642	0	654
6581	634	4	1	19	0	658
6582	11	619	0	11	0	641
6583	8	11	0	628	0	647
6584	625	7	3	14	0	649
6585	13	4	3	632	0	652
6586	6	5	1	647	0	659
6587	659	3	2	20	0	684
6588	652	0	2	17	0	671
6589	19	3	657	10	0	689
6590	650	2	9	5	0	666
6591	672	2	4	7	0	685
6592	673	1	4	6	0	684
6593	21	642	2	3	0	668
6594	11	641	2	5	0	659
6595	11	14	1	645	0	671
6596	641	8	2	14	0	665
6597	652	5	3	8	0	668
6598	18	3	1	640	0	662
6599	15	2	653	13	0	683
6600	660	1	12	7	0	680
6601	707	2	5	7	0	721
6602	17	3	4	689	0	713
6603	11	1	2	703	0	717
6604	709	1	1	17	0	728
6605	15	2	1	701	0	719
6606	9	694	1	20	0	724
6607	6	10	2	716	0	734
6608	717	5	1	18	0	741
6609	15	5	710	9	0	739
6610	658	2	11	11	0	682
6611	15	3	693	6	0	717
6612	12	1	14	688	0	715
6613	712	1	8	15	0	736
6614	14	2	4	729	0	749
6615	10	1	1	738	0	750
6616	719	1	1	23	0	744
6617	13	3	725	13	0	754
6618	10	2	744	7	0	763
6619	7	0	15	762	0	784
6620	6	0	10	782	0	798
6621	7	2	6	814	0	829
6622	4	0	806	21	0	831
6623	773	0	11	18	0	802
6624	836	1	5	10	0	852
6625	834	3	4	8	0	849
6626	837	2	3	9	0	851
6627	24	810	1	2	0	837
6628	13	812	2	3	0	830
6629	7	819	1	5	0	832
6630	7	4	4	723	0	738
6631	4	1	6	745	0	756
6632	6	1	734	3	0	744
6633	2	670	3	0	0	675
6634	2	0	7	650	0	659
6635	639	0	0	2	0	641
6636	0	622	0	2	0	624
6637	0	0	0	609	0	609
6638	1	618	0	1	0	620
6639	615	4	1	5	0	625
6640	3	1	0	600	0	604
6641	0	0	595	1	0	596
6642	1	1	566	0	0	568
6643	1	0	5	595	0	601
6644	2	1	0	589	0	592
6645	1	0	1	631	0	633
6646	628	1	0	10	0	639
6647	8	0	620	1	0	629
6648	0	615	8	2	0	625
6649	2	4	0	618	0	624
6650	1	1	621	7	0	630
6651	0	617	8	0	0	625
6652	2	7	0	638	0	647
6653	0	0	639	8	0	647
6654	0	3	8	619	0	630
6655	1	0	0	639	0	640
6656	625	0	1	9	0	635
6657	626	0	1	4	0	631
6658	8	0	0	625	0	633
6659	625	0	0	8	0	633
6660	7	1	634	0	0	642
6661	2	0	7	634	0	643
6662	1	2	656	9	0	668
6663	2	0	9	660	0	671
6664	0	645	1	12	0	658
6665	0	678	2	1	0	681
6666	0	664	3	1	0	668
6667	0	6	1	674	0	681
6668	0	3	0	738	0	741
6669	0	3	748	13	0	764
6670	3	1	746	2	0	752
6671	1	3	820	2	0	826
6672	864	1	13	6	0	884
6673	19	0	4	918	0	941
6674	941	0	3	22	0	966
6675	17	961	1	3	0	982
6676	5	21	0	970	0	996
6677	988	7	1	22	0	1018
6678	27	4	1	990	0	1022
6679	991	1	0	31	0	1023
6680	28	0	1019	7	0	1054
6681	7	1023	23	4	0	1057
6682	7	22	8	1035	0	1072
6683	1044	5	5	24	0	1078
6684	1059	4	1	9	0	1073
6685	33	2	0	1061	0	1096
6686	12	1	3	1092	0	1108
6687	1053	1	0	36	0	1090
6688	30	0	2	1035	0	1067
6689	9	2	1029	29	0	1069
6690	6	1028	22	11	0	1067
6691	5	22	8	1037	0	1072
6692	1041	8	7	31	0	1087
6693	1046	4	2	9	0	1061
6694	35	3	1040	7	0	1085
6695	15	1001	24	5	0	1045
6696	11	1069	8	12	0	1100
6697	2	29	6	1070	0	1107
6698	11	12	1	1080	0	1104
6699	6	6	1	1076	0	1089
6700	4	2	6	1062	0	1074
6701	3	1032	5	36	0	1076
6702	5	28	1	1059	0	1093
6703	9	9	2	1066	0	1086
6704	1033	4	2	40	0	1079
6705	1062	2	3	18	0	1085
6706	36	1045	5	12	0	1098
6707	1065	29	1	10	0	1105
6708	1076	11	3	10	0	1100
6709	1079	6	4	11	0	1100
6710	39	7	1042	10	0	1098
6711	21	4	23	1052	0	1100
6712	13	5	10	1089	0	1117
6713	8	2	1042	44	0	1096
6714	6	5	26	1024	0	1061
6715	12	6	8	990	0	1016
6716	1024	6	6	37	0	1073
6717	30	6	1011	20	0	1067
6718	13	6	25	985	0	1029
6719	977	3	9	38	0	1027
6720	33	966	8	16	0	1023
6721	955	28	7	14	0	1004
6722	959	12	3	12	0	986
6723	38	924	4	10	0	976
6724	18	27	2	942	0	989
6725	940	13	2	36	0	991
6726	32	912	1	24	0	969
6727	21	27	4	929	0	981
6728	916	10	3	39	0	968
6729	917	10	4	16	0	947
6730	42	880	5	16	0	943
6731	895	28	2	12	0	937
6732	38	10	4	893	0	945
6733	896	5	5	36	0	942
6734	38	8	870	14	0	930
6735	16	4	28	888	0	936
6736	17	3	12	906	0	938
6737	866	3	8	36	0	913
6738	30	849	6	25	0	910
6739	848	27	8	16	0	899
6740	36	832	4	9	0	881
6741	17	31	795	11	0	854
6742	17	11	790	10	0	828
6743	19	14	26	765	0	824
6744	9	8	785	26	0	828
6745	13	4	23	785	0	825
6746	8	5	12	780	0	805
6747	9	3	5	813	0	830
6748	798	4	2	43	0	847
6749	791	7	5	16	0	819
6750	833	4	4	10	0	851
6751	38	816	2	16	0	872
6752	24	886	1	10	0	921
6753	13	31	975	8	0	1027
6754	11	18	22	981	0	1032
6755	10	9	987	36	0	1042
6756	11	6	37	980	0	1034
6757	8	4	22	1021	0	1055
6758	15	5	14	1029	0	1063
6759	12	10	973	57	0	1052
6760	14	3	32	980	0	1029
6761	960	4	21	48	0	1033
6762	37	928	14	30	0	1009
6763	16	33	12	973	0	1034
6764	965	21	8	44	0	1038
6765	964	11	7	33	0	1015
6766	52	7	3	952	0	1014
6767	33	6	8	934	0	981
6768	863	5	7	55	0	930
6769	33	2	4	866	0	905
6770	801	5	7	38	0	851
6771	39	7	3	754	0	803
6772	23	2	668	40	0	733
6773	19	611	19	23	0	672
6774	11	641	17	16	0	685
6775	8	21	13	618	0	660
6776	10	9	15	616	0	650
6777	598	6	3	28	0	635
6778	17	5	2	613	0	637
6779	17	6	0	609	0	632
6780	9	2	2	579	0	592
6781	4	542	3	28	0	577
6782	7	18	1	574	0	600
6783	5	13	1	574	0	593
6784	5	4	2	574	0	585
6785	527	3	2	35	0	567
6786	14	523	2	22	0	561
6787	15	14	2	539	0	570
6788	4	9	1	547	0	561
6789	2	6	1	551	0	560
6790	518	5	2	32	0	557
6791	18	2	0	530	0	550
6792	13	3	1	533	0	550
6793	5	2	484	34	0	525
6794	5	476	9	19	0	509
6795	4	13	8	490	0	515
6796	468	9	4	22	0	503
6797	10	472	2	24	0	508
6798	473	14	2	11	0	500
6799	478	10	1	7	0	496
6800	20	5	1	475	0	501
6801	14	3	3	478	0	498
6802	8	6	478	21	0	513
6803	6	7	11	494	0	518
6804	8	2	499	25	0	534
6805	7	3	16	507	0	533
6806	472	4	11	27	0	514
6807	20	480	8	15	0	523
6808	13	14	4	519	0	550
6809	3	10	3	534	0	550
6810	3	3	5	529	0	540
6811	5	4	4	525	0	538
6812	500	4	3	36	0	543
6813	14	498	4	24	0	540
6814	14	12	1	542	0	569
6815	536	9	3	26	0	574
6816	19	8	517	22	0	566
6817	520	5	12	18	0	555
6818	537	5	10	15	0	567
6819	22	5	526	15	0	568
6820	19	2	13	562	0	596
6821	570	4	12	16	0	602
6822	19	556	6	20	0	601
6823	595	14	3	18	0	630
6824	596	11	8	7	0	622
6825	596	3	6	13	0	618
6826	32	3	1	589	0	625
6827	24	6	2	602	0	634
6828	10	683	4	31	0	728
6829	13	18	1	740	0	772
6830	744	12	1	27	0	784
6831	24	10	724	21	0	779
6832	729	5	19	12	0	765
6833	774	5	9	13	0	801
6834	35	4	7	755	0	801
6835	16	2	4	786	0	808
6836	768	3	3	34	0	808
6837	764	5	2	24	0	795
6838	733	3	3	20	0	759
6839	38	3	751	12	0	804
6840	17	752	19	15	0	803
6841	770	18	12	13	0	813
6842	33	8	3	771	0	815
6843	17	760	3	25	0	805
6844	10	22	3	769	0	804
6845	768	13	3	29	0	813
6846	29	5	3	763	0	800
6847	17	7	768	32	0	824
6848	7	763	20	20	0	810
6849	7	793	10	15	0	825
6850	8	23	729	12	0	772
6851	665	8	15	21	0	709
6852	22	678	10	11	0	721
6853	4	14	3	556	0	577
6854	559	1	1	10	0	571
6855	10	553	1	2	0	566
6856	4	10	2	557	0	573
6857	565	2	1	10	0	578
6858	14	0	2	557	0	573
6859	555	2	0	12	0	569
6860	10	1	562	4	0	577
6861	4	561	8	1	0	574
6862	577	10	1	8	0	596
6863	574	1	0	6	0	581
6864	583	0	2	2	0	587
6865	9	2	542	3	0	556
6866	550	1	7	1	0	559
6867	568	1	2	2	0	573
6868	10	1	0	568	0	579
6869	569	0	1	12	0	582
6870	13	555	3	2	0	573
6871	8	8	1	564	0	581
6872	3	2	565	10	0	580
6873	3	3	11	552	0	569
6874	2	4	2	569	0	577
6875	568	1	0	11	0	580
6876	565	2	2	4	0	573
6877	13	5	552	2	0	572
6878	543	0	10	6	0	559
6879	14	2	552	2	0	570
6880	4	1	7	551	0	563
6881	4	0	548	13	0	565
6882	5	5	7	540	0	557
6883	5	542	2	10	0	559
6884	4	7	550	2	0	563
6885	4	4	563	2	0	573
6886	9	3	12	480	0	504
6887	568	2	1	15	0	586
6888	572	2	2	3	0	579
6889	569	2	4	3	0	578
6890	15	1	1	564	0	581
6891	7	1	1	568	0	577
6892	5	0	1	573	0	579
6893	6	1	1	568	0	576
6894	2	3	556	11	0	572
6895	2	2	10	551	0	565
6896	6	540	2	12	0	560
6897	2	9	3	553	0	567
6898	553	1	1	15	0	570
6899	12	1	565	4	0	582
6900	521	2	5	7	0	535
6901	12	1	577	3	0	593
6902	5	1	576	4	0	586
6903	6	563	10	1	0	580
6904	7	11	6	497	0	521
6905	2	2	4	572	0	580
6906	2	528	6	10	0	546
6907	614	11	2	6	0	633
6908	16	4	3	647	0	670
6909	9	1	2	728	0	740
6910	3	2	2	769	0	776
6911	853	1	2	31	0	887
6912	899	0	1	12	0	912
6913	39	1	2	869	0	911
6914	13	0	0	886	0	899
6915	838	2	1	44	0	885
6916	36	1	2	854	0	893
6917	15	3	1	874	0	893
6918	6	0	3	891	0	900
6919	9	1	824	45	0	879
6920	797	1	27	23	0	848
6921	826	2	7	19	0	854
6922	43	1	794	13	0	851
6923	19	4	31	740	0	794
6924	9	772	12	34	0	827
6925	766	30	2	18	0	816
6926	34	768	11	13	0	826
6927	17	765	5	14	0	801
6928	10	28	4	664	0	706
6929	626	10	4	32	0	672
6930	667	5	3	14	0	689
6931	41	8	1	639	0	689
6932	18	3	2	657	0	680
6933	9	6	1	654	0	670
6934	13	6	0	657	0	676
6935	5	5	0	646	0	656
6936	7	615	1	39	0	662
6937	8	24	1	634	0	667
6938	621	5	2	36	0	664
6939	645	3	1	20	0	669
6940	639	2	1	18	0	660
6941	34	623	3	14	0	674
6942	14	27	0	641	0	682
6943	7	11	626	34	0	678
6944	612	5	26	18	0	661
6945	32	11	6	619	0	668
6946	625	5	2	32	0	664
6947	601	2	1	16	0	620
6948	610	3	2	8	0	623
6949	43	4	2	567	0	616
6950	579	3	4	34	0	620
6951	34	3	2	575	0	614
6952	15	3	3	589	0	610
6953	566	1	3	41	0	611
6954	35	3	1	576	0	615
6955	567	3	0	36	0	606
6956	588	0	1	20	0	609
6957	47	1	0	561	0	609
6958	20	3	0	581	0	604
6959	11	1	0	598	0	610
6960	12	6	531	45	0	594
6961	11	1	560	21	0	593
6962	9	0	31	544	0	584
6963	13	1	8	554	0	576
6964	10	0	3	565	0	578
6965	10	1	5	564	0	580
6966	7	1	2	573	0	583
6967	529	2	5	42	0	578
6968	27	516	8	22	0	573
6969	15	24	5	540	0	584
6970	542	9	6	41	0	598
6971	31	2	1	562	0	596
6972	13	5	2	571	0	591
6973	540	2	0	42	0	584
6974	561	2	1	20	0	584
6975	41	4	521	13	0	579
6976	16	2	24	543	0	585
6977	12	3	531	38	0	584
6978	10	1	27	541	0	579
6979	7	2	8	553	0	570
6980	9	1	4	568	0	582
6981	9	2	523	43	0	577
6982	9	523	28	20	0	580
6983	8	547	9	17	0	581
6984	9	27	8	540	0	584
6985	520	8	5	43	0	576
6986	28	4	514	15	0	561
6987	10	5	554	15	0	584
6988	4	2	34	548	0	588
6989	4	6	12	559	0	581
6990	6	546	6	36	0	594
6991	6	27	7	558	0	598
6992	9	8	6	589	0	612
6993	8	4	5	597	0	614
6994	570	3	7	38	0	618
6995	590	4	7	20	0	621
6996	34	2	5	587	0	628
6997	10	575	1	40	0	626
6998	11	25	2	585	0	623
6999	555	9	2	37	0	603
7000	28	564	3	20	0	615
7001	16	25	0	535	0	576
7002	10	532	2	27	0	571
7003	537	23	2	18	0	580
7004	533	8	8	11	0	560
7005	26	518	4	15	0	563
7006	9	526	3	8	0	546
7007	9	26	467	7	0	509
7008	5	429	16	5	0	455
7009	4	16	4	355	0	379
7010	4	3	338	13	0	358
7011	0	223	5	2	0	230
7012	0	3	0	200	0	203
7013	0	0	0	210	0	210
7014	0	0	0	205	0	205
7015	199	0	0	3	0	202
7016	3	1	194	0	0	198
7017	0	0	204	0	0	204
7018	0	0	3	203	0	206
7019	0	0	203	5	0	208
7020	0	0	2	204	0	206
7021	1	0	0	194	0	195
7022	0	0	0	212	0	212
7023	0	0	0	214	0	214
7024	209	0	0	3	0	212
7025	212	0	0	0	0	212
7026	3	0	0	209	0	212
7027	0	0	215	3	0	218
7028	0	0	3	215	0	218
7029	0	209	0	3	0	212
7030	0	3	0	202	0	205
7031	209	0	0	3	0	212
7032	212	0	0	0	0	212
7033	3	1	0	208	0	212
7034	1	0	0	209	0	210
7035	1	0	0	214	0	215
7036	211	1	0	3	0	215
7037	3	1	210	0	0	214
7038	0	0	210	0	0	210
7039	0	207	3	0	0	210
7040	203	2	0	1	0	206
7041	2	0	1	203	0	206
7042	0	1	203	2	0	206
7043	0	200	1	1	0	202
7044	0	204	0	1	0	205
7045	0	1	0	201	0	202
7046	1	0	0	210	0	211
7047	0	206	1	2	0	209
7048	0	2	1	214	0	217
7049	0	0	0	216	0	216
7050	213	0	1	2	0	216
7051	2	212	0	1	0	215
7052	0	2	0	213	0	215
7053	0	0	212	4	0	216
7054	1	0	2	210	0	213
7055	213	0	1	4	0	218
7056	3	231	1	0	0	235
7057	0	2	0	230	0	232
7058	0	0	226	3	0	229
7059	0	1	229	0	0	230
7060	0	1	3	228	0	232
7061	0	0	0	238	0	238
7062	233	0	0	5	0	238
7063	6	254	0	0	0	260
7064	256	4	0	3	0	263
7065	5	0	262	2	0	269
7066	253	1	4	1	0	259
7067	5	1	272	1	0	279
7068	270	1	5	0	0	276
7069	273	1	1	0	0	275
7070	4	3	278	0	0	285
7071	1	1	272	1	0	275
7072	0	274	3	2	0	279
7073	1	5	1	288	0	295
7074	289	2	0	6	0	297
7075	4	2	0	291	0	297
7076	0	0	1	302	0	303
7077	2	1	0	300	0	303
7078	0	0	306	5	0	311
7079	279	0	6	2	0	287
7080	312	1	0	3	0	316
7081	6	317	1	0	0	324
7082	0	5	0	321	0	326
7083	0	342	0	4	0	346
7084	0	3	1	351	0	355
7085	347	1	0	7	0	355
7086	6	353	0	1	0	360
7087	4	4	0	332	0	340
7088	334	1	0	5	0	340
7089	336	0	1	2	0	339
7090	6	0	0	332	0	338
7091	1	0	330	4	0	335
7092	3	0	3	317	0	323
7093	1	334	1	3	0	339
7094	332	4	0	2	0	338
7095	3	321	1	1	0	326
7096	2	3	1	319	0	325
7097	324	1	0	6	0	331
7098	4	0	1	334	0	339
7099	2	1	1	340	0	344
7100	2	0	343	4	0	349
7101	0	342	5	1	0	348
7102	334	1	0	1	0	336
7103	307	1	1	4	0	313
7104	3	332	0	2	0	337
7105	2	340	0	0	0	342
7106	1	3	1	332	0	337
7107	334	2	0	4	0	340
7108	2	334	1	1	0	338
7109	2	1	1	330	0	334
7110	2	1	327	2	0	332
7111	0	0	3	330	0	333
7112	339	0	1	3	0	343
7113	3	342	0	2	0	347
7114	1	2	2	354	0	359
7115	1	1	354	2	0	358
7116	0	1	342	1	0	344
7117	1	1	2	339	0	343
7118	3	0	1	353	0	357
7119	0	351	0	5	0	356
7120	0	2	0	356	0	358
7121	362	1	0	4	0	367
7122	2	1	1	359	0	363
7123	360	0	0	4	0	364
7124	4	359	1	1	0	365
7125	3	378	0	0	0	381
7126	0	3	1	391	0	395
7127	2	2	1	389	0	394
7128	0	0	393	5	0	398
7129	3	0	2	386	0	391
7130	395	0	1	2	0	398
7131	2	1	386	2	0	391
7132	3	0	2	389	0	394
7133	2	0	411	2	0	415
7134	1	0	2	407	0	410
7135	2	0	1	398	0	401
7136	1	0	1	406	0	408
7137	0	2	414	4	0	420
7138	1	0	2	412	0	415
7139	0	414	2	2	0	418
7140	1	3	0	434	0	438
7141	2	2	0	422	0	426
7142	428	1	0	5	0	434
7143	4	1	425	3	0	433
7144	1	1	4	434	0	440
7145	0	2	431	5	0	438
7146	2	0	423	2	0	427
7147	4	2	4	446	0	456
7148	1	2	0	439	0	442
7149	1	2	0	463	0	466
7150	460	0	0	6	0	466
7151	5	0	460	2	0	467
7152	463	1	5	2	0	471
7153	3	0	2	480	0	485
7154	1	1	1	500	0	503
7155	1	531	0	5	0	537
7156	1	2	0	528	0	531
7157	3	2	0	529	0	534
7158	2	0	0	539	0	541
7159	522	0	0	5	0	527
7160	2	0	511	3	0	516
7161	473	0	2	2	0	477
7162	1	521	2	0	0	524
7163	504	2	1	1	0	508
7164	2	505	0	1	0	508
7165	1	505	0	1	0	507
7166	1	2	0	521	0	524
7167	517	2	4	2	0	525
7168	1	0	1	529	0	531
7169	3	519	0	2	0	524
7170	0	551	0	2	0	553
7171	0	4	0	558	0	562
7172	0	3	1	553	0	557
7173	1	551	0	5	0	557
7174	2	3	0	577	0	582
7175	0	2	1	582	0	585
7176	1	1	0	592	0	594
7177	594	0	2	7	0	603
7178	5	0	597	3	0	605
7179	585	0	2	4	0	591
7180	612	0	2	3	0	617
7181	611	1	1	4	0	617
7182	8	603	0	0	0	611
7183	2	2	1	595	0	600
7184	587	1	0	3	0	591
7185	4	1	0	588	0	593
7186	579	1	0	7	0	587
7187	6	622	0	1	0	629
7188	651	4	0	6	0	661
7189	661	1	0	3	0	665
7190	673	1	0	2	0	676
7191	8	0	0	669	0	677
7192	2	0	1	695	0	698
7193	694	0	0	11	0	705
7194	6	704	0	3	0	713
7195	2	723	2	1	0	728
7196	758	7	1	1	0	767
7197	6	3	0	761	0	770
7198	2	1	0	784	0	787
7199	4	1	0	788	0	793
7200	1	767	0	10	0	778
7201	777	7	1	6	0	791
7202	6	2	0	787	0	795
7203	1	792	1	11	0	805
7204	2	5	0	827	0	834
7205	2	4	1	826	0	833
7206	4	1	0	827	0	832
7207	3	0	0	834	0	837
7208	833	0	0	12	0	845
7209	829	1	0	3	0	833
7210	859	1	2	6	0	868
7211	13	1	0	856	0	870
7212	3	2	845	8	0	858
7213	7	1	775	1	0	784
7214	2	4	819	4	0	829
7215	874	1	8	5	0	888
7216	10	0	2	893	0	905
7217	3	1	1	884	0	889
7218	2	0	1	902	0	905
7219	885	2	0	10	0	897
7220	886	3	0	4	0	893
7221	10	926	0	3	0	939
7222	4	9	0	933	0	946
7223	2	4	913	9	0	928
7224	2	932	7	5	0	946
7225	2	4	1	939	0	946
7226	5	1	1	951	0	958
7227	3	3	0	952	0	958
7228	3	0	2	921	0	926
7229	3	1	955	12	0	971
7230	3	1	908	4	0	916
7231	2	979	9	5	0	995
7232	2	9	2	1003	0	1016
7233	3	1	1	993	0	998
7234	980	2	0	13	0	995
7235	9	2	976	5	0	992
7236	5	0	5	987	0	997
7237	2	3	2	1009	0	1016
7238	3	2	1040	9	0	1054
7239	2	1035	9	5	0	1051
7240	1035	8	3	6	0	1052
7241	10	2	1030	2	0	1044
7242	993	1	6	7	0	1007
7243	9	1	1055	2	0	1067
7244	1	1	7	1065	0	1074
7245	2	2	1076	7	0	1087
7246	3	1	1064	9	0	1077
7247	1	0	7	1079	0	1087
7248	12	3	4	906	0	925
7249	1	1	0	1131	0	1133
7250	2	1	1	1119	0	1123
7251	3	1	0	1117	0	1121
7252	0	1	1134	13	0	1148
7253	0	1	1064	3	0	1068
7254	0	1144	10	3	0	1157
7255	1117	9	2	5	0	1133
7256	9	2	2	1140	0	1153
7257	1142	1	0	17	0	1160
7258	12	1	0	1135	0	1148
7259	1161	0	0	17	0	1178
7260	13	0	1	1163	0	1177
7261	4	1	0	1195	0	1200
7262	1	1202	4	10	0	1217
7263	2	6	4	1217	0	1229
7264	1	2	1	1229	0	1233
7265	1	1	1	1228	0	1231
7266	3	1	1	1206	0	1211
7267	2	1184	0	14	0	1200
7268	1171	7	2	6	0	1186
7269	9	1168	1	4	0	1182
7270	0	9	0	1147	0	1156
7271	1124	1	1	11	0	1137
7272	7	5	1095	2	0	1109
7273	2	0	1078	3	0	1083
7274	2	1	7	1074	0	1084
7275	1	0	4	1104	0	1109
7276	1	1	0	1099	0	1101
7277	1	1	1	1024	0	1027
7278	0	1	1	1060	0	1062
7279	0	1036	1	9	0	1046
7280	2	8	0	1046	0	1056
7281	1046	0	1	15	0	1062
7282	11	1	1	1056	0	1069
7283	1	0	1069	12	0	1082
7284	4	0	7	1058	0	1069
7285	1055	0	0	16	0	1071
7286	6	1129	1	2	0	1138
7287	1	9	0	1129	0	1139
7288	1	2	0	1181	0	1184
7289	0	2	1171	10	0	1183
7290	2	1	1493	5	0	1501
7291	1845	0	31	8	0	1884
7292	53	1	7	1858	0	1919
7293	23	1	3	1930	0	1957
7294	19	2	2015	68	0	2104
7295	9	1	2018	39	0	2067
7296	9	2003	73	28	0	2113
7297	13	58	41	1996	0	2108
7298	3	22	2011	62	0	2098
7299	0	2013	71	21	0	2105
7300	1982	62	33	21	0	2098
7301	2054	31	21	17	0	2123
7302	83	16	10	1975	0	2084
7303	43	2000	13	50	0	2106
7304	2001	64	6	28	0	2099
7305	79	27	3	1863	0	1972
7306	37	21	1945	56	0	2059
7307	22	1944	62	34	0	2062
7308	1922	64	26	21	0	2033
7309	1997	24	23	14	0	2058
7310	78	25	11	1940	0	2054
7311	51	11	11	1962	0	2035
7312	33	13	1891	82	0	2019
7313	27	5	57	1916	0	2005
7314	24	5	26	1827	0	1882
7315	10	4	24	1932	0	1970
7316	9	4	11	1938	0	1962
7317	10	5	14	1883	0	1912
7318	6	1847	5	111	0	1969
7319	1847	54	3	64	0	1968
7320	62	26	1834	46	0	1968
7321	29	1831	58	27	0	1945
7322	29	57	24	1864	0	1974
7323	1865	37	22	67	0	1991
7324	72	17	12	1874	0	1975
7325	31	10	15	1912	0	1968
7326	18	14	9	1914	0	1955
7327	18	3	10	1933	0	1964
7328	24	6	1812	110	0	1952
7329	6	1811	59	75	0	1951
7330	1817	58	21	57	0	1953
7331	60	26	1805	30	0	1921
7332	30	23	76	1805	0	1934
7333	1803	18	41	71	0	1933
7334	71	1801	21	39	0	1932
7335	1846	56	17	39	0	1958
7336	85	32	16	1730	0	1863
7337	44	23	9	1884	0	1960
7338	40	13	6	1864	0	1923
7339	22	18	6	1868	0	1914
7340	1770	12	9	125	0	1916
7341	72	7	8	1813	0	1900
7342	35	10	7	1867	0	1919
7343	1750	5	12	113	0	1880
7344	77	15	1703	61	0	1856
7345	49	9	53	1764	0	1875
7346	1716	8	22	88	0	1834
7347	1753	1	23	60	0	1837
7348	89	7	12	1711	0	1819
7349	52	7	22	1710	0	1791
7350	35	1643	8	100	0	1786
7351	33	62	5	1700	0	1800
7352	25	23	4	1714	0	1766
7353	12	22	1605	119	0	1758
7354	12	10	1603	76	0	1701
7355	11	1616	84	44	0	1755
7356	19	57	41	1596	0	1713
7357	12	26	30	1662	0	1730
7358	1612	23	23	96	0	1754
7359	60	13	15	1630	0	1718
7360	40	13	1576	94	0	1723
7361	32	11	56	1611	0	1710
7362	19	7	1521	112	0	1659
7363	18	3	1591	60	0	1672
7364	8	9	93	1548	0	1658
7365	14	6	66	1602	0	1688
7366	1547	18	29	101	0	1695
7367	1598	5	22	66	0	1691
7368	86	4	25	1592	0	1707
7369	1612	11	8	96	0	1727
7370	1639	6	5	54	0	1704
7371	100	12	11	1599	0	1722
7372	71	6	6	1651	0	1734
7373	1606	6	10	110	0	1732
7374	1624	2	18	67	0	1711
7375	100	4	5	1611	0	1720
7376	52	1545	10	100	0	1707
7377	48	53	6	1619	0	1726
7378	40	22	7	1658	0	1727
7379	25	26	1545	120	0	1716
7380	23	12	56	1646	0	1737
7381	1513	9	34	102	0	1658
7382	60	1557	27	71	0	1715
7383	1574	55	14	48	0	1691
7384	1591	27	10	39	0	1667
7385	1626	22	4	35	0	1687
7386	119	14	5	1487	0	1625
7387	74	15	1388	73	0	1550
7388	52	10	1383	48	0	1493
7389	38	1330	76	43	0	1487
7390	13	995	42	21	0	1071
7391	3	613	3	12	0	631
7392	3	611	5	9	0	628
7393	28	10	575	6	0	619
7394	418	18	9	4	0	449
7395	4	3	2	429	0	438
7396	2	1	0	422	0	425
7397	3	0	3	411	0	417
7398	2	406	2	9	0	419
7399	402	3	2	6	0	413
7400	5	3	400	3	0	411
7401	2	377	3	4	0	386
7402	0	3	3	396	0	402
7403	390	4	1	5	0	400
7404	5	0	2	390	0	397
7405	2	1	387	6	0	396
7406	3	2	363	3	0	371
7407	4	0	5	389	0	398
7408	2	1	3	391	0	397
7409	388	0	2	9	0	399
7410	4	1	377	5	0	387
7411	369	0	2	3	0	374
7412	378	0	2	6	0	386
7413	7	0	2	387	0	396
7414	4	0	396	6	0	406
7415	4	1	4	391	0	400
7416	397	1	3	3	0	404
7417	3	390	1	9	0	403
7418	412	3	1	5	0	421
7419	5	2	3	432	0	442
7420	6	435	2	6	0	449
7421	2	4	1	425	0	432
7422	3	4	1	440	0	448
7423	5	427	2	8	0	442
7424	2	6	1	433	0	442
7425	3	3	2	445	0	453
7426	3	3	0	454	0	460
7427	4	1	488	7	0	500
7428	1	483	6	6	0	496
7429	491	5	3	3	0	502
7430	11	2	1	492	0	506
7431	3	550	2	7	0	562
7432	586	6	2	6	0	600
7433	11	7	1	589	0	608
7434	9	5	1	605	0	620
7435	6	2	1	576	0	585
7436	3	5	1	576	0	585
7437	566	1	2	29	0	598
7438	13	2	0	591	0	606
7439	10	1	2	596	0	609
7440	586	1	0	23	0	610
7441	20	1	0	594	0	615
7442	10	2	580	17	0	609
7443	8	1	11	595	0	615
7444	572	1	8	17	0	598
7445	17	1	4	567	0	589
7446	7	0	570	20	0	597
7447	5	1	554	8	0	568
7448	540	2	18	8	0	568
7449	567	2	9	5	0	583
7450	572	0	6	3	0	581
7451	575	0	4	5	0	584
7452	23	1	550	2	0	576
7453	17	0	12	539	0	568
7454	11	0	7	554	0	572
7455	550	1	3	21	0	575
7456	17	1	4	570	0	592
7457	7	0	551	22	0	580
7458	8	1	14	561	0	584
7459	5	1	557	21	0	584
7460	5	552	13	12	0	582
7461	565	14	7	7	0	593
7462	15	6	5	559	0	585
7463	6	3	540	18	0	567
7464	4	3	12	543	0	562
7465	5	1	7	563	0	576
7466	1	0	567	26	0	594
7467	3	1	19	576	0	599
7468	561	2	9	24	0	596
7469	15	1	516	12	0	544
7470	545	1	11	13	0	570
7471	18	546	8	6	0	578
7472	12	12	537	3	0	564
7473	7	6	559	6	0	578
7474	6	10	19	478	0	513
7475	3	1	12	529	0	545
7476	3	2	527	20	0	552
7477	6	2	13	531	0	552
7478	531	0	8	21	0	560
7479	542	2	5	12	0	561
7480	25	0	2	527	0	554
7481	14	2	1	522	0	539
7482	8	531	6	21	0	566
7483	530	11	6	20	0	567
7484	17	5	3	529	0	554
7485	8	534	1	14	0	557
7486	540	12	5	13	0	570
7487	550	7	4	12	0	573
7488	25	544	2	7	0	578
7489	16	9	2	542	0	569
7490	9	7	5	549	0	570
7491	9	5	525	21	0	560
7492	9	3	14	528	0	554
7493	512	4	7	23	0	546
7494	13	2	10	520	0	545
7495	11	1	502	24	0	538
7496	512	1	11	18	0	542
7497	20	0	10	518	0	548
7498	9	1	513	27	0	550
7499	14	1	18	522	0	555
7500	8	3	515	25	0	551
7501	5	0	22	525	0	552
7502	8	1	9	532	0	550
7503	508	2	9	27	0	546
7504	18	504	5	23	0	550
7505	510	11	6	18	0	545
7506	523	7	8	11	0	549
7507	518	6	4	15	0	543
7508	30	508	6	6	0	550
7509	17	14	515	4	0	550
7510	17	8	12	517	0	554
7511	521	6	11	15	0	553
7512	531	3	13	10	0	557
7513	28	2	4	513	0	547
7514	514	3	6	22	0	545
7515	21	1	504	17	0	543
7516	505	0	18	17	0	540
7517	27	0	503	11	0	541
7518	16	485	18	10	0	529
7519	471	12	14	6	0	503
7520	459	8	10	9	0	486
7521	21	458	9	7	0	495
7522	461	16	4	9	0	490
7523	464	8	4	9	0	485
7524	20	6	436	10	0	472
7525	436	5	15	3	0	459
7526	24	1	427	8	0	460
7527	10	4	12	360	0	386
7528	11	372	13	10	0	406
7529	5	7	370	13	0	395
7530	329	26	20	17	0	392
7531	311	5	7	3	0	326
7532	12	1	4	274	0	291
7533	6	0	269	10	0	285
7534	3	0	7	265	0	275
7535	263	0	5	10	0	278
7536	10	268	5	5	0	288
7537	262	5	0	8	0	275
7538	264	2	2	3	0	271
7539	7	255	1	1	0	264
7540	5	5	0	258	0	268
7541	258	2	1	4	0	265
7542	5	2	1	263	0	271
7543	5	0	0	279	0	284
7544	5	2	289	6	0	302
7545	1	1	5	289	0	296
7546	1	0	2	294	0	297
7547	292	0	2	7	0	301
7548	304	0	1	4	0	309
7549	9	0	0	299	0	308
7550	6	0	297	6	0	309
7551	2	2	288	3	0	295
7552	3	1	6	300	0	310
7553	1	1	338	6	0	346
7554	3	2	4	323	0	332
7555	4	1	3	312	0	320
7556	319	0	2	8	0	329
7557	4	2	317	4	0	327
7558	307	0	3	6	0	316
7559	314	0	3	0	0	317
7560	6	1	309	1	0	317
7561	7	0	306	1	0	314
7562	4	12	8	288	0	312
7563	0	288	4	6	0	298
7564	0	300	4	3	0	307
7565	2	6	2	301	0	311
7566	2	4	0	280	0	286
7567	3	1	2	289	0	295
7568	0	1	2	297	0	300
7569	281	0	2	8	0	291
7570	4	0	1	289	0	294
7571	5	0	276	4	0	285
7572	2	3	3	270	0	278
7573	2	267	2	4	0	275
7574	2	3	3	279	0	287
7575	277	3	1	5	0	286
7576	4	1	0	285	0	290
7577	3	0	278	5	0	286
7578	2	279	3	4	0	288
7579	0	1	2	285	0	288
7580	283	1	3	3	0	290
7581	279	2	2	3	0	286
7582	6	1	0	278	0	285
7583	5	0	263	3	0	271
7584	3	0	256	2	0	261
7585	258	1	5	5	0	269
7586	5	0	264	1	0	270
7587	2	0	254	2	0	258
7588	5	1	5	244	0	255
7589	256	0	4	4	0	264
7590	251	0	1	4	0	256
7591	253	0	0	5	0	258
7592	7	0	273	1	0	281
7593	2	0	271	1	0	274
7594	2	288	5	1	0	296
7595	1	7	5	283	0	296
7596	0	1	1	285	0	287
7597	2	0	0	272	0	274
7598	2	0	0	284	0	286
7599	1	0	289	3	0	293
7600	1	291	3	1	0	296
7601	295	2	1	1	0	299
7602	353	1	1	2	0	357
7603	363	0	2	1	0	366
7604	9	360	1	2	0	372
7605	1	12	0	376	0	389
7606	403	2	0	12	0	417
7607	11	404	0	5	0	420
7608	409	11	0	1	0	421
7609	13	404	0	1	0	418
7610	405	13	1	1	0	420
7611	417	4	0	3	0	424
7612	14	0	0	412	0	426
7613	5	0	0	418	0	423
7614	1	0	410	16	0	427
7615	1	1	407	3	0	412
7616	407	0	16	1	0	424
7617	434	1	3	1	0	439
7618	16	0	1	417	0	434
7619	5	1	1	430	0	437
7620	1	1	416	16	0	434
7621	3	3	12	405	0	423
7622	4	0	414	14	0	432
7623	4	1	13	420	0	438
7624	2	1	3	437	0	443
7625	422	0	2	16	0	440
7626	424	1	2	4	0	431
7627	21	0	0	420	0	441
7628	7	0	2	431	0	440
7629	2	2	425	16	0	445
7630	3	0	13	423	0	439
7631	3	1	421	16	0	441
7632	414	1	16	6	0	437
7633	20	0	3	436	0	459
7634	435	1	4	17	0	457
7635	18	433	1	7	0	459
7636	432	14	2	5	0	453
7637	16	2	1	422	0	441
7638	5	3	0	437	0	445
7639	4	418	4	20	0	446
7640	4	13	1	438	0	456
7641	2	6	432	19	0	459
7642	6	0	13	418	0	437
7643	3	1	407	20	0	431
7644	5	390	15	8	0	418
7645	2	14	5	398	0	419
7646	4	1	395	16	0	416
7647	2	2	384	8	0	396
7648	5	0	19	374	0	398
7649	375	2	11	18	0	406
7650	15	1	370	8	0	394
7651	6	1	15	367	0	389
7652	363	0	4	22	0	389
7653	14	344	4	6	0	368
7654	357	16	3	4	0	380
7655	15	3	2	370	0	390
7656	4	2	3	377	0	386
7657	6	2	2	382	0	392
7658	366	3	1	20	0	390
7659	15	1	0	375	0	391
7660	6	2	4	392	0	404
7661	370	0	2	19	0	391
7662	15	1	361	9	0	386
7663	6	3	15	367	0	391
7664	5	0	364	19	0	388
7665	348	2	17	7	0	374
7666	18	1	5	355	0	379
7667	7	3	355	17	0	382
7668	357	1	15	7	0	380
7669	369	2	4	7	0	382
7670	18	1	381	6	0	406
7671	8	2	14	395	0	419
7672	4	1	7	412	0	424
7673	4	1	415	21	0	441
7674	4	407	15	8	0	434
7675	6	13	420	4	0	443
7676	405	5	15	7	0	432
7677	17	1	441	6	0	465
7678	415	1	18	6	0	440
7679	17	0	424	8	0	449
7680	415	0	17	5	0	437
7681	16	430	9	3	0	458
7682	3	13	5	432	0	453
7683	6	3	2	458	0	469
7684	7	2	448	16	0	473
7685	3	2	13	427	0	445
7686	4	437	5	16	0	462
7687	438	12	4	6	0	460
7688	16	441	1	6	0	464
7689	3	11	5	440	0	459
7690	445	4	1	17	0	467
7691	13	450	3	9	0	475
7692	443	10	3	5	0	461
7693	16	6	446	4	0	472
7694	5	3	15	449	0	472
7695	5	3	4	455	0	467
7696	3	2	7	461	0	473
7697	451	1	4	21	0	477
7698	456	3	6	9	0	474
7699	467	0	3	5	0	475
7700	463	2	2	4	0	471
7701	17	1	441	4	0	463
7702	358	2	3	3	0	366
7703	8	359	2	1	0	370
7704	4	379	2	3	0	388
7705	352	2	15	2	0	371
7706	366	0	1	2	0	369
7707	3	3	2	355	0	363
7708	355	1	0	5	0	361
7709	351	0	0	3	0	354
7710	388	1	0	1	0	390
7711	6	0	1	384	0	391
7712	4	389	2	2	0	397
7713	3	388	0	0	0	391
7714	1	2	1	394	0	398
7715	388	0	0	4	0	392
7716	3	388	0	0	0	391
7717	0	4	0	383	0	387
7718	3	1	388	3	0	395
7719	358	1	2	1	0	362
7720	2	389	1	1	0	393
7721	1	395	1	2	0	399
7722	383	2	5	0	0	390
7723	5	0	397	1	0	403
7724	1	0	2	389	0	392
7725	1	397	0	1	0	399
7726	2	3	0	401	0	406
7727	2	0	1	399	0	402
7728	0	359	1	3	0	363
7729	2	4	0	394	0	400
7730	2	1	0	393	0	396
7731	388	1	1	3	0	393
7732	2	396	0	0	0	398
7733	389	3	0	2	0	394
7734	2	2	0	378	0	382
7735	3	387	0	1	0	391
7736	2	2	409	0	0	413
7737	3	0	0	411	0	414
7738	3	1	0	419	0	423
7739	0	2	447	2	0	451
7740	415	1	1	2	0	419
7741	2	1	0	508	0	511
7742	505	0	0	9	0	514
7743	6	1	494	3	0	504
7744	6	0	5	495	0	506
7745	1	2	523	7	0	533
7746	4	1	7	526	0	538
7747	0	0	3	531	0	534
7748	530	0	1	9	0	540
7749	7	526	2	3	0	538
7750	530	6	1	6	0	543
7751	8	2	528	2	0	540
7752	5	2	7	533	0	547
7753	2	3	560	6	0	571
7754	503	1	7	6	0	517
7755	537	1	3	2	0	543
7756	8	1	536	2	0	547
7757	543	0	7	4	0	554
7758	558	1	3	1	0	563
7759	10	1	1	553	0	565
7760	4	0	542	7	0	553
7761	3	1	552	3	0	559
7762	3	2	9	565	0	579
7763	1	0	4	563	0	568
7764	1	555	3	10	0	569
7765	0	569	1	3	0	573
7766	569	9	2	3	0	583
7767	10	3	1	574	0	588
7768	4	556	0	9	0	569
7769	2	580	2	3	0	587
7770	545	9	3	3	0	560
7771	9	2	1	544	0	556
7772	3	537	2	11	0	553
7773	4	8	1	533	0	546
7774	2	2	2	531	0	537
7775	2	2	0	532	0	536
7776	518	2	2	11	0	533
7777	8	518	2	6	0	534
7778	3	8	2	522	0	535
7779	4	2	3	520	0	529
7780	4	2	1	526	0	533
7781	4	1	508	11	0	524
7782	490	1	10	7	0	508
7783	11	1	3	513	0	528
7784	507	0	3	10	0	520
7785	513	1	2	5	0	521
7786	513	0	2	3	0	518
7787	11	0	505	2	0	518
7788	7	492	8	2	0	509
7789	4	7	3	500	0	514
7790	2	3	499	11	0	515
7791	3	2	469	2	0	476
7792	4	8	11	440	0	463
7793	1	453	4	9	0	467
7794	469	8	5	6	0	488
7795	472	5	1	4	0	482
7796	483	2	1	8	0	494
7797	487	1	2	2	0	492
7798	11	3	477	2	0	493
7799	470	2	7	3	0	482
7800	12	490	3	2	0	507
7801	4	9	1	496	0	510
7802	4	4	1	508	0	517
7803	496	4	3	10	0	513
7804	10	3	1	490	0	504
7805	2	2	481	11	0	496
7806	449	1	7	9	0	466
7807	452	2	3	7	0	464
7808	460	2	4	4	0	470
7809	14	0	453	4	0	471
7810	414	1	9	4	0	428
7811	10	423	3	4	0	440
7812	421	8	4	3	0	436
7813	12	3	3	418	0	436
7814	7	5	1	424	0	437
7815	5	417	1	9	0	432
7816	3	8	2	417	0	430
7817	2	410	2	12	0	426
7818	3	10	3	407	0	423
7819	5	409	1	9	0	424
7820	3	9	1	409	0	422
7821	1	419	3	11	0	434
7822	3	9	2	434	0	448
7823	3	423	0	8	0	434
7824	456	9	3	6	0	474
7825	12	2	3	475	0	492
7826	7	4	1	485	0	497
7827	6	2	0	516	0	524
7828	6	0	0	528	0	534
7829	3	1	529	16	0	549
7830	4	2	13	529	0	548
7831	3	2	4	547	0	556
7832	528	0	2	22	0	552
7833	526	0	3	6	0	535
7834	16	544	1	2	0	563
7835	8	11	1	551	0	571
7836	9	4	1	568	0	582
7837	573	3	1	20	0	597
7838	16	3	542	10	0	571
7839	530	0	16	8	0	554
7840	16	553	5	6	0	580
7841	483	9	1	2	0	495
7842	489	3	3	0	0	495
7843	13	481	0	1	0	495
7844	3	505	0	2	0	510
7845	8	6	2	468	0	484
7846	3	1	464	7	0	475
7847	453	2	6	3	0	464
7848	8	2	468	1	0	479
7849	464	0	7	3	0	474
7850	7	1	472	1	0	481
7851	6	464	7	1	0	478
7852	3	10	4	468	0	485
7853	454	3	1	9	0	467
7854	450	3	2	6	0	461
7855	14	3	0	449	0	466
7856	452	1	2	13	0	468
7857	451	1	1	5	0	458
7858	13	438	5	0	0	456
7859	435	10	0	6	0	451
7860	11	441	3	3	0	458
7861	10	7	0	431	0	448
7862	424	5	2	7	0	438
7863	438	3	0	3	0	444
7864	433	4	1	5	0	443
7865	11	1	422	7	0	441
7866	9	1	439	1	0	450
7867	7	1	10	433	0	451
7868	5	2	2	454	0	463
7869	2	484	3	13	0	502
7870	483	11	3	7	0	504
7871	12	5	1	488	0	506
7872	10	4	1	496	0	511
7873	7	3	505	12	0	527
7874	6	493	11	7	0	517
7875	4	513	5	10	0	532
7876	8	10	3	512	0	533
7877	499	8	3	11	0	521
7878	10	2	2	497	0	511
7879	7	4	3	503	0	517
7880	504	3	1	18	0	526
7881	512	3	2	10	0	527
7882	17	1	0	510	0	528
7883	12	1	506	12	0	531
7884	7	3	11	508	0	529
7885	5	1	7	518	0	531
7886	507	2	4	23	0	536
7887	16	2	4	510	0	532
7888	512	2	0	20	0	534
7889	15	1	517	9	0	542
7890	15	3	9	536	0	563
7891	8	2	4	564	0	578
7892	8	1	7	570	0	586
7893	4	5	5	557	0	571
7894	7	1	1	551	0	560
7895	9	1	522	18	0	550
7896	525	0	12	14	0	551
7897	15	4	5	532	0	556
7898	7	3	517	23	0	550
7899	7	4	521	13	0	545
7900	15	0	13	518	0	546
7901	515	2	12	22	0	551
7902	516	3	5	15	0	539
7903	526	3	7	13	0	549
7904	26	3	2	509	0	540
7905	17	512	2	16	0	547
7906	527	12	5	15	0	559
7907	546	10	7	7	0	570
7908	537	5	5	13	0	560
7909	540	3	5	10	0	558
7910	30	1	2	525	0	558
7911	18	3	524	16	0	561
7912	16	2	13	533	0	564
7913	9	4	535	13	0	561
7914	526	5	13	14	0	558
7915	533	2	7	16	0	558
7916	24	1	530	8	0	563
7917	524	1	15	9	0	549
7918	544	1	8	12	0	565
7919	26	1	9	533	0	569
7920	20	527	4	16	0	567
7921	544	14	3	9	0	570
7922	23	6	5	511	0	545
7923	13	513	4	17	0	547
7924	11	18	3	481	0	513
7925	11	4	472	16	0	503
7926	16	478	9	7	0	510
7927	458	6	4	8	0	476
7928	442	10	10	9	0	471
7929	437	4	4	2	0	447
7930	443	2	2	10	0	457
7931	18	3	3	428	0	452
7932	15	433	4	6	0	458
7933	425	6	3	5	0	439
7934	12	7	417	7	0	443
7935	9	417	9	4	0	439
7936	10	3	373	4	0	390
7937	3	6	6	347	0	362
7938	6	326	4	2	0	338
7939	7	2	3	354	0	366
7940	2	3	375	13	0	393
7941	3	5	5	362	0	375
7942	3	1	5	382	0	391
7943	2	2	6	388	0	398
7944	386	2	2	9	0	399
7945	7	381	0	7	0	395
7946	5	3	4	388	0	400
7947	385	3	1	6	0	395
7948	7	386	0	4	0	397
7949	378	3	3	8	0	392
7950	9	5	385	2	0	401
7951	8	4	4	384	0	400
7952	6	387	3	8	0	404
7953	374	8	3	5	0	390
7954	6	2	374	5	0	387
7955	5	359	3	4	0	371
7956	4	8	4	369	0	385
7957	4	2	2	377	0	385
7958	374	4	3	5	0	386
7959	7	1	1	378	0	387
7960	5	3	377	4	0	389
7961	7	1	3	372	0	383
7962	1	2	380	8	0	391
7963	2	3	6	363	0	374
7964	2	371	2	7	0	382
7965	368	8	3	5	0	384
7966	360	3	3	4	0	370
7967	6	354	1	3	0	364
7968	6	328	4	2	0	340
7969	1	3	0	314	0	318
7970	309	3	1	4	0	317
7971	5	1	0	329	0	335
7972	321	1	2	4	0	328
7973	3	301	0	3	0	307
7974	2	2	1	311	0	316
7975	0	2	312	4	0	318
7976	3	3	1	304	0	311
7977	1	0	1	312	0	314
7978	321	0	2	2	0	325
7979	2	332	0	3	0	337
7980	1	3	0	330	0	334
7981	322	0	0	4	0	326
7982	3	2	324	1	0	330
7983	312	0	2	3	0	317
7984	3	4	0	323	0	330
7985	1	338	1	2	0	342
7986	328	1	0	2	0	331
7987	1	2	341	1	0	345
7988	2	1	329	3	0	335
7989	2	325	3	1	0	331
7990	306	1	4	2	0	313
7991	1	3	1	307	0	312
7992	1	1	0	307	0	309
7993	308	0	0	3	0	311
7994	2	1	302	2	0	307
7995	3	1	2	299	0	305
7996	1	0	325	4	0	330
7997	1	1	2	315	0	319
7998	1	327	1	4	0	333
7999	1	2	2	337	0	342
8000	0	2	327	3	0	332
8001	320	2	2	2	0	326
8002	5	0	1	337	0	343
8003	1	0	358	5	0	364
8004	1	0	3	350	0	354
8005	2	0	1	352	0	355
8006	0	1	341	4	0	346
8007	1	0	334	4	0	339
8008	2	0	5	343	0	350
8009	0	0	354	4	0	358
8010	342	1	4	1	0	348
8011	4	0	1	364	0	369
8012	351	0	2	5	0	358
8013	7	1	352	1	0	361
8014	1	0	4	367	0	372
8015	2	0	425	3	0	430
8016	0	419	3	2	0	424
8017	1	3	414	2	0	420
8018	0	1	384	1	0	386
8019	360	1	5	3	0	369
8020	397	0	2	3	0	402
8021	5	0	402	0	0	407
8022	3	0	3	386	0	392
8023	2	0	2	386	0	390
8024	2	0	410	5	0	417
8025	0	392	5	3	0	400
8026	383	3	1	6	0	393
8027	3	1	422	0	0	426
8028	1	2	3	420	0	426
8029	2	0	2	436	0	440
8030	434	0	3	6	0	443
8031	441	0	0	4	0	445
8032	436	0	0	3	0	439
8033	444	0	1	0	0	445
8034	6	0	1	438	0	445
8035	2	0	451	6	0	459
8036	1	0	7	456	0	464
8037	1	1	1	457	0	460
8038	1	0	1	476	0	478
8039	1	0	469	8	0	478
8040	426	0	6	3	0	435
8041	7	0	1	465	0	473
8042	3	1	478	6	0	488
8043	2	471	8	2	0	483
8044	3	5	2	480	0	490
8045	1	2	2	484	0	489
8046	481	2	0	11	0	494
8047	6	487	2	4	0	499
8048	3	6	487	2	0	498
8049	2	2	7	480	0	491
8050	1	2	2	479	0	484
8051	475	0	1	10	0	486
8052	477	0	0	3	0	480
8053	12	0	0	481	0	493
8054	479	0	0	7	0	486
8055	9	475	2	3	0	489
8056	3	7	527	3	0	540
8057	4	2	7	520	0	533
8058	2	1	2	532	0	537
8059	1	0	1	538	0	540
8060	2	0	0	523	0	525
8061	0	513	1	12	0	526
8062	517	7	0	5	0	529
8063	7	2	0	527	0	536
8064	2	551	0	7	0	560
8065	559	7	0	4	0	570
8066	556	3	0	2	0	561
8067	10	562	1	0	0	573
8068	7	7	0	578	0	592
8069	2	3	0	583	0	588
8070	2	3	0	585	0	590
8071	0	0	0	580	0	580
8072	590	0	0	11	0	601
8073	616	0	0	9	0	625
8074	13	617	2	1	0	633
8075	5	10	635	0	0	650
8076	2	4	9	640	0	655
8077	658	2	5	11	0	676
8078	11	637	3	4	0	655
8079	4	660	1	2	0	667
8080	654	13	1	4	0	672
8081	671	6	0	1	0	678
8082	20	2	0	655	0	677
8083	6	0	685	13	0	704
8084	4	2	703	6	0	715
8085	721	0	18	3	0	742
8086	761	0	7	2	0	770
8087	761	1	2	3	0	767
8088	764	0	0	1	0	765
8089	761	0	2	0	0	763
8090	20	773	0	4	0	797
8091	9	13	0	778	0	800
8092	3	843	0	11	0	857
8093	867	15	0	4	0	886
8094	867	4	0	5	0	876
8095	873	2	0	6	0	881
8096	864	0	0	4	0	868
8097	18	854	0	0	0	872
8098	848	12	0	4	0	864
8099	15	845	1	1	0	862
8100	9	14	1	856	0	880
8101	849	4	1	13	0	867
8102	14	2	860	4	0	880
8103	6	1	10	817	0	834
8104	6	0	4	849	0	859
8105	1	6	843	16	0	866
8106	2	861	11	6	0	880
8107	862	11	4	7	0	884
8108	868	5	2	1	0	876
8109	15	870	1	0	0	886
8110	8	12	1	858	0	879
8111	3	3	894	13	0	913
8112	1	932	12	6	0	951
8113	917	12	4	6	0	939
8114	15	3	919	0	0	937
8115	828	3	13	5	0	849
8116	878	0	5	1	0	884
8117	16	1	918	0	0	935
8118	8	926	12	0	0	946
8119	6	10	3	908	0	927
8120	4	4	954	11	0	973
8121	909	1	11	7	0	928
8122	956	1	4	5	0	966
8123	16	959	0	0	0	975
8124	5	12	0	966	0	983
8125	1	6	0	970	0	977
8126	5	1	971	15	0	992
8127	3	948	13	4	0	968
8128	990	16	3	5	0	1014
8129	987	4	2	6	0	999
8130	1009	4	1	7	0	1021
8131	18	1	1000	0	0	1019
8132	974	3	12	2	0	991
8133	1004	1	4	3	0	1012
8134	20	1	1	1009	0	1031
8135	7	2	1011	11	0	1031
8136	2	1	10	1001	0	1014
8137	1	2	1028	13	0	1044
8138	3	0	9	1002	0	1014
8139	4	1001	6	12	0	1023
8140	4	1065	1	3	0	1073
8141	5	12	0	1061	0	1078
8142	4	6	1	1043	0	1054
8143	1063	2	0	17	0	1082
8144	11	2	1055	6	0	1074
8145	1014	2	12	2	0	1030
8146	12	1059	5	1	0	1077
8147	1053	6	4	5	0	1068
8148	1048	4	0	5	0	1057
8149	16	1	0	1042	0	1059
8150	7	0	1069	9	0	1085
8151	4	3	9	1052	0	1068
8152	2	1104	2	9	0	1117
8153	2	12	3	1115	0	1132
8154	7	4	0	1121	0	1132
8155	1107	3	0	17	0	1127
8156	11	2	2	1080	0	1095
8157	6	1068	1	15	0	1090
8158	6	11	1	1082	0	1100
8159	1075	3	3	15	0	1096
8160	11	1087	3	4	0	1105
8161	6	10	1	1112	0	1129
8162	7	1	1	1115	0	1124
8163	6	2	1	1137	0	1146
8164	1	1	2	1132	0	1136
8165	1148	2	1	27	0	1178
8166	18	1	1	1174	0	1194
8167	6	0	1	1203	0	1210
8168	8	3	2	1221	0	1234
8169	3	1233	1	28	0	1265
8170	1218	22	2	12	0	1254
8171	31	8	1225	8	0	1272
8172	7	1212	22	6	0	1247
8173	1167	23	3	5	0	1198
8174	25	5	1187	4	0	1221
8175	5	1174	20	2	0	1201
8176	6	19	4	1149	0	1178
8177	3	1162	5	19	0	1189
8178	3	25	1145	4	0	1177
8179	1	5	1143	4	0	1153
8180	1	1169	21	5	0	1196
8181	1152	19	8	7	0	1186
8182	1162	3	5	8	0	1178
8183	21	3	1124	2	0	1150
8184	5	3	1026	3	0	1037
8185	5	2	1085	3	0	1095
8186	4	2	27	1052	0	1085
8187	3	1	7	1051	0	1062
8188	3	1	5	1094	0	1103
8189	2	2	1104	24	0	1132
8190	4	2	24	1049	0	1079
8191	3	1	4	1085	0	1093
8192	0	2	1046	29	0	1077
8193	995	2	23	11	0	1031
8194	25	1	7	1077	0	1110
8195	7	1	4	1092	0	1104
8196	3	1087	4	27	0	1121
8197	1080	23	2	14	0	1119
8198	27	7	1078	4	0	1116
8199	1080	4	22	5	0	1111
8200	29	1	7	1087	0	1124
8201	6	5	1109	23	0	1143
8202	9	0	26	1103	0	1138
8203	1115	1	9	32	0	1157
8204	25	0	1104	9	0	1138
8205	1084	0	25	9	0	1118
8206	1093	0	8	8	0	1109
8207	1120	0	3	12	0	1135
8208	31	1081	4	9	0	1125
8209	14	23	2	1113	0	1152
8210	1126	5	2	32	0	1165
8211	1110	5	1	9	0	1125
8212	1090	0	1	11	0	1102
8213	36	3	1059	3	0	1101
8214	1117	3	29	3	0	1152
8215	39	1	7	1197	0	1244
8216	13	2	1195	33	0	1243
8217	14	1	35	1197	0	1247
8218	4	2	8	1234	0	1248
8219	5	1	1230	47	0	1283
8220	7	1	38	1221	0	1267
8221	11	2	13	1289	0	1315
8222	4	2	1446	52	0	1504
8223	1522	1	46	25	0	1594
8224	1674	1	19	15	0	1709
8225	75	2	13	1704	0	1794
8226	33	3	1712	63	0	1811
8227	24	4	62	1687	0	1777
8228	17	1671	27	69	0	1784
8229	18	53	16	1679	0	1766
8230	14	18	8	1744	0	1784
8231	1670	16	11	90	0	1787
8232	1697	6	12	54	0	1769
8233	1732	8	3	45	0	1788
8234	99	4	10	1684	0	1797
8235	53	1	10	1714	0	1778
8236	33	9	1640	92	0	1774
8237	29	12	61	1579	0	1681
8238	13	1619	25	88	0	1745
8239	1620	58	21	47	0	1746
8240	76	1595	17	31	0	1719
8241	1632	73	8	26	0	1739
8242	93	25	12	1521	0	1651
8243	32	1581	9	79	0	1701
8244	1581	65	15	38	0	1699
8245	1621	22	10	31	0	1684
8246	86	26	11	1585	0	1708
8247	48	1579	7	77	0	1711
8248	41	70	10	1595	0	1716
8249	33	26	1574	77	0	1710
8250	1543	24	67	39	0	1673
8251	75	1557	20	44	0	1696
8252	1532	68	24	28	0	1652
8253	90	27	11	1530	0	1658
8254	1565	21	14	72	0	1672
8255	96	14	1581	33	0	1724
8256	1614	14	64	42	0	1734
8257	1668	13	28	34	0	1743
8258	100	7	1621	28	0	1756
8259	67	9	75	1600	0	1751
8260	54	14	27	1647	0	1742
8261	1580	10	27	92	0	1709
8262	90	1561	21	60	0	1732
8263	47	65	13	1561	0	1686
8264	39	31	1522	85	0	1677
8265	36	20	1493	50	0	1599
8266	37	1457	73	41	0	1608
8267	40	63	1468	23	0	1594
8268	1367	32	84	37	0	1520
8269	74	20	30	1367	0	1491
8270	1394	17	27	76	0	1514
8271	87	19	1360	32	0	1498
8272	44	16	60	1367	0	1487
8273	41	15	32	1406	0	1494
8274	31	15	1370	78	0	1494
8275	28	16	65	1380	0	1489
8276	1361	20	29	84	0	1494
8277	1405	10	33	44	0	1492
8278	91	13	13	1394	0	1511
8279	1394	16	15	72	0	1497
8280	1411	5	13	40	0	1469
8281	85	1324	19	47	0	1475
8282	61	52	12	1360	0	1485
8283	1371	25	15	71	0	1482
8284	80	19	16	1365	0	1480
8285	1366	14	14	83	0	1477
8286	89	18	12	1352	0	1471
8287	48	11	1339	78	0	1476
8288	49	1344	54	47	0	1494
8289	46	60	24	1195	0	1325
8290	37	1332	22	67	0	1458
8291	1316	60	22	40	0	1438
8292	75	1277	16	41	0	1409
8293	51	1306	20	24	0	1401
8294	42	71	12	1281	0	1406
8295	1274	34	16	78	0	1402
8296	72	30	18	1277	0	1397
8297	1264	22	18	80	0	1384
8298	1277	31	9	49	0	1366
8299	82	1253	11	45	0	1391
8300	1286	57	16	28	0	1387
8301	1305	33	14	24	0	1376
8302	1286	34	13	25	0	1358
8303	97	21	1213	24	0	1355
8304	68	18	48	1213	0	1347
8305	60	14	28	1254	0	1356
8306	42	9	1194	86	0	1331
8307	1227	13	59	48	0	1347
8308	1264	11	22	47	0	1344
8309	1272	15	33	26	0	1346
8310	1251	8	21	38	0	1318
8311	106	1165	16	37	0	1324
8312	1214	46	13	27	0	1300
8313	99	26	14	1150	0	1289
8314	50	19	1069	65	0	1203
8315	1050	10	43	30	0	1133
8316	74	1030	19	29	0	1152
8317	988	34	13	24	0	1059
8318	80	942	11	21	0	1054
8319	47	932	4	20	0	1003
8320	37	903	7	18	0	965
8321	31	874	4	21	0	930
8322	24	42	656	16	0	738
8323	18	56	25	511	0	610
8324	10	9	468	18	0	505
8325	365	3	14	11	0	393
8326	15	362	5	5	0	387
8327	9	372	1	2	0	384
8328	4	11	3	360	0	378
8329	7	9	1	368	0	385
8330	3	3	356	12	0	374
8331	3	4	357	5	0	369
8332	4	3	11	372	0	390
8333	4	1	362	11	0	378
8334	4	350	15	6	0	375
8335	9	11	4	334	0	358
8336	6	10	0	364	0	380
8337	8	2	360	10	0	380
8338	8	4	6	356	0	374
8339	366	1	2	13	0	382
8340	14	0	3	355	0	372
8341	7	1	4	358	0	370
8342	6	1	355	17	0	379
8343	342	2	7	5	0	356
8344	13	353	3	5	0	374
8345	12	7	1	356	0	376
8346	8	3	356	10	0	377
8347	12	4	7	347	0	370
8348	354	4	5	11	0	374
8349	12	3	351	7	0	373
8350	8	3	9	354	0	374
8351	3	3	362	12	0	380
8352	6	356	9	7	0	378
8353	6	10	369	2	0	387
8354	4	361	8	4	0	377
8355	2	6	304	1	0	313
8356	4	11	5	263	0	283
8357	3	281	2	2	0	288
8358	278	6	0	6	0	290
8359	6	2	2	277	0	287
8360	283	0	0	6	0	289
8361	8	2	0	270	0	280
8362	4	0	1	277	0	282
8363	282	1	0	10	0	293
8364	292	1	1	5	0	299
8365	11	1	2	293	0	307
8366	3	2	319	9	0	333
8367	2	309	7	4	0	322
8368	2	6	329	1	0	338
8369	2	338	6	2	0	348
8370	323	7	1	2	0	333
8371	8	2	329	0	0	339
8372	1	1	326	2	0	330
8373	1	2	10	315	0	328
8374	322	0	2	7	0	331
8375	7	1	338	3	0	349
8376	3	386	8	0	0	397
8377	401	8	2	2	0	413
8378	401	3	0	1	0	405
8379	403	2	1	0	0	406
8380	407	1	0	0	0	408
8381	402	0	1	1	0	404
8382	10	0	406	1	0	417
8383	5	0	7	392	0	404
8384	1	395	2	7	0	405
8385	406	6	0	2	0	414
8386	6	411	1	0	0	418
8387	386	6	0	2	0	394
8388	381	1	0	0	0	382
8389	4	381	0	0	0	385
8390	379	7	1	1	0	388
8391	8	1	0	382	0	391
8392	3	0	0	381	0	384
8393	0	1	367	6	0	374
8394	1	366	7	0	0	374
8395	3	6	0	363	0	372
8396	2	0	0	368	0	370
8397	0	0	1	373	0	374
8398	0	2	354	7	0	363
8399	340	0	6	1	0	347
8400	7	0	0	375	0	382
8401	376	0	0	11	0	387
8402	11	0	1	369	0	381
8403	2	0	381	10	0	393
8404	0	1	389	1	0	391
8405	369	0	8	2	0	379
8406	393	1	0	2	0	396
8407	9	397	1	0	0	407
8408	0	10	403	0	0	413
8409	3	0	7	387	0	397
8410	8	2	2	323	0	335
8411	415	2	0	9	0	426
8412	415	0	1	1	0	417
8413	412	0	0	2	0	414
8414	8	0	403	2	0	413
8415	423	0	8	1	0	432
8416	8	1	0	437	0	446
8417	2	0	0	443	0	445
8418	0	0	1	443	0	444
8419	1	436	0	8	0	445
8420	439	7	1	3	0	450
8421	10	0	0	445	0	455
8422	0	0	448	10	0	458
8423	3	1	8	435	0	447
8424	1	444	0	10	0	455
8425	447	8	1	2	0	458
8426	6	0	2	441	0	449
8427	1	0	0	445	0	446
8428	1	1	432	8	0	442
8429	4	1	8	428	0	441
8430	0	439	2	7	0	448
8431	1	7	0	453	0	461
8432	1	0	444	6	0	451
8433	416	0	7	3	0	426
8434	447	1	1	0	0	449
8435	7	453	0	1	0	461
8436	443	7	2	1	0	453
8437	449	1	0	0	0	450
8438	8	443	0	0	0	451
8439	0	8	1	439	0	448
8440	447	0	1	9	0	457
8441	8	457	0	1	0	466
8442	1	8	449	0	0	458
8443	451	0	9	1	0	461
8444	477	1	0	3	0	481
8445	473	1	0	2	0	476
8446	464	0	1	4	0	469
8447	8	484	0	4	0	496
8448	505	8	0	1	0	514
8449	514	0	0	2	0	516
8450	523	0	2	0	0	525
8451	8	1	0	528	0	537
8452	519	1	0	8	0	528
8453	7	581	1	1	0	590
8454	4	8	613	1	0	626
8455	3	1	7	654	0	665
8456	656	0	2	9	0	667
8457	10	3	664	2	0	679
8458	12	0	10	665	0	687
8459	3	3	676	14	0	696
8460	6	677	8	4	0	695
8461	6	18	3	660	0	687
8462	3	5	687	8	0	703
8463	2	665	11	3	0	681
8464	5	7	2	657	0	671
8465	663	1	4	10	0	678
8466	650	2	4	6	0	662
8467	644	1	5	7	0	657
8468	645	3	3	4	0	655
8469	633	4	2	6	0	645
8470	10	1	633	5	0	649
8471	621	5	8	4	0	638
8472	639	3	3	3	0	648
8473	14	2	1	647	0	664
8474	642	1	3	14	0	660
8475	625	1	3	3	0	632
8476	15	586	1	5	0	607
8477	16	7	2	588	0	613
8478	10	2	5	596	0	613
8479	595	3	2	14	0	614
8480	16	571	5	5	0	597
8481	9	588	1	8	0	606
8482	11	11	2	601	0	625
8483	13	4	2	603	0	622
8484	11	7	1	595	0	614
8485	8	3	1	602	0	614
8486	591	3	1	21	0	616
8487	590	2	0	10	0	602
8488	15	5	591	6	0	617
8489	9	7	8	575	0	599
8490	9	4	3	600	0	616
8491	6	1	594	18	0	619
8492	578	3	8	11	0	600
8493	8	596	4	12	0	620
8494	596	10	5	9	0	620
8495	18	3	3	591	0	615
8496	7	3	606	13	0	629
8497	10	3	11	610	0	634
8498	6	3	645	17	0	671
8499	3	641	14	21	0	679
8500	634	3	6	9	0	652
8501	628	6	4	8	0	646
8502	11	634	2	6	0	653
8503	11	5	3	632	0	651
8504	618	4	7	9	0	638
8505	9	616	3	11	0	639
8506	6	5	6	633	0	650
8507	624	4	5	10	0	643
8508	12	6	608	8	0	634
8509	602	2	6	6	0	616
8510	14	620	4	2	0	640
8511	620	9	5	8	0	642
8512	611	5	4	7	0	627
8513	15	5	604	8	0	632
8514	8	5	8	590	0	611
8515	13	4	4	604	0	625
8516	8	6	614	8	0	636
8517	10	6	8	600	0	624
8518	10	5	4	577	0	596
8519	621	2	5	12	0	640
8520	616	5	2	8	0	631
8521	14	2	5	613	0	634
8522	10	4	610	10	0	634
8523	9	3	6	615	0	633
8524	7	1	8	613	0	629
8525	9	0	622	13	0	644
8526	2	2	6	641	0	651
8527	632	0	5	14	0	651
8528	624	3	4	7	0	638
8529	12	620	5	9	0	646
8530	632	3	3	14	0	652
8531	619	4	6	12	0	641
8532	10	614	6	9	0	639
8533	618	7	4	11	0	640
8534	614	6	7	9	0	636
8535	627	4	3	11	0	645
8536	18	1	603	7	0	629
8537	610	6	5	6	0	627
8538	12	6	3	648	0	669
8539	652	2	3	16	0	673
8540	20	7	625	5	0	657
8541	11	632	8	7	0	658
8542	643	7	5	11	0	666
8543	19	641	5	3	0	668
8544	9	8	7	658	0	682
8545	11	5	3	665	0	684
8546	656	5	2	16	0	679
8547	654	3	0	11	0	668
8548	17	1	628	5	0	651
8549	11	4	596	2	0	613
8550	4	1	590	6	0	601
8551	5	1	10	579	0	595
8552	0	0	590	7	0	597
8553	2	7	501	5	0	515
8554	4	17	6	443	0	470
8555	486	1	5	9	0	501
8556	494	1	2	4	0	501
8557	486	0	1	5	0	492
8558	490	1	1	0	0	492
8559	12	0	0	486	0	498
8560	5	1	1	490	0	497
8561	2	0	515	6	0	523
8562	0	1	5	507	0	513
8563	5	0	3	493	0	501
8564	528	0	2	9	0	539
8565	531	1	3	6	0	541
8566	13	0	1	525	0	539
8567	529	0	0	7	0	536
8568	542	1	0	4	0	547
8569	13	0	1	547	0	561
8570	7	0	2	540	0	549
8571	4	0	529	12	0	545
8572	1	0	513	10	0	524
8573	2	0	13	519	0	534
8574	2	1	6	534	0	543
8575	2	1	530	10	0	543
8576	505	0	7	5	0	517
8577	506	1	2	2	0	511
8578	8	1	499	2	0	510
8579	4	502	7	2	0	515
8580	510	6	2	4	0	522
8581	9	2	538	3	0	552
8582	5	1	8	531	0	545
8583	3	0	5	549	0	557
8584	552	0	3	9	0	564
8585	585	0	0	8	0	593
8586	11	1	1	593	0	606
8587	4	0	1	640	0	645
8588	639	0	1	14	0	654
8589	650	1	1	6	0	658
8590	650	0	1	5	0	656
8591	17	1	649	2	0	669
8592	11	0	11	651	0	673
8593	4	0	5	666	0	675
8594	660	0	2	14	0	676
8595	12	666	3	6	0	687
8596	745	11	0	4	0	760
8597	12	751	2	2	0	767
8598	7	12	2	767	0	788
8599	5	4	0	773	0	782
8600	4	1	758	22	0	785
8601	9	1	13	749	0	772
8602	3	1	764	16	0	784
8603	3	0	12	764	0	779
8604	2	0	8	760	0	770
8605	2	728	3	22	0	755
8606	2	768	2	11	0	783
8607	6	17	1	757	0	781
8608	4	6	1	765	0	776
8609	5	3	1	785	0	794
8610	4	1	1	782	0	788
8611	2	0	1	800	0	803
8612	0	1	778	27	0	806
8613	4	1	13	778	0	796
8614	3	3	7	789	0	802
8615	3	0	762	23	0	788
8616	1	759	13	12	0	785
8617	4	14	9	755	0	782
8618	1	6	768	18	0	793
8619	1	773	18	8	0	800
8620	2	13	7	785	0	807
8621	790	7	4	18	0	819
8622	16	3	2	790	0	811
8623	10	3	2	792	0	807
8624	5	1	1	804	0	811
8625	7	2	1	796	0	806
8626	3	753	2	24	0	782
8627	6	14	1	795	0	816
8628	801	8	1	28	0	838
8629	16	3	3	824	0	846
8630	10	2	3	809	0	824
8631	2	2	4	832	0	840
8632	796	1	2	31	0	830
8633	814	2	1	20	0	837
8634	20	1	5	826	0	852
8635	810	3	1	16	0	830
8636	815	2	1	16	0	834
8637	21	828	4	10	0	863
8638	802	12	1	6	0	821
8639	14	816	0	6	0	836
8640	10	813	2	7	0	832
8641	8	14	8	799	0	829
8642	2	8	837	16	0	863
8643	5	2	10	806	0	823
8644	3	1	8	803	0	815
8645	1	808	3	23	0	835
8646	809	9	1	16	0	835
8647	16	9	2	814	0	841
8648	6	6	902	16	0	930
8649	5	3	9	891	0	908
8650	3	905	8	18	0	934
8651	921	11	3	13	0	948
8652	12	8	1	928	0	949
8653	7	3	942	19	0	971
8654	10	2	12	938	0	962
8655	4	911	8	15	0	938
8656	3	16	4	942	0	965
8657	971	7	3	18	0	999
8658	988	6	1	18	0	1013
8659	995	4	3	12	0	1014
8660	21	994	2	19	0	1036
8661	1006	16	3	5	0	1030
8662	20	7	1	1015	0	1043
8663	1015	1	2	22	0	1040
8664	16	1034	3	14	0	1067
8665	10	13	1	1041	0	1065
8666	2	9	1059	21	0	1091
8667	981	5	16	15	0	1017
8668	14	1066	6	9	0	1095
8669	9	16	3	1066	0	1094
8670	5	10	2	1090	0	1107
8671	2	4	2	1076	0	1084
8672	4	1	2	1050	0	1057
8673	2	1053	2	30	0	1087
8674	1061	15	1	17	0	1094
8675	1065	7	1	12	0	1085
8676	23	1	1065	7	0	1096
8677	13	3	17	1065	0	1098
8678	6	3	1089	19	0	1117
8679	1043	5	16	10	0	1074
8680	1070	4	8	8	0	1090
8681	1046	4	2	11	0	1063
8682	23	3	4	1022	0	1052
8683	10	1012	4	19	0	1045
8684	1032	15	1	14	0	1062
8685	20	8	2	1020	0	1050
8686	1015	2	0	22	0	1039
8687	18	5	943	10	0	976
8688	11	3	917	4	0	935
8689	943	1	16	9	0	969
8690	13	1	8	946	0	968
8691	937	1	0	18	0	956
8692	14	934	1	8	0	957
8693	947	11	1	7	0	966
8694	940	6	2	5	0	953
8695	18	3	923	5	0	949
8696	9	2	828	0	0	839
8697	2	830	14	2	0	848
8698	1	10	2	809	0	822
8699	822	1	1	12	0	836
8700	8	0	0	823	0	831
8701	6	1	1	834	0	842
8702	3	3	818	10	0	834
8703	809	1	9	7	0	826
8704	13	1	2	841	0	857
8705	3	0	828	12	0	843
8706	0	1	792	3	0	796
8707	4	7	10	799	0	820
8708	3	1	809	17	0	830
8709	2	0	813	3	0	818
8710	6	3	11	779	0	799
8711	3	2	823	9	0	837
8712	2	7	8	792	0	809
8713	1	778	2	11	0	792
8714	823	8	1	8	0	840
8715	10	842	2	3	0	857
8716	2	9	2	832	0	845
8717	4	846	0	9	0	859
8718	2	12	868	2	0	884
8719	4	1	9	976	0	990
8720	2	3	1169	19	0	1193
8721	1140	0	30	10	0	1180
8722	34	1235	12	1	0	1282
8723	1251	33	6	3	0	1293
8724	40	10	4	1237	0	1291
8725	1249	6	3	36	0	1294
8726	40	6	1249	13	0	1308
8727	20	1252	34	5	0	1311
8728	1234	39	9	11	0	1293
8729	46	11	4	1192	0	1253
8730	15	1222	8	35	0	1280
8731	12	37	7	1230	0	1286
8732	1226	14	9	42	0	1291
8733	38	1336	3	18	0	1395
8734	1344	51	4	8	0	1407
8735	59	20	1320	10	0	1409
8736	1324	13	46	9	0	1392
8737	63	7	14	1321	0	1405
8738	1334	5	8	53	0	1400
8739	58	1317	13	13	0	1401
8740	27	52	8	1312	0	1399
8741	21	19	6	1358	0	1404
8742	18	9	1275	67	0	1369
8743	10	9	49	1282	0	1350
8744	12	10	15	1337	0	1374
8745	11	8	5	1351	0	1375
8746	14	8	8	1350	0	1380
8747	12	9	1323	75	0	1419
8748	10	1225	54	26	0	1315
8749	15	48	17	1249	0	1329
8750	1221	13	13	70	0	1317
8751	1260	12	8	30	0	1310
8752	65	1230	8	22	0	1325
8753	1207	59	14	16	0	1296
8754	1222	25	5	23	0	1275
8755	1233	10	6	26	0	1275
8756	84	1167	7	12	0	1270
8757	1160	54	2	15	0	1231
8758	67	28	4	1099	0	1198
8759	32	6	1092	61	0	1191
8760	23	1093	51	22	0	1189
8761	28	58	26	1077	0	1189
8762	14	29	1061	60	0	1164
8763	1056	11	46	27	0	1140
8764	62	8	17	1045	0	1132
8765	34	11	17	1063	0	1125
8766	21	22	10	1050	0	1103
8767	25	7	5	1071	0	1108
8768	25	7	999	67	0	1098
8769	958	7	44	30	0	1039
8770	51	974	15	29	0	1069
8771	984	49	9	22	0	1064
8772	61	983	8	25	0	1077
8773	998	55	14	20	0	1087
8774	64	28	16	975	0	1083
8775	34	12	975	58	0	1079
8776	20	16	1010	22	0	1068
8777	31	11	56	970	0	1068
8778	15	11	16	1020	0	1062
8779	17	6	13	1042	0	1078
8780	964	3	15	89	0	1071
8781	47	7	977	41	0	1072
8782	20	61	64	874	0	1019
8783	19	974	18	61	0	1072
8784	963	57	7	32	0	1059
8785	62	19	959	27	0	1067
8786	32	953	53	16	0	1054
8787	25	55	973	11	0	1064
8788	23	17	52	976	0	1068
8789	12	22	968	56	0	1058
8790	23	9	997	21	0	1050
8791	10	10	68	974	0	1062
8792	14	16	970	67	0	1067
8793	14	7	1004	35	0	1060
8794	21	7	62	967	0	1057
8795	950	12	38	62	0	1062
8796	59	11	955	31	0	1056
8797	25	10	59	941	0	1035
8798	24	7	30	978	0	1039
8799	934	5	30	73	0	1042
8800	52	14	17	945	0	1028
8801	923	5	20	65	0	1013
8802	55	899	22	40	0	1016
8803	26	41	16	932	0	1015
8804	925	14	19	70	0	1028
8805	957	9	13	36	0	1015
8806	63	13	16	944	0	1036
8807	31	10	928	63	0	1032
8808	904	11	54	33	0	1002
8809	65	904	23	27	0	1019
8810	897	53	23	16	0	989
8811	940	17	12	25	0	994
8812	957	8	8	36	0	1009
8813	76	7	902	13	0	998
8814	35	883	48	21	0	987
8815	35	64	17	861	0	977
8816	30	27	16	902	0	975
8817	21	7	869	72	0	969
8818	28	802	44	30	0	904
8819	12	681	17	17	0	727
8820	5	536	5	13	0	559
8821	470	21	34	11	0	536
8822	27	4	3	446	0	480
8823	5	7	4	461	0	477
8824	8	7	444	24	0	483
8825	434	6	18	10	0	468
8826	24	5	4	433	0	466
8827	11	2	8	449	0	470
8828	7	5	428	26	0	466
8829	4	423	17	14	0	458
8830	8	22	5	429	0	464
8831	6	3	441	19	0	469
8832	2	407	15	8	0	432
8833	304	9	2	8	0	323
8834	5	4	319	2	0	330
8835	4	7	4	285	0	300
8836	2	298	1	10	0	311
8837	293	4	11	5	0	313
8838	3	4	5	289	0	301
8839	293	0	2	3	0	298
8840	290	0	1	6	0	297
8841	2	290	1	8	0	301
8842	293	2	4	3	0	302
8843	303	3	0	3	0	309
8844	3	0	299	7	0	309
8845	288	0	5	0	0	293
8846	6	4	290	0	0	300
8847	269	0	4	0	0	273
8848	270	0	0	1	0	271
8849	0	0	288	0	0	288
8850	1	0	0	282	0	283
8851	0	1	310	0	0	311
8852	0	0	288	0	0	288
8853	0	0	312	0	0	312
8854	0	3	0	318	0	321
8855	0	0	0	338	0	338
8856	1	0	0	337	0	338
8857	0	0	0	340	0	340
8858	0	0	372	1	0	373
8859	0	0	1	356	0	357
8860	2	347	1	1	0	351
8861	0	1	383	0	0	384
8862	0	1	2	376	0	379
8863	0	0	408	2	0	410
8864	0	413	2	2	0	417
8865	0	429	1	0	0	430
8866	0	3	0	433	0	436
8867	1	1	428	2	0	432
8868	1	0	407	1	0	409
8869	1	0	1	421	0	423
8870	0	0	1	421	0	422
8871	0	0	1	438	0	439
8872	1	0	443	3	0	447
8873	1	447	2	2	0	452
8874	0	466	1	2	0	469
8875	1	3	1	469	0	474
8876	1	2	467	3	0	473
8877	0	0	462	2	0	464
8878	0	504	3	0	0	507
8879	515	3	2	1	0	521
8880	3	533	2	0	0	538
8881	1	1	549	0	0	551
8882	546	1	2	4	0	553
8883	3	1	1	592	0	597
8884	606	1	0	4	0	611
8885	4	1	0	608	0	613
8886	2	0	1	605	0	608
8887	609	0	1	6	0	616
8888	2	619	2	3	0	626
8889	3	2	603	1	0	609
8890	1	618	3	2	0	624
8891	627	3	3	3	0	636
8892	3	620	1	3	0	627
8893	620	4	1	2	0	627
8894	617	2	1	1	0	621
8895	4	623	1	2	0	630
8896	1	2	3	625	0	631
8897	619	2	1	5	0	627
8898	616	1	1	6	0	624
8899	4	1	1	619	0	625
8900	3	1	608	2	0	614
8901	2	4	580	2	0	588
8902	4	2	4	605	0	615
8903	0	1	603	5	0	609
8904	565	0	3	5	0	573
8905	1	611	3	1	0	616
8906	2	2	0	628	0	632
8907	6	3	0	626	0	635
8908	2	4	2	619	0	627
8909	3	1	1	609	0	614
8910	2	1	3	617	0	623
8911	4	2	618	5	0	629
8912	1	621	3	1	0	626
8913	630	2	3	5	0	640
8914	5	1	4	629	0	639
8915	6	2	1	622	0	631
8916	3	4	1	625	0	633
8917	1	626	1	8	0	636
8918	2	4	2	636	0	644
8919	4	3	3	632	0	642
8920	622	1	2	5	0	630
8921	3	600	2	5	0	610
8922	2	603	0	4	0	609
8923	2	4	1	606	0	613
8924	601	5	1	6	0	613
8925	4	4	608	3	0	619
8926	582	1	2	5	0	590
8927	5	2	643	2	0	652
8928	2	2	4	643	0	651
8929	3	2	4	647	0	656
8930	3	2	2	634	0	641
8931	4	3	2	640	0	649
8932	3	1	5	616	0	625
8933	643	2	4	5	0	654
8934	3	2	629	7	0	641
8935	2	2	3	643	0	650
8936	4	1	683	8	0	696
8937	3	688	2	7	0	700
8938	681	3	3	13	0	700
8939	4	3	720	7	0	734
8940	7	3	5	717	0	732
8941	4	3	3	729	0	739
8942	4	3	742	11	0	760
8943	4	3	721	6	0	734
8944	7	6	5	687	0	705
8945	753	3	2	5	0	763
8946	746	4	2	5	0	757
8947	6	738	2	12	0	758
8948	751	3	1	12	0	767
8949	7	4	4	732	0	747
8950	3	754	3	6	0	766
8951	5	3	2	756	0	766
8952	6	1	762	7	0	776
8953	5	2	5	737	0	749
8954	3	2	5	745	0	755
8955	759	0	3	14	0	776
8956	4	751	2	4	0	761
8957	748	4	2	5	0	759
8958	6	726	4	4	0	740
8959	718	2	2	7	0	729
8960	1	706	4	8	0	719
8961	1	701	3	8	0	713
8962	701	1	6	6	0	714
8963	0	6	3	685	0	694
8964	2	679	2	8	0	691
8965	681	2	3	4	0	690
8966	673	2	4	2	0	681
8967	680	2	2	5	0	689
8968	671	0	2	7	0	680
8969	3	704	1	2	0	710
8970	5	1	1	719	0	726
8971	3	4	2	712	0	721
8972	717	0	3	8	0	728
8973	2	1	0	699	0	702
8974	688	3	2	5	0	698
8975	2	2	664	2	0	670
8976	629	1	2	4	0	636
8977	1	2	646	5	0	654
8978	6	0	0	629	0	635
8979	638	2	2	1	0	643
8980	2	622	0	2	0	626
8981	595	0	1	1	0	597
8982	1	589	0	2	0	592
8983	3	2	0	643	0	648
8984	1	1	623	1	0	626
8985	572	1	1	3	0	577
8986	2	624	0	4	0	630
8987	3	6	1	619	0	629
8988	3	2	1	624	0	630
8989	3	1	0	616	0	620
8990	3	0	628	2	0	633
8991	3	626	1	0	0	630
8992	630	1	1	1	0	633
8993	602	1	0	6	0	609
8994	0	623	2	1	0	626
8995	628	1	0	4	0	633
8996	3	0	0	634	0	637
8997	0	620	1	2	0	623
8998	626	0	1	4	0	631
8999	0	1	617	1	0	619
9000	2	611	1	1	0	615
9001	0	1	2	622	0	625
9002	0	0	0	644	0	644
9003	3	1	627	0	0	631
9004	4	2	0	607	0	613
9005	2	2	624	0	0	628
9006	1	2	0	603	0	606
9007	3	0	0	602	0	605
9008	0	2	1	607	0	610
9009	2	1	1	611	0	615
9010	1	2	620	0	0	623
9011	2	0	667	4	0	673
9012	0	745	2	3	0	750
9013	3	4	1	778	0	786
9014	3	3	784	7	0	797
9015	2	780	6	3	0	791
9016	5	7	1	818	0	831
9017	2	4	867	8	0	881
9018	838	2	9	7	0	856
9019	905	1	2	5	0	913
9020	17	0	1	900	0	918
9021	3	1	889	13	0	906
9022	5	1	9	895	0	910
9023	899	0	4	12	0	915
9024	12	914	0	5	0	931
9025	930	9	1	3	0	943
9026	924	5	0	3	0	932
9027	22	2	0	880	0	904
9028	8	3	1	881	0	893
9029	5	1	0	902	0	908
9030	7	0	1	891	0	899
9031	5	0	0	886	0	891
9032	881	1	2	15	0	899
9033	885	1	1	10	0	897
9034	887	1	0	5	0	893
9035	15	0	852	4	0	871
9036	829	0	10	5	0	844
9037	15	1	3	830	0	849
9038	6	0	818	14	0	838
9039	1	794	14	7	0	816
9040	8	14	5	790	0	817
9041	10	4	2	782	0	798
9042	2	798	2	15	0	817
9043	8	11	2	819	0	840
9044	5	4	828	17	0	854
9045	3	2	834	7	0	846
9046	3	4	17	837	0	861
9047	833	2	5	18	0	858
9048	826	4	1	13	0	844
9049	17	1	830	5	0	853
9050	7	774	13	7	0	801
9051	4	827	4	6	0	841
9052	779	14	0	10	0	803
9053	12	5	814	7	0	838
9054	6	5	13	803	0	827
9055	797	1	5	19	0	822
9056	20	770	4	7	0	801
9057	9	801	2	3	0	815
9058	794	15	3	6	0	818
9059	18	4	4	800	0	826
9060	835	3	6	19	0	863
9061	18	5	1	971	0	995
9062	15	3	4	1018	0	1040
9063	4	4	1018	36	0	1062
9064	10	3	23	1066	0	1102
9065	7	4	13	1083	0	1107
9066	1042	6	8	40	0	1096
9067	23	2	8	1086	0	1119
9068	13	3	1059	35	0	1110
9069	1027	3	28	26	0	1084
9070	33	4	16	1061	0	1114
9071	1063	3	7	32	0	1105
9072	37	1015	5	18	0	1075
9073	21	1070	3	10	0	1104
9074	1054	39	3	11	0	1107
9075	1083	20	4	9	0	1116
9076	44	5	2	1074	0	1125
9077	22	2	1069	32	0	1125
9078	13	4	26	1096	0	1139
9079	1055	4	18	35	0	1112
9080	37	1060	5	17	0	1119
9081	17	29	5	1078	0	1129
9082	1055	17	2	38	0	1112
9083	29	6	1004	24	0	1063
9084	1019	3	25	17	0	1064
9085	973	2	18	18	0	1011
9086	39	2	1030	13	0	1084
9087	23	1	1038	12	0	1074
9088	12	5	39	996	0	1052
9089	9	3	21	1026	0	1059
9090	10	1023	11	41	0	1085
9091	11	25	5	1059	0	1100
9092	8	16	1057	34	0	1115
9093	9	8	26	1061	0	1104
9094	12	5	18	1128	0	1163
9095	7	5	1104	42	0	1158
9096	5	1109	29	28	0	1171
9097	9	32	17	1129	0	1187
9098	7	18	8	1155	0	1188
9099	1126	4	13	50	0	1193
9100	35	3	7	1161	0	1206
9101	23	3	1141	33	0	1200
9102	1102	4	27	29	0	1162
9103	1147	5	18	12	0	1182
9104	1166	6	8	15	0	1195
9105	52	8	1105	8	0	1173
9106	34	3	27	1107	0	1171
9107	14	4	26	1125	0	1169
9108	13	1	11	1150	0	1175
9109	1084	1	9	62	0	1156
9110	28	1081	13	31	0	1153
9111	22	30	986	19	0	1057
9112	11	963	25	17	0	1016
9113	5	935	17	18	0	975
9114	10	939	12	9	0	970
9115	16	33	21	900	0	970
9116	9	20	901	25	0	955
9117	767	14	20	27	0	828
9118	26	818	14	17	0	875
9119	803	16	11	9	0	839
9120	21	820	8	7	0	856
9121	814	23	1	21	0	859
9122	24	837	2	11	0	874
9123	18	23	848	15	0	904
9124	17	13	25	834	0	889
9125	11	10	17	870	0	908
9126	859	2	11	45	0	917
9127	32	10	2	938	0	982
9128	17	12	918	35	0	982
9129	11	13	28	937	0	989
9130	12	6	926	38	0	982
9131	9	916	35	18	0	978
9132	12	26	19	888	0	945
9133	7	934	13	28	0	982
9134	927	34	7	21	0	989
9135	33	19	5	925	0	982
9136	21	12	918	29	0	980
9137	12	10	922	23	0	967
9138	904	4	42	15	0	965
9139	33	4	24	914	0	975
9140	23	4	900	32	0	959
9141	18	7	885	19	0	929
9142	4	886	40	16	0	946
9143	8	27	39	808	0	882
9144	6	866	8	30	0	910
9145	5	28	5	866	0	904
9146	854	20	6	33	0	913
9147	30	7	4	871	0	912
9148	16	6	8	891	0	921
9149	867	2	6	49	0	924
9150	33	3	7	901	0	944
9151	21	8	6	892	0	927
9152	12	891	10	37	0	950
9153	882	28	3	30	0	943
9154	917	15	5	17	0	954
9155	43	8	6	901	0	958
9156	22	1	12	914	0	949
9157	14	8	8	901	0	931
9158	9	845	3	46	0	903
9159	7	894	5	23	0	929
9160	13	31	7	831	0	882
9161	677	5	4	20	0	706
9162	671	5	0	18	0	694
9163	20	640	2	13	0	675
9164	600	13	4	4	0	621
9165	14	599	4	5	0	622
9166	7	608	0	8	0	623
9167	16	22	1	580	0	619
9168	586	10	0	16	0	612
9169	17	576	2	9	0	604
9170	5	575	1	8	0	589
9171	2	14	2	586	0	604
9172	4	5	1	595	0	605
9173	1	6	582	17	0	606
9174	573	5	13	8	0	599
9175	562	2	4	11	0	579
9176	17	4	578	3	0	602
9177	9	2	556	6	0	573
9178	5	6	16	567	0	594
9179	6	2	4	595	0	607
9180	2	591	1	18	0	612
9181	5	20	1	588	0	614
9182	2	4	585	21	0	612
9183	8	4	16	572	0	600
9184	5	5	3	595	0	608
9185	577	4	3	19	0	603
9186	16	4	575	8	0	603
9187	555	1	15	10	0	581
9188	20	0	569	5	0	594
9189	6	2	17	524	0	549
9190	4	2	532	17	0	555
9191	3	2	541	6	0	552
9192	2	5	17	515	0	539
9193	483	3	16	22	0	524
9194	462	2	4	8	0	476
9195	15	449	3	4	0	471
9196	437	12	3	7	0	459
9197	440	4	3	7	0	454
9198	18	436	4	4	0	462
9199	9	12	4	436	0	461
9200	3	4	3	441	0	451
9201	1	5	2	443	0	451
9202	6	3	2	447	0	458
9203	5	3	429	19	0	456
9204	432	1	15	9	0	457
9205	15	6	5	439	0	465
9206	6	2	2	444	0	454
9207	5	442	0	18	0	465
9208	3	17	2	447	0	469
9209	1	3	445	19	0	468
9210	442	2	15	4	0	463
9211	17	2	459	6	0	484
9212	6	1	12	440	0	459
9213	447	3	3	16	0	469
9214	16	449	2	7	0	474
9215	3	14	2	471	0	490
9216	4	5	459	17	0	485
9217	8	6	14	459	0	487
9218	462	2	1	22	0	487
9219	15	1	468	8	0	492
9220	4	5	468	6	0	483
9221	3	459	15	12	0	489
9222	450	15	11	4	0	480
9223	13	432	3	5	0	453
9224	3	13	418	3	0	437
9225	3	2	391	5	0	401
9226	3	391	9	3	0	406
9227	325	5	1	2	0	333
9228	4	328	7	1	0	340
9229	5	5	1	326	0	337
9230	3	1	3	332	0	339
9231	1	0	330	9	0	340
9232	2	0	9	332	0	343
9233	1	0	343	6	0	350
9234	338	1	7	4	0	350
9235	348	0	2	2	0	352
9236	353	1	1	2	0	357
9237	6	2	345	1	0	354
9238	354	0	7	2	0	363
9239	9	1	2	345	0	357
9240	3	354	1	7	0	365
9241	357	5	2	4	0	368
9242	8	0	341	2	0	351
9243	347	1	6	3	0	357
9244	345	0	3	4	0	352
9245	7	0	343	1	0	351
9246	3	342	7	1	0	353
9247	3	5	1	353	0	362
9248	1	1	344	8	0	354
9249	2	2	339	2	0	345
9250	0	3	8	304	0	315
9251	0	1	309	5	0	315
9252	6	0	4	302	0	312
9253	4	2	2	289	0	297
9254	0	0	1	303	0	304
9255	3	1	299	5	0	308
9256	2	2	5	296	0	305
9257	0	0	304	9	0	313
9258	2	0	8	305	0	315
9259	299	0	2	10	0	311
9260	10	1	1	306	0	318
9261	2	304	4	8	0	318
9262	2	7	3	313	0	325
9263	323	3	0	9	0	335
9264	10	330	2	0	0	342
9265	3	8	1	338	0	350
9266	329	3	4	8	0	344
9267	6	2	336	4	0	348
9268	5	2	6	336	0	349
9269	1	4	339	7	0	351
9270	1	2	339	5	0	347
9271	2	1	8	334	0	345
9272	330	1	4	9	0	344
9273	8	0	325	2	0	335
9274	316	3	6	4	0	329
9275	10	1	3	320	0	334
9276	3	2	316	7	0	328
9277	2	1	314	2	0	319
9278	2	0	317	3	0	322
9279	1	3	12	288	0	304
9280	287	0	2	8	0	297
9281	7	299	2	1	0	309
9282	4	6	1	289	0	300
9283	2	1	2	304	0	309
9284	298	1	1	6	0	306
9285	296	0	0	7	0	303
9286	6	294	1	1	0	302
9287	294	5	1	2	0	302
9288	299	1	1	1	0	302
9289	9	2	0	298	0	309
9290	4	0	312	5	0	321
9291	302	2	6	3	0	313
9292	6	1	2	311	0	320
9293	3	1	2	315	0	321
9294	312	1	1	6	0	320
9295	7	0	3	304	0	314
9296	5	1	0	305	0	311
9297	304	0	1	8	0	313
9298	5	323	1	5	0	334
9299	322	6	1	2	0	331
9300	6	1	316	4	0	327
9301	307	1	7	3	0	318
9302	8	0	2	321	0	331
9303	2	327	2	5	0	336
9304	3	7	1	330	0	341
9305	1	1	2	331	0	335
9306	2	1	0	332	0	335
9307	319	0	0	10	0	329
9308	5	320	1	2	0	328
9309	1	314	0	2	0	317
9310	308	5	1	2	0	316
9311	3	1	327	2	0	333
9312	3	1	318	0	0	322
9313	320	0	7	1	0	328
9314	6	2	329	0	0	337
9315	3	0	5	308	0	316
9316	4	0	2	305	0	311
9317	0	0	1	322	0	323
9318	3	0	0	328	0	331
9319	1	332	1	5	0	339
9320	0	4	0	350	0	354
9321	2	1	349	6	0	358
9322	0	2	4	349	0	355
9323	1	0	352	4	0	357
9324	1	1	337	1	0	340
9325	0	0	5	352	0	357
9326	0	0	352	5	0	357
9327	0	0	6	335	0	341
9328	358	0	0	5	0	363
9329	4	0	360	2	0	366
9330	338	0	2	4	0	344
9331	4	0	3	356	0	363
9332	2	0	359	4	0	365
9333	2	347	4	2	0	355
9334	0	4	2	351	0	357
9335	2	1	358	4	0	365
9336	0	1	6	359	0	366
9337	375	0	3	11	0	389
9338	379	2	1	2	0	384
9339	385	1	1	3	0	390
9340	4	0	1	376	0	381
9341	2	1	0	372	0	375
9342	5	0	1	382	0	388
9343	397	0	1	10	0	408
9344	7	393	2	8	0	410
9345	2	6	2	406	0	416
9346	4	1	2	412	0	419
9347	396	1	0	13	0	410
9348	8	407	4	5	0	424
9349	5	9	3	427	0	444
9350	431	1	0	14	0	446
9351	424	1	5	8	0	438
9352	10	2	1	421	0	434
9353	430	2	1	11	0	444
9354	10	0	5	430	0	445
9355	8	0	429	11	0	448
9356	3	1	6	430	0	440
9357	3	0	3	440	0	446
9358	4	2	1	433	0	440
9359	421	0	1	14	0	436
9360	6	410	3	6	0	425
9361	407	6	0	7	0	420
9362	9	416	1	1	0	427
9363	3	404	1	0	0	408
9364	400	8	0	4	0	412
9365	6	399	1	3	0	409
9366	6	6	1	400	0	413
9367	385	3	1	8	0	397
9368	407	0	0	3	0	410
9369	11	3	1	405	0	420
9370	5	0	0	407	0	412
9371	2	414	1	10	0	427
9372	417	6	0	4	0	427
9373	415	1	0	6	0	422
9374	5	461	1	4	0	471
9375	4	462	1	5	0	472
9376	3	12	1	469	0	485
9377	466	2	0	16	0	484
9378	16	2	1	457	0	476
9379	5	2	1	479	0	487
9380	2	0	460	13	0	475
9381	5	0	451	5	0	461
9382	1	1	10	463	0	475
9383	2	0	465	11	0	478
9384	3	474	7	4	0	488
9385	1	10	3	475	0	489
9386	4	3	1	484	0	492
9387	4	4	1	481	0	490
9388	1	5	468	13	0	487
9389	6	0	458	6	0	470
9390	447	4	8	4	0	463
9391	9	460	2	5	0	476
9392	465	9	3	1	0	478
9393	10	6	2	458	0	476
9394	462	1	0	16	0	479
9395	13	3	1	451	0	468
9396	6	462	0	8	0	476
9397	471	8	0	9	0	488
9398	11	2	451	4	0	468
9399	3	456	9	4	0	472
9400	458	8	4	5	0	475
9401	11	3	3	451	0	468
9402	7	456	2	7	0	472
9403	3	13	0	493	0	509
9404	483	5	0	15	0	503
9405	13	2	2	484	0	501
9406	482	3	2	16	0	503
9407	13	1	471	13	0	498
9408	8	3	16	465	0	492
9409	472	4	6	16	0	498
9410	12	1	480	11	0	504
9411	4	454	15	3	0	476
9412	4	8	4	442	0	458
9413	2	5	447	14	0	468
9414	0	4	440	9	0	453
9415	4	5	11	430	0	450
9416	3	4	432	12	0	451
9417	4	1	429	10	0	444
9418	4	2	14	412	0	432
9419	408	2	6	14	0	430
9420	11	0	3	411	0	425
9421	9	1	3	393	0	406
9422	4	2	393	16	0	415
9423	5	3	9	404	0	421
9424	422	3	4	13	0	442
9425	14	1	414	7	0	436
9426	5	433	13	4	0	455
9427	2	13	5	435	0	455
9428	417	5	3	12	0	437
9429	14	3	1	421	0	439
9430	5	415	1	14	0	435
9431	4	11	424	8	0	447
9432	4	7	15	437	0	463
9433	443	1	5	21	0	470
9434	19	1	449	5	0	474
9435	5	3	17	476	0	501
9436	488	1	5	20	0	514
9437	531	0	3	9	0	543
9438	22	527	2	3	0	554
9439	531	18	2	6	0	557
9440	21	6	3	535	0	565
9441	9	3	534	21	0	567
9442	2	517	23	8	0	550
9443	3	534	8	2	0	547
9444	1	22	4	527	0	554
9445	5	6	3	542	0	556
9446	2	1	517	25	0	545
9447	5	507	20	12	0	544
9448	3	515	8	8	0	534
9449	7	19	4	484	0	514
9450	470	6	4	21	0	501
9451	20	468	2	8	0	498
9452	7	18	2	485	0	512
9453	496	7	3	19	0	525
9454	18	4	2	513	0	537
9455	7	3	2	507	0	519
9456	4	1	3	520	0	528
9457	3	3	3	524	0	533
9458	494	3	6	25	0	528
9459	20	2	3	501	0	526
9460	9	3	494	23	0	529
9461	484	4	19	12	0	519
9462	23	3	494	6	0	526
9463	9	6	513	5	0	533
9464	5	1	21	522	0	549
9465	4	2	9	539	0	554
9466	4	5	3	550	0	562
9467	528	3	2	29	0	562
9468	19	3	512	11	0	545
9469	515	3	17	9	0	544
9470	534	5	6	7	0	552
9471	24	4	528	8	0	564
9472	534	4	18	9	0	565
9473	22	3	547	5	0	577
9474	7	512	13	6	0	538
9475	7	14	8	522	0	551
9476	6	4	1	544	0	555
9477	5	1	3	540	0	549
9478	4	1	4	543	0	552
9479	2	2	532	23	0	559
9480	3	2	531	8	0	544
9481	2	2	17	523	0	544
9482	4	1	526	17	0	548
9483	501	1	19	12	0	533
9484	528	1	6	2	0	537
9485	20	2	4	517	0	543
9486	516	1	3	20	0	540
9487	17	531	3	10	0	561
9488	542	15	2	4	0	563
9489	16	8	532	3	0	559
9490	10	2	16	521	0	549
9491	3	530	8	18	0	559
9492	542	13	4	9	0	568
9493	19	7	1	546	0	573
9494	8	4	547	15	0	574
9495	6	0	13	551	0	570
9496	533	2	9	22	0	566
9497	17	4	542	7	0	570
9498	10	3	12	547	0	572
9499	1	2	13	563	0	579
9500	1	2	548	29	0	580
9501	7	532	14	9	0	562
9502	3	456	13	6	0	478
9503	6	12	2	531	0	551
9504	3	5	3	558	0	569
9505	3	0	6	557	0	566
9506	545	4	2	16	0	567
9507	548	5	3	7	0	563
9508	15	2	2	556	0	575
9509	552	0	3	16	0	571
9510	10	548	2	11	0	571
9511	8	12	2	557	0	579
9512	4	6	2	572	0	584
9513	1	2	3	584	0	590
9514	535	1	3	24	0	563
9515	13	538	2	13	0	566
9516	5	10	7	549	0	571
9517	543	7	2	15	0	567
9518	13	1	1	561	0	576
9519	8	0	3	560	0	571
9520	6	534	4	15	0	559
9521	4	552	1	12	0	569
9522	2	13	3	566	0	584
9523	5	6	4	560	0	575
9524	531	2	2	19	0	554
9525	13	4	2	535	0	554
9526	9	2	512	15	0	538
9527	4	1	8	522	0	535
9528	6	500	6	13	0	525
9529	519	9	1	9	0	538
9530	11	7	5	512	0	535
9531	7	0	5	513	0	525
9532	3	499	4	17	0	523
9533	480	5	5	9	0	499
9534	7	487	2	8	0	504
9535	7	6	0	488	0	501
9536	3	3	472	11	0	489
9537	6	7	2	411	0	426
9538	405	2	5	6	0	418
9539	4	402	1	6	0	413
9540	5	3	0	399	0	407
9541	0	394	4	5	0	403
9542	7	3	0	404	0	414
9543	2	4	397	4	0	407
9544	2	1	2	397	0	402
9545	0	0	2	393	0	395
9546	0	2	0	409	0	411
9547	394	0	0	7	0	401
9548	398	1	1	6	0	406
9549	3	405	0	4	0	412
9550	395	2	0	3	0	400
9551	2	403	0	2	0	407
9552	3	411	0	2	0	416
9553	389	4	0	3	0	396
9554	4	3	380	2	0	389
9555	3	0	3	379	0	385
9556	2	1	4	378	0	385
9557	0	1	0	390	0	391
9558	375	3	1	7	0	386
9559	4	377	1	8	0	390
9560	3	5	1	389	0	398
9561	0	390	0	9	0	399
9562	387	5	0	3	0	395
9563	9	4	1	376	0	390
9564	6	2	0	465	0	473
9565	3	521	0	13	0	537
9566	4	9	1	537	0	551
9567	2	7	1	541	0	551
9568	534	3	0	17	0	554
9569	8	512	1	11	0	532
9570	4	518	1	4	0	527
9571	4	14	1	508	0	527
9572	1	6	483	14	0	504
9573	2	3	480	7	0	492
9574	2	3	14	471	0	490
9575	1	2	465	13	0	481
9576	0	3	9	472	0	484
9577	7	2	5	440	0	454
9578	3	0	1	478	0	482
9579	463	3	0	18	0	484
9580	13	1	0	464	0	478
9581	7	2	1	461	0	471
9582	1	461	1	17	0	480
9583	4	9	0	476	0	489
9584	1	5	471	10	0	487
9585	3	3	9	474	0	489
9586	2	2	4	482	0	490
9587	448	0	1	20	0	469
9588	11	2	2	455	0	470
9589	5	2	1	457	0	465
9590	0	2	1	469	0	472
9591	441	2	1	17	0	461
9592	11	453	1	8	0	473
9593	5	11	1	458	0	475
9594	1	5	1	470	0	477
9595	1	2	459	18	0	480
9596	7	0	8	462	0	477
9597	430	1	6	15	0	452
9598	10	432	1	19	0	462
9599	8	12	3	428	0	451
9600	2	7	2	441	0	452
9601	0	2	424	19	0	445
9602	410	0	9	12	0	431
9603	10	406	3	9	0	428
9604	417	10	1	7	0	435
9605	11	5	0	414	0	430
9606	9	3	1	421	0	434
9607	4	3	3	432	0	442
9608	1	3	3	430	0	437
9609	414	2	3	21	0	440
9610	9	0	2	411	0	422
9611	6	400	6	12	0	424
9612	4	10	2	405	0	421
9613	4	5	1	413	0	423
9614	398	1	2	19	0	420
9615	12	403	0	10	0	425
9616	5	11	1	412	0	429
9617	396	4	1	20	0	421
9618	409	2	3	5	0	419
9619	14	3	1	403	0	421
9620	8	2	394	14	0	418
9621	390	3	10	11	0	414
9622	8	1	7	401	0	417
9623	8	1	409	16	0	434
9624	2	1	9	418	0	430
9625	6	1	5	404	0	416
9626	4	3	0	423	0	430
9627	4	419	0	19	0	442
9628	3	11	0	442	0	456
9629	3	5	2	444	0	454
9630	4	2	0	446	0	452
9631	4	3	2	444	0	453
9632	3	1	1	445	0	450
9633	5	1	2	445	0	453
9634	410	2	3	17	0	432
9635	10	1	399	11	0	421
9636	8	394	11	4	0	417
9637	387	10	5	4	0	406
9638	10	392	2	5	0	409
9639	393	10	3	7	0	413
9640	14	3	5	391	0	413
9641	392	2	1	8	0	403
9642	8	3	0	390	0	401
9643	6	0	1	374	0	381
9644	1	370	2	19	0	392
9645	380	6	1	8	0	395
9646	8	2	385	8	0	403
9647	5	3	7	394	0	409
9648	4	2	395	9	0	410
9649	1	2	373	11	0	387
9650	385	2	11	4	0	402
9651	8	2	3	392	0	405
9652	6	2	388	12	0	408
9653	6	2	414	5	0	427
9654	3	2	8	409	0	422
9655	1	0	2	439	0	442
9656	432	0	2	14	0	448
9657	13	0	1	435	0	449
9658	3	1	460	12	0	476
9659	5	1	8	443	0	457
9660	3	0	2	450	0	455
9661	0	468	2	12	0	482
9662	458	4	2	9	0	473
9663	4	453	0	5	0	462
9664	367	2	0	3	0	372
9665	2	320	0	0	0	322
9666	3	297	0	0	0	300
9667	0	1	0	304	0	305
9668	0	0	0	306	0	306
9669	1	0	0	302	0	303
9670	298	0	0	0	0	298
9671	0	0	292	1	0	293
9672	0	0	1	288	0	289
9673	286	0	0	1	0	287
9674	0	286	1	1	0	288
9675	0	284	2	0	0	286
9676	1	0	0	288	0	289
9677	0	0	0	287	0	287
9678	1	0	0	296	0	297
9679	0	311	0	0	0	311
9680	0	0	0	314	0	314
9681	0	0	306	1	0	307
9682	0	0	283	1	0	284
9683	288	0	0	1	0	289
9684	0	0	0	311	0	311
9685	311	0	0	1	0	312
9686	311	0	0	0	0	311
9687	0	320	1	0	0	321
9688	326	1	0	2	0	329
9689	341	0	0	1	0	342
9690	0	1	0	347	0	348
9691	1	0	0	347	0	348
9692	0	0	355	1	0	356
9693	1	373	0	0	0	374
9694	1	1	0	337	0	339
9695	0	0	0	385	0	385
9696	382	0	0	1	0	383
9697	2	0	0	379	0	381
9698	388	0	1	1	0	390
9699	0	0	0	390	0	390
9700	0	395	1	1	0	397
9701	412	0	1	5	0	418
9702	1	0	0	446	0	447
9703	1	0	0	488	0	489
9704	1	0	1	493	0	495
9705	0	0	492	6	0	498
9706	1	0	4	496	0	501
9707	508	0	7	6	0	521
9708	5	0	1	544	0	550
9709	4	0	0	630	0	634
9710	1	0	1	631	0	633
9711	0	626	0	12	0	638
9712	0	647	0	6	0	653
9713	640	11	0	2	0	653
9714	7	646	0	0	0	653
9715	646	7	0	1	0	654
9716	644	5	0	2	0	651
9717	636	2	0	3	0	641
9718	12	2	638	0	0	652
9719	6	653	6	0	0	665
9720	657	7	5	2	0	671
9721	7	6	1	653	0	667
9722	10	1	0	655	0	666
9723	3	0	0	658	0	661
9724	1	642	1	13	0	657
9725	2	8	1	648	0	659
9726	658	7	0	13	0	678
9727	8	1	0	656	0	665
9728	7	1	0	656	0	664
9729	1	1	651	11	0	664
9730	1	2	675	8	0	686
9731	3	1	11	676	0	691
9732	4	1	6	676	0	687
9733	2	683	2	10	0	697
9734	3	5	1	686	0	695
9735	4	6	1	688	0	699
9736	2	3	3	693	0	701
9737	688	2	1	14	0	705
9738	8	4	683	15	0	710
9739	8	3	6	711	0	728
9740	713	2	3	14	0	732
9741	724	0	1	9	0	734
9742	12	3	1	718	0	734
9743	9	2	1	720	0	732
9744	714	1	2	11	0	728
9745	8	715	2	10	0	735
9746	8	706	2	8	0	724
9747	4	12	2	718	0	736
9748	729	7	1	9	0	746
9749	731	2	3	13	0	749
9750	724	2	0	9	0	735
9751	17	2	738	3	0	760
9752	714	3	7	7	0	731
9753	8	2	735	7	0	752
9754	719	1	10	7	0	737
9755	12	722	5	3	0	742
9756	7	7	723	6	0	743
9757	6	7	8	718	0	739
9758	4	4	713	9	0	730
9759	8	1	8	708	0	725
9760	705	3	8	12	0	728
9761	12	5	717	11	0	745
9762	12	1	9	720	0	742
9763	4	751	8	12	0	775
9764	3	6	2	785	0	796
9765	4	5	3	769	0	781
9766	6	2	2	749	0	759
9767	765	2	2	20	0	789
9768	768	2	1	14	0	785
9769	15	5	2	768	0	790
9770	9	6	747	11	0	773
9771	8	1	729	11	0	749
9772	10	2	12	772	0	796
9773	8	2	809	11	0	830
9774	9	1	9	800	0	819
9775	8	2	8	761	0	779
9776	5	1	6	805	0	817
9777	3	778	2	16	0	799
9778	6	773	3	14	0	796
9779	4	12	3	817	0	836
9780	5	7	3	815	0	830
9781	6	3	2	819	0	830
9782	811	2	3	18	0	834
9783	9	3	830	14	0	856
9784	10	3	10	822	0	845
9785	824	1	9	14	0	848
9786	11	830	5	13	0	859
9787	6	8	4	861	0	879
9788	6	7	2	869	0	884
9789	5	3	5	861	0	874
9790	4	1	1	857	0	863
9791	5	5	857	17	0	884
9792	814	2	8	16	0	840
9793	808	2	7	16	0	833
9794	15	1	843	10	0	869
9795	813	1	9	12	0	835
9796	848	0	8	10	0	866
9797	12	1	868	11	0	892
9798	9	900	12	5	0	926
9799	9	12	7	906	0	934
9800	5	8	934	14	0	961
9801	1	904	9	13	0	927
9802	5	12	881	6	0	904
9803	4	847	4	8	0	863
9804	4	7	12	841	0	864
9805	2	4	840	12	0	858
9806	9	2	9	819	0	839
9807	3	2	856	4	0	865
9808	2	819	4	5	0	830
9809	729	0	1	3	0	733
9810	0	718	1	0	0	719
9811	2	770	2	0	0	774
9812	5	3	0	792	0	800
9813	0	0	1	796	0	797
9814	2	0	0	783	0	785
9815	2	1	0	764	0	767
9816	0	0	0	794	0	794
9817	0	1	924	0	0	925
9818	4	1	2	904	0	911
9819	2	0	0	939	0	941
9820	965	0	0	7	0	972
9821	959	0	0	4	0	963
9822	977	0	0	4	0	981
9823	1	0	1	979	0	981
9824	1083	0	0	5	0	1088
9825	1192	0	0	3	0	1195
9826	1194	1	0	1	0	1196
9827	10	1	1167	1	0	1179
9828	1127	0	9	5	0	1141
9829	1202	0	0	3	0	1205
9830	1193	0	3	2	0	1198
9831	18	0	0	1215	0	1233
9832	9	1	1216	9	0	1235
9833	9	0	9	1226	0	1244
9834	1257	0	5	17	0	1279
9835	16	1	2	1268	0	1287
9836	6	1355	1	14	0	1376
9837	11	9	1	1380	0	1401
9838	1375	1	0	19	0	1395
9839	1378	1	5	3	0	1387
9840	1361	0	4	9	0	1374
9841	21	3	1409	0	0	1433
9842	9	0	13	1375	0	1397
9843	6	5	0	1456	0	1467
9844	3	0	1437	20	0	1460
9845	7	1400	18	3	0	1428
9846	6	11	1416	7	0	1440
9847	13	0	16	1440	0	1469
9848	1445	3	5	19	0	1472
9849	16	3	1462	4	0	1485
9850	10	1	12	1448	0	1471
9851	7	1	1434	13	0	1455
9852	1394	4	15	6	0	1419
9853	20	3	6	1438	0	1467
9854	1	1	1506	18	0	1526
9855	13	0	13	1500	0	1526
9856	2	1	1530	19	0	1552
9857	3	1547	18	5	0	1573
9858	4	15	6	1557	0	1582
9859	1585	0	7	16	0	1608
9860	19	3	1	1593	0	1616
9861	9	0	7	1571	0	1587
9862	1577	1	5	25	0	1608
9863	15	1514	7	8	0	1544
9864	5	1561	5	7	0	1578
9865	13	13	2	1555	0	1583
9866	5	1560	3	17	0	1585
9867	7	14	4	1569	0	1594
9868	4	1	2	1588	0	1595
9869	1587	4	4	18	0	1613
9870	15	1575	2	9	0	1601
9871	4	16	1540	6	0	1566
9872	6	1610	13	8	0	1637
9873	1584	18	0	12	0	1614
9874	1633	0	4	17	0	1654
9875	19	6	2	1625	0	1652
9876	1650	4	2	21	0	1677
9877	19	8	3	1648	0	1678
9878	1635	3	4	24	0	1666
9879	1642	9	2	7	0	1660
9880	28	0	4	1703	0	1735
9881	1710	2	1	30	0	1743
9882	24	2	1696	8	0	1730
9883	1657	3	17	11	0	1688
9884	28	3	5	1687	0	1723
9885	1714	6	5	21	0	1746
9886	32	1710	3	7	0	1752
9887	15	18	7	1696	0	1736
9888	20	1	3	1703	0	1727
9889	1685	2	8	29	0	1724
9890	31	1	1682	9	0	1723
9891	12	1677	19	12	0	1720
9892	21	16	3	1694	0	1734
9893	7	1716	6	24	0	1753
9894	12	18	5	1709	0	1744
9895	16	2	7	1675	0	1700
9896	17	5	3	1712	0	1737
9897	1674	3	5	39	0	1721
9898	28	9	0	1656	0	1693
9899	1665	6	3	33	0	1707
9900	1636	8	1	16	0	1661
9901	25	3	5	1642	0	1675
9902	1629	3	6	32	0	1670
9903	1609	4	7	15	0	1635
9904	28	2	1619	12	0	1661
9905	12	4	20	1565	0	1601
9906	1629	6	7	25	0	1667
9907	26	1619	7	10	0	1662
9908	1618	21	4	28	0	1671
9909	1635	2	5	13	0	1655
9910	30	2	1608	10	0	1650
9911	11	1	28	1521	0	1561
9912	1629	3	5	31	0	1668
9913	32	1	7	1649	0	1689
9914	14	7	3	1677	0	1701
9915	16	2	4	1697	0	1719
9916	13	3	6	1788	0	1810
9917	1696	3	8	43	0	1750
9918	30	3	1770	11	0	1814
9919	15	8	27	1816	0	1866
9920	11	8	1997	42	0	2058
9921	13	5	2112	14	0	2144
9922	2059	3	56	22	0	2140
9923	56	3	2270	14	0	2343
9924	23	2150	64	3	0	2240
9925	2152	47	33	17	0	2249
9926	2193	19	13	9	0	2234
9927	76	8	4	2175	0	2263
9928	32	4	2212	47	0	2295
9929	17	3	2212	22	0	2254
9930	2243	2	69	14	0	2328
9931	62	4	33	2294	0	2393
9932	2330	2	13	57	0	2402
9933	67	2390	5	22	0	2484
9934	2410	50	8	22	0	2490
9935	2420	23	5	17	0	2465
9936	82	2347	6	4	0	2439
9937	50	51	3	2353	0	2457
9938	2361	27	2	66	0	2456
9939	61	12	2364	28	0	2465
9940	33	2378	57	12	0	2480
9941	27	57	26	2342	0	2452
9942	2347	28	13	61	0	2449
9943	59	2367	6	31	0	2463
9944	2399	58	4	18	0	2479
9945	72	30	2366	5	0	2473
9946	2345	15	55	10	0	2425
9947	68	10	2405	7	0	2490
9948	2347	8	65	16	0	2436
9949	2375	3	37	12	0	2427
9950	94	15	2355	4	0	2468
9951	44	2353	62	11	0	2470
9952	44	62	34	2276	0	2416
9953	24	29	2379	55	0	2487
9954	18	2324	62	28	0	2432
9955	22	61	32	2239	0	2354
9956	32	32	17	2350	0	2431
9957	17	19	2303	85	0	2424
9958	29	12	66	2236	0	2343
9959	26	8	38	2316	0	2388
9960	21	10	2276	89	0	2396
9961	23	11	69	2185	0	2288
9962	17	2273	41	73	0	2404
9963	2286	53	29	49	0	2417
9964	69	37	28	2241	0	2375
9965	36	2318	25	76	0	2455
9966	39	65	15	2216	0	2335
9967	22	2370	24	64	0	2480
9968	30	77	2342	35	0	2484
9969	19	2373	66	35	0	2493
9970	2323	70	43	31	0	2467
9971	2361	37	35	25	0	2458
9972	2383	31	24	25	0	2463
9973	106	19	2344	27	0	2496
9974	65	12	2306	20	0	2403
9975	33	2378	112	19	0	2542
9976	38	84	44	2267	0	2433
9977	35	2446	26	70	0	2577
9978	51	94	22	2158	0	2325
9979	27	2452	22	75	0	2576
9980	2399	94	18	43	0	2554
9981	2607	49	26	32	0	2714
9982	145	36	20	2677	0	2878
9983	79	26	2654	103	0	2862
9984	2603	20	101	61	0	2785
9985	120	2695	54	39	0	2908
9986	73	103	31	2650	0	2857
9987	46	64	29	2678	0	2817
9988	40	2734	27	128	0	2929
9989	2729	112	21	75	0	2937
9990	123	81	2671	31	0	2906
9991	90	37	99	2689	0	2915
9992	2702	25	58	114	0	2899
9993	2718	30	47	72	0	2867
9994	184	2690	18	36	0	2928
9995	102	104	33	2592	0	2831
9996	48	2749	29	115	0	2941
9997	2771	117	36	65	0	2989
9998	135	64	2740	38	0	2977
9999	80	61	2778	27	0	2946
10000	58	25	138	2742	0	2963
10001	36	34	78	2719	0	2867
10002	43	2775	35	148	0	3001
10003	57	109	35	2761	0	2962
10004	29	64	2751	130	0	2974
10005	2706	43	105	101	0	2955
10006	123	24	65	2789	0	3001
10007	85	40	2774	111	0	3010
10008	45	42	110	2788	0	2985
10009	29	28	77	2745	0	2879
10010	25	2777	44	156	0	3002
10011	46	109	26	2812	0	2993
10012	34	61	44	2780	0	2919
10013	34	44	36	2816	0	2930
10014	2602	23	30	180	0	2835
10015	102	2565	24	96	0	2787
10016	67	2594	24	49	0	2734
10017	2452	112	25	64	0	2653
10018	2383	60	31	48	0	2522
10019	137	2249	26	33	0	2445
10020	57	2143	16	32	0	2248
10021	1883	91	18	32	0	2024
10022	69	1875	11	39	0	1994
10023	35	1871	8	37	0	1951
10024	1810	92	19	25	0	1946
10025	58	1848	11	27	0	1944
10026	1805	62	18	37	0	1922
10027	1793	39	7	31	0	1870
10028	1802	20	3	20	0	1845
10029	96	1730	7	10	0	1843
10030	39	1765	8	14	0	1826
10031	45	78	9	1644	0	1776
10032	37	1645	9	50	0	1741
10033	29	81	5	1689	0	1804
10034	1681	41	12	67	0	1801
10035	77	31	9	1669	0	1786
10036	41	1646	5	73	0	1765
10037	1625	73	11	35	0	1744
10038	71	1602	16	28	0	1717
10039	42	1691	6	21	0	1760
10040	34	92	6	1573	0	1705
10041	26	1629	6	63	0	1724
10042	1616	60	6	42	0	1724
10043	61	45	1568	21	0	1695
10044	35	1585	55	15	0	1690
10045	31	53	25	1587	0	1696
10046	16	48	1563	65	0	1692
10047	31	25	51	1560	0	1667
10048	29	14	24	1602	0	1669
10049	18	32	12	1619	0	1681
10050	23	26	8	1615	0	1672
10051	27	19	1555	84	0	1685
10052	19	1530	59	59	0	1667
10053	1519	67	24	35	0	1645
10054	61	34	1511	33	0	1639
10055	1500	30	48	45	0	1623
10056	71	21	1525	28	0	1645
10057	35	32	63	1533	0	1663
10058	27	24	1512	69	0	1632
10059	17	18	1562	51	0	1648
10060	26	23	74	1539	0	1662
10061	26	14	41	1482	0	1563
10062	19	22	19	1618	0	1678
10063	24	13	20	1600	0	1657
10064	1535	18	19	106	0	1678
10065	60	18	1526	58	0	1662
10066	1510	30	55	37	0	1632
10067	1557	21	30	39	0	1647
10068	1555	16	28	39	0	1638
10069	1564	20	10	26	0	1620
10070	1564	24	22	31	0	1641
10071	95	20	12	1516	0	1643
10072	45	19	1457	75	0	1596
10073	29	19	1437	33	0	1518
10074	33	1455	55	29	0	1572
10075	1389	51	25	30	0	1495
10076	55	28	12	1355	0	1450
10077	33	30	8	1333	0	1404
10078	37	1295	9	57	0	1398
10079	21	1316	18	31	0	1386
10080	24	1308	11	14	0	1357
10081	1093	36	12	19	0	1160
10082	28	29	0	959	0	1016
10083	10	945	1	17	0	973
10084	11	14	3	939	0	967
10085	9	11	904	17	0	941
10086	8	10	909	11	0	938
10087	9	10	14	982	0	1015
10088	1050	8	7	16	0	1081
10089	1083	9	2	13	0	1107
10090	1084	6	6	13	0	1109
10091	27	11	1089	6	0	1133
10092	16	6	19	1073	0	1114
10093	9	3	17	1109	0	1138
10094	6	10	1044	28	0	1088
10095	1010	5	13	23	0	1051
10096	28	6	1055	12	0	1101
10097	24	6	1026	9	0	1065
10098	12	3	1044	8	0	1067
10099	7	10	31	1003	0	1051
10100	11	1	13	1043	0	1068
10101	4	5	1049	36	0	1094
10102	15	4	20	1040	0	1079
10103	1056	3	15	31	0	1105
10104	26	5	17	1071	0	1119
10105	13	4	1080	28	0	1125
10106	12	4	1122	16	0	1154
10107	5	5	35	1100	0	1145
10108	1163	3	14	41	0	1221
10109	22	1239	17	22	0	1300
10110	1294	24	9	21	0	1348
10111	1308	17	10	12	0	1347
10112	43	9	1345	15	0	1412
10113	34	8	42	1342	0	1426
10114	1357	3	26	46	0	1432
10115	1340	2	15	41	0	1398
10116	53	1342	17	19	0	1431
10117	45	29	13	1352	0	1439
10118	28	14	10	1395	0	1447
10119	19	8	1368	48	0	1443
10120	11	4	40	1349	0	1404
10121	18	4	1365	49	0	1436
10122	25	0	1344	30	0	1399
10123	24	3	49	1293	0	1369
10124	1289	7	34	41	0	1371
10125	30	1258	19	36	0	1343
10126	1254	25	17	28	0	1324
10127	1260	20	17	16	0	1313
10128	55	1254	16	16	0	1341
10129	38	32	17	1234	0	1321
10130	1228	19	13	28	0	1288
10131	40	1241	7	27	0	1315
10132	1243	28	5	18	0	1294
10133	38	1188	9	11	0	1246
10134	36	26	9	1132	0	1203
10135	24	19	5	1164	0	1212
10136	1153	12	5	40	0	1210
10137	1128	9	6	36	0	1179
10138	44	1174	5	22	0	1245
10139	30	23	1144	11	0	1208
10140	17	24	1122	11	0	1174
10141	14	13	35	1102	0	1164
10142	11	1142	30	27	0	1210
10143	14	22	17	1187	0	1240
10144	17	16	8	1195	0	1236
10145	18	10	13	1194	0	1235
10146	7	13	1178	45	0	1243
10147	14	5	1145	35	0	1199
10148	11	1212	45	19	0	1287
10149	9	26	30	1203	0	1268
10150	13	20	17	1261	0	1311
10151	11	11	1214	50	0	1286
10152	1110	10	25	40	0	1185
10153	28	5	21	1241	0	1295
10154	23	8	1233	28	0	1292
10155	1163	9	38	22	0	1232
10156	27	1225	19	27	0	1298
10157	29	26	1290	19	0	1364
10158	25	24	35	1302	0	1386
10159	1294	14	25	34	0	1367
10160	36	8	1315	23	0	1382
10161	23	7	39	1345	0	1414
10162	23	7	27	1332	0	1389
10163	23	12	15	1452	0	1502
10164	1466	13	12	48	0	1539
10165	33	1414	9	43	0	1499
10166	27	26	11	1452	0	1516
10167	20	16	1473	34	0	1543
10168	19	12	32	1414	0	1477
10169	12	1408	27	43	0	1490
10170	9	1485	19	32	0	1545
10171	1468	43	10	33	0	1554
10172	1477	25	9	27	0	1538
10173	46	21	1455	15	0	1537
10174	1425	11	27	20	0	1483
10175	40	1453	25	17	0	1535
10176	1503	30	15	16	0	1564
10177	42	26	10	1486	0	1564
10178	28	20	1528	37	0	1613
10179	24	12	33	1524	0	1593
10180	19	10	1518	41	0	1588
10181	1473	9	40	36	0	1558
10182	42	14	23	1534	0	1613
10183	25	1585	14	48	0	1672
10184	24	29	16	1612	0	1681
10185	18	22	1619	45	0	1704
10186	14	1626	31	33	0	1704
10187	1518	42	29	27	0	1616
10188	32	1474	17	16	0	1539
10189	18	1471	11	15	0	1515
10190	15	41	7	1443	0	1506
10191	13	1470	12	28	0	1523
10192	16	37	6	1501	0	1560
10193	10	24	1476	38	0	1548
10194	1370	13	31	25	0	1439
10195	1465	15	14	17	0	1511
10196	38	12	1445	12	0	1507
10197	1405	5	30	13	0	1453
10198	41	1453	14	10	0	1518
10199	1474	27	13	14	0	1528
10200	37	16	12	1452	0	1517
10201	19	16	1475	29	0	1539
10202	18	1488	26	20	0	1552
10203	14	32	16	1498	0	1560
10204	9	17	13	1508	0	1547
10205	1451	12	13	42	0	1518
10206	1387	8	6	31	0	1432
10207	36	1372	7	22	0	1437
10208	18	1296	5	10	0	1329
10209	9	1238	3	6	0	1256
10210	8	15	6	1218	0	1247
10211	1209	4	7	13	0	1233
10212	1181	6	2	9	0	1198
10213	17	5	2	1172	0	1196
10214	7	4	2	1174	0	1187
10215	1175	6	2	21	0	1204
10216	12	4	3	1211	0	1230
10217	2	4	1228	15	0	1249
10218	1185	3	11	12	0	1211
10219	1231	3	4	14	0	1252
10220	17	2	1271	5	0	1295
10221	1270	7	9	7	0	1293
10222	14	3	3	1323	0	1343
10223	7	3	6	1328	0	1344
10224	5	5	2	1341	0	1353
10225	1323	4	3	13	0	1343
10226	12	1328	3	8	0	1351
10227	6	12	3	1329	0	1350
10228	7	1313	4	10	0	1334
10229	1301	12	2	9	0	1324
10230	17	4	2	1306	0	1329
10231	10	4	4	1297	0	1315
10232	12	1310	2	17	0	1341
10233	10	15	1293	6	0	1324
10234	4	7	17	1301	0	1329
10235	1307	3	3	21	0	1334
10236	1459	6	4	15	0	1484
10237	29	4	1584	4	0	1621
10238	19	2	18	1568	0	1607
10239	6	1597	15	23	0	1641
10240	3	25	6	1641	0	1675
10241	1605	16	4	38	0	1663
10242	1602	10	3	23	0	1638
10243	40	4	4	1581	0	1629
10244	24	1554	1	25	0	1604
10245	1675	21	3	27	0	1726
10246	28	15	4	1727	0	1774
10247	1732	11	4	29	0	1776
10248	1805	4	1	31	0	1841
10249	46	5	2	1811	0	1864
10250	33	8	3	1842	0	1886
10251	21	1	3	1890	0	1915
10252	9	1876	3	46	0	1934
10253	16	24	0	1908	0	1948
10254	13	19	2	1897	0	1931
10255	10	7	1842	41	0	1900
10256	9	8	1782	29	0	1828
10257	10	3	34	1802	0	1849
10258	1780	8	23	31	0	1842
10259	26	1787	11	27	0	1851
10260	1733	26	10	25	0	1794
10261	32	18	1744	16	0	1810
10262	28	11	1684	11	0	1734
10263	11	1697	41	8	0	1757
10264	13	26	28	1696	0	1763
10265	4	19	1717	26	0	1766
10266	7	7	1744	19	0	1777
10267	10	8	35	1727	0	1780
10268	1731	1	18	34	0	1784
10269	1736	1	12	24	0	1773
10270	39	4	8	1714	0	1765
10271	25	5	1832	26	0	1888
10272	16	1	21	1849	0	1887
10273	16	7	20	1817	0	1860
10274	6	1863	8	38	0	1915
10275	1852	22	8	34	0	1916
10276	1831	18	10	16	0	1875
10277	40	1859	8	12	0	1919
10278	25	25	0	1777	0	1827
10279	14	1830	7	21	0	1872
10280	1816	21	7	27	0	1871
10281	25	21	1796	14	0	1856
10282	25	8	1690	9	0	1732
10283	13	5	1722	8	0	1748
10284	16	9	34	1703	0	1762
10285	8	5	24	1744	0	1781
10286	1727	1	12	46	0	1786
10287	23	4	9	1729	0	1765
10288	21	5	5	1775	0	1806
10289	7	5	1849	40	0	1901
10290	13	7	1758	27	0	1805
10291	1747	1	36	23	0	1807
10292	19	1798	24	10	0	1851
10293	1843	16	11	15	0	1885
10294	31	12	10	1819	0	1872
10295	26	9	4	1810	0	1849
10296	10	1798	5	39	0	1852
10297	13	17	10	1822	0	1862
10298	1784	20	6	34	0	1844
10299	25	7	4	1816	0	1852
10300	18	11	1812	27	0	1868
10301	14	1777	21	22	0	1834
10302	1767	18	18	23	0	1826
10303	1802	21	9	18	0	1850
10304	1816	5	9	14	0	1844
10305	1829	8	5	18	0	1860
10306	49	7	2	1787	0	1845
10307	28	4	7	1833	0	1872
10308	16	3	1810	45	0	1874
10309	18	4	18	1819	0	1859
10310	8	6	1800	37	0	1851
10311	10	7	26	1796	0	1839
10312	1764	3	18	43	0	1828
10313	24	1844	12	30	0	1910
10314	23	23	9	1869	0	1924
10315	16	17	9	1883	0	1925
10316	1861	10	7	52	0	1930
10317	1781	7	7	36	0	1831
10318	40	3	1789	18	0	1850
10319	25	1805	26	12	0	1868
10320	19	23	18	1803	0	1863
10321	15	19	11	1804	0	1849
10322	1757	10	7	54	0	1828
10323	1740	5	11	39	0	1795
10324	43	6	1771	15	0	1835
10325	26	5	1746	17	0	1794
10326	28	5	37	1729	0	1799
10327	21	7	19	1766	0	1813
10328	12	7	1758	41	0	1818
10329	1681	3	32	36	0	1752
10330	36	3	18	1774	0	1831
10331	1747	3	11	37	0	1798
10332	28	1726	10	28	0	1792
10333	1747	19	8	25	0	1799
10334	29	20	1843	18	0	1910
10335	26	1793	27	14	0	1860
10336	12	1681	16	12	0	1721
10337	1517	18	11	13	0	1559
10338	1486	6	2	10	0	1504
10339	14	2	4	1491	0	1511
10340	9	1488	6	11	0	1514
10341	6	1511	7	8	0	1532
10342	8	13	4	1533	0	1558
10343	1528	8	5	19	0	1560
10344	1544	4	2	14	0	1564
10345	19	7	1454	9	0	1489
10346	1365	2	8	18	0	1393
10347	12	1537	5	2	0	1556
10348	1522	18	4	3	0	1547
10349	16	1909	4	4	0	1933
10350	4	2114	1	1	0	2120
10351	16	62	0	2428	0	2506
10352	2588	23	4	75	0	2690
10353	2658	13	1	41	0	2713
10354	110	9	2591	22	0	2732
10355	72	0	73	2598	0	2743
10356	2623	2	37	90	0	2752
10357	107	3	25	2631	0	2766
10358	2642	2	18	109	0	2771
10359	2675	2	10	62	0	2749
10360	133	3	2585	36	0	2757
10361	84	3	79	2550	0	2716
10362	57	3	36	2619	0	2715
10363	47	1	23	2667	0	2738
10364	19	3	2555	138	0	2715
10365	25	1	81	2556	0	2663
10366	20	3	39	2483	0	2545
10367	2	2465	31	131	0	2629
10368	8	73	2451	80	0	2612
10369	6	2511	80	51	0	2648
10370	2492	99	37	37	0	2665
10371	81	55	28	2389	0	2553
10372	50	33	20	2348	0	2451
10373	30	2398	14	104	0	2546
10374	2374	83	6	74	0	2537
10375	2439	37	6	46	0	2528
10376	202	2259	14	51	0	2526
10377	70	2478	5	17	0	2570
10378	2434	111	3	26	0	2574
10379	106	54	2373	12	0	2545
10380	51	42	2389	7	0	2489
10381	2312	30	109	25	0	2476
10382	95	2400	61	12	0	2568
10383	2428	87	38	11	0	2564
10384	106	47	2395	8	0	2556
10385	2401	28	89	21	0	2539
10386	121	2471	44	11	0	2647
10387	78	83	31	2481	0	2673
10388	58	41	24	2487	0	2610
10389	50	36	18	2338	0	2442
10390	49	22	12	2432	0	2515
10391	31	16	12	2396	0	2455
10392	25	2356	7	164	0	2552
10393	2359	80	10	106	0	2555
10394	87	43	2344	73	0	2547
10395	63	30	80	2389	0	2562
10396	42	21	2401	111	0	2575
10397	32	13	109	2415	0	2569
10398	26	13	53	2481	0	2573
10399	2377	12	43	152	0	2584
10400	93	7	2357	93	0	2550
10401	44	2344	100	64	0	2552
10402	45	82	48	2378	0	2553
10403	32	47	37	2438	0	2554
10404	26	40	2380	138	0	2584
10405	28	24	96	2416	0	2564
10406	25	31	47	2488	0	2591
10407	2311	18	34	155	0	2518
10408	81	2376	23	92	0	2572
10409	2409	85	16	64	0	2574
10410	2458	52	15	51	0	2576
10411	134	37	12	2393	0	2576
10412	90	32	2361	96	0	2579
10413	62	28	2356	50	0	2496
10414	47	20	118	2303	0	2488
10415	44	17	66	2281	0	2408
10416	33	2312	57	118	0	2520
10417	2307	84	40	77	0	2508
10418	95	2285	23	55	0	2458
10419	53	2375	23	49	0	2500
10420	2364	135	12	36	0	2547
10421	112	77	15	2314	0	2518
10422	63	2444	15	93	0	2615
10423	51	111	7	2447	0	2616
10424	43	55	2356	130	0	2584
10425	18	43	2429	75	0	2565
10426	32	31	121	2405	0	2589
10427	25	21	2447	125	0	2618
10428	19	16	126	2413	0	2574
10429	21	22	74	2430	0	2547
10430	23	9	53	2513	0	2598
10431	2336	15	36	183	0	2570
10432	84	2286	25	111	0	2506
10433	40	2419	23	89	0	2571
10434	2268	110	23	59	0	2460
10435	2366	74	13	48	0	2501
10436	130	45	14	2296	0	2485
10437	67	42	2276	109	0	2494
10438	64	31	84	2316	0	2495
10439	42	21	2326	122	0	2511
10440	35	2302	104	82	0	2523
10441	30	85	61	2355	0	2531
10442	2323	47	43	123	0	2536
10443	99	38	33	2361	0	2531
10444	55	31	2275	117	0	2478
10445	2227	24	80	86	0	2417
10446	107	19	2305	48	0	2479
10447	70	20	2235	37	0	2362
10448	41	2087	130	51	0	2309
10449	23	1669	64	14	0	1770
10450	25	1579	36	13	0	1653
10451	1109	29	49	26	0	1213
10452	1002	8	5	8	0	1023
10453	7	0	2	1047	0	1056
10454	3	2	1	1039	0	1045
10455	2	1	2	1087	0	1092
10456	2	1077	2	11	0	1092
10457	1086	7	0	8	0	1101
10458	7	1100	0	1	0	1108
10459	6	7	1	1096	0	1110
10460	1096	3	4	13	0	1116
10461	9	1	0	1107	0	1117
10462	6	0	3	1091	0	1100
10463	1099	3	0	17	0	1119
10464	1073	1	1	11	0	1086
10465	11	5	1086	1	0	1103
10466	5	2	1054	2	0	1063
10467	2	4	1116	4	0	1126
10468	3	1	8	1094	0	1106
10469	3	1	3	1116	0	1123
10470	0	1115	6	14	0	1135
10471	1141	9	2	8	0	1160
10472	8	4	1	1143	0	1156
10473	6	2	1	1176	0	1185
10474	3	1176	4	12	0	1195
10475	2	1223	4	6	0	1235
10476	2	11	3	1238	0	1254
10477	4	3	0	1393	0	1400
10478	1382	1	1	24	0	1408
10479	1371	4	0	9	0	1384
10480	19	3	0	1362	0	1384
10481	5	0	1358	17	0	1380
10482	5	2	1304	5	0	1316
10483	6	3	14	1335	0	1358
10484	7	3	5	1295	0	1310
10485	1	1300	2	20	0	1323
10486	1263	14	1	9	0	1287
10487	23	2	0	1261	0	1286
10488	4	3	1259	18	0	1284
10489	7	3	14	1276	0	1300
10490	3	3	1279	16	0	1301
10491	5	0	1280	9	0	1294
10492	7	4	18	1291	0	1320
10493	1281	0	9	24	0	1314
10494	17	3	1280	4	0	1304
10495	8	2	14	1255	0	1279
10496	2	3	1344	17	0	1366
10497	6	4	17	1337	0	1364
10498	6	2	4	1328	0	1340
10499	2	1	1340	19	0	1362
10500	3	3	1271	8	0	1285
10501	10	1	16	1211	0	1238
10502	7	1	7	1312	0	1327
10503	3	1	9	1324	0	1337
10504	6	1	3	1303	0	1313
10505	1290	1	7	23	0	1321
10506	1282	0	7	17	0	1306
10507	15	1295	5	10	0	1325
10508	1274	11	4	13	0	1302
10509	16	3	6	1287	0	1312
10510	1280	2	5	24	0	1311
10511	14	2	1280	11	0	1307
10512	1286	1	17	15	0	1319
10513	19	1	8	1289	0	1317
10514	12	1	6	1319	0	1338
10515	1299	2	7	25	0	1333
10516	17	4	6	1440	0	1467
10517	8	6	1479	32	0	1525
10518	1471	2	27	17	0	1517
10519	33	1521	7	13	0	1574
10520	12	26	7	1565	0	1610
10521	16	6	1731	35	0	1788
10522	9	10	40	1718	0	1777
10523	7	3	1723	56	0	1789
10524	9	2	52	1736	0	1799
10525	9	1748	15	56	0	1828
10526	10	42	15	1774	0	1841
10527	9	1833	7	67	0	1916
10528	17	49	10	1771	0	1847
10529	10	12	6	1946	0	1974
10530	16	12	6	1943	0	1977
10531	13	4	9	1954	0	1980
10532	11	6	12	1948	0	1977
10533	14	1	1873	74	0	1962
10534	13	6	51	1869	0	1939
10535	8	6	20	1914	0	1948
10536	1874	5	21	75	0	1975
10537	46	1873	17	38	0	1974
10538	1893	47	16	36	0	1992
10539	60	14	13	1894	0	1981
10540	23	19	1870	68	0	1980
10541	12	1884	54	30	0	1980
10542	1820	54	12	47	0	1933
10543	50	1827	19	31	0	1927
10544	12	1909	15	35	0	1971
10545	1852	55	15	29	0	1951
10546	56	16	11	1963	0	2046
10547	1938	21	10	78	0	2047
10548	78	11	11	1927	0	2027
10549	23	11	1905	87	0	2026
10550	22	7	1910	35	0	1974
10551	1805	8	66	38	0	1917
10552	1903	13	28	27	0	1971
10553	80	8	21	1839	0	1948
10554	35	10	12	1889	0	1946
10555	1771	7	16	81	0	1875
10556	67	1767	11	38	0	1883
10557	22	1838	7	43	0	1910
10558	1804	66	11	23	0	1904
10559	1835	35	6	25	0	1901
10560	75	1821	12	17	0	1925
10561	46	60	6	1799	0	1911
10562	35	14	1808	68	0	1925
10563	22	20	1825	32	0	1899
10564	1760	13	72	28	0	1873
10565	73	7	1817	16	0	1913
10566	24	19	68	1734	0	1845
10567	43	6	16	1725	0	1790
10568	17	1746	21	78	0	1862
10569	1762	61	9	38	0	1870
10570	64	15	12	1766	0	1857
10571	22	25	1715	73	0	1835
10572	31	1729	60	27	0	1847
10573	24	58	14	1732	0	1828
10574	22	18	1719	68	0	1827
10575	17	21	1687	32	0	1757
10576	10	1634	67	29	0	1740
10577	1454	49	31	19	0	1553
10578	55	1498	24	8	0	1585
10579	1507	61	12	11	0	1591
10580	66	18	1482	12	0	1578
10581	1440	16	51	23	0	1530
10582	62	1501	16	10	0	1589
10583	23	56	16	1493	0	1588
10584	24	20	11	1557	0	1612
10585	1514	19	14	74	0	1621
10586	56	13	1516	38	0	1623
10587	1498	13	53	29	0	1593
10588	1543	14	19	28	0	1604
10589	66	10	1476	17	0	1569
10590	27	14	1534	21	0	1596
10591	27	9	66	1483	0	1585
10592	1498	14	21	69	0	1602
10593	1526	11	15	29	0	1581
10594	68	1503	17	26	0	1614
10595	40	51	18	1522	0	1631
10596	31	15	15	1511	0	1572
10597	25	21	10	1522	0	1578
10598	20	16	11	1567	0	1614
10599	1510	13	4	89	0	1616
10600	71	14	13	1522	0	1620
10601	34	13	1518	67	0	1632
10602	30	13	1502	28	0	1573
10603	1462	7	63	24	0	1556
10604	62	1466	32	24	0	1584
10605	25	1556	27	20	0	1628
10606	36	61	18	1535	0	1650
10607	26	26	14	1572	0	1638
10608	35	20	11	1538	0	1604
10609	17	16	13	1601	0	1647
10610	20	8	1532	90	0	1650
10611	21	7	53	1524	0	1605
10612	21	14	20	1545	0	1600
10613	17	9	1488	75	0	1589
10614	1416	8	53	44	0	1521
10615	65	1457	18	34	0	1574
10616	1295	47	25	20	0	1387
10617	53	10	1288	22	0	1373
10618	19	12	1251	15	0	1297
10619	17	1236	47	7	0	1307
10620	1060	91	83	20	0	1254
10621	987	8	19	14	0	1028
10622	987	5	9	16	0	1017
10623	35	954	9	9	0	1007
10624	955	28	5	10	0	998
10625	35	6	946	6	0	993
10626	10	945	24	9	0	988
10627	905	25	10	7	0	947
10628	23	914	9	8	0	954
10629	886	24	4	9	0	923
10630	877	11	4	3	0	895
10631	25	8	885	6	0	924
10632	13	885	21	7	0	926
10633	868	26	9	8	0	911
10634	25	8	881	8	0	922
10635	13	870	24	9	0	916
10636	13	24	12	846	0	895
10637	7	9	840	19	0	875
10638	9	6	819	9	0	843
10639	3	5	22	809	0	839
10640	801	1	14	18	0	834
10641	20	800	5	7	0	832
10642	7	24	805	6	0	842
10643	6	8	800	4	0	818
10644	753	2	28	4	0	787
10645	20	797	12	9	0	838
10646	701	11	5	3	0	720
10647	11	698	1	2	0	712
10648	693	11	2	3	0	709
10649	699	5	3	1	0	708
10650	18	683	1	1	0	703
10651	7	12	0	687	0	706
10652	717	7	0	13	0	737
10653	15	2	2	741	0	760
10654	6	0	2	802	0	810
10655	800	1	1	20	0	822
10656	15	816	1	6	0	838
10657	845	16	1	3	0	865
10658	16	8	832	1	0	857
10659	7	3	14	831	0	855
10660	4	1	5	820	0	830
10661	818	1	5	19	0	843
10662	828	1	2	10	0	841
10663	24	3	0	818	0	845
10664	10	2	822	17	0	851
10665	3	5	17	821	0	846
10666	7	2	7	838	0	854
10667	4	2	7	843	0	856
10668	8	1	3	842	0	854
10669	827	3	4	28	0	862
10670	22	2	817	11	0	852
10671	12	842	16	8	0	878
10672	10	14	6	839	0	869
10673	5	5	7	855	0	872
10674	2	4	850	28	0	884
10675	7	5	834	14	0	860
10676	9	2	21	850	0	882
10677	3	4	11	869	0	887
10678	8	2	847	27	0	884
10679	5	3	22	851	0	881
10680	856	8	8	26	0	898
10681	20	868	8	15	0	911
10682	7	19	848	15	0	889
10683	8	866	21	12	0	907
10684	9	20	13	868	0	910
10685	6	10	864	23	0	903
10686	6	851	18	19	0	894
10687	7	15	14	865	0	901
10688	2	9	895	23	0	929
10689	12	6	21	886	0	925
10690	9	6	8	887	0	910
10691	873	4	11	31	0	919
10692	22	7	5	878	0	912
10693	887	3	6	33	0	929
10694	866	3	8	15	0	892
10695	855	9	3	17	0	884
10696	35	2	5	841	0	883
10697	16	3	830	25	0	874
10698	12	6	794	15	0	827
10699	804	2	26	16	0	848
10700	27	5	813	9	0	854
10701	771	1	29	16	0	817
10702	26	793	15	8	0	842
10703	802	21	8	12	0	843
10704	34	8	796	8	0	846
10705	13	4	843	9	0	869
10706	9	2	31	844	0	886
10707	11	2	902	22	0	937
10708	12	3	903	18	0	936
10709	12	2	36	939	0	989
10710	11	7	15	980	0	1013
10711	4	5	14	989	0	1012
10712	8	967	9	37	0	1021
10713	8	29	8	954	0	999
10714	4	989	14	34	0	1041
10715	982	36	5	18	0	1041
10716	1002	12	7	14	0	1035
10717	40	5	12	937	0	994
10718	14	922	7	41	0	984
10719	7	30	961	22	0	1020
10720	961	9	35	19	0	1024
10721	40	10	13	955	0	1018
10722	14	2	9	979	0	1004
10723	14	5	6	1014	0	1039
10724	959	5	5	58	0	1027
10725	43	932	6	23	0	1004
10726	11	947	4	17	0	979
10727	878	35	3	14	0	930
10728	35	897	6	6	0	944
10729	894	38	8	7	0	947
10730	914	6	4	15	0	939
10731	35	882	5	10	0	932
10732	17	35	5	859	0	916
10733	16	876	6	35	0	933
10734	13	36	4	881	0	934
10735	11	14	1	947	0	973
10736	930	10	4	46	0	990
10737	971	9	3	16	0	999
10738	51	9	4	955	0	1019
10739	16	7	921	45	0	989
10740	911	11	37	14	0	973
10741	46	918	6	15	0	985
10742	13	43	9	913	0	978
10743	16	8	4	954	0	982
10744	17	8	1	974	0	1000
10745	898	12	1	57	0	968
10746	923	8	2	26	0	959
10747	42	859	4	26	0	931
10748	15	907	9	16	0	947
10749	26	35	3	890	0	954
10750	19	14	3	916	0	952
10751	18	11	882	46	0	957
10752	9	13	31	866	0	919
10753	13	3	844	40	0	900
10754	14	6	792	14	0	826
10755	7	781	33	22	0	843
10756	16	28	20	758	0	822
10757	755	4	15	45	0	819
10758	41	10	8	751	0	810
10759	14	9	747	41	0	811
10760	747	8	29	15	0	799
10761	765	7	5	21	0	798
10762	40	14	749	9	0	812
10763	23	8	26	753	0	810
10764	738	7	6	42	0	793
10765	38	758	11	11	0	818
10766	753	32	3	24	0	812
10767	786	14	6	15	0	821
10768	44	6	10	768	0	828
10769	15	14	3	804	0	836
10770	774	14	3	47	0	838
10771	50	4	6	774	0	834
10772	13	9	752	54	0	828
10773	736	2	42	19	0	799
10774	782	6	8	17	0	813
10775	47	738	8	12	0	805
10776	16	768	14	15	0	813
10777	14	40	5	746	0	805
10778	17	764	3	40	0	824
10779	16	42	6	769	0	833
10780	778	8	1	46	0	833
10781	780	8	5	17	0	810
10782	40	767	4	15	0	826
10783	730	34	3	20	0	787
10784	45	743	6	14	0	808
10785	561	37	197	17	0	812
10786	776	9	11	17	0	813
10787	46	9	756	6	0	817
10788	713	7	29	12	0	761
10789	38	719	6	8	0	771
10790	14	740	8	15	0	777
10791	724	36	4	15	0	779
10792	38	13	5	730	0	786
10793	13	11	723	41	0	788
10794	18	4	31	730	0	783
10795	20	5	9	763	0	797
10796	12	7	729	40	0	788
10797	708	7	31	19	0	765
10798	42	726	8	11	0	787
10799	703	37	10	13	0	763
10800	50	6	5	703	0	764
10801	699	11	6	40	0	756
10802	40	696	6	14	0	756
10803	25	29	4	706	0	764
10804	697	14	7	32	0	750
10805	39	7	652	15	0	713
10806	13	6	612	12	0	643
10807	554	5	32	11	0	602
10808	35	566	9	7	0	617
10809	8	503	6	7	0	524
10810	13	20	8	461	0	502
10811	10	466	3	20	0	499
10812	9	22	3	470	0	504
10813	11	5	5	501	0	522
10814	9	4	5	488	0	506
10815	8	475	4	24	0	511
10816	5	18	6	475	0	504
10817	4	5	469	24	0	502
10818	9	460	17	6	0	492
10819	8	18	3	405	0	434
10820	1	408	5	13	0	427
10821	415	12	1	5	0	433
10822	419	5	2	6	0	432
10823	406	3	2	6	0	417
10824	16	410	0	4	0	430
10825	4	14	2	420	0	440
10826	5	3	414	15	0	437
10827	6	1	400	5	0	412
10828	387	4	14	6	0	411
10829	407	2	1	4	0	414
10830	15	4	1	425	0	445
10831	5	8	0	441	0	454
10832	1	3	448	19	0	471
10833	2	436	15	11	0	464
10834	2	447	3	9	0	461
10835	3	11	410	3	0	427
10836	4	9	9	371	0	393
10837	2	2	1	339	0	344
10838	0	0	1	382	0	383
10839	0	0	2	382	0	384
10840	372	2	0	10	0	384
10841	7	1	365	3	0	376
10842	367	1	7	1	0	376
10843	9	0	1	377	0	387
10844	376	0	1	7	0	384
10845	8	0	0	377	0	385
10846	1	2	375	8	0	386
10847	2	0	7	366	0	375
10848	1	0	379	6	0	386
10849	5	0	7	369	0	381
10850	0	4	373	9	0	386
10851	2	377	7	1	0	387
10852	0	6	1	390	0	397
10853	0	1	2	378	0	381
10854	0	384	1	9	0	394
10855	378	8	1	2	0	389
10856	7	2	0	376	0	385
10857	2	1	0	370	0	373
10858	374	1	0	10	0	385
10859	379	0	0	5	0	384
10860	393	0	0	3	0	396
10861	392	1	0	5	0	398
10862	12	0	378	3	0	393
10863	371	0	8	5	0	384
10864	395	0	1	1	0	397
10865	13	0	2	364	0	379
10866	8	0	0	372	0	380
10867	364	0	4	10	0	378
10868	8	356	4	3	0	371
10869	5	7	0	343	0	355
10870	5	2	360	6	0	373
10871	1	349	5	4	0	359
10872	354	5	2	6	0	367
10873	366	2	2	0	0	370
10874	350	5	0	1	0	356
10875	365	0	1	3	0	369
10876	9	1	3	351	0	364
10877	5	3	351	5	0	364
10878	5	0	358	3	0	366
10879	4	0	9	395	0	408
10880	424	0	3	8	0	435
10881	16	1	2	427	0	446
10882	3	0	439	17	0	459
10883	450	0	15	3	0	468
10884	466	1	6	4	0	477
10885	15	0	3	457	0	475
10886	9	0	487	12	0	508
10887	3	0	496	5	0	504
10888	470	0	13	7	0	490
10889	13	492	4	1	0	510
10890	6	9	517	0	0	532
10891	4	1	11	509	0	525
10892	510	2	5	13	0	530
10893	11	486	6	3	0	506
10894	5	497	2	3	0	507
10895	491	14	1	1	0	507
10896	13	4	5	488	0	510
10897	516	2	2	15	0	535
10898	18	0	1	520	0	539
10899	3	3	3	539	0	548
10900	2	3	528	18	0	551
10901	6	1	491	4	0	502
10902	4	2	527	6	0	539
10903	6	1	19	537	0	563
10904	541	0	6	20	0	567
10905	17	2	525	6	0	550
10906	6	1	17	525	0	549
10907	4	1	546	17	0	568
10908	2	572	21	2	0	597
10909	5	13	5	581	0	604
10910	7	2	3	590	0	602
10911	3	4	4	596	0	607
10912	582	0	3	24	0	609
10913	15	1	4	583	0	603
10914	4	4	3	589	0	600
10915	576	4	2	23	0	605
10916	16	2	569	8	0	595
10917	567	1	15	9	0	592
10918	582	1	3	5	0	591
10919	18	1	592	8	0	619
10920	571	1	17	10	0	599
10921	20	1	3	599	0	623
10922	5	0	611	20	0	636
10923	600	2	18	7	0	627
10924	609	0	8	6	0	623
10925	20	0	6	591	0	617
10926	14	0	4	601	0	619
10927	10	1	4	618	0	633
10928	601	1	4	21	0	627
10929	19	604	5	7	0	635
10930	589	14	2	10	0	615
10931	22	554	3	6	0	585
10932	2	557	3	12	0	574
10933	6	12	2	562	0	582
10934	9	2	2	565	0	578
10935	5	4	4	565	0	578
10936	9	2	5	559	0	575
10937	6	4	549	18	0	577
10938	534	3	15	7	0	559
10939	19	4	2	559	0	584
10940	2	3	561	19	0	585
10941	9	2	16	561	0	588
10942	7	3	0	583	0	593
10943	4	3	588	19	0	614
10944	7	2	15	582	0	606
10945	6	1	1	587	0	595
10946	585	0	6	22	0	613
10947	14	0	587	13	0	614
10948	561	2	14	10	0	587
10949	19	589	3	7	0	618
10950	585	13	8	8	0	614
10951	595	3	5	6	0	609
10952	13	3	3	578	0	597
10953	4	3	579	18	0	604
10954	12	612	14	4	0	642
10955	3	14	4	613	0	634
10956	2	669	3	16	0	690
10957	671	16	3	8	0	698
10958	20	3	662	7	0	692
10959	5	2	662	6	0	675
10960	5	2	13	666	0	686
10961	5	1	707	21	0	734
10962	6	3	16	695	0	720
10963	1	2	3	712	0	718
10964	714	1	5	21	0	741
10965	19	728	3	8	0	758
10966	4	15	6	742	0	767
10967	8	1	3	766	0	778
10968	5	1	6	762	0	774
10969	5	727	8	23	0	763
10970	5	758	4	5	0	772
10971	750	16	4	9	0	779
10972	753	2	2	5	0	762
10973	751	4	2	7	0	764
10974	24	0	731	7	0	762
10975	7	4	15	714	0	740
10976	2	3	718	22	0	745
10977	4	716	17	7	0	744
10978	692	18	2	8	0	720
10979	15	5	669	4	0	693
10980	8	5	9	637	0	659
10981	5	3	647	11	0	666
10982	628	1	15	3	0	647
10983	633	0	1	5	0	639
10984	621	0	6	4	0	631
10985	620	1	2	3	0	626
10986	13	0	626	3	0	642
10987	607	2	12	4	0	625
10988	626	1	0	3	0	630
10989	9	614	2	3	0	628
10990	599	10	4	2	0	615
10991	621	1	1	6	0	629
10992	12	2	2	609	0	625
10993	5	622	1	11	0	639
10994	637	8	2	6	0	653
10995	675	1	1	5	0	682
10996	17	4	779	1	0	801
10997	4	2	782	0	0	788
10998	5	0	797	1	0	803
10999	6	1	22	783	0	812
11000	792	1	5	18	0	816
11001	19	794	3	3	0	819
11002	772	16	2	6	0	796
11003	20	784	0	4	0	808
11004	774	20	2	1	0	797
11005	20	779	2	2	0	803
11006	5	795	1	2	0	803
11007	770	20	2	4	0	796
11008	19	769	2	3	0	793
11009	5	20	1	768	0	794
11010	7	4	768	17	0	796
11011	3	3	771	5	0	782
11012	2	3	21	750	0	776
11013	7	2	5	770	0	784
11014	1	0	771	18	0	790
11015	4	1	17	755	0	777
11016	4	0	5	764	0	773
11017	761	1	5	21	0	788
11018	16	771	2	8	0	797
11019	7	19	1	728	0	755
11020	7	782	1	15	0	805
11021	791	19	2	9	0	821
11022	18	795	5	1	0	819
11023	794	20	2	6	0	822
11024	808	5	4	3	0	820
11025	23	6	0	777	0	806
11026	12	3	0	795	0	810
11027	7	2	1	792	0	802
11028	6	3	1	796	0	806
11029	1	2	762	24	0	789
11030	714	2	19	9	0	744
11031	20	770	5	5	0	800
11032	8	20	3	770	0	801
11033	8	4	3	791	0	806
11034	5	788	2	21	0	816
11035	792	17	2	11	0	822
11036	17	796	4	5	0	822
11037	8	22	5	806	0	841
11038	9	8	0	826	0	843
11039	8	6	4	826	0	844
11040	2	5	3	833	0	843
11041	804	2	3	27	0	836
11042	19	3	812	12	0	846
11043	12	1	19	797	0	829
11044	6	6	6	810	0	828
11045	9	1	7	812	0	829
11046	6	4	6	811	0	827
11047	785	3	2	31	0	821
11048	23	6	773	12	0	814
11049	10	7	19	754	0	790
11050	10	750	6	18	0	784
11051	5	802	3	8	0	818
11052	788	24	2	15	0	829
11053	21	10	796	5	0	832
11054	727	11	18	6	0	762
11055	23	4	745	6	0	778
11056	13	2	19	691	0	725
11057	700	3	12	20	0	735
11058	18	730	7	12	0	767
11059	7	15	3	723	0	748
11060	5	693	4	19	0	721
11061	714	21	3	10	0	748
11062	709	9	5	8	0	731
11063	20	7	4	705	0	736
11064	13	4	705	21	0	743
11065	7	9	692	8	0	716
11066	5	7	17	704	0	733
11067	9	707	8	16	0	740
11068	2	23	7	748	0	780
11069	12	5	2	715	0	734
11070	8	7	3	712	0	730
11071	6	4	735	28	0	773
11072	9	2	14	737	0	762
11073	5	6	5	761	0	777
11074	3	728	6	29	0	766
11075	8	24	8	738	0	778
11076	7	5	3	775	0	790
11077	7	8	2	788	0	805
11078	6	10	2	786	0	804
11079	1	4	4	776	0	785
11080	5	5	2	781	0	793
11081	11	2	3	765	0	781
11082	4	8	3	747	0	762
11083	5	6	697	44	0	752
11084	4	3	15	731	0	753
11085	717	3	5	30	0	755
11086	23	1	7	704	0	735
11087	10	5	713	25	0	753
11088	675	2	18	17	0	712
11089	719	4	6	11	0	740
11090	721	2	3	19	0	745
11091	718	7	5	11	0	741
11092	28	2	1	713	0	744
11093	13	5	714	26	0	758
11094	7	704	20	10	0	741
11095	10	674	3	9	0	696
11096	4	11	8	544	0	567
11097	3	2	4	549	0	558
11098	0	5	3	538	0	546
11099	2	2	1	568	0	573
11100	4	1	0	636	0	641
11101	726	0	0	14	0	740
11102	9	743	4	12	0	768
11103	8	773	2	8	0	791
11104	10	14	2	797	0	823
11105	5	9	2	814	0	830
11106	3	8	1	813	0	825
11107	3	3	1	814	0	821
11108	0	2	781	25	0	808
11109	3	766	9	14	0	792
11110	1	11	5	781	0	798
11111	770	7	6	17	0	800
11112	12	7	1	782	0	802
11113	7	4	799	22	0	832
11114	8	2	759	14	0	783
11115	3	1	799	13	0	816
11116	8	6	20	781	0	815
11117	808	3	14	12	0	837
11118	10	3	7	812	0	832
11119	11	0	6	827	0	844
11120	823	3	1	22	0	849
11121	16	1	1	818	0	836
11122	14	1	2	825	0	842
11123	11	1	872	17	0	901
11124	5	870	12	13	0	900
11125	5	7	10	897	0	919
11126	887	6	10	18	0	921
11127	9	6	6	906	0	927
11128	11	2	902	19	0	934
11129	10	1	12	895	0	918
11130	3	897	9	25	0	934
11131	11	9	6	904	0	930
11132	6	7	906	20	0	939
11133	2	958	8	21	0	989
11134	5	18	9	977	0	1009
11135	3	17	6	998	0	1024
11136	8	8	4	1021	0	1041
11137	8	1	3	1026	0	1038
11138	1	3	1005	37	0	1046
11139	1	1007	19	21	0	1048
11140	1003	15	11	18	0	1047
11141	1023	13	10	7	0	1053
11142	26	10	4	1004	0	1044
11143	16	3	993	19	0	1031
11144	968	4	19	13	0	1004
11145	20	3	10	1018	0	1051
11146	8	0	1034	27	0	1069
11147	8	1	19	1035	0	1063
11148	6	2	7	1044	0	1059
11149	7	0	11	1060	0	1078
11150	3	4	1071	39	0	1117
11151	6	2	17	1034	0	1059
11152	9	1060	11	27	0	1107
11153	1056	18	7	20	0	1101
11154	1046	10	7	16	0	1079
11155	1059	8	3	10	0	1080
11156	36	1050	2	11	0	1099
11157	1061	18	6	11	0	1096
11158	30	9	5	1025	0	1069
11159	1024	8	2	29	0	1063
11160	1018	1	4	19	0	1042
11161	25	5	995	15	0	1040
11162	16	994	17	11	0	1038
11163	998	21	8	11	0	1038
11164	28	12	11	988	0	1039
11165	12	10	1004	22	0	1048
11166	15	997	17	17	0	1046
11167	972	23	9	13	0	1017
11168	26	13	8	987	0	1034
11169	16	8	3	998	0	1025
11170	16	6	2	991	0	1015
11171	11	965	2	32	0	1010
11172	10	16	4	982	0	1012
11173	6	969	7	26	0	1008
11174	10	25	3	983	0	1021
11175	9	9	990	31	0	1039
11176	6	11	20	990	0	1027
11177	6	6	10	1004	0	1026
11178	10	4	12	1021	0	1047
11179	6	2	984	40	0	1032
11180	2	7	19	985	0	1013
11181	12	3	12	1015	0	1042
11182	7	5	9	1019	0	1040
11183	7	3	8	1018	0	1036
11184	5	5	3	1036	0	1049
11185	9	7	993	36	0	1045
11186	7	2	18	1003	0	1030
11187	9	7	15	1001	0	1032
11188	969	3	9	45	0	1026
11189	21	962	5	27	0	1015
11190	14	994	8	22	0	1038
11191	11	23	9	993	0	1036
11192	10	14	1	998	0	1023
11193	4	957	7	28	0	996
11194	7	16	4	973	0	1000
11195	7	967	4	32	0	1010
11196	14	16	5	962	0	997
11197	7	15	3	990	0	1015
11198	8	7	960	25	0	1000
11199	6	927	13	24	0	970
11200	9	891	7	12	0	919
11201	730	17	18	15	0	780
11202	10	734	5	6	0	755
11203	5	16	1	721	0	743
11204	9	6	694	12	0	721
11205	2	8	8	680	0	698
11206	666	5	5	18	0	694
11207	10	6	687	12	0	715
11208	6	715	12	7	0	740
11209	8	12	6	638	0	664
11210	5	6	4	736	0	751
11211	739	6	1	24	0	770
11212	12	3	4	748	0	767
11213	4	2	1	740	0	747
11214	3	7	2	735	0	747
11215	3	3	3	740	0	749
11216	718	3	7	17	0	745
11217	711	2	0	20	0	733
11218	14	4	3	718	0	739
11219	699	1	3	20	0	723
11220	14	1	6	680	0	701
11221	4	2	671	23	0	700
11222	8	3	653	10	0	674
11223	10	5	15	627	0	657
11224	2	632	5	14	0	653
11225	4	10	3	631	0	648
11226	626	1	5	17	0	649
11227	10	4	1	626	0	641
11228	618	3	2	16	0	639
11229	16	2	0	625	0	643
11230	5	3	635	14	0	657
11231	6	626	9	8	0	649
11232	4	635	1	13	0	653
11233	4	8	1	566	0	579
11234	1	5	562	10	0	578
11235	1	526	2	1	0	530
11236	3	9	0	503	0	515
11237	491	0	1	4	0	496
11238	1	0	527	0	0	528
11239	1	0	1	530	0	532
11240	1	1	0	545	0	547
11241	1	0	546	2	0	549
11242	1	0	489	0	0	490
11243	1	0	526	2	0	529
11244	1	0	0	542	0	543
11245	0	1	559	2	0	562
11246	524	0	2	1	0	527
11247	2	1	2	585	0	590
11248	5	1	694	2	0	702
11249	0	715	2	7	0	724
11250	0	3	705	1	0	709
11251	2	5	3	704	0	714
11252	744	1	5	6	0	756
11253	5	1	0	761	0	767
11254	6	0	0	774	0	780
11255	843	0	0	13	0	856
11256	7	1	0	865	0	873
11257	5	0	867	7	0	879
11258	842	0	6	9	0	857
11259	6	883	5	2	0	896
11260	903	6	2	2	0	913
11261	8	5	0	892	0	905
11262	5	2	878	6	0	891
11263	2	1	874	6	0	883
11264	3	5	11	878	0	897
11265	1	0	6	869	0	876
11266	2	1	871	12	0	886
11267	4	0	831	7	0	842
11268	846	0	9	7	0	862
11269	6	0	9	871	0	886
11270	875	1	1	8	0	885
11271	7	2	1	873	0	883
11272	7	1	910	7	0	925
11273	3	0	958	7	0	968
11274	2	0	13	968	0	983
11275	1	0	9	963	0	973
11276	2	0	985	14	0	1001
11277	955	0	7	16	0	978
11278	11	0	10	1018	0	1039
11279	1067	0	4	13	0	1084
11280	13	1253	1	8	0	1275
11281	15	21	0	1284	0	1320
11282	1285	10	1	25	0	1321
11283	25	2	1299	12	0	1338
11284	14	2	24	1291	0	1331
11285	5	0	13	1301	0	1319
11286	7	6	3	1347	0	1363
11287	1	2	1324	39	0	1366
11288	10	1	26	1299	0	1336
11289	8	1326	19	22	0	1375
11290	8	24	4	1340	0	1376
11291	7	10	1329	34	0	1380
11292	3	3	1344	21	0	1371
11293	7	4	39	1337	0	1387
11294	4	1	14	1351	0	1370
11295	7	6	8	1354	0	1375
11296	1	1	5	1373	0	1380
11297	1329	0	8	44	0	1381
11298	1330	0	10	21	0	1361
11299	34	0	1307	13	0	1354
11300	13	1324	25	15	0	1377
11301	6	24	10	1354	0	1394
11302	1380	9	4	38	0	1431
11303	1225	3	9	29	0	1266
11304	1401	3	6	9	0	1419
11305	1410	0	9	13	0	1432
11306	36	7	1383	9	0	1435
11307	1347	2	25	16	0	1390
11308	34	1346	10	9	0	1399
11309	25	20	3	1361	0	1409
11310	16	7	1369	27	0	1419
11311	19	4	29	1339	0	1391
11312	6	5	1362	29	0	1402
11313	13	3	30	1351	0	1397
11314	10	6	12	1366	0	1394
11315	1349	2	5	46	0	1402
11316	32	1	12	1358	0	1403
11317	15	2	1361	37	0	1415
11318	11	2	34	1410	0	1457
11319	1397	1	15	40	0	1453
11320	33	3	7	1417	0	1460
11321	15	3	1398	36	0	1452
11322	7	1361	25	26	0	1419
11323	1413	23	21	16	0	1473
11324	29	9	6	1372	0	1416
11325	17	1427	8	33	0	1485
11326	1422	27	1	26	0	1476
11327	33	12	1430	11	0	1486
11328	16	1397	31	16	0	1460
11329	14	30	15	1413	0	1472
11330	7	8	1410	40	0	1465
11331	11	9	28	1397	0	1445
11332	1402	5	16	36	0	1459
11333	34	1	1394	21	0	1450
11334	16	10	29	1386	0	1441
11335	8	4	1399	38	0	1449
11336	13	5	34	1380	0	1432
11337	10	4	15	1426	0	1455
11338	1391	6	5	42	0	1444
11339	30	1367	18	16	0	1431
11340	16	26	8	1401	0	1451
11341	1382	10	11	46	0	1449
11342	1393	2	10	29	0	1434
11343	38	4	8	1382	0	1432
11344	25	1335	8	40	0	1408
11345	12	1400	5	16	0	1433
11346	5	31	13	1385	0	1434
11347	13	8	5	1366	0	1392
11348	1249	7	5	39	0	1300
11349	30	3	2	1247	0	1282
11350	8	8	1213	33	0	1262
11351	1113	9	22	16	0	1160
11352	25	1170	7	18	0	1220
11353	1152	22	3	25	0	1202
11354	36	4	1189	10	0	1239
11355	12	1185	22	14	0	1233
11356	1155	26	14	12	0	1207
11357	1171	6	10	6	0	1193
11358	26	12	1174	4	0	1216
11359	1145	7	22	7	0	1181
11360	1172	2	14	8	0	1196
11361	33	1174	6	4	0	1217
11362	17	23	3	1192	0	1235
11363	22	6	1164	21	0	1213
11364	14	5	27	1184	0	1230
11365	7	7	1210	25	0	1249
11366	18	3	24	1185	0	1230
11367	1216	9	9	29	0	1263
11368	26	5	7	1257	0	1295
11369	8	2	1407	29	0	1446
11370	1449	0	31	19	0	1499
11371	44	1	18	1500	0	1563
11372	11	2	1461	45	0	1519
11373	1386	1	39	17	0	1443
11374	47	3	10	1424	0	1484
11375	12	2	1406	47	0	1467
11376	19	1	1377	16	0	1413
11377	14	15	37	1361	0	1427
11378	6	1	1390	38	0	1435
11379	15	1337	38	20	0	1410
11380	10	22	9	1152	0	1193
11381	1151	5	11	23	0	1190
11382	17	5	1167	9	0	1198
11383	9	4	1134	11	0	1158
11384	1086	1	30	7	0	1124
11385	20	9	1156	1	0	1186
11386	1101	0	24	9	0	1134
11387	30	0	1142	3	0	1175
11388	11	0	28	1126	0	1165
11389	4	2	1139	15	0	1160
11390	15	1	19	1104	0	1139
11391	3	2	1165	21	0	1191
11392	7	2	1108	9	0	1126
11393	1054	1	31	10	0	1096
11394	18	1118	10	13	0	1159
11395	1143	14	17	6	0	1180
11396	22	1158	8	8	0	1196
11397	17	22	12	1149	0	1200
11398	12	7	13	1175	0	1207
11399	1180	3	6	23	0	1212
11400	21	11	5	1148	0	1185
11401	17	1	1142	26	0	1186
11402	1082	10	20	20	0	1132
11403	1127	0	10	19	0	1156
11404	27	1	10	1133	0	1171
11405	20	1	1133	20	0	1174
11406	11	1	24	1119	0	1155
11407	5	1140	18	24	0	1187
11408	12	21	4	1141	0	1178
11409	14	9	4	1164	0	1191
11410	5	4	1136	38	0	1183
11411	1036	4	30	16	0	1086
11412	22	1109	14	16	0	1161
11413	1113	27	8	9	0	1157
11414	23	1128	7	11	0	1169
11415	14	22	5	1109	0	1150
11416	10	1127	12	15	0	1164
11417	13	24	1104	11	0	1152
11418	5	18	24	1041	0	1088
11419	13	3	13	1058	0	1087
11420	4	13	8	1094	0	1119
11421	1070	1	6	44	0	1121
11422	27	11	6	1084	0	1128
11423	1046	3	15	27	0	1091
11424	1055	6	4	27	0	1092
11425	1036	5	1	23	0	1065
11426	34	4	1022	15	0	1075
11427	29	2	22	1029	0	1082
11428	10	3	14	1074	0	1101
11429	17	3	10	1094	0	1124
11430	1117	4	17	38	0	1176
11431	40	2	7	1109	0	1158
11432	12	3	15	1160	0	1190
11433	1215	4	10	52	0	1281
11434	40	1	11	1251	0	1303
11435	17	4	1292	49	0	1362
11436	18	5	1325	20	0	1368
11437	15	7	49	1317	0	1388
11438	1316	2	13	60	0	1391
11439	1303	4	18	21	0	1346
11440	53	4	16	1295	0	1368
11441	18	3	1294	49	0	1364
11442	13	1269	50	23	0	1355
11443	19	36	19	1295	0	1369
11444	23	10	8	1332	0	1373
11445	22	5	14	1327	0	1368
11446	1294	6	10	64	0	1374
11447	46	3	1293	25	0	1367
11448	1307	10	43	21	0	1381
11449	51	1	21	1290	0	1363
11450	20	1304	12	55	0	1391
11451	1321	36	11	37	0	1405
11452	1341	11	10	19	0	1381
11453	57	6	1373	17	0	1453
11454	24	1245	48	12	0	1329
11455	14	1295	12	24	0	1345
11456	1274	53	7	14	0	1348
11457	57	9	11	1267	0	1344
11458	26	8	5	1283	0	1322
11459	11	10	18	1273	0	1312
11460	12	1180	3	59	0	1254
11461	8	1270	6	24	0	1308
11462	1226	44	6	23	0	1299
11463	44	14	5	1233	0	1296
11464	21	7	1277	57	0	1362
11465	18	11	50	1323	0	1402
11466	11	9	1482	60	0	1562
11467	12	13	1527	19	0	1571
11468	20	8	1531	15	0	1574
11469	8	1297	67	9	0	1381
11470	13	53	27	1179	0	1272
11471	4	1241	29	42	0	1316
11472	9	52	15	1158	0	1234
11473	6	15	14	1254	0	1289
11474	1223	20	2	53	0	1298
11475	48	8	2	1245	0	1303
11476	1204	12	1	63	0	1280
11477	1250	5	3	26	0	1284
11478	61	1	3	1196	0	1261
11479	29	1170	7	52	0	1258
11480	26	40	4	1130	0	1200
11481	18	1154	3	59	0	1234
11482	16	51	4	1168	0	1239
11483	4	19	1154	63	0	1240
11484	5	21	39	1173	0	1238
11485	3	13	9	1210	0	1235
11486	1125	13	15	60	0	1213
11487	40	1147	7	38	0	1232
11488	18	41	6	1163	0	1228
11489	16	8	6	1187	0	1217
11490	14	1131	7	63	0	1215
11491	15	56	8	1148	0	1227
11492	1074	16	5	69	0	1164
11493	1143	21	5	30	0	1199
11494	51	1119	2	33	0	1205
11495	25	53	3	1124	0	1205
11496	1079	11	3	59	0	1152
11497	51	1113	5	23	0	1192
11498	29	52	2	1081	0	1164
11499	19	1113	4	54	0	1190
11500	1118	55	4	27	0	1204
11501	53	17	1100	27	0	1197
11502	14	25	1101	20	0	1160
11503	21	15	43	1096	0	1175
11504	14	18	1105	47	0	1184
11505	19	7	62	1087	0	1175
11506	1092	5	29	59	0	1185
11507	43	6	1093	31	0	1173
11508	17	9	51	1091	0	1168
11509	20	9	19	1132	0	1180
11510	1084	9	20	66	0	1179
11511	52	1101	14	31	0	1198
11512	1092	45	14	35	0	1186
11513	1132	14	3	33	0	1182
11514	58	1085	4	29	0	1176
11515	41	48	5	1097	0	1191
11516	31	24	1079	48	0	1182
11517	27	21	38	1068	0	1154
11518	19	1099	10	58	0	1186
11519	1111	56	14	26	0	1207
11520	46	19	10	1139	0	1214
11521	13	19	1136	59	0	1227
11522	23	11	45	1153	0	1232
11523	15	18	15	1165	0	1213
11524	17	9	22	1176	0	1224
11525	10	12	10	1195	0	1227
11526	7	11	14	1182	0	1214
11527	7	7	1106	90	0	1210
11528	7	7	1108	54	0	1176
11529	8	1021	41	50	0	1120
11530	7	1063	24	36	0	1130
11531	1039	49	20	25	0	1133
11532	43	17	1031	17	0	1108
11533	924	24	45	6	0	999
11534	52	17	898	12	0	979
11535	20	14	860	7	0	901
11536	26	15	37	818	0	896
11537	845	6	38	32	0	921
11538	35	8	22	843	0	908
11539	13	3	15	878	0	909
11540	14	3	943	44	0	1004
11541	12	4	27	977	0	1020
11542	12	0	14	982	0	1008
11543	6	3	19	984	0	1012
11544	8	4	11	986	0	1009
11545	8	1	12	995	0	1016
11546	940	3	8	65	0	1016
11547	26	2	4	969	0	1001
11548	8	5	899	58	0	970
11549	18	4	23	912	0	957
11550	14	6	889	45	0	954
11551	15	8	35	888	0	946
11552	6	3	903	47	0	959
11553	3	4	44	837	0	888
11554	5	3	14	892	0	914
11555	1	4	867	38	0	910
11556	797	2	25	35	0	859
11557	20	8	860	22	0	910
11558	10	1	29	870	0	910
11559	874	1	11	36	0	922
11560	29	1	22	876	0	928
11561	15	1	5	909	0	930
11562	16	1	883	38	0	938
11563	10	848	21	35	0	914
11564	8	805	7	28	0	848
11565	1	788	9	23	0	821
11566	34	5	6	587	0	632
11567	580	2	8	3	0	593
11568	1	0	0	576	0	577
11569	1	1	1	574	0	577
11570	0	1	0	574	0	575
11571	1	0	0	570	0	571
11572	0	566	2	2	0	570
11573	1	1	0	585	0	587
11574	0	1	1	578	0	580
11575	0	565	0	12	0	577
11576	577	1	0	3	0	581
11577	1	1	0	579	0	581
11578	577	0	0	4	0	581
11579	583	0	0	2	0	585
11580	2	597	0	0	0	599
11581	1	1	0	630	0	632
11582	0	2	615	1	0	618
11583	1	0	606	1	0	608
11584	0	4	2	622	0	628
11585	631	0	1	2	0	634
11586	637	0	0	1	0	638
11587	3	0	0	633	0	636
11588	631	0	0	3	0	634
11589	2	626	0	1	0	629
11590	631	3	0	1	0	635
11591	3	678	0	0	0	681
11592	1	2	0	697	0	700
11593	2	1	0	690	0	693
11594	0	699	0	3	0	702
11595	694	2	0	3	0	699
11596	2	2	687	0	0	691
11597	2	0	2	672	0	676
11598	0	0	699	3	0	702
11599	0	2	2	686	0	690
11600	705	0	1	4	0	710
11601	2	0	1	701	0	704
11602	699	0	0	3	0	702
11603	693	0	0	1	0	694
11604	3	0	0	697	0	700
11605	2	0	688	2	0	692
11606	1	733	3	2	0	739
11607	1	2	1	737	0	741
11608	736	1	0	2	0	739
11609	2	1	713	2	0	718
11610	2	0	7	713	0	722
11611	2	2	1	719	0	724
11612	1	0	0	740	0	741
11613	735	0	0	5	0	740
11614	4	1	1	725	0	731
11615	3	0	0	738	0	741
11616	0	0	722	4	0	726
11617	0	0	4	713	0	717
11618	3	0	2	733	0	738
11619	1	0	0	765	0	766
11620	1	746	0	6	0	753
11621	1	3	1	748	0	753
11622	3	0	0	740	0	743
11623	727	0	0	7	0	734
11624	5	1	703	4	0	713
11625	2	1	657	1	0	661
11626	1	709	5	1	0	716
11627	1	4	0	725	0	730
11628	705	0	0	3	0	708
11629	4	1	2	697	0	704
11630	0	0	1	708	0	709
11631	0	1	0	724	0	725
11632	1	1	0	709	0	711
11633	3	1	0	702	0	706
11634	0	0	704	7	0	711
11635	1	0	3	697	0	701
11636	704	0	3	7	0	714
11637	3	686	1	4	0	694
11638	1	5	0	700	0	706
11639	1	0	1	691	0	693
11640	2	1	634	4	0	641
11641	4	2	3	634	0	643
11642	1	1	0	664	0	666
11643	674	0	1	10	0	685
11644	5	723	1	4	0	733
11645	4	3	2	732	0	741
11646	4	3	1	733	0	741
11647	2	0	1	746	0	749
11648	3	1	741	10	0	755
11649	3	2	704	5	0	714
11650	0	723	8	3	0	734
11651	1	766	2	4	0	773
11652	1	8	1	766	0	776
11653	1	741	3	8	0	753
11654	2	6	4	838	0	850
11655	4	5	0	926	0	935
11656	3	2	0	1003	0	1008
11657	3	1	0	1137	0	1141
11658	0	4	1158	27	0	1189
11659	2	0	13	1175	0	1190
11660	4	0	9	1185	0	1198
11661	2	0	4	1209	0	1215
11662	1146	1	4	31	0	1182
11663	13	1202	5	19	0	1239
11664	10	17	3	1141	0	1171
11665	5	1170	0	27	0	1202
11666	1143	18	2	19	0	1182
11667	1029	14	1	22	0	1066
11668	22	1161	3	7	0	1193
11669	13	1194	2	12	0	1221
11670	8	29	1163	6	0	1206
11671	5	1197	17	11	0	1230
11672	12	21	15	1167	0	1215
11673	1179	19	8	34	0	1240
11674	18	1212	4	23	0	1257
11675	13	24	5	1250	0	1292
11676	17	14	4	1269	0	1304
11677	5	21	0	1304	0	1330
11678	1266	6	6	41	0	1319
11679	24	18	1260	28	0	1330
11680	1215	8	18	26	0	1267
11681	33	1241	10	20	0	1304
11682	23	30	8	1243	0	1304
11683	17	25	1228	25	0	1295
11684	1174	13	26	21	0	1234
11685	22	1238	14	11	0	1285
11686	19	26	9	1217	0	1271
11687	18	1240	7	21	0	1286
11688	13	32	5	1246	0	1296
11689	15	21	4	1270	0	1310
11690	8	17	1238	41	0	1304
11691	4	11	1180	34	0	1229
11692	17	7	29	1199	0	1252
11693	8	12	1224	31	0	1275
11694	15	4	24	1232	0	1275
11695	8	11	23	1189	0	1231
11696	12	5	12	1271	0	1300
11697	1238	8	14	48	0	1308
11698	30	1	7	1278	0	1316
11699	14	13	1256	31	0	1314
11700	1234	3	19	39	0	1295
11701	22	17	14	1275	0	1328
11702	17	9	12	1298	0	1336
11703	1274	9	8	48	0	1339
11704	21	1280	13	39	0	1353
11705	18	18	16	1306	0	1358
11706	12	11	11	1281	0	1315
11707	1246	13	17	45	0	1321
11708	20	10	1252	40	0	1322
11709	19	6	21	1274	0	1320
11710	14	6	15	1282	0	1317
11711	21	3	12	1250	0	1286
11712	13	1226	7	48	0	1294
11713	10	21	15	1274	0	1320
11714	1238	12	8	49	0	1307
11715	24	1252	11	35	0	1322
11716	1242	22	4	38	0	1306
11717	31	1253	5	27	0	1316
11718	1243	31	5	26	0	1305
11719	32	22	1229	22	0	1305
11720	22	17	1233	22	0	1294
11721	1232	13	24	24	0	1293
11722	28	10	1270	20	0	1328
11723	30	7	24	1245	0	1306
11724	29	7	23	1132	0	1191
11725	10	8	14	1308	0	1340
11726	1268	11	11	48	0	1338
11727	23	7	1266	36	0	1332
11728	1249	8	21	29	0	1307
11729	29	13	13	1328	0	1383
11730	1329	7	10	37	0	1383
11731	31	19	7	1322	0	1379
11732	1365	9	5	39	0	1418
11733	35	13	12	1488	0	1548
11734	33	8	1545	33	0	1619
11735	1559	7	37	29	0	1632
11736	1618	5	27	20	0	1670
11737	53	8	16	1616	0	1693
11738	43	7	15	1595	0	1660
11739	15	1609	19	65	0	1708
11740	1596	25	16	43	0	1680
11741	45	1590	16	26	0	1677
11742	1575	34	9	29	0	1647
11743	44	17	1552	33	0	1646
11744	33	22	1504	20	0	1579
11745	29	10	1470	31	0	1540
11746	1453	10	52	30	0	1545
11747	41	1497	37	24	0	1599
11748	46	25	31	1500	0	1602
11749	1505	19	22	42	0	1588
11750	43	1510	23	33	0	1609
11751	40	36	9	1472	0	1557
11752	27	1459	5	39	0	1530
11753	18	1432	8	33	0	1491
11754	25	1413	9	26	0	1473
11755	1291	51	14	13	0	1369
11756	29	1257	13	18	0	1317
11757	10	1107	16	7	0	1140
11758	12	1085	5	4	0	1106
11759	1043	33	15	5	0	1096
11760	1042	15	3	6	0	1066
11761	19	17	1024	6	0	1066
11762	1008	10	13	1	0	1032
11763	1010	14	9	1	0	1034
11764	27	1	9	1021	0	1058
11765	1043	7	3	20	0	1073
11766	24	12	1023	6	0	1065
11767	12	1062	14	6	0	1094
11768	1094	21	6	3	0	1124
11769	26	14	4	1139	0	1183
11770	1153	11	4	25	0	1193
11771	30	7	1111	8	0	1156
11772	1129	9	18	9	0	1165
11773	42	5	5	1125	0	1177
11774	11	6	1117	27	0	1161
11775	19	1047	25	11	0	1102
11776	10	1118	11	6	0	1145
11777	13	30	6	1056	0	1105
11778	12	14	2	1048	0	1076
11779	6	1059	10	25	0	1100
11780	1071	31	3	14	0	1119
11781	1067	10	3	7	0	1087
11782	1055	7	1	13	0	1076
11783	41	1057	2	10	0	1110
11784	17	26	5	1010	0	1058
11785	18	1078	2	21	0	1119
11786	1078	26	2	17	0	1123
11787	1076	9	7	11	0	1103
11788	34	1073	1	4	0	1112
11789	1096	30	0	13	0	1139
11790	34	13	2	1085	0	1134
11791	16	5	3	1103	0	1127
11792	1101	9	5	34	0	1149
11793	1068	7	6	17	0	1098
11794	1091	7	2	7	0	1107
11795	50	7	0	1072	0	1129
11796	19	9	2	1090	0	1120
11797	14	11	1050	37	0	1112
11798	13	13	25	1030	0	1081
11799	20	7	10	1060	0	1097
11800	16	4	1026	36	0	1082
11801	13	8	985	21	0	1027
11802	14	3	1023	9	0	1049
11803	7	5	39	1003	0	1054
11804	6	7	1002	36	0	1051
11805	11	10	31	1001	0	1053
11806	14	9	15	1013	0	1051
11807	14	7	1011	34	0	1066
11808	9	10	1016	24	0	1059
11809	11	9	34	1000	0	1054
11810	6	7	1060	37	0	1110
11811	6	12	1061	22	0	1101
11812	9	1058	33	17	0	1117
11813	1079	27	27	4	0	1137
11814	1078	12	16	11	0	1117
11815	1086	14	16	6	0	1122
11816	40	1041	11	10	0	1102
11817	20	1104	12	16	0	1152
11818	21	28	3	1108	0	1160
11819	15	14	9	1096	0	1134
11820	14	11	1063	31	0	1119
11821	16	9	32	1051	0	1108
11822	1056	6	14	40	0	1116
11823	30	5	12	1007	0	1054
11824	16	1039	13	30	0	1098
11825	1057	30	3	22	0	1112
11826	1082	17	3	16	0	1118
11827	1099	6	6	17	0	1128
11828	48	2	1066	12	0	1128
11829	22	12	30	1073	0	1137
11830	1165	7	22	31	0	1225
11831	42	6	1226	22	0	1296
11832	16	1177	29	17	0	1239
11833	14	1087	10	3	0	1114
11834	978	25	8	5	0	1016
11835	26	954	2	1	0	983
11836	8	19	1	926	0	954
11837	3	8	955	21	0	987
11838	4	5	18	951	0	978
11839	945	6	7	20	0	978
11840	17	949	1	10	0	977
11841	958	19	3	3	0	983
11842	19	5	964	4	0	992
11843	9	2	20	927	0	958
11844	1	997	8	18	0	1024
11845	5	24	3	1003	0	1035
11846	1004	4	2	25	0	1035
11847	1012	1	2	10	0	1025
11848	998	5	5	1	0	1009
11849	1013	2	4	3	0	1022
11850	27	2	2	989	0	1020
11851	8	4	1008	20	0	1040
11852	7	10	21	968	0	1006
11853	4	1003	7	21	0	1035
11854	1016	18	1	9	0	1044
11855	21	5	997	2	0	1025
11856	981	2	17	5	0	1005
11857	18	5	7	1010	0	1040
11858	11	1	1043	20	0	1075
11859	6	2	21	1038	0	1067
11860	1044	2	6	25	0	1077
11861	1050	2	3	11	0	1066
11862	1043	1	7	11	0	1062
11863	24	2	1062	3	0	1091
11864	13	4	16	1050	0	1083
11865	6	4	1091	18	0	1119
11866	4	1086	19	7	0	1116
11867	1050	12	7	10	0	1079
11868	15	1037	5	5	0	1062
11869	965	8	2	8	0	983
11870	14	8	3	953	0	978
11871	8	976	4	9	0	997
11872	976	10	1	12	0	999
11873	10	6	981	1	0	998
11874	5	2	10	993	0	1010
11875	994	4	8	14	0	1020
11876	13	1	979	11	0	1004
11877	14	2	11	948	0	975
11878	8	960	6	10	0	984
11879	11	14	3	1014	0	1042
11880	7	9	4	1021	0	1041
11881	1013	5	2	21	0	1041
11882	11	1014	6	5	0	1036
11883	6	11	3	989	0	1009
11884	8	1000	5	9	0	1022
11885	7	9	5	978	0	999
11886	8	1004	4	6	0	1022
11887	1027	12	0	9	0	1048
11888	15	10	1043	5	0	1073
11889	13	1	15	1013	0	1042
11890	4	5	8	1012	0	1029
11891	6	4	3	1015	0	1028
11892	11	3	2	1006	0	1022
11893	9	4	1018	17	0	1048
11894	11	1046	9	8	0	1074
11895	1051	12	4	6	0	1073
11896	1064	2	9	8	0	1083
11897	15	1048	4	9	0	1076
11898	1052	10	5	13	0	1080
11899	1039	10	4	10	0	1063
11900	20	1063	1	10	0	1094
11901	14	16	3	1042	0	1075
11902	11	1085	6	9	0	1111
11903	1067	10	4	13	0	1094
11904	15	7	1065	8	0	1095
11905	981	2	16	21	0	1020
11906	15	8	1075	6	0	1104
11907	14	0	12	1060	0	1086
11908	1085	6	7	16	0	1114
11909	23	4	1056	8	0	1091
11910	1005	1	16	10	0	1032
11911	1027	4	7	9	0	1047
11912	19	4	4	1043	0	1070
11913	9	1048	8	14	0	1079
11914	1060	17	2	11	0	1090
11915	22	8	0	1053	0	1083
11916	14	1033	2	16	0	1065
11917	1028	19	2	9	0	1058
11918	18	5	4	1039	0	1066
11919	8	1127	6	14	0	1155
11920	7	12	5	1152	0	1176
11921	1143	4	5	23	0	1175
11922	1147	3	2	13	0	1165
11923	1149	2	7	9	0	1167
11924	14	5	5	1140	0	1164
11925	8	5	0	1133	0	1146
11926	7	4	1120	18	0	1149
11927	10	3	15	1103	0	1131
11928	10	4	1124	19	0	1157
11929	5	1	1042	5	0	1053
11930	2	2	934	3	0	941
11931	1	972	8	2	0	983
11932	3	8	1	945	0	957
11933	1	1049	0	5	0	1055
11934	1079	12	1	2	0	1094
11935	1084	1	0	3	0	1088
11936	16	1	0	1102	0	1119
11937	5	1	1148	11	0	1165
11938	4	2	19	1127	0	1152
11939	2	1	1183	22	0	1208
11940	3	0	23	1159	0	1185
11941	0	1190	2	24	0	1216
11942	2	1227	5	2	0	1236
11943	1190	21	2	5	0	1218
11944	22	4	1221	1	0	1248
11945	3	2	23	1190	0	1218
11946	4	2	2	1215	0	1223
11947	1209	3	3	23	0	1238
11948	25	1233	2	6	0	1266
11949	1223	22	3	10	0	1258
11950	21	1276	3	5	0	1305
11951	1238	23	4	8	0	1273
11952	1274	4	2	6	0	1286
11953	26	5	3	1279	0	1313
11954	7	1	1271	27	0	1306
11955	1213	4	24	5	0	1246
11956	25	1291	2	6	0	1324
11957	1287	26	2	7	0	1322
11958	27	8	4	1249	0	1288
11959	12	3	4	1252	0	1271
11960	7	1244	5	29	0	1285
11961	6	24	1	1240	0	1271
11962	7	1270	2	23	0	1302
11963	9	25	0	1233	0	1267
11964	6	8	1	1248	0	1263
11965	1187	5	3	29	0	1224
11966	29	3	1190	12	0	1234
11967	7	1189	23	6	0	1225
11968	11	24	6	1183	0	1224
11969	1188	5	7	29	0	1229
11970	1184	8	3	9	0	1204
11971	1199	4	2	10	0	1215
11972	33	9	1176	3	0	1221
11973	1185	1	26	8	0	1220
11974	33	1	5	1188	0	1227
11975	1179	3	4	37	0	1223
11976	34	1167	5	7	0	1213
11977	9	28	4	1184	0	1225
11978	1161	8	3	34	0	1206
11979	28	1178	2	19	0	1227
11980	12	31	2	1202	0	1247
11981	10	14	1208	29	0	1261
11982	1229	3	31	12	0	1275
11983	1317	4	7	8	0	1336
11984	41	3	1286	10	0	1340
11985	13	1264	40	10	0	1327
11986	12	1343	5	11	0	1371
11987	9	45	5	1312	0	1371
11988	11	7	5	1229	0	1252
11989	12	7	3	1313	0	1335
11990	10	6	1317	45	0	1378
11991	1272	2	40	14	0	1328
11992	1370	5	5	16	0	1396
11993	1368	7	7	17	0	1399
11994	1391	4	2	9	0	1406
11995	1403	6	10	10	0	1429
11996	1424	5	3	8	0	1440
11997	58	8	8	1469	0	1543
11998	22	1	1461	58	0	1542
11999	16	9	1515	15	0	1555
12000	11	5	52	1494	0	1562
12001	12	11	11	1505	0	1539
12002	13	8	6	1490	0	1517
12003	15	1488	2	61	0	1566
12004	1519	50	5	20	0	1594
12005	55	1570	9	16	0	1650
12006	19	56	7	1551	0	1633
12007	1539	10	5	59	0	1613
12008	61	1535	1	18	0	1615
12009	25	50	6	1565	0	1646
12010	21	11	6	1617	0	1655
12011	18	10	6	1605	0	1639
12012	15	1539	9	63	0	1626
12013	14	55	3	1583	0	1655
12014	8	12	1593	65	0	1678
12015	20	13	53	1596	0	1682
12016	13	12	8	1650	0	1683
12017	19	5	4	1726	0	1754
12018	13	17	6	1777	0	1813
12019	9	13	1654	86	0	1762
12020	11	1660	66	33	0	1770
12021	17	64	14	1699	0	1794
12022	17	16	13	1772	0	1818
12023	15	12	10	1770	0	1807
12024	13	1650	14	95	0	1772
12025	9	1795	9	37	0	1850
12026	1741	78	4	42	0	1865
12027	74	26	4	1723	0	1827
12028	21	16	1698	87	0	1822
12029	21	1704	63	38	0	1826
12030	1672	63	32	34	0	1801
12031	72	28	1666	18	0	1784
12032	24	23	1668	25	0	1740
12033	22	7	1640	24	0	1693
12034	17	14	79	1564	0	1674
12035	10	12	1601	72	0	1695
12036	10	1554	74	31	0	1669
12037	11	57	22	1483	0	1573
12038	7	21	1517	60	0	1605
12039	13	18	56	1465	0	1552
12040	1446	8	17	77	0	1548
12041	53	7	1438	33	0	1531
12042	1404	11	65	24	0	1504
12043	68	1488	16	17	0	1589
12044	1472	54	24	20	0	1570
12045	71	16	17	1486	0	1590
12046	1494	17	14	69	0	1594
12047	1524	8	22	28	0	1582
12048	1494	11	11	33	0	1549
12049	76	1488	14	21	0	1599
12050	1481	60	13	17	0	1571
12051	1513	17	15	25	0	1570
12052	80	18	1491	13	0	1602
12053	40	1471	59	19	0	1589
12054	44	58	27	1464	0	1593
12055	22	25	22	1504	0	1573
12056	25	19	14	1522	0	1580
12057	20	13	1467	78	0	1578
12058	24	6	60	1475	0	1565
12059	20	10	1491	68	0	1589
12060	1462	10	65	36	0	1573
12061	1529	9	24	30	0	1592
12062	70	13	1529	23	0	1635
12063	1528	11	57	19	0	1615
12064	1589	9	18	25	0	1641
12065	1608	10	22	21	0	1661
12066	87	8	18	1564	0	1677
12067	42	12	1584	69	0	1707
12068	26	1624	59	30	0	1739
12069	24	57	19	1663	0	1763
12070	21	20	1655	77	0	1773
12071	17	19	1621	30	0	1687
12072	1560	14	62	31	0	1667
12073	57	1653	34	23	0	1767
12074	1699	50	21	28	0	1798
12075	1727	16	17	29	0	1789
12076	69	1722	18	19	0	1828
12077	1726	59	12	25	0	1822
12078	76	12	1763	21	0	1872
12079	29	18	1744	16	0	1807
12080	29	11	1728	16	0	1784
12081	19	1669	65	15	0	1768
12082	1609	42	37	29	0	1717
12083	1627	18	26	15	0	1686
12084	56	1580	20	15	0	1671
12085	28	1668	23	13	0	1732
12086	28	47	16	1618	0	1709
12087	22	30	13	1654	0	1719
12088	1638	19	15	53	0	1725
12089	56	1626	12	27	0	1721
12090	1621	42	17	20	0	1700
12091	1609	20	15	9	0	1653
12092	53	18	1594	13	0	1678
12093	36	1571	42	11	0	1660
12094	37	40	18	1564	0	1659
12095	1534	20	16	34	0	1604
12096	52	19	7	1518	0	1596
12097	1447	11	9	36	0	1503
12098	44	9	1392	13	0	1458
12099	19	1371	39	14	0	1443
12100	21	1401	16	16	0	1454
12101	24	34	15	1334	0	1407
12102	19	1410	9	25	0	1463
12103	1408	41	7	20	0	1476
12104	38	13	1369	12	0	1432
12105	1302	22	23	11	0	1358
12106	37	13	1393	14	0	1457
12107	24	6	32	1392	0	1454
12108	21	13	12	1390	0	1436
12109	23	7	17	1394	0	1441
12110	1393	9	8	42	0	1452
12111	35	4	1410	22	0	1471
12112	19	8	23	1399	0	1449
12113	14	9	13	1393	0	1429
12114	11	1358	13	27	0	1409
12115	15	1342	3	25	0	1385
12116	16	1390	7	12	0	1425
12117	10	29	6	1307	0	1352
12118	6	11	4	1252	0	1273
12119	3	1205	4	12	0	1224
12120	4	1225	4	6	0	1239
12121	1221	7	1	6	0	1235
12122	14	7	1	1219	0	1241
12123	3	1188	1	6	0	1198
12124	1208	3	4	3	0	1218
12125	4	2	1	1246	0	1253
12126	1342	2	0	18	0	1362
12127	15	1	2	1368	0	1386
12128	3	1	1430	17	0	1451
12129	3	1444	15	5	0	1467
12130	1405	16	4	9	0	1434
12131	18	4	1462	0	0	1484
12132	2	1464	14	0	0	1480
12133	4	10	2	1475	0	1491
12134	1	1	0	1495	0	1497
12135	1	2	0	1437	0	1440
12136	2	0	1	1425	0	1428
12137	1	0	1463	17	0	1481
12138	1	1438	13	4	0	1456
12139	1	12	1	1446	0	1460
12140	1404	2	0	20	0	1426
12141	11	1439	1	4	0	1455
12142	4	13	0	1523	0	1540
12143	4	3	1493	19	0	1519
12144	1	1480	19	8	0	1508
12145	9	21	6	1332	0	1368
12146	0	1522	0	7	0	1529
12147	1525	21	0	6	0	1552
12148	1532	4	0	8	0	1544
12149	28	2	1493	2	0	1525
12150	1470	4	20	4	0	1498
12151	1536	1	5	5	0	1547
12152	30	3	1463	2	0	1498
12153	9	1464	18	1	0	1492
12154	11	20	5	1451	0	1487
12155	5	3	3	1506	0	1517
12156	1463	3	1	48	0	1515
12157	24	1	1	1507	0	1533
12158	7	1	1493	25	0	1526
12159	1396	5	20	9	0	1430
12160	23	1	1473	7	0	1504
12161	8	1481	25	3	0	1517
12162	1411	26	7	0	0	1444
12163	23	6	1433	6	0	1468
12164	7	4	1396	3	0	1410
12165	6	1408	24	0	0	1438
12166	1	21	5	1421	0	1448
12167	0	9	1357	22	0	1388
12168	15	3	20	1224	0	1262
12169	7	0	10	1329	0	1346
12170	1	3	1299	29	0	1332
12171	5	1300	22	7	0	1334
12172	5	19	7	1298	0	1329
12173	1267	4	7	23	0	1301
12174	1254	6	1	13	0	1274
12175	32	1	1	1271	0	1305
12176	7	3	1238	24	0	1272
12177	5	5	1286	10	0	1306
12178	8	2	29	1270	0	1309
12179	3	2	1262	25	0	1292
12180	1219	2	23	7	0	1251
12181	29	0	9	1258	0	1296
12182	10	2	8	1282	0	1302
12183	7	1284	3	31	0	1325
12184	4	22	4	1311	0	1341
12185	2	8	1260	28	0	1298
12186	1186	5	27	10	0	1228
12187	1259	1	7	19	0	1286
12188	33	0	1254	3	0	1290
12189	14	4	27	1348	0	1393
12190	5	0	9	1444	0	1458
12191	3	2	1413	51	0	1469
12192	6	6	43	1420	0	1475
12193	15	4	10	1430	0	1459
12194	3	1482	10	50	0	1545
12195	10	47	1	1559	0	1617
12196	7	9	1	1636	0	1653
12197	1607	5	8	71	0	1691
12198	1703	1	8	28	0	1740
12199	1755	0	3	17	0	1775
12200	1745	2	7	11	0	1765
12201	1736	7	3	8	0	1754
12202	73	2	1630	18	0	1723
12203	27	6	54	1617	0	1704
12204	19	4	13	1696	0	1732
12205	9	3	1645	74	0	1731
12206	1558	0	59	30	0	1647
12207	1657	5	13	16	0	1691
12208	78	2	1529	9	0	1618
12209	1614	1	52	7	0	1674
12210	1680	2	11	10	0	1703
12211	75	2	1625	11	0	1713
12212	32	1	61	1519	0	1613
12213	19	1629	15	59	0	1722
12214	21	58	9	1712	0	1800
12215	17	15	9	1741	0	1782
12216	22	11	3	1725	0	1761
12217	9	3	1690	79	0	1781
12218	1636	2	63	31	0	1732
12219	1729	1	17	18	0	1765
12220	86	3	14	1680	0	1783
12221	25	3	1650	73	0	1751
12222	27	3	58	1630	0	1718
12223	12	2	1670	78	0	1762
12224	9	6	1720	24	0	1759
12225	9	1691	64	26	0	1790
12226	22	48	24	1575	0	1669
12227	1579	8	22	53	0	1662
12228	1542	8	5	20	0	1575
12229	1549	3	9	25	0	1586
12230	68	2	9	1492	0	1571
12231	23	1557	9	56	0	1645
12232	20	50	13	1599	0	1682
12233	14	13	1676	63	0	1766
12234	1815	12	53	25	0	1905
12235	1982	5	17	29	0	2033
12236	86	1	13	1952	0	2052
12237	45	2	8	1999	0	2054
12238	33	4	11	2018	0	2066
12239	18	3	1942	84	0	2047
12240	1797	8	62	40	0	1907
12241	73	1890	23	26	0	2012
12242	20	1881	21	19	0	1941
12243	20	61	1853	20	0	1954
12244	22	16	62	1823	0	1923
12245	15	11	1862	68	0	1956
12246	1770	7	62	26	0	1865
12247	78	9	16	1797	0	1900
12248	27	6	1785	58	0	1876
12249	27	1829	55	21	0	1932
12250	1829	53	18	29	0	1929
12251	55	15	1869	21	0	1960
12252	15	1805	63	17	0	1900
12253	19	1905	19	15	0	1958
12254	1882	58	22	14	0	1976
12255	72	18	18	1884	0	1992
12256	22	18	1930	67	0	2037
12257	22	1927	64	20	0	2033
12258	1938	57	21	23	0	2039
12259	1978	15	14	21	0	2028
12260	76	1930	19	12	0	2037
12261	33	66	1930	14	0	2043
12262	26	21	60	1952	0	2059
12263	1950	14	24	70	0	2058
12264	2000	12	23	25	0	2060
12265	85	7	1938	21	0	2051
12266	48	5	64	1914	0	2031
12267	38	8	19	1990	0	2055
12268	20	13	1958	78	0	2069
12269	15	8	1961	39	0	2023
12270	1947	6	78	19	0	2050
12271	2019	10	30	22	0	2081
12272	2025	20	25	13	0	2083
12273	2056	14	15	21	0	2106
12274	90	8	1963	19	0	2080
12275	1976	10	66	26	0	2078
12276	91	3	30	1945	0	2069
12277	31	7	1979	79	0	2096
12278	31	8	1997	33	0	2069
12279	25	1959	78	35	0	2097
12280	29	67	37	1943	0	2076
12281	32	16	1991	63	0	2102
12282	1937	22	72	23	0	2054
12283	70	16	31	1773	0	1890
12284	29	1968	29	49	0	2075
12285	1978	56	22	29	0	2085
12286	2008	18	28	23	0	2077
12287	84	14	1946	24	0	2068
12288	35	1931	73	25	0	2064
12289	42	43	28	1811	0	1924
12290	1816	18	25	46	0	1905
12291	71	16	18	1783	0	1888
12292	27	15	1749	56	0	1847
12293	1577	12	47	24	0	1660
12294	55	1649	17	22	0	1743
12295	28	1522	17	21	0	1588
12296	17	1619	18	18	0	1672
12297	1599	34	22	19	0	1674
12298	1543	15	24	21	0	1603
12299	1541	14	17	14	0	1586
12300	45	13	12	1523	0	1593
12301	29	12	1550	32	0	1623
12302	34	7	37	1546	0	1624
12303	1587	11	16	42	0	1656
12304	48	12	15	1565	0	1640
12305	1607	10	12	38	0	1667
12306	1596	9	19	22	0	1646
12307	1593	10	9	20	0	1632
12308	41	1586	21	16	0	1664
12309	1585	28	24	12	0	1649
12310	43	21	1571	9	0	1644
12311	26	17	1603	12	0	1658
12312	27	1566	35	9	0	1637
12313	23	19	25	1520	0	1587
12314	1515	8	13	23	0	1559
12315	35	10	1486	11	0	1542
12316	1479	5	24	14	0	1522
12317	41	5	12	1449	0	1507
12318	16	1486	19	22	0	1543
12319	19	19	17	1518	0	1573
12320	15	18	1507	31	0	1571
12321	1439	6	26	20	0	1491
12322	37	5	1538	12	0	1592
12323	23	6	1480	9	0	1518
12324	1404	9	27	17	0	1457
12325	27	1422	17	9	0	1475
12326	1457	24	9	8	0	1498
12327	1464	10	13	9	0	1496
12328	38	10	1437	4	0	1489
12329	1383	10	22	11	0	1426
12330	34	9	1393	16	0	1452
12331	15	5	1324	13	0	1357
12332	14	3	1321	12	0	1350
12333	17	1231	22	8	0	1278
12334	1039	17	42	10	0	1108
12335	1000	3	8	10	0	1021
12336	990	3	5	13	0	1011
12337	990	1	6	4	0	1001
12338	14	2	985	4	0	1005
12339	9	2	9	979	0	999
12340	12	1	3	987	0	1003
12341	997	3	6	9	0	1015
12342	9	986	5	2	0	1002
12343	6	8	3	1001	0	1018
12344	987	3	7	14	0	1011
12345	12	3	984	1	0	1000
12346	8	3	9	971	0	991
12347	9	6	984	8	0	1007
12348	7	991	11	3	0	1012
12349	7	9	8	911	0	935
12350	909	1	6	10	0	926
12351	9	3	3	904	0	919
12352	7	2	922	10	0	941
12353	8	908	9	3	0	928
12354	902	9	2	8	0	921
12355	11	4	902	4	0	921
12356	811	3	8	6	0	828
12357	11	862	2	1	0	876
12358	864	5	1	3	0	873
12359	873	0	5	4	0	882
12360	9	1	1	863	0	874
12361	2	3	858	6	0	869
12362	6	853	7	0	0	866
12363	4	6	1	907	0	918
12364	4	1	2	899	0	906
12365	5	2	1	990	0	998
12366	4	2	4	1030	0	1040
12367	1	1208	4	12	0	1225
12368	1273	11	3	11	0	1298
12369	10	1265	1	5	0	1281
12370	11	12	0	1357	0	1380
12371	1397	6	0	16	0	1419
12372	22	6	0	1400	0	1428
12373	12	1	1397	16	0	1426
12374	5	1388	15	8	0	1416
12375	13	14	6	1375	0	1408
12376	10	8	5	1415	0	1438
12377	1342	6	3	26	0	1377
12378	16	3	1339	12	0	1370
12379	1306	9	12	12	0	1339
12380	1312	4	10	13	0	1339
12381	1321	5	3	15	0	1344
12382	28	3	1304	11	0	1346
12383	21	4	22	1287	0	1334
12384	18	5	10	1297	0	1330
12385	14	4	1315	25	0	1358
12386	10	4	1312	20	0	1346
12387	1317	5	26	15	0	1363
12388	24	5	13	1375	0	1417
12389	1388	4	9	36	0	1437
12390	1419	4	12	11	0	1446
12391	41	6	12	1393	0	1452
12392	23	4	1488	27	0	1542
12393	1454	3	25	25	0	1507
12394	42	2	13	1523	0	1580
12395	19	4	1533	38	0	1594
12396	14	1508	32	22	0	1576
12397	1492	31	20	14	0	1557
12398	40	1522	8	12	0	1582
12399	32	32	9	1393	0	1466
12400	14	1539	11	41	0	1605
12401	1492	38	16	25	0	1571
12402	1490	31	7	12	0	1540
12403	56	1480	10	17	0	1563
12404	1485	43	9	21	0	1558
12405	1481	19	6	32	0	1538
12406	52	1456	10	17	0	1535
12407	1451	37	8	25	0	1521
12408	54	19	15	1419	0	1507
12409	33	23	9	1446	0	1511
12410	1456	7	5	53	0	1521
12411	57	11	9	1344	0	1421
12412	41	1410	8	36	0	1495
12413	1411	33	13	30	0	1487
12414	1407	14	10	30	0	1461
12415	61	1411	12	21	0	1505
12416	1427	36	13	24	0	1500
12417	1440	21	15	24	0	1500
12418	63	21	11	1399	0	1494
12419	43	12	1396	44	0	1495
12420	39	1395	35	17	0	1486
12421	1428	41	17	22	0	1508
12422	1429	20	10	19	0	1478
12423	70	16	1358	16	0	1460
12424	1383	8	33	30	0	1454
12425	52	16	1337	15	0	1420
12426	1369	21	38	16	0	1444
12427	69	10	19	1341	0	1439
12428	40	17	1348	44	0	1449
12429	31	17	1360	20	0	1428
12430	41	14	53	1322	0	1430
12431	28	23	31	1338	0	1420
12432	34	11	1304	47	0	1396
12433	32	16	31	1321	0	1400
12434	26	17	1337	42	0	1422
12435	41	10	48	1302	0	1401
12436	27	18	22	1292	0	1359
12437	32	1273	17	57	0	1379
12438	36	1253	23	27	0	1339
12439	33	1338	11	34	0	1416
12440	30	43	23	1326	0	1422
12441	31	24	13	1365	0	1433
12442	21	18	1318	69	0	1426
12443	1280	26	37	37	0	1380
12444	1328	23	26	26	0	1403
12445	63	1328	21	15	0	1427
12446	1327	41	9	36	0	1413
12447	60	21	21	1315	0	1417
12448	1336	19	19	42	0	1416
12449	1371	13	15	31	0	1430
12450	73	19	15	1307	0	1414
12451	1325	21	18	44	0	1408
12452	58	1258	16	38	0	1370
12453	37	1298	20	34	0	1389
12454	48	40	17	1234	0	1339
12455	42	1310	10	39	0	1401
12456	37	42	18	1287	0	1384
12457	45	19	11	1315	0	1390
12458	1280	25	17	58	0	1380
12459	54	1264	20	30	0	1368
12460	1238	32	14	37	0	1321
12461	1220	34	12	33	0	1299
12462	47	1229	15	29	0	1320
12463	1212	36	12	30	0	1290
12464	51	25	1176	29	0	1281
12465	30	1092	32	20	0	1174
12466	1046	27	11	21	0	1105
12467	41	14	912	15	0	982
12468	20	841	21	15	0	897
12469	26	850	17	10	0	903
12470	754	25	18	7	0	804
12471	729	17	4	7	0	757
12472	735	3	3	6	0	747
12473	29	708	11	5	0	753
12474	14	28	3	712	0	757
12475	714	16	4	20	0	754
12476	730	8	4	8	0	750
12477	32	7	2	700	0	741
12478	17	6	722	20	0	765
12479	8	16	728	9	0	761
12480	12	4	19	729	0	764
12481	15	6	9	742	0	772
12482	15	4	749	23	0	791
12483	8	3	17	737	0	765
12484	7	745	21	18	0	791
12485	723	13	16	10	0	762
12486	19	9	5	731	0	764
12487	702	5	4	15	0	726
12488	14	715	11	10	0	750
12489	10	723	4	13	0	750
12490	708	21	3	10	0	742
12491	17	6	682	8	0	713
12492	577	15	10	10	0	612
12493	15	588	5	5	0	613
12494	2	4	3	565	0	574
12495	556	1	2	6	0	565
12496	3	3	2	551	0	559
12497	549	2	2	5	0	558
12498	543	2	1	8	0	554
12499	8	550	0	3	0	561
12500	553	1	0	4	0	558
12501	2	547	2	1	0	552
12502	549	3	1	1	0	554
12503	3	0	1	549	0	553
12504	560	0	1	3	0	564
12505	3	1	0	572	0	576
12506	585	2	0	5	0	592
12507	580	0	1	4	0	585
12508	596	1	1	3	0	601
12509	589	0	0	3	0	592
12510	596	1	0	3	0	600
12511	4	0	1	599	0	604
12512	572	1	0	2	0	575
12513	3	557	0	1	0	561
12514	2	2	570	0	0	574
12515	2	2	2	565	0	571
12516	1	0	595	4	0	600
12517	3	0	2	628	0	633
12518	4	1	629	3	0	637
12519	623	0	3	4	0	630
12520	4	0	2	645	0	651
12521	2	0	624	3	0	629
12522	0	1	623	1	0	625
12523	2	0	4	645	0	651
12524	688	0	2	4	0	694
12525	3	743	0	3	0	749
12526	763	3	0	4	0	770
12527	761	3	0	1	0	765
12528	6	783	0	2	0	791
12529	815	3	0	2	0	820
12530	5	3	0	812	0	820
12531	6	1	0	816	0	823
12532	3	0	0	822	0	825
12533	810	1	0	7	0	818
12534	3	815	0	4	0	822
12535	4	5	0	833	0	842
12536	4	3	0	827	0	834
12537	827	2	0	11	0	840
12538	7	2	0	824	0	833
12539	6	2	859	6	0	873
12540	3	924	7	5	0	939
12541	935	9	4	1	0	949
12542	12	4	1	893	0	910
12543	5	922	0	9	0	936
12544	919	10	0	9	0	938
12545	10	4	928	3	0	945
12546	7	940	9	2	0	958
12547	943	11	5	4	0	963
12548	13	5	2	935	0	955
12549	6	1	2	938	0	947
12550	3	1	939	13	0	956
12551	6	0	9	906	0	921
12552	0	1	1020	11	0	1032
12553	3	4	958	7	0	972
12554	5	2	1012	1	0	1020
12555	1030	1	14	10	0	1055
12556	1052	3	8	6	0	1069
12557	1081	0	3	4	0	1088
12558	14	0	2	1054	0	1070
12559	9	1068	2	10	0	1089
12560	3	1120	1	7	0	1131
12561	1137	13	0	6	0	1156
12562	1133	6	2	4	0	1145
12563	9	1135	4	2	0	1150
12564	1124	8	1	5	0	1138
12565	12	4	1116	0	0	1132
12566	5	3	1116	1	0	1125
12567	6	1	14	1048	0	1069
12568	6	0	7	1124	0	1137
12569	3	1	1131	16	0	1151
12570	5	1	10	1109	0	1125
12571	1132	0	5	17	0	1154
12572	10	2	1131	5	0	1148
12573	1111	3	11	3	0	1128
12574	17	0	6	1158	0	1181
12575	10	1	1195	11	0	1217
12576	5	1203	10	5	0	1223
12577	1220	10	5	4	0	1239
12578	11	5	1167	5	0	1188
12579	1144	4	13	4	0	1165
12580	13	3	4	1165	0	1185
12581	1172	1	2	15	0	1190
12582	16	0	1216	5	0	1237
12583	7	2	10	1226	0	1245
12584	1275	0	6	13	0	1294
12585	1313	0	6	5	0	1324
12586	1340	2	3	8	0	1353
12587	1358	0	1	6	0	1365
12588	19	1	4	1306	0	1330
12589	11	1	2	1305	0	1319
12590	6	2	1317	21	0	1346
12591	8	0	15	1308	0	1331
12592	7	2	8	1271	0	1288
12593	4	1363	3	22	0	1392
12594	1365	16	2	13	0	1396
12595	1396	7	4	5	0	1412
12596	23	1420	0	5	0	1448
12597	15	20	2	1437	0	1474
12598	11	8	2	1460	0	1481
12599	1423	2	0	31	0	1456
12600	23	3	1486	12	0	1524
12601	12	2	20	1514	0	1548
12602	4	1	1558	26	0	1589
12603	1498	1	25	13	0	1537
12604	1537	4	7	5	0	1553
12605	1550	1	1	11	0	1563
12606	32	3	1	1511	0	1547
12607	20	1	0	1524	0	1545
12608	1521	1	10	35	0	1567
12609	24	3	1513	15	0	1555
12610	7	3	26	1515	0	1551
12611	1516	1	8	29	0	1554
12612	28	1	7	1524	0	1560
12613	14	5	1594	23	0	1636
12614	9	2	1532	11	0	1554
12615	1513	2	27	10	0	1552
12616	23	1572	8	5	0	1608
12617	1585	18	7	10	0	1620
12618	1612	6	2	8	0	1628
12619	35	2	4	1605	0	1646
12620	13	1	4	1607	0	1625
12621	8	1601	6	28	0	1643
12622	1600	19	6	13	0	1638
12623	25	1602	1	6	0	1634
12624	10	1639	3	3	0	1655
12625	8	21	4	1571	0	1604
12626	1570	6	0	22	0	1598
12627	1593	2	1	13	0	1609
12628	30	2	1	1559	0	1592
12629	8	2	4	1536	0	1550
12630	10	0	0	1529	0	1539
12631	1506	5	1	27	0	1539
12632	20	4	1507	8	0	1539
12633	8	1505	21	8	0	1542
12634	1479	20	4	8	0	1511
12635	27	6	2	1464	0	1499
12636	10	0	1472	23	0	1505
12637	5	7	1461	9	0	1482
12638	3	1473	22	9	0	1507
12639	5	1477	5	8	0	1495
12640	10	16	10	1389	0	1425
12641	7	1277	5	16	0	1305
12642	10	15	0	1369	0	1394
12643	5	4	2	1420	0	1431
12644	1421	1	2	23	0	1447
12645	20	0	5	1405	0	1430
12646	10	2	3	1412	0	1427
12647	4	4	1399	20	0	1427
12648	3	2	17	1413	0	1435
12649	1407	2	5	25	0	1439
12650	1436	0	6	6	0	1448
12651	21	1484	4	7	0	1516
12652	1415	18	3	6	0	1442
12653	26	7	1403	8	0	1444
12654	9	1393	21	5	0	1428
12655	7	18	9	1415	0	1449
12656	5	4	5	1454	0	1468
12657	11	5	2	1443	0	1461
12658	1427	3	2	31	0	1463
12659	1375	5	4	16	0	1400
12660	26	3	1373	4	0	1406
12661	9	2	1352	7	0	1370
12662	7	7	1380	6	0	1400
12663	10	1365	24	5	0	1404
12664	4	1404	5	9	0	1422
12665	1392	21	1	12	0	1426
12666	1401	3	3	8	0	1415
12667	24	3	3	1394	0	1424
12668	11	1	4	1364	0	1380
12669	7	1380	6	23	0	1416
12670	5	22	5	1397	0	1429
12671	4	8	1386	21	0	1419
12672	7	1396	24	5	0	1432
12673	8	22	7	1395	0	1432
12674	3	9	1413	22	0	1447
12675	7	2	21	1348	0	1378
12676	5	1381	4	24	0	1414
12677	1420	28	2	13	0	1463
12678	1428	7	3	11	0	1449
12679	1488	5	5	6	0	1504
12680	31	8	1	1487	0	1527
12681	8	4	0	1559	0	1571
12682	1498	7	4	33	0	1542
12683	27	1512	2	16	0	1557
12684	1510	30	2	11	0	1553
12685	35	11	1587	3	0	1636
12686	1590	1	26	14	0	1631
12687	1652	2	14	8	0	1676
12688	52	2	4	1629	0	1687
12689	1653	3	1	43	0	1700
12690	1693	1	3	21	0	1718
12691	57	6	2	1679	0	1744
12692	23	2	1662	39	0	1726
12693	1543	0	38	21	0	1602
12694	38	2	1682	6	0	1728
12695	17	1709	31	0	0	1757
12696	21	28	17	1705	0	1771
12697	6	11	2	1801	0	1820
12698	1948	2	1	44	0	1995
12699	36	0	1984	13	0	2033
12700	16	4	33	1890	0	1943
12701	3	1944	13	42	0	2002
12702	4	1958	8	12	0	1982
12703	10	49	4	1967	0	2030
12704	3	13	1962	40	0	2018
12705	11	6	34	1966	0	2017
12706	7	2	13	1968	0	1990
12707	3	3	1929	47	0	1982
12708	2	1966	37	18	0	2023
12709	1929	40	11	9	0	1989
12710	37	1988	6	6	0	2037
12711	22	39	5	1971	0	2037
12712	1891	14	3	48	0	1956
12713	37	1884	3	15	0	1939
12714	10	44	1907	12	0	1973
12715	1823	13	36	11	0	1883
12716	40	1904	16	3	0	1963
12717	1907	40	8	11	0	1966
12718	41	18	1866	5	0	1930
12719	1836	7	39	12	0	1894
12720	49	5	14	1875	0	1943
12721	19	9	1868	43	0	1939
12722	12	7	36	1811	0	1866
12723	13	1811	16	43	0	1883
12724	12	42	7	1838	0	1899
12725	10	13	5	1852	0	1880
12726	7	10	1792	58	0	1867
12727	10	9	41	1819	0	1879
12728	10	11	1564	50	0	1635
12729	10	1827	33	20	0	1890
12730	10	43	18	1807	0	1878
12731	7	18	1829	46	0	1900
12732	9	1820	47	17	0	1893
12733	8	1908	16	10	0	1942
12734	10	55	1886	8	0	1959
12735	14	16	1911	5	0	1946
12736	30	10	55	1859	0	1954
12737	1852	8	19	52	0	1931
12738	50	1855	11	26	0	1942
12739	26	41	6	1849	0	1922
12740	1838	14	10	46	0	1908
12741	50	1865	5	23	0	1943
12742	1842	47	8	20	0	1917
12743	51	1891	9	9	0	1960
12744	1874	49	7	14	0	1944
12745	1865	16	10	13	0	1904
12746	1914	13	6	15	0	1948
12747	70	1962	7	15	0	2054
12748	36	50	6	1987	0	2079
12749	20	22	1946	55	0	2043
12750	17	1943	57	30	0	2047
12751	22	51	26	1879	0	1978
12752	17	29	13	1907	0	1966
12753	19	12	1849	71	0	1951
12754	16	1804	57	39	0	1916
12755	1799	55	23	25	0	1902
12756	60	1805	15	27	0	1907
12757	34	53	8	1807	0	1902
12758	16	21	1805	63	0	1905
12759	1739	20	53	30	0	1842
12760	60	14	22	1839	0	1935
12761	23	15	1799	62	0	1899
12762	1690	9	59	33	0	1791
12763	54	1754	29	22	0	1859
12764	1768	55	17	25	0	1865
12765	1790	30	9	24	0	1853
12766	76	12	13	1757	0	1858
12767	30	20	1743	56	0	1849
12768	21	1749	54	27	0	1851
12769	17	62	1756	22	0	1857
12770	17	31	56	1693	0	1797
12771	10	27	22	1765	0	1824
12772	1695	15	14	70	0	1794
12773	53	15	1697	30	0	1795
12774	22	1669	53	33	0	1777
12775	18	53	25	1669	0	1765
12776	21	25	12	1711	0	1769
12777	1626	22	14	65	0	1727
12778	54	1643	18	29	0	1744
12779	28	51	4	1586	0	1669
12780	1508	24	9	58	0	1599
12781	51	1527	9	25	0	1612
12782	1498	54	6	17	0	1575
12783	1484	23	9	19	0	1535
12784	56	1427	12	20	0	1515
12785	1252	42	3	14	0	1311
12786	47	1264	7	14	0	1332
12787	1235	36	11	7	0	1289
12788	1257	14	6	6	0	1283
12789	43	1219	1	6	0	1269
12790	1161	33	6	5	0	1205
12791	1193	8	2	11	0	1214
12792	1195	11	4	9	0	1219
12793	41	10	1160	7	0	1218
12794	19	5	1086	8	0	1118
12795	13	6	1056	5	0	1080
12796	1019	6	45	11	0	1081
12797	36	4	972	7	0	1019
12798	6	9	821	2	0	838
12799	18	17	27	705	0	767
12800	717	3	10	22	0	752
12801	23	2	740	8	0	773
12802	4	1	790	8	0	803
12803	13	8	22	758	0	801
12804	7	3	14	778	0	802
12805	8	4	12	790	0	814
12806	8	4	773	35	0	820
12807	15	3	26	763	0	807
12808	767	3	11	27	0	808
12809	25	775	10	11	0	821
12810	11	23	3	772	0	809
12811	14	6	2	782	0	804
12812	6	11	772	30	0	819
12813	11	772	27	6	0	816
12814	784	24	3	15	0	826
12815	28	781	5	7	0	821
12816	11	32	5	786	0	834
12817	10	7	791	27	0	835
12818	15	8	22	807	0	852
12819	9	4	17	833	0	863
12820	839	13	10	27	0	889
12821	39	3	5	826	0	873
12822	11	847	8	31	0	897
12823	10	937	7	16	0	970
12824	6	30	946	13	0	995
12825	922	10	29	23	0	984
12826	36	9	7	950	0	1002
12827	18	6	15	957	0	996
12828	12	5	12	965	0	994
12829	961	8	6	45	0	1020
12830	35	997	3	21	0	1056
12831	980	28	15	16	0	1039
12832	45	4	942	10	0	1001
12833	7	11	938	20	0	976
12834	937	5	31	18	0	991
12835	36	12	13	946	0	1007
12836	19	3	17	976	0	1015
12837	13	11	15	974	0	1013
12838	18	3	953	41	0	1015
12839	946	2	41	21	0	1010
12840	979	6	21	18	0	1024
12841	957	4	10	19	0	990
12842	40	6	4	943	0	993
12843	17	4	923	41	0	985
12844	15	8	897	20	0	940
12845	9	4	947	18	0	978
12846	19	892	36	15	0	962
12847	19	19	11	802	0	851
12848	797	4	13	21	0	835
12849	19	6	795	19	0	839
12850	801	3	29	14	0	847
12851	31	5	12	811	0	859
12852	12	4	15	812	0	843
12853	9	796	6	25	0	836
12854	6	795	4	22	0	827
12855	12	838	7	12	0	869
12856	10	28	14	825	0	877
12857	838	7	3	22	0	870
12858	832	10	5	22	0	869
12859	20	6	823	21	0	870
12860	797	9	19	10	0	835
12861	26	13	800	10	0	849
12862	15	11	22	816	0	864
12863	11	2	794	35	0	842
12864	795	3	26	10	0	834
12865	35	4	7	821	0	867
12866	4	5	851	21	0	881
12867	24	5	780	8	0	817
12868	794	2	30	13	0	839
12869	821	3	10	21	0	855
12870	23	841	23	8	0	895
12871	23	20	10	878	0	931
12872	12	5	878	32	0	927
12873	12	8	890	5	0	915
12874	12	4	32	897	0	945
12875	904	3	14	26	0	947
12876	33	887	12	8	0	940
12877	7	25	7	913	0	952
12878	916	3	3	39	0	961
12879	22	8	11	908	0	949
12880	5	911	17	21	0	954
12881	16	16	4	940	0	976
12882	944	4	4	26	0	978
12883	24	18	2	945	0	989
12884	951	4	7	38	0	1000
12885	32	988	7	8	0	1035
12886	987	19	9	20	0	1035
12887	25	12	981	8	0	1026
12888	941	7	18	14	0	980
12889	1021	6	4	12	0	1043
12890	22	1015	8	20	0	1065
12891	25	17	8	1003	0	1053
12892	14	10	1001	16	0	1041
12893	20	7	958	9	0	994
12894	929	6	19	11	0	965
12895	927	4	7	15	0	953
12896	21	938	9	8	0	976
12897	9	971	5	6	0	991
12898	954	12	5	11	0	982
12899	18	938	9	7	0	972
12900	3	953	12	6	0	974
12901	15	15	4	932	0	966
12902	13	6	1	902	0	922
12903	6	11	909	18	0	944
12904	7	6	11	907	0	931
12905	919	1	6	24	0	950
12906	15	7	901	6	0	929
12907	5	6	899	8	0	918
12908	13	3	11	891	0	918
12909	12	4	5	931	0	952
12910	8	4	8	926	0	946
12911	6	3	915	20	0	944
12912	9	3	14	886	0	912
12913	4	5	8	923	0	940
12914	885	2	8	23	0	918
12915	12	885	5	12	0	914
12916	885	11	1	9	0	906
12917	17	2	889	3	0	911
12918	795	5	10	4	0	814
12919	12	889	5	4	0	910
12920	829	4	4	0	0	837
12921	5	839	0	0	0	844
12922	774	7	5	2	0	788
12923	2	748	0	0	0	750
12924	1	754	0	0	0	755
12925	0	3	4	761	0	768
12926	756	1	2	4	0	763
12927	762	0	1	3	0	766
12928	764	0	0	3	0	767
12929	3	0	746	0	0	749
12930	1	0	708	0	0	709
12931	2	2	3	729	0	736
12932	1	735	1	1	0	738
12933	0	752	0	1	0	753
12934	2	2	0	745	0	749
12935	735	1	0	3	0	739
12936	725	0	0	4	0	729
12937	737	0	0	1	0	738
12938	1	1	731	0	0	733
12939	3	0	1	728	0	732
12940	2	0	736	1	0	739
12941	726	0	1	3	0	730
12942	737	0	1	2	0	740
12943	2	0	739	0	0	741
12944	2	0	1	719	0	722
12945	753	0	1	6	0	760
12946	3	0	0	758	0	761
12947	3	0	0	757	0	760
12948	6	0	0	789	0	795
12949	853	1	0	6	0	860
12950	8	0	0	900	0	908
12951	961	0	1	14	0	976
12952	15	1052	0	12	0	1079
12953	9	11	0	1095	0	1115
12954	5	8	1	1109	0	1123
12955	4	1	1	1092	0	1098
12956	1069	2	1	28	0	1100
12957	12	0	2	1078	0	1092
12958	11	0	0	1083	0	1094
12959	1078	1	1	25	0	1105
12960	1099	0	0	13	0	1112
12961	1096	2	0	8	0	1106
12962	24	0	1065	3	0	1092
12963	18	4	1019	1	0	1042
12964	1068	1	19	10	0	1098
12965	20	0	12	1061	0	1093
12966	14	9	5	1054	0	1082
12967	1082	1	3	36	0	1122
12968	1085	1	1	27	0	1114
12969	1076	1	1	22	0	1100
12970	30	1042	2	4	0	1078
12971	1048	11	2	12	0	1073
12972	1038	7	2	15	0	1062
12973	29	1009	2	7	0	1047
12974	26	1034	0	5	0	1065
12975	20	14	1	1055	0	1090
12976	1064	12	10	18	0	1104
12977	1056	5	12	14	0	1087
12978	1061	1	1	10	0	1073
12979	29	2	1	1046	0	1078
12980	1044	2	1	24	0	1071
12981	31	1	1027	15	0	1074
12982	1016	3	12	7	0	1038
12983	30	4	1032	4	0	1070
12984	14	13	987	7	0	1021
12985	19	2	20	965	0	1006
12986	983	1	11	18	0	1013
12987	18	9	6	976	0	1009
12988	14	12	974	25	0	1025
12989	10	2	979	27	0	1018
12990	21	1	20	970	0	1012
12991	983	1	15	18	0	1017
12992	30	1008	8	16	0	1062
12993	19	14	6	1043	0	1082
12994	21	8	4	1058	0	1091
12995	12	3	1084	26	0	1125
12996	16	2	1061	22	0	1101
12997	12	2	32	1076	0	1122
12998	1069	2	26	20	0	1117
12999	20	1	1068	25	0	1114
13000	29	2	13	1063	0	1107
13001	20	4	10	1063	0	1097
13002	13	3	14	1085	0	1115
13003	1055	4	14	35	0	1108
13004	19	5	988	28	0	1040
13005	24	1066	14	13	0	1117
13006	16	24	9	1070	0	1119
13007	11	11	1062	29	0	1113
13008	12	1033	16	29	0	1090
13009	13	1071	21	16	0	1121
13010	1064	21	15	14	0	1114
13011	20	1074	8	23	0	1125
13012	1105	20	7	12	0	1144
13013	26	11	1078	13	0	1128
13014	23	7	20	1095	0	1145
13015	1086	7	10	43	0	1146
13016	23	1090	8	37	0	1158
13017	35	14	1064	18	0	1131
13018	19	12	23	998	0	1052
13019	19	1076	20	17	0	1132
13020	16	15	16	1074	0	1121
13021	1074	12	17	29	0	1132
13022	27	1099	9	20	0	1155
13023	1093	26	9	18	0	1146
13024	1105	12	6	14	0	1137
13025	33	18	1076	16	0	1143
13026	36	1113	21	16	0	1186
13027	21	21	27	1185	0	1254
13028	25	15	1267	31	0	1338
13029	25	8	1423	21	0	1477
13030	20	17	43	1486	0	1566
13031	1534	6	31	40	0	1611
13032	1565	5	15	31	0	1616
13033	67	14	8	1538	0	1627
13034	29	9	1544	49	0	1631
13035	29	1544	35	29	0	1637
13036	1600	42	18	23	0	1683
13037	1645	16	10	19	0	1690
13038	62	1616	12	19	0	1709
13039	1654	38	16	13	0	1721
13040	49	31	1596	6	0	1682
13041	1606	11	40	18	0	1675
13042	1582	13	33	10	0	1638
13043	57	7	1645	11	0	1720
13044	34	5	42	1594	0	1675
13045	27	5	1618	40	0	1690
13046	29	1554	38	22	0	1643
13047	13	1612	24	22	0	1671
13048	13	44	15	1520	0	1592
13049	7	21	1552	27	0	1607
13050	11	1446	27	16	0	1500
13051	15	1452	11	9	0	1487
13052	1289	35	14	11	0	1349
13053	1315	9	7	1	0	1332
13054	31	3	4	1297	0	1335
13055	14	4	2	1285	0	1305
13056	4	1319	2	28	0	1353
13057	1302	20	2	16	0	1340
13058	1320	7	3	9	0	1339
13059	29	1311	8	3	0	1351
13060	13	26	0	1332	0	1371
13061	9	7	1329	21	0	1366
13062	14	1	20	1308	0	1343
13063	1352	8	8	28	0	1396
13064	24	1	1	1379	0	1405
13065	17	4	8	1401	0	1430
13066	1403	3	3	36	0	1445
13067	31	1	3	1354	0	1389
13068	13	1378	6	23	0	1420
13069	9	25	0	1412	0	1446
13070	17	9	8	1444	0	1478
13071	8	3	5	1419	0	1435
13072	8	1417	3	29	0	1457
13073	12	22	4	1420	0	1458
13074	6	11	1397	30	0	1444
13075	9	6	26	1368	0	1409
13076	8	8	1363	27	0	1406
13077	6	1352	26	13	0	1397
13078	12	23	12	1394	0	1441
13079	9	10	5	1398	0	1422
13080	6	7	9	1407	0	1429
13081	15	10	4	1400	0	1429
13082	13	2	1371	40	0	1426
13083	14	1361	27	17	0	1419
13084	12	32	10	1396	0	1450
13085	8	14	1399	33	0	1454
13086	12	7	34	1395	0	1448
13087	1423	9	14	37	0	1483
13088	39	9	1359	21	0	1428
13089	1350	8	34	16	0	1408
13090	39	4	18	1389	0	1450
13091	31	6	1388	36	0	1461
13092	11	1361	37	21	0	1430
13093	20	37	15	1353	0	1425
13094	10	15	1395	42	0	1462
13095	11	1367	39	19	0	1436
13096	14	36	15	1374	0	1439
13097	1370	21	8	44	0	1443
13098	1405	11	8	21	0	1445
13099	1430	12	9	15	0	1466
13100	52	6	1394	16	0	1468
13101	20	1420	36	10	0	1486
13102	18	39	16	1413	0	1486
13103	16	19	8	1507	0	1550
13104	1492	6	11	61	0	1570
13105	42	1501	6	28	0	1577
13106	1504	45	8	23	0	1580
13107	1505	19	8	19	0	1551
13108	1566	11	6	15	0	1598
13109	50	11	1492	17	0	1570
13110	1523	13	47	13	0	1596
13111	46	8	14	1535	0	1603
13112	30	7	7	1542	0	1586
13113	1500	9	9	58	0	1576
13114	53	8	2	1487	0	1550
13115	20	1456	7	76	0	1559
13116	17	39	10	1494	0	1560
13117	1475	20	3	50	0	1548
13118	42	10	1444	30	0	1526
13119	17	1440	46	20	0	1523
13120	12	43	13	1448	0	1516
13121	1449	11	7	60	0	1527
13122	45	8	1436	24	0	1513
13123	22	25	44	1422	0	1513
13124	14	9	1424	54	0	1501
13125	23	1	1356	28	0	1408
13126	9	4	1351	15	0	1379
13127	11	6	1331	19	0	1367
13128	7	3	1265	11	0	1286
13129	998	14	43	15	0	1070
13130	25	1043	7	8	0	1083
13131	1002	19	4	7	0	1032
13132	981	6	3	8	0	998
13133	25	969	3	2	0	999
13134	8	1004	5	5	0	1022
13135	1009	20	5	1	0	1035
13136	996	7	3	8	0	1014
13137	27	3	3	974	0	1007
13138	10	1011	1	15	0	1037
13139	1018	18	2	12	0	1050
13140	20	1021	3	3	0	1047
13141	8	22	1	1024	0	1055
13142	1026	5	3	24	0	1058
13143	1032	2	3	8	0	1045
13144	26	0	5	1007	0	1038
13145	10	3	2	1006	0	1021
13146	7	4	1001	23	0	1035
13147	12	2	15	995	0	1024
13148	5	4	1000	22	0	1031
13149	5	4	19	957	0	985
13150	7	2	6	976	0	991
13151	970	4	2	25	0	1001
13152	964	2	4	12	0	982
13153	27	6	945	4	0	982
13154	946	0	19	7	0	972
13155	26	2	6	955	0	989
13156	7	4	959	19	0	989
13157	11	2	18	931	0	962
13158	8	2	6	1040	0	1056
13159	5	3	1032	25	0	1065
13160	6	2	20	1057	0	1085
13161	7	3	1113	25	0	1148
13162	9	1	25	1152	0	1187
13163	1221	2	7	32	0	1262
13164	26	1246	9	14	0	1295
13165	1295	26	4	7	0	1332
13166	35	1351	7	6	0	1399
13167	1328	34	3	13	0	1378
13168	35	1334	5	7	0	1381
13169	1322	30	4	4	0	1360
13170	35	1329	4	5	0	1373
13171	29	34	1	1302	0	1366
13172	14	24	1299	25	0	1362
13173	12	8	1282	22	0	1324
13174	9	10	45	1289	0	1353
13175	1301	6	26	38	0	1371
13176	34	1314	9	24	0	1381
13177	29	30	4	1337	0	1400
13178	8	26	1323	34	0	1391
13179	7	8	1337	28	0	1380
13180	10	10	51	1253	0	1324
13181	5	1332	32	33	0	1402
13182	1316	34	13	30	0	1393
13183	32	19	1391	12	0	1454
13184	22	11	1370	7	0	1410
13185	10	1394	55	4	0	1463
13186	1381	26	28	11	0	1446
13187	1392	21	16	2	0	1431
13188	48	10	4	1384	0	1446
13189	1412	4	7	30	0	1453
13190	1392	3	9	23	0	1427
13191	44	1401	7	11	0	1463
13192	1414	27	4	14	0	1459
13193	36	22	1464	1	0	1523
13194	31	11	23	1424	0	1489
13195	21	3	20	1425	0	1469
13196	1416	4	12	47	0	1479
13197	32	1418	3	26	0	1479
13198	1408	28	4	11	0	1451
13199	35	1459	5	4	0	1503
13200	22	1458	3	8	0	1491
13201	19	38	1424	6	0	1487
13202	8	33	1379	6	0	1426
13203	1303	10	44	6	0	1363
13204	1338	8	17	7	0	1370
13205	36	10	1315	4	0	1365
13206	26	1280	24	2	0	1332
13207	8	1312	24	6	0	1350
13208	1317	31	8	5	0	1361
13209	1313	30	7	1	0	1351
13210	40	7	7	1304	0	1358
13211	1338	7	6	21	0	1372
13212	27	9	7	1324	0	1367
13213	22	7	1323	24	0	1376
13214	12	9	1268	19	0	1308
13215	1292	6	28	11	0	1337
13216	27	3	23	1265	0	1318
13217	25	1377	13	18	0	1433
13218	1388	17	5	25	0	1435
13219	1389	20	7	14	0	1430
13220	40	7	1385	4	0	1436
13221	1373	4	17	15	0	1409
13222	1428	7	19	6	0	1460
13223	47	3	9	1420	0	1479
13224	28	1406	4	26	0	1464
13225	17	1437	8	19	0	1481
13226	15	40	5	1490	0	1550
13227	21	26	1	1440	0	1488
13228	14	12	7	1470	0	1503
13229	14	9	1458	51	0	1532
13230	12	15	1374	29	0	1430
13231	15	4	43	1396	0	1458
13232	8	6	1431	29	0	1474
13233	7	7	1387	27	0	1428
13234	10	5	46	1361	0	1422
13235	10	5	1462	34	0	1511
13236	6	1420	35	28	0	1489
13237	1441	29	28	26	0	1524
13238	31	21	20	1417	0	1489
13239	26	1449	10	30	0	1515
13240	7	30	1486	29	0	1552
13241	11	30	39	1455	0	1535
13242	11	13	1560	30	0	1614
13243	9	2	44	1560	0	1615
13244	12	8	29	1626	0	1675
13245	11	12	1668	54	0	1745
13246	17	4	38	1606	0	1665
13247	7	1618	39	41	0	1705
13248	15	42	13	1680	0	1750
13249	15	27	1668	50	0	1760
13250	12	7	37	1662	0	1718
13251	1663	7	25	54	0	1749
13252	43	1683	13	32	0	1771
13253	30	36	11	1678	0	1755
13254	16	27	1719	41	0	1803
13255	7	1692	39	40	0	1778
13256	10	1748	31	16	0	1805
13257	6	53	1712	9	0	1780
13258	11	36	34	1594	0	1675
13259	17	16	30	1589	0	1652
13260	10	7	1613	52	0	1682
13261	4	1487	34	36	0	1561
13262	7	1508	25	10	0	1550
13263	1383	38	10	7	0	1438
13264	24	1391	1	6	0	1422
13265	1348	22	9	2	0	1381
13266	25	10	2	1293	0	1330
13267	1348	5	1	31	0	1385
13268	33	2	1342	8	0	1385
13269	1344	2	25	13	0	1384
13270	36	4	9	1379	0	1428
13271	13	1435	4	27	0	1479
13272	1449	29	3	12	0	1493
13273	32	22	3	1436	0	1493
13274	15	1451	4	24	0	1494
13275	5	1568	3	13	0	1589
13276	1571	32	8	12	0	1623
13277	1602	12	3	7	0	1624
13278	1615	4	9	8	0	1636
13279	38	3	2	1565	0	1608
13280	12	1539	4	30	0	1585
13281	4	1592	1	12	0	1609
13282	3	37	0	1588	0	1628
13283	1538	11	4	36	0	1589
13284	1483	6	3	21	0	1513
13285	1516	2	1	7	0	1526
13286	43	4	1495	4	0	1546
13287	11	5	1524	4	0	1544
13288	1596	0	34	2	0	1632
13289	31	2	11	1589	0	1633
13290	18	2	3	1614	0	1637
13291	5	3	5	1589	0	1602
13292	6	2	1	1595	0	1604
13293	2	1	1501	45	0	1549
13294	7	3	30	1478	0	1518
13295	1	3	1496	35	0	1535
13296	1406	3	29	20	0	1458
13297	28	1477	13	7	0	1525
13298	10	31	6	1533	0	1580
13299	8	10	4	1502	0	1524
13300	1473	8	4	46	0	1531
13301	1481	4	1	18	0	1504
13302	1485	2	8	12	0	1507
13303	1491	6	1	16	0	1514
13304	44	4	1465	7	0	1520
13305	13	4	1445	13	0	1475
13306	6	6	39	1440	0	1491
13307	1452	4	16	41	0	1513
13308	1455	4	7	24	0	1490
13309	39	8	1436	7	0	1490
13310	15	2	30	1423	0	1470
13311	1433	3	15	38	0	1489
13312	32	4	5	1457	0	1498
13313	16	3	1488	39	0	1546
13314	7	8	34	1460	0	1509
13315	1487	7	13	54	0	1561
13316	28	1611	9	18	0	1666
13317	1606	36	6	16	0	1664
13318	1638	14	4	18	0	1674
13319	1652	9	6	13	0	1680
13320	48	9	5	1625	0	1687
13321	1618	7	4	34	0	1663
13322	34	1688	4	15	0	1741
13323	18	1757	1	9	0	1785
13324	15	51	5	1710	0	1781
13325	1740	22	5	43	0	1810
13326	37	1800	3	30	0	1870
13327	2162	35	7	15	0	2219
13328	2302	31	4	12	0	2349
13329	86	2354	3	7	0	2450
13330	42	61	7	2352	0	2462
13331	29	34	3	2417	0	2483
13332	20	18	2391	89	0	2518
13333	27	15	53	2366	0	2461
13334	25	9	2394	93	0	2521
13335	16	2314	68	48	0	2446
13336	11	72	34	2362	0	2479
13337	2296	30	15	98	0	2439
13338	2362	16	20	49	0	2447
13339	98	14	15	2342	0	2469
13340	54	9	2294	78	0	2435
13341	2189	15	68	50	0	2322
13342	76	2227	35	28	0	2366
13343	41	2194	15	27	0	2277
13344	36	2254	10	19	0	2319
13345	34	77	10	2156	0	2277
13346	11	40	2212	73	0	2336
13347	22	27	68	2204	0	2321
13348	20	26	2223	71	0	2340
13349	8	32	2207	39	0	2286
13350	14	21	2269	23	0	2327
13351	23	18	85	2148	0	2274
13352	19	9	52	2271	0	2351
13353	13	10	39	2305	0	2367
13354	17	9	29	2237	0	2292
13355	2218	8	32	103	0	2361
13356	55	2209	25	54	0	2343
13357	2219	62	20	48	0	2349
13358	62	2241	8	47	0	2358
13359	38	61	14	2246	0	2359
13360	25	33	12	2345	0	2415
13361	2284	16	12	104	0	2416
13362	2327	21	15	50	0	2413
13363	2367	16	13	34	0	2430
13364	2380	13	11	29	0	2433
13365	2366	17	5	32	0	2420
13366	100	2257	5	41	0	2403
13367	2264	53	7	35	0	2359
13368	93	2245	5	16	0	2359
13369	2240	54	4	20	0	2318
13370	88	37	2172	9	0	2306
13371	58	24	48	2113	0	2243
13372	33	2233	28	46	0	2340
13373	36	60	16	2232	0	2344
13374	28	36	2179	65	0	2308
13375	35	28	51	2081	0	2195
13376	2057	14	33	70	0	2174
13377	60	2053	27	47	0	2187
13378	39	2108	11	34	0	2192
13379	29	79	2125	31	0	2264
13380	26	46	56	2077	0	2205
13381	15	2169	36	63	0	2283
13382	26	61	27	2214	0	2328
13383	21	43	2211	63	0	2338
13384	16	2172	60	40	0	2288
13385	11	75	2174	27	0	2287
13386	13	34	2126	32	0	2205
13387	24	27	70	2108	0	2229
13388	2141	26	48	67	0	2282
13389	57	12	32	2161	0	2262
13390	40	25	2174	58	0	2297
13391	26	33	58	2184	0	2301
13392	15	22	2315	66	0	2418
13393	10	18	2284	51	0	2363
13394	2283	16	78	44	0	2421
13395	2401	19	45	50	0	2515
13396	2416	10	46	46	0	2518
13397	89	6	2370	25	0	2490
13398	46	12	2381	28	0	2467
13399	33	10	109	2295	0	2447
13400	30	6	65	2373	0	2474
13401	2376	5	33	97	0	2511
13402	78	6	20	2394	0	2498
13403	49	7	2377	87	0	2520
13404	22	11	2317	49	0	2399
13405	24	2385	85	45	0	2539
13406	24	56	55	2440	0	2575
13407	29	27	2460	77	0	2593
13408	33	21	72	2405	0	2531
13409	2421	13	46	88	0	2568
13410	63	10	2474	48	0	2595
13411	52	14	80	2422	0	2568
13412	32	13	42	2484	0	2571
13413	32	11	2389	98	0	2530
13414	37	8	70	2351	0	2466
13415	32	8	2352	86	0	2478
13416	2172	14	75	54	0	2315
13417	74	6	57	2215	0	2352
13418	33	2198	33	81	0	2345
13419	2203	56	27	56	0	2342
13420	2209	32	31	42	0	2314
13421	81	2176	23	37	0	2317
13422	58	178	24	1872	0	2132
13423	39	1975	11	55	0	2080
13424	19	2021	20	39	0	2099
13425	33	65	1881	25	0	2004
13426	35	1862	36	19	0	1952
13427	10	36	1488	6	0	1540
13428	1220	13	16	15	0	1264
13429	1231	2	5	6	0	1244
13430	13	1283	3	0	0	1299
13431	6	1275	1	3	0	1285
13432	2	1284	0	1	0	1287
13433	1290	13	1	8	0	1312
13434	13	5	0	1322	0	1340
13435	4	1	1383	8	0	1396
13436	2	1373	11	3	0	1389
13437	3	11	4	1402	0	1420
13438	9	4	1	1389	0	1403
13439	2	1603	1	14	0	1620
13440	1730	16	1	13	0	1760
13441	19	6	1771	1	0	1797
13442	16	7	19	2278	0	2320
13443	4	2569	6	41	0	2620
13444	2554	48	3	14	0	2619
13445	53	7	2525	11	0	2596
13446	7	2481	54	2	0	2544
13447	15	51	8	2483	0	2557
13448	6	10	2478	52	0	2546
13449	2415	13	52	15	0	2495
13450	65	3	9	2408	0	2485
13451	9	5	2430	52	0	2496
13452	10	2413	53	13	0	2489
13453	2344	53	11	19	0	2427
13454	55	2411	13	4	0	2483
13455	2393	62	4	8	0	2467
13456	2435	11	6	9	0	2461
13457	72	13	4	2351	0	2440
13458	18	2301	6	59	0	2384
13459	16	50	2324	12	0	2402
13460	12	12	52	2311	0	2387
13461	31	16	23	2036	0	2106
13462	8	6	12	2349	0	2375
13463	19	3	7	2341	0	2370
13464	7	7	5	2370	0	2389
13465	2300	2	6	83	0	2391
13466	2263	2	6	29	0	2300
13467	2235	3	7	36	0	2281
13468	70	2238	1	18	0	2327
13469	24	48	2286	7	0	2365
13470	20	8	2274	12	0	2314
13471	7	13	2324	12	0	2356
13472	25	7	72	2198	0	2302
13473	15	9	21	2259	0	2304
13474	14	6	16	2295	0	2331
13475	10	6	2235	73	0	2324
13476	6	2183	59	23	0	2271
13477	11	54	2210	13	0	2288
13478	7	19	2250	12	0	2288
13479	18	12	66	2187	0	2283
13480	7	15	2247	59	0	2328
13481	23	13	73	2171	0	2280
13482	2173	8	15	83	0	2279
13483	2186	12	23	20	0	2241
13484	72	11	2136	25	0	2244
13485	31	2	70	2134	0	2237
13486	17	18	2150	63	0	2248
13487	18	2157	70	26	0	2271
13488	2148	58	24	28	0	2258
13489	71	25	2155	14	0	2265
13490	25	2065	60	18	0	2168
13491	22	2081	24	15	0	2142
13492	18	2048	22	12	0	2100
13493	26	77	1958	13	0	2074
13494	22	36	69	1819	0	1946
13495	13	1908	26	61	0	2008
13496	15	65	27	1897	0	2004
13497	20	23	18	1969	0	2030
13498	1863	24	22	77	0	1986
13499	63	1879	19	42	0	2003
13500	1855	60	13	44	0	1972
13501	68	1822	14	30	0	1934
13502	25	1917	17	22	0	1981
13503	35	67	1846	18	0	1966
13504	30	29	61	1832	0	1952
13505	25	30	1807	64	0	1926
13506	22	1784	73	30	0	1909
13507	21	65	1784	32	0	1902
13508	24	19	1827	22	0	1892
13509	15	1799	80	26	0	1920
13510	1753	59	30	33	0	1875
13511	55	1796	28	34	0	1913
13512	1794	70	23	26	0	1913
13513	69	20	1797	28	0	1914
13514	20	22	1830	33	0	1905
13515	21	1788	79	27	0	1915
13516	1772	65	29	24	0	1890
13517	72	1773	29	22	0	1896
13518	37	64	27	1788	0	1916
13519	1809	20	23	69	0	1921
13520	74	24	1786	21	0	1905
13521	24	22	78	1793	0	1917
13522	1773	21	30	77	0	1901
13523	63	1796	33	32	0	1924
13524	21	66	29	1802	0	1918
13525	20	21	1793	81	0	1915
13526	1783	21	70	31	0	1905
13527	65	24	26	1800	0	1915
13528	17	16	1805	75	0	1913
13529	29	16	73	1727	0	1845
13530	15	1760	35	84	0	1894
13531	14	66	1771	31	0	1882
13532	21	17	70	1777	0	1885
13533	1718	21	29	65	0	1833
13534	68	17	27	1678	0	1790
13535	1591	14	21	74	0	1700
13536	69	1598	24	21	0	1712
13537	1568	60	20	25	0	1673
13538	69	25	1537	12	0	1643
13539	13	22	1357	14	0	1406
13540	17	22	1186	8	0	1233
13541	14	1114	61	12	0	1201
13542	52	13	64	274	0	403
13543	1	2	3	275	0	281
13544	0	0	1	273	0	274
13545	2	1	0	280	0	283
13546	0	0	274	8	0	282
13547	237	0	7	3	0	247
13548	6	275	2	0	0	283
13549	280	5	0	0	0	285
13550	6	2	0	280	0	288
13551	3	303	0	5	0	311
13552	0	5	1	310	0	316
13553	306	1	1	6	0	314
13554	5	364	0	2	0	371
13555	359	6	0	2	0	367
13556	366	2	1	2	0	371
13557	7	0	0	362	0	369
13558	3	0	358	5	0	366
13559	353	0	6	4	0	363
13560	7	0	1	375	0	383
13561	381	3	0	5	0	389
13562	394	2	0	4	0	400
13563	392	0	3	2	0	397
13564	8	0	391	0	0	399
13565	3	1	7	383	0	394
13566	378	1	1	8	0	388
13567	6	1	396	2	0	405
13568	1	410	5	4	0	420
13569	5	7	3	376	0	391
13570	0	1	422	7	0	430
13571	1	1	411	3	0	416
13572	5	0	9	411	0	425
13573	2	1	5	429	0	437
13574	4	1	0	431	0	436
13575	1	2	1	425	0	429
13576	3	1	424	5	0	433
13577	0	445	8	3	0	456
13578	2	4	5	455	0	466
13579	444	2	8	7	0	461
13580	449	3	0	3	0	455
13581	454	0	1	2	0	457
13582	6	0	0	452	0	458
13583	4	0	1	449	0	454
13584	1	425	1	8	0	435
13585	2	464	2	2	0	470
13586	1	6	0	463	0	470
13587	480	1	0	5	0	486
13588	473	0	1	2	0	476
13589	467	1	2	2	0	472
13590	482	1	1	4	0	488
13591	482	1	0	1	0	484
13592	5	487	2	0	0	494
13593	1	7	0	498	0	506
13594	512	0	0	7	0	519
13595	515	0	1	2	0	518
13596	5	0	3	507	0	515
13597	2	0	1	509	0	512
13598	1	2	521	7	0	531
13599	3	0	5	496	0	504
13600	1	0	0	510	0	511
13601	1	1	542	5	0	549
13602	3	1	3	535	0	542
13603	1	605	1	7	0	614
13604	2	5	593	1	0	601
13605	3	603	6	0	0	612
13606	4	6	1	608	0	619
13607	0	1	0	628	0	629
13608	0	619	3	3	0	625
13609	1	620	2	1	0	624
13610	640	6	1	7	0	654
13611	636	1	0	3	0	640
13612	9	0	636	2	0	647
13613	630	0	6	4	0	640
13614	662	1	1	1	0	665
13615	664	1	1	2	0	668
13616	660	1	0	2	0	663
13617	7	2	639	1	0	649
13618	2	1	584	1	0	588
13619	641	0	5	0	0	646
13620	7	653	0	5	0	665
13621	0	2	671	2	0	675
13622	671	0	2	4	0	677
13623	669	0	1	2	0	672
13624	3	0	647	1	0	651
13625	667	0	2	2	0	671
13626	4	1	1	755	0	761
13627	1	0	773	3	0	777
13628	727	1	4	4	0	736
13629	3	777	1	0	0	781
13630	803	3	1	2	0	809
13631	905	1	0	3	0	909
13632	3	0	0	911	0	914
13633	1	0	0	906	0	907
13634	1	0	0	929	0	930
13635	927	0	0	6	0	933
13636	962	0	0	1	0	963
13637	5	0	0	968	0	973
13638	3	0	0	942	0	945
13639	1	2	925	5	0	933
13640	890	1	5	0	0	896
13641	5	0	0	938	0	943
13642	3	0	1	940	0	944
13643	1	912	0	5	0	918
13644	3	4	0	931	0	938
13645	1	1	0	930	0	932
13646	929	0	0	8	0	937
13647	5	931	1	1	0	938
13648	2	5	0	933	0	940
13649	2	1	0	932	0	935
13650	0	1	0	932	0	933
13651	0	1	922	6	0	929
13652	2	0	5	897	0	904
13653	907	0	1	10	0	918
13654	6	0	878	1	0	885
13655	3	0	5	875	0	883
13656	2	0	1	908	0	911
13657	909	0	1	13	0	923
13658	881	0	0	4	0	885
13659	8	0	894	1	0	903
13660	815	0	6	3	0	824
13661	6	1	887	0	0	894
13662	896	0	6	3	0	905
13663	11	1002	1	1	0	1015
13664	1023	9	1	2	0	1035
13665	13	1029	0	0	0	1042
13666	1067	14	0	4	0	1085
13667	17	1080	0	0	0	1097
13668	4	17	0	1113	0	1134
13669	7	3	1	1102	0	1113
13670	5	4	0	1108	0	1117
13671	2	1070	1	16	0	1089
13672	3	12	1	1081	0	1097
13673	0	1085	0	16	0	1101
13674	3	14	0	1099	0	1116
13675	1100	3	0	20	0	1123
13676	1091	5	0	6	0	1102
13677	14	1068	1	5	0	1088
13678	8	16	0	1071	0	1095
13679	1072	3	1	20	0	1096
13680	18	1060	0	11	0	1089
13681	5	1086	1	3	0	1095
13682	1088	20	0	3	0	1111
13683	1089	7	0	4	0	1100
13684	22	1086	1	1	0	1110
13685	1070	17	0	6	0	1093
13686	20	6	0	1077	0	1103
13687	5	6	1129	17	0	1157
13688	1117	0	19	7	0	1143
13689	1125	5	4	10	0	1144
13690	25	2	1118	2	0	1147
13691	1109	2	20	5	0	1136
13692	1140	1	7	4	0	1152
13693	1152	1	3	5	0	1161
13694	28	1147	0	3	0	1178
13695	1156	19	3	5	0	1183
13696	1167	5	0	6	0	1178
13697	27	5	0	1151	0	1183
13698	12	3	0	1162	0	1177
13699	8	6	0	1174	0	1188
13700	1172	2	0	30	0	1204
13701	28	0	0	1144	0	1172
13702	1148	1	0	31	0	1180
13703	1129	2	1	9	0	1141
13704	28	0	0	1114	0	1142
13705	12	1	1	1151	0	1165
13706	5	1	2	1158	0	1166
13707	1136	4	0	30	0	1170
13708	27	1141	1	7	0	1176
13709	7	21	1	1166	0	1195
13710	13	6	0	1195	0	1214
13711	1173	6	0	33	0	1212
13712	1203	1	0	13	0	1217
13713	31	5	1175	5	0	1216
13714	12	1	1190	6	0	1209
13715	1255	4	30	5	0	1294
13716	35	0	9	1273	0	1317
13717	15	1	3	1581	0	1600
13718	10	2	1567	52	0	1631
13719	11	1	41	1498	0	1551
13720	9	1578	7	49	0	1643
13721	4	1658	8	16	0	1686
13722	1609	49	0	19	0	1677
13723	45	11	1616	6	0	1678
13724	8	1655	38	11	0	1712
13725	18	47	8	1656	0	1729
13726	10	14	1635	49	0	1708
13727	14	8	44	1592	0	1658
13728	5	5	11	1647	0	1668
13729	12	6	1629	52	0	1699
13730	6	1620	46	21	0	1693
13731	7	46	17	1561	0	1631
13732	1560	9	6	48	0	1623
13733	1572	8	2	21	0	1603
13734	1581	2	9	15	0	1607
13735	58	1551	0	9	0	1618
13736	1526	47	4	10	0	1587
13737	54	10	4	1521	0	1589
13738	19	11	1497	46	0	1573
13739	1468	4	41	18	0	1531
13740	46	1522	8	10	0	1586
13741	19	39	9	1513	0	1580
13742	11	13	1	1558	0	1583
13743	2	1507	10	58	0	1577
13744	14	40	6	1543	0	1603
13745	9	13	1	1595	0	1618
13746	15	9	4	1604	0	1632
13747	1554	7	5	62	0	1628
13748	1572	7	3	25	0	1607
13749	53	5	1565	20	0	1643
13750	21	7	45	1570	0	1643
13751	17	7	11	1632	0	1667
13752	17	7	11	1643	0	1678
13753	1596	8	3	71	0	1678
13754	48	5	1554	26	0	1633
13755	1541	6	43	19	0	1609
13756	1591	8	12	15	0	1626
13757	56	2	13	1568	0	1639
13758	1583	5	8	51	0	1647
13759	57	6	1519	16	0	1598
13760	1511	3	39	24	0	1577
13761	55	1705	12	13	0	1785
13762	17	40	1672	14	0	1743
13763	14	11	1666	11	0	1702
13764	10	12	51	1650	0	1723
13765	16	7	1663	46	0	1732
13766	1608	8	42	18	0	1676
13767	49	1614	17	11	0	1691
13768	1619	45	10	11	0	1685
13769	49	15	3	1626	0	1693
13770	15	7	1632	52	0	1706
13771	17	3	1635	22	0	1677
13772	7	16	48	1630	0	1701
13773	1668	6	17	51	0	1742
13774	45	1643	9	22	0	1719
13775	10	1747	8	21	0	1786
13776	1707	48	6	21	0	1782
13777	43	1722	12	17	0	1794
13778	1740	43	8	16	0	1807
13779	62	17	11	1712	0	1802
13780	1716	7	13	51	0	1787
13781	63	9	4	1723	0	1799
13782	1722	11	7	56	0	1796
13783	57	4	9	1697	0	1767
13784	18	1695	11	57	0	1781
13785	1697	42	12	21	0	1772
13786	50	1722	9	18	0	1799
13787	25	41	1626	15	0	1707
13788	21	16	46	1549	0	1632
13789	11	1676	16	35	0	1738
13790	1641	40	7	28	0	1716
13791	1643	17	10	15	0	1685
13792	52	1641	11	7	0	1711
13793	26	42	1641	14	0	1723
13794	19	20	38	1609	0	1686
13795	13	1623	18	45	0	1699
13796	20	37	12	1668	0	1737
13797	15	16	10	1702	0	1743
13798	1659	11	10	56	0	1736
13799	50	1640	6	24	0	1720
13800	22	47	6	1647	0	1722
13801	1655	16	8	51	0	1730
13802	1641	13	10	31	0	1695
13803	1659	11	13	17	0	1700
13804	54	15	7	1639	0	1715
13805	1612	9	5	48	0	1674
13806	53	1605	5	16	0	1679
13807	1590	44	7	14	0	1655
13808	45	1601	7	16	0	1669
13809	1603	39	4	17	0	1663
13810	1594	14	2	18	0	1628
13811	51	19	6	1549	0	1625
13812	31	8	1556	41	0	1636
13813	20	9	1493	19	0	1541
13814	14	1535	32	16	0	1597
13815	1477	34	10	12	0	1533
13816	36	14	1455	15	0	1520
13817	1081	3	9	3	0	1096
13818	18	1112	6	2	0	1138
13819	11	1161	1	6	0	1179
13820	12	16	5	1148	0	1181
13821	7	1198	5	9	0	1219
13822	9	18	1236	7	0	1270
13823	13	12	11	1193	0	1229
13824	10	1246	6	16	0	1278
13825	12	15	2	1246	0	1275
13826	1221	13	5	17	0	1256
13827	15	7	10	1247	0	1279
13828	7	8	1254	16	0	1285
13829	9	1252	14	14	0	1289
13830	8	26	12	1241	0	1287
13831	17	7	9	1261	0	1294
13832	12	7	2	1283	0	1304
13833	1255	13	5	24	0	1297
13834	1241	8	1	19	0	1269
13835	25	6	1249	10	0	1290
13836	15	7	1234	6	0	1262
13837	6	1234	24	10	0	1274
13838	1272	17	8	16	0	1313
13839	20	15	3	1268	0	1306
13840	12	6	5	1277	0	1300
13841	10	5	4	1286	0	1305
13842	17	5	5	1284	0	1311
13843	11	7	1240	25	0	1283
13844	1207	6	16	25	0	1254
13845	24	4	8	1443	0	1479
13846	15	4	1427	34	0	1480
13847	1443	5	23	30	0	1501
13848	1560	3	21	16	0	1600
13849	59	6	1726	4	0	1795
13850	29	4	1779	8	0	1820
13851	22	7	62	1746	0	1837
13852	1763	10	22	48	0	1843
13853	1823	2	10	30	0	1865
13854	66	3	9	1743	0	1821
13855	32	6	11	1801	0	1850
13856	12	3	1811	71	0	1897
13857	13	12	48	1794	0	1867
13858	15	7	1813	53	0	1888
13859	1736	6	46	36	0	1824
13860	48	1808	24	24	0	1904
13861	1689	36	16	10	0	1751
13862	52	1658	7	8	0	1725
13863	1630	43	14	9	0	1696
13864	57	18	4	1580	0	1659
13865	28	10	9	1602	0	1649
13866	1579	4	2	62	0	1647
13867	1608	9	3	30	0	1650
13868	1634	1	1	20	0	1656
13869	1632	4	5	14	0	1655
13870	66	1	1590	10	0	1667
13871	1567	4	37	13	0	1621
13872	1630	3	15	9	0	1657
13873	1624	4	11	6	0	1645
13874	70	4	4	1564	0	1642
13875	1517	2	8	51	0	1578
13876	64	1522	6	19	0	1611
13877	40	34	8	1525	0	1607
13878	24	16	9	1557	0	1606
13879	19	12	1508	62	0	1601
13880	21	6	44	1474	0	1545
13881	19	1507	22	53	0	1601
13882	1498	41	12	42	0	1593
13883	50	1526	13	24	0	1613
13884	1544	45	11	21	0	1621
13885	59	20	10	1540	0	1629
13886	1519	14	12	53	0	1598
13887	62	1474	15	28	0	1579
13888	1496	46	10	20	0	1572
13889	1528	27	5	16	0	1576
13890	83	18	5	1475	0	1581
13891	47	10	5	1521	0	1583
13892	26	7	1492	72	0	1597
13893	27	7	45	1467	0	1546
13894	23	12	21	1501	0	1557
13895	27	7	1474	70	0	1578
13896	29	8	40	1505	0	1582
13897	26	6	1479	60	0	1571
13898	1477	5	49	42	0	1573
13899	61	7	29	1484	0	1581
13900	48	6	1461	53	0	1568
13901	1466	6	46	38	0	1556
13902	71	3	26	1472	0	1572
13903	46	7	1472	55	0	1580
13904	1490	5	49	35	0	1579
13905	61	9	24	1507	0	1601
13906	43	2	16	1534	0	1595
13907	1521	4	9	81	0	1615
13908	62	4	15	1517	0	1598
13909	43	3	9	1530	0	1585
13910	33	12	11	1497	0	1553
13911	24	1481	2	85	0	1592
13912	1462	48	10	39	0	1559
13913	1500	22	11	28	0	1561
13914	75	15	4	1457	0	1551
13915	1478	8	8	63	0	1557
13916	1489	12	10	35	0	1546
13917	1505	10	5	30	0	1550
13918	1246	14	10	33	0	1303
13919	1476	5	9	23	0	1513
13920	73	6	1334	29	0	1442
13921	39	7	1263	25	0	1334
13922	1239	6	56	21	0	1322
13923	59	1215	36	19	0	1329
13924	32	37	14	1208	0	1291
13925	32	15	1214	52	0	1313
13926	18	9	1208	29	0	1264
13927	22	23	57	1152	0	1254
13928	1140	6	34	61	0	1241
13929	54	4	13	1141	0	1212
13930	25	2	1130	61	0	1218
13931	1166	2	45	34	0	1247
13932	52	2	24	1187	0	1265
13933	32	1	10	1219	0	1262
13934	23	3	10	1237	0	1273
13935	21	5	7	1238	0	1271
13936	16	0	1164	74	0	1254
13937	14	1	46	1200	0	1261
13938	1193	2	19	63	0	1277
13939	49	1	1182	33	0	1265
13940	1184	5	34	29	0	1252
13941	1240	5	18	22	0	1285
13942	1236	5	12	22	0	1275
13943	1232	2	8	24	0	1266
13944	66	1164	11	20	0	1261
13945	14	965	2	16	0	997
13946	22	1004	4	8	0	1038
13947	931	41	18	16	0	1006
13948	35	5	878	8	0	926
13949	631	18	13	4	0	666
13950	16	1	12	611	0	640
13951	606	1	3	11	0	621
13952	10	0	1	607	0	618
13953	619	0	1	13	0	633
13954	12	0	3	616	0	631
13955	3	2	0	630	0	635
13956	566	1	0	11	0	578
13957	10	659	4	3	0	676
13958	6	7	648	6	0	667
13959	6	640	7	2	0	655
13960	6	5	605	0	0	616
13961	5	4	3	567	0	579
13962	602	1	2	6	0	611
13963	5	0	0	593	0	598
13964	587	1	2	7	0	597
13965	9	657	0	4	0	670
13966	5	4	667	1	0	677
13967	3	673	5	1	0	682
13968	3	686	1	1	0	691
13969	677	5	2	1	0	685
13970	646	2	1	1	0	650
13971	6	650	1	6	0	663
13972	1	3	0	649	0	653
13973	3	0	0	652	0	655
13974	656	0	1	5	0	662
13975	5	1	658	0	0	664
13976	0	1	630	0	0	631
13977	1	1	3	653	0	658
13978	0	0	669	4	0	673
13979	636	0	2	1	0	639
13980	679	0	1	0	0	680
13981	4	684	1	3	0	692
13982	2	5	697	1	0	705
13983	0	1	5	693	0	699
13984	2	0	735	5	0	742
13985	3	1	4	711	0	719
13986	723	1	1	5	0	730
13987	6	755	1	0	0	762
13988	0	4	780	2	0	786
13989	0	783	6	0	0	789
13990	1	803	0	1	0	805
13991	794	4	0	3	0	801
13992	760	0	1	2	0	763
13993	6	0	800	0	0	806
13994	0	817	5	2	0	824
13995	3	4	1	807	0	815
13996	0	0	1	804	0	805
13997	6	0	0	784	0	790
13998	1	2	816	5	0	824
13999	4	1	5	797	0	807
14000	4	1	1	833	0	839
14001	841	2	0	5	0	848
14002	850	0	2	3	0	855
14003	847	1	0	3	0	851
14004	836	0	1	1	0	838
14005	825	2	0	2	0	829
14006	4	818	1	1	0	824
14007	806	3	0	3	0	812
14008	3	1	810	1	0	815
14009	6	13	3	775	0	797
14010	792	0	0	3	0	795
14011	2	794	1	0	0	797
14012	801	3	0	3	0	807
14013	828	0	0	2	0	830
14014	2	0	0	851	0	853
14015	0	0	0	838	0	838
14016	0	870	3	2	0	875
14017	2	3	0	890	0	895
14018	0	0	929	4	0	933
14019	1	0	5	941	0	947
14020	1	1	978	5	0	985
14021	922	0	6	2	0	930
14022	4	0	0	995	0	999
14023	0	0	1029	5	0	1034
14024	1	1014	6	0	0	1021
14025	1	1011	1	1	0	1014
14026	1008	6	1	4	0	1019
14027	6	2	1	1021	0	1030
14028	2	2	1086	5	0	1095
14029	2	1092	5	3	0	1102
14030	4	7	1119	1	0	1131
14031	1054	2	7	4	0	1067
14032	1096	0	2	5	0	1103
14033	1102	1	1	5	0	1109
14034	9	1	1	1120	0	1131
14035	4	0	1116	5	0	1125
14036	3	1139	4	1	0	1147
14037	3	6	1	1138	0	1148
14038	2	2	1114	7	0	1125
14039	2	4	1054	3	0	1063
14040	1	1	8	1110	0	1120
14041	1120	1	3	8	0	1132
14042	6	0	2	1115	0	1123
14043	2	1	2	1139	0	1144
14044	5	0	1157	7	0	1169
14045	6	2	6	1142	0	1156
14046	3	1	2	1160	0	1166
14047	1	1	1176	9	0	1187
14048	1	4	1163	2	0	1170
14049	2	3	6	1173	0	1184
14050	4	0	1197	7	0	1208
14051	4	0	9	1178	0	1191
14052	1185	1	4	9	0	1199
14053	7	1213	4	5	0	1229
14054	2	7	2	1235	0	1246
14055	3	2	1218	9	0	1232
14056	1078	2	6	11	0	1097
14057	4	1135	4	4	0	1147
14058	1144	6	2	6	0	1158
14059	7	2	2	1143	0	1154
14060	7	1	2	1142	0	1152
14061	1164	2	1	16	0	1183
14062	8	1	1169	3	0	1181
14063	1119	1	7	7	0	1134
14064	8	1	2	1176	0	1187
14065	1108	1	2	14	0	1125
14066	1089	0	6	7	0	1102
14067	10	0	4	1111	0	1125
14068	6	1117	3	9	0	1135
14069	1142	11	3	9	0	1165
14070	1158	4	3	5	0	1170
14071	17	2	1164	2	0	1185
14072	1152	3	10	9	0	1174
14073	17	2	7	1179	0	1205
14074	10	1195	4	13	0	1222
14075	11	13	3	1178	0	1205
14076	8	1197	4	13	0	1222
14077	1183	13	2	14	0	1212
14078	1194	5	3	9	0	1211
14079	24	5	0	1246	0	1275
14080	8	2	1237	16	0	1263
14081	6	7	1243	8	0	1264
14082	5	4	19	1314	0	1342
14083	1322	5	9	19	0	1355
14084	1410	1	9	19	0	1439
14085	28	1442	7	8	0	1485
14086	14	15	5	1441	0	1475
14087	8	10	1494	22	0	1534
14088	9	4	1537	14	0	1564
14089	11	6	32	1658	0	1707
14090	1804	4	15	37	0	1860
14091	40	3	7	1839	0	1889
14092	12	4	1822	47	0	1885
14093	1811	2	40	23	0	1876
14094	39	4	18	1805	0	1866
14095	16	3	12	1833	0	1864
14096	15	1	5	1819	0	1840
14097	14	1814	6	49	0	1883
14098	9	28	1809	25	0	1871
14099	5	12	1830	21	0	1868
14100	14	10	50	1834	0	1908
14101	8	3	1838	50	0	1899
14102	1798	5	46	30	0	1879
14103	49	4	16	1820	0	1889
14104	22	7	13	1820	0	1862
14105	11	7	15	1820	0	1853
14106	10	1809	18	55	0	1892
14107	1820	35	15	32	0	1902
14108	46	11	12	1833	0	1902
14109	1807	6	13	59	0	1885
14110	47	1831	3	32	0	1913
14111	1825	38	10	27	0	1900
14112	1781	14	7	25	0	1827
14113	1819	12	6	26	0	1863
14114	50	1736	7	21	0	1814
14115	35	1776	9	11	0	1831
14116	1740	48	3	20	0	1811
14117	53	1755	8	11	0	1827
14118	30	40	1696	17	0	1783
14119	22	1636	29	11	0	1698
14120	16	1693	14	11	0	1734
14121	1663	45	11	13	0	1732
14122	51	30	1635	6	0	1722
14123	23	20	1608	10	0	1661
14124	23	16	47	1582	0	1668
14125	1601	16	38	40	0	1695
14126	46	12	1639	17	0	1714
14127	26	19	36	1613	0	1694
14128	14	15	1577	42	0	1648
14129	13	17	1538	20	0	1588
14130	1488	11	52	21	0	1572
14131	43	8	1543	14	0	1608
14132	29	12	51	1495	0	1587
14133	16	20	30	1501	0	1567
14134	18	1481	21	51	0	1571
14135	20	1536	20	22	0	1598
14136	21	39	24	1481	0	1565
14137	16	27	1502	51	0	1596
14138	20	16	44	1500	0	1580
14139	14	9	27	1545	0	1595
14140	12	14	1552	59	0	1637
14141	18	12	49	1571	0	1650
14142	1572	16	22	60	0	1670
14143	45	13	1567	28	0	1653
14144	1542	12	42	29	0	1625
14145	50	18	28	1543	0	1639
14146	27	3	19	1605	0	1654
14147	15	1618	22	61	0	1716
14148	19	43	18	1634	0	1714
14149	24	16	15	1684	0	1739
14150	1651	14	19	62	0	1746
14151	48	14	19	1669	0	1750
14152	28	8	17	1705	0	1758
14153	1632	11	18	67	0	1728
14154	47	9	15	1658	0	1729
14155	33	10	11	1604	0	1658
14156	23	1621	12	71	0	1727
14157	1632	39	17	48	0	1736
14158	55	15	10	1653	0	1733
14159	31	19	5	1708	0	1763
14160	31	14	1648	61	0	1754
14161	16	10	33	1662	0	1721
14162	16	14	22	1677	0	1729
14163	1617	14	23	66	0	1720
14164	1636	14	14	51	0	1715
14165	59	9	16	1647	0	1731
14166	25	15	1606	54	0	1700
14167	27	1530	36	33	0	1626
14168	13	1563	28	32	0	1636
14169	24	44	23	1562	0	1653
14170	1527	22	20	57	0	1626
14171	42	11	16	1554	0	1623
14172	1548	9	4	58	0	1619
14173	49	11	8	1559	0	1627
14174	25	7	13	1578	0	1623
14175	1515	14	8	67	0	1604
14176	1526	18	10	31	0	1585
14177	52	1517	2	30	0	1601
14178	34	1593	6	23	0	1656
14179	26	39	7	1457	0	1529
14180	25	18	5	1484	0	1532
14181	18	11	1418	51	0	1498
14182	1291	7	26	31	0	1355
14183	42	1347	12	24	0	1425
14184	10	1268	6	13	0	1297
14185	1220	28	5	18	0	1271
14186	30	10	1222	10	0	1272
14187	12	14	1164	17	0	1207
14188	10	10	1063	13	0	1096
14189	5	975	18	11	0	1009
14190	4	7	15	835	0	861
14191	4	0	5	816	0	825
14192	2	2	2	832	0	838
14193	807	1	2	9	0	819
14194	788	1	2	10	0	801
14195	6	819	0	8	0	833
14196	6	7	2	827	0	842
14197	4	2	826	8	0	840
14198	4	836	6	5	0	851
14199	813	8	3	14	0	838
14200	11	0	819	3	0	833
14201	733	2	7	12	0	754
14202	8	2	787	8	0	805
14203	4	0	9	773	0	786
14204	8	791	1	6	0	806
14205	790	6	2	10	0	808
14206	7	799	2	5	0	813
14207	787	7	1	3	0	798
14208	8	3	0	787	0	798
14209	3	5	806	8	0	822
14210	4	2	7	828	0	841
14211	1	2	1	932	0	936
14212	3	4	926	16	0	949
14213	887	1	10	7	0	905
14214	12	952	1	7	0	972
14215	944	9	2	11	0	966
14216	15	953	4	4	0	976
14217	5	15	1	960	0	981
14218	2	7	947	14	0	970
14219	1096	4	11	7	0	1118
14220	27	1148	1	7	0	1183
14221	9	28	2	1121	0	1160
14222	7	5	3	1170	0	1185
14223	1229	4	2	39	0	1274
14224	1315	4	2	13	0	1334
14225	39	1315	3	6	0	1363
14226	1429	39	3	5	0	1476
14227	1463	10	3	4	0	1480
14228	1477	4	3	5	0	1489
14229	55	1	1451	6	0	1513
14230	21	1422	44	12	0	1499
14231	12	1498	10	6	0	1526
14232	14	54	6	1394	0	1468
14233	6	16	6	1448	0	1476
14234	1434	12	1	52	0	1499
14235	45	1441	0	17	0	1503
14236	1448	44	1	12	0	1505
14237	54	10	4	1421	0	1489
14238	20	8	2	1466	0	1496
14239	1410	6	2	57	0	1475
14240	1393	2	4	25	0	1424
14241	59	6	1349	11	0	1425
14242	27	8	45	1330	0	1410
14243	11	3	1329	44	0	1387
14244	8	6	1329	11	0	1354
14245	3	6	1347	10	0	1366
14246	1246	2	62	8	0	1318
14247	47	2	19	1225	0	1293
14248	17	3	8	1242	0	1270
14249	15	2	5	1272	0	1294
14250	9	2	1262	59	0	1332
14251	4	3	43	1265	0	1315
14252	10	1	10	1312	0	1333
14253	1256	3	7	61	0	1327
14254	1287	1	7	21	0	1316
14255	1303	3	3	11	0	1320
14256	1319	3	3	7	0	1332
14257	65	3	3	1260	0	1331
14258	1262	3	4	50	0	1319
14259	60	2	1	1254	0	1317
14260	17	5	1204	48	0	1274
14261	1216	3	42	22	0	1283
14262	50	1233	10	6	0	1299
14263	25	41	4	1202	0	1272
14264	16	15	6	1234	0	1271
14265	11	1225	2	50	0	1288
14266	1212	45	3	19	0	1279
14267	48	1221	2	16	0	1287
14268	20	45	1214	10	0	1289
14269	13	14	1230	5	0	1262
14270	1199	7	50	9	0	1265
14271	1241	6	18	8	0	1273
14272	53	7	1201	7	0	1268
14273	1209	3	45	11	0	1268
14274	58	2	1214	9	0	1283
14275	1213	3	46	8	0	1270
14276	56	7	1210	6	0	1279
14277	20	7	1214	12	0	1253
14278	13	12	60	1136	0	1221
14279	14	4	21	1173	0	1212
14280	1168	6	14	67	0	1255
14281	1187	5	10	30	0	1232
14282	1207	8	5	20	0	1240
14283	1229	4	4	14	0	1251
14284	68	1168	4	15	0	1255
14285	36	37	11	1140	0	1224
14286	23	1156	10	46	0	1235
14287	20	48	10	1165	0	1243
14288	22	19	8	1168	0	1217
14289	21	10	8	1164	0	1203
14290	19	11	1096	63	0	1189
14291	1085	7	48	29	0	1169
14292	55	1059	20	22	0	1156
14293	29	1118	8	16	0	1171
14294	16	50	1095	23	0	1184
14295	24	19	42	1082	0	1167
14296	22	12	17	1098	0	1149
14297	1063	9	15	63	0	1150
14298	61	6	8	1072	0	1147
14299	24	5	7	1113	0	1149
14300	20	5	15	1113	0	1153
14301	23	3	9	1115	0	1150
14302	1082	8	13	68	0	1171
14303	1120	5	16	30	0	1171
14304	1121	4	16	23	0	1164
14305	72	2	13	1110	0	1197
14306	1127	1	14	60	0	1202
14307	65	4	14	1132	0	1215
14308	38	2	10	1190	0	1240
14309	17	4	1110	72	0	1203
14310	23	5	1084	39	0	1151
14311	13	3	1005	22	0	1043
14312	967	4	61	12	0	1044
14313	57	6	26	906	0	995
14314	33	932	15	44	0	1024
14315	961	37	9	32	0	1039
14316	55	17	933	17	0	1022
14317	927	5	41	12	0	985
14318	60	888	22	12	0	982
14319	739	22	13	4	0	778
14320	35	15	7	723	0	780
14321	727	6	5	28	0	766
14322	32	692	8	20	0	752
14323	23	664	8	9	0	704
14324	573	21	5	10	0	609
14325	18	598	6	12	0	634
14326	10	453	2	3	0	468
14327	3	466	3	2	0	474
14328	445	15	8	0	0	468
14329	425	8	2	3	0	438
14330	427	3	0	7	0	437
14331	11	4	1	418	0	434
14332	12	3	2	418	0	435
14333	5	1	421	10	0	437
14334	5	2	3	429	0	439
14335	4	4	437	5	0	450
14336	7	2	5	439	0	453
14337	6	1	8	441	0	456
14338	441	1	3	10	0	455
14339	423	3	3	12	0	441
14340	11	441	3	4	0	459
14341	12	2	3	441	0	458
14342	5	9	477	7	0	498
14343	6	3	4	485	0	498
14344	3	5	7	482	0	497
14345	4	3	3	489	0	499
14346	6	3	481	11	0	501
14347	4	3	449	11	0	467
14348	464	2	10	8	0	484
14349	4	2	6	493	0	505
14350	8	0	451	8	0	467
14351	428	0	3	14	0	445
14352	4	454	10	5	0	473
14353	460	3	4	4	0	471
14354	6	6	479	8	0	499
14355	467	2	6	2	0	477
14356	5	1	7	487	0	500
14357	8	3	498	4	0	513
14358	6	493	2	12	0	513
14359	505	4	9	4	0	522
14360	8	7	3	505	0	523
14361	11	1	2	500	0	514
14362	3	522	4	10	0	539
14363	4	3	4	530	0	541
14364	2	9	517	6	0	534
14365	4	512	2	12	0	530
14366	520	2	6	8	0	536
14367	3	7	6	522	0	538
14368	11	3	1	516	0	531
14369	3	5	514	10	0	532
14370	7	2	5	512	0	526
14371	3	3	533	7	0	546
14372	6	548	5	7	0	566
14373	525	6	6	6	0	543
14374	518	9	3	3	0	533
14375	526	2	1	2	0	531
14376	11	532	3	4	0	550
14377	7	3	2	540	0	552
14378	2	10	3	529	0	544
14379	6	4	4	450	0	464
14380	523	1	2	16	0	542
14381	512	1	2	11	0	526
14382	9	3	1	523	0	536
14383	11	2	575	7	0	595
14384	5	1	3	574	0	583
14385	2	3	9	577	0	591
14386	6	0	3	577	0	586
14387	3	2	1	582	0	588
14388	592	0	4	10	0	606
14389	2	2	2	600	0	606
14390	10	0	1	596	0	607
14391	1	589	3	13	0	606
14392	6	3	2	610	0	621
14393	4	614	2	8	0	628
14394	5	7	0	634	0	646
14395	611	12	1	12	0	636
14396	8	617	2	15	0	642
14397	639	9	0	4	0	652
14398	10	14	628	2	0	654
14399	13	1	8	626	0	648
14400	2	1	665	10	0	678
14401	6	2	7	659	0	674
14402	4	2	11	643	0	660
14403	2	629	2	23	0	656
14404	2	650	4	14	0	670
14405	3	661	3	4	0	671
14406	645	14	1	9	0	669
14407	8	644	2	4	0	658
14408	7	616	1	2	0	626
14409	4	10	3	623	0	640
14410	636	7	0	9	0	652
14411	6	660	3	6	0	675
14412	668	7	0	5	0	680
14413	667	5	0	6	0	678
14414	11	4	692	2	0	709
14415	5	2	4	678	0	689
14416	4	3	6	695	0	708
14417	2	1	1	714	0	718
14418	3	1	1	705	0	710
14419	2	5	682	13	0	702
14420	1	2	631	10	0	644
14421	637	1	13	4	0	655
14422	6	674	7	3	0	690
14423	9	677	1	2	0	689
14424	684	11	1	4	0	700
14425	7	659	2	1	0	669
14426	8	7	2	653	0	670
14427	647	7	1	12	0	667
14428	6	0	659	10	0	675
14429	10	1	5	666	0	682
14430	2	4	679	5	0	690
14431	643	2	6	10	0	661
14432	8	0	735	2	0	745
14433	735	2	6	7	0	750
14434	763	2	7	5	0	777
14435	781	2	0	5	0	788
14436	787	2	0	5	0	794
14437	783	3	1	4	0	791
14438	15	1	0	780	0	796
14439	831	2	1	9	0	843
14440	8	1	1	826	0	836
14441	6	2	1	810	0	819
14442	3	0	2	827	0	832
14443	0	1	824	16	0	841
14444	3	0	6	819	0	828
14445	2	2	7	843	0	854
14446	1	2	824	13	0	840
14447	750	1	7	8	0	766
14448	6	2	9	828	0	845
14449	7	3	829	9	0	848
14450	3	1	830	7	0	841
14451	1	2	9	821	0	833
14452	1	1	867	10	0	879
14453	4	4	6	877	0	891
14454	1	1	9	867	0	878
14455	1	866	0	12	0	879
14456	1	871	3	6	0	881
14457	882	11	1	3	0	897
14458	9	6	3	889	0	907
14459	8	2	0	883	0	893
14460	2	0	3	912	0	917
14461	2	0	927	11	0	940
14462	5	0	5	905	0	915
14463	903	0	6	9	0	918
14464	6	0	937	9	0	952
14465	10	0	5	965	0	980
14466	4	2	7	969	0	982
14467	2	3	0	1000	0	1005
14468	2	1045	0	11	0	1058
14469	1049	13	1	9	0	1072
14470	1096	8	0	3	0	1107
14471	22	1134	1	2	0	1159
14472	8	12	3	1175	0	1198
14473	4	5	1179	14	0	1202
14474	3	2	1126	7	0	1138
14475	1183	1	20	3	0	1207
14476	15	0	9	1238	0	1262
14477	1282	0	4	19	0	1305
14478	20	1294	3	10	0	1327
14479	14	1318	0	3	0	1335
14480	1313	29	0	7	0	1349
14481	22	1367	2	5	0	1396
14482	11	28	4	1367	0	1410
14483	9	13	3	1321	0	1346
14484	5	1442	2	26	0	1475
14485	1451	20	2	21	0	1494
14486	25	13	1462	6	0	1506
14487	1411	8	23	11	0	1453
14488	29	7	1469	0	0	1505
14489	1382	3	22	9	0	1416
14490	29	5	1497	1	0	1532
14491	15	1484	23	8	0	1530
14492	9	22	10	1483	0	1524
14493	1469	15	2	23	0	1509
14494	21	11	1449	10	0	1491
14495	12	4	1470	7	0	1493
14496	12	6	27	1436	0	1481
14497	3	6	1491	19	0	1519
14498	15	0	21	1458	0	1494
14499	9	4	21	1420	0	1454
14500	7	6	1476	28	0	1517
14501	6	0	26	1470	0	1502
14502	1513	2	9	27	0	1551
14503	18	1512	16	13	0	1559
14504	1532	20	7	9	0	1568
14505	25	9	5	1515	0	1554
14506	1521	6	8	21	0	1556
14507	1527	3	6	21	0	1557
14508	33	0	8	1521	0	1562
14509	16	1556	7	23	0	1602
14510	1564	15	8	19	0	1606
14511	25	13	1517	11	0	1566
14512	13	10	1525	9	0	1557
14513	1502	3	31	14	0	1550
14514	20	4	14	1552	0	1590
14515	20	1	1549	17	0	1587
14516	9	5	20	1541	0	1575
14517	1549	2	9	34	0	1594
14518	1560	7	7	22	0	1596
14519	1556	2	5	14	0	1577
14520	38	1609	7	6	0	1660
14521	22	18	6	1621	0	1667
14522	22	13	1	1619	0	1655
14523	1610	9	3	37	0	1659
14524	22	1602	8	16	0	1648
14525	1611	21	5	17	0	1654
14526	32	10	5	1608	0	1655
14527	1613	7	5	26	0	1651
14528	32	6	1564	11	0	1613
14529	16	1577	18	15	0	1626
14530	15	16	16	1521	0	1568
14531	11	1606	9	17	0	1643
14532	19	20	8	1568	0	1615
14533	1554	18	6	25	0	1603
14534	27	6	1508	21	0	1562
14535	1443	3	20	22	0	1488
14536	35	1535	13	8	0	1591
14537	20	22	12	1557	0	1611
14538	15	13	5	1583	0	1616
14539	1523	8	4	41	0	1576
14540	27	11	1524	17	0	1579
14541	15	0	23	1534	0	1572
14542	15	8	12	1525	0	1560
14543	13	2	14	1521	0	1550
14544	10	10	4	1525	0	1549
14545	1486	6	4	45	0	1541
14546	1487	4	5	26	0	1522
14547	35	9	1477	13	0	1534
14548	32	3	1441	8	0	1484
14549	1470	10	31	11	0	1522
14550	1533	2	14	20	0	1569
14551	36	7	10	1511	0	1564
14552	24	2	8	1511	0	1545
14553	1479	2	8	44	0	1533
14554	32	1463	7	22	0	1524
14555	16	19	10	1487	0	1532
14556	13	10	10	1509	0	1542
14557	10	4	1474	38	0	1526
14558	16	1	25	1440	0	1482
14559	16	1	1450	33	0	1500
14560	11	1	31	1453	0	1496
14561	1395	4	14	42	0	1455
14562	32	3	8	1418	0	1461
14563	21	7	1410	31	0	1469
14564	17	1332	19	23	0	1391
14565	16	18	10	1383	0	1427
14566	13	11	1381	30	0	1435
14567	8	1374	23	19	0	1424
14568	11	13	11	1339	0	1374
14569	9	12	1328	26	0	1375
14570	1100	7	12	20	0	1139
14571	16	1262	10	11	0	1299
14572	9	1202	8	14	0	1233
14573	8	1238	2	7	0	1255
14574	3	28	7	1202	0	1240
14575	5	8	1230	17	0	1260
14576	4	1203	15	13	0	1235
14577	6	22	11	1161	0	1200
14578	1263	7	1	21	0	1292
14579	25	2	1	1718	0	1746
14580	10	3	2089	39	0	2141
14581	9	2084	55	13	0	2161
14582	2028	50	15	23	0	2116
14583	58	2084	13	10	0	2165
14584	15	63	1967	8	0	2053
14585	13	1979	55	14	0	2061
14586	18	75	21	1933	0	2047
14587	10	28	1930	50	0	2018
14588	12	1929	56	19	0	2016
14589	22	66	20	1865	0	1973
14590	10	36	19	1860	0	1925
14591	2	1889	18	73	0	1982
14592	9	69	16	1893	0	1987
14593	3	32	1890	72	0	1997
14594	6	20	1935	30	0	1991
14595	7	23	62	1899	0	1991
14596	1866	11	32	81	0	1990
14597	1881	16	18	39	0	1954
14598	64	18	15	1837	0	1934
14599	24	1836	25	66	0	1951
14600	26	57	23	1839	0	1945
14601	1826	16	20	82	0	1944
14602	76	14	5	1805	0	1900
14603	43	11	9	1835	0	1898
14604	1790	16	6	84	0	1896
14605	59	1770	13	51	0	1893
14606	33	69	8	1791	0	1901
14607	1773	22	2	96	0	1893
14608	76	21	1722	35	0	1854
14609	1721	16	57	40	0	1834
14610	83	17	15	1753	0	1868
14611	1746	17	17	75	0	1855
14612	1783	21	14	40	0	1858
14613	1704	9	11	40	0	1764
14614	89	1696	14	24	0	1823
14615	42	57	1690	22	0	1811
14616	46	1726	53	20	0	1845
14617	1717	63	19	28	0	1827
14618	85	1709	20	14	0	1828
14619	50	72	13	1703	0	1838
14620	1653	32	13	64	0	1762
14621	75	1671	12	21	0	1779
14622	31	73	1651	27	0	1782
14623	32	43	55	1640	0	1770
14624	28	31	1663	69	0	1791
14625	26	1666	70	42	0	1804
14626	25	75	19	1639	0	1758
14627	26	29	29	1710	0	1794
14628	21	34	21	1705	0	1781
14629	20	21	26	1628	0	1695
14630	9	1660	14	98	0	1781
14631	1612	67	20	64	0	1763
14632	71	36	1609	42	0	1758
14633	28	27	59	1647	0	1761
14634	1617	15	29	96	0	1757
14635	69	29	1607	48	0	1753
14636	39	1589	68	41	0	1737
14637	41	84	23	1580	0	1728
14638	33	26	1608	76	0	1743
14639	19	1601	79	42	0	1741
14640	1532	74	36	47	0	1689
14641	81	1600	32	26	0	1739
14642	35	87	28	1576	0	1726
14643	30	41	24	1649	0	1744
14644	1566	38	19	108	0	1731
14645	72	1585	26	49	0	1732
14646	33	94	23	1601	0	1751
14647	1575	36	22	93	0	1726
14648	1572	38	24	53	0	1687
14649	81	1570	18	59	0	1728
14650	1582	77	11	45	0	1715
14651	1626	43	4	36	0	1709
14652	99	36	12	1568	0	1715
14653	53	28	1539	81	0	1701
14654	50	28	56	1547	0	1681
14655	55	31	25	1577	0	1688
14656	47	27	1527	92	0	1693
14657	40	1497	70	63	0	1670
14658	42	66	25	1537	0	1670
14659	35	27	31	1591	0	1684
14660	24	36	31	1597	0	1688
14661	26	20	26	1580	0	1652
14662	24	1524	26	111	0	1685
14663	1557	66	30	68	0	1721
14664	1574	39	8	68	0	1689
14665	1582	27	8	58	0	1675
14666	89	1494	7	59	0	1649
14667	44	71	5	1526	0	1646
14668	49	32	1479	94	0	1654
14669	48	51	57	1434	0	1590
14670	49	1485	20	82	0	1636
14671	1433	68	13	45	0	1559
14672	1454	28	17	44	0	1543
14673	1445	34	11	39	0	1529
14674	80	1377	20	33	0	1510
14675	52	1323	21	28	0	1424
14676	44	1381	24	26	0	1475
14677	41	79	1360	24	0	1504
14678	47	57	1223	25	0	1352
14679	52	197	48	511	0	808
14680	356	2	21	9	0	388
14681	341	4	1	4	0	350
14682	7	3	1	357	0	368
14683	3	2	0	346	0	351
14684	2	2	0	368	0	372
14685	4	1	1	368	0	374
14686	368	4	1	6	0	379
14687	366	4	0	6	0	376
14688	9	373	3	3	0	388
14689	375	6	2	3	0	386
14690	363	3	1	6	0	373
14691	377	2	2	4	0	385
14692	11	1	335	5	0	352
14693	360	0	7	5	0	372
14694	9	371	2	3	0	385
14695	4	8	0	381	0	393
14696	4	4	0	386	0	394
14697	4	377	0	10	0	391
14698	4	5	3	397	0	409
14699	390	3	1	12	0	406
14700	11	3	1	387	0	402
14701	7	1	385	9	0	402
14702	382	3	7	4	0	396
14703	8	391	3	7	0	409
14704	5	6	3	394	0	408
14705	5	4	0	394	0	403
14706	5	2	0	394	0	401
14707	6	1	395	9	0	411
14708	3	390	6	7	0	406
14709	5	6	3	394	0	408
14710	4	2	386	9	0	401
14711	2	7	5	374	0	388
14712	4	1	378	11	0	394
14713	8	4	9	358	0	379
14714	4	361	1	11	0	377
14715	2	6	3	355	0	366
14716	356	1	0	7	0	364
14717	352	3	2	3	0	360
14718	9	0	352	6	0	367
14719	6	2	327	2	0	337
14720	4	3	364	2	0	373
14721	2	3	8	375	0	388
14722	2	1	3	405	0	411
14723	1	3	3	401	0	408
14724	3	407	2	11	0	423
14725	4	6	1	402	0	413
14726	4	3	1	415	0	423
14727	2	3	2	421	0	428
14728	416	2	1	12	0	431
14729	418	2	0	7	0	427
14730	9	2	415	4	0	430
14731	6	1	403	6	0	416
14732	408	2	10	5	0	425
14733	427	3	5	5	0	440
14734	13	2	430	3	0	448
14735	4	2	430	2	0	438
14736	418	1	14	7	0	440
14737	428	1	5	3	0	437
14738	13	1	441	5	0	460
14739	4	1	13	431	0	449
14740	4	1	3	443	0	451
14741	1	458	4	15	0	478
14742	3	10	2	467	0	482
14743	4	2	487	14	0	507
14744	4	3	14	479	0	500
14745	0	1	7	487	0	495
14746	2	1	477	15	0	495
14747	448	1	13	6	0	468
14748	488	0	3	9	0	500
14749	15	2	3	476	0	496
14750	6	1	2	495	0	504
14751	480	2	3	15	0	500
14752	481	2	2	8	0	493
14753	436	1	3	11	0	451
14754	497	0	3	2	0	502
14755	14	471	3	2	0	490
14756	469	9	3	4	0	485
14757	13	469	5	2	0	489
14758	4	12	3	468	0	487
14759	7	2	1	465	0	475
14760	2	458	5	12	0	477
14761	5	10	4	465	0	484
14762	7	3	1	461	0	472
14763	5	447	3	16	0	471
14764	3	12	3	454	0	472
14765	5	4	3	466	0	478
14766	5	4	3	459	0	471
14767	5	1	449	17	0	472
14768	3	439	14	8	0	464
14769	4	11	7	428	0	450
14770	7	438	4	12	0	461
14771	441	14	2	4	0	461
14772	12	2	429	9	0	452
14773	7	7	401	5	0	420
14774	409	3	9	5	0	426
14775	12	1	3	424	0	440
14776	2	0	406	12	0	420
14777	5	1	381	3	0	390
14778	5	1	9	388	0	403
14779	380	2	6	12	0	400
14780	384	2	4	4	0	394
14781	14	0	2	378	0	394
14782	4	4	365	9	0	382
14783	4	376	9	6	0	395
14784	0	9	1	362	0	372
14785	3	2	362	10	0	377
14786	2	366	9	3	0	380
14787	0	11	5	363	0	379
14788	364	1	2	9	0	376
14789	8	3	0	357	0	368
14790	0	366	3	10	0	379
14791	376	5	2	6	0	389
14792	8	1	367	5	0	381
14793	2	370	7	4	0	383
14794	4	7	366	2	0	379
14795	356	1	7	3	0	367
14796	9	2	1	355	0	367
14797	3	2	2	367	0	374
14798	369	1	1	10	0	381
14799	8	2	1	366	0	377
14800	3	1	358	8	0	370
14801	343	2	8	4	0	357
14802	8	363	0	3	0	374
14803	1	4	1	366	0	372
14804	355	7	0	6	0	368
14805	8	351	0	3	0	362
14806	1	7	2	376	0	386
14807	359	4	1	11	0	375
14808	7	0	2	360	0	369
14809	1	353	2	6	0	362
14810	2	8	351	3	0	364
14811	1	2	9	355	0	367
14812	2	2	0	343	0	347
14813	359	0	1	11	0	371
14814	10	2	3	357	0	372
14815	365	1	0	11	0	377
14816	367	0	3	3	0	373
14817	10	3	1	354	0	368
14818	2	358	0	8	0	368
14819	0	8	3	356	0	367
14820	323	1	1	10	0	335
14821	9	336	2	2	0	349
14822	1	337	0	2	0	340
14823	331	6	2	2	0	341
14824	319	0	1	1	0	321
14825	8	317	0	2	0	327
14826	334	6	1	1	0	342
14827	334	2	5	1	0	342
14828	5	0	0	333	0	338
14829	1	0	352	5	0	358
14830	2	2	4	354	0	362
14831	0	1	360	8	0	369
14832	2	0	5	371	0	378
14833	1	1	391	5	0	398
14834	360	1	5	4	0	370
14835	7	0	3	369	0	379
14836	400	0	0	5	0	405
14837	4	4	0	386	0	394
14838	4	408	1	4	0	417
14839	417	4	1	5	0	427
14840	4	4	398	0	0	406
14841	370	0	9	3	0	382
14842	4	386	3	0	0	393
14843	356	4	1	0	0	361
14844	361	3	1	1	0	366
14845	9	353	0	1	0	363
14846	4	6	1	367	0	378
14847	365	4	0	8	0	377
14848	7	371	2	3	0	383
14849	6	5	1	372	0	384
14850	376	3	0	7	0	386
14851	9	1	0	378	0	388
14852	7	0	0	383	0	390
14853	1	2	0	388	0	391
14854	1	0	377	11	0	389
14855	0	0	6	374	0	380
14856	382	1	2	6	0	391
14857	6	1	394	4	0	405
14858	8	0	6	389	0	403
14859	6	0	3	398	0	407
14860	1	2	390	10	0	403
14861	379	1	6	6	0	392
14862	402	1	5	3	0	411
14863	12	1	399	5	0	417
14864	9	1	6	396	0	412
14865	5	3	4	413	0	425
14866	2	1	442	16	0	461
14867	4	1	6	462	0	473
14868	3	1	8	448	0	460
14869	2	1	459	16	0	478
14870	457	1	7	7	0	472
14871	11	0	8	472	0	491
14872	475	1	1	15	0	492
14873	479	0	0	13	0	492
14874	12	1	487	3	0	503
14875	12	0	9	459	0	480
14876	485	0	4	13	0	502
14877	9	494	9	5	0	517
14878	8	9	2	527	0	546
14879	5	3	1	532	0	541
14880	2	1	7	540	0	550
14881	3	0	532	19	0	554
14882	479	0	11	13	0	503
14883	10	0	10	531	0	551
14884	12	0	3	540	0	555
14885	5	1	534	16	0	556
14886	6	0	11	531	0	548
14887	7	0	4	545	0	556
14888	534	0	6	21	0	561
14889	10	568	5	10	0	593
14890	11	10	563	5	0	589
14891	556	7	10	4	0	577
14892	14	2	3	565	0	584
14893	5	1	567	16	0	589
14894	3	2	573	11	0	589
14895	6	0	14	582	0	602
14896	9	2	592	11	0	614
14897	5	3	594	11	0	613
14898	2	595	14	12	0	623
14899	6	10	8	639	0	663
14900	2	4	648	19	0	673
14901	3	2	12	645	0	662
14902	699	2	5	18	0	724
14903	19	4	3	702	0	728
14904	6	0	7	724	0	737
14905	703	0	3	20	0	726
14906	703	1	2	17	0	723
14907	18	0	6	734	0	758
14908	6	2	739	16	0	763
14909	3	721	15	11	0	750
14910	6	12	10	745	0	773
14911	754	4	7	19	0	784
14912	748	6	4	9	0	767
14913	18	739	3	7	0	767
14914	6	754	8	6	0	774
14915	748	12	3	9	0	772
14916	741	3	6	8	0	758
14917	14	3	778	6	0	801
14918	12	1	12	760	0	785
14919	10	795	5	19	0	829
14920	804	13	9	8	0	834
14921	17	4	3	803	0	827
14922	5	804	7	19	0	835
14923	5	16	814	10	0	845
14924	10	4	11	784	0	809
14925	9	839	5	13	0	866
14926	846	11	3	8	0	868
14927	846	9	3	8	0	866
14928	19	848	3	5	0	875
14929	830	12	4	7	0	853
14930	826	3	3	8	0	840
14931	16	841	6	5	0	868
14932	7	837	0	8	0	852
14933	3	16	3	817	0	839
14934	812	5	0	16	0	833
14935	15	3	838	6	0	862
14936	743	6	12	9	0	770
14937	10	833	7	7	0	857
14938	824	11	4	8	0	847
14939	828	6	2	0	0	836
14940	832	3	0	7	0	842
14941	15	4	2	807	0	828
14942	7	821	4	9	0	841
14943	823	12	3	6	0	844
14944	13	5	820	6	0	844
14945	6	821	9	7	0	843
14946	9	14	0	867	0	890
14947	1	3	844	13	0	861
14948	9	2	829	2	0	842
14949	7	3	6	839	0	855
14950	4	2	5	884	0	895
14951	4	1	4	882	0	891
14952	7	1	0	861	0	869
14953	6	845	1	12	0	864
14954	3	873	4	3	0	883
14955	889	11	0	5	0	905
14956	10	3	4	889	0	906
14957	4	4	2	872	0	882
14958	2	3	0	886	0	891
14959	880	0	3	11	0	894
14960	890	0	3	5	0	898
14961	9	3	1	889	0	902
14962	893	3	2	10	0	908
14963	911	1	2	3	0	917
14964	914	3	0	7	0	924
14965	11	3	2	886	0	902
14966	2	4	849	7	0	862
14967	6	2	789	2	0	799
14968	3	0	809	5	0	817
14969	1	0	845	3	0	849
14970	3	4	6	850	0	863
14971	859	1	5	7	0	872
14972	847	0	1	5	0	853
14973	7	0	848	3	0	858
14974	5	0	867	1	0	873
14975	4	950	6	1	0	961
14976	5	4	0	967	0	976
14977	971	0	6	9	0	986
14978	4	0	980	1	0	985
14979	933	0	7	6	0	946
14980	6	1057	2	1	0	1066
14981	1	4	2	1072	0	1079
14982	2	0	1	1109	0	1112
14983	2	0	0	1062	0	1064
14984	1115	0	0	10	0	1125
14985	11	0	2	1104	0	1117
14986	2	0	3	1128	0	1133
14987	1124	2	1	12	0	1139
14988	6	2	0	1114	0	1122
14989	4	0	1126	7	0	1137
14990	1100	0	7	5	0	1112
14991	11	0	2	1140	0	1153
14992	3	2	1	1134	0	1140
14993	3	1128	1	8	0	1140
14994	1125	5	0	6	0	1136
14995	1136	1	1	6	0	1144
14996	12	1	0	1143	0	1156
14997	4	2	1107	7	0	1120
14998	990	1	5	11	0	1007
14999	8	0	1092	3	0	1103
15000	3	0	8	1089	0	1100
15001	4	1	3	1118	0	1126
15002	1090	1	3	9	0	1103
15003	8	0	1	1133	0	1142
15004	1	5	1124	9	0	1139
15005	1097	1	5	7	0	1110
15006	9	1	1210	1	0	1221
15007	4	0	1201	2	0	1207
15008	1267	1	8	5	0	1281
15009	11	0	6	1344	0	1361
15010	5	1393	3	5	0	1406
15011	1381	8	3	5	0	1397
15012	1375	2	5	5	0	1387
15013	14	1	1373	4	0	1392
15014	1345	0	8	6	0	1359
15015	12	6	4	1398	0	1420
15016	6	0	1422	8	0	1436
15017	10	1373	11	5	0	1399
15018	1361	7	5	14	0	1387
15019	10	1386	5	2	0	1403
15020	5	9	2	1388	0	1404
15021	11	2	4	1394	0	1411
15022	2	5	4	1370	0	1381
15023	13	2	3	1332	0	1350
15024	6	1324	3	29	0	1362
15025	3	7	1307	9	0	1326
15026	3	1318	10	6	0	1337
15027	1330	9	4	5	0	1348
15028	15	4	4	1333	0	1356
15029	1331	5	4	11	0	1351
15030	14	2	4	1328	0	1348
15031	1329	4	0	14	0	1347
15032	13	1349	3	6	0	1371
15033	1386	10	2	10	0	1408
15034	1399	4	5	3	0	1411
15035	1344	6	2	12	0	1364
15036	1347	2	1	9	0	1359
15037	15	1319	3	7	0	1344
15038	10	11	1332	4	0	1357
15039	12	5	9	1345	0	1371
15040	1355	6	2	13	0	1376
15041	1381	4	5	12	0	1402
15042	17	6	2	1396	0	1421
15043	10	5	1450	15	0	1480
15044	10	0	13	1403	0	1426
15045	9	1456	2	16	0	1483
15046	1451	12	4	12	0	1479
15047	16	6	3	1487	0	1512
15048	8	1472	4	17	0	1501
15049	11	1544	1	11	0	1567
15050	10	1588	3	5	0	1606
15051	7	17	4	1628	0	1656
15052	1632	6	3	22	0	1663
15053	20	1644	4	7	0	1675
15054	8	22	5	1673	0	1708
15055	1675	5	3	20	0	1703
15056	24	3	3	1670	0	1700
15057	1679	3	3	23	0	1708
15058	1667	11	0	9	0	1687
15059	25	1758	3	9	0	1795
15060	16	18	4	1685	0	1723
15061	13	1748	1	19	0	1781
15062	1770	22	2	4	0	1798
15063	1743	8	4	14	0	1769
15064	1782	8	4	16	0	1810
15065	25	4	2	1797	0	1828
15066	11	12	1786	19	0	1828
15067	1736	5	17	14	0	1772
15068	1795	4	3	12	0	1814
15069	23	8	5	1775	0	1811
15070	10	1841	0	23	0	1874
15071	12	19	4	1850	0	1885
15072	7	6	1	1891	0	1905
15073	1881	7	1	22	0	1911
15074	1817	9	3	12	0	1841
15075	21	8	1746	8	0	1783
15076	14	5	15	1711	0	1745
15077	1732	6	2	26	0	1766
15078	27	5	2	1719	0	1753
15079	16	5	1726	21	0	1768
15080	12	1612	17	9	0	1650
15081	10	1675	3	13	0	1701
15082	1880	20	4	10	0	1914
15083	35	4	2	1989	0	2030
15084	20	6	7	2242	0	2275
15085	2249	7	2	46	0	2304
15086	46	11	2212	27	0	2296
15087	37	6	37	2212	0	2292
15088	18	5	2242	47	0	2312
15089	14	2242	41	39	0	2336
15090	2293	41	26	26	0	2386
15091	2358	24	15	16	0	2413
15092	2390	15	17	17	0	2439
15093	70	9	2316	21	0	2416
15094	2337	16	40	18	0	2411
15095	2408	14	25	12	0	2459
15096	76	11	14	2376	0	2477
15097	2045	9	17	64	0	2135
15098	63	12	2321	33	0	2429
15099	2279	7	43	28	0	2357
15100	68	9	2331	18	0	2426
15101	45	2361	48	26	0	2480
15102	36	58	35	2187	0	2316
15103	26	2346	19	33	0	2424
15104	32	42	2294	21	0	2389
15105	31	2334	40	18	0	2423
15106	2218	51	31	17	0	2317
15107	37	2156	19	15	0	2227
15108	36	2174	7	9	0	2226
15109	33	56	2061	6	0	2156
15110	26	31	42	2027	0	2126
15111	2081	19	22	38	0	2160
15112	42	14	2049	32	0	2137
15113	36	2092	41	11	0	2180
15114	26	44	32	2071	0	2173
15115	23	31	2103	38	0	2195
15116	13	17	2059	41	0	2130
15117	20	26	53	2077	0	2176
15118	14	9	2140	42	0	2205
15119	18	23	48	1945	0	2034
15120	23	2022	35	44	0	2124
15121	17	47	26	2038	0	2128
15122	14	2102	27	36	0	2179
15123	16	47	19	2124	0	2206
15124	2090	28	16	63	0	2197
15125	56	18	13	2078	0	2165
15126	33	2073	22	50	0	2178
15127	24	51	11	2137	0	2223
15128	19	30	2098	63	0	2210
15129	22	20	50	2112	0	2204
15130	2102	13	32	64	0	2211
15131	47	12	2072	51	0	2182
15132	39	18	54	2054	0	2165
15133	2034	10	34	63	0	2141
15134	50	2019	26	37	0	2132
15135	38	42	17	2057	0	2154
15136	2070	41	10	48	0	2169
15137	55	18	19	2067	0	2159
15138	47	15	2047	54	0	2163
15139	1956	14	43	49	0	2062
15140	56	2029	37	19	0	2141
15141	36	2043	24	36	0	2139
15142	2016	55	36	22	0	2129
15143	1974	34	10	33	0	2051
15144	70	37	20	1942	0	2069
15145	1975	15	23	42	0	2055
15146	51	22	1940	37	0	2050
15147	1933	15	40	23	0	2011
15148	53	1913	28	23	0	2017
15149	1907	35	25	23	0	1990
15150	54	32	1924	20	0	2030
15151	41	17	35	1883	0	1976
15152	30	17	40	1884	0	1971
15153	29	13	25	1821	0	1888
15154	17	1888	21	59	0	1985
15155	1892	31	13	50	0	1986
15156	48	30	23	1780	0	1881
15157	37	1823	15	42	0	1917
15158	1945	34	9	51	0	2039
15159	1888	23	15	29	0	1955
15160	1902	21	21	26	0	1970
15161	1915	18	10	25	0	1968
15162	1872	17	15	26	0	1930
15163	78	18	9	1842	0	1947
15164	57	19	16	1821	0	1913
15165	1818	11	10	67	0	1906
15166	56	12	9	1813	0	1890
15167	44	12	12	1800	0	1868
15168	28	19	1734	66	0	1847
15169	1719	12	36	55	0	1822
15170	1741	13	27	44	0	1825
15171	1771	24	14	21	0	1830
15172	75	16	18	1606	0	1715
15173	56	1668	15	42	0	1781
15174	1860	31	13	37	0	1941
15175	1840	32	10	28	0	1910
15176	77	16	12	2036	0	2141
15177	2088	13	11	55	0	2167
15178	68	32	1619	62	0	1781
15179	55	2060	34	36	0	2185
15180	48	2117	32	26	0	2223
15181	37	66	2085	27	0	2215
15182	16	1854	61	22	0	1953
15183	28	1762	30	22	0	1842
15184	1508	31	15	7	0	1561
15185	28	1501	10	9	0	1548
15186	18	30	8	1540	0	1596
15187	1570	18	5	30	0	1623
15188	27	10	1530	16	0	1583
15189	1498	15	18	16	0	1547
15190	34	6	1494	11	0	1545
15191	23	5	1468	4	0	1500
15192	1441	6	33	9	0	1489
15193	26	2	1492	9	0	1529
15194	13	1437	31	8	0	1489
15195	14	19	17	1443	0	1493
15196	1427	13	11	22	0	1473
15197	23	1410	11	12	0	1456
15198	16	21	2	1432	0	1471
15199	14	14	1421	23	0	1472
15200	14	11	19	1422	0	1466
15201	1381	6	11	28	0	1426
15202	24	1	1393	20	0	1438
15203	21	5	21	1381	0	1428
15204	1400	2	10	28	0	1440
15205	1445	0	11	20	0	1476
15206	31	3	7	1435	0	1476
15207	29	1	1	1425	0	1456
15208	18	1	1457	30	0	1506
15209	11	6	1417	25	0	1459
15210	1420	3	28	20	0	1471
15211	1494	2	19	9	0	1524
15212	32	1481	16	4	0	1533
15213	1481	15	6	6	0	1508
15214	1505	11	2	3	0	1521
15215	36	14	1582	1	0	1633
15216	25	1617	20	2	0	1664
15217	1661	17	11	5	0	1694
15218	1650	13	11	1	0	1675
15219	1677	10	6	2	0	1695
15220	44	6	4	1630	0	1684
15221	25	5	4	1647	0	1681
15222	16	1630	2	25	0	1673
15223	13	22	0	1683	0	1718
15224	1656	9	1	37	0	1703
15225	25	9	1	1674	0	1709
15226	12	6	1653	32	0	1703
15227	13	4	1593	18	0	1628
15228	9	3	28	1633	0	1673
15229	1	3	1682	28	0	1714
15230	6	4	1640	15	0	1665
15231	9	2	34	1645	0	1690
15232	7	2	23	1699	0	1731
15233	3	3	1704	31	0	1741
15234	3	1	1691	24	0	1719
15235	2	1716	35	16	0	1769
15236	1718	19	23	11	0	1771
15237	22	1766	17	5	0	1810
15238	1739	30	9	6	0	1784
15239	1745	15	6	6	0	1772
15240	32	1741	6	1	0	1780
15241	1758	30	3	4	0	1795
15242	43	11	1	1726	0	1781
15243	17	15	1746	22	0	1800
15244	22	6	22	1714	0	1764
15245	17	2	11	1760	0	1790
15246	1655	4	13	42	0	1714
15247	1675	4	7	26	0	1712
15248	1680	0	3	22	0	1705
15249	1690	2	5	11	0	1708
15250	1619	1	1	8	0	1629
15251	47	1560	3	7	0	1617
15252	31	22	4	1585	0	1642
15253	20	11	1600	24	0	1655
15254	17	11	23	1600	0	1651
15255	13	8	10	1610	0	1641
15256	12	2	11	1691	0	1716
15257	1759	3	8	45	0	1815
15258	36	3	4	1753	0	1796
15259	1809	1	4	54	0	1868
15260	46	3	1838	24	0	1911
15261	36	4	35	2230	0	2305
15262	19	6	2319	55	0	2399
15263	2308	0	59	29	0	2396
15264	68	2	24	2348	0	2442
15265	25	3	2391	63	0	2482
15266	24	2	59	2384	0	2469
15267	2391	4	20	74	0	2489
15268	59	6	2404	32	0	2501
15269	2410	2	59	33	0	2504
15270	2496	1	20	35	0	2552
15271	2493	1	27	22	0	2543
15272	2473	1	18	20	0	2512
15273	93	2397	13	26	0	2529
15274	42	2281	23	22	0	2368
15275	42	2222	21	19	0	2304
15276	57	87	24	1955	0	2123
15277	17	2002	21	53	0	2093
15278	2000	47	17	16	0	2080
15279	62	1925	7	28	0	2022
15280	36	2006	14	5	0	2061
15281	29	54	17	1986	0	2086
15282	31	29	10	2039	0	2109
15283	2008	27	10	58	0	2103
15284	74	13	8	1992	0	2087
15285	30	14	1945	60	0	2049
15286	21	31	1837	22	0	1911
15287	27	23	1896	22	0	1968
15288	24	24	56	1873	0	1977
15289	28	16	19	1977	0	2040
15290	25	19	1914	67	0	2025
15291	30	15	1866	32	0	1943
15292	30	24	1902	16	0	1972
15293	1933	22	65	20	0	2040
15294	60	16	31	1964	0	2071
15295	32	14	21	2001	0	2068
15296	1971	12	19	73	0	2075
15297	54	15	14	1961	0	2044
15298	24	1937	25	67	0	2053
15299	19	2004	32	35	0	2090
15300	21	59	27	2016	0	2123
15301	1994	21	15	84	0	2114
15302	2017	11	12	49	0	2089
15303	2068	4	25	38	0	2135
15304	74	7	22	2037	0	2140
15305	36	7	2004	60	0	2107
15306	32	7	56	1996	0	2091
15307	11	14	2000	78	0	2103
15308	1895	13	64	39	0	2011
15309	71	7	22	1959	0	2059
15310	1913	6	21	83	0	2023
15311	71	17	1937	29	0	2054
15312	1789	12	59	40	0	1900
15313	70	2	1979	30	0	2081
15314	43	1864	65	27	0	1999
15315	36	1868	20	33	0	1957
15316	1840	55	19	29	0	1943
15317	68	16	11	1814	0	1909
15318	38	13	1820	60	0	1931
15319	28	1764	55	32	0	1879
15320	25	1868	36	17	0	1946
15321	41	55	16	1831	0	1943
15322	1839	25	16	68	0	1948
15323	1867	21	14	32	0	1934
15324	71	1836	21	23	0	1951
15325	1862	47	14	18	0	1941
15326	62	22	24	1832	0	1940
15327	24	28	1821	56	0	1929
15328	26	1838	56	24	0	1944
15329	38	53	23	1818	0	1932
15330	25	23	19	1857	0	1924
15331	1808	12	24	67	0	1911
15332	70	27	1756	28	0	1881
15333	1758	27	54	27	0	1866
15334	1813	15	22	27	0	1877
15335	76	17	19	1746	0	1858
15336	43	20	20	1785	0	1868
15337	1725	34	6	77	0	1842
15338	67	11	15	1750	0	1843
15339	32	11	1725	83	0	1851
15340	32	16	1761	24	0	1833
15341	22	1707	66	22	0	1817
15342	26	1827	21	37	0	1911
15343	35	53	12	1730	0	1830
15344	27	1740	14	62	0	1843
15345	1780	51	23	38	0	1892
15346	70	1801	13	26	0	1910
15347	36	53	18	1823	0	1930
15348	16	21	20	1869	0	1926
15349	17	18	1813	79	0	1927
15350	28	21	50	1808	0	1907
15351	23	17	19	1846	0	1905
15352	22	1846	27	73	0	1968
15353	22	60	18	1841	0	1941
15354	33	34	11	1877	0	1955
15355	29	27	1802	86	0	1944
15356	17	1751	53	59	0	1880
15357	21	122	20	1545	0	1708
15358	20	1638	17	50	0	1725
15359	8	50	1559	35	0	1652
15360	6	1509	40	39	0	1594
15361	1066	37	25	23	0	1151
15362	1012	13	5	13	0	1043
15363	1025	5	3	7	0	1040
15364	23	1008	3	4	0	1038
15365	1000	15	4	7	0	1026
15366	24	14	0	990	0	1028
15367	964	2	4	16	0	986
15368	17	925	4	15	0	961
15369	918	16	4	9	0	947
15370	924	13	2	8	0	947
15371	24	941	3	9	0	977
15372	13	16	935	7	0	971
15373	13	14	16	1027	0	1070
15374	5	7	1097	20	0	1129
15375	8	5	24	1126	0	1163
15376	7	4	14	1199	0	1224
15377	5	5	1209	38	0	1257
15378	7	7	26	1205	0	1245
15379	1212	3	13	36	0	1264
15380	28	4	1201	22	0	1255
15381	17	1189	22	9	0	1237
15382	10	28	17	1157	0	1212
15383	9	13	9	1220	0	1251
15384	2	7	1193	44	0	1246
15385	15	7	24	1143	0	1189
15386	1	1201	14	30	0	1246
15387	1171	24	3	20	0	1218
15388	28	1174	6	6	0	1214
15389	1129	24	2	15	0	1170
15390	21	1136	6	7	0	1170
15391	13	1200	4	7	0	1224
15392	5	36	1152	7	0	1200
15393	10	11	29	1141	0	1191
15394	3	8	13	1101	0	1125
15395	5	6	9	1166	0	1186
15396	2	1189	4	44	0	1239
15397	9	30	5	1217	0	1261
15398	1198	12	9	39	0	1258
15399	35	10	4	1205	0	1254
15400	1193	9	2	44	0	1248
15401	37	5	1182	26	0	1250
15402	1184	9	37	12	0	1242
15403	38	6	15	1166	0	1225
15404	24	5	8	1239	0	1276
15405	1204	4	16	57	0	1281
15406	42	6	1208	26	0	1282
15407	21	1193	38	12	0	1264
15408	15	35	21	1206	0	1277
15409	1187	17	6	47	0	1257
15410	1205	10	11	26	0	1252
15411	53	12	6	1182	0	1253
15412	22	9	1168	41	0	1240
15413	1109	9	41	26	0	1185
15414	43	11	1126	15	0	1195
15415	23	4	34	1131	0	1192
15416	14	9	1126	44	0	1193
15417	14	19	34	1123	0	1190
15418	7	11	1099	45	0	1162
15419	12	1114	39	31	0	1196
15420	19	31	23	990	0	1063
15421	12	1120	9	42	0	1183
15422	1118	35	14	21	0	1188
15423	1138	17	12	14	0	1181
15424	49	9	1101	22	0	1181
15425	25	8	35	1098	0	1166
15426	1119	8	18	44	0	1189
15427	45	8	16	1110	0	1179
15428	21	7	13	1110	0	1151
15429	15	7	1086	62	0	1170
15430	1048	7	39	26	0	1120
15431	41	6	1094	28	0	1169
15432	28	6	34	1100	0	1168
15433	14	4	1097	48	0	1163
15434	1096	8	40	29	0	1173
15435	1114	8	31	21	0	1174
15436	1124	3	16	25	0	1168
15437	63	2	18	1097	0	1180
15438	31	5	1084	52	0	1172
15439	18	4	1058	32	0	1112
15440	22	17	52	940	0	1031
15441	17	1016	21	43	0	1097
15442	988	33	19	28	0	1068
15443	47	23	13	975	0	1058
15444	35	6	977	43	0	1061
15445	16	11	47	983	0	1057
15446	20	10	990	50	0	1070
15447	24	10	42	1022	0	1098
15448	20	11	1039	50	0	1120
15449	17	8	1012	40	0	1077
15450	17	984	58	25	0	1084
15451	19	29	997	21	0	1066
15452	13	15	1013	22	0	1063
15453	15	9	47	864	0	935
15454	18	8	24	937	0	987
15455	24	974	18	43	0	1059
15456	977	28	20	27	0	1052
15457	43	983	19	14	0	1059
15458	25	28	23	993	0	1069
15459	994	12	19	43	0	1068
15460	42	5	25	999	0	1071
15461	991	9	16	48	0	1064
15462	44	11	15	1001	0	1071
15463	33	8	1001	41	0	1083
15464	17	7	41	1022	0	1087
15465	18	5	23	1046	0	1092
15466	1010	7	19	58	0	1094
15467	999	4	22	31	0	1056
15468	1040	7	13	21	0	1081
15469	44	971	17	20	0	1052
15470	25	1000	20	18	0	1063
15471	985	31	20	19	0	1055
15472	41	12	1008	18	0	1079
15473	18	4	915	22	0	959
15474	11	46	44	791	0	892
15475	15	3	823	31	0	872
15476	10	3	775	16	0	804
15477	723	9	32	11	0	775
15478	754	3	12	13	0	782
15479	28	748	11	8	0	795
15480	15	802	12	6	0	835
15481	13	21	7	712	0	753
15482	11	798	7	14	0	830
15483	819	25	11	12	0	867
15484	28	13	9	798	0	848
15485	11	810	10	29	0	860
15486	821	21	7	14	0	863
15487	27	8	828	9	0	872
15488	17	1	813	7	0	838
15489	783	8	28	10	0	829
15490	28	4	786	10	0	828
15491	728	7	16	4	0	755
15492	24	5	10	740	0	779
15493	14	2	751	20	0	787
15494	5	739	21	12	0	777
15495	8	756	10	7	0	781
15496	676	17	5	4	0	702
15497	12	695	3	8	0	718
15498	669	10	5	4	0	688
15499	666	3	8	4	0	681
15500	15	655	11	0	0	681
15501	8	6	7	649	0	670
15502	4	3	661	12	0	680
15503	3	689	15	5	0	712
15504	6	15	8	688	0	717
15505	5	3	8	730	0	746
15506	699	4	1	11	0	715
15507	7	3	0	712	0	722
15508	4	1	695	12	0	712
15509	3	701	6	5	0	715
15510	6	8	3	714	0	731
15511	721	2	2	18	0	743
15512	733	5	1	5	0	744
15513	15	3	0	740	0	758
15514	779	0	5	12	0	796
15515	18	5	771	3	0	797
15516	8	0	12	782	0	802
15517	11	1	791	13	0	816
15518	11	0	14	872	0	897
15519	6	0	6	883	0	895
15520	10	0	4	886	0	900
15521	2	2	8	879	0	891
15522	2	3	0	880	0	885
15523	844	2	4	42	0	892
15524	871	1	1	21	0	894
15525	36	860	0	13	0	909
15526	873	31	0	9	0	913
15527	39	6	1	881	0	927
15528	14	6	2	916	0	938
15529	11	3	5	905	0	924
15530	9	3	886	45	0	943
15531	4	5	36	839	0	884
15532	6	875	8	44	0	933
15533	881	31	6	20	0	938
15534	891	4	3	18	0	916
15535	38	7	872	13	0	930
15536	14	861	39	3	0	917
15537	13	30	6	881	0	930
15538	9	11	908	35	0	963
15539	10	8	36	846	0	900
15540	8	889	7	46	0	950
15541	868	32	10	13	0	923
15542	37	893	5	12	0	947
15543	10	34	894	15	0	953
15544	8	8	927	8	0	951
15545	7	884	37	14	0	942
15546	6	914	9	8	0	937
15547	864	36	8	12	0	920
15548	888	15	6	5	0	914
15549	36	8	8	870	0	922
15550	10	6	870	42	0	928
15551	18	5	33	862	0	918
15552	8	9	7	884	0	908
15553	858	4	8	45	0	915
15554	866	6	4	14	0	890
15555	41	5	3	913	0	962
15556	15	3	908	42	0	968
15557	12	896	38	10	0	956
15558	897	37	9	18	0	961
15559	44	940	5	8	0	997
15560	19	46	5	949	0	1019
15561	15	6	3	1025	0	1049
15562	9	5	12	1021	0	1047
15563	7	10	7	1002	0	1026
15564	965	8	4	57	0	1034
15565	43	10	5	966	0	1024
15566	12	951	6	58	0	1027
15567	16	39	2	976	0	1033
15568	941	10	3	56	0	1010
15569	43	933	5	21	0	1002
15570	13	44	7	941	0	1005
15571	10	8	905	52	0	975
15572	896	14	37	12	0	959
15573	42	10	4	916	0	972
15574	13	5	891	46	0	955
15575	16	6	889	9	0	920
15576	8	4	42	871	0	925
15577	872	6	15	43	0	936
15578	911	2	13	13	0	939
15579	39	896	7	20	0	962
15580	860	40	8	18	0	926
15581	901	8	9	9	0	927
15582	905	7	2	18	0	932
15583	888	9	4	15	0	916
15584	53	3	10	851	0	917
15585	17	11	2	884	0	914
15586	20	6	829	46	0	901
15587	14	793	35	13	0	855
15588	12	842	6	17	0	877
15589	13	39	824	14	0	890
15590	813	9	37	19	0	878
15591	42	9	5	837	0	893
15592	836	7	15	51	0	909
15593	849	11	9	12	0	881
15594	47	12	802	15	0	876
15595	19	2	40	821	0	882
15596	835	3	5	43	0	886
15597	45	5	10	824	0	884
15598	14	5	813	46	0	878
15599	17	18	39	758	0	832
15600	7	793	10	48	0	858
15601	8	857	8	21	0	894
15602	12	38	828	12	0	890
15603	5	777	31	15	0	828
15604	741	44	15	10	0	810
15605	744	5	6	4	0	759
15606	25	4	2	720	0	751
15607	11	3	5	733	0	752
15608	10	2	4	736	0	752
15609	723	6	1	33	0	763
15610	28	724	0	11	0	763
15611	724	28	2	12	0	766
15612	731	4	5	6	0	746
15613	37	703	1	11	0	752
15614	645	14	0	6	0	665
15615	39	659	4	3	0	705
15616	674	38	5	1	0	718
15617	42	4	666	4	0	716
15618	580	5	21	3	0	609
15619	12	602	7	1	0	622
15620	15	11	2	595	0	623
15621	4	14	0	635	0	653
15622	17	2	1	637	0	657
15623	641	1	10	17	0	669
15624	24	0	2	655	0	681
15625	5	11	623	21	0	660
15626	610	0	10	16	0	636
15627	14	1	627	14	0	656
15628	3	3	11	628	0	645
15629	15	1	627	16	0	659
15630	4	1	12	621	0	638
15631	4	655	13	10	0	682
15632	11	10	2	637	0	660
15633	1	653	15	10	0	679
15634	8	11	2	662	0	683
15635	661	0	12	16	0	689
15636	15	2	2	692	0	711
15637	684	11	3	15	0	713
15638	13	1	642	16	0	672
15639	653	13	10	7	0	683
15640	679	2	1	15	0	697
15641	698	3	3	3	0	707
15642	19	1	0	690	0	710
15643	686	3	2	12	0	703
15644	17	2	646	4	0	669
15645	646	4	13	1	0	664
15646	25	2	632	3	0	662
15647	642	3	14	2	0	661
15648	18	0	2	657	0	677
15649	15	3	670	11	0	699
15650	5	2	21	666	0	694
15651	17	2	2	683	0	704
15652	4	0	691	14	0	709
15653	651	1	10	5	0	667
15654	12	701	3	18	0	734
15655	664	8	13	3	0	688
15656	12	663	4	14	0	693
15657	651	8	4	15	0	678
15658	14	5	650	3	0	672
15659	573	4	12	6	0	595
15660	6	592	3	0	0	601
15661	14	4	0	570	0	588
15662	1	12	0	599	0	612
15663	11	0	1	591	0	603
15664	0	2	622	6	0	630
15665	12	0	6	596	0	614
15666	1	9	632	6	0	648
15667	656	0	5	12	0	673
15668	703	2	0	12	0	717
15669	10	0	1	724	0	735
15670	1	2	725	11	0	739
15671	678	0	8	16	0	702
15672	11	0	876	0	0	887
15673	13	1	12	861	0	887
15674	14	1	2	893	0	910
15675	5	0	0	929	0	934
15676	5	0	11	941	0	957
15677	916	0	2	17	0	935
15678	13	905	15	1	0	934
15679	1	11	878	15	0	905
15680	0	886	17	12	0	915
15681	892	14	0	15	0	921
15682	14	1	1	907	0	923
15683	907	1	1	20	0	929
15684	15	11	3	908	0	937
15685	7	1	12	902	0	922
15686	3	13	3	921	0	940
15687	14	1	895	18	0	928
15688	2	882	16	19	0	919
15689	18	10	896	9	0	933
15690	5	2	13	919	0	939
15691	910	2	0	32	0	944
15692	886	7	3	20	0	916
15693	901	4	14	5	0	924
15694	14	914	6	7	0	941
15695	931	17	16	5	0	969
15696	18	3	1	945	0	967
15697	20	1	2	947	0	970
15698	13	3	1	952	0	969
15699	17	941	4	21	0	983
15700	6	26	1	906	0	939
15701	12	948	7	16	0	983
15702	939	19	5	7	0	970
15703	958	5	4	12	0	979
15704	17	3	4	980	0	1004
15705	8	10	965	21	0	1004
15706	969	3	13	8	0	993
15707	26	13	2	995	0	1036
15708	18	4	984	18	0	1024
15709	927	9	14	6	0	956
15710	22	2	1	988	0	1013
15711	971	4	2	27	0	1004
15712	17	971	6	11	0	1005
15713	5	15	3	960	0	983
15714	6	992	6	19	0	1023
15715	10	19	2	1007	0	1038
15716	13	1007	4	22	0	1046
15717	14	31	2	1016	0	1063
15718	8	3	1001	24	0	1036
15719	850	3	12	13	0	878
15720	14	1003	9	6	0	1032
15721	9	14	972	7	0	1002
15722	932	5	15	9	0	961
15723	20	1	5	978	0	1004
15724	5	3	968	19	0	995
15725	9	976	12	7	0	1004
15726	7	17	1	997	0	1022
15727	2	6	1012	18	0	1038
15728	3	7	13	1005	0	1028
15729	6	5	4	1014	0	1029
15730	0	7	1032	21	0	1060
15731	7	5	14	998	0	1024
15732	4	4	1042	21	0	1071
15733	7	3	19	1032	0	1061
15734	10	6	1135	14	0	1165
15735	9	8	13	1138	0	1168
15736	7	6	9	1127	0	1149
15737	9	4	6	1128	0	1147
15738	7	1136	4	21	0	1168
15739	1141	13	8	15	0	1177
15740	1134	5	4	10	0	1153
15741	15	4	4	1155	0	1178
15742	1166	4	10	20	0	1200
15743	14	3	1172	14	0	1203
15744	4	1203	18	10	0	1235
15745	1233	12	5	14	0	1264
15746	13	1242	9	12	0	1276
15747	3	13	8	1268	0	1292
15748	7	4	4	1282	0	1297
15749	1243	3	7	26	0	1279
15750	17	4	4	1239	0	1264
15751	8	3	1236	26	0	1273
15752	6	1234	15	12	0	1267
15753	1254	17	2	10	0	1283
15754	24	6	3	1226	0	1259
15755	9	1229	5	23	0	1266
15756	9	18	4	1229	0	1260
15757	8	1264	6	20	0	1298
15758	1289	22	5	11	0	1327
15759	1293	7	3	12	0	1315
15760	22	6	1276	6	0	1310
15761	9	6	1279	9	0	1303
15762	9	4	14	1264	0	1291
15763	8	1318	4	18	0	1348
15764	13	11	0	1339	0	1363
15765	1336	2	4	22	0	1364
15766	14	6	1303	6	0	1329
15767	12	5	11	1237	0	1265
15768	7	3	1210	16	0	1236
15769	3	9	1165	9	0	1186
15770	3	1242	11	10	0	1266
15771	21	44	3	1205	0	1273
15772	1097	8	3	8	0	1116
15773	9	0	1107	1	0	1117
15774	2	1077	6	1	0	1086
15775	1058	4	2	4	0	1068
15776	5	1	0	1073	0	1079
15777	1101	1	0	10	0	1112
15778	1103	0	1	5	0	1109
15779	1097	1	1	4	0	1103
15780	5	0	1136	1	0	1142
15781	1058	0	5	6	0	1069
15782	1127	0	2	4	0	1133
15783	7	1179	0	2	0	1188
15784	1	5	1	1204	0	1211
15785	2	1	0	1189	0	1192
15786	2	0	1	1196	0	1199
15787	1192	0	1	13	0	1206
15788	1159	1	1	4	0	1165
15789	9	1	1177	0	0	1187
15790	4	0	7	1162	0	1173
15791	1	1187	2	8	0	1198
15792	1195	8	0	6	0	1209
15793	10	2	1206	0	0	1218
15794	7	0	8	1169	0	1184
15795	2	0	0	1185	0	1187
15796	2	1178	1	8	0	1189
15797	2	7	1	1182	0	1192
15798	3	2	0	1116	0	1121
15799	2	0	0	1176	0	1178
15800	1173	1	0	13	0	1187
15801	9	1	0	1146	0	1156
15802	6	0	1	1145	0	1152
15803	1130	0	3	14	0	1147
15804	7	0	0	1138	0	1145
15805	4	1209	2	7	0	1222
15806	1273	18	0	5	0	1296
15807	1323	6	1	2	0	1332
15808	1354	3	0	6	0	1363
15809	1515	1	1	4	0	1521
15810	33	1613	1	1	0	1648
15811	1868	32	0	7	0	1907
15812	1888	5	0	7	0	1900
15813	60	6	0	1851	0	1917
15814	19	9	1818	44	0	1890
15815	20	6	42	1824	0	1892
15816	21	1	8	1826	0	1856
15817	22	1	6	1818	0	1847
15818	7	4	3	1827	0	1841
15819	13	6	10	1835	0	1864
15820	1790	1	2	69	0	1862
15821	56	0	1	1795	0	1852
15822	21	1	1789	65	0	1876
15823	21	4	43	1745	0	1813
15824	9	1768	6	58	0	1841
15825	22	42	6	1789	0	1859
15826	11	10	1770	65	0	1856
15827	1586	6	54	37	0	1683
15828	1705	5	16	30	0	1756
15829	51	11	1780	23	0	1865
15830	18	1748	45	23	0	1834
15831	1783	41	17	23	0	1864
15832	1798	11	10	16	0	1835
15833	1804	8	3	20	0	1835
15834	1721	4	17	9	0	1751
15835	68	9	6	1660	0	1743
15836	34	8	1656	54	0	1752
15837	31	4	45	1672	0	1752
15838	20	12	13	1729	0	1774
15839	24	2	1691	68	0	1785
15840	18	4	1676	32	0	1730
15841	1636	6	67	26	0	1735
15842	64	1646	22	26	0	1758
15843	38	48	20	1674	0	1780
15844	25	17	1623	60	0	1725
15845	1543	10	60	30	0	1643
15846	77	7	1626	26	0	1736
15847	1596	14	56	32	0	1698
15848	69	1592	22	37	0	1720
15849	34	44	25	1622	0	1725
15850	32	17	1607	68	0	1724
15851	1538	12	58	44	0	1652
15852	70	1566	25	29	0	1690
15853	28	1656	25	23	0	1732
15854	28	55	24	1622	0	1729
15855	27	24	19	1697	0	1767
15856	1705	33	12	74	0	1824
15857	60	1671	13	50	0	1794
15858	34	58	24	1702	0	1818
15859	1702	14	10	81	0	1807
15860	1765	15	18	45	0	1843
15861	1804	16	15	37	0	1872
15862	89	29	1772	30	0	1920
15863	50	10	1799	42	0	1901
15864	1875	9	64	33	0	1981
15865	102	1826	28	29	0	1985
15866	46	1925	27	33	0	2031
15867	34	70	30	1800	0	1934
15868	26	1889	28	84	0	2027
15869	1901	73	13	47	0	2034
15870	88	32	21	1867	0	2008
15871	33	34	1850	77	0	1994
15872	1851	18	79	42	0	1990
15873	1910	33	24	30	0	1997
15874	107	24	24	1844	0	1999
15875	57	15	24	1899	0	1995
15876	56	10	39	1887	0	1992
15877	58	11	33	1883	0	1985
15878	52	15	1768	98	0	1933
15879	42	1785	66	58	0	1951
15880	31	88	23	1643	0	1785
15881	26	1755	31	112	0	1924
15882	38	85	23	1630	0	1776
15883	46	1693	31	90	0	1860
15884	1687	98	24	50	0	1859
15885	1727	33	31	50	0	1841
15886	98	1702	24	50	0	1874
15887	1717	80	23	51	0	1871
15888	115	42	19	1702	0	1878
15889	1676	35	18	101	0	1830
15890	108	1669	19	58	0	1854
15891	1685	95	21	41	0	1842
15892	1757	32	22	38	0	1849
15893	109	45	25	1664	0	1843
15894	55	33	1654	87	0	1829
15895	45	1656	80	43	0	1824
15896	71	69	22	1672	0	1834
15897	1678	58	27	88	0	1851
15898	101	42	1653	54	0	1850
15899	65	30	87	1646	0	1828
15900	55	52	18	1716	0	1841
15901	1701	24	22	111	0	1858
15902	1714	32	26	72	0	1844
15903	1708	21	24	54	0	1807
15904	122	1665	27	42	0	1856
15905	1603	66	15	44	0	1728
15906	98	24	1466	40	0	1628
15907	46	24	1426	51	0	1547
15908	52	19	1435	46	0	1552
15909	46	80	82	1160	0	1368
15910	43	11	1121	57	0	1232
15911	876	14	27	19	0	936
15912	41	9	14	889	0	953
15913	17	7	924	41	0	989
15914	939	10	29	22	0	1000
15915	44	8	10	943	0	1005
15916	25	16	6	974	0	1021
15917	984	9	9	36	0	1038
15918	44	15	8	987	0	1054
15919	20	11	989	43	0	1063
15920	19	7	35	1003	0	1064
15921	19	8	1028	39	0	1094
15922	24	7	39	1014	0	1084
15923	1013	6	10	48	0	1077
15924	39	978	14	21	0	1052
15925	24	1025	10	19	0	1078
15926	27	31	9	1007	0	1074
15927	19	14	12	1002	0	1047
15928	21	972	12	37	0	1042
15929	21	977	7	24	0	1029
15930	24	30	13	964	0	1031
15931	17	11	14	981	0	1023
15932	939	13	10	50	0	1012
15933	36	953	17	22	0	1028
15934	20	925	14	26	0	985
15935	23	974	12	17	0	1026
15936	944	33	9	21	0	1007
15937	40	12	941	20	0	1013
15938	912	7	25	21	0	965
15939	37	12	14	899	0	962
15940	16	867	13	32	0	928
15941	12	931	13	22	0	978
15942	942	28	8	25	0	1003
15943	35	13	13	923	0	984
15944	16	1001	13	35	0	1065
15945	1016	27	13	24	0	1080
15946	1021	12	10	26	0	1069
15947	39	15	996	15	0	1065
15948	999	20	26	16	0	1061
15949	1029	17	16	13	0	1075
15950	43	12	6	999	0	1060
15951	17	975	12	39	0	1043
15952	20	998	11	17	0	1046
15953	18	29	7	982	0	1036
15954	937	15	6	39	0	997
15955	32	17	884	20	0	953
15956	21	15	857	10	0	903
15957	21	6	853	20	0	900
15958	16	9	860	13	0	898
15959	12	857	28	10	0	907
15960	15	844	16	8	0	883
15961	13	27	786	1	0	827
15962	8	18	764	8	0	798
15963	5	701	23	2	0	731
15964	6	8	7	616	0	637
15965	1	3	665	8	0	677
15966	2	0	10	660	0	672
15967	2	0	3	691	0	696
15968	3	0	0	703	0	706
15969	2	0	0	740	0	742
15970	2	0	737	14	0	753
15971	3	1	11	705	0	720
15972	731	1	4	12	0	748
15973	11	1	721	7	0	740
15974	740	2	10	5	0	757
15975	15	1	4	757	0	777
15976	5	3	743	14	0	765
15977	742	2	12	9	0	765
15978	12	2	5	764	0	783
15979	767	3	1	13	0	784
15980	15	1	2	761	0	779
15981	6	772	1	12	0	791
15982	3	13	803	6	0	825
15983	2	6	10	811	0	829
15984	818	1	6	14	0	839
15985	815	3	3	10	0	831
15986	820	4	2	5	0	831
15987	821	1	3	9	0	834
15988	807	3	3	9	0	822
15989	16	809	3	3	0	831
15990	819	15	4	5	0	843
15991	12	8	800	6	0	826
15992	798	4	13	9	0	824
15993	13	1	8	782	0	804
15994	6	4	814	12	0	836
15995	5	3	809	6	0	823
15996	6	3	14	813	0	836
15997	829	4	5	14	0	852
15998	15	815	5	8	0	843
15999	820	12	1	5	0	838
16000	12	815	3	3	0	833
16001	7	14	2	843	0	866
16002	6	6	3	864	0	879
16003	856	0	6	19	0	881
16004	18	1	3	850	0	872
16005	7	2	839	14	0	862
16006	854	1	12	9	0	876
16007	15	2	7	862	0	886
16008	8	4	1	852	0	865
16009	4	5	849	16	0	874
16010	764	2	14	8	0	788
16011	828	2	7	6	0	843
16012	19	853	3	4	0	879
16013	9	9	804	2	0	824
16014	3	8	785	2	0	798
16015	10	13	15	748	0	786
16016	4	3	5	761	0	773
16017	4	761	0	15	0	780
16018	1	12	750	8	0	771
16019	4	5	13	723	0	745
16020	3	0	759	13	0	775
16021	7	0	12	719	0	738
16022	4	737	5	9	0	755
16023	3	12	1	749	0	765
16024	3	3	3	746	0	755
16025	3	3	2	747	0	755
16026	743	1	0	18	0	762
16027	12	4	741	5	0	762
16028	5	779	15	2	0	801
16029	2	11	5	808	0	826
16030	838	5	4	14	0	861
16031	11	1	4	847	0	863
16032	862	2	2	14	0	880
16033	13	6	862	7	0	888
16034	853	1	15	8	0	877
16035	17	1	6	896	0	920
16036	9	1	905	13	0	928
16037	4	900	12	8	0	924
16038	3	13	7	899	0	922
16039	3	6	2	916	0	927
16040	894	0	3	22	0	919
16041	12	884	1	14	0	911
16042	11	861	3	3	0	878
16043	3	881	5	2	0	891
16044	823	15	1	7	0	846
16045	12	829	2	4	0	847
16046	7	11	2	828	0	848
16047	4	6	1	834	0	845
16048	820	4	0	18	0	842
16049	12	813	3	8	0	836
16050	8	11	1	834	0	854
16051	837	6	1	16	0	860
16052	824	3	4	6	0	837
16053	834	4	1	4	0	843
16054	17	826	1	6	0	850
16055	813	8	1	4	0	826
16056	13	4	2	779	0	798
16057	7	788	0	9	0	804
16058	4	811	1	4	0	820
16059	10	14	0	797	0	821
16060	785	5	1	10	0	801
16061	797	5	0	7	0	809
16062	12	1	0	768	0	781
16063	4	770	3	10	0	787
16064	781	9	0	5	0	795
16065	8	4	732	5	0	749
16066	5	2	719	3	0	729
16067	689	1	7	5	0	702
16068	8	3	699	3	0	713
16069	6	2	6	666	0	680
16070	678	2	3	6	0	689
16071	8	1	3	685	0	697
16072	3	2	689	7	0	701
16073	4	702	6	4	0	716
16074	2	5	4	692	0	703
16075	2	4	691	7	0	704
16076	670	3	7	5	0	685
16077	8	1	2	693	0	704
16078	5	2	690	9	0	706
16079	2	0	5	682	0	689
16080	2	688	3	6	0	699
16081	3	6	1	715	0	725
16082	2	4	0	707	0	713
16083	2	1	1	701	0	705
16084	1	694	1	8	0	704
16085	712	4	0	9	0	725
16086	5	3	2	713	0	723
16087	7	3	1	703	0	714
16088	3	2	0	715	0	720
16089	1	0	715	12	0	728
16090	4	3	5	705	0	717
16091	713	2	4	11	0	730
16092	4	701	4	14	0	723
16093	7	5	2	731	0	745
16094	5	4	0	726	0	735
16095	718	2	2	13	0	735
16096	6	726	0	10	0	742
16097	730	7	1	5	0	743
16098	742	6	0	3	0	751
16099	13	2	2	733	0	750
16100	728	3	0	13	0	744
16101	8	707	2	8	0	725
16102	713	6	2	5	0	726
16103	15	5	1	716	0	737
16104	782	2	1	12	0	797
16105	808	3	2	8	0	821
16106	23	2	791	7	0	823
16107	820	1	9	9	0	839
16108	833	2	6	6	0	847
16109	930	3	1	8	0	942
16110	32	2	988	2	0	1024
16111	13	986	23	3	0	1025
16112	9	23	7	986	0	1025
16113	976	10	1	27	0	1014
16114	27	980	3	10	0	1020
16115	990	26	0	6	0	1022
16116	28	9	2	998	0	1037
16117	15	5	994	25	0	1039
16118	1005	2	26	14	0	1047
16119	34	4	8	1029	0	1075
16120	15	2	1019	31	0	1067
16121	1023	0	29	16	0	1068
16122	33	3	1070	4	0	1110
16123	21	3	29	1098	0	1151
16124	8	1	13	1184	0	1206
16125	1158	3	6	48	0	1215
16126	1176	3	4	21	0	1204
16127	47	1162	1	14	0	1224
16128	1154	32	4	11	0	1201
16129	43	15	1093	4	0	1155
16130	19	3	1109	5	0	1136
16131	1085	3	44	6	0	1138
16132	38	1087	15	5	0	1145
16133	1049	33	6	4	0	1092
16134	38	1060	7	2	0	1107
16135	1052	39	5	4	0	1100
16136	46	11	3	1025	0	1085
16137	15	4	1038	34	0	1091
16138	7	4	33	1059	0	1103
16139	18	2	10	1082	0	1112
16140	1064	4	3	46	0	1117
16141	39	2	1059	13	0	1113
16142	1035	6	33	10	0	1084
16143	41	1041	14	3	0	1099
16144	1063	32	8	8	0	1111
16145	41	10	9	1034	0	1094
16146	21	7	1041	34	0	1103
16147	13	7	31	1057	0	1108
16148	1048	6	10	38	0	1102
16149	41	6	6	1052	0	1105
16150	24	1	4	1048	0	1077
16151	4	1026	5	48	0	1083
16152	12	30	5	1047	0	1094
16153	4	12	1015	44	0	1075
16154	10	4	34	1028	0	1076
16155	11	8	13	1062	0	1094
16156	1044	2	6	45	0	1097
16157	46	3	4	1039	0	1092
16158	15	7	1012	41	0	1075
16159	12	1004	39	20	0	1075
16160	9	32	9	1021	0	1071
16161	12	12	12	1027	0	1063
16162	1006	5	5	52	0	1068
16163	43	985	2	20	0	1050
16164	18	36	6	1008	0	1068
16165	991	11	4	41	0	1047
16166	1021	10	7	18	0	1056
16167	49	5	4	1002	0	1060
16168	18	3	1009	43	0	1073
16169	995	4	34	21	0	1054
16170	45	0	13	1039	0	1097
16171	1035	6	7	50	0	1098
16172	1061	3	4	26	0	1094
16173	53	1007	6	15	0	1081
16174	1012	36	7	11	0	1066
16175	45	999	4	11	0	1059
16176	24	36	4	987	0	1051
16177	22	13	5	1009	0	1049
16178	9	1006	6	44	0	1065
16179	1023	39	4	22	0	1088
16180	1019	16	5	10	0	1050
16181	57	5	963	10	0	1035
16182	17	5	964	15	0	1001
16183	18	3	46	951	0	1018
16184	968	3	13	46	0	1030
16185	44	1	11	976	0	1032
16186	25	3	5	988	0	1021
16187	14	4	964	52	0	1034
16188	12	7	985	22	0	1026
16189	13	1	1001	15	0	1030
16190	947	6	53	9	0	1015
16191	986	6	19	22	0	1033
16192	53	934	11	8	0	1006
16193	17	974	8	9	0	1008
16194	19	40	5	960	0	1024
16195	12	14	959	37	0	1022
16196	929	7	40	21	0	997
16197	38	8	981	13	0	1040
16198	17	4	36	978	0	1035
16199	15	5	15	1002	0	1037
16200	11	6	6	1033	0	1056
16201	12	4	8	1050	0	1074
16202	1005	3	11	58	0	1077
16203	42	2	12	1018	0	1074
16204	18	1	978	44	0	1041
16205	918	2	28	28	0	976
16206	39	1	932	14	0	986
16207	14	11	945	14	0	984
16208	10	943	41	11	0	1005
16209	34	16	12	778	0	840
16210	772	6	6	23	0	807
16211	23	4	4	789	0	820
16212	8	3	783	22	0	816
16213	9	1	13	801	0	824
16214	783	2	5	24	0	814
16215	17	794	6	15	0	832
16216	794	16	4	9	0	823
16217	21	775	2	10	0	808
16218	770	14	4	7	0	795
16219	18	749	4	4	0	775
16220	10	767	2	8	0	787
16221	7	14	740	2	0	763
16222	7	716	12	4	0	739
16223	631	7	4	1	0	643
16224	10	4	1	607	0	622
16225	610	2	3	7	0	622
16226	7	635	1	6	0	649
16227	620	8	1	5	0	634
16228	5	6	643	4	0	658
16229	8	0	8	630	0	646
16230	3	649	5	8	0	665
16231	5	8	1	663	0	677
16232	2	5	3	658	0	668
16233	802	0	2	11	0	815
16234	10	808	1	6	0	825
16235	825	12	1	6	0	844
16236	17	8	824	3	0	852
16237	10	4	790	2	0	806
16238	7	795	20	0	0	822
16239	2	13	11	796	0	822
16240	3	7	821	14	0	845
16241	3	6	13	795	0	817
16242	5	2	7	842	0	856
16243	4	4	801	18	0	827
16244	5	1	807	11	0	824
16245	1	5	826	3	0	835
16246	5	1	844	5	0	855
16247	3	859	26	3	0	891
16248	5	16	11	856	0	888
16249	8	8	8	876	0	900
16250	2	4	874	22	0	902
16251	6	4	17	865	0	892
16252	3	6	920	20	0	949
16253	4	3	21	920	0	948
16254	6	1	17	903	0	927
16255	3	918	12	20	0	953
16256	2	15	9	939	0	965
16257	8	9	6	930	0	953
16258	5	6	5	944	0	960
16259	1	3	930	31	0	965
16260	3	925	17	14	0	959
16261	918	15	19	15	0	967
16262	924	9	7	11	0	951
16263	23	6	9	920	0	958
16264	14	3	9	915	0	941
16265	4	942	5	28	0	979
16266	930	17	3	18	0	968
16267	16	957	0	14	0	987
16268	931	15	5	17	0	968
16269	16	11	924	10	0	961
16270	881	6	17	10	0	914
16271	21	927	12	4	0	964
16272	8	17	4	936	0	965
16273	10	7	7	916	0	940
16274	1	922	3	26	0	952
16275	949	15	2	19	0	985
16276	15	12	4	968	0	999
16277	15	5	5	980	0	1005
16278	987	6	7	23	0	1023
16279	985	5	4	15	0	1009
16280	24	8	969	6	0	1007
16281	978	6	15	15	0	1014
16282	23	4	7	998	0	1032
16283	9	4	991	21	0	1025
16284	12	5	15	986	0	1018
16285	5	6	972	22	0	1005
16286	8	7	962	14	0	991
16287	5	4	24	965	0	998
16288	6	10	959	18	0	993
16289	6	955	24	20	0	1005
16290	6	20	9	951	0	986
16291	4	11	5	1010	0	1030
16292	6	5	997	33	0	1041
16293	2	986	22	14	0	1024
16294	995	19	10	12	0	1036
16295	24	9	10	1010	0	1053
16296	1000	4	7	36	0	1047
16297	24	992	11	13	0	1040
16298	12	24	997	10	0	1043
16299	13	11	28	986	0	1038
16300	992	7	8	31	0	1038
16301	21	3	984	16	0	1024
16302	910	5	27	12	0	954
16303	24	951	14	5	0	994
16304	8	934	11	11	0	964
16305	925	20	6	8	0	959
16306	20	10	10	909	0	949
16307	8	11	6	888	0	913
16308	8	913	10	23	0	954
16309	3	19	5	934	0	961
16310	9	6	8	931	0	954
16311	911	7	10	27	0	955
16312	20	6	7	908	0	941
16313	7	5	915	24	0	951
16314	12	6	19	913	0	950
16315	6	2	10	947	0	965
16316	6	3	940	30	0	979
16317	2	7	19	947	0	975
16318	926	5	10	29	0	970
16319	916	2	8	18	0	944
16320	921	4	2	18	0	945
16321	27	3	5	916	0	951
16322	12	6	925	30	0	973
16323	9	949	19	17	0	994
16324	7	14	7	965	0	993
16325	5	7	967	29	0	1008
16326	6	6	22	951	0	985
16327	16	4	6	964	0	990
16328	920	3	6	26	0	955
16329	18	941	3	16	0	978
16330	8	18	927	10	0	963
16331	875	4	15	13	0	907
16332	20	916	7	9	0	952
16333	3	773	4	2	0	782
16334	782	12	1	3	0	798
16335	12	1	3	789	0	805
16336	3	3	899	10	0	915
16337	5	1	11	877	0	894
16338	3	912	2	13	0	930
16339	912	14	3	6	0	935
16340	14	0	2	908	0	924
16341	910	2	2	15	0	929
16342	14	3	2	892	0	911
16343	0	917	1	13	0	931
16344	941	11	1	8	0	961
16345	915	1	0	14	0	930
16346	17	927	5	2	0	951
16347	902	14	0	8	0	924
16348	20	4	2	883	0	909
16349	4	891	0	15	0	910
16350	883	15	0	9	0	907
16351	18	893	2	2	0	915
16352	860	15	1	8	0	884
16353	17	4	1	868	0	890
16354	872	2	1	16	0	891
16355	872	0	2	7	0	881
16356	881	5	3	7	0	896
16357	22	0	2	867	0	891
16358	5	3	0	890	0	898
16359	876	5	0	14	0	895
16360	17	2	891	3	0	913
16361	3	4	14	897	0	918
16362	6	927	2	13	0	948
16363	3	17	2	946	0	968
16364	5	3	1	960	0	969
16365	7	3	945	16	0	971
16366	5	2	14	1049	0	1070
16367	2	1112	1	22	0	1137
16368	6	24	2	1152	0	1184
16369	7	7	1250	28	0	1292
16370	11	5	31	1234	0	1281
16371	8	4	4	1280	0	1296
16372	1249	6	7	38	0	1300
16373	1256	3	2	25	0	1286
16374	41	7	2	1237	0	1287
16375	17	1189	7	34	0	1247
16376	15	1249	5	12	0	1281
16377	6	34	1208	12	0	1260
16378	11	18	27	1196	0	1252
16379	1208	11	10	36	0	1265
16380	32	8	8	1218	0	1266
16381	11	2	1223	42	0	1278
16382	23	5	26	1199	0	1253
16383	17	2	6	1241	0	1266
16384	6	6	9	1265	0	1286
16385	11	8	1230	43	0	1292
16386	5	1250	28	24	0	1307
16387	1236	28	15	20	0	1299
16388	1252	11	12	16	0	1291
16389	45	10	4	1220	0	1279
16390	17	5	1228	33	0	1283
16391	14	1240	31	16	0	1301
16392	13	32	8	1179	0	1232
16393	5	1242	13	25	0	1285
16394	4	1286	4	17	0	1311
16395	1236	39	5	17	0	1297
16396	32	15	1230	10	0	1287
16397	14	9	1244	9	0	1276
16398	15	7	38	1221	0	1281
16399	10	2	14	1288	0	1314
16400	4	7	1280	34	0	1325
16401	5	3	25	1272	0	1305
16402	6	4	1282	35	0	1327
16403	1224	6	33	16	0	1279
16404	29	4	9	1288	0	1330
16405	15	4	1336	31	0	1386
16406	17	2	28	1281	0	1328
16407	5	1419	13	36	0	1473
16408	1406	26	10	17	0	1459
16409	20	1417	7	16	0	1460
16410	1429	32	7	14	0	1482
16411	37	13	1394	10	0	1454
16412	1409	10	28	10	0	1457
16413	36	6	10	1423	0	1475
16414	12	8	1429	29	0	1478
16415	15	2	28	1408	0	1453
16416	8	5	1378	41	0	1432
16417	1305	6	34	20	0	1365
16418	31	1415	13	16	0	1475
16419	15	30	11	1364	0	1420
16420	15	1432	7	25	0	1479
16421	1424	35	6	13	0	1478
16422	1404	11	4	25	0	1444
16423	37	1390	12	9	0	1448
16424	20	30	3	1377	0	1430
16425	12	11	6	1401	0	1430
16426	9	12	7	1395	0	1423
16427	1371	11	3	51	0	1436
16428	29	1367	10	22	0	1428
16429	15	26	9	1364	0	1414
16430	14	15	13	1364	0	1406
16431	1346	11	4	51	0	1412
16432	38	6	1313	30	0	1387
16433	17	4	1297	17	0	1335
16434	1255	1	35	26	0	1317
16435	30	8	1277	18	0	1333
16436	19	6	1153	7	0	1185
16437	17	20	30	1128	0	1195
16438	1158	4	20	31	0	1213
16439	30	4	11	1147	0	1192
16440	14	7	1159	33	0	1213
16441	1114	2	26	20	0	1162
16442	26	6	1168	9	0	1209
16443	14	1194	29	13	0	1250
16444	10	23	14	1245	0	1292
16445	1253	10	11	31	0	1305
16446	22	8	9	1262	0	1301
16447	9	7	10	1284	0	1310
16448	1313	1	7	38	0	1359
16449	25	3	6	1331	0	1365
16450	15	3	3	1358	0	1379
16451	10	5	1342	31	0	1388
16452	7	9	22	1339	0	1377
16453	1348	4	11	37	0	1400
16454	1359	9	11	11	0	1390
16455	1354	8	4	21	0	1387
16456	39	4	4	1329	0	1376
16457	19	1319	9	23	0	1370
16458	1331	25	9	16	0	1381
16459	23	1339	7	17	0	1386
16460	1323	27	5	11	0	1366
16461	30	8	9	1313	0	1360
16462	1284	7	5	33	0	1329
16463	1281	2	10	14	0	1307
16464	1274	1	3	17	0	1295
16465	32	1231	5	11	0	1279
16466	12	1110	5	9	0	1136
16467	1063	12	2	2	0	1079
16468	13	1065	3	2	0	1083
16469	6	955	2	0	0	963
16470	2	949	3	1	0	955
16471	967	4	0	3	0	974
16472	4	3	0	949	0	956
16473	3	2	0	978	0	983
16474	970	0	13	10	0	993
16475	4	2	992	3	0	1001
16476	6	0	3	1097	0	1106
16477	4	0	2	1087	0	1093
16478	3	0	6	1208	0	1217
16479	1	0	1	1264	0	1266
16480	0	1267	1	24	0	1292
16481	0	1526	2	12	0	1540
16482	1535	26	4	17	0	1582
16483	28	15	0	1540	0	1583
16484	16	4	0	1568	0	1588
16485	5	4	1539	38	0	1586
16486	9	3	24	1532	0	1568
16487	4	2	1569	32	0	1607
16488	7	9	28	1553	0	1597
16489	1	3	1639	37	0	1680
16490	0	1599	34	20	0	1653
16491	6	25	18	1629	0	1678
16492	1635	11	9	41	0	1696
16493	1615	5	9	22	0	1651
16494	46	2	2	1604	0	1654
16495	19	5	1599	36	0	1659
16496	9	11	1582	21	0	1623
16497	1498	1	41	16	0	1556
16498	38	1561	18	11	0	1628
16499	1572	32	10	18	0	1632
16500	1562	15	12	11	0	1600
16501	47	5	1531	11	0	1594
16502	28	8	37	1508	0	1581
16503	14	6	17	1539	0	1576
16504	9	5	14	1598	0	1626
16505	16	5	6	1533	0	1560
16506	14	2	8	1496	0	1520
16507	6	2	1419	66	0	1493
16508	11	6	1422	32	0	1471
16509	11	3	43	1408	0	1465
16510	10	4	29	1441	0	1484
16511	11	3	18	1472	0	1504
16512	1441	3	11	67	0	1522
16513	48	8	13	1441	0	1510
16514	1455	5	7	56	0	1523
16515	59	4	6	1482	0	1551
16516	1513	4	15	55	0	1587
16517	1515	6	9	39	0	1569
16518	1507	6	9	26	0	1548
16519	1502	6	11	16	0	1535
16520	1510	3	5	27	0	1545
16521	70	3	5	1467	0	1545
16522	1480	3	13	52	0	1548
16523	49	1455	13	28	0	1545
16524	1484	36	12	24	0	1556
16525	51	13	10	1512	0	1586
16526	32	12	1490	54	0	1588
16527	24	8	41	1511	0	1584
16528	16	5	1497	70	0	1588
16529	28	3	57	1493	0	1581
16530	13	2	29	1571	0	1615
16531	15	4	1507	78	0	1604
16532	14	3	1526	38	0	1581
16533	22	1	57	1535	0	1615
16534	1537	2	28	60	0	1627
16535	58	8	1533	33	0	1632
16536	33	1550	49	30	0	1662
16537	30	38	1593	22	0	1683
16538	1571	18	53	25	0	1667
16539	61	10	21	1612	0	1704
16540	1616	5	16	66	0	1703
16541	1624	4	17	33	0	1678
16542	74	5	9	1593	0	1681
16543	41	4	1530	59	0	1634
16544	32	5	49	1521	0	1607
16545	26	5	25	1535	0	1591
16546	1488	1	16	77	0	1582
16547	53	1500	16	42	0	1611
16548	30	41	9	1513	0	1593
16549	27	16	1472	65	0	1580
16550	1421	11	51	42	0	1525
16551	61	1448	20	32	0	1561
16552	33	45	23	1479	0	1580
16553	32	19	15	1495	0	1561
16554	21	11	14	1539	0	1585
16555	1471	6	15	83	0	1575
16556	1511	3	14	48	0	1576
16557	72	10	12	1509	0	1603
16558	39	3	1480	77	0	1599
16559	25	1490	50	38	0	1603
16560	1488	49	28	34	0	1599
16561	1546	17	19	29	0	1611
16562	81	15	19	1485	0	1600
16563	42	7	12	1552	0	1613
16564	29	7	1535	75	0	1646
16565	21	1518	54	44	0	1637
16566	1570	49	26	38	0	1683
16567	1591	16	16	33	0	1656
16568	72	1568	19	26	0	1685
16569	1580	47	14	33	0	1674
16570	73	19	14	1554	0	1660
16571	34	13	1539	65	0	1651
16572	31	6	51	1560	0	1648
16573	25	8	1551	69	0	1653
16574	1505	14	53	39	0	1611
16575	64	1492	24	30	0	1610
16576	32	44	13	1408	0	1497
16577	24	15	1391	61	0	1491
16578	17	11	1301	35	0	1364
16579	1224	7	58	29	0	1318
16580	42	1224	21	23	0	1310
16581	1006	28	11	14	0	1059
16582	980	9	5	21	0	1015
16583	989	6	12	9	0	1016
16584	41	5	4	973	0	1023
16585	19	2	959	26	0	1006
16586	15	964	25	11	0	1015
16587	11	27	16	963	0	1017
16588	12	9	966	31	0	1018
16589	9	11	892	10	0	922
16590	6	5	25	896	0	932
16591	9	2	884	21	0	916
16592	813	5	22	8	0	848
16593	23	2	6	863	0	894
16594	9	4	10	900	0	923
16595	891	4	6	28	0	929
16596	27	868	2	23	0	920
16597	925	20	7	8	0	960
16598	32	3	6	897	0	938
16599	7	8	4	922	0	941
16600	10	1	5	932	0	948
16601	8	5	4	917	0	934
16602	892	4	8	30	0	934
16603	23	6	912	12	0	953
16604	6	902	25	13	0	946
16605	19	17	5	909	0	950
16606	864	8	10	26	0	908
16607	911	6	5	14	0	936
16608	25	891	5	13	0	934
16609	888	18	6	7	0	919
16610	22	883	5	9	0	919
16611	10	917	6	12	0	945
16612	18	17	3	912	0	950
16613	6	12	922	23	0	963
16614	14	6	18	908	0	946
16615	902	5	7	24	0	938
16616	20	862	10	8	0	900
16617	14	18	4	868	0	904
16618	4	11	923	21	0	959
16619	925	3	16	8	0	952
16620	946	4	5	15	0	970
16621	967	3	6	9	0	985
16622	23	5	928	10	0	966
16623	895	3	17	7	0	922
16624	22	927	8	9	0	966
16625	7	14	5	893	0	919
16626	5	937	3	11	0	956
16627	940	11	4	9	0	964
16628	908	6	8	10	0	932
16629	16	6	954	6	0	982
16630	12	957	7	5	0	981
16631	5	10	5	971	0	991
16632	4	7	7	967	0	985
16633	11	3	2	950	0	966
16634	5	4	14	914	0	937
16635	10	3	5	938	0	956
16636	7	7	892	23	0	929
16637	5	892	14	10	0	921
16638	904	12	7	10	0	933
16639	13	6	905	9	0	933
16640	12	919	14	9	0	954
16641	924	19	5	8	0	956
16642	22	8	967	5	0	1002
16643	938	4	16	10	0	968
16644	951	4	7	4	0	966
16645	957	5	3	11	0	976
16646	15	966	6	6	0	993
16647	10	20	958	5	0	993
16648	7	974	18	7	0	1006
16649	12	21	8	817	0	858
16650	6	957	6	19	0	988
16651	943	16	6	9	0	974
16652	977	6	5	7	0	995
16653	955	1	1	9	0	966
16654	19	5	989	5	0	1018
16655	6	1011	13	8	0	1038
16656	7	18	6	1130	0	1161
16657	1250	10	2	21	0	1283
16658	34	1217	1	14	0	1266
16659	12	26	1	1233	0	1272
16660	7	7	1251	28	0	1293
16661	1226	5	29	14	0	1274
16662	36	4	1308	7	0	1355
16663	9	3	1342	3	0	1357
16664	1245	2	40	4	0	1291
16665	36	5	1300	3	0	1344
16666	1210	0	35	6	0	1251
16667	38	1224	9	0	0	1271
16668	1273	33	10	8	0	1324
16669	41	7	8	1267	0	1323
16670	16	3	7	1276	0	1302
16671	14	1	8	1307	0	1330
16672	1281	6	7	43	0	1337
16673	1273	4	2	18	0	1297
16674	1277	4	4	10	0	1295
16675	46	1225	4	8	0	1283
16676	17	33	2	1244	0	1296
16677	14	9	1249	38	0	1310
16678	13	10	31	1201	0	1255
16679	13	1191	9	33	0	1246
16680	10	35	9	1194	0	1248
16681	14	10	1	1225	0	1250
16682	1202	10	8	41	0	1261
16683	47	1	6	1204	0	1258
16684	13	8	1185	40	0	1246
16685	15	7	1169	18	0	1209
16686	7	8	45	1171	0	1231
16687	1172	1	16	43	0	1232
16688	51	5	7	1168	0	1231
16689	20	4	9	1199	0	1232
16690	14	2	1159	50	0	1225
16691	7	1149	42	19	0	1217
16692	18	33	12	1172	0	1235
16693	1158	10	8	47	0	1223
16694	40	1136	7	24	0	1207
16695	13	34	8	1165	0	1220
16696	20	11	1168	40	0	1239
16697	11	8	36	1139	0	1194
16698	1128	4	14	51	0	1197
16699	39	1128	10	16	0	1193
16700	18	37	1183	21	0	1259
16701	15	11	43	1169	0	1238
16702	8	11	1198	51	0	1268
16703	1161	6	42	26	0	1235
16704	1182	8	13	23	0	1226
16705	48	9	1168	12	0	1237
16706	24	8	35	1174	0	1241
16707	18	6	1197	44	0	1265
16708	16	1180	43	23	0	1262
16709	16	37	24	1165	0	1242
16710	21	11	1182	41	0	1255
16711	10	15	49	1120	0	1194
16712	12	1139	22	46	0	1219
16713	17	41	16	1151	0	1225
16714	11	15	1140	49	0	1215
16715	1097	13	41	24	0	1175
16716	36	1141	19	25	0	1221
16717	1165	38	14	13	0	1230
16718	47	19	1089	21	0	1176
16719	1084	12	43	20	0	1159
16720	46	5	1100	22	0	1173
16721	1093	9	44	15	0	1161
16722	1150	7	15	17	0	1189
16723	51	13	19	1108	0	1191
16724	30	6	12	1158	0	1206
16725	1113	9	15	55	0	1192
16726	53	1124	15	18	0	1210
16727	1159	38	16	23	0	1236
16728	56	13	13	1127	0	1209
16729	19	1113	14	49	0	1195
16730	19	32	12	1176	0	1239
16731	25	11	11	1199	0	1246
16732	16	14	12	1188	0	1230
16733	17	1158	13	58	0	1246
16734	1180	35	11	25	0	1251
16735	40	15	9	1204	0	1268
16736	23	14	1174	43	0	1254
16737	15	7	1150	31	0	1203
16738	11	10	1141	27	0	1189
16739	1149	8	39	22	0	1218
16740	1151	17	21	18	0	1207
16741	47	1	1139	28	0	1215
16742	21	9	37	1052	0	1119
16743	20	11	16	1097	0	1144
16744	14	8	1132	42	0	1196
16745	17	6	1129	20	0	1172
16746	15	6	40	1153	0	1214
16747	1157	6	22	35	0	1220
16748	1150	7	13	24	0	1194
16749	1151	4	14	20	0	1189
16750	42	1114	15	21	0	1192
16751	19	1156	18	12	0	1205
16752	17	27	11	1146	0	1201
16753	1130	12	12	41	0	1195
16754	37	7	1106	14	0	1164
16755	988	4	26	24	0	1042
16756	31	927	12	6	0	976
16757	3	815	2	4	0	824
16758	790	10	0	11	0	811
16759	10	784	6	2	0	802
16760	3	770	3	3	0	779
16761	748	7	20	6	0	781
16762	4	766	0	1	0	771
16763	3	2	1	764	0	770
16764	5	0	0	757	0	762
16765	751	2	1	4	0	758
16766	754	1	0	4	0	759
16767	2	763	1	3	0	769
16768	1	778	0	3	0	782
16769	1	2	786	1	0	790
16770	772	2	2	2	0	778
16771	811	3	0	2	0	816
16772	837	0	2	2	0	841
16773	9	0	2	849	0	860
16774	5	2	2	880	0	889
16775	901	0	1	10	0	912
16776	9	0	0	906	0	915
16777	1	2	914	11	0	928
16778	2	2	10	920	0	934
16779	2	950	2	14	0	968
16780	0	9	1	973	0	983
16781	1	2	4	995	0	1002
16782	2	2	2	994	0	1000
16783	1002	1	2	22	0	1027
16784	16	998	1	7	0	1022
16785	7	10	1	1010	0	1028
16786	3	6	1016	13	0	1038
16787	2	4	977	5	0	988
16788	6	4	15	980	0	1005
16789	5	1	6	1008	0	1020
16790	999	0	2	21	0	1022
16791	15	1	1	987	0	1004
16792	6	990	1	14	0	1011
16793	4	13	1017	7	0	1041
16794	4	6	11	1021	0	1042
16795	1	6	1058	13	0	1078
16796	3	3	14	1037	0	1057
16797	1042	0	7	16	0	1065
16798	1052	1	3	10	0	1066
16799	18	1033	3	1	0	1055
16800	10	10	3	1027	0	1050
16801	1045	5	5	20	0	1075
16802	1051	1	1	10	0	1063
16803	1079	1	2	3	0	1085
16804	1059	2	3	5	0	1069
16805	1068	1	1	5	0	1075
16806	21	1044	2	3	0	1070
16807	1044	11	2	4	0	1061
16808	17	7	1038	4	0	1066
16809	10	0	12	1052	0	1074
16810	1039	4	5	18	0	1066
16811	1051	3	0	8	0	1062
16812	1045	2	1	8	0	1056
16813	20	4	1041	4	0	1069
16814	14	1	15	1028	0	1058
16815	1064	3	5	20	0	1092
16816	13	1057	0	13	0	1083
16817	1099	13	2	10	0	1124
16818	1087	7	2	9	0	1105
16819	1095	5	1	5	0	1106
16820	20	4	1	1109	0	1134
16821	1126	2	2	23	0	1153
16822	15	3	1133	11	0	1162
16823	8	1	1110	7	0	1126
16824	1098	3	17	8	0	1126
16825	17	4	1129	7	0	1157
16826	1036	1	15	8	0	1060
16827	14	3	1090	2	0	1109
16828	7	1	13	1062	0	1083
16829	1046	2	9	17	0	1074
16830	17	1044	2	8	0	1071
16831	1070	12	4	5	0	1091
16832	15	1049	1	9	0	1074
16833	14	1093	1	1	0	1109
16834	8	17	1	1108	0	1134
16835	7	7	1	1102	0	1117
16836	3	1	4	1116	0	1124
16837	5	1	1119	21	0	1146
16838	1106	1	14	10	0	1131
16839	1162	2	6	7	0	1177
16840	1176	1	2	6	0	1185
16841	1156	0	3	6	0	1165
16842	1160	4	0	3	0	1167
16843	24	3	1087	3	0	1117
16844	15	2	1092	2	0	1111
16845	12	0	18	1092	0	1122
16846	9	1	1106	17	0	1133
16847	1103	1	15	9	0	1128
16848	25	1185	11	1	0	1222
16849	11	22	3	1245	0	1281
16850	1252	6	3	29	0	1290
16851	34	0	3	1251	0	1288
16852	12	3	1259	26	0	1300
16853	5	1	1275	10	0	1291
16854	9	0	28	1307	0	1344
16855	9	1	1311	23	0	1344
16856	1273	3	23	10	0	1309
16857	25	1	11	1310	0	1347
16858	14	2	1320	25	0	1361
16859	3	1311	26	11	0	1351
16860	8	21	11	1320	0	1360
16861	7	5	1330	28	0	1370
16862	14	1	25	1270	0	1310
16863	10	3	11	1290	0	1314
16864	5	4	1322	37	0	1368
16865	9	0	28	1301	0	1338
16866	10	3	10	1305	0	1328
16867	11	0	7	1357	0	1375
16868	1283	2	8	39	0	1332
16869	27	1237	5	15	0	1284
16870	12	1285	6	11	0	1314
16871	5	30	1248	7	0	1290
16872	1182	9	19	12	0	1222
16873	24	4	1206	4	0	1238
16874	12	3	1184	8	0	1207
16875	2	8	25	1150	0	1185
16876	1161	1	12	25	0	1199
16877	16	1169	3	14	0	1202
16878	1153	13	4	13	0	1183
16879	1130	8	3	9	0	1150
16880	25	1130	5	4	0	1164
16881	1114	17	4	5	0	1140
16882	1092	11	1	10	0	1114
16883	18	1090	8	5	0	1121
16884	12	12	4	1088	0	1116
16885	6	6	4	1116	0	1132
16886	1122	2	7	21	0	1152
16887	12	1155	5	11	0	1183
16888	1186	18	1	8	0	1213
16889	1191	9	3	7	0	1210
16890	1221	4	2	8	0	1235
16891	31	1	2	1204	0	1238
16892	14	6	1	1218	0	1239
16893	1174	4	2	29	0	1209
16894	1241	0	4	11	0	1256
16895	1240	5	0	12	0	1257
16896	36	3	1	1296	0	1336
16897	12	6	1314	31	0	1363
16898	19	2	22	1308	0	1351
16899	14	7	7	1430	0	1458
16900	8	3	1410	37	0	1458
16901	9	0	1557	18	0	1584
16902	10	1	39	1586	0	1636
16903	2	4	1611	41	0	1658
16904	1631	1	35	28	0	1695
16905	48	3	17	1635	0	1703
16906	29	2	8	1670	0	1709
16907	1679	3	7	53	0	1742
16908	41	1	3	1678	0	1723
16909	27	1	13	1701	0	1742
16910	15	1	6	1720	0	1742
16911	11	1	3	1737	0	1752
16912	8	1	1672	61	0	1742
16913	10	2	40	1668	0	1720
16914	8	0	1677	54	0	1739
16915	7	1676	39	27	0	1749
16916	11	34	18	1676	0	1739
16917	6	16	1633	45	0	1700
16918	1550	6	39	35	0	1630
16919	39	1623	22	18	0	1702
16920	1648	33	11	17	0	1709
16921	45	19	8	1599	0	1671
16922	24	1625	10	44	0	1703
16923	1628	35	9	26	0	1698
16924	44	1650	5	19	0	1718
16925	1671	40	4	20	0	1735
16926	48	21	8	1641	0	1718
16927	1672	15	7	45	0	1739
16928	42	1702	6	30	0	1780
16929	1715	37	8	14	0	1774
16930	51	23	1662	9	0	1745
16931	36	12	34	1666	0	1748
16932	1675	9	24	45	0	1753
16933	1690	5	9	39	0	1743
16934	61	12	6	1648	0	1727
16935	39	5	1631	46	0	1721
16936	16	1537	35	27	0	1615
16937	19	1635	21	17	0	1692
16938	1645	48	8	17	0	1718
16939	45	27	2	1607	0	1681
16940	33	13	5	1637	0	1688
16941	1622	4	9	68	0	1703
16942	1633	6	9	39	0	1687
16943	65	7	1617	17	0	1706
16944	43	8	33	1627	0	1711
16945	21	4	1612	43	0	1680
16946	13	1597	35	39	0	1684
16947	1517	29	27	23	0	1596
16948	35	1514	12	15	0	1576
16949	23	1494	11	14	0	1542
16950	15	41	14	1482	0	1552
16951	1459	23	13	37	0	1532
16952	27	1471	7	28	0	1533
16953	1464	26	11	11	0	1512
16954	32	1440	10	13	0	1495
16955	23	27	9	1447	0	1506
16956	1451	19	5	38	0	1513
16957	36	11	1449	25	0	1521
16958	27	10	26	1449	0	1512
16959	15	6	1448	37	0	1506
16960	10	1375	31	31	0	1447
16961	11	1444	22	18	0	1495
16962	1394	44	12	12	0	1462
16963	32	1445	8	19	0	1504
16964	1419	30	6	18	0	1473
16965	1427	21	12	13	0	1473
16966	47	9	1385	14	0	1455
16967	1378	9	28	14	0	1429
16968	41	10	1439	13	0	1503
16969	22	1425	31	16	0	1494
16970	1434	26	24	13	0	1497
16971	35	1422	10	10	0	1477
16972	27	34	10	1423	0	1494
16973	1437	20	6	34	0	1497
16974	32	13	8	1434	0	1487
16975	28	12	1450	38	0	1528
16976	20	6	32	1437	0	1495
16977	14	13	20	1452	0	1499
16978	1434	9	11	52	0	1506
16979	38	10	1421	27	0	1496
16980	1454	11	29	19	0	1513
16981	1500	10	22	15	0	1547
16982	63	7	11	1514	0	1595
16983	31	15	10	1537	0	1593
16984	1525	6	5	57	0	1593
16985	48	1517	8	28	0	1601
16986	41	31	7	1526	0	1605
16987	18	24	1486	37	0	1565
16988	19	9	1411	28	0	1467
16989	14	1485	43	15	0	1557
16990	14	33	28	1460	0	1535
16991	19	22	6	1490	0	1537
16992	1475	10	8	50	0	1543
16993	48	11	11	1467	0	1537
16994	1400	7	10	35	0	1452
16995	39	1364	4	27	0	1434
16996	27	1308	4	24	0	1363
16997	11	1359	5	19	0	1394
16998	1307	29	18	23	0	1377
16999	1220	23	7	12	0	1262
17000	38	1203	2	10	0	1253
17001	1004	13	9	6	0	1032
17002	10	974	7	6	0	997
17003	8	16	2	948	0	974
17004	5	944	2	12	0	963
17005	947	8	2	18	0	975
17006	967	5	3	3	0	978
17007	16	6	0	926	0	948
17008	929	4	2	15	0	950
17009	14	10	2	922	0	948
17010	10	942	2	8	0	962
17011	7	21	0	934	0	962
17012	10	938	0	11	0	959
17013	936	9	3	12	0	960
17014	11	14	895	3	0	923
17015	878	4	8	7	0	897
17016	11	11	4	899	0	925
17017	9	3	901	16	0	929
17018	870	8	10	9	0	897
17019	16	2	926	5	0	949
17020	17	1	8	884	0	910
17021	5	0	4	917	0	926
17022	8	3	2	885	0	898
17023	8	1	1	898	0	908
17024	2	886	2	14	0	904
17025	6	12	0	922	0	940
17026	908	12	2	21	0	943
17027	23	3	899	6	0	931
17028	8	959	19	4	0	990
17029	989	14	5	4	0	1012
17030	1103	4	1	13	0	1121
17031	26	3	8	1223	0	1260
17032	14	4	1229	23	0	1270
17033	9	3	29	1209	0	1250
17034	15	1	12	1332	0	1360
17035	6	3	1295	39	0	1343
17036	0	1365	27	27	0	1419
17037	1383	26	15	22	0	1446
17038	1398	26	3	10	0	1437
17039	1434	10	4	16	0	1464
17040	62	3	6	1396	0	1467
17041	36	6	8	1423	0	1473
17042	1431	7	1	54	0	1493
17043	42	3	2	1384	0	1431
17044	34	1388	4	42	0	1468
17045	1448	30	4	37	0	1519
17046	1457	22	10	34	0	1523
17047	1551	11	6	21	0	1589
17048	1569	6	3	20	0	1598
17049	61	10	1483	14	0	1568
17050	50	12	1484	3	0	1549
17051	36	4	51	1458	0	1549
17052	34	6	29	1480	0	1549
17053	26	4	1475	57	0	1562
17054	18	3	1473	41	0	1535
17055	25	2	56	1472	0	1555
17056	1484	3	30	48	0	1565
17057	53	5	17	1458	0	1533
17058	31	8	1461	48	0	1548
17059	28	1518	37	31	0	1614
17060	1530	31	28	22	0	1611
17061	1576	23	19	17	0	1635
17062	1594	11	19	12	0	1636
17063	1600	3	22	16	0	1641
17064	70	5	1540	12	0	1627
17065	44	1	42	1538	0	1625
17066	1549	2	32	55	0	1638
17067	45	6	28	1551	0	1630
17068	47	2	17	1494	0	1560
17069	27	1467	11	68	0	1573
17070	27	34	7	1530	0	1598
17071	1514	23	7	55	0	1599
17072	49	1505	12	34	0	1600
17073	1502	39	7	25	0	1573
17074	58	1521	5	12	0	1596
17075	46	38	7	1414	0	1505
17076	30	1432	6	46	0	1514
17077	22	1505	10	31	0	1568
17078	1484	51	9	26	0	1570
17079	53	34	1447	24	0	1558
17080	32	19	1401	24	0	1476
17081	24	10	1407	22	0	1463
17082	1307	17	57	22	0	1403
17083	42	1330	37	23	0	1432
17084	41	1399	19	14	0	1473
17085	1353	56	10	19	0	1438
17086	58	1335	6	17	0	1416
17087	43	1395	14	18	0	1470
17088	31	59	20	1390	0	1500
17089	22	42	1372	52	0	1488
17090	26	23	1369	42	0	1460
17091	29	18	55	1381	0	1483
17092	1347	18	39	50	0	1454
17093	54	1365	31	38	0	1488
17094	48	48	21	1382	0	1499
17095	40	30	1366	52	0	1488
17096	36	20	1332	37	0	1425
17097	34	24	56	1352	0	1466
17098	1354	14	42	53	0	1463
17099	1368	24	23	48	0	1463
17100	83	19	1326	27	0	1455
17101	1344	17	39	31	0	1431
17102	60	19	1353	30	0	1462
17103	59	9	57	1276	0	1401
17104	34	1343	47	57	0	1481
17105	1378	41	31	45	0	1495
17106	69	30	22	1391	0	1512
17107	52	24	25	1373	0	1474
17108	48	11	29	1428	0	1516
17109	33	13	26	1430	0	1502
17110	29	7	1362	79	0	1477
17111	29	1334	54	51	0	1468
17112	34	40	40	1393	0	1507
17113	1372	25	35	65	0	1497
17114	47	20	29	1393	0	1489
17115	46	13	25	1406	0	1490
17116	34	13	1352	84	0	1483
17117	31	18	1295	58	0	1402
17118	28	1300	62	41	0	1431
17119	29	1351	44	31	0	1455
17120	33	55	19	1368	0	1475
17121	1346	34	13	62	0	1455
17122	49	24	1332	51	0	1456
17123	44	1351	39	42	0	1476
17124	43	34	35	1318	0	1430
17125	13	1349	32	51	0	1445
17126	28	47	12	1324	0	1411
17127	26	1342	17	45	0	1430
17128	23	40	13	1264	0	1340
17129	1202	33	13	56	0	1304
17130	27	1104	16	33	0	1180
17131	16	30	4	971	0	1021
17132	947	19	11	20	0	997
17133	16	958	8	18	0	1000
17134	10	833	4	14	0	861
17135	21	824	9	7	0	861
17136	14	14	8	760	0	796
17137	9	10	1	766	0	786
17138	3	763	2	13	0	781
17139	6	15	4	769	0	794
17140	3	6	782	14	0	805
17141	2	798	17	4	0	821
17142	2	28	1	773	0	804
17143	4	793	1	10	0	808
17144	5	8	757	3	0	773
17145	2	757	6	4	0	769
17146	680	4	4	9	0	697
17147	2	3	0	677	0	682
17148	670	0	1	7	0	678
17149	2	2	681	2	0	687
17150	3	0	2	689	0	694
17151	1	1	697	3	0	702
17152	2	1	2	691	0	696
17153	705	2	3	3	0	713
17154	2	1	0	703	0	706
17155	697	2	1	8	0	708
17156	3	717	0	5	0	725
17157	714	3	0	1	0	718
17158	2	3	729	2	0	736
17159	3	712	4	1	0	720
17160	0	4	2	719	0	725
17161	1	2	0	719	0	722
17162	1	1	713	4	0	719
17163	0	714	2	3	0	719
17164	1	2	2	726	0	731
17165	0	738	1	6	0	745
17166	2	2	0	735	0	739
17167	0	733	0	2	0	735
17168	722	2	0	3	0	727
17169	4	3	0	729	0	736
17170	2	0	730	3	0	735
17171	0	740	3	2	0	745
17172	1	761	3	1	0	766
17173	2	4	757	1	0	764
17174	0	759	2	0	0	761
17175	2	2	2	745	0	751
17176	0	3	782	1	0	786
17177	1	0	2	766	0	769
17178	0	1	2	782	0	785
17179	0	1	782	3	0	786
17180	733	0	2	5	0	740
17181	1	0	2	779	0	782
17182	3	0	848	2	0	853
17183	1	842	3	2	0	848
17184	854	1	2	5	0	862
17185	1	854	0	1	0	856
17186	2	1	0	867	0	870
17187	825	2	0	4	0	831
17188	2	0	0	816	0	818
17189	3	1	826	1	0	831
17190	0	0	1	826	0	827
17191	1	0	834	0	0	835
17192	802	0	1	4	0	807
17193	1	1	837	0	0	839
17194	825	0	1	2	0	828
17195	823	0	4	5	0	832
17196	4	0	854	0	0	858
17197	2	2	825	0	0	829
17198	0	869	3	2	0	874
17199	886	1	2	4	0	893
17200	1	3	2	916	0	922
17201	3	0	0	908	0	911
17202	1018	1	1	9	0	1029
17203	1041	1	0	4	0	1046
17204	1031	1	0	5	0	1037
17205	1040	0	0	3	0	1043
17206	6	0	1	1022	0	1029
17207	1057	3	0	2	0	1062
17208	3	0	0	1057	0	1060
17209	6	1	1	1034	0	1042
17210	3	0	1	1049	0	1053
17211	1	1	1045	4	0	1051
17212	1	1013	1	3	0	1018
17213	0	1024	5	3	0	1032
17214	1	4	0	1040	0	1045
17215	1042	2	1	3	0	1048
17216	2	1	0	1028	0	1031
17217	1030	1	0	5	0	1036
17218	1	2	1072	4	0	1079
17219	1022	1	1	4	0	1028
17220	2	0	3	1064	0	1069
17221	1083	1	0	10	0	1094
17222	1063	1	1	7	0	1072
17223	1054	0	0	7	0	1061
17224	6	0	1	1048	0	1055
17225	4	4	1040	1	0	1049
17226	2	0	1	1044	0	1047
17227	1061	1	3	7	0	1072
17228	2	2	1193	3	0	1200
17229	5	2	4	1258	0	1269
17230	1302	0	3	13	0	1318
17231	7	3	1302	5	0	1317
17232	1380	1	7	6	0	1394
17233	1424	2	4	6	0	1436
17234	13	2	0	1440	0	1455
17235	6	0	4	1461	0	1471
17236	1479	2	1	19	0	1501
17237	15	1	0	1522	0	1538
17238	1499	1	4	23	0	1527
17239	18	1558	1	11	0	1588
17240	12	1576	5	1	0	1594
17241	8	19	0	1585	0	1612
17242	7	7	1621	17	0	1652
17243	3	1613	15	11	0	1642
17244	1587	18	7	16	0	1628
17245	20	1589	0	1	0	1610
17246	7	19	1600	4	0	1630
17247	8	11	15	1565	0	1599
17248	2	4	1622	18	0	1646
17249	0	1671	19	7	0	1697
17250	4	19	8	1653	0	1684
17251	4	1656	4	21	0	1685
17252	0	21	1631	8	0	1660
17253	7	7	18	1610	0	1642
17254	1	7	1669	19	0	1696
17255	5	3	23	1644	0	1675
17256	1660	5	8	25	0	1698
17257	18	3	1649	12	0	1682
17258	1554	8	19	8	0	1589
17259	15	1	1636	8	0	1660
17260	19	4	15	1617	0	1655
17261	2	4	1715	17	0	1738
17262	8	0	16	1731	0	1755
17263	11	2	12	1738	0	1763
17264	4	1	5	1719	0	1729
17265	13	1	3	1739	0	1756
17266	0	2	1816	26	0	1844
17267	1742	4	16	23	0	1785
17268	16	0	15	1903	0	1934
17269	1914	3	2	30	0	1949
17270	1956	3	12	15	0	1986
17271	1996	1	0	22	0	2019
17272	31	1	3	2034	0	2069
17273	13	0	7	2068	0	2088
17274	9	2306	2	36	0	2353
17275	2466	25	9	19	0	2519
17276	2598	15	2	9	0	2624
17277	2634	3	3	17	0	2657
17278	65	6	2667	9	0	2747
17279	38	3	42	2678	0	2761
17280	30	3	2684	47	0	2764
17281	2646	5	50	30	0	2731
17282	2712	1	23	24	0	2760
17283	62	5	22	2656	0	2745
17284	40	1	11	2615	0	2667
17285	28	2687	14	52	0	2781
17286	2731	37	5	38	0	2811
17287	2749	18	11	26	0	2804
17288	61	2720	10	19	0	2810
17289	2750	46	8	28	0	2832
17290	70	25	14	2726	0	2835
17291	52	12	1	2773	0	2838
17292	2762	10	4	72	0	2848
17293	59	9	2761	37	0	2866
17294	2717	8	39	37	0	2801
17295	2784	7	18	27	0	2836
17296	76	2716	16	12	0	2820
17297	2749	47	7	23	0	2826
17298	73	19	2687	7	0	2786
17299	46	14	43	2701	0	2804
17300	2726	12	18	61	0	2817
17301	71	10	12	2718	0	2811
17302	37	5	2583	57	0	2682
17303	36	7	48	2497	0	2588
17304	28	2773	20	62	0	2883
17305	28	52	24	2834	0	2938
17306	25	22	12	2874	0	2933
17307	30	12	19	2789	0	2850
17308	18	9	7	2874	0	2908
17309	17	15	2799	82	0	2913
17310	17	9	42	2820	0	2888
17311	2811	8	26	81	0	2926
17312	50	2784	16	46	0	2896
17313	39	51	6	2852	0	2948
17314	18	27	2875	58	0	2978
17315	28	12	42	2919	0	3001
17316	2937	9	24	81	0	3051
17317	2924	10	16	59	0	3009
17318	2898	5	17	40	0	2960
17319	79	4	19	2911	0	3013
17320	55	6	2918	66	0	3045
17321	46	2917	46	29	0	3038
17322	2948	46	26	40	0	3060
17323	72	18	21	2944	0	3055
17324	35	23	16	2994	0	3068
17325	36	13	2957	81	0	3087
17326	31	2880	48	47	0	3006
17327	32	3027	28	33	0	3120
17328	34	57	18	2910	0	3019
17329	16	29	2845	66	0	2956
17330	2644	22	43	44	0	2753
17331	58	22	2749	28	0	2857
17332	2597	17	46	41	0	2701
17333	66	2788	19	35	0	2908
17334	29	39	2795	20	0	2883
17335	2665	21	51	26	0	2763
17336	63	2737	21	13	0	2834
17337	2814	42	23	30	0	2909
17338	57	29	2772	14	0	2872
17339	30	2761	43	14	0	2848
17340	2789	35	23	27	0	2874
17341	57	27	2689	19	0	2792
17342	2660	17	36	18	0	2731
17343	61	10	37	2663	0	2771
17344	2697	17	23	43	0	2780
17345	71	13	11	2678	0	2773
17346	2677	8	14	59	0	2758
17347	63	14	2690	25	0	2792
17348	36	7	36	2715	0	2794
17349	37	5	22	2700	0	2764
17350	23	10	2676	62	0	2771
17351	31	7	41	2649	0	2728
17352	22	2217	42	76	0	2357
17353	16	48	24	2843	0	2931
17354	15	18	11	3021	0	3065
17355	18	19	16	3268	0	3321
17356	22	11	3241	109	0	3383
17357	3144	14	74	68	0	3300
17358	85	4	36	3440	0	3565
17359	40	6	3502	95	0	3643
17360	3415	8	85	68	0	3576
17361	3544	10	40	40	0	3634
17362	3616	13	30	26	0	3685
17363	139	11	14	3535	0	3699
17364	73	3	19	3916	0	4011
17365	49	9	16	3846	0	3920
17366	45	3760	13	155	0	3973
17367	3759	97	11	88	0	3955
17368	3792	37	18	62	0	3909
17369	153	27	11	3750	0	3941
17370	84	16	3637	119	0	3856
17371	71	16	3648	57	0	3792
17372	49	3471	122	49	0	3691
17373	39	3615	74	33	0	3761
17374	3207	116	38	68	0	3429
17375	99	3163	19	28	0	3309
17376	3097	90	13	26	0	3226
17377	3094	35	11	28	0	3168
17378	3028	27	10	29	0	3094
17379	134	21	20	2985	0	3160
17380	74	18	16	3182	0	3290
17381	3234	20	8	125	0	3387
17382	124	21	13	3309	0	3467
17383	63	12	3281	111	0	3467
17384	3317	24	92	52	0	3485
17385	126	16	32	3318	0	3492
17386	84	19	16	3349	0	3468
17387	57	20	11	3419	0	3507
17388	48	8	3299	152	0	3507
17389	3138	14	93	92	0	3337
17390	132	5	3298	42	0	3477
17391	62	9	108	3281	0	3460
17392	43	7	3323	123	0	3496
17393	61	11	113	3203	0	3388
17394	44	8	51	3352	0	3455
17395	28	8	3361	154	0	3551
17396	39	13	110	3159	0	3321
17397	37	3372	59	114	0	3582
17398	3365	98	24	81	0	3568
17399	3452	29	36	65	0	3582
17400	143	20	28	3416	0	3607
17401	72	15	3432	125	0	3644
17402	45	3262	115	69	0	3491
17403	35	3494	45	64	0	3638
17404	3250	120	51	49	0	3470
17405	121	51	3190	55	0	3417
17406	3216	33	110	48	0	3407
17407	147	17	54	3207	0	3425
17408	82	14	38	3309	0	3443
17409	3174	23	34	168	0	3399
17410	129	3169	30	90	0	3418
17411	70	109	3192	52	0	3423
17412	61	49	106	3141	0	3357
17413	51	26	3231	120	0	3428
17414	29	3144	130	77	0	3380
17415	49	105	65	3177	0	3396
17416	3125	50	37	153	0	3365
17417	3195	34	42	83	0	3354
17418	171	23	3126	49	0	3369
17419	72	3123	114	61	0	3370
17420	3077	106	68	51	0	3302
17421	135	3120	35	53	0	3343
17422	79	117	39	3097	0	3332
17423	3084	65	26	139	0	3314
17424	136	33	33	3128	0	3330
17425	72	27	3068	144	0	3311
17426	65	37	118	3062	0	3282
17427	49	34	3050	142	0	3275
17428	57	35	112	3014	0	3218
17429	2989	22	58	158	0	3227
17430	132	3007	54	76	0	3269
17431	3003	116	42	74	0	3235
17432	156	52	38	2972	0	3218
17433	80	53	31	3011	0	3175
17434	49	37	2709	175	0	2970
17435	53	39	2981	96	0	3169
17436	61	2930	150	82	0	3223
17437	46	116	2920	67	0	3149
17438	2751	48	136	72	0	3007
17439	126	2870	83	53	0	3132
17440	76	2971	38	72	0	3157
17441	72	3024	46	51	0	3193
17442	54	163	36	2933	0	3186
17443	56	73	3002	126	0	3257
17444	54	3047	131	74	0	3306
17445	64	132	61	2803	0	3060
17446	49	3071	63	126	0	3309
17447	3005	138	47	82	0	3272
17448	3072	76	47	64	0	3259
17449	153	58	43	3022	0	3276
17450	88	54	47	3057	0	3246
17451	2907	39	38	178	0	3162
17452	133	2858	41	93	0	3125
17453	65	2921	36	79	0	3101
17454	64	127	26	2673	0	2890
17455	33	53	2415	99	0	2600
17456	35	2346	77	75	0	2533
17457	2204	82	50	44	0	2380
17458	73	2122	34	54	0	2283
17459	46	2153	26	41	0	2266
17460	2013	89	24	24	0	2150
17461	76	2109	17	33	0	2235
17462	32	81	2052	31	0	2196
17463	31	2033	57	44	0	2165
17464	1678	51	41	15	0	1785
17465	32	1687	19	14	0	1752
17466	1682	42	14	16	0	1754
17467	49	24	9	1644	0	1726
17468	27	20	13	1677	0	1737
17469	20	13	1701	47	0	1781
17470	16	1706	30	31	0	1783
17471	16	36	12	1730	0	1794
17472	1697	24	13	38	0	1772
17473	1699	20	4	29	0	1752
17474	41	1729	15	18	0	1803
17475	28	35	10	1764	0	1837
17476	1766	17	13	45	0	1841
17477	1780	25	9	23	0	1837
17478	48	19	1701	14	0	1782
17479	23	17	1604	12	0	1656
17480	22	14	1545	8	0	1589
17481	8	1484	31	11	0	1534
17482	1357	27	27	8	0	1419
17483	34	1356	6	5	0	1401
17484	1346	30	14	7	0	1397
17485	28	1469	5	3	0	1505
17486	13	24	6	1529	0	1572
17487	1535	17	4	22	0	1578
17488	28	8	1521	10	0	1567
17489	1491	10	20	7	0	1528
17490	1535	8	4	11	0	1558
17491	26	1518	6	7	0	1557
17492	12	1544	8	5	0	1569
17493	1574	26	11	8	0	1619
17494	25	10	1605	6	0	1646
17495	1492	15	22	7	0	1536
17496	1509	7	2	3	0	1521
17497	30	6	5	1482	0	1523
17498	1525	9	2	27	0	1563
17499	27	3	2	1546	0	1578
17500	10	4	5	1559	0	1578
17501	11	6	3	1532	0	1552
17502	9	1523	1	23	0	1556
17503	1544	20	2	13	0	1579
17504	1565	4	3	9	0	1581
17505	24	8	2	1563	0	1597
17506	10	5	1	1557	0	1573
17507	11	1569	2	22	0	1604
17508	1581	26	1	4	0	1612
17509	25	8	1546	3	0	1582
17510	8	9	23	1560	0	1600
17511	9	3	1553	25	0	1590
17512	10	6	23	1563	0	1602
17513	7	8	1597	23	0	1635
17514	13	7	22	1560	0	1602
17515	1589	7	5	28	0	1629
17516	28	4	1634	12	0	1678
17517	1590	3	22	22	0	1637
17518	29	1729	7	9	0	1774
17519	10	22	13	1748	0	1793
17520	17	5	3	1769	0	1794
17521	1824	6	5	26	0	1861
17522	30	8	9	1878	0	1925
17523	11	8	1904	28	0	1951
17524	1849	7	19	16	0	1891
17525	1949	4	5	16	0	1974
17526	1944	6	9	11	0	1970
17527	1950	4	4	18	0	1976
17528	32	1919	6	9	0	1966
17529	17	22	10	1928	0	1977
17530	1935	6	4	30	0	1975
17531	37	6	3	1922	0	1968
17532	1909	7	2	31	0	1949
17533	35	8	1886	8	0	1937
17534	14	9	1897	5	0	1925
17535	15	17	17	1787	0	1836
17536	11	1845	7	19	0	1882
17537	8	1929	6	14	0	1957
17538	1901	18	3	21	0	1943
17539	28	4	1878	13	0	1923
17540	1698	3	15	21	0	1737
17541	21	1839	5	9	0	1874
17542	1848	14	3	19	0	1884
17543	20	4	4	1802	0	1830
17544	9	2	1858	22	0	1891
17545	13	8	14	1831	0	1866
17546	10	3	6	1831	0	1850
17547	7	1831	7	21	0	1866
17548	8	1936	2	10	0	1956
17549	7	23	3	1935	0	1968
17550	7	1942	8	22	0	1979
17551	9	13	1938	8	0	1968
17552	8	5	1848	8	0	1869
17553	1778	1	14	13	0	1806
17554	1908	4	10	18	0	1940
17555	24	1898	3	5	0	1930
17556	7	17	6	1905	0	1935
17557	13	1	5	1922	0	1941
17558	10	4	1903	22	0	1939
17559	11	7	18	1775	0	1811
17560	7	1851	2	22	0	1882
17561	8	20	1788	6	0	1822
17562	5	5	1756	10	0	1776
17563	9	1700	22	6	0	1737
17564	7	19	1763	5	0	1794
17565	12	2	23	1738	0	1775
17566	13	4	8	1553	0	1578
17567	11	4	1807	19	0	1841
17568	7	11	16	1762	0	1796
17569	9	1742	5	21	0	1777
17570	5	1796	4	9	0	1814
17571	13	29	6	1761	0	1809
17572	7	7	1813	21	0	1848
17573	6	1854	22	8	0	1890
17574	18	23	4	1818	0	1863
17575	3	9	1802	15	0	1829
17576	1680	3	13	10	0	1706
17577	1759	2	4	12	0	1777
17578	1786	0	4	8	0	1798
17579	21	1	3	1742	0	1767
17580	6	1	0	1751	0	1758
17581	6	2	1798	15	0	1821
17582	10	6	13	1763	0	1792
17583	6	0	2	1813	0	1821
17584	2	3	1808	14	0	1827
17585	1476	3	14	14	0	1507
17586	12	1607	5	4	0	1628
17587	1601	10	3	9	0	1623
17588	14	1596	2	4	0	1616
17589	5	13	3	1617	0	1638
17590	4	5	1625	11	0	1645
17591	7	8	10	1574	0	1599
17592	1	4	1603	14	0	1622
17593	1332	3	12	13	0	1360
17594	11	0	1526	7	0	1544
17595	2	3	13	1473	0	1491
17596	5	4	1517	13	0	1539
17597	3	1536	18	4	0	1561
17598	9	14	3	1534	0	1560
17599	11	1	7	1515	0	1534
17600	5	4	2	1583	0	1594
17601	5	4	1575	20	0	1604
17602	5	2	1599	7	0	1613
17603	6	3	17	1628	0	1654
17604	5	1	8	1974	0	1988
17605	6	0	3	2122	0	2131
17606	2177	3	7	68	0	2255
17607	47	0	3	2305	0	2355
17608	24	3	2396	55	0	2478
17609	2589	4	54	37	0	2684
17610	70	3	29	2703	0	2805
17611	2900	4	10	82	0	2996
17612	2937	1	11	49	0	2998
17613	120	2	4	2896	0	3022
17614	2907	1	7	88	0	3003
17615	2931	2	6	61	0	3000
17616	116	2	2852	18	0	2988
17617	52	2876	73	16	0	3017
17618	41	69	35	2684	0	2829
17619	27	39	15	2850	0	2931
17620	2802	9	13	124	0	2948
17621	2784	8	9	66	0	2867
17622	2785	5	6	31	0	2827
17623	124	1	2614	18	0	2757
17624	65	2652	75	14	0	2806
17625	2670	71	39	20	0	2800
17626	91	2699	18	14	0	2822
17627	2713	78	12	22	0	2825
17628	98	45	9	2677	0	2829
17629	2718	18	8	91	0	2835
17630	2737	10	6	58	0	2811
17631	2774	8	8	32	0	2822
17632	134	7	2681	21	0	2843
17633	2749	5	74	28	0	2856
17634	115	2714	43	15	0	2887
17635	2806	73	12	25	0	2916
17636	2828	44	10	21	0	2903
17637	2875	17	9	21	0	2922
17638	142	14	18	2693	0	2867
17639	80	2732	13	82	0	2907
17640	2766	79	9	58	0	2912
17641	112	45	2743	28	0	2928
17642	80	2798	78	19	0	2975
17643	58	86	40	2582	0	2766
17644	45	2768	19	71	0	2903
17645	2762	88	14	43	0	2907
17646	2868	53	12	32	0	2965
17647	148	25	8	2769	0	2950
17648	84	15	2696	89	0	2884
17649	40	2694	79	58	0	2871
17650	65	84	53	2104	0	2306
17651	53	51	23	2721	0	2848
17652	53	19	12	2849	0	2933
17653	2800	17	17	132	0	2966
17654	2859	23	11	72	0	2965
17655	2889	11	14	38	0	2952
17656	2932	21	13	30	0	2996
17657	174	20	16	2822	0	3032
17658	99	17	2858	101	0	3075
17659	62	14	79	2915	0	3070
17660	58	10	46	2972	0	3086
17661	57	13	17	3021	0	3108
17662	67	15	21	3015	0	3118
17663	2933	11	21	161	0	3126
17664	123	26	22	2974	0	3145
17665	2980	11	20	125	0	3136
17666	3011	18	10	102	0	3141
17667	187	14	2835	52	0	3088
17668	127	12	2832	48	0	3019
17669	78	12	2943	57	0	3090
17670	75	19	126	2825	0	3045
17671	76	17	2896	103	0	3092
17672	59	18	111	2840	0	3028
17673	59	24	63	2849	0	2995
17674	2858	21	31	162	0	3072
17675	125	22	20	2826	0	2993
17676	110	2882	23	119	0	3134
17677	2973	83	24	90	0	3170
17678	138	2981	25	49	0	3193
17679	98	97	3012	40	0	3247
17680	51	3080	98	38	0	3267
17681	3026	105	71	40	0	3242
17682	124	73	29	3014	0	3240
17683	106	29	2978	107	0	3220
17684	3005	25	91	82	0	3203
17685	144	26	58	3010	0	3238
17686	116	21	2991	99	0	3227
17687	86	22	96	3040	0	3244
17688	68	23	76	3068	0	3235
17689	75	24	25	3088	0	3212
17690	57	3000	32	141	0	3230
17691	3065	95	18	90	0	3268
17692	140	55	21	3023	0	3239
17693	106	3039	17	102	0	3264
17694	66	90	22	3103	0	3281
17695	59	72	3055	110	0	3296
17696	60	3059	85	85	0	3289
17697	3039	97	70	57	0	3263
17698	3088	78	30	41	0	3237
17699	151	34	26	3017	0	3228
17700	102	37	22	3072	0	3233
17701	3017	27	23	150	0	3217
17702	2942	22	18	93	0	3075
17703	135	2968	17	62	0	3182
17704	2611	65	18	42	0	2736
17705	102	32	2450	25	0	2609
17706	56	15	2394	27	0	2492
17707	26	2290	72	26	0	2414
17708	26	2250	33	23	0	2332
17709	1959	42	42	26	0	2069
17710	35	1969	6	10	0	2020
17711	1826	24	3	6	0	1859
17712	1804	14	1	12	0	1831
17713	1768	1	6	11	0	1786
17714	30	7	6	1742	0	1785
17715	1763	2	5	25	0	1795
17716	28	9	1714	7	0	1758
17717	14	9	1715	6	0	1744
17718	12	1736	29	8	0	1785
17719	7	22	1741	1	0	1771
17720	21	10	25	1665	0	1721
17721	10	9	1751	19	0	1789
17722	12	7	1705	12	0	1736
17723	7	3	31	1709	0	1750
17724	1737	4	15	27	0	1783
17725	1727	5	13	17	0	1762
17726	28	7	1794	5	0	1834
17727	1741	6	21	14	0	1782
17728	26	5	1801	8	0	1840
17729	1796	1	23	14	0	1834
17730	1854	3	18	11	0	1886
17731	36	2	9	1845	0	1892
17732	10	4	7	1789	0	1810
17733	14	1745	5	25	0	1789
17734	12	1789	8	12	0	1821
17735	7	22	15	1744	0	1788
17736	11	12	5	1768	0	1796
17737	1720	7	8	26	0	1761
17738	29	1712	0	12	0	1753
17739	1693	16	6	19	0	1734
17740	19	1705	6	9	0	1739
17741	17	21	1672	8	0	1718
17742	14	16	21	1639	0	1690
17743	1672	9	9	31	0	1721
17744	1692	4	6	27	0	1729
17745	33	1729	8	13	0	1783
17746	12	1771	8	8	0	1799
17747	11	1818	3	3	0	1835
17748	16	37	2	1975	0	2030
17749	6	17	2009	38	0	2070
17750	7	2017	33	12	0	2069
17751	10	40	14	2051	0	2115
17752	9	14	6	2091	0	2120
17753	5	10	2041	46	0	2102
17754	5	8	2021	18	0	2052
17755	1955	4	47	22	0	2028
17756	43	7	2068	7	0	2125
17757	2012	8	42	10	0	2072
17758	1972	9	17	12	0	2010
17759	1983	5	11	14	0	2013
17760	1967	6	13	17	0	2003
17761	61	5	1908	6	0	1980
17762	29	1927	37	7	0	2000
17763	21	35	19	1893	0	1968
17764	20	15	1920	39	0	1994
17765	22	16	48	1859	0	1945
17766	15	1729	28	40	0	1812
17767	18	39	12	1937	0	2006
17768	19	17	17	1936	0	1989
17769	21	10	8	1923	0	1962
17770	1897	12	6	59	0	1974
17771	47	9	12	1900	0	1968
17772	27	11	8	1926	0	1972
17773	22	7	12	1910	0	1951
17774	12	1823	14	49	0	1898
17775	1821	36	8	28	0	1893
17776	46	1701	13	15	0	1775
17777	24	1746	3	19	0	1792
17778	17	49	13	1731	0	1810
17779	23	12	14	1719	0	1768
17780	1688	11	9	59	0	1767
17781	49	9	13	1699	0	1770
17782	1700	7	9	53	0	1769
17783	2150	8	9	29	0	2196
17784	89	10	9	2113	0	2221
17785	42	4	12	2161	0	2219
17786	18	2159	8	85	0	2270
17787	2222	68	9	52	0	2351
17788	76	2330	5	25	0	2436
17789	2332	75	8	24	0	2439
17790	89	35	2280	14	0	2418
17791	2293	11	74	20	0	2398
17792	2426	17	29	25	0	2497
17793	120	14	10	2343	0	2487
17794	51	16	2346	97	0	2510
17795	31	2368	81	39	0	2519
17796	40	97	33	2386	0	2556
17797	24	31	2408	105	0	2568
17798	34	18	92	2388	0	2532
17799	2362	11	30	114	0	2517
17800	99	12	2354	42	0	2507
17801	39	2293	95	30	0	2457
17802	19	2446	41	19	0	2525
17803	42	108	15	2059	0	2224
17804	21	2341	20	76	0	2458
17805	2340	99	14	45	0	2498
17806	2351	36	13	28	0	2428
17807	2371	27	13	17	0	2428
17808	119	32	2225	18	0	2394
17809	2300	23	86	21	0	2430
17810	108	12	36	2258	0	2414
17811	60	14	17	2300	0	2391
17812	35	15	19	2329	0	2398
17813	36	11	13	2335	0	2395
17814	25	17	2250	127	0	2419
17815	24	15	2299	52	0	2390
17816	19	17	2291	37	0	2364
17817	2182	14	103	41	0	2340
17818	97	2205	50	39	0	2391
17819	50	86	16	2221	0	2373
17820	2200	36	23	107	0	2366
17821	104	2220	25	45	0	2394
17822	46	2317	22	28	0	2413
17823	2226	120	21	23	0	2390
17824	2296	42	11	33	0	2382
17825	119	2283	14	27	0	2443
17826	59	98	24	2121	0	2302
17827	41	2240	12	98	0	2391
17828	2202	104	17	40	0	2363
17829	2219	38	14	31	0	2302
17830	2236	25	11	32	0	2304
17831	130	2136	14	32	0	2312
17832	61	97	11	2180	0	2349
17833	27	48	2157	112	0	2344
17834	35	23	87	2180	0	2325
17835	42	23	31	2255	0	2351
17836	34	24	2148	116	0	2322
17837	2115	28	88	48	0	2279
17838	107	21	33	2164	0	2325
17839	43	30	20	2187	0	2280
17840	41	2135	16	116	0	2308
17841	2148	89	13	56	0	2306
17842	115	40	13	2111	0	2279
17843	47	2123	20	96	0	2286
17844	2065	80	10	57	0	2212
17845	90	2062	11	30	0	2193
17846	1942	88	12	31	0	2073
17847	92	32	1933	28	0	2085
17848	45	19	1718	21	0	1803
17849	25	15	1696	17	0	1753
17850	18	1637	91	19	0	1765
17851	42	73	45	1431	0	1591
17852	23	1557	13	60	0	1653
17853	1568	76	15	29	0	1688
17854	73	27	1597	12	0	1709
17855	1569	17	67	16	0	1669
17856	1640	18	28	14	0	1700
17857	92	11	21	1568	0	1692
17858	1616	14	13	71	0	1714
17859	79	15	16	1596	0	1706
17860	34	18	1591	71	0	1714
17861	1556	14	67	34	0	1671
17862	73	1575	33	17	0	1698
17863	38	61	12	1606	0	1717
17864	1619	27	11	69	0	1726
17865	84	13	15	1623	0	1735
17866	39	15	1618	68	0	1740
17867	28	11	60	1591	0	1690
17868	21	1613	31	67	0	1732
17869	1627	64	8	44	0	1743
17870	71	26	12	1640	0	1749
17871	1655	11	16	76	0	1758
17872	81	8	13	1653	0	1755
17873	28	8	17	1649	0	1702
17874	26	1627	13	81	0	1747
17875	1623	68	10	44	0	1745
17876	71	1697	8	28	0	1804
17877	33	65	4	1604	0	1706
17878	15	1641	7	72	0	1735
17879	1630	68	8	35	0	1741
17880	1630	27	9	20	0	1686
17881	1642	16	9	17	0	1684
17882	87	1572	8	14	0	1681
17883	16	1148	3	7	0	1174
17884	1139	36	4	10	0	1189
17885	46	1174	4	2	0	1226
17886	20	67	2	1079	0	1168
17887	8	7	1081	29	0	1125
17888	967	4	16	10	0	997
17889	1001	4	3	8	0	1016
17890	993	4	2	6	0	1005
17891	24	1000	3	2	0	1029
17892	949	12	2	5	0	968
17893	16	5	996	2	0	1019
17894	5	976	9	2	0	992
17895	5	8	3	945	0	961
17896	6	945	1	9	0	961
17897	894	9	0	5	0	908
17898	5	937	1	3	0	946
17899	2	6	0	941	0	949
17900	1	945	1	5	0	952
17901	1	5	0	973	0	979
17902	2	0	0	941	0	943
17903	0	2	956	6	0	964
17904	2	0	6	915	0	923
17905	941	0	0	9	0	950
17906	941	1	1	6	0	949
17907	6	0	0	969	0	975
17908	2	0	982	4	0	988
17909	2	0	5	950	0	957
17910	969	0	0	13	0	982
17911	1044	0	1	9	0	1054
17912	1065	1	1	11	0	1078
17913	7	1107	2	1	0	1117
17914	1103	5	0	5	0	1113
17915	7	1	1083	0	0	1091
17916	1136	1	5	10	0	1152
17917	7	1	0	1187	0	1195
17918	1	1	1	1201	0	1204
17919	3	0	0	1198	0	1201
17920	1167	2	1	13	0	1183
17921	1152	0	0	6	0	1158
17922	7	2	0	1168	0	1177
17923	4	1	1196	6	0	1207
17924	6	0	7	1170	0	1183
17925	3	1	1	1155	0	1160
17926	1	1	1158	7	0	1167
17927	1	1153	7	3	0	1164
17928	1	6	1	1177	0	1185
17929	1190	2	0	13	0	1205
17930	7	2	2	1195	0	1206
17931	3	0	0	1198	0	1201
17932	1195	1	0	15	0	1211
17933	7	1183	1	6	0	1197
17934	3	1228	1	4	0	1236
17935	1214	7	1	11	0	1233
17936	8	3	1209	3	0	1223
17937	1134	1	7	7	0	1149
17938	10	2	1285	0	0	1297
17939	3	1285	9	4	0	1301
17940	1294	7	0	8	0	1309
17941	1302	1	3	5	0	1311
17942	1294	3	1	9	0	1307
17943	1303	1	0	4	0	1308
17944	11	4	1291	1	0	1307
17945	5	2	5	1245	0	1257
17946	1280	1	1	14	0	1296
17947	5	2	1362	2	0	1371
17948	4	5	1363	3	0	1375
17949	7	1369	4	3	0	1383
17950	1407	3	4	4	0	1418
17951	5	1	2	1416	0	1424
17952	1411	3	0	7	0	1421
17953	7	1440	2	1	0	1450
17954	6	8	1	1511	0	1526
17955	8	3	1	1503	0	1515
17956	3	11	3	1546	0	1563
17957	1	2	1602	11	0	1616
17958	1	1599	10	7	0	1617
17959	1725	8	2	8	0	1743
17960	13	3	2	1731	0	1749
17961	1722	4	1	21	0	1748
17962	1702	1	0	10	0	1713
17963	20	0	1	1720	0	1741
17964	9	1	1772	14	0	1796
17965	8	0	13	1768	0	1789
17966	0	1755	6	15	0	1776
17967	7	14	5	1782	0	1808
17968	4	5	1767	13	0	1789
17969	1727	6	13	10	0	1756
17970	20	0	4	1794	0	1818
17971	1764	1	7	20	0	1792
17972	19	2	1766	8	0	1795
17973	1687	0	11	14	0	1712
17974	17	2	1763	4	0	1786
17975	1663	1	21	10	0	1695
17976	19	1706	5	5	0	1735
17977	6	1768	7	0	0	1781
17978	10	15	0	1768	0	1793
17979	9	10	4	1626	0	1649
17980	5	2	3	1762	0	1772
17981	1768	1	2	25	0	1796
17982	15	2	1	1801	0	1819
17983	6	1	1795	16	0	1818
17984	1725	0	14	13	0	1752
17985	12	1822	8	5	0	1847
17986	1843	12	5	11	0	1871
17987	1804	5	1	8	0	1818
17988	17	6	1824	4	0	1851
17989	14	1	11	1780	0	1806
17990	7	1	6	1862	0	1876
17991	1	2	1902	19	0	1924
17992	4	1894	16	9	0	1923
17993	1844	15	4	17	0	1880
17994	1859	6	5	3	0	1873
17995	27	5	2	1888	0	1922
17996	15	2	0	1857	0	1874
17997	9	1	3	1921	0	1934
17998	1875	0	0	42	0	1917
17999	16	1911	7	13	0	1947
18000	1900	22	1	22	0	1945
18001	1903	8	4	9	0	1924
18002	34	6	1992	3	0	2035
18003	20	4	28	1946	0	1998
18004	12	2012	9	29	0	2062
18005	7	25	9	2042	0	2083
18006	12	7	2	2088	0	2109
18007	2	7	2131	40	0	2180
18008	2203	3	33	22	0	2261
18009	2455	4	11	18	0	2488
18010	2548	6	7	13	0	2574
18011	84	3	4	2455	0	2546
18012	32	6	1	2451	0	2490
18013	19	2383	16	77	0	2495
18014	16	2551	9	28	0	2604
18015	2478	74	4	25	0	2581
18016	72	2449	12	12	0	2545
18017	30	71	2429	13	0	2543
18018	23	21	63	2464	0	2571
18019	2506	19	18	75	0	2618
18020	74	24	2468	21	0	2587
18021	30	13	2477	17	0	2537
18022	2501	11	79	15	0	2606
18023	2547	9	32	20	0	2608
18024	105	4	21	2466	0	2596
18025	36	10	2489	77	0	2612
18026	33	7	74	2473	0	2587
18027	19	17	2422	86	0	2544
18028	24	8	2525	27	0	2584
18029	16	2508	77	36	0	2637
18030	2504	68	44	19	0	2635
18031	2553	17	17	30	0	2617
18032	93	2501	15	23	0	2632
18033	49	65	19	2464	0	2597
18034	38	24	31	2489	0	2582
18035	37	20	20	2527	0	2604
18036	2473	17	12	95	0	2597
18037	87	2457	11	37	0	2592
18038	2430	75	13	39	0	2557
18039	2465	31	18	29	0	2543
18040	86	19	2356	33	0	2494
18041	44	2381	78	28	0	2531
18042	44	77	34	2409	0	2564
18043	31	33	2413	67	0	2544
18044	2364	22	72	37	0	2495
18045	2457	13	27	31	0	2528
18046	2458	18	20	30	0	2526
18047	2399	8	20	37	0	2464
18048	108	12	20	2303	0	2443
18049	49	14	2270	91	0	2424
18050	49	13	75	2261	0	2398
18051	2294	20	29	92	0	2435
18052	2317	15	21	28	0	2381
18053	116	2188	15	28	0	2347
18054	2169	71	24	15	0	2279
18055	90	30	2129	28	0	2277
18056	37	21	2133	28	0	2219
18057	2053	7	86	24	0	2170
18058	100	2048	35	10	0	2193
18059	66	61	14	1847	0	1988
18060	48	1930	16	57	0	2051
18061	46	63	15	1947	0	2071
18062	28	19	18	1987	0	2052
18063	16	25	29	2033	0	2103
18064	1899	25	14	98	0	2036
18065	1985	21	9	41	0	2056
18066	1986	16	10	29	0	2041
18067	93	29	1903	18	0	2043
18068	1885	14	68	37	0	2004
18069	107	10	30	1930	0	2077
18070	54	8	26	2046	0	2134
18071	46	12	1984	84	0	2126
18072	43	21	77	2297	0	2438
18073	2396	15	23	111	0	2545
18074	105	13	2383	50	0	2551
18075	42	15	91	2408	0	2556
18076	2385	11	37	115	0	2548
18077	2427	7	28	54	0	2516
18078	128	3	2395	29	0	2555
18079	58	16	2452	20	0	2546
18080	59	11	105	2409	0	2584
18081	2444	10	44	102	0	2600
18082	2495	12	30	39	0	2576
18083	122	24	24	2318	0	2488
18084	45	2374	30	104	0	2553
18085	2376	79	24	57	0	2536
18086	116	2393	20	40	0	2569
18087	63	98	23	2412	0	2596
18088	47	32	2403	100	0	2582
18089	49	20	2377	43	0	2489
18090	47	13	2421	31	0	2512
18091	43	22	118	2302	0	2485
18092	47	13	43	2401	0	2504
18093	2312	20	44	118	0	2494
18094	101	2300	37	56	0	2494
18095	2356	87	24	38	0	2505
18096	125	22	23	2228	0	2398
18097	46	2266	22	95	0	2429
18098	40	2398	15	48	0	2501
18099	46	106	19	2327	0	2498
18100	2329	39	16	106	0	2490
18101	98	2326	25	45	0	2494
18102	2187	73	24	40	0	2324
18103	88	2243	18	20	0	2369
18104	2218	77	19	28	0	2342
18105	96	34	2123	30	0	2283
18106	50	22	2152	30	0	2254
18107	47	2075	79	12	0	2213
18108	1856	86	60	17	0	2019
18109	62	1688	12	13	0	1775
18110	25	1629	10	6	0	1670
18111	45	60	10	1614	0	1729
18112	1630	24	14	39	0	1707
18113	40	1642	7	25	0	1714
18114	1574	49	6	17	0	1646
18115	45	1582	6	5	0	1638
18116	1540	41	4	10	0	1595
18117	40	1528	3	9	0	1580
18118	22	1556	3	5	0	1586
18119	16	47	3	1453	0	1519
18120	7	1536	3	32	0	1578
18121	1507	37	5	17	0	1566
18122	37	18	1490	5	0	1550
18123	18	10	36	1499	0	1563
18124	6	15	1511	38	0	1570
18125	14	2	36	1501	0	1553
18126	9	6	16	1542	0	1573
18127	9	10	1448	50	0	1517
18128	1353	6	33	28	0	1420
18129	42	1420	16	16	0	1494
18130	1444	38	11	17	0	1510
18131	42	1440	8	8	0	1498
18132	30	36	2	1423	0	1491
18133	1413	18	8	42	0	1481
18134	1430	14	9	16	0	1469
18135	1435	13	6	13	0	1467
18136	63	9	4	1402	0	1478
18137	35	12	2	1397	0	1446
18138	28	1436	5	41	0	1510
18139	1464	39	9	26	0	1538
18140	1490	22	8	13	0	1533
18141	1486	12	8	8	0	1514
18142	1482	12	4	12	0	1510
18143	54	1414	8	11	0	1487
18144	26	36	11	1432	0	1505
18145	15	21	1422	39	0	1497
18146	1388	13	41	21	0	1463
18147	1482	12	9	19	0	1522
18148	56	9	1446	14	0	1525
18149	29	12	1459	4	0	1504
18150	25	15	44	1440	0	1524
18151	19	11	22	1475	0	1527
18152	11	17	10	1523	0	1561
18153	1469	18	5	58	0	1550
18154	42	13	7	1490	0	1552
18155	25	7	1432	49	0	1513
18156	18	9	40	1448	0	1515
18157	11	11	1480	49	0	1551
18158	15	9	41	1453	0	1518
18159	14	9	16	1515	0	1554
18160	15	8	1468	57	0	1548
18161	1399	5	46	26	0	1476
18162	41	1491	22	17	0	1571
18163	1502	43	10	20	0	1575
18164	46	30	10	1539	0	1625
18165	1536	23	1	56	0	1616
18166	50	1590	5	27	0	1672
18167	36	1676	4	21	0	1737
18168	31	83	6	1739	0	1859
18169	18	33	1849	47	0	1947
18170	19	19	1794	34	0	1866
18171	15	1833	66	15	0	1929
18172	1417	32	36	10	0	1495
18173	33	24	10	1394	0	1461
18174	1384	10	9	34	0	1437
18175	35	1356	7	26	0	1424
18176	26	1401	4	22	0	1453
18177	25	56	6	1376	0	1463
18178	1365	29	9	37	0	1440
18179	1386	14	5	27	0	1432
18180	55	12	1339	9	0	1415
18181	33	14	1304	8	0	1359
18182	1310	5	44	17	0	1376
18183	35	1328	30	7	0	1400
18184	1322	35	13	7	0	1377
18185	38	32	7	1316	0	1393
18186	33	9	1264	28	0	1334
18187	1204	2	27	30	0	1263
18188	34	1238	31	9	0	1312
18189	28	1256	14	6	0	1304
18190	29	42	7	1227	0	1305
18191	1228	27	4	40	0	1299
18192	39	10	3	1250	0	1302
18193	1292	6	3	33	0	1334
18194	30	11	1217	25	0	1283
18195	1219	7	23	13	0	1262
18196	1261	7	13	6	0	1287
18197	43	12	1185	10	0	1250
18198	1167	6	21	12	0	1206
18199	33	1184	22	9	0	1248
18200	35	21	10	1139	0	1205
18201	21	1186	7	24	0	1238
18202	1191	24	10	18	0	1243
18203	33	23	6	1157	0	1219
18204	30	1170	4	22	0	1226
18205	17	22	6	1178	0	1223
18206	10	1218	5	27	0	1260
18207	17	30	2	1221	0	1270
18208	1220	20	3	33	0	1276
18209	31	14	4	1238	0	1287
18210	28	8	1203	28	0	1267
18211	1206	5	22	25	0	1258
18212	30	12	21	1211	0	1274
18213	30	12	1176	29	0	1247
18214	10	11	1137	31	0	1189
18215	13	8	1208	16	0	1245
18216	21	5	39	1199	0	1264
18217	14	4	25	1236	0	1279
18218	6	4	18	1234	0	1262
18219	10	9	16	1225	0	1260
18220	1198	7	10	44	0	1259
18221	1210	5	12	40	0	1267
18222	1244	4	10	23	0	1281
18223	1248	3	12	24	0	1287
18224	46	2	6	1245	0	1299
18225	32	5	1251	38	0	1326
18226	1280	4	20	26	0	1330
18227	1315	5	24	21	0	1365
18228	51	6	14	1293	0	1364
18229	42	1	10	1320	0	1373
18230	1343	5	11	46	0	1405
18231	45	4	10	1313	0	1372
18232	35	1297	5	38	0	1375
18233	1334	23	10	41	0	1408
18234	1335	19	9	24	0	1387
18235	62	14	1393	10	0	1479
18236	36	12	21	1413	0	1482
18237	23	12	19	1453	0	1507
18238	1422	5	11	54	0	1492
18239	1446	8	9	33	0	1496
18240	56	11	9	1426	0	1502
18241	40	14	1407	34	0	1495
18242	24	3	1384	43	0	1454
18243	28	3	43	1414	0	1488
18244	25	7	29	1434	0	1495
18245	1407	2	18	57	0	1484
18246	38	1361	21	35	0	1455
18247	37	1366	15	15	0	1433
18248	24	1404	11	21	0	1460
18249	14	38	13	1397	0	1462
18250	1377	20	12	36	0	1445
18251	1380	15	7	35	0	1437
18252	50	1365	3	22	0	1440
18253	1406	29	4	18	0	1457
18254	42	22	6	1390	0	1460
18255	30	13	1405	35	0	1483
18256	27	14	26	1401	0	1468
18257	26	7	16	1399	0	1448
18258	21	9	9	1411	0	1450
18259	1381	4	8	48	0	1441
18260	33	11	8	1344	0	1396
18261	29	1329	4	40	0	1402
18262	1301	20	10	35	0	1366
18263	31	1282	5	20	0	1338
18264	25	1240	4	21	0	1290
18265	13	1317	7	15	0	1352
18266	12	30	1215	11	0	1268
18267	12	1167	16	9	0	1204
18268	14	22	1026	11	0	1073
18269	903	7	4	11	0	925
18270	905	1	3	8	0	917
18271	6	2	941	8	0	957
18272	938	1	3	6	0	948
18273	985	1	5	7	0	998
18274	10	1	998	4	0	1013
18275	7	1039	6	7	0	1059
18276	7	7	4	1024	0	1042
18277	1040	1	2	7	0	1050
18278	7	1	1	1041	0	1050
18279	1089	1	1	12	0	1103
18280	1082	2	3	7	0	1094
18281	6	2	1100	4	0	1112
18282	1091	1	5	8	0	1105
18283	7	1136	3	4	0	1150
18284	1154	7	0	6	0	1167
18285	12	4	0	1151	0	1167
18286	4	3	1153	7	0	1167
18287	2	5	5	1126	0	1138
18288	1143	2	3	14	0	1162
18289	10	1152	2	4	0	1168
18290	5	5	1163	4	0	1177
18291	6	6	5	1091	0	1108
18292	4	1	1145	9	0	1159
18293	5	1149	10	6	0	1170
18294	1146	5	4	10	0	1165
18295	8	5	1	1165	0	1179
18296	7	2	1171	10	0	1190
18297	6	3	1108	7	0	1124
18298	1200	1	10	9	0	1220
18299	9	6	4	1204	0	1223
18300	8	2	3	1203	0	1216
18301	7	6	1218	11	0	1242
18302	5	1	1201	6	0	1213
18303	4	1261	13	3	0	1281
18304	9	10	5	1241	0	1265
18305	4	7	5	1238	0	1254
18306	7	1245	5	9	0	1266
18307	5	13	1223	8	0	1249
18308	1189	5	11	4	0	1209
18309	13	3	8	1256	0	1280
18310	8	4	1268	11	0	1291
18311	5	0	9	1203	0	1217
18312	9	1252	8	13	0	1282
18313	4	12	1262	8	0	1286
18314	1202	9	14	9	0	1234
18315	13	2	1256	6	0	1277
18316	7	4	1236	6	0	1253
18317	5	2	1202	3	0	1212
18318	7	1	1293	3	0	1304
18319	11	2	25	1309	0	1347
18320	7	2	1377	18	0	1404
18321	5	3	20	1337	0	1365
18322	4	1355	11	20	0	1390
18323	1458	20	3	13	0	1494
18324	25	8	5	1458	0	1496
18325	13	7	1443	24	0	1487
18326	7	1423	24	13	0	1467
18327	5	20	11	1438	0	1474
18328	1428	9	5	28	0	1470
18329	22	1422	3	11	0	1458
18330	12	20	3	1416	0	1451
18331	1436	13	1	28	0	1478
18332	25	2	1409	11	0	1447
18333	1382	4	19	9	0	1414
18334	24	2	1447	3	0	1476
18335	1341	0	25	5	0	1371
18336	1357	2	12	3	0	1374
18337	30	1	1331	2	0	1364
18338	14	1313	23	0	0	1350
18339	18	20	11	1262	0	1311
18340	3	9	1340	20	0	1372
18341	6	3	24	1278	0	1311
18342	4	4	10	1293	0	1311
18343	2	4	1330	32	0	1368
18344	1	1	1314	13	0	1329
18345	3	4	28	1310	0	1345
18346	1328	1	13	27	0	1369
18347	22	1300	6	13	0	1341
18348	11	1332	4	3	0	1350
18349	1334	26	1	10	0	1371
18350	1373	14	3	7	0	1397
18351	34	5	1	1363	0	1403
18352	21	3	1	1381	0	1406
18353	7	1	3	1406	0	1417
18354	1363	3	2	34	0	1402
18355	21	1300	0	18	0	1339
18356	13	1351	3	6	0	1373
18357	9	32	2	1339	0	1382
18358	4	13	0	1364	0	1381
18359	8	4	2	1353	0	1367
18360	1344	3	3	36	0	1386
18361	21	1345	1	17	0	1384
18362	1372	20	3	7	0	1402
18363	26	12	1375	5	0	1418
18364	19	1398	22	5	0	1444
18365	7	24	18	1347	0	1396
18366	1349	21	15	29	0	1414
18367	28	6	1357	20	0	1411
18368	20	5	1346	6	0	1377
18369	12	4	43	1339	0	1398
18370	11	2	24	1382	0	1419
18371	6	3	11	1361	0	1381
18372	5	3	8	1286	0	1302
18373	3	2	4	1299	0	1308
18374	6	1252	3	51	0	1312
18375	3	26	2	1274	0	1305
18376	1223	21	2	40	0	1286
18377	29	1241	4	30	0	1304
18378	1225	25	4	12	0	1266
18379	29	21	1188	11	0	1249
18380	28	10	1178	8	0	1224
18381	8	9	45	1234	0	1296
18382	11	3	1618	29	0	1661
18383	8	7	51	1560	0	1626
18384	3	7	27	1568	0	1605
18385	1583	1	12	81	0	1677
18386	1573	5	5	48	0	1631
18387	70	1655	10	24	0	1759
18388	41	1741	2	16	0	1800
18389	19	73	7	1707	0	1806
18390	1738	38	6	56	0	1838
18391	56	23	1732	38	0	1849
18392	33	16	52	1746	0	1847
18393	24	8	29	1761	0	1822
18394	13	5	1724	88	0	1830
18395	9	1712	60	54	0	1835
18396	17	56	34	1680	0	1787
18397	8	36	1710	72	0	1826
18398	16	11	61	1699	0	1787
18399	1593	13	41	75	0	1722
18400	56	1632	14	44	0	1746
18401	28	1687	18	23	0	1756
18402	19	76	12	1661	0	1768
18403	1621	39	6	65	0	1731
18404	56	1637	11	37	0	1741
18405	1665	61	10	29	0	1765
18406	65	29	1621	28	0	1743
18407	38	16	1670	17	0	1741
18408	26	11	78	1587	0	1702
18409	22	13	39	1698	0	1772
18410	1641	10	20	84	0	1755
18411	63	9	15	1658	0	1745
18412	41	10	1633	82	0	1766
18413	27	15	56	1635	0	1733
18414	29	11	25	1694	0	1759
18415	17	10	1607	87	0	1721
18416	1542	12	67	53	0	1674
18417	67	12	34	1624	0	1737
18418	1570	10	17	74	0	1671
18419	62	1477	22	44	0	1605
18420	1491	50	10	30	0	1581
18421	56	1459	14	27	0	1556
18422	37	1510	11	23	0	1581
18423	19	71	14	1390	0	1494
18424	1384	31	15	49	0	1479
18425	1410	23	6	31	0	1470
18426	61	13	6	1394	0	1474
18427	1401	8	12	53	0	1474
18428	1411	11	5	33	0	1460
18429	73	9	7	1403	0	1492
18430	1389	12	6	55	0	1462
18431	56	1415	9	34	0	1514
18432	1448	44	11	21	0	1524
18433	55	29	1422	20	0	1526
18434	1467	16	52	21	0	1556
18435	63	9	23	1485	0	1580
18436	35	7	21	1525	0	1588
18437	26	5	17	1566	0	1614
18438	25	5	6	1539	0	1575
18439	19	6	12	1531	0	1568
18440	20	1400	13	76	0	1509
18441	10	1520	8	57	0	1595
18442	1517	60	14	33	0	1624
18443	49	39	1507	28	0	1623
18444	1501	19	43	27	0	1590
18445	60	18	1532	15	0	1625
18446	47	15	52	1511	0	1625
18447	27	15	28	1581	0	1651
18448	1516	12	13	81	0	1622
18449	65	22	1500	41	0	1628
18450	41	19	39	1541	0	1640
18451	31	12	1603	58	0	1704
18452	29	1638	50	38	0	1755
18453	27	51	26	1705	0	1809
18454	1714	26	19	64	0	1823
18455	1688	12	19	40	0	1759
18456	1724	16	8	42	0	1790
18457	76	1677	18	27	0	1798
18458	46	1779	12	25	0	1862
18459	1626	65	9	39	0	1739
18460	62	1725	16	28	0	1831
18461	33	1780	10	31	0	1854
18462	28	63	1709	25	0	1825
18463	21	1683	51	26	0	1781
18464	15	1710	20	18	0	1763
18465	16	57	16	1678	0	1767
18466	20	25	1682	56	0	1783
18467	15	28	1625	30	0	1698
18468	1611	11	53	31	0	1706
18469	53	14	1659	21	0	1747
18470	1658	19	59	14	0	1750
18471	57	17	20	1670	0	1764
18472	38	1673	15	51	0	1777
18473	1744	43	19	25	0	1831
18474	1799	22	12	32	0	1865
18475	71	11	15	1775	0	1872
18476	42	12	15	1805	0	1874
18477	35	8	8	1852	0	1903
18478	1797	7	10	79	0	1893
18479	1702	16	8	44	0	1770
18480	1839	8	3	35	0	1885
18481	65	1700	11	22	0	1798
18482	1359	22	1	13	0	1395
18483	25	1310	3	15	0	1353
18484	18	1338	2	12	0	1370
18485	23	43	3	1263	0	1332
18486	17	1301	0	20	0	1338
18487	1207	18	9	11	0	1245
18488	15	12	2	1206	0	1235
18489	1188	8	3	12	0	1211
18490	14	1152	3	3	0	1172
18491	5	1186	2	6	0	1199
18492	1198	14	2	11	0	1225
18493	17	1232	6	1	0	1256
18494	9	13	5	1239	0	1266
18495	11	5	1	1246	0	1263
18496	1256	6	4	19	0	1285
18497	17	7	2	1264	0	1290
18498	8	5	1294	19	0	1326
18499	8	7	16	1287	0	1318
18500	1309	6	5	25	0	1345
18501	20	1312	3	17	0	1352
18502	1365	17	1	18	0	1401
18503	1350	9	0	10	0	1369
18504	1392	3	4	11	0	1410
18505	26	3	1372	5	0	1406
18506	14	5	1347	8	0	1374
18507	1329	7	22	8	0	1366
18508	28	1359	8	3	0	1398
18509	16	22	4	1368	0	1410
18510	19	15	2	1359	0	1395
18511	9	1321	5	23	0	1358
18512	6	1358	9	15	0	1388
18513	10	24	11	1357	0	1402
18514	9	14	6	1365	0	1394
18515	6	4	1339	29	0	1378
18516	7	5	1258	16	0	1286
18517	1304	2	25	10	0	1341
18518	1381	8	12	10	0	1411
18519	33	10	4	1372	0	1419
18520	13	9	1361	23	0	1406
18521	15	4	21	1365	0	1405
18522	1343	3	16	32	0	1394
18523	26	5	1342	18	0	1391
18524	28	4	21	1352	0	1405
18525	18	4	1361	23	0	1406
18526	9	1333	24	15	0	1381
18527	11	25	1351	15	0	1402
18528	11	16	29	1310	0	1366
18529	1341	8	15	24	0	1388
18530	26	6	9	1365	0	1406
18531	1346	3	11	28	0	1388
18532	1354	8	7	24	0	1393
18533	1281	8	11	18	0	1318
18534	34	8	1243	8	0	1293
18535	1268	2	25	8	0	1303
18536	31	4	9	1280	0	1324
18537	23	0	12	1295	0	1330
18538	14	6	1278	35	0	1333
18539	23	2	23	1294	0	1342
18540	1302	5	15	28	0	1350
18541	26	1265	6	18	0	1315
18542	1288	18	10	19	0	1335
18543	1298	16	1	19	0	1334
18544	1308	6	6	13	0	1333
18545	38	6	4	1289	0	1337
18546	24	2	1293	29	0	1348
18547	13	5	24	1348	0	1390
18548	15	4	14	1353	0	1386
18549	1343	7	13	34	0	1397
18550	1286	8	2	23	0	1319
18551	41	2	1240	12	0	1295
18552	28	3	28	1226	0	1285
18553	13	3	1253	31	0	1300
18554	1279	2	29	25	0	1335
18555	32	1392	17	13	0	1454
18556	1391	27	10	18	0	1446
18557	42	1442	6	8	0	1498
18558	1448	34	9	8	0	1499
18559	37	1451	5	11	0	1504
18560	25	36	6	1438	0	1505
18561	12	14	6	1482	0	1514
18562	1438	6	9	46	0	1499
18563	1433	11	6	27	0	1477
18564	1473	2	2	16	0	1493
18565	1428	7	4	14	0	1453
18566	1468	2	2	8	0	1480
18567	49	5	9	1401	0	1464
18568	26	1412	4	32	0	1474
18569	17	29	4	1384	0	1434
18570	10	1403	6	39	0	1458
18571	18	31	4	1368	0	1421
18572	15	1376	3	32	0	1426
18573	27	43	4	1346	0	1420
18574	14	17	1306	37	0	1374
18575	1236	5	30	28	0	1299
18576	37	1285	11	11	0	1344
18577	1281	30	6	16	0	1333
18578	43	19	1265	11	0	1338
18579	1235	10	30	14	0	1289
18580	44	8	1295	7	0	1354
18581	27	7	36	1291	0	1361
18582	20	1388	17	36	0	1461
18583	15	40	1413	18	0	1486
18584	17	21	39	1425	0	1502
18585	1365	10	20	46	0	1441
18586	45	6	16	1443	0	1510
18587	37	8	2	1466	0	1513
18588	17	7	12	1483	0	1519
18589	17	3	1419	64	0	1503
18590	18	13	36	1402	0	1469
18591	18	1385	23	40	0	1466
18592	8	38	9	1381	0	1436
18593	13	19	4	1367	0	1403
18594	1369	13	4	61	0	1447
18595	46	4	3	1445	0	1498
18596	29	4	1423	50	0	1506
18597	11	3	1450	27	0	1491
18598	12	5	1437	14	0	1468
18599	9	1420	58	11	0	1498
18600	1398	37	31	11	0	1477
18601	37	1401	11	14	0	1463
18602	1386	45	6	10	0	1447
18603	51	17	6	1361	0	1435
18604	23	10	1377	43	0	1453
18605	17	10	1329	16	0	1372
18606	6	1394	49	17	0	1466
18607	5	40	23	1396	0	1464
18608	10	19	14	1424	0	1467
18609	9	15	8	1458	0	1490
18610	6	8	1417	68	0	1499
18611	1360	8	37	32	0	1437
18612	44	8	1417	21	0	1490
18613	28	10	43	1376	0	1457
18614	24	2	24	1449	0	1499
18615	13	5	1402	55	0	1475
18616	1354	4	45	34	0	1437
18617	42	1418	18	25	0	1503
18618	1420	38	11	18	0	1487
18619	44	20	9	1375	0	1448
18620	24	1408	7	39	0	1478
18621	16	42	7	1439	0	1504
18622	1417	21	9	52	0	1499
18623	43	11	7	1424	0	1485
18624	21	8	1395	53	0	1477
18625	1381	7	41	33	0	1462
18626	1434	7	26	14	0	1481
18627	58	11	1400	12	0	1481
18628	30	9	38	1402	0	1479
18629	1429	4	18	45	0	1496
18630	44	6	14	1408	0	1472
18631	28	8	9	1399	0	1444
18632	22	6	7	1410	0	1445
18633	14	5	14	1426	0	1459
18634	6	7	1389	63	0	1465
18635	11	8	47	1399	0	1465
18636	11	8	1400	54	0	1473
18637	1357	6	43	31	0	1437
18638	1406	5	24	24	0	1459
18639	1387	5	14	27	0	1433
18640	1397	2	15	15	0	1429
18641	63	6	14	1350	0	1433
18642	1351	7	7	51	0	1416
18643	45	8	1322	33	0	1408
18644	32	3	1315	25	0	1375
18645	1277	6	52	25	0	1360
18646	46	1271	32	20	0	1369
18647	26	1271	18	14	0	1329
18648	19	46	15	1246	0	1326
18649	10	20	1236	47	0	1313
18650	1195	10	43	32	0	1280
18651	47	7	1242	15	0	1311
18652	29	1142	37	16	0	1224
18653	16	29	1164	12	0	1221
18654	14	1047	32	11	0	1104
18655	941	35	29	10	0	1015
18656	28	924	16	6	0	974
18657	15	886	4	13	0	918
18658	14	35	7	875	0	931
18659	7	15	875	31	0	928
18660	10	4	28	849	0	891
18661	12	5	12	884	0	913
18662	8	2	864	40	0	914
18663	9	5	22	841	0	877
18664	8	823	15	34	0	880
18665	8	18	12	877	0	915
18666	867	10	6	28	0	911
18667	28	4	4	874	0	910
18668	20	4	856	35	0	915
18669	11	1	25	875	0	912
18670	6	4	856	37	0	903
18671	841	2	27	24	0	894
18672	31	3	15	859	0	908
18673	875	5	9	33	0	922
18674	30	1	864	19	0	914
18675	836	2	27	11	0	876
18676	24	881	13	9	0	927
18677	18	16	899	7	0	940
18678	13	22	21	873	0	929
18679	10	5	898	22	0	935
18680	10	843	26	14	0	893
18681	9	897	18	8	0	932
18682	800	27	2	7	0	836
18683	15	848	5	5	0	873
18684	861	22	9	6	0	898
18685	25	12	2	864	0	903
18686	14	6	867	20	0	907
18687	6	873	16	14	0	909
18688	10	18	11	873	0	912
18689	7	12	5	900	0	924
18690	8	6	7	915	0	936
18691	7	3	5	907	0	922
18692	2	886	7	32	0	927
18693	6	922	6	11	0	945
18694	864	21	3	8	0	896
18695	14	840	1	5	0	860
18696	11	19	2	790	0	822
18697	3	5	803	15	0	826
18698	2	788	13	6	0	809
18699	5	17	7	754	0	783
18700	1	6	5	759	0	771
18701	4	771	1	16	0	792
18702	752	12	1	10	0	775
18703	11	8	750	4	0	773
18704	698	4	10	6	0	718
18705	12	731	7	3	0	753
18706	667	11	2	0	0	680
18707	11	692	1	1	0	705
18708	4	14	2	724	0	744
18709	7	4	2	740	0	753
18710	715	3	1	21	0	740
18711	11	2	2	734	0	749
18712	5	2	736	17	0	760
18713	2	711	12	8	0	733
18714	2	730	6	3	0	741
18715	5	11	2	715	0	733
18716	2	10	717	11	0	740
18717	7	3	9	694	0	713
18718	2	5	8	698	0	713
18719	4	4	685	17	0	710
18720	0	3	671	12	0	686
18721	3	709	15	6	0	733
18722	705	14	7	5	0	731
18723	13	6	3	697	0	719
18724	5	672	5	11	0	693
18725	701	14	1	7	0	723
18726	15	11	2	699	0	727
18727	11	4	3	684	0	702
18728	1	696	2	16	0	715
18729	6	9	2	699	0	716
18730	696	8	3	17	0	724
18731	14	3	4	694	0	715
18732	10	4	4	701	0	719
18733	4	5	687	20	0	716
18734	6	4	637	12	0	659
18735	665	5	16	8	0	694
18736	11	5	5	682	0	703
18737	11	2	5	682	0	700
18738	5	1	2	692	0	700
18739	4	5	669	22	0	700
18740	672	4	13	15	0	704
18741	16	2	10	676	0	704
18742	8	5	2	696	0	711
18743	679	4	2	23	0	708
18744	14	658	3	15	0	690
18745	5	15	664	5	0	689
18746	4	8	15	627	0	654
18747	5	678	8	15	0	706
18748	2	17	6	704	0	729
18749	687	8	5	17	0	717
18750	17	4	1	693	0	715
18751	686	4	4	17	0	711
18752	676	2	4	15	0	697
18753	21	6	1	654	0	682
18754	12	640	5	17	0	674
18755	8	664	3	7	0	682
18756	8	16	667	7	0	698
18757	5	9	13	604	0	631
18758	4	5	7	657	0	673
18759	3	6	2	663	0	674
18760	647	3	6	25	0	681
18761	15	3	3	657	0	678
18762	11	4	654	21	0	690
18763	657	2	13	19	0	691
18764	22	3	9	691	0	725
18765	10	2	4	727	0	743
18766	3	3	705	24	0	735
18767	686	4	16	17	0	723
18768	13	4	11	714	0	742
18769	6	5	723	24	0	758
18770	12	4	18	727	0	761
18771	7	4	9	669	0	689
18772	6	736	3	20	0	765
18773	738	17	3	12	0	770
18774	737	9	3	13	0	762
18775	28	719	2	13	0	762
18776	710	20	3	10	0	743
18777	694	6	4	14	0	718
18778	32	3	0	692	0	727
18779	10	4	678	25	0	717
18780	7	1	628	10	0	646
18781	10	0	610	7	0	627
18782	3	2	625	9	0	639
18783	9	10	30	548	0	597
18784	5	3	9	585	0	602
18785	2	1	7	592	0	602
18786	6	1	3	613	0	623
18787	600	1	4	29	0	634
18788	18	613	3	15	0	649
18789	624	17	2	6	0	649
18790	19	8	623	6	0	656
18791	10	0	638	3	0	651
18792	5	5	19	654	0	683
18793	665	6	11	23	0	705
18794	645	2	1	12	0	660
18795	27	655	4	2	0	688
18796	9	665	3	5	0	682
18797	6	14	4	657	0	681
18798	650	5	2	20	0	677
18799	21	656	1	7	0	685
18800	668	18	1	4	0	691
18801	682	10	5	4	0	701
18802	693	2	3	5	0	703
18803	22	2	672	4	0	700
18804	8	694	14	4	0	720
18805	702	15	5	2	0	724
18806	709	5	2	6	0	722
18807	23	673	1	0	0	697
18808	5	638	2	4	0	649
18809	640	16	3	2	0	661
18810	15	4	0	636	0	655
18811	6	1	657	13	0	677
18812	613	2	13	2	0	630
18813	15	4	3	657	0	679
18814	4	700	1	13	0	718
18815	4	12	1	713	0	730
18816	1	3	729	16	0	749
18817	4	1	16	719	0	740
18818	761	0	3	20	0	784
18819	18	2	0	775	0	795
18820	5	3	0	786	0	794
18821	2	1	797	21	0	821
18822	1	1	16	773	0	791
18823	2	799	5	11	0	817
18824	807	13	0	7	0	827
18825	805	4	1	5	0	815
18826	18	4	806	2	0	830
18827	5	1	15	771	0	792
18828	1	779	7	15	0	802
18829	2	809	2	5	0	818
18830	808	16	0	0	0	824
18831	16	4	0	846	0	866
18832	4	2	843	18	0	867
18833	2	2	835	4	0	843
18834	2	4	16	841	0	863
18835	851	3	4	18	0	876
18836	858	1	0	7	0	866
18837	19	0	1	882	0	902
18838	4	0	916	16	0	936
18839	2	904	16	5	0	927
18840	906	15	3	8	0	932
18841	17	917	0	1	0	935
18842	913	12	1	9	0	935
18843	13	4	2	915	0	934
18844	5	1	913	14	0	933
18845	4	2	14	889	0	909
18846	893	3	4	17	0	917
18847	16	5	868	4	0	893
18848	7	879	15	3	0	904
18849	1	12	4	903	0	920
18850	895	2	3	19	0	919
18851	13	3	896	5	0	917
18852	8	1	14	912	0	935
18853	3	2	5	944	0	954
18854	4	2	938	18	0	962
18855	3	2	13	920	0	938
18856	3	1	947	13	0	964
18857	909	2	13	7	0	931
18858	19	2	4	977	0	1002
18859	7	2	1044	17	0	1070
18860	2	1069	17	5	0	1093
18861	1088	17	5	10	0	1120
18862	1203	4	3	4	0	1214
18863	25	3	2	1330	0	1360
18864	7	1346	3	30	0	1386
18865	1328	22	3	14	0	1367
18866	29	15	1	1348	0	1393
18867	14	3	1335	30	0	1382
18868	1291	4	26	13	0	1334
18869	27	1300	10	7	0	1344
18870	17	26	3	1323	0	1369
18871	1331	10	1	30	0	1372
18872	25	5	1334	14	0	1378
18873	14	1	1361	4	0	1380
18874	12	3	32	1311	0	1358
18875	2	4	1376	30	0	1412
18876	7	2	30	1321	0	1360
18877	4	1330	15	25	0	1374
18878	2	23	10	1410	0	1445
18879	1383	11	4	36	0	1434
18880	29	4	1381	14	0	1428
18881	12	1371	28	6	0	1417
18882	7	25	9	1366	0	1407
18883	3	14	1392	29	0	1438
18884	7	7	22	1295	0	1331
18885	3	1323	12	21	0	1359
18886	2	1376	7	13	0	1398
18887	1297	28	2	16	0	1343
18888	21	1357	9	4	0	1391
18889	12	22	1314	4	0	1352
18890	1207	15	22	12	0	1256
18891	22	8	1331	3	0	1364
18892	16	4	18	1226	0	1264
18893	4	3	1312	19	0	1338
18894	4	1298	23	10	0	1335
18895	8	17	9	1297	0	1331
18896	2	12	7	1303	0	1324
18897	5	4	2	1283	0	1294
18898	2	4	1295	31	0	1332
18899	6	3	19	1263	0	1291
18900	3	3	9	1306	0	1321
18901	1257	6	5	29	0	1297
18902	1262	4	1	19	0	1286
18903	30	2	1261	7	0	1300
18904	14	1244	22	5	0	1285
18905	9	17	1262	3	0	1291
18906	6	17	21	1245	0	1289
18907	5	6	1304	19	0	1334
18908	4	1	25	1277	0	1307
18909	3	5	13	1334	0	1355
18910	3	1	1319	34	0	1357
18911	1190	2	21	23	0	1236
18912	15	1332	14	9	0	1370
18913	12	18	5	1318	0	1353
18914	3	13	1354	25	0	1395
18915	6	8	1298	13	0	1325
18916	1263	1	25	15	0	1304
18917	21	1320	19	3	0	1363
18918	14	19	8	1304	0	1345
18919	1328	9	9	19	0	1365
18920	17	8	5	1338	0	1368
18921	14	4	3	1367	0	1388
18922	6	7	1364	31	0	1408
18923	1298	4	19	24	0	1345
18924	1382	4	14	13	0	1413
18925	31	4	8	1387	0	1430
18926	1374	4	6	25	0	1409
18927	27	2	5	1377	0	1411
18928	16	1322	5	26	0	1369
18929	7	1391	9	19	0	1426
18930	4	31	11	1405	0	1451
18931	1348	16	6	26	0	1396
18932	19	7	0	1380	0	1406
18933	1412	8	2	30	0	1452
18934	1413	3	2	27	0	1445
18935	31	1	5	1409	0	1446
18936	19	3	5	1403	0	1430
18937	11	1	1364	35	0	1411
18938	10	4	1377	16	0	1407
18939	10	2	35	1380	0	1427
18940	5	3	1453	27	0	1488
18941	1445	5	26	25	0	1501
18942	26	4	18	1574	0	1622
18943	14	2	1690	32	0	1738
18944	1626	4	37	28	0	1695
18945	1804	4	22	16	0	1846
18946	56	1913	7	14	0	1990
18947	36	33	6	1961	0	2036
18948	10	24	2023	38	0	2095
18949	1992	10	34	40	0	2076
18950	2070	7	26	15	0	2118
18951	60	5	2066	14	0	2145
18952	2079	4	44	13	0	2140
18953	54	3	36	2064	0	2157
18954	41	3	13	2098	0	2155
18955	2083	3	13	70	0	2169
18956	2096	4	12	38	0	2150
18957	78	1	12	2052	0	2143
18958	34	8	2071	48	0	2161
18959	17	2007	38	39	0	2101
18960	20	32	2027	15	0	2094
18961	20	19	1964	8	0	2011
18962	16	1890	54	8	0	1968
18963	24	23	35	1685	0	1767
18964	13	17	12	1716	0	1758
18965	14	5	1713	38	0	1770
18966	14	7	27	1674	0	1722
18967	1708	3	20	41	0	1772
18968	32	4	1730	25	0	1791
18969	1704	3	25	26	0	1758
18970	1770	0	26	16	0	1812
18971	1779	5	13	13	0	1810
18972	46	8	1719	7	0	1780
18973	24	1	1722	7	0	1754
18974	19	6	45	1680	0	1750
18975	19	8	20	1630	0	1677
18976	11	1722	6	49	0	1788
18977	1706	24	16	30	0	1776
18978	1700	16	17	16	0	1749
18979	48	1713	4	13	0	1778
18980	1726	28	12	19	0	1785
18981	39	1740	13	5	0	1797
18982	1772	31	3	8	0	1814
18983	43	18	4	1722	0	1787
18984	26	8	1729	34	0	1797
18985	17	8	1707	15	0	1747
18986	21	9	40	1698	0	1768
18987	18	4	22	1710	0	1754
18988	10	8	1700	45	0	1763
18989	19	10	35	1663	0	1727
18990	20	2	26	1670	0	1718
18991	1691	8	12	53	0	1764
18992	1700	10	9	30	0	1749
18993	1665	6	9	29	0	1709
18994	48	5	1648	18	0	1719
18995	26	1634	38	15	0	1713
18996	21	28	23	1670	0	1742
18997	21	14	1724	37	0	1796
18998	16	1730	44	17	0	1807
18999	1763	31	20	23	0	1837
19000	41	18	16	1769	0	1844
19001	29	10	17	1795	0	1851
19002	1775	6	7	66	0	1854
19003	43	7	8	1785	0	1843
19004	36	6	12	1781	0	1835
19005	1769	7	9	60	0	1845
19006	47	4	1738	29	0	1818
19007	29	1716	39	18	0	1802
19008	1718	33	23	26	0	1800
19009	39	20	1728	19	0	1806
19010	1680	10	39	24	0	1753
19011	45	1779	26	15	0	1865
19012	1765	34	11	32	0	1842
19013	1761	17	10	26	0	1814
19014	1728	7	13	18	0	1766
19015	65	6	12	1663	0	1746
19016	26	11	11	1676	0	1724
19017	20	1675	9	48	0	1752
19018	21	1681	16	28	0	1746
19019	18	1722	12	13	0	1765
19020	1693	41	4	27	0	1765
19021	44	18	1672	16	0	1750
19022	32	7	40	1640	0	1719
19023	13	15	17	1661	0	1706
19024	19	1650	5	41	0	1715
19025	27	43	9	1647	0	1726
19026	27	18	7	1637	0	1689
19027	15	1679	7	48	0	1749
19028	1649	34	8	38	0	1729
19029	31	1717	7	17	0	1772
19030	20	44	1654	11	0	1729
19031	1613	29	34	21	0	1697
19032	42	1689	15	12	0	1758
19033	1651	37	9	18	0	1715
19034	41	19	10	1644	0	1714
19035	29	7	6	1670	0	1712
19036	12	15	1645	46	0	1718
19037	16	17	1615	24	0	1672
19038	15	10	37	1610	0	1672
19039	1598	7	16	36	0	1657
19040	1533	5	6	32	0	1576
19041	40	1528	10	9	0	1587
19042	17	1479	11	9	0	1516
19043	10	1407	8	5	0	1430
19044	16	51	20	1339	0	1426
19045	1305	7	28	26	0	1366
19046	1253	2	1	8	0	1264
19047	1204	3	0	12	0	1219
19048	21	0	1166	2	0	1189
19049	7	1533	19	1	0	1560
19050	9	21	5	1727	0	1762
19051	1744	4	2	30	0	1780
19052	36	7	3	1740	0	1786
19053	14	2	2	1833	0	1851
19054	1833	1	1	43	0	1878
19055	2020	3	3	11	0	2037
19056	60	6	2007	7	0	2080
19057	24	4	53	2004	0	2085
19058	13	3	1975	53	0	2044
19059	17	2	59	1977	0	2055
19060	11	9	1956	66	0	2042
19061	19	2	61	1950	0	2032
19062	1914	6	11	71	0	2002
19063	55	1929	13	21	0	2018
19064	16	2017	5	17	0	2055
19065	18	63	9	1836	0	1926
19066	5	2040	5	54	0	2104
19067	2027	64	10	12	0	2113
19068	2009	12	3	20	0	2044
19069	70	9	1971	7	0	2057
19070	15	1971	57	9	0	2052
19071	23	60	14	1977	0	2074
19072	8	13	1980	65	0	2066
19073	1950	16	61	19	0	2046
19074	70	4	6	1987	0	2067
19075	25	4	2006	54	0	2089
19076	14	8	60	1995	0	2077
19077	1989	10	13	64	0	2076
19078	59	5	1976	24	0	2064
19079	1932	9	64	12	0	2017
19080	2025	3	13	14	0	2055
19081	77	3	13	1934	0	2027
19082	23	5	1939	59	0	2026
19083	20	9	1917	22	0	1968
19084	1880	5	60	24	0	1969
19085	1958	3	23	18	0	2002
19086	79	7	1903	3	0	1992
19087	34	6	55	1906	0	2001
19088	23	2	21	1885	0	1931
19089	11	1915	19	64	0	2009
19090	16	54	17	1927	0	2014
19091	1939	10	13	73	0	2035
19092	76	6	9	1932	0	2023
19093	20	10	1929	65	0	2024
19094	1891	6	56	31	0	1984
19095	63	4	20	1911	0	1998
19096	17	15	1923	61	0	2016
19097	20	1842	61	27	0	1950
19098	1808	58	16	22	0	1904
19099	60	1854	19	24	0	1957
19100	1842	60	11	21	0	1934
19101	72	16	1811	20	0	1919
19102	21	1726	58	20	0	1825
19103	22	1846	21	11	0	1900
19104	28	63	12	1796	0	1899
19105	24	17	17	1846	0	1904
19106	10	21	1795	70	0	1896
19107	26	6	64	1803	0	1899
19108	1765	7	24	80	0	1876
19109	63	10	1760	22	0	1855
19110	22	16	60	1754	0	1852
19111	20	9	1711	72	0	1812
19112	1661	18	63	26	0	1768
19113	55	1724	26	22	0	1827
19114	1719	55	18	28	0	1820
19115	1790	19	15	13	0	1837
19116	1790	17	23	16	0	1846
19117	88	8	1697	21	0	1814
19118	31	1696	66	18	0	1811
19119	22	62	25	1679	0	1788
19120	16	25	19	1808	0	1868
19121	1840	18	13	71	0	1942
19122	78	16	15	1849	0	1958
19123	1843	7	14	86	0	1950
19124	1878	5	19	25	0	1927
19125	1891	11	17	25	0	1944
19126	1894	17	17	24	0	1952
19127	106	13	11	1826	0	1956
19128	1854	8	9	80	0	1951
19129	96	8	1751	36	0	1891
19130	1764	8	76	27	0	1875
19131	1839	9	22	19	0	1889
19132	105	10	1760	18	0	1893
19133	1792	11	73	16	0	1892
19134	1855	7	18	29	0	1909
19135	105	7	16	1766	0	1894
19136	44	9	31	1821	0	1905
19137	1795	8	9	91	0	1903
19138	112	6	16	1770	0	1904
19139	44	7	26	1776	0	1853
19140	46	1691	11	86	0	1834
19141	51	56	18	1708	0	1833
19142	1681	9	17	96	0	1803
19143	81	10	11	1686	0	1788
19144	56	6	13	1679	0	1754
19145	32	1596	13	96	0	1737
19146	39	61	13	1570	0	1683
19147	40	24	9	1593	0	1666
19148	1506	14	9	97	0	1626
19149	84	8	9	1098	0	1199
19150	19	4	929	61	0	1013
19151	21	839	46	27	0	933
19152	16	875	13	17	0	921
19153	805	47	9	21	0	882
19154	46	817	6	19	0	888
19155	621	22	14	9	0	666
19156	25	613	2	18	0	658
19157	630	22	9	11	0	672
19158	26	15	3	633	0	677
19159	14	16	3	658	0	691
19160	20	639	0	32	0	691
19161	13	36	2	648	0	699
19162	19	6	639	31	0	695
19163	599	14	21	20	0	654
19164	35	669	6	10	0	720
19165	628	28	3	20	0	679
19166	645	8	1	19	0	673
19167	646	12	3	9	0	670
19168	35	6	4	620	0	665
19169	15	5	11	624	0	655
19170	20	607	2	34	0	663
19171	605	36	3	11	0	655
19172	32	609	2	11	0	654
19173	617	29	1	7	0	654
19174	40	16	617	3	0	676
19175	632	6	22	16	0	676
19176	32	5	6	647	0	690
19177	14	14	632	30	0	690
19178	18	6	634	14	0	672
19179	8	16	34	628	0	686
19180	16	5	633	31	0	685
19181	8	5	38	635	0	686
19182	622	3	14	31	0	670
19183	33	5	5	632	0	675
19184	19	3	625	28	0	675
19185	11	603	35	14	0	663
19186	12	636	11	19	0	678
19187	11	31	12	618	0	672
19188	612	11	4	38	0	665
19189	40	7	3	616	0	666
19190	16	6	2	640	0	664
19191	15	4	12	639	0	670
19192	12	13	4	638	0	667
19193	11	14	620	34	0	679
19194	11	6	613	24	0	654
19195	615	2	30	11	0	658
19196	638	1	13	24	0	676
19197	37	0	7	628	0	672
19198	15	2	6	652	0	675
19199	7	2	604	44	0	657
19200	9	602	35	17	0	663
19201	608	26	18	13	0	665
19202	635	7	8	10	0	660
19203	46	6	4	609	0	665
19204	12	8	612	39	0	671
19205	6	4	25	599	0	634
19206	7	612	16	29	0	664
19207	7	35	605	13	0	660
19208	616	10	25	13	0	664
19209	41	4	10	641	0	696
19210	647	4	4	42	0	697
19211	28	3	635	13	0	679
19212	632	2	26	20	0	680
19213	32	14	10	628	0	684
19214	631	5	7	31	0	674
19215	35	6	6	610	0	657
19216	16	586	8	41	0	651
19217	19	626	4	14	0	663
19218	14	38	15	579	0	646
19219	21	10	569	25	0	625
19220	9	555	23	13	0	600
19221	6	23	6	471	0	506
19222	456	5	3	22	0	486
19223	461	1	4	9	0	475
19224	25	2	2	452	0	481
19225	7	1	2	464	0	474
19226	4	443	3	20	0	470
19227	8	463	1	6	0	478
19228	451	19	4	8	0	482
19229	18	5	3	458	0	484
19230	9	3	2	468	0	482
19231	5	5	453	20	0	483
19232	6	1	16	436	0	459
19233	4	0	8	442	0	454
19234	2	2	3	452	0	459
19235	0	2	439	28	0	469
19236	3	1	16	454	0	474
19237	448	2	5	23	0	478
19238	16	1	435	8	0	460
19239	450	4	17	2	0	473
19240	16	2	5	472	0	495
19241	11	1	1	494	0	507
19242	4	1	4	510	0	519
19243	4	1	480	26	0	511
19244	459	1	17	11	0	488
19245	19	489	6	5	0	519
19246	504	19	0	10	0	533
19247	18	497	3	5	0	523
19248	8	19	10	505	0	542
19249	512	9	1	22	0	544
19250	22	7	495	8	0	532
19251	495	2	18	5	0	520
19252	21	6	521	7	0	555
19253	10	8	20	517	0	555
19254	9	3	515	22	0	549
19255	4	509	27	8	0	548
19256	10	18	7	496	0	531
19257	480	6	7	18	0	511
19258	19	1	3	470	0	493
19259	11	440	6	15	0	472
19260	2	20	4	455	0	481
19261	437	6	0	24	0	467
19262	446	1	2	10	0	459
19263	19	426	2	10	0	457
19264	5	398	0	3	0	406
19265	2	11	0	395	0	408
19266	10	3	0	394	0	407
19267	388	3	1	10	0	402
19268	392	7	0	5	0	404
19269	13	407	0	1	0	421
19270	6	6	1	395	0	408
19271	4	4	0	401	0	409
19272	7	1	394	11	0	413
19273	6	382	8	5	0	401
19274	0	376	4	3	0	383
19275	3	9	0	369	0	381
19276	2	0	355	16	0	373
19277	1	2	372	1	0	376
19278	1	7	10	364	0	382
19279	2	7	2	378	0	389
19280	0	0	381	17	0	398
19281	3	1	16	371	0	391
19282	1	1	386	11	0	399
19283	368	1	9	10	0	388
19284	12	1	3	382	0	398
19285	1	0	381	13	0	395
19286	2	0	363	11	0	376
19287	3	1	19	386	0	409
19288	6	0	443	15	0	464
19289	1	0	480	10	0	491
19290	0	461	23	7	0	491
19291	466	15	13	3	0	497
19292	14	2	479	8	0	503
19293	6	3	22	464	0	495
19294	5	2	11	475	0	493
19295	3	6	4	503	0	516
19296	6	1	480	18	0	505
19297	2	1	22	478	0	503
19298	475	1	4	27	0	507
19299	16	0	5	488	0	509
19300	3	0	480	26	0	509
19301	6	1	21	471	0	499
19302	480	0	5	26	0	511
19303	496	1	5	5	0	507
19304	489	0	3	13	0	505
19305	23	0	7	473	0	503
19306	477	0	4	20	0	501
19307	485	0	2	6	0	493
19308	488	0	3	6	0	497
19309	26	445	2	5	0	478
19310	453	15	2	6	0	476
19311	28	4	0	444	0	476
19312	13	3	444	14	0	474
19313	12	453	14	4	0	483
19314	442	20	2	7	0	471
19315	23	4	3	440	0	470
19316	3	4	3	446	0	456
19317	5	429	7	15	0	456
19318	4	457	1	7	0	469
19319	430	17	2	6	0	455
19320	13	432	3	9	0	457
19321	419	20	1	9	0	449
19322	19	426	0	4	0	449
19323	426	23	1	2	0	452
19324	25	430	0	3	0	458
19325	5	460	0	2	0	467
19326	448	18	0	3	0	469
19327	18	11	433	1	0	463
19328	9	433	13	1	0	456
19329	8	22	2	425	0	457
19330	4	10	2	448	0	464
19331	8	5	2	436	0	451
19332	1	3	6	450	0	460
19333	2	7	440	21	0	470
19334	443	2	14	12	0	471
19335	15	1	4	446	0	466
19336	447	1	2	28	0	478
19337	472	0	0	13	0	485
19338	475	1	7	5	0	488
19339	475	2	1	6	0	484
19340	27	1	446	7	0	481
19341	17	1	18	438	0	474
19342	14	0	433	20	0	467
19343	3	433	21	4	0	461
19344	7	17	10	381	0	415
19345	7	3	5	410	0	425
19346	2	5	3	420	0	430
19347	5	1	3	414	0	423
19348	1	2	412	21	0	436
19349	2	3	16	406	0	427
19350	4	1	2	422	0	429
19351	413	1	6	22	0	442
19352	445	0	1	11	0	457
19353	23	1	1	456	0	481
19354	9	1	2	464	0	476
19355	8	2	1	475	0	486
19356	463	1	0	30	0	494
19357	492	0	0	13	0	505
19358	477	1	2	7	0	487
19359	506	1	1	3	0	511
19360	26	481	0	9	0	516
19361	487	19	2	5	0	513
19362	515	3	0	4	0	522
19363	28	4	1	486	0	519
19364	13	3	1	488	0	505
19365	482	0	0	23	0	505
19366	21	462	0	11	0	494
19367	7	493	0	5	0	505
19368	491	23	1	2	0	517
19369	24	7	1	500	0	532
19370	8	4	2	512	0	526
19371	7	5	1	516	0	529
19372	6	2	0	527	0	535
19373	2	4	1	517	0	524
19374	1	491	0	27	0	519
19375	6	18	0	490	0	514
19376	492	4	2	25	0	523
19377	18	6	0	485	0	509
19378	7	2	0	496	0	505
19379	487	2	1	24	0	514
19380	20	479	0	11	0	510
19381	10	20	0	481	0	511
19382	4	493	3	19	0	519
19383	5	18	0	494	0	517
19384	8	3	475	21	0	507
19385	451	6	18	7	0	482
19386	22	473	1	5	0	501
19387	446	11	1	3	0	461
19388	15	5	422	3	0	445
19389	8	2	10	395	0	415
19390	6	395	5	9	0	415
19391	3	420	2	6	0	431
19392	417	13	1	6	0	437
19393	16	3	0	419	0	438
19394	4	3	438	12	0	457
19395	3	2	12	439	0	456
19396	4	1	449	15	0	469
19397	412	3	13	10	0	438
19398	15	2	443	5	0	465
19399	3	2	14	439	0	458
19400	3	458	4	16	0	481
19401	3	13	1	468	0	485
19402	0	471	4	12	0	487
19403	477	11	1	8	0	497
19404	16	1	1	531	0	549
19405	5	2	574	13	0	594
19406	4	0	555	8	0	567
19407	555	0	14	6	0	575
19408	593	3	3	4	0	603
19409	594	2	2	5	0	603
19410	594	4	1	6	0	605
19411	19	583	0	6	0	608
19412	589	10	1	6	0	606
19413	598	3	3	1	0	605
19414	17	3	578	3	0	601
19415	12	0	11	562	0	585
19416	593	0	4	13	0	610
19417	14	1	562	8	0	585
19418	8	2	11	582	0	603
19419	5	7	606	13	0	631
19420	6	1	11	608	0	626
19421	5	622	2	13	0	642
19422	634	12	3	3	0	652
19423	13	3	611	8	0	635
19424	613	3	12	3	0	631
19425	17	2	4	629	0	652
19426	635	1	4	18	0	658
19427	18	1	1	644	0	664
19428	725	4	0	19	0	748
19429	14	3	702	9	0	728
19430	794	5	12	5	0	816
19431	16	1	3	792	0	812
19432	4	2	2	813	0	821
19433	800	1	1	14	0	816
19434	14	2	2	796	0	814
19435	7	0	804	15	0	826
19436	7	4	8	788	0	807
19437	788	2	3	12	0	805
19438	7	770	5	5	0	787
19439	3	783	0	3	0	789
19440	764	10	0	5	0	779
19441	11	806	0	1	0	818
19442	3	6	2	807	0	818
19443	820	4	1	9	0	834
19444	824	0	0	8	0	832
19445	826	1	1	3	0	831
19446	9	2	842	3	0	856
19447	5	1	8	843	0	857
19448	2	845	3	13	0	863
19449	2	6	2	860	0	870
19450	2	1	890	8	0	901
19451	3	860	7	2	0	872
19452	3	9	2	862	0	876
19453	845	1	1	2	0	849
19454	2	842	0	3	0	847
19455	2	3	870	1	0	876
19456	1	2	2	849	0	854
19457	2	1	857	2	0	862
19458	4	0	5	822	0	831
19459	879	1	2	7	0	889
19460	3	0	3	889	0	895
19461	912	0	1	5	0	918
19462	927	2	1	2	0	932
19463	5	925	1	0	0	931
19464	940	2	1	2	0	945
19465	4	930	1	0	0	935
19466	2	3	944	2	0	951
19467	6	1	3	929	0	939
19468	4	1	2	999	0	1006
19469	4	1	973	6	0	984
19470	3	969	6	3	0	981
19471	994	5	3	4	0	1006
19472	1038	2	1	4	0	1045
19473	7	2	1	1076	0	1086
19474	7	0	2	1056	0	1065
19475	1	0	0	1089	0	1090
19476	1071	1	2	14	0	1088
19477	5	2	1054	5	0	1066
19478	6	2	1053	1	0	1062
19479	4	1	7	1064	0	1076
19480	1	1	1077	6	0	1085
19481	4	0	1072	5	0	1081
19482	4	1	7	1045	0	1057
19483	3	1	1115	6	0	1125
19484	4	1107	6	4	0	1121
19485	5	4	3	1114	0	1126
19486	1	2	1140	7	0	1150
19487	3	1	5	1131	0	1140
19488	2	1092	3	7	0	1104
19489	4	5	4	1115	0	1128
19490	1	3	1128	7	0	1139
19491	7	1	6	1075	0	1089
19492	1086	3	2	11	0	1102
19493	3	2	1084	4	0	1093
19494	1003	1	5	7	0	1016
19495	5	1073	2	2	0	1082
19496	1101	5	2	1	0	1109
19497	8	4	1	1111	0	1124
19498	2	1096	3	5	0	1106
19499	1137	4	1	7	0	1149
19500	12	3	1	1139	0	1155
19501	5	1	1153	8	0	1167
19502	4	1139	9	6	0	1158
19503	5	8	5	1162	0	1180
19504	1126	3	1	8	0	1138
19505	1056	2	0	8	0	1066
19506	13	1	2	1060	0	1076
19507	6	1	1048	9	0	1064
19508	983	2	10	10	0	1005
19509	8	2	1045	2	0	1057
19510	5	0	9	1033	0	1047
19511	1065	2	4	13	0	1084
19512	12	1068	3	5	0	1088
19513	1068	7	1	6	0	1082
19514	10	4	1060	2	0	1076
19515	1032	3	8	4	0	1047
19516	13	0	7	1050	0	1070
19517	7	1	2	1083	0	1093
19518	4	2	1073	12	0	1091
19519	5	2	7	1023	0	1037
19520	1048	1	5	13	0	1067
19521	11	2	4	1047	0	1064
19522	8	1050	2	8	0	1068
19523	4	9	1	1059	0	1073
19524	4	1050	1	11	0	1066
19525	2	10	1042	3	0	1057
19526	994	3	9	5	0	1011
19527	10	1	7	1036	0	1054
19528	7	0	954	12	0	973
19529	2	944	11	5	0	962
19530	3	8	3	886	0	900
19531	2	7	1	902	0	912
19532	894	2	3	20	0	919
19533	16	3	1	903	0	923
19534	911	0	3	17	0	931
19535	912	2	3	7	0	924
19536	17	916	4	5	0	942
19537	946	14	2	6	0	968
19538	16	4	4	1072	0	1096
19539	8	2	1062	24	0	1096
19540	1047	1	21	10	0	1079
19541	23	1	7	1042	0	1073
19542	11	3	1025	21	0	1060
19543	983	4	22	7	0	1016
19544	24	3	4	1007	0	1038
19545	10	1021	5	20	0	1056
19546	5	22	2	979	0	1008
19547	5	988	5	22	0	1020
19548	976	22	2	19	0	1019
19549	23	7	1002	5	0	1037
19550	8	965	22	5	0	1000
19551	8	21	4	980	0	1013
19552	5	6	966	22	0	999
19553	5	4	925	5	0	939
19554	4	958	23	7	0	992
19555	5	23	13	929	0	970
19556	6	6	5	939	0	956
19557	9	4	2	1273	0	1288
19558	1313	4	3	47	0	1367
19559	42	3	1492	6	0	1543
19560	7	1499	43	6	0	1555
19561	12	44	7	1439	0	1502
19562	6	8	8	1517	0	1539
19563	5	7	1473	54	0	1539
19564	6	1	42	1472	0	1521
19565	7	4	1462	52	0	1525
19566	3	3	1448	10	0	1464
19567	6	3	1428	12	0	1449
19568	8	4	50	1353	0	1415
19569	5	4	10	1407	0	1426
19570	7	2	9	1443	0	1461
19571	1389	3	6	57	0	1455
19572	44	1375	6	8	0	1433
19573	1393	40	8	12	0	1453
19574	1398	7	5	16	0	1426
19575	1448	4	6	13	0	1471
19576	47	1444	8	7	0	1506
19577	1459	44	2	9	0	1514
19578	1483	6	2	7	0	1498
19579	56	6	1	1431	0	1494
19580	17	3	4	1459	0	1483
19581	12	5	1	1494	0	1512
19582	9	1	1432	55	0	1497
19583	1388	4	50	13	0	1455
19584	53	5	9	1418	0	1485
19585	1405	2	9	50	0	1466
19586	53	1397	2	13	0	1465
19587	10	46	5	1412	0	1473
19588	10	6	4	1467	0	1487
19589	1418	6	9	57	0	1490
19590	58	4	7	1421	0	1490
19591	1302	9	6	66	0	1383
19592	1459	2	2	19	0	1482
19593	51	1384	6	13	0	1454
19594	17	1452	8	8	0	1485
19595	9	54	7	1411	0	1481
19596	11	1433	20	51	0	1515
19597	25	46	4	1449	0	1524
19598	6	7	1430	70	0	1513
19599	22	8	1402	13	0	1445
19600	1363	17	46	12	0	1438
19601	1397	13	11	21	0	1442
19602	51	1374	6	22	0	1453
19603	1387	44	4	15	0	1450
19604	50	1458	5	23	0	1536
19605	20	43	7	1475	0	1545
19606	19	7	7	1504	0	1537
19607	12	18	8	1498	0	1536
19608	14	16	6	1509	0	1545
19609	1475	6	7	67	0	1555
19610	40	1498	8	17	0	1563
19611	1490	42	6	27	0	1565
19612	1522	9	19	13	0	1563
19613	54	10	1478	7	0	1549
19614	1462	4	43	16	0	1525
19615	65	1471	8	8	0	1552
19616	16	53	10	1479	0	1558
19617	27	12	3	1457	0	1499
19618	11	1472	4	44	0	1531
19619	1485	45	1	29	0	1560
19620	57	6	1447	24	0	1534
19621	1445	7	46	30	0	1528
19622	56	9	1491	28	0	1584
19623	32	6	53	1482	0	1573
19624	19	17	14	1538	0	1588
19625	29	13	12	1566	0	1620
19626	1543	12	6	70	0	1631
19627	58	6	1547	27	0	1638
19628	1552	9	52	23	0	1636
19629	1607	23	14	27	0	1671
19630	1606	6	19	41	0	1672
19631	1602	4	17	34	0	1657
19632	52	18	20	1575	0	1665
19633	34	8	1534	57	0	1633
19634	19	7	59	1543	0	1628
19635	28	9	1531	58	0	1626
19636	24	6	1503	23	0	1556
19637	17	1478	41	33	0	1569
19638	24	38	10	1346	0	1418
19639	25	9	8	1393	0	1435
19640	46	10	7	1241	0	1304
19641	23	9	15	1369	0	1416
19642	1393	10	6	40	0	1449
19643	1408	10	5	19	0	1442
19644	66	7	3	1372	0	1448
19645	32	7	1360	55	0	1454
19646	15	5	35	1397	0	1452
19647	12	3	23	1427	0	1465
19648	16	4	1370	60	0	1450
19649	15	3	47	1363	0	1428
19650	1373	6	19	51	0	1449
19651	1378	22	9	23	0	1432
19652	1398	9	7	35	0	1449
19653	54	10	1	1396	0	1461
19654	1377	6	2	67	0	1452
19655	1388	6	7	33	0	1434
19656	60	7	1337	24	0	1428
19657	24	3	953	11	0	991
19658	14	2	953	23	0	992
19659	725	3	22	9	0	759
19660	9	744	3	17	0	773
19661	745	7	4	16	0	772
19662	14	816	12	4	0	846
19663	5	7	4	836	0	852
19664	16	0	3	824	0	843
19665	19	1	2	824	0	846
19666	17	0	827	11	0	855
19667	780	2	10	17	0	809
19668	22	0	4	806	0	832
19669	17	2	812	7	0	838
19670	5	1	772	2	0	780
19671	756	2	22	9	0	789
19672	13	798	14	3	0	828
19673	783	8	4	4	0	799
19674	771	13	3	3	0	790
19675	18	755	1	3	0	777
19676	749	18	1	5	0	773
19677	8	2	778	15	0	803
19678	3	1	754	14	0	772
19679	1	3	799	13	0	816
19680	4	1	23	795	0	823
19681	1	0	791	5	0	797
19682	744	0	8	1	0	753
19683	773	0	1	8	0	782
19684	6	1	785	0	0	792
19685	3	1	4	774	0	782
19686	775	0	0	7	0	782
19687	5	805	1	0	0	811
19688	1	819	0	1	0	821
19689	806	3	1	5	0	815
19690	3	2	792	0	0	797
19691	3	7	9	757	0	776
19692	2	0	2	767	0	771
19693	1	0	2	788	0	791
19694	1	779	1	4	0	785
19695	8	4	1	755	0	768
19696	818	0	0	7	0	825
19697	6	1	1	858	0	866
19698	1	860	1	10	0	872
19699	897	9	1	3	0	910
19700	10	2	0	910	0	922
19701	3	3	0	943	0	949
19702	943	1	1	14	0	959
19703	943	0	2	8	0	953
19704	10	0	0	945	0	955
19705	974	0	0	14	0	988
19706	974	0	0	5	0	979
19707	15	985	1	6	0	1007
19708	998	14	0	5	0	1017
19709	21	980	0	2	0	1003
19710	5	21	0	994	0	1020
19711	7	6	1012	14	0	1039
19712	7	4	15	1013	0	1039
19713	2	3	1	1020	0	1026
19714	5	1	5	1072	0	1083
19715	1052	1	2	24	0	1079
19716	17	1049	1	10	0	1077
19717	1096	15	1	11	0	1123
19718	24	1187	1	2	0	1214
19719	1203	21	0	5	0	1229
19720	1222	4	0	6	0	1232
19721	1209	7	0	6	0	1222
19722	1186	5	1	4	0	1196
19723	25	3	1186	4	0	1218
19724	14	2	17	1182	0	1215
19725	13	3	1	1249	0	1266
19726	5	1	1229	20	0	1255
19727	1173	4	18	9	0	1204
19728	24	1	1	1222	0	1248
19729	5	4	1200	23	0	1232
19730	12	3	1204	6	0	1225
19731	10	2	18	1234	0	1264
19732	3	3	1243	22	0	1271
19733	9	0	25	1228	0	1262
19734	11	1	4	1245	0	1261
19735	5	1	1222	27	0	1255
19736	1164	3	25	10	0	1202
19737	24	3	4	1227	0	1258
19738	4	1	1236	23	0	1264
19739	10	3	23	1234	0	1270
19740	1245	0	2	33	0	1280
19741	22	1	1255	8	0	1286
19742	1200	3	20	17	0	1240
19743	1272	0	4	12	0	1288
19744	28	2	11	1248	0	1289
19745	17	2	6	1233	0	1258
19746	12	2	1222	25	0	1261
19747	15	2	23	1214	0	1254
19748	13	2	9	1133	0	1157
19749	13	2	8	1230	0	1253
19750	11	0	1221	30	0	1262
19751	1171	0	23	21	0	1215
19752	1220	0	5	19	0	1244
19753	1243	2	8	12	0	1265
19754	1258	3	9	11	0	1281
19755	34	4	5	1253	0	1296
19756	1235	1	5	34	0	1275
19757	1235	1	12	10	0	1258
19758	1022	3	7	31	0	1063
19759	1218	1	5	18	0	1242
19760	31	1214	5	11	0	1261
19761	1226	17	6	10	0	1259
19762	1179	3	4	14	0	1200
19763	25	1189	5	11	0	1230
19764	1214	24	3	14	0	1255
19765	41	1	3	1211	0	1256
19766	19	7	5	1216	0	1247
19767	1209	3	3	30	0	1245
19768	36	1184	2	13	0	1235
19769	9	1194	8	14	0	1225
19770	15	18	2	1211	0	1246
19771	12	6	1218	25	0	1261
19772	13	6	20	1194	0	1233
19773	16	2	3	1226	0	1247
19774	1202	2	11	29	0	1244
19775	1214	3	4	17	0	1238
19776	30	2	4	1207	0	1243
19777	15	1	1164	28	0	1208
19778	17	2	23	1195	0	1237
19779	1226	3	4	35	0	1268
19780	32	2	1297	11	0	1342
19781	15	1296	33	9	0	1353
19782	1372	25	4	10	0	1411
19783	35	3	8	1365	0	1411
19784	16	8	5	1382	0	1411
19785	17	4	3	1407	0	1431
19786	14	5	1364	39	0	1422
19787	1264	2	27	21	0	1314
19788	34	7	1337	16	0	1394
19789	16	1328	35	9	0	1388
19790	24	25	4	1347	0	1400
19791	11	7	8	1389	0	1415
19792	17	5	11	1431	0	1464
19793	8	4	1404	51	0	1467
19794	7	1	1390	27	0	1425
19795	6	1	1420	20	0	1447
19796	6	1396	46	17	0	1465
19797	12	27	13	1392	0	1444
19798	1413	8	18	37	0	1476
19799	1513	5	12	17	0	1547
19800	44	7	1557	10	0	1618
19801	13	1584	47	26	0	1670
19802	13	46	1567	9	0	1635
19803	13	1612	42	15	0	1682
19804	1530	42	31	15	0	1618
19805	1541	13	9	3	0	1566
19806	55	1509	8	8	0	1580
19807	1513	45	8	7	0	1573
19808	47	11	6	1495	0	1559
19809	22	6	4	1532	0	1564
19810	1502	8	7	47	0	1564
19811	1487	2	10	19	0	1518
19812	1462	6	7	16	0	1491
19813	49	1421	5	13	0	1488
19814	18	1498	3	12	0	1531
19815	1478	42	4	18	0	1542
19816	47	14	1459	7	0	1527
19817	19	16	36	1424	0	1495
19818	1328	7	11	41	0	1387
19819	43	1300	10	15	0	1368
19820	11	1375	8	15	0	1409
19821	1373	45	2	8	0	1428
19822	50	13	1340	5	0	1408
19823	1292	15	38	7	0	1352
19824	48	11	1295	3	0	1357
19825	18	8	1285	4	0	1315
19826	16	13	46	1267	0	1342
19827	15	3	1292	40	0	1350
19828	1261	2	44	17	0	1324
19829	1314	2	14	11	0	1341
19830	1317	5	9	9	0	1340
19831	1321	8	8	4	0	1341
19832	57	5	4	1256	0	1322
19833	1270	6	7	40	0	1323
19834	51	1240	7	16	0	1314
19835	30	33	8	1181	0	1252
19836	12	1282	10	39	0	1343
19837	1322	47	2	15	0	1386
19838	1340	19	2	10	0	1371
19839	49	8	6	1324	0	1387
19840	1351	12	2	40	0	1405
19841	1383	4	8	17	0	1412
19842	51	7	9	1338	0	1405
19843	29	7	3	1349	0	1388
19844	28	4	9	1372	0	1413
19845	16	10	1315	49	0	1390
19846	14	2	1275	24	0	1315
19847	13	6	1330	18	0	1367
19848	25	2	43	1310	0	1380
19849	14	3	1378	45	0	1440
19850	17	7	45	1351	0	1420
19851	18	3	1475	45	0	1541
19852	13	5	1456	22	0	1496
19853	1384	10	47	21	0	1462
19854	43	1431	15	17	0	1506
19855	1483	38	14	11	0	1546
19856	53	11	12	1453	0	1529
19857	26	12	12	1491	0	1541
19858	16	12	1508	45	0	1581
19859	14	1487	36	21	0	1558
19860	17	37	14	1522	0	1590
19861	12	14	1540	45	0	1611
19862	13	1509	40	19	0	1581
19863	11	40	19	1497	0	1567
19864	1478	14	19	42	0	1553
19865	1497	10	15	18	0	1540
19866	49	11	10	1471	0	1541
19867	1487	1	10	50	0	1548
19868	48	1471	11	19	0	1549
19869	25	36	14	1485	0	1560
19870	17	17	1489	43	0	1566
19871	20	9	41	1487	0	1557
19872	18	9	1521	41	0	1589
19873	1472	9	38	27	0	1546
19874	53	10	16	1520	0	1599
19875	21	1523	8	41	0	1593
19876	19	38	10	1573	0	1640
19877	17	11	1575	44	0	1647
19878	14	9	1534	24	0	1581
19879	11	12	1517	12	0	1552
19880	1370	11	33	21	0	1435
19881	31	1420	17	8	0	1476
19882	18	26	7	1388	0	1439
19883	1374	8	12	37	0	1431
19884	39	1384	9	13	0	1445
19885	1456	28	9	13	0	1506
19886	1487	11	7	17	0	1522
19887	1525	9	7	12	0	1553
19888	1527	7	8	12	0	1554
19889	40	4	1501	8	0	1553
19890	1428	4	29	10	0	1471
19891	33	5	1470	12	0	1520
19892	1329	1	21	6	0	1357
19893	25	4	13	1420	0	1462
19894	13	3	1386	21	0	1423
19895	8	1369	22	10	0	1409
19896	13	58	17	1293	0	1381
19897	8	1357	6	11	0	1382
19898	12	1375	9	8	0	1404
19899	1229	7	5	5	0	1246
19900	5	2	1188	3	0	1198
19901	3	1117	2	2	0	1124
19902	1114	2	5	1	0	1122
19903	0	1142	0	1	0	1143
19904	1148	3	0	7	0	1158
19905	2	1	0	1140	0	1143
19906	1155	0	0	5	0	1160
19907	2	0	1	1144	0	1147
19908	1146	2	0	6	0	1154
19909	4	0	0	1136	0	1140
19910	0	1193	0	2	0	1195
19911	1	2	0	1192	0	1195
19912	1184	0	0	5	0	1189
19913	3	1180	1	0	0	1184
19914	0	2	0	1177	0	1179
19915	1198	0	0	3	0	1201
19916	3	0	0	1213	0	1216
19917	1	2	0	1193	0	1196
19918	1	0	1224	3	0	1228
19919	2	2	1187	0	0	1191
19920	2	1	2	1168	0	1173
19921	0	1	1253	3	0	1257
19922	1	0	1	1239	0	1241
19923	8	2	0	1117	0	1127
19924	2	1	0	1239	0	1242
19925	0	0	1267	2	0	1269
19926	3	1	2	1188	0	1194
19927	3	0	0	1229	0	1232
19928	0	1244	1	7	0	1252
19929	0	2	0	1265	0	1267
19930	1272	1	0	4	0	1277
19931	2	0	0	1310	0	1312
19932	1	0	1507	4	0	1512
19933	1442	0	18	7	0	1467
19934	19	1605	10	1	0	1635
19935	18	21	5	1614	0	1658
19936	6	11	1552	22	0	1591
19937	1477	7	19	22	0	1525
19938	19	1555	13	8	0	1595
19939	1573	20	9	8	0	1610
19940	32	14	3	1544	0	1593
19941	1543	9	0	21	0	1573
19942	28	4	1524	15	0	1571
19943	18	1515	22	9	0	1564
19944	9	1654	14	4	0	1681
19945	1656	32	7	4	0	1699
19946	1641	19	8	6	0	1674
19947	35	10	1645	1	0	1691
19948	1598	4	20	4	0	1626
19949	1621	2	15	5	0	1643
19950	1634	3	10	1	0	1648
19951	42	1558	6	0	0	1606
19952	25	1583	1	0	0	1609
19953	1551	32	1	8	0	1592
19954	1566	19	3	4	0	1592
19955	36	1581	1	2	0	1620
19956	27	24	0	1592	0	1643
19957	15	14	1587	21	0	1637
19958	1520	10	19	24	0	1573
19959	1496	4	16	22	0	1538
19960	1646	2	11	8	0	1667
19961	35	1632	3	0	0	1670
19962	23	26	1664	3	0	1716
19963	1712	12	23	4	0	1751
19964	30	7	13	1724	0	1774
19965	18	5	11	1742	0	1776
19966	17	2	3	1783	0	1805
19967	6	2	1743	43	0	1794
19968	8	0	22	1732	0	1762
19969	4	13	1772	32	0	1821
19970	1	1747	27	22	0	1797
19971	1722	23	18	16	0	1779
19972	23	1698	8	9	0	1738
19973	19	1740	5	0	0	1764
19974	1710	37	2	14	0	1763
19975	26	1762	5	2	0	1795
19976	18	28	0	1709	0	1755
19977	13	1714	2	19	0	1748
19978	1705	30	1	19	0	1755
19979	19	1726	3	9	0	1757
19980	23	30	4	1732	0	1789
19981	14	18	1718	24	0	1774
19982	7	9	24	1717	0	1757
19983	2	1737	16	34	0	1789
19984	4	22	13	1778	0	1817
19985	7	17	5	1726	0	1755
19986	13	9	4	1673	0	1699
19987	8	7	3	1719	0	1737
19988	9	4	2	1737	0	1752
19989	14	4	5	1731	0	1754
19990	3	6	1731	53	0	1793
19991	1683	5	23	44	0	1755
19992	34	2	17	1891	0	1944
19993	23	2	1882	38	0	1945
19994	18	7	1881	26	0	1932
19995	16	7	50	1903	0	1976
19996	1898	5	40	44	0	1987
19997	40	5	1891	23	0	1959
19998	1844	6	41	33	0	1924
19999	52	6	1958	12	0	2028
20000	39	5	50	1927	0	2021
20001	37	6	28	1985	0	2056
20002	20	8	1970	50	0	2048
20003	1867	7	42	44	0	1960
20004	40	6	25	1950	0	2021
20005	27	3	1963	40	0	2033
20006	30	3	1956	37	0	2026
20007	19	7	51	1889	0	1966
20008	12	1950	49	32	0	2043
20009	1973	28	29	34	0	2064
20010	1947	23	15	28	0	2013
20011	55	22	1961	13	0	2051
20012	53	12	40	1880	0	1985
20013	1960	8	20	53	0	2041
20014	50	8	1973	29	0	2060
20015	1897	3	46	32	0	1978
20016	59	1906	31	20	0	2016
20017	44	30	34	1953	0	2061
20018	29	24	17	1993	0	2063
20019	2022	19	11	71	0	2123
20020	45	14	20	2036	0	2115
20021	39	5	8	1997	0	2049
20022	31	10	7	2046	0	2094
20023	1985	6	12	93	0	2096
20024	47	4	1964	62	0	2077
20025	1927	5	40	56	0	2028
20026	1972	6	26	39	0	2043
20027	2011	5	24	26	0	2066
20028	85	4	19	1958	0	2066
20029	55	7	1962	48	0	2072
20030	39	1872	47	35	0	1993
20031	34	1880	26	30	0	1970
20032	17	1783	21	18	0	1839
20033	15	34	1752	13	0	1814
20034	12	30	30	2022	0	2094
20035	2066	18	13	61	0	2158
20036	2297	13	17	31	0	2358
20037	78	11	15	2391	0	2495
20038	49	7	2383	70	0	2509
20039	37	5	2386	36	0	2464
20040	36	1	72	2396	0	2505
20041	24	0	2443	74	0	2541
20042	35	4	87	2435	0	2561
20043	32	5	47	2419	0	2503
20044	16	2402	43	94	0	2555
20045	14	60	36	2443	0	2553
20046	19	25	24	2517	0	2585
20047	2443	27	22	113	0	2605
20048	81	15	18	2486	0	2600
20049	45	14	4	2517	0	2580
20050	2395	13	16	117	0	2541
20051	65	2395	20	82	0	2562
20052	2433	55	14	69	0	2571
20053	100	32	2394	36	0	2562
20054	2386	24	68	45	0	2523
20055	2426	11	35	49	0	2521
20056	108	14	2351	23	0	2496
20057	65	16	2357	29	0	2467
20058	60	14	94	2291	0	2459
20059	2313	3	62	79	0	2457
20060	86	9	2303	48	0	2446
20061	52	9	81	2255	0	2397
20062	49	9	2245	84	0	2387
20063	40	6	101	2195	0	2342
20064	33	9	57	2265	0	2364
20065	2193	6	41	117	0	2357
20066	2174	8	31	80	0	2293
20067	2258	9	24	62	0	2353
20068	119	8	2239	54	0	2420
20069	71	7	2291	33	0	2402
20070	63	10	96	2235	0	2404
20071	45	7	59	2268	0	2379
20072	51	9	45	2315	0	2420
20073	2214	2	38	122	0	2376
20074	76	2218	35	77	0	2406
20075	2197	60	36	64	0	2357
20076	2170	25	26	55	0	2276
20077	105	2130	18	49	0	2302
20078	75	2199	25	37	0	2336
20079	2172	79	22	41	0	2314
20080	100	50	17	2083	0	2250
20081	57	2127	22	91	0	2297
20082	71	72	20	2133	0	2296
20083	42	43	2104	97	0	2286
20084	35	38	73	2140	0	2286
20085	2118	17	44	123	0	2302
20086	83	17	2090	68	0	2258
20087	42	19	2089	82	0	2232
20088	59	37	113	1933	0	2142
20089	39	1940	73	97	0	2149
20090	34	1946	47	72	0	2099
20091	32	2018	37	65	0	2152
20092	1885	77	32	42	0	2036
20093	1874	40	26	56	0	1996
20094	1824	38	16	46	0	1924
20095	98	1815	17	54	0	1984
20096	1849	73	19	37	0	1978
20097	1857	37	13	32	0	1939
20098	106	32	1786	30	0	1954
20099	78	1743	71	22	0	1914
20100	68	63	44	1741	0	1916
20101	1753	37	32	79	0	1901
20102	91	32	1727	41	0	1891
20103	57	13	84	1673	0	1827
20104	54	1708	50	73	0	1885
20105	35	62	45	1697	0	1839
20106	41	31	26	1731	0	1829
20107	1694	17	38	99	0	1848
20108	1729	24	22	65	0	1840
20109	97	17	30	1702	0	1846
20110	60	18	1674	93	0	1845
20111	48	18	1700	61	0	1827
20112	1685	18	78	63	0	1844
20113	93	14	1738	43	0	1888
20114	74	7	85	1547	0	1713
20115	57	1643	43	73	0	1816
20116	1641	49	44	46	0	1780
20117	77	1631	41	37	0	1786
20118	1664	65	37	37	0	1803
20119	99	33	27	1647	0	1806
20120	59	26	30	1683	0	1798
20121	1654	25	23	87	0	1789
20122	1672	33	19	68	0	1792
20123	118	20	13	1634	0	1785
20124	66	35	15	1657	0	1773
20125	57	21	1592	95	0	1765
20126	34	22	1598	59	0	1713
20127	1565	17	73	57	0	1712
20128	75	25	1507	42	0	1649
20129	1537	9	69	52	0	1667
20130	1579	12	39	45	0	1675
20131	93	16	1525	39	0	1673
20132	57	1420	71	35	0	1583
20133	38	1475	55	20	0	1588
20134	32	33	1131	17	0	1213
20135	50	116	45	930	0	1141
20136	822	28	39	39	0	928
20137	779	2	3	6	0	790
20138	883	4	1	5	0	893
20139	1083	2	3	4	0	1092
20140	1121	3	2	8	0	1134
20141	30	1133	2	5	0	1170
20142	1097	21	3	4	0	1125
20143	31	1078	2	2	0	1113
20144	1056	25	3	3	0	1087
20145	32	2	1037	0	0	1071
20146	11	5	22	989	0	1027
20147	12	0	2	982	0	996
20148	4	995	3	22	0	1024
20149	1002	26	1	8	0	1037
20150	1009	4	2	5	0	1020
20151	27	7	1	996	0	1031
20152	9	0	1	1012	0	1022
20153	986	3	3	29	0	1021
20154	30	0	0	1000	0	1030
20155	6	2	1	1024	0	1033
20156	1004	4	0	33	0	1041
20157	33	1	0	1006	0	1040
20158	1012	2	1	27	0	1042
20159	1032	0	2	9	0	1043
20160	29	1	998	8	0	1036
20161	1004	0	20	3	0	1027
20162	1010	2	1	11	0	1024
20163	1015	2	3	5	0	1025
20164	35	3	978	2	0	1018
20165	15	1	25	968	0	1009
20166	16	3	2	989	0	1010
20167	8	1	964	28	0	1001
20168	923	1	29	12	0	965
20169	35	0	4	909	0	948
20170	9	3	900	28	0	940
20171	13	2	924	5	0	944
20172	9	1	30	922	0	962
20173	12	0	943	30	0	985
20174	3	1	29	940	0	973
20175	6	1	7	967	0	981
20176	10	2	947	29	0	988
20177	8	0	27	908	0	943
20178	4	914	8	27	0	953
20179	3	970	8	13	0	994
20180	950	28	4	17	0	999
20181	957	5	8	4	0	974
20182	29	947	2	7	0	985
20183	953	27	4	6	0	990
20184	982	6	4	7	0	999
20185	37	3	4	951	0	995
20186	14	6	3	973	0	996
20187	934	6	5	34	0	979
20188	33	924	4	11	0	972
20189	15	940	3	9	0	967
20190	11	27	8	940	0	986
20191	13	3	935	31	0	982
20192	915	7	26	12	0	960
20193	934	7	8	9	0	958
20194	928	6	6	8	0	948
20195	44	918	2	7	0	971
20196	10	28	6	917	0	961
20197	17	7	1	948	0	973
20198	927	7	5	35	0	974
20199	34	911	4	12	0	961
20200	14	30	3	897	0	944
20201	20	6	3	934	0	963
20202	14	10	2	935	0	961
20203	909	7	2	36	0	954
20204	34	903	2	14	0	953
20205	11	32	5	870	0	918
20206	19	896	4	29	0	948
20207	896	29	2	11	0	938
20208	37	2	887	17	0	943
20209	870	11	25	12	0	918
20210	35	7	864	14	0	920
20211	16	16	25	830	0	887
20212	826	7	10	31	0	874
20213	32	2	809	10	0	853
20214	809	3	22	16	0	850
20215	837	1	8	9	0	855
20216	844	3	9	12	0	868
20217	38	2	4	806	0	850
20218	17	3	8	807	0	835
20219	17	1	2	826	0	846
20220	792	2	4	33	0	831
20221	29	828	11	8	0	876
20222	832	21	4	13	0	870
20223	866	5	5	15	0	891
20224	30	8	850	10	0	898
20225	854	0	21	10	0	885
20226	878	4	4	13	0	899
20227	27	6	9	861	0	903
20228	16	2	6	876	0	900
20229	16	5	5	877	0	903
20230	861	2	4	29	0	896
20231	862	4	5	10	0	881
20232	834	1	7	10	0	852
20233	26	786	8	9	0	829
20234	7	771	6	9	0	793
20235	7	800	4	10	0	821
20236	789	23	8	7	0	827
20237	30	6	775	7	0	818
20238	14	1	648	7	0	670
20239	415	1	9	4	0	429
20240	11	0	436	2	0	449
20241	1	0	2	365	0	368
20242	0	368	2	1	0	371
20243	395	2	0	0	0	397
20244	391	0	0	0	0	391
20245	388	0	0	2	0	390
20246	3	0	0	423	0	426
20247	0	0	432	2	0	434
20248	0	0	424	0	0	424
20249	425	0	2	1	0	428
20250	439	0	0	3	0	442
20251	432	0	0	1	0	433
20252	2	0	0	435	0	437
20253	1	0	0	439	0	440
20254	1	0	429	2	0	432
20255	425	0	1	0	0	426
20256	2	0	0	453	0	455
20257	1	0	0	442	0	443
20258	1	0	0	448	0	449
20259	0	451	0	2	0	453
20260	0	1	0	457	0	458
20261	1	0	0	459	0	460
20262	457	0	0	3	0	460
20263	2	0	445	0	0	447
20264	438	0	1	0	0	439
20265	456	0	0	1	0	457
20266	2	0	0	464	0	466
20267	0	0	0	459	0	459
20268	462	0	0	2	0	464
20269	3	0	447	0	0	450
20270	0	447	2	0	0	449
20271	0	1	0	444	0	445
20272	441	0	1	2	0	444
20273	1	0	0	423	0	424
20274	0	0	428	1	0	429
20275	0	0	437	0	0	437
20276	436	0	1	0	0	437
20277	1	0	0	458	0	459
20278	0	0	448	1	0	449
20279	456	0	4	3	0	463
20280	493	0	0	3	0	496
20281	0	0	0	490	0	490
20282	0	0	0	496	0	496
20283	0	499	0	0	0	499
20284	514	0	0	3	0	517
20285	0	0	0	520	0	520
20286	0	0	0	520	0	520
20287	0	0	532	0	0	532
20288	476	1	0	1	0	478
20289	518	0	0	1	0	519
20290	0	517	0	3	0	520
20291	0	0	510	1	0	511
20292	0	0	516	0	0	516
20293	1	0	0	508	0	509
20294	521	0	1	2	0	524
20295	0	0	0	520	0	520
20296	535	0	0	2	0	537
20297	537	0	0	1	0	538
20298	535	0	0	2	0	537
20299	0	0	0	549	0	549
20300	1	0	0	555	0	556
20301	556	0	0	2	0	558
20302	0	1	567	0	0	568
20303	525	0	0	2	0	527
20304	551	0	0	0	0	551
20305	1	0	561	0	0	562
20306	0	0	546	1	0	547
20307	0	562	0	0	0	562
20308	1	0	3	557	0	561
20309	545	0	5	0	0	550
20310	0	0	0	556	0	556
20311	0	0	561	0	0	561
20312	1	540	1	1	0	543
20313	0	532	0	0	0	532
20314	0	0	0	542	0	542
20315	0	1	0	528	0	529
20316	0	532	0	0	0	532
20317	1	0	525	0	0	526
20318	504	0	1	1	0	506
20319	538	0	0	0	0	538
20320	0	547	0	0	0	547
20321	528	0	0	0	0	528
20322	0	0	0	519	0	519
20323	499	0	0	1	0	500
20324	0	0	0	492	0	492
20325	0	503	1	0	0	504
20326	0	1	506	0	0	507
20327	0	0	2	537	0	539
20328	2	0	0	516	0	518
20329	0	0	0	556	0	556
20330	572	0	0	5	0	577
20331	2	0	0	569	0	571
20332	1	0	584	2	0	587
20333	0	0	605	1	0	606
20334	630	0	10	2	0	642
20335	8	0	640	0	0	648
20336	648	0	8	2	0	658
20337	9	0	4	707	0	720
20338	3	0	1	722	0	726
20339	3	0	0	796	0	799
20340	4	0	2	790	0	796
20341	776	0	1	24	0	801
20342	19	0	781	7	0	807
20343	10	0	20	756	0	786
20344	2	792	7	18	0	819
20345	802	18	0	9	0	829
20346	21	6	1	776	0	804
20347	766	0	2	24	0	792
20348	20	1	756	11	0	788
20349	13	1	19	726	0	759
20350	3	748	8	19	0	778
20351	757	18	3	13	0	791
20352	23	9	749	8	0	789
20353	14	1	21	740	0	776
20354	5	1	7	776	0	789
20355	748	2	2	30	0	782
20356	24	3	741	10	0	778
20357	10	2	770	6	0	788
20358	5	3	26	759	0	793
20359	8	2	758	22	0	790
20360	6	2	754	10	0	772
20361	7	2	27	742	0	778
20362	9	2	9	751	0	771
20363	8	0	6	785	0	799
20364	757	1	7	34	0	799
20365	24	765	10	14	0	813
20366	779	21	7	8	0	815
20367	24	7	8	769	0	808
20368	13	774	7	28	0	822
20369	5	21	5	818	0	849
20370	841	8	4	33	0	886
20371	29	897	5	17	0	948
20372	13	28	7	920	0	968
20373	6	11	916	36	0	969
20374	900	4	30	18	0	952
20375	35	7	9	896	0	947
20376	14	5	7	915	0	941
20377	13	4	885	44	0	946
20378	11	5	886	17	0	919
20379	829	5	38	14	0	886
20380	31	819	14	16	0	880
20381	18	30	8	834	0	890
20382	834	11	9	35	0	889
20383	35	4	847	20	0	906
20384	12	820	33	17	0	882
20385	13	30	17	835	0	895
20386	847	11	10	37	0	905
20387	838	1	12	23	0	874
20388	850	5	6	15	0	876
20389	38	820	10	16	0	884
20390	21	28	837	13	0	899
20391	10	14	34	839	0	897
20392	14	7	16	778	0	815
20393	12	4	11	871	0	898
20394	12	4	9	882	0	907
20395	846	8	6	51	0	911
20396	854	9	9	22	0	894
20397	45	9	820	17	0	891
20398	19	7	812	17	0	855
20399	788	3	34	23	0	848
20400	835	3	14	15	0	867
20401	46	5	10	783	0	844
20402	21	789	8	46	0	864
20403	799	32	10	20	0	861
20404	41	779	9	14	0	843
20405	19	806	12	16	0	853
20406	12	34	7	838	0	891
20407	15	12	8	869	0	904
20408	14	4	10	863	0	891
20409	13	6	13	860	0	892
20410	11	10	832	49	0	902
20411	817	6	35	24	0	882
20412	855	10	15	19	0	899
20413	46	9	13	822	0	890
20414	17	7	10	856	0	890
20415	830	6	7	56	0	899
20416	43	10	777	24	0	854
20417	840	8	29	25	0	902
20418	856	7	16	19	0	898
20419	54	7	823	18	0	902
20420	839	8	35	17	0	899
20421	43	5	16	850	0	914
20422	26	4	10	875	0	915
20423	20	7	13	868	0	908
20424	16	4	12	880	0	912
20425	824	5	10	50	0	889
20426	41	8	6	844	0	899
20427	20	1	6	814	0	841
20428	14	736	8	50	0	808
20429	13	774	11	22	0	820
20430	13	32	8	763	0	816
20431	755	6	8	39	0	808
20432	38	6	3	737	0	784
20433	15	6	677	30	0	728
20434	11	2	626	11	0	650
20435	623	4	25	7	0	659
20436	23	622	11	11	0	667
20437	557	18	10	8	0	593
20438	21	3	575	8	0	607
20439	11	20	14	497	0	542
20440	512	2	3	13	0	530
20441	17	508	3	2	0	530
20442	502	11	2	4	0	519
20443	13	1	527	3	0	544
20444	9	4	7	523	0	543
20445	7	1	3	533	0	544
20446	568	2	1	14	0	585
20447	562	3	3	7	0	575
20448	580	4	2	5	0	591
20449	581	1	1	12	0	595
20450	576	4	0	8	0	588
20451	10	582	1	6	0	599
20452	5	7	1	587	0	600
20453	598	1	2	13	0	614
20454	12	3	1	601	0	617
20455	3	1	1	612	0	617
20456	4	0	4	605	0	613
20457	7	571	0	11	0	589
20458	581	7	2	7	0	597
20459	12	3	0	581	0	596
20460	574	1	2	14	0	591
20461	572	1	2	7	0	582
20462	11	560	3	6	0	580
20463	562	8	1	4	0	575
20464	13	3	539	3	0	558
20465	530	0	17	7	0	554
20466	13	3	2	535	0	553
20467	5	0	552	10	0	567
20468	2	540	10	6	0	558
20469	7	7	539	4	0	557
20470	4	484	6	4	0	498
20471	440	0	0	3	0	443
20472	434	0	0	2	0	436
20473	428	0	1	0	0	429
20474	0	435	0	0	0	435
20475	434	0	0	0	0	434
20476	0	3	418	0	0	421
20477	1	0	445	0	0	446
20478	1	3	1	441	0	446
20479	0	0	1	450	0	451
20480	0	448	1	1	0	450
20481	456	0	0	2	0	458
20482	1	1	0	454	0	456
20483	1	446	1	1	0	449
20484	1	1	0	469	0	471
20485	464	0	0	2	0	466
20486	446	0	0	5	0	451
20487	2	1	438	0	0	441
20488	1	0	1	445	0	447
20489	0	0	438	1	0	439
20490	0	1	1	440	0	442
20491	0	0	448	1	0	449
20492	1	0	1	443	0	445
20493	0	0	450	1	0	451
20494	0	0	1	447	0	448
20495	0	0	455	1	0	456
20496	2	0	1	449	0	452
20497	0	0	0	467	0	467
20498	0	516	0	2	0	518
20499	2	1	0	523	0	526
20500	0	1	517	2	0	520
20501	2	4	2	508	0	516
20502	1	0	1	509	0	511
20503	505	0	2	7	0	514
20504	4	0	0	507	0	511
20505	1	0	0	509	0	510
20506	0	0	491	3	0	494
20507	480	0	2	4	0	486
20508	3	0	1	499	0	503
20509	2	0	0	500	0	502
20510	1	0	1	505	0	507
20511	504	0	0	5	0	509
20512	2	1	0	516	0	519
20513	2	1	0	509	0	512
20514	511	0	0	6	0	517
20515	2	513	2	1	0	518
20516	1	2	0	497	0	500
20517	0	0	0	503	0	503
20518	1	0	495	3	0	499
20519	422	1	3	6	0	432
20520	3	0	1	482	0	486
20521	1	0	470	3	0	474
20522	463	1	2	4	0	470
20523	2	0	0	500	0	502
20524	2	1	0	522	0	525
20525	0	0	0	541	0	541
20526	2	0	2	542	0	546
20527	2	1	584	6	0	593
20528	0	0	6	593	0	599
20529	0	0	3	724	0	727
20530	1	0	856	19	0	876
20531	882	0	30	9	0	921
20532	921	0	12	12	0	945
20533	944	1	7	7	0	959
20534	54	1	7	906	0	968
20535	931	0	5	34	0	970
20536	953	0	3	15	0	971
20537	62	0	0	922	0	984
20538	915	0	2	45	0	962
20539	917	0	0	34	0	951
20540	921	0	1	16	0	938
20541	929	0	2	15	0	946
20542	63	0	3	877	0	943
20543	35	833	1	30	0	899
20544	22	881	0	13	0	916
20545	12	899	2	11	0	924
20546	814	50	1	12	0	877
20547	856	24	0	9	0	889
20548	49	21	812	4	0	886
20549	860	12	33	3	0	908
20550	50	15	12	839	0	916
20551	28	3	9	874	0	914
20552	15	4	8	890	0	917
20553	841	1	5	61	0	908
20554	44	1	2	855	0	902
20555	17	830	1	57	0	905
20556	19	35	3	853	0	910
20557	14	10	852	49	0	925
20558	9	8	34	869	0	920
20559	853	10	12	52	0	927
20560	37	8	861	25	0	931
20561	16	2	41	864	0	923
20562	20	0	16	871	0	907
20563	13	1	10	896	0	920
20564	10	856	10	54	0	930
20565	10	32	5	881	0	928
20566	875	13	1	58	0	947
20567	879	9	1	32	0	921
20568	48	8	853	17	0	926
20569	25	3	874	13	0	915
20570	24	1	44	858	0	927
20571	19	2	17	892	0	930
20572	8	2	886	52	0	948
20573	9	2	46	815	0	872
20574	7	845	16	44	0	912
20575	883	35	10	27	0	955
20576	902	13	11	19	0	945
20577	900	8	5	15	0	928
20578	56	11	875	14	0	956
20579	31	7	39	904	0	981
20580	24	4	914	42	0	984
20581	895	3	45	23	0	966
20582	44	897	20	22	0	983
20583	23	34	16	895	0	968
20584	895	11	11	45	0	962
20585	47	10	9	892	0	958
20586	22	7	3	937	0	969
20587	10	4	882	55	0	951
20588	856	2	38	30	0	926
20589	45	883	14	24	0	966
20590	18	35	10	909	0	972
20591	904	11	9	40	0	964
20592	52	9	7	899	0	967
20593	894	10	3	52	0	959
20594	47	879	6	25	0	957
20595	893	34	2	22	0	951
20596	51	14	868	12	0	945
20597	882	18	36	9	0	945
20598	879	9	15	5	0	908
20599	879	5	11	8	0	903
20600	68	2	10	835	0	915
20601	38	2	6	835	0	881
20602	32	3	2	856	0	893
20603	17	811	4	59	0	891
20604	834	33	3	33	0	903
20605	42	14	2	838	0	896
20606	19	10	2	868	0	899
20607	22	11	2	866	0	901
20608	832	5	1	61	0	899
20609	49	0	1	847	0	897
20610	17	8	810	60	0	895
20611	15	817	33	31	0	896
20612	12	39	15	829	0	895
20613	12	14	9	858	0	893
20614	9	13	6	864	0	892
20615	8	11	819	58	0	896
20616	8	4	832	37	0	881
20617	7	2	50	843	0	902
20618	8	2	882	56	0	948
20619	9	4	49	896	0	958
20620	891	1	24	50	0	966
20621	934	1	14	32	0	981
20622	927	6	9	23	0	965
20623	56	3	861	19	0	939
20624	863	5	38	6	0	912
20625	61	2	12	854	0	929
20626	29	2	831	36	0	898
20627	20	5	821	17	0	863
20628	14	788	45	17	0	864
20629	8	697	23	13	0	741
20630	522	5	23	9	0	559
20631	7	3	1	518	0	529
20632	1	3	522	7	0	533
20633	6	3	4	515	0	528
20634	523	0	0	6	0	529
20635	4	1	578	4	0	587
20636	589	1	6	5	0	601
20637	622	3	1	4	0	630
20638	612	1	2	4	0	619
20639	9	607	1	4	0	621
20640	635	7	2	3	0	647
20641	10	1	2	636	0	649
20642	6	2	1	631	0	640
20643	3	2	2	642	0	649
20644	4	0	1	626	0	631
20645	608	0	1	16	0	625
20646	10	607	2	4	0	623
20647	5	592	0	5	0	602
20648	6	614	1	3	0	624
20649	605	9	1	3	0	618
20650	606	4	8	8	0	626
20651	598	1	2	3	0	604
20652	606	2	1	2	0	611
20653	13	2	1	597	0	613
20654	6	2	1	598	0	607
20655	605	0	0	14	0	619
20656	8	600	1	8	0	617
20657	581	6	1	8	0	596
20658	601	2	1	7	0	611
20659	12	2	2	593	0	609
20660	3	604	1	8	0	616
20661	5	7	0	625	0	637
20662	615	0	0	11	0	626
20663	9	3	638	4	0	654
20664	6	3	7	628	0	644
20665	3	648	2	7	0	660
20666	646	9	1	3	0	659
20667	636	1	2	5	0	644
20668	9	2	636	5	0	652
20669	5	639	8	2	0	654
20670	7	11	634	0	0	652
20671	9	1	10	614	0	634
20672	0	2	620	8	0	630
20673	2	2	615	2	0	621
20674	1	620	10	5	0	636
20675	614	7	2	1	0	624
20676	621	0	1	4	0	626
20677	8	632	2	0	0	642
20678	0	621	3	1	0	625
20679	3	10	595	0	0	608
20680	2	4	587	2	0	595
20681	2	2	610	0	0	614
20682	3	1	8	591	0	603
20683	1	1	601	7	0	610
20684	3	2	9	587	0	601
20685	6	0	2	565	0	573
20686	1	1	598	8	0	608
20687	1	594	8	3	0	606
20688	1	7	1	596	0	605
20689	596	1	2	9	0	608
20690	6	1	2	600	0	609
20691	2	2	589	7	0	600
20692	3	599	6	2	0	610
20693	2	617	2	2	0	623
20694	4	10	1	613	0	628
20695	611	3	0	6	0	620
20696	612	2	1	4	0	619
20697	8	3	0	618	0	629
20698	4	628	3	6	0	641
20699	3	9	1	635	0	648
20700	4	2	1	646	0	653
20701	1	2	0	656	0	659
20702	683	1	1	14	0	699
20703	15	684	0	8	0	707
20704	698	14	0	5	0	717
20705	701	6	1	4	0	712
20706	697	4	0	7	0	708
20707	709	2	0	10	0	721
20708	24	0	0	694	0	718
20709	12	1	698	16	0	727
20710	9	697	14	3	0	723
20711	725	16	3	5	0	749
20712	728	11	2	5	0	746
20713	752	4	1	2	0	759
20714	24	3	727	2	0	756
20715	719	1	13	7	0	740
20716	738	2	6	3	0	749
20717	24	3	4	727	0	758
20718	12	1	674	15	0	702
20719	6	662	10	9	0	687
20720	8	12	6	652	0	678
20721	655	5	4	12	0	676
20722	18	4	2	650	0	674
20723	14	2	1	653	0	670
20724	679	2	1	20	0	702
20725	17	3	671	9	0	700
20726	672	3	14	7	0	696
20727	647	2	8	9	0	666
20728	662	1	5	3	0	671
20729	655	1	2	9	0	667
20730	22	2	633	3	0	660
20731	16	1	12	619	0	648
20732	9	1	626	13	0	649
20733	10	2	20	602	0	634
20734	11	2	615	16	0	644
20735	532	1	14	10	0	557
20736	17	511	12	4	0	544
20737	8	540	7	2	0	557
20738	5	14	4	584	0	607
20739	8	7	6	629	0	650
20740	3	625	2	24	0	654
20741	636	17	4	11	0	668
20742	696	10	1	5	0	712
20743	722	6	1	2	0	731
20744	766	3	2	3	0	774
20745	33	2	2	742	0	779
20746	17	4	1	777	0	799
20747	789	2	0	37	0	828
20748	29	1	1	794	0	825
20749	17	1	757	28	0	803
20750	11	0	770	14	0	795
20751	8	0	34	773	0	815
20752	4	1	786	27	0	818
20753	761	2	25	20	0	808
20754	29	5	13	776	0	823
20755	788	1	4	31	0	824
20756	33	2	775	13	0	823
20757	19	2	24	771	0	816
20758	9	1	796	26	0	832
20759	6	776	29	20	0	831
20760	760	26	16	10	0	812
20761	768	14	7	9	0	798
20762	43	758	5	4	0	810
20763	746	23	4	5	0	778
20764	34	15	2	715	0	766
20765	16	7	9	745	0	777
20766	730	2	3	39	0	774
20767	29	711	2	22	0	764
20768	19	728	4	8	0	759
20769	14	34	3	707	0	758
20770	696	18	3	29	0	746
20771	728	8	3	20	0	759
20772	743	3	4	10	0	760
20773	50	2	696	9	0	757
20774	24	4	704	10	0	742
20775	13	698	38	3	0	752
20776	688	24	19	8	0	739
20777	36	14	10	668	0	728
20778	686	8	6	26	0	726
20779	702	3	2	20	0	727
20780	49	2	8	670	0	729
20781	25	4	681	30	0	740
20782	678	3	28	22	0	731
20783	32	4	18	683	0	737
20784	24	3	679	32	0	738
20785	676	1	26	26	0	729
20786	702	2	18	11	0	733
20787	44	5	11	672	0	732
20788	28	5	672	33	0	738
20789	17	2	30	656	0	705
20790	11	679	20	28	0	738
20791	16	25	670	22	0	733
20792	13	680	29	11	0	733
20793	668	28	22	9	0	727
20794	683	16	13	6	0	718
20795	703	7	4	8	0	722
20796	698	4	7	11	0	720
20797	51	5	5	651	0	712
20798	658	3	3	24	0	688
20799	34	7	4	640	0	685
20800	627	5	7	34	0	673
20801	34	607	8	16	0	665
20802	17	22	3	542	0	584
20803	14	560	3	22	0	599
20804	559	23	6	15	0	603
20805	566	16	3	10	0	595
20806	39	549	4	5	0	597
20807	25	18	4	540	0	587
20808	11	12	538	26	0	587
20809	11	4	16	541	0	572
20810	10	4	538	25	0	577
20811	12	3	25	476	0	516
20812	8	506	17	20	0	551
20813	512	19	3	11	0	545
20814	528	9	5	5	0	547
20815	32	5	2	510	0	549
20816	529	0	6	18	0	553
20817	26	3	4	515	0	548
20818	15	5	2	531	0	553
20819	13	3	6	533	0	555
20820	513	4	1	38	0	556
20821	528	3	4	19	0	554
20822	547	3	5	9	0	564
20823	35	512	2	8	0	557
20824	501	16	5	5	0	527
20825	25	487	2	9	0	523
20826	494	20	3	4	0	521
20827	22	10	4	475	0	511
20828	18	5	5	490	0	518
20829	484	3	2	28	0	517
20830	484	2	3	21	0	510
20831	32	469	4	9	0	514
20832	478	19	2	6	0	505
20833	28	11	1	471	0	511
20834	14	7	3	490	0	514
20835	468	2	2	30	0	502
20836	24	2	478	13	0	517
20837	18	449	14	9	0	490
20838	15	14	6	390	0	425
20839	7	6	340	9	0	362
20840	6	17	9	320	0	352
20841	325	1	6	14	0	346
20842	10	287	2	7	0	306
20843	8	257	2	3	0	270
20844	2	226	0	1	0	229
20845	7	8	5	197	0	217
20846	196	0	10	4	0	210
20847	4	0	0	181	0	185
20848	178	0	0	6	0	184
20849	178	0	1	2	0	181
20850	4	0	0	177	0	181
20851	178	0	0	4	0	182
20852	4	0	1	170	0	175
20853	1	1	170	4	0	176
20854	171	0	4	0	0	175
20855	4	0	188	1	0	193
20856	180	0	5	1	0	186
20857	4	0	176	0	0	180
20858	0	0	3	168	0	171
20859	2	0	1	175	0	178
20860	179	1	0	2	0	182
20861	4	0	0	181	0	185
20862	176	0	0	3	0	179
20863	4	178	0	0	0	182
20864	180	3	0	1	0	184
20865	4	0	0	186	0	190
20866	1	0	0	186	0	187
20867	1	0	0	187	0	188
20868	1	0	0	188	0	189
20869	0	1	175	3	0	179
20870	0	1	175	0	0	176
20871	1	1	3	164	0	169
20872	3	0	170	1	0	174
20873	0	172	3	0	0	175
20874	0	4	0	172	0	176
20875	0	0	174	4	0	178
20876	0	0	183	0	0	183
20877	0	0	3	197	0	200
20878	2	0	0	202	0	204
20879	0	196	0	3	0	199
20880	0	2	1	204	0	207
20881	2	0	202	1	0	205
20882	192	0	4	2	0	198
20883	4	0	0	212	0	216
20884	211	0	1	5	0	217
20885	214	0	0	1	0	215
20886	233	0	0	2	0	235
20887	5	0	237	0	0	242
20888	0	1	233	1	0	235
20889	216	0	4	0	0	220
20890	4	2	234	0	0	240
20891	1	1	4	229	0	235
20892	1	0	0	231	0	232
20893	0	0	234	5	0	239
20894	0	232	4	1	0	237
20895	223	4	0	0	0	227
20896	4	219	1	0	0	224
20897	1	229	1	0	0	231
20898	231	4	0	2	0	237
20899	4	0	244	0	0	248
20900	0	1	254	0	0	255
20901	1	0	4	248	0	253
20902	251	0	1	4	0	256
20903	4	257	2	0	0	263
20904	261	4	0	2	0	267
20905	4	0	262	1	0	267
20906	0	297	6	0	0	303
20907	0	8	0	298	0	306
20908	0	1	301	8	0	310
20909	1	0	8	300	0	309
20910	2	0	2	251	0	255
20911	1	0	0	306	0	307
20912	1	0	0	288	0	289
20913	284	0	0	9	0	293
20914	279	0	1	0	0	280
20915	10	0	283	0	0	293
20916	273	0	6	0	0	279
20917	7	271	3	0	0	281
20918	279	8	1	0	0	288
20919	8	1	270	1	0	280
20920	1	0	9	268	0	278
20921	0	2	268	7	0	277
20922	1	0	261	2	0	264
20923	1	0	9	257	0	267
20924	2	2	1	264	0	269
20925	2	0	258	8	0	268
20926	0	260	7	1	0	268
20927	0	268	1	0	0	269
20928	1	6	1	262	0	270
20929	261	1	2	7	0	271
20930	8	264	2	2	0	276
20931	2	6	261	2	0	271
20932	4	0	263	0	0	267
20933	1	3	257	0	0	261
20934	3	0	9	249	0	261
20935	257	0	4	7	0	268
20936	8	247	1	2	0	258
20937	1	7	247	2	0	257
20938	0	244	8	2	0	254
20939	1	6	1	252	0	260
20940	1	1	253	8	0	263
20941	1	265	7	1	0	274
20942	2	6	2	260	0	270
20943	3	2	0	269	0	274
20944	2	2	287	8	0	299
20945	2	0	9	265	0	276
20946	1	280	3	7	0	291
20947	0	6	279	2	0	287
20948	271	1	8	2	0	282
20949	9	1	4	277	0	291
20950	4	1	1	290	0	296
20951	1	282	3	13	0	299
20952	290	5	2	3	0	300
20953	8	3	283	2	0	296
20954	274	1	6	3	0	284
20955	8	1	5	278	0	292
20956	1	277	4	6	0	288
20957	3	7	0	278	0	288
20958	2	0	1	291	0	294
20959	277	1	1	10	0	289
20960	290	0	1	3	0	294
20961	9	0	3	295	0	307
20962	1	2	295	9	0	307
20963	270	0	8	4	0	282
20964	8	302	2	4	0	316
20965	7	9	0	304	0	320
20966	4	4	0	315	0	323
20967	4	0	5	317	0	326
20968	2	4	313	10	0	329
20969	3	1	8	304	0	316
20970	3	318	4	8	0	333
20971	1	8	2	318	0	329
20972	2	321	2	11	0	336
20973	1	9	1	324	0	335
20974	1	3	324	7	0	335
20975	303	0	8	6	0	317
20976	8	4	2	315	0	329
20977	2	3	322	6	0	333
20978	1	323	10	2	0	336
20979	323	8	2	8	0	341
20980	8	1	320	4	0	333
20981	301	2	7	0	0	310
20982	9	1	2	321	0	333
20983	3	1	5	312	0	321
20984	1	311	3	9	0	324
20985	308	6	0	4	0	318
20986	291	4	0	1	0	296
20987	7	301	1	2	0	311
20988	2	6	2	297	0	307
20989	1	3	2	305	0	311
20990	2	2	1	304	0	309
20991	2	0	297	8	0	307
20992	284	2	8	1	0	295
20993	6	2	2	294	0	304
20994	2	2	0	310	0	314
20995	0	1	302	10	0	313
20996	0	0	307	3	0	310
20997	0	4	7	313	0	324
20998	1	1	313	7	0	322
20999	299	0	8	3	0	310
21000	6	1	1	306	0	314
21001	1	0	1	316	0	318
21002	0	0	345	8	0	353
21003	0	0	7	354	0	361
21004	1	0	358	5	0	364
21005	1	354	5	1	0	361
21006	311	3	0	2	0	316
21007	319	0	0	2	0	321
21008	1	328	1	1	0	331
21009	0	3	0	329	0	332
21010	0	0	341	1	0	342
21011	1	1	1	334	0	337
21012	336	0	0	1	0	337
21013	2	340	0	1	0	343
21014	334	2	0	3	0	339
21015	1	0	0	340	0	341
21016	350	0	2	1	0	353
21017	1	351	0	0	0	352
21018	350	1	0	2	0	353
21019	2	1	351	0	0	354
21020	1	353	1	0	0	355
21021	1	1	1	366	0	369
21022	392	0	1	4	0	397
21023	383	1	0	3	0	387
21024	5	0	0	392	0	397
21025	395	1	0	1	0	397
21026	382	0	0	1	0	383
21027	391	0	0	3	0	394
21028	4	0	0	416	0	420
21029	3	1	419	1	0	424
21030	2	0	400	2	0	404
21031	1	0	411	0	0	412
21032	410	0	2	1	0	413
21033	2	0	1	423	0	426
21034	2	429	1	2	0	434
21035	3	1	1	424	0	429
21036	0	427	3	4	0	434
21037	437	1	1	4	0	443
21038	6	1	1	439	0	447
21039	5	1	0	433	0	439
21040	441	0	0	5	0	446
21041	2	0	1	432	0	435
21042	1	1	1	448	0	451
21043	456	0	1	4	0	461
21044	2	0	443	2	0	447
21045	1	0	1	462	0	464
21046	1	1	459	1	0	462
21047	448	3	1	4	0	456
21048	4	1	1	455	0	461
21049	462	0	0	2	0	464
21050	4	1	1	476	0	482
21051	1	1	478	3	0	483
21052	3	0	3	486	0	492
21053	489	0	2	5	0	496
21054	2	479	1	15	0	497
21055	2	2	499	3	0	506
21056	471	1	2	2	0	476
21057	3	509	1	3	0	516
21058	3	498	2	1	0	504
21059	3	553	0	0	0	556
21060	4	5	1	585	0	595
21061	603	0	1	5	0	609
21062	601	3	0	4	0	608
21063	8	1	614	2	0	625
21064	586	1	7	2	0	596
21065	10	601	2	1	0	614
21066	4	8	1	610	0	623
21067	675	1	1	10	0	687
21068	682	2	1	3	0	688
21069	682	0	0	3	0	685
21070	671	3	0	2	0	676
21071	676	1	3	2	0	682
21072	18	0	1	665	0	684
21073	5	2	666	9	0	682
21074	10	1	8	668	0	687
21075	7	1	2	679	0	689
21076	675	1	1	11	0	688
21077	13	654	1	4	0	672
21078	666	9	2	6	0	683
21079	711	2	0	3	0	716
21080	707	3	1	10	0	721
21081	732	0	3	2	0	737
21082	16	1	704	5	0	726
21083	712	0	10	5	0	727
21084	740	1	2	6	0	749
21085	665	3	3	9	0	680
21086	741	0	1	3	0	745
21087	17	2	4	718	0	741
21088	12	2	706	10	0	730
21089	707	1	8	5	0	721
21090	18	715	4	3	0	740
21091	17	9	2	710	0	738
21092	7	751	3	10	0	771
21093	10	10	4	755	0	779
21094	751	2	3	14	0	770
21095	746	4	1	7	0	758
21096	750	2	3	3	0	758
21097	18	3	698	3	0	722
21098	704	3	11	7	0	725
21099	18	2	696	4	0	720
21100	7	7	673	1	0	688
21101	6	3	708	4	0	721
21102	11	3	12	660	0	686
21103	9	0	4	676	0	689
21104	11	2	3	680	0	696
21105	3	1	4	682	0	690
21106	5	2	4	662	0	673
21107	5	1	5	665	0	676
21108	4	680	3	14	0	701
21109	683	9	4	7	0	703
21110	12	686	3	6	0	707
21111	6	9	3	716	0	734
21112	7	2	2	725	0	736
21113	713	3	2	16	0	734
21114	14	705	3	8	0	730
21115	718	11	4	6	0	739
21116	13	5	5	712	0	735
21117	9	0	2	713	0	724
21118	7	5	2	716	0	730
21119	5	3	707	15	0	730
21120	5	4	11	697	0	717
21121	7	2	684	17	0	710
21122	3	5	642	11	0	661
21123	10	5	703	6	0	724
21124	9	3	15	710	0	737
21125	7	1	6	737	0	751
21126	6	3	3	751	0	763
21127	753	3	4	21	0	781
21128	15	3	2	776	0	796
21129	770	4	4	17	0	795
21130	17	761	4	12	0	794
21131	809	12	5	11	0	837
21132	858	4	1	11	0	874
21133	24	863	5	7	0	899
21134	871	17	2	9	0	899
21135	867	8	2	8	0	885
21136	892	1	3	12	0	908
21137	899	0	4	8	0	911
21138	26	13	853	5	0	897
21139	15	869	17	7	0	908
21140	14	21	6	868	0	909
21141	870	8	2	20	0	900
21142	28	1	874	10	0	913
21143	12	863	19	6	0	900
21144	14	17	4	826	0	861
21145	12	859	2	15	0	888
21146	18	15	3	847	0	883
21147	12	10	2	854	0	878
21148	7	6	838	26	0	877
21149	18	4	832	9	0	863
21150	764	3	22	8	0	797
21151	28	4	832	3	0	867
21152	12	1	833	4	0	850
21153	6	6	25	806	0	843
21154	9	4	5	829	0	847
21155	8	834	3	24	0	869
21156	6	905	6	4	0	921
21157	11	26	873	6	0	916
21158	7	9	25	922	0	963
21159	5	8	901	22	0	936
21160	6	2	836	8	0	852
21161	3	837	27	4	0	871
21162	11	17	12	812	0	852
21163	819	10	2	21	0	852
21164	18	1	2	834	0	855
21165	830	1	1	22	0	854
21166	826	3	2	10	0	841
21167	801	2	4	3	0	810
21168	28	0	771	1	0	800
21169	791	0	18	5	0	814
21170	20	3	9	797	0	829
21171	791	1	4	22	0	818
21172	808	2	2	12	0	824
21173	24	785	2	5	0	816
21174	802	17	3	4	0	826
21175	19	7	796	3	0	825
21176	780	3	15	4	0	802
21177	789	1	12	7	0	809
21178	25	785	6	2	0	818
21179	757	18	2	3	0	780
21180	19	7	1	744	0	771
21181	14	3	0	736	0	753
21182	5	742	2	22	0	771
21183	10	16	1	748	0	775
21184	7	7	3	754	0	771
21185	4	2	741	23	0	770
21186	3	1	734	10	0	748
21187	705	1	22	7	0	735
21188	745	2	8	3	0	758
21189	26	2	1	737	0	766
21190	12	2	742	19	0	775
21191	7	726	18	9	0	760
21192	5	17	9	708	0	739
21193	4	11	721	19	0	755
21194	708	2	20	10	0	740
21195	22	2	8	755	0	787
21196	13	770	3	20	0	806
21197	6	16	5	794	0	821
21198	4	11	0	808	0	823
21199	7	3	1	804	0	815
21200	780	2	1	31	0	814
21201	20	3	3	775	0	801
21202	781	3	4	22	0	810
21203	782	2	6	9	0	799
21204	30	0	773	7	0	810
21205	17	776	23	2	0	818
21206	7	19	13	702	0	741
21207	4	798	2	18	0	822
21208	810	22	5	11	0	848
21209	29	10	0	815	0	854
21210	9	3	800	26	0	838
21211	9	4	779	10	0	802
21212	8	1	782	7	0	798
21213	762	5	29	7	0	803
21214	24	773	10	6	0	813
21215	779	20	7	7	0	813
21216	23	793	3	8	0	827
21217	16	21	3	792	0	832
21218	10	9	5	797	0	821
21219	6	815	5	24	0	850
21220	8	21	804	11	0	844
21221	6	815	27	6	0	854
21222	796	22	9	6	0	833
21223	24	10	4	764	0	802
21224	9	6	732	21	0	768
21225	8	6	742	8	0	764
21226	8	1	25	729	0	763
21227	2	2	715	23	0	742
21228	7	3	681	9	0	700
21229	627	2	25	9	0	663
21230	20	645	10	5	0	680
21231	622	14	2	1	0	639
21232	16	7	621	5	0	649
21233	9	588	17	1	0	615
21234	7	611	8	4	0	630
21235	7	22	6	597	0	632
21236	4	11	2	609	0	626
21237	6	5	3	619	0	633
21238	2	4	606	23	0	635
21239	5	2	18	597	0	622
21240	5	1	11	619	0	636
21241	604	1	5	27	0	637
21242	19	585	3	9	0	616
21243	12	15	3	595	0	625
21244	589	8	5	20	0	622
21245	598	4	5	12	0	619
21246	24	2	2	594	0	622
21247	13	7	596	17	0	633
21248	6	3	18	602	0	629
21249	5	6	599	21	0	631
21250	609	4	18	8	0	639
21251	674	6	10	8	0	698
21252	31	14	7	687	0	739
21253	10	4	740	28	0	782
21254	6	781	24	12	0	823
21255	4	29	779	5	0	817
21256	8	11	24	696	0	739
21257	5	740	9	18	0	772
21258	679	21	4	5	0	709
21259	23	7	3	657	0	690
21260	5	684	2	17	0	708
21261	684	20	2	6	0	712
21262	20	7	3	678	0	708
21263	2	692	4	17	0	715
21264	3	19	3	693	0	718
21265	3	5	680	22	0	710
21266	662	1	24	10	0	697
21267	682	1	7	7	0	697
21268	20	2	675	8	0	705
21269	8	661	19	3	0	691
21270	667	20	7	3	0	697
21271	20	6	3	672	0	701
21272	13	2	4	670	0	689
21273	9	5	2	679	0	695
21274	3	3	3	686	0	695
21275	5	2	5	683	0	695
21276	664	4	0	26	0	694
21277	674	1	4	12	0	691
21278	24	2	2	657	0	685
21279	12	2	1	674	0	689
21280	2	1	650	26	0	679
21281	5	0	667	8	0	680
21282	635	5	19	7	0	666
21283	20	2	9	644	0	675
21284	8	3	637	22	0	670
21285	6	6	18	639	0	669
21286	636	1	8	23	0	668
21287	664	1	4	16	0	685
21288	22	9	5	644	0	680
21289	12	4	6	658	0	680
21290	651	1	4	26	0	682
21291	18	8	3	645	0	674
21292	14	642	4	17	0	677
21293	9	14	7	642	0	672
21294	13	16	1	630	0	660
21295	7	1	607	23	0	638
21296	3	2	612	10	0	627
21297	10	620	20	1	0	651
21298	606	14	5	8	0	633
21299	609	4	5	8	0	626
21300	611	4	6	7	0	628
21301	26	586	3	5	0	620
21302	9	620	3	5	0	637
21303	600	20	0	11	0	631
21304	17	626	7	11	0	661
21305	7	15	611	15	0	648
21306	6	620	17	11	0	654
21307	9	15	610	7	0	641
21308	575	6	16	10	0	607
21309	584	3	7	11	0	605
21310	24	602	4	8	0	638
21311	623	15	4	11	0	653
21312	661	12	7	7	0	687
21313	675	5	2	12	0	694
21314	24	5	4	665	0	698
21315	665	4	5	20	0	694
21316	24	2	642	14	0	682
21317	641	11	16	10	0	678
21318	32	3	7	646	0	688
21319	15	1	637	22	0	675
21320	9	7	638	10	0	664
21321	8	5	21	652	0	686
21322	9	4	10	668	0	691
21323	662	4	6	24	0	696
21324	22	4	3	663	0	692
21325	11	2	655	26	0	694
21326	11	7	15	647	0	680
21327	9	674	9	25	0	717
21328	679	17	5	16	0	717
21329	21	7	5	685	0	718
21330	12	5	678	23	0	718
21331	14	672	16	12	0	714
21332	649	13	8	13	0	683
21333	19	6	8	655	0	688
21334	14	6	651	16	0	687
21335	9	648	16	10	0	683
21336	650	11	13	11	0	685
21337	641	5	9	9	0	664
21338	649	6	6	12	0	673
21339	30	1	6	637	0	674
21340	16	3	4	656	0	679
21341	645	4	9	20	0	678
21342	22	640	1	17	0	680
21343	651	9	0	14	0	674
21344	23	5	6	638	0	672
21345	651	3	6	18	0	678
21346	18	5	3	649	0	675
21347	20	4	4	649	0	677
21348	13	0	4	661	0	678
21349	8	4	6	669	0	687
21350	4	5	624	20	0	653
21351	6	3	569	13	0	591
21352	500	3	8	10	0	521
21353	7	2	511	6	0	526
21354	5	3	424	2	0	434
21355	411	1	8	1	0	421
21356	416	1	7	5	0	429
21357	8	1	4	481	0	494
21358	490	0	2	7	0	499
21359	6	493	2	9	0	510
21360	506	4	3	5	0	518
21361	509	3	3	2	0	517
21362	521	4	1	4	0	530
21363	9	1	3	516	0	529
21364	6	502	7	6	0	521
21365	4	522	3	4	0	533
21366	526	4	0	3	0	533
21367	526	4	0	3	0	533
21368	8	3	1	529	0	541
21369	6	1	1	527	0	535
21370	5	533	2	6	0	546
21371	528	3	0	13	0	544
21372	6	5	538	4	0	553
21373	5	3	3	519	0	530
21374	6	2	4	526	0	538
21375	2	1	529	5	0	537
21376	2	2	4	512	0	520
21377	6	439	2	10	0	457
21378	2	2	5	540	0	549
21379	3	2	6	532	0	543
21380	3	512	1	8	0	524
21381	9	524	1	4	0	538
21382	6	2	1	538	0	547
21383	534	3	2	7	0	546
21384	3	4	4	530	0	541
21385	10	2	1	532	0	545
21386	6	545	2	7	0	560
21387	8	3	1	563	0	575
21388	4	1	3	557	0	565
21389	4	4	3	557	0	568
21390	564	2	2	9	0	577
21391	7	1	3	557	0	568
21392	5	0	2	558	0	565
21393	5	1	2	564	0	572
21394	3	2	544	9	0	558
21395	491	3	5	8	0	507
21396	10	530	4	5	0	549
21397	527	5	5	3	0	540
21398	7	2	4	526	0	539
21399	6	3	520	5	0	534
21400	487	3	6	3	0	499
21401	9	2	614	6	0	631
21402	7	1	7	611	0	626
21403	627	4	6	7	0	644
21404	624	2	3	3	0	632
21405	643	1	2	5	0	651
21406	11	1	0	639	0	651
21407	9	0	1	653	0	663
21408	4	2	1	655	0	662
21409	7	631	1	6	0	645
21410	4	606	2	5	0	617
21411	8	607	0	5	0	620
21412	2	627	1	4	0	634
21413	0	0	1	639	0	640
21414	0	1	0	646	0	647
21415	640	1	0	3	0	644
21416	630	0	2	0	0	632
21417	626	0	1	5	0	632
21418	1	1	0	625	0	627
21419	0	0	1	630	0	631
21420	611	0	1	5	0	617
21421	591	1	0	1	0	593
21422	2	2	612	0	0	616
21423	1	0	608	4	0	613
21424	1	1	611	2	0	615
21425	1	1	656	1	0	659
21426	1	1	2	657	0	661
21427	651	1	0	5	0	657
21428	2	660	0	3	0	665
21429	0	1	0	684	0	685
21430	2	1	669	3	0	675
21431	2	741	1	1	0	745
21432	1	1	0	760	0	762
21433	1	0	762	4	0	767
21434	2	0	1	750	0	753
21435	1	1	1	766	0	769
21436	784	0	0	3	0	787
21437	3	1	0	788	0	792
21438	2	0	776	2	0	780
21439	1	0	2	767	0	770
21440	1	829	1	0	0	831
21441	3	1	0	879	0	883
21442	2	0	2	876	0	880
21443	0	0	2	889	0	891
21444	905	0	1	4	0	910
21445	913	0	2	3	0	918
21446	922	0	1	1	0	924
21447	924	1	0	2	0	927
21448	3	0	916	2	0	921
21449	882	0	1	1	0	884
21450	906	1	1	2	0	910
21451	1	1	894	2	0	898
21452	1	0	903	2	0	906
21453	2	0	1	919	0	922
21454	1	923	0	0	0	924
21455	951	1	0	1	0	953
21456	976	0	1	1	0	978
21457	982	0	0	3	0	985
21458	2	0	0	975	0	977
21459	0	1015	2	0	0	1017
21460	1076	1	1	4	0	1082
21461	1085	0	0	4	0	1089
21462	1	1	1	1088	0	1091
21463	3	0	1066	2	0	1071
21464	1058	0	2	3	0	1063
21465	3	4	0	1090	0	1097
21466	1112	0	0	6	0	1118
21467	1	1	0	1141	0	1143
21468	1	0	1127	2	0	1130
21469	1168	0	0	2	0	1170
21470	2	0	0	1178	0	1180
21471	0	0	1	1178	0	1179
21472	2	0	0	1190	0	1192
21473	1	0	0	1196	0	1197
21474	1203	0	0	5	0	1208
21475	2	0	0	1200	0	1202
21476	0	1181	1	3	0	1185
21477	3	3	0	1198	0	1204
21478	0	1213	2	5	0	1220
21479	0	2	0	1240	0	1242
21480	2	1	1	1253	0	1257
21481	0	1242	1	5	0	1248
21482	1	5	0	1255	0	1261
21483	0	2	0	1254	0	1256
21484	1253	1	0	8	0	1262
21485	4	1	1281	3	0	1289
21486	2	1	5	1290	0	1298
21487	1299	0	1	6	0	1306
21488	1292	0	0	4	0	1296
21489	1295	1	0	4	0	1300
21490	6	2	1277	7	0	1292
21491	1	0	1314	1	0	1316
21492	3	1	9	1329	0	1342
21493	1352	0	2	13	0	1367
21494	8	0	1347	2	0	1357
21495	1290	1	7	3	0	1301
21496	8	1371	3	1	0	1383
21497	4	7	0	1475	0	1486
21498	5	1	2	1486	0	1494
21499	1501	0	3	12	0	1516
21500	10	1	0	1515	0	1526
21501	1464	1	1	11	0	1477
21502	1494	0	1	7	0	1502
21503	11	1	0	1483	0	1495
21504	7	1	1	1494	0	1503
21505	1486	0	1	15	0	1502
21506	9	0	1572	3	0	1584
21507	1549	1	7	6	0	1563
21508	8	0	1651	1	0	1660
21509	1646	0	7	9	0	1662
21510	1742	1	1	14	0	1758
21511	1739	0	2	10	0	1751
21512	1700	0	1	7	0	1708
21513	13	1694	4	0	0	1711
21514	1727	7	1	11	0	1746
21515	1740	1	1	4	0	1746
21516	12	1847	3	0	0	1862
21517	1868	6	0	11	0	1885
21518	8	2	1858	1	0	1869
21519	1817	0	6	7	0	1830
21520	10	11	1835	0	0	1856
21521	5	2	7	1845	0	1859
21522	7	0	2	1866	0	1875
21523	5	1	1843	8	0	1857
21524	10	1	8	1830	0	1849
21525	46	8	20	1196	0	1270
21526	1916	0	2	11	0	1929
21527	14	1	1	1924	0	1940
21528	5	0	2	1909	0	1916
21529	5	0	0	1919	0	1924
21530	2	1875	1	19	0	1897
21531	4	10	2	1847	0	1863
21532	1833	2	2	19	0	1856
21533	13	3	1843	6	0	1865
21534	4	3	12	1841	0	1860
21535	2	1	1859	19	0	1881
21536	1801	1	16	14	0	1832
21537	16	0	6	1931	0	1953
21538	5	3	2516	22	0	2546
21539	9	0	55	2538	0	2602
21540	12	0	46	2501	0	2559
21541	1	2485	41	102	0	2629
21542	5	52	12	2609	0	2678
21543	8	44	4	2743	0	2799
21544	6	36	2654	125	0	2821
21545	6	14	69	2695	0	2784
21546	13	4	46	2747	0	2810
21547	2622	1	38	133	0	2794
21548	2644	3	11	97	0	2755
21549	108	2613	11	56	0	2788
21550	2692	63	3	32	0	2790
21551	2706	47	5	27	0	2785
21552	125	2668	12	13	0	2818
21553	98	74	5	2656	0	2833
21554	2685	54	2	92	0	2833
21555	2702	40	7	61	0	2810
21556	2671	15	3	63	0	2752
21557	156	2508	9	27	0	2700
21558	113	68	2557	16	0	2754
21559	2609	53	70	20	0	2752
21560	2625	43	49	22	0	2739
21561	138	2595	39	19	0	2791
21562	2679	82	15	16	0	2792
21563	2728	58	7	16	0	2809
21564	153	38	9	2624	0	2824
21565	106	23	2637	86	0	2852
21566	74	8	77	2668	0	2827
21567	45	8	51	2720	0	2824
21568	40	12	42	2737	0	2831
21569	27	13	2576	163	0	2779
21570	37	10	81	2550	0	2678
21571	33	11	50	2658	0	2752
21572	25	14	43	2695	0	2777
21573	32	7	16	2700	0	2755
21574	28	7	9	2686	0	2730
21575	19	2549	12	193	0	2773
21576	25	76	14	2658	0	2773
21577	23	55	13	2795	0	2886
21578	22	46	2659	161	0	2888
21579	29	13	86	2936	0	3064
21580	28	14	54	2960	0	3056
21581	28	10	42	3076	0	3156
21582	29	5	17	3163	0	3214
21583	2987	17	11	228	0	3243
21584	105	8	9	3124	0	3246
21585	76	9	9	3141	0	3235
21586	69	14	2922	189	0	3194
21587	32	2787	89	150	0	3058
21588	18	2973	67	111	0	3169
21589	2891	131	64	64	0	3150
21590	93	2970	27	56	0	3146
21591	74	141	17	2880	0	3112
21592	2898	69	8	144	0	3119
21593	113	62	2877	101	0	3153
21594	81	23	93	2909	0	3106
21595	63	2880	66	139	0	3148
21596	35	93	56	2855	0	3039
21597	17	2884	31	172	0	3104
21598	16	138	8	2935	0	3097
21599	2853	73	10	183	0	3119
21600	113	64	2905	107	0	3189
21601	79	34	102	2815	0	3030
21602	70	2879	69	143	0	3161
21603	2890	111	57	98	0	3156
21604	112	68	2856	92	0	3128
21605	81	66	103	2871	0	3121
21606	73	40	2796	136	0	3045
21607	48	24	147	2778	0	2997
21608	32	22	2724	172	0	2950
21609	34	24	156	2682	0	2896
21610	26	26	90	2759	0	2901
21611	2614	17	65	197	0	2893
21612	2688	17	36	137	0	2878
21613	172	20	19	2621	0	2832
21614	124	2563	26	139	0	2852
21615	90	107	17	2655	0	2869
21616	45	65	20	2648	0	2778
21617	2428	53	29	206	0	2716
21618	110	2467	18	166	0	2761
21619	2496	112	19	112	0	2739
21620	2523	69	21	71	0	2684
21621	172	2382	18	61	0	2633
21622	122	2527	23	62	0	2734
21623	2488	156	12	76	0	2732
21624	137	106	2389	74	0	2706
21625	2434	65	109	70	0	2678
21626	2504	37	69	67	0	2677
21627	193	2335	74	49	0	2651
21628	143	117	31	2140	0	2431
21629	82	2399	21	140	0	2642
21630	2345	164	24	103	0	2636
21631	2456	94	25	69	0	2644
21632	182	83	30	2354	0	2649
21633	150	46	9	2436	0	2641
21634	2348	42	17	187	0	2594
21635	133	2280	23	158	0	2594
21636	97	2266	16	112	0	2491
21637	92	2256	27	67	0	2442
21638	33	1546	15	45	0	1639
21639	30	1608	9	44	0	1691
21640	47	95	15	1540	0	1697
21641	27	61	1498	79	0	1665
21642	24	1512	55	58	0	1649
21643	1323	69	17	76	0	1485
21644	62	41	21	1357	0	1481
21645	1354	41	15	66	0	1476
21646	62	1355	13	41	0	1471
21647	1345	53	15	48	0	1461
21648	71	1350	29	22	0	1472
21649	36	64	22	1368	0	1490
21650	1363	46	18	63	0	1490
21651	1382	39	16	45	0	1482
21652	69	26	17	1376	0	1488
21653	54	31	13	1376	0	1474
21654	49	1340	17	85	0	1491
21655	34	54	18	1389	0	1495
21656	26	36	8	1424	0	1494
21657	38	28	7	1406	0	1479
21658	28	1313	6	97	0	1444
21659	1213	47	7	64	0	1331
21660	56	1227	7	50	0	1340
21661	1222	59	6	39	0	1326
21662	69	1226	9	27	0	1331
21663	40	66	1150	35	0	1291
21664	57	34	37	1159	0	1287
21665	40	38	1129	52	0	1259
21666	32	36	1133	33	0	1234
21667	37	21	54	1130	0	1242
21668	36	24	1137	48	0	1245
21669	30	28	56	1132	0	1246
21670	27	27	34	1145	0	1233
21671	31	21	26	1179	0	1257
21672	1127	27	26	75	0	1255
21673	62	23	16	1150	0	1251
21674	45	22	12	1167	0	1246
21675	1108	14	12	71	0	1205
21676	56	1067	7	60	0	1190
21677	34	969	15	52	0	1070
21678	35	976	4	42	0	1057
21679	33	50	8	762	0	853
21680	22	24	749	37	0	832
21681	610	22	17	33	0	682
21682	28	643	15	19	0	705
21683	603	28	6	16	0	653
21684	602	23	2	12	0	639
21685	610	23	3	12	0	648
21686	38	13	592	12	0	655
21687	28	8	20	601	0	657
21688	22	13	14	606	0	655
21689	28	12	4	605	0	649
21690	17	19	4	611	0	651
21691	16	591	4	30	0	641
21692	585	24	4	17	0	630
21693	28	11	548	15	0	602
21694	521	9	22	15	0	567
21695	31	16	8	519	0	574
21696	17	502	2	28	0	549
21697	18	524	3	11	0	556
21698	15	44	2	461	0	522
21699	14	480	3	17	0	514
21700	386	17	9	9	0	421
21701	10	8	386	12	0	416
21702	5	3	5	381	0	394
21703	3	6	3	378	0	390
21704	2	4	1	393	0	400
21705	0	8	2	381	0	391
21706	392	6	0	12	0	410
21707	7	387	6	32	0	432
21708	445	4	4	6	0	459
21709	5	6	0	466	0	477
21710	7	7	0	491	0	505
21711	4	512	0	17	0	533
21712	526	7	0	12	0	545
21713	525	9	1	6	0	541
21714	13	535	1	2	0	551
21715	12	5	3	488	0	508
21716	3	513	1	11	0	528
21717	499	7	2	11	0	519
21718	7	8	503	6	0	524
21719	8	3	488	7	0	506
21720	475	2	6	4	0	487
21721	6	511	6	1	0	524
21722	9	4	6	506	0	525
21723	3	6	2	508	0	519
21724	3	3	511	12	0	529
21725	2	7	3	512	0	524
21726	5	1	6	515	0	527
21727	4	507	5	9	0	525
21728	4	6	3	513	0	526
21729	6	5	0	515	0	526
21730	501	9	0	14	0	524
21731	6	488	1	9	0	504
21732	4	486	0	8	0	498
21733	6	6	1	498	0	511
21734	3	7	1	495	0	506
21735	3	5	2	493	0	503
21736	0	486	0	11	0	497
21737	6	7	0	502	0	515
21738	3	5	0	492	0	500
21739	3	4	0	495	0	502
21740	3	4	2	487	0	496
21741	0	470	1	14	0	485
21742	1	495	0	12	0	508
21743	490	7	0	5	0	502
21744	480	4	0	8	0	492
21745	5	6	1	487	0	499
21746	7	4	498	4	0	513
21747	9	2	3	504	0	518
21748	5	2	3	491	0	501
21749	487	1	3	12	0	503
21750	4	517	2	9	0	532
21751	6	5	1	516	0	528
21752	3	5	1	511	0	520
21753	3	4	503	7	0	517
21754	1	4	486	8	0	499
21755	1	1	6	485	0	493
21756	1	0	5	488	0	494
21757	1	482	5	5	0	493
21758	2	495	3	6	0	506
21759	487	7	0	5	0	499
21760	8	7	0	501	0	516
21761	3	7	482	8	0	500
21762	4	491	8	3	0	506
21763	2	3	2	508	0	515
21764	494	2	2	17	0	515
21765	4	4	2	494	0	504
21766	486	6	0	7	0	499
21767	6	492	0	10	0	508
21768	485	5	0	10	0	500
21769	7	4	2	509	0	522
21770	6	5	519	3	0	533
21771	6	4	3	516	0	529
21772	3	523	3	12	0	541
21773	4	7	5	528	0	544
21774	4	573	2	8	0	587
21775	4	7	1	590	0	602
21776	4	6	562	12	0	584
21777	3	4	550	7	0	564
21778	1	6	563	9	0	579
21779	561	1	10	12	0	584
21780	6	567	10	3	0	586
21781	3	582	7	5	0	597
21782	568	5	2	11	0	586
21783	570	7	2	5	0	584
21784	11	11	3	559	0	584
21785	6	4	559	12	0	581
21786	7	2	530	6	0	545
21787	7	2	10	544	0	563
21788	546	5	8	11	0	570
21789	8	544	6	6	0	564
21790	4	9	3	550	0	566
21791	538	5	2	14	0	559
21792	527	5	5	7	0	544
21793	10	6	535	9	0	560
21794	516	1	7	14	0	538
21795	14	4	544	3	0	565
21796	6	2	536	8	0	552
21797	6	3	9	523	0	541
21798	11	3	6	523	0	543
21799	4	5	6	532	0	547
21800	4	3	522	15	0	544
21801	517	4	8	11	0	540
21802	8	2	5	541	0	556
21803	521	0	5	17	0	543
21804	525	2	7	7	0	541
21805	7	519	6	8	0	540
21806	7	523	3	11	0	544
21807	9	502	2	8	0	521
21808	7	9	1	469	0	486
21809	1	6	470	10	0	487
21810	5	8	9	407	0	429
21811	3	403	3	6	0	415
21812	1	393	1	6	0	401
21813	5	9	3	385	0	402
21814	381	2	1	7	0	391
21815	6	377	0	3	0	386
21816	3	378	1	4	0	386
21817	392	5	2	4	0	403
21818	6	2	3	392	0	403
21819	5	3	3	392	0	403
21820	3	3	1	398	0	405
21821	377	3	2	8	0	390
21822	377	3	1	6	0	387
21823	6	2	1	380	0	389
21824	6	0	360	7	0	373
21825	366	2	6	2	0	376
21826	9	1	2	366	0	378
21827	3	2	368	8	0	381
21828	4	1	359	3	0	367
21829	9	0	6	382	0	397
21830	2	1	409	12	0	424
21831	3	1	8	431	0	443
21832	4	3	3	422	0	432
21833	4	1	2	473	0	480
21834	461	1	3	14	0	479
21835	12	2	1	467	0	482
21836	3	2	1	471	0	477
21837	3	2	4	472	0	481
21838	3	3	2	474	0	482
21839	3	4	452	13	0	472
21840	1	444	8	7	0	460
21841	4	8	2	449	0	463
21842	2	6	3	429	0	440
21843	1	407	2	14	0	424
21844	2	447	1	5	0	455
21845	433	9	0	9	0	451
21846	9	423	1	6	0	439
21847	2	8	2	425	0	437
21848	2	4	434	11	0	451
21849	421	2	9	3	0	435
21850	12	2	403	2	0	419
21851	400	1	8	5	0	414
21852	408	1	3	4	0	416
21853	11	2	416	1	0	430
21854	5	2	8	396	0	411
21855	4	397	4	9	0	414
21856	2	7	5	426	0	440
21857	434	1	3	13	0	451
21858	437	1	3	7	0	448
21859	12	437	1	8	0	458
21860	432	8	3	7	0	450
21861	10	2	1	426	0	439
21862	425	2	1	9	0	437
21863	429	2	2	4	0	437
21864	11	1	1	422	0	435
21865	422	2	0	13	0	437
21866	411	0	0	8	0	419
21867	12	0	403	4	0	419
21868	399	2	6	4	0	411
21869	10	2	398	3	0	413
21870	6	0	375	3	0	384
21871	2	388	13	2	0	405
21872	6	10	6	368	0	390
21873	3	2	390	8	0	403
21874	2	2	366	3	0	373
21875	374	0	10	1	0	385
21876	7	1	3	388	0	399
21877	2	0	1	390	0	393
21878	1	0	2	389	0	392
21879	0	1	1	392	0	394
21880	1	2	0	390	0	393
21881	0	0	388	11	0	399
21882	2	0	385	4	0	391
21883	1	1	8	388	0	398
21884	394	2	2	7	0	405
21885	9	387	1	3	0	400
21886	2	7	1	394	0	404
21887	390	2	1	9	0	402
21888	7	393	0	4	0	404
21889	4	7	0	396	0	407
21890	2	1	0	399	0	402
21891	1	1	0	409	0	411
21892	400	0	2	10	0	412
21893	9	1	388	3	0	401
21894	393	0	7	4	0	404
21895	8	0	4	398	0	410
21896	3	1	2	402	0	408
21897	2	399	0	10	0	411
21898	0	6	390	3	0	399
21899	400	2	8	7	0	417
21900	409	1	3	2	0	415
21901	11	0	398	5	0	414
21902	383	1	8	2	0	394
21903	9	396	5	3	0	413
21904	2	409	2	2	0	415
21905	2	426	0	2	0	430
21906	401	11	4	2	0	418
21907	9	3	425	0	0	437
21908	2	2	7	395	0	406
21909	2	395	3	7	0	407
21910	1	409	1	3	0	414
21911	1	420	0	2	0	423
21912	3	10	1	338	0	352
21913	407	5	1	7	0	420
21914	6	424	0	5	0	435
21915	3	6	1	430	0	440
21916	2	4	1	431	0	438
21917	417	1	1	11	0	430
21918	8	0	2	415	0	425
21919	6	1	0	424	0	431
21920	1	2	418	12	0	433
21921	2	1	6	416	0	425
21922	2	1	3	431	0	437
21923	420	0	3	13	0	436
21924	421	0	2	7	0	430
21925	11	0	2	429	0	442
21926	413	0	1	10	0	424
21927	422	1	1	6	0	430
21928	10	420	2	1	0	433
21929	7	6	403	2	0	418
21930	4	379	8	1	0	392
21931	5	11	9	339	0	364
21932	331	3	5	6	0	345
21933	2	321	0	7	0	330
21934	3	1	2	329	0	335
21935	327	2	2	2	0	333
21936	317	0	1	3	0	321
21937	5	0	1	315	0	321
21938	3	0	328	3	0	334
21939	0	1	2	334	0	337
21940	0	1	3	331	0	335
21941	1	1	341	5	0	348
21942	4	0	3	327	0	334
21943	1	0	4	330	0	335
21944	346	0	1	6	0	353
21945	4	0	0	353	0	357
21946	2	3	0	353	0	358
21947	337	2	0	4	0	343
21948	318	1	0	5	0	324
21949	321	1	1	1	0	324
21950	4	1	332	2	0	339
21951	2	1	3	327	0	333
21952	0	338	3	4	0	345
21953	2	5	0	343	0	350
21954	1	2	346	5	0	354
21955	2	1	3	341	0	347
21956	1	1	344	4	0	350
21957	326	0	3	3	0	332
21958	337	1	1	5	0	344
21959	6	0	0	350	0	356
21960	3	1	0	351	0	355
21961	0	0	0	360	0	360
21962	2	364	1	5	0	372
21963	356	2	1	5	0	364
21964	375	2	0	3	0	380
21965	7	0	1	375	0	383
21966	3	1	0	380	0	384
21967	1	1	0	384	0	386
21968	3	0	1	392	0	396
21969	3	1	380	4	0	388
21970	4	1	3	380	0	388
21971	363	0	3	3	0	369
21972	368	0	0	3	0	371
21973	4	1	0	355	0	360
21974	2	1	326	3	0	332
21975	314	2	4	1	0	321
21976	5	0	1	324	0	330
21977	2	318	2	3	0	325
21978	1	340	0	1	0	342
21979	346	3	0	2	0	351
21980	4	2	0	354	0	360
21981	1	0	0	372	0	373
21982	0	0	0	397	0	397
21983	2	0	0	392	0	394
21984	1	1	0	410	0	412
21985	1	0	414	3	0	418
21986	1	0	415	1	0	417
21987	1	0	413	2	0	416
21988	1	1	5	415	0	422
21989	2	0	447	3	0	452
21990	2	1	7	441	0	451
21991	0	0	1	444	0	445
21992	2	0	2	461	0	465
21993	481	0	2	5	0	488
21994	3	0	1	470	0	474
21995	2	0	2	485	0	489
21996	473	0	0	14	0	487
21997	6	478	1	3	0	488
21998	1	488	1	4	0	494
21999	472	4	0	7	0	483
22000	6	487	0	2	0	495
22001	499	7	1	0	0	507
22002	499	2	0	2	0	503
22003	506	1	0	3	0	510
22004	494	2	0	3	0	499
22005	497	0	1	0	0	498
22006	6	504	0	0	0	510
22007	495	3	1	0	0	499
22008	499	1	0	3	0	503
22009	7	516	0	0	0	523
22010	575	6	1	4	0	586
22011	601	0	1	3	0	605
22012	658	1	0	1	0	660
22013	681	3	1	5	0	690
22014	11	1	699	1	0	712
22015	15	0	7	721	0	743
22016	5	2	0	762	0	769
22017	5	2	753	11	0	771
22018	5	2	736	3	0	746
22019	747	3	10	5	0	765
22020	24	0	1	772	0	797
22021	12	1	776	12	0	801
22022	7	1	766	4	0	778
22023	760	0	17	8	0	785
22024	781	0	2	18	0	801
22025	765	2	12	7	0	786
22026	13	0	786	3	0	802
22027	13	0	16	779	0	808
22028	12	2	778	18	0	810
22029	769	0	17	9	0	795
22030	14	1	803	4	0	822
22031	11	1	16	791	0	819
22032	17	1	4	791	0	813
22033	15	817	5	10	0	847
22034	830	12	10	6	0	858
22035	14	0	831	11	0	856
22036	821	2	14	12	0	849
22037	19	5	835	1	0	860
22038	17	1	17	802	0	837
22039	8	1	10	828	0	847
22040	13	3	4	833	0	853
22041	829	6	4	17	0	856
22042	25	10	3	809	0	847
22043	14	1	9	837	0	861
22044	13	820	12	19	0	864
22045	18	17	10	829	0	874
22046	829	1	13	27	0	870
22047	12	1	826	23	0	862
22048	19	3	14	832	0	868
22049	9	2	829	31	0	871
22050	16	791	17	17	0	841
22051	6	11	817	26	0	860
22052	802	6	17	27	0	852
22053	823	9	10	12	0	854
22054	21	2	10	812	0	845
22055	799	0	18	26	0	843
22056	793	8	17	14	0	832
22057	25	2	11	796	0	834
22058	18	6	14	799	0	837
22059	11	10	787	16	0	824
22060	16	759	24	15	0	814
22061	777	13	15	16	0	821
22062	24	759	9	15	0	807
22063	20	12	17	767	0	816
22064	29	6	8	767	0	810
22065	31	2	5	770	0	808
22066	5	6	11	776	0	798
22067	17	5	752	30	0	804
22068	738	8	24	12	0	782
22069	761	12	4	23	0	800
22070	27	8	8	760	0	803
22071	749	11	17	27	0	804
22072	25	10	2	763	0	800
22073	21	4	759	36	0	820
22074	14	11	13	764	0	802
22075	15	749	13	31	0	808
22076	15	10	12	745	0	782
22077	22	750	7	30	0	809
22078	13	15	6	734	0	768
22079	12	740	17	25	0	794
22080	730	13	9	22	0	774
22081	24	5	726	22	0	777
22082	6	667	27	27	0	727
22083	16	695	10	17	0	738
22084	13	20	12	683	0	728
22085	11	5	24	668	0	708
22086	9	14	7	675	0	705
22087	13	15	5	676	0	709
22088	15	661	10	22	0	708
22089	17	20	11	648	0	696
22090	9	7	16	663	0	695
22091	641	23	4	19	0	687
22092	25	13	8	645	0	691
22093	5	4	615	32	0	656
22094	12	12	595	25	0	644
22095	575	13	12	25	0	625
22096	13	607	3	29	0	652
22097	6	604	10	21	0	641
22098	11	9	5	617	0	642
22099	14	3	4	620	0	641
22100	15	15	575	21	0	626
22101	553	4	15	28	0	600
22102	560	2	18	23	0	603
22103	25	4	609	13	0	651
22104	14	8	584	20	0	626
22105	589	16	29	11	0	645
22106	608	13	9	18	0	648
22107	619	4	5	26	0	654
22108	609	12	6	19	0	646
22109	19	581	13	8	0	621
22110	527	7	2	16	0	552
22111	12	5	496	13	0	526
22112	2	3	439	8	0	452
22113	14	4	432	3	0	453
22114	19	37	7	339	0	402
22115	352	2	10	3	0	367
22116	351	0	7	3	0	361
22117	10	2	3	350	0	365
22118	10	5	1	342	0	358
22119	12	1	2	356	0	371
22120	7	358	1	1	0	367
22121	365	8	5	2	0	380
22122	377	0	3	6	0	386
22123	370	0	6	7	0	383
22124	375	0	7	0	0	382
22125	371	0	8	4	0	383
22126	1	0	0	374	0	375
22127	9	346	1	5	0	361
22128	10	2	1	349	0	362
22129	3	3	0	347	0	353
22130	329	0	0	9	0	338
22131	2	0	314	7	0	323
22132	6	8	304	1	0	319
22133	0	3	299	0	0	302
22134	330	0	3	0	0	333
22135	340	0	1	0	0	341
22136	1	2	0	346	0	349
22137	2	0	0	346	0	348
22138	1	0	0	358	0	359
22139	0	0	362	1	0	363
22140	0	0	0	349	0	349
22141	0	0	403	0	0	403
22142	2	0	0	404	0	406
22143	0	0	0	400	0	400
22144	0	0	0	403	0	403
22145	397	0	0	5	0	402
22146	394	0	0	6	0	400
22147	1	0	403	0	0	404
22148	400	0	0	0	0	400
22149	406	0	1	0	0	407
22150	2	0	0	407	0	409
22151	409	0	0	1	0	410
22152	1	0	0	410	0	411
22153	2	0	0	410	0	412
22154	0	0	405	1	0	406
22155	387	0	1	2	0	390
22156	1	0	1	408	0	410
22157	1	0	413	0	0	414
22158	0	0	441	1	0	442
22159	2	0	1	442	0	445
22160	2	0	1	446	0	449
22161	462	0	0	2	0	464
22162	1	0	0	456	0	457
22163	4	0	1	444	0	449
22164	1	0	0	454	0	455
22165	0	0	0	470	0	470
22166	481	0	0	3	0	484
22167	477	0	0	4	0	481
22168	509	0	1	0	0	510
22169	514	0	0	5	0	519
22170	5	0	1	561	0	567
22171	567	0	0	7	0	574
22172	5	0	0	572	0	577
22173	567	0	1	5	0	573
22174	8	0	0	567	0	575
22175	3	0	0	563	0	566
22176	0	560	1	10	0	571
22177	2	6	0	563	0	571
22178	556	2	0	11	0	569
22179	548	0	1	6	0	555
22180	9	1	558	1	0	569
22181	4	545	6	3	0	558
22182	546	8	2	6	0	562
22183	9	594	1	2	0	606
22184	588	7	0	3	0	598
22185	9	625	0	3	0	637
22186	2	8	622	0	0	632
22187	1	623	8	2	0	634
22188	2	628	5	2	0	637
22189	2	9	1	649	0	661
22190	652	2	2	11	0	667
22191	8	2	0	657	0	667
22192	6	0	1	667	0	674
22193	653	1	0	12	0	666
22194	665	1	2	7	0	675
22195	12	1	0	670	0	683
22196	8	1	1	663	0	673
22197	2	1	0	678	0	681
22198	657	1	0	12	0	670
22199	12	0	651	4	0	667
22200	7	0	8	661	0	676
22201	3	1	677	10	0	691
22202	2	680	8	5	0	695
22203	2	8	653	3	0	666
22204	6	2	7	631	0	646
22205	1	1	641	10	0	653
22206	612	1	8	9	0	630
22207	9	0	3	645	0	657
22208	7	668	0	8	0	683
22209	1	7	4	677	0	689
22210	4	670	0	10	0	684
22211	2	663	3	7	0	675
22212	1	685	2	3	0	691
22213	3	10	1	647	0	661
22214	3	657	0	8	0	668
22215	648	8	2	8	0	666
22216	12	5	624	1	0	642
22217	7	2	604	5	0	618
22218	3	3	635	1	0	642
22219	5	1	10	653	0	669
22220	7	5	2	623	0	637
22221	4	0	2	632	0	638
22222	6	4	0	616	0	626
22223	6	2	3	604	0	615
22224	2	634	1	13	0	650
22225	5	8	614	3	0	630
22226	8	2	597	5	0	612
22227	3	638	11	5	0	657
22228	2	9	4	636	0	651
22229	4	2	0	646	0	652
22230	2	3	1	640	0	646
22231	636	3	2	13	0	654
22232	8	1	604	7	0	620
22233	586	1	8	7	0	602
22234	598	4	4	8	0	614
22235	13	579	3	2	0	597
22236	1	591	5	7	0	604
22237	580	9	12	1	0	602
22238	7	1	2	586	0	596
22239	5	1	0	627	0	633
22240	2	4	634	14	0	654
22241	3	2	595	9	0	609
22242	3	2	14	613	0	632
22243	632	2	2	14	0	650
22244	13	2	673	4	0	692
22245	669	7	10	3	0	689
22246	16	2	4	694	0	716
22247	2	7	2	718	0	729
22248	6	1	0	762	0	769
22249	3	8	749	11	0	771
22250	3	723	15	4	0	745
22251	2	777	7	2	0	788
22252	780	13	3	5	0	801
22253	799	3	2	7	0	811
22254	20	1	2	804	0	827
22255	812	3	3	21	0	839
22256	15	1	791	8	0	815
22257	7	4	776	4	0	791
22258	9	2	11	759	0	781
22259	775	1	2	23	0	801
22260	15	1	4	793	0	813
22261	3	2	4	820	0	829
22262	805	0	2	20	0	827
22263	837	0	7	8	0	852
22264	19	855	1	11	0	886
22265	881	16	5	7	0	909
22266	23	7	1	904	0	935
22267	2	923	9	22	0	956
22268	901	18	1	10	0	930
22269	23	922	9	4	0	958
22270	9	16	1	889	0	915
22271	889	2	3	20	0	914
22272	19	5	865	3	0	892
22273	2	3	860	3	0	868
22274	6	0	15	865	0	886
22275	2	1	5	887	0	895
22276	3	3	4	852	0	862
22277	4	902	1	14	0	921
22278	914	16	2	9	0	941
22279	920	1	2	7	0	930
22280	925	2	0	6	0	933
22281	20	977	1	2	0	1000
22282	8	15	1	1021	0	1045
22283	11	3	1	1009	0	1024
22284	7	4	1	1008	0	1020
22285	961	3	2	23	0	989
22286	16	962	1	6	0	985
22287	7	18	0	977	0	1002
22288	12	1	0	984	0	997
22289	6	4	946	21	0	977
22290	4	947	15	9	0	975
22291	9	21	4	937	0	971
22292	5	6	4	963	0	978
22293	5	4	3	962	0	974
22294	919	6	1	25	0	951
22295	17	928	3	12	0	960
22296	935	19	0	10	0	964
22297	24	14	3	928	0	969
22298	930	7	3	18	0	958
22299	23	4	904	10	0	941
22300	903	2	20	15	0	940
22301	899	1	6	15	0	921
22302	27	3	888	7	0	925
22303	14	7	15	899	0	935
22304	14	5	3	897	0	919
22305	918	3	9	30	0	960
22306	29	3	2	921	0	955
22307	15	3	4	935	0	957
22308	13	4	3	932	0	952
22309	8	2	902	31	0	943
22310	853	2	19	18	0	892
22311	21	917	7	15	0	960
22312	11	22	2	896	0	931
22313	8	910	2	21	0	941
22314	9	976	3	12	0	1000
22315	11	22	3	975	0	1011
22316	8	7	969	26	0	1010
22317	5	11	954	10	0	980
22318	8	5	24	973	0	1010
22319	8	3	980	33	0	1024
22320	949	7	24	17	0	997
22321	28	8	6	995	0	1037
22322	18	7	4	1028	0	1057
22323	10	1019	4	33	0	1066
22324	13	20	5	1022	0	1060
22325	13	9	7	1015	0	1044
22326	9	994	6	32	0	1041
22327	11	22	7	1006	0	1046
22328	11	5	6	1019	0	1041
22329	8	1005	4	36	0	1053
22330	1004	25	5	24	0	1058
22331	28	12	999	16	0	1055
22332	13	12	1008	12	0	1045
22333	15	6	25	1009	0	1055
22334	11	7	9	1034	0	1061
22335	6	4	1004	34	0	1048
22336	9	6	986	21	0	1022
22337	921	6	29	19	0	975
22338	27	1001	11	14	0	1053
22339	982	22	8	10	0	1022
22340	22	8	971	14	0	1015
22341	13	967	20	12	0	1012
22342	13	28	8	993	0	1042
22343	4	7	998	32	0	1041
22344	6	7	959	14	0	986
22345	16	15	30	980	0	1041
22346	8	6	996	32	0	1042
22347	8	947	25	17	0	997
22348	9	25	10	940	0	984
22349	7	9	945	33	0	994
22350	5	956	28	12	0	1001
22351	942	27	8	11	0	988
22352	26	11	928	10	0	975
22353	7	930	29	15	0	981
22354	7	26	10	911	0	954
22355	6	10	11	948	0	975
22356	950	4	6	34	0	994
22357	27	5	5	940	0	977
22358	14	2	8	966	0	990
22359	934	7	2	38	0	981
22360	24	3	7	924	0	958
22361	13	3	901	29	0	946
22362	8	9	19	900	0	936
22363	3	3	894	26	0	926
22364	5	4	838	15	0	862
22365	4	3	844	7	0	858
22366	3	1	23	754	0	781
22367	2	2	16	774	0	794
22368	771	0	4	26	0	801
22369	15	2	6	735	0	758
22370	8	759	1	19	0	787
22371	6	15	3	793	0	817
22372	2	6	5	774	0	787
22373	1	779	6	29	0	815
22374	768	17	0	16	0	801
22375	765	6	2	9	0	782
22376	22	751	5	4	0	782
22377	7	753	4	4	0	768
22378	6	30	2	727	0	765
22379	725	11	6	16	0	758
22380	17	2	719	8	0	746
22381	5	3	656	5	0	669
22382	616	0	17	3	0	636
22383	11	650	9	5	0	675
22384	12	13	7	658	0	690
22385	4	5	3	658	0	670
22386	2	2	2	687	0	693
22387	9	1	1	675	0	686
22388	0	654	3	21	0	678
22389	2	13	2	676	0	693
22390	675	4	1	17	0	697
22391	13	3	3	689	0	708
22392	6	2	2	695	0	705
22393	686	1	1	20	0	708
22394	693	0	2	10	0	705
22395	702	1	0	8	0	711
22396	703	3	1	5	0	712
22397	20	1	1	692	0	714
22398	694	3	0	15	0	712
22399	15	2	2	695	0	714
22400	683	1	2	15	0	701
22401	690	2	2	7	0	701
22402	19	2	1	667	0	689
22403	6	2	662	16	0	686
22404	660	1	12	9	0	682
22405	688	1	5	6	0	700
22406	686	1	3	3	0	693
22407	694	3	1	5	0	703
22408	19	1	1	693	0	714
22409	10	2	682	12	0	706
22410	5	2	667	8	0	682
22411	652	1	19	5	0	677
22412	664	0	8	6	0	678
22413	15	661	6	2	0	684
22414	7	645	1	3	0	656
22415	649	12	1	4	0	666
22416	13	11	1	633	0	658
22417	8	2	1	686	0	697
22418	671	0	1	17	0	689
22419	11	690	2	6	0	709
22420	711	10	1	4	0	726
22421	13	6	689	1	0	709
22422	671	1	10	2	0	684
22423	12	1	4	678	0	695
22424	7	5	702	10	0	724
22425	2	712	12	7	0	733
22426	4	14	3	730	0	751
22427	1	3	788	17	0	809
22428	6	1	11	777	0	795
22429	783	2	6	15	0	806
22430	13	0	770	6	0	789
22431	749	0	13	1	0	763
22432	14	779	5	2	0	800
22433	5	11	2	791	0	809
22434	4	5	868	11	0	888
22435	5	1	11	860	0	877
22436	0	1	895	14	0	910
22437	3	879	13	6	0	901
22438	856	11	6	4	0	877
22439	12	918	1	2	0	933
22440	7	11	1	901	0	920
22441	3	5	0	900	0	908
22442	2	2	867	12	0	883
22443	763	1	9	10	0	783
22444	9	848	6	3	0	866
22445	3	778	2	2	0	785
22446	1	807	1	0	0	809
22447	2	13	0	795	0	810
22448	3	796	0	8	0	807
22449	2	9	1	789	0	801
22450	1	781	0	8	0	790
22451	3	4	0	780	0	787
22452	0	786	4	6	0	796
22453	784	5	0	1	0	790
22454	6	5	772	1	0	784
22455	748	0	8	2	0	758
22456	770	0	3	3	0	776
22457	780	0	1	4	0	785
22458	9	772	0	4	0	785
22459	787	5	2	3	0	797
22460	785	2	1	0	0	788
22461	784	2	0	1	0	787
22462	7	1	767	3	0	778
22463	3	0	9	767	0	779
22464	1	0	796	9	0	806
22465	6	0	6	778	0	790
22466	783	1	4	8	0	796
22467	11	766	0	1	0	778
22468	2	9	844	1	0	856
22469	5	1	9	851	0	866
22470	2	0	5	906	0	913
22471	3	1	980	16	0	1000
22472	949	0	17	2	0	968
22473	996	5	3	5	0	1009
22474	1012	2	3	1	0	1018
22475	19	4	0	1004	0	1027
22476	4	960	0	18	0	982
22477	2	1070	2	4	0	1078
22478	6	15	2	1052	0	1075
22479	4	5	1	1053	0	1063
22480	2	1056	0	18	0	1076
22481	1050	16	2	7	0	1075
22482	17	1043	0	2	0	1062
22483	4	13	5	1024	0	1046
22484	6	3	1016	15	0	1040
22485	6	1	13	1004	0	1024
22486	1022	2	4	19	0	1047
22487	18	2	1021	5	0	1046
22488	1016	6	13	3	0	1038
22489	1035	1	12	6	0	1054
22490	1059	1	5	7	0	1072
22491	1065	1	3	8	0	1077
22492	1098	5	0	8	0	1111
22493	26	1	1072	5	0	1104
22494	9	5	1070	3	0	1087
22495	1184	3	27	8	0	1222
22496	1260	1	7	3	0	1271
22497	35	4	5	1275	0	1319
22498	13	1304	2	33	0	1352
22499	9	30	6	1326	0	1371
22500	1323	9	4	41	0	1377
22501	47	7	4	1290	0	1348
22502	15	1394	1	33	0	1443
22503	1407	32	1	13	0	1453
22504	1393	13	2	15	0	1423
22505	1405	6	1	8	0	1420
22506	45	1387	3	4	0	1439
22507	15	27	2	1365	0	1409
22508	12	7	3	1370	0	1392
22509	5	1328	2	37	0	1372
22510	16	32	0	1364	0	1412
22511	1346	10	2	38	0	1396
22512	1359	8	0	10	0	1377
22513	39	1319	3	9	0	1370
22514	15	32	1	1342	0	1390
22515	13	11	1	1353	0	1378
22516	8	7	3	1359	0	1377
22517	1291	4	5	45	0	1345
22518	42	2	1272	13	0	1329
22519	1223	6	30	11	0	1270
22520	43	2	1250	10	0	1305
22521	16	6	36	1199	0	1257
22522	13	1212	7	40	0	1272
22523	13	1277	7	16	0	1313
22524	1217	31	5	10	0	1263
22525	1232	14	4	8	0	1258
22526	39	1181	6	5	0	1231
22527	19	1183	3	6	0	1211
22528	1175	36	1	13	0	1225
22529	1239	19	1	9	0	1268
22530	36	1233	2	11	0	1282
22531	1251	31	1	13	0	1296
22532	37	14	1239	6	0	1296
22533	1236	14	29	10	0	1289
22534	1195	7	7	12	0	1221
22535	44	7	4	1157	0	1212
22536	21	1153	0	34	0	1208
22537	18	37	2	1159	0	1216
22538	1171	10	3	40	0	1224
22539	38	8	4	1115	0	1165
22540	20	5	3	1162	0	1190
22541	18	4	1136	43	0	1201
22542	16	5	33	1135	0	1189
22543	17	3	10	1195	0	1225
22544	1167	7	10	39	0	1223
22545	39	6	1155	20	0	1220
22546	1158	8	28	14	0	1208
22547	41	4	9	1174	0	1228
22548	12	9	10	1181	0	1212
22549	14	6	5	1174	0	1199
22550	20	1127	2	41	0	1190
22551	14	1175	7	13	0	1209
22552	18	39	2	1141	0	1200
22553	1148	15	4	38	0	1205
22554	1173	10	3	17	0	1203
22555	49	3	3	1159	0	1214
22556	1154	6	4	34	0	1198
22557	44	9	5	1152	0	1210
22558	19	5	4	1191	0	1219
22559	1120	6	3	42	0	1171
22560	36	1159	3	21	0	1219
22561	1173	33	1	19	0	1226
22562	1197	11	2	15	0	1225
22563	1151	9	5	19	0	1184
22564	44	1113	1	17	0	1175
22565	23	29	4	1135	0	1191
22566	17	11	3	1171	0	1202
22567	15	10	1113	43	0	1181
22568	14	13	30	1051	0	1108
22569	16	5	1005	42	0	1068
22570	13	957	27	18	0	1015
22571	8	853	9	15	0	885
22572	8	882	11	10	0	911
22573	10	28	6	896	0	940
22574	8	12	3	925	0	948
22575	7	10	3	915	0	935
22576	6	6	4	914	0	930
22577	11	6	864	38	0	919
22578	7	6	1094	22	0	1129
22579	9	6	32	1139	0	1186
22580	10	4	1162	39	0	1215
22581	1144	4	30	25	0	1203
22582	1190	4	7	15	0	1216
22583	42	5	1182	12	0	1241
22584	21	2	32	1184	0	1239
22585	17	3	12	1206	0	1238
22586	10	3	8	1214	0	1235
22587	10	2	3	1195	0	1210
22588	11	1	4	1197	0	1213
22589	810	14	9	60	0	893
22590	1152	6	6	26	0	1190
22591	38	1119	3	25	0	1185
22592	15	23	1077	10	0	1125
22593	8	1065	26	10	0	1109
22594	6	1063	7	10	0	1086
22595	964	18	4	11	0	997
22596	18	931	3	4	0	956
22597	5	875	3	1	0	884
22598	852	18	2	7	0	879
22599	18	8	850	2	0	878
22600	846	3	13	3	0	865
22601	15	2	5	874	0	896
22602	7	3	2	812	0	824
22603	3	3	1	823	0	830
22604	2	2	799	21	0	824
22605	2	806	15	7	0	830
22606	818	12	3	8	0	841
22607	13	3	4	818	0	838
22608	7	844	2	16	0	869
22609	3	14	1	878	0	896
22610	1	5	875	14	0	895
22611	3	3	14	881	0	901
22612	4	2	5	921	0	932
22613	5	1	2	927	0	935
22614	915	2	2	25	0	944
22615	19	1	3	914	0	937
22616	7	2	905	23	0	937
22617	2	890	17	14	0	923
22618	4	14	6	911	0	935
22619	3	6	5	925	0	939
22620	3	4	905	27	0	939
22621	4	3	903	13	0	923
22622	891	2	24	9	0	926
22623	868	5	8	8	0	889
22624	22	886	5	8	0	921
22625	890	16	4	9	0	919
22626	20	8	885	6	0	919
22627	10	3	874	8	0	895
22628	865	2	18	9	0	894
22629	839	4	9	8	0	860
22630	23	3	799	5	0	830
22631	769	2	19	7	0	797
22632	21	3	795	1	0	820
22633	787	4	18	3	0	812
22634	826	4	7	5	0	842
22635	26	3	5	766	0	800
22636	8	872	5	19	0	904
22637	685	24	5	19	0	733
22638	18	8	889	4	0	919
22639	9	888	24	5	0	926
22640	888	24	8	5	0	925
22641	869	8	4	7	0	888
22642	28	854	5	7	0	894
22643	15	20	6	853	0	894
22644	6	8	846	26	0	886
22645	5	4	23	854	0	886
22646	6	3	839	27	0	875
22647	4	2	25	840	0	871
22648	4	7	11	845	0	867
22649	7	4	827	30	0	868
22650	4	834	22	13	0	873
22651	4	23	8	835	0	870
22652	6	14	640	32	0	692
22653	818	4	16	12	0	850
22654	23	3	9	845	0	880
22655	11	1	6	860	0	878
22656	834	7	4	31	0	876
22657	25	5	2	820	0	852
22658	13	2	4	791	0	810
22659	5	797	8	23	0	833
22660	5	24	6	803	0	838
22661	10	7	788	22	0	827
22662	8	2	20	776	0	806
22663	7	771	8	22	0	808
22664	4	796	8	12	0	820
22665	7	27	6	792	0	832
22666	792	8	7	23	0	830
22667	24	5	6	794	0	829
22668	802	5	2	23	0	832
22669	29	4	5	787	0	825
22670	781	2	10	26	0	819
22671	799	4	5	14	0	822
22672	35	12	6	758	0	811
22673	17	35	9	734	0	795
22674	10	726	1	34	0	771
22675	7	751	3	21	0	782
22676	9	26	740	13	0	788
22677	9	719	22	7	0	757
22678	429	18	20	9	0	476
22679	18	4	6	430	0	458
22680	9	418	3	14	0	444
22681	422	14	1	15	0	452
22682	15	3	2	433	0	453
22683	9	3	7	424	0	443
22684	6	1	6	440	0	453
22685	8	2	7	440	0	457
22686	6	447	3	14	0	470
22687	3	482	6	8	0	499
22688	521	13	4	8	0	546
22689	21	546	9	3	0	579
22690	6	18	5	536	0	565
22691	11	4	1	546	0	562
22692	8	5	2	556	0	571
22693	2	5	3	564	0	574
22694	540	1	3	22	0	566
22695	560	1	8	12	0	581
22696	26	4	539	4	0	573
22697	15	2	16	562	0	595
22698	8	3	562	21	0	594
22699	6	6	18	550	0	580
22700	9	2	7	569	0	587
22701	547	1	8	27	0	583
22702	22	6	3	557	0	588
22703	10	4	560	22	0	596
22704	8	1	529	9	0	547
22705	538	3	20	11	0	572
22706	18	1	541	6	0	566
22707	7	1	18	513	0	539
22708	5	2	538	21	0	566
22709	11	0	16	514	0	541
22710	5	544	3	20	0	572
22711	7	15	4	540	0	566
22712	1	511	4	20	0	536
22713	5	512	3	5	0	525
22714	0	19	5	518	0	542
22715	516	8	0	14	0	538
22716	12	515	4	3	0	534
22717	1	13	0	518	0	532
22718	518	4	2	14	0	538
22719	531	1	0	10	0	542
22720	542	3	0	5	0	550
22721	16	3	1	522	0	542
22722	4	2	0	537	0	543
22723	546	2	0	15	0	563
22724	548	2	0	5	0	555
22725	560	0	0	6	0	566
22726	16	3	1	549	0	569
22727	6	0	537	15	0	558
22728	534	1	11	1	0	547
22729	16	0	2	547	0	565
22730	4	553	1	14	0	572
22731	2	14	1	552	0	569
22732	3	551	2	16	0	572
22733	7	14	0	566	0	587
22734	2	1	560	17	0	580
22735	2	555	11	3	0	571
22736	3	10	0	496	0	509
22737	1	1	4	484	0	490
22738	4	2	0	483	0	489
22739	491	1	2	13	0	507
22740	7	495	0	4	0	506
22741	3	7	0	506	0	516
22742	517	2	2	9	0	530
22743	519	3	1	4	0	527
22744	11	0	3	522	0	536
22745	1	3	529	11	0	544
22746	6	0	8	521	0	535
22747	4	524	1	12	0	541
22748	4	10	1	537	0	552
22749	529	0	1	15	0	545
22750	11	3	3	530	0	547
22751	3	1	560	10	0	574
22752	4	596	9	5	0	614
22753	617	11	3	4	0	635
22754	12	2	620	6	0	640
22755	624	4	14	5	0	647
22756	14	0	2	649	0	665
22757	6	5	2	649	0	662
22758	2	648	3	17	0	670
22759	709	12	3	6	0	730
22760	17	5	0	707	0	729
22761	5	1	3	712	0	721
22762	5	2	3	728	0	738
22763	4	3	731	14	0	752
22764	5	0	13	723	0	741
22765	736	1	2	18	0	757
22766	749	2	3	4	0	758
22767	16	1	2	760	0	779
22768	8	3	2	767	0	780
22769	758	1	1	24	0	784
22770	16	1	766	8	0	791
22771	747	2	14	13	0	776
22772	17	0	753	8	0	778
22773	6	1	771	4	0	782
22774	9	0	15	780	0	804
22775	6	3	812	14	0	835
22776	816	2	13	6	0	837
22777	14	8	4	858	0	884
22778	5	1	857	13	0	876
22779	847	2	9	8	0	866
22780	854	0	5	11	0	870
22781	16	2	897	2	0	917
22782	11	4	12	853	0	880
22783	5	902	7	13	0	927
22784	928	10	3	9	0	950
22785	14	5	911	8	0	938
22786	854	1	15	3	0	873
22787	18	904	2	3	0	927
22788	860	7	2	3	0	872
22789	871	1	1	2	0	875
22790	867	1	3	6	0	877
22791	11	0	1	871	0	883
22792	5	866	3	5	0	879
22793	3	8	847	2	0	860
22794	4	870	5	3	0	882
22795	5	7	4	786	0	802
22796	2	838	7	5	0	852
22797	3	864	0	2	0	869
22798	842	8	1	5	0	856
22799	8	4	835	2	0	849
22800	6	2	855	2	0	865
22801	4	3	865	0	0	872
22802	1	880	6	3	0	890
22803	887	6	1	3	0	897
22804	882	1	2	3	0	888
22805	874	3	2	1	0	880
22806	9	878	2	2	0	891
22807	5	6	0	900	0	911
22808	3	2	864	6	0	875
22809	3	1	842	2	0	848
22810	842	1	6	3	0	852
22811	877	0	3	3	0	883
22812	878	1	4	3	0	886
22813	9	2	858	2	0	871
22814	855	1	6	3	0	865
22815	7	0	4	866	0	877
22816	7	1	1	862	0	871
22817	2	2	906	8	0	918
22818	5	908	5	5	0	923
22819	4	7	4	913	0	928
22820	2	1	909	7	0	919
22821	873	2	6	3	0	884
22822	8	2	2	913	0	925
22823	8	0	3	904	0	915
22824	900	0	4	13	0	917
22825	11	2	2	892	0	907
22826	895	1	0	10	0	906
22827	901	0	2	7	0	910
22828	9	1	3	904	0	917
22829	8	2	2	907	0	919
22830	914	1	2	12	0	929
22831	12	0	3	915	0	930
22832	925	0	2	10	0	937
22833	914	0	5	4	0	923
22834	894	2	1	8	0	905
22835	12	1	2	900	0	915
22836	9	1	2	896	0	908
22837	910	0	2	13	0	925
22838	7	889	3	5	0	904
22839	3	884	2	3	0	892
22840	888	6	3	4	0	901
22841	10	4	881	0	0	895
22842	862	1	6	8	0	877
22843	7	1	3	926	0	937
22844	4	4	907	5	0	920
22845	901	0	5	7	0	913
22846	10	1	2	942	0	955
22847	5	1	3	957	0	966
22848	3	2	2	987	0	994
22849	5	4	0	986	0	995
22850	1003	0	1	8	0	1012
22851	6	985	4	4	0	999
22852	922	1	1	3	0	927
22853	3	1	941	0	0	945
22854	1	2	908	1	0	912
22855	3	967	1	0	0	971
22856	2	3	2	981	0	988
22857	1	1	978	2	0	982
22858	0	918	2	6	0	926
22859	0	1	913	0	0	914
22860	0	0	1	911	0	912
22861	1	0	0	905	0	906
22862	908	0	0	4	0	912
22863	2	0	0	894	0	896
22864	893	0	0	4	0	897
22865	2	0	888	0	0	890
22866	0	903	2	0	0	905
22867	2	1	0	920	0	923
22868	0	0	0	974	0	974
22869	0	0	978	1	0	979
22870	1	0	913	2	0	916
22871	923	0	1	2	0	926
22872	984	0	0	3	0	987
22873	2	1	0	969	0	972
22874	3	0	0	961	0	964
22875	0	935	0	1	0	936
22876	0	1	0	967	0	968
22877	942	0	0	5	0	947
22878	938	0	0	5	0	943
22879	2	934	0	0	0	936
22880	975	1	0	6	0	982
22881	951	2	0	5	0	958
22882	2	1	0	1013	0	1016
22883	2	995	0	5	0	1002
22884	3	7	0	1014	0	1024
22885	2	2	0	1002	0	1006
22886	2	1	986	9	0	998
22887	965	1	7	5	0	978
22888	12	0	4	1062	0	1078
22889	6	0	1	1127	0	1134
22890	1	1320	0	11	0	1332
22891	8	19	0	1445	0	1472
22892	1461	4	2	37	0	1504
22893	1550	5	0	8	0	1563
22894	35	5	1500	8	0	1548
22895	9	3	1526	4	0	1542
22896	16	3	37	1572	0	1628
22897	11	4	11	1617	0	1643
22898	9	0	1609	48	0	1666
22899	18	3	1612	13	0	1646
22900	20	0	50	1536	0	1606
22901	2	1	1607	41	0	1651
22902	2	1	1604	14	0	1621
22903	3	1	56	1600	0	1660
22904	1598	1	18	59	0	1676
22905	1645	0	22	19	0	1686
22906	47	1	23	1614	0	1685
22907	18	1	13	1637	0	1669
22908	1605	2	12	63	0	1682
22909	50	0	14	1611	0	1675
22910	1605	2	4	67	0	1678
22911	1642	2	5	31	0	1680
22912	67	0	8	1613	0	1688
22913	28	1	14	1652	0	1695
22914	1596	3	8	74	0	1681
22915	52	1580	7	30	0	1669
22916	22	1636	12	28	0	1698
22917	34	41	8	1591	0	1674
22918	24	13	1571	52	0	1660
22919	25	10	42	1576	0	1653
22920	1562	8	14	71	0	1655
22921	51	8	10	1591	0	1660
22922	1592	14	9	58	0	1673
22923	53	17	1573	24	0	1667
22924	1573	2	43	36	0	1654
22925	63	2	25	1593	0	1683
22926	28	0	12	1659	0	1699
22927	28	6	1650	59	0	1743
22928	21	4	43	1669	0	1737
22929	29	5	12	1708	0	1754
22930	16	6	27	1729	0	1778
22931	1700	6	9	78	0	1793
22932	44	4	1694	48	0	1790
22933	12	7	1675	47	0	1741
22934	1663	4	58	33	0	1758
22935	1721	1	20	41	0	1783
22936	68	3	1712	25	0	1808
22937	34	3	49	1656	0	1742
22938	31	1704	27	54	0	1816
22939	23	38	32	1758	0	1851
22940	1726	10	26	71	0	1833
22941	1778	7	19	33	0	1837
22942	68	8	15	1744	0	1835
22943	27	1718	20	58	0	1823
22944	17	37	16	1712	0	1782
22945	27	1735	17	53	0	1832
22946	1735	44	18	39	0	1836
22947	1713	10	11	34	0	1768
22948	1711	10	12	24	0	1757
22949	68	1612	10	36	0	1726
22950	29	1709	14	24	0	1776
22951	29	47	12	1701	0	1789
22952	34	24	7	1718	0	1783
22953	38	16	16	1670	0	1740
22954	39	4	10	1723	0	1776
22955	36	9	1607	76	0	1728
22956	1562	19	45	52	0	1678
22957	53	28	1625	40	0	1746
22958	1699	9	55	49	0	1812
22959	76	12	1734	36	0	1858
22960	1716	8	68	43	0	1835
22961	83	7	1754	34	0	1878
22962	1739	6	80	21	0	1846
22963	92	9	22	1780	0	1903
22964	1810	12	27	75	0	1924
22965	92	5	15	1816	0	1928
22966	43	6	22	1836	0	1907
22967	44	5	20	1788	0	1857
22968	28	1703	24	83	0	1838
22969	1723	54	18	49	0	1844
22970	1740	17	8	52	0	1817
22971	89	1735	12	33	0	1869
22972	47	54	9	1787	0	1897
22973	24	22	1738	86	0	1870
22974	1718	13	60	44	0	1835
22975	1801	22	19	27	0	1869
22976	1791	14	22	24	0	1851
22977	103	5	13	1709	0	1830
22978	42	1716	16	69	0	1843
22979	36	58	11	1737	0	1842
22980	1688	18	21	85	0	1812
22981	90	10	12	1615	0	1727
22982	43	1610	10	68	0	1731
22983	1610	57	10	33	0	1710
22984	73	15	1591	40	0	1719
22985	29	29	1598	23	0	1679
22986	25	1586	55	38	0	1704
22987	33	1593	27	20	0	1673
22988	34	54	1494	20	0	1602
22989	31	29	1404	12	0	1476
22990	46	70	40	1096	0	1252
22991	1089	3	16	34	0	1142
22992	30	6	1074	10	0	1120
22993	6	1036	21	8	0	1071
22994	1012	22	16	12	0	1062
22995	23	1014	1	6	0	1044
22996	947	15	7	0	0	969
22997	14	929	3	2	0	948
22998	3	970	2	5	0	980
22999	2	18	2	963	0	985
23000	5	4	2	973	0	984
23001	3	5	928	17	0	953
23002	6	5	14	912	0	937
23003	929	3	2	18	0	952
23004	944	2	1	4	0	951
23005	17	3	4	915	0	939
23006	3	3	908	17	0	931
23007	4	3	904	5	0	916
23008	4	1	18	917	0	940
23009	1	1	932	18	0	952
23010	3	1	16	923	0	943
23011	3	1	3	905	0	912
23012	4	0	974	18	0	996
23013	922	1	17	11	0	951
23014	981	1	6	2	0	990
23015	19	1	946	3	0	969
23016	7	2	962	3	0	974
23017	5	1	24	956	0	986
23018	5	3	7	1029	0	1044
23019	6	2	3	1058	0	1069
23020	5	1	4	1051	0	1061
23021	1065	0	5	28	0	1098
23022	1118	1	4	12	0	1135
23023	35	0	1	1222	0	1258
23024	9	0	8	1314	0	1331
23025	4	1	1386	39	0	1430
23026	5	2	39	1416	0	1462
23027	6	2	13	1535	0	1556
23028	1555	1	3	70	0	1629
23029	58	1688	4	20	0	1770
23030	19	61	1	1707	0	1788
23031	12	14	3	1746	0	1775
23032	5	4	3	1728	0	1740
23033	2	1555	3	90	0	1650
23034	7	1695	6	23	0	1731
23035	6	73	1	1675	0	1755
23036	10	20	2	1670	0	1702
23037	9	11	0	1708	0	1728
23038	1571	8	4	96	0	1679
23039	59	1598	9	35	0	1701
23040	1612	68	3	38	0	1721
23041	1691	19	3	30	0	1743
23042	92	14	1	1617	0	1724
23043	24	1585	0	76	0	1685
23044	1587	66	1	40	0	1694
23045	73	22	2	1604	0	1701
23046	1585	9	1	84	0	1679
23047	85	17	3	1588	0	1693
23048	24	18	1566	77	0	1685
23049	15	13	1628	34	0	1690
23050	14	5	73	1608	0	1700
23051	11	4	17	1651	0	1683
23052	20	6	7	1624	0	1657
23053	14	1528	7	84	0	1633
23054	23	1644	9	28	0	1704
23055	1612	72	11	22	0	1717
23056	1598	20	6	36	0	1660
23057	74	1550	8	20	0	1652
23058	28	1506	5	19	0	1558
23059	13	1559	0	24	0	1596
23060	1473	74	3	20	0	1570
23061	53	1491	3	19	0	1566
23062	25	62	12	1472	0	1571
23063	1459	27	11	58	0	1555
23064	1486	16	3	34	0	1539
23065	71	13	3	1433	0	1520
23066	24	13	1408	68	0	1513
23067	10	25	1443	21	0	1499
23068	15	17	57	1433	0	1522
23069	29	9	1445	59	0	1542
23070	27	9	56	1451	0	1543
23071	14	12	18	1457	0	1501
23072	8	19	1421	74	0	1522
23073	10	17	1449	25	0	1501
23074	20	13	66	1416	0	1515
23075	4	13	29	1489	0	1535
23076	1411	5	13	96	0	1525
23077	64	1391	8	45	0	1508
23078	26	1491	14	27	0	1558
23079	1416	61	13	27	0	1517
23080	1481	26	15	26	0	1548
23081	63	1425	18	34	0	1540
23082	30	1480	10	31	0	1551
23083	1440	78	11	25	0	1554
23084	65	37	3	1448	0	1553
23085	1429	20	5	69	0	1523
23086	68	1409	15	29	0	1521
23087	1412	64	12	25	0	1513
23088	64	29	1391	28	0	1512
23089	1384	16	50	23	0	1473
23090	74	16	1386	25	0	1501
23091	35	20	59	1377	0	1491
23092	1379	19	15	65	0	1478
23093	74	11	1345	36	0	1466
23094	46	18	60	1339	0	1463
23095	1353	25	24	62	0	1464
23096	69	16	1337	39	0	1461
23097	37	10	58	1365	0	1470
23098	1336	13	19	81	0	1449
23099	70	1344	20	31	0	1465
23100	29	66	10	1371	0	1476
23101	34	23	10	1374	0	1441
23102	18	10	22	1390	0	1440
23103	21	1358	15	83	0	1477
23104	22	60	13	1429	0	1524
23105	22	28	6	1490	0	1546
23106	26	15	8	1490	0	1539
23107	23	11	15	1539	0	1588
23108	15	20	1443	98	0	1576
23109	1412	17	59	37	0	1525
23110	1487	13	26	31	0	1557
23111	76	1434	9	47	0	1566
23112	32	63	10	1422	0	1527
23113	15	33	8	1454	0	1510
23114	18	1411	13	91	0	1533
23115	20	53	8	1454	0	1535
23116	1383	19	7	86	0	1495
23117	63	1388	10	31	0	1492
23118	1353	56	16	24	0	1449
23119	56	20	21	1349	0	1446
23120	16	14	1361	77	0	1468
23121	14	1348	54	42	0	1458
23122	1283	54	25	19	0	1381
23123	59	1157	14	10	0	1240
23124	28	1186	9	14	0	1237
23125	1012	31	8	12	0	1063
23126	30	8	1006	12	0	1056
23127	6	877	22	12	0	917
23128	737	31	36	22	0	826
23129	657	5	5	8	0	675
23130	7	665	2	2	0	676
23131	2	6	1	672	0	681
23132	2	2	690	6	0	700
23133	1	1	5	683	0	690
23134	0	0	0	667	0	667
23135	3	0	0	715	0	718
23136	0	2	708	6	0	716
23137	3	3	6	673	0	685
23138	5	0	699	4	0	708
23139	2	2	651	2	0	657
23140	602	1	5	1	0	609
23141	4	671	1	4	0	680
23142	1	674	3	1	0	679
23143	3	7	0	706	0	716
23144	783	1	0	8	0	792
23145	800	2	1	1	0	804
23146	777	3	2	5	0	787
23147	794	1	0	4	0	799
23148	774	0	2	3	0	779
23149	11	2	725	0	0	738
23150	4	2	9	722	0	737
23151	2	713	0	12	0	727
23152	1	9	0	735	0	745
23153	729	1	0	10	0	740
23154	10	725	1	1	0	737
23155	0	9	1	740	0	750
23156	738	1	1	10	0	750
23157	764	0	0	8	0	772
23158	13	1	2	753	0	769
23159	1	3	1	751	0	756
23160	2	1	1	764	0	768
23161	1	1	750	11	0	763
23162	3	1	744	4	0	752
23163	1	3	10	766	0	780
23164	3	1	2	794	0	800
23165	784	1	2	11	0	798
23166	771	1	1	2	0	775
23167	783	2	2	4	0	791
23168	790	2	1	4	0	797
23169	783	1	1	8	0	793
23170	12	794	0	3	0	809
23171	808	11	2	5	0	826
23172	790	0	0	9	0	799
23173	792	4	0	4	0	800
23174	14	1	0	849	0	864
23175	1	0	836	16	0	853
23176	4	2	12	851	0	869
23177	2	2	922	18	0	944
23178	3	0	18	881	0	902
23179	4	918	2	15	0	939
23180	921	19	0	6	0	946
23181	951	2	1	5	0	959
23182	16	1	3	949	0	969
23183	5	4	1	986	0	996
23184	7	2	1	984	0	994
23185	4	971	1	15	0	991
23186	983	17	0	4	0	1004
23187	993	3	0	8	0	1004
23188	16	996	3	4	0	1019
23189	4	16	1	1007	0	1028
23190	3	2	1	1005	0	1011
23191	2	1000	3	17	0	1022
23192	1011	16	3	7	0	1037
23193	1044	2	0	9	0	1055
23194	17	1	2	1038	0	1058
23195	7	1	1074	15	0	1097
23196	6	1	1028	5	0	1040
23197	6	2	19	1075	0	1102
23198	2	2	2	1079	0	1085
23199	2	3	2	1089	0	1096
23200	1074	3	2	19	0	1098
23201	1097	2	0	9	0	1108
23202	20	1154	1	4	0	1179
23203	1129	16	1	16	0	1162
23204	20	1	1121	5	0	1147
23205	4	3	1106	3	0	1116
23206	3	1145	16	2	0	1166
23207	1101	14	0	13	0	1128
23208	15	1095	2	1	0	1113
23209	1084	12	4	7	0	1107
23210	14	2	1085	1	0	1102
23211	4	1	1057	1	0	1063
23212	10	1	13	1035	0	1059
23213	2	0	1105	14	0	1121
23214	3	0	13	1090	0	1106
23215	11	3	4	968	0	986
23216	2	1103	1	19	0	1125
23217	5	13	6	1109	0	1133
23218	1	2	3	1132	0	1138
23219	1145	2	6	18	0	1171
23220	16	1126	3	5	0	1150
23221	3	17	1	1162	0	1183
23222	6	4	1151	17	0	1178
23223	1036	2	14	6	0	1058
23224	18	3	1114	5	0	1140
23225	7	2	17	1057	0	1083
23226	2	1173	5	13	0	1193
23227	2	26	1	1169	0	1198
23228	1204	5	3	24	0	1236
23229	1226	2	0	11	0	1239
23230	32	1206	1	3	0	1242
23231	1221	29	1	13	0	1264
23232	1236	4	1	15	0	1256
23233	1254	7	0	10	0	1271
23234	1288	3	1	7	0	1299
23235	1248	2	1	6	0	1257
23236	36	1	1252	4	0	1293
23237	18	1	27	1243	0	1289
23238	12	1	8	1263	0	1284
23239	7	1	6	1275	0	1289
23240	3	1264	6	34	0	1307
23241	3	24	3	1268	0	1298
23242	5	9	1254	31	0	1299
23243	10	1222	25	11	0	1268
23244	5	1175	7	4	0	1191
23245	8	22	4	1175	0	1209
23246	4	6	8	1186	0	1204
23247	8	5	5	1181	0	1199
23248	4	1155	3	24	0	1186
23249	6	1193	1	10	0	1210
23250	1176	26	0	11	0	1213
23251	1189	10	2	9	0	1210
23252	27	1202	7	5	0	1241
23253	1212	24	8	5	0	1249
23254	1247	7	5	13	0	1272
23255	29	5	5	1242	0	1281
23256	16	8	3	1272	0	1299
23257	13	3	4	1287	0	1307
23258	7	8	1281	31	0	1327
23259	5	1	1305	17	0	1328
23260	4	1353	30	16	0	1403
23261	1383	24	11	23	0	1441
23262	26	16	1387	9	0	1438
23263	1375	5	27	9	0	1416
23264	33	8	1467	5	0	1513
23265	1434	5	31	9	0	1479
23266	39	1530	17	5	0	1591
23267	1534	33	8	11	0	1586
23268	39	14	9	1498	0	1560
23269	23	7	3	1552	0	1585
23270	12	13	1515	43	0	1583
23271	11	1557	32	18	0	1618
23272	14	35	16	1568	0	1633
23273	8	11	1564	37	0	1620
23274	1419	7	30	20	0	1476
23275	30	1524	10	11	0	1575
23276	1497	30	3	13	0	1543
23277	30	1441	7	7	0	1485
23278	22	29	2	1445	0	1498
23279	1426	17	5	30	0	1478
23280	33	1444	8	14	0	1499
23281	19	33	1	1456	0	1509
23282	12	11	1436	33	0	1492
23283	1369	5	28	18	0	1420
23284	32	9	13	1423	0	1477
23285	21	5	1424	31	0	1481
23286	11	1407	29	16	0	1463
23287	14	31	11	1423	0	1479
23288	11	11	1423	35	0	1480
23289	16	10	31	1370	0	1427
23290	3	1443	14	33	0	1493
23291	8	1496	11	17	0	1532
23292	5	42	1483	11	0	1541
23293	12	15	29	1443	0	1499
23294	16	9	1443	39	0	1507
23295	1389	10	29	20	0	1448
23296	33	6	18	1368	0	1425
23297	19	1333	9	37	0	1398
23298	9	1430	7	12	0	1458
23299	1385	37	6	17	0	1445
23300	32	1467	4	10	0	1513
23301	1431	38	4	12	0	1485
23302	37	18	1392	5	0	1452
23303	1313	12	32	11	0	1368
23304	38	1346	13	7	0	1404
23305	1369	32	10	10	0	1421
23306	41	1364	8	3	0	1416
23307	22	41	3	1355	0	1421
23308	10	17	5	1408	0	1440
23309	9	10	1371	45	0	1435
23310	1300	12	34	23	0	1369
23311	41	8	1363	13	0	1425
23312	1389	11	40	6	0	1446
23313	47	1	14	1362	0	1424
23314	21	7	10	1413	0	1451
23315	12	1416	7	48	0	1483
23316	14	43	6	1462	0	1525
23317	12	14	8	1491	0	1525
23318	8	11	1468	53	0	1540
23319	1363	6	40	27	0	1436
23320	41	1433	19	12	0	1505
23321	1423	39	8	14	0	1484
23322	45	14	6	1405	0	1470
23323	19	8	5	1448	0	1480
23324	1407	7	11	55	0	1480
23325	45	1433	6	17	0	1501
23326	1377	37	1	12	0	1427
23327	34	1355	3	10	0	1402
23328	14	1357	6	8	0	1385
23329	1339	39	4	8	0	1390
23330	38	17	4	1327	0	1386
23331	18	4	1346	28	0	1396
23332	13	5	28	1309	0	1355
23333	7	6	11	1308	0	1332
23334	7	1290	5	38	0	1340
23335	10	35	3	1321	0	1369
23336	9	17	5	1327	0	1358
23337	7	8	7	1359	0	1381
23338	13	8	2	1379	0	1402
23339	5	11	1335	50	0	1401
23340	8	9	1351	20	0	1388
23341	9	7	44	1372	0	1432
23342	8	3	1375	41	0	1427
23343	8	5	1353	23	0	1389
23344	7	5	44	1370	0	1426
23345	4	5	1401	40	0	1450
23346	11	7	35	1324	0	1377
23347	6	1373	15	40	0	1434
23348	1406	36	5	24	0	1471
23349	39	16	1515	6	0	1576
23350	25	7	38	1524	0	1594
23351	7	3	1582	45	0	1637
23352	14	5	48	1660	0	1727
23353	8	5	17	1742	0	1772
23354	1704	5	7	72	0	1788
23355	54	5	8	1742	0	1809
23356	1656	5	4	67	0	1732
23357	1693	4	7	31	0	1735
23358	60	1651	4	23	0	1738
23359	1615	45	5	22	0	1687
23360	55	1555	3	15	0	1628
23361	14	1608	10	9	0	1641
23362	1558	56	7	18	0	1639
23363	54	23	1515	9	0	1601
23364	21	16	1494	9	0	1540
23365	1411	22	69	16	0	1518
23366	1444	7	22	13	0	1486
23367	57	1427	11	13	0	1508
23368	1477	45	8	8	0	1538
23369	1507	16	9	13	0	1545
23370	1492	18	4	2	0	1516
23371	71	12	3	1443	0	1529
23372	1441	10	6	47	0	1504
23373	50	1483	8	23	0	1564
23374	22	40	11	1507	0	1580
23375	22	16	10	1527	0	1575
23376	14	1531	5	61	0	1611
23377	15	44	4	1542	0	1605
23378	1511	21	3	53	0	1588
23379	1532	12	3	24	0	1571
23380	68	1483	3	15	0	1569
23381	23	1533	5	11	0	1572
23382	1521	50	3	13	0	1587
23383	47	28	1503	10	0	1588
23384	22	13	1515	11	0	1561
23385	18	12	52	1489	0	1571
23386	13	8	22	1540	0	1583
23387	9	7	1498	57	0	1571
23388	13	1439	41	27	0	1520
23389	22	40	20	1391	0	1473
23390	14	23	1458	45	0	1540
23391	19	16	40	1439	0	1514
23392	19	7	18	1433	0	1477
23393	12	1479	15	54	0	1560
23394	13	43	14	1473	0	1543
23395	10	18	13	1512	0	1553
23396	8	10	6	1530	0	1554
23397	1488	7	9	75	0	1579
23398	43	12	7	1444	0	1506
23399	20	1497	8	53	0	1578
23400	1459	41	10	33	0	1543
23401	50	17	1445	17	0	1529
23402	26	13	1405	15	0	1459
23403	1417	15	53	14	0	1499
23404	47	10	24	1456	0	1537
23405	25	9	1456	46	0	1536
23406	19	5	44	1467	0	1535
23407	12	4	24	1516	0	1556
23408	1471	8	13	64	0	1556
23409	1483	8	12	32	0	1535
23410	54	1504	10	23	0	1591
23411	29	44	9	1504	0	1586
23412	23	16	1523	42	0	1604
23413	15	1642	42	24	0	1723
23414	1630	34	14	28	0	1706
23415	46	1678	15	10	0	1749
23416	1637	42	7	21	0	1707
23417	46	18	1666	14	0	1744
23418	1621	13	30	13	0	1677
23419	1700	11	15	17	0	1743
23420	65	11	1723	4	0	1803
23421	32	12	43	1697	0	1784
23422	19	1667	18	39	0	1743
23423	18	1759	9	16	0	1802
23424	10	1778	13	13	0	1814
23425	19	60	7	1687	0	1773
23426	19	17	1679	43	0	1758
23427	21	10	41	1668	0	1740
23428	10	14	13	1736	0	1773
23429	15	8	1716	54	0	1793
23430	15	1699	44	22	0	1780
23431	11	41	16	1667	0	1735
23432	1692	13	9	49	0	1763
23433	45	16	5	1691	0	1757
23434	15	16	7	1711	0	1749
23435	10	1671	10	58	0	1749
23436	1683	39	8	29	0	1759
23437	47	14	5	1731	0	1797
23438	12	15	1695	51	0	1773
23439	12	1685	36	21	0	1754
23440	1664	43	14	20	0	1741
23441	38	12	1675	12	0	1737
23442	1616	13	36	15	0	1680
23443	49	4	11	1650	0	1714
23444	12	1672	13	43	0	1740
23445	1679	41	8	15	0	1743
23446	1685	13	5	20	0	1723
23447	45	1728	3	22	0	1798
23448	25	33	7	1694	0	1759
23449	13	14	4	1639	0	1670
23450	1573	12	4	38	0	1627
23451	35	1570	6	14	0	1625
23452	10	27	2	1490	0	1529
23453	5	1455	7	21	0	1488
23454	3	1437	0	10	0	1450
23455	7	20	1	1425	0	1453
23456	1417	7	3	25	0	1452
23457	18	1429	3	6	0	1456
23458	3	16	5	1437	0	1461
23459	5	6	2	1439	0	1452
23460	6	1	1418	20	0	1445
23461	5	6	1334	5	0	1350
23462	2	1413	19	4	0	1438
23463	5	16	1419	4	0	1444
23464	2	7	18	1424	0	1451
23465	8	2	1413	19	0	1442
23466	5	8	16	1430	0	1459
23467	5	5	2	1471	0	1483
23468	4	6	2	1472	0	1484
23469	1429	4	5	22	0	1460
23470	15	9	3	1419	0	1446
23471	10	3	3	1428	0	1444
23472	1	1439	2	20	0	1462
23473	9	12	3	1415	0	1439
23474	1432	3	3	30	0	1468
23475	16	1466	8	7	0	1497
23476	1457	16	3	11	0	1487
23477	17	8	1434	7	0	1466
23478	5	5	1457	8	0	1475
23479	5	5	17	1515	0	1542
23480	5	3	4	1538	0	1550
23481	5	1536	1	20	0	1562
23482	6	21	7	1421	0	1455
23483	1519	4	3	29	0	1555
23484	1491	4	4	9	0	1508
23485	18	7	4	1525	0	1554
23486	7	5	1601	25	0	1638
23487	10	5	20	1619	0	1654
23488	4	5	6	1668	0	1683
23489	12	5	3	1666	0	1686
23490	5	9	3	1671	0	1688
23491	10	4	4	1663	0	1681
23492	3	1655	7	25	0	1690
23493	1622	21	7	20	0	1670
23494	1645	3	3	22	0	1673
23495	1671	6	5	21	0	1703
23496	19	1709	5	12	0	1745
23497	1694	21	3	17	0	1735
23498	28	1710	1	8	0	1747
23499	17	26	1666	10	0	1719
23500	9	7	25	1629	0	1670
23501	6	8	1665	26	0	1705
23502	6	1684	23	16	0	1729
23503	1653	29	4	14	0	1700
23504	26	6	1686	12	0	1730
23505	10	8	1765	9	0	1792
23506	8	1819	34	6	0	1867
23507	22	33	14	1849	0	1918
23508	7	12	1986	40	0	2045
23509	15	7	45	1860	0	1927
23510	7	6	15	2108	0	2136
23511	2	6	7	2285	0	2300
23512	2347	4	9	61	0	2421
23513	2300	10	3	29	0	2342
23514	71	2	7	2258	0	2338
23515	2265	3	5	62	0	2335
23516	59	6	2226	17	0	2308
23517	18	7	2184	18	0	2227
23518	22	1	2223	22	0	2268
23519	15	5	2228	14	0	2262
23520	13	2170	55	12	0	2250
23521	28	39	19	2149	0	2235
23522	23	14	2253	40	0	2330
23523	2121	8	51	28	0	2208
23524	2265	4	25	24	0	2318
23525	63	2243	22	14	0	2342
23526	2268	40	27	11	0	2346
23527	53	16	29	2259	0	2357
23528	26	9	2327	40	0	2402
23529	18	11	73	2155	0	2257
23530	15	2348	40	41	0	2444
23531	2263	50	33	27	0	2373
23532	2345	20	26	23	0	2414
23533	61	2344	18	13	0	2436
23534	2373	50	14	23	0	2460
23535	2370	26	15	21	0	2432
23536	72	2400	10	17	0	2499
23537	45	49	12	2325	0	2431
23538	31	2363	14	45	0	2453
23539	2395	53	15	33	0	2496
23540	65	36	9	2383	0	2493
23541	2400	20	13	64	0	2497
23542	79	25	8	2382	0	2494
23543	44	22	2334	58	0	2458
23544	2303	19	44	32	0	2398
23545	73	26	2320	11	0	2430
23546	48	24	43	2311	0	2426
23547	33	23	2301	55	0	2412
23548	40	22	49	2283	0	2394
23549	31	17	2283	60	0	2391
23550	2192	17	51	41	0	2301
23551	64	2257	24	28	0	2373
23552	2271	39	18	33	0	2361
23553	68	21	23	2249	0	2361
23554	2237	8	22	63	0	2330
23555	58	2221	23	37	0	2339
23556	39	2207	32	23	0	2301
23557	23	2290	23	33	0	2369
23558	2312	59	31	24	0	2426
23559	59	32	20	2310	0	2421
23560	38	21	24	2354	0	2437
23561	36	23	2279	67	0	2405
23562	27	18	2255	37	0	2337
23563	31	24	55	2299	0	2409
23564	29	25	2384	56	0	2494
23565	29	2378	52	32	0	2491
23566	2329	68	23	31	0	2451
23567	61	35	2357	23	0	2476
23568	29	34	2362	21	0	2446
23569	31	18	68	2308	0	2425
23570	2362	18	36	75	0	2491
23571	59	10	33	2370	0	2472
23572	2350	12	29	77	0	2468
23573	66	8	33	2350	0	2457
23574	32	9	2348	68	0	2457
23575	26	2268	76	34	0	2404
23576	26	53	2345	27	0	2451
23577	23	2320	84	20	0	2447
23578	28	57	48	2271	0	2404
23579	2231	21	38	64	0	2354
23580	62	18	2222	44	0	2346
23581	37	10	63	2214	0	2324
23582	34	16	35	2250	0	2335
23583	2272	13	23	81	0	2389
23584	69	15	20	2218	0	2322
23585	40	2245	27	68	0	2380
23586	2152	54	25	48	0	2279
23587	52	37	2142	27	0	2258
23588	2062	26	60	41	0	2189
23589	62	2100	39	31	0	2232
23590	36	54	27	2035	0	2152
23591	31	2141	22	65	0	2259
23592	2131	52	15	43	0	2241
23593	62	22	2109	32	0	2225
23594	2062	25	50	31	0	2168
23595	66	2084	23	30	0	2203
23596	52	48	16	2101	0	2217
23597	2116	28	19	60	0	2223
23598	2127	30	15	35	0	2207
23599	74	21	12	2111	0	2218
23600	52	25	16	2135	0	2228
23601	35	2124	16	59	0	2234
23602	31	61	15	2135	0	2242
23603	36	2417	14	48	0	2515
23604	32	2561	18	35	0	2646
23605	34	71	15	2351	0	2471
23606	25	2425	17	56	0	2523
23607	27	57	2447	28	0	2559
23608	51	26	2478	33	0	2588
23609	29	2577	60	30	0	2696
23610	15	60	2570	32	0	2677
23611	12	34	2502	20	0	2568
23612	13	14	2329	2	0	2358
23613	2	2259	70	10	0	2341
23614	2211	48	39	13	0	2311
23615	32	2219	25	5	0	2281
23616	21	47	2224	2	0	2294
23617	20	27	38	2153	0	2238
23618	2159	15	24	38	0	2236
23619	39	4	2146	26	0	2215
23620	29	5	42	2116	0	2192
23621	17	6	2155	36	0	2214
23622	8	6	52	2066	0	2132
23623	2052	5	31	57	0	2145
23624	38	5	2093	24	0	2160
23625	24	2059	47	18	0	2148
23626	24	48	27	2021	0	2120
23627	2083	24	21	47	0	2175
23628	44	21	2079	23	0	2167
23629	33	12	53	1935	0	2033
23630	18	2035	29	40	0	2122
23631	2067	44	19	31	0	2161
23632	2131	22	13	24	0	2190
23633	66	19	11	2079	0	2175
23634	41	2081	8	48	0	2178
23635	22	2208	13	28	0	2271
23636	2199	66	11	30	0	2306
23637	63	32	15	2167	0	2277
23638	28	2209	17	46	0	2300
23639	2219	58	10	31	0	2318
23640	66	33	9	2239	0	2347
23641	38	19	16	2272	0	2345
23642	17	18	2160	77	0	2272
23643	19	2178	45	43	0	2285
23644	15	2301	28	26	0	2370
23645	30	72	16	2259	0	2377
23646	2278	43	12	60	0	2393
23647	56	2323	14	35	0	2428
23648	2328	60	12	27	0	2427
23649	68	2319	16	16	0	2419
23650	40	69	10	2306	0	2425
23651	2333	38	8	67	0	2446
23652	69	30	12	2331	0	2442
23653	39	18	2310	71	0	2438
23654	35	18	51	2225	0	2329
23655	14	2323	30	65	0	2432
23656	2305	61	19	44	0	2429
23657	55	2306	11	30	0	2402
23658	42	64	14	2221	0	2341
23659	36	32	11	2295	0	2374
23660	16	34	2222	73	0	2345
23661	13	27	2228	47	0	2315
23662	24	27	67	2206	0	2324
23663	20	17	2228	66	0	2331
23664	13	2153	71	38	0	2275
23665	2153	71	28	29	0	2281
23666	56	39	2193	24	0	2312
23667	2169	25	71	26	0	2291
23668	2254	17	38	20	0	2329
23669	2237	25	30	14	0	2306
23670	2248	19	17	22	0	2306
23671	95	17	20	2186	0	2318
23672	47	12	21	2149	0	2229
23673	33	2179	20	70	0	2302
23674	2142	65	17	44	0	2268
23675	66	40	2108	30	0	2244
23676	44	33	57	2090	0	2224
23677	35	23	32	2138	0	2228
23678	28	18	2093	77	0	2216
23679	22	2099	63	53	0	2237
23680	38	55	43	2013	0	2149
23681	34	34	27	2148	0	2243
23682	2105	28	28	80	0	2241
23683	71	2068	15	55	0	2209
23684	42	62	13	2034	0	2151
23685	32	2072	18	74	0	2196
23686	31	74	15	2091	0	2211
23687	2045	38	17	76	0	2176
23688	2101	31	15	49	0	2196
23689	83	15	13	2097	0	2208
23690	2097	19	15	75	0	2206
23691	2094	24	18	48	0	2184
23692	89	2030	16	41	0	2176
23693	52	59	14	1998	0	2123
23694	44	2051	12	62	0	2169
23695	42	73	9	2066	0	2190
23696	2060	46	9	75	0	2190
23697	71	34	8	2056	0	2169
23698	49	27	6	2112	0	2194
23699	44	25	1992	87	0	2148
23700	29	1901	49	59	0	2038
23701	33	2009	24	50	0	2116
23702	1958	61	27	38	0	2084
23703	57	39	17	1583	0	1696
23704	1487	29	11	45	0	1572
23705	50	1411	14	34	0	1509
23706	30	1339	8	31	0	1408
23707	23	1440	9	25	0	1497
23708	1164	26	44	16	0	1250
23709	24	1208	6	13	0	1251
23710	1080	16	18	15	0	1129
23711	1049	10	1	8	0	1068
23712	1088	10	3	8	0	1109
23713	23	7	4	1148	0	1182
23714	12	3	2	1191	0	1208
23715	15	5	2	1191	0	1213
23716	21	4	2	1171	0	1198
23717	1188	7	0	24	0	1219
23718	23	1159	2	16	0	1200
23719	7	13	2	1190	0	1212
23720	1179	3	2	26	0	1210
23721	18	6	2	1182	0	1208
23722	6	8	3	1184	0	1201
23723	1190	0	1	27	0	1218
23724	15	5	1158	12	0	1190
23725	8	1	10	1184	0	1203
23726	7	5	1185	20	0	1217
23727	6	2	16	1162	0	1186
23728	6	6	8	1158	0	1178
23729	1116	1	7	24	0	1148
23730	11	1089	6	8	0	1114
23731	4	1054	0	11	0	1069
23732	1036	8	1	9	0	1054
23733	10	1091	2	4	0	1107
23734	1082	12	9	9	0	1112
23735	13	4	1075	3	0	1095
23736	963	2	6	3	0	974
23737	1000	2	0	3	0	1005
23738	999	1	2	3	0	1005
23739	9	1	2	992	0	1004
23740	8	0	0	989	0	997
23741	2	987	0	8	0	997
23742	4	6	0	968	0	978
23743	963	1	0	12	0	976
23744	5	1011	1	5	0	1022
23745	2	1003	0	3	0	1008
23746	993	6	0	9	0	1008
23747	7	1	992	1	0	1001
23748	7	11	4	963	0	985
23749	2	3	1004	6	0	1015
23750	3	1	6	1001	0	1011
23751	1	1011	4	7	0	1023
23752	2	7	3	1040	0	1052
23753	1024	1	2	8	0	1035
23754	4	4	2	1023	0	1033
23755	1	2	1051	7	0	1061
23756	964	0	5	7	0	976
23757	7	1055	1	3	0	1066
23758	2	1095	2	4	0	1103
23759	1151	6	2	5	0	1164
23760	1195	3	0	8	0	1206
23761	10	6	1196	0	0	1212
23762	1144	2	8	3	0	1157
23763	11	1191	2	3	0	1207
23764	1208	8	2	7	0	1225
23765	13	0	3	1164	0	1180
23766	4	1094	1	14	0	1113
23767	1119	10	0	10	0	1139
23768	16	3	1089	3	0	1111
23769	6	4	9	1102	0	1121
23770	1131	3	2	14	0	1150
23771	15	4	1109	2	0	1130
23772	1125	3	11	8	0	1147
23773	12	1	1	1129	0	1143
23774	6	3	5	1131	0	1145
23775	6	3	1134	12	0	1155
23776	7	1	11	1121	0	1140
23777	1137	0	6	25	0	1168
23778	14	1118	3	10	0	1145
23779	1131	13	6	10	0	1160
23780	1146	1	6	8	0	1161
23781	20	5	0	1132	0	1157
23782	8	6	1152	17	0	1183
23783	8	3	15	1138	0	1164
23784	1170	0	4	19	0	1193
23785	17	1135	3	9	0	1164
23786	1166	14	3	6	0	1189
23787	23	5	0	1160	0	1188
23788	14	5	1	1166	0	1186
23789	10	2	2	1180	0	1194
23790	5	0	1159	21	0	1185
23791	3	3	12	1175	0	1193
23792	9	2	1167	18	0	1196
23793	5	7	1154	6	0	1172
23794	10	7	14	1273	0	1304
23795	7	1	1289	22	0	1319
23796	1420	3	24	19	0	1466
23797	27	2	9	1514	0	1552
23798	13	2	10	1498	0	1523
23799	6	1567	9	31	0	1613
23800	1588	23	4	25	0	1640
23801	1637	10	5	22	0	1674
23802	39	1643	3	16	0	1701
23803	17	32	7	1646	0	1702
23804	21	12	1652	29	0	1714
23805	1608	7	26	23	0	1664
23806	1679	9	10	21	0	1719
23807	41	6	6	1578	0	1631
23808	21	7	1548	29	0	1605
23809	22	1546	26	14	0	1608
23810	1546	27	13	11	0	1597
23811	34	12	1530	24	0	1600
23812	10	1498	32	22	0	1562
23813	1429	38	20	16	0	1503
23814	1450	17	9	4	0	1480
23815	51	6	9	1407	0	1473
23816	26	1437	6	28	0	1497
23817	14	35	9	1490	0	1548
23818	15	13	15	1530	0	1573
23819	23	7	11	1495	0	1536
23820	25	8	5	1537	0	1575
23821	13	8	1512	52	0	1585
23822	11	6	34	1521	0	1572
23823	14	12	17	1534	0	1577
23824	17	13	1486	44	0	1560
23825	11	1494	40	24	0	1569
23826	1490	38	21	21	0	1570
23827	1517	19	6	19	0	1561
23828	61	4	6	1502	0	1573
23829	1519	6	6	50	0	1581
23830	35	12	7	1528	0	1582
23831	19	11	1537	47	0	1614
23832	13	3	1501	43	0	1560
23833	9	1470	39	29	0	1547
23834	1463	32	19	31	0	1545
23835	33	18	1544	16	0	1611
23836	30	4	41	1494	0	1569
23837	26	11	18	1614	0	1669
23838	21	7	15	1674	0	1717
23839	14	13	17	1668	0	1712
23840	17	10	10	1670	0	1707
23841	29	6	1628	66	0	1729
23842	23	5	40	1649	0	1717
23843	1626	6	22	61	0	1715
23844	44	1605	10	44	0	1703
23845	1589	39	23	29	0	1680
23846	42	1596	27	20	0	1685
23847	1581	53	13	23	0	1670
23848	1642	29	3	21	0	1695
23849	75	10	17	1586	0	1688
23850	30	10	11	1620	0	1671
23851	1574	6	10	77	0	1667
23852	1549	5	5	57	0	1616
23853	1589	6	7	36	0	1638
23854	57	1509	11	34	0	1611
23855	33	1548	13	15	0	1609
23856	25	47	1520	15	0	1607
23857	40	19	41	1489	0	1589
23858	19	20	1488	54	0	1581
23859	23	1447	41	33	0	1544
23860	18	43	18	1383	0	1462
23861	23	24	8	1411	0	1466
23862	31	7	10	1441	0	1489
23863	1398	10	6	69	0	1483
23864	1409	12	4	47	0	1472
23865	59	1403	5	29	0	1496
23866	42	38	8	1422	0	1510
23867	31	17	1430	47	0	1525
23868	20	22	1407	28	0	1477
23869	1414	27	52	17	0	1510
23870	1464	15	31	23	0	1533
23871	57	5	18	1453	0	1533
23872	1438	4	18	60	0	1520
23873	53	12	1414	27	0	1506
23874	36	1409	33	26	0	1504
23875	24	35	16	1406	0	1481
23876	13	27	1474	55	0	1569
23877	29	10	42	1490	0	1571
23878	24	11	34	1506	0	1575
23879	16	20	1494	60	0	1590
23880	1436	10	39	46	0	1531
23881	1526	6	27	44	0	1603
23882	48	1584	23	33	0	1688
23883	1623	34	14	25	0	1696
23884	1665	19	10	21	0	1715
23885	70	10	1621	33	0	1734
23886	1615	12	46	19	0	1692
23887	50	1706	33	23	0	1812
23888	1717	47	22	16	0	1802
23889	1746	32	18	21	0	1817
23890	1803	13	21	16	0	1853
23891	1724	16	14	24	0	1778
23892	1767	13	5	41	0	1826
23893	85	1714	16	26	0	1841
23894	1642	32	20	18	0	1712
23895	60	1605	11	16	0	1692
23896	41	1353	9	12	0	1415
23897	20	1446	11	8	0	1485
23898	1387	46	24	15	0	1472
23899	1366	19	7	13	0	1405
23900	56	7	1351	8	0	1422
23901	1361	6	36	7	0	1410
23902	1398	9	12	15	0	1434
23903	56	10	1395	8	0	1469
23904	32	9	28	1387	0	1456
23905	28	5	19	1364	0	1416
23906	16	9	9	1476	0	1510
23907	22	7	2	1465	0	1496
23908	20	11	6	1487	0	1524
23909	16	8	1425	50	0	1499
23910	16	1432	36	25	0	1509
23911	1404	35	23	10	0	1472
23912	47	1425	4	12	0	1488
23913	1438	39	7	9	0	1493
23914	1440	21	5	9	0	1475
23915	64	9	1396	8	0	1477
23916	27	12	36	1306	0	1381
23917	16	1346	16	44	0	1422
23918	1356	37	7	24	0	1424
23919	1350	19	4	17	0	1390
23920	1363	9	6	12	0	1390
23921	53	1361	7	11	0	1432
23922	1392	30	5	10	0	1437
23923	1408	17	6	5	0	1436
23924	1413	6	5	6	0	1430
23925	59	9	3	1362	0	1433
23926	29	7	6	1388	0	1430
23927	21	13	2	1412	0	1448
23928	1369	12	5	44	0	1430
23929	44	1385	3	16	0	1448
23930	1413	36	5	10	0	1464
23931	1390	13	4	6	0	1413
23932	1350	9	4	6	0	1369
23933	1383	5	4	6	0	1398
23934	61	1344	2	3	0	1410
23935	1266	32	3	5	0	1306
23936	46	1255	4	6	0	1311
23937	26	1242	1	5	0	1274
23938	1237	34	1	12	0	1284
23939	37	1219	1	6	0	1263
23940	22	1268	3	5	0	1298
23941	1254	31	6	8	0	1299
23942	1261	17	0	6	0	1284
23943	44	13	3	1226	0	1286
23944	30	10	2	1236	0	1278
23945	1264	9	3	34	0	1310
23946	1327	7	5	15	0	1354
23947	1301	7	3	11	0	1322
23948	42	7	1268	4	0	1321
23949	1328	9	18	10	0	1365
23950	36	7	14	1330	0	1387
23951	25	6	7	1342	0	1380
23952	16	10	3	1364	0	1393
23953	16	8	2	1354	0	1380
23954	17	4	1305	35	0	1361
23955	14	5	1297	20	0	1336
23956	12	5	32	1313	0	1362
23957	17	6	1304	28	0	1355
23958	18	9	1295	17	0	1339
23959	23	6	29	1323	0	1381
23960	19	8	15	1355	0	1397
23961	23	5	9	1388	0	1425
23962	20	6	9	1352	0	1387
23963	1372	5	9	40	0	1426
23964	1420	10	6	32	0	1468
23965	50	5	7	1390	0	1452
23966	28	4	6	1407	0	1445
23967	19	5	7	1398	0	1429
23968	19	6	8	1380	0	1413
23969	22	8	4	1369	0	1403
23970	21	1355	11	40	0	1427
23971	1373	26	10	30	0	1439
23972	34	1389	4	28	0	1455
23973	1399	27	4	29	0	1459
23974	1393	15	5	26	0	1439
23975	1403	10	2	24	0	1439
23976	53	9	5	1324	0	1391
23977	1326	12	4	34	0	1376
23978	46	9	2	1304	0	1361
23979	38	10	0	1303	0	1351
23980	1296	11	3	41	0	1351
23981	42	1247	1	25	0	1315
23982	26	1210	4	13	0	1253
23983	1199	30	3	13	0	1245
23984	28	12	1190	11	0	1241
23985	1116	6	23	7	0	1152
23986	33	23	15	1142	0	1213
23987	17	1098	2	22	0	1139
23988	15	1135	1	12	0	1163
23989	1133	17	2	12	0	1164
23990	26	4	1	1140	0	1171
23991	12	1176	1	21	0	1210
23992	1179	13	3	20	0	1215
23993	1195	4	1	10	0	1210
23994	1197	6	2	12	0	1217
23995	1188	6	1	14	0	1209
23996	21	1165	1	7	0	1194
23997	11	1127	1	5	0	1144
23998	1138	8	1	1	0	1148
23999	1164	7	1	7	0	1179
24000	22	5	1166	3	0	1196
24001	5	1121	7	4	0	1137
24002	1113	7	0	8	0	1128
24003	1157	0	1	4	0	1162
24004	11	2	1149	3	0	1165
24005	1122	3	11	8	0	1144
24006	18	1	1215	0	0	1234
24007	5	0	1313	1	0	1319
24008	8	3	19	1210	0	1240
24009	4	1276	6	12	0	1298
24010	1344	20	5	6	0	1375
24011	20	3	4	1347	0	1374
24012	5	5	2	1375	0	1387
24013	14	2	3	1389	0	1408
24014	1400	4	6	32	0	1442
24015	27	0	17	1403	0	1447
24016	11	1	16	1455	0	1483
24017	8	9	1433	34	0	1484
24018	1410	14	22	16	0	1462
24019	1499	4	7	18	0	1528
24020	24	6	1472	23	0	1525
24021	1402	1	20	28	0	1451
24022	40	2	4	1410	0	1456
24023	23	1421	6	31	0	1481
24024	14	19	2	1457	0	1492
24025	1408	3	7	43	0	1461
24026	27	1415	15	12	0	1469
24027	28	22	6	1422	0	1478
24028	27	3	7	1444	0	1481
24029	13	5	18	1427	0	1463
24030	21	4	6	1367	0	1398
24031	11	1458	5	41	0	1515
24032	1462	33	2	28	0	1525
24033	1457	12	4	30	0	1503
24034	45	1510	1	13	0	1569
24035	1682	40	3	22	0	1747
24036	1724	15	3	28	0	1770
24037	1699	8	0	32	0	1739
24038	64	8	1620	24	0	1716
24039	41	10	34	1625	0	1710
24040	32	15	1586	45	0	1678
24041	1614	6	46	27	0	1693
24042	62	1634	23	21	0	1740
24043	1630	48	21	11	0	1710
24044	71	1643	6	10	0	1730
24045	57	48	5	1562	0	1672
24046	51	20	13	1585	0	1669
24047	22	24	1607	52	0	1705
24048	20	1595	49	51	0	1715
24049	1583	46	36	25	0	1690
24050	63	23	1596	16	0	1698
24051	1565	31	44	21	0	1661
24052	72	18	24	1579	0	1693
24053	30	24	1586	52	0	1692
24054	39	1589	40	40	0	1708
24055	16	51	28	1602	0	1697
24056	19	29	1610	54	0	1712
24057	17	33	1606	36	0	1692
24058	21	1591	63	28	0	1703
24059	31	47	55	1526	0	1659
24060	35	21	27	1519	0	1602
24061	23	1536	16	67	0	1642
24062	1536	43	31	41	0	1651
24063	59	45	11	1536	0	1651
24064	31	1522	16	65	0	1634
24065	1557	45	26	40	0	1668
24066	1559	39	29	23	0	1650
24067	1590	35	21	23	0	1669
24068	82	1557	12	39	0	1690
24069	1580	55	17	35	0	1687
24070	1613	40	10	21	0	1684
24071	93	29	9	1548	0	1679
24072	1580	16	9	70	0	1675
24073	71	45	7	1582	0	1705
24074	60	15	1547	70	0	1692
24075	61	13	1571	37	0	1682
24076	43	19	60	1598	0	1720
24077	32	31	1612	57	0	1732
24078	1582	14	61	42	0	1699
24079	79	6	35	1628	0	1748
24080	52	11	36	1657	0	1756
24081	47	14	1607	91	0	1759
24082	31	1541	62	60	0	1694
24083	24	1628	52	35	0	1739
24084	21	64	40	1587	0	1712
24085	26	36	24	1629	0	1715
24086	19	25	1593	74	0	1711
24087	26	26	1598	49	0	1699
24088	24	14	69	1619	0	1726
24089	18	12	1591	89	0	1710
24090	1549	18	83	50	0	1700
24091	68	31	39	1580	0	1718
24092	1580	36	29	71	0	1716
24093	72	19	16	1578	0	1685
24094	44	18	21	1638	0	1721
24095	43	16	1565	89	0	1713
24096	33	1567	68	64	0	1732
24097	34	57	38	1594	0	1723
24098	32	35	1581	68	0	1716
24099	38	1516	55	47	0	1656
24100	25	39	40	1599	0	1703
24101	1553	38	24	63	0	1678
24102	64	23	1578	61	0	1726
24103	1516	9	58	57	0	1640
24104	63	19	1544	34	0	1660
24105	1398	8	69	29	0	1504
24106	61	1419	40	23	0	1543
24107	28	1328	31	23	0	1410
24108	29	60	28	1244	0	1361
24109	12	1304	12	43	0	1371
24110	1294	43	15	41	0	1393
24111	44	30	20	1303	0	1397
24112	28	24	13	1317	0	1382
24113	22	19	9	1352	0	1402
24114	10	18	1268	71	0	1367
24115	18	11	37	1288	0	1354
24116	10	15	1253	58	0	1336
24117	12	1223	55	40	0	1330
24118	1140	32	28	36	0	1236
24119	35	1209	26	17	0	1287
24120	1253	36	14	24	0	1327
24121	1276	20	16	19	0	1331
24122	1294	18	6	19	0	1337
24123	1286	9	12	21	0	1328
24124	70	10	1228	18	0	1326
24125	48	12	35	1234	0	1329
24126	24	12	26	1237	0	1299
24127	22	11	24	1293	0	1350
24128	1163	15	13	68	0	1259
24129	1188	11	17	40	0	1256
24130	51	1231	10	31	0	1323
24131	38	24	1180	25	0	1267
24132	26	20	1159	20	0	1225
24133	25	1146	56	7	0	1234
24134	18	1148	32	30	0	1228
24135	26	36	28	948	0	1038
24136	11	12	4	916	0	943
24137	940	9	2	29	0	980
24138	11	931	5	29	0	976
24139	13	13	6	949	0	981
24140	10	15	980	14	0	1019
24141	8	8	12	1013	0	1041
24142	10	3	13	1034	0	1060
24143	8	3	9	1062	0	1082
24144	6	2	4	1071	0	1083
24145	6	4	1037	29	0	1076
24146	3	999	14	25	0	1041
24147	7	1003	12	15	0	1037
24148	986	14	10	5	0	1015
24149	11	987	3	6	0	1007
24150	7	1009	6	5	0	1027
24151	11	17	3	1021	0	1052
24152	9	11	3	1001	0	1024
24153	11	10	3	1003	0	1027
24154	6	5	1009	20	0	1040
24155	8	984	15	15	0	1022
24156	6	16	8	981	0	1011
24157	7	1004	7	13	0	1031
24158	992	12	6	19	0	1029
24159	14	1013	7	6	0	1040
24160	1008	17	4	8	0	1037
24161	15	14	983	8	0	1020
24162	993	10	13	9	0	1025
24163	18	6	8	1002	0	1034
24164	10	13	1000	12	0	1035
24165	972	8	11	16	0	1007
24166	978	7	9	12	0	1006
24167	990	4	6	11	0	1011
24168	24	3	5	973	0	1005
24169	12	9	980	17	0	1018
24170	966	2	12	22	0	1002
24171	16	3	14	996	0	1029
24172	17	4	7	984	0	1012
24173	11	8	1023	17	0	1059
24174	8	989	13	16	0	1026
24175	11	11	8	969	0	999
24176	7	1004	10	10	0	1031
24177	980	16	0	11	0	1007
24178	981	5	2	16	0	1004
24179	19	5	5	964	0	993
24180	964	2	3	13	0	982
24181	14	949	5	9	0	977
24182	948	7	3	17	0	975
24183	13	955	5	7	0	980
24184	5	14	2	977	0	998
24185	11	3	4	972	0	990
24186	7	962	4	11	0	984
24187	7	9	8	955	0	979
24188	5	9	957	10	0	981
24189	4	935	9	5	0	953
24190	879	9	3	7	0	898
24191	13	871	5	3	0	892
24192	4	9	3	885	0	901
24193	8	4	891	11	0	914
24194	5	4	11	915	0	935
24195	2	3	4	924	0	933
24196	901	2	2	15	0	920
24197	8	1	908	10	0	927
24198	4	896	8	11	0	919
24199	5	8	944	5	0	962
24200	0	3	878	3	0	884
24201	3	7	913	4	0	927
24202	7	27	10	836	0	880
24203	878	0	15	10	0	903
24204	9	876	3	2	0	890
24205	869	10	0	7	0	886
24206	886	2	0	4	0	892
24207	11	3	0	880	0	894
24208	5	883	0	8	0	896
24209	878	9	0	6	0	893
24210	9	875	1	3	0	888
24211	5	11	1	839	0	856
24212	4	2	1	866	0	873
24213	1	867	1	11	0	880
24214	2	9	1	876	0	888
24215	0	2	854	10	0	866
24216	1	4	819	2	0	826
24217	3	1	11	858	0	873
24218	2	1	4	861	0	868
24219	0	1	819	11	0	831
24220	1	0	776	5	0	782
24221	725	0	10	10	0	745
24222	10	778	4	2	0	794
24223	4	838	3	0	0	845
24224	3	13	0	805	0	821
24225	1	5	0	812	0	818
24226	1	3	1	824	0	829
24227	3	1	815	14	0	833
24228	3	1	781	5	0	790
24229	4	2	11	811	0	828
24230	1	0	796	12	0	809
24231	2	784	14	3	0	803
24232	774	11	6	6	0	797
24233	11	5	778	2	0	796
24234	6	3	777	2	0	788
24235	4	2	13	772	0	791
24236	2	1	870	10	0	883
24237	2	881	13	7	0	903
24238	4	13	5	911	0	933
24239	3	6	933	14	0	956
24240	0	869	14	6	0	889
24241	857	16	8	8	0	889
24242	19	6	2	841	0	868
24243	5	2	3	850	0	860
24244	836	4	1	18	0	859
24245	14	838	3	9	0	864
24246	840	12	4	7	0	863
24247	833	8	2	8	0	851
24248	837	3	1	7	0	848
24249	20	1	1	812	0	834
24250	798	2	4	15	0	819
24251	19	760	6	8	0	793
24252	10	788	5	9	0	812
24253	810	21	6	10	0	847
24254	23	13	4	823	0	863
24255	11	4	3	848	0	866
24256	11	4	5	840	0	860
24257	4	7	808	30	0	849
24258	8	803	19	13	0	843
24259	7	20	8	825	0	860
24260	830	7	4	29	0	870
24261	21	6	5	838	0	870
24262	15	5	822	24	0	866
24263	13	814	19	12	0	858
24264	825	20	7	13	0	865
24265	807	12	8	13	0	840
24266	795	11	5	11	0	822
24267	29	6	3	807	0	845
24268	14	8	811	21	0	854
24269	9	8	867	13	0	897
24270	11	906	29	12	0	958
24271	10	25	12	905	0	952
24272	10	10	8	940	0	968
24273	868	6	5	41	0	920
24274	34	4	7	899	0	944
24275	918	6	7	35	0	966
24276	35	8	908	12	0	963
24277	12	10	920	13	0	955
24278	16	2	30	914	0	962
24279	15	1	15	929	0	960
24280	14	5	8	944	0	971
24281	943	5	4	45	0	997
24282	1028	5	10	16	0	1059
24283	45	5	20	993	0	1063
24284	15	9	970	52	0	1046
24285	14	4	1003	31	0	1052
24286	5	4	52	1008	0	1069
24287	1004	1	24	47	0	1076
24288	53	3	11	992	0	1059
24289	24	3	5	1042	0	1074
24290	15	5	1004	56	0	1080
24291	9	3	1042	21	0	1075
24292	977	4	55	25	0	1061
24293	45	5	984	22	0	1056
24294	25	1	47	936	0	1009
24295	23	1	17	963	0	1004
24296	943	1	14	62	0	1020
24297	44	932	12	31	0	1019
24298	941	37	17	16	0	1011
24299	47	909	18	11	0	985
24300	893	40	23	18	0	974
24301	55	9	865	19	0	948
24302	821	5	52	22	0	900
24303	852	7	13	15	0	887
24304	50	5	17	830	0	902
24305	22	7	825	42	0	896
24306	27	5	38	785	0	855
24307	17	4	20	812	0	853
24308	9	796	13	53	0	871
24309	16	31	7	775	0	829
24310	19	806	4	46	0	875
24311	14	45	5	827	0	891
24312	824	12	7	42	0	885
24313	43	15	4	826	0	888
24314	22	10	810	48	0	890
24315	809	5	47	20	0	881
24316	48	10	821	15	0	894
24317	827	6	40	17	0	890
24318	861	5	14	20	0	900
24319	50	812	18	15	0	895
24320	19	864	17	18	0	918
24321	844	40	8	21	0	913
24322	876	20	8	15	0	919
24323	843	12	11	21	0	887
24324	850	10	8	10	0	878
24325	856	8	1	19	0	884
24326	63	12	3	804	0	882
24327	27	9	7	854	0	897
24328	26	3	819	52	0	900
24329	826	8	39	18	0	891
24330	59	4	25	798	0	886
24331	41	3	15	831	0	890
24332	42	2	798	44	0	886
24333	16	760	37	26	0	839
24334	9	829	13	21	0	872
24335	794	40	18	8	0	860
24336	744	12	4	11	0	771
24337	55	681	2	17	0	755
24338	28	667	6	9	0	710
24339	685	31	6	7	0	729
24340	718	16	3	19	0	756
24341	41	12	5	689	0	747
24342	18	6	15	707	0	746
24343	32	4	3	735	0	774
24344	691	7	5	57	0	760
24345	723	7	3	30	0	763
24346	50	3	12	711	0	776
24347	750	18	6	41	0	815
24348	44	16	753	14	0	827
24349	30	5	37	764	0	836
24350	29	1	757	46	0	833
24351	17	757	41	13	0	828
24352	10	43	11	752	0	816
24353	737	12	11	39	0	799
24354	53	7	3	729	0	792
24355	22	1	7	760	0	790
24356	12	2	723	60	0	797
24357	8	3	765	34	0	810
24358	20	756	38	13	0	827
24359	760	31	17	13	0	821
24360	781	9	6	19	0	815
24361	790	8	4	13	0	815
24362	793	7	15	13	0	828
24363	54	7	7	786	0	854
24364	26	2	14	783	0	825
24365	14	806	5	37	0	862
24366	799	35	4	28	0	866
24367	840	14	5	7	0	866
24368	53	9	772	17	0	851
24369	645	1	23	19	0	688
24370	33	684	18	8	0	743
24371	15	42	16	641	0	714
24372	14	693	3	18	0	728
24373	691	26	1	11	0	729
24374	31	689	2	7	0	729
24375	23	26	1	653	0	703
24376	20	10	4	675	0	709
24377	13	3	1	686	0	703
24378	6	656	1	40	0	703
24379	6	27	2	668	0	703
24380	12	12	2	664	0	690
24381	13	600	2	27	0	642
24382	6	563	7	7	0	583
24383	570	17	4	6	0	597
24384	15	576	0	5	0	596
24385	542	14	1	11	0	568
24386	16	17	526	3	0	562
24387	15	525	8	1	0	549
24388	530	14	6	7	0	557
24389	531	7	2	12	0	552
24390	15	1	527	11	0	554
24391	13	4	9	520	0	546
24392	7	7	545	10	0	569
24393	4	536	9	13	0	562
24394	534	8	5	14	0	561
24395	10	536	2	3	0	551
24396	7	18	1	530	0	556
24397	11	7	1	532	0	551
24398	4	10	527	15	0	556
24399	8	2	495	10	0	515
24400	476	1	19	6	0	502
24401	502	8	11	2	0	523
24402	509	3	1	3	0	516
24403	514	1	2	3	0	520
24404	16	503	10	1	0	530
24405	5	10	3	519	0	537
24406	5	7	7	513	0	532
24407	3	515	3	17	0	538
24408	516	10	6	10	0	542
24409	516	12	2	3	0	533
24410	16	4	500	9	0	529
24411	503	2	6	8	0	519
24412	9	2	13	506	0	530
24413	8	0	501	6	0	515
24414	5	5	7	487	0	504
24415	3	2	504	7	0	516
24416	3	1	507	7	0	518
24417	3	10	12	476	0	501
24418	2	489	7	6	0	504
24419	493	8	1	7	0	509
24420	480	8	1	1	0	490
24421	13	486	2	2	0	503
24422	7	498	1	1	0	507
24423	505	13	2	2	0	522
24424	519	6	0	2	0	527
24425	518	1	3	1	0	523
24426	518	2	1	2	0	523
24427	13	3	0	531	0	547
24428	6	2	515	9	0	532
24429	1	507	7	10	0	525
24430	506	8	6	1	0	521
24431	7	521	2	0	0	530
24432	518	6	2	2	0	528
24433	515	5	1	3	0	524
24434	15	0	522	1	0	538
24435	7	548	5	1	0	561
24436	4	7	5	547	0	563
24437	0	6	0	559	0	565
24438	5	1	2	539	0	547
24439	536	2	1	13	0	552
24440	514	1	0	7	0	522
24441	516	3	1	3	0	523
24442	15	524	0	1	0	540
24443	508	5	1	1	0	515
24444	5	514	0	0	0	519
24445	5	6	497	1	0	509
24446	1	492	5	2	0	500
24447	0	8	9	441	0	458
24448	0	1	0	439	0	440
24449	1	0	440	3	0	444
24450	1	1	2	432	0	436
24451	2	0	1	435	0	438
24452	448	2	1	5	0	456
24453	444	1	1	3	0	449
24454	451	2	0	2	0	455
24455	4	448	3	0	0	455
24456	443	4	1	1	0	449
24457	418	1	0	3	0	422
24458	4	422	2	1	0	429
24459	4	3	2	418	0	427
24460	0	2	0	431	0	433
24461	424	1	0	9	0	434
24462	3	0	411	3	0	417
24463	1	388	2	3	0	394
24464	3	5	1	375	0	384
24465	1	386	2	1	0	390
24466	3	396	0	1	0	400
24467	400	4	0	2	0	406
24468	400	0	0	1	0	401
24469	3	1	0	414	0	418
24470	3	1	1	392	0	397
24471	1	1	1	395	0	398
24472	2	1	1	391	0	395
24473	0	2	382	4	0	388
24474	1	1	358	1	0	361
24475	2	1	2	378	0	383
24476	1	1	410	2	0	414
24477	4	411	1	0	0	416
24478	424	2	0	3	0	429
24479	440	0	1	3	0	444
24480	4	1	0	443	0	448
24481	2	0	2	438	0	442
24482	2	0	2	458	0	462
24483	0	458	2	3	0	463
24484	457	3	1	4	0	465
24485	465	0	1	5	0	471
24486	4	1	465	0	0	470
24487	2	2	4	489	0	497
24488	3	1	485	3	0	492
24489	3	1	3	516	0	523
24490	4	1	1	516	0	522
24491	4	2	0	511	0	517
24492	1	1	1	542	0	545
24493	547	2	0	9	0	558
24494	566	0	0	11	0	577
24495	567	1	1	4	0	573
24496	14	0	1	563	0	578
24497	10	0	555	7	0	572
24498	543	0	9	7	0	559
24499	7	0	7	564	0	578
24500	561	1	2	11	0	575
24501	8	0	2	569	0	579
24502	8	540	0	11	0	559
24503	2	578	2	9	0	591
24504	6	10	0	568	0	584
24505	4	7	0	578	0	589
24506	2	2	1	587	0	592
24507	3	582	2	14	0	601
24508	582	6	1	12	0	601
24509	8	579	1	5	0	593
24510	9	9	574	3	0	595
24511	2	8	9	564	0	583
24512	3	587	6	11	0	607
24513	0	8	2	592	0	602
24514	3	10	0	591	0	604
24515	2	2	596	16	0	616
24516	568	3	8	9	0	588
24517	10	622	5	5	0	642
24518	623	7	1	5	0	636
24519	637	7	3	4	0	651
24520	644	2	2	4	0	652
24521	15	4	613	2	0	634
24522	9	0	9	603	0	621
24523	5	1	5	627	0	638
24524	2	4	614	13	0	633
24525	575	2	8	11	0	596
24526	9	2	625	7	0	643
24527	7	0	587	5	0	599
24528	5	622	14	2	0	643
24529	6	5	6	626	0	643
24530	4	8	631	6	0	649
24531	593	0	9	15	0	617
24532	615	4	7	3	0	629
24533	12	4	628	3	0	647
24534	9	1	8	635	0	653
24535	3	1	639	11	0	654
24536	3	644	10	12	0	669
24537	655	9	16	6	0	686
24538	668	6	3	4	0	681
24539	684	5	4	6	0	699
24540	27	5	2	671	0	705
24541	18	0	1	699	0	718
24542	10	2	687	18	0	717
24543	664	1	10	16	0	691
24544	14	1	12	685	0	712
24545	683	3	5	17	0	708
24546	18	0	681	14	0	713
24547	21	3	684	4	0	712
24548	7	2	18	670	0	697
24549	7	2	10	714	0	733
24550	4	4	706	18	0	732
24551	677	3	16	15	0	711
24552	11	1	11	698	0	721
24553	11	697	2	17	0	727
24554	717	13	5	11	0	746
24555	20	728	4	2	0	754
24556	720	15	4	6	0	745
24557	17	10	762	6	0	795
24558	14	4	748	5	0	771
24559	5	769	21	8	0	803
24560	764	11	11	9	0	795
24561	22	8	755	7	0	792
24562	753	1	18	6	0	778
24563	19	769	13	5	0	806
24564	17	14	6	785	0	822
24565	12	10	8	763	0	793
24566	11	751	5	22	0	789
24567	824	17	5	14	0	860
24568	832	8	9	9	0	858
24569	839	1	7	11	0	858
24570	24	6	833	10	0	873
24571	14	5	13	850	0	882
24572	13	3	12	842	0	870
24573	12	3	8	882	0	905
24574	7	4	856	24	0	891
24575	5	850	15	14	0	884
24576	811	17	8	10	0	846
24577	16	11	820	8	0	855
24578	789	3	18	9	0	819
24579	20	798	14	5	0	837
24580	809	13	5	8	0	835
24581	17	11	9	799	0	836
24582	816	3	6	19	0	844
24583	21	6	6	811	0	844
24584	20	4	831	15	0	870
24585	13	6	12	837	0	868
24586	10	4	818	17	0	849
24587	764	4	15	14	0	797
24588	14	811	14	5	0	844
24589	17	18	10	729	0	774
24590	8	784	6	13	0	811
24591	780	9	9	13	0	811
24592	765	8	8	6	0	787
24593	15	763	3	5	0	786
24594	772	9	6	7	0	794
24595	811	5	3	6	0	825
24596	16	3	3	804	0	826
24597	8	4	4	814	0	830
24598	830	2	1	14	0	847
24599	854	4	4	7	0	869
24600	17	4	0	849	0	870
24601	6	4	1	910	0	921
24602	909	2	1	21	0	933
24603	20	0	893	5	0	918
24604	834	2	20	9	0	865
24605	18	1	877	7	0	903
24606	5	865	16	8	0	894
24607	6	13	5	879	0	903
24608	6	6	913	13	0	938
24609	5	950	13	5	0	973
24610	938	18	3	9	0	968
24611	16	4	932	3	0	955
24612	903	6	15	2	0	926
24613	948	3	4	3	0	958
24614	940	3	3	6	0	952
24615	27	2	3	887	0	919
24616	14	941	1	11	0	967
24617	918	13	1	8	0	940
24618	14	2	948	7	0	971
24619	874	3	16	9	0	902
24620	20	0	930	2	0	952
24621	8	932	18	2	0	960
24622	7	14	3	948	0	972
24623	4	3	5	939	0	951
24624	4	926	4	15	0	949
24625	7	12	3	931	0	953
24626	2	7	944	15	0	968
24627	5	934	13	4	0	956
24628	7	14	4	931	0	956
24629	915	4	5	19	0	943
24630	940	3	1	15	0	959
24631	25	1	1	944	0	971
24632	9	950	3	12	0	974
24633	7	14	1	954	0	976
24634	8	3	2	943	0	956
24635	6	8	918	16	0	948
24636	3	936	13	10	0	962
24637	3	15	2	918	0	938
24638	4	4	899	8	0	915
24639	2	891	9	1	0	903
24640	2	13	2	898	0	915
24641	899	0	2	14	0	915
24642	12	923	1	1	0	937
24643	1	12	0	934	0	947
24644	957	1	1	15	0	974
24645	969	4	1	4	0	978
24646	963	0	1	8	0	972
24647	962	0	1	4	0	967
24648	15	1	0	952	0	968
24649	2	0	973	11	0	986
24650	3	1	11	950	0	965
24651	0	964	4	13	0	981
24652	962	11	2	4	0	979
24653	11	3	941	1	0	956
24654	895	3	9	2	0	909
24655	10	2	941	1	0	954
24656	2	2	10	939	0	953
24657	4	1	918	7	0	930
24658	2	1	9	891	0	903
24659	1	0	906	11	0	918
24660	5	1	9	882	0	897
24661	896	2	0	15	0	913
24662	10	943	2	1	0	956
24663	4	7	0	941	0	952
24664	6	1	0	928	0	935
24665	2	2	958	8	0	970
24666	3	0	891	3	0	897
24667	867	2	10	9	0	888
24668	10	912	2	2	0	926
24669	913	9	3	2	0	927
24670	915	0	1	4	0	920
24671	11	3	3	913	0	930
24672	5	931	2	9	0	947
24673	957	10	1	5	0	973
24674	967	0	1	7	0	975
24675	971	1	4	6	0	982
24676	983	2	1	3	0	989
24677	978	0	2	7	0	987
24678	11	2	971	1	0	985
24679	943	0	9	5	0	957
24680	14	1	978	2	0	995
24681	5	0	12	954	0	971
24682	3	0	3	983	0	989
24683	2	1	971	11	0	985
24684	939	1	12	6	0	958
24685	11	0	1	959	0	971
24686	3	1	3	986	0	993
24687	4	1	2	994	0	1001
24688	2	1	1	976	0	980
24689	3	1	0	995	0	999
24690	0	2	1013	14	0	1029
24691	3	1	14	992	0	1010
24692	4	0	1005	15	0	1024
24693	2	2	985	4	0	993
24694	971	2	16	12	0	1001
24695	989	1	7	4	0	1001
24696	1089	0	8	5	0	1102
24697	30	1	1126	1	0	1158
24698	12	1	1111	2	0	1126
24699	8	2	1146	3	0	1159
24700	3	1174	35	3	0	1215
24701	5	20	11	1158	0	1194
24702	1205	4	12	29	0	1250
24703	26	7	5	1330	0	1368
24704	8	1366	5	32	0	1411
24705	1377	24	4	12	0	1417
24706	33	6	1	1352	0	1392
24707	10	1393	4	28	0	1435
24708	11	26	5	1379	0	1421
24709	8	6	7	1377	0	1398
24710	1343	7	8	35	0	1393
24711	31	4	6	1353	0	1394
24712	8	4	1344	42	0	1398
24713	17	4	28	1323	0	1372
24714	8	1299	9	37	0	1353
24715	3	1363	12	13	0	1391
24716	10	37	6	1289	0	1342
24717	6	13	6	1288	0	1313
24718	5	1273	5	37	0	1320
24719	7	1281	2	21	0	1311
24720	1	1306	4	19	0	1330
24721	16	39	4	1200	0	1259
24722	6	1285	3	35	0	1329
24723	1270	43	4	16	0	1333
24724	32	13	1272	16	0	1333
24725	9	13	29	1241	0	1292
24726	11	1280	9	32	0	1332
24727	1251	37	7	17	0	1312
24728	33	16	1260	17	0	1326
24729	13	1281	27	10	0	1331
24730	1223	34	11	22	0	1290
24731	30	1238	13	6	0	1287
24732	15	1291	6	7	0	1319
24733	13	42	5	1234	0	1294
24734	9	1294	3	33	0	1339
24735	1262	40	3	20	0	1325
24736	39	14	6	1259	0	1318
24737	11	15	1247	33	0	1306
24738	16	14	1262	12	0	1304
24739	10	11	36	1255	0	1312
24740	3	14	1270	37	0	1324
24741	11	17	36	1257	0	1321
24742	1233	10	18	50	0	1311
24743	34	15	1240	13	0	1302
24744	15	9	29	1209	0	1262
24745	12	1208	12	39	0	1271
24746	7	39	13	1212	0	1271
24747	8	14	8	1230	0	1260
24748	5	1249	7	48	0	1309
24749	12	33	10	1232	0	1287
24750	9	13	7	1276	0	1305
24751	6	18	1245	39	0	1308
24752	2	1240	40	25	0	1307
24753	1231	39	9	26	0	1305
24754	35	14	16	1239	0	1304
24755	12	12	1254	39	0	1317
24756	15	8	34	1236	0	1293
24757	3	15	1229	46	0	1293
24758	1167	9	36	37	0	1249
24759	33	1250	15	20	0	1318
24760	15	36	14	1246	0	1311
24761	13	18	5	1296	0	1332
24762	1247	16	6	47	0	1316
24763	34	11	10	1265	0	1320
24764	13	15	1236	47	0	1311
24765	14	9	32	1187	0	1242
24766	10	1161	17	49	0	1237
24767	12	1212	16	16	0	1256
24768	4	1235	10	28	0	1277
24769	10	49	12	1219	0	1290
24770	11	21	1211	43	0	1286
24771	7	1211	32	18	0	1268
24772	1150	35	10	30	0	1225
24773	32	1156	16	20	0	1224
24774	1155	40	7	24	0	1226
24775	1175	18	8	18	0	1219
24776	36	18	1160	17	0	1231
24777	1151	13	32	19	0	1215
24778	1208	10	13	21	0	1252
24779	1156	18	15	19	0	1208
24780	1197	12	7	21	0	1237
24781	49	10	1177	16	0	1252
24782	1145	13	32	21	0	1211
24783	1200	10	14	14	0	1238
24784	40	1236	14	8	0	1298
24785	22	40	7	1244	0	1313
24786	24	30	5	1219	0	1278
24787	12	1260	6	41	0	1319
24788	1216	34	11	24	0	1285
24789	38	1257	8	18	0	1321
24790	1197	32	9	5	0	1243
24791	1213	19	1	11	0	1244
24792	39	1225	3	8	0	1275
24793	21	32	6	1213	0	1272
24794	17	11	1217	35	0	1280
24795	13	1195	29	14	0	1251
24796	11	32	10	1042	0	1095
24797	9	1074	13	15	0	1111
24798	6	1183	4	6	0	1199
24799	16	36	5	1096	0	1153
24800	5	12	1137	25	0	1179
24801	6	1089	26	8	0	1129
24802	3	1093	7	14	0	1117
24803	907	24	4	6	0	941
24804	19	9	2	915	0	945
24805	9	7	2	928	0	946
24806	6	5	2	950	0	963
24807	3	5	926	25	0	959
24808	10	2	19	901	0	932
24809	2	929	5	29	0	965
24810	950	20	5	14	0	989
24811	21	6	2	960	0	989
24812	3	5	948	21	0	977
24813	950	3	18	7	0	978
24814	25	5	4	975	0	1009
24815	9	1	1025	21	0	1056
24816	5	2	1046	8	0	1061
24817	1026	1	28	11	0	1066
24818	1071	1	11	7	0	1090
24819	1055	1	8	8	0	1072
24820	1075	1	5	5	0	1086
24821	34	4	1038	3	0	1079
24822	18	1058	17	2	0	1095
24823	1058	20	5	10	0	1093
24824	24	1061	8	1	0	1094
24825	1057	27	4	2	0	1090
24826	26	1084	3	1	0	1114
24827	11	26	1	1076	0	1114
24828	8	10	3	1098	0	1119
24829	7	9	1	1091	0	1108
24830	5	1065	3	32	0	1105
24831	3	1100	2	15	0	1120
24832	10	23	0	1031	0	1064
24833	3	1059	1	25	0	1088
24834	4	29	1041	10	0	1084
24835	8	14	20	1039	0	1081
24836	3	13	1049	24	0	1089
24837	1017	5	26	14	0	1062
24838	1030	8	9	11	0	1058
24839	26	3	1038	7	0	1074
24840	12	2	1025	8	0	1047
24841	14	2	28	1013	0	1057
24842	10	3	1028	24	0	1065
24843	8	4	29	959	0	1000
24844	7	936	14	24	0	981
24845	5	25	11	1008	0	1049
24846	6	7	5	1027	0	1045
24847	6	9	4	1033	0	1052
24848	3	9	964	34	0	1010
24849	6	4	21	964	0	995
24850	4	7	11	967	0	989
24851	6	3	6	942	0	957
24852	2	970	6	30	0	1008
24853	976	22	5	16	0	1019
24854	986	8	2	22	0	1018
24855	976	12	5	13	0	1006
24856	35	6	3	967	0	1011
24857	15	5	954	25	0	999
24858	16	7	946	10	0	979
24859	11	939	25	11	0	986
24860	907	23	16	7	0	953
24861	28	929	8	9	0	974
24862	908	26	10	7	0	951
24863	28	913	8	6	0	955
24864	906	30	8	7	0	951
24865	25	952	6	8	0	991
24866	16	30	9	947	0	1002
24867	15	19	934	22	0	990
24868	10	14	937	12	0	973
24869	11	7	25	922	0	965
24870	6	5	15	934	0	960
24871	3	6	12	954	0	975
24872	6	5	925	33	0	969
24873	10	4	27	925	0	966
24874	909	8	9	42	0	968
24875	913	5	9	25	0	952
24876	32	921	10	10	0	973
24877	918	17	7	11	0	953
24878	26	904	7	15	0	952
24879	907	21	8	10	0	946
24880	915	12	7	11	0	945
24881	896	13	12	5	0	926
24882	36	9	892	6	0	943
24883	19	12	874	5	0	910
24884	837	2	28	9	0	876
24885	865	3	18	8	0	894
24886	33	2	12	852	0	899
24887	19	6	9	877	0	911
24888	19	4	6	883	0	912
24889	12	3	5	913	0	933
24890	8	5	6	939	0	958
24891	892	9	6	42	0	949
24892	28	1	4	899	0	932
24893	10	5	897	34	0	946
24894	884	4	23	19	0	930
24895	922	4	8	19	0	953
24896	30	882	9	15	0	936
24897	13	886	4	12	0	915
24898	786	21	2	5	0	814
24899	16	823	2	4	0	845
24900	782	18	0	4	0	804
24901	804	8	9	6	0	827
24902	811	5	1	5	0	822
24903	30	2	2	767	0	801
24904	9	795	3	20	0	827
24905	822	17	3	6	0	848
24906	22	3	4	808	0	837
24907	11	2	2	806	0	821
24908	768	3	1	25	0	797
24909	14	783	2	6	0	805
24910	14	15	1	750	0	780
24911	744	4	2	19	0	769
24912	16	774	0	8	0	798
24913	795	15	1	3	0	814
24914	18	4	758	5	0	785
24915	741	2	9	8	0	760
24916	16	732	6	4	0	758
24917	760	16	0	8	0	784
24918	767	4	0	3	0	774
24919	16	791	2	3	0	812
24920	802	16	1	2	0	821
24921	15	796	0	1	0	812
24922	827	13	1	1	0	842
24923	18	5	1	832	0	856
24924	10	4	2	831	0	847
24925	7	2	1	847	0	857
24926	7	5	806	16	0	834
24927	6	2	15	808	0	831
24928	5	1	820	15	0	841
24929	8	3	12	808	0	831
24930	4	826	4	16	0	850
24931	8	15	2	837	0	862
24932	5	5	841	18	0	869
24933	3	2	875	8	0	888
24934	8	2	17	872	0	899
24935	861	4	5	20	0	890
24936	861	2	2	12	0	877
24937	20	881	4	5	0	910
24938	7	15	3	883	0	908
24939	3	7	914	19	0	943
24940	5	2	15	919	0	941
24941	6	3	922	16	0	947
24942	885	2	15	8	0	910
24943	17	4	5	921	0	947
24944	8	3	909	17	0	937
24945	8	3	14	909	0	934
24946	5	4	8	925	0	942
24947	9	2	922	20	0	953
24948	5	5	16	911	0	937
24949	927	1	6	18	0	952
24950	924	3	1	11	0	939
24951	22	1	3	942	0	968
24952	938	2	6	17	0	963
24953	17	4	958	10	0	989
24954	10	3	942	8	0	963
24955	961	3	16	12	0	992
24956	996	3	6	11	0	1016
24957	25	2	3	975	0	1005
24958	8	2	5	993	0	1008
24959	6	1	984	24	0	1015
24960	7	1	21	938	0	967
24961	9	983	6	21	0	1019
24962	1007	14	8	11	0	1040
24963	1090	6	3	10	0	1109
24964	18	1082	5	5	0	1110
24965	1044	15	5	12	0	1076
24966	1053	7	6	8	0	1074
24967	23	1066	8	5	0	1102
24968	1083	15	2	12	0	1112
24969	21	1083	4	5	0	1113
24970	1084	18	3	8	0	1113
24971	22	9	1074	6	0	1111
24972	10	5	18	1070	0	1103
24973	10	3	8	1082	0	1103
24974	11	7	2	1125	0	1145
24975	1120	3	3	23	0	1149
24976	27	5	3	1149	0	1184
24977	9	5	1133	27	0	1174
24978	1148	3	18	17	0	1186
24979	23	2	12	1159	0	1196
24980	11	1127	9	23	0	1170
24981	8	1160	10	10	0	1188
24982	9	25	3	1156	0	1193
24983	12	13	3	1153	0	1181
24984	11	3	4	1175	0	1193
24985	6	5	1139	34	0	1184
24986	6	1121	21	13	0	1161
24987	1082	14	10	13	0	1119
24988	1077	9	9	7	0	1102
24989	26	1040	2	7	0	1075
24990	11	1075	4	6	0	1096
24991	10	33	5	1046	0	1094
24992	5	13	1048	18	0	1084
24993	985	13	15	13	0	1026
24994	1029	1	8	6	0	1044
24995	22	3	5	1013	0	1043
24996	12	4	1	1027	0	1044
24997	986	2	4	22	0	1014
24998	15	2	973	13	0	1003
24999	926	2	9	6	0	943
25000	14	963	8	3	0	988
25001	10	7	2	894	0	913
25002	7	917	2	7	0	933
25003	917	10	2	7	0	936
25004	13	3	1	880	0	897
25005	8	7	2	863	0	880
25006	4	865	3	9	0	881
25007	880	8	2	7	0	897
25008	878	5	1	8	0	892
25009	14	5	877	1	0	897
25010	9	0	832	5	0	846
25011	857	1	12	4	0	874
25012	7	2	856	1	0	866
25013	8	1	789	0	0	798
25014	803	1	13	3	0	820
25015	8	0	905	2	0	915
25016	8	1	14	905	0	928
25017	4	1	8	884	0	897
25018	938	0	6	28	0	972
25019	19	1	965	15	0	1000
25020	1003	0	24	10	0	1037
25021	33	1	18	1008	0	1060
25022	1005	0	11	30	0	1046
25023	1019	0	2	22	0	1043
25024	1026	0	6	13	0	1045
25025	59	2	4	991	0	1056
25026	1031	1	2	33	0	1067
25027	48	0	0	1009	0	1057
25028	33	0	1	1016	0	1050
25029	25	0	3	1018	0	1046
25030	12	0	2	1030	0	1044
25031	977	0	1	65	0	1043
25032	982	0	2	38	0	1022
25033	53	1	953	23	0	1030
25034	997	1	26	16	0	1040
25035	1019	1	19	14	0	1053
25036	58	0	11	980	0	1049
25037	40	975	2	31	0	1048
25038	1005	27	7	26	0	1065
25039	43	17	3	965	0	1028
25040	974	11	4	37	0	1026
25041	46	950	2	29	0	1027
25042	977	31	0	20	0	1028
25043	48	22	4	939	0	1013
25044	31	945	3	32	0	1011
25045	976	30	0	23	0	1029
25046	34	941	1	22	0	998
25047	29	1009	2	6	0	1046
25048	1000	44	3	12	0	1059
25049	33	31	975	14	0	1053
25050	1003	16	25	9	0	1053
25051	49	7	21	971	0	1048
25052	31	10	971	32	0	1044
25053	28	6	29	945	0	1008
25054	14	4	26	972	0	1016
25055	20	4	945	52	0	1021
25056	937	3	31	40	0	1011
25057	44	4	25	954	0	1027
25058	35	3	15	989	0	1042
25059	30	2	7	996	0	1035
25060	967	4	8	70	0	1049
25061	42	3	928	44	0	1017
25062	30	4	937	27	0	998
25063	21	5	47	866	0	939
25064	18	0	868	45	0	931
25065	835	4	40	36	0	915
25066	43	850	27	17	0	937
25067	861	30	19	16	0	926
25068	47	22	12	809	0	890
25069	34	807	11	39	0	891
25070	26	34	6	810	0	876
25071	21	833	8	37	0	899
25072	22	39	5	850	0	916
25073	17	26	811	47	0	901
25074	12	18	793	34	0	857
25075	17	776	47	25	0	865
25076	719	31	30	21	0	801
25077	36	23	15	714	0	788
25078	24	15	8	739	0	786
25079	721	11	8	49	0	789
25080	732	8	10	29	0	779
25081	56	9	8	711	0	784
25082	38	6	693	34	0	771
25083	21	692	29	34	0	776
25084	19	29	20	696	0	764
25085	19	16	14	690	0	739
25086	12	708	10	46	0	776
25087	705	28	9	33	0	775
25088	33	23	705	22	0	783
25089	29	15	30	695	0	769
25090	20	11	18	707	0	756
25091	10	12	685	57	0	764
25092	17	6	30	696	0	749
25093	688	7	23	41	0	759
25094	683	5	22	31	0	741
25095	710	4	12	27	0	753
25096	49	688	8	23	0	768
25097	732	26	11	16	0	785
25098	45	16	12	704	0	777
25099	34	16	8	716	0	774
25100	31	795	2	52	0	880
25101	906	37	10	39	0	992
25102	956	26	5	25	0	1012
25103	980	19	3	21	0	1023
25104	1003	8	9	16	0	1036
25105	995	6	3	22	0	1026
25106	77	8	932	12	0	1029
25107	980	10	36	11	0	1037
25108	1007	9	23	9	0	1048
25109	992	5	16	15	0	1028
25110	85	4	11	939	0	1039
25111	54	3	16	952	0	1025
25112	31	7	913	60	0	1011
25113	822	6	34	51	0	913
25114	47	877	25	26	0	975
25115	31	800	11	13	0	855
25116	22	34	786	16	0	858
25117	12	779	27	16	0	834
25118	12	752	20	8	0	792
25119	11	38	9	627	0	685
25120	2	668	4	14	0	688
25121	654	22	3	9	0	688
25122	639	10	5	8	0	662
25123	24	8	0	627	0	659
25124	16	9	615	13	0	653
25125	613	1	14	14	0	642
25126	22	5	613	6	0	646
25127	18	3	622	3	0	646
25128	12	1	23	584	0	620
25129	11	0	11	615	0	637
25130	4	1	630	22	0	657
25131	9	601	15	13	0	638
25132	4	666	11	9	0	690
25133	640	25	13	6	0	684
25134	652	15	2	8	0	677
25135	20	7	634	6	0	667
25136	637	5	15	2	0	659
25137	694	6	5	2	0	707
25138	22	4	7	688	0	721
25139	21	2	2	698	0	723
25140	20	0	3	703	0	726
25141	694	2	4	20	0	720
25142	701	1	1	16	0	719
25143	706	0	1	11	0	718
25144	26	1	3	692	0	722
25145	20	1	677	16	0	714
25146	684	3	14	12	0	713
25147	682	3	5	7	0	697
25148	23	1	10	655	0	689
25149	19	655	3	12	0	689
25150	11	15	3	645	0	674
25151	8	652	6	18	0	684
25152	12	18	1	640	0	671
25153	11	661	2	16	0	690
25154	654	18	2	12	0	686
25155	20	11	0	664	0	695
25156	9	670	4	16	0	699
25157	8	17	668	8	0	701
25158	652	7	17	10	0	686
25159	17	12	9	657	0	695
25160	15	650	8	13	0	686
25161	8	15	4	643	0	670
25162	6	635	6	15	0	662
25163	6	690	10	10	0	716
25164	691	21	2	7	0	721
25165	704	11	2	12	0	729
25166	23	11	702	3	0	739
25167	710	5	15	8	0	738
25168	714	8	11	4	0	737
25169	24	726	9	2	0	761
25170	17	15	3	732	0	767
25171	14	7	6	744	0	771
25172	8	10	738	20	0	776
25173	13	4	725	10	0	752
25174	729	5	19	10	0	763
25175	760	8	10	7	0	785
25176	759	1	8	14	0	782
25177	27	1	740	4	0	772
25178	26	1	17	715	0	759
25179	744	2	13	17	0	776
25180	23	0	5	744	0	772
25181	14	4	729	19	0	766
25182	703	1	14	15	0	733
25183	20	6	777	9	0	812
25184	12	768	19	12	0	811
25185	774	14	13	6	0	807
25186	22	7	770	10	0	809
25187	12	7	23	755	0	797
25188	775	9	6	12	0	802
25189	20	2	11	762	0	795
25190	765	7	4	20	0	796
25191	21	4	2	772	0	799
25192	788	5	7	23	0	823
25193	798	3	0	18	0	819
25194	796	5	0	13	0	814
25195	801	8	1	11	0	821
25196	30	1	2	782	0	815
25197	16	3	765	20	0	804
25198	13	6	774	6	0	799
25199	11	762	16	9	0	798
25200	9	658	11	2	0	680
25201	537	11	18	3	0	569
25202	7	1	1	530	0	539
25203	3	1	532	6	0	542
25204	1	1	565	1	0	568
25205	1	0	3	582	0	586
25206	591	0	1	5	0	597
25207	4	609	1	2	0	616
25208	606	3	1	3	0	613
25209	5	1	1	628	0	635
25210	5	0	1	617	0	623
25211	2	0	1	625	0	628
25212	0	1	622	5	0	628
25213	0	2	611	3	0	616
25214	1	633	4	0	0	638
25215	1	4	1	653	0	659
25216	645	1	1	8	0	655
25217	6	1	628	1	0	636
25218	1	0	615	1	0	617
25219	1	2	5	607	0	615
25220	2	1	1	641	0	645
25221	1	2	1	641	0	645
25222	4	0	0	646	0	650
25223	686	0	1	11	0	698
25224	6	0	1	698	0	705
25225	693	0	1	13	0	707
25226	8	1	712	3	0	724
25227	4	732	7	2	0	745
25228	5	6	2	736	0	749
25229	1	3	757	7	0	768
25230	3	2	746	5	0	756
25231	2	748	8	1	0	759
25232	2	4	3	738	0	747
25233	1	2	2	744	0	749
25234	1	3	747	8	0	759
25235	726	0	7	6	0	739
25236	7	1	2	761	0	771
25237	4	0	2	721	0	727
25238	3	0	727	9	0	739
25239	1	711	8	6	0	726
25240	2	760	5	1	0	768
25241	779	14	6	2	0	801
25242	20	6	0	780	0	806
25243	825	5	2	22	0	854
25244	21	0	823	11	0	855
25245	8	2	19	818	0	847
25246	815	8	7	18	0	848
25247	832	5	5	9	0	851
25248	27	0	2	840	0	869
25249	14	1	837	24	0	876
25250	15	1	848	6	0	870
25251	2	6	27	832	0	867
25252	3	4	851	23	0	881
25253	804	8	24	8	0	844
25254	23	832	7	9	0	871
25255	826	18	6	9	0	859
25256	846	5	10	11	0	872
25257	31	5	7	843	0	886
25258	17	1	10	850	0	878
25259	846	2	7	30	0	885
25260	32	2	1	853	0	888
25261	17	6	843	24	0	890
25262	14	853	18	15	0	900
25263	7	17	13	839	0	876
25264	5	5	16	847	0	873
25265	6	6	4	863	0	879
25266	7	3	818	31	0	859
25267	12	822	23	18	0	875
25268	7	25	12	829	0	873
25269	10	14	828	25	0	877
25270	11	6	21	838	0	876
25271	832	2	9	40	0	883
25272	20	4	9	839	0	872
25273	15	8	818	28	0	869
25274	807	8	20	21	0	856
25275	19	840	14	19	0	892
25276	8	865	16	8	0	897
25277	871	24	4	20	0	919
25278	24	10	895	19	0	948
25279	12	8	22	886	0	928
25280	14	6	17	911	0	948
25281	7	12	910	28	0	957
25282	5	912	25	20	0	962
25283	13	18	17	799	0	847
25284	7	7	883	28	0	925
25285	15	5	28	872	0	920
25286	878	2	12	40	0	932
25287	23	6	918	17	0	964
25288	23	9	25	901	0	958
25289	14	12	8	929	0	963
25290	5	8	921	39	0	973
25291	13	2	30	864	0	909
25292	9	816	15	37	0	877
25293	6	17	17	854	0	894
25294	4	900	14	31	0	949
25295	879	26	12	21	0	938
25296	866	15	10	19	0	910
25297	30	12	873	16	0	931
25298	21	7	842	16	0	886
25299	10	7	882	20	0	919
25300	16	874	28	17	0	935
25301	12	25	20	897	0	954
25302	10	6	918	35	0	969
25303	11	6	26	894	0	937
25304	7	6	21	861	0	895
25305	2	5	884	39	0	930
25306	5	13	26	869	0	913
25307	11	10	12	835	0	868
25308	7	824	11	47	0	889
25309	10	22	12	841	0	885
25310	16	6	10	881	0	913
25311	6	8	869	35	0	918
25312	8	5	32	859	0	904
25313	6	3	863	36	0	908
25314	3	10	844	21	0	878
25315	802	11	24	25	0	862
25316	21	4	20	833	0	878
25317	5	837	19	32	0	893
25318	11	873	15	24	0	923
25319	9	19	15	894	0	937
25320	6	14	893	28	0	941
25321	5	880	22	33	0	940
25322	21	27	7	853	0	908
25323	3	9	869	33	0	914
25324	2	870	18	21	0	911
25325	880	18	16	20	0	934
25326	898	7	15	19	0	939
25327	921	10	14	9	0	954
25328	29	7	14	1025	0	1075
25329	20	3	7	1029	0	1059
25330	9	9	8	1020	0	1046
25331	6	14	1017	36	0	1073
25332	1018	11	30	20	0	1079
25333	34	8	6	1027	0	1075
25334	6	3	1016	31	0	1056
25335	1009	8	28	11	0	1056
25336	1049	6	7	18	0	1080
25337	36	5	817	18	0	876
25338	1000	2	22	6	0	1030
25339	28	1031	9	9	0	1077
25340	6	19	1018	4	0	1047
25341	956	3	30	8	0	997
25342	17	979	5	6	0	1007
25343	6	14	3	935	0	958
25344	1	963	1	15	0	980
25345	3	13	2	977	0	995
25346	0	1	978	16	0	995
25347	881	4	14	8	0	907
25348	14	2	951	2	0	969
25349	2	939	17	1	0	959
25350	2	980	2	5	0	989
25351	979	15	2	5	0	1001
25352	13	1	980	3	0	997
25353	4	2	15	960	0	981
25354	3	2	973	14	0	992
25355	2	985	14	3	0	1004
25356	6	13	2	887	0	908
25357	0	962	4	7	0	973
25358	957	15	3	5	0	980
25359	972	2	1	5	0	980
25360	966	1	3	1	0	971
25361	14	1	953	2	0	970
25362	2	3	921	1	0	927
25363	912	1	16	4	0	933
25364	15	2	949	0	0	966
25365	3	2	16	870	0	891
25366	3	925	2	14	0	944
25367	950	16	3	5	0	974
25368	939	3	1	9	0	952
25369	950	2	0	2	0	954
25370	20	2	1	938	0	961
25371	5	0	1	941	0	947
25372	932	0	1	18	0	951
25373	14	922	4	6	0	946
25374	916	15	2	7	0	940
25375	18	1	2	913	0	934
25376	4	2	3	926	0	935
25377	893	0	1	20	0	914
25378	16	873	1	3	0	893
25379	875	16	2	5	0	898
25380	20	880	2	1	0	903
25381	866	15	3	4	0	888
25382	19	2	3	898	0	922
25383	909	2	2	21	0	934
25384	936	1	2	5	0	944
25385	1068	3	1	7	0	1079
25386	26	1111	3	2	0	1142
25387	10	25	1077	2	0	1114
25388	1075	6	25	4	0	1110
25389	1108	2	2	10	0	1122
25390	28	1083	4	0	0	1115
25391	6	28	1	1091	0	1126
25392	4	7	2	1108	0	1121
25393	1088	6	2	29	0	1125
25394	33	1	6	1098	0	1138
25395	9	4	1108	29	0	1150
25396	11	3	1099	7	0	1120
25397	1109	5	30	7	0	1151
25398	28	2	6	1132	0	1168
25399	14	2	4	1142	0	1162
25400	11	0	3	1149	0	1163
25401	6	4	1127	36	0	1173
25402	6	2	31	1122	0	1161
25403	7	3	9	1167	0	1186
25404	7	0	3	1185	0	1195
25405	1139	0	1	43	0	1183
25406	35	2	3	1151	0	1191
25407	5	1	1190	41	0	1237
25408	1226	5	36	9	0	1276
25409	36	3	1276	9	0	1324
25410	1265	2	35	7	0	1309
25411	1233	3	5	12	0	1253
25412	43	9	7	1257	0	1316
25413	13	1271	3	37	0	1324
25414	17	30	6	1284	0	1337
25415	10	9	5	1303	0	1327
25416	9	1308	4	41	0	1362
25417	1302	31	4	16	0	1353
25418	39	1289	6	6	0	1340
25419	1287	36	15	8	0	1346
25420	1307	8	6	11	0	1332
25421	47	4	1	1289	0	1341
25422	12	3	2	1315	0	1332
25423	9	4	1246	40	0	1299
25424	7	9	1205	15	0	1236
25425	1190	10	35	15	0	1250
25426	1248	4	7	10	0	1269
25427	42	1125	4	12	0	1183
25428	20	21	5	1060	0	1106
25429	8	6	1120	28	0	1162
25430	11	28	26	1089	0	1154
25431	1064	8	23	29	0	1124
25432	1063	1	9	12	0	1085
25433	31	1028	2	20	0	1081
25434	14	20	5	1057	0	1096
25435	12	7	5	1080	0	1104
25436	10	6	6	1084	0	1106
25437	9	3	1046	31	0	1089
25438	948	7	20	15	0	990
25439	1047	5	4	14	0	1070
25440	28	6	1052	9	0	1095
25441	16	1060	19	10	0	1105
25442	1073	22	7	11	0	1113
25443	1082	7	4	12	0	1105
25444	29	6	1041	12	0	1088
25445	16	2	1060	6	0	1084
25446	14	2	28	1054	0	1098
25447	5	5	1080	23	0	1113
25448	1052	5	26	14	0	1097
25449	1091	4	13	4	0	1112
25450	1108	3	6	8	0	1125
25451	33	3	6	1048	0	1090
25452	7	1139	9	32	0	1187
25453	1157	21	6	19	0	1203
25454	1171	8	8	14	0	1201
25455	37	3	1139	8	0	1187
25456	19	10	1095	10	0	1134
25457	1087	2	22	17	0	1128
25458	30	8	9	1161	0	1208
25459	15	6	1152	32	0	1205
25460	14	1146	24	18	0	1202
25461	16	20	10	1157	0	1203
25462	1137	8	12	30	0	1187
25463	27	1170	13	11	0	1221
25464	19	22	6	1167	0	1214
25465	16	1162	9	24	0	1211
25466	8	1195	11	11	0	1225
25467	12	27	8	1223	0	1270
25468	13	8	5	1242	0	1268
25469	8	1231	14	32	0	1285
25470	1248	26	7	17	0	1298
25471	34	10	1247	7	0	1298
25472	1208	9	21	13	0	1251
25473	35	10	9	1277	0	1331
25474	16	5	5	1293	0	1319
25475	15	6	4	1290	0	1315
25476	13	5	7	1279	0	1304
25477	14	6	1298	27	0	1345
25478	18	6	27	1271	0	1322
25479	28	2	9	1297	0	1336
25480	11	1338	11	28	0	1388
25481	6	27	1361	21	0	1415
25482	10	1396	28	20	0	1454
25483	13	26	1421	15	0	1475
25484	8	1432	33	15	0	1488
25485	28	28	19	1259	0	1334
25486	1234	9	7	21	0	1271
25487	21	1274	4	13	0	1312
25488	15	16	5	1283	0	1319
25489	5	12	1297	21	0	1335
25490	8	1314	20	14	0	1356
25491	1288	22	9	10	0	1329
25492	1302	14	7	11	0	1334
25493	27	1308	6	6	0	1347
25494	17	22	1276	7	0	1322
25495	1214	13	22	1	0	1250
25496	25	5	14	1293	0	1337
25497	1303	5	6	27	0	1341
25498	25	1314	6	10	0	1355
25499	12	1342	4	11	0	1369
25500	4	32	1305	6	0	1347
25501	1274	11	24	7	0	1316
25502	28	7	7	1297	0	1339
25503	1297	3	8	25	0	1333
25504	21	1293	8	10	0	1332
25505	1303	20	2	8	0	1333
25506	1282	9	5	7	0	1303
25507	30	3	1304	4	0	1341
25508	12	1250	15	4	0	1281
25509	6	1277	10	8	0	1301
25510	11	25	3	1216	0	1255
25511	2	1222	6	13	0	1243
25512	1241	18	3	7	0	1269
25513	18	1228	3	5	0	1254
25514	12	17	4	1196	0	1229
25515	7	1199	3	14	0	1223
25516	10	1175	1	7	0	1193
25517	7	1222	0	8	0	1237
25518	15	22	5	1196	0	1238
25519	9	15	1	1213	0	1238
25520	3	8	3	1209	0	1223
25521	6	1190	1	26	0	1223
25522	1	19	1184	11	0	1215
25523	6	11	1142	6	0	1165
25524	1139	11	17	3	0	1170
25525	18	2	9	1199	0	1228
25526	9	10	1191	15	0	1225
25527	3	6	1176	10	0	1195
25528	3	1274	18	7	0	1302
25529	5	19	9	1190	0	1223
25530	3	9	6	1219	0	1237
25531	1206	8	3	27	0	1244
25532	16	6	1	1226	0	1249
25533	10	5	6	1241	0	1262
25534	4	4	1258	24	0	1290
25535	8	6	18	1231	0	1263
25536	5	2	7	1295	0	1309
25537	4	4	1292	23	0	1323
25538	3	0	1275	14	0	1292
25539	3	1294	19	8	0	1324
25540	1	14	1286	7	0	1308
25541	2	9	23	1251	0	1285
25542	13	4	16	1003	0	1036
25543	1	5	1288	26	0	1320
25544	3	1279	17	13	0	1312
25545	1234	14	11	14	0	1273
25546	15	1285	8	6	0	1314
25547	6	17	7	1280	0	1310
25548	4	12	3	1313	0	1332
25549	4	1298	6	21	0	1329
25550	2	19	5	1300	0	1326
25551	6	8	6	1304	0	1324
25552	1	8	1219	25	0	1253
25553	1	1197	18	18	0	1234
25554	5	19	9	1212	0	1245
25555	1	11	1235	24	0	1271
25556	6	6	18	1214	0	1244
25557	5	10	6	1224	0	1245
25558	2	5	8	1266	0	1281
25559	3	7	8	1250	0	1268
25560	6	9	2	1227	0	1244
25561	4	1237	3	29	0	1273
25562	1213	17	5	15	0	1250
25563	16	8	1178	12	0	1214
25564	1031	10	17	15	0	1073
25565	22	3	1249	7	0	1281
25566	7	1272	17	10	0	1306
25567	6	15	1235	6	0	1262
25568	5	1266	19	7	0	1297
25569	13	20	14	1160	0	1207
25570	2	11	10	1216	0	1239
25571	7	1235	3	28	0	1273
25572	1	1294	5	12	0	1312
25573	1281	28	2	7	0	1318
25574	1297	13	4	12	0	1326
25575	1299	4	5	8	0	1316
25576	1310	7	6	8	0	1331
25577	26	7	4	1274	0	1311
25578	9	1270	6	24	0	1309
25579	1248	25	0	13	0	1286
25580	17	7	4	1212	0	1240
25581	1182	10	1	19	0	1212
25582	1144	3	1	9	0	1157
25583	16	1104	4	5	0	1129
25584	5	1064	0	5	0	1074
25585	3	1127	3	0	0	1133
25586	15	10	0	1069	0	1094
25587	3	1083	2	6	0	1094
25588	1083	7	0	4	0	1094
25589	1118	1	0	4	0	1123
25590	1100	1	0	12	0	1113
25591	1119	3	0	12	0	1134
25592	1149	2	0	2	0	1153
25593	13	1	1181	2	0	1197
25594	1189	2	14	1	0	1206
25595	18	1	1205	2	0	1226
25596	1195	2	15	2	0	1214
25597	19	0	3	1210	0	1232
25598	3	1	1142	16	0	1162
25599	2	1	1195	2	0	1200
25600	3	1302	15	1	0	1321
25601	1319	15	3	3	0	1340
25602	1343	2	1	9	0	1355
25603	22	1480	2	1	0	1505
25604	11	25	2	1767	0	1805
25605	1922	8	0	41	0	1971
25606	40	8	1928	15	0	1991
25607	15	1889	41	6	0	1951
25608	1853	42	17	12	0	1924
25609	53	1888	5	3	0	1949
25610	28	44	6	1805	0	1883
25611	9	1917	3	36	0	1965
25612	11	48	2	1838	0	1899
25613	3	1887	1	39	0	1930
25614	4	1965	3	17	0	1989
25615	1868	63	3	7	0	1941
25616	1949	22	1	12	0	1984
25617	64	15	1902	6	0	1987
25618	24	10	1875	9	0	1918
25619	17	5	1932	6	0	1960
25620	21	6	66	1909	0	2002
25621	8	14	1961	42	0	2025
25622	17	11	55	1893	0	1976
25623	16	11	25	1899	0	1951
25624	6	1915	9	70	0	2000
25625	1899	50	11	36	0	1996
25626	41	1954	8	19	0	2022
25627	25	60	6	1988	0	2079
25628	19	34	3	2002	0	2058
25629	22	15	4	2032	0	2073
25630	23	12	1988	66	0	2089
25631	15	8	57	1975	0	2055
25632	11	17	30	2016	0	2074
25633	23	12	21	2034	0	2090
25634	12	14	1953	74	0	2053
25635	9	1941	50	46	0	2046
25636	1894	57	27	33	0	2011
25637	1868	30	10	36	0	1944
25638	67	1921	11	20	0	2019
25639	42	70	10	1905	0	2027
25640	41	34	6	1996	0	2077
25641	23	24	1942	82	0	2071
25642	14	1935	61	41	0	2051
25643	20	55	33	1960	0	2068
25644	17	31	1960	69	0	2077
25645	14	17	65	1938	0	2034
25646	13	24	30	1942	0	2009
25647	10	24	1908	96	0	2038
25648	16	18	60	1916	0	2010
25649	20	22	32	1885	0	1959
25650	20	23	1920	83	0	2046
25651	38	16	52	1923	0	2029
25652	20	17	29	1893	0	1959
25653	11	18	20	2006	0	2055
25654	10	13	1934	96	0	2053
25655	13	9	69	1940	0	2031
25656	1868	16	36	94	0	2014
25657	1921	13	21	65	0	2020
25658	64	1878	29	40	0	2011
25659	1909	54	24	47	0	2034
25660	68	33	1941	36	0	2078
25661	49	13	58	1950	0	2070
25662	22	23	43	1972	0	2060
25663	22	20	20	2036	0	2098
25664	1896	12	20	108	0	2036
25665	58	1873	21	68	0	2020
25666	28	55	20	1803	0	1906
25667	10	1857	14	89	0	1970
25668	1818	52	17	65	0	1952
25669	57	1858	23	36	0	1974
25670	1837	63	11	44	0	1955
25671	65	1816	14	30	0	1925
25672	42	1804	20	27	0	1893
25673	21	80	16	1790	0	1907
25674	24	35	21	1828	0	1908
25675	13	18	22	1842	0	1895
25676	12	13	13	1864	0	1902
25677	11	17	1773	108	0	1909
25678	17	1769	53	62	0	1901
25679	16	63	32	1687	0	1798
25680	11	1764	15	73	0	1863
25681	18	65	1763	46	0	1892
25682	22	37	59	1755	0	1873
25683	18	26	32	1827	0	1903
25684	18	25	1770	92	0	1905
25685	20	1733	62	51	0	1866
25686	13	67	30	1767	0	1877
25687	9	26	1739	94	0	1868
25688	11	1728	63	68	0	1870
25689	13	53	31	1709	0	1806
25690	7	34	1674	82	0	1797
25691	13	21	1624	48	0	1706
25692	17	1577	66	26	0	1686
25693	13	1722	29	26	0	1790
25694	9	69	16	1695	0	1789
25695	19	37	21	1797	0	1874
25696	13	29	1765	70	0	1877
25697	1668	26	46	57	0	1797
25698	1722	15	26	53	0	1816
25699	61	19	1686	34	0	1800
25700	27	1602	54	28	0	1711
25701	14	1581	30	37	0	1662
25702	7	1557	21	27	0	1612
25703	10	1288	37	30	0	1365
25704	43	55	26	1124	0	1248
25705	5	8	2	1320	0	1335
25706	3	3	1	1311	0	1318
25707	2	2	0	1321	0	1325
25708	2	1351	3	36	0	1392
25709	5	26	1	1339	0	1371
25710	0	1357	1	41	0	1399
25711	1	33	3	1379	0	1416
25712	1354	17	3	36	0	1410
25713	33	8	0	1350	0	1391
25714	11	1342	3	39	0	1395
25715	10	30	3	1375	0	1418
25716	11	17	0	1395	0	1423
25717	2	21	3	1407	0	1433
25718	1336	18	0	65	0	1419
25719	32	9	0	1389	0	1430
25720	12	8	1315	74	0	1409
25721	8	1361	25	35	0	1429
25722	10	37	7	1409	0	1463
25723	6	23	6	1450	0	1485
25724	9	19	5	1483	0	1516
25725	1413	12	2	66	0	1493
25726	35	12	1366	42	0	1455
25727	20	5	29	1310	0	1364
25728	12	1338	10	49	0	1409
25729	10	36	7	1362	0	1415
25730	1271	14	7	61	0	1353
25731	30	1325	7	39	0	1401
25732	17	40	3	1332	0	1392
25733	18	15	10	1332	0	1375
25734	11	1297	6	67	0	1381
25735	9	38	7	1334	0	1388
25736	9	22	8	1365	0	1404
25737	6	14	1307	73	0	1400
25738	7	1317	33	43	0	1400
25739	1306	40	19	38	0	1403
25740	44	13	1288	32	0	1377
25741	1265	21	40	29	0	1355
25742	40	18	1286	33	0	1377
25743	27	16	33	1313	0	1389
25744	1290	16	18	71	0	1395
25745	49	15	10	1319	0	1393
25746	1309	17	6	64	0	1396
25747	1354	17	13	46	0	1430
25748	1340	14	9	43	0	1406
25749	52	1334	6	30	0	1422
25750	24	36	10	1320	0	1390
25751	31	21	9	1354	0	1415
25752	23	18	16	1357	0	1414
25753	17	17	1303	66	0	1403
25754	26	11	39	1338	0	1414
25755	1309	6	28	63	0	1406
25756	1340	11	16	44	0	1411
25757	64	9	1293	31	0	1397
25758	1304	7	42	36	0	1389
25759	1340	14	15	28	0	1397
25760	66	14	14	1257	0	1351
25761	1270	6	8	64	0	1348
25762	1290	10	8	43	0	1351
25763	63	14	11	1265	0	1353
25764	1261	12	9	71	0	1353
25765	1278	9	10	53	0	1350
25766	61	9	15	1266	0	1351
25767	40	17	1007	67	0	1131
25768	1229	5	36	38	0	1308
25769	67	6	1231	27	0	1331
25770	36	15	1227	26	0	1304
25771	37	1206	49	27	0	1319
25772	42	30	28	1211	0	1311
25773	37	18	18	1226	0	1299
25774	44	9	20	1220	0	1293
25775	38	11	1199	66	0	1314
25776	36	8	1207	46	0	1297
25777	35	1191	48	34	0	1308
25778	37	38	18	1177	0	1270
25779	31	12	26	1229	0	1298
25780	32	12	20	1238	0	1302
25781	25	12	1194	73	0	1304
25782	23	1159	48	46	0	1276
25783	27	31	33	1178	0	1269
25784	18	22	1200	62	0	1302
25785	20	13	1214	37	0	1284
25786	1172	15	55	34	0	1276
25787	1196	14	23	44	0	1277
25788	1204	11	32	32	0	1279
25789	51	10	28	1187	0	1276
25790	32	9	1197	56	0	1294
25791	26	1141	49	42	0	1258
25792	20	1202	25	48	0	1295
25793	20	38	1056	40	0	1154
25794	33	29	52	979	0	1093
25795	18	22	26	920	0	986
25796	20	885	27	45	0	977
25797	20	949	29	22	0	1020
25798	915	29	22	26	0	992
25799	946	18	18	25	0	1007
25800	964	12	20	28	0	1024
25801	960	12	16	20	0	1008
25802	913	13	14	29	0	969
25803	52	876	16	16	0	960
25804	30	685	9	12	0	736
25805	16	525	7	8	0	556
25806	485	13	26	13	0	537
25807	39	14	12	446	0	511
25808	9	5	2	439	0	455
25809	434	3	3	9	0	449
25810	8	426	7	7	0	448
25811	3	7	5	441	0	456
25812	8	4	1	454	0	467
25813	8	5	5	452	0	470
25814	437	4	5	11	0	457
25815	10	3	4	452	0	469
25816	7	1	428	15	0	451
25817	422	5	9	6	0	442
25818	14	3	2	436	0	455
25819	7	1	437	8	0	453
25820	10	423	10	7	0	450
25821	7	408	2	5	0	422
25822	368	7	5	4	0	384
25823	353	2	5	2	0	362
25824	5	351	1	2	0	359
25825	3	4	1	381	0	389
25826	402	0	1	8	0	411
25827	7	3	0	422	0	432
25828	0	1	0	446	0	447
25829	3	0	0	443	0	446
25830	2	0	0	441	0	443
25831	1	434	3	11	0	449
25832	0	6	0	440	0	446
25833	0	0	1	453	0	454
25834	2	3	1	442	0	448
25835	0	1	432	11	0	444
25836	1	443	8	4	0	456
25837	2	8	0	443	0	453
25838	2	0	443	10	0	455
25839	0	4	419	3	0	426
25840	0	431	9	4	0	444
25841	434	10	4	0	0	448
25842	10	2	4	426	0	442
25843	424	4	1	10	0	439
25844	11	432	1	3	0	447
25845	1	9	0	439	0	449
25846	413	2	1	10	0	426
25847	407	4	1	1	0	413
25848	9	1	0	406	0	416
25849	5	0	1	402	0	408
25850	5	1	403	8	0	417
25851	0	1	10	397	0	408
25852	3	0	0	408	0	411
25853	400	0	3	12	0	415
25854	10	423	0	4	0	437
25855	1	11	411	5	0	428
25856	406	0	10	3	0	419
25857	9	431	1	0	0	441
25858	2	8	3	430	0	443
25859	437	0	0	11	0	448
25860	8	2	0	439	0	449
25861	1	0	1	445	0	447
25862	3	1	430	9	0	443
25863	0	0	9	439	0	448
25864	436	0	1	13	0	450
25865	10	1	4	437	0	452
25866	441	1	0	13	0	455
25867	16	425	2	1	0	444
25868	0	447	1	5	0	453
25869	4	10	0	449	0	463
25870	3	4	0	451	0	458
25871	438	3	0	11	0	452
25872	11	440	0	6	0	457
25873	443	10	0	6	0	459
25874	453	0	0	5	0	458
25875	11	4	0	445	0	460
25876	447	0	1	18	0	466
25877	15	0	433	2	0	450
25878	0	2	10	442	0	454
25879	4	2	453	12	0	471
25880	0	2	15	460	0	477
25881	463	0	2	18	0	483
25882	476	1	4	2	0	483
25883	14	460	2	3	0	479
25884	4	15	0	451	0	470
25885	5	0	0	461	0	466
25886	0	453	1	14	0	468
25887	2	12	0	462	0	476
25888	1	1	1	467	0	470
25889	2	451	0	16	0	469
25890	425	12	1	6	0	444
25891	434	0	0	7	0	441
25892	14	3	2	425	0	444
25893	2	1	0	444	0	447
25894	3	3	433	14	0	453
25895	2	0	13	439	0	454
25896	0	436	0	17	0	453
25897	434	13	2	2	0	451
25898	12	2	1	438	0	453
25899	2	3	1	433	0	439
25900	405	1	0	15	0	421
25901	16	400	0	3	0	419
25902	2	14	0	418	0	434
25903	2	0	2	422	0	426
25904	1	413	1	12	0	427
25905	414	13	2	5	0	434
25906	14	0	411	5	0	430
25907	2	1	413	2	0	418
25908	7	0	12	409	0	428
25909	0	2	416	16	0	434
25910	425	1	15	2	0	443
25911	14	0	0	427	0	441
25912	2	3	422	13	0	440
25913	4	0	426	4	0	434
25914	1	442	10	3	0	456
25915	435	13	1	1	0	450
25916	13	442	1	0	0	456
25917	438	9	1	1	0	449
25918	447	0	1	1	0	449
25919	8	426	1	11	0	446
25920	436	9	3	1	0	449
25921	446	0	2	0	0	448
25922	8	2	435	3	0	448
25923	3	6	9	409	0	427
25924	2	403	0	10	0	415
25925	0	379	1	1	0	381
25926	8	14	0	349	0	371
25927	335	0	1	9	0	345
25928	6	0	0	337	0	343
25929	0	0	0	356	0	356
25930	2	0	0	379	0	381
25931	1	391	0	12	0	404
25932	0	12	0	433	0	445
25933	1	3	474	16	0	494
25934	464	1	12	5	0	482
25935	510	1	3	1	0	515
25936	17	496	2	1	0	516
25937	499	13	0	1	0	513
25938	17	4	1	503	0	525
25939	4	2	502	15	0	523
25940	489	0	14	9	0	512
25941	16	518	4	1	0	539
25942	6	16	1	514	0	537
25943	539	4	0	15	0	558
25944	18	542	1	5	0	566
25945	5	555	1	4	0	565
25946	552	19	3	2	0	576
25947	17	5	541	3	0	566
25948	545	4	17	1	0	567
25949	19	1	4	542	0	566
25950	5	1	3	552	0	561
25951	3	1	528	20	0	552
25952	3	2	528	6	0	539
25953	3	2	21	529	0	555
25954	3	0	503	16	0	522
25955	3	0	512	7	0	522
25956	2	1	20	503	0	526
25957	6	1	7	507	0	521
25958	505	2	3	21	0	531
25959	18	0	4	504	0	526
25960	506	0	4	20	0	530
25961	18	501	3	5	0	527
25962	6	18	0	514	0	538
25963	5	5	503	19	0	532
25964	504	1	18	8	0	531
25965	531	2	6	2	0	541
25966	527	3	1	4	0	535
25967	531	1	0	3	0	535
25968	528	3	4	1	0	536
25969	25	0	2	503	0	530
25970	10	0	494	19	0	523
25971	4	4	510	6	0	524
25972	6	1	529	1	0	537
25973	504	0	20	4	0	528
25974	525	0	10	4	0	539
25975	25	0	3	498	0	526
25976	4	510	3	17	0	534
25977	2	16	2	524	0	544
25978	3	5	519	19	0	546
25979	4	2	489	6	0	501
25980	487	2	19	5	0	513
25981	20	2	506	1	0	529
25982	7	2	17	500	0	526
25983	536	1	5	17	0	559
25984	511	1	4	8	0	524
25985	555	0	2	5	0	562
25986	552	0	4	2	0	558
25987	23	0	532	1	0	556
25988	523	1	15	6	0	545
25989	18	556	6	3	0	583
25990	9	14	5	568	0	596
25991	5	4	568	16	0	593
25992	5	1	16	565	0	587
25993	7	1	585	17	0	610
25994	6	3	17	571	0	597
25995	9	1	5	578	0	593
25996	0	5	559	23	0	587
25997	1	1	18	562	0	582
25998	567	0	10	17	0	594
25999	18	3	5	571	0	597
26000	10	1	0	590	0	601
26001	577	0	2	22	0	601
26002	15	587	3	8	0	613
26003	608	17	1	4	0	630
26004	18	605	0	5	0	628
26005	609	14	5	5	0	633
26006	22	4	592	2	0	620
26007	8	3	19	594	0	624
26008	5	2	6	616	0	629
26009	599	3	3	19	0	624
26010	17	588	3	8	0	616
26011	8	18	2	586	0	614
26012	3	4	3	599	0	609
26013	2	566	7	26	0	601
26014	557	15	6	10	0	588
26015	18	569	2	6	0	595
26016	8	19	3	552	0	582
26017	1	5	2	556	0	564
26018	5	527	3	20	0	555
26019	529	18	0	8	0	555
26020	19	6	520	5	0	550
26021	512	2	16	3	0	533
26022	20	525	6	4	0	555
26023	11	17	3	539	0	570
26024	540	8	0	18	0	566
26025	20	4	2	537	0	563
26026	9	0	6	555	0	570
26027	551	1	3	24	0	579
26028	15	527	5	9	0	556
26029	6	548	4	4	0	562
26030	537	9	2	4	0	552
26031	11	7	503	4	0	525
26032	4	479	9	7	0	499
26033	2	6	6	437	0	451
26034	1	1	497	5	0	504
26035	1	0	10	476	0	487
26036	488	0	1	13	0	502
26037	12	491	1	2	0	506
26038	3	10	0	474	0	487
26039	2	494	0	10	0	506
26040	486	11	0	3	0	500
26041	531	3	1	1	0	536
26042	15	524	1	1	0	541
26043	4	10	1	512	0	527
26044	0	512	0	12	0	524
26045	519	11	0	6	0	536
26046	527	4	1	2	0	534
26047	16	1	1	517	0	535
26048	6	1	0	534	0	541
26049	2	1	511	15	0	529
26050	476	4	11	7	0	498
26051	14	3	517	1	0	535
26052	9	2	12	519	0	542
26053	524	2	3	12	0	541
26054	12	519	1	9	0	541
26055	519	13	2	2	0	536
26056	15	8	496	0	0	519
26057	495	1	11	5	0	512
26058	13	537	5	6	0	561
26059	540	11	0	7	0	558
26060	16	561	2	2	0	581
26061	9	13	1	561	0	584
26062	4	5	556	14	0	579
26063	5	2	537	6	0	550
26064	5	3	14	547	0	569
26065	6	4	565	11	0	586
26066	8	3	12	562	0	585
26067	4	4	4	559	0	571
26068	3	3	568	17	0	591
26069	484	3	14	11	0	512
26070	547	2	8	6	0	563
26071	19	542	3	4	0	568
26072	546	13	3	4	0	566
26073	16	5	1	545	0	567
26074	5	2	570	13	0	590
26075	6	1	13	564	0	584
26076	8	0	14	571	0	593
26077	550	5	3	17	0	575
26078	16	546	1	8	0	571
26079	6	553	2	5	0	566
26080	5	11	3	563	0	582
26081	3	4	3	556	0	566
26082	5	538	3	16	0	562
26083	7	10	2	547	0	566
26084	4	6	1	546	0	557
26085	2	536	2	16	0	556
26086	536	11	3	10	0	560
26087	10	3	4	544	0	561
26088	7	547	4	13	0	571
26089	6	11	0	536	0	553
26090	525	8	1	14	0	548
26091	11	531	1	8	0	551
26092	537	11	0	7	0	555
26093	532	8	1	4	0	545
26094	18	4	0	544	0	566
26095	551	4	1	16	0	572
26096	558	3	1	9	0	571
26097	562	5	1	7	0	575
26098	569	3	2	4	0	578
26099	20	2	2	553	0	577
26100	9	1	2	574	0	586
26101	4	2	553	19	0	578
26102	8	3	11	529	0	551
26103	11	2	4	548	0	565
26104	6	4	532	15	0	557
26105	520	2	9	14	0	545
26106	13	0	4	560	0	577
26107	8	3	567	10	0	588
26108	526	2	10	12	0	550
26109	16	1	609	4	0	630
26110	9	611	11	5	0	636
26111	8	668	8	3	0	687
26112	6	14	3	694	0	717
26113	4	9	771	20	0	804
26114	778	1	17	16	0	812
26115	826	1	12	8	0	847
26116	25	3	826	5	0	859
26117	814	2	18	8	0	842
26118	847	2	8	6	0	863
26119	27	831	5	6	0	869
26120	840	18	4	5	0	867
26121	27	7	4	828	0	866
26122	11	5	841	19	0	876
26123	13	1	15	807	0	836
26124	5	855	11	16	0	887
26125	9	888	4	9	0	910
26126	873	24	11	11	0	919
26127	873	10	4	7	0	894
26128	871	9	6	4	0	890
26129	29	4	6	864	0	903
26130	17	8	3	845	0	873
26131	12	840	3	25	0	880
26132	837	21	7	15	0	880
26133	30	868	10	8	0	916
26134	801	12	5	6	0	824
26135	22	799	5	7	0	833
26136	789	17	6	7	0	819
26137	770	11	2	5	0	788
26138	28	8	2	759	0	797
26139	14	801	4	14	0	833
26140	11	15	774	10	0	810
26141	721	10	12	11	0	754
26142	15	730	7	7	0	759
26143	13	15	756	4	0	788
26144	8	9	760	5	0	782
26145	11	4	12	735	0	762
26146	11	3	4	738	0	756
26147	10	764	0	12	0	786
26148	781	15	1	6	0	803
26149	19	7	2	762	0	790
26150	13	790	0	15	0	818
26151	10	859	0	7	0	876
26152	7	19	846	3	0	875
26153	13	8	844	3	0	868
26154	829	8	11	7	0	855
26155	16	9	855	5	0	885
26156	12	10	12	818	0	852
26157	12	3	7	842	0	864
26158	7	6	840	17	0	870
26159	10	8	12	827	0	857
26160	11	6	7	771	0	795
26161	811	7	6	17	0	841
26162	847	6	5	12	0	870
26163	15	8	8	835	0	866
26164	10	837	5	13	0	865
26165	4	884	4	12	0	904
26166	885	13	5	10	0	913
26167	19	14	868	4	0	905
26168	11	4	13	880	0	908
26169	903	7	6	18	0	934
26170	914	10	6	8	0	938
26171	22	10	7	898	0	937
26172	10	2	894	14	0	920
26173	11	3	828	12	0	854
26174	814	6	17	6	0	843
26175	868	5	12	7	0	892
26176	14	872	9	14	0	909
26177	9	920	6	11	0	946
26178	951	15	6	12	0	984
26179	969	6	7	12	0	994
26180	21	3	7	981	0	1012
26181	18	8	4	992	0	1022
26182	11	7	7	1003	0	1028
26183	977	8	6	17	0	1008
26184	24	6	6	985	0	1021
26185	13	9	986	18	0	1026
26186	960	7	17	11	0	995
26187	22	6	7	1004	0	1039
26188	14	7	995	18	0	1034
26189	973	6	15	11	0	1005
26190	930	6	13	14	0	963
26191	20	1021	8	9	0	1058
26192	15	1057	7	7	0	1086
26193	15	19	1016	8	0	1058
26194	1022	10	12	6	0	1050
26195	20	1065	5	10	0	1100
26196	15	22	996	9	0	1042
26197	987	12	11	11	0	1021
26198	29	1076	6	9	0	1120
26199	15	15	1059	12	0	1101
26200	1011	10	10	14	0	1045
26201	19	1076	6	12	0	1113
26202	22	12	4	1066	0	1104
26203	1064	9	4	21	0	1098
26204	16	1057	8	16	0	1097
26205	16	16	10	1049	0	1091
26206	1056	5	4	17	0	1082
26207	20	4	1051	12	0	1087
26208	10	1045	17	5	0	1077
26209	12	16	1042	1	0	1071
26210	9	16	9	997	0	1031
26211	2	6	986	12	0	1006
26212	3	943	9	5	0	960
26213	1	871	5	0	0	877
26214	3	4	0	839	0	846
26215	2	1	0	793	0	796
26216	1	2	0	806	0	809
26217	1	2	847	5	0	855
26218	3	0	5	844	0	852
26219	841	1	1	9	0	852
26220	826	2	0	5	0	833
26221	5	1	864	1	0	871
26222	2	862	7	1	0	872
26223	845	4	1	4	0	854
26224	4	856	1	0	0	861
26225	833	4	0	10	0	847
26226	836	1	0	8	0	845
26227	6	0	838	0	0	844
26228	4	859	5	1	0	869
26229	1	5	1	856	0	863
26230	1	1	873	4	0	879
26231	844	0	5	4	0	853
26232	6	1	1	871	0	879
26233	2	1	861	4	0	868
26234	795	0	5	6	0	806
26235	5	3	871	1	0	880
26236	3	1	5	893	0	902
26237	904	0	2	9	0	915
26238	7	957	1	4	0	969
26239	4	7	969	5	0	985
26240	943	3	8	5	0	959
26241	1027	2	5	5	0	1039
26242	11	1056	5	1	0	1073
26243	8	7	3	1050	0	1068
26244	9	3	1	1036	0	1049
26245	1023	5	2	19	0	1049
26246	12	3	3	1044	0	1062
26247	8	5	1034	15	0	1062
26248	5	1	10	1027	0	1043
26249	1033	2	5	20	0	1060
26250	12	1024	10	7	0	1053
26251	6	12	3	984	0	1005
26252	6	994	4	13	0	1017
26253	993	17	0	12	0	1022
26254	17	8	3	1079	0	1107
26255	8	5	3	1091	0	1107
26256	8	1081	2	29	0	1120
26257	6	26	1085	10	0	1127
26258	5	10	23	1073	0	1111
26259	5	5	6	1102	0	1118
26260	10	3	3	1092	0	1108
26261	7	1080	4	32	0	1123
26262	1	24	1095	13	0	1133
26263	0	12	1081	11	0	1104
26264	1066	4	30	10	0	1110
26265	1098	2	13	9	0	1122
26266	30	2	1099	6	0	1137
26267	1064	1	23	8	0	1096
26268	29	3	1116	3	0	1151
26269	1067	3	25	11	0	1106
26270	24	1098	11	13	0	1146
26271	1109	23	8	11	0	1151
26272	28	10	1135	3	0	1176
26273	12	5	1152	3	0	1172
26274	11	2	32	1205	0	1250
26275	1258	3	12	37	0	1310
26276	30	1367	7	13	0	1417
26277	11	35	1505	13	0	1564
26278	17	12	47	1507	0	1583
26279	11	4	22	1595	0	1632
26280	1548	4	14	63	0	1629
26281	1579	2	12	29	0	1622
26282	78	0	6	1550	0	1634
26283	1576	10	7	52	0	1645
26284	59	9	1545	23	0	1636
26285	27	9	53	1537	0	1626
26286	22	4	22	1597	0	1645
26287	1549	5	12	81	0	1647
26288	1589	1	10	31	0	1631
26289	61	15	2	1561	0	1639
26290	1575	4	17	59	0	1655
26291	61	9	1490	34	0	1594
26292	20	1489	52	30	0	1591
26293	23	47	1497	18	0	1585
26294	24	23	52	1491	0	1590
26295	1467	8	18	70	0	1563
26296	65	1468	12	32	0	1577
26297	31	45	17	1456	0	1549
26298	24	20	7	1446	0	1497
26299	11	1451	10	71	0	1543
26300	25	52	10	1474	0	1561
26301	19	15	13	1498	0	1545
26302	17	9	6	1525	0	1557
26303	28	6	8	1506	0	1548
26304	22	8	16	1486	0	1532
26305	13	1418	8	85	0	1524
26306	15	51	19	1454	0	1539
26307	17	24	10	1478	0	1529
26308	20	13	1390	82	0	1505
26309	11	1392	52	48	0	1503
26310	15	50	16	1427	0	1508
26311	21	21	11	1427	0	1480
26312	15	29	8	1423	0	1475
26313	11	1376	6	100	0	1493
26314	12	48	1393	56	0	1509
26315	11	24	56	1417	0	1508
26316	9	21	1400	75	0	1505
26317	9	11	1402	51	0	1473
26318	11	13	68	1400	0	1492
26319	1391	7	29	83	0	1510
26320	58	14	9	1399	0	1480
26321	26	8	20	1386	0	1440
26322	14	1424	9	81	0	1528
26323	12	50	13	1479	0	1554
26324	12	23	19	1513	0	1567
26325	11	14	1475	96	0	1596
26326	13	1464	45	50	0	1572
26327	13	42	36	1505	0	1596
26328	1437	28	18	82	0	1565
26329	48	21	1469	41	0	1579
26330	24	9	58	1454	0	1545
26331	18	7	29	1499	0	1553
26332	1434	13	19	84	0	1550
26333	48	1412	12	77	0	1549
26334	1412	52	7	52	0	1523
26335	59	1411	10	37	0	1517
26336	26	53	11	1405	0	1495
26337	1371	23	12	78	0	1484
26338	50	10	1340	47	0	1447
26339	28	1290	51	30	0	1399
26340	15	1315	26	33	0	1389
26341	1233	60	13	28	0	1334
26342	54	25	13	1210	0	1302
26343	25	1193	14	68	0	1300
26344	16	1253	9	55	0	1333
26345	28	56	17	1232	0	1333
26346	13	39	10	1272	0	1334
26347	1226	18	8	75	0	1327
26348	49	1218	10	40	0	1317
26349	30	52	11	1220	0	1313
26350	22	30	1197	56	0	1305
26351	14	1192	55	30	0	1291
26352	10	51	1176	30	0	1267
26353	10	1191	48	27	0	1276
26354	33	36	14	1085	0	1168
26355	18	23	8	1095	0	1144
26356	12	1097	3	54	0	1166
26357	10	43	1074	34	0	1161
26358	1060	31	35	29	0	1155
26359	30	20	23	1108	0	1181
26360	29	10	10	1123	0	1172
26361	12	21	1096	62	0	1191
26362	10	12	32	1126	0	1180
26363	4	21	1121	48	0	1194
26364	9	25	41	1114	0	1189
26365	11	10	1136	52	0	1209
26366	11	1128	39	31	0	1209
26367	6	45	1153	32	0	1236
26368	7	18	38	1184	0	1247
26369	1156	18	11	62	0	1247
26370	37	1168	20	37	0	1262
26371	28	44	3	1155	0	1230
26372	7	22	1133	52	0	1214
26373	1	1145	44	34	0	1224
26374	5	46	21	1039	0	1111
26375	5	14	1047	34	0	1100
26376	3	906	25	14	0	948
26377	700	25	15	20	0	760
26378	669	7	3	5	0	684
26379	15	2	0	660	0	677
26380	667	0	2	12	0	681
26381	12	1	1	661	0	675
26382	3	1	1	683	0	688
26383	1	1	703	16	0	721
26384	2	1	12	697	0	712
26385	2	2	3	705	0	712
26386	697	0	1	15	0	713
26387	673	0	0	11	0	684
26388	14	680	0	2	0	696
26389	6	10	678	3	0	697
26390	6	2	10	670	0	688
26391	0	3	655	11	0	669
26392	602	1	13	10	0	626
26393	11	0	641	5	0	657
26394	3	1	9	641	0	654
26395	2	648	2	9	0	661
26396	2	10	1	637	0	650
26397	3	6	1	640	0	650
26398	2	0	651	13	0	666
26399	3	1	10	657	0	671
26400	650	0	2	15	0	667
26401	663	0	1	4	0	668
26402	651	2	2	5	0	660
26403	665	1	0	4	0	670
26404	11	656	1	3	0	671
26405	3	659	0	3	0	665
26406	5	10	1	603	0	619
26407	4	3	2	650	0	659
26408	2	630	1	11	0	644
26409	2	11	0	654	0	667
26410	4	0	2	660	0	666
26411	5	0	1	661	0	667
26412	1	3	2	654	0	660
26413	1	3	0	665	0	669
26414	642	2	1	16	0	661
26415	10	643	0	8	0	661
26416	2	11	631	2	0	646
26417	2	3	8	628	0	641
26418	0	0	1	639	0	640
26419	1	0	2	642	0	645
26420	643	1	0	16	0	660
26421	11	685	1	6	0	703
26422	4	11	1	658	0	674
26423	4	665	0	13	0	682
26424	5	20	1	647	0	673
26425	1	627	2	17	0	647
26426	1	18	680	10	0	709
26427	1	7	21	720	0	749
26428	3	1	918	26	0	948
26429	5	4	30	897	0	936
26430	4	1	9	993	0	1007
26431	978	3	6	43	0	1030
26432	994	1	2	17	0	1014
26433	1017	2	1	10	0	1030
26434	1009	2	4	9	0	1024
26435	1016	3	3	8	0	1030
26436	49	2	3	958	0	1012
26437	16	972	6	33	0	1027
26438	10	30	4	979	0	1023
26439	7	9	940	44	0	1000
26440	939	9	31	14	0	993
26441	1002	3	5	13	0	1023
26442	50	5	4	960	0	1019
26443	27	1	1	969	0	998
26444	19	929	2	39	0	989
26445	13	33	3	964	0	1013
26446	9	11	0	995	0	1015
26447	5	96	863	47	0	1011
26448	3	2	36	967	0	1008
26449	898	3	10	47	0	958
26450	40	2	931	16	0	989
26451	912	1	31	19	0	963
26452	42	5	926	11	0	984
26453	17	4	35	906	0	962
26454	14	4	9	919	0	946
26455	5	893	10	48	0	956
26456	6	945	9	18	0	978
26457	10	37	5	919	0	971
26458	8	10	913	39	0	970
26459	889	8	36	15	0	948
26460	46	4	14	905	0	969
26461	14	909	12	37	0	972
26462	11	33	8	912	0	964
26463	8	10	3	916	0	937
26464	5	897	8	42	0	952
26465	9	30	0	872	0	911
26466	5	12	819	44	0	880
26467	10	8	810	16	0	844
26468	10	4	31	757	0	802
26469	7	799	14	30	0	850
26470	7	29	10	803	0	849
26471	786	10	4	38	0	838
26472	821	9	4	18	0	852
26473	793	10	3	17	0	823
26474	40	786	3	13	0	842
26475	15	23	781	9	0	828
26476	780	9	30	13	0	832
26477	790	7	9	8	0	814
26478	36	773	8	9	0	826
26479	19	27	3	779	0	828
26480	782	11	5	32	0	830
26481	801	10	4	15	0	830
26482	804	4	2	19	0	829
26483	45	10	5	732	0	792
26484	754	6	6	34	0	800
26485	43	3	7	745	0	798
26486	19	4	4	762	0	789
26487	746	6	6	40	0	798
26488	31	6	4	756	0	797
26489	742	5	4	44	0	795
26490	44	4	6	740	0	794
26491	20	3	3	774	0	800
26492	740	5	1	46	0	792
26493	39	5	719	25	0	788
26494	21	4	27	743	0	795
26495	21	4	12	754	0	791
26496	19	4	10	741	0	774
26497	15	4	6	756	0	781
26498	13	6	8	728	0	755
26499	14	695	2	52	0	763
26500	8	29	6	723	0	766
26501	18	9	699	45	0	771
26502	18	10	30	710	0	768
26503	10	6	12	742	0	770
26504	10	3	10	748	0	771
26505	11	7	701	55	0	774
26506	7	7	716	35	0	765
26507	704	10	31	29	0	774
26508	722	5	21	23	0	771
26509	37	730	13	21	0	801
26510	29	25	10	762	0	826
26511	15	8	8	814	0	845
26512	13	11	5	821	0	850
26513	791	5	9	57	0	862
26514	824	6	10	32	0	872
26515	36	4	11	814	0	865
26516	27	3	6	829	0	865
26517	22	9	6	841	0	878
26518	13	7	6	843	0	869
26519	796	5	6	60	0	867
26520	37	5	776	30	0	848
26521	14	677	25	33	0	749
26522	17	663	5	24	0	709
26523	648	21	7	17	0	693
26524	27	20	1	644	0	692
26525	10	10	652	28	0	700
26526	11	4	603	19	0	637
26527	4	605	21	23	0	653
26528	412	5	3	4	0	424
26529	6	2	409	2	0	419
26530	333	4	7	5	0	349
26531	2	0	1	353	0	356
26532	2	0	2	349	0	353
26533	2	335	0	5	0	342
26534	3	357	1	2	0	363
26535	361	1	2	3	0	367
26536	362	1	1	3	0	367
26537	2	373	0	3	0	378
26538	3	1	367	1	0	372
26539	4	1	365	1	0	371
26540	0	1	4	367	0	372
26541	382	1	1	3	0	387
26542	3	375	1	2	0	381
26543	4	1	0	388	0	393
26544	401	1	2	3	0	407
26545	4	1	3	404	0	412
26546	1	0	1	418	0	420
26547	420	2	0	4	0	426
26548	3	417	0	3	0	423
26549	2	426	2	0	0	430
26550	3	3	436	0	0	442
26551	2	1	3	444	0	450
26552	3	1	1	435	0	440
26553	0	2	451	3	0	456
26554	388	1	6	1	0	396
26555	414	0	1	4	0	419
26556	5	0	440	1	0	446
26557	373	3	4	2	0	382
26558	3	2	468	1	0	474
26559	4	496	3	0	0	503
26560	2	2	2	529	0	535
26561	3	1	0	548	0	552
26562	543	2	1	4	0	550
26563	530	1	2	5	0	538
26564	531	2	0	1	0	534
26565	533	1	1	3	0	538
26566	538	0	0	2	0	540
26567	5	0	532	2	0	539
26568	2	542	3	0	0	547
26569	1	3	2	538	0	544
26570	1	542	2	2	0	547
26571	1	552	1	3	0	557
26572	3	4	0	541	0	548
26573	1	3	2	540	0	546
26574	1	1	546	4	0	552
26575	517	0	2	3	0	522
26576	549	0	2	6	0	557
26577	5	544	1	1	0	551
26578	552	2	1	1	0	556
26579	564	3	0	1	0	568
26580	4	1	1	562	0	568
26581	2	0	608	3	0	613
26582	1	0	607	2	0	610
26583	593	0	3	2	0	598
26584	605	0	1	0	0	606
26585	2	600	0	1	0	603
26586	0	633	1	1	0	635
26587	0	4	0	642	0	646
26588	640	1	0	5	0	646
26589	5	0	639	1	0	645
26590	1	0	3	641	0	645
26591	659	0	1	5	0	665
26592	657	0	0	2	0	659
26593	5	0	0	680	0	685
26594	682	0	0	4	0	686
26595	4	0	655	1	0	660
26596	1	0	688	0	0	689
26597	0	0	4	676	0	680
26598	1	0	1	729	0	731
26599	1	0	0	734	0	735
26600	2	711	0	3	0	716
26601	0	737	0	1	0	738
26602	1	5	0	737	0	743
26603	737	1	0	5	0	743
26604	4	0	0	751	0	755
26605	1	0	0	755	0	756
26606	0	741	0	5	0	746
26607	0	774	0	0	0	774
26608	0	4	0	774	0	778
26609	0	0	0	750	0	750
26610	730	0	0	7	0	737
26611	4	718	0	1	0	723
26612	719	3	0	1	0	723
26613	4	1	0	716	0	721
26614	1	3	698	4	0	706
26615	1	1	686	5	0	693
26616	680	0	4	2	0	686
26617	4	0	1	714	0	719
26618	3	0	0	710	0	713
26619	0	0	0	720	0	720
26620	0	0	728	5	0	733
26621	0	0	4	728	0	732
26622	0	753	1	4	0	758
26623	0	5	0	771	0	776
26624	0	1	0	768	0	769
26625	0	787	0	6	0	793
26626	3	4	0	796	0	803
26627	776	1	0	9	0	786
26628	5	765	0	1	0	771
26629	817	7	0	5	0	829
26630	849	1	0	3	0	853
26631	10	1	0	858	0	869
26632	2	0	0	846	0	848
26633	1	0	0	866	0	867
26634	0	3	834	10	0	847
26635	0	826	9	2	0	837
26636	1	854	1	1	0	857
26637	1	9	0	829	0	839
26638	821	1	1	9	0	832
26639	9	4	0	814	0	827
26640	3	3	837	7	0	850
26641	1	820	8	2	0	831
26642	0	844	1	2	0	847
26643	853	8	1	0	0	862
26644	853	2	1	2	0	858
26645	10	888	1	1	0	900
26646	897	7	0	4	0	908
26647	8	1	883	2	0	894
26648	2	0	873	2	0	877
26649	888	1	9	0	0	898
26650	920	2	1	4	0	927
26651	9	1	0	910	0	920
26652	914	0	0	11	0	925
26653	8	0	925	3	0	936
26654	2	1	943	1	0	947
26655	6	1	11	1058	0	1076
26656	2	2	2	1212	0	1218
26657	0	1	1	1276	0	1278
26658	3	0	1	1289	0	1293
26659	5	1	0	1364	0	1370
26660	0	1	1342	28	0	1371
26661	7	0	17	1319	0	1343
26662	1343	1	9	26	0	1379
26663	22	1	4	1350	0	1377
26664	1352	1	2	25	0	1380
26665	26	0	3	1351	0	1380
26666	1355	3	1	33	0	1392
26667	1387	1	8	17	0	1413
26668	28	1	5	1376	0	1410
26669	19	2	2	1390	0	1413
26670	1378	1	1	41	0	1421
26671	1373	1	3	21	0	1398
26672	28	2	1385	15	0	1430
26673	20	3	19	1387	0	1429
26674	18	2	10	1420	0	1450
26675	1405	1	1	42	0	1449
26676	1422	1	3	18	0	1444
26677	36	1	5	1427	0	1469
26678	24	0	4	1433	0	1461
26679	17	3	6	1437	0	1463
26680	16	3	0	1430	0	1449
26681	12	1344	4	37	0	1397
26682	11	1359	2	22	0	1394
26683	14	19	3	1347	0	1383
26684	12	1351	5	26	0	1394
26685	8	19	5	1397	0	1429
26686	5	11	1364	34	0	1414
26687	9	6	1337	19	0	1371
26688	10	1384	22	15	0	1431
26689	13	19	9	1387	0	1428
26690	7	12	1382	33	0	1434
26691	5	8	26	1373	0	1412
26692	8	4	12	1407	0	1431
26693	1391	8	10	38	0	1447
26694	25	10	7	1430	0	1472
26695	11	9	1446	31	0	1497
26696	6	9	1431	25	0	1471
26697	7	1436	26	21	0	1490
26698	8	1522	12	15	0	1557
26699	1523	21	9	33	0	1586
26700	27	10	1623	16	0	1676
26701	14	6	27	1610	0	1657
26702	1614	8	17	39	0	1678
26703	1619	2	11	28	0	1660
26704	34	1653	13	13	0	1713
26705	28	24	7	1623	0	1682
26706	17	6	6	1690	0	1719
26707	22	3	9	1674	0	1708
26708	1655	3	9	43	0	1710
26709	31	8	1648	18	0	1705
26710	16	1674	24	17	0	1731
26711	20	27	5	1643	0	1695
26712	13	10	6	1705	0	1734
26713	12	4	1716	42	0	1774
26714	17	5	22	1684	0	1728
26715	17	8	10	1748	0	1783
26716	19	6	6	1739	0	1770
26717	14	13	6	1748	0	1781
26718	4	8	1719	59	0	1790
26719	12	2	23	1719	0	1756
26720	14	4	1746	48	0	1812
26721	7	1727	31	31	0	1796
26722	7	23	13	1739	0	1782
26723	9	7	13	1782	0	1811
26724	9	9	1734	53	0	1805
26725	14	1678	27	34	0	1753
26726	13	17	14	1680	0	1724
26727	9	8	1680	42	0	1739
26728	9	1658	20	31	0	1718
26729	10	24	14	1634	0	1682
26730	7	7	1610	39	0	1663
26731	9	8	27	1586	0	1630
26732	14	9	19	1551	0	1593
26733	8	9	10	1638	0	1665
26734	1599	7	17	41	0	1664
26735	22	1604	8	31	0	1665
26736	1600	15	10	28	0	1653
26737	25	13	1592	22	0	1652
26738	1621	10	18	25	0	1674
26739	1693	9	11	34	0	1747
26740	26	7	9	1700	0	1742
26741	1705	10	14	34	0	1763
26742	1691	15	9	28	0	1743
26743	1715	13	9	19	0	1756
26744	32	10	13	1709	0	1764
26745	19	8	6	1683	0	1716
26746	16	8	1615	39	0	1678
26747	16	10	1554	26	0	1606
26748	1565	5	24	20	0	1614
26749	27	10	18	1608	0	1663
26750	13	1629	11	33	0	1686
26751	1631	15	10	33	0	1689
26752	22	1627	12	24	0	1685
26753	15	1628	10	21	0	1674
26754	18	21	1575	15	0	1629
26755	15	10	1514	12	0	1551
26756	19	26	17	1484	0	1546
26757	7	9	1556	13	0	1585
26758	2	3	1381	6	0	1392
26759	1313	4	6	9	0	1332
26760	1372	2	4	6	0	1384
26761	5	5	0	1374	0	1384
26762	2	2	2	1390	0	1396
26763	0	0	1417	5	0	1422
26764	0	1415	3	5	0	1423
26765	1	2	2	1391	0	1396
26766	1480	1	4	13	0	1498
26767	5	1	2	1499	0	1507
26768	4	1520	0	4	0	1528
26769	4	2	1507	5	0	1518
26770	3	1528	3	3	0	1537
26771	1546	4	3	6	0	1559
26772	1496	3	1	10	0	1510
26773	7	2	3	1504	0	1516
26774	6	2	1542	4	0	1554
26775	10	0	1433	2	0	1445
26776	2	1531	6	4	0	1543
26777	4	3	3	1479	0	1489
26778	6	3	3	1553	0	1565
26779	3	2	1550	4	0	1559
26780	6	2	2	1524	0	1534
26781	2	1596	4	9	0	1611
26782	0	8	3	1626	0	1637
26783	4	4	6	1612	0	1626
26784	4	4	1624	10	0	1642
26785	3	2	4	1551	0	1560
26786	1577	3	4	11	0	1595
26787	6	0	1566	5	0	1577
26788	6	1	1527	0	0	1534
26789	0	1574	8	6	0	1588
26790	7	6	4	1618	0	1635
26791	1	4	2	1730	0	1737
26792	2	0	1698	18	0	1718
26793	1574	3	16	12	0	1605
26794	12	1	7	1675	0	1695
26795	8	2	1648	15	0	1673
26796	6	0	17	1582	0	1605
26797	3	3	1655	19	0	1680
26798	3	3	1595	10	0	1611
26799	2	1603	21	9	0	1635
26800	3	12	13	1509	0	1537
26801	2	1555	10	10	0	1577
26802	1510	15	5	21	0	1551
26803	12	14	1550	4	0	1580
26804	9	1526	14	7	0	1556
26805	6	16	9	1533	0	1564
26806	1515	7	9	26	0	1557
26807	16	1511	7	12	0	1546
26808	9	19	4	1528	0	1560
26809	5	10	5	1511	0	1531
26810	6	1532	0	23	0	1561
26811	1536	16	8	17	0	1577
26812	17	10	4	1722	0	1753
26813	15	10	2	1798	0	1825
26814	5	5	1771	42	0	1823
26815	3	1873	28	19	0	1923
26816	10	33	13	1898	0	1954
26817	6	14	7	2070	0	2097
26818	3	2112	5	45	0	2165
26819	10	38	6	2139	0	2193
26820	8	14	3	2186	0	2211
26821	6	10	4	2203	0	2223
26822	1	2187	8	56	0	2252
26823	2169	42	4	33	0	2248
26824	39	27	2176	14	0	2256
26825	2101	11	40	29	0	2181
26826	48	2158	17	20	0	2243
26827	21	44	5	2188	0	2258
26828	7	24	2199	48	0	2278
26829	16	15	43	2162	0	2236
26830	13	9	20	2175	0	2217
26831	13	7	7	2223	0	2250
26832	2	16	2179	65	0	2262
26833	7	2129	44	40	0	2220
26834	2	39	2190	28	0	2259
26835	7	2212	44	30	0	2293
26836	4	53	2232	18	0	2307
26837	15	22	48	2201	0	2286
26838	2134	9	34	56	0	2233
26839	43	2227	10	31	0	2311
26840	14	50	2251	18	0	2333
26841	5	2226	44	25	0	2300
26842	9	49	2250	11	0	2319
26843	12	21	52	2155	0	2240
26844	8	13	25	2144	0	2190
26845	5	2167	8	67	0	2247
26846	6	2264	28	29	0	2327
26847	2243	71	12	22	0	2348
26848	52	24	25	2265	0	2366
26849	19	27	2280	58	0	2384
26850	19	18	56	2254	0	2347
26851	11	15	2288	71	0	2385
26852	16	13	2301	32	0	2362
26853	17	19	60	2201	0	2297
26854	6	2241	34	61	0	2342
26855	2137	57	24	36	0	2254
26856	49	27	27	2095	0	2198
26857	26	10	18	2071	0	2125
26858	9	2100	13	77	0	2199
26859	2060	58	18	44	0	2180
26860	2095	39	17	29	0	2180
26861	73	15	13	2053	0	2154
26862	25	2045	17	63	0	2150
26863	16	2232	18	33	0	2299
26864	2164	65	19	34	0	2282
26865	58	33	2173	17	0	2281
26866	2061	23	68	22	0	2174
26867	2113	12	27	38	0	2190
26868	2094	24	17	19	0	2154
26869	73	2065	14	19	0	2171
26870	41	50	14	2093	0	2198
26871	2081	25	9	62	0	2177
26872	2099	24	17	28	0	2168
26873	67	2097	13	19	0	2196
26874	2124	48	11	22	0	2205
26875	59	26	12	2137	0	2234
26876	29	20	14	2127	0	2190
26877	22	2107	7	64	0	2200
26878	32	56	9	2121	0	2218
26879	24	27	19	2120	0	2190
26880	23	2101	13	79	0	2216
26881	25	58	10	1967	0	2060
26882	19	2056	13	70	0	2158
26883	2065	66	8	34	0	2173
26884	2013	27	14	32	0	2086
26885	64	2026	12	27	0	2129
26886	38	54	1991	27	0	2110
26887	24	35	47	2005	0	2111
26888	23	26	1990	54	0	2093
26889	17	1928	49	38	0	2032
26890	16	1977	20	27	0	2040
26891	1833	51	11	28	0	1923
26892	41	1889	12	23	0	1965
26893	28	44	9	1846	0	1927
26894	16	1880	8	46	0	1950
26895	16	1927	13	21	0	1977
26896	1896	66	6	15	0	1983
26897	61	20	9	1869	0	1959
26898	33	14	1858	43	0	1948
26899	18	29	1815	20	0	1882
26900	12	1869	44	18	0	1943
26901	1825	49	18	26	0	1918
26902	46	1866	12	14	0	1938
26903	22	53	13	1879	0	1967
26904	1892	31	9	50	0	1982
26905	58	22	8	1895	0	1983
26906	32	23	6	1903	0	1964
26907	16	1915	9	64	0	2004
26908	22	54	6	1938	0	2020
26909	11	33	1921	59	0	2024
26910	1885	15	41	24	0	1965
26911	51	1995	15	24	0	2085
26912	10	1978	7	17	0	2012
26913	1848	48	15	18	0	1929
26914	52	13	1854	12	0	1931
26915	1702	24	45	14	0	1785
26916	41	1901	13	4	0	1959
26917	8	2058	4	7	0	2077
26918	6	53	2066	2	0	2127
26919	7	2054	54	5	0	2120
26920	7	63	25	1898	0	1993
26921	10	19	6	1953	0	1988
26922	3	2000	5	51	0	2059
26923	16	53	6	1984	0	2059
26924	2004	15	7	57	0	2083
26925	53	13	1980	17	0	2063
26926	1960	8	51	20	0	2039
26927	2048	13	10	19	0	2090
26928	2033	15	12	11	0	2071
26929	68	15	1980	10	0	2073
26930	34	12	53	1967	0	2066
26931	18	15	1998	54	0	2085
26932	1929	13	58	20	0	2020
26933	1953	11	18	19	0	2001
26934	65	1936	13	13	0	2027
26935	30	47	16	1916	0	2009
26936	19	2015	7	57	0	2098
26937	16	58	2033	20	0	2127
26938	28	19	52	2019	0	2118
26939	1986	18	21	56	0	2081
26940	2033	10	14	28	0	2085
26941	81	12	12	1906	0	2011
26942	26	1925	13	53	0	2017
26943	23	55	1999	18	0	2095
26944	19	21	2011	18	0	2069
26945	1902	7	74	16	0	1999
26946	69	13	1995	8	0	2085
26947	21	1987	66	14	0	2088
26948	20	62	22	1964	0	2068
26949	17	21	1990	55	0	2083
26950	26	17	62	1919	0	2024
26951	14	17	1963	60	0	2054
26952	1831	11	71	31	0	1944
26953	70	12	22	1876	0	1980
26954	29	1852	22	60	0	1963
26955	20	1948	17	32	0	2017
26956	22	70	17	1893	0	2002
26957	26	24	17	1887	0	1954
26958	13	1885	27	64	0	1989
26959	17	60	1900	26	0	2003
26960	22	24	65	1892	0	2003
26961	13	23	1925	66	0	2027
26962	13	17	1908	32	0	1970
26963	1712	22	72	28	0	1834
26964	54	1786	39	19	0	1898
26965	1774	62	21	29	0	1886
26966	65	21	20	1727	0	1833
26967	23	1766	12	68	0	1869
26968	21	73	20	1769	0	1883
26969	20	33	18	1774	0	1845
26970	19	1760	12	72	0	1863
26971	18	62	1747	36	0	1863
26972	28	26	64	1757	0	1875
26973	1754	24	33	70	0	1881
26974	72	17	22	1740	0	1851
26975	27	19	25	1749	0	1820
26976	21	23	1708	73	0	1825
26977	23	1695	75	33	0	1826
26978	27	71	25	1680	0	1803
26979	24	31	1695	76	0	1826
26980	14	32	1693	40	0	1779
26981	1609	26	75	43	0	1753
26982	55	1665	35	37	0	1792
26983	1633	63	27	37	0	1760
26984	66	1625	25	33	0	1749
26985	34	1694	25	28	0	1781
26986	1641	75	24	29	0	1769
26987	76	32	17	1583	0	1708
26988	29	1667	29	66	0	1791
26989	34	70	19	1700	0	1823
26990	1670	27	36	74	0	1807
26991	79	28	1662	31	0	1800
26992	28	22	1652	30	0	1732
26993	1601	23	79	25	0	1728
26994	69	1612	41	25	0	1747
26995	40	61	1602	26	0	1729
26996	39	1577	72	18	0	1706
26997	24	75	31	1587	0	1717
26998	33	32	1586	58	0	1709
26999	25	35	59	1582	0	1701
27000	25	26	1577	73	0	1701
27001	1500	30	68	41	0	1639
27002	58	1562	31	31	0	1682
27003	1517	58	26	27	0	1628
27004	63	26	28	1466	0	1583
27005	21	1616	33	58	0	1728
27006	1604	65	32	25	0	1726
27007	1554	24	27	33	0	1638
27008	70	31	1610	18	0	1729
27009	38	25	1612	25	0	1700
27010	1387	29	76	9	0	1501
27011	64	1413	27	25	0	1529
27012	23	1355	28	20	0	1426
27013	26	66	25	1296	0	1413
27014	18	27	1292	46	0	1383
27015	18	1213	43	15	0	1289
27016	13	1120	20	19	0	1172
27017	39	25	29	720	0	813
27018	756	6	6	18	0	786
27019	773	7	6	8	0	794
27020	795	3	1	7	0	806
27021	21	5	784	6	0	816
27022	762	5	18	5	0	790
27023	778	3	11	8	0	800
27024	795	4	2	6	0	807
27025	21	8	3	752	0	784
27026	8	778	5	14	0	805
27027	759	20	4	11	0	794
27028	19	777	2	6	0	804
27029	10	14	6	768	0	798
27030	4	8	825	16	0	853
27031	5	4	22	816	0	847
27032	9	4	6	829	0	848
27033	10	3	828	21	0	862
27034	7	825	17	9	0	858
27035	6	15	6	774	0	801
27036	761	7	2	16	0	786
27037	15	724	1	6	0	746
27038	734	16	1	3	0	754
27039	15	6	2	716	0	739
27040	7	723	1	13	0	744
27041	706	12	2	8	0	728
27042	10	706	3	4	0	723
27043	4	11	684	3	0	702
27044	677	8	9	1	0	695
27045	688	7	5	6	0	706
27046	17	688	2	1	0	708
27047	7	16	655	1	0	679
27048	5	691	13	13	0	722
27049	17	27	7	495	0	546
27050	3	6	4	703	0	716
27051	3	3	1	719	0	726
27052	1	705	0	24	0	730
27053	4	15	2	716	0	737
27054	1	7	1	728	0	737
27055	712	4	1	21	0	738
27056	18	1	0	718	0	737
27057	6	1	1	738	0	746
27058	717	3	0	27	0	747
27059	13	725	2	11	0	751
27060	727	18	1	8	0	754
27061	739	8	0	5	0	752
27062	740	4	0	3	0	747
27063	26	2	2	712	0	742
27064	11	2	3	746	0	762
27065	9	1	713	23	0	746
27066	4	2	702	13	0	721
27067	4	5	732	7	0	748
27068	693	2	24	6	0	725
27069	17	2	741	3	0	763
27070	10	745	22	2	0	779
27071	8	20	7	751	0	786
27072	6	6	7	745	0	764
27073	4	771	3	23	0	801
27074	6	18	774	9	0	807
27075	5	802	16	6	0	829
27076	797	21	10	7	0	835
27077	20	8	805	3	0	836
27078	10	798	20	2	0	830
27079	7	17	805	3	0	832
27080	7	8	22	803	0	840
27081	4	6	810	21	0	841
27082	5	5	22	771	0	803
27083	793	2	7	25	0	827
27084	20	2	797	11	0	830
27085	7	799	19	6	0	831
27086	800	18	9	2	0	829
27087	23	8	799	6	0	836
27088	11	5	793	5	0	814
27089	8	3	26	780	0	817
27090	2	6	796	21	0	825
27091	753	1	28	9	0	791
27092	18	800	9	9	0	836
27093	12	17	9	812	0	850
27094	8	861	5	20	0	894
27095	861	22	4	14	0	901
27096	19	10	844	7	0	880
27097	8	7	883	5	0	903
27098	10	4	26	861	0	901
27099	4	2	13	914	0	933
27100	9	3	10	909	0	931
27101	6	4	1	927	0	938
27102	4	5	934	30	0	973
27103	4	926	22	13	0	965
27104	5	27	4	898	0	934
27105	3	3	862	17	0	885
27106	0	852	13	6	0	871
27107	820	15	7	8	0	850
27108	25	9	5	812	0	851
27109	817	5	2	15	0	839
27110	15	819	2	4	0	840
27111	832	13	0	8	0	853
27112	18	4	863	2	0	887
27113	5	5	11	846	0	867
27114	5	858	8	10	0	881
27115	2	12	842	4	0	860
27116	3	843	11	6	0	863
27117	11	21	5	609	0	646
27118	800	4	10	14	0	828
27119	12	794	2	3	0	811
27120	783	11	2	10	0	806
27121	17	4	762	2	0	785
27122	3	5	745	1	0	754
27123	756	2	12	3	0	773
27124	10	0	6	767	0	783
27125	3	3	3	768	0	777
27126	5	3	802	14	0	824
27127	1	2	785	6	0	794
27128	2	815	12	4	0	833
27129	791	10	9	4	0	814
27130	745	2	4	2	0	753
27131	8	742	1	5	0	756
27132	6	10	1	740	0	757
27133	749	2	2	14	0	767
27134	7	3	2	737	0	749
27135	744	1	0	14	0	759
27136	740	2	1	3	0	746
27137	782	0	0	11	0	793
27138	15	1	3	755	0	774
27139	5	1	2	802	0	810
27140	793	3	0	10	0	806
27141	796	1	2	6	0	805
27142	801	4	2	6	0	813
27143	11	800	2	1	0	814
27144	782	5	1	1	0	789
27145	6	773	0	12	0	791
27146	760	6	1	9	0	776
27147	8	2	765	1	0	776
27148	677	9	7	5	0	698
27149	4	718	4	1	0	727
27150	1	732	0	1	0	734
27151	747	5	0	4	0	756
27152	4	2	2	756	0	764
27153	2	2	0	761	0	765
27154	2	762	1	7	0	772
27155	0	827	2	3	0	832
27156	855	6	1	3	0	865
27157	9	3	894	1	0	907
27158	4	1	7	915	0	927
27159	948	0	3	16	0	967
27160	15	2	971	3	0	991
27161	2	1076	13	1	0	1092
27162	1165	21	3	5	0	1194
27163	27	4	1206	1	0	1238
27164	4	3	26	1274	0	1307
27165	4	1	1323	28	0	1356
27166	1248	2	41	7	0	1298
27167	27	1336	4	9	0	1376
27168	1337	28	12	4	0	1381
27169	1349	5	4	3	0	1361
27170	39	7	0	1357	0	1403
27171	1373	2	2	41	0	1418
27172	35	0	3	1394	0	1432
27173	9	2	1	1421	0	1433
27174	7	3	1361	36	0	1407
27175	4	1349	28	13	0	1394
27176	5	27	4	1354	0	1390
27177	8	4	7	1386	0	1405
27178	4	8	2	1393	0	1407
27179	4	1	1358	39	0	1402
27180	3	1362	30	11	0	1406
27181	6	25	4	1373	0	1408
27182	6	3	6	1410	0	1425
27183	3	5	1375	33	0	1416
27184	9	6	25	1337	0	1377
27185	1363	2	6	41	0	1412
27186	29	1402	8	8	0	1447
27187	1374	28	2	18	0	1422
27188	36	5	1375	4	0	1420
27189	11	7	28	1367	0	1413
27190	1390	4	5	32	0	1431
27191	1382	1	10	8	0	1401
27192	37	5	1412	6	0	1460
27193	15	1	28	1364	0	1408
27194	11	1	1383	32	0	1427
27195	1305	2	37	13	0	1357
27196	29	1371	10	10	0	1420
27197	1386	30	9	4	0	1429
27198	1387	5	6	9	0	1407
27199	38	1382	1	5	0	1426
27200	1398	32	2	7	0	1439
27201	40	3	1378	6	0	1427
27202	1353	8	29	5	0	1395
27203	40	5	6	1385	0	1436
27204	12	2	1416	30	0	1460
27205	10	4	32	1398	0	1444
27206	10	2	7	1382	0	1401
27207	6	1	11	1422	0	1440
27208	6	1405	3	38	0	1452
27209	1410	32	3	15	0	1460
27210	34	7	6	1409	0	1456
27211	9	1384	6	36	0	1435
27212	12	33	6	1348	0	1399
27213	7	1355	4	41	0	1407
27214	7	39	1349	12	0	1407
27215	11	4	34	1332	0	1381
27216	4	10	7	1378	0	1399
27217	4	5	1362	41	0	1412
27218	1245	4	34	16	0	1299
27219	32	1342	8	16	0	1398
27220	12	32	9	1365	0	1418
27221	13	4	8	1361	0	1386
27222	10	13	4	1366	0	1393
27223	11	1350	7	37	0	1405
27224	1343	34	4	21	0	1402
27225	39	8	1350	20	0	1417
27226	11	7	1339	11	0	1368
27227	15	7	37	1319	0	1378
27228	11	3	14	1374	0	1402
27229	1341	5	9	53	0	1408
27230	33	1321	10	28	0	1392
27231	12	29	9	1350	0	1400
27232	1333	8	8	46	0	1395
27233	45	11	2	1325	0	1383
27234	1328	6	6	48	0	1388
27235	44	5	1296	10	0	1355
27236	13	1339	30	18	0	1400
27237	1314	35	11	17	0	1377
27238	43	8	1312	11	0	1374
27239	1282	8	39	9	0	1338
27240	45	6	1277	12	0	1340
27241	1269	2	42	11	0	1324
27242	47	7	13	1276	0	1343
27243	1291	4	10	38	0	1343
27244	44	4	10	1290	0	1348
27245	17	4	6	1310	0	1337
27246	1291	6	5	47	0	1349
27247	40	1264	7	13	0	1324
27248	12	35	7	1300	0	1354
27249	1300	7	4	46	0	1357
27250	1350	8	7	17	0	1382
27251	44	9	3	1348	0	1404
27252	22	4	7	1358	0	1391
27253	1348	4	6	47	0	1405
27254	42	8	1	1340	0	1391
27255	17	4	4	1323	0	1348
27256	1263	5	5	41	0	1314
27257	36	3	6	1209	0	1254
27258	11	2	1147	38	0	1198
27259	1074	4	24	21	0	1123
27260	31	5	1118	8	0	1162
27261	8	4	1001	5	0	1018
27262	860	1	45	3	0	909
27263	13	867	10	3	0	893
27264	7	9	1	818	0	835
27265	2	1	1	801	0	805
27266	3	1	1	834	0	839
27267	1	0	1	863	0	865
27268	897	0	1	17	0	915
27269	972	0	0	8	0	980
27270	997	1	0	7	0	1005
27271	27	0	1113	1	0	1141
27272	11	0	26	1174	0	1211
27273	8	0	12	1206	0	1226
27274	8	2	5	1172	0	1187
27275	3	1129	5	45	0	1182
27276	1	1173	1	21	0	1196
27277	1174	45	0	14	0	1233
27278	41	22	1	1186	0	1250
27279	20	11	0	1260	0	1291
27280	15	6	0	1304	0	1325
27281	9	8	1246	58	0	1321
27282	7	3	1244	28	0	1282
27283	1216	1	49	24	0	1290
27284	1289	1	23	16	0	1329
27285	57	2	16	1247	0	1322
27286	25	1229	8	41	0	1303
27287	27	37	2	1245	0	1311
27288	15	16	5	1272	0	1308
27289	6	12	1211	60	0	1289
27290	1223	6	36	36	0	1301
27291	44	3	17	1269	0	1333
27292	23	4	14	1237	0	1278
27293	1208	5	10	64	0	1287
27294	49	1272	2	34	0	1357
27295	1323	39	3	25	0	1390
27296	59	21	4	1279	0	1363
27297	30	1269	0	42	0	1341
27298	1298	40	2	31	0	1371
27299	47	23	7	1299	0	1376
27300	1281	14	5	48	0	1348
27301	1275	5	1	34	0	1315
27302	1272	2	2	29	0	1305
27303	71	1217	6	13	0	1307
27304	40	1232	4	10	0	1286
27305	29	58	2	1184	0	1273
27306	15	1234	4	53	0	1306
27307	1245	52	1	35	0	1333
27308	47	33	3	1242	0	1325
27309	1258	13	2	50	0	1323
27310	1286	5	3	36	0	1330
27311	77	9	6	1246	0	1338
27312	51	3	3	1319	0	1376
27313	1316	6	2	72	0	1396
27314	1346	11	2	46	0	1405
27315	1397	6	2	27	0	1432
27316	1412	11	1	20	0	1444
27317	1439	7	1	16	0	1463
27318	85	6	0	1362	0	1453
27319	54	5	1	1392	0	1452
27320	33	12	2	1417	0	1464
27321	1367	7	7	76	0	1457
27322	52	4	3	1375	0	1434
27323	39	1341	4	72	0	1456
27324	35	38	1	1395	0	1469
27325	1359	31	2	62	0	1454
27326	1374	22	4	41	0	1441
27327	77	9	1316	29	0	1431
27328	52	9	34	1299	0	1394
27329	31	1332	26	51	0	1440
27330	1362	35	11	44	0	1452
27331	54	1384	7	25	0	1470
27332	41	45	5	1401	0	1492
27333	1421	28	3	65	0	1517
27334	1435	18	1	40	0	1494
27335	83	1389	4	27	0	1503
27336	50	44	2	1390	0	1486
27337	29	33	1378	52	0	1492
27338	1351	14	39	38	0	1442
27339	55	12	1388	30	0	1485
27340	1400	13	49	19	0	1481
27341	1445	8	28	21	0	1502
27342	78	10	11	1420	0	1519
27343	1491	7	8	51	0	1557
27344	1509	7	5	42	0	1563
27345	1519	12	3	33	0	1567
27346	94	12	2	1468	0	1576
27347	1506	5	5	56	0	1572
27348	81	12	4	1477	0	1574
27349	49	10	8	1472	0	1539
27350	26	1438	3	80	0	1547
27351	34	46	3	1403	0	1486
27352	28	1449	4	53	0	1534
27353	1426	50	3	42	0	1521
27354	1447	30	8	27	0	1512
27355	90	14	2	1414	0	1520
27356	56	7	5	1448	0	1516
27357	1436	12	4	67	0	1519
27358	59	5	1383	48	0	1495
27359	1402	2	41	40	0	1485
27360	74	10	23	1395	0	1502
27361	47	6	1358	47	0	1458
27362	1357	8	35	40	0	1440
27363	1384	5	22	27	0	1438
27364	81	7	1330	20	0	1438
27365	1332	9	35	28	0	1404
27366	56	3	1296	22	0	1377
27367	43	1281	42	13	0	1379
27368	1256	41	30	17	0	1344
27369	1237	19	17	14	0	1287
27370	59	1178	7	15	0	1259
27371	30	1051	6	9	0	1096
27372	967	26	9	13	0	1015
27373	970	12	4	9	0	995
27374	31	11	3	990	0	1035
27375	27	3	968	19	0	1017
27376	12	4	930	19	0	965
27377	986	8	16	9	0	1019
27378	20	6	976	14	0	1016
27379	922	5	40	12	0	979
27380	18	6	12	905	0	941
27381	17	3	3	917	0	940
27382	9	5	908	23	0	945
27383	921	2	12	10	0	945
27384	26	1	10	925	0	962
27385	19	1	7	979	0	1006
27386	956	2	4	25	0	987
27387	955	0	4	17	0	976
27388	956	1	8	12	0	977
27389	33	970	0	5	0	1008
27390	16	11	941	9	0	977
27391	921	7	11	14	0	953
27392	952	0	10	14	0	976
27393	31	927	2	2	0	962
27394	857	7	5	11	0	880
27395	12	3	1	850	0	866
27396	5	2	873	9	0	889
27397	866	3	8	6	0	883
27398	892	2	5	5	0	904
27399	889	2	0	9	0	900
27400	892	2	1	6	0	901
27401	12	3	0	886	0	901
27402	12	0	1	888	0	901
27403	894	1	0	13	0	908
27404	10	1	1	889	0	901
27405	5	1	2	868	0	876
27406	3	854	5	11	0	873
27407	10	7	2	876	0	895
27408	6	3	3	876	0	888
27409	10	0	2	873	0	885
27410	3	0	3	877	0	883
27411	4	868	1	14	0	887
27412	8	7	5	847	0	867
27413	8	5	1	821	0	835
27414	4	0	816	13	0	833
27415	2	2	779	8	0	791
27416	4	791	12	1	0	808
27417	951	9	1	4	0	965
27418	17	955	0	0	0	972
27419	5	13	0	995	0	1013
27420	2	3	1089	12	0	1106
27421	1129	1	16	7	0	1153
27422	22	2	4	1169	0	1197
27423	1154	2	0	22	0	1178
27424	1158	2	2	11	0	1173
27425	19	1165	2	3	0	1189
27426	1156	18	3	6	0	1183
27427	20	1201	3	4	0	1228
27428	15	17	0	1257	0	1289
27429	6	1252	5	22	0	1285
27430	5	23	1225	7	0	1260
27431	3	1247	21	3	0	1274
27432	7	19	6	1228	0	1260
27433	1224	9	0	25	0	1258
27434	17	1241	6	8	0	1272
27435	8	21	2	1229	0	1260
27436	6	8	2	1249	0	1265
27437	6	1	1242	30	0	1279
27438	5	3	22	1241	0	1271
27439	3	4	1247	23	0	1277
27440	1191	3	20	15	0	1229
27441	25	0	1256	4	0	1285
27442	10	1260	23	3	0	1296
27443	4	25	8	1233	0	1270
27444	8	6	3	1225	0	1242
27445	11	3	3	1240	0	1257
27446	1244	2	3	36	0	1285
27447	25	6	1	1227	0	1259
27448	7	1224	7	26	0	1264
27449	1196	28	0	14	0	1238
27450	27	1197	3	9	0	1236
27451	17	24	2	1196	0	1239
27452	1187	10	2	28	0	1227
27453	30	1174	3	14	0	1221
27454	13	1238	0	9	0	1260
27455	1230	33	2	6	0	1271
27456	1244	9	2	11	0	1266
27457	39	6	1221	1	0	1267
27458	1231	6	22	6	0	1265
27459	31	7	1257	4	0	1299
27460	20	8	27	1251	0	1306
27461	5	5	1264	32	0	1306
27462	10	5	31	1254	0	1300
27463	6	7	1267	30	0	1310
27464	10	7	28	1235	0	1280
27465	7	7	11	1277	0	1302
27466	1244	5	4	43	0	1296
27467	31	5	1231	16	0	1283
27468	1177	3	33	13	0	1226
27469	29	4	1216	12	0	1261
27470	12	4	1211	7	0	1234
27471	14	5	38	1169	0	1226
27472	1188	5	15	35	0	1243
27473	38	1189	7	12	0	1246
27474	1172	33	7	9	0	1221
27475	1178	10	7	16	0	1211
27476	42	1169	6	10	0	1227
27477	1180	32	4	9	0	1225
27478	35	11	1168	14	0	1228
27479	23	7	32	1170	0	1232
27480	1194	3	9	38	0	1244
27481	32	1197	8	12	0	1249
27482	16	31	4	1180	0	1231
27483	14	12	4	1198	0	1228
27484	4	8	4	1215	0	1231
27485	15	10	5	1214	0	1244
27486	1200	7	3	46	0	1256
27487	1201	8	5	24	0	1238
27488	1222	3	8	15	0	1248
27489	1199	5	6	17	0	1227
27490	41	10	1179	8	0	1238
27491	1169	5	29	18	0	1221
27492	1210	6	16	8	0	1240
27493	44	1178	7	13	0	1242
27494	18	1213	12	11	0	1254
27495	14	42	8	1183	0	1247
27496	14	12	9	1214	0	1249
27497	18	3	1168	45	0	1234
27498	11	1215	35	17	0	1278
27499	15	32	16	1187	0	1250
27500	7	1213	10	38	0	1268
27501	11	34	12	1239	0	1296
27502	13	16	8	1253	0	1290
27503	14	1279	7	40	0	1340
27504	12	40	6	1296	0	1354
27505	18	17	1304	37	0	1376
27506	14	8	1287	20	0	1329
27507	1270	8	44	12	0	1334
27508	1330	3	17	17	0	1367
27509	41	1302	19	12	0	1374
27510	1311	30	10	16	0	1367
27511	42	11	12	1305	0	1370
27512	1293	12	5	38	0	1348
27513	36	1292	5	20	0	1353
27514	27	29	1263	13	0	1332
27515	1239	11	34	21	0	1305
27516	41	6	1294	15	0	1356
27517	19	3	1106	7	0	1135
27518	15	6	1104	5	0	1130
27519	13	1065	36	4	0	1118
27520	975	28	21	9	0	1033
27521	934	15	6	9	0	964
27522	29	3	2	925	0	959
27523	13	5	3	930	0	951
27524	3	961	1	28	0	993
27525	951	20	2	17	0	990
27526	19	958	5	9	0	991
27527	10	939	3	8	0	960
27528	894	16	5	6	0	921
27529	15	11	1	885	0	912
27530	8	1	0	897	0	906
27531	4	6	2	901	0	913
27532	5	872	3	24	0	904
27533	859	12	1	14	0	886
27534	18	8	2	849	0	877
27535	7	835	3	16	0	861
27536	5	824	5	5	0	839
27537	8	11	7	785	0	811
27538	5	793	5	10	0	813
27539	7	10	3	789	0	809
27540	765	5	2	17	0	789
27541	16	5	749	4	0	774
27542	7	784	8	7	0	806
27543	6	8	6	787	0	807
27544	2	9	803	12	0	826
27545	777	3	12	10	0	802
27546	12	14	5	806	0	837
27547	811	1	2	7	0	821
27548	808	3	0	6	0	817
27549	10	853	0	5	0	868
27550	874	6	1	7	0	888
27551	863	2	1	9	0	875
27552	855	4	1	5	0	865
27553	12	4	1	844	0	861
27554	7	1	1	844	0	853
27555	4	3	3	847	0	857
27556	3	2	846	12	0	863
27557	3	823	8	8	0	842
27558	808	7	3	8	0	826
27559	5	812	1	4	0	822
27560	5	5	3	816	0	829
27561	3	2	822	4	0	831
27562	749	1	4	8	0	762
27563	5	806	1	3	0	815
27564	7	3	3	805	0	818
27565	3	4	1	805	0	813
27566	3	1	793	6	0	803
27567	4	789	3	3	0	799
27568	2	3	3	790	0	798
27569	1	4	1	793	0	799
27570	3	2	1	767	0	773
27571	759	2	2	8	0	771
27572	6	0	758	4	0	768
27573	2	749	4	3	0	758
27574	747	4	1	7	0	759
27575	4	764	1	3	0	772
27576	2	4	3	742	0	751
27577	1	755	5	1	0	762
27578	728	4	0	9	0	741
27579	722	4	1	4	0	731
27580	8	2	1	756	0	767
27581	7	2	1	747	0	757
27582	5	2	3	791	0	801
27583	4	3	804	5	0	816
27584	4	849	3	8	0	864
27585	5	4	4	1033	0	1046
27586	2	5	1	1048	0	1056
27587	4	4	2	1057	0	1067
27588	3	3	1	1057	0	1064
27589	2	2	1040	25	0	1069
27590	3	1128	9	17	0	1157
27591	6	15	6	1173	0	1200
27592	1	11	5	1283	0	1300
27593	0	6	1275	27	0	1308
27594	7	9	18	1199	0	1233
27595	3	1213	12	27	0	1255
27596	2	1254	6	14	0	1276
27597	6	21	5	1251	0	1283
27598	2	14	1200	29	0	1245
27599	1110	7	19	24	0	1160
27600	16	1195	13	11	0	1235
27601	11	19	1176	14	0	1220
27602	6	14	1172	13	0	1205
27603	3	1146	27	9	0	1185
27604	5	21	1186	10	0	1222
27605	9	22	31	1150	0	1212
27606	1135	11	18	23	0	1187
27607	1128	8	6	21	0	1163
27608	1134	11	9	11	0	1165
27609	1158	4	9	23	0	1194
27610	29	1196	6	10	0	1241
27611	1179	24	8	9	0	1220
27612	32	1204	7	7	0	1250
27613	17	29	1188	11	0	1245
27614	18	18	27	1122	0	1185
27615	10	1209	15	22	0	1256
27616	11	29	12	1194	0	1246
27617	1158	21	13	28	0	1220
27618	32	10	3	1164	0	1209
27619	15	1197	8	29	0	1249
27620	1192	23	12	20	0	1247
27621	34	14	1177	17	0	1242
27622	23	16	25	1176	0	1240
27623	16	11	15	1198	0	1240
27624	1158	8	7	35	0	1208
27625	25	1160	10	25	0	1220
27626	14	32	1153	15	0	1214
27627	25	14	17	1147	0	1203
27628	14	15	1167	23	0	1219
27629	7	1133	26	27	0	1193
27630	15	1174	11	22	0	1222
27631	1156	41	8	20	0	1225
27632	28	26	1160	14	0	1228
27633	1168	16	30	13	0	1227
27634	24	15	26	1149	0	1214
27635	19	1172	14	37	0	1242
27636	1170	32	10	22	0	1234
27637	31	24	1211	17	0	1283
27638	25	14	24	1202	0	1265
27639	18	8	25	1208	0	1259
27640	20	13	15	1194	0	1242
27641	8	1200	17	44	0	1269
27642	1142	34	16	28	0	1220
27643	26	1169	7	21	0	1223
27644	19	1191	13	15	0	1238
27645	13	36	20	1173	0	1242
27646	1168	21	4	36	0	1229
27647	1149	15	11	23	0	1198
27648	1127	25	5	14	0	1171
27649	47	1084	12	11	0	1154
27650	20	33	11	1089	0	1153
27651	18	24	1083	30	0	1155
27652	15	12	24	1094	0	1145
27653	14	10	19	1074	0	1117
27654	16	1083	9	35	0	1143
27655	1100	25	6	23	0	1154
27656	27	30	5	1060	0	1122
27657	21	1103	4	41	0	1169
27658	1105	27	13	22	0	1167
27659	36	20	1090	24	0	1170
27660	1058	16	22	21	0	1117
27661	34	1095	15	12	0	1156
27662	1113	35	12	10	0	1170
27663	1117	21	8	24	0	1170
27664	38	25	1113	10	0	1186
27665	1126	14	19	21	0	1180
27666	32	11	1186	12	0	1241
27667	37	12	1189	13	0	1251
27668	1182	19	34	12	0	1247
27669	1217	10	23	10	0	1260
27670	41	18	1199	11	0	1269
27671	36	11	32	1188	0	1267
27672	25	12	25	1168	0	1230
27673	25	1256	20	32	0	1333
27674	1220	28	15	30	0	1293
27675	1267	20	10	17	0	1314
27676	55	15	1237	11	0	1318
27677	1255	15	31	5	0	1306
27678	1291	7	20	15	0	1333
27679	41	1262	20	17	0	1340
27680	31	32	17	1220	0	1300
27681	30	16	15	1208	0	1269
27682	33	13	10	1212	0	1268
27683	1170	10	16	37	0	1233
27684	32	1123	9	29	0	1193
27685	20	23	7	914	0	964
27686	10	918	10	24	0	962
27687	19	30	3	861	0	913
27688	14	862	4	19	0	899
27689	8	886	11	15	0	920
27690	810	10	6	7	0	833
27691	790	10	4	10	0	814
27692	11	10	0	707	0	728
27693	3	4	1	720	0	728
27694	1	1	1	728	0	731
27695	2	4	0	722	0	728
27696	5	4	3	710	0	722
27697	5	703	0	9	0	717
27698	5	7	2	712	0	726
27699	1	5	0	720	0	726
27700	693	6	0	15	0	714
27701	8	4	1	699	0	712
27702	4	4	3	692	0	703
27703	7	2	695	10	0	714
27704	8	4	6	675	0	693
27705	5	3	2	711	0	721
27706	5	0	726	15	0	746
27707	5	731	9	7	0	752
27708	2	9	748	7	0	766
27709	3	2	739	9	0	753
27710	2	712	9	1	0	724
27711	711	4	4	6	0	725
27712	721	1	1	5	0	728
27713	5	1	0	712	0	718
27714	720	0	0	7	0	727
27715	5	1	736	5	0	747
27716	4	3	4	749	0	760
27717	2	1	856	8	0	867
27718	5	0	5	862	0	872
27719	2	1	2	881	0	886
27720	3	2	2	893	0	900
27721	911	3	0	9	0	923
27722	7	1	2	906	0	916
27723	897	2	1	14	0	914
27724	901	3	0	13	0	917
27725	7	901	3	4	0	915
27726	908	6	1	6	0	921
27727	7	922	3	4	0	936
27728	5	7	0	914	0	926
27729	3	5	2	913	0	923
27730	2	5	1	927	0	935
27731	4	4	918	10	0	936
27732	3	905	6	9	0	923
27733	4	9	1	881	0	895
27734	6	4	1	893	0	904
27735	8	915	1	9	0	933
27736	908	4	2	9	0	923
27737	7	885	0	10	0	902
27738	875	7	3	12	0	897
27739	7	895	0	11	0	913
27740	6	7	2	875	0	890
27741	3	892	3	12	0	910
27742	908	11	0	8	0	927
27743	909	2	4	11	0	926
27744	895	2	2	8	0	907
27745	886	1	2	9	0	898
27746	10	4	898	6	0	918
27747	891	3	7	15	0	916
27748	930	2	4	12	0	948
27749	927	2	4	11	0	944
27750	8	3	923	7	0	941
27751	900	6	7	11	0	924
27752	8	949	6	2	0	965
27753	962	7	4	8	0	981
27754	8	5	998	7	0	1018
27755	994	5	4	8	0	1011
27756	1021	4	4	7	0	1036
27757	14	0	2	1025	0	1041
27758	7	3	1005	8	0	1023
27759	996	1	4	14	0	1015
27760	6	4	5	1020	0	1035
27761	7	1	4	1025	0	1037
27762	5	6	1019	6	0	1036
27763	952	0	7	13	0	972
27764	1013	3	3	11	0	1030
27765	13	996	5	5	0	1019
27766	11	7	0	971	0	989
27767	11	1	0	944	0	956
27768	10	2	2	932	0	946
27769	5	954	6	8	0	973
27770	959	5	1	12	0	977
27771	8	3	4	959	0	974
27772	6	5	6	947	0	964
27773	903	4	3	10	0	920
27774	874	0	1	18	0	893
27775	7	3	2	895	0	907
27776	10	5	2	893	0	910
27777	6	3	858	7	0	874
27778	813	2	5	9	0	829
27779	10	881	2	3	0	896
27780	6	8	1	914	0	929
27781	3	1	2	950	0	956
27782	2	991	0	12	0	1005
27783	8	7	2	1016	0	1033
27784	1082	5	1	17	0	1105
27785	16	2	1	1339	0	1358
27786	13	1	3	1357	0	1374
27787	3	2	3	1402	0	1410
27788	5	2	1380	48	0	1435
27789	9	1	20	1398	0	1428
27790	3	3	1369	36	0	1411
27791	4	1333	29	24	0	1390
27792	12	26	18	1329	0	1385
27793	14	21	7	1337	0	1379
27794	8	9	6	1362	0	1385
27795	9	5	4	1353	0	1371
27796	4	2	1	1387	0	1394
27797	1312	2	3	52	0	1369
27798	28	2	1334	32	0	1396
27799	18	1307	26	17	0	1368
27800	8	1405	19	14	0	1446
27801	7	37	9	1378	0	1431
27802	8	22	6	1417	0	1453
27803	6	13	4	1407	0	1430
27804	5	1369	3	56	0	1433
27805	8	24	3	1387	0	1422
27806	3	19	1355	40	0	1417
27807	3	1353	24	29	0	1409
27808	5	29	14	1360	0	1408
27809	1338	15	8	38	0	1399
27810	30	8	6	1349	0	1393
27811	21	4	1	1339	0	1365
27812	8	1301	6	46	0	1361
27813	7	1381	3	26	0	1417
27814	10	33	6	1382	0	1431
27815	6	19	2	1405	0	1432
27816	2	12	1347	50	0	1411
27817	4	8	23	1258	0	1293
27818	9	6	17	1285	0	1317
27819	8	4	8	1285	0	1305
27820	7	7	6	1310	0	1330
27821	1247	6	3	67	0	1323
27822	1256	5	6	40	0	1307
27823	45	5	4	1275	0	1329
27824	23	6	4	1324	0	1357
27825	1293	4	3	61	0	1361
27826	39	4	3	1367	0	1413
27827	20	4	1399	55	0	1478
27828	10	1425	36	39	0	1510
27829	11	31	22	1439	0	1503
27830	3	18	9	1484	0	1514
27831	1459	7	8	68	0	1542
27832	36	11	3	1493	0	1543
27833	25	5	4	1536	0	1570
27834	1491	7	4	68	0	1570
27835	35	6	3	1508	0	1552
27836	21	1490	8	49	0	1568
27837	16	32	5	1586	0	1639
27838	12	24	1	1660	0	1697
27839	10	12	3	1656	0	1681
27840	10	6	5	1675	0	1696
27841	5	5	1587	77	0	1674
27842	6	10	1577	41	0	1634
27843	7	11	49	1612	0	1679
27844	5	8	22	1617	0	1652
27845	8	1633	16	65	0	1722
27846	5	35	11	1617	0	1668
27847	5	1620	9	57	0	1691
27848	1610	42	4	45	0	1701
27849	33	1715	6	31	0	1785
27850	22	43	3	1751	0	1819
27851	13	20	5	1787	0	1825
27852	10	15	1711	68	0	1804
27853	1634	10	33	52	0	1729
27854	1655	6	18	39	0	1718
27855	56	1664	14	25	0	1759
27856	31	35	9	1654	0	1729
27857	20	17	1742	52	0	1831
27858	12	1781	35	35	0	1863
27859	1748	39	19	32	0	1838
27860	1779	19	10	28	0	1836
27861	55	15	1718	15	0	1803
27862	1729	11	32	26	0	1798
27863	51	6	17	1752	0	1826
27864	35	1746	7	47	0	1835
27865	1762	34	11	34	0	1841
27866	49	22	9	1760	0	1840
27867	1786	15	3	53	0	1857
27868	1834	8	5	37	0	1884
27869	58	9	3	1798	0	1868
27870	34	6	1794	52	0	1886
27871	1823	10	34	40	0	1907
27872	1879	7	23	26	0	1935
27873	1886	7	11	24	0	1928
27874	58	1911	11	19	0	1999
27875	37	40	6	1918	0	2001
27876	22	17	5	2004	0	2048
27877	12	15	1983	61	0	2071
27878	13	18	35	1954	0	2020
27879	13	1946	19	54	0	2032
27880	1919	37	11	43	0	2010
27881	40	1907	9	25	0	1981
27882	24	39	1880	24	0	1967
27883	15	1870	34	17	0	1936
27884	14	1876	20	10	0	1920
27885	15	19	20	1567	0	1621
27886	1566	8	10	21	0	1605
27887	1547	11	2	13	0	1573
27888	1540	7	0	11	0	1558
27889	22	1570	0	9	0	1601
27890	10	14	1545	5	0	1574
27891	1529	6	14	5	0	1554
27892	1577	7	6	10	0	1600
27893	18	1572	6	4	0	1600
27894	1594	16	8	7	0	1625
27895	31	4	2	1599	0	1636
27896	14	8	1654	17	0	1693
27897	1644	8	18	11	0	1681
27898	1644	6	7	16	0	1673
27899	1696	1	9	12	0	1718
27900	30	5	3	1654	0	1692
27901	20	4	3	1680	0	1707
27902	12	3	1	1744	0	1760
27903	7	1735	6	27	0	1775
27904	18	23	4	1779	0	1824
27905	12	8	3	1998	0	2021
27906	7	12	1989	44	0	2052
27907	11	7	27	1973	0	2018
27908	8	5	7	2020	0	2040
27909	6	5	9	2017	0	2037
27910	12	3	9	1999	0	2023
27911	10	1973	3	53	0	2039
27912	9	30	7	1995	0	2041
27913	11	8	5	2006	0	2030
27914	1946	9	11	61	0	2027
27915	31	10	1925	34	0	2000
27916	15	7	1874	32	0	1928
27917	1855	6	33	33	0	1927
27918	1953	4	16	31	0	2004
27919	40	10	15	1805	0	1870
27920	20	1927	14	34	0	1995
27921	1943	26	7	34	0	2010
27922	50	8	8	1913	0	1979
27923	24	1934	11	26	0	1995
27924	1930	27	11	24	0	1992
27925	37	1935	7	17	0	1996
27926	1896	29	2	20	0	1947
27927	1829	19	1	18	0	1867
27928	41	1777	6	16	0	1840
27929	29	31	4	1789	0	1853
27930	24	17	1770	28	0	1839
27931	24	21	20	1727	0	1792
27932	1755	9	10	34	0	1808
27933	32	9	1719	22	0	1782
27934	23	1706	28	16	0	1773
27935	24	29	9	1701	0	1763
27936	13	23	1704	29	0	1769
27937	9	1673	25	25	0	1732
27938	1635	23	15	23	0	1696
27939	25	13	15	1661	0	1714
27940	26	11	11	1656	0	1704
27941	19	12	14	1646	0	1691
27942	11	1638	14	32	0	1695
27943	1625	28	6	42	0	1701
27944	26	1607	11	22	0	1666
27945	14	1629	3	29	0	1675
27946	1626	34	4	20	0	1684
27947	1614	17	3	32	0	1666
27948	33	23	1564	20	0	1640
27949	1515	11	20	22	0	1568
27950	1514	15	14	12	0	1555
27951	45	15	14	1472	0	1546
27952	34	14	1461	25	0	1534
27953	29	12	17	1457	0	1515
27954	1471	9	10	39	0	1529
27955	39	5	1478	25	0	1547
27956	28	10	37	1561	0	1636
27957	36	3	14	1756	0	1809
27958	23	9	16	1948	0	1996
27959	1953	8	12	79	0	2052
27960	53	2005	14	37	0	2109
27961	2012	43	10	31	0	2096
27962	67	21	2004	23	0	2115
27963	44	17	46	1938	0	2045
27964	23	2042	21	61	0	2147
27965	2045	47	14	49	0	2155
27966	61	22	16	2039	0	2138
27967	39	17	2000	62	0	2118
27968	32	27	46	1991	0	2096
27969	1960	11	25	65	0	2061
27970	48	1945	24	40	0	2057
27971	38	48	14	1760	0	1860
27972	21	1925	13	64	0	2023
27973	1908	59	14	32	0	2013
27974	1852	33	10	44	0	1939
27975	70	1845	16	24	0	1955
27976	1818	48	12	30	0	1908
27977	75	25	5	1710	0	1815
27978	29	1786	6	54	0	1875
27979	1757	60	2	40	0	1859
27980	1808	33	4	28	0	1873
27981	71	1701	12	21	0	1805
27982	45	1738	13	11	0	1807
27983	1747	59	7	19	0	1832
27984	70	31	6	1726	0	1833
27985	1748	26	6	60	0	1840
27986	72	30	1	1724	0	1827
27987	51	17	1688	54	0	1810
27988	43	15	43	1731	0	1832
27989	1704	23	16	64	0	1807
27990	63	21	1692	31	0	1807
27991	54	12	48	1698	0	1812
27992	29	15	17	1783	0	1844
27993	38	13	1725	68	0	1844
27994	1696	7	49	49	0	1801
27995	60	18	28	1699	0	1805
27996	29	16	1627	70	0	1742
27997	1549	6	58	43	0	1656
27998	57	1647	31	43	0	1778
27999	30	1674	18	34	0	1756
28000	25	1703	22	27	0	1777
28001	21	59	1609	29	0	1718
28002	23	43	50	1543	0	1659
28003	23	19	1549	57	0	1648
28004	18	32	42	1328	0	1420
28005	11	1288	22	46	0	1367
28006	10	1318	13	27	0	1368
28007	22	44	13	1289	0	1368
28008	1298	22	12	40	0	1372
28009	39	11	8	1327	0	1385
28010	14	12	9	1317	0	1352
28011	15	1294	12	47	0	1368
28012	1298	34	5	26	0	1363
28013	31	1314	7	19	0	1371
28014	16	43	6	1314	0	1379
28015	16	22	4	1323	0	1365
28016	15	1310	6	49	0	1380
28017	13	40	7	1321	0	1381
28018	1293	17	6	58	0	1374
28019	43	19	3	1318	0	1383
28020	32	23	5	1303	0	1363
28021	22	1301	7	48	0	1378
28022	27	36	8	1322	0	1393
28023	1279	19	11	54	0	1363
28024	1295	19	6	33	0	1353
28025	1330	21	5	25	0	1381
28026	65	18	4	1312	0	1399
28027	40	11	1271	50	0	1372
28028	22	13	1297	31	0	1363
28029	29	12	42	1302	0	1385
28030	1324	17	16	60	0	1417
28031	49	22	14	1319	0	1404
28032	1348	15	9	53	0	1425
28033	63	13	2	1342	0	1420
28034	37	10	5	1383	0	1435
28035	1367	12	8	60	0	1447
28036	55	17	1317	31	0	1420
28037	1340	13	37	28	0	1418
28038	55	13	1322	24	0	1414
28039	41	13	34	1327	0	1415
28040	1337	8	23	46	0	1414
28041	56	9	1325	32	0	1422
28042	26	17	1346	24	0	1413
28043	1328	14	46	20	0	1408
28044	56	9	1352	17	0	1434
28045	35	1323	39	22	0	1419
28046	24	37	25	1368	0	1454
28047	1452	17	18	57	0	1544
28048	46	9	1466	38	0	1559
28049	1461	8	45	30	0	1544
28050	1527	5	28	25	0	1585
28051	1526	5	24	20	0	1575
28052	1528	9	25	25	0	1587
28053	56	11	15	1477	0	1559
28054	41	1466	11	51	0	1569
28055	1442	36	16	33	0	1527
28056	45	16	1333	20	0	1414
28057	8	1045	23	15	0	1091
28058	923	13	9	7	0	952
28059	15	834	2	3	0	854
28060	2	879	5	3	0	889
28061	35	14	4	840	0	893
28062	6	4	6	870	0	886
28063	3	2	1	873	0	879
28064	878	1	2	19	0	900
28065	919	0	6	8	0	933
28066	23	0	4	947	0	974
28067	10	0	2	1025	0	1037
28068	3	3	1052	26	0	1084
28069	1030	4	22	14	0	1070
28070	1079	0	7	7	0	1093
28071	34	2	3	1070	0	1109
28072	10	0	4	1082	0	1096
28073	10	5	1057	31	0	1103
28074	6	0	25	1051	0	1082
28075	8	2	1113	25	0	1148
28076	7	1133	20	11	0	1171
28077	4	23	1155	6	0	1188
28078	5	16	24	1109	0	1154
28079	6	1	1183	26	0	1216
28080	3	5	1127	8	0	1143
28081	1152	3	28	10	0	1193
28082	32	7	13	1228	0	1280
28083	8	5	1221	26	0	1260
28084	1153	3	26	14	0	1196
28085	31	2	1239	7	0	1279
28086	10	2	1343	7	0	1362
28087	8	1354	33	7	0	1402
28088	7	25	12	1357	0	1401
28089	6	8	1370	29	0	1413
28090	7	3	1331	14	0	1355
28091	6	0	37	1327	0	1370
28092	3	1	18	1341	0	1363
28093	6	1357	7	31	0	1401
28094	7	24	5	1375	0	1411
28095	1381	8	3	37	0	1429
28096	1388	4	7	29	0	1428
28097	1412	1	15	17	0	1445
28098	51	1	4	1351	0	1407
28099	18	1359	17	28	0	1422
28100	1374	27	14	15	0	1430
28101	31	1369	9	12	0	1421
28102	16	1336	6	17	0	1375
28103	7	1371	16	12	0	1406
28104	1370	35	18	9	0	1432
28105	31	14	10	1372	0	1427
28106	14	5	9	1368	0	1396
28107	12	1352	11	33	0	1408
28108	1338	30	9	25	0	1402
28109	34	15	1336	7	0	1392
28110	23	7	32	1328	0	1390
28111	1347	5	22	31	0	1405
28112	29	1367	13	22	0	1431
28113	1440	35	5	16	0	1496
28114	40	11	10	1444	0	1505
28115	14	1438	10	27	0	1489
28116	13	30	1439	15	0	1497
28117	1414	19	30	16	0	1479
28118	37	10	14	1479	0	1540
28119	1519	8	10	35	0	1572
28120	37	4	4	1518	0	1563
28121	16	1499	7	33	0	1555
28122	15	29	1510	15	0	1569
28123	7	15	1553	10	0	1585
28124	9	18	33	1518	0	1578
28125	1552	7	15	27	0	1601
28126	1548	9	3	19	0	1579
28127	43	3	2	1544	0	1592
28128	21	4	2	1550	0	1577
28129	1580	8	5	42	0	1635
28130	28	4	14	1585	0	1631
28131	1576	9	1	38	0	1624
28132	31	1547	7	28	0	1613
28133	1568	26	11	11	0	1616
28134	36	14	1621	14	0	1685
28135	16	15	27	1633	0	1691
28136	16	5	18	1654	0	1693
28137	6	5	16	1672	0	1699
28138	6	1608	11	47	0	1672
28139	15	1511	5	23	0	1554
28140	22	34	10	1620	0	1686
28141	5	16	1630	41	0	1692
28142	12	6	30	1626	0	1674
28143	15	3	10	1663	0	1691
28144	7	1500	14	162	0	1683
28145	1612	23	8	22	0	1665
28146	27	1593	7	10	0	1637
28147	20	1607	5	12	0	1644
28148	9	26	18	1596	0	1649
28149	12	14	4	1627	0	1657
28150	12	11	8	1610	0	1641
28151	14	1	9	1623	0	1647
28152	1594	13	8	44	0	1659
28153	24	1622	4	22	0	1672
28154	1641	22	12	26	0	1701
28155	1690	10	19	9	0	1728
28156	32	10	7	1686	0	1735
28157	21	3	3	1701	0	1728
28158	1690	13	3	36	0	1742
28159	1675	6	4	30	0	1715
28160	43	15	1	1624	0	1683
28161	23	13	0	1633	0	1669
28162	16	11	1597	37	0	1661
28163	7	1551	24	28	0	1610
28164	13	1644	4	18	0	1679
28165	1599	20	7	19	0	1645
28166	30	7	1618	7	0	1662
28167	7	10	1476	11	0	1504
28168	1397	10	16	6	0	1429
28169	1497	5	7	11	0	1520
28170	13	1646	7	8	0	1674
28171	6	1741	0	13	0	1760
28172	13	8	2	1773	0	1796
28173	1860	4	0	24	0	1888
28174	1878	3	0	22	0	1903
28175	1865	2	1	21	0	1889
28176	14	3	8	1839	0	1864
28177	3	11	1	1865	0	1880
28178	8	10	1833	11	0	1862
28179	14	6	1658	5	0	1683
28180	6	2	1824	6	0	1838
28181	5	19	22	1805	0	1851
28182	1757	2	2	19	0	1780
28183	12	3	1814	2	0	1831
28184	5	1	8	1820	0	1834
28185	9	1890	1	11	0	1911
28186	1	10	1	1888	0	1900
28187	3	0	0	1860	0	1863
28188	2	1	1899	13	0	1915
28189	5	0	14	1988	0	2007
28190	2025	1	3	32	0	2061
28191	25	1	2087	8	0	2121
28192	13	0	22	2155	0	2190
28193	6	2	2209	24	0	2241
28194	5	2172	26	10	0	2213
28195	3	33	2199	3	0	2238
28196	4	11	29	2092	0	2136
28197	8	2	14	2236	0	2260
28198	3	2	2253	37	0	2295
28199	8	5	29	2200	0	2242
28200	9	3	16	2178	0	2206
28201	1	2234	6	43	0	2284
28202	4	23	2284	20	0	2331
28203	4	12	33	2225	0	2274
28204	10	4	14	2300	0	2328
28205	4	2270	7	42	0	2323
28206	8	27	7	2344	0	2386
28207	2326	14	8	42	0	2390
28208	28	7	4	2375	0	2414
28209	13	5	2362	37	0	2417
28210	2392	6	30	31	0	2459
28211	2527	3	14	20	0	2564
28212	55	2	2520	14	0	2591
28213	2370	1	35	21	0	2427
28214	48	2543	25	6	0	2622
28215	39	35	9	2749	0	2832
28216	22	18	10	2841	0	2891
28217	19	4	7	2744	0	2774
28218	14	7	5	2821	0	2847
28219	7	8	8	2828	0	2851
28220	2780	4	1	103	0	2888
28221	53	4	2747	48	0	2852
28222	2623	2	57	39	0	2721
28223	56	1	2726	32	0	2815
28224	39	3	49	2700	0	2791
28225	2716	2	30	71	0	2819
28226	65	1	15	2714	0	2795
28227	38	2711	16	58	0	2823
28228	2794	49	15	41	0	2899
28229	65	24	15	2929	0	3033
28230	36	8	2792	80	0	2916
28231	2712	8	43	72	0	2835
28232	67	3003	23	34	0	3127
28233	32	51	3034	36	0	3153
28234	31	24	51	3004	0	3110
28235	36	7	43	2854	0	2940
28236	24	2983	21	69	0	3097
28237	19	55	3015	31	0	3120
28238	19	27	58	2957	0	3061
28239	18	11	3121	75	0	3225
28240	22	13	58	3098	0	3191
28241	14	19	31	3126	0	3190
28242	14	19	3113	93	0	3239
28243	18	7	64	3081	0	3170
28244	33	8	49	2860	0	2950
28245	22	4	17	3258	0	3301
28246	14	17	24	3258	0	3313
28247	3106	8	27	113	0	3254
28248	55	4	3074	81	0	3214
28249	2911	2	62	70	0	3045
28250	65	13	2699	419	0	3196
28251	44	9	73	3048	0	3174
28252	30	6	42	3056	0	3134
28253	23	3009	35	92	0	3159
28254	392	107	29	66	0	594
28255	26	27	18	3241	0	3312
28256	17	3163	31	76	0	3287
28257	19	63	17	3393	0	3492
28258	3343	29	21	103	0	3496
28259	3325	19	6	87	0	3437
28260	3358	21	20	60	0	3459
28261	90	3360	11	54	0	3515
28262	54	51	3370	36	0	3511
28263	3292	37	64	43	0	3436
28264	3464	12	44	44	0	3564
28265	92	3436	20	43	0	3591
28266	3480	63	20	49	0	3612
28267	3355	43	18	44	0	3460
28268	3467	25	16	37	0	3545
28269	100	3503	23	35	0	3661
28270	70	66	12	3571	0	3719
28271	3533	40	11	95	0	3679
28272	3537	21	15	58	0	3631
28273	3515	20	12	34	0	3581
28274	3518	17	11	35	0	3581
28275	118	29	9	3443	0	3599
28276	72	25	3409	77	0	3583
28277	75	8	63	3360	0	3506
28278	67	3457	36	80	0	3640
28279	55	68	20	3561	0	3704
28280	46	39	3573	91	0	3749
28281	3528	19	69	61	0	3677
28282	98	14	44	3625	0	3781
28283	3630	26	21	97	0	3774
28284	3580	18	22	84	0	3704
28285	116	17	19	3638	0	3790
28286	74	11	3578	89	0	3752
28287	74	8	3343	63	0	3488
28288	3319	22	86	40	0	3467
28289	85	3403	35	57	0	3580
28290	55	3313	31	31	0	3430
28291	40	3342	32	34	0	3448
28292	36	3402	19	41	0	3498
28293	3283	64	23	41	0	3411
28294	3283	35	26	33	0	3377
28295	3275	20	24	36	0	3355
28296	3263	22	15	32	0	3332
28297	88	21	13	3188	0	3310
28298	61	3203	7	46	0	3317
28299	3146	47	12	50	0	3255
28300	75	28	3145	25	0	3273
28301	49	3158	54	19	0	3280
28302	40	52	3186	25	0	3303
28303	3083	33	46	20	0	3182
28304	3150	25	26	33	0	3234
28305	3176	34	13	19	0	3242
28306	83	26	19	3107	0	3235
28307	52	22	3112	48	0	3234
28308	43	3133	41	29	0	3246
28309	3076	43	29	18	0	3166
28310	70	3065	18	15	0	3168
28311	46	2911	11	28	0	2996
28312	32	2954	11	22	0	3019
28313	44	2951	11	25	0	3031
28314	31	48	2861	11	0	2951
28315	40	2869	35	13	0	2957
28316	2624	31	14	20	0	2689
28317	28	16	6	2605	0	2655
28318	17	12	6	2630	0	2665
28319	2608	6	8	36	0	2658
28320	25	2610	11	10	0	2656
28321	19	18	2628	5	0	2670
28322	20	17	15	2579	0	2631
28323	17	10	10	2614	0	2651
28324	17	12	10	2636	0	2675
28325	9	10	2639	23	0	2681
28326	12	9	2570	16	0	2607
28327	19	10	19	2561	0	2609
28328	13	12	2589	17	0	2631
28329	16	8	2406	10	0	2440
28330	2077	10	21	11	0	2119
28331	17	2332	11	14	0	2374
28332	21	2308	12	4	0	2345
28333	19	2312	10	8	0	2349
28334	14	22	6	2232	0	2274
28335	5	2324	10	24	0	2363
28336	2329	18	13	21	0	2381
28337	24	13	2369	4	0	2410
28338	2364	11	17	18	0	2410
28339	27	11	11	2434	0	2483
28340	20	8	10	2402	0	2440
28341	9	2508	11	32	0	2560
28342	2511	33	7	24	0	2575
28343	2452	14	9	20	0	2495
28344	39	2693	11	13	0	2756
28345	28	35	6	2632	0	2701
28346	12	19	2660	33	0	2724
28347	23	14	2656	17	0	2710
28348	8	2747	49	6	0	2810
28349	2739	48	23	18	0	2828
28350	48	18	2758	7	0	2831
28351	29	12	47	2658	0	2746
28352	2709	8	27	49	0	2793
28353	2752	11	14	29	0	2806
28354	61	3407	15	16	0	3499
28355	30	3633	13	13	0	3689
28356	3618	112	7	24	0	3761
28357	104	45	3621	13	0	3783
28358	3622	29	91	28	0	3770
28359	3728	15	38	23	0	3804
28360	134	17	28	3618	0	3797
28361	50	22	3665	90	0	3827
28362	30	23	3662	38	0	3753
28363	3533	7	126	23	0	3689
28364	106	17	3674	18	0	3815
28365	3487	16	109	23	0	3635
28366	3606	13	41	20	0	3680
28367	131	3587	29	9	0	3756
28368	56	114	3590	11	0	3771
28369	42	3575	111	8	0	3736
28370	3509	105	48	16	0	3678
28371	121	40	3473	7	0	3641
28372	76	40	100	3326	0	3542
28373	43	15	3468	103	0	3629
28374	29	14	3483	36	0	3562
28375	36	21	3464	15	0	3536
28376	50	11	3423	15	0	3499
28377	33	3270	150	12	0	3465
28378	36	100	3259	11	0	3406
28379	37	3169	126	15	0	3347
28380	48	106	3129	10	0	3293
28381	3051	46	140	11	0	3248
28382	125	29	56	2807	0	3017
28383	59	3108	38	73	0	3278
28384	3044	99	38	33	0	3214
28385	3078	45	43	34	0	3200
28386	2874	31	41	39	0	2985
28387	3071	20	40	25	0	3156
28388	132	3009	58	19	0	3218
28389	2910	111	45	24	0	3090
28390	3065	54	43	22	0	3184
28391	139	2949	45	14	0	3147
28392	62	120	2849	9	0	3040
28393	65	56	116	2736	0	2973
28394	55	2937	64	86	0	3142
28395	41	113	2973	48	0	3175
28396	38	63	2991	30	0	3122
28397	57	2900	157	8	0	3122
28398	60	2943	67	19	0	3089
28399	54	3161	54	20	0	3289
28400	73	3143	44	11	0	3271
28401	3102	160	39	23	0	3324
28402	3195	76	37	19	0	3327
28403	178	53	3143	11	0	3385
28404	93	57	3207	12	0	3369
28405	78	45	162	3082	0	3367
28406	60	37	88	3233	0	3418
28407	77	42	52	3267	0	3438
28408	3188	37	70	144	0	3439
28409	138	3156	79	60	0	3433
28410	66	3333	66	41	0	3506
28411	59	3474	59	30	0	3622
28412	3271	200	53	21	0	3545
28413	3380	104	61	23	0	3568
28414	196	90	44	3235	0	3565
28415	3377	53	60	124	0	3614
28416	3437	64	63	51	0	3615
28417	200	60	66	3334	0	3660
28418	3373	54	65	137	0	3629
28419	180	3297	71	82	0	3630
28420	112	133	71	3327	0	3643
28421	112	69	3343	134	0	3658
28422	90	3337	169	67	0	3663
28423	82	173	3379	48	0	3682
28424	93	107	169	3060	0	3429
28425	102	3376	105	101	0	3684
28426	114	153	94	3296	0	3657
28427	92	81	85	3420	0	3678
28428	106	74	3363	172	0	3715
28429	102	64	3554	72	0	3792
28430	85	57	215	3481	0	3838
28431	91	52	129	3310	0	3582
28432	82	3542	92	153	0	3869
28433	3367	179	95	82	0	3723
28434	165	3438	106	62	0	3771
28435	93	3560	84	45	0	3782
28436	87	183	3403	39	0	3712
28437	46	3350	186	46	0	3628
28438	60	174	113	3023	0	3370
28439	50	3311	91	126	0	3578
28440	58	152	69	3122	0	3401
28441	43	3184	71	139	0	3437
28442	3134	155	71	63	0	3423
28443	145	3196	66	52	0	3459
28444	84	130	49	2708	0	2971
28445	64	2916	44	108	0	3132
28446	2863	143	70	44	0	3120
28447	2876	84	33	38	0	3031
28448	161	2812	28	40	0	3041
28449	2710	141	29	37	0	2917
28450	147	83	32	2603	0	2865
28451	73	68	2608	105	0	2854
28452	69	53	2643	57	0	2822
28453	45	2644	125	34	0	2848
28454	1769	60	55	31	0	1915
28455	1734	31	17	18	0	1800
28456	61	18	1735	22	0	1836
28457	28	25	1716	10	0	1779
28458	1633	18	49	16	0	1716
28459	1701	21	26	23	0	1771
28460	57	17	1664	18	0	1756
28461	1562	16	42	17	0	1637
28462	39	1594	27	13	0	1673
28463	23	1705	22	12	0	1762
28464	19	55	10	1671	0	1755
28465	18	32	18	1702	0	1770
28466	1696	24	20	49	0	1789
28467	1648	26	15	25	0	1714
28468	1676	22	13	21	0	1732
28469	59	20	9	1649	0	1737
28470	34	12	21	1648	0	1715
28471	21	1572	18	42	0	1653
28472	23	1578	11	31	0	1643
28473	18	1678	6	20	0	1722
28474	18	46	15	1593	0	1672
28475	24	1681	9	34	0	1748
28476	28	54	1645	16	0	1743
28477	1563	43	23	17	0	1646
28478	41	26	1673	21	0	1761
28479	26	21	1686	20	0	1753
28480	1639	19	41	21	0	1720
28481	48	1715	24	15	0	1802
28482	1749	50	10	14	0	1823
28483	1743	26	10	23	0	1802
28484	52	22	1729	20	0	1823
28485	30	28	1781	13	0	1852
28486	19	1805	47	11	0	1882
28487	24	45	1831	14	0	1914
28488	31	20	43	1826	0	1920
28489	38	25	28	1526	0	1617
28490	19	1830	28	34	0	1911
28491	33	1908	14	20	0	1975
28492	1909	48	14	23	0	1994
28493	1943	36	16	19	0	2014
28494	48	21	31	1934	0	2034
28495	31	33	17	1966	0	2047
28496	1955	22	14	38	0	2029
28497	1950	28	8	26	0	2012
28498	44	1982	12	30	0	2068
28499	1858	37	12	14	0	1921
28500	54	1817	10	7	0	1888
28501	27	1902	10	8	0	1947
28502	1884	33	9	16	0	1942
28503	1883	31	6	11	0	1931
28504	49	17	1	1881	0	1948
28505	1865	19	6	24	0	1914
28506	40	18	1847	13	0	1918
28507	26	1859	22	17	0	1924
28508	1831	28	10	20	0	1889
28509	37	11	1875	8	0	1931
28510	22	31	23	1672	0	1748
28511	17	1716	15	15	0	1763
28512	23	1793	9	10	0	1835
28513	1807	23	13	12	0	1855
28514	19	16	1795	12	0	1842
28515	1708	10	22	7	0	1747
28516	37	9	9	1731	0	1786
28517	20	7	1728	10	0	1765
28518	1672	5	21	13	0	1711
28519	24	1802	14	11	0	1851
28520	11	1890	10	6	0	1917
28521	1914	23	6	6	0	1949
28522	1890	11	10	13	0	1924
28523	1915	19	1	16	0	1951
28524	29	4	4	1895	0	1932
28525	31	6	3	1919	0	1959
28526	23	3	1915	15	0	1956
28527	10	7	1810	21	0	1848
28528	12	1895	8	15	0	1930
28529	21	16	15	1763	0	1815
28530	1756	3	6	6	0	1771
28531	7	1742	3	7	0	1759
28532	5	5	1	1754	0	1765
28533	1739	8	2	9	0	1758
28534	8	1732	3	5	0	1748
28535	6	1812	1	6	0	1825
28536	7	8	1770	2	0	1787
28537	1729	4	6	5	0	1744
28538	1809	3	3	7	0	1822
28539	10	2	1787	2	0	1801
28540	1662	3	7	6	0	1678
28541	10	3	1795	1	0	1809
28542	6	1780	8	2	0	1796
28543	5	4	6	1794	0	1809
28544	1784	6	5	7	0	1802
28545	9	1760	0	5	0	1774
28546	5	1776	3	2	0	1786
28547	1745	8	1	8	0	1762
28548	7	7	1909	2	0	1925
28549	1803	6	3	4	0	1816
28550	5	1931	2	5	0	1943
28551	3	3	1897	1	0	1904
28552	1851	1	4	6	0	1862
28553	1927	2	3	5	0	1937
28554	5	2	3	1914	0	1924
28555	7	1	2	1926	0	1936
28556	4	1892	1	3	0	1900
28557	6	5	1909	4	0	1924
28558	7	0	3	1936	0	1946
28559	3	2	2028	5	0	2038
28560	2	5	2001	3	0	2011
28561	3	2	8	2174	0	2187
28562	2	1	2199	15	0	2217
28563	3	3	2099	7	0	2112
28564	7	1	25	2087	0	2120
28565	0	2	2164	17	0	2183
28566	2021	0	21	12	0	2054
28567	17	2097	12	3	0	2129
28568	8	19	2178	2	0	2207
28569	6	8	2267	3	0	2284
28570	6	3	22	2206	0	2237
28571	2386	4	10	20	0	2420
28572	2387	2	6	15	0	2410
28573	2388	0	8	12	0	2408
28574	2388	0	7	6	0	2401
28575	34	0	1	2340	0	2375
28576	15	2	2355	17	0	2389
28577	2298	1	26	9	0	2334
28578	2382	2	11	14	0	2409
28579	2382	1	13	8	0	2404
28580	33	3	2316	3	0	2355
28581	2228	7	15	11	0	2261
28582	28	2	15	2449	0	2494
28583	12	2520	16	19	0	2567
28584	14	22	6	2469	0	2511
28585	12	2517	7	25	0	2561
28586	2544	25	6	19	0	2594
28587	39	10	2565	12	0	2626
28588	28	10	42	2491	0	2571
28589	13	2535	22	42	0	2612
28590	9	2643	17	17	0	2686
28591	2634	43	16	7	0	2700
28592	2616	14	6	10	0	2646
28593	53	11	2516	5	0	2585
28594	2526	6	50	8	0	2590
28595	58	6	19	2573	0	2656
28596	21	7	2608	51	0	2687
28597	30	9	2556	16	0	2611
28598	28	7	48	2635	0	2718
28599	2765	11	19	63	0	2858
28600	66	24	12	2717	0	2819
28601	31	8	18	2733	0	2790
28602	26	2	19	2755	0	2802
28603	24	2758	9	64	0	2855
28604	22	52	9	2812	0	2895
28605	2765	26	8	59	0	2858
28606	62	2746	15	31	0	2854
28607	39	50	17	2803	0	2909
28608	2786	20	8	71	0	2885
28609	58	2725	7	33	0	2823
28610	29	2789	14	27	0	2859
28611	28	67	21	2741	0	2857
28612	2685	29	15	76	0	2805
28613	57	13	2670	41	0	2781
28614	36	12	2594	28	0	2670
28615	2635	18	70	32	0	2755
28616	2783	15	30	24	0	2852
28617	80	2792	22	18	0	2912
28618	49	56	17	2711	0	2833
28619	37	24	2710	62	0	2833
28620	27	18	2626	31	0	2702
28621	18	20	2789	30	0	2857
28622	25	2710	97	23	0	2855
28623	17	2822	45	14	0	2898
28624	2737	86	22	28	0	2873
28625	81	28	2755	26	0	2890
28626	2695	20	70	29	0	2814
28627	2796	17	40	22	0	2875
28628	104	18	2777	16	0	2915
28629	50	2825	78	20	0	2973
28630	64	77	30	2735	0	2906
28631	29	41	2880	80	0	3030
28632	24	30	2794	45	0	2893
28633	2719	20	102	37	0	2878
28634	85	2852	67	11	0	3015
28635	42	93	42	2725	0	2902
28636	35	39	20	2758	0	2852
28637	26	2744	26	84	0	2880
28638	35	2849	24	33	0	2941
28639	34	2862	31	32	0	2959
28640	41	103	25	2886	0	3055
28641	3015	47	25	97	0	3184
28642	114	25	24	3057	0	3220
28643	41	42	3026	106	0	3215
28644	21	25	3046	63	0	3155
28645	33	19	132	3051	0	3235
28646	18	23	3102	112	0	3255
28647	32	3070	111	44	0	3257
28648	30	109	48	3121	0	3308
28649	3236	44	23	133	0	3436
28650	3261	27	31	60	0	3379
28651	118	3300	16	46	0	3480
28652	3260	125	23	39	0	3447
28653	3351	69	21	33	0	3474
28654	3369	30	23	52	0	3474
28655	166	27	3008	32	0	3233
28656	3145	18	98	50	0	3311
28657	123	3161	60	39	0	3383
28658	60	100	3130	26	0	3316
28659	48	48	3159	24	0	3279
28660	38	3072	134	32	0	3276
28661	2956	105	70	18	0	3149
28662	121	43	23	2864	0	3051
28663	58	2879	26	95	0	3058
28664	2958	102	21	34	0	3115
28665	125	43	23	2975	0	3166
28666	3061	41	19	108	0	3229
28667	145	28	20	3038	0	3231
28668	72	13	2991	113	0	3189
28669	40	35	2948	38	0	3061
28670	43	26	2988	24	0	3081
28671	44	26	126	2820	0	3016
28672	37	29	63	2927	0	3056
28673	35	26	2887	126	0	3074
28674	36	2885	128	54	0	3103
28675	2944	112	49	43	0	3148
28676	2979	41	38	40	0	3098
28677	129	3012	35	44	0	3220
28678	75	136	36	3058	0	3305
28679	58	45	3142	116	0	3361
28680	3066	32	117	66	0	3281
28681	147	32	3154	39	0	3372
28682	71	26	2972	38	0	3107
28683	46	29	3025	23	0	3123
28684	2859	22	174	24	0	3079
28685	123	20	2937	33	0	3113
28686	65	2739	125	42	0	2971
28687	46	2876	83	39	0	3044
28688	47	127	60	2717	0	2951
28689	57	69	42	2809	0	2977
28690	57	33	2768	119	0	2977
28691	2667	41	115	49	0	2872
28692	2851	43	60	48	0	3002
28693	136	27	55	2817	0	3035
28694	2823	23	55	99	0	3000
28695	120	2760	49	60	0	2989
28696	2781	97	60	35	0	2973
28697	120	2709	53	41	0	2923
28698	71	2747	46	30	0	2894
28699	2633	100	51	36	0	2820
28700	2623	52	47	33	0	2755
28701	2746	49	27	29	0	2851
28702	2763	40	30	42	0	2875
28703	132	28	2570	46	0	2776
28704	2530	30	103	31	0	2694
28705	138	20	63	2467	0	2688
28706	101	2547	36	77	0	2761
28707	2552	85	28	51	0	2716
28708	120	2541	30	29	0	2720
28709	2596	92	27	28	0	2743
28710	127	58	32	2529	0	2746
28711	92	37	32	2600	0	2761
28712	49	56	2478	104	0	2687
28713	65	37	2537	49	0	2688
28714	65	2550	108	34	0	2757
28715	2489	86	52	32	0	2659
28716	126	2429	26	30	0	2611
28717	90	2418	31	32	0	2571
28718	58	2553	48	25	0	2684
28719	59	100	2429	35	0	2623
28720	46	2496	76	37	0	2655
28721	2322	88	48	22	0	2480
28722	2341	55	31	20	0	2447
28723	116	49	23	2234	0	2422
28724	76	2205	28	70	0	2379
28725	52	2289	19	68	0	2428
28726	44	88	30	2273	0	2435
28727	46	53	2290	60	0	2449
28728	47	2174	78	48	0	2347
28729	72	83	34	2153	0	2342
28730	2135	47	25	61	0	2268
28731	2134	52	19	51	0	2256
28732	90	2183	21	31	0	2325
28733	2177	78	40	26	0	2321
28734	2175	49	45	32	0	2301
28735	104	45	26	2097	0	2272
28736	69	26	2088	54	0	2237
28737	50	2105	62	39	0	2256
28738	40	70	34	2098	0	2242
28739	37	61	2059	53	0	2210
28740	34	2013	48	41	0	2136
28741	1853	55	35	42	0	1985
28742	1874	40	35	20	0	1969
28743	73	40	20	1825	0	1958
28744	47	1840	26	54	0	1967
28745	40	57	1820	28	0	1945
28746	49	44	42	1812	0	1947
28747	39	33	1853	39	0	1964
28748	43	1680	39	15	0	1777
28749	32	43	20	1505	0	1600
28750	1491	24	14	45	0	1574
28751	39	1473	17	19	0	1548
28752	1480	38	7	21	0	1546
28753	1456	30	15	21	0	1522
28754	44	1473	18	9	0	1544
28755	36	42	10	1471	0	1559
28756	28	25	9	1469	0	1531
28757	26	1408	13	47	0	1494
28758	23	1492	7	30	0	1552
28759	23	33	5	1423	0	1484
28760	16	1497	8	20	0	1541
28761	1498	25	7	17	0	1547
28762	1466	26	5	15	0	1512
28763	42	17	1446	14	0	1519
28764	28	17	1345	16	0	1406
28765	1343	13	26	16	0	1398
28766	1365	13	24	10	0	1412
28767	36	1416	11	15	0	1478
28768	1418	31	10	13	0	1472
28769	1385	25	10	10	0	1430
28770	39	1376	7	17	0	1439
28771	1419	27	7	13	0	1466
28772	36	30	6	1570	0	1642
28773	29	23	6	1629	0	1687
28774	22	15	1701	45	0	1783
28775	12	1637	36	25	0	1710
28776	12	1710	22	17	0	1761
28777	1558	57	16	40	0	1671
28778	1569	17	18	18	0	1622
28779	1539	14	11	15	0	1579
28780	1606	4	5	14	0	1629
28781	42	9	1561	5	0	1617
28782	17	14	1593	7	0	1631
28783	21	1646	28	5	0	1700
28784	16	24	20	1609	0	1669
28785	14	17	9	1586	0	1626
28786	15	1660	6	25	0	1706
28787	10	30	9	1635	0	1684
28788	1601	17	14	39	0	1671
28789	34	1677	6	14	0	1731
28790	21	27	1712	13	0	1773
28791	20	1759	27	13	0	1819
28792	1744	34	14	4	0	1796
28793	37	17	1736	7	0	1797
28794	1728	14	27	10	0	1779
28795	1783	12	13	10	0	1818
28796	34	12	1735	11	0	1792
28797	17	17	1699	10	0	1743
28798	19	15	1677	9	0	1720
28799	1605	8	38	21	0	1672
28800	35	11	1709	10	0	1765
28801	18	1686	34	6	0	1744
28802	1697	30	21	15	0	1763
28803	34	23	1696	4	0	1757
28804	1565	16	36	5	0	1622
28805	42	12	1691	2	0	1747
28806	28	12	1721	3	0	1764
28807	23	1726	38	1	0	1788
28808	16	29	1776	2	0	1823
28809	23	10	1732	3	0	1768
28810	24	1545	51	4	0	1624
28811	1687	27	34	8	0	1756
28812	31	17	1734	1	0	1783
28813	28	22	42	1579	0	1671
28814	25	1739	25	21	0	1810
28815	1755	29	29	14	0	1827
28816	1737	18	20	14	0	1789
28817	42	22	1728	6	0	1798
28818	27	1655	49	6	0	1737
28819	20	1732	32	10	0	1794
28820	15	49	30	1656	0	1750
28821	18	1593	25	22	0	1658
28822	29	51	17	1512	0	1609
28823	27	20	21	1697	0	1765
28824	15	1725	26	33	0	1799
28825	22	44	15	1691	0	1772
28826	28	1705	15	42	0	1790
28827	17	50	1680	15	0	1762
28828	21	27	39	1678	0	1765
28829	18	24	25	1662	0	1729
28830	23	1681	16	35	0	1755
28831	16	1741	15	28	0	1800
28832	16	45	19	1660	0	1740
28833	13	1727	16	39	0	1795
28834	1663	52	16	30	0	1761
28835	41	29	11	1701	0	1782
28836	25	1723	13	34	0	1795
28837	1666	44	15	21	0	1746
28838	35	1662	21	22	0	1740
28839	26	53	1645	19	0	1743
28840	26	28	41	1640	0	1735
28841	1642	28	28	45	0	1743
28842	39	26	1667	24	0	1756
28843	25	26	42	1598	0	1691
28844	20	1630	28	42	0	1720
28845	13	55	1597	22	0	1687
28846	26	1638	35	24	0	1723
28847	1517	44	22	20	0	1603
28848	1608	32	27	10	0	1677
28849	48	1597	19	13	0	1677
28850	1596	46	19	14	0	1675
28851	40	26	1577	12	0	1655
28852	33	30	41	1510	0	1614
28853	33	17	32	1512	0	1594
28854	14	1580	34	39	0	1667
28855	1669	44	21	37	0	1771
28856	1712	26	26	16	0	1780
28857	39	26	1690	14	0	1769
28858	1667	23	46	19	0	1755
28859	1724	23	20	15	0	1782
28860	1700	21	19	15	0	1755
28861	58	22	17	1639	0	1736
28862	43	18	14	1639	0	1714
28863	28	1672	18	38	0	1756
28864	1636	42	15	33	0	1726
28865	1640	26	10	23	0	1699
28866	45	1642	11	17	0	1715
28867	27	33	11	1563	0	1634
28868	18	1590	10	27	0	1645
28869	20	1650	7	18	0	1695
28870	1601	45	10	23	0	1679
28871	43	25	1544	13	0	1625
28872	19	11	1344	12	0	1386
28873	19	1326	24	14	0	1383
28874	1186	17	17	11	0	1231
28875	22	5	1185	5	0	1217
28876	16	1104	12	10	0	1142
28877	1119	14	2	3	0	1138
28878	11	2	1050	2	0	1065
28879	5	5	13	1030	0	1053
28880	1105	4	2	19	0	1130
28881	17	4	1064	2	0	1087
28882	8	2	1125	4	0	1139
28883	6	2	1139	2	0	1149
28884	3	5	1145	1	0	1154
28885	1083	1	22	6	0	1112
28886	1214	2	21	2	0	1239
28887	19	1223	9	1	0	1252
28888	8	22	3	1262	0	1295
28889	8	3	3	1291	0	1305
28890	1	1224	4	23	0	1252
28891	3	29	1	1225	0	1258
28892	3	1261	3	28	0	1295
28893	4	1294	2	14	0	1314
28894	3	38	0	1276	0	1317
28895	5	20	1277	32	0	1334
28896	1	1286	33	14	0	1334
28897	6	47	4	1298	0	1355
28898	1287	18	10	38	0	1353
28899	32	9	1269	18	0	1328
28900	1232	7	45	18	0	1302
28901	1315	11	6	23	0	1355
28902	43	3	11	1358	0	1415
28903	21	16	1379	38	0	1454
28904	15	9	1410	18	0	1452
28905	17	1510	46	15	0	1588
28906	16	57	16	1472	0	1561
28907	6	10	1510	64	0	1590
28908	4	13	1526	12	0	1555
28909	5	1530	62	17	0	1614
28910	1529	54	22	21	0	1626
28911	1582	9	21	17	0	1629
28912	53	15	32	1688	0	1788
28913	32	7	1731	59	0	1829
28914	31	12	1759	14	0	1816
28915	20	1796	69	27	0	1912
28916	16	58	1852	6	0	1932
28917	9	13	1864	16	0	1902
28918	13	28	82	1771	0	1894
28919	2	6	1893	75	0	1976
28920	1802	21	93	13	0	1929
28921	59	6	52	1889	0	2006
28922	16	31	1977	58	0	2082
28923	29	1944	62	33	0	2068
28924	24	55	34	1983	0	2096
28925	19	9	2031	73	0	2132
28926	7	2088	84	30	0	2209
28927	21	73	45	2033	0	2172
28928	11	2150	38	62	0	2261
28929	6	78	44	2137	0	2265
28930	10	32	46	2175	0	2263
28931	4	37	2135	95	0	2271
28932	12	2164	93	45	0	2314
28933	23	76	26	2168	0	2293
28934	13	21	34	2210	0	2278
28935	21	26	30	2230	0	2307
28936	4	27	2158	111	0	2300
28937	7	2145	88	57	0	2297
28938	7	85	41	2159	0	2292
28939	6	39	2162	99	0	2306
28940	7	2169	84	51	0	2311
28941	9	96	37	2154	0	2296
28942	8	32	2170	103	0	2313
28943	4	2181	84	54	0	2323
28944	8	79	51	2137	0	2275
28945	8	52	22	2230	0	2312
28946	9	25	2209	117	0	2360
28947	2034	28	91	71	0	2224
28948	62	2225	31	58	0	2376
28949	2218	79	42	56	0	2395
28950	78	41	2232	53	0	2404
28951	2224	32	101	41	0	2398
28952	95	27	44	2243	0	2409
28953	31	39	40	2348	0	2458
28954	33	28	2280	101	0	2442
28955	2092	31	101	55	0	2279
28956	2181	23	40	58	0	2302
28957	77	2128	44	53	0	2302
28958	35	2284	26	52	0	2397
28959	2246	87	43	45	0	2421
28960	97	40	2246	38	0	2421
28961	41	2377	97	24	0	2539
28962	60	95	30	2412	0	2597
28963	24	48	44	2486	0	2602
28964	44	27	2443	103	0	2617
28965	2343	30	115	60	0	2548
28966	102	30	2506	51	0	2689
28967	2494	13	110	66	0	2683
28968	108	19	2578	45	0	2750
28969	44	2588	125	23	0	2780
28970	2624	103	32	24	0	2783
28971	2660	42	46	21	0	2769
28972	2651	40	26	19	0	2736
28973	2661	29	45	29	0	2764
28974	122	38	20	2610	0	2790
28975	52	23	2604	100	0	2779
28976	53	34	91	2526	0	2704
28977	39	2603	48	104	0	2794
28978	51	82	40	2652	0	2825
28979	31	29	2630	101	0	2791
28980	36	34	2608	42	0	2720
28981	44	18	125	2583	0	2770
28982	2564	29	61	86	0	2740
28983	2521	28	50	51	0	2650
28984	2575	31	29	36	0	2671
28985	146	11	2546	28	0	2731
28986	91	11	2523	24	0	2649
28987	73	2460	98	25	0	2656
28988	46	2581	36	33	0	2696
28989	2443	76	59	32	0	2610
28990	2477	31	38	28	0	2574
28991	85	2507	22	34	0	2648
28992	2439	73	21	40	0	2573
28993	2485	28	28	45	0	2586
28994	88	2485	43	10	0	2626
28995	2522	56	24	43	0	2645
28996	2550	27	17	34	0	2628
28997	111	2524	22	20	0	2677
28998	2584	65	24	18	0	2691
28999	2581	30	28	21	0	2660
29000	91	18	2574	18	0	2701
29001	48	27	2517	8	0	2600
29002	31	2496	67	10	0	2604
29003	37	2555	33	17	0	2642
29004	2481	65	36	19	0	2601
29005	2403	33	17	10	0	2463
29006	2394	32	8	16	0	2450
29007	92	2385	14	7	0	2498
29008	47	60	13	2401	0	2521
29009	32	41	2432	42	0	2547
29010	55	44	51	2287	0	2437
29011	35	2422	23	45	0	2525
29012	2278	41	12	16	0	2347
29013	64	2232	7	11	0	2314
29014	27	37	18	2198	0	2280
29015	2287	12	26	36	0	2361
29016	2266	19	11	24	0	2320
29017	58	27	2265	9	0	2359
29018	2274	14	42	10	0	2340
29019	2434	5	17	6	0	2462
29020	2461	12	10	11	0	2494
29021	61	22	6	2340	0	2429
29022	30	2348	9	50	0	2437
29023	22	44	18	2389	0	2473
29024	20	18	2440	49	0	2527
29025	18	2447	40	18	0	2523
29026	25	46	8	2341	0	2420
29027	18	23	2349	34	0	2424
29028	16	2314	37	23	0	2390
29029	25	41	15	2254	0	2335
29030	27	18	2295	33	0	2373
29031	2010	8	45	28	0	2091
29032	57	8	2329	5	0	2399
29033	34	5	2316	6	0	2361
29034	31	2334	46	4	0	2415
29035	22	41	18	2345	0	2426
29036	17	23	11	2292	0	2343
29037	14	2309	5	49	0	2377
29038	20	46	14	2387	0	2467
29039	2382	20	11	59	0	2472
29040	2416	17	10	30	0	2473
29041	52	12	2362	18	0	2444
29042	2412	22	45	13	0	2492
29043	2504	14	13	25	0	2556
29044	59	8	2510	15	0	2592
29045	34	2486	53	8	0	2581
29046	19	2545	28	7	0	2599
29047	27	55	23	2297	0	2402
29048	17	2496	16	33	0	2562
29049	19	59	2304	22	0	2404
29050	18	13	2365	22	0	2418
29051	15	2438	56	11	0	2520
29052	2404	59	18	19	0	2500
29053	2478	15	9	18	0	2520
29054	2498	17	8	11	0	2534
29055	2489	13	15	14	0	2531
29056	2358	9	11	18	0	2396
29057	64	2408	8	7	0	2487
29058	32	57	2381	4	0	2474
29059	27	24	51	2366	0	2468
29060	2315	29	16	53	0	2413
29061	58	2278	12	22	0	2370
29062	17	60	8	2217	0	2302
29063	16	20	2239	41	0	2316
29064	14	2160	62	13	0	2249
29065	6	2214	18	5	0	2243
29066	2076	68	12	22	0	2178
29067	41	2067	6	3	0	2117
29068	17	29	5	2007	0	2058
29069	2030	9	4	35	0	2078
29070	2012	9	1	12	0	2034
29071	2015	4	6	12	0	2037
29072	38	6	1968	6	0	2018
29073	7	1994	28	11	0	2040
29074	2034	31	8	13	0	2086
29075	35	11	9	2031	0	2086
29076	2039	10	6	34	0	2089
29077	37	1963	3	21	0	2024
29078	2095	33	6	10	0	2144
29079	2314	11	2	6	0	2333
29080	61	6	4	2284	0	2355
29081	20	8	2391	46	0	2465
29082	25	8	48	2414	0	2495
29083	2419	2	18	63	0	2502
29084	2427	5	16	31	0	2479
29085	61	2365	7	18	0	2451
29086	2321	47	6	13	0	2387
29087	62	2350	3	14	0	2429
29088	2384	54	3	14	0	2455
29089	2279	21	3	18	0	2321
29090	60	17	2336	8	0	2421
29091	35	2293	49	2	0	2379
29092	24	54	17	2312	0	2407
29093	21	14	16	2345	0	2396
29094	16	13	8	2312	0	2349
29095	14	262	12	2053	0	2341
29096	11	16	2289	67	0	2383
29097	14	9	2270	34	0	2327
29098	13	2824	62	20	0	2919
29099	2807	72	29	17	0	2925
29100	71	26	2807	8	0	2912
29101	2754	19	74	13	0	2860
29102	84	2799	24	7	0	2914
29103	31	71	2842	6	0	2950
29104	32	24	74	2789	0	2919
29105	15	20	2870	74	0	2979
29106	20	10	2947	26	0	3003
29107	26	9	95	2706	0	2836
29108	17	2823	37	71	0	2948
29109	13	2950	24	24	0	3011
29110	2898	89	22	25	0	3034
29111	80	35	2887	12	0	3014
29112	2912	32	75	13	0	3032
29113	2993	12	26	7	0	3038
29114	95	2961	26	9	0	3091
29115	2872	82	7	8	0	2969
29116	2898	33	8	11	0	2950
29117	2803	18	12	15	0	2848
29118	101	2711	13	13	0	2838
29119	41	2539	18	11	0	2609
29120	27	2702	13	6	0	2748
29121	2670	87	11	14	0	2782
29122	2663	40	7	9	0	2719
29123	92	22	2527	4	0	2645
29124	48	17	2502	3	0	2570
29125	2526	12	80	5	0	2623
29126	2626	16	26	8	0	2676
29127	2650	13	22	9	0	2694
29128	104	10	14	2573	0	2701
29129	57	5	8	2607	0	2677
29130	41	5	13	2655	0	2714
29131	30	9	11	2702	0	2752
29132	17	20	2522	86	0	2645
29133	18	18	2571	34	0	2641
29134	21	11	2585	22	0	2639
29135	21	6	2570	19	0	2616
29136	2532	6	85	15	0	2638
29137	64	2548	46	11	0	2669
29138	26	2649	31	11	0	2717
29139	2616	72	14	16	0	2718
29140	77	28	2592	7	0	2704
29141	38	23	2501	11	0	2573
29142	2481	15	85	28	0	2609
29143	2552	17	30	23	0	2622
29144	76	2529	22	16	0	2643
29145	48	52	19	2518	0	2637
29146	2568	13	23	54	0	2658
29147	2613	15	28	21	0	2677
29148	86	17	26	2524	0	2653
29149	50	2669	15	52	0	2786
29150	2698	62	5	26	0	2791
29151	77	42	2615	22	0	2756
29152	2569	28	56	21	0	2674
29153	78	2625	32	12	0	2747
29154	2664	59	32	20	0	2775
29155	2634	23	22	24	0	2703
29156	82	24	2670	10	0	2786
29157	45	11	2578	15	0	2649
29158	2591	16	77	18	0	2702
29159	2688	11	38	20	0	2757
29160	84	2706	23	11	0	2824
29161	48	61	22	2727	0	2858
29162	32	26	2729	59	0	2846
29163	2676	26	70	21	0	2793
29164	83	17	36	2737	0	2873
29165	37	17	36	2798	0	2888
29166	2782	17	22	70	0	2891
29167	71	2873	20	31	0	2995
29168	2910	59	22	27	0	3018
29169	2920	18	29	26	0	2993
29170	2925	20	23	18	0	2986
29171	91	2872	22	12	0	2997
29172	2965	65	13	18	0	3061
29173	104	30	11	2921	0	3066
29174	51	44	16	2931	0	3042
29175	46	20	2905	70	0	3041
29176	50	17	2858	36	0	2961
29177	40	2904	68	25	0	3037
29178	30	2945	33	22	0	3030
29179	33	53	2744	12	0	2842
29180	27	2763	42	7	0	2839
29181	2730	60	13	26	0	2829
29182	2735	16	13	12	0	2776
29183	2762	17	6	7	0	2792
29184	68	15	6	2652	0	2741
29185	31	15	7	2739	0	2792
29186	23	14	2798	44	0	2879
29187	16	2756	43	20	0	2835
29188	2719	41	14	27	0	2801
29189	52	2730	21	6	0	2809
29190	2735	48	14	12	0	2809
29191	2755	17	8	11	0	2791
29192	62	14	7	2666	0	2749
29193	40	7	14	2682	0	2743
29194	23	10	9	2767	0	2809
29195	23	4	2686	54	0	2767
29196	19	2599	37	26	0	2681
29197	20	2656	12	21	0	2709
29198	3	2099	5	7	0	2114
29199	5	2090	2	4	0	2101
29200	4	2138	1	4	0	2147
29201	1964	16	0	9	0	1989
29202	14	7	2027	3	0	2051
29203	4	2003	14	5	0	2026
29204	6	15	1926	3	0	1950
29205	4	2018	15	3	0	2040
29206	32	26	7	1525	0	1590
29207	9	6	7	1916	0	1938
29208	6	1941	3	8	0	1958
29209	1900	11	1	10	0	1922
29210	14	6	1896	7	0	1923
29211	5	1931	11	8	0	1955
29212	10	10	1875	5	0	1900
29213	3	7	14	1860	0	1884
29214	12	7	3	1755	0	1777
29215	2	1878	6	10	0	1896
29216	13	14	0	1873	0	1900
29217	8	7	3	1901	0	1919
29218	4	1909	2	11	0	1926
29219	6	8	1873	7	0	1894
29220	7	10	1810	5	0	1832
29221	1773	5	15	10	0	1803
29222	1869	10	5	8	0	1892
29223	13	4	7	1846	0	1870
29224	7	5	1874	14	0	1900
29225	9	4	11	1832	0	1856
29226	2	1905	6	17	0	1930
29227	8	13	1873	6	0	1900
29228	4	1852	12	9	0	1877
29229	2	22	1850	2	0	1876
29230	5	1852	17	2	0	1876
29231	1818	14	7	4	0	1843
29232	15	4	4	1804	0	1827
29233	6	7	2	1767	0	1782
29234	6	5	1788	16	0	1815
29235	3	4	1694	11	0	1712
29236	3	1770	11	9	0	1793
29237	1776	15	7	9	0	1807
29238	16	3	11	1752	0	1782
29239	5	11	1795	11	0	1822
29240	7	6	1681	6	0	1700
29241	1586	6	14	13	0	1619
29242	1642	5	7	11	0	1665
29243	12	6	1694	13	0	1725
29244	9	14	14	1632	0	1669
29245	7	1707	9	11	0	1734
29246	1690	13	6	13	0	1722
29247	13	1682	4	10	0	1709
29248	1635	11	5	12	0	1663
29249	10	1603	4	5	0	1622
29250	4	1653	4	6	0	1667
29251	11	10	3	1650	0	1674
29252	7	11	6	1636	0	1660
29253	3	1642	4	13	0	1662
29254	3	16	1599	6	0	1624
29255	6	8	1578	4	0	1596
29256	7	5	1555	2	0	1569
29257	1486	3	15	12	0	1516
29258	1553	5	10	7	0	1575
29259	11	1652	8	6	0	1677
29260	6	18	1620	4	0	1648
29261	9	8	23	1614	0	1654
29262	2	11	1702	24	0	1739
29263	4	10	1726	9	0	1749
29264	7	6	30	1953	0	1996
29265	9	10	10	2077	0	2106
29266	6	7	2267	53	0	2333
29267	2251	5	49	47	0	2352
29268	53	2398	33	19	0	2503
29269	30	2568	21	9	0	2628
29270	32	86	7	2470	0	2595
29271	2595	51	10	65	0	2721
29272	65	2632	8	37	0	2742
29273	2644	68	7	20	0	2739
29274	78	2654	10	11	0	2753
29275	2745	81	6	24	0	2856
29276	87	56	2703	7	0	2853
29277	56	25	2735	16	0	2832
29278	41	20	102	2576	0	2739
29279	14	22	2664	63	0	2763
29280	21	2466	76	45	0	2608
29281	14	2517	59	16	0	2606
29282	2492	102	27	10	0	2631
29283	77	62	17	2374	0	2530
29284	52	2507	13	61	0	2633
29285	2521	75	9	59	0	2664
29286	2463	60	16	17	0	2556
29287	2572	28	16	12	0	2628
29288	143	19	13	2441	0	2616
29289	81	19	12	2516	0	2628
29290	41	18	2486	118	0	2663
29291	22	25	2515	62	0	2624
29292	2476	16	106	31	0	2629
29293	88	10	61	2485	0	2644
29294	71	11	2483	73	0	2638
29295	2425	11	76	67	0	2579
29296	87	2549	57	31	0	2724
29297	2579	65	31	18	0	2693
29298	2616	51	22	23	0	2712
29299	2652	20	15	22	0	2709
29300	139	8	2514	25	0	2686
29301	2555	14	83	14	0	2666
29302	120	10	59	2407	0	2596
29303	77	2393	27	68	0	2565
29304	48	2570	23	54	0	2695
29305	2532	107	23	18	0	2680
29306	2597	62	15	14	0	2688
29307	2644	28	9	22	0	2703
29308	161	24	13	2481	0	2679
29309	110	16	10	2544	0	2680
29310	59	20	8	2490	0	2577
29311	39	2486	16	119	0	2660
29312	2485	77	14	71	0	2647
29313	2542	58	6	42	0	2648
29314	2600	29	12	41	0	2682
29315	142	24	2521	30	0	2717
29316	2606	19	76	29	0	2730
29317	122	28	57	2396	0	2603
29318	94	2524	22	72	0	2712
29319	2504	81	12	63	0	2660
29320	2517	55	15	44	0	2631
29321	146	35	2486	22	0	2689
29322	109	21	77	2422	0	2629
29323	58	2502	49	81	0	2690
29324	2598	81	22	61	0	2762
29325	120	63	20	2551	0	2754
29326	95	31	25	2607	0	2758
29327	56	19	23	2691	0	2789
29328	43	22	19	2796	0	2880
29329	41	19	2693	152	0	2905
29330	41	2698	79	86	0	2904
29331	52	85	54	2730	0	2921
29332	35	65	2717	103	0	2920
29333	2668	35	87	91	0	2881
29334	2787	20	57	54	0	2918
29335	147	30	35	2734	0	2946
29336	2770	19	22	121	0	2932
29337	2834	22	24	84	0	2964
29338	162	21	2733	52	0	2968
29339	97	2730	91	48	0	2966
29340	2805	85	64	35	0	2989
29341	128	58	37	2772	0	2995
29342	2841	34	26	103	0	3004
29343	136	17	35	2812	0	3000
29344	110	32	22	2845	0	3009
29345	69	20	2754	143	0	2986
29346	2589	20	84	97	0	2790
29347	116	2771	56	58	0	3001
29348	94	78	2776	45	0	2993
29349	58	2781	83	43	0	2965
29350	2739	94	69	36	0	2938
29351	123	68	25	2720	0	2936
29352	2730	30	30	107	0	2897
29353	111	2720	27	86	0	2944
29354	2801	96	15	51	0	2963
29355	2849	61	26	37	0	2973
29356	2878	35	24	37	0	2974
29357	2867	23	18	35	0	2943
29358	169	2762	24	42	0	2997
29359	2770	76	19	38	0	2903
29360	133	67	25	2683	0	2908
29361	111	52	7	2672	0	2842
29362	89	2468	17	116	0	2690
29363	66	2513	16	72	0	2667
29364	65	2389	13	31	0	2498
29365	2222	86	11	39	0	2358
29366	82	2009	12	24	0	2127
29367	48	1784	4	15	0	1851
29368	1781	41	23	22	0	1867
29369	1694	23	9	17	0	1743
29370	48	1776	6	11	0	1841
29371	1710	28	11	5	0	1754
29372	33	29	1610	11	0	1683
29373	1563	13	19	14	0	1609
29374	36	14	1624	15	0	1689
29375	24	1468	12	12	0	1516
29376	16	1484	9	11	0	1520
29377	31	35	17	1448	0	1531
29378	1475	15	6	19	0	1515
29379	1502	8	9	6	0	1525
29380	1516	18	4	11	0	1549
29381	1503	11	9	10	0	1533
29382	1491	11	3	14	0	1519
29383	35	8	1451	10	0	1504
29384	13	18	1391	8	0	1430
29385	1486	7	10	9	0	1512
29386	27	1519	9	10	0	1565
29387	1503	10	2	4	0	1519
29388	1537	7	4	5	0	1553
29389	1586	8	5	6	0	1605
29390	1586	6	6	9	0	1607
29391	1590	9	2	13	0	1614
29392	21	4	1589	6	0	1620
29393	1599	5	10	13	0	1627
29394	1596	9	6	14	0	1625
29395	20	10	1558	7	0	1595
29396	1501	7	9	16	0	1533
29397	1560	12	6	5	0	1583
29398	20	13	1619	3	0	1655
29399	15	12	1566	5	0	1598
29400	14	1620	11	3	0	1648
29401	20	7	6	1625	0	1658
29402	22	6	1645	6	0	1679
29403	1636	10	9	9	0	1664
29404	22	5	5	1709	0	1741
29405	17	3	1766	6	0	1792
29406	1719	6	11	8	0	1744
29407	1768	11	10	6	0	1795
29408	1780	15	3	8	0	1806
29409	23	1820	2	6	0	1851
29410	19	11	3	1788	0	1821
29411	19	1834	2	13	0	1868
29412	1848	10	4	12	0	1874
29413	1817	3	11	7	0	1838
29414	25	8	1811	1	0	1845
29415	12	1731	9	2	0	1754
29416	4	1769	12	2	0	1787
29417	6	12	7	1767	0	1792
29418	16	8	0	1761	0	1785
29419	1768	9	2	14	0	1793
29420	24	1756	1	2	0	1783
29421	14	1743	2	0	0	1759
29422	15	10	1762	1	0	1788
29423	12	1775	11	5	0	1803
29424	1723	8	6	5	0	1742
29425	20	6	1703	2	0	1731
29426	1513	5	9	8	0	1535
29427	10	3	1628	2	0	1643
29428	1438	3	6	5	0	1452
29429	9	1603	3	12	0	1627
29430	1687	9	0	5	0	1701
29431	16	6	1759	0	0	1781
29432	1745	5	12	9	0	1771
29433	1767	4	4	7	0	1782
29434	17	1	1800	2	0	1820
29435	1774	2	12	5	0	1793
29436	1824	3	5	7	0	1839
29437	1786	3	3	6	0	1798
29438	21	1772	5	0	0	1798
29439	1780	16	2	7	0	1805
29440	23	8	1781	2	0	1814
29441	7	1861	15	2	0	1885
29442	1880	18	17	3	0	1918
29443	1867	3	6	6	0	1882
29444	1912	4	2	7	0	1925
29445	24	1908	1	2	0	1935
29446	13	16	2	2225	0	2256
29447	4	4	2234	26	0	2268
29448	15	4	30	2183	0	2232
29449	6	3	2264	32	0	2305
29450	2121	3	36	19	0	2179
29451	37	2281	19	4	0	2341
29452	25	33	5	2236	0	2299
29453	9	2285	5	31	0	2330
29454	13	41	0	2246	0	2300
29455	13	20	1	2259	0	2293
29456	4	2298	7	54	0	2363
29457	8	47	0	2321	0	2376
29458	15	17	0	2470	0	2502
29459	6	2445	7	71	0	2529
29460	6	2534	7	28	0	2575
29461	16	66	12	2489	0	2583
29462	8	23	2483	60	0	2574
29463	7	2510	56	23	0	2596
29464	18	63	22	2500	0	2603
29465	10	30	2588	56	0	2684
29466	10	2630	57	26	0	2723
29467	2586	65	18	24	0	2693
29468	52	29	2564	19	0	2664
29469	2512	15	58	24	0	2609
29470	63	16	17	2493	0	2589
29471	36	14	9	2518	0	2577
29472	10	20	10	2553	0	2593
29473	14	19	2476	87	0	2596
29474	9	20	2469	38	0	2536
29475	2374	21	70	33	0	2498
29476	63	11	30	2505	0	2609
29477	19	15	2519	62	0	2615
29478	2452	14	63	31	0	2560
29479	72	14	27	2482	0	2595
29480	32	14	21	2514	0	2581
29481	29	9	17	2495	0	2550
29482	24	2493	14	78	0	2609
29483	22	54	11	2415	0	2502
29484	12	2418	7	78	0	2515
29485	10	2507	15	49	0	2581
29486	2466	75	18	32	0	2591
29487	2312	31	19	31	0	2393
29488	2497	15	21	19	0	2552
29489	80	2458	19	14	0	2571
29490	2449	57	15	16	0	2537
29491	2493	22	15	28	0	2558
29492	88	14	12	2425	0	2539
29493	42	11	7	2456	0	2516
29494	19	20	2394	96	0	2529
29495	13	2437	60	49	0	2559
29496	2389	68	24	39	0	2520
29497	2386	40	14	41	0	2481
29498	74	2401	15	29	0	2519
29499	2424	82	9	12	0	2527
29500	2431	33	6	23	0	2493
29501	98	21	11	2353	0	2483
29502	49	2333	6	63	0	2451
29503	36	2451	10	33	0	2530
29504	2395	69	11	37	0	2512
29505	78	36	6	2376	0	2496
29506	29	25	2358	74	0	2486
29507	2248	22	61	50	0	2381
29508	76	18	2401	28	0	2523
29509	36	2361	64	26	0	2487
29510	2355	71	26	26	0	2478
29511	84	30	2345	23	0	2482
29512	41	30	65	2394	0	2530
29513	31	25	2504	79	0	2639
29514	37	2528	70	34	0	2669
29515	25	65	33	2533	0	2656
29516	21	48	2502	75	0	2646
29517	2331	34	59	53	0	2477
29518	65	2575	28	32	0	2700
29519	43	61	18	2491	0	2613
29520	24	2584	32	72	0	2712
29521	2567	78	19	27	0	2691
29522	2541	33	19	37	0	2630
29523	72	2576	26	23	0	2697
29524	49	68	15	2506	0	2638
29525	33	2568	23	63	0	2687
29526	2559	65	24	52	0	2700
29527	68	33	2536	30	0	2667
29528	29	34	2534	27	0	2624
29529	23	2521	73	33	0	2650
29530	24	2552	38	19	0	2633
29531	27	72	22	2446	0	2567
29532	2448	40	14	59	0	2561
29533	2449	27	15	40	0	2531
29534	2404	25	13	21	0	2463
29535	87	2583	11	22	0	2703
29536	56	52	7	2536	0	2651
29537	32	2596	6	59	0	2693
29538	2593	60	11	32	0	2696
29539	70	37	17	2565	0	2689
29540	41	13	2568	56	0	2678
29541	20	2513	55	37	0	2625
29542	2471	62	35	24	0	2592
29543	65	38	2460	15	0	2578
29544	2370	34	44	32	0	2480
29545	68	2406	20	24	0	2518
29546	24	2120	5	25	0	2174
29547	2090	37	16	10	0	2153
29548	39	2131	5	8	0	2183
29549	2066	38	7	13	0	2124
29550	34	2076	8	7	0	2125
29551	2066	34	12	20	0	2132
29552	2053	12	13	13	0	2091
29553	36	16	2113	8	0	2173
29554	21	7	2040	4	0	2072
29555	13	2089	28	14	0	2144
29556	2067	21	10	10	0	2108
29557	24	10	2009	6	0	2049
29558	1842	5	20	6	0	1873
29559	15	13	6	1847	0	1881
29560	5	1	1914	10	0	1930
29561	4	9	1805	4	0	1822
29562	7	6	1944	3	0	1960
29563	3	1960	10	4	0	1977
29564	21	41	3	1878	0	1943
29565	1829	2	3	10	0	1844
29566	7	1	1	1819	0	1828
29567	1843	1	0	9	0	1853
29568	8	1	0	1851	0	1860
29569	1894	0	1	14	0	1909
29570	1937	0	0	9	0	1946
29571	2169	0	0	13	0	2182
29572	16	2247	5	2	0	2270
29573	8	18	2283	0	0	2309
29574	7	3	17	2277	0	2304
29575	55	27	27	1259	0	1368
29576	3	0	4	2338	0	2345
29577	7	2	1	2297	0	2307
29578	2	2286	2	28	0	2318
29579	2	16	2224	8	0	2250
29580	2	2300	17	7	0	2326
29581	21	20	6	2190	0	2237
29582	7	7	4	2318	0	2336
29583	2	6	1	2330	0	2339
29584	6	2	2	2329	0	2339
29585	0	2273	3	26	0	2302
29586	2	2282	4	12	0	2300
29587	2	21	2216	10	0	2249
29588	3	9	19	2213	0	2244
29589	3	5	6	2215	0	2229
29590	3	3	6	2283	0	2295
29591	2274	6	3	32	0	2315
29592	20	2276	5	13	0	2314
29593	10	22	2256	6	0	2294
29594	2251	7	21	15	0	2294
29595	25	4	8	2290	0	2327
29596	2345	3	3	34	0	2385
29597	25	5	1	2365	0	2396
29598	2336	7	3	34	0	2380
29599	28	4	3	2328	0	2363
29600	2306	4	4	34	0	2348
29601	26	3	2386	13	0	2428
29602	16	3	15	2356	0	2390
29603	7	2441	4	25	0	2477
29604	11	20	6	2485	0	2522
29605	2472	11	2	37	0	2522
29606	30	2458	6	12	0	2506
29607	14	32	1	2572	0	2619
29608	7	2533	2	39	0	2581
29609	10	35	4	2574	0	2623
29610	6	8	2	2589	0	2605
29611	9	9	2558	43	0	2619
29612	9	1	38	2459	0	2507
29613	9	3	2412	41	0	2465
29614	0	2378	35	11	0	2424
29615	2375	36	9	15	0	2435
29616	40	12	2376	5	0	2433
29617	2265	8	35	17	0	2325
29618	2425	4	9	10	0	2448
29619	43	9	6	2449	0	2507
29620	16	5	2538	42	0	2601
29621	2424	6	44	24	0	2498
29622	2668	2	17	14	0	2701
29623	56	2	10	2605	0	2673
29624	22	3	12	2621	0	2658
29625	12	2629	3	59	0	2703
29626	14	45	8	2631	0	2698
29627	8	2661	3	47	0	2719
29628	10	45	2620	21	0	2696
29629	8	16	41	2579	0	2644
29630	2519	7	10	58	0	2594
29631	2557	8	6	30	0	2601
29632	54	2551	7	16	0	2628
29633	24	38	12	2593	0	2667
29634	2599	10	4	51	0	2664
29635	53	2430	4	25	0	2512
29636	2458	48	4	19	0	2529
29637	57	18	3	2590	0	2668
29638	2755	15	7	55	0	2832
29639	60	9	3051	35	0	3155
29640	21	3091	76	19	0	3207
29641	3084	76	22	25	0	3207
29642	81	3206	10	18	0	3315
29643	3254	92	9	18	0	3373
29644	3345	25	10	18	0	3398
29645	111	19	3292	12	0	3434
29646	42	8	86	3280	0	3416
29647	3388	17	26	86	0	3517
29648	96	14	3320	36	0	3466
29649	3332	14	84	19	0	3449
29650	102	12	26	3362	0	3502
29651	55	10	3348	85	0	3498
29652	33	8	98	3281	0	3420
29653	3273	13	29	105	0	3420
29654	106	10	3330	34	0	3480
29655	46	13	89	3343	0	3491
29656	39	7	26	3393	0	3465
29657	3391	11	17	125	0	3544
29658	3407	5	24	51	0	3487
29659	105	3452	14	39	0	3610
29660	58	85	16	3410	0	3569
29661	42	25	25	3431	0	3523
29662	45	14	14	3415	0	3488
29663	3316	14	15	141	0	3486
29664	3406	16	16	49	0	3487
29665	130	12	18	3317	0	3477
29666	65	3277	21	101	0	3464
29667	42	85	21	3258	0	3406
29668	39	3338	12	111	0	3500
29669	3279	94	14	63	0	3450
29670	126	3188	14	35	0	3363
29671	3006	79	16	32	0	3133
29672	103	30	23	2931	0	3087
29673	2902	16	19	101	0	3038
29674	106	17	2821	53	0	2997
29675	58	2865	85	35	0	3043
29676	2894	76	41	47	0	3058
29677	2934	32	20	45	0	3031
29678	121	14	25	2813	0	2973
29679	53	2847	19	97	0	3016
29680	55	72	23	2942	0	3092
29681	39	34	23	2949	0	3045
29682	38	20	11	3010	0	3079
29683	2931	21	9	130	0	3091
29684	2985	16	11	63	0	3075
29685	133	21	5	2883	0	3042
29686	55	2915	8	100	0	3078
29687	2937	81	11	76	0	3105
29688	106	37	2922	51	0	3116
29689	68	18	71	2992	0	3149
29690	54	27	2961	96	0	3138
29691	61	19	72	2982	0	3134
29692	35	29	2952	124	0	3140
29693	36	29	77	2953	0	3095
29694	2936	27	28	118	0	3109
29695	2965	21	24	57	0	3067
29696	119	2863	24	37	0	3043
29697	2920	84	16	38	0	3058
29698	118	41	11	2904	0	3074
29699	69	29	19	2961	0	3078
29700	2919	22	14	128	0	3083
29701	114	26	2796	45	0	2981
29702	64	21	2810	43	0	2938
29703	53	25	2744	36	0	2858
29704	2681	10	86	58	0	2835
29705	98	20	2780	40	0	2938
29706	59	13	2672	50	0	2794
29707	2568	13	91	56	0	2728
29708	89	2682	43	46	0	2860
29709	64	60	33	2732	0	2889
29710	49	34	28	2798	0	2909
29711	45	22	2783	104	0	2954
29712	2693	21	78	72	0	2864
29713	2779	17	48	58	0	2902
29714	2722	16	36	42	0	2816
29715	101	15	2795	39	0	2950
29716	2666	10	81	49	0	2806
29717	93	16	2727	42	0	2878
29718	51	2655	88	38	0	2832
29719	52	2706	46	32	0	2836
29720	2575	61	30	45	0	2711
29721	92	2522	15	31	0	2660
29722	49	2548	29	26	0	2652
29723	2507	69	24	33	0	2633
29724	78	2520	28	30	0	2656
29725	2504	61	19	42	0	2626
29726	88	33	16	2505	0	2642
29727	61	20	29	2534	0	2644
29728	36	28	31	2531	0	2626
29729	37	21	26	2509	0	2593
29730	34	2483	28	83	0	2628
29731	2502	57	26	53	0	2638
29732	73	2666	38	21	0	2798
29733	47	2783	30	32	0	2892
29734	43	90	2878	27	0	3038
29735	2757	42	80	40	0	2919
29736	92	19	2985	30	0	3126
29737	66	15	3067	22	0	3170
29738	29	2900	106	16	0	3051
29739	16	2950	33	6	0	3005
29740	3024	95	20	16	0	3155
29741	64	3238	9	10	0	3321
29742	46	83	3179	3	0	3311
29743	21	3118	59	3	0	3201
29744	32	90	3162	0	0	3284
29745	17	51	3112	0	0	3180
29746	2938	27	124	9	0	3098
29747	67	20	3114	2	0	3203
29748	53	16	96	2970	0	3135
29749	2941	8	74	70	0	3093
29750	68	2925	40	51	0	3084
29751	54	65	2999	17	0	3135
29752	2934	42	84	17	0	3077
29753	91	27	60	2795	0	2973
29754	60	2760	29	65	0	2914
29755	31	71	2860	49	0	3011
29756	2814	58	80	18	0	2970
29757	71	25	2882	11	0	2989
29758	76	9	102	2806	0	2993
29759	32	11	2811	76	0	2930
29760	30	11	100	2783	0	2924
29761	2689	6	69	98	0	2862
29762	78	2765	36	62	0	2941
29763	2823	71	23	32	0	2949
29764	87	52	2774	20	0	2933
29765	74	18	83	2809	0	2984
29766	35	13	2872	87	0	3007
29767	2780	20	85	61	0	2946
29768	2836	15	61	26	0	2938
29769	123	2836	37	11	0	3007
29770	2895	70	31	17	0	3013
29771	2902	48	25	24	0	2999
29772	149	21	22	2809	0	3001
29773	92	11	2811	73	0	2987
29774	55	2727	71	55	0	2908
29775	44	82	47	2746	0	2919
29776	2798	62	19	84	0	2963
29777	95	25	2761	61	0	2942
29778	62	21	2799	39	0	2921
29779	26	15	2789	26	0	2856
29780	2690	22	151	16	0	2879
29781	99	17	2776	12	0	2904
29782	2696	11	113	9	0	2829
29783	107	18	2576	5	0	2706
29784	78	2621	111	6	0	2816
29785	49	72	81	2603	0	2805
29786	44	52	2658	71	0	2825
29787	23	2523	105	52	0	2703
29788	24	2635	72	28	0	2759
29789	37	117	40	2570	0	2764
29790	2549	76	33	79	0	2737
29791	70	44	35	2589	0	2738
29792	2552	28	39	90	0	2709
29793	105	25	29	2555	0	2714
29794	73	24	2530	94	0	2721
29795	40	15	2557	74	0	2686
29796	2491	11	131	47	0	2680
29797	2543	17	86	36	0	2682
29798	137	18	2500	32	0	2687
29799	2500	13	104	28	0	2645
29800	109	30	2519	17	0	2675
29801	82	2355	111	12	0	2560
29802	53	2403	81	25	0	2562
29803	47	2450	44	21	0	2562
29804	48	127	46	2336	0	2557
29805	2352	79	22	83	0	2536
29806	2399	49	37	61	0	2546
29807	131	36	40	2338	0	2545
29808	86	29	2263	83	0	2461
29809	62	24	96	2266	0	2448
29810	54	20	2256	99	0	2429
29811	53	13	110	2228	0	2404
29812	2173	13	80	108	0	2374
29813	2241	12	48	82	0	2383
29814	2240	24	52	45	0	2361
29815	2265	27	41	38	0	2371
29816	162	26	36	2127	0	2351
29817	102	15	31	2229	0	2377
29818	2194	11	23	134	0	2362
29819	2256	12	25	74	0	2367
29820	165	10	21	2161	0	2357
29821	114	15	28	2200	0	2357
29822	59	7	23	2238	0	2327
29823	59	8	29	2253	0	2349
29824	2127	15	25	165	0	2332
29825	108	13	2101	101	0	2323
29826	89	14	87	2100	0	2290
29827	2105	9	54	120	0	2288
29828	112	11	2048	84	0	2255
29829	89	9	89	2067	0	2254
29830	59	10	2066	108	0	2243
29831	46	1976	109	77	0	2208
29832	56	74	67	1779	0	1976
29833	1669	42	41	84	0	1836
29834	74	30	35	1496	0	1635
29835	55	1404	28	98	0	1585
29836	40	1328	26	69	0	1463
29837	34	1120	23	33	0	1210
29838	34	1055	26	34	0	1149
29839	535	72	101	39	0	747
29840	32	14	14	340	0	400
29841	17	3	241	7	0	268
29842	9	3	8	215	0	235
29843	8	2	210	9	0	229
29844	215	3	8	4	0	230
29845	13	2	4	208	0	227
29846	5	4	2	215	0	226
29847	6	5	2	211	0	224
29848	5	1	3	215	0	224
29849	205	6	3	11	0	225
29850	211	3	3	8	0	225
29851	10	2	1	209	0	222
29852	205	1	2	14	0	222
29853	10	1	199	8	0	218
29854	4	193	8	11	0	216
29855	8	4	5	196	0	213
29856	3	2	5	198	0	208
29857	4	191	5	14	0	214
29858	10	4	3	199	0	216
29859	5	11	5	194	0	215
29860	196	3	3	13	0	215
29861	10	1	189	7	0	207
29862	5	3	171	6	0	185
29863	164	3	4	5	0	176
29864	8	2	151	2	0	163
29865	52	1	5	2	0	60
29866	47	1	0	0	0	48
29867	2	0	1	38	0	41
29868	0	0	30	1	0	31
29869	26	0	0	0	0	26
29870	0	25	3	0	0	28
29871	26	0	8	0	0	34
29872	74	2	3	0	0	79
29873	159	40	2	0	0	201
29874	1005	0	0	0	0	1005
29875	1003	0	0	0	0	1003
29876	1005	0	0	1	0	1006
29877	1009	0	1	0	0	1010
29878	998	0	0	0	0	998
29879	1024	1	0	0	0	1025
29880	1020	0	0	0	0	1020
29881	1009	0	0	0	0	1009
29882	1005	1	0	0	0	1006
29883	1017	0	0	0	0	1017
29884	994	2	0	0	0	996
29885	999	1	0	0	0	1000
29886	1013	0	0	0	0	1013
29887	995	0	0	0	0	995
29888	985	0	0	0	0	985
29889	992	0	0	0	0	992
29890	1002	0	0	0	0	1002
29891	996	0	0	0	0	996
29892	1008	0	0	0	0	1008
29893	1003	0	0	0	0	1003
29894	1011	0	0	0	0	1011
29895	986	0	0	0	0	986
29896	953	0	0	0	0	953
29897	984	0	0	0	0	984
29898	975	0	0	0	0	975
29899	977	0	0	0	0	977
29900	997	0	0	0	0	997
29901	975	0	0	0	0	975
29902	969	0	2	0	0	971
29903	880	0	31	8	0	919
