Pos	A	C	G	T	Other	Total
1	0	0	0	0	0	0
2	0	0	0	11	0	11
3	0	0	0	11	0	11
4	11	0	0	0	0	11
5	20	0	0	0	0	20
6	23	0	0	0	0	23
7	0	0	24	0	0	24
8	0	0	22	0	0	22
9	0	0	0	24	0	24
10	0	0	0	23	0	23
11	0	0	0	24	0	24
12	41	0	0	0	0	41
13	0	0	0	136	0	136
14	233	0	0	6	0	239
15	0	359	0	0	0	359
16	1	801	0	0	0	802
17	17	0	1	2560	0	2578
18	13	0	0	2703	0	2716
19	1	3534	0	3	0	3538
20	0	3879	2	2	0	3883
21	0	4405	0	1	0	4406
22	4703	1	13	32	0	4749
23	5	2	4838	0	0	4845
24	5	3	4711	2	0	4721
25	5	1	1	5241	0	5248
26	5633	0	0	24	0	5657
27	5639	0	0	16	0	5655
28	2	5642	1	19	0	5664
29	6821	1	15	66	0	6903
30	7362	1	1	45	0	7409
31	7669	4	0	32	0	7705
32	4	7750	2	2	0	7758
33	1	7949	1	6	0	7957
34	8407	1	1	24	0	8433
35	8433	0	4	33	0	8470
36	1	8500	4	7	0	8512
37	1	9356	3	4	0	9364
38	9537	1	0	15	0	9553
39	9548	1	1	11	0	9561
40	3	9633	1	3	0	9640
41	5	2	1	10200	0	10208
42	11	0	0	10197	0	10208
43	5	3	0	10097	0	10105
44	0	10078	0	12	0	10090
45	6	9	9922	3	0	9940
46	9009	2	10	30	0	9051
47	9	2	1	10365	0	10377
48	1	10265	0	14	0	10280
49	1	9	0	10546	0	10556
50	3	10496	4	10	0	10513
51	3	10	0	10650	0	10663
52	6	4	2	10815	0	10827
53	3	3	10928	11	0	10945
54	6	1	8	10603	0	10618
55	10875	2	4	21	0	10902
56	9	6	10693	4	0	10712
57	10289	1	11	15	0	10316
58	14	0	3	11024	0	11041
59	4	11125	4	26	0	11159
60	2	10	1	11328	0	11341
61	4	20	11385	11	0	11420
62	12	6	10	10944	0	10972
63	3	1	4	11451	0	11459
64	13	11686	5	19	0	11723
65	7	10	2	11956	0	11975
66	17	11768	4	19	0	11808
67	4	12	3	11981	0	12000
68	11946	5	4	26	0	11981
69	11627	2	4	24	0	11657
70	11834	2	3	28	0	11867
71	41	11994	2	15	0	12052
72	15	19	11808	6	0	11848
73	11263	11	21	36	0	11331
74	12375	2	8	17	0	12402
75	36	12780	6	22	0	12844
76	27	46	3	12101	0	12177
77	19	20	0	12492	0	12531
78	9	9	0	12164	0	12182
79	12444	7	2	154	0	12607
80	12540	1	0	76	0	12617
81	12536	0	2	41	0	12579
82	12734	3	1	22	0	12760
83	147	4	2	12620	0	12773
84	67	12526	7	84	0	12684
85	43	79	1	12952	0	13075
86	26	52	12942	114	0	13134
87	28	25	101	13129	0	13283
88	12	10	13646	158	0	13826
89	31	7	151	13377	0	13566
90	11	27	13958	178	0	14174
91	13	11	13583	79	0	13686
92	12	14304	206	69	0	14591
93	21	165	79	15137	0	15402
94	28	65	16023	176	0	16292
95	27	25	186	15588	0	15826
96	9	15981	80	202	0	16272
97	16223	184	29	121	0	16557
98	178	17188	27	36	0	17429
99	72	204	23	17108	0	17407
100	25	17489	18	177	0	17709
101	19	213	16836	85	0	17153
102	30	94	16550	62	0	16736
103	13	17069	262	57	0	17401
104	22	201	99	17572	0	17894
105	39	85	17558	196	0	17878
106	19	17285	213	135	0	17652
107	17454	208	94	66	0	17822
108	204	87	45	17685	0	18021
109	84	58	18342	207	0	18691
110	37	18294	206	111	0	18648
111	33	224	88	18567	0	18912
112	39	93	49	18535	0	18716
113	18176	55	38	311	0	18580
114	201	41	18423	125	0	18790
115	92	42	212	18200	0	18546
116	39	36	18093	219	0	18387
117	29	16621	232	123	0	17005
118	16290	220	106	75	0	16691
119	181	16272	70	57	0	16580
120	79	233	53	15838	0	16203
121	42	15914	39	202	0	16197
122	15549	233	46	108	0	15936
123	193	15737	36	72	0	16038
124	95	241	15408	48	0	15792
125	44	15596	198	49	0	15887
126	15217	226	101	75	0	15619
127	220	119	15606	42	0	15987
128	98	66	232	15441	0	15837
129	14978	58	110	248	0	15394
130	254	46	57	14561	0	14918
131	14613	49	51	272	0	14985
132	14739	49	37	154	0	14979
133	329	47	44	14572	0	14992
134	142	56	41	14661	0	14900
135	14433	59	23	350	0	14865
136	14232	56	29	161	0	14478
137	343	43	35	13824	0	14245
138	13766	50	35	286	0	14137
139	13838	41	43	137	0	14059
140	338	13817	33	106	0	14294
141	163	240	47	14008	0	14458
142	14137	110	45	298	0	14590
143	14373	73	23	161	0	14630
144	360	48	37	14154	0	14599
145	154	38	37	14430	0	14659
146	14268	42	40	357	0	14707
147	291	14319	36	229	0	14875
148	149	249	30	14448	0	14876
149	107	122	14425	303	0	14957
150	103	61	239	13937	0	14340
151	83	14301	108	294	0	14786
152	73	251	14205	157	0	14686
153	84	103	263	13900	0	14350
154	106	74	123	13217	0	13520
155	78	56	14175	353	0	14662
156	12993	48	257	210	0	13508
157	278	14622	122	123	0	15145
158	14688	255	63	143	0	15149
159	319	125	14415	108	0	14967
160	173	69	14653	102	0	14997
161	13796	67	330	113	0	14306
162	279	14857	131	118	0	15385
163	14869	259	70	107	0	15305
164	310	15007	74	82	0	15473
165	144	301	15018	94	0	15557
166	14457	129	246	124	0	14956
167	314	81	15444	81	0	15920
168	160	73	265	15150	0	15648
169	15399	54	122	329	0	15904
170	15235	58	76	169	0	15538
171	353	15177	64	115	0	15709
172	176	352	68	14874	0	15470
173	124	15111	53	261	0	15549
174	99	241	14735	125	0	15200
175	123	188	242	13695	0	14248
176	74	13832	108	211	0	14225
177	70	193	56	13865	0	14184
178	13115	64	39	216	0	13434
179	189	47	32	13619	0	13887
180	94	13578	43	192	0	13907
181	96	150	33	13727	0	14006
182	70	55	37	13706	0	13868
183	71	13576	45	220	0	13912
184	85	167	43	13807	0	14102
185	66	65	13563	184	0	13878
186	57	13283	148	96	0	13584
187	12219	103	56	86	0	12464
188	137	52	12843	35	0	13067
189	71	36	12354	36	0	12497
190	51	12334	119	36	0	12540
191	91	141	74	12058	0	12364
192	50	32	11831	85	0	11998
193	46	9415	129	56	0	9646
194	52	61	30	10422	0	10565
195	33	38	19	10706	0	10796
196	10345	25	26	90	0	10486
197	74	10409	21	50	0	10554
198	37	66	9348	32	0	9483
199	30	38	9353	34	0	9455
200	27	26	63	9251	0	9367
201	27	20	35	11452	0	11534
202	23	24	17	11797	0	11861
203	16	14196	16	370	0	14598
204	28	480	14567	144	0	15219
205	47	221	497	15051	0	15816
206	19	15598	223	548	0	16388
207	26	16882	81	257	0	17246
208	31	862	17092	99	0	18084
209	34	345	702	16522	0	17603
210	25	127	18289	733	0	19174
211	41	72	839	17858	0	18810
212	31	59	416	18856	0	19362
213	30	49	18154	1139	0	19372
214	28	17980	824	521	0	19353
215	17707	767	432	221	0	19127
216	755	400	18144	126	0	19425
217	365	18027	848	117	0	19357
218	124	19148	423	122	0	19817
219	77	1169	18058	90	0	19394
220	17343	530	903	107	0	18883
221	819	247	464	16310	0	17840
222	398	18196	221	683	0	19498
223	18124	911	170	370	0	19575
224	875	498	151	17107	0	18631
225	427	17781	135	871	0	19214
226	18021	903	160	461	0	19545
227	864	487	17679	229	0	19259
228	437	17821	848	185	0	19291
229	17548	917	517	170	0	19152
230	831	18018	233	162	0	19244
231	17707	1045	181	156	0	19089
232	931	643	195	16720	0	18489
233	491	17207	228	799	0	18725
234	237	937	180	17558	0	18912
235	17098	526	216	1011	0	18851
236	884	284	16916	587	0	18671
237	503	255	17473	330	0	18561
238	298	210	1246	16572	0	18326
239	237	266	613	17280	0	18396
240	240	242	295	16994	0	17771
241	170	16354	267	1293	0	18084
242	176	956	16058	615	0	17805
243	220	594	933	15311	0	17058
244	181	15353	549	910	0	16993
245	250	16520	272	509	0	17551
246	223	1203	16016	298	0	17740
247	194	694	16172	261	0	17321
248	219	403	16828	237	0	17687
249	237	304	1314	15778	0	17633
250	189	281	16460	941	0	17871
251	239	275	1077	16080	0	17671
252	201	252	16409	1027	0	17889
253	14969	290	1093	598	0	16950
254	963	16396	615	366	0	18340
255	516	18341	319	297	0	19473
256	301	1390	18768	261	0	20720
257	18056	693	1108	329	0	20186
258	19371	437	599	273	0	20680
259	19778	311	367	282	0	20738
260	1580	272	18070	256	0	20178
261	735	244	18978	282	0	20239
262	363	230	1610	18151	0	20354
263	18170	261	801	1224	0	20456
264	18763	295	492	724	0	20274
265	1454	261	17772	495	0	19982
266	17987	325	1303	388	0	20003
267	1286	327	788	17576	0	19977
268	644	363	18049	1244	0	20300
269	377	362	18579	722	0	20040
270	17053	361	1784	491	0	19689
271	1155	286	18427	421	0	20289
272	17827	264	1625	424	0	20140
273	1333	266	18448	395	0	20442
274	721	17055	1636	423	0	19835
275	504	18596	1040	366	0	20506
276	461	1494	717	17443	0	20115
277	414	819	646	18878	0	20757
278	427	517	18131	1586	0	20661
279	465	444	1498	17352	0	19759
280	476	17032	932	1295	0	19735
281	532	18002	651	698	0	19883
282	581	18990	560	402	0	20533
283	575	1655	549	17755	0	20534
284	562	893	17930	1213	0	20598
285	494	533	18626	707	0	20360
286	572	416	1798	17639	0	20425
287	556	377	969	18313	0	20215
288	637	384	635	17210	0	18866
289	572	17674	531	1543	0	20320
290	17845	1240	473	819	0	20377
291	18240	775	482	554	0	20051
292	1707	17849	484	489	0	20529
293	908	1286	17968	445	0	20607
294	18397	768	1429	415	0	21009
295	1485	470	18721	434	0	21110
296	18480	411	1557	390	0	20838
297	19054	385	906	448	0	20793
298	19153	402	677	455	0	20687
299	18920	382	531	560	0	20393
300	1733	18312	481	603	0	21129
301	16003	973	389	535	0	17900
302	1108	16147	474	509	0	18238
303	13165	763	309	295	0	14532
304	786	12942	303	284	0	14315
305	422	600	11396	177	0	12595
306	262	1066	608	9922	0	11858
307	232	10677	382	473	0	11764
308	228	10413	224	261	0	11126
309	9712	527	334	271	0	10844
310	9171	169	136	120	0	9596
311	458	9519	146	113	0	10236
312	250	324	127	8967	0	9668
313	208	9934	138	301	0	10581
314	10105	377	120	140	0	10742
315	487	131	10009	85	0	10712
316	287	127	371	9703	0	10488
317	226	107	205	9852	0	10390
318	183	110	175	10101	0	10569
319	182	115	9818	402	0	10517
320	158	9402	380	172	0	10112
321	201	10027	175	115	0	10518
322	207	424	138	10041	0	10810
323	175	182	10323	332	0	11012
324	152	174	363	10041	0	10730
325	139	182	181	10436	0	10938
326	158	193	140	10350	0	10841
327	166	160	104	10468	0	10898
328	10102	123	123	486	0	10834
329	359	10222	134	257	0	10972
330	10208	365	156	230	0	10959
331	406	207	10160	151	0	10924
332	210	208	10272	141	0	10831
333	189	187	409	9732	0	10517
334	167	147	192	10035	0	10541
335	122	10337	172	434	0	11065
336	126	359	10342	277	0	11104
337	98	10606	408	248	0	11360
338	109	407	10759	204	0	11479
339	9957	188	389	213	0	10747
340	384	10839	159	198	0	11580
341	195	410	10871	168	0	11644
342	196	198	382	10645	0	11421
343	147	190	10892	412	0	11641
344	132	10920	406	203	0	11661
345	139	402	185	10557	0	11283
346	142	10880	153	463	0	11638
347	159	402	10958	224	0	11743
348	203	188	365	10746	0	11502
349	10849	168	153	421	0	11591
350	416	10802	146	169	0	11533
351	200	395	10525	152	0	11272
352	190	336	355	10034	0	10915
353	168	183	10477	363	0	11191
354	98	141	9381	130	0	9750
355	108	8450	323	110	0	8991
356	75	128	80	7239	0	7522
357	26	45	27	7327	0	7425
358	29	41	22	7182	0	7274
359	27	29	7355	147	0	7558
360	39	34	7212	45	0	7330
361	6545	30	140	42	0	6757
362	113	38	7320	21	0	7492
363	6753	17	130	38	0	6938
364	117	7287	43	32	0	7479
365	40	114	41	7139	0	7334
366	25	7324	29	110	0	7488
367	17	7664	31	44	0	7756
368	11	120	7510	48	0	7689
369	20	60	89	7374	0	7543
370	15	43	7586	102	0	7746
371	13	26	7080	50	0	7169
372	6917	19	127	51	0	7114
373	94	21	7343	31	0	7489
374	29	24	7070	39	0	7162
375	6763	18	103	50	0	6934
376	82	23	7196	33	0	7334
377	31	26	7271	32	0	7360
378	26	29	108	6872	0	7035
379	24	7270	51	92	0	7437
380	14	98	40	7367	0	7519
381	16	31	43	7166	0	7256
382	7413	28	45	130	0	7616
383	88	14	38	7296	0	7436
384	31	7536	30	96	0	7693
385	7426	95	38	46	0	7605
386	99	45	7548	37	0	7729
387	7035	32	107	47	0	7221
388	122	18	7822	29	0	7991
389	43	49	8085	24	0	8201
390	24	8490	158	27	0	8699
391	8561	127	71	35	0	8794
392	110	8624	55	77	0	8866
393	56	152	8916	30	0	9154
394	46	55	145	8136	0	8382
395	21	9129	49	119	0	9318
396	9266	150	57	54	0	9527
397	9261	52	39	38	0	9390
398	167	9300	44	26	0	9537
399	9475	145	48	36	0	9704
400	167	55	56	9087	0	9365
401	48	9386	59	148	0	9641
402	48	170	44	9646	0	9908
403	34	62	41	10346	0	10483
404	10417	58	39	222	0	10736
405	10366	33	35	89	0	10523
406	10344	45	43	62	0	10494
407	254	32	10322	36	0	10644
408	10107	26	193	45	0	10371
409	242	44	71	10613	0	10970
410	87	37	10493	200	0	10817
411	57	32	9925	70	0	10084
412	43	10122	230	61	0	10456
413	9388	188	70	49	0	9695
414	165	9750	39	41	0	9995
415	83	178	29	9765	0	10055
416	69	66	28	9934	0	10097
417	55	35	10042	190	0	10322
418	50	24	179	9342	0	9595
419	41	24	9942	197	0	10204
420	37	29	9548	77	0	9691
421	34	9948	200	47	0	10229
422	40	155	66	9724	0	9985
423	37	46	37	9729	0	9849
424	9687	41	25	175	0	9928
425	154	31	9626	69	0	9880
426	57	23	140	9753	0	9973
427	9911	10	89	174	0	10184
428	155	19	9947	79	0	10200
429	9675	23	172	49	0	9919
430	10019	23	71	40	0	10153
431	200	36	10256	30	0	10522
432	78	34	172	10016	0	10300
433	53	25	63	10333	0	10474
434	53	27	10576	206	0	10862
435	10166	20	180	93	0	10459
436	10607	21	79	63	0	10770
437	10284	31	62	57	0	10434
438	10461	27	64	40	0	10592
439	10278	38	56	44	0	10416
440	260	69	8616	88	0	9033
441	107	37	10211	55	0	10410
442	69	10325	194	71	0	10659
443	85	157	10445	65	0	10752
444	73	86	198	10068	0	10425
445	173	83	188	7532	0	7976
446	102	51	65	10331	0	10549
447	98	40	68	10493	0	10699
448	106	36	10522	234	0	10898
449	111	10146	181	116	0	10554
450	89	10899	97	89	0	11174
451	94	214	88	10571	0	10967
452	69	11176	67	194	0	11506
453	11185	219	64	108	0	11576
454	11237	80	50	113	0	11480
455	287	11773	52	102	0	12214
456	142	192	60	11821	0	12215
457	122	63	65	12087	0	12337
458	110	82	12015	292	0	12499
459	10858	48	251	156	0	11313
460	12132	61	120	94	0	12407
461	279	12311	109	92	0	12791
462	12444	231	75	99	0	12849
463	299	92	12688	101	0	13180
464	153	12152	270	103	0	12678
465	115	12755	124	94	0	13088
466	91	12970	116	95	0	13272
467	101	311	81	12671	0	13164
468	12481	136	82	317	0	13016
469	326	88	88	12815	0	13317
470	202	66	13068	366	0	13702
471	195	66	354	13064	0	13679
472	172	62	13573	412	0	14219
473	172	74	434	12846	0	13526
474	170	82	184	12676	0	13112
475	114	13441	141	369	0	14065
476	13699	345	130	223	0	14397
477	378	144	155	13337	0	14014
478	195	13725	121	375	0	14416
479	13806	377	99	199	0	14481
480	11357	219	164	211	0	11951
481	13867	126	114	210	0	14317
482	405	13679	128	199	0	14411
483	198	317	13770	176	0	14461
484	169	111	404	13636	0	14320
485	157	159	196	13065	0	13577
486	136	13514	172	440	0	14262
487	134	329	13436	236	0	14135
488	127	122	13275	221	0	13745
489	12676	83	347	178	0	13284
490	416	127	173	12716	0	13432
491	182	68	13220	344	0	13814
492	144	13471	306	186	0	14107
493	171	324	117	12570	0	13182
494	156	13216	132	304	0	13808
495	153	314	13094	130	0	13691
496	12216	148	329	119	0	12812
497	13086	99	156	110	0	13451
498	349	13033	134	208	0	13724
499	165	284	84	12976	0	13509
500	162	110	12908	337	0	13517
501	131	12596	340	135	0	13202
502	12381	279	151	117	0	12928
503	285	11807	89	77	0	12258
504	96	11982	65	66	0	12209
505	114	325	54	11590	0	12083
506	50	11949	52	233	0	12284
507	11810	276	30	111	0	12227
508	256	126	55	11786	0	12223
509	81	91	11293	229	0	11694
510	97	65	10760	75	0	10997
511	84	63	236	10733	0	11116
512	57	11012	75	210	0	11354
513	11079	242	58	102	0	11481
514	220	95	54	10833	0	11202
515	97	84	10826	217	0	11224
516	81	74	199	10611	0	10965
517	62	88	71	10786	0	11007
518	10609	89	71	274	0	11043
519	209	74	44	10477	0	10804
520	98	77	10340	263	0	10778
521	94	58	10088	110	0	10350
522	70	59	245	10300	0	10674
523	56	42	132	10419	0	10649
524	42	61	10730	277	0	11110
525	9400	59	232	170	0	9861
526	229	64	10607	105	0	11005
527	91	10438	242	95	0	10866
528	92	220	94	10580	0	10986
529	56	79	10657	264	0	11056
530	52	69	10390	136	0	10647
531	55	68	261	10043	0	10427
532	10186	42	110	267	0	10605
533	229	51	10403	112	0	10795
534	73	10325	256	100	0	10754
535	10456	222	105	104	0	10887
536	223	70	10571	109	0	10973
537	9899	78	236	132	0	10345
538	10570	45	114	87	0	10816
539	272	10920	103	85	0	11380
540	112	211	106	10277	0	10706
541	74	10751	85	202	0	11112
542	59	259	10657	106	0	11081
543	10405	86	264	101	0	10856
544	11136	73	124	88	0	11421
545	292	54	11245	88	0	11679
546	150	54	11093	65	0	11362
547	95	11702	304	64	0	12165
548	11905	278	117	58	0	12358
549	310	102	87	11679	0	12178
550	113	65	93	10987	0	11258
551	103	11474	83	228	0	11888
552	11328	248	57	109	0	11742
553	272	93	11509	84	0	11958
554	89	93	249	12206	0	12637
555	12272	73	91	315	0	12751
556	329	12472	101	105	0	13007
557	114	320	14145	63	0	14642
558	95	92	14509	48	0	14744
559	79	168	509	13488	0	14244
560	52	14382	157	382	0	14973
561	53	442	14617	112	0	15224
562	53	123	475	14162	0	14813
563	14605	76	128	483	0	15292
564	478	61	15020	126	0	15685
565	151	70	504	14696	0	15421
566	89	46	15242	506	0	15883
567	104	39	15616	151	0	15910
568	69	133	624	15098	0	15924
569	45	47	15459	483	0	16034
570	12845	37	539	185	0	13606
571	446	31	14889	85	0	15451
572	13683	34	499	95	0	14311
573	467	14501	169	64	0	15201
574	15121	437	119	77	0	15754
575	472	15463	109	75	0	16119
576	152	467	86	15349	0	16054
577	107	126	90	16002	0	16325
578	73	71	15577	556	0	16277
579	49	56	15684	205	0	15994
580	59	26	623	15792	0	16500
581	52	39	16045	529	0	16665
582	86	35	586	14991	0	15698
583	71	15259	238	491	0	16059
584	100	16324	171	152	0	16747
585	91	575	159	15841	0	16666
586	106	206	112	16242	0	16666
587	61	156	15887	575	0	16679
588	98	98	502	15271	0	15969
589	58	15095	191	542	0	15886
590	75	15333	164	225	0	15797
591	52	15594	144	182	0	15972
592	83	554	147	14274	0	15058
593	47	14726	167	485	0	15425
594	14500	511	146	227	0	15384
595	456	169	153	14578	0	15356
596	137	138	14504	560	0	15339
597	111	118	539	14325	0	15093
598	79	95	14784	588	0	15546
599	90	99	14806	229	0	15224
600	78	85	14926	183	0	15272
601	93	14692	644	174	0	15603
602	82	525	15026	136	0	15769
603	14509	198	561	150	0	15418
604	15074	173	212	150	0	15609
605	15438	130	193	158	0	15919
606	587	105	157	15115	0	15964
607	15004	110	154	578	0	15846
608	513	14523	215	226	0	15477
609	179	15634	161	249	0	16223
610	15480	562	237	186	0	16465
611	522	223	15897	183	0	16825
612	185	177	588	15657	0	16607
613	141	139	16153	559	0	16992
614	118	189	16240	248	0	16795
615	107	16276	635	217	0	17235
616	135	525	326	15158	0	16144
617	129	217	223	16744	0	17313
618	16287	174	189	655	0	17305
619	499	16273	160	331	0	17263
620	205	16860	179	247	0	17491
621	204	619	16471	224	0	17518
622	155	16914	562	179	0	17810
623	16461	608	306	206	0	17581
624	16555	244	288	233	0	17320
625	576	189	16998	205	0	17968
626	204	166	17260	228	0	17858
627	155	158	829	15911	0	17053
628	147	190	433	16179	0	16949
629	172	16447	347	686	0	17652
630	171	607	278	16412	0	17468
631	214	222	286	16585	0	17307
632	206	16398	261	715	0	17580
633	212	553	274	16411	0	17450
634	160	266	305	15834	0	16565
635	147	15555	304	742	0	16748
636	189	551	15602	356	0	16698
637	213	224	683	15839	0	16959
638	15891	207	351	663	0	17112
639	15770	188	331	286	0	16575
640	711	224	15532	218	0	16685
641	14781	234	588	272	0	15875
642	15715	242	250	257	0	16464
643	617	15483	222	311	0	16633
644	250	566	14887	293	0	15996
645	166	269	15058	322	0	15815
646	127	252	666	15424	0	16469
647	15482	185	374	685	0	16726
648	16295	166	290	307	0	17058
649	653	196	211	17403	0	18463
650	18701	200	199	708	0	19808
651	19298	212	179	308	0	19997
652	18650	206	208	303	0	19367
653	793	202	18232	242	0	19469
654	296	144	18402	206	0	19048
655	17737	111	636	226	0	18710
656	552	108	18335	186	0	19181
657	148	16635	409	84	0	17276
658	137	361	258	16367	0	17123
659	88	113	16976	344	0	17521
660	93	69	16607	145	0	16914
661	139	121	421	15750	0	16431
662	81	37	16417	337	0	16872
663	105	31	15892	149	0	16177
664	88	14434	371	93	0	14986
665	92	15802	125	43	0	16062
666	15795	308	120	40	0	16263
667	295	143	75	15471	0	15984
668	15681	38	51	271	0	16041
669	306	27	15782	82	0	16197
670	124	52	293	15402	0	15871
671	77	37	108	16106	0	16328
672	15723	29	107	356	0	16215
673	261	15931	93	125	0	16410
674	135	270	14388	103	0	14896
675	79	116	15103	44	0	15342
676	55	15771	355	51	0	16232
677	69	258	15567	49	0	15943
678	47	15636	274	51	0	16008
679	100	15149	118	43	0	15410
680	66	295	15018	68	0	15447
681	14206	92	255	51	0	14604
682	293	29	136	15506	0	15964
683	112	15800	60	275	0	16247
684	76	234	57	15848	0	16215
685	15812	86	69	260	0	16227
686	15004	88	48	122	0	15262
687	15076	28	89	79	0	15272
688	316	41	14969	33	0	15359
689	116	85	283	14463	0	14947
690	48	15025	172	231	0	15476
691	15724	271	87	105	0	16187
692	256	132	68	15788	0	16244
693	114	70	99	15255	0	15538
694	101	52	50	16234	0	16437
695	72	52	16597	365	0	17086
696	14990	73	271	168	0	15502
697	307	16671	106	110	0	17194
698	192	250	77	16621	0	17140
699	143	113	50	16768	0	17074
700	16624	46	73	361	0	17104
701	349	50	15849	133	0	16381
702	150	54	16750	118	0	17072
703	90	16629	375	78	0	17172
704	97	272	17169	62	0	17600
705	15606	122	348	130	0	16206
706	306	17053	163	115	0	17637
707	135	324	17272	100	0	17831
708	15300	138	384	121	0	15943
709	353	93	18000	88	0	18534
710	170	18086	362	76	0	18694
711	121	325	169	18001	0	18616
712	114	156	88	18405	0	18763
713	143	97	17869	394	0	18503
714	110	55	17220	160	0	17545
715	111	17515	444	115	0	18185
716	17168	364	190	99	0	17821
717	344	17936	170	99	0	18549
718	236	348	101	17745	0	18430
719	111	194	17773	339	0	18417
720	15698	99	430	195	0	16422
721	434	79	203	17161	0	17877
722	195	16846	177	334	0	17552
723	95	17950	164	168	0	18377
724	108	412	146	17832	0	18498
725	114	200	126	18135	0	18575
726	17817	128	146	459	0	18550
727	362	124	124	18183	0	18793
728	180	119	18130	445	0	18874
729	17374	93	409	236	0	18112
730	18268	124	216	152	0	18760
731	470	99	18334	175	0	19078
732	17653	110	447	120	0	18330
733	464	101	215	18859	0	19639
734	212	110	135	19169	0	19626
735	153	148	135	19304	0	19740
736	162	136	113	18694	0	19105
737	106	19101	113	589	0	19909
738	19529	420	139	284	0	20372
739	20134	198	128	180	0	20640
740	556	134	20117	213	0	21020
741	20697	103	474	166	0	21440
742	22196	93	208	129	0	22626
743	22683	117	130	151	0	23081
744	23436	96	168	155	0	23855
745	814	23078	115	136	0	24143
746	341	555	79	22479	0	23454
747	205	204	22403	543	0	23355
748	189	144	20924	252	0	21509
749	18607	226	669	221	0	19723
750	19294	74	265	97	0	19730
751	532	18603	127	60	0	19322
752	18920	366	78	63	0	19427
753	493	18911	57	62	0	19523
754	267	399	42	18692	0	19400
755	19076	160	59	419	0	19714
756	18467	115	48	212	0	18842
757	19055	58	55	129	0	19297
758	581	18695	50	86	0	19412
759	18877	383	47	78	0	19385
760	530	146	63	18886	0	19625
761	19250	108	55	407	0	19820
762	564	69	18512	157	0	19302
763	257	18892	385	100	0	19634
764	18981	384	136	84	0	19585
765	495	148	19042	56	0	19741
766	246	118	414	18679	0	19457
767	206	67	19314	403	0	19990
768	173	63	18890	152	0	19278
769	169	61	506	18514	0	19250
770	152	65	19206	411	0	19834
771	159	89	462	18695	0	19405
772	152	61	186	18999	0	19398
773	19185	68	122	555	0	19930
774	457	19119	107	239	0	19922
775	219	19541	113	161	0	20034
776	174	19961	106	126	0	20367
777	181	564	19486	88	0	20319
778	158	230	470	19025	0	19883
779	126	170	19900	463	0	20659
780	18234	110	519	233	0	19096
781	19469	93	236	155	0	19953
782	550	19609	152	154	0	20465
783	306	436	124	19086	0	19952
784	195	19825	120	432	0	20572
785	19842	503	115	217	0	20677
786	523	218	122	19762	0	20625
787	242	163	19591	488	0	20484
788	186	19176	457	250	0	20069
789	180	462	19607	205	0	20454
790	179	195	526	19177	0	20077
791	166	162	19373	481	0	20182
792	17917	161	540	241	0	18859
793	530	142	19194	169	0	20035
794	241	19183	549	166	0	20139
795	202	477	255	19047	0	19981
796	176	209	200	19792	0	20377
797	19183	176	161	613	0	20133
798	19432	133	140	290	0	19995
799	608	19151	144	208	0	20111
800	282	478	18899	169	0	19828
801	252	210	18578	145	0	19185
802	18261	190	588	162	0	19201
803	581	129	18773	140	0	19623
804	255	156	18352	124	0	18887
805	223	142	18342	131	0	18838
806	195	110	18352	146	0	18803
807	178	18242	696	146	0	19262
808	18338	488	335	139	0	19300
809	610	212	262	17609	0	18693
810	17646	206	215	475	0	18542
811	596	17427	211	198	0	18432
812	17389	505	178	219	0	18291
813	601	18047	211	173	0	19032
814	332	559	218	17667	0	18776
815	257	19010	193	491	0	19951
816	215	640	18551	216	0	19622
817	154	19447	646	187	0	20434
818	210	649	323	21147	0	22329
819	21332	281	253	610	0	22476
820	676	244	197	21308	0	22425
821	343	207	21158	674	0	22382
822	276	169	663	20291	0	21399
823	198	21039	330	621	0	22188
824	201	636	21166	302	0	22305
825	20724	299	670	249	0	21942
826	721	246	316	21698	0	22981
827	20927	195	274	690	0	22086
828	21323	196	237	333	0	22089
829	758	21409	223	293	0	22683
830	20459	671	201	245	0	21576
831	21661	288	220	218	0	22387
832	795	21351	232	232	0	22610
833	379	663	206	21306	0	22554
834	271	311	227	21266	0	22075
835	215	21287	205	738	0	22445
836	250	619	157	21597	0	22623
837	216	275	21181	691	0	22363
838	235	253	589	20792	0	21869
839	223	175	20662	674	0	21734
840	157	179	18879	303	0	19518
841	166	18645	653	259	0	19723
842	134	18755	291	202	0	19382
843	160	19289	200	158	0	19807
844	298	545	248	17932	0	19023
845	111	212	18115	414	0	18852
846	17339	159	447	197	0	18142
847	444	105	225	18250	0	19024
848	199	121	18222	420	0	18962
849	132	129	17981	193	0	18435
850	90	18474	495	162	0	19221
851	101	421	221	18198	0	18941
852	18051	218	151	421	0	18841
853	409	17805	122	199	0	18535
854	164	17755	114	157	0	18190
855	92	17723	119	147	0	18081
856	125	555	136	17352	0	18168
857	61	18107	128	403	0	18699
858	103	521	93	19307	0	20024
859	103	226	90	19901	0	20320
860	104	170	19146	615	0	20035
861	16836	160	505	338	0	17839
862	510	131	19312	140	0	20093
863	197	131	521	18851	0	19700
864	101	110	19179	544	0	19934
865	97	18919	534	275	0	19825
866	18851	522	285	195	0	19853
867	514	201	168	18294	0	19177
868	217	105	131	19084	0	19537
869	18828	113	113	621	0	19675
870	18519	99	107	284	0	19009
871	19157	106	86	176	0	19525
872	639	112	18795	137	0	19683
873	17347	98	443	116	0	18004
874	516	18048	165	127	0	18856
875	213	18526	81	123	0	18943
876	163	595	73	17663	0	18494
877	145	210	67	17381	0	17803
878	113	17565	80	566	0	18324
879	113	485	100	17658	0	18356
880	17328	199	98	568	0	18193
881	492	178	17347	240	0	18257
882	190	17244	467	200	0	18101
883	16475	492	192	183	0	17342
884	441	17078	139	196	0	17854
885	197	548	16980	128	0	17853
886	151	234	466	16760	0	17611
887	143	142	16979	487	0	17751
888	110	16803	515	229	0	17657
889	130	515	189	16676	0	17510
890	119	221	16631	493	0	17464
891	134	159	16724	227	0	17244
892	116	135	586	16655	0	17492
893	16742	111	243	541	0	17637
894	17037	90	172	257	0	17556
895	17080	128	146	186	0	17540
896	620	129	17105	165	0	18019
897	246	17149	495	144	0	18034
898	172	492	219	16986	0	17869
899	145	222	136	16727	0	17230
900	135	17177	105	563	0	17980
901	17123	483	91	291	0	17988
902	495	228	113	17132	0	17968
903	234	157	17145	515	0	18051
904	163	17126	468	257	0	18014
905	16573	492	235	214	0	17514
906	441	17161	176	205	0	17983
907	211	527	161	16822	0	17721
908	191	244	167	17075	0	17677
909	162	193	164	17275	0	17794
910	147	134	16885	663	0	17829
911	155	155	514	16223	0	17047
912	163	16183	258	546	0	17150
913	167	16233	146	321	0	16867
914	168	487	15467	218	0	16340
915	13848	201	423	228	0	14700
916	15206	149	187	222	0	15764
917	507	14641	144	183	0	15475
918	12977	363	109	129	0	13578
919	13021	157	102	147	0	13427
920	457	13418	110	142	0	14127
921	217	414	106	13588	0	14325
922	148	200	14013	414	0	14775
923	146	153	13341	231	0	13871
924	13429	133	513	203	0	14278
925	440	13815	172	200	0	14627
926	194	439	129	13832	0	14594
927	151	216	107	14130	0	14604
928	170	140	126	14153	0	14589
929	13673	124	107	594	0	14498
930	497	139	108	13711	0	14455
931	227	138	108	13857	0	14330
932	190	138	13135	551	0	14014
933	12003	113	444	267	0	12827
934	431	12968	195	181	0	13775
935	12979	432	135	164	0	13710
936	433	12794	113	147	0	13487
937	187	455	121	12854	0	13617
938	12854	181	120	466	0	13621
939	13131	114	117	244	0	13606
940	525	140	12463	175	0	13303
941	12630	109	408	173	0	13320
942	529	101	12832	147	0	13609
943	229	126	12371	123	0	12849
944	158	119	12346	129	0	12752
945	150	112	13479	146	0	13887
946	120	138	629	13335	0	14222
947	117	106	13643	571	0	14437
948	126	119	601	13467	0	14313
949	13486	107	239	643	0	14475
950	565	129	170	13457	0	14321
951	13094	110	138	666	0	14008
952	570	13183	133	270	0	14156
953	252	561	130	13270	0	14213
954	224	207	12995	614	0	14040
955	156	13628	515	277	0	14576
956	179	598	177	13455	0	14409
957	140	175	13484	604	0	14403
958	67	12492	489	184	0	13232
959	70	13165	155	134	0	13524
960	65	557	12954	110	0	13686
961	79	246	526	12444	0	13295
962	49	108	12551	489	0	13197
963	11744	49	535	171	0	12499
964	12521	41	175	99	0	12836
965	568	12235	90	88	0	12981
966	12435	463	78	71	0	13047
967	561	140	59	12364	0	13124
968	177	86	12208	495	0	12966
969	11343	81	504	184	0	12112
970	520	46	11847	126	0	12539
971	155	11720	530	83	0	12488
972	11926	463	191	67	0	12647
973	520	174	105	11909	0	12708
974	177	79	11935	486	0	12677
975	11664	71	497	188	0	12420
976	11968	39	186	121	0	12314
977	12312	39	111	94	0	12556
978	659	45	86	11847	0	12637
979	262	61	55	12353	0	12731
980	166	46	11857	600	0	12669
981	110	11716	488	239	0	12553
982	104	468	197	11553	0	12322
983	90	153	120	12262	0	12625
984	78	93	11900	603	0	12674
985	78	104	12003	223	0	12408
986	103	63	609	11826	0	12601
987	11467	53	241	569	0	12330
988	482	11718	184	213	0	12597
989	11777	483	128	150	0	12538
990	596	11825	108	117	0	12646
991	263	530	11585	99	0	12477
992	162	205	11876	130	0	12373
993	11288	133	668	150	0	12239
994	12550	86	276	150	0	13062
995	669	12317	196	140	0	13322
996	313	528	11885	160	0	12886
997	238	208	589	11758	0	12793
998	186	170	267	11605	0	12228
999	159	11905	205	678	0	12947
1000	135	547	151	12183	0	13016
1001	140	235	12104	706	0	13185
1002	11564	179	599	324	0	12666
1003	12290	133	260	198	0	12881
1004	12111	145	189	177	0	12622
1005	12775	100	182	141	0	13198
1006	910	94	11955	128	0	13087
1007	12046	72	651	142	0	12911
1008	823	83	12029	106	0	13041
1009	385	11852	693	126	0	13056
1010	256	537	378	12120	0	13291
1011	12282	230	261	660	0	13433
1012	677	146	229	13061	0	14113
1013	312	141	13017	794	0	14264
1014	12857	103	726	370	0	14056
1015	13646	112	313	256	0	14327
1016	943	88	215	13097	0	14343
1017	446	104	200	13655	0	14405
1018	337	97	12925	871	0	14230
1019	267	13095	686	412	0	14460
1020	12579	602	310	286	0	13777
1021	765	249	11909	177	0	13100
1022	11504	176	672	137	0	12489
1023	744	11827	285	139	0	12995
1024	11884	598	211	144	0	12837
1025	761	11503	189	124	0	12577
1026	410	11851	131	148	0	12540
1027	283	728	156	11470	0	12637
1028	242	335	142	12049	0	12768
1029	237	181	128	12247	0	12793
1030	191	138	109	12434	0	12872
1031	184	102	11717	893	0	12896
1032	11463	103	605	423	0	12594
1033	12265	113	274	288	0	12940
1034	12699	101	197	205	0	13202
1035	905	85	185	11988	0	13163
1036	497	93	144	12446	0	13180
1037	12305	109	148	761	0	13323
1038	12454	104	124	360	0	13042
1039	12729	122	121	277	0	13249
1040	912	126	108	11983	0	13129
1041	461	112	114	12035	0	12722
1042	308	98	11328	748	0	12482
1043	250	79	11062	401	0	11792
1044	208	11028	636	285	0	12157
1045	9915	462	320	218	0	10915
1046	10000	176	198	148	0	10522
1047	10114	115	124	150	0	10503
1048	607	92	9999	129	0	10827
1049	10020	70	350	181	0	10621
1050	10442	68	186	173	0	10869
1051	10642	65	131	136	0	10974
1052	650	72	112	10045	0	10879
1053	398	51	109	10151	0	10709
1054	272	51	102	10245	0	10670
1055	229	66	8953	541	0	9789
1056	8399	68	262	309	0	9038
1057	431	8863	135	198	0	9627
1058	7934	222	91	114	0	8361
1059	341	7689	76	78	0	8184
1060	224	7916	47	79	0	8266
1061	193	328	60	7738	0	8319
1062	164	158	78	7689	0	8089
1063	129	7687	57	315	0	8188
1064	7694	237	45	188	0	8164
1065	7739	119	46	167	0	8071
1066	353	72	60	7531	0	8016
1067	225	61	7509	286	0	8081
1068	189	47	7238	165	0	7639
1069	169	50	7666	124	0	8009
1070	154	41	7672	107	0	7974
1071	7320	60	344	121	0	7845
1072	7625	34	160	99	0	7918
1073	318	31	119	7395	0	7863
1074	220	38	7314	250	0	7822
1075	173	53	217	7537	0	7980
1076	152	7519	105	261	0	8037
1077	120	8627	84	150	0	8981
1078	8690	278	87	141	0	9196
1079	8838	140	56	111	0	9145
1080	9009	102	58	104	0	9273
1081	371	83	64	8757	0	9275
1082	235	65	58	8987	0	9345
1083	195	45	55	9088	0	9383
1084	160	39	37	9050	0	9286
1085	105	31	8976	388	0	9500
1086	100	38	223	8984	0	9345
1087	9496	33	112	345	0	9986
1088	301	39	97	9506	0	9943
1089	193	37	63	9699	0	9992
1090	163	57	56	9650	0	9926
1091	150	9164	47	408	0	9769
1092	96	9287	55	233	0	9671
1093	94	9613	46	156	0	9909
1094	103	266	37	9161	0	9567
1095	90	96	25	9353	0	9564
1096	9290	53	22	312	0	9677
1097	9316	41	35	153	0	9545
1098	9379	30	35	120	0	9564
1099	292	36	40	9279	0	9647
1100	141	39	40	9249	0	9469
1101	119	9053	27	260	0	9459
1102	116	9524	19	128	0	9787
1103	9327	245	24	98	0	9694
1104	243	100	25	9208	0	9576
1105	9244	57	28	227	0	9556
1106	9485	28	23	118	0	9654
1107	278	21	34	9269	0	9602
1108	120	9872	24	233	0	10249
1109	10043	182	21	112	0	10358
1110	10417	52	17	96	0	10582
1111	243	39	10689	68	0	11039
1112	9727	28	107	43	0	9905
1113	155	10076	31	32	0	10294
1114	62	108	14	10540	0	10724
1115	11894	35	12	170	0	12111
1116	174	27	6	11966	0	12173
1117	82	22	6	11998	0	12108
1118	50	12017	6	212	0	12285
1119	12001	140	4	108	0	12253
1120	12072	61	4	78	0	12215
1121	213	11927	11	56	0	12207
1122	106	12986	8	37	0	13137
1123	13049	175	15	52	0	13291
1124	12963	83	7	37	0	13090
1125	209	58	12550	27	0	12844
1126	115	43	11497	41	0	11696
1127	75	26	12862	38	0	13001
1128	52	16	196	13066	0	13330
1129	40	24	96	13291	0	13451
1130	34	23	13184	201	0	13442
1131	12687	25	154	121	0	12987
1132	13776	23	69	76	0	13944
1133	13856	13	38	60	0	13967
1134	13629	17	37	49	0	13732
1135	264	21	14823	31	0	15139
1136	14714	11	146	63	0	14934
1137	15292	20	187	73	0	15572
1138	15360	27	49	87	0	15523
1139	15699	14	40	54	0	15807
1140	15560	28	19	60	0	15667
1141	269	30	15858	41	0	16198
1142	147	15969	147	38	0	16301
1143	117	146	65	15585	0	15913
1144	95	65	38	16422	0	16620
1145	88	56	16201	200	0	16545
1146	14644	45	152	148	0	14989
1147	203	32	62	16091	0	16388
1148	125	43	16283	183	0	16634
1149	106	35	14934	117	0	15192
1150	94	16490	201	67	0	16852
1151	75	150	98	16992	0	17315
1152	66	75	68	17229	0	17438
1153	68	56	47	16911	0	17082
1154	17200	42	41	279	0	17562
1155	197	29	30	17199	0	17455
1156	113	29	16895	253	0	17290
1157	110	41	14916	168	0	15235
1158	104	37	17513	80	0	17734
1159	90	34	232	17818	0	18174
1160	18552	32	120	197	0	18901
1161	211	37	18596	102	0	18946
1162	17942	32	190	91	0	18255
1163	20728	21	102	166	0	21017
1164	305	17	64	21090	0	21476
1165	159	25	67	21291	0	21542
1166	116	21084	49	263	0	21512
1167	103	164	21291	129	0	21687
1168	20467	68	189	141	0	20865
1169	237	53	92	21889	0	22271
1170	137	21715	66	237	0	22155
1171	105	169	54	22142	0	22470
1172	106	92	22009	203	0	22410
1173	99	51	182	21402	0	21734
1174	80	21648	103	238	0	22069
1175	71	168	74	21790	0	22103
1176	21556	77	60	237	0	21930
1177	212	51	45	20932	0	21240
1178	112	20386	58	225	0	20781
1179	88	20841	63	127	0	21119
1180	19731	202	56	125	0	20114
1181	221	97	20774	77	0	21169
1182	118	74	194	20248	0	20634
1183	99	45	89	21118	0	21351
1184	87	30	21205	239	0	21561
1185	76	20916	205	139	0	21336
1186	84	158	21164	99	0	21505
1187	91	111	180	20638	0	21020
1188	49	21401	108	175	0	21733
1189	21926	143	72	111	0	22252
1190	157	21764	48	111	0	22080
1191	69	22117	48	79	0	22313
1192	22575	152	51	81	0	22859
1193	22685	65	40	98	0	22888
1194	23171	52	30	72	0	23325
1195	185	33	31	23216	0	23465
1196	102	37	23228	140	0	23507
1197	22485	23	143	126	0	22777
1198	24580	23	72	74	0	24749
1199	265	24	31	25572	0	25892
1200	105	37	25677	231	0	26050
1201	61	25220	220	99	0	25600
1202	25379	224	62	95	0	25760
1203	26221	76	52	107	0	26456
1204	280	26453	41	53	0	26827
1205	105	27186	35	41	0	27367
1206	27158	272	21	73	0	27524
1207	26976	99	25	63	0	27163
1208	26699	56	22	62	0	26839
1209	343	48	24	26420	0	26835
1210	126	54	26584	252	0	27016
1211	104	36	225	25596	0	25961
1212	74	49	25943	272	0	26338
1213	53	24950	266	129	0	25398
1214	70	25688	105	60	0	25923
1215	101	243	47	23976	0	24367
1216	82	55	33	24348	0	24518
1217	94	62	18	23768	0	23942
1218	57	24423	30	234	0	24744
1219	24183	217	40	118	0	24558
1220	23912	90	43	110	0	24155
1221	289	24431	32	86	0	24838
1222	139	236	28	23555	0	23958
1223	102	23722	30	203	0	24057
1224	108	263	33	23644	0	24048
1225	91	23832	25	210	0	24158
1226	23910	243	31	102	0	24286
1227	282	103	22	23370	0	23777
1228	115	62	23067	260	0	23504
1229	22294	55	215	165	0	22729
1230	23024	40	93	154	0	23311
1231	262	57	22801	105	0	23225
1232	107	84	224	22637	0	23052
1233	87	90	23074	253	0	23504
1234	75	83	219	22896	0	23273
1235	64	106	21756	290	0	22216
1236	20213	90	213	194	0	20710
1237	259	99	70	21170	0	21598
1238	122	21288	45	266	0	21721
1239	21966	290	29	148	0	22433
1240	340	116	35	22140	0	22631
1241	136	110	36	21982	0	22264
1242	129	119	21606	330	0	22184
1243	142	77	248	22213	0	22680
1244	117	90	23024	435	0	23666
1245	136	88	23003	189	0	23416
1246	107	67	455	24117	0	24746
1247	99	64	26119	445	0	26727
1248	25091	66	583	223	0	25963
1249	30156	62	209	170	0	30597
1250	31718	68	139	174	0	32099
1251	1149	33040	127	163	0	34479
1252	555	939	117	33082	0	34693
1253	356	391	98	32084	0	32929
1254	214	33933	119	1178	0	35444
1255	33783	1022	98	561	0	35464
1256	1043	413	103	33696	0	35255
1257	476	268	34021	1129	0	35894
1258	315	213	32047	521	0	33096
1259	227	32260	1264	405	0	34156
1260	32525	1003	551	317	0	34396
1261	1084	438	32512	232	0	34266
1262	30345	250	1123	287	0	32005
1263	1179	29830	532	254	0	31795
1264	549	989	30207	186	0	31931
1265	371	426	28462	228	0	29487
1266	288	280	30371	203	0	31142
1267	262	29198	1474	185	0	31119
1268	260	1016	29807	157	0	31240
1269	28774	434	1240	201	0	30649
1270	1122	287	654	27835	0	29898
1271	548	218	390	30102	0	31258
1272	359	227	263	30643	0	31492
1273	322	192	205	30854	0	31573
1274	261	172	29766	1637	0	31836
1275	266	163	1079	29649	0	31157
1276	281	197	522	30656	0	31656
1277	29221	157	402	1557	0	31337
1278	30409	166	354	776	0	31705
1279	28462	197	335	546	0	29540
1280	1465	214	28903	399	0	30981
1281	718	29081	1103	343	0	31245
1282	482	31342	580	304	0	32708
1283	28594	1391	397	354	0	30736
1284	1080	30572	327	322	0	32301
1285	545	1316	331	29958	0	32150
1286	443	608	298	31045	0	32394
1287	310	397	29968	1511	0	32186
1288	266	29111	1219	790	0	31386
1289	286	1180	28927	539	0	30932
1290	27725	526	1338	462	0	30051
1291	29943	373	668	367	0	31351
1292	1576	252	477	29151	0	31456
1293	747	213	402	29262	0	30624
1294	446	213	381	29484	0	30524
1295	388	236	304	29958	0	30886
1296	367	199	28536	1865	0	30967
1297	360	254	1164	28073	0	29851
1298	273	131	27655	1549	0	29608
1299	246	122	26319	846	0	27533
1300	212	26274	1471	627	0	28584
1301	26427	1044	771	459	0	28701
1302	1086	27469	501	403	0	29459
1303	578	1245	362	26115	0	28300
1304	400	553	27435	1200	0	29588
1305	26516	355	1241	668	0	28780
1306	1287	240	27316	491	0	29334
1307	27165	220	1437	380	0	29202
1308	27949	197	725	359	0	29230
1309	1689	237	525	27848	0	30299
1310	881	237	388	28098	0	29604
1311	571	258	402	28742	0	29973
1312	491	242	27022	1940	0	29695
1313	26268	294	1330	1013	0	28905
1314	1434	26852	661	717	0	29664
1315	791	1282	474	27083	0	29630
1316	27203	609	433	1552	0	29797
1317	28299	436	421	808	0	29964
1318	28721	361	320	677	0	30079
1319	2153	350	26623	568	0	29694
1320	27605	348	1377	568	0	29898
1321	28319	453	706	640	0	30118
1322	2042	358	23888	710	0	26998
1323	1064	357	28412	590	0	30423
1324	795	379	1903	27654	0	30731
1325	669	266	28686	1504	0	31125
1326	473	26332	2056	846	0	29707
1327	478	28690	1239	510	0	30917
1328	27159	1752	870	427	0	30208
1329	1661	28567	625	349	0	31202
1330	1054	1625	603	28104	0	31386
1331	26719	782	632	1572	0	29705
1332	1576	28382	559	921	0	31438
1333	786	1565	623	28272	0	31246
1334	624	700	662	29379	0	31365
1335	494	495	28028	2101	0	31118
1336	518	421	1635	28312	0	30886
1337	499	364	27907	2115	0	30885
1338	567	233	28032	1235	0	30067
1339	592	266	1813	27022	0	29693
1340	513	240	912	28194	0	29859
1341	26772	237	648	2277	0	29934
1342	1533	28781	502	1367	0	32183
1343	829	1472	429	28204	0	30934
1344	766	954	435	28781	0	30936
1345	26831	446	275	2295	0	29847
1346	1720	25669	330	1210	0	28929
1347	900	24104	297	690	0	25991
1348	566	22964	276	519	0	24325
1349	274	20137	222	320	0	20953
1350	15954	963	702	238	0	17857
1351	15903	371	121	183	0	16578
1352	15615	226	92	168	0	16101
1353	15755	155	100	155	0	16165
1354	997	131	98	14915	0	16141
1355	401	130	14606	777	0	15914
1356	287	14439	700	320	0	15746
1357	236	694	263	14324	0	15517
1358	198	225	14452	774	0	15649
1359	197	161	735	14333	0	15426
1360	179	143	270	14942	0	15534
1361	179	118	14373	952	0	15622
1362	158	128	755	14376	0	15417
1363	212	122	320	14081	0	14735
1364	14474	122	198	1005	0	15799
1365	14754	150	162	447	0	15513
1366	14812	128	132	348	0	15420
1367	14828	162	119	289	0	15398
1368	1067	133	132	13979	0	15311
1369	474	160	104	14580	0	15318
1370	355	145	123	14780	0	15403
1371	14017	149	114	1069	0	15349
1372	908	154	119	14146	0	15327
1373	438	137	132	14605	0	15312
1374	376	142	13490	1060	0	15068
1375	343	164	706	13188	0	14401
1376	322	12629	281	883	0	14115
1377	278	13971	200	437	0	14886
1378	13155	781	180	323	0	14439
1379	818	316	12941	321	0	14396
1380	385	12517	691	285	0	13878
1381	12460	690	320	262	0	13732
1382	810	264	192	12496	0	13762
1383	342	221	12535	824	0	13922
1384	320	188	683	12154	0	13345
1385	233	12825	283	833	0	14174
1386	12631	700	216	387	0	13934
1387	751	13235	146	325	0	14457
1388	13044	739	131	315	0	14229
1389	13591	287	130	278	0	14286
1390	974	204	103	13116	0	14397
1391	414	171	112	12894	0	13591
1392	299	12849	125	943	0	14216
1393	13026	685	122	486	0	14319
1394	816	251	12754	372	0	14193
1395	12433	218	624	296	0	13571
1396	12775	193	229	273	0	13470
1397	930	126	11923	289	0	13268
1398	406	169	620	11601	0	12796
1399	11707	134	229	824	0	12894
1400	768	130	11490	422	0	12810
1401	352	119	11150	285	0	11906
1402	10154	109	716	262	0	11241
1403	652	10176	303	231	0	11362
1404	291	9771	160	197	0	10419
1405	320	656	155	9209	0	10340
1406	197	271	9282	539	0	10289
1407	8796	179	514	288	0	9777
1408	630	119	9221	211	0	10181
1409	235	8525	512	168	0	9440
1410	8580	476	194	172	0	9422
1411	573	199	115	8603	0	9490
1412	8693	147	122	531	0	9493
1413	579	133	8459	281	0	9452
1414	290	134	458	8083	0	8965
1415	220	8584	179	469	0	9452
1416	214	512	133	8439	0	9298
1417	174	217	132	8841	0	9364
1418	224	158	8479	589	0	9450
1419	241	8033	452	264	0	8990
1420	194	8410	203	249	0	9056
1421	206	467	7974	167	0	8814
1422	7320	163	457	157	0	8097
1423	7814	114	194	163	0	8285
1424	557	134	151	7473	0	8315
1425	7241	75	107	427	0	7850
1426	449	6674	128	211	0	7462
1427	172	7290	121	182	0	7765
1428	7280	434	104	194	0	8012
1429	459	192	115	7304	0	8070
1430	7404	100	131	454	0	8089
1431	7769	78	91	213	0	8151
1432	556	102	78	7255	0	7991
1433	285	94	7209	435	0	8023
1434	7133	91	378	180	0	7782
1435	7544	108	138	128	0	7918
1436	569	76	109	7078	0	7832
1437	248	7213	106	449	0	8016
1438	175	403	77	7397	0	8052
1439	187	131	7192	458	0	7968
1440	158	97	7325	235	0	7815
1441	135	7180	476	207	0	7998
1442	162	162	118	4877	0	5319
1443	86	60	77	4955	0	5178
1444	75	36	4845	193	0	5149
1445	4563	45	163	92	0	4863
1446	4896	38	53	75	0	5062
1447	4858	31	54	80	0	5023
1448	4941	28	66	60	0	5095
1449	215	4728	55	46	0	5044
1450	91	4970	44	63	0	5168
1451	5024	179	34	75	0	5312
1452	202	70	55	5168	0	5495
1453	93	56	55	5299	0	5503
1454	89	5277	34	236	0	5636
1455	101	203	32	5348	0	5684
1456	108	55	38	5290	0	5491
1457	81	5186	34	252	0	5553
1458	73	233	5182	91	0	5579
1459	89	99	178	5233	0	5599
1460	5280	52	61	234	0	5627
1461	5261	68	46	117	0	5492
1462	261	68	5059	73	0	5461
1463	124	50	4938	88	0	5200
1464	86	40	4999	100	0	5225
1465	98	43	210	4877	0	5228
1466	65	72	4940	197	0	5274
1467	56	45	4956	114	0	5171
1468	77	59	218	4837	0	5191
1469	76	5015	81	226	0	5398
1470	87	188	5039	90	0	5404
1471	47	5187	233	68	0	5535
1472	5131	197	116	71	0	5515
1473	200	5206	73	77	0	5556
1474	89	202	84	5224	0	5599
1475	5211	75	91	211	0	5588
1476	212	47	81	5199	0	5539
1477	95	55	51	5342	0	5543
1478	75	51	5310	249	0	5685
1479	72	4963	229	98	0	5362
1480	77	5307	85	88	0	5557
1481	90	236	69	4984	0	5379
1482	58	82	59	5096	0	5295
1483	51	76	47	4841	0	5015
1484	60	50	4624	224	0	4958
1485	44	66	4303	120	0	4533
1486	3968	35	183	87	0	4273
1487	165	34	4181	61	0	4441
1488	54	22	4283	63	0	4422
1489	25	4161	176	54	0	4416
1490	44	147	71	4136	0	4398
1491	44	51	4208	128	0	4431
1492	36	33	155	4074	0	4298
1493	27	29	4314	165	0	4535
1494	25	30	154	4306	0	4515
1495	27	30	4513	181	0	4751
1496	22	18	176	4438	0	4654
1497	28	19	84	4478	0	4609
1498	28	4545	48	200	0	4821
1499	25	132	61	4623	0	4841
1500	22	4690	54	169	0	4935
1501	19	166	42	4799	0	5026
1502	28	59	37	4908	0	5032
1503	4684	42	57	203	0	4986
1504	141	35	43	4739	0	4958
1505	54	40	4659	190	0	4943
1506	33	31	147	4667	0	4878
1507	32	22	75	4787	0	4916
1508	34	26	4566	231	0	4857
1509	27	31	4509	119	0	4686
1510	25	35	190	4410	0	4660
1511	29	30	79	4626	0	4764
1512	21	37	4506	222	0	4786
1513	20	4246	165	128	0	4559
1514	15	4570	81	90	0	4756
1515	4467	162	61	90	0	4780
1516	140	60	46	4638	0	4884
1517	4632	43	61	189	0	4925
1518	4574	35	60	105	0	4774
1519	155	4606	49	80	0	4890
1520	4664	144	59	78	0	4945
1521	4726	54	60	68	0	4908
1522	183	41	4625	87	0	4936
1523	82	45	159	4578	0	4864
1524	52	41	4708	164	0	4965
1525	48	47	167	4723	0	4985
1526	51	35	4748	176	0	5010
1527	43	4460	173	91	0	4767
1528	27	4609	80	69	0	4785
1529	47	160	54	4402	0	4663
1530	4339	53	49	140	0	4581
1531	121	46	41	4301	0	4509
1532	66	30	31	4364	0	4491
1533	41	37	4357	162	0	4597
1534	26	24	4318	96	0	4464
1535	29	27	4418	66	0	4540
1536	27	21	161	4262	0	4471
1537	28	22	71	4182	0	4303
1538	12	4135	79	163	0	4389
1539	16	4450	59	82	0	4607
1540	4233	152	54	71	0	4510
1541	97	4314	52	93	0	4556
1542	56	121	4312	63	0	4552
1543	36	59	133	4236	0	4464
1544	23	46	4441	159	0	4669
1545	25	4430	170	86	0	4711
1546	31	140	67	4498	0	4736
1547	4329	48	45	174	0	4596
1548	104	36	4387	86	0	4613
1549	40	4321	131	74	0	4566
1550	29	112	4333	63	0	4537
1551	22	4265	154	66	0	4507
1552	26	123	57	3918	0	4124
1553	4002	42	43	108	0	4195
1554	3914	37	39	70	0	4060
1555	95	3954	40	52	0	4141
1556	4022	89	35	51	0	4197
1557	94	48	24	3983	0	4149
1558	4046	32	36	110	0	4224
1559	102	32	4075	66	0	4275
1560	57	30	4105	46	0	4238
1561	42	30	114	3925	0	4111
1562	38	27	57	4293	0	4415
1563	35	21	4235	143	0	4434
1564	34	20	105	4238	0	4397
1565	4232	23	61	125	0	4441
1566	4243	24	44	79	0	4390
1567	128	4053	38	58	0	4277
1568	52	4092	34	62	0	4240
1569	3972	105	34	62	0	4173
1570	110	53	30	3942	0	4135
1571	3923	37	24	117	0	4101
1572	116	3905	32	56	0	4109
1573	3928	90	26	57	0	4101
1574	112	38	3812	32	0	3994
1575	53	36	3810	45	0	3944
1576	49	28	103	3837	0	4017
1577	34	32	3961	94	0	4121
1578	29	27	83	3820	0	3959
1579	36	28	54	3636	0	3754
1580	38	13	4109	100	0	4260
1581	27	35	85	4089	0	4236
1582	37	17	59	4383	0	4496
1583	27	25	4573	129	0	4754
1584	31	17	4654	77	0	4779
1585	4518	19	130	50	0	4717
1586	111	18	4774	44	0	4947
1587	4815	23	121	48	0	5007
1588	5217	15	70	29	0	5331
1589	173	23	5270	34	0	5500
1590	84	11	5456	30	0	5581
1591	53	38	225	5100	0	5416
1592	41	18	94	5006	0	5159
1593	34	5143	54	184	0	5415
1594	23	5332	57	115	0	5527
1595	21	167	5209	43	0	5440
1596	4924	69	151	60	0	5204
1597	5169	32	86	41	0	5328
1598	198	21	5109	28	0	5356
1599	85	24	5119	29	0	5257
1600	48	12	197	4893	0	5150
1601	38	5028	90	132	0	5288
1602	29	131	52	5148	0	5360
1603	34	53	43	5257	0	5387
1604	5194	39	30	192	0	5455
1605	5269	33	20	85	0	5407
1606	201	17	29	5312	0	5559
1607	98	13	5275	157	0	5543
1608	5006	14	139	84	0	5243
1609	155	5400	78	44	0	5677
1610	5513	133	50	45	0	5741
1611	5388	60	32	46	0	5526
1612	184	5490	37	33	0	5744
1613	89	5717	30	27	0	5863
1614	54	179	30	5588	0	5851
1615	50	76	35	5639	0	5800
1616	35	5563	26	193	0	5817
1617	39	155	29	5627	0	5850
1618	24	72	37	5742	0	5875
1619	34	44	5523	224	0	5825
1620	5354	29	150	111	0	5644
1621	5674	24	77	66	0	5841
1622	5786	12	46	59	0	5903
1623	246	14	42	5625	0	5927
1624	5574	12	38	167	0	5791
1625	208	5454	35	83	0	5780
1626	102	150	37	5168	0	5457
1627	63	5271	36	148	0	5518
1628	56	5747	21	86	0	5910
1629	5714	191	25	69	0	5999
1630	5819	81	30	55	0	5985
1631	5798	45	23	46	0	5912
1632	5797	32	19	44	0	5892
1633	5803	29	22	37	0	5891
1634	252	29	5805	33	0	6119
1635	5746	24	155	37	0	5962
1636	215	24	6048	26	0	6313
1637	5780	16	184	35	0	6015
1638	6013	16	99	41	0	6169
1639	5889	20	65	45	0	6019
1640	239	22	6356	44	0	6661
1641	125	30	161	6068	0	6384
1642	82	6589	75	150	0	6896
1643	6794	137	60	74	0	7065
1644	6836	66	54	56	0	7012
1645	224	6993	44	58	0	7319
1646	7208	156	50	46	0	7460
1647	222	71	46	6954	0	7293
1648	121	7187	41	147	0	7496
1649	7288	159	42	91	0	7580
1650	7364	71	36	68	0	7539
1651	230	59	30	7320	0	7639
1652	7462	46	37	175	0	7720
1653	220	37	55	7419	0	7731
1654	135	31	39	7562	0	7767
1655	103	33	7447	227	0	7810
1656	95	27	166	7349	0	7637
1657	91	36	77	7524	0	7728
1658	71	32	7393	221	0	7717
1659	57	32	7364	96	0	7549
1660	57	33	186	7425	0	7701
1661	65	29	7513	187	0	7794
1662	6906	24	177	101	0	7208
1663	171	7655	79	68	0	7973
1664	83	149	46	7879	0	8157
1665	73	62	37	8005	0	8177
1666	63	51	32	7890	0	8036
1667	8010	34	24	224	0	8292
1668	7984	30	24	113	0	8151
1669	8117	25	19	77	0	8238
1670	250	8117	15	56	0	8438
1671	137	145	16	8229	0	8527
1672	105	65	12	8332	0	8514
1673	8280	61	7	209	0	8557
1674	8242	48	11	110	0	8411
1675	225	36	9	8330	0	8600
1676	116	40	8271	179	0	8606
1677	8136	33	144	88	0	8401
1678	8537	24	53	71	0	8685
1679	233	25	8605	52	0	8915
1680	7911	27	134	50	0	8122
1681	220	14	8769	42	0	9045
1682	8566	16	147	51	0	8780
1683	183	51	88	8891	0	9213
1684	102	9313	42	136	0	9593
1685	105	126	9635	61	0	9927
1686	62	9613	149	44	0	9868
1687	41	9171	53	40	0	9305
1688	10018	135	58	50	0	10261
1689	99	23	15	10024	0	10161
1690	23	21	14	9833	0	9891
1691	10488	12	15	122	0	10637
1692	109	8	9	10593	0	10719
1693	30	12	14	10541	0	10597
1694	41	13	9	10668	0	10731
1695	25	9	10	10507	0	10551
1696	20	19	10614	128	0	10781
1697	22	17	10115	47	0	10201
1698	18	10365	94	49	0	10526
1699	10701	98	24	51	0	10874
1700	122	13	25	10888	0	11048
1701	40	10740	11	107	0	10898
1702	48	100	12	11601	0	11761
1703	37	19	15	11696	0	11767
1704	27	28	16	11577	0	11648
1705	43	17	10	11867	0	11937
1706	39	16	16	11874	0	11945
1707	25	11751	15	146	0	11937
1708	28	104	17	12074	0	12223
1709	27	23	11763	129	0	11942
1710	29	11775	97	55	0	11956
1711	37	101	18	11912	0	12068
1712	39	41	17	11874	0	11971
1713	25	11556	20	156	0	11757
1714	20	11844	18	66	0	11948
1715	11661	103	41	86	0	11891
1716	94	11627	15	65	0	11801
1717	11618	90	31	63	0	11802
1718	11512	24	42	55	0	11633
1719	100	33	12285	45	0	12463
1720	35	34	98	11496	0	11663
1721	30	21	12368	108	0	12527
1722	25	12365	87	56	0	12533
1723	58	112	32	11186	0	11388
1724	33	30	36	12304	0	12403
1725	29	29	12	12425	0	12495
1726	21	29	11	12646	0	12707
1727	34	19	12951	138	0	13142
1728	29	17	83	12697	0	12826
1729	25	30	13051	119	0	13225
1730	24	25	12683	60	0	12792
1731	12130	18	143	96	0	12387
1732	12824	22	643	60	0	13549
1733	13519	23	32	59	0	13633
1734	110	13305	16	63	0	13494
1735	39	95	19	13669	0	13822
1736	40	31	14137	115	0	14323
1737	50	30	85	13759	0	13924
1738	33	27	14683	128	0	14871
1739	14258	21	106	75	0	14460
1740	14486	13	36	69	0	14604
1741	14476	19	49	40	0	14584
1742	133	28	13972	33	0	14166
1743	67	23	13707	36	0	13833
1744	42	21	112	14236	0	14411
1745	58	16	64	13008	0	13146
1746	26	14	25	14763	0	14828
1747	15	19	14717	127	0	14878
1748	18	21	13191	78	0	13308
1749	14014	12	99	73	0	14198
1750	89	18	49	15336	0	15492
1751	44	14	38	15375	0	15471
1752	15881	11	25	131	0	16048
1753	96	11	25	15834	0	15966
1754	17140	16	23	163	0	17342
1755	17918	7	32	111	0	18068
1756	17772	14	21	110	0	17917
1757	115	26	18458	49	0	18648
1758	51	18218	87	57	0	18413
1759	19280	74	34	77	0	19465
1760	107	18	40	19457	0	19622
1761	60	20	34	19316	0	19430
1762	46	19453	28	119	0	19646
1763	19556	94	16	93	0	19759
1764	19318	23	33	77	0	19451
1765	19673	27	23	76	0	19799
1766	127	20015	35	43	0	20220
1767	21493	95	20	87	0	21695
1768	21472	30	26	78	0	21606
1769	21583	27	25	73	0	21708
1770	135	20	37	21269	0	21461
1771	70	14	17	21521	0	21622
1772	58	28	21890	148	0	22124
1773	54	16	105	21012	0	21187
1774	59	20	36	21035	0	21150
1775	50	21	21813	134	0	22018
1776	20285	9	92	97	0	20483
1777	21904	14	30	59	0	22007
1778	147	26	24	21735	0	21932
1779	74	21276	24	107	0	21481
1780	62	21562	16	57	0	21697
1781	54	130	16	21482	0	21682
1782	45	53	21065	113	0	21276
1783	63	26	72	20155	0	20316
1784	30	43	20867	103	0	21043
1785	29	11	20345	46	0	20431
1786	39	6	59	21285	0	21389
1787	21820	4	27	81	0	21932
1788	21309	4	13	53	0	21379
1789	71	5	19	22008	0	22103
1790	47	9	9	21592	0	21657
1791	32	4	7	22056	0	22099
1792	23	9	10	21823	0	21865
1793	22168	6	12	115	0	22301
1794	21769	8	18	68	0	21863
1795	21682	2	9	49	0	21742
1796	68	15	21894	17	0	21994
1797	48	6	46	21594	0	21694
1798	36	8	24	22290	0	22358
1799	22321	4	16	77	0	22418
1800	65	21944	10	47	0	22066
1801	22186	54	1	63	0	22304
1802	22045	24	7	55	0	22131
1803	21852	11	10	48	0	21921
1804	21672	13	12	42	0	21739
1805	127	16	21918	24	0	22085
1806	69	27	20072	42	0	20210
1807	22394	5	147	68	0	22614
1808	23270	5	33	45	0	23353
1809	23055	7	17	49	0	23128
1810	23309	7	21	45	0	23382
1811	195	12	24323	37	0	24567
1812	75	25299	186	36	0	25596
1813	104	247	94	27017	0	27462
1814	28636	114	65	382	0	29197
1815	29078	63	17	252	0	29410
1816	30673	18	18	150	0	30859
1817	30998	21	12	80	0	31111
1818	31268	9	14	65	0	31356
1819	30153	14	23	53	0	30243
1820	917	53	27672	66	0	28708
1821	477	17	28791	31	0	29316
1822	279	13	616	28606	0	29514
1823	188	18	29770	455	0	30431
1824	156	28485	591	268	0	29500
1825	133	28647	324	163	0	29267
1826	155	642	185	30225	0	31207
1827	132	322	30958	478	0	31890
1828	105	166	28749	287	0	29307
1829	29002	87	761	194	0	30044
1830	32763	67	412	126	0	33368
1831	1006	63	238	33031	0	34338
1832	33776	73	138	853	0	34840
1833	1033	49	109	33463	0	34654
1834	533	37	93	33623	0	34286
1835	277	53	33676	1236	0	35242
1836	202	43	31980	586	0	32811
1837	205	30	1176	32261	0	33672
1838	160	24	32467	975	0	33626
1839	29797	15	1034	534	0	31380
1840	32734	19	521	289	0	33563
1841	1278	32634	270	209	0	34391
1842	33327	839	187	191	0	34544
1843	1202	382	32433	110	0	34127
1844	31857	151	971	157	0	33136
1845	33279	87	497	140	0	34003
1846	33809	66	281	121	0	34277
1847	1639	51	175	31609	0	33474
1848	814	32008	182	844	0	33848
1849	32760	907	150	437	0	34254
1850	33126	394	152	297	0	33969
1851	1549	201	185	32586	0	34521
1852	32855	118	165	1152	0	34290
1853	1461	33027	145	632	0	35265
1854	813	1058	148	32343	0	34362
1855	499	464	31167	1301	0	33431
1856	27660	243	1180	729	0	29812
1857	1407	147	31105	369	0	33028
1858	773	144	1337	30411	0	32665
1859	522	29592	631	1178	0	31923
1860	453	32922	393	532	0	34300
1861	454	1714	242	32361	0	34771
1862	458	31271	323	1443	0	33495
1863	430	1751	236	42850	0	45267
1864	443	751	220	45712	0	47126
1865	397	440	231	46938	0	48006
1866	43185	373	176	3559	0	47293
1867	2646	264	163	43817	0	46890
1868	1251	246	41726	3087	0	46310
1869	815	41588	2240	1518	0	46161
1870	42418	2375	836	916	0	46545
1871	2875	923	437	42247	0	46482
1872	1443	500	357	43753	0	46053
1873	904	388	310	45065	0	46667
1874	808	300	41346	3718	0	46172
1875	588	41445	2421	1774	0	46228
1876	42022	2485	1082	1123	0	46712
1877	2694	1071	627	40119	0	44511
1878	1197	42524	519	2770	0	47010
1879	42551	2736	460	1469	0	47216
1880	2850	1187	41835	997	0	46869
1881	41683	762	2696	854	0	45995
1882	3132	677	42743	657	0	47209
1883	1540	554	42982	684	0	45760
1884	976	41684	3353	792	0	46805
1885	891	2648	1440	40349	0	45328
1886	743	1079	40838	2971	0	45631
1887	653	38856	2982	1500	0	43991
1888	671	2722	1391	38180	0	42964
1889	585	39597	862	2859	0	43903
1890	527	2849	39427	1452	0	44255
1891	500	1374	2857	39159	0	43890
1892	580	851	40000	3219	0	44650
1893	542	639	3086	39929	0	44196
1894	594	588	1469	42140	0	44791
1895	607	562	39397	4064	0	44630
1896	586	475	3122	40387	0	44570
1897	37870	547	1414	3715	0	43546
1898	2811	38722	983	1998	0	44514
1899	1389	2657	38893	1502	0	44441
1900	38420	1243	2932	1313	0	43908
1901	3267	821	1415	36001	0	41504
1902	1666	38682	983	2889	0	44220
1903	39606	2861	871	1551	0	44889
1904	41794	1412	762	1214	0	45182
1905	3871	991	729	38362	0	43953
1906	1859	858	602	40614	0	43933
1907	1175	675	593	41495	0	43938
1908	1026	708	636	40359	0	42729
1909	883	37263	612	4602	0	43360
1910	905	3330	648	36571	0	41454
1911	719	35299	598	3694	0	40310
1912	753	35865	629	2207	0	39454
1913	607	35752	630	1694	0	38683
1914	672	3292	31527	1535	0	37026
1915	601	33446	2604	1519	0	38170
1916	30540	2914	1170	1546	0	36170
1917	2578	31400	812	1485	0	36275
1918	1318	2862	792	28084	0	33056
1919	978	31786	753	3120	0	36637
1920	946	3022	758	31771	0	36497
1921	920	1680	767	33729	0	37096
1922	957	1173	31067	3894	0	37091
1923	29931	1151	2665	2209	0	35956
1924	31858	1112	1175	1895	0	36040
1925	32142	992	913	1712	0	35759
1926	3224	30257	933	1806	0	36220
1927	1548	2701	862	30146	0	35257
1928	1125	1424	29154	3439	0	35142
1929	1067	28714	2742	1961	0	34484
1930	1074	2853	1167	23796	0	28890
1931	992	27085	897	2277	0	31251
1932	26877	2539	943	1400	0	31759
1933	27916	1448	843	1083	0	31290
1934	28767	1019	978	988	0	31752
1935	28688	961	1091	890	0	31630
1936	3152	836	1022	26624	0	31634
1937	1516	898	969	26810	0	30193
1938	1105	26392	929	2807	0	31233
1939	991	2526	688	27465	0	31670
1940	758	1305	26164	3145	0	31372
1941	606	1052	2310	26694	0	30662
1942	498	1057	25698	3124	0	30377
1943	506	25104	2369	2050	0	30029
1944	497	2402	25677	1476	0	30052
1945	566	1226	2610	25925	0	30327
1946	584	859	26308	3033	0	30784
1947	619	803	2652	26370	0	30444
1948	644	806	1369	27442	0	30261
1949	757	814	954	27609	0	30134
1950	726	827	996	27306	0	29855
1951	25017	847	727	3282	0	29873
1952	2313	25451	624	1825	0	30213
1953	24604	2292	531	1411	0	28838
1954	2318	1201	23265	1309	0	28093
1955	23883	857	1758	1233	0	27731
1956	25371	779	771	1280	0	28201
1957	2892	775	23187	1229	0	28083
1958	1744	642	23035	1206	0	26627
1959	1259	21721	2051	1363	0	26394
1960	805	21325	839	1280	0	24249
1961	836	1956	19265	1273	0	23330
1962	459	17755	1472	1224	0	20910
1963	442	808	382	9478	0	11110
1964	8689	176	180	359	0	9404
1965	287	121	67	8823	0	9298
1966	8901	82	63	370	0	9416
1967	8916	105	55	199	0	9275
1968	347	8970	55	165	0	9537
1969	9152	243	68	125	0	9588
1970	9295	137	45	135	0	9612
1971	391	118	36	8940	0	9485
1972	9103	86	41	324	0	9554
1973	311	9154	48	172	0	9685
1974	162	277	32	9269	0	9740
1975	9220	119	36	323	0	9698
1976	281	103	8898	157	0	9439
1977	8778	72	234	111	0	9195
1978	329	80	95	9059	0	9563
1979	146	70	8916	224	0	9356
1980	114	62	8642	106	0	8924
1981	8504	79	318	104	0	9005
1982	8768	19	115	76	0	8978
1983	247	29	50	8588	0	8914
1984	122	22	39	8685	0	8868
1985	78	23	24	8739	0	8864
1986	65	8656	26	248	0	8995
1987	8712	171	23	125	0	9031
1988	200	8714	23	88	0	9025
1989	8661	186	14	86	0	8947
1990	218	79	8606	60	0	8963
1991	108	46	184	8680	0	9018
1992	8993	34	71	217	0	9315
1993	221	32	51	9009	0	9313
1994	102	29	59	8884	0	9074
1995	77	8398	51	252	0	8778
1996	8678	171	45	135	0	9029
1997	201	9098	38	95	0	9432
1998	109	208	45	9101	0	9463
1999	64	93	8839	231	0	9227
2000	7714	58	197	134	0	8103
2001	235	37	8602	95	0	8969
2002	7901	32	202	104	0	8239
2003	247	8559	87	77	0	8970
2004	129	197	51	8189	0	8566
2005	86	8442	42	186	0	8756
2006	8558	222	33	96	0	8909
2007	243	109	22	8579	0	8953
2008	125	58	30	8843	0	9056
2009	81	58	8388	287	0	8814
2010	7689	39	188	172	0	8088
2011	245	37	76	8629	0	8987
2012	117	37	8335	248	0	8737
2013	72	8223	228	121	0	8644
2014	84	180	94	8353	0	8711
2015	8383	88	65	239	0	8775
2016	210	58	57	8418	0	8743
2017	119	53	8416	235	0	8823
2018	8838	36	193	144	0	9211
2019	303	22	78	8965	0	9368
2020	137	35	9749	283	0	10204
2021	99	30	317	9819	0	10265
2022	83	35	116	9886	0	10120
2023	66	9973	87	429	0	10555
2024	9797	329	75	230	0	10431
2025	353	10003	36	145	0	10537
2026	10004	368	45	127	0	10544
2027	414	151	46	9617	0	10228
2028	183	9921	44	334	0	10482
2029	149	352	55	9987	0	10543
2030	102	157	9582	432	0	10273
2031	9053	99	326	256	0	9734
2032	356	117	127	9298	0	9898
2033	195	88	80	9355	0	9718
2034	156	64	76	9538	0	9834
2035	130	59	8970	541	0	9700
2036	105	56	8850	306	0	9317
2037	68	8990	419	234	0	9711
2038	65	332	159	8814	0	9370
2039	8697	120	146	388	0	9351
2040	350	8843	109	199	0	9501
2041	164	337	49	9192	0	9742
2042	9216	153	45	447	0	9861
2043	9303	103	46	234	0	9686
2044	434	9234	66	201	0	9935
2045	10128	355	90	143	0	10716
2046	10988	171	64	146	0	11369
2047	614	146	50	11144	0	11954
2048	299	11152	48	565	0	12064
2049	239	501	58	11690	0	12488
2050	11532	192	62	681	0	12467
2051	616	177	11426	318	0	12537
2052	313	117	472	11457	0	12359
2053	268	131	180	11892	0	12471
2054	215	113	11358	784	0	12470
2055	186	121	555	11584	0	12446
2056	11376	135	207	813	0	12531
2057	10782	124	179	469	0	11554
2058	704	90	158	11412	0	12364
2059	378	63	11081	765	0	12287
2060	285	69	10853	440	0	11647
2061	200	10433	674	412	0	11719
2062	197	11323	321	351	0	12192
2063	211	584	256	10829	0	11880
2064	10676	261	172	637	0	11746
2065	588	10746	130	363	0	11827
2066	10622	549	160	334	0	11665
2067	661	227	177	10545	0	11610
2068	278	236	181	10745	0	11440
2069	9968	231	142	731	0	11072
2070	612	10155	110	428	0	11305
2071	10324	579	68	363	0	11334
2072	729	282	9832	295	0	11138
2073	383	249	9827	224	0	10683
2074	370	183	595	9566	0	10714
2075	253	144	9724	687	0	10808
2076	253	122	9821	366	0	10562
2077	202	168	626	9408	0	10404
2078	254	156	9582	645	0	10637
2079	233	135	692	9292	0	10352
2080	185	105	391	9607	0	10288
2081	176	97	9516	802	0	10591
2082	157	89	679	9376	0	10301
2083	154	95	397	9260	0	9906
2084	139	9019	339	834	0	10331
2085	9099	481	285	504	0	10369
2086	546	238	9082	441	0	10307
2087	281	192	585	9085	0	10143
2088	222	138	375	9524	0	10259
2089	171	136	9000	859	0	10166
2090	8339	132	619	578	0	9668
2091	531	8702	324	539	0	10096
2092	307	518	249	8769	0	9843
2093	290	241	234	8945	0	9710
2094	217	8740	224	810	0	9991
2095	200	514	8652	576	0	9942
2096	153	8811	604	484	0	10052
2097	8411	564	329	389	0	9693
2098	564	307	8434	305	0	9610
2099	299	263	562	8411	0	9535
2100	266	217	8412	687	0	9582
2101	196	246	8543	413	0	9398
2102	176	8284	691	391	0	9542
2103	215	543	387	8046	0	9191
2104	8045	285	306	596	0	9232
2105	8246	231	296	334	0	9107
2106	646	7988	258	371	0	9263
2107	320	465	274	8139	0	9198
2108	7942	221	281	658	0	9102
2109	8304	233	230	391	0	9158
2110	602	8134	216	347	0	9299
2111	8335	491	188	318	0	9332
2112	681	254	159	7932	0	9026
2113	377	8309	149	603	0	9438
2114	323	504	175	8549	0	9551
2115	269	276	177	8782	0	9504
2116	304	230	158	8955	0	9647
2117	250	175	8250	736	0	9411
2118	225	191	7500	379	0	8295
2119	226	7632	456	365	0	8679
2120	6612	361	224	241	0	7438
2121	358	6542	141	257	0	7298
2122	181	354	101	6546	0	7182
2123	131	167	6694	462	0	7454
2124	96	143	359	6604	0	7202
2125	114	121	261	6812	0	7308
2126	119	160	200	7037	0	7516
2127	6809	155	130	456	0	7550
2128	316	135	134	6985	0	7570
2129	149	121	7149	476	0	7895
2130	6813	84	370	317	0	7584
2131	7084	97	215	298	0	7694
2132	7357	62	158	308	0	7885
2133	7438	62	123	271	0	7894
2134	7431	71	105	227	0	7834
2135	480	7130	108	214	0	7932
2136	281	259	121	6781	0	7442
2137	251	7093	119	299	0	7762
2138	7243	312	85	195	0	7835
2139	7260	139	87	175	0	7661
2140	7083	120	51	171	0	7425
2141	488	6671	76	133	0	7368
2142	242	6576	81	141	0	7040
2143	187	6718	61	154	0	7120
2144	191	362	6486	149	0	7188
2145	207	461	258	5139	0	6065
2146	120	4440	47	118	0	4725
2147	47	4132	16	21	0	4216
2148	34	39	7	4061	0	4141
2149	14	12	6	4040	0	4072
2150	18	10	4107	31	0	4166
2151	4034	13	32	23	0	4102
2152	41	10	7	4415	0	4473
2153	22	22	7	4375	0	4426
2154	19	11	4337	39	0	4406
2155	19	16	4141	15	0	4191
2156	9	4492	42	22	0	4565
2157	15	31	18	4564	0	4628
2158	17	13	11	4589	0	4630
2159	9	18	4498	37	0	4562
2160	4094	7	29	33	0	4163
2161	4514	6	15	23	0	4558
2162	50	13	4637	7	0	4707
2163	4568	17	38	24	0	4647
2164	55	14	4791	19	0	4879
2165	4750	5	44	26	0	4825
2166	4932	14	18	18	0	4982
2167	54	10	5136	16	0	5216
2168	41	15	42	5019	0	5117
2169	43	7	22	4800	0	4872
2170	15	17	12	5377	0	5421
2171	5333	5	14	62	0	5414
2172	5279	11	10	40	0	5340
2173	67	14	5423	30	0	5534
2174	32	10	5167	33	0	5242
2175	5583	9	60	31	0	5683
2176	5761	8	31	26	0	5826
2177	61	16	5657	22	0	5756
2178	36	12	5495	24	0	5567
2179	34	19	56	5691	0	5800
2180	27	7	5895	65	0	5994
2181	24	16	64	5583	0	5687
2182	6070	4	22	83	0	6179
2183	78	9	6461	31	0	6579
2184	6062	8	76	43	0	6189
2185	98	7	7277	19	0	7401
2186	46	7	100	7198	0	7351
2187	52	5	40	7422	0	7519
2188	36	14	32	7431	0	7513
2189	32	7524	26	119	0	7701
2190	55	93	30	6811	0	6989
2191	36	25	21	7627	0	7709
2192	7558	19	17	135	0	7729
2193	108	14	7456	47	0	7625
2194	6865	8	92	49	0	7014
2195	116	13	7355	28	0	7512
2196	6485	5	106	52	0	6648
2197	124	7254	31	45	0	7454
2198	42	75	7248	22	0	7387
2199	35	26	7118	28	0	7207
2200	52	44	137	6280	0	6513
2201	24	11	45	7196	0	7276
2202	30	11	7314	102	0	7457
2203	30	4	7165	51	0	7250
2204	23	5	8158	36	0	8222
2205	8593	3	126	54	0	8776
2206	8985	2	58	39	0	9084
2207	9043	11	39	26	0	9119
2208	122	6	33	8861	0	9022
2209	61	5	33	8924	0	9023
2210	36	9	9507	127	0	9679
2211	33	7	98	9182	0	9320
2212	48	6	58	8434	0	8546
2213	9375	4	31	155	0	9565
2214	9214	15	28	71	0	9328
2215	9492	6	34	66	0	9598
2216	147	12	39	9443	0	9641
2217	80	4	26	9481	0	9591
2218	58	3	28	9540	0	9629
2219	9478	4	26	156	0	9664
2220	121	12	45	9179	0	9357
2221	60	9382	36	121	0	9599
2222	52	90	35	9252	0	9429
2223	41	9201	47	111	0	9400
2224	9226	96	41	58	0	9421
2225	8887	30	36	56	0	9009
2226	115	9085	45	55	0	9300
2227	65	9359	38	46	0	9508
2228	42	101	37	9304	0	9484
2229	32	35	9102	115	0	9284
2230	46	21	115	8633	0	8815
2231	49	48	9023	123	0	9243
2232	57	9028	108	70	0	9263
2233	42	91	45	9235	0	9413
2234	47	35	50	9325	0	9457
2235	35	23	9862	160	0	10080
2236	46	108	115	9550	0	9819
2237	46	16	9976	145	0	10183
2238	9663	13	125	84	0	9885
2239	10001	21	50	83	0	10155
2240	10188	15	49	77	0	10329
2241	154	11	34	10016	0	10215
2242	83	13	37	10106	0	10239
2243	73	12	10362	175	0	10622
2244	61	36	128	9930	0	10155
2245	41	10122	62	172	0	10397
2246	60	95	10320	87	0	10562
2247	43	47	9991	90	0	10171
2248	58	53	149	9215	0	9475
2249	50	23	10218	145	0	10436
2250	47	35	9865	76	0	10023
2251	9222	24	137	91	0	9474
2252	116	11254	57	63	0	11490
2253	11819	93	53	98	0	12063
2254	11807	45	47	66	0	11965
2255	11961	29	40	69	0	12099
2256	151	21	54	11850	0	12076
2257	79	30	44	12142	0	12295
2258	48	19	12254	149	0	12470
2259	51	27	111	11765	0	11954
2260	30	12166	81	130	0	12407
2261	12368	72	40	100	0	12580
2262	105	12232	61	49	0	12447
2263	57	12357	43	61	0	12518
2264	63	105	43	12452	0	12663
2265	59	45	12701	99	0	12904
2266	60	23	94	12338	0	12515
2267	51	20	12528	126	0	12725
2268	40	12388	107	87	0	12622
2269	12546	77	48	83	0	12754
2270	12541	28	46	67	0	12682
2271	12721	19	44	76	0	12860
2272	126	29	13475	56	0	13686
2273	78	31	12232	66	0	12407
2274	13317	13	107	74	0	13511
2275	13767	9	50	65	0	13891
2276	14027	20	31	76	0	14154
2277	120	27	35	13845	0	14027
2278	78	14	22	14038	0	14152
2279	14116	24	20	132	0	14292
2280	13753	18	27	79	0	13877
2281	115	25	14219	52	0	14411
2282	63	19	13383	42	0	13507
2283	12878	24	80	74	0	13056
2284	66	18	13880	28	0	13992
2285	12648	8	43	45	0	12744
2286	48	12	13258	9	0	13327
2287	29	8	23	13019	0	13079
2288	18	6	13943	27	0	13994
2289	31	2	26	13722	0	13781
2290	20	2	13	14118	0	14153
2291	11	14282	9	43	0	14345
2292	14545	36	6	43	0	14630
2293	33	12	14933	11	0	14989
2294	13787	6	29	42	0	13864
2295	37	15016	10	12	0	15075
2296	15688	27	6	45	0	15766
2297	33	9	10	15615	0	15667
2298	14	2	12	15765	0	15793
2299	7	16410	11	52	0	16480
2300	16	39	8	16954	0	17017
2301	17	22	8	16783	0	16830
2302	17	12	7	17039	0	17075
2303	16684	7	10	138	0	16839
2304	15401	3	6	74	0	15484
2305	131	31	15334	20	0	15516
2306	51	15397	94	31	0	15573
2307	35	94	30	15965	0	16124
2308	26	32	22	16563	0	16643
2309	25	16	16725	158	0	16924
2310	17	13	125	15874	0	16029
2311	16387	8	35	172	0	16602
2312	16407	8	29	73	0	16517
2313	16614	7	15	52	0	16688
2314	194	7	14	16797	0	17012
2315	17387	7	13	210	0	17617
2316	17305	11	16	94	0	17426
2317	17631	2	17	68	0	17718
2318	227	5	11	17521	0	17764
2319	90	5	9	17633	0	17737
2320	69	5	11	17705	0	17790
2321	57	9	19	17091	0	17176
2322	43	4	9	17295	0	17351
2323	44	14	17168	231	0	17457
2324	39	8	16750	90	0	16887
2325	32	16774	175	63	0	17044
2326	36	124	69	17243	0	17472
2327	36	40	28	17400	0	17504
2328	43	22	18	17494	0	17577
2329	34	12	17378	245	0	17669
2330	39	10	162	17009	0	17220
2331	31	15	17339	221	0	17606
2332	40	9	163	17033	0	17245
2333	42	19	17719	207	0	17987
2334	26	17640	169	117	0	17952
2335	27	161	56	17474	0	17718
2336	35	50	17202	202	0	17489
2337	14781	26	170	169	0	15146
2338	175	17203	68	74	0	17520
2339	68	168	44	17536	0	17816
2340	35	17486	37	206	0	17764
2341	38	211	32	17426	0	17707
2342	17719	69	24	262	0	18074
2343	214	29	26	17302	0	17571
2344	76	17333	32	252	0	17693
2345	17452	201	25	115	0	17793
2346	223	62	28	17801	0	18114
2347	82	101	16	18111	0	18310
2348	18310	30	39	405	0	18784
2349	319	20	24	19665	0	20028
2350	136	19	30	24308	0	24493
2351	70	27	24486	911	0	25494
2352	77	30	23730	304	0	24141
2353	66	46	993	23346	0	24451
2354	69	28	23816	876	0	24789
2355	55	36	23394	330	0	23815
2356	21576	22	1112	278	0	22988
2357	870	31	23635	146	0	24682
2358	286	23006	1005	241	0	24538
2359	203	811	375	23307	0	24696
2360	23996	256	227	951	0	25430
2361	24719	156	159	385	0	25419
2362	24591	71	141	305	0	25108
2363	1264	23989	154	205	0	25612
2364	544	899	147	23771	0	25361
2365	310	314	140	24742	0	25506
2366	22410	202	174	1304	0	24090
2367	24201	98	151	599	0	25049
2368	24388	81	142	414	0	25025
2369	1370	84	23842	265	0	25561
2370	616	23303	1037	302	0	25258
2371	397	27306	499	230	0	28432
2372	309	1402	402	25835	0	27948
2373	284	683	229	27676	0	28872
2374	238	416	26814	1875	0	29343
2375	25916	233	1400	1015	0	28564
2376	27875	149	696	651	0	29371
2377	1976	160	477	26864	0	29477
2378	1101	183	253	27841	0	29378
2379	722	135	187	28497	0	29541
2380	27183	140	145	2227	0	29695
2381	1648	155	25987	1179	0	28969
2382	898	178	26799	761	0	28636
2383	629	227	1795	26188	0	28839
2384	391	180	26479	1658	0	28708
2385	25273	151	1733	1018	0	28175
2386	26289	113	870	732	0	28004
2387	27174	105	581	512	0	28372
2388	2367	24850	391	437	0	28045
2389	25687	1278	314	462	0	27741
2390	1983	692	236	24681	0	27592
2391	1033	469	268	25547	0	27317
2392	732	234	284	26357	0	27607
2393	486	165	24233	2493	0	27377
2394	461	159	1564	23831	0	26015
2395	500	23895	843	1963	0	27201
2396	23250	1249	650	1159	0	26308
2397	1592	24153	424	962	0	27131
2398	1000	1579	23420	671	0	26670
2399	841	23651	1487	532	0	26511
2400	22803	1636	832	539	0	25810
2401	1590	23188	705	533	0	26016
2402	976	1656	499	20153	0	23284
2403	691	23141	467	1450	0	25749
2404	22835	1604	439	957	0	25835
2405	23589	847	432	723	0	25591
2406	21990	582	388	613	0	23573
2407	2353	495	22298	488	0	25634
2408	1353	393	22395	454	0	24595
2409	941	414	22513	471	0	24339
2410	21635	355	2109	491	0	24590
2411	1730	405	1177	21162	0	24474
2412	1046	349	756	22136	0	24287
2413	792	378	21095	1997	0	24262
2414	614	410	1391	21653	0	24068
2415	20037	411	797	1946	0	23191
2416	1660	20399	572	1122	0	23753
2417	21188	1437	468	760	0	23853
2418	2001	873	20447	471	0	23792
2419	21097	663	1515	424	0	23699
2420	22063	474	885	406	0	23828
2421	22328	420	718	458	0	23924
2422	2441	366	20437	491	0	23735
2423	1526	342	1496	20430	0	23794
2424	1161	248	20793	1565	0	23767
2425	899	251	1717	20934	0	23801
2426	710	271	21035	1846	0	23862
2427	709	285	1818	20763	0	23575
2428	649	288	1093	21866	0	23896
2429	20797	220	751	2141	0	23909
2430	21206	236	573	1305	0	23320
2431	22146	191	510	951	0	23798
2432	2504	173	561	19992	0	23230
2433	1500	17774	526	1589	0	21389
2434	1088	20172	438	1076	0	22774
2435	20193	1591	406	851	0	23041
2436	1771	904	19701	634	0	23010
2437	20115	556	1511	644	0	22826
2438	1942	338	19826	583	0	22689
2439	20548	305	1715	568	0	23136
2440	19038	254	974	617	0	20883
2441	2262	210	20043	544	0	23059
2442	20803	185	1549	628	0	23165
2443	21264	214	911	543	0	22932
2444	21557	249	712	508	0	23026
2445	2502	20234	516	527	0	23779
2446	1458	1401	525	19997	0	23381
2447	1010	724	19901	1471	0	23106
2448	843	525	20407	914	0	22689
2449	779	18245	1713	650	0	21387
2450	512	14438	825	311	0	16086
2451	586	791	645	13118	0	15140
2452	12928	508	315	686	0	14437
2453	847	13303	234	511	0	14895
2454	737	657	203	12896	0	14493
2455	574	13314	197	642	0	14727
2456	13272	771	151	485	0	14679
2457	844	502	199	13090	0	14635
2458	612	357	12802	696	0	14467
2459	471	12192	598	529	0	13790
2460	321	12570	511	368	0	13770
2461	313	777	381	11148	0	12619
2462	308	12268	260	463	0	13299
2463	293	792	196	11944	0	13225
2464	11847	532	175	690	0	13244
2465	12091	394	128	491	0	13104
2466	12816	252	145	358	0	13571
2467	12956	225	161	273	0	13615
2468	1142	220	12235	194	0	13791
2469	735	11615	500	180	0	13030
2470	502	11703	386	180	0	12771
2471	138	9449	108	78	0	9773
2472	79	8874	70	57	0	9080
2473	8644	229	102	78	0	9053
2474	8523	80	38	40	0	8681
2475	8817	45	45	53	0	8960
2476	8830	29	22	33	0	8914
2477	240	38	8729	27	0	9034
2478	9270	24	139	44	0	9477
2479	9693	23	74	40	0	9830
2480	9865	31	35	37	0	9968
2481	244	32	24	9610	0	9910
2482	125	28	11	9708	0	9872
2483	9822	28	21	209	0	10080
2484	177	24	14	9698	0	9913
2485	93	9597	23	182	0	9895
2486	68	139	16	9804	0	10027
2487	56	78	10	9800	0	9944
2488	39	9870	20	201	0	10130
2489	52	137	14	10037	0	10240
2490	60	70	13	10074	0	10217
2491	9929	40	19	202	0	10190
2492	159	33	9465	111	0	9768
2493	9247	23	133	76	0	9479
2494	185	18	9524	41	0	9768
2495	100	20	9074	38	0	9232
2496	68	21	9331	33	0	9453
2497	9132	17	203	38	0	9390
2498	168	22	9886	32	0	10108
2499	9456	20	167	47	0	9690
2500	9840	27	68	42	0	9977
2501	9972	26	36	37	0	10071
2502	204	9908	21	34	0	10167
2503	10056	139	18	38	0	10251
2504	172	10226	16	36	0	10450
2505	100	151	17	10313	0	10581
2506	64	69	25	10305	0	10463
2507	72	10108	20	173	0	10373
2508	45	10210	30	95	0	10380
2509	54	10465	21	46	0	10586
2510	10415	197	29	43	0	10684
2511	166	10695	29	26	0	10916
2512	10719	164	18	31	0	10932
2513	192	85	10432	21	0	10730
2514	10240	60	138	35	0	10473
2515	10729	35	66	43	0	10873
2516	238	37	10456	22	0	10753
2517	137	33	139	10235	0	10544
2518	84	34	10529	160	0	10807
2519	68	33	153	10345	0	10599
2520	51	36	79	10456	0	10622
2521	10571	34	42	212	0	10859
2522	10532	34	33	119	0	10718
2523	205	10465	20	77	0	10767
2524	10659	158	25	45	0	10887
2525	199	81	10629	30	0	10939
2526	10468	42	147	39	0	10696
2527	222	32	11232	39	0	11525
2528	129	26	11162	30	0	11347
2529	11388	25	253	48	0	11714
2530	11865	17	115	37	0	12034
2531	286	23	12084	26	0	12419
2532	162	22	213	11235	0	11632
2533	119	29	94	12165	0	12407
2534	70	26	11992	272	0	12360
2535	69	44	226	11539	0	11878
2536	88	11220	112	227	0	11647
2537	79	194	79	12355	0	12707
2538	82	97	59	12287	0	12525
2539	93	64	11833	286	0	12276
2540	10738	51	207	156	0	11152
2541	11820	31	121	98	0	12070
2542	11776	32	71	87	0	11966
2543	11688	32	62	57	0	11839
2544	350	11383	56	71	0	11860
2545	184	185	50	10875	0	11294
2546	150	79	10727	200	0	11156
2547	102	58	10704	129	0	10993
2548	111	39	237	10346	0	10733
2549	84	32	10749	229	0	11094
2550	10057	17	225	127	0	10426
2551	215	39	104	10535	0	10893
2552	127	25	68	10566	0	10786
2553	100	25	55	10603	0	10783
2554	10344	31	46	318	0	10739
2555	193	10304	41	180	0	10718
2556	10320	173	62	113	0	10668
2557	10405	78	50	93	0	10626
2558	267	10101	50	73	0	10491
2559	153	10284	51	63	0	10551
2560	10427	216	55	58	0	10756
2561	238	107	53	10350	0	10748
2562	139	72	52	10296	0	10559
2563	10854	31	49	254	0	11188
2564	284	30	10495	134	0	10943
2565	10209	49	227	86	0	10571
2566	10728	39	109	60	0	10936
2567	351	10869	71	80	0	11371
2568	11546	219	38	50	0	11853
2569	11406	105	28	68	0	11607
2570	371	12819	22	70	0	13282
2571	134	13273	36	64	0	13507
2572	101	422	46	12879	0	13448
2573	13045	211	34	336	0	13626
2574	335	13512	26	153	0	14026
2575	183	381	11	13496	0	14071
2576	13600	166	14	411	0	14191
2577	430	114	13212	171	0	13927
2578	222	76	356	12791	0	13445
2579	136	40	12967	427	0	13570
2580	12203	33	442	199	0	12877
2581	13029	47	205	131	0	13412
2582	561	39	12804	99	0	13503
2583	279	12598	424	63	0	13364
2584	177	379	196	12773	0	13525
2585	109	166	12962	419	0	13656
2586	84	116	473	12754	0	13427
2587	97	83	205	13239	0	13624
2588	93	39	12875	623	0	13630
2589	12163	31	469	310	0	12973
2590	13022	60	196	199	0	13477
2591	601	40	12820	146	0	13607
2592	314	12659	485	91	0	13549
2593	213	414	228	11986	0	12841
2594	133	12601	152	407	0	13293
2595	91	13038	128	193	0	13450
2596	12694	603	77	168	0	13542
2597	489	272	61	12751	0	13573
2598	236	179	80	12872	0	13367
2599	161	132	12760	605	0	13658
2600	141	52	12773	333	0	13299
2601	110	75	591	12528	0	13304
2602	90	72	289	13049	0	13500
2603	114	68	12741	651	0	13574
2604	98	84	12877	325	0	13384
2605	120	65	620	12646	0	13451
2606	12832	63	337	562	0	13794
2607	489	13012	239	286	0	14026
2608	13029	502	133	226	0	13890
2609	585	12977	102	177	0	13841
2610	294	13540	92	123	0	14049
2611	12977	677	111	115	0	13880
2612	575	304	12962	155	0	13996
2613	283	189	503	12885	0	13860
2614	208	138	255	13230	0	13831
2615	172	93	195	14477	0	14937
2616	129	97	14001	807	0	15034
2617	124	105	562	14088	0	14879
2618	14135	96	273	747	0	15251
2619	576	101	217	14649	0	15543
2620	306	77	173	15473	0	16029
2621	15115	94	98	903	0	16210
2622	15113	79	100	465	0	15757
2623	787	14663	137	295	0	15882
2624	397	562	14897	222	0	16078
2625	263	247	14655	177	0	15342
2626	190	160	14951	157	0	15458
2627	158	13900	802	135	0	14995
2628	163	552	447	13332	0	14494
2629	115	237	230	14107	0	14689
2630	13704	164	149	769	0	14786
2631	578	118	134	13639	0	14469
2632	278	83	13443	751	0	14555
2633	201	80	582	13611	0	14474
2634	171	96	290	13880	0	14437
2635	115	94	13320	857	0	14386
2636	138	12949	621	449	0	14157
2637	213	538	292	11568	0	12611
2638	157	12962	188	582	0	13889
2639	111	625	12970	283	0	13989
2640	12724	300	633	258	0	13915
2641	13204	176	334	211	0	13925
2642	13506	155	250	189	0	14100
2643	838	131	180	12751	0	13900
2644	409	13032	161	664	0	14266
2645	12990	565	136	397	0	14088
2646	13438	269	154	266	0	14127
2647	13392	183	164	264	0	14003
2648	859	159	12800	223	0	14041
2649	12585	89	576	246	0	13496
2650	721	12714	327	195	0	13957
2651	12709	546	241	195	0	13691
2652	659	12915	199	203	0	13976
2653	13073	625	142	199	0	14039
2654	700	351	12935	190	0	14176
2655	12932	202	589	180	0	13903
2656	13535	165	277	170	0	14147
2657	11087	193	235	211	0	11726
2658	13774	113	176	165	0	14228
2659	911	129	12824	161	0	14025
2660	512	119	555	12808	0	13994
2661	12849	113	268	616	0	13846
2662	721	12650	212	335	0	13918
2663	381	500	170	12322	0	13373
2664	285	246	12252	626	0	13409
2665	286	217	520	12257	0	13280
2666	219	131	12275	624	0	13249
2667	226	11441	614	375	0	12656
2668	191	10745	294	237	0	11467
2669	225	11171	170	193	0	11759
2670	155	435	136	9267	0	9993
2671	170	168	74	9302	0	9714
2672	141	137	9026	403	0	9707
2673	143	8668	310	176	0	9297
2674	8053	295	142	126	0	8616
2675	279	7798	116	107	0	8300
2676	142	8009	88	112	0	8351
2677	149	341	75	7699	0	8264
2678	7689	144	65	286	0	8184
2679	7811	104	68	148	0	8131
2680	319	79	64	7791	0	8253
2681	7789	47	65	309	0	8210
2682	319	65	58	7749	0	8191
2683	140	71	7586	316	0	8113
2684	7517	73	262	163	0	8015
2685	295	78	109	7585	0	8067
2686	126	69	7365	299	0	7859
2687	101	90	7323	125	0	7639
2688	107	63	272	7407	0	7849
2689	7630	73	117	276	0	8096
2690	7636	55	89	130	0	7910
2691	303	7682	75	108	0	8168
2692	8133	233	54	124	0	8544
2693	8147	103	50	98	0	8398
2694	8296	55	63	82	0	8496
2695	316	8298	56	88	0	8758
2696	8524	214	50	94	0	8882
2697	8739	82	60	85	0	8966
2698	341	59	57	8530	0	8987
2699	8193	58	61	222	0	8534
2700	305	7991	44	104	0	8444
2701	177	8217	46	63	0	8503
2702	120	233	56	8241	0	8650
2703	120	97	51	8203	0	8471
2704	129	8286	30	213	0	8658
2705	8249	185	43	90	0	8567
2706	242	7917	32	61	0	8252
2707	7781	172	26	49	0	8028
2708	230	8022	38	50	0	8340
2709	174	153	25	7606	0	7958
2710	113	7949	28	132	0	8222
2711	8051	202	80	71	0	8404
2712	8009	91	26	56	0	8182
2713	7903	59	47	86	0	8095
2714	231	58	7558	61	0	7908
2715	90	42	6701	43	0	6876
2716	78	6804	108	38	0	7028
2717	71	121	6712	23	0	6927
2718	52	80	6459	27	0	6618
2719	50	150	110	5506	0	5816
2720	18	25	5943	71	0	6057
2721	19	5929	62	26	0	6036
2722	5874	54	24	22	0	5974
2723	63	5791	15	23	0	5892
2724	41	5930	22	11	0	6004
2725	6016	68	12	35	0	6131
2726	6087	29	23	16	0	6155
2727	63	6305	17	9	0	6394
2728	6374	53	14	17	0	6458
2729	6308	18	15	17	0	6358
2730	6283	19	6	30	0	6338
2731	70	13	6099	9	0	6191
2732	52	20	5935	18	0	6025
2733	24	12	50	6107	0	6193
2734	28	9	24	6103	0	6164
2735	6451	16	7	63	0	6537
2736	50	6281	6	29	0	6366
2737	26	47	9	6618	0	6700
2738	27	35	7	6656	0	6725
2739	24	14	2	6705	0	6745
2740	18	7	8	6712	0	6745
2741	17	14	6804	88	0	6923
2742	15	10	6577	44	0	6646
2743	21	6	94	6844	0	6965
2744	22	12	6963	95	0	7092
2745	6559	13	103	55	0	6730
2746	103	8	44	7063	0	7218
2747	47	6	7090	97	0	7240
2748	6326	4	103	69	0	6502
2749	109	6986	45	28	0	7168
2750	7032	88	19	23	0	7162
2751	101	7272	19	21	0	7413
2752	47	97	15	7268	0	7427
2753	33	37	7330	99	0	7499
2754	29	24	95	6989	0	7137
2755	22	23	7101	106	0	7252
2756	6768	26	101	58	0	6953
2757	106	8	45	7194	0	7353
2758	7239	14	29	109	0	7391
2759	119	14	7153	50	0	7336
2760	7312	17	103	32	0	7464
2761	8108	7	33	31	0	8179
2762	171	20	8289	22	0	8502
2763	72	23	144	8064	0	8303
2764	43	17	8444	124	0	8628
2765	45	8397	142	52	0	8636
2766	8372	135	90	38	0	8635
2767	8344	31	39	39	0	8453
2768	154	15	8405	25	0	8599
2769	76	19	8301	17	0	8413
2770	58	17	165	8157	0	8397
2771	55	9	60	8489	0	8613
2772	8564	9	45	161	0	8779
2773	133	8560	47	53	0	8793
2774	8777	121	27	53	0	8978
2775	8854	32	27	54	0	8967
2776	177	26	8644	27	0	8874
2777	8200	18	136	34	0	8388
2778	162	27	8757	22	0	8968
2779	85	8	135	8762	0	8990
2780	63	7	9162	123	0	9355
2781	58	16	138	8997	0	9209
2782	49	14	9120	132	0	9315
2783	8696	10	145	66	0	8917
2784	9105	8	62	47	0	9222
2785	191	7	50	8984	0	9232
2786	9273	11	34	161	0	9479
2787	167	5	48	9372	0	9592
2788	90	9436	39	140	0	9705
2789	9420	115	43	90	0	9668
2790	158	9354	28	57	0	9597
2791	84	143	38	9382	0	9647
2792	63	54	24	9138	0	9279
2793	63	30	37	9029	0	9159
2794	57	23	35	8836	0	8951
2795	45	28	8591	197	0	8861
2796	7448	13	128	121	0	7710
2797	8349	22	43	89	0	8503
2798	158	8397	31	74	0	8660
2799	90	125	29	8523	0	8767
2800	66	51	33	8617	0	8767
2801	67	32	8367	164	0	8630
2802	7878	22	131	89	0	8120
2803	138	28	63	8310	0	8539
2804	75	15	8168	167	0	8425
2805	7993	15	149	101	0	8258
2806	8394	14	72	65	0	8545
2807	8404	11	46	67	0	8528
2808	185	10	8026	53	0	8274
2809	106	17	7681	44	0	7848
2810	7830	7	154	48	0	8039
2811	173	15	61	8043	0	8292
2812	81	9	56	8267	0	8413
2813	68	18	8230	163	0	8479
2814	7807	17	143	82	0	8049
2815	164	20	55	8392	0	8631
2816	8749	12	39	195	0	8995
2817	8808	10	50	99	0	8967
2818	8857	19	34	68	0	8978
2819	213	11	9013	68	0	9305
2820	110	15	163	8972	0	9260
2821	9182	4	77	197	0	9460
2822	210	9268	47	94	0	9619
2823	112	154	42	9521	0	9829
2824	69	52	30	9602	0	9753
2825	9408	24	36	245	0	9713
2826	9365	26	37	109	0	9537
2827	266	18	32	9157	0	9473
2828	104	16	9015	231	0	9366
2829	8719	9	188	106	0	9022
2830	239	21	9238	62	0	9560
2831	9199	12	195	71	0	9477
2832	9520	15	83	75	0	9693
2833	290	13	9348	45	0	9696
2834	156	17	190	9577	0	9940
2835	123	14	10171	256	0	10564
2836	85	10826	282	128	0	11321
2837	80	278	109	10298	0	10765
2838	54	10939	68	278	0	11339
2839	93	305	46	11028	0	11472
2840	80	91	11140	320	0	11631
2841	58	10918	322	133	0	11431
2842	52	11578	111	75	0	11816
2843	89	403	59	11555	0	12106
2844	11552	128	53	351	0	12084
2845	356	71	30	12749	0	13206
2846	12850	46	21	435	0	13352
2847	401	13030	56	152	0	13639
2848	14254	405	19	131	0	14809
2849	501	143	14722	68	0	15434
2850	187	89	440	14435	0	15151
2851	122	43	127	14641	0	14933
2852	73	56	14386	603	0	15118
2853	13712	24	474	265	0	14475
2854	14522	53	168	142	0	14885
2855	613	14360	91	82	0	15146
2856	329	493	71	12663	0	13556
2857	154	14245	74	367	0	14840
2858	135	487	14013	162	0	14797
2859	90	172	14365	171	0	14798
2860	152	236	577	13537	0	14502
2861	13414	84	215	464	0	14177
2862	467	13091	106	181	0	13845
2863	13245	439	81	124	0	13889
2864	526	179	12865	95	0	13665
2865	12958	123	442	92	0	13615
2866	13519	107	185	75	0	13886
2867	607	66	13201	75	0	13949
2868	264	49	497	12975	0	13785
2869	13230	74	185	487	0	13976
2870	13441	55	108	203	0	13807
2871	13519	91	101	111	0	13822
2872	688	43	99	13027	0	13857
2873	317	60	12886	464	0	13727
2874	12706	58	469	212	0	13445
2875	571	63	13011	135	0	13780
2876	246	69	526	12773	0	13614
2877	251	51	204	12782	0	13288
2878	183	12961	146	548	0	13838
2879	178	445	12809	244	0	13676
2880	174	12253	476	163	0	13066
2881	166	12891	206	127	0	13390
2882	165	562	176	12630	0	13533
2883	161	207	12661	500	0	13529
2884	162	136	485	12665	0	13448
2885	157	115	12789	565	0	13626
2886	135	104	553	12554	0	13346
2887	156	96	250	12755	0	13257
2888	137	112	12108	663	0	13020
2889	156	100	550	12033	0	12839
2890	159	92	12273	634	0	13158
2891	122	91	12245	318	0	12776
2892	142	12006	669	215	0	13032
2893	12154	482	314	205	0	13155
2894	558	215	12192	181	0	13146
2895	11763	146	580	188	0	12677
2896	582	118	269	12323	0	13292
2897	252	99	12276	585	0	13212
2898	186	12116	598	303	0	13203
2899	165	542	297	12117	0	13121
2900	161	221	12314	592	0	13288
2901	173	174	586	11402	0	12335
2902	181	12166	309	516	0	13172
2903	12361	533	224	275	0	13393
2904	601	220	203	12406	0	13430
2905	12189	175	167	631	0	13162
2906	12458	139	186	316	0	13099
2907	12490	107	165	290	0	13052
2908	12749	99	192	240	0	13280
2909	12536	112	189	201	0	13038
2910	776	11957	151	229	0	13113
2911	370	508	147	12053	0	13078
2912	313	213	180	12336	0	13042
2913	282	134	155	12301	0	12872
2914	242	129	11695	715	0	12781
2915	221	11526	565	391	0	12703
2916	11874	508	256	249	0	12887
2917	12000	246	191	229	0	12666
2918	741	11467	204	205	0	12617
2919	315	11923	181	205	0	12624
2920	11612	629	150	245	0	12636
2921	608	291	11290	186	0	12375
2922	315	215	580	10944	0	12054
2923	11069	140	272	616	0	12097
2924	636	116	236	10678	0	11666
2925	289	10795	169	615	0	11868
2926	274	534	150	10964	0	11922
2927	241	221	10979	602	0	12043
2928	10606	178	601	295	0	11680
2929	11419	114	270	268	0	12071
2930	733	86	226	10819	0	11864
2931	414	101	160	11176	0	11851
2932	10610	92	155	684	0	11541
2933	605	10435	159	365	0	11564
2934	306	419	119	10146	0	10990
2935	307	177	114	10246	0	10844
2936	9065	115	103	528	0	9811
2937	447	9061	106	307	0	9921
2938	9056	343	83	224	0	9706
2939	524	8795	95	150	0	9564
2940	252	9081	65	183	0	9581
2941	8814	421	90	137	0	9462
2942	436	8828	64	144	0	9472
2943	205	521	105	8437	0	9268
2944	177	166	8379	403	0	9125
2945	110	101	7053	157	0	7421
2946	88	65	6861	112	0	7126
2947	89	6705	365	98	0	7257
2948	5539	255	197	34	0	6025
2949	210	80	57	5145	0	5492
2950	69	66	41	5318	0	5494
2951	65	38	5130	268	0	5501
2952	5020	42	215	121	0	5398
2953	206	31	95	5339	0	5671
2954	96	37	72	5465	0	5670
2955	78	48	30	5416	0	5572
2956	5187	25	32	308	0	5552
2957	220	24	5054	149	0	5447
2958	4966	26	206	111	0	5309
2959	249	16	89	5077	0	5431
2960	110	35	5032	220	0	5397
2961	4869	21	205	132	0	5227
2962	241	25	5100	105	0	5471
2963	110	34	233	5023	0	5400
2964	102	35	5166	212	0	5515
2965	74	25	5096	96	0	5291
2966	4688	21	268	108	0	5085
2967	222	18	4910	81	0	5231
2968	103	13	278	4765	0	5159
2969	4823	20	148	212	0	5203
2970	216	30	121	4873	0	5240
2971	108	17	4805	259	0	5189
2972	79	22	4866	114	0	5081
2973	58	4773	277	95	0	5203
2974	79	187	122	4777	0	5165
2975	4607	61	119	224	0	5011
2976	205	4538	64	139	0	4946
2977	4636	193	61	101	0	4991
2978	242	71	59	4568	0	4940
2979	4548	56	60	228	0	4892
2980	240	4454	64	117	0	4875
2981	124	204	44	4525	0	4897
2982	4519	78	39	243	0	4879
2983	247	4540	42	113	0	4942
2984	119	220	57	4535	0	4931
2985	117	80	49	4615	0	4861
2986	4604	70	54	291	0	5019
2987	240	43	51	4640	0	4974
2988	112	57	57	4740	0	4966
2989	98	40	45	4853	0	5036
2990	83	30	4403	331	0	4847
2991	4357	39	227	184	0	4807
2992	250	25	98	5519	0	5892
2993	113	30	5753	332	0	6228
2994	5632	23	295	165	0	6115
2995	326	29	5947	132	0	6434
2996	122	45	322	5644	0	6133
2997	90	5755	141	333	0	6319
2998	93	271	111	5932	0	6407
2999	105	94	5847	344	0	6390
3000	73	66	6074	187	0	6400
3001	75	49	380	6030	0	6534
3002	89	39	6017	355	0	6500
3003	5705	39	386	159	0	6289
3004	328	39	5974	144	0	6485
3005	115	59	360	5773	0	6307
3006	110	47	150	6045	0	6352
3007	93	36	144	6104	0	6377
3008	5810	36	123	442	0	6411
3009	5923	32	90	229	0	6274
3010	6107	42	90	175	0	6414
3011	435	34	69	5897	0	6435
3012	181	32	91	6139	0	6443
3013	131	24	5742	460	0	6357
3014	109	15	5877	232	0	6233
3015	88	5667	371	209	0	6335
3016	133	244	127	5022	0	5526
3017	110	55	85	5048	0	5298
3018	96	5007	90	295	0	5488
3019	5025	214	82	172	0	5493
3020	240	5071	57	164	0	5532
3021	5055	233	82	130	0	5500
3022	294	90	81	5070	0	5535
3023	5097	75	60	279	0	5511
3024	289	46	49	5125	0	5509
3025	119	37	4935	338	0	5429
3026	87	54	261	5082	0	5484
3027	4917	41	123	307	0	5388
3028	273	53	92	4949	0	5367
3029	128	43	67	5075	0	5313
3030	77	36	4881	372	0	5366
3031	95	26	223	5031	0	5375
3032	90	33	92	4987	0	5202
3033	90	4833	68	339	0	5330
3034	91	218	47	4981	0	5337
3035	103	57	46	5123	0	5329
3036	86	30	49	5050	0	5215
3037	66	4634	62	348	0	5110
3038	45	175	27	4554	0	4801
3039	4286	51	49	278	0	4664
3040	181	4139	42	161	0	4523
3041	71	3896	17	93	0	4077
3042	47	3998	16	91	0	4152
3043	34	206	27	3762	0	4029
3044	50	3664	64	175	0	3953
3045	59	3945	58	90	0	4152
3046	3811	157	79	81	0	4128
3047	163	69	3707	83	0	4022
3048	3679	57	153	88	0	3977
3049	150	48	63	3793	0	4054
3050	46	44	3739	204	0	4033
3051	3623	42	206	96	0	3967
3052	150	33	3654	118	0	3955
3053	65	26	3711	88	0	3890
3054	3719	40	229	80	0	4068
3055	185	39	125	3826	0	4175
3056	75	39	3859	222	0	4195
3057	3746	26	215	150	0	4137
3058	3924	29	90	154	0	4197
3059	239	32	3906	124	0	4301
3060	4019	21	182	103	0	4325
3061	4237	10	84	102	0	4433
3062	273	13	3958	110	0	4354
3063	4012	13	179	140	0	4344
3064	4152	15	111	118	0	4396
3065	237	27	3874	85	0	4223
3066	105	48	4315	78	0	4546
3067	63	43	251	4284	0	4641
3068	71	45	4313	256	0	4685
3069	4276	65	190	125	0	4656
3070	231	66	85	4253	0	4635
3071	125	77	61	4392	0	4655
3072	135	56	4202	235	0	4628
3073	120	47	188	4193	0	4548
3074	120	37	4203	249	0	4609
3075	4255	27	192	138	0	4612
3076	4472	29	116	112	0	4729
3077	263	19	4324	110	0	4716
3078	4350	31	204	114	0	4699
3079	4543	13	95	129	0	4780
3080	245	19	4402	147	0	4813
3081	4441	24	224	123	0	4812
3082	4472	21	111	162	0	4766
3083	254	29	4404	134	0	4821
3084	4393	44	199	142	0	4778
3085	218	31	4540	164	0	4953
3086	101	28	203	4533	0	4865
3087	83	29	69	4674	0	4855
3088	73	51	76	4797	0	4997
3089	76	41	4499	307	0	4923
3090	4214	41	164	167	0	4586
3091	209	74	4425	107	0	4815
3092	61	3269	124	71	0	3525
3093	41	3214	36	54	0	3345
3094	3079	87	69	27	0	3262
3095	90	27	16	2966	0	3099
3096	31	2991	11	84	0	3117
3097	2935	58	19	24	0	3036
3098	2919	16	11	22	0	2968
3099	84	3017	13	15	0	3129
3100	32	68	16	2868	0	2984
3101	25	2959	15	48	0	3047
3102	3020	63	12	16	0	3111
3103	3050	20	16	12	0	3098
3104	90	12	5	2895	0	3002
3105	2971	13	11	69	0	3064
3106	93	7	15	2964	0	3079
3107	40	5	2905	77	0	3027
3108	2811	11	76	25	0	2923
3109	90	2	2943	21	0	3056
3110	35	8	80	2879	0	3002
3111	2992	6	27	87	0	3112
3112	88	1	18	3027	0	3134
3113	33	7	2981	87	0	3108
3114	18	4	2934	27	0	2983
3115	28	22	87	2963	0	3100
3116	3003	3	37	81	0	3124
3117	81	3013	29	28	0	3151
3118	33	68	19	3066	0	3186
3119	43	15	3094	71	0	3223
3120	3000	8	86	43	0	3137
3121	3206	8	40	19	0	3273
3122	99	14	3155	20	0	3288
3123	3163	2	83	24	0	3272
3124	101	7	25	3283	0	3416
3125	37	16	3279	80	0	3412
3126	3224	7	81	34	0	3346
3127	86	8	34	3263	0	3391
3128	45	3	22	3216	0	3286
3129	3288	10	22	92	0	3412
3130	87	3097	25	31	0	3240
3131	46	3230	15	18	0	3309
3132	3220	71	22	33	0	3346
3133	3139	20	17	23	0	3199
3134	101	12	3250	15	0	3378
3135	37	11	3233	31	0	3312
3136	32	15	75	3347	0	3469
3137	3447	7	31	74	0	3559
3138	3377	21	20	34	0	3452
3139	3437	14	20	19	0	3490
3140	102	3316	17	19	0	3454
3141	61	3477	11	20	0	3569
3142	37	82	26	3592	0	3737
3143	38	30	20	3487	0	3575
3144	37	16	23	3623	0	3699
3145	44	9	3626	102	0	3781
3146	45	13	3261	42	0	3361
3147	3499	9	99	32	0	3639
3148	3676	20	47	32	0	3775
3149	121	15	22	3651	0	3809
3150	53	12	21	3663	0	3749
3151	42	10	23	3755	0	3830
3152	40	10	3593	123	0	3766
3153	23	14	3494	58	0	3589
3154	27	6	97	3548	0	3678
3155	31	10	3625	82	0	3748
3156	25	3467	73	45	0	3610
3157	23	3649	41	35	0	3748
3158	3665	75	27	34	0	3801
3159	76	3544	11	35	0	3666
3160	34	67	37	3613	0	3751
3161	34	31	25	3626	0	3716
3162	28	3686	18	105	0	3837
3163	28	68	39	3790	0	3925
3164	22	40	3688	93	0	3843
3165	17	3648	73	86	0	3824
3166	29	57	33	3475	0	3594
3167	21	43	3479	73	0	3616
3168	17	3430	56	50	0	3553
3169	20	78	32	3394	0	3524
3170	30	3496	23	63	0	3612
3171	25	74	19	3514	0	3632
3172	26	37	29	3382	0	3474
3173	23	3455	21	85	0	3584
3174	3339	62	18	68	0	3487
3175	3308	31	32	35	0	3406
3176	87	3269	16	28	0	3400
3177	44	3312	8	40	0	3404
3178	32	80	16	3348	0	3476
3179	24	42	3286	77	0	3429
3180	3081	30	57	55	0	3223
3181	3186	30	30	49	0	3295
3182	89	20	3152	31	0	3292
3183	3086	15	64	35	0	3200
3184	3222	21	40	27	0	3310
3185	94	24	3050	20	0	3188
3186	2921	15	64	39	0	3039
3187	80	22	3175	22	0	3299
3188	52	3185	71	25	0	3333
3189	3221	59	32	30	0	3342
3190	3241	30	39	31	0	3341
3191	103	26	3236	19	0	3384
3192	3280	18	69	34	0	3401
3193	3380	12	55	30	0	3477
3194	101	20	3393	19	0	3533
3195	3437	25	73	26	0	3561
3196	3572	25	35	31	0	3663
3197	104	20	3519	20	0	3663
3198	3576	22	65	28	0	3691
3199	85	14	48	3461	0	3608
3200	56	31	34	3474	0	3595
3201	46	12	3413	99	0	3570
3202	28	11	3325	53	0	3417
3203	48	24	80	3406	0	3558
3204	50	11	40	3503	0	3604
3205	3676	13	50	74	0	3813
3206	90	28	3580	45	0	3743
3207	3650	15	63	48	0	3776
3208	86	12	33	3835	0	3966
3209	37	17	3923	76	0	4053
3210	4174	23	75	57	0	4329
3211	81	14	36	4481	0	4612
3212	41	11	4459	90	0	4601
3213	4346	8	80	46	0	4480
3214	87	17	38	4483	0	4625
3215	4516	10	36	86	0	4648
3216	103	12	4883	38	0	5036
3217	60	5	95	4531	0	4691
3218	31	5033	38	79	0	5181
3219	5084	99	39	53	0	5275
3220	5025	39	24	41	0	5129
3221	107	5217	21	19	0	5364
3222	5269	79	16	30	0	5394
3223	5251	29	16	21	0	5317
3224	5284	20	21	14	0	5339
3225	136	5157	16	21	0	5330
3226	68	80	11	5266	0	5425
3227	40	31	5364	86	0	5521
3228	34	20	91	5164	0	5309
3229	37	13	43	5248	0	5341
3230	29	9	5347	123	0	5508
3231	26	8	5143	58	0	5235
3232	39	11	114	4914	0	5078
3233	27	5293	59	78	0	5457
3234	5299	80	26	47	0	5452
3235	5171	47	45	25	0	5288
3236	114	5372	18	21	0	5525
3237	5438	80	9	22	0	5549
3238	5413	39	13	29	0	5494
3239	134	23	5375	11	0	5543
3240	5186	14	81	34	0	5315
3241	106	5463	34	24	0	5627
3242	52	77	5313	19	0	5461
3243	42	36	5153	20	0	5251
3244	26	5350	110	24	0	5510
3245	5343	71	51	27	0	5492
3246	90	26	5479	23	0	5618
3247	54	17	83	5410	0	5564
3248	40	15	5536	73	0	5664
3249	5080	17	89	42	0	5228
3250	97	19	6614	28	0	6758
3251	54	32	6532	23	0	6641
3252	6581	14	95	29	0	6719
3253	100	6964	41	18	0	7123
3254	7159	73	30	35	0	7297
3255	7419	38	22	27	0	7506
3256	124	18	18	7349	0	7509
3257	54	8041	24	82	0	8201
3258	8139	71	22	62	0	8294
3259	87	39	8264	23	0	8413
3260	7894	20	74	24	0	8012
3261	97	8365	47	24	0	8533
3262	8375	69	26	27	0	8497
3263	8388	28	27	25	0	8468
3264	99	8525	29	19	0	8672
3265	47	63	27	8706	0	8843
3266	8840	29	26	76	0	8971
3267	93	8730	27	51	0	8901
3268	61	84	20	8927	0	9092
3269	9090	30	25	96	0	9241
3270	113	26	17	9406	0	9562
3271	56	18	16	9365	0	9455
3272	43	9429	27	153	0	9652
3273	9455	132	17	62	0	9666
3274	9504	53	25	44	0	9626
3275	9769	26	26	19	0	9840
3276	201	9941	25	16	0	10183
3277	10169	135	17	37	0	10358
3278	10190	60	23	23	0	10296
3279	210	31	15	10038	0	10294
3280	92	24	24	10112	0	10252
3281	48	34	10052	186	0	10320
3282	55	24	142	9648	0	9869
3283	62	22	59	9347	0	9490
3284	48	29	9966	183	0	10226
3285	8760	26	148	106	0	9040
3286	178	27	9976	42	0	10223
3287	94	29	10050	26	0	10199
3288	61	28	160	9947	0	10196
3289	52	29	61	10098	0	10240
3290	55	10338	25	168	0	10586
3291	10318	147	30	69	0	10564
3292	10153	48	23	52	0	10276
3293	205	10197	33	33	0	10468
3294	90	10764	22	50	0	10926
3295	79	200	22	10574	0	10875
3296	38	11049	32	145	0	11264
3297	11063	190	23	69	0	11345
3298	11134	67	21	40	0	11262
3299	254	43	34	10929	0	11260
3300	116	28	25	11048	0	11217
3301	11065	24	31	232	0	11352
3302	220	30	10737	93	0	11080
3303	10529	20	184	65	0	10798
3304	229	32	10705	31	0	10997
3305	10485	23	182	37	0	10727
3306	208	42	73	10709	0	11032
3307	105	17	10818	182	0	11122
3308	66	33	10403	76	0	10578
3309	10196	24	222	64	0	10506
3310	10339	11	83	24	0	10457
3311	205	10483	37	31	0	10756
3312	87	147	25	10880	0	11139
3313	53	57	21	11138	0	11269
3314	10971	28	21	265	0	11285
3315	222	10883	17	99	0	11221
3316	10554	178	20	59	0	10811
3317	209	10362	14	23	0	10608
3318	71	10396	13	30	0	10510
3319	10301	202	13	28	0	10544
3320	194	84	10115	25	0	10418
3321	91	37	162	9968	0	10258
3322	49	27	55	10210	0	10341
3323	29	32	10107	240	0	10408
3324	41	16	159	9946	0	10162
3325	95	29	85	8546	0	8755
3326	37	10095	33	225	0	10390
3327	10023	192	14	98	0	10327
3328	208	66	10111	39	0	10424
3329	9487	40	169	45	0	9741
3330	217	10016	64	36	0	10333
3331	93	187	39	10207	0	10526
3332	10616	63	28	217	0	10924
3333	219	34	19	10632	0	10904
3334	95	23	16	10711	0	10845
3335	51	29	10471	257	0	10808
3336	9700	16	191	139	0	10046
3337	10423	14	69	79	0	10585
3338	249	33	10376	46	0	10704
3339	129	15	189	10232	0	10565
3340	75	28	10375	203	0	10681
3341	9895	18	211	108	0	10232
3342	10603	21	85	64	0	10773
3343	260	10	56	10413	0	10739
3344	10492	15	25	221	0	10753
3345	236	27	10994	92	0	11349
3346	111	18	197	10920	0	11246
3347	89	14	77	10781	0	10961
3348	54	21	44	11380	0	11499
3349	55	24	27	11319	0	11425
3350	9913	20	36	295	0	10264
3351	211	24	9695	134	0	10064
3352	107	18	193	9879	0	10197
3353	74	30	9640	222	0	9966
3354	69	17	9412	112	0	9610
3355	49	17	245	9229	0	9540
3356	64	12	94	9419	0	9589
3357	8773	16	59	283	0	9131
3358	223	12	41	8754	0	9030
3359	101	22	37	8717	0	8877
3360	80	15	29	8955	0	9079
3361	8576	18	27	385	0	9006
3362	8723	11	38	144	0	8916
3363	8841	8	55	94	0	8998
3364	8661	12	27	81	0	8781
3365	311	9229	30	90	0	9660
3366	124	250	28	9333	0	9735
3367	69	90	22	9621	0	9802
3368	9639	51	21	406	0	10117
3369	312	10169	30	183	0	10694
3370	119	273	11	10804	0	11207
3371	82	102	11824	339	0	12347
3372	12470	46	340	174	0	13030
3373	429	13347	126	100	0	14002
3374	14063	420	76	73	0	14632
3375	14649	133	42	75	0	14899
3376	658	70	34	14102	0	14864
3377	232	54	14063	521	0	14870
3378	153	30	486	14459	0	15128
3379	14590	28	150	598	0	15366
3380	562	21	84	14677	0	15344
3381	14645	32	53	594	0	15324
3382	612	14429	32	233	0	15306
3383	15194	506	45	168	0	15913
3384	655	142	42	15180	0	16019
3385	260	106	31	16519	0	16916
3386	16463	57	36	734	0	17290
3387	16590	42	39	298	0	16969
3388	16785	49	31	190	0	17055
3389	16719	58	41	141	0	16959
3390	16726	37	39	139	0	16941
3391	857	44	49	15975	0	16925
3392	365	51	15336	625	0	16377
3393	233	15476	462	291	0	16462
3394	15198	504	157	202	0	16061
3395	668	159	14720	138	0	15685
3396	14632	104	488	142	0	15366
3397	695	14790	164	113	0	15762
3398	15249	506	107	143	0	16005
3399	748	155	70	14990	0	15963
3400	345	102	59	15495	0	16001
3401	296	71	15069	704	0	16140
3402	289	65	503	15026	0	15883
3403	285	41	15507	662	0	16495
3404	249	72	15448	306	0	16075
3405	15727	99	633	233	0	16692
3406	16629	94	231	244	0	17198
3407	807	65	15958	227	0	17057
3408	15874	77	559	225	0	16735
3409	16663	94	198	199	0	17154
3410	899	96	15801	157	0	16953
3411	486	15552	553	190	0	16781
3412	446	516	214	16402	0	17578
3413	16941	196	148	630	0	17915
3414	17420	118	139	303	0	17980
3415	17544	86	125	270	0	18025
3416	17599	78	156	227	0	18060
3417	17619	90	170	206	0	18085
3418	959	90	16892	145	0	18086
3419	536	94	17280	179	0	18089
3420	478	149	662	17338	0	18627
3421	17784	131	274	637	0	18826
3422	18261	127	188	313	0	18889
3423	18251	103	187	275	0	18816
3424	17463	103	167	311	0	18044
3425	920	17131	186	289	0	18526
3426	588	18672	192	279	0	19731
3427	18697	570	182	335	0	19784
3428	19135	235	172	290	0	19832
3429	1038	18754	134	235	0	20161
3430	19413	554	125	272	0	20364
3431	1005	247	18873	230	0	20355
3432	612	169	580	18690	0	20051
3433	579	156	18743	638	0	20116
3434	553	130	18516	315	0	19514
3435	553	91	707	18775	0	20126
3436	590	102	280	19403	0	20375
3437	625	110	19675	704	0	21114
3438	590	117	606	18717	0	20030
3439	531	137	284	19868	0	20820
3440	19909	134	254	807	0	21104
3441	20112	156	253	366	0	20887
3442	1025	138	224	19759	0	21146
3443	600	149	19781	649	0	21179
3444	550	19749	640	347	0	21286
3445	19687	530	307	295	0	20819
3446	925	224	20252	260	0	21661
3447	570	19129	723	262	0	20684
3448	478	20617	332	331	0	21758
3449	20926	582	298	320	0	22126
3450	21306	252	311	275	0	22144
3451	949	179	276	20647	0	22051
3452	573	140	21688	679	0	23080
3453	565	126	735	21450	0	22876
3454	535	132	382	21930	0	22979
3455	530	114	308	22441	0	23393
3456	22168	108	283	832	0	23391
3457	952	21250	247	422	0	22871
3458	556	22723	295	304	0	23878
3459	458	667	274	22219	0	23618
3460	452	275	224	23051	0	24002
3461	22778	210	247	854	0	24089
3462	22462	143	209	442	0	23256
3463	22771	119	174	372	0	23436
3464	1133	22075	200	259	0	23667
3465	21909	461	189	208	0	22767
3466	871	191	195	21406	0	22663
3467	467	119	21044	623	0	22253
3468	440	117	19216	317	0	20090
3469	18817	82	503	301	0	19703
3470	622	61	18905	204	0	19792
3471	304	73	17208	135	0	17720
3472	15332	46	261	94	0	15733
3473	306	30	16023	56	0	16415
3474	122	33	15490	30	0	15675
3475	93	110	184	14799	0	15186
3476	77	19	16032	128	0	16256
3477	78	15	154	15087	0	15334
3478	75	10	72	14906	0	15063
3479	47	16	16039	145	0	16247
3480	44	16045	140	77	0	16306
3481	15939	100	55	84	0	16178
3482	149	31	16621	32	0	16833
3483	69	53	16105	42	0	16269
3484	13458	15	140	94	0	13707
3485	135	14	15493	15	0	15657
3486	43	14761	129	29	0	14962
3487	48	13140	85	42	0	13315
3488	35	112	31	15354	0	15532
3489	36	42	25	14852	0	14955
3490	15699	20	14	175	0	15908
3491	15407	16	23	83	0	15529
3492	15614	8	11	64	0	15697
3493	174	14	14	15543	0	15745
3494	15715	14	19	146	0	15894
3495	15346	10	18	76	0	15450
3496	178	14	15509	32	0	15733
3497	81	20	14492	34	0	14627
3498	49	15462	142	25	0	15678
3499	39	115	57	15714	0	15925
3500	15849	29	45	146	0	16069
3501	140	15487	30	49	0	15706
3502	50	128	26	15801	0	16005
3503	15463	37	25	159	0	15684
3504	15085	29	12	81	0	15207
3505	160	15261	20	39	0	15480
3506	15187	131	13	58	0	15389
3507	15191	46	14	64	0	15315
3508	194	23	21	15015	0	15253
3509	85	24	15265	142	0	15516
3510	50	14675	142	65	0	14932
3511	36	15091	56	64	0	15247
3512	14441	150	29	34	0	14654
3513	142	58	29	14243	0	14472
3514	59	43	14276	129	0	14507
3515	39	14089	120	61	0	14309
3516	14291	117	44	63	0	14515
3517	14382	39	39	52	0	14512
3518	175	38	14432	21	0	14666
3519	87	27	140	13914	0	14168
3520	60	39	55	14958	0	15112
3521	67	21	16556	206	0	16850
3522	16255	19	216	145	0	16635
3523	20662	15	88	71	0	20836
3524	649	33	65	23685	0	24432
3525	167	24268	58	795	0	25288
3526	168	813	32	25250	0	26263
3527	98	331	24836	1005	0	26270
3528	24169	186	871	486	0	25712
3529	948	144	345	25699	0	27136
3530	448	99	25310	1079	0	26936
3531	24207	89	1003	530	0	25829
3532	1100	90	434	25310	0	26934
3533	494	50	276	25705	0	26525
3534	25125	41	235	1373	0	26774
3535	1106	25129	180	689	0	27104
3536	25352	927	156	467	0	26902
3537	1301	370	114	25019	0	26804
3538	25174	224	88	1209	0	26695
3539	1315	196	24512	588	0	26611
3540	679	24613	947	455	0	26694
3541	461	1016	418	25372	0	27267
3542	25451	440	259	1186	0	27336
3543	1218	25167	247	604	0	27236
3544	619	1113	208	25540	0	27480
3545	25689	452	173	1308	0	27622
3546	25631	310	184	660	0	26785
3547	1631	278	118	24548	0	26575
3548	849	209	23941	1377	0	26376
3549	620	232	24018	732	0	25602
3550	23683	204	1356	562	0	25805
3551	1384	23381	618	499	0	25882
3552	725	23677	418	333	0	25153
3553	22994	1293	375	331	0	24993
3554	1329	23685	275	336	0	25625
3555	709	1302	282	23321	0	25614
3556	580	648	216	24415	0	25859
3557	23742	466	176	1534	0	25918
3558	23639	428	150	819	0	25036
3559	24056	313	106	642	0	25117
3560	1848	297	22298	498	0	24941
3561	1065	245	1057	22679	0	25046
3562	808	181	22568	1369	0	24926
3563	698	193	22523	740	0	24154
3564	617	183	23398	549	0	24747
3565	543	218	1692	22421	0	24874
3566	454	241	23181	1312	0	25188
3567	437	235	23798	720	0	25190
3568	421	267	1749	22795	0	25232
3569	23035	226	920	1473	0	25654
3570	1380	216	23369	762	0	25727
3571	767	191	1499	22658	0	25115
3572	639	165	760	24001	0	25565
3573	564	164	23366	1762	0	25856
3574	514	200	1431	23295	0	25440
3575	541	190	23421	1705	0	25857
3576	517	200	1516	22871	0	25104
3577	454	201	830	23578	0	25063
3578	382	176	632	23998	0	25188
3579	343	182	601	23967	0	25093
3580	21993	149	550	2161	0	24853
3581	22687	153	487	1248	0	24575
3582	1659	181	21584	924	0	24348
3583	898	20765	1347	854	0	23864
3584	719	1023	21804	689	0	24235
3585	571	433	22136	654	0	23794
3586	21074	274	1758	627	0	23733
3587	1434	21623	992	557	0	24606
3588	21828	1121	829	520	0	24298
3589	1454	21979	757	473	0	24663
3590	22107	1338	629	525	0	24599
3591	22897	624	605	526	0	24652
3592	1866	420	512	21406	0	24204
3593	967	21880	438	1480	0	24765
3594	785	1275	371	22291	0	24722
3595	659	616	343	23213	0	24831
3596	559	414	21900	1949	0	24822
3597	528	21942	1364	1097	0	24931
3598	517	1206	777	22480	0	24980
3599	20993	565	610	1711	0	23879
3600	22949	419	561	949	0	24878
3601	23291	351	510	811	0	24963
3602	1865	22249	488	705	0	25307
3603	22943	1304	450	568	0	25265
3604	1765	23641	387	568	0	26361
3605	1045	1493	383	24043	0	26964
3606	826	726	23681	1548	0	26781
3607	716	466	1460	23351	0	25993
3608	562	23501	752	1690	0	26505
3609	500	1403	568	23860	0	26331
3610	481	695	464	24308	0	25948
3611	409	23833	380	2094	0	26716
3612	23911	1549	373	1135	0	26968
3613	1529	733	361	24141	0	26764
3614	779	559	23236	1872	0	26446
3615	656	461	1410	23822	0	26349
3616	617	362	648	24990	0	26617
3617	514	364	23464	2258	0	26600
3618	576	380	1464	22337	0	24757
3619	491	22872	703	1944	0	26010
3620	478	1426	22821	1103	0	25828
3621	641	648	21882	766	0	23937
3622	337	19671	1701	714	0	22423
3623	238	17108	785	486	0	18617
3624	123	14021	331	280	0	14755
3625	12503	726	428	212	0	13869
3626	9640	2769	124	191	0	12724
3627	11993	236	109	160	0	12498
3628	720	161	85	11630	0	12596
3629	265	118	11318	629	0	12330
3630	195	102	565	11217	0	12079
3631	131	97	203	11791	0	12222
3632	11183	113	157	753	0	12206
3633	11400	107	120	335	0	11962
3634	649	11070	94	248	0	12061
3635	11021	525	92	162	0	11800
3636	11359	203	89	153	0	11804
3637	11619	158	75	152	0	12004
3638	730	107	10810	143	0	11790
3639	291	90	10913	129	0	11423
3640	173	162	582	10514	0	11431
3641	142	111	10612	517	0	11382
3642	9900	95	503	206	0	10704
3643	10433	80	185	154	0	10852
3644	606	83	9841	111	0	10641
3645	9602	74	440	117	0	10233
3646	536	9782	183	109	0	10610
3647	9951	444	116	109	0	10620
3648	539	188	70	9729	0	10526
3649	261	120	64	9513	0	9958
3650	184	9774	73	522	0	10553
3651	9705	455	73	230	0	10463
3652	9891	185	80	155	0	10311
3653	590	9700	92	115	0	10497
3654	290	447	85	9365	0	10187
3655	215	183	75	9504	0	9977
3656	142	9336	89	576	0	10143
3657	156	465	95	9339	0	10055
3658	169	211	69	9753	0	10202
3659	9212	146	74	591	0	10023
3660	9499	93	82	275	0	9949
3661	619	80	9030	177	0	9906
3662	8992	93	428	154	0	9667
3663	530	125	9054	119	0	9828
3664	279	144	452	8766	0	9641
3665	190	91	8827	473	0	9581
3666	170	8656	433	229	0	9488
3667	165	410	170	8323	0	9068
3668	144	171	103	8695	0	9113
3669	8382	119	61	545	0	9107
3670	456	69	74	8288	0	8887
3671	217	74	7825	513	0	8629
3672	7935	80	388	245	0	8648
3673	8362	66	165	169	0	8762
3674	8509	91	106	136	0	8842
3675	8547	85	73	110	0	8815
3676	635	62	89	8699	0	9485
3677	302	71	72	9246	0	9691
3678	201	67	89	9707	0	10064
3679	143	70	90	9843	0	10146
3680	9200	55	87	761	0	10103
3681	9505	59	91	341	0	9996
3682	691	63	80	8582	0	9416
3683	319	8863	73	556	0	9811
3684	9032	459	95	250	0	9836
3685	598	202	8828	179	0	9807
3686	308	8846	470	162	0	9786
3687	8348	435	177	121	0	9081
3688	527	8535	84	119	0	9265
3689	250	460	8401	118	0	9229
3690	8463	185	409	110	0	9167
3691	8840	106	171	112	0	9229
3692	654	76	8391	104	0	9225
3693	368	54	426	8505	0	9353
3694	223	67	190	8637	0	9117
3695	164	8514	114	627	0	9419
3696	156	471	72	8707	0	9406
3697	8305	168	77	561	0	9111
3698	531	8428	73	257	0	9289
3699	275	424	47	8134	0	8880
3700	181	157	60	8388	0	8786
3701	131	115	7850	567	0	8663
3702	133	7892	405	257	0	8687
3703	7376	409	146	135	0	8066
3704	375	6284	73	111	0	6843
3705	148	6153	47	87	0	6435
3706	6000	369	102	83	0	6554
3707	342	143	37	5857	0	6379
3708	140	88	40	6113	0	6381
3709	5857	63	42	403	0	6365
3710	336	63	33	5988	0	6420
3711	165	50	28	6163	0	6406
3712	6148	54	24	426	0	6652
3713	372	65	26	5919	0	6382
3714	165	5942	31	355	0	6493
3715	5981	294	19	183	0	6477
3716	351	120	5759	136	0	6366
3717	166	5547	266	102	0	6081
3718	109	280	85	5407	0	5881
3719	65	102	5278	320	0	5765
3720	83	61	5326	151	0	5621
3721	77	161	286	4969	0	5493
3722	4933	40	118	273	0	5364
3723	257	44	54	4982	0	5337
3724	123	29	59	5132	0	5343
3725	70	53	47	5214	0	5384
3726	62	48	32	5249	0	5391
3727	68	28	44	5304	0	5444
3728	57	44	4828	368	0	5297
3729	49	37	4868	172	0	5126
3730	67	35	255	4868	0	5225
3731	60	41	4789	270	0	5160
3732	56	4799	253	147	0	5255
3733	51	207	104	4927	0	5289
3734	43	91	4763	280	0	5177
3735	4331	64	221	164	0	4780
3736	209	4597	106	115	0	5027
3737	90	4439	77	96	0	4702
3738	68	4683	37	106	0	4894
3739	62	255	47	4485	0	4849
3740	4487	113	48	259	0	4907
3741	207	64	38	4588	0	4897
3742	4401	59	48	272	0	4780
3743	252	4335	32	130	0	4749
3744	4447	227	27	109	0	4810
3745	243	124	30	4397	0	4794
3746	125	100	32	4417	0	4674
3747	77	4310	29	297	0	4713
3748	90	226	33	4369	0	4718
3749	68	98	33	4579	0	4778
3750	72	61	33	4584	0	4750
3751	4290	67	33	337	0	4727
3752	4150	50	30	189	0	4419
3753	264	53	4203	144	0	4664
3754	4268	46	202	134	0	4650
3755	266	60	4317	94	0	4737
3756	122	45	228	4325	0	4720
3757	100	45	90	4503	0	4738
3758	50	58	56	4657	0	4821
3759	62	40	4351	329	0	4782
3760	70	40	220	4436	0	4766
3761	52	32	4439	314	0	4837
3762	69	45	225	4484	0	4823
3763	4397	45	101	318	0	4861
3764	230	45	4426	162	0	4863
3765	4376	47	226	143	0	4792
3766	242	30	85	4513	0	4870
3767	4452	41	71	291	0	4855
3768	235	4396	66	156	0	4853
3769	122	190	66	4537	0	4915
3770	73	72	4625	306	0	5076
3771	88	91	208	4586	0	4973
3772	71	121	99	4535	0	4826
3773	71	4481	61	311	0	4924
3774	52	192	4315	159	0	4718
3775	71	4306	194	131	0	4702
3776	3545	122	61	65	0	3793
3777	113	3630	55	68	0	3866
3778	3322	109	39	41	0	3511
3779	3411	28	24	36	0	3499
3780	3406	24	21	27	0	3478
3781	141	19	22	3323	0	3505
3782	56	7	3263	120	0	3446
3783	35	13	103	3133	0	3284
3784	26	3263	37	105	0	3431
3785	23	105	17	3294	0	3439
3786	3194	26	16	140	0	3376
3787	94	3216	21	58	0	3389
3788	34	113	11	3089	0	3247
3789	26	28	18	3133	0	3205
3790	3033	20	17	135	0	3205
3791	112	13	2989	58	0	3172
3792	41	2850	102	42	0	3035
3793	22	66	21	2618	0	2727
3794	18	20	2643	83	0	2764
3795	23	9	70	2447	0	2549
3796	13	2470	24	73	0	2580
3797	12	82	11	2636	0	2741
3798	10	19	14	2595	0	2638
3799	9	13	13	2607	0	2642
3800	7	11	2543	90	0	2651
3801	2479	12	64	40	0	2595
3802	69	12	22	2770	0	2873
3803	3155	13	8	87	0	3263
3804	3204	14	25	38	0	3281
3805	3290	7	7	32	0	3336
3806	3213	9	11	28	0	3261
3807	3315	9	10	23	0	3357
3808	133	14	9	3192	0	3348
3809	48	3154	3	112	0	3317
3810	42	82	10	3077	0	3211
3811	23	3086	11	109	0	3229
3812	16	80	4	2868	0	2968
3813	2872	23	5	87	0	2987
3814	81	24	2	2880	0	2987
3815	27	13	2825	89	0	2954
3816	2644	7	71	34	0	2756
3817	92	2874	17	30	0	3013
3818	2948	70	19	22	0	3059
3819	3002	17	13	14	0	3046
3820	2921	8	6	13	0	2948
3821	97	3077	2	11	0	3187
3822	37	73	2	3064	0	3176
3823	31	21	3	3125	0	3180
3824	24	15	3007	91	0	3137
3825	24	14	66	2824	0	2928
3826	21	6	17	2893	0	2937
3827	19	8	10	3000	0	3037
3828	14	3000	12	95	0	3121
3829	3026	79	6	38	0	3149
3830	2930	23	5	34	0	2992
3831	101	16	3102	17	0	3236
3832	40	3142	71	23	0	3276
3833	32	79	15	3220	0	3346
3834	24	26	12	3296	0	3358
3835	21	17	14	3296	0	3348
3836	26	13	5	3387	0	3431
3837	19	11	7	3540	0	3577
3838	21	8	3399	125	0	3553
3839	17	18	3239	57	0	3331
3840	3434	13	97	38	0	3582
3841	3679	18	29	34	0	3760
3842	3707	9	19	27	0	3762
3843	122	9	16	3685	0	3832
3844	40	14	3618	106	0	3778
3845	3535	12	87	47	0	3681
3846	3709	9	26	41	0	3785
3847	116	6	3580	35	0	3737
3848	3575	18	98	21	0	3712
3849	129	5	4058	31	0	4223
3850	54	8	99	4096	0	4257
3851	30	6	4155	116	0	4307
3852	4014	12	111	46	0	4183
3853	4208	4	34	49	0	4295
3854	4257	7	22	33	0	4319
3855	4266	2	23	41	0	4332
3856	150	10	4263	23	0	4446
3857	61	4307	107	25	0	4500
3858	4440	95	40	22	0	4597
3859	4483	26	19	24	0	4552
3860	139	16	4498	21	0	4674
3861	63	14	108	4383	0	4568
3862	48	8	38	4609	0	4703
3863	30	8	4492	141	0	4671
3864	4125	7	120	58	0	4310
3865	4564	8	37	38	0	4647
3866	154	4503	22	31	0	4710
3867	4721	102	26	30	0	4879
3868	4736	29	23	24	0	4812
3869	4823	18	26	19	0	4886
3870	4688	17	20	22	0	4747
3871	188	6	4461	13	0	4668
3872	4377	12	109	25	0	4523
3873	144	40	37	4409	0	4630
3874	70	4609	23	120	0	4822
3875	49	100	4507	49	0	4705
3876	44	4612	113	31	0	4800
3877	58	97	45	4375	0	4575
3878	50	25	4494	88	0	4657
3879	4099	23	90	31	0	4243
3880	108	9	4484	23	0	4624
3881	4410	5	96	23	0	4534
3882	113	7	39	4438	0	4597
3883	62	10	21	4434	0	4527
3884	39	4363	16	93	0	4511
3885	40	4563	18	42	0	4663
3886	29	100	19	4703	0	4851
3887	4694	33	16	105	0	4848
3888	4758	15	18	36	0	4827
3889	4741	12	21	26	0	4800
3890	137	9	4680	26	0	4852
3891	4599	5	86	23	0	4713
3892	123	15	4917	15	0	5070
3893	55	11	4651	14	0	4731
3894	4795	14	104	14	0	4927
3895	5085	9	41	19	0	5154
3896	136	11	5135	17	0	5299
3897	57	10	100	4953	0	5120
3898	48	13	33	5329	0	5423
3899	5326	5	19	129	0	5479
3900	5177	12	28	53	0	5270
3901	122	12	5515	31	0	5680
3902	56	5354	83	24	0	5517
3903	31	5128	27	14	0	5200
3904	5167	58	27	11	0	5263
3905	79	19	15	5126	0	5239
3906	41	7	11	5285	0	5344
3907	37	2	6	5389	0	5434
3908	5240	2	8	84	0	5334
3909	61	3	17	5378	0	5459
3910	5404	10	13	52	0	5479
3911	5491	14	9	17	0	5531
3912	84	5995	13	26	0	6118
3913	55	61	14	6548	0	6678
3914	29	24	6553	97	0	6703
3915	6347	11	98	52	0	6508
3916	6638	8	45	40	0	6731
3917	6677	1	27	27	0	6732
3918	159	5	6755	8	0	6927
3919	77	6	101	6764	0	6948
3920	6890	6	47	108	0	7051
3921	6559	9	23	48	0	6639
3922	6598	16	30	30	0	6674
3923	149	6467	11	25	0	6652
3924	78	6926	12	19	0	7035
3925	66	109	14	7082	0	7271
3926	44	47	21	7082	0	7194
3927	27	7028	17	125	0	7197
3928	6984	106	15	61	0	7166
3929	118	41	7188	39	0	7386
3930	60	17	99	7184	0	7360
3931	44	19	33	7198	0	7294
3932	41	23	7023	128	0	7215
3933	6475	12	118	68	0	6673
3934	7144	10	41	42	0	7237
3935	137	6941	22	41	0	7141
3936	6973	86	15	25	0	7099
3937	143	71	7210	14	0	7438
3938	7206	25	97	38	0	7366
3939	133	16	7504	19	0	7672
3940	7432	9	107	23	0	7571
3941	7762	10	45	27	0	7844
3942	7818	3	22	27	0	7870
3943	7768	11	29	18	0	7826
3944	165	7585	21	16	0	7787
3945	7907	88	20	22	0	8037
3946	8114	36	11	27	0	8188
3947	164	23	8089	20	0	8296
3948	8080	17	98	27	0	8222
3949	146	13	42	8066	0	8267
3950	73	16	7936	99	0	8124
3951	7891	13	89	52	0	8045
3952	130	18	32	8141	0	8321
3953	8331	20	36	121	0	8508
3954	9105	16	18	100	0	9239
3955	144	21	9504	37	0	9706
3956	9368	15	95	49	0	9527
3957	9733	8	43	30	0	9814
3958	9682	12	35	24	0	9753
3959	9891	13	26	30	0	9960
3960	171	7	23	9595	0	9796
3961	88	9576	23	107	0	9794
3962	9401	89	33	77	0	9600
3963	9791	36	22	40	0	9889
3964	9844	22	20	32	0	9918
3965	193	32	9686	13	0	9924
3966	106	9671	109	22	0	9908
3967	94	99	47	9778	0	10018
3968	83	33	38	9863	0	10017
3969	81	18	10071	135	0	10305
3970	78	24	147	9931	0	10180
3971	88	16	10167	167	0	10438
3972	75	21	163	10106	0	10365
3973	75	22	75	10304	0	10476
3974	82	27	10344	216	0	10669
3975	9840	26	182	116	0	10164
3976	10627	17	77	102	0	10823
3977	259	25	10894	51	0	11229
3978	10623	27	181	86	0	10917
3979	11178	12	96	56	0	11342
3980	261	13	11429	58	0	11761
3981	129	14	181	11211	0	11535
3982	118	10	101	11467	0	11696
3983	11634	14	65	220	0	11933
3984	239	11807	45	104	0	12195
3985	10956	173	66	109	0	11304
3986	11875	64	47	57	0	12043
3987	297	12158	27	33	0	12515
3988	12348	162	62	40	0	12612
3989	12389	69	25	58	0	12541
3990	275	12227	36	61	0	12599
3991	176	167	34	12275	0	12652
3992	126	12529	27	158	0	12840
3993	100	194	40	12663	0	12997
3994	124	68	12553	192	0	12937
3995	83	72	12179	95	0	12429
3996	11932	36	230	87	0	12285
3997	12519	22	103	73	0	12717
3998	268	48	12483	49	0	12848
3999	12398	18	199	80	0	12695
4000	12889	35	97	57	0	13078
4001	12550	15	64	78	0	12707
4002	302	12673	71	44	0	13090
4003	151	158	67	12973	0	13349
4004	13016	66	51	193	0	13326
4005	12864	35	35	104	0	13038
4006	280	63	13131	63	0	13537
4007	187	29	176	12873	0	13265
4008	170	21	75	13160	0	13426
4009	127	12935	65	223	0	13350
4010	95	13663	52	102	0	13912
4011	98	252	28	13246	0	13624
4012	102	13328	29	187	0	13646
4013	13095	172	19	69	0	13355
4014	203	13695	37	45	0	13980
4015	13871	223	25	73	0	14192
4016	282	76	13867	48	0	14273
4017	14146	66	253	49	0	14514
4018	15094	50	90	39	0	15273
4019	15134	14	44	63	0	15255
4020	15008	40	29	25	0	15102
4021	484	14669	31	25	0	15209
4022	225	285	29	14961	0	15500
4023	146	117	22	14916	0	15201
4024	72	78	14692	403	0	15245
4025	95	87	273	14279	0	14734
4026	87	41	116	14759	0	15003
4027	14893	36	75	428	0	15432
4028	361	14939	51	195	0	15546
4029	198	299	47	14969	0	15513
4030	171	124	34	15340	0	15669
4031	118	76	38	15513	0	15745
4032	15350	61	59	480	0	15950
4033	353	39	28	15536	0	15956
4034	15572	40	32	481	0	16125
4035	434	33	60	15646	0	16173
4036	210	61	39	15880	0	16190
4037	156	27	14783	521	0	15487
4038	13578	35	304	293	0	14210
4039	385	14667	130	186	0	15368
4040	15277	309	74	142	0	15802
4041	426	127	52	15068	0	15673
4042	252	78	26	15327	0	15683
4043	15417	68	31	499	0	16015
4044	15772	41	25	299	0	16137
4045	535	40	40	16337	0	16952
4046	285	30	16165	476	0	16956
4047	180	59	15962	244	0	16445
4048	140	17003	465	170	0	17778
4049	17255	424	183	147	0	18009
4050	17467	194	119	119	0	17899
4051	660	120	60	17097	0	17937
4052	319	17599	38	539	0	18495
4053	217	481	24	17710	0	18432
4054	175	187	60	16901	0	17323
4055	136	15937	63	679	0	16815
4056	16117	491	52	332	0	16992
4057	580	176	85	15957	0	16798
4058	286	15991	85	530	0	16892
4059	202	17064	51	259	0	17576
4060	16908	601	53	200	0	17762
4061	601	279	16688	148	0	17716
4062	16882	197	472	152	0	17703
4063	669	151	166	16993	0	17979
4064	351	76	106	17189	0	17722
4065	234	17127	82	707	0	18150
4066	228	569	51	17344	0	18192
4067	191	240	17135	688	0	18254
4068	202	16583	463	358	0	17606
4069	137	17400	165	224	0	17926
4070	16971	595	100	205	0	17871
4071	520	17286	93	174	0	18073
4072	254	574	85	17115	0	18028
4073	242	17298	76	532	0	18148
4074	206	530	58	17507	0	18301
4075	176	243	57	17757	0	18233
4076	141	192	16840	775	0	17948
4077	139	159	462	16655	0	17415
4078	152	129	202	17185	0	17668
4079	16550	168	132	780	0	17630
4080	587	156	16487	389	0	17619
4081	319	135	453	16921	0	17828
4082	240	182	16718	666	0	17806
4083	16268	137	524	403	0	17332
4084	577	16873	224	348	0	18022
4085	18229	568	161	333	0	19291
4086	715	265	140	18632	0	19752
4087	347	226	101	18765	0	19439
4088	254	188	18060	942	0	19444
4089	16704	150	565	551	0	17970
4090	707	18411	225	409	0	19752
4091	18263	646	183	389	0	19481
4092	806	285	151	18067	0	19309
4093	382	18386	145	766	0	19679
4094	18350	699	129	448	0	19626
4095	802	18908	114	329	0	20153
4096	397	729	105	19066	0	20297
4097	328	335	111	19433	0	20207
4098	284	258	124	19216	0	19882
4099	233	18388	146	1010	0	19777
4100	283	692	124	18765	0	19864
4101	289	366	118	19287	0	20060
4102	18363	258	122	1058	0	19801
4103	18645	284	116	567	0	19612
4104	18865	292	79	461	0	19697
4105	1015	267	18179	397	0	19858
4106	18236	283	602	374	0	19495
4107	18903	238	254	390	0	19785
4108	18051	258	178	420	0	18907
4109	981	249	17021	377	0	18628
4110	17711	234	557	372	0	18874
4111	915	221	219	18197	0	19552
4112	451	195	17606	860	0	19112
4113	394	17295	618	476	0	18783
4114	385	769	236	16336	0	17726
4115	275	16224	223	702	0	17424
4116	281	16898	190	384	0	17753
4117	15884	580	140	314	0	16918
4118	613	252	119	15854	0	16838
4119	16013	187	131	607	0	16938
4120	654	166	95	15942	0	16857
4121	15954	150	112	649	0	16865
4122	638	179	122	15929	0	16868
4123	15918	162	121	644	0	16845
4124	671	175	15178	333	0	16357
4125	355	183	444	15436	0	16418
4126	277	189	15476	638	0	16580
4127	285	159	14406	388	0	15238
4128	233	183	15387	314	0	16117
4129	251	194	546	15113	0	16104
4130	220	154	15260	629	0	16263
4131	15023	116	488	373	0	16000
4132	578	139	177	15329	0	16223
4133	312	108	15744	656	0	16820
4134	260	128	493	15718	0	16599
4135	253	109	204	16156	0	16722
4136	238	114	16542	709	0	17603
4137	250	97	524	16418	0	17289
4138	267	103	242	16227	0	16839
4139	240	16616	197	663	0	17716
4140	16659	405	198	357	0	17619
4141	16810	175	165	309	0	17459
4142	687	102	16303	282	0	17374
4143	15595	89	486	276	0	16446
4144	605	91	15536	246	0	16478
4145	302	69	14557	210	0	15138
4146	227	92	14804	204	0	15327
4147	232	333	486	13875	0	14926
4148	171	73	14122	403	0	14769
4149	116	76	331	13758	0	14281
4150	143	57	152	13680	0	14032
4151	135	58	121	13991	0	14305
4152	161	50	119	13902	0	14232
4153	13487	54	99	456	0	14096
4154	13577	53	96	251	0	13977
4155	371	13704	118	204	0	14397
4156	200	247	109	14083	0	14639
4157	181	94	14272	375	0	14922
4158	181	14459	337	198	0	15175
4159	166	313	171	14864	0	15514
4160	125	111	14963	438	0	15637
4161	113	76	375	14431	0	14995
4162	93	56	14769	436	0	15354
4163	95	65	14542	214	0	14916
4164	117	47	406	14694	0	15264
4165	98	63	190	14793	0	15144
4166	14753	47	113	505	0	15418
4167	333	37	146	14709	0	15225
4168	14436	49	101	467	0	15053
4169	358	14145	108	239	0	14850
4170	159	14901	108	192	0	15360
4171	147	325	98	15341	0	15911
4172	15216	115	118	468	0	15917
4173	398	15385	117	226	0	16126
4174	168	330	113	15821	0	16432
4175	16099	107	108	470	0	16784
4176	16261	86	101	217	0	16665
4177	15741	85	126	197	0	16149
4178	15698	82	125	188	0	16093
4179	16572	60	101	169	0	16902
4180	490	82	15600	148	0	16320
4181	199	58	15202	152	0	15611
4182	176	15294	367	140	0	15977
4183	183	353	153	15373	0	16062
4184	132	91	15717	353	0	16293
4185	126	86	14632	135	0	14979
4186	105	82	273	14315	0	14775
4187	83	47	15360	291	0	15781
4188	67	47	14991	113	0	15218
4189	59	19218	315	126	0	19718
4190	19038	379	123	82	0	19622
4191	386	20700	93	67	0	21246
4192	126	496	80	21189	0	21891
4193	21307	121	79	509	0	22016
4194	491	21839	98	152	0	22580
4195	146	487	97	21543	0	22273
4196	110	137	21581	493	0	22321
4197	21428	119	495	176	0	22218
4198	22214	76	135	159	0	22584
4199	22798	55	107	118	0	23078
4200	687	71	85	22494	0	23337
4201	210	78	22451	601	0	23340
4202	123	22256	575	179	0	23133
4203	147	557	170	22641	0	23515
4204	22451	150	105	593	0	23299
4205	661	105	22068	198	0	23032
4206	225	21170	557	175	0	22127
4207	174	522	21934	110	0	22740
4208	21288	171	612	130	0	22201
4209	22805	129	183	141	0	23258
4210	22867	76	141	126	0	23210
4211	802	81	21979	94	0	22956
4212	287	21599	601	110	0	22597
4213	237	599	215	21641	0	22692
4214	195	169	162	22275	0	22801
4215	177	125	133	22432	0	22867
4216	184	97	21717	723	0	22721
4217	20947	83	621	293	0	21944
4218	696	105	21959	165	0	22925
4219	21897	119	676	175	0	22867
4220	22753	94	226	202	0	23275
4221	22960	93	153	197	0	23403
4222	22252	95	166	165	0	22678
4223	836	131	22134	128	0	23229
4224	398	100	659	22158	0	23315
4225	309	149	21973	618	0	23049
4226	281	21044	666	249	0	22240
4227	283	22473	231	220	0	23207
4228	22153	720	184	228	0	23285
4229	21618	286	191	209	0	22304
4230	781	22430	217	218	0	23646
4231	22701	679	214	230	0	23824
4232	934	299	19580	221	0	21034
4233	21422	212	553	222	0	22409
4234	912	22369	248	196	0	23725
4235	22953	692	215	187	0	24047
4236	22608	278	203	193	0	23282
4237	1060	205	180	21788	0	23233
4238	528	185	211	22310	0	23234
4239	22051	187	228	869	0	23335
4240	920	197	229	22035	0	23381
4241	22130	205	224	820	0	23379
4242	1038	159	192	22124	0	23513
4243	21693	162	213	807	0	22875
4244	21869	148	197	341	0	22555
4245	1023	20776	240	263	0	22302
4246	548	21930	228	201	0	22907
4247	21164	817	194	220	0	22395
4248	928	21488	190	235	0	22841
4249	476	793	195	21076	0	22540
4250	443	291	236	21760	0	22730
4251	20696	279	200	912	0	22087
4252	863	20716	232	431	0	22242
4253	535	20227	207	341	0	21310
4254	481	21055	228	277	0	22041
4255	488	859	20277	288	0	21912
4256	516	350	20078	271	0	21215
4257	487	268	20356	250	0	21361
4258	482	446	781	17165	0	18874
4259	416	19183	330	611	0	20540
4260	19403	710	214	301	0	20628
4261	864	295	18960	281	0	20400
4262	454	228	18805	266	0	19753
4263	415	218	19322	229	0	20184
4264	430	213	816	18794	0	20253
4265	401	240	343	19284	0	20268
4266	422	232	236	19583	0	20473
4267	19310	178	231	795	0	20514
4268	19244	248	228	320	0	20040
4269	19465	221	209	287	0	20182
4270	1035	191	236	18509	0	19971
4271	446	202	17714	675	0	19037
4272	421	227	18439	298	0	19385
4273	413	160	690	18150	0	19413
4274	377	156	323	18236	0	19092
4275	17821	166	222	737	0	18946
4276	787	17475	193	426	0	18881
4277	17682	544	197	322	0	18745
4278	840	17395	167	274	0	18676
4279	449	615	162	17452	0	18678
4280	403	235	17334	671	0	18643
4281	399	219	566	17289	0	18473
4282	17595	183	220	753	0	18751
4283	807	179	17292	366	0	18644
4284	16695	142	583	293	0	17713
4285	849	126	16648	242	0	17865
4286	441	147	16462	213	0	17263
4287	15251	158	610	256	0	16275
4288	758	141	15582	182	0	16663
4289	236	76	11342	95	0	11749
4290	264	11156	436	122	0	11978
4291	9775	301	408	81	0	10565
4292	9275	73	115	58	0	9521
4293	9243	47	44	64	0	9398
4294	262	44	8741	57	0	9104
4295	8330	35	175	57	0	8597
4296	214	8688	75	55	0	9032
4297	8460	158	41	51	0	8710
4298	203	77	8467	41	0	8788
4299	119	89	163	8021	0	8392
4300	60	41	7889	121	0	8111
4301	37	7963	148	71	0	8219
4302	56	98	82	7762	0	7998
4303	39	34	47	7937	0	8057
4304	8080	25	31	148	0	8284
4305	8087	11	30	76	0	8204
4306	8174	17	15	54	0	8260
4307	8280	12	20	28	0	8340
4308	8094	10	18	28	0	8150
4309	169	12	8072	19	0	8272
4310	86	9	117	7857	0	8069
4311	54	13	8372	96	0	8535
4312	40	19	115	8270	0	8444
4313	8447	14	55	136	0	8652
4314	8608	14	38	66	0	8726
4315	8613	18	30	45	0	8706
4316	8709	18	28	23	0	8778
4317	187	21	8923	19	0	9150
4318	80	23	113	8705	0	8921
4319	55	36	8728	149	0	8968
4320	39	8727	139	70	0	8975
4321	43	8684	70	47	0	8844
4322	73	156	48	8399	0	8676
4323	48	59	26	9390	0	9523
4324	51	31	48	9249	0	9379
4325	34	19	42	10082	0	10177
4326	9986	12	26	270	0	10294
4327	191	9912	26	122	0	10251
4328	9772	168	28	58	0	10026
4329	229	71	20	9652	0	9972
4330	125	41	19	9394	0	9579
4331	62	9597	25	216	0	9900
4332	64	171	22	9718	0	9975
4333	9590	68	30	228	0	9916
4334	194	8900	35	104	0	9233
4335	72	8783	18	61	0	8934
4336	8793	202	15	33	0	9043
4337	188	82	15	8735	0	9020
4338	84	8772	16	165	0	9037
4339	46	159	17	8941	0	9163
4340	8942	62	17	205	0	9226
4341	172	47	14	8852	0	9085
4342	88	20	15	9022	0	9145
4343	8919	17	16	252	0	9204
4344	202	20	9	8832	0	9063
4345	99	8889	13	203	0	9204
4346	77	151	10	8881	0	9119
4347	56	8883	10	186	0	9135
4348	45	164	19	9037	0	9265
4349	8936	77	17	201	0	9231
4350	9035	45	18	107	0	9205
4351	238	42	14	9056	0	9350
4352	109	29	8854	194	0	9186
4353	8529	30	142	105	0	8806
4354	187	27	8850	65	0	9129
4355	8776	18	161	75	0	9030
4356	8912	21	76	52	0	9061
4357	238	32	8724	47	0	9041
4358	106	8628	153	48	0	8935
4359	8729	149	59	56	0	8993
4360	8716	72	33	68	0	8889
4361	212	44	8968	54	0	9278
4362	8788	41	135	57	0	9021
4363	8806	22	52	62	0	8942
4364	8883	27	25	61	0	8996
4365	238	21	20	8742	0	9021
4366	130	22	7	8754	0	8913
4367	67	8740	21	212	0	9040
4368	72	141	10	8978	0	9201
4369	52	68	17	9034	0	9171
4370	52	38	8773	249	0	9112
4371	62	39	8268	122	0	8491
4372	7636	39	193	94	0	7962
4373	8223	32	79	67	0	8401
4374	227	8193	47	48	0	8515
4375	118	165	35	8386	0	8704
4376	77	91	8573	196	0	8937
4377	74	53	178	8642	0	8947
4378	76	43	72	8697	0	8888
4379	65	38	32	9186	0	9321
4380	60	9157	35	289	0	9541
4381	73	213	12	9274	0	9572
4382	70	81	15	9553	0	9719
4383	50	49	9204	331	0	9634
4384	60	53	9249	155	0	9517
4385	8757	25	267	128	0	9177
4386	9260	37	168	77	0	9542
4387	287	31	56	9754	0	10128
4388	136	25	47	9607	0	9815
4389	84	38	31	9890	0	10043
4390	72	50	9356	394	0	9872
4391	62	9068	251	202	0	9583
4392	65	275	9148	124	0	9612
4393	8908	113	303	95	0	9419
4394	314	61	9272	82	0	9729
4395	9184	53	302	76	0	9615
4396	9015	31	120	92	0	9258
4397	9476	40	58	99	0	9673
4398	387	37	70	9148	0	9642
4399	184	28	9142	336	0	9690
4400	108	9159	290	170	0	9727
4401	108	279	107	9072	0	9566
4402	82	117	74	9406	0	9679
4403	80	61	9458	415	0	10014
4404	61	9236	309	203	0	9809
4405	9556	311	132	123	0	10122
4406	335	9873	93	124	0	10425
4407	10897	359	78	80	0	11414
4408	500	132	51	10861	0	11544
4409	211	60	11109	431	0	11811
4410	126	11291	409	198	0	12024
4411	11438	394	143	138	0	12113
4412	462	141	11380	107	0	12090
4413	11300	80	462	99	0	11941
4414	11601	62	159	95	0	11917
4415	585	46	11275	73	0	11979
4416	11062	43	451	70	0	11626
4417	11297	46	162	67	0	11572
4418	11084	35	117	72	0	11308
4419	605	10644	78	68	0	11395
4420	10290	388	67	70	0	10815
4421	496	10555	62	71	0	11184
4422	201	406	10524	53	0	11184
4423	136	10551	369	73	0	11129
4424	10019	427	219	102	0	10767
4425	10208	125	88	48	0	10469
4426	10361	77	56	53	0	10547
4427	503	53	59	9825	0	10440
4428	215	40	47	10259	0	10561
4429	9652	52	58	438	0	10200
4430	10171	44	52	154	0	10421
4431	487	45	36	9807	0	10375
4432	192	44	9699	364	0	10299
4433	138	9202	344	130	0	9814
4434	95	9907	116	99	0	10217
4435	103	388	102	9653	0	10246
4436	108	157	9736	336	0	10337
4437	123	104	347	9208	0	9782
4438	90	9550	122	361	0	10123
4439	108	344	83	9595	0	10130
4440	109	129	9553	384	0	10175
4441	115	82	347	9555	0	10099
4442	90	74	10227	394	0	10785
4443	105	62	377	10157	0	10701
4444	98	61	10595	402	0	11156
4445	86	67	10578	146	0	10877
4446	10148	75	433	127	0	10783
4447	10652	47	172	89	0	10960
4448	10745	57	117	77	0	10996
4449	515	10429	83	63	0	11090
4450	246	340	71	10639	0	11296
4451	10017	123	84	390	0	10614
4452	10808	83	93	137	0	11121
4453	10775	89	61	128	0	11053
4454	513	59	10506	111	0	11189
4455	239	9788	385	76	0	10488
4456	192	10762	130	79	0	11163
4457	10575	407	118	92	0	11192
4458	435	152	103	10580	0	11270
4459	10571	121	84	360	0	11136
4460	487	95	10322	130	0	11034
4461	234	88	358	10027	0	10707
4462	198	69	162	10266	0	10695
4463	190	75	109	9993	0	10367
4464	157	10249	95	433	0	10934
4465	10141	367	100	197	0	10805
4466	10382	137	90	129	0	10738
4467	532	10212	95	96	0	10935
4468	269	392	86	10190	0	10937
4469	10275	142	78	389	0	10884
4470	489	115	82	10218	0	10904
4471	10209	85	71	433	0	10798
4472	516	10087	84	161	0	10848
4473	10146	366	76	146	0	10734
4474	519	174	9897	110	0	10700
4475	251	9958	372	92	0	10673
4476	200	380	9812	107	0	10499
4477	246	333	387	9402	0	10368
4478	9459	104	164	382	0	10109
4479	9602	89	125	149	0	9965
4480	9536	98	93	123	0	9850
4481	492	65	69	9268	0	9894
4482	9365	69	89	346	0	9869
4483	458	51	64	9202	0	9775
4484	9185	58	68	392	0	9703
4485	9443	66	88	186	0	9783
4486	480	71	9234	147	0	9932
4487	184	64	8670	96	0	9014
4488	150	73	8598	91	0	8912
4489	150	54	298	8318	0	8820
4490	8522	44	158	284	0	9008
4491	315	58	97	8510	0	8980
4492	139	55	81	8820	0	9095
4493	9164	52	63	396	0	9675
4494	9334	37	68	170	0	9609
4495	9416	44	56	132	0	9648
4496	9522	38	49	122	0	9731
4497	385	34	74	9265	0	9758
4498	9140	36	53	275	0	9504
4499	320	9002	66	119	0	9507
4500	9098	194	59	121	0	9472
4501	9053	73	63	105	0	9294
4502	300	57	8582	84	0	9023
4503	8101	43	185	66	0	8395
4504	271	33	8079	58	0	8441
4505	146	21	7468	60	0	7695
4506	113	32	7593	45	0	7783
4507	93	185	163	6194	0	6635
4508	54	14	6469	85	0	6622
4509	61	38	79	5937	0	6115
4510	43	9	6163	75	0	6290
4511	35	6	6435	39	0	6515
4512	49	24	82	6211	0	6366
4513	37	6	29	6542	0	6614
4514	26	11	6898	78	0	7013
4515	6578	5	81	43	0	6707
4516	98	6	30	6846	0	6980
4517	48	6	16	6922	0	6992
4518	6968	10	16	98	0	7092
4519	103	16	17	7087	0	7223
4520	53	4	7094	92	0	7243
4521	34	7	6428	43	0	6512
4522	30	4	90	6466	0	6590
4523	20	2	6604	77	0	6703
4524	13	6769	86	40	0	6908
4525	24	61	45	6697	0	6827
4526	6825	17	19	89	0	6950
4527	69	14	6835	31	0	6949
4528	6596	5	73	37	0	6711
4529	80	4	33	7015	0	7132
4530	34	2	27	7046	0	7109
4531	30	4	19	7132	0	7185
4532	18	1	10	7044	0	7073
4533	7062	3	17	133	0	7215
4534	88	7421	13	62	0	7584
4535	43	130	14	7548	0	7735
4536	34	44	17	7594	0	7689
4537	27	13	15	7622	0	7677
4538	16	10	12	7571	0	7609
4539	7447	6	17	181	0	7651
4540	122	7391	24	68	0	7605
4541	7381	116	11	50	0	7558
4542	129	6720	20	28	0	6897
4543	51	6913	15	33	0	7012
4544	6558	137	12	35	0	6742
4545	130	47	6724	24	0	6925
4546	51	18	122	6712	0	6903
4547	6815	12	49	141	0	7017
4548	6962	5	25	78	0	7070
4549	6010	50	40	80	0	6180
4550	7035	11	16	46	0	7108
4551	144	7430	7	36	0	7617
4552	7491	153	11	42	0	7697
4553	7809	51	6	38	0	7904
4554	209	8198	9	38	0	8454
4555	80	208	8	8592	0	8888
4556	47	61	8524	227	0	8859
4557	38	33	217	8402	0	8690
4558	8308	19	61	274	0	8662
4559	235	35	8659	80	0	9009
4560	73	8506	238	61	0	8878
4561	72	238	8792	35	0	9137
4562	48	129	248	8273	0	8698
4563	35	8493	78	206	0	8812
4564	8696	225	47	72	0	9040
4565	225	8737	21	75	0	9058
4566	82	240	20	8732	0	9074
4567	53	78	17	9032	0	9180
4568	8824	46	17	293	0	9180
4569	266	28	11	8617	0	8922
4570	77	8661	27	245	0	9010
4571	8721	229	15	98	0	9063
4572	8883	72	26	60	0	9041
4573	291	8900	14	50	0	9255
4574	8854	244	31	48	0	9177
4575	258	8770	16	41	0	9085
4576	8787	247	20	65	0	9119
4577	263	8817	12	51	0	9143
4578	104	249	39	8379	0	8771
4579	61	91	13	8975	0	9140
4580	8789	57	16	275	0	9137
4581	8953	37	22	104	0	9116
4582	274	8764	18	77	0	9133
4583	129	236	8634	43	0	9042
4584	8777	95	228	54	0	9154
4585	282	57	68	8955	0	9362
4586	102	8902	41	256	0	9301
4587	80	248	18	9063	0	9409
4588	9026	79	24	292	0	9421
4589	9178	56	12	115	0	9361
4590	9261	48	14	73	0	9396
4591	366	47	9	8962	0	9384
4592	140	53	8757	254	0	9204
4593	8127	45	221	126	0	8519
4594	8393	42	70	84	0	8589
4595	8660	49	38	57	0	8804
4596	355	8367	20	60	0	8802
4597	151	257	21	8341	0	8770
4598	98	8587	26	260	0	8971
4599	80	300	25	8707	0	9112
4600	73	97	26	9002	0	9198
4601	73	62	9376	341	0	9852
4602	71	52	298	10400	0	10821
4603	71	49	87	10971	0	11178
4604	10757	47	52	534	0	11390
4605	435	10799	31	188	0	11453
4606	10777	425	21	120	0	11343
4607	11448	161	22	79	0	11710
4608	575	111	26	11180	0	11892
4609	230	72	11301	452	0	12055
4610	150	10833	404	186	0	11573
4611	96	11118	129	108	0	11451
4612	10652	530	88	106	0	11376
4613	446	11151	48	102	0	11747
4614	171	462	32	10782	0	11447
4615	144	163	23	11267	0	11597
4616	104	91	10860	538	0	11593
4617	88	81	10761	207	0	11137
4618	84	10778	506	120	0	11488
4619	91	427	162	10761	0	11441
4620	10693	168	77	453	0	11391
4621	447	102	46	10953	0	11548
4622	177	82	11002	488	0	11749
4623	130	69	412	11014	0	11625
4624	10571	61	143	536	0	11311
4625	10825	69	76	216	0	11186
4626	536	10622	58	156	0	11372
4627	10719	447	39	115	0	11320
4628	504	10702	45	109	0	11360
4629	10775	476	36	80	0	11367
4630	514	198	24	10544	0	11280
4631	234	105	10468	443	0	11250
4632	147	82	10340	192	0	10761
4633	107	10590	497	126	0	11320
4634	114	383	170	10209	0	10876
4635	109	172	78	10704	0	11063
4636	10485	95	48	510	0	11138
4637	10722	73	31	239	0	11065
4638	10947	62	42	149	0	11200
4639	569	63	51	10637	0	11320
4640	256	77	52	10886	0	11271
4641	165	74	52	11126	0	11417
4642	126	69	10639	568	0	11402
4643	113	74	10496	225	0	10908
4644	10333	66	460	173	0	11032
4645	10537	81	190	137	0	10945
4646	532	58	10451	127	0	11168
4647	10253	77	417	120	0	10867
4648	10135	58	161	133	0	10487
4649	526	61	10063	120	0	10770
4650	244	10041	404	126	0	10815
4651	170	386	162	9745	0	10463
4652	123	157	9965	422	0	10667
4653	134	10138	385	185	0	10842
4654	139	403	133	9246	0	9921
4655	118	9549	96	350	0	10113
4656	117	361	9339	163	0	9980
4657	96	157	9564	138	0	9955
4658	114	122	434	9390	0	10060
4659	9617	73	170	385	0	10245
4660	406	73	103	9641	0	10223
4661	9573	65	73	429	0	10140
4662	435	86	78	9591	0	10190
4663	214	66	9482	431	0	10193
4664	9167	77	373	220	0	9837
4665	391	67	9593	150	0	10201
4666	9636	69	399	133	0	10237
4667	442	63	179	9349	0	10033
4668	187	9565	138	393	0	10283
4669	148	344	89	9529	0	10110
4670	118	9858	77	423	0	10476
4671	145	372	99	9193	0	9809
4672	121	9879	90	385	0	10475
4673	9734	375	96	207	0	10412
4674	9942	152	84	153	0	10331
4675	9958	105	90	134	0	10287
4676	549	73	9584	111	0	10317
4677	263	79	369	9607	0	10318
4678	193	64	9776	397	0	10430
4679	135	9219	429	189	0	9972
4680	136	9895	199	128	0	10358
4681	9546	425	128	112	0	10211
4682	421	173	9645	96	0	10335
4683	207	9488	385	115	0	10195
4684	148	389	158	9631	0	10326
4685	9496	154	121	437	0	10208
4686	388	9756	102	195	0	10441
4687	9906	385	94	154	0	10539
4688	440	177	9884	119	0	10620
4689	230	108	374	10038	0	10750
4690	159	67	175	10385	0	10786
4691	129	70	112	10712	0	11023
4692	118	10450	106	542	0	11216
4693	155	400	101	9910	0	10566
4694	126	143	10648	492	0	11409
4695	141	103	404	10383	0	11031
4696	128	63	184	10818	0	11193
4697	157	58	128	10661	0	11004
4698	129	10336	106	515	0	11086
4699	147	364	95	10360	0	10966
4700	149	137	85	10448	0	10819
4701	88	9538	84	466	0	10176
4702	8369	220	55	138	0	8782
4703	232	8357	48	94	0	8731
4704	83	8375	39	73	0	8570
4705	81	307	51	8239	0	8678
4706	62	106	8201	230	0	8599
4707	7355	58	217	110	0	7740
4708	202	42	67	7871	0	8182
4709	72	32	7649	223	0	7976
4710	45	7657	200	97	0	7999
4711	40	205	83	7713	0	8041
4712	42	76	7804	234	0	8156
4713	34	51	204	7456	0	7745
4714	47	62	71	7641	0	7821
4715	7365	37	43	267	0	7712
4716	197	7329	43	115	0	7684
4717	7371	196	35	72	0	7674
4718	219	74	7437	55	0	7785
4719	89	7494	191	56	0	7830
4720	52	194	7660	60	0	7966
4721	40	126	205	7677	0	8048
4722	7713	33	68	249	0	8063
4723	194	37	46	7670	0	7947
4724	7718	32	28	221	0	7999
4725	7877	29	29	94	0	8029
4726	235	28	35	7897	0	8195
4727	95	30	8196	227	0	8548
4728	60	36	8581	93	0	8770
4729	48	20	248	8817	0	9133
4730	49	26	92	9047	0	9214
4731	8884	15	55	304	0	9258
4732	228	28	37	8787	0	9080
4733	97	8576	43	250	0	8966
4734	73	217	35	8873	0	9198
4735	52	93	32	9025	0	9202
4736	8715	49	41	324	0	9129
4737	214	8785	33	147	0	9179
4738	89	230	25	8956	0	9300
4739	77	87	19	8906	0	9089
4740	47	8770	35	315	0	9167
4741	48	222	25	8965	0	9260
4742	54	99	29	8913	0	9095
4743	38	8629	39	330	0	9036
4744	34	220	36	8822	0	9112
4745	47	81	28	8779	0	8935
4746	21	8604	39	339	0	9003
4747	43	225	20	8799	0	9087
4748	8554	89	25	321	0	8989
4749	8690	72	22	147	0	8931
4750	8450	55	26	129	0	8660
4751	8550	53	17	118	0	8738
4752	283	8116	34	92	0	8525
4753	7719	193	12	96	0	8020
4754	213	7465	11	96	0	7785
4755	84	7570	17	72	0	7743
4756	80	218	19	7559	0	7876
4757	45	86	7538	193	0	7862
4758	7111	55	146	112	0	7424
4759	7512	37	51	101	0	7701
4760	202	43	7732	72	0	8049
4761	7651	32	145	96	0	7924
4762	8101	38	50	75	0	8264
4763	224	7708	39	70	0	8041
4764	8641	166	24	114	0	8945
4765	222	72	26	8546	0	8866
4766	96	66	26	8647	0	8835
4767	86	35	26	8729	0	8876
4768	78	50	23	8717	0	8868
4769	8658	41	20	276	0	8995
4770	199	43	21	8538	0	8801
4771	110	47	17	8655	0	8829
4772	84	39	8294	265	0	8682
4773	7384	39	155	165	0	7743
4774	8318	42	60	114	0	8534
4775	8364	40	41	110	0	8555
4776	247	8121	33	97	0	8498
4777	102	8381	28	96	0	8607
4778	8353	199	18	99	0	8669
4779	214	82	29	8321	0	8646
4780	113	8552	18	209	0	8892
4781	99	175	15	8479	0	8768
4782	69	8534	22	232	0	8857
4783	8564	202	19	122	0	8907
4784	199	8655	18	119	0	8991
4785	118	190	19	8584	0	8911
4786	90	89	15	8890	0	9084
4787	74	64	8773	245	0	9156
4788	70	9208	170	140	0	9588
4789	89	271	59	9496	0	9915
4790	66	106	9739	293	0	10204
4791	66	89	9752	159	0	10066
4792	61	49	346	9921	0	10377
4793	82	54	147	9950	0	10233
4794	63	9519	81	415	0	10078
4795	54	10118	47	225	0	10444
4796	64	397	48	10148	0	10657
4797	10049	188	41	372	0	10650
4798	328	109	28	10651	0	11116
4799	10707	76	20	459	0	11262
4800	11264	85	24	212	0	11585
4801	11478	68	26	175	0	11747
4802	540	71	11238	118	0	11967
4803	11190	58	327	146	0	11721
4804	462	54	145	11293	0	11954
4805	248	47	84	11507	0	11886
4806	176	49	11169	516	0	11910
4807	108	55	11201	287	0	11651
4808	122	93	430	10827	0	11472
4809	102	10573	209	404	0	11288
4810	101	11140	91	218	0	11550
4811	117	420	63	11111	0	11711
4812	10943	211	58	417	0	11629
4813	382	107	52	11034	0	11575
4814	211	69	46	11039	0	11365
4815	145	10914	56	502	0	11617
4816	97	339	54	11292	0	11782
4817	107	169	11100	449	0	11825
4818	78	113	10573	261	0	11025
4819	10340	69	421	188	0	11018
4820	328	10819	222	137	0	11506
4821	10832	321	124	119	0	11396
4822	10972	156	69	122	0	11319
4823	453	113	55	10343	0	10964
4824	229	10761	47	335	0	11372
4825	136	355	52	11015	0	11558
4826	10887	161	48	400	0	11496
4827	353	10499	44	225	0	11121
4828	10064	305	25	167	0	10561
4829	349	10119	33	85	0	10586
4830	10259	350	35	118	0	10762
4831	10410	165	39	80	0	10694
4832	422	10065	42	94	0	10623
4833	246	316	26	10177	0	10765
4834	10245	190	24	323	0	10782
4835	376	88	9804	165	0	10433
4836	213	70	9833	104	0	10220
4837	132	171	366	9694	0	10363
4838	9936	55	161	333	0	10485
4839	335	63	83	10008	0	10489
4840	10065	43	57	392	0	10557
4841	374	61	10062	179	0	10676
4842	10235	54	278	135	0	10702
4843	10940	55	132	93	0	11220
4844	443	53	84	10636	0	11216
4845	282	45	55	10803	0	11185
4846	140	62	54	10861	0	11117
4847	111	10642	43	473	0	11269
4848	124	277	53	10741	0	11195
4849	95	126	53	11199	0	11473
4850	10896	79	61	467	0	11503
4851	10998	61	50	268	0	11377
4852	444	53	10690	176	0	11363
4853	10521	40	288	159	0	11008
4854	406	53	10753	113	0	11325
4855	10059	39	334	134	0	10566
4856	403	53	10582	93	0	11131
4857	224	45	10434	91	0	10794
4858	181	37	384	10212	0	10814
4859	98	40	10424	351	0	10913
4860	9887	45	356	220	0	10508
4861	318	43	170	10494	0	11025
4862	10612	34	107	374	0	11127
4863	10798	43	77	218	0	11136
4864	10199	44	70	127	0	10440
4865	10118	36	74	108	0	10336
4866	510	26	9833	89	0	10458
4867	301	23	278	9783	0	10385
4868	181	29	10037	310	0	10557
4869	161	53	321	9913	0	10448
4870	9965	22	171	376	0	10534
4871	325	40	131	10144	0	10640
4872	10242	31	75	399	0	10747
4873	387	33	79	10322	0	10821
4874	228	31	51	10551	0	10861
4875	10370	30	59	439	0	10898
4876	339	10134	71	250	0	10794
4877	10303	260	54	145	0	10762
4878	361	10172	47	110	0	10690
4879	223	293	34	10289	0	10839
4880	10159	138	51	312	0	10660
4881	325	97	10047	182	0	10651
4882	216	42	264	10201	0	10723
4883	10141	42	144	350	0	10677
4884	10519	38	84	188	0	10829
4885	504	42	44	10312	0	10902
4886	276	10306	59	355	0	10996
4887	148	10481	44	189	0	10862
4888	114	502	28	9625	0	10269
4889	9775	144	20	316	0	10255
4890	285	9269	23	131	0	9708
4891	111	9153	13	65	0	9342
4892	8899	256	8	33	0	9196
4893	202	8921	11	39	0	9173
4894	9128	225	22	25	0	9400
4895	285	98	12	8928	0	9323
4896	125	42	2	8958	0	9127
4897	49	8734	8	284	0	9075
4898	28	8703	12	112	0	8855
4899	8066	254	7	44	0	8371
4900	199	8311	10	29	0	8549
4901	77	9079	2	25	0	9183
4902	36	313	3	9074	0	9426
4903	9205	129	2	272	0	9608
4904	281	73	9668	121	0	10143
4905	9642	35	310	69	0	10056
4906	392	17	151	10360	0	10920
4907	184	25	10544	371	0	11124
4908	88	26	10854	189	0	11157
4909	45	18	536	10881	0	11480
4910	43	29	11398	401	0	11871
4911	10891	21	478	235	0	11625
4912	11510	22	235	121	0	11888
4913	593	25	11506	64	0	12188
4914	292	26	453	11265	0	12036
4915	141	19	242	11444	0	11846
4916	11651	17	131	622	0	12421
4917	451	25	82	11215	0	11773
4918	250	11187	70	474	0	11981
4919	11403	370	59	249	0	12081
4920	462	11196	55	139	0	11852
4921	260	11883	54	99	0	12296
4922	149	578	50	11589	0	12366
4923	99	274	52	11902	0	12327
4924	113	134	33	12043	0	12323
4925	85	79	11357	688	0	12209
4926	10489	71	413	365	0	11338
4927	433	11184	208	191	0	12016
4928	11513	447	109	139	0	12208
4929	11735	225	57	140	0	12157
4930	665	135	46	11287	0	12133
4931	346	11244	50	478	0	12118
4932	193	447	50	11703	0	12393
4933	132	248	43	12019	0	12442
4934	11803	153	41	686	0	12683
4935	11898	99	41	384	0	12422
4936	678	91	11270	222	0	12261
4937	11780	85	380	173	0	12418
4938	589	11976	175	143	0	12883
4939	12229	487	101	142	0	12959
4940	605	12748	70	119	0	13542
4941	362	567	47	12231	0	13207
4942	233	282	44	12462	0	13021
4943	173	12258	47	687	0	13165
4944	157	546	52	12626	0	13381
4945	132	282	44	12854	0	13312
4946	143	174	36	12729	0	13082
4947	138	12314	37	817	0	13306
4948	139	521	40	12695	0	13395
4949	135	283	46	12880	0	13344
4950	125	201	42	13062	0	13430
4951	122	152	12191	884	0	13349
4952	11647	132	468	514	0	12761
4953	553	119	12266	309	0	13247
4954	12178	109	565	255	0	13107
4955	642	106	12433	224	0	13405
4956	12270	109	585	223	0	13187
4957	12791	107	292	211	0	13401
4958	824	94	12447	181	0	13546
4959	457	99	537	12339	0	13432
4960	276	122	11840	590	0	12828
4961	11546	78	573	399	0	12596
4962	626	97	12591	286	0	13600
4963	374	93	12468	214	0	13149
4964	12202	79	749	212	0	13242
4965	612	12363	424	217	0	13616
4966	389	492	247	12714	0	13842
4967	12983	280	194	612	0	14069
4968	667	159	189	13051	0	14066
4969	428	114	154	13534	0	14230
4970	13105	93	165	824	0	14187
4971	13295	82	154	474	0	14005
4972	856	91	12699	314	0	13960
4973	479	81	12877	264	0	13701
4974	312	77	769	12821	0	13979
4975	238	74	13216	685	0	14213
4976	232	81	654	13074	0	14041
4977	227	78	388	13106	0	13799
4978	217	102	241	13778	0	14338
4979	12971	86	159	979	0	14195
4980	616	13178	192	532	0	14518
4981	13356	504	99	413	0	14372
4982	13512	272	138	332	0	14254
4983	821	13195	123	300	0	14439
4984	13075	464	90	287	0	13916
4985	649	281	12750	207	0	13887
4986	420	163	417	12603	0	13603
4987	12909	139	244	572	0	13864
4988	563	137	12388	336	0	13424
4989	12415	93	411	276	0	13195
4990	560	13107	221	221	0	14109
4991	14811	388	163	237	0	15599
4992	15191	219	146	184	0	15740
4993	929	15042	104	193	0	16268
4994	15789	589	112	163	0	16653
4995	943	312	111	15645	0	17011
4996	537	248	82	16201	0	17068
4997	15770	160	95	875	0	16900
4998	15530	120	70	532	0	16252
4999	952	15341	60	388	0	16741
5000	535	15609	75	267	0	16486
5001	337	735	60	14404	0	15536
5002	241	14671	64	518	0	15494
5003	192	15333	67	292	0	15884
5004	14063	631	74	200	0	14968
5005	504	14378	55	132	0	15069
5006	13664	553	33	81	0	14331
5007	513	14282	40	80	0	14915
5008	268	497	13929	79	0	14773
5009	200	14293	351	76	0	14920
5010	13965	518	181	99	0	14763
5011	13964	194	125	65	0	14348
5012	514	162	13753	43	0	14472
5013	297	90	365	12974	0	13726
5014	235	56	151	14010	0	14452
5015	131	75	13730	486	0	14422
5016	103	43	408	13300	0	13854
5017	67	60	13588	542	0	14257
5018	76	55	13181	245	0	13557
5019	12833	51	510	200	0	13594
5020	392	13343	274	118	0	14127
5021	13330	366	188	64	0	13948
5022	541	168	88	13284	0	14081
5023	291	147	13444	356	0	14238
5024	214	130	350	12971	0	13665
5025	148	13432	161	425	0	14166
5026	13646	343	145	223	0	14357
5027	13812	156	101	178	0	14247
5028	545	134	45	13687	0	14411
5029	302	102	13339	379	0	14122
5030	12823	62	371	198	0	13454
5031	469	13325	140	158	0	14092
5032	13463	385	136	112	0	14096
5033	558	174	81	13186	0	13999
5034	13355	168	39	379	0	13941
5035	583	132	26	13082	0	13823
5036	303	99	12958	490	0	13850
5037	236	65	12499	250	0	13050
5038	12199	61	442	266	0	12968
5039	421	12860	263	161	0	13705
5040	12901	344	173	99	0	13517
5041	13076	192	83	74	0	13425
5042	505	13107	41	47	0	13700
5043	13002	448	35	74	0	13559
5044	537	210	13602	90	0	14439
5045	243	215	331	13708	0	14497
5046	214	153	159	13726	0	14252
5047	164	103	132	14220	0	14619
5048	124	105	13773	561	0	14563
5049	140	86	13792	306	0	14324
5050	123	96	465	13714	0	14398
5051	100	13469	272	366	0	14207
5052	122	14169	184	180	0	14655
5053	14158	489	106	163	0	14916
5054	14351	272	85	126	0	14834
5055	488	14696	80	123	0	15387
5056	302	432	65	14985	0	15784
5057	222	201	71	15287	0	15781
5058	15313	154	99	574	0	16140
5059	441	111	91	15722	0	16365
5060	247	68	127	15770	0	16212
5061	229	91	109	15939	0	16368
5062	202	103	14585	627	0	15517
5063	164	124	13441	372	0	14101
5064	14360	64	486	291	0	15201
5065	458	57	283	15343	0	16141
5066	239	57	15220	462	0	15978
5067	198	80	14616	267	0	15161
5068	14527	88	545	235	0	15395
5069	526	76	16719	140	0	17461
5070	282	16819	576	141	0	17818
5071	215	440	287	18268	0	19210
5072	190	224	18189	547	0	19150
5073	17902	193	577	273	0	18945
5074	627	151	253	19301	0	20332
5075	347	63	19074	664	0	20148
5076	248	63	620	19264	0	20195
5077	196	62	285	19721	0	20264
5078	19487	51	237	909	0	20684
5079	650	19501	204	461	0	20816
5080	337	570	159	19583	0	20649
5081	19649	253	121	707	0	20730
5082	20023	218	91	359	0	20691
5083	20160	129	92	270	0	20651
5084	20466	85	101	185	0	20837
5085	1067	107	85	19660	0	20919
5086	19464	54	110	713	0	20341
5087	19760	80	121	367	0	20328
5088	18726	64	87	378	0	19255
5089	19213	52	88	293	0	19646
5090	1000	17775	110	210	0	19095
5091	261	16456	44	91	0	16852
5092	172	456	39	16209	0	16876
5093	117	16040	38	395	0	16590
5094	15971	420	48	178	0	16617
5095	451	130	32	15903	0	16516
5096	15879	70	30	393	0	16372
5097	16270	44	30	216	0	16560
5098	533	67	34	16451	0	17085
5099	264	55	42	16452	0	16813
5100	175	16277	39	486	0	16977
5101	16371	331	36	250	0	16988
5102	439	16227	49	137	0	16852
5103	16516	357	23	145	0	17041
5104	469	143	32	16588	0	17232
5105	265	87	16247	395	0	16994
5106	15983	78	315	212	0	16588
5107	15519	58	126	184	0	15887
5108	536	88	15200	106	0	15930
5109	295	74	15168	97	0	15634
5110	223	66	415	14770	0	15474
5111	16101	62	162	431	0	16756
5112	16729	53	73	244	0	17099
5113	17070	62	65	188	0	17385
5114	17327	59	59	139	0	17584
5115	654	16803	48	121	0	17626
5116	17681	396	53	156	0	18286
5117	583	175	70	17312	0	18140
5118	313	117	61	17582	0	18073
5119	238	75	48	18252	0	18613
5120	225	69	54	18539	0	18887
5121	18078	63	70	697	0	18908
5122	586	62	72	18919	0	19639
5123	307	75	18364	619	0	19365
5124	269	55	478	18790	0	19592
5125	227	40	189	19211	0	19667
5126	220	53	120	19144	0	19537
5127	237	55	74	19119	0	19485
5128	18434	47	53	852	0	19386
5129	637	18089	71	381	0	19178
5130	335	18558	68	247	0	19208
5131	236	638	91	18461	0	19426
5132	18176	255	84	623	0	19138
5133	18949	135	57	387	0	19528
5134	768	86	79	18899	0	19832
5135	396	68	18237	694	0	19395
5136	18370	93	514	367	0	19344
5137	718	70	190	19254	0	20232
5138	351	107	18922	696	0	20076
5139	18033	72	563	421	0	19089
5140	705	18736	193	337	0	19971
5141	21146	549	117	234	0	22046
5142	942	21553	70	235	0	22800
5143	570	825	62	21472	0	22929
5144	369	21763	60	890	0	23082
5145	314	972	44	22294	0	23624
5146	21235	455	62	1174	0	22926
5147	938	21603	57	636	0	23234
5148	560	867	21267	401	0	23095
5149	402	466	769	21553	0	23190
5150	295	256	21719	970	0	23240
5151	284	176	962	21269	0	22691
5152	263	132	465	22379	0	23239
5153	220	137	21326	1337	0	23020
5154	19161	94	860	859	0	20974
5155	1001	137	20831	454	0	22423
5156	552	130	20725	302	0	21709
5157	378	20630	1161	258	0	22427
5158	272	843	585	20482	0	22182
5159	220	487	317	21034	0	22058
5160	216	308	167	20448	0	21139
5161	193	172	141	21596	0	22102
5162	201	134	20054	1539	0	21928
5163	18873	131	831	878	0	20713
5164	913	99	20435	521	0	21968
5165	534	97	1030	19890	0	21551
5166	19650	100	528	1016	0	21294
5167	887	19695	344	676	0	21602
5168	512	861	206	19316	0	20895
5169	18152	413	173	989	0	19727
5170	902	17349	157	588	0	18996
5171	424	17469	124	351	0	18368
5172	17029	957	150	251	0	18387
5173	785	17227	113	204	0	18329
5174	16398	851	110	227	0	17586
5175	824	16879	109	208	0	18020
5176	16952	848	107	192	0	18099
5177	17318	424	64	192	0	17998
5178	1014	17018	102	225	0	18359
5179	582	712	93	16857	0	18244
5180	378	405	16492	743	0	18018
5181	16317	277	681	449	0	17724
5182	791	191	369	16349	0	17700
5183	456	15689	221	805	0	17171
5184	282	16729	135	490	0	17636
5185	212	908	98	16738	0	17956
5186	16472	503	79	806	0	17860
5187	740	327	16219	480	0	17766
5188	467	177	666	16610	0	17920
5189	320	158	379	17019	0	17876
5190	213	136	232	17525	0	18106
5191	186	118	174	16965	0	17443
5192	170	16166	114	1237	0	17687
5193	162	709	82	16961	0	17914
5194	177	422	16091	1025	0	17715
5195	154	288	16141	576	0	17159
5196	137	230	16724	381	0	17472
5197	171	187	1098	15964	0	17420
5198	15532	163	603	836	0	17134
5199	750	129	15680	516	0	17075
5200	474	139	15981	343	0	16937
5201	330	151	1022	15465	0	16968
5202	15417	133	573	890	0	17013
5203	752	15477	354	522	0	17105
5204	15616	742	230	453	0	17041
5205	937	429	196	15493	0	17055
5206	541	309	15626	864	0	17340
5207	375	254	720	15102	0	16451
5208	223	15637	429	934	0	17223
5209	16398	743	326	559	0	18026
5210	814	428	16344	406	0	17992
5211	405	16090	775	298	0	17568
5212	16058	821	510	313	0	17702
5213	877	465	314	15987	0	17643
5214	517	280	230	16661	0	17688
5215	16327	162	217	1196	0	17902
5216	16604	152	206	747	0	17709
5217	17407	147	185	438	0	18177
5218	1379	132	145	16195	0	17851
5219	748	15744	161	959	0	17612
5220	16218	741	131	595	0	17685
5221	912	16232	135	435	0	17714
5222	15531	860	134	284	0	16809
5223	964	15316	147	195	0	16622
5224	569	868	127	14908	0	16472
5225	15070	487	137	781	0	16475
5226	15469	333	102	509	0	16413
5227	15836	216	75	361	0	16488
5228	16013	188	73	289	0	16563
5229	16091	138	73	260	0	16562
5230	1387	170	14746	202	0	16505
5231	835	157	664	14767	0	16423
5232	519	161	14992	742	0	16414
5233	382	148	15066	478	0	16074
5234	14577	163	1009	306	0	16055
5235	15149	146	584	215	0	16094
5236	15375	152	288	181	0	15996
5237	1324	150	175	14248	0	15897
5238	14474	147	107	757	0	15485
5239	1026	13824	113	492	0	15455
5240	701	14197	100	328	0	15326
5241	317	12848	59	158	0	13382
5242	11493	582	90	138	0	12303
5243	530	11778	58	123	0	12489
5244	11662	448	44	102	0	12256
5245	11793	225	50	108	0	12176
5246	663	113	11364	87	0	12227
5247	379	83	421	11190	0	12073
5248	253	83	189	12031	0	12556
5249	11902	60	116	578	0	12656
5250	12098	69	86	281	0	12534
5251	683	62	89	11778	0	12612
5252	378	77	11522	519	0	12496
5253	284	55	11799	269	0	12407
5254	228	79	546	11758	0	12611
5255	227	72	225	11858	0	12382
5256	200	80	105	12349	0	12734
5257	11553	80	99	660	0	12392
5258	11848	93	75	328	0	12344
5259	715	11502	62	198	0	12477
5260	379	464	68	11487	0	12398
5261	274	214	76	11678	0	12242
5262	233	11649	62	622	0	12566
5263	239	457	90	11837	0	12623
5264	11818	230	77	587	0	12712
5265	609	113	75	11786	0	12583
5266	379	90	85	12130	0	12684
5267	11690	95	68	696	0	12549
5268	11831	74	66	380	0	12351
5269	11970	72	84	259	0	12385
5270	788	144	91	11351	0	12374
5271	418	67	10790	511	0	11786
5272	310	77	10707	288	0	11382
5273	271	80	10697	207	0	11255
5274	255	10343	545	160	0	11303
5275	10076	411	291	189	0	10967
5276	502	210	9848	150	0	10710
5277	9566	115	378	137	0	10196
5278	525	68	195	9640	0	10428
5279	8891	114	129	461	0	9595
5280	9934	83	88	291	0	10396
5281	569	9866	76	188	0	10699
5282	10199	353	67	152	0	10771
5283	10262	181	71	182	0	10696
5284	638	9984	85	177	0	10884
5285	368	345	88	10244	0	11045
5286	261	189	10162	419	0	11031
5287	232	111	361	10097	0	10801
5288	200	79	209	10400	0	10888
5289	10218	99	121	585	0	11023
5290	506	67	96	10108	0	10777
5291	318	10234	102	460	0	11114
5292	230	403	69	10347	0	11049
5293	206	197	76	10646	0	11125
5294	221	115	10175	598	0	11109
5295	214	9785	344	366	0	10709
5296	222	10370	175	225	0	10992
5297	9961	489	93	192	0	10735
5298	463	10455	82	176	0	11176
5299	291	441	86	10356	0	11174
5300	234	226	10357	452	0	11269
5301	173	10482	406	318	0	11379
5302	10588	419	215	211	0	11433
5303	474	225	145	10561	0	11405
5304	330	132	114	10928	0	11504
5305	216	104	10567	633	0	11520
5306	198	104	381	10319	0	11002
5307	206	83	214	10845	0	11348
5308	10385	86	114	664	0	11249
5309	9646	95	84	338	0	10163
5310	603	9377	64	226	0	10270
5311	8711	305	58	164	0	9238
5312	390	8451	58	165	0	9064
5313	220	290	62	7897	0	8469
5314	166	7955	57	336	0	8514
5315	141	8403	56	200	0	8800
5316	7947	321	101	157	0	8526
5317	7856	156	45	151	0	8208
5318	344	7650	45	136	0	8175
5319	7765	250	54	110	0	8179
5320	7786	127	48	137	0	8098
5321	8137	87	49	134	0	8407
5322	375	61	52	8110	0	8598
5323	8154	96	42	290	0	8582
5324	346	79	7697	154	0	8276
5325	7644	87	210	114	0	8055
5326	328	97	8029	106	0	8560
5327	194	66	238	8118	0	8616
5328	138	82	111	8488	0	8819
5329	117	78	8241	323	0	8759
5330	7838	66	226	171	0	8301
5331	8370	72	103	129	0	8674
5332	368	46	8693	120	0	9227
5333	206	49	241	8529	0	9025
5334	166	40	126	8619	0	8951
5335	122	44	70	9031	0	9267
5336	8725	28	63	380	0	9196
5337	8790	45	73	191	0	9099
5338	374	67	58	8380	0	8879
5339	161	8023	52	230	0	8466
5340	105	7894	51	124	0	8174
5341	7455	188	40	107	0	7790
5342	190	7465	38	85	0	7778
5343	96	7481	27	79	0	7683
5344	63	136	16	6790	0	7005
5345	61	47	6765	116	0	6989
5346	44	6674	101	48	0	6867
5347	41	153	36	6610	0	6840
5348	27	6637	16	89	0	6769
5349	33	102	17	6607	0	6759
5350	6597	36	21	108	0	6762
5351	73	6650	20	46	0	6789
5352	6722	82	13	37	0	6854
5353	6517	30	12	41	0	6600
5354	105	28	6416	20	0	6569
5355	6257	16	71	32	0	6376
5356	96	21	25	6574	0	6716
5357	41	22	6674	80	0	6817
5358	29	6565	70	49	0	6713
5359	45	80	21	6519	0	6665
5360	27	27	17	6649	0	6720
5361	6663	16	12	96	0	6787
5362	83	16	10	6637	0	6746
5363	43	11	7	6602	0	6663
5364	6583	22	13	107	0	6725
5365	85	6539	8	45	0	6677
5366	6500	73	12	35	0	6620
5367	89	47	6469	31	0	6636
5368	5741	19	67	43	0	5870
5369	80	24	6610	29	0	6743
5370	48	6796	66	24	0	6934
5371	6849	80	35	22	0	6986
5372	6583	32	13	38	0	6666
5373	99	26	6719	22	0	6866
5374	55	23	6803	25	0	6906
5375	48	18	7019	25	0	7110
5376	27	7427	132	19	0	7605
5377	36	123	40	7614	0	7813
5378	35	48	8275	126	0	8484
5379	32	32	8018	44	0	8126
5380	46	23	224	8069	0	8362
5381	29	20	8363	188	0	8600
5382	7882	14	214	94	0	8204
5383	9178	11	86	56	0	9331
5384	318	21	9045	30	0	9414
5385	143	8922	250	29	0	9344
5386	87	233	105	8963	0	9388
5387	50	96	9239	249	0	9634
5388	31	9011	249	116	0	9407
5389	69	262	120	9062	0	9513
5390	9126	104	76	279	0	9585
5391	9229	58	32	136	0	9455
5392	320	9346	34	75	0	9775
5393	156	238	30	9455	0	9879
5394	80	108	33	9629	0	9850
5395	60	62	33	9462	0	9617
5396	58	25	28	9712	0	9823
5397	40	27	9357	403	0	9827
5398	34	31	243	9245	0	9553
5399	21	19	9167	322	0	9529
5400	22	8874	269	143	0	9308
5401	8816	235	116	99	0	9266
5402	216	9314	62	69	0	9661
5403	105	249	38	9375	0	9767
5404	64	100	17	9502	0	9683
5405	9354	60	21	346	0	9781
5406	248	41	17	9434	0	9740
5407	110	9150	18	280	0	9558
5408	62	206	21	9520	0	9809
5409	26	117	25	9573	0	9741
5410	9347	60	15	339	0	9761
5411	233	43	9046	161	0	9483
5412	108	8875	179	96	0	9258
5413	70	9409	80	46	0	9605
5414	40	247	42	9188	0	9517
5415	9021	122	19	225	0	9387
5416	191	8954	11	132	0	9288
5417	90	209	11	9134	0	9444
5418	60	102	8928	228	0	9318
5419	41	65	196	8893	0	9195
5420	8985	32	83	268	0	9368
5421	8807	29	46	124	0	9006
5422	281	31	22	8731	0	9065
5423	8907	26	16	247	0	9196
5424	8764	22	22	138	0	8946
5425	294	24	8616	86	0	9020
5426	8191	24	196	56	0	8467
5427	258	8609	89	49	0	9005
5428	8700	211	56	51	0	9018
5429	275	97	8506	33	0	8911
5430	131	67	215	8564	0	8977
5431	8854	25	103	250	0	9232
5432	265	23	8182	116	0	8586
5433	139	17	8341	74	0	8571
5434	102	13	303	8151	0	8569
5435	52	12	8570	243	0	8877
5436	8288	21	284	125	0	8718
5437	268	26	8743	70	0	9107
5438	131	17	297	8746	0	9191
5439	81	23	144	9125	0	9373
5440	9423	24	83	382	0	9912
5441	312	20	9508	178	0	10018
5442	145	22	10183	93	0	10443
5443	94	17	435	10745	0	11291
5444	57	25	11012	395	0	11489
5445	10643	12	451	171	0	11277
5446	393	15	205	10875	0	11488
5447	160	16	11006	411	0	11593
5448	114	21	421	10838	0	11394
5449	79	15	199	11193	0	11486
5450	11058	12	130	528	0	11728
5451	419	34	11020	242	0	11715
5452	10577	29	408	179	0	11193
5453	462	31	11309	112	0	11914
5454	11000	29	482	111	0	11622
5455	11330	38	198	107	0	11673
5456	11446	33	130	108	0	11717
5457	571	10878	89	113	0	11651
5458	11245	363	68	97	0	11773
5459	11417	140	52	111	0	11720
5460	559	76	73	11085	0	11793
5461	277	33	10973	451	0	11734
5462	10527	28	399	250	0	11204
5463	448	30	11365	149	0	11992
5464	249	25	459	11055	0	11788
5465	177	30	209	11720	0	12136
5466	11479	41	132	542	0	12194
5467	442	11573	103	254	0	12372
5468	263	385	64	11517	0	12229
5469	194	154	60	11930	0	12338
5470	109	109	11538	592	0	12348
5471	139	46	400	11424	0	12009
5472	136	21	180	11892	0	12229
5473	135	37	131	11506	0	11809
5474	85	11180	74	611	0	11950
5475	10893	347	79	274	0	11593
5476	10943	147	64	199	0	11353
5477	489	10819	82	158	0	11548
5478	10169	285	48	133	0	10635
5479	390	137	55	10580	0	11162
5480	187	76	11022	361	0	11646
5481	116	10982	325	204	0	11627
5482	84	11642	144	155	0	12025
5483	11360	314	87	97	0	11858
5484	12135	114	56	77	0	12382
5485	484	65	53	12076	0	12678
5486	213	38	53	12379	0	12683
5487	147	38	53	12431	0	12669
5488	11990	36	57	549	0	12632
5489	428	41	11696	234	0	12399
5490	11799	29	374	170	0	12372
5491	460	41	152	11980	0	12633
5492	232	42	106	11823	0	12203
5493	156	11830	78	490	0	12554
5494	133	337	65	12176	0	12711
5495	128	131	53	12456	0	12768
5496	122	81	12122	528	0	12853
5497	135	12188	356	248	0	12927
5498	12416	354	165	188	0	13123
5499	11917	146	105	173	0	12341
5500	12827	85	78	147	0	13137
5501	12764	57	81	135	0	13037
5502	561	59	12044	112	0	12776
5503	11904	48	376	145	0	12473
5504	499	55	12227	134	0	12915
5505	263	41	406	11658	0	12368
5506	181	12133	176	415	0	12905
5507	173	367	110	12314	0	12964
5508	149	132	98	12634	0	13013
5509	134	95	12299	556	0	13084
5510	11652	64	407	294	0	12417
5511	12228	66	187	199	0	12680
5512	543	11959	133	173	0	12808
5513	277	368	12020	181	0	12846
5514	202	161	404	12202	0	12969
5515	179	110	12243	467	0	12999
5516	151	88	12097	256	0	12592
5517	167	83	490	12211	0	12951
5518	173	74	12304	474	0	13025
5519	191	81	435	12249	0	12956
5520	210	54	12567	512	0	13343
5521	189	82	456	12564	0	13291
5522	12593	78	203	578	0	13452
5523	12771	60	167	315	0	13313
5524	12778	70	105	266	0	13219
5525	12571	81	136	220	0	13008
5526	591	12386	100	212	0	13289
5527	300	399	111	12345	0	13155
5528	238	165	90	12717	0	13210
5529	196	110	12330	605	0	13241
5530	176	83	411	12270	0	12940
5531	143	86	12236	581	0	13046
5532	164	75	11895	300	0	12434
5533	11342	88	493	250	0	12173
5534	435	12227	218	217	0	13097
5535	12363	369	143	219	0	13094
5536	12389	155	125	199	0	12868
5537	587	12336	106	191	0	13220
5538	12314	349	126	179	0	12968
5539	506	146	12151	183	0	12986
5540	244	11939	369	145	0	12697
5541	11813	308	189	185	0	12495
5542	374	137	11133	143	0	11787
5543	10124	103	251	136	0	10614
5544	306	10756	128	139	0	11329
5545	10785	237	87	149	0	11258
5546	10727	122	94	102	0	11045
5547	375	10418	84	81	0	10958
5548	182	10425	64	107	0	10778
5549	122	10882	103	70	0	11177
5550	107	322	82	10863	0	11374
5551	94	130	85	10964	0	11273
5552	11044	85	90	352	0	11571
5553	10830	46	93	169	0	11138
5554	352	51	10680	138	0	11221
5555	168	56	10233	118	0	10575
5556	134	50	10752	103	0	11039
5557	114	35	391	10708	0	11248
5558	124	28	11017	315	0	11484
5559	142	37	341	10825	0	11345
5560	11003	40	141	339	0	11523
5561	362	46	10951	147	0	11506
5562	10723	51	319	129	0	11222
5563	10877	56	132	113	0	11178
5564	404	45	10878	112	0	11439
5565	170	10980	336	93	0	11579
5566	126	268	153	10899	0	11446
5567	93	104	11153	344	0	11694
5568	87	69	381	10619	0	11156
5569	113	42	164	11838	0	12157
5570	11547	49	118	420	0	12134
5571	368	67	95	11498	0	12028
5572	204	54	11419	372	0	12049
5573	143	50	340	11477	0	12010
5574	11579	58	160	382	0	12179
5575	371	11654	103	153	0	12281
5576	11822	318	102	110	0	12352
5577	413	190	119	11660	0	12382
5578	229	90	11719	328	0	12366
5579	151	54	11367	151	0	11723
5580	148	63	11121	91	0	11423
5581	93	10518	378	58	0	11047
5582	10206	336	215	65	0	10822
5583	255	9854	58	42	0	10209
5584	9213	188	31	38	0	9470
5585	202	9146	17	21	0	9386
5586	64	192	16	9195	0	9467
5587	46	46	31	9307	0	9430
5588	21	33	26	9360	0	9440
5589	25	9200	27	222	0	9474
5590	29	179	23	9788	0	10019
5591	30	59	21	11153	0	11263
5592	11569	30	11	327	0	11937
5593	342	20	19	12082	0	12463
5594	82	22	12577	364	0	13045
5595	12243	17	379	119	0	12758
5596	12877	27	90	95	0	13089
5597	465	12925	62	83	0	13535
5598	13045	419	31	70	0	13565
5599	13505	120	30	69	0	13724
5600	587	65	27	13076	0	13755
5601	203	41	27	13534	0	13805
5602	131	27	42	13914	0	14114
5603	13488	20	28	622	0	14158
5604	13825	25	40	223	0	14113
5605	618	47	13297	126	0	14088
5606	13182	26	424	114	0	13746
5607	13698	36	129	77	0	13940
5608	13717	20	65	94	0	13896
5609	678	25	12950	83	0	13736
5610	253	33	13236	95	0	13617
5611	192	20	544	13185	0	13941
5612	149	28	13579	511	0	14267
5613	123	26	551	13173	0	13873
5614	195	36	178	12126	0	12535
5615	142	13437	128	509	0	14216
5616	13563	448	103	224	0	14338
5617	578	136	13643	135	0	14492
5618	13772	79	531	123	0	14505
5619	662	68	192	14103	0	15025
5620	13842	50	145	560	0	14597
5621	657	13468	102	230	0	14457
5622	268	14270	82	187	0	14807
5623	206	625	113	13915	0	14859
5624	194	194	72	14468	0	14928
5625	149	127	13891	707	0	14874
5626	181	67	552	14027	0	14827
5627	13451	56	194	709	0	14410
5628	626	13596	128	267	0	14617
5629	305	512	13552	179	0	14548
5630	240	206	572	13485	0	14503
5631	206	124	13771	613	0	14714
5632	178	87	617	13638	0	14520
5633	151	58	13876	706	0	14791
5634	123	59	13574	319	0	14075
5635	150	66	714	13394	0	14324
5636	13626	73	255	678	0	14632
5637	13791	89	193	264	0	14337
5638	13549	85	141	233	0	14008
5639	759	13365	140	192	0	14456
5640	13725	534	117	196	0	14572
5641	13821	179	131	170	0	14301
5642	763	124	13262	174	0	14323
5643	342	13171	550	185	0	14248
5644	255	547	225	13095	0	14122
5645	13056	192	144	621	0	14013
5646	642	13100	135	276	0	14153
5647	13530	584	128	246	0	14488
5648	13815	208	108	221	0	14352
5649	13791	147	104	187	0	14229
5650	13773	116	163	175	0	14227
5651	853	104	115	13194	0	14266
5652	13199	103	136	617	0	14055
5653	722	105	112	12901	0	13840
5654	317	12635	126	643	0	13721
5655	256	453	137	13046	0	13892
5656	12908	166	136	655	0	13865
5657	664	92	12814	311	0	13881
5658	382	97	516	12899	0	13894
5659	12794	76	218	629	0	13717
5660	703	12611	154	276	0	13744
5661	12864	487	121	232	0	13704
5662	13260	209	116	183	0	13768
5663	781	13167	111	179	0	14238
5664	13259	530	130	179	0	14098
5665	720	202	12599	145	0	13666
5666	360	131	12661	173	0	13325
5667	12311	110	585	172	0	13178
5668	672	126	12637	157	0	13592
5669	388	116	501	11615	0	12620
5670	319	11989	200	418	0	12926
5671	12351	462	143	185	0	13141
5672	650	11967	107	165	0	12889
5673	340	11821	137	158	0	12456
5674	278	514	115	12672	0	13579
5675	276	195	111	12781	0	13363
5676	201	161	114	12613	0	13089
5677	236	107	81	12797	0	13221
5678	193	114	12259	639	0	13205
5679	180	108	431	11948	0	12667
5680	191	102	176	12313	0	12782
5681	11966	110	143	605	0	12824
5682	523	97	134	11986	0	12740
5683	263	117	11573	563	0	12516
5684	11362	96	420	267	0	12145
5685	560	108	156	11780	0	12604
5686	275	107	12060	485	0	12927
5687	258	108	446	11709	0	12521
5688	197	12114	190	479	0	12980
5689	12203	383	165	225	0	12976
5690	479	144	11686	161	0	12470
5691	194	10250	332	116	0	10892
5692	9827	259	145	95	0	10326
5693	257	9149	92	76	0	9574
5694	113	8735	59	61	0	8968
5695	8625	199	105	73	0	9002
5696	196	8365	58	53	0	8672
5697	77	8407	29	59	0	8572
5698	90	161	77	8260	0	8588
5699	65	58	8110	128	0	8361
5700	59	8229	107	81	0	8476
5701	68	124	37	8098	0	8327
5702	38	8028	31	121	0	8218
5703	7960	87	14	75	0	8136
5704	113	33	7973	45	0	8164
5705	54	28	81	7936	0	8099
5706	8319	13	49	132	0	8513
5707	120	24	28	8478	0	8650
5708	59	21	8387	120	0	8587
5709	7764	23	94	58	0	7939
5710	8314	23	33	47	0	8417
5711	131	8725	27	42	0	8925
5712	62	108	19	8738	0	8927
5713	56	43	21	8920	0	9040
5714	8996	38	21	119	0	9174
5715	8757	32	24	53	0	8866
5716	137	32	8973	25	0	9167
5717	52	8835	93	35	0	9015
5718	8992	85	20	17	0	9114
5719	123	24	16	8938	0	9101
5720	36	27	9181	99	0	9343
5721	25	17	8716	32	0	8790
5722	24	22	100	8930	0	9076
5723	9175	11	15	90	0	9291
5724	73	8992	13	26	0	9104
5725	10006	75	16	41	0	10138
5726	86	19	5	10138	0	10248
5727	28	7	13	10213	0	10261
5728	16	14	5	10421	0	10456
5729	10443	13	5	108	0	10569
5730	76	10577	7	35	0	10695
5731	19	74	6	10799	0	10898
5732	16	21	7	10812	0	10856
5733	12	9	10644	94	0	10759
5734	24	12	73	10346	0	10455
5735	13	18	10816	83	0	10930
5736	10	10461	67	30	0	10568
5737	8	63	17	10686	0	10774
5738	10547	9	6	73	0	10635
5739	67	6	10375	19	0	10467
5740	17	7	79	10445	0	10548
5741	12	6	10381	71	0	10470
5742	9611	6	66	34	0	9717
5743	76	25	10427	13	0	10541
5744	26	5	69	9912	0	10012
5745	10332	6	18	74	0	10430
5746	79	9262	20	19	0	9380
5747	9876	64	7	22	0	9969
5748	69	9169	20	15	0	9273
5749	28	68	5	10016	0	10117
5750	20	18	9859	66	0	9963
5751	20	23	9483	38	0	9564
5752	16	13	72	9985	0	10086
5753	10414	11	31	86	0	10542
5754	10076	7	8	40	0	10131
5755	85	6	15	10160	0	10266
5756	20	5	9	10354	0	10388
5757	10200	6	8	87	0	10301
5758	75	9740	6	33	0	9854
5759	24	10468	5	24	0	10521
5760	10520	88	7	19	0	10634
5761	96	18	10360	19	0	10493
5762	29	16	85	10103	0	10233
5763	18	12	10032	92	0	10154
5764	21	10	88	9947	0	10066
5765	21	7	10089	96	0	10213
5766	24	16	9761	38	0	9839
5767	25	8	106	10121	0	10260
5768	9	9680	34	86	0	9809
5769	10327	89	21	34	0	10471
5770	99	10177	22	32	0	10330
5771	26	98	26	10427	0	10577
5772	10492	25	24	111	0	10652
5773	108	14	28	10651	0	10801
5774	10671	15	12	141	0	10839
5775	10586	14	24	41	0	10665
5776	10702	20	16	53	0	10791
5777	126	10380	20	41	0	10567
5778	10965	95	20	48	0	11128
5779	123	43	18	11296	0	11480
5780	11660	22	21	161	0	11864
5781	152	18	23	11987	0	12180
5782	11963	22	17	198	0	12200
5783	12157	15	27	85	0	12284
5784	209	12003	22	73	0	12307
5785	78	161	20	13263	0	13522
5786	52	49	15	13074	0	13190
5787	43	13611	22	275	0	13951
5788	41	274	16	14057	0	14388
5789	13917	88	15	358	0	14378
5790	14634	35	21	143	0	14833
5791	14323	34	23	101	0	14481
5792	423	21	14961	54	0	15459
5793	15289	21	283	80	0	15673
5794	16381	22	117	43	0	16563
5795	16477	17	44	63	0	16601
5796	504	16043	37	42	0	16626
5797	228	308	19	16380	0	16935
5798	111	155	19	16715	0	17000
5799	70	66	26	16555	0	16717
5800	75	34	15939	522	0	16570
5801	81	32	315	16191	0	16619
5802	16330	25	140	449	0	16944
5803	392	31	61	16552	0	17036
5804	212	17	33	17072	0	17334
5805	137	27	16632	526	0	17322
5806	96	16298	377	229	0	17000
5807	17100	352	148	137	0	17737
5808	422	163	58	17141	0	17784
5809	17281	64	36	442	0	17823
5810	464	64	16854	217	0	17599
5811	15752	40	362	174	0	16328
5812	448	16992	170	125	0	17735
5813	216	364	16856	101	0	17537
5814	128	155	17026	87	0	17396
5815	109	75	515	16107	0	16806
5816	85	46	17283	407	0	17821
5817	76	17190	409	203	0	17878
5818	90	328	168	17121	0	17707
5819	90	154	76	17562	0	17882
5820	86	74	53	17639	0	17852
5821	17132	45	56	560	0	17793
5822	368	17072	56	292	0	17788
5823	222	336	44	17566	0	18168
5824	132	174	53	17880	0	18239
5825	16898	73	51	551	0	17573
5826	389	16983	49	314	0	17735
5827	17367	357	68	170	0	17962
5828	17310	182	68	148	0	17708
5829	17198	88	50	160	0	17496
5830	575	51	16774	144	0	17544
5831	297	57	363	16427	0	17144
5832	163	16692	200	383	0	17438
5833	139	17211	87	241	0	17678
5834	152	478	54	17060	0	17744
5835	129	17035	57	399	0	17620
5836	18053	415	52	282	0	18802
5837	420	216	17915	167	0	18718
5838	17387	107	341	177	0	18012
5839	18517	75	171	157	0	18920
5840	588	86	103	18507	0	19284
5841	18769	68	73	467	0	19377
5842	505	19827	70	287	0	20689
5843	20185	403	64	224	0	20876
5844	20375	217	86	177	0	20855
5845	21899	130	90	185	0	22304
5846	757	97	21824	160	0	22838
5847	402	126	21932	158	0	22618
5848	275	73	649	22062	0	23059
5849	217	21641	322	519	0	22699
5850	211	22645	169	304	0	23329
5851	204	675	98	22257	0	23234
5852	22365	380	102	625	0	23472
5853	590	187	104	22476	0	23357
5854	346	142	102	22929	0	23519
5855	22550	102	86	823	0	23561
5856	636	22310	86	448	0	23480
5857	382	513	22230	288	0	23413
5858	298	272	21927	225	0	22722
5859	22356	171	644	229	0	23400
5860	623	117	351	22223	0	23314
5861	339	115	22841	567	0	23862
5862	233	110	550	22287	0	23180
5863	193	110	309	22349	0	22961
5864	172	121	163	23274	0	23730
5865	189	115	116	22823	0	23243
5866	178	22105	106	853	0	23242
5867	192	501	90	22727	0	23510
5868	22322	276	115	726	0	23439
5869	584	22106	135	410	0	23235
5870	22760	531	125	302	0	23718
5871	23032	302	109	274	0	23717
5872	23133	207	123	194	0	23657
5873	837	176	21843	194	0	23050
5874	21938	130	495	219	0	22782
5875	22834	122	290	217	0	23463
5876	22222	111	182	215	0	22730
5877	22823	97	124	202	0	23246
5878	820	22202	98	224	0	23344
5879	22094	500	79	207	0	22880
5880	686	297	21685	170	0	22838
5881	367	212	409	21187	0	22175
5882	297	131	220	21741	0	22389
5883	22123	97	135	646	0	23001
5884	583	21802	91	356	0	22832
5885	21003	392	82	205	0	21682
5886	552	21113	81	153	0	21899
5887	20635	371	51	139	0	21196
5888	20549	197	57	102	0	20905
5889	550	22245	45	101	0	22941
5890	22310	459	44	86	0	22899
5891	23181	224	54	93	0	23552
5892	779	21350	54	91	0	22274
5893	322	22108	66	57	0	22553
5894	23035	589	92	72	0	23788
5895	692	242	48	23255	0	24237
5896	23415	156	30	649	0	24250
5897	24230	110	31	278	0	24649
5898	24470	81	22	189	0	24762
5899	24482	80	26	136	0	24724
5900	1032	23137	39	103	0	24311
5901	463	24166	42	98	0	24769
5902	24269	770	42	101	0	25182
5903	849	328	24026	61	0	25264
5904	372	227	667	23277	0	24543
5905	231	114	252	24361	0	24958
5906	23914	116	125	881	0	25036
5907	743	23756	80	384	0	24963
5908	388	684	66	23584	0	24722
5909	273	281	49	24717	0	25320
5910	24288	160	35	1027	0	25510
5911	875	118	30	24618	0	25641
5912	24614	122	37	945	0	25718
5913	24806	153	45	414	0	25418
5914	24971	121	34	276	0	25402
5915	1247	103	56	24219	0	25625
5916	622	109	53	24751	0	25535
5917	432	97	25810	1027	0	27366
5918	342	80	25416	489	0	26327
5919	25574	90	1190	315	0	27169
5920	1119	101	524	26502	0	28246
5921	572	119	28454	1078	0	30223
5922	441	96	28938	509	0	29984
5923	322	86	1595	28618	0	30621
5924	280	128	29019	1325	0	30752
5925	285	126	1382	28685	0	30478
5926	316	91	636	29074	0	30117
5927	297	106	28836	1773	0	31012
5928	296	98	1274	29272	0	30940
5929	340	107	675	28318	0	29440
5930	328	75	335	30611	0	31349
5931	285	95	28696	2083	0	31159
5932	323	96	1261	29701	0	31381
5933	29131	90	619	1764	0	31604
5934	1416	28975	387	936	0	31714
5935	29727	1209	231	650	0	31817
5936	1671	599	28650	435	0	31355
5937	29133	314	1344	403	0	31194
5938	29956	184	702	360	0	31202
5939	30243	181	430	350	0	31204
5940	2188	177	283	28566	0	31214
5941	1163	137	317	29599	0	31216
5942	692	149	26532	1991	0	29364
5943	25462	102	1337	1109	0	28010
5944	1603	25663	706	729	0	28701
5945	799	24567	388	510	0	26264
5946	514	25807	300	464	0	27085
5947	426	1622	331	24324	0	26703
5948	23993	743	265	1429	0	26430
5949	24821	352	226	873	0	26272
5950	1796	225	23538	617	0	26176
5951	983	197	1209	23748	0	26137
5952	655	175	617	24687	0	26134
5953	508	182	23486	1857	0	26033
5954	449	200	23116	1052	0	24817
5955	22873	133	1625	714	0	25345
5956	1421	23147	837	570	0	25975
5957	23748	1126	490	530	0	25894
5958	24489	559	359	477	0	25884
5959	1951	335	301	23164	0	25751
5960	1087	215	291	24351	0	25944
5961	23512	212	281	1877	0	25882
5962	1576	176	288	23721	0	25761
5963	930	177	298	24287	0	25692
5964	23460	169	304	1974	0	25907
5965	1557	175	288	23976	0	25996
5966	23894	158	295	1808	0	26155
5967	24695	151	308	1073	0	26227
5968	1925	153	23152	779	0	26009
5969	23628	138	1316	647	0	25729
5970	24186	156	771	612	0	25725
5971	24483	154	541	600	0	25778
5972	2154	238	18012	643	0	21047
5973	22985	159	1038	602	0	24784
5974	1764	22237	625	594	0	25220
5975	23381	1107	436	620	0	25544
5976	24164	527	378	589	0	25658
5977	2071	272	331	23032	0	25706
5978	1233	162	324	23429	0	25148
5979	814	22657	303	1984	0	25758
5980	736	1125	278	23622	0	25761
5981	702	582	270	24415	0	25969
5982	23285	331	295	2046	0	25957
5983	1712	234	242	23479	0	25667
5984	1113	204	240	23981	0	25538
5985	853	191	263	23722	0	25029
5986	735	21850	251	2135	0	24971
5987	21810	1161	287	1242	0	24500
5988	1703	21898	265	861	0	24727
5989	20202	1153	235	640	0	22230
5990	1570	535	19042	559	0	21706
5991	18317	324	1016	518	0	20175
5992	1487	219	18252	476	0	20434
5993	887	17609	1084	437	0	20017
5994	17108	883	660	375	0	19026
5995	16970	490	357	382	0	18199
5996	1449	15853	207	380	0	17889
5997	881	16210	196	329	0	17616
5998	16059	1047	185	326	0	17617
5999	16539	546	171	335	0	17591
6000	1389	307	157	15701	0	17554
6001	896	227	150	16421	0	17694
6002	582	200	15334	1262	0	17378
6003	15215	210	696	754	0	16875
6004	1116	208	410	15172	0	16906
6005	753	15045	266	928	0	16992
6006	605	718	139	15348	0	16810
6007	458	414	118	15767	0	16757
6008	402	294	14612	1236	0	16544
6009	390	204	683	15207	0	16484
6010	14662	180	372	1086	0	16300
6011	917	13993	211	675	0	15796
6012	566	14458	134	441	0	15599
6013	14356	933	137	315	0	15741
6014	14590	533	116	308	0	15547
6015	14605	305	126	267	0	15303
6016	1310	13173	159	245	0	14887
6017	517	11970	99	170	0	12756
6018	12751	667	111	153	0	13682
6019	13139	390	124	155	0	13808
6020	976	12128	78	135	0	13317
6021	216	10180	27	98	0	10521
6022	9982	406	39	94	0	10521
6023	429	163	23	9804	0	10419
6024	9965	87	26	383	0	10461
6025	445	69	15	9790	0	10319
6026	198	9813	28	405	0	10444
6027	149	9917	22	156	0	10244
6028	10266	426	17	114	0	10823
6029	10242	188	28	89	0	10547
6030	10726	119	43	61	0	10949
6031	596	10417	19	56	0	11088
6032	203	399	9721	30	0	10353
6033	103	9936	316	58	0	10413
6034	9625	442	99	44	0	10210
6035	9331	126	46	54	0	9557
6036	445	79	9181	26	0	9731
6037	146	9079	326	26	0	9577
6038	112	386	130	8996	0	9624
6039	90	122	41	8847	0	9100
6040	95	7958	48	399	0	8500
6041	84	368	8721	111	0	9284
6042	8866	115	338	65	0	9384
6043	403	115	85	9061	0	9664
6044	9130	60	69	384	0	9643
6045	9501	65	36	124	0	9726
6046	503	67	30	9548	0	10148
6047	228	48	23	10229	0	10528
6048	137	68	40	10558	0	10803
6049	100	82	30	10700	0	10912
6050	10157	73	23	653	0	10906
6051	10463	55	37	284	0	10839
6052	624	83	10164	133	0	11004
6053	290	61	436	10203	0	10990
6054	201	59	142	10629	0	11031
6055	131	70	78	10836	0	11115
6056	130	75	10152	667	0	11024
6057	144	52	429	10152	0	10777
6058	10012	59	153	605	0	10829
6059	505	62	85	10217	0	10869
6060	222	61	10035	585	0	10903
6061	191	62	458	10154	0	10865
6062	154	72	10104	573	0	10903
6063	10218	54	502	262	0	11036
6064	529	64	191	10432	0	11216
6065	10399	59	104	586	0	11148
6066	10470	51	58	273	0	10852
6067	690	44	58	10224	0	11016
6068	10465	59	69	586	0	11179
6069	623	60	57	10086	0	10826
6070	270	10552	56	567	0	11445
6071	10993	463	64	262	0	11782
6072	11143	162	81	193	0	11579
6073	11402	112	62	153	0	11729
6074	764	82	52	10906	0	11804
6075	340	73	59	11268	0	11740
6076	241	62	47	11437	0	11787
6077	182	62	10539	787	0	11570
6078	178	10335	482	343	0	11338
6079	166	466	147	10339	0	11118
6080	143	174	10188	582	0	11087
6081	10160	103	456	244	0	10963
6082	572	65	155	10437	0	11229
6083	264	46	10202	583	0	11095
6084	10631	47	448	310	0	11436
6085	588	39	166	10838	0	11631
6086	273	46	106	11119	0	11544
6087	226	38	69	11400	0	11733
6088	10950	32	67	812	0	11861
6089	11203	50	85	373	0	11711
6090	11032	51	76	293	0	11452
6091	687	10108	109	223	0	11127
6092	300	10764	83	194	0	11341
6093	10711	474	84	199	0	11468
6094	575	163	10439	195	0	11372
6095	253	84	448	10365	0	11150
6096	202	55	155	10895	0	11307
6097	10400	44	143	655	0	11242
6098	10144	41	64	355	0	10604
6099	559	10028	81	269	0	10937
6100	327	395	76	10243	0	11041
6101	247	140	9976	550	0	10913
6102	206	90	10286	283	0	10865
6103	207	58	497	10303	0	11065
6104	181	53	194	10939	0	11367
6105	10574	79	118	663	0	11434
6106	550	57	99	10850	0	11556
6107	11152	62	70	662	0	11946
6108	11100	58	91	338	0	11587
6109	646	60	10696	255	0	11657
6110	11071	51	387	228	0	11737
6111	11511	46	165	211	0	11933
6112	11512	31	136	213	0	11892
6113	643	10960	104	212	0	11919
6114	272	11383	81	254	0	11990
6115	244	489	99	11276	0	12108
6116	215	151	11154	524	0	12044
6117	179	10746	386	281	0	11592
6118	160	313	189	9941	0	10603
6119	176	107	107	9784	0	10174
6120	156	9760	66	389	0	10371
6121	9971	259	64	223	0	10517
6122	10149	108	69	190	0	10516
6123	454	85	10132	152	0	10823
6124	9897	41	248	151	0	10337
6125	433	50	9917	131	0	10531
6126	9197	56	271	136	0	9660
6127	379	77	9598	102	0	10156
6128	191	9146	238	82	0	9657
6129	185	172	136	8819	0	9312
6130	100	82	97	8910	0	9189
6131	8967	77	51	272	0	9367
6132	9007	31	33	196	0	9267
6133	8895	21	38	151	0	9105
6134	300	51	9025	101	0	9477
6135	202	31	163	8980	0	9376
6136	154	32	94	9253	0	9533
6137	9353	29	93	262	0	9737
6138	248	9367	51	157	0	9823
6139	9908	167	64	147	0	10286
6140	278	78	49	10078	0	10483
6141	159	63	58	10261	0	10541
6142	106	63	40	10344	0	10553
6143	109	40	28	10465	0	10642
6144	89	37	37	10457	0	10620
6145	116	9845	39	305	0	10305
6146	84	9476	26	131	0	9717
6147	85	9239	27	69	0	9420
6148	68	107	34	9381	0	9590
6149	46	37	9227	130	0	9440
6150	8214	21	84	77	0	8396
6151	124	9420	34	45	0	9623
6152	63	106	23	9461	0	9653
6153	64	29	28	9568	0	9689
6154	9690	26	18	147	0	9881
6155	9388	15	24	94	0	9521
6156	9613	23	19	79	0	9734
6157	154	25	17	10163	0	10359
6158	56	20	10260	161	0	10497
6159	53	44	10264	62	0	10423
6160	53	44	136	10477	0	10710
6161	48	37	10582	151	0	10818
6162	9955	14	153	93	0	10215
6163	156	11	60	10411	0	10638
6164	85	23	10471	149	0	10728
6165	68	36	125	10096	0	10325
6166	41	19	10752	183	0	10995
6167	52	16	11081	78	0	11227
6168	85	32	146	11595	0	11858
6169	53	11	12424	188	0	12676
6170	60	11	11560	105	0	11736
6171	24	10965	317	90	0	11396
6172	43	251	195	11639	0	12128
6173	12480	106	87	255	0	12928
6174	223	30	36	12297	0	12586
6175	127	27	19	12832	0	13005
6176	47	12	12656	352	0	13067
6177	11469	4	224	194	0	11891
6178	224	3	127	12923	0	13277
6179	123	12	51	13289	0	13475
6180	12935	6	42	366	0	13349
6181	261	4	22	13204	0	13491
6182	13165	12	19	321	0	13517
6183	13140	8	16	190	0	13354
6184	12977	7	22	84	0	13090
6185	358	12597	18	57	0	13030
6186	12975	209	14	55	0	13253
6187	280	12847	20	49	0	13196
6188	171	236	23	12948	0	13378
6189	13068	129	17	250	0	13464
6190	255	13008	22	148	0	13433
6191	13279	247	21	73	0	13620
6192	281	13102	21	82	0	13486
6193	13003	258	31	50	0	13342
6194	287	12818	32	43	0	13180
6195	163	13099	23	48	0	13333
6196	75	13981	18	57	0	14131
6197	90	360	17	13483	0	13950
6198	49	14072	21	234	0	14376
6199	54	295	21	13959	0	14329
6200	53	184	28	14119	0	14384
6201	58	70	19	14144	0	14291
6202	53	68	8	14302	0	14431
6203	13991	39	10	457	0	14497
6204	14077	38	17	232	0	14364
6205	397	47	13783	123	0	14350
6206	14073	39	258	121	0	14491
6207	14920	41	135	76	0	15172
6208	15258	33	53	90	0	15434
6209	476	43	14548	63	0	15130
6210	233	47	14485	71	0	14836
6211	13988	41	418	82	0	14529
6212	408	48	14891	75	0	15422
6213	197	15396	392	78	0	16063
6214	129	350	163	15629	0	16271
6215	16017	159	68	407	0	16651
6216	16028	74	75	194	0	16371
6217	16254	59	57	126	0	16496
6218	553	53	67	15934	0	16607
6219	284	36	43	16352	0	16715
6220	163	45	16286	527	0	17021
6221	147	54	377	16252	0	16830
6222	117	41	160	16976	0	17294
6223	16553	35	92	603	0	17283
6224	459	16623	69	253	0	17404
6225	16991	408	51	162	0	17612
6226	510	178	50	17012	0	17750
6227	16895	95	45	491	0	17526
6228	16776	77	56	253	0	17162
6229	16298	53	58	193	0	16602
6230	584	16064	56	152	0	16856
6231	320	16672	41	110	0	17143
6232	175	501	49	16788	0	17513
6233	16927	203	55	454	0	17639
6234	498	115	44	16532	0	17189
6235	265	88	46	16854	0	17253
6236	168	72	16582	598	0	17420
6237	183	65	391	16291	0	16930
6238	155	74	158	16282	0	16669
6239	135	68	86	16443	0	16732
6240	126	51	15916	645	0	16738
6241	129	68	15438	334	0	15969
6242	129	15581	515	226	0	16451
6243	15733	400	209	182	0	16524
6244	489	179	120	15831	0	16619
6245	270	96	15828	511	0	16705
6246	219	60	405	15622	0	16306
6247	190	64	178	16980	0	17412
6248	16597	54	99	674	0	17424
6249	16549	41	107	344	0	17041
6250	559	16451	99	202	0	17311
6251	16468	404	82	159	0	17113
6252	16483	186	82	160	0	16911
6253	642	121	92	16333	0	17188
6254	317	129	16173	463	0	17082
6255	216	16093	398	257	0	16964
6256	16042	405	156	186	0	16789
6257	16470	164	77	185	0	16896
6258	589	16933	79	160	0	17761
6259	347	404	54	17743	0	18548
6260	18315	169	62	538	0	19084
6261	18543	104	51	305	0	19003
6262	649	92	68	18488	0	19297
6263	18207	94	89	615	0	19005
6264	19925	73	55	311	0	20364
6265	20332	72	76	229	0	20709
6266	884	75	19740	180	0	20879
6267	395	18966	524	185	0	20070
6268	267	19799	177	143	0	20386
6269	18701	523	127	153	0	19504
6270	581	18969	51	137	0	19738
6271	233	497	18911	95	0	19736
6272	180	171	456	18973	0	19780
6273	18951	114	138	546	0	19749
6274	582	91	80	19016	0	19769
6275	19043	88	57	590	0	19778
6276	19173	83	53	231	0	19540
6277	19066	70	63	193	0	19392
6278	700	18136	58	152	0	19046
6279	294	19550	86	155	0	20085
6280	19516	522	69	182	0	20289
6281	19106	206	66	150	0	19528
6282	19763	146	85	165	0	20159
6283	739	100	55	19281	0	20175
6284	19120	117	66	563	0	19866
6285	597	18556	105	234	0	19492
6286	287	19578	59	206	0	20130
6287	278	549	43	19373	0	20243
6288	205	177	19027	577	0	19986
6289	215	118	18757	229	0	19319
6290	250	93	522	18930	0	19795
6291	244	113	19095	531	0	19983
6292	221	138	492	19051	0	19902
6293	19279	158	146	566	0	20149
6294	649	93	102	19200	0	20044
6295	19061	100	85	583	0	19829
6296	631	18379	92	232	0	19334
6297	281	503	18520	196	0	19500
6298	257	177	488	17797	0	18719
6299	223	167	156	18874	0	19420
6300	210	152	18696	628	0	19686
6301	219	121	482	17991	0	18813
6302	186	18660	204	583	0	19633
6303	237	526	143	18974	0	19880
6304	245	185	82	19539	0	20051
6305	249	96	113	20259	0	20717
6306	226	113	19821	808	0	20968
6307	221	90	18819	292	0	19422
6308	17332	63	677	258	0	18330
6309	676	82	18266	139	0	19163
6310	247	18303	578	134	0	19262
6311	18469	513	232	132	0	19346
6312	606	18696	120	137	0	19559
6313	18207	574	107	147	0	19035
6314	18492	175	156	135	0	18958
6315	18356	129	84	165	0	18734
6316	18427	136	83	134	0	18780
6317	694	17498	87	183	0	18462
6318	308	18150	73	154	0	18685
6319	18222	597	61	161	0	19041
6320	655	208	17658	103	0	18624
6321	301	136	513	17173	0	18123
6322	261	105	159	17996	0	18521
6323	192	104	17724	612	0	18632
6324	16271	117	520	253	0	17161
6325	17740	129	159	162	0	18190
6326	17726	136	109	133	0	18104
6327	742	17162	103	146	0	18153
6328	17993	537	103	151	0	18784
6329	741	205	101	17002	0	18049
6330	338	18434	110	511	0	19393
6331	18928	626	111	206	0	19871
6332	19185	291	95	185	0	19756
6333	20702	166	101	138	0	21107
6334	1035	132	134	19960	0	21261
6335	523	151	87	20208	0	20969
6336	317	19454	93	967	0	20831
6337	296	679	19692	402	0	21069
6338	316	315	676	19666	0	20973
6339	343	184	297	19571	0	20395
6340	291	133	180	20995	0	21599
6341	225	177	20097	1068	0	21567
6342	19652	107	713	492	0	20964
6343	831	122	325	20598	0	21876
6344	454	175	20644	826	0	22099
6345	337	120	763	20560	0	21780
6346	20888	106	367	903	0	22264
6347	916	20738	186	487	0	22327
6348	454	789	152	21277	0	22672
6349	280	325	21057	983	0	22645
6350	20162	211	794	502	0	21669
6351	21464	164	417	303	0	22348
6352	1114	119	21115	341	0	22689
6353	583	143	822	19401	0	20949
6354	304	20635	383	802	0	22124
6355	21082	790	261	423	0	22556
6356	972	324	20583	319	0	22198
6357	19920	193	825	348	0	21286
6358	989	159	19736	240	0	21124
6359	527	106	18493	263	0	19389
6360	17489	81	1009	232	0	18811
6361	838	18074	427	219	0	19558
6362	517	725	17795	249	0	19286
6363	268	17387	773	222	0	18650
6364	359	661	16810	191	0	18021
6365	250	16823	683	174	0	17930
6366	15928	671	453	175	0	17227
6367	635	311	15655	211	0	16812
6368	369	190	15578	186	0	16323
6369	278	138	15477	156	0	16049
6370	14646	109	901	131	0	15787
6371	15280	70	426	130	0	15906
6372	797	90	262	14655	0	15804
6373	407	59	15310	536	0	16312
6374	252	84	15409	333	0	16078
6375	15154	108	740	187	0	16189
6376	607	136	438	15466	0	16647
6377	15568	106	254	567	0	16495
6378	15900	86	259	280	0	16525
6379	871	99	186	14553	0	15709
6380	492	14715	172	553	0	15932
6381	293	514	206	14972	0	15985
6382	264	255	201	15362	0	16082
6383	208	211	14936	759	0	16114
6384	247	14286	605	408	0	15546
6385	212	15080	376	237	0	15905
6386	245	675	237	14471	0	15628
6387	172	321	14712	574	0	15779
6388	169	14603	675	326	0	15773
6389	222	566	14862	214	0	15864
6390	14084	313	686	234	0	15317
6391	15084	152	435	169	0	15840
6392	839	158	14754	151	0	15902
6393	14612	106	684	191	0	15593
6394	713	165	385	14682	0	15945
6395	453	15729	269	572	0	17023
6396	302	550	260	16140	0	17252
6397	15610	297	253	657	0	16817
6398	16019	184	227	357	0	16787
6399	16079	171	192	232	0	16674
6400	15779	135	200	206	0	16320
6401	890	14810	219	218	0	16137
6402	477	15227	210	136	0	16050
6403	14992	635	243	164	0	16034
6404	719	341	14883	159	0	16102
6405	445	464	525	13933	0	15367
6406	281	14862	333	477	0	15953
6407	278	503	222	14616	0	15619
6408	162	15141	185	576	0	16064
6409	150	648	178	15334	0	16310
6410	151	339	15091	654	0	16235
6411	14715	177	592	342	0	15826
6412	15464	142	354	169	0	16129
6413	833	160	15112	140	0	16245
6414	14838	142	646	127	0	15753
6415	15347	154	342	137	0	15980
6416	846	155	14888	111	0	16000
6417	476	157	645	14334	0	15612
6418	14956	83	416	571	0	16026
6419	734	97	14843	310	0	15984
6420	479	110	606	14327	0	15522
6421	269	111	15406	619	0	16405
6422	262	126	15124	329	0	15841
6423	14671	131	790	255	0	15847
6424	15673	121	440	159	0	16393
6425	15931	70	246	158	0	16405
6426	16527	90	190	126	0	16933
6427	1025	95	164	15495	0	16779
6428	547	14503	162	560	0	15772
6429	341	15360	138	336	0	16175
6430	206	682	149	14578	0	15615
6431	14567	266	135	594	0	15562
6432	657	14066	133	274	0	15130
6433	200	13794	94	90	0	14178
6434	13640	452	77	125	0	14294
6435	467	174	96	13475	0	14212
6436	13538	103	91	402	0	14134
6437	480	13504	74	162	0	14220
6438	13842	388	52	116	0	14398
6439	530	135	14171	86	0	14922
6440	15452	91	399	78	0	16020
6441	16325	83	151	112	0	16671
6442	16784	101	91	85	0	17061
6443	838	112	14419	83	0	15452
6444	15737	55	420	82	0	16294
6445	730	15782	179	84	0	16775
6446	318	492	15732	75	0	16617
6447	250	224	499	14772	0	15745
6448	189	95	210	14653	0	15147
6449	117	15017	129	625	0	15888
6450	118	480	80	15344	0	16022
6451	118	215	58	15739	0	16130
6452	120	97	14923	688	0	15828
6453	13473	66	514	334	0	14387
6454	571	53	15177	162	0	15963
6455	299	49	550	14916	0	15814
6456	158	41	15515	527	0	16241
6457	139	27	605	15372	0	16143
6458	15773	50	260	634	0	16717
6459	16515	59	150	284	0	17008
6460	741	40	112	16263	0	17156
6461	347	40	16612	670	0	17669
6462	214	44	582	16772	0	17612
6463	189	58	16626	653	0	17526
6464	15726	38	620	349	0	16733
6465	16866	40	281	204	0	17391
6466	16519	62	186	148	0	16915
6467	16728	53	126	142	0	17049
6468	876	15719	106	144	0	16845
6469	435	540	103	16073	0	17151
6470	15854	220	96	657	0	16827
6471	711	15406	87	301	0	16505
6472	346	16181	83	192	0	16802
6473	240	704	14891	156	0	15991
6474	14793	282	576	156	0	15807
6475	15733	146	288	134	0	16301
6476	883	105	14960	114	0	16062
6477	448	69	655	14624	0	15796
6478	311	76	281	15630	0	16298
6479	272	51	15203	789	0	16315
6480	232	53	667	14834	0	15786
6481	15092	65	296	747	0	16200
6482	708	91	14610	356	0	15765
6483	352	57	15213	231	0	15853
6484	14716	66	799	200	0	15781
6485	755	91	15412	138	0	16396
6486	15007	81	762	141	0	15991
6487	788	14933	362	143	0	16226
6488	15566	571	190	159	0	16486
6489	804	242	189	15162	0	16397
6490	426	137	138	15728	0	16429
6491	15463	112	117	855	0	16547
6492	743	96	132	15547	0	16518
6493	15585	86	133	777	0	16581
6494	754	15476	123	430	0	16783
6495	435	599	128	14679	0	15841
6496	295	245	129	15422	0	16091
6497	14846	150	131	816	0	15943
6498	15057	134	110	391	0	15692
6499	15226	91	123	268	0	15708
6500	979	14052	107	232	0	15370
6501	519	14861	99	179	0	15658
6502	14709	678	108	183	0	15678
6503	781	294	14093	182	0	15350
6504	426	14164	578	164	0	15332
6505	13514	519	324	160	0	14517
6506	13155	238	183	142	0	13718
6507	13285	119	116	111	0	13631
6508	785	130	98	12448	0	13461
6509	12946	62	114	502	0	13624
6510	13065	80	89	264	0	13498
6511	806	72	73	12266	0	13217
6512	12716	70	76	523	0	13385
6513	668	95	11910	261	0	12934
6514	394	110	440	12112	0	13056
6515	270	98	221	12456	0	13045
6516	237	59	159	13052	0	13507
6517	12451	68	111	734	0	13364
6518	13035	70	73	409	0	13587
6519	13314	66	95	233	0	13708
6520	13186	41	75	238	0	13540
6521	12736	45	80	193	0	13054
6522	798	44	104	11770	0	12716
6523	461	60	69	12232	0	12822
6524	11943	35	99	643	0	12720
6525	596	11451	89	352	0	12488
6526	11681	384	107	196	0	12368
6527	603	178	10851	187	0	11819
6528	11749	91	393	152	0	12385
6529	12493	70	178	139	0	12880
6530	734	69	12708	136	0	13647
6531	13497	46	527	89	0	14159
6532	781	50	13481	129	0	14441
6533	507	42	14704	85	0	15338
6534	371	58	808	14227	0	15464
6535	271	58	408	15555	0	16292
6536	252	39	15329	863	0	16483
6537	194	53	15523	461	0	16231
6538	154	14560	865	281	0	15860
6539	151	14812	427	214	0	15604
6540	12985	585	215	142	0	13927
6541	449	13973	176	98	0	14696
6542	13600	492	128	91	0	14311
6543	507	13452	84	83	0	14126
6544	13443	489	114	69	0	14115
6545	558	270	12713	59	0	13600
6546	12852	166	447	63	0	13528
6547	562	125	226	12656	0	13569
6548	332	13085	130	388	0	13935
6549	221	441	99	13346	0	14107
6550	13234	237	99	466	0	14036
6551	13579	153	78	251	0	14061
6552	699	121	38	13178	0	14036
6553	353	110	13087	462	0	14012
6554	263	66	12647	260	0	13236
6555	174	13184	545	156	0	14059
6556	177	462	257	13245	0	14141
6557	117	219	13265	433	0	14034
6558	115	12339	442	248	0	13144
6559	131	400	266	12607	0	13404
6560	97	205	115	13024	0	13441
6561	12113	105	98	566	0	12882
6562	374	89	78	12212	0	12753
6563	216	72	11914	496	0	12698
6564	132	43	368	11994	0	12537
6565	11586	34	228	501	0	12349
6566	383	54	11555	294	0	12286
6567	11368	43	401	208	0	12020
6568	433	11743	248	155	0	12579
6569	12271	353	137	118	0	12879
6570	12487	196	100	110	0	12893
6571	584	102	106	11914	0	12706
6572	334	82	65	12162	0	12643
6573	197	11799	68	559	0	12623
6574	155	330	69	12385	0	12939
6575	11906	195	71	500	0	12672
6576	404	125	11670	309	0	12508
6577	271	79	375	11646	0	12371
6578	167	11644	225	423	0	12459
6579	159	367	103	12095	0	12724
6580	116	231	93	12312	0	12752
6581	11916	134	71	588	0	12709
6582	398	11779	49	351	0	12577
6583	291	369	50	11934	0	12644
6584	11638	225	73	475	0	12411
6585	438	123	58	11751	0	12370
6586	267	115	50	12051	0	12483
6587	11886	100	46	646	0	12678
6588	11852	60	55	410	0	12377
6589	608	67	11612	248	0	12535
6590	11515	68	356	205	0	12144
6591	12000	69	202	186	0	12457
6592	12113	66	107	145	0	12431
6593	664	11097	103	149	0	12013
6594	382	11275	88	120	0	11865
6595	268	491	62	11244	0	12065
6596	11280	291	57	391	0	12019
6597	11503	151	70	274	0	11998
6598	614	124	50	11121	0	11909
6599	382	88	11111	454	0	12035
6600	11249	75	351	300	0	11975
6601	12206	77	197	196	0	12676
6602	655	67	108	11681	0	12511
6603	365	67	107	12040	0	12579
6604	11962	47	78	585	0	12672
6605	535	66	62	11699	0	12362
6606	358	11649	59	502	0	12568
6607	212	361	68	12179	0	12820
6608	12082	207	50	512	0	12851
6609	476	124	11861	329	0	12790
6610	11373	98	340	258	0	12069
6611	512	80	11873	214	0	12679
6612	354	51	411	11906	0	12722
6613	12130	54	253	464	0	12901
6614	490	72	131	12168	0	12861
6615	315	43	105	12351	0	12814
6616	11933	45	90	666	0	12734
6617	467	40	11757	396	0	12660
6618	335	44	12149	261	0	12789
6619	204	41	515	12342	0	13102
6620	161	49	268	12953	0	13431
6621	171	49	159	13131	0	13510
6622	146	34	12819	671	0	13670
6623	12246	44	388	421	0	13099
6624	13255	35	212	275	0	13777
6625	13425	41	148	216	0	13830
6626	13470	31	110	214	0	13825
6627	691	12517	80	185	0	13473
6628	405	12601	63	171	0	13240
6629	235	12650	51	156	0	13092
6630	133	293	75	10799	0	11300
6631	153	86	39	11190	0	11468
6632	104	19	10652	254	0	11029
6633	73	9406	148	82	0	9709
6634	94	91	75	9018	0	9278
6635	8692	34	36	127	0	8889
6636	91	8787	15	55	0	8948
6637	51	114	10	8784	0	8959
6638	26	8958	8	108	0	9100
6639	9073	107	7	52	0	9239
6640	118	27	9	8892	0	9046
6641	47	19	8748	111	0	8925
6642	32	10	8540	44	0	8626
6643	30	18	161	8931	0	9140
6644	21	8	76	8783	0	8888
6645	20	3	28	9325	0	9376
6646	9173	5	11	195	0	9384
6647	135	4	9063	70	0	9272
6648	56	8778	115	44	0	8993
6649	33	115	49	8896	0	9093
6650	19	49	8834	101	0	9003
6651	17	8856	98	64	0	9035
6652	14	115	46	9055	0	9230
6653	6	37	8860	104	0	9007
6654	16	18	95	8586	0	8715
6655	10	4	43	8766	0	8823
6656	9061	2	17	147	0	9227
6657	9003	5	5	64	0	9077
6658	151	1	8	9025	0	9185
6659	9029	2	7	132	0	9170
6660	135	9	9119	51	0	9314
6661	61	5	116	9209	0	9391
6662	26	6	9465	124	0	9621
6663	23	15	130	9640	0	9808
6664	14	9359	52	170	0	9595
6665	20	9466	31	74	0	9591
6666	17	9823	14	40	0	9894
6667	24	190	16	9851	0	10081
6668	14	60	5	11121	0	11200
6669	12	23	10821	255	0	11111
6670	10	16	10981	92	0	11099
6671	23	27	11642	44	0	11736
6672	11999	14	317	26	0	12356
6673	289	11	89	12794	0	13183
6674	13035	7	41	324	0	13407
6675	327	13288	19	95	0	13729
6676	96	330	24	13566	0	14016
6677	13695	107	24	358	0	14184
6678	358	69	25	13728	0	14180
6679	13703	25	12	442	0	14182
6680	426	14	13990	160	0	14590
6681	148	14221	354	98	0	14821
6682	86	355	130	14670	0	15241
6683	14659	111	77	402	0	15249
6684	15127	76	37	185	0	15425
6685	473	35	30	15011	0	15549
6686	208	26	47	15252	0	15533
6687	14764	32	53	511	0	15360
6688	407	41	56	14589	0	15093
6689	160	23	14418	485	0	15086
6690	127	14328	384	180	0	15019
6691	92	342	161	14774	0	15369
6692	14699	128	101	471	0	15399
6693	14794	83	60	217	0	15154
6694	542	66	15011	157	0	15776
6695	256	14413	395	140	0	15204
6696	163	15428	161	121	0	15873
6697	122	528	88	15294	0	16032
6698	124	203	57	15569	0	15953
6699	115	99	63	15633	0	15910
6700	127	71	77	15734	0	16009
6701	83	15084	72	700	0	15939
6702	106	453	57	15413	0	16029
6703	139	176	56	15849	0	16220
6704	15357	107	48	735	0	16247
6705	15404	90	49	379	0	15922
6706	615	15527	53	260	0	16455
6707	15920	463	61	260	0	16704
6708	16217	170	55	215	0	16657
6709	16173	129	63	205	0	16570
6710	701	92	15512	184	0	16489
6711	335	88	443	15535	0	16401
6712	220	98	169	16215	0	16702
6713	194	78	15563	686	0	16521
6714	183	73	448	15457	0	16161
6715	172	112	236	14200	0	14720
6716	15277	110	130	733	0	16250
6717	529	88	15306	385	0	16308
6718	290	78	456	14883	0	15707
6719	14635	72	192	653	0	15552
6720	513	14546	145	367	0	15571
6721	14538	450	79	358	0	15425
6722	14571	210	53	268	0	15102
6723	667	14188	69	258	0	15182
6724	359	473	60	14460	0	15352
6725	14363	203	57	603	0	15226
6726	572	14205	84	332	0	15193
6727	313	513	73	14439	0	15338
6728	14183	193	67	598	0	15041
6729	14165	151	77	337	0	14730
6730	704	13743	82	275	0	14804
6731	13985	509	77	238	0	14809
6732	652	231	67	13939	0	14889
6733	14061	142	70	640	0	14913
6734	659	101	13553	362	0	14675
6735	368	78	441	13701	0	14588
6736	264	97	207	13935	0	14503
6737	13469	115	135	745	0	14464
6738	598	13094	108	397	0	14197
6739	13083	476	88	310	0	13957
6740	670	12977	80	235	0	13962
6741	337	501	12346	211	0	13395
6742	303	225	12386	219	0	13133
6743	247	260	486	12197	0	13190
6744	235	137	12312	546	0	13230
6745	208	149	448	12310	0	13115
6746	233	132	183	12094	0	12642
6747	207	135	106	12884	0	13332
6748	12668	94	96	730	0	13588
6749	12544	138	71	386	0	13139
6750	13020	113	88	286	0	13507
6751	717	12640	90	253	0	13700
6752	430	13911	54	242	0	14637
6753	349	590	15110	223	0	16272
6754	290	291	616	15566	0	16763
6755	225	211	15575	794	0	16805
6756	236	148	707	15400	0	16491
6757	235	132	345	15928	0	16640
6758	216	112	250	16125	0	16703
6759	210	118	15098	1115	0	16541
6760	197	103	681	15240	0	16221
6761	14803	111	362	1035	0	16311
6762	711	14427	262	598	0	15998
6763	354	594	188	14828	0	15964
6764	14652	284	170	931	0	16037
6765	14989	211	163	502	0	15865
6766	925	155	146	14541	0	15767
6767	516	108	125	14370	0	15119
6768	13344	113	107	940	0	14504
6769	749	80	84	13507	0	14420
6770	12319	62	82	833	0	13296
6771	763	57	47	12134	0	13001
6772	403	50	11087	800	0	12340
6773	305	10183	373	496	0	11357
6774	281	10921	199	325	0	11726
6775	266	462	205	10574	0	11507
6776	186	226	146	10865	0	11423
6777	10476	142	84	640	0	11342
6778	432	127	91	10698	0	11348
6779	246	118	57	10894	0	11315
6780	181	94	42	9997	0	10314
6781	154	9287	49	761	0	10251
6782	145	352	40	9840	0	10377
6783	164	170	52	9927	0	10313
6784	123	136	35	9965	0	10259
6785	9063	94	57	826	0	10040
6786	391	9109	65	496	0	10061
6787	227	398	40	9498	0	10163
6788	177	199	49	9731	0	10156
6789	146	132	34	9939	0	10251
6790	9244	101	42	812	0	10199
6791	466	75	50	9519	0	10110
6792	278	88	38	9571	0	9975
6793	160	58	8539	775	0	9532
6794	119	8345	278	507	0	9249
6795	118	310	138	8839	0	9405
6796	8441	143	103	556	0	9243
6797	357	8503	71	356	0	9287
6798	8320	333	71	296	0	9020
6799	8587	167	68	221	0	9043
6800	469	160	40	8431	0	9100
6801	296	101	26	8662	0	9085
6802	232	73	8412	541	0	9258
6803	167	78	269	8815	0	9329
6804	181	55	8693	518	0	9447
6805	142	51	323	9057	0	9573
6806	8218	40	186	604	0	9048
6807	332	8539	148	382	0	9401
6808	183	324	130	9246	0	9883
6809	157	180	98	9493	0	9928
6810	118	121	100	9531	0	9870
6811	99	96	67	9680	0	9942
6812	9178	73	53	694	0	9998
6813	339	9073	67	476	0	9955
6814	183	287	38	9672	0	10180
6815	9399	142	52	656	0	10249
6816	375	118	9121	437	0	10051
6817	9043	96	286	367	0	9792
6818	9500	105	165	258	0	10028
6819	518	98	9187	241	0	10044
6820	334	71	336	9453	0	10194
6821	9782	80	178	465	0	10505
6822	467	9840	162	310	0	10779
6823	10181	305	100	305	0	10891
6824	10394	148	76	244	0	10862
6825	10463	123	80	268	0	10934
6826	614	81	57	10133	0	10885
6827	413	80	44	10588	0	11125
6828	307	11445	46	573	0	12371
6829	284	397	49	11734	0	12464
6830	11661	213	47	616	0	12537
6831	524	145	11345	419	0	12433
6832	11040	113	370	364	0	11887
6833	11921	110	178	313	0	12522
6834	680	121	118	11619	0	12538
6835	401	62	91	12088	0	12642
6836	11957	59	71	699	0	12786
6837	11972	40	88	434	0	12534
6838	10857	64	71	379	0	11371
6839	698	54	11389	288	0	12429
6840	407	11306	340	293	0	12346
6841	11628	363	180	250	0	12421
6842	602	197	105	11405	0	12309
6843	395	11429	89	453	0	12366
6844	284	437	68	11650	0	12439
6845	11591	226	88	558	0	12463
6846	502	201	39	11813	0	12555
6847	372	121	11250	613	0	12356
6848	219	10917	317	439	0	11892
6849	182	11487	177	298	0	12144
6850	154	425	10738	241	0	11558
6851	9467	308	404	241	0	10420
6852	340	9736	161	172	0	10409
6853	180	188	72	7959	0	8399
6854	7881	74	23	142	0	8120
6855	154	7803	20	79	0	8056
6856	83	140	19	7929	0	8171
6857	7933	61	13	156	0	8163
6858	171	33	10	7888	0	8102
6859	7962	23	12	172	0	8169
6860	160	24	7974	101	0	8259
6861	101	8085	109	52	0	8347
6862	8475	124	55	70	0	8724
6863	8409	59	22	51	0	8541
6864	8389	27	31	42	0	8489
6865	221	40	7866	26	0	8153
6866	7851	21	109	34	0	8015
6867	8355	28	50	36	0	8469
6868	229	18	26	8252	0	8525
6869	8337	26	22	156	0	8541
6870	186	8112	21	91	0	8410
6871	120	121	22	8287	0	8550
6872	67	70	8172	162	0	8471
6873	66	49	136	8080	0	8331
6874	44	43	62	8328	0	8477
6875	8236	34	30	223	0	8523
6876	8210	37	37	120	0	8404
6877	231	25	8081	67	0	8404
6878	7877	24	137	74	0	8112
6879	202	17	8116	56	0	8391
6880	133	23	144	8114	0	8414
6881	71	25	8224	161	0	8481
6882	85	27	153	8088	0	8353
6883	63	8092	92	162	0	8409
6884	68	133	8140	91	0	8432
6885	60	66	8415	53	0	8594
6886	109	36	266	6859	0	7270
6887	8583	48	99	166	0	8896
6888	8678	26	51	107	0	8862
6889	8773	30	43	60	0	8906
6890	292	23	35	8508	0	8858
6891	161	22	33	8676	0	8892
6892	116	14	30	8761	0	8921
6893	95	27	33	8722	0	8877
6894	73	23	8308	299	0	8703
6895	74	31	162	8204	0	8471
6896	53	8099	75	225	0	8452
6897	62	159	49	8455	0	8725
6898	8396	80	52	225	0	8753
6899	230	38	8178	143	0	8589
6900	7632	36	192	97	0	7957
6901	261	26	8479	84	0	8850
6902	147	36	8328	57	0	8568
6903	82	8223	294	69	0	8668
6904	133	229	145	7322	0	7829
6905	62	100	106	8157	0	8425
6906	82	6990	104	323	0	7499
6907	8554	256	58	129	0	8997
6908	314	119	36	8887	0	9356
6909	144	67	50	9680	0	9941
6910	107	49	45	10255	0	10456
6911	11104	36	38	611	0	11789
6912	12144	26	33	313	0	12516
6913	674	15	42	11844	0	12575
6914	272	28	37	12211	0	12548
6915	11685	28	28	708	0	12449
6916	575	24	39	11778	0	12416
6917	236	29	35	12145	0	12445
6918	191	27	28	12359	0	12605
6919	195	32	11347	814	0	12388
6920	10925	23	458	434	0	11840
6921	11521	26	162	324	0	12033
6922	748	16	10711	252	0	11727
6923	385	83	492	10047	0	11007
6924	235	10586	184	628	0	11633
6925	10485	450	129	353	0	11417
6926	540	10509	130	277	0	11456
6927	238	10196	108	209	0	10751
6928	246	516	76	9304	0	10142
6929	9246	186	88	521	0	10041
6930	9735	113	68	258	0	10174
6931	602	98	58	9405	0	10163
6932	321	93	60	9624	0	10098
6933	248	89	46	9718	0	10101
6934	160	137	50	9679	0	10026
6935	167	100	30	9455	0	9752
6936	144	8886	38	737	0	9805
6937	191	427	35	9267	0	9920
6938	9046	156	19	723	0	9944
6939	9423	114	36	392	0	9965
6940	9407	69	29	365	0	9870
6941	651	8924	28	351	0	9954
6942	349	426	29	9171	0	9975
6943	248	173	8902	659	0	9982
6944	8806	164	410	383	0	9763
6945	582	109	131	9167	0	9989
6946	9047	87	87	628	0	9849
6947	9038	71	70	346	0	9525
6948	9151	99	43	289	0	9582
6949	737	112	44	8649	0	9542
6950	8742	79	81	603	0	9505
6951	687	100	77	8662	0	9526
6952	385	61	54	9050	0	9550
6953	8703	64	71	721	0	9559
6954	676	65	39	8872	0	9652
6955	8742	73	33	702	0	9550
6956	9069	68	32	386	0	9555
6957	788	67	28	8788	0	9671
6958	438	71	23	9113	0	9645
6959	320	53	24	9324	0	9721
6960	308	51	8110	837	0	9306
6961	301	55	8331	485	0	9172
6962	275	34	485	8332	0	9126
6963	295	41	187	8507	0	9030
6964	252	41	118	8659	0	9070
6965	246	36	78	8676	0	9036
6966	201	48	53	8880	0	9182
6967	8019	49	82	928	0	9078
6968	565	7850	122	511	0	9048
6969	313	400	103	8339	0	9155
6970	8172	139	91	750	0	9152
6971	620	95	80	8288	0	9083
6972	295	79	69	8624	0	9067
6973	8013	65	53	874	0	9005
6974	8342	60	67	534	0	9003
6975	733	83	7760	407	0	8983
6976	384	81	413	8093	0	8971
6977	361	54	7827	728	0	8970
6978	296	66	475	8070	0	8907
6979	258	36	165	8327	0	8786
6980	278	42	120	8446	0	8886
6981	305	37	7642	868	0	8852
6982	242	7224	449	546	0	8461
6983	195	7923	189	481	0	8788
6984	214	455	163	7955	0	8787
6985	7640	165	151	710	0	8666
6986	526	117	7480	492	0	8615
6987	278	71	7902	422	0	8673
6988	232	55	547	7864	0	8698
6989	178	85	281	7764	0	8308
6990	164	7697	180	731	0	8772
6991	140	455	154	7923	0	8672
6992	178	182	132	8423	0	8915
6993	168	148	125	8580	0	9021
6994	7960	84	143	835	0	9022
6995	8162	76	139	499	0	8876
6996	611	71	106	8177	0	8965
6997	313	7820	94	698	0	8925
6998	251	410	86	8163	0	8910
6999	7745	178	75	749	0	8747
7000	484	7894	68	514	0	8960
7001	286	390	57	7317	0	8050
7002	246	7491	55	586	0	8378
7003	7380	412	62	417	0	8271
7004	7133	173	68	338	0	7712
7005	560	7129	54	288	0	8031
7006	275	7225	73	265	0	7838
7007	209	437	6508	208	0	7362
7008	111	6086	289	194	0	6680
7009	161	336	105	5283	0	5885
7010	109	142	5060	293	0	5604
7011	32	3585	122	101	0	3840
7012	22	80	68	2934	0	3104
7013	8	47	12	3040	0	3107
7014	10	12	7	3097	0	3126
7015	2970	9	9	137	0	3125
7016	81	12	2865	82	0	3040
7017	53	15	2883	35	0	2986
7018	16	16	103	2909	0	3044
7019	16	11	3105	88	0	3220
7020	21	18	83	3114	0	3236
7021	11	16	58	2956	0	3041
7022	17	8	18	3261	0	3304
7023	10	20	16	3260	0	3306
7024	3118	19	12	141	0	3290
7025	3137	20	7	83	0	3247
7026	120	9	8	3190	0	3327
7027	70	14	3368	89	0	3541
7028	29	14	76	3385	0	3504
7029	21	3250	55	96	0	3422
7030	14	69	24	3340	0	3447
7031	3275	58	10	101	0	3444
7032	3327	21	16	80	0	3444
7033	116	11	16	3312	0	3455
7034	59	26	11	3349	0	3445
7035	20	11	12	3458	0	3501
7036	3308	14	12	143	0	3477
7037	89	15	3264	79	0	3447
7038	58	4	3185	48	0	3295
7039	10	3116	110	28	0	3264
7040	3140	61	55	25	0	3281
7041	75	39	15	3181	0	3310
7042	51	22	3269	75	0	3417
7043	19	3170	60	70	0	3319
7044	11	3330	48	36	0	3425
7045	14	84	13	3320	0	3431
7046	10	43	8	3325	0	3386
7047	14	3253	11	98	0	3376
7048	23	57	10	3377	0	3467
7049	18	48	10	3374	0	3450
7050	3325	14	20	107	0	3466
7051	55	3297	9	78	0	3439
7052	46	65	10	3329	0	3450
7053	21	42	3219	84	0	3366
7054	18	30	54	3179	0	3281
7055	3174	14	40	70	0	3298
7056	55	3168	11	63	0	3297
7057	42	52	9	3174	0	3277
7058	13	40	3091	75	0	3219
7059	20	17	3187	61	0	3285
7060	14	15	89	3343	0	3461
7061	14	12	50	3419	0	3495
7062	3414	19	17	96	0	3546
7063	59	3546	14	59	0	3678
7064	3605	60	7	43	0	3715
7065	70	49	3618	23	0	3760
7066	3469	25	58	36	0	3588
7067	73	21	3705	20	0	3819
7068	3611	26	68	31	0	3736
7069	3765	19	56	46	0	3886
7070	113	15	3969	39	0	4136
7071	63	27	3929	39	0	4058
7072	41	3851	101	47	0	4040
7073	29	67	54	4148	0	4298
7074	4301	57	25	92	0	4475
7075	81	22	32	4364	0	4499
7076	66	20	34	4451	0	4571
7077	32	11	24	4570	0	4637
7078	32	21	4489	139	0	4681
7079	4115	14	92	92	0	4313
7080	4533	20	60	55	0	4668
7081	113	4586	30	46	0	4775
7082	77	73	26	4606	0	4782
7083	35	4655	18	103	0	4811
7084	33	93	17	4781	0	4924
7085	4699	51	15	135	0	4900
7086	97	4774	22	87	0	4980
7087	75	83	25	4655	0	4838
7088	4592	46	27	106	0	4771
7089	4653	38	8	67	0	4766
7090	143	18	20	4532	0	4713
7091	79	29	4508	98	0	4714
7092	58	49	80	4279	0	4466
7093	36	4516	50	90	0	4692
7094	4487	86	21	69	0	4663
7095	82	4512	15	45	0	4654
7096	61	76	12	4449	0	4598
7097	4540	36	9	85	0	4670
7098	92	27	12	4688	0	4819
7099	47	12	26	4740	0	4825
7100	34	12	4654	130	0	4830
7101	24	4663	82	62	0	4831
7102	4550	72	29	37	0	4688
7103	4074	60	26	43	0	4203
7104	79	4346	14	37	0	4476
7105	42	4447	10	18	0	4517
7106	35	74	9	4428	0	4546
7107	4406	29	7	81	0	4523
7108	65	4363	17	31	0	4476
7109	26	77	8	4454	0	4565
7110	30	28	4409	70	0	4537
7111	27	17	56	4391	0	4491
7112	4486	19	21	77	0	4603
7113	64	4503	15	35	0	4617
7114	30	77	9	4688	0	4804
7115	33	27	4610	77	0	4747
7116	26	31	4545	26	0	4628
7117	15	19	76	4681	0	4791
7118	14	12	39	4789	0	4854
7119	17	4674	25	105	0	4821
7120	24	75	9	4725	0	4833
7121	4764	39	3	95	0	4901
7122	83	29	8	4829	0	4949
7123	4820	18	18	106	0	4962
7124	96	4742	27	45	0	4910
7125	34	4914	15	42	0	5005
7126	24	96	11	5086	0	5217
7127	24	46	18	4935	0	5023
7128	27	25	4891	121	0	5064
7129	34	19	88	4817	0	4958
7130	4934	13	27	123	0	5097
7131	109	19	4908	43	0	5079
7132	39	22	88	5056	0	5205
7133	33	37	5321	104	0	5495
7134	20	21	94	5322	0	5457
7135	24	20	37	5299	0	5380
7136	19	15	36	5523	0	5593
7137	27	17	5446	153	0	5643
7138	26	26	97	5309	0	5458
7139	26	5421	42	125	0	5614
7140	20	101	30	5581	0	5732
7141	16	36	31	5585	0	5668
7142	5426	26	18	156	0	5626
7143	97	22	5326	88	0	5533
7144	41	15	91	5449	0	5596
7145	33	21	5334	125	0	5513
7146	32	22	5161	70	0	5285
7147	23	34	126	5477	0	5660
7148	26	23	49	5324	0	5422
7149	22	21	33	5826	0	5902
7150	5687	19	20	166	0	5892
7151	112	24	5614	78	0	5828
7152	5851	19	96	99	0	6065
7153	118	25	48	6284	0	6475
7154	53	15	49	6481	0	6598
7155	34	6852	31	170	0	7087
7156	36	107	20	7178	0	7341
7157	21	37	22	7217	0	7297
7158	33	33	24	7178	0	7268
7159	6772	16	36	170	0	6994
7160	113	19	6478	84	0	6694
7161	5969	11	87	98	0	6165
7162	116	6583	35	51	0	6785
7163	6498	92	22	44	0	6656
7164	97	6444	17	45	0	6603
7165	35	6571	12	39	0	6657
7166	41	95	17	6679	0	6832
7167	6771	39	10	121	0	6941
7168	95	29	11	6826	0	6961
7169	34	6545	10	133	0	6722
7170	24	7048	11	56	0	7139
7171	36	133	13	7193	0	7375
7172	12	46	17	7146	0	7221
7173	21	7133	8	174	0	7336
7174	8	143	12	7353	0	7516
7175	18	39	9	7400	0	7466
7176	11	28	14	7512	0	7565
7177	7364	15	11	197	0	7587
7178	122	22	7291	88	0	7523
7179	7206	17	115	71	0	7409
7180	7722	13	38	54	0	7827
7181	7692	19	26	35	0	7772
7182	156	7478	10	33	0	7677
7183	60	109	7	7572	0	7748
7184	7665	37	7	136	0	7845
7185	119	28	9	7835	0	7991
7186	7753	10	15	140	0	7918
7187	117	8244	12	63	0	8436
7188	8779	102	8	67	0	8956
7189	8990	35	7	47	0	9079
7190	9165	24	8	30	0	9227
7191	160	13	12	9044	0	9229
7192	77	15	5	9345	0	9442
7193	9499	16	6	178	0	9699
7194	120	9275	8	76	0	9479
7195	51	9300	7	51	0	9409
7196	9792	116	4	56	0	9968
7197	116	53	8	9830	0	10007
7198	55	29	9	9868	0	9961
7199	47	15	6	10141	0	10209
7200	21	9916	6	194	0	10137
7201	10052	124	11	77	0	10264
7202	139	44	9	10232	0	10424
7203	61	10422	8	144	0	10635
7204	52	154	8	10950	0	11164
7205	39	46	8	11028	0	11121
7206	26	35	8	10946	0	11015
7207	30	16	8	11138	0	11192
7208	11080	26	7	210	0	11323
7209	10975	19	13	115	0	11122
7210	11233	19	9	82	0	11343
7211	187	23	4	11272	0	11486
7212	93	12	10969	176	0	11250
7213	64	29	9787	100	0	9980
7214	49	28	10391	79	0	10547
7215	11208	20	160	65	0	11453
7216	152	13	60	11428	0	11653
7217	76	16	31	11329	0	11452
7218	48	25	20	11595	0	11688
7219	11456	13	17	200	0	11686
7220	11353	12	13	110	0	11488
7221	167	11958	12	76	0	12213
7222	82	106	19	12186	0	12393
7223	61	44	11937	149	0	12191
7224	43	11953	101	73	0	12170
7225	48	116	46	12280	0	12490
7226	37	65	26	12353	0	12481
7227	45	43	15	12182	0	12285
7228	42	23	21	11899	0	11985
7229	42	25	11882	180	0	12129
7230	48	20	11057	109	0	11234
7231	36	11868	115	87	0	12106
7232	32	92	42	12152	0	12318
7233	30	35	28	11944	0	12037
7234	11769	22	19	150	0	11960
7235	110	21	11824	68	0	12023
7236	56	19	91	11776	0	11942
7237	37	11	49	12152	0	12249
7238	36	26	12358	153	0	12573
7239	32	12250	94	83	0	12459
7240	12433	96	38	77	0	12644
7241	113	47	12353	47	0	12560
7242	11773	24	98	83	0	11978
7243	128	22	12879	51	0	13080
7244	57	23	113	13052	0	13245
7245	52	25	13059	133	0	13269
7246	37	27	13206	84	0	13354
7247	46	11	118	13572	0	13747
7248	124	64	222	10098	0	10508
7249	34	13	32	14107	0	14186
7250	34	13	37	13594	0	13678
7251	33	18	29	13520	0	13600
7252	32	18	13545	186	0	13781
7253	43	21	12382	109	0	12555
7254	23	13445	114	64	0	13646
7255	13527	105	48	64	0	13744
7256	128	42	50	13751	0	13971
7257	13849	17	26	171	0	14063
7258	148	24	26	13782	0	13980
7259	14065	13	24	211	0	14313
7260	166	13	25	14220	0	14424
7261	70	13	18	14301	0	14402
7262	46	14329	23	212	0	14610
7263	33	118	22	14859	0	15032
7264	35	55	26	14812	0	14928
7265	40	25	21	14674	0	14760
7266	37	12	15	14654	0	14718
7267	21	14112	26	211	0	14370
7268	14224	99	15	118	0	14456
7269	104	14102	15	84	0	14305
7270	41	93	9	13973	0	14116
7271	13681	30	10	133	0	13854
7272	106	27	13099	54	0	13286
7273	46	22	12884	43	0	12995
7274	39	25	112	12663	0	12839
7275	23	12	50	13408	0	13493
7276	21	9	25	13433	0	13488
7277	39	18	37	12188	0	12282
7278	20	4	15	12972	0	13011
7279	11	12718	12	146	0	12887
7280	19	82	13	13101	0	13215
7281	12938	27	15	158	0	13138
7282	98	20	10	13008	0	13136
7283	35	19	13123	126	0	13303
7284	31	25	107	12761	0	12924
7285	12821	7	35	160	0	13023
7286	101	13061	31	65	0	13258
7287	43	108	15	13776	0	13942
7288	31	36	14	14151	0	14232
7289	26	24	13805	301	0	14156
7290	33	28	17504	102	0	17667
7291	21523	14	617	78	0	22232
7292	874	10	185	21798	0	22867
7293	378	13	177	22708	0	23276
7294	317	22	23372	1246	0	24957
7295	229	61	23616	705	0	24611
7296	98	23426	1284	576	0	25384
7297	79	908	669	23507	0	25163
7298	58	370	23720	985	0	25133
7299	32	23463	1215	470	0	25180
7300	23123	1100	548	399	0	25170
7301	24342	483	432	323	0	25580
7302	1337	353	310	23115	0	25115
7303	712	23535	213	1019	0	25479
7304	23628	1060	195	513	0	25396
7305	1350	533	164	21781	0	23828
7306	620	429	22749	1127	0	24925
7307	479	23032	1013	600	0	25124
7308	22914	1103	496	466	0	24979
7309	23951	508	426	374	0	25259
7310	1462	480	297	23013	0	25252
7311	835	317	183	23917	0	25252
7312	650	240	22705	1491	0	25086
7313	484	198	1065	23137	0	24884
7314	372	185	537	22532	0	23626
7315	339	107	416	23680	0	24542
7316	241	135	290	23946	0	24612
7317	226	150	194	23205	0	23775
7318	249	22092	144	2039	0	24524
7319	22155	973	154	1302	0	24584
7320	1090	450	21951	974	0	24465
7321	521	21726	1040	732	0	24019
7322	526	1157	489	22325	0	24497
7323	22085	526	441	1401	0	24453
7324	1172	409	339	22383	0	24303
7325	579	358	226	23004	0	24167
7326	506	205	220	23410	0	24341
7327	360	209	232	23618	0	24419
7328	321	184	21408	2218	0	24131
7329	249	21562	1043	1469	0	24323
7330	21727	1076	495	1144	0	24442
7331	1168	518	21769	885	0	24340
7332	624	484	1268	22020	0	24396
7333	21947	373	635	1490	0	24445
7334	1349	21782	542	866	0	24539
7335	22153	1155	452	812	0	24572
7336	1554	685	355	20460	0	23054
7337	913	497	270	22814	0	24494
7338	730	403	226	22793	0	24152
7339	594	270	165	23104	0	24133
7340	21320	247	176	2326	0	24069
7341	1272	249	179	22342	0	24042
7342	781	169	202	23040	0	24192
7343	20818	247	176	2204	0	23445
7344	1510	201	20115	1326	0	23152
7345	784	213	1097	21132	0	23226
7346	19883	151	516	1888	0	22438
7347	20705	154	408	1106	0	22373
7348	1703	164	331	20001	0	22199
7349	1073	142	267	20183	0	21665
7350	816	18820	230	1977	0	21843
7351	627	1033	180	20287	0	22127
7352	503	479	155	20698	0	21835
7353	352	361	18415	2305	0	21433
7354	389	303	18553	1500	0	20745
7355	278	18137	1376	1293	0	21084
7356	327	1060	766	18375	0	20528
7357	357	506	661	19382	0	20906
7358	18226	471	530	1887	0	21114
7359	1173	427	362	18821	0	20783
7360	693	247	17680	1998	0	20618
7361	669	233	1137	18670	0	20709
7362	479	216	17360	1981	0	20036
7363	375	209	18064	1284	0	19932
7364	337	259	1642	17445	0	19683
7365	308	218	925	18773	0	20224
7366	17492	232	703	2029	0	20456
7367	18347	193	530	1287	0	20357
7368	1596	151	435	18337	0	20519
7369	18413	204	358	1796	0	20771
7370	19272	131	248	1183	0	20834
7371	1909	139	278	18597	0	20923
7372	1128	192	231	19598	0	21149
7373	18722	123	217	2015	0	21077
7374	19465	110	231	1403	0	21209
7375	1821	74	221	19031	0	21147
7376	1149	17895	231	1912	0	21187
7377	968	990	218	19071	0	21247
7378	761	402	158	20026	0	21347
7379	491	348	17939	2262	0	21040
7380	499	286	946	19643	0	21374
7381	17582	195	486	2169	0	20432
7382	1188	18127	479	1426	0	21220
7383	18615	1029	328	1079	0	21051
7384	18969	480	232	905	0	20586
7385	19559	435	182	802	0	20978
7386	2029	407	185	18016	0	20637
7387	1306	241	16001	1481	0	19029
7388	1105	214	15899	889	0	18107
7389	703	15325	1224	928	0	18180
7390	340	11421	484	533	0	12778
7391	155	7355	102	153	0	7765
7392	140	7215	130	162	0	7647
7393	229	225	6931	147	0	7532
7394	5256	158	254	88	0	5756
7395	100	31	36	5340	0	5507
7396	50	21	22	5207	0	5300
7397	39	13	14	5233	0	5299
7398	36	5165	20	119	0	5340
7399	5056	84	18	67	0	5225
7400	109	35	5116	46	0	5306
7401	34	4785	74	25	0	4918
7402	32	80	23	4894	0	5029
7403	4918	19	20	86	0	5043
7404	84	12	14	4918	0	5028
7405	37	12	4779	89	0	4917
7406	26	4	4700	49	0	4779
7407	22	5	81	4883	0	4991
7408	19	9	32	4914	0	4974
7409	4920	12	19	99	0	5050
7410	85	9	4906	43	0	5043
7411	4743	5	80	45	0	4873
7412	4902	8	16	26	0	4952
7413	109	5	11	4934	0	5059
7414	39	9	5026	81	0	5155
7415	26	12	73	5000	0	5111
7416	5074	3	25	103	0	5205
7417	82	5140	21	36	0	5279
7418	5261	81	14	45	0	5401
7419	99	22	19	5350	0	5490
7420	49	5517	14	103	0	5683
7421	27	126	7	5541	0	5701
7422	36	29	8	5601	0	5674
7423	24	5535	10	151	0	5720
7424	21	120	13	5694	0	5848
7425	18	33	14	5797	0	5862
7426	30	17	19	5873	0	5939
7427	17	19	5774	180	0	5990
7428	14	5710	136	77	0	5937
7429	5912	119	40	63	0	6134
7430	147	41	23	6159	0	6370
7431	53	6594	29	144	0	6820
7432	7064	179	16	78	0	7337
7433	209	59	16	7077	0	7361
7434	76	45	6	7253	0	7380
7435	63	25	7	7172	0	7267
7436	39	37	15	7111	0	7202
7437	6944	20	13	315	0	7292
7438	205	16	13	7103	0	7337
7439	83	23	11	7252	0	7369
7440	7090	21	8	307	0	7426
7441	221	21	15	7195	0	7452
7442	95	30	7007	270	0	7402
7443	76	14	177	7130	0	7397
7444	6909	17	75	283	0	7284
7445	212	17	48	7091	0	7368
7446	94	25	6880	285	0	7284
7447	82	22	6687	157	0	6948
7448	6849	21	264	130	0	7264
7449	7289	14	108	111	0	7522
7450	7360	16	63	75	0	7514
7451	7421	15	41	94	0	7571
7452	338	18	7174	70	0	7600
7453	166	14	209	7111	0	7500
7454	130	15	83	7399	0	7627
7455	7243	21	50	322	0	7636
7456	226	20	49	7397	0	7692
7457	110	15	7196	288	0	7609
7458	81	17	202	7332	0	7632
7459	84	13	7275	293	0	7665
7460	60	7270	234	162	0	7726
7461	7476	195	112	108	0	7891
7462	255	68	73	7516	0	7912
7463	117	53	7325	285	0	7780
7464	103	41	220	7399	0	7763
7465	104	18	100	7960	0	8182
7466	66	21	7754	395	0	8236
7467	76	23	267	7851	0	8217
7468	7756	12	121	398	0	8287
7469	288	21	7027	226	0	7562
7470	7054	31	242	167	0	7494
7471	327	7102	123	133	0	7685
7472	176	211	6980	118	0	7485
7473	120	83	7158	116	0	7477
7474	141	88	349	5948	0	6526
7475	66	54	166	6761	0	7047
7476	91	27	6755	355	0	7228
7477	62	26	251	6801	0	7140
7478	6728	18	148	370	0	7264
7479	6878	20	111	217	0	7226
7480	326	15	90	6731	0	7162
7481	199	39	69	6703	0	7010
7482	139	6702	67	358	0	7266
7483	6894	209	71	226	0	7400
7484	281	93	75	6883	0	7332
7485	149	6989	70	348	0	7556
7486	7133	233	65	233	0	7664
7487	7291	98	72	176	0	7637
7488	355	7333	54	187	0	7929
7489	226	239	63	7398	0	7926
7490	151	107	63	7523	0	7844
7491	129	66	7101	416	0	7712
7492	113	66	249	7117	0	7545
7493	7044	45	142	394	0	7625
7494	314	35	103	7104	0	7556
7495	166	44	6812	394	0	7416
7496	6756	28	278	243	0	7305
7497	313	26	143	6945	0	7427
7498	187	38	6833	363	0	7421
7499	156	30	280	6930	0	7396
7500	143	21	6859	387	0	7410
7501	103	33	314	6946	0	7396
7502	126	20	164	7150	0	7460
7503	6825	36	123	450	0	7434
7504	283	6772	109	284	0	7448
7505	6931	222	100	237	0	7490
7506	6994	109	98	156	0	7357
7507	7069	69	68	167	0	7373
7508	438	6801	93	123	0	7455
7509	254	265	6763	133	0	7415
7510	182	120	290	6787	0	7379
7511	6904	82	163	340	0	7489
7512	7097	58	123	209	0	7487
7513	412	38	102	6825	0	7377
7514	6861	45	83	373	0	7362
7515	376	45	6664	226	0	7311
7516	6671	32	268	205	0	7176
7517	409	32	6544	152	0	7137
7518	224	6311	295	153	0	6983
7519	6347	203	172	129	0	6851
7520	6191	96	137	154	0	6578
7521	326	6107	117	124	0	6674
7522	6190	220	94	126	0	6630
7523	6103	116	74	138	0	6431
7524	373	78	5857	115	0	6423
7525	5735	63	233	99	0	6130
7526	352	31	5638	104	0	6125
7527	205	81	241	5125	0	5652
7528	147	5351	159	217	0	5874
7529	132	172	5297	152	0	5753
7530	4665	136	245	178	0	5224
7531	4505	87	102	118	0	4812
7532	230	25	57	4187	0	4499
7533	157	34	4143	143	0	4477
7534	87	25	147	4155	0	4414
7535	4085	18	90	169	0	4362
7536	168	4098	82	117	0	4465
7537	4115	124	42	84	0	4365
7538	4172	58	50	59	0	4339
7539	200	4068	35	62	0	4365
7540	129	123	43	4030	0	4325
7541	4168	71	23	142	0	4404
7542	192	59	32	4183	0	4466
7543	111	43	43	4349	0	4546
7544	118	39	4323	173	0	4653
7545	97	25	139	4294	0	4555
7546	105	26	58	4454	0	4643
7547	4310	35	68	208	0	4621
7548	4374	22	51	122	0	4569
7549	231	24	34	4334	0	4623
7550	127	28	4206	172	0	4533
7551	114	27	4156	99	0	4396
7552	96	21	181	4146	0	4444
7553	71	22	4305	193	0	4591
7554	67	31	179	4226	0	4503
7555	89	26	90	4214	0	4419
7556	4260	24	60	220	0	4564
7557	185	21	4176	115	0	4497
7558	4082	24	146	95	0	4347
7559	4180	10	88	80	0	4358
7560	221	22	3968	73	0	4284
7561	128	23	3971	61	0	4183
7562	121	177	172	3603	0	4073
7563	96	3561	84	121	0	3862
7564	79	3774	67	66	0	3986
7565	79	103	42	3374	0	3598
7566	65	44	35	3270	0	3414
7567	56	35	27	3439	0	3557
7568	65	20	35	3515	0	3635
7569	3371	15	27	142	0	3555
7570	123	23	28	3385	0	3559
7571	61	16	3296	128	0	3501
7572	64	12	109	3198	0	3383
7573	68	3222	36	121	0	3447
7574	73	77	34	3255	0	3439
7575	3259	23	33	121	0	3436
7576	110	23	43	3328	0	3504
7577	64	19	3277	121	0	3481
7578	59	3167	105	54	0	3385
7579	48	81	47	3288	0	3464
7580	3240	35	38	120	0	3433
7581	3285	22	29	73	0	3409
7582	133	16	28	3218	0	3395
7583	75	20	3003	117	0	3215
7584	81	13	2813	56	0	2963
7585	2882	16	116	53	0	3067
7586	120	11	2994	54	0	3179
7587	44	11	2879	43	0	2977
7588	62	43	96	2619	0	2820
7589	2793	7	43	94	0	2937
7590	2734	2	33	58	0	2827
7591	2770	19	24	45	0	2858
7592	108	10	2919	44	0	3081
7593	63	14	2973	35	0	3085
7594	43	3193	102	23	0	3361
7595	40	64	44	3160	0	3308
7596	30	29	37	3278	0	3374
7597	22	15	35	3087	0	3159
7598	22	8	29	3282	0	3341
7599	29	4	3179	124	0	3336
7600	27	3166	84	77	0	3354
7601	3403	67	50	46	0	3566
7602	3887	29	33	44	0	3993
7603	4042	13	26	40	0	4121
7604	163	4020	21	37	0	4241
7605	65	90	25	4002	0	4182
7606	4096	20	28	136	0	4280
7607	124	4259	31	49	0	4463
7608	4223	110	15	43	0	4391
7609	112	4214	15	32	0	4373
7610	4241	111	13	32	0	4397
7611	4306	31	9	35	0	4381
7612	136	23	24	4296	0	4479
7613	50	20	13	4514	0	4597
7614	49	14	4385	142	0	4590
7615	42	19	4216	51	0	4328
7616	4358	7	134	43	0	4542
7617	4594	19	51	40	0	4704
7618	173	13	34	4496	0	4716
7619	89	18	22	4598	0	4727
7620	61	21	4434	169	0	4685
7621	63	22	121	4329	0	4535
7622	35	31	4335	169	0	4570
7623	48	18	143	4352	0	4561
7624	50	26	49	4513	0	4638
7625	4393	24	34	193	0	4644
7626	4415	20	23	97	0	4555
7627	180	23	31	4385	0	4619
7628	98	12	36	4429	0	4575
7629	73	11	4290	193	0	4567
7630	58	9	131	4362	0	4560
7631	46	16	4356	197	0	4615
7632	4305	10	160	100	0	4575
7633	168	11	76	4422	0	4677
7634	4427	16	43	178	0	4664
7635	166	4373	48	95	0	4682
7636	4501	124	27	108	0	4760
7637	175	49	34	4469	0	4727
7638	100	31	36	4416	0	4583
7639	71	4350	48	189	0	4658
7640	75	119	34	4477	0	4705
7641	52	49	4373	214	0	4688
7642	63	28	141	4376	0	4608
7643	61	23	4226	188	0	4498
7644	56	4026	147	94	0	4323
7645	46	102	57	4122	0	4327
7646	35	32	4082	174	0	4323
7647	46	32	4016	82	0	4176
7648	40	27	141	3996	0	4204
7649	3980	11	76	136	0	4203
7650	134	23	3917	97	0	4171
7651	63	15	117	3933	0	4128
7652	3981	31	57	154	0	4223
7653	124	3836	47	94	0	4101
7654	4162	100	48	100	0	4410
7655	142	37	35	4163	0	4377
7656	68	36	33	4226	0	4363
7657	58	37	27	4348	0	4470
7658	4233	14	39	203	0	4489
7659	114	21	50	4288	0	4473
7660	66	11	50	4390	0	4517
7661	4159	23	54	185	0	4421
7662	139	21	4137	114	0	4411
7663	59	18	136	4241	0	4454
7664	69	17	4181	162	0	4429
7665	4047	16	131	113	0	4307
7666	159	26	56	4257	0	4498
7667	97	23	4260	144	0	4524
7668	4108	20	118	122	0	4368
7669	4331	20	49	105	0	4505
7670	163	25	4406	77	0	4671
7671	101	27	117	4382	0	4627
7672	80	20	63	4536	0	4699
7673	65	17	4534	191	0	4807
7674	59	4458	125	121	0	4763
7675	55	97	4591	95	0	4838
7676	4335	44	134	99	0	4612
7677	131	31	4659	81	0	4902
7678	4390	10	146	86	0	4632
7679	145	12	4642	82	0	4881
7680	4403	15	163	76	0	4657
7681	150	4663	84	76	0	4973
7682	93	97	72	4636	0	4898
7683	73	35	60	4831	0	4999
7684	67	29	4772	177	0	5045
7685	60	25	129	4555	0	4769
7686	64	4592	64	150	0	4870
7687	4550	92	65	96	0	4803
7688	119	4583	63	78	0	4843
7689	62	96	36	4756	0	4950
7690	4760	29	41	161	0	4991
7691	127	4779	42	98	0	5046
7692	4632	119	43	67	0	4861
7693	169	40	4717	50	0	4976
7694	76	34	150	4735	0	4995
7695	70	11	69	4773	0	4923
7696	60	23	59	4916	0	5058
7697	4900	19	48	182	0	5149
7698	4960	26	35	100	0	5121
7699	4954	27	39	86	0	5106
7700	4927	13	27	81	0	5048
7701	170	21	4588	59	0	4838
7702	3831	10	77	26	0	3944
7703	108	3869	39	20	0	4036
7704	49	3978	27	26	0	4080
7705	4051	76	81	33	0	4241
7706	4120	28	15	23	0	4186
7707	93	16	8	3924	0	4041
7708	4089	5	13	80	0	4187
7709	4105	6	10	32	0	4153
7710	4402	6	6	35	0	4449
7711	111	4	12	4389	0	4516
7712	48	4264	7	81	0	4400
7713	32	4445	6	25	0	4508
7714	28	83	10	4472	0	4593
7715	4375	36	8	83	0	4502
7716	68	4462	6	23	0	4559
7717	17	60	3	4473	0	4553
7718	19	20	4451	68	0	4558
7719	4008	14	54	37	0	4113
7720	68	4447	14	22	0	4551
7721	26	4664	16	13	0	4719
7722	4589	70	6	20	0	4685
7723	75	24	4667	14	0	4780
7724	30	13	62	4534	0	4639
7725	26	4720	20	57	0	4823
7726	20	68	12	4808	0	4908
7727	25	19	6	4754	0	4804
7728	32	4309	26	80	0	4447
7729	17	67	11	5096	0	5191
7730	22	25	7	5102	0	5156
7731	5069	20	9	86	0	5184
7732	81	4965	5	36	0	5087
7733	5110	66	6	27	0	5209
7734	88	28	5	5097	0	5218
7735	29	5103	5	76	0	5213
7736	31	62	5154	22	0	5269
7737	32	22	69	5181	0	5304
7738	24	33	18	5416	0	5491
7739	14	16	5594	104	0	5728
7740	5260	18	75	48	0	5401
7741	96	14	24	6146	0	6280
7742	6145	15	22	139	0	6321
7743	143	15	6010	49	0	6217
7744	55	15	119	6085	0	6274
7745	34	27	6481	135	0	6677
7746	20	17	138	6524	0	6699
7747	26	14	48	6674	0	6762
7748	6679	17	24	176	0	6896
7749	133	6670	11	74	0	6888
7750	6751	133	16	41	0	6941
7751	153	52	6670	18	0	6893
7752	53	25	132	6708	0	6918
7753	35	20	6870	140	0	7065
7754	5869	15	154	95	0	6133
7755	6668	9	48	56	0	6781
7756	181	20	6692	23	0	6916
7757	6546	18	130	37	0	6731
7758	6963	14	57	30	0	7064
7759	188	12	31	6875	0	7106
7760	87	14	6730	158	0	6989
7761	56	20	6803	62	0	6941
7762	34	23	182	6935	0	7174
7763	43	13	76	6867	0	6999
7764	37	6751	45	192	0	7025
7765	39	7016	22	88	0	7165
7766	6985	171	26	61	0	7243
7767	162	69	35	6888	0	7154
7768	85	6709	26	170	0	6990
7769	46	7020	39	92	0	7197
7770	6665	177	26	75	0	6943
7771	173	72	45	6800	0	7090
7772	80	6828	29	177	0	7114
7773	64	161	30	6929	0	7184
7774	54	60	25	6990	0	7129
7775	54	40	35	7003	0	7132
7776	6835	27	25	241	0	7128
7777	180	6809	34	102	0	7125
7778	94	162	37	6826	0	7119
7779	77	53	36	6947	0	7113
7780	52	41	37	7023	0	7153
7781	54	30	6648	241	0	6973
7782	6363	20	173	113	0	6669
7783	194	21	73	6780	0	7068
7784	6685	25	59	193	0	6962
7785	6733	26	49	104	0	6912
7786	6717	25	32	89	0	6863
7787	240	29	6556	69	0	6894
7788	100	6516	181	51	0	6848
7789	75	157	75	6410	0	6717
7790	47	71	6427	182	0	6727
7791	52	47	6159	108	0	6366
7792	62	78	170	5995	0	6305
7793	40	6023	81	146	0	6290
7794	6112	135	38	103	0	6388
7795	6183	61	37	83	0	6364
7796	6285	50	19	89	0	6443
7797	6202	33	24	74	0	6333
7798	210	25	6060	71	0	6366
7799	5858	37	134	80	0	6109
7800	185	6130	57	77	0	6449
7801	82	133	47	6243	0	6505
7802	70	55	30	6377	0	6532
7803	6291	28	42	201	0	6562
7804	174	26	23	6327	0	6550
7805	97	18	6067	183	0	6365
7806	5722	18	144	107	0	5991
7807	6033	21	62	86	0	6202
7808	5941	20	54	62	0	6077
7809	215	27	5730	57	0	6029
7810	5329	24	170	63	0	5586
7811	160	5459	80	53	0	5752
7812	5583	119	45	67	0	5814
7813	168	58	41	5441	0	5708
7814	80	48	29	5464	0	5621
7815	65	5372	36	166	0	5639
7816	58	112	40	5365	0	5575
7817	58	5371	25	152	0	5606
7818	66	145	28	5347	0	5586
7819	59	5326	23	146	0	5554
7820	73	126	22	5293	0	5514
7821	57	5242	27	154	0	5480
7822	59	143	25	5453	0	5680
7823	53	5497	25	156	0	5731
7824	6033	151	21	104	0	6309
7825	224	73	28	6071	0	6396
7826	121	36	22	6223	0	6402
7827	82	42	20	6491	0	6635
7828	67	30	14	6441	0	6552
7829	51	29	6211	352	0	6643
7830	74	25	229	6282	0	6610
7831	65	26	93	6512	0	6696
7832	6299	34	44	324	0	6701
7833	6163	32	30	155	0	6380
7834	327	6154	24	94	0	6599
7835	141	232	21	6195	0	6589
7836	104	87	26	6702	0	6919
7837	6836	44	26	383	0	7289
7838	318	47	6278	169	0	6812
7839	6281	35	235	112	0	6663
7840	316	6533	89	70	0	7008
7841	6048	227	36	58	0	6369
7842	6089	75	18	41	0	6223
7843	301	5922	14	45	0	6282
7844	122	6201	21	34	0	6378
7845	111	282	19	5623	0	6035
7846	43	104	5536	245	0	5928
7847	5420	48	210	100	0	5778
7848	257	28	5531	63	0	5879
7849	5393	22	238	45	0	5698
7850	270	27	5498	35	0	5830
7851	96	5434	249	35	0	5814
7852	74	216	85	5437	0	5812
7853	5294	73	47	230	0	5644
7854	5516	51	38	87	0	5692
7855	307	37	21	5435	0	5800
7856	5601	25	27	248	0	5901
7857	5690	38	25	99	0	5852
7858	329	5424	23	74	0	5850
7859	5534	245	22	55	0	5856
7860	318	5484	28	30	0	5860
7861	126	265	25	5486	0	5902
7862	5314	91	22	285	0	5712
7863	5647	60	24	89	0	5820
7864	5721	43	21	64	0	5849
7865	363	40	5057	383	0	5843
7866	152	39	5586	55	0	5832
7867	100	37	305	5508	0	5950
7868	85	30	86	6012	0	6213
7869	77	6256	58	319	0	6710
7870	6381	306	23	127	0	6837
7871	341	119	28	6324	0	6812
7872	158	56	34	6547	0	6795
7873	104	41	6278	408	0	6831
7874	76	6003	282	186	0	6547
7875	75	6450	103	97	0	6725
7876	88	407	55	6349	0	6899
7877	6316	148	40	335	0	6839
7878	350	66	29	6393	0	6838
7879	144	56	41	6682	0	6923
7880	6414	47	29	444	0	6934
7881	6654	70	29	193	0	6946
7882	439	50	27	6499	0	7015
7883	220	39	6382	382	0	7023
7884	137	28	301	6599	0	7065
7885	93	37	117	6836	0	7083
7886	6587	38	73	495	0	7193
7887	386	36	42	6704	0	7168
7888	6716	44	28	465	0	7253
7889	422	33	6607	226	0	7288
7890	194	41	331	6865	0	7431
7891	130	49	120	7213	0	7512
7892	107	46	65	7353	0	7571
7893	104	50	50	7246	0	7450
7894	124	36	43	7169	0	7372
7895	102	54	6626	598	0	7380
7896	6571	50	357	267	0	7245
7897	412	41	132	6777	0	7362
7898	197	39	6508	486	0	7230
7899	155	38	6711	249	0	7153
7900	117	50	454	6624	0	7245
7901	6564	50	176	472	0	7262
7902	6738	46	114	233	0	7131
7903	6955	55	68	195	0	7273
7904	582	45	66	6306	0	6999
7905	269	6484	74	446	0	7273
7906	6618	358	81	248	0	7305
7907	6911	150	69	187	0	7317
7908	6978	94	70	161	0	7303
7909	6980	66	57	175	0	7278
7910	597	52	77	6570	0	7296
7911	293	54	6426	470	0	7243
7912	197	46	379	6573	0	7195
7913	188	39	6473	500	0	7200
7914	6413	37	409	261	0	7120
7915	6787	44	168	189	0	7188
7916	556	29	6376	188	0	7149
7917	6391	33	380	185	0	6989
7918	6879	32	159	199	0	7269
7919	574	34	110	6443	0	7161
7920	313	6445	85	424	0	7267
7921	6673	334	72	236	0	7315
7922	505	146	75	6246	0	6972
7923	272	6187	74	415	0	6948
7924	158	258	50	5930	0	6396
7925	135	85	5841	362	0	6423
7926	136	5878	253	204	0	6471
7927	5658	258	129	170	0	6215
7928	5780	93	115	157	0	6145
7929	5706	54	78	96	0	5934
7930	5789	33	69	122	0	6013
7931	383	45	54	5379	0	5861
7932	199	5370	69	277	0	5915
7933	5063	225	64	173	0	5525
7934	322	90	5301	119	0	5832
7935	189	5111	238	105	0	5643
7936	153	151	4756	75	0	5135
7937	104	76	207	4126	0	4513
7938	90	3807	100	196	0	4193
7939	94	162	39	4348	0	4643
7940	104	73	4542	198	0	4917
7941	102	43	174	4455	0	4774
7942	108	36	85	4645	0	4874
7943	99	26	53	4829	0	5007
7944	4551	34	42	280	0	4907
7945	219	4549	43	157	0	4968
7946	121	145	52	4665	0	4983
7947	4510	85	60	213	0	4868
7948	218	4538	38	150	0	4944
7949	4635	153	56	114	0	4958
7950	223	80	4660	96	0	5059
7951	166	47	170	4503	0	4886
7952	112	4667	96	193	0	5068
7953	4707	175	61	111	0	5054
7954	238	91	4578	74	0	4981
7955	153	4299	178	84	0	4714
7956	74	139	77	4356	0	4646
7957	77	84	42	4499	0	4702
7958	4385	40	46	205	0	4676
7959	181	45	37	4392	0	4655
7960	126	49	4256	178	0	4609
7961	103	33	126	4153	0	4415
7962	80	44	4296	162	0	4582
7963	91	33	140	4078	0	4342
7964	88	4258	74	158	0	4578
7965	4335	120	50	94	0	4599
7966	4232	72	37	63	0	4404
7967	189	4032	36	73	0	4330
7968	60	3727	38	26	0	3851
7969	76	65	20	3546	0	3707
7970	3498	27	27	64	0	3616
7971	81	19	12	3504	0	3616
7972	3477	12	29	62	0	3580
7973	86	3365	18	26	0	3495
7974	46	58	12	3455	0	3571
7975	37	28	3585	71	0	3721
7976	33	35	59	3491	0	3618
7977	30	21	22	3637	0	3710
7978	3671	18	12	82	0	3783
7979	65	3667	9	48	0	3789
7980	38	64	11	3741	0	3854
7981	3707	28	12	89	0	3836
7982	76	20	3709	34	0	3839
7983	3630	13	64	23	0	3730
7984	86	37	23	3757	0	3903
7985	44	3905	11	57	0	4017
7986	3875	49	5	34	0	3963
7987	79	24	3896	12	0	4011
7988	33	18	3750	20	0	3821
7989	21	3870	62	14	0	3967
7990	3820	33	31	17	0	3901
7991	32	14	5	3809	0	3860
7992	19	4	3	3768	0	3794
7993	3840	4	3	64	0	3911
7994	51	3	3836	25	0	3915
7995	28	9	47	3868	0	3952
7996	14	6	4123	55	0	4198
7997	11	4	59	4073	0	4147
7998	4	4077	34	58	0	4173
7999	15	58	6	4223	0	4302
8000	10	24	4147	66	0	4247
8001	3987	10	59	39	0	4095
8002	68	13	26	4255	0	4362
8003	33	2	4273	72	0	4380
8004	15	4	70	4160	0	4249
8005	9	8	32	4276	0	4325
8006	11	8	4156	96	0	4271
8007	11	10	4115	46	0	4182
8008	12	7	93	4269	0	4381
8009	15	5	4337	77	0	4434
8010	4185	1	83	47	0	4316
8011	73	3	33	4391	0	4500
8012	4388	4	19	87	0	4498
8013	76	27	4291	41	0	4435
8014	39	5	74	4347	0	4465
8015	19	1	4715	87	0	4822
8016	15	4576	96	44	0	4731
8017	21	65	4683	28	0	4797
8018	15	31	4382	31	0	4459
8019	4332	11	108	20	0	4471
8020	4574	4	54	26	0	4658
8021	112	5	4731	26	0	4874
8022	54	8	95	4417	0	4574
8023	25	7	58	4573	0	4663
8024	18	7	4813	124	0	4962
8025	18	4531	98	59	0	4706
8026	4489	76	51	27	0	4643
8027	96	35	4864	26	0	5021
8028	49	15	97	4822	0	4983
8029	24	9	49	4921	0	5003
8030	5121	7	32	132	0	5292
8031	5229	5	29	83	0	5346
8032	5252	11	18	33	0	5314
8033	5301	6	22	22	0	5351
8034	136	6	26	5219	0	5387
8035	58	12	5444	106	0	5620
8036	35	5	101	5388	0	5529
8037	21	2	65	5490	0	5578
8038	26	11	33	5817	0	5887
8039	32	14	5645	144	0	5835
8040	5078	5	100	68	0	5251
8041	109	4	62	5521	0	5696
8042	55	7	5683	127	0	5872
8043	41	5849	103	83	0	6076
8044	36	83	46	6081	0	6246
8045	33	41	30	6229	0	6333
8046	6124	13	17	147	0	6301
8047	112	6144	22	99	0	6377
8048	56	91	6205	42	0	6394
8049	38	44	110	6053	0	6245
8050	27	17	49	6232	0	6325
8051	6120	11	33	170	0	6334
8052	6098	7	29	97	0	6231
8053	153	11	23	6243	0	6430
8054	6247	8	19	135	0	6409
8055	121	6097	30	69	0	6317
8056	61	100	6478	43	0	6682
8057	37	46	107	6520	0	6710
8058	30	15	54	6873	0	6972
8059	35	7	30	6873	0	6945
8060	36	20	20	6735	0	6811
8061	23	6644	26	167	0	6860
8062	6596	99	31	87	0	6813
8063	112	51	21	6653	0	6837
8064	68	7019	18	142	0	7247
8065	7114	97	22	79	0	7312
8066	7007	42	21	65	0	7135
8067	149	7239	13	60	0	7461
8068	86	108	13	7472	0	7679
8069	47	53	23	7570	0	7693
8070	36	23	25	7354	0	7438
8071	32	20	22	7535	0	7609
8072	7638	13	13	196	0	7860
8073	7668	13	13	122	0	7816
8074	183	7855	16	62	0	8116
8075	82	174	7764	36	0	8056
8076	55	63	146	7804	0	8068
8077	7954	36	63	191	0	8244
8078	165	7708	31	85	0	7989
8079	85	7829	13	51	0	7978
8080	7970	191	15	47	0	8223
8081	8114	77	17	48	0	8256
8082	223	38	15	7969	0	8245
8083	80	30	8128	202	0	8440
8084	50	35	8017	115	0	8217
8085	8466	14	192	86	0	8758
8086	9101	25	63	51	0	9240
8087	9090	34	29	41	0	9194
8088	9026	22	22	57	0	9127
8089	9019	11	36	57	0	9123
8090	247	8973	20	40	0	9280
8091	98	152	16	9041	0	9307
8092	50	9654	25	148	0	9877
8093	9842	163	27	85	0	10117
8094	9806	47	10	60	0	9923
8095	9708	28	12	70	0	9818
8096	9790	21	19	49	0	9879
8097	195	9644	25	22	0	9886
8098	9801	128	35	34	0	9998
8099	175	9895	10	38	0	10118
8100	92	152	12	9974	0	10230
8101	9923	44	10	140	0	10117
8102	180	45	10214	46	0	10485
8103	81	23	121	9901	0	10126
8104	68	22	33	10335	0	10458
8105	61	30	10324	164	0	10579
8106	40	10376	123	69	0	10608
8107	10471	128	32	59	0	10690
8108	10459	44	22	35	0	10560
8109	174	10356	24	25	0	10579
8110	83	133	14	10467	0	10697
8111	73	51	10792	129	0	11045
8112	64	11084	110	60	0	11318
8113	11035	131	37	64	0	11267
8114	151	74	11191	24	0	11440
8115	9913	34	113	48	0	10108
8116	10811	26	28	42	0	10907
8117	173	27	11351	39	0	11590
8118	69	11321	122	36	0	11548
8119	83	127	51	10960	0	11221
8120	58	42	11635	110	0	11845
8121	10592	32	123	69	0	10816
8122	11375	22	40	43	0	11480
8123	154	11428	30	52	0	11664
8124	77	109	15	11475	0	11676
8125	50	40	14	11744	0	11848
8126	40	39	11776	128	0	11983
8127	46	11791	105	44	0	11986
8128	12467	112	39	75	0	12693
8129	12560	42	25	44	0	12671
8130	12673	36	19	52	0	12780
8131	160	31	12501	13	0	12705
8132	12024	23	97	31	0	12175
8133	12730	21	42	27	0	12820
8134	163	14	23	12751	0	12951
8135	70	22	12529	101	0	12722
8136	58	24	100	12313	0	12495
8137	44	29	12677	104	0	12854
8138	52	25	104	12186	0	12367
8139	32	12264	34	106	0	12436
8140	26	12980	23	44	0	13073
8141	37	103	20	13190	0	13350
8142	35	58	34	12586	0	12713
8143	12696	31	12	149	0	12888
8144	117	31	12599	46	0	12793
8145	11820	13	107	55	0	11995
8146	124	12817	35	20	0	12996
8147	12891	106	19	33	0	13049
8148	12943	35	18	32	0	13028
8149	156	29	8	12873	0	13066
8150	68	11	13329	114	0	13522
8151	50	10	121	13239	0	13420
8152	42	13944	39	112	0	14137
8153	43	143	20	14186	0	14392
8154	30	50	25	14288	0	14393
8155	14086	30	12	204	0	14332
8156	160	18	22	13873	0	14073
8157	53	13569	18	175	0	13815
8158	55	137	6	13929	0	14127
8159	13927	50	11	198	0	14186
8160	162	13975	18	74	0	14229
8161	59	196	14	14367	0	14636
8162	57	45	15	14457	0	14574
8163	41	40	10	15044	0	15135
8164	48	25	8	14784	0	14865
8165	14877	20	16	357	0	15270
8166	263	31	14	15116	0	15424
8167	98	20	17	15422	0	15557
8168	72	17	11	15677	0	15777
8169	41	15557	19	413	0	16030
8170	15362	326	12	177	0	15877
8171	373	106	15508	91	0	16078
8172	112	15254	305	80	0	15751
8173	14966	290	84	66	0	15406
8174	320	101	15269	40	0	15730
8175	97	15200	275	44	0	15616
8176	96	324	103	14924	0	15447
8177	29	15265	61	269	0	15624
8178	32	310	15032	88	0	15462
8179	44	95	14960	87	0	15186
8180	23	15118	350	98	0	15589
8181	15117	271	119	70	0	15577
8182	15146	100	62	74	0	15382
8183	330	84	14407	32	0	14853
8184	159	34	13237	48	0	13478
8185	79	48	14004	26	0	14157
8186	60	32	374	13690	0	14156
8187	62	33	152	13570	0	13817
8188	40	29	85	14355	0	14509
8189	24	30	14312	404	0	14770
8190	34	37	298	13537	0	13906
8191	42	30	107	14164	0	14343
8192	27	27	13623	404	0	14081
8193	12857	37	311	203	0	13408
8194	313	33	119	13951	0	14416
8195	139	35	90	13838	0	14102
8196	91	13902	49	444	0	14486
8197	13879	312	84	201	0	14476
8198	357	133	13830	95	0	14415
8199	13513	75	348	90	0	14026
8200	404	38	132	13823	0	14397
8201	133	63	13895	391	0	14482
8202	117	43	352	13516	0	14028
8203	13592	36	157	436	0	14221
8204	360	33	13537	180	0	14110
8205	13031	31	370	163	0	13595
8206	13539	42	168	107	0	13856
8207	13734	36	118	105	0	13993
8208	496	13343	83	107	0	14029
8209	239	337	69	13665	0	14310
8210	13871	139	82	382	0	14474
8211	13813	86	78	173	0	14150
8212	14076	56	155	132	0	14419
8213	623	42	13480	94	0	14239
8214	13996	48	423	97	0	14564
8215	555	31	203	15119	0	15908
8216	240	35	15039	556	0	15870
8217	200	31	523	15464	0	16218
8218	129	36	234	15907	0	16306
8219	140	42	15640	783	0	16605
8220	125	29	603	15717	0	16474
8221	111	45	270	16300	0	16726
8222	97	51	17925	888	0	18961
8223	18463	31	818	477	0	19789
8224	20811	38	432	281	0	21562
8225	1333	27	316	20968	0	22644
8226	741	46	20671	998	0	22456
8227	518	31	1004	20028	0	21581
8228	358	19677	480	1206	0	21721
8229	297	874	377	20074	0	21622
8230	225	380	241	20921	0	21767
8231	19843	272	223	1616	0	21954
8232	20005	148	195	1007	0	21355
8233	20842	145	186	711	0	21884
8234	1663	119	160	19988	0	21930
8235	919	98	131	20872	0	22020
8236	689	88	19545	1594	0	21916
8237	545	59	971	19273	0	20848
8238	442	19334	490	1462	0	21728
8239	19673	897	384	815	0	21769
8240	1164	19300	249	713	0	21426
8241	19565	1156	249	559	0	21529
8242	1390	550	230	18244	0	20414
8243	730	19068	181	1178	0	21157
8244	19245	1115	197	706	0	21263
8245	19737	587	179	597	0	21100
8246	1646	452	157	18630	0	20885
8247	1016	18714	163	1268	0	21161
8248	733	1096	152	19054	0	21035
8249	582	548	18405	1493	0	21028
8250	17867	426	997	892	0	20182
8251	1262	18170	518	690	0	20640
8252	17990	1044	365	518	0	19917
8253	1439	580	233	17800	0	20052
8254	18247	452	233	1256	0	20188
8255	1537	271	17824	749	0	20381
8256	18739	253	1065	651	0	20708
8257	19245	232	529	473	0	20479
8258	1829	225	18335	472	0	20861
8259	1227	191	1122	18155	0	20695
8260	952	159	612	18925	0	20648
8261	18040	169	497	1665	0	20371
8262	1426	17636	357	1047	0	20466
8263	857	1039	307	17391	0	19594
8264	724	512	16754	1408	0	19398
8265	567	407	16814	904	0	18692
8266	528	16326	1234	790	0	18878
8267	584	953	16517	579	0	18633
8268	15699	538	1211	537	0	17985
8269	1158	452	681	15331	0	17622
8270	15988	282	569	1159	0	17998
8271	1264	280	15672	748	0	17964
8272	809	258	1076	15679	0	17822
8273	685	271	640	16274	0	17870
8274	570	241	15499	1432	0	17742
8275	571	231	1064	15822	0	17688
8276	15254	241	605	1419	0	17519
8277	15974	222	502	939	0	17637
8278	1456	193	396	15554	0	17599
8279	15645	188	365	1339	0	17537
8280	16048	177	304	875	0	17404
8281	1677	14801	281	750	0	17509
8282	1124	879	276	15244	0	17523
8283	15587	450	272	1288	0	17597
8284	1449	375	306	15567	0	17697
8285	15467	281	269	1413	0	17430
8286	1521	279	253	15293	0	17346
8287	976	265	14779	1491	0	17511
8288	813	14735	935	1012	0	17495
8289	776	890	548	12900	0	15114
8290	678	14783	462	1184	0	17107
8291	14615	1097	366	819	0	16897
8292	1286	14195	328	727	0	16536
8293	852	14605	343	590	0	16390
8294	692	1229	310	14128	0	16359
8295	14049	825	306	1214	0	16394
8296	1179	626	239	14340	0	16384
8297	14173	484	234	1415	0	16306
8298	14267	462	206	920	0	15855
8299	1480	13822	233	761	0	16296
8300	14514	1002	267	593	0	16376
8301	14873	625	226	530	0	16254
8302	15009	472	271	495	0	16247
8303	1844	374	13357	446	0	16021
8304	1252	317	842	13559	0	15970
8305	1076	290	482	14189	0	16037
8306	845	265	13034	1397	0	15541
8307	13730	265	926	958	0	15879
8308	14425	224	569	805	0	16023
8309	14506	210	472	660	0	15848
8310	14099	213	356	618	0	15286
8311	1793	12811	323	572	0	15499
8312	13297	782	222	483	0	14784
8313	1686	447	212	12395	0	14740
8314	1152	380	10894	959	0	13385
8315	11359	251	612	554	0	12776
8316	1273	10927	380	507	0	13087
8317	10426	670	251	420	0	11767
8318	1179	9896	199	376	0	11650
8319	784	9514	191	372	0	10861
8320	709	9558	174	380	0	10821
8321	537	9580	218	363	0	10698
8322	390	558	7158	230	0	8336
8323	329	539	381	5534	0	6783
8324	175	108	4805	285	0	5373
8325	3723	72	173	97	0	4065
8326	195	3748	84	99	0	4126
8327	102	3883	53	70	0	4108
8328	95	181	38	3724	0	4038
8329	106	95	24	3828	0	4053
8330	91	85	3651	185	0	4012
8331	78	80	3710	95	0	3963
8332	82	57	162	3683	0	3984
8333	87	42	3742	172	0	4043
8334	79	3727	159	94	0	4059
8335	99	143	73	3607	0	3922
8336	92	70	43	3979	0	4184
8337	107	48	3833	182	0	4170
8338	106	45	134	3834	0	4119
8339	3874	32	70	177	0	4153
8340	187	28	47	3837	0	4099
8341	102	30	48	3888	0	4068
8342	71	32	3709	234	0	4046
8343	3519	29	156	128	0	3832
8344	204	3724	59	83	0	4070
8345	133	122	41	3683	0	3979
8346	123	51	3675	144	0	3993
8347	123	44	119	3678	0	3964
8348	3756	49	49	168	0	4022
8349	208	59	3696	75	0	4038
8350	116	48	135	3722	0	4021
8351	85	45	3775	167	0	4072
8352	74	3781	140	107	0	4102
8353	77	140	3766	71	0	4054
8354	72	3635	146	52	0	3905
8355	55	102	3194	32	0	3383
8356	40	76	115	2691	0	2922
8357	24	2873	44	80	0	3021
8358	2812	79	24	27	0	2942
8359	80	40	9	2812	0	2941
8360	2846	24	11	82	0	2963
8361	93	18	13	2935	0	3059
8362	40	21	12	3013	0	3086
8363	2957	17	8	105	0	3087
8364	3100	13	9	46	0	3168
8365	126	16	15	3139	0	3296
8366	53	12	3227	101	0	3393
8367	59	3252	88	33	0	3432
8368	39	84	3348	23	0	3494
8369	29	3431	94	21	0	3575
8370	3415	89	37	20	0	3561
8371	116	33	3275	21	0	3445
8372	40	21	3289	20	0	3370
8373	31	17	105	3182	0	3335
8374	3250	15	41	95	0	3401
8375	104	14	3450	39	0	3607
8376	48	3772	92	23	0	3935
8377	3931	81	35	32	0	4079
8378	4021	31	22	25	0	4099
8379	4066	22	15	26	0	4129
8380	4090	20	18	27	0	4155
8381	4066	25	16	30	0	4137
8382	128	18	3957	22	0	4125
8383	51	23	92	3741	0	3907
8384	34	3830	39	78	0	3981
8385	3947	81	26	39	0	4093
8386	83	3969	22	23	0	4097
8387	3720	87	32	18	0	3857
8388	3762	28	11	19	0	3820
8389	88	3691	21	15	0	3815
8390	3809	68	17	16	0	3910
8391	81	26	12	3805	0	3924
8392	39	10	18	3890	0	3957
8393	22	11	3794	90	0	3917
8394	14	3830	69	40	0	3953
8395	25	71	33	3858	0	3987
8396	23	26	16	3944	0	4009
8397	17	17	15	3988	0	4037
8398	23	8	3857	90	0	3978
8399	3614	14	66	44	0	3738
8400	88	12	25	3919	0	4044
8401	3964	8	20	80	0	4072
8402	85	16	7	3943	0	4051
8403	43	3	4042	85	0	4173
8404	29	18	4048	40	0	4135
8405	3891	14	96	42	0	4043
8406	4230	6	39	25	0	4300
8407	91	4105	18	17	0	4231
8408	40	63	4099	17	0	4219
8409	22	29	71	3976	0	4098
8410	44	41	90	3034	0	3209
8411	4273	10	15	98	0	4396
8412	4270	15	13	35	0	4333
8413	4318	9	12	21	0	4360
8414	95	6	4230	18	0	4349
8415	4268	7	64	37	0	4376
8416	91	8	31	4339	0	4469
8417	44	7	20	4360	0	4431
8418	23	9	16	4404	0	4452
8419	24	4322	23	79	0	4448
8420	4252	63	6	39	0	4360
8421	79	24	15	4296	0	4414
8422	46	11	4277	75	0	4409
8423	32	10	66	4170	0	4278
8424	27	4246	38	67	0	4378
8425	4305	64	24	38	0	4431
8426	79	32	13	4291	0	4415
8427	48	11	20	4242	0	4321
8428	27	15	4313	96	0	4451
8429	32	17	70	4227	0	4346
8430	35	4297	28	78	0	4438
8431	30	65	15	4379	0	4489
8432	26	26	4323	91	0	4466
8433	3782	12	66	48	0	3908
8434	4164	10	27	32	0	4233
8435	81	4231	20	25	0	4357
8436	4157	62	6	24	0	4249
8437	4340	15	13	23	0	4391
8438	86	4300	11	17	0	4414
8439	37	78	7	4425	0	4547
8440	4507	20	14	70	0	4611
8441	76	4597	7	26	0	4706
8442	22	65	4662	31	0	4780
8443	4558	19	68	24	0	4669
8444	4876	13	22	25	0	4936
8445	4876	15	20	24	0	4935
8446	4907	12	12	19	0	4950
8447	102	4957	7	31	0	5097
8448	5113	70	9	17	0	5209
8449	5153	29	9	28	0	5219
8450	5232	15	7	25	0	5279
8451	118	12	9	5200	0	5339
8452	5137	11	5	98	0	5251
8453	83	5323	12	36	0	5454
8454	35	86	5597	21	0	5739
8455	34	23	93	5779	0	5929
8456	5849	19	24	120	0	6012
8457	126	13	5851	34	0	6024
8458	49	9	105	5838	0	6001
8459	35	8	5930	111	0	6084
8460	23	5904	118	43	0	6088
8461	34	117	28	5848	0	6027
8462	25	28	5918	109	0	6080
8463	27	5900	99	41	0	6067
8464	25	120	27	5861	0	6033
8465	6050	22	29	106	0	6207
8466	6059	15	9	45	0	6128
8467	6077	10	10	29	0	6126
8468	5990	11	21	20	0	6042
8469	5939	7	10	29	0	5985
8470	131	10	5987	16	0	6144
8471	5973	8	92	30	0	6103
8472	6304	12	27	26	0	6369
8473	117	13	31	6249	0	6410
8474	6281	15	9	93	0	6398
8475	5956	14	11	40	0	6021
8476	120	5786	18	32	0	5956
8477	60	88	12	5878	0	6038
8478	35	31	3	5978	0	6047
8479	5851	17	11	121	0	6000
8480	109	5732	9	60	0	5910
8481	56	5997	16	27	0	6096
8482	51	97	14	6124	0	6286
8483	45	37	13	6203	0	6298
8484	35	23	18	6004	0	6080
8485	40	17	15	6234	0	6306
8486	6076	12	7	146	0	6241
8487	5993	15	13	62	0	6083
8488	139	19	6116	37	0	6311
8489	83	13	86	6008	0	6190
8490	50	20	26	6189	0	6285
8491	41	16	6088	131	0	6276
8492	5689	18	92	81	0	5880
8493	121	6062	36	45	0	6264
8494	6050	102	16	37	0	6205
8495	138	35	14	6050	0	6237
8496	60	24	6128	113	0	6325
8497	67	10	100	6174	0	6351
8498	51	11	6509	129	0	6700
8499	37	6619	110	49	0	6815
8500	6537	97	30	47	0	6711
8501	6613	28	18	36	0	6695
8502	126	6669	22	32	0	6849
8503	62	88	16	6618	0	6784
8504	6429	39	6	113	0	6587
8505	110	6357	24	40	0	6531
8506	51	91	14	6425	0	6581
8507	6432	37	19	118	0	6606
8508	121	30	6308	49	0	6508
8509	6100	17	94	58	0	6269
8510	108	6403	39	39	0	6589
8511	6471	97	19	32	0	6619
8512	6461	30	20	37	0	6548
8513	128	33	6390	29	0	6580
8514	74	21	92	6056	0	6243
8515	48	16	32	6484	0	6580
8516	48	19	6477	121	0	6665
8517	43	22	93	6222	0	6380
8518	71	24	54	5707	0	5856
8519	6586	23	23	123	0	6755
8520	6594	17	17	63	0	6691
8521	130	16	24	6524	0	6694
8522	68	14	6519	114	0	6715
8523	61	11	98	6486	0	6656
8524	41	25	33	6617	0	6716
8525	50	11	6662	140	0	6863
8526	50	11	93	6791	0	6945
8527	6761	23	41	115	0	6940
8528	6711	18	27	79	0	6835
8529	119	6688	18	51	0	6876
8530	6848	99	18	43	0	7008
8531	6875	30	15	41	0	6961
8532	133	7036	15	33	0	7217
8533	7190	99	15	56	0	7360
8534	7214	33	15	50	0	7312
8535	7478	21	11	46	0	7556
8536	166	15	7243	42	0	7466
8537	7137	11	113	39	0	7300
8538	157	13	31	7514	0	7715
8539	7517	7	33	149	0	7706
8540	155	11	7396	73	0	7635
8541	67	7240	129	80	0	7516
8542	7271	123	66	41	0	7501
8543	147	7601	31	26	0	7805
8544	82	129	12	7634	0	7857
8545	50	40	16	7834	0	7940
8546	7781	21	14	187	0	8003
8547	7683	8	21	77	0	7789
8548	198	12	7487	45	0	7742
8549	88	13	6941	30	0	7072
8550	45	21	7192	19	0	7277
8551	56	21	171	7221	0	7469
8552	27	6	7343	146	0	7522
8553	33	17	6939	53	0	7042
8554	63	82	144	6718	0	7007
8555	7490	5	50	150	0	7695
8556	7707	5	20	66	0	7798
8557	7759	5	14	27	0	7805
8558	7752	4	8	20	0	7784
8559	145	20	12	7654	0	7831
8560	55	8	12	7726	0	7801
8561	34	5	7980	127	0	8146
8562	32	7	112	7736	0	7887
8563	40	10	59	7158	0	7267
8564	8160	4	28	157	0	8349
8565	8058	4	19	73	0	8154
8566	163	3	11	8025	0	8202
8567	8066	7	10	143	0	8226
8568	8142	0	12	57	0	8211
8569	179	2	19	8160	0	8360
8570	75	3	16	8017	0	8111
8571	34	2	7781	183	0	8000
8572	31	10	7578	80	0	7699
8573	37	3	168	7817	0	8025
8574	15	9	76	8109	0	8209
8575	30	6	8145	180	0	8361
8576	7609	12	131	78	0	7830
8577	7831	6	49	61	0	7947
8578	185	9	7758	35	0	7987
8579	92	7769	120	29	0	8010
8580	8070	105	53	45	0	8273
8581	147	41	8741	31	0	8960
8582	69	22	135	8599	0	8825
8583	48	5	72	8990	0	9115
8584	9251	5	36	184	0	9476
8585	9749	0	27	109	0	9885
8586	174	4	34	9875	0	10087
8587	92	5	22	10478	0	10597
8588	10434	2	21	198	0	10655
8589	10483	2	18	95	0	10598
8590	10393	5	17	65	0	10480
8591	233	9	10471	31	0	10744
8592	109	5	152	10384	0	10650
8593	66	4	57	10767	0	10894
8594	10719	2	43	224	0	10988
8595	164	10672	23	105	0	10964
8596	11528	137	18	83	0	11766
8597	254	11635	18	41	0	11948
8598	110	233	17	11871	0	12231
8599	59	66	20	12095	0	12240
8600	51	27	11817	327	0	12222
8601	67	10	247	11744	0	12068
8602	39	16	11750	335	0	12140
8603	51	5	274	11840	0	12170
8604	51	8	94	11916	0	12069
8605	52	11336	61	369	0	11818
8606	51	12004	32	145	0	12232
8607	59	305	27	11597	0	11988
8608	53	96	31	12149	0	12329
8609	54	41	29	12257	0	12381
8610	57	23	27	12368	0	12475
8611	49	18	28	12646	0	12741
8612	55	21	12173	451	0	12700
8613	64	21	287	12020	0	12392
8614	50	32	101	12486	0	12669
8615	39	19	11945	440	0	12443
8616	38	11670	303	196	0	12207
8617	50	274	100	12017	0	12441
8618	73	84	11819	357	0	12333
8619	41	11844	315	154	0	12354
8620	43	279	108	12072	0	12502
8621	12356	96	62	395	0	12909
8622	324	58	42	12392	0	12816
8623	144	35	38	12524	0	12741
8624	85	30	35	12785	0	12935
8625	60	29	30	12582	0	12701
8626	50	11945	55	495	0	12545
8627	55	292	38	12545	0	12930
8628	12669	95	39	479	0	13282
8629	341	56	49	12844	0	13290
8630	124	51	39	12888	0	13102
8631	81	38	53	13148	0	13320
8632	12401	39	43	534	0	13017
8633	12439	36	41	286	0	12802
8634	408	46	48	12550	0	13052
8635	11821	46	43	403	0	12313
8636	12139	30	33	237	0	12439
8637	360	12066	47	192	0	12665
8638	11972	254	27	179	0	12432
8639	294	11769	35	159	0	12257
8640	132	11973	43	139	0	12287
8641	104	304	46	12045	0	12499
8642	57	108	12184	370	0	12719
8643	79	87	245	11646	0	12057
8644	86	44	84	11862	0	12076
8645	54	11763	64	378	0	12259
8646	11748	255	34	198	0	12235
8647	268	98	35	11867	0	12268
8648	102	83	12403	353	0	12941
8649	100	46	227	12329	0	12702
8650	56	12705	98	372	0	13231
8651	12797	246	68	205	0	13316
8652	286	98	40	12950	0	13374
8653	110	110	12925	366	0	13511
8654	127	72	232	12722	0	13153
8655	72	12277	88	383	0	12820
8656	66	280	68	12662	0	13076
8657	13318	107	53	460	0	13938
8658	13659	85	62	260	0	14066
8659	13841	77	53	234	0	14205
8660	490	13856	57	246	0	14649
8661	14038	354	68	192	0	14652
8662	431	141	43	14240	0	14855
8663	14023	108	45	511	0	14687
8664	423	14045	53	336	0	14857
8665	191	390	40	14366	0	14987
8666	125	155	14294	499	0	15073
8667	13127	98	341	318	0	13884
8668	394	14400	123	213	0	15130
8669	167	390	72	14518	0	15147
8670	125	156	79	14881	0	15241
8671	124	95	40	14675	0	14934
8672	105	90	37	14211	0	14443
8673	88	14304	46	637	0	15075
8674	14498	380	61	325	0	15264
8675	14571	159	47	221	0	14998
8676	528	131	14427	166	0	15252
8677	245	104	373	14572	0	15294
8678	170	79	14588	497	0	15334
8679	14127	70	399	297	0	14893
8680	14558	67	145	246	0	15016
8681	13923	82	84	192	0	14281
8682	591	64	45	13368	0	14068
8683	275	13385	43	472	0	14175
8684	13640	393	34	255	0	14322
8685	482	162	37	13377	0	14058
8686	13308	103	51	530	0	13992
8687	523	57	12561	262	0	13403
8688	228	90	12334	181	0	12833
8689	12744	60	400	145	0	13349
8690	478	57	165	12802	0	13502
8691	12750	56	98	445	0	13349
8692	494	12634	53	241	0	13422
8693	12836	362	62	192	0	13452
8694	13090	149	48	145	0	13432
8695	600	130	12531	106	0	13367
8696	232	75	11260	81	0	11648
8697	160	11355	364	91	0	11970
8698	185	292	178	11236	0	11891
8699	11366	103	94	303	0	11866
8700	327	82	46	11323	0	11778
8701	200	52	43	11633	0	11928
8702	166	58	11246	373	0	11843
8703	10903	35	269	214	0	11421
8704	362	39	124	11517	0	12042
8705	184	64	11267	321	0	11836
8706	155	66	10971	162	0	11354
8707	141	83	315	11126	0	11665
8708	127	44	11274	308	0	11753
8709	135	38	11203	153	0	11529
8710	103	60	348	10305	0	10816
8711	94	50	11247	308	0	11699
8712	108	38	315	10785	0	11246
8713	90	10665	120	340	0	11215
8714	11372	253	82	206	0	11913
8715	305	11585	79	151	0	12120
8716	173	315	91	11294	0	11873
8717	138	11787	87	327	0	12339
8718	106	335	12053	157	0	12651
8719	105	117	364	13613	0	14199
8720	100	84	15847	519	0	16550
8721	15236	49	664	234	0	16183
8722	640	16416	267	165	0	17488
8723	16592	602	195	107	0	17496
8724	793	245	107	16155	0	17300
8725	16498	182	79	674	0	17433
8726	808	95	16119	302	0	17324
8727	353	16228	633	211	0	17425
8728	16157	614	279	160	0	17210
8729	744	278	195	14980	0	16197
8730	341	16054	142	547	0	17084
8731	269	671	79	16281	0	17300
8732	16159	290	104	810	0	17363
8733	680	17631	125	375	0	18811
8734	17696	785	128	240	0	18849
8735	967	347	17345	151	0	18810
8736	17484	218	754	153	0	18609
8737	1005	139	306	17424	0	18874
8738	17454	94	226	829	0	18603
8739	922	17356	145	389	0	18812
8740	429	782	138	17531	0	18880
8741	323	339	104	18176	0	18942
8742	238	233	16928	1017	0	18416
8743	219	145	733	16974	0	18071
8744	198	113	324	17740	0	18375
8745	215	123	212	17892	0	18442
8746	223	132	136	18087	0	18578
8747	182	122	17088	1242	0	18634
8748	199	16177	774	602	0	17752
8749	179	743	385	16588	0	17895
8750	16148	294	266	966	0	17674
8751	16488	206	166	501	0	17361
8752	1040	16265	144	414	0	17863
8753	16366	788	133	320	0	17607
8754	16649	354	175	264	0	17442
8755	16598	259	128	280	0	17265
8756	1180	15818	153	279	0	17430
8757	15188	701	75	209	0	16173
8758	952	329	97	14506	0	15884
8759	402	212	14107	771	0	15492
8760	329	14109	643	392	0	15473
8761	270	692	328	13992	0	15282
8762	203	304	13773	717	0	14997
8763	13622	247	648	366	0	14883
8764	798	132	242	13753	0	14925
8765	367	119	181	14135	0	14802
8766	296	151	149	14005	0	14601
8767	228	140	106	14207	0	14681
8768	217	114	13133	1025	0	14489
8769	12449	99	644	521	0	13713
8770	746	13056	248	351	0	14401
8771	13015	655	192	243	0	14105
8772	774	13216	122	239	0	14351
8773	13333	727	115	261	0	14436
8774	826	330	127	13140	0	14423
8775	392	201	12894	757	0	14244
8776	281	159	13043	396	0	13879
8777	247	144	799	12874	0	14064
8778	229	148	349	13249	0	13975
8779	211	135	189	13573	0	14108
8780	12838	128	155	1085	0	14206
8781	720	104	12689	576	0	14089
8782	364	12278	700	387	0	13729
8783	305	13209	302	278	0	14094
8784	12498	854	192	263	0	13807
8785	764	346	12425	246	0	13781
8786	371	12373	643	268	0	13655
8787	356	658	12335	192	0	13541
8788	240	323	737	12278	0	13578
8789	226	239	12370	724	0	13559
8790	186	205	12566	386	0	13343
8791	229	138	828	12350	0	13545
8792	185	159	12375	789	0	13508
8793	200	151	12667	404	0	13422
8794	196	156	872	12124	0	13348
8795	12083	122	430	786	0	13421
8796	691	159	12169	387	0	13406
8797	335	151	733	11904	0	13123
8798	272	129	333	12547	0	13281
8799	11977	107	315	921	0	13320
8800	666	123	251	12232	0	13272
8801	11949	107	186	885	0	13127
8802	784	11702	161	453	0	13100
8803	366	595	206	12034	0	13201
8804	12022	253	171	823	0	13269
8805	12426	182	174	431	0	13213
8806	890	135	150	12102	0	13277
8807	442	109	11851	826	0	13228
8808	11562	108	659	412	0	12741
8809	726	11892	295	352	0	13265
8810	11277	636	235	335	0	12483
8811	12273	266	153	262	0	12954
8812	12465	172	142	292	0	13071
8813	986	120	11640	253	0	12999
8814	469	11539	643	228	0	12879
8815	368	645	278	11369	0	12660
8816	277	318	216	11907	0	12718
8817	240	192	11254	783	0	12469
8818	228	10491	548	450	0	11717
8819	168	8724	205	239	0	9336
8820	98	7070	97	104	0	7369
8821	6518	268	336	102	0	7224
8822	238	89	72	6402	0	6801
8823	102	55	53	6560	0	6770
8824	79	52	6395	269	0	6795
8825	6161	73	201	113	0	6548
8826	243	69	72	6400	0	6784
8827	127	91	59	6494	0	6771
8828	91	38	6285	265	0	6679
8829	69	6292	197	147	0	6705
8830	97	222	98	6317	0	6734
8831	64	60	6321	239	0	6684
8832	54	5593	160	102	0	5909
8833	4667	76	35	39	0	4817
8834	87	23	4954	32	0	5096
8835	33	26	58	4683	0	4800
8836	25	4815	15	82	0	4937
8837	4836	61	29	26	0	4952
8838	74	25	13	4804	0	4916
8839	4870	19	10	74	0	4973
8840	4858	9	10	25	0	4902
8841	77	4886	8	37	0	5008
8842	4951	62	12	16	0	5041
8843	5042	19	9	18	0	5088
8844	73	15	5092	26	0	5206
8845	4889	3	52	29	0	4973
8846	70	11	5065	12	0	5158
8847	4928	7	38	16	0	4989
8848	5063	2	8	12	0	5085
8849	40	9	5146	9	0	5204
8850	19	17	35	5127	0	5198
8851	12	10	5277	35	0	5334
8852	8	7	4774	22	0	4811
8853	7	6	5289	13	0	5315
8854	16	16	38	5098	0	5168
8855	10	2	3	5732	0	5747
8856	5	2	6	5817	0	5830
8857	7	2	5	5892	0	5906
8858	5	5	6122	69	0	6201
8859	12	5	61	5762	0	5840
8860	6	5680	19	83	0	5788
8861	6	74	6337	13	0	6430
8862	10	12	77	6127	0	6226
8863	11	11	6509	87	0	6618
8864	5	6298	104	22	0	6429
8865	4	6569	19	18	0	6610
8866	7	99	15	6585	0	6706
8867	8	23	6559	95	0	6685
8868	6	17	6470	30	0	6523
8869	5	7	103	6495	0	6610
8870	14	8	26	6517	0	6565
8871	7	9	14	6774	0	6804
8872	5	8	6577	111	0	6701
8873	7	6383	98	35	0	6523
8874	8	6803	24	27	0	6862
8875	8	113	18	6764	0	6903
8876	8	28	6616	102	0	6754
8877	15	20	6496	32	0	6563
8878	9	6938	107	30	0	7084
8879	6957	105	35	29	0	7126
8880	92	7118	24	22	0	7256
8881	20	112	7438	17	0	7587
8882	7268	38	126	24	0	7456
8883	121	20	34	7664	0	7839
8884	7867	14	22	137	0	8040
8885	133	16	16	7891	0	8056
8886	42	12	16	8042	0	8112
8887	7987	7	21	174	0	8189
8888	140	8256	16	54	0	8466
8889	41	169	8129	31	0	8370
8890	30	8395	141	25	0	8591
8891	8341	163	47	20	0	8571
8892	140	8317	30	30	0	8517
8893	8282	165	20	25	0	8492
8894	8392	52	19	25	0	8488
8895	182	8364	14	29	0	8589
8896	70	156	17	8344	0	8587
8897	8295	57	15	171	0	8538
8898	8442	27	20	64	0	8553
8899	205	24	12	8316	0	8557
8900	68	17	8125	169	0	8379
8901	46	17	8076	62	0	8201
8902	38	20	174	8292	0	8524
8903	25	21	8148	169	0	8363
8904	7693	22	171	79	0	7965
8905	152	8082	59	50	0	8343
8906	64	154	38	8327	0	8583
8907	33	55	29	8404	0	8521
8908	44	20	26	8309	0	8399
8909	36	29	26	8114	0	8205
8910	36	23	13	8395	0	8467
8911	19	27	8129	229	0	8404
8912	21	8042	155	96	0	8314
8913	8140	149	60	61	0	8410
8914	155	56	46	8052	0	8309
8915	67	43	35	8063	0	8208
8916	44	32	27	8095	0	8198
8917	32	7986	26	269	0	8313
8918	26	151	26	8220	0	8423
8919	33	74	20	8329	0	8456
8920	8056	42	25	252	0	8375
8921	164	7808	25	119	0	8116
8922	64	8027	30	82	0	8203
8923	49	189	25	8095	0	8358
8924	7976	73	23	194	0	8266
8925	176	52	8028	90	0	8346
8926	7450	43	170	92	0	7755
8927	187	47	8479	60	0	8773
8928	95	31	177	8430	0	8733
8929	64	46	66	8572	0	8748
8930	56	17	47	8523	0	8643
8931	34	29	39	8541	0	8643
8932	38	30	33	8323	0	8424
8933	8416	27	28	275	0	8746
8934	175	31	8183	122	0	8511
8935	92	25	159	8357	0	8633
8936	51	37	8670	206	0	8964
8937	44	8698	181	109	0	9032
8938	8664	158	72	104	0	8998
8939	176	68	9103	104	0	9451
8940	72	36	193	9157	0	9458
8941	62	44	71	9432	0	9609
8942	42	27	9480	280	0	9829
8943	38	41	9463	136	0	9678
8944	62	35	286	8707	0	9090
8945	9608	26	93	266	0	9993
8946	9656	29	50	136	0	9871
8947	261	9557	35	113	0	9966
8948	9794	207	32	87	0	10120
8949	258	85	26	9349	0	9718
8950	110	9934	32	245	0	10321
8951	55	210	45	10088	0	10398
8952	63	95	10255	263	0	10676
8953	55	63	213	9844	0	10175
8954	74	43	82	10367	0	10566
8955	9906	30	40	305	0	10281
8956	205	9848	39	138	0	10230
8957	9744	189	25	90	0	10048
8958	215	9647	39	60	0	9961
8959	9312	202	42	64	0	9620
8960	211	9232	25	70	0	9538
8961	99	9262	21	61	0	9443
8962	9277	215	20	67	0	9579
8963	193	90	39	8906	0	9228
8964	75	9002	24	176	0	9277
8965	9310	164	33	110	0	9617
8966	9255	66	38	80	0	9439
8967	9469	38	25	71	0	9603
8968	9385	33	27	58	0	9503
8969	238	9438	27	49	0	9752
8970	110	168	23	9705	0	10006
8971	66	74	21	9855	0	10016
8972	9793	42	23	246	0	10104
8973	180	39	20	9679	0	9918
8974	9575	32	19	204	0	9830
8975	205	33	9372	86	0	9696
8976	8681	24	149	106	0	8960
8977	196	35	9396	61	0	9688
8978	103	36	178	9183	0	9500
8979	9336	40	59	183	0	9618
8980	180	9114	34	93	0	9421
8981	8828	141	25	55	0	9049
8982	175	8548	12	56	0	8791
8983	82	142	17	9276	0	9517
8984	64	64	8891	139	0	9158
8985	7948	45	150	87	0	8230
8986	143	8837	47	51	0	9078
8987	71	151	20	8788	0	9030
8988	43	48	14	8592	0	8697
8989	40	27	14	8549	0	8630
8990	21	22	8464	159	0	8666
8991	37	8356	102	61	0	8556
8992	8393	104	34	53	0	8584
8993	8502	41	23	41	0	8607
8994	141	8380	16	25	0	8562
8995	8683	107	13	49	0	8852
8996	131	44	33	8637	0	8845
8997	55	8571	19	111	0	8756
8998	8574	110	11	59	0	8754
8999	126	54	8351	38	0	8569
9000	61	8492	104	34	0	8691
9001	49	121	32	8586	0	8788
9002	35	46	19	8822	0	8922
9003	35	28	8593	135	0	8791
9004	37	21	111	8281	0	8450
9005	38	24	8460	125	0	8647
9006	35	24	112	8279	0	8450
9007	35	28	36	8451	0	8550
9008	42	18	17	8479	0	8556
9009	31	27	18	8543	0	8619
9010	31	29	8362	168	0	8590
9011	44	26	8821	84	0	8975
9012	26	10169	205	53	0	10453
9013	32	240	76	11010	0	11358
9014	46	72	11324	266	0	11708
9015	27	11223	275	100	0	11625
9016	37	293	90	11714	0	12134
9017	35	98	12126	302	0	12561
9018	11251	58	320	130	0	11759
9019	12874	37	100	75	0	13086
9020	441	32	61	12770	0	13304
9021	164	29	12710	379	0	13282
9022	89	38	352	12522	0	13001
9023	12623	27	122	443	0	13215
9024	359	12880	76	146	0	13461
9025	13224	358	28	122	0	13732
9026	13557	121	33	84	0	13795
9027	477	56	39	12701	0	13273
9028	182	42	24	12973	0	13221
9029	103	36	27	13191	0	13357
9030	53	21	43	13138	0	13255
9031	62	35	35	12965	0	13097
9032	12743	24	31	560	0	13358
9033	12971	18	40	237	0	13266
9034	12995	38	39	131	0	13203
9035	533	24	12008	98	0	12663
9036	12079	24	345	111	0	12559
9037	450	40	125	12108	0	12723
9038	176	31	11953	421	0	12581
9039	117	11578	377	179	0	12251
9040	76	360	144	11586	0	12166
9041	87	125	78	11725	0	12015
9042	84	11590	55	443	0	12172
9043	79	342	55	11845	0	12321
9044	79	130	11593	446	0	12248
9045	70	74	11799	204	0	12147
9046	71	46	471	11877	0	12465
9047	11685	33	197	458	0	12373
9048	11761	30	104	215	0	12110
9049	516	40	11574	154	0	12284
9050	239	10566	385	131	0	11321
9051	147	11354	150	115	0	11766
9052	10658	436	88	124	0	11306
9053	424	162	10750	125	0	11461
9054	186	103	364	10560	0	11213
9055	10605	61	139	440	0	11245
9056	408	10253	92	223	0	10976
9057	194	10749	63	174	0	11180
9058	10576	429	62	132	0	11199
9059	433	164	47	10614	0	11258
9060	11369	92	56	459	0	11976
9061	526	62	61	12886	0	13535
9062	266	48	63	13449	0	13826
9063	186	57	13065	742	0	14050
9064	153	55	498	13497	0	14203
9065	141	56	212	13877	0	14286
9066	13402	55	155	848	0	14460
9067	564	66	102	13730	0	14462
9068	275	64	13265	789	0	14393
9069	13111	58	575	410	0	14154
9070	607	51	248	13555	0	14461
9071	13498	49	183	727	0	14457
9072	718	12627	120	391	0	13856
9073	338	13646	110	300	0	14394
9074	13385	720	111	184	0	14400
9075	13709	333	95	176	0	14313
9076	842	203	102	13285	0	14432
9077	463	118	13106	645	0	14332
9078	281	111	568	13413	0	14373
9079	13038	121	272	747	0	14178
9080	661	12991	180	404	0	14236
9081	348	591	124	13213	0	14276
9082	13213	277	93	706	0	14289
9083	699	186	12533	403	0	13821
9084	12751	100	564	328	0	13743
9085	11870	122	281	282	0	12555
9086	830	106	12672	221	0	13829
9087	498	75	12986	238	0	13797
9088	377	79	790	12314	0	13560
9089	263	78	387	12737	0	13465
9090	240	12841	246	805	0	14132
9091	222	563	151	13260	0	14196
9092	190	259	13152	831	0	14432
9093	196	187	635	13439	0	14457
9094	173	103	285	14370	0	14931
9095	223	82	13429	961	0	14695
9096	176	13237	640	561	0	14614
9097	189	592	309	13598	0	14688
9098	210	261	215	14203	0	14889
9099	13665	188	148	968	0	14969
9100	710	115	138	13835	0	14798
9101	388	106	13311	889	0	14694
9102	13133	127	610	509	0	14379
9103	13916	106	309	369	0	14700
9104	14156	96	224	290	0	14766
9105	1022	98	13189	250	0	14559
9106	547	86	646	13139	0	14418
9107	379	70	342	13708	0	14499
9108	299	82	253	13975	0	14609
9109	13037	102	186	1015	0	14340
9110	729	12872	168	609	0	14378
9111	356	470	11751	375	0	12952
9112	249	11133	479	265	0	12126
9113	161	10637	266	234	0	11298
9114	149	10648	185	221	0	11203
9115	223	656	217	10146	0	11242
9116	140	305	9953	511	0	10909
9117	8760	211	423	345	0	9739
9118	405	9527	258	252	0	10442
9119	8935	360	150	187	0	9632
9120	434	9216	93	191	0	9934
9121	9370	411	102	179	0	10062
9122	478	9459	82	155	0	10174
9123	302	445	9494	137	0	10378
9124	240	230	369	9276	0	10115
9125	180	164	187	9954	0	10485
9126	9741	105	140	552	0	10538
9127	456	87	102	10699	0	11344
9128	250	91	10486	611	0	11438
9129	236	84	429	10682	0	11431
9130	173	78	10586	620	0	11457
9131	134	10478	508	344	0	11464
9132	158	420	253	9914	0	10745
9133	130	10721	189	482	0	11522
9134	10683	516	141	267	0	11607
9135	480	252	115	10772	0	11619
9136	246	185	10663	535	0	11629
9137	219	141	10538	297	0	11195
9138	10309	111	579	273	0	11272
9139	496	106	310	10492	0	11404
9140	272	112	10351	488	0	11223
9141	204	102	10019	295	0	10620
9142	143	10095	608	209	0	11055
9143	142	424	311	9374	0	10251
9144	104	10150	201	458	0	10913
9145	105	475	158	10108	0	10846
9146	10120	210	142	554	0	11026
9147	413	168	133	10319	0	11033
9148	210	107	109	10621	0	11047
9149	10309	89	111	680	0	11189
9150	469	107	127	10764	0	11467
9151	247	113	91	10492	0	10943
9152	201	10761	94	642	0	11698
9153	10876	426	102	386	0	11790
9154	11264	193	108	261	0	11826
9155	600	165	91	11075	0	11931
9156	282	108	111	11326	0	11827
9157	228	106	108	11197	0	11639
9158	185	10411	99	695	0	11390
9159	162	11006	115	410	0	11693
9160	190	422	106	10242	0	10960
9161	8193	140	70	347	0	8750
9162	8301	84	43	179	0	8607
9163	321	8034	53	110	0	8518
9164	7588	230	38	125	0	7981
9165	244	7564	44	111	0	7963
9166	100	7712	42	113	0	7967
9167	137	252	52	7627	0	8068
9168	7451	92	87	257	0	7887
9169	203	7253	37	117	0	7610
9170	82	7504	39	96	0	7721
9171	105	223	28	7424	0	7780
9172	68	83	35	7652	0	7838
9173	60	87	7391	269	0	7807
9174	7221	58	177	145	0	7601
9175	7258	80	57	101	0	7496
9176	227	73	7459	104	0	7863
9177	91	81	7470	92	0	7734
9178	98	51	224	7539	0	7912
9179	87	63	65	7844	0	8059
9180	62	7747	49	279	0	8137
9181	69	236	48	7857	0	8210
9182	78	91	7683	283	0	8135
9183	74	91	216	7629	0	8010
9184	65	75	59	7818	0	8017
9185	7618	52	67	342	0	8079
9186	250	61	7503	163	0	7977
9187	7178	74	246	142	0	7640
9188	255	85	7350	135	0	7825
9189	101	77	239	7196	0	7613
9190	83	76	7157	298	0	7614
9191	84	76	7179	137	0	7476
9192	102	118	264	6950	0	7434
9193	6560	75	107	314	0	7056
9194	6555	74	103	126	0	6858
9195	249	6762	86	138	0	7235
9196	6726	223	91	143	0	7183
9197	6755	76	86	129	0	7046
9198	250	6708	88	121	0	7167
9199	112	245	77	6872	0	7306
9200	85	93	88	7078	0	7344
9201	85	74	75	6996	0	7230
9202	84	65	63	7076	0	7288
9203	84	67	6828	338	0	7317
9204	6515	53	248	161	0	6977
9205	253	52	93	6905	0	7303
9206	110	40	79	6865	0	7094
9207	98	6912	76	331	0	7417
9208	90	238	54	7144	0	7526
9209	78	91	6847	339	0	7355
9210	6709	67	227	189	0	7192
9211	308	76	7177	143	0	7704
9212	123	67	223	7073	0	7486
9213	7076	62	72	341	0	7551
9214	283	7160	38	172	0	7653
9215	122	239	43	7518	0	7922
9216	107	97	7525	328	0	8057
9217	82	80	240	7556	0	7958
9218	7542	61	59	356	0	8018
9219	283	56	7574	175	0	8088
9220	109	66	7379	153	0	7707
9221	114	7345	275	118	0	7852
9222	7087	232	88	116	0	7523
9223	273	6952	62	106	0	7393
9224	106	263	6814	86	0	7269
9225	72	77	6564	102	0	6815
9226	70	6483	223	88	0	6864
9227	5567	144	66	48	0	5825
9228	140	5612	44	50	0	5846
9229	35	144	38	5530	0	5747
9230	33	32	45	5704	0	5814
9231	36	38	5625	161	0	5860
9232	44	25	149	5510	0	5728
9233	31	26	5761	154	0	5972
9234	5484	29	157	57	0	5727
9235	5747	30	52	47	0	5876
9236	5771	38	34	60	0	5903
9237	170	40	5633	36	0	5879
9238	5589	28	147	44	0	5808
9239	168	24	50	5525	0	5767
9240	60	5630	36	148	0	5874
9241	5576	132	53	59	0	5820
9242	153	28	5426	69	0	5676
9243	5366	27	140	53	0	5586
9244	5529	23	50	36	0	5638
9245	160	15	5276	55	0	5506
9246	66	5318	151	33	0	5568
9247	61	144	55	5259	0	5519
9248	57	35	5351	134	0	5577
9249	53	31	5180	46	0	5310
9250	33	56	141	4821	0	5051
9251	43	17	4898	115	0	5073
9252	36	12	122	4530	0	4700
9253	42	35	64	4173	0	4314
9254	30	26	38	4728	0	4822
9255	28	17	4669	133	0	4847
9256	32	21	122	4606	0	4781
9257	39	17	4673	140	0	4869
9258	33	14	128	4736	0	4911
9259	4807	22	67	140	0	5036
9260	134	21	34	4821	0	5010
9261	47	4974	38	132	0	5191
9262	53	135	36	5090	0	5314
9263	5085	41	34	175	0	5335
9264	129	5162	42	66	0	5399
9265	56	134	32	5206	0	5428
9266	5136	38	26	160	0	5360
9267	143	21	5108	73	0	5345
9268	59	23	141	5033	0	5256
9269	46	17	5127	166	0	5356
9270	36	10	5064	68	0	5178
9271	41	36	173	4980	0	5230
9272	5074	14	68	167	0	5323
9273	157	15	4961	60	0	5193
9274	4801	29	141	47	0	5018
9275	153	27	56	4954	0	5190
9276	65	23	5038	140	0	5266
9277	55	16	4846	52	0	4969
9278	38	19	5033	52	0	5142
9279	46	48	180	4715	0	4989
9280	4908	11	98	131	0	5148
9281	115	4923	49	61	0	5148
9282	57	105	38	4916	0	5116
9283	29	41	42	5060	0	5172
9284	5042	18	51	153	0	5264
9285	5084	16	36	77	0	5213
9286	141	4999	40	48	0	5228
9287	5076	99	36	51	0	5262
9288	5129	36	35	30	0	5230
9289	153	24	36	5034	0	5247
9290	61	20	5048	115	0	5244
9291	4983	16	115	54	0	5168
9292	132	15	54	5126	0	5327
9293	56	21	34	5156	0	5267
9294	5097	27	23	136	0	5283
9295	129	19	24	4830	0	5002
9296	69	19	18	4871	0	4977
9297	4776	16	22	147	0	4961
9298	136	4865	24	67	0	5092
9299	4861	95	26	56	0	5038
9300	128	37	4824	57	0	5046
9301	4770	21	124	39	0	4954
9302	150	10	52	4855	0	5067
9303	64	4917	46	132	0	5159
9304	60	102	32	5024	0	5218
9305	55	36	27	5014	0	5132
9306	52	33	27	5043	0	5155
9307	4860	11	33	168	0	5072
9308	119	4673	36	92	0	4920
9309	53	4646	34	58	0	4791
9310	4567	106	35	41	0	4749
9311	118	39	4657	39	0	4853
9312	58	30	4579	34	0	4701
9313	4423	34	152	46	0	4655
9314	116	37	4693	31	0	4877
9315	47	9	87	4489	0	4632
9316	54	16	54	3980	0	4104
9317	29	19	18	4581	0	4647
9318	31	14	13	4517	0	4575
9319	29	4163	13	138	0	4343
9320	28	86	12	4511	0	4637
9321	26	29	4431	113	0	4599
9322	21	21	103	4389	0	4534
9323	28	17	4327	117	0	4489
9324	31	9	4241	65	0	4346
9325	34	8	117	4344	0	4503
9326	31	7	4455	116	0	4609
9327	25	11	106	4398	0	4540
9328	4450	11	48	127	0	4636
9329	100	21	4442	63	0	4626
9330	4251	18	94	53	0	4416
9331	115	8	49	4421	0	4593
9332	63	9	4394	106	0	4572
9333	31	4283	104	68	0	4486
9334	27	85	45	4461	0	4618
9335	18	33	4661	124	0	4836
9336	20	18	106	4624	0	4768
9337	4748	11	47	136	0	4942
9338	4873	14	34	70	0	4991
9339	4990	19	16	49	0	5074
9340	150	21	30	4979	0	5180
9341	75	18	24	5065	0	5182
9342	52	10	28	5223	0	5313
9343	5236	13	43	165	0	5457
9344	146	5355	24	78	0	5603
9345	66	134	27	5442	0	5669
9346	32	51	29	5709	0	5821
9347	5534	32	8	236	0	5810
9348	160	5665	19	118	0	5962
9349	70	156	22	5952	0	6200
9350	5955	59	18	227	0	6259
9351	6025	43	22	102	0	6192
9352	259	23	28	5944	0	6254
9353	5974	12	23	242	0	6251
9354	247	13	28	5928	0	6216
9355	87	12	5884	243	0	6226
9356	66	12	192	5922	0	6192
9357	61	10	78	6174	0	6323
9358	36	18	47	6237	0	6338
9359	5865	11	29	288	0	6193
9360	193	5817	28	139	0	6177
9361	5681	167	19	100	0	5967
9362	210	5608	26	72	0	5916
9363	82	5811	21	58	0	5972
9364	5693	219	27	60	0	5999
9365	189	5864	25	53	0	6131
9366	68	204	18	5906	0	6196
9367	5829	61	36	228	0	6154
9368	6008	38	16	109	0	6171
9369	237	29	13	5877	0	6156
9370	121	19	19	5921	0	6080
9371	72	5948	10	235	0	6265
9372	6082	184	13	121	0	6400
9373	6031	64	15	96	0	6206
9374	214	6245	12	67	0	6538
9375	105	6484	13	48	0	6650
9376	82	223	10	6419	0	6734
9377	6407	97	6	220	0	6730
9378	224	55	7	6401	0	6687
9379	98	42	13	6595	0	6748
9380	70	36	6209	288	0	6603
9381	69	28	6262	123	0	6482
9382	55	28	221	6237	0	6541
9383	51	33	6291	241	0	6616
9384	48	6240	205	108	0	6601
9385	47	215	67	6285	0	6614
9386	49	75	36	6483	0	6643
9387	46	61	21	6583	0	6711
9388	42	36	6356	317	0	6751
9389	45	30	6129	149	0	6353
9390	5986	26	233	103	0	6348
9391	211	6268	78	76	0	6633
9392	6305	199	54	54	0	6612
9393	220	88	35	6289	0	6632
9394	6426	43	17	255	0	6741
9395	231	33	29	6289	0	6582
9396	97	6462	22	238	0	6819
9397	6466	198	26	119	0	6809
9398	221	74	6360	82	0	6737
9399	95	6323	187	79	0	6684
9400	6389	184	85	71	0	6729
9401	212	87	58	6279	0	6636
9402	86	6234	26	207	0	6553
9403	72	184	19	6598	0	6873
9404	6587	69	23	250	0	6929
9405	213	64	27	6630	0	6934
9406	6624	52	19	260	0	6955
9407	253	36	6472	135	0	6896
9408	122	58	177	6501	0	6858
9409	6517	38	68	267	0	6890
9410	233	35	6379	142	0	6789
9411	106	6126	198	103	0	6533
9412	101	220	79	5951	0	6351
9413	68	96	6013	241	0	6418
9414	62	81	5848	121	0	6112
9415	59	65	236	5810	0	6170
9416	82	32	5800	229	0	6143
9417	58	44	5764	132	0	5998
9418	64	45	238	5604	0	5951
9419	5714	32	122	233	0	6101
9420	205	34	77	5693	0	6009
9421	119	38	31	5859	0	6047
9422	81	34	5747	278	0	6140
9423	62	52	195	5931	0	6240
9424	6003	29	87	290	0	6409
9425	211	27	5961	134	0	6333
9426	92	5879	213	99	0	6283
9427	83	181	83	6058	0	6405
9428	6150	90	74	231	0	6545
9429	220	69	59	6064	0	6412
9430	95	6089	45	270	0	6499
9431	87	203	6254	114	0	6658
9432	54	88	205	6479	0	6826
9433	6838	60	88	283	0	7269
9434	257	54	6741	121	0	7173
9435	113	43	247	7018	0	7421
9436	7239	27	101	344	0	7711
9437	7673	19	84	148	0	7924
9438	377	7542	60	132	0	8111
9439	7535	287	62	106	0	7990
9440	371	109	49	7500	0	8029
9441	154	89	7620	317	0	8180
9442	86	7299	293	158	0	7836
9443	74	7712	145	94	0	8025
9444	52	330	108	7408	0	7898
9445	80	131	47	7674	0	7932
9446	42	61	7249	331	0	7683
9447	41	7034	253	157	0	7485
9448	54	7269	104	82	0	7509
9449	74	290	69	6907	0	7340
9450	6810	109	37	222	0	7178
9451	191	6903	35	122	0	7251
9452	97	195	29	7108	0	7429
9453	7343	92	30	258	0	7723
9454	232	60	29	7454	0	7775
9455	103	46	33	7448	0	7630
9456	66	44	28	7574	0	7712
9457	52	42	32	7588	0	7714
9458	7303	42	31	335	0	7711
9459	226	46	31	7373	0	7676
9460	100	49	7118	272	0	7539
9461	6875	42	212	142	0	7271
9462	215	45	7016	105	0	7381
9463	108	36	7209	83	0	7436
9464	66	47	259	7166	0	7538
9465	50	46	129	7364	0	7589
9466	59	31	53	7525	0	7668
9467	7268	43	41	320	0	7672
9468	219	36	7130	164	0	7549
9469	7025	33	196	133	0	7387
9470	7356	29	97	104	0	7586
9471	297	29	7301	88	0	7715
9472	7026	31	204	116	0	7377
9473	256	29	7292	90	0	7667
9474	119	7333	210	81	0	7743
9475	100	204	144	7345	0	7793
9476	54	73	71	7614	0	7812
9477	60	38	46	7447	0	7591
9478	42	26	38	7412	0	7518
9479	44	24	7357	291	0	7716
9480	48	31	7432	140	0	7651
9481	44	31	242	7404	0	7721
9482	43	19	7541	243	0	7846
9483	7117	12	227	146	0	7502
9484	7566	22	101	104	0	7793
9485	259	24	62	7447	0	7792
9486	7403	20	48	229	0	7700
9487	225	7544	51	122	0	7942
9488	7558	179	42	96	0	7875
9489	236	86	7527	95	0	7944
9490	128	43	201	7402	0	7774
9491	80	7572	90	213	0	7955
9492	7769	182	66	151	0	8168
9493	196	85	54	7897	0	8232
9494	111	48	7788	253	0	8200
9495	68	30	207	7767	0	8072
9496	7646	19	117	277	0	8059
9497	225	39	7767	150	0	8181
9498	114	30	218	7765	0	8127
9499	104	24	97	8036	0	8261
9500	79	32	7834	311	0	8256
9501	62	7477	224	188	0	7951
9502	108	5956	146	157	0	6367
9503	85	257	60	7775	0	8177
9504	73	99	61	7959	0	8192
9505	80	55	53	8163	0	8351
9506	7937	40	54	325	0	8356
9507	8021	54	48	150	0	8273
9508	285	49	62	8023	0	8419
9509	7981	44	49	285	0	8359
9510	240	7926	53	153	0	8372
9511	109	201	48	8204	0	8562
9512	93	90	50	8359	0	8592
9513	59	53	58	8485	0	8655
9514	8034	34	51	360	0	8479
9515	223	7912	57	186	0	8378
9516	124	207	53	8163	0	8547
9517	8031	96	52	281	0	8460
9518	222	56	44	8219	0	8541
9519	132	41	41	8195	0	8409
9520	94	7627	37	320	0	8078
9521	69	8141	30	205	0	8445
9522	80	225	37	8169	0	8511
9523	66	91	39	8195	0	8391
9524	7801	52	38	341	0	8232
9525	264	43	43	7870	0	8220
9526	126	41	7673	296	0	8136
9527	88	25	194	7590	0	7897
9528	75	7360	95	277	0	7807
9529	7604	184	60	155	0	8003
9530	252	87	51	7668	0	8058
9531	138	55	41	7593	0	7827
9532	85	7377	40	317	0	7819
9533	7055	149	24	148	0	7376
9534	179	7474	30	110	0	7793
9535	90	178	26	7375	0	7669
9536	54	54	7215	186	0	7509
9537	51	98	139	6602	0	6890
9538	6650	15	66	165	0	6896
9539	135	6669	23	75	0	6902
9540	53	121	17	6692	0	6883
9541	35	6406	10	141	0	6592
9542	23	159	23	6626	0	6831
9543	17	56	6504	165	0	6742
9544	15	53	122	6354	0	6544
9545	16	17	40	6533	0	6606
9546	18	19	22	6665	0	6724
9547	6285	18	9	191	0	6503
9548	6491	16	11	86	0	6604
9549	152	6454	13	55	0	6674
9550	6456	131	11	53	0	6651
9551	138	6324	11	41	0	6514
9552	57	6550	8	36	0	6651
9553	6233	167	7	43	0	6450
9554	141	58	6176	41	0	6416
9555	55	34	117	6077	0	6283
9556	26	27	37	6348	0	6438
9557	34	18	15	6544	0	6611
9558	6271	17	15	198	0	6501
9559	130	6227	16	95	0	6468
9560	58	134	9	6303	0	6504
9561	39	6205	15	132	0	6391
9562	6586	155	2	80	0	6823
9563	169	63	10	6654	0	6896
9564	65	31	7	8040	0	8143
9565	34	8806	4	298	0	9142
9566	34	263	12	9223	0	9532
9567	23	110	11	9473	0	9617
9568	8988	51	9	440	0	9488
9569	268	8696	11	204	0	9179
9570	127	9142	14	128	0	9411
9571	60	361	6	8950	0	9377
9572	48	165	8559	319	0	9091
9573	35	86	8622	181	0	8924
9574	36	63	361	8507	0	8967
9575	36	58	8514	331	0	8939
9576	27	43	319	8497	0	8886
9577	44	50	156	8130	0	8380
9578	31	35	63	8927	0	9056
9579	8456	35	55	488	0	9034
9580	285	20	39	8579	0	8923
9581	139	41	32	8499	0	8711
9582	61	8301	30	457	0	8849
9583	49	297	21	8780	0	9147
9584	45	148	8450	419	0	9062
9585	38	66	292	8698	0	9094
9586	48	53	134	8939	0	9174
9587	8341	42	61	506	0	8950
9588	291	45	53	8536	0	8925
9589	134	43	44	8521	0	8742
9590	66	34	35	8751	0	8886
9591	7857	27	33	549	0	8466
9592	289	8055	34	278	0	8656
9593	152	290	27	8244	0	8713
9594	77	135	22	8451	0	8685
9595	56	74	7988	499	0	8617
9596	57	46	278	8188	0	8569
9597	7574	42	137	440	0	8193
9598	280	7827	53	252	0	8412
9599	132	287	42	7732	0	8193
9600	64	145	32	8049	0	8290
9601	66	63	7603	497	0	8229
9602	7284	54	286	286	0	7910
9603	293	7551	133	199	0	8176
9604	7515	312	50	163	0	8040
9605	301	160	53	7607	0	8121
9606	151	81	36	7817	0	8085
9607	103	64	43	7943	0	8153
9608	82	79	51	7965	0	8177
9609	7526	74	44	520	0	8164
9610	304	60	28	7482	0	7874
9611	142	7182	63	439	0	7826
9612	78	270	62	7492	0	7902
9613	66	115	58	7768	0	8007
9614	7253	59	73	530	0	7915
9615	296	7269	39	308	0	7912
9616	169	297	33	7549	0	8048
9617	7251	149	31	459	0	7890
9618	7566	78	33	299	0	7976
9619	416	62	24	7556	0	8058
9620	210	54	7189	461	0	7914
9621	7214	71	269	289	0	7843
9622	344	57	117	7477	0	7995
9623	168	60	7443	452	0	8123
9624	122	41	295	7703	0	8161
9625	99	52	142	7679	0	7972
9626	109	35	69	7804	0	8017
9627	87	7685	64	523	0	8359
9628	81	285	48	8027	0	8441
9629	70	120	40	8168	0	8398
9630	95	63	46	8197	0	8401
9631	73	82	37	8184	0	8376
9632	71	61	28	8122	0	8282
9633	80	86	45	8148	0	8359
9634	7145	53	46	539	0	7783
9635	258	40	6894	357	0	7549
9636	153	6815	223	238	0	7429
9637	6820	234	110	210	0	7374
9638	267	6895	57	213	0	7432
9639	6871	252	62	199	0	7384
9640	274	146	75	6892	0	7387
9641	7026	67	54	370	0	7517
9642	292	74	62	7043	0	7471
9643	206	50	34	6862	0	7152
9644	104	6847	24	434	0	7409
9645	6974	215	19	306	0	7514
9646	255	117	7009	251	0	7632
9647	189	54	189	7290	0	7722
9648	109	70	7200	359	0	7738
9649	96	59	6869	275	0	7299
9650	7065	69	291	202	0	7627
9651	263	56	139	7235	0	7693
9652	156	43	7090	365	0	7654
9653	115	33	7275	253	0	7676
9654	115	52	275	7256	0	7698
9655	99	34	144	7545	0	7822
9656	7431	54	83	410	0	7978
9657	285	45	55	7524	0	7909
9658	183	40	7650	355	0	8228
9659	116	31	238	7816	0	8201
9660	125	45	123	7695	0	7988
9661	65	7800	88	424	0	8377
9662	7581	196	73	272	0	8122
9663	219	7410	62	203	0	7894
9664	6128	87	34	96	0	6345
9665	78	5059	16	34	0	5187
9666	34	4968	19	32	0	5053
9667	32	54	22	4998	0	5106
9668	14	20	22	4970	0	5026
9669	14	18	12	4935	0	4979
9670	4769	8	7	59	0	4843
9671	34	8	4745	34	0	4821
9672	15	16	29	4652	0	4712
9673	4616	4	13	52	0	4685
9674	32	4573	9	29	0	4643
9675	18	4591	7	23	0	4639
9676	22	43	5	4669	0	4739
9677	15	12	8	4686	0	4721
9678	12	9	5	4718	0	4744
9679	3	4862	6	49	0	4920
9680	9	34	6	4931	0	4980
9681	11	13	4878	33	0	4935
9682	9	10	4401	19	0	4439
9683	4489	3	23	21	0	4536
9684	27	2	9	4817	0	4855
9685	4827	2	8	32	0	4869
9686	4724	0	11	20	0	4755
9687	28	4763	5	13	0	4809
9688	4846	19	2	17	0	4884
9689	5005	10	5	13	0	5033
9690	29	8	6	5001	0	5044
9691	19	5	6	5078	0	5108
9692	13	1	5218	30	0	5262
9693	9	5339	18	18	0	5384
9694	38	27	27	4667	0	4759
9695	5	6	7	5504	0	5522
9696	5552	5	4	35	0	5596
9697	15	3	6	5539	0	5563
9698	5545	3	5	34	0	5587
9699	24	1	2	5611	0	5638
9700	13	5617	4	34	0	5668
9701	5919	26	2	36	0	5983
9702	37	14	3	6626	0	6680
9703	13	16	4	7176	0	7209
9704	17	4	3	7722	0	7746
9705	6	3	7536	220	0	7765
9706	7	4	158	7581	0	7750
9707	7835	5	55	212	0	8107
9708	168	3	26	8289	0	8486
9709	59	5	13	9203	0	9280
9710	32	3	9	9217	0	9261
9711	22	8864	7	353	0	9246
9712	13	9423	6	121	0	9563
9713	9165	317	0	77	0	9559
9714	243	9442	6	46	0	9737
9715	9411	294	9	43	0	9757
9716	9568	98	6	44	0	9716
9717	9610	41	7	56	0	9714
9718	375	27	9423	31	0	9856
9719	126	9601	248	39	0	10014
9720	9863	279	76	61	0	10279
9721	303	98	33	9911	0	10345
9722	127	52	13	9944	0	10136
9723	71	44	14	10007	0	10136
9724	55	9556	8	416	0	10035
9725	52	267	10	9862	0	10191
9726	9749	108	9	346	0	10212
9727	309	52	7	9542	0	9910
9728	127	47	9	9742	0	9925
9729	69	32	9457	398	0	9956
9730	66	50	9742	172	0	10030
9731	76	27	333	9880	0	10316
9732	51	20	125	10129	0	10325
9733	43	9998	58	422	0	10521
9734	66	300	33	10169	0	10568
9735	60	121	34	10454	0	10669
9736	57	65	22	10617	0	10761
9737	10158	58	27	476	0	10719
9738	310	64	10122	209	0	10705
9739	149	45	266	10413	0	10873
9740	10467	42	95	391	0	10995
9741	10560	49	57	208	0	10874
9742	394	54	34	10390	0	10872
9743	179	49	43	10639	0	10910
9744	10277	58	35	457	0	10827
9745	338	10044	41	230	0	10653
9746	149	10316	30	186	0	10681
9747	106	381	24	10382	0	10893
9748	10346	138	33	400	0	10917
9749	10619	80	25	216	0	10940
9750	10525	57	19	193	0	10794
9751	439	63	10519	147	0	11168
9752	9990	68	300	144	0	10502
9753	410	49	10270	132	0	10861
9754	9869	51	320	171	0	10411
9755	380	10099	116	174	0	10769
9756	183	310	10210	139	0	10842
9757	120	132	311	10238	0	10801
9758	112	73	10141	439	0	10765
9759	114	73	331	10165	0	10683
9760	10098	68	134	457	0	10757
9761	358	48	10195	266	0	10867
9762	171	57	341	10201	0	10770
9763	138	10890	163	410	0	11601
9764	168	302	86	11613	0	12169
9765	119	132	90	11628	0	11969
9766	107	91	69	11065	0	11332
9767	11413	60	68	538	0	12079
9768	11599	69	61	275	0	12004
9769	442	86	67	11554	0	12149
9770	214	77	11207	465	0	11963
9771	172	72	11001	246	0	11491
9772	151	85	391	11451	0	12078
9773	158	79	12026	448	0	12711
9774	160	61	352	12117	0	12690
9775	172	65	163	11551	0	11951
9776	151	50	102	12411	0	12714
9777	154	11634	90	514	0	12392
9778	155	11276	109	253	0	11793
9779	135	406	83	12214	0	12838
9780	129	147	83	12311	0	12670
9781	129	102	93	12330	0	12654
9782	12083	76	72	552	0	12783
9783	381	47	12258	324	0	13010
9784	209	52	365	12362	0	12988
9785	12383	63	177	482	0	13105
9786	362	12305	130	271	0	13068
9787	185	321	105	12887	0	13498
9788	126	130	97	13159	0	13512
9789	103	73	90	13045	0	13311
9790	118	56	78	12961	0	13213
9791	104	64	12516	573	0	13257
9792	11565	54	317	371	0	12307
9793	12397	78	151	258	0	12884
9794	437	61	12408	216	0	13122
9795	12006	51	334	252	0	12643
9796	12599	54	158	220	0	13031
9797	472	51	12707	210	0	13440
9798	217	12984	375	219	0	13795
9799	174	319	163	13253	0	13909
9800	167	120	13530	429	0	14246
9801	140	12899	336	264	0	13639
9802	107	201	12417	172	0	12897
9803	57	12039	202	160	0	12458
9804	81	159	106	11810	0	12156
9805	66	53	11814	194	0	12127
9806	85	72	183	11398	0	11738
9807	59	43	11964	224	0	12290
9808	51	11661	147	105	0	11964
9809	10959	32	34	39	0	11064
9810	38	10732	21	25	0	10816
9811	20	11620	14	23	0	11677
9812	51	58	22	11810	0	11941
9813	17	16	18	11888	0	11939
9814	9	23	9	11770	0	11811
9815	14	7	8	11406	0	11435
9816	7	10	11	11879	0	11907
9817	13	9	13146	52	0	13220
9818	19	4	43	12663	0	12729
9819	16	6	12	13281	0	13315
9820	13593	5	11	90	0	13699
9821	13687	6	7	64	0	13764
9822	13897	4	2	44	0	13947
9823	81	3	6	13973	0	14063
9824	15679	6	4	105	0	15794
9825	16723	4	3	72	0	16802
9826	17167	6	8	52	0	17233
9827	200	6	17073	28	0	17307
9828	16537	1	146	46	0	16730
9829	17380	5	42	38	0	17465
9830	17383	2	22	32	0	17439
9831	243	7	10	17349	0	17609
9832	92	8	17542	162	0	17804
9833	58	2	161	17358	0	17579
9834	18032	1	52	225	0	18310
9835	204	6	25	18310	0	18545
9836	75	19068	30	179	0	19352
9837	67	155	11	19756	0	19989
9838	19719	45	14	224	0	20002
9839	19910	20	11	130	0	20071
9840	19683	17	8	66	0	19774
9841	270	13	20364	35	0	20682
9842	127	11	209	19811	0	20158
9843	78	4	66	20820	0	20968
9844	57	13	20819	280	0	21169
9845	43	19952	223	119	0	20337
9846	52	212	20304	74	0	20642
9847	41	58	244	20520	0	20863
9848	20796	33	79	271	0	21179
9849	273	20	21157	87	0	21537
9850	119	12	246	21158	0	21535
9851	76	28	21279	257	0	21640
9852	20552	13	259	138	0	20962
9853	284	14	92	21522	0	21912
9854	118	19	22392	267	0	22796
9855	95	10	262	22083	0	22450
9856	66	25	22539	309	0	22939
9857	70	22627	285	140	0	23122
9858	80	231	106	22918	0	23335
9859	23139	67	80	335	0	23621
9860	301	46	69	23100	0	23516
9861	159	23	66	22828	0	23076
9862	22859	9	47	408	0	23323
9863	338	21212	51	165	0	21766
9864	143	21854	43	134	0	22174
9865	106	313	52	22036	0	22507
9866	73	22089	65	314	0	22541
9867	95	273	34	22425	0	22827
9868	94	97	38	22459	0	22688
9869	22455	64	36	415	0	22970
9870	291	22045	41	202	0	22579
9871	157	271	21785	139	0	22352
9872	110	22571	247	98	0	23026
9873	22322	283	91	110	0	22806
9874	22911	107	70	123	0	23211
9875	405	66	62	22530	0	23063
9876	23075	48	49	388	0	23560
9877	389	44	54	22976	0	23463
9878	23019	61	72	384	0	23536
9879	23339	50	51	203	0	23643
9880	459	33	64	23973	0	24529
9881	24205	40	63	415	0	24723
9882	454	28	24115	183	0	24780
9883	23322	27	336	179	0	23864
9884	442	38	114	24147	0	24741
9885	24548	27	100	392	0	25067
9886	450	24592	82	196	0	25320
9887	257	294	73	24666	0	25290
9888	208	93	96	24813	0	25210
9889	24669	55	77	502	0	25303
9890	459	80	24557	226	0	25322
9891	236	24279	331	201	0	25047
9892	205	297	132	24694	0	25328
9893	166	24616	123	375	0	25280
9894	187	327	67	25163	0	25744
9895	185	144	78	24421	0	24828
9896	166	84	71	25222	0	25543
9897	24948	105	60	554	0	25667
9898	402	87	72	24630	0	25191
9899	24793	90	61	512	0	25456
9900	24525	78	74	291	0	24968
9901	500	74	57	24557	0	25188
9902	24571	67	92	476	0	25206
9903	24175	62	82	293	0	24612
9904	489	81	24427	237	0	25234
9905	267	76	374	23606	0	24323
9906	24545	98	140	474	0	25257
9907	430	24288	112	242	0	25072
9908	24687	340	95	235	0	25357
9909	24717	118	64	246	0	25145
9910	561	77	24147	174	0	24959
9911	282	65	382	22650	0	23379
9912	25241	49	159	569	0	26018
9913	529	63	108	25764	0	26464
9914	288	58	80	26466	0	26892
9915	223	68	89	26796	0	27176
9916	205	44	80	28296	0	28625
9917	27525	45	74	865	0	28509
9918	742	73	27908	355	0	29078
9919	309	105	632	28958	0	30004
9920	227	78	31082	801	0	32188
9921	181	70	31300	417	0	31968
9922	31248	47	1328	326	0	32949
9923	1207	63	33566	212	0	35048
9924	527	31757	1285	142	0	33711
9925	31818	1049	632	173	0	33672
9926	32571	429	271	127	0	33398
9927	1530	205	149	31207	0	33091
9928	723	110	31678	1053	0	33564
9929	377	78	31232	515	0	32202
9930	31714	52	1488	344	0	33598
9931	1227	70	698	32901	0	34896
9932	33042	49	357	1212	0	34660
9933	1392	33722	186	603	0	35903
9934	33951	1102	163	358	0	35574
9935	33992	508	146	250	0	34896
9936	1735	32895	159	175	0	34964
9937	854	1214	127	33081	0	35276
9938	33017	539	111	1267	0	34934
9939	1443	260	32804	593	0	35100
9940	717	32951	1284	342	0	35294
9941	445	1199	579	32687	0	34910
9942	32754	545	314	1282	0	34895
9943	1358	33088	205	695	0	35346
9944	33890	1320	152	364	0	35726
9945	1640	711	32904	220	0	35475
9946	32788	325	1308	222	0	34643
9947	1680	214	33576	153	0	35623
9948	32914	163	1497	197	0	34771
9949	33014	128	717	192	0	34051
9950	2005	135	32163	169	0	34472
9951	992	32122	1368	202	0	34684
9952	626	1253	691	30996	0	33566
9953	446	596	32518	1323	0	34883
9954	390	31733	1383	663	0	34169
9955	414	1358	718	30736	0	33226
9956	401	638	448	32875	0	34362
9957	366	355	31571	1844	0	34136
9958	418	234	1474	30532	0	32658
9959	382	198	808	32377	0	33765
9960	375	219	31489	1947	0	34030
9961	418	202	1583	29960	0	32163
9962	395	31082	833	1586	0	33896
9963	31607	1347	552	853	0	34359
9964	1595	658	506	30995	0	33754
9965	904	32049	488	1468	0	34909
9966	756	1434	459	29868	0	32517
9967	568	32873	471	1418	0	35330
9968	555	1623	32132	769	0	35079
9969	541	32965	1525	556	0	35587
9970	32624	1673	865	472	0	35634
9971	33239	843	587	468	0	35137
9972	33881	546	483	504	0	35414
9973	2362	425	32907	435	0	36129
9974	1294	368	32650	489	0	34801
9975	882	33726	2105	443	0	37156
9976	749	1625	1144	31608	0	35126
9977	679	34844	696	1490	0	37709
9978	843	1937	514	30346	0	33640
9979	715	34881	444	1496	0	37536
9980	34497	2033	424	857	0	37811
9981	37637	1084	420	608	0	39749
9982	2718	690	408	37923	0	41739
9983	1527	535	37477	2017	0	41556
9984	36728	493	2033	1201	0	40455
9985	2392	38107	1143	792	0	42434
9986	1420	1992	810	37409	0	41631
9987	1121	1138	573	37314	0	40146
9988	898	38609	538	2478	0	42523
9989	38850	2219	530	1326	0	42925
9990	2404	1274	38119	791	0	42588
9991	1494	847	2083	38294	0	42718
9992	38597	683	1164	2143	0	42587
9993	39172	592	828	1257	0	41849
9994	3018	38344	671	871	0	42904
9995	1745	2105	603	36846	0	41299
9996	1122	39434	558	2042	0	43156
9997	40176	2343	548	1318	0	44385
9998	2395	1377	39420	903	0	44095
9999	1420	983	39982	743	0	43128
10000	1086	715	2727	39254	0	43782
10001	865	651	1492	39417	0	42425
10002	731	39821	950	2696	0	44198
10003	718	2185	731	40481	0	44115
10004	695	1210	39540	2651	0	44096
10005	38805	878	2183	1589	0	43455
10006	2223	761	1215	40412	0	44611
10007	1292	696	39655	2475	0	44118
10008	989	646	2191	39852	0	43678
10009	774	626	1271	39163	0	41834
10010	649	39539	856	2880	0	43924
10011	687	2163	611	40053	0	43514
10012	629	1276	610	39591	0	42106
10013	655	899	588	39914	0	42056
10014	35955	605	531	3195	0	40286
10015	1998	35077	555	1836	0	39466
10016	1162	35809	465	1162	0	38598
10017	34154	2187	436	866	0	37643
10018	33439	1190	409	716	0	35754
10019	2284	31577	395	624	0	34880
10020	955	30194	301	482	0	31932
10021	27273	1462	199	367	0	29301
10022	1246	26766	200	383	0	28595
10023	569	27399	188	335	0	28491
10024	26676	1386	279	346	0	28687
10025	1099	27294	125	338	0	28856
10026	27196	1294	142	349	0	28981
10027	26851	663	173	343	0	28030
10028	27257	456	160	325	0	28198
10029	1508	26491	176	295	0	28470
10030	823	26851	158	306	0	28138
10031	587	1356	114	25413	0	27470
10032	435	25649	130	975	0	27189
10033	422	1267	132	26535	0	28356
10034	26912	701	140	1189	0	28942
10035	1142	522	127	26557	0	28348
10036	631	26265	148	1258	0	28302
10037	25975	1106	154	726	0	27961
10038	1192	25779	144	518	0	27633
10039	667	26801	119	409	0	27996
10040	514	1512	92	25090	0	27208
10041	403	26331	94	984	0	27812
10042	25929	1235	172	580	0	27916
10043	1143	730	25298	413	0	27584
10044	621	25340	899	425	0	27285
10045	500	1126	474	25586	0	27686
10046	453	675	25424	1130	0	27682
10047	428	538	961	25138	0	27065
10048	415	461	492	25834	0	27202
10049	362	462	339	26409	0	27572
10050	376	393	282	26512	0	27563
10051	382	422	25192	1628	0	27624
10052	343	25098	1018	990	0	27449
10053	25135	1049	535	795	0	27514
10054	1035	652	24687	615	0	26989
10055	24447	535	976	628	0	26586
10056	1209	447	25049	558	0	27263
10057	754	401	1130	25216	0	27501
10058	602	370	25259	1185	0	27416
10059	486	344	25528	753	0	27111
10060	407	382	1375	25320	0	27484
10061	435	377	814	23541	0	25167
10062	340	378	524	26591	0	27833
10063	312	408	393	26284	0	27397
10064	25393	359	330	1774	0	27856
10065	1061	361	25035	1100	0	27557
10066	25208	346	972	889	0	27415
10067	25780	330	541	745	0	27396
10068	25982	375	387	637	0	27381
10069	25893	400	300	531	0	27124
10070	26178	402	266	520	0	27366
10071	1822	373	227	24973	0	27395
10072	1095	368	23248	1199	0	25910
10073	764	322	22776	774	0	24636
10074	575	23398	1034	602	0	25609
10075	22500	930	541	533	0	24504
10076	976	651	355	22062	0	24044
10077	635	554	251	21906	0	23346
10078	523	21464	203	1171	0	23361
10079	544	21415	159	731	0	22849
10080	517	21729	135	474	0	22855
10081	18977	817	128	292	0	20214
10082	537	453	88	17133	0	18211
10083	268	16940	101	486	0	17795
10084	180	469	85	17053	0	17787
10085	165	270	16632	490	0	17557
10086	196	166	17077	271	0	17710
10087	211	142	490	18564	0	19407
10088	19346	142	196	606	0	20290
10089	20499	171	111	319	0	21100
10090	20677	156	87	220	0	21140
10091	926	168	20041	188	0	21323
10092	448	181	621	19914	0	21164
10093	269	177	278	21115	0	21839
10094	294	180	19701	877	0	21052
10095	18634	165	656	472	0	19927
10096	812	164	19751	292	0	21019
10097	366	120	18742	241	0	19469
10098	218	121	19411	216	0	19966
10099	238	101	887	18498	0	19724
10100	190	79	445	19264	0	19978
10101	161	90	19388	887	0	20526
10102	152	89	714	19396	0	20351
10103	19517	62	447	832	0	20858
10104	693	66	294	20059	0	21112
10105	375	64	20136	856	0	21431
10106	217	76	21013	528	0	21834
10107	208	61	965	20976	0	22210
10108	22189	66	485	899	0	23639
10109	875	23416	340	495	0	25126
10110	24377	845	302	349	0	25873
10111	24921	462	303	340	0	26026
10112	1559	203	24595	306	0	26663
10113	867	115	1111	24636	0	26729
10114	25216	88	731	1216	0	27251
10115	25081	79	457	839	0	26456
10116	1509	24637	376	473	0	26995
10117	900	854	311	24792	0	26857
10118	570	514	296	26109	0	27489
10119	416	239	25024	1623	0	27302
10120	389	169	1085	24783	0	26426
10121	372	103	25235	1430	0	27140
10122	411	92	25015	880	0	26398
10123	386	93	1525	24316	0	26320
10124	24217	107	874	1267	0	26465
10125	1147	23380	566	851	0	25944
10126	23727	897	426	596	0	25646
10127	24053	533	375	477	0	25438
10128	1611	23390	352	447	0	25800
10129	965	912	314	22559	0	24750
10130	22673	590	279	1026	0	24568
10131	1211	22558	280	695	0	24744
10132	22567	934	255	498	0	24254
10133	1255	21648	223	407	0	23533
10134	842	932	223	20835	0	22832
10135	559	604	238	21727	0	23128
10136	20877	331	238	1373	0	22819
10137	20638	266	224	917	0	22045
10138	1395	20752	237	642	0	23026
10139	925	811	20382	476	0	22594
10140	585	554	20224	427	0	21790
10141	444	363	1290	19376	0	21473
10142	403	20265	847	986	0	22501
10143	383	813	520	21235	0	22951
10144	391	537	396	21204	0	22528
10145	454	344	368	21383	0	22549
10146	410	296	20504	1560	0	22770
10147	392	268	20052	1010	0	21722
10148	400	20693	1283	657	0	23033
10149	400	895	765	21046	0	23106
10150	470	625	443	22290	0	23828
10151	496	444	21156	1522	0	23618
10152	19624	349	953	1058	0	21984
10153	1143	289	699	21801	0	23932
10154	815	277	21553	1212	0	23857
10155	20285	253	1086	965	0	22589
10156	1141	21157	755	730	0	23783
10157	865	932	22147	623	0	24567
10158	693	686	1039	22115	0	24533
10159	22174	472	751	1256	0	24653
10160	1123	300	22515	977	0	24915
10161	812	261	1194	22587	0	24854
10162	569	259	879	22379	0	24086
10163	440	269	617	24989	0	26315
10164	24178	287	435	1885	0	26785
10165	1130	23288	414	1291	0	26123
10166	802	1010	444	24137	0	26393
10167	560	673	24034	1454	0	26721
10168	482	434	1179	23501	0	25596
10169	436	22514	832	1551	0	25333
10170	424	24784	594	1058	0	26860
10171	24265	1397	436	877	0	26975
10172	25130	862	395	731	0	27118
10173	1692	588	24245	625	0	27150
10174	24036	404	1134	603	0	26177
10175	1483	24284	815	617	0	27199
10176	25204	1138	552	630	0	27524
10177	1516	784	408	24834	0	27542
10178	1145	617	24820	1343	0	27925
10179	851	515	1155	25312	0	27833
10180	729	385	25172	1575	0	27861
10181	24167	329	1441	1147	0	27084
10182	1241	314	962	25210	0	27727
10183	896	25613	570	1549	0	28628
10184	696	1250	406	26551	0	28903
10185	586	785	25676	1725	0	28772
10186	514	25091	1188	1178	0	27971
10187	23702	1079	771	887	0	26439
10188	1054	22855	588	611	0	25108
10189	638	22840	380	486	0	24344
10190	518	1303	306	21888	0	24015
10191	377	22610	322	1068	0	24377
10192	401	1111	279	23012	0	24803
10193	371	681	22133	1242	0	24427
10194	20576	465	873	770	0	22684
10195	22246	351	541	509	0	23647
10196	1349	316	21706	389	0	23760
10197	21113	318	843	389	0	22663
10198	1120	21533	537	389	0	23579
10199	22271	832	402	385	0	23890
10200	1112	598	305	21718	0	23733
10201	744	415	21546	892	0	23597
10202	487	22177	799	659	0	24122
10203	341	893	525	22029	0	23788
10204	297	511	324	22818	0	23950
10205	21392	344	224	1285	0	23245
10206	20529	260	211	791	0	21791
10207	1104	19929	246	527	0	21806
10208	513	18275	161	271	0	19220
10209	251	18077	88	149	0	18565
10210	249	471	130	17623	0	18473
10211	17404	182	104	415	0	18105
10212	17150	124	53	166	0	17493
10213	456	100	42	16916	0	17514
10214	209	82	55	17121	0	17467
10215	16867	75	62	473	0	17477
10216	390	100	63	17211	0	17764
10217	155	111	17128	444	0	17838
10218	16880	77	281	257	0	17495
10219	17502	86	81	177	0	17846
10220	488	91	17735	115	0	18429
10221	18005	108	304	150	0	18567
10222	461	113	92	18706	0	19372
10223	219	116	74	18748	0	19157
10224	147	105	75	19112	0	19439
10225	18677	54	72	539	0	19342
10226	412	19092	71	247	0	19822
10227	218	335	71	19225	0	19849
10228	163	18906	79	410	0	19558
10229	19123	390	75	222	0	19810
10230	476	157	76	19220	0	19929
10231	235	107	109	19618	0	20069
10232	254	19369	86	487	0	20196
10233	228	440	19249	226	0	20143
10234	194	164	418	19561	0	20337
10235	19691	138	146	543	0	20518
10236	21382	113	119	296	0	21910
10237	785	112	22031	227	0	23155
10238	347	89	649	22177	0	23262
10239	237	22788	266	725	0	24016
10240	199	730	158	23716	0	24803
10241	23334	305	111	930	0	24680
10242	23707	228	87	440	0	24462
10243	1009	176	95	23079	0	24359
10244	467	22671	99	840	0	24077
10245	24201	771	76	433	0	25481
10246	886	336	82	24835	0	26139
10247	24713	280	70	958	0	26021
10248	26181	161	110	490	0	26942
10249	1155	146	61	25922	0	27284
10250	591	135	88	25998	0	26812
10251	383	104	130	26615	0	27232
10252	271	25862	108	1275	0	27516
10253	310	875	74	26441	0	27700
10254	281	349	73	26751	0	27454
10255	356	246	25076	1225	0	26903
10256	366	172	24389	599	0	25526
10257	246	154	970	24680	0	26050
10258	24326	160	398	1112	0	25996
10259	898	24397	236	541	0	26072
10260	24006	823	155	501	0	25485
10261	1100	327	23804	390	0	25621
10262	561	218	23035	369	0	24183
10263	346	23200	935	357	0	24838
10264	285	760	421	23260	0	24726
10265	204	266	23096	907	0	24473
10266	155	230	23484	421	0	24290
10267	176	127	885	23251	0	24439
10268	23340	86	395	911	0	24732
10269	23628	71	280	445	0	24424
10270	931	101	199	23098	0	24329
10271	476	88	24432	893	0	25889
10272	363	104	706	24897	0	26070
10273	263	123	327	24588	0	25301
10274	198	24863	235	911	0	26207
10275	24856	664	205	524	0	26249
10276	24999	265	221	342	0	25827
10277	885	24942	164	315	0	26306
10278	505	687	136	23843	0	25171
10279	309	24567	188	792	0	25856
10280	24542	743	174	434	0	25893
10281	829	316	23888	382	0	25415
10282	430	231	22693	286	0	23640
10283	335	142	22986	226	0	23689
10284	220	107	926	22895	0	24148
10285	180	110	471	23209	0	23970
10286	22957	94	285	986	0	24322
10287	693	112	169	23134	0	24108
10288	356	149	149	23668	0	24322
10289	329	103	24055	996	0	25483
10290	242	127	23098	568	0	24035
10291	22965	134	817	402	0	24318
10292	678	23769	405	372	0	25224
10293	24513	645	260	288	0	25706
10294	879	297	213	24364	0	25753
10295	428	184	220	24418	0	25250
10296	309	24024	211	922	0	25466
10297	232	672	217	24551	0	25672
10298	23986	273	168	994	0	25421
10299	730	249	144	24266	0	25389
10300	449	157	23801	922	0	25329
10301	302	23328	668	590	0	24888
10302	23015	638	351	469	0	24473
10303	23671	296	309	374	0	24650
10304	23781	220	244	350	0	24595
10305	24127	158	177	325	0	24787
10306	1105	178	143	23271	0	24697
10307	620	152	143	23941	0	24856
10308	426	139	23212	1058	0	24835
10309	330	118	650	23393	0	24491
10310	265	198	23052	1013	0	24528
10311	294	122	739	23300	0	24455
10312	23029	154	357	1008	0	24548
10313	786	23568	299	604	0	25257
10314	428	667	253	23785	0	25133
10315	353	330	202	24855	0	25740
10316	24104	238	190	1067	0	25599
10317	23480	157	180	665	0	24482
10318	1077	136	23073	460	0	24746
10319	561	23066	720	445	0	24792
10320	378	657	361	23059	0	24455
10321	285	318	302	23450	0	24355
10322	22754	216	291	1122	0	24383
10323	22856	147	248	654	0	23905
10324	1041	176	22658	424	0	24299
10325	543	151	22509	408	0	23611
10326	470	143	953	21859	0	23425
10327	342	165	447	22818	0	23772
10328	318	116	22136	1063	0	23633
10329	21122	136	798	650	0	22706
10330	914	110	382	22438	0	23844
10331	21936	96	300	905	0	23237
10332	831	21431	245	590	0	23097
10333	22530	649	184	450	0	23813
10334	995	299	24098	394	0	25786
10335	511	23530	749	371	0	25161
10336	279	23203	277	203	0	23962
10337	21771	579	300	207	0	22857
10338	21424	208	108	145	0	21885
10339	602	130	89	20828	0	21649
10340	281	20556	79	451	0	21367
10341	162	21420	82	251	0	21915
10342	129	493	58	21485	0	22165
10343	21406	224	68	481	0	22179
10344	21666	134	48	276	0	22124
10345	596	77	20072	138	0	20883
10346	18973	52	318	120	0	19463
10347	450	20911	133	71	0	21565
10348	21361	411	64	80	0	21916
10349	558	25789	44	61	0	26452
10350	210	28527	43	64	0	28844
10351	207	1274	28	31105	0	32614
10352	33276	499	61	1290	0	35126
10353	34797	288	22	542	0	35649
10354	1900	153	33271	338	0	35662
10355	914	80	1326	33557	0	35877
10356	34109	57	516	1528	0	36210
10357	1775	51	319	34347	0	36492
10358	34611	63	237	1746	0	36657
10359	35385	66	161	801	0	36413
10360	2170	66	34042	530	0	36808
10361	1104	57	1362	33338	0	35861
10362	730	73	527	34954	0	36284
10363	549	73	335	35398	0	36355
10364	361	70	33185	2221	0	35837
10365	266	88	1517	33571	0	35442
10366	250	108	580	32477	0	33415
10367	177	32219	385	2159	0	34940
10368	215	1398	31662	1068	0	34343
10369	161	32776	1480	741	0	35158
10370	32566	1682	563	530	0	35341
10371	1588	752	373	30679	0	33392
10372	736	509	297	30401	0	31943
10373	491	30952	233	1894	0	33570
10374	30883	1558	133	971	0	33545
10375	31860	608	112	702	0	33282
10376	13999	18367	133	564	0	33063
10377	1515	31505	127	448	0	33595
10378	31495	1784	121	300	0	33700
10379	2022	796	30413	275	0	33506
10380	984	558	30733	280	0	32555
10381	29565	431	1861	296	0	32153
10382	1710	30659	883	266	0	33518
10383	31184	1491	616	282	0	33573
10384	1855	708	30180	302	0	33045
10385	30790	511	1502	359	0	33162
10386	2032	31970	643	305	0	34950
10387	1114	1616	452	32017	0	35199
10388	841	691	391	33110	0	35033
10389	748	513	326	30794	0	32381
10390	648	351	207	32524	0	33730
10391	503	352	218	31510	0	32583
10392	497	30650	206	2634	0	33987
10393	31029	1489	187	1473	0	34178
10394	1803	666	30518	1061	0	34048
10395	958	497	1508	31353	0	34316
10396	733	419	31295	1923	0	34370
10397	635	381	1864	31313	0	34193
10398	582	226	947	32487	0	34242
10399	31035	228	711	2534	0	34508
10400	1703	260	30566	1448	0	33977
10401	855	30492	1709	1048	0	34104
10402	674	1555	793	31016	0	34038
10403	644	757	578	32439	0	34418
10404	535	622	31019	2283	0	34459
10405	474	513	1654	31388	0	34029
10406	443	485	746	33016	0	34690
10407	30241	336	556	2715	0	33848
10408	1663	31107	433	1479	0	34682
10409	31376	1639	346	1093	0	34454
10410	32582	870	265	907	0	34624
10411	2502	603	251	31344	0	34700
10412	1385	534	30659	1810	0	34388
10413	1047	451	31242	947	0	33687
10414	871	358	2116	30383	0	33728
10415	709	356	1100	29854	0	32019
10416	536	30399	825	2162	0	33922
10417	30290	1549	656	1249	0	33744
10418	1768	29759	541	995	0	33063
10419	1016	31574	393	816	0	33799
10420	30706	2254	343	727	0	34030
10421	2030	1157	294	29821	0	33302
10422	1158	31516	302	1877	0	34853
10423	825	1924	306	31926	0	34981
10424	673	926	30872	2255	0	34726
10425	579	647	31277	1448	0	33951
10426	476	539	2005	31507	0	34527
10427	443	435	31645	2243	0	34766
10428	436	340	2115	31536	0	34427
10429	433	320	1166	31945	0	33864
10430	408	300	823	33294	0	34825
10431	30428	332	650	2901	0	34311
10432	1582	29453	553	1742	0	33330
10433	758	30989	411	1327	0	33485
10434	28145	1823	365	1028	0	31361
10435	29459	922	307	825	0	31513
10436	2019	786	314	28118	0	31237
10437	1055	674	27744	1728	0	31201
10438	852	496	1411	28248	0	31007
10439	662	393	28121	2018	0	31194
10440	546	27870	1634	1210	0	31260
10441	438	1428	856	28682	0	31404
10442	28223	721	638	1935	0	31517
10443	1638	570	517	28706	0	31431
10444	879	461	27572	1941	0	30853
10445	26868	408	1470	1222	0	29968
10446	1858	340	27902	858	0	30958
10447	976	302	27430	678	0	29386
10448	665	24922	1912	680	0	28179
10449	417	20497	753	335	0	22002
10450	323	19397	544	324	0	20588
10451	14564	558	722	362	0	16206
10452	13519	69	118	100	0	13806
10453	184	42	29	13631	0	13886
10454	75	40	38	13654	0	13807
10455	62	29	31	14000	0	14122
10456	44	13860	36	218	0	14158
10457	13930	135	25	122	0	14212
10458	145	13918	34	76	0	14173
10459	78	139	22	14107	0	14346
10460	13664	69	38	185	0	13956
10461	166	39	30	13677	0	13912
10462	73	44	29	13896	0	14042
10463	13932	46	24	217	0	14219
10464	13623	47	23	116	0	13809
10465	203	34	13692	67	0	13996
10466	94	32	13386	59	0	13571
10467	63	34	13911	55	0	14063
10468	59	30	207	13690	0	13986
10469	43	25	99	13958	0	14125
10470	35	14136	56	206	0	14433
10471	14460	160	50	151	0	14821
10472	192	67	42	14698	0	14999
10473	102	44	37	14947	0	15130
10474	51	14861	34	271	0	15217
10475	52	15868	36	120	0	16076
10476	57	259	27	16207	0	16550
10477	53	105	31	18135	0	18324
10478	18118	66	19	495	0	18698
10479	18192	45	31	209	0	18477
10480	491	52	33	18061	0	18637
10481	199	52	17837	459	0	18547
10482	123	48	17161	192	0	17524
10483	90	30	465	17598	0	18183
10484	88	43	180	17272	0	17583
10485	71	17158	103	533	0	17865
10486	16405	374	58	267	0	17104
10487	413	128	64	16467	0	17072
10488	153	88	16327	475	0	17043
10489	113	64	397	16458	0	17032
10490	87	40	16308	500	0	16935
10491	61	66	16368	236	0	16731
10492	91	154	513	16484	0	17242
10493	16485	56	206	495	0	17242
10494	393	33	16427	197	0	17050
10495	160	26	377	16274	0	16837
10496	117	38	17323	442	0	17920
10497	98	33	434	17152	0	17717
10498	78	32	176	17342	0	17628
10499	72	32	17230	562	0	17896
10500	79	43	16511	266	0	16899
10501	120	44	515	15352	0	16031
10502	78	36	211	17133	0	17458
10503	68	41	161	17435	0	17705
10504	72	29	122	17208	0	17431
10505	16885	23	95	659	0	17662
10506	16976	35	107	332	0	17450
10507	473	16840	102	214	0	17629
10508	16951	368	79	202	0	17600
10509	468	129	98	17078	0	17773
10510	17223	66	108	515	0	17912
10511	493	51	17032	241	0	17817
10512	17076	27	465	217	0	17785
10513	499	43	201	17280	0	18023
10514	222	38	132	18128	0	18520
10515	17755	28	121	668	0	18572
10516	527	34	116	19100	0	19777
10517	194	30	19758	727	0	20709
10518	19168	27	598	387	0	20180
10519	604	19931	229	313	0	21077
10520	235	536	154	20919	0	21844
10521	185	175	22113	765	0	23238
10522	177	113	715	21689	0	22694
10523	135	104	21780	882	0	22901
10524	140	41	759	21698	0	22638
10525	111	21852	314	875	0	23152
10526	149	682	189	22025	0	23045
10527	140	23029	155	902	0	24226
10528	205	852	139	21772	0	22968
10529	152	284	135	24374	0	24945
10530	172	166	112	24632	0	25082
10531	172	119	125	24556	0	24972
10532	187	75	128	24877	0	25267
10533	150	71	23478	1402	0	25101
10534	168	75	874	23693	0	24810
10535	111	67	382	24532	0	25092
10536	23653	74	268	1353	0	25348
10537	832	23596	203	674	0	25305
10538	23809	869	128	548	0	25354
10539	1007	347	148	23913	0	25415
10540	397	213	23640	1149	0	25399
10541	244	23638	890	632	0	25404
10542	23321	853	376	532	0	25082
10543	861	23144	284	456	0	24745
10544	325	24324	204	422	0	25275
10545	23563	1071	165	434	0	25233
10546	929	416	171	25521	0	27037
10547	25555	251	144	1284	0	27234
10548	1151	155	136	25383	0	26825
10549	445	130	24974	1395	0	26944
10550	292	154	25081	714	0	26241
10551	23768	121	1230	595	0	25714
10552	25429	117	542	477	0	26565
10553	1331	153	352	24453	0	26289
10554	601	150	230	25363	0	26344
10555	23687	146	185	1534	0	25552
10556	1085	23311	177	792	0	25365
10557	472	24607	161	597	0	25837
10558	24059	1183	152	473	0	25867
10559	24636	501	158	412	0	25707
10560	1338	24263	153	363	0	26117
10561	683	1101	139	24102	0	26025
10562	475	447	23735	1182	0	25839
10563	378	319	23988	600	0	25285
10564	23146	207	1276	519	0	25148
10565	1228	148	24093	418	0	25887
10566	561	175	1203	23119	0	25058
10567	459	173	460	23098	0	24190
10568	371	23347	335	1312	0	25365
10569	23353	1022	266	681	0	25322
10570	1228	420	170	23386	0	25204
10571	574	318	22681	1193	0	24766
10572	427	22833	964	598	0	24822
10573	355	1076	376	22709	0	24516
10574	301	432	22397	1160	0	24290
10575	339	320	21793	560	0	23012
10576	267	21407	1163	493	0	23330
10577	19225	859	449	341	0	20874
10578	817	19912	333	297	0	21359
10579	19884	876	238	309	0	21307
10580	922	385	19496	292	0	21095
10581	18865	275	833	296	0	20269
10582	949	19674	353	298	0	21274
10583	469	806	278	19701	0	21254
10584	299	392	245	20633	0	21569
10585	20075	293	200	1121	0	21689
10586	872	238	19869	582	0	21561
10587	19689	225	821	469	0	21204
10588	20469	221	369	356	0	21415
10589	1097	199	19402	361	0	21059
10590	519	199	19961	305	0	20984
10591	407	245	1020	19324	0	20996
10592	19731	229	460	955	0	21375
10593	20050	205	355	520	0	21130
10594	1074	20158	305	425	0	21962
10595	597	849	210	20406	0	22062
10596	442	365	199	20169	0	21175
10597	390	277	190	20392	0	21249
10598	339	225	202	20907	0	21673
10599	20149	188	239	1266	0	21842
10600	995	216	205	20722	0	22138
10601	503	231	20056	1115	0	21905
10602	442	191	19852	529	0	21014
10603	19178	190	1047	437	0	20852
10604	1065	19451	473	349	0	21338
10605	517	20678	387	275	0	21857
10606	437	1035	306	20248	0	22026
10607	387	453	252	20875	0	21967
10608	361	318	243	20548	0	21470
10609	362	245	209	21197	0	22013
10610	300	207	20136	1314	0	21957
10611	341	188	811	20188	0	21528
10612	389	186	334	20543	0	21452
10613	284	204	19397	1194	0	21079
10614	17843	139	870	682	0	19534
10615	857	18933	424	556	0	20770
10616	17752	628	299	365	0	19044
10617	804	261	17405	298	0	18768
10618	390	169	16975	257	0	17791
10619	282	16996	821	230	0	18329
10620	15853	699	837	312	0	17701
10621	15091	262	201	184	0	15738
10622	15385	173	114	180	0	15852
10623	658	14886	112	199	0	15855
10624	14559	426	96	169	0	15250
10625	557	188	14720	167	0	15632
10626	260	14602	432	180	0	15474
10627	13995	387	200	158	0	14740
10628	447	14301	136	167	0	15051
10629	13896	413	115	120	0	14544
10630	13521	170	104	104	0	13899
10631	514	109	13926	94	0	14643
10632	265	13901	387	88	0	14641
10633	13781	361	180	110	0	14432
10634	424	167	13817	85	0	14493
10635	209	13777	395	97	0	14478
10636	211	355	161	13484	0	14211
10637	138	142	13477	324	0	14081
10638	105	127	13027	148	0	13407
10639	117	86	393	13186	0	13782
10640	13124	47	193	394	0	13758
10641	342	13128	134	178	0	13782
10642	163	302	12987	114	0	13566
10643	151	148	12752	89	0	13140
10644	11908	88	387	87	0	12470
10645	336	13047	181	72	0	13636
10646	11384	140	60	41	0	11625
10647	177	11276	30	41	0	11524
10648	11639	162	43	46	0	11890
10649	11400	74	30	25	0	11529
10650	246	11142	29	20	0	11437
10651	102	199	31	11311	0	11643
10652	11898	72	56	182	0	12208
10653	208	54	36	12079	0	12377
10654	91	35	31	12742	0	12899
10655	12805	22	32	315	0	13174
10656	251	12750	31	114	0	13146
10657	12964	236	27	84	0	13311
10658	296	81	12847	34	0	13258
10659	110	63	259	12942	0	13374
10660	79	47	84	13075	0	13285
10661	13043	22	68	338	0	13471
10662	13134	49	39	134	0	13356
10663	342	41	18	13069	0	13470
10664	165	42	13104	270	0	13581
10665	108	36	263	12946	0	13353
10666	79	36	82	13157	0	13354
10667	82	36	63	13287	0	13468
10668	88	34	34	13323	0	13479
10669	13048	50	34	414	0	13546
10670	312	31	12946	180	0	13469
10671	136	13053	286	131	0	13606
10672	135	269	84	12920	0	13408
10673	93	95	81	13525	0	13794
10674	82	75	13333	391	0	13881
10675	74	56	13085	199	0	13414
10676	105	24	337	13423	0	13889
10677	85	30	159	13650	0	13924
10678	85	54	13228	446	0	13813
10679	88	42	320	13104	0	13554
10680	13307	37	117	457	0	13918
10681	349	13567	115	222	0	14253
10682	158	308	13425	173	0	14064
10683	115	13529	323	138	0	14105
10684	123	359	120	13670	0	14272
10685	86	135	13744	368	0	14333
10686	84	13558	357	201	0	14200
10687	89	314	159	13859	0	14421
10688	79	149	14009	401	0	14638
10689	93	82	383	13790	0	14348
10690	103	78	154	13984	0	14319
10691	13896	55	125	550	0	14626
10692	381	63	103	14022	0	14569
10693	13986	61	100	491	0	14638
10694	13299	65	98	272	0	13734
10695	13370	65	87	247	0	13769
10696	545	83	73	13067	0	13768
10697	229	50	12699	449	0	13427
10698	153	68	12269	248	0	12738
10699	12316	52	437	234	0	13039
10700	402	52	12635	148	0	13237
10701	12060	72	400	170	0	12702
10702	442	12545	184	152	0	13323
10703	12738	325	141	162	0	13366
10704	475	118	12847	150	0	13590
10705	209	99	13295	155	0	13758
10706	204	61	508	13550	0	14323
10707	132	45	14247	516	0	14940
10708	151	42	14583	229	0	15005
10709	120	62	624	15050	0	15856
10710	149	41	275	15976	0	16441
10711	109	62	192	16575	0	16938
10712	119	16097	149	849	0	17214
10713	135	584	128	15795	0	16642
10714	118	16618	123	710	0	17569
10715	16523	694	139	361	0	17717
10716	17140	255	135	246	0	17776
10717	803	163	120	16071	0	17157
10718	370	16102	120	753	0	17345
10719	258	642	16366	353	0	17619
10720	16440	218	740	303	0	17701
10721	755	166	286	16573	0	17780
10722	339	105	213	17103	0	17760
10723	263	97	163	17541	0	18064
10724	16540	81	128	1135	0	17884
10725	772	15547	138	547	0	17004
10726	305	16452	161	391	0	17309
10727	15767	809	122	262	0	16960
10728	755	16179	147	241	0	17322
10729	16257	813	125	220	0	17415
10730	16474	303	147	262	0	17186
10731	967	15858	144	248	0	17217
10732	438	777	159	15522	0	16896
10733	312	15927	160	770	0	17169
10734	261	792	137	16042	0	17232
10735	220	343	115	17164	0	17842
10736	16430	234	123	1194	0	17981
10737	17363	211	106	591	0	18271
10738	1142	192	138	17057	0	18529
10739	539	202	16380	1013	0	18134
10740	16058	207	775	556	0	17596
10741	957	16230	351	428	0	17966
10742	476	838	242	16371	0	17927
10743	409	379	171	17068	0	18027
10744	351	287	136	17366	0	18140
10745	16008	255	107	1349	0	17719
10746	16386	214	105	736	0	17441
10747	1136	15120	124	535	0	16915
10748	583	15796	135	425	0	16939
10749	468	948	114	15646	0	17176
10750	415	460	132	16258	0	17265
10751	308	334	15555	1166	0	17363
10752	298	281	755	15418	0	16752
10753	241	172	14980	1138	0	16531
10754	270	155	14208	581	0	15214
10755	245	14067	910	435	0	15657
10756	279	755	400	14214	0	15648
10757	14251	353	257	950	0	15811
10758	862	257	186	14332	0	15637
10759	472	236	13935	954	0	15597
10760	13688	194	709	562	0	15153
10761	14259	221	315	452	0	15247
10762	1063	211	13836	363	0	15473
10763	597	156	746	14203	0	15702
10764	13938	174	355	992	0	15459
10765	929	14051	282	574	0	15836
10766	14561	785	220	463	0	16029
10767	15225	370	194	412	0	16201
10768	1160	282	196	14636	0	16274
10769	605	270	162	15514	0	16551
10770	15049	200	159	1220	0	16628
10771	1055	183	148	15279	0	16665
10772	555	187	14776	1199	0	16717
10773	14371	164	797	677	0	16009
10774	15018	179	354	480	0	16031
10775	1186	14139	195	434	0	15954
10776	577	14729	193	376	0	15875
10777	443	971	150	14046	0	15610
10778	389	14654	125	915	0	16083
10779	355	913	115	14823	0	16206
10780	14381	425	144	1049	0	15999
10781	14337	278	152	610	0	15377
10782	1049	13839	160	486	0	15534
10783	13909	790	148	406	0	15253
10784	1069	13857	130	327	0	15383
10785	13943	872	143	361	0	15319
10786	14383	434	172	344	0	15333
10787	1222	299	13485	291	0	15297
10788	13467	247	698	337	0	14749
10789	1055	13039	342	324	0	14760
10790	596	13909	208	313	0	15026
10791	13829	918	183	302	0	15232
10792	1025	466	122	13635	0	15248
10793	585	325	13453	860	0	15223
10794	503	264	685	13769	0	15221
10795	448	256	294	14347	0	15345
10796	390	235	13432	1110	0	15167
10797	13015	186	731	601	0	14533
10798	912	13422	331	500	0	15165
10799	13540	734	229	388	0	14891
10800	1099	334	177	13006	0	14616
10801	13057	276	151	843	0	14327
10802	957	12853	151	488	0	14449
10803	625	770	106	12975	0	14476
10804	12841	361	109	900	0	14211
10805	909	236	11798	488	0	13431
10806	495	189	10985	386	0	12055
10807	10432	165	720	331	0	11648
10808	752	10167	328	258	0	11505
10809	343	9121	159	207	0	9830
10810	457	555	152	8331	0	9495
10811	241	8607	111	448	0	9407
10812	231	476	101	8654	0	9462
10813	277	228	94	9115	0	9714
10814	192	142	143	8976	0	9453
10815	221	8563	127	563	0	9474
10816	211	422	99	8554	0	9286
10817	188	220	8280	472	0	9160
10818	203	8093	321	285	0	8902
10819	171	386	147	7475	0	8179
10820	171	7731	102	310	0	8314
10821	7703	333	82	216	0	8334
10822	7729	179	84	190	0	8182
10823	7798	112	115	148	0	8173
10824	496	7803	71	156	0	8526
10825	284	299	65	7724	0	8372
10826	212	177	7556	296	0	8241
10827	200	124	7337	182	0	7843
10828	7088	129	311	156	0	7684
10829	7395	118	155	164	0	7832
10830	396	98	84	7728	0	8306
10831	277	77	59	8070	0	8483
10832	166	85	8005	470	0	8726
10833	155	7725	318	252	0	8450
10834	175	7828	168	175	0	8346
10835	106	252	7488	97	0	7943
10836	67	141	203	7150	0	7561
10837	101	85	100	6134	0	6420
10838	89	44	48	7409	0	7590
10839	69	72	35	7402	0	7578
10840	7294	53	30	273	0	7650
10841	235	77	7027	103	0	7442
10842	7035	48	182	78	0	7343
10843	243	57	67	7118	0	7485
10844	7240	39	41	226	0	7546
10845	237	52	43	7223	0	7555
10846	135	44	7230	225	0	7634
10847	83	59	189	7321	0	7652
10848	85	56	7387	221	0	7749
10849	69	50	187	7253	0	7559
10850	68	43	7535	225	0	7871
10851	49	7470	187	108	0	7814
10852	56	174	78	7568	0	7876
10853	47	78	40	7653	0	7818
10854	49	7684	44	216	0	7993
10855	7845	192	31	129	0	8197
10856	235	76	44	7816	0	8171
10857	87	58	43	7824	0	8012
10858	7872	48	36	291	0	8247
10859	8030	48	29	131	0	8238
10860	8276	45	29	91	0	8441
10861	8296	34	29	103	0	8462
10862	304	27	7835	90	0	8256
10863	7666	37	213	93	0	8009
10864	8118	26	78	83	0	8305
10865	305	35	49	7667	0	8056
10866	143	29	44	7732	0	7948
10867	7436	34	36	273	0	7779
10868	236	7349	34	116	0	7735
10869	100	196	20	7172	0	7488
10870	72	50	7462	216	0	7800
10871	50	7386	168	87	0	7691
10872	7355	143	72	66	0	7636
10873	7466	57	23	44	0	7590
10874	7477	30	16	41	0	7564
10875	7596	17	33	49	0	7695
10876	213	14	29	7326	0	7582
10877	75	31	7276	166	0	7548
10878	45	24	7598	73	0	7740
10879	46	20	219	8105	0	8390
10880	8657	13	68	225	0	8963
10881	256	17	31	8740	0	9044
10882	84	16	8809	291	0	9200
10883	8789	6	241	118	0	9154
10884	9024	20	74	58	0	9176
10885	321	11	39	9099	0	9470
10886	149	9	9446	250	0	9854
10887	90	9	9587	99	0	9785
10888	9171	7	299	79	0	9556
10889	277	9447	96	59	0	9879
10890	119	207	9774	56	0	10156
10891	91	49	250	9716	0	10106
10892	9866	31	99	299	0	10295
10893	260	9389	72	111	0	9832
10894	112	9675	60	76	0	9923
10895	9698	294	56	62	0	10110
10896	298	83	58	9644	0	10083
10897	10291	54	48	306	0	10699
10898	333	34	38	10468	0	10873
10899	142	40	48	10654	0	10884
10900	94	52	10380	354	0	10880
10901	99	43	9689	144	0	9975
10902	78	42	10457	94	0	10671
10903	92	30	353	10426	0	10901
10904	10598	29	106	332	0	11065
10905	328	32	10631	137	0	11128
10906	142	37	314	10588	0	11081
10907	123	48	10768	335	0	11274
10908	85	10835	351	139	0	11410
10909	87	274	126	11067	0	11554
10910	106	75	100	11211	0	11492
10911	66	47	100	11327	0	11540
10912	11099	31	90	481	0	11701
10913	342	45	117	11096	0	11600
10914	149	43	92	11351	0	11635
10915	11048	24	78	466	0	11616
10916	350	39	10851	210	0	11450
10917	10746	25	338	158	0	11267
10918	11048	42	128	122	0	11340
10919	435	40	10778	109	0	11362
10920	10474	39	330	146	0	10989
10921	423	37	117	10988	0	11565
10922	187	27	11168	385	0	11767
10923	10967	21	316	201	0	11505
10924	11438	16	135	159	0	11748
10925	449	28	104	11217	0	11798
10926	220	16	93	11462	0	11791
10927	164	22	84	11607	0	11877
10928	11173	14	94	474	0	11755
10929	395	11168	92	225	0	11880
10930	10906	241	73	168	0	11388
10931	390	10240	91	119	0	10840
10932	150	10379	80	120	0	10729
10933	122	266	81	10447	0	10916
10934	134	90	76	10629	0	10929
10935	115	71	63	10465	0	10714
10936	131	35	71	10579	0	10816
10937	94	50	10196	406	0	10746
10938	9869	54	267	220	0	10410
10939	315	46	97	10412	0	10870
10940	154	53	10399	360	0	10966
10941	129	48	276	10420	0	10873
10942	136	53	90	10708	0	10987
10943	116	56	11089	387	0	11648
10944	124	61	258	11017	0	11460
10945	111	37	113	11152	0	11413
10946	11142	39	98	437	0	11716
10947	320	21	11185	217	0	11743
10948	10642	26	291	190	0	11149
10949	325	11447	137	149	0	12058
10950	11413	242	99	164	0	11918
10951	11241	76	96	152	0	11565
10952	386	37	95	11198	0	11716
10953	175	34	11097	374	0	11680
10954	134	11612	306	205	0	12257
10955	124	259	118	11224	0	11725
10956	98	12119	79	311	0	12607
10957	12126	280	88	168	0	12662
10958	320	97	11851	145	0	12413
10959	140	76	11703	125	0	12044
10960	118	59	315	11638	0	12130
10961	104	52	12186	346	0	12688
10962	101	51	315	12202	0	12669
10963	113	53	115	12195	0	12476
10964	12692	56	95	415	0	13258
10965	333	12740	95	190	0	13358
10966	135	289	92	12974	0	13490
10967	125	97	87	13308	0	13617
10968	106	65	91	13159	0	13421
10969	107	12701	100	422	0	13330
10970	101	12971	85	221	0	13378
10971	12658	332	91	184	0	13265
10972	12796	109	77	156	0	13138
10973	12802	75	68	171	0	13116
10974	422	47	12491	166	0	13126
10975	173	92	295	12434	0	12994
10976	129	78	12403	376	0	12986
10977	113	12390	296	196	0	12995
10978	11898	275	118	122	0	12413
10979	309	88	11796	107	0	12300
10980	127	66	221	11310	0	11724
10981	94	41	11630	241	0	12006
10982	11032	31	230	152	0	11445
10983	11609	31	108	116	0	11864
10984	11695	44	65	96	0	11900
10985	11335	43	58	84	0	11520
10986	291	38	11635	68	0	12032
10987	11078	37	202	107	0	11424
10988	11567	25	77	87	0	11756
10989	257	11388	80	62	0	11787
10990	11323	174	51	79	0	11627
10991	11474	62	40	75	0	11651
10992	311	47	44	11006	0	11408
10993	137	11710	55	178	0	12080
10994	12337	207	47	99	0	12690
10995	13453	61	33	79	0	13626
10996	413	52	15079	66	0	15610
10997	147	44	15120	46	0	15357
10998	109	24	15785	41	0	15959
10999	98	42	638	15296	0	16074
11000	15481	33	251	477	0	16242
11001	483	15557	141	182	0	16363
11002	15456	465	68	121	0	16110
11003	540	15514	63	74	0	16191
11004	15284	524	56	49	0	15913
11005	536	15067	65	50	0	15718
11006	204	15683	58	51	0	15996
11007	15086	568	35	63	0	15752
11008	479	15502	38	27	0	16046
11009	199	521	41	15369	0	16130
11010	150	187	15474	416	0	16227
11011	99	118	15637	145	0	15999
11012	93	81	597	15131	0	15902
11013	67	65	220	15827	0	16179
11014	78	58	15594	599	0	16329
11015	88	58	490	15344	0	15980
11016	65	68	169	15816	0	16118
11017	15634	44	104	642	0	16424
11018	481	15673	96	265	0	16515
11019	209	487	75	14987	0	15758
11020	123	15934	85	464	0	16606
11021	15788	551	85	206	0	16630
11022	503	15957	77	147	0	16684
11023	16029	565	60	134	0	16788
11024	16108	211	62	103	0	16484
11025	688	148	52	15671	0	16559
11026	306	110	67	15929	0	16412
11027	199	93	64	16252	0	16608
11028	128	103	71	16307	0	16609
11029	129	85	15444	731	0	16389
11030	14234	106	479	348	0	15167
11031	555	15477	170	187	0	16389
11032	267	527	111	15706	0	16611
11033	181	211	105	15940	0	16437
11034	127	15857	91	684	0	16759
11035	15889	554	101	308	0	16852
11036	560	16136	103	207	0	17006
11037	256	616	84	16197	0	17153
11038	209	261	70	16706	0	17246
11039	173	175	73	16712	0	17133
11040	151	124	58	16718	0	17051
11041	16102	113	55	848	0	17118
11042	628	117	15921	340	0	17006
11043	285	123	549	15506	0	16463
11044	199	129	246	15855	0	16429
11045	162	102	185	16130	0	16579
11046	153	130	142	15991	0	16416
11047	15191	93	103	904	0	16291
11048	652	98	15208	424	0	16382
11049	334	153	524	14230	0	15241
11050	225	14174	206	620	0	15225
11051	162	15282	131	308	0	15883
11052	14833	668	91	270	0	15862
11053	629	312	14728	187	0	15856
11054	13724	225	468	177	0	14594
11055	661	157	14202	142	0	15162
11056	271	107	523	13646	0	14547
11057	13984	100	210	608	0	14902
11058	497	14126	157	316	0	15096
11059	244	494	141	13179	0	14058
11060	154	13415	137	488	0	14194
11061	14021	545	102	298	0	14966
11062	14258	215	82	266	0	14821
11063	669	123	83	14034	0	14909
11064	292	105	13544	620	0	14561
11065	206	102	13500	324	0	14132
11066	187	128	577	13059	0	13951
11067	124	13204	242	512	0	14082
11068	122	574	124	13910	0	14730
11069	161	271	68	13448	0	13948
11070	164	206	53	13438	0	13861
11071	152	130	13450	778	0	14510
11072	161	102	467	13445	0	14175
11073	120	99	198	13666	0	14083
11074	86	13157	154	819	0	14216
11075	79	490	89	13395	0	14053
11076	103	175	69	14124	0	14471
11077	97	118	107	14421	0	14743
11078	100	56	122	14387	0	14665
11079	123	73	84	14149	0	14429
11080	93	95	69	14246	0	14503
11081	95	90	69	13964	0	14218
11082	86	130	56	13787	0	14059
11083	108	131	9459	3425	0	13123
11084	142	120	353	13125	0	13740
11085	12786	109	127	755	0	13777
11086	536	68	121	12469	0	13194
11087	260	76	12369	717	0	13422
11088	11923	58	474	434	0	12889
11089	12778	94	196	306	0	13374
11090	12813	77	143	237	0	13270
11091	12915	81	97	240	0	13333
11092	766	62	63	12678	0	13569
11093	334	60	12217	645	0	13256
11094	189	11616	433	388	0	12626
11095	109	10763	204	282	0	11358
11096	169	312	301	8582	0	9364
11097	52	71	99	8924	0	9146
11098	30	31	28	8776	0	8865
11099	34	18	10	9271	0	9333
11100	23	22	15	10490	0	10550
11101	11201	16	16	443	0	11676
11102	377	11228	15	156	0	11776
11103	154	11901	13	88	0	12156
11104	96	530	22	11906	0	12554
11105	47	244	18	12360	0	12669
11106	35	90	14	12322	0	12461
11107	37	42	13	12379	0	12471
11108	22	29	11372	739	0	12162
11109	35	11249	404	363	0	12051
11110	59	400	164	11345	0	11968
11111	11105	174	75	490	0	11844
11112	408	125	41	11328	0	11902
11113	179	77	11174	567	0	11997
11114	102	49	10870	328	0	11349
11115	45	43	11483	241	0	11812
11116	40	82	605	11063	0	11790
11117	11360	41	306	514	0	12221
11118	401	58	125	11615	0	12199
11119	185	43	67	12134	0	12429
11120	11787	36	43	696	0	12562
11121	459	25	56	12197	0	12737
11122	213	21	70	12452	0	12756
11123	117	22	12795	655	0	13589
11124	63	12855	473	333	0	13724
11125	57	409	225	13450	0	14141
11126	13280	167	135	563	0	14145
11127	455	97	69	13551	0	14172
11128	212	50	13347	648	0	14257
11129	173	37	443	13346	0	13999
11130	104	13304	206	619	0	14233
11131	69	435	111	13754	0	14369
11132	92	206	13348	632	0	14278
11133	47	14271	467	374	0	15159
11134	73	590	206	14515	0	15384
11135	84	255	113	16293	0	16745
11136	65	137	83	16567	0	16852
11137	50	78	91	16731	0	16950
11138	42	57	15852	1056	0	17007
11139	42	15849	574	535	0	17000
11140	15919	581	260	373	0	17133
11141	16516	269	199	234	0	17218
11142	775	183	106	16194	0	17258
11143	360	108	16046	727	0	17241
11144	15612	48	599	452	0	16711
11145	622	79	299	16433	0	17433
11146	283	46	16813	807	0	17949
11147	181	38	657	16971	0	17847
11148	145	82	295	17213	0	17735
11149	125	67	172	17645	0	18009
11150	134	66	17561	1076	0	18837
11151	143	60	615	16880	0	17698
11152	117	17483	337	822	0	18759
11153	17601	573	205	482	0	18861
11154	17884	274	146	355	0	18659
11155	18083	161	119	309	0	18672
11156	933	17472	143	261	0	18809
11157	17720	586	95	294	0	18695
11158	763	282	111	17397	0	18553
11159	17354	172	128	802	0	18456
11160	17417	101	119	544	0	18181
11161	873	119	16639	376	0	18007
11162	446	16550	625	347	0	17968
11163	16823	600	334	286	0	18043
11164	734	318	193	16737	0	17982
11165	396	226	16553	745	0	17920
11166	307	16601	598	451	0	17957
11167	16572	629	288	364	0	17853
11168	744	333	178	16740	0	17995
11169	475	182	140	17026	0	17823
11170	336	153	125	17068	0	17682
11171	229	16396	126	1026	0	17777
11172	258	606	108	16697	0	17669
11173	210	16360	110	954	0	17634
11174	169	684	165	16866	0	17884
11175	199	386	16527	877	0	17989
11176	207	226	642	16799	0	17874
11177	190	176	334	17158	0	17858
11178	198	106	245	17629	0	18178
11179	171	120	16620	1220	0	18131
11180	157	141	652	16747	0	17697
11181	189	144	358	17330	0	18021
11182	174	139	217	17564	0	18094
11183	172	141	179	17480	0	17972
11184	168	130	148	17735	0	18181
11185	183	135	16717	1254	0	18289
11186	193	132	623	17091	0	18039
11187	195	115	361	17334	0	18005
11188	16241	126	240	1161	0	17768
11189	657	15833	198	740	0	17428
11190	412	16585	158	552	0	17707
11191	306	755	131	16648	0	17840
11192	222	379	133	16802	0	17536
11193	158	15956	161	1085	0	17360
11194	185	623	143	16158	0	17109
11195	150	15863	132	984	0	17129
11196	214	635	126	16015	0	16990
11197	200	350	117	15853	0	16520
11198	177	239	14796	949	0	16161
11199	157	14228	500	622	0	15507
11200	138	13860	262	411	0	14671
11201	11942	427	146	245	0	12760
11202	308	12213	81	194	0	12796
11203	208	366	58	12038	0	12670
11204	155	190	11685	395	0	12425
11205	116	154	257	11667	0	12194
11206	11583	102	123	471	0	12279
11207	292	102	11735	298	0	12427
11208	159	12042	290	239	0	12730
11209	192	330	168	10388	0	11078
11210	108	157	121	12570	0	12956
11211	12505	121	99	523	0	13248
11212	289	106	73	12598	0	13066
11213	152	83	58	12694	0	12987
11214	125	102	67	12722	0	13016
11215	79	110	60	12755	0	13004
11216	12279	92	66	578	0	13015
11217	12300	82	49	382	0	12813
11218	367	76	65	12401	0	12909
11219	12054	79	61	462	0	12656
11220	345	75	76	11846	0	12342
11221	170	67	11272	471	0	11980
11222	126	75	10764	315	0	11280
11223	140	130	312	9964	0	10546
11224	86	10115	159	384	0	10744
11225	119	240	85	10154	0	10598
11226	9897	131	56	412	0	10496
11227	233	111	46	10161	0	10551
11228	9903	73	53	431	0	10460
11229	289	59	52	10161	0	10561
11230	152	76	10129	405	0	10762
11231	121	9913	200	270	0	10504
11232	88	10378	115	241	0	10822
11233	88	333	56	9152	0	9629
11234	37	83	9268	266	0	9654
11235	17	7758	65	69	0	7909
11236	24	49	34	7718	0	7825
11237	7553	21	23	89	0	7686
11238	37	16	7619	39	0	7711
11239	20	12	46	7647	0	7725
11240	16	17	13	7892	0	7938
11241	22	11	7775	77	0	7885
11242	16	14	7127	55	0	7212
11243	12	14	7757	34	0	7817
11244	12	12	74	7834	0	7932
11245	9	4	8069	65	0	8147
11246	7260	22	67	34	0	7383
11247	91	12	24	8212	0	8339
11248	38	9	9868	97	0	10012
11249	14	9968	110	52	0	10144
11250	11	106	9740	29	0	9886
11251	17	31	152	9532	0	9732
11252	10083	17	53	170	0	10323
11253	140	13	25	10414	0	10592
11254	42	10	14	10526	0	10592
11255	11402	7	9	228	0	11646
11256	209	2	14	11717	0	11942
11257	60	6	11876	240	0	12182
11258	11377	8	214	97	0	11696
11259	226	11962	60	44	0	12292
11260	12224	212	30	31	0	12497
11261	246	48	14	12264	0	12572
11262	70	31	12095	232	0	12428
11263	50	15	12059	72	0	12196
11264	29	15	261	12222	0	12527
11265	39	7	75	12175	0	12296
11266	24	10	12313	274	0	12621
11267	31	22	11699	92	0	11844
11268	12017	9	278	65	0	12369
11269	236	8	100	12341	0	12685
11270	12415	10	66	253	0	12744
11271	266	16	43	12401	0	12726
11272	76	15	12778	292	0	13161
11273	63	16	13135	98	0	13312
11274	48	19	321	13344	0	13732
11275	44	5	106	13615	0	13770
11276	31	14	13987	349	0	14381
11277	13479	11	329	157	0	13976
11278	344	14	95	14444	0	14897
11279	15235	4	81	376	0	15696
11280	393	17222	64	130	0	17809
11281	108	494	43	17684	0	18329
11282	17685	103	52	588	0	18428
11283	570	50	17677	201	0	18498
11284	163	27	576	17798	0	18564
11285	132	25	175	17837	0	18169
11286	89	30	101	18549	0	18769
11287	95	26	17833	748	0	18702
11288	61	20	573	17484	0	18138
11289	69	17714	207	607	0	18597
11290	61	521	129	18117	0	18828
11291	64	125	17879	663	0	18731
11292	63	73	18055	255	0	18446
11293	66	45	693	17856	0	18660
11294	66	34	250	18286	0	18636
11295	81	14	158	18735	0	18988
11296	60	26	111	18905	0	19102
11297	18273	30	85	842	0	19230
11298	18424	35	81	347	0	18887
11299	710	22	17948	212	0	18892
11300	217	18197	607	174	0	19195
11301	164	545	182	18834	0	19725
11302	19280	134	109	745	0	20268
11303	16842	160	190	397	0	17589
11304	19814	54	127	213	0	20208
11305	19970	39	93	231	0	20333
11306	806	32	19342	186	0	20366
11307	18439	58	632	190	0	19319
11308	672	18718	223	194	0	19807
11309	293	551	142	19144	0	20130
11310	181	141	19170	692	0	20184
11311	166	89	661	18945	0	19861
11312	145	82	19081	784	0	20092
11313	139	66	679	19093	0	19977
11314	160	40	248	19815	0	20263
11315	19317	54	185	902	0	20458
11316	699	55	137	19474	0	20365
11317	233	60	19451	835	0	20579
11318	179	42	677	19947	0	20845
11319	19866	46	270	871	0	21053
11320	688	50	205	20186	0	21129
11321	255	68	20074	851	0	21248
11322	176	19763	685	396	0	21020
11323	20606	581	240	396	0	21823
11324	772	151	204	19824	0	20951
11325	270	21123	179	706	0	22278
11326	21037	635	180	345	0	22197
11327	723	189	20970	330	0	22212
11328	281	20614	683	305	0	21883
11329	229	634	282	21256	0	22401
11330	206	189	20972	776	0	22143
11331	219	111	713	20339	0	21382
11332	20508	102	279	897	0	21786
11333	719	86	20347	421	0	21573
11334	324	88	695	20326	0	21433
11335	257	111	20407	828	0	21603
11336	242	74	750	20258	0	21324
11337	234	93	294	20996	0	21617
11338	20387	91	212	975	0	21665
11339	740	20398	221	456	0	21815
11340	300	587	185	20952	0	22024
11341	20674	179	171	897	0	21921
11342	21016	119	175	440	0	21750
11343	819	153	198	20431	0	21601
11344	322	19906	184	822	0	21234
11345	239	20930	164	409	0	21742
11346	232	683	150	20524	0	21589
11347	184	210	164	20706	0	21264
11348	18453	124	145	845	0	19567
11349	618	96	149	18541	0	19404
11350	220	74	17721	761	0	18776
11351	16493	44	536	411	0	17484
11352	575	17214	192	309	0	18290
11353	17149	462	151	292	0	18054
11354	645	134	17685	229	0	18693
11355	240	17681	478	211	0	18610
11356	17555	506	209	174	0	18444
11357	17833	157	140	183	0	18313
11358	667	109	17795	137	0	18708
11359	17336	117	521	162	0	18136
11360	18108	73	173	152	0	18506
11361	660	17996	132	157	0	18945
11362	309	513	108	18574	0	19504
11363	242	157	18244	592	0	19235
11364	188	115	569	18534	0	19406
11365	141	106	18947	678	0	19872
11366	117	78	620	18715	0	19530
11367	18899	71	237	717	0	19924
11368	631	52	144	19419	0	20246
11369	225	58	20525	713	0	21521
11370	20659	55	665	338	0	21717
11371	785	53	215	21419	0	22472
11372	295	45	20788	770	0	21898
11373	19775	49	703	338	0	20865
11374	801	86	247	20524	0	21658
11375	326	63	20050	769	0	21208
11376	196	75	19467	308	0	20046
11377	203	276	730	19182	0	20391
11378	146	61	19810	696	0	20713
11379	109	18803	670	300	0	19882
11380	100	372	202	16914	0	17588
11381	16944	104	118	436	0	17602
11382	406	67	17111	177	0	17761
11383	184	42	16976	144	0	17346
11384	15829	21	498	130	0	16478
11385	435	20	17267	79	0	17801
11386	16025	16	500	125	0	16666
11387	450	26	17131	88	0	17695
11388	220	16	495	16749	0	17480
11389	153	34	17389	404	0	17980
11390	103	31	494	16892	0	17520
11391	86	40	17695	449	0	18270
11392	93	32	17059	212	0	17396
11393	15835	21	556	196	0	16608
11394	381	17323	291	88	0	18083
11395	17579	323	208	102	0	18212
11396	441	17695	142	68	0	18346
11397	219	383	151	17879	0	18632
11398	179	122	145	18424	0	18870
11399	18325	72	152	494	0	19043
11400	411	42	159	17978	0	18590
11401	206	35	17886	470	0	18597
11402	16663	23	462	233	0	17381
11403	17381	26	244	193	0	17844
11404	510	38	222	17199	0	17969
11405	259	44	17381	446	0	18130
11406	198	54	457	17058	0	17767
11407	125	17265	226	459	0	18075
11408	130	376	170	17446	0	18122
11409	150	149	128	17900	0	18327
11410	139	102	17367	580	0	18188
11411	15221	63	457	351	0	16092
11412	442	17122	200	237	0	18001
11413	17189	367	186	193	0	17935
11414	499	17430	147	160	0	18236
11415	280	431	127	17049	0	17887
11416	166	17477	136	461	0	18240
11417	155	433	17090	246	0	17924
11418	135	184	459	16184	0	16962
11419	140	123	227	16542	0	17032
11420	118	76	219	17391	0	17804
11421	16734	56	171	688	0	17649
11422	477	79	160	16854	0	17570
11423	16326	90	159	602	0	17177
11424	16617	112	141	316	0	17186
11425	16190	97	149	270	0	16706
11426	645	94	16078	239	0	17056
11427	357	91	501	16089	0	17038
11428	256	98	271	17278	0	17903
11429	171	92	256	17638	0	18157
11430	18217	85	218	774	0	19294
11431	641	85	176	18292	0	19194
11432	291	78	191	19144	0	19704
11433	19606	76	211	890	0	20783
11434	749	63	191	20167	0	21170
11435	359	77	20461	896	0	21793
11436	313	83	20728	424	0	21548
11437	283	61	852	21041	0	22237
11438	20746	72	395	912	0	22125
11439	20356	39	344	431	0	21170
11440	976	66	239	20276	0	21557
11441	468	74	20144	883	0	21569
11442	338	19695	761	428	0	21222
11443	293	636	339	20257	0	21525
11444	212	192	256	20835	0	21495
11445	245	148	251	20833	0	21477
11446	20177	104	229	1085	0	21595
11447	828	74	20109	586	0	21597
11448	20093	81	768	465	0	21407
11449	972	76	324	19880	0	21252
11450	440	20152	271	856	0	21719
11451	20437	677	223	453	0	21790
11452	20329	226	194	424	0	21173
11453	1019	177	21025	328	0	22549
11454	486	19122	804	364	0	20776
11455	327	19973	290	326	0	20916
11456	19684	759	233	329	0	21005
11457	858	259	174	19650	0	20941
11458	388	213	144	19662	0	20407
11459	338	146	165	19613	0	20262
11460	280	18258	133	1045	0	19716
11461	226	19375	100	492	0	20193
11462	18660	758	106	381	0	19905
11463	808	264	101	18663	0	19836
11464	295	191	20120	767	0	21373
11465	275	160	870	20967	0	22272
11466	257	173	22977	1141	0	24548
11467	239	130	23418	545	0	24332
11468	226	145	23670	400	0	24441
11469	117	20862	1579	203	0	22761
11470	197	969	900	19621	0	21687
11471	121	20994	528	882	0	22525
11472	175	1205	342	19309	0	21031
11473	105	560	178	21584	0	22427
11474	20788	370	120	1501	0	22779
11475	981	232	105	21502	0	22820
11476	20764	121	100	1482	0	22467
11477	21406	95	115	781	0	22397
11478	1479	87	104	20136	0	21806
11479	753	19939	123	1174	0	21989
11480	571	938	125	19745	0	21379
11481	341	20158	123	1259	0	21881
11482	216	1151	110	20314	0	21791
11483	171	597	19730	1374	0	21872
11484	175	398	943	20243	0	21759
11485	160	254	441	21145	0	22000
11486	19357	161	334	1679	0	21531
11487	976	19656	237	948	0	21817
11488	541	964	161	20133	0	21799
11489	421	451	136	20196	0	21204
11490	334	19357	187	1481	0	21359
11491	227	1117	141	19920	0	21405
11492	17676	568	127	1588	0	19959
11493	19440	416	105	866	0	20827
11494	1346	18751	115	639	0	20851
11495	745	1051	89	19077	0	20962
11496	18277	501	128	1288	0	20194
11497	1178	18665	115	737	0	20695
11498	616	1150	125	17565	0	19456
11499	465	18546	124	1239	0	20374
11500	18409	1237	118	697	0	20461
11501	1169	672	17935	527	0	20303
11502	574	479	18349	475	0	19877
11503	478	363	1313	18072	0	20226
11504	370	236	18531	1205	0	20342
11505	248	202	1416	18116	0	19982
11506	17752	184	736	1411	0	20083
11507	1063	197	18357	840	0	20457
11508	568	216	1148	18317	0	20249
11509	495	190	549	19112	0	20346
11510	18182	226	405	1615	0	20428
11511	1088	18397	304	971	0	20760
11512	18613	1037	165	808	0	20623
11513	19066	553	157	546	0	20322
11514	1542	18158	136	455	0	20291
11515	935	1098	159	18329	0	20521
11516	694	599	17954	1124	0	20371
11517	460	436	962	17918	0	19776
11518	288	18152	493	1331	0	20264
11519	18348	1104	393	818	0	20663
11520	1077	606	317	18721	0	20721
11521	553	470	18573	1394	0	20990
11522	458	344	1023	19138	0	20963
11523	381	276	509	19808	0	20974
11524	282	278	408	20184	0	21152
11525	285	219	316	20454	0	21274
11526	281	251	202	19988	0	20722
11527	208	227	18195	2099	0	20729
11528	316	190	17575	1344	0	19425
11529	247	16289	1265	921	0	18722
11530	188	16949	700	623	0	18460
11531	16360	1094	475	447	0	18376
11532	943	628	16452	399	0	18422
11533	15177	500	898	348	0	16923
11534	1039	326	14963	323	0	16651
11535	623	198	14502	291	0	15614
11536	430	163	1184	13694	0	15471
11537	14182	185	723	883	0	15973
11538	788	152	477	14585	0	16002
11539	484	150	310	14977	0	15921
11540	356	117	15902	1316	0	17691
11541	258	118	794	16603	0	17773
11542	218	117	442	16799	0	17576
11543	201	101	339	17217	0	17858
11544	200	133	249	17208	0	17790
11545	225	89	158	17400	0	17872
11546	16034	81	144	1579	0	17838
11547	756	93	129	16802	0	17780
11548	424	113	15533	1314	0	17384
11549	371	143	659	16161	0	17334
11550	292	106	15674	1130	0	17202
11551	210	171	866	15948	0	17195
11552	172	97	16302	1134	0	17705
11553	111	133	903	15162	0	16309
11554	102	92	577	16132	0	16903
11555	106	85	15342	1204	0	16737
11556	14088	87	770	814	0	15759
11557	628	102	15613	592	0	16935
11558	452	84	847	15775	0	17158
11559	15906	45	538	867	0	17356
11560	781	58	371	16104	0	17314
11561	508	54	263	16599	0	17424
11562	392	55	16041	1212	0	17700
11563	257	15340	631	881	0	17109
11564	127	13823	328	583	0	14861
11565	77	13531	185	329	0	14122
11566	355	88	144	10861	0	11448
11567	10992	31	29	80	0	11132
11568	46	19	19	11075	0	11159
11569	31	11	12	11021	0	11075
11570	30	5	14	11177	0	11226
11571	23	4	14	11057	0	11098
11572	8	10922	19	110	0	11059
11573	9	45	18	11211	0	11283
11574	11	25	15	11126	0	11177
11575	6	10962	9	106	0	11083
11576	11242	61	11	73	0	11387
11577	57	32	9	11294	0	11392
11578	11313	21	11	85	0	11430
11579	11128	12	13	57	0	11210
11580	85	11412	16	44	0	11557
11581	49	65	7	12312	0	12433
11582	37	26	12185	85	0	12333
11583	25	23	11792	48	0	11888
11584	19	37	104	12030	0	12190
11585	12361	7	61	118	0	12547
11586	12639	13	23	73	0	12748
11587	107	11	16	12854	0	12988
11588	12908	5	21	122	0	13056
11589	107	12723	29	64	0	12923
11590	12792	80	21	60	0	12953
11591	106	13727	30	31	0	13894
11592	53	109	14	14235	0	14411
11593	43	50	14	14148	0	14255
11594	34	14143	14	125	0	14316
11595	14074	92	24	124	0	14314
11596	95	47	14022	44	0	14208
11597	54	31	88	14101	0	14274
11598	42	22	14412	111	0	14587
11599	38	18	109	14123	0	14288
11600	14570	20	39	147	0	14776
11601	106	13	38	14550	0	14707
11602	14491	9	20	156	0	14676
11603	14320	10	20	94	0	14444
11604	131	11	20	14425	0	14587
11605	62	19	14139	137	0	14357
11606	51	14679	91	83	0	14904
11607	38	92	37	14768	0	14935
11608	14548	35	33	159	0	14775
11609	121	39	14459	77	0	14696
11610	73	26	94	14322	0	14515
11611	59	19	56	14388	0	14522
11612	45	22	37	14854	0	14958
11613	14796	21	28	178	0	15023
11614	111	17	25	14325	0	14478
11615	64	12	21	14796	0	14893
11616	42	24	14660	158	0	14884
11617	47	17	111	14517	0	14692
11618	38	26	64	14817	0	14945
11619	48	19	34	15257	0	15358
11620	44	14883	40	214	0	15181
11621	41	92	26	14758	0	14917
11622	55	50	18	14721	0	14844
11623	14298	29	20	210	0	14557
11624	132	33	13880	114	0	14159
11625	70	27	12882	100	0	13079
11626	45	13901	120	68	0	14134
11627	31	95	69	14498	0	14693
11628	14453	51	39	142	0	14685
11629	115	34	24	14187	0	14360
11630	74	16	27	14377	0	14494
11631	46	15	26	14517	0	14604
11632	35	17	28	14267	0	14347
11633	29	11	15	14250	0	14305
11634	40	18	14163	198	0	14419
11635	41	14	89	14056	0	14200
11636	14210	17	50	183	0	14460
11637	102	13866	34	115	0	14117
11638	56	94	21	14164	0	14335
11639	52	45	17	14173	0	14287
11640	40	31	13088	179	0	13338
11641	39	21	114	12592	0	12766
11642	36	25	54	13666	0	13781
11643	13933	16	68	274	0	14291
11644	182	14188	24	154	0	14548
11645	89	200	21	14551	0	14861
11646	56	81	19	14700	0	14856
11647	38	51	25	14772	0	14886
11648	36	30	14674	353	0	15093
11649	39	32	13618	211	0	13900
11650	33	14240	285	149	0	14707
11651	28	14821	124	108	0	15081
11652	39	264	64	14619	0	14986
11653	29	13608	64	277	0	13978
11654	26	332	37	15579	0	15974
11655	21	156	21	17232	0	17430
11656	23	72	32	18203	0	18330
11657	22	43	18	20542	0	20625
11658	29	36	19986	879	0	20930
11659	30	34	534	20090	0	20688
11660	26	25	320	20609	0	20980
11661	31	22	150	21205	0	21408
11662	19840	31	94	1138	0	21103
11663	504	20239	97	675	0	21515
11664	348	559	77	19219	0	20203
11665	150	20320	97	760	0	21327
11666	19455	693	51	601	0	20800
11667	17287	465	53	457	0	18262
11668	737	19874	25	342	0	20978
11669	432	20839	49	274	0	21594
11670	241	983	19873	220	0	21317
11671	180	20861	577	225	0	21843
11672	146	884	330	20256	0	21616
11673	20516	536	164	768	0	21984
11674	654	21110	112	498	0	22374
11675	401	845	111	21351	0	22708
11676	210	587	92	21792	0	22681
11677	173	341	109	22420	0	23043
11678	21394	265	78	1294	0	23031
11679	754	225	21103	794	0	22876
11680	20308	226	639	548	0	21721
11681	850	20757	403	393	0	22403
11682	490	802	209	20918	0	22419
11683	321	504	20480	881	0	22186
11684	19437	315	699	629	0	21080
11685	854	20558	416	359	0	22187
11686	530	821	240	19845	0	21436
11687	306	20533	169	817	0	21825
11688	211	925	151	20775	0	22062
11689	222	556	124	21358	0	22260
11690	190	348	20338	1235	0	22111
11691	218	270	19409	752	0	20649
11692	171	290	1017	19618	0	21096
11693	147	209	19899	1073	0	21328
11694	110	211	899	19799	0	21019
11695	192	153	583	19305	0	20233
11696	158	158	372	20717	0	21405
11697	19609	114	290	1437	0	21450
11698	743	179	274	20186	0	21382
11699	468	153	19709	1268	0	21598
11700	19442	149	794	907	0	21292
11701	800	144	508	20188	0	21640
11702	535	164	337	20748	0	21784
11703	19777	133	252	1480	0	21642
11704	842	20335	258	908	0	22343
11705	554	738	216	21040	0	22548
11706	319	461	220	21097	0	22097
11707	20073	273	211	1520	0	22077
11708	855	198	19867	1012	0	21932
11709	570	200	755	20236	0	21761
11710	371	167	541	20599	0	21678
11711	332	192	301	20127	0	20952
11712	268	19592	246	1535	0	21641
11713	243	735	221	20565	0	21764
11714	19590	482	188	1381	0	21641
11715	823	19719	196	1025	0	21763
11716	19393	802	206	781	0	21182
11717	934	19826	189	648	0	21597
11718	19859	950	151	639	0	21599
11719	1020	612	19338	556	0	21526
11720	675	442	19386	549	0	21052
11721	19421	319	1036	537	0	21313
11722	976	307	20066	529	0	21878
11723	697	289	942	19611	0	21539
11724	517	297	669	17834	0	19317
11725	406	231	411	20824	0	21872
11726	19969	211	344	1483	0	22007
11727	936	198	19485	921	0	21540
11728	19571	227	849	693	0	21340
11729	1028	212	557	21032	0	22829
11730	21099	217	340	1232	0	22888
11731	1149	206	276	21386	0	23017
11732	22066	192	277	1310	0	23845
11733	1286	195	265	23532	0	25278
11734	788	205	23608	1429	0	26030
11735	23772	190	1010	917	0	25889
11736	25064	156	609	730	0	26559
11737	1673	162	411	24424	0	26670
11738	968	172	322	24172	0	25634
11739	652	23921	348	1601	0	26522
11740	23221	930	303	1043	0	25497
11741	1319	23610	263	719	0	25911
11742	22953	1040	247	667	0	24907
11743	1336	536	22612	568	0	25052
11744	799	333	22576	559	0	24267
11745	600	213	22257	506	0	23576
11746	21840	227	1416	462	0	23945
11747	1306	22266	780	383	0	24735
11748	779	904	450	22198	0	24331
11749	21999	489	349	1111	0	23948
11750	1101	22341	326	776	0	24544
11751	776	1078	281	21458	0	23593
11752	514	21530	296	1082	0	23422
11753	485	20983	260	718	0	22446
11754	402	21534	210	442	0	22588
11755	19059	1070	226	405	0	20760
11756	828	18928	162	306	0	20224
11757	337	16335	145	215	0	17032
11758	246	16476	143	162	0	17027
11759	16093	679	139	142	0	17053
11760	16401	278	138	162	0	16979
11761	713	182	15664	149	0	16708
11762	15159	129	476	150	0	15914
11763	16103	110	202	164	0	16579
11764	696	104	127	15723	0	16650
11765	16074	119	86	555	0	16834
11766	677	125	15609	227	0	16638
11767	283	16523	459	167	0	17432
11768	16711	526	203	125	0	17565
11769	600	227	124	17088	0	18039
11770	17294	181	80	554	0	18109
11771	668	139	16349	224	0	17380
11772	16596	120	462	138	0	17316
11773	689	122	182	16946	0	17939
11774	305	88	16713	536	0	17642
11775	219	15739	531	219	0	16708
11776	167	16937	199	142	0	17445
11777	157	630	130	16281	0	17198
11778	158	251	66	16129	0	16604
11779	103	16420	62	518	0	17103
11780	16474	505	38	200	0	17217
11781	16491	210	41	117	0	16859
11782	16403	114	36	119	0	16672
11783	700	16613	48	81	0	17442
11784	320	469	58	15741	0	16588
11785	201	16852	40	399	0	17492
11786	16848	519	53	175	0	17595
11787	16934	216	43	133	0	17326
11788	622	16581	34	93	0	17330
11789	16896	499	47	90	0	17532
11790	606	197	44	16676	0	17523
11791	282	139	50	16994	0	17465
11792	17019	96	85	646	0	17846
11793	16751	80	73	267	0	17171
11794	17139	84	55	151	0	17429
11795	743	79	64	16665	0	17551
11796	334	101	42	17250	0	17727
11797	219	111	16633	654	0	17617
11798	215	120	452	16520	0	17307
11799	186	134	156	16605	0	17081
11800	180	124	16023	653	0	16980
11801	199	109	15355	276	0	15939
11802	154	107	16424	170	0	16855
11803	148	100	681	15998	0	16927
11804	195	119	15816	514	0	16644
11805	175	135	562	15627	0	16499
11806	159	137	215	16218	0	16729
11807	206	126	15885	690	0	16907
11808	153	165	15871	321	0	16510
11809	166	128	614	15583	0	16491
11810	169	134	16677	609	0	17589
11811	166	153	16528	274	0	17121
11812	164	16580	646	190	0	17580
11813	16998	555	298	157	0	18008
11814	17249	275	166	144	0	17834
11815	17307	205	127	157	0	17796
11816	735	16630	115	150	0	17630
11817	405	17075	97	123	0	17700
11818	299	641	91	17020	0	18051
11819	238	277	121	17058	0	17694
11820	240	159	16532	669	0	17600
11821	222	126	554	16458	0	17360
11822	16693	114	241	707	0	17755
11823	644	101	171	15874	0	16790
11824	312	16534	155	577	0	17578
11825	17235	576	135	312	0	18258
11826	17565	232	114	219	0	18130
11827	17837	152	96	208	0	18293
11828	849	123	17154	182	0	18308
11829	387	175	502	17144	0	18208
11830	18381	88	250	662	0	19381
11831	726	78	19175	289	0	20268
11832	291	17944	650	223	0	19108
11833	173	17612	236	138	0	18159
11834	16240	509	143	129	0	17021
11835	448	16346	103	119	0	17016
11836	173	462	68	16009	0	16712
11837	108	170	16349	453	0	17080
11838	109	132	438	16206	0	16885
11839	16309	74	163	492	0	17038
11840	459	16180	96	224	0	16959
11841	16221	422	91	145	0	16879
11842	490	132	15959	135	0	16716
11843	212	70	444	15234	0	15960
11844	109	16826	150	424	0	17509
11845	153	424	96	17316	0	17989
11846	17416	153	82	492	0	18143
11847	17749	85	76	205	0	18115
11848	17714	74	88	126	0	18002
11849	17895	69	81	136	0	18181
11850	585	73	76	17175	0	17909
11851	243	56	17547	470	0	18316
11852	196	82	408	16893	0	17579
11853	162	17402	134	450	0	18148
11854	17726	391	93	202	0	18412
11855	475	134	17588	127	0	18324
11856	16931	83	411	150	0	17575
11857	443	64	183	17471	0	18161
11858	215	57	18093	466	0	18831
11859	164	68	418	17963	0	18613
11860	18425	56	155	482	0	19118
11861	18558	53	95	209	0	18915
11862	18479	46	93	139	0	18757
11863	544	56	18297	128	0	19025
11864	251	83	407	18142	0	18883
11865	142	64	18676	442	0	19324
11866	156	18484	408	180	0	19228
11867	17935	387	165	120	0	18607
11868	429	17560	100	83	0	18172
11869	17280	312	82	92	0	17766
11870	360	106	75	16724	0	17265
11871	130	16972	88	328	0	17518
11872	17348	329	46	141	0	17864
11873	390	114	17262	69	0	17835
11874	166	71	302	17198	0	17737
11875	17513	59	108	337	0	18017
11876	371	51	17370	149	0	17941
11877	167	47	325	16726	0	17265
11878	133	16290	134	299	0	16856
11879	111	316	93	17647	0	18167
11880	127	144	50	17723	0	18044
11881	17444	91	42	372	0	17949
11882	364	17257	65	169	0	17855
11883	155	320	61	16850	0	17386
11884	115	17166	70	338	0	17689
11885	134	342	85	16978	0	17539
11886	101	17397	66	333	0	17897
11887	17324	355	53	150	0	17882
11888	393	167	17458	94	0	18112
11889	183	61	348	17295	0	17887
11890	111	97	122	17529	0	17859
11891	101	88	77	17798	0	18064
11892	111	88	71	17506	0	17776
11893	161	60	17124	445	0	17790
11894	142	17265	335	214	0	17956
11895	17483	321	103	162	0	18069
11896	17639	123	66	140	0	17968
11897	391	17469	71	142	0	18073
11898	17674	338	73	151	0	18236
11899	17737	133	80	127	0	18077
11900	433	18159	57	102	0	18751
11901	253	335	62	17709	0	18359
11902	173	18296	89	270	0	18828
11903	18145	372	61	171	0	18749
11904	414	140	17914	126	0	18594
11905	16497	82	322	172	0	17073
11906	395	108	18122	113	0	18738
11907	213	69	323	18051	0	18656
11908	18362	66	115	358	0	18901
11909	448	75	18020	146	0	18689
11910	16541	51	352	150	0	17094
11911	17755	44	131	145	0	18075
11912	448	74	114	17541	0	18177
11913	185	17567	91	348	0	18191
11914	17976	325	71	165	0	18537
11915	405	161	70	17813	0	18449
11916	212	17242	60	339	0	17853
11917	17769	324	56	175	0	18324
11918	384	140	59	17872	0	18455
11919	171	18389	80	339	0	18979
11920	159	321	76	19146	0	19702
11921	19207	127	73	426	0	19833
11922	19218	108	53	187	0	19566
11923	19329	65	76	134	0	19604
11924	451	53	73	18659	0	19236
11925	187	88	48	18710	0	19033
11926	128	72	18589	439	0	19228
11927	175	92	342	18478	0	19087
11928	134	88	19296	416	0	19934
11929	92	52	17251	184	0	17579
11930	55	30	16405	65	0	16555
11931	31	17243	279	41	0	17594
11932	81	229	135	16618	0	17063
11933	37	18524	56	163	0	18780
11934	19079	265	26	107	0	19477
11935	19288	111	31	58	0	19488
11936	373	49	29	19832	0	20283
11937	144	28	20370	317	0	20859
11938	80	36	391	20162	0	20669
11939	60	31	20911	446	0	21448
11940	58	31	424	20278	0	20791
11941	50	20236	159	423	0	20868
11942	41	21428	66	184	0	21719
11943	20948	498	41	90	0	21577
11944	456	183	20531	44	0	21214
11945	190	87	410	20151	0	20838
11946	99	67	150	20671	0	20987
11947	20546	36	68	579	0	21229
11948	446	20580	60	245	0	21331
11949	20741	441	60	127	0	21369
11950	459	20937	50	127	0	21573
11951	20554	468	53	89	0	21164
11952	21007	185	45	119	0	21356
11953	596	114	50	20948	0	21708
11954	243	83	20831	471	0	21628
11955	19601	63	464	232	0	20360
11956	500	20844	177	135	0	21656
11957	21263	474	85	116	0	21938
11958	529	197	64	20176	0	20966
11959	254	89	52	20226	0	20621
11960	127	20062	42	605	0	20836
11961	151	473	46	19788	0	20458
11962	113	20239	58	506	0	20916
11963	123	484	42	20013	0	20662
11964	113	200	54	19810	0	20177
11965	19042	88	60	641	0	19831
11966	510	96	18878	238	0	19722
11967	254	18580	425	147	0	19406
11968	142	454	161	19083	0	19840
11969	19119	189	82	528	0	19918
11970	19511	108	85	250	0	19954
11971	19289	76	73	197	0	19635
11972	678	100	18941	132	0	19851
11973	18929	86	497	160	0	19672
11974	614	109	177	19332	0	20232
11975	19100	98	99	611	0	19908
11976	586	18759	111	283	0	19739
11977	307	520	81	19166	0	20074
11978	18958	220	87	642	0	19907
11979	605	19381	76	290	0	20352
11980	298	601	62	19601	0	20562
11981	220	262	18649	622	0	19753
11982	19011	157	484	302	0	19954
11983	20425	116	191	183	0	20915
11984	894	97	19793	159	0	20943
11985	408	18953	604	160	0	20125
11986	235	20123	261	175	0	20794
11987	226	751	133	19895	0	21005
11988	208	348	161	19045	0	19762
11989	204	188	75	20310	0	20777
11990	183	165	19882	940	0	21170
11991	19542	126	649	461	0	20778
11992	21162	139	262	297	0	21860
11993	21666	130	166	237	0	22199
11994	21759	142	153	210	0	22264
11995	21877	137	114	228	0	22356
11996	22172	134	113	243	0	22662
11997	1176	147	120	22624	0	24067
11998	535	166	21956	966	0	23623
11999	343	157	22844	448	0	23792
12000	289	166	1042	22407	0	23904
12001	302	159	371	22475	0	23307
12002	317	124	223	22496	0	23160
12003	313	22431	187	1229	0	24160
12004	22805	936	151	555	0	24447
12005	1141	23445	129	379	0	25094
12006	570	1048	132	23061	0	24811
12007	22758	437	114	1114	0	24423
12008	1188	22786	126	514	0	24614
12009	574	1093	125	22952	0	24744
12010	416	414	128	23894	0	24852
12011	364	235	129	24001	0	24729
12012	289	22886	134	1528	0	24837
12013	286	1015	133	23816	0	25250
12014	289	441	23302	1404	0	25436
12015	309	294	1019	24103	0	25725
12016	316	243	357	24947	0	25863
12017	330	247	179	26550	0	27306
12018	323	220	178	27192	0	27913
12019	312	223	25397	1987	0	27919
12020	290	25357	1223	1069	0	27939
12021	291	1293	524	25902	0	28010
12022	298	543	305	27537	0	28683
12023	298	376	256	27082	0	28012
12024	272	25004	236	2198	0	27710
12025	245	27453	185	1258	0	29141
12026	26366	1699	156	904	0	29125
12027	1429	775	149	26133	0	28486
12028	643	489	25105	1765	0	28002
12029	423	25397	1199	1017	0	28036
12030	24719	1353	543	754	0	27369
12031	1433	649	24183	690	0	26955
12032	679	450	24291	586	0	26006
12033	438	355	24230	492	0	25515
12034	354	487	1775	22789	0	25405
12035	291	258	23352	1553	0	25454
12036	219	21833	1593	830	0	24475
12037	192	1098	775	21235	0	23300
12038	189	548	21728	1440	0	23905
12039	202	421	1394	21382	0	23399
12040	20744	354	692	1585	0	23375
12041	1161	265	20938	940	0	23304
12042	20578	241	1350	757	0	22926
12043	1304	21502	703	624	0	24133
12044	21860	1215	522	522	0	24119
12045	1458	609	455	21768	0	24290
12046	21985	410	420	1422	0	24237
12047	22395	348	396	846	0	23985
12048	21724	336	412	661	0	23133
12049	1785	21636	381	611	0	24413
12050	22098	1181	375	546	0	24200
12051	22732	569	413	486	0	24200
12052	1855	427	21469	475	0	24226
12053	1046	21435	1273	485	0	24239
12054	803	1275	702	21428	0	24208
12055	686	639	537	22464	0	24326
12056	577	484	438	22964	0	24463
12057	482	397	21481	1939	0	24299
12058	499	374	1292	22100	0	24265
12059	509	331	21717	1864	0	24421
12060	21510	292	1456	1128	0	24386
12061	22791	293	807	834	0	24725
12062	1824	340	22000	705	0	24869
12063	22201	337	1399	679	0	24616
12064	23232	263	754	648	0	24897
12065	23706	273	553	627	0	25159
12066	2160	279	531	22258	0	25228
12067	1298	300	22333	1442	0	25373
12068	949	22429	1333	910	0	25621
12069	841	1205	720	22634	0	25400
12070	746	604	22917	1535	0	25802
12071	636	458	22219	966	0	24279
12072	21184	419	1617	797	0	24017
12073	1359	22673	918	717	0	25667
12074	23110	1150	692	727	0	25679
12075	23582	627	596	677	0	25482
12076	1752	23049	577	624	0	26002
12077	23406	1232	558	557	0	25753
12078	1688	664	23722	553	0	26627
12079	1122	461	23338	476	0	25397
12080	973	355	23698	492	0	25518
12081	786	22933	1686	416	0	25821
12082	22689	1060	1043	371	0	25163
12083	23132	535	755	402	0	24824
12084	1668	21701	641	391	0	24401
12085	1072	23139	556	399	0	25166
12086	833	1354	501	22584	0	25272
12087	702	787	476	23385	0	25350
12088	22962	613	447	1402	0	25424
12089	1292	23244	455	848	0	25839
12090	23214	1148	432	610	0	25404
12091	22910	625	426	544	0	24505
12092	1675	546	22033	430	0	24684
12093	1100	21779	1058	342	0	24279
12094	970	1138	650	21610	0	24368
12095	21778	582	499	984	0	23843
12096	1432	464	446	21318	0	23660
12097	20638	343	420	953	0	22354
12098	1278	338	19832	539	0	21987
12099	846	19008	927	481	0	21262
12100	703	20041	560	375	0	21679
12101	686	986	448	18490	0	20610
12102	609	20067	379	658	0	21713
12103	20046	957	377	488	0	21868
12104	941	633	19586	402	0	21562
12105	18755	498	706	404	0	20363
12106	1018	402	20028	369	0	21817
12107	755	330	761	19721	0	21567
12108	699	329	492	19921	0	21441
12109	622	345	410	20398	0	21775
12110	20240	284	311	976	0	21811
12111	981	246	19964	613	0	21804
12112	653	219	689	19807	0	21368
12113	579	247	432	19844	0	21102
12114	514	18730	335	877	0	20456
12115	518	18597	261	590	0	19966
12116	464	19156	257	491	0	20368
12117	319	589	209	17903	0	19020
12118	263	230	175	17121	0	17789
12119	138	16038	74	373	0	16623
12120	148	16349	96	207	0	16800
12121	16121	214	118	172	0	16625
12122	242	98	52	16122	0	16514
12123	81	15635	53	141	0	15910
12124	15908	119	71	80	0	16178
12125	161	46	43	15918	0	16168
12126	17176	27	38	150	0	17391
12127	263	20	35	17572	0	17890
12128	83	38	17814	255	0	18190
12129	70	17757	201	93	0	18121
12130	17343	204	71	102	0	17720
12131	237	74	17980	44	0	18335
12132	86	18086	225	42	0	18439
12133	48	155	107	17963	0	18273
12134	19	44	27	18240	0	18330
12135	24	27	13	17432	0	17496
12136	42	8	26	16915	0	16991
12137	15	23	17912	233	0	18183
12138	16	17513	153	73	0	17755
12139	16	155	45	17728	0	17944
12140	17353	41	30	174	0	17598
12141	149	17544	15	64	0	17772
12142	45	168	6	18578	0	18797
12143	42	68	17993	263	0	18366
12144	18	18024	272	93	0	18407
12145	80	291	85	16743	0	17199
12146	25	18534	62	177	0	18798
12147	18702	358	21	74	0	19155
12148	18684	92	11	91	0	18878
12149	426	81	17987	43	0	18537
12150	17592	29	319	43	0	17983
12151	18461	20	89	52	0	18622
12152	447	28	17618	22	0	18115
12153	174	17679	336	27	0	18216
12154	128	309	99	17415	0	17951
12155	54	89	71	18718	0	18932
12156	18358	61	39	482	0	18940
12157	382	28	39	18447	0	18896
12158	111	45	18338	427	0	18921
12159	17089	34	370	171	0	17664
12160	429	51	17787	98	0	18365
12161	157	17915	419	58	0	18549
12162	17393	365	129	61	0	17948
12163	408	122	17635	37	0	18202
12164	170	86	16829	41	0	17126
12165	127	17393	429	27	0	17976
12166	64	391	178	17793	0	18426
12167	52	140	17372	377	0	17941
12168	81	100	457	14802	0	15440
12169	70	28	128	17066	0	17292
12170	62	26	16580	496	0	17164
12171	46	16322	399	209	0	16976
12172	47	400	143	16610	0	17200
12173	16244	125	114	427	0	16910
12174	16279	106	69	155	0	16609
12175	502	63	32	16210	0	16807
12176	220	35	15845	431	0	16531
12177	124	52	16511	137	0	16824
12178	54	55	526	16023	0	16658
12179	61	60	15945	460	0	16526
12180	15527	49	505	168	0	16249
12181	506	29	176	16325	0	17036
12182	190	28	132	16756	0	17106
12183	134	16451	95	628	0	17308
12184	80	472	83	17072	0	17707
12185	62	176	16311	613	0	17162
12186	15189	116	517	220	0	16042
12187	16399	41	176	180	0	16796
12188	655	32	16236	120	0	17043
12189	259	41	523	16871	0	17694
12190	161	50	193	17830	0	18234
12191	72	35	17548	851	0	18506
12192	87	38	678	17618	0	18421
12193	142	39	267	17597	0	18045
12194	105	18421	181	879	0	19586
12195	89	731	86	19073	0	19979
12196	82	206	73	19907	0	20268
12197	19518	145	94	1064	0	20821
12198	20399	65	105	444	0	21013
12199	20991	45	99	299	0	21434
12200	20927	44	102	157	0	21230
12201	20869	68	87	154	0	21178
12202	1256	68	19307	198	0	20829
12203	506	42	859	19213	0	20620
12204	330	46	301	20074	0	20751
12205	205	41	19333	1163	0	20742
12206	18061	56	895	538	0	19550
12207	19338	68	311	343	0	20060
12208	1149	89	17556	248	0	19042
12209	18819	44	812	256	0	19931
12210	19881	43	306	229	0	20459
12211	1291	47	18912	187	0	20437
12212	643	49	927	18070	0	19689
12213	444	19215	363	820	0	20842
12214	310	854	259	20498	0	21921
12215	243	275	181	21117	0	21816
12216	233	192	148	21141	0	21714
12217	209	82	20107	1409	0	21807
12218	19441	60	986	659	0	21146
12219	20839	54	375	415	0	21683
12220	1316	54	285	20077	0	21732
12221	620	41	19709	1071	0	21441
12222	426	49	998	19769	0	21242
12223	269	45	20318	1235	0	21867
12224	250	53	20915	499	0	21717
12225	215	20538	1228	401	0	22382
12226	188	814	487	19679	0	21168
12227	19427	257	299	1019	0	21002
12228	19204	170	186	464	0	20024
12229	19854	76	175	395	0	20500
12230	1310	51	179	18726	0	20266
12231	575	19505	170	991	0	21241
12232	415	855	135	20129	0	21534
12233	267	273	20746	1197	0	22483
12234	21890	192	998	547	0	23627
12235	24144	85	389	443	0	25061
12236	1474	67	315	23564	0	25420
12237	677	97	219	24398	0	25391
12238	485	94	187	24864	0	25630
12239	344	77	23201	1735	0	25357
12240	21261	63	1168	840	0	23332
12241	1351	22115	454	545	0	24465
12242	465	22355	298	357	0	23475
12243	381	1067	22110	301	0	23859
12244	292	434	1045	21708	0	23479
12245	240	258	22105	1209	0	23812
12246	21050	185	1127	492	0	22854
12247	1162	100	391	21462	0	23115
12248	509	99	21317	1116	0	23041
12249	444	21887	1009	513	0	23853
12250	21845	914	397	446	0	23602
12251	1142	317	22386	341	0	24186
12252	496	21357	1071	327	0	23251
12253	401	23067	390	314	0	24172
12254	22686	1146	351	296	0	24479
12255	1105	457	255	22649	0	24466
12256	476	299	23307	1136	0	25218
12257	425	23298	1060	481	0	25264
12258	23530	988	449	415	0	25382
12259	24011	356	338	365	0	25070
12260	1299	23459	295	288	0	25341
12261	600	1079	23870	282	0	25831
12262	468	399	1128	24055	0	26050
12263	24091	320	466	1186	0	26063
12264	24788	258	364	505	0	25915
12265	1457	202	23935	432	0	26026
12266	721	193	1104	23542	0	25560
12267	556	172	454	24789	0	25971
12268	449	188	24260	1319	0	26216
12269	415	194	24164	642	0	25415
12270	24163	194	1351	491	0	26199
12271	25278	215	619	360	0	26472
12272	25612	220	465	332	0	26629
12273	25901	170	381	332	0	26784
12274	1653	175	24168	316	0	26312
12275	24697	173	1108	340	0	26318
12276	1567	137	508	24386	0	26598
12277	747	145	24676	1210	0	26778
12278	618	157	24807	572	0	26154
12279	460	24444	1312	530	0	26746
12280	383	963	655	23770	0	25771
12281	376	387	24373	1085	0	26221
12282	23268	311	1161	498	0	25238
12283	1267	279	539	21485	0	23570
12284	590	23913	451	892	0	25846
12285	24398	936	371	504	0	26209
12286	24885	337	396	435	0	26053
12287	1425	257	24114	338	0	26134
12288	735	23747	1108	358	0	25948
12289	563	804	463	23087	0	24917
12290	23138	349	387	903	0	24777
12291	1056	291	349	23026	0	24722
12292	527	244	22282	940	0	23993
12293	19872	196	801	431	0	21300
12294	898	20971	414	347	0	22630
12295	422	19949	313	293	0	20977
12296	380	21678	270	259	0	22587
12297	21243	779	420	245	0	22687
12298	21199	320	271	190	0	21980
12299	21397	264	230	163	0	22054
12300	996	188	197	20716	0	22097
12301	557	174	20821	656	0	22208
12302	406	148	697	21050	0	22301
12303	21208	142	342	771	0	22463
12304	854	145	258	21319	0	22576
12305	21846	118	218	811	0	22993
12306	22008	132	238	371	0	22749
12307	21473	180	236	304	0	22193
12308	912	21388	216	265	0	22781
12309	21585	625	222	221	0	22653
12310	941	224	21088	188	0	22441
12311	496	219	21052	156	0	21923
12312	417	20760	748	155	0	22080
12313	451	576	330	19801	0	21158
12314	19945	195	218	602	0	20960
12315	781	158	19581	233	0	20753
12316	19295	115	627	224	0	20261
12317	780	131	277	19065	0	20253
12318	393	19478	257	553	0	20681
12319	320	534	227	20029	0	21110
12320	295	203	19953	627	0	21078
12321	18730	174	601	340	0	19845
12322	747	141	20155	225	0	21268
12323	387	139	19200	165	0	19891
12324	18336	116	628	171	0	19251
12325	704	18723	293	165	0	19885
12326	19418	528	217	138	0	20301
12327	19743	213	189	148	0	20293
12328	843	163	18935	143	0	20084
12329	18231	160	573	161	0	19125
12330	743	115	18503	201	0	19562
12331	346	93	17322	171	0	17932
12332	312	62	17382	170	0	17926
12333	242	16421	565	122	0	17350
12334	14596	365	602	122	0	15685
12335	14337	93	119	121	0	14670
12336	14341	50	64	70	0	14525
12337	14331	34	64	53	0	14482
12338	359	34	14171	38	0	14602
12339	180	37	239	13977	0	14433
12340	140	32	101	14093	0	14366
12341	14329	31	83	275	0	14718
12342	270	14183	79	116	0	14648
12343	143	201	70	14116	0	14530
12344	14092	81	61	228	0	14462
12345	277	64	14147	80	0	14568
12346	154	39	240	13855	0	14288
12347	113	38	14381	222	0	14754
12348	104	14058	248	108	0	14518
12349	135	203	134	13420	0	13892
12350	13391	71	78	249	0	13789
12351	265	46	54	13717	0	14082
12352	129	41	13693	274	0	14137
12353	92	13658	254	109	0	14113
12354	13354	226	87	79	0	13746
12355	287	75	13481	50	0	13893
12356	12591	35	256	62	0	12944
12357	281	13383	101	43	0	13808
12358	13528	248	77	58	0	13911
12359	13731	102	49	47	0	13929
12360	402	52	34	13601	0	14089
12361	164	36	13381	289	0	13870
12362	103	13467	281	123	0	13974
12363	79	272	112	14085	0	14548
12364	87	109	69	14300	0	14565
12365	98	56	48	15120	0	15322
12366	86	38	57	15620	0	15801
12367	76	17325	69	556	0	18026
12368	17994	493	52	221	0	18760
12369	542	18019	62	118	0	18741
12370	230	571	53	18566	0	19420
12371	18848	191	52	642	0	19733
12372	669	123	44	18873	0	19709
12373	288	92	18651	679	0	19710
12374	191	18610	575	303	0	19679
12375	154	601	222	18740	0	19717
12376	112	259	130	19470	0	19971
12377	18049	163	73	862	0	19147
12378	664	108	17806	387	0	18965
12379	17550	88	595	293	0	18526
12380	18098	88	251	196	0	18633
12381	18211	117	130	191	0	18649
12382	925	121	17607	182	0	18835
12383	451	130	615	17370	0	18566
12384	267	103	254	17920	0	18544
12385	199	100	17647	906	0	18852
12386	194	102	17964	448	0	18708
12387	17726	81	823	322	0	18952
12388	793	87	364	18200	0	19444
12389	18540	96	215	807	0	19658
12390	19119	109	148	415	0	19791
12391	1027	73	128	18750	0	19978
12392	497	81	19722	848	0	21148
12393	19242	81	812	443	0	20578
12394	952	82	347	20160	0	21541
12395	500	76	20043	955	0	21574
12396	386	19608	819	441	0	21254
12397	19612	746	357	322	0	21037
12398	923	19944	277	270	0	21414
12399	562	867	176	18105	0	19710
12400	369	20218	197	839	0	21623
12401	19506	869	228	433	0	21036
12402	20108	360	199	389	0	21056
12403	1119	19700	201	386	0	21406
12404	19904	817	199	321	0	21241
12405	19864	362	194	357	0	20777
12406	1188	19150	199	342	0	20879
12407	19561	836	209	335	0	20941
12408	1156	351	197	19089	0	20793
12409	679	249	184	19729	0	20841
12410	19323	177	206	1097	0	20803
12411	1143	175	213	17930	0	19461
12412	683	18462	191	897	0	20233
12413	18521	827	193	499	0	20040
12414	18599	418	197	445	0	19659
12415	1104	18620	222	376	0	20322
12416	18953	862	201	349	0	20365
12417	19359	398	199	314	0	20270
12418	1353	291	192	18379	0	20215
12419	820	249	18114	942	0	20125
12420	678	18208	759	521	0	20166
12421	18712	871	338	425	0	20346
12422	19091	403	234	378	0	20106
12423	1346	323	17987	373	0	20029
12424	18290	224	810	436	0	19760
12425	1278	233	17622	358	0	19491
12426	17931	279	847	359	0	19416
12427	1242	281	379	17711	0	19613
12428	758	281	17534	935	0	19508
12429	622	322	17870	498	0	19312
12430	590	339	988	17252	0	19169
12431	532	337	445	17779	0	19093
12432	567	269	16919	1139	0	18894
12433	613	254	845	17029	0	18741
12434	591	267	17271	1018	0	19147
12435	580	285	966	17188	0	19019
12436	625	324	433	17088	0	18470
12437	646	16236	335	1064	0	18281
12438	602	16471	286	674	0	18033
12439	521	17675	300	571	0	19067
12440	582	1015	264	17368	0	19229
12441	542	459	277	18041	0	19319
12442	525	326	17147	1260	0	19258
12443	16629	270	887	706	0	18492
12444	17781	274	481	525	0	19061
12445	1322	17120	328	474	0	19244
12446	17591	864	300	407	0	19162
12447	1261	445	264	17124	0	19094
12448	17467	309	344	1020	0	19140
12449	18033	234	304	615	0	19186
12450	1343	250	299	17323	0	19215
12451	16526	268	265	983	0	18042
12452	1087	15821	301	565	0	17774
12453	693	16553	249	398	0	17893
12454	643	938	279	15194	0	17054
12455	542	16471	275	780	0	18068
12456	528	840	240	15613	0	17221
12457	596	405	234	16188	0	17423
12458	15600	275	229	1001	0	17105
12459	944	15253	255	588	0	17040
12460	15118	725	246	440	0	16529
12461	14953	361	234	428	0	15976
12462	977	14848	249	424	0	16498
12463	14658	655	213	413	0	15939
12464	925	318	14008	408	0	15659
12465	454	13407	606	377	0	14844
12466	12818	532	248	368	0	13966
12467	580	211	11241	223	0	12255
12468	268	10083	367	221	0	10939
12469	248	10566	224	176	0	11214
12470	9809	376	234	137	0	10556
12471	9748	173	55	115	0	10091
12472	9726	143	77	88	0	10034
12473	434	9517	61	108	0	10120
12474	240	300	63	9655	0	10258
12475	9682	146	71	317	0	10216
12476	9821	109	68	195	0	10193
12477	412	95	76	9593	0	10176
12478	244	97	9617	293	0	10251
12479	185	111	9514	157	0	9967
12480	168	93	336	9502	0	10099
12481	182	65	160	9731	0	10138
12482	143	71	9676	378	0	10268
12483	153	57	289	9270	0	9769
12484	155	9511	156	317	0	10139
12485	9431	250	122	171	0	9974
12486	343	126	81	9306	0	9856
12487	9052	71	70	273	0	9466
12488	242	9008	70	196	0	9516
12489	169	9391	80	108	0	9748
12490	9257	196	66	144	0	9663
12491	209	79	9044	126	0	9458
12492	7463	47	133	71	0	7714
12493	143	7764	81	60	0	8048
12494	58	93	23	7390	0	7564
12495	7277	42	29	101	0	7449
12496	88	38	23	7171	0	7320
12497	7491	25	13	119	0	7648
12498	7276	27	23	75	0	7401
12499	118	7559	21	42	0	7740
12500	7427	72	6	32	0	7537
12501	83	7294	11	28	0	7416
12502	7401	73	21	13	0	7508
12503	74	62	11	7413	0	7560
12504	7613	31	7	78	0	7729
12505	86	13	15	7685	0	7799
12506	8052	21	3	79	0	8155
12507	8227	28	4	53	0	8312
12508	8301	23	5	42	0	8371
12509	8382	16	6	26	0	8430
12510	8370	14	4	31	0	8419
12511	128	18	6	8489	0	8641
12512	8410	11	7	90	0	8518
12513	88	8174	19	34	0	8315
12514	58	66	8209	12	0	8345
12515	39	31	62	8158	0	8290
12516	39	13	8523	75	0	8650
12517	34	13	57	8815	0	8919
12518	38	11	9019	109	0	9177
12519	8644	12	84	57	0	8797
12520	118	13	36	9017	0	9184
12521	60	6	8987	87	0	9140
12522	42	15	9237	38	0	9332
12523	44	31	107	9471	0	9653
12524	10897	10	41	141	0	11089
12525	155	11584	22	72	0	11833
12526	11797	168	24	44	0	12033
12527	11942	94	23	33	0	12092
12528	241	11937	27	38	0	12243
12529	12610	171	23	59	0	12863
12530	217	88	25	12669	0	12999
12531	122	39	17	12692	0	12870
12532	71	28	25	12850	0	12974
12533	12761	13	11	279	0	13064
12534	167	12791	20	160	0	13138
12535	100	183	32	13039	0	13354
12536	53	88	25	13283	0	13449
12537	13115	44	6	302	0	13467
12538	239	45	7	13060	0	13351
12539	122	42	13083	239	0	13486
12540	89	13515	210	126	0	13940
12541	13710	253	101	75	0	14139
12542	291	147	45	13419	0	13902
12543	154	13933	30	234	0	14351
12544	13903	262	14	149	0	14328
12545	300	137	13597	96	0	14130
12546	164	13661	234	72	0	14131
12547	13970	290	112	60	0	14432
12548	310	147	61	13805	0	14323
12549	163	68	41	13922	0	14194
12550	108	53	13739	381	0	14281
12551	83	40	249	13598	0	13970
12552	69	49	14743	362	0	15223
12553	55	58	13825	213	0	14151
12554	70	47	14762	116	0	14995
12555	14594	38	408	110	0	15150
12556	15160	45	220	75	0	15500
12557	15555	39	121	44	0	15759
12558	462	26	85	15063	0	15636
12559	239	15082	54	271	0	15646
12560	154	15492	39	154	0	15839
12561	15656	343	37	149	0	16185
12562	15614	187	38	134	0	15973
12563	364	15656	49	77	0	16146
12564	15495	272	47	69	0	15883
12565	355	139	15136	37	0	15667
12566	203	90	15011	53	0	15357
12567	140	61	365	14149	0	14715
12568	103	50	180	15490	0	15823
12569	100	32	15433	345	0	15910
12570	88	23	291	14988	0	15390
12571	15364	42	145	372	0	15923
12572	280	53	15301	179	0	15813
12573	14841	47	285	126	0	15299
12574	371	44	147	15555	0	16117
12575	217	34	15999	277	0	16527
12576	139	16185	301	147	0	16772
12577	16435	271	154	131	0	16991
12578	320	134	16186	75	0	16715
12579	15840	83	330	96	0	16349
12580	367	55	175	16221	0	16818
12581	16341	32	118	325	0	16816
12582	377	39	17355	172	0	17943
12583	225	24	323	17447	0	18019
12584	18263	29	155	357	0	18804
12585	18436	30	106	211	0	18783
12586	19177	35	88	141	0	19441
12587	19454	33	51	122	0	19660
12588	580	34	65	18552	0	19231
12589	300	52	68	18510	0	18930
12590	213	47	18374	466	0	19100
12591	159	34	357	18198	0	18748
12592	173	30	169	17738	0	18110
12593	89	18711	106	515	0	19421
12594	18947	350	87	238	0	19622
12595	19420	154	78	185	0	19837
12596	551	19889	57	167	0	20664
12597	297	440	58	19784	0	20579
12598	230	168	37	20268	0	20703
12599	19402	85	39	641	0	20167
12600	549	71	20260	300	0	21180
12601	253	60	464	20575	0	21352
12602	162	45	20810	602	0	21619
12603	19903	33	534	297	0	20767
12604	20987	54	232	179	0	21452
12605	21373	36	133	175	0	21717
12606	722	54	86	20482	0	21344
12607	380	59	69	20592	0	21100
12608	20585	37	62	663	0	21347
12609	580	83	20150	317	0	21130
12610	281	54	458	20289	0	21082
12611	20464	37	205	579	0	21285
12612	589	40	114	20559	0	21302
12613	305	34	21325	567	0	22231
12614	193	39	20382	293	0	20907
12615	20164	36	588	233	0	21021
12616	541	21189	250	164	0	22144
12617	21770	404	159	178	0	22511
12618	22187	154	102	169	0	22612
12619	688	76	80	21959	0	22803
12620	349	92	57	21884	0	22382
12621	216	21796	82	604	0	22698
12622	21626	401	76	323	0	22426
12623	539	21737	58	201	0	22535
12624	230	21338	50	139	0	21757
12625	136	419	45	20518	0	21118
12626	20407	152	59	400	0	21018
12627	20801	88	62	204	0	21155
12628	515	54	47	20359	0	20975
12629	253	54	58	19872	0	20237
12630	190	40	43	19992	0	20265
12631	19619	36	30	571	0	20256
12632	453	65	19503	244	0	20265
12633	199	19532	358	182	0	20271
12634	19421	319	124	163	0	20027
12635	437	172	71	19306	0	19986
12636	214	85	19360	393	0	20052
12637	168	65	18643	214	0	19090
12638	136	18940	399	175	0	19650
12639	111	19564	156	142	0	19973
12640	134	356	104	18854	0	19448
12641	121	17026	92	293	0	17532
12642	133	276	50	18528	0	18987
12643	94	103	46	19026	0	19269
12644	19038	56	40	407	0	19541
12645	336	49	41	19030	0	19456
12646	155	43	42	19248	0	19488
12647	126	51	18962	397	0	19536
12648	114	50	285	19053	0	19502
12649	19082	49	99	404	0	19634
12650	19382	56	74	177	0	19689
12651	415	19819	71	126	0	20431
12652	19110	340	61	139	0	19650
12653	465	140	19024	117	0	19746
12654	197	18949	367	154	0	19667
12655	168	380	118	19293	0	19959
12656	134	129	80	19809	0	20152
12657	115	94	67	20105	0	20381
12658	19683	70	66	598	0	20417
12659	18628	66	73	287	0	19054
12660	519	72	19186	156	0	19933
12661	230	55	18659	144	0	19088
12662	171	67	18944	144	0	19326
12663	170	18864	500	119	0	19653
12664	145	19754	161	141	0	20201
12665	19531	517	93	161	0	20302
12666	19727	167	81	155	0	20130
12667	545	87	69	19827	0	20528
12668	256	88	56	19573	0	19973
12669	150	19780	92	577	0	20599
12670	155	432	78	20331	0	20996
12671	164	152	20121	530	0	20967
12672	117	20173	475	228	0	20993
12673	133	441	174	20475	0	21223
12674	129	162	21042	491	0	21824
12675	153	141	435	19619	0	20348
12676	102	20511	148	524	0	21285
12677	21139	481	91	256	0	21967
12678	21256	180	55	183	0	21674
12679	22040	107	62	197	0	22406
12680	697	128	62	21798	0	22685
12681	264	129	48	22615	0	23056
12682	21568	80	58	785	0	22491
12683	636	21490	93	281	0	22500
12684	21569	601	81	219	0	22470
12685	693	185	22313	172	0	23363
12686	22205	100	661	163	0	23129
12687	23230	79	220	161	0	23690
12688	953	81	100	22614	0	23748
12689	23227	61	73	786	0	24147
12690	24143	85	77	315	0	24620
12691	1065	79	59	23709	0	24912
12692	391	71	23271	831	0	24564
12693	22014	62	756	387	0	23219
12694	856	83	23583	177	0	24699
12695	348	24043	784	138	0	25313
12696	226	675	291	24014	0	25206
12697	130	259	122	25300	0	25811
12698	26617	88	67	1030	0	27802
12699	855	63	26722	381	0	28021
12700	341	77	780	24844	0	26042
12701	162	25873	285	761	0	27081
12702	118	26534	136	314	0	27102
12703	119	1007	88	26340	0	27554
12704	98	333	25942	909	0	27282
12705	130	149	803	26018	0	27100
12706	126	87	295	26231	0	26739
12707	98	115	25124	1079	0	26416
12708	96	25823	772	422	0	27113
12709	24872	848	254	235	0	26209
12710	811	26195	140	170	0	27316
12711	319	875	105	25627	0	26926
12712	24389	339	73	877	0	25678
12713	786	24786	89	392	0	26053
12714	309	822	24499	203	0	25833
12715	23540	339	812	188	0	24879
12716	823	25070	325	130	0	26348
12717	25100	852	147	175	0	26274
12718	990	321	23944	152	0	25407
12719	23907	174	837	176	0	25094
12720	999	132	292	24253	0	25676
12721	432	115	23286	1814	0	25647
12722	254	126	831	23058	0	24269
12723	195	23259	322	924	0	24700
12724	216	843	146	23835	0	25040
12725	180	340	127	24367	0	25014
12726	225	179	23153	1137	0	24694
12727	207	131	836	23397	0	24571
12728	223	188	19630	1059	0	21100
12729	212	23316	729	455	0	24712
12730	196	921	292	23314	0	24723
12731	207	361	23487	923	0	24978
12732	169	23079	932	446	0	24626
12733	219	24593	372	284	0	25468
12734	198	1133	23969	250	0	25550
12735	219	428	24275	202	0	25124
12736	240	182	1178	23614	0	25214
12737	23451	159	436	1079	0	25125
12738	984	23469	246	496	0	25195
12739	477	947	144	23260	0	24828
12740	23198	373	182	1039	0	24792
12741	1052	23622	150	510	0	25334
12742	23235	978	163	346	0	24722
12743	1086	23978	196	287	0	25547
12744	24133	1041	166	257	0	25597
12745	24051	428	183	249	0	24911
12746	24793	251	149	262	0	25455
12747	1403	25208	198	263	0	27072
12748	675	1065	163	25526	0	27429
12749	411	425	24979	1177	0	26992
12750	332	25022	1067	579	0	27000
12751	401	1106	417	24208	0	26132
12752	399	454	272	24974	0	26099
12753	334	285	23673	1302	0	25594
12754	308	23254	1013	600	0	25175
12755	23017	988	427	423	0	24855
12756	1093	23192	259	335	0	24879
12757	531	1072	191	22912	0	24706
12758	323	459	22899	1115	0	24796
12759	22149	271	1024	541	0	23985
12760	1070	241	442	23170	0	24923
12761	454	258	22872	1118	0	24702
12762	21465	239	1059	559	0	23322
12763	988	22361	460	392	0	24201
12764	22501	1042	302	388	0	24233
12765	23026	505	207	356	0	24094
12766	1281	274	215	22516	0	24286
12767	518	256	22241	1128	0	24143
12768	338	22147	1038	544	0	24067
12769	270	1059	22141	361	0	23831
12770	226	520	1042	21436	0	23224
12771	218	390	463	22681	0	23752
12772	21564	281	278	1326	0	23449
12773	996	209	21313	656	0	23174
12774	413	20661	1035	396	0	22505
12775	315	985	411	20379	0	22090
12776	262	443	261	21109	0	22075
12777	19907	310	217	1202	0	21636
12778	959	20237	175	514	0	21885
12779	513	908	117	19450	0	20988
12780	18309	413	150	997	0	19869
12781	806	18696	140	470	0	20112
12782	18095	802	137	248	0	19282
12783	18265	369	152	196	0	18982
12784	974	17632	168	232	0	19006
12785	15832	645	91	177	0	16745
12786	678	15982	107	200	0	16967
12787	15908	601	117	136	0	16762
12788	15862	283	115	163	0	16423
12789	769	15485	92	166	0	16512
12790	14590	524	98	167	0	15379
12791	15050	208	59	140	0	15457
12792	15234	153	65	136	0	15588
12793	665	168	14481	142	0	15456
12794	296	110	13437	119	0	13962
12795	198	113	13320	102	0	13733
12796	13085	128	569	90	0	13872
12797	537	93	12791	83	0	13504
12798	214	96	10947	46	0	11303
12799	194	147	477	9836	0	10654
12800	10085	70	182	350	0	10687
12801	403	57	10118	134	0	10712
12802	188	64	10895	86	0	11233
12803	171	58	439	10661	0	11329
12804	124	73	198	11080	0	11475
12805	122	52	127	11326	0	11627
12806	122	57	10966	473	0	11618
12807	133	57	372	10902	0	11464
12808	10744	67	181	439	0	11431
12809	367	10897	120	213	0	11597
12810	199	340	103	10919	0	11561
12811	157	151	97	11299	0	11704
12812	142	99	11496	469	0	12206
12813	105	11331	410	204	0	12050
12814	11419	364	151	174	0	12108
12815	420	11654	119	131	0	12324
12816	207	420	90	11669	0	12386
12817	157	156	11630	415	0	12358
12818	129	135	413	12164	0	12841
12819	120	100	191	12563	0	12974
12820	12470	92	139	546	0	13247
12821	483	73	122	12003	0	12681
12822	191	11845	117	520	0	12673
12823	147	12791	108	249	0	13295
12824	140	475	12673	176	0	13464
12825	12565	182	436	168	0	13351
12826	513	129	177	12850	0	13669
12827	205	104	144	13121	0	13574
12828	167	100	114	13348	0	13729
12829	13052	113	93	623	0	13881
12830	467	13314	104	340	0	14225
12831	13229	412	112	235	0	13988
12832	520	144	12509	191	0	13364
12833	212	121	12450	158	0	12941
12834	13137	98	497	168	0	13900
12835	501	95	250	13281	0	14127
12836	241	82	155	13611	0	14089
12837	164	76	146	13811	0	14197
12838	159	71	13549	593	0	14372
12839	13259	71	470	309	0	14109
12840	13777	72	184	239	0	14272
12841	13448	81	137	224	0	13890
12842	580	91	138	13109	0	13918
12843	282	69	12722	526	0	13599
12844	223	61	12380	259	0	12923
12845	192	73	13045	199	0	13509
12846	166	12502	523	179	0	13370
12847	236	340	253	11259	0	12088
12848	11125	92	104	358	0	11679
12849	287	80	11219	170	0	11756
12850	11391	48	321	169	0	11929
12851	346	49	157	11624	0	12176
12852	196	79	112	11515	0	11902
12853	138	11199	76	393	0	11806
12854	128	11407	96	211	0	11842
12855	97	12040	117	173	0	12427
12856	127	313	111	12118	0	12669
12857	11913	114	102	367	0	12496
12858	12053	67	86	218	0	12424
12859	362	82	11759	160	0	12363
12860	11586	78	290	141	0	12095
12861	355	78	11792	139	0	12364
12862	168	52	318	11830	0	12368
12863	168	48	11901	308	0	12425
12864	11740	44	336	195	0	12315
12865	330	55	168	12238	0	12791
12866	186	62	12767	323	0	13338
12867	122	61	12003	212	0	12398
12868	12106	52	332	185	0	12675
12869	12706	51	179	164	0	13100
12870	356	12970	123	143	0	13592
12871	195	217	119	13256	0	13787
12872	147	112	13246	292	0	13797
12873	119	117	13017	164	0	13417
12874	139	101	296	13115	0	13651
12875	13433	71	174	318	0	13996
12876	292	13364	162	180	0	13998
12877	191	240	122	13658	0	14211
12878	13748	123	119	345	0	14335
12879	321	75	122	13799	0	14317
12880	195	13735	103	359	0	14392
12881	163	227	129	14079	0	14598
12882	14023	140	104	340	0	14607
12883	324	99	101	14119	0	14643
12884	14273	72	116	374	0	14835
12885	333	14743	111	231	0	15418
12886	14780	261	132	198	0	15371
12887	369	107	14547	175	0	15198
12888	13943	93	307	177	0	14520
12889	14884	85	166	183	0	15318
12890	423	15016	140	141	0	15720
12891	234	273	121	14840	0	15468
12892	181	117	14774	318	0	15390
12893	153	87	14336	195	0	14771
12894	13728	122	315	176	0	14341
12895	13870	66	152	157	0	14245
12896	313	14012	97	169	0	14591
12897	178	14234	99	151	0	14662
12898	14088	234	125	146	0	14593
12899	287	13964	117	113	0	14481
12900	206	14368	83	92	0	14749
12901	173	203	88	14377	0	14841
12902	133	105	95	13823	0	14156
12903	128	84	13917	309	0	14438
12904	142	47	237	13636	0	14062
12905	13776	65	120	290	0	14251
12906	274	53	13680	154	0	14161
12907	187	73	13463	142	0	13865
12908	173	61	268	13229	0	13731
12909	168	60	156	13885	0	14269
12910	149	51	112	13995	0	14307
12911	122	66	13796	288	0	14272
12912	96	72	206	12879	0	13253
12913	103	45	117	13453	0	13718
12914	13153	33	93	210	0	13489
12915	179	12945	74	115	0	13313
12916	12882	140	43	88	0	13153
12917	207	64	12996	72	0	13339
12918	11263	34	121	55	0	11473
12919	139	12801	67	46	0	13053
12920	12329	69	37	36	0	12471
12921	91	12331	18	55	0	12495
12922	11821	74	28	21	0	11944
12923	61	11758	9	21	0	11849
12924	32	11884	6	25	0	11947
12925	32	73	71	12022	0	12198
12926	12044	23	6	67	0	12140
12927	11910	16	3	28	0	11957
12928	11886	9	7	30	0	11932
12929	93	13	11719	10	0	11835
12930	49	14	11396	10	0	11469
12931	32	12	84	11755	0	11883
12932	12	11762	42	75	0	11891
12933	14	12228	19	30	0	12291
12934	15	91	7	11698	0	11811
12935	11591	34	6	85	0	11716
12936	11638	20	9	38	0	11705
12937	11780	9	3	31	0	11823
12938	140	18	11674	6	0	11838
12939	56	10	93	11884	0	12043
12940	25	12	12072	121	0	12230
12941	11808	8	135	57	0	12008
12942	12204	8	42	42	0	12296
12943	169	11	12321	22	0	12523
12944	75	9	139	12155	0	12378
12945	12413	10	41	161	0	12625
12946	147	9	28	12605	0	12789
12947	63	9	11	12674	0	12757
12948	63	18	20	13164	0	13265
12949	14428	7	17	302	0	14754
12950	297	10	10	15523	0	15840
12951	16162	8	15	415	0	16600
12952	434	17552	19	150	0	18155
12953	165	447	11	18266	0	18889
12954	94	165	16	18527	0	18802
12955	46	83	17	18559	0	18705
12956	18059	40	11	738	0	18848
12957	510	32	11	18081	0	18634
12958	198	16	11	18404	0	18629
12959	18293	16	12	721	0	19042
12960	18670	19	12	319	0	19020
12961	18730	14	12	195	0	18951
12962	793	17	17788	102	0	18700
12963	348	27	17085	79	0	17539
12964	17937	13	622	88	0	18660
12965	594	12	249	17763	0	18618
12966	254	49	123	17404	0	17830
12967	17487	24	66	724	0	18301
12968	17035	15	41	380	0	17471
12969	17118	28	27	239	0	17412
12970	752	16635	27	148	0	17562
12971	16963	454	21	125	0	17563
12972	16670	168	17	121	0	16976
12973	724	16115	34	75	0	16948
12974	357	16576	31	77	0	17041
12975	261	573	34	16617	0	17485
12976	17068	228	47	534	0	17877
12977	17295	96	57	252	0	17700
12978	17321	54	36	158	0	17569
12979	807	29	27	16626	0	17489
12980	16932	25	23	610	0	17590
12981	711	37	16275	271	0	17294
12982	16262	36	467	202	0	16967
12983	709	32	16377	128	0	17246
12984	336	72	16055	98	0	16561
12985	243	50	606	15435	0	16334
12986	15754	36	269	579	0	16638
12987	580	72	132	15807	0	16591
12988	290	70	15644	687	0	16691
12989	229	39	15797	355	0	16420
12990	200	30	604	15727	0	16561
12991	15555	35	260	635	0	16485
12992	609	15772	158	291	0	16830
12993	335	449	86	16124	0	16994
12994	314	180	77	16649	0	17220
12995	220	103	16532	725	0	17580
12996	222	62	16278	385	0	16947
12997	207	47	680	16583	0	17517
12998	16557	40	350	653	0	17600
12999	626	50	16467	374	0	17517
13000	384	47	524	16335	0	17290
13001	314	49	221	16612	0	17196
13002	247	57	163	17102	0	17569
13003	16267	61	116	879	0	17323
13004	669	106	14622	497	0	15894
13005	407	16087	379	329	0	17202
13006	352	536	173	16423	0	17484
13007	278	227	16311	674	0	17490
13008	257	15722	526	439	0	16944
13009	274	16690	285	283	0	17532
13010	16516	658	208	233	0	17615
13011	716	16650	138	287	0	17791
13012	16973	614	115	260	0	17962
13013	830	253	16728	224	0	18035
13014	482	152	583	16936	0	18153
13015	17045	93	280	770	0	18188
13016	776	17090	195	416	0	18477
13017	460	589	16892	332	0	18273
13018	456	235	653	14822	0	16166
13019	309	16967	312	529	0	18117
13020	300	646	193	17355	0	18494
13021	16974	272	185	812	0	18243
13022	728	17535	156	431	0	18850
13023	17842	693	121	349	0	19005
13024	18233	281	128	261	0	18903
13025	1055	196	17604	225	0	19080
13026	564	18247	679	238	0	19728
13027	429	725	329	19114	0	20597
13028	352	266	19685	827	0	21130
13029	363	150	21097	364	0	21974
13030	300	182	1067	21465	0	23014
13031	21900	98	520	943	0	23461
13032	22329	74	309	456	0	23168
13033	1273	113	216	21862	0	23464
13034	549	117	21847	1064	0	23577
13035	388	21795	889	515	0	23587
13036	22348	847	352	358	0	23905
13037	22970	317	234	287	0	23808
13038	1244	22421	177	220	0	24062
13039	22753	915	190	193	0	24051
13040	1121	366	21920	162	0	23569
13041	21861	244	886	208	0	23199
13042	21523	181	407	215	0	22326
13043	1148	160	22025	179	0	23512
13044	543	131	936	21641	0	23251
13045	413	87	21756	910	0	23166
13046	328	20477	996	400	0	22201
13047	245	21492	416	343	0	22496
13048	268	1001	228	19681	0	21178
13049	151	283	19831	725	0	20990
13050	134	17963	609	246	0	18952
13051	117	18161	238	135	0	18651
13052	15870	567	126	115	0	16678
13053	16141	143	86	90	0	16460
13054	531	95	72	16154	0	16852
13055	163	79	55	15887	0	16184
13056	143	16154	46	484	0	16827
13057	16103	430	67	148	0	16748
13058	16295	126	48	142	0	16611
13059	518	16146	55	106	0	16825
13060	163	455	57	16263	0	16938
13061	139	141	16244	437	0	16961
13062	140	79	417	16152	0	16788
13063	16510	93	129	496	0	17228
13064	506	81	72	16692	0	17351
13065	176	56	84	17267	0	17583
13066	17069	61	67	583	0	17780
13067	535	62	57	16495	0	17149
13068	170	16764	68	500	0	17502
13069	129	441	59	17157	0	17786
13070	142	135	56	17534	0	17867
13071	139	98	51	16956	0	17244
13072	106	16979	58	560	0	17703
13073	113	501	61	17000	0	17675
13074	99	140	16825	563	0	17627
13075	115	93	471	16574	0	17253
13076	103	110	16497	560	0	17270
13077	97	16266	466	236	0	17065
13078	124	452	165	16822	0	17563
13079	105	165	94	17082	0	17446
13080	126	105	88	17060	0	17379
13081	118	100	87	17043	0	17348
13082	112	120	16414	666	0	17312
13083	120	16253	483	297	0	17153
13084	119	493	158	16867	0	17637
13085	131	165	16933	618	0	17847
13086	129	120	545	16977	0	17771
13087	17064	105	197	681	0	18047
13088	569	104	16383	294	0	17350
13089	16369	102	520	217	0	17208
13090	634	95	172	16933	0	17834
13091	279	122	16771	618	0	17790
13092	211	16503	538	289	0	17541
13093	200	540	192	16450	0	17382
13094	170	196	16868	654	0	17888
13095	145	16504	579	284	0	17512
13096	153	583	208	16760	0	17704
13097	16655	211	160	685	0	17711
13098	17253	166	194	290	0	17903
13099	17490	147	140	252	0	18029
13100	754	135	16929	233	0	18051
13101	314	17251	587	215	0	18367
13102	255	594	202	17309	0	18360
13103	206	233	166	18677	0	19282
13104	18582	184	148	797	0	19711
13105	638	19102	124	383	0	20247
13106	19244	665	123	311	0	20343
13107	19148	278	124	284	0	19834
13108	19976	205	128	249	0	20558
13109	875	193	19267	226	0	20561
13110	19474	138	656	211	0	20479
13111	868	108	211	19729	0	20916
13112	391	118	161	19936	0	20606
13113	19411	110	119	903	0	20543
13114	785	111	112	18976	0	19984
13115	300	18882	103	841	0	20126
13116	236	619	84	18997	0	19936
13117	18411	254	86	814	0	19565
13118	656	178	18096	426	0	19356
13119	313	18020	563	323	0	19219
13120	245	558	204	18074	0	19081
13121	18050	221	142	712	0	19125
13122	665	141	17759	373	0	18938
13123	331	275	556	17526	0	18688
13124	291	111	17262	703	0	18367
13125	241	107	16618	404	0	17370
13126	182	84	16198	291	0	16755
13127	164	65	15803	220	0	16252
13128	123	89	15287	201	0	15700
13129	12883	221	674	168	0	13946
13130	360	13313	212	100	0	13985
13131	12974	247	130	84	0	13435
13132	12962	113	79	103	0	13257
13133	365	12819	82	83	0	13349
13134	193	13294	67	91	0	13645
13135	13210	302	123	98	0	13733
13136	13150	144	66	102	0	13462
13137	391	93	59	12540	0	13083
13138	213	12998	79	277	0	13567
13139	13362	259	57	182	0	13860
13140	327	13142	69	126	0	13664
13141	190	287	74	13289	0	13840
13142	13365	129	64	308	0	13866
13143	13327	102	65	187	0	13681
13144	398	67	73	13145	0	13683
13145	242	70	71	13379	0	13762
13146	175	75	13163	380	0	13793
13147	137	71	277	12963	0	13448
13148	136	61	13354	340	0	13891
13149	135	55	314	12710	0	13214
13150	123	55	164	13192	0	13534
13151	13026	66	133	399	0	13624
13152	13011	51	111	227	0	13400
13153	395	72	12680	153	0	13300
13154	12497	57	300	136	0	12990
13155	380	63	173	12749	0	13365
13156	214	66	12872	321	0	13473
13157	194	74	296	12727	0	13291
13158	155	64	173	13695	0	14087
13159	161	73	13597	416	0	14247
13160	137	58	327	13830	0	14352
13161	144	63	14308	401	0	14916
13162	146	84	380	14727	0	15337
13163	15623	75	190	486	0	16374
13164	480	15787	140	238	0	16645
13165	16218	424	95	191	0	16928
13166	542	16602	99	178	0	17421
13167	16489	500	100	134	0	17223
13168	602	16457	82	146	0	17287
13169	16297	553	94	156	0	17100
13170	593	16605	82	182	0	17462
13171	398	570	82	16563	0	17613
13172	248	328	16476	510	0	17562
13173	226	197	16303	332	0	17058
13174	219	171	661	16369	0	17420
13175	16485	113	340	553	0	17491
13176	563	16818	189	360	0	17930
13177	412	517	145	16958	0	18032
13178	263	367	16881	590	0	18101
13179	198	198	17095	431	0	17922
13180	217	167	761	15905	0	17050
13181	171	17111	444	549	0	18275
13182	17043	527	237	413	0	18220
13183	611	350	17409	257	0	18627
13184	380	226	16946	215	0	17767
13185	233	17374	772	200	0	18579
13186	17329	533	498	175	0	18535
13187	17640	352	258	181	0	18431
13188	810	207	176	17364	0	18557
13189	17702	174	180	555	0	18611
13190	17388	129	167	413	0	18097
13191	804	17282	205	230	0	18521
13192	17553	511	206	161	0	18431
13193	698	361	17580	166	0	18805
13194	492	190	543	17235	0	18460
13195	339	160	374	17468	0	18341
13196	17268	145	203	787	0	18403
13197	611	17141	189	435	0	18376
13198	17104	521	160	263	0	18048
13199	639	17369	132	188	0	18328
13200	450	17577	111	172	0	18310
13201	317	682	16932	154	0	18085
13202	251	440	16495	155	0	17341
13203	15317	269	605	161	0	16352
13204	15965	160	382	130	0	16637
13205	645	154	15382	93	0	16274
13206	415	14438	382	80	0	15315
13207	228	15110	282	85	0	15705
13208	14919	533	183	85	0	15720
13209	14934	335	120	78	0	15467
13210	599	181	123	14657	0	15560
13211	15279	142	114	359	0	15894
13212	511	108	108	14967	0	15694
13213	347	108	14959	410	0	15824
13214	242	133	14004	301	0	14680
13215	14559	121	545	178	0	15403
13216	471	96	328	14379	0	15274
13217	351	15698	166	310	0	16525
13218	16101	371	121	248	0	16841
13219	16210	277	140	143	0	16770
13220	609	157	15883	134	0	16783
13221	15908	119	383	122	0	16532
13222	16751	108	303	105	0	17267
13223	698	98	163	16289	0	17248
13224	432	16126	143	390	0	17091
13225	293	16445	121	258	0	17117
13226	256	574	96	17353	0	18279
13227	263	362	101	16794	0	17520
13228	237	185	122	17544	0	18088
13229	247	125	17124	724	0	18220
13230	231	151	16486	417	0	17285
13231	200	140	633	16492	0	17465
13232	194	130	17068	476	0	17868
13233	193	134	16596	361	0	17284
13234	174	136	689	16151	0	17150
13235	193	136	17547	510	0	18386
13236	184	17228	567	388	0	18367
13237	18183	483	404	287	0	19357
13238	539	344	268	17871	0	19022
13239	389	17932	190	516	0	19027
13240	215	506	18592	372	0	19685
13241	216	319	579	18430	0	19544
13242	181	175	19559	577	0	20492
13243	168	129	669	19350	0	20316
13244	174	143	416	20285	0	21018
13245	202	128	20602	836	0	21768
13246	189	104	641	19833	0	20767
13247	168	19917	447	699	0	21231
13248	185	560	246	21135	0	22126
13249	201	362	20992	711	0	22266
13250	174	211	652	20758	0	21795
13251	20526	140	422	779	0	21867
13252	620	20597	269	502	0	21988
13253	425	586	191	20855	0	22057
13254	253	354	21193	677	0	22477
13255	197	20268	593	488	0	21546
13256	181	21135	397	294	0	22007
13257	173	771	20661	215	0	21820
13258	199	441	561	19582	0	20783
13259	203	257	419	19559	0	20438
13260	144	151	19705	795	0	20795
13261	132	18185	538	509	0	19364
13262	112	18925	370	254	0	19661
13263	17453	479	116	150	0	18198
13264	334	17830	89	120	0	18373
13265	17607	366	89	114	0	18176
13266	364	211	47	17058	0	17680
13267	18110	111	56	410	0	18687
13268	373	59	18022	227	0	18681
13269	17529	59	327	166	0	18081
13270	418	77	215	18248	0	18958
13271	225	18403	122	349	0	19099
13272	18760	341	80	217	0	19398
13273	382	285	74	18741	0	19482
13274	216	18883	69	375	0	19543
13275	105	19977	73	221	0	20376
13276	19622	396	42	129	0	20189
13277	19906	181	46	78	0	20211
13278	20252	107	35	98	0	20492
13279	470	72	53	19351	0	19946
13280	212	18880	41	335	0	19468
13281	104	19559	42	174	0	19879
13282	78	387	60	19628	0	20153
13283	19306	179	39	379	0	19903
13284	18339	118	56	228	0	18741
13285	19081	63	44	145	0	19333
13286	480	72	18509	82	0	19143
13287	236	92	18467	92	0	18887
13288	19993	59	401	101	0	20554
13289	375	65	199	20071	0	20710
13290	195	64	89	20332	0	20680
13291	129	72	58	20037	0	20296
13292	92	67	53	20441	0	20653
13293	86	66	19753	538	0	20443
13294	84	67	338	19485	0	19974
13295	76	60	19537	449	0	20122
13296	17824	64	413	285	0	18586
13297	348	19360	187	197	0	20092
13298	186	334	138	19910	0	20568
13299	133	182	83	19532	0	19930
13300	19235	131	83	498	0	19947
13301	19079	85	71	315	0	19550
13302	19211	85	70	195	0	19561
13303	19129	88	71	162	0	19450
13304	562	76	18877	137	0	19652
13305	296	80	18422	139	0	18937
13306	202	66	442	18727	0	19437
13307	19090	73	237	441	0	19841
13308	18945	77	158	282	0	19462
13309	501	71	18797	201	0	19570
13310	277	84	373	18555	0	19289
13311	18713	81	190	459	0	19443
13312	411	76	151	18749	0	19387
13313	243	75	18963	481	0	19762
13314	206	94	371	18661	0	19332
13315	18919	93	193	500	0	19705
13316	400	20484	140	260	0	21284
13317	20487	357	91	249	0	21184
13318	20731	186	78	198	0	21193
13319	20850	142	84	178	0	21254
13320	603	90	91	20734	0	21518
13321	20420	89	90	422	0	21021
13322	469	21097	88	234	0	21888
13323	260	21914	84	207	0	22465
13324	202	563	85	21284	0	22134
13325	21298	260	63	488	0	22109
13326	518	22190	62	255	0	23025
13327	25692	533	57	189	0	26471
13328	27743	262	51	154	0	28210
13329	1138	28746	59	126	0	30069
13330	553	925	59	28998	0	30535
13331	344	387	47	30052	0	30830
13332	305	227	29570	1217	0	31319
13333	312	154	891	29161	0	30518
13334	271	163	29610	1195	0	31239
13335	212	28513	1003	629	0	30357
13336	241	937	403	29250	0	30831
13337	27718	402	276	1198	0	29594
13338	28576	232	218	654	0	29680
13339	1264	170	222	28374	0	30030
13340	563	167	27605	1139	0	29474
13341	25468	169	937	673	0	27247
13342	1066	26207	430	466	0	28169
13343	558	26136	220	369	0	27283
13344	409	27248	171	330	0	28158
13345	403	1162	162	25857	0	27584
13346	309	456	26328	982	0	28075
13347	264	362	904	26030	0	27560
13348	240	304	26250	1006	0	27800
13349	203	305	25750	506	0	26764
13350	163	279	26614	340	0	27396
13351	192	237	1253	24756	0	26438
13352	166	190	583	26744	0	27683
13353	136	177	444	27398	0	28155
13354	137	160	397	26655	0	27349
13355	26329	113	354	1446	0	28242
13356	825	26146	357	745	0	28073
13357	26230	856	284	588	0	27958
13358	927	26867	241	517	0	28552
13359	446	948	195	27191	0	28780
13360	314	414	159	28497	0	29384
13361	27578	283	132	1416	0	29409
13362	28233	262	131	710	0	29336
13363	28720	255	118	484	0	29577
13364	28388	239	122	440	0	29189
13365	28274	224	104	401	0	29003
13366	1430	27309	75	405	0	29219
13367	26608	873	78	390	0	27949
13368	1263	26345	91	279	0	27978
13369	26392	939	67	261	0	27659
13370	1350	417	25867	217	0	27851
13371	801	331	787	25206	0	27125
13372	596	26328	317	809	0	28050
13373	495	972	192	26229	0	27888
13374	451	533	25820	960	0	27764
13375	442	368	875	24882	0	26567
13376	24457	309	412	1154	0	26332
13377	968	24567	320	656	0	26511
13378	469	25423	260	569	0	26721
13379	369	1149	25434	488	0	27440
13380	361	589	933	24453	0	26336
13381	313	26006	463	1060	0	27842
13382	315	1030	357	26794	0	28496
13383	307	540	26515	1157	0	28519
13384	274	25644	977	697	0	27592
13385	308	1049	26050	510	0	27917
13386	333	652	25825	426	0	27236
13387	341	488	1133	25499	0	27461
13388	25803	392	601	1097	0	27893
13389	986	358	467	26206	0	28017
13390	498	357	26199	1167	0	28221
13391	344	404	1126	26675	0	28549
13392	283	378	27559	1229	0	29449
13393	284	336	27103	717	0	28440
13394	26602	282	1513	657	0	29054
13395	28987	236	797	640	0	30660
13396	29252	206	622	639	0	30719
13397	1364	169	28524	592	0	30649
13398	674	157	29116	528	0	30475
13399	501	174	1602	27953	0	30230
13400	493	154	893	29049	0	30589
13401	28895	189	554	1534	0	31172
13402	1300	239	429	29074	0	31042
13403	679	213	28906	1479	0	31277
13404	544	182	27995	875	0	29596
13405	468	28319	1398	695	0	30880
13406	506	997	687	29218	0	31408
13407	517	474	29725	1337	0	32053
13408	489	335	1264	29213	0	31301
13409	29380	273	673	1492	0	31818
13410	1263	265	29948	802	0	32278
13411	697	237	1302	29644	0	31880
13412	631	250	645	30669	0	32195
13413	550	230	29590	1604	0	31974
13414	559	198	1278	29181	0	31216
13415	473	221	29419	1456	0	31569
13416	26698	230	1364	876	0	29168
13417	1269	223	731	27151	0	29374
13418	605	26983	576	1364	0	29528
13419	27180	1008	442	824	0	29454
13420	27430	442	447	698	0	29017
13421	1464	26864	458	608	0	29394
13422	798	1980	416	23928	0	27122
13423	482	24764	367	990	0	26603
13424	448	25609	266	618	0	26941
13425	631	1167	23973	451	0	26222
13426	459	23697	823	391	0	25370
13427	398	665	19942	286	0	21291
13428	16273	212	376	177	0	17038
13429	16923	76	126	92	0	17217
13430	382	16902	91	92	0	17467
13431	152	17023	80	56	0	17311
13432	82	17612	62	75	0	17831
13433	17951	408	83	73	0	18515
13434	429	140	57	18432	0	19058
13435	147	89	19886	395	0	20517
13436	91	19982	485	135	0	20693
13437	82	479	145	20599	0	21305
13438	94	146	77	20272	0	20589
13439	56	23105	67	577	0	23805
13440	24365	636	75	194	0	25270
13441	729	174	24836	100	0	25839
13442	255	98	751	28746	0	29850
13443	96	32254	216	999	0	33565
13444	32275	1207	121	315	0	33918
13445	1264	342	32065	205	0	33876
13446	343	31420	1197	168	0	33128
13447	254	1275	314	31613	0	33456
13448	171	376	31575	1207	0	33329
13449	30496	224	1303	381	0	32404
13450	1288	190	371	31077	0	32926
13451	406	152	31004	1328	0	32890
13452	250	30863	1317	441	0	32871
13453	30047	1278	394	300	0	32019
13454	1230	31199	277	223	0	32929
13455	31033	1412	204	194	0	32843
13456	31936	471	164	199	0	32770
13457	1640	334	154	30099	0	32227
13458	608	29637	177	1219	0	31641
13459	396	1250	29892	383	0	31921
13460	311	384	1316	29754	0	31765
13461	399	405	576	26173	0	27553
13462	241	200	320	30704	0	31465
13463	256	187	259	30724	0	31426
13464	236	179	188	30979	0	31582
13465	29542	180	207	1903	0	31832
13466	28784	202	216	783	0	29985
13467	28840	185	177	578	0	29780
13468	1655	28461	173	457	0	30746
13469	693	1296	29029	340	0	31358
13470	499	402	29413	318	0	30632
13471	341	338	30119	300	0	31098
13472	311	297	1730	28335	0	30673
13473	280	232	713	29762	0	30987
13474	256	198	446	30103	0	31003
13475	227	223	28474	1952	0	30876
13476	226	27707	1450	918	0	30301
13477	285	1324	28368	606	0	30583
13478	285	470	29381	473	0	30609
13479	296	362	1727	27967	0	30352
13480	275	311	28613	1567	0	30766
13481	314	306	1669	27890	0	30179
13482	27503	277	680	1744	0	30204
13483	28369	307	532	734	0	29942
13484	1813	266	27328	578	0	29985
13485	772	303	1566	27148	0	29789
13486	593	310	27359	1640	0	29902
13487	452	27433	1647	710	0	30242
13488	27494	1515	724	567	0	30300
13489	1608	622	27600	476	0	30306
13490	683	25893	1630	458	0	28664
13491	497	26719	714	453	0	28383
13492	431	26936	559	499	0	28425
13493	428	1788	25208	473	0	27897
13494	478	878	1492	23321	0	26169
13495	435	24884	649	1410	0	27378
13496	502	1578	542	24615	0	27237
13497	479	689	496	25910	0	27574
13498	24126	559	481	1902	0	27068
13499	1476	24388	466	981	0	27311
13500	24008	1458	475	805	0	26746
13501	1615	23415	458	727	0	26215
13502	782	24946	390	658	0	26776
13503	647	1746	23853	593	0	26839
13504	545	879	1486	23594	0	26504
13505	517	690	23905	1573	0	26685
13506	469	23425	1605	888	0	26387
13507	564	1476	23414	723	0	26177
13508	527	635	23913	693	0	25768
13509	468	23617	1732	704	0	26521
13510	22629	1552	859	687	0	25727
13511	1445	23532	717	698	0	26392
13512	23497	1626	662	709	0	26494
13513	1572	773	23469	735	0	26549
13514	680	519	23982	810	0	25991
13515	526	23252	1842	785	0	26405
13516	23038	1481	822	760	0	26101
13517	1611	23207	740	671	0	26229
13518	775	1553	693	23287	0	26308
13519	23644	741	615	1547	0	26547
13520	1638	672	23358	677	0	26345
13521	708	545	1747	23505	0	26505
13522	22906	482	943	1669	0	26000
13523	1535	23158	779	844	0	26316
13524	657	1440	694	23502	0	26293
13525	532	584	23260	1872	0	26248
13526	22888	513	1658	965	0	26024
13527	1463	487	844	23519	0	26313
13528	552	479	23156	1746	0	25933
13529	539	405	1658	22237	0	24839
13530	456	22603	868	1684	0	25611
13531	433	1379	22834	955	0	25601
13532	497	625	1566	22102	0	24790
13533	21148	410	762	1554	0	23874
13534	1506	414	603	20740	0	23263
13535	18853	375	496	1385	0	21109
13536	1321	18810	537	693	0	21361
13537	18464	1163	502	575	0	20704
13538	1280	579	17816	490	0	20165
13539	568	433	15646	385	0	17032
13540	425	347	14067	265	0	15104
13541	338	13197	1285	322	0	15142
13542	267	202	775	5676	0	6920
13543	63	60	120	5566	0	5809
13544	36	49	53	5515	0	5653
13545	37	32	41	5720	0	5830
13546	25	36	5654	217	0	5932
13547	5146	28	141	110	0	5425
13548	133	5681	71	68	0	5953
13549	5625	130	46	48	0	5849
13550	164	55	34	5629	0	5882
13551	67	5818	33	134	0	6052
13552	56	141	29	5906	0	6132
13553	5829	74	24	165	0	6092
13554	140	6222	24	73	0	6459
13555	6230	135	32	74	0	6471
13556	6285	63	32	39	0	6419
13557	180	41	31	6446	0	6698
13558	85	36	6432	132	0	6685
13559	6186	34	125	65	0	6410
13560	146	35	44	6763	0	6988
13561	6821	27	48	156	0	7052
13562	6967	22	32	86	0	7107
13563	6964	19	34	56	0	7073
13564	213	23	6911	46	0	7193
13565	97	21	122	6725	0	6965
13566	6832	30	45	137	0	7044
13567	159	24	7023	65	0	7271
13568	73	7077	121	45	0	7316
13569	71	147	62	6354	0	6634
13570	42	49	7182	118	0	7391
13571	39	38	7034	71	0	7182
13572	26	54	156	6900	0	7136
13573	37	16	63	7418	0	7534
13574	27	17	34	7540	0	7618
13575	27	13	26	7406	0	7472
13576	28	5	7422	157	0	7612
13577	20	7441	106	79	0	7646
13578	36	107	44	7728	0	7915
13579	7909	38	36	126	0	8109
13580	7721	29	20	77	0	7847
13581	7861	18	20	65	0	7964
13582	162	13	25	7806	0	8006
13583	73	19	15	7716	0	7823
13584	54	7209	16	127	0	7406
13585	41	7632	16	61	0	7750
13586	93	122	15	7572	0	7802
13587	7532	49	26	114	0	7721
13588	7421	10	15	46	0	7492
13589	7402	14	13	33	0	7462
13590	7391	12	9	41	0	7453
13591	7486	8	11	40	0	7545
13592	95	7607	4	25	0	7731
13593	38	62	9	7819	0	7928
13594	8046	11	14	97	0	8168
13595	8118	6	13	42	0	8179
13596	96	8	17	8021	0	8142
13597	40	12	13	8096	0	8161
13598	28	13	8268	88	0	8397
13599	37	7	62	7804	0	7910
13600	27	6	19	8158	0	8210
13601	24	12	8682	92	0	8810
13602	24	28	68	8451	0	8571
13603	15	8731	23	86	0	8855
13604	26	65	8676	45	0	8812
13605	16	8808	60	47	0	8931
13606	23	64	22	8533	0	8642
13607	19	33	12	8779	0	8843
13608	12	8689	16	70	0	8787
13609	16	8880	15	31	0	8942
13610	9048	59	7	29	0	9143
13611	8865	12	1	29	0	8907
13612	69	10	8807	20	0	8906
13613	8791	3	54	56	0	8904
13614	9641	6	8	49	0	9704
13615	9695	8	5	36	0	9744
13616	9614	7	28	26	0	9675
13617	82	8	9286	24	0	9400
13618	41	11	8559	28	0	8639
13619	9299	1	52	31	0	9383
13620	69	9769	18	25	0	9881
13621	28	38	9887	12	0	9965
13622	9760	9	67	25	0	9861
13623	9999	19	15	27	0	10060
13624	61	11	9906	13	0	9991
13625	9727	9	64	31	0	9831
13626	67	9	22	11437	0	11535
13627	25	7	11803	68	0	11903
13628	10715	7	85	66	0	10873
13629	60	11747	27	29	0	11863
13630	12231	55	13	50	0	12349
13631	13760	17	19	95	0	13891
13632	83	8	10	13879	0	13980
13633	32	11	17	13621	0	13681
13634	23	8	12	14190	0	14233
13635	14222	11	4	104	0	14341
13636	14747	5	12	56	0	14820
13637	116	6	7	14814	0	14943
13638	54	8	2	14770	0	14834
13639	36	16	14477	124	0	14653
13640	13534	8	82	91	0	13715
13641	100	15	33	14818	0	14966
13642	58	12	13	14750	0	14833
13643	29	14484	13	148	0	14674
13644	43	90	9	14783	0	14925
13645	42	48	6	14661	0	14757
13646	14597	19	9	173	0	14798
13647	124	14720	2	79	0	14925
13648	75	108	6	14995	0	15184
13649	64	45	9	14786	0	14904
13650	52	19	3	14975	0	15049
13651	31	22	14841	184	0	15078
13652	35	14	111	14495	0	14655
13653	14449	9	46	190	0	14694
13654	147	10	14367	101	0	14625
13655	79	5	135	14506	0	14725
13656	40	7	57	14896	0	15000
13657	14813	9	28	235	0	15085
13658	14456	11	39	126	0	14632
13659	196	17	14615	82	0	14910
13660	13009	14	133	115	0	13271
13661	177	21	14366	51	0	14615
13662	13961	14	145	72	0	14192
13663	200	15305	71	48	0	15624
13664	15833	176	25	108	0	16142
13665	238	15896	35	76	0	16245
13666	16276	228	41	93	0	16638
13667	256	16530	20	73	0	16879
13668	119	230	36	16865	0	17250
13669	81	81	31	16886	0	17079
13670	62	40	27	16823	0	16952
13671	56	16220	19	338	0	16633
13672	84	213	20	16482	0	16799
13673	49	16469	38	298	0	16854
13674	65	251	22	16847	0	17185
13675	16742	91	29	310	0	17172
13676	16560	53	33	141	0	16787
13677	331	16439	17	87	0	16874
13678	151	251	28	16664	0	17094
13679	16404	110	24	283	0	16821
13680	300	16461	19	117	0	16897
13681	131	16820	15	92	0	17058
13682	16840	350	10	95	0	17295
13683	16984	144	12	96	0	17236
13684	361	16807	16	99	0	17283
13685	16947	324	16	86	0	17373
13686	369	133	10	17070	0	17582
13687	147	107	17790	333	0	18377
13688	17607	69	302	201	0	18179
13689	18153	66	103	136	0	18458
13690	481	58	18271	84	0	18894
13691	18021	59	332	119	0	18531
13692	18537	50	119	134	0	18840
13693	19324	51	68	113	0	19556
13694	531	18953	55	120	0	19659
13695	19539	396	27	92	0	20054
13696	19831	172	34	90	0	20127
13697	611	99	26	19488	0	20224
13698	299	112	25	19718	0	20154
13699	217	76	23	20217	0	20533
13700	20030	67	23	616	0	20736
13701	483	61	31	19684	0	20259
13702	19858	76	30	545	0	20509
13703	20020	66	25	292	0	20403
13704	632	65	43	19722	0	20462
13705	324	55	54	20468	0	20901
13706	248	67	27	20948	0	21290
13707	20693	59	29	698	0	21479
13708	553	20553	33	322	0	21461
13709	293	455	27	21133	0	21908
13710	232	188	25	21815	0	22260
13711	21307	120	15	742	0	22184
13712	21439	109	30	372	0	21950
13713	743	87	20556	268	0	21654
13714	368	82	20368	223	0	21041
13715	21721	68	623	210	0	22622
13716	741	96	218	22177	0	23232
13717	387	73	122	25609	0	26191
13718	284	89	25368	1091	0	26832
13719	271	76	738	24690	0	25775
13720	210	24863	223	985	0	26281
13721	210	26328	137	408	0	27083
13722	25488	968	91	308	0	26855
13723	962	333	25052	260	0	26607
13724	411	25932	708	240	0	27291
13725	362	833	209	26344	0	27748
13726	270	291	25465	903	0	26929
13727	246	199	864	24524	0	25833
13728	250	148	263	25387	0	26048
13729	244	107	24962	1145	0	26458
13730	252	24781	852	477	0	26362
13731	226	817	297	23771	0	25111
13732	23757	258	226	1021	0	25262
13733	24213	205	159	441	0	25018
13734	24352	167	107	356	0	24982
13735	1206	23486	135	303	0	25130
13736	23393	827	144	231	0	24595
13737	1031	266	136	23369	0	24802
13738	408	212	22870	970	0	24460
13739	22454	176	787	447	0	23864
13740	979	23217	258	354	0	24808
13741	397	810	186	23266	0	24659
13742	340	283	154	23564	0	24341
13743	272	23037	156	1069	0	24534
13744	252	897	153	23804	0	25106
13745	287	291	128	24266	0	24972
13746	291	221	127	24873	0	25512
13747	23708	203	171	1272	0	25354
13748	23889	171	161	647	0	24868
13749	1091	206	23673	485	0	25455
13750	474	234	827	23655	0	25190
13751	418	170	299	24780	0	25667
13752	386	162	268	25025	0	25841
13753	24140	240	204	1275	0	25859
13754	1007	210	23299	653	0	25169
13755	22899	178	858	528	0	24463
13756	24382	181	337	464	0	25364
13757	1197	128	222	23934	0	25481
13758	23995	141	217	1153	0	25506
13759	1160	201	22808	547	0	24716
13760	22654	170	742	564	0	24130
13761	1169	24936	300	457	0	26862
13762	567	815	24318	391	0	26091
13763	443	340	24974	420	0	26177
13764	416	344	1029	24308	0	26097
13765	424	185	24747	1089	0	26445
13766	23371	174	915	619	0	25079
13767	976	23819	392	480	0	25667
13768	24187	829	241	442	0	25699
13769	1053	341	229	24318	0	25941
13770	489	242	24007	1159	0	25897
13771	401	169	24114	646	0	25330
13772	365	190	1037	24358	0	25950
13773	24395	178	391	1164	0	26128
13774	948	23669	271	682	0	25570
13775	433	24922	272	585	0	26212
13776	24715	906	236	520	0	26377
13777	1028	24799	211	499	0	26537
13778	25038	890	251	388	0	26567
13779	1142	390	211	24808	0	26551
13780	24764	223	229	1037	0	26253
13781	1124	188	282	24677	0	26271
13782	24865	164	259	1093	0	26381
13783	1061	133	322	24526	0	26042
13784	534	24221	305	1054	0	26114
13785	24385	773	198	587	0	25943
13786	1048	24080	217	460	0	25805
13787	491	861	22778	335	0	24465
13788	413	350	841	21674	0	23278
13789	383	23029	357	815	0	24584
13790	22095	805	249	408	0	23557
13791	22571	298	242	334	0	23445
13792	1015	22247	264	286	0	23812
13793	455	800	21741	297	0	23293
13794	400	305	778	20894	0	22377
13795	310	20901	347	837	0	22395
13796	316	796	290	21698	0	23100
13797	411	295	234	22160	0	23100
13798	21394	280	177	999	0	22850
13799	911	21085	170	483	0	22649
13800	415	754	209	21500	0	22878
13801	21478	337	147	916	0	22878
13802	21602	241	149	458	0	22450
13803	21513	218	169	380	0	22280
13804	1098	270	169	20829	0	22366
13805	20330	197	159	771	0	21457
13806	923	20041	155	351	0	21470
13807	19889	680	134	344	0	21047
13808	810	19778	147	338	0	21073
13809	19856	651	131	302	0	20940
13810	19822	306	92	292	0	20512
13811	967	265	107	19250	0	20589
13812	442	175	19310	729	0	20656
13813	391	190	18525	323	0	19429
13814	336	18955	600	258	0	20149
13815	18261	636	199	286	0	19382
13816	700	275	17890	184	0	19049
13817	13389	111	228	90	0	13818
13818	280	14030	84	60	0	14454
13819	152	14618	53	56	0	14879
13820	137	295	56	14901	0	15389
13821	104	15544	37	222	0	15907
13822	91	327	15937	146	0	16501
13823	132	190	306	15338	0	15966
13824	97	16587	131	333	0	17148
13825	99	418	62	16798	0	17377
13826	16678	173	52	443	0	17346
13827	437	133	35	16906	0	17511
13828	206	106	17050	489	0	17851
13829	136	17069	401	239	0	17845
13830	131	465	169	17072	0	17837
13831	99	214	113	17398	0	17824
13832	91	161	95	17861	0	18208
13833	17172	131	59	668	0	18030
13834	17124	91	56	322	0	17593
13835	628	93	16921	215	0	17857
13836	294	93	16536	165	0	17088
13837	197	17055	541	143	0	17936
13838	17371	482	237	157	0	18247
13839	526	220	154	17302	0	18202
13840	266	150	106	17569	0	18091
13841	221	113	98	17686	0	18118
13842	193	117	55	17785	0	18150
13843	150	93	16756	797	0	17796
13844	16177	87	449	429	0	17142
13845	552	71	190	18692	0	19505
13846	304	81	18436	704	0	19525
13847	18657	93	616	333	0	19699
13848	20705	64	277	253	0	21299
13849	1000	83	22762	178	0	24023
13850	540	92	23776	139	0	24547
13851	385	81	1058	23215	0	24739
13852	23658	78	467	948	0	25151
13853	24319	67	307	441	0	25134
13854	1198	82	210	23187	0	24677
13855	563	63	175	24233	0	25034
13856	371	76	23511	1194	0	25152
13857	328	138	927	23287	0	24680
13858	243	57	23346	1210	0	24856
13859	21903	69	1051	582	0	23605
13860	998	23008	521	398	0	24925
13861	21923	742	264	294	0	23223
13862	1022	21754	222	257	0	23255
13863	21760	902	245	213	0	23120
13864	1043	375	147	21050	0	22615
13865	539	211	149	21797	0	22696
13866	21388	155	120	1183	0	22846
13867	21994	126	109	580	0	22809
13868	22252	90	99	435	0	22876
13869	22440	126	120	273	0	22959
13870	1486	83	21100	256	0	22925
13871	21292	90	872	248	0	22502
13872	22140	78	366	239	0	22823
13873	22364	92	255	203	0	22914
13874	1556	74	189	21125	0	22944
13875	20701	93	154	962	0	21910
13876	1355	20481	125	444	0	22405
13877	765	794	160	20841	0	22560
13878	622	293	161	21613	0	22689
13879	522	201	20460	1277	0	22460
13880	498	150	894	20073	0	21615
13881	441	20471	442	1181	0	22535
13882	20489	855	252	660	0	22256
13883	1139	20716	255	527	0	22637
13884	20970	987	208	486	0	22651
13885	1294	472	193	20796	0	22755
13886	20667	284	199	1147	0	22297
13887	1257	20164	197	673	0	22291
13888	20677	962	218	491	0	22348
13889	21272	473	179	445	0	22369
13890	1561	371	162	20341	0	22435
13891	924	298	130	21189	0	22541
13892	726	243	20136	1380	0	22485
13893	664	188	854	20502	0	22208
13894	515	239	376	21051	0	22181
13895	590	156	20104	1507	0	22357
13896	538	206	958	20623	0	22325
13897	560	134	20173	1384	0	22251
13898	20081	137	1055	789	0	22062
13899	1284	109	528	20296	0	22217
13900	773	155	19752	1252	0	21932
13901	20009	135	1025	683	0	21852
13902	1376	125	518	20120	0	22139
13903	796	118	20088	1332	0	22334
13904	20390	114	1051	759	0	22314
13905	1350	140	514	20582	0	22586
13906	764	125	387	21292	0	22568
13907	20964	125	311	1543	0	22943
13908	1322	127	290	20997	0	22736
13909	751	112	263	21505	0	22631
13910	619	164	270	20688	0	21741
13911	608	20048	208	1548	0	22412
13912	19840	873	201	965	0	21879
13913	20472	406	214	738	0	21830
13914	1499	282	186	19891	0	21858
13915	20126	245	176	1327	0	21874
13916	20414	174	172	850	0	21610
13917	20767	172	171	672	0	21782
13918	15937	309	291	728	0	17265
13919	20193	149	204	624	0	21170
13920	1702	137	17704	506	0	20049
13921	903	156	17166	514	0	18739
13922	17021	114	991	473	0	18599
13923	1221	16591	474	535	0	18821
13924	689	696	386	16078	0	17849
13925	579	261	15998	985	0	17823
13926	556	200	16146	528	0	17430
13927	553	337	961	15585	0	17436
13928	15393	208	712	990	0	17303
13929	965	105	360	15637	0	17067
13930	571	136	15479	1004	0	17190
13931	16080	84	776	627	0	17567
13932	1003	105	387	16310	0	17805
13933	598	65	293	16730	0	17686
13934	473	57	291	17018	0	17839
13935	487	68	217	16774	0	17546
13936	454	52	15759	1291	0	17556
13937	434	59	715	16124	0	17332
13938	15935	61	332	1135	0	17463
13939	895	65	15048	742	0	16750
13940	15365	96	727	558	0	16746
13941	16312	90	319	515	0	17236
13942	16188	85	240	507	0	17020
13943	16105	70	251	431	0	16857
13944	1215	15034	189	487	0	16925
13945	588	13360	150	294	0	14392
13946	498	13930	148	276	0	14852
13947	12960	694	300	287	0	14241
13948	712	172	11764	264	0	12912
13949	8405	125	320	98	0	8948
13950	313	35	104	8085	0	8537
13951	8104	30	76	264	0	8474
13952	290	18	49	8065	0	8422
13953	8087	40	45	287	0	8459
13954	267	28	47	8057	0	8399
13955	153	26	42	8324	0	8545
13956	7486	20	55	309	0	7870
13957	265	9114	51	173	0	9603
13958	180	152	9211	104	0	9647
13959	131	8997	185	115	0	9428
13960	103	140	8699	69	0	9011
13961	82	59	177	8218	0	8536
13962	8502	50	112	141	0	8805
13963	151	28	47	8379	0	8605
13964	8254	12	29	174	0	8469
13965	147	8757	32	83	0	9019
13966	92	109	9003	79	0	9283
13967	71	8702	137	56	0	8966
13968	58	8932	56	56	0	9102
13969	8552	91	48	53	0	8744
13970	8289	35	24	52	0	8400
13971	127	8390	30	45	0	8592
13972	57	88	17	8572	0	8734
13973	61	35	19	8611	0	8726
13974	8624	27	15	137	0	8803
13975	121	21	8691	60	0	8893
13976	54	29	8352	44	0	8479
13977	55	23	116	8622	0	8816
13978	47	24	8681	121	0	8873
13979	8065	20	121	67	0	8273
13980	8640	23	53	51	0	8767
13981	147	8637	40	42	0	8866
13982	85	101	8984	45	0	9215
13983	79	30	114	8796	0	9019
13984	65	22	9445	127	0	9659
13985	56	29	116	9325	0	9526
13986	9375	34	41	146	0	9596
13987	135	9684	37	73	0	9929
13988	61	136	10005	43	0	10245
13989	53	10032	135	63	0	10283
13990	45	10532	46	55	0	10678
13991	10641	152	37	57	0	10887
13992	10373	42	30	81	0	10526
13993	196	26	10689	52	0	10963
13994	59	10949	144	74	0	11226
13995	91	142	53	11091	0	11377
13996	62	45	26	11152	0	11285
13997	53	30	39	11018	0	11140
13998	54	35	11265	183	0	11537
13999	54	46	149	10979	0	11228
14000	54	42	57	11543	0	11696
14001	11609	34	38	205	0	11886
14002	11657	33	26	98	0	11814
14003	11541	31	37	75	0	11684
14004	11310	28	29	75	0	11442
14005	11239	32	30	84	0	11385
14006	192	11198	43	52	0	11485
14007	10754	132	26	35	0	10947
14008	172	36	10808	27	0	11043
14009	72	43	130	10681	0	10926
14010	10929	27	54	140	0	11150
14011	149	10862	30	53	0	11094
14012	11091	126	29	53	0	11299
14013	11460	48	23	57	0	11588
14014	173	31	13	11593	0	11810
14015	73	30	36	11602	0	11741
14016	42	12264	34	173	0	12513
14017	59	142	29	12684	0	12914
14018	46	57	13064	175	0	13342
14019	50	25	162	13216	0	13453
14020	48	36	13406	191	0	13681
14021	12466	27	207	102	0	12802
14022	210	21	73	13561	0	13865
14023	104	27	13697	202	0	14030
14024	64	13066	201	121	0	13452
14025	51	13628	78	56	0	13813
14026	13521	209	47	47	0	13824
14027	190	97	24	13482	0	13793
14028	92	53	14054	172	0	14371
14029	50	13663	162	117	0	13992
14030	44	164	13752	47	0	14007
14031	13120	71	178	55	0	13424
14032	13482	39	73	62	0	13656
14033	13729	32	58	35	0	13854
14034	241	36	27	13663	0	13967
14035	107	45	13566	168	0	13886
14036	66	13451	164	84	0	13765
14037	53	147	83	13826	0	14109
14038	42	74	13592	170	0	13878
14039	41	52	12996	91	0	13180
14040	38	41	229	13543	0	13851
14041	13915	18	94	199	0	14226
14042	186	18	57	13884	0	14145
14043	84	25	53	14155	0	14317
14044	54	29	14393	245	0	14721
14045	53	21	199	14200	0	14473
14046	58	27	91	14244	0	14420
14047	31	43	14493	269	0	14836
14048	41	24	14146	120	0	14331
14049	39	33	242	14485	0	14799
14050	45	21	14902	223	0	15191
14051	50	20	211	14757	0	15038
14052	14926	25	111	242	0	15304
14053	167	15275	79	132	0	15653
14054	82	165	70	15651	0	15968
14055	63	73	15378	213	0	15727
14056	13233	42	183	196	0	13654
14057	195	13988	119	80	0	14382
14058	14300	168	76	92	0	14636
14059	207	71	57	14294	0	14629
14060	102	54	70	14163	0	14389
14061	14621	34	39	302	0	14996
14062	200	31	14658	142	0	15031
14063	14229	33	203	101	0	14566
14064	209	26	106	14892	0	15233
14065	14498	23	56	247	0	14824
14066	14489	25	56	144	0	14714
14067	286	30	63	14443	0	14822
14068	158	14844	48	248	0	15298
14069	15291	218	45	162	0	15716
14070	15389	85	49	134	0	15657
14071	380	52	15422	77	0	15931
14072	15114	38	285	77	0	15514
14073	358	43	108	15418	0	15927
14074	170	15550	80	292	0	16092
14075	151	253	72	15243	0	15719
14076	102	15538	49	271	0	15960
14077	15607	296	51	142	0	16096
14078	16030	127	49	117	0	16323
14079	399	71	33	17291	0	17794
14080	192	54	16942	359	0	17547
14081	152	70	16521	177	0	16920
14082	114	42	437	17535	0	18128
14083	17671	35	207	438	0	18351
14084	18897	34	147	236	0	19314
14085	582	18963	94	153	0	19792
14086	303	430	72	19192	0	19997
14087	195	201	19355	497	0	20248
14088	148	148	19515	255	0	20066
14089	145	114	686	21027	0	21972
14090	22393	57	365	660	0	23475
14091	699	23	210	22765	0	23697
14092	321	43	22442	843	0	23649
14093	22149	51	702	398	0	23300
14094	775	43	310	22243	0	23371
14095	344	38	210	22640	0	23232
14096	260	32	141	22352	0	22785
14097	156	21940	125	1049	0	23270
14098	162	628	21798	532	0	23120
14099	119	265	22325	364	0	23073
14100	137	171	932	22275	0	23515
14101	111	107	22546	806	0	23570
14102	21670	62	891	430	0	23053
14103	779	43	386	22136	0	23344
14104	337	66	292	22376	0	23071
14105	258	70	180	22293	0	22801
14106	150	22024	176	1149	0	23499
14107	22464	682	163	557	0	23866
14108	789	282	151	22741	0	23963
14109	22343	197	159	938	0	23637
14110	892	22411	115	473	0	23891
14111	22495	709	118	402	0	23724
14112	21470	338	134	308	0	22250
14113	22452	208	112	316	0	23088
14114	1140	21260	126	256	0	22782
14115	577	21615	122	231	0	22545
14116	20711	895	113	233	0	21952
14117	881	21043	142	217	0	22283
14118	423	862	20172	209	0	21666
14119	323	19329	662	238	0	20552
14120	248	20534	294	221	0	21297
14121	20202	874	244	188	0	21508
14122	788	445	19905	165	0	21303
14123	394	314	19812	143	0	20663
14124	335	186	897	19431	0	20849
14125	16188	147	4169	765	0	21269
14126	715	135	20109	348	0	21307
14127	371	148	795	19839	0	21153
14128	268	164	19194	823	0	20449
14129	257	146	18913	423	0	19739
14130	18190	144	935	342	0	19611
14131	786	142	19258	203	0	20389
14132	427	132	906	18682	0	20147
14133	359	163	432	18646	0	19600
14134	257	18467	344	913	0	19981
14135	260	19392	258	501	0	20411
14136	239	874	226	18895	0	20234
14137	219	432	18994	837	0	20482
14138	249	330	746	18945	0	20270
14139	215	211	401	19595	0	20422
14140	197	193	19450	1054	0	20894
14141	200	155	802	19731	0	20888
14142	19825	173	429	1038	0	21465
14143	783	194	19714	520	0	21211
14144	19327	180	868	462	0	20837
14145	958	147	478	19360	0	20943
14146	529	130	373	19822	0	20854
14147	390	19827	299	1102	0	21618
14148	288	785	316	19993	0	21382
14149	254	339	262	21131	0	21986
14150	20390	269	282	1269	0	22210
14151	915	191	304	20721	0	22131
14152	473	187	264	21327	0	22251
14153	19988	183	278	1357	0	21806
14154	965	176	273	20340	0	21754
14155	510	193	279	19352	0	20334
14156	335	19758	314	1263	0	21670
14157	19982	788	286	815	0	21871
14158	956	373	212	20226	0	21767
14159	490	303	237	20882	0	21912
14160	444	201	19873	1333	0	21851
14161	334	182	839	19900	0	21255
14162	290	166	469	20604	0	21529
14163	19264	174	326	1462	0	21226
14164	19825	212	231	865	0	21133
14165	1142	191	242	19716	0	21291
14166	627	179	18937	1140	0	20883
14167	466	17925	827	642	0	19860
14168	334	18708	454	574	0	20070
14169	403	835	330	18657	0	20225
14170	18452	438	255	1044	0	20189
14171	860	324	184	18832	0	20200
14172	18722	223	103	1174	0	20222
14173	963	227	151	18988	0	20329
14174	564	172	183	19297	0	20216
14175	18379	182	149	1246	0	19956
14176	18376	217	172	723	0	19488
14177	1103	17952	149	549	0	19753
14178	647	18937	120	426	0	20130
14179	378	792	140	16638	0	17948
14180	302	407	125	17379	0	18213
14181	307	261	16385	921	0	17874
14182	14777	193	602	604	0	16176
14183	691	15641	279	448	0	17059
14184	252	14787	160	283	0	15482
14185	14195	526	141	263	0	15125
14186	566	217	14040	215	0	15038
14187	277	148	13500	202	0	14127
14188	210	144	12286	225	0	12865
14189	111	11110	399	118	0	11738
14190	135	182	174	9776	0	10267
14191	66	81	56	9854	0	10057
14192	54	77	37	10001	0	10169
14193	9641	46	29	308	0	10024
14194	9568	39	22	173	0	9802
14195	227	9644	44	114	0	10029
14196	126	178	37	9782	0	10123
14197	97	93	9802	222	0	10214
14198	67	9879	175	112	0	10233
14199	9663	187	78	100	0	10028
14200	195	81	9779	81	0	10136
14201	8522	55	183	103	0	8863
14202	197	35	9613	85	0	9930
14203	99	94	176	9139	0	9508
14204	75	9556	78	175	0	9884
14205	9615	162	54	133	0	9964
14206	170	9719	30	127	0	10046
14207	9583	186	32	108	0	9909
14208	229	72	29	9473	0	9803
14209	114	79	9746	214	0	10153
14210	92	55	160	9961	0	10268
14211	72	37	81	10969	0	11159
14212	63	61	10746	303	0	11173
14213	10015	48	213	197	0	10473
14214	256	10966	97	117	0	11436
14215	10925	213	54	98	0	11290
14216	261	11018	55	86	0	11420
14217	111	240	48	11453	0	11852
14218	87	100	11274	276	0	11737
14219	13345	75	230	147	0	13797
14220	464	14080	86	112	0	14742
14221	195	445	56	13876	0	14572
14222	134	164	36	14709	0	15043
14223	14990	101	64	593	0	15748
14224	15817	54	55	271	0	16197
14225	633	16007	35	187	0	16862
14226	17059	552	54	109	0	17774
14227	17341	199	52	101	0	17693
14228	17647	152	27	110	0	17936
14229	939	94	17019	82	0	18134
14230	421	16290	560	94	0	17365
14231	232	17494	232	112	0	18070
14232	163	781	144	16085	0	17173
14233	174	344	66	17046	0	17630
14234	16851	194	44	788	0	17877
14235	660	16761	59	380	0	17860
14236	17020	640	48	214	0	17922
14237	783	308	40	16584	0	17715
14238	360	193	51	17208	0	17812
14239	16533	129	38	872	0	17572
14240	16500	101	52	404	0	17057
14241	904	112	15709	222	0	16947
14242	490	121	567	15495	0	16673
14243	257	83	15354	624	0	16318
14244	154	97	15205	305	0	15761
14245	160	98	15514	200	0	15972
14246	14681	86	829	128	0	15724
14247	638	65	367	14520	0	15590
14248	310	83	177	14635	0	15205
14249	229	59	98	15266	0	15652
14250	126	71	14695	848	0	15740
14251	148	52	551	14700	0	15451
14252	154	57	250	15234	0	15695
14253	14628	54	162	812	0	15656
14254	14929	65	88	411	0	15493
14255	15228	66	67	254	0	15615
14256	15326	54	103	155	0	15638
14257	964	66	84	14558	0	15672
14258	14886	87	67	664	0	15704
14259	823	111	72	14729	0	15735
14260	423	117	13643	783	0	14966
14261	14266	79	501	411	0	15257
14262	768	14231	229	308	0	15536
14263	471	570	146	14031	0	15218
14264	387	288	84	14207	0	14966
14265	273	14387	76	785	0	15521
14266	14270	593	99	414	0	15376
14267	771	14041	80	291	0	15183
14268	435	686	13828	200	0	15149
14269	348	332	14061	195	0	14936
14270	13678	243	744	218	0	14883
14271	14344	152	378	232	0	15106
14272	892	117	13724	259	0	14992
14273	13766	128	642	203	0	14739
14274	894	124	13673	190	0	14881
14275	13643	119	720	221	0	14703
14276	895	87	13579	258	0	14819
14277	506	86	13993	263	0	14848
14278	420	120	832	12796	0	14168
14279	337	117	472	13344	0	14270
14280	13456	91	315	926	0	14788
14281	13165	107	238	547	0	14057
14282	13534	84	229	371	0	14218
14283	14183	115	223	261	0	14782
14284	1094	13235	224	253	0	14806
14285	659	557	181	12792	0	14189
14286	507	13467	156	735	0	14865
14287	374	646	184	13645	0	14849
14288	370	303	188	13835	0	14696
14289	348	228	174	13980	0	14730
14290	333	158	13009	1065	0	14565
14291	12713	119	608	668	0	14108
14292	840	12336	311	468	0	13955
14293	572	13261	249	323	0	14405
14294	476	770	13145	310	0	14701
14295	399	372	637	13097	0	14505
14296	403	224	336	13482	0	14445
14297	13204	159	265	1005	0	14633
14298	874	124	221	13260	0	14479
14299	501	162	231	13672	0	14566
14300	432	127	250	13800	0	14609
14301	340	123	225	14067	0	14755
14302	13204	122	254	1117	0	14697
14303	13638	98	265	597	0	14598
14304	13891	114	242	414	0	14661
14305	1124	137	210	13551	0	15022
14306	13758	97	239	866	0	14960
14307	949	85	256	13874	0	15164
14308	591	79	258	14424	0	15352
14309	500	65	13253	1053	0	14871
14310	434	65	12988	622	0	14109
14311	372	59	12714	408	0	13553
14312	12243	88	972	310	0	13613
14313	870	97	508	11162	0	12637
14314	547	11867	318	669	0	13401
14315	12419	505	236	458	0	13618
14316	820	262	11919	382	0	13383
14317	11541	156	639	322	0	12658
14318	856	11067	367	291	0	12581
14319	8879	307	133	156	0	9475
14320	533	179	105	8724	0	9541
14321	8760	109	70	406	0	9345
14322	495	8166	88	280	0	9029
14323	301	8179	75	185	0	8740
14324	7140	277	112	122	0	7651
14325	293	7319	61	103	0	7776
14326	108	5935	46	66	0	6155
14327	95	6167	66	56	0	6384
14328	5923	206	126	52	0	6307
14329	5849	90	32	32	0	6003
14330	5895	64	47	29	0	6035
14331	244	56	16	5715	0	6031
14332	127	68	18	5828	0	6041
14333	109	42	5711	174	0	6036
14334	67	47	116	5751	0	5981
14335	95	34	5886	155	0	6170
14336	66	52	138	5895	0	6151
14337	63	45	66	6113	0	6287
14338	5989	29	54	193	0	6265
14339	5963	59	40	123	0	6185
14340	191	5960	32	77	0	6260
14341	125	157	34	5972	0	6288
14342	91	88	6161	149	0	6489
14343	89	66	129	6133	0	6417
14344	94	34	67	6228	0	6423
14345	73	37	41	6424	0	6575
14346	61	32	6172	239	0	6504
14347	71	30	5811	128	0	6040
14348	5966	21	168	115	0	6270
14349	141	15	124	6321	0	6601
14350	77	17	6242	203	0	6539
14351	5802	18	133	150	0	6103
14352	155	6321	87	94	0	6657
14353	6501	117	66	68	0	6752
14354	183	86	6650	62	0	6981
14355	6382	44	126	89	0	6641
14356	177	22	98	6647	0	6944
14357	91	36	6800	165	0	7092
14358	78	6688	125	118	0	7009
14359	6758	111	93	83	0	7045
14360	139	88	93	6776	0	7096
14361	96	42	68	6764	0	6970
14362	90	6803	43	188	0	7124
14363	43	103	50	6938	0	7134
14364	51	73	6855	146	0	7125
14365	71	6783	111	94	0	7059
14366	6903	138	75	75	0	7191
14367	158	69	49	6911	0	7187
14368	95	53	49	6936	0	7133
14369	109	37	6832	174	0	7152
14370	50	45	113	6955	0	7163
14371	64	46	7313	146	0	7569
14372	52	7391	132	86	0	7661
14373	7442	115	74	94	0	7725
14374	7399	68	55	93	0	7615
14375	7421	56	30	90	0	7597
14376	180	7871	36	64	0	8151
14377	108	116	36	7903	0	8163
14378	75	70	55	7905	0	8105
14379	71	103	67	6450	0	6691
14380	7907	32	30	198	0	8167
14381	7831	40	31	147	0	8049
14382	167	32	26	7863	0	8088
14383	116	31	8667	148	0	8962
14384	81	21	104	8659	0	8865
14385	54	18	95	8712	0	8879
14386	54	42	49	8721	0	8866
14387	83	23	35	8749	0	8890
14388	8816	27	30	226	0	9099
14389	152	27	37	8935	0	9151
14390	96	47	27	8921	0	9091
14391	64	8833	19	231	0	9147
14392	55	103	18	9308	0	9484
14393	40	9385	19	228	0	9672
14394	75	146	20	9465	0	9706
14395	9309	78	14	215	0	9616
14396	149	9327	29	168	0	9673
14397	9246	149	44	111	0	9550
14398	190	76	9408	106	0	9780
14399	95	47	139	9328	0	9609
14400	60	35	9661	219	0	9975
14401	56	26	160	9680	0	9922
14402	76	53	80	9678	0	9887
14403	55	9472	52	284	0	9863
14404	45	9589	38	158	0	9830
14405	34	10025	23	98	0	10180
14406	9867	153	20	95	0	10135
14407	104	9602	20	71	0	9797
14408	30	9633	15	59	0	9737
14409	100	103	22	9900	0	10125
14410	10023	55	9	108	0	10195
14411	108	10747	8	50	0	10913
14412	10897	93	37	64	0	11091
14413	10839	29	8	74	0	10950
14414	116	22	11294	26	0	11458
14415	38	28	84	10914	0	11064
14416	27	20	21	11403	0	11471
14417	22	16	16	11542	0	11596
14418	23	17	8	11221	0	11269
14419	20	20	10954	122	0	11116
14420	20	29	9683	74	0	9806
14421	9936	9	89	54	0	10088
14422	76	10723	28	20	0	10847
14423	29	10856	13	17	0	10915
14424	11001	96	11	28	0	11136
14425	90	10765	7	35	0	10897
14426	30	108	14	11035	0	11187
14427	11052	32	4	128	0	11216
14428	110	19	10876	50	0	11055
14429	40	23	96	11058	0	11217
14430	21	17	11183	116	0	11337
14431	10537	20	109	65	0	10731
14432	120	21	12075	38	0	12254
14433	12158	24	110	61	0	12353
14434	12869	28	35	50	0	12982
14435	12824	14	17	54	0	12909
14436	12890	25	20	29	0	12964
14437	12951	28	13	37	0	13029
14438	173	12	17	12928	0	13130
14439	13366	9	21	161	0	13557
14440	145	14	16	13453	0	13628
14441	60	18	18	13332	0	13428
14442	44	7	18	13564	0	13633
14443	48	15	13511	171	0	13745
14444	35	23	108	13093	0	13259
14445	38	24	35	13693	0	13790
14446	45	19	13452	150	0	13666
14447	11813	22	122	104	0	12061
14448	133	22	34	13504	0	13693
14449	62	14	13512	127	0	13715
14450	51	19	12964	50	0	13084
14451	45	14	125	13004	0	13188
14452	31	15	13419	153	0	13618
14453	42	17	131	13311	0	13501
14454	33	9	60	13117	0	13219
14455	21	13053	37	162	0	13273
14456	24	13369	29	81	0	13503
14457	13492	119	23	74	0	13708
14458	122	39	24	13533	0	13718
14459	57	33	21	13244	0	13355
14460	38	22	26	13758	0	13844
14461	44	32	13948	168	0	14192
14462	47	21	120	13431	0	13619
14463	13585	27	41	171	0	13824
14464	125	27	13903	76	0	14131
14465	66	16	123	14215	0	14420
14466	49	27	39	14163	0	14278
14467	47	17	27	14605	0	14696
14468	23	15152	46	203	0	15424
14469	15186	180	27	108	0	15501
14470	15738	58	25	97	0	15918
14471	297	15996	28	60	0	16381
14472	120	231	25	16981	0	17357
14473	72	78	16970	319	0	17439
14474	60	60	16197	135	0	16452
14475	16700	30	431	88	0	17249
14476	384	14	171	17402	0	17971
14477	18243	31	88	401	0	18763
14478	491	18391	63	179	0	19124
14479	222	19004	45	107	0	19378
14480	18702	627	42	106	0	19477
14481	521	19466	49	73	0	20109
14482	214	570	49	19610	0	20443
14483	171	226	43	18830	0	19270
14484	108	20018	42	619	0	20787
14485	20170	583	27	300	0	21080
14486	593	253	20358	154	0	21358
14487	19354	154	559	161	0	20228
14488	709	123	20685	95	0	21612
14489	18738	94	633	171	0	19636
14490	729	89	20804	88	0	21710
14491	307	20330	669	104	0	21410
14492	209	605	267	20501	0	21582
14493	20390	217	141	586	0	21334
14494	647	143	20129	219	0	21138
14495	309	98	20346	123	0	20876
14496	212	64	786	19514	0	20576
14497	160	78	20350	593	0	21181
14498	137	78	710	19684	0	20609
14499	157	74	343	19344	0	19918
14500	126	63	19949	809	0	20947
14501	145	60	675	19540	0	20420
14502	20225	41	329	743	0	21338
14503	592	20016	237	338	0	21183
14504	20469	565	182	238	0	21454
14505	657	241	153	19850	0	20901
14506	20058	125	131	680	0	20994
14507	20776	91	128	388	0	21383
14508	863	73	154	20167	0	21257
14509	381	20246	140	624	0	21391
14510	20488	558	142	334	0	21522
14511	699	256	19452	213	0	20620
14512	354	139	19349	206	0	20048
14513	18905	109	775	227	0	20016
14514	712	84	335	19008	0	20139
14515	362	84	19101	674	0	20221
14516	252	108	649	19105	0	20114
14517	19240	113	296	750	0	20399
14518	19927	95	204	393	0	20619
14519	19910	88	184	272	0	20454
14520	944	20041	157	191	0	21333
14521	493	553	135	20352	0	21533
14522	320	262	127	20701	0	21410
14523	20354	169	124	859	0	21506
14524	732	20059	136	401	0	21328
14525	20164	591	149	273	0	21177
14526	812	267	135	19931	0	21145
14527	19998	169	115	706	0	20988
14528	800	160	19004	339	0	20303
14529	417	19087	630	277	0	20411
14530	357	592	272	18408	0	19629
14531	314	19746	170	550	0	20780
14532	304	641	141	19069	0	20155
14533	18833	314	119	707	0	19973
14534	743	208	18011	364	0	19326
14535	17416	172	594	296	0	18478
14536	755	18569	299	251	0	19874
14537	409	625	207	19027	0	20268
14538	305	315	152	19637	0	20409
14539	18878	210	146	874	0	20108
14540	747	176	18529	454	0	19906
14541	458	125	634	18761	0	19978
14542	325	162	307	18843	0	19637
14543	288	140	218	19037	0	19683
14544	263	167	188	19169	0	19787
14545	18495	150	162	985	0	19792
14546	18554	135	161	525	0	19375
14547	901	123	18141	366	0	19531
14548	479	134	17494	339	0	18446
14549	18274	117	787	299	0	19477
14550	19475	111	361	320	0	20267
14551	923	95	228	18942	0	20188
14552	501	92	199	19225	0	20017
14553	18812	96	195	922	0	20025
14554	775	18467	204	499	0	19945
14555	437	526	199	18789	0	19951
14556	342	209	178	19302	0	20031
14557	310	137	18398	952	0	19797
14558	283	121	639	18426	0	19469
14559	315	88	18612	878	0	19893
14560	305	95	691	18627	0	19718
14561	18240	97	363	844	0	19544
14562	780	92	221	18446	0	19539
14563	445	102	18069	849	0	19465
14564	309	17032	651	520	0	18512
14565	295	533	301	17999	0	19128
14566	257	232	17753	819	0	19061
14567	247	17736	623	471	0	19077
14568	264	571	245	17556	0	18636
14569	244	258	17229	713	0	18444
14570	13932	145	546	489	0	15112
14571	574	16236	274	286	0	17370
14572	268	15475	148	228	0	16119
14573	158	16057	150	186	0	16551
14574	201	559	130	15279	0	16169
14575	139	219	15784	471	0	16613
14576	132	15570	449	266	0	16417
14577	176	502	197	15160	0	16035
14578	15911	159	98	403	0	16571
14579	420	106	55	21651	0	22232
14580	203	76	25417	765	0	26461
14581	126	25328	867	293	0	26614
14582	24543	914	258	237	0	25952
14583	894	25213	171	182	0	26460
14584	326	997	23574	124	0	25021
14585	174	24002	891	150	0	25217
14586	163	1060	361	23175	0	24759
14587	107	469	23339	832	0	24747
14588	161	23166	954	271	0	24552
14589	211	1082	313	22561	0	24167
14590	157	501	297	22776	0	23731
14591	58	23136	267	1036	0	24497
14592	83	1078	248	23233	0	24642
14593	50	498	23023	1130	0	24701
14594	59	397	23574	488	0	24518
14595	91	374	1126	23260	0	24851
14596	22817	306	435	1258	0	24816
14597	23337	273	321	633	0	24564
14598	1024	333	217	22525	0	24099
14599	359	22847	313	1141	0	24660
14600	261	935	389	23094	0	24679
14601	22600	370	388	1180	0	24538
14602	997	262	253	22753	0	24265
14603	578	221	159	23442	0	24400
14604	22527	242	140	1382	0	24291
14605	1022	22180	165	788	0	24155
14606	420	1082	173	22562	0	24237
14607	22097	440	126	1289	0	23952
14608	1125	288	21293	735	0	23441
14609	21525	218	877	663	0	23283
14610	1199	197	297	22081	0	23774
14611	21910	260	212	1270	0	23652
14612	22210	304	182	656	0	23352
14613	20109	318	159	645	0	21231
14614	1397	21171	230	476	0	23274
14615	770	904	21099	367	0	23140
14616	600	21494	979	403	0	23476
14617	21260	1024	338	432	0	23054
14618	1317	21076	242	372	0	23007
14619	828	1056	173	21076	0	23133
14620	20461	535	178	1055	0	22229
14621	1181	20569	234	456	0	22440
14622	582	1229	20371	345	0	22527
14623	504	612	957	20447	0	22520
14624	493	539	20519	1076	0	22627
14625	427	20791	1028	637	0	22883
14626	419	1194	401	20284	0	22298
14627	399	586	323	21139	0	22447
14628	370	525	326	21266	0	22487
14629	317	385	394	20355	0	21451
14630	274	20328	394	1461	0	22457
14631	19856	1187	309	832	0	22184
14632	1072	590	19856	706	0	22224
14633	475	466	1007	20337	0	22285
14634	19884	371	422	1529	0	22206
14635	1134	368	19752	915	0	22169
14636	535	19477	1037	710	0	21759
14637	486	1253	526	19067	0	21332
14638	453	640	19377	1208	0	21678
14639	387	19462	1184	749	0	21782
14640	18603	1117	616	701	0	21037
14641	1162	19463	455	570	0	21650
14642	544	1352	448	19080	0	21424
14643	404	767	376	20235	0	21782
14644	19030	601	365	1600	0	21596
14645	1100	19292	457	899	0	21748
14646	601	1342	428	19544	0	21915
14647	18916	773	417	1350	0	21456
14648	19066	661	344	905	0	20976
14649	1380	18848	296	824	0	21348
14650	18869	1285	251	770	0	21175
14651	19596	772	238	677	0	21283
14652	1561	708	251	18727	0	21247
14653	832	601	18261	1439	0	21133
14654	833	458	1030	18485	0	20806
14655	764	465	437	19163	0	20829
14656	675	480	18002	1617	0	20774
14657	748	17904	1051	886	0	20589
14658	647	1182	456	18100	0	20385
14659	528	572	434	19171	0	20705
14660	473	420	485	19381	0	20759
14661	454	366	463	18668	0	19951
14662	470	17947	395	1853	0	20665
14663	18255	1105	384	1069	0	20813
14664	18583	631	270	958	0	20442
14665	18533	447	155	970	0	20105
14666	1570	17363	194	981	0	20108
14667	771	1187	172	17624	0	19754
14668	614	648	17003	1584	0	19849
14669	687	606	918	16726	0	18937
14670	798	17391	365	1352	0	19906
14671	17183	1106	241	777	0	19307
14672	17330	616	187	724	0	18857
14673	17347	562	203	666	0	18778
14674	1438	16535	328	624	0	18925
14675	702	15801	381	616	0	17500
14676	666	16678	333	557	0	18234
14677	706	1194	15907	487	0	18294
14678	751	791	14619	476	0	16637
14679	732	1993	601	6709	0	10035
14680	4661	45	205	171	0	5082
14681	4627	36	26	57	0	4746
14682	163	40	24	4654	0	4881
14683	55	34	19	4702	0	4810
14684	45	21	21	4916	0	5003
14685	39	33	23	4969	0	5064
14686	4839	42	11	180	0	5072
14687	4963	35	15	76	0	5089
14688	166	5063	21	67	0	5317
14689	5041	147	16	67	0	5271
14690	5114	57	16	56	0	5243
14691	5226	53	19	49	0	5347
14692	206	65	4161	62	0	4494
14693	4883	30	99	65	0	5077
14694	186	4992	34	51	0	5263
14695	104	156	28	5119	0	5407
14696	81	65	31	5144	0	5321
14697	76	4990	33	198	0	5297
14698	61	154	34	5300	0	5549
14699	5211	81	29	226	0	5547
14700	201	41	30	5377	0	5649
14701	118	36	5207	202	0	5563
14702	4984	38	142	125	0	5289
14703	187	5327	55	89	0	5658
14704	103	158	24	5380	0	5665
14705	102	57	29	5488	0	5676
14706	95	44	25	5527	0	5691
14707	89	54	5291	242	0	5676
14708	85	5248	134	137	0	5604
14709	92	172	39	5273	0	5576
14710	92	58	5137	193	0	5480
14711	82	54	145	5114	0	5395
14712	81	68	5101	184	0	5434
14713	83	62	148	4937	0	5230
14714	74	5002	62	197	0	5335
14715	61	146	48	5019	0	5274
14716	4964	63	57	199	0	5283
14717	5002	73	29	112	0	5216
14718	197	55	4903	94	0	5249
14719	80	25	4651	113	0	4869
14720	68	34	5231	82	0	5415
14721	53	36	169	5264	0	5522
14722	42	55	76	5390	0	5563
14723	40	47	54	5449	0	5590
14724	29	5460	52	240	0	5781
14725	60	138	45	5393	0	5636
14726	56	62	46	5616	0	5780
14727	44	44	38	5774	0	5900
14728	5600	49	49	250	0	5948
14729	5682	39	43	150	0	5914
14730	225	35	5639	117	0	6016
14731	105	32	5633	106	0	5876
14732	5591	36	191	99	0	5917
14733	5890	39	105	79	0	6113
14734	204	41	5992	86	0	6323
14735	104	27	5777	88	0	5996
14736	5781	27	204	98	0	6110
14737	6032	30	88	95	0	6245
14738	231	45	6129	76	0	6481
14739	107	32	205	6033	0	6377
14740	79	28	91	6215	0	6413
14741	55	6432	72	251	0	6810
14742	76	173	49	6704	0	7002
14743	76	62	7015	256	0	7409
14744	69	41	244	7066	0	7420
14745	65	37	101	7248	0	7451
14746	70	24	7057	306	0	7457
14747	6752	26	238	146	0	7162
14748	7253	21	96	121	0	7491
14749	278	15	93	7100	0	7486
14750	149	34	72	7264	0	7519
14751	7199	24	46	290	0	7559
14752	7131	21	74	136	0	7362
14753	6486	42	80	139	0	6747
14754	7236	18	64	116	0	7434
14755	307	6979	57	90	0	7433
14756	6908	192	67	85	0	7252
14757	257	6872	62	91	0	7282
14758	124	198	53	6978	0	7353
14759	82	75	55	6978	0	7190
14760	89	6791	53	298	0	7231
14761	93	196	53	6917	0	7259
14762	93	66	51	6878	0	7088
14763	77	6752	42	310	0	7181
14764	67	203	54	6907	0	7231
14765	83	59	56	7020	0	7218
14766	96	52	50	7039	0	7237
14767	85	46	6761	315	0	7207
14768	87	6459	200	182	0	6928
14769	96	228	92	6191	0	6607
14770	80	6507	64	224	0	6875
14771	6434	199	60	131	0	6824
14772	230	84	6387	118	0	6819
14773	107	50	6072	114	0	6343
14774	5754	53	199	70	0	6076
14775	205	48	80	5867	0	6200
14776	63	27	5569	177	0	5836
14777	69	36	5416	90	0	5611
14778	52	93	162	5373	0	5680
14779	5304	30	75	169	0	5578
14780	5359	17	37	92	0	5505
14781	160	20	28	5335	0	5543
14782	76	27	5194	160	0	5457
14783	61	5512	125	80	0	5778
14784	49	118	47	5551	0	5765
14785	46	40	5515	143	0	5744
14786	41	5454	128	63	0	5686
14787	71	119	41	5464	0	5695
14788	5578	41	38	155	0	5812
14789	131	37	30	5506	0	5704
14790	61	5567	27	139	0	5794
14791	5540	122	19	81	0	5762
14792	140	49	5736	56	0	5981
14793	62	5628	113	44	0	5847
14794	58	120	5691	52	0	5921
14795	5449	42	123	64	0	5678
14796	118	35	52	5386	0	5591
14797	47	15	35	5756	0	5853
14798	5720	14	38	148	0	5920
14799	125	25	33	5717	0	5900
14800	41	17	5528	164	0	5750
14801	5159	16	119	83	0	5377
14802	144	5583	36	57	0	5820
14803	50	91	40	5643	0	5824
14804	5609	37	33	130	0	5809
14805	127	5550	30	57	0	5764
14806	53	113	28	5756	0	5950
14807	5784	35	26	135	0	5980
14808	117	41	34	5742	0	5934
14809	47	5617	18	157	0	5839
14810	58	113	5745	65	0	5981
14811	40	45	98	5925	0	6108
14812	57	42	52	5440	0	5591
14813	5966	21	36	157	0	6180
14814	130	25	20	6016	0	6191
14815	5992	27	26	163	0	6208
14816	6043	21	29	68	0	6161
14817	158	21	17	5947	0	6143
14818	65	5941	20	136	0	6162
14819	44	120	15	5925	0	6104
14820	5386	41	12	157	0	5596
14821	125	5447	13	61	0	5646
14822	41	5907	15	72	0	6035
14823	6000	121	23	44	0	6188
14824	6122	53	17	32	0	6224
14825	133	6121	15	37	0	6306
14826	6279	119	21	36	0	6455
14827	6318	42	24	31	0	6415
14828	157	30	13	6325	0	6525
14829	64	16	6428	137	0	6645
14830	49	26	137	6435	0	6647
14831	32	16	6518	163	0	6729
14832	31	18	153	6554	0	6756
14833	19	14	6607	165	0	6805
14834	6237	21	145	71	0	6474
14835	155	4	60	6442	0	6661
14836	6591	8	36	158	0	6793
14837	169	13	19	6481	0	6682
14838	66	6432	8	162	0	6668
14839	6610	133	15	78	0	6836
14840	161	63	6240	48	0	6512
14841	5860	25	119	43	0	6047
14842	143	6101	44	16	0	6304
14843	5718	94	18	29	0	5859
14844	5769	44	14	21	0	5848
14845	138	5783	11	18	0	5950
14846	64	103	11	6105	0	6283
14847	6072	42	10	132	0	6256
14848	129	6048	7	59	0	6243
14849	62	125	10	6162	0	6359
14850	6224	49	9	153	0	6435
14851	152	29	5	6160	0	6346
14852	71	14	13	6231	0	6329
14853	47	13	7	6363	0	6430
14854	36	40	6104	191	0	6371
14855	35	23	132	6128	0	6318
14856	6228	12	53	170	0	6463
14857	163	16	6179	78	0	6436
14858	76	21	136	6226	0	6459
14859	55	17	50	6391	0	6513
14860	39	17	6211	203	0	6470
14861	5922	21	141	97	0	6181
14862	6421	10	53	73	0	6557
14863	202	20	6393	30	0	6645
14864	102	16	141	6264	0	6523
14865	54	13	61	6575	0	6703
14866	55	9	6992	210	0	7266
14867	34	26	177	7136	0	7373
14868	44	16	60	7121	0	7241
14869	41	5	7372	249	0	7667
14870	7078	19	195	108	0	7400
14871	194	17	62	7632	0	7905
14872	7508	7	42	228	0	7785
14873	7546	10	35	107	0	7698
14874	253	15	7506	99	0	7873
14875	120	11	190	7398	0	7719
14876	7605	9	80	248	0	7942
14877	212	7834	51	130	0	8227
14878	116	212	33	8199	0	8560
14879	78	67	46	8305	0	8496
14880	66	31	34	8576	0	8707
14881	65	21	8258	336	0	8680
14882	7479	13	244	160	0	7896
14883	250	19	90	7971	0	8330
14884	122	10	48	8142	0	8322
14885	79	19	7870	319	0	8287
14886	70	18	238	7772	0	8098
14887	51	21	95	8114	0	8281
14888	7606	10	68	353	0	8037
14889	254	7622	54	172	0	8102
14890	114	203	7624	134	0	8075
14891	7669	67	248	106	0	8090
14892	275	31	95	7622	0	8023
14893	122	22	7747	297	0	8188
14894	79	18	7895	147	0	8139
14895	88	20	291	7993	0	8392
14896	56	13	8273	309	0	8651
14897	59	24	8138	163	0	8384
14898	61	8065	308	123	0	8557
14899	60	210	134	8842	0	9246
14900	60	81	8854	287	0	9282
14901	73	37	249	8634	0	8993
14902	9158	35	116	325	0	9634
14903	251	12	78	9256	0	9597
14904	107	19	71	9559	0	9756
14905	9209	21	47	381	0	9658
14906	9305	19	73	186	0	9583
14907	325	16	55	9892	0	10288
14908	132	24	9968	327	0	10451
14909	82	9819	287	187	0	10375
14910	83	229	125	10136	0	10573
14911	10157	77	73	350	0	10657
14912	10266	43	79	176	0	10564
14913	364	9928	74	132	0	10498
14914	159	10440	61	108	0	10768
14915	10468	307	86	117	0	10978
14916	10581	102	60	125	0	10868
14917	370	63	10994	124	0	11551
14918	173	38	310	10629	0	11150
14919	113	11111	138	304	0	11666
14920	11531	260	80	196	0	12067
14921	325	156	79	11361	0	11921
14922	145	11032	71	348	0	11596
14923	91	275	11243	179	0	11788
14924	101	133	273	10711	0	11218
14925	76	11685	128	291	0	12180
14926	11814	258	76	171	0	12319
14927	11816	99	72	125	0	12112
14928	337	11760	52	104	0	12253
14929	11595	242	51	99	0	11987
14930	11556	76	53	95	0	11780
14931	299	11483	53	90	0	11925
14932	130	11847	46	115	0	12138
14933	105	269	58	11840	0	12272
14934	11879	101	41	276	0	12297
14935	266	63	12305	129	0	12763
14936	11557	46	224	98	0	11925
14937	254	12445	97	97	0	12893
14938	12583	222	56	92	0	12953
14939	12635	90	56	68	0	12849
14940	12707	66	41	73	0	12887
14941	306	65	57	12349	0	12777
14942	142	12376	50	232	0	12800
14943	12512	219	47	135	0	12913
14944	273	88	12560	86	0	13007
14945	121	12538	227	91	0	12977
14946	101	209	68	13088	0	13466
14947	78	89	12689	219	0	13075
14948	93	57	12661	102	0	12913
14949	84	61	244	12526	0	12915
14950	80	38	93	13530	0	13741
14951	74	40	71	13761	0	13946
14952	81	47	50	13389	0	13567
14953	74	12910	46	293	0	13323
14954	76	13616	47	121	0	13860
14955	13784	253	41	98	0	14176
14956	255	106	42	13793	0	14196
14957	120	64	35	13846	0	14065
14958	87	47	34	14112	0	14280
14959	13881	63	29	316	0	14289
14960	14001	41	37	147	0	14226
14961	294	41	28	13986	0	14349
14962	14264	51	36	254	0	14605
14963	14234	43	37	116	0	14430
14964	14513	44	39	118	0	14714
14965	304	58	37	14300	0	14699
14966	134	46	13448	199	0	13827
14967	97	43	12408	118	0	12666
14968	69	51	12976	74	0	13170
14969	75	35	13842	52	0	14004
14970	86	39	216	13731	0	14072
14971	14025	32	84	193	0	14334
14972	13870	31	45	85	0	14031
14973	245	30	13798	55	0	14128
14974	130	30	13753	55	0	13968
14975	74	15380	188	45	0	15687
14976	68	146	101	15631	0	15946
14977	15627	57	72	180	0	15936
14978	167	43	15646	71	0	15927
14979	14936	29	130	75	0	15170
14980	174	16345	66	46	0	16631
14981	72	124	44	16854	0	17094
14982	44	46	31	17270	0	17391
14983	50	33	32	16629	0	16744
14984	17331	20	18	287	0	17656
14985	201	26	19	17413	0	17659
14986	111	26	22	17558	0	17717
14987	17554	21	34	263	0	17872
14988	207	29	30	17477	0	17743
14989	104	29	17663	225	0	18021
14990	17112	13	168	151	0	17444
14991	221	16	82	17944	0	18263
14992	111	17	53	17712	0	17893
14993	77	17705	37	242	0	18061
14994	17842	178	19	131	0	18170
14995	18193	88	17	106	0	18404
14996	292	40	14	17976	0	18322
14997	143	38	17802	210	0	18193
14998	16083	17	200	146	0	16446
14999	240	24	17712	77	0	18053
15000	118	23	231	17392	0	17764
15001	84	12	96	18288	0	18480
15002	18123	17	49	337	0	18526
15003	270	11	37	18720	0	19038
15004	133	11	18591	265	0	19000
15005	17761	15	218	152	0	18146
15006	269	19	19779	90	0	20157
15007	113	23	19330	59	0	19525
15008	19625	12	351	81	0	20069
15009	350	19	160	20532	0	21061
15010	123	21209	88	238	0	21658
15011	21322	272	56	115	0	21765
15012	21257	89	67	76	0	21489
15013	385	46	21148	56	0	21635
15014	20758	28	300	58	0	21144
15015	371	12	105	21299	0	21787
15016	149	18	21646	294	0	22107
15017	91	20868	305	150	0	21414
15018	20867	256	119	119	0	21361
15019	298	21396	79	73	0	21846
15020	164	280	43	21263	0	21750
15021	99	116	27	21502	0	21744
15022	85	52	41	21449	0	21627
15023	74	39	43	20704	0	20860
15024	54	20695	54	414	0	21217
15025	71	261	19954	186	0	20472
15026	40	20353	266	173	0	20832
15027	20366	293	110	102	0	20871
15028	302	139	53	20462	0	20956
15029	20610	63	40	307	0	21020
15030	340	49	32	20625	0	21046
15031	21147	25	53	356	0	21581
15032	315	21306	46	173	0	21840
15033	21994	267	38	145	0	22444
15034	22067	113	40	121	0	22341
15035	21598	77	30	91	0	21796
15036	21736	44	35	102	0	21917
15037	429	21433	28	63	0	21953
15038	228	274	21509	53	0	22064
15039	150	102	260	21533	0	22045
15040	21758	49	118	314	0	22239
15041	22317	40	63	159	0	22579
15042	442	43	56	22540	0	23081
15043	201	49	23118	375	0	23743
15044	145	53	343	22484	0	23025
15045	105	23135	141	373	0	23754
15046	23297	368	67	207	0	23939
15047	435	146	72	23371	0	24024
15048	190	22810	55	408	0	23463
15049	120	24131	48	190	0	24489
15050	103	24788	35	140	0	25066
15051	89	544	51	24964	0	25648
15052	25010	210	32	460	0	25712
15053	456	25076	38	226	0	25796
15054	219	464	37	25521	0	26241
15055	25248	195	29	529	0	26001
15056	510	110	33	25429	0	26082
15057	25370	90	31	550	0	26041
15058	25553	55	22	270	0	25900
15059	644	26355	29	124	0	27152
15060	328	458	36	25361	0	26183
15061	196	26668	40	344	0	27248
15062	26393	508	35	197	0	27133
15063	26590	213	35	137	0	26975
15064	26885	135	36	137	0	27193
15065	702	90	58	26623	0	27473
15066	334	80	26222	493	0	27129
15067	25201	80	445	253	0	25979
15068	26406	79	165	150	0	26800
15069	708	74	78	25604	0	26464
15070	321	26344	74	471	0	27210
15071	235	500	45	26540	0	27320
15072	181	230	46	27237	0	27694
15073	26979	134	47	677	0	27837
15074	26595	105	40	319	0	27059
15075	707	99	25063	211	0	26080
15076	346	87	472	24860	0	25765
15077	25278	103	173	562	0	26116
15078	659	99	88	25193	0	26039
15079	284	88	25060	627	0	26059
15080	214	23369	486	337	0	24406
15081	181	24910	170	210	0	25471
15082	27106	583	66	196	0	27951
15083	679	241	70	28651	0	29641
15084	317	157	57	32274	0	32805
15085	31927	115	71	1196	0	33309
15086	1147	119	31578	530	0	33374
15087	560	96	921	31824	0	33401
15088	338	94	32044	1171	0	33647
15089	284	31912	1075	603	0	33874
15090	32924	1004	478	363	0	34769
15091	34021	437	247	294	0	34999
15092	34673	271	197	219	0	35360
15093	1607	207	33042	238	0	35094
15094	33761	170	989	251	0	35171
15095	35311	139	442	173	0	36065
15096	1728	138	230	34392	0	36488
15097	27694	282	435	1278	0	29689
15098	1176	152	33563	558	0	35449
15099	33100	117	1010	382	0	34609
15100	1461	108	33684	279	0	35532
15101	795	33954	1095	320	0	36164
15102	584	1223	545	30933	0	33285
15103	442	33979	313	927	0	35661
15104	532	1099	33164	406	0	35201
15105	409	33839	1045	305	0	35598
15106	31683	1066	426	241	0	33416
15107	1040	31307	313	194	0	32854
15108	591	31596	220	192	0	32599
15109	445	1272	30422	179	0	32318
15110	381	637	919	30022	0	31959
15111	30464	390	430	962	0	32246
15112	1061	359	30293	436	0	32149
15113	631	30290	1010	324	0	32255
15114	440	997	504	30014	0	31955
15115	347	530	30434	1065	0	32376
15116	370	319	30174	555	0	31418
15117	311	309	1330	30236	0	32186
15118	344	240	30682	1089	0	32355
15119	328	270	1270	27153	0	29021
15120	310	29277	666	982	0	31235
15121	341	998	434	29105	0	30878
15122	279	29949	378	1071	0	31677
15123	349	1095	330	30071	0	31845
15124	29446	557	273	1218	0	31494
15125	1166	347	266	29465	0	31244
15126	587	29550	255	1195	0	31587
15127	399	1096	245	30483	0	32223
15128	377	496	29868	1283	0	32024
15129	338	325	1058	30198	0	31919
15130	29851	278	590	1292	0	32011
15131	1068	285	29029	731	0	31113
15132	558	291	1131	28967	0	30947
15133	28063	233	584	1289	0	30169
15134	1082	28043	403	705	0	30233
15135	657	1041	378	28122	0	30198
15136	28466	563	278	1232	0	30539
15137	1251	354	303	28541	0	30449
15138	721	321	27893	1251	0	30186
15139	26869	344	1019	760	0	28992
15140	1234	27430	576	527	0	29767
15141	638	28286	399	530	0	29853
15142	27980	1162	425	469	0	30036
15143	27647	568	357	361	0	28933
15144	1392	422	282	26984	0	29080
15145	27199	333	345	983	0	28860
15146	1218	332	25733	650	0	27933
15147	25916	298	996	487	0	27697
15148	1183	25943	529	454	0	28109
15149	25930	894	411	435	0	27670
15150	1237	482	25210	381	0	27310
15151	729	378	991	25244	0	27342
15152	562	327	586	25585	0	27060
15153	501	368	414	23568	0	24851
15154	481	25090	298	1174	0	27043
15155	25453	950	313	639	0	27355
15156	1178	494	306	23155	0	25133
15157	734	23958	318	1012	0	26022
15158	26262	875	285	685	0	28107
15159	25439	525	326	490	0	26780
15160	25984	394	290	466	0	27134
15161	25870	319	285	484	0	26958
15162	25501	316	292	402	0	26511
15163	1479	303	332	24712	0	26826
15164	994	304	282	24914	0	26494
15165	24650	273	288	1295	0	26506
15166	1162	377	196	24845	0	26580
15167	756	365	230	25034	0	26385
15168	547	361	23054	1405	0	25367
15169	23718	341	874	822	0	25755
15170	24483	317	484	669	0	25953
15171	24818	389	317	556	0	26080
15172	1423	353	327	21686	0	23789
15173	824	23184	285	999	0	25292
15174	25481	853	310	578	0	27222
15175	24643	481	299	594	0	26017
15176	1627	318	252	26696	0	28893
15177	26821	309	284	1264	0	28678
15178	1668	564	19976	962	0	23170
15179	996	26325	867	609	0	28797
15180	802	27377	488	661	0	29328
15181	804	1350	26568	521	0	29243
15182	417	23548	1036	451	0	25452
15183	376	22773	539	402	0	24090
15184	19233	642	317	263	0	20455
15185	489	19158	167	247	0	20061
15186	379	563	137	19258	0	20337
15187	19640	353	111	584	0	20688
15188	622	220	18999	410	0	20251
15189	18690	202	428	309	0	19629
15190	695	143	18359	262	0	19459
15191	424	110	18100	217	0	18851
15192	17436	133	636	243	0	18448
15193	606	80	18291	206	0	19183
15194	334	17115	513	139	0	18101
15195	336	431	364	16766	0	17897
15196	16771	228	173	457	0	17629
15197	495	16420	96	276	0	17287
15198	297	454	80	16548	0	17379
15199	231	254	16400	484	0	17369
15200	232	156	364	16385	0	17137
15201	15890	109	252	554	0	16805
15202	514	71	15766	339	0	16690
15203	379	83	425	15666	0	16553
15204	15818	89	254	491	0	16652
15205	16236	87	153	304	0	16780
15206	738	90	95	15893	0	16816
15207	461	82	68	16079	0	16690
15208	316	85	15996	626	0	17023
15209	260	68	15604	375	0	16307
15210	15627	41	571	264	0	16503
15211	16575	70	311	160	0	17116
15212	673	16272	191	122	0	17258
15213	16500	378	122	72	0	17072
15214	16906	232	79	89	0	17306
15215	729	164	17590	93	0	18576
15216	424	18148	432	107	0	19111
15217	18161	439	294	118	0	19012
15218	18346	223	142	72	0	18783
15219	18707	134	85	86	0	19012
15220	779	108	39	17931	0	18857
15221	466	57	31	18163	0	18717
15222	270	17912	36	606	0	18824
15223	159	421	41	18548	0	19169
15224	18297	221	32	615	0	19165
15225	518	136	39	18557	0	19250
15226	303	102	17895	591	0	18891
15227	236	63	17504	329	0	18132
15228	162	36	623	17809	0	18630
15229	120	35	18175	553	0	18883
15230	101	46	17901	321	0	18369
15231	123	21	720	17345	0	18209
15232	110	53	379	18164	0	18706
15233	92	27	18224	707	0	19050
15234	113	45	17978	367	0	18503
15235	94	18246	651	236	0	19227
15236	18241	440	362	152	0	19195
15237	492	19114	215	96	0	19917
15238	18922	544	131	103	0	19700
15239	19275	296	97	72	0	19740
15240	696	19152	77	71	0	19996
15241	19519	528	57	67	0	20171
15242	690	271	59	18997	0	20017
15243	355	169	19214	484	0	20222
15244	251	88	484	18838	0	19661
15245	156	109	257	19814	0	20336
15246	18588	52	175	761	0	19576
15247	18948	42	104	422	0	19516
15248	19181	43	74	261	0	19559
15249	19164	51	71	163	0	19449
15250	18583	34	56	130	0	18803
15251	899	17580	71	94	0	18644
15252	484	433	60	18049	0	19026
15253	303	242	18251	486	0	19282
15254	215	154	490	18100	0	18959
15255	157	93	263	18291	0	18804
15256	148	46	196	19677	0	20067
15257	20150	59	132	897	0	21238
15258	648	34	93	20199	0	20974
15259	20370	55	89	851	0	21365
15260	838	54	20472	430	0	21794
15261	454	46	646	23522	0	24668
15262	298	41	24276	978	0	25593
15263	23919	41	1001	456	0	25417
15264	957	44	420	24446	0	25867
15265	445	63	24596	970	0	26074
15266	280	44	961	24846	0	26131
15267	24859	57	400	1159	0	26475
15268	967	56	24897	550	0	26470
15269	24849	39	941	362	0	26191
15270	26194	30	455	259	0	26938
15271	26080	34	273	225	0	26612
15272	25626	39	215	208	0	26088
15273	1486	24315	167	158	0	26126
15274	587	22941	126	181	0	23835
15275	427	22493	146	156	0	23222
15276	294	1095	148	19997	0	21534
15277	190	20843	96	613	0	21742
15278	20425	684	120	220	0	21449
15279	700	19990	105	157	0	20952
15280	268	20768	93	144	0	21273
15281	228	786	102	20440	0	21556
15282	221	276	91	21146	0	21734
15283	20673	206	93	842	0	21814
15284	754	125	110	20709	0	21698
15285	317	117	19991	802	0	21227
15286	273	129	18755	337	0	19494
15287	226	97	19788	250	0	20361
15288	269	75	818	19234	0	20396
15289	252	89	310	20964	0	21615
15290	251	99	20206	873	0	21429
15291	203	123	19674	382	0	20382
15292	196	114	20539	239	0	21088
15293	20433	130	946	209	0	21718
15294	787	131	382	20946	0	22246
15295	328	149	220	21536	0	22233
15296	21082	144	204	986	0	22416
15297	808	120	161	20967	0	22056
15298	334	20797	159	930	0	22220
15299	289	22155	132	408	0	22984
15300	216	822	114	22198	0	23350
15301	22013	322	145	920	0	23400
15302	22345	175	148	424	0	23092
15303	22740	111	175	324	0	23350
15304	1019	112	169	22216	0	23516
15305	468	117	21855	853	0	23293
15306	317	80	797	21999	0	23193
15307	265	63	21885	936	0	23149
15308	20806	64	882	463	0	22215
15309	866	114	394	21309	0	22683
15310	20709	74	255	922	0	21960
15311	852	77	20999	421	0	22349
15312	19206	59	797	395	0	20457
15313	959	80	21437	285	0	22761
15314	510	19935	786	265	0	21496
15315	359	20332	314	258	0	21263
15316	19671	778	215	270	0	20934
15317	818	324	176	19492	0	20810
15318	445	219	19642	748	0	21054
15319	295	19170	674	370	0	20509
15320	264	20450	290	257	0	21261
15321	268	859	189	20269	0	21585
15322	20235	316	163	780	0	21494
15323	20455	208	159	390	0	21212
15324	906	20187	177	280	0	21550
15325	20474	716	154	300	0	21644
15326	872	303	183	20321	0	21679
15327	426	179	20159	806	0	21570
15328	310	20262	722	406	0	21700
15329	311	650	352	20644	0	21957
15330	226	324	234	21062	0	21846
15331	20684	192	212	939	0	22027
15332	806	158	20265	408	0	21637
15333	20046	140	724	317	0	21227
15334	20960	153	345	248	0	21706
15335	980	143	213	20259	0	21595
15336	452	151	194	20841	0	21638
15337	19881	141	171	953	0	21146
15338	815	182	173	20099	0	21269
15339	406	178	19587	879	0	21050
15340	263	166	19243	429	0	20101
15341	272	18867	797	312	0	20248
15342	257	20794	315	288	0	21654
15343	279	817	237	19255	0	20588
15344	249	19645	165	694	0	20753
15345	19956	799	144	419	0	21318
15346	741	20410	153	314	0	21618
15347	383	800	119	20408	0	21710
15348	260	350	147	21054	0	21811
15349	238	235	20354	985	0	21812
15350	254	159	742	20096	0	21251
15351	247	117	346	20965	0	21675
15352	247	20854	242	1002	0	22345
15353	248	673	219	20879	0	22019
15354	230	278	158	21662	0	22328
15355	243	185	20666	1096	0	22190
15356	202	20111	758	532	0	21603
15357	226	1284	292	17960	0	19762
15358	162	19142	169	663	0	20136
15359	149	604	18331	344	0	19428
15360	131	17970	587	231	0	18919
15361	14804	454	289	121	0	15668
15362	14450	158	69	87	0	14764
15363	14473	89	64	78	0	14704
15364	419	14379	50	65	0	14913
15365	14407	318	36	78	0	14839
15366	377	151	39	14078	0	14645
15367	13736	83	39	340	0	14198
15368	329	13577	39	176	0	14121
15369	13711	329	34	119	0	14193
15370	13902	157	47	120	0	14226
15371	427	14142	43	95	0	14707
15372	209	416	14142	74	0	14841
15373	153	194	354	15327	0	16028
15374	97	108	16294	482	0	16981
15375	93	78	512	16689	0	17372
15376	76	79	217	17840	0	18212
15377	73	85	17649	779	0	18586
15378	75	71	597	17666	0	18409
15379	17620	48	287	736	0	18691
15380	596	79	17760	310	0	18745
15381	248	17730	602	170	0	18750
15382	157	590	221	17313	0	18281
15383	133	243	127	18265	0	18768
15384	96	132	17869	816	0	18913
15385	121	125	573	17050	0	17869
15386	84	17618	239	660	0	18601
15387	17201	595	121	344	0	18261
15388	548	17438	123	206	0	18315
15389	16271	611	69	140	0	17091
15390	554	16315	78	137	0	17084
15391	222	17200	70	143	0	17635
15392	141	719	16506	109	0	17475
15393	137	337	614	16232	0	17320
15394	96	186	200	16014	0	16496
15395	114	101	122	16827	0	17164
15396	70	17446	125	796	0	18437
15397	86	708	80	17836	0	18710
15398	17336	293	89	876	0	18594
15399	713	184	109	17491	0	18497
15400	17290	129	90	952	0	18461
15401	836	96	16970	477	0	18379
15402	17159	115	730	301	0	18305
15403	867	115	323	17078	0	18383
15404	390	136	187	18270	0	18983
15405	17833	152	176	1125	0	19286
15406	875	114	17697	574	0	19260
15407	349	17606	796	399	0	19150
15408	266	750	361	18187	0	19564
15409	18055	373	194	925	0	19547
15410	18701	265	156	472	0	19594
15411	1121	210	111	18302	0	19744
15412	506	163	17929	995	0	19593
15413	17255	177	792	485	0	18709
15414	925	166	17787	351	0	19229
15415	500	157	899	17641	0	19197
15416	290	143	17883	1006	0	19322
15417	266	163	875	17774	0	19078
15418	230	123	17270	1087	0	18710
15419	252	17011	884	621	0	18768
15420	293	801	424	15074	0	16592
15421	216	17178	258	833	0	18485
15422	17266	841	193	441	0	18741
15423	17752	387	173	390	0	18702
15424	1146	249	16868	301	0	18564
15425	576	200	856	16864	0	18496
15426	17192	163	409	959	0	18723
15427	964	156	306	17054	0	18480
15428	524	146	214	17509	0	18393
15429	387	141	16371	1217	0	18116
15430	15749	140	879	725	0	17493
15431	963	139	16577	473	0	18152
15432	540	126	960	16465	0	18091
15433	360	122	16628	1071	0	18181
15434	16292	137	966	623	0	18018
15435	16815	125	529	483	0	17952
15436	17109	148	374	417	0	18048
15437	1267	134	350	16408	0	18159
15438	653	141	16008	1001	0	17803
15439	449	146	16457	629	0	17681
15440	382	150	1103	14949	0	16584
15441	331	15900	599	949	0	17779
15442	15547	737	438	571	0	17293
15443	978	395	295	15632	0	17300
15444	587	242	15398	1044	0	17271
15445	496	225	865	15805	0	17391
15446	392	144	15971	1138	0	17645
15447	391	200	1006	16144	0	17741
15448	386	138	16143	1123	0	17790
15449	369	134	16161	723	0	17387
15450	357	15410	1150	585	0	17502
15451	340	685	15680	486	0	17191
15452	336	362	15813	436	0	16947
15453	400	272	1205	12607	0	14484
15454	370	173	622	13953	0	15118
15455	377	14690	439	990	0	16496
15456	14877	694	340	653	0	16564
15457	874	14785	411	472	0	16542
15458	549	750	363	14798	0	16460
15459	14935	373	375	916	0	16599
15460	889	215	345	15001	0	16450
15461	14998	153	375	1042	0	16568
15462	960	136	349	15248	0	16693
15463	525	166	15009	1048	0	16748
15464	391	172	896	15220	0	16679
15465	353	152	523	15813	0	16841
15466	15138	146	436	1224	0	16944
15467	15379	114	378	755	0	16626
15468	15008	121	382	526	0	16037
15469	1092	13774	416	445	0	15727
15470	546	14242	362	394	0	15544
15471	14008	692	384	410	0	15494
15472	805	354	14033	408	0	15600
15473	424	204	13065	374	0	14067
15474	364	573	842	11507	0	13286
15475	252	109	11718	602	0	12681
15476	224	83	11011	379	0	11697
15477	10262	78	697	328	0	11365
15478	10707	81	379	273	0	11440
15479	668	10458	247	229	0	11602
15480	401	10918	191	242	0	11752
15481	343	519	225	9278	0	10365
15482	211	10719	176	454	0	11560
15483	10865	493	197	316	0	11871
15484	507	264	195	10386	0	11352
15485	348	10764	189	476	0	11777
15486	11133	426	187	308	0	12054
15487	546	236	11141	243	0	12166
15488	320	138	11102	224	0	11784
15489	10895	116	680	194	0	11885
15490	534	85	10921	194	0	11734
15491	10351	70	476	175	0	11072
15492	507	77	313	10624	0	11521
15493	268	77	10634	459	0	11438
15494	177	10096	473	276	0	11022
15495	181	10620	292	176	0	11269
15496	9163	278	149	110	0	9700
15497	245	9344	106	114	0	9809
15498	8942	225	91	77	0	9335
15499	8988	91	85	78	0	9242
15500	269	8968	79	66	0	9382
15501	122	224	75	8939	0	9360
15502	69	94	9037	212	0	9412
15503	70	9519	254	100	0	9943
15504	59	350	100	9321	0	9830
15505	52	74	67	10339	0	10532
15506	9921	43	42	313	0	10319
15507	251	35	50	9950	0	10286
15508	81	32	9808	285	0	10206
15509	48	9764	238	128	0	10178
15510	52	242	78	10017	0	10389
15511	10090	70	58	303	0	10521
15512	10459	64	48	127	0	10698
15513	332	34	52	10401	0	10819
15514	10653	39	42	316	0	11050
15515	368	40	10598	129	0	11135
15516	153	22	309	10565	0	11049
15517	100	49	10795	341	0	11285
15518	94	27	341	11592	0	12054
15519	58	40	138	11476	0	11712
15520	62	26	76	11601	0	11765
15521	71	19	56	11593	0	11739
15522	49	28	61	11561	0	11699
15523	11281	18	31	568	0	11898
15524	11512	24	45	271	0	11852
15525	445	11383	41	184	0	12053
15526	11659	344	51	157	0	12211
15527	437	122	42	11649	0	12250
15528	201	68	31	11955	0	12255
15529	152	49	38	11961	0	12200
15530	149	42	11865	551	0	12607
15531	125	40	374	11201	0	11740
15532	88	11747	117	489	0	12441
15533	11847	369	98	220	0	12534
15534	11832	123	111	198	0	12264
15535	525	72	11511	160	0	12268
15536	204	11596	392	163	0	12355
15537	134	386	128	11702	0	12350
15538	135	132	11749	480	0	12496
15539	128	82	431	10811	0	11452
15540	88	11369	151	467	0	12075
15541	11078	408	90	240	0	11816
15542	472	11333	87	165	0	12057
15543	195	430	11265	137	0	12027
15544	119	192	11244	131	0	11686
15545	121	10791	447	162	0	11521
15546	80	11152	180	165	0	11577
15547	10691	467	130	142	0	11430
15548	10907	183	92	149	0	11331
15549	484	122	97	10797	0	11500
15550	205	106	10766	458	0	11535
15551	157	106	385	10727	0	11375
15552	164	75	143	11034	0	11416
15553	10751	67	108	556	0	11482
15554	10693	92	99	268	0	11152
15555	502	79	81	11272	0	11934
15556	214	68	11133	529	0	11944
15557	148	11156	433	271	0	12008
15558	11245	426	148	209	0	12028
15559	474	11573	117	140	0	12304
15560	216	487	101	11796	0	12600
15561	155	216	93	12430	0	12894
15562	125	133	132	12420	0	12810
15563	121	122	82	12257	0	12582
15564	11672	133	73	713	0	12591
15565	539	104	68	11713	0	12424
15566	259	11466	77	634	0	12436
15567	187	438	87	11800	0	12512
15568	11261	190	80	679	0	12210
15569	485	11404	89	357	0	12335
15570	245	471	95	11625	0	12436
15571	179	196	11279	639	0	12293
15572	11115	144	454	304	0	12017
15573	563	129	179	11468	0	12339
15574	242	114	11201	635	0	12192
15575	188	121	11151	301	0	11761
15576	207	126	569	11166	0	12068
15577	11101	85	254	614	0	12054
15578	11266	94	168	341	0	11869
15579	564	11264	126	330	0	12284
15580	11218	431	101	322	0	12072
15581	11506	171	91	289	0	12057
15582	11467	121	103	259	0	11950
15583	11427	137	86	255	0	11905
15584	704	106	74	11040	0	11924
15585	345	126	92	11307	0	11870
15586	278	82	10406	672	0	11438
15587	228	9734	408	360	0	10730
15588	171	10338	176	298	0	10983
15589	155	457	10201	296	0	11109
15590	9974	182	445	235	0	10836
15591	510	130	169	10192	0	11001
15592	10246	114	119	567	0	11046
15593	10354	111	139	262	0	10866
15594	619	110	9855	212	0	10796
15595	307	116	400	9905	0	10728
15596	10124	85	168	521	0	10898
15597	567	105	130	10024	0	10826
15598	276	107	9918	554	0	10855
15599	257	310	425	9333	0	10325
15600	212	9897	212	468	0	10789
15601	188	10383	126	258	0	10955
15602	181	462	9894	193	0	10730
15603	128	9538	383	184	0	10233
15604	8716	361	183	214	0	9474
15605	8492	121	86	109	0	8808
15606	398	69	77	8312	0	8856
15607	189	66	64	8469	0	8788
15608	148	52	79	8645	0	8924
15609	8252	63	39	399	0	8753
15610	328	8265	40	203	0	8836
15611	8052	252	41	121	0	8466
15612	8064	84	59	102	0	8309
15613	358	7944	44	105	0	8451
15614	7406	214	37	87	0	7744
15615	261	7560	34	62	0	7917
15616	7608	226	34	92	0	7960
15617	254	88	7405	86	0	7833
15618	6371	73	176	69	0	6689
15619	223	6691	71	55	0	7040
15620	109	165	64	6734	0	7072
15621	80	80	25	7220	0	7405
15622	76	39	22	7306	0	7443
15623	7333	38	25	314	0	7710
15624	253	41	27	7497	0	7818
15625	117	28	7203	301	0	7649
15626	6957	47	201	124	0	7329
15627	256	52	7104	84	0	7496
15628	116	57	243	7023	0	7439
15629	87	40	7122	253	0	7502
15630	87	61	226	6665	0	7039
15631	53	6869	113	240	0	7275
15632	63	193	74	6683	0	7013
15633	57	6828	51	227	0	7163
15634	67	217	25	6923	0	7232
15635	6835	91	43	262	0	7231
15636	226	65	33	7105	0	7429
15637	7172	37	24	261	0	7494
15638	266	40	6745	121	0	7172
15639	6887	43	191	99	0	7220
15640	7172	32	79	75	0	7358
15641	7180	45	57	63	0	7345
15642	327	27	37	7074	0	7465
15643	7006	23	54	240	0	7323
15644	274	37	6647	108	0	7066
15645	6649	39	196	107	0	6991
15646	277	28	6665	75	0	7045
15647	6743	30	230	59	0	7062
15648	289	28	93	6852	0	7262
15649	170	25	6925	223	0	7343
15650	124	17	218	6814	0	7173
15651	118	18	92	7028	0	7256
15652	80	32	6890	292	0	7294
15653	6322	23	225	173	0	6743
15654	248	7004	93	133	0	7478
15655	6744	163	63	67	0	7037
15656	205	6775	44	60	0	7084
15657	6681	179	42	56	0	6958
15658	215	57	6566	40	0	6878
15659	5898	53	232	60	0	6243
15660	190	6053	83	27	0	6353
15661	88	135	47	5970	0	6240
15662	54	41	23	6170	0	6288
15663	54	36	15	6160	0	6265
15664	39	25	6195	178	0	6437
15665	36	17	125	6109	0	6287
15666	33	9	6489	169	0	6700
15667	6644	13	153	79	0	6889
15668	7241	7	59	63	0	7370
15669	211	8	40	7350	0	7609
15670	87	9	7521	199	0	7816
15671	7130	9	181	95	0	7415
15672	209	9	8931	66	0	9215
15673	90	7	268	8770	0	9135
15674	65	5	90	9223	0	9383
15675	53	14	59	9459	0	9585
15676	46	12	35	9626	0	9719
15677	9117	12	35	381	0	9545
15678	269	9297	26	145	0	9737
15679	102	256	9018	85	0	9461
15680	65	9177	252	66	0	9560
15681	9264	282	86	59	0	9691
15682	279	86	52	9313	0	9730
15683	9423	46	41	297	0	9807
15684	319	29	24	9458	0	9830
15685	115	21	34	9523	0	9693
15686	72	27	26	9723	0	9848
15687	63	21	9275	389	0	9748
15688	51	9056	263	171	0	9541
15689	58	242	9418	92	0	9810
15690	70	78	294	9460	0	9902
15691	9663	55	103	322	0	10143
15692	9612	26	61	167	0	9866
15693	9842	19	34	124	0	10019
15694	374	9646	44	84	0	10148
15695	10044	264	39	93	0	10440
15696	332	87	47	9999	0	10465
15697	129	59	40	10152	0	10380
15698	104	33	37	10146	0	10320
15699	86	9998	30	400	0	10514
15700	99	273	23	9440	0	9835
15701	69	9800	40	304	0	10213
15702	9768	293	44	135	0	10240
15703	9986	109	38	113	0	10246
15704	377	65	37	9990	0	10469
15705	156	53	9821	344	0	10374
15706	9675	35	268	178	0	10156
15707	302	42	88	10159	0	10591
15708	132	36	10032	342	0	10542
15709	9563	41	268	174	0	10046
15710	333	42	101	10153	0	10629
15711	10098	46	72	338	0	10554
15712	348	9946	57	138	0	10489
15713	164	300	37	9833	0	10334
15714	124	10400	46	315	0	10885
15715	110	315	43	10410	0	10878
15716	91	10504	41	351	0	10987
15717	93	265	29	10741	0	11128
15718	72	101	10478	334	0	10985
15719	8513	60	252	223	0	9048
15720	256	10272	106	122	0	10756
15721	106	201	9872	68	0	10247
15722	9561	75	201	93	0	9930
15723	251	54	69	10055	0	10429
15724	113	40	10001	225	0	10379
15725	97	10108	196	105	0	10506
15726	73	201	71	10385	0	10730
15727	62	88	10693	224	0	11067
15728	56	61	204	10628	0	10949
15729	58	34	67	11017	0	11176
15730	47	42	11256	314	0	11659
15731	59	48	226	11304	0	11637
15732	53	58	11642	295	0	12048
15733	52	48	242	11668	0	12010
15734	65	39	12428	311	0	12843
15735	88	44	249	12310	0	12691
15736	79	40	97	12462	0	12678
15737	73	58	86	12306	0	12523
15738	77	12203	63	337	0	12680
15739	12295	214	58	194	0	12761
15740	12427	72	72	152	0	12723
15741	312	49	59	12537	0	12957
15742	12489	37	58	343	0	12927
15743	267	43	12427	175	0	12912
15744	99	12612	235	147	0	13093
15745	12781	227	86	138	0	13232
15746	233	13032	65	123	0	13453
15747	123	244	53	13160	0	13580
15748	75	114	45	13350	0	13584
15749	12943	76	55	339	0	13413
15750	275	57	43	13052	0	13427
15751	147	46	13002	285	0	13480
15752	112	12784	208	144	0	13248
15753	12839	216	97	137	0	13289
15754	256	85	55	12740	0	13136
15755	118	12994	47	298	0	13457
15756	80	243	52	12784	0	13159
15757	66	13112	58	259	0	13495
15758	13119	262	45	152	0	13578
15759	13054	99	56	128	0	13337
15760	297	63	12876	123	0	13359
15761	146	47	12636	102	0	12931
15762	107	46	252	12742	0	13147
15763	72	12991	115	271	0	13449
15764	70	225	71	13253	0	13619
15765	13154	80	54	306	0	13594
15766	236	47	12856	138	0	13277
15767	81	51	189	12235	0	12556
15768	59	39	12159	214	0	12471
15769	51	36	11460	102	0	11649
15770	47	12270	200	70	0	12587
15771	109	310	82	11859	0	12360
15772	10950	32	33	129	0	11144
15773	111	22	10932	37	0	11102
15774	27	10692	94	26	0	10839
15775	10702	77	24	23	0	10826
15776	85	25	16	10806	0	10932
15777	11090	19	10	100	0	11219
15778	10955	20	10	51	0	11036
15779	10868	6	7	50	0	10931
15780	119	13	11449	11	0	11592
15781	10648	8	89	49	0	10794
15782	11520	5	24	31	0	11580
15783	108	11742	27	20	0	11897
15784	43	91	21	11961	0	12116
15785	43	29	13	11847	0	11932
15786	23	34	12	12148	0	12217
15787	12229	8	12	146	0	12395
15788	11663	8	11	75	0	11757
15789	147	12	11930	36	0	12125
15790	66	5	100	11755	0	11926
15791	33	11768	39	116	0	11956
15792	11961	105	29	55	0	12150
15793	127	39	11895	25	0	12086
15794	59	27	115	11483	0	11684
15795	50	10	42	11727	0	11829
15796	20	11715	35	138	0	11908
15797	25	114	14	11903	0	12056
15798	51	49	19	10882	0	11001
15799	33	28	9	11871	0	11941
15800	11776	15	16	181	0	11988
15801	132	8	21	11616	0	11777
15802	54	10	14	11671	0	11749
15803	11692	14	9	188	0	11903
15804	142	19	11	11655	0	11827
15805	64	12842	13	151	0	13070
15806	13287	221	12	80	0	13600
15807	13703	112	11	82	0	13908
15808	14038	50	14	62	0	14164
15809	15560	21	19	59	0	15659
15810	494	16310	16	47	0	16867
15811	18225	403	14	49	0	18691
15812	18676	148	9	57	0	18890
15813	679	105	16	18210	0	19010
15814	286	55	17739	521	0	18601
15815	193	31	472	17677	0	18373
15816	125	21	151	17972	0	18269
15817	83	25	103	17790	0	18001
15818	77	16	55	17898	0	18046
15819	70	39	27	18064	0	18200
15820	17240	27	24	853	0	18144
15821	571	17	19	17547	0	18154
15822	227	18	17439	718	0	18402
15823	184	24	495	17137	0	17840
15824	115	17230	176	688	0	18209
15825	81	519	112	17516	0	18228
15826	73	176	17440	677	0	18366
15827	15162	97	519	348	0	16126
15828	16577	75	171	233	0	17056
15829	708	29	17367	174	0	18278
15830	313	17120	515	133	0	18081
15831	17631	484	179	140	0	18434
15832	17799	173	117	134	0	18223
15833	17948	131	70	119	0	18268
15834	17425	71	60	95	0	17651
15835	926	57	32	16705	0	17720
15836	433	66	16625	585	0	17709
15837	322	53	548	16689	0	17612
15838	257	42	199	17488	0	17986
15839	185	45	16946	826	0	18002
15840	173	76	16913	408	0	17570
15841	16484	55	708	340	0	17587
15842	660	17036	324	250	0	18270
15843	391	527	194	17065	0	18177
15844	266	191	16781	707	0	17945
15845	15836	137	626	441	0	17040
15846	686	86	16563	355	0	17690
15847	15989	53	679	355	0	17076
15848	745	16311	316	324	0	17696
15849	386	515	237	16691	0	17829
15850	296	240	16393	756	0	17685
15851	15434	152	628	422	0	16636
15852	710	16022	329	308	0	17369
15853	364	17076	233	284	0	17957
15854	345	735	205	16812	0	18097
15855	274	377	151	17732	0	18534
15856	18299	269	169	910	0	19647
15857	883	18058	137	501	0	19579
15858	492	687	147	18618	0	19944
15859	18277	299	152	905	0	19633
15860	19092	226	146	468	0	19932
15861	19611	172	139	410	0	20332
15862	1242	141	19285	342	0	21010
15863	692	109	19648	319	0	20768
15864	20539	130	944	348	0	21961
15865	1078	20528	448	371	0	22425
15866	551	21260	341	369	0	22521
15867	454	1008	252	19687	0	21401
15868	368	21017	212	965	0	22562
15869	21131	1022	238	542	0	22933
15870	1042	448	241	21051	0	22782
15871	617	318	20659	1060	0	22654
15872	20834	245	915	564	0	22558
15873	21737	243	468	451	0	22899
15874	1392	204	361	21029	0	22986
15875	756	252	303	21626	0	22937
15876	663	239	294	21869	0	23065
15877	541	231	255	21811	0	22838
15878	470	287	20060	1506	0	22323
15879	516	19964	863	842	0	22185
15880	479	962	455	18217	0	20113
15881	448	20017	398	1122	0	21985
15882	508	1068	296	18250	0	20122
15883	428	19678	251	1163	0	21520
15884	19455	1109	243	784	0	21591
15885	19706	529	279	636	0	21150
15886	1360	19498	271	577	0	21706
15887	19804	973	252	513	0	21542
15888	1352	543	270	19486	0	21651
15889	19384	451	278	1152	0	21265
15890	1331	19335	270	642	0	21578
15891	19653	1074	255	479	0	21461
15892	20297	516	275	437	0	21525
15893	1458	516	274	19319	0	21567
15894	881	409	19100	1062	0	21452
15895	712	19032	906	646	0	21296
15896	637	1010	434	19497	0	21578
15897	19571	640	368	1114	0	21693
15898	1194	534	19005	700	0	21433
15899	828	405	895	18920	0	21048
15900	658	399	422	19799	0	21278
15901	19547	305	360	1402	0	21614
15902	19788	361	294	855	0	21298
15903	19718	298	292	736	0	21044
15904	1570	18824	295	586	0	21275
15905	17958	874	209	527	0	19568
15906	1192	382	16654	561	0	18789
15907	632	370	16306	547	0	17855
15908	554	304	16522	477	0	17857
15909	603	805	938	14045	0	16391
15910	409	195	13824	703	0	15131
15911	12090	194	481	355	0	13120
15912	605	174	243	12319	0	13341
15913	433	156	12513	556	0	13658
15914	13005	188	436	391	0	14020
15915	679	155	249	13171	0	14254
15916	431	188	198	13514	0	14331
15917	13557	128	205	651	0	14541
15918	629	183	222	13898	0	14932
15919	411	148	13895	663	0	15117
15920	344	149	560	14043	0	15096
15921	364	160	14230	616	0	15370
15922	331	134	553	13992	0	15010
15923	13713	142	314	697	0	14866
15924	643	13247	262	403	0	14555
15925	409	13953	214	387	0	14963
15926	382	512	220	13642	0	14756
15927	361	269	181	13551	0	14362
15928	322	13334	183	705	0	14544
15929	309	13197	198	465	0	14169
15930	308	534	177	12986	0	14005
15931	281	249	226	13131	0	13887
15932	12469	203	195	775	0	13642
15933	551	12138	208	473	0	13370
15934	346	11893	165	426	0	12830
15935	288	12724	171	336	0	13519
15936	12269	572	189	307	0	13337
15937	527	286	12186	327	0	13326
15938	11851	201	473	346	0	12871
15939	555	166	265	12107	0	13093
15940	334	11237	182	574	0	12327
15941	257	12270	151	395	0	13073
15942	12129	527	141	303	0	13100
15943	568	293	141	11673	0	12675
15944	291	12958	158	575	0	13982
15945	13094	507	179	352	0	14132
15946	13371	273	129	334	0	14107
15947	629	259	12969	268	0	14125
15948	12962	226	425	277	0	13890
15949	13532	173	244	254	0	14203
15950	678	155	156	12980	0	13969
15951	334	12588	164	536	0	13622
15952	308	12987	109	341	0	13745
15953	268	541	97	12746	0	13652
15954	12141	314	136	523	0	13114
15955	527	224	11266	310	0	12327
15956	317	162	10696	197	0	11372
15957	312	117	10527	222	0	11178
15958	336	127	10735	142	0	11340
15959	175	10707	460	121	0	11463
15960	177	10812	197	165	0	11351
15961	220	401	10004	105	0	10730
15962	155	192	9872	99	0	10318
15963	49	8937	308	75	0	9369
15964	23	158	93	8384	0	8658
15965	14	64	8943	148	0	9169
15966	23	43	168	8425	0	8659
15967	12	22	78	9170	0	9282
15968	14	16	52	9434	0	9516
15969	12	22	28	9939	0	10001
15970	12	22	9730	251	0	10015
15971	24	22	193	9291	0	9530
15972	9600	15	73	233	0	9921
15973	184	15	9419	98	0	9716
15974	9353	18	200	85	0	9656
15975	216	19	70	9764	0	10069
15976	82	22	9796	212	0	10112
15977	9581	17	218	91	0	9907
15978	218	33	71	9949	0	10271
15979	10062	21	53	231	0	10367
15980	232	19	50	9832	0	10133
15981	88	9803	35	224	0	10150
15982	55	198	10147	94	0	10494
15983	59	62	200	10187	0	10508
15984	10348	41	70	243	0	10702
15985	10368	33	54	114	0	10569
15986	10394	21	45	83	0	10543
15987	10344	37	40	74	0	10495
15988	10200	42	57	64	0	10363
15989	268	10165	36	57	0	10526
15990	10358	196	40	65	0	10659
15991	254	78	10194	47	0	10573
15992	10087	56	210	48	0	10401
15993	255	59	74	9736	0	10124
15994	119	45	10181	183	0	10528
15995	83	49	10044	87	0	10263
15996	90	37	253	10065	0	10445
15997	10371	28	108	253	0	10760
15998	230	10282	90	101	0	10703
15999	10303	206	54	87	0	10650
16000	256	10403	46	84	0	10789
16001	125	237	70	10716	0	11148
16002	123	89	51	10994	0	11257
16003	10972	54	51	301	0	11378
16004	272	58	61	10999	0	11390
16005	141	43	11012	274	0	11470
16006	10939	40	233	139	0	11351
16007	283	42	100	11355	0	11780
16008	141	43	61	11404	0	11649
16009	109	51	11229	304	0	11693
16010	9992	51	253	170	0	10466
16011	11024	44	105	123	0	11296
16012	318	11115	86	88	0	11607
16013	161	198	10818	69	0	11246
16014	123	82	10481	70	0	10756
16015	121	107	292	10253	0	10773
16016	106	110	121	10105	0	10442
16017	82	10396	101	248	0	10827
16018	95	183	10097	104	0	10479
16019	77	61	231	9672	0	10041
16020	73	51	10170	221	0	10515
16021	76	36	237	9602	0	9951
16022	66	10023	107	232	0	10428
16023	58	195	73	10292	0	10618
16024	69	61	88	10325	0	10543
16025	81	46	69	10179	0	10375
16026	10094	44	69	311	0	10518
16027	231	46	10011	156	0	10444
16028	100	10411	236	139	0	10886
16029	89	240	76	11095	0	11500
16030	11230	96	101	307	0	11734
16031	290	52	73	11405	0	11820
16032	11495	46	65	336	0	11942
16033	327	28	11332	174	0	11861
16034	11228	42	274	130	0	11674
16035	352	34	113	11847	0	12346
16036	184	26	11817	345	0	12372
16037	134	11655	294	181	0	12264
16038	134	270	111	11598	0	12113
16039	108	108	99	11990	0	12305
16040	11620	60	93	390	0	12163
16041	318	11330	81	206	0	11935
16042	151	11109	90	134	0	11484
16043	106	11684	80	139	0	12009
16044	10785	305	44	104	0	11238
16045	290	10761	71	95	0	11217
16046	148	295	61	10716	0	11220
16047	126	118	68	10831	0	11143
16048	10672	66	63	338	0	11139
16049	251	10576	59	167	0	11053
16050	130	245	58	10837	0	11270
16051	10918	109	59	344	0	11430
16052	11053	61	56	193	0	11363
16053	11000	54	58	152	0	11264
16054	353	10836	67	137	0	11393
16055	10543	218	57	74	0	10892
16056	246	120	31	10405	0	10802
16057	133	10101	32	244	0	10510
16058	96	10431	44	126	0	10697
16059	130	241	42	10384	0	10797
16060	10282	100	40	257	0	10679
16061	10403	68	40	149	0	10660
16062	265	54	42	10010	0	10371
16063	123	9868	60	216	0	10267
16064	9893	212	31	146	0	10282
16065	221	88	9435	109	0	9853
16066	120	60	9150	111	0	9441
16067	8871	74	183	95	0	9223
16068	214	64	9009	104	0	9391
16069	92	33	158	8367	0	8650
16070	8514	45	55	175	0	8789
16071	182	54	30	8749	0	9015
16072	76	65	8712	177	0	9030
16073	59	8738	124	108	0	9029
16074	87	143	47	8902	0	9179
16075	79	67	8907	163	0	9216
16076	8337	64	138	95	0	8634
16077	152	68	45	8830	0	9095
16078	97	37	8827	169	0	9130
16079	75	37	150	8582	0	8844
16080	67	8590	53	167	0	8877
16081	56	178	33	9019	0	9286
16082	69	66	41	8832	0	9008
16083	65	43	25	8598	0	8731
16084	59	8694	27	217	0	8997
16085	8875	156	28	125	0	9184
16086	168	68	41	8929	0	9206
16087	84	61	34	8970	0	9149
16088	55	28	37	9152	0	9272
16089	54	22	8963	234	0	9273
16090	65	45	143	8840	0	9093
16091	8926	41	58	225	0	9250
16092	150	8952	52	121	0	9275
16093	83	154	28	9170	0	9435
16094	65	71	28	9285	0	9449
16095	9125	54	39	245	0	9463
16096	173	9139	24	140	0	9476
16097	9293	156	35	109	0	9593
16098	9649	78	32	67	0	9826
16099	253	48	26	9493	0	9820
16100	9493	42	30	245	0	9810
16101	199	9069	37	128	0	9433
16102	9200	191	28	84	0	9503
16103	236	80	28	9495	0	9839
16104	10496	52	22	263	0	10833
16105	10779	40	24	127	0	10970
16106	384	62	10039	92	0	10577
16107	10587	45	225	85	0	10942
16108	11072	33	62	83	0	11250
16109	11334	35	34	121	0	11524
16110	475	41	11881	69	0	12466
16111	168	12001	419	57	0	12645
16112	146	439	112	12079	0	12776
16113	12083	140	70	491	0	12784
16114	498	11915	44	145	0	12602
16115	11994	481	32	128	0	12635
16116	569	119	27	12137	0	12852
16117	220	90	12040	491	0	12841
16118	12335	55	457	168	0	13015
16119	581	55	127	12669	0	13432
16120	231	43	12724	534	0	13532
16121	12701	32	505	217	0	13455
16122	631	41	13159	122	0	13953
16123	279	45	569	13452	0	14345
16124	178	53	216	14619	0	15066
16125	14161	47	130	788	0	15126
16126	14396	43	73	343	0	14855
16127	852	14094	44	212	0	15202
16128	14319	570	73	127	0	15089
16129	768	193	13392	78	0	14431
16130	291	121	13610	88	0	14110
16131	13144	82	693	111	0	14030
16132	661	13331	249	87	0	14328
16133	13288	517	159	72	0	14036
16134	659	13319	93	64	0	14135
16135	13206	595	79	86	0	13966
16136	695	196	62	12851	0	13804
16137	304	114	13019	549	0	13986
16138	234	73	545	13020	0	13872
16139	190	49	205	13737	0	14181
16140	13298	63	152	732	0	14245
16141	653	49	13086	284	0	14072
16142	12831	52	547	233	0	13663
16143	692	12963	221	141	0	14017
16144	13289	531	141	109	0	14070
16145	732	207	133	12940	0	14012
16146	340	146	12896	563	0	13945
16147	235	113	564	12993	0	13905
16148	13104	64	227	665	0	14060
16149	658	74	179	13125	0	14036
16150	334	60	140	13089	0	13623
16151	252	12501	86	747	0	13586
16152	224	537	91	12957	0	13809
16153	185	200	12635	719	0	13739
16154	189	126	590	12656	0	13561
16155	194	99	226	13293	0	13812
16156	12749	64	169	828	0	13810
16157	656	81	131	12863	0	13731
16158	333	67	12451	779	0	13630
16159	267	12505	572	341	0	13685
16160	236	547	244	12633	0	13660
16161	224	210	188	12962	0	13584
16162	12622	158	152	803	0	13735
16163	689	12307	94	401	0	13491
16164	322	579	100	12643	0	13644
16165	12102	221	121	714	0	13158
16166	12820	160	133	346	0	13459
16167	808	137	99	12626	0	13670
16168	403	89	12464	771	0	13727
16169	12467	92	597	387	0	13543
16170	736	93	252	13092	0	14173
16171	12837	92	198	796	0	13923
16172	13227	94	144	396	0	13861
16173	902	12473	117	327	0	13819
16174	12644	604	113	290	0	13651
16175	834	12643	126	244	0	13847
16176	405	680	129	12639	0	13853
16177	355	278	129	12638	0	13400
16178	258	12650	124	805	0	13837
16179	12813	635	100	458	0	14006
16180	12969	260	97	351	0	13677
16181	897	208	12198	261	0	13564
16182	455	148	12385	270	0	13258
16183	348	146	738	12373	0	13605
16184	12569	106	303	784	0	13762
16185	748	80	217	12576	0	13621
16186	401	114	173	13062	0	13750
16187	332	101	12452	925	0	13810
16188	279	127	12364	479	0	13249
16189	253	94	12922	388	0	13657
16190	12117	115	827	298	0	13357
16191	12847	113	396	252	0	13608
16192	873	12018	244	253	0	13388
16193	431	12691	182	223	0	13527
16194	372	702	116	12417	0	13607
16195	261	305	12349	712	0	13627
16196	12069	216	611	382	0	13278
16197	731	159	12856	299	0	14045
16198	369	124	670	12562	0	13725
16199	311	76	290	13222	0	13899
16200	243	100	218	13414	0	13975
16201	225	92	153	13653	0	14123
16202	12964	72	136	979	0	14151
16203	760	95	106	12887	0	13848
16204	315	66	11804	756	0	12941
16205	10782	64	534	410	0	11790
16206	627	67	11401	282	0	12377
16207	310	79	11118	217	0	11724
16208	237	10989	655	209	0	12090
16209	238	301	405	9779	0	10723
16210	9810	143	124	376	0	10453
16211	351	77	78	9936	0	10442
16212	196	65	9837	399	0	10497
16213	143	45	308	9988	0	10484
16214	9837	26	172	424	0	10459
16215	325	9813	89	258	0	10485
16216	9585	274	74	183	0	10116
16217	363	9595	60	126	0	10144
16218	9431	269	77	136	0	9913
16219	336	9379	62	83	0	9860
16220	157	9363	60	74	0	9654
16221	120	295	8929	58	0	9402
16222	88	8833	246	56	0	9223
16223	7942	153	94	43	0	8232
16224	163	87	25	7809	0	8084
16225	7912	36	23	161	0	8132
16226	145	7995	29	75	0	8244
16227	7912	151	14	66	0	8143
16228	187	66	7908	38	0	8199
16229	94	44	152	7795	0	8085
16230	72	8089	66	151	0	8378
16231	51	167	46	8369	0	8633
16232	50	70	32	8433	0	8585
16233	9708	64	17	260	0	10049
16234	301	9874	18	118	0	10311
16235	9954	306	40	77	0	10377
16236	396	143	9955	47	0	10541
16237	172	89	9601	34	0	9896
16238	111	9815	436	58	0	10420
16239	73	333	214	9908	0	10528
16240	57	161	10047	332	0	10597
16241	78	105	389	9274	0	9846
16242	49	47	170	10379	0	10645
16243	38	45	9776	509	0	10368
16244	40	45	9768	231	0	10084
16245	41	38	10254	148	0	10481
16246	49	28	10387	92	0	10556
16247	48	10540	563	73	0	11224
16248	61	368	258	10489	0	11176
16249	52	166	147	11074	0	11439
16250	45	99	10734	494	0	11372
16251	45	61	419	10651	0	11176
16252	37	55	11410	476	0	11978
16253	33	43	452	11289	0	11817
16254	47	34	209	11370	0	11660
16255	35	11317	137	558	0	12047
16256	47	370	91	11622	0	12130
16257	53	178	95	11531	0	11857
16258	51	111	76	11798	0	12036
16259	38	97	11196	615	0	11946
16260	46	11148	404	283	0	11881
16261	11174	387	187	198	0	11946
16262	11423	173	124	140	0	11860
16263	510	106	76	11193	0	11885
16264	239	59	99	11139	0	11536
16265	135	11261	67	534	0	11997
16266	11295	392	66	280	0	12033
16267	382	11553	56	176	0	12167
16268	11312	416	48	151	0	11927
16269	433	185	11060	106	0	11784
16270	10525	119	375	104	0	11123
16271	428	11102	175	96	0	11801
16272	189	382	115	11173	0	11859
16273	141	164	94	11238	0	11637
16274	75	11162	73	487	0	11797
16275	11304	406	48	257	0	12015
16276	406	173	56	11561	0	12196
16277	181	116	68	12027	0	12392
16278	11759	89	47	602	0	12497
16279	12060	90	61	295	0	12506
16280	567	74	11797	167	0	12605
16281	12063	61	410	145	0	12679
16282	547	58	191	12200	0	12996
16283	246	54	12265	459	0	13024
16284	160	51	465	12128	0	12804
16285	110	81	12041	540	0	12772
16286	86	59	12190	270	0	12605
16287	66	63	572	12042	0	12743
16288	61	65	12233	526	0	12885
16289	72	12079	513	273	0	12937
16290	66	414	224	12142	0	12846
16291	74	169	153	12889	0	13285
16292	81	120	12535	607	0	13343
16293	93	12384	453	346	0	13276
16294	12494	440	222	226	0	13382
16295	488	185	149	12821	0	13643
16296	12741	131	133	548	0	13553
16297	520	12539	107	284	0	13450
16298	245	498	12606	221	0	13570
16299	171	223	513	12576	0	13483
16300	12543	156	260	533	0	13492
16301	503	115	12552	299	0	13469
16302	11865	63	529	275	0	12732
16303	554	12074	288	174	0	13090
16304	217	12476	159	156	0	13008
16305	12412	531	120	147	0	13210
16306	472	236	138	12285	0	13131
16307	229	186	117	12235	0	12767
16308	165	12243	92	613	0	13113
16309	107	422	102	12651	0	13282
16310	93	192	105	12882	0	13272
16311	12421	150	69	687	0	13327
16312	451	95	111	12504	0	13161
16313	211	83	12234	598	0	13126
16314	187	70	440	12287	0	12984
16315	128	71	224	12815	0	13238
16316	120	84	12492	646	0	13342
16317	91	92	458	12575	0	13216
16318	12124	73	204	651	0	13052
16319	12018	74	154	358	0	12604
16320	12270	59	122	288	0	12739
16321	641	55	105	12105	0	12906
16322	311	85	11868	530	0	12794
16323	209	11963	410	335	0	12917
16324	172	410	183	12149	0	12914
16325	133	185	12121	507	0	12946
16326	126	125	430	12012	0	12693
16327	118	93	193	12362	0	12766
16328	11767	77	156	663	0	12663
16329	438	12147	133	360	0	13078
16330	237	396	11772	237	0	12642
16331	10986	160	413	207	0	11766
16332	467	11564	202	186	0	12419
16333	140	10431	80	105	0	10756
16334	10646	281	139	114	0	11180
16335	299	117	56	10816	0	11288
16336	137	112	11802	292	0	12343
16337	111	62	258	11651	0	12082
16338	91	11882	111	325	0	12409
16339	12061	278	78	179	0	12596
16340	303	111	68	12095	0	12577
16341	12359	86	50	367	0	12862
16342	340	73	44	12129	0	12586
16343	134	12619	51	337	0	13141
16344	12931	291	58	188	0	13468
16345	12883	101	52	156	0	13192
16346	370	12762	41	146	0	13319
16347	12475	321	49	90	0	12935
16348	377	116	34	12145	0	12672
16349	153	12262	53	299	0	12767
16350	12379	293	54	153	0	12879
16351	346	12468	39	135	0	12988
16352	12208	320	48	116	0	12692
16353	353	138	39	12204	0	12734
16354	12405	105	33	331	0	12874
16355	12399	78	38	173	0	12688
16356	12563	69	43	121	0	12796
16357	415	78	23	12357	0	12873
16358	225	76	29	12583	0	12913
16359	12443	59	48	397	0	12947
16360	370	74	12666	190	0	13300
16361	180	64	284	12595	0	13123
16362	147	12990	99	373	0	13609
16363	143	321	64	13267	0	13795
16364	122	137	45	13499	0	13803
16365	156	99	13084	449	0	13788
16366	123	101	304	13602	0	14130
16367	127	14305	114	488	0	15034
16368	113	479	65	14870	0	15527
16369	136	231	15788	560	0	16715
16370	171	144	543	15578	0	16436
16371	115	90	230	16393	0	16828
16372	15645	69	137	893	0	16744
16373	15801	76	80	474	0	16431
16374	825	72	55	15546	0	16498
16375	413	14827	57	663	0	15960
16376	251	15473	43	333	0	16100
16377	172	709	14996	238	0	16115
16378	150	379	507	14818	0	15854
16379	14967	176	265	650	0	16058
16380	581	117	155	15083	0	15936
16381	280	83	14857	696	0	15916
16382	210	93	514	14849	0	15666
16383	165	64	238	15305	0	15772
16384	127	67	152	15653	0	15999
16385	141	109	14800	871	0	15921
16386	124	14869	514	471	0	15978
16387	14769	515	232	290	0	15806
16388	14978	241	132	223	0	15574
16389	769	156	73	14543	0	15541
16390	413	105	14399	603	0	15520
16391	240	14382	518	357	0	15497
16392	169	555	243	14008	0	14975
16393	125	14553	153	570	0	15401
16394	100	15177	90	299	0	15666
16395	14445	699	91	230	0	15465
16396	548	321	14615	162	0	15646
16397	293	185	14480	113	0	15071
16398	238	112	645	14256	0	15251
16399	135	88	312	15024	0	15559
16400	122	95	14992	690	0	15899
16401	144	78	502	14530	0	15254
16402	125	70	14909	686	0	15790
16403	13706	71	573	370	0	14720
16404	537	63	250	14781	0	15631
16405	287	69	15216	598	0	16170
16406	209	114	516	14333	0	15172
16407	119	15784	248	619	0	16770
16408	15773	509	152	361	0	16795
16409	505	15946	125	247	0	16823
16410	15988	574	92	251	0	16905
16411	611	295	15654	167	0	16727
16412	15611	172	499	200	0	16482
16413	641	107	244	16002	0	16994
16414	305	86	16095	606	0	17092
16415	225	69	543	16010	0	16847
16416	158	87	15779	701	0	16725
16417	14411	83	583	403	0	15480
16418	555	15748	271	277	0	16851
16419	351	491	178	15098	0	16118
16420	221	16052	150	474	0	16897
16421	15908	586	118	314	0	16926
16422	16156	293	117	268	0	16834
16423	707	16051	112	207	0	17077
16424	365	553	91	16103	0	17112
16425	249	273	100	16357	0	16979
16426	179	174	110	16404	0	16867
16427	15855	132	123	884	0	16994
16428	509	15765	113	536	0	16923
16429	275	530	139	15690	0	16634
16430	185	249	120	15999	0	16553
16431	15291	152	122	846	0	16411
16432	545	121	15018	462	0	16146
16433	320	96	14723	343	0	15482
16434	13975	61	636	271	0	14943
16435	552	60	14534	202	0	15348
16436	274	98	13213	161	0	13746
16437	185	98	604	12692	0	13579
16438	13106	68	356	479	0	14009
16439	462	83	194	13168	0	13907
16440	269	66	12989	542	0	13866
16441	12042	75	458	312	0	12887
16442	490	54	12732	216	0	13492
16443	239	12669	494	151	0	13553
16444	212	421	271	12957	0	13861
16445	13199	219	154	455	0	14027
16446	398	124	131	13236	0	13889
16447	218	90	119	13461	0	13888
16448	13674	42	82	629	0	14427
16449	442	38	85	13873	0	14438
16450	248	51	101	14195	0	14595
16451	164	56	13899	633	0	14752
16452	108	41	397	13887	0	14433
16453	14005	45	215	564	0	14829
16454	14030	53	137	332	0	14552
16455	14248	53	102	183	0	14586
16456	625	74	71	13697	0	14467
16457	335	13610	66	408	0	14419
16458	13889	360	65	257	0	14571
16459	415	13933	73	186	0	14607
16460	13695	393	57	127	0	14272
16461	446	193	65	13642	0	14346
16462	13538	97	61	407	0	14103
16463	13574	61	56	248	0	13939
16464	13575	32	80	166	0	13853
16465	557	13190	83	121	0	13951
16466	209	12635	50	79	0	12973
16467	12140	198	34	69	0	12441
16468	208	12303	38	55	0	12604
16469	38	11172	9	23	0	11242
16470	27	11382	9	10	0	11428
16471	11507	118	48	26	0	11699
16472	86	67	3	11394	0	11550
16473	58	33	3	11457	0	11551
16474	11612	14	3	152	0	11781
16475	112	19	11905	76	0	12112
16476	73	4	101	13068	0	13246
16477	53	8	53	13238	0	13352
16478	22	31	31	14678	0	14762
16479	28	12	17	14908	0	14965
16480	19	14411	16	510	0	14956
16481	13	17545	11	249	0	17818
16482	17759	595	13	150	0	18517
16483	538	268	9	17730	0	18545
16484	238	126	6	18289	0	18659
16485	129	76	17702	765	0	18672
16486	81	50	523	17837	0	18491
16487	64	27	18095	753	0	18939
16488	37	35	652	18116	0	18840
16489	51	29	18772	792	0	19644
16490	24	18580	747	380	0	19731
16491	32	589	285	19049	0	19955
16492	18686	251	186	776	0	19899
16493	18922	135	97	378	0	19532
16494	882	97	88	18624	0	19691
16495	379	91	18443	790	0	19703
16496	242	53	18371	383	0	19049
16497	17244	48	872	288	0	18452
16498	679	17963	388	270	0	19300
16499	18486	654	252	205	0	19597
16500	18641	297	175	179	0	19292
16501	989	172	17965	181	0	19307
16502	490	134	725	17598	0	18947
16503	324	106	339	18010	0	18779
16504	239	84	238	19131	0	19692
16505	192	79	171	18309	0	18751
16506	190	57	174	17836	0	18257
16507	143	67	16725	1280	0	18215
16508	115	66	16938	698	0	17817
16509	173	55	982	16871	0	18081
16510	169	72	469	17583	0	18293
16511	162	65	310	18018	0	18555
16512	16977	92	234	1258	0	18561
16513	844	78	188	17348	0	18458
16514	17172	72	125	1152	0	18521
16515	970	82	158	17833	0	19043
16516	17953	45	132	1200	0	19330
16517	18590	57	134	641	0	19422
16518	18266	58	175	519	0	19018
16519	18446	51	139	435	0	19071
16520	18509	66	144	420	0	19139
16521	1325	60	142	17728	0	19255
16522	17746	61	135	1028	0	18970
16523	1059	17233	137	627	0	19056
16524	17871	698	140	468	0	19177
16525	1065	300	134	18025	0	19524
16526	587	167	17573	1110	0	19437
16527	419	126	809	18114	0	19468
16528	353	119	17921	1220	0	19613
16529	364	74	953	18112	0	19503
16530	313	78	439	18951	0	19781
16531	336	72	17969	1381	0	19758
16532	328	63	18202	814	0	19407
16533	300	71	1106	18419	0	19896
16534	18244	61	510	1206	0	20021
16535	1007	81	18116	706	0	19910
16536	614	18146	921	526	0	20207
16537	461	724	19096	483	0	20764
16538	18893	292	1034	442	0	20661
16539	1093	184	493	19191	0	20961
16540	19506	154	385	1079	0	21124
16541	19969	93	265	669	0	20996
16542	1381	85	272	19513	0	21251
16543	729	83	18825	1203	0	20840
16544	538	73	911	18956	0	20478
16545	431	71	521	19454	0	20477
16546	18346	62	355	1525	0	20288
16547	1000	18482	309	898	0	20689
16548	566	758	304	18987	0	20615
16549	435	315	18391	1244	0	20385
16550	17572	213	954	753	0	19492
16551	1066	18007	526	586	0	20185
16552	606	819	372	18511	0	20308
16553	486	371	294	18925	0	20076
16554	431	218	298	19356	0	20303
16555	18285	166	257	1564	0	20272
16556	19041	140	236	938	0	20355
16557	1386	88	242	18895	0	20611
16558	782	102	18218	1324	0	20426
16559	552	18296	917	779	0	20544
16560	18510	840	468	600	0	20418
16561	19316	350	332	587	0	20585
16562	1408	216	262	18550	0	20436
16563	823	174	238	19309	0	20544
16564	581	169	18532	1483	0	20765
16565	462	18544	973	843	0	20822
16566	19114	847	465	677	0	21103
16567	19027	367	324	601	0	20319
16568	1291	18635	277	482	0	20685
16569	18673	876	193	460	0	20202
16570	1263	355	177	18405	0	20200
16571	644	236	18080	1177	0	20137
16572	545	186	888	18563	0	20182
16573	457	162	18252	1262	0	20133
16574	17523	127	1002	758	0	19410
16575	1067	17635	473	576	0	19751
16576	482	716	241	16622	0	18061
16577	396	269	16346	896	0	17907
16578	382	167	15773	432	0	16754
16579	14621	172	753	423	0	15969
16580	715	15011	386	350	0	16462
16581	12756	369	344	219	0	13688
16582	12536	128	156	185	0	13005
16583	12775	112	114	156	0	13157
16584	564	129	100	12365	0	13158
16585	320	96	12176	443	0	13035
16586	243	12198	356	244	0	13041
16587	247	385	162	12317	0	13111
16588	201	142	12334	444	0	13121
16589	146	94	11377	205	0	11822
16590	140	97	318	11275	0	11830
16591	135	61	11255	325	0	11776
16592	10606	70	304	180	0	11160
16593	288	68	150	11391	0	11897
16594	161	51	137	11778	0	12127
16595	11788	57	96	356	0	12297
16596	299	11553	114	188	0	12154
16597	12249	235	110	179	0	12773
16598	355	116	100	12222	0	12793
16599	195	78	79	12380	0	12732
16600	178	64	92	12430	0	12764
16601	164	49	77	12236	0	12526
16602	11938	64	68	438	0	12508
16603	306	57	11858	228	0	12449
16604	168	11734	244	153	0	12299
16605	119	232	123	11969	0	12443
16606	11348	92	104	322	0	11866
16607	11859	86	95	187	0	12227
16608	301	11838	79	169	0	12387
16609	11705	194	72	167	0	12138
16610	277	11614	95	136	0	12122
16611	159	12236	68	112	0	12575
16612	129	279	69	12329	0	12806
16613	119	141	12270	298	0	12828
16614	137	172	213	11953	0	12475
16615	11876	70	88	320	0	12354
16616	280	11416	77	173	0	11946
16617	140	227	54	11636	0	12057
16618	147	102	11970	290	0	12509
16619	11756	104	228	188	0	12276
16620	12525	75	112	150	0	12862
16621	12600	54	89	147	0	12890
16622	359	53	12131	91	0	12634
16623	11632	72	215	104	0	12023
16624	316	12092	100	93	0	12601
16625	129	224	77	11619	0	12049
16626	105	12057	55	201	0	12418
16627	12184	229	52	97	0	12562
16628	11545	104	46	114	0	11809
16629	285	85	12078	86	0	12534
16630	146	12089	212	104	0	12551
16631	99	218	116	12221	0	12654
16632	108	86	75	12326	0	12595
16633	96	71	53	12170	0	12390
16634	112	62	60	12077	0	12311
16635	106	57	45	12643	0	12851
16636	108	47	11821	383	0	12359
16637	71	11554	279	191	0	12095
16638	11490	269	117	133	0	12009
16639	359	100	11877	84	0	12420
16640	153	12097	304	76	0	12630
16641	12167	298	103	97	0	12665
16642	356	120	12607	98	0	13181
16643	11940	90	311	99	0	12440
16644	12075	76	108	95	0	12354
16645	12363	62	76	92	0	12593
16646	434	12283	71	93	0	12881
16647	192	329	12039	77	0	12637
16648	119	12257	309	75	0	12760
16649	154	365	137	10007	0	10663
16650	88	12326	85	243	0	12742
16651	12364	323	53	123	0	12863
16652	12922	106	48	115	0	13191
16653	12637	85	42	98	0	12862
16654	499	61	12659	71	0	13290
16655	218	12996	342	59	0	13615
16656	158	369	128	14298	0	14953
16657	15333	149	96	419	0	15997
16658	536	15176	68	199	0	15979
16659	235	528	43	15256	0	16062
16660	189	200	15442	536	0	16367
16661	15250	124	531	219	0	16124
16662	628	89	16236	122	0	17075
16663	289	62	16872	78	0	17301
16664	15540	55	809	81	0	16485
16665	696	65	16278	42	0	17081
16666	15362	58	722	70	0	16212
16667	737	15478	303	56	0	16574
16668	16301	576	194	74	0	17145
16669	785	263	130	16035	0	17213
16670	381	176	120	16041	0	16718
16671	279	88	108	16795	0	17270
16672	16207	78	109	955	0	17349
16673	16250	60	97	451	0	16858
16674	16555	78	84	253	0	16970
16675	1017	15744	81	133	0	16975
16676	524	599	83	16001	0	17207
16677	334	255	15647	662	0	16898
16678	221	171	608	15259	0	16259
16679	190	15078	293	749	0	16310
16680	191	598	189	15339	0	16317
16681	207	279	113	15830	0	16429
16682	15414	200	87	926	0	16627
16683	767	129	76	15642	0	16614
16684	398	102	15143	852	0	16495
16685	303	86	15061	471	0	15921
16686	219	115	860	15216	0	16410
16687	15143	77	441	800	0	16461
16688	745	104	286	15122	0	16257
16689	427	86	173	15794	0	16480
16690	329	78	15156	1009	0	16572
16691	240	14945	713	533	0	16431
16692	208	577	354	15498	0	16637
16693	14888	277	286	834	0	16285
16694	761	14904	184	426	0	16275
16695	440	672	129	15166	0	16407
16696	331	307	14921	851	0	16410
16697	254	236	672	14729	0	15891
16698	14241	163	363	926	0	15693
16699	699	14040	270	547	0	15556
16700	423	651	14317	378	0	15769
16701	359	346	666	14222	0	15593
16702	263	232	14605	849	0	15949
16703	14177	153	806	498	0	15634
16704	14787	132	401	441	0	15761
16705	982	145	14489	304	0	15920
16706	560	149	723	14405	0	15837
16707	380	130	14968	814	0	16292
16708	295	14659	817	543	0	16314
16709	252	680	453	15049	0	16434
16710	225	334	14969	875	0	16403
16711	272	220	818	13922	0	15232
16712	254	14443	451	844	0	15992
16713	251	677	331	14749	0	16008
16714	232	323	14487	930	0	15972
16715	13816	263	769	563	0	15411
16716	761	14545	436	455	0	16197
16717	14990	693	318	358	0	16359
16718	880	366	14372	330	0	15948
16719	14299	274	744	330	0	15647
16720	929	191	14292	330	0	15742
16721	14231	169	885	314	0	15599
16722	15080	152	473	317	0	16022
16723	1049	171	361	14492	0	16073
16724	677	181	282	15036	0	16176
16725	14805	187	235	1040	0	16267
16726	893	14647	244	634	0	16418
16727	15145	688	263	464	0	16560
16728	970	330	244	14668	0	16212
16729	548	14837	277	833	0	16495
16730	494	681	248	15499	0	16922
16731	386	326	218	15989	0	16919
16732	358	228	232	15753	0	16571
16733	301	15116	238	1175	0	16830
16734	15106	619	187	645	0	16557
16735	781	310	196	15375	0	16662
16736	449	273	14785	875	0	16382
16737	372	188	14345	573	0	15478
16738	292	184	14612	497	0	15585
16739	14451	153	869	433	0	15906
16740	14771	138	494	389	0	15792
16741	903	156	14342	316	0	15717
16742	527	169	654	13285	0	14635
16743	398	131	364	13976	0	14869
16744	260	128	14366	913	0	15667
16745	218	120	14557	599	0	15494
16746	230	124	806	14654	0	15814
16747	14525	119	489	761	0	15894
16748	14459	110	350	467	0	15386
16749	14528	108	233	401	0	15270
16750	903	13786	253	364	0	15306
16751	539	14337	218	298	0	15392
16752	342	602	206	14137	0	15287
16753	14041	313	221	679	0	15254
16754	631	218	13605	399	0	14853
16755	12442	148	481	352	0	13423
16756	597	11856	235	221	0	12909
16757	224	11185	133	120	0	11662
16758	11111	324	116	121	0	11672
16759	298	10902	107	121	0	11428
16760	157	10662	95	69	0	10983
16761	10484	326	182	139	0	11131
16762	205	10810	64	68	0	11147
16763	76	151	26	10581	0	10834
16764	67	58	31	10699	0	10855
16765	10657	42	31	191	0	10921
16766	10560	38	37	104	0	10739
16767	178	10730	39	66	0	11013
16768	76	10808	37	54	0	10975
16769	68	142	10653	38	0	10901
16770	10674	59	151	44	0	10928
16771	11363	47	55	29	0	11494
16772	11619	27	42	56	0	11744
16773	225	34	32	11618	0	11909
16774	101	32	35	12067	0	12235
16775	12247	23	31	217	0	12518
16776	213	15	19	12215	0	12462
16777	84	32	12393	221	0	12730
16778	87	26	168	12260	0	12541
16779	56	12600	65	211	0	12932
16780	37	201	48	12831	0	13117
16781	58	69	27	13013	0	13167
16782	53	60	17	13132	0	13262
16783	12914	33	23	307	0	13277
16784	199	12867	22	142	0	13230
16785	93	194	14	13244	0	13545
16786	72	94	13223	220	0	13609
16787	52	70	12430	119	0	12671
16788	58	36	244	12871	0	13209
16789	47	29	115	13143	0	13334
16790	12920	38	59	293	0	13310
16791	234	26	25	12696	0	12981
16792	101	12599	36	269	0	13005
16793	93	216	13042	118	0	13469
16794	65	95	193	13279	0	13632
16795	64	63	13595	249	0	13971
16796	56	46	235	13542	0	13879
16797	13473	31	106	307	0	13917
16798	13546	40	77	147	0	13810
16799	286	13529	49	97	0	13961
16800	158	199	35	13708	0	14100
16801	13973	93	44	247	0	14357
16802	14063	64	43	156	0	14326
16803	14272	32	42	112	0	14458
16804	14195	35	46	87	0	14363
16805	14092	38	51	75	0	14256
16806	338	13753	43	92	0	14226
16807	13759	182	35	58	0	14034
16808	266	79	13601	52	0	13998
16809	147	52	160	13659	0	14018
16810	13997	39	84	223	0	14343
16811	13887	27	61	138	0	14113
16812	13772	33	36	108	0	13949
16813	306	30	13714	81	0	14131
16814	173	26	181	13798	0	14178
16815	14221	31	87	249	0	14588
16816	221	14117	55	122	0	14515
16817	14785	193	35	113	0	15126
16818	14554	104	15	98	0	14771
16819	14631	61	33	94	0	14819
16820	313	49	38	14805	0	15205
16821	15064	42	28	263	0	15397
16822	280	49	14755	148	0	15232
16823	160	40	14453	104	0	14757
16824	14555	26	253	139	0	14973
16825	253	33	15130	74	0	15490
16826	14023	27	215	81	0	14346
16827	257	25	14781	64	0	15127
16828	137	32	216	14391	0	14776
16829	14250	29	119	214	0	14612
16830	212	13894	66	144	0	14316
16831	14250	161	38	118	0	14567
16832	241	13931	37	73	0	14282
16833	130	14503	33	68	0	14734
16834	135	210	32	14798	0	15175
16835	84	100	33	14848	0	15065
16836	75	51	37	14816	0	14979
16837	73	40	14479	285	0	14877
16838	13811	26	205	168	0	14210
16839	15167	24	94	108	0	15393
16840	15389	30	49	92	0	15560
16841	15489	25	35	63	0	15612
16842	15378	28	44	77	0	15527
16843	385	28	14258	76	0	14747
16844	201	42	14370	55	0	14668
16845	152	23	253	14745	0	15173
16846	120	28	14850	237	0	15235
16847	14530	25	263	157	0	14975
16848	330	15623	110	88	0	16151
16849	176	274	68	16596	0	17114
16850	16850	116	39	360	0	17365
16851	408	68	44	17000	0	17520
16852	258	34	17024	393	0	17709
16853	161	33	16882	208	0	17284
16854	153	20	457	17582	0	18212
16855	124	22	17604	380	0	18130
16856	16755	22	459	210	0	17446
16857	425	36	210	17485	0	18156
16858	239	29	17386	393	0	18047
16859	150	17169	387	239	0	17945
16860	139	334	209	17746	0	18428
16861	117	163	17714	416	0	18410
16862	125	97	414	16976	0	17612
16863	117	46	206	17425	0	17794
16864	106	47	17330	592	0	18075
16865	104	30	446	17234	0	17814
16866	127	49	262	16589	0	17027
16867	107	36	143	17495	0	17781
16868	16736	20	106	657	0	17519
16869	426	16353	99	336	0	17214
16870	231	16932	92	216	0	17471
16871	145	485	16489	133	0	17252
16872	14790	209	386	184	0	15569
16873	422	116	16231	99	0	16868
16874	209	71	15914	88	0	16282
16875	140	62	482	15515	0	16199
16876	15795	31	249	398	0	16473
16877	348	15789	133	252	0	16522
16878	15747	327	131	167	0	16372
16879	15717	149	80	147	0	16093
16880	456	15790	76	112	0	16434
16881	15894	319	67	111	0	16391
16882	15680	161	80	105	0	16026
16883	463	15857	70	93	0	16483
16884	237	390	60	15953	0	16640
16885	163	175	57	16491	0	16886
16886	16748	75	64	452	0	17339
16887	377	16928	74	236	0	17615
16888	17474	388	64	157	0	18083
16889	17657	169	65	123	0	18014
16890	18605	89	55	118	0	18867
16891	675	59	53	18000	0	18787
16892	297	65	40	18606	0	19008
16893	18129	47	53	614	0	18843
16894	18514	55	44	284	0	18897
16895	18736	60	32	168	0	18996
16896	732	54	37	19203	0	20026
16897	326	54	19327	608	0	20315
16898	219	42	562	19632	0	20455
16899	157	51	226	21197	0	21631
16900	144	49	20408	863	0	21464
16901	135	47	22446	385	0	23013
16902	158	43	1010	22637	0	23848
16903	132	52	23045	939	0	24168
16904	22987	35	947	517	0	24486
16905	926	42	451	23543	0	24962
16906	464	60	219	24389	0	25132
16907	24333	44	137	1325	0	25839
16908	986	32	148	24480	0	25646
16909	551	33	104	24825	0	25513
16910	249	43	115	25379	0	25786
16911	210	28	96	25506	0	25840
16912	198	40	23905	1480	0	25623
16913	160	42	859	24485	0	25546
16914	160	52	23746	1206	0	25164
16915	160	23804	947	668	0	25579
16916	137	855	449	24002	0	25443
16917	135	375	23296	1070	0	24876
16918	21653	139	936	712	0	23440
16919	959	22926	525	369	0	24779
16920	23607	867	259	341	0	25074
16921	1048	376	165	22724	0	24313
16922	494	22811	212	982	0	24499
16923	22989	893	128	567	0	24577
16924	947	23263	131	405	0	24746
16925	23538	961	145	335	0	24979
16926	1119	466	138	23272	0	24995
16927	23592	259	115	1073	0	25039
16928	1079	23830	146	597	0	25652
16929	24045	971	122	409	0	25547
16930	1207	451	23408	289	0	25355
16931	629	233	964	23697	0	25523
16932	23428	156	454	1113	0	25151
16933	24252	142	248	652	0	25294
16934	1425	140	161	23593	0	25319
16935	693	131	23332	1152	0	25308
16936	413	21765	944	644	0	23766
16937	341	23884	460	383	0	25068
16938	23858	1163	299	356	0	25676
16939	1092	486	176	23507	0	25261
16940	606	245	183	24184	0	25218
16941	23584	193	161	1411	0	25349
16942	23694	161	194	755	0	24804
16943	1406	152	23152	419	0	25129
16944	733	164	898	23274	0	25069
16945	438	140	23075	1140	0	24793
16946	392	22752	954	660	0	24758
16947	21807	839	451	503	0	23600
16948	929	21958	283	412	0	23582
16949	506	22121	218	361	0	23206
16950	345	1020	212	21645	0	23222
16951	21023	464	181	977	0	22645
16952	888	21043	175	614	0	22720
16953	20768	872	179	452	0	22271
16954	955	20624	216	305	0	22100
16955	528	916	132	20811	0	22387
16956	20685	460	169	994	0	22308
16957	978	294	20653	583	0	22508
16958	588	194	792	20734	0	22308
16959	367	225	20769	1014	0	22375
16960	384	19238	863	636	0	21121
16961	323	20770	427	436	0	21956
16962	19900	973	287	415	0	21575
16963	850	20595	180	441	0	22066
16964	20602	902	264	331	0	22099
16965	21121	513	177	372	0	22183
16966	1131	330	20252	337	0	22050
16967	20160	260	783	334	0	21537
16968	1026	290	20830	336	0	22482
16969	653	20745	841	323	0	22562
16970	21110	820	449	303	0	22682
16971	967	20923	273	331	0	22494
16972	678	903	215	21004	0	22800
16973	21154	480	229	940	0	22803
16974	1041	314	168	21134	0	22657
16975	668	255	21112	1002	0	23037
16976	400	290	819	21004	0	22513
16977	371	270	407	21713	0	22761
16978	21040	269	232	1234	0	22775
16979	992	285	20783	669	0	22729
16980	20957	252	860	413	0	22482
16981	22219	211	396	404	0	23230
16982	1333	224	290	21591	0	23438
16983	760	233	209	22090	0	23292
16984	21441	209	220	1236	0	23106
16985	1128	21295	240	590	0	23253
16986	701	816	168	21029	0	22714
16987	453	435	20416	899	0	22203
16988	415	313	19303	523	0	20554
16989	399	20389	908	356	0	22052
16990	331	837	450	19620	0	21238
16991	311	453	218	20364	0	21346
16992	19700	287	187	1059	0	21233
16993	933	267	177	19550	0	20927
16994	18939	231	186	930	0	20286
16995	914	18379	191	539	0	20023
16996	469	17828	130	342	0	18769
16997	354	18572	119	297	0	19342
16998	17879	721	178	310	0	19088
16999	17029	311	123	223	0	17686
17000	779	16531	113	228	0	17651
17001	14252	250	40	80	0	14622
17002	300	14035	41	76	0	14452
17003	154	280	31	13499	0	13964
17004	92	13458	42	265	0	13857
17005	13418	299	60	133	0	13910
17006	13472	104	33	95	0	13704
17007	324	97	31	12854	0	13306
17008	12886	84	31	277	0	13278
17009	315	84	29	12667	0	13095
17010	127	12789	35	290	0	13241
17011	139	291	33	12798	0	13261
17012	114	12807	43	260	0	13224
17013	12783	242	28	137	0	13190
17014	297	108	12425	101	0	12931
17015	11783	71	165	80	0	12099
17016	241	61	46	12300	0	12648
17017	124	75	12089	208	0	12496
17018	11597	61	184	114	0	11956
17019	240	72	12541	76	0	12929
17020	143	67	193	12011	0	12414
17021	96	54	85	12338	0	12573
17022	101	53	39	12263	0	12456
17023	82	44	46	12401	0	12573
17024	70	12164	43	326	0	12603
17025	91	258	32	12872	0	13253
17026	12861	89	41	336	0	13327
17027	298	77	12594	152	0	13121
17028	135	13337	249	100	0	13821
17029	13792	350	82	125	0	14349
17030	15290	154	55	95	0	15594
17031	578	84	36	16963	0	17661
17032	224	95	16963	621	0	17903
17033	161	72	582	16768	0	17583
17034	132	67	248	18126	0	18573
17035	102	63	17390	954	0	18509
17036	108	18073	699	412	0	19292
17037	18481	761	293	223	0	19758
17038	18715	357	117	193	0	19382
17039	19369	157	127	171	0	19824
17040	1236	142	123	18458	0	19959
17041	636	80	65	19880	0	20661
17042	19820	75	96	1222	0	21213
17043	1063	82	87	18906	0	20138
17044	557	19168	58	1027	0	20810
17045	20044	822	80	584	0	21530
17046	19851	422	96	407	0	20776
17047	21819	194	91	322	0	22426
17048	22280	157	77	291	0	22805
17049	1718	133	20242	218	0	22311
17050	903	105	20707	193	0	21908
17051	559	124	1272	20256	0	22211
17052	493	99	550	21291	0	22433
17053	415	82	20420	1443	0	22360
17054	354	133	20919	705	0	22111
17055	374	88	1342	20698	0	22502
17056	20669	80	631	1238	0	22618
17057	1207	104	403	20474	0	22188
17058	700	86	20549	1260	0	22595
17059	446	20687	1052	726	0	22911
17060	21116	928	545	442	0	23031
17061	21917	425	376	386	0	23104
17062	22304	209	340	356	0	23209
17063	22429	151	289	345	0	23214
17064	1765	131	20528	324	0	22748
17065	905	96	1123	20783	0	22907
17066	21092	129	606	1196	0	23023
17067	1386	108	365	21081	0	22940
17068	870	91	337	20312	0	21610
17069	599	19732	268	1521	0	22120
17070	565	951	219	20755	0	22490
17071	20193	446	247	1409	0	22295
17072	1277	20076	269	822	0	22444
17073	20319	1079	215	544	0	22157
17074	1457	20261	212	415	0	22345
17075	949	1110	171	18719	0	20949
17076	675	19034	196	1123	0	21028
17077	584	20480	222	686	0	21972
17078	19825	1371	186	567	0	21949
17079	1341	659	19243	496	0	21739
17080	774	419	19107	494	0	20794
17081	567	340	19127	472	0	20506
17082	17685	326	1426	494	0	19931
17083	1214	18308	746	449	0	20717
17084	848	19432	420	396	0	21096
17085	18224	1398	327	435	0	20384
17086	1395	18157	301	333	0	20186
17087	870	19336	277	354	0	20837
17088	673	1492	267	18871	0	21303
17089	611	806	18539	1220	0	21176
17090	592	537	19112	757	0	20998
17091	530	488	1397	18939	0	21354
17092	18579	405	793	1302	0	21079
17093	1367	18794	540	759	0	21460
17094	899	1192	462	19097	0	21650
17095	788	729	18716	1236	0	21469
17096	750	484	18773	798	0	20805
17097	648	454	1490	18639	0	21231
17098	18570	429	796	1377	0	21172
17099	19409	387	549	892	0	21237
17100	1740	362	18424	613	0	21139
17101	18581	380	1254	597	0	20812
17102	1570	336	18832	575	0	21313
17103	1126	278	1377	17635	0	20416
17104	778	18449	926	1159	0	21312
17105	19463	1058	630	825	0	21976
17106	1491	660	539	19500	0	22190
17107	1057	403	542	19479	0	21481
17108	827	355	509	20545	0	22236
17109	752	296	483	20711	0	22242
17110	730	278	19098	1862	0	21968
17111	716	18731	1320	1056	0	21823
17112	701	1040	833	19520	0	22094
17113	19326	608	551	1489	0	21974
17114	1468	409	502	19618	0	21997
17115	943	342	523	20114	0	21922
17116	704	359	18833	1857	0	21753
17117	663	348	18169	1174	0	20354
17118	619	17901	1505	944	0	20969
17119	569	19116	848	823	0	21356
17120	594	1398	595	18952	0	21539
17121	18764	775	491	1500	0	21530
17122	1279	560	18369	1068	0	21276
17123	883	18479	1096	806	0	21264
17124	713	1141	696	17798	0	20348
17125	537	18484	439	1215	0	20675
17126	554	1225	401	17575	0	19755
17127	446	18105	393	1278	0	20222
17128	479	1057	336	17176	0	19048
17129	16375	659	295	1160	0	18489
17130	898	15126	291	712	0	17027
17131	409	756	166	13155	0	14486
17132	12705	389	173	702	0	13969
17133	624	12554	157	464	0	13799
17134	291	11460	131	297	0	12179
17135	236	11972	117	283	0	12608
17136	237	451	118	11170	0	11976
17137	118	237	73	10999	0	11427
17138	104	10905	70	432	0	11511
17139	107	393	71	11028	0	11599
17140	130	209	10858	361	0	11558
17141	95	10735	231	184	0	11245
17142	83	601	108	9911	0	10703
17143	74	10422	80	228	0	10804
17144	88	221	9877	133	0	10319
17145	63	10069	182	93	0	10407
17146	9114	175	76	59	0	9424
17147	92	35	15	9177	0	9319
17148	9116	20	18	104	0	9258
17149	101	24	8998	41	0	9164
17150	39	13	91	9102	0	9245
17151	33	20	9265	93	0	9411
17152	19	11	102	9075	0	9207
17153	9491	14	43	130	0	9678
17154	100	12	28	9450	0	9590
17155	9479	12	21	127	0	9639
17156	93	9547	12	63	0	9715
17157	9464	100	10	50	0	9624
17158	114	43	9526	30	0	9713
17159	52	9712	90	27	0	9881
17160	34	89	40	9708	0	9871
17161	25	54	20	9685	0	9784
17162	14	29	9550	126	0	9719
17163	20	9360	86	86	0	9552
17164	19	80	32	9605	0	9736
17165	13	9586	18	93	0	9710
17166	13	100	14	9579	0	9706
17167	13	9567	18	86	0	9684
17168	9433	102	11	46	0	9592
17169	89	39	9	9616	0	9753
17170	33	29	9560	74	0	9696
17171	26	9326	67	50	0	9469
17172	9	9630	28	41	0	9708
17173	23	97	9508	18	0	9646
17174	4	9609	74	14	0	9701
17175	14	81	26	9609	0	9730
17176	17	33	9772	67	0	9889
17177	17	19	70	9478	0	9584
17178	8	15	28	9795	0	9846
17179	11	19	9823	88	0	9941
17180	8990	16	64	79	0	9149
17181	69	9	35	9970	0	10083
17182	35	17	10830	71	0	10953
17183	16	10818	75	46	0	10955
17184	11008	66	38	50	0	11162
17185	60	10906	25	33	0	11024
17186	34	77	11	11160	0	11282
17187	10881	34	34	87	0	11036
17188	77	20	13	10772	0	10882
17189	31	20	11159	91	0	11301
17190	26	13	84	11006	0	11129
17191	16	16	11117	91	0	11240
17192	10521	9	95	62	0	10687
17193	85	14	11146	35	0	11280
17194	10981	8	91	58	0	11138
17195	11218	11	44	28	0	11301
17196	118	15	11231	19	0	11383
17197	60	22	10552	29	0	10663
17198	31	11317	120	33	0	11501
17199	11716	83	55	35	0	11889
17200	98	42	27	11955	0	12122
17201	58	19	24	11704	0	11805
17202	12985	13	11	212	0	13221
17203	13205	8	19	109	0	13341
17204	13298	14	21	57	0	13390
17205	13215	13	16	30	0	13274
17206	145	14	9	12955	0	13123
17207	13078	10	15	109	0	13212
17208	109	11	14	13062	0	13196
17209	72	12	9	12941	0	13034
17210	41	10	17	13198	0	13266
17211	33	20	12852	151	0	13056
17212	25	12448	95	89	0	12657
17213	21	12844	44	51	0	12960
17214	27	104	27	13136	0	13294
17215	13093	59	17	117	0	13286
17216	102	26	19	13016	0	13163
17217	13049	14	13	151	0	13227
17218	115	18	13502	66	0	13701
17219	12953	19	103	68	0	13143
17220	128	19	41	13795	0	13983
17221	14174	12	31	144	0	14361
17222	13990	10	17	88	0	14105
17223	14222	18	16	65	0	14321
17224	171	17	10	14144	0	14342
17225	80	11	14020	120	0	14231
17226	49	22	116	13840	0	14027
17227	14166	7	45	171	0	14389
17228	154	24	15683	72	0	15933
17229	103	10	150	16527	0	16790
17230	17363	18	62	197	0	17640
17231	219	15	17455	86	0	17775
17232	17824	16	195	103	0	18138
17233	19203	12	81	64	0	19360
17234	301	8	53	19243	0	19605
17235	159	13	30	19426	0	19628
17236	19509	6	32	350	0	19897
17237	270	12	32	20168	0	20482
17238	19894	15	22	398	0	20329
17239	341	19905	29	161	0	20436
17240	153	20509	25	102	0	20789
17241	93	380	17	20424	0	20914
17242	74	142	20752	341	0	21309
17243	58	20670	311	147	0	21186
17244	20415	321	112	122	0	20970
17245	316	20173	52	72	0	20613
17246	125	334	20089	40	0	20588
17247	94	147	296	19452	0	19989
17248	56	82	20516	340	0	20994
17249	32	20953	341	151	0	21477
17250	56	308	132	20939	0	21435
17251	39	20925	71	279	0	21314
17252	48	333	20838	113	0	21332
17253	34	146	306	20510	0	20996
17254	37	70	21121	329	0	21557
17255	59	46	339	20682	0	21126
17256	20985	39	147	381	0	21552
17257	323	47	20673	154	0	21197
17258	19067	37	343	135	0	19582
17259	351	44	20227	87	0	20709
17260	170	23	357	20057	0	20607
17261	98	36	21260	336	0	21730
17262	107	29	353	21029	0	21518
17263	79	33	163	21482	0	21757
17264	80	33	104	20973	0	21190
17265	62	25	86	21627	0	21800
17266	69	33	22576	493	0	23171
17267	21654	40	329	313	0	22336
17268	340	24	138	24399	0	24901
17269	24459	27	91	432	0	25009
17270	25025	27	87	206	0	25345
17271	25727	28	47	200	0	26002
17272	619	34	54	26005	0	26712
17273	284	37	50	26325	0	26696
17274	156	28524	53	575	0	29308
17275	31305	566	54	289	0	32214
17276	33363	276	53	212	0	33904
17277	33870	161	57	190	0	34278
17278	1316	137	33764	106	0	35323
17279	723	80	790	33788	0	35381
17280	462	64	33921	851	0	35298
17281	32898	55	938	476	0	34367
17282	33865	63	515	290	0	34733
17283	1242	46	279	33210	0	34777
17284	681	66	215	32438	0	33400
17285	464	33610	155	1061	0	35290
17286	34192	758	114	591	0	35655
17287	34544	379	105	425	0	35453
17288	1245	33865	128	301	0	35539
17289	34571	884	104	234	0	35793
17290	1180	452	106	34230	0	35968
17291	716	216	112	34769	0	35813
17292	34648	188	102	1228	0	36166
17293	1101	158	33942	630	0	35831
17294	33589	76	764	534	0	34963
17295	34838	87	398	399	0	35722
17296	1309	33859	248	257	0	35673
17297	35005	775	196	202	0	36178
17298	1268	420	33864	172	0	35724
17299	798	235	780	34191	0	36004
17300	34598	209	412	908	0	36127
17301	1160	146	279	34584	0	36169
17302	711	95	32876	1067	0	34749
17303	494	111	878	31980	0	33463
17304	424	35729	483	1064	0	37700
17305	426	831	288	37190	0	38735
17306	354	424	246	37994	0	39018
17307	353	265	167	37363	0	38148
17308	309	226	144	38267	0	38946
17309	297	171	36929	1616	0	39013
17310	327	134	856	37353	0	38670
17311	37138	130	416	1438	0	39122
17312	976	36643	267	845	0	38731
17313	607	860	243	37776	0	39486
17314	454	416	37886	1196	0	39952
17315	424	258	884	38361	0	39927
17316	38637	217	480	1311	0	40645
17317	38949	164	339	861	0	40313
17318	38273	116	276	648	0	39313
17319	1659	135	228	38134	0	40156
17320	1033	148	37790	1130	0	40101
17321	787	37178	941	718	0	39624
17322	38348	849	541	609	0	40347
17323	1223	443	363	37945	0	39974
17324	824	301	367	38625	0	40117
17325	689	224	37539	1464	0	39916
17326	663	35956	926	894	0	38439
17327	558	38339	506	736	0	40139
17328	549	1201	366	36621	0	38737
17329	445	630	35466	1217	0	37758
17330	32381	388	891	824	0	34484
17331	1169	418	32872	565	0	35024
17332	31843	259	851	637	0	33590
17333	1228	34149	546	509	0	36432
17334	793	802	33954	487	0	36036
17335	32833	476	894	482	0	34685
17336	1178	33735	545	382	0	35840
17337	35143	843	372	388	0	36746
17338	1215	518	34422	319	0	36474
17339	833	34570	754	358	0	36515
17340	35184	821	460	352	0	36817
17341	1177	484	34447	329	0	36437
17342	34172	320	883	367	0	35742
17343	1183	292	545	34238	0	36258
17344	35044	243	406	886	0	36579
17345	1202	194	352	34809	0	36557
17346	34999	188	322	1047	0	36556
17347	1163	222	34527	781	0	36693
17348	753	239	784	34987	0	36763
17349	555	206	490	35280	0	36531
17350	493	231	34562	1346	0	36632
17351	385	198	860	34645	0	36088
17352	440	27402	797	1329	0	29968
17353	308	755	419	37493	0	38975
17354	394	431	341	39221	0	40387
17355	415	316	288	42736	0	43755
17356	378	282	41535	2087	0	44282
17357	39668	211	1267	1318	0	42464
17358	1510	192	751	44336	0	46789
17359	897	177	44261	1906	0	47241
17360	42597	169	1590	1140	0	45496
17361	45133	151	814	743	0	46841
17362	46531	191	503	641	0	47866
17363	2567	174	408	45032	0	48181
17364	1337	222	369	49838	0	51766
17365	926	215	314	48749	0	50204
17366	680	47322	327	2821	0	51150
17367	47064	1802	273	1559	0	50698
17368	47554	792	267	1110	0	49723
17369	2720	436	292	47048	0	50496
17370	1475	350	45219	2248	0	49292
17371	975	292	45525	1193	0	47985
17372	760	42363	2450	885	0	46458
17373	579	45844	1162	818	0	48403
17374	41385	2228	906	752	0	45271
17375	1656	40595	332	434	0	43017
17376	40007	1584	217	361	0	42169
17377	40240	620	188	323	0	41371
17378	40148	335	175	291	0	40949
17379	2281	219	169	39029	0	41698
17380	1086	171	173	42582	0	44012
17381	43188	180	168	2167	0	45703
17382	2023	183	144	44282	0	46632
17383	910	184	43562	2170	0	46826
17384	43947	191	1693	949	0	46780
17385	2112	223	642	43765	0	46742
17386	1009	200	325	45094	0	46628
17387	736	206	216	46268	0	47426
17388	574	196	43310	2749	0	46829
17389	40303	177	1822	1327	0	43629
17390	2146	177	43477	774	0	46574
17391	1011	217	2061	43234	0	46523
17392	715	224	43965	2115	0	47019
17393	643	180	2110	42843	0	45776
17394	533	209	868	44734	0	46344
17395	535	187	44350	2799	0	47871
17396	648	183	2068	40845	0	43744
17397	509	44013	849	2329	0	47700
17398	44381	1882	542	1182	0	47987
17399	46034	685	413	900	0	48032
17400	2868	372	355	44825	0	48420
17401	1321	227	44435	2478	0	48461
17402	884	41730	2132	1304	0	46050
17403	653	45498	973	959	0	48083
17404	41421	2379	658	849	0	45307
17405	2312	972	40609	773	0	44666
17406	40684	562	2086	786	0	44118
17407	2546	351	945	40778	0	44620
17408	1296	263	660	42587	0	44806
17409	40094	268	530	2971	0	43863
17410	2367	39968	454	1661	0	44450
17411	1145	1889	40613	1157	0	44804
17412	910	800	2146	40100	0	43956
17413	745	488	40852	2568	0	44653
17414	655	39838	2439	1362	0	44294
17415	684	1934	1165	40772	0	44555
17416	39997	848	771	2620	0	44236
17417	41453	544	618	1475	0	44090
17418	2925	450	39491	1194	0	44060
17419	1450	39303	2200	1041	0	43994
17420	39562	2053	1107	840	0	43562
17421	2558	39961	796	824	0	44139
17422	1378	2356	650	39518	0	43902
17423	39739	1045	592	2506	0	43882
17424	2549	660	575	40277	0	44061
17425	1391	523	38929	2917	0	43760
17426	1042	451	2243	40043	0	43779
17427	918	514	39505	2869	0	43806
17428	868	539	2451	39613	0	43471
17429	39046	506	1185	2910	0	43647
17430	2644	39382	875	1576	0	44477
17431	39915	2195	723	1239	0	44072
17432	2805	1065	674	39138	0	43682
17433	1443	747	672	40461	0	43323
17434	1093	733	34512	3343	0	39681
17435	948	639	38907	1755	0	42249
17436	939	38182	2836	1294	0	43251
17437	975	2197	38313	1045	0	42530
17438	35947	1040	2736	1053	0	40776
17439	2606	37030	1329	1090	0	42055
17440	1396	38716	906	1042	0	42060
17441	1089	39790	704	1033	0	42616
17442	976	3109	654	37901	0	42640
17443	822	1479	38058	2735	0	43094
17444	827	38491	2554	1545	0	43417
17445	934	2492	1229	35063	0	39718
17446	783	39146	940	2603	0	43472
17447	38095	2642	791	1515	0	43043
17448	39865	1200	719	1249	0	43033
17449	3151	950	755	38191	0	43047
17450	1635	767	759	39427	0	42588
17451	36615	706	718	3305	0	41344
17452	2554	35292	720	1824	0	40390
17453	1290	36885	653	1338	0	40166
17454	1064	2596	568	33447	0	37675
17455	719	983	30362	2169	0	34233
17456	562	30269	1791	1179	0	33801
17457	28380	1705	882	879	0	31846
17458	1600	27290	685	829	0	30404
17459	734	28255	580	660	0	30229
17460	26537	1894	513	608	0	29552
17461	1592	27631	354	589	0	30166
17462	853	1760	26421	498	0	29532
17463	602	26941	1357	514	0	29414
17464	22669	1192	616	316	0	24793
17465	1004	22845	345	331	0	24525
17466	22597	1158	309	282	0	24346
17467	1131	585	191	22234	0	24141
17468	552	447	209	23265	0	24473
17469	450	395	22619	1183	0	24647
17470	378	22875	824	623	0	24700
17471	315	1020	371	23536	0	25242
17472	23032	465	286	1106	0	24889
17473	23440	348	279	575	0	24642
17474	1131	23403	235	489	0	25258
17475	599	1016	203	23435	0	25253
17476	23386	512	207	1067	0	25172
17477	23996	461	172	523	0	25152
17478	1293	391	22594	401	0	24679
17479	651	324	21237	355	0	22567
17480	388	269	20663	240	0	21560
17481	258	19149	840	190	0	20437
17482	17731	665	618	138	0	19152
17483	602	17616	213	138	0	18569
17484	17530	613	129	147	0	18419
17485	618	18560	112	125	0	19415
17486	298	638	98	19105	0	20139
17487	19423	281	101	564	0	20369
17488	605	223	19465	240	0	20533
17489	18935	154	513	203	0	19805
17490	19923	173	216	131	0	20443
17491	776	19529	127	157	0	20589
17492	351	20229	112	109	0	20801
17493	20730	662	130	131	0	21653
17494	668	288	21636	80	0	22672
17495	20096	293	542	143	0	21074
17496	20991	135	254	102	0	21482
17497	708	149	121	20448	0	21426
17498	21198	127	72	487	0	21884
17499	658	172	73	21470	0	22373
17500	323	145	53	22128	0	22649
17501	303	108	71	21632	0	22114
17502	214	21464	87	635	0	22400
17503	21718	489	118	323	0	22648
17504	22138	251	102	211	0	22702
17505	706	175	112	21891	0	22884
17506	364	175	96	21642	0	22277
17507	328	21701	78	587	0	22694
17508	21815	544	110	296	0	22765
17509	631	293	21451	206	0	22581
17510	398	208	445	21737	0	22788
17511	269	180	21382	577	0	22408
17512	305	127	507	21361	0	22300
17513	207	155	21527	613	0	22502
17514	232	115	539	20936	0	21822
17515	21264	137	215	654	0	22270
17516	626	143	21588	299	0	22656
17517	20585	126	514	290	0	21515
17518	692	22545	269	200	0	23706
17519	335	506	216	23065	0	24122
17520	312	247	136	23703	0	24398
17521	24471	196	127	666	0	25460
17522	666	175	109	25316	0	26266
17523	402	170	25258	643	0	26473
17524	24591	135	439	438	0	25603
17525	26411	122	201	351	0	27085
17526	26482	112	167	282	0	27043
17527	26478	130	140	268	0	27016
17528	878	25805	137	212	0	27032
17529	483	423	102	26168	0	27176
17530	25990	237	133	559	0	26919
17531	637	176	88	25746	0	26647
17532	25507	162	104	522	0	26295
17533	638	136	24776	278	0	25828
17534	407	90	24523	235	0	25255
17535	345	268	469	23054	0	24136
17536	264	24063	259	480	0	25066
17537	247	25224	183	330	0	25984
17538	24704	419	177	336	0	25636
17539	497	184	24783	228	0	25692
17540	22069	131	334	267	0	22801
17541	512	24381	217	146	0	25256
17542	24759	318	127	168	0	25372
17543	499	187	97	24460	0	25243
17544	312	153	24821	426	0	25712
17545	282	112	323	24461	0	25178
17546	272	94	165	24430	0	24961
17547	185	24036	161	512	0	24894
17548	176	25100	139	321	0	25736
17549	232	400	124	24960	0	25716
17550	243	25116	113	446	0	25918
17551	206	385	24638	223	0	25452
17552	247	209	23660	226	0	24342
17553	22221	155	450	236	0	23062
17554	24636	134	220	203	0	25193
17555	544	24392	130	172	0	25238
17556	343	366	109	24341	0	25159
17557	259	162	120	24759	0	25300
17558	221	145	24407	494	0	25267
17559	204	134	378	22728	0	23444
17560	155	23801	183	513	0	24652
17561	142	364	23256	260	0	24022
17562	178	228	22993	177	0	23576
17563	192	21840	462	265	0	22759
17564	198	384	23308	130	0	24020
17565	236	193	418	22784	0	23631
17566	249	193	271	20408	0	21121
17567	186	142	23478	529	0	24335
17568	240	150	365	22649	0	23404
17569	123	22065	219	477	0	22884
17570	164	23425	149	312	0	24050
17571	134	410	122	22926	0	23592
17572	124	153	23095	411	0	23783
17573	98	23087	361	207	0	23753
17574	139	406	163	22989	0	23697
17575	69	107	22594	350	0	23120
17576	20567	68	268	143	0	21046
17577	22456	68	102	124	0	22750
17578	22636	66	60	86	0	22848
17579	334	60	69	21911	0	22374
17580	148	38	64	22285	0	22535
17581	109	53	22760	345	0	23267
17582	85	56	310	22193	0	22644
17583	72	40	115	22879	0	23106
17584	61	48	22713	367	0	23189
17585	18772	52	289	208	0	19321
17586	273	21001	117	109	0	21500
17587	21027	251	60	86	0	21424
17588	266	20685	51	57	0	21059
17589	107	279	63	20868	0	21317
17590	88	88	20779	264	0	21219
17591	94	89	271	19752	0	20206
17592	61	55	20135	298	0	20549
17593	16419	30	234	179	0	16862
17594	210	19	18478	69	0	18776
17595	77	18	258	17684	0	18037
17596	52	30	18305	261	0	18648
17597	60	18631	261	105	0	19057
17598	63	269	105	19497	0	19934
17599	83	85	66	19228	0	19462
17600	56	50	49	20584	0	20739
17601	60	38	20292	490	0	20880
17602	43	44	20612	197	0	20896
17603	47	26	465	20738	0	21276
17604	66	27	165	25346	0	25604
17605	46	34	102	27536	0	27718
17606	27574	21	82	1152	0	28829
17607	791	35	73	28718	0	29617
17608	374	39	29392	1086	0	30891
17609	30315	35	909	506	0	31765
17610	1033	37	443	31664	0	33177
17611	32854	35	357	1154	0	34400
17612	34056	25	122	664	0	34867
17613	1579	21	118	33835	0	35553
17614	34142	23	119	1313	0	35597
17615	34731	27	103	693	0	35554
17616	1686	37	33205	511	0	35439
17617	872	33586	1117	317	0	35892
17618	597	1025	517	31902	0	34041
17619	301	467	349	34091	0	35208
17620	33095	299	206	1661	0	35261
17621	32682	119	148	928	0	33877
17622	32757	58	132	698	0	33645
17623	2038	51	29982	395	0	32466
17624	1109	30317	1138	307	0	32871
17625	30749	1065	603	300	0	32717
17626	1412	30943	399	281	0	33035
17627	31321	1358	216	329	0	33224
17628	1624	580	153	31006	0	33363
17629	31123	371	150	1318	0	32962
17630	31847	202	134	733	0	32916
17631	32297	131	152	569	0	33149
17632	2114	117	30607	409	0	33247
17633	31593	124	1122	386	0	33225
17634	1862	31390	563	314	0	34129
17635	32844	1178	400	331	0	34753
17636	33406	594	224	338	0	34562
17637	33911	391	154	372	0	34828
17638	2353	234	178	31200	0	33965
17639	1389	31667	171	1260	0	34487
17640	32463	1233	152	715	0	34563
17641	1773	608	31520	537	0	34438
17642	1153	31907	1189	383	0	34632
17643	1016	1356	548	28678	0	31598
17644	788	31713	403	1079	0	33983
17645	31776	1493	234	592	0	34095
17646	33320	738	213	460	0	34731
17647	2238	514	175	32163	0	35090
17648	1366	381	31186	1451	0	34384
17649	1011	31259	1255	854	0	34379
17650	997	1333	701	26191	0	29222
17651	694	739	484	32746	0	34663
17652	678	502	258	34471	0	35909
17653	33136	366	255	2285	0	36042
17654	34263	322	221	1211	0	36017
17655	34729	265	200	792	0	35986
17656	35405	307	189	566	0	36467
17657	2761	313	187	33353	0	36614
17658	1649	307	33728	1658	0	37342
17659	1170	274	1379	34634	0	37457
17660	952	203	711	35479	0	37345
17661	810	259	463	35813	0	37345
17662	887	251	320	36154	0	37612
17663	34546	229	262	2631	0	37668
17664	2064	234	273	35113	0	37684
17665	34816	195	265	2239	0	37515
17666	35713	240	223	1329	0	37505
17667	2759	233	33302	960	0	37254
17668	1806	206	33013	804	0	35829
17669	1333	236	34601	790	0	36960
17670	1124	228	2144	33463	0	36959
17671	1016	229	34438	1820	0	37503
17672	936	305	1819	33548	0	36608
17673	864	274	907	34581	0	36626
17674	34230	261	600	2471	0	37562
17675	2079	246	382	33863	0	36570
17676	1421	34270	392	2160	0	38243
17677	35705	1395	402	1293	0	38795
17678	2182	35718	412	955	0	39267
17679	1372	1744	35505	798	0	39419
17680	1073	36543	1551	685	0	39852
17681	35899	1789	889	693	0	39270
17682	2096	946	601	35625	0	39268
17683	1476	644	35042	1792	0	38954
17684	35482	409	1518	1199	0	38608
17685	2269	362	872	35695	0	39198
17686	1546	341	35576	1830	0	39293
17687	1264	323	1581	35936	0	39104
17688	1002	336	975	36745	0	39058
17689	988	363	657	36386	0	38394
17690	905	35537	467	2483	0	39392
17691	36425	1503	393	1511	0	39832
17692	2110	840	394	35612	0	38956
17693	1458	35900	333	1875	0	39566
17694	1147	1659	276	36466	0	39548
17695	928	953	35326	2127	0	39334
17696	917	35877	1473	1296	0	39563
17697	35155	1593	874	1055	0	38677
17698	35512	917	670	741	0	37840
17699	2285	628	434	34098	0	37445
17700	1354	456	346	35000	0	37156
17701	34298	307	355	2194	0	37154
17702	33456	311	350	1429	0	35546
17703	2153	33271	319	1107	0	36850
17704	28958	972	210	550	0	30690
17705	1372	414	27147	440	0	29373
17706	740	323	26716	426	0	28205
17707	486	25780	1046	437	0	27749
17708	342	26149	486	321	0	27298
17709	23883	859	433	265	0	25440
17710	701	24141	180	204	0	25226
17711	23556	655	107	195	0	24513
17712	23186	299	111	179	0	23775
17713	22960	182	106	196	0	23444
17714	881	147	116	22283	0	23427
17715	22669	141	102	628	0	23540
17716	756	117	21553	371	0	22797
17717	412	104	21472	219	0	22207
17718	272	21528	685	236	0	22721
17719	230	505	22116	218	0	23069
17720	258	233	652	20975	0	22118
17721	202	165	22032	627	0	23026
17722	240	129	21749	316	0	22434
17723	221	154	703	21626	0	22704
17724	21937	136	363	618	0	23054
17725	22166	119	244	342	0	22871
17726	772	143	22437	211	0	23563
17727	21679	135	589	251	0	22654
17728	716	103	22791	173	0	23783
17729	22365	111	656	200	0	23332
17730	23816	91	321	237	0	24465
17731	861	99	211	23354	0	24525
17732	483	93	169	22674	0	23419
17733	339	21650	164	775	0	22928
17734	260	22798	171	382	0	23611
17735	271	676	159	22225	0	23331
17736	244	286	165	22637	0	23332
17737	21872	187	151	712	0	22922
17738	588	21674	145	361	0	22768
17739	21705	521	150	287	0	22663
17740	610	21865	160	172	0	22807
17741	333	611	21579	140	0	22663
17742	300	252	490	21371	0	22413
17743	21639	166	254	580	0	22639
17744	22566	119	165	312	0	23162
17745	847	22565	125	245	0	23782
17746	383	23059	101	183	0	23726
17747	272	23920	124	141	0	24457
17748	248	809	118	24974	0	26149
17749	195	307	25324	708	0	26534
17750	182	25067	720	251	0	26220
17751	169	693	223	24877	0	25962
17752	130	237	149	25579	0	26095
17753	101	150	24835	798	0	25884
17754	113	118	24318	316	0	24865
17755	23500	79	791	231	0	24601
17756	720	83	25303	123	0	26229
17757	24665	106	690	124	0	25585
17758	24348	108	252	109	0	24817
17759	24506	105	163	130	0	24904
17760	24425	89	119	130	0	24763
17761	897	101	23368	122	0	24488
17762	374	23538	634	123	0	24669
17763	271	670	241	23279	0	24461
17764	189	254	23755	657	0	24855
17765	179	157	661	22901	0	23898
17766	184	21165	377	671	0	22397
17767	195	654	201	24301	0	25351
17768	205	260	140	24549	0	25154
17769	224	171	138	23974	0	24507
17770	23974	139	111	897	0	25121
17771	769	133	132	23742	0	24776
17772	381	140	144	24037	0	24702
17773	287	150	146	23909	0	24492
17774	175	22611	194	930	0	23910
17775	22425	647	145	423	0	23640
17776	704	21266	175	267	0	22412
17777	251	21899	153	203	0	22506
17778	240	698	131	21820	0	22889
17779	170	302	164	22078	0	22714
17780	21718	153	131	895	0	22897
17781	743	109	129	21981	0	22962
17782	22138	87	136	813	0	23174
17783	27078	100	139	396	0	27713
17784	1364	113	147	26605	0	28229
17785	633	152	134	26726	0	27645
17786	339	26872	150	1507	0	28868
17787	27674	1142	141	735	0	29692
17788	1285	28773	128	431	0	30617
17789	28837	1387	124	319	0	30667
17790	1489	629	27865	293	0	30276
17791	28079	325	1142	299	0	29845
17792	30039	212	497	344	0	31092
17793	1842	169	253	28582	0	30846
17794	839	169	28586	1461	0	31055
17795	487	28600	1281	736	0	31104
17796	408	1396	520	29308	0	31632
17797	345	647	29175	1568	0	31735
17798	336	349	1385	29055	0	31125
17799	28388	255	610	1687	0	30940
17800	1595	172	28135	812	0	30714
17801	735	27372	1411	534	0	30052
17802	468	29218	667	356	0	30709
17803	532	1872	323	24279	0	27006
17804	325	28646	202	1184	0	30357
17805	28223	1586	220	561	0	30590
17806	28551	710	154	467	0	29882
17807	29186	382	164	375	0	30107
17808	2033	309	26820	334	0	29496
17809	27763	268	1330	352	0	29713
17810	1724	249	588	26965	0	29526
17811	832	264	322	27825	0	29243
17812	550	252	218	28421	0	29441
17813	410	230	233	28493	0	29366
17814	408	217	26580	2174	0	29379
17815	354	252	26919	1034	0	28559
17816	346	198	27221	624	0	28389
17817	25272	230	1902	460	0	27864
17818	1563	25979	824	435	0	28801
17819	794	1368	467	25919	0	28548
17820	25853	658	270	1561	0	28342
17821	1558	25935	239	883	0	28615
17822	832	27401	262	537	0	29032
17823	26317	1848	263	429	0	28857
17824	27121	852	255	407	0	28635
17825	1953	26800	275	379	0	29407
17826	1005	1532	207	24315	0	27059
17827	602	26279	210	1436	0	28527
17828	25946	1526	217	780	0	28469
17829	25784	825	232	514	0	27355
17830	26382	519	190	422	0	27513
17831	2127	24929	227	372	0	27655
17832	1094	1439	189	25192	0	27914
17833	635	778	24820	1590	0	27823
17834	551	469	1318	25125	0	27463
17835	480	406	609	26279	0	27774
17836	492	357	24677	2000	0	27526
17837	24402	281	1430	966	0	27079
17838	1644	315	660	24988	0	27607
17839	883	346	381	25027	0	26637
17840	624	24601	251	1886	0	27362
17841	24632	1440	240	1004	0	27316
17842	1623	733	227	24045	0	26628
17843	861	24269	242	1620	0	26992
17844	23283	1364	256	868	0	25771
17845	1487	23415	224	555	0	25681
17846	22265	1364	192	486	0	24307
17847	1506	707	21569	449	0	24231
17848	802	412	19741	349	0	21304
17849	510	279	19829	282	0	20900
17850	359	19352	1582	377	0	21670
17851	473	1183	886	16999	0	19541
17852	385	19010	382	933	0	20710
17853	19102	1279	257	566	0	21204
17854	1245	679	19026	350	0	21300
17855	18789	413	1080	329	0	20611
17856	19787	382	611	223	0	21003
17857	1643	280	395	18805	0	21123
17858	19378	292	401	1102	0	21173
17859	1466	228	263	19326	0	21283
17860	760	297	18902	1264	0	21223
17861	18663	279	1053	701	0	20696
17862	1243	18770	624	414	0	21051
17863	731	1109	363	19019	0	21222
17864	19280	574	271	1130	0	21255
17865	1316	365	231	19261	0	21173
17866	804	276	18407	1301	0	20788
17867	527	186	1068	18392	0	20173
17868	397	18520	584	1286	0	20787
17869	18851	1083	314	680	0	20928
17870	1188	596	247	18787	0	20818
17871	19105	335	227	1221	0	20888
17872	1407	250	169	19040	0	20866
17873	761	201	178	18752	0	19892
17874	491	18493	207	1492	0	20683
17875	18500	1065	174	784	0	20523
17876	1161	19434	182	528	0	21305
17877	663	1167	180	17511	0	19521
17878	393	18291	129	1036	0	19849
17879	18139	1118	97	574	0	19928
17880	18099	587	112	441	0	19239
17881	18339	361	111	396	0	19207
17882	1527	16925	159	273	0	18884
17883	299	12683	76	127	0	13185
17884	12453	533	67	111	0	13164
17885	526	12565	42	119	0	13252
17886	268	615	96	11677	0	12656
17887	145	183	11325	360	0	12013
17888	10228	78	249	164	0	10719
17889	10628	72	90	117	0	10907
17890	10699	60	48	88	0	10895
17891	363	10552	41	71	0	11027
17892	10332	269	21	57	0	10679
17893	344	92	10644	49	0	11129
17894	129	10657	204	33	0	11023
17895	89	233	73	9918	0	10313
17896	32	10204	36	106	0	10378
17897	9786	120	17	47	0	9970
17898	115	10077	13	28	0	10233
17899	60	106	9	10051	0	10226
17900	33	10127	15	101	0	10276
17901	36	116	14	10445	0	10611
17902	40	45	10	10127	0	10222
17903	34	46	10201	124	0	10405
17904	32	32	92	9832	0	9988
17905	9900	19	44	139	0	10102
17906	9914	23	28	47	0	10012
17907	127	25	24	9879	0	10055
17908	53	30	9896	119	0	10098
17909	56	27	103	9711	0	9897
17910	9808	33	27	125	0	9993
17911	10518	13	30	100	0	10661
17912	10780	26	22	50	0	10878
17913	161	11260	15	39	0	11475
17914	11429	107	15	61	0	11612
17915	158	59	11123	26	0	11366
17916	12083	30	105	87	0	12305
17917	147	25	40	12686	0	12898
17918	71	25	28	12755	0	12879
17919	58	27	15	12931	0	13031
17920	12508	24	17	200	0	12749
17921	12351	22	11	104	0	12488
17922	187	28	13	12424	0	12652
17923	96	28	12547	162	0	12833
17924	80	19	128	12413	0	12640
17925	57	21	42	12347	0	12467
17926	48	35	12118	182	0	12383
17927	36	12094	138	110	0	12378
17928	46	135	52	12414	0	12647
17929	12665	43	38	181	0	12927
17930	161	43	15	12691	0	12910
17931	94	30	16	12703	0	12843
17932	12828	30	9	240	0	13107
17933	179	12659	17	108	0	12963
17934	83	12925	16	95	0	13119
17935	12767	177	11	75	0	13030
17936	173	96	12752	39	0	13060
17937	11915	63	131	95	0	12204
17938	200	46	13527	36	0	13809
17939	77	13815	159	42	0	14093
17940	13894	145	80	63	0	14182
17941	14144	55	39	57	0	14295
17942	14183	43	15	65	0	14306
17943	14268	32	17	72	0	14389
17944	237	48	14106	32	0	14423
17945	134	23	138	13726	0	14021
17946	14052	25	60	171	0	14308
17947	189	31	14547	63	0	14830
17948	90	33	14055	55	0	14233
17949	76	14248	161	34	0	14519
17950	14567	121	75	37	0	14800
17951	147	55	55	14400	0	14657
17952	14376	37	18	139	0	14570
17953	166	14667	18	56	0	14907
17954	88	126	16	15898	0	16128
17955	68	39	15	15869	0	15991
17956	59	32	14	16327	0	16432
17957	48	22	16537	282	0	16889
17958	32	16590	192	135	0	16949
17959	17818	218	91	87	0	18214
17960	286	84	51	17904	0	18325
17961	17881	47	26	290	0	18244
17962	17740	23	28	142	0	17933
17963	386	31	17	17768	0	18202
17964	199	21	18163	280	0	18663
17965	116	25	243	18038	0	18422
17966	49	18164	121	296	0	18630
17967	59	242	67	18661	0	19029
17968	37	117	18393	315	0	18862
17969	17944	63	257	163	0	18427
17970	289	38	119	18636	0	19082
17971	18473	26	71	318	0	18888
17972	345	21	18222	166	0	18754
17973	17062	17	252	155	0	17486
17974	361	24	18203	52	0	18640
17975	16805	17	283	93	0	17198
17976	326	17356	133	70	0	17885
17977	150	17962	79	88	0	18279
17978	100	335	40	18139	0	18614
17979	127	191	82	15987	0	16387
17980	61	80	31	18263	0	18435
17981	18292	33	38	417	0	18780
17982	266	33	26	18484	0	18809
17983	172	23	18337	333	0	18865
17984	17143	20	239	220	0	17622
17985	264	18526	125	136	0	19051
17986	18884	245	82	92	0	19303
17987	18394	135	43	98	0	18670
17988	409	82	18636	63	0	19190
17989	244	54	269	18027	0	18594
17990	145	40	128	19431	0	19744
17991	95	33	19705	425	0	20258
17992	78	19412	306	234	0	20030
17993	19025	288	154	151	0	19618
17994	19279	139	89	128	0	19635
17995	455	107	51	19546	0	20159
17996	252	44	58	19440	0	19794
17997	144	52	47	20500	0	20743
17998	19826	36	58	608	0	20528
17999	409	20126	51	301	0	20887
18000	20521	383	55	193	0	21152
18001	20427	168	54	139	0	20788
18002	601	109	21259	91	0	22060
18003	332	60	464	20368	0	21224
18004	190	21383	230	457	0	22260
18005	144	487	115	21933	0	22679
18006	151	225	60	22693	0	23129
18007	114	124	23047	733	0	24018
18008	23266	72	544	390	0	24272
18009	25748	76	230	278	0	26332
18010	27096	54	144	192	0	27486
18011	1069	62	95	25764	0	26990
18012	524	90	90	25223	0	25927
18013	284	24600	83	1019	0	25986
18014	198	26043	92	491	0	26824
18015	25616	969	96	301	0	26982
18016	835	24913	102	222	0	26072
18017	438	861	24594	178	0	26071
18018	297	384	755	25023	0	26459
18019	25338	185	357	900	0	26780
18020	934	112	24922	454	0	26422
18021	482	133	24702	292	0	25609
18022	25077	118	1056	238	0	26489
18023	25786	135	453	230	0	26604
18024	1258	127	225	25046	0	26656
18025	587	150	25061	945	0	26743
18026	380	133	836	25316	0	26665
18027	327	170	23926	1041	0	25464
18028	279	173	25066	525	0	26043
18029	263	25344	1078	386	0	27071
18030	25548	852	531	288	0	27219
18031	25828	386	306	277	0	26797
18032	1195	25444	221	265	0	27125
18033	701	875	204	25203	0	26983
18034	441	407	219	25717	0	26784
18035	335	249	238	26377	0	27199
18036	25510	144	217	1325	0	27196
18037	977	25221	205	659	0	27062
18038	24870	851	226	431	0	26378
18039	25053	394	218	305	0	25970
18040	1308	272	23897	259	0	25736
18041	658	23953	874	257	0	25742
18042	453	864	472	24329	0	26118
18043	330	440	24307	908	0	25985
18044	23593	260	888	549	0	25290
18045	24865	199	430	396	0	25890
18046	25048	211	300	305	0	25864
18047	24888	150	217	349	0	25604
18048	1432	149	208	23806	0	25595
18049	737	170	23377	953	0	25237
18050	567	181	837	23587	0	25172
18051	23456	204	425	1070	0	25155
18052	23709	145	273	618	0	24745
18053	1274	22867	236	408	0	24785
18054	22502	752	218	294	0	23766
18055	1120	404	21791	243	0	23558
18056	628	248	21809	276	0	22961
18057	21124	169	1012	262	0	22567
18058	1027	21345	478	228	0	23078
18059	612	648	239	19593	0	21092
18060	443	20311	183	659	0	21596
18061	410	733	179	20661	0	21983
18062	368	328	154	20866	0	21716
18063	347	213	184	21766	0	22510
18064	20527	189	182	1078	0	21976
18065	21404	180	147	515	0	22246
18066	21323	169	164	309	0	21965
18067	1106	191	20394	272	0	21963
18068	20399	157	761	262	0	21579
18069	1058	142	390	21007	0	22597
18070	615	147	288	22050	0	23100
18071	472	156	21761	1065	0	23454
18072	421	165	811	24050	0	25447
18073	25085	123	387	1210	0	26805
18074	1196	148	24879	559	0	26782
18075	609	117	1029	25228	0	26983
18076	25361	118	436	1187	0	27102
18077	25626	129	282	608	0	26645
18078	1486	138	24801	395	0	26820
18079	740	155	25402	322	0	26619
18080	550	120	1254	25572	0	27496
18081	25996	128	574	1166	0	27864
18082	26648	147	341	559	0	27695
18083	1483	139	254	24620	0	26496
18084	703	25804	231	1119	0	27857
18085	26024	932	250	546	0	27752
18086	1240	26137	261	494	0	28132
18087	699	1019	232	26303	0	28253
18088	516	358	25904	1156	0	27934
18089	489	230	25326	582	0	26627
18090	472	148	25953	370	0	26943
18091	484	119	1378	24542	0	26523
18092	390	128	622	25591	0	26731
18093	25013	103	419	1341	0	26876
18094	1152	24691	276	689	0	26808
18095	24910	887	255	460	0	26512
18096	1338	381	243	22888	0	24850
18097	620	23723	229	951	0	25523
18098	458	25404	221	460	0	26543
18099	435	1087	205	24741	0	26468
18100	24487	446	198	1087	0	26218
18101	1081	24700	209	552	0	26542
18102	23209	848	206	374	0	24637
18103	1002	23916	208	302	0	25428
18104	23636	910	208	277	0	25031
18105	1096	366	22819	266	0	24547
18106	531	267	22605	232	0	23635
18107	406	22112	936	196	0	23650
18108	20184	871	635	215	0	21905
18109	681	19183	219	114	0	20197
18110	262	18284	103	135	0	18784
18111	272	694	100	18574	0	19640
18112	18537	243	89	544	0	19413
18113	549	18849	103	248	0	19749
18114	18265	496	76	149	0	18986
18115	547	18286	61	98	0	18992
18116	17935	509	62	95	0	18601
18117	546	17698	83	58	0	18385
18118	215	18175	71	80	0	18541
18119	196	608	64	17021	0	17889
18120	140	17876	52	387	0	18455
18121	17614	573	48	143	0	18378
18122	488	219	17490	125	0	18322
18123	199	158	410	17459	0	18226
18124	167	148	17730	463	0	18508
18125	113	109	495	17412	0	18129
18126	146	92	163	17894	0	18295
18127	111	110	16907	585	0	17713
18128	15169	90	476	310	0	16045
18129	504	16373	200	200	0	17277
18130	16645	470	147	185	0	17447
18131	583	16831	107	167	0	17688
18132	307	530	90	16813	0	17740
18133	16901	203	110	506	0	17720
18134	16997	164	137	199	0	17497
18135	17223	124	98	202	0	17647
18136	709	124	95	16657	0	17585
18137	392	117	79	16685	0	17273
18138	254	17233	98	531	0	18116
18139	17332	509	100	299	0	18240
18140	17704	230	85	204	0	18223
18141	17586	190	110	154	0	18040
18142	17493	162	97	168	0	17920
18143	720	16712	136	111	0	17679
18144	331	489	144	16868	0	17832
18145	257	209	16685	494	0	17645
18146	15880	169	481	251	0	16781
18147	17243	154	158	242	0	17797
18148	718	147	16876	161	0	17902
18149	368	159	17087	157	0	17771
18150	303	192	563	16747	0	17805
18151	236	178	238	17493	0	18145
18152	198	174	157	17989	0	18518
18153	17414	204	108	703	0	18429
18154	622	160	95	17618	0	18495
18155	325	149	17055	661	0	18190
18156	227	165	543	17319	0	18254
18157	205	128	17565	661	0	18559
18158	181	159	585	17259	0	18184
18159	210	141	236	18951	0	19538
18160	183	139	18852	762	0	19936
18161	17386	127	648	374	0	18535
18162	671	18972	243	255	0	20141
18163	19141	681	156	188	0	20166
18164	785	296	104	19639	0	20824
18165	19489	257	93	745	0	20584
18166	831	20168	73	354	0	21426
18167	407	21729	87	234	0	22457
18168	293	1193	68	22529	0	24083
18169	267	475	23193	847	0	24782
18170	194	337	22371	366	0	23268
18171	229	22676	1058	246	0	24209
18172	19482	702	407	155	0	20746
18173	645	305	206	19450	0	20606
18174	19168	173	157	677	0	20175
18175	730	18785	126	340	0	19981
18176	349	19762	106	203	0	20420
18177	242	925	88	19367	0	20622
18178	19174	417	98	687	0	20376
18179	19516	268	70	354	0	20208
18180	949	204	18764	206	0	20123
18181	475	157	18261	157	0	19050
18182	18020	141	797	181	0	19139
18183	751	18434	380	152	0	19717
18184	18390	651	260	119	0	19420
18185	844	340	151	18059	0	19394
18186	433	197	17715	626	0	18971
18187	16773	146	661	341	0	17921
18188	717	17227	336	198	0	18478
18189	341	17981	226	160	0	18708
18190	318	799	188	17485	0	18790
18191	17775	399	131	653	0	18958
18192	727	249	126	17986	0	19088
18193	18509	194	120	746	0	19569
18194	804	196	17365	388	0	18753
18195	17890	166	537	265	0	18858
18196	18753	143	235	230	0	19361
18197	1027	154	17571	165	0	18917
18198	16995	123	623	187	0	17928
18199	870	17155	333	164	0	18522
18200	521	580	224	16602	0	17927
18201	369	17345	178	557	0	18449
18202	17602	688	159	266	0	18715
18203	787	348	169	16896	0	18200
18204	461	16964	152	619	0	18196
18205	346	687	127	16832	0	17992
18206	287	17274	115	681	0	18357
18207	238	778	83	17519	0	18618
18208	17341	413	93	779	0	18626
18209	713	265	77	17502	0	18557
18210	423	250	16930	779	0	18382
18211	16691	192	571	477	0	17931
18212	754	186	291	17196	0	18427
18213	444	178	16615	774	0	18011
18214	364	146	15840	478	0	16828
18215	311	136	17089	317	0	17853
18216	299	109	930	16555	0	17893
18217	302	114	474	17509	0	18399
18218	251	122	321	17665	0	18359
18219	237	128	288	17774	0	18427
18220	17298	145	221	1049	0	18713
18221	17829	127	208	622	0	18786
18222	18004	151	189	454	0	18798
18223	18372	150	161	395	0	19078
18224	1079	149	128	17696	0	19052
18225	604	146	17956	825	0	19531
18226	17983	144	596	519	0	19242
18227	19125	144	288	394	0	19951
18228	1073	142	220	18505	0	19940
18229	656	136	180	19119	0	20091
18230	19070	128	152	1032	0	20382
18231	942	109	176	18071	0	19298
18232	566	18009	179	922	0	19676
18233	18601	593	199	559	0	19952
18234	18704	326	201	409	0	19640
18235	1112	210	18805	345	0	20472
18236	659	179	690	18829	0	20357
18237	443	150	375	19802	0	20770
18238	19379	147	250	1048	0	20824
18239	19853	155	207	581	0	20796
18240	1154	131	159	19561	0	21005
18241	671	145	19109	933	0	20858
18242	546	115	19457	574	0	20692
18243	443	112	876	19785	0	21216
18244	445	131	431	20313	0	21320
18245	19843	96	292	1079	0	21310
18246	923	19078	245	631	0	20877
18247	596	19127	229	442	0	20394
18248	432	20253	219	384	0	21288
18249	392	831	206	19946	0	21375
18250	19846	391	222	846	0	21305
18251	19934	257	123	491	0	20805
18252	992	19861	114	385	0	21352
18253	20163	708	120	333	0	21324
18254	943	357	104	19878	0	21282
18255	518	261	20015	807	0	21601
18256	444	188	611	19813	0	21056
18257	410	171	270	20323	0	21174
18258	406	129	164	20432	0	21131
18259	18937	121	152	973	0	20183
18260	722	132	135	18280	0	19269
18261	444	18003	136	860	0	19443
18262	17727	448	197	543	0	18915
18263	657	17440	127	386	0	18610
18264	342	16803	123	284	0	17552
18265	265	17362	89	286	0	18002
18266	217	400	15641	200	0	16458
18267	142	14974	331	187	0	15634
18268	158	250	13171	104	0	13683
18269	11879	37	150	77	0	12143
18270	12559	15	38	88	0	12700
18271	156	16	13059	74	0	13305
18272	12878	17	116	119	0	13130
18273	13838	11	33	84	0	13966
18274	173	32	13798	52	0	14055
18275	75	14325	125	53	0	14578
18276	74	140	27	14449	0	14690
18277	14718	43	35	170	0	14966
18278	161	45	35	14402	0	14643
18279	15380	45	34	192	0	15651
18280	15226	42	28	94	0	15390
18281	181	35	15380	63	0	15659
18282	14833	30	129	89	0	15081
18283	186	15817	42	59	0	16104
18284	16078	132	28	75	0	16313
18285	182	53	18	16260	0	16513
18286	97	36	16215	156	0	16504
18287	87	45	134	15857	0	16123
18288	16053	39	47	192	0	16331
18289	158	16189	24	127	0	16498
18290	101	139	16138	81	0	16459
18291	102	46	140	15425	0	15713
18292	81	37	16190	174	0	16482
18293	74	16186	133	93	0	16486
18294	16189	144	52	83	0	16468
18295	187	45	45	16285	0	16562
18296	91	52	16353	179	0	16675
18297	89	59	15192	102	0	15442
18298	16395	52	161	104	0	16712
18299	206	59	50	16770	0	17085
18300	98	63	45	16820	0	17026
18301	79	72	16862	201	0	17214
18302	83	67	16376	93	0	16619
18303	82	17458	204	60	0	17804
18304	97	185	66	17622	0	17970
18305	97	75	61	17395	0	17628
18306	88	17548	59	215	0	17910
18307	81	195	17285	85	0	17646
18308	16589	66	198	98	0	16951
18309	229	44	63	17948	0	18284
18310	94	46	18281	247	0	18668
18311	105	35	204	17247	0	17591
18312	97	18005	77	201	0	18380
18313	89	195	17942	107	0	18333
18314	16640	75	209	123	0	17047
18315	263	55	18373	66	0	18757
18316	95	66	17720	60	0	17941
18317	86	53	17204	50	0	17393
18318	71	42	18644	60	0	18817
18319	86	28	326	18602	0	19042
18320	78	40	19984	306	0	20408
18321	71	59	326	19087	0	19543
18322	63	19761	77	307	0	20208
18323	20773	311	57	113	0	21254
18324	391	81	50	20854	0	21376
18325	135	54	20475	410	0	21074
18326	75	20342	374	154	0	20945
18327	55	359	127	20759	0	21300
18328	20563	115	79	408	0	21165
18329	363	20647	67	149	0	21226
18330	123	388	63	21146	0	21720
18331	21233	116	45	415	0	21809
18332	398	58	20943	121	0	21520
18333	20398	38	389	101	0	20926
18334	418	46	21428	53	0	21945
18335	19972	23	406	80	0	20481
18336	20432	41	124	58	0	20655
18337	454	26	20148	53	0	20681
18338	135	19788	358	47	0	20328
18339	107	322	182	18961	0	19572
18340	50	92	20251	346	0	20739
18341	54	63	379	18819	0	19315
18342	49	48	117	19418	0	19632
18343	39	41	19933	461	0	20474
18344	35	27	19601	156	0	19819
18345	44	25	453	19599	0	20121
18346	20185	28	161	407	0	20781
18347	357	19693	84	183	0	20317
18348	131	19975	63	78	0	20247
18349	19948	439	47	79	0	20513
18350	20246	146	53	86	0	20531
18351	473	80	42	20093	0	20688
18352	173	53	38	20229	0	20493
18353	90	36	53	20680	0	20859
18354	20052	31	50	569	0	20702
18355	367	19066	64	204	0	19701
18356	162	19653	69	132	0	20016
18357	113	457	59	19717	0	20346
18358	98	148	50	20057	0	20353
18359	97	77	56	20026	0	20256
18360	19714	59	62	570	0	20405
18361	397	20021	46	234	0	20698
18362	20251	410	62	151	0	20874
18363	486	156	20306	107	0	21055
18364	191	20572	431	103	0	21297
18365	121	473	178	20607	0	21379
18366	20616	178	102	531	0	21427
18367	512	92	20489	243	0	21336
18368	224	85	20428	180	0	20917
18369	155	71	629	20307	0	21162
18370	113	79	247	20994	0	21433
18371	93	95	120	20690	0	20998
18372	122	74	91	19570	0	19857
18373	117	73	102	19816	0	20108
18374	89	19116	88	770	0	20063
18375	124	471	78	19384	0	20057
18376	18839	184	117	658	0	19798
18377	503	19115	108	314	0	20040
18378	18975	512	94	250	0	19831
18379	610	211	18146	190	0	19157
18380	254	122	18353	197	0	18926
18381	153	92	651	19325	0	20221
18382	131	82	24230	665	0	25108
18383	134	75	1003	23794	0	25006
18384	158	102	474	23767	0	24501
18385	24274	91	242	1455	0	26062
18386	24338	100	156	680	0	25274
18387	1392	24839	130	350	0	26711
18388	636	26317	123	258	0	27334
18389	334	1454	134	25691	0	27613
18390	25854	674	133	1207	0	27868
18391	1178	310	25895	627	0	28010
18392	580	153	1169	25874	0	27776
18393	348	101	548	26518	0	27515
18394	215	115	25694	1695	0	27719
18395	173	25421	1215	874	0	27683
18396	204	1169	551	25304	0	27228
18397	150	549	25850	1375	0	27924
18398	179	284	1199	25640	0	27302
18399	24103	161	550	1539	0	26353
18400	1129	24306	308	745	0	26488
18401	524	25489	199	492	0	26704
18402	316	1549	186	24799	0	26850
18403	23835	708	163	1353	0	26059
18404	1151	24275	197	716	0	26339
18405	24763	1220	211	519	0	26713
18406	1386	581	24304	411	0	26682
18407	670	321	25628	374	0	26993
18408	478	240	1678	24080	0	26476
18409	341	207	773	26300	0	27621
18410	24911	238	404	1847	0	27400
18411	1416	263	228	25425	0	27332
18412	739	305	24560	1681	0	27285
18413	527	289	1206	24707	0	26729
18414	380	271	631	25867	0	27149
18415	318	234	24016	1953	0	26521
18416	22943	208	1315	1110	0	25576
18417	1288	232	713	24499	0	26732
18418	23261	199	408	1531	0	25399
18419	1283	21941	334	933	0	24491
18420	21965	1119	322	611	0	24017
18421	1250	21563	258	569	0	23640
18422	673	22377	301	492	0	23843
18423	431	1458	292	20962	0	23143
18424	20688	747	303	1232	0	22970
18425	21300	455	213	759	0	22727
18426	1498	333	208	20754	0	22793
18427	20848	280	184	1324	0	22636
18428	21375	260	167	800	0	22602
18429	1665	324	194	20733	0	22916
18430	19977	301	196	1314	0	21788
18431	1346	20225	241	831	0	22643
18432	20641	1111	260	582	0	22594
18433	1429	594	19506	520	0	22049
18434	20958	339	1035	558	0	22890
18435	1480	225	582	20612	0	22899
18436	785	165	418	21698	0	23066
18437	573	155	302	22153	0	23183
18438	455	175	292	22159	0	23081
18439	384	218	255	21731	0	22588
18440	403	19021	314	1960	0	21698
18441	414	21039	308	1066	0	22827
18442	20679	1335	235	754	0	23003
18443	1332	694	20309	580	0	22915
18444	20488	509	1042	492	0	22531
18445	1495	393	20625	489	0	23002
18446	872	358	1155	20200	0	22585
18447	662	355	515	21497	0	23029
18448	20646	373	328	1686	0	23033
18449	1457	350	20275	924	0	23006
18450	949	334	1044	20711	0	23038
18451	708	293	21451	1394	0	23846
18452	645	21831	1226	892	0	24594
18453	616	1066	597	22767	0	25046
18454	22710	559	366	1494	0	25129
18455	22093	386	275	958	0	23712
18456	23384	285	285	753	0	24707
18457	1826	22000	310	594	0	24730
18458	991	23673	295	620	0	25579
18459	20852	1474	301	636	0	23263
18460	1279	22895	273	670	0	25117
18461	743	23304	259	651	0	24957
18462	594	1439	22104	630	0	24767
18463	446	21865	1029	620	0	23960
18464	367	22421	526	562	0	23876
18465	421	1456	328	21973	0	24178
18466	375	826	21837	1256	0	24294
18467	435	484	21604	776	0	23299
18468	20890	352	1402	547	0	23191
18469	1287	314	22142	426	0	24169
18470	22243	263	1300	439	0	24245
18471	1451	269	663	21780	0	24163
18472	876	22206	420	1210	0	24712
18473	23333	996	342	796	0	25467
18474	24634	557	320	621	0	26132
18475	1639	369	274	24067	0	26349
18476	958	268	302	24692	0	26220
18477	666	284	265	25286	0	26501
18478	24035	238	228	1791	0	26292
18479	21865	317	257	1038	0	23477
18480	24341	315	205	656	0	25517
18481	1708	22077	168	471	0	24424
18482	17627	514	104	190	0	18435
18483	670	17105	108	181	0	18064
18484	364	17283	102	159	0	17908
18485	275	702	117	16357	0	17451
18486	165	16681	100	444	0	17390
18487	15733	362	58	180	0	16333
18488	411	144	55	15553	0	16163
18489	15111	106	34	338	0	15589
18490	336	14471	40	161	0	15008
18491	163	15260	41	113	0	15577
18492	15483	310	38	96	0	15927
18493	349	15806	51	106	0	16312
18494	217	300	74	15996	0	16587
18495	221	107	45	16232	0	16605
18496	16028	70	53	397	0	16548
18497	380	71	23	16236	0	16710
18498	154	58	16436	391	0	17039
18499	123	77	295	16451	0	16946
18500	16734	71	103	403	0	17311
18501	375	16856	70	167	0	17468
18502	17793	363	55	134	0	18345
18503	17249	128	52	140	0	17569
18504	17995	99	40	122	0	18256
18505	530	96	17469	92	0	18187
18506	242	70	16753	69	0	17134
18507	16405	86	392	74	0	16957
18508	428	16879	141	78	0	17526
18509	167	393	79	17277	0	17916
18510	142	156	53	17177	0	17528
18511	93	16422	62	437	0	17014
18512	89	17324	56	168	0	17637
18513	120	469	49	17383	0	18021
18514	95	203	34	17692	0	18024
18515	84	120	16989	514	0	17707
18516	99	108	15932	244	0	16383
18517	16531	92	457	147	0	17227
18518	17747	91	151	115	0	18104
18519	524	60	125	17464	0	18173
18520	227	56	17461	459	0	18203
18521	176	81	433	17246	0	17936
18522	17297	94	153	486	0	18030
18523	503	78	17150	211	0	17942
18524	238	73	408	17405	0	18124
18525	161	76	17341	467	0	18045
18526	136	16997	465	220	0	17818
18527	120	401	17329	150	0	18000
18528	163	218	445	16815	0	17641
18529	17346	115	208	426	0	18095
18530	412	104	126	17644	0	18286
18531	17631	64	94	497	0	18286
18532	17992	97	68	228	0	18385
18533	17596	73	96	177	0	17942
18534	568	63	16925	173	0	17729
18535	17213	58	390	139	0	17800
18536	544	67	157	17420	0	18188
18537	282	59	131	17572	0	18044
18538	200	73	17358	511	0	18142
18539	183	115	364	17371	0	18033
18540	17704	53	184	500	0	18441
18541	446	17797	112	250	0	18605
18542	18519	358	84	215	0	19176
18543	18773	127	60	200	0	19160
18544	19023	91	100	136	0	19350
18545	596	73	72	18509	0	19250
18546	317	72	18728	461	0	19578
18547	223	98	415	18834	0	19570
18548	222	47	161	19356	0	19786
18549	19006	50	113	644	0	19813
18550	18489	68	91	309	0	18957
18551	594	61	17754	212	0	18621
18552	292	67	444	17552	0	18355
18553	221	61	17795	523	0	18600
18554	17799	47	547	272	0	18665
18555	568	19585	225	178	0	20556
18556	19692	496	144	129	0	20461
18557	648	19910	104	127	0	20789
18558	19817	560	85	153	0	20615
18559	663	19811	96	124	0	20694
18560	334	608	74	19730	0	20746
18561	230	226	75	20570	0	21101
18562	20334	153	80	729	0	21296
18563	20193	107	76	337	0	20713
18564	20581	61	86	227	0	20955
18565	19713	96	85	186	0	20080
18566	20405	68	67	162	0	20702
18567	909	71	65	19516	0	20561
18568	455	19472	70	565	0	20562
18569	373	518	67	19131	0	20089
18570	258	19195	56	623	0	20132
18571	245	587	45	18647	0	19524
18572	183	18950	57	635	0	19825
18573	210	581	59	18656	0	19506
18574	196	235	17659	665	0	18755
18575	16749	143	508	324	0	17724
18576	627	17662	181	229	0	18699
18577	17778	544	126	208	0	18656
18578	721	204	17435	171	0	18531
18579	17052	158	531	187	0	17928
18580	757	136	18256	122	0	19271
18581	389	131	610	18108	0	19238
18582	257	19514	227	625	0	20623
18583	220	685	19781	270	0	20956
18584	192	258	730	19779	0	20959
18585	18577	202	309	811	0	19899
18586	769	144	220	20105	0	21238
18587	383	118	124	20572	0	21197
18588	311	113	107	20897	0	21428
18589	260	81	19820	1084	0	21245
18590	247	96	711	19545	0	20599
18591	213	19206	299	945	0	20663
18592	207	653	202	19695	0	20757
18593	203	281	133	19891	0	20508
18594	19301	201	117	990	0	20609
18595	786	144	110	19877	0	20917
18596	394	113	19999	964	0	21470
18597	295	128	19855	503	0	20781
18598	193	95	20012	392	0	20692
18599	162	19540	1030	297	0	21029
18600	19449	712	530	246	0	20937
18601	764	19617	286	218	0	20885
18602	19295	818	222	195	0	20530
18603	912	381	159	19039	0	20491
18604	444	245	19133	807	0	20629
18605	321	158	18619	415	0	19513
18606	231	19530	988	304	0	21053
18607	225	781	499	19507	0	21012
18608	182	402	317	20193	0	21094
18609	190	259	214	20550	0	21213
18610	164	201	19630	1244	0	21239
18611	18111	166	835	670	0	19782
18612	855	142	19825	457	0	21279
18613	457	133	986	19325	0	20901
18614	362	127	482	20482	0	21453
18615	244	146	19630	1201	0	21221
18616	18372	154	896	696	0	20118
18617	858	19626	441	520	0	21445
18618	19850	829	311	413	0	21403
18619	1008	368	249	19265	0	20890
18620	476	19625	252	931	0	21284
18621	356	861	243	20180	0	21640
18622	19907	400	210	1135	0	21652
18623	917	286	190	20103	0	21496
18624	479	188	19374	1169	0	21210
18625	19024	169	862	644	0	20699
18626	20028	179	455	474	0	21136
18627	1213	182	19378	338	0	21111
18628	645	175	884	19375	0	21079
18629	19950	178	472	1034	0	21634
18630	1003	160	309	19663	0	21135
18631	572	157	239	19783	0	20751
18632	428	148	243	19773	0	20592
18633	344	142	216	20059	0	20761
18634	319	148	18722	1416	0	20605
18635	334	130	872	19149	0	20485
18636	283	143	18767	1276	0	20469
18637	18182	124	1052	746	0	20104
18638	19242	106	521	612	0	20481
18639	19178	134	394	480	0	20186
18640	19325	114	295	462	0	20196
18641	1373	106	291	18248	0	20018
18642	17960	129	228	1079	0	19396
18643	1117	99	17452	685	0	19353
18644	609	107	17351	553	0	18620
18645	16630	88	1071	471	0	18260
18646	962	16452	595	420	0	18429
18647	550	17111	362	388	0	18411
18648	474	890	296	16763	0	18423
18649	367	439	16621	939	0	18366
18650	15752	262	841	637	0	17492
18651	964	170	16720	453	0	18307
18652	514	15526	887	405	0	17332
18653	443	633	15679	319	0	17074
18654	378	14723	819	288	0	16208
18655	13350	722	443	268	0	14783
18656	663	13167	297	281	0	14408
18657	373	13126	211	281	0	13991
18658	300	693	248	12975	0	14216
18659	295	378	12799	641	0	14113
18660	228	267	661	12232	0	13388
18661	236	208	349	12986	0	13779
18662	229	175	12440	839	0	13683
18663	217	178	643	12005	0	13043
18664	253	11852	386	712	0	13203
18665	246	557	282	12670	0	13755
18666	12515	318	249	749	0	13831
18667	651	216	208	12779	0	13854
18668	389	159	12554	780	0	13882
18669	320	172	604	12862	0	13958
18670	225	151	12718	841	0	13935
18671	12428	164	702	511	0	13805
18672	649	138	365	12884	0	14036
18673	12931	173	301	763	0	14168
18674	731	134	12830	501	0	14196
18675	11932	91	618	435	0	13076
18676	699	12794	369	337	0	14199
18677	387	510	12947	302	0	14146
18678	338	329	614	12675	0	13956
18679	237	205	13181	654	0	14277
18680	252	12086	650	418	0	13406
18681	234	12938	333	313	0	13818
18682	11640	528	170	239	0	12577
18683	496	12360	177	221	0	13254
18684	12648	482	177	215	0	13522
18685	594	257	146	12809	0	13806
18686	290	175	12652	535	0	13652
18687	207	12800	510	319	0	13836
18688	229	481	296	12924	0	13930
18689	210	315	162	13615	0	14302
18690	190	205	161	13938	0	14494
18691	201	147	131	13429	0	13908
18692	174	12417	154	763	0	13508
18693	170	13430	134	393	0	14127
18694	12689	565	125	276	0	13655
18695	482	12557	122	248	0	13409
18696	168	437	96	11840	0	12541
18697	127	202	11584	456	0	12369
18698	110	11546	381	220	0	12257
18699	117	416	158	11473	0	12164
18700	118	198	111	11421	0	11848
18701	90	11383	83	486	0	12042
18702	10947	402	62	256	0	11667
18703	363	196	10909	169	0	11637
18704	10188	143	319	152	0	10802
18705	372	10939	141	136	0	11588
18706	10102	328	66	100	0	10596
18707	316	10380	49	69	0	10814
18708	165	371	44	10970	0	11550
18709	76	165	69	11311	0	11621
18710	10932	108	42	475	0	11557
18711	362	119	41	11204	0	11726
18712	165	97	10957	422	0	11641
18713	108	10448	318	206	0	11080
18714	83	11039	136	158	0	11416
18715	103	448	80	10922	0	11553
18716	94	220	10935	360	0	11609
18717	74	146	312	10755	0	11287
18718	74	129	124	11106	0	11433
18719	67	106	10634	478	0	11285
18720	70	104	10339	253	0	10766
18721	63	10721	388	187	0	11359
18722	10777	338	168	142	0	11425
18723	328	189	96	10593	0	11206
18724	149	10379	76	360	0	10964
18725	10729	378	74	218	0	11399
18726	336	180	91	10810	0	11417
18727	142	146	62	10782	0	11132
18728	94	10441	72	514	0	11121
18729	69	350	61	10573	0	11053
18730	10358	202	69	452	0	11081
18731	361	135	64	10539	0	11099
18732	171	119	71	10768	0	11129
18733	108	117	10272	518	0	11015
18734	118	110	9693	277	0	10198
18735	10223	114	409	204	0	10950
18736	359	106	185	10422	0	11072
18737	166	94	103	10631	0	10994
18738	126	123	63	10809	0	11121
18739	111	112	10301	570	0	11094
18740	10135	92	357	323	0	10907
18741	385	97	159	10444	0	11085
18742	188	113	107	10721	0	11129
18743	10230	78	100	581	0	10989
18744	374	10098	115	335	0	10922
18745	180	402	9965	254	0	10801
18746	151	166	354	9713	0	10384
18747	130	9888	187	453	0	10658
18748	95	369	128	10310	0	10902
18749	10012	179	140	512	0	10843
18750	391	152	113	10115	0	10771
18751	9945	130	87	520	0	10682
18752	10006	111	73	360	0	10550
18753	514	111	98	9632	0	10355
18754	255	9342	78	498	0	10173
18755	159	9895	74	352	0	10480
18756	130	442	9628	273	0	10473
18757	129	228	378	9076	0	9811
18758	102	185	171	9890	0	10348
18759	125	127	129	10160	0	10541
18760	9701	117	104	643	0	10565
18761	384	143	86	9958	0	10571
18762	261	89	9706	548	0	10604
18763	9705	77	366	385	0	10533
18764	411	96	171	10350	0	11028
18765	262	118	123	10571	0	11074
18766	173	101	10190	617	0	11081
18767	9859	103	351	397	0	10710
18768	410	115	183	10347	0	11055
18769	214	99	10293	574	0	11180
18770	175	81	380	10354	0	10990
18771	173	80	212	9527	0	9992
18772	152	10253	170	566	0	11141
18773	10196	352	117	373	0	11038
18774	10035	173	113	319	0	10640
18775	476	9892	111	273	0	10752
18776	9847	349	124	237	0	10557
18777	9978	159	91	261	0	10489
18778	508	109	85	9735	0	10437
18779	276	68	9152	480	0	9976
18780	206	46	8610	306	0	9168
18781	131	67	8480	240	0	8918
18782	104	70	8657	200	0	9031
18783	90	166	432	7608	0	8296
18784	87	60	182	8037	0	8366
18785	73	56	109	8024	0	8262
18786	101	37	61	8211	0	8410
18787	8077	42	53	477	0	8649
18788	299	8316	65	270	0	8950
18789	8418	230	49	158	0	8855
18790	342	110	8358	137	0	8947
18791	179	69	8893	116	0	9257
18792	135	100	344	9047	0	9626
18793	9259	30	208	367	0	9864
18794	8858	28	99	208	0	9193
18795	384	8874	78	161	0	9497
18796	159	9299	67	130	0	9655
18797	119	309	57	9349	0	9834
18798	9238	144	41	316	0	9739
18799	264	9251	57	206	0	9778
18800	9382	261	47	125	0	9815
18801	9517	137	46	128	0	9828
18802	9580	71	47	120	0	9818
18803	421	52	9335	88	0	9896
18804	242	9362	237	77	0	9918
18805	9265	221	102	91	0	9679
18806	9279	117	93	89	0	9578
18807	353	8893	43	64	0	9353
18808	123	8506	32	48	0	8709
18809	8483	234	35	39	0	8791
18810	245	107	37	8418	0	8807
18811	136	61	8481	181	0	8859
18812	8193	43	176	94	0	8506
18813	225	44	73	8611	0	8953
18814	118	8850	40	180	0	9188
18815	82	197	25	9083	0	9387
18816	61	94	9111	227	0	9493
18817	72	59	207	9080	0	9418
18818	9557	38	82	253	0	9930
18819	242	49	51	9643	0	9985
18820	111	35	41	9752	0	9939
18821	91	30	9831	304	0	10256
18822	73	29	223	9459	0	9784
18823	62	9808	78	257	0	10205
18824	9889	227	45	133	0	10294
18825	9731	87	38	87	0	9943
18826	291	53	9893	90	0	10327
18827	146	44	227	9502	0	9919
18828	94	9305	88	383	0	9870
18829	85	10006	49	116	0	10256
18830	9888	283	45	86	0	10302
18831	264	112	42	10071	0	10489
18832	110	67	10008	265	0	10450
18833	97	55	9826	123	0	10101
18834	73	43	298	10009	0	10423
18835	9957	34	128	260	0	10379
18836	9972	34	70	150	0	10226
18837	331	28	60	10255	0	10674
18838	150	44	10467	262	0	10923
18839	95	10410	243	120	0	10868
18840	10421	236	96	95	0	10848
18841	280	10562	73	65	0	10980
18842	10680	253	54	82	0	11069
18843	278	115	57	10684	0	11134
18844	130	81	10632	264	0	11107
18845	123	58	232	10478	0	10891
18846	10650	54	91	305	0	11100
18847	282	47	10642	134	0	11105
18848	132	10722	245	112	0	11211
18849	117	225	120	10772	0	11234
18850	10875	97	80	288	0	11340
18851	299	71	10841	126	0	11337
18852	151	64	262	10794	0	11271
18853	135	57	123	11177	0	11492
18854	96	57	11087	358	0	11598
18855	114	48	260	10800	0	11222
18856	95	55	11034	316	0	11500
18857	10642	59	281	171	0	11153
18858	281	56	127	11537	0	12001
18859	172	59	12334	297	0	12862
18860	127	12315	302	170	0	12914
18861	12676	270	144	138	0	13228
18862	13661	118	173	131	0	14083
18863	451	82	81	14820	0	15434
18864	190	15228	86	442	0	15946
18865	15353	478	74	183	0	16088
18866	551	168	55	15397	0	16171
18867	225	111	15315	527	0	16178
18868	14689	97	464	239	0	15489
18869	536	14951	175	168	0	15830
18870	237	474	118	15151	0	15980
18871	15217	144	99	531	0	15991
18872	552	129	14783	203	0	15667
18873	220	109	15140	147	0	15616
18874	203	85	575	14546	0	15409
18875	149	73	15298	538	0	16058
18876	152	62	588	14589	0	15391
18877	121	14757	244	528	0	15650
18878	113	463	177	15692	0	16445
18879	15395	149	138	645	0	16327
18880	527	122	15519	280	0	16448
18881	199	15558	526	218	0	16501
18882	168	472	198	15584	0	16422
18883	129	165	15917	572	0	16783
18884	133	199	522	14817	0	15671
18885	100	15075	210	517	0	15902
18886	86	15730	149	223	0	16188
18887	14826	497	110	201	0	15634
18888	425	15292	112	137	0	15966
18889	118	467	14572	109	0	15266
18890	13168	185	439	124	0	13916
18891	425	126	14528	76	0	15155
18892	159	108	438	13278	0	13983
18893	122	68	14390	385	0	14965
18894	100	14312	404	129	0	14945
18895	93	364	167	14324	0	14948
18896	94	123	121	14430	0	14768
18897	72	91	121	14126	0	14410
18898	57	100	14190	514	0	14861
18899	76	82	398	13846	0	14402
18900	79	66	127	14619	0	14891
18901	14008	69	107	575	0	14759
18902	14054	52	117	250	0	14473
18903	453	67	14051	180	0	14751
18904	186	13766	398	181	0	14531
18905	155	359	14184	132	0	14830
18906	136	98	442	14185	0	14861
18907	95	109	14583	412	0	15199
18908	66	79	489	14141	0	14775
18909	66	82	160	14913	0	15221
18910	63	61	14612	509	0	15245
18911	12859	66	449	275	0	13649
18912	362	14663	168	214	0	15407
18913	121	380	139	14785	0	15425
18914	120	110	15097	452	0	15779
18915	120	98	14351	190	0	14759
18916	13867	94	433	182	0	14576
18917	341	14690	201	136	0	15368
18918	119	354	163	14801	0	15437
18919	15084	111	117	426	0	15738
18920	412	95	115	15128	0	15750
18921	154	92	90	15629	0	15965
18922	122	62	15401	534	0	16119
18923	14218	69	393	306	0	14986
18924	15706	55	174	213	0	16148
18925	495	59	129	15639	0	16322
18926	15588	55	123	459	0	16225
18927	490	60	96	15526	0	16172
18928	213	14803	103	496	0	15615
18929	165	15840	94	220	0	16319
18930	127	443	97	16057	0	16724
18931	15670	152	83	511	0	16416
18932	405	135	81	15754	0	16375
18933	15911	90	67	524	0	16592
18934	16164	87	68	249	0	16568
18935	538	52	73	15876	0	16539
18936	253	61	68	16249	0	16631
18937	191	52	15619	570	0	16432
18938	154	61	15805	268	0	16288
18939	129	48	514	15777	0	16468
18940	111	48	16923	541	0	17623
18941	16392	42	525	250	0	17209
18942	456	60	218	18080	0	18814
18943	178	56	18825	590	0	19649
18944	18022	52	595	298	0	18967
18945	20067	38	257	247	0	20609
18946	803	20478	198	174	0	21653
18947	431	592	141	21382	0	22546
18948	304	242	21989	646	0	23181
18949	21702	164	626	375	0	22867
18950	23085	97	297	268	0	23747
18951	886	76	23042	191	0	24195
18952	23326	60	688	205	0	24279
18953	842	54	347	23055	0	24298
18954	441	41	237	23778	0	24497
18955	23394	40	159	888	0	24481
18956	23595	50	120	497	0	24262
18957	920	81	127	23120	0	24248
18958	529	37	22768	735	0	24069
18959	353	21817	569	395	0	23134
18960	255	520	22100	299	0	23174
18961	228	232	21873	200	0	22533
18962	198	21276	829	166	0	22469
18963	247	459	436	19270	0	20412
18964	114	207	202	19825	0	20348
18965	118	137	19546	544	0	20345
18966	155	61	443	19112	0	19771
18967	19612	50	262	596	0	20520
18968	466	49	19871	332	0	20718
18969	19621	43	476	274	0	20414
18970	20557	38	288	188	0	21071
18971	20758	35	198	166	0	21157
18972	845	63	19971	123	0	21002
18973	492	61	19980	141	0	20674
18974	331	61	613	19866	0	20871
18975	268	53	393	19065	0	19779
18976	197	20161	254	597	0	21209
18977	20142	414	183	352	0	21091
18978	20154	209	175	270	0	20808
18979	704	20082	151	180	0	21117
18980	20263	425	116	215	0	21019
18981	637	19871	115	191	0	20814
18982	20317	504	136	210	0	21167
18983	669	242	133	19763	0	20807
18984	387	170	19978	514	0	21049
18985	273	117	19747	318	0	20455
18986	229	113	671	19890	0	20903
18987	193	92	430	20191	0	20906
18988	184	80	20005	652	0	20921
18989	169	92	560	19513	0	20334
18990	202	100	367	19340	0	20009
18991	19733	62	262	784	0	20841
18992	20025	72	190	478	0	20765
18993	19734	64	159	352	0	20309
18994	835	67	19242	210	0	20354
18995	516	19292	521	173	0	20502
18996	387	422	308	19588	0	20705
18997	319	217	19994	472	0	21002
18998	245	20029	556	283	0	21113
18999	20491	450	339	257	0	21537
19000	574	248	269	20483	0	21574
19001	395	163	190	20815	0	21563
19002	20657	119	162	738	0	21676
19003	619	101	167	20662	0	21549
19004	430	100	153	20675	0	21358
19005	20616	111	139	792	0	21658
19006	650	128	19940	463	0	21181
19007	412	19815	532	326	0	21085
19008	20019	481	309	237	0	21046
19009	636	280	20372	218	0	21506
19010	19735	164	556	245	0	20700
19011	644	20801	386	229	0	22060
19012	20758	456	286	235	0	21735
19013	20754	242	208	275	0	21479
19014	20353	186	199	247	0	20985
19015	868	122	183	19651	0	20824
19016	544	115	170	19837	0	20666
19017	385	19336	163	756	0	20640
19018	360	19489	157	442	0	20448
19019	346	19865	140	315	0	20666
19020	19672	582	152	255	0	20661
19021	579	326	19381	209	0	20495
19022	378	206	445	19210	0	20239
19023	309	151	294	19266	0	20020
19024	243	19310	213	616	0	20382
19025	251	470	149	19599	0	20469
19026	234	275	133	19231	0	19873
19027	234	19631	149	693	0	20707
19028	19462	479	146	453	0	20540
19029	538	19895	116	331	0	20880
19030	328	510	19325	245	0	20408
19031	18982	272	422	267	0	19943
19032	538	19848	264	244	0	20894
19033	19712	436	187	207	0	20542
19034	602	276	156	19486	0	20520
19035	399	183	134	19663	0	20379
19036	311	139	19464	579	0	20493
19037	256	161	19154	335	0	19906
19038	278	155	496	19241	0	20170
19039	19222	118	272	470	0	20082
19040	18625	81	161	282	0	19149
19041	627	18870	125	217	0	19839
19042	297	18343	90	121	0	18851
19043	167	18217	49	93	0	18526
19044	291	627	144	17526	0	18588
19045	17330	105	225	396	0	18056
19046	17543	50	31	133	0	17757
19047	17251	29	17	96	0	17393
19048	546	36	16304	55	0	16941
19049	170	20155	445	51	0	20821
19050	93	468	121	22436	0	23118
19051	22608	134	45	692	0	23479
19052	689	57	28	22777	0	23551
19053	184	43	26	23968	0	24221
19054	23546	33	26	875	0	24480
19055	25213	44	24	257	0	25538
19056	1008	55	24896	112	0	26071
19057	356	25	806	24895	0	26082
19058	172	41	24821	833	0	25867
19059	120	47	851	24660	0	25678
19060	99	49	24652	935	0	25735
19061	101	103	867	24489	0	25560
19062	23645	35	275	988	0	24943
19063	798	23668	135	336	0	24937
19064	288	25172	73	211	0	25744
19065	276	981	67	22015	0	23339
19066	121	25214	61	692	0	26088
19067	24995	908	66	275	0	26244
19068	24850	302	62	163	0	25377
19069	1089	140	24134	125	0	25488
19070	375	24253	847	124	0	25599
19071	199	804	277	24562	0	25842
19072	131	265	24511	864	0	25771
19073	24090	142	854	341	0	25427
19074	929	117	285	24523	0	25854
19075	343	98	24684	865	0	25990
19076	211	94	845	24756	0	25906
19077	24707	94	303	955	0	26059
19078	877	98	24366	367	0	25708
19079	24135	76	846	222	0	25279
19080	25326	67	296	149	0	25838
19081	1174	69	168	24423	0	25834
19082	418	86	24091	871	0	25466
19083	238	90	23725	368	0	24421
19084	23329	70	1070	228	0	24697
19085	24520	56	394	200	0	25170
19086	1166	60	23744	159	0	25129
19087	534	65	893	23463	0	24955
19088	333	57	361	23173	0	23924
19089	203	23603	232	1039	0	25077
19090	212	798	168	24055	0	25233
19091	23880	271	159	1018	0	25328
19092	1014	126	131	23968	0	25239
19093	424	89	23472	1042	0	25027
19094	22941	68	926	463	0	24398
19095	995	85	370	23228	0	24678
19096	442	105	23154	964	0	24665
19097	283	22610	926	425	0	24244
19098	21960	834	375	312	0	23481
19099	917	22919	227	298	0	24361
19100	22749	919	166	288	0	24122
19101	1083	346	22306	251	0	23986
19102	494	21660	887	269	0	23310
19103	352	23157	370	229	0	24108
19104	292	1077	258	22106	0	23733
19105	291	391	231	23003	0	23916
19106	257	222	22241	1242	0	23962
19107	267	130	944	22527	0	23868
19108	22158	134	448	1150	0	23890
19109	984	156	21625	551	0	23316
19110	511	168	985	21608	0	23272
19111	324	171	21443	1065	0	23003
19112	20466	181	1028	520	0	22195
19113	991	21303	474	392	0	23160
19114	21334	916	311	379	0	22940
19115	22357	397	262	336	0	23352
19116	22658	267	233	336	0	23494
19117	1426	202	21061	316	0	23005
19118	674	21310	1012	271	0	23267
19119	470	938	435	21304	0	23147
19120	344	401	344	23132	0	24221
19121	23346	240	321	1411	0	25318
19122	1327	200	275	23669	0	25471
19123	23699	144	328	1424	0	25595
19124	24233	159	302	720	0	25414
19125	24535	168	280	486	0	25469
19126	24708	178	293	389	0	25568
19127	1809	193	244	23120	0	25366
19128	23492	147	242	1304	0	25185
19129	1548	167	22200	637	0	24552
19130	22409	199	1174	446	0	24228
19131	23679	169	548	350	0	24746
19132	1729	207	22042	349	0	24327
19133	22569	198	1186	293	0	24246
19134	23749	149	535	345	0	24778
19135	1760	144	344	22342	0	24590
19136	924	138	355	23167	0	24584
19137	22526	196	259	1569	0	24550
19138	1538	132	271	22437	0	24378
19139	868	113	301	22134	0	23416
19140	642	20893	231	1595	0	23361
19141	529	851	282	21231	0	22893
19142	20601	325	274	1294	0	22494
19143	1316	180	183	20581	0	22260
19144	709	115	259	20369	0	21452
19145	540	19278	254	1372	0	21444
19146	546	813	214	19087	0	20660
19147	598	330	226	19139	0	20293
19148	18133	189	191	1226	0	19739
19149	1016	250	119	13805	0	15190
19150	386	83	11666	750	0	12885
19151	267	10559	487	447	0	11760
19152	198	10882	247	256	0	11583
19153	10282	542	132	203	0	11159
19154	536	10522	78	191	0	11327
19155	9165	396	95	110	0	9766
19156	401	9149	31	150	0	9731
19157	9497	409	34	99	0	10039
19158	508	192	18	9359	0	10077
19159	253	99	17	9622	0	9991
19160	180	9432	29	541	0	10182
19161	197	399	36	9701	0	10333
19162	119	163	9607	546	0	10435
19163	9193	104	369	265	0	9931
19164	454	10052	140	203	0	10849
19165	9972	417	95	144	0	10628
19166	10095	207	59	105	0	10466
19167	10327	133	40	102	0	10602
19168	704	90	45	9713	0	10552
19169	368	98	34	9722	0	10222
19170	245	9651	17	597	0	10510
19171	9611	455	24	319	0	10409
19172	526	9830	19	219	0	10594
19173	10048	489	22	171	0	10730
19174	569	233	9958	148	0	10908
19175	10592	144	442	161	0	11339
19176	683	87	176	10562	0	11508
19177	357	100	10497	584	0	11538
19178	286	63	10727	320	0	11396
19179	207	94	687	10668	0	11656
19180	217	59	10862	598	0	11736
19181	208	65	638	10666	0	11577
19182	10199	44	277	691	0	11211
19183	607	62	156	10574	0	11399
19184	348	80	10109	697	0	11234
19185	258	9678	516	356	0	10808
19186	214	10519	244	257	0	11234
19187	188	666	196	10168	0	11218
19188	10206	324	95	625	0	11250
19189	616	177	80	10449	0	11322
19190	372	98	84	10771	0	11325
19191	254	75	89	11019	0	11437
19192	191	85	81	11099	0	11456
19193	153	86	10494	931	0	11664
19194	170	61	10432	510	0	11173
19195	10266	65	727	312	0	11370
19196	10860	84	341	282	0	11567
19197	820	63	202	10533	0	11618
19198	454	73	135	10932	0	11594
19199	271	79	10420	831	0	11601
19200	179	10457	542	471	0	11649
19201	10416	563	281	302	0	11562
19202	10931	281	148	268	0	11628
19203	841	169	92	10618	0	11720
19204	423	123	10521	716	0	11783
19205	291	99	512	10423	0	11325
19206	199	10523	277	706	0	11705
19207	173	533	10637	394	0	11737
19208	10470	268	591	304	0	11633
19209	650	181	290	10996	0	12117
19210	11237	124	191	690	0	12242
19211	727	85	10701	410	0	11923
19212	10888	107	563	312	0	11870
19213	715	112	309	10969	0	12105
19214	10948	92	228	662	0	11930
19215	767	113	123	10607	0	11610
19216	420	9994	121	761	0	11296
19217	312	10717	132	372	0	11533
19218	229	698	128	10321	0	11376
19219	172	282	9888	561	0	10903
19220	137	9670	463	319	0	10589
19221	153	347	215	8844	0	9559
19222	8543	151	144	425	0	9263
19223	8739	117	65	235	0	9156
19224	469	72	73	8668	0	9282
19225	279	66	80	8688	0	9113
19226	189	8162	79	463	0	8893
19227	137	8761	62	278	0	9238
19228	8589	404	58	238	0	9289
19229	368	207	69	8618	0	9262
19230	201	150	73	8875	0	9299
19231	145	83	8533	559	0	9320
19232	99	55	359	8589	0	9102
19233	112	71	210	8662	0	9055
19234	117	68	130	8903	0	9218
19235	135	45	8539	600	0	9319
19236	110	51	350	8712	0	9223
19237	8493	61	207	533	0	9294
19238	358	64	8380	312	0	9114
19239	8867	76	365	286	0	9594
19240	438	69	193	9129	0	9829
19241	261	70	112	9521	0	9964
19242	181	44	91	9895	0	10211
19243	126	34	9366	650	0	10176
19244	8836	49	378	398	0	9661
19245	379	9663	219	248	0	10509
19246	9858	352	145	206	0	10561
19247	479	9960	86	193	0	10718
19248	242	404	84	10149	0	10879
19249	10151	184	91	515	0	10941
19250	459	112	9875	299	0	10745
19251	9602	82	387	248	0	10319
19252	520	61	10203	149	0	10933
19253	282	80	433	10051	0	10846
19254	181	46	10037	477	0	10741
19255	143	9843	434	299	0	10719
19256	150	342	226	9696	0	10414
19257	9400	160	136	425	0	10121
19258	332	107	81	9263	0	9783
19259	200	9115	71	395	0	9781
19260	151	279	71	9417	0	9918
19261	9117	158	47	411	0	9733
19262	9023	90	51	269	0	9433
19263	477	8765	73	167	0	9482
19264	215	8220	39	110	0	8584
19265	130	309	46	8183	0	8668
19266	72	156	29	8414	0	8671
19267	8290	77	38	376	0	8781
19268	8140	58	28	201	0	8427
19269	335	8177	43	136	0	8691
19270	194	252	33	8027	0	8506
19271	116	119	30	8258	0	8523
19272	77	93	7955	370	0	8495
19273	72	7682	223	233	0	8210
19274	85	7696	96	119	0	7996
19275	48	210	20	7272	0	7550
19276	45	89	7219	176	0	7529
19277	42	51	7094	99	0	7286
19278	44	37	214	7051	0	7346
19279	36	35	87	7316	0	7474
19280	47	41	7253	228	0	7569
19281	44	30	178	7245	0	7497
19282	37	36	7382	222	0	7677
19283	7345	64	217	114	0	7740
19284	219	20	80	7631	0	7950
19285	86	35	7781	254	0	8156
19286	60	45	7753	117	0	7975
19287	50	73	278	8179	0	8580
19288	40	34	8899	302	0	9275
19289	54	30	8854	139	0	9077
19290	27	8616	383	116	0	9142
19291	8928	265	150	78	0	9421
19292	294	95	9227	57	0	9673
19293	117	68	314	8974	0	9473
19294	87	44	136	9222	0	9489
19295	47	36	100	9613	0	9796
19296	36	47	9216	443	0	9742
19297	55	28	298	9053	0	9434
19298	9093	16	137	398	0	9644
19299	306	30	101	9032	0	9469
19300	119	46	8934	396	0	9495
19301	78	29	308	9009	0	9424
19302	8983	18	164	401	0	9566
19303	9201	28	104	195	0	9528
19304	9112	32	58	137	0	9339
19305	434	23	60	8924	0	9441
19306	8989	13	83	350	0	9435
19307	9066	23	55	195	0	9339
19308	9076	11	49	155	0	9291
19309	446	8572	64	93	0	9175
19310	8846	273	53	113	0	9285
19311	393	98	57	8732	0	9280
19312	199	60	8618	341	0	9218
19313	131	8597	323	145	0	9196
19314	8728	277	136	155	0	9296
19315	338	116	96	8738	0	9288
19316	181	75	67	8683	0	9006
19317	129	8375	79	390	0	8973
19318	87	8923	77	200	0	9287
19319	8428	373	66	127	0	8994
19320	328	8526	67	101	0	9022
19321	8309	325	49	100	0	8783
19322	329	8284	59	111	0	8783
19323	8174	338	57	69	0	8638
19324	358	8221	38	118	0	8735
19325	146	8688	49	99	0	8982
19326	8400	386	55	109	0	8950
19327	356	161	8420	73	0	9010
19328	137	8473	284	92	0	8986
19329	163	304	118	8449	0	9034
19330	92	147	74	8880	0	9193
19331	102	100	72	8750	0	9024
19332	103	61	49	8911	0	9124
19333	105	49	8724	452	0	9330
19334	8490	67	315	219	0	9091
19335	374	62	118	9168	0	9722
19336	9253	40	91	428	0	9812
19337	9796	49	70	193	0	10108
19338	10011	55	58	163	0	10287
19339	9672	56	72	113	0	9913
19340	576	55	9168	115	0	9914
19341	238	45	391	9056	0	9730
19342	151	41	9054	459	0	9705
19343	115	8840	479	188	0	9622
19344	128	397	182	8056	0	8763
19345	117	129	116	8832	0	9194
19346	116	75	69	8942	0	9202
19347	108	40	68	8826	0	9042
19348	89	46	8373	576	0	9084
19349	100	44	392	8498	0	9034
19350	94	39	166	8860	0	9159
19351	8535	65	102	546	0	9248
19352	9028	39	71	302	0	9440
19353	556	60	76	8968	0	9660
19354	255	46	70	9239	0	9610
19355	176	50	70	9431	0	9727
19356	8920	50	89	682	0	9741
19357	9435	51	79	327	0	9892
19358	8832	69	64	254	0	9219
19359	9380	44	63	165	0	9652
19360	644	8917	51	169	0	9781
19361	9124	397	51	175	0	9747
19362	9407	133	48	201	0	9789
19363	620	97	51	8954	0	9722
19364	328	59	37	9248	0	9672
19365	8862	55	40	611	0	9568
19366	564	8415	30	288	0	9297
19367	277	8893	33	209	0	9412
19368	9075	494	45	160	0	9774
19369	572	187	39	9187	0	9985
19370	275	123	38	9422	0	9858
19371	229	81	30	9680	0	10020
19372	211	63	25	9662	0	9961
19373	188	69	34	9456	0	9747
19374	156	8955	33	643	0	9787
19375	163	420	27	8989	0	9599
19376	8889	139	29	560	0	9617
19377	441	111	32	8913	0	9497
19378	208	72	35	9157	0	9472
19379	8729	71	32	625	0	9457
19380	447	8673	44	339	0	9503
19381	201	452	28	8570	0	9251
19382	163	8800	32	452	0	9447
19383	121	508	36	8564	0	9229
19384	139	136	8324	456	0	9055
19385	7605	100	315	248	0	8268
19386	368	7931	81	214	0	8594
19387	7407	258	56	131	0	7852
19388	330	119	6990	110	0	7549
19389	140	97	230	6465	0	6932
19390	109	6509	98	268	0	6984
19391	81	6816	50	163	0	7110
19392	6517	277	50	107	0	6951
19393	309	91	7	6591	0	6998
19394	117	79	6924	287	0	7407
19395	111	37	231	7069	0	7448
19396	63	42	7065	321	0	7491
19397	6640	37	260	179	0	7116
19398	275	54	7137	131	0	7597
19399	123	57	249	7018	0	7447
19400	116	7290	82	284	0	7772
19401	94	250	57	7341	0	7742
19402	67	7391	57	314	0	7829
19403	7680	273	36	185	0	8174
19404	320	94	52	7949	0	8415
19405	151	61	8055	342	0	8609
19406	117	51	7810	168	0	8146
19407	7912	36	299	184	0	8431
19408	8615	63	103	117	0	8898
19409	8583	42	65	142	0	8832
19410	8505	60	32	124	0	8721
19411	412	8249	34	114	0	8809
19412	8470	252	40	132	0	8894
19413	8600	92	52	104	0	8848
19414	397	88	8272	94	0	8851
19415	215	55	251	8196	0	8717
19416	8527	56	76	313	0	8972
19417	354	49	8281	185	0	8869
19418	173	37	254	8295	0	8759
19419	130	75	8810	337	0	9352
19420	138	52	284	8674	0	9148
19421	124	8997	89	311	0	9521
19422	9245	262	74	153	0	9734
19423	332	95	8937	142	0	9506
19424	8921	82	250	115	0	9368
19425	356	48	104	9051	0	9559
19426	9281	40	51	347	0	9719
19427	320	40	64	9154	0	9578
19428	10084	61	35	429	0	10609
19429	347	71	9806	162	0	10386
19430	10601	55	256	153	0	11065
19431	348	54	102	10920	0	11424
19432	183	36	58	11115	0	11392
19433	10920	39	43	387	0	11389
19434	338	44	38	11066	0	11486
19435	111	43	10759	329	0	11242
19436	137	36	211	10643	0	11027
19437	10063	43	85	288	0	10479
19438	225	9862	55	126	0	10268
19439	100	9916	34	95	0	10145
19440	9778	176	34	64	0	10052
19441	178	10354	30	65	0	10627
19442	95	138	25	10308	0	10566
19443	10289	50	35	170	0	10544
19444	10279	38	27	82	0	10426
19445	10244	26	21	62	0	10353
19446	188	32	10312	45	0	10577
19447	89	35	118	10146	0	10388
19448	45	10387	53	159	0	10644
19449	56	116	35	10478	0	10685
19450	41	47	10682	148	0	10918
19451	49	10133	131	61	0	10374
19452	37	93	27	10359	0	10516
19453	10029	21	42	91	0	10183
19454	82	10158	11	38	0	10289
19455	45	78	10490	12	0	10625
19456	43	19	93	10107	0	10262
19457	33	16	10286	94	0	10429
19458	34	10	109	9829	0	9982
19459	10457	7	25	127	0	10616
19460	110	15	23	10467	0	10615
19461	10507	9	18	130	0	10664
19462	10568	7	35	55	0	10665
19463	114	10709	22	34	0	10879
19464	10948	98	19	44	0	11109
19465	116	10709	19	27	0	10871
19466	43	111	10816	18	0	10988
19467	60	27	114	10382	0	10583
19468	40	26	30	11425	0	11521
19469	32	24	11098	144	0	11298
19470	28	10930	124	51	0	11133
19471	11236	114	32	50	0	11432
19472	11475	27	28	45	0	11575
19473	179	19	15	11607	0	11820
19474	74	17	14	11447	0	11552
19475	56	8	18	11956	0	12038
19476	11783	11	16	170	0	11980
19477	142	17	11459	65	0	11683
19478	50	16	11374	51	0	11491
19479	47	15	148	11717	0	11927
19480	34	16	11711	141	0	11902
19481	34	17	11513	55	0	11619
19482	47	9	156	11087	0	11299
19483	29	16	11790	154	0	11989
19484	25	11649	144	63	0	11881
19485	32	138	41	11902	0	12113
19486	45	53	12234	147	0	12479
19487	45	30	146	11843	0	12064
19488	30	11516	52	173	0	11771
19489	40	126	36	12047	0	12249
19490	45	37	12136	165	0	12383
19491	49	21	156	11442	0	11668
19492	11811	12	62	189	0	12074
19493	147	16	11960	66	0	12189
19494	10637	15	146	85	0	10883
19495	156	11667	53	43	0	11919
19496	11879	145	45	40	0	12109
19497	169	50	32	11917	0	12168
19498	51	12035	22	164	0	12272
19499	12442	164	28	76	0	12710
19500	198	58	21	12554	0	12831
19501	66	35	12664	203	0	12968
19502	39	12590	191	95	0	12915
19503	39	190	67	12742	0	13038
19504	12435	55	46	214	0	12750
19505	12052	32	39	89	0	12212
19506	224	33	29	11951	0	12237
19507	84	19	11894	201	0	12198
19508	10659	23	192	110	0	10984
19509	209	28	11839	61	0	12137
19510	94	31	210	11519	0	11854
19511	11852	28	71	231	0	12182
19512	198	11784	50	93	0	12125
19513	11894	184	43	82	0	12203
19514	230	62	11584	70	0	11946
19515	11461	39	201	87	0	11788
19516	247	32	88	11692	0	12059
19517	111	30	56	12014	0	12211
19518	110	20	11927	253	0	12310
19519	88	25	201	11160	0	11474
19520	11490	28	77	258	0	11853
19521	220	26	62	11405	0	11713
19522	104	11429	54	228	0	11815
19523	91	193	61	11392	0	11737
19524	63	11483	51	239	0	11836
19525	62	199	11333	115	0	11709
19526	10508	78	217	130	0	10933
19527	231	59	82	11580	0	11952
19528	109	38	10545	245	0	10937
19529	78	10315	223	104	0	10720
19530	76	205	79	9980	0	10340
19531	66	90	56	10088	0	10300
19532	9938	50	65	322	0	10375
19533	228	48	67	10190	0	10533
19534	10177	49	64	302	0	10592
19535	10190	43	48	141	0	10422
19536	279	10180	57	116	0	10632
19537	10454	240	51	93	0	10838
19538	299	79	45	11400	0	11823
19539	142	52	11360	338	0	11892
19540	11265	44	300	137	0	11746
19541	357	41	88	11109	0	11595
19542	135	43	10987	353	0	11518
19543	10458	55	306	162	0	10981
19544	363	49	96	10967	0	11475
19545	142	11230	91	348	0	11811
19546	165	302	63	10758	0	11288
19547	101	11182	66	344	0	11693
19548	11022	324	63	153	0	11562
19549	363	96	11322	136	0	11917
19550	138	11189	313	141	0	11781
19551	141	287	92	11295	0	11815
19552	104	102	11286	346	0	11838
19553	98	100	10795	158	0	11151
19554	88	10973	346	147	0	11554
19555	105	292	129	10949	0	11475
19556	94	108	129	11311	0	11642
19557	117	103	84	14209	0	14513
19558	14788	67	78	583	0	15516
19559	517	75	16078	221	0	16891
19560	198	16224	558	186	0	17166
19561	139	567	190	16106	0	17002
19562	130	198	128	17135	0	17591
19563	91	139	16476	762	0	17468
19564	108	114	600	16630	0	17452
19565	127	62	16432	774	0	17395
19566	92	77	16134	283	0	16586
19567	107	79	16287	207	0	16680
19568	143	68	753	15230	0	16194
19569	86	69	284	15963	0	16402
19570	78	62	203	16590	0	16933
19571	15869	78	117	822	0	16886
19572	587	15877	110	358	0	16932
19573	16235	572	126	268	0	17201
19574	15628	194	111	229	0	16162
19575	16749	133	111	174	0	17167
19576	763	16780	108	169	0	17820
19577	17042	611	112	150	0	17915
19578	17458	197	84	211	0	17950
19579	811	148	96	16891	0	17946
19580	321	105	120	17195	0	17741
19581	224	110	105	17617	0	18056
19582	169	81	16751	897	0	17898
19583	16312	76	634	411	0	17433
19584	667	93	248	16917	0	17925
19585	16486	80	187	756	0	17509
19586	713	16509	141	322	0	17685
19587	298	573	139	16746	0	17756
19588	257	184	125	17397	0	17963
19589	16770	148	122	872	0	17912
19590	719	122	101	17002	0	17944
19591	15305	157	122	882	0	16466
19592	16866	103	66	379	0	17414
19593	763	15993	87	325	0	17168
19594	371	16754	100	230	0	17455
19595	295	688	103	15920	0	17006
19596	186	16530	133	679	0	17528
19597	237	678	107	16534	0	17556
19598	133	193	16189	796	0	17311
19599	200	142	15713	278	0	16333
19600	15081	127	617	288	0	16113
19601	15681	84	247	260	0	16272
19602	719	15535	169	228	0	16651
19603	15631	559	113	188	0	16491
19604	665	16669	115	254	0	17703
19605	285	616	96	17043	0	18040
19606	241	205	103	17451	0	18000
19607	168	188	111	17416	0	17883
19608	173	124	126	17632	0	18055
19609	17019	80	145	924	0	18168
19610	586	17115	141	413	0	18255
19611	17239	550	135	367	0	18291
19612	17619	194	152	295	0	18260
19613	768	184	17017	220	0	18189
19614	16744	131	543	261	0	17679
19615	774	16970	187	211	0	18142
19616	309	629	168	17099	0	18205
19617	366	222	86	16787	0	17461
19618	227	16804	107	710	0	17848
19619	17208	617	112	370	0	18307
19620	722	230	16789	298	0	18039
19621	16525	220	563	316	0	17624
19622	815	131	17017	317	0	18280
19623	405	123	679	16992	0	18199
19624	322	182	257	17657	0	18418
19625	297	131	256	18054	0	18738
19626	17698	193	204	1001	0	19096
19627	677	180	17796	545	0	19198
19628	17761	147	614	517	0	19039
19629	18522	148	302	426	0	19398
19630	18535	124	307	439	0	19405
19631	18648	117	280	363	0	19408
19632	872	184	264	18175	0	19495
19633	488	96	17912	804	0	19300
19634	390	115	629	17910	0	19044
19635	353	116	17744	885	0	19098
19636	324	156	17297	470	0	18247
19637	346	17435	608	394	0	18783
19638	377	551	205	15807	0	16940
19639	373	238	120	16752	0	17483
19640	435	268	162	14273	0	15138
19641	392	163	135	16425	0	17115
19642	16582	154	100	721	0	17557
19643	16881	107	100	369	0	17457
19644	847	104	81	16400	0	17432
19645	450	104	15958	722	0	17234
19646	296	111	460	16338	0	17205
19647	268	102	200	16835	0	17405
19648	247	83	16281	815	0	17426
19649	264	84	518	16115	0	16981
19650	16262	107	203	778	0	17350
19651	16476	130	113	425	0	17144
19652	16520	133	88	396	0	17137
19653	790	126	59	16271	0	17246
19654	16180	116	68	728	0	17092
19655	16063	90	80	382	0	16615
19656	786	89	15592	342	0	16809
19657	285	33	11781	166	0	12265
19658	203	39	11762	154	0	12158
19659	10144	19	178	67	0	10408
19660	156	10513	67	83	0	10819
19661	10400	71	39	74	0	10584
19662	115	11213	43	56	0	11427
19663	48	95	36	11250	0	11429
19664	63	36	26	11229	0	11354
19665	64	25	21	11313	0	11423
19666	50	19	11240	138	0	11447
19667	10340	11	97	97	0	10545
19668	150	10	34	11303	0	11497
19669	62	7	11171	98	0	11338
19670	56	4	10486	53	0	10599
19671	10340	11	105	57	0	10513
19672	92	11078	64	37	0	11271
19673	10895	62	40	33	0	11030
19674	10730	35	17	45	0	10827
19675	93	10645	16	46	0	10800
19676	10359	69	16	37	0	10481
19677	95	24	10684	35	0	10838
19678	57	22	10214	33	0	10326
19679	54	19	10841	24	0	10938
19680	44	44	98	10888	0	11074
19681	26	4	11179	75	0	11284
19682	10591	7	85	58	0	10741
19683	11046	5	32	45	0	11128
19684	119	22	11287	20	0	11448
19685	57	5	85	11025	0	11172
19686	11329	3	46	93	0	11471
19687	98	11776	32	39	0	11945
19688	48	12043	20	28	0	12139
19689	12034	88	14	39	0	12175
19690	89	35	12202	18	0	12344
19691	46	46	62	11735	0	11889
19692	36	6	29	11843	0	11914
19693	17	6	22	12150	0	12195
19694	11	12053	18	101	0	12183
19695	65	85	38	10963	0	11151
19696	13034	24	10	124	0	13192
19697	113	21	7	13435	0	13576
19698	47	13525	9	150	0	13731
19699	13912	144	12	78	0	14146
19700	157	44	11	14051	0	14263
19701	66	36	12	14540	0	14654
19702	14610	22	16	217	0	14865
19703	14655	16	11	113	0	14795
19704	238	12	10	14439	0	14699
19705	14591	10	13	249	0	14863
19706	14603	18	10	99	0	14730
19707	288	14733	16	62	0	15099
19708	14892	216	9	62	0	15179
19709	279	14744	11	47	0	15081
19710	147	242	8	14774	0	15171
19711	108	85	15026	236	0	15455
19712	65	65	201	14813	0	15144
19713	80	29	74	15007	0	15190
19714	75	24	45	15660	0	15804
19715	15499	44	22	385	0	15950
19716	306	15337	21	173	0	15837
19717	15804	277	9	118	0	16208
19718	322	16438	20	104	0	16884
19719	16868	322	38	88	0	17316
19720	17007	119	13	93	0	17232
19721	17110	87	17	85	0	17299
19722	16820	46	25	103	0	16994
19723	472	51	16573	57	0	17153
19724	216	53	282	16538	0	17089
19725	157	44	101	17296	0	17598
19726	111	59	16977	453	0	17600
19727	16180	42	339	205	0	16766
19728	437	41	96	16847	0	17421
19729	217	37	16576	398	0	17228
19730	175	60	16284	152	0	16671
19731	147	32	441	16768	0	17388
19732	120	47	17209	417	0	17793
19733	133	34	396	16769	0	17332
19734	108	34	182	16966	0	17290
19735	140	22	16637	486	0	17285
19736	15797	35	384	286	0	16502
19737	412	40	175	16866	0	17493
19738	214	40	16936	450	0	17640
19739	152	33	395	17033	0	17613
19740	17032	39	190	521	0	17782
19741	456	36	16984	243	0	17719
19742	16045	27	407	240	0	16719
19743	17375	36	194	153	0	17758
19744	582	22	126	17160	0	17890
19745	272	36	90	17172	0	17570
19746	190	37	16941	512	0	17680
19747	170	48	410	16816	0	17444
19748	213	63	223	15088	0	15587
19749	102	40	165	17234	0	17541
19750	136	26	16535	600	0	17297
19751	15849	24	417	335	0	16625
19752	16665	28	177	284	0	17154
19753	16996	33	141	245	0	17415
19754	17393	35	129	176	0	17733
19755	612	61	101	17244	0	18018
19756	17050	47	99	531	0	17727
19757	17270	50	97	307	0	17724
19758	13250	180	174	368	0	13972
19759	17215	32	108	219	0	17574
19760	648	16843	96	208	0	17795
19761	17268	349	105	196	0	17918
19762	17130	110	119	206	0	17565
19763	657	16875	97	244	0	17873
19764	17157	440	104	188	0	17889
19765	692	125	104	17038	0	17959
19766	356	82	89	17373	0	17900
19767	16975	50	88	641	0	17754
19768	622	16471	111	299	0	17503
19769	327	16817	99	234	0	17477
19770	298	477	91	17014	0	17880
19771	219	197	16961	551	0	17928
19772	253	96	461	16477	0	17287
19773	207	59	177	17300	0	17743
19774	16801	75	138	698	0	17712
19775	17130	46	120	299	0	17595
19776	685	74	94	16872	0	17725
19777	325	82	16559	600	0	17566
19778	270	47	489	16730	0	17536
19779	17159	41	200	664	0	18064
19780	645	57	17959	323	0	18984
19781	327	18158	569	259	0	19313
19782	18635	493	210	217	0	19555
19783	704	154	135	18595	0	19588
19784	314	86	121	18828	0	19349
19785	246	68	150	19337	0	19801
19786	213	54	18346	881	0	19494
19787	16543	47	568	460	0	17618
19788	709	53	17519	285	0	18566
19789	327	17307	635	235	0	18504
19790	304	492	213	17594	0	18603
19791	249	171	189	18173	0	18782
19792	261	106	119	19277	0	19763
19793	228	79	18553	945	0	19805
19794	200	70	18217	444	0	18931
19795	225	73	18520	311	0	19129
19796	172	17940	775	289	0	19176
19797	174	570	276	17837	0	18857
19798	18088	152	182	731	0	19153
19799	19185	105	135	336	0	19761
19800	920	66	19515	240	0	20741
19801	412	19540	758	236	0	20946
19802	284	680	19442	191	0	20597
19803	200	20313	767	251	0	21531
19804	19416	800	371	215	0	20802
19805	19558	320	228	185	0	20291
19806	954	19214	164	169	0	20501
19807	19452	744	137	152	0	20485
19808	886	301	138	19150	0	20475
19809	429	186	122	19833	0	20570
19810	19481	152	114	946	0	20693
19811	19179	122	107	415	0	19823
19812	19281	100	88	284	0	19753
19813	1082	18247	126	226	0	19681
19814	469	19414	97	185	0	20165
19815	19142	830	92	207	0	20271
19816	863	335	18830	182	0	20210
19817	441	291	639	18476	0	19847
19818	17892	161	274	720	0	19047
19819	841	17148	174	304	0	18467
19820	410	18372	142	179	0	19103
19821	18199	847	130	161	0	19337
19822	846	370	17612	157	0	18985
19823	17231	278	643	146	0	18298
19824	863	170	17139	120	0	18292
19825	424	146	17228	110	0	17908
19826	314	154	791	17038	0	18297
19827	230	162	17802	612	0	18806
19828	17368	134	717	279	0	18498
19829	18147	97	364	181	0	18789
19830	18497	100	227	185	0	19009
19831	18556	99	194	149	0	18998
19832	990	103	183	17516	0	18792
19833	17796	109	160	669	0	18734
19834	874	17502	139	317	0	18832
19835	512	594	149	16721	0	17976
19836	390	18131	125	599	0	19245
19837	18855	677	105	298	0	19935
19838	18979	304	115	214	0	19612
19839	956	206	112	18643	0	19917
19840	18999	158	146	682	0	19985
19841	19300	150	139	335	0	19924
19842	1028	157	115	18678	0	19978
19843	590	150	109	18951	0	19800
19844	429	168	96	19415	0	20108
19845	389	129	18320	941	0	19779
19846	347	103	17536	478	0	18464
19847	320	110	18531	323	0	19284
19848	332	99	847	18405	0	19683
19849	287	129	19006	732	0	20154
19850	307	119	778	18638	0	19842
19851	293	124	20278	841	0	21536
19852	273	113	19878	441	0	20705
19853	18917	130	894	340	0	20281
19854	753	19491	482	260	0	20986
19855	20092	616	327	248	0	21283
19856	814	277	288	19788	0	21167
19857	478	170	224	20168	0	21040
19858	350	160	19893	888	0	21291
19859	322	19796	688	443	0	21249
19860	297	619	323	20281	0	21520
19861	296	298	20472	699	0	21765
19862	274	19779	655	364	0	21072
19863	269	595	347	19961	0	21172
19864	19774	267	262	708	0	21011
19865	19972	191	226	379	0	20768
19866	836	184	193	19869	0	21082
19867	20044	161	166	690	0	21061
19868	759	19813	164	391	0	21127
19869	487	577	153	20238	0	21455
19870	355	286	20422	661	0	21724
19871	349	177	614	20423	0	21563
19872	315	183	20511	752	0	21761
19873	19708	165	628	437	0	20938
19874	782	143	318	20471	0	21714
19875	448	20527	200	745	0	21920
19876	350	594	192	21468	0	22604
19877	309	250	20960	765	0	22284
19878	270	182	20541	463	0	21456
19879	231	143	20204	325	0	20903
19880	18389	195	843	259	0	19686
19881	555	19153	378	214	0	20300
19882	280	472	270	19143	0	20165
19883	19183	238	231	523	0	20175
19884	516	19041	183	376	0	20116
19885	19927	477	221	257	0	20882
19886	20256	234	181	235	0	20906
19887	20506	166	202	203	0	21077
19888	20904	133	141	189	0	21367
19889	791	112	20110	151	0	21164
19890	19313	103	500	203	0	20119
19891	722	76	19801	152	0	20751
19892	17892	89	489	153	0	18623
19893	621	101	271	19219	0	20212
19894	369	74	18877	377	0	19697
19895	277	18343	407	224	0	19251
19896	301	728	247	17813	0	19089
19897	174	18395	162	340	0	19071
19898	205	18701	102	185	0	19193
19899	16852	228	147	116	0	17343
19900	250	72	16782	64	0	17168
19901	81	16205	152	60	0	16498
19902	15933	124	172	48	0	16277
19903	140	16237	36	29	0	16442
19904	16460	99	36	43	0	16638
19905	126	81	30	16355	0	16592
19906	16622	42	22	109	0	16795
19907	130	31	22	16353	0	16536
19908	16504	21	26	125	0	16676
19909	112	34	17	16391	0	16554
19910	67	16804	18	127	0	17016
19911	44	113	22	17218	0	17397
19912	17166	39	22	127	0	17354
19913	110	17019	24	57	0	17210
19914	61	112	20	17175	0	17368
19915	17342	43	20	145	0	17550
19916	138	36	19	17378	0	17571
19917	70	24	12	17258	0	17364
19918	40	38	17454	141	0	17673
19919	53	27	16696	69	0	16845
19920	63	33	107	16839	0	17042
19921	37	44	17882	121	0	18084
19922	41	23	110	17628	0	17802
19923	104	33	95	15042	0	15274
19924	43	19	21	17872	0	17955
19925	28	24	17739	158	0	17949
19926	56	19	128	16431	0	16634
19927	43	12	43	17064	0	17162
19928	25	17216	26	181	0	17448
19929	30	117	38	17533	0	17718
19930	17421	26	29	202	0	17678
19931	150	27	25	17681	0	17883
19932	43	20	20208	239	0	20510
19933	18691	20	368	124	0	19203
19934	361	21307	243	93	0	22004
19935	256	372	165	21837	0	22630
19936	199	268	21295	419	0	22181
19937	19452	205	423	333	0	20413
19938	439	21057	272	226	0	21994
19939	21286	448	188	156	0	22078
19940	584	262	106	21118	0	22070
19941	21145	190	86	448	0	21869
19942	648	104	20838	302	0	21892
19943	363	20426	400	236	0	21425
19944	265	22432	291	130	0	23118
19945	22480	578	182	122	0	23362
19946	22601	416	80	74	0	23171
19947	687	264	22321	58	0	23330
19948	21653	123	418	87	0	22281
19949	22591	86	275	68	0	23020
19950	22766	48	221	78	0	23113
19951	888	21131	102	47	0	22168
19952	553	21698	70	54	0	22375
19953	21842	622	33	73	0	22570
19954	22005	431	49	69	0	22554
19955	711	21965	50	67	0	22793
19956	505	517	29	22003	0	23054
19957	342	341	21951	384	0	23018
19958	21137	222	407	332	0	22098
19959	19692	258	359	329	0	20638
19960	22894	104	223	145	0	23366
19961	829	22172	100	95	0	23196
19962	538	447	22352	41	0	23378
19963	22952	308	395	95	0	23750
19964	583	227	265	23251	0	24326
19965	426	103	216	23116	0	23861
19966	323	98	94	24204	0	24719
19967	194	75	23506	835	0	24610
19968	177	64	410	23121	0	23772
19969	123	77	23452	712	0	24364
19970	74	22619	545	424	0	23662
19971	22464	408	328	286	0	23486
19972	425	22583	250	121	0	23379
19973	298	23174	104	110	0	23686
19974	22955	674	99	103	0	23831
19975	458	23669	69	62	0	24258
19976	382	611	34	22967	0	23994
19977	245	23190	37	354	0	23826
19978	23200	595	24	251	0	24070
19979	505	23494	26	181	0	24206
19980	343	663	31	23708	0	24745
19981	258	378	23284	496	0	24416
19982	139	282	443	23434	0	24298
19983	119	23362	302	757	0	24540
19984	94	520	219	24121	0	24954
19985	87	366	103	23786	0	24342
19986	115	255	103	22558	0	23031
19987	99	123	66	24076	0	24364
19988	94	121	67	24216	0	24498
19989	109	95	51	24460	0	24715
19990	100	85	23376	1142	0	24703
19991	22306	93	542	777	0	23718
19992	598	75	370	24958	0	26001
19993	425	96	24695	823	0	26039
19994	295	98	24591	558	0	25542
19995	189	107	1014	25028	0	26338
19996	25275	84	637	851	0	26847
19997	714	113	24719	546	0	26092
19998	24027	88	795	455	0	25365
19999	942	91	25407	273	0	26713
20000	632	100	936	24943	0	26611
20001	479	122	536	25961	0	27098
20002	327	140	25532	1030	0	27029
20003	23497	133	823	756	0	25209
20004	830	113	510	25050	0	26503
20005	563	102	24865	889	0	26419
20006	442	98	24801	582	0	25923
20007	326	115	1084	23410	0	24935
20008	292	24587	735	725	0	26339
20009	25065	653	480	506	0	26704
20010	25033	437	323	396	0	26189
20011	1194	340	24824	245	0	26603
20012	802	228	816	23870	0	25716
20013	25029	165	486	881	0	26561
20014	1006	140	24752	574	0	26472
20015	23819	103	868	484	0	25274
20016	1106	23561	577	374	0	25618
20017	653	670	447	24612	0	26382
20018	527	414	304	25149	0	26394
20019	25575	296	237	1236	0	27344
20020	969	203	220	25755	0	27147
20021	621	176	220	25664	0	26681
20022	463	122	177	26245	0	27007
20023	25058	108	194	1624	0	26984
20024	935	119	24719	1015	0	26788
20025	24728	103	812	745	0	26388
20026	25242	110	555	502	0	26409
20027	26115	91	445	423	0	27074
20028	1581	193	279	24924	0	26977
20029	934	133	25267	991	0	27325
20030	649	23899	897	654	0	26099
20031	462	24567	543	578	0	26150
20032	261	23127	238	336	0	23962
20033	281	707	23027	325	0	24340
20034	319	445	653	25445	0	26862
20035	26116	168	349	1057	0	27690
20036	28513	130	213	641	0	29497
20037	1407	113	154	29494	0	31168
20038	803	97	29008	1240	0	31148
20039	561	77	29292	686	0	30616
20040	342	66	1453	29500	0	31361
20041	280	66	30028	1280	0	31654
20042	287	70	1419	29874	0	31650
20043	231	74	746	29337	0	30388
20044	199	29025	567	1679	0	31470
20045	242	1017	381	30059	0	31699
20046	244	504	276	31332	0	32356
20047	29865	384	290	1889	0	32428
20048	1260	188	286	30579	0	32313
20049	708	121	241	31193	0	32263
20050	29413	113	264	2002	0	31792
20051	1302	29127	326	1210	0	31965
20052	29897	1039	267	899	0	32102
20053	1586	545	29012	598	0	31741
20054	28990	412	1255	538	0	31195
20055	29812	249	695	543	0	31299
20056	1864	172	28520	454	0	31010
20057	1090	169	28690	472	0	30421
20058	853	133	1757	27301	0	30044
20059	27804	110	1010	1463	0	30387
20060	1492	119	27378	862	0	29851
20061	920	101	1490	27219	0	29730
20062	729	122	27074	1510	0	29435
20063	545	114	1681	26714	0	29054
20064	511	116	903	27633	0	29163
20065	26432	105	692	2042	0	29271
20066	26571	137	512	1298	0	28518
20067	27801	148	404	1011	0	29364
20068	2083	147	26714	736	0	29680
20069	1257	154	27045	666	0	29122
20070	937	151	1747	26265	0	29100
20071	698	167	1085	26974	0	28924
20072	647	131	810	27965	0	29553
20073	25989	147	563	2202	0	28901
20074	1503	25868	484	1390	0	29245
20075	25564	1066	470	1040	0	28140
20076	25376	580	397	774	0	27127
20077	1934	24552	408	647	0	27541
20078	1156	25506	400	611	0	27673
20079	24983	1429	397	605	0	27414
20080	1497	802	368	23903	0	26570
20081	994	24246	307	1605	0	27152
20082	1032	1153	295	24726	0	27206
20083	819	642	23902	1792	0	27155
20084	685	504	1210	24422	0	26821
20085	23847	288	921	1884	0	26940
20086	1442	216	23708	1252	0	26618
20087	954	222	23710	1075	0	25961
20088	887	462	1792	21458	0	24599
20089	697	21323	1164	1503	0	24687
20090	588	22003	763	1137	0	24491
20091	566	23294	522	1033	0	25415
20092	21934	1493	420	829	0	24676
20093	22118	783	334	828	0	24063
20094	21372	515	358	777	0	23022
20095	1759	21056	356	815	0	23986
20096	21977	936	368	804	0	24085
20097	21831	551	369	696	0	23447
20098	1803	533	20813	589	0	23738
20099	1271	20182	1197	546	0	23196
20100	980	1017	845	20404	0	23246
20101	20525	661	703	1256	0	23145
20102	1509	446	20107	928	0	22990
20103	1017	256	1268	19341	0	21882
20104	813	19839	865	1419	0	22936
20105	713	937	680	20230	0	22560
20106	707	554	523	20927	0	22711
20107	20368	444	545	1817	0	23174
20108	20848	337	496	1316	0	22997
20109	1703	278	533	20618	0	23132
20110	1177	341	19598	1533	0	22649
20111	958	321	19732	1132	0	22143
20112	19984	260	1415	933	0	22592
20113	1615	290	20310	637	0	22852
20114	1242	278	1344	17700	0	20564
20115	998	18779	954	1120	0	21851
20116	19162	865	881	821	0	21729
20117	1322	19045	659	827	0	21853
20118	19584	1124	513	812	0	22033
20119	1545	603	511	19118	0	21777
20120	1012	513	500	19751	0	21776
20121	19318	469	419	1643	0	21849
20122	20069	347	398	1079	0	21893
20123	1906	376	363	19299	0	21944
20124	1368	443	384	19555	0	21750
20125	1025	450	18221	1440	0	21136
20126	837	359	18332	1034	0	20562
20127	17990	336	1278	938	0	20542
20128	1234	423	17413	743	0	19813
20129	17650	292	1213	746	0	19901
20130	18243	230	842	727	0	20042
20131	1587	247	17061	730	0	19625
20132	1245	15799	1019	575	0	18638
20133	974	16838	785	446	0	19043
20134	445	542	13485	256	0	14728
20135	586	1093	920	11224	0	13823
20136	10347	255	434	689	0	11725
20137	10038	89	106	204	0	10437
20138	11146	59	102	160	0	11467
20139	13032	48	98	155	0	13333
20140	13219	58	65	129	0	13471
20141	695	13106	107	120	0	14028
20142	12848	426	79	90	0	13443
20143	585	12662	83	73	0	13403
20144	12350	444	61	54	0	12909
20145	558	148	11870	28	0	12604
20146	235	98	365	11400	0	12098
20147	208	57	128	11003	0	11396
20148	123	11436	90	449	0	12098
20149	11544	412	29	164	0	12149
20150	11927	153	37	98	0	12215
20151	586	121	37	11422	0	12166
20152	297	76	23	11752	0	12148
20153	11542	52	54	525	0	12173
20154	473	69	46	11507	0	12095
20155	231	42	37	11831	0	12141
20156	11476	86	35	558	0	12155
20157	525	43	25	11582	0	12175
20158	11547	42	54	518	0	12161
20159	11782	23	29	258	0	12092
20160	569	39	11338	208	0	12154
20161	11550	43	362	146	0	12101
20162	11695	39	122	132	0	11988
20163	11732	32	86	138	0	11988
20164	672	24	10923	115	0	11734
20165	312	35	370	10832	0	11549
20166	282	33	137	11260	0	11712
20167	197	37	10840	535	0	11609
20168	10714	15	425	245	0	11399
20169	574	27	159	10756	0	11516
20170	287	31	10544	472	0	11334
20171	264	30	10886	197	0	11377
20172	216	27	522	10836	0	11601
20173	166	33	11125	488	0	11812
20174	202	35	484	10942	0	11663
20175	176	26	225	11384	0	11811
20176	175	36	10942	598	0	11751
20177	174	31	479	10469	0	11153
20178	152	10271	215	519	0	11157
20179	131	11162	182	256	0	11731
20180	10860	476	134	217	0	11687
20181	10960	188	142	180	0	11470
20182	590	10810	96	193	0	11689
20183	10952	419	103	183	0	11657
20184	11149	167	126	146	0	11588
20185	665	126	70	10786	0	11647
20186	349	105	96	11183	0	11733
20187	10773	109	67	628	0	11577
20188	568	10532	69	318	0	11487
20189	326	11035	82	198	0	11641
20190	287	549	82	10839	0	11757
20191	262	239	10837	523	0	11861
20192	10604	146	435	282	0	11467
20193	11149	99	171	269	0	11688
20194	10746	97	113	224	0	11180
20195	761	10728	92	157	0	11738
20196	476	473	66	10467	0	11482
20197	340	216	89	11119	0	11764
20198	10794	156	71	679	0	11700
20199	640	10787	95	368	0	11890
20200	430	465	83	10752	0	11730
20201	399	227	82	11122	0	11830
20202	349	175	80	11220	0	11824
20203	10853	144	74	752	0	11823
20204	667	10688	100	406	0	11861
20205	395	556	79	10122	0	11152
20206	376	10651	100	566	0	11693
20207	10673	546	97	316	0	11632
20208	651	236	10360	319	0	11566
20209	10249	158	448	348	0	11203
20210	652	109	10047	335	0	11143
20211	343	157	468	9634	0	10602
20212	9677	127	194	584	0	10582
20213	621	94	9552	335	0	10602
20214	9747	86	420	306	0	10559
20215	10212	60	186	285	0	10743
20216	10330	53	167	263	0	10813
20217	750	46	141	9730	0	10667
20218	406	57	152	9881	0	10496
20219	335	46	121	10218	0	10720
20220	9689	45	103	725	0	10562
20221	595	9748	154	366	0	10863
20222	9929	350	147	241	0	10667
20223	10322	126	120	213	0	10781
20224	684	105	9763	184	0	10736
20225	9961	75	402	203	0	10641
20226	10540	51	170	243	0	11004
20227	665	68	171	10224	0	11128
20228	385	64	141	10426	0	11016
20229	289	78	130	10605	0	11102
20230	10117	77	123	629	0	10946
20231	10058	52	133	360	0	10603
20232	9678	53	136	257	0	10124
20233	569	8926	128	232	0	9855
20234	237	8310	114	170	0	8831
20235	163	8700	97	183	0	9143
20236	8532	333	102	228	0	9195
20237	377	120	8364	207	0	9068
20238	165	67	7021	152	0	7405
20239	5003	10	124	58	0	5195
20240	113	13	5794	40	0	5960
20241	43	6	51	4864	0	4964
20242	26	4792	23	48	0	4889
20243	5209	54	11	39	0	5313
20244	5216	23	3	17	0	5259
20245	5239	14	5	13	0	5271
20246	84	4	5	5679	0	5772
20247	36	7	5872	54	0	5969
20248	35	9	5618	37	0	5699
20249	5726	9	64	29	0	5828
20250	6025	3	22	21	0	6071
20251	5935	10	7	17	0	5969
20252	83	9	8	6020	0	6120
20253	48	10	6	6069	0	6133
20254	25	10	6014	66	0	6115
20255	5762	5	46	52	0	5865
20256	62	6	25	6304	0	6397
20257	38	6	15	6213	0	6272
20258	28	8	7	6279	0	6322
20259	20	6220	10	69	0	6319
20260	21	49	8	6268	0	6346
20261	23	21	5	6227	0	6276
20262	6240	7	6	85	0	6338
20263	71	6	6094	31	0	6202
20264	5771	9	53	32	0	5865
20265	6268	5	18	26	0	6317
20266	77	6	10	6225	0	6318
20267	42	5	7	6221	0	6275
20268	6234	10	11	78	0	6333
20269	76	6	6104	29	0	6215
20270	31	6155	57	18	0	6261
20271	22	42	16	6181	0	6261
20272	6145	14	9	57	0	6225
20273	61	8	7	6003	0	6079
20274	28	3	5926	56	0	6013
20275	21	6	5757	40	0	5824
20276	5852	3	53	25	0	5933
20277	55	3	16	6307	0	6381
20278	29	4	6287	49	0	6369
20279	5989	3	43	33	0	6068
20280	6541	4	11	43	0	6599
20281	61	4	5	6520	0	6590
20282	25	3	5	6517	0	6550
20283	12	6502	6	49	0	6569
20284	6843	36	7	35	0	6921
20285	48	9	9	6879	0	6945
20286	25	4	2	6948	0	6979
20287	14	5	7065	42	0	7126
20288	6302	5	33	40	0	6380
20289	6851	5	12	23	0	6891
20290	50	6784	5	8	0	6847
20291	20	31	6602	11	0	6664
20292	13	6	6619	10	0	6648
20293	9	23	38	6440	0	6510
20294	6988	1	14	42	0	7045
20295	26	0	3	7010	0	7039
20296	7329	0	3	44	0	7376
20297	7342	2	3	23	0	7370
20298	7395	10	2	16	0	7423
20299	33	2	2	7279	0	7316
20300	19	3	9	7224	0	7255
20301	7382	2	3	35	0	7422
20302	25	2	7571	7	0	7605
20303	6828	0	12	30	0	6870
20304	7089	1	2	20	0	7112
20305	17	1	7513	4	0	7535
20306	5	2	7274	4	0	7285
20307	5	7423	18	11	0	7457
20308	14	16	3	7568	0	7601
20309	6989	3	11	27	0	7030
20310	13	3	1	7536	0	7553
20311	8	4	7657	12	0	7681
20312	3	7383	11	7	0	7404
20313	6	7523	5	1	0	7535
20314	6	12	1	7753	0	7772
20315	3	2	4	7578	0	7587
20316	3	7566	1	10	0	7580
20317	5	13	7497	2	0	7517
20318	6835	4	11	27	0	6877
20319	7664	0	4	14	0	7682
20320	12	7690	1	1	0	7704
20321	7530	12	4	12	0	7558
20322	18	17	2	7409	0	7446
20323	7405	2	2	29	0	7438
20324	21	5	1	7339	0	7366
20325	8	7704	2	21	0	7735
20326	7	38	7616	10	0	7671
20327	12	8	44	8230	0	8294
20328	10	8	21	7856	0	7895
20329	5	3	3	8895	0	8906
20330	9090	2	3	163	0	9258
20331	165	4	0	9149	0	9318
20332	57	0	9801	171	0	10029
20333	30	10	9848	71	0	9959
20334	10100	5	259	39	0	10403
20335	226	6	10532	14	0	10778
20336	10440	3	256	15	0	10714
20337	254	4	73	11408	0	11739
20338	97	6	28	11757	0	11888
20339	48	2	26	12658	0	12734
20340	28	3	6	12389	0	12426
20341	12153	6	18	499	0	12676
20342	359	6	12197	173	0	12735
20343	120	3	351	11895	0	12369
20344	68	12393	110	332	0	12903
20345	12490	340	56	113	0	12999
20346	371	106	47	12062	0	12586
20347	11926	43	29	406	0	12404
20348	429	24	11711	144	0	12308
20349	164	6	370	11116	0	11656
20350	78	11606	110	388	0	12182
20351	11793	348	61	168	0	12370
20352	406	101	11679	122	0	12308
20353	152	49	389	11401	0	11991
20354	101	29	125	12036	0	12291
20355	11706	30	81	519	0	12336
20356	423	20	11619	205	0	12267
20357	157	27	11784	155	0	12123
20358	116	45	488	11591	0	12240
20359	111	14	11646	437	0	12208
20360	62	24	11890	210	0	12186
20361	84	33	512	11473	0	12102
20362	90	26	200	11814	0	12130
20363	75	26	120	12439	0	12660
20364	11973	33	93	607	0	12706
20365	440	12037	82	278	0	12837
20366	12226	385	88	185	0	12884
20367	495	129	96	11875	0	12595
20368	206	12142	102	475	0	12925
20369	135	424	85	12622	0	13266
20370	12561	119	105	583	0	13368
20371	454	13197	114	288	0	14053
20372	208	486	78	13689	0	14461
20373	128	169	13607	639	0	14543
20374	13530	83	537	310	0	14460
20375	560	75	216	13722	0	14573
20376	263	75	113	14103	0	14554
20377	174	61	13450	770	0	14455
20378	158	74	13433	383	0	14048
20379	12968	88	673	279	0	14008
20380	613	13010	301	213	0	14137
20381	294	511	185	13193	0	14183
20382	13290	222	122	650	0	14284
20383	639	115	13223	344	0	14321
20384	268	13082	623	232	0	14205
20385	188	535	277	13213	0	14213
20386	13199	191	165	735	0	14290
20387	12985	124	158	367	0	13634
20388	13560	91	150	303	0	14104
20389	782	12987	148	268	0	14185
20390	356	522	13076	234	0	14188
20391	247	225	590	13243	0	14305
20392	231	146	341	12066	0	12784
20393	246	95	182	13780	0	14303
20394	170	104	191	13795	0	14260
20395	13080	85	149	933	0	14247
20396	13101	111	148	462	0	13822
20397	797	101	12597	323	0	13818
20398	402	90	12644	313	0	13449
20399	12319	74	723	289	0	13405
20400	12890	108	318	279	0	13595
20401	812	104	227	12102	0	13245
20402	436	12253	180	669	0	13538
20403	12319	577	159	375	0	13430
20404	665	12036	185	353	0	13239
20405	322	12354	163	329	0	13168
20406	311	656	138	12489	0	13594
20407	270	278	135	12977	0	13660
20408	201	160	177	13064	0	13602
20409	221	133	183	13185	0	13722
20410	251	102	12326	926	0	13605
20411	12118	126	602	438	0	13284
20412	12777	139	285	346	0	13547
20413	835	128	196	12206	0	13365
20414	424	104	162	12588	0	13278
20415	12233	139	146	888	0	13406
20416	708	173	11251	477	0	12609
20417	12055	117	573	365	0	13110
20418	12478	125	240	307	0	13150
20419	878	118	11886	303	0	13185
20420	12319	103	580	324	0	13326
20421	809	87	284	12361	0	13541
20422	422	103	227	12741	0	13493
20423	317	92	185	12888	0	13482
20424	305	93	141	12898	0	13437
20425	11842	85	144	914	0	12985
20426	725	91	155	11770	0	12741
20427	343	83	120	10974	0	11520
20428	258	9883	99	763	0	11003
20429	200	10354	126	396	0	11076
20430	218	420	110	10157	0	10905
20431	10064	172	64	557	0	10857
20432	524	81	89	9373	0	10067
20433	221	66	8593	504	0	9384
20434	161	52	8026	261	0	8500
20435	7826	82	379	196	0	8483
20436	394	8097	158	183	0	8832
20437	7300	233	106	155	0	7794
20438	352	99	7228	121	0	7800
20439	230	258	245	6430	0	7163
20440	6445	36	147	230	0	6858
20441	214	6367	89	119	0	6789
20442	6291	166	57	90	0	6604
20443	237	93	6868	80	0	7278
20444	154	35	147	6761	0	7097
20445	79	31	86	6984	0	7180
20446	7000	38	56	283	0	7377
20447	7072	32	45	135	0	7284
20448	7396	55	35	95	0	7581
20449	7336	34	25	94	0	7489
20450	7423	30	44	89	0	7586
20451	241	7293	28	100	0	7662
20452	133	136	29	7491	0	7789
20453	7658	66	31	211	0	7966
20454	247	39	27	7590	0	7903
20455	159	27	36	7525	0	7747
20456	119	17	30	7624	0	7790
20457	106	7359	30	236	0	7731
20458	7478	164	28	145	0	7815
20459	191	92	24	7485	0	7792
20460	7293	32	30	198	0	7553
20461	7193	25	18	156	0	7392
20462	222	7006	23	105	0	7356
20463	7085	123	24	95	0	7327
20464	218	78	6869	55	0	7220
20465	6747	33	133	60	0	6973
20466	195	36	75	6884	0	7190
20467	109	15	6969	136	0	7229
20468	91	6861	112	96	0	7160
20469	69	100	6892	52	0	7113
20470	54	6468	77	26	0	6625
20471	5926	74	117	25	0	6142
20472	5873	13	4	22	0	5912
20473	5768	2	10	14	0	5794
20474	24	5745	5	5	0	5779
20475	5657	16	3	9	0	5685
20476	24	13	5613	6	0	5656
20477	9	20	5585	7	0	5621
20478	14	33	19	5521	0	5587
20479	15	1	7	5916	0	5939
20480	2	5899	6	21	0	5928
20481	5978	16	1	22	0	6017
20482	24	6	1	6029	0	6060
20483	7	5900	6	19	0	5932
20484	9	24	1	6062	0	6096
20485	6042	6	1	45	0	6094
20486	5776	5	1	25	0	5807
20487	36	4	5572	7	0	5619
20488	21	2	24	5596	0	5643
20489	14	4	5634	23	0	5675
20490	6	1	34	5604	0	5645
20491	5	3	5708	35	0	5751
20492	8	1	36	5627	0	5672
20493	4	7	5720	38	0	5769
20494	10	5	36	5619	0	5670
20495	5	11	5770	41	0	5827
20496	8	10	39	5672	0	5729
20497	7	6	12	5880	0	5905
20498	12	5935	10	58	0	6015
20499	19	41	3	6200	0	6263
20500	12	15	6121	48	0	6196
20501	12	4	44	6030	0	6090
20502	6	15	24	6098	0	6143
20503	6136	1	14	73	0	6224
20504	47	4	9	6211	0	6271
20505	23	4	8	6164	0	6199
20506	11	13	5957	64	0	6045
20507	5738	4	44	56	0	5842
20508	57	1	22	6116	0	6196
20509	26	6	13	6125	0	6170
20510	14	2	14	6224	0	6254
20511	6188	8	7	88	0	6291
20512	48	8	16	6228	0	6300
20513	21	3	14	6277	0	6315
20514	6191	2	22	98	0	6313
20515	51	6186	8	53	0	6298
20516	29	48	11	6130	0	6218
20517	14	20	7	6208	0	6249
20518	12	5	6004	91	0	6112
20519	5026	6	67	88	0	5187
20520	59	10	22	5882	0	5973
20521	30	10	5726	79	0	5845
20522	5683	3	52	61	0	5799
20523	56	4	23	6012	0	6095
20524	31	4	8	6170	0	6213
20525	21	4	8	6290	0	6323
20526	23	3	2	6383	0	6411
20527	15	0	6766	147	0	6928
20528	19	12	116	6727	0	6874
20529	16	7	39	8715	0	8777
20530	22	7	10056	345	0	10430
20531	10341	4	406	148	0	10899
20532	11071	27	190	115	0	11403
20533	11272	5	118	70	0	11465
20534	724	3	102	10763	0	11592
20535	11127	2	48	455	0	11632
20536	11452	4	22	242	0	11720
20537	771	6	18	11082	0	11877
20538	10985	14	16	569	0	11584
20539	11165	7	20	287	0	11479
20540	11238	4	25	188	0	11455
20541	11312	6	33	163	0	11514
20542	852	1	20	10514	0	11387
20543	488	9689	29	488	0	10694
20544	329	9886	57	230	0	10502
20545	252	10341	30	158	0	10781
20546	9756	691	13	162	0	10622
20547	10364	373	8	95	0	10840
20548	711	246	9730	103	0	10790
20549	10163	144	448	101	0	10856
20550	777	67	221	10051	0	11116
20551	458	36	135	10308	0	10937
20552	320	25	110	10575	0	11030
20553	10007	18	52	824	0	10901
20554	632	21	28	10074	0	10755
20555	360	9617	30	737	0	10744
20556	253	452	18	10159	0	10882
20557	196	252	9964	691	0	11103
20558	149	187	447	10315	0	11098
20559	10114	169	222	675	0	11180
20560	625	77	10118	379	0	11199
20561	411	33	550	10185	0	11179
20562	291	43	294	10222	0	10850
20563	275	52	163	10472	0	10962
20564	175	10109	128	860	0	11272
20565	137	462	54	10745	0	11398
20566	10353	215	39	879	0	11486
20567	10520	145	53	463	0	11181
20568	814	133	9790	325	0	11062
20569	451	114	10153	252	0	10970
20570	362	50	666	10062	0	11140
20571	264	52	383	10563	0	11262
20572	176	42	10378	860	0	11456
20573	232	59	616	9810	0	10717
20574	159	10072	321	732	0	11284
20575	10503	509	200	483	0	11695
20576	10746	242	158	338	0	11484
20577	10859	160	95	331	0	11445
20578	912	173	10315	214	0	11614
20579	574	83	547	10511	0	11715
20580	470	38	10442	638	0	11588
20581	10219	47	621	370	0	11257
20582	682	10168	398	307	0	11555
20583	353	494	243	10348	0	11438
20584	10326	237	167	717	0	11447
20585	691	166	111	10500	0	11468
20586	400	146	119	10918	0	11583
20587	311	86	10237	923	0	11557
20588	10002	94	537	520	0	11153
20589	746	10218	277	368	0	11609
20590	471	473	205	10607	0	11756
20591	10562	231	175	694	0	11662
20592	757	176	150	10639	0	11722
20593	10538	173	84	819	0	11614
20594	761	10388	120	518	0	11787
20595	10838	517	74	354	0	11783
20596	915	309	10340	268	0	11832
20597	10699	179	545	285	0	11708
20598	10963	152	288	237	0	11640
20599	11135	94	219	271	0	11719
20600	1062	85	179	10351	0	11677
20601	688	135	177	10046	0	11046
20602	564	113	96	10613	0	11386
20603	415	10059	82	899	0	11455
20604	10342	560	63	613	0	11578
20605	772	282	82	10335	0	11471
20606	493	188	103	10668	0	11452
20607	442	150	87	10788	0	11467
20608	10194	142	105	975	0	11416
20609	772	91	91	10470	0	11424
20610	456	91	9781	931	0	11259
20611	353	9897	501	640	0	11391
20612	344	544	231	10269	0	11388
20613	299	320	158	10605	0	11382
20614	235	201	167	10891	0	11494
20615	232	195	9984	1035	0	11446
20616	239	101	10170	710	0	11220
20617	205	102	739	10402	0	11448
20618	243	90	10690	829	0	11852
20619	221	51	685	11028	0	11985
20620	10814	60	376	967	0	12217
20621	11415	84	217	697	0	12413
20622	11596	99	175	484	0	12354
20623	961	105	10773	414	0	12253
20624	10909	103	536	314	0	11862
20625	905	133	346	10877	0	12261
20626	550	62	10735	698	0	12045
20627	386	36	10625	482	0	11529
20628	296	10128	740	437	0	11601
20629	162	8764	313	226	0	9465
20630	7051	187	271	110	0	7619
20631	175	58	41	6806	0	7080
20632	63	28	6970	160	0	7221
20633	54	22	118	7028	0	7222
20634	7107	16	55	164	0	7342
20635	149	27	7463	95	0	7734
20636	7347	14	144	92	0	7597
20637	7870	11	86	65	0	8032
20638	7915	21	40	65	0	8041
20639	187	7698	40	70	0	7995
20640	8109	120	41	73	0	8343
20641	194	50	42	8072	0	8358
20642	116	47	39	7989	0	8191
20643	93	50	22	8180	0	8345
20644	91	16	29	8189	0	8325
20645	7975	4	41	237	0	8257
20646	162	7698	51	119	0	8030
20647	83	7368	20	62	0	7533
20648	64	7696	21	56	0	7837
20649	7723	139	21	59	0	7942
20650	7816	57	20	60	0	7953
20651	7776	31	12	59	0	7878
20652	7781	33	8	55	0	7877
20653	195	17	18	7734	0	7964
20654	95	13	21	7762	0	7891
20655	7758	16	19	189	0	7982
20656	149	7700	18	90	0	7957
20657	7572	116	18	71	0	7777
20658	7726	47	20	62	0	7855
20659	187	32	17	7723	0	7959
20660	90	7724	13	135	0	7962
20661	64	140	19	7949	0	8172
20662	7813	37	16	182	0	8048
20663	158	26	7933	92	0	8209
20664	77	43	131	7597	0	7848
20665	64	7871	54	139	0	8128
20666	7911	118	28	79	0	8136
20667	7686	45	25	60	0	7816
20668	184	30	7828	49	0	8091
20669	104	7647	106	46	0	7903
20670	81	111	7739	31	0	7962
20671	71	63	119	7403	0	7656
20672	55	24	7480	119	0	7678
20673	51	23	7216	65	0	7355
20674	35	7270	121	44	0	7470
20675	7137	95	50	44	0	7326
20676	7204	39	34	47	0	7324
20677	129	7426	28	35	0	7618
20678	63	7476	22	27	0	7588
20679	35	121	7047	28	0	7231
20680	43	65	6751	31	0	6890
20681	41	30	7210	23	0	7304
20682	36	19	135	7216	0	7406
20683	38	29	7414	100	0	7581
20684	41	23	120	7067	0	7251
20685	45	23	53	6871	0	6992
20686	37	19	7335	132	0	7523
20687	31	7248	108	69	0	7456
20688	37	105	45	7253	0	7440
20689	7262	40	30	118	0	7450
20690	129	28	24	7240	0	7421
20691	65	24	7269	117	0	7475
20692	39	7160	98	62	0	7359
20693	27	7652	54	48	0	7781
20694	47	139	37	7505	0	7728
20695	7486	68	32	137	0	7723
20696	7510	33	26	67	0	7636
20697	181	31	21	7350	0	7583
20698	80	7762	19	142	0	8003
20699	58	138	24	7898	0	8118
20700	47	61	24	8082	0	8214
20701	54	47	20	8063	0	8184
20702	8481	30	22	240	0	8773
20703	212	8544	18	97	0	8871
20704	8672	193	21	83	0	8969
20705	8933	90	26	53	0	9102
20706	8910	62	20	54	0	9046
20707	9135	34	28	48	0	9245
20708	326	36	23	8836	0	9221
20709	154	29	8853	225	0	9261
20710	81	8870	196	122	0	9269
20711	9024	205	77	80	0	9386
20712	9269	91	50	58	0	9468
20713	9367	51	24	64	0	9506
20714	353	37	9005	39	0	9434
20715	8814	39	221	46	0	9120
20716	9218	36	85	47	0	9386
20717	351	36	45	9075	0	9507
20718	164	26	8591	234	0	9015
20719	97	8413	242	98	0	8850
20720	89	206	107	8429	0	8831
20721	8396	85	54	251	0	8786
20722	258	46	28	8395	0	8727
20723	111	32	34	8684	0	8861
20724	8824	35	29	318	0	9206
20725	308	35	8564	135	0	9042
20726	8640	22	261	93	0	9016
20727	8637	22	91	79	0	8829
20728	8618	29	73	58	0	8778
20729	8668	34	30	65	0	8797
20730	413	25	8191	46	0	8675
20731	204	29	246	8045	0	8524
20732	114	35	8106	268	0	8523
20733	90	23	283	7998	0	8394
20734	81	27	7992	305	0	8405
20735	7133	18	290	126	0	7567
20736	300	7068	135	81	0	7584
20737	144	7523	81	30	0	7778
20738	121	313	34	7994	0	8462
20739	103	121	44	8363	0	8631
20740	88	8638	38	395	0	9159
20741	8790	356	38	176	0	9360
20742	9567	127	36	90	0	9820
20743	9948	68	25	61	0	10102
20744	10527	40	37	49	0	10653
20745	636	33	29	10054	0	10752
20746	267	29	26	10645	0	10967
20747	10458	29	23	606	0	11116
20748	524	20	22	10386	0	10952
20749	221	37	9954	544	0	10756
20750	165	28	10169	224	0	10586
20751	125	31	568	10194	0	10918
20752	116	28	10214	488	0	10846
20753	9957	21	525	228	0	10731
20754	520	20	195	10146	0	10881
20755	10257	15	139	520	0	10931
20756	582	22	10094	238	0	10936
20757	259	38	486	10058	0	10841
20758	189	19	10114	495	0	10817
20759	146	9911	529	228	0	10814
20760	9928	439	215	183	0	10765
20761	10238	168	140	129	0	10675
20762	646	9851	103	101	0	10701
20763	9878	444	74	123	0	10519
20764	609	180	78	9599	0	10466
20765	293	113	95	9986	0	10487
20766	9664	45	62	655	0	10426
20767	567	9289	73	306	0	10235
20768	291	9710	57	187	0	10245
20769	217	579	72	9442	0	10310
20770	9281	231	51	548	0	10111
20771	9773	144	64	258	0	10239
20772	9953	99	46	167	0	10265
20773	787	76	9309	110	0	10282
20774	396	94	9303	137	0	9930
20775	268	9268	594	106	0	10236
20776	9388	464	248	112	0	10212
20777	632	187	137	9063	0	10019
20778	9281	129	85	536	0	10031
20779	9581	90	81	250	0	10002
20780	772	81	82	9096	0	10031
20781	407	77	8959	562	0	10005
20782	9124	54	486	299	0	9963
20783	666	53	213	9052	0	9984
20784	354	59	8955	564	0	9932
20785	8995	65	507	291	0	9858
20786	9384	38	236	259	0	9917
20787	778	48	185	8993	0	10004
20788	430	60	8914	583	0	9987
20789	296	41	537	8649	0	9523
20790	216	8841	264	588	0	9909
20791	263	462	8743	259	0	9727
20792	235	8914	503	213	0	9865
20793	8736	515	241	162	0	9654
20794	9097	216	193	146	0	9652
20795	9151	127	103	167	0	9548
20796	9173	77	127	167	0	9544
20797	849	77	127	8508	0	9561
20798	8448	81	102	500	0	9131
20799	705	69	89	8212	0	9075
20800	7969	71	105	597	0	8742
20801	629	7644	116	316	0	8705
20802	318	375	63	7034	0	7790
20803	242	7211	82	437	0	7972
20804	7291	430	85	244	0	8050
20805	7381	203	78	186	0	7848
20806	632	7020	76	139	0	7867
20807	327	408	94	6914	0	7743
20808	260	155	6835	451	0	7701
20809	236	153	378	6866	0	7633
20810	251	97	6762	480	0	7590
20811	258	92	425	6157	0	6932
20812	193	6549	197	432	0	7371
20813	6627	370	143	211	0	7351
20814	6885	169	96	181	0	7331
20815	575	117	81	6635	0	7408
20816	7069	88	81	458	0	7696
20817	573	77	65	6909	0	7624
20818	308	98	55	7111	0	7572
20819	249	72	78	7279	0	7678
20820	7010	58	73	620	0	7761
20821	7212	57	69	307	0	7645
20822	7224	64	75	227	0	7590
20823	583	6672	99	159	0	7513
20824	6647	338	75	140	0	7200
20825	494	6478	79	112	0	7163
20826	6630	372	72	110	0	7184
20827	514	151	66	6374	0	7105
20828	297	102	58	6658	0	7115
20829	6468	99	57	446	0	7070
20830	6644	81	46	255	0	7026
20831	517	6303	54	183	0	7057
20832	6430	334	36	171	0	6971
20833	536	133	31	6132	0	6832
20834	307	82	34	6416	0	6839
20835	6230	76	35	467	0	6808
20836	470	68	5947	234	0	6719
20837	269	5747	268	165	0	6449
20838	197	253	98	5010	0	5558
20839	127	85	4569	236	0	5017
20840	123	148	153	4259	0	4683
20841	4254	35	75	238	0	4602
20842	192	3670	52	111	0	4025
20843	102	3367	34	73	0	3576
20844	48	3022	34	52	0	3156
20845	106	151	94	2766	0	3117
20846	2817	32	23	112	0	2984
20847	92	13	1	2693	0	2799
20848	2666	23	7	71	0	2767
20849	2698	9	3	31	0	2741
20850	89	7	4	2624	0	2724
20851	2668	7	8	82	0	2765
20852	82	9	4	2710	0	2805
20853	33	6	2762	81	0	2882
20854	2713	14	55	29	0	2811
20855	79	5	2978	29	0	3091
20856	2842	10	61	15	0	2928
20857	79	8	2873	23	0	2983
20858	23	6	43	2703	0	2775
20859	19	8	13	2767	0	2807
20860	2815	6	7	62	0	2890
20861	47	7	5	2901	0	2960
20862	2921	9	4	54	0	2988
20863	54	2906	16	28	0	3004
20864	3064	47	3	26	0	3140
20865	59	19	4	3200	0	3282
20866	40	6	4	3218	0	3268
20867	16	14	5	3242	0	3277
20868	23	6	3	3223	0	3255
20869	17	7	3168	67	0	3259
20870	22	4	3033	35	0	3094
20871	22	4	49	3146	0	3221
20872	16	3	3189	53	0	3261
20873	14	3237	50	28	0	3329
20874	21	52	17	3274	0	3364
20875	13	18	3330	57	0	3418
20876	17	7	3274	37	0	3335
20877	13	5	57	3411	0	3486
20878	14	5	18	3520	0	3557
20879	15	3505	7	64	0	3591
20880	9	55	12	3628	0	3704
20881	11	16	3639	66	0	3732
20882	3512	3	64	34	0	3613
20883	69	5	21	3720	0	3815
20884	3792	6	9	82	0	3889
20885	3823	5	8	33	0	3869
20886	3848	7	13	25	0	3893
20887	78	7	3940	16	0	4041
20888	25	9	3885	29	0	3948
20889	3578	5	86	29	0	3698
20890	84	6	4057	13	0	4160
20891	26	7	76	3927	0	4036
20892	16	8	24	4034	0	4082
20893	12	12	4070	88	0	4182
20894	19	4039	71	37	0	4166
20895	4029	67	25	32	0	4153
20896	74	4033	17	17	0	4141
20897	20	4187	17	27	0	4251
20898	4161	84	16	19	0	4280
20899	84	22	4296	19	0	4421
20900	31	16	4294	19	0	4360
20901	19	9	98	4243	0	4369
20902	4342	9	25	90	0	4466
20903	84	4317	22	33	0	4456
20904	4348	78	27	15	0	4468
20905	88	20	4439	19	0	4566
20906	31	4792	88	20	0	4931
20907	25	98	28	4940	0	5091
20908	17	27	5045	120	0	5209
20909	22	11	115	5036	0	5184
20910	44	16	71	4159	0	4290
20911	18	18	20	5234	0	5290
20912	27	12	18	5248	0	5305
20913	5109	17	23	137	0	5286
20914	5105	18	13	47	0	5183
20915	138	9	5134	34	0	5315
20916	4762	9	125	37	0	4933
20917	117	4907	45	32	0	5101
20918	4958	101	26	41	0	5126
20919	125	24	4976	33	0	5158
20920	44	25	108	4845	0	5022
20921	40	10	4956	124	0	5130
20922	36	12	4925	45	0	5018
20923	40	20	148	4777	0	4985
20924	29	11	50	4902	0	4992
20925	24	20	4841	138	0	5023
20926	29	4647	123	55	0	4854
20927	28	4878	48	37	0	4991
20928	22	130	31	4919	0	5102
20929	4830	37	31	130	0	5028
20930	114	5067	38	50	0	5269
20931	43	113	5034	35	0	5225
20932	29	44	4968	32	0	5073
20933	34	20	5116	34	0	5204
20934	27	30	149	4865	0	5071
20935	5058	24	52	130	0	5264
20936	112	5066	42	54	0	5274
20937	45	109	4976	42	0	5172
20938	30	4984	135	31	0	5180
20939	23	118	46	5122	0	5309
20940	27	42	5121	124	0	5314
20941	14	5131	143	49	0	5337
20942	29	112	50	5076	0	5267
20943	27	40	34	5272	0	5373
20944	28	31	5355	144	0	5558
20945	26	26	139	5115	0	5306
20946	31	5286	53	125	0	5495
20947	19	124	5316	58	0	5517
20948	5220	36	136	45	0	5437
20949	122	38	56	5383	0	5599
20950	43	24	47	5402	0	5516
20951	27	5412	33	146	0	5618
20952	5356	108	39	60	0	5563
20953	117	46	5232	37	0	5432
20954	5094	33	120	49	0	5296
20955	127	29	48	5137	0	5341
20956	38	5171	39	123	0	5371
20957	26	106	40	5253	0	5425
20958	20	38	19	5479	0	5556
20959	5350	31	26	165	0	5572
20960	5468	16	26	75	0	5585
20961	152	23	29	5506	0	5710
20962	51	18	5408	149	0	5626
20963	4944	18	128	77	0	5167
20964	120	5471	52	39	0	5682
20965	54	125	25	5416	0	5620
20966	35	45	24	5607	0	5711
20967	36	22	29	5630	0	5717
20968	26	34	5487	179	0	5726
20969	29	25	122	5385	0	5561
20970	17	5460	68	157	0	5702
20971	39	110	39	5385	0	5573
20972	21	5456	23	137	0	5637
20973	31	131	16	5395	0	5573
20974	16	56	5288	155	0	5515
20975	4842	33	125	69	0	5069
20976	128	25	54	5327	0	5534
20977	41	20	5293	130	0	5484
20978	25	5228	110	74	0	5437
20979	5243	104	48	50	0	5445
20980	107	54	5178	54	0	5393
20981	5111	40	117	54	0	5322
20982	113	15	59	5343	0	5530
20983	56	31	28	5388	0	5503
20984	27	5379	20	130	0	5556
20985	5347	83	28	69	0	5527
20986	5273	43	23	45	0	5384
20987	119	5372	23	30	0	5544
20988	72	98	25	5470	0	5665
20989	39	47	24	5496	0	5606
20990	28	25	22	5466	0	5541
20991	17	25	5266	157	0	5465
20992	5098	15	80	90	0	5283
20993	88	26	51	5352	0	5517
20994	59	17	29	5383	0	5488
20995	30	32	5233	138	0	5433
20996	19	21	5141	87	0	5268
20997	21	18	122	5379	0	5540
20998	19	20	5416	113	0	5568
20999	5027	13	94	70	0	5204
21000	89	9	59	5294	0	5451
21001	58	21	28	5443	0	5550
21002	33	10	5703	154	0	5900
21003	20	19	93	5880	0	6012
21004	16	14	6011	119	0	6160
21005	23	5815	96	82	0	6016
21006	5394	82	76	65	0	5617
21007	5387	35	50	31	0	5503
21008	80	5401	12	28	0	5521
21009	51	62	10	5440	0	5563
21010	29	35	5493	70	0	5627
21011	22	19	63	5425	0	5529
21012	5419	7	31	96	0	5553
21013	64	5457	23	52	0	5596
21014	5499	58	19	41	0	5617
21015	78	33	19	5451	0	5581
21016	5514	24	11	72	0	5621
21017	80	5441	7	51	0	5579
21018	5484	64	8	49	0	5605
21019	82	35	5335	23	0	5475
21020	44	5455	63	27	0	5589
21021	31	65	30	5460	0	5586
21022	5748	35	30	68	0	5881
21023	5774	16	9	56	0	5855
21024	89	11	11	5778	0	5889
21025	5912	8	4	75	0	5999
21026	5833	8	13	45	0	5899
21027	5987	14	7	35	0	6043
21028	104	9	13	5945	0	6071
21029	59	12	5959	68	0	6098
21030	34	9	5506	46	0	5595
21031	22	12	5709	30	0	5773
21032	5705	11	97	18	0	5831
21033	70	4	46	5873	0	5993
21034	43	5993	29	75	0	6140
21035	41	61	7	5996	0	6105
21036	22	6112	10	78	0	6222
21037	6238	77	8	49	0	6372
21038	78	40	9	6302	0	6429
21039	42	27	11	6486	0	6566
21040	6545	15	9	123	0	6692
21041	96	8	12	6674	0	6790
21042	48	7	14	6790	0	6859
21043	6890	9	11	152	0	7062
21044	115	6	6945	81	0	7147
21045	59	6	111	6976	0	7152
21046	34	15	7047	127	0	7223
21047	6808	11	121	90	0	7030
21048	124	9	58	7123	0	7314
21049	7154	5	33	125	0	7317
21050	139	5	19	7241	0	7404
21051	76	8	7391	146	0	7621
21052	42	5	109	7550	0	7706
21053	7644	4	62	151	0	7861
21054	117	7650	38	92	0	7897
21055	70	112	7678	48	0	7908
21056	7193	50	117	45	0	7405
21057	127	7677	63	29	0	7896
21058	65	7781	29	27	0	7902
21059	34	8412	15	32	0	8493
21060	46	168	19	9169	0	9402
21061	9367	63	20	183	0	9633
21062	9722	25	15	80	0	9842
21063	266	24	9502	35	0	9827
21064	9248	24	194	38	0	9504
21065	235	9312	70	27	0	9644
21066	103	194	25	9450	0	9772
21067	9775	72	18	217	0	10082
21068	9969	51	10	109	0	10139
21069	10129	24	16	59	0	10228
21070	10008	19	20	32	0	10079
21071	10147	21	34	33	0	10235
21072	340	24	31	9911	0	10306
21073	140	44	9853	224	0	10261
21074	88	36	209	10010	0	10343
21075	113	31	69	10170	0	10383
21076	9984	24	26	303	0	10337
21077	317	9632	32	117	0	10098
21078	9919	213	22	65	0	10219
21079	10036	76	29	63	0	10204
21080	10458	35	43	110	0	10646
21081	10698	18	53	86	0	10855
21082	397	35	10195	76	0	10703
21083	10250	36	215	109	0	10610
21084	10621	30	68	94	0	10813
21085	8968	98	76	119	0	9261
21086	10670	44	33	74	0	10821
21087	441	22	39	10158	0	10660
21088	246	24	9904	260	0	10434
21089	9752	34	221	120	0	10127
21090	373	10003	106	82	0	10564
21091	220	225	59	9855	0	10359
21092	186	10253	48	262	0	10749
21093	184	234	40	10551	0	11009
21094	10662	82	34	294	0	11072
21095	10749	44	32	153	0	10978
21096	10752	47	70	86	0	10955
21097	448	38	9975	70	0	10531
21098	10165	51	232	79	0	10527
21099	399	49	10052	73	0	10573
21100	251	65	9904	81	0	10301
21101	181	48	10231	99	0	10559
21102	207	36	314	9360	0	9917
21103	219	30	102	9892	0	10243
21104	201	49	52	9884	0	10186
21105	173	30	84	9816	0	10103
21106	196	44	82	9191	0	9513
21107	155	41	85	9700	0	9981
21108	138	9750	96	315	0	10299
21109	9694	256	81	161	0	10192
21110	332	9839	68	174	0	10413
21111	177	250	60	10077	0	10564
21112	168	87	50	10283	0	10588
21113	10076	48	62	404	0	10590
21114	336	9959	66	201	0	10562
21115	10200	250	66	140	0	10656
21116	356	120	69	10122	0	10667
21117	216	72	77	10215	0	10580
21118	197	80	67	10298	0	10642
21119	150	72	9988	398	0	10608
21120	147	57	273	10006	0	10483
21121	167	54	9821	380	0	10422
21122	162	86	9289	217	0	9754
21123	182	54	10079	159	0	10474
21124	184	51	322	10126	0	10683
21125	167	46	106	10577	0	10896
21126	148	50	69	10840	0	11107
21127	10684	67	96	436	0	11283
21128	394	67	71	11103	0	11635
21129	11278	61	96	434	0	11869
21130	408	11164	101	266	0	11939
21131	11820	314	99	201	0	12434
21132	12553	90	77	241	0	12961
21133	498	12814	79	180	0	13571
21134	12806	333	51	225	0	13415
21135	12996	109	69	196	0	13370
21136	13178	48	77	205	0	13508
21137	13208	56	80	156	0	13500
21138	567	73	12623	137	0	13400
21139	295	12451	373	115	0	13234
21140	257	315	146	12307	0	13025
21141	12362	117	92	397	0	12968
21142	461	79	12319	186	0	13045
21143	260	12008	325	152	0	12745
21144	233	283	100	11616	0	12232
21145	209	12104	69	366	0	12748
21146	208	324	73	12072	0	12677
21147	177	179	55	12224	0	12635
21148	198	118	12005	419	0	12740
21149	200	104	11791	176	0	12271
21150	11050	78	370	147	0	11645
21151	428	89	11956	100	0	12573
21152	232	75	11934	105	0	12346
21153	207	107	358	11446	0	12118
21154	192	72	140	11470	0	11874
21155	149	11319	119	399	0	11986
21156	154	12339	134	192	0	12819
21157	110	356	12450	143	0	13059
21158	184	193	397	12501	0	13275
21159	103	90	12407	392	0	12992
21160	84	46	11206	122	0	11458
21161	66	11044	346	80	0	11536
21162	60	261	106	10808	0	11235
21163	10839	82	82	254	0	11257
21164	261	60	59	10964	0	11344
21165	11026	31	42	307	0	11406
21166	11097	30	39	141	0	11307
21167	11063	26	58	82	0	11229
21168	345	42	10726	56	0	11169
21169	10675	30	250	65	0	11020
21170	304	35	91	11047	0	11477
21171	11076	23	66	272	0	11437
21172	11126	27	54	125	0	11332
21173	329	10906	49	66	0	11350
21174	11035	236	46	73	0	11390
21175	313	81	11068	36	0	11498
21176	10598	55	252	67	0	10972
21177	10898	37	91	79	0	11105
21178	321	11007	57	52	0	11437
21179	11071	238	47	45	0	11401
21180	312	88	35	10307	0	10742
21181	140	61	40	10279	0	10520
21182	96	10227	49	274	0	10646
21183	89	214	42	10429	0	10774
21184	86	78	43	10523	0	10730
21185	81	64	10235	312	0	10692
21186	75	61	10007	129	0	10272
21187	9677	35	291	118	0	10121
21188	10360	34	119	81	0	10594
21189	339	37	77	10283	0	10736
21190	176	34	10266	266	0	10742
21191	124	10133	255	116	0	10628
21192	103	241	110	10055	0	10509
21193	79	92	10164	274	0	10609
21194	9584	60	282	146	0	10072
21195	328	48	96	10522	0	10994
21196	143	10761	61	326	0	11291
21197	114	298	68	10869	0	11349
21198	108	111	68	11020	0	11307
21199	107	63	58	11229	0	11457
21200	10937	42	74	435	0	11488
21201	368	43	72	10914	0	11397
21202	11060	48	50	409	0	11567
21203	11174	48	38	193	0	11453
21204	456	72	10867	123	0	11518
21205	193	10952	326	118	0	11589
21206	199	313	128	9828	0	10468
21207	126	11529	87	300	0	12042
21208	11729	365	83	133	0	12310
21209	390	148	73	11685	0	12296
21210	175	86	11489	381	0	12131
21211	128	78	11257	191	0	11654
21212	139	53	11468	123	0	11783
21213	11115	47	441	137	0	11740
21214	397	11429	191	100	0	12117
21215	11424	357	113	95	0	11989
21216	428	11568	103	92	0	12191
21217	224	383	83	11326	0	12016
21218	161	158	86	11184	0	11589
21219	144	11483	67	458	0	12152
21220	144	382	11417	198	0	12141
21221	102	11642	351	171	0	12266
21222	11400	393	144	126	0	12063
21223	386	174	97	10912	0	11569
21224	174	106	10659	360	0	11299
21225	146	83	10684	171	0	11084
21226	147	89	419	10526	0	11181
21227	111	62	10493	345	0	11011
21228	93	47	9950	156	0	10246
21229	9038	69	395	116	0	9618
21230	294	9401	164	106	0	9965
21231	9001	261	88	84	0	9434
21232	320	118	8676	69	0	9183
21233	160	7894	291	78	0	8423
21234	89	8308	144	79	0	8620
21235	112	347	119	8073	0	8651
21236	72	133	79	8297	0	8581
21237	86	88	59	8430	0	8663
21238	55	68	8265	395	0	8783
21239	72	65	277	8310	0	8724
21240	77	42	117	8621	0	8857
21241	8402	47	75	415	0	8939
21242	309	8255	74	187	0	8825
21243	140	295	59	8626	0	9120
21244	8561	132	52	365	0	9110
21245	8670	82	61	170	0	8983
21246	414	65	59	8425	0	8963
21247	186	53	8356	370	0	8965
21248	110	66	310	8480	0	8966
21249	101	46	8420	378	0	8945
21250	8579	46	340	212	0	9177
21251	9530	44	153	135	0	9862
21252	473	52	103	9633	0	10261
21253	205	47	9745	387	0	10384
21254	127	10182	381	167	0	10857
21255	96	392	10435	106	0	11029
21256	123	283	403	8841	0	9650
21257	63	9544	167	383	0	10157
21258	9125	362	75	133	0	9695
21259	371	112	66	8717	0	9266
21260	130	9066	54	370	0	9620
21261	9216	360	45	142	0	9763
21262	399	122	54	9028	0	9603
21263	136	9158	59	384	0	9737
21264	78	380	56	9226	0	9740
21265	71	128	9101	403	0	9703
21266	8790	75	360	154	0	9379
21267	9178	67	114	99	0	9458
21268	456	60	8763	87	0	9366
21269	156	8767	363	89	0	9375
21270	8841	346	149	71	0	9407
21271	393	123	79	8792	0	9387
21272	154	79	77	8863	0	9173
21273	98	74	56	9028	0	9256
21274	93	66	58	9018	0	9235
21275	80	49	49	9026	0	9204
21276	8578	55	58	503	0	9194
21277	8998	45	53	209	0	9305
21278	477	43	47	8690	0	9257
21279	172	60	56	9095	0	9383
21280	106	39	8676	502	0	9323
21281	88	49	8827	213	0	9177
21282	8616	46	424	146	0	9232
21283	426	34	150	8754	0	9364
21284	162	40	8642	442	0	9286
21285	108	49	396	8662	0	9215
21286	8636	46	132	466	0	9280
21287	9009	34	98	203	0	9344
21288	485	51	65	8698	0	9299
21289	189	38	71	9065	0	9363
21290	8851	42	67	528	0	9488
21291	446	44	50	8727	0	9267
21292	174	8762	68	461	0	9465
21293	139	363	53	8790	0	9345
21294	129	113	54	8908	0	9204
21295	102	57	8327	509	0	8995
21296	87	51	8044	206	0	8388
21297	82	8071	391	158	0	8702
21298	7850	331	149	143	0	8473
21299	7812	98	96	111	0	8117
21300	7964	61	77	125	0	8227
21301	434	7485	72	126	0	8117
21302	177	7850	64	112	0	8203
21303	7586	366	55	126	0	8133
21304	343	7750	72	139	0	8304
21305	133	347	7475	119	0	8074
21306	116	7647	314	120	0	8197
21307	107	324	7165	109	0	7705
21308	6881	105	299	118	0	7403
21309	7280	94	94	105	0	7573
21310	370	7146	86	107	0	7709
21311	7257	319	55	110	0	7741
21312	8027	114	67	107	0	8315
21313	8253	79	57	118	0	8507
21314	487	85	70	7937	0	8579
21315	8118	74	55	393	0	8640
21316	465	84	7644	189	0	8382
21317	7909	59	339	146	0	8453
21318	460	74	130	7944	0	8608
21319	247	57	7816	394	0	8514
21320	173	70	7976	196	0	8415
21321	152	68	409	7879	0	8508
21322	131	64	186	8249	0	8630
21323	8091	60	106	486	0	8743
21324	396	44	93	8153	0	8686
21325	201	59	7961	468	0	8689
21326	143	49	334	7823	0	8349
21327	158	8093	138	446	0	8835
21328	8394	316	82	237	0	9029
21329	416	120	83	8520	0	9139
21330	187	86	8344	439	0	9056
21331	157	8292	337	260	0	9046
21332	8186	291	143	162	0	8782
21333	377	124	104	8404	0	9009
21334	205	75	8419	378	0	9077
21335	151	8266	330	203	0	8950
21336	8412	282	170	163	0	9027
21337	8356	133	106	145	0	8740
21338	8585	66	98	128	0	8877
21339	481	62	64	8316	0	8923
21340	254	38	62	8537	0	8891
21341	8291	39	46	428	0	8804
21342	360	8110	59	235	0	8764
21343	8204	250	46	178	0	8678
21344	357	114	53	8116	0	8640
21345	8428	67	44	346	0	8885
21346	363	67	52	8434	0	8916
21347	221	53	61	8528	0	8863
21348	186	51	54	8597	0	8888
21349	185	55	67	8577	0	8884
21350	110	49	7761	394	0	8314
21351	91	42	7076	200	0	7409
21352	6259	25	231	137	0	6652
21353	198	27	6776	95	0	7096
21354	85	20	5985	61	0	6151
21355	5726	20	220	53	0	6019
21356	6050	13	123	45	0	6231
21357	199	14	81	6699	0	6993
21358	6815	7	71	126	0	7019
21359	148	6830	31	146	0	7155
21360	7209	101	26	73	0	7409
21361	7120	67	20	64	0	7271
21362	7562	48	21	55	0	7686
21363	211	42	28	7422	0	7703
21364	144	7200	22	117	0	7483
21365	100	7430	28	94	0	7652
21366	7504	150	18	67	0	7739
21367	7530	98	21	54	0	7703
21368	179	61	21	7468	0	7729
21369	134	38	25	7425	0	7622
21370	95	7391	27	153	0	7666
21371	7410	104	17	112	0	7643
21372	138	68	7369	94	0	7669
21373	121	44	98	7330	0	7593
21374	96	32	60	7498	0	7686
21375	61	19	7587	176	0	7843
21376	60	21	99	7353	0	7533
21377	44	5752	110	168	0	6074
21378	52	95	45	7736	0	7928
21379	45	60	37	7560	0	7702
21380	39	6943	29	166	0	7177
21381	45	7605	18	121	0	7789
21382	33	123	20	7740	0	7916
21383	7693	82	26	144	0	7945
21384	92	51	18	7753	0	7914
21385	85	37	26	7791	0	7939
21386	60	8175	38	175	0	8448
21387	53	73	28	8647	0	8801
21388	53	73	29	8571	0	8726
21389	50	39	29	8660	0	8778
21390	8533	25	19	200	0	8777
21391	122	19	20	8596	0	8757
21392	99	18	14	8434	0	8565
21393	80	17	9	8575	0	8681
21394	57	32	8294	189	0	8572
21395	7490	15	77	151	0	7733
21396	125	8156	66	97	0	8444
21397	8394	77	34	63	0	8568
21398	137	57	25	8342	0	8561
21399	105	45	8200	91	0	8441
21400	7573	38	78	92	0	7781
21401	126	29	9872	70	0	10097
21402	112	22	104	10047	0	10285
21403	10644	17	85	136	0	10882
21404	10481	12	56	99	0	10648
21405	10790	16	36	72	0	10914
21406	172	20	13	10781	0	10986
21407	129	19	24	10913	0	11085
21408	81	19	18	11021	0	11139
21409	60	10438	15	192	0	10705
21410	36	10411	18	135	0	10600
21411	29	10378	18	97	0	10522
21412	10	10090	21	18	0	10139
21413	25	22	13	10503	0	10563
21414	13	12	1	10550	0	10576
21415	10488	7	5	34	0	10534
21416	10272	4	7	26	0	10309
21417	10497	7	1	39	0	10544
21418	31	6	6	10503	0	10546
21419	16	2	6	10625	0	10649
21420	10580	5	2	45	0	10632
21421	10261	8	1	41	0	10311
21422	27	6	10366	19	0	10418
21423	25	6	9703	30	0	9764
21424	21	15	9901	21	0	9958
21425	22	15	10639	12	0	10688
21426	9	1	25	10733	0	10768
21427	10844	4	8	45	0	10901
21428	29	10466	9	24	0	10528
21429	13	23	3	10834	0	10873
21430	7	17	10716	32	0	10772
21431	2	11136	25	30	0	11193
21432	8	20	6	11634	0	11668
21433	16	13	11575	32	0	11636
21434	20	4	25	11328	0	11377
21435	9	1	11	11555	0	11576
21436	11841	3	5	55	0	11904
21437	27	3	5	11919	0	11954
21438	12	7	11896	27	0	11942
21439	18	6	20	11669	0	11713
21440	7	12662	8	30	0	12707
21441	18	21	8	13365	0	13412
21442	13	6	9	13394	0	13422
21443	10	7	15	13229	0	13261
21444	13550	1	6	56	0	13613
21445	13277	2	7	30	0	13316
21446	13513	2	3	48	0	13566
21447	13443	3	1	32	0	13479
21448	46	5	13354	11	0	13416
21449	12840	4	23	37	0	12904
21450	13463	6	6	33	0	13508
21451	34	17	13280	17	0	13348
21452	18	6	13785	9	0	13818
21453	12	0	25	13999	0	14036
21454	5	14079	11	33	0	14128
21455	14457	25	3	31	0	14516
21456	14671	5	3	29	0	14708
21457	14489	2	4	32	0	14527
21458	38	2	1	14389	0	14430
21459	13	14924	10	27	0	14974
21460	15767	25	2	44	0	15838
21461	15911	7	2	48	0	15968
21462	37	6	2	15763	0	15808
21463	22	9	15425	35	0	15491
21464	15219	4	29	24	0	15276
21465	35	4	8	16062	0	16109
21466	16311	3	5	57	0	16376
21467	39	3	6	16588	0	16636
21468	27	6	16312	33	0	16378
21469	16786	1	28	55	0	16870
21470	42	2	12	17559	0	17615
21471	20	4	10	17282	0	17316
21472	15	1	9	17624	0	17649
21473	17	4	4	17478	0	17503
21474	17735	0	3	65	0	17803
21475	40	4	5	17609	0	17658
21476	14	17401	10	41	0	17466
21477	11	26	5	17806	0	17848
21478	8	17530	11	38	0	17587
21479	6	45	3	17898	0	17952
21480	13	19	3	17918	0	17953
21481	7	17733	3	50	0	17793
21482	6	37	5	18099	0	18147
21483	11	15	1	17884	0	17911
21484	17885	7	2	75	0	17969
21485	47	14	18150	23	0	18234
21486	27	4	51	18009	0	18091
21487	18253	5	17	103	0	18378
21488	18207	3	4	43	0	18257
21489	18224	5	4	29	0	18262
21490	137	7	18357	15	0	18516
21491	55	13	18300	21	0	18389
21492	38	20	154	18832	0	19044
21493	19396	5	59	147	0	19607
21494	141	11	19026	56	0	19234
21495	18215	2	137	54	0	18408
21496	157	19190	48	39	0	19434
21497	91	118	25	20414	0	20648
21498	41	44	28	20849	0	20962
21499	21032	20	21	207	0	21280
21500	163	16	13	21274	0	21466
21501	19784	5	6	220	0	20015
21502	20036	6	21	98	0	20161
21503	218	7	23	19798	0	20046
21504	76	12	23	19869	0	19980
21505	19878	6	11	252	0	20147
21506	197	9	20678	90	0	20974
21507	20236	6	162	135	0	20539
21508	209	16	21620	39	0	21884
21509	21532	18	161	72	0	21783
21510	22911	5	52	85	0	23053
21511	22536	21	32	89	0	22678
21512	22308	4	25	64	0	22401
21513	241	22186	12	55	0	22494
21514	22753	139	24	51	0	22967
21515	22844	40	30	52	0	22966
21516	234	23791	26	51	0	24102
21517	24024	164	11	98	0	24297
21518	260	62	23616	30	0	23968
21519	23283	21	193	47	0	23544
21520	299	55	23923	16	0	24293
21521	118	16	243	23947	0	24324
21522	105	9	80	24272	0	24466
21523	99	14	24044	288	0	24445
21524	84	19	227	23848	0	24178
21525	469	239	550	14072	0	15330
21526	25134	24	64	357	0	25579
21527	319	13	33	25224	0	25589
21528	143	12	43	25137	0	25335
21529	95	22	29	25440	0	25586
21530	91	24643	26	374	0	25134
21531	62	266	47	24698	0	25073
21532	24485	71	25	360	0	24941
21533	313	43	24473	170	0	24999
21534	151	27	303	24745	0	25226
21535	86	27	24781	419	0	25313
21536	23839	20	381	173	0	24413
21537	404	15	128	25774	0	26321
21538	160	25	31613	521	0	32319
21539	140	8	989	31640	0	32777
21540	122	12	677	31485	0	32296
21541	76	30954	442	1684	0	33156
21542	79	946	278	32687	0	33990
21543	94	658	77	34553	0	35382
21544	93	412	33069	2113	0	35687
21545	133	247	1137	33579	0	35096
21546	99	52	765	34774	0	35690
21547	32566	54	470	2234	0	35324
21548	32851	45	349	1344	0	34589
21549	1797	32593	148	891	0	35429
21550	33669	1146	138	612	0	35565
21551	33987	741	167	441	0	35336
21552	2115	32916	190	415	0	35636
21553	1274	1419	132	32925	0	35750
21554	33428	824	101	1531	0	35884
21555	33895	499	118	1074	0	35586
21556	33310	356	114	782	0	34562
21557	2436	31752	205	578	0	34971
21558	1662	1239	32345	428	0	35674
21559	32907	792	1200	462	0	35361
21560	33897	641	726	382	0	35646
21561	2371	33102	489	436	0	36398
21562	34055	1543	320	462	0	36380
21563	35238	888	208	368	0	36702
21564	2848	611	169	33337	0	36965
21565	1659	509	33292	1745	0	37205
21566	1210	252	1521	34449	0	37432
21567	994	183	893	35084	0	37154
21568	698	241	556	35982	0	37477
21569	597	310	33085	2840	0	36832
21570	685	216	1558	32614	0	35073
21571	608	241	899	34780	0	36528
21572	529	184	563	35558	0	36834
21573	556	170	451	35663	0	36840
21574	532	206	210	35792	0	36740
21575	484	33374	233	3498	0	37589
21576	435	1586	200	35417	0	37638
21577	355	866	349	37339	0	38909
21578	376	548	34657	3186	0	38767
21579	420	360	1689	38541	0	41010
21580	381	246	941	39996	0	41564
21581	378	209	611	41781	0	42979
21582	426	174	490	42611	0	43701
21583	39212	230	278	4450	0	44170
21584	2145	199	260	41506	0	44110
21585	1350	234	218	42162	0	43964
21586	892	261	37883	4069	0	43105
21587	683	35694	1875	2706	0	40958
21588	394	39217	1238	1925	0	42774
21589	37459	2602	894	1515	0	42470
21590	1936	38634	600	1361	0	42531
21591	1264	2543	364	38065	0	42236
21592	37564	1482	261	2988	0	42295
21593	2335	845	37278	2200	0	42658
21594	1401	677	1944	38007	0	42029
21595	963	37686	1247	2974	0	42870
21596	780	2056	780	38084	0	41700
21597	460	38508	556	3194	0	42718
21598	472	2598	317	39311	0	42698
21599	37727	1583	271	3372	0	42953
21600	2364	1014	37977	2275	0	43630
21601	1601	746	2102	36880	0	41329
21602	1160	38076	1317	2875	0	43428
21603	38384	2296	897	2032	0	43609
21604	2428	1451	37813	1706	0	43398
21605	1615	1039	2202	38181	0	43037
21606	1175	792	37051	2945	0	41963
21607	1035	532	2656	37426	0	41649
21608	752	474	36508	3380	0	41114
21609	577	538	2834	36044	0	39993
21610	510	518	1799	37555	0	40382
21611	34710	423	1061	4154	0	40348
21612	36408	480	837	2593	0	40318
21613	3467	502	537	34835	0	39341
21614	2165	34344	496	3120	0	40125
21615	1437	2264	408	35892	0	40001
21616	954	1388	506	36533	0	39381
21617	32971	879	551	4426	0	38827
21618	2284	33475	513	3050	0	39322
21619	33658	2232	503	2174	0	38567
21620	34369	1471	477	1739	0	38056
21621	3414	31733	421	1498	0	37066
21622	2109	34685	345	1510	0	38649
21623	33735	2943	461	1650	0	38789
21624	2785	1741	32155	1696	0	38377
21625	32765	1102	2192	1592	0	37651
21626	33834	853	1383	1463	0	37533
21627	3761	31906	1013	1334	0	38014
21628	2479	2295	723	29098	0	34595
21629	1607	32870	574	2777	0	37828
21630	32257	2905	588	1999	0	37749
21631	33952	1964	593	1610	0	38119
21632	3582	1280	535	32565	0	37962
21633	2496	1055	471	33897	0	37919
21634	31494	788	396	3995	0	36673
21635	2897	30801	362	2856	0	36916
21636	2057	30694	391	2197	0	35339
21637	1562	31197	438	1583	0	34780
21638	738	23707	305	959	0	25709
21639	680	24894	276	987	0	26837
21640	688	2184	292	23777	0	26941
21641	595	1227	22482	1996	0	26300
21642	684	23082	1240	1206	0	26212
21643	21516	1489	656	840	0	24501
21644	1601	931	446	21493	0	24471
21645	21609	707	363	1528	0	24207
21646	1607	21336	336	1006	0	24285
21647	21634	1414	418	764	0	24230
21648	1643	21506	434	840	0	24423
21649	1019	1524	485	21634	0	24662
21650	21767	809	425	1626	0	24627
21651	22579	624	423	1100	0	24726
21652	1859	552	350	22040	0	24801
21653	1165	491	308	22308	0	24272
21654	871	21224	255	2077	0	24427
21655	810	1412	224	22112	0	24558
21656	777	849	158	22752	0	24536
21657	746	722	165	22482	0	24115
21658	680	20577	194	2261	0	23712
21659	19128	1146	189	1314	0	21777
21660	1249	19707	178	909	0	22043
21661	19193	1363	171	652	0	21379
21662	1445	19174	186	579	0	21384
21663	1052	1332	18252	510	0	21146
21664	858	895	887	18158	0	20798
21665	671	654	17929	1139	0	20393
21666	659	550	17821	758	0	19788
21667	637	520	1358	17473	0	19988
21668	643	419	17818	1229	0	20109
21669	694	387	1152	17483	0	19716
21670	716	406	664	17766	0	19552
21671	625	416	400	18564	0	20005
21672	17576	472	258	1759	0	20065
21673	1262	479	197	17948	0	19886
21674	999	388	141	18034	0	19562
21675	16583	320	108	1701	0	18712
21676	1284	15842	110	1160	0	18396
21677	882	14836	79	820	0	16617
21678	717	15611	87	589	0	17004
21679	440	1202	81	12237	0	13960
21680	328	435	12067	698	0	13528
21681	10180	338	410	380	0	11308
21682	545	10737	200	234	0	11716
21683	10444	467	126	187	0	11224
21684	10724	288	84	140	0	11236
21685	10800	237	74	130	0	11241
21686	622	248	10390	140	0	11400
21687	411	197	328	10426	0	11362
21688	321	202	174	10808	0	11505
21689	295	154	129	10984	0	11562
21690	288	146	103	10640	0	11177
21691	244	10158	86	602	0	11090
21692	10322	390	81	361	0	11154
21693	392	211	9638	237	0	10478
21694	9068	147	263	182	0	9660
21695	439	126	120	8920	0	9605
21696	268	8506	71	360	0	9205
21697	182	9057	40	253	0	9532
21698	203	557	71	8191	0	9022
21699	131	8201	52	265	0	8649
21700	7261	152	20	108	0	7541
21701	158	66	7018	71	0	7313
21702	58	78	94	6728	0	6958
21703	43	28	41	7023	0	7135
21704	29	29	20	7163	0	7241
21705	36	34	20	7068	0	7158
21706	7112	39	17	179	0	7347
21707	147	33	15	7330	0	7525
21708	8203	32	19	165	0	8419
21709	207	21	16	8538	0	8782
21710	124	33	24	9054	0	9235
21711	65	6047	22	3442	0	9576
21712	9501	144	22	248	0	9915
21713	9704	86	23	135	0	9948
21714	339	9462	20	101	0	9922
21715	169	257	21	9094	0	9541
21716	88	9418	19	246	0	9771
21717	7156	272	2158	181	0	9767
21718	239	139	9322	92	0	9792
21719	146	69	9106	75	0	9396
21720	8563	40	331	79	0	9013
21721	242	9089	158	77	0	9566
21722	149	248	70	9115	0	9582
21723	83	139	40	9323	0	9585
21724	59	80	9127	367	0	9633
21725	52	52	245	9092	0	9441
21726	53	49	129	9289	0	9520
21727	48	8944	63	381	0	9436
21728	55	254	41	9095	0	9445
21729	48	142	45	9116	0	9351
21730	8768	75	33	417	0	9293
21731	256	8469	32	242	0	8999
21732	148	8768	43	132	0	9091
21733	101	311	37	8767	0	9216
21734	54	172	36	8975	0	9237
21735	61	82	31	8874	0	9048
21736	41	8620	21	441	0	9123
21737	62	250	20	8899	0	9231
21738	43	132	27	8943	0	9145
21739	64	75	21	9062	0	9222
21740	51	64	20	8956	0	9091
21741	50	8735	30	451	0	9266
21742	49	9641	18	249	0	9957
21743	9382	430	24	137	0	9973
21744	9671	183	23	125	0	10002
21745	472	103	19	9503	0	10097
21746	218	77	9409	394	0	10098
21747	105	74	328	9552	0	10059
21748	86	58	136	9630	0	9910
21749	9066	60	67	524	0	9717
21750	349	9224	40	287	0	9900
21751	176	362	32	9276	0	9846
21752	106	277	31	9463	0	9877
21753	76	113	9079	521	0	9789
21754	70	77	9233	295	0	9675
21755	59	67	446	9135	0	9707
21756	63	85	201	9088	0	9437
21757	62	8842	93	504	0	9501
21758	67	9277	65	262	0	9671
21759	9066	412	51	200	0	9729
21760	346	194	43	9282	0	9865
21761	161	119	9192	404	0	9876
21762	86	9165	294	262	0	9807
21763	56	343	147	9376	0	9922
21764	9270	161	73	472	0	9976
21765	320	130	50	9523	0	10023
21766	9192	74	44	485	0	9795
21767	367	9289	33	275	0	9964
21768	9157	356	49	190	0	9752
21769	409	195	53	9261	0	9918
21770	185	122	9311	457	0	10075
21771	131	107	326	9219	0	9783
21772	81	9545	159	431	0	10216
21773	83	418	97	9479	0	10077
21774	101	9861	66	481	0	10509
21775	79	434	48	10182	0	10743
21776	62	209	9716	539	0	10526
21777	69	154	9518	325	0	10066
21778	71	117	9773	258	0	10219
21779	9440	102	515	196	0	10253
21780	390	9506	218	216	0	10330
21781	239	10080	117	141	0	10577
21782	9658	553	72	191	0	10474
21783	9932	256	87	165	0	10440
21784	544	145	70	9636	0	10395
21785	261	103	9563	502	0	10429
21786	155	110	9347	313	0	9925
21787	119	124	515	9289	0	10047
21788	9164	97	232	558	0	10051
21789	405	9162	127	322	0	10016
21790	194	423	101	9343	0	10061
21791	9166	225	117	527	0	10035
21792	9330	127	100	361	0	9918
21793	506	109	9058	241	0	9914
21794	8777	97	394	236	0	9504
21795	471	127	9258	183	0	10039
21796	249	140	9561	169	0	10119
21797	187	97	524	9123	0	9931
21798	164	92	253	9442	0	9951
21799	148	96	127	9812	0	10183
21800	93	112	9219	639	0	10063
21801	9089	90	428	346	0	9953
21802	449	94	189	9586	0	10318
21803	9295	80	116	528	0	10019
21804	9371	116	85	304	0	9876
21805	543	9143	96	228	0	10010
21806	287	9380	87	219	0	9973
21807	181	9397	113	186	0	9877
21808	115	452	104	8016	0	8687
21809	109	168	7851	353	0	8481
21810	105	283	310	6992	0	7690
21811	58	7052	157	307	0	7574
21812	63	7177	77	136	0	7453
21813	72	296	50	7048	0	7466
21814	6863	113	53	289	0	7318
21815	250	6775	79	140	0	7244
21816	138	6930	66	85	0	7219
21817	7034	295	51	121	0	7501
21818	298	120	49	7072	0	7539
21819	151	71	48	7162	0	7432
21820	93	83	44	7403	0	7623
21821	6881	61	47	392	0	7381
21822	7132	72	48	168	0	7420
21823	339	48	58	7046	0	7491
21824	138	54	6814	301	0	7307
21825	6770	40	242	170	0	7222
21826	291	69	106	6968	0	7434
21827	134	77	6816	303	0	7330
21828	98	57	6820	160	0	7135
21829	118	45	295	6996	0	7454
21830	70	62	7332	328	0	7792
21831	77	68	303	7824	0	8272
21832	115	52	123	7591	0	7881
21833	72	49	95	8591	0	8807
21834	8249	48	51	509	0	8857
21835	347	58	52	8352	0	8809
21836	165	58	54	8535	0	8812
21837	115	74	55	8607	0	8851
21838	106	54	49	8672	0	8881
21839	62	59	7958	515	0	8594
21840	76	7903	342	217	0	8538
21841	54	225	85	7222	0	7586
21842	43	81	78	6949	0	7151
21843	46	6683	56	281	0	7066
21844	38	7223	38	159	0	7458
21845	7046	264	57	113	0	7480
21846	236	6914	56	175	0	7381
21847	104	238	33	6983	0	7358
21848	88	92	7022	271	0	7473
21849	6758	65	216	135	0	7174
21850	240	37	6755	142	0	7174
21851	6675	33	246	121	0	7075
21852	6895	38	96	91	0	7120
21853	312	35	6887	104	0	7338
21854	149	32	238	6483	0	6902
21855	98	6634	100	259	0	7091
21856	78	210	78	7149	0	7515
21857	7310	74	58	313	0	7755
21858	7535	61	67	132	0	7795
21859	300	7399	57	136	0	7892
21860	7473	222	55	129	0	7879
21861	289	81	62	7211	0	7643
21862	7200	55	43	336	0	7634
21863	7493	42	91	186	0	7812
21864	336	35	48	7465	0	7884
21865	7445	36	47	329	0	7857
21866	7158	38	39	184	0	7419
21867	303	36	7132	141	0	7612
21868	7020	44	214	139	0	7417
21869	287	34	6964	117	0	7402
21870	125	50	6745	87	0	7007
21871	90	7013	235	109	0	7447
21872	84	195	102	6597	0	6978
21873	61	68	6932	219	0	7280
21874	54	58	6772	93	0	6977
21875	6969	35	220	93	0	7317
21876	212	36	82	7092	0	7422
21877	94	30	65	7331	0	7520
21878	72	28	49	7528	0	7677
21879	55	42	39	7496	0	7632
21880	64	37	39	7578	0	7718
21881	79	32	7370	297	0	7778
21882	68	29	7284	139	0	7520
21883	61	31	238	7425	0	7755
21884	7411	38	104	255	0	7808
21885	225	7323	71	120	0	7739
21886	99	197	51	7354	0	7701
21887	7331	60	50	249	0	7690
21888	242	7309	52	117	0	7720
21889	113	199	46	7488	0	7846
21890	105	67	38	7597	0	7807
21891	72	50	42	7618	0	7782
21892	7417	28	36	327	0	7808
21893	237	23	7250	156	0	7666
21894	7149	24	213	133	0	7519
21895	263	28	86	7339	0	7716
21896	106	29	63	7036	0	7234
21897	89	7068	61	290	0	7508
21898	82	184	6936	149	0	7351
21899	6834	63	210	133	0	7240
21900	7174	61	94	97	0	7426
21901	270	43	7031	105	0	7449
21902	6603	30	211	122	0	6966
21903	246	7057	84	106	0	7493
21904	113	7131	66	103	0	7413
21905	95	7315	54	84	0	7548
21906	6891	247	56	82	0	7276
21907	242	100	7019	72	0	7433
21908	102	120	197	6659	0	7078
21909	69	6644	80	213	0	7006
21910	62	6754	56	93	0	6965
21911	56	6920	43	71	0	7090
21912	148	257	47	5272	0	5724
21913	6565	75	34	197	0	6871
21914	174	6621	28	100	0	6923
21915	79	162	29	6705	0	6975
21916	68	63	27	6829	0	6987
21917	6565	40	35	219	0	6859
21918	200	34	35	6524	0	6793
21919	99	25	23	6822	0	6969
21920	67	35	6584	246	0	6932
21921	59	34	161	6525	0	6779
21922	62	33	68	6840	0	7003
21923	6733	23	40	238	0	7034
21924	6805	23	33	106	0	6967
21925	240	21	32	6798	0	7091
21926	6442	29	31	225	0	6727
21927	6645	30	26	97	0	6798
21928	215	6570	32	64	0	6881
21929	109	159	6442	47	0	6757
21930	85	6219	161	51	0	6516
21931	91	194	64	5634	0	5983
21932	5484	80	73	90	0	5727
21933	74	5396	26	42	0	5538
21934	44	80	25	5441	0	5590
21935	5413	30	21	96	0	5560
21936	5382	20	17	57	0	5476
21937	101	22	15	5364	0	5502
21938	43	24	5511	111	0	5689
21939	32	15	67	5588	0	5702
21940	32	13	26	5710	0	5781
21941	23	18	5665	117	0	5823
21942	26	11	77	5630	0	5744
21943	29	14	39	5727	0	5809
21944	5952	12	24	144	0	6132
21945	90	12	9	6020	0	6131
21946	48	18	12	6029	0	6107
21947	5806	17	16	129	0	5968
21948	5737	13	13	76	0	5839
21949	5737	11	22	46	0	5816
21950	121	17	5684	42	0	5864
21951	57	17	79	5576	0	5729
21952	39	5660	38	93	0	5830
21953	40	84	14	5887	0	6025
21954	44	39	5868	104	0	6055
21955	52	35	88	5441	0	5616
21956	25	22	5734	100	0	5881
21957	5205	31	81	57	0	5374
21958	5413	10	26	35	0	5484
21959	87	8	10	5595	0	5700
21960	47	10	12	5554	0	5623
21961	29	4	18	5552	0	5603
21962	20	5666	8	95	0	5789
21963	5585	59	9	64	0	5717
21964	5635	23	8	43	0	5709
21965	82	12	9	5566	0	5669
21966	38	5	6	5529	0	5578
21967	31	4	5	5574	0	5614
21968	23	5	13	5581	0	5622
21969	22	7	5432	103	0	5564
21970	28	6	63	5393	0	5490
21971	5234	8	26	84	0	5352
21972	5252	12	9	44	0	5317
21973	85	10	12	5066	0	5173
21974	38	4	4924	76	0	5042
21975	4551	4	56	44	0	4655
21976	74	22	23	4828	0	4947
21977	33	4640	10	68	0	4751
21978	13	4833	8	34	0	4888
21979	4828	78	15	32	0	4953
21980	75	20	8	4897	0	5000
21981	35	10	9	4926	0	4980
21982	14	11	6	5252	0	5283
21983	16	12	7	5204	0	5239
21984	23	6	5	5413	0	5447
21985	12	8	5291	134	0	5445
21986	16	5	5147	72	0	5240
21987	15	6	5245	50	0	5316
21988	16	3	133	5258	0	5410
21989	13	7	5485	131	0	5636
21990	17	3	127	5440	0	5587
21991	24	2	52	5465	0	5543
21992	18	8	41	5796	0	5863
21993	5809	5	27	185	0	6026
21994	124	5	26	5878	0	6033
21995	45	3	20	6027	0	6095
21996	5933	3	24	189	0	6149
21997	127	5814	19	106	0	6066
21998	49	6204	20	63	0	6336
21999	6188	162	18	63	0	6431
22000	142	6329	10	47	0	6528
22001	6318	157	8	46	0	6529
22002	6391	53	8	51	0	6503
22003	6340	28	9	44	0	6421
22004	6211	28	10	45	0	6294
22005	6252	25	8	37	0	6322
22006	231	6122	8	28	0	6389
22007	6115	162	6	33	0	6316
22008	6263	55	9	36	0	6363
22009	219	6348	10	28	0	6605
22010	7077	155	9	60	0	7301
22011	7272	58	12	46	0	7388
22012	7987	31	10	45	0	8073
22013	8296	39	11	35	0	8381
22014	418	39	8547	30	0	9034
22015	197	27	285	8990	0	9499
22016	106	38	101	9448	0	9693
22017	99	23	9131	441	0	9694
22018	90	26	9062	168	0	9346
22019	9029	24	421	85	0	9559
22020	435	26	150	9168	0	9779
22021	191	20	9318	347	0	9876
22022	118	32	9265	157	0	9572
22023	9121	28	456	93	0	9698
22024	9563	22	182	77	0	9844
22025	9594	26	99	75	0	9794
22026	539	24	9320	60	0	9943
22027	265	21	382	9310	0	9978
22028	178	23	9574	367	0	10142
22029	9473	19	424	163	0	10079
22030	463	17	9797	101	0	10378
22031	220	20	459	9629	0	10328
22032	172	17	197	9571	0	9957
22033	111	9824	141	460	0	10536
22034	10023	362	105	213	0	10703
22035	506	127	9947	114	0	10694
22036	9980	59	443	108	0	10590
22037	503	38	10295	92	0	10928
22038	264	24	501	9785	0	10574
22039	189	28	228	10146	0	10591
22040	187	32	133	10352	0	10704
22041	10014	22	114	584	0	10734
22042	517	30	115	9763	0	10425
22043	264	27	99	9973	0	10363
22044	155	9566	128	581	0	10430
22045	161	357	115	9875	0	10508
22046	9593	130	132	554	0	10409
22047	502	70	9575	265	0	10412
22048	277	54	453	9488	0	10272
22049	187	69	9532	520	0	10308
22050	176	9149	484	277	0	10086
22051	146	372	9592	189	0	10299
22052	9272	146	547	200	0	10165
22053	9868	62	256	165	0	10351
22054	605	51	183	9523	0	10362
22055	9539	45	178	528	0	10290
22056	9759	28	174	305	0	10266
22057	630	52	162	9544	0	10388
22058	340	36	165	9914	0	10455
22059	239	41	9526	594	0	10400
22060	207	9341	489	301	0	10338
22061	9417	386	239	255	0	10297
22062	539	9276	158	197	0	10170
22063	338	444	155	9248	0	10185
22064	262	165	151	9587	0	10165
22065	243	82	157	9685	0	10167
22066	203	75	146	9716	0	10140
22067	160	77	9184	695	0	10116
22068	8891	72	475	365	0	9803
22069	9623	69	232	287	0	10211
22070	658	63	151	9369	0	10241
22071	9440	70	151	557	0	10218
22072	591	71	115	9488	0	10265
22073	316	69	9219	623	0	10227
22074	253	81	464	9095	0	9893
22075	227	9103	248	572	0	10150
22076	212	362	164	8982	0	9720
22077	194	9185	148	581	0	10108
22078	186	418	136	8795	0	9535
22079	193	9111	120	556	0	9980
22080	8909	407	132	337	0	9785
22081	481	180	8960	318	0	9939
22082	277	8298	406	273	0	9254
22083	201	8833	216	260	0	9510
22084	185	444	175	8495	0	9299
22085	200	162	142	8558	0	9062
22086	196	125	134	8615	0	9070
22087	174	87	126	8785	0	9172
22088	140	8329	144	625	0	9238
22089	158	364	136	8426	0	9084
22090	179	186	107	8537	0	9009
22091	8181	116	116	554	0	8967
22092	448	97	86	8279	0	8910
22093	252	91	7939	516	0	8798
22094	157	87	7792	361	0	8397
22095	7433	82	402	309	0	8226
22096	377	7682	183	272	0	8514
22097	187	7890	138	218	0	8433
22098	192	395	96	7554	0	8237
22099	142	199	64	7838	0	8243
22100	122	121	7407	529	0	8179
22101	7100	119	293	323	0	7835
22102	7584	90	143	276	0	8093
22103	405	87	7759	254	0	8505
22104	195	82	7569	217	0	8063
22105	7674	62	376	228	0	8340
22106	8179	89	173	198	0	8639
22107	8169	98	104	195	0	8566
22108	8176	75	88	218	0	8557
22109	462	7621	78	196	0	8357
22110	7010	241	67	142	0	7460
22111	305	101	6662	160	0	7228
22112	126	55	5930	110	0	6221
22113	80	80	6133	94	0	6387
22114	94	374	253	4829	0	5550
22115	4871	21	69	109	0	5070
22116	4912	26	19	62	0	5019
22117	89	17	36	4896	0	5038
22118	56	24	39	4594	0	4713
22119	55	18	21	4949	0	5043
22120	33	5203	26	111	0	5373
22121	5279	86	22	63	0	5450
22122	5380	30	17	58	0	5485
22123	5418	21	19	63	0	5521
22124	5414	11	22	53	0	5500
22125	5441	10	21	52	0	5524
22126	117	21	16	5280	0	5434
22127	59	5124	24	88	0	5295
22128	52	61	23	4839	0	4975
22129	42	27	13	4928	0	5010
22130	4823	13	12	69	0	4917
22131	53	9	4553	34	0	4649
22132	24	10	4208	24	0	4266
22133	24	12	4225	25	0	4286
22134	4512	7	35	21	0	4575
22135	4773	8	29	21	0	4831
22136	53	7	12	4859	0	4931
22137	17	3	11	4713	0	4744
22138	18	6	10	4867	0	4901
22139	18	8	4912	48	0	4986
22140	23	3	32	4787	0	4845
22141	19	5	5304	51	0	5379
22142	14	5	41	5202	0	5262
22143	10	3	4	5280	0	5297
22144	12	12	10	5446	0	5480
22145	5480	6	4	68	0	5558
22146	5455	7	8	33	0	5503
22147	50	5	5493	20	0	5568
22148	5301	3	40	29	0	5373
22149	5531	2	10	19	0	5562
22150	46	1	19	5513	0	5579
22151	5614	6	5	51	0	5676
22152	53	3	10	5753	0	5819
22153	14	2	4	5770	0	5790
22154	23	2	5663	57	0	5745
22155	5259	15	37	60	0	5371
22156	46	0	20	5811	0	5877
22157	20	3	5855	57	0	5935
22158	27	8	6089	30	0	6154
22159	17	2	51	5962	0	6032
22160	17	1	26	6073	0	6117
22161	6297	1	17	71	0	6386
22162	53	0	13	6362	0	6428
22163	26	0	16	6329	0	6371
22164	27	1	13	6454	0	6495
22165	19	2	10	6907	0	6938
22166	7124	1	11	133	0	7269
22167	7153	0	14	82	0	7249
22168	7298	2	6	58	0	7364
22169	7451	0	7	42	0	7500
22170	183	0	14	7709	0	7906
22171	7834	0	8	143	0	7985
22172	179	2	4	7845	0	8030
22173	7911	0	10	180	0	8101
22174	184	1	10	7846	0	8041
22175	82	1	10	7783	0	7876
22176	47	7740	15	191	0	7993
22177	37	123	13	7850	0	8023
22178	7690	46	12	193	0	7941
22179	7440	23	11	112	0	7586
22180	201	12	7542	61	0	7816
22181	88	7625	137	59	0	7909
22182	7689	127	58	58	0	7932
22183	171	7876	37	36	0	8120
22184	7876	153	19	38	0	8086
22185	171	8280	20	44	0	8515
22186	94	161	8382	39	0	8676
22187	67	8350	137	45	0	8599
22188	39	8500	57	51	0	8647
22189	48	182	34	8790	0	9054
22190	8922	75	13	195	0	9205
22191	165	44	20	8955	0	9184
22192	89	28	7	9013	0	9137
22193	8966	18	9	254	0	9247
22194	9118	16	10	152	0	9296
22195	238	14	15	9138	0	9405
22196	122	16	23	9111	0	9272
22197	96	12	18	9272	0	9398
22198	8976	18	17	273	0	9284
22199	192	37	8934	137	0	9300
22200	106	21	154	8957	0	9238
22201	93	26	9185	199	0	9503
22202	62	8882	188	122	0	9254
22203	64	153	8750	85	0	9052
22204	52	71	187	8660	0	8970
22205	60	52	8715	211	0	9038
22206	8265	37	189	131	0	8622
22207	201	32	74	8744	0	9051
22208	101	8836	56	216	0	9209
22209	98	156	35	8882	0	9171
22210	76	8787	30	212	0	9105
22211	70	8785	21	123	0	8999
22212	63	8959	23	115	0	9160
22213	87	241	14	8463	0	8805
22214	63	8715	25	205	0	9008
22215	8577	205	19	136	0	8937
22216	218	92	8371	99	0	8780
22217	115	70	7864	88	0	8137
22218	97	49	8337	72	0	8555
22219	72	43	229	8501	0	8845
22220	64	36	105	8109	0	8314
22221	70	33	73	8165	0	8341
22222	76	35	56	8209	0	8376
22223	85	39	54	7790	0	7968
22224	66	8229	44	298	0	8637
22225	72	195	8033	148	0	8448
22226	68	99	7806	129	0	8102
22227	74	8400	206	90	0	8770
22228	62	181	109	8604	0	8956
22229	64	95	67	8757	0	8983
22230	67	77	45	8686	0	8875
22231	8589	68	35	317	0	9009
22232	212	62	8510	179	0	8963
22233	8255	54	181	147	0	8637
22234	8499	47	84	123	0	8753
22235	270	8199	55	91	0	8615
22236	136	8371	47	89	0	8643
22237	8424	217	50	88	0	8779
22238	228	128	34	8366	0	8756
22239	126	76	46	8668	0	8916
22240	95	59	8793	290	0	9237
22241	81	47	8394	213	0	8735
22242	54	62	278	8820	0	9214
22243	8909	59	126	299	0	9393
22244	241	65	9413	135	0	9854
22245	9414	62	265	134	0	9875
22246	300	58	118	9785	0	10261
22247	128	62	80	10350	0	10620
22248	107	48	73	10671	0	10899
22249	85	67	10544	414	0	11110
22250	69	9985	286	216	0	10556
22251	63	10838	113	162	0	11176
22252	10724	338	76	115	0	11253
22253	11162	131	44	108	0	11445
22254	396	77	38	11122	0	11633
22255	11174	43	43	387	0	11647
22256	388	33	10803	175	0	11399
22257	147	34	10730	135	0	11046
22258	102	38	389	10324	0	10853
22259	10666	42	165	387	0	11260
22260	363	30	108	10846	0	11347
22261	136	44	75	11241	0	11496
22262	10868	34	65	495	0	11462
22263	11294	25	66	246	0	11631
22264	438	11744	67	156	0	12405
22265	11578	332	67	110	0	12087
22266	416	119	40	11206	0	11781
22267	139	11350	57	350	0	11896
22268	11435	331	46	132	0	11944
22269	379	11461	36	136	0	12012
22270	127	328	45	11221	0	11721
22271	11192	79	40	361	0	11672
22272	355	85	10947	94	0	11481
22273	136	40	11032	82	0	11290
22274	116	60	333	10709	0	11218
22275	81	36	100	11132	0	11349
22276	113	23	67	10742	0	10945
22277	65	11080	65	370	0	11580
22278	11477	350	48	158	0	12033
22279	11625	92	35	139	0	11891
22280	11705	80	34	106	0	11925
22281	448	11836	34	103	0	12421
22282	195	392	27	12819	0	13433
22283	149	111	30	13097	0	13387
22284	129	76	49	13176	0	13430
22285	12125	69	51	542	0	12787
22286	402	12140	39	196	0	12777
22287	162	382	34	12259	0	12837
22288	135	118	33	12556	0	12842
22289	97	83	11923	533	0	12636
22290	122	11795	353	230	0	12500
22291	110	417	91	11848	0	12466
22292	102	143	86	12178	0	12509
22293	116	96	44	12202	0	12458
22294	11573	76	53	602	0	12304
22295	459	11605	36	292	0	12392
22296	11730	410	43	242	0	12425
22297	492	145	55	11716	0	12408
22298	11770	119	34	538	0	12461
22299	506	135	11439	254	0	12334
22300	11638	105	381	225	0	12349
22301	11925	82	108	215	0	12330
22302	522	103	11477	206	0	12308
22303	273	87	390	11586	0	12336
22304	196	93	160	11605	0	12054
22305	11903	97	117	613	0	12730
22306	512	70	66	12087	0	12735
22307	242	84	94	12150	0	12570
22308	200	78	84	12357	0	12719
22309	188	91	11611	663	0	12553
22310	11042	78	406	360	0	11886
22311	539	11959	149	255	0	12902
22312	272	416	113	11579	0	12380
22313	246	11685	89	530	0	12550
22314	180	12473	92	295	0	13040
22315	208	508	68	12496	0	13280
22316	166	210	12216	629	0	13221
22317	175	152	12403	315	0	13045
22318	182	131	507	12535	0	13355
22319	177	129	12393	660	0	13359
22320	12233	107	506	361	0	13207
22321	556	114	185	12780	0	13635
22322	232	121	142	13005	0	13500
22323	197	12753	99	726	0	13775
22324	160	490	122	12816	0	13588
22325	188	192	111	12762	0	13253
22326	161	12291	105	741	0	13298
22327	169	479	113	12652	0	13413
22328	178	212	100	12635	0	13125
22329	172	12402	104	730	0	13408
22330	12472	489	105	418	0	13484
22331	548	208	12326	321	0	13403
22332	272	163	12212	291	0	12938
22333	234	157	508	12168	0	13067
22334	197	142	202	12682	0	13223
22335	185	131	12205	729	0	13250
22336	175	130	11999	412	0	12716
22337	11300	137	528	366	0	12331
22338	524	12144	214	314	0	13196
22339	11934	455	156	361	0	12906
22340	520	164	11657	340	0	12681
22341	234	11582	480	304	0	12600
22342	203	489	197	11924	0	12813
22343	155	192	12004	621	0	12972
22344	131	142	11671	322	0	12266
22345	172	220	521	11747	0	12660
22346	130	138	11770	638	0	12676
22347	110	11253	509	296	0	12168
22348	133	445	232	11178	0	11988
22349	121	168	11165	550	0	12004
22350	121	11205	478	288	0	12092
22351	11002	448	217	216	0	11883
22352	473	185	10902	212	0	11772
22353	170	10836	453	226	0	11685
22354	142	448	224	10778	0	11592
22355	136	179	183	11386	0	11884
22356	11098	145	141	588	0	11972
22357	459	96	163	11105	0	11823
22358	183	100	128	11310	0	11721
22359	10780	99	129	638	0	11646
22360	429	106	95	10832	0	11462
22361	184	85	10394	558	0	11221
22362	146	91	387	10459	0	11083
22363	106	99	10076	570	0	10851
22364	139	81	9201	286	0	9707
22365	76	99	9585	212	0	9972
22366	130	121	457	8967	0	9675
22367	93	49	241	9516	0	9899
22368	9279	50	153	457	0	9939
22369	311	54	140	8988	0	9493
22370	147	9807	117	430	0	10501
22371	119	280	113	10304	0	10816
22372	86	120	122	10144	0	10472
22373	61	10142	121	495	0	10819
22374	10130	294	114	300	0	10838
22375	10052	141	102	223	0	10518
22376	358	9858	116	197	0	10529
22377	137	9883	96	164	0	10280
22378	114	507	89	9524	0	10234
22379	9591	155	131	354	0	10231
22380	285	111	9608	199	0	10203
22381	131	90	8860	129	0	9210
22382	7844	58	271	93	0	8266
22383	222	8311	130	96	0	8759
22384	91	230	79	8321	0	8721
22385	66	111	78	8152	0	8407
22386	62	59	65	8333	0	8519
22387	51	47	52	8406	0	8556
22388	38	8185	58	324	0	8605
22389	50	209	43	8511	0	8813
22390	8443	86	47	285	0	8861
22391	210	64	38	8619	0	8931
22392	88	44	35	8785	0	8952
22393	8754	44	38	346	0	9182
22394	8855	34	39	183	0	9111
22395	9022	40	44	126	0	9232
22396	9149	33	44	122	0	9348
22397	316	32	41	9004	0	9393
22398	9029	35	44	285	0	9393
22399	279	27	59	8929	0	9294
22400	8838	27	53	292	0	9210
22401	8929	28	45	150	0	9152
22402	305	29	52	8925	0	9311
22403	164	33	8976	279	0	9452
22404	8927	34	210	161	0	9332
22405	9387	33	91	120	0	9631
22406	9461	30	51	118	0	9660
22407	9464	34	45	104	0	9647
22408	326	38	37	9576	0	9977
22409	151	46	9516	244	0	9957
22410	114	34	9159	136	0	9443
22411	9161	57	237	138	0	9593
22412	9828	26	98	91	0	10043
22413	263	9564	78	85	0	9990
22414	118	9705	49	68	0	9940
22415	9849	194	50	79	0	10172
22416	221	83	47	9699	0	10050
22417	118	57	39	10049	0	10263
22418	10040	35	29	250	0	10354
22419	197	10160	37	126	0	10520
22420	10439	166	27	122	0	10754
22421	227	65	10182	80	0	10554
22422	9909	39	161	78	0	10187
22423	223	35	55	10202	0	10515
22424	111	29	10402	208	0	10750
22425	90	10441	165	117	0	10813
22426	104	158	68	10891	0	11221
22427	71	78	11342	205	0	11696
22428	74	45	178	11210	0	11507
22429	11592	25	91	238	0	11946
22430	200	29	11409	128	0	11766
22431	10982	22	198	101	0	11303
22432	236	11553	104	76	0	11969
22433	135	170	62	11854	0	12221
22434	109	79	12414	196	0	12798
22435	84	61	190	12157	0	12492
22436	87	42	12715	231	0	13075
22437	72	12437	204	127	0	12840
22438	12234	163	97	100	0	12594
22439	191	13038	62	62	0	13353
22440	117	204	39	13046	0	13406
22441	83	91	45	13158	0	13377
22442	67	49	12673	236	0	13025
22443	10332	37	177	194	0	10740
22444	195	12011	84	85	0	12375
22445	65	11472	39	41	0	11617
22446	45	11743	23	45	0	11856
22447	77	169	36	11574	0	11856
22448	25	11547	29	105	0	11706
22449	31	115	24	11443	0	11613
22450	21	11495	31	105	0	11652
22451	23	113	22	11412	0	11570
22452	23	11636	11	81	0	11751
22453	11498	109	8	58	0	11673
22454	89	50	11362	41	0	11542
22455	10800	46	106	48	0	11000
22456	11525	18	39	47	0	11629
22457	11781	18	35	25	0	11859
22458	126	11752	21	10	0	11909
22459	12008	91	20	34	0	12153
22460	11977	60	7	17	0	12061
22461	12052	41	9	27	0	12129
22462	137	32	11935	28	0	12132
22463	82	20	74	12055	0	12231
22464	51	22	12451	106	0	12630
22465	35	22	101	12100	0	12258
22466	12238	22	51	127	0	12438
22467	118	12181	28	70	0	12397
22468	78	112	13629	39	0	13858
22469	67	57	167	13256	0	13547
22470	39	32	59	14316	0	14446
22471	70	27	15545	233	0	15875
22472	14754	21	290	115	0	15180
22473	15818	33	86	57	0	15994
22474	16302	17	47	47	0	16413
22475	447	20	35	15907	0	16409
22476	173	15374	36	329	0	15912
22477	98	16384	26	132	0	16640
22478	69	389	29	16280	0	16767
22479	67	150	42	16072	0	16331
22480	67	16126	35	388	0	16616
22481	16214	337	13	147	0	16711
22482	348	16220	28	87	0	16683
22483	144	359	40	16070	0	16613
22484	90	140	15925	361	0	16516
22485	67	92	357	15746	0	16262
22486	16081	64	109	410	0	16664
22487	390	56	15889	169	0	16504
22488	15843	63	326	115	0	16347
22489	16504	66	185	108	0	16863
22490	16797	75	56	85	0	17013
22491	16786	80	54	80	0	17000
22492	17143	45	51	110	0	17349
22493	550	48	16241	87	0	16926
22494	235	90	15964	76	0	16365
22495	17197	46	462	68	0	17773
22496	18340	60	174	64	0	18638
22497	649	36	71	18732	0	19488
22498	292	18999	85	488	0	19864
22499	187	490	56	19524	0	20257
22500	19832	200	51	601	0	20684
22501	608	108	81	19097	0	19894
22502	320	19946	64	525	0	20855
22503	20060	502	51	272	0	20885
22504	19690	226	36	147	0	20099
22505	20011	118	55	121	0	20305
22506	813	19365	44	111	0	20333
22507	394	556	67	19396	0	20413
22508	242	221	78	19245	0	19786
22509	219	18506	47	685	0	19457
22510	218	542	32	19138	0	19930
22511	18686	232	43	687	0	19648
22512	18947	158	35	299	0	19439
22513	776	18496	43	219	0	19534
22514	406	539	39	18615	0	19599
22515	243	248	47	18963	0	19501
22516	192	180	60	19063	0	19495
22517	18286	111	75	850	0	19322
22518	697	88	17852	404	0	19041
22519	17193	88	508	289	0	18078
22520	763	186	17833	190	0	18972
22521	419	112	555	17114	0	18200
22522	266	17320	253	639	0	18478
22523	247	18340	107	381	0	19075
22524	17601	721	91	289	0	18702
22525	17658	331	75	235	0	18299
22526	838	17043	75	213	0	18169
22527	388	17151	77	204	0	17820
22528	17203	752	60	229	0	18244
22529	17708	345	74	230	0	18357
22530	829	17875	76	226	0	19006
22531	18390	688	64	186	0	19328
22532	825	302	17940	174	0	19241
22533	18079	229	540	183	0	19031
22534	18241	200	244	209	0	18894
22535	961	169	121	17537	0	18788
22536	512	17473	113	658	0	18756
22537	452	642	68	17611	0	18773
22538	18115	283	97	715	0	19210
22539	874	181	70	17322	0	18447
22540	513	186	105	17903	0	18707
22541	399	186	17721	848	0	19154
22542	382	133	577	17896	0	18988
22543	344	134	242	18552	0	19272
22544	18139	189	153	949	0	19430
22545	807	169	17934	465	0	19375
22546	18176	154	613	341	0	19284
22547	872	168	246	18280	0	19566
22548	493	147	151	18710	0	19501
22549	328	169	128	18534	0	19159
22550	329	17442	96	935	0	18802
22551	312	18306	105	522	0	19245
22552	371	752	103	18004	0	19230
22553	18018	334	109	785	0	19246
22554	18379	220	104	418	0	19121
22555	1049	187	92	17949	0	19277
22556	18041	170	90	844	0	19145
22557	920	173	76	17997	0	19166
22558	559	189	74	18478	0	19300
22559	17050	173	105	1036	0	18364
22560	878	17913	78	466	0	19335
22561	18147	664	72	432	0	19315
22562	18192	332	60	331	0	18915
22563	17967	187	83	366	0	18603
22564	1003	17456	57	333	0	18849
22565	536	696	77	17715	0	19024
22566	422	323	77	18281	0	19103
22567	369	193	17154	977	0	18693
22568	364	210	513	16040	0	17127
22569	257	184	15223	825	0	16489
22570	303	14148	512	422	0	15385
22571	180	12600	219	236	0	13235
22572	177	13048	85	223	0	13533
22573	221	556	150	13145	0	14072
22574	189	221	84	13324	0	13818
22575	125	141	65	13332	0	13663
22576	133	123	47	13453	0	13756
22577	124	106	13149	681	0	14060
22578	121	115	15538	369	0	16143
22579	134	130	587	16404	0	17255
22580	141	97	16817	689	0	17744
22581	16690	72	578	354	0	17694
22582	17389	87	240	273	0	17989
22583	760	68	16887	255	0	17970
22584	342	68	578	16950	0	17938
22585	251	67	223	17461	0	18002
22586	214	89	136	17742	0	18181
22587	219	80	120	17371	0	17790
22588	198	89	96	17706	0	18089
22589	12260	262	167	988	0	13677
22590	16974	108	81	478	0	17641
22591	710	16737	80	356	0	17883
22592	292	536	16149	277	0	17254
22593	228	15893	523	259	0	16903
22594	161	16473	212	249	0	17095
22595	15291	558	127	218	0	16194
22596	516	15005	107	194	0	15822
22597	170	14255	80	122	0	14627
22598	13933	453	64	109	0	14559
22599	433	176	13599	125	0	14333
22600	13332	103	366	118	0	13919
22601	427	81	117	13611	0	14236
22602	171	69	56	13320	0	13616
22603	127	52	59	13525	0	13763
22604	117	40	12915	533	0	13605
22605	92	13017	388	251	0	13748
22606	13105	363	130	190	0	13788
22607	419	112	117	13224	0	13872
22608	145	13429	84	505	0	14163
22609	96	434	113	14064	0	14707
22610	127	173	14066	493	0	14859
22611	152	138	431	14112	0	14833
22612	121	96	170	14650	0	15037
22613	121	107	74	14849	0	15151
22614	14484	85	73	682	0	15324
22615	496	54	78	14657	0	15285
22616	179	45	14297	675	0	15196
22617	132	14193	440	420	0	15185
22618	126	418	148	14534	0	15226
22619	154	143	107	14824	0	15228
22620	107	136	14179	658	0	15080
22621	129	106	14006	283	0	14524
22622	13681	144	585	217	0	14627
22623	13708	136	217	220	0	14281
22624	577	13914	172	215	0	14878
22625	13992	499	146	181	0	14818
22626	556	194	13870	200	0	14820
22627	270	97	13922	208	0	14497
22628	13641	136	607	276	0	14660
22629	13735	84	230	292	0	14341
22630	582	74	13029	299	0	13984
22631	12702	59	457	269	0	13487
22632	539	61	12999	215	0	13814
22633	12889	98	510	157	0	13654
22634	13105	144	189	146	0	13584
22635	586	145	136	12426	0	13293
22636	232	13513	158	452	0	14355
22637	10054	591	214	296	0	11155
22638	454	237	13425	144	0	14260
22639	249	13519	474	156	0	14398
22640	13634	539	180	192	0	14545
22641	13083	238	143	219	0	13683
22642	640	12934	151	193	0	13918
22643	311	445	179	13119	0	14054
22644	241	167	12879	588	0	13875
22645	194	120	512	13000	0	13826
22646	205	129	12848	642	0	13824
22647	141	122	559	12816	0	13638
22648	163	107	281	13106	0	13657
22649	144	134	12613	661	0	13552
22650	180	12594	534	344	0	13652
22651	189	480	217	12491	0	13377
22652	229	297	9091	646	0	10263
22653	12387	175	361	322	0	13245
22654	543	122	227	12726	0	13618
22655	234	119	194	13031	0	13578
22656	12713	120	145	662	0	13640
22657	599	91	110	12579	0	13379
22658	346	81	153	12222	0	12802
22659	209	12282	185	611	0	13287
22660	220	415	170	12324	0	13129
22661	178	181	11967	571	0	12897
22662	198	120	481	11589	0	12388
22663	197	11635	256	535	0	12623
22664	152	12124	221	300	0	12797
22665	192	500	170	11958	0	12820
22666	11949	239	164	489	0	12841
22667	525	188	150	12044	0	12907
22668	12058	189	146	536	0	12929
22669	608	114	161	12109	0	12992
22670	12101	105	185	560	0	12951
22671	12567	114	151	334	0	13166
22672	683	110	156	12172	0	13121
22673	446	368	158	11720	0	12692
22674	242	11340	192	646	0	12420
22675	242	11980	176	350	0	12748
22676	238	465	11644	292	0	12639
22677	209	11250	413	312	0	12184
22678	8441	332	305	171	0	9249
22679	337	113	107	8123	0	8680
22680	128	7715	88	269	0	8200
22681	7953	239	58	162	0	8412
22682	290	106	66	7918	0	8380
22683	179	60	71	7830	0	8140
22684	126	63	64	8014	0	8267
22685	105	71	83	8122	0	8381
22686	108	7837	90	372	0	8407
22687	121	8442	81	160	0	8804
22688	8653	256	65	130	0	9104
22689	321	8724	53	112	0	9210
22690	141	284	63	8693	0	9181
22691	131	122	59	8846	0	9158
22692	113	76	43	8877	0	9109
22693	108	67	53	8970	0	9198
22694	8658	72	53	389	0	9172
22695	8903	42	39	200	0	9184
22696	373	44	8610	153	0	9180
22697	172	51	274	8810	0	9307
22698	135	53	8871	391	0	9450
22699	105	63	319	8914	0	9401
22700	106	74	119	9143	0	9442
22701	8960	58	93	438	0	9549
22702	332	72	93	9132	0	9629
22703	158	78	9010	400	0	9646
22704	130	63	8678	222	0	9093
22705	8817	65	338	205	0	9425
22706	328	73	9084	164	0	9649
22707	142	58	268	8722	0	9190
22708	103	42	8925	340	0	9410
22709	79	74	274	8613	0	9040
22710	59	8497	123	352	0	9031
22711	64	240	95	8495	0	8894
22712	36	8354	63	316	0	8769
22713	47	8494	45	149	0	8735
22714	41	262	44	8304	0	8651
22715	8171	109	32	298	0	8610
22716	200	8388	42	161	0	8791
22717	99	213	23	8530	0	8865
22718	8482	88	24	294	0	8888
22719	8641	64	25	165	0	8895
22720	8845	49	24	115	0	9033
22721	314	41	28	8620	0	9003
22722	139	39	34	8859	0	9071
22723	8760	44	29	337	0	9170
22724	8728	39	46	175	0	8988
22725	8867	42	32	155	0	9096
22726	317	44	29	8785	0	9175
22727	151	47	8293	243	0	8734
22728	8245	38	170	130	0	8583
22729	239	36	78	8255	0	8608
22730	122	8446	54	241	0	8863
22731	117	220	41	8348	0	8726
22732	84	8425	30	254	0	8793
22733	77	212	25	8617	0	8931
22734	61	61	8396	291	0	8809
22735	48	8157	168	130	0	8503
22736	49	157	55	7639	0	7900
22737	44	60	36	7748	0	7888
22738	44	52	33	7702	0	7831
22739	7782	31	19	273	0	8105
22740	185	7853	24	132	0	8194
22741	84	175	19	8215	0	8493
22742	8246	92	36	246	0	8620
22743	8400	60	15	134	0	8609
22744	273	27	26	8428	0	8754
22745	133	33	8565	259	0	8990
22746	75	33	197	8469	0	8774
22747	65	8553	86	284	0	8988
22748	55	205	54	8826	0	9140
22749	8776	87	22	304	0	9189
22750	258	54	32	9146	0	9490
22751	141	34	9319	306	0	9800
22752	83	9952	218	188	0	10441
22753	10207	256	107	125	0	10695
22754	271	122	10301	118	0	10812
22755	10351	88	269	98	0	10806
22756	333	41	104	10853	0	11331
22757	181	33	83	10982	0	11279
22758	106	10919	50	401	0	11476
22759	11473	267	69	209	0	12018
22760	336	136	50	11643	0	12165
22761	187	69	48	11933	0	12237
22762	123	40	51	12326	0	12540
22763	111	68	12097	498	0	12774
22764	58	43	298	12221	0	12620
22765	12408	42	138	451	0	13039
22766	12725	70	66	267	0	13128
22767	450	35	41	12653	0	13179
22768	195	34	43	12860	0	13132
22769	12580	26	79	508	0	13193
22770	356	38	12248	314	0	12956
22771	12052	31	320	184	0	12587
22772	456	47	12071	129	0	12703
22773	212	35	12123	149	0	12519
22774	152	29	391	12168	0	12740
22775	146	31	12501	397	0	13075
22776	12381	26	391	257	0	13055
22777	429	31	160	12950	0	13570
22778	167	24	12983	382	0	13556
22779	12377	27	375	214	0	12993
22780	12837	23	179	214	0	13253
22781	453	34	13240	129	0	13856
22782	302	54	321	12478	0	13155
22783	160	13224	160	368	0	13912
22784	13435	280	159	201	0	14075
22785	442	118	13375	144	0	14079
22786	12462	73	335	143	0	13013
22787	392	13138	215	108	0	13853
22788	12811	235	105	141	0	13292
22789	12789	157	76	102	0	13124
22790	13047	60	48	109	0	13264
22791	383	46	103	12945	0	13477
22792	255	12890	69	271	0	13485
22793	156	268	12757	165	0	13346
22794	161	13093	260	105	0	13619
22795	174	291	125	11875	0	12465
22796	171	12686	76	244	0	13177
22797	98	13120	54	192	0	13464
22798	12755	320	68	133	0	13276
22799	255	138	12785	103	0	13281
22800	181	136	12903	80	0	13300
22801	115	79	12899	119	0	13212
22802	102	13118	301	82	0	13603
22803	13165	269	122	105	0	13661
22804	13273	114	70	117	0	13574
22805	13113	81	100	117	0	13411
22806	333	12983	110	85	0	13511
22807	189	203	120	13461	0	13973
22808	113	158	13321	260	0	13852
22809	144	76	12894	180	0	13294
22810	13216	66	292	165	0	13739
22811	13937	74	147	123	0	14281
22812	13946	130	91	100	0	14267
22813	390	48	13564	147	0	14149
22814	13507	42	301	121	0	13971
22815	308	40	212	13789	0	14349
22816	259	49	113	13890	0	14311
22817	216	51	14423	344	0	15034
22818	220	14458	233	203	0	15114
22819	171	193	190	14798	0	15352
22820	194	110	14605	301	0	15210
22821	13748	61	292	295	0	14396
22822	309	32	186	14748	0	15275
22823	202	26	199	14797	0	15224
22824	14848	78	113	400	0	15439
22825	351	31	93	14878	0	15353
22826	14825	43	160	364	0	15392
22827	15013	32	103	251	0	15399
22828	417	40	99	14866	0	15422
22829	294	21	123	14964	0	15402
22830	14842	38	111	419	0	15410
22831	353	41	105	15028	0	15527
22832	15140	46	140	345	0	15671
22833	15106	39	122	228	0	15495
22834	15072	51	115	207	0	15445
22835	477	49	103	14863	0	15492
22836	320	54	109	14883	0	15366
22837	14830	39	97	405	0	15371
22838	404	14332	107	203	0	15046
22839	257	14166	97	118	0	14638
22840	14234	187	81	99	0	14601
22841	259	93	13765	112	0	14229
22842	13618	47	189	133	0	13987
22843	288	46	82	14418	0	14834
22844	140	77	14415	186	0	14818
22845	14123	88	198	119	0	14528
22846	296	51	73	14608	0	15028
22847	159	46	107	14597	0	14909
22848	208	43	64	15042	0	15357
22849	155	38	36	15011	0	15240
22850	14846	54	91	231	0	15222
22851	242	14430	47	112	0	14831
22852	13409	107	28	74	0	13618
22853	139	47	13316	62	0	13564
22854	85	37	12514	57	0	12693
22855	68	13346	106	59	0	13579
22856	85	156	101	13186	0	13528
22857	41	66	13066	77	0	13250
22858	68	11894	76	78	0	12116
22859	11	33	12260	7	0	12311
22860	17	7	26	12065	0	12115
22861	9	10	11	11887	0	11917
22862	12297	5	6	54	0	12362
22863	27	6	10	11862	0	11905
22864	11881	2	5	57	0	11945
22865	36	5	11851	10	0	11902
22866	11	11947	26	23	0	12007
22867	16	20	4	12564	0	12604
22868	14	8	6	13261	0	13289
22869	8	7	13307	31	0	13353
22870	22	14	12107	28	0	12171
22871	12152	3	33	53	0	12241
22872	13344	1	9	29	0	13383
22873	32	3	11	13313	0	13359
22874	18	1	8	13233	0	13260
22875	10	13011	8	32	0	13061
22876	12	24	2	13617	0	13655
22877	13682	4	2	67	0	13755
22878	13774	6	16	35	0	13831
22879	60	14059	8	22	0	14149
22880	14295	70	1	27	0	14393
22881	14119	16	3	25	0	14163
22882	115	17	3	15405	0	15540
22883	35	15500	8	191	0	15734
22884	38	195	4	15898	0	16135
22885	23	30	4	15862	0	15919
22886	17	27	15454	248	0	15746
22887	15262	6	210	94	0	15572
22888	292	6	31	17058	0	17387
22889	92	18	22	17991	0	18123
22890	46	20282	12	450	0	20790
22891	37	477	5	21536	0	22055
22892	21583	124	15	679	0	22401
22893	23097	86	11	230	0	23424
22894	808	81	22351	150	0	23390
22895	284	58	22583	112	0	23037
22896	200	49	796	22862	0	23907
22897	150	28	256	24236	0	24670
22898	117	23	23607	933	0	24680
22899	100	18	23812	333	0	24263
22900	114	22	969	22510	0	23615
22901	61	10	23721	895	0	24687
22902	77	28	23865	315	0	24285
22903	59	15	1040	23063	0	24177
22904	23622	18	432	930	0	25002
22905	24340	23	322	326	0	25011
22906	955	20	228	23896	0	25099
22907	371	21	156	24338	0	24886
22908	23591	13	165	1074	0	24843
22909	899	31	159	23412	0	24501
22910	23124	29	125	1064	0	24342
22911	23662	15	118	455	0	24250
22912	1113	33	92	23341	0	24579
22913	443	44	106	24017	0	24610
22914	23056	27	113	1191	0	24387
22915	996	22456	82	551	0	24085
22916	397	23275	119	434	0	24225
22917	361	887	139	22328	0	23715
22918	287	304	21980	1013	0	23584
22919	232	195	816	22146	0	23389
22920	22011	141	334	1132	0	23618
22921	912	120	258	22283	0	23573
22922	22318	107	173	1190	0	23788
22923	1002	134	22036	566	0	23738
22924	21991	75	877	486	0	23429
22925	1039	76	381	22413	0	23909
22926	497	60	222	23346	0	24125
22927	421	67	23131	1176	0	24795
22928	340	53	887	23371	0	24651
22929	333	49	338	24280	0	25000
22930	279	74	274	24804	0	25431
22931	23701	88	202	1420	0	25411
22932	978	69	23449	789	0	25285
22933	490	82	23330	601	0	24503
22934	23022	70	1082	544	0	24718
22935	24198	65	489	520	0	25272
22936	1246	52	23909	482	0	25689
22937	632	87	1019	23046	0	24784
22938	436	23742	514	1034	0	25726
22939	403	775	431	24753	0	26362
22940	24310	233	368	1287	0	26198
22941	25112	173	364	629	0	26278
22942	1222	124	402	24286	0	26034
22943	582	23681	369	1268	0	25900
22944	514	778	342	23205	0	24839
22945	479	23669	328	1174	0	25650
22946	23971	862	301	778	0	25912
22947	23084	325	297	653	0	24359
22948	23670	210	325	610	0	24815
22949	1308	21951	310	639	0	24208
22950	724	23258	309	594	0	24885
22951	595	989	288	23394	0	25266
22952	520	402	284	23892	0	25098
22953	573	241	283	23697	0	24794
22954	554	205	244	24396	0	25399
22955	477	201	22750	1607	0	25035
22956	21878	207	937	1029	0	24051
22957	1277	223	23221	742	0	25463
22958	23632	178	1089	730	0	25629
22959	1369	194	24200	683	0	26446
22960	24048	182	1127	717	0	26074
22961	1422	144	24635	680	0	26881
22962	23923	155	1246	649	0	25973
22963	1537	125	576	24853	0	27091
22964	25455	168	465	1398	0	27486
22965	1545	157	337	25353	0	27392
22966	859	136	380	25798	0	27173
22967	738	139	381	24836	0	26094
22968	573	23354	319	1699	0	25945
22969	23666	933	266	1017	0	25882
22970	24098	375	278	879	0	25630
22971	1571	23456	277	720	0	26024
22972	856	984	271	23996	0	26107
22973	696	432	23212	1494	0	25834
22974	23129	276	1031	914	0	25350
22975	24348	262	483	738	0	25831
22976	24144	208	429	622	0	25403
22977	1722	152	319	22325	0	24518
22978	889	22085	309	1306	0	24589
22979	730	917	288	22537	0	24472
22980	22302	389	328	1335	0	24354
22981	1464	267	273	21088	0	23092
22982	701	20122	249	1126	0	22198
22983	19993	794	236	681	0	21704
22984	1213	367	19721	540	0	21841
22985	770	301	19484	468	0	21023
22986	571	19132	1018	491	0	21212
22987	507	18977	475	336	0	20295
22988	558	813	17640	418	0	19429
22989	524	434	16597	327	0	17882
22990	325	923	694	12767	0	14709
22991	13344	111	311	459	0	14225
22992	477	86	13184	210	0	13957
22993	188	12169	291	145	0	12793
22994	12193	315	222	121	0	12851
22995	317	12096	89	80	0	12582
22996	11539	217	54	57	0	11867
22997	237	11401	67	56	0	11761
22998	139	11623	57	46	0	11865
22999	110	247	60	11712	0	12129
23000	110	135	58	11738	0	12041
23001	98	73	11133	231	0	11535
23002	93	39	174	10894	0	11200
23003	11023	70	87	218	0	11398
23004	11076	56	47	161	0	11340
23005	265	51	31	10829	0	11176
23006	153	55	10569	208	0	10985
23007	86	70	10337	149	0	10642
23008	96	34	220	10732	0	11082
23009	72	47	11024	198	0	11341
23010	62	41	211	10875	0	11189
23011	66	55	137	10595	0	10853
23012	56	48	12059	271	0	12434
23013	11320	41	295	164	0	11820
23014	12190	43	183	78	0	12494
23015	365	35	12307	84	0	12791
23016	202	30	12622	74	0	12928
23017	104	25	491	12544	0	13164
23018	87	37	214	14064	0	14402
23019	103	33	111	14695	0	14942
23020	84	59	102	14499	0	14744
23021	14498	41	77	602	0	15218
23022	15293	65	56	299	0	15713
23023	591	62	61	16172	0	16886
23024	264	45	69	17116	0	17494
23025	142	50	17882	734	0	18808
23026	144	35	607	18425	0	19211
23027	101	26	309	19486	0	19922
23028	19498	30	167	1082	0	20777
23029	794	20634	111	522	0	22061
23030	361	780	78	20955	0	22174
23031	186	319	65	21564	0	22134
23032	151	134	73	21062	0	21420
23033	114	18530	77	1363	0	20084
23034	97	20590	96	627	0	21410
23035	98	997	67	20464	0	21626
23036	110	427	54	20684	0	21275
23037	95	206	99	21093	0	21493
23038	19138	140	74	1457	0	20809
23039	800	19554	65	786	0	21205
23040	19885	842	83	470	0	21280
23041	20541	405	83	334	0	21363
23042	1229	239	62	19471	0	21001
23043	549	19423	58	1069	0	21099
23044	19485	885	54	622	0	21046
23045	963	415	41	19745	0	21164
23046	19887	273	37	1152	0	21349
23047	1057	192	70	20268	0	21587
23048	553	163	19662	1239	0	21617
23049	324	147	20269	711	0	21451
23050	250	124	1114	20357	0	21845
23051	209	150	465	20837	0	21661
23052	226	135	220	20495	0	21076
23053	278	19092	158	1419	0	20947
23054	245	20818	115	780	0	21958
23055	20125	1125	72	527	0	21849
23056	20205	529	92	401	0	21227
23057	1193	19663	101	398	0	21355
23058	485	19058	75	335	0	19953
23059	298	20179	49	356	0	20882
23060	18570	1112	110	362	0	20154
23061	793	19108	100	326	0	20327
23062	393	946	102	19087	0	20528
23063	18777	438	90	989	0	20294
23064	19207	260	94	573	0	20134
23065	1096	190	85	18518	0	19889
23066	527	199	17880	1016	0	19622
23067	342	212	18257	544	0	19355
23068	311	200	936	18309	0	19756
23069	273	216	18729	969	0	20187
23070	238	217	869	18679	0	20003
23071	247	215	381	18967	0	19810
23072	252	198	18483	1215	0	20148
23073	237	207	18674	641	0	19759
23074	197	215	1052	18460	0	19924
23075	220	163	480	19627	0	20490
23076	18329	169	277	1323	0	20098
23077	845	18124	206	768	0	19943
23078	437	19562	185	581	0	20765
23079	18442	1046	168	513	0	20169
23080	19507	481	172	483	0	20643
23081	1114	18814	197	434	0	20559
23082	520	19590	190	502	0	20802
23083	19285	1120	162	501	0	21068
23084	983	537	153	19406	0	21079
23085	19062	363	156	1140	0	20721
23086	993	19086	158	724	0	20961
23087	19398	918	142	604	0	21062
23088	1132	447	18890	499	0	20968
23089	18952	346	819	507	0	20624
23090	1096	334	19121	472	0	21023
23091	645	299	907	18953	0	20804
23092	18932	265	420	1184	0	20801
23093	1081	264	18346	745	0	20436
23094	662	317	855	18659	0	20493
23095	18542	312	434	1205	0	20493
23096	1119	305	18378	759	0	20561
23097	607	278	878	18879	0	20642
23098	18441	288	422	1230	0	20381
23099	1007	18219	252	801	0	20279
23100	611	946	245	18501	0	20303
23101	497	549	203	18499	0	19748
23102	432	391	177	18876	0	19876
23103	411	18462	163	1399	0	20435
23104	480	968	172	19280	0	20900
23105	439	489	197	19907	0	21032
23106	433	389	171	20090	0	21083
23107	506	304	161	20652	0	21623
23108	451	305	19165	1496	0	21417
23109	18360	293	848	868	0	20369
23110	19630	257	431	667	0	20985
23111	1345	19161	282	520	0	21308
23112	655	843	209	18299	0	20006
23113	505	444	189	18540	0	19678
23114	356	18046	205	1296	0	19903
23115	304	719	202	18349	0	19574
23116	17198	354	220	1126	0	18898
23117	730	16957	229	732	0	18648
23118	16190	661	233	484	0	17568
23119	773	346	186	16166	0	17471
23120	415	239	15887	919	0	17460
23121	265	15888	634	605	0	17392
23122	14941	622	387	468	0	16418
23123	597	14117	192	267	0	15173
23124	346	14277	116	229	0	14968
23125	12426	456	140	183	0	13205
23126	425	215	12190	136	0	12966
23127	162	11079	228	131	0	11600
23128	9560	398	415	183	0	10556
23129	8777	71	96	52	0	8996
23130	130	8800	13	40	0	8983
23131	77	107	18	9084	0	9286
23132	42	64	9299	108	0	9513
23133	45	45	91	9209	0	9390
23134	49	33	52	8767	0	8901
23135	31	30	27	9716	0	9804
23136	42	32	9651	175	0	9900
23137	37	24	102	9293	0	9456
23138	35	26	9592	135	0	9788
23139	48	36	8946	77	0	9107
23140	8233	23	147	84	0	8487
23141	107	9277	66	38	0	9488
23142	74	9550	34	36	0	9694
23143	48	158	27	9946	0	10179
23144	10988	77	17	202	0	11284
23145	11131	41	19	101	0	11292
23146	10757	29	23	75	0	10884
23147	11042	29	25	48	0	11144
23148	10612	14	29	47	0	10702
23149	217	27	10203	41	0	10488
23150	115	26	130	10113	0	10384
23151	49	10115	73	162	0	10399
23152	58	137	38	10420	0	10653
23153	10501	85	25	171	0	10782
23154	147	10239	24	110	0	10520
23155	98	151	21	10627	0	10897
23156	10630	84	27	177	0	10918
23157	10925	45	18	124	0	11112
23158	240	38	29	10813	0	11120
23159	126	39	27	10515	0	10707
23160	92	34	24	10802	0	10952
23161	73	36	10524	234	0	10867
23162	64	37	10478	144	0	10723
23163	55	36	192	10807	0	11090
23164	66	36	97	11056	0	11255
23165	11033	35	54	245	0	11367
23166	10943	32	39	152	0	11166
23167	11085	33	44	118	0	11280
23168	11240	41	32	105	0	11418
23169	11166	53	27	107	0	11353
23170	251	11238	38	101	0	11628
23171	11784	161	29	103	0	12077
23172	11691	104	31	94	0	11920
23173	11763	72	32	97	0	11964
23174	284	41	34	11992	0	12351
23175	167	35	11824	224	0	12250
23176	120	24	172	12079	0	12395
23177	114	40	12687	247	0	13088
23178	119	25	195	12058	0	12397
23179	85	12637	107	208	0	13037
23180	12801	197	56	132	0	13186
23181	13233	88	41	121	0	13483
23182	301	51	47	13531	0	13930
23183	177	42	31	14022	0	14272
23184	136	30	33	14115	0	14314
23185	101	14165	45	292	0	14603
23186	14325	198	36	167	0	14726
23187	14399	109	37	106	0	14651
23188	335	14376	35	81	0	14827
23189	187	215	29	14713	0	15144
23190	133	111	43	14484	0	14771
23191	111	14519	27	317	0	14974
23192	14931	239	41	177	0	15388
23193	14979	118	34	111	0	15242
23194	381	57	28	14953	0	15419
23195	195	46	14912	291	0	15444
23196	138	69	13974	183	0	14364
23197	130	45	284	15100	0	15559
23198	112	66	121	15051	0	15350
23199	132	63	65	15800	0	16060
23200	15727	51	45	409	0	16232
23201	15958	57	45	223	0	16283
23202	386	16391	40	195	0	17012
23203	16595	262	68	152	0	17077
23204	362	117	16451	120	0	17050
23205	197	62	16110	107	0	16476
23206	123	17002	351	125	0	17601
23207	16679	272	184	130	0	17265
23208	286	16619	81	95	0	17081
23209	16716	281	69	89	0	17155
23210	318	122	16346	93	0	16879
23211	187	60	15948	98	0	16293
23212	113	65	320	15880	0	16378
23213	124	58	16777	290	0	17249
23214	118	65	266	16861	0	17310
23215	183	85	178	14453	0	14899
23216	95	16994	79	331	0	17499
23217	106	252	82	17406	0	17846
23218	84	117	83	17670	0	17954
23219	18044	83	66	402	0	18595
23220	320	17893	57	193	0	18463
23221	165	299	70	18638	0	19172
23222	131	127	18382	365	0	19005
23223	15757	92	339	269	0	16457
23224	357	90	18170	131	0	18748
23225	193	43	349	17835	0	18420
23226	111	18887	183	340	0	19521
23227	125	357	77	19221	0	19780
23228	19406	168	87	489	0	20150
23229	19513	84	70	261	0	19928
23230	550	19827	83	163	0	20623
23231	20401	422	75	184	0	21082
23232	20390	190	78	164	0	20822
23233	20290	136	64	186	0	20676
23234	21074	112	60	135	0	21381
23235	19726	76	89	184	0	20075
23236	653	98	20261	101	0	21113
23237	320	98	417	20057	0	20892
23238	237	86	193	19814	0	20330
23239	201	90	104	20492	0	20887
23240	169	20281	85	603	0	21138
23241	189	412	83	20426	0	21110
23242	183	177	20332	498	0	21190
23243	132	19462	409	260	0	20263
23244	142	19309	195	184	0	19830
23245	133	510	107	19316	0	20066
23246	145	205	79	19464	0	19893
23247	155	125	62	19208	0	19550
23248	147	18389	77	601	0	19214
23249	129	19050	94	302	0	19575
23250	18869	470	85	200	0	19624
23251	19039	228	73	178	0	19518
23252	496	19069	83	180	0	19828
23253	19589	441	76	188	0	20294
23254	20326	185	76	232	0	20819
23255	550	131	106	20444	0	21231
23256	279	158	77	20800	0	21314
23257	215	129	93	21139	0	21576
23258	193	118	20539	640	0	21490
23259	185	138	20055	303	0	20681
23260	173	21655	545	199	0	22572
23261	22192	511	232	173	0	23108
23262	610	257	22183	167	0	23217
23263	21367	148	535	235	0	22285
23264	725	120	23562	176	0	24583
23265	22901	117	650	197	0	23865
23266	746	24443	290	140	0	25619
23267	24679	638	170	172	0	25659
23268	758	264	141	24255	0	25418
23269	395	164	136	24936	0	25631
23270	258	162	24202	867	0	25489
23271	209	25012	596	421	0	26238
23272	197	641	297	25546	0	26681
23273	196	345	25221	681	0	26443
23274	22375	204	641	379	0	23599
23275	656	24680	299	253	0	25888
23276	24523	609	166	185	0	25483
23277	661	23870	128	201	0	24860
23278	305	630	137	24038	0	25110
23279	23611	264	114	677	0	24666
23280	606	23502	121	463	0	24692
23281	294	631	101	23680	0	24706
23282	232	275	23003	672	0	24182
23283	21283	184	554	384	0	22405
23284	669	155	196	22773	0	23793
23285	333	150	22335	663	0	23481
23286	211	22113	557	337	0	23218
23287	196	597	228	22347	0	23368
23288	183	260	22277	641	0	23361
23289	204	195	587	21151	0	22137
23290	172	21860	251	613	0	22896
23291	147	22570	161	310	0	23188
23292	181	688	22016	199	0	23084
23293	192	309	555	21873	0	22929
23294	126	199	22305	631	0	23261
23295	21304	144	566	325	0	22339
23296	621	139	259	21442	0	22461
23297	270	20913	133	568	0	21884
23298	180	22230	111	259	0	22780
23299	21579	647	101	181	0	22508
23300	520	22179	103	141	0	22943
23301	21794	569	89	167	0	22619
23302	561	234	21261	108	0	22164
23303	19824	135	489	145	0	20593
23304	543	20754	192	143	0	21632
23305	20774	509	133	116	0	21532
23306	531	20375	85	149	0	21140
23307	259	579	64	20111	0	21013
23308	161	254	95	20947	0	21457
23309	132	161	20372	631	0	21296
23310	19030	129	486	344	0	19989
23311	538	119	20593	149	0	21399
23312	20829	129	547	112	0	21617
23313	620	125	207	20686	0	21638
23314	279	129	131	20852	0	21391
23315	179	21106	97	697	0	22079
23316	134	586	94	21880	0	22694
23317	161	245	104	22447	0	22957
23318	135	171	21641	791	0	22738
23319	19388	129	557	413	0	20487
23320	580	20920	265	201	0	21966
23321	20730	541	144	136	0	21551
23322	616	251	84	20609	0	21560
23323	281	147	102	20956	0	21486
23324	20391	95	98	755	0	21339
23325	580	20610	99	350	0	21639
23326	19693	492	87	163	0	20435
23327	592	19381	65	134	0	20172
23328	219	19618	61	102	0	20000
23329	19458	622	95	95	0	20270
23330	533	285	73	18905	0	19796
23331	258	132	18687	524	0	19601
23332	174	98	488	18511	0	19271
23333	137	110	202	18682	0	19131
23334	115	18572	119	680	0	19486
23335	106	520	59	19037	0	19722
23336	110	260	72	19201	0	19643
23337	124	143	51	19660	0	19978
23338	107	106	62	19980	0	20255
23339	84	131	19185	835	0	20235
23340	103	96	19601	385	0	20185
23341	109	136	696	20156	0	21097
23342	101	107	20224	699	0	21131
23343	129	95	20018	334	0	20576
23344	137	98	757	20298	0	21290
23345	106	123	21056	703	0	21988
23346	140	97	683	19750	0	20670
23347	95	21015	287	668	0	22065
23348	22052	630	173	359	0	23214
23349	692	265	23732	230	0	24919
23350	297	177	794	23500	0	24768
23351	176	97	24299	887	0	25459
23352	126	108	897	25772	0	26903
23353	150	95	360	26673	0	27278
23354	25698	113	204	1308	0	27323
23355	997	91	157	26372	0	27617
23356	24784	109	166	1220	0	26279
23357	26000	65	139	612	0	26816
23358	1244	25096	132	364	0	26836
23359	24878	890	93	254	0	26115
23360	1054	24047	108	205	0	25414
23361	408	25046	94	214	0	25762
23362	24119	1111	147	211	0	25588
23363	981	446	24104	203	0	25734
23364	411	208	23599	145	0	24363
23365	22271	202	1221	191	0	23885
23366	22919	126	447	156	0	23648
23367	1067	22714	226	155	0	24162
23368	23491	804	146	171	0	24612
23369	23603	331	131	173	0	24238
23370	23367	185	133	158	0	23843
23371	1273	132	91	22300	0	23796
23372	22366	126	98	864	0	23454
23373	989	22686	105	426	0	24206
23374	487	819	115	23228	0	24649
23375	348	323	97	23570	0	24338
23376	227	23128	118	1158	0	24631
23377	235	828	106	23879	0	25048
23378	23275	361	113	1058	0	24807
23379	23749	247	101	512	0	24609
23380	1189	22535	105	364	0	24193
23381	552	23760	85	269	0	24666
23382	23475	1043	81	232	0	24831
23383	1002	473	22888	219	0	24582
23384	539	239	23065	205	0	24048
23385	369	215	1033	22481	0	24098
23386	293	197	432	23649	0	24571
23387	267	168	22888	1143	0	24466
23388	278	21751	879	521	0	23429
23389	324	843	449	21215	0	22831
23390	265	416	22839	939	0	24459
23391	297	242	864	22626	0	24029
23392	273	217	409	22656	0	23555
23393	246	23109	274	1110	0	24739
23394	296	869	178	23295	0	24638
23395	266	425	169	23816	0	24676
23396	233	261	185	24292	0	24971
23397	23396	169	186	1323	0	25074
23398	983	167	147	22792	0	24089
23399	494	23013	146	1060	0	24713
23400	22955	850	134	578	0	24517
23401	1008	422	22382	389	0	24201
23402	543	274	22164	318	0	23299
23403	22190	176	1079	325	0	23770
23404	1018	185	455	22706	0	24364
23405	499	212	22734	979	0	24424
23406	382	177	872	22740	0	24171
23407	330	144	445	23869	0	24788
23408	22921	164	299	1282	0	24666
23409	23238	177	229	673	0	24317
23410	1211	23057	183	480	0	24931
23411	597	861	206	22752	0	24416
23412	400	364	22852	941	0	24557
23413	308	23881	837	550	0	25576
23414	23720	863	367	425	0	25375
23415	905	24461	235	341	0	25942
23416	24366	912	219	295	0	25792
23417	1005	415	23994	280	0	25694
23418	23804	265	812	328	0	25209
23419	25440	211	355	284	0	26290
23420	1232	225	25346	257	0	27060
23421	586	251	887	24567	0	26291
23422	410	24777	387	861	0	26435
23423	358	26296	256	420	0	27330
23424	305	26887	218	309	0	27719
23425	345	1225	177	25666	0	27413
23426	316	498	26035	934	0	27783
23427	300	333	859	25686	0	27178
23428	304	274	340	26793	0	27711
23429	316	227	25991	1147	0	27681
23430	270	25898	888	537	0	27593
23431	282	864	386	25788	0	27320
23432	25909	353	287	1012	0	27561
23433	926	280	212	25982	0	27400
23434	446	249	171	25982	0	26848
23435	315	25558	175	1201	0	27249
23436	25735	924	151	590	0	27400
23437	950	408	130	26464	0	27952
23438	467	291	25745	1003	0	27506
23439	318	25710	783	540	0	27351
23440	24982	832	358	412	0	26584
23441	856	397	25251	292	0	26796
23442	24447	296	822	287	0	25852
23443	918	267	372	24349	0	25906
23444	449	24781	278	777	0	26285
23445	24540	807	208	427	0	25982
23446	24410	367	188	359	0	25324
23447	976	24835	177	275	0	26263
23448	502	737	135	23961	0	25335
23449	260	306	109	23204	0	23879
23450	22376	210	129	775	0	23490
23451	610	22451	141	394	0	23596
23452	258	495	78	20541	0	21372
23453	138	20229	99	455	0	20921
23454	101	20278	68	201	0	20648
23455	226	409	91	19682	0	20408
23456	19488	177	74	377	0	20116
23457	330	19716	61	165	0	20272
23458	176	329	56	19772	0	20333
23459	134	159	48	20063	0	20404
23460	129	126	19596	402	0	20253
23461	102	133	18360	232	0	18827
23462	105	19260	313	177	0	19855
23463	109	329	18945	141	0	19524
23464	96	149	332	18887	0	19464
23465	80	127	19197	350	0	19754
23466	107	149	302	19084	0	19642
23467	100	115	125	19646	0	19986
23468	106	107	91	19737	0	20041
23469	19264	110	82	440	0	19896
23470	306	107	75	19269	0	19757
23471	168	87	54	19184	0	19493
23472	120	18944	78	407	0	19549
23473	113	305	87	18691	0	19196
23474	18704	157	51	485	0	19397
23475	287	19150	81	229	0	19747
23476	19116	317	83	222	0	19738
23477	339	161	18926	174	0	19600
23478	150	172	19158	165	0	19645
23479	142	142	344	19771	0	20399
23480	116	109	163	20504	0	20892
23481	116	20473	124	509	0	21222
23482	135	437	142	18885	0	19599
23483	20407	160	82	570	0	21219
23484	20346	138	80	273	0	20837
23485	441	149	82	20753	0	21425
23486	213	116	21770	522	0	22621
23487	168	133	398	21906	0	22605
23488	149	124	184	22617	0	23074
23489	133	106	125	22936	0	23300
23490	99	102	113	22625	0	22939
23491	102	117	115	22148	0	22482
23492	79	22100	103	644	0	22926
23493	21816	440	102	349	0	22707
23494	22154	176	93	319	0	22742
23495	22284	131	86	296	0	22797
23496	550	22574	97	244	0	23465
23497	22326	487	74	275	0	23162
23498	519	22432	82	264	0	23297
23499	241	514	22059	235	0	23049
23500	195	210	438	21487	0	22330
23501	188	151	22373	570	0	23282
23502	148	22497	498	328	0	23471
23503	22196	524	199	285	0	23204
23504	523	244	22608	239	0	23614
23505	250	171	23409	229	0	24059
23506	189	24591	699	231	0	25710
23507	207	641	303	24852	0	26003
23508	171	324	26601	685	0	27781
23509	230	217	726	25330	0	26503
23510	180	150	323	28963	0	29616
23511	161	120	206	31178	0	31665
23512	31571	109	151	1240	0	33071
23513	31464	117	111	635	0	32327
23514	1177	125	104	30874	0	32280
23515	31018	93	75	1067	0	32253
23516	1103	67	29986	523	0	31679
23517	505	77	29603	338	0	30523
23518	318	87	29832	316	0	30553
23519	261	95	30235	278	0	30869
23520	249	29391	1157	247	0	31044
23521	361	753	626	28675	0	30415
23522	271	298	29679	790	0	31038
23523	27043	131	912	509	0	28595
23524	29651	112	506	282	0	30551
23525	1069	29386	403	240	0	31098
23526	29462	727	404	211	0	30804
23527	995	346	405	29241	0	30987
23528	496	203	30226	822	0	31747
23529	334	197	974	28416	0	29921
23530	244	30400	553	847	0	32044
23531	29240	810	379	473	0	30902
23532	30386	402	265	334	0	31387
23533	1141	30354	239	296	0	32030
23534	30954	849	201	259	0	32263
23535	30862	428	178	226	0	31694
23536	1223	30553	186	259	0	32221
23537	671	888	201	29444	0	31204
23538	441	30268	172	842	0	31723
23539	30427	948	182	469	0	32026
23540	1044	546	186	30172	0	31948
23541	30415	327	180	909	0	31831
23542	1150	319	151	30229	0	31849
23543	730	288	29536	932	0	31486
23544	28756	260	767	540	0	30323
23545	1111	294	29569	339	0	31313
23546	720	241	867	29373	0	31201
23547	479	261	29334	944	0	31018
23548	471	221	916	29199	0	30807
23549	427	208	29258	1100	0	30993
23550	27876	177	981	687	0	29721
23551	1021	28910	561	493	0	30985
23552	29281	782	418	422	0	30903
23553	1102	401	367	29033	0	30903
23554	28814	208	395	1014	0	30431
23555	1019	28517	365	595	0	30496
23556	591	28220	404	416	0	29631
23557	409	29914	360	408	0	31091
23558	29711	1125	321	384	0	31541
23559	1067	591	272	29499	0	31429
23560	643	405	208	30176	0	31432
23561	514	360	28868	1201	0	30943
23562	477	315	28346	677	0	29815
23563	472	309	1046	28902	0	30729
23564	419	326	29585	1018	0	31348
23565	322	28998	982	660	0	30962
23566	28621	979	570	452	0	30622
23567	1042	552	29211	394	0	31199
23568	616	366	29269	400	0	30651
23569	439	322	1286	28574	0	30621
23570	29582	222	729	1079	0	31612
23571	1022	199	549	29825	0	31595
23572	29704	184	499	1207	0	31594
23573	1115	200	506	29927	0	31748
23574	660	264	29946	1087	0	31957
23575	489	28812	1119	653	0	31073
23576	411	915	29744	473	0	31543
23577	406	29671	1165	442	0	31684
23578	439	1046	685	28992	0	31162
23579	28567	471	456	1010	0	30504
23580	1014	289	28656	634	0	30593
23581	699	249	908	28115	0	29971
23582	504	243	548	29239	0	30534
23583	29253	210	432	1286	0	31181
23584	976	262	395	28510	0	30143
23585	540	28918	410	1101	0	30969
23586	27931	901	361	651	0	29844
23587	986	529	27569	448	0	29532
23588	26539	351	889	428	0	28207
23589	1057	27404	515	378	0	29354
23590	739	888	329	26241	0	28197
23591	501	27944	263	923	0	29631
23592	27731	931	260	584	0	29506
23593	1059	513	27612	452	0	29636
23594	26540	435	792	453	0	28220
23595	1094	27805	440	349	0	29688
23596	683	855	336	28009	0	29883
23597	28317	488	285	906	0	29996
23598	28698	360	284	530	0	29872
23599	1196	311	262	28044	0	29813
23600	687	374	266	28244	0	29571
23601	568	27853	266	1099	0	29786
23602	501	827	264	28260	0	29852
23603	483	31596	252	1003	0	33334
23604	391	33581	242	691	0	34905
23605	421	1346	204	30486	0	32457
23606	377	31697	162	964	0	33200
23607	437	1007	31367	543	0	33354
23608	509	508	30917	471	0	32405
23609	303	31587	1146	489	0	33525
23610	257	931	30991	308	0	32487
23611	197	472	30536	205	0	31410
23612	115	216	28673	89	0	29093
23613	51	28198	1216	111	0	29576
23614	27243	829	763	125	0	28960
23615	613	27672	363	87	0	28735
23616	350	854	27664	63	0	28931
23617	226	494	763	26668	0	28151
23618	27055	326	453	681	0	28515
23619	695	195	26789	398	0	28077
23620	403	165	807	26636	0	28011
23621	243	124	27470	732	0	28569
23622	177	98	957	26571	0	27803
23623	26257	123	556	881	0	27817
23624	723	98	26916	474	0	28211
23625	393	26950	890	315	0	28548
23626	273	742	540	26452	0	28007
23627	27577	446	339	764	0	29126
23628	841	290	26957	406	0	28494
23629	518	257	864	24902	0	26541
23630	296	26612	553	747	0	28208
23631	27056	799	356	461	0	28672
23632	28095	428	293	298	0	29114
23633	1212	284	258	27436	0	29190
23634	654	27691	220	895	0	29460
23635	396	29698	239	528	0	30861
23636	30108	1212	193	379	0	31892
23637	1058	720	184	29028	0	30990
23638	533	30201	211	983	0	31928
23639	30208	1076	163	565	0	32012
23640	1084	565	166	30582	0	32397
23641	603	391	172	31266	0	32432
23642	367	242	28980	1392	0	30981
23643	262	29363	891	813	0	31329
23644	240	31715	483	474	0	32912
23645	245	1284	320	31552	0	33401
23646	31457	692	225	1097	0	33471
23647	1005	31797	193	627	0	33622
23648	31780	1189	151	433	0	33553
23649	1200	31864	180	271	0	33515
23650	697	1274	160	31606	0	33737
23651	31895	691	152	1092	0	33830
23652	1179	489	146	32002	0	33816
23653	673	337	31771	1235	0	34016
23654	460	274	1000	30254	0	31988
23655	310	31492	552	1219	0	33573
23656	31140	1110	386	658	0	33294
23657	1062	31607	256	449	0	33374
23658	604	1316	205	30417	0	32542
23659	444	732	173	31704	0	33053
23660	363	486	30370	1443	0	32662
23661	300	390	30450	826	0	31966
23662	307	818	1343	30111	0	32579
23663	266	350	30617	1231	0	32464
23664	235	30255	1231	749	0	32470
23665	30142	1085	658	565	0	32450
23666	1056	646	30771	421	0	32894
23667	30237	473	1154	401	0	32265
23668	31891	381	668	368	0	33308
23669	31928	362	450	318	0	33058
23670	32229	331	335	295	0	33190
23671	1716	327	314	30748	0	33105
23672	985	324	255	30097	0	31661
23673	602	30245	306	1426	0	32579
23674	30121	1059	325	793	0	32298
23675	1184	692	29535	536	0	31947
23676	711	484	1083	29302	0	31580
23677	552	397	693	29976	0	31618
23678	405	369	29002	1471	0	31247
23679	404	29095	1133	872	0	31504
23680	437	1120	711	27318	0	29586
23681	422	650	466	30272	0	31810
23682	29123	478	345	1553	0	31499
23683	1137	28804	270	1020	0	31231
23684	783	1081	270	28209	0	30343
23685	494	28757	283	1279	0	30813
23686	423	1228	262	29592	0	31505
23687	28461	710	259	1442	0	30872
23688	29450	512	248	866	0	31076
23689	1518	359	281	29112	0	31270
23690	28868	327	232	1340	0	30767
23691	29034	296	269	862	0	30461
23692	1574	28235	238	637	0	30684
23693	1032	1069	179	27392	0	29672
23694	684	28315	215	1115	0	30329
23695	561	1232	149	28648	0	30590
23696	28295	705	163	1353	0	30516
23697	1190	546	147	28269	0	30152
23698	786	425	156	28821	0	30188
23699	587	398	27361	1611	0	29957
23700	492	25730	897	1050	0	28169
23701	451	28003	492	731	0	29677
23702	27028	1196	314	653	0	29191
23703	968	681	177	22785	0	24611
23704	21437	361	112	870	0	22780
23705	875	20601	112	584	0	22172
23706	528	19430	123	387	0	20468
23707	321	21059	90	331	0	21801
23708	18650	673	216	264	0	19803
23709	490	18932	115	212	0	19749
23710	18320	469	266	246	0	19301
23711	17973	182	67	178	0	18400
23712	18505	131	58	190	0	18884
23713	559	115	71	19258	0	20003
23714	258	117	60	19761	0	20196
23715	216	94	54	20092	0	20456
23716	163	125	65	19779	0	20132
23717	19573	81	43	756	0	20453
23718	565	19141	51	307	0	20064
23719	238	479	60	19560	0	20337
23720	19598	168	67	595	0	20428
23721	561	112	58	19365	0	20096
23722	234	103	50	19485	0	19872
23723	19173	93	55	710	0	20031
23724	553	101	18476	284	0	19414
23725	239	81	441	18488	0	19249
23726	160	84	18721	570	0	19535
23727	151	75	445	18328	0	18999
23728	138	91	148	18530	0	18907
23729	17874	69	81	611	0	18635
23730	462	17274	74	275	0	18085
23731	163	17314	42	189	0	17708
23732	16647	395	42	152	0	17236
23733	371	17047	41	105	0	17564
23734	17075	318	56	168	0	17617
23735	401	95	16731	94	0	17321
23736	15187	55	259	90	0	15591
23737	16086	35	66	76	0	16263
23738	16240	23	33	72	0	16368
23739	328	37	18	15741	0	16124
23740	114	47	12	15738	0	15911
23741	70	15550	24	293	0	15937
23742	76	271	14	15601	0	15962
23743	15379	71	23	311	0	15784
23744	255	15112	14	95	0	15476
23745	60	15275	12	59	0	15406
23746	15046	244	7	49	0	15346
23747	236	75	14898	25	0	15234
23748	90	36	204	14563	0	14893
23749	52	38	14983	230	0	15303
23750	48	19	208	14585	0	14860
23751	42	14689	48	196	0	14975
23752	43	215	23	15128	0	15409
23753	14829	68	10	260	0	15167
23754	241	31	12	14860	0	15144
23755	88	24	15236	256	0	15604
23756	13779	20	267	131	0	14197
23757	273	15096	84	65	0	15518
23758	93	16333	43	55	0	16524
23759	16864	338	18	85	0	17305
23760	17819	116	34	81	0	18050
23761	516	58	17681	56	0	18311
23762	16710	33	415	86	0	17244
23763	471	17574	122	60	0	18227
23764	17901	451	45	62	0	18459
23765	507	134	30	17145	0	17816
23766	174	16292	29	390	0	16885
23767	16608	452	31	156	0	17247
23768	560	137	16548	52	0	17297
23769	214	91	449	16664	0	17418
23770	17263	82	131	498	0	17974
23771	553	92	17004	151	0	17800
23772	17039	61	451	114	0	17665
23773	559	62	127	16914	0	17662
23774	217	82	70	17565	0	17934
23775	160	87	17462	575	0	18284
23776	128	62	485	16998	0	17673
23777	17539	39	158	594	0	18330
23778	507	17130	94	241	0	17972
23779	17479	466	77	157	0	18179
23780	17843	136	55	125	0	18159
23781	639	70	63	17456	0	18228
23782	227	56	17571	598	0	18452
23783	150	47	510	17435	0	18142
23784	17731	41	165	631	0	18568
23785	553	17401	99	235	0	18288
23786	17922	484	61	186	0	18653
23787	617	171	43	17687	0	18518
23788	279	90	65	18330	0	18764
23789	186	55	54	18676	0	18971
23790	138	70	17960	732	0	18900
23791	148	65	511	17996	0	18720
23792	173	79	17792	615	0	18659
23793	154	91	17929	270	0	18444
23794	184	65	646	19859	0	20754
23795	129	70	20322	756	0	21277
23796	21753	42	686	421	0	22902
23797	874	52	301	23126	0	24353
23798	434	73	207	22890	0	23604
23799	231	23324	142	1178	0	24875
23800	23583	824	160	561	0	25128
23801	24720	346	135	352	0	25553
23802	1220	24458	131	261	0	26070
23803	610	894	120	24592	0	26216
23804	359	428	24596	943	0	26326
23805	23704	193	908	558	0	25363
23806	25544	119	419	386	0	26468
23807	1296	149	229	23954	0	25628
23808	654	136	23307	996	0	25093
23809	422	22966	894	472	0	24754
23810	22650	945	383	318	0	24296
23811	1102	456	22726	273	0	24557
23812	521	22506	966	246	0	24239
23813	21541	821	505	246	0	23113
23814	22034	390	289	196	0	22909
23815	1269	218	174	21036	0	22697
23816	656	21369	172	816	0	23013
23817	417	889	153	22747	0	24206
23818	335	448	172	23241	0	24196
23819	332	256	181	22415	0	23184
23820	252	207	171	23417	0	24047
23821	263	173	22325	1384	0	24145
23822	284	157	855	22654	0	23950
23823	300	167	403	23319	0	24189
23824	291	152	22251	1328	0	24022
23825	201	22254	851	775	0	24081
23826	22181	892	437	550	0	24060
23827	23000	428	261	475	0	24164
23828	1211	236	190	22782	0	24419
23829	22954	171	199	1140	0	24464
23830	1127	141	172	23414	0	24854
23831	598	107	23015	1306	0	25026
23832	389	162	22686	773	0	24010
23833	275	22590	1204	557	0	24626
23834	22294	898	622	434	0	24248
23835	1087	489	23483	359	0	25418
23836	674	269	1097	22342	0	24382
23837	518	159	596	24258	0	25531
23838	385	180	357	25657	0	26579
23839	356	158	257	25593	0	26364
23840	331	146	288	25510	0	26275
23841	302	201	24088	2027	0	26618
23842	330	200	1163	24734	0	26427
23843	23909	190	653	1628	0	26380
23844	1274	23711	397	968	0	26350
23845	23757	1126	311	720	0	25914
23846	1355	24187	276	588	0	26406
23847	24196	1291	241	566	0	26294
23848	25138	661	212	565	0	26576
23849	1794	353	252	24164	0	26563
23850	947	242	228	25183	0	26600
23851	24237	203	257	1890	0	26587
23852	23769	241	243	1086	0	25339
23853	24685	235	212	718	0	25850
23854	1859	22643	233	552	0	25287
23855	980	23418	216	502	0	25116
23856	697	1417	22695	447	0	25256
23857	588	773	1042	22447	0	24850
23858	442	398	22060	1456	0	24356
23859	394	21237	1187	952	0	23770
23860	303	932	566	20601	0	22402
23861	347	532	314	21145	0	22338
23862	354	303	236	21799	0	22692
23863	20484	272	187	1679	0	22622
23864	20929	245	172	1006	0	22352
23865	1434	20660	201	661	0	22956
23866	852	931	217	20812	0	22812
23867	512	583	20647	1184	0	22926
23868	429	370	20096	779	0	21674
23869	20039	319	1294	584	0	22236
23870	21070	223	708	504	0	22505
23871	1471	165	414	20610	0	22660
23872	20989	185	293	1301	0	22768
23873	1342	181	20126	851	0	22500
23874	809	19945	1003	569	0	22326
23875	560	913	613	20193	0	22279
23876	398	584	20999	1206	0	23187
23877	374	358	1092	21469	0	23293
23878	391	248	678	22149	0	23466
23879	367	219	21517	1733	0	23836
23880	20644	180	1010	1215	0	23049
23881	22100	164	597	885	0	23746
23882	1408	22679	418	715	0	25220
23883	23514	1040	310	638	0	25502
23884	24358	616	281	577	0	25832
23885	1743	385	23261	548	0	25937
23886	23297	278	1107	535	0	25217
23887	1513	24653	596	543	0	27305
23888	24904	1117	389	502	0	26912
23889	25769	623	317	480	0	27189
23890	26661	378	277	401	0	27717
23891	25057	352	226	462	0	26097
23892	26555	267	195	449	0	27466
23893	2082	24873	185	458	0	27598
23894	23574	973	191	371	0	25109
23895	1442	22754	190	344	0	24730
23896	611	19932	155	281	0	20979
23897	397	21067	139	245	0	21848
23898	20357	1044	393	266	0	22060
23899	20524	457	153	238	0	21372
23900	1141	259	19615	239	0	21254
23901	20539	196	726	234	0	21695
23902	21092	147	334	191	0	21764
23903	1231	175	20875	183	0	22464
23904	634	146	795	20415	0	21990
23905	460	149	422	20073	0	21104
23906	337	139	228	21941	0	22645
23907	337	142	176	21809	0	22464
23908	340	133	128	22172	0	22773
23909	314	142	21053	1261	0	22770
23910	283	21000	804	589	0	22676
23911	20609	802	361	335	0	22107
23912	967	20934	222	249	0	22372
23913	21128	876	176	197	0	22377
23914	21240	418	138	216	0	22012
23915	1277	243	20283	188	0	21991
23916	641	222	781	18562	0	20206
23917	415	19357	377	781	0	20930
23918	19792	756	244	414	0	21206
23919	19970	382	164	326	0	20842
23920	20477	252	134	225	0	21088
23921	1271	20162	117	194	0	21744
23922	20795	757	147	181	0	21880
23923	21208	353	136	153	0	21850
23924	21364	262	130	139	0	21895
23925	1336	190	132	20120	0	21778
23926	727	171	97	20736	0	21731
23927	558	171	92	21148	0	21969
23928	20427	141	105	1065	0	21738
23929	1011	20456	88	486	0	22041
23930	20572	723	79	266	0	21640
23931	20407	399	91	144	0	21041
23932	19928	230	97	148	0	20403
23933	20209	203	91	126	0	20629
23934	1262	19242	105	155	0	20764
23935	18302	619	52	117	0	19090
23936	941	17637	59	105	0	18742
23937	395	17683	70	89	0	18237
23938	17807	561	42	122	0	18532
23939	633	17228	47	112	0	18020
23940	381	17938	72	90	0	18481
23941	17959	590	84	109	0	18742
23942	18210	279	41	120	0	18650
23943	742	206	39	17512	0	18499
23944	443	158	27	18029	0	18657
23945	18137	136	43	636	0	18952
23946	18902	131	84	293	0	19410
23947	18554	157	61	215	0	18987
23948	779	155	18065	117	0	19116
23949	18907	164	412	146	0	19629
23950	725	156	150	19017	0	20048
23951	432	138	113	19210	0	19893
23952	362	119	104	19436	0	20021
23953	287	130	72	19442	0	19931
23954	266	123	18515	696	0	19600
23955	273	116	18538	326	0	19253
23956	301	107	496	18818	0	19722
23957	296	109	18723	577	0	19705
23958	268	136	18404	295	0	19103
23959	327	113	581	18401	0	19422
23960	308	109	277	18936	0	19630
23961	304	121	165	19738	0	20328
23962	295	132	129	18829	0	19385
23963	19520	125	87	813	0	20545
23964	20221	100	114	458	0	20893
23965	820	98	90	19654	0	20662
23966	465	132	84	19841	0	20522
23967	358	125	103	19948	0	20534
23968	324	117	96	19823	0	20360
23969	335	95	91	19723	0	20244
23970	311	19189	106	816	0	20422
23971	19310	534	104	446	0	20394
23972	668	19342	83	350	0	20443
23973	19484	596	59	278	0	20417
23974	19627	272	49	275	0	20223
23975	19686	194	45	267	0	20192
23976	911	148	57	18241	0	19357
23977	18351	162	52	607	0	19172
23978	819	129	43	18035	0	19026
23979	475	152	49	18009	0	18685
23980	17774	116	47	718	0	18655
23981	712	17001	46	413	0	18172
23982	298	16423	36	234	0	16991
23983	16097	412	26	207	0	16742
23984	511	198	15959	134	0	16802
23985	14763	142	318	153	0	15376
23986	580	181	120	15586	0	16467
23987	302	14277	60	378	0	15017
23988	245	14812	21	213	0	15291
23989	15053	359	34	181	0	15627
23990	398	187	16	15209	0	15810
23991	224	15606	22	309	0	16161
23992	15599	255	35	173	0	16062
23993	15537	129	8	143	0	15817
23994	15626	97	24	108	0	15855
23995	15748	66	11	105	0	15930
23996	409	14968	16	97	0	15490
23997	178	15110	17	68	0	15373
23998	15262	266	8	68	0	15604
23999	15851	108	13	73	0	16045
24000	385	57	15192	67	0	15701
24001	126	14792	233	38	0	15189
24002	15029	235	58	52	0	15374
24003	15474	74	31	44	0	15623
24004	353	51	15430	28	0	15862
24005	14939	25	271	73	0	15308
24006	383	24	16308	18	0	16733
24007	95	16	17622	23	0	17756
24008	103	37	461	15970	0	16571
24009	51	16647	168	366	0	17232
24010	17991	430	86	133	0	18640
24011	474	133	34	17955	0	18596
24012	181	78	27	18238	0	18524
24013	120	27	25	18715	0	18887
24014	18157	24	20	686	0	18887
24015	510	21	22	18093	0	18646
24016	200	20	20	18795	0	19035
24017	125	23	18201	637	0	18986
24018	17212	33	473	314	0	18032
24019	18521	23	142	164	0	18850
24020	693	25	18204	86	0	19008
24021	17437	23	516	91	0	18067
24022	653	41	154	17258	0	18106
24023	237	17532	102	506	0	18377
24024	167	489	59	17924	0	18639
24025	17540	141	41	640	0	18362
24026	550	17697	45	245	0	18537
24027	220	517	44	17877	0	18658
24028	182	177	41	18453	0	18853
24029	121	105	41	18426	0	18693
24030	119	59	46	17663	0	17887
24031	105	18393	44	728	0	19270
24032	18516	564	37	330	0	19447
24033	18891	219	32	224	0	19366
24034	759	19156	46	179	0	20140
24035	21082	656	25	143	0	21906
24036	22255	251	29	150	0	22685
24037	22336	155	30	124	0	22645
24038	1283	90	20887	123	0	22383
24039	633	57	749	20872	0	22311
24040	387	75	20265	824	0	21551
24041	20377	56	833	423	0	21689
24042	929	20747	367	262	0	22305
24043	20632	781	231	179	0	21823
24044	979	20898	133	168	0	22178
24045	580	904	111	19595	0	21190
24046	434	414	84	20392	0	21324
24047	267	266	19930	1065	0	21528
24048	229	20152	808	580	0	21769
24049	19883	888	415	353	0	21539
24050	992	422	19935	229	0	21578
24051	20043	302	870	217	0	21432
24052	1141	202	445	19936	0	21724
24053	591	181	20059	957	0	21788
24054	389	19874	922	534	0	21719
24055	306	851	460	19961	0	21578
24056	258	436	20181	984	0	21859
24057	250	337	20238	500	0	21325
24058	291	19905	1195	316	0	21707
24059	286	910	613	19395	0	21204
24060	308	431	376	19330	0	20445
24061	265	19480	266	1187	0	21198
24062	19667	938	246	657	0	21508
24063	1001	521	212	19131	0	20865
24064	540	19239	221	1024	0	21024
24065	19574	950	249	604	0	21377
24066	19698	521	252	416	0	20887
24067	20214	369	254	327	0	21164
24068	1424	19491	158	356	0	21429
24069	20108	973	173	373	0	21627
24070	20510	575	185	309	0	21579
24071	1483	428	154	19483	0	21548
24072	20117	257	150	1123	0	21647
24073	1298	320	147	19965	0	21730
24074	827	264	19166	1190	0	21447
24075	670	228	19768	677	0	21343
24076	540	212	1184	19998	0	21934
24077	451	238	20200	1147	0	22036
24078	19544	245	1117	709	0	21615
24079	1243	186	587	20178	0	22194
24080	751	176	400	21032	0	22359
24081	596	212	20022	1459	0	22289
24082	444	18968	1029	864	0	21305
24083	403	20571	589	583	0	22146
24084	359	1201	442	19731	0	21733
24085	385	615	314	20587	0	21901
24086	338	406	19394	1418	0	21556
24087	376	312	19829	802	0	21319
24088	384	256	1239	19815	0	21694
24089	320	213	19440	1297	0	21270
24090	18900	250	1213	770	0	21133
24091	1166	307	657	19220	0	21350
24092	19474	309	407	1247	0	21437
24093	1322	251	298	19404	0	21275
24094	746	196	311	20194	0	21447
24095	534	218	18921	1591	0	21264
24096	417	19077	1115	910	0	21519
24097	429	985	618	19294	0	21326
24098	341	530	19176	1274	0	21321
24099	390	18301	1068	755	0	20514
24100	360	998	632	18830	0	20820
24101	18763	512	403	1204	0	20882
24102	1050	322	18815	800	0	20987
24103	17747	212	1032	625	0	19616
24104	1161	228	17829	425	0	19643
24105	16272	195	1084	379	0	17930
24106	1091	16222	643	378	0	18334
24107	491	15771	402	337	0	17001
24108	383	1104	319	14401	0	16207
24109	264	15031	249	748	0	16292
24110	14780	809	204	548	0	16341
24111	776	453	263	14882	0	16374
24112	501	332	229	15322	0	16384
24113	329	224	216	15742	0	16511
24114	262	209	14620	1160	0	16251
24115	265	229	692	14896	0	16082
24116	191	248	14568	1006	0	16013
24117	211	14076	826	642	0	15755
24118	13509	667	474	430	0	15080
24119	738	14462	291	325	0	15816
24120	14747	709	237	394	0	16087
24121	15063	411	204	364	0	16042
24122	15333	281	152	387	0	16153
24123	15331	204	247	303	0	16085
24124	1080	206	14306	292	0	15884
24125	641	168	703	14212	0	15724
24126	419	255	427	14066	0	15167
24127	381	182	289	15036	0	15888
24128	12773	243	219	1116	0	14351
24129	13451	174	217	690	0	14532
24130	985	14011	183	496	0	15675
24131	573	519	13412	331	0	14835
24132	455	294	13301	289	0	14339
24133	325	12914	843	267	0	14349
24134	242	13259	468	317	0	14286
24135	460	559	370	10710	0	12099
24136	139	208	97	10422	0	10866
24137	10611	129	97	498	0	11335
24138	423	10480	97	275	0	11275
24139	230	362	95	10842	0	11529
24140	195	176	10903	393	0	11667
24141	145	108	428	11120	0	11801
24142	136	125	181	11482	0	11924
24143	111	129	134	11776	0	12150
24144	136	95	102	11749	0	12082
24145	131	74	11120	620	0	11945
24146	157	10525	361	329	0	11372
24147	114	10980	172	191	0	11457
24148	10326	356	99	146	0	10927
24149	314	10366	114	126	0	10920
24150	179	11093	78	128	0	11478
24151	143	375	75	10996	0	11589
24152	122	149	70	11138	0	11479
24153	120	116	96	11166	0	11498
24154	107	101	10916	495	0	11619
24155	93	10786	312	272	0	11463
24156	86	329	129	10481	0	11025
24157	97	10927	94	336	0	11454
24158	10870	290	89	218	0	11467
24159	292	10891	87	153	0	11423
24160	10863	322	75	168	0	11428
24161	332	140	10688	153	0	11313
24162	10637	113	312	138	0	11200
24163	364	100	128	10979	0	11571
24164	163	127	11034	313	0	11637
24165	10586	111	268	167	0	11132
24166	10995	127	126	140	0	11388
24167	11207	119	94	104	0	11524
24168	403	99	73	11004	0	11579
24169	185	102	10931	377	0	11595
24170	10752	73	282	236	0	11343
24171	339	69	130	11299	0	11837
24172	169	72	93	11483	0	11817
24173	131	85	11626	424	0	12266
24174	107	11475	307	208	0	12097
24175	119	312	125	11245	0	11801
24176	105	11575	103	280	0	12063
24177	11400	334	62	171	0	11967
24178	11576	114	79	146	0	11915
24179	374	110	65	11417	0	11966
24180	11375	67	59	325	0	11826
24181	331	11217	53	165	0	11766
24182	11204	240	63	148	0	11655
24183	329	11256	58	125	0	11768
24184	163	270	69	11306	0	11808
24185	130	110	63	11271	0	11574
24186	121	11218	55	336	0	11730
24187	127	277	45	11278	0	11727
24188	121	129	10988	333	0	11571
24189	92	10661	226	147	0	11126
24190	10077	163	70	106	0	10416
24191	169	10108	53	79	0	10409
24192	87	173	40	10123	0	10423
24193	86	83	10014	187	0	10370
24194	66	64	145	9958	0	10233
24195	69	53	71	10154	0	10347
24196	9841	54	30	251	0	10176
24197	213	43	9829	129	0	10214
24198	99	9919	151	119	0	10288
24199	83	192	10553	87	0	10915
24200	31	68	10339	68	0	10506
24201	69	44	10194	63	0	10370
24202	51	119	218	9634	0	10022
24203	10222	24	87	196	0	10529
24204	164	10186	40	70	0	10460
24205	10383	181	20	48	0	10632
24206	10807	56	22	75	0	10960
24207	219	45	22	10503	0	10789
24208	72	10653	23	192	0	10940
24209	10729	178	13	84	0	11004
24210	181	10859	20	58	0	11118
24211	72	189	25	10782	0	11068
24212	51	62	22	11302	0	11437
24213	23	11371	23	225	0	11642
24214	36	184	22	11555	0	11797
24215	37	73	11178	197	0	11485
24216	43	55	10980	74	0	11152
24217	47	36	207	11265	0	11555
24218	34	28	60	11573	0	11695
24219	38	32	10824	225	0	11119
24220	36	47	10432	90	0	10605
24221	9599	22	226	82	0	9929
24222	188	10363	73	55	0	10679
24223	74	11156	50	58	0	11338
24224	63	224	30	10730	0	11047
24225	44	78	31	10880	0	11033
24226	56	43	26	11081	0	11206
24227	54	38	10886	250	0	11228
24228	39	57	10603	92	0	10791
24229	48	30	224	10930	0	11232
24230	43	38	10878	220	0	11179
24231	29	10694	224	107	0	11054
24232	10575	202	88	76	0	10941
24233	223	76	10621	70	0	10990
24234	84	45	10508	46	0	10683
24235	63	53	248	10552	0	10916
24236	54	28	11517	248	0	11847
24237	46	11712	256	108	0	12122
24238	39	262	104	11816	0	12221
24239	43	83	11977	291	0	12394
24240	36	11640	302	110	0	12088
24241	11533	273	126	86	0	12018
24242	262	121	74	11500	0	11957
24243	108	68	46	11717	0	11939
24244	11592	48	47	344	0	12031
24245	260	11514	38	138	0	11950
24246	11651	261	41	100	0	12053
24247	11747	107	35	75	0	11964
24248	11768	57	41	81	0	11947
24249	357	48	44	11444	0	11893
24250	11078	34	63	295	0	11470
24251	297	10489	51	124	0	10961
24252	133	10939	40	84	0	11196
24253	11187	334	41	94	0	11656
24254	329	120	58	11295	0	11802
24255	131	89	40	11399	0	11659
24256	97	59	33	11625	0	11814
24257	59	63	10927	432	0	11481
24258	64	10935	283	182	0	11464
24259	65	317	107	11321	0	11810
24260	11264	120	74	367	0	11825
24261	331	72	66	11316	0	11785
24262	130	78	11152	371	0	11731
24263	97	11127	304	182	0	11710
24264	11205	315	113	131	0	11764
24265	11299	124	77	109	0	11609
24266	11374	95	63	88	0	11620
24267	446	86	53	11337	0	11922
24268	206	59	11103	363	0	11731
24269	136	61	11305	190	0	11692
24270	114	11850	406	121	0	12491
24271	98	405	161	11787	0	12451
24272	87	135	101	12242	0	12565
24273	11435	93	67	508	0	12103
24274	399	93	46	11730	0	12268
24275	11930	66	46	501	0	12543
24276	478	62	11574	222	0	12336
24277	207	67	11825	153	0	12252
24278	164	62	470	11582	0	12278
24279	152	39	189	12003	0	12383
24280	124	54	132	12406	0	12716
24281	12473	60	100	588	0	13221
24282	13573	68	82	278	0	14001
24283	655	80	83	13506	0	14324
24284	260	47	13192	633	0	14132
24285	175	54	13569	286	0	14084
24286	136	51	669	13625	0	14481
24287	13653	38	296	654	0	14641
24288	594	53	196	13512	0	14355
24289	276	51	128	13998	0	14453
24290	183	48	13512	800	0	14543
24291	137	40	13709	364	0	14250
24292	13035	53	703	290	0	14081
24293	595	47	13625	238	0	14505
24294	288	46	649	13040	0	14023
24295	226	40	282	13603	0	14151
24296	13261	25	183	755	0	14224
24297	614	12967	151	390	0	14122
24298	12913	476	138	275	0	13802
24299	606	12506	127	193	0	13432
24300	12235	527	100	172	0	13034
24301	628	221	11919	176	0	12944
24302	11134	151	504	171	0	11960
24303	11686	79	227	143	0	12135
24304	698	85	182	11346	0	12311
24305	358	50	11324	525	0	12257
24306	259	48	508	10667	0	11482
24307	214	42	233	10851	0	11340
24308	134	10523	192	692	0	11541
24309	151	426	150	10342	0	11069
24310	151	10572	111	595	0	11429
24311	176	504	104	10575	0	11359
24312	10235	230	98	666	0	11229
24313	536	136	103	10394	0	11169
24314	290	104	10115	644	0	11153
24315	10066	81	498	350	0	10995
24316	619	63	10488	251	0	11421
24317	10454	66	560	238	0	11318
24318	10890	67	263	218	0	11438
24319	708	10438	197	197	0	11540
24320	373	11301	167	178	0	12019
24321	11003	635	133	195	0	11966
24322	11542	276	116	174	0	12108
24323	11301	187	119	182	0	11789
24324	11337	113	123	210	0	11783
24325	11409	91	120	197	0	11817
24326	887	83	107	10746	0	11823
24327	477	84	101	11259	0	11921
24328	343	94	10823	723	0	11983
24329	10716	71	543	397	0	11727
24330	696	76	249	10792	0	11813
24331	369	80	203	11104	0	11756
24332	320	96	10659	736	0	11811
24333	292	9995	547	414	0	11248
24334	239	10820	267	309	0	11635
24335	10578	585	219	254	0	11636
24336	10003	237	150	206	0	10596
24337	724	9094	115	174	0	10107
24338	375	9420	99	138	0	10032
24339	9433	532	100	169	0	10234
24340	9916	236	112	159	0	10423
24341	661	161	108	9490	0	10420
24342	385	114	97	9739	0	10335
24343	317	88	102	10098	0	10605
24344	9637	77	81	742	0	10537
24345	9960	92	91	392	0	10535
24346	693	77	107	9955	0	10832
24347	10269	93	102	593	0	11057
24348	728	90	10099	297	0	11214
24349	398	90	497	10254	0	11239
24350	311	79	10137	622	0	11149
24351	259	9999	569	313	0	11140
24352	233	504	268	10111	0	11116
24353	10014	203	181	564	0	10962
24354	602	142	130	9981	0	10855
24355	345	113	99	10297	0	10854
24356	277	106	9720	713	0	10816
24357	242	102	9844	382	0	10570
24358	247	9999	553	284	0	11083
24359	10077	454	250	238	0	11019
24360	10447	203	175	199	0	11024
24361	10482	158	144	210	0	10994
24362	10663	107	111	208	0	11089
24363	794	85	136	10187	0	11202
24364	454	111	100	10070	0	10735
24365	331	10131	97	604	0	11163
24366	10365	450	72	352	0	11239
24367	10492	199	99	288	0	11078
24368	720	139	9974	216	0	11049
24369	9032	106	395	163	0	9696
24370	594	9213	198	170	0	10175
24371	342	529	160	8788	0	9819
24372	285	9301	113	420	0	10119
24373	9333	489	105	218	0	10145
24374	531	9272	70	201	0	10074
24375	312	393	78	9049	0	9832
24376	243	189	68	9332	0	9832
24377	179	132	59	9172	0	9542
24378	162	8722	53	616	0	9553
24379	189	428	76	8841	0	9534
24380	246	235	62	8784	0	9327
24381	148	7612	62	456	0	8278
24382	115	7288	43	206	0	7652
24383	6912	274	52	136	0	7374
24384	268	7033	31	110	0	7442
24385	6821	267	30	100	0	7218
24386	309	109	6671	78	0	7167
24387	133	6780	182	68	0	7163
24388	6885	221	67	91	0	7264
24389	6905	105	62	90	0	7162
24390	273	83	6705	103	0	7164
24391	148	85	175	6671	0	7079
24392	124	42	6875	265	0	7306
24393	66	6748	217	141	0	7172
24394	6703	217	74	121	0	7115
24395	214	6717	68	90	0	7089
24396	128	248	43	6680	0	7099
24397	120	117	40	6864	0	7141
24398	105	104	6712	247	0	7168
24399	89	78	6392	124	0	6683
24400	6311	62	223	113	0	6709
24401	6787	68	112	83	0	7050
24402	6818	63	60	77	0	7018
24403	6797	71	45	88	0	7001
24404	335	6587	51	88	0	7061
24405	159	211	59	6672	0	7101
24406	122	96	45	6644	0	6907
24407	94	6775	54	262	0	7185
24408	6924	255	49	142	0	7370
24409	7074	102	34	108	0	7318
24410	307	100	6892	91	0	7390
24411	6973	54	230	97	0	7354
24412	304	67	93	7039	0	7503
24413	159	45	6974	245	0	7423
24414	156	78	259	6813	0	7306
24415	123	57	6925	295	0	7400
24416	116	44	6657	109	0	6926
24417	111	125	276	6271	0	6783
24418	77	6436	110	214	0	6837
24419	6460	192	102	108	0	6862
24420	6288	103	44	101	0	6536
24421	248	6509	45	82	0	6884
24422	136	6807	34	58	0	7035
24423	6865	213	42	75	0	7195
24424	6964	96	56	74	0	7190
24425	6996	71	44	53	0	7164
24426	7013	63	49	55	0	7180
24427	302	43	29	7034	0	7408
24428	145	36	6866	188	0	7235
24429	112	6716	178	81	0	7087
24430	6736	172	79	65	0	7052
24431	203	6884	45	64	0	7196
24432	7073	190	31	39	0	7333
24433	7107	69	20	48	0	7244
24434	248	64	7067	25	0	7404
24435	113	7432	155	32	0	7732
24436	100	179	55	7452	0	7786
24437	66	81	46	7688	0	7881
24438	82	61	30	7136	0	7309
24439	7375	49	23	229	0	7676
24440	7081	33	27	114	0	7255
24441	7193	46	27	80	0	7346
24442	234	7135	42	57	0	7468
24443	7032	159	26	53	0	7270
24444	190	7061	22	47	0	7320
24445	95	170	6956	46	0	7267
24446	62	6970	118	45	0	7195
24447	75	148	60	6614	0	6897
24448	31	30	29	6512	0	6602
24449	32	26	6428	108	0	6594
24450	31	21	95	6167	0	6314
24451	38	27	24	6411	0	6500
24452	6494	17	21	126	0	6658
24453	6313	22	16	50	0	6401
24454	6521	15	15	45	0	6596
24455	125	6491	23	24	0	6663
24456	6502	104	12	27	0	6645
24457	6365	36	9	28	0	6438
24458	138	6376	10	29	0	6553
24459	66	87	20	6409	0	6582
24460	54	37	11	6436	0	6538
24461	6430	31	16	119	0	6596
24462	107	31	6264	49	0	6451
24463	43	5914	85	48	0	6090
24464	50	132	22	5792	0	5996
24465	37	5676	28	84	0	5825
24466	32	5827	14	24	0	5897
24467	5881	94	22	46	0	6043
24468	5944	40	16	22	0	6022
24469	110	35	15	5990	0	6150
24470	52	21	13	5827	0	5913
24471	38	22	16	5883	0	5959
24472	34	15	27	5833	0	5909
24473	33	18	5622	126	0	5799
24474	38	16	5181	56	0	5291
24475	37	24	89	5785	0	5935
24476	37	16	6111	100	0	6264
24477	28	6204	102	35	0	6369
24478	6400	97	24	39	0	6560
24479	6562	42	28	28	0	6660
24480	138	44	18	6575	0	6775
24481	68	26	9	6566	0	6669
24482	51	22	23	6697	0	6793
24483	38	6646	19	149	0	6852
24484	6707	120	15	81	0	6923
24485	6824	39	13	64	0	6940
24486	164	35	6595	40	0	6834
24487	81	19	122	7141	0	7363
24488	57	28	7321	162	0	7568
24489	45	26	173	7943	0	8187
24490	48	30	36	7886	0	8000
24491	49	24	36	7942	0	8051
24492	50	31	22	8239	0	8342
24493	8137	21	21	343	0	8522
24494	8418	23	22	147	0	8610
24495	8677	27	20	103	0	8827
24496	378	31	11	8503	0	8923
24497	160	28	8333	275	0	8796
24498	8149	19	238	116	0	8522
24499	290	28	95	8564	0	8977
24500	8598	25	64	286	0	8973
24501	295	22	32	8599	0	8948
24502	108	8212	38	320	0	8678
24503	77	8931	31	143	0	9182
24504	63	291	15	8940	0	9309
24505	89	102	21	8889	0	9101
24506	81	59	16	9020	0	9176
24507	55	8705	16	357	0	9133
24508	8665	243	20	155	0	9083
24509	271	8706	28	109	0	9114
24510	111	271	8691	67	0	9140
24511	81	86	230	8551	0	8948
24512	42	8944	84	272	0	9342
24513	46	245	64	8998	0	9353
24514	50	92	27	9137	0	9306
24515	43	64	8974	359	0	9440
24516	8360	49	234	222	0	8865
24517	271	9340	83	147	0	9841
24518	9469	247	61	119	0	9896
24519	9814	92	26	106	0	10038
24520	9899	67	28	93	0	10087
24521	429	61	9105	72	0	9667
24522	195	46	271	8939	0	9451
24523	143	36	95	9259	0	9533
24524	87	38	8904	395	0	9424
24525	8180	40	276	226	0	8722
24526	312	35	8938	144	0	9429
24527	112	34	8625	101	0	8872
24528	82	8652	312	87	0	9133
24529	83	261	131	8786	0	9261
24530	76	102	8873	299	0	9350
24531	8254	64	269	140	0	8727
24532	8728	43	103	108	0	8982
24533	360	55	8620	72	0	9107
24534	166	40	273	8721	0	9200
24535	104	42	8795	308	0	9249
24536	68	8843	298	164	0	9373
24537	9199	262	117	134	0	9712
24538	9403	113	98	101	0	9715
24539	9574	75	61	89	0	9799
24540	441	46	73	9283	0	9843
24541	182	53	56	9703	0	9994
24542	123	48	9301	415	0	9887
24543	9050	40	324	208	0	9622
24544	382	35	113	9403	0	9933
24545	9296	31	107	375	0	9809
24546	415	28	9282	172	0	9897
24547	169	37	9592	127	0	9925
24548	148	39	410	9113	0	9710
24549	90	53	182	9824	0	10149
24550	127	35	9635	437	0	10234
24551	9174	43	358	217	0	9792
24552	392	35	156	9364	0	9947
24553	174	9820	116	370	0	10480
24554	10006	310	72	201	0	10589
24555	368	10168	86	158	0	10780
24556	10196	354	85	116	0	10751
24557	452	116	10386	106	0	11060
24558	216	94	10237	88	0	10635
24559	154	10515	398	136	0	11203
24560	10691	334	198	108	0	11331
24561	430	116	10604	92	0	11242
24562	10111	78	377	115	0	10681
24563	429	10529	168	106	0	11232
24564	198	335	123	10792	0	11448
24565	164	116	100	10692	0	11072
24566	112	10259	99	432	0	10902
24567	10990	343	66	218	0	11617
24568	11438	141	78	143	0	11800
24569	11598	98	84	114	0	11894
24570	551	70	11380	100	0	12101
24571	241	72	381	11399	0	12093
24572	171	70	176	11600	0	12017
24573	139	59	141	11963	0	12302
24574	134	66	11483	538	0	12221
24575	123	11043	397	243	0	11806
24576	10780	366	170	143	0	11459
24577	424	144	10845	114	0	11527
24578	10417	114	381	120	0	11032
24579	455	10657	157	111	0	11380
24580	10848	381	127	96	0	11452
24581	487	164	94	10670	0	11415
24582	10916	104	83	389	0	11492
24583	493	58	96	10904	0	11551
24584	202	76	11150	422	0	11850
24585	199	91	356	11034	0	11680
24586	147	56	11042	453	0	11698
24587	9823	44	372	172	0	10411
24588	368	10352	163	140	0	11023
24589	145	271	101	9408	0	9925
24590	100	10142	72	239	0	10553
24591	10018	256	84	120	0	10478
24592	10152	93	83	96	0	10424
24593	334	9979	64	47	0	10424
24594	10032	234	64	74	0	10404
24595	10332	74	55	73	0	10534
24596	305	66	63	10142	0	10576
24597	144	42	55	10301	0	10542
24598	10489	50	55	294	0	10888
24599	10638	35	53	132	0	10858
24600	327	40	59	10364	0	10790
24601	154	52	49	11287	0	11542
24602	11285	44	38	383	0	11750
24603	363	62	11040	138	0	11603
24604	10389	44	313	138	0	10884
24605	396	47	10910	81	0	11434
24606	175	10795	301	72	0	11343
24607	157	277	103	10784	0	11321
24608	120	93	11044	299	0	11556
24609	109	11237	295	125	0	11766
24610	11126	295	103	138	0	11662
24611	345	83	11246	101	0	11775
24612	10880	74	306	96	0	11356
24613	11653	55	88	74	0	11870
24614	11901	50	80	97	0	12128
24615	428	39	57	11171	0	11695
24616	183	11564	63	275	0	12085
24617	11392	276	64	131	0	11863
24618	353	88	11537	95	0	12073
24619	10268	69	283	122	0	10742
24620	316	63	11352	74	0	11805
24621	146	11323	292	56	0	11817
24622	130	255	128	11481	0	11994
24623	102	97	90	11503	0	11792
24624	107	11354	69	295	0	11825
24625	112	287	57	11536	0	11992
24626	85	106	11567	333	0	12091
24627	93	11594	263	127	0	12077
24628	120	302	83	11564	0	12069
24629	11417	97	75	308	0	11897
24630	11849	81	62	137	0	12129
24631	435	60	63	11846	0	12404
24632	193	11946	51	347	0	12537
24633	154	298	50	12148	0	12650
24634	122	110	61	12020	0	12313
24635	112	90	11205	434	0	11841
24636	92	11228	294	198	0	11812
24637	101	285	100	11263	0	11749
24638	100	102	11045	325	0	11572
24639	91	10896	291	155	0	11433
24640	83	291	106	11212	0	11692
24641	11210	116	78	327	0	11731
24642	325	11472	66	133	0	11996
24643	152	298	54	11674	0	12178
24644	11984	114	43	340	0	12481
24645	12166	76	47	147	0	12436
24646	12167	80	54	108	0	12409
24647	12038	57	50	119	0	12264
24648	412	66	64	11742	0	12284
24649	207	54	11910	308	0	12479
24650	159	60	267	11489	0	11975
24651	134	11719	106	281	0	12240
24652	11957	265	65	166	0	12453
24653	308	110	11439	106	0	11963
24654	10944	73	256	112	0	11385
24655	339	70	11197	71	0	11677
24656	163	79	272	11202	0	11716
24657	138	50	11261	269	0	11718
24658	105	47	283	10996	0	11431
24659	96	60	11043	318	0	11517
24660	99	51	295	10721	0	11166
24661	11024	46	117	321	0	11508
24662	299	11357	67	172	0	11895
24663	151	251	74	11446	0	11922
24664	117	126	59	11559	0	11861
24665	118	56	11671	334	0	12179
24666	96	64	11070	161	0	11391
24667	10789	52	310	139	0	11290
24668	276	11217	128	137	0	11758
24669	11337	232	103	77	0	11749
24670	11446	90	67	67	0	11670
24671	333	52	58	11088	0	11531
24672	140	11427	51	252	0	11870
24673	11835	232	71	128	0	12266
24674	12074	95	63	102	0	12334
24675	12319	51	60	94	0	12524
24676	12339	69	46	79	0	12533
24677	12283	34	54	71	0	12442
24678	378	43	11848	57	0	12326
24679	11698	40	233	85	0	12056
24680	324	52	11876	69	0	12321
24681	189	37	250	11583	0	12059
24682	118	35	128	12251	0	12532
24683	129	39	11766	309	0	12243
24684	11435	43	259	149	0	11886
24685	316	28	112	12066	0	12522
24686	177	36	75	12588	0	12876
24687	109	33	86	12800	0	13028
24688	108	27	67	12537	0	12739
24689	89	40	69	12787	0	12985
24690	84	45	12341	471	0	12941
24691	97	40	300	12341	0	12778
24692	87	32	12453	398	0	12970
24693	91	54	11954	222	0	12321
24694	12125	34	458	142	0	12759
24695	12919	25	201	133	0	13278
24696	13634	34	152	104	0	13924
24697	581	39	13386	106	0	14112
24698	290	32	13241	106	0	13669
24699	163	26	13998	89	0	14276
24700	143	14082	638	122	0	14985
24701	213	399	324	13723	0	14659
24702	14416	172	125	433	0	15146
24703	502	56	107	15294	0	15959
24704	262	15465	101	561	0	16389
24705	15782	507	81	319	0	16689
24706	584	229	82	15580	0	16475
24707	336	15801	81	592	0	16810
24708	166	517	110	16218	0	17011
24709	146	279	114	16263	0	16802
24710	15673	99	105	828	0	16705
24711	574	93	96	15860	0	16623
24712	325	118	15401	689	0	16533
24713	230	56	529	15278	0	16093
24714	168	14470	326	712	0	15676
24715	162	15444	216	389	0	16211
24716	136	710	194	14789	0	15829
24717	153	348	215	14828	0	15544
24718	152	14467	139	880	0	15638
24719	133	14707	152	498	0	15490
24720	162	15219	107	381	0	15869
24721	188	839	86	13676	0	14789
24722	165	14922	92	650	0	15829
24723	14563	736	119	430	0	15848
24724	619	448	14505	346	0	15918
24725	365	342	520	14161	0	15388
24726	189	14825	278	711	0	16003
24727	14534	687	137	520	0	15878
24728	655	380	14613	408	0	16056
24729	341	14618	586	363	0	15908
24730	14302	661	304	314	0	15581
24731	572	14228	196	258	0	15254
24732	325	14781	163	275	0	15544
24733	192	901	135	14233	0	15461
24734	189	14806	106	610	0	15711
24735	14507	722	110	436	0	15775
24736	551	510	125	14516	0	15702
24737	320	364	14195	670	0	15549
24738	191	360	14180	397	0	15128
24739	166	376	691	14230	0	15463
24740	152	319	14503	680	0	15654
24741	174	259	594	14530	0	15557
24742	14004	241	357	698	0	15300
24743	589	239	13967	462	0	15257
24744	356	258	590	13396	0	14600
24745	212	13431	387	637	0	14667
24746	197	640	233	13881	0	14951
24747	231	417	180	13938	0	14766
24748	185	13594	234	816	0	14829
24749	174	676	194	14076	0	15120
24750	168	473	191	14276	0	15108
24751	138	313	13720	919	0	15090
24752	121	13713	570	547	0	14951
24753	13667	703	315	386	0	15071
24754	578	393	203	14017	0	15191
24755	326	265	13933	766	0	15290
24756	190	240	664	13954	0	15048
24757	144	241	13882	842	0	15109
24758	13002	190	724	577	0	14493
24759	545	13747	411	449	0	15152
24760	384	621	283	13894	0	15182
24761	255	353	230	14531	0	15369
24762	13570	231	272	963	0	15036
24763	628	285	219	13881	0	15013
24764	377	267	13393	863	0	14900
24765	238	236	591	13050	0	14115
24766	177	12568	370	843	0	13958
24767	179	13299	243	634	0	14355
24768	146	13777	193	545	0	14661
24769	201	843	233	13297	0	14574
24770	170	515	12855	807	0	14347
24771	171	12951	587	536	0	14245
24772	12344	717	343	455	0	13859
24773	560	12777	208	416	0	13961
24774	12788	709	185	432	0	14114
24775	12922	425	273	355	0	13975
24776	780	299	12550	370	0	13999
24777	12816	300	603	349	0	14068
24778	13621	311	326	373	0	14631
24779	12746	307	208	398	0	13659
24780	13741	261	156	361	0	14519
24781	849	239	13051	362	0	14501
24782	12983	236	578	288	0	14085
24783	13784	244	356	300	0	14684
24784	815	13943	227	258	0	15243
24785	458	688	141	13252	0	14539
24786	331	466	141	13474	0	14412
24787	289	13360	150	749	0	14548
24788	13210	616	202	397	0	14425
24789	627	13597	191	257	0	14672
24790	13302	650	156	207	0	14315
24791	13541	434	124	185	0	14284
24792	815	13525	122	180	0	14642
24793	499	598	122	13312	0	14531
24794	370	346	13403	552	0	14671
24795	370	12879	512	321	0	14082
24796	265	548	249	11720	0	12782
24797	208	12195	141	396	0	12940
24798	189	13292	88	211	0	13780
24799	189	737	82	12452	0	13460
24800	123	261	12601	512	0	13497
24801	106	12010	461	253	0	12830
24802	96	12270	216	133	0	12715
24803	10655	421	81	71	0	11228
24804	286	208	33	10886	0	11413
24805	147	93	16	11178	0	11434
24806	75	62	31	11584	0	11752
24807	50	73	11036	505	0	11664
24808	66	49	329	11226	0	11670
24809	45	11632	151	419	0	12247
24810	11913	377	65	206	0	12561
24811	412	169	39	11974	0	12594
24812	177	110	11766	434	0	12487
24813	11858	70	396	210	0	12534
24814	455	57	168	12393	0	13073
24815	201	41	13036	462	0	13740
24816	94	47	13261	203	0	13605
24817	13093	54	598	135	0	13880
24818	13995	30	235	96	0	14356
24819	13944	41	115	66	0	14166
24820	14118	70	69	81	0	14338
24821	732	67	13560	62	0	14421
24822	305	13891	479	52	0	14727
24823	14033	472	175	113	0	14793
24824	527	14096	86	70	0	14779
24825	14113	523	69	73	0	14778
24826	551	14238	55	87	0	14931
24827	245	567	83	14123	0	15018
24828	180	245	39	14443	0	14907
24829	123	115	48	14377	0	14663
24830	101	13704	90	669	0	14564
24831	98	14338	84	278	0	14798
24832	143	624	39	13507	0	14313
24833	100	13957	47	509	0	14613
24834	102	559	13772	225	0	14658
24835	103	257	506	13687	0	14553
24836	93	156	13953	548	0	14750
24837	13410	148	519	253	0	14330
24838	14146	106	218	151	0	14621
24839	712	119	13819	129	0	14779
24840	323	111	13804	110	0	14348
24841	181	119	654	13574	0	14528
24842	144	92	13865	566	0	14667
24843	132	107	577	13044	0	13860
24844	143	12293	289	549	0	13274
24845	117	576	155	13824	0	14672
24846	114	270	118	14120	0	14622
24847	115	155	105	14214	0	14589
24848	116	160	13516	788	0	14580
24849	127	128	563	13331	0	14149
24850	131	127	247	13620	0	14125
24851	130	150	168	13251	0	13699
24852	160	13391	116	695	0	14362
24853	13561	535	122	381	0	14599
24854	13729	259	146	256	0	14390
24855	13845	152	124	225	0	14346
24856	772	135	107	13372	0	14386
24857	362	120	13116	612	0	14210
24858	264	129	12968	347	0	13708
24859	172	13117	675	230	0	14194
24860	12791	542	291	268	0	13892
24861	510	13159	202	223	0	14094
24862	13200	590	144	204	0	14138
24863	585	13242	161	189	0	14177
24864	13098	604	129	222	0	14053
24865	604	13648	129	223	0	14604
24866	333	625	126	13621	0	14705
24867	244	309	13357	610	0	14520
24868	214	197	13594	353	0	14358
24869	222	148	717	13286	0	14373
24870	181	147	330	13638	0	14296
24871	173	164	209	14086	0	14632
24872	182	134	13481	787	0	14584
24873	188	144	592	13371	0	14295
24874	12950	131	287	754	0	14122
24875	13234	126	189	427	0	13976
24876	724	12767	176	287	0	13954
24877	12525	531	161	243	0	13460
24878	615	12478	145	212	0	13450
24879	12536	610	126	199	0	13471
24880	12691	333	122	204	0	13350
24881	12487	187	144	209	0	13027
24882	795	180	12155	174	0	13304
24883	395	149	12000	181	0	12725
24884	11712	129	649	209	0	12699
24885	12622	91	318	216	0	13247
24886	787	148	220	12081	0	13236
24887	447	82	167	12752	0	13448
24888	289	114	139	13160	0	13702
24889	245	107	154	13259	0	13765
24890	206	152	133	13706	0	14197
24891	12878	152	120	879	0	14029
24892	685	132	94	12985	0	13896
24893	338	155	12454	723	0	13670
24894	11917	116	517	409	0	12959
24895	12638	97	267	309	0	13311
24896	773	12145	162	249	0	13329
24897	314	12480	133	211	0	13138
24898	11156	446	94	139	0	11835
24899	417	11483	72	148	0	12120
24900	11303	395	140	118	0	11956
24901	12177	140	109	152	0	12578
24902	12478	80	54	130	0	12742
24903	625	63	68	11712	0	12468
24904	265	11731	65	492	0	12553
24905	11965	399	54	213	0	12631
24906	515	135	60	11864	0	12574
24907	223	78	59	11870	0	12230
24908	11063	48	40	540	0	11691
24909	407	10849	38	233	0	11527
24910	158	361	28	10939	0	11486
24911	10960	140	14	434	0	11548
24912	408	11168	21	187	0	11784
24913	11281	359	17	130	0	11787
24914	457	128	10231	90	0	10906
24915	10126	72	249	88	0	10535
24916	398	10427	73	86	0	10984
24917	10428	321	46	71	0	10866
24918	10496	120	12	73	0	10701
24919	416	10563	19	56	0	11054
24920	10737	314	12	86	0	11149
24921	412	10558	23	62	0	11055
24922	10925	345	10	77	0	11357
24923	400	141	16	10878	0	11435
24924	204	88	11	11010	0	11313
24925	131	85	18	11216	0	11450
24926	127	55	10507	425	0	11114
24927	97	69	296	10537	0	10999
24928	126	52	10618	359	0	11155
24929	105	60	321	10428	0	10914
24930	106	10585	101	349	0	11141
24931	116	322	48	10853	0	11339
24932	90	158	10743	357	0	11348
24933	109	82	11162	159	0	11512
24934	84	75	375	11139	0	11673
24935	11080	49	148	375	0	11652
24936	11295	48	78	200	0	11621
24937	433	11191	45	137	0	11806
24938	202	320	31	11324	0	11877
24939	143	143	11656	362	0	12304
24940	110	99	318	11747	0	12274
24941	112	52	11821	417	0	12402
24942	11412	55	367	212	0	12046
24943	407	75	144	11943	0	12569
24944	209	64	11729	401	0	12403
24945	149	76	344	11747	0	12316
24946	145	49	143	12081	0	12418
24947	99	74	11822	521	0	12516
24948	133	60	354	11843	0	12390
24949	11828	56	151	463	0	12498
24950	12065	81	106	212	0	12464
24951	484	57	68	12019	0	12628
24952	12127	55	90	435	0	12707
24953	447	63	12033	257	0	12800
24954	214	56	11833	172	0	12275
24955	11949	47	443	172	0	12611
24956	12726	58	217	153	0	13154
24957	502	59	128	12402	0	13091
24958	259	56	70	12800	0	13185
24959	174	59	12448	535	0	13216
24960	162	67	389	11717	0	12335
24961	137	12379	191	416	0	13123
24962	12476	349	122	218	0	13165
24963	13451	133	94	160	0	13838
24964	551	13232	75	170	0	14028
24965	12909	393	75	143	0	13520
24966	13084	149	78	168	0	13479
24967	546	13062	116	127	0	13851
24968	13145	411	82	141	0	13779
24969	482	13176	96	128	0	13882
24970	13301	435	72	138	0	13946
24971	543	187	13119	121	0	13970
24972	259	105	425	13070	0	13859
24973	188	65	179	13548	0	13980
24974	158	56	125	14291	0	14630
24975	13889	64	96	658	0	14707
24976	550	61	70	14466	0	15147
24977	266	87	14271	594	0	15218
24978	14255	78	468	261	0	15062
24979	601	45	194	14325	0	15165
24980	255	13842	142	564	0	14803
24981	206	14684	94	273	0	15257
24982	165	575	109	14265	0	15114
24983	180	226	95	14224	0	14725
24984	168	112	82	14600	0	14962
24985	134	83	13655	736	0	14608
24986	141	13465	476	391	0	14473
24987	13141	404	167	250	0	13962
24988	12974	186	125	179	0	13464
24989	529	12737	86	178	0	13530
24990	227	13139	84	178	0	13628
24991	206	476	60	12921	0	13663
24992	121	180	12782	478	0	13561
24993	12140	160	405	243	0	12948
24994	12870	102	171	168	0	13311
24995	512	57	125	12644	0	13338
24996	253	70	66	12833	0	13222
24997	12331	86	49	557	0	13023
24998	404	91	12140	277	0	12912
24999	11620	96	351	214	0	12281
25000	452	11751	175	138	0	12516
25001	182	244	63	10717	0	11206
25002	132	10854	51	310	0	11347
25003	11005	284	57	167	0	11513
25004	324	123	54	10873	0	11374
25005	201	83	54	10704	0	11042
25006	138	10774	67	339	0	11318
25007	10901	262	51	177	0	11391
25008	10954	138	51	141	0	11284
25009	369	82	10655	137	0	11243
25010	192	76	10074	99	0	10441
25011	10231	57	276	110	0	10674
25012	310	54	10246	119	0	10729
25013	139	58	9672	119	0	9988
25014	9696	70	284	111	0	10161
25015	324	60	11061	76	0	11521
25016	168	73	398	10985	0	11624
25017	118	45	160	11274	0	11597
25018	11981	55	133	560	0	12729
25019	560	59	12200	273	0	13092
25020	12763	45	574	179	0	13561
25021	748	40	242	12699	0	13729
25022	12874	49	180	621	0	13724
25023	13246	33	135	297	0	13711
25024	13496	43	74	241	0	13854
25025	1020	31	85	12771	0	13907
25026	13227	25	77	664	0	13993
25027	913	32	94	12960	0	13999
25028	514	30	86	13226	0	13856
25029	360	30	80	13433	0	13903
25030	334	36	61	13596	0	14027
25031	12803	38	68	1059	0	13968
25032	13179	37	61	585	0	13862
25033	951	33	12503	421	0	13908
25034	12789	40	588	326	0	13743
25035	13380	23	251	294	0	13948
25036	1051	34	175	12456	0	13716
25037	558	12444	118	741	0	13861
25038	12923	574	91	413	0	14001
25039	927	252	76	12348	0	13603
25040	12385	155	96	744	0	13380
25041	945	11984	112	392	0	13433
25042	12463	619	66	303	0	13451
25043	956	274	71	11896	0	13197
25044	496	11853	65	762	0	13176
25045	12200	688	51	405	0	13344
25046	823	11812	65	348	0	13048
25047	448	12710	63	296	0	13517
25048	12606	863	89	243	0	13801
25049	855	445	12153	244	0	13697
25050	12665	287	607	222	0	13781
25051	1018	202	267	12343	0	13830
25052	560	178	12389	699	0	13826
25053	529	146	650	12222	0	13547
25054	374	182	298	12905	0	13759
25055	370	151	12308	999	0	13828
25056	12099	102	721	555	0	13477
25057	945	79	348	12318	0	13690
25058	529	73	240	12771	0	13613
25059	459	82	153	12863	0	13557
25060	12192	73	136	1237	0	13638
25061	852	71	11715	779	0	13417
25062	500	78	12127	528	0	13233
25063	416	64	822	11418	0	12720
25064	365	65	11361	859	0	12650
25065	10976	59	805	559	0	12399
25066	771	10994	427	446	0	12638
25067	11267	563	318	326	0	12474
25068	958	256	247	10712	0	12173
25069	506	10781	232	761	0	12280
25070	420	667	200	10761	0	12048
25071	385	10963	158	848	0	12354
25072	342	735	141	11152	0	12370
25073	350	360	10653	865	0	12228
25074	288	321	10353	471	0	11433
25075	288	10390	737	414	0	11829
25076	9814	595	338	371	0	11118
25077	634	359	230	9620	0	10843
25078	400	251	157	9963	0	10771
25079	9781	220	128	815	0	10944
25080	10035	179	147	487	0	10848
25081	892	119	160	9672	0	10843
25082	534	128	9303	683	0	10648
25083	424	9333	558	399	0	10714
25084	333	534	291	9415	0	10573
25085	275	287	245	9410	0	10217
25086	261	9684	151	758	0	10854
25087	9754	577	121	527	0	10979
25088	653	331	9680	366	0	11030
25089	403	244	575	9561	0	10783
25090	295	179	300	9838	0	10612
25091	202	143	9401	944	0	10690
25092	196	146	605	9708	0	10655
25093	9525	118	338	849	0	10830
25094	9772	122	282	518	0	10694
25095	9906	107	238	441	0	10692
25096	927	9355	177	367	0	10826
25097	10110	528	183	309	0	11130
25098	896	264	165	9724	0	11049
25099	509	229	159	9785	0	10682
25100	424	10490	150	834	0	11898
25101	11517	633	128	534	0	12812
25102	12361	354	123	379	0	13217
25103	12680	293	119	320	0	13412
25104	13000	222	112	278	0	13612
25105	12916	166	113	313	0	13508
25106	1241	151	11894	314	0	13600
25107	12488	156	694	265	0	13603
25108	12935	171	322	236	0	13664
25109	12906	113	251	239	0	13509
25110	1314	93	203	11922	0	13532
25111	798	93	156	12411	0	13458
25112	609	87	11524	982	0	13202
25113	10143	127	699	611	0	11580
25114	862	11284	356	454	0	12956
25115	454	10389	186	299	0	11328
25116	351	563	10062	209	0	11185
25117	279	9883	490	207	0	10859
25118	207	9672	191	172	0	10242
25119	276	615	236	7918	0	9045
25120	104	8478	72	225	0	8879
25121	8389	331	36	117	0	8873
25122	8359	162	31	103	0	8655
25123	400	117	54	8033	0	8604
25124	228	74	7924	285	0	8511
25125	7805	61	268	154	0	8288
25126	348	42	8061	124	0	8575
25127	189	51	8202	100	0	8542
25128	141	44	367	7728	0	8280
25129	129	38	185	8137	0	8489
25130	96	30	8132	351	0	8609
25131	76	7693	300	183	0	8252
25132	63	8349	138	125	0	8675
25133	8181	313	78	116	0	8688
25134	8402	140	44	60	0	8646
25135	362	83	8122	40	0	8607
25136	8048	44	239	49	0	8380
25137	8727	46	89	72	0	8934
25138	363	36	78	8504	0	8981
25139	204	43	53	8616	0	8916
25140	147	41	38	8712	0	8938
25141	8613	47	40	345	0	9045
25142	8779	31	25	186	0	9021
25143	8942	24	35	124	0	9125
25144	448	30	46	8679	0	9203
25145	268	42	8428	258	0	8996
25146	8244	30	240	133	0	8647
25147	8445	32	122	95	0	8694
25148	418	23	78	8065	0	8584
25149	232	8223	72	245	0	8772
25150	201	248	40	8147	0	8636
25151	151	8300	42	295	0	8788
25152	107	281	39	8065	0	8492
25153	93	8313	52	307	0	8765
25154	8106	261	42	132	0	8541
25155	289	150	29	8122	0	8590
25156	156	8169	40	224	0	8589
25157	140	250	8049	101	0	8540
25158	7897	120	215	95	0	8327
25159	274	112	109	8072	0	8567
25160	164	8082	66	235	0	8547
25161	135	240	63	7904	0	8342
25162	112	7775	53	253	0	8193
25163	104	8529	34	129	0	8796
25164	8395	296	44	123	0	8858
25165	8678	140	56	86	0	8960
25166	308	85	8598	64	0	9055
25167	8467	81	223	59	0	8830
25168	8667	48	117	62	0	8894
25169	306	8521	89	73	0	8989
25170	155	245	61	8593	0	9054
25171	143	110	62	8642	0	8957
25172	133	92	8404	272	0	8901
25173	108	90	8183	146	0	8527
25174	8409	56	263	111	0	8839
25175	8753	40	150	87	0	9030
25176	8765	50	111	52	0	8978
25177	374	51	8452	49	0	8926
25178	233	30	208	8399	0	8870
25179	8569	25	104	269	0	8967
25180	264	31	97	8561	0	8953
25181	162	31	8425	277	0	8895
25182	8018	35	219	143	0	8415
25183	318	63	8704	96	0	9181
25184	161	8627	235	84	0	9107
25185	8752	201	133	78	0	9164
25186	294	89	8709	54	0	9146
25187	155	79	220	8541	0	8995
25188	8709	61	106	228	0	9104
25189	276	41	63	8741	0	9121
25190	8878	44	61	271	0	9254
25191	276	51	39	8804	0	9170
25192	9126	56	30	295	0	9507
25193	9266	39	29	160	0	9494
25194	9231	44	39	112	0	9426
25195	9177	43	41	91	0	9352
25196	362	49	45	8936	0	9392
25197	182	38	8729	206	0	9155
25198	136	37	8649	116	0	8938
25199	110	8617	250	88	0	9065
25200	51	8026	78	56	0	8211
25201	7051	103	139	16	0	7309
25202	85	19	30	6703	0	6837
25203	38	18	6762	67	0	6885
25204	28	11	6954	34	0	7027
25205	34	23	86	7039	0	7182
25206	7197	11	33	75	0	7316
25207	73	7102	20	34	0	7229
25208	7539	70	20	33	0	7662
25209	83	39	9	7535	0	7666
25210	45	18	15	7609	0	7687
25211	27	20	26	7585	0	7658
25212	29	9	7568	91	0	7697
25213	22	14	7272	61	0	7369
25214	23	7452	90	30	0	7595
25215	27	75	35	7741	0	7878
25216	7604	27	23	93	0	7747
25217	88	18	7326	44	0	7476
25218	34	29	7512	42	0	7617
25219	31	17	95	7669	0	7812
25220	29	14	42	7906	0	7991
25221	17	13	41	7999	0	8070
25222	26	15	36	8451	0	8528
25223	8680	12	30	218	0	8940
25224	180	7	28	8722	0	8937
25225	8726	18	24	227	0	8995
25226	189	20	8992	75	0	9276
25227	69	9016	184	51	0	9320
25228	40	163	48	9102	0	9353
25229	37	35	9191	203	0	9466
25230	34	20	9058	84	0	9196
25231	33	9256	205	59	0	9553
25232	46	159	58	9066	0	9329
25233	30	43	44	9200	0	9317
25234	35	35	9160	212	0	9442
25235	8705	27	196	104	0	9032
25236	200	16	65	9190	0	9471
25237	61	17	65	8999	0	9142
25238	45	32	9095	244	0	9416
25239	53	8823	219	106	0	9201
25240	28	9875	74	97	0	10074
25241	9965	282	65	83	0	10395
25242	283	75	56	10009	0	10423
25243	10581	56	48	319	0	11004
25244	383	34	10541	118	0	11076
25245	136	32	367	10573	0	11108
25246	10663	34	119	402	0	11218
25247	10955	37	85	167	0	11244
25248	432	29	66	10765	0	11292
25249	189	26	10619	391	0	11225
25250	132	26	10831	145	0	11134
25251	77	43	420	10650	0	11190
25252	60	25	10705	405	0	11195
25253	10109	42	401	185	0	10737
25254	362	10708	135	142	0	11347
25255	10970	330	114	91	0	11505
25256	11266	98	110	95	0	11569
25257	467	72	63	11073	0	11675
25258	191	54	79	11320	0	11644
25259	11221	29	60	474	0	11784
25260	405	33	79	11163	0	11680
25261	162	38	11059	436	0	11695
25262	133	10961	350	191	0	11635
25263	104	329	125	10763	0	11321
25264	75	93	126	10903	0	11197
25265	104	85	85	11048	0	11322
25266	87	66	10553	551	0	11257
25267	109	10365	383	253	0	11110
25268	86	340	149	10744	0	11319
25269	78	127	10597	452	0	11254
25270	98	84	381	10617	0	11180
25271	10575	71	133	497	0	11276
25272	390	36	139	10793	0	11358
25273	164	73	10607	476	0	11320
25274	10324	64	372	271	0	11031
25275	399	10590	171	216	0	11376
25276	147	11379	152	183	0	11861
25277	11313	406	111	152	0	11982
25278	449	165	11602	129	0	12345
25279	182	115	382	11453	0	12132
25280	162	62	168	12010	0	12402
25281	120	68	11875	522	0	12585
25282	98	11683	426	281	0	12488
25283	138	368	188	10407	0	11101
25284	95	124	11674	484	0	12377
25285	128	107	453	11532	0	12220
25286	11556	84	169	530	0	12339
25287	418	92	11784	258	0	12552
25288	195	87	451	11806	0	12539
25289	191	67	155	12164	0	12577
25290	155	78	11729	567	0	12529
25291	141	68	426	11092	0	11727
25292	131	9995	240	556	0	10922
25293	159	382	201	10438	0	11180
25294	114	11386	148	495	0	12143
25295	11383	409	123	295	0	12210
25296	11266	151	167	234	0	11818
25297	501	131	11070	226	0	11928
25298	230	120	10921	210	0	11481
25299	168	75	10844	173	0	11260
25300	122	10671	536	179	0	11508
25301	127	389	249	11163	0	11928
25302	127	110	11427	465	0	12129
25303	124	95	465	10768	0	11452
25304	108	95	211	11063	0	11477
25305	129	67	10982	548	0	11726
25306	112	105	425	10940	0	11582
25307	118	88	179	10958	0	11343
25308	140	10712	175	560	0	11587
25309	130	398	151	10973	0	11652
25310	117	140	129	11403	0	11789
25311	118	107	11157	580	0	11962
25312	110	94	454	10993	0	11651
25313	102	53	11145	617	0	11917
25314	75	88	10986	289	0	11438
25315	10562	88	509	293	0	11452
25316	405	100	259	10550	0	11314
25317	154	10775	211	466	0	11606
25318	140	11109	147	295	0	11691
25319	144	463	160	11036	0	11803
25320	100	168	11013	500	0	11781
25321	114	10887	463	275	0	11739
25322	84	302	167	10628	0	11181
25323	75	123	10828	384	0	11410
25324	67	11079	318	219	0	11683
25325	11654	329	171	203	0	12357
25326	11608	131	151	167	0	12057
25327	11751	122	79	191	0	12143
25328	403	100	108	12380	0	12991
25329	198	75	105	12433	0	12811
25330	120	80	104	12479	0	12783
25331	71	67	12129	537	0	12804
25332	11937	61	403	292	0	12693
25333	366	75	186	12291	0	12918
25334	137	75	11978	429	0	12619
25335	12034	64	378	253	0	12729
25336	12627	65	206	216	0	13114
25337	493	172	9867	203	0	10735
25338	12113	42	294	186	0	12635
25339	410	12736	170	141	0	13457
25340	129	253	12236	123	0	12741
25341	11591	93	322	128	0	12134
25342	274	12011	126	134	0	12545
25343	45	158	50	11297	0	11550
25344	37	11458	45	175	0	11715
25345	26	180	37	11622	0	11865
25346	26	59	11542	199	0	11826
25347	10164	32	189	105	0	10490
25348	193	22	11558	65	0	11838
25349	47	11131	186	65	0	11429
25350	29	11509	66	57	0	11661
25351	11352	184	45	66	0	11647
25352	166	57	11397	30	0	11650
25353	51	25	170	11113	0	11359
25354	34	25	11186	171	0	11416
25355	16	11210	178	77	0	11481
25356	70	172	64	10254	0	10560
25357	37	11134	53	133	0	11357
25358	11425	179	33	90	0	11727
25359	11595	54	28	62	0	11739
25360	11592	47	40	45	0	11724
25361	212	39	11322	49	0	11622
25362	68	42	10972	38	0	11120
25363	10866	23	214	33	0	11136
25364	188	23	11550	44	0	11805
25365	75	17	200	10729	0	11021
25366	35	11260	80	161	0	11536
25367	11669	169	56	64	0	11958
25368	11631	46	34	70	0	11781
25369	11902	34	42	71	0	12049
25370	229	28	40	11854	0	12151
25371	80	24	27	12114	0	12245
25372	12023	20	31	251	0	12325
25373	196	11828	35	106	0	12165
25374	11818	178	29	91	0	12116
25375	219	56	31	11660	0	11966
25376	73	37	28	11656	0	11794
25377	11375	20	19	250	0	11664
25378	185	11108	26	82	0	11401
25379	11121	176	21	65	0	11383
25380	203	11085	32	58	0	11378
25381	10962	172	37	37	0	11208
25382	203	79	32	11107	0	11421
25383	11237	35	34	196	0	11502
25384	11644	25	26	79	0	11774
25385	12581	43	20	60	0	12704
25386	323	13039	24	49	0	13435
25387	118	287	12766	30	0	13201
25388	12619	93	292	46	0	13050
25389	13161	45	71	38	0	13315
25390	375	12962	57	25	0	13419
25391	140	289	36	13097	0	13562
25392	98	96	30	13363	0	13587
25393	13316	49	39	349	0	13753
25394	346	57	28	13356	0	13787
25395	156	46	13281	337	0	13820
25396	98	56	12995	138	0	13287
25397	13415	31	359	103	0	13908
25398	338	30	109	13520	0	13997
25399	150	23	67	13745	0	13985
25400	102	31	61	13941	0	14135
25401	87	27	13893	416	0	14423
25402	98	27	324	13697	0	14146
25403	106	17	114	14140	0	14377
25404	75	19	70	14441	0	14605
25405	14025	27	61	477	0	14590
25406	379	29	50	14122	0	14580
25407	151	38	14183	441	0	14813
25408	14196	33	342	229	0	14800
25409	410	41	14786	142	0	15379
25410	14844	28	399	159	0	15430
25411	14851	32	146	126	0	15155
25412	562	36	81	15217	0	15896
25413	225	15276	87	480	0	16068
25414	181	376	63	15678	0	16298
25415	151	148	75	15847	0	16221
25416	121	15786	72	583	0	16562
25417	15824	413	78	253	0	16568
25418	453	15795	68	190	0	16506
25419	15886	444	65	139	0	16534
25420	16142	171	43	145	0	16501
25421	569	95	53	15743	0	16460
25422	261	83	40	15787	0	16171
25423	181	67	14950	589	0	15787
25424	146	63	14242	271	0	14722
25425	13862	70	479	207	0	14618
25426	14406	50	199	188	0	14843
25427	563	13558	119	158	0	14398
25428	254	359	80	13214	0	13907
25429	191	112	14242	458	0	15003
25430	186	324	410	14221	0	15141
25431	14116	62	210	501	0	14889
25432	14035	54	115	231	0	14435
25433	507	13930	85	195	0	14717
25434	248	345	59	14078	0	14730
25435	178	156	58	14383	0	14775
25436	160	103	63	14398	0	14724
25437	151	85	13487	569	0	14292
25438	12086	76	354	330	0	12846
25439	13233	73	135	232	0	13673
25440	547	78	13254	194	0	14073
25441	260	13334	385	180	0	14159
25442	13458	355	152	187	0	14152
25443	13675	136	120	156	0	14087
25444	568	94	13210	164	0	14036
25445	298	97	13877	162	0	14434
25446	226	60	501	13933	0	14720
25447	202	75	14116	444	0	14837
25448	13673	79	451	220	0	14423
25449	14200	70	203	171	0	14644
25450	14562	75	143	175	0	14955
25451	613	76	144	13818	0	14651
25452	323	14939	128	442	0	15832
25453	15274	361	118	303	0	16056
25454	15295	143	120	208	0	15766
25455	634	113	14869	161	0	15777
25456	386	99	14408	171	0	15064
25457	13937	92	459	219	0	14707
25458	527	96	211	14946	0	15780
25459	311	102	14866	454	0	15733
25460	268	14725	423	281	0	15697
25461	269	345	231	14963	0	15808
25462	14918	164	180	466	0	15728
25463	512	15190	166	258	0	16126
25464	287	402	158	15080	0	15927
25465	257	14920	137	451	0	15765
25466	231	15488	135	295	0	16149
25467	234	464	144	15456	0	16298
25468	242	217	127	15382	0	15968
25469	208	15438	150	548	0	16344
25470	15370	426	123	307	0	16226
25471	532	199	15378	227	0	16336
25472	15047	162	412	233	0	15854
25473	564	141	191	15882	0	16778
25474	349	98	142	16092	0	16681
25475	249	120	156	16262	0	16787
25476	250	118	137	16166	0	16671
25477	243	115	16087	582	0	17027
25478	251	94	432	16028	0	16805
25479	240	132	228	16316	0	16916
25480	232	16786	144	599	0	17761
25481	198	430	17018	351	0	17997
25482	181	17446	454	302	0	18383
25483	180	494	17807	237	0	18718
25484	186	17995	474	221	0	18876
25485	232	447	236	16529	0	17444
25486	16445	157	133	370	0	17105
25487	406	16477	97	220	0	17200
25488	240	351	95	16734	0	17420
25489	191	170	16921	402	0	17684
25490	135	17246	352	264	0	17997
25491	16973	375	208	195	0	17751
25492	17283	192	133	176	0	17784
25493	468	17246	152	153	0	18019
25494	259	383	16875	97	0	17614
25495	16358	208	373	130	0	17069
25496	434	157	182	17330	0	18103
25497	17200	114	134	410	0	17858
25498	445	17550	104	248	0	18347
25499	238	18075	98	176	0	18587
25500	181	483	17705	162	0	18531
25501	16965	253	396	133	0	17747
25502	464	197	185	17552	0	18398
25503	17610	116	117	363	0	18206
25504	381	17688	97	206	0	18372
25505	17733	354	120	148	0	18355
25506	17508	195	95	142	0	17940
25507	500	113	18086	124	0	18823
25508	249	17172	316	83	0	17820
25509	162	17891	134	81	0	18268
25510	127	387	78	16743	0	17335
25511	97	16603	87	228	0	17015
25512	16848	317	68	142	0	17375
25513	303	16882	56	117	0	17358
25514	157	303	37	16506	0	17003
25515	94	16317	38	224	0	16673
25516	101	16099	50	98	0	16348
25517	110	16864	30	66	0	17070
25518	111	356	44	16662	0	17173
25519	88	166	51	16864	0	17169
25520	81	156	31	16650	0	16918
25521	69	16349	30	325	0	16773
25522	82	241	16161	162	0	16646
25523	85	166	15718	101	0	16070
25524	15587	142	253	85	0	16067
25525	245	122	129	16373	0	16869
25526	123	120	16543	235	0	17021
25527	102	123	16173	140	0	16538
25528	104	17117	261	111	0	17593
25529	77	274	134	15964	0	16449
25530	74	163	83	16433	0	16753
25531	16311	130	52	344	0	16837
25532	228	122	57	16273	0	16680
25533	123	124	71	16321	0	16639
25534	106	110	16723	357	0	17296
25535	105	98	226	16556	0	16985
25536	103	97	108	17430	0	17738
25537	65	88	17375	368	0	17896
25538	61	124	17098	194	0	17477
25539	59	17059	320	163	0	17601
25540	62	294	17118	134	0	17608
25541	66	172	289	16736	0	17263
25542	211	187	281	12747	0	13426
25543	80	130	17308	363	0	17881
25544	51	17032	265	257	0	17605
25545	16116	272	177	200	0	16765
25546	223	16799	125	158	0	17305
25547	121	315	109	16927	0	17472
25548	98	202	121	17056	0	17477
25549	74	16983	132	373	0	17562
25550	76	315	129	16971	0	17491
25551	64	196	118	17001	0	17379
25552	85	143	16057	423	0	16708
25553	90	15854	306	284	0	16534
25554	78	310	165	16217	0	16770
25555	80	201	16203	357	0	16841
25556	106	175	325	15838	0	16444
25557	114	156	171	15848	0	16289
25558	92	131	125	16423	0	16771
25559	91	118	140	16209	0	16558
25560	91	144	101	15902	0	16238
25561	125	16148	89	440	0	16802
25562	15847	282	117	326	0	16572
25563	269	181	15649	244	0	16343
25564	13476	166	300	249	0	14191
25565	273	156	16285	184	0	16898
25566	139	16818	330	221	0	17508
25567	125	337	16786	170	0	17418
25568	80	17055	372	195	0	17702
25569	108	400	187	15897	0	16592
25570	87	196	155	16470	0	16908
25571	95	16785	110	428	0	17418
25572	82	17478	67	304	0	17931
25573	17334	424	97	227	0	18082
25574	17759	244	97	183	0	18283
25575	17780	152	83	185	0	18200
25576	18144	131	97	172	0	18544
25577	461	159	97	17819	0	18536
25578	218	17833	73	361	0	18485
25579	17701	356	79	220	0	18356
25580	302	184	64	17289	0	17839
25581	16814	97	64	328	0	17303
25582	16260	88	64	202	0	16614
25583	332	15581	50	109	0	16072
25584	142	15260	46	83	0	15531
25585	71	16074	51	68	0	16264
25586	55	357	44	15417	0	15873
25587	36	15935	29	229	0	16229
25588	15904	202	33	130	0	16269
25589	16048	95	26	115	0	16284
25590	15958	58	25	73	0	16114
25591	16274	45	24	71	0	16414
25592	16357	34	27	60	0	16478
25593	328	39	16518	34	0	16919
25594	16485	34	276	64	0	16859
25595	336	46	16815	43	0	17240
25596	16456	35	322	53	0	16866
25597	337	36	103	16672	0	17148
25598	147	33	15809	291	0	16280
25599	84	31	16559	118	0	16792
25600	62	17873	332	43	0	18310
25601	18123	335	122	65	0	18645
25602	18996	131	54	58	0	19239
25603	513	20945	37	41	0	21536
25604	210	522	33	24095	0	24860
25605	25492	224	32	711	0	26459
25606	859	129	25767	322	0	27077
25607	420	25352	765	153	0	26690
25608	24876	811	364	143	0	26194
25609	872	25548	154	122	0	26696
25610	481	927	126	23970	0	25504
25611	233	25798	88	678	0	26797
25612	243	1007	71	24489	0	25810
25613	189	24984	72	810	0	26055
25614	131	26239	70	437	0	26877
25615	24900	1275	51	243	0	26469
25616	25868	625	66	196	0	26755
25617	1229	386	25065	148	0	26828
25618	607	296	24608	134	0	25645
25619	369	283	25498	127	0	26277
25620	313	223	1282	24981	0	26799
25621	223	266	25819	865	0	27173
25622	216	238	1099	25081	0	26634
25623	221	238	603	25264	0	26326
25624	173	25295	310	1270	0	27048
25625	25222	972	248	654	0	27096
25626	938	25647	206	398	0	27189
25627	513	1064	204	25938	0	27719
25628	320	636	208	26415	0	27579
25629	305	372	192	26754	0	27623
25630	300	286	25880	1459	0	27925
25631	281	256	1019	25887	0	27443
25632	255	234	569	26457	0	27515
25633	252	236	322	27087	0	27897
25634	208	266	25221	1568	0	27263
25635	178	25013	968	921	0	27080
25636	24592	1057	515	644	0	26808
25637	24076	616	260	594	0	25546
25638	1237	25132	263	487	0	27119
25639	635	1156	206	24901	0	26898
25640	449	664	197	25968	0	27278
25641	370	435	24843	1479	0	27127
25642	299	24655	992	861	0	26807
25643	287	1042	578	25172	0	27079
25644	265	577	25062	1297	0	27201
25645	241	400	1111	24953	0	26705
25646	252	356	608	25185	0	26401
25647	235	350	24786	1642	0	27013
25648	258	336	1091	24676	0	26361
25649	310	316	641	24697	0	25964
25650	287	328	24711	1646	0	26972
25651	293	275	1160	24951	0	26679
25652	262	338	688	24221	0	25509
25653	235	243	419	26105	0	27002
25654	170	247	24696	1829	0	26942
25655	151	215	1143	25292	0	26801
25656	24102	218	690	1694	0	26704
25657	24369	220	452	1138	0	26179
25658	1235	24350	459	814	0	26858
25659	24949	987	369	761	0	27066
25660	1177	550	25425	735	0	27887
25661	714	315	1056	25704	0	27789
25662	403	282	688	26283	0	27656
25663	369	302	402	27121	0	28194
25664	25027	242	372	1838	0	27479
25665	979	24903	311	1215	0	27408
25666	571	954	281	23684	0	25490
25667	338	24632	301	1364	0	26635
25668	24071	1063	288	952	0	26374
25669	981	24560	283	704	0	26528
25670	24090	1123	258	685	0	26156
25671	1090	23616	273	620	0	25599
25672	677	23890	293	604	0	25464
25673	445	1296	272	23484	0	25497
25674	373	681	252	23898	0	25204
25675	316	478	314	23947	0	25055
25676	241	437	255	24047	0	24980
25677	266	363	22525	1794	0	24948
25678	274	22304	900	1151	0	24629
25679	264	1020	506	21587	0	23377
25680	249	22518	325	1334	0	24426
25681	283	1090	22263	894	0	24530
25682	280	697	953	22016	0	23946
25683	275	480	527	23460	0	24742
25684	259	406	22434	1561	0	24660
25685	261	21892	1022	1002	0	24177
25686	210	983	599	22272	0	24064
25687	199	577	21817	1471	0	24064
25688	157	21613	1073	1034	0	23877
25689	178	1010	591	21643	0	23422
25690	193	616	21183	1388	0	23380
25691	193	422	20761	928	0	22304
25692	236	20048	1199	694	0	22177
25693	193	22166	585	616	0	23560
25694	214	1255	477	22347	0	24293
25695	207	748	379	24090	0	25424
25696	184	513	23125	1584	0	25406
25697	21988	457	1016	1008	0	24469
25698	22894	379	600	786	0	24659
25699	1205	362	22329	662	0	24558
25700	624	20968	983	551	0	23126
25701	382	21163	600	514	0	22659
25702	282	20545	333	478	0	21638
25703	284	16073	406	507	0	17270
25704	357	925	276	14966	0	16524
25705	76	225	77	17952	0	18330
25706	40	142	35	18015	0	18232
25707	41	99	37	18108	0	18285
25708	30	17782	36	1019	0	18867
25709	51	633	40	17930	0	18654
25710	31	18079	31	885	0	19026
25711	31	764	50	18433	0	19278
25712	17896	378	46	870	0	19190
25713	615	240	31	18213	0	19099
25714	308	17992	43	907	0	19250
25715	202	710	47	18612	0	19571
25716	102	390	30	19290	0	19812
25717	82	238	40	19435	0	19795
25718	18005	206	39	1407	0	19657
25719	660	234	41	18948	0	19883
25720	329	214	17924	1209	0	19676
25721	214	18487	615	734	0	20050
25722	153	798	301	19241	0	20493
25723	199	464	171	20070	0	20904
25724	152	317	103	20535	0	21107
25725	19061	279	80	1516	0	20936
25726	793	238	18525	968	0	20524
25727	462	204	672	17947	0	19285
25728	284	18404	341	1142	0	20171
25729	247	837	203	18957	0	20244
25730	17279	508	108	1309	0	19204
25731	690	18200	154	880	0	19924
25732	391	924	94	18485	0	19894
25733	256	505	80	18835	0	19676
25734	149	18108	85	1579	0	19921
25735	167	862	87	19047	0	20163
25736	217	483	97	19484	0	20281
25737	166	375	17932	1565	0	20038
25738	137	18013	724	1097	0	19971
25739	17989	982	376	837	0	20184
25740	813	575	17936	753	0	20077
25741	17845	424	778	716	0	19763
25742	1013	354	18011	713	0	20091
25743	549	305	898	18317	0	20069
25744	17832	283	479	1484	0	20078
25745	895	356	290	18734	0	20275
25746	18238	333	206	1602	0	20379
25747	18674	321	181	1123	0	20299
25748	18561	366	224	853	0	20004
25749	1324	18203	195	757	0	20479
25750	862	936	200	18290	0	20288
25751	545	575	248	19032	0	20400
25752	473	395	221	19281	0	20370
25753	380	297	17930	1786	0	20393
25754	367	266	872	18995	0	20500
25755	18179	242	538	1577	0	20536
25756	18853	246	361	1122	0	20582
25757	1451	215	17993	864	0	20523
25758	18537	276	900	697	0	20410
25759	19130	298	522	653	0	20603
25760	1474	338	357	17663	0	19832
25761	17657	283	227	1467	0	19634
25762	18007	261	223	1159	0	19650
25763	1483	262	205	17745	0	19695
25764	17725	225	302	1438	0	19690
25765	17996	266	283	1077	0	19622
25766	1587	307	273	17456	0	19623
25767	1093	366	13029	1389	0	15877
25768	16548	310	741	951	0	18550
25769	1370	285	16929	773	0	19357
25770	1002	213	17199	722	0	19136
25771	796	16812	1208	754	0	19570
25772	748	815	705	16891	0	19159
25773	778	492	427	17762	0	19459
25774	726	308	327	17791	0	19152
25775	780	249	16921	1699	0	19649
25776	824	228	16972	1109	0	19133
25777	697	16880	1241	868	0	19686
25778	712	843	753	16693	0	19001
25779	731	458	533	17682	0	19404
25780	611	301	482	18240	0	19634
25781	631	215	16943	1773	0	19562
25782	583	16606	1046	1219	0	19454
25783	590	808	655	17155	0	19208
25784	604	477	17105	1405	0	19591
25785	628	321	17251	1046	0	19246
25786	16877	264	1369	771	0	19281
25787	17238	259	899	685	0	19081
25788	17817	292	557	721	0	19387
25789	1543	244	440	16732	0	18959
25790	988	201	16428	1439	0	19056
25791	711	15910	998	1103	0	18722
25792	581	17032	754	907	0	19274
25793	624	977	14991	637	0	17229
25794	652	836	917	13200	0	15605
25795	517	364	711	12238	0	13830
25796	543	11856	527	1007	0	13933
25797	559	12793	396	680	0	14428
25798	12549	768	345	549	0	14211
25799	13021	428	315	454	0	14218
25800	13281	245	315	512	0	14353
25801	13135	209	347	464	0	14155
25802	12511	264	296	420	0	13491
25803	1210	11550	300	452	0	13512
25804	506	8951	197	267	0	9921
25805	208	7260	148	173	0	7789
25806	7033	275	282	159	0	7749
25807	351	155	158	6772	0	7436
25808	174	72	73	6611	0	6930
25809	6443	46	109	291	0	6889
25810	224	6348	114	195	0	6881
25811	170	174	99	6482	0	6925
25812	147	114	86	6576	0	6923
25813	137	62	99	6686	0	6984
25814	6424	48	93	287	0	6852
25815	262	51	75	6576	0	6964
25816	178	42	6225	247	0	6692
25817	6008	56	173	150	0	6387
25818	274	61	83	6191	0	6609
25819	143	36	6245	208	0	6632
25820	137	6024	181	132	0	6474
25821	93	5708	75	66	0	5942
25822	5347	170	177	63	0	5757
25823	5394	59	48	64	0	5565
25824	136	5560	18	32	0	5746
25825	71	100	24	5963	0	6158
25826	6310	30	21	174	0	6535
25827	164	18	18	6665	0	6865
25828	67	14	17	6988	0	7086
25829	54	11	18	7050	0	7133
25830	45	7	18	7039	0	7109
25831	25	6773	30	301	0	7129
25832	35	173	20	6963	0	7191
25833	31	61	26	7020	0	7138
25834	31	50	21	7057	0	7159
25835	34	40	6624	307	0	7005
25836	19	6605	184	178	0	6986
25837	21	190	66	6760	0	7037
25838	16	71	6581	251	0	6919
25839	28	52	6230	129	0	6439
25840	29	6554	235	90	0	6908
25841	6547	200	107	82	0	6936
25842	187	74	72	6672	0	7005
25843	6636	60	54	234	0	6984
25844	218	6788	33	102	0	7141
25845	77	223	25	6917	0	7242
25846	6606	77	18	266	0	6967
25847	6872	60	23	118	0	7073
25848	254	48	20	6757	0	7079
25849	119	35	31	6788	0	6973
25850	92	46	6638	271	0	7047
25851	68	27	192	6627	0	6914
25852	62	31	77	6939	0	7109
25853	6658	33	67	297	0	7055
25854	208	6622	40	165	0	7035
25855	86	194	6554	122	0	6956
25856	6287	61	180	103	0	6631
25857	232	6636	61	71	0	7000
25858	98	207	45	6698	0	7048
25859	6623	66	33	245	0	6967
25860	231	63	30	6563	0	6887
25861	95	41	28	6683	0	6847
25862	80	29	6455	316	0	6880
25863	55	35	183	6567	0	6840
25864	6507	21	79	318	0	6925
25865	217	27	60	6606	0	6910
25866	6400	29	44	316	0	6789
25867	249	6153	40	158	0	6600
25868	110	6549	29	138	0	6826
25869	83	236	35	6570	0	6924
25870	82	104	25	6683	0	6894
25871	6248	96	23	314	0	6681
25872	212	6274	26	178	0	6690
25873	6369	226	19	142	0	6756
25874	6483	81	26	136	0	6726
25875	281	72	25	6397	0	6775
25876	6432	56	40	260	0	6788
25877	283	43	6100	142	0	6568
25878	154	39	195	6212	0	6600
25879	113	42	6259	281	0	6695
25880	102	36	226	6337	0	6701
25881	6209	48	86	292	0	6635
25882	6405	47	75	169	0	6696
25883	269	6302	59	139	0	6769
25884	144	210	30	6356	0	6740
25885	148	75	26	6433	0	6682
25886	106	6329	27	308	0	6770
25887	87	229	28	6572	0	6916
25888	86	87	24	6668	0	6865
25889	45	6512	27	356	0	6940
25890	6417	224	27	209	0	6877
25891	6583	89	39	164	0	6875
25892	276	85	26	6465	0	6852
25893	149	64	37	6601	0	6851
25894	117	53	6378	330	0	6878
25895	128	57	194	6264	0	6643
25896	98	6227	71	308	0	6704
25897	6394	224	65	192	0	6875
25898	234	88	52	6448	0	6822
25899	104	88	44	6426	0	6662
25900	6203	70	25	336	0	6634
25901	268	6150	21	195	0	6634
25902	124	219	18	6431	0	6792
25903	118	90	28	6384	0	6620
25904	101	6173	29	358	0	6661
25905	6260	246	32	184	0	6722
25906	256	94	6100	161	0	6611
25907	102	78	6261	153	0	6594
25908	106	70	252	6299	0	6727
25909	91	54	6394	283	0	6822
25910	6180	65	257	134	0	6636
25911	280	39	88	6412	0	6819
25912	116	46	6499	306	0	6967
25913	125	38	6462	162	0	6787
25914	99	6579	237	138	0	7053
25915	6606	212	115	107	0	7040
25916	234	6685	92	107	0	7118
25917	6746	220	56	108	0	7130
25918	6806	115	47	87	0	7055
25919	285	6576	41	77	0	6979
25920	6692	211	47	86	0	7036
25921	6699	84	50	78	0	6911
25922	296	87	6590	76	0	7049
25923	181	226	182	6159	0	6748
25924	137	6029	69	175	0	6410
25925	57	5878	49	64	0	6048
25926	81	252	55	5359	0	5747
25927	5104	51	39	150	0	5344
25928	80	40	10	5079	0	5209
25929	43	16	7	5312	0	5378
25930	39	11	8	5412	0	5470
25931	20	5651	15	136	0	5822
25932	25	105	8	6103	0	6241
25933	29	42	6411	150	0	6632
25934	6045	33	146	67	0	6291
25935	6605	19	46	44	0	6714
25936	200	6405	21	34	0	6660
25937	6601	166	16	23	0	6806
25938	199	51	7	6771	0	7028
25939	79	26	6647	175	0	6927
25940	6401	25	156	65	0	6647
25941	182	6738	44	50	0	7014
25942	61	161	21	6806	0	7049
25943	7018	59	14	171	0	7262
25944	177	6908	10	68	0	7163
25945	64	7112	11	40	0	7227
25946	7115	211	12	43	0	7381
25947	197	76	6929	31	0	7233
25948	6992	44	165	32	0	7233
25949	205	36	51	7014	0	7306
25950	88	25	24	7174	0	7311
25951	54	23	6963	215	0	7255
25952	58	20	6888	83	0	7049
25953	49	21	216	7033	0	7319
25954	40	28	6946	200	0	7214
25955	53	28	7002	83	0	7166
25956	39	28	231	6913	0	7211
25957	43	26	84	7182	0	7335
25958	7142	28	49	224	0	7443
25959	198	29	42	7165	0	7434
25960	7176	27	32	218	0	7453
25961	212	7174	28	102	0	7516
25962	101	178	27	7533	0	7839
25963	62	81	7765	202	0	8110
25964	7668	56	186	99	0	8009
25965	8122	35	64	67	0	8288
25966	8199	26	54	61	0	8340
25967	8075	24	49	47	0	8195
25968	8013	29	34	61	0	8137
25969	267	25	37	7834	0	8163
25970	127	18	7632	203	0	7980
25971	80	11	7558	108	0	7757
25972	67	15	7808	73	0	7963
25973	7449	22	256	69	0	7796
25974	8019	26	105	63	0	8213
25975	279	19	75	7649	0	8022
25976	118	7936	56	201	0	8311
25977	103	196	46	8136	0	8481
25978	81	95	8048	237	0	8461
25979	79	42	7900	117	0	8138
25980	7567	32	266	77	0	7942
25981	258	32	8463	61	0	8814
25982	138	23	233	8405	0	8799
25983	8729	25	110	242	0	9106
25984	8234	32	64	138	0	8468
25985	9089	20	57	60	0	9226
25986	9128	26	46	63	0	9263
25987	374	23	8707	49	0	9153
25988	8458	28	248	53	0	8787
25989	306	8761	109	52	0	9228
25990	159	219	70	8969	0	9417
25991	106	84	8924	255	0	9369
25992	99	44	261	8868	0	9272
25993	94	36	9107	284	0	9521
25994	79	35	286	8919	0	9319
25995	64	39	132	9233	0	9468
25996	88	24	8966	347	0	9425
25997	85	22	280	8918	0	9305
25998	9143	30	126	313	0	9612
25999	302	20	73	9245	0	9640
26000	144	38	58	9380	0	9620
26001	9217	25	66	360	0	9668
26002	304	9160	63	160	0	9687
26003	9361	243	63	90	0	9757
26004	293	9440	54	92	0	9879
26005	9660	250	60	83	0	10053
26006	319	98	9613	71	0	10101
26007	173	49	254	9496	0	9972
26008	101	35	117	9739	0	9992
26009	9517	30	68	367	0	9982
26010	294	9330	81	151	0	9856
26011	144	236	70	9267	0	9717
26012	92	93	56	9457	0	9698
26013	80	8966	69	451	0	9566
26014	9008	241	63	157	0	9469
26015	269	8996	51	134	0	9450
26016	124	238	59	8988	0	9409
26017	107	82	50	8936	0	9175
26018	69	8753	48	315	0	9185
26019	8722	238	45	155	0	9160
26020	282	92	8592	97	0	9063
26021	8321	44	236	97	0	8698
26022	278	8538	101	68	0	8985
26023	137	234	57	8679	0	9107
26024	8768	81	51	289	0	9189
26025	302	45	52	8752	0	9151
26026	166	38	33	8895	0	9132
26027	8729	47	32	345	0	9153
26028	286	8465	34	148	0	8933
26029	114	8670	45	76	0	8905
26030	8539	224	35	89	0	8887
26031	248	73	8338	62	0	8721
26032	99	7905	179	48	0	8231
26033	71	185	57	7869	0	8182
26034	36	61	8836	145	0	9078
26035	31	26	221	8598	0	8876
26036	8789	27	86	242	0	9144
26037	205	8903	30	106	0	9244
26038	108	214	28	8344	0	8694
26039	44	8811	26	194	0	9075
26040	8863	243	16	81	0	9203
26041	9072	105	14	53	0	9244
26042	316	9058	15	53	0	9442
26043	111	235	24	8766	0	9136
26044	67	9119	12	221	0	9419
26045	9235	273	19	93	0	9620
26046	9449	121	22	63	0	9655
26047	365	52	15	9238	0	9670
26048	157	58	17	9428	0	9660
26049	88	51	9049	358	0	9546
26050	8186	28	249	192	0	8655
26051	299	43	9106	81	0	9529
26052	140	34	273	8982	0	9429
26053	8982	30	131	293	0	9436
26054	293	9236	48	144	0	9721
26055	8811	279	39	111	0	9240
26056	311	122	8443	89	0	8965
26057	8639	64	214	76	0	8993
26058	324	9189	86	71	0	9670
26059	9337	273	51	81	0	9742
26060	324	9541	38	65	0	9968
26061	168	312	43	9356	0	9879
26062	89	158	8969	292	0	9508
26063	83	83	8590	141	0	8897
26064	87	72	329	8599	0	9087
26065	90	66	8793	306	0	9255
26066	83	52	309	8784	0	9228
26067	80	49	136	8757	0	9022
26068	57	64	8929	416	0	9466
26069	7646	44	296	212	0	8198
26070	8867	64	131	113	0	9175
26071	386	8724	58	109	0	9277
26072	8759	279	78	74	0	9190
26073	330	118	53	8737	0	9238
26074	191	69	8948	282	0	9490
26075	109	64	285	8926	0	9384
26076	91	37	122	9214	0	9464
26077	8819	42	69	383	0	9313
26078	275	8622	49	191	0	9137
26079	152	8818	40	100	0	9110
26080	88	304	44	8806	0	9242
26081	102	135	34	8543	0	8814
26082	78	8439	40	314	0	8871
26083	72	264	33	8308	0	8677
26084	70	125	44	8253	0	8492
26085	40	8011	35	384	0	8470
26086	8023	220	50	175	0	8468
26087	231	109	44	7999	0	8383
26088	123	8018	40	272	0	8453
26089	85	239	33	8065	0	8422
26090	7884	118	39	288	0	8329
26091	235	7883	27	175	0	8320
26092	8049	243	30	107	0	8429
26093	8110	130	19	100	0	8359
26094	335	76	23	8128	0	8562
26095	8316	84	19	270	0	8689
26096	8487	68	25	149	0	8729
26097	8476	54	21	106	0	8657
26098	8486	52	33	91	0	8662
26099	365	48	27	8322	0	8762
26100	187	54	25	8490	0	8756
26101	126	44	8283	359	0	8812
26102	109	47	220	8447	0	8823
26103	94	48	108	8616	0	8866
26104	86	48	8293	395	0	8822
26105	8089	37	251	200	0	8577
26106	300	43	106	8471	0	8920
26107	170	42	8521	327	0	9060
26108	8184	29	280	213	0	8706
26109	348	51	9461	105	0	9965
26110	191	9632	328	119	0	10270
26111	112	10354	150	104	0	10720
26112	108	386	81	10963	0	11538
26113	87	163	12232	408	0	12890
26114	12105	89	403	215	0	12812
26115	13312	66	151	162	0	13691
26116	584	51	12924	114	0	13673
26117	13031	37	428	121	0	13617
26118	13461	35	194	115	0	13805
26119	576	13349	127	84	0	14136
26120	13511	400	89	94	0	14094
26121	517	158	88	13308	0	14071
26122	236	100	13365	436	0	14137
26123	155	95	408	12475	0	13133
26124	112	13310	186	404	0	14012
26125	134	14005	120	200	0	14459
26126	13857	498	102	129	0	14586
26127	13879	195	97	115	0	14286
26128	13883	128	113	90	0	14214
26129	642	117	87	13499	0	14345
26130	323	104	91	13136	0	13654
26131	205	13332	101	558	0	14196
26132	13345	430	99	291	0	14165
26133	543	13491	139	198	0	14371
26134	12435	340	103	107	0	12985
26135	491	12412	102	84	0	13089
26136	12475	365	127	87	0	13054
26137	12205	157	90	78	0	12530
26138	607	136	77	11890	0	12710
26139	349	12350	75	320	0	13094
26140	279	329	11613	195	0	12416
26141	11167	151	294	205	0	11817
26142	392	11437	144	140	0	12113
26143	212	350	11791	139	0	12492
26144	186	209	11966	98	0	12459
26145	193	171	313	11395	0	12072
26146	213	122	101	11165	0	11601
26147	217	11918	55	302	0	12492
26148	12377	332	22	178	0	12909
26149	419	163	28	12004	0	12614
26150	248	12347	38	317	0	12950
26151	224	13150	40	153	0	13567
26152	210	386	12721	115	0	13432
26153	174	229	12685	114	0	13202
26154	12364	179	309	105	0	12957
26155	423	173	12902	84	0	13582
26156	290	129	309	12565	0	13293
26157	219	133	117	13018	0	13487
26158	162	155	12875	381	0	13573
26159	190	149	297	12504	0	13140
26160	183	140	177	11846	0	12346
26161	12602	126	117	394	0	13239
26162	12917	157	148	183	0	13405
26163	376	113	200	12630	0	13319
26164	197	12329	186	346	0	13058
26165	143	13085	163	198	0	13589
26166	13088	362	135	180	0	13765
26167	379	199	13089	159	0	13826
26168	201	118	342	13010	0	13671
26169	13403	147	160	422	0	14132
26170	13581	165	142	220	0	14108
26171	441	173	137	13405	0	14156
26172	225	147	13418	377	0	14167
26173	219	167	12524	186	0	13096
26174	12214	135	449	205	0	13003
26175	12993	143	279	176	0	13591
26176	469	12977	191	195	0	13832
26177	288	13453	205	210	0	14156
26178	13787	365	213	250	0	14615
26179	14135	156	161	277	0	14729
26180	531	153	141	14185	0	15010
26181	387	107	118	14460	0	15072
26182	330	124	140	14747	0	15341
26183	14547	157	158	502	0	15364
26184	575	161	133	14487	0	15356
26185	374	165	14423	417	0	15379
26186	14144	164	354	240	0	14902
26187	513	201	171	14489	0	15374
26188	350	176	14569	416	0	15511
26189	13997	163	334	252	0	14746
26190	13003	191	179	255	0	13628
26191	458	14723	172	267	0	15620
26192	316	15323	205	199	0	16043
26193	319	416	14162	204	0	15101
26194	14403	227	320	189	0	15139
26195	541	15296	181	165	0	16183
26196	365	429	14237	182	0	15213
26197	14206	230	309	221	0	14966
26198	582	15551	108	218	0	16459
26199	314	418	15347	239	0	16318
26200	14708	199	325	264	0	15496
26201	515	15462	112	232	0	16321
26202	330	347	96	15337	0	16110
26203	15317	162	114	430	0	16023
26204	455	15157	115	286	0	16013
26205	250	375	156	15040	0	15821
26206	14980	117	141	402	0	15640
26207	407	78	14838	237	0	15560
26208	201	14306	335	182	0	15024
26209	192	255	13923	116	0	14486
26210	128	199	301	13212	0	13840
26211	109	90	13271	252	0	13722
26212	98	12196	241	105	0	12640
26213	58	11221	70	32	0	11381
26214	71	136	48	10935	0	11190
26215	31	32	37	10244	0	10344
26216	18	24	15	10612	0	10669
26217	27	24	10820	129	0	11000
26218	32	16	114	10743	0	10905
26219	10684	15	33	144	0	10876
26220	10457	14	15	65	0	10551
26221	148	32	10944	36	0	11160
26222	40	10725	115	48	0	10928
26223	10760	111	26	42	0	10939
26224	113	10708	27	36	0	10884
26225	10733	120	26	49	0	10928
26226	10716	28	26	47	0	10817
26227	150	28	10627	34	0	10839
26228	54	10849	119	29	0	11051
26229	57	107	40	10943	0	11147
26230	38	38	10928	127	0	11131
26231	10213	29	125	53	0	10420
26232	137	27	38	10786	0	10988
26233	55	31	10681	109	0	10876
26234	9742	28	116	57	0	9943
26235	143	32	10892	41	0	11108
26236	53	28	135	10654	0	10870
26237	10897	17	47	154	0	11115
26238	152	11254	29	51	0	11486
26239	63	140	11418	40	0	11661
26240	11087	36	143	65	0	11331
26241	12331	22	55	55	0	12463
26242	211	12637	49	33	0	12930
26243	103	178	33	12757	0	13071
26244	70	71	29	12700	0	12870
26245	12466	57	29	246	0	12798
26246	215	36	31	12563	0	12845
26247	104	30	12549	217	0	12900
26248	74	31	181	12213	0	12499
26249	12206	27	73	249	0	12555
26250	196	11917	52	119	0	12284
26251	101	197	27	11311	0	11636
26252	56	11642	39	191	0	11928
26253	11756	230	30	89	0	12105
26254	224	78	31	12394	0	12727
26255	105	51	30	12569	0	12755
26256	60	12572	28	348	0	13008
26257	53	295	12358	133	0	12839
26258	48	111	274	12002	0	12435
26259	47	56	109	12547	0	12759
26260	64	41	49	12414	0	12568
26261	48	12246	32	387	0	12713
26262	32	266	12154	156	0	12608
26263	42	112	12177	111	0	12442
26264	12012	64	371	80	0	12527
26265	12650	39	148	76	0	12913
26266	384	37	12693	56	0	13170
26267	12142	35	293	85	0	12555
26268	344	28	12909	57	0	13338
26269	12108	32	318	71	0	12529
26270	325	12787	156	62	0	13330
26271	13058	292	76	76	0	13502
26272	371	123	13184	53	0	13731
26273	155	72	13544	52	0	13823
26274	91	43	434	14708	0	15276
26275	15220	36	168	496	0	15920
26276	511	16131	106	166	0	16914
26277	197	533	18033	93	0	18856
26278	151	147	716	17947	0	18961
26279	123	77	230	19129	0	19559
26280	18414	49	133	899	0	19495
26281	18901	55	88	292	0	19336
26282	930	67	63	18421	0	19481
26283	18618	67	86	790	0	19561
26284	870	57	18223	270	0	19420
26285	317	48	735	17992	0	19092
26286	189	42	243	19052	0	19526
26287	18475	66	133	946	0	19620
26288	18726	57	85	372	0	19240
26289	965	55	74	18278	0	19372
26290	18318	61	98	836	0	19313
26291	875	54	17634	336	0	18899
26292	310	17352	725	250	0	18637
26293	216	665	17604	188	0	18673
26294	226	224	761	17800	0	19011
26295	17477	99	247	813	0	18636
26296	787	17383	155	319	0	18644
26297	320	699	132	17106	0	18257
26298	220	229	128	16957	0	17534
26299	159	17137	121	894	0	18311
26300	163	731	105	17466	0	18465
26301	223	243	113	17738	0	18317
26302	204	154	98	18059	0	18515
26303	171	108	116	17971	0	18366
26304	200	76	109	17754	0	18139
26305	173	16921	129	1094	0	18317
26306	170	729	117	17468	0	18484
26307	222	244	125	17772	0	18363
26308	207	131	16724	1095	0	18157
26309	178	16608	751	527	0	18064
26310	199	746	257	16966	0	18168
26311	202	252	174	17344	0	17972
26312	215	154	142	17190	0	17701
26313	182	16444	130	1146	0	17902
26314	222	700	16527	569	0	18018
26315	220	267	752	17031	0	18270
26316	191	179	16805	1023	0	18198
26317	208	124	16630	530	0	17492
26318	194	131	947	16578	0	17850
26319	16672	155	370	1016	0	18213
26320	831	130	253	16830	0	18044
26321	368	110	187	16749	0	17414
26322	237	16714	172	1109	0	18232
26323	221	750	157	17417	0	18545
26324	227	268	125	17932	0	18552
26325	186	164	17310	1238	0	18898
26326	191	17259	772	597	0	18819
26327	156	764	341	17794	0	19055
26328	17020	302	217	1073	0	18612
26329	769	206	17148	573	0	18696
26330	328	173	814	17260	0	18575
26331	214	150	348	18051	0	18763
26332	17074	188	188	1241	0	18691
26333	797	17017	170	697	0	18681
26334	16783	748	138	591	0	18260
26335	789	16833	148	524	0	18294
26336	349	810	152	17039	0	18350
26337	16512	326	136	1136	0	18110
26338	831	193	16344	657	0	18025
26339	337	15839	766	510	0	17452
26340	252	16430	368	483	0	17533
26341	15216	859	219	442	0	16736
26342	746	287	222	14848	0	16103
26343	336	14670	155	991	0	16152
26344	262	15489	178	571	0	16500
26345	255	837	118	15315	0	16525
26346	245	357	139	15895	0	16636
26347	14967	244	154	1128	0	16493
26348	740	14919	166	620	0	16445
26349	318	766	186	15133	0	16403
26350	243	337	14774	939	0	16293
26351	227	14825	735	566	0	16353
26352	189	753	14711	478	0	16131
26353	214	14895	741	423	0	16273
26354	234	769	298	14271	0	15572
26355	208	281	143	14217	0	14849
26356	182	14041	144	895	0	15262
26357	161	704	14048	491	0	15404
26358	13821	326	593	428	0	15168
26359	615	257	232	14759	0	15863
26360	260	232	160	15249	0	15901
26361	176	234	14665	965	0	16040
26362	160	289	625	14860	0	15934
26363	117	230	14731	933	0	16011
26364	166	225	646	14803	0	15840
26365	114	219	15071	895	0	16299
26366	100	14984	650	545	0	16279
26367	100	729	15333	441	0	16603
26368	148	310	633	15481	0	16572
26369	15123	246	217	950	0	16536
26370	622	14973	175	510	0	16280
26371	250	739	186	15034	0	16209
26372	181	321	14654	846	0	16002
26373	142	14793	711	465	0	16111
26374	122	553	240	13292	0	14207
26375	105	266	13264	569	0	14204
26376	51	11882	429	255	0	12617
26377	9611	313	203	141	0	10268
26378	9157	75	78	57	0	9367
26379	215	57	29	9183	0	9484
26380	9239	23	34	201	0	9497
26381	197	31	28	9148	0	9404
26382	75	29	31	9335	0	9470
26383	50	19	9621	248	0	9938
26384	48	25	180	9365	0	9618
26385	33	36	64	9711	0	9844
26386	9498	28	46	258	0	9830
26387	9296	22	40	116	0	9474
26388	210	9445	28	73	0	9756
26389	95	173	9522	56	0	9846
26390	61	84	168	9448	0	9761
26391	42	51	9403	184	0	9680
26392	8443	34	186	98	0	8761
26393	199	16	9167	63	0	9445
26394	81	13	160	8840	0	9094
26395	48	8972	67	157	0	9244
26396	34	144	44	9026	0	9248
26397	25	57	36	9058	0	9176
26398	33	29	9281	220	0	9563
26399	30	23	158	9189	0	9400
26400	9108	20	62	234	0	9424
26401	9189	14	57	103	0	9363
26402	9214	17	39	81	0	9351
26403	9249	33	37	68	0	9387
26404	221	8969	51	51	0	9292
26405	83	9074	45	60	0	9262
26406	87	176	48	8108	0	8419
26407	59	88	39	8942	0	9128
26408	41	8612	37	208	0	8898
26409	30	153	32	9196	0	9411
26410	24	87	40	9192	0	9343
26411	29	47	35	9178	0	9289
26412	46	31	40	9142	0	9259
26413	48	33	42	9295	0	9418
26414	9017	33	36	261	0	9347
26415	182	8840	19	138	0	9179
26416	97	160	8708	83	0	9048
26417	74	83	149	8684	0	8990
26418	54	47	77	8949	0	9127
26419	36	45	53	8734	0	8868
26420	8679	55	43	266	0	9043
26421	176	9691	37	157	0	10061
26422	104	234	45	9723	0	10106
26423	57	10094	38	351	0	10540
26424	71	377	28	9904	0	10380
26425	51	9877	36	440	0	10404
26426	55	392	10491	209	0	11147
26427	48	168	409	11133	0	11758
26428	45	92	13561	493	0	14191
26429	60	58	640	13620	0	14378
26430	64	59	219	15064	0	15406
26431	14611	52	142	882	0	15687
26432	14909	52	79	378	0	15418
26433	15320	58	72	237	0	15687
26434	15329	65	58	178	0	15630
26435	15503	58	66	148	0	15775
26436	955	54	56	14272	0	15337
26437	356	14651	71	702	0	15780
26438	221	660	60	14589	0	15530
26439	153	225	14089	802	0	15269
26440	13873	144	631	340	0	14988
26441	14929	82	215	247	0	15473
26442	917	56	133	14443	0	15549
26443	393	74	85	14537	0	15089
26444	254	13903	64	893	0	15114
26445	205	619	54	14418	0	15296
26446	189	223	59	14493	0	14964
26447	179	13935	44	937	0	15095
26448	160	672	56	14576	0	15464
26449	13340	249	42	946	0	14577
26450	687	177	13775	390	0	15029
26451	13486	109	667	325	0	14587
26452	811	92	13835	266	0	15004
26453	339	84	751	13604	0	14778
26454	235	77	271	13539	0	14122
26455	175	13112	163	927	0	14377
26456	164	14071	97	429	0	14761
26457	184	833	87	13230	0	14334
26458	173	297	13263	845	0	14578
26459	12679	182	659	337	0	13857
26460	733	116	220	12864	0	13933
26461	289	12809	193	768	0	14059
26462	261	650	93	13154	0	14158
26463	223	247	74	13220	0	13764
26464	213	12621	89	937	0	13860
26465	250	644	63	12240	0	13197
26466	222	215	11337	758	0	12532
26467	178	134	11424	339	0	12075
26468	194	134	663	10394	0	11385
26469	108	11065	226	626	0	12025
26470	100	634	154	11278	0	12166
26471	11168	229	84	773	0	12254
26472	11556	161	98	330	0	12145
26473	11055	101	75	263	0	11494
26474	793	10777	61	216	0	11847
26475	286	578	10684	224	0	11772
26476	10604	236	547	253	0	11640
26477	11175	192	216	225	0	11808
26478	697	10794	156	253	0	11900
26479	292	600	100	10894	0	11886
26480	10854	274	106	686	0	11920
26481	11199	191	101	346	0	11837
26482	11451	114	100	263	0	11928
26483	882	113	168	10414	0	11577
26484	10697	100	131	739	0	11667
26485	790	92	137	10582	0	11601
26486	399	121	117	11115	0	11752
26487	10639	123	86	946	0	11794
26488	762	154	86	10692	0	11694
26489	10539	191	102	837	0	11669
26490	857	103	99	10599	0	11658
26491	463	114	138	11061	0	11776
26492	10441	166	94	970	0	11671
26493	852	107	10105	577	0	11641
26494	475	152	599	10521	0	11747
26495	424	128	240	10856	0	11648
26496	400	128	155	10830	0	11513
26497	338	144	129	11061	0	11672
26498	348	120	111	10508	0	11087
26499	325	9923	125	1029	0	11402
26500	316	611	159	10368	0	11454
26501	343	261	9960	940	0	11504
26502	336	224	600	10383	0	11543
26503	335	171	222	10713	0	11441
26504	353	138	140	11046	0	11677
26505	304	166	10092	1106	0	11668
26506	277	174	10319	618	0	11388
26507	10069	175	761	468	0	11473
26508	10449	147	364	455	0	11415
26509	903	10522	219	421	0	12065
26510	476	671	149	10907	0	12203
26511	324	325	123	11629	0	12401
26512	278	214	144	11898	0	12534
26513	11203	182	148	1115	0	12648
26514	11787	140	145	646	0	12718
26515	924	134	142	11517	0	12717
26516	412	183	143	11876	0	12614
26517	353	147	114	12026	0	12640
26518	257	144	162	12112	0	12675
26519	11141	164	150	1189	0	12644
26520	747	134	10772	671	0	12324
26521	292	8898	506	487	0	10183
26522	205	9143	184	394	0	9926
26523	8726	446	102	356	0	9630
26524	445	341	132	8684	0	9602
26525	219	143	8331	621	0	9314
26526	142	132	7529	338	0	8141
26527	108	7722	390	289	0	8509
26528	5402	111	155	109	0	5777
26529	121	30	5314	76	0	5541
26530	4239	43	82	35	0	4399
26531	55	10	16	4475	0	4556
26532	32	6	10	4486	0	4534
26533	15	4392	10	69	0	4486
26534	20	4480	6	30	0	4536
26535	4472	49	8	34	0	4563
26536	4528	12	8	24	0	4572
26537	57	4441	4	24	0	4526
26538	32	28	4413	14	0	4487
26539	12	13	4388	14	0	4427
26540	11	32	41	4462	0	4546
26541	4641	8	21	38	0	4708
26542	28	4558	15	30	0	4631
26543	19	32	7	4790	0	4848
26544	4855	15	8	46	0	4924
26545	41	8	7	4906	0	4962
26546	20	8	7	5133	0	5168
26547	5103	7	7	74	0	5191
26548	55	5045	6	37	0	5143
26549	24	5401	5	26	0	5456
26550	26	65	5608	19	0	5718
26551	19	21	49	5688	0	5777
26552	14	15	24	5652	0	5705
26553	14	9	5874	79	0	5976
26554	5004	10	52	69	0	5135
26555	5332	14	19	36	0	5401
26556	76	5	5847	13	0	5941
26557	4892	7	59	46	0	5004
26558	71	7	6021	15	0	6114
26559	28	6256	67	15	0	6366
26560	29	54	25	6606	0	6714
26561	24	21	13	6832	0	6890
26562	6765	16	14	85	0	6880
26563	6590	12	13	44	0	6659
26564	6629	10	8	30	0	6677
26565	6727	7	9	31	0	6774
26566	6630	11	13	28	0	6682
26567	84	11	6484	25	0	6604
26568	43	6519	55	28	0	6645
26569	34	51	25	6678	0	6788
26570	20	6655	22	53	0	6750
26571	14	6786	16	29	0	6845
26572	21	68	8	6751	0	6848
26573	14	32	11	6825	0	6882
26574	16	27	6656	78	0	6777
26575	6024	10	55	58	0	6147
26576	6681	8	29	26	0	6744
26577	73	6501	18	35	0	6627
26578	6651	50	18	15	0	6734
26579	6778	24	6	30	0	6838
26580	66	11	14	6769	0	6860
26581	36	16	6911	58	0	7021
26582	26	12	6826	29	0	6893
26583	6835	9	52	25	0	6921
26584	7017	14	26	15	0	7072
26585	67	6847	15	12	0	6941
26586	34	7082	6	17	0	7139
26587	20	61	11	7350	0	7442
26588	7332	34	8	57	0	7431
26589	59	23	7409	20	0	7511
26590	36	11	52	7494	0	7593
26591	7750	7	21	69	0	7847
26592	7803	7	18	41	0	7869
26593	82	13	11	7921	0	8027
26594	7947	10	9	71	0	8037
26595	88	16	7632	33	0	7769
26596	37	10	8073	32	0	8152
26597	45	4	78	7885	0	8012
26598	30	15	44	8432	0	8521
26599	24	15	24	8421	0	8484
26600	22	8166	19	84	0	8291
26601	29	8350	14	50	0	8443
26602	32	72	14	8462	0	8580
26603	8470	38	12	84	0	8604
26604	63	23	17	8578	0	8681
26605	35	17	13	8524	0	8589
26606	25	8310	18	96	0	8449
26607	16	8550	14	70	0	8650
26608	23	67	10	8678	0	8778
26609	22	36	15	8270	0	8343
26610	8143	34	4	90	0	8271
26611	78	7852	10	79	0	8019
26612	7979	67	9	43	0	8098
26613	83	32	10	8051	0	8176
26614	37	26	7841	79	0	7983
26615	28	24	7467	60	0	7579
26616	7850	18	78	47	0	7993
26617	71	15	39	8217	0	8342
26618	37	13	28	8236	0	8314
26619	30	13	14	8356	0	8413
26620	31	13	8365	96	0	8505
26621	23	14	62	8353	0	8452
26622	23	8213	30	101	0	8367
26623	22	57	26	8651	0	8756
26624	26	33	19	8640	0	8718
26625	28	8632	18	93	0	8771
26626	28	80	13	8955	0	9076
26627	8614	33	7	137	0	8791
26628	102	8516	15	70	0	8703
26629	8901	122	13	46	0	9082
26630	8969	42	16	50	0	9077
26631	188	41	13	8809	0	9051
26632	90	32	11	8756	0	8889
26633	56	25	7	9079	0	9167
26634	39	20	8668	219	0	8946
26635	27	8327	127	122	0	8603
26636	32	8762	44	76	0	8914
26637	30	155	32	8708	0	8925
26638	8483	64	17	152	0	8716
26639	141	43	13	8482	0	8679
26640	70	22	8515	177	0	8784
26641	48	8160	130	99	0	8437
26642	34	8500	47	74	0	8655
26643	8455	153	30	54	0	8692
26644	8664	69	25	51	0	8809
26645	165	9320	26	40	0	9551
26646	9451	137	12	48	0	9648
26647	172	47	9254	31	0	9504
26648	78	40	9044	39	0	9201
26649	9157	34	176	34	0	9401
26650	9474	29	68	37	0	9608
26651	208	27	45	9341	0	9621
26652	9361	25	26	184	0	9596
26653	219	27	9233	68	0	9547
26654	98	25	9902	59	0	10084
26655	85	27	247	10833	0	11192
26656	61	22	92	12766	0	12941
26657	54	18	61	13265	0	13398
26658	54	18	59	12884	0	13015
26659	63	17	29	14142	0	14251
26660	53	27	13533	641	0	14254
26661	66	22	359	13550	0	13997
26662	13517	20	138	631	0	14306
26663	382	12	121	13852	0	14367
26664	13662	13	82	637	0	14394
26665	490	14	52	13848	0	14404
26666	13988	15	71	653	0	14727
26667	14579	24	76	365	0	15044
26668	578	28	63	14454	0	15123
26669	320	18	69	14829	0	15236
26670	14395	21	43	699	0	15158
26671	14459	21	53	421	0	14954
26672	633	24	14413	378	0	15448
26673	433	32	378	14619	0	15462
26674	330	34	138	15297	0	15799
26675	15050	28	126	671	0	15875
26676	15377	23	79	446	0	15925
26677	682	32	50	15346	0	16110
26678	421	22	91	15574	0	16108
26679	341	17	89	15672	0	16119
26680	280	36	79	15446	0	15841
26681	231	14150	81	841	0	15303
26682	223	14622	65	552	0	15462
26683	201	447	70	14822	0	15540
26684	208	14649	46	696	0	15599
26685	197	477	60	15097	0	15831
26686	146	192	14487	833	0	15658
26687	123	209	13894	528	0	14754
26688	125	14601	458	495	0	15679
26689	162	467	233	14666	0	15528
26690	129	233	14532	688	0	15582
26691	137	223	469	14184	0	15013
26692	128	142	213	14994	0	15477
26693	14282	127	233	792	0	15434
26694	536	105	172	14827	0	15640
26695	275	114	14862	795	0	16046
26696	292	88	14600	498	0	15478
26697	242	14265	564	471	0	15542
26698	211	15650	306	443	0	16610
26699	15975	482	260	398	0	17115
26700	577	240	17206	378	0	18401
26701	326	179	526	17429	0	18460
26702	17650	121	260	728	0	18759
26703	17620	90	260	478	0	18448
26704	657	17708	216	426	0	19007
26705	432	513	186	17362	0	18493
26706	362	206	182	18739	0	19489
26707	282	191	149	18681	0	19303
26708	18170	139	131	936	0	19376
26709	632	115	17836	582	0	19165
26710	337	18239	454	547	0	19577
26711	338	504	200	18482	0	19524
26712	257	234	172	19338	0	20001
26713	209	245	18768	875	0	20097
26714	225	163	489	18620	0	19497
26715	211	184	223	19583	0	20201
26716	201	187	229	19579	0	20196
26717	216	145	185	19602	0	20148
26718	161	145	18721	1120	0	20147
26719	173	137	554	18852	0	19716
26720	154	110	18873	1071	0	20208
26721	172	18643	644	704	0	20163
26722	188	434	314	19379	0	20315
26723	193	190	280	19912	0	20575
26724	199	184	18930	1063	0	20376
26725	212	18529	501	808	0	20050
26726	260	425	298	18988	0	19971
26727	228	210	18861	795	0	20094
26728	207	18467	488	618	0	19780
26729	199	440	285	19019	0	19943
26730	250	214	18916	769	0	20149
26731	264	240	509	18674	0	19687
26732	254	185	256	18503	0	19198
26733	221	134	305	19576	0	20236
26734	19033	167	207	870	0	20277
26735	482	18762	171	674	0	20089
26736	18993	407	191	569	0	20160
26737	574	210	18907	527	0	20218
26738	19146	200	458	611	0	20415
26739	20752	170	229	566	0	21717
26740	588	117	222	20850	0	21777
26741	21112	178	193	783	0	22266
26742	21347	186	166	551	0	22250
26743	21834	189	157	568	0	22748
26744	658	177	154	21562	0	22551
26745	457	157	148	21031	0	21793
26746	306	153	19892	734	0	21085
26747	268	124	18849	556	0	19797
26748	19078	116	476	495	0	20165
26749	461	152	312	20011	0	20936
26750	249	19941	268	589	0	21047
26751	20112	312	240	457	0	21121
26752	421	19778	190	420	0	20809
26753	235	19838	177	425	0	20675
26754	315	397	18430	378	0	19520
26755	180	117	18842	241	0	19380
26756	146	258	282	18742	0	19428
26757	133	80	19851	222	0	20286
26758	50	45	18158	98	0	18351
26759	17253	30	91	91	0	17465
26760	18794	16	45	68	0	18923
26761	72	19	31	18865	0	18987
26762	57	14	21	18988	0	19080
26763	39	19	19243	77	0	19378
26764	22	19242	64	50	0	19378
26765	39	51	33	19164	0	19287
26766	19961	20	31	120	0	20132
26767	73	20	21	20029	0	20143
26768	37	20044	26	99	0	20206
26769	45	61	19649	48	0	19803
26770	22	20202	68	56	0	20348
26771	20492	77	36	55	0	20660
26772	19883	37	18	53	0	19991
26773	109	23	16	19708	0	19856
26774	54	22	20128	89	0	20293
26775	46	27	18437	57	0	18567
26776	17	19809	138	49	0	20013
26777	48	108	62	18889	0	19107
26778	17	36	43	20204	0	20300
26779	19	37	20020	135	0	20211
26780	41	10	118	19489	0	19658
26781	20	20730	44	139	0	20933
26782	25	187	37	21158	0	21407
26783	23	47	20	21188	0	21278
26784	27	32	21160	227	0	21446
26785	35	27	197	20356	0	20615
26786	20730	26	61	241	0	21058
26787	220	11	20997	72	0	21300
26788	78	23	20363	55	0	20519
26789	33	21117	274	41	0	21465
26790	23	227	96	21701	0	22047
26791	23	64	46	22884	0	23017
26792	13	38	22485	367	0	22903
26793	20692	25	309	193	0	21219
26794	306	26	128	22641	0	23101
26795	122	33	22223	317	0	22695
26796	105	9	327	21119	0	21560
26797	41	19	22170	368	0	22598
26798	38	15	21191	163	0	21407
26799	17	21285	425	106	0	21833
26800	38	297	183	20039	0	20557
26801	10	20611	88	284	0	20993
26802	20093	352	44	135	0	20624
26803	304	151	20269	97	0	20821
26804	108	19888	331	75	0	20402
26805	76	307	161	20058	0	20602
26806	19909	134	95	351	0	20489
26807	295	19803	66	175	0	20339
26808	119	320	64	20097	0	20600
26809	81	130	47	20171	0	20429
26810	28	20256	69	449	0	20802
26811	20478	355	61	213	0	21107
26812	350	164	68	23488	0	24070
26813	137	85	65	24797	0	25084
26814	86	78	24021	862	0	25047
26815	49	24922	643	418	0	26032
26816	66	667	308	25249	0	26290
26817	71	330	166	27734	0	28301
26818	55	28238	101	1011	0	29405
26819	64	863	55	28482	0	29464
26820	55	371	66	29712	0	30204
26821	63	190	52	29746	0	30051
26822	32	29014	77	1388	0	30511
26823	28725	961	69	607	0	30362
26824	972	395	28852	303	0	30522
26825	27700	210	948	273	0	29131
26826	1062	28985	393	204	0	30644
26827	427	960	212	28942	0	30541
26828	193	423	29037	1033	0	30686
26829	122	249	983	28827	0	30181
26830	99	143	409	29201	0	29852
26831	111	117	234	30131	0	30593
26832	87	133	28744	1520	0	30484
26833	70	28111	992	745	0	29918
26834	82	953	28850	411	0	30296
26835	69	28985	1120	292	0	30466
26836	120	1118	29399	226	0	30863
26837	114	450	1164	28899	0	30627
26838	27809	270	485	1237	0	29801
26839	914	28261	302	630	0	30107
26840	370	1061	28146	415	0	29992
26841	191	28201	1041	316	0	29749
26842	139	1203	28456	277	0	30075
26843	113	521	1193	26870	0	28697
26844	150	318	517	26706	0	27691
26845	98	27142	326	1359	0	28925
26846	96	28942	249	678	0	29965
26847	28358	1408	210	457	0	30433
26848	1066	687	236	28681	0	30670
26849	462	449	28630	1263	0	30804
26850	298	262	1159	28588	0	30307
26851	179	237	28839	1486	0	30741
26852	143	279	29032	732	0	30186
26853	176	256	1501	27069	0	29002
26854	131	28225	683	1219	0	30258
26855	26849	1169	435	674	0	29127
26856	1073	551	292	26346	0	28262
26857	523	397	263	25762	0	26945
26858	257	26402	299	1482	0	28440
26859	25929	1242	267	753	0	28191
26860	26624	608	279	535	0	28046
26861	1451	408	258	25391	0	27508
26862	639	25351	277	1330	0	27597
26863	329	27527	293	740	0	28889
26864	26466	1507	292	573	0	28838
26865	1094	781	26547	427	0	28849
26866	25540	466	1229	476	0	27711
26867	26377	362	589	433	0	27761
26868	26390	298	406	428	0	27522
26869	1556	25549	262	439	0	27806
26870	697	1241	262	25859	0	28059
26871	25797	647	267	1308	0	28019
26872	26211	453	279	694	0	27637
26873	1427	25820	301	507	0	28055
26874	26264	1161	241	473	0	28139
26875	1275	625	264	26202	0	28366
26876	586	455	271	26358	0	27670
26877	375	25973	243	1504	0	28095
26878	357	1156	241	26561	0	28315
26879	349	617	231	26729	0	27926
26880	298	25934	220	1634	0	28086
26881	330	1106	243	24273	0	25952
26882	265	25577	231	1315	0	27388
26883	25359	1251	266	750	0	27626
26884	24848	636	234	619	0	26337
26885	1273	24995	260	517	0	27045
26886	684	1119	24545	436	0	26784
26887	457	656	929	24479	0	26521
26888	302	509	24384	1178	0	26373
26889	294	23094	1070	752	0	25210
26890	324	24454	480	539	0	25797
26891	22703	1123	309	323	0	24458
26892	982	23689	243	336	0	25250
26893	606	1063	208	22475	0	24352
26894	427	22934	208	836	0	24405
26895	365	23960	183	539	0	25047
26896	23268	1241	202	431	0	25142
26897	1001	617	198	22999	0	24815
26898	566	422	22660	1003	0	24651
26899	397	351	22277	591	0	23616
26900	331	22835	1046	430	0	24642
26901	22685	1010	522	383	0	24600
26902	949	23303	331	311	0	24894
26903	540	1200	185	24129	0	26054
26904	24325	613	223	1053	0	26214
26905	1085	414	175	24704	0	26378
26906	563	346	181	24838	0	25928
26907	420	24627	158	1356	0	26561
26908	416	1119	161	25101	0	26797
26909	239	639	24764	1185	0	26827
26910	23920	389	919	652	0	25880
26911	1027	24873	404	483	0	26787
26912	349	23553	189	260	0	24351
26913	22027	827	100	167	0	23121
26914	784	360	21999	191	0	23334
26915	20400	258	704	200	0	21562
26916	739	22995	226	175	0	24135
26917	180	24524	97	120	0	24921
26918	158	944	24315	87	0	25504
26919	86	24857	884	95	0	25922
26920	129	930	300	22338	0	23697
26921	89	329	150	23186	0	23754
26922	63	23703	65	847	0	24678
26923	82	801	51	24052	0	24986
26924	23972	303	47	901	0	25223
26925	776	235	23692	329	0	25032
26926	23578	169	756	255	0	24758
26927	24975	160	264	157	0	25556
26928	24818	155	192	141	0	25306
26929	1217	172	24131	114	0	25634
26930	506	148	811	24079	0	25544
26931	291	220	24328	864	0	25703
26932	23222	165	996	384	0	24767
26933	23636	194	348	310	0	24488
26934	1066	24026	232	253	0	25577
26935	539	851	159	23710	0	25259
26936	344	24930	112	843	0	26229
26937	237	966	25014	388	0	26605
26938	303	384	886	24990	0	26563
26939	24844	236	416	965	0	26461
26940	25672	146	214	433	0	26465
26941	1322	141	176	23858	0	25497
26942	619	24011	138	893	0	25661
26943	361	888	24348	371	0	25968
26944	244	406	24831	299	0	25780
26945	23313	250	1207	216	0	24986
26946	1083	187	24861	162	0	26293
26947	509	24444	1072	196	0	26221
26948	310	1004	410	24274	0	25998
26949	216	403	24825	964	0	26408
26950	209	335	1027	24118	0	25689
26951	208	185	24640	1136	0	26169
26952	22930	143	1127	513	0	24713
26953	1090	167	464	23339	0	25060
26954	465	23074	345	967	0	24851
26955	313	24270	229	492	0	25304
26956	223	1237	265	23529	0	25254
26957	226	535	287	23463	0	24511
26958	207	23370	275	1239	0	25091
26959	272	1035	23375	537	0	25219
26960	214	439	1066	23405	0	25124
26961	185	375	23785	1078	0	25423
26962	192	238	23297	556	0	24283
26963	21244	190	1390	409	0	23233
26964	1004	22176	623	316	0	24119
26965	22317	1027	428	268	0	24040
26966	1218	521	262	21303	0	23304
26967	487	22404	248	1045	0	24184
26968	355	1185	277	22571	0	24388
26969	263	584	281	22724	0	23852
26970	224	22332	255	1432	0	24243
26971	260	1113	22104	696	0	24173
26972	268	605	1060	22393	0	24326
26973	22187	381	549	1241	0	24358
26974	1086	323	418	22144	0	23971
26975	550	299	354	22559	0	23762
26976	404	278	21681	1451	0	23814
26977	407	21488	1079	720	0	23694
26978	327	1128	540	21594	0	23589
26979	336	548	21722	1220	0	23826
26980	254	480	21763	722	0	23219
26981	20359	420	1426	591	0	22796
26982	1098	21327	721	517	0	23663
26983	21092	1128	496	484	0	23200
26984	1206	21088	389	454	0	23137
26985	601	22018	345	467	0	23431
26986	21259	1409	327	514	0	23509
26987	1214	715	358	20284	0	22571
26988	603	21061	397	1185	0	23246
26989	530	1115	375	21667	0	23687
26990	21409	546	383	1305	0	23643
26991	1256	466	21118	670	0	23510
26992	631	393	20812	560	0	22396
26993	20035	309	1454	444	0	22242
26994	1182	20614	813	416	0	23025
26995	708	1101	20669	329	0	22807
26996	539	20785	1204	365	0	22893
26997	472	1290	569	20402	0	22733
26998	395	707	20795	1119	0	23016
26999	299	519	1181	20663	0	22662
27000	348	375	20521	1332	0	22576
27001	18908	334	1327	756	0	21325
27002	1126	20026	658	538	0	22348
27003	19224	1016	439	430	0	21109
27004	1195	565	383	18310	0	20453
27005	539	20205	434	1031	0	22209
27006	19938	1183	396	597	0	22114
27007	18900	582	406	486	0	20374
27008	1280	484	19943	381	0	22088
27009	651	328	20118	369	0	21466
27010	17511	340	1368	302	0	19521
27011	994	17831	681	397	0	19903
27012	424	17976	524	296	0	19220
27013	525	1327	349	16823	0	19024
27014	295	527	17056	923	0	18801
27015	340	15919	899	455	0	17613
27016	221	15044	408	319	0	15992
27017	290	588	175	10675	0	11728
27018	10983	175	67	408	0	11633
27019	11237	113	79	176	0	11605
27020	11536	79	68	118	0	11801
27021	520	83	11151	87	0	11841
27022	11004	83	382	82	0	11551
27023	11237	78	160	102	0	11577
27024	11590	87	97	80	0	11854
27025	550	93	78	10816	0	11537
27026	197	10951	80	362	0	11590
27027	10907	360	64	167	0	11498
27028	385	10955	65	90	0	11495
27029	149	373	61	10911	0	11494
27030	100	154	11280	380	0	11914
27031	90	92	385	11255	0	11822
27032	91	74	146	11494	0	11805
27033	94	68	11294	455	0	11911
27034	82	11064	360	169	0	11675
27035	74	333	128	10395	0	10930
27036	10160	119	64	358	0	10701
27037	335	10062	51	127	0	10575
27038	9895	319	58	80	0	10352
27039	362	130	38	9335	0	9865
27040	127	9978	42	263	0	10410
27041	9738	313	40	102	0	10193
27042	330	9854	32	66	0	10282
27043	133	301	9639	53	0	10126
27044	9285	136	311	73	0	9805
27045	9838	118	83	57	0	10096
27046	383	9664	52	69	0	10168
27047	156	291	9289	45	0	9781
27048	86	9574	305	37	0	10002
27049	148	404	167	6839	0	7558
27050	72	123	68	9726	0	9989
27051	52	110	32	9810	0	10004
27052	68	9653	20	393	0	10134
27053	61	299	28	9851	0	10239
27054	51	132	31	10042	0	10256
27055	9716	94	21	401	0	10232
27056	354	77	18	9664	0	10113
27057	130	47	51	9997	0	10225
27058	9697	48	40	414	0	10199
27059	382	9767	24	162	0	10335
27060	9933	361	27	107	0	10428
27061	10007	124	53	67	0	10251
27062	10101	97	35	63	0	10296
27063	476	81	41	9759	0	10357
27064	197	66	42	10131	0	10436
27065	135	64	9555	462	0	10216
27066	106	95	9311	183	0	9695
27067	83	76	9460	147	0	9766
27068	8902	57	429	136	0	9524
27069	409	67	9299	96	0	9871
27070	146	9346	380	121	0	9993
27071	126	367	123	9431	0	10047
27072	146	160	88	9290	0	9684
27073	127	9658	67	390	0	10242
27074	137	385	9764	187	0	10473
27075	142	10045	327	131	0	10645
27076	9916	411	119	81	0	10527
27077	431	159	9915	90	0	10595
27078	192	9772	354	124	0	10442
27079	195	353	9935	94	0	10577
27080	125	153	424	9853	0	10555
27081	92	134	10118	388	0	10732
27082	156	86	416	9732	0	10390
27083	9999	80	173	466	0	10718
27084	408	109	9995	178	0	10690
27085	172	10000	378	176	0	10726
27086	10072	384	143	168	0	10767
27087	414	177	10236	141	0	10968
27088	168	130	10626	140	0	11064
27089	155	105	450	10305	0	11015
27090	136	99	10499	430	0	11164
27091	9886	95	462	205	0	10648
27092	425	10270	162	167	0	11024
27093	208	449	142	10154	0	10953
27094	158	10853	98	425	0	11534
27095	10888	450	116	214	0	11668
27096	438	185	10720	174	0	11517
27097	220	147	11198	149	0	11714
27098	162	109	527	11014	0	11812
27099	124	128	219	11389	0	11860
27100	168	94	148	11646	0	12056
27101	140	95	139	11752	0	12126
27102	108	124	11571	573	0	12376
27103	109	11438	447	301	0	12295
27104	99	334	162	10543	0	11138
27105	99	116	10126	320	0	10661
27106	109	9953	307	140	0	10509
27107	9974	321	129	142	0	10566
27108	339	149	116	9962	0	10566
27109	9876	116	68	302	0	10362
27110	309	9810	78	162	0	10359
27111	9829	262	92	139	0	10322
27112	327	126	10156	119	0	10728
27113	138	173	274	9642	0	10227
27114	101	10137	118	299	0	10655
27115	80	259	10055	146	0	10540
27116	61	9973	286	120	0	10440
27117	174	395	205	6923	0	7697
27118	9554	118	102	266	0	10040
27119	229	9581	84	129	0	10023
27120	9349	229	62	138	0	9778
27121	286	101	9339	90	0	9816
27122	121	73	9133	91	0	9418
27123	9111	56	273	73	0	9513
27124	242	63	134	9237	0	9676
27125	131	68	111	9292	0	9602
27126	99	39	9487	262	0	9887
27127	73	47	9187	154	0	9461
27128	51	9745	267	97	0	10160
27129	9362	203	183	83	0	9831
27130	9016	78	78	70	0	9242
27131	218	8867	46	34	0	9165
27132	116	181	47	9232	0	9576
27133	9448	72	45	199	0	9764
27134	181	63	42	9481	0	9767
27135	9574	30	39	222	0	9865
27136	9631	30	33	92	0	9786
27137	9860	29	42	96	0	10027
27138	249	25	33	9650	0	9957
27139	117	34	33	10109	0	10293
27140	9756	25	48	223	0	10052
27141	9754	31	30	110	0	9925
27142	9846	29	45	91	0	10011
27143	253	9610	36	49	0	9948
27144	9409	114	35	42	0	9600
27145	152	9357	21	36	0	9566
27146	9176	125	16	49	0	9366
27147	164	32	9107	58	0	9361
27148	8289	39	88	51	0	8467
27149	127	8837	30	40	0	9034
27150	44	8962	22	35	0	9063
27151	9128	111	30	35	0	9304
27152	111	43	14	9040	0	9208
27153	48	32	18	9360	0	9458
27154	43	9294	11	136	0	9484
27155	25	10058	18	57	0	10158
27156	10300	141	12	42	0	10495
27157	162	54	10857	25	0	11098
27158	63	25	133	11399	0	11620
27159	11770	19	39	213	0	12041
27160	220	24	11761	45	0	12050
27161	59	12774	198	43	0	13074
27162	13587	231	45	35	0	13898
27163	321	52	14014	21	0	14408
27164	95	33	296	14848	0	15272
27165	48	25	15532	318	0	15923
27166	14578	21	339	116	0	15054
27167	322	15804	83	73	0	16282
27168	16149	330	44	37	0	16560
27169	16340	80	34	32	0	16486
27170	406	50	13	16249	0	16718
27171	16369	21	38	349	0	16777
27172	387	27	21	16381	0	16816
27173	119	35	15	16496	0	16665
27174	82	13	15976	395	0	16466
27175	59	15892	313	134	0	16398
27176	48	325	72	16313	0	16758
27177	50	69	51	16555	0	16725
27178	45	39	22	16606	0	16712
27179	34	25	16218	436	0	16713
27180	53	15957	328	121	0	16459
27181	41	338	68	16362	0	16809
27182	54	65	39	16729	0	16887
27183	48	60	16284	401	0	16793
27184	49	28	324	15727	0	16128
27185	16205	20	88	389	0	16702
27186	331	16303	49	115	0	16798
27187	16078	309	27	106	0	16520
27188	368	89	16082	49	0	16588
27189	112	59	331	16142	0	16644
27190	16472	30	70	371	0	16943
27191	16420	31	43	105	0	16599
27192	418	34	16585	70	0	17107
27193	169	22	337	16304	0	16832
27194	84	35	16378	350	0	16847
27195	15292	32	360	144	0	15828
27196	360	16327	82	86	0	16855
27197	16524	314	63	65	0	16966
27198	16480	81	60	75	0	16696
27199	416	16471	44	58	0	16989
27200	16839	347	50	74	0	17310
27201	422	87	16619	51	0	17179
27202	16471	66	352	72	0	16961
27203	419	38	100	16799	0	17356
27204	160	42	17205	359	0	17766
27205	127	58	353	17065	0	17603
27206	135	29	120	16462	0	16746
27207	110	33	96	17123	0	17362
27208	100	17059	71	421	0	17651
27209	17287	357	58	170	0	17872
27210	426	113	58	17293	0	17890
27211	162	17142	64	398	0	17766
27212	149	356	53	16712	0	17270
27213	102	16735	74	438	0	17349
27214	122	388	16773	171	0	17454
27215	107	112	375	16574	0	17168
27216	107	84	118	17059	0	17368
27217	100	83	16800	465	0	17448
27218	15140	81	380	270	0	15871
27219	393	16653	110	191	0	17347
27220	150	358	112	16919	0	17539
27221	138	101	85	16675	0	16999
27222	118	101	83	16456	0	16758
27223	122	16446	107	452	0	17127
27224	16396	383	76	223	0	17078
27225	418	145	16308	205	0	17076
27226	169	89	15666	188	0	16112
27227	149	81	440	15746	0	16416
27228	131	79	137	16334	0	16681
27229	16161	85	125	504	0	16875
27230	434	15792	119	228	0	16573
27231	173	371	125	16227	0	16896
27232	15875	111	110	523	0	16619
27233	469	102	90	15641	0	16302
27234	15687	81	99	520	0	16387
27235	490	83	14991	230	0	15794
27236	185	15356	399	206	0	16146
27237	15515	381	146	202	0	16244
27238	490	150	15537	128	0	16305
27239	14879	94	411	176	0	15560
27240	504	83	15163	160	0	15910
27241	15216	83	450	172	0	15921
27242	478	96	154	15517	0	16245
27243	15759	64	127	447	0	16397
27244	460	86	123	15613	0	16282
27245	223	65	78	15832	0	16198
27246	15656	62	104	543	0	16365
27247	444	15416	103	264	0	16227
27248	199	396	76	15816	0	16487
27249	15938	142	79	515	0	16674
27250	16495	119	86	232	0	16932
27251	537	105	71	16200	0	16913
27252	241	91	98	16808	0	17238
27253	17129	90	66	567	0	17852
27254	591	86	80	17409	0	18166
27255	244	79	75	17332	0	17730
27256	16856	61	84	609	0	17610
27257	567	53	81	16301	0	17002
27258	177	38	14940	555	0	15710
27259	14177	40	354	233	0	14804
27260	465	45	14925	167	0	15602
27261	153	45	13482	122	0	13802
27262	12615	76	488	88	0	13267
27263	303	12700	125	60	0	13188
27264	146	215	90	12149	0	12600
27265	89	54	39	11865	0	12047
27266	82	39	31	12250	0	12402
27267	48	18	20	12787	0	12873
27268	11878	40	37	405	0	12360
27269	13312	24	12	169	0	13517
27270	13786	12	17	121	0	13936
27271	424	12	14865	71	0	15372
27272	164	12	432	15474	0	16082
27273	114	9	144	15992	0	16259
27274	86	12	85	15475	0	15658
27275	81	14690	61	720	0	15552
27276	64	15405	38	321	0	15828
27277	15760	651	27	210	0	16648
27278	574	239	23	15946	0	16782
27279	251	117	22	17076	0	17466
27280	127	83	26	17633	0	17869
27281	97	55	16607	916	0	17675
27282	107	39	16277	414	0	16837
27283	16207	23	790	267	0	17287
27284	17340	19	290	201	0	17850
27285	848	32	153	16583	0	17616
27286	327	16685	108	674	0	17794
27287	227	585	72	16947	0	17831
27288	171	213	61	17248	0	17693
27289	120	125	16362	909	0	17516
27290	16371	62	593	456	0	17482
27291	687	45	244	17537	0	18513
27292	280	44	142	17530	0	17996
27293	16736	42	102	1000	0	17880
27294	746	17153	95	466	0	18460
27295	17662	699	60	299	0	18720
27296	918	284	46	17163	0	18411
27297	343	16995	42	864	0	18244
27298	17293	742	50	413	0	18498
27299	828	294	58	17328	0	18508
27300	17042	161	44	878	0	18125
27301	16972	99	47	439	0	17557
27302	17094	90	42	313	0	17539
27303	1124	16084	40	239	0	17487
27304	488	16357	67	227	0	17139
27305	339	906	65	15494	0	16804
27306	246	16011	67	796	0	17120
27307	16333	834	55	389	0	17611
27308	857	348	59	16371	0	17635
27309	16359	235	54	889	0	17537
27310	16991	141	52	445	0	17629
27311	1106	123	53	16226	0	17508
27312	556	121	60	17126	0	17863
27313	16564	108	57	1154	0	17883
27314	16978	130	53	584	0	17745
27315	17657	95	66	400	0	18218
27316	17963	119	44	352	0	18478
27317	18191	131	52	313	0	18687
27318	1326	123	39	17271	0	18759
27319	688	121	47	17845	0	18701
27320	441	152	49	18223	0	18865
27321	17434	129	50	1247	0	18860
27322	1030	97	47	17263	0	18437
27323	549	16921	55	1079	0	18604
27324	456	758	38	17638	0	18890
27325	17261	331	60	1115	0	18767
27326	17751	221	60	574	0	18606
27327	1277	187	16718	388	0	18570
27328	676	153	693	16297	0	17819
27329	462	16803	271	936	0	18472
27330	17224	782	131	542	0	18679
27331	1019	17203	86	432	0	18740
27332	574	875	71	17463	0	18983
27333	17563	382	75	1011	0	19031
27334	18002	250	53	575	0	18880
27335	1279	17307	63	431	0	19080
27336	704	804	49	17474	0	19031
27337	515	372	17103	1029	0	19019
27338	16821	235	742	566	0	18364
27339	1137	193	17130	401	0	18861
27340	17394	174	836	349	0	18753
27341	18042	163	326	361	0	18892
27342	1357	155	186	17389	0	19087
27343	17849	168	114	1076	0	19207
27344	18450	155	99	589	0	19293
27345	18743	171	71	422	0	19407
27346	1461	166	73	17785	0	19485
27347	18059	140	83	1075	0	19357
27348	1273	154	56	17879	0	19362
27349	742	141	90	17967	0	18940
27350	548	17208	97	1207	0	19060
27351	528	771	94	16875	0	18268
27352	461	16785	70	1007	0	18323
27353	16405	735	44	535	0	17719
27354	16432	369	53	380	0	17234
27355	1174	235	42	15848	0	17299
27356	665	156	49	16158	0	17028
27357	15730	161	42	1051	0	16984
27358	1015	128	14873	580	0	16596
27359	15463	125	592	413	0	16593
27360	1048	129	239	15144	0	16560
27361	642	117	13997	844	0	15600
27362	14136	120	595	508	0	15359
27363	14866	127	270	393	0	15656
27364	1172	115	13933	328	0	15548
27365	14152	98	627	358	0	15235
27366	990	106	13622	274	0	14992
27367	640	13452	623	224	0	14939
27368	13728	518	402	264	0	14912
27369	13658	273	188	224	0	14343
27370	1007	12374	117	240	0	13738
27371	453	11257	102	170	0	11982
27372	10711	363	73	174	0	11321
27373	10790	156	60	139	0	11145
27374	568	106	49	10673	0	11396
27375	304	73	10109	386	0	10872
27376	271	84	9551	196	0	10102
27377	10049	67	331	154	0	10601
27378	430	77	10133	133	0	10773
27379	9380	95	372	133	0	9980
27380	387	49	126	9299	0	9861
27381	230	46	75	9426	0	9777
27382	164	43	9358	338	0	9903
27383	9431	30	255	178	0	9894
27384	343	39	124	9750	0	10256
27385	208	40	89	10004	0	10341
27386	9913	35	52	363	0	10363
27387	9860	21	49	216	0	10146
27388	9866	18	53	173	0	10110
27389	399	9765	71	143	0	10378
27390	192	180	9186	63	0	9621
27391	9028	64	173	83	0	9348
27392	9501	37	91	91	0	9720
27393	312	9066	55	76	0	9509
27394	8676	111	42	46	0	8875
27395	205	53	20	8501	0	8779
27396	92	47	8688	120	0	8947
27397	8638	26	120	80	0	8864
27398	9114	20	75	72	0	9281
27399	9203	21	28	61	0	9313
27400	9279	29	25	38	0	9371
27401	226	17	19	9135	0	9397
27402	122	21	22	9135	0	9300
27403	9249	24	26	180	0	9479
27404	173	13	39	9222	0	9447
27405	118	11	26	9204	0	9359
27406	99	9004	28	152	0	9283
27407	88	114	20	9396	0	9618
27408	83	44	21	9433	0	9581
27409	85	20	26	9525	0	9656
27410	77	20	22	9536	0	9655
27411	68	9303	25	201	0	9597
27412	70	106	19	9303	0	9498
27413	74	56	18	9039	0	9187
27414	61	36	8782	193	0	9072
27415	55	26	7863	120	0	8064
27416	40	8275	143	101	0	8559
27417	10038	94	53	84	0	10269
27418	178	10337	39	60	0	10614
27419	70	184	29	11102	0	11385
27420	59	62	11764	226	0	12111
27421	12392	51	252	113	0	12808
27422	282	23	85	13156	0	13546
27423	12975	32	58	300	0	13365
27424	13358	21	39	136	0	13554
27425	344	13271	38	87	0	13740
27426	13434	266	24	93	0	13817
27427	334	13843	35	64	0	14276
27428	160	325	30	14209	0	14724
27429	105	14419	26	343	0	14893
27430	92	350	14323	132	0	14897
27431	91	14703	299	95	0	15188
27432	74	428	100	14495	0	15097
27433	14506	130	64	359	0	15059
27434	313	14831	61	143	0	15348
27435	151	349	37	15091	0	15628
27436	96	143	16	15572	0	15827
27437	97	93	15008	467	0	15665
27438	98	78	349	15093	0	15618
27439	57	84	14992	460	0	15593
27440	14300	41	399	239	0	14979
27441	412	79	15130	125	0	15746
27442	177	15450	411	139	0	16177
27443	134	434	155	15496	0	16219
27444	113	150	134	15584	0	15981
27445	110	130	86	15735	0	16061
27446	15593	95	57	621	0	16366
27447	470	69	48	15220	0	15807
27448	200	15187	52	520	0	15959
27449	14910	438	63	249	0	15660
27450	437	14743	43	235	0	15458
27451	185	478	90	14902	0	15655
27452	14829	207	54	513	0	15603
27453	464	14404	95	241	0	15204
27454	232	15246	47	179	0	15704
27455	15228	532	83	151	0	15994
27456	15487	279	48	149	0	15963
27457	551	181	14912	184	0	15828
27458	15251	143	424	182	0	16000
27459	558	115	15575	186	0	16434
27460	285	128	490	15954	0	16857
27461	193	109	15945	568	0	16815
27462	165	148	516	16069	0	16898
27463	178	94	16124	610	0	17006
27464	137	112	532	15782	0	16563
27465	127	121	228	16353	0	16829
27466	15981	92	155	713	0	16941
27467	503	125	15767	351	0	16746
27468	14649	126	488	285	0	15548
27469	619	106	15599	194	0	16518
27470	310	88	15568	179	0	16145
27471	218	138	637	15221	0	16214
27472	15585	91	255	571	0	16502
27473	524	15374	204	282	0	16384
27474	15334	465	131	255	0	16185
27475	15523	195	144	200	0	16062
27476	628	15218	109	202	0	16157
27477	15257	514	147	147	0	16065
27478	621	239	15492	165	0	16517
27479	302	148	489	15676	0	16615
27480	15829	124	214	554	0	16721
27481	547	15640	186	272	0	16645
27482	307	458	150	15676	0	16591
27483	227	200	143	15790	0	16360
27484	213	135	154	16113	0	16615
27485	197	123	142	16205	0	16667
27486	15813	82	152	710	0	16757
27487	16001	99	141	375	0	16616
27488	16082	106	151	274	0	16613
27489	15550	82	123	269	0	16024
27490	714	118	15323	212	0	16367
27491	15224	88	489	199	0	16000
27492	16052	62	251	183	0	16548
27493	735	15276	164	202	0	16377
27494	409	15891	148	190	0	16638
27495	326	580	127	15454	0	16487
27496	258	251	121	15773	0	16403
27497	218	194	15218	672	0	16302
27498	221	15225	515	355	0	16316
27499	215	492	221	15003	0	15931
27500	228	15422	171	548	0	16369
27501	247	540	122	15901	0	16810
27502	253	236	110	15889	0	16488
27503	258	16218	113	644	0	17233
27504	242	514	120	16701	0	17577
27505	254	237	16646	625	0	17762
27506	235	165	16090	341	0	16831
27507	15655	148	649	298	0	16750
27508	16838	143	280	270	0	17531
27509	683	16416	228	236	0	17563
27510	16848	526	141	237	0	17752
27511	682	227	149	16710	0	17768
27512	16687	199	101	603	0	17590
27513	614	16463	118	384	0	17579
27514	393	503	16118	284	0	17298
27515	15738	218	538	259	0	16753
27516	665	192	16797	209	0	17863
27517	317	120	14450	142	0	15029
27518	224	96	14266	148	0	14734
27519	165	14076	549	143	0	14933
27520	13246	426	442	139	0	14253
27521	12927	155	138	136	0	13356
27522	466	108	95	12562	0	13231
27523	256	116	82	12477	0	12931
27524	178	12787	82	409	0	13456
27525	13061	298	83	252	0	13694
27526	366	13029	111	142	0	13648
27527	194	12633	90	114	0	13031
27528	12422	289	120	101	0	12932
27529	310	119	73	12090	0	12592
27530	151	86	70	12009	0	12316
27531	134	63	55	12138	0	12390
27532	106	11921	56	331	0	12414
27533	11907	227	45	152	0	12331
27534	291	137	44	11676	0	12148
27535	158	11129	40	246	0	11573
27536	101	11392	49	118	0	11660
27537	101	242	45	11133	0	11521
27538	83	11225	32	217	0	11557
27539	87	230	39	11332	0	11688
27540	11046	99	36	229	0	11410
27541	196	70	10503	113	0	10882
27542	87	10681	149	94	0	11011
27543	87	163	55	10909	0	11214
27544	61	77	11094	193	0	11425
27545	10515	71	172	102	0	10860
27546	231	68	80	11272	0	11651
27547	11325	45	41	222	0	11633
27548	11320	55	18	120	0	11513
27549	245	11735	30	69	0	12079
27550	12058	182	34	82	0	12356
27551	12006	91	29	81	0	12207
27552	12024	62	22	80	0	12188
27553	264	51	37	11672	0	12024
27554	140	39	40	11579	0	11798
27555	101	49	22	11909	0	12081
27556	87	38	11577	259	0	11961
27557	70	11358	171	119	0	11718
27558	11198	175	68	75	0	11516
27559	159	11101	30	58	0	11348
27560	108	146	16	11120	0	11390
27561	77	71	10978	140	0	11266
27562	9719	58	128	127	0	10032
27563	151	10842	62	77	0	11132
27564	81	128	27	10774	0	11010
27565	56	60	29	10864	0	11009
27566	36	48	10647	186	0	10917
27567	40	10565	132	84	0	10821
27568	41	141	50	10758	0	10990
27569	32	73	38	10882	0	11025
27570	29	39	29	10678	0	10775
27571	10367	30	28	195	0	10620
27572	157	54	10193	80	0	10484
27573	68	10303	127	76	0	10574
27574	10301	124	61	74	0	10560
27575	142	10480	48	56	0	10726
27576	79	196	47	10320	0	10642
27577	54	10596	17	138	0	10805
27578	10195	153	17	109	0	10474
27579	10351	84	15	78	0	10528
27580	217	42	23	10539	0	10821
27581	103	42	30	10696	0	10871
27582	56	43	21	11400	0	11520
27583	50	51	11425	323	0	11849
27584	59	12005	261	140	0	12465
27585	60	313	88	14909	0	15370
27586	39	110	38	15562	0	15749
27587	63	60	37	15637	0	15797
27588	69	53	25	15657	0	15804
27589	50	51	15098	713	0	15912
27590	43	15748	470	309	0	16570
27591	62	523	158	16269	0	17012
27592	57	209	70	17847	0	18183
27593	28	101	17233	820	0	18182
27594	54	91	574	16515	0	17234
27595	39	16387	217	715	0	17358
27596	28	17508	99	366	0	18001
27597	53	767	66	17216	0	18102
27598	52	273	16509	821	0	17655
27599	15005	146	616	482	0	16249
27600	542	16262	259	326	0	17389
27601	203	628	15829	261	0	16921
27602	107	285	15817	226	0	16435
27603	71	15603	778	243	0	16695
27604	77	625	15823	227	0	16752
27605	105	378	747	15326	0	16556
27606	15127	195	302	692	0	16316
27607	15488	161	172	363	0	16184
27608	15347	158	160	240	0	15905
27609	15941	145	145	190	0	16421
27610	784	15912	154	165	0	17015
27611	16066	656	143	174	0	17039
27612	705	16311	150	157	0	17323
27613	304	725	15787	139	0	16955
27614	237	306	718	14883	0	16144
27615	177	16248	308	594	0	17327
27616	176	726	201	15712	0	16815
27617	15125	323	182	753	0	16383
27618	713	193	155	14850	0	15911
27619	363	15499	139	695	0	16696
27620	15664	692	120	336	0	16812
27621	773	308	15521	229	0	16831
27622	404	223	614	15326	0	16567
27623	281	187	274	16009	0	16751
27624	14940	172	146	917	0	16175
27625	703	14891	165	418	0	16177
27626	319	703	14575	307	0	15904
27627	222	366	634	14758	0	15980
27628	176	249	14839	763	0	16027
27629	143	14177	711	458	0	15489
27630	163	15265	286	358	0	16072
27631	14788	848	186	310	0	16132
27632	696	402	14737	272	0	16107
27633	14930	238	709	299	0	16176
27634	743	203	373	14261	0	15580
27635	317	15064	216	748	0	16345
27636	14898	704	229	375	0	16206
27637	721	367	14999	309	0	16396
27638	358	254	714	14880	0	16206
27639	263	204	348	15331	0	16146
27640	222	251	268	14929	0	15670
27641	226	14909	204	889	0	16228
27642	14420	774	225	466	0	15885
27643	721	14480	219	341	0	15761
27644	347	15058	224	278	0	15907
27645	305	877	220	14714	0	16116
27646	14785	439	174	750	0	16148
27647	14749	314	203	408	0	15674
27648	14959	268	192	328	0	15747
27649	902	14060	200	280	0	15442
27650	451	726	145	14115	0	15437
27651	308	415	13992	777	0	15492
27652	330	269	668	14078	0	15345
27653	301	257	310	13889	0	14757
27654	266	14197	182	903	0	15548
27655	14244	761	156	521	0	15682
27656	764	451	156	13807	0	15178
27657	391	14342	144	781	0	15658
27658	14303	759	179	455	0	15696
27659	817	423	13983	331	0	15554
27660	13864	345	617	342	0	15168
27661	828	14377	276	329	0	15810
27662	14638	752	205	295	0	15890
27663	14940	372	208	284	0	15804
27664	913	332	14348	320	0	15913
27665	14419	307	643	286	0	15655
27666	844	283	14665	297	0	16089
27667	478	256	15022	269	0	16025
27668	14491	242	819	269	0	15821
27669	15150	285	357	248	0	16040
27670	988	291	14810	211	0	16300
27671	560	246	760	14515	0	16081
27672	414	226	399	14524	0	15563
27673	406	15234	277	757	0	16674
27674	14078	712	276	398	0	15464
27675	15615	362	205	272	0	16454
27676	1052	262	14985	201	0	16500
27677	15328	201	671	246	0	16446
27678	15973	207	346	187	0	16713
27679	1003	15342	290	212	0	16847
27680	558	683	261	15130	0	16632
27681	473	331	198	14898	0	15900
27682	383	216	231	14854	0	15684
27683	13923	158	207	737	0	15025
27684	642	13081	150	424	0	14297
27685	243	315	95	10188	0	10841
27686	166	10101	88	323	0	10678
27687	183	465	70	9629	0	10347
27688	148	9627	74	288	0	10137
27689	150	9928	89	193	0	10360
27690	8889	192	119	168	0	9368
27691	9107	96	90	74	0	9367
27692	148	59	28	8361	0	8596
27693	67	41	27	8382	0	8517
27694	61	40	26	8517	0	8644
27695	43	39	28	8491	0	8601
27696	53	57	17	8219	0	8346
27697	62	8190	20	151	0	8423
27698	69	134	21	8283	0	8507
27699	74	55	20	8490	0	8639
27700	8339	46	22	176	0	8583
27701	145	38	30	8364	0	8577
27702	79	41	17	8430	0	8567
27703	74	33	8409	182	0	8698
27704	75	39	120	8069	0	8303
27705	59	54	41	8563	0	8717
27706	62	22	8619	215	0	8918
27707	46	8903	128	121	0	9198
27708	66	128	9070	91	0	9355
27709	42	42	8777	60	0	8921
27710	18	8570	133	45	0	8766
27711	8725	111	44	73	0	8953
27712	8793	24	26	54	0	8897
27713	138	19	18	8679	0	8854
27714	8720	17	19	146	0	8902
27715	141	22	8938	54	0	9155
27716	50	14	139	9053	0	9256
27717	32	28	9990	144	0	10194
27718	48	14	127	10031	0	10220
27719	35	33	42	10125	0	10235
27720	35	30	25	10338	0	10428
27721	10224	26	29	188	0	10467
27722	148	12	43	10325	0	10528
27723	10223	26	26	173	0	10448
27724	10364	20	35	89	0	10508
27725	181	10276	27	71	0	10555
27726	10365	132	27	81	0	10605
27727	165	10718	20	78	0	10981
27728	78	140	36	10704	0	10958
27729	61	43	27	10717	0	10848
27730	58	27	32	10943	0	11060
27731	60	27	10608	246	0	10941
27732	46	10543	154	112	0	10855
27733	64	159	44	10303	0	10570
27734	61	68	34	10327	0	10490
27735	42	10605	24	197	0	10868
27736	10649	174	22	127	0	10972
27737	195	10408	22	102	0	10727
27738	10385	189	22	76	0	10672
27739	192	10555	26	66	0	10839
27740	85	194	22	10317	0	10618
27741	51	10644	23	191	0	10909
27742	10710	184	16	124	0	11034
27743	10899	67	16	110	0	11092
27744	10687	60	25	94	0	10866
27745	10653	56	24	88	0	10821
27746	225	53	10570	84	0	10932
27747	10560	34	158	105	0	10857
27748	10978	58	42	88	0	11166
27749	10932	41	31	87	0	11091
27750	241	51	10673	60	0	11025
27751	10494	44	140	83	0	10761
27752	205	10918	46	78	0	11247
27753	11111	160	50	86	0	11407
27754	209	79	11748	70	0	12106
27755	11586	46	163	84	0	11879
27756	12101	38	48	71	0	12258
27757	233	28	35	11968	0	12264
27758	126	42	11764	164	0	12096
27759	11760	33	159	104	0	12056
27760	217	31	44	12126	0	12418
27761	130	27	44	12352	0	12553
27762	106	29	12461	192	0	12788
27763	11375	31	164	147	0	11717
27764	12618	32	65	92	0	12807
27765	220	12685	41	58	0	13004
27766	127	154	36	12776	0	13093
27767	93	60	43	12800	0	12996
27768	104	42	30	12696	0	12872
27769	77	12919	50	215	0	13261
27770	13000	153	30	109	0	13292
27771	206	60	37	12959	0	13262
27772	111	43	27	13037	0	13218
27773	12703	37	31	219	0	12990
27774	12488	32	27	124	0	12671
27775	223	29	28	12590	0	12870
27776	121	30	34	12429	0	12614
27777	88	38	11859	227	0	12212
27778	10898	41	139	138	0	11216
27779	202	11907	52	80	0	12241
27780	108	148	26	12613	0	12895
27781	94	59	31	12890	0	13074
27782	96	13133	24	251	0	13504
27783	88	231	15	13711	0	14045
27784	14568	99	25	332	0	15024
27785	374	64	37	16692	0	17167
27786	166	52	23	17172	0	17413
27787	125	38	21	17688	0	17872
27788	92	55	16899	882	0	17928
27789	95	40	474	17100	0	17709
27790	91	39	16900	818	0	17848
27791	81	16298	590	436	0	17405
27792	66	447	317	16570	0	17400
27793	81	207	178	16864	0	17330
27794	53	154	128	17207	0	17542
27795	58	115	66	17066	0	17305
27796	61	56	67	17450	0	17634
27797	16173	60	56	1027	0	17316
27798	489	54	16322	610	0	17475
27799	244	15781	467	434	0	16926
27800	168	17072	230	301	0	17771
27801	138	644	163	17040	0	17985
27802	73	333	115	17532	0	18053
27803	77	228	73	17327	0	17705
27804	57	16921	62	883	0	17923
27805	71	518	59	17335	0	17983
27806	62	278	16617	788	0	17745
27807	39	16193	455	495	0	17182
27808	55	534	226	16622	0	17437
27809	16183	261	166	698	0	17308
27810	468	191	105	16549	0	17313
27811	235	143	63	16536	0	16977
27812	168	15586	50	842	0	16646
27813	137	16727	64	476	0	17404
27814	84	611	40	16856	0	17591
27815	100	361	39	16946	0	17446
27816	62	259	16313	813	0	17447
27817	60	158	424	15875	0	16517
27818	46	91	237	16235	0	16609
27819	42	103	179	16274	0	16598
27820	45	81	148	16497	0	16771
27821	15553	66	83	1080	0	16782
27822	15826	70	90	679	0	16665
27823	660	80	70	16209	0	17019
27824	399	55	55	16784	0	17293
27825	16219	70	52	1022	0	17363
27826	625	62	47	17181	0	17915
27827	325	58	16912	1070	0	18365
27828	235	16825	534	679	0	18273
27829	196	500	306	17631	0	18633
27830	124	275	240	18172	0	18811
27831	17702	217	200	1031	0	19150
27832	543	207	103	18294	0	19147
27833	288	128	85	18823	0	19324
27834	18262	108	69	1210	0	19649
27835	637	99	54	18754	0	19544
27836	328	18213	54	1090	0	19685
27837	265	578	54	19454	0	20351
27838	221	303	85	20255	0	20864
27839	149	245	100	20066	0	20560
27840	134	203	88	20372	0	20797
27841	130	174	19025	1318	0	20647
27842	95	160	18763	914	0	19932
27843	82	160	782	19415	0	20439
27844	75	141	424	19438	0	20078
27845	52	19111	294	1233	0	20690
27846	93	630	200	18928	0	19851
27847	89	18901	152	1164	0	20306
27848	18640	764	177	732	0	20313
27849	585	20000	130	611	0	21326
27850	358	798	78	20698	0	21932
27851	259	449	64	21300	0	22072
27852	199	307	20258	1265	0	22029
27853	18780	236	573	936	0	20525
27854	19532	200	317	662	0	20711
27855	867	19411	246	562	0	21086
27856	497	650	216	19269	0	20632
27857	345	395	20237	866	0	21843
27858	221	20546	629	666	0	22062
27859	20205	733	356	600	0	21894
27860	20496	384	229	548	0	21657
27861	921	296	19397	465	0	21079
27862	19480	223	605	451	0	20759
27863	988	170	309	19728	0	21195
27864	569	19558	260	875	0	21262
27865	19758	663	198	619	0	21238
27866	874	361	136	19766	0	21137
27867	19844	271	116	1009	0	21240
27868	20703	230	115	679	0	21727
27869	1052	185	107	20155	0	21499
27870	570	163	20091	1056	0	21880
27871	20084	169	604	705	0	21562
27872	21058	144	311	586	0	22099
27873	21353	112	250	549	0	22264
27874	1129	21274	194	434	0	23031
27875	705	653	147	21481	0	22986
27876	488	343	85	22643	0	23559
27877	338	311	21862	1228	0	23739
27878	282	253	644	21580	0	22759
27879	237	21500	338	1141	0	23216
27880	20989	673	240	726	0	22628
27881	722	20981	181	557	0	22441
27882	396	742	20559	461	0	22158
27883	298	20682	658	407	0	22045
27884	256	20471	349	262	0	21338
27885	205	442	168	17846	0	18661
27886	17764	212	69	403	0	18448
27887	17698	104	56	240	0	18098
27888	17456	104	33	158	0	17751
27889	447	17816	43	178	0	18484
27890	236	327	17581	103	0	18247
27891	17455	166	314	115	0	18050
27892	18274	94	135	146	0	18649
27893	473	17963	86	110	0	18632
27894	18632	347	72	111	0	19162
27895	437	177	59	18532	0	19205
27896	247	123	19519	385	0	20274
27897	19342	99	337	250	0	20028
27898	19549	89	169	191	0	19998
27899	20557	65	101	147	0	20870
27900	566	65	59	19999	0	20689
27901	300	81	68	20368	0	20817
27902	202	70	50	21480	0	21802
27903	147	20915	67	655	0	21784
27904	267	488	99	20795	0	21649
27905	145	248	29	24051	0	24473
27906	140	161	23531	838	0	24670
27907	113	116	608	23393	0	24230
27908	140	79	240	24188	0	24647
27909	139	77	138	24203	0	24557
27910	150	78	99	23892	0	24219
27911	140	23433	94	998	0	24665
27912	143	642	54	23882	0	24721
27913	123	265	86	24055	0	24529
27914	23217	142	82	1049	0	24490
27915	716	136	22829	513	0	24194
27916	347	117	22109	375	0	22948
27917	21512	103	831	346	0	22792
27918	23135	88	353	314	0	23890
27919	962	148	208	20940	0	22258
27920	397	22615	164	703	0	23879
27921	22913	672	93	423	0	24101
27922	868	282	102	22313	0	23565
27923	378	22667	121	780	0	23946
27924	22688	624	86	404	0	23802
27925	738	22893	81	257	0	23969
27926	22370	679	71	270	0	23390
27927	21734	284	89	254	0	22361
27928	922	21165	81	182	0	22350
27929	466	642	106	21053	0	22267
27930	288	309	20901	712	0	22210
27931	265	202	580	20502	0	21549
27932	20550	160	224	804	0	21738
27933	684	159	20213	418	0	21474
27934	341	19926	593	294	0	21154
27935	287	617	228	19751	0	20883
27936	206	293	19540	702	0	20741
27937	169	19384	593	364	0	20510
27938	19239	614	277	330	0	20460
27939	631	287	162	19569	0	20649
27940	347	175	135	19856	0	20513
27941	249	167	134	19606	0	20156
27942	167	19443	109	883	0	20602
27943	19414	597	112	483	0	20606
27944	621	18949	153	306	0	20029
27945	296	19786	86	280	0	20448
27946	19608	771	98	235	0	20712
27947	19895	333	96	247	0	20571
27948	809	266	19065	207	0	20347
27949	18336	194	556	230	0	19316
27950	18463	170	231	175	0	19039
27951	894	181	138	17793	0	19006
27952	467	155	17522	649	0	18793
27953	331	172	560	17545	0	18608
27954	17889	127	227	772	0	19015
27955	751	141	17970	367	0	19229
27956	394	149	644	19440	0	20627
27957	395	122	274	21764	0	22555
27958	267	147	174	24657	0	25245
27959	23886	129	155	1528	0	25698
27960	1179	24404	146	621	0	26350
27961	24676	1166	114	419	0	26375
27962	1387	379	24351	337	0	26454
27963	555	226	1169	23115	0	25065
27964	357	24576	383	1268	0	26584
27965	24783	1199	215	619	0	26816
27966	1321	387	205	24987	0	26900
27967	490	284	24304	1439	0	26517
27968	368	198	1146	24338	0	26050
27969	23218	176	438	1487	0	25319
27970	1191	23249	245	686	0	25371
27971	556	1234	172	20562	0	22524
27972	340	23101	153	1176	0	24770
27973	22742	1253	152	559	0	24706
27974	23000	463	159	425	0	24047
27975	1494	22376	160	367	0	24397
27976	22352	1172	156	316	0	23996
27977	1433	424	141	20769	0	22767
27978	524	21830	141	1170	0	23665
27979	21755	1241	110	457	0	23563
27980	22673	472	107	341	0	23593
27981	1547	20697	128	305	0	22677
27982	625	21843	99	278	0	22845
27983	21251	1355	95	233	0	22934
27984	1398	496	76	20966	0	22936
27985	21372	368	97	1212	0	23049
27986	1442	321	76	21229	0	23068
27987	656	266	20569	1266	0	22757
27988	525	262	1019	21220	0	23026
27989	20781	281	295	1358	0	22715
27990	1406	251	20610	486	0	22753
27991	602	202	1104	20662	0	22570
27992	455	208	350	21944	0	22957
27993	362	195	20669	1511	0	22737
27994	20105	152	1131	628	0	22016
27995	1296	180	387	20664	0	22527
27996	516	171	19112	1338	0	21137
27997	17687	193	1151	558	0	19589
27998	1162	18768	398	465	0	20793
27999	501	18838	244	425	0	20008
28000	355	19550	229	379	0	20513
28001	292	1200	17982	318	0	19792
28002	293	443	1009	17308	0	19053
28003	230	243	17425	1142	0	19040
28004	239	486	933	15171	0	16829
28005	175	14669	318	940	0	16102
28006	170	15461	178	348	0	16157
28007	175	998	135	14955	0	16263
28008	14841	327	124	944	0	16236
28009	866	207	114	15202	0	16389
28010	310	184	108	15261	0	15863
28011	190	14892	112	1048	0	16242
28012	14770	819	105	436	0	16130
28013	852	15023	100	311	0	16286
28014	359	903	81	15007	0	16350
28015	249	374	86	15182	0	15891
28016	222	14909	106	1101	0	16338
28017	231	864	113	15350	0	16558
28018	15038	363	83	1151	0	16635
28019	1017	292	83	15309	0	16701
28020	527	331	103	15202	0	16163
28021	413	14862	131	1076	0	16482
28022	377	917	180	15333	0	16807
28023	14563	408	163	1129	0	16263
28024	15209	347	96	563	0	16215
28025	15544	326	103	429	0	16402
28026	1250	262	119	14879	0	16510
28027	557	252	14268	1094	0	16171
28028	447	244	14686	521	0	15898
28029	396	276	911	14744	0	16327
28030	14830	330	309	1080	0	16549
28031	1033	342	157	14956	0	16488
28032	15155	320	132	1097	0	16704
28033	1214	291	111	15052	0	16668
28034	691	231	136	15773	0	16831
28035	15341	268	127	1185	0	16921
28036	1139	291	14655	545	0	16630
28037	14939	270	788	424	0	16421
28038	1148	272	14650	376	0	16446
28039	623	218	801	14549	0	16191
28040	14761	222	297	992	0	16272
28041	1106	256	14556	463	0	16381
28042	516	271	14812	370	0	15969
28043	14409	232	967	349	0	15957
28044	1104	172	14648	403	0	16327
28045	517	14365	913	423	0	16218
28046	372	789	397	15286	0	16844
28047	15929	263	330	1163	0	17685
28048	979	189	16064	551	0	17783
28049	15979	154	914	516	0	17563
28050	17025	138	445	428	0	18036
28051	16977	140	370	436	0	17923
28052	17155	150	288	480	0	18073
28053	1169	263	284	15896	0	17612
28054	521	15963	292	981	0	17757
28055	15712	777	253	544	0	17286
28056	911	257	13934	354	0	15456
28057	252	10389	427	191	0	11259
28058	8866	173	150	98	0	9287
28059	174	7978	56	72	0	8280
28060	92	8619	31	67	0	8809
28061	239	170	161	8343	0	8913
28062	70	43	40	8567	0	8720
28063	41	43	34	8529	0	8647
28064	8603	29	17	195	0	8844
28065	9091	24	21	102	0	9238
28066	215	26	28	9393	0	9662
28067	109	28	24	10306	0	10467
28068	89	19	10832	278	0	11218
28069	10423	17	247	171	0	10858
28070	11298	29	107	88	0	11522
28071	356	21	56	11229	0	11662
28072	160	17	33	11466	0	11676
28073	94	21	11237	370	0	11722
28074	79	25	284	11239	0	11627
28075	78	18	11768	336	0	12200
28076	62	11570	311	152	0	12095
28077	71	240	11870	114	0	12295
28078	71	90	308	11465	0	11934
28079	53	49	12237	268	0	12607
28080	42	33	11574	135	0	11784
28081	11885	15	357	92	0	12349
28082	288	37	151	12999	0	13475
28083	127	18	13138	313	0	13596
28084	12052	15	314	163	0	12544
28085	340	18	13157	83	0	13598
28086	131	21	14468	94	0	14714
28087	97	14969	410	74	0	15550
28088	73	258	154	15030	0	15515
28089	66	87	15019	299	0	15471
28090	73	65	14417	111	0	14666
28091	55	33	376	14597	0	15061
28092	62	21	155	14737	0	14975
28093	45	14833	119	356	0	15353
28094	51	266	92	15242	0	15651
28095	15521	94	64	360	0	16039
28096	15355	41	57	190	0	15643
28097	15767	34	61	135	0	15997
28098	417	22	69	15367	0	15875
28099	176	15654	62	352	0	16244
28100	15789	268	82	159	0	16298
28101	356	15544	78	114	0	16092
28102	157	15184	68	119	0	15528
28103	91	15606	71	93	0	15861
28104	15823	330	97	121	0	16371
28105	284	126	91	15708	0	16209
28106	128	67	84	15697	0	15976
28107	70	15749	94	338	0	16251
28108	15494	301	94	159	0	16048
28109	321	113	15495	105	0	16034
28110	134	60	327	15510	0	16031
28111	15715	43	149	341	0	16248
28112	304	16258	127	145	0	16834
28113	17033	293	91	162	0	17579
28114	387	99	85	17391	0	17962
28115	129	17569	92	310	0	18100
28116	113	308	17336	133	0	17890
28117	17220	109	320	110	0	17759
28118	327	103	143	17985	0	18558
28119	18261	77	89	367	0	18794
28120	331	79	85	18098	0	18593
28121	143	17847	84	394	0	18468
28122	142	277	18219	155	0	18793
28123	103	109	18147	146	0	18505
28124	83	146	343	18473	0	19045
28125	18882	79	137	345	0	19443
28126	18954	87	86	153	0	19280
28127	398	58	76	18806	0	19338
28128	202	41	72	18867	0	19182
28129	19137	74	59	403	0	19673
28130	373	60	78	19161	0	19672
28131	19167	70	76	396	0	19709
28132	355	18898	53	196	0	19502
28133	18759	308	68	176	0	19311
28134	383	156	19050	127	0	19716
28135	189	123	309	19031	0	19652
28136	156	77	158	19406	0	19797
28137	159	66	141	19568	0	19934
28138	144	18881	99	481	0	19605
28139	177	16146	132	312	0	16767
28140	122	360	94	19511	0	20087
28141	111	142	19505	438	0	20196
28142	113	126	362	19273	0	19874
28143	131	101	151	20014	0	20397
28144	119	111	133	20317	0	20680
28145	19556	97	134	474	0	20261
28146	344	18873	113	266	0	19596
28147	169	19220	128	200	0	19717
28148	143	385	141	18861	0	19530
28149	161	172	130	19514	0	19977
28150	167	105	76	19328	0	19676
28151	166	89	92	19649	0	19996
28152	19220	90	102	513	0	19925
28153	345	19167	109	277	0	19898
28154	19457	336	128	218	0	20139
28155	19936	136	151	192	0	20415
28156	419	113	102	19667	0	20301
28157	215	119	70	19956	0	20360
28158	19830	68	87	473	0	20458
28159	20004	66	81	288	0	20439
28160	438	85	43	19625	0	20191
28161	229	106	33	19786	0	20154
28162	196	98	19480	479	0	20253
28163	185	18700	268	279	0	19432
28164	194	19839	87	219	0	20339
28165	19227	277	48	173	0	19725
28166	321	99	19503	146	0	20069
28167	114	81	17709	119	0	18023
28168	16253	51	228	110	0	16642
28169	17789	33	75	73	0	17970
28170	166	19093	51	65	0	19375
28171	66	20301	52	87	0	20506
28172	90	146	24	20739	0	20999
28173	21648	48	24	202	0	21922
28174	21672	54	13	109	0	21848
28175	21664	33	13	109	0	21819
28176	184	31	19	21332	0	21566
28177	107	29	14	21634	0	21784
28178	83	37	21025	180	0	21325
28179	87	44	18942	98	0	19171
28180	67	37	21067	80	0	21251
28181	70	301	183	20541	0	21095
28182	20444	13	56	141	0	20654
28183	124	22	21022	41	0	21209
28184	55	12	108	20734	0	20909
28185	41	21168	40	128	0	21377
28186	55	93	28	20632	0	20808
28187	40	23	27	20576	0	20666
28188	30	34	21459	172	0	21695
28189	33	30	163	20872	0	21098
28190	22560	18	38	240	0	22856
28191	297	28	23497	71	0	23893
28192	106	11	285	23245	0	23647
28193	80	13	24140	318	0	24551
28194	53	23701	356	114	0	24224
28195	78	299	24030	98	0	24505
28196	62	107	413	22049	0	22631
28197	40	63	152	24419	0	24674
28198	38	64	25130	430	0	25662
28199	51	55	377	24115	0	24598
28200	59	37	168	23917	0	24181
28201	38	24390	106	487	0	25021
28202	48	326	24792	245	0	25411
28203	51	107	404	24202	0	24764
28204	52	80	137	25113	0	25382
28205	42	25106	118	476	0	25742
28206	45	365	85	25677	0	26172
28207	25625	117	83	510	0	26335
28208	365	108	79	25699	0	26251
28209	124	66	25744	530	0	26464
28210	24595	60	403	283	0	25341
28211	27105	53	162	259	0	27579
28212	626	49	27301	138	0	28114
28213	25608	33	535	230	0	26406
28214	614	27166	239	136	0	28155
28215	271	506	168	27707	0	28652
28216	188	188	113	30087	0	30576
28217	163	128	119	29022	0	29432
28218	127	104	86	30450	0	30767
28219	93	75	101	30620	0	30889
28220	29995	52	71	1164	0	31282
28221	737	52	29555	545	0	30889
28222	27682	42	725	402	0	28851
28223	847	54	29195	314	0	30410
28224	370	56	817	29047	0	30290
28225	29344	47	332	904	0	30627
28226	847	45	244	29139	0	30275
28227	369	29252	190	936	0	30747
28228	30443	665	173	529	0	31810
28229	888	233	133	32128	0	33382
28230	395	178	30160	958	0	31691
28231	29166	109	693	532	0	30500
28232	870	32723	302	393	0	34288
28233	405	771	33717	329	0	35222
28234	336	279	896	33290	0	34801
28235	329	209	386	31750	0	32674
28236	217	33456	261	1161	0	35095
28237	226	849	33498	579	0	35152
28238	250	297	908	33080	0	34535
28239	187	253	34692	1154	0	36286
28240	203	170	1012	34021	0	35406
28241	188	165	414	34671	0	35438
28242	161	135	34408	1352	0	36056
28243	210	110	995	34030	0	35345
28244	420	212	796	26614	0	28042
28245	209	130	341	36157	0	36837
28246	227	122	347	36304	0	37000
28247	34601	85	304	1732	0	36722
28248	1055	101	34072	971	0	36199
28249	34608	127	1083	748	0	36566
28250	1285	151	505	36580	0	38521
28251	579	136	445	37513	0	38673
28252	407	126	354	37272	0	38159
28253	281	36296	361	1787	0	38725
28254	36981	1063	257	1048	0	39349
28255	1161	442	279	37764	0	39646
28256	523	37459	335	1522	0	39839
28257	363	1055	286	38678	0	40382
28258	38319	439	271	1715	0	40744
28259	38310	284	255	1058	0	39907
28260	38260	241	287	834	0	39622
28261	1543	37816	306	706	0	40371
28262	730	1098	38255	657	0	40740
28263	37365	460	1158	728	0	39711
28264	39407	271	472	751	0	40901
28265	1516	39258	356	686	0	41816
28266	39253	1168	286	641	0	41348
28267	38544	474	314	604	0	39936
28268	39968	318	217	623	0	41126
28269	1762	40405	255	656	0	43078
28270	913	1230	270	40140	0	42553
28271	40149	498	245	1528	0	42420
28272	41819	373	234	817	0	43243
28273	40244	315	192	702	0	41453
28274	41528	283	170	711	0	42692
28275	2002	278	159	40352	0	42791
28276	1075	263	39818	1558	0	42714
28277	889	236	1237	39526	0	41888
28278	723	40429	525	1600	0	43277
28279	625	1276	337	42037	0	44275
28280	638	535	41824	1759	0	44756
28281	41424	325	1356	906	0	44011
28282	1793	307	526	42836	0	45462
28283	42571	298	352	1709	0	44930
28284	43192	267	320	1025	0	44804
28285	2160	245	263	43160	0	45828
28286	1145	215	42856	1748	0	45964
28287	902	262	40198	910	0	42272
28288	39139	241	1579	660	0	41619
28289	1727	40633	662	611	0	43633
28290	896	40188	384	523	0	41991
28291	698	40189	270	536	0	41693
28292	629	41922	232	488	0	43271
28293	40393	1459	356	481	0	42689
28294	41006	587	269	460	0	42322
28295	40868	381	236	430	0	41915
28296	41075	341	218	445	0	42079
28297	1876	333	179	39239	0	41627
28298	929	38811	195	1243	0	41178
28299	38930	1161	206	638	0	40935
28300	1532	513	38504	424	0	40973
28301	841	38251	1022	481	0	40595
28302	737	1135	38722	386	0	40980
28303	37814	481	1162	384	0	39841
28304	39718	339	502	380	0	40939
28305	39729	345	305	368	0	40747
28306	1814	309	263	38754	0	41140
28307	992	275	38794	1196	0	41257
28308	757	38716	1052	547	0	41072
28309	37934	1129	485	421	0	39969
28310	1425	37942	298	394	0	40059
28311	780	36633	208	331	0	37952
28312	680	36593	159	289	0	37721
28313	642	37007	163	311	0	38123
28314	611	1178	34726	289	0	36804
28315	524	35519	887	300	0	37230
28316	33235	868	341	261	0	34705
28317	948	396	175	33295	0	34814
28318	518	301	161	33874	0	34854
28319	33511	249	165	933	0	34858
28320	968	32898	177	414	0	34457
28321	556	781	33707	252	0	35296
28322	493	388	707	32997	0	34585
28323	487	239	294	34227	0	35247
28324	460	271	200	34591	0	35522
28325	381	280	33914	957	0	35532
28326	339	265	33662	435	0	34701
28327	455	258	891	33848	0	35452
28328	385	265	33960	789	0	35399
28329	359	246	30981	345	0	31931
28330	28332	219	869	302	0	29722
28331	837	31188	374	263	0	32662
28332	427	30141	167	199	0	30934
28333	367	31001	189	220	0	31777
28334	401	788	170	29678	0	31037
28335	324	31798	153	552	0	32827
28336	32184	728	173	304	0	33389
28337	826	355	32359	213	0	33753
28338	32525	235	695	244	0	33699
28339	879	228	312	32824	0	34243
28340	470	213	209	33102	0	33994
28341	316	34008	225	933	0	35482
28342	34083	827	185	419	0	35514
28343	34369	343	213	309	0	35234
28344	1184	36297	196	232	0	37909
28345	518	999	152	35383	0	37052
28346	358	396	35688	957	0	37399
28347	868	302	34664	421	0	36255
28348	275	36376	1170	262	0	38083
28349	36052	1035	473	226	0	37786
28350	1116	395	36011	138	0	37660
28351	538	293	1007	35171	0	37009
28352	36183	221	417	1056	0	37877
28353	37113	177	282	412	0	37984
28354	1396	42875	231	256	0	44758
28355	580	45760	203	202	0	46745
28356	45245	1983	216	177	0	47621
28357	1807	766	45144	124	0	47841
28358	44782	451	1625	197	0	47055
28359	46657	333	572	160	0	47722
28360	2281	241	348	45142	0	48012
28361	913	269	45787	1628	0	48597
28362	605	234	45381	560	0	46780
28363	43438	168	2124	385	0	46115
28364	1888	270	45667	225	0	48050
28365	42708	181	1928	179	0	44996
28366	44780	168	717	178	0	45843
28367	2241	43849	418	197	0	46705
28368	1926	1661	42411	136	0	46134
28369	655	42804	1681	157	0	45297
28370	42297	1750	713	165	0	44925
28371	1852	737	41805	157	0	44551
28372	887	450	1709	39188	0	42234
28373	595	268	41075	1526	0	43464
28374	561	222	41138	529	0	42450
28375	479	166	40954	294	0	41893
28376	440	195	40708	212	0	41555
28377	400	38578	2341	200	0	41519
28378	377	1582	38899	118	0	40976
28379	394	38094	1855	166	0	40509
28380	381	1686	37806	107	0	39980
28381	36813	639	1917	166	0	39535
28382	1837	409	813	34171	0	37230
28383	770	37709	623	1203	0	40305
28384	37077	1584	552	464	0	39677
28385	37810	637	500	348	0	39295
28386	35657	537	484	223	0	36901
28387	37332	333	569	179	0	38413
28388	2219	36372	532	198	0	39321
28389	34005	1629	510	311	0	36455
28390	37193	737	553	182	0	38665
28391	2216	35172	532	260	0	38180
28392	1072	1795	33574	181	0	36622
28393	825	760	1732	32680	0	35997
28394	704	34905	898	1344	0	37851
28395	609	1734	35134	551	0	38028
28396	722	811	35673	354	0	37560
28397	686	33994	2270	264	0	37214
28398	709	35419	1081	250	0	37459
28399	689	37648	833	249	0	39419
28400	703	37818	645	235	0	39401
28401	37345	2598	641	235	0	40819
28402	38809	1259	614	240	0	40922
28403	2782	784	38319	247	0	42132
28404	1427	705	39392	215	0	41739
28405	1064	593	2651	37360	0	41668
28406	899	595	1401	38842	0	41737
28407	871	644	922	40129	0	42566
28408	38661	618	839	2426	0	42544
28409	2339	38236	792	1070	0	42437
28410	1332	40250	767	566	0	42915
28411	1063	42271	837	355	0	44526
28412	40266	3027	784	327	0	44404
28413	41886	1505	829	346	0	44566
28414	3209	1027	768	39990	0	44994
28415	41856	788	960	2016	0	45620
28416	43161	753	839	917	0	45670
28417	3455	787	848	41219	0	46309
28418	42030	757	884	2328	0	45999
28419	3099	40956	995	978	0	46028
28420	1686	2433	1090	40663	0	45872
28421	1501	1242	40336	2126	0	45205
28422	1278	39973	2801	979	0	45031
28423	1412	2627	40960	688	0	45687
28424	1404	1355	2899	37111	0	42769
28425	1288	41281	1678	1930	0	46177
28426	1409	2565	1430	40308	0	45712
28427	1325	1425	1262	41851	0	45863
28428	1394	1079	40465	2826	0	45764
28429	1245	952	43414	1269	0	46880
28430	1194	876	3414	41719	0	47203
28431	1306	886	2019	39823	0	44034
28432	1155	42385	1640	2588	0	47768
28433	40256	2730	1328	1331	0	45645
28434	2896	41369	1272	928	0	46465
28435	1600	43243	1062	770	0	46675
28436	1123	3302	40062	778	0	45265
28437	913	40918	2699	788	0	45318
28438	1012	2905	1676	36476	0	42069
28439	927	40243	1270	2215	0	44655
28440	963	2664	1019	37842	0	42488
28441	857	39490	1022	2339	0	43708
28442	38765	2800	857	1221	0	43643
28443	2613	39570	949	874	0	44006
28444	1314	2533	725	33678	0	38250
28445	1093	36887	716	1802	0	40498
28446	36535	2497	678	859	0	40569
28447	36842	1437	455	749	0	39483
28448	2759	36179	570	549	0	40057
28449	35571	2336	391	512	0	38810
28450	2476	1554	448	33873	0	38351
28451	1300	1103	33687	1912	0	38002
28452	1052	902	34403	999	0	37356
28453	925	34426	2232	814	0	38397
28454	26047	1220	670	433	0	28370
28455	26167	651	335	441	0	27594
28456	1417	447	25422	398	0	27684
28457	679	438	25119	372	0	26608
28458	24109	399	1206	369	0	26083
28459	25616	382	578	374	0	26950
28460	1332	440	24523	355	0	26650
28461	22719	406	1025	324	0	24474
28462	1174	23133	505	356	0	25168
28463	580	25081	365	312	0	26338
28464	409	1389	345	23973	0	26116
28465	384	719	295	24814	0	26212
28466	24757	499	307	1264	0	26827
28467	24787	481	332	656	0	26256
28468	25203	392	322	502	0	26419
28469	1381	456	300	24446	0	26583
28470	747	488	238	24776	0	26249
28471	588	23135	251	1280	0	25254
28472	462	23884	258	677	0	25281
28473	453	25165	274	496	0	26388
28474	475	1395	263	23288	0	25421
28475	518	24550	208	992	0	26268
28476	510	1218	23424	554	0	25706
28477	22219	736	878	471	0	24304
28478	1180	576	23893	401	0	26050
28479	657	561	23766	368	0	25352
28480	22691	515	1152	374	0	24732
28481	1126	24133	535	358	0	26152
28482	24444	1164	326	390	0	26324
28483	24563	696	285	370	0	25914
28484	1473	510	23194	329	0	25506
28485	808	478	24030	325	0	25641
28486	655	24477	1194	336	0	26662
28487	624	1115	24913	326	0	26978
28488	558	649	1142	24598	0	26947
28489	644	553	704	20456	0	22357
28490	500	24460	456	1156	0	26572
28491	563	26002	386	567	0	27518
28492	25344	1444	340	436	0	27564
28493	26657	835	338	392	0	28222
28494	1464	552	424	26309	0	28749
28495	805	547	406	27140	0	28898
28496	26385	428	408	1286	0	28507
28497	26707	485	335	711	0	28238
28498	1384	26834	342	559	0	29119
28499	25269	974	266	323	0	26832
28500	1225	23759	264	258	0	25506
28501	652	25107	252	269	0	26280
28502	24711	1088	263	355	0	26417
28503	24840	582	192	333	0	25947
28504	1240	449	217	24370	0	26276
28505	24545	380	187	808	0	25920
28506	1214	364	23903	356	0	25837
28507	666	24410	675	366	0	26117
28508	24114	823	311	411	0	25659
28509	1012	446	24445	325	0	26228
28510	556	501	683	22360	0	24100
28511	483	22774	343	603	0	24203
28512	537	23864	234	282	0	24917
28513	23724	761	253	272	0	25010
28514	880	395	23152	209	0	24636
28515	22101	280	662	126	0	23169
28516	893	201	356	22478	0	23928
28517	562	185	22445	494	0	23686
28518	21396	233	619	310	0	22558
28519	774	22949	303	211	0	24237
28520	410	24282	255	184	0	25131
28521	24494	748	242	181	0	25665
28522	24589	375	147	248	0	25359
28523	24967	259	152	293	0	25671
28524	938	191	156	24209	0	25494
28525	622	136	166	24442	0	25366
28526	460	174	24106	565	0	25305
28527	388	151	22947	404	0	23890
28528	322	23875	519	334	0	25050
28529	271	400	220	22578	0	23469
28530	22553	192	136	319	0	23200
28531	402	22357	77	258	0	23094
28532	237	358	74	22541	0	23210
28533	22470	202	128	391	0	23191
28534	383	22181	102	238	0	22904
28535	234	23479	76	180	0	23969
28536	246	344	22738	128	0	23456
28537	22151	201	281	126	0	22759
28538	23278	142	135	146	0	23701
28539	413	134	22820	125	0	23492
28540	20708	105	232	114	0	21159
28541	335	98	22651	77	0	23161
28542	185	22171	247	51	0	22654
28543	144	248	126	22170	0	22688
28544	21999	139	105	225	0	22468
28545	256	21687	84	97	0	22124
28546	166	21903	69	73	0	22211
28547	21196	197	47	50	0	21490
28548	219	107	22465	32	0	22823
28549	21120	56	166	106	0	21448
28550	211	23118	64	42	0	23435
28551	146	172	22167	31	0	22516
28552	21456	77	163	54	0	21750
28553	22806	68	58	39	0	22971
28554	235	50	47	22272	0	22604
28555	128	34	45	22740	0	22947
28556	89	22442	27	193	0	22751
28557	67	187	22497	86	0	22837
28558	87	75	180	22327	0	22669
28559	74	70	23781	246	0	24171
28560	71	47	23385	97	0	23600
28561	76	62	326	24929	0	25393
28562	63	49	25584	409	0	26105
28563	72	50	24590	138	0	24850
28564	80	44	521	24165	0	24810
28565	62	50	25142	440	0	25694
28566	22400	54	494	219	0	23167
28567	443	24201	188	115	0	24947
28568	172	409	25106	69	0	25756
28569	144	154	26837	56	0	27191
28570	108	89	586	25504	0	26287
28571	28214	47	248	486	0	28995
28572	28523	36	149	189	0	28897
28573	28366	48	111	121	0	28646
28574	28648	53	99	89	0	28889
28575	664	39	76	27697	0	28476
28576	302	51	28130	444	0	28927
28577	27553	48	463	202	0	28266
28578	28591	49	171	158	0	28969
28579	28948	37	138	112	0	29235
28580	672	36	28028	59	0	28795
28581	26177	41	496	96	0	26810
28582	593	63	208	28932	0	29796
28583	252	29273	155	491	0	30171
28584	208	485	128	28614	0	29435
28585	140	29059	121	487	0	29807
28586	29052	507	129	240	0	29928
28587	584	161	29603	164	0	30512
28588	229	104	612	28371	0	29316
28589	165	28700	271	511	0	29647
28590	141	29941	201	245	0	30528
28591	29833	651	172	169	0	30825
28592	29792	277	170	127	0	30366
28593	764	168	28378	117	0	29427
28594	28180	92	657	112	0	29041
28595	775	57	295	28625	0	29752
28596	367	61	29584	637	0	30649
28597	298	74	29010	247	0	29629
28598	267	76	789	29767	0	30899
28599	32006	74	300	781	0	33161
28600	897	54	215	31833	0	32999
28601	432	47	203	31885	0	32567
28602	336	51	164	32042	0	32593
28603	296	31840	144	1040	0	33320
28604	280	698	157	32477	0	33612
28605	31402	290	159	987	0	32838
28606	845	31618	184	490	0	33137
28607	441	813	149	32253	0	33656
28608	31933	347	117	1013	0	33410
28609	938	30937	150	483	0	32508
28610	431	32141	161	322	0	33055
28611	318	1119	143	32048	0	33628
28612	31291	471	142	986	0	32890
28613	1021	254	31025	484	0	32784
28614	496	217	30271	331	0	31315
28615	30457	189	1181	291	0	32118
28616	32910	163	525	241	0	33839
28617	1383	32888	341	211	0	34823
28618	712	950	226	32212	0	34100
28619	484	426	32080	993	0	33983
28620	347	263	30945	527	0	32082
28621	301	185	33608	348	0	34442
28622	278	32221	1583	291	0	34373
28623	251	33756	715	269	0	34991
28624	33069	1281	377	296	0	35023
28625	1256	571	33348	270	0	35445
28626	32322	324	1115	335	0	34096
28627	33845	208	545	344	0	34942
28628	1577	198	33502	292	0	35569
28629	723	34369	1199	309	0	36600
28630	614	1188	535	33000	0	35337
28631	385	585	35017	1195	0	37182
28632	366	384	33298	575	0	34623
28633	32329	274	1491	451	0	34545
28634	1303	34125	728	281	0	36437
28635	673	1277	412	32544	0	34906
28636	463	605	271	32981	0	34320
28637	381	32779	294	1493	0	34947
28638	354	33761	326	669	0	35110
28639	296	34758	346	457	0	35857
28640	368	1689	279	34926	0	37262
28641	35867	754	264	1373	0	38258
28642	1556	465	258	36389	0	38668
28643	682	368	35887	1667	0	38604
28644	478	305	35974	748	0	37505
28645	379	300	1854	36468	0	39001
28646	355	304	36892	1534	0	39085
28647	319	36756	1672	692	0	39439
28648	338	1560	686	38591	0	41175
28649	39902	658	533	1761	0	42854
28650	40080	439	432	751	0	41702
28651	2149	40227	361	533	0	43270
28652	40438	1773	341	453	0	43005
28653	41918	731	352	466	0	43467
28654	42314	488	366	461	0	43629
28655	2441	511	36288	403	0	39643
28656	38967	399	1567	459	0	41392
28657	2089	39419	724	412	0	42644
28658	907	1606	39287	346	0	42146
28659	681	714	39500	356	0	41251
28660	537	38935	2051	392	0	41915
28661	38218	1711	829	341	0	41099
28662	1765	677	540	36359	0	39341
28663	798	37125	378	1405	0	39706
28664	37803	1555	314	661	0	40333
28665	1765	771	312	37769	0	40617
28666	38343	456	297	1720	0	40816
28667	1918	377	304	38536	0	41135
28668	938	364	37307	1748	0	40357
28669	606	384	36174	798	0	37962
28670	551	361	36831	541	0	38284
28671	528	392	2118	34608	0	37646
28672	508	383	948	37031	0	38870
28673	478	396	36000	2036	0	38910
28674	580	35537	1690	925	0	38732
28675	36521	1630	780	596	0	39527
28676	36674	778	614	472	0	38538
28677	2245	36688	561	428	0	39922
28678	1152	1776	494	37020	0	40442
28679	829	780	37896	1733	0	41238
28680	36773	490	1914	899	0	40076
28681	2000	434	38219	586	0	41239
28682	1000	419	35788	437	0	37644
28683	712	398	37710	385	0	39205
28684	35479	369	2481	379	0	38708
28685	1996	428	36801	396	0	39621
28686	1045	34419	2075	385	0	37924
28687	763	36901	1077	380	0	39121
28688	715	1993	723	34860	0	38291
28689	623	876	666	36333	0	38498
28690	602	563	35462	2029	0	38656
28691	33577	462	1859	962	0	36860
28692	36660	422	963	622	0	38667
28693	2251	388	804	35652	0	39095
28694	35896	350	699	1659	0	38604
28695	2006	35443	661	799	0	38909
28696	35015	1632	524	674	0	37845
28697	1965	33783	572	610	0	36930
28698	969	34610	520	521	0	36620
28699	32910	1761	474	467	0	35612
28700	33087	775	524	417	0	34803
28701	34552	504	505	406	0	35967
28702	34976	449	456	427	0	36308
28703	2219	403	31716	436	0	34774
28704	31807	361	1590	379	0	34137
28705	1979	402	806	30827	0	34014
28706	1030	31619	592	1326	0	34567
28707	31852	1361	531	646	0	34390
28708	1749	31914	519	462	0	34644
28709	32304	1472	438	371	0	34585
28710	1864	658	428	31650	0	34600
28711	1019	535	393	32602	0	34549
28712	831	495	30184	1634	0	33144
28713	751	434	31196	752	0	33133
28714	746	31520	1603	604	0	34473
28715	30661	1331	780	454	0	33226
28716	1661	30129	564	361	0	32715
28717	949	30008	475	379	0	31811
28718	861	31737	430	366	0	33394
28719	846	1619	29933	325	0	32723
28720	721	30899	1331	314	0	33265
28721	28721	1430	639	354	0	31144
28722	29210	711	538	282	0	30741
28723	1705	534	389	27716	0	30344
28724	880	27404	395	1176	0	29855
28725	760	28789	399	572	0	30520
28726	738	1492	374	27827	0	30431
28727	690	775	27988	1147	0	30600
28728	652	27430	1194	587	0	29863
28729	649	1298	580	26669	0	29196
28730	25823	692	366	1196	0	28077
28731	26478	567	358	578	0	27981
28732	1451	26598	379	458	0	28886
28733	26909	1260	382	363	0	28914
28734	27508	632	361	333	0	28834
28735	1565	517	369	25983	0	28434
28736	873	462	25576	1105	0	28016
28737	639	25930	1139	520	0	28228
28738	639	1175	575	25523	0	27912
28739	573	648	25562	946	0	27729
28740	527	24865	943	514	0	26849
28741	23426	1030	448	431	0	25335
28742	24057	593	372	332	0	25354
28743	1248	507	276	23147	0	25178
28744	740	23554	313	801	0	25408
28745	556	962	23339	474	0	25331
28746	568	532	855	22940	0	24895
28747	453	487	23606	815	0	25361
28748	352	21277	721	417	0	22767
28749	446	686	468	19162	0	20762
28750	18983	374	203	534	0	20094
28751	568	18860	159	278	0	19865
28752	18641	540	125	237	0	19543
28753	18463	366	120	220	0	19169
28754	717	18785	147	164	0	19813
28755	450	558	135	18638	0	19781
28756	366	402	117	18528	0	19413
28757	298	17812	119	581	0	18810
28758	274	18464	151	344	0	19233
28759	288	562	99	17401	0	18350
28760	238	18019	109	377	0	18743
28761	18095	507	80	232	0	18914
28762	17912	284	114	191	0	18501
28763	582	256	17549	141	0	18528
28764	356	211	16941	134	0	17642
28765	16691	190	391	186	0	17458
28766	17793	168	232	155	0	18348
28767	488	18407	148	134	0	19177
28768	18321	467	124	159	0	19071
28769	18343	302	96	136	0	18877
28770	608	17891	90	129	0	18718
28771	18297	508	67	127	0	18999
28772	583	336	66	20982	0	21967
28773	353	243	83	21942	0	22621
28774	222	197	22624	805	0	23848
28775	176	21555	646	309	0	22686
28776	154	23397	223	177	0	23951
28777	21609	933	328	239	0	23109
28778	21972	245	74	149	0	22440
28779	21320	158	46	166	0	21690
28780	22708	130	64	140	0	23042
28781	831	141	21094	97	0	22163
28782	308	136	21951	94	0	22489
28783	179	22286	689	108	0	23262
28784	202	681	258	21809	0	22950
28785	238	262	130	21780	0	22410
28786	219	22673	81	637	0	23610
28787	241	707	91	22329	0	23368
28788	22255	226	108	687	0	23276
28789	749	22281	115	225	0	23370
28790	350	699	22501	132	0	23682
28791	218	23199	634	174	0	24225
28792	23082	711	244	167	0	24204
28793	693	342	22923	156	0	24114
28794	22404	192	658	200	0	23454
28795	23486	175	230	179	0	24070
28796	860	199	22915	138	0	24112
28797	311	170	22599	127	0	23207
28798	252	165	22400	103	0	22920
28799	20663	180	830	100	0	21773
28800	763	146	22377	71	0	23357
28801	334	21990	747	89	0	23160
28802	22038	635	303	68	0	23044
28803	778	221	21971	55	0	23025
28804	20777	135	789	74	0	21775
28805	816	124	21663	44	0	22647
28806	404	107	22514	40	0	23065
28807	241	22617	924	64	0	23846
28808	244	653	22880	61	0	23838
28809	263	261	22501	43	0	23068
28810	240	19529	952	107	0	20828
28811	21820	685	408	75	0	22988
28812	777	282	22293	41	0	23393
28813	375	174	826	19967	0	21342
28814	244	22226	398	517	0	23385
28815	22439	688	320	216	0	23663
28816	22245	284	371	177	0	23077
28817	846	243	22203	114	0	23406
28818	383	21103	819	95	0	22400
28819	274	22436	454	96	0	23260
28820	300	926	294	21083	0	22603
28821	334	20407	268	608	0	21617
28822	401	860	263	19208	0	20732
28823	356	371	262	22174	0	23163
28824	304	22361	281	803	0	23749
28825	315	861	255	21798	0	23229
28826	293	22208	259	770	0	23530
28827	265	885	21742	341	0	23233
28828	266	465	773	21370	0	22874
28829	253	401	378	21770	0	22802
28830	244	21623	257	909	0	23033
28831	269	22688	249	448	0	23654
28832	260	1046	235	21236	0	22777
28833	240	22168	270	780	0	23458
28834	21814	1006	257	412	0	23489
28835	868	480	266	21784	0	23398
28836	395	22158	275	853	0	23681
28837	21678	932	282	373	0	23265
28838	863	21617	314	323	0	23117
28839	435	962	21226	333	0	22956
28840	370	501	864	21062	0	22797
28841	21362	427	486	832	0	23107
28842	919	368	21612	404	0	23303
28843	479	393	931	20291	0	22094
28844	415	21089	440	788	0	22732
28845	427	903	20774	331	0	22435
28846	350	21365	952	267	0	22934
28847	20035	899	508	227	0	21669
28848	20979	481	495	211	0	22166
28849	1044	20698	446	193	0	22381
28850	20779	920	469	206	0	22374
28851	951	469	20559	229	0	22208
28852	508	383	1000	19787	0	21678
28853	386	381	590	19525	0	20882
28854	447	20328	434	799	0	22008
28855	21729	907	485	389	0	23510
28856	22556	507	379	272	0	23714
28857	1029	445	22234	173	0	23881
28858	22123	353	888	225	0	23589
28859	23072	355	465	226	0	24118
28860	23231	321	431	225	0	24208
28861	1141	363	366	21877	0	23747
28862	587	390	350	21843	0	23170
28863	467	22222	332	892	0	23913
28864	21476	947	332	390	0	23145
28865	22031	439	289	331	0	23090
28866	1084	21701	276	293	0	23354
28867	486	933	257	20504	0	22180
28868	401	20532	215	790	0	21938
28869	365	21970	208	350	0	22893
28870	21213	869	228	368	0	22678
28871	854	449	20629	330	0	22262
28872	303	258	17005	155	0	17721
28873	188	17125	404	157	0	17874
28874	15633	332	165	102	0	16232
28875	298	165	15645	74	0	16182
28876	171	14280	257	84	0	14792
28877	14211	221	90	73	0	14595
28878	216	120	14037	63	0	14436
28879	112	93	186	13462	0	13853
28880	14670	68	108	235	0	15081
28881	281	73	14746	109	0	15209
28882	133	91	15449	77	0	15750
28883	92	54	16060	75	0	16281
28884	68	80	15937	46	0	16131
28885	14950	68	312	64	0	15394
28886	16752	39	139	50	0	16980
28887	289	16844	115	55	0	17303
28888	116	277	76	17370	0	17839
28889	99	104	55	17923	0	18181
28890	75	17140	67	402	0	17684
28891	75	386	49	17310	0	17820
28892	76	17931	35	384	0	18426
28893	59	18558	52	165	0	18834
28894	43	533	52	18202	0	18830
28895	64	256	18144	430	0	18894
28896	55	18217	421	197	0	18890
28897	32	456	208	18463	0	19159
28898	18496	227	126	458	0	19307
28899	431	148	17436	1040	0	19055
28900	17754	107	445	159	0	18465
28901	18855	103	195	99	0	19252
28902	647	130	119	19062	0	19958
28903	295	102	19793	563	0	20753
28904	194	94	19645	263	0	20196
28905	127	20735	762	158	0	21782
28906	164	624	337	20119	0	21244
28907	88	279	20581	642	0	21590
28908	81	178	20436	286	0	20981
28909	61	20953	888	178	0	22080
28910	21051	685	401	145	0	22282
28911	21753	309	234	113	0	22409
28912	904	187	180	22383	0	23654
28913	438	120	23203	823	0	24584
28914	262	102	23088	377	0	23829
28915	192	23927	1138	248	0	25505
28916	184	794	24357	155	0	25490
28917	130	366	24503	152	0	25151
28918	126	254	1297	22353	0	24030
28919	107	136	24522	856	0	25621
28920	23071	142	1091	392	0	24696
28921	842	113	561	24408	0	25924
28922	363	117	25273	908	0	26661
28923	240	25146	1032	429	0	26847
28924	185	886	555	25501	0	27127
28925	187	392	26016	924	0	27519
28926	157	26439	1111	462	0	28169
28927	176	1010	596	25630	0	27412
28928	133	27113	438	977	0	28661
28929	133	1113	391	27281	0	28918
28930	121	538	335	27553	0	28547
28931	119	329	27000	1434	0	28882
28932	122	27154	1163	698	0	29137
28933	133	1054	635	27416	0	29238
28934	132	495	449	27812	0	28888
28935	150	343	340	28543	0	29376
28936	126	247	27140	1603	0	29116
28937	100	26810	1181	834	0	28925
28938	101	1086	623	27228	0	29038
28939	114	527	27110	1250	0	29001
28940	77	26962	1206	695	0	28940
28941	104	1182	649	27113	0	29048
28942	94	599	27309	1297	0	29299
28943	88	27320	1179	737	0	29324
28944	112	1148	637	27139	0	29036
28945	106	610	442	28478	0	29636
28946	102	419	28416	1634	0	30571
28947	25688	334	1220	957	0	28199
28948	947	28377	654	663	0	30641
28949	28603	1180	462	570	0	30815
28950	1115	613	28776	517	0	31021
28951	28317	457	1320	485	0	30579
28952	1176	385	700	28939	0	31200
28953	515	354	505	30390	0	31764
28954	336	350	29392	1621	0	31699
28955	25953	338	1299	961	0	28551
28956	27344	315	713	673	0	29045
28957	1340	26740	515	584	0	29179
28958	636	28502	455	517	0	30110
28959	27888	1454	431	469	0	30242
28960	1227	745	27788	477	0	30237
28961	620	28813	1314	441	0	31188
28962	442	1229	724	29262	0	31657
28963	344	658	525	30541	0	32068
28964	358	425	29710	1590	0	32083
28965	28113	347	1369	951	0	30780
28966	1312	351	30360	615	0	32638
28967	29548	276	1529	574	0	31927
28968	1503	303	31263	520	0	33589
28969	742	31323	1551	454	0	34070
28970	31668	1329	848	457	0	34302
28971	32428	698	601	454	0	34181
28972	32278	432	561	407	0	33678
28973	32852	451	497	363	0	34163
28974	1916	420	405	31513	0	34254
28975	979	301	31409	1434	0	34123
28976	621	339	1425	30704	0	33089
28977	519	31381	795	1430	0	34125
28978	513	1197	551	32204	0	34465
28979	404	627	31833	1531	0	34395
28980	405	399	31623	763	0	33190
28981	439	438	1663	30660	0	33200
28982	30033	319	869	1398	0	32619
28983	29475	265	639	777	0	31156
28984	30305	324	504	537	0	31670
28985	1873	274	29544	514	0	32205
28986	974	255	29297	464	0	30990
28987	667	28504	1575	403	0	31149
28988	483	29662	784	424	0	31353
28989	28219	1292	525	434	0	30470
28990	28893	634	464	352	0	30343
28991	1396	29595	361	448	0	31800
28992	29072	1027	380	341	0	30820
28993	29328	496	333	383	0	30540
28994	1347	29033	349	361	0	31090
28995	29926	1054	328	301	0	31609
28996	29810	510	281	340	0	30941
28997	1471	29642	339	276	0	31728
28998	30103	1008	373	296	0	31780
28999	30384	528	342	302	0	31556
29000	1513	382	29831	281	0	32007
29001	847	318	29503	226	0	30894
29002	623	28332	1087	184	0	30226
29003	486	29544	502	207	0	30739
29004	29092	1004	477	200	0	30773
29005	28367	433	243	156	0	29199
29006	28107	331	213	145	0	28796
29007	1215	28019	207	130	0	29571
29008	668	689	178	27932	0	29467
29009	483	402	28076	648	0	29609
29010	413	445	683	26827	0	28368
29011	404	28097	374	633	0	29508
29012	27592	587	202	220	0	28601
29013	707	26869	171	140	0	27887
29014	421	585	124	26774	0	27904
29015	28111	283	139	558	0	29091
29016	28142	195	154	232	0	28723
29017	911	201	27469	114	0	28695
29018	27799	210	542	142	0	28693
29019	30006	152	268	112	0	30538
29020	30476	172	164	115	0	30927
29021	1119	151	121	28673	0	30064
29022	559	28907	155	594	0	30215
29023	398	682	158	29511	0	30749
29024	339	353	29650	712	0	31054
29025	310	29787	686	327	0	31110
29026	281	680	249	29079	0	30289
29027	281	316	29105	617	0	30319
29028	293	28908	630	243	0	30074
29029	330	639	285	27599	0	28853
29030	298	312	28689	592	0	29891
29031	24890	195	658	415	0	26158
29032	790	181	29137	173	0	30281
29033	453	160	28524	167	0	29304
29034	316	29000	814	170	0	30300
29035	305	719	377	28774	0	30175
29036	268	329	218	28170	0	28985
29037	265	28305	216	725	0	29511
29038	276	733	157	29793	0	30959
29039	30191	311	152	774	0	31428
29040	30188	216	208	329	0	30941
29041	1001	248	28361	237	0	29847
29042	29123	159	639	251	0	30172
29043	30450	184	327	182	0	31143
29044	1013	197	30058	180	0	31448
29045	460	29773	787	171	0	31191
29046	338	30043	342	175	0	30898
29047	376	937	205	26501	0	28019
29048	283	29440	217	549	0	30489
29049	346	806	26481	266	0	27899
29050	341	414	27603	188	0	28546
29051	303	29033	844	183	0	30363
29052	28658	781	371	128	0	29938
29053	29655	415	227	160	0	30457
29054	29958	254	203	169	0	30584
29055	30005	269	150	136	0	30560
29056	27837	312	165	172	0	28486
29057	1001	28908	184	141	0	30234
29058	554	791	28641	101	0	30087
29059	400	365	690	28294	0	29749
29060	27930	280	320	695	0	29225
29061	854	27617	196	297	0	28964
29062	489	738	162	26974	0	28363
29063	369	349	26976	644	0	28338
29064	319	25856	666	264	0	27105
29065	237	26971	308	155	0	27671
29066	25713	757	229	259	0	26958
29067	608	25735	120	127	0	26590
29068	323	593	112	24714	0	25742
29069	24755	266	96	543	0	25660
29070	24632	165	105	231	0	25133
29071	24848	150	103	146	0	25247
29072	754	143	24006	101	0	25004
29073	352	24307	481	89	0	25229
29074	24744	557	191	124	0	25616
29075	603	262	123	24379	0	25367
29076	24514	182	100	542	0	25338
29077	656	24140	91	222	0	25109
29078	25371	570	77	148	0	26166
29079	27463	242	101	131	0	27937
29080	961	199	92	26703	0	27955
29081	487	163	27640	705	0	28995
29082	368	117	747	28100	0	29332
29083	28005	114	299	882	0	29300
29084	28435	130	219	371	0	29155
29085	1078	27729	182	223	0	29212
29086	26951	750	120	186	0	28007
29087	986	27218	103	213	0	28520
29088	27273	860	88	155	0	28376
29089	26567	391	103	220	0	27281
29090	1063	278	26639	160	0	28140
29091	496	26573	723	149	0	27941
29092	373	813	331	26710	0	28227
29093	296	364	233	27334	0	28227
29094	273	288	168	26186	0	26915
29095	212	26335	153	1010	0	27710
29096	238	820	26122	455	0	27635
29097	231	396	26438	289	0	27354
29098	196	32901	985	222	0	34304
29099	32770	1199	440	193	0	34602
29100	1224	527	32784	150	0	34685
29101	31870	355	1224	176	0	33625
29102	1422	32520	550	148	0	34640
29103	644	1213	32601	158	0	34616
29104	446	546	1244	31908	0	34144
29105	313	428	33070	1172	0	34983
29106	310	273	33930	511	0	35024
29107	352	233	1610	30117	0	32312
29108	337	31380	746	1038	0	33501
29109	291	33313	473	427	0	34504
29110	32528	1495	335	379	0	34737
29111	1337	712	32192	200	0	34441
29112	32191	462	1221	204	0	34078
29113	32843	286	609	183	0	33921
29114	1567	32854	411	185	0	35017
29115	31532	1190	221	130	0	33073
29116	31927	555	181	121	0	32784
29117	30634	346	172	137	0	31289
29118	1734	29181	189	101	0	31205
29119	831	26719	197	104	0	27851
29120	531	29098	143	99	0	29871
29121	28765	1356	289	121	0	30531
29122	29138	659	158	107	0	30062
29123	1488	393	26629	91	0	28601
29124	771	256	27031	71	0	28129
29125	27610	208	1141	102	0	29061
29126	28717	200	550	123	0	29590
29127	29157	162	378	142	0	29839
29128	1533	161	251	27816	0	29761
29129	840	143	186	28558	0	29727
29130	526	181	164	29114	0	29985
29131	385	194	151	29369	0	30099
29132	357	233	26168	1403	0	28161
29133	319	161	27428	647	0	28555
29134	332	145	27685	366	0	28528
29135	333	144	27512	229	0	28218
29136	26893	132	1374	181	0	28580
29137	1037	27176	673	167	0	29053
29138	598	28696	396	168	0	29858
29139	28197	1177	255	129	0	29758
29140	1191	572	27961	140	0	29864
29141	569	427	27545	183	0	28724
29142	27128	277	1268	227	0	28900
29143	28421	205	649	232	0	29507
29144	1330	28098	477	201	0	30106
29145	790	897	329	28086	0	30102
29146	28833	399	287	877	0	30396
29147	29566	369	268	395	0	30598
29148	1422	283	206	28534	0	30445
29149	867	29752	161	853	0	31633
29150	30311	983	163	460	0	31917
29151	1190	529	29379	351	0	31449
29152	28796	371	984	266	0	30417
29153	1209	29530	550	220	0	31509
29154	30106	958	455	213	0	31732
29155	29551	464	333	228	0	30576
29156	1425	389	29688	171	0	31673
29157	807	273	29192	163	0	30435
29158	29238	234	1334	181	0	30987
29159	30548	243	694	161	0	31646
29160	1342	30597	449	143	0	32531
29161	786	994	327	31004	0	33111
29162	601	481	31035	864	0	32981
29163	30171	384	1104	396	0	32055
29164	1206	301	587	31344	0	33438
29165	758	215	410	32211	0	33594
29166	31785	236	328	1196	0	33545
29167	1185	32707	282	664	0	34838
29168	33359	970	244	479	0	35052
29169	33679	444	293	280	0	34696
29170	34239	386	249	253	0	35127
29171	1619	33216	230	250	0	35315
29172	34066	1027	245	195	0	35533
29173	1488	479	234	33313	0	35514
29174	840	405	231	33580	0	35056
29175	689	288	33212	1225	0	35414
29176	632	228	32674	622	0	34156
29177	497	32820	1218	421	0	34956
29178	487	33757	599	230	0	35073
29179	457	956	31486	134	0	33033
29180	366	32126	827	141	0	33460
29181	31987	1047	397	202	0	33633
29182	32468	402	230	132	0	33232
29183	33029	306	145	152	0	33632
29184	1282	229	136	31143	0	32790
29185	695	185	157	32347	0	33384
29186	474	177	32382	1016	0	34049
29187	310	32256	770	550	0	33886
29188	32335	782	352	346	0	33815
29189	898	32564	292	199	0	33953
29190	32850	963	188	111	0	34112
29191	33227	420	127	137	0	33911
29192	1240	286	132	31792	0	33450
29193	753	177	152	32022	0	33104
29194	510	171	118	33381	0	34180
29195	400	150	31753	1224	0	33527
29196	290	30572	740	704	0	32306
29197	266	31281	382	442	0	32371
29198	100	24640	68	109	0	24917
29199	93	24607	58	102	0	24860
29200	116	25103	62	64	0	25345
29201	23217	399	71	90	0	23777
29202	336	171	23836	47	0	24390
29203	181	23849	277	66	0	24373
29204	154	311	23004	55	0	23524
29205	107	23940	301	64	0	24412
29206	262	469	213	17606	0	18550
29207	111	162	74	22717	0	23064
29208	99	23428	62	346	0	23935
29209	22994	301	63	169	0	23527
29210	330	150	22717	106	0	23303
29211	164	23070	276	98	0	23608
29212	143	331	22656	68	0	23198
29213	111	177	299	22206	0	22793
29214	124	127	146	20978	0	21375
29215	118	22375	86	310	0	22889
29216	123	327	62	22713	0	23225
29217	109	163	50	22643	0	22965
29218	102	22384	53	377	0	22916
29219	101	327	21884	179	0	22491
29220	98	185	21585	129	0	21997
29221	20549	132	373	121	0	21175
29222	22382	124	156	74	0	22736
29223	394	122	91	21528	0	22135
29224	200	109	21551	303	0	22163
29225	143	109	300	20666	0	21218
29226	117	21907	132	354	0	22510
29227	109	328	21860	164	0	22461
29228	89	21403	311	143	0	21946
29229	106	359	21341	95	0	21901
29230	60	21659	324	106	0	22149
29231	21489	361	163	122	0	22135
29232	296	214	109	21189	0	21808
29233	155	157	89	20862	0	21263
29234	117	151	21211	356	0	21835
29235	135	145	19983	179	0	20442
29236	118	20974	348	129	0	21569
29237	21024	326	153	123	0	21626
29238	316	150	134	20570	0	21170
29239	153	143	20849	307	0	21452
29240	116	127	19639	178	0	20060
29241	17954	126	361	194	0	18635
29242	19252	125	194	133	0	19704
29243	360	129	19779	89	0	20357
29244	188	146	300	18635	0	19269
29245	124	19401	161	246	0	19932
29246	19586	309	109	200	0	20204
29247	282	19489	91	154	0	20016
29248	18791	270	84	125	0	19270
29249	269	18628	63	104	0	19064
29250	113	18861	79	70	0	19123
29251	117	310	65	18681	0	19173
29252	82	155	76	18594	0	18907
29253	52	18577	75	299	0	19003
29254	58	274	18053	138	0	18523
29255	66	157	17279	103	0	17605
29256	70	100	17683	75	0	17928
29257	16587	109	315	108	0	17119
29258	17814	85	158	88	0	18145
29259	277	18717	121	79	0	19194
29260	141	311	18264	72	0	18788
29261	96	175	311	18001	0	18583
29262	62	120	19054	331	0	19567
29263	68	106	19404	157	0	19735
29264	63	108	491	21007	0	21669
29265	73	95	205	22512	0	22885
29266	55	99	24477	745	0	25376
29267	22825	78	611	502	0	24016
29268	629	24954	372	271	0	26226
29269	376	26326	232	161	0	27095
29270	248	1036	163	25393	0	26840
29271	26259	575	120	681	0	27635
29272	753	26788	113	415	0	28069
29273	26806	888	70	250	0	28014
29274	907	27304	74	174	0	28459
29275	28447	1011	63	161	0	29682
29276	1080	592	27907	139	0	29718
29277	673	391	28363	102	0	29529
29278	414	368	1145	27063	0	28990
29279	271	263	27679	789	0	29002
29280	222	25301	1066	483	0	27072
29281	166	25949	641	281	0	27037
29282	26098	1177	392	200	0	27867
29283	862	656	265	24956	0	26739
29284	534	26399	192	777	0	27902
29285	26773	1007	179	447	0	28406
29286	26281	629	141	257	0	27308
29287	27291	392	148	170	0	28001
29288	1529	252	148	26145	0	28074
29289	891	214	123	26918	0	28146
29290	549	199	26438	1274	0	28460
29291	403	189	26389	735	0	27716
29292	25875	171	1242	448	0	27736
29293	1052	166	678	26000	0	27896
29294	643	154	26115	988	0	27900
29295	25475	151	1018	629	0	27273
29296	1046	26891	658	387	0	28982
29297	27431	853	424	298	0	29006
29298	28036	503	280	262	0	29081
29299	28288	325	225	271	0	29109
29300	1708	225	26701	221	0	28855
29301	26926	178	952	197	0	28253
29302	1477	420	590	25338	0	27825
29303	974	25028	392	843	0	27237
29304	655	27255	291	565	0	28766
29305	27125	1186	277	326	0	28914
29306	27537	668	225	255	0	28685
29307	28089	426	187	212	0	28914
29308	1815	314	139	26459	0	28727
29309	1103	272	167	27132	0	28674
29310	836	230	146	26382	0	27594
29311	619	26565	181	1488	0	28853
29312	26598	948	169	873	0	28588
29313	27182	592	169	592	0	28535
29314	27827	414	155	433	0	28829
29315	1791	377	27010	352	0	29530
29316	28098	301	900	305	0	29604
29317	1664	287	542	26032	0	28525
29318	1160	27264	327	930	0	29681
29319	27731	1033	236	619	0	29619
29320	27722	637	208	443	0	29010
29321	1812	403	27421	379	0	30015
29322	1208	321	985	26468	0	28982
29323	822	27684	606	1054	0	30166
29324	28803	1078	405	685	0	30971
29325	1495	682	288	28482	0	30947
29326	1032	452	280	28532	0	30296
29327	792	341	230	29429	0	30792
29328	647	295	241	30609	0	31792
29329	590	313	28990	1938	0	31831
29330	549	29154	1094	1176	0	31973
29331	550	1162	623	29479	0	31814
29332	519	721	29524	1445	0	32209
29333	28993	481	1219	996	0	31689
29334	30448	419	721	699	0	32287
29335	1859	334	507	29986	0	32686
29336	30545	344	408	1404	0	32701
29337	31420	312	336	977	0	33045
29338	2057	287	30457	710	0	33511
29339	1283	30565	1195	589	0	33632
29340	31363	1130	713	560	0	33766
29341	1670	732	513	30964	0	33879
29342	32136	477	403	1332	0	34348
29343	1809	358	379	31684	0	34230
29344	1206	328	331	32496	0	34361
29345	935	300	30871	1922	0	34028
29346	28661	284	1195	1286	0	31426
29347	1605	31169	709	843	0	34326
29348	1135	1140	30983	694	0	33952
29349	847	31421	1235	634	0	34137
29350	31142	1399	765	570	0	33876
29351	1645	830	526	30932	0	33933
29352	31181	525	385	1388	0	33479
29353	1803	30729	354	920	0	33806
29354	31725	1256	301	685	0	33967
29355	32245	708	299	639	0	33891
29356	32469	476	321	563	0	33829
29357	32386	348	282	514	0	33530
29358	2287	31014	280	461	0	34042
29359	31417	1177	290	401	0	33285
29360	2008	745	269	30220	0	33242
29361	1442	564	214	30067	0	32287
29362	1075	27847	227	1564	0	30713
29363	949	27752	191	967	0	29859
29364	758	27475	135	554	0	28922
29365	25483	1152	226	473	0	27334
29366	1091	23449	139	336	0	25015
29367	615	21942	125	249	0	22931
29368	21718	768	215	270	0	22971
29369	21292	407	145	219	0	22063
29370	974	21433	89	218	0	22714
29371	21108	625	99	207	0	22039
29372	855	320	20151	185	0	21511
29373	19708	265	436	208	0	20617
29374	794	225	20085	195	0	21299
29375	423	17969	398	138	0	18928
29376	316	18585	204	151	0	19256
29377	558	619	234	17628	0	19039
29378	18142	224	100	406	0	18872
29379	18520	180	62	225	0	18987
29380	18742	150	75	190	0	19157
29381	18662	125	94	193	0	19074
29382	18245	170	79	166	0	18660
29383	562	157	17428	144	0	18291
29384	308	183	16561	167	0	17219
29385	17329	151	358	141	0	17979
29386	492	17890	161	123	0	18666
29387	17822	333	69	144	0	18368
29388	18331	171	79	128	0	18709
29389	18922	105	77	141	0	19245
29390	18805	112	74	140	0	19131
29391	18745	123	96	155	0	19119
29392	546	138	18434	126	0	19244
29393	18742	147	295	155	0	19339
29394	18999	135	161	184	0	19479
29395	552	175	17940	140	0	18807
29396	17147	152	235	173	0	17707
29397	18525	136	132	161	0	18954
29398	596	131	19106	110	0	19943
29399	421	126	18705	118	0	19370
29400	351	19235	410	98	0	20094
29401	353	318	201	19303	0	20175
29402	347	180	19601	269	0	20397
29403	19329	164	337	191	0	20021
29404	556	132	187	20389	0	21264
29405	369	128	20818	330	0	21645
29406	20300	146	334	196	0	20976
29407	21195	138	161	137	0	21631
29408	21323	127	99	133	0	21682
29409	631	21523	95	126	0	22375
29410	449	369	88	21035	0	21941
29411	342	21534	97	331	0	22304
29412	21689	401	126	177	0	22393
29413	21389	211	146	144	0	21890
29414	620	168	21184	93	0	22065
29415	319	19958	317	68	0	20662
29416	227	20239	165	58	0	20689
29417	239	429	87	19988	0	20743
29418	265	202	63	20196	0	20726
29419	20090	130	70	372	0	20662
29420	497	19798	62	142	0	20499
29421	314	19748	58	99	0	20219
29422	298	383	19507	47	0	20235
29423	252	19969	273	52	0	20546
29424	19598	337	123	108	0	20166
29425	431	162	19341	99	0	20033
29426	16996	131	245	124	0	17496
29427	400	94	18681	55	0	19230
29428	15873	58	245	108	0	16284
29429	317	18901	97	42	0	19357
29430	19506	297	48	62	0	19913
29431	381	127	20299	26	0	20833
29432	20094	59	341	66	0	20560
29433	20444	55	140	47	0	20686
29434	444	48	20989	20	0	21501
29435	20784	48	302	56	0	21190
29436	21938	56	105	40	0	22139
29437	21447	34	70	34	0	21585
29438	538	20792	53	23	0	21406
29439	21294	351	45	43	0	21733
29440	490	159	21105	16	0	21770
29441	218	22550	345	37	0	23150
29442	22764	385	129	38	0	23316
29443	22448	152	93	44	0	22737
29444	22937	85	56	29	0	23107
29445	601	22525	63	17	0	23206
29446	275	410	53	25558	0	26296
29447	174	143	25440	622	0	26379
29448	156	90	675	25283	0	26204
29449	161	61	26089	718	0	27029
29450	24329	50	784	271	0	25434
29451	779	26079	281	142	0	27281
29452	359	744	136	25617	0	26856
29453	226	26627	100	644	0	27597
29454	172	824	105	26655	0	27756
29455	175	308	65	26785	0	27333
29456	170	27242	63	927	0	28402
29457	193	854	54	27518	0	28619
29458	158	347	41	28500	0	29046
29459	147	28158	79	1051	0	29435
29460	116	29518	112	396	0	30142
29461	152	1091	93	28847	0	30183
29462	155	414	28692	909	0	30170
29463	161	29274	879	328	0	30642
29464	177	975	292	29200	0	30644
29465	158	419	30149	1015	0	31741
29466	128	30563	1044	409	0	32144
29467	30208	1080	349	330	0	31967
29468	1074	412	30177	234	0	31897
29469	29692	285	1054	222	0	31253
29470	1178	277	339	29980	0	31774
29471	422	198	199	30687	0	31506
29472	270	244	152	31094	0	31760
29473	197	248	29706	1480	0	31631
29474	179	217	29353	664	0	30413
29475	28032	253	1280	446	0	30011
29476	1085	234	488	29645	0	31452
29477	403	203	29903	1222	0	31731
29478	29153	259	1117	542	0	31071
29479	1169	249	421	29719	0	31558
29480	503	244	295	30305	0	31347
29481	381	215	267	30030	0	30893
29482	274	29822	230	1496	0	31822
29483	269	1096	177	29085	0	30627
29484	219	28915	226	1254	0	30614
29485	224	30685	192	580	0	31681
29486	29655	1326	200	452	0	31633
29487	27106	571	303	413	0	28393
29488	29961	360	227	304	0	30852
29489	1429	28998	205	375	0	31007
29490	28873	1098	201	392	0	30564
29491	29723	465	186	397	0	30771
29492	1463	293	229	28521	0	30506
29493	597	241	300	29206	0	30344
29494	445	227	27957	1504	0	30133
29495	291	28517	1098	790	0	30696
29496	27886	1102	446	559	0	29993
29497	28428	485	312	419	0	29644
29498	1282	27823	253	430	0	29788
29499	27840	1164	200	420	0	29624
29500	28199	478	164	487	0	29328
29501	1402	399	177	27076	0	29054
29502	645	26271	198	1193	0	28307
29503	448	28128	157	586	0	29319
29504	27203	1320	165	495	0	29183
29505	1269	594	171	26869	0	28903
29506	567	407	26497	1241	0	28712
29507	25526	299	990	656	0	27471
29508	1198	368	27034	515	0	29115
29509	562	26850	1082	410	0	28904
29510	26872	1108	416	440	0	28836
29511	1242	507	26780	437	0	28966
29512	590	462	1055	27141	0	29248
29513	474	342	28099	1259	0	30174
29514	332	28419	1189	609	0	30549
29515	457	1185	456	28556	0	30654
29516	448	582	28265	1213	0	30508
29517	26341	441	1050	725	0	28557
29518	1190	28900	423	549	0	31062
29519	652	1124	325	27699	0	29800
29520	457	29243	303	1179	0	31182
29521	28840	1279	274	595	0	30988
29522	28891	650	244	551	0	30336
29523	1319	29068	286	475	0	31148
29524	710	1162	283	28129	0	30284
29525	465	29143	338	1144	0	31090
29526	28758	1192	328	606	0	30884
29527	1222	573	28577	455	0	30827
29528	596	532	27746	392	0	29266
29529	491	27713	1123	380	0	29707
29530	348	28552	576	355	0	29831
29531	339	1175	388	27554	0	29456
29532	27313	529	296	1091	0	29229
29533	27699	414	276	546	0	28935
29534	26964	325	242	429	0	27960
29535	1355	27838	264	349	0	29806
29536	689	912	251	26994	0	28846
29537	512	27907	220	954	0	29593
29538	27924	992	223	505	0	29644
29539	1145	477	199	27481	0	29302
29540	552	297	26517	982	0	28348
29541	392	26241	835	526	0	27994
29542	26031	877	343	387	0	27638
29543	948	408	25971	293	0	27620
29544	25043	397	770	345	0	26555
29545	1010	25630	296	350	0	27286
29546	313	23567	136	151	0	24167
29547	22901	585	146	110	0	23742
29548	576	23596	93	135	0	24400
29549	22940	486	108	146	0	23680
29550	501	23106	71	128	0	23806
29551	23355	512	98	136	0	24101
29552	23403	232	81	113	0	23829
29553	605	179	23740	99	0	24623
29554	261	177	22903	69	0	23410
29555	192	23516	394	114	0	24216
29556	23285	379	212	122	0	23998
29557	430	170	22684	44	0	23328
29558	21572	111	333	77	0	22093
29559	393	131	128	21750	0	22402
29560	155	96	22129	235	0	22615
29561	138	89	20740	112	0	21079
29562	131	88	22161	69	0	22449
29563	94	22424	301	36	0	22855
29564	213	423	228	21780	0	22644
29565	21459	52	37	133	0	21681
29566	142	35	33	21567	0	21777
29567	21806	24	41	166	0	22037
29568	173	24	46	21906	0	22149
29569	21923	39	33	199	0	22194
29570	21618	61	46	145	0	21870
29571	24970	31	52	70	0	25123
29572	403	25316	26	35	0	25780
29573	163	366	25683	41	0	26253
29574	91	142	399	25846	0	26478
29575	546	378	581	14359	0	15864
29576	80	68	72	26670	0	26890
29577	90	62	48	26138	0	26338
29578	76	25338	36	603	0	26053
29579	91	430	24965	224	0	25710
29580	66	25614	415	138	0	26233
29581	112	510	183	24066	0	24871
29582	61	197	68	26126	0	26452
29583	69	103	49	26316	0	26537
29584	78	92	52	26125	0	26347
29585	70	25164	53	657	0	25944
29586	43	25557	55	277	0	25932
29587	62	560	25010	159	0	25791
29588	63	218	471	24932	0	25684
29589	79	131	178	25289	0	25677
29590	57	103	80	26408	0	26648
29591	25998	116	58	739	0	26911
29592	500	25929	57	300	0	26786
29593	226	516	25616	159	0	26517
29594	25456	230	479	152	0	26317
29595	546	123	165	25976	0	26810
29596	26516	98	80	613	0	27307
29597	590	94	60	26751	0	27495
29598	26934	82	68	624	0	27708
29599	590	97	71	26906	0	27664
29600	26729	112	70	622	0	27533
29601	633	87	27114	280	0	28114
29602	327	61	489	26803	0	27680
29603	200	27798	189	528	0	28715
29604	163	514	104	28680	0	29461
29605	28376	239	82	636	0	29333
29606	579	28147	102	279	0	29107
29607	294	596	95	29461	0	30446
29608	175	29449	78	635	0	30337
29609	151	705	62	29899	0	30817
29610	154	273	62	30298	0	30787
29611	162	159	29305	893	0	30519
29612	148	137	646	28513	0	29444
29613	116	99	27966	822	0	29003
29614	113	27374	699	403	0	28589
29615	27486	636	273	287	0	28682
29616	707	252	27481	201	0	28641
29617	26339	165	713	229	0	27446
29618	28408	114	269	230	0	29021
29619	906	113	178	28438	0	29635
29620	352	135	29187	784	0	30458
29621	27921	98	786	423	0	29228
29622	30912	93	332	282	0	31619
29623	1070	94	197	29811	0	31172
29624	478	74	139	30429	0	31120
29625	268	29958	130	1107	0	31463
29626	244	874	139	29784	0	31041
29627	184	30127	118	971	0	31400
29628	214	869	29874	464	0	31421
29629	157	326	710	29120	0	30313
29630	28603	176	318	897	0	29994
29631	29051	131	158	432	0	29772
29632	945	28805	89	325	0	30164
29633	414	773	88	29341	0	30616
29634	29335	302	117	893	0	30647
29635	831	27990	93	482	0	29396
29636	28304	814	66	287	0	29471
29637	920	320	80	29225	0	30545
29638	30530	223	64	999	0	31816
29639	1064	193	32729	430	0	34416
29640	432	33210	1013	334	0	34989
29641	33176	1111	342	282	0	34911
29642	1076	34254	243	283	0	35856
29643	35050	1217	138	269	0	36674
29644	36072	454	82	302	0	36910
29645	1600	284	35280	194	0	37358
29646	672	234	1165	34387	0	36458
29647	36186	185	377	1306	0	38054
29648	1341	192	35462	504	0	37499
29649	35603	182	1209	350	0	37344
29650	1436	191	437	35773	0	37837
29651	602	169	35358	1309	0	37438
29652	467	147	1186	34972	0	36772
29653	34322	138	501	1412	0	36373
29654	1345	185	35283	600	0	37413
29655	692	150	1186	35374	0	37402
29656	451	159	493	36472	0	37575
29657	36149	119	345	1640	0	38253
29658	36397	108	229	785	0	37519
29659	1599	36397	266	515	0	38777
29660	808	1177	218	36263	0	38466
29661	583	458	194	36935	0	38170
29662	419	302	230	36936	0	37887
29663	35565	171	206	1782	0	37724
29664	36153	188	189	825	0	37355
29665	1768	201	207	35246	0	37422
29666	872	34373	199	1446	0	36890
29667	651	1136	211	34036	0	36034
29668	493	34846	227	1387	0	36953
29669	34523	1268	163	727	0	36681
29670	1434	33753	228	579	0	35994
29671	31382	1027	197	402	0	33008
29672	1331	429	189	30804	0	32753
29673	30592	287	228	1166	0	32273
29674	1333	198	29876	622	0	32029
29675	707	30678	933	539	0	32857
29676	30825	965	455	426	0	32671
29677	31551	372	299	452	0	32674
29678	1414	286	206	30227	0	32133
29679	746	30324	226	1144	0	32440
29680	617	910	192	31860	0	33579
29681	497	387	189	32206	0	33279
29682	471	284	226	32243	0	33224
29683	31570	217	161	1533	0	33481
29684	31971	210	178	848	0	33207
29685	1502	232	160	30920	0	32814
29686	811	31271	133	1209	0	33424
29687	31988	942	121	714	0	33765
29688	1273	421	31178	589	0	33461
29689	718	351	850	31862	0	33781
29690	650	294	31396	1252	0	33592
29691	555	246	971	31720	0	33492
29692	488	274	31554	1386	0	33702
29693	541	282	970	31541	0	33334
29694	31588	266	397	1318	0	33569
29695	31900	282	272	745	0	33199
29696	1402	30770	217	571	0	32960
29697	31677	1014	160	494	0	33345
29698	1412	472	176	30910	0	32970
29699	774	351	183	31784	0	33092
29700	31427	290	247	1430	0	33394
29701	1351	282	29624	765	0	32022
29702	772	245	29390	638	0	31045
29703	681	294	28820	559	0	30354
29704	28075	248	1147	505	0	29975
29705	1319	248	29150	506	0	31223
29706	781	249	27803	499	0	29332
29707	26233	251	1075	550	0	28109
29708	1129	27202	489	513	0	29333
29709	664	795	374	27643	0	29476
29710	582	370	308	28573	0	29833
29711	496	283	27861	1292	0	29932
29712	27226	192	888	769	0	29075
29713	28022	186	483	621	0	29312
29714	26634	206	398	510	0	27748
29715	1245	175	27694	495	0	29609
29716	26615	178	886	570	0	28249
29717	1210	167	26729	505	0	28611
29718	690	26040	889	524	0	28143
29719	563	26942	470	499	0	28474
29720	25507	809	331	455	0	27102
29721	903	24855	289	453	0	26500
29722	583	25006	233	410	0	26232
29723	24840	763	316	409	0	26328
29724	926	25011	256	364	0	26557
29725	25120	759	248	361	0	26488
29726	1009	339	244	25349	0	26941
29727	574	287	265	25898	0	27024
29728	484	215	290	26223	0	27212
29729	421	245	290	25577	0	26533
29730	423	25315	296	1020	0	27054
29731	25931	748	316	485	0	27480
29732	990	28058	287	373	0	29708
29733	605	29516	311	391	0	30823
29734	558	1170	30325	321	0	32374
29735	29042	433	1128	396	0	30999
29736	1377	304	32202	323	0	34206
29737	669	184	32937	297	0	34087
29738	409	31395	1458	272	0	33534
29739	180	31737	445	188	0	32550
29740	31153	1336	343	179	0	33011
29741	1118	32683	182	149	0	34132
29742	521	1239	31811	98	0	33669
29743	291	31371	1101	133	0	32896
29744	252	1233	31606	80	0	33171
29745	152	547	31175	74	0	31948
29746	29340	327	1612	93	0	31372
29747	1139	208	30775	59	0	32181
29748	486	116	1433	29380	0	31415
29749	28926	107	666	1072	0	30771
29750	1098	29042	393	498	0	31031
29751	499	1026	29522	273	0	31320
29752	28989	436	1178	204	0	30807
29753	1245	245	538	27422	0	29450
29754	570	26986	310	957	0	28823
29755	362	1064	27640	430	0	29496
29756	27107	492	1186	236	0	29021
29757	1205	271	28047	177	0	29700
29758	590	182	1324	27369	0	29465
29759	329	143	27282	1106	0	28860
29760	247	114	1375	27027	0	28763
29761	26084	102	674	1317	0	28177
29762	1094	27081	398	580	0	29153
29763	27525	1106	292	329	0	29252
29764	1364	468	27268	247	0	29347
29765	643	292	1208	27457	0	29600
29766	384	225	28161	1142	0	29912
29767	27181	166	1436	507	0	29290
29768	28204	148	689	302	0	29343
29769	1546	27924	442	267	0	30179
29770	28610	1157	324	155	0	30246
29771	29394	509	253	153	0	30309
29772	1816	298	214	27885	0	30213
29773	890	246	27597	1161	0	29894
29774	549	26374	1216	535	0	28674
29775	381	1181	539	26792	0	28893
29776	27157	532	354	1235	0	29278
29777	1345	331	26685	570	0	28931
29778	627	276	27059	327	0	28289
29779	436	188	26765	228	0	27617
29780	25632	193	1826	170	0	27821
29781	1368	168	26400	159	0	28095
29782	25672	155	1658	119	0	27604
29783	1508	148	24040	109	0	25805
29784	743	25084	1469	159	0	27455
29785	515	1176	742	24732	0	27165
29786	396	574	25286	1112	0	27368
29787	314	24072	1415	531	0	26332
29788	286	25645	727	319	0	26977
29789	260	1640	502	24715	0	27117
29790	24546	765	429	1220	0	26960
29791	1275	508	308	25021	0	27112
29792	24641	365	336	1437	0	26779
29793	1509	324	274	24680	0	26787
29794	806	261	24145	1451	0	26663
29795	521	226	24693	768	0	26208
29796	23709	192	1778	477	0	26156
29797	24713	202	957	381	0	26253
29798	1781	193	23813	321	0	26108
29799	23752	217	1539	253	0	25761
29800	1726	253	23776	196	0	25951
29801	946	22023	1627	195	0	24791
29802	688	22687	907	201	0	24483
29803	571	23285	644	216	0	24716
29804	463	1735	553	22059	0	24810
29805	22209	878	474	1236	0	24797
29806	23106	567	452	589	0	24714
29807	1843	456	382	22203	0	24884
29808	1013	363	21348	1376	0	24100
29809	760	315	1364	21599	0	24038
29810	556	263	21689	1494	0	24002
29811	469	227	1641	21498	0	23835
29812	20823	194	961	1575	0	23553
29813	21988	209	673	833	0	23703
29814	22209	186	603	556	0	23554
29815	22628	207	442	445	0	23722
29816	2145	171	451	20712	0	23479
29817	1208	181	416	21846	0	23651
29818	21206	169	407	1729	0	23511
29819	22093	200	353	893	0	23539
29820	1991	206	367	20958	0	23522
29821	1117	198	325	21748	0	23388
29822	806	184	291	21826	0	23107
29823	662	187	293	22158	0	23300
29824	20643	187	292	2100	0	23222
29825	1532	192	20185	1089	0	22998
29826	854	165	1268	19997	0	22284
29827	19721	140	711	1567	0	22139
29828	1538	141	19140	903	0	21722
29829	960	156	1367	19317	0	21800
29830	731	136	19300	1451	0	21618
29831	616	17842	1527	836	0	20821
29832	534	904	745	15349	0	17532
29833	14175	362	532	939	0	16008
29834	955	351	441	12327	0	14074
29835	616	11583	343	935	0	13477
29836	482	10629	251	524	0	11886
29837	326	8247	190	309	0	9072
29838	278	7745	185	280	0	8488
29839	4364	571	578	357	0	5870
29840	297	219	162	3164	0	3842
29841	99	49	2730	182	0	3060
29842	86	37	144	2571	0	2838
29843	96	32	2517	164	0	2809
29844	2495	20	143	109	0	2767
29845	183	17	74	2477	0	2751
29846	114	26	59	2539	0	2738
29847	80	37	48	2592	0	2757
29848	91	34	44	2579	0	2748
29849	2479	34	28	190	0	2731
29850	2542	27	37	135	0	2741
29851	179	29	35	2475	0	2718
29852	2374	28	29	192	0	2623
29853	153	26	2286	128	0	2593
29854	101	2245	108	111	0	2565
29855	83	90	63	2265	0	2501
29856	71	36	54	2237	0	2398
29857	62	2205	36	195	0	2498
29858	58	96	44	2211	0	2409
29859	53	80	46	2196	0	2375
29860	2129	22	44	170	0	2365
29861	132	24	1951	98	0	2205
29862	75	16	1801	83	0	1975
29863	1791	8	121	71	0	1991
29864	111	17	1672	44	0	1844
29865	775	8	98	21	0	902
29866	676	5	61	12	0	754
29867	56	5	15	543	0	619
29868	28	1	405	28	0	462
29869	295	3	20	11	0	329
29870	19	280	19	16	0	334
29871	135	15	60	1	0	211
29872	79	10	11	1	0	101
29873	52	2	0	1	0	55
29874	59	0	0	0	0	59
29875	51	8	0	1	0	60
29876	45	1	0	0	0	46
29877	48	1	0	0	0	49
29878	47	1	0	0	0	48
29879	48	1	0	0	0	49
29880	48	0	0	0	0	48
29881	47	0	0	1	0	48
29882	37	0	1	0	0	38
29883	33	0	0	1	0	34
29884	28	0	1	0	0	29
29885	29	0	0	0	0	29
29886	38	0	0	1	0	39
29887	32	0	0	1	0	33
29888	34	0	0	1	0	35
29889	28	0	0	0	0	28
29890	32	0	0	0	0	32
29891	36	0	0	0	0	36
29892	35	0	0	1	0	36
29893	38	0	0	0	0	38
29894	36	0	1	0	0	37
29895	33	1	0	0	0	34
29896	29	0	0	0	0	29
29897	20	0	0	0	0	20
29898	29	0	0	0	0	29
29899	37	0	0	0	0	37
29900	32	0	0	0	0	32
29901	29	0	0	0	0	29
29902	20	0	2	0	0	22
29903	25	0	2	0	0	27
