Pos	A	C	G	T	Other	Total
1	56	0	0	0	0	56
2	0	0	0	113	0	113
3	1	0	3	200	0	204
4	316	0	3	3	0	322
5	655	0	2	3	0	660
6	756	0	0	0	0	756
7	7	0	787	0	0	794
8	2	0	855	0	0	857
9	4	0	8	951	0	963
10	0	1	4	1061	0	1066
11	3	0	0	1292	0	1295
12	2169	0	2	37	0	2208
13	8	29	0	4186	0	4223
14	7004	2	7	179	0	7192
15	15	11259	5	15	0	11294
16	11	19677	17	77	0	19782
17	150	36	12	42732	0	42930
18	79	23	14	47764	0	47880
19	43	61548	19	115	0	61725
20	24	67098	28	137	0	67287
21	17	74278	10	478	0	74783
22	78026	60	78	352	0	78516
23	106	78	79626	28	0	79838
24	130	55	80379	25	0	80589
25	58	14	64	85519	0	85655
26	91069	12	56	336	0	91473
27	92314	10	21	132	0	92477
28	110	93251	19	193	0	93573
29	105705	68	41	775	0	106589
30	113573	61	23	540	0	114197
31	116335	17	18	181	0	116551
32	125	117994	41	152	0	118312
33	62	120767	33	143	0	121005
34	124137	122	13	250	0	124522
35	125287	78	33	213	0	125611
36	125	128542	32	214	0	128913
37	89	134583	53	240	0	134965
38	135154	121	16	117	0	135408
39	135064	73	22	115	0	135274
40	141	137223	28	220	0	137612
41	97	151	15	141232	0	141495
42	78	89	38	142748	0	142953
43	52	52	18	144183	0	144305
44	32	144439	20	343	0	144834
45	217	171	141912	85	0	142385
46	133326	112	120	110	0	133668
47	121	37	80	145364	0	145602
48	99	146189	46	193	0	146527
49	34	128	12	147166	0	147340
50	32	147847	36	264	0	148179
51	54	148	20	148582	0	148804
52	51	125	25	149681	0	149882
53	122	114	149868	250	0	150354
54	45	38	125	148438	0	148646
55	149276	28	134	202	0	149640
56	228	104	149704	156	0	150192
57	145311	39	144	120	0	145614
58	157	43	106	151287	0	151593
59	119	152178	45	316	0	152658
60	41	175	27	153315	0	153558
61	129	231	153322	227	0	153909
62	46	41	137	151929	0	152153
63	45	47	126	154250	0	154468
64	67	155702	36	472	0	156277
65	190	185	28	156373	0	156776
66	429	155883	41	447	0	156800
67	31	187	22	157305	0	157545
68	156054	153	21	250	0	156478
69	153642	39	42	274	0	153997
70	155956	30	35	175	0	156196
71	772	157105	50	395	0	158322
72	433	264	154475	63	0	155235
73	151721	172	216	92	0	152201
74	158822	29	200	93	0	159144
75	448	161628	47	256	0	162379
76	326	387	24	117450	0	118187
77	83	332	38	117167	0	117620
78	55	66	30	103700	0	103851
79	104334	50	34	1003	0	105421
80	104252	42	22	638	0	104954
81	104630	43	39	185	0	104897
82	105970	38	31	137	0	106176
83	1026	59	32	104522	0	105639
84	607	105008	50	596	0	106261
85	157	448	42	107928	0	108575
86	186	749	107710	580	0	109225
87	97	101	498	110996	0	111692
88	183	145	114012	739	0	115079
89	64	63	703	113375	0	114205
90	217	109	117591	821	0	118738
91	177	154	118147	820	0	119298
92	82	121130	1477	454	0	123143
93	156	841	847	125252	0	127096
94	325	881	129081	881	0	131168
95	121	157	857	126995	0	128130
96	78	130327	909	1067	0	132381
97	129851	852	132	1003	0	131838
98	833	134827	109	365	0	136134
99	883	989	80	131692	0	133644
100	166	135710	124	915	0	136915
101	242	1005	131674	947	0	133868
102	298	967	132667	211	0	134143
103	82	134124	1785	442	0	136433
104	103	950	997	135167	0	137217
105	351	1004	135322	976	0	137653
106	93	135022	977	1313	0	137405
107	135485	902	950	268	0	137605
108	910	949	154	135348	0	137361
109	1090	220	138612	968	0	140890
110	172	139003	953	1142	0	141270
111	158	980	939	139278	0	141355
112	121	986	154	140211	0	141472
113	132974	174	160	1913	0	135221
114	1052	192	137285	1053	0	139582
115	934	144	960	134704	0	136742
116	288	191	133086	1057	0	134622
117	100	121872	1076	1244	0	124292
118	118405	956	1044	291	0	120696
119	884	115700	247	322	0	117153
120	986	1111	153	109176	0	111426
121	191	110697	188	1014	0	112090
122	106834	1063	203	1015	0	109115
123	922	109108	168	400	0	110598
124	1075	1095	105770	245	0	108185
125	198	107211	1020	318	0	108747
126	104101	1077	1012	221	0	106411
127	1132	1080	106006	219	0	108437
128	998	271	1071	105754	0	108094
129	102552	190	1085	1129	0	104956
130	1136	204	232	100284	0	101856
131	101729	202	173	1315	0	103419
132	101921	158	181	1320	0	103580
133	2233	214	193	100662	0	103302
134	1347	207	141	100871	0	102566
135	99114	193	176	2374	0	101857
136	98491	196	187	1422	0	100296
137	2314	215	162	96567	0	99258
138	97828	186	164	1340	0	99518
139	97611	187	202	1368	0	99368
140	2296	97076	215	467	0	100054
141	1420	1218	197	96899	0	99734
142	97612	1229	247	1471	0	100559
143	98689	273	216	1401	0	100579
144	2338	226	216	97824	0	100604
145	1401	224	198	99187	0	101010
146	97215	173	238	2427	0	100053
147	1233	98009	273	1725	0	101240
148	1334	1251	210	97797	0	100592
149	501	1403	98215	1353	0	101472
150	340	363	1214	96651	0	98568
151	280	97346	1262	1493	0	100381
152	422	1204	97500	1330	0	100456
153	298	1253	1183	96421	0	99155
154	321	327	1237	97293	0	99178
155	397	288	97843	2357	0	100885
156	91677	258	1246	1559	0	94740
157	1253	99057	1304	648	0	102262
158	99424	1193	437	464	0	101518
159	1563	1269	98314	429	0	101575
160	1419	377	100050	379	0	102225
161	95859	267	2256	459	0	98841
162	1295	99316	1335	532	0	102478
163	99255	1219	327	416	0	101217
164	1346	99668	281	506	0	101801
165	1436	1348	98669	419	0	101872
166	97804	1298	1236	415	0	100753
167	1482	415	101284	394	0	103575
168	1323	368	1268	99197	0	102156
169	99673	236	1270	1415	0	102594
170	99250	256	328	1322	0	101156
171	2186	98515	308	548	0	101557
172	1437	2751	325	94555	0	99068
173	434	97454	282	1301	0	99471
174	516	1204	95549	1221	0	98490
175	628	2119	1131	88570	0	92448
176	354	89393	1042	1122	0	91911
177	493	1047	294	85779	0	87613
178	77695	823	282	1133	0	79933
179	884	202	180	83297	0	84563
180	819	83138	189	985	0	85131
181	359	808	143	84161	0	85471
182	306	965	175	83228	0	84674
183	298	83539	200	1461	0	85498
184	380	954	239	83609	0	85182
185	512	746	82471	904	0	84633
186	286	82117	772	954	0	84129
187	77070	619	735	274	0	78698
188	812	612	77120	214	0	78758
189	787	206	76228	204	0	77425
190	295	74197	980	278	0	75750
191	829	1175	1002	69568	0	72574
192	311	431	68741	507	0	69990
193	209	64412	426	513	0	65560
194	254	414	409	63086	0	64163
195	202	406	105	63733	0	64446
196	62484	123	82	744	0	63433
197	399	63603	105	576	0	64683
198	500	393	60969	159	0	62021
199	203	426	62499	173	0	63301
200	134	167	665	61445	0	62411
201	143	117	410	68876	0	69546
202	132	131	128	69417	0	69808
203	118	79537	102	1449	0	81206
204	196	1078	82557	737	0	84568
205	162	1041	1074	84431	0	86708
206	108	91111	1101	1327	0	93647
207	121	93746	259	1420	0	95546
208	275	2614	98293	318	0	101500
209	130	1508	1673	97507	0	100818
210	197	343	108217	1789	0	110546
211	138	216	2024	108018	0	110396
212	133	232	1873	111029	0	113267
213	314	194	109620	3629	0	113757
214	110	109498	2008	2278	0	113894
215	108632	1905	1980	483	0	113000
216	2032	1894	110929	270	0	115125
217	1847	111692	2009	442	0	115990
218	311	114358	1990	345	0	117004
219	328	3809	110900	239	0	115276
220	109245	2196	2110	215	0	113766
221	2048	577	2051	99969	0	104645
222	1897	112037	510	1781	0	116225
223	112041	2112	309	1783	0	116245
224	2124	2114	303	106085	0	110626
225	1965	111150	315	2109	0	115539
226	112096	2164	368	2066	0	116694
227	2123	2046	109782	493	0	114444
228	1910	110008	2097	471	0	114486
229	106373	2120	2180	418	0	111091
230	1858	108659	593	512	0	111622
231	105990	2227	447	337	0	109001
232	2154	2139	399	100843	0	105535
233	1850	102998	557	1889	0	107294
234	435	2092	408	104591	0	107526
235	102342	1940	493	2288	0	107063
236	1986	563	101830	2148	0	106527
237	1937	484	103434	702	0	106557
238	527	480	3703	99833	0	104543
239	380	495	2245	102085	0	105205
240	456	503	708	100734	0	102401
241	323	99029	605	3884	0	103841
242	467	2217	98138	2164	0	102986
243	429	2179	2136	94113	0	98857
244	384	97001	2125	2091	0	101601
245	507	99068	630	2096	0	102301
246	635	3642	98587	573	0	103437
247	603	2371	99932	437	0	103343
248	594	897	102232	442	0	104165
249	523	702	3902	96692	0	101819
250	604	686	100818	2045	0	104153
251	566	601	2384	98848	0	102399
252	595	586	100501	2269	0	103951
253	94390	631	2388	2119	0	99528
254	2195	101463	2192	791	0	106641
255	2140	108002	623	674	0	111439
256	888	4107	111358	576	0	116929
257	109452	2535	2514	640	0	115141
258	113143	851	2403	587	0	116984
259	114650	671	732	677	0	116730
260	4710	617	109565	620	0	115512
261	2733	561	112182	690	0	116166
262	741	534	4706	109056	0	115037
263	110721	516	2875	2866	0	116978
264	111662	587	986	2824	0	116059
265	4453	634	109223	1063	0	115373
266	110097	692	2964	864	0	114617
267	2729	706	2932	107829	0	114196
268	2461	758	110348	2859	0	116426
269	658	814	112065	2714	0	116251
270	106999	773	5140	1066	0	113978
271	2528	762	112959	909	0	117158
272	109146	638	3569	935	0	114288
273	2844	633	112812	871	0	117160
274	2550	108027	3534	1036	0	115147
275	829	112514	3329	981	0	117653
276	845	4660	1526	109341	0	116372
277	817	2998	1294	112861	0	117970
278	955	1053	111147	4646	0	117801
279	910	1065	3391	107882	0	113248
280	954	107448	3242	2909	0	114553
281	1024	110447	1452	2723	0	115646
282	1223	113379	1248	923	0	116773
283	1452	5036	1148	108032	0	115668
284	1348	2993	108879	2701	0	115921
285	1274	1175	109892	2557	0	114898
286	1321	1086	5119	105597	0	113123
287	1174	830	3224	107340	0	112568
288	1441	756	1345	101360	0	104902
289	1422	106141	1165	4562	0	113290
290	106887	2720	1142	2692	0	113441
291	106979	2707	1082	972	0	111740
292	5021	106470	1134	992	0	113617
293	3246	2889	107829	860	0	114824
294	107956	2719	3127	848	0	114650
295	3397	975	111058	782	0	116212
296	109676	877	3460	802	0	114815
297	109820	767	3180	904	0	114671
298	110732	881	1435	909	0	113957
299	109051	803	1211	1096	0	112161
300	4864	106808	1212	1342	0	114226
301	99531	2452	1057	1157	0	104197
302	2541	100768	1029	1319	0	105657
303	87617	2103	962	802	0	91484
304	1970	85420	879	838	0	89107
305	1761	1652	78281	491	0	82185
306	757	6512	1866	67038	0	76173
307	427	72389	1734	1432	0	75982
308	404	68862	600	1227	0	71093
309	63179	2418	1779	1267	0	68643
310	58589	993	481	452	0	60515
311	1450	59890	305	314	0	61959
312	925	872	379	56949	0	59125
313	393	62292	348	758	0	63791
314	62564	809	340	693	0	64406
315	1108	732	62910	215	0	64965
316	1018	499	991	60365	0	62873
317	441	196	901	60646	0	62184
318	426	236	380	61507	0	62549
319	434	202	60500	1385	0	62521
320	370	60608	927	800	0	62705
321	420	62118	820	246	0	63604
322	468	1403	363	62513	0	64747
323	425	843	63659	836	0	65763
324	352	351	962	63227	0	64892
325	344	334	881	63967	0	65526
326	323	355	338	63908	0	64924
327	381	352	271	63967	0	64971
328	62299	285	311	1582	0	64477
329	918	63183	300	997	0	65398
330	63509	963	390	381	0	65243
331	1017	903	63272	359	0	65551
332	928	426	64509	305	0	66168
333	412	388	1433	62296	0	64529
334	351	376	845	61931	0	63503
335	284	65168	349	1562	0	67363
336	336	926	65673	919	0	67854
337	259	66666	1013	569	0	68507
338	308	911	67391	388	0	68998
339	62372	856	1006	418	0	64652
340	906	67021	849	383	0	69159
341	920	968	67298	330	0	69516
342	409	920	923	65782	0	68034
343	392	377	67521	948	0	69238
344	272	66747	933	941	0	68893
345	322	989	839	65131	0	67281
346	347	66880	324	1040	0	68591
347	409	904	66516	909	0	68738
348	425	982	880	65048	0	67335
349	65462	354	735	976	0	67527
350	1014	65052	278	888	0	67232
351	1154	978	64145	278	0	66555
352	445	2212	949	60558	0	64164
353	366	381	63985	846	0	65578
354	305	348	59220	681	0	60554
355	227	54698	1205	299	0	56429
356	502	427	634	48572	0	50135
357	80	360	174	48754	0	49368
358	97	114	72	48957	0	49240
359	81	84	49811	559	0	50535
360	86	70	49547	309	0	50012
361	44321	83	595	124	0	45123
362	331	83	48926	76	0	49416
363	45785	74	323	71	0	46253
364	278	47975	296	121	0	48670
365	300	366	91	46428	0	47185
366	56	49068	83	311	0	49518
367	40	49810	72	358	0	50280
368	84	496	48828	117	0	49525
369	41	388	321	47650	0	48400
370	68	123	49080	324	0	49595
371	75	106	47146	300	0	47627
372	45612	77	575	120	0	46384
373	286	79	48250	99	0	48714
374	273	71	47444	126	0	47914
375	45119	62	512	146	0	45839
376	273	63	47213	145	0	47694
377	262	83	48090	113	0	48548
378	51	108	479	45744	0	46382
379	57	47982	282	302	0	48623
380	57	286	101	48165	0	48609
381	53	252	125	47658	0	48088
382	47937	84	109	588	0	48718
383	268	70	107	47376	0	47821
384	241	49004	109	374	0	49728
385	48169	304	118	304	0	48895
386	289	308	48497	133	0	49227
387	46498	80	358	133	0	47069
388	317	107	50996	110	0	51530
389	283	91	51673	85	0	52132
390	57	52733	612	131	0	53533
391	53391	346	385	115	0	54237
392	297	54409	143	180	0	55029
393	327	382	54459	122	0	55290
394	91	371	395	50419	0	51276
395	52	55312	390	347	0	56101
396	55695	360	133	352	0	56540
397	55533	358	135	99	0	56125
398	620	56070	139	133	0	56962
399	56869	374	114	109	0	57466
400	373	357	142	54986	0	55858
401	336	56665	147	429	0	57577
402	69	383	143	57822	0	58417
403	63	395	142	59916	0	60516
404	60875	118	147	722	0	61862
405	59918	103	144	447	0	60612
406	60159	114	129	111	0	60513
407	791	98	59971	118	0	60978
408	58636	81	533	105	0	59355
409	490	416	534	60384	0	61824
410	493	83	61300	427	0	62303
411	214	108	58905	439	0	59666
412	84	58801	827	160	0	59872
413	54251	407	653	86	0	55397
414	303	56827	141	87	0	57358
415	345	314	74	56095	0	56828
416	93	346	83	56782	0	57304
417	112	68	58125	563	0	58868
418	102	152	353	55122	0	55729
419	100	49	58761	324	0	59234
420	92	35	57607	344	0	58078
421	63	58017	573	89	0	58742
422	177	226	320	56412	0	57135
423	69	237	67	55684	0	56057
424	55678	39	48	430	0	56195
425	261	45	56082	253	0	56641
426	253	36	222	56778	0	57289
427	57638	28	253	290	0	58209
428	246	36	58502	286	0	59070
429	57139	32	233	85	0	57489
430	58752	36	274	59	0	59121
431	503	45	61195	47	0	61790
432	298	56	254	59677	0	60285
433	66	37	282	61058	0	61443
434	85	44	63031	474	0	63634
435	60925	50	285	338	0	61598
436	63396	34	310	105	0	63845
437	62363	41	90	82	0	62576
438	62706	59	69	77	0	62911
439	62524	48	108	93	0	62773
440	561	69	61642	92	0	62364
441	354	72	64771	69	0	65266
442	109	65029	475	116	0	65729
443	115	269	65641	98	0	66123
444	121	351	359	62825	0	63656
445	121	124	324	56832	0	57401
446	104	62	85	65926	0	66177
447	126	59	78	66570	0	66833
448	153	48	66670	554	0	67425
449	124	66315	298	399	0	67136
450	138	69064	336	142	0	69680
451	138	534	102	65778	0	66552
452	96	69869	103	322	0	70390
453	69639	307	91	328	0	70365
454	69155	293	89	151	0	69688
455	604	72538	91	145	0	73378
456	424	289	85	72544	0	73342
457	133	324	93	74252	0	74802
458	131	66	74813	670	0	75680
459	69015	54	410	493	0	69972
460	75645	52	410	149	0	76256
461	721	78199	152	181	0	79253
462	79020	397	137	132	0	79686
463	552	420	81168	117	0	82257
464	476	81393	470	183	0	82522
465	156	83816	455	174	0	84601
466	138	83659	143	169	0	84109
467	156	903	111	82539	0	83709
468	82608	487	132	546	0	83773
469	548	111	116	84584	0	85359
470	628	93	87209	611	0	88541
471	197	72	605	87188	0	88062
472	208	130	91704	657	0	92699
473	176	88	680	88527	0	89471
474	178	133	654	85135	0	86100
475	142	90802	184	1048	0	92176
476	92225	601	137	739	0	93702
477	665	620	155	89470	0	90910
478	656	92108	129	657	0	93550
479	92712	618	130	687	0	94147
480	88424	619	159	214	0	89416
481	93079	148	126	171	0	93524
482	1167	92800	157	255	0	94379
483	704	658	92890	199	0	94451
484	176	709	675	92625	0	94185
485	173	531	659	91395	0	92758
486	163	93360	186	1240	0	94949
487	282	618	93219	702	0	94821
488	267	632	92349	233	0	93481
489	87384	225	1171	207	0	88987
490	766	450	680	89858	0	91754
491	682	115	92735	613	0	94145
492	196	94284	601	677	0	95758
493	232	788	616	88808	0	90444
494	176	95057	180	555	0	95968
495	197	610	93768	582	0	95157
496	89077	595	610	221	0	90503
497	92864	131	604	183	0	93782
498	1047	93870	155	240	0	95312
499	661	628	113	93293	0	94695
500	282	590	93579	586	0	95037
501	162	92951	576	660	0	94349
502	90749	619	591	189	0	92148
503	547	90676	123	183	0	91529
504	517	90638	94	184	0	91433
505	275	1038	153	88295	0	89761
506	78	90397	103	592	0	91170
507	89175	539	151	556	0	90421
508	586	593	130	87704	0	89013
509	553	141	86394	502	0	87590
510	150	132	81300	514	0	82096
511	118	249	887	79832	0	81086
512	93	81117	493	552	0	82255
513	80976	472	133	476	0	82057
514	498	519	78	79123	0	80218
515	491	149	78137	500	0	79277
516	119	122	506	76841	0	77588
517	93	151	465	76823	0	77532
518	76039	123	113	855	0	77130
519	491	110	117	74166	0	74884
520	517	117	74956	470	0	76060
521	168	120	76570	471	0	77329
522	126	129	860	76636	0	77751
523	147	147	574	78849	0	79717
524	152	154	82986	865	0	84157
525	74688	134	497	599	0	75918
526	524	184	83019	157	0	83884
527	483	82050	488	197	0	83218
528	166	517	504	82346	0	83533
529	164	513	82616	515	0	83808
530	192	137	82055	509	0	82893
531	124	217	880	79061	0	80282
532	79470	138	557	533	0	80698
533	519	128	80510	554	0	81711
534	467	78715	520	224	0	79926
535	79827	489	501	175	0	80992
536	509	501	79912	165	0	81087
537	77085	141	529	162	0	77917
538	79331	106	512	183	0	80132
539	859	80316	143	243	0	81561
540	535	490	148	75439	0	76612
541	131	78982	158	518	0	79789
542	156	507	77176	500	0	78339
543	75357	481	565	192	0	76595
544	78529	144	503	186	0	79362
545	896	124	78743	171	0	79934
546	566	123	78476	126	0	79291
547	138	80395	924	185	0	81642
548	81633	492	609	149	0	82883
549	584	520	178	80081	0	81363
550	548	136	143	77297	0	78124
551	120	80250	153	903	0	81426
552	79020	493	157	538	0	80208
553	544	522	80296	165	0	81527
554	517	156	528	83356	0	84557
555	84815	103	538	640	0	86096
556	670	86271	187	754	0	87882
557	708	635	95429	134	0	96906
558	214	665	96931	101	0	97911
559	217	1031	1643	91566	0	94457
560	98	96054	891	847	0	97890
561	203	871	96653	795	0	98522
562	141	1102	877	94743	0	96863
563	97221	124	906	849	0	99100
564	933	95	99614	850	0	101492
565	892	417	1074	98390	0	100773
566	217	69	102739	964	0	103989
567	156	89	103587	927	0	104759
568	308	1058	2108	99489	0	102963
569	203	119	102857	1031	0	104210
570	85028	72	1196	987	0	87283
571	967	72	99125	92	0	100256
572	90943	58	964	91	0	92056
573	857	95224	853	124	0	97058
574	96583	860	145	150	0	97738
575	840	99475	97	127	0	100539
576	849	891	85	98307	0	100132
577	112	839	79	101968	0	102998
578	125	97	101100	1732	0	103054
579	112	77	102073	931	0	103193
580	86	77	1842	101982	0	103987
581	89	105	104486	1026	0	105706
582	92	151	1063	98562	0	99868
583	65	101927	1049	984	0	104025
584	124	104443	223	994	0	105784
585	110	1893	184	102047	0	104234
586	118	1009	174	103278	0	104579
587	132	152	101926	1848	0	104058
588	93	269	1045	98872	0	100279
589	82	100368	1038	1090	0	102578
590	79	100546	253	1044	0	101922
591	137	100691	200	286	0	101314
592	128	1866	223	92606	0	94823
593	96	96386	257	1008	0	97747
594	94614	964	240	979	0	96797
595	994	912	226	94259	0	96391
596	982	146	94556	1022	0	96706
597	155	137	1129	93855	0	95276
598	206	123	96029	1110	0	97468
599	196	139	96066	974	0	97375
600	201	158	97113	245	0	97717
601	137	94358	1978	326	0	96799
602	236	1048	96369	228	0	97881
603	94634	978	1153	246	0	97011
604	96232	196	1087	225	0	97740
605	97666	147	321	292	0	98426
606	1849	151	277	95936	0	98213
607	96204	136	320	1147	0	97807
608	1007	95117	325	1123	0	97572
609	942	98459	273	416	0	100090
610	97560	1836	292	271	0	99959
611	1119	1044	98816	262	0	101241
612	954	245	1154	97570	0	99923
613	239	248	100545	1162	0	102194
614	189	269	100638	1113	0	102209
615	142	99735	1992	386	0	102255
616	126	1147	1145	96284	0	98702
617	135	1041	347	100409	0	101932
618	98977	271	301	1983	0	101532
619	997	100227	354	1250	0	102828
620	1032	102015	320	446	0	103813
621	357	1964	100794	373	0	103488
622	213	102880	1252	364	0	104709
623	100411	1229	1209	338	0	103187
624	100708	1091	483	397	0	102679
625	1937	352	102175	400	0	104864
626	1023	311	102933	393	0	104660
627	233	278	2304	98179	0	100994
628	230	311	1409	99122	0	101072
629	247	100482	556	2069	0	103354
630	287	1229	483	100949	0	102948
631	331	1085	510	99761	0	101687
632	310	99964	483	2155	0	102912
633	360	1159	450	100228	0	102197
634	275	1111	529	97767	0	99682
635	273	97394	517	2190	0	100374
636	317	1193	97658	1257	0	100425
637	310	1116	1393	98993	0	101812
638	99359	365	1300	1325	0	102349
639	99071	347	541	1132	0	101091
640	2106	414	98615	357	0	101492
641	97725	438	1300	381	0	99844
642	98933	427	1162	432	0	100954
643	1970	98490	431	570	0	101461
644	1169	1240	97230	464	0	100103
645	305	1175	97865	532	0	99877
646	340	856	2172	96995	0	100363
647	98713	431	1464	1399	0	102007
648	101474	349	551	1165	0	103539
649	2002	389	446	104479	0	107316
650	112245	362	444	1440	0	114491
651	114297	390	442	1320	0	116449
652	113496	409	857	531	0	115293
653	2624	435	114309	458	0	117826
654	1518	370	113054	370	0	115312
655	107998	352	2293	436	0	111079
656	1264	350	110408	403	0	112425
657	861	100342	958	234	0	102395
658	714	1489	1765	96588	0	100556
659	231	800	100737	769	0	102537
660	252	197	99453	696	0	100598
661	350	1135	1606	93800	0	96891
662	199	108	97514	732	0	98553
663	222	123	95057	658	0	96060
664	108	88430	1257	251	0	90046
665	116	91754	668	151	0	92689
666	90027	1092	396	177	0	91692
667	682	710	110	88825	0	90327
668	89038	63	91	536	0	89728
669	595	74	90050	511	0	91230
670	548	79	550	88179	0	89356
671	125	194	552	90545	0	91416
672	87266	70	129	1027	0	88492
673	551	89877	94	697	0	91219
674	760	546	87056	97	0	88459
675	404	578	87871	98	0	88951
676	92	88002	1037	211	0	89342
677	221	496	86796	95	0	87608
678	105	86975	595	118	0	87793
679	88	84430	519	142	0	85179
680	255	941	80125	139	0	81460
681	75712	467	575	67	0	76821
682	491	83	462	82604	0	83640
683	475	85020	77	521	0	86093
684	98	438	73	83608	0	84217
685	83663	425	82	435	0	84605
686	82508	55	84	448	0	83095
687	82716	40	108	102	0	82966
688	848	73	81868	62	0	82851
689	464	61	483	79594	0	80602
690	57	83796	499	461	0	84813
691	86079	436	136	505	0	87156
692	484	453	79	86365	0	87381
693	462	83	106	87334	0	87985
694	124	62	96	89333	0	89615
695	79	89	88965	895	0	90028
696	80435	94	503	573	0	81605
697	492	90222	494	145	0	91353
698	485	456	74	89606	0	90621
699	151	446	68	90356	0	91021
700	87626	73	139	917	0	88755
701	559	84	89558	501	0	90702
702	556	63	91661	109	0	92389
703	145	90240	969	161	0	91515
704	145	514	93446	100	0	94205
705	82434	495	735	159	0	83823
706	513	94466	617	196	0	95792
707	566	579	95421	87	0	96653
708	82602	554	834	146	0	84136
709	635	138	98479	108	0	99360
710	566	97988	650	190	0	99394
711	173	616	607	98151	0	99547
712	166	571	168	99928	0	100833
713	188	113	98792	1062	0	100155
714	214	117	98296	623	0	99250
715	149	97290	1146	242	0	98827
716	95183	588	680	150	0	96601
717	587	99886	218	226	0	100917
718	630	637	198	98455	0	99920
719	224	595	98931	633	0	100383
720	89228	120	749	675	0	90772
721	666	128	716	96344	0	97854
722	614	96956	254	657	0	98481
723	114	99843	261	665	0	100883
724	146	1090	224	98818	0	100278
725	148	667	184	100030	0	101029
726	96800	185	200	1137	0	98322
727	630	164	192	100036	0	101022
728	631	176	100372	714	0	101893
729	96587	137	704	747	0	98175
730	101136	147	697	243	0	102223
731	1168	170	102275	204	0	103817
732	97866	155	754	211	0	98986
733	723	172	660	104823	0	106378
734	673	195	183	106138	0	107189
735	213	164	200	106930	0	107507
736	221	154	188	104314	0	104877
737	136	105333	214	1339	0	107022
738	106587	726	215	738	0	108266
739	108987	689	206	257	0	110139
740	1388	211	111520	211	0	113330
741	111738	182	838	277	0	113035
742	116722	149	837	227	0	117935
743	119172	168	182	225	0	119747
744	122745	163	207	199	0	123314
745	1680	121288	230	300	0	123498
746	974	1436	188	119435	0	122033
747	303	866	121000	901	0	123070
748	287	237	117098	906	0	118528
749	104482	1208	2498	528	0	108716
750	105551	408	1345	202	0	107506
751	1215	103171	113	154	0	104653
752	103891	586	128	133	0	104738
753	658	104755	82	139	0	105634
754	764	722	130	102901	0	104517
755	104789	593	173	787	0	106342
756	103911	70	152	684	0	104817
757	103848	63	81	132	0	104124
758	1202	102743	86	200	0	104231
759	102953	607	67	149	0	103776
760	697	668	77	102828	0	104270
761	104525	83	111	645	0	105364
762	763	97	103015	623	0	104498
763	678	103976	632	201	0	105487
764	103211	587	636	121	0	104555
765	744	600	104174	94	0	105612
766	662	186	638	102412	0	103898
767	223	110	106206	614	0	107153
768	211	96	106107	615	0	107029
769	175	102	1169	103066	0	104512
770	208	91	108361	623	0	109283
771	147	69	663	107204	0	108083
772	164	99	617	108291	0	109171
773	107572	83	98	1198	0	108951
774	686	109232	129	749	0	110796
775	694	112608	125	201	0	113628
776	196	115422	143	183	0	115944
777	424	1282	113711	108	0	115525
778	207	809	729	113433	0	115178
779	184	144	117388	726	0	118442
780	109375	110	812	725	0	111022
781	114882	85	684	162	0	115813
782	1276	117141	134	295	0	118846
783	802	696	103	114878	0	116479
784	180	118985	110	696	0	119971
785	118583	718	109	693	0	120103
786	805	718	108	118149	0	119780
787	825	156	119595	727	0	121303
788	206	118627	711	858	0	120402
789	329	736	120475	160	0	121700
790	215	729	747	118326	0	120017
791	227	161	119732	760	0	120880
792	111791	102	808	781	0	113482
793	866	158	121105	178	0	122307
794	787	120982	777	237	0	122783
795	240	740	754	120375	0	122109
796	201	742	183	122277	0	123403
797	121575	151	172	1348	0	123246
798	121468	155	201	768	0	122592
799	1380	121245	221	396	0	123242
800	851	718	121058	191	0	122818
801	277	710	120256	167	0	121410
802	117080	154	1371	207	0	118812
803	934	181	121387	172	0	122674
804	821	199	118476	167	0	119663
805	278	181	120015	186	0	120660
806	316	195	119487	172	0	120170
807	227	119224	1327	273	0	121051
808	119335	808	946	270	0	121359
809	847	794	219	115771	0	117631
810	116785	179	223	677	0	117864
811	808	116172	234	800	0	118014
812	116391	713	232	240	0	117576
813	785	120522	242	256	0	121805
814	840	749	230	118824	0	120643
815	215	124090	271	811	0	125387
816	315	802	122681	708	0	124506
817	215	125833	860	314	0	127222
818	255	815	817	131341	0	133228
819	131900	791	240	884	0	133815
820	967	205	225	132409	0	133806
821	1002	265	133349	935	0	135551
822	292	198	943	129604	0	131037
823	208	132991	974	1107	0	135280
824	297	908	132826	888	0	134919
825	129636	933	946	260	0	131775
826	980	256	1004	136071	0	138311
827	136916	226	304	999	0	138445
828	134991	205	294	1025	0	136515
829	1677	136620	308	469	0	139074
830	136976	908	286	285	0	138455
831	135599	941	258	260	0	137058
832	1665	136361	338	407	0	138771
833	998	941	342	135673	0	137954
834	310	989	373	134583	0	136255
835	210	136041	295	1747	0	138293
836	274	1051	275	138041	0	139641
837	294	1031	136973	975	0	139273
838	351	917	1056	134518	0	136842
839	553	257	135124	980	0	136914
840	678	237	128659	941	0	130515
841	220	128769	1582	314	0	130885
842	223	128073	943	312	0	129551
843	350	129895	417	353	0	131015
844	919	1626	607	123531	0	126683
845	243	785	125264	688	0	126980
846	120405	203	796	778	0	122182
847	709	130	759	126435	0	128033
848	813	151	127505	680	0	129149
849	211	156	127458	770	0	128595
850	132	128615	1373	302	0	130422
851	239	900	820	127085	0	129044
852	125707	783	230	715	0	127435
853	615	125307	180	877	0	126979
854	699	125161	151	295	0	126306
855	149	125237	148	285	0	125819
856	155	1572	185	124502	0	126414
857	109	129410	189	873	0	130581
858	138	821	166	135873	0	136998
859	158	853	160	138498	0	139669
860	295	227	137057	1871	0	139450
861	115562	195	1191	1515	0	118463
862	1085	184	142769	230	0	144268
863	1123	527	1106	140755	0	143511
864	292	199	145149	1135	0	146775
865	115	142905	1181	1349	0	145550
866	142781	1194	1462	353	0	145790
867	1207	1408	263	139629	0	142507
868	1195	233	200	141011	0	142639
869	141832	146	171	2201	0	144350
870	141055	170	166	1399	0	142790
871	144253	157	150	368	0	144928
872	2311	178	142653	224	0	145366
873	134346	176	1118	210	0	135850
874	1098	141334	1229	295	0	143956
875	1184	141301	230	276	0	142991
876	346	2152	255	136721	0	139474
877	219	1317	160	132755	0	134451
878	152	135216	163	2229	0	137760
879	180	1175	109	135150	0	136614
880	130520	1184	166	1252	0	133122
881	1181	251	134128	1292	0	136852
882	1222	133356	1082	393	0	136053
883	127068	1119	1224	262	0	129673
884	968	131482	284	462	0	133196
885	1205	1213	130664	239	0	133321
886	297	1411	1079	128703	0	131490
887	270	355	131549	1168	0	133342
888	175	128734	1190	1443	0	131542
889	269	1189	1260	128010	0	130728
890	287	1252	128640	1148	0	131327
891	304	307	129438	1277	0	131326
892	242	308	2173	126005	0	128728
893	128184	241	1344	1167	0	130936
894	128148	256	263	1260	0	129927
895	129242	245	196	403	0	130086
896	2310	257	129801	321	0	132689
897	1319	129828	1123	458	0	132728
898	332	1209	1247	129177	0	131965
899	285	1315	280	124803	0	126683
900	231	129399	279	2251	0	132160
901	128232	1159	281	1367	0	131039
902	1163	1316	229	129635	0	132343
903	1319	351	129114	1305	0	132089
904	290	129279	1217	1490	0	132276
905	124074	1164	1333	445	0	127016
906	1114	128030	377	574	0	130095
907	1288	1246	362	125117	0	128013
908	393	1290	383	125883	0	127949
909	361	379	385	125808	0	126933
910	394	427	125317	2368	0	128506
911	404	487	1266	120175	0	122332
912	361	123297	1492	1444	0	126594
913	432	121069	479	1573	0	123553
914	669	2216	118116	519	0	121520
915	113825	1436	1317	578	0	117156
916	116099	501	1492	569	0	118661
917	2275	115699	517	663	0	119154
918	109781	1112	643	505	0	112041
919	108317	1115	386	486	0	110304
920	2066	111716	347	623	0	114752
921	1498	1286	372	112200	0	115356
922	674	1281	116764	1300	0	120019
923	681	492	113673	1376	0	116222
924	112944	549	2437	567	0	116497
925	1366	116214	1476	716	0	119772
926	1504	1371	410	116051	0	119336
927	510	1555	390	117108	0	119563
928	520	558	356	117848	0	119282
929	113945	503	403	2680	0	117531
930	1511	526	399	115774	0	118210
931	1696	492	378	115486	0	118052
932	639	549	112539	2549	0	116276
933	105477	482	1356	1650	0	108965
934	1424	111693	1523	686	0	115326
935	110888	1376	494	494	0	113252
936	1385	109963	468	645	0	112461
937	1590	1462	551	105494	0	109097
938	109338	1452	488	1388	0	112666
939	109620	508	534	1566	0	112228
940	2353	562	109402	571	0	112888
941	109224	480	1376	658	0	111738
942	1495	493	112538	545	0	115071
943	1658	505	109094	461	0	111718
944	597	514	110238	566	0	111915
945	657	559	115750	509	0	117475
946	636	737	2794	116078	0	120245
947	638	494	119616	1692	0	122440
948	547	473	1703	118130	0	120853
949	117868	463	1815	1781	0	121927
950	1657	510	555	118488	0	121210
951	114638	455	507	1877	0	117477
952	1535	116911	530	2082	0	121058
953	1798	2083	491	116335	0	120707
954	824	1826	112590	1849	0	117089
955	457	119084	1604	2162	0	123307
956	876	3195	1883	115070	0	121024
957	924	1709	115907	1755	0	120295
958	407	112526	1414	1734	0	116081
959	391	111820	1425	561	0	114197
960	1047	2686	109088	502	0	113323
961	629	2411	1624	104287	0	108951
962	454	321	105979	1449	0	108203
963	99891	225	1368	1287	0	102771
964	102999	124	1264	238	0	104625
965	2303	102189	239	265	0	104996
966	102881	1173	123	204	0	104381
967	1292	1299	156	102124	0	104871
968	1312	206	101770	1246	0	104534
969	96949	112	1267	1360	0	99688
970	1375	146	101091	282	0	102894
971	1280	99211	1255	222	0	101968
972	100612	1262	1496	248	0	103618
973	1275	1279	200	100062	0	102816
974	1383	171	101058	1195	0	103807
975	99392	108	1232	1326	0	102058
976	100163	109	1326	198	0	101796
977	101313	86	200	167	0	101766
978	2451	114	152	99245	0	101962
979	1382	108	134	101086	0	102710
980	278	118	100305	2427	0	103128
981	128	99683	1262	1531	0	102604
982	170	1162	1348	98484	0	101164
983	178	1291	215	101000	0	102684
984	239	175	100210	2420	0	103044
985	227	146	100050	1438	0	101861
986	174	152	2461	98902	0	101689
987	97200	108	1462	1293	0	100063
988	1184	98827	289	1559	0	101859
989	99220	1225	224	281	0	100950
990	1298	99498	288	389	0	101473
991	1465	1281	98764	227	0	101737
992	304	1407	100272	187	0	102170
993	97132	244	2612	257	0	100245
994	105702	176	1499	251	0	107628
995	2740	105441	328	447	0	108956
996	1810	1415	103789	352	0	107366
997	411	1571	1556	103073	0	106611
998	360	255	1679	100888	0	103182
999	302	103891	376	3025	0	107594
1000	290	1503	279	105059	0	107131
1001	335	1685	104644	1710	0	108374
1002	102253	330	1661	1738	0	105982
1003	104299	258	1749	377	0	106683
1004	105660	267	347	350	0	106624
1005	106873	215	355	303	0	107746
1006	3306	242	103580	283	0	107411
1007	103456	156	1647	305	0	105564
1008	1966	179	104496	261	0	106902
1009	1924	102529	1773	359	0	106585
1010	539	1568	1890	102981	0	106978
1011	104450	1637	504	1624	0	108215
1012	1685	276	474	108017	0	110452
1013	1820	272	107741	1830	0	111663
1014	107422	216	1806	1868	0	111312
1015	109908	187	1932	518	0	112545
1016	3357	263	421	108839	0	112880
1017	2088	244	406	110588	0	113326
1018	618	271	108753	3532	0	113174
1019	416	109222	1749	2207	0	113594
1020	105915	1634	1918	572	0	110039
1021	1785	1731	102785	382	0	106683
1022	98540	346	1711	275	0	100872
1023	1777	99605	1761	374	0	103517
1024	98923	1480	517	243	0	101163
1025	1792	98024	367	315	0	100498
1026	1861	98112	437	365	0	100775
1027	737	2913	446	95781	0	99877
1028	511	1675	378	97900	0	100464
1029	480	375	349	99358	0	100562
1030	409	312	282	99761	0	100764
1031	426	264	96565	3107	0	100362
1032	94449	236	1572	1844	0	98101
1033	97709	226	1651	551	0	100137
1034	99828	202	451	492	0	100973
1035	3225	167	381	96833	0	100606
1036	2023	189	351	98041	0	100604
1037	97175	211	314	2995	0	100695
1038	97908	198	321	1854	0	100281
1039	98835	260	373	543	0	100011
1040	3243	584	364	94311	0	98502
1041	2002	590	342	93319	0	96253
1042	710	221	91336	2698	0	94965
1043	575	231	90425	1650	0	92881
1044	481	88985	2699	582	0	92747
1045	77709	2184	2815	1236	0	83944
1046	76747	1341	869	441	0	79398
1047	77466	258	272	406	0	78402
1048	2129	206	77019	333	0	79687
1049	76133	198	1029	375	0	77735
1050	77090	151	1095	344	0	78680
1051	78661	141	308	364	0	79474
1052	2141	131	261	76476	0	79009
1053	1420	145	236	77083	0	78884
1054	659	176	226	77079	0	78140
1055	514	146	72512	1908	0	75080
1056	67228	166	855	1180	0	69429
1057	1073	70269	975	402	0	72719
1058	65093	685	194	220	0	66192
1059	906	64440	150	246	0	65742
1060	933	64442	143	257	0	65775
1061	690	1574	475	62447	0	65186
1062	634	982	399	60964	0	62979
1063	249	60942	146	1339	0	62676
1064	59960	658	145	799	0	61562
1065	59887	675	152	289	0	61003
1066	1294	220	188	59130	0	60832
1067	911	126	59443	733	0	61213
1068	406	89	58492	781	0	59768
1069	391	95	60810	261	0	61557
1070	414	117	60354	233	0	61118
1071	55776	429	1614	366	0	58185
1072	56672	98	717	211	0	57698
1073	1227	61	196	55560	0	57044
1074	823	69	55635	687	0	57214
1075	365	172	607	56217	0	57361
1076	305	57755	622	685	0	59367
1077	282	62111	180	705	0	63278
1078	62259	1099	193	318	0	63869
1079	62326	658	108	239	0	63331
1080	62837	193	114	263	0	63407
1081	1177	170	142	61841	0	63330
1082	767	136	114	62849	0	63866
1083	340	129	108	63686	0	64263
1084	345	102	81	63694	0	64222
1085	341	111	62799	1197	0	64448
1086	329	87	552	62807	0	63775
1087	64516	61	616	779	0	65972
1088	718	66	203	65478	0	66465
1089	753	87	188	65959	0	66987
1090	326	581	157	65243	0	66307
1091	269	64372	165	1294	0	66100
1092	255	64219	135	844	0	65453
1093	244	65012	115	358	0	65729
1094	290	787	230	58707	0	60014
1095	211	408	215	59010	0	59844
1096	58938	90	99	791	0	59918
1097	58838	64	73	449	0	59424
1098	59528	82	66	152	0	59828
1099	771	78	52	59003	0	59904
1100	475	86	75	58879	0	59515
1101	183	59250	80	779	0	60292
1102	194	60436	64	492	0	61186
1103	59965	656	73	182	0	60876
1104	516	439	48	59448	0	60451
1105	60117	58	76	468	0	60719
1106	60902	42	75	523	0	61542
1107	765	55	107	59954	0	60881
1108	457	62663	105	491	0	63716
1109	63256	369	90	478	0	64193
1110	64137	387	72	252	0	64848
1111	788	92	65519	137	0	66536
1112	62214	87	334	129	0	62764
1113	322	62947	334	124	0	63727
1114	316	261	63	64085	0	64725
1115	68565	245	44	513	0	69367
1116	381	53	31	69596	0	70061
1117	365	64	28	68950	0	69407
1118	66	69431	29	711	0	70237
1119	68870	313	34	414	0	69631
1120	69153	336	18	105	0	69612
1121	671	69454	27	126	0	70278
1122	374	73029	39	122	0	73564
1123	72743	576	134	121	0	73574
1124	72096	328	53	81	0	72558
1125	662	77	71042	88	0	71869
1126	415	73	68556	72	0	69116
1127	124	70	72592	59	0	72845
1128	78	51	608	72598	0	73335
1129	80	39	334	73938	0	74391
1130	97	49	73800	598	0	74544
1131	72090	46	313	424	0	72873
1132	75823	42	318	141	0	76324
1133	76294	36	46	119	0	76495
1134	75554	43	38	89	0	75724
1135	718	64	80669	62	0	81513
1136	81310	44	331	189	0	81874
1137	84027	38	441	191	0	84697
1138	84390	33	58	123	0	84604
1139	84417	38	52	77	0	84584
1140	83894	64	48	102	0	84108
1141	693	78	85739	93	0	86603
1142	394	85954	299	113	0	86760
1143	138	310	316	87075	0	87839
1144	98	330	73	87717	0	88218
1145	139	87	87258	633	0	88117
1146	81903	56	325	431	0	82715
1147	390	45	328	86261	0	87024
1148	466	78	87433	354	0	88331
1149	179	95	85673	372	0	86319
1150	128	89511	630	195	0	90464
1151	162	361	362	90542	0	91427
1152	131	364	75	91126	0	91696
1153	130	93	62	91207	0	91492
1154	91023	56	82	691	0	91852
1155	400	66	86	91041	0	91593
1156	464	74	90819	401	0	91758
1157	208	93	86788	425	0	87514
1158	203	97	94780	119	0	95199
1159	180	92	673	94773	0	95718
1160	96994	51	434	421	0	97900
1161	446	85	97764	376	0	98671
1162	96259	56	357	163	0	96835
1163	106994	47	396	602	0	108039
1164	754	70	115	109470	0	110409
1165	509	61	87	110584	0	111241
1166	167	112036	100	804	0	113107
1167	247	388	111554	445	0	112634
1168	108185	377	415	195	0	109172
1169	478	147	405	114829	0	115859
1170	465	115130	127	595	0	116317
1171	204	413	96	116810	0	117523
1172	221	459	116914	490	0	118084
1173	162	241	449	114893	0	115745
1174	136	116400	475	565	0	117576
1175	179	407	144	115320	0	116050
1176	114527	387	129	606	0	115649
1177	465	128	107	113000	0	113700
1178	469	112086	113	626	0	113294
1179	138	113820	112	568	0	114638
1180	109824	717	123	236	0	110900
1181	540	467	114413	162	0	115582
1182	505	176	423	113407	0	114511
1183	174	171	430	116810	0	117585
1184	203	132	117830	836	0	119001
1185	127	118346	475	779	0	119727
1186	225	452	119333	179	0	120189
1187	189	855	477	115045	0	116566
1188	109	120982	457	593	0	122141
1189	122450	363	159	566	0	123538
1190	408	122818	120	342	0	123688
1191	374	123551	133	694	0	124752
1192	124538	725	286	287	0	125836
1193	125458	385	201	403	0	126447
1194	127114	77	109	246	0	127546
1195	667	67	98	127368	0	128200
1196	481	121	127123	442	0	128167
1197	124060	65	412	496	0	125033
1198	131240	78	373	228	0	131919
1199	806	92	95	134846	0	135839
1200	543	142	135605	567	0	136857
1201	118	135285	495	655	0	136553
1202	135471	472	503	223	0	136669
1203	139976	483	132	451	0	141042
1204	864	142698	107	298	0	143967
1205	690	145375	112	296	0	146473
1206	145151	868	156	200	0	146375
1207	144603	489	78	188	0	145358
1208	143835	103	83	155	0	144176
1209	937	111	72	142501	0	143621
1210	660	168	145574	528	0	146930
1211	184	209	490	142380	0	143263
1212	242	137	144510	563	0	145452
1213	102	143130	508	712	0	144452
1214	123	143929	482	367	0	144901
1215	354	791	264	137919	0	139328
1216	144	383	98	140831	0	141456
1217	95	108	54	139582	0	139839
1218	69	141421	87	906	0	142483
1219	140257	379	89	453	0	141178
1220	137759	398	58	175	0	138390
1221	704	142396	88	345	0	143533
1222	458	407	43	138309	0	139217
1223	126	140410	83	519	0	141138
1224	118	665	62	139769	0	140614
1225	116	141578	74	629	0	142397
1226	142078	401	80	554	0	143113
1227	443	389	67	140771	0	141670
1228	518	180	140907	445	0	142050
1229	137417	91	415	512	0	138435
1230	140316	92	421	235	0	141064
1231	840	157	140919	120	0	142036
1232	501	125	380	139574	0	140580
1233	252	203	143484	475	0	144414
1234	116	141	389	142721	0	143367
1235	167	171	139958	509	0	140805
1236	131656	109	455	530	0	132750
1237	426	137	380	136942	0	137885
1238	435	137800	123	578	0	138936
1239	140406	440	75	569	0	141490
1240	481	475	75	142386	0	143417
1241	487	151	76	141504	0	142218
1242	225	229	140683	893	0	142030
1243	146	154	445	142147	0	142892
1244	298	187	147996	643	0	149124
1245	258	196	152471	653	0	153578
1246	210	145	1167	156075	0	157597
1247	279	170	167649	733	0	168831
1248	163321	124	940	966	0	165351
1249	187386	120	954	256	0	188716
1250	190839	151	180	256	0	191426
1251	2916	203204	190	531	0	206841
1252	1808	1803	133	205722	0	209466
1253	429	1987	130	196462	0	199008
1254	333	210577	155	3560	0	214625
1255	208931	1826	189	2036	0	212982
1256	1972	1921	133	207823	0	211849
1257	2087	383	215540	1994	0	220004
1258	547	323	208618	2035	0	211523
1259	255	207419	3702	852	0	212228
1260	210213	1856	2118	455	0	214642
1261	2202	2017	210406	317	0	214942
1262	193808	361	2132	411	0	196712
1263	2003	192497	2179	766	0	197445
1264	2190	1811	201030	352	0	205383
1265	572	1952	201900	289	0	204713
1266	484	421	205281	285	0	206471
1267	313	196449	4015	601	0	201378
1268	711	2109	200169	408	0	203397
1269	191474	2019	2243	391	0	196127
1270	1997	361	2060	196200	0	200618
1271	1980	259	383	201774	0	204396
1272	427	226	295	203698	0	204646
1273	358	251	215	204698	0	205522
1274	430	293	201929	4025	0	206677
1275	356	251	1980	201688	0	204275
1276	317	210	2046	202729	0	205302
1277	200600	211	447	3990	0	205248
1278	203676	227	385	2418	0	206706
1279	201998	232	378	638	0	203246
1280	4164	333	203071	438	0	208006
1281	2327	207705	2248	687	0	212967
1282	534	214447	2327	622	0	217930
1283	198759	4363	543	470	0	204135
1284	2075	211146	467	655	0	214343
1285	2355	2542	401	207820	0	213118
1286	560	2442	408	212550	0	215960
1287	570	555	210325	4533	0	215983
1288	377	205816	2522	3127	0	211842
1289	506	2399	207929	660	0	211494
1290	199894	2433	2708	572	0	205607
1291	208051	485	2684	576	0	211796
1292	4678	392	638	206488	0	212196
1293	2766	316	520	205617	0	209219
1294	672	320	484	207469	0	208945
1295	817	357	474	208219	0	209867
1296	603	377	205957	5096	0	212033
1297	704	803	2561	204066	0	208134
1298	584	343	208263	2931	0	212121
1299	642	321	202041	2871	0	205875
1300	376	201095	4899	1076	0	207446
1301	201376	2438	3117	681	0	207612
1302	2508	208829	829	833	0	212999
1303	2884	2999	678	199372	0	205933
1304	879	2825	211704	2768	0	218176
1305	200521	564	3108	3011	0	207204
1306	3086	547	212781	752	0	217166
1307	210941	441	3367	688	0	215437
1308	213140	457	3310	702	0	217609
1309	5866	414	886	217863	0	225029
1310	3466	445	750	216772	0	221433
1311	1020	479	695	220277	0	222471
1312	893	582	213749	6447	0	221671
1313	205131	496	3414	3904	0	212945
1314	3409	210957	3598	1398	0	219362
1315	3737	3124	935	207995	0	215791
1316	212687	3345	790	3530	0	220352
1317	215302	811	840	3697	0	220650
1318	217408	705	735	1263	0	220111
1319	6942	812	211388	1172	0	220314
1320	213906	886	3513	1266	0	219571
1321	215909	950	3698	1392	0	221949
1322	6709	765	209223	1488	0	218185
1323	4244	882	220854	1137	0	227117
1324	1395	861	6956	217057	0	226269
1325	1327	721	225286	3952	0	231286
1326	985	216858	4796	4317	0	226956
1327	1032	224746	4936	1165	0	231879
1328	216990	6764	1666	860	0	226280
1329	4044	226582	1406	1073	0	233105
1330	4457	3921	1419	225023	0	234820
1331	217169	4013	1441	4032	0	226655
1332	3805	225988	1391	4702	0	235886
1333	3968	3930	1449	224129	0	233476
1334	1094	3981	1586	227499	0	234160
1335	1027	1010	223281	7695	0	233013
1336	985	843	4305	223509	0	229642
1337	1125	845	225736	4901	0	232607
1338	1359	581	223878	5011	0	230829
1339	1447	673	7053	216751	0	225924
1340	1226	587	4281	221058	0	227152
1341	217321	527	1176	8064	0	227088
1342	4082	233663	1110	5531	0	244386
1343	4405	4288	1009	230700	0	240402
1344	1801	6661	949	231935	0	241346
1345	220778	868	928	8515	0	231089
1346	4780	218115	874	5429	0	229198
1347	4562	210411	924	1656	0	217553
1348	1338	204193	933	1342	0	207806
1349	820	189047	972	962	0	191801
1350	167034	5674	3620	706	0	177034
1351	164813	2915	1069	575	0	169372
1352	162430	628	410	512	0	163980
1353	162244	427	307	510	0	163488
1354	5325	398	315	156794	0	162832
1355	3025	466	155490	2812	0	161793
1356	660	154458	2721	2991	0	160830
1357	655	2769	2712	151816	0	157952
1358	652	2643	152161	2805	0	158261
1359	582	667	2767	151803	0	155819
1360	588	392	2627	151936	0	155543
1361	583	388	150446	5159	0	156576
1362	511	405	2735	150861	0	154512
1363	548	403	2682	149894	0	153527
1364	149855	383	614	5298	0	156150
1365	149315	392	471	3111	0	153289
1366	150741	413	449	873	0	152476
1367	150581	475	435	766	0	152257
1368	5435	485	394	145452	0	151766
1369	3196	454	381	148195	0	152226
1370	973	509	373	150324	0	152179
1371	145211	489	376	5636	0	151712
1372	3237	459	455	148361	0	152512
1373	3186	461	388	148336	0	152371
1374	1121	533	143564	5540	0	150758
1375	989	1108	2820	140828	0	145745
1376	898	140953	2811	3320	0	147982
1377	798	145245	635	3364	0	150042
1378	140072	4977	568	984	0	146601
1379	3288	2861	139140	934	0	146223
1380	2917	134584	2719	957	0	141177
1381	131166	2665	3217	797	0	137845
1382	3079	2587	685	130559	0	136910
1383	2768	591	130816	2995	0	137170
1384	880	1311	2601	126666	0	131458
1385	696	132049	2578	3001	0	138324
1386	129031	2591	696	2846	0	135164
1387	2612	134416	584	1183	0	138795
1388	133736	2728	540	905	0	137909
1389	134722	2564	435	900	0	138621
1390	5066	635	463	132559	0	138723
1391	2988	610	383	130166	0	134147
1392	909	132377	412	5196	0	138894
1393	133262	2605	384	3162	0	139413
1394	3056	2632	132469	1018	0	139175
1395	131200	723	2582	928	0	135433
1396	129497	534	2436	978	0	133445
1397	4980	535	125824	976	0	132315
1398	2788	1434	2468	121336	0	128026
1399	122645	475	2496	3018	0	128634
1400	2882	527	122027	2843	0	128279
1401	2654	581	119335	1028	0	123598
1402	110919	735	4482	974	0	117110
1403	2501	111470	2457	910	0	117338
1404	2313	105684	626	797	0	109420
1405	1621	4139	956	100967	0	107683
1406	900	2141	101826	2160	0	107027
1407	96437	769	2225	2192	0	101623
1408	2321	541	100143	728	0	103733
1409	1905	93121	1899	685	0	97610
1410	92036	2003	2064	618	0	96721
1411	2180	1829	474	91483	0	95966
1412	92627	472	385	2173	0	95657
1413	2274	403	91099	2010	0	95786
1414	1981	499	1832	88155	0	92467
1415	713	91330	1659	1996	0	95698
1416	668	2060	449	90718	0	93895
1417	775	1997	365	92058	0	95195
1418	903	512	91126	3298	0	95839
1419	810	88820	1880	2096	0	93606
1420	801	89150	1700	1212	0	92863
1421	893	2829	85734	675	0	90131
1422	80272	1708	2120	650	0	84750
1423	82008	383	1691	669	0	84751
1424	3256	713	551	79098	0	83618
1425	76989	282	503	1722	0	79496
1426	1809	74464	481	1623	0	78377
1427	1481	76397	443	754	0	79075
1428	74972	2564	721	668	0	78925
1429	2099	1901	598	73498	0	78096
1430	75069	372	576	1786	0	77803
1431	75362	320	327	1561	0	77570
1432	2813	393	312	72352	0	75870
1433	1715	397	72193	1628	0	75933
1434	71402	369	1575	1412	0	74758
1435	72681	309	1344	499	0	74833
1436	2879	550	483	69634	0	73546
1437	1604	70547	415	1697	0	74263
1438	656	2016	387	70763	0	73822
1439	675	1288	70010	1757	0	73730
1440	685	427	69705	1515	0	72332
1441	561	68266	2535	793	0	72155
1442	1511	1330	1407	48625	0	52873
1443	234	596	485	48670	0	49985
1444	190	145	48684	1066	0	50085
1445	47404	139	589	633	0	48765
1446	49494	124	605	178	0	50401
1447	50125	110	146	167	0	50548
1448	50083	114	137	148	0	50482
1449	1197	49058	128	192	0	50575
1450	719	50491	137	186	0	51533
1451	50915	1096	147	190	0	52348
1452	738	688	119	51996	0	53541
1453	710	157	110	52726	0	53703
1454	214	53065	150	1232	0	54661
1455	218	670	132	53680	0	54700
1456	222	656	106	52506	0	53490
1457	198	52330	136	1288	0	53952
1458	238	666	52379	736	0	54019
1459	188	679	667	52344	0	53878
1460	52517	175	665	735	0	54092
1461	52156	151	158	666	0	53131
1462	1284	152	51575	201	0	53212
1463	806	104	51450	169	0	52529
1464	331	122	51434	164	0	52051
1465	267	333	1208	49192	0	51000
1466	246	130	50337	677	0	51390
1467	278	136	49734	647	0	50795
1468	290	1016	1204	46526	0	49036
1469	223	49143	672	645	0	50683
1470	323	601	48913	618	0	50455
1471	173	49692	619	221	0	50705
1472	48075	692	647	228	0	49642
1473	574	48781	163	224	0	49742
1474	639	599	183	47373	0	48794
1475	47622	531	146	618	0	48917
1476	620	157	129	47907	0	48813
1477	616	170	120	48175	0	49081
1478	224	104	48700	1053	0	50081
1479	175	47552	564	659	0	48950
1480	176	48305	597	204	0	49282
1481	292	1065	259	45723	0	47339
1482	162	504	184	45716	0	46566
1483	182	173	127	45332	0	45814
1484	179	111	44353	925	0	45568
1485	177	92	42883	531	0	43683
1486	39737	85	855	204	0	40881
1487	455	76	41170	121	0	41822
1488	384	75	40674	110	0	41243
1489	98	39427	676	115	0	40316
1490	301	672	510	38313	0	39796
1491	115	326	38971	368	0	39780
1492	96	72	348	38241	0	38757
1493	83	54	39439	397	0	39973
1494	53	56	382	39217	0	39708
1495	89	47	40780	408	0	41324
1496	61	48	391	40506	0	41006
1497	71	45	342	39727	0	40185
1498	45	40996	95	631	0	41767
1499	50	366	80	40950	0	41446
1500	38	41787	79	424	0	42328
1501	47	386	77	42090	0	42600
1502	54	341	91	42139	0	42625
1503	41227	82	81	685	0	42075
1504	376	61	87	41413	0	41937
1505	360	69	41049	430	0	41908
1506	85	53	378	41094	0	41610
1507	66	72	353	41270	0	41761
1508	73	58	40920	714	0	41765
1509	72	84	40601	401	0	41158
1510	60	67	662	39798	0	40587
1511	84	75	379	40727	0	41265
1512	80	80	40743	710	0	41613
1513	59	39885	389	447	0	40780
1514	50	40855	380	180	0	41465
1515	39928	646	145	171	0	40890
1516	405	405	116	40140	0	41066
1517	40667	80	114	456	0	41317
1518	39496	78	96	409	0	40079
1519	597	40095	113	176	0	40981
1520	40476	353	120	129	0	41078
1521	40382	329	113	139	0	40963
1522	653	75	40139	127	0	40994
1523	345	138	437	39696	0	40616
1524	97	72	41156	426	0	41751
1525	77	242	460	40732	0	41511
1526	59	69	41078	457	0	41663
1527	42	39385	427	442	0	40296
1528	50	39707	390	184	0	40331
1529	259	742	218	38146	0	39365
1530	37817	288	115	407	0	38627
1531	304	56	100	38163	0	38623
1532	262	57	72	38240	0	38631
1533	71	70	38430	589	0	39160
1534	59	56	38620	356	0	39091
1535	64	48	39107	139	0	39358
1536	35	56	580	38272	0	38943
1537	54	57	332	37183	0	37626
1538	32	38701	115	587	0	39435
1539	52	39760	92	369	0	40273
1540	38855	540	113	155	0	39663
1541	292	39670	92	160	0	40214
1542	266	348	39172	125	0	39911
1543	67	298	335	38734	0	39434
1544	63	78	40207	365	0	40713
1545	42	40052	368	392	0	40854
1546	111	637	347	39758	0	40853
1547	38945	262	149	419	0	39775
1548	308	69	39486	336	0	40199
1549	249	39195	337	192	0	39973
1550	122	308	38847	112	0	39389
1551	37	38041	343	134	0	38555
1552	297	566	460	35695	0	37018
1553	35500	240	137	295	0	36172
1554	34987	47	53	296	0	35383
1555	396	34983	74	114	0	35567
1556	35463	225	61	110	0	35859
1557	228	233	60	35326	0	35847
1558	35545	57	91	268	0	35961
1559	253	50	35678	287	0	36268
1560	260	47	36058	116	0	36481
1561	60	48	429	34833	0	35370
1562	42	47	277	36734	0	37100
1563	75	69	36468	461	0	37073
1564	57	80	250	36514	0	36901
1565	36689	60	260	299	0	37308
1566	36520	54	68	305	0	36947
1567	445	35986	71	128	0	36630
1568	262	35834	63	122	0	36281
1569	34961	431	81	105	0	35578
1570	282	259	71	34535	0	35147
1571	34295	62	74	275	0	34706
1572	235	34050	84	269	0	34638
1573	34071	231	91	102	0	34495
1574	251	233	33512	76	0	34072
1575	247	66	33311	87	0	33711
1576	90	261	423	32571	0	33345
1577	100	78	33521	242	0	33941
1578	69	123	228	32011	0	32431
1579	57	56	213	32064	0	32390
1580	80	51	33222	385	0	33738
1581	71	104	217	33108	0	33500
1582	66	73	222	34574	0	34935
1583	77	58	35437	425	0	35997
1584	66	51	35384	238	0	35739
1585	34705	50	461	81	0	35297
1586	269	46	36627	74	0	37016
1587	36569	155	485	68	0	37277
1588	38546	39	335	72	0	38992
1589	578	39	39642	61	0	40320
1590	333	47	40910	46	0	41336
1591	103	278	658	39485	0	40524
1592	56	89	327	38988	0	39460
1593	40	39600	80	613	0	40333
1594	40	40632	61	352	0	41085
1595	44	573	39526	70	0	40213
1596	38156	294	363	65	0	38878
1597	39304	52	319	70	0	39745
1598	608	36	38941	52	0	39637
1599	330	47	39081	45	0	39503
1600	64	65	602	38075	0	38806
1601	42	39492	300	346	0	40180
1602	59	324	67	39763	0	40213
1603	48	272	64	40189	0	40573
1604	40094	51	56	597	0	40798
1605	40001	35	58	314	0	40408
1606	602	29	47	40695	0	41373
1607	330	36	41210	351	0	41927
1608	39394	31	360	315	0	40100
1609	336	41819	308	93	0	42556
1610	42353	314	72	57	0	42796
1611	41709	264	59	69	0	42101
1612	568	42146	67	82	0	42863
1613	309	42742	78	81	0	43210
1614	93	567	89	42520	0	43269
1615	60	316	60	42715	0	43151
1616	54	42900	65	619	0	43638
1617	53	354	53	43114	0	43574
1618	60	290	57	43591	0	43998
1619	86	67	43394	620	0	44167
1620	42551	41	389	368	0	43349
1621	43924	33	330	101	0	44388
1622	44383	33	103	71	0	44590
1623	689	43	75	43418	0	44225
1624	42950	29	69	376	0	43424
1625	411	42536	75	353	0	43375
1626	336	524	68	40386	0	41314
1627	90	41842	66	334	0	42332
1628	86	42696	77	316	0	43175
1629	42528	556	179	131	0	43394
1630	42467	278	119	104	0	42968
1631	42154	67	57	71	0	42349
1632	42230	47	48	72	0	42397
1633	42043	45	64	77	0	42229
1634	620	42	42201	47	0	42910
1635	41805	54	320	72	0	42251
1636	396	51	43225	63	0	43735
1637	41975	42	357	71	0	42445
1638	42264	33	283	79	0	42659
1639	41844	42	93	90	0	42069
1640	604	48	43751	75	0	44478
1641	371	290	345	41609	0	42615
1642	113	44367	294	317	0	45091
1643	44967	300	100	263	0	45630
1644	44413	327	58	92	0	44890
1645	591	45320	90	89	0	46090
1646	45893	318	88	115	0	46414
1647	471	262	77	44766	0	45576
1648	329	46151	67	338	0	46885
1649	46253	327	69	301	0	46950
1650	46187	280	70	110	0	46647
1651	596	97	91	46025	0	46809
1652	46727	56	98	387	0	47268
1653	440	63	81	47083	0	47667
1654	342	65	104	47350	0	47861
1655	190	71	47281	609	0	48151
1656	188	87	355	46646	0	47276
1657	133	89	293	47377	0	47892
1658	161	93	47509	592	0	48355
1659	152	96	47364	355	0	47967
1660	151	74	580	47415	0	48220
1661	159	63	48175	389	0	48786
1662	44880	58	387	326	0	45651
1663	397	48787	309	149	0	49642
1664	351	348	81	49477	0	50257
1665	146	274	52	50460	0	50932
1666	129	94	59	50710	0	50992
1667	50573	53	38	621	0	51285
1668	50367	65	47	342	0	50821
1669	51246	82	50	145	0	51523
1670	629	51400	50	165	0	52244
1671	376	344	41	51867	0	52628
1672	194	284	38	52176	0	52692
1673	52050	83	42	582	0	52757
1674	51930	82	45	333	0	52390
1675	635	89	42	51960	0	52726
1676	383	94	52449	362	0	53288
1677	51528	86	325	357	0	52296
1678	53151	68	247	153	0	53619
1679	631	73	53840	118	0	54662
1680	50565	67	332	144	0	51108
1681	430	59	54045	102	0	54636
1682	52621	46	412	169	0	53248
1683	430	754	317	53656	0	55157
1684	298	56609	88	360	0	57355
1685	270	313	57900	249	0	58732
1686	131	58617	357	155	0	59260
1687	103	57602	291	141	0	58137
1688	57091	708	387	451	0	58637
1689	358	322	128	56367	0	57175
1690	150	20	13	55596	0	55779
1691	57122	9	16	413	0	57560
1692	185	13	17	57794	0	58009
1693	157	8	16	57784	0	57965
1694	45	15	12	57817	0	57889
1695	32	14	12	57343	0	57401
1696	52	26	57553	311	0	57942
1697	54	41	56487	171	0	56753
1698	18	57186	295	71	0	57570
1699	57653	155	149	125	0	58082
1700	187	147	20	58485	0	58839
1701	170	58194	29	230	0	58623
1702	58	192	16	60715	0	60981
1703	34	157	20	61097	0	61308
1704	35	20	14	61492	0	61561
1705	48	16	13	61966	0	62043
1706	55	26	16	61684	0	61781
1707	34	60699	26	368	0	61127
1708	43	165	23	61572	0	61803
1709	70	156	60346	194	0	60766
1710	40	60750	161	273	0	61224
1711	50	216	151	61215	0	61632
1712	34	242	26	60907	0	61209
1713	30	60370	31	351	0	60782
1714	33	61214	31	228	0	61506
1715	60089	265	22	66	0	60442
1716	143	60462	25	87	0	60717
1717	59960	155	64	88	0	60267
1718	59273	132	53	72	0	59530
1719	321	52	62127	56	0	62556
1720	169	40	156	58993	0	59358
1721	62	62	63397	185	0	63706
1722	26	64486	156	256	0	64924
1723	42	255	148	63822	0	64267
1724	45	168	23	65842	0	66078
1725	25	26	18	66441	0	66510
1726	27	21	24	66893	0	66965
1727	88	43	67620	349	0	68100
1728	45	15	182	67015	0	67257
1729	72	47	68541	218	0	68878
1730	81	61	67994	198	0	68334
1731	64827	21	362	167	0	65377
1732	69569	28	191	84	0	69872
1733	70376	25	38	71	0	70510
1734	357	69187	32	124	0	69700
1735	196	209	21	69837	0	70263
1736	98	213	71547	240	0	72098
1737	60	45	201	70751	0	71057
1738	105	53	73815	238	0	74211
1739	72261	47	233	295	0	72836
1740	73011	29	207	94	0	73341
1741	72753	28	48	74	0	72903
1742	457	56	71201	59	0	71773
1743	252	63	71708	67	0	72090
1744	59	139	430	72486	0	73114
1745	42	53	209	73645	0	73949
1746	33	34	28	74201	0	74296
1747	85	50	74328	369	0	74832
1748	89	78	70951	230	0	71348
1749	71156	32	361	132	0	71681
1750	201	23	196	75565	0	75985
1751	199	30	31	75971	0	76231
1752	77038	21	28	451	0	77538
1753	203	20	26	76997	0	77246
1754	80635	25	27	447	0	81134
1755	82404	20	28	393	0	82845
1756	81749	25	31	152	0	81957
1757	435	64	83965	85	0	84549
1758	216	83727	211	213	0	84367
1759	86289	191	224	175	0	86879
1760	242	247	36	86394	0	86919
1761	269	43	32	86025	0	86369
1762	44	87364	36	521	0	87965
1763	86666	215	35	299	0	87215
1764	86591	233	30	140	0	86994
1765	87309	39	47	119	0	87514
1766	464	88332	46	119	0	88961
1767	91823	224	30	208	0	92285
1768	91914	240	37	95	0	92286
1769	92001	34	25	101	0	92161
1770	473	24	33	90399	0	90929
1771	278	24	30	91251	0	91583
1772	128	73	92771	476	0	93448
1773	71	50	231	91406	0	91758
1774	56	24	257	93066	0	93403
1775	100	69	92914	475	0	93558
1776	87851	29	241	324	0	88445
1777	92270	24	257	118	0	92669
1778	495	163	35	91184	0	91877
1779	266	90983	64	284	0	91597
1780	72	91739	49	333	0	92193
1781	124	803	81	89940	0	90948
1782	147	288	88660	265	0	89360
1783	143	329	241	85350	0	86063
1784	101	84	87333	270	0	87788
1785	109	73	87381	225	0	87788
1786	68	34	295	87564	0	87961
1787	88639	14	198	237	0	89088
1788	86621	17	37	253	0	86928
1789	314	54	37	88697	0	89102
1790	214	25	32	90039	0	90310
1791	68	18	24	89618	0	89728
1792	53	29	22	89477	0	89581
1793	89842	13	41	399	0	90295
1794	89208	38	50	272	0	89568
1795	89531	26	36	102	0	89695
1796	420	57	89791	54	0	90322
1797	192	23	153	89186	0	89554
1798	67	27	173	91079	0	91346
1799	90964	17	40	360	0	91381
1800	201	90674	55	280	0	91210
1801	90882	152	38	138	0	91210
1802	90494	168	32	105	0	90799
1803	90339	40	36	118	0	90533
1804	90443	32	48	86	0	90609
1805	477	73	92896	50	0	93496
1806	297	70	89335	49	0	89751
1807	94816	25	476	166	0	95483
1808	96574	20	223	107	0	96924
1809	96514	21	51	93	0	96679
1810	97446	32	42	86	0	97606
1811	535	94	102596	87	0	103312
1812	261	107094	341	194	0	107890
1813	449	427	308	112751	0	113935
1814	119656	397	67	807	0	120927
1815	122189	66	46	591	0	122892
1816	129528	38	41	213	0	129820
1817	132397	35	50	117	0	132599
1818	133543	41	57	111	0	133752
1819	128905	42	140	124	0	129211
1820	1931	79	123654	121	0	125785
1821	1041	78	126437	65	0	127621
1822	248	307	1417	123633	0	125605
1823	282	109	127512	812	0	128715
1824	159	125204	858	891	0	127112
1825	147	128264	808	274	0	129493
1826	301	1645	191	127904	0	130041
1827	235	820	131681	793	0	133529
1828	207	183	128565	775	0	129730
1829	125903	157	1555	222	0	127837
1830	137341	83	919	145	0	138488
1831	1852	86	142	139523	0	141603
1832	142996	57	143	1207	0	144403
1833	1277	78	101	143141	0	144597
1834	1173	71	95	143432	0	144771
1835	348	99	145706	2242	0	148395
1836	326	110	142188	1217	0	143841
1837	179	82	2226	141291	0	143778
1838	293	109	142926	1287	0	144615
1839	135263	58	1321	1237	0	137879
1840	143690	49	1171	291	0	145201
1841	2288	146633	256	316	0	149493
1842	148669	1194	178	217	0	150258
1843	1586	1166	146378	149	0	149279
1844	145424	131	1327	166	0	147048
1845	147872	71	1242	233	0	149418
1846	149879	69	226	194	0	150368
1847	2682	136	185	143723	0	146726
1848	1485	147344	221	1383	0	150433
1849	148238	1244	177	1257	0	150916
1850	148588	1196	197	259	0	150240
1851	2649	184	194	147774	0	150801
1852	148627	108	171	1468	0	150374
1853	1595	149644	214	1547	0	153000
1854	1547	1423	173	147770	0	150913
1855	546	1360	146319	1564	0	149789
1856	131001	228	1638	1610	0	134477
1857	1768	208	146512	373	0	148861
1858	1600	545	1661	143381	0	147187
1859	442	144595	1500	1634	0	148171
1860	426	155044	391	1568	0	157429
1861	505	3145	275	155200	0	159125
1862	436	166259	282	2127	0	169104
1863	465	2594	290	198184	0	201533
1864	503	1998	272	207621	0	210394
1865	463	409	257	213011	0	214140
1866	203215	256	308	6027	0	209806
1867	3593	232	240	206980	0	211045
1868	3194	272	202688	3831	0	209985
1869	790	202905	3337	3203	0	210235
1870	202424	3283	2659	754	0	209120
1871	3760	2682	450	203490	0	210382
1872	3149	454	308	206973	0	210884
1873	883	313	309	211484	0	212989
1874	974	408	205224	6343	0	212949
1875	626	205411	3503	3474	0	213014
1876	205829	3446	2828	903	0	213006
1877	3734	2931	561	194631	0	201857
1878	3016	208545	525	3632	0	215718
1879	208916	3544	502	3114	0	216076
1880	4000	2970	208001	875	0	215846
1881	207557	623	3765	782	0	212727
1882	4236	565	215255	659	0	220715
1883	3515	620	214116	703	0	218954
1884	903	210173	6340	1298	0	218714
1885	820	3630	3259	205621	0	213330
1886	950	3117	206800	4137	0	215004
1887	661	202457	3994	3677	0	210789
1888	748	3677	3203	197501	0	205129
1889	603	203467	908	4086	0	209064
1890	803	3865	201529	3350	0	209547
1891	651	3221	3883	199268	0	207023
1892	819	843	204525	4270	0	210457
1893	702	645	4014	202248	0	207609
1894	756	574	3272	204829	0	209431
1895	903	633	201370	6961	0	209867
1896	797	570	4029	202370	0	207766
1897	196631	532	3383	4629	0	205175
1898	3914	198457	1003	4312	0	207686
1899	3607	3840	198671	1466	0	207584
1900	195827	3149	4003	1432	0	204411
1901	4333	884	3348	190194	0	198759
1902	3570	198963	984	4142	0	207659
1903	200431	3937	931	3638	0	208937
1904	203414	3363	819	1399	0	208995
1905	6869	1343	805	195373	0	204390
1906	3795	851	698	199070	0	204414
1907	1174	788	774	201134	0	203870
1908	993	1636	743	197418	0	200790
1909	929	193210	837	7660	0	202636
1910	1812	7033	1112	182516	0	192473
1911	870	186429	863	4714	0	192876
1912	952	182691	829	4399	0	188871
1913	811	179998	958	1855	0	183622
1914	1489	6128	166807	1512	0	175936
1915	803	172287	3854	1622	0	178566
1916	158152	4196	4021	1796	0	168165
1917	3424	160834	1083	1944	0	167285
1918	2951	3674	920	147177	0	154722
1919	1016	160093	1087	4271	0	166467
1920	1028	3812	905	158618	0	164363
1921	963	3286	979	161125	0	166353
1922	975	1319	157572	6471	0	166337
1923	152014	1242	3703	3936	0	160895
1924	158463	1201	2915	2002	0	164581
1925	156796	1048	1214	1937	0	160995
1926	5683	153281	1116	2254	0	162334
1927	3164	3876	1280	149521	0	157841
1928	1431	3149	148388	4501	0	157469
1929	1066	147496	3839	4014	0	156415
1930	1600	4518	3010	124659	0	133787
1931	1143	138178	1381	3500	0	144202
1932	135143	3552	1286	2789	0	142770
1933	137357	2826	1091	1349	0	142623
1934	138807	1203	1199	1309	0	142518
1935	137049	1109	1363	1169	0	140690
1936	5163	1014	1323	132244	0	139744
1937	2851	1086	1298	130968	0	136203
1938	1063	133245	1200	5354	0	140862
1939	1073	3453	1054	135176	0	140756
1940	997	2878	131433	4043	0	139351
1941	790	1405	3232	130065	0	135492
1942	727	1233	129217	4097	0	135274
1943	652	125728	3441	3595	0	133416
1944	744	3430	127769	1743	0	133686
1945	753	2900	3604	125314	0	132571
1946	821	1264	128196	3854	0	134135
1947	809	1148	3482	126660	0	132099
1948	878	1190	2740	126859	0	131667
1949	1063	1046	1213	127818	0	131140
1950	1117	1110	977	127494	0	130698
1951	122875	1072	882	5356	0	130185
1952	3153	123845	860	3344	0	131202
1953	122339	3218	773	1777	0	128107
1954	3297	2649	119764	1603	0	127313
1955	119012	1168	2908	1636	0	124724
1956	120545	1034	2365	1612	0	125556
1957	5701	1045	117212	1496	0	125454
1958	4169	1027	114554	1498	0	121248
1959	1307	113053	4208	1682	0	120250
1960	1083	106533	2105	1674	0	111395
1961	2492	4383	96803	1887	0	105565
1962	1163	87888	2488	2303	0	93842
1963	2152	3391	1921	52232	0	59696
1964	48748	689	754	848	0	51039
1965	581	181	115	48352	0	49229
1966	48763	150	68	541	0	49522
1967	48400	138	64	493	0	49095
1968	793	49000	91	173	0	50057
1969	48934	445	78	177	0	49634
1970	48715	416	54	177	0	49362
1971	808	194	48	47755	0	48805
1972	48023	118	68	554	0	48763
1973	451	48378	53	483	0	49365
1974	409	517	52	48151	0	49129
1975	48337	410	93	489	0	49329
1976	463	120	48092	434	0	49109
1977	47273	126	416	109	0	47924
1978	511	413	382	47534	0	48840
1979	412	93	47799	365	0	48669
1980	124	93	47369	356	0	47942
1981	44936	453	969	180	0	46538
1982	44554	76	430	159	0	45219
1983	549	60	50	44090	0	44749
1984	307	33	37	44386	0	44763
1985	56	37	25	43981	0	44099
1986	55	44550	50	545	0	45200
1987	44640	292	43	342	0	45317
1988	290	45094	29	102	0	45515
1989	44899	293	58	71	0	45321
1990	346	282	44429	56	0	45113
1991	311	45	281	44612	0	45249
1992	45394	32	277	371	0	46074
1993	319	36	43	45813	0	46211
1994	309	43	34	45021	0	45407
1995	73	44769	51	576	0	45469
1996	44829	286	47	310	0	45472
1997	307	46850	61	114	0	47332
1998	305	360	47	47165	0	47877
1999	84	306	46718	330	0	47438
2000	42599	52	366	358	0	43375
2001	379	56	46418	87	0	46940
2002	43435	57	375	82	0	43949
2003	350	46317	316	138	0	47121
2004	338	380	48	44181	0	44947
2005	71	46354	52	389	0	46866
2006	46278	371	69	356	0	47074
2007	399	347	47	46496	0	47289
2008	380	57	49	47200	0	47686
2009	100	67	46128	684	0	46979
2010	43843	47	365	420	0	44675
2011	401	51	345	46758	0	47555
2012	375	60	46122	407	0	46964
2013	101	45798	381	415	0	46695
2014	99	378	362	45727	0	46566
2015	46008	338	81	443	0	46870
2016	392	47	61	46506	0	47006
2017	404	60	46695	420	0	47579
2018	47625	39	382	395	0	48441
2019	481	44	355	48576	0	49456
2020	447	70	52271	465	0	53253
2021	123	54	512	53302	0	53991
2022	103	71	476	52670	0	53320
2023	115	54224	80	1006	0	55425
2024	53534	544	85	564	0	54727
2025	556	54771	70	196	0	55593
2026	54705	573	61	113	0	55452
2027	609	532	70	52664	0	53875
2028	570	54484	64	564	0	55682
2029	154	560	45	54740	0	55499
2030	126	538	53729	631	0	55024
2031	51945	86	558	579	0	53168
2032	599	90	514	52681	0	53884
2033	586	54	71	52552	0	53263
2034	145	60	59	53112	0	53376
2035	142	77	51639	1096	0	52954
2036	154	76	51658	613	0	52501
2037	111	51533	1012	206	0	52862
2038	122	628	558	49711	0	51019
2039	49657	486	139	538	0	50820
2040	519	50637	74	595	0	51825
2041	603	585	81	51446	0	52715
2042	52035	514	92	597	0	53238
2043	51873	91	68	567	0	52599
2044	1021	52025	69	195	0	53310
2045	55066	553	80	148	0	55847
2046	58563	547	63	126	0	59299
2047	1249	126	52	60144	0	61571
2048	747	60659	89	857	0	62352
2049	169	767	85	62355	0	63376
2050	61057	756	86	912	0	62811
2051	898	124	61821	858	0	63701
2052	835	110	786	61328	0	63059
2053	183	96	789	62178	0	63246
2054	168	132	61426	1619	0	63345
2055	140	119	803	61821	0	62883
2056	61311	111	800	972	0	63194
2057	59953	106	141	929	0	61129
2058	1556	102	113	60620	0	62391
2059	908	99	60397	957	0	62361
2060	245	86	59385	966	0	60682
2061	178	59374	1528	352	0	61432
2062	148	60312	859	295	0	61614
2063	371	1462	284	57512	0	59629
2064	57031	779	173	829	0	58812
2065	752	57436	119	865	0	59172
2066	57179	773	117	253	0	58322
2067	828	760	116	56630	0	58334
2068	790	162	103	56923	0	57978
2069	55152	114	148	1494	0	56908
2070	772	55717	102	969	0	57560
2071	56402	760	110	277	0	57549
2072	928	782	54651	207	0	56568
2073	835	173	54029	210	0	55247
2074	273	338	1388	52168	0	54167
2075	200	139	53966	816	0	55121
2076	187	142	52763	792	0	53884
2077	181	281	1358	49871	0	51691
2078	184	116	51996	803	0	53099
2079	170	103	818	50346	0	51437
2080	159	106	742	50418	0	51425
2081	147	114	51025	1445	0	52731
2082	146	93	776	50367	0	51382
2083	170	106	769	49466	0	50511
2084	155	49696	214	1420	0	51485
2085	49619	737	156	855	0	51367
2086	784	692	49853	326	0	51655
2087	714	140	785	49187	0	50826
2088	191	133	781	50085	0	51190
2089	178	132	49160	1464	0	50934
2090	46235	108	766	919	0	48028
2091	732	48926	765	392	0	50815
2092	771	778	209	48554	0	50312
2093	222	798	189	48301	0	49510
2094	170	48997	193	1481	0	50841
2095	290	759	48619	915	0	50583
2096	157	49773	805	391	0	51126
2097	47327	910	784	376	0	49397
2098	787	710	47053	274	0	48824
2099	725	323	782	46207	0	48037
2100	242	148	48091	848	0	49329
2101	213	173	47728	864	0	48978
2102	169	47062	1318	368	0	48917
2103	451	788	840	44823	0	46902
2104	45253	645	286	792	0	46976
2105	45227	176	220	749	0	46372
2106	1197	45388	234	380	0	47199
2107	715	667	191	45488	0	47061
2108	45443	639	207	796	0	47085
2109	45710	181	198	761	0	46850
2110	1184	45444	193	373	0	47194
2111	46081	644	188	279	0	47192
2112	788	630	176	44530	0	46124
2113	698	45852	203	787	0	47540
2114	274	774	188	46658	0	47894
2115	219	882	185	46243	0	47529
2116	271	572	225	46594	0	47662
2117	209	197	45444	1303	0	47153
2118	231	166	43094	743	0	44234
2119	169	43111	1074	304	0	44658
2120	38606	565	834	254	0	40259
2121	511	38408	265	268	0	39452
2122	561	506	193	37319	0	38579
2123	197	444	38348	554	0	39543
2124	184	211	543	37314	0	38252
2125	118	135	501	38271	0	39025
2126	128	144	158	38801	0	39231
2127	37851	121	144	910	0	39026
2128	457	105	167	38403	0	39132
2129	435	107	39687	578	0	40807
2130	38225	106	518	554	0	39403
2131	39410	95	479	266	0	40250
2132	40359	77	174	218	0	40828
2133	40464	85	141	212	0	40902
2134	40354	92	130	210	0	40786
2135	843	39856	145	246	0	41090
2136	516	467	132	38357	0	39472
2137	192	39939	112	517	0	40760
2138	39474	442	125	489	0	40530
2139	39235	440	189	228	0	40092
2140	38281	131	133	180	0	38725
2141	794	37472	146	168	0	38580
2142	439	37176	105	162	0	37882
2143	175	37440	95	179	0	37889
2144	384	827	36001	209	0	37421
2145	572	1892	589	30625	0	33678
2146	82	29066	249	250	0	29647
2147	29	27061	40	92	0	27222
2148	61	96	71	26744	0	26972
2149	10	52	10	26989	0	27061
2150	22	21	27368	112	0	27523
2151	26871	12	64	115	0	27062
2152	73	11	68	28911	0	29063
2153	86	13	14	29087	0	29200
2154	31	19	28991	151	0	29192
2155	26	21	28343	96	0	28486
2156	20	29939	153	54	0	30166
2157	22	95	92	30312	0	30521
2158	24	88	16	30496	0	30624
2159	35	25	29862	155	0	30077
2160	28034	9	80	107	0	28230
2161	29821	18	90	24	0	29953
2162	182	23	30422	16	0	30643
2163	30166	15	99	53	0	30333
2164	111	21	31286	30	0	31448
2165	30953	10	100	24	0	31087
2166	31536	14	109	30	0	31689
2167	189	28	32381	21	0	32619
2168	112	12	98	32140	0	32362
2169	26	16	104	33238	0	33384
2170	21	16	14	33975	0	34026
2171	33821	14	14	234	0	34083
2172	33628	11	24	160	0	33823
2173	255	15	34799	34	0	35103
2174	149	32	33937	22	0	34140
2175	35557	23	259	67	0	35906
2176	36489	19	154	39	0	36701
2177	291	20	36272	39	0	36622
2178	180	27	36019	18	0	36244
2179	34	15	275	36303	0	36627
2180	49	31	37494	136	0	37710
2181	27	13	139	36409	0	36588
2182	37822	12	192	166	0	38192
2183	165	18	39616	187	0	39986
2184	38050	11	173	67	0	38301
2185	190	23	43256	47	0	43516
2186	216	11	207	42712	0	43146
2187	48	6	249	44554	0	44857
2188	52	28	24	44996	0	45100
2189	44	45412	31	522	0	46009
2190	40	210	43	45104	0	45397
2191	63	252	32	45563	0	45910
2192	45102	18	38	487	0	45645
2193	264	31	44962	275	0	45532
2194	42970	19	247	66	0	43302
2195	274	22	45116	34	0	45446
2196	40985	21	261	86	0	41353
2197	262	44498	267	107	0	45134
2198	311	212	44538	40	0	45101
2199	83	271	44184	40	0	44578
2200	99	200	523	41672	0	42494
2201	42	37	284	43659	0	44022
2202	59	18	44350	461	0	44888
2203	66	30	44649	267	0	45012
2204	68	22	47987	50	0	48127
2205	48757	37	509	147	0	49450
2206	49726	20	315	77	0	50138
2207	49857	8	51	66	0	49982
2208	473	13	48	49273	0	49807
2209	298	7	52	49646	0	50003
2210	72	13	51800	472	0	52357
2211	50	20	246	51123	0	51439
2212	42	14	279	51597	0	51932
2213	51456	18	44	525	0	52043
2214	51037	21	45	327	0	51430
2215	52154	16	57	113	0	52340
2216	501	19	44	51952	0	52516
2217	285	18	57	51891	0	52251
2218	76	18	46	51997	0	52137
2219	51589	14	55	502	0	52160
2220	268	25	62	50665	0	51020
2221	301	51461	66	266	0	52094
2222	78	229	59	50420	0	50786
2223	68	50695	82	256	0	51101
2224	50796	212	79	286	0	51373
2225	49562	249	78	84	0	49973
2226	455	50778	91	91	0	51415
2227	295	51323	95	211	0	51924
2228	85	505	83	50969	0	51642
2229	78	268	50162	276	0	50784
2230	77	29	276	48800	0	49182
2231	86	55	50595	302	0	51038
2232	67	50667	269	412	0	51415
2233	75	225	291	51173	0	51764
2234	79	282	80	51620	0	52061
2235	107	38	53330	541	0	54016
2236	84	25	296	52947	0	53352
2237	112	43	54814	313	0	55282
2238	53686	23	292	381	0	54382
2239	55402	28	327	111	0	55868
2240	55880	29	65	131	0	56105
2241	576	31	72	55008	0	55687
2242	357	38	69	55183	0	55647
2243	108	59	56340	611	0	57118
2244	115	233	309	54636	0	55293
2245	97	56176	357	424	0	57054
2246	144	265	56319	363	0	57091
2247	117	303	55336	124	0	55880
2248	130	261	581	51980	0	52952
2249	111	62	56261	321	0	56755
2250	108	71	55540	369	0	56088
2251	51271	72	542	212	0	52097
2252	263	57785	301	191	0	58540
2253	59271	242	98	210	0	59821
2254	59038	253	71	182	0	59544
2255	59581	43	93	208	0	59925
2256	536	42	83	59112	0	59773
2257	328	48	77	59855	0	60308
2258	139	61	60120	520	0	60840
2259	118	58	282	59016	0	59474
2260	98	60596	337	339	0	61370
2261	60501	225	98	349	0	61173
2262	244	60435	125	198	0	61002
2263	286	60521	123	172	0	61102
2264	110	515	101	60060	0	60786
2265	129	287	60839	299	0	61554
2266	125	97	301	59939	0	60462
2267	139	71	60537	291	0	61038
2268	90	59694	270	385	0	60439
2269	59483	239	375	145	0	60242
2270	59618	203	103	145	0	60069
2271	60680	43	93	194	0	61010
2272	475	59	62753	125	0	63412
2273	311	104	59602	138	0	60155
2274	61252	59	472	167	0	61950
2275	62641	36	290	165	0	63132
2276	63191	41	79	192	0	63503
2277	411	48	58	62469	0	62986
2278	277	46	64	63209	0	63596
2279	63203	38	85	448	0	63774
2280	62301	32	110	290	0	62733
2281	441	79	64177	100	0	64797
2282	307	82	61941	88	0	62418
2283	60474	53	342	154	0	61023
2284	223	46	62582	100	0	62951
2285	58696	40	232	119	0	59087
2286	172	47	60375	58	0	60652
2287	144	233	98	57886	0	58361
2288	90	67	61450	86	0	61693
2289	56	61	61	61915	0	62093
2290	39	38	68	62471	0	62616
2291	40	64213	39	216	0	64508
2292	64172	57	33	185	0	64447
2293	109	93	65284	36	0	65522
2294	62231	17	71	87	0	62406
2295	69	66156	83	134	0	66442
2296	68167	53	40	134	0	68394
2297	90	75	15	67965	0	68145
2298	105	28	21	68566	0	68720
2299	30	70426	35	258	0	70749
2300	42	133	18	72445	0	72638
2301	39	121	29	73300	0	73489
2302	26	29	23	73680	0	73758
2303	71558	20	31	378	0	71987
2304	68065	21	36	253	0	68375
2305	412	60	67879	46	0	68397
2306	211	68359	166	168	0	68904
2307	62	160	199	69756	0	70177
2308	41	206	33	71482	0	71762
2309	58	55	72250	390	0	72753
2310	48	46	209	69824	0	70127
2311	71297	31	260	277	0	71865
2312	72119	19	39	309	0	72486
2313	73007	26	58	135	0	73226
2314	513	30	27	73845	0	74415
2315	77310	22	23	482	0	77837
2316	77452	22	27	376	0	77877
2317	78764	17	37	154	0	78972
2318	563	41	28	78689	0	79321
2319	375	38	20	79644	0	80077
2320	71	32	20	80205	0	80328
2321	60	25	34	79535	0	79654
2322	53	26	22	79638	0	79739
2323	123	46	78512	543	0	79224
2324	119	58	77950	345	0	78472
2325	49	77522	528	181	0	78280
2326	59	264	301	79517	0	80141
2327	51	285	39	80108	0	80483
2328	52	45	31	80706	0	80834
2329	92	68	79616	598	0	80374
2330	58	31	256	78846	0	79191
2331	111	79	79888	316	0	80394
2332	55	41	278	79242	0	79616
2333	149	97	84058	333	0	84637
2334	47	83975	296	590	0	84908
2335	97	396	348	83406	0	84247
2336	90	327	82763	353	0	83533
2337	72517	84	310	490	0	73401
2338	278	83776	333	244	0	84631
2339	391	285	49	84581	0	85306
2340	59	85278	60	449	0	85846
2341	46	316	45	85704	0	86111
2342	86135	341	43	406	0	86925
2343	332	52	33	85182	0	85599
2344	354	85895	64	464	0	86777
2345	86198	292	52	443	0	86985
2346	318	364	46	87509	0	88237
2347	381	196	50	89054	0	89681
2348	90492	44	35	846	0	91417
2349	435	44	42	97353	0	97874
2350	559	45	48	118605	0	119257
2351	231	109	123763	1978	0	126081
2352	161	115	124228	1167	0	125671
2353	103	115	2663	124296	0	127177
2354	182	90	127191	1546	0	129009
2355	193	97	124886	1381	0	126557
2356	117910	25	2846	329	0	121110
2357	1688	120	129260	224	0	131292
2358	1339	128853	1695	324	0	132211
2359	250	1545	1391	130376	0	133562
2360	133014	1316	219	1670	0	136219
2361	135341	159	124	1476	0	137100
2362	135481	77	115	323	0	135996
2363	3066	134767	127	393	0	138353
2364	1638	1600	124	134191	0	137553
2365	305	1424	165	136547	0	138441
2366	133941	173	167	3146	0	137427
2367	135538	93	141	1765	0	137537
2368	136998	71	175	426	0	137670
2369	3288	119	135830	268	0	139505
2370	1708	135054	1823	436	0	139021
2371	388	146532	1718	581	0	149219
2372	271	3554	432	144039	0	148296
2373	236	1976	262	149429	0	151903
2374	388	299	149473	4181	0	154341
2375	145656	144	2444	2320	0	150564
2376	152260	143	2181	550	0	155134
2377	4461	204	429	150936	0	156030
2378	2392	201	240	152885	0	155718
2379	585	133	156	154886	0	155760
2380	151326	94	235	4579	0	156234
2381	2761	194	148594	2474	0	154023
2382	2487	225	149726	594	0	153032
2383	536	215	4306	147060	0	152117
2384	435	270	150531	2652	0	153888
2385	145684	150	2639	2441	0	150914
2386	149399	122	2264	656	0	152441
2387	151682	109	490	453	0	152734
2388	4656	145424	461	629	0	151170
2389	147322	2352	327	414	0	150415
2390	2749	2201	259	144632	0	149841
2391	2346	466	264	145697	0	148773
2392	554	221	302	149075	0	150152
2393	483	200	144008	4859	0	149550
2394	509	449	2537	140724	0	144219
2395	469	143318	2308	2871	0	148966
2396	139945	2297	552	2505	0	145299
2397	2401	144655	363	1135	0	148554
2398	2502	2552	141618	737	0	147409
2399	695	143391	2588	773	0	147447
2400	138168	2653	2676	582	0	144079
2401	2475	140663	789	721	0	144648
2402	2367	2568	711	125935	0	131581
2403	632	139896	690	2407	0	143625
2404	138192	2502	666	2251	0	143611
2405	139558	2096	619	685	0	142958
2406	138712	536	640	576	0	140464
2407	4778	424	137502	494	0	143198
2408	2774	430	137104	497	0	140805
2409	990	460	137130	573	0	139153
2410	133434	567	4816	645	0	139462
2411	2844	670	2721	133272	0	139507
2412	2544	346	761	134910	0	138561
2413	924	501	132087	4489	0	138001
2414	763	471	2549	132504	0	136287
2415	127854	469	2223	2991	0	133537
2416	2739	128785	710	2736	0	134970
2417	131414	2440	543	869	0	135266
2418	3221	2409	128680	548	0	134858
2419	130441	691	2562	541	0	134235
2420	131782	611	2275	539	0	135207
2421	132978	591	715	618	0	134902
2422	4753	605	128718	675	0	134751
2423	2990	472	2497	127884	0	133843
2424	1329	387	130524	2658	0	134898
2425	1134	337	2703	129947	0	134121
2426	989	415	131166	2842	0	135412
2427	906	428	2828	129100	0	133262
2428	828	344	2393	131272	0	134837
2429	129693	278	755	4663	0	135389
2430	130576	285	598	2806	0	134265
2431	132758	250	681	1082	0	134771
2432	4822	281	757	125654	0	131514
2433	2755	121464	772	2775	0	127766
2434	1015	126095	616	2664	0	130390
2435	124563	3968	510	968	0	130009
2436	2997	2302	122936	658	0	128893
2437	123484	539	2595	672	0	127290
2438	3230	418	124272	581	0	128501
2439	124800	385	2735	723	0	128643
2440	125294	306	2321	752	0	128673
2441	4637	282	124387	813	0	130119
2442	124814	228	2653	951	0	128646
2443	125272	283	2367	833	0	128755
2444	126488	294	849	691	0	128322
2445	4643	124616	687	926	0	130872
2446	2881	4352	1079	120361	0	128673
2447	1242	2175	122778	2501	0	128696
2448	1351	759	122610	2221	0	126941
2449	890	114624	3793	867	0	120174
2450	710	92582	1665	574	0	95531
2451	1785	2059	1500	82384	0	87728
2452	81124	1009	515	1109	0	83757
2453	1117	81722	225	1266	0	84330
2454	1217	1268	192	79978	0	82655
2455	437	82279	179	1153	0	84048
2456	78131	1076	220	1059	0	80486
2457	1193	1156	238	79272	0	81859
2458	1198	311	78567	1066	0	81142
2459	384	77250	1027	1087	0	79748
2460	321	77261	1042	345	0	78969
2461	358	1885	382	71555	0	74180
2462	287	76184	246	886	0	77603
2463	316	1132	205	75026	0	76679
2464	75104	969	188	1079	0	77340
2465	75848	291	161	987	0	77287
2466	77187	160	164	304	0	77815
2467	77679	139	198	228	0	78244
2468	2049	227	77103	176	0	79555
2469	1146	75345	944	266	0	77701
2470	378	76032	951	247	0	77608
2471	188	69155	173	154	0	69670
2472	206	69004	254	180	0	69644
2473	65714	1249	951	251	0	68165
2474	64971	586	237	104	0	65898
2475	66237	84	46	114	0	66481
2476	66352	56	53	84	0	66545
2477	1054	69	64406	49	0	65578
2478	67326	60	471	120	0	67977
2479	68342	44	558	68	0	69012
2480	69121	38	79	80	0	69318
2481	1066	55	32	67777	0	68930
2482	638	58	51	68280	0	69027
2483	68579	52	54	1030	0	69715
2484	518	66	35	67588	0	68207
2485	594	66793	48	936	0	68371
2486	133	483	37	68401	0	69054
2487	111	565	37	67838	0	68551
2488	90	68049	49	1113	0	69301
2489	108	491	38	68096	0	68733
2490	108	584	28	68256	0	68976
2491	67007	97	38	1021	0	68163
2492	535	84	65327	630	0	66576
2493	64917	61	476	129	0	65583
2494	609	76	66212	86	0	66983
2495	673	77	64170	67	0	64987
2496	217	81	65572	77	0	65947
2497	63710	92	1095	98	0	64995
2498	601	61	67656	82	0	68400
2499	66386	139	638	152	0	67315
2500	67511	62	583	141	0	68297
2501	67874	55	87	94	0	68110
2502	1065	67278	61	139	0	68543
2503	67693	506	46	110	0	68355
2504	545	68852	58	166	0	69621
2505	622	539	36	68895	0	70092
2506	167	614	44	68707	0	69532
2507	121	68588	60	1066	0	69835
2508	103	69104	76	696	0	69979
2509	125	70592	75	191	0	70983
2510	69200	1013	68	111	0	70392
2511	544	70765	68	152	0	71529
2512	71148	536	67	115	0	71866
2513	641	596	69278	66	0	70581
2514	69814	114	521	79	0	70528
2515	71288	80	561	95	0	72024
2516	1136	108	69141	70	0	70455
2517	715	79	499	68236	0	69529
2518	209	82	70353	539	0	71183
2519	150	77	524	69357	0	70108
2520	155	68	574	70049	0	70846
2521	69794	79	103	1071	0	71047
2522	69712	90	62	650	0	70514
2523	1064	69278	66	272	0	70680
2524	70655	526	65	130	0	71376
2525	650	630	70169	79	0	71528
2526	70261	133	510	137	0	71041
2527	675	103	73387	101	0	74266
2528	732	107	72627	83	0	73549
2529	73855	91	1168	99	0	75213
2530	75729	79	757	95	0	76660
2531	1290	118	76578	89	0	78075
2532	816	100	635	73776	0	75327
2533	226	89	701	77036	0	78052
2534	211	122	75938	1213	0	77484
2535	192	113	626	74026	0	74957
2536	196	74460	723	756	0	76135
2537	228	631	153	77276	0	78288
2538	248	720	100	76890	0	77958
2539	266	182	75387	1194	0	77029
2540	70269	133	646	812	0	71860
2541	74947	101	698	218	0	75964
2542	74818	100	156	141	0	75215
2543	74061	70	125	140	0	74396
2544	1439	72670	139	209	0	74457
2545	928	636	151	71245	0	72960
2546	360	689	70782	665	0	72496
2547	289	163	70553	744	0	71749
2548	287	326	1185	68820	0	70618
2549	231	141	71080	709	0	72161
2550	68303	93	660	778	0	69834
2551	675	87	651	70610	0	72023
2552	743	101	161	71411	0	72416
2553	235	125	111	71723	0	72194
2554	70067	98	135	1274	0	71574
2555	628	70802	148	926	0	72504
2556	71440	565	136	307	0	72448
2557	70923	599	150	217	0	71889
2558	1187	69666	181	233	0	71267
2559	774	70235	187	241	0	71437
2560	71137	1040	325	178	0	72680
2561	730	624	224	70913	0	72491
2562	750	118	234	71132	0	72234
2563	72278	64	213	1082	0	73637
2564	764	101	71969	639	0	73473
2565	71732	68	661	166	0	72627
2566	72690	68	710	154	0	73622
2567	1308	74019	170	231	0	75728
2568	77378	553	190	178	0	78299
2569	77479	630	147	157	0	78413
2570	1340	83260	103	237	0	84940
2571	704	84458	101	223	0	85486
2572	697	1333	271	81198	0	83499
2573	81685	693	178	673	0	83229
2574	658	83906	71	823	0	85458
2575	733	682	69	84978	0	86462
2576	85723	702	63	783	0	87271
2577	844	116	85616	784	0	87360
2578	839	75	742	85475	0	87131
2579	185	74	87528	789	0	88576
2580	83818	71	838	894	0	85621
2581	87666	45	838	221	0	88770
2582	1575	70	87599	132	0	89376
2583	897	86512	787	253	0	88449
2584	235	781	839	87624	0	89479
2585	152	810	88842	781	0	90585
2586	124	110	769	89257	0	90260
2587	140	73	835	91708	0	92756
2588	151	68	90893	1596	0	92708
2589	85389	58	843	1023	0	87313
2590	91097	55	881	169	0	92202
2591	1712	95	91861	127	0	93795
2592	956	92423	833	302	0	94514
2593	212	975	895	89412	0	91494
2594	105	92345	150	928	0	93528
2595	92	92966	127	976	0	94161
2596	92260	1633	168	334	0	94395
2597	843	939	79	92453	0	94314
2598	912	139	94	91930	0	93075
2599	241	106	92411	1639	0	94397
2600	200	120	91456	985	0	92761
2601	154	88	1643	90863	0	92748
2602	154	100	950	92775	0	93979
2603	159	130	92289	1708	0	94286
2604	201	139	92017	1018	0	93375
2605	127	139	1680	91371	0	93317
2606	92097	107	990	963	0	94157
2607	876	93116	218	1158	0	95368
2608	93560	901	111	262	0	94834
2609	1012	94574	138	284	0	96008
2610	1047	94873	156	280	0	96356
2611	93318	1819	207	214	0	95558
2612	1044	1102	94313	170	0	96629
2613	1107	199	966	93975	0	96247
2614	266	148	1065	96902	0	98381
2615	205	111	214	102610	0	103140
2616	217	162	102608	2098	0	105085
2617	182	142	1123	104010	0	105457
2618	104996	119	1253	1331	0	107699
2619	1251	110	252	108420	0	110033
2620	1313	137	169	112178	0	113797
2621	112522	105	169	2615	0	115411
2622	112037	115	183	1576	0	113911
2623	2588	112231	207	470	0	115496
2624	1592	1245	113030	235	0	116102
2625	347	1386	112063	208	0	114004
2626	282	214	113777	270	0	114543
2627	183	108720	2699	352	0	111954
2628	479	1343	1802	105458	0	109082
2629	213	1332	273	107668	0	109486
2630	106740	201	199	2549	0	109689
2631	1329	165	193	106641	0	108328
2632	1435	179	106050	1469	0	109133
2633	271	150	1338	106916	0	108675
2634	245	146	1402	106876	0	108669
2635	237	223	105884	2625	0	108969
2636	186	105127	1407	1753	0	108473
2637	308	1280	1462	95838	0	98888
2638	213	105584	389	1276	0	107462
2639	254	1342	104361	1430	0	107387
2640	102963	1402	1419	364	0	106148
2641	104629	221	1483	346	0	106679
2642	105969	202	337	342	0	106850
2643	2652	212	279	102198	0	105341
2644	1486	104624	319	1533	0	107962
2645	104541	1304	296	1500	0	107641
2646	105358	1391	282	415	0	107446
2647	104560	294	271	459	0	105584
2648	2667	229	102841	390	0	106127
2649	100316	179	1414	346	0	102255
2650	1431	101791	1490	491	0	105203
2651	101221	1329	347	343	0	103240
2652	1435	102420	339	440	0	104634
2653	102625	1370	308	405	0	104708
2654	1559	1422	102104	333	0	105418
2655	101483	302	1468	374	0	103627
2656	102504	214	1468	343	0	104529
2657	101105	203	308	308	0	101924
2658	103914	189	268	301	0	104672
2659	2803	224	101207	290	0	104524
2660	1686	291	1362	99769	0	103108
2661	99345	189	1472	1430	0	102436
2662	1467	99685	350	1683	0	103185
2663	1557	1438	322	98525	0	101842
2664	521	1347	97845	1403	0	101116
2665	534	1126	1479	97404	0	100543
2666	630	229	98557	1504	0	100920
2667	353	94795	1466	1671	0	98285
2668	372	91265	1422	472	0	93531
2669	421	91483	389	491	0	92784
2670	774	2705	551	81479	0	85509
2671	443	1238	281	81192	0	83154
2672	329	233	79655	1856	0	82073
2673	280	77998	973	1202	0	80453
2674	74356	921	1024	277	0	76578
2675	906	73833	228	334	0	75301
2676	920	73031	232	285	0	74468
2677	1041	1690	402	69909	0	73042
2678	69450	836	301	873	0	71460
2679	69738	218	176	923	0	71055
2680	1601	181	161	68884	0	70827
2681	68858	160	185	887	0	70090
2682	893	165	138	68451	0	69647
2683	891	179	67568	936	0	69574
2684	67044	166	831	932	0	68973
2685	955	230	854	66517	0	68556
2686	900	206	65435	832	0	67373
2687	255	181	64444	878	0	65758
2688	287	314	1441	63606	0	65648
2689	64275	174	949	842	0	66240
2690	64397	162	156	877	0	65592
2691	1489	64091	156	242	0	65978
2692	65035	787	152	290	0	66264
2693	64834	786	143	214	0	65977
2694	65337	170	140	207	0	65854
2695	1536	64704	148	280	0	66668
2696	65117	746	178	197	0	66238
2697	65267	784	139	195	0	66385
2698	1618	200	126	64310	0	66254
2699	63184	127	148	736	0	64195
2700	856	62384	162	845	0	64247
2701	890	63379	148	221	0	64638
2702	343	1364	168	62635	0	64510
2703	342	941	142	62291	0	63716
2704	290	63332	135	1328	0	65085
2705	62551	686	128	754	0	64119
2706	837	62361	129	206	0	63533
2707	60995	651	113	125	0	61884
2708	802	61437	120	174	0	62533
2709	910	744	84	57981	0	59719
2710	280	62062	89	649	0	63080
2711	61053	779	928	750	0	63510
2712	60584	838	543	285	0	62250
2713	60469	238	500	255	0	61462
2714	1397	167	58127	154	0	59845
2715	771	165	53846	130	0	54912
2716	187	51893	890	200	0	53170
2717	367	560	50571	120	0	51618
2718	314	686	47906	240	0	49146
2719	293	1128	856	41265	0	43542
2720	107	75	42727	263	0	43172
2721	48	41860	256	339	0	42503
2722	41076	237	272	81	0	41666
2723	226	41044	43	81	0	41394
2724	276	41185	30	84	0	41575
2725	41041	492	49	102	0	41684
2726	41039	271	34	94	0	41438
2727	468	41671	26	81	0	42246
2728	42200	245	47	78	0	42570
2729	41904	264	47	51	0	42266
2730	42187	44	33	51	0	42315
2731	495	61	41117	52	0	41725
2732	305	65	40785	43	0	41198
2733	68	98	440	41055	0	41661
2734	67	55	267	42073	0	42462
2735	42008	32	42	447	0	42529
2736	239	41714	44	304	0	42301
2737	318	251	32	42521	0	43122
2738	76	300	26	43172	0	43574
2739	79	47	40	44036	0	44202
2740	76	42	35	44427	0	44580
2741	95	51	44196	545	0	44887
2742	88	51	44523	319	0	44981
2743	90	52	553	44931	0	45626
2744	76	49	46365	296	0	46786
2745	45035	31	335	346	0	45747
2746	353	86	350	46423	0	47212
2747	403	51	46761	307	0	47522
2748	44246	43	320	376	0	44985
2749	328	46346	347	94	0	47115
2750	46051	285	55	38	0	46429
2751	310	47009	49	75	0	47443
2752	356	300	56	45945	0	46657
2753	92	321	46449	275	0	47137
2754	79	138	297	44967	0	45481
2755	78	42	45221	296	0	45637
2756	43936	69	300	329	0	44634
2757	312	56	297	45022	0	45687
2758	45582	38	54	310	0	45984
2759	317	46	45421	324	0	46108
2760	46674	34	265	67	0	47040
2761	49514	34	319	61	0	49928
2762	657	42	49924	49	0	50672
2763	409	124	327	49158	0	50018
2764	83	54	50317	326	0	50780
2765	45	49651	335	419	0	50450
2766	48877	477	566	162	0	50082
2767	48549	362	85	63	0	49059
2768	655	38	48841	56	0	49590
2769	385	44	48659	44	0	49132
2770	66	47	626	47870	0	48609
2771	49	43	359	48687	0	49138
2772	48714	25	51	601	0	49391
2773	320	48818	47	397	0	49582
2774	49676	288	37	80	0	50081
2775	49540	318	65	62	0	49985
2776	635	36	48770	50	0	49491
2777	47924	23	320	64	0	48331
2778	356	37	49339	40	0	49772
2779	420	35	310	48964	0	49729
2780	107	27	50707	290	0	51131
2781	77	51	330	50048	0	50506
2782	68	34	50657	321	0	51080
2783	49036	70	374	382	0	49862
2784	49704	28	382	58	0	50172
2785	623	24	66	49213	0	49926
2786	50047	33	65	352	0	50497
2787	335	34	62	50132	0	50563
2788	370	50466	79	362	0	51277
2789	50213	274	63	359	0	50909
2790	325	50389	78	107	0	50899
2791	388	326	57	49854	0	50625
2792	86	327	46	49069	0	49528
2793	75	35	51	49122	0	49283
2794	72	28	55	48752	0	48907
2795	90	48	47344	616	0	48098
2796	44038	39	305	393	0	44775
2797	46227	29	332	107	0	46695
2798	582	46224	80	122	0	47008
2799	359	278	35	46057	0	46729
2800	84	304	49	46390	0	46827
2801	90	44	45610	612	0	46356
2802	43901	35	310	365	0	44611
2803	345	61	343	44919	0	45668
2804	377	42	44625	312	0	45356
2805	44053	36	328	390	0	44807
2806	45169	24	340	113	0	45646
2807	45396	26	80	109	0	45611
2808	628	33	44347	95	0	45103
2809	367	47	42407	78	0	42899
2810	41415	95	624	64	0	42198
2811	348	111	384	41858	0	42701
2812	326	50	73	42618	0	43067
2813	121	26	42404	476	0	43027
2814	40779	25	246	311	0	41361
2815	273	34	282	42651	0	43240
2816	43990	26	75	342	0	44433
2817	44294	23	59	291	0	44667
2818	44651	19	48	100	0	44818
2819	615	43	45453	95	0	46206
2820	320	50	284	45126	0	45780
2821	45711	22	285	347	0	46365
2822	310	46944	79	339	0	47672
2823	365	260	56	47608	0	48289
2824	120	279	55	48282	0	48736
2825	47639	39	66	575	0	48319
2826	47473	22	54	379	0	47928
2827	594	23	59	47147	0	47823
2828	389	43	47244	315	0	47991
2829	46543	28	310	351	0	47232
2830	367	37	48800	81	0	49285
2831	48878	11	330	97	0	49316
2832	49069	16	388	67	0	49540
2833	677	32	49303	67	0	50079
2834	382	194	365	48826	0	49767
2835	122	38	51573	366	0	52099
2836	90	53227	394	413	0	54124
2837	155	567	371	50844	0	51937
2838	96	54284	65	393	0	54838
2839	105	409	76	54264	0	54854
2840	124	390	54771	427	0	55712
2841	54	55190	410	468	0	56122
2842	63	55931	403	123	0	56520
2843	414	1075	215	54966	0	56670
2844	55318	384	107	502	0	56311
2845	428	59	36	59386	0	59909
2846	60544	32	48	530	0	61154
2847	527	61480	42	576	0	62625
2848	66920	526	50	82	0	67578
2849	744	547	70142	68	0	71501
2850	682	116	644	69493	0	70935
2851	104	67	684	69709	0	70564
2852	113	50	69872	1276	0	71311
2853	66873	34	674	733	0	68314
2854	68570	48	666	124	0	69408
2855	1269	69437	89	118	0	70913
2856	752	1048	69	64314	0	66183
2857	110	69267	53	658	0	70088
2858	140	677	68835	615	0	70267
2859	176	692	68907	122	0	69897
2860	319	907	1330	65685	0	68241
2861	65115	71	743	668	0	66597
2862	595	64178	94	715	0	65582
2863	65054	590	56	97	0	65797
2864	692	600	63833	62	0	65187
2865	64920	80	627	120	0	65747
2866	66316	56	591	98	0	67061
2867	1257	62	66373	69	0	67761
2868	688	51	636	65200	0	66575
2869	66922	43	630	666	0	68261
2870	67226	43	93	643	0	68005
2871	67781	51	79	119	0	68030
2872	1275	48	79	66504	0	67906
2873	752	48	66513	649	0	67962
2874	65470	52	653	657	0	66832
2875	775	92	68679	115	0	69661
2876	699	64	699	67960	0	69422
2877	163	82	661	67171	0	68077
2878	123	68556	145	1335	0	70159
2879	166	667	68364	668	0	69865
2880	120	67604	690	188	0	68602
2881	153	68117	683	211	0	69164
2882	155	1309	173	67562	0	69199
2883	205	694	67618	732	0	69249
2884	174	111	696	67761	0	68742
2885	186	116	68746	755	0	69803
2886	168	103	725	67897	0	68893
2887	158	116	711	67599	0	68584
2888	178	121	66334	1337	0	67970
2889	156	92	736	65749	0	66733
2890	193	109	67576	818	0	68696
2891	225	110	66787	764	0	67886
2892	167	66529	1334	293	0	68323
2893	67116	699	768	189	0	68772
2894	842	703	66947	159	0	68651
2895	64455	171	777	175	0	65578
2896	789	131	753	67305	0	68978
2897	791	139	67203	803	0	68936
2898	195	67265	788	907	0	69155
2899	208	741	782	67474	0	69205
2900	227	739	67906	784	0	69656
2901	206	219	772	65138	0	66335
2902	185	67776	783	809	0	69553
2903	68388	725	238	748	0	70099
2904	842	753	189	68492	0	70276
2905	69169	190	192	855	0	70406
2906	69192	151	205	831	0	70379
2907	70317	132	207	303	0	70959
2908	70422	134	202	256	0	71014
2909	69449	122	206	258	0	70035
2910	1464	67846	214	357	0	69881
2911	891	766	209	68175	0	70041
2912	339	704	198	68713	0	69954
2913	301	167	225	69160	0	69853
2914	310	166	67021	1459	0	68956
2915	260	66555	808	947	0	68570
2916	68480	744	818	280	0	70322
2917	69290	720	297	264	0	70571
2918	1597	68746	281	330	0	70954
2919	913	69071	269	343	0	70596
2920	68070	1481	347	277	0	70175
2921	1008	873	66999	271	0	69151
2922	955	495	949	64933	0	67332
2923	65349	182	1074	977	0	67582
2924	942	164	275	64340	0	65721
2925	861	64991	252	959	0	67063
2926	300	822	270	65728	0	67120
2927	269	797	65357	947	0	67370
2928	63199	193	957	921	0	65270
2929	65819	143	861	319	0	67142
2930	1604	159	272	63839	0	65874
2931	1014	136	208	64404	0	65762
2932	62707	138	224	1484	0	64553
2933	960	62691	213	958	0	64822
2934	928	774	225	61824	0	63751
2935	508	799	181	61489	0	62977
2936	58059	132	150	1386	0	59727
2937	825	58699	184	896	0	60604
2938	58064	688	176	290	0	59218
2939	858	58123	166	293	0	59440
2940	766	58006	161	256	0	59189
2941	56602	1180	353	155	0	58290
2942	806	57324	198	224	0	58552
2943	909	1805	712	54262	0	57688
2944	396	667	54955	762	0	56780
2945	350	141	50501	589	0	51581
2946	185	172	49886	159	0	50402
2947	162	48482	1189	201	0	50034
2948	42765	681	1189	129	0	44764
2949	509	396	129	40363	0	41397
2950	374	79	40	41034	0	41527
2951	117	52	40561	729	0	41459
2952	39075	42	400	444	0	39961
2953	415	35	345	41543	0	42338
2954	380	42	59	41884	0	42365
2955	101	36	30	41713	0	41880
2956	40503	41	37	785	0	41366
2957	461	51	40224	420	0	41156
2958	39965	42	399	124	0	40530
2959	477	55	348	40166	0	41046
2960	406	63	40025	419	0	40913
2961	38622	65	411	380	0	39478
2962	473	70	40664	111	0	41318
2963	413	289	468	38965	0	40135
2964	123	83	40565	420	0	41191
2965	105	45	39115	363	0	39628
2966	36452	59	752	120	0	37383
2967	436	54	37982	79	0	38551
2968	353	69	441	36782	0	37645
2969	37216	55	375	421	0	38067
2970	412	51	93	37683	0	38239
2971	393	68	37524	448	0	38433
2972	138	55	37941	385	0	38519
2973	85	37712	686	158	0	38641
2974	119	476	392	36834	0	37821
2975	35915	336	125	434	0	36810
2976	380	35539	75	380	0	36374
2977	35758	368	71	128	0	36325
2978	424	329	73	35103	0	35929
2979	35197	74	67	420	0	35758
2980	445	34834	76	386	0	35741
2981	385	376	65	34537	0	35363
2982	34750	315	73	417	0	35555
2983	413	35054	73	376	0	35916
2984	383	384	63	35079	0	35909
2985	122	329	77	34983	0	35511
2986	35262	81	83	718	0	36144
2987	432	37	77	35560	0	36106
2988	357	42	99	35570	0	36068
2989	118	40	92	36252	0	36502
2990	130	44	34743	750	0	35667
2991	33709	34	429	458	0	34630
2992	430	37	378	38372	0	39217
2993	413	43	39761	516	0	40733
2994	39188	39	582	490	0	40299
2995	596	62	41698	158	0	42514
2996	525	53	627	40203	0	41408
2997	135	41381	543	588	0	42647
2998	129	548	126	42245	0	43048
2999	136	496	42333	668	0	43633
3000	138	93	43195	574	0	44000
3001	120	104	1045	42899	0	44168
3002	123	66	43215	671	0	44075
3003	41177	64	662	574	0	42477
3004	634	79	42732	152	0	43597
3005	544	73	630	41474	0	42721
3006	155	55	532	42228	0	42970
3007	110	76	127	42013	0	42326
3008	41311	53	95	1141	0	42600
3009	41598	58	90	639	0	42385
3010	42303	50	140	226	0	42719
3011	1141	109	94	41453	0	42797
3012	626	196	89	41782	0	42693
3013	195	40	41080	1117	0	42432
3014	172	63	41139	642	0	42016
3015	112	40870	1063	224	0	42269
3016	332	967	656	36730	0	38685
3017	110	445	185	35582	0	36322
3018	83	36766	92	829	0	37770
3019	36335	438	100	458	0	37331
3020	449	36854	82	166	0	37551
3021	36476	480	113	125	0	37194
3022	493	465	97	35883	0	36938
3023	36450	50	97	483	0	37080
3024	469	38	93	36570	0	37170
3025	442	41	35971	509	0	36963
3026	101	44	471	36545	0	37161
3027	35925	34	437	511	0	36907
3028	475	33	95	36704	0	37307
3029	427	21	74	36515	0	37037
3030	104	67	36643	878	0	37692
3031	100	21	443	37133	0	37697
3032	79	26	433	36595	0	37133
3033	74	36475	87	891	0	37527
3034	91	414	68	37218	0	37791
3035	103	378	66	37582	0	38129
3036	135	52	56	37268	0	37511
3037	60	35920	66	868	0	36914
3038	95	441	44	35260	0	35840
3039	33798	315	36	446	0	34595
3040	355	33529	46	411	0	34341
3041	302	32431	46	124	0	32903
3042	57	32234	50	108	0	32449
3043	101	994	105	29846	0	31046
3044	58	30652	126	361	0	31197
3045	98	30730	120	351	0	31299
3046	30198	510	219	118	0	31045
3047	346	278	29488	126	0	30238
3048	29089	77	360	134	0	29660
3049	317	62	348	29529	0	30256
3050	290	58	29557	407	0	30312
3051	28752	50	447	367	0	29616
3052	329	38	29417	211	0	29995
3053	303	43	29084	161	0	29591
3054	29703	22	671	162	0	30558
3055	363	26	433	30345	0	31167
3056	329	23	30841	472	0	31665
3057	30663	19	418	485	0	31585
3058	31267	24	369	266	0	31926
3059	708	28	31648	232	0	32616
3060	32246	28	364	226	0	32864
3061	32763	32	315	222	0	33332
3062	716	44	31844	231	0	32835
3063	32009	36	383	252	0	32680
3064	32246	34	391	215	0	32886
3065	645	67	32043	187	0	32942
3066	360	106	33563	186	0	34215
3067	100	116	700	33639	0	34555
3068	89	115	34362	548	0	35114
3069	33724	168	444	452	0	34788
3070	480	150	334	33868	0	34832
3071	414	150	66	34144	0	34774
3072	201	145	33432	750	0	34528
3073	199	101	379	33305	0	33984
3074	196	112	33822	522	0	34652
3075	33699	70	412	492	0	34673
3076	34279	61	379	229	0	34948
3077	756	60	34100	236	0	35152
3078	34174	54	409	238	0	34875
3079	34711	36	363	276	0	35386
3080	731	43	34619	291	0	35684
3081	35129	43	459	294	0	35925
3082	35438	55	387	303	0	36183
3083	702	63	34945	294	0	36004
3084	34502	91	419	272	0	35284
3085	428	82	35593	314	0	36417
3086	335	80	398	35018	0	35831
3087	87	103	337	35436	0	35963
3088	97	122	57	35883	0	36159
3089	100	114	34951	879	0	36044
3090	32798	111	382	512	0	33803
3091	440	170	34307	209	0	35126
3092	246	30518	269	169	0	31202
3093	76	29648	233	82	0	30039
3094	27741	328	304	78	0	28451
3095	245	231	75	27222	0	27773
3096	165	27752	39	221	0	28177
3097	26840	156	62	123	0	27181
3098	26453	107	21	39	0	26620
3099	263	26807	41	49	0	27160
3100	153	150	20	24765	0	25088
3101	34	26053	33	140	0	26260
3102	26238	151	29	109	0	26527
3103	26329	102	26	28	0	26485
3104	274	8	26	25751	0	26059
3105	25981	7	28	161	0	26177
3106	174	17	28	26010	0	26229
3107	134	16	25848	167	0	26165
3108	25354	15	175	120	0	25664
3109	187	25	26017	26	0	26255
3110	129	60	168	25345	0	25702
3111	25789	10	132	165	0	26096
3112	176	25	36	26003	0	26240
3113	139	9	25994	163	0	26305
3114	68	15	25696	119	0	25898
3115	58	249	284	25333	0	25924
3116	25320	32	253	206	0	25811
3117	175	25735	28	133	0	26071
3118	130	159	33	25671	0	25993
3119	51	112	25998	146	0	26307
3120	25615	35	169	125	0	25944
3121	26574	11	128	44	0	26757
3122	273	24	26462	23	0	26782
3123	26120	15	176	50	0	26361
3124	195	43	131	26714	0	27083
3125	126	11	26687	154	0	26978
3126	26094	30	200	104	0	26428
3127	213	38	119	26076	0	26446
3128	118	30	32	25779	0	25959
3129	26026	10	27	251	0	26314
3130	164	25473	32	129	0	25798
3131	115	25801	14	47	0	25977
3132	25758	239	46	33	0	26076
3133	25001	97	43	29	0	25170
3134	249	11	25633	23	0	25916
3135	125	21	25311	27	0	25484
3136	62	107	238	25145	0	25552
3137	25836	9	135	154	0	26134
3138	25784	8	27	96	0	25915
3139	25891	3	24	31	0	25949
3140	240	25724	31	37	0	26032
3141	106	26050	37	48	0	26241
3142	39	219	35	26612	0	26905
3143	39	89	29	26767	0	26924
3144	42	13	25	27563	0	27643
3145	46	15	27894	243	0	28198
3146	52	33	26309	118	0	26512
3147	27468	11	276	32	0	27787
3148	28533	15	125	51	0	28724
3149	290	16	33	28373	0	28712
3150	146	14	23	28343	0	28526
3151	39	14	34	28955	0	29042
3152	42	19	28370	284	0	28715
3153	44	23	28018	139	0	28224
3154	47	76	257	27869	0	28249
3155	43	18	28361	193	0	28615
3156	25	27588	178	144	0	27935
3157	25	28022	119	45	0	28211
3158	27656	269	54	30	0	28009
3159	173	27455	24	36	0	27688
3160	122	173	23	27455	0	27773
3161	40	128	16	27545	0	27729
3162	24	28712	25	287	0	29048
3163	35	247	22	29086	0	29390
3164	67	151	28527	246	0	28991
3165	40	28673	208	199	0	29120
3166	43	267	139	27277	0	27726
3167	37	137	27238	180	0	27592
3168	17	26869	171	155	0	27212
3169	46	202	139	25989	0	26376
3170	22	26915	34	164	0	27135
3171	31	161	19	26839	0	27050
3172	31	135	14	26000	0	26180
3173	16	26449	21	277	0	26763
3174	25683	155	23	138	0	25999
3175	25148	131	13	26	0	25318
3176	276	25722	12	51	0	26061
3177	147	26046	21	28	0	26242
3178	34	277	13	25970	0	26294
3179	29	143	25754	174	0	26100
3180	24996	21	166	150	0	25333
3181	25370	15	135	45	0	25565
3182	291	27	25342	33	0	25693
3183	25016	24	158	33	0	25231
3184	25516	18	135	21	0	25690
3185	292	30	25014	24	0	25360
3186	24509	16	175	31	0	24731
3187	190	23	25537	35	0	25785
3188	147	25592	182	44	0	25965
3189	25831	160	150	36	0	26177
3190	25901	138	23	24	0	26086
3191	304	38	25798	26	0	26166
3192	25923	29	167	36	0	26155
3193	26417	22	146	73	0	26658
3194	301	37	26342	41	0	26721
3195	26607	32	165	53	0	26857
3196	26933	16	156	40	0	27145
3197	299	40	26664	28	0	27031
3198	26814	26	182	46	0	27068
3199	184	23	147	26445	0	26799
3200	144	28	38	26631	0	26841
3201	43	27	26542	316	0	26928
3202	42	28	26384	161	0	26615
3203	43	45	295	26495	0	26878
3204	45	51	156	26824	0	27076
3205	27528	30	28	309	0	27895
3206	203	26	27332	161	0	27722
3207	27548	24	191	47	0	27810
3208	217	63	175	28232	0	28687
3209	192	29	28746	187	0	29154
3210	29951	28	192	205	0	30376
3211	213	30	175	31267	0	31685
3212	205	24	31518	212	0	31959
3213	30788	49	238	213	0	31288
3214	233	57	198	31389	0	31877
3215	31706	26	51	223	0	32006
3216	236	24	33038	198	0	33496
3217	213	68	221	31172	0	31674
3218	54	33574	209	205	0	34042
3219	33812	205	61	215	0	34293
3220	33537	206	40	49	0	33832
3221	407	34284	40	45	0	34776
3222	34543	203	32	51	0	34829
3223	34311	205	40	31	0	34587
3224	34154	37	26	26	0	34243
3225	439	33734	29	57	0	34259
3226	245	215	31	33935	0	34426
3227	72	227	34258	218	0	34775
3228	60	25	217	33974	0	34276
3229	47	15	228	34264	0	34554
3230	49	24	34082	425	0	34580
3231	67	21	33895	244	0	34227
3232	66	56	431	32006	0	32559
3233	46	34194	252	233	0	34725
3234	34138	207	57	226	0	34628
3235	33576	212	42	53	0	33883
3236	431	34186	36	55	0	34708
3237	34406	202	30	52	0	34690
3238	34178	215	39	45	0	34477
3239	454	39	34385	29	0	34907
3240	33616	24	244	62	0	33946
3241	270	34625	218	68	0	35181
3242	272	206	34043	29	0	34550
3243	97	222	33641	41	0	34001
3244	55	33256	466	81	0	33858
3245	32796	194	253	38	0	33281
3246	249	190	32984	47	0	33470
3247	215	39	202	32493	0	32949
3248	66	34	32924	200	0	33224
3249	31561	20	228	212	0	32021
3250	237	34	35460	56	0	35787
3251	240	32	35164	35	0	35471
3252	34420	21	380	47	0	34868
3253	220	35631	216	55	0	36122
3254	35844	180	80	54	0	36158
3255	35833	183	44	78	0	36138
3256	370	100	36	35209	0	35715
3257	216	37218	53	214	0	37701
3258	37452	180	41	226	0	37899
3259	217	206	37561	37	0	38021
3260	36579	39	204	59	0	36881
3261	222	37349	220	65	0	37856
3262	36036	143	105	39	0	36323
3263	35696	148	43	35	0	35922
3264	287	36139	26	74	0	36526
3265	186	138	51	35970	0	36345
3266	36309	145	90	135	0	36679
3267	164	36104	46	196	0	36510
3268	186	157	39	36236	0	36618
3269	36896	142	60	188	0	37286
3270	163	45	30	38181	0	38419
3271	178	24	26	37941	0	38169
3272	60	38439	36	353	0	38888
3273	38427	167	43	227	0	38864
3274	39212	185	46	62	0	39505
3275	39808	48	31	38	0	39925
3276	379	40519	44	52	0	40994
3277	40902	173	60	56	0	41191
3278	40816	186	30	43	0	41075
3279	376	57	21	40381	0	40835
3280	250	34	22	40633	0	40939
3281	149	55	40424	345	0	40973
3282	61	41	193	39975	0	40270
3283	72	28	193	40387	0	40680
3284	73	50	40585	352	0	41060
3285	36422	32	228	280	0	36962
3286	243	30	40566	49	0	40888
3287	254	59	40787	39	0	41139
3288	78	34	358	40489	0	40959
3289	88	46	215	40759	0	41108
3290	62	41621	128	371	0	42182
3291	41637	179	38	209	0	42063
3292	41030	199	33	57	0	41319
3293	377	41694	41	69	0	42181
3294	244	43422	46	98	0	43810
3295	102	432	35	42514	0	43083
3296	61	45239	49	261	0	45610
3297	45146	256	34	248	0	45684
3298	45031	290	39	56	0	45416
3299	530	114	35	44653	0	45332
3300	339	39	39	45139	0	45556
3301	45054	21	39	527	0	45641
3302	304	52	44193	308	0	44857
3303	44202	35	262	61	0	44560
3304	339	39	44317	56	0	44751
3305	43427	29	274	59	0	43789
3306	315	178	255	43650	0	44398
3307	304	51	44437	256	0	45048
3308	113	57	43675	245	0	44090
3309	41965	258	746	172	0	43141
3310	42105	66	326	93	0	42590
3311	490	43130	42	82	0	43744
3312	260	235	34	44356	0	44885
3313	60	242	22	45906	0	46230
3314	45766	27	26	543	0	46362
3315	306	45729	24	367	0	46426
3316	44624	271	29	65	0	44989
3317	298	44447	32	54	0	44831
3318	269	43744	22	108	0	44143
3319	43544	495	72	36	0	44147
3320	323	278	43060	42	0	43703
3321	299	75	256	42654	0	43284
3322	62	38	276	43272	0	43648
3323	74	54	43382	511	0	44021
3324	37	24	261	43091	0	43413
3325	43	26	280	41897	0	42246
3326	32	43445	30	520	0	44027
3327	43306	254	28	322	0	43910
3328	322	287	43574	47	0	44230
3329	42141	42	257	52	0	42492
3330	294	43723	268	89	0	44374
3331	321	284	36	43710	0	44351
3332	44988	281	20	343	0	45632
3333	302	36	23	45128	0	45489
3334	301	20	29	45134	0	45484
3335	72	45	45077	552	0	45746
3336	42802	18	288	344	0	43452
3337	44719	28	277	73	0	45097
3338	581	39	44923	56	0	45599
3339	331	27	290	44318	0	44966
3340	83	34	45142	294	0	45553
3341	43869	32	310	341	0	44552
3342	45541	28	294	101	0	45964
3343	567	24	47	45377	0	46015
3344	45679	22	25	313	0	46039
3345	348	54	47638	311	0	48351
3346	318	34	282	47437	0	48071
3347	70	32	283	48109	0	48494
3348	64	31	36	48926	0	49057
3349	65	39	27	48847	0	48978
3350	45781	17	25	598	0	46421
3351	331	36	45088	353	0	45808
3352	314	25	284	45228	0	45851
3353	94	28	45275	312	0	45709
3354	77	31	44444	323	0	44875
3355	51	33	545	44210	0	44839
3356	84	38	329	44795	0	45246
3357	43393	18	54	560	0	44025
3358	315	32	37	43629	0	44013
3359	305	20	54	43859	0	44238
3360	83	22	32	44350	0	44487
3361	43954	18	32	666	0	44670
3362	44000	28	28	370	0	44426
3363	44464	34	37	114	0	44649
3364	44128	34	35	71	0	44268
3365	603	45075	36	97	0	45811
3366	328	307	35	44997	0	45667
3367	84	319	26	45594	0	46023
3368	46130	33	35	660	0	46858
3369	373	47551	46	416	0	48386
3370	331	384	32	49088	0	49835
3371	104	347	51803	405	0	52659
3372	53033	38	452	466	0	53989
3373	572	56719	471	118	0	57880
3374	58894	590	109	87	0	59680
3375	59569	544	36	62	0	60211
3376	1226	56	37	59598	0	60917
3377	690	44	60159	691	0	61584
3378	94	36	648	62053	0	62831
3379	62408	32	629	767	0	63836
3380	723	31	52	62866	0	63672
3381	63022	28	32	727	0	63809
3382	721	62344	41	738	0	63844
3383	65167	669	39	164	0	66039
3384	763	636	38	65541	0	66978
3385	717	51	35	68636	0	69439
3386	70174	32	39	1413	0	71658
3387	70224	35	36	777	0	71072
3388	71021	34	37	138	0	71230
3389	70793	29	39	95	0	70956
3390	70331	29	35	94	0	70489
3391	1487	51	46	68832	0	70416
3392	804	77	68274	757	0	69912
3393	148	67694	703	806	0	69351
3394	66098	677	730	178	0	67683
3395	775	626	64937	91	0	66429
3396	63667	69	671	99	0	64506
3397	733	64178	629	142	0	65682
3398	65363	634	125	104	0	66226
3399	760	601	51	64915	0	66327
3400	716	70	51	65571	0	66408
3401	201	66	65972	1270	0	67509
3402	169	37	659	65336	0	66201
3403	184	55	67911	721	0	68871
3404	165	68	67130	701	0	68064
3405	67029	46	1243	176	0	68494
3406	69485	52	698	188	0	70423
3407	1384	71	68247	161	0	69863
3408	67766	59	687	151	0	68663
3409	68577	51	607	161	0	69396
3410	1394	57	67728	151	0	69330
3411	774	67236	662	234	0	68906
3412	699	910	769	68144	0	70522
3413	69890	584	205	769	0	71448
3414	71464	95	86	678	0	72323
3415	72011	44	88	166	0	72309
3416	71820	64	94	134	0	72112
3417	71583	63	117	130	0	71893
3418	1361	97	70254	104	0	71816
3419	802	109	71400	133	0	72444
3420	349	284	1167	71050	0	72850
3421	72252	138	776	739	0	73905
3422	72809	74	132	671	0	73686
3423	73538	68	130	252	0	73988
3424	72644	61	128	202	0	73035
3425	1279	72585	137	267	0	74268
3426	776	75328	141	348	0	76593
3427	75838	1075	150	255	0	77318
3428	76156	580	125	237	0	77098
3429	1278	75987	146	313	0	77724
3430	77046	598	141	257	0	78042
3431	928	609	76421	192	0	78150
3432	839	119	645	75365	0	76968
3433	451	95	76976	702	0	78224
3434	438	121	76510	642	0	77711
3435	413	110	1118	76566	0	78207
3436	417	93	604	79010	0	80124
3437	458	95	79657	1150	0	81360
3438	371	95	670	78015	0	79151
3439	365	96	613	79877	0	80951
3440	79424	100	187	1182	0	80893
3441	79460	91	182	676	0	80409
3442	1407	134	183	79675	0	81399
3443	896	195	80397	717	0	82205
3444	382	80588	710	809	0	82489
3445	79530	630	716	279	0	81155
3446	926	602	81919	218	0	83665
3447	801	81698	745	307	0	83551
3448	360	83894	656	341	0	85251
3449	84277	1081	216	202	0	85776
3450	85015	588	199	182	0	85984
3451	1404	99	207	84152	0	85862
3452	905	129	88414	700	0	90148
3453	389	104	780	88704	0	89977
3454	386	120	737	89714	0	90957
3455	377	100	226	90665	0	91368
3456	89063	103	194	1325	0	90685
3457	908	88829	240	790	0	90767
3458	884	92362	219	286	0	93751
3459	374	1233	177	91511	0	93295
3460	352	674	177	93070	0	94273
3461	92066	127	158	1371	0	93722
3462	88240	120	185	825	0	89370
3463	92041	88	175	277	0	92581
3464	1483	91278	212	327	0	93300
3465	90877	595	191	253	0	91916
3466	938	1378	264	89060	0	91640
3467	1097	145	89000	706	0	90948
3468	667	157	84370	654	0	85848
3469	82421	215	1394	342	0	84372
3470	846	132	83603	161	0	84742
3471	716	179	78981	131	0	80007
3472	72982	153	863	155	0	74153
3473	461	72	74762	99	0	75394
3474	371	120	73176	63	0	73730
3475	318	641	580	69304	0	70843
3476	174	92	73676	225	0	74167
3477	89	106	196	70924	0	71315
3478	96	114	199	72060	0	72469
3479	149	58	73804	349	0	74360
3480	52	74496	189	333	0	75070
3481	74497	162	283	141	0	75083
3482	259	210	76059	46	0	76574
3483	222	118	74717	99	0	75156
3484	64043	84	503	122	0	64752
3485	250	72	72588	62	0	72972
3486	177	71067	182	150	0	71576
3487	73	71550	181	132	0	71936
3488	93	286	74	73064	0	73517
3489	36	206	25	73069	0	73336
3490	74807	27	25	425	0	75284
3491	74398	29	29	268	0	74724
3492	74755	23	25	98	0	74901
3493	350	33	30	74542	0	74955
3494	75360	34	46	246	0	75686
3495	74487	47	53	235	0	74822
3496	396	51	75516	71	0	76034
3497	264	56	74356	51	0	74727
3498	66	76030	329	146	0	76571
3499	41	182	194	76467	0	76884
3500	76758	198	48	206	0	77210
3501	182	75858	47	319	0	76406
3502	182	176	26	76887	0	77271
3503	76303	175	41	250	0	76769
3504	75057	41	38	231	0	75367
3505	336	75869	42	171	0	76418
3506	75768	168	41	88	0	76065
3507	75442	184	47	111	0	75784
3508	363	56	38	75257	0	75714
3509	249	95	76295	190	0	76829
3510	54	75359	213	316	0	75942
3511	40	75584	192	183	0	75999
3512	72796	342	116	86	0	73340
3513	265	280	46	72047	0	72638
3514	244	89	72489	213	0	73035
3515	52	72740	183	288	0	73263
3516	73043	177	178	97	0	73495
3517	73222	172	49	65	0	73508
3518	406	97	74379	62	0	74944
3519	229	36	203	72778	0	73246
3520	65	48	182	76412	0	76707
3521	79	59	81503	404	0	82045
3522	81607	41	341	317	0	82306
3523	97408	38	369	87	0	97902
3524	1205	51	77	109447	0	110780
3525	746	113676	83	1396	0	115901
3526	138	1281	38	120834	0	122291
3527	194	1190	120837	1532	0	123753
3528	117694	150	1462	1385	0	120691
3529	1530	79	1303	123657	0	126569
3530	1391	87	123151	1549	0	126178
3531	117960	69	1578	1437	0	121044
3532	1561	63	1345	122051	0	125020
3533	1386	61	218	122693	0	124358
3534	120532	50	136	2809	0	123527
3535	1497	121106	139	1739	0	124481
3536	121583	1461	116	366	0	123526
3537	1734	1358	107	119614	0	122813
3538	120577	202	136	1652	0	122567
3539	1807	143	119758	1525	0	123233
3540	1532	120176	1570	504	0	123782
3541	371	1572	1394	121989	0	125326
3542	122295	1433	297	1736	0	125761
3543	1658	122478	224	1754	0	126114
3544	1650	1667	191	123103	0	126611
3545	124033	1470	167	1834	0	127504
3546	120572	257	237	1712	0	122778
3547	3286	211	216	118087	0	121800
3548	1948	197	118179	1940	0	122264
3549	540	238	120057	1826	0	122661
3550	117638	257	3162	638	0	121695
3551	1946	119085	1717	623	0	123371
3552	1719	117835	425	506	0	120485
3553	114789	2982	385	402	0	118558
3554	1908	118597	292	548	0	121345
3555	1809	1837	263	116950	0	120859
3556	588	1604	274	119656	0	122122
3557	118369	409	220	3325	0	122323
3558	117495	325	243	1918	0	119981
3559	118620	304	205	600	0	119729
3560	3526	390	114728	485	0	119129
3561	2047	268	1706	114689	0	118710
3562	837	286	116929	1959	0	120011
3563	724	265	116186	1794	0	118969
3564	647	269	119221	610	0	120747
3565	562	253	3378	114745	0	118938
3566	581	296	119259	1994	0	122130
3567	702	366	119825	1745	0	122638
3568	532	378	3293	117641	0	121844
3569	119246	312	1902	2032	0	123492
3570	2259	369	120101	1835	0	124564
3571	1904	338	1992	117928	0	122162
3572	646	274	1831	121736	0	124487
3573	626	280	121426	3462	0	125794
3574	599	279	2012	120500	0	123390
3575	697	312	123059	2266	0	126334
3576	613	297	2153	119751	0	122814
3577	555	304	1867	120983	0	123709
3578	543	261	559	122089	0	123452
3579	466	245	593	121076	0	122380
3580	116399	204	620	3757	0	120980
3581	117003	253	589	2231	0	120076
3582	3605	282	116383	809	0	121079
3583	2043	114802	2232	1076	0	120153
3584	770	1767	118174	646	0	121357
3585	658	1647	116982	618	0	119905
3586	113216	315	3675	643	0	117849
3587	2055	115935	2224	828	0	121042
3588	116972	1805	834	695	0	120306
3589	2133	118644	784	816	0	122377
3590	118165	1947	724	657	0	121493
3591	119078	1692	694	702	0	122166
3592	3685	382	659	115879	0	120605
3593	2063	117733	701	2434	0	122931
3594	696	1860	580	119437	0	122573
3595	563	1696	586	120493	0	123338
3596	649	393	118576	3931	0	123549
3597	547	118533	2237	2482	0	123799
3598	560	1865	2096	118482	0	123003
3599	117814	1774	760	2401	0	122749
3600	121411	417	630	2165	0	124623
3601	122753	278	616	885	0	124532
3602	3841	120124	654	904	0	125523
3603	122762	2058	495	726	0	126041
3604	2533	127824	562	818	0	131737
3605	2356	2330	500	129173	0	134359
3606	887	2226	129248	2512	0	134873
3607	748	524	2413	128165	0	131850
3608	605	129412	2431	2730	0	135178
3609	618	2363	654	129947	0	133582
3610	602	2323	495	129338	0	132758
3611	534	129764	486	4638	0	135422
3612	129898	2439	479	2668	0	135484
3613	2619	2325	470	129170	0	134584
3614	2501	655	127899	2675	0	133730
3615	776	447	2432	129405	0	133060
3616	743	427	2340	131184	0	134694
3617	727	474	130049	4617	0	135867
3618	704	854	2456	123922	0	127936
3619	636	128316	2339	3054	0	134345
3620	1578	2525	127902	2549	0	134554
3621	2291	2347	123501	813	0	128952
3622	494	119887	4006	880	0	125267
3623	431	108333	2052	674	0	111490
3624	543	94876	798	441	0	96658
3625	85441	2711	2067	523	0	90742
3626	81477	1217	524	300	0	83518
3627	80897	180	171	197	0	81445
3628	1947	155	153	79309	0	81564
3629	1119	164	78873	1072	0	81228
3630	211	151	1006	78983	0	80351
3631	156	132	1030	79283	0	80601
3632	78682	120	192	1996	0	80990
3633	78977	145	142	1161	0	80425
3634	1908	78946	152	352	0	81358
3635	79993	990	143	242	0	81368
3636	79968	1020	147	221	0	81356
3637	81535	208	182	248	0	82173
3638	2040	164	79628	224	0	82056
3639	1179	154	79381	197	0	80911
3640	290	505	1932	77298	0	80025
3641	237	194	78997	1048	0	80476
3642	75317	219	1140	1052	0	77728
3643	77125	156	1038	279	0	78598
3644	1899	155	75494	157	0	77705
3645	73788	106	903	147	0	74944
3646	984	73998	972	263	0	76217
3647	75082	883	198	191	0	76354
3648	1015	946	147	73560	0	75668
3649	1038	186	133	71990	0	73347
3650	254	73407	143	1758	0	75562
3651	73259	896	112	988	0	75255
3652	73287	954	120	208	0	74569
3653	1738	73201	151	264	0	75354
3654	1061	909	121	71370	0	73461
3655	301	975	123	71385	0	72784
3656	222	71489	140	1806	0	73657
3657	258	925	136	71698	0	73017
3658	247	1005	139	72136	0	73527
3659	70877	204	131	1801	0	73013
3660	70767	150	140	1090	0	72147
3661	1853	185	70205	277	0	72520
3662	69518	172	878	282	0	70850
3663	1081	192	70293	218	0	71784
3664	1068	358	926	67965	0	70317
3665	321	169	69050	1001	0	70541
3666	240	67410	943	1116	0	69709
3667	429	1024	1061	65577	0	68091
3668	329	940	216	66236	0	67721
3669	65094	167	164	1648	0	67073
3670	943	134	144	65001	0	66222
3671	1027	178	64334	936	0	66475
3672	64075	149	853	989	0	66066
3673	64994	147	929	284	0	66354
3674	66335	171	184	243	0	66933
3675	66054	171	159	216	0	66600
3676	1791	138	153	67440	0	69522
3677	1112	154	151	69874	0	71291
3678	349	151	167	73429	0	74096
3679	315	122	136	74524	0	75097
3680	72772	130	167	2152	0	75221
3681	73102	120	158	1276	0	74656
3682	2166	133	154	67488	0	69941
3683	1267	70500	157	1148	0	73072
3684	70563	1020	217	1114	0	72914
3685	1371	1113	70355	297	0	73136
3686	1239	70535	1059	310	0	73143
3687	67964	1047	1106	279	0	70396
3688	1114	69763	234	307	0	71418
3689	1200	1030	68337	222	0	70789
3690	67936	1011	1108	185	0	70240
3691	68332	184	1007	188	0	69711
3692	2100	176	67506	205	0	69987
3693	1274	125	1017	68084	0	70500
3694	430	131	1016	68425	0	70002
3695	327	68856	220	2089	0	71492
3696	369	1024	159	69393	0	70945
3697	66859	1023	160	1264	0	69306
3698	1159	67844	176	1262	0	70441
3699	1192	1077	145	65896	0	68310
3700	414	1106	126	66342	0	67988
3701	381	203	64684	1926	0	67194
3702	276	64445	989	1187	0	66897
3703	60420	1185	1018	412	0	63035
3704	858	56165	141	234	0	57398
3705	722	53813	146	177	0	54858
3706	52557	1222	519	195	0	54493
3707	887	629	182	51249	0	52947
3708	685	147	80	51939	0	52851
3709	51350	79	77	1283	0	52789
3710	758	90	68	52223	0	53139
3711	713	77	70	52463	0	53323
3712	52877	72	49	1369	0	54367
3713	813	101	79	52511	0	53504
3714	712	52663	82	807	0	54264
3715	52747	709	55	707	0	54218
3716	822	648	51532	195	0	53197
3717	688	50048	665	238	0	51639
3718	261	1072	617	48891	0	50841
3719	150	556	48687	668	0	50061
3720	165	140	48651	606	0	49562
3721	369	1314	1102	45516	0	48301
3722	45234	132	726	737	0	46829
3723	598	59	88	45194	0	45939
3724	561	47	60	45442	0	46110
3725	129	77	47	46044	0	46297
3726	108	63	56	46102	0	46329
3727	109	86	58	46271	0	46524
3728	116	96	44482	1035	0	45729
3729	109	84	43941	572	0	44706
3730	100	83	954	44090	0	45227
3731	129	90	44685	591	0	45495
3732	93	44372	563	619	0	45647
3733	111	579	493	44637	0	45820
3734	133	488	44017	596	0	45234
3735	39815	103	568	613	0	41099
3736	538	43100	480	231	0	44349
3737	449	42426	101	198	0	43174
3738	121	43059	79	205	0	43464
3739	231	967	141	41786	0	43125
3740	41523	475	121	647	0	42766
3741	538	127	62	41664	0	42391
3742	40826	78	84	620	0	41608
3743	521	40004	78	586	0	41189
3744	40965	503	68	239	0	41775
3745	582	479	62	40876	0	41999
3746	493	143	49	40912	0	41597
3747	138	40795	69	932	0	41934
3748	145	556	62	41260	0	42023
3749	129	458	64	41463	0	42114
3750	105	152	61	41710	0	42028
3751	40690	99	62	1014	0	41865
3752	40828	83	74	599	0	41584
3753	909	108	40442	224	0	41683
3754	40319	78	500	218	0	41115
3755	616	110	41316	184	0	42226
3756	505	104	539	40611	0	41759
3757	160	95	456	41393	0	42104
3758	133	95	113	41855	0	42196
3759	122	104	40837	1014	0	42077
3760	96	119	515	41198	0	41928
3761	100	92	42018	674	0	42884
3762	122	104	558	41918	0	42702
3763	41747	87	490	694	0	43018
3764	546	85	42166	585	0	43382
3765	42026	96	508	272	0	42902
3766	559	72	461	42663	0	43755
3767	43007	84	122	655	0	43868
3768	555	42855	110	622	0	44142
3769	462	509	89	43471	0	44531
3770	164	445	44590	646	0	45845
3771	145	309	538	43946	0	44938
3772	139	861	474	42560	0	44034
3773	107	43266	139	1001	0	44513
3774	267	486	42727	557	0	44037
3775	89	42928	479	271	0	43767
3776	38972	551	567	279	0	40369
3777	337	39662	124	169	0	40292
3778	37066	282	412	122	0	37882
3779	36675	209	268	114	0	37266
3780	36715	35	48	96	0	36894
3781	473	28	47	36816	0	37364
3782	237	46	37109	315	0	37707
3783	63	56	267	36342	0	36728
3784	38	37272	228	326	0	37864
3785	53	256	49	37286	0	37644
3786	36648	204	51	311	0	37214
3787	251	36864	45	280	0	37440
3788	217	253	30	35871	0	36371
3789	66	252	45	35897	0	36260
3790	35652	47	31	475	0	36205
3791	271	38	35628	262	0	36199
3792	219	34836	251	115	0	35421
3793	93	293	193	34043	0	34622
3794	53	146	33761	211	0	34171
3795	44	160	194	32640	0	33038
3796	26	33791	162	233	0	34212
3797	83	234	59	34316	0	34692
3798	32	139	26	33831	0	34028
3799	18	43	25	33760	0	33846
3800	36	24	33369	341	0	33770
3801	31718	29	187	204	0	32138
3802	204	15	143	34949	0	35311
3803	37185	21	35	269	0	37510
3804	38119	21	21	222	0	38383
3805	38585	16	30	61	0	38692
3806	38632	20	13	43	0	38708
3807	38984	17	27	45	0	39073
3808	531	33	14	38228	0	38806
3809	272	38059	20	285	0	38636
3810	77	240	21	37614	0	37952
3811	38	37776	23	299	0	38136
3812	67	288	14	36350	0	36719
3813	35914	205	23	247	0	36389
3814	230	73	13	35710	0	36026
3815	230	25	35441	249	0	35945
3816	33697	23	205	236	0	34161
3817	208	35250	204	94	0	35756
3818	35535	207	83	46	0	35871
3819	35134	198	48	53	0	35433
3820	34328	30	21	30	0	34409
3821	386	34882	19	62	0	35349
3822	218	197	20	34745	0	35180
3823	51	193	5	34921	0	35170
3824	47	30	34760	381	0	35218
3825	37	22	187	33359	0	33605
3826	29	25	185	34239	0	34478
3827	43	16	34	34460	0	34553
3828	27	34703	17	402	0	35149
3829	34947	202	17	214	0	35380
3830	34057	187	12	58	0	34314
3831	398	40	34896	34	0	35368
3832	233	34732	203	73	0	35241
3833	66	208	204	35056	0	35534
3834	48	201	29	35297	0	35575
3835	47	36	19	35569	0	35671
3836	50	18	19	36107	0	36194
3837	56	23	11	36319	0	36409
3838	45	25	35631	455	0	36156
3839	45	33	34229	277	0	34584
3840	36123	24	407	84	0	36638
3841	38212	27	229	64	0	38532
3842	38683	30	34	60	0	38807
3843	527	26	22	38711	0	39286
3844	307	34	38407	269	0	39017
3845	38066	19	266	297	0	38648
3846	39140	23	269	76	0	39508
3847	543	31	38341	54	0	38969
3848	38228	22	259	57	0	38566
3849	353	28	40713	55	0	41149
3850	350	37	285	40383	0	41055
3851	86	45	41374	303	0	41808
3852	40056	54	323	329	0	40762
3853	41416	28	316	81	0	41841
3854	41773	33	54	67	0	41927
3855	41652	18	47	131	0	41848
3856	628	29	42628	73	0	43358
3857	361	42604	290	103	0	43358
3858	43352	270	325	66	0	44013
3859	43313	314	44	84	0	43755
3860	629	50	43404	58	0	44141
3861	370	28	309	41926	0	42633
3862	100	36	320	43317	0	43773
3863	79	42	42846	598	0	43565
3864	40464	18	307	388	0	41177
3865	42695	25	329	89	0	43138
3866	617	43104	59	132	0	43912
3867	44252	295	54	127	0	44728
3868	44172	323	56	88	0	44639
3869	44273	45	43	75	0	44436
3870	43107	27	65	60	0	43259
3871	736	36	42151	47	0	42970
3872	41297	16	334	70	0	41717
3873	417	259	369	41116	0	42161
3874	413	42260	62	347	0	43082
3875	148	294	41445	355	0	42242
3876	101	42058	318	110	0	42587
3877	197	624	440	40023	0	41284
3878	105	325	40537	264	0	41231
3879	37567	52	320	339	0	38278
3880	319	36	40382	59	0	40796
3881	39453	26	286	56	0	39821
3882	313	16	328	39703	0	40360
3883	371	23	54	39818	0	40266
3884	105	39610	60	572	0	40347
3885	95	40608	44	378	0	41125
3886	101	520	56	41025	0	41702
3887	40763	323	52	286	0	41424
3888	40696	60	44	315	0	41115
3889	40926	31	45	72	0	41074
3890	607	36	40886	54	0	41583
3891	40195	17	278	68	0	40558
3892	344	31	41900	61	0	42336
3893	374	32	40330	47	0	40783
3894	39974	71	677	59	0	40781
3895	41124	29	386	59	0	41598
3896	592	39	41340	38	0	42009
3897	380	42	263	40575	0	41260
3898	121	42	324	42061	0	42548
3899	42193	28	58	544	0	42823
3900	41552	17	57	355	0	41981
3901	572	29	43807	61	0	44469
3902	354	42703	246	80	0	43383
3903	93	41294	271	67	0	41725
3904	40318	336	253	66	0	40973
3905	342	213	100	40019	0	40674
3906	262	38	52	40522	0	40874
3907	75	19	37	41146	0	41277
3908	35953	34	33	398	0	36418
3909	208	20	38	41140	0	41406
3910	41441	8	31	180	0	41660
3911	42185	15	43	218	0	42461
3912	409	44483	30	84	0	45006
3913	321	178	43	48043	0	48585
3914	109	252	48675	247	0	49283
3915	47635	52	277	339	0	48303
3916	49106	39	345	63	0	49553
3917	49759	32	65	62	0	49918
3918	654	30	51115	49	0	51848
3919	415	21	296	51024	0	51756
3920	52049	23	370	330	0	52772
3921	50897	21	69	379	0	51366
3922	51057	18	46	73	0	51194
3923	682	50855	57	91	0	51685
3924	430	52369	34	106	0	52939
3925	123	608	35	53267	0	54033
3926	114	381	32	52830	0	53357
3927	100	53292	47	652	0	54091
3928	53029	295	33	400	0	53757
3929	377	390	54014	77	0	54858
3930	413	57	291	53852	0	54613
3931	125	48	366	54022	0	54561
3932	114	60	53989	628	0	54791
3933	51266	38	315	432	0	52051
3934	54459	39	383	91	0	54972
3935	667	53963	78	111	0	54819
3936	54051	286	63	86	0	54486
3937	407	394	54975	65	0	55841
3938	55271	60	322	121	0	55774
3939	431	47	56679	62	0	57219
3940	54606	194	603	125	0	55528
3941	55424	44	432	90	0	55990
3942	55657	26	125	65	0	55873
3943	54968	25	59	75	0	55127
3944	611	54987	69	84	0	55751
3945	56218	239	56	90	0	56603
3946	57315	296	79	98	0	57788
3947	642	67	57660	60	0	58429
3948	57502	53	262	92	0	57909
3949	369	56	324	57704	0	58453
3950	407	59	58073	275	0	58814
3951	57572	52	299	324	0	58247
3952	379	61	340	58798	0	59578
3953	60213	43	88	333	0	60677
3954	63021	34	57	574	0	63686
3955	690	67	64983	88	0	65828
3956	64282	24	299	112	0	64717
3957	65599	41	353	78	0	66071
3958	66122	45	71	67	0	66305
3959	67044	36	57	106	0	67243
3960	699	37	75	64950	0	65761
3961	459	66541	58	328	0	67386
3962	67002	275	71	359	0	67707
3963	67309	320	75	77	0	67781
3964	68141	56	53	85	0	68335
3965	727	66	67475	68	0	68336
3966	454	67507	295	105	0	68361
3967	196	295	364	67732	0	68587
3968	166	332	99	68194	0	68791
3969	195	60	69923	596	0	70774
3970	180	61	357	69471	0	70069
3971	195	56	71314	387	0	71952
3972	153	47	388	70312	0	70900
3973	158	42	426	71430	0	72056
3974	191	67	72563	734	0	73555
3975	69193	49	392	487	0	70121
3976	73467	34	431	231	0	74163
3977	847	81	74875	114	0	75917
3978	73363	49	424	140	0	73976
3979	75273	36	440	140	0	75889
3980	866	50	77557	98	0	78571
3981	572	68	399	76394	0	77433
3982	226	55	451	77704	0	78436
3983	77876	25	120	760	0	78781
3984	464	79403	104	551	0	80522
3985	77761	351	98	164	0	78374
3986	78917	386	93	101	0	79497
3987	856	81139	81	167	0	82243
3988	82138	363	78	114	0	82693
3989	81348	435	242	95	0	82120
3990	877	81622	81	130	0	82710
3991	582	402	82	81751	0	82817
3992	228	83452	88	421	0	84189
3993	229	431	88	83693	0	84441
3994	241	499	83268	434	0	84442
3995	228	106	82636	500	0	83470
3996	81012	74	830	187	0	82103
3997	83688	82	551	129	0	84450
3998	974	77	84452	108	0	85611
3999	84171	56	480	183	0	84890
4000	86082	48	508	137	0	86775
4001	84770	49	119	130	0	85068
4002	949	86275	155	171	0	87550
4003	620	401	96	87466	0	88583
4004	87666	446	102	513	0	88727
4005	86752	78	107	520	0	87457
4006	993	92	88557	147	0	89789
4007	639	84	455	87446	0	88624
4008	265	119	501	88185	0	89070
4009	228	89137	118	896	0	90379
4010	217	91653	119	614	0	92603
4011	254	1670	115	87671	0	89710
4012	179	89609	92	549	0	90429
4013	85898	395	98	398	0	86789
4014	474	88822	82	181	0	89559
4015	89901	442	118	152	0	90613
4016	626	454	90976	84	0	92140
4017	91715	169	638	158	0	92680
4018	94899	61	498	123	0	95581
4019	95339	44	91	73	0	95547
4020	94235	54	60	119	0	94468
4021	1124	94458	74	168	0	95824
4022	641	546	63	95324	0	96574
4023	180	549	51	96066	0	96846
4024	223	113	95227	1070	0	96633
4025	147	94	555	93675	0	94471
4026	150	71	551	95716	0	96488
4027	95763	70	79	1147	0	97059
4028	651	97161	71	719	0	98602
4029	645	653	73	97896	0	99267
4030	195	577	69	99694	0	100535
4031	152	103	74	100838	0	101167
4032	99912	109	72	1262	0	101355
4033	705	76	95	100714	0	101590
4034	101550	86	85	830	0	102551
4035	761	78	89	102051	0	102979
4036	748	78	90	102908	0	103824
4037	283	98	99856	1264	0	101501
4038	91179	271	655	857	0	92962
4039	748	99976	642	284	0	101650
4040	103021	630	120	298	0	104069
4041	822	634	80	102185	0	103721
4042	797	126	66	103140	0	104129
4043	104290	97	74	1290	0	105751
4044	104273	97	78	803	0	105251
4045	1492	130	77	108455	0	110154
4046	891	110	109831	896	0	111728
4047	297	116	109555	934	0	110902
4048	194	114813	1519	374	0	116900
4049	116594	997	1133	285	0	119009
4050	115633	910	226	268	0	117037
4051	1899	162	89	115662	0	117812
4052	1111	119798	97	1103	0	122109
4053	334	1014	51	120205	0	121604
4054	213	1007	67	115455	0	116742
4055	182	113271	98	2021	0	115572
4056	112761	982	101	1151	0	114995
4057	1123	1126	94	112024	0	114367
4058	1088	116814	94	1166	0	119162
4059	279	119645	101	1182	0	121207
4060	119169	1824	207	297	0	121497
4061	1192	1088	119459	216	0	121955
4062	118964	280	1100	238	0	120582
4063	1304	281	1043	120333	0	122961
4064	1204	281	148	119517	0	121150
4065	286	121353	137	2170	0	123946
4066	346	1400	143	122059	0	123948
4067	441	1124	121650	1297	0	124512
4068	263	121217	1041	1344	0	123865
4069	238	122430	1005	420	0	124093
4070	119543	1931	265	320	0	122059
4071	1047	122380	164	335	0	123926
4072	1132	1127	88	121245	0	123592
4073	276	122924	109	1266	0	124575
4074	297	1098	82	123222	0	124699
4075	260	1127	96	123636	0	125119
4076	281	297	120693	2248	0	123519
4077	243	202	1045	119503	0	120993
4078	266	206	1035	120816	0	122323
4079	118640	192	213	2213	0	121258
4080	1328	216	118602	1340	0	121486
4081	1261	220	1069	119736	0	122286
4082	460	259	121021	1357	0	123097
4083	117455	234	1169	1357	0	120215
4084	1292	122342	1142	695	0	125471
4085	128106	1242	239	576	0	130163
4086	1500	1239	199	130089	0	133027
4087	1442	332	160	131197	0	133131
4088	535	332	130173	2730	0	133770
4089	119191	264	1340	1846	0	122641
4090	1411	132546	1347	693	0	135997
4091	125805	1537	266	589	0	128197
4092	1645	1553	197	130581	0	133976
4093	1563	133761	198	1666	0	137188
4094	132237	1525	205	1633	0	135600
4095	1531	135570	213	616	0	137930
4096	1561	1586	176	133909	0	137232
4097	420	1488	181	135033	0	137122
4098	418	367	193	134333	0	135311
4099	307	132039	245	3151	0	135742
4100	354	1501	217	133374	0	135446
4101	342	1534	206	133579	0	135661
4102	130274	405	187	3122	0	133988
4103	131136	400	195	1818	0	133549
4104	132390	359	163	583	0	133495
4105	3037	386	130723	571	0	134717
4106	131041	375	1440	552	0	133408
4107	132568	358	1474	544	0	134944
4108	132174	363	290	555	0	133382
4109	3044	422	127399	530	0	131395
4110	126510	342	1358	587	0	128797
4111	1826	391	1399	129125	0	132741
4112	1715	406	128095	1808	0	132024
4113	486	127697	1487	1907	0	131577
4114	571	2876	1422	120398	0	125267
4115	380	123703	371	1593	0	126047
4116	406	123491	304	1686	0	125887
4117	118072	2460	642	516	0	121690
4118	1507	1457	238	117176	0	120378
4119	118842	350	207	1469	0	120868
4120	1433	333	153	118665	0	120584
4121	118306	304	171	1526	0	120307
4122	1430	302	165	118181	0	120078
4123	118035	321	183	1528	0	120067
4124	1472	325	114132	1452	0	117381
4125	1396	613	1182	114171	0	117362
4126	555	351	116382	1433	0	118721
4127	505	328	112479	1458	0	114770
4128	415	353	115267	503	0	116538
4129	502	793	2356	110480	0	114131
4130	413	306	112805	1501	0	115025
4131	109715	286	1262	1425	0	112688
4132	1306	284	1143	111314	0	114047
4133	1324	258	114586	1528	0	117696
4134	460	248	1173	114295	0	116176
4135	413	213	1161	114662	0	116449
4136	494	270	116536	2367	0	119667
4137	436	247	1222	116030	0	117935
4138	519	227	1195	113519	0	115460
4139	470	116255	320	2301	0	119346
4140	115184	1106	312	1330	0	117932
4141	115388	1112	295	488	0	117283
4142	2370	309	112853	463	0	115995
4143	110873	195	1224	450	0	112742
4144	1414	194	110075	448	0	112131
4145	1182	199	104441	368	0	106190
4146	460	215	104585	372	0	105632
4147	837	2088	2189	96601	0	101715
4148	435	178	98644	1016	0	100273
4149	324	431	891	94954	0	96600
4150	272	124	749	96056	0	97201
4151	250	142	213	95330	0	95935
4152	280	116	182	94649	0	95227
4153	93424	120	155	1484	0	95183
4154	93033	125	178	884	0	94220
4155	1420	94612	201	495	0	96728
4156	863	774	155	95192	0	96984
4157	348	686	96376	889	0	98299
4158	248	96701	901	1032	0	98882
4159	412	1307	847	98671	0	101237
4160	305	853	100736	1077	0	102971
4161	246	300	1013	98273	0	99832
4162	240	137	100018	1046	0	101441
4163	264	178	98789	968	0	100199
4164	270	142	1691	99210	0	101313
4165	215	136	969	100315	0	101635
4166	99589	76	249	1788	0	101702
4167	998	90	182	99131	0	100401
4168	97861	77	195	1144	0	99277
4169	966	96785	204	1097	0	99052
4170	871	98511	181	464	0	100027
4171	281	1659	173	98053	0	100166
4172	98267	821	193	1017	0	100298
4173	928	98714	216	1067	0	100925
4174	1007	944	188	99293	0	101432
4175	101012	775	207	1099	0	103093
4176	101805	106	187	949	0	103047
4177	102563	93	234	287	0	103177
4178	102714	76	221	252	0	103263
4179	103611	69	226	251	0	104157
4180	1796	99	100165	234	0	102294
4181	1152	134	98894	250	0	100430
4182	207	98915	1648	334	0	101104
4183	527	1720	1428	96787	0	100462
4184	272	785	99215	889	0	101161
4185	233	210	95333	781	0	96557
4186	282	874	1422	92827	0	95405
4187	212	99	99113	781	0	100205
4188	217	110	98758	749	0	99834
4189	103	117911	1454	333	0	119801
4190	116939	1362	966	282	0	119549
4191	1159	129327	178	312	0	130976
4192	1126	1572	121	129996	0	132815
4193	135134	1227	119	1509	0	137989
4194	1523	138379	163	1539	0	141604
4195	1440	1605	118	137257	0	140420
4196	226	1426	139298	1650	0	142600
4197	138314	143	1673	1476	0	141606
4198	142434	97	1465	223	0	144219
4199	144793	85	188	194	0	145260
4200	3146	85	123	143601	0	146955
4201	1728	190	144820	1758	0	148496
4202	218	144633	1760	1821	0	148432
4203	248	1838	1548	144646	0	148280
4204	145411	1588	198	1802	0	148999
4205	1909	216	145709	1600	0	149434
4206	1641	141495	1835	449	0	145420
4207	385	1671	147088	161	0	149305
4208	143529	1554	1886	221	0	147190
4209	148696	170	1671	187	0	150724
4210	149711	121	236	170	0	150238
4211	3519	167	145049	215	0	148950
4212	1822	143684	1823	372	0	147701
4213	344	1786	1665	144147	0	147942
4214	268	1619	276	146293	0	148456
4215	241	236	205	147187	0	147869
4216	324	192	144038	3396	0	147950
4217	139246	130	1875	1889	0	143140
4218	2018	176	146919	309	0	149422
4219	147206	190	1974	315	0	149685
4220	149672	169	1820	259	0	151920
4221	151303	191	282	222	0	151998
4222	149840	209	248	227	0	150524
4223	3722	281	147761	201	0	151965
4224	2005	209	1918	146172	0	150304
4225	548	352	147897	1928	0	150725
4226	413	144153	1962	1981	0	148509
4227	394	148418	1885	582	0	151279
4228	147683	3422	349	388	0	151842
4229	145860	1874	344	358	0	148436
4230	3605	148586	401	493	0	153085
4231	151411	1988	334	412	0	154145
4232	2457	1901	141976	384	0	146718
4233	146285	335	1805	410	0	148835
4234	2314	148224	1889	537	0	152964
4235	152621	2087	425	396	0	155529
4236	149969	1904	382	393	0	152648
4237	4185	432	428	146916	0	151961
4238	2481	363	387	149303	0	152534
4239	147345	398	446	3850	0	152039
4240	2551	374	407	149439	0	152771
4241	149606	366	509	2429	0	152910
4242	2707	354	441	149925	0	153427
4243	149533	356	486	2359	0	152734
4244	147246	377	469	2095	0	150187
4245	4170	145764	569	650	0	151153
4246	2502	148686	587	557	0	152332
4247	143618	3899	471	460	0	148448
4248	2488	147724	579	564	0	151355
4249	2513	2343	535	143984	0	149375
4250	960	2121	530	146170	0	149781
4251	140844	550	529	4055	0	145978
4252	2543	143333	605	2446	0	148927
4253	2488	142663	569	894	0	146614
4254	1105	144529	586	918	0	147138
4255	1409	3923	138861	665	0	144858
4256	1229	2248	140221	607	0	144305
4257	1392	790	141344	659	0	144185
4258	1415	2576	4126	120644	0	128761
4259	1067	132585	2282	2004	0	137938
4260	132670	2046	570	1918	0	137204
4261	2720	1924	131444	677	0	136765
4262	2635	555	131646	685	0	135521
4263	1210	487	134376	620	0	136693
4264	1224	608	3805	129895	0	135532
4265	1085	485	2177	132340	0	136087
4266	1143	524	686	133919	0	136272
4267	131749	556	558	3568	0	136431
4268	132266	542	617	1982	0	135407
4269	133771	497	583	623	0	135474
4270	4190	543	658	129222	0	134613
4271	2513	544	128175	2052	0	133284
4272	1144	673	130064	1906	0	133787
4273	1134	486	3545	128402	0	133567
4274	1182	479	2017	128429	0	132107
4275	126020	511	659	3509	0	130699
4276	2598	125172	551	2277	0	130598
4277	126113	1921	489	717	0	129240
4278	2571	125515	495	909	0	129490
4279	2492	2032	430	123691	0	128645
4280	1166	1815	123702	2282	0	128965
4281	1134	1041	1959	123263	0	127397
4282	123543	424	1844	2384	0	128195
4283	2634	376	122412	2166	0	127588
4284	119517	401	2031	682	0	122631
4285	3009	433	119268	563	0	123273
4286	2878	596	115761	520	0	119755
4287	108006	576	3472	612	0	112666
4288	2547	484	110017	577	0	113625
4289	1533	358	87552	325	0	89768
4290	1267	83826	2878	550	0	88521
4291	70583	1891	3136	841	0	76451
4292	67019	721	691	267	0	68698
4293	66423	135	201	174	0	66933
4294	1021	129	63850	137	0	65137
4295	61998	96	523	123	0	62740
4296	555	63228	512	134	0	64429
4297	62408	486	128	110	0	63132
4298	626	466	61929	88	0	63109
4299	619	889	554	58496	0	60558
4300	165	86	58947	422	0	59620
4301	98	57788	421	453	0	58760
4302	323	427	601	55196	0	56547
4303	231	339	114	55988	0	56672
4304	56244	47	72	639	0	57002
4305	56092	37	52	337	0	56518
4306	56160	36	45	106	0	56347
4307	56097	33	49	83	0	56262
4308	55539	22	59	73	0	55693
4309	714	68	55190	60	0	56032
4310	397	26	358	54654	0	55435
4311	97	51	56832	357	0	57337
4312	95	34	369	56828	0	57326
4313	57473	33	375	404	0	58285
4314	58429	47	70	402	0	58948
4315	58961	33	59	78	0	59131
4316	59025	37	71	73	0	59206
4317	798	49	60048	53	0	60948
4318	418	68	426	59102	0	60014
4319	104	52	60103	429	0	60688
4320	97	60110	416	483	0	61106
4321	82	61142	438	128	0	61790
4322	196	840	121	60064	0	61221
4323	93	423	70	62874	0	63460
4324	101	47	72	65767	0	65987
4325	122	33	71	68155	0	68381
4326	66806	32	68	1141	0	68047
4327	596	66666	99	680	0	68041
4328	65658	557	66	102	0	66383
4329	626	564	48	65083	0	66321
4330	640	60	59	63266	0	64025
4331	101	64639	57	1112	0	65909
4332	143	656	45	64605	0	65449
4333	63866	533	80	608	0	65087
4334	587	62430	54	663	0	63734
4335	516	60868	44	135	0	61563
4336	60319	946	70	94	0	61429
4337	543	544	51	60236	0	61374
4338	527	60811	48	581	0	61967
4339	236	621	104	61656	0	62617
4340	61120	524	125	646	0	62415
4341	550	72	39	61385	0	62046
4342	553	45	32	61395	0	62025
4343	60884	43	41	1045	0	62013
4344	578	69	42	60857	0	61546
4345	600	60950	47	648	0	62245
4346	137	537	32	60665	0	61371
4347	87	60682	54	619	0	61442
4348	101	537	33	60793	0	61464
4349	60127	501	58	600	0	61286
4350	60625	69	44	595	0	61333
4351	1047	88	40	60750	0	61925
4352	608	56	60101	597	0	61362
4353	58720	57	523	604	0	59904
4354	613	72	60285	125	0	61095
4355	59726	62	549	128	0	60465
4356	60067	54	530	107	0	60758
4357	1089	76	58611	117	0	59893
4358	561	58269	535	129	0	59494
4359	58277	546	627	144	0	59594
4360	58809	513	86	145	0	59553
4361	1056	101	59832	93	0	61082
4362	59546	76	584	159	0	60365
4363	58873	50	486	142	0	59551
4364	58576	62	76	143	0	58857
4365	1020	69	38	58593	0	59720
4366	597	61	33	58866	0	59557
4367	138	59145	60	1027	0	60370
4368	129	516	28	60230	0	60903
4369	122	505	36	60249	0	60912
4370	148	103	58874	1016	0	60141
4371	130	100	57535	591	0	58356
4372	54798	80	963	167	0	56008
4373	57052	61	503	139	0	57755
4374	1009	56868	93	173	0	58143
4375	631	538	54	57109	0	58332
4376	213	528	58465	608	0	59814
4377	157	97	550	59427	0	60231
4378	136	99	529	61122	0	61886
4379	133	83	61	62143	0	62420
4380	137	62047	76	1195	0	63455
4381	138	607	47	63329	0	64121
4382	138	600	52	63825	0	64615
4383	209	103	63171	1186	0	64669
4384	174	105	63500	705	0	64484
4385	61171	98	1143	210	0	62622
4386	63543	91	609	200	0	64443
4387	1238	93	104	65490	0	66925
4388	688	103	87	64994	0	65872
4389	184	110	72	66424	0	66790
4390	226	100	64460	1472	0	66258
4391	130	64062	735	984	0	65911
4392	162	767	64894	248	0	66071
4393	63569	714	779	236	0	65298
4394	864	132	65555	188	0	66739
4395	64818	112	777	197	0	65904
4396	64628	64	736	187	0	65615
4397	65660	93	122	148	0	66023
4398	1468	88	85	64223	0	65864
4399	832	101	64365	854	0	66152
4400	203	64958	742	860	0	66763
4401	211	791	722	64575	0	66299
4402	207	750	127	65581	0	66665
4403	227	151	66123	1432	0	67933
4404	153	65463	826	889	0	67331
4405	66611	781	787	231	0	68410
4406	935	68655	147	192	0	69929
4407	72130	932	166	161	0	73389
4408	1195	877	140	72599	0	74811
4409	1119	157	74622	1104	0	77002
4410	237	75351	1123	1050	0	77761
4411	75957	1172	1131	315	0	78575
4412	1235	945	76294	209	0	78683
4413	76391	206	1247	197	0	78041
4414	76856	117	1034	180	0	78187
4415	2131	90	76349	178	0	78748
4416	76100	85	1207	167	0	77559
4417	75581	88	1023	158	0	76850
4418	75015	87	218	138	0	75458
4419	2103	73182	159	222	0	75666
4420	72285	1070	179	142	0	73676
4421	1187	73228	135	230	0	74780
4422	1080	1049	72636	170	0	74935
4423	213	72401	1109	187	0	73910
4424	67936	1202	1445	282	0	70865
4425	68712	742	181	128	0	69763
4426	69666	123	132	117	0	70038
4427	1699	87	113	67794	0	69693
4428	889	79	93	69102	0	70163
4429	67569	62	112	1618	0	69361
4430	68482	85	95	818	0	69480
4431	1722	87	96	67148	0	69053
4432	913	109	66845	972	0	68839
4433	222	65271	916	790	0	67199
4434	176	66729	750	209	0	67864
4435	219	1628	237	65611	0	67695
4436	198	780	65984	937	0	67899
4437	194	399	920	62866	0	64379
4438	181	64235	753	892	0	66061
4439	209	863	162	64410	0	65644
4440	226	786	63870	966	0	65848
4441	197	145	913	64283	0	65538
4442	241	154	67014	978	0	68387
4443	217	160	982	66496	0	67855
4444	272	124	68588	1099	0	70083
4445	245	124	68127	776	0	69272
4446	65913	137	1603	185	0	67838
4447	68415	114	834	146	0	69509
4448	69125	125	217	133	0	69600
4449	1774	67959	157	169	0	70059
4450	998	922	146	68616	0	70682
4451	68187	757	155	950	0	70049
4452	69153	182	143	815	0	70293
4453	69262	134	153	203	0	69752
4454	1824	145	68113	186	0	70268
4455	970	65985	975	229	0	68159
4456	335	68796	794	231	0	70156
4457	67809	1545	344	163	0	69861
4458	1176	849	185	67428	0	69638
4459	67739	233	188	943	0	69103
4460	1184	186	67044	780	0	69194
4461	971	153	940	65970	0	68034
4462	404	168	811	67435	0	68818
4463	366	187	205	66083	0	66841
4464	308	67193	246	1617	0	69364
4465	67205	973	189	841	0	69208
4466	67366	808	183	221	0	68578
4467	1779	66622	202	217	0	68820
4468	1029	982	187	66245	0	68443
4469	66571	789	200	996	0	68556
4470	1181	251	182	66787	0	68401
4471	66849	182	168	1032	0	68231
4472	1182	66171	179	932	0	68464
4473	66333	960	224	242	0	67759
4474	1279	837	65425	183	0	67724
4475	999	65673	964	296	0	67932
4476	467	964	65345	208	0	66984
4477	741	1516	1211	62504	0	65972
4478	62308	309	953	1050	0	64620
4479	62722	155	219	773	0	63869
4480	62456	152	191	235	0	63034
4481	1710	140	177	60423	0	62450
4482	61022	148	164	932	0	62266
4483	1136	154	152	60172	0	61614
4484	60236	126	193	1013	0	61568
4485	60426	153	193	842	0	61614
4486	1639	167	60027	287	0	62120
4487	793	143	57946	199	0	59081
4488	302	175	57955	188	0	58620
4489	246	349	1345	55374	0	57314
4490	55839	106	963	822	0	57730
4491	802	171	196	56377	0	57546
4492	683	116	136	57088	0	58023
4493	58380	114	128	1372	0	59994
4494	58408	77	109	729	0	59323
4495	58432	76	117	231	0	58856
4496	58648	80	132	234	0	59094
4497	1387	94	130	57502	0	59113
4498	57370	81	146	800	0	58397
4499	883	56660	123	657	0	58323
4500	56512	704	152	222	0	57590
4501	56223	537	361	203	0	57324
4502	1304	174	54109	140	0	55727
4503	52120	133	752	160	0	53165
4504	833	103	52239	130	0	53305
4505	530	76	49433	119	0	50158
4506	345	235	49133	122	0	49835
4507	449	1327	966	42126	0	44868
4508	129	47	43805	293	0	44274
4509	143	367	304	40389	0	41203
4510	94	26	41500	233	0	41853
4511	98	55	42835	192	0	43180
4512	85	128	342	41549	0	42104
4513	95	46	201	43581	0	43923
4514	61	21	44776	308	0	45166
4515	42953	20	206	192	0	43371
4516	235	13	171	44941	0	45360
4517	199	16	39	45317	0	45571
4518	45421	9	29	388	0	45847
4519	231	27	27	46246	0	46531
4520	219	37	46123	238	0	46617
4521	86	34	44568	185	0	44873
4522	57	193	319	43559	0	44128
4523	65	31	44789	213	0	45098
4524	38	45762	225	199	0	46224
4525	97	196	175	45046	0	45514
4526	45277	133	55	204	0	45669
4527	190	29	45361	151	0	45731
4528	44391	14	181	116	0	44702
4529	199	14	145	46443	0	46801
4530	160	8	34	47075	0	47277
4531	54	12	25	47159	0	47250
4532	47	10	29	46909	0	46995
4533	46205	10	32	355	0	46602
4534	216	49419	31	241	0	49907
4535	178	325	21	50566	0	51090
4536	62	234	20	51068	0	51384
4537	43	36	22	51475	0	51576
4538	39	17	22	51360	0	51438
4539	50500	8	27	557	0	51092
4540	309	50631	37	373	0	51350
4541	50094	272	26	86	0	50478
4542	293	48111	38	98	0	48540
4543	227	48329	28	104	0	48688
4544	47178	456	44	54	0	47732
4545	344	243	47977	41	0	48605
4546	242	54	300	47838	0	48434
4547	49012	21	243	359	0	49635
4548	50055	12	58	300	0	50425
4549	49074	25	45	139	0	49283
4550	50966	11	31	81	0	51089
4551	532	52570	39	142	0	53283
4552	53515	350	21	82	0	53968
4553	54494	248	20	68	0	54830
4554	640	56826	37	111	0	57614
4555	329	468	28	58846	0	59671
4556	112	355	59037	521	0	60025
4557	67	83	486	59591	0	60227
4558	59093	46	389	594	0	60122
4559	535	47	61910	450	0	62942
4560	404	61331	519	209	0	62463
4561	124	509	63148	118	0	63899
4562	108	544	526	59113	0	60291
4563	62	62264	443	510	0	63279
4564	62283	522	74	409	0	63288
4565	496	63349	57	159	0	64061
4566	438	551	42	62684	0	63715
4567	115	434	34	64020	0	64603
4568	62208	84	1153	923	0	64368
4569	546	76	53	62401	0	63076
4570	456	63170	45	610	0	64281
4571	63621	498	32	508	0	64659
4572	63723	407	51	165	0	64346
4573	901	64534	49	163	0	65647
4574	64570	538	39	109	0	65256
4575	569	64267	68	137	0	65041
4576	63894	560	38	101	0	64593
4577	574	64281	48	195	0	65098
4578	512	585	83	61915	0	63095
4579	176	459	60	64638	0	65333
4580	64081	94	54	870	0	65099
4581	65118	77	60	503	0	65758
4582	907	65016	69	246	0	66238
4583	557	560	64198	120	0	65435
4584	65024	465	521	156	0	66166
4585	603	127	444	65857	0	67031
4586	511	66413	93	604	0	67621
4587	171	559	56	67186	0	67972
4588	66990	465	42	672	0	68169
4589	67405	134	47	529	0	68115
4590	68118	111	31	217	0	68477
4591	1071	96	39	67017	0	68223
4592	586	127	67149	602	0	68464
4593	64429	90	527	575	0	65621
4594	66334	90	455	171	0	67050
4595	67073	112	89	144	0	67418
4596	1069	66078	73	195	0	67415
4597	629	586	67	66450	0	67732
4598	200	68037	57	647	0	68941
4599	225	657	66	68368	0	69316
4600	179	547	54	68986	0	69766
4601	188	194	70729	1094	0	72205
4602	216	119	594	74350	0	75279
4603	183	122	538	76192	0	77035
4604	75988	102	95	1422	0	77607
4605	859	76955	104	836	0	78754
4606	77717	837	71	195	0	78820
4607	80238	741	59	171	0	81209
4608	1658	248	70	79673	0	81649
4609	1029	190	81208	908	0	83335
4610	276	79863	838	855	0	81832
4611	216	79612	757	277	0	80862
4612	77385	1662	246	212	0	79505
4613	939	79161	121	248	0	80469
4614	805	907	78	77147	0	78937
4615	258	781	74	79283	0	80396
4616	276	185	78181	1542	0	80184
4617	244	174	78052	867	0	79337
4618	195	77810	1493	269	0	79767
4619	198	937	777	77646	0	79558
4620	77745	804	129	904	0	79582
4621	949	207	90	79046	0	80292
4622	848	208	80293	1025	0	82374
4623	229	163	871	80166	0	81429
4624	77945	138	756	1063	0	79902
4625	78503	138	141	889	0	79671
4626	1613	78363	90	347	0	80413
4627	78717	915	81	240	0	79953
4628	1039	78713	94	243	0	80089
4629	78562	968	79	212	0	79821
4630	1102	960	79	76641	0	78782
4631	914	228	77146	927	0	79215
4632	356	189	76711	806	0	78062
4633	240	77569	1501	280	0	79590
4634	371	797	909	74330	0	76407
4635	234	686	190	75631	0	76741
4636	75319	137	97	1428	0	76981
4637	75962	114	82	802	0	76960
4638	77469	120	83	301	0	77973
4639	1536	139	68	76363	0	78106
4640	881	150	71	77676	0	78778
4641	270	152	57	78706	0	79185
4642	295	142	77394	1455	0	79286
4643	255	140	77078	822	0	78295
4644	75051	129	1366	257	0	76803
4645	76997	126	738	242	0	78103
4646	1488	187	76950	180	0	78805
4647	75509	110	783	216	0	76618
4648	75682	137	703	222	0	76744
4649	1470	145	74844	191	0	76650
4650	788	74774	781	287	0	76630
4651	408	1093	812	72533	0	74846
4652	279	663	74246	770	0	75958
4653	197	75405	775	825	0	77202
4654	375	1395	681	69331	0	71782
4655	179	72225	201	741	0	73346
4656	205	721	70500	645	0	72071
4657	224	654	71360	209	0	72447
4658	336	574	1281	70072	0	72263
4659	70951	154	752	748	0	72605
4660	777	136	152	71141	0	72206
4661	70839	148	97	822	0	71906
4662	774	133	103	71339	0	72349
4663	779	148	70826	767	0	72520
4664	68553	138	700	739	0	70130
4665	773	135	71808	216	0	72932
4666	70946	127	770	222	0	72065
4667	773	122	727	69592	0	71214
4668	705	71335	215	768	0	73023
4669	219	739	163	71425	0	72546
4670	170	73216	181	835	0	74402
4671	278	738	136	69055	0	70207
4672	218	73018	142	799	0	74177
4673	71615	697	162	750	0	73224
4674	72161	633	144	299	0	73237
4675	71977	138	139	245	0	72499
4676	1429	124	71229	214	0	72996
4677	851	134	733	70702	0	72420
4678	331	143	72733	778	0	73985
4679	249	70894	824	763	0	72730
4680	260	72352	721	259	0	73592
4681	70872	1261	254	209	0	72596
4682	867	691	70918	187	0	72663
4683	740	70216	808	232	0	71996
4684	349	788	782	71159	0	73078
4685	71536	676	256	846	0	73314
4686	778	72474	176	823	0	74251
4687	73708	754	151	258	0	74871
4688	915	727	73705	210	0	75557
4689	792	168	796	74718	0	76474
4690	254	137	713	76593	0	77697
4691	192	115	218	78749	0	79274
4692	186	78174	192	1660	0	80212
4693	237	926	158	78355	0	79676
4694	311	809	79929	1014	0	82063
4695	244	175	901	79732	0	81052
4696	290	109	868	80693	0	81960
4697	263	89	216	80152	0	80720
4698	260	78701	212	1670	0	80843
4699	281	813	185	79213	0	80492
4700	380	954	197	77998	0	79529
4701	192	74969	184	1557	0	76902
4702	70564	689	138	738	0	72129
4703	646	71345	122	236	0	72349
4704	573	70520	104	249	0	71446
4705	430	1557	265	68789	0	71041
4706	207	608	68685	660	0	70160
4707	62153	258	683	578	0	63672
4708	610	124	507	66540	0	67781
4709	535	102	65789	622	0	67048
4710	108	66314	577	649	0	67648
4711	102	624	547	66433	0	67706
4712	182	517	67358	645	0	68702
4713	125	241	594	66086	0	67046
4714	159	158	516	66369	0	67202
4715	64947	67	135	1095	0	66244
4716	565	64848	110	684	0	66207
4717	64915	543	76	209	0	65743
4718	646	521	65492	148	0	66807
4719	546	65796	585	166	0	67093
4720	212	585	66258	130	0	67185
4721	251	847	640	65432	0	67170
4722	65140	93	616	611	0	66460
4723	542	95	89	64974	0	65700
4724	65461	63	131	613	0	66268
4725	65992	80	62	593	0	66727
4726	1019	93	68	66476	0	67656
4727	625	77	68769	631	0	70102
4728	156	102	70220	605	0	71083
4729	117	112	1052	70843	0	72124
4730	92	125	639	72206	0	73062
4731	71307	80	140	1191	0	72718
4732	619	80	71	71400	0	72170
4733	627	71105	95	743	0	72570
4734	141	604	91	71841	0	72677
4735	109	667	82	72318	0	73176
4736	70967	120	81	1274	0	72442
4737	598	72169	83	799	0	73649
4738	666	634	48	72987	0	74335
4739	165	685	93	72965	0	73908
4740	101	72438	134	1333	0	74006
4741	91	661	63	73520	0	74335
4742	111	681	74	72424	0	73290
4743	88	71523	80	1374	0	73065
4744	97	680	68	72398	0	73243
4745	90	659	88	71392	0	72229
4746	52	70831	105	1380	0	72368
4747	85	665	62	71653	0	72465
4748	70679	673	74	892	0	72318
4749	70769	155	64	845	0	71833
4750	70903	138	69	275	0	71385
4751	70413	88	67	274	0	70842
4752	1252	67959	88	285	0	69584
4753	65956	596	57	201	0	66810
4754	626	65502	56	250	0	66434
4755	566	64844	70	217	0	65697
4756	411	1180	278	63937	0	65806
4757	171	585	64598	611	0	65965
4758	62475	231	588	602	0	63896
4759	64588	90	523	243	0	65444
4760	1037	117	66751	173	0	68078
4761	65866	81	558	191	0	66696
4762	67416	93	514	194	0	68217
4763	1054	66085	96	204	0	67439
4764	69967	566	87	346	0	70966
4765	649	561	54	69261	0	70525
4766	614	121	59	69582	0	70376
4767	170	105	60	70111	0	70446
4768	131	87	52	69923	0	70193
4769	69210	85	54	1198	0	70547
4770	608	101	51	69155	0	69915
4771	594	100	37	69270	0	70001
4772	203	100	68104	1149	0	69556
4773	63947	114	532	752	0	65345
4774	68646	90	529	240	0	69505
4775	68964	77	94	225	0	69360
4776	1088	67799	75	251	0	69213
4777	632	68623	90	237	0	69582
4778	67753	987	63	220	0	69023
4779	648	639	63	67679	0	69029
4780	619	68558	59	714	0	69950
4781	215	561	50	68284	0	69110
4782	138	68893	77	708	0	69816
4783	67811	577	52	699	0	69139
4784	569	69033	48	308	0	69958
4785	633	619	55	67763	0	69070
4786	223	629	46	68513	0	69411
4787	235	156	69053	1096	0	70540
4788	161	71209	531	760	0	72661
4789	248	1062	586	72710	0	74606
4790	234	742	74636	839	0	76451
4791	219	203	76458	777	0	77657
4792	210	311	1470	76806	0	78797
4793	170	168	1002	76866	0	78206
4794	135	75206	158	1858	0	77357
4795	158	77741	87	1138	0	79124
4796	162	1781	66	77883	0	79892
4797	77906	1016	75	1014	0	80011
4798	985	196	47	80989	0	82217
4799	82912	125	59	1200	0	84296
4800	83731	122	51	1113	0	85017
4801	85367	134	50	271	0	85822
4802	2095	139	84228	233	0	86695
4803	83957	101	980	212	0	85250
4804	1213	111	1032	84581	0	86937
4805	1182	115	160	85226	0	86683
4806	344	118	83746	2076	0	86284
4807	271	143	83753	1200	0	85367
4808	201	441	1909	81162	0	83713
4809	176	80849	1148	1085	0	83258
4810	174	82309	212	1114	0	83809
4811	350	1869	118	81613	0	83950
4812	80784	1092	110	1153	0	83139
4813	1075	215	92	82165	0	83547
4814	1088	138	82	81267	0	82575
4815	249	81397	106	2052	0	83804
4816	199	988	81	82973	0	84241
4817	223	1024	82769	1218	0	85234
4818	246	209	80770	1145	0	82370
4819	78151	112	1895	363	0	80521
4820	1018	80985	1122	289	0	83414
4821	81602	987	193	226	0	83008
4822	81384	996	139	225	0	82744
4823	1976	217	129	76872	0	79194
4824	1147	80284	130	1020	0	82581
4825	324	1030	105	80718	0	82177
4826	79764	980	96	1173	0	82013
4827	995	78334	130	1163	0	80622
4828	76664	956	87	297	0	78004
4829	1031	76770	106	288	0	78195
4830	76776	1029	94	193	0	78092
4831	76212	941	95	241	0	77489
4832	1798	75344	111	259	0	77512
4833	1075	1092	130	75125	0	77422
4834	75248	891	228	984	0	77351
4835	1026	203	73463	966	0	75658
4836	1001	166	73443	246	0	74856
4837	423	754	1778	71148	0	74103
4838	71974	140	1060	952	0	74126
4839	880	139	174	72581	0	73774
4840	72850	134	116	1031	0	74131
4841	1056	143	73117	967	0	75283
4842	73914	130	833	305	0	75182
4843	75963	118	843	289	0	77213
4844	1790	124	179	74985	0	77078
4845	1065	125	160	75928	0	77278
4846	344	109	94	76174	0	76721
4847	232	75398	137	1871	0	77638
4848	217	868	126	75900	0	77111
4849	216	919	125	76194	0	77454
4850	75267	169	141	1764	0	77341
4851	75542	129	143	1093	0	76907
4852	1765	143	74533	345	0	76786
4853	74136	142	892	303	0	75473
4854	1082	151	75075	282	0	76590
4855	71030	153	1054	312	0	72549
4856	1100	156	73934	284	0	75474
4857	1010	154	72448	297	0	73909
4858	349	376	1686	70241	0	72652
4859	344	170	71792	1045	0	73351
4860	68505	193	1000	1077	0	70775
4861	962	166	862	71112	0	73102
4862	72277	156	221	1044	0	73698
4863	72454	177	166	1017	0	73814
4864	70372	149	146	331	0	70998
4865	69825	116	157	284	0	70382
4866	1866	122	69149	236	0	71373
4867	1176	91	821	68959	0	71047
4868	500	118	70828	931	0	72377
4869	362	126	910	69770	0	71168
4870	69618	115	903	1057	0	71693
4871	996	132	268	70498	0	71894
4872	70903	133	224	1084	0	72344
4873	1039	134	164	71348	0	72685
4874	972	157	183	71815	0	73127
4875	71230	151	188	1684	0	73253
4876	953	71270	184	1128	0	73535
4877	71678	856	115	369	0	73018
4878	1032	71680	138	362	0	73212
4879	993	914	103	71484	0	73494
4880	71072	848	136	993	0	73049
4881	1030	219	70989	998	0	73236
4882	1008	142	829	70856	0	72835
4883	71415	132	850	966	0	73363
4884	72332	118	246	962	0	73658
4885	1786	162	180	70658	0	72786
4886	1142	72148	181	956	0	74427
4887	403	71689	183	941	0	73216
4888	657	3397	164	65597	0	69815
4889	66843	746	340	754	0	68683
4890	732	64456	87	695	0	65970
4891	503	61706	82	216	0	62507
4892	58975	821	294	90	0	60180
4893	439	59337	70	120	0	59966
4894	60272	460	265	106	0	61103
4895	767	426	149	59595	0	60937
4896	493	184	30	59264	0	59971
4897	107	59269	31	870	0	60277
4898	71	58481	26	524	0	59102
4899	55269	733	40	90	0	56132
4900	392	57071	28	128	0	57619
4901	343	58898	41	83	0	59365
4902	371	808	156	58300	0	59635
4903	59520	468	35	523	0	60546
4904	526	95	61985	445	0	63051
4905	61942	41	620	126	0	62729
4906	706	33	550	66179	0	67468
4907	637	32	67552	754	0	68975
4908	154	63	68695	704	0	69616
4909	73	42	1397	69188	0	70700
4910	119	74	71674	790	0	72657
4911	70665	39	922	764	0	72390
4912	72457	34	766	181	0	73438
4913	1583	52	72686	91	0	74412
4914	871	45	855	71733	0	73504
4915	192	41	787	72961	0	73981
4916	72977	34	157	1601	0	74769
4917	909	58	97	70286	0	71350
4918	799	71360	81	946	0	73186
4919	71322	800	52	802	0	72976
4920	849	71768	66	273	0	72956
4921	815	73750	72	188	0	74825
4922	232	1546	73	72324	0	74175
4923	133	868	61	73017	0	74079
4924	124	190	45	74047	0	74406
4925	134	140	71894	1692	0	73860
4926	66853	103	844	992	0	68792
4927	844	70895	778	351	0	72868
4928	72298	874	146	167	0	73485
4929	72551	829	88	154	0	73622
4930	1675	198	72	71759	0	73704
4931	967	72378	73	957	0	74375
4932	279	876	76	74005	0	75236
4933	184	832	70	74505	0	75591
4934	74924	206	67	1767	0	76964
4935	75255	142	95	1065	0	76557
4936	1752	157	74835	275	0	77019
4937	75320	121	847	239	0	76527
4938	1082	76273	854	225	0	78434
4939	76808	940	158	158	0	78064
4940	1046	80268	96	251	0	81661
4941	1009	1093	90	78705	0	80897
4942	318	1018	62	78646	0	80044
4943	213	78531	96	1961	0	80801
4944	210	1066	70	80138	0	81484
4945	192	1030	81	80527	0	81830
4946	196	273	92	79576	0	80137
4947	182	78449	123	2079	0	80833
4948	183	1104	87	79652	0	81026
4949	175	1041	104	79644	0	80964
4950	222	285	99	80752	0	81358
4951	244	252	78286	2137	0	80919
4952	74606	184	1029	1398	0	77217
4953	1155	188	79547	441	0	81331
4954	77773	184	1144	357	0	79458
4955	1297	197	79805	317	0	81616
4956	78413	205	1161	291	0	80070
4957	79387	197	1073	315	0	80972
4958	2136	217	79426	276	0	82055
4959	1300	218	1077	78164	0	80759
4960	465	250	78832	1169	0	80716
4961	75061	186	1146	1218	0	77611
4962	1271	196	81040	473	0	82980
4963	1203	207	79950	372	0	81732
4964	77874	150	2031	353	0	80408
4965	1228	79738	1220	380	0	82566
4966	1194	1111	362	79858	0	82525
4967	80969	1062	276	1292	0	83599
4968	1279	312	256	81558	0	83405
4969	1243	220	224	82501	0	84188
4970	81435	220	248	2168	0	84071
4971	81771	172	261	1385	0	83589
4972	2223	171	81032	564	0	83990
4973	1406	156	81175	455	0	83192
4974	493	216	2078	80639	0	83426
4975	448	181	83225	1362	0	85216
4976	389	178	1325	82097	0	83989
4977	391	166	1206	82344	0	84107
4978	396	197	367	84113	0	85073
4979	81353	176	275	2335	0	84139
4980	1242	82754	289	1546	0	85831
4981	83327	1094	208	660	0	85289
4982	82675	1094	231	542	0	84542
4983	2086	82522	229	624	0	85461
4984	81805	1045	155	545	0	83550
4985	1325	1055	80721	439	0	83540
4986	1170	825	972	78798	0	81765
4987	79966	250	945	1244	0	82405
4988	1155	242	79234	1119	0	81750
4989	77298	180	982	476	0	78936
4990	1114	81233	955	420	0	83722
4991	87129	854	359	386	0	88728
4992	87051	825	292	313	0	88481
4993	2336	88779	231	375	0	91721
4994	91141	1139	252	418	0	92950
4995	1649	1067	211	91949	0	94876
4996	1392	306	175	94049	0	95922
4997	93087	188	178	2307	0	95760
4998	88168	171	189	1464	0	89992
4999	2318	92416	197	653	0	95584
5000	1381	92355	224	491	0	94451
5001	504	2887	198	85885	0	89474
5002	332	90318	214	1162	0	92026
5003	328	91586	176	1081	0	93171
5004	85810	1852	406	404	0	88472
5005	966	87932	179	284	0	89361
5006	84120	982	204	197	0	85503
5007	958	86336	122	252	0	87668
5008	1114	913	85043	203	0	87273
5009	303	86300	750	281	0	87634
5010	83532	1258	1060	410	0	86260
5011	82468	758	233	189	0	83648
5012	1464	204	82859	128	0	84655
5013	899	126	724	80305	0	82054
5014	330	80	718	83610	0	84738
5015	225	113	83422	1371	0	85131
5016	202	114	752	81648	0	82716
5017	220	96	84171	922	0	85409
5018	233	122	82075	804	0	83234
5019	80059	98	1331	297	0	81785
5020	780	82615	816	229	0	84440
5021	82568	729	225	170	0	83692
5022	918	725	116	82375	0	84134
5023	886	269	83599	771	0	85525
5024	366	166	711	80347	0	81590
5025	237	84094	693	820	0	85844
5026	84771	724	227	710	0	86432
5027	84730	706	144	301	0	85881
5028	1454	257	109	84904	0	86724
5029	931	186	83909	767	0	85793
5030	80421	112	723	736	0	81992
5031	832	83031	696	293	0	84852
5032	83152	771	189	159	0	84271
5033	1106	778	90	81912	0	83886
5034	82272	239	128	790	0	83429
5035	1036	290	127	81794	0	83247
5036	938	240	81448	877	0	83503
5037	467	179	79749	805	0	81200
5038	76732	203	1263	479	0	78677
5039	829	81242	755	341	0	83167
5040	79843	741	566	278	0	81428
5041	79480	634	193	198	0	80505
5042	1093	80053	108	220	0	81474
5043	79963	754	93	174	0	80984
5044	911	688	82486	200	0	84285
5045	658	376	591	82830	0	84455
5046	321	265	528	83936	0	85050
5047	262	247	144	85121	0	85774
5048	270	267	84533	1173	0	86243
5049	281	240	84787	688	0	85996
5050	211	313	1191	82639	0	84354
5051	178	84462	776	672	0	86088
5052	275	86972	215	628	0	88090
5053	86955	1169	136	241	0	88501
5054	86923	693	181	223	0	88020
5055	1176	89391	220	367	0	91154
5056	756	688	151	90618	0	92213
5057	275	641	180	91442	0	92538
5058	91769	228	229	1411	0	93637
5059	841	145	206	93886	0	95078
5060	791	142	258	93508	0	94699
5061	400	186	227	94058	0	94871
5062	388	258	89379	1390	0	91415
5063	383	272	86059	870	0	87584
5064	87924	167	1249	437	0	89777
5065	850	135	804	91943	0	93732
5066	823	200	91981	877	0	93881
5067	400	266	90205	797	0	91668
5068	88154	280	1377	462	0	90273
5069	1090	254	98238	256	0	99838
5070	902	99843	951	371	0	102067
5071	332	925	885	106071	0	108213
5072	385	914	106106	1051	0	108456
5073	104997	371	1055	1028	0	107451
5074	1255	278	1004	111595	0	114132
5075	1324	228	110965	1267	0	113784
5076	421	169	1227	113510	0	115327
5077	325	195	1192	114025	0	115737
5078	113759	136	347	2439	0	116681
5079	1316	115042	368	1560	0	118286
5080	1438	1148	270	113328	0	116184
5081	115092	1210	236	1387	0	117925
5082	115826	303	218	1369	0	117716
5083	117189	151	182	485	0	118007
5084	118184	194	251	380	0	119009
5085	2666	191	230	115479	0	118566
5086	116553	129	282	1386	0	118350
5087	115190	120	303	1426	0	117039
5088	113413	120	196	533	0	114262
5089	112330	150	774	473	0	113727
5090	2479	107724	258	479	0	110940
5091	973	101872	91	197	0	103133
5092	295	2300	206	99381	0	102182
5093	145	100843	171	875	0	102034
5094	98651	933	218	970	0	100772
5095	990	1035	86	96655	0	98766
5096	96678	127	73	833	0	97711
5097	96533	70	58	990	0	97651
5098	1544	75	60	98526	0	100205
5099	925	74	77	97728	0	98804
5100	182	97906	98	1601	0	99787
5101	97726	688	59	935	0	99408
5102	801	97527	102	304	0	98734
5103	97784	755	71	234	0	98844
5104	898	785	50	97837	0	99570
5105	975	182	97069	815	0	99041
5106	96048	100	748	895	0	97791
5107	93974	75	815	273	0	95137
5108	1685	88	93414	182	0	95369
5109	1052	129	93701	153	0	95035
5110	316	136	1460	91473	0	93385
5111	98186	96	858	959	0	100099
5112	102349	81	147	974	0	103551
5113	107046	81	93	330	0	107550
5114	108239	78	91	238	0	108646
5115	2095	106346	95	272	0	108808
5116	110396	987	68	403	0	111854
5117	1301	1021	96	109434	0	111852
5118	1282	154	102	111629	0	113167
5119	374	114	72	115479	0	116039
5120	332	113	85	116321	0	116851
5121	113771	123	116	2263	0	116273
5122	1260	105	99	119165	0	120629
5123	1334	150	116894	1449	0	119827
5124	375	155	1192	120927	0	122649
5125	309	113	1249	121267	0	122938
5126	321	110	176	121694	0	122301
5127	376	91	125	120888	0	121480
5128	117032	102	144	2769	0	120047
5129	1482	117407	157	1697	0	120743
5130	1499	118870	109	499	0	120977
5131	431	2538	133	117188	0	120290
5132	117714	1411	142	1475	0	120742
5133	119602	237	141	1461	0	121441
5134	2809	141	120	119393	0	122463
5135	1738	207	117617	1528	0	121090
5136	117028	151	1356	1600	0	120135
5137	1661	165	1327	121757	0	124910
5138	1725	202	121785	1611	0	125323
5139	116723	145	1409	1632	0	119909
5140	1674	121455	1433	552	0	125114
5141	131846	1365	215	412	0	133838
5142	2220	136386	168	456	0	139230
5143	2199	2186	122	135846	0	140353
5144	605	140593	139	2478	0	143815
5145	604	2862	102	144540	0	148108
5146	138082	2308	137	2835	0	143362
5147	2372	141023	154	2818	0	146367
5148	2500	2301	140915	692	0	146408
5149	683	2559	2208	140822	0	146272
5150	543	493	143566	2598	0	147200
5151	428	346	2507	140604	0	143885
5152	460	250	2319	142989	0	146018
5153	456	217	140467	4643	0	145783
5154	127532	172	2557	2962	0	133223
5155	2620	202	140710	831	0	144363
5156	2625	205	138596	515	0	141941
5157	606	137689	4431	727	0	143453
5158	547	2329	2533	137322	0	142731
5159	463	2273	513	139064	0	142313
5160	406	503	259	140384	0	141552
5161	373	317	237	141637	0	142564
5162	485	277	136445	4954	0	142161
5163	127203	229	2388	3043	0	132863
5164	2624	237	138071	965	0	141897
5165	2478	194	2552	134632	0	139856
5166	133157	163	2352	2653	0	138325
5167	2426	134378	532	2922	0	140258
5168	2556	3592	461	130468	0	137077
5169	127101	2190	415	2546	0	132252
5170	2367	124479	316	2498	0	129660
5171	2083	123814	294	709	0	126900
5172	120703	3856	481	596	0	125636
5173	2118	123080	272	591	0	126061
5174	119055	2328	465	498	0	122346
5175	2234	120875	273	614	0	123996
5176	121215	2151	364	501	0	124231
5177	121088	1995	281	381	0	123745
5178	3802	121807	274	485	0	126368
5179	2258	2115	282	120943	0	125598
5180	737	2028	119570	2227	0	124562
5181	117640	521	2028	2176	0	122365
5182	2157	427	1921	117704	0	122209
5183	2067	115542	510	2335	0	120454
5184	575	119087	363	2285	0	122310
5185	436	3592	293	118851	0	123172
5186	117851	2091	342	2363	0	122647
5187	2209	557	118323	2240	0	123329
5188	2109	337	2037	119145	0	123628
5189	589	244	1997	121279	0	124109
5190	438	285	503	123601	0	124827
5191	371	267	359	121299	0	122296
5192	324	118031	362	4381	0	123098
5193	399	2016	307	120738	0	123460
5194	462	2044	117307	2629	0	122442
5195	439	587	117751	2353	0	121130
5196	486	518	119674	764	0	121442
5197	390	427	3955	115745	0	120517
5198	114290	439	2313	2300	0	119342
5199	2341	404	115018	2269	0	120032
5200	2259	456	116337	744	0	119796
5201	687	388	3866	113681	0	118622
5202	114977	363	2319	2350	0	120009
5203	2177	114612	720	2443	0	119952
5204	115655	2193	487	850	0	119185
5205	2550	2153	412	114024	0	119139
5206	2369	777	115438	2374	0	120958
5207	811	1327	2177	110948	0	115263
5208	584	115714	2143	2470	0	120911
5209	117307	2343	694	2251	0	122595
5210	2541	2205	117149	921	0	122816
5211	2131	115226	2202	874	0	120433
5212	112379	2352	2437	913	0	118081
5213	2611	2411	934	111476	0	117432
5214	2238	602	531	113153	0	116524
5215	113012	397	487	4219	0	118115
5216	114254	368	526	2707	0	117855
5217	119379	382	522	974	0	121257
5218	4742	658	479	112502	0	118381
5219	2764	112879	459	2644	0	118746
5220	113269	2204	467	2620	0	118560
5221	2450	114565	382	1172	0	118569
5222	110267	2365	516	745	0	113893
5223	2521	108501	496	621	0	112139
5224	2355	2278	441	105379	0	110453
5225	106542	2154	369	2334	0	111399
5226	107903	660	315	2330	0	111208
5227	109733	485	268	886	0	111372
5228	110188	396	267	756	0	111607
5229	110080	357	289	598	0	111324
5230	4494	417	106264	530	0	111705
5231	2776	432	2038	105267	0	110513
5232	1128	410	108186	2118	0	111842
5233	875	401	106814	2167	0	110257
5234	105219	472	3990	723	0	110404
5235	106969	431	2420	560	0	110380
5236	107776	467	677	459	0	109379
5237	4461	578	377	102623	0	108039
5238	102891	408	534	2183	0	106016
5239	2751	101236	381	2376	0	106744
5240	2510	102046	312	893	0	105761
5241	723	95111	214	532	0	96580
5242	86208	2756	771	404	0	90139
5243	1495	87853	338	406	0	90092
5244	84324	1232	453	243	0	86252
5245	82806	1192	173	229	0	84400
5246	2495	322	82130	214	0	85161
5247	1608	216	1107	81028	0	83959
5248	601	178	1232	84998	0	87009
5249	85364	135	283	2347	0	88129
5250	85806	139	186	1500	0	87631
5251	2596	136	159	84963	0	87854
5252	1744	153	84269	1284	0	87450
5253	656	171	85004	1408	0	87239
5254	499	167	2303	85144	0	88113
5255	492	162	1423	85680	0	87757
5256	442	196	303	87311	0	88252
5257	84587	184	158	2603	0	87532
5258	84829	199	152	1565	0	86745
5259	2643	84495	158	481	0	87777
5260	1751	1267	124	84779	0	87921
5261	646	1374	142	84486	0	86648
5262	504	85142	162	2434	0	88242
5263	498	1297	172	86319	0	88286
5264	85165	1386	171	1518	0	88240
5265	1571	313	190	85678	0	87752
5266	1683	210	195	85796	0	87884
5267	83827	174	190	2583	0	86774
5268	84156	196	178	1647	0	86177
5269	85127	161	303	513	0	86104
5270	3037	716	436	81531	0	85720
5271	1896	222	79872	1397	0	83387
5272	862	207	79157	1449	0	81675
5273	700	273	79293	466	0	80732
5274	551	76097	2371	454	0	79473
5275	73730	1396	1898	492	0	77516
5276	1506	1217	72631	333	0	75687
5277	71319	285	1163	360	0	73127
5278	1531	187	1177	70736	0	73631
5279	72218	183	342	1348	0	74091
5280	72532	165	216	1405	0	74318
5281	2311	72820	204	566	0	75901
5282	74674	1017	153	492	0	76336
5283	73851	1109	365	462	0	75787
5284	2332	73180	234	641	0	76387
5285	1624	1024	217	74357	0	77222
5286	688	1171	74425	1273	0	77557
5287	570	287	1044	74007	0	75908
5288	471	192	1156	74991	0	76810
5289	74425	200	308	2343	0	77276
5290	1449	236	219	74699	0	76603
5291	1496	76301	236	1479	0	79512
5292	618	1189	204	76423	0	78434
5293	463	1288	245	77622	0	79618
5294	571	364	75724	2470	0	79129
5295	561	75153	1132	1686	0	78532
5296	549	76682	1217	642	0	79090
5297	73801	2155	334	517	0	76807
5298	1342	77546	276	606	0	79770
5299	1532	1291	272	76455	0	79550
5300	737	1331	76822	1348	0	80238
5301	562	77310	1176	1576	0	80624
5302	77333	1171	1344	570	0	80418
5303	1456	1308	449	77182	0	80395
5304	1584	337	363	78706	0	80990
5305	643	264	77829	2459	0	81195
5306	505	243	1233	76588	0	78569
5307	511	249	1306	77392	0	79458
5308	75352	256	351	2519	0	78478
5309	72642	208	245	1634	0	74729
5310	2367	71849	215	757	0	75188
5311	68851	971	177	509	0	70508
5312	1264	67760	160	513	0	69697
5313	1211	2188	200	61204	0	64803
5314	490	64321	178	1049	0	66038
5315	411	64553	194	1121	0	66279
5316	60629	1891	621	709	0	63850
5317	58598	938	303	464	0	60303
5318	1356	57492	157	380	0	59385
5319	57770	689	250	326	0	59035
5320	57435	673	138	346	0	58592
5321	58822	186	146	359	0	59513
5322	1381	178	147	58372	0	60078
5323	58946	198	148	839	0	60131
5324	847	211	56702	840	0	58600
5325	56620	169	676	355	0	57820
5326	866	219	58162	264	0	59511
5327	830	228	724	57457	0	59239
5328	336	222	671	59311	0	60540
5329	336	244	59039	1257	0	60876
5330	56973	187	658	873	0	58691
5331	58742	186	683	317	0	59928
5332	1374	180	60238	300	0	62092
5333	857	167	675	59323	0	61022
5334	347	154	667	60430	0	61598
5335	328	142	163	61220	0	61853
5336	59577	140	158	1517	0	61392
5337	59880	137	173	854	0	61044
5338	1341	246	159	57373	0	59119
5339	742	56568	140	845	0	58295
5340	260	56086	123	684	0	57153
5341	53429	1003	113	257	0	54802
5342	627	54252	117	230	0	55226
5343	532	52730	105	194	0	53561
5344	497	875	198	48208	0	49778
5345	140	367	48321	401	0	49229
5346	104	47537	331	401	0	48373
5347	296	781	357	45838	0	47272
5348	133	46446	127	406	0	47112
5349	253	308	80	45357	0	45998
5350	45131	256	64	336	0	45787
5351	274	45755	59	303	0	46391
5352	46140	264	69	133	0	46606
5353	45116	264	48	118	0	45546
5354	511	87	44382	99	0	45079
5355	43776	67	224	103	0	44170
5356	317	131	224	44904	0	45576
5357	247	78	45020	250	0	45595
5358	75	44917	229	289	0	45510
5359	195	412	279	44127	0	45013
5360	96	211	46	44071	0	44424
5361	43791	61	29	392	0	44273
5362	255	49	25	44056	0	44385
5363	246	40	26	44230	0	44542
5364	44108	57	46	416	0	44627
5365	236	44224	38	293	0	44791
5366	43965	213	46	105	0	44329
5367	278	233	43874	74	0	44459
5368	41596	59	219	122	0	41996
5369	279	62	45333	79	0	45753
5370	242	45448	218	102	0	46010
5371	46044	233	213	77	0	46567
5372	45091	221	67	65	0	45444
5373	461	70	45125	62	0	45718
5374	302	83	45661	67	0	46113
5375	163	73	46499	80	0	46815
5376	82	47539	437	105	0	48163
5377	109	260	232	47833	0	48434
5378	118	260	49963	269	0	50610
5379	120	66	49009	251	0	49446
5380	107	75	580	49144	0	49906
5381	141	65	50374	314	0	50894
5382	49537	73	334	390	0	50334
5383	57102	62	344	105	0	57613
5384	930	73	56950	78	0	58031
5385	575	57113	531	162	0	58381
5386	156	506	524	56771	0	57957
5387	147	518	57552	513	0	58730
5388	84	57458	531	577	0	58650
5389	312	754	537	56604	0	58207
5390	55725	471	189	584	0	56969
5391	54602	73	65	499	0	55239
5392	852	55927	61	192	0	57032
5393	534	524	68	55882	0	57008
5394	118	462	73	56245	0	56898
5395	99	87	42	56347	0	56575
5396	76	54	76	56494	0	56700
5397	113	70	55422	967	0	56572
5398	139	63	451	54800	0	55453
5399	74	81	54236	538	0	54929
5400	51	52919	484	546	0	54000
5401	52177	425	461	137	0	53200
5402	407	54095	94	140	0	54736
5403	489	506	88	53510	0	54593
5404	198	440	62	53444	0	54144
5405	52646	81	45	868	0	53640
5406	424	64	39	52690	0	53217
5407	419	52137	42	526	0	53124
5408	92	424	42	53121	0	53679
5409	71	487	37	52893	0	53488
5410	52200	90	55	837	0	53182
5411	446	68	51540	506	0	52560
5412	424	51055	383	162	0	52024
5413	76	51701	401	195	0	52373
5414	96	721	88	50460	0	51365
5415	49851	404	45	408	0	50708
5416	357	49958	43	495	0	50853
5417	406	383	29	50484	0	51302
5418	95	429	50043	411	0	50978
5419	55	83	375	50089	0	50602
5420	50411	47	391	457	0	51306
5421	49336	45	97	465	0	49943
5422	755	50	38	49573	0	50416
5423	50587	41	55	469	0	51152
5424	49939	53	35	469	0	50496
5425	784	72	49985	121	0	50962
5426	48538	41	378	98	0	49055
5427	430	49435	398	146	0	50409
5428	49978	375	78	89	0	50520
5429	504	419	48946	73	0	49942
5430	434	83	397	49368	0	50282
5431	50787	47	411	448	0	51693
5432	464	59	48625	459	0	49607
5433	494	51	49172	117	0	49834
5434	124	50	845	48639	0	49658
5435	115	47	50473	462	0	51097
5436	49538	41	494	485	0	50558
5437	501	59	51685	108	0	52353
5438	493	56	491	51702	0	52742
5439	116	49	491	53005	0	53661
5440	54160	44	143	971	0	55318
5441	570	52	54811	588	0	56021
5442	596	58	57268	137	0	58059
5443	139	46	1078	59786	0	61049
5444	115	52	61230	686	0	62083
5445	59879	41	731	712	0	61363
5446	689	39	719	60353	0	61800
5447	743	49	61484	699	0	62975
5448	158	44	710	61493	0	62405
5449	124	38	735	62360	0	63257
5450	62189	44	153	1385	0	63771
5451	752	80	62285	821	0	63938
5452	60804	53	734	222	0	61813
5453	849	62	64348	169	0	65428
5454	63116	62	829	176	0	64183
5455	63944	81	781	148	0	64954
5456	64054	53	177	167	0	64451
5457	1458	62402	152	205	0	64217
5458	63542	686	113	166	0	64507
5459	63195	698	114	168	0	64175
5460	1440	104	95	62673	0	64312
5461	899	64	62678	769	0	64410
5462	61083	77	727	832	0	62719
5463	824	47	64193	230	0	65294
5464	821	89	792	62267	0	63969
5465	209	55	798	63997	0	65059
5466	63489	58	189	1424	0	65160
5467	753	64567	165	930	0	66415
5468	822	674	123	64262	0	65881
5469	258	729	125	64149	0	65261
5470	175	142	63762	1419	0	65498
5471	193	78	730	63882	0	64883
5472	183	80	751	64736	0	65750
5473	236	52	176	62978	0	63442
5474	138	62591	148	1470	0	64347
5475	61788	644	129	853	0	63414
5476	61727	673	104	288	0	62792
5477	1346	61679	122	259	0	63406
5478	59706	601	86	179	0	60572
5479	795	841	140	60728	0	62504
5480	759	107	62711	712	0	64289
5481	178	63204	707	765	0	64854
5482	209	64020	716	301	0	65246
5483	60457	915	543	126	0	62041
5484	62592	504	214	104	0	63414
5485	1126	94	71	63071	0	64362
5486	692	49	77	64105	0	64923
5487	159	42	69	64178	0	64448
5488	62455	42	61	1253	0	63811
5489	668	48	62240	704	0	63660
5490	62386	34	610	192	0	63222
5491	685	44	669	62975	0	64373
5492	705	43	128	62198	0	63074
5493	151	62492	121	1238	0	64002
5494	189	559	79	63957	0	64784
5495	170	611	92	64344	0	65217
5496	192	92	64559	1231	0	66074
5497	157	64771	614	873	0	66415
5498	65877	579	690	273	0	67419
5499	65436	612	134	211	0	66393
5500	67202	94	122	195	0	67613
5501	67232	61	125	192	0	67610
5502	1304	85	65183	150	0	66722
5503	64627	63	648	172	0	65510
5504	804	63	66211	157	0	67235
5505	763	75	651	64294	0	65783
5506	231	66221	673	711	0	67836
5507	229	597	133	67015	0	67974
5508	219	612	127	67460	0	68418
5509	216	139	67127	1263	0	68745
5510	64551	77	657	819	0	66104
5511	66584	81	684	254	0	67603
5512	1223	66005	216	357	0	67801
5513	788	624	66721	240	0	68373
5514	247	660	647	66675	0	68229
5515	268	149	67881	718	0	69016
5516	271	140	66605	748	0	67764
5517	251	171	1218	66116	0	67756
5518	257	110	67065	769	0	68201
5519	253	124	684	66466	0	67527
5520	331	92	68244	782	0	69449
5521	248	115	688	68007	0	69058
5522	68110	94	705	853	0	69762
5523	68020	89	176	853	0	69138
5524	68140	102	146	352	0	68740
5525	67692	98	167	304	0	68261
5526	1307	67592	162	370	0	69431
5527	834	630	128	67440	0	69032
5528	305	633	156	68151	0	69245
5529	293	189	67252	1322	0	69056
5530	272	211	657	66459	0	67599
5531	237	152	66612	874	0	67875
5532	247	149	64459	795	0	65650
5533	62712	145	1182	334	0	64373
5534	662	66469	713	366	0	68210
5535	66974	583	260	270	0	68087
5536	66825	644	221	268	0	67958
5537	1280	67636	176	329	0	69421
5538	67955	571	235	307	0	69068
5539	994	644	67558	236	0	69432
5540	690	66966	589	288	0	68533
5541	65981	570	816	281	0	67648
5542	676	603	64308	200	0	65787
5543	60701	177	545	186	0	61609
5544	494	62480	513	222	0	63709
5545	62795	385	181	199	0	63560
5546	62170	417	121	169	0	62877
5547	817	61756	145	209	0	62927
5548	487	61637	119	185	0	62428
5549	169	63094	164	182	0	63609
5550	205	786	186	62611	0	63788
5551	135	410	167	62888	0	63600
5552	63004	80	150	789	0	64023
5553	61714	64	141	535	0	62454
5554	803	77	62093	191	0	63164
5555	521	93	61435	145	0	62194
5556	217	73	63042	143	0	63475
5557	160	75	822	62402	0	63459
5558	218	65	64277	470	0	65030
5559	183	88	438	63671	0	64380
5560	64177	58	466	544	0	65245
5561	556	88	64791	487	0	65922
5562	64288	70	458	186	0	65002
5563	64934	76	470	171	0	65651
5564	882	83	65961	164	0	67090
5565	497	66900	504	249	0	68150
5566	134	438	509	68055	0	69136
5567	173	475	67863	530	0	69041
5568	158	85	533	68262	0	69038
5569	165	78	569	71974	0	72786
5570	70752	84	166	1005	0	72007
5571	614	121	150	71298	0	72183
5572	710	101	71125	605	0	72541
5573	187	99	579	71671	0	72536
5574	72039	88	659	609	0	73395
5575	615	72759	170	754	0	74298
5576	73390	568	289	189	0	74436
5577	814	1066	405	72040	0	74325
5578	975	128	72791	568	0	74462
5579	497	108	70956	600	0	72161
5580	497	182	70051	140	0	70870
5581	133	67748	1054	127	0	69062
5582	65111	926	1122	267	0	67426
5583	509	64124	138	188	0	64959
5584	61222	367	136	47	0	61772
5585	371	61346	48	110	0	61875
5586	433	382	58	61211	0	62084
5587	72	375	56	61775	0	62278
5588	57	51	52	62140	0	62300
5589	38	62015	61	770	0	62884
5590	61	372	42	64491	0	64966
5591	73	407	44	69955	0	70479
5592	73276	61	39	993	0	74369
5593	743	38	38	76973	0	77792
5594	745	72	80387	821	0	82025
5595	79472	39	868	832	0	81211
5596	81659	48	911	116	0	82734
5597	1743	82579	125	204	0	84651
5598	83649	918	58	107	0	84732
5599	84794	989	57	131	0	85971
5600	1997	104	41	84342	0	86484
5601	1153	63	60	86195	0	87471
5602	182	54	54	88706	0	88996
5603	87748	39	73	2127	0	89987
5604	88342	51	80	1216	0	89689
5605	2198	78	87984	159	0	90419
5606	87915	59	1030	138	0	89142
5607	88372	54	1119	149	0	89694
5608	89305	66	133	128	0	89632
5609	2280	66	86667	147	0	89160
5610	1315	79	87048	130	0	88572
5611	243	42	2110	86788	0	89183
5612	251	89	89451	1143	0	90934
5613	197	56	1162	87866	0	89281
5614	276	107	1184	81590	0	83157
5615	218	88285	186	2106	0	90795
5616	88526	1051	182	1177	0	90936
5617	1294	1139	89426	212	0	92071
5618	90436	131	1148	226	0	91941
5619	1365	119	1231	91120	0	93835
5620	90516	92	196	1216	0	92020
5621	1351	89376	179	1445	0	92351
5622	1413	91940	155	548	0	94056
5623	373	2290	116	91730	0	94509
5624	305	1306	126	93146	0	94883
5625	345	209	92067	2534	0	95155
5626	332	115	1249	92474	0	94170
5627	89854	86	1341	1436	0	92717
5628	1381	90214	263	1610	0	93468
5629	1587	1192	90234	320	0	93333
5630	447	1379	1266	89670	0	92762
5631	465	180	91890	1326	0	93861
5632	339	196	1396	90686	0	92617
5633	336	132	92345	1451	0	94264
5634	310	129	89572	1469	0	91480
5635	352	310	2476	88201	0	91339
5636	89118	155	1554	1448	0	92275
5637	88663	165	297	1415	0	90540
5638	88490	166	239	352	0	89247
5639	2581	86842	233	390	0	90046
5640	88324	1190	227	328	0	90069
5641	87276	1266	250	310	0	89102
5642	2616	224	85539	321	0	88700
5643	1518	84791	1240	421	0	87970
5644	565	1406	1395	83437	0	86803
5645	83329	1283	327	1345	0	86284
5646	1339	83577	241	1542	0	86699
5647	85728	1199	228	465	0	87620
5648	85342	1305	250	358	0	87255
5649	85661	215	213	371	0	86460
5650	85156	201	251	322	0	85930
5651	2599	213	228	82445	0	85485
5652	83731	176	251	1407	0	85565
5653	1472	237	253	82437	0	84399
5654	1422	80902	300	1604	0	84228
5655	441	1117	289	82304	0	84151
5656	81007	1176	300	1427	0	83910
5657	1425	206	80792	1457	0	83880
5658	1566	149	1244	80410	0	83369
5659	80115	125	1339	1345	0	82924
5660	1490	79597	330	1501	0	82918
5661	80318	1156	279	359	0	82112
5662	80201	1246	279	331	0	82057
5663	2529	79654	254	388	0	82825
5664	79768	1168	304	292	0	81532
5665	1521	1242	76629	323	0	79715
5666	1528	249	75744	322	0	77843
5667	73782	274	2287	332	0	76675
5668	1462	284	75313	368	0	77427
5669	1435	403	1143	68528	0	71509
5670	575	71458	1114	1033	0	74180
5671	71335	1037	315	1091	0	73778
5672	1397	71238	234	381	0	73250
5673	1423	71202	254	357	0	73236
5674	655	1979	296	71525	0	74455
5675	513	1084	248	71790	0	73635
5676	421	250	202	72197	0	73070
5677	406	206	198	72003	0	72813
5678	407	209	69607	2080	0	72303
5679	358	203	1013	69134	0	70708
5680	425	165	1058	69287	0	70935
5681	67809	190	267	1983	0	70249
5682	1204	222	223	68618	0	70267
5683	1298	210	66798	1144	0	69450
5684	64955	192	957	1161	0	67265
5685	1282	252	1028	66281	0	68843
5686	1299	246	67300	1048	0	69893
5687	497	735	1036	65585	0	67853
5688	418	67195	1090	1065	0	69768
5689	66579	925	383	1111	0	68998
5690	1257	973	64699	296	0	67225
5691	932	58305	808	264	0	60309
5692	53965	723	1113	216	0	56017
5693	600	50770	242	201	0	51813
5694	467	46786	144	148	0	47545
5695	45185	710	627	112	0	46634
5696	419	44254	195	152	0	45020
5697	369	43196	115	122	0	43802
5698	584	891	372	41339	0	43186
5699	190	275	41120	307	0	41892
5700	118	41396	258	327	0	42099
5701	218	520	290	39421	0	40449
5702	102	39396	76	279	0	39853
5703	38389	191	87	226	0	38893
5704	236	198	37885	97	0	38416
5705	250	153	172	37560	0	38135
5706	38654	45	200	259	0	39158
5707	227	69	50	39043	0	39389
5708	202	64	39063	237	0	39566
5709	37269	43	179	231	0	37722
5710	39057	51	192	100	0	39400
5711	349	40150	67	91	0	40657
5712	243	186	56	39857	0	40342
5713	69	189	51	40542	0	40851
5714	40800	50	64	348	0	41262
5715	40056	49	53	219	0	40377
5716	381	76	40996	68	0	41521
5717	228	40207	188	76	0	40699
5718	40239	166	192	50	0	40647
5719	202	220	57	39771	0	40250
5720	167	55	40561	169	0	40952
5721	88	87	39062	148	0	39385
5722	191	560	298	37627	0	38676
5723	38161	34	200	135	0	38530
5724	103	37847	27	140	0	38117
5725	40036	101	17	132	0	40286
5726	119	93	13	40400	0	40625
5727	88	27	8	40840	0	40963
5728	31	25	12	41202	0	41270
5729	40655	13	16	212	0	40896
5730	97	41556	24	143	0	41820
5731	98	109	8	42029	0	42244
5732	27	86	17	41810	0	41940
5733	22	32	41551	175	0	41780
5734	24	28	104	40554	0	40710
5735	30	29	42011	127	0	42197
5736	21	40685	121	124	0	40951
5737	32	137	95	41020	0	41284
5738	40205	57	17	116	0	40395
5739	105	33	40402	71	0	40611
5740	69	16	100	40308	0	40493
5741	34	10	40677	107	0	40828
5742	37842	15	102	98	0	38057
5743	124	47	41373	18	0	41562
5744	72	49	109	40015	0	40245
5745	40878	13	62	123	0	41076
5746	114	37961	24	113	0	38212
5747	39623	95	11	32	0	39761
5748	126	38945	18	53	0	39142
5749	87	118	14	40785	0	41004
5750	42	78	41192	112	0	41424
5751	37	52	41109	77	0	41275
5752	20	18	150	41569	0	41757
5753	42893	9	87	142	0	43131
5754	42163	16	17	91	0	42287
5755	172	3	12	42605	0	42792
5756	84	17	10	43550	0	43661
5757	42474	15	16	185	0	42690
5758	119	42531	18	140	0	42808
5759	77	44747	21	96	0	44941
5760	45323	175	13	57	0	45568
5761	146	119	45334	47	0	45646
5762	120	26	132	44684	0	44962
5763	50	25	46391	149	0	46615
5764	22	18	132	45616	0	45788
5765	54	19	47430	152	0	47655
5766	43	48	46915	110	0	47116
5767	26	18	220	47235	0	47499
5768	19	46764	121	184	0	47088
5769	48481	135	32	110	0	48758
5770	139	48476	25	74	0	48714
5771	114	146	21	49207	0	49488
5772	49471	105	21	181	0	49778
5773	176	29	20	50367	0	50592
5774	50904	25	27	243	0	51199
5775	50885	14	32	128	0	51059
5776	51368	21	20	63	0	51472
5777	260	50107	30	91	0	50488
5778	52081	153	24	54	0	52312
5779	179	218	24	52210	0	52631
5780	54128	28	26	270	0	54452
5781	195	21	32	54960	0	55208
5782	55325	19	36	262	0	55642
5783	55827	16	40	184	0	56067
5784	344	55490	36	147	0	56017
5785	179	231	26	59411	0	59847
5786	68	191	20	59400	0	59679
5787	44	61779	38	519	0	62380
5788	63	379	29	63384	0	63855
5789	62945	311	58	513	0	63827
5790	65401	50	39	460	0	65950
5791	65657	29	38	124	0	65848
5792	784	53	67981	87	0	68905
5793	69249	20	431	147	0	69847
5794	72411	33	361	98	0	72903
5795	73389	22	73	124	0	73608
5796	858	72963	44	132	0	73997
5797	471	483	31	74304	0	75289
5798	98	414	24	75495	0	76031
5799	90	60	38	75482	0	75670
5800	93	59	73387	931	0	74470
5801	71	44	474	74109	0	74698
5802	74808	30	443	653	0	75934
5803	538	42	87	76022	0	76689
5804	491	30	53	77646	0	78220
5805	160	57	76862	999	0	78078
5806	98	76192	544	629	0	77463
5807	79011	546	480	225	0	80262
5808	630	478	77	78924	0	80109
5809	79485	75	67	703	0	80330
5810	682	111	78283	547	0	79623
5811	74682	48	589	230	0	75549
5812	633	80154	480	249	0	81516
5813	552	572	79653	128	0	80905
5814	175	471	80344	112	0	81102
5815	172	317	1003	77447	0	78939
5816	150	76	83159	612	0	83997
5817	101	82279	600	622	0	83602
5818	141	559	446	82856	0	84002
5819	103	455	100	83779	0	84437
5820	94	95	64	84035	0	84288
5821	82347	51	70	1019	0	83487
5822	541	83284	70	702	0	84597
5823	524	506	61	85198	0	86289
5824	154	457	59	86237	0	86907
5825	84817	82	65	1030	0	85994
5826	556	85367	69	698	0	86690
5827	87101	523	72	311	0	88007
5828	86926	473	81	174	0	87654
5829	86384	107	65	196	0	86752
5830	1105	94	85541	140	0	86880
5831	597	129	522	83370	0	84618
5832	193	85510	490	676	0	86869
5833	157	87427	135	627	0	88346
5834	222	1007	62	85366	0	86657
5835	155	87935	106	640	0	88836
5836	90092	593	84	685	0	91454
5837	651	531	89159	206	0	90547
5838	87642	128	543	259	0	88572
5839	91170	97	483	249	0	91999
5840	1050	140	120	91353	0	92663
5841	92268	99	94	679	0	93140
5842	709	95085	104	694	0	96592
5843	97431	573	84	364	0	98452
5844	97518	519	112	230	0	98379
5845	102842	174	122	274	0	103412
5846	1494	151	102728	218	0	104591
5847	942	260	102842	209	0	104253
5848	377	218	1366	103299	0	105260
5849	279	104140	821	951	0	106191
5850	297	106134	214	948	0	107593
5851	275	1504	135	104858	0	106772
5852	105430	872	124	1042	0	107468
5853	893	226	134	105937	0	107190
5854	848	188	136	106838	0	108010
5855	105719	127	160	1689	0	107695
5856	909	105724	180	1270	0	108083
5857	937	828	105144	406	0	107315
5858	383	819	102995	323	0	104520
5859	105944	285	1497	350	0	108076
5860	979	294	926	104415	0	106614
5861	918	205	107041	956	0	109120
5862	349	167	863	104980	0	106359
5863	275	158	793	106446	0	107672
5864	305	149	247	108049	0	108750
5865	243	169	176	106335	0	106923
5866	247	104603	190	1775	0	106815
5867	236	863	170	106073	0	107342
5868	104790	779	193	1106	0	106868
5869	900	104119	260	1305	0	106584
5870	107163	853	230	522	0	108768
5871	107870	786	204	447	0	109307
5872	108691	269	192	366	0	109518
5873	1690	248	105366	301	0	107605
5874	105900	201	880	392	0	107373
5875	108384	177	824	343	0	109728
5876	109022	152	220	333	0	109727
5877	108955	153	166	319	0	109593
5878	1728	107306	179	422	0	109635
5879	108260	882	128	308	0	109578
5880	1180	853	107105	268	0	109406
5881	971	284	787	105667	0	107709
5882	434	183	732	108370	0	109719
5883	109374	144	214	1571	0	111303
5884	1071	108496	155	1152	0	110874
5885	107057	751	136	352	0	108296
5886	926	107913	126	368	0	109333
5887	106612	683	118	283	0	107696
5888	105774	602	108	163	0	106647
5889	1253	111803	124	303	0	113483
5890	112908	756	230	155	0	114049
5891	115774	736	206	151	0	116867
5892	1659	110485	123	264	0	112531
5893	933	113562	128	216	0	114839
5894	119398	1558	429	198	0	121583
5895	1439	980	140	121879	0	124438
5896	124865	199	109	1343	0	126516
5897	127817	144	55	1202	0	129218
5898	131028	117	60	291	0	131496
5899	131386	92	68	217	0	131763
5900	2647	127871	110	342	0	130970
5901	1426	131070	109	398	0	133003
5902	131641	2326	132	173	0	134272
5903	1586	1427	131428	112	0	134553
5904	1399	461	1347	128739	0	131946
5905	366	177	1300	132356	0	134199
5906	129958	113	207	2501	0	132779
5907	1375	129789	129	1652	0	132945
5908	1382	1314	98	130351	0	133145
5909	323	1279	93	133078	0	134773
5910	131728	225	73	2740	0	134766
5911	1549	178	87	133700	0	135514
5912	133659	119	88	1745	0	135611
5913	133808	163	105	1483	0	135559
5914	135061	146	89	432	0	135728
5915	3046	142	93	133096	0	136377
5916	1762	154	94	133563	0	135573
5917	576	189	140601	2883	0	144249
5918	463	179	138468	1687	0	140797
5919	139224	127	3548	433	0	143332
5920	2088	112	1951	144250	0	148401
5921	2102	160	152297	2077	0	156636
5922	608	176	153195	2028	0	156007
5923	420	168	4323	152596	0	157507
5924	588	219	155378	2418	0	158603
5925	392	198	2540	153515	0	156645
5926	420	156	2308	154900	0	157784
5927	451	200	154827	4518	0	159996
5928	394	132	2368	156080	0	158974
5929	386	160	2281	156521	0	159348
5930	430	124	439	160383	0	161376
5931	482	241	155789	4925	0	161437
5932	471	200	2351	159603	0	162625
5933	158435	160	2306	2949	0	163850
5934	2653	158670	496	2891	0	164710
5935	162686	2424	331	693	0	166134
5936	3096	2471	159172	483	0	165222
5937	161698	421	2543	443	0	165105
5938	163255	255	2524	477	0	166511
5939	164568	250	545	468	0	165831
5940	5382	292	385	159368	0	165427
5941	3210	287	313	162122	0	165932
5942	954	256	153903	5169	0	160282
5943	147169	181	2608	3121	0	153079
5944	2901	150889	2649	992	0	157431
5945	2600	145961	555	729	0	149845
5946	720	149534	411	703	0	151368
5947	1194	4779	632	142220	0	148825
5948	141435	2463	445	2610	0	146953
5949	141942	413	382	2602	0	145339
5950	4779	330	140016	755	0	145880
5951	2850	247	2442	139084	0	144623
5952	793	257	2386	141289	0	144725
5953	679	301	138863	4806	0	144649
5954	633	324	137411	2895	0	141263
5955	135132	262	4592	880	0	140866
5956	2607	137068	2641	942	0	143258
5957	139464	2351	634	748	0	143197
5958	139249	2334	475	665	0	142723
5959	4829	456	408	136347	0	142040
5960	2977	243	364	139104	0	142688
5961	135756	243	376	4808	0	141183
5962	2884	225	383	137267	0	140759
5963	2843	218	448	137196	0	140705
5964	135320	198	481	4988	0	140987
5965	2873	209	428	137264	0	140774
5966	137702	214	487	3037	0	141440
5967	137560	222	498	2890	0	141170
5968	4899	290	134926	1000	0	141115
5969	136948	251	2606	860	0	140665
5970	135908	240	2628	789	0	139565
5971	135947	199	725	851	0	137722
5972	5106	249	126491	851	0	132697
5973	130689	184	2418	882	0	134173
5974	2850	128852	2479	1078	0	135259
5975	132352	2177	719	973	0	136221
5976	132309	2174	616	919	0	136018
5977	4914	357	541	130311	0	136123
5978	3033	220	534	131016	0	134803
5979	1016	130702	534	5062	0	137314
5980	959	2305	458	132649	0	136371
5981	943	2282	508	133932	0	137665
5982	131263	433	498	5051	0	137245
5983	3070	295	470	132112	0	135947
5984	3083	262	424	132056	0	135825
5985	1186	342	482	131905	0	133915
5986	927	126270	540	5390	0	133127
5987	124214	2337	499	3172	0	130222
5988	2986	126126	552	1271	0	130935
5989	118774	2306	651	904	0	122635
5990	3172	2169	114137	808	0	120286
5991	110318	462	2271	803	0	113854
5992	2861	325	111705	782	0	115673
5993	2596	106786	2438	885	0	112705
5994	99903	2204	3353	883	0	106343
5995	98071	1918	878	651	0	101518
5996	3600	94248	397	671	0	98916
5997	2250	93380	386	717	0	96733
5998	90390	2890	623	652	0	94555
5999	91287	1667	332	502	0	93788
6000	3358	358	254	89502	0	93472
6001	2095	315	223	91109	0	93742
6002	851	329	88756	3169	0	93105
6003	85897	274	1537	1943	0	89651
6004	2049	254	1562	85833	0	89698
6005	1966	87204	407	1856	0	91433
6006	769	1534	214	88376	0	90893
6007	728	1568	179	87915	0	90390
6008	644	401	85503	3147	0	89695
6009	719	703	1421	85897	0	88740
6010	83742	322	1528	1915	0	87507
6011	1766	82522	355	1884	0	86527
6012	1758	82629	215	679	0	85281
6013	81809	2642	454	453	0	85358
6014	82063	1591	359	451	0	84464
6015	82777	400	315	434	0	83926
6016	3120	79227	265	442	0	83054
6017	1314	72857	172	332	0	74675
6018	75397	1840	477	261	0	77975
6019	76508	1191	403	313	0	78415
6020	2371	73962	160	351	0	76844
6021	894	66176	115	204	0	67389
6022	64486	1469	367	156	0	66478
6023	1061	844	116	63488	0	65509
6024	64424	120	59	856	0	65459
6025	966	194	47	63541	0	64748
6026	837	64482	48	890	0	66257
6027	212	64880	66	849	0	66007
6028	65670	1619	257	209	0	67755
6029	67198	898	190	194	0	68480
6030	68338	181	76	135	0	68730
6031	1802	67084	64	165	0	69115
6032	1002	882	63839	83	0	65806
6033	162	64566	773	125	0	65626
6034	62028	1147	1056	134	0	64365
6035	60800	766	128	115	0	61809
6036	1481	123	59257	72	0	60933
6037	728	58275	743	116	0	59862
6038	234	824	794	57833	0	59685
6039	144	703	91	56267	0	57205
6040	114	56204	52	1352	0	57722
6041	128	777	56850	660	0	58415
6042	57015	691	716	117	0	58539
6043	830	134	619	58182	0	59765
6044	58828	90	66	786	0	59770
6045	58588	96	56	703	0	59443
6046	1417	99	51	59387	0	60954
6047	844	82	35	62037	0	62998
6048	197	114	50	64022	0	64383
6049	168	124	33	64848	0	65173
6050	63235	106	44	1783	0	65168
6051	64199	100	61	950	0	65310
6052	1834	108	64293	210	0	66445
6053	1001	89	888	64571	0	66549
6054	228	119	825	65735	0	66907
6055	185	123	105	66723	0	67136
6056	225	122	64430	1857	0	66634
6057	181	115	925	64639	0	65860
6058	63675	91	845	1072	0	65683
6059	1069	99	111	64483	0	65762
6060	978	133	63922	1103	0	66136
6061	245	132	947	64740	0	66064
6062	206	146	65294	1149	0	66795
6063	65210	120	1002	1030	0	67362
6064	1083	120	875	66017	0	68095
6065	66854	105	166	1051	0	68176
6066	66301	98	109	991	0	67499
6067	1888	115	86	65869	0	67958
6068	67524	104	82	1188	0	68898
6069	1199	142	95	66447	0	67883
6070	1058	69121	101	1165	0	71445
6071	71271	1022	96	998	0	73387
6072	72113	941	77	276	0	73407
6073	73799	164	81	240	0	74284
6074	2170	118	78	72289	0	74655
6075	1185	136	75	72941	0	74337
6076	328	142	74	73961	0	74505
6077	274	162	70662	2170	0	73268
6078	250	69766	1066	1278	0	72360
6079	358	1077	930	68752	0	71117
6080	311	925	68150	1155	0	70541
6081	66776	187	1112	1095	0	69170
6082	1197	120	966	67741	0	70024
6083	1080	126	67309	1204	0	69719
6084	67326	113	1030	1171	0	69640
6085	1142	95	937	68848	0	71022
6086	1061	88	160	69837	0	71146
6087	324	71	125	70939	0	71459
6088	69581	79	107	2112	0	71879
6089	70390	78	116	1204	0	71788
6090	70315	70	131	408	0	70924
6091	1971	67606	158	326	0	70061
6092	1088	68557	127	331	0	70103
6093	68567	1666	120	285	0	70638
6094	1229	892	68226	282	0	70629
6095	1081	313	943	66840	0	69177
6096	402	186	930	67956	0	69474
6097	66847	73	156	1841	0	68917
6098	65855	82	129	1135	0	67201
6099	1778	65881	144	406	0	68209
6100	1096	897	106	66129	0	68228
6101	400	828	65532	1106	0	67866
6102	349	137	65843	1066	0	67395
6103	289	88	1658	66019	0	68054
6104	241	65	924	67566	0	68796
6105	65882	79	209	2028	0	68198
6106	1096	84	153	67344	0	68677
6107	68618	84	160	1329	0	70191
6108	68490	80	159	1121	0	69850
6109	1889	74	68228	412	0	70603
6110	68229	58	961	402	0	69650
6111	68679	56	878	401	0	70014
6112	69138	56	225	372	0	69791
6113	1874	67621	186	404	0	70085
6114	1065	68007	158	446	0	69676
6115	414	2108	158	66744	0	69424
6116	365	827	66637	1155	0	68984
6117	303	64355	851	1054	0	66563
6118	539	1113	817	59289	0	61758
6119	318	593	222	57581	0	58714
6120	238	57951	119	1199	0	59507
6121	58240	577	110	724	0	59651
6122	58549	563	112	293	0	59517
6123	1268	115	59072	242	0	60697
6124	58259	68	628	298	0	59253
6125	817	81	58196	254	0	59348
6126	54451	73	656	238	0	55418
6127	761	97	56175	217	0	57250
6128	627	54112	589	217	0	55545
6129	600	517	775	51630	0	53522
6130	318	401	221	52320	0	53260
6131	52088	83	106	904	0	53181
6132	52350	57	94	556	0	53057
6133	52095	57	79	242	0	52473
6134	880	73	52613	191	0	53757
6135	546	68	424	52619	0	53657
6136	227	64	417	53796	0	54504
6137	53410	43	134	865	0	54452
6138	535	53668	109	553	0	54865
6139	55710	394	82	342	0	56528
6140	566	417	70	56218	0	57271
6141	566	106	74	57227	0	57973
6142	236	81	69	57757	0	58143
6143	194	81	77	58068	0	58420
6144	171	202	72	57836	0	58281
6145	171	56240	86	953	0	57450
6146	156	54989	71	496	0	55712
6147	115	53625	64	147	0	53951
6148	135	716	80	52697	0	53628
6149	140	242	51952	257	0	52591
6150	47708	108	303	264	0	48383
6151	283	52744	258	130	0	53415
6152	345	212	86	52264	0	52907
6153	97	200	67	52772	0	53136
6154	53518	38	52	460	0	54068
6155	53077	30	54	278	0	53439
6156	53592	37	53	133	0	53815
6157	482	44	22	56213	0	56761
6158	314	32	57019	299	0	57664
6159	146	47	58650	268	0	59111
6160	91	46	473	58849	0	59459
6161	101	42	59452	313	0	59908
6162	56382	43	306	311	0	57042
6163	312	65	266	57970	0	58613
6164	325	55	58300	315	0	58995
6165	112	62	259	57389	0	57822
6166	132	57	60440	327	0	60956
6167	139	65	62585	290	0	63079
6168	173	379	538	64435	0	65525
6169	108	59	68262	423	0	68852
6170	99	68	66001	315	0	66483
6171	47	60794	728	131	0	61700
6172	355	654	502	65506	0	67017
6173	67161	340	91	555	0	68147
6174	397	55	28	67678	0	68158
6175	383	28	19	69295	0	69725
6176	96	43	68395	770	0	69304
6177	60743	23	425	545	0	61736
6178	416	13	362	69950	0	70741
6179	379	18	63	71315	0	71775
6180	69388	17	39	819	0	70263
6181	412	16	35	71134	0	71597
6182	71437	20	38	542	0	72037
6183	71670	21	28	431	0	72150
6184	71483	19	41	130	0	71673
6185	773	69402	40	147	0	70362
6186	71035	374	34	97	0	71540
6187	444	70829	37	118	0	71428
6188	405	454	21	70805	0	71685
6189	71747	362	46	455	0	72610
6190	424	71575	39	508	0	72546
6191	72394	408	40	104	0	72946
6192	461	72051	48	139	0	72699
6193	70931	459	38	83	0	71511
6194	459	70975	50	127	0	71611
6195	420	72790	49	134	0	73393
6196	104	75695	42	156	0	75997
6197	75	851	28	72930	0	73884
6198	64	76204	48	501	0	76817
6199	64	565	25	75507	0	76161
6200	70	489	30	76131	0	76720
6201	55	79	30	76670	0	76834
6202	66	60	30	76813	0	76969
6203	74587	40	42	971	0	75640
6204	75932	48	34	545	0	76559
6205	955	61	75018	138	0	76172
6206	77616	38	464	211	0	78329
6207	80481	35	457	127	0	81100
6208	83008	47	73	125	0	83253
6209	1186	67	81319	84	0	82656
6210	726	75	81897	73	0	82771
6211	80426	50	1236	116	0	81828
6212	844	91	86123	90	0	87148
6213	755	88667	773	164	0	90359
6214	243	802	739	90457	0	92241
6215	93271	795	128	935	0	95129
6216	94250	98	80	900	0	95328
6217	95058	69	85	229	0	95441
6218	1722	67	81	93938	0	95808
6219	973	79	71	96219	0	97342
6220	238	93	97002	1711	0	99044
6221	166	73	847	97724	0	98810
6222	154	65	847	99590	0	100656
6223	98027	51	139	1808	0	100025
6224	956	98600	99	1129	0	100784
6225	100454	892	78	257	0	101681
6226	1053	908	89	99986	0	102036
6227	100284	131	85	1019	0	101519
6228	99501	90	86	1021	0	100698
6229	97252	93	89	227	0	97661
6230	1841	97333	94	277	0	99545
6231	1059	99294	96	244	0	100693
6232	241	1756	115	99256	0	101368
6233	99896	966	110	1024	0	101996
6234	1013	146	86	99212	0	100457
6235	1005	111	90	100050	0	101256
6236	296	160	99416	1856	0	101728
6237	197	111	898	99651	0	100857
6238	201	108	904	100159	0	101372
6239	196	91	159	100308	0	100754
6240	247	133	98249	1927	0	100556
6241	268	104	96780	1175	0	98327
6242	202	97107	1736	434	0	99479
6243	97483	900	1014	236	0	99633
6244	1030	916	180	98036	0	100162
6245	1092	164	99034	1045	0	101335
6246	313	106	931	98594	0	99944
6247	305	97	926	103332	0	104660
6248	102309	98	163	1908	0	104478
6249	102484	102	139	1141	0	103866
6250	1868	102247	164	405	0	104684
6251	102757	915	161	253	0	104086
6252	102053	910	147	233	0	103343
6253	1925	217	163	101161	0	103466
6254	1202	218	101204	1013	0	103637
6255	295	101621	906	1161	0	103983
6256	101491	996	994	334	0	103815
6257	102377	945	189	268	0	103779
6258	1869	103326	118	357	0	105670
6259	1219	931	94	104766	0	107010
6260	108462	922	124	1254	0	110762
6261	109445	176	130	1231	0	110982
6262	2127	118	120	109826	0	112191
6263	113145	98	136	1311	0	114690
6264	116637	126	122	1304	0	118189
6265	118786	148	201	376	0	119511
6266	2701	183	118890	315	0	122089
6267	1467	117391	1206	412	0	120476
6268	440	118277	1200	409	0	120326
6269	114052	2237	463	319	0	117071
6270	1316	115604	194	350	0	117464
6271	1451	1220	114884	250	0	117805
6272	525	1225	1114	114324	0	117188
6273	114966	191	1150	1273	0	117580
6274	1308	154	148	115477	0	117087
6275	116841	140	107	1392	0	118480
6276	116438	163	151	1324	0	118076
6277	117078	137	142	365	0	117722
6278	2331	115209	163	394	0	118097
6279	1366	120142	165	376	0	122049
6280	120308	2123	157	373	0	122961
6281	120180	1218	141	296	0	121835
6282	120740	211	128	305	0	121384
6283	2446	182	122	118300	0	121050
6284	118669	168	137	1323	0	120297
6285	1356	116413	155	1521	0	119445
6286	1383	119957	155	565	0	122060
6287	427	2163	134	119134	0	121858
6288	431	1255	117927	1343	0	120956
6289	457	228	116781	1297	0	118763
6290	461	187	2118	116837	0	119603
6291	486	224	119159	1284	0	121153
6292	410	219	1158	118633	0	120420
6293	119436	223	1162	1360	0	122181
6294	1451	198	212	119704	0	121565
6295	118696	177	183	1337	0	120393
6296	1382	116052	195	1374	0	119003
6297	1538	1244	117481	334	0	120597
6298	507	1224	1134	115439	0	118304
6299	438	290	1148	119847	0	121723
6300	487	256	119853	2313	0	122909
6301	484	215	1121	116948	0	118768
6302	420	121011	1192	1352	0	123975
6303	497	1215	210	122824	0	124746
6304	501	1223	168	123698	0	125590
6305	523	234	156	127358	0	128271
6306	542	213	125628	2510	0	128893
6307	508	214	120212	1419	0	122353
6308	110341	169	2359	453	0	113322
6309	1562	226	118129	268	0	120185
6310	1284	117121	1208	390	0	120003
6311	117151	1084	1298	259	0	119792
6312	1269	118447	277	370	0	120363
6313	115101	1088	592	301	0	117082
6314	113895	983	433	349	0	115660
6315	112990	198	165	247	0	113600
6316	113337	180	131	260	0	113908
6317	1900	110384	145	348	0	112777
6318	1075	111370	147	333	0	112925
6319	111355	1722	197	244	0	113518
6320	1200	995	109020	208	0	111423
6321	1073	291	973	107284	0	109621
6322	353	157	921	110269	0	111700
6323	321	185	109817	1751	0	112074
6324	101521	188	977	1043	0	103729
6325	110579	157	898	258	0	111892
6326	109931	176	191	269	0	110567
6327	1893	108064	209	338	0	110504
6328	112521	995	222	375	0	114113
6329	1220	959	203	109279	0	111661
6330	1092	116117	206	1077	0	118492
6331	118813	1134	225	1051	0	121223
6332	120005	1072	190	314	0	121581
6333	126497	279	191	336	0	127303
6334	2478	230	193	124214	0	127115
6335	1507	209	180	125236	0	127132
6336	453	122479	209	2584	0	125725
6337	529	1315	123815	1386	0	127045
6338	504	1259	1246	124003	0	127012
6339	476	290	1204	125499	0	127469
6340	461	265	238	129536	0	130500
6341	437	263	126975	2558	0	130233
6342	122149	208	1338	1539	0	125234
6343	1547	197	1280	129424	0	132448
6344	1541	272	130184	1526	0	133523
6345	510	209	1402	129348	0	131469
6346	131096	175	1398	1600	0	134269
6347	1636	131456	315	1657	0	135064
6348	1576	1524	233	134996	0	138329
6349	497	1471	135195	1652	0	138815
6350	126485	283	1572	1681	0	130021
6351	133812	225	1527	468	0	136032
6352	2984	256	134414	425	0	138079
6353	1828	664	1554	124740	0	128786
6354	484	132860	1549	1598	0	136491
6355	134308	1503	419	1553	0	137783
6356	1817	1507	132391	436	0	136151
6357	128495	407	1799	541	0	131242
6358	2174	294	130451	364	0	133283
6359	2249	260	124451	329	0	127289
6360	118827	293	2845	369	0	122334
6361	1515	123226	1515	645	0	126901
6362	1971	1357	121629	377	0	125334
6363	507	120854	1497	557	0	123415
6364	1053	1358	117244	373	0	120028
6365	285	117938	1307	411	0	119941
6366	112348	1353	1640	522	0	115863
6367	1238	1019	111123	286	0	113666
6368	1253	273	110749	220	0	112495
6369	492	254	109540	249	0	110535
6370	105319	374	2269	215	0	108177
6371	107552	114	1157	219	0	109042
6372	1883	107	291	105226	0	107507
6373	1127	133	110117	1000	0	112377
6374	391	126	110510	1056	0	112083
6375	108378	150	1885	300	0	110713
6376	1120	169	1095	111440	0	113824
6377	111716	110	313	1046	0	113185
6378	111792	111	272	989	0	113164
6379	1978	132	230	106758	0	109098
6380	1164	107944	264	1124	0	110496
6381	384	956	217	109749	0	111306
6382	313	982	210	110475	0	111980
6383	376	250	109434	1850	0	111910
6384	279	107655	1107	1269	0	110310
6385	275	110400	1080	406	0	112161
6386	277	1820	339	107042	0	109478
6387	307	1064	108471	1005	0	110847
6388	246	107746	1161	1135	0	110288
6389	283	1065	108259	296	0	109903
6390	104720	975	1277	271	0	107243
6391	109098	244	1176	253	0	110771
6392	2029	203	107838	224	0	110294
6393	106704	179	1207	250	0	108340
6394	1238	190	1143	108560	0	111131
6395	1150	113906	432	1108	0	116596
6396	468	1028	343	115694	0	117533
6397	112510	966	332	1164	0	114972
6398	113433	199	321	1130	0	115083
6399	113873	169	319	334	0	114695
6400	112740	170	290	296	0	113496
6401	2076	109409	363	371	0	112219
6402	1173	111119	325	358	0	112975
6403	110253	1743	403	285	0	112684
6404	1264	1076	110174	261	0	112775
6405	1219	1768	1154	106871	0	111012
6406	349	114508	1124	1075	0	117056
6407	336	1078	348	113118	0	114880
6408	205	117080	304	1163	0	118752
6409	273	1178	275	117851	0	119577
6410	284	1144	116248	1173	0	118849
6411	112119	282	1251	1220	0	114872
6412	117178	213	1194	272	0	118857
6413	2154	230	115459	193	0	118036
6414	114953	195	1266	228	0	116642
6415	117236	183	1262	198	0	118879
6416	2246	209	114839	167	0	117461
6417	1361	182	1232	111203	0	113978
6418	115237	146	1272	1119	0	117774
6419	1335	191	114617	1140	0	117283
6420	1307	221	1255	110431	0	113214
6421	458	167	118730	1143	0	120498
6422	389	215	116652	1157	0	118413
6423	112474	337	2438	362	0	115611
6424	119029	203	1407	261	0	120900
6425	119921	128	302	247	0	120598
6426	122583	155	260	217	0	123215
6427	2389	312	224	116745	0	119670
6428	1392	115928	211	1256	0	118787
6429	402	119317	266	1281	0	121266
6430	457	2547	236	112598	0	115838
6431	112898	1104	315	1085	0	115402
6432	1142	111631	222	1160	0	114155
6433	934	110154	169	281	0	111538
6434	109000	1648	228	141	0	111017
6435	1066	1217	147	107724	0	110154
6436	110856	134	206	960	0	112156
6437	1027	108655	168	1028	0	110878
6438	112291	900	196	194	0	113581
6439	1152	961	113470	134	0	115717
6440	125135	311	1281	186	0	126913
6441	130406	164	1144	196	0	131910
6442	134216	129	230	200	0	134775
6443	3012	204	124451	140	0	127807
6444	129749	201	1362	180	0	131492
6445	1603	129058	1389	295	0	132345
6446	1578	1454	129390	131	0	132553
6447	611	1912	1645	123272	0	127440
6448	335	373	1536	123390	0	125634
6449	181	125365	215	2766	0	128527
6450	244	1351	128	127217	0	128940
6451	194	1342	116	127822	0	129474
6452	336	174	123458	2658	0	126626
6453	111484	66	1485	1660	0	114695
6454	1539	83	126762	216	0	128600
6455	1515	111	1533	122429	0	125588
6456	545	124	127736	1473	0	129878
6457	223	137	1598	126641	0	128599
6458	129838	70	1476	1590	0	132974
6459	134280	82	253	1455	0	136070
6460	3021	88	157	133710	0	136976
6461	1773	122	137447	1649	0	140991
6462	349	89	1618	137822	0	139878
6463	315	124	138314	1742	0	140495
6464	130170	117	1758	1667	0	133712
6465	136993	129	1569	312	0	139003
6466	137667	138	242	205	0	138252
6467	135365	154	150	216	0	135885
6468	3150	129043	214	400	0	132807
6469	1796	1710	151	131955	0	135612
6470	130055	1614	160	1694	0	133523
6471	1738	129533	232	1800	0	133303
6472	1704	132470	254	440	0	134868
6473	570	3036	122671	244	0	126521
6474	124019	1659	1812	235	0	127725
6475	128200	225	1706	205	0	130336
6476	3430	167	124399	232	0	128228
6477	2019	103	1773	121621	0	125516
6478	568	107	1670	127987	0	130332
6479	530	124	126645	3184	0	130483
6480	384	96	1815	125096	0	127391
6481	124549	123	1798	1890	0	128360
6482	1978	137	123965	1719	0	127799
6483	1871	122	125988	365	0	128346
6484	121167	144	3268	329	0	124908
6485	1970	202	126759	284	0	129215
6486	123467	173	1922	284	0	125846
6487	2016	123149	1730	433	0	127328
6488	126358	1674	315	300	0	128647
6489	2060	1622	242	123079	0	127003
6490	1877	347	217	125648	0	128089
6491	123535	265	245	3252	0	127297
6492	1934	267	244	124908	0	127353
6493	125194	188	222	1997	0	127601
6494	2018	123601	252	1953	0	127824
6495	1878	1769	238	119945	0	123830
6496	545	1695	223	122839	0	125302
6497	119717	322	238	3246	0	123523
6498	122194	207	260	1853	0	124514
6499	122994	173	265	458	0	123890
6500	3594	116915	289	471	0	121269
6501	2025	119910	329	373	0	122637
6502	118421	2984	312	280	0	121997
6503	2176	1686	115425	288	0	119575
6504	1917	115022	1783	357	0	119079
6505	107956	1994	2684	599	0	113233
6506	105289	1372	726	273	0	107660
6507	105050	196	227	226	0	105699
6508	2914	237	250	99007	0	102408
6509	102944	119	242	1470	0	104775
6510	101848	106	206	1387	0	103547
6511	2740	121	202	97545	0	100608
6512	100567	118	223	1462	0	102370
6513	1650	168	95605	1373	0	98796
6514	1527	158	1354	97438	0	100477
6515	419	176	1314	99886	0	101795
6516	342	112	323	101982	0	102759
6517	98368	118	183	2757	0	101426
6518	101795	125	193	1525	0	103638
6519	102421	168	223	389	0	103201
6520	102405	112	201	356	0	103074
6521	99233	114	238	316	0	99901
6522	2810	85	245	93093	0	96233
6523	1695	98	202	96252	0	98247
6524	94151	70	244	2527	0	96992
6525	1514	91508	216	1595	0	94833
6526	93737	1192	268	337	0	95534
6527	1619	1153	88331	319	0	91422
6528	94340	166	1325	261	0	96092
6529	98651	105	1278	225	0	100259
6530	2788	131	101442	279	0	104640
6531	105424	114	1715	189	0	107442
6532	1919	126	107959	281	0	110285
6533	1796	113	113062	145	0	115116
6534	661	798	3183	109028	0	113670
6535	553	481	1912	117253	0	120199
6536	636	123	116926	3143	0	120828
6537	883	174	117816	1773	0	120646
6538	302	112890	3080	539	0	116811
6539	282	111476	1656	428	0	113842
6540	95765	2552	1239	282	0	99838
6541	1240	99893	286	286	0	101705
6542	95538	1195	475	149	0	97357
6543	1201	94513	139	175	0	96028
6544	93755	1121	180	102	0	95158
6545	1201	975	89653	76	0	91905
6546	90538	179	1073	81	0	91871
6547	1233	154	920	88690	0	90997
6548	994	90562	161	1017	0	92734
6549	283	984	127	91837	0	93231
6550	91111	906	79	1093	0	93189
6551	92442	136	59	953	0	93590
6552	2018	171	79	89484	0	91752
6553	1101	73	90112	1033	0	92319
6554	324	68	90224	944	0	91560
6555	137	90368	1818	222	0	92545
6556	340	1742	1105	88652	0	91839
6557	280	920	88642	1044	0	90886
6558	94	81903	1004	899	0	83900
6559	496	1233	1086	81089	0	83904
6560	138	755	221	81779	0	82893
6561	76962	111	100	1550	0	78723
6562	843	80	64	77698	0	78685
6563	803	65	76674	949	0	78491
6564	153	99	840	76360	0	77452
6565	72797	52	785	978	0	74612
6566	879	58	75719	831	0	77487
6567	73617	47	839	200	0	74703
6568	959	75727	788	176	0	77650
6569	77649	833	200	92	0	78774
6570	77803	752	111	74	0	78740
6571	1616	139	77	73962	0	75794
6572	917	87	64	76563	0	77631
6573	196	75088	86	1658	0	77028
6574	152	838	69	77172	0	78231
6575	73660	760	76	970	0	75466
6576	914	157	74655	821	0	76547
6577	807	118	811	73785	0	75521
6578	179	74221	751	885	0	76036
6579	142	840	145	75614	0	76741
6580	106	782	92	76302	0	77282
6581	73229	160	68	1597	0	75054
6582	855	73861	80	911	0	75707
6583	813	821	92	74343	0	76069
6584	73124	749	103	933	0	74909
6585	897	164	84	74179	0	75324
6586	797	98	77	75064	0	76036
6587	73367	66	89	1724	0	75246
6588	74744	53	79	947	0	75823
6589	1630	96	74333	237	0	76296
6590	73709	75	841	193	0	74818
6591	75429	78	769	155	0	76431
6592	76039	83	159	171	0	76452
6593	1664	71515	119	191	0	73489
6594	932	72387	109	139	0	73567
6595	333	1527	125	71287	0	73272
6596	71515	863	206	875	0	73459
6597	72183	202	97	810	0	73292
6598	1601	112	81	70156	0	71950
6599	948	111	70890	893	0	72842
6600	70831	92	795	837	0	72555
6601	73828	101	739	288	0	74956
6602	1557	93	165	71667	0	73482
6603	943	74	85	73168	0	74270
6604	71921	69	88	1572	0	73650
6605	934	78	78	71745	0	72835
6606	808	71192	102	1067	0	73169
6607	260	807	83	73277	0	74427
6608	71429	729	67	1018	0	73243
6609	926	168	71533	869	0	73496
6610	69340	110	818	298	0	70566
6611	1004	100	72188	207	0	73499
6612	865	107	875	70871	0	72718
6613	72046	69	759	953	0	73827
6614	920	59	169	72267	0	73415
6615	856	71	102	72920	0	73949
6616	70469	59	133	1628	0	72289
6617	949	87	71026	937	0	72999
6618	882	66	73241	289	0	74478
6619	271	64	1451	72389	0	74175
6620	213	74	840	74783	0	75910
6621	178	79	180	75970	0	76407
6622	206	69	74599	1642	0	76516
6623	71906	52	817	1009	0	73784
6624	76071	57	744	335	0	77207
6625	76962	57	172	232	0	77423
6626	76436	59	109	214	0	76818
6627	1637	73527	95	260	0	75519
6628	927	73305	83	295	0	74610
6629	281	70734	86	212	0	71313
6630	389	1884	252	58292	0	60817
6631	403	760	246	58220	0	59629
6632	145	60	55052	618	0	55875
6633	74	48719	286	336	0	49415
6634	629	406	299	43382	0	44716
6635	41685	147	134	208	0	42174
6636	130	42145	25	244	0	42544
6637	159	219	29	40764	0	41171
6638	51	41846	36	183	0	42116
6639	41970	146	51	168	0	42335
6640	165	205	22	41478	0	41870
6641	143	33	41232	148	0	41556
6642	58	26	41238	144	0	41466
6643	77	286	311	41777	0	42451
6644	36	17	163	42727	0	42943
6645	27	16	24	43904	0	43971
6646	43521	10	25	353	0	43909
6647	205	30	43223	197	0	43655
6648	185	42953	169	81	0	43388
6649	66	196	147	42713	0	43122
6650	60	157	42738	186	0	43141
6651	28	42727	170	222	0	43147
6652	88	261	164	43218	0	43731
6653	103	139	43042	189	0	43473
6654	39	49	145	42089	0	42322
6655	23	20	127	42575	0	42745
6656	42565	7	31	274	0	42877
6657	42412	11	20	174	0	42617
6658	272	13	13	42327	0	42625
6659	42536	9	21	169	0	42735
6660	189	32	42902	158	0	43281
6661	155	16	154	43156	0	43481
6662	52	32	44500	181	0	44765
6663	31	102	174	44722	0	45029
6664	19	44855	149	243	0	45266
6665	13	45869	40	210	0	46132
6666	23	46327	29	61	0	46440
6667	66	364	44	46821	0	47295
6668	15	176	17	50451	0	50659
6669	38	46	50786	441	0	51311
6670	49	42	52614	269	0	52974
6671	38	44	55022	37	0	55141
6672	56177	10	638	50	0	56875
6673	389	16	333	59196	0	59934
6674	61236	13	33	457	0	61739
6675	513	63863	36	474	0	64886
6676	462	632	21	65184	0	66299
6677	67755	570	27	642	0	68994
6678	666	71	16	68539	0	69292
6679	68616	26	35	754	0	69431
6680	767	41	69182	678	0	70668
6681	675	70101	626	182	0	71584
6682	108	633	621	70923	0	72285
6683	71099	632	85	717	0	72533
6684	72099	82	50	706	0	72937
6685	1309	59	37	72047	0	73452
6686	736	36	42	72734	0	73548
6687	71179	33	67	1358	0	72637
6688	715	26	65	71335	0	72141
6689	755	49	70733	798	0	72335
6690	137	70662	700	796	0	72295
6691	104	667	686	71515	0	72972
6692	71344	650	129	782	0	72905
6693	71914	110	87	753	0	72864
6694	1446	88	72970	195	0	74699
6695	826	71805	742	253	0	73626
6696	218	74525	715	395	0	75853
6697	185	1477	117	74503	0	76282
6698	131	799	105	76624	0	77659
6699	153	174	85	76344	0	76756
6700	132	126	81	76034	0	76373
6701	151	74404	97	1805	0	76457
6702	171	817	98	75314	0	76400
6703	176	813	81	76079	0	77149
6704	74950	136	76	1771	0	76933
6705	74871	97	67	1031	0	76066
6706	1677	74878	90	412	0	77057
6707	76150	826	93	331	0	77400
6708	75815	811	90	289	0	77005
6709	76277	153	85	287	0	76802
6710	1815	155	74181	254	0	76405
6711	1063	119	861	73752	0	75795
6712	334	137	820	75656	0	76947
6713	448	158	73855	1758	0	76219
6714	274	119	883	73730	0	75006
6715	243	124	852	73151	0	74370
6716	73146	127	248	1789	0	75310
6717	988	177	72942	1140	0	75247
6718	945	144	855	71240	0	73184
6719	70530	129	821	1159	0	72639
6720	936	70703	183	1174	0	72996
6721	71254	892	133	487	0	72766
6722	69850	850	91	420	0	71211
6723	1717	68859	102	457	0	71135
6724	1038	916	85	68843	0	70882
6725	68782	859	85	1110	0	70836
6726	1078	68712	136	1122	0	71048
6727	1074	948	81	68984	0	71087
6728	68311	902	111	1109	0	70433
6729	67871	230	122	1048	0	69271
6730	1774	67249	125	505	0	69653
6731	68311	876	121	394	0	69702
6732	1145	879	144	67657	0	69825
6733	68202	208	158	1175	0	69743
6734	1161	164	66882	1160	0	69367
6735	1085	141	945	66864	0	69035
6736	407	158	872	67366	0	68803
6737	66001	113	233	1931	0	68278
6738	1083	65198	182	1267	0	67730
6739	64491	892	226	469	0	66078
6740	1124	64445	197	497	0	66263
6741	1136	965	61929	388	0	64418
6742	496	905	61669	396	0	63466
6743	619	899	1678	59614	0	62810
6744	464	244	60860	1087	0	62655
6745	366	329	894	60342	0	61931
6746	350	212	787	60134	0	61483
6747	425	180	188	61616	0	62409
6748	60540	218	169	1805	0	62732
6749	60639	222	108	1174	0	62143
6750	61657	197	107	518	0	62479
6751	1900	60680	107	497	0	63184
6752	1191	64107	117	465	0	65880
6753	580	1658	65981	396	0	68615
6754	467	981	1046	66994	0	69488
6755	486	304	67634	1334	0	69758
6756	430	242	1193	67377	0	69242
6757	450	200	1036	67927	0	69613
6758	396	224	279	68746	0	69645
6759	432	198	65890	2325	0	68845
6760	378	230	1101	66415	0	68124
6761	64908	188	1043	1507	0	67646
6762	1252	63738	339	1411	0	66740
6763	1159	1088	245	64115	0	66607
6764	63787	1011	230	1388	0	66416
6765	63495	295	201	1320	0	65311
6766	2154	229	214	61788	0	64385
6767	1421	162	196	60628	0	62407
6768	56557	123	160	1978	0	58818
6769	1340	130	158	56450	0	58078
6770	52303	106	107	1274	0	53790
6771	1266	229	96	50501	0	52092
6772	937	104	47109	1081	0	49231
6773	332	44466	703	890	0	46391
6774	296	44484	619	350	0	45749
6775	700	1203	963	38958	0	41824
6776	673	529	491	38959	0	40652
6777	37384	139	103	965	0	38591
6778	555	87	63	37651	0	38356
6779	433	81	75	37597	0	38186
6780	143	57	56	35555	0	35811
6781	137	34545	74	1013	0	35769
6782	123	490	51	35423	0	36087
6783	127	387	53	35290	0	35857
6784	115	118	52	35323	0	35608
6785	33062	95	351	993	0	34501
6786	524	34179	90	589	0	35382
6787	439	495	79	34560	0	35573
6788	147	397	59	34795	0	35398
6789	142	119	57	35089	0	35407
6790	33805	74	63	1011	0	34953
6791	578	57	49	33940	0	34624
6792	521	52	43	33508	0	34124
6793	161	68	31631	936	0	32796
6794	90	30890	399	577	0	31956
6795	105	650	337	31000	0	32092
6796	30174	329	154	537	0	31194
6797	426	30678	74	442	0	31620
6798	29583	380	72	189	0	30224
6799	29525	299	48	155	0	30027
6800	642	100	45	29297	0	30084
6801	369	72	46	29806	0	30293
6802	145	52	30347	733	0	31277
6803	93	46	372	30971	0	31482
6804	96	45	31312	566	0	32019
6805	70	51	416	31733	0	32270
6806	30507	37	314	569	0	31427
6807	390	31527	110	498	0	32525
6808	338	425	69	32970	0	33802
6809	119	342	52	33404	0	33917
6810	90	122	59	33402	0	33673
6811	74	65	48	33586	0	33773
6812	32482	45	66	852	0	33445
6813	400	32435	82	570	0	33487
6814	337	378	54	33559	0	34328
6815	33513	293	57	617	0	34480
6816	466	95	33230	501	0	34292
6817	32994	58	398	287	0	33737
6818	33715	58	310	227	0	34310
6819	746	91	33466	190	0	34493
6820	426	71	415	33680	0	34592
6821	34555	78	336	598	0	35567
6822	487	35716	119	493	0	36815
6823	36826	415	75	305	0	37621
6824	36869	314	55	266	0	37504
6825	37189	95	49	243	0	37576
6826	832	68	52	36682	0	37634
6827	511	61	35	37765	0	38372
6828	207	40941	36	900	0	42084
6829	170	505	47	42203	0	42925
6830	42173	429	51	729	0	43382
6831	588	147	41870	569	0	43174
6832	41281	91	476	317	0	42165
6833	43455	75	407	270	0	44207
6834	948	77	102	42415	0	43542
6835	546	59	59	43468	0	44132
6836	43482	50	47	1058	0	44637
6837	43457	46	32	661	0	44196
6838	43157	53	45	324	0	43579
6839	990	62	43073	258	0	44383
6840	553	42844	450	234	0	44081
6841	43158	492	402	218	0	44270
6842	570	452	110	42714	0	43846
6843	500	43094	76	628	0	44298
6844	200	540	50	43518	0	44308
6845	43331	407	49	675	0	44462
6846	571	231	70	43938	0	44810
6847	739	110	43985	689	0	45523
6848	177	43668	432	610	0	44887
6849	128	44555	401	310	0	45394
6850	297	768	42691	169	0	43925
6851	37990	841	809	357	0	39997
6852	407	39338	363	242	0	40350
6853	461	427	170	35532	0	36590
6854	35284	177	78	238	0	35777
6855	218	35223	27	235	0	35703
6856	218	205	36	35355	0	35814
6857	35510	178	28	250	0	35966
6858	248	36	21	35486	0	35791
6859	35629	21	26	264	0	35940
6860	259	34	35965	231	0	36489
6861	236	36178	196	106	0	36716
6862	37386	201	182	113	0	37882
6863	37009	202	38	94	0	37343
6864	37029	41	39	83	0	37192
6865	434	68	36220	59	0	36781
6866	35919	32	192	69	0	36212
6867	37005	25	189	88	0	37307
6868	401	57	46	36781	0	37285
6869	37072	47	30	275	0	37424
6870	268	36591	40	270	0	37169
6871	247	219	30	36986	0	37482
6872	124	207	36921	243	0	37495
6873	87	82	209	36798	0	37176
6874	69	62	193	37352	0	37676
6875	37221	39	72	418	0	37750
6876	37029	42	32	276	0	37379
6877	438	78	36746	79	0	37341
6878	36131	42	204	104	0	36481
6879	356	36	36967	64	0	37423
6880	283	41	243	36655	0	37222
6881	151	54	37269	253	0	37727
6882	111	33	238	36764	0	37146
6883	86	37115	206	290	0	37697
6884	125	228	38066	208	0	38627
6885	120	219	38756	70	0	39165
6886	127	83	455	34538	0	35203
6887	39251	36	239	271	0	39797
6888	39439	37	56	237	0	39769
6889	39875	36	48	98	0	40057
6890	525	38	46	39149	0	39758
6891	328	33	32	39774	0	40167
6892	152	43	25	39938	0	40158
6893	111	31	38	39930	0	40110
6894	135	62	38924	502	0	39623
6895	83	58	249	38566	0	38956
6896	80	38472	238	365	0	39155
6897	103	270	65	38652	0	39090
6898	38585	227	71	338	0	39221
6899	342	68	38893	292	0	39595
6900	36153	35	286	129	0	36603
6901	385	50	39698	80	0	40213
6902	344	44	39135	79	0	39602
6903	114	38912	557	79	0	39662
6904	164	402	405	37617	0	38588
6905	115	304	121	37859	0	38399
6906	50	38072	104	605	0	38831
6907	41300	377	52	327	0	42056
6908	464	349	48	43109	0	43970
6909	488	67	57	46234	0	46846
6910	131	41	54	48849	0	49075
6911	52070	34	42	1216	0	53362
6912	55366	36	31	702	0	56135
6913	1433	33	38	55095	0	56599
6914	847	28	50	55478	0	56403
6915	54235	31	41	1567	0	55874
6916	820	45	55	55001	0	55921
6917	777	37	45	55402	0	56261
6918	199	30	55	56215	0	56499
6919	168	48	53831	1629	0	55676
6920	51184	30	764	948	0	52926
6921	53085	35	723	272	0	54115
6922	1550	41	51323	163	0	53077
6923	885	439	774	47716	0	49814
6924	212	50526	735	841	0	52314
6925	49508	738	166	763	0	51175
6926	790	50468	118	286	0	51662
6927	697	49056	95	217	0	50065
6928	374	1297	123	45747	0	47541
6929	45433	654	110	830	0	47027
6930	46328	122	54	764	0	47268
6931	1334	62	35	45724	0	47155
6932	801	61	52	45900	0	46814
6933	228	53	40	46142	0	46463
6934	169	78	47	46056	0	46350
6935	167	56	34	45156	0	45413
6936	142	43791	64	1541	0	45538
6937	165	674	40	44911	0	45790
6938	43983	596	45	973	0	45597
6939	44788	113	48	840	0	45789
6940	45121	60	53	317	0	45551
6941	1401	43769	81	300	0	45551
6942	794	703	72	43641	0	45210
6943	296	631	43563	851	0	45341
6944	42616	193	753	811	0	44373
6945	868	269	639	42997	0	44773
6946	43258	114	193	870	0	44435
6947	42028	90	66	755	0	42939
6948	42376	103	60	290	0	42829
6949	1437	98	42	40870	0	42447
6950	41328	98	68	812	0	42306
6951	923	97	56	41357	0	42433
6952	799	85	41	41655	0	42580
6953	41169	57	58	1457	0	42741
6954	849	73	54	41986	0	42962
6955	41530	72	39	961	0	42602
6956	41673	81	33	872	0	42659
6957	1402	75	31	41417	0	42925
6958	850	87	30	42205	0	43172
6959	307	67	30	42846	0	43250
6960	319	65	40445	1503	0	42332
6961	313	76	40908	937	0	42234
6962	266	74	1214	40106	0	41660
6963	252	59	668	40739	0	41718
6964	241	63	142	41358	0	41804
6965	231	58	82	41263	0	41634
6966	250	63	65	41534	0	41912
6967	39727	62	90	1565	0	41444
6968	846	39504	117	997	0	41464
6969	804	669	79	40122	0	41674
6970	40276	591	71	984	0	41922
6971	869	140	100	40737	0	41846
6972	812	96	55	40832	0	41795
6973	40022	84	60	1544	0	41710
6974	40206	76	74	965	0	41321
6975	1461	85	39529	436	0	41511
6976	899	86	653	39709	0	41347
6977	397	74	40382	1019	0	41872
6978	300	78	727	40531	0	41636
6979	265	64	630	40512	0	41471
6980	270	62	138	41091	0	41561
6981	303	53	39394	1601	0	41351
6982	216	38737	708	1070	0	40731
6983	210	40064	639	526	0	41439
6984	247	1183	179	39191	0	40800
6985	38555	635	175	1001	0	40366
6986	838	137	38531	917	0	40423
6987	785	79	39808	446	0	41118
6988	301	127	1254	39165	0	40847
6989	240	87	718	38776	0	39821
6990	190	40014	186	1472	0	41862
6991	208	688	137	40637	0	41670
6992	247	638	126	41521	0	42532
6993	224	176	109	42427	0	42936
6994	41310	91	101	1608	0	43110
6995	41860	71	101	979	0	43011
6996	1404	86	105	41898	0	43493
6997	820	41739	130	1005	0	43694
6998	325	727	85	42254	0	43391
6999	40953	594	96	1050	0	42693
7000	801	41713	101	951	0	43566
7001	734	686	95	39407	0	40922
7002	241	40374	88	889	0	41592
7003	39556	677	176	809	0	41218
7004	38446	605	220	395	0	39666
7005	1199	39737	97	307	0	41340
7006	662	39656	109	325	0	40752
7007	443	989	36988	241	0	38661
7008	151	35264	599	255	0	36269
7009	365	1065	733	30913	0	33076
7010	222	384	30205	529	0	31340
7011	45	25613	293	280	0	26231
7012	123	286	187	22960	0	23556
7013	41	127	39	23128	0	23335
7014	32	24	15	23291	0	23362
7015	22751	16	12	307	0	23086
7016	166	22	22538	158	0	22884
7017	142	27	22705	53	0	22927
7018	29	13	271	22519	0	22832
7019	42	27	24255	179	0	24503
7020	24	27	175	24358	0	24584
7021	18	25	145	24364	0	24552
7022	24	16	29	24987	0	25056
7023	20	10	21	25086	0	25137
7024	24635	16	18	316	0	24985
7025	24484	15	21	173	0	24693
7026	286	24	18	24832	0	25160
7027	152	21	26179	208	0	26560
7028	41	28	159	26117	0	26345
7029	22	26219	130	211	0	26582
7030	25	155	38	26345	0	26563
7031	26218	132	23	203	0	26576
7032	26578	29	25	197	0	26829
7033	292	23	25	26812	0	27152
7034	146	28	14	26955	0	27143
7035	40	26	17	27193	0	27276
7036	26524	26	21	331	0	26902
7037	187	26	26824	193	0	27230
7038	172	30	26565	68	0	26835
7039	43	26304	272	57	0	26676
7040	26640	153	165	69	0	27027
7041	167	146	41	26860	0	27214
7042	140	31	27806	183	0	28160
7043	42	27529	170	171	0	27912
7044	31	28215	129	81	0	28456
7045	36	260	30	28224	0	28550
7046	35	144	19	28759	0	28957
7047	35	28881	24	285	0	29225
7048	33	152	22	29302	0	29509
7049	31	140	21	29304	0	29496
7050	28953	36	18	291	0	29298
7051	148	29132	27	178	0	29485
7052	126	160	22	28984	0	29292
7053	53	130	28804	184	0	29171
7054	22	51	140	28432	0	28645
7055	28765	30	118	209	0	29122
7056	157	29215	32	179	0	29583
7057	137	145	20	29618	0	29920
7058	41	135	29547	182	0	29905
7059	59	34	30890	159	0	31142
7060	36	72	269	31113	0	31490
7061	40	31	154	32103	0	32328
7062	32524	31	43	320	0	32918
7063	181	33456	33	210	0	33880
7064	34133	219	38	79	0	34469
7065	263	195	34882	55	0	35395
7066	33803	46	240	83	0	34172
7067	281	55	36740	61	0	37137
7068	35991	32	271	87	0	36381
7069	37227	22	239	73	0	37561
7070	515	50	39448	74	0	40087
7071	294	47	39424	62	0	39827
7072	58	39366	486	83	0	39993
7073	55	271	266	40300	0	40892
7074	41271	248	56	356	0	41931
7075	282	51	49	42122	0	42504
7076	254	54	49	42968	0	43325
7077	69	23	38	43283	0	43413
7078	72	44	43063	568	0	43747
7079	39382	26	288	384	0	40080
7080	42905	22	259	130	0	43316
7081	518	44499	81	110	0	45208
7082	302	276	53	43907	0	44538
7083	70	45416	61	332	0	45879
7084	65	357	45	46054	0	46521
7085	45844	294	57	393	0	46588
7086	322	46094	61	376	0	46853
7087	287	296	51	45199	0	45833
7088	45099	279	46	354	0	45778
7089	44930	50	51	302	0	45333
7090	578	41	32	44659	0	45310
7091	361	39	45481	338	0	46219
7092	91	390	297	43768	0	44546
7093	62	45946	282	344	0	46634
7094	45393	287	75	290	0	46045
7095	285	45910	61	115	0	46371
7096	304	345	47	45213	0	45909
7097	46152	271	38	379	0	46840
7098	319	57	36	47838	0	48250
7099	283	52	34	48036	0	48405
7100	90	46	48101	579	0	48816
7101	61	48048	288	365	0	48762
7102	47527	283	292	107	0	48209
7103	44766	285	71	88	0	45210
7104	446	47395	46	75	0	47962
7105	223	47937	34	66	0	48260
7106	176	455	66	47092	0	47789
7107	46724	232	45	254	0	47255
7108	231	47084	26	285	0	47626
7109	242	226	24	47370	0	47862
7110	82	237	47376	247	0	47942
7111	62	57	229	46953	0	47301
7112	48025	36	219	301	0	48581
7113	245	48745	57	324	0	49371
7114	253	227	33	50015	0	50528
7115	105	243	49893	254	0	50495
7116	136	78	49955	270	0	50439
7117	63	63	440	50070	0	50636
7118	66	30	258	51000	0	51354
7119	73	50354	75	509	0	51011
7120	84	276	39	50571	0	50970
7121	50703	254	39	340	0	51336
7122	297	73	58	51123	0	51551
7123	51373	69	69	341	0	51852
7124	315	51716	66	325	0	52422
7125	313	53143	62	143	0	53661
7126	126	493	79	54272	0	54970
7127	117	301	85	53497	0	54000
7128	134	94	53593	540	0	54361
7129	116	81	299	52685	0	53181
7130	53282	84	289	362	0	54017
7131	389	102	53430	346	0	54267
7132	345	79	319	53456	0	54199
7133	196	97	56513	416	0	57222
7134	122	78	352	56569	0	57121
7135	119	77	322	57045	0	57563
7136	138	73	101	57830	0	58142
7137	167	89	57639	664	0	58559
7138	132	78	324	56379	0	56913
7139	85	57941	332	479	0	58837
7140	105	326	96	58753	0	59280
7141	106	349	73	58569	0	59097
7142	57829	105	59	712	0	58705
7143	435	123	57751	438	0	58747
7144	361	105	310	57639	0	58415
7145	202	113	58142	460	0	58917
7146	169	128	57379	452	0	58128
7147	160	107	594	58852	0	59713
7148	133	103	325	59395	0	59956
7149	136	100	78	61170	0	61484
7150	60426	103	67	771	0	61367
7151	449	117	60819	482	0	61867
7152	61077	107	361	328	0	61873
7153	436	119	328	64723	0	65606
7154	395	102	82	66048	0	66627
7155	140	68601	100	803	0	69644
7156	157	427	75	69725	0	70384
7157	133	362	76	69463	0	70034
7158	223	111	97	69727	0	70158
7159	65909	78	78	784	0	66849
7160	420	87	65289	464	0	66260
7161	60099	85	364	232	0	60780
7162	366	65474	303	230	0	66373
7163	63956	275	78	158	0	64467
7164	290	64243	91	170	0	64794
7165	285	63689	72	180	0	64226
7166	435	611	253	62189	0	63488
7167	62535	212	270	356	0	63373
7168	271	98	59	62432	0	62860
7169	203	62271	46	376	0	62896
7170	67	64320	47	333	0	64767
7171	52	524	38	64588	0	65202
7172	44	329	34	64427	0	64834
7173	39	65521	44	693	0	66297
7174	44	396	38	66802	0	67280
7175	58	290	30	67362	0	67740
7176	64	56	37	68078	0	68235
7177	67006	36	45	798	0	67885
7178	429	58	67523	392	0	68402
7179	66304	47	384	246	0	66981
7180	69495	29	300	157	0	69981
7181	68840	39	69	137	0	69085
7182	652	68375	41	167	0	69235
7183	358	379	48	67703	0	68488
7184	67773	269	55	482	0	68579
7185	402	82	42	68601	0	69127
7186	68465	39	47	473	0	69024
7187	374	71529	41	380	0	72324
7188	73662	347	55	247	0	74311
7189	74411	264	37	166	0	74878
7190	75026	61	35	194	0	75316
7191	625	50	43	74506	0	75224
7192	370	83	34	76432	0	76919
7193	76752	48	45	738	0	77583
7194	377	76853	50	419	0	77699
7195	283	76897	29	185	0	77394
7196	78625	556	52	228	0	79461
7197	391	276	40	78440	0	79147
7198	306	80	37	79493	0	79916
7199	108	60	37	80511	0	80716
7200	87	79708	59	815	0	80669
7201	79710	397	43	488	0	80638
7202	472	323	35	80608	0	81438
7203	340	81846	59	570	0	82815
7204	160	592	39	84526	0	85317
7205	122	366	33	85328	0	85849
7206	107	98	31	85720	0	85956
7207	120	82	28	85815	0	86045
7208	85025	69	29	881	0	86004
7209	84643	69	31	511	0	85254
7210	85672	67	36	299	0	86074
7211	845	63	47	86056	0	87011
7212	539	111	85507	548	0	86705
7213	273	106	81669	436	0	82484
7214	254	112	84024	187	0	84577
7215	85848	109	762	308	0	87027
7216	557	150	364	87992	0	89063
7217	410	86	68	88093	0	88657
7218	175	78	44	88610	0	88907
7219	87716	67	46	880	0	88709
7220	86907	91	46	531	0	87575
7221	772	91019	58	272	0	92121
7222	438	478	33	91668	0	92617
7223	290	395	90165	560	0	91410
7224	126	91179	403	528	0	92236
7225	155	621	289	91328	0	92393
7226	157	379	96	91623	0	92255
7227	134	126	41	91371	0	91672
7228	131	91	36	89793	0	90051
7229	249	124	89123	829	0	90325
7230	249	115	87071	509	0	87944
7231	148	89821	644	300	0	90913
7232	160	426	320	90454	0	91360
7233	149	296	84	88680	0	89209
7234	86980	93	85	804	0	87962
7235	616	189	88072	424	0	89301
7236	393	76	403	87977	0	88849
7237	188	89	339	89867	0	90483
7238	276	110	90861	777	0	92024
7239	107	90557	418	544	0	91626
7240	90833	413	323	302	0	91871
7241	607	334	89821	217	0	90979
7242	87512	116	410	251	0	88289
7243	634	160	91965	203	0	92962
7244	366	105	440	91430	0	92341
7245	273	119	93238	506	0	94136
7246	256	123	93598	450	0	94427
7247	138	136	653	93259	0	94186
7248	154	95	380	90557	0	91186
7249	134	76	97	97043	0	97350
7250	122	73	69	96609	0	96873
7251	117	85	95	95823	0	96120
7252	240	121	94789	827	0	95977
7253	225	143	91607	525	0	92500
7254	95	94479	647	301	0	95522
7255	93391	418	387	234	0	94430
7256	545	433	146	93734	0	94858
7257	94704	82	96	643	0	95525
7258	583	82	87	94461	0	95213
7259	95937	47	87	870	0	96941
7260	590	55	94	97543	0	98282
7261	408	70	101	97976	0	98555
7262	151	98785	108	1023	0	100067
7263	129	575	98	101070	0	101872
7264	116	413	107	101252	0	101888
7265	139	111	95	101284	0	101629
7266	137	86	90	100436	0	100749
7267	71	98574	130	1098	0	99873
7268	97829	448	94	601	0	98972
7269	437	97925	106	330	0	98798
7270	314	496	67	95412	0	96289
7271	94148	275	52	546	0	95021
7272	572	152	92653	355	0	93732
7273	430	123	91921	190	0	92664
7274	227	350	759	89462	0	90798
7275	94	123	401	92626	0	93244
7276	76	66	98	92658	0	92898
7277	83	51	69	91060	0	91263
7278	72	43	67	90740	0	90922
7279	60	88737	90	795	0	89682
7280	68	347	52	90282	0	90749
7281	89209	228	77	582	0	90096
7282	367	64	59	90810	0	91300
7283	410	106	91610	525	0	92651
7284	92	67	414	90668	0	91241
7285	90096	44	332	616	0	91088
7286	400	93955	98	509	0	94962
7287	333	462	81	96447	0	97323
7288	116	341	63	99672	0	100192
7289	234	137	99100	1209	0	100680
7290	272	127	125847	715	0	126961
7291	147725	115	2292	349	0	150481
7292	3014	125	1322	153594	0	158055
7293	2080	127	357	159088	0	161652
7294	799	141	165702	5470	0	172112
7295	604	193	168469	2937	0	172203
7296	142	168954	5768	1296	0	176160
7297	262	3668	3032	167980	0	174942
7298	502	2570	167409	3584	0	174065
7299	90	168324	3809	2923	0	175146
7300	168599	3681	2732	843	0	175855
7301	173266	2619	755	503	0	177143
7302	6020	800	347	166499	0	173666
7303	3182	169721	288	3761	0	176952
7304	169666	3659	242	2698	0	176265
7305	4168	2853	373	149135	0	156529
7306	3169	801	166513	3113	0	173596
7307	876	168360	3616	2544	0	175396
7308	166917	3728	2708	862	0	174215
7309	169716	2685	731	606	0	173738
7310	6089	762	364	168409	0	175624
7311	3289	359	286	172318	0	176252
7312	1178	363	166042	6467	0	174050
7313	567	267	3627	169631	0	174092
7314	489	266	2755	166950	0	170460
7315	418	222	767	169653	0	171060
7316	373	242	437	170098	0	171150
7317	415	227	347	164232	0	165221
7318	320	162115	411	7290	0	170136
7319	163127	3606	307	3854	0	170894
7320	4120	2734	162420	1614	0	170888
7321	2924	159244	3829	1148	0	167145
7322	984	3764	2817	161578	0	169143
7323	159789	2748	970	4398	0	167905
7324	3948	887	638	163637	0	169110
7325	3014	543	579	163588	0	167724
7326	1069	459	527	166173	0	168228
7327	739	395	523	167725	0	169382
7328	817	455	159492	7856	0	168620
7329	602	159979	3983	4650	0	169214
7330	160673	3859	2958	2049	0	169539
7331	4416	2959	160358	1393	0	169126
7332	3132	1028	4367	160361	0	168888
7333	160440	691	3213	4690	0	169034
7334	4310	160529	1254	3703	0	169796
7335	162833	4143	847	1691	0	169514
7336	4943	3165	691	158471	0	167270
7337	3650	1171	612	163908	0	169341
7338	1510	721	562	164720	0	167513
7339	1024	665	525	165769	0	167983
7340	156330	686	599	8276	0	165891
7341	4456	659	580	160426	0	166121
7342	3463	470	591	163063	0	167587
7343	154903	498	655	7816	0	163872
7344	4846	654	152960	4679	0	163139
7345	3601	561	3993	154853	0	163008
7346	151067	458	3067	5336	0	159928
7347	152813	485	1179	4203	0	158680
7348	7017	510	871	150060	0	158458
7349	4052	529	741	150066	0	155388
7350	1608	143620	789	7792	0	153809
7351	1177	4026	647	148753	0	154603
7352	1065	3033	556	148619	0	153273
7353	1115	998	141330	8200	0	151643
7354	936	702	141191	5093	0	147922
7355	730	139035	6502	2784	0	149051
7356	943	4000	3782	137407	0	146132
7357	860	3016	1571	143157	0	148604
7358	139182	1173	1196	7572	0	149123
7359	4413	853	1034	140897	0	147197
7360	3687	823	136273	6015	0	146798
7361	1765	708	4238	140068	0	146779
7362	1222	780	136262	6271	0	144535
7363	1267	801	137404	4642	0	144114
7364	1067	867	7143	132343	0	141420
7365	1048	863	4035	138419	0	144365
7366	135052	939	1466	7666	0	145123
7367	138341	721	991	4966	0	145019
7368	7196	669	1026	136449	0	145340
7369	139457	800	659	5567	0	146483
7370	141566	589	649	4457	0	147261
7371	7656	785	605	137788	0	146834
7372	4492	696	690	141513	0	147391
7373	137767	720	662	7911	0	147060
7374	139271	475	656	5191	0	145593
7375	7242	489	615	136491	0	144837
7376	4358	134911	857	5842	0	145968
7377	2070	4002	509	139786	0	146367
7378	1605	2902	471	142266	0	147244
7379	1381	930	135201	8826	0	146338
7380	1047	600	4057	141405	0	147109
7381	132286	459	3242	6847	0	142834
7382	4184	134765	1393	5303	0	145645
7383	136895	3917	715	3078	0	144605
7384	137377	2905	629	2574	0	143485
7385	139773	1091	557	2323	0	143744
7386	8103	2112	762	129049	0	140026
7387	5920	770	121500	5226	0	133416
7388	3786	790	118929	3862	0	127367
7389	1562	117617	5896	2519	0	127594
7390	793	88971	2412	1355	0	93531
7391	540	60761	1005	511	0	62817
7392	713	58013	990	485	0	60201
7393	1681	1611	52773	508	0	56573
7394	41794	1654	1793	577	0	45818
7395	527	305	407	41100	0	42339
7396	342	44	63	40494	0	40943
7397	121	105	47	39935	0	40208
7398	96	39891	59	692	0	40738
7399	39184	352	59	395	0	39990
7400	424	273	39208	152	0	40057
7401	264	37177	327	107	0	37875
7402	197	448	359	36929	0	37933
7403	36952	197	113	378	0	37640
7404	350	36	35	36901	0	37322
7405	281	48	36182	369	0	36880
7406	105	42	35996	290	0	36433
7407	84	77	457	35926	0	36544
7408	92	33	244	36285	0	36654
7409	35933	23	53	513	0	36522
7410	341	40	35840	286	0	36507
7411	35321	30	281	117	0	35749
7412	35598	23	218	89	0	35928
7413	505	20	45	35753	0	36323
7414	263	44	36341	325	0	36973
7415	69	67	284	36553	0	36973
7416	36693	28	211	371	0	37303
7417	315	36897	66	278	0	37556
7418	37331	275	52	130	0	37788
7419	351	207	47	37519	0	38124
7420	247	38577	58	421	0	39303
7421	87	338	39	38971	0	39435
7422	88	248	41	39451	0	39828
7423	85	39652	54	613	0	40404
7424	104	397	43	40380	0	40924
7425	91	296	50	40931	0	41368
7426	85	65	44	41565	0	41759
7427	80	45	41137	734	0	41996
7428	68	40913	412	430	0	41823
7429	41553	398	347	111	0	42409
7430	441	371	67	41606	0	42485
7431	357	44149	58	486	0	45050
7432	46712	437	64	423	0	47636
7433	521	394	41	47016	0	47972
7434	452	71	35	47486	0	48044
7435	123	62	29	47139	0	47353
7436	117	49	36	46580	0	46782
7437	45852	46	37	989	0	46924
7438	537	47	37	47068	0	47689
7439	467	42	40	47223	0	47772
7440	46773	39	41	981	0	47834
7441	541	43	38	47495	0	48117
7442	507	84	46810	625	0	48026
7443	116	58	498	47363	0	48035
7444	46123	55	434	609	0	47221
7445	520	67	69	46848	0	47504
7446	477	57	46798	592	0	47924
7447	110	49	46470	535	0	47164
7448	47028	60	964	215	0	48267
7449	48653	73	489	159	0	49374
7450	49098	42	103	132	0	49375
7451	49204	55	83	93	0	49435
7452	1034	61	48642	96	0	49833
7453	544	37	514	48292	0	49387
7454	157	40	468	49556	0	50221
7455	48871	51	79	1000	0	50001
7456	582	83	73	49485	0	50223
7457	517	40	48792	627	0	49976
7458	106	113	520	49098	0	49837
7459	108	39	49653	616	0	50416
7460	61	49155	552	588	0	50356
7461	49374	567	595	198	0	50734
7462	582	464	88	49020	0	50154
7463	492	59	48761	589	0	49901
7464	116	45	526	49302	0	49989
7465	92	42	470	50911	0	51515
7466	93	50	51326	1078	0	52547
7467	103	64	581	51664	0	52412
7468	51278	34	536	729	0	52577
7469	647	42	50224	617	0	51530
7470	48747	54	554	198	0	49553
7471	608	49015	527	213	0	50363
7472	612	502	48707	149	0	49970
7473	181	516	48850	256	0	49803
7474	243	639	1088	43171	0	45141
7475	123	72	515	45751	0	46461
7476	94	52	45944	913	0	47003
7477	75	38	480	46040	0	46633
7478	46509	21	462	628	0	47620
7479	46840	21	96	596	0	47553
7480	884	25	80	46313	0	47302
7481	512	37	73	46370	0	46992
7482	155	46613	83	937	0	47788
7483	46656	423	66	681	0	47826
7484	530	428	81	47867	0	48906
7485	505	48834	81	612	0	50032
7486	49382	462	80	564	0	50488
7487	49597	443	84	235	0	50359
7488	951	50623	96	210	0	51880
7489	552	484	76	51016	0	52128
7490	188	468	94	51134	0	51884
7491	179	82	49937	1070	0	51268
7492	138	59	528	49710	0	50435
7493	49339	53	550	668	0	50610
7494	589	39	120	49722	0	50470
7495	632	52	48773	683	0	50140
7496	48333	38	556	680	0	49607
7497	617	40	555	49058	0	50270
7498	605	45	48905	688	0	50243
7499	182	35	581	49109	0	49907
7500	187	66	49350	685	0	50288
7501	191	30	590	49393	0	50204
7502	179	37	558	49805	0	50579
7503	49023	32	181	1092	0	50328
7504	555	49240	164	731	0	50690
7505	50241	476	142	289	0	51148
7506	49906	483	132	233	0	50754
7507	50436	77	127	269	0	50909
7508	1097	50031	152	239	0	51519
7509	687	518	49992	201	0	51398
7510	235	499	596	49835	0	51165
7511	50581	86	575	645	0	51887
7512	50882	81	161	642	0	51766
7513	1071	77	148	49378	0	50674
7514	50088	48	150	678	0	50964
7515	665	71	49426	665	0	50827
7516	49101	48	591	265	0	50005
7517	701	71	49525	236	0	50533
7518	635	48585	588	235	0	50043
7519	48270	450	636	224	0	49580
7520	47148	488	203	204	0	48043
7521	954	47335	153	234	0	48676
7522	47075	533	275	293	0	48176
7523	46085	438	165	190	0	46878
7524	909	104	45323	201	0	46537
7525	44010	65	461	205	0	44741
7526	531	76	44740	178	0	45525
7527	497	579	445	40649	0	42170
7528	182	42883	439	470	0	43974
7529	236	426	42220	444	0	43326
7530	38804	878	746	714	0	41142
7531	37971	305	486	377	0	39139
7532	546	85	86	36034	0	36751
7533	341	50	36035	299	0	36725
7534	143	140	281	36011	0	36575
7535	35966	44	270	330	0	36610
7536	318	36615	86	330	0	37349
7537	36536	249	75	142	0	37002
7538	36449	234	71	97	0	36851
7539	503	36309	64	120	0	36996
7540	324	226	52	36404	0	37006
7541	36883	235	79	278	0	37475
7542	301	58	63	37218	0	37640
7543	321	64	51	38376	0	38812
7544	151	53	38922	475	0	39601
7545	131	50	248	38850	0	39279
7546	129	63	263	38951	0	39406
7547	38617	34	71	537	0	39259
7548	38622	33	69	315	0	39039
7549	600	39	62	38831	0	39532
7550	380	47	38622	333	0	39382
7551	146	52	38181	325	0	38704
7552	148	137	542	37763	0	38590
7553	139	57	39093	335	0	39624
7554	135	194	338	38406	0	39073
7555	126	59	320	38171	0	38676
7556	38379	34	83	556	0	39052
7557	347	33	38218	328	0	38926
7558	37498	28	300	110	0	37936
7559	37447	30	290	123	0	37890
7560	567	40	37107	82	0	37796
7561	353	40	37315	73	0	37781
7562	192	1063	497	35273	0	37025
7563	116	35780	281	256	0	36433
7564	103	36311	100	287	0	36801
7565	328	486	110	34371	0	35295
7566	101	182	41	33853	0	34177
7567	67	37	44	34263	0	34411
7568	67	37	37	34378	0	34519
7569	33545	17	57	382	0	34001
7570	231	29	30	33791	0	34081
7571	222	36	33525	242	0	34025
7572	85	25	194	32935	0	33239
7573	81	32931	185	235	0	33432
7574	95	191	43	33077	0	33406
7575	32909	158	58	227	0	33352
7576	231	23	55	33450	0	33759
7577	212	35	33447	235	0	33929
7578	47	32887	221	241	0	33396
7579	60	191	208	33028	0	33487
7580	33076	158	52	235	0	33521
7581	33050	36	33	208	0	33327
7582	419	24	41	33121	0	33605
7583	228	25	31952	208	0	32413
7584	90	34	30711	174	0	31009
7585	30690	21	352	57	0	31120
7586	211	22	31938	48	0	32219
7587	197	34	31678	33	0	31942
7588	143	239	311	29665	0	30358
7589	31507	19	239	184	0	31949
7590	31450	12	28	168	0	31658
7591	31448	10	24	41	0	31523
7592	305	18	33143	23	0	33489
7593	192	20	33199	36	0	33447
7594	27	34187	279	47	0	34540
7595	29	151	187	34051	0	34418
7596	23	148	38	34251	0	34460
7597	29	9	25	33891	0	33954
7598	23	15	19	34275	0	34332
7599	44	17	34328	289	0	34678
7600	21	34346	145	222	0	34734
7601	35593	134	162	55	0	35944
7602	38289	152	31	39	0	38511
7603	38539	6	33	37	0	38615
7604	507	39344	28	66	0	39945
7605	304	311	26	39574	0	40215
7606	41646	271	34	352	0	42303
7607	355	43493	31	386	0	44265
7608	43261	357	12	54	0	43684
7609	381	43502	45	67	0	43995
7610	43761	368	35	40	0	44204
7611	43497	414	24	62	0	43997
7612	780	52	30	44226	0	45088
7613	453	26	23	45852	0	46354
7614	95	39	45696	868	0	46698
7615	60	39	45290	524	0	45913
7616	45891	18	908	77	0	46894
7617	46960	20	538	56	0	47574
7618	946	23	54	46359	0	47382
7619	538	22	30	46840	0	47430
7620	131	35	46204	982	0	47352
7621	66	30	455	46141	0	46692
7622	105	53	46869	532	0	47559
7623	63	57	487	46807	0	47414
7624	74	48	509	47567	0	48198
7625	47247	31	64	1008	0	48350
7626	46654	49	33	609	0	47345
7627	1039	41	33	46949	0	48062
7628	615	47	47	47154	0	47863
7629	152	55	46813	1030	0	48050
7630	116	37	488	47240	0	47881
7631	129	54	47803	585	0	48571
7632	46652	32	540	614	0	47838
7633	566	50	571	47798	0	48985
7634	47805	34	110	559	0	48508
7635	552	47310	93	655	0	48610
7636	47843	472	78	188	0	48581
7637	595	543	73	47383	0	48594
7638	625	69	71	47312	0	48077
7639	139	47322	103	1089	0	48653
7640	129	504	67	48318	0	49018
7641	164	557	47288	616	0	48625
7642	180	120	518	47475	0	48293
7643	137	59	46614	642	0	47452
7644	96	45015	548	699	0	46358
7645	118	483	585	45284	0	46470
7646	147	507	45130	573	0	46357
7647	152	77	44779	619	0	45627
7648	188	242	989	43961	0	45380
7649	43643	73	748	589	0	45053
7650	563	40	43564	611	0	44778
7651	582	48	505	43105	0	44240
7652	43814	33	539	607	0	44993
7653	518	43295	146	633	0	44592
7654	45431	444	84	320	0	46279
7655	569	513	107	45290	0	46479
7656	603	83	69	45677	0	46432
7657	162	58	69	46543	0	46832
7658	45661	64	70	1155	0	46950
7659	543	63	87	46538	0	47231
7660	574	57	93	46771	0	47495
7661	45111	49	114	1103	0	46377
7662	565	53	45232	693	0	46543
7663	588	59	526	45415	0	46588
7664	173	63	45824	621	0	46681
7665	44528	62	578	662	0	45830
7666	597	68	580	45510	0	46755
7667	653	79	46106	604	0	47442
7668	44747	92	530	661	0	46030
7669	45934	59	563	247	0	46803
7670	1061	84	47430	228	0	48803
7671	669	90	523	47257	0	48539
7672	200	91	573	48155	0	49019
7673	181	77	48656	1120	0	50034
7674	141	48469	557	793	0	49960
7675	196	496	49604	284	0	50580
7676	47237	518	595	266	0	48616
7677	601	118	50263	263	0	51245
7678	48615	42	605	263	0	49525
7679	609	57	50369	244	0	51279
7680	49132	35	599	271	0	50037
7681	564	50542	628	276	0	52010
7682	629	441	203	50070	0	51343
7683	207	504	168	51148	0	52027
7684	200	97	51188	1083	0	52568
7685	202	79	536	49739	0	50556
7686	156	50327	585	686	0	51754
7687	49462	436	174	647	0	50719
7688	534	50202	123	322	0	51181
7689	577	484	125	49810	0	50996
7690	50063	471	140	660	0	51334
7691	541	50440	129	785	0	51895
7692	49951	469	151	267	0	50838
7693	671	544	50262	227	0	51704
7694	644	104	596	50271	0	51615
7695	222	59	629	50766	0	51676
7696	167	59	186	51735	0	52147
7697	51122	50	164	1220	0	52556
7698	51618	67	166	728	0	52579
7699	51947	58	170	237	0	52412
7700	51409	65	155	213	0	51842
7701	1100	66	49067	196	0	50429
7702	45298	45	416	121	0	45880
7703	451	45683	463	161	0	46758
7704	441	45181	128	130	0	45880
7705	44157	690	924	252	0	46023
7706	43258	318	549	221	0	44346
7707	540	76	65	41680	0	42361
7708	42585	31	93	320	0	43029
7709	42514	26	47	278	0	42865
7710	44804	22	58	103	0	44987
7711	580	84	42	44116	0	44822
7712	296	44184	64	329	0	44873
7713	62	44166	40	250	0	44518
7714	112	653	65	43728	0	44558
7715	43160	261	83	334	0	43838
7716	261	43681	33	278	0	44253
7717	242	244	29	43385	0	43900
7718	79	221	43815	265	0	44380
7719	41540	42	250	260	0	42092
7720	263	44379	220	82	0	44944
7721	236	44846	43	69	0	45194
7722	43922	425	58	46	0	44451
7723	315	223	44302	56	0	44896
7724	227	46	255	43312	0	43840
7725	49	44376	204	271	0	44900
7726	68	251	42	44695	0	45056
7727	53	213	24	44268	0	44558
7728	70	43817	31	483	0	44401
7729	73	242	22	45294	0	45631
7730	74	205	20	45405	0	45704
7731	44795	35	19	454	0	45303
7732	269	44616	27	270	0	45182
7733	44889	264	16	83	0	45252
7734	299	242	20	44420	0	44981
7735	241	45446	23	314	0	46024
7736	96	284	45229	231	0	45840
7737	90	319	278	45421	0	46108
7738	86	71	223	46917	0	47297
7739	84	55	47417	498	0	48054
7740	45194	53	302	264	0	45813
7741	338	52	235	51639	0	52264
7742	51651	29	47	479	0	52206
7743	507	54	51148	466	0	52175
7744	460	71	434	51537	0	52502
7745	140	64	53847	497	0	54548
7746	72	113	518	54511	0	55214
7747	81	124	505	55396	0	56106
7748	54903	39	73	1014	0	56029
7749	508	55460	51	625	0	56644
7750	55933	517	26	118	0	56594
7751	628	554	55555	72	0	56809
7752	566	132	518	55352	0	56568
7753	141	64	56742	565	0	57512
7754	51712	81	614	612	0	53019
7755	55209	54	558	121	0	55942
7756	1100	59	55057	73	0	56289
7757	54757	39	554	135	0	55485
7758	55665	43	551	115	0	56374
7759	1073	48	92	55290	0	56503
7760	682	51	54857	603	0	56193
7761	182	81	56425	582	0	57270
7762	108	58	1053	56131	0	57350
7763	111	75	610	55546	0	56342
7764	123	55262	139	1153	0	56677
7765	91	56211	104	757	0	57163
7766	55771	1052	84	194	0	57101
7767	611	651	113	55168	0	56543
7768	616	55109	95	671	0	56491
7769	142	56373	124	693	0	57332
7770	53548	1058	83	186	0	54875
7771	635	650	105	54342	0	55732
7772	655	54942	105	684	0	56386
7773	186	621	109	54848	0	55764
7774	171	602	106	54551	0	55430
7775	137	117	114	54781	0	55149
7776	53211	90	113	1198	0	54612
7777	644	53034	128	740	0	54546
7778	716	610	121	52959	0	54406
7779	245	594	127	53424	0	54390
7780	209	130	119	54024	0	54482
7781	197	103	51663	1262	0	53225
7782	49656	67	670	754	0	51147
7783	695	68	670	51545	0	52978
7784	51036	75	189	726	0	52026
7785	50954	101	148	732	0	51935
7786	51375	99	139	239	0	51852
7787	1269	113	50675	220	0	52277
7788	756	50143	640	214	0	51753
7789	226	731	654	49243	0	50854
7790	198	651	49277	672	0	50798
7791	187	209	48752	695	0	49843
7792	232	418	1069	45818	0	47537
7793	149	46736	636	646	0	48167
7794	46903	573	166	698	0	48340
7795	47661	583	119	324	0	48687
7796	48352	159	101	286	0	48898
7797	48146	127	94	265	0	48632
7798	1171	137	47270	227	0	48805
7799	46821	126	527	263	0	47737
7800	642	47670	564	281	0	49157
7801	657	558	137	47795	0	49147
7802	227	559	99	48505	0	49390
7803	48086	124	139	1160	0	49509
7804	676	97	127	48397	0	49297
7805	703	93	46747	728	0	48271
7806	45259	72	573	727	0	46631
7807	46388	64	612	299	0	47363
7808	46472	85	183	241	0	46981
7809	1196	104	45266	203	0	46769
7810	42762	119	564	209	0	43654
7811	614	42935	595	259	0	44403
7812	43033	443	329	234	0	44039
7813	681	541	219	41961	0	43402
7814	606	165	150	42125	0	43046
7815	191	41864	139	965	0	43159
7816	225	543	114	41954	0	42836
7817	198	42224	117	571	0	43110
7818	239	535	111	41425	0	42310
7819	220	41465	119	545	0	42349
7820	261	482	100	41039	0	41882
7821	202	41464	102	560	0	42328
7822	244	530	95	41983	0	42852
7823	195	42795	97	631	0	43718
7824	44930	518	99	664	0	46211
7825	697	552	90	45857	0	47196
7826	720	134	89	46763	0	47706
7827	229	135	91	49279	0	49734
7828	234	96	64	50197	0	50591
7829	254	102	50166	1487	0	52009
7830	220	85	701	51090	0	52096
7831	222	97	767	51300	0	52386
7832	50628	86	123	1491	0	52328
7833	50227	120	109	912	0	51368
7834	1521	51053	111	311	0	52996
7835	966	704	81	50926	0	52677
7836	323	817	65	53156	0	54361
7837	54064	161	92	1569	0	55886
7838	976	136	53132	994	0	55238
7839	52320	134	749	280	0	53483
7840	916	52857	858	277	0	54908
7841	49285	630	110	112	0	50137
7842	48415	635	96	108	0	49254
7843	1256	47999	66	125	0	49446
7844	668	48776	59	131	0	49634
7845	436	1475	231	45987	0	48129
7846	126	591	45832	598	0	47147
7847	44724	82	578	606	0	45990
7848	610	75	46002	97	0	46784
7849	44877	68	588	89	0	45622
7850	636	50	45594	89	0	46369
7851	569	44821	570	97	0	46057
7852	114	541	549	44899	0	46103
7853	44246	525	81	591	0	45443
7854	44918	74	53	580	0	45625
7855	1120	65	27	45072	0	46284
7856	46507	31	44	589	0	47171
7857	46306	43	41	581	0	46971
7858	1186	45896	48	148	0	47278
7859	46515	586	38	102	0	47241
7860	655	47133	51	119	0	47958
7861	677	643	54	46719	0	48093
7862	47102	604	55	659	0	48420
7863	48041	81	42	645	0	48809
7864	48584	47	32	97	0	48760
7865	1329	58	47726	83	0	49196
7866	722	65	48595	62	0	49444
7867	162	74	1214	48829	0	50279
7868	114	60	671	50716	0	51561
7869	92	52631	98	1354	0	54175
7870	53057	754	69	767	0	54647
7871	846	785	49	53446	0	55126
7872	850	106	40	54524	0	55520
7873	199	75	54305	1544	0	56123
7874	127	53730	788	898	0	55543
7875	120	55089	797	208	0	56214
7876	164	1553	120	54726	0	56563
7877	54253	872	88	874	0	56087
7878	834	142	58	54931	0	55965
7879	862	84	47	55723	0	56716
7880	55110	75	75	1599	0	56859
7881	55706	67	68	935	0	56776
7882	1637	94	64	55440	0	57235
7883	959	104	55247	928	0	57238
7884	229	76	809	56295	0	57409
7885	174	79	807	56760	0	57820
7886	56079	65	122	1705	0	57971
7887	920	68	81	57067	0	58136
7888	57283	62	85	1025	0	58455
7889	1029	91	57176	975	0	59271
7890	974	82	847	58324	0	60227
7891	269	77	847	59862	0	61055
7892	199	104	137	60873	0	61313
7893	202	108	89	60529	0	60928
7894	199	116	78	60136	0	60529
7895	199	107	57746	1949	0	60001
7896	56513	101	908	1144	0	58666
7897	1022	95	921	57667	0	59705
7898	1006	103	57153	1077	0	59339
7899	304	103	57600	1075	0	59082
7900	237	100	1733	56819	0	58889
7901	56718	87	971	1106	0	58882
7902	57183	104	202	1101	0	58590
7903	58448	105	147	344	0	59044
7904	1985	90	120	54856	0	57051
7905	1135	56909	151	1091	0	59286
7906	57823	878	158	1061	0	59920
7907	58270	901	171	323	0	59665
7908	58800	199	132	322	0	59453
7909	58583	135	115	309	0	59142
7910	2001	119	112	56768	0	59000
7911	1203	107	56599	1113	0	59022
7912	371	112	943	57128	0	58554
7913	298	107	57479	1226	0	59110
7914	56198	99	1032	1141	0	58470
7915	57117	75	963	406	0	58561
7916	1940	84	56060	370	0	58454
7917	56229	63	1008	354	0	57654
7918	57527	63	995	420	0	59005
7919	1960	95	216	56016	0	58287
7920	1171	56567	188	1166	0	59092
7921	56565	911	200	1130	0	58806
7922	1207	1529	199	53785	0	56720
7923	1054	54057	174	1119	0	56404
7924	421	1065	163	52590	0	54239
7925	350	718	51781	988	0	53837
7926	307	51819	770	981	0	53877
7927	49420	959	948	469	0	51796
7928	48931	773	406	485	0	50595
7929	48213	114	175	264	0	48766
7930	48422	65	142	289	0	48918
7931	1375	416	141	46086	0	48018
7932	845	46704	144	792	0	48485
7933	46193	588	169	758	0	47708
7934	912	598	45642	288	0	47440
7935	788	44775	664	241	0	46468
7936	391	587	42975	242	0	44195
7937	381	580	634	39163	0	40758
7938	208	39032	537	563	0	40340
7939	248	436	133	40833	0	41650
7940	273	426	41815	606	0	43120
7941	258	98	487	41351	0	42194
7942	254	78	493	42183	0	43008
7943	240	69	153	42965	0	43427
7944	41229	87	123	1001	0	42440
7945	590	41734	150	634	0	43108
7946	603	475	112	41831	0	43021
7947	41167	426	115	589	0	42297
7948	598	41507	105	637	0	42847
7949	41651	449	128	259	0	42487
7950	658	462	41704	227	0	43051
7951	628	208	482	40107	0	41425
7952	291	41471	470	534	0	42766
7953	41304	458	141	537	0	42440
7954	679	460	40767	187	0	42093
7955	624	39423	485	211	0	40743
7956	302	457	422	39206	0	40387
7957	233	428	142	39397	0	40200
7958	38681	119	128	799	0	39727
7959	557	114	124	38491	0	39286
7960	508	104	37457	512	0	38581
7961	271	160	388	36389	0	37208
7962	248	91	37261	490	0	38090
7963	222	369	438	34946	0	35975
7964	213	36583	378	442	0	37616
7965	35995	402	198	480	0	37075
7966	34895	365	133	199	0	35592
7967	662	33833	106	163	0	34764
7968	272	32185	76	114	0	32647
7969	524	396	268	29993	0	31181
7970	29877	152	135	236	0	30400
7971	262	78	46	29629	0	30015
7972	29352	59	59	240	0	29710
7973	238	28768	29	171	0	29206
7974	189	182	29	29135	0	29535
7975	101	157	29561	194	0	30013
7976	117	87	180	29192	0	29576
7977	100	77	143	29615	0	29935
7978	29751	47	40	318	0	30156
7979	197	30180	51	164	0	30592
7980	144	230	37	30185	0	30596
7981	30088	137	64	180	0	30469
7982	188	53	30333	154	0	30728
7983	29464	44	180	78	0	29766
7984	222	283	126	30335	0	30966
7985	166	31547	32	158	0	31903
7986	31514	147	39	163	0	31863
7987	197	127	32271	57	0	32652
7988	161	47	31969	41	0	32218
7989	48	31826	259	82	0	32215
7990	30626	113	403	44	0	31186
7991	94	66	30	30650	0	30840
7992	70	7	14	31156	0	31247
7993	31400	8	12	191	0	31611
7994	128	22	31848	90	0	32088
7995	89	17	122	32218	0	32446
7996	46	26	34183	144	0	34399
7997	16	17	145	33775	0	33953
7998	12	34701	104	158	0	34975
7999	10	145	20	35286	0	35461
8000	25	106	35052	162	0	35345
8001	34316	21	146	117	0	34600
8002	153	8	103	35932	0	36196
8003	123	21	36237	173	0	36554
8004	29	11	157	35500	0	35697
8005	21	10	115	36031	0	36177
8006	41	29	35857	269	0	36196
8007	34	14	36281	133	0	36462
8008	18	12	271	36739	0	37040
8009	35	21	37287	178	0	37521
8010	36215	16	188	140	0	36559
8011	176	14	120	37548	0	37858
8012	37416	13	39	179	0	37647
8013	211	27	37234	136	0	37608
8014	133	19	183	37563	0	37898
8015	62	26	40158	201	0	40447
8016	29	39597	224	183	0	40033
8017	44	193	40565	41	0	40843
8018	47	146	39367	37	0	39597
8019	38233	43	356	38	0	38670
8020	39696	19	156	31	0	39902
8021	354	29	40727	31	0	41141
8022	168	19	209	38827	0	39223
8023	47	37	160	41240	0	41484
8024	39	15	41669	370	0	42093
8025	12	40618	232	212	0	41074
8026	40097	222	191	70	0	40580
8027	244	168	41317	36	0	41765
8028	185	39	223	41396	0	41843
8029	38	22	195	42495	0	42750
8030	43006	3	34	452	0	43495
8031	43343	7	49	235	0	43634
8032	43864	9	25	60	0	43958
8033	43961	14	26	42	0	44043
8034	429	11	25	43554	0	44019
8035	249	18	45452	243	0	45962
8036	43	15	239	45352	0	45649
8037	31	11	219	46191	0	46452
8038	46	25	47	47296	0	47414
8039	62	25	46718	480	0	47285
8040	44277	8	273	268	0	44826
8041	303	22	246	46912	0	47483
8042	328	23	47962	312	0	48625
8043	59	48841	309	310	0	49519
8044	46	289	288	49561	0	50184
8045	55	285	66	49945	0	50351
8046	49369	37	40	582	0	50028
8047	312	50450	45	357	0	51164
8048	324	309	50465	94	0	51192
8049	70	279	314	49981	0	50644
8050	44	44	296	50365	0	50749
8051	50208	21	69	582	0	50880
8052	49953	18	43	340	0	50354
8053	603	22	41	50905	0	51571
8054	51005	16	37	359	0	51417
8055	342	50866	44	346	0	51598
8056	338	300	53182	93	0	53913
8057	80	277	324	53183	0	53864
8058	53	38	291	54653	0	55035
8059	55	16	77	54986	0	55134
8060	53	19	45	54244	0	54361
8061	37	53932	59	680	0	54708
8062	53489	308	50	372	0	54219
8063	350	288	43	53686	0	54367
8064	306	55985	52	362	0	56705
8065	56257	307	49	329	0	56942
8066	55781	273	36	114	0	56204
8067	572	57222	49	132	0	57975
8068	345	344	50	57965	0	58704
8069	95	309	36	58473	0	58913
8070	72	50	46	58403	0	58571
8071	70	29	41	58804	0	58944
8072	58741	24	59	678	0	59502
8073	59167	23	49	376	0	59615
8074	679	59940	61	176	0	60856
8075	409	411	59770	99	0	60689
8076	88	332	413	59713	0	60546
8077	61084	58	349	467	0	61958
8078	431	60600	87	441	0	61559
8079	378	61141	49	149	0	61717
8080	62110	706	52	97	0	62965
8081	62531	391	47	96	0	63065
8082	823	115	54	62278	0	63270
8083	473	54	63685	517	0	64729
8084	187	71	63813	418	0	64489
8085	65197	114	917	227	0	66455
8086	67087	82	497	171	0	67837
8087	66521	49	118	120	0	66808
8088	66257	36	55	120	0	66468
8089	65919	46	51	125	0	66141
8090	829	66077	45	193	0	67144
8091	484	601	62	64150	0	65297
8092	128	67969	61	566	0	68724
8093	68070	567	149	447	0	69233
8094	67556	466	95	255	0	68372
8095	67366	98	66	163	0	67693
8096	66692	68	37	111	0	66908
8097	740	66096	54	152	0	67042
8098	65844	357	32	136	0	66369
8099	452	66137	43	141	0	66773
8100	455	573	59	65828	0	66915
8101	65500	313	96	453	0	66362
8102	475	95	66199	401	0	67170
8103	384	66	360	65032	0	65842
8104	130	95	319	67023	0	67567
8105	169	79	66365	697	0	67310
8106	107	66447	374	483	0	67411
8107	66106	419	347	173	0	67045
8108	65396	348	90	123	0	65957
8109	676	65592	66	186	0	66520
8110	425	400	57	65594	0	66476
8111	265	374	67065	414	0	68118
8112	124	68849	361	423	0	69757
8113	68128	439	341	191	0	69099
8114	470	379	68179	104	0	69132
8115	62623	96	371	128	0	63218
8116	65841	70	307	110	0	66328
8117	708	78	67799	128	0	68713
8118	406	67705	353	204	0	68668
8119	233	475	335	68040	0	69083
8120	186	327	68629	366	0	69508
8121	64259	161	382	401	0	65203
8122	67352	64	294	139	0	67849
8123	590	67668	74	163	0	68495
8124	362	346	46	67372	0	68126
8125	168	339	39	68398	0	68944
8126	190	129	68667	548	0	69534
8127	125	69043	303	391	0	69862
8128	71144	391	285	359	0	72179
8129	71641	252	85	158	0	72136
8130	72312	115	48	180	0	72655
8131	642	93	71664	95	0	72494
8132	70281	69	317	118	0	70785
8133	72252	53	240	122	0	72667
8134	603	74	73	72385	0	73135
8135	364	79	71075	310	0	71828
8136	159	132	287	70312	0	70890
8137	191	120	71864	332	0	72507
8138	136	358	289	69593	0	70376
8139	107	71398	225	390	0	72120
8140	99	74485	72	293	0	74949
8141	179	455	87	74856	0	75577
8142	113	239	58	73638	0	74048
8143	72864	55	41	503	0	73463
8144	323	85	73182	195	0	73785
8145	70569	45	248	129	0	70991
8146	305	74275	208	117	0	74905
8147	74243	253	72	93	0	74661
8148	74158	192	54	84	0	74488
8149	437	62	50	73899	0	74448
8150	315	65	76833	264	0	77477
8151	122	106	238	76536	0	77002
8152	85	79725	208	382	0	80400
8153	66	289	62	80082	0	80499
8154	80	262	32	80287	0	80661
8155	79050	55	56	577	0	79738
8156	324	72	35	77608	0	78039
8157	289	77006	65	381	0	77741
8158	117	309	34	78126	0	78586
8159	77921	258	51	348	0	78578
8160	317	79187	38	408	0	79950
8161	325	405	49	80656	0	81435
8162	93	325	42	81063	0	81523
8163	79	67	35	83147	0	83328
8164	77	65	47	82315	0	82504
8165	82700	46	45	821	0	83612
8166	471	50	38	84297	0	84856
8167	426	66	32	85749	0	86273
8168	112	204	48	86857	0	87221
8169	90	88687	47	1049	0	89873
8170	88394	544	110	643	0	89691
8171	751	576	88991	137	0	90455
8172	563	88122	541	197	0	89423
8173	86286	514	595	156	0	87551
8174	655	539	88693	97	0	89984
8175	507	88529	513	197	0	89746
8176	259	1029	626	86396	0	88310
8177	77	89165	93	593	0	89928
8178	138	505	88274	464	0	89381
8179	177	545	88665	157	0	89544
8180	42	88906	883	231	0	90062
8181	88391	530	632	151	0	89704
8182	88127	478	141	124	0	88870
8183	890	117	85622	63	0	86692
8184	549	100	81863	75	0	82587
8185	168	87	84561	66	0	84882
8186	66	56	932	83353	0	84407
8187	69	53	511	84437	0	85070
8188	55	62	99	86383	0	86599
8189	102	96	88133	963	0	89294
8190	63	55	450	86155	0	86723
8191	62	53	480	87555	0	88150
8192	128	85	86689	967	0	87869
8193	81706	60	546	684	0	82996
8194	576	72	549	90295	0	91492
8195	627	52	107	89933	0	90719
8196	118	92393	91	1225	0	93827
8197	92640	550	152	740	0	94082
8198	663	673	92306	167	0	93809
8199	91231	123	598	136	0	92088
8200	668	79	675	92343	0	93765
8201	762	155	93834	657	0	95408
8202	183	94	598	93350	0	94225
8203	93986	70	717	858	0	95631
8204	682	123	94408	731	0	95944
8205	93380	57	658	280	0	94375
8206	94862	67	700	173	0	95802
8207	95962	77	176	167	0	96382
8208	1275	94910	136	290	0	96611
8209	778	618	109	97235	0	98740
8210	98776	661	126	753	0	100316
8211	98219	133	141	757	0	99250
8212	99269	92	128	231	0	99720
8213	1523	123	96757	143	0	98546
8214	99411	75	730	210	0	100426
8215	908	66	810	104217	0	106001
8216	938	102	104375	974	0	106389
8217	223	75	908	108132	0	109338
8218	173	72	927	108977	0	110149
8219	261	124	110822	2166	0	113373
8220	194	76	1152	111721	0	113143
8221	171	79	1226	115912	0	117388
8222	238	138	128361	2517	0	131254
8223	133604	67	1672	1627	0	136970
8224	145517	64	1777	427	0	147785
8225	3688	91	430	150538	0	154747
8226	2495	130	150258	2185	0	155068
8227	636	123	2129	149130	0	152018
8228	412	148377	2262	2565	0	153616
8229	456	1943	469	149486	0	152354
8230	367	2173	305	150527	0	153372
8231	148997	367	293	4441	0	154098
8232	149529	174	287	2892	0	152882
8233	153023	200	234	868	0	154325
8234	4658	215	244	149422	0	154539
8235	2855	168	202	152147	0	155372
8236	999	238	149333	4605	0	155175
8237	742	433	2140	146128	0	149443
8238	629	148395	2377	2813	0	154214
8239	147618	2016	560	2673	0	152867
8240	2341	147382	393	1169	0	151285
8241	148235	2305	388	814	0	151742
8242	2622	2387	391	139108	0	144508
8243	2558	144005	365	2621	0	149549
8244	144218	2218	339	2609	0	149384
8245	144165	2426	357	876	0	147824
8246	4666	664	274	142135	0	147739
8247	2963	143322	362	2730	0	149377
8248	951	2360	338	145590	0	149239
8249	811	2471	142825	2860	0	148967
8250	138065	576	2288	2919	0	143848
8251	2554	140357	2551	1260	0	146722
8252	140398	2236	628	827	0	144089
8253	2833	2432	410	138914	0	144589
8254	142307	594	442	2719	0	146062
8255	3086	434	142865	2808	0	149193
8256	146142	382	2492	1090	0	150106
8257	147636	362	2612	808	0	151418
8258	5460	371	146228	941	0	153000
8259	3635	345	2590	144752	0	151322
8260	1464	337	2767	147095	0	151663
8261	142970	389	813	5373	0	149545
8262	3057	142763	662	3780	0	150262
8263	3240	3306	846	140394	0	147786
8264	1387	2627	140222	3092	0	147328
8265	1184	716	139151	3333	0	144384
8266	1122	136715	4518	1609	0	143964
8267	1636	2496	137059	1178	0	142369
8268	130582	2920	3066	1306	0	137874
8269	2930	924	2678	128541	0	135073
8270	132396	488	929	2862	0	136675
8271	2997	648	130592	2961	0	137198
8272	2925	599	2585	129846	0	135955
8273	1219	656	2566	132367	0	136808
8274	1166	695	129415	4800	0	136076
8275	1181	595	2431	130843	0	135050
8276	128858	673	2517	3094	0	135142
8277	130063	546	803	3080	0	134492
8278	4962	545	596	128619	0	134722
8279	129791	535	601	3041	0	133968
8280	128639	501	570	3089	0	132799
8281	5135	126056	584	1521	0	133296
8282	3548	2354	558	126765	0	133225
8283	127663	2449	538	2995	0	133645
8284	3272	750	563	129023	0	133608
8285	127714	521	640	3166	0	132041
8286	3454	556	574	126790	0	131374
8287	3488	609	126846	3229	0	134172
8288	1591	126546	2567	3389	0	134093
8289	1571	2901	2701	109154	0	116327
8290	1413	125732	963	2812	0	130920
8291	121532	2616	915	2908	0	127971
8292	2984	122208	931	1437	0	127560
8293	3097	120469	889	1826	0	126281
8294	1625	4672	834	117450	0	124581
8295	117266	2859	892	3009	0	124026
8296	2929	1042	652	117943	0	122566
8297	117851	801	658	3266	0	122576
8298	116388	798	723	3173	0	121082
8299	4703	116228	769	1585	0	123285
8300	119247	2484	862	1210	0	123803
8301	117723	2561	816	1094	0	122194
8302	119012	852	818	1078	0	121760
8303	5443	703	113634	1038	0	120818
8304	3643	637	2466	112210	0	118956
8305	1810	558	2599	115049	0	120016
8306	1685	540	113310	4752	0	120287
8307	112684	490	2581	3282	0	119037
8308	115788	414	2634	1550	0	120386
8309	115984	391	942	1379	0	118696
8310	113408	358	750	1337	0	115853
8311	5407	109015	697	1456	0	116575
8312	110695	2130	551	1177	0	114553
8313	3918	2447	465	107914	0	114744
8314	3607	742	104142	2690	0	111181
8315	99926	498	1972	2653	0	105049
8316	3096	100898	2136	1314	0	107444
8317	95765	1981	947	900	0	99593
8318	2816	95679	443	1067	0	100005
8319	2651	91309	484	1054	0	95498
8320	1445	91377	693	982	0	94497
8321	1564	87972	1019	1208	0	91763
8322	1852	3060	70450	1218	0	76580
8323	1540	4431	1944	58579	0	66494
8324	611	541	55156	1184	0	57492
8325	46254	335	775	777	0	48141
8326	705	47267	626	386	0	48984
8327	677	47454	176	366	0	48673
8328	332	1088	202	46102	0	47724
8329	350	695	121	46566	0	47732
8330	287	271	46002	1065	0	47625
8331	277	259	45721	646	0	46903
8332	293	327	981	44873	0	46474
8333	306	177	45682	640	0	46805
8334	285	44917	630	694	0	46526
8335	401	568	548	44454	0	45971
8336	370	559	182	46173	0	47284
8337	370	181	45724	1097	0	47372
8338	377	113	571	45582	0	46643
8339	45987	118	578	710	0	47393
8340	766	123	193	45906	0	46988
8341	739	90	190	45780	0	46799
8342	337	123	45246	1245	0	46951
8343	42838	101	616	794	0	44349
8344	764	45801	642	354	0	47561
8345	872	557	136	45791	0	47356
8346	480	568	45758	632	0	47438
8347	405	293	555	45529	0	46782
8348	45254	192	605	674	0	46725
8349	837	209	45701	688	0	47435
8350	825	402	650	45123	0	47000
8351	390	167	46675	710	0	47942
8352	289	46063	627	806	0	47785
8353	544	622	45826	284	0	47276
8354	260	45175	627	313	0	46375
8355	257	571	41511	204	0	42543
8356	279	970	551	37197	0	38997
8357	114	39137	455	351	0	40057
8358	37961	337	72	357	0	38727
8359	329	385	55	38173	0	38942
8360	38978	100	56	356	0	39490
8361	378	75	48	39894	0	40395
8362	403	93	34	40336	0	40866
8363	40279	51	60	682	0	41072
8364	40909	44	57	446	0	41456
8365	753	70	59	42443	0	43325
8366	518	58	43713	397	0	44686
8367	163	43265	392	485	0	44305
8368	195	382	44165	100	0	44842
8369	110	44485	397	112	0	45104
8370	43599	395	518	115	0	44627
8371	425	427	43020	84	0	43956
8372	478	80	42798	65	0	43421
8373	106	119	731	41273	0	42229
8374	42289	47	449	384	0	43169
8375	405	53	43592	440	0	44490
8376	464	44373	376	102	0	45315
8377	45141	343	433	96	0	46013
8378	45554	400	71	109	0	46134
8379	46270	72	58	83	0	46483
8380	46251	73	63	71	0	46458
8381	46040	59	55	64	0	46218
8382	798	66	45511	80	0	46455
8383	459	468	349	43100	0	44376
8384	103	45030	414	342	0	45889
8385	44901	327	106	388	0	45722
8386	333	45433	69	106	0	45941
8387	43070	276	122	70	0	43538
8388	42562	298	48	55	0	42963
8389	541	42511	39	89	0	43180
8390	43101	270	60	77	0	43508
8391	323	309	44	42942	0	43618
8392	342	40	43	43417	0	43842
8393	93	51	42754	562	0	43460
8394	62	43425	287	361	0	44135
8395	58	287	319	43534	0	44198
8396	65	311	54	43948	0	44378
8397	56	51	45	44174	0	44326
8398	73	47	42983	575	0	43678
8399	40205	51	293	353	0	40902
8400	326	45	319	43406	0	44096
8401	44368	29	65	337	0	44799
8402	362	47	45	44560	0	45014
8403	412	47	44919	342	0	45720
8404	103	47	45071	362	0	45583
8405	42764	71	660	125	0	43620
8406	44996	44	390	84	0	45514
8407	636	44512	69	87	0	45304
8408	395	317	44486	51	0	45249
8409	115	389	316	43706	0	44526
8410	106	81	348	42739	0	43274
8411	45945	32	56	675	0	46708
8412	45832	45	50	379	0	46306
8413	46123	39	48	101	0	46311
8414	671	50	45369	67	0	46157
8415	45989	40	318	129	0	46476
8416	379	27	332	46561	0	47299
8417	380	36	64	46888	0	47368
8418	102	40	54	47076	0	47272
8419	77	46461	56	664	0	47258
8420	45838	305	45	376	0	46564
8421	366	338	43	45657	0	46404
8422	381	67	45632	346	0	46426
8423	98	36	330	45096	0	45560
8424	65	45678	361	374	0	46478
8425	45970	310	70	361	0	46711
8426	361	330	40	45735	0	46466
8427	381	61	50	45566	0	46058
8428	119	46	45904	642	0	46711
8429	96	57	318	45285	0	45756
8430	89	46133	350	373	0	46945
8431	95	315	69	46814	0	47293
8432	102	356	46695	388	0	47541
8433	43029	56	331	415	0	43831
8434	45868	42	354	98	0	46362
8435	640	46748	66	113	0	47567
8436	46217	273	61	81	0	46632
8437	46578	272	38	74	0	46962
8438	564	46495	54	113	0	47226
8439	361	418	57	46473	0	47309
8440	47275	268	116	383	0	48042
8441	324	48153	49	349	0	48875
8442	344	321	48350	72	0	49087
8443	47865	282	382	109	0	48638
8444	49730	49	303	86	0	50168
8445	50060	37	65	84	0	50246
8446	50006	39	45	74	0	50164
8447	632	50700	45	100	0	51477
8448	51482	314	47	81	0	51924
8449	51949	295	38	88	0	52370
8450	52408	58	30	77	0	52573
8451	709	49	39	52152	0	52949
8452	52593	35	41	408	0	53077
8453	387	54450	49	445	0	55331
8454	420	398	56505	86	0	57409
8455	109	596	422	58029	0	59156
8456	59152	50	491	492	0	60185
8457	546	52	59718	547	0	60863
8458	573	65	470	59458	0	60566
8459	134	45	60141	527	0	60847
8460	65	59377	498	657	0	60597
8461	97	561	536	58444	0	59638
8462	136	529	58788	511	0	59964
8463	67	58527	455	571	0	59620
8464	287	673	540	57105	0	58605
8465	56982	542	250	674	0	58448
8466	56902	35	41	521	0	57499
8467	57608	30	25	76	0	57739
8468	57286	23	27	66	0	57402
8469	57097	40	31	67	0	57235
8470	907	37	56819	59	0	57822
8471	57212	22	407	75	0	57716
8472	58368	30	467	64	0	58929
8473	901	41	55	58132	0	59129
8474	58813	29	38	433	0	59313
8475	56864	30	22	504	0	57420
8476	888	56494	37	96	0	57515
8477	539	424	24	56850	0	57837
8478	116	485	28	57258	0	57887
8479	56787	39	50	907	0	57783
8480	456	56957	51	577	0	58041
8481	531	58166	41	132	0	58870
8482	117	948	52	58937	0	60054
8483	78	556	35	59675	0	60344
8484	97	48	39	60084	0	60268
8485	98	48	30	60399	0	60575
8486	58736	40	34	1012	0	59822
8487	58340	29	49	599	0	59017
8488	1054	71	59150	92	0	60367
8489	607	43	469	58197	0	59316
8490	113	43	527	59249	0	59932
8491	120	55	58823	974	0	59972
8492	56098	46	486	612	0	57242
8493	497	58534	545	153	0	59729
8494	58535	463	76	86	0	59160
8495	547	537	39	58035	0	59158
8496	628	84	58712	498	0	59922
8497	151	143	479	59467	0	60240
8498	153	57	61661	539	0	62410
8499	105	61682	479	627	0	62893
8500	60269	556	713	196	0	61734
8501	59902	547	88	94	0	60631
8502	918	59993	47	136	0	61094
8503	596	414	53	59006	0	60069
8504	58492	484	53	468	0	59497
8505	463	58415	58	574	0	59510
8506	559	433	36	58698	0	59726
8507	58903	483	67	505	0	59958
8508	505	82	58508	527	0	59622
8509	57191	62	412	130	0	57795
8510	463	58719	512	143	0	59837
8511	58813	405	78	87	0	59383
8512	58080	501	60	95	0	58736
8513	954	89	57740	95	0	58878
8514	597	54	406	55843	0	56900
8515	136	53	495	57757	0	58441
8516	138	70	57571	928	0	58707
8517	118	52	420	56853	0	57443
8518	117	72	502	57045	0	57736
8519	58050	49	68	931	0	59098
8520	58095	49	69	578	0	58791
8521	955	58	57	57674	0	58744
8522	615	68	58112	502	0	59297
8523	138	58	431	58585	0	59212
8524	132	54	526	58819	0	59531
8525	150	61	59353	942	0	60506
8526	141	60	419	59951	0	60571
8527	59677	39	525	521	0	60762
8528	59328	52	84	572	0	60036
8529	947	59267	65	189	0	60468
8530	60471	420	55	185	0	61131
8531	59770	491	71	139	0	60471
8532	948	60161	68	165	0	61342
8533	61121	421	58	146	0	61746
8534	60613	497	72	113	0	61295
8535	61619	78	66	114	0	61877
8536	1040	77	60301	120	0	61538
8537	60222	47	424	137	0	60830
8538	552	120	522	61479	0	62673
8539	61838	64	77	534	0	62513
8540	594	82	61081	579	0	62336
8541	610	60291	497	160	0	61558
8542	60068	520	640	112	0	61340
8543	508	61980	103	188	0	62779
8544	626	491	76	60994	0	62187
8545	163	579	64	62231	0	63037
8546	62417	73	56	1032	0	63578
8547	61497	47	66	656	0	62266
8548	1071	59	61324	160	0	62614
8549	641	73	58856	134	0	59704
8550	166	60	59905	101	0	60232
8551	176	700	955	57331	0	59162
8552	142	66	59002	468	0	59678
8553	182	152	55987	500	0	56821
8554	652	1158	867	51536	0	54213
8555	52703	159	529	621	0	54012
8556	52712	16	58	344	0	53130
8557	53071	14	41	88	0	53214
8558	52918	18	32	75	0	53043
8559	587	18	35	52817	0	53457
8560	341	19	29	53420	0	53809
8561	96	47	54763	572	0	55478
8562	65	25	334	54175	0	54599
8563	71	30	327	54537	0	54965
8564	55720	16	52	676	0	56464
8565	55666	25	46	391	0	56128
8566	698	27	42	55392	0	56159
8567	56433	19	38	427	0	56917
8568	56756	16	46	422	0	57240
8569	768	30	41	57361	0	58200
8570	464	18	40	57165	0	57687
8571	139	45	56402	832	0	57418
8572	105	45	55677	450	0	56277
8573	101	190	786	55775	0	56852
8574	110	61	448	56692	0	57311
8575	117	39	56679	790	0	57625
8576	54221	19	430	477	0	55147
8577	55151	22	413	115	0	55701
8578	841	33	55040	86	0	56000
8579	450	54859	433	141	0	55883
8580	55412	335	492	119	0	56358
8581	469	374	57283	67	0	58193
8582	451	175	449	55921	0	56996
8583	187	97	419	57098	0	57801
8584	58192	22	100	772	0	59086
8585	60379	22	68	498	0	60967
8586	769	21	68	60211	0	61069
8587	471	23	46	63600	0	64140
8588	63740	17	71	809	0	64637
8589	64121	18	69	514	0	64722
8590	64070	21	62	151	0	64304
8591	994	39	64758	101	0	65892
8592	575	34	477	64932	0	66018
8593	147	18	487	66469	0	67121
8594	66038	12	97	993	0	67140
8595	521	66711	101	621	0	67954
8596	70268	460	79	194	0	71001
8597	686	71252	92	186	0	72216
8598	680	623	76	72427	0	73806
8599	158	610	77	74117	0	74962
8600	175	74	74211	1490	0	75950
8601	136	37	785	74804	0	75762
8602	182	61	75089	923	0	76255
8603	160	37	843	75170	0	76210
8604	137	59	759	74612	0	75567
8605	125	72918	177	1628	0	74848
8606	148	75309	114	991	0	76562
8607	173	1459	105	74580	0	76317
8608	155	782	102	76239	0	77278
8609	147	97	87	77642	0	77973
8610	156	53	80	78624	0	78913
8611	159	69	105	79511	0	79844
8612	192	84	78057	1776	0	80109
8613	152	53	867	78255	0	79327
8614	153	48	848	79132	0	80181
8615	180	81	76922	1755	0	78938
8616	152	76341	885	1182	0	78560
8617	341	796	870	76930	0	78937
8618	197	806	77031	981	0	79015
8619	135	77639	874	1065	0	79713
8620	157	819	849	78320	0	80145
8621	79044	816	171	1038	0	81069
8622	930	137	114	79171	0	80352
8623	919	95	105	79462	0	80581
8624	201	87	126	80662	0	81076
8625	172	91	102	78880	0	79245
8626	173	76754	145	1918	0	78990
8627	157	819	131	78428	0	79535
8628	79282	833	105	1316	0	81536
8629	938	144	136	80796	0	82014
8630	916	117	112	79909	0	81054
8631	191	119	126	81266	0	81702
8632	78184	115	121	1949	0	80369
8633	78491	127	133	1254	0	80005
8634	1758	92	114	78889	0	80853
8635	78037	84	105	1141	0	79367
8636	77328	84	125	1111	0	78648
8637	1554	77443	116	556	0	79669
8638	76681	772	133	428	0	78014
8639	853	77138	154	438	0	78583
8640	778	76343	129	436	0	77686
8641	370	1558	287	76084	0	78299
8642	273	844	76955	1004	0	79076
8643	179	365	773	75390	0	76707
8644	180	177	781	75085	0	76223
8645	138	74676	183	1657	0	76654
8646	74044	772	135	1055	0	76006
8647	783	770	110	74179	0	75842
8648	825	211	76846	1027	0	78909
8649	196	269	717	76303	0	77485
8650	132	77416	720	1119	0	79387
8651	77386	743	181	1046	0	79356
8652	774	765	121	77735	0	79395
8653	820	223	77926	1069	0	80038
8654	229	211	731	77549	0	78720
8655	150	76470	730	1134	0	78484
8656	164	794	151	77635	0	78744
8657	78603	760	127	1174	0	80664
8658	80139	204	103	1169	0	81615
8659	80970	143	145	549	0	81807
8660	1579	80934	136	618	0	83267
8661	81242	820	141	521	0	82724
8662	966	858	130	81461	0	83415
8663	81235	203	157	1236	0	82831
8664	977	81348	158	1250	0	83733
8665	941	1032	138	81611	0	83722
8666	271	933	82067	1131	0	84402
8667	76358	317	918	1176	0	78769
8668	852	81614	790	643	0	83899
8669	883	986	197	81090	0	83156
8670	222	825	137	82468	0	83652
8671	178	228	100	82631	0	83137
8672	204	159	133	80429	0	80925
8673	191	80472	123	1813	0	82599
8674	80854	814	114	1134	0	82916
8675	80712	789	112	494	0	82107
8676	1568	238	81317	443	0	83566
8677	912	209	791	81284	0	83196
8678	330	208	82479	1076	0	84093
8679	80083	177	871	1106	0	82237
8680	81702	167	800	450	0	83119
8681	79557	167	163	422	0	80309
8682	1640	165	105	76679	0	78589
8683	922	77036	102	1112	0	79172
8684	77198	807	102	1037	0	79144
8685	997	945	72	75706	0	77720
8686	75894	215	161	1088	0	77358
8687	990	200	72581	906	0	74677
8688	839	171	71239	352	0	72601
8689	71969	159	1211	318	0	73657
8690	991	276	718	72176	0	74161
8691	71596	150	194	902	0	72842
8692	866	71404	101	906	0	73277
8693	72058	716	202	371	0	73347
8694	71896	673	229	312	0	73110
8695	1387	246	71372	307	0	73312
8696	650	140	65971	169	0	66930
8697	221	65921	958	217	0	67317
8698	702	752	948	63159	0	65561
8699	63594	406	485	529	0	65014
8700	418	92	42	63694	0	64246
8701	401	70	43	64947	0	65461
8702	191	87	63790	689	0	64757
8703	61506	54	351	460	0	62371
8704	446	232	345	65516	0	66539
8705	471	89	65170	412	0	66142
8706	226	117	64197	388	0	64928
8707	179	570	665	64103	0	65517
8708	188	91	65339	415	0	66033
8709	209	114	64385	366	0	65074
8710	188	255	594	58426	0	59463
8711	185	94	65562	371	0	66212
8712	122	110	361	63578	0	64171
8713	113	64307	300	468	0	65188
8714	66180	338	82	351	0	66951
8715	369	67812	71	209	0	68461
8716	355	412	63	67369	0	68199
8717	133	69614	71	502	0	70320
8718	178	478	70728	397	0	71781
8719	133	367	478	78918	0	79896
8720	202	129	92304	897	0	93532
8721	90496	86	1196	753	0	92531
8722	1272	97990	1033	289	0	100584
8723	100133	1277	205	174	0	101789
8724	1497	1168	132	98549	0	101346
8725	100409	217	144	1352	0	102122
8726	1614	146	99667	1254	0	102681
8727	1351	100351	1334	367	0	103403
8728	99522	1313	1230	189	0	102254
8729	1500	1265	225	94426	0	97416
8730	1286	99656	175	1326	0	102443
8731	334	1410	111	101830	0	103685
8732	101690	1252	126	1569	0	104637
8733	1411	108846	139	1469	0	111865
8734	110627	1646	161	338	0	112772
8735	1901	1596	107936	229	0	111662
8736	108002	273	1650	191	0	110116
8737	1911	190	1493	108242	0	111836
8738	107907	132	289	1725	0	110053
8739	1791	107858	214	1641	0	111504
8740	1606	1635	162	108624	0	112027
8741	383	1534	143	110250	0	112310
8742	369	294	106338	3097	0	110098
8743	263	179	1678	106395	0	108515
8744	246	182	1517	108443	0	110388
8745	226	154	280	109669	0	110329
8746	261	162	183	110098	0	110704
8747	291	221	107683	3357	0	111552
8748	216	103340	1776	2023	0	107355
8749	237	1657	1563	104407	0	107864
8750	104029	1521	309	1858	0	107717
8751	104468	277	220	1696	0	106661
8752	3145	104898	219	583	0	108845
8753	105706	1724	219	341	0	107990
8754	105643	1557	236	320	0	107756
8755	105891	294	252	340	0	106777
8756	3387	103016	235	440	0	107078
8757	102561	1687	183	303	0	104734
8758	2063	1955	164	98535	0	102717
8759	1751	332	98825	1801	0	102709
8760	418	97927	1633	1703	0	101681
8761	578	1907	1674	97150	0	101309
8762	623	1461	96196	1761	0	100041
8763	93504	357	1648	1634	0	97143
8764	1755	245	1424	96277	0	99701
8765	1603	193	293	97584	0	99673
8766	449	227	190	97623	0	98489
8767	350	245	165	98237	0	98997
8768	371	226	94291	3159	0	98047
8769	86984	216	1584	1876	0	90660
8770	1700	93466	1491	681	0	97338
8771	94469	1611	323	365	0	96768
8772	1874	94948	230	466	0	97518
8773	95581	1755	196	370	0	97902
8774	1955	1532	181	93971	0	97639
8775	1760	371	94158	1794	0	98083
8776	613	299	94637	1647	0	97196
8777	431	310	2933	93121	0	96795
8778	390	274	1596	94316	0	96576
8779	365	242	378	96201	0	97186
8780	92727	211	278	3303	0	96519
8781	1780	263	93679	1936	0	97658
8782	1657	422	1655	88554	0	92288
8783	496	93591	1515	1847	0	97449
8784	93087	1698	368	1674	0	96827
8785	1915	1538	92952	607	0	97012
8786	1715	91528	1724	714	0	95681
8787	697	1709	93684	423	0	96513
8788	552	1555	1806	92031	0	95944
8789	617	456	93664	1882	0	96619
8790	576	383	93363	1730	0	96052
8791	509	384	2971	92042	0	95906
8792	489	334	93704	1950	0	96477
8793	562	263	93651	1790	0	96266
8794	409	293	3079	90395	0	94176
8795	90745	298	1736	2033	0	94812
8796	1917	245	90996	1886	0	95044
8797	1686	282	1809	89156	0	92933
8798	537	275	1651	91839	0	94302
8799	90038	231	510	3293	0	94072
8800	1873	291	407	91326	0	93897
8801	89973	245	390	2201	0	92809
8802	1983	88710	366	2132	0	93191
8803	1772	1647	323	89962	0	93704
8804	89855	1503	362	2060	0	93780
8805	90762	356	321	1886	0	93325
8806	3245	310	325	89641	0	93521
8807	1912	277	89572	2061	0	93822
8808	85685	259	1766	1893	0	89603
8809	1830	88913	1671	755	0	93169
8810	89206	1668	564	690	0	92128
8811	87959	1514	464	613	0	90550
8812	88887	384	390	563	0	90224
8813	3348	296	86046	588	0	90278
8814	1892	85202	1774	644	0	89512
8815	811	2555	1668	82836	0	87870
8816	713	2385	644	83769	0	87511
8817	614	416	82304	3070	0	86404
8818	483	77950	1582	1892	0	81907
8819	389	68159	1163	605	0	70316
8820	280	57855	363	302	0	58800
8821	52193	1322	1906	297	0	55718
8822	982	634	356	49930	0	51902
8823	567	119	159	50078	0	50923
8824	190	124	49838	998	0	51150
8825	47297	106	580	577	0	48560
8826	569	97	516	49371	0	50553
8827	636	546	165	49312	0	50659
8828	313	84	49149	989	0	50535
8829	131	48697	565	622	0	50015
8830	254	1124	503	47986	0	49867
8831	197	450	48041	616	0	49304
8832	118	44771	487	483	0	45859
8833	39080	264	338	108	0	39790
8834	276	202	39935	88	0	40501
8835	219	111	236	37885	0	38451
8836	62	39376	194	230	0	39862
8837	39275	219	99	183	0	39776
8838	234	183	44	39260	0	39721
8839	39415	44	50	238	0	39747
8840	39261	25	32	174	0	39492
8841	364	39458	29	98	0	39949
8842	39655	199	40	71	0	39965
8843	40379	153	58	101	0	40691
8844	394	52	40639	49	0	41134
8845	40125	40	235	62	0	40462
8846	258	33	40791	57	0	41139
8847	39814	32	218	42	0	40106
8848	40137	23	165	39	0	40364
8849	315	35	40314	31	0	40695
8850	156	94	160	39603	0	40013
8851	79	34	41054	162	0	41329
8852	55	44	39352	124	0	39575
8853	68	60	41510	64	0	41702
8854	73	207	289	40355	0	40924
8855	37	22	140	42708	0	42907
8856	25	20	24	43157	0	43226
8857	41	17	18	44263	0	44339
8858	48	27	45173	296	0	45544
8859	38	31	179	44602	0	44850
8860	33	44566	166	276	0	45041
8861	67	218	47234	203	0	47722
8862	32	204	252	46502	0	46990
8863	68	30	48744	278	0	49120
8864	28	48627	287	281	0	49223
8865	33	49278	252	72	0	49635
8866	36	512	40	49049	0	49637
8867	48	267	49206	287	0	49808
8868	57	57	49942	266	0	50322
8869	43	86	542	49812	0	50483
8870	37	23	289	50347	0	50696
8871	24	18	53	51118	0	51213
8872	51	41	50839	544	0	51475
8873	24	50755	282	356	0	51417
8874	30	52373	267	105	0	52775
8875	40	542	60	52576	0	53218
8876	52	304	52060	319	0	52735
8877	59	68	52655	310	0	53092
8878	25	54389	559	100	0	55073
8879	54539	315	310	88	0	55252
8880	289	56050	58	100	0	56497
8881	306	342	57353	55	0	58056
8882	56404	291	405	52	0	57152
8883	377	53	365	58821	0	59616
8884	60505	29	70	478	0	61082
8885	414	37	40	61082	0	61573
8886	400	35	49	62065	0	62549
8887	62143	33	50	828	0	63054
8888	439	64298	72	593	0	65402
8889	477	485	64361	113	0	65436
8890	71	65670	483	122	0	66346
8891	64783	502	493	84	0	65862
8892	446	65371	95	129	0	66041
8893	65325	530	68	74	0	65997
8894	64948	475	62	62	0	65547
8895	930	65445	68	140	0	66583
8896	504	514	61	64547	0	65626
8897	64430	469	52	538	0	65489
8898	64743	82	63	514	0	65402
8899	946	67	71	63994	0	65078
8900	533	62	63779	546	0	64920
8901	128	72	64076	487	0	64763
8902	87	171	951	64131	0	65340
8903	76	68	64247	557	0	64948
8904	60927	99	616	542	0	62184
8905	474	63029	525	226	0	64254
8906	518	509	102	63347	0	64476
8907	95	486	73	63590	0	64244
8908	84	89	74	64023	0	64270
8909	67	79	61	63493	0	63700
8910	71	56	66	63786	0	63979
8911	88	72	62768	1001	0	63929
8912	66	62856	511	594	0	64027
8913	63252	497	482	162	0	64393
8914	522	494	117	62672	0	63805
8915	508	107	90	63394	0	64099
8916	116	94	80	63746	0	64036
8917	82	63485	107	1158	0	64832
8918	92	551	84	65015	0	65742
8919	99	533	68	65391	0	66091
8920	63854	114	74	1107	0	65149
8921	550	63116	84	689	0	64439
8922	526	63649	80	232	0	64487
8923	142	1049	74	63622	0	64887
8924	63193	558	83	657	0	64491
8925	588	150	63939	596	0	65273
8926	61049	124	608	206	0	61987
8927	648	107	65788	181	0	66724
8928	577	112	600	64803	0	66092
8929	147	92	561	66034	0	66834
8930	100	100	107	66122	0	66429
8931	98	98	96	65773	0	66065
8932	97	90	83	65744	0	66014
8933	64226	89	80	1144	0	65539
8934	614	108	63973	647	0	65342
8935	581	96	549	64717	0	65943
8936	177	105	67243	674	0	68199
8937	107	67057	605	730	0	68499
8938	66888	533	578	230	0	68229
8939	651	576	69265	217	0	70709
8940	596	148	597	69907	0	71248
8941	174	94	564	72189	0	73021
8942	151	115	72254	1293	0	73813
8943	129	91	72724	794	0	73738
8944	94	108	1233	70156	0	71591
8945	72535	91	699	839	0	74164
8946	72753	96	150	744	0	73743
8947	1246	72745	116	355	0	74462
8948	74082	663	93	223	0	75061
8949	743	677	76	71977	0	73473
8950	721	74346	110	827	0	76004
8951	183	655	96	75279	0	76213
8952	213	655	75650	843	0	77361
8953	158	121	683	73865	0	74827
8954	259	133	631	74927	0	75950
8955	72976	67	159	1303	0	74505
8956	652	73039	144	904	0	74739
8957	72416	638	96	253	0	73403
8958	707	72259	98	248	0	73312
8959	69787	665	88	159	0	70699
8960	646	69872	78	242	0	70838
8961	580	69050	98	245	0	69973
8962	68447	1020	207	205	0	69879
8963	763	735	176	65082	0	66756
8964	522	66859	102	614	0	68097
8965	67305	549	191	642	0	68687
8966	67203	477	92	224	0	67996
8967	68362	73	104	195	0	68734
8968	67113	63	87	183	0	67446
8969	1002	67152	112	208	0	68474
8970	582	509	81	67562	0	68734
8971	156	503	70	68536	0	69265
8972	68307	96	69	1100	0	69572
8973	596	96	63	67972	0	68727
8974	67248	82	67	694	0	68091
8975	606	92	65833	596	0	67127
8976	64547	78	532	261	0	65418
8977	618	99	66212	175	0	67104
8978	583	526	569	64101	0	65779
8979	64480	66	580	613	0	65739
8980	547	63733	119	619	0	65018
8981	61889	450	98	178	0	62615
8982	502	62738	72	213	0	63525
8983	520	764	108	63152	0	64544
8984	145	412	62145	465	0	63167
8985	56800	285	623	493	0	58201
8986	402	60909	359	176	0	61846
8987	471	610	93	59715	0	60889
8988	129	341	66	58921	0	59457
8989	109	89	37	58932	0	59167
8990	136	92	58605	655	0	59488
8991	81	58601	351	459	0	59492
8992	58242	377	305	132	0	59056
8993	57983	309	61	98	0	58451
8994	590	58043	60	121	0	58814
8995	59420	332	58	219	0	60029
8996	406	408	43	58952	0	59809
8997	348	59424	69	416	0	60257
8998	59710	334	56	382	0	60482
8999	417	320	58740	121	0	59598
9000	359	59258	330	172	0	60119
9001	163	426	302	59608	0	60499
9002	126	309	64	60041	0	60540
9003	133	92	59334	594	0	60153
9004	107	74	328	58151	0	58660
9005	113	94	59547	403	0	60157
9006	110	72	338	58825	0	59345
9007	113	69	291	59660	0	60133
9008	104	88	75	59949	0	60216
9009	117	78	51	60586	0	60832
9010	137	86	60046	650	0	60919
9011	140	112	61763	384	0	62399
9012	127	66051	701	209	0	67088
9013	122	596	408	69082	0	70208
9014	206	525	71748	617	0	73096
9015	98	71636	606	737	0	73077
9016	185	836	606	73970	0	75597
9017	188	681	76740	710	0	78319
9018	72638	152	752	682	0	74224
9019	79876	67	656	146	0	80745
9020	1413	87	90	79638	0	81228
9021	880	106	79805	824	0	81615
9022	179	108	770	79897	0	80954
9023	79250	61	750	907	0	80968
9024	769	81409	118	935	0	83231
9025	82847	812	80	234	0	83973
9026	83023	776	80	193	0	84072
9027	1557	123	58	80598	0	82336
9028	901	86	71	81824	0	82882
9029	186	73	66	82438	0	82763
9030	138	83	69	82208	0	82498
9031	122	76	79	82763	0	83040
9032	81025	82	93	1629	0	82829
9033	81684	58	91	931	0	82764
9034	82100	73	104	250	0	82527
9035	1630	106	79315	187	0	81238
9036	77537	98	789	203	0	78627
9037	919	267	776	77898	0	79860
9038	873	153	77733	939	0	79698
9039	185	76294	846	1013	0	78338
9040	318	1149	874	75026	0	77367
9041	200	804	208	74429	0	75641
9042	177	75110	159	1490	0	76936
9043	213	697	107	77640	0	78657
9044	223	727	77101	925	0	78976
9045	203	130	78670	951	0	79954
9046	172	149	1581	78835	0	80737
9047	78378	91	941	985	0	80395
9048	77903	112	175	997	0	79187
9049	1767	122	78423	286	0	80598
9050	1050	75300	854	303	0	77507
9051	266	77268	880	370	0	78784
9052	74103	1523	212	347	0	76185
9053	944	910	75111	359	0	77324
9054	964	244	784	74225	0	76217
9055	74226	86	897	1044	0	76253
9056	913	73727	180	1130	0	75950
9057	997	75051	155	377	0	76580
9058	74131	1476	180	283	0	76070
9059	1026	908	152	74512	0	76598
9060	77622	151	160	1009	0	78942
9061	1085	101	158	83277	0	84621
9062	1082	110	189	84769	0	86150
9063	350	189	85381	2166	0	88086
9064	267	172	1064	88168	0	89671
9065	249	178	1122	88985	0	90534
9066	88708	154	270	2423	0	91555
9067	1270	158	190	90624	0	92242
9068	1301	158	90198	1552	0	93209
9069	89174	139	1299	1488	0	92100
9070	1318	240	1309	90993	0	93860
9071	91530	106	319	1491	0	93446
9072	1451	88633	261	1584	0	91929
9073	1434	91535	270	539	0	93778
9074	90786	2332	261	399	0	93778
9075	91408	1420	267	376	0	93471
9076	2540	352	244	90271	0	93407
9077	1627	241	89834	1434	0	93136
9078	509	211	1299	91354	0	93373
9079	88807	213	1351	1603	0	91974
9080	1420	89426	387	1880	0	93113
9081	1498	1334	220	89555	0	92607
9082	89483	1337	211	1557	0	92588
9083	1613	339	88266	1583	0	91801
9084	88466	228	1289	611	0	90594
9085	88264	220	1344	594	0	90422
9086	2635	208	88513	539	0	91895
9087	1634	223	89624	576	0	92057
9088	613	173	2425	86639	0	89850
9089	542	177	1475	86931	0	89125
9090	435	90023	394	2708	0	93560
9091	479	1294	297	91720	0	93790
9092	521	1415	91804	1769	0	95509
9093	497	314	1405	93581	0	95797
9094	498	213	1460	97545	0	99716
9095	539	210	95084	2980	0	98813
9096	500	94698	1464	2051	0	98713
9097	497	1410	1505	95096	0	98508
9098	515	1526	411	96799	0	99251
9099	95908	350	317	2945	0	99520
9100	1706	245	318	96510	0	98779
9101	1764	278	95325	1878	0	99245
9102	94160	255	1487	1837	0	97739
9103	95928	281	1550	715	0	98474
9104	97246	289	456	605	0	98596
9105	3077	295	93923	583	0	97878
9106	1930	246	1529	93025	0	96730
9107	714	233	1619	94777	0	97343
9108	604	288	551	96124	0	97567
9109	91925	245	437	3096	0	95703
9110	1684	91826	435	2238	0	96183
9111	1850	1291	87914	711	0	91766
9112	519	86891	1282	670	0	89362
9113	417	83824	1310	578	0	86129
9114	417	82551	449	521	0	83938
9115	1113	2942	966	78355	0	83376
9116	579	1218	77704	1423	0	80924
9117	70439	570	1226	1360	0	73595
9118	1026	74961	1159	609	0	77755
9119	72136	870	312	477	0	73795
9120	992	74641	255	493	0	76381
9121	74777	987	255	461	0	76480
9122	1125	75892	250	455	0	77722
9123	1222	1072	76064	380	0	78738
9124	477	1024	1000	75090	0	77591
9125	352	318	1036	77419	0	79125
9126	77066	214	325	2070	0	79675
9127	1160	240	228	82274	0	83902
9128	1272	222	82094	1497	0	85085
9129	465	223	1193	83731	0	85612
9130	440	231	83658	1522	0	85851
9131	318	82305	1353	1640	0	85616
9132	378	1236	1328	77446	0	80388
9133	348	83890	380	1334	0	85952
9134	83058	1294	293	1388	0	86033
9135	1394	1273	315	82798	0	85780
9136	1409	346	82956	1443	0	86154
9137	490	253	82812	1454	0	85009
9138	80521	300	2315	527	0	83663
9139	1364	444	1367	80975	0	84150
9140	1390	319	80688	1356	0	83753
9141	491	307	79216	1398	0	81412
9142	354	79150	2280	553	0	82337
9143	447	1683	1624	71880	0	75634
9144	284	77555	554	1287	0	79680
9145	329	1259	273	76358	0	78219
9146	75858	1101	269	1401	0	78629
9147	1164	352	289	76830	0	78635
9148	1164	257	304	77441	0	79166
9149	77124	290	294	2212	0	79920
9150	1165	281	266	80788	0	82500
9151	1250	323	250	79346	0	81169
9152	428	81883	215	2401	0	84927
9153	82081	1224	282	1464	0	85051
9154	83092	1230	295	557	0	85174
9155	2297	334	303	82442	0	85376
9156	1420	251	276	82959	0	84906
9157	449	326	267	82582	0	83624
9158	311	79609	301	2601	0	82822
9159	317	81561	353	1635	0	83866
9160	634	2440	303	77809	0	81186
9161	71567	1027	225	1116	0	73935
9162	69950	210	211	1130	0	71501
9163	1639	68310	229	383	0	70561
9164	64829	824	165	276	0	66094
9165	809	65102	160	301	0	66372
9166	829	64315	168	292	0	65604
9167	932	1754	415	61606	0	64707
9168	60562	804	326	850	0	62542
9169	744	59753	149	932	0	61578
9170	780	60525	150	314	0	61769
9171	279	1314	133	59985	0	61711
9172	178	777	119	60945	0	62019
9173	191	202	60234	1418	0	62045
9174	58973	168	717	896	0	60754
9175	59972	182	753	283	0	61190
9176	1394	177	60631	279	0	62481
9177	840	209	60602	288	0	61939
9178	214	181	1350	60880	0	62625
9179	202	193	753	61919	0	63067
9180	172	61532	188	1570	0	63462
9181	218	808	96	63323	0	64445
9182	229	850	62466	1014	0	64559
9183	201	216	749	62423	0	63589
9184	201	190	817	62550	0	63758
9185	61399	189	181	1622	0	63391
9186	864	190	60689	1043	0	62786
9187	59726	167	810	402	0	61105
9188	889	206	60335	380	0	61810
9189	853	244	834	58198	0	60129
9190	247	218	58685	937	0	60087
9191	228	214	58083	978	0	59503
9192	335	753	1451	55555	0	58094
9193	54007	431	1313	1248	0	56999
9194	51884	177	231	881	0	53173
9195	1276	52278	216	378	0	54148
9196	52240	762	309	296	0	53607
9197	51214	708	201	277	0	52400
9198	1256	51446	208	353	0	53263
9199	745	778	228	51702	0	53453
9200	244	712	233	52480	0	53669
9201	215	208	170	52820	0	53413
9202	184	194	188	52951	0	53517
9203	203	191	51631	1479	0	53504
9204	49736	136	751	980	0	51603
9205	777	154	749	51557	0	53237
9206	755	172	213	51229	0	52369
9207	234	51728	172	1492	0	53626
9208	268	752	113	52988	0	54121
9209	247	725	52819	979	0	54770
9210	49915	209	738	980	0	51842
9211	861	208	53259	403	0	54731
9212	887	308	740	51299	0	53234
9213	51146	159	689	932	0	52926
9214	796	52254	118	1002	0	54170
9215	848	758	95	53727	0	55428
9216	299	744	53876	985	0	55904
9217	242	292	718	54329	0	55581
9218	53201	201	725	971	0	55098
9219	886	176	53375	969	0	55406
9220	913	175	52400	347	0	53835
9221	262	51635	1322	365	0	53584
9222	49680	817	876	281	0	51654
9223	791	49741	179	320	0	51031
9224	816	756	48321	230	0	50123
9225	255	657	46921	198	0	48031
9226	178	46070	1119	268	0	47635
9227	40589	520	807	170	0	42086
9228	437	40782	194	130	0	41543
9229	433	395	87	39780	0	40695
9230	88	393	89	40290	0	40860
9231	100	73	40152	769	0	41094
9232	67	67	414	40068	0	40616
9233	112	62	40786	465	0	41425
9234	39687	50	434	426	0	40597
9235	40508	70	414	124	0	41116
9236	40770	34	107	117	0	41028
9237	773	61	39860	117	0	40811
9238	39938	49	424	132	0	40543
9239	441	77	415	38564	0	39497
9240	413	39968	110	434	0	40925
9241	40293	368	99	434	0	41194
9242	426	377	39813	117	0	40733
9243	39209	60	434	105	0	39808
9244	39133	56	412	110	0	39711
9245	729	48	38488	115	0	39380
9246	381	38368	424	129	0	39302
9247	180	773	477	37948	0	39378
9248	150	348	38240	394	0	39132
9249	143	128	36905	381	0	37557
9250	194	600	624	32979	0	34397
9251	92	42	33220	292	0	33646
9252	50	51	291	32001	0	32393
9253	57	26	242	31613	0	31938
9254	51	39	63	32338	0	32491
9255	80	35	32040	465	0	32620
9256	46	33	282	32102	0	32463
9257	77	31	32482	290	0	32880
9258	66	59	287	32601	0	33013
9259	33082	37	254	298	0	33671
9260	289	33	71	33236	0	33629
9261	258	34110	71	300	0	34739
9262	82	279	53	35132	0	35546
9263	35241	267	55	319	0	35882
9264	298	35801	69	310	0	36478
9265	327	305	53	35814	0	36499
9266	35965	294	67	323	0	36649
9267	348	72	36419	342	0	37181
9268	324	40	326	36118	0	36808
9269	97	38	37185	342	0	37662
9270	78	46	36761	353	0	37238
9271	69	101	616	36162	0	36948
9272	36301	36	370	358	0	37065
9273	350	35	35829	332	0	36546
9274	35395	34	352	88	0	35869
9275	362	98	374	36018	0	36852
9276	347	48	36343	305	0	37043
9277	92	60	35892	323	0	36367
9278	98	67	35984	85	0	36234
9279	142	488	597	33610	0	34837
9280	34383	45	621	331	0	35380
9281	250	34492	95	288	0	35125
9282	298	244	72	33891	0	34505
9283	74	258	68	34500	0	34900
9284	34572	39	54	497	0	35162
9285	34636	37	61	300	0	35034
9286	473	34652	74	114	0	35313
9287	35102	239	61	83	0	35485
9288	34754	245	71	59	0	35129
9289	498	50	60	34632	0	35240
9290	317	41	34850	276	0	35484
9291	34309	69	282	293	0	34953
9292	292	37	270	35333	0	35932
9293	273	56	64	35249	0	35642
9294	35028	18	61	525	0	35632
9295	284	28	48	34225	0	34585
9296	305	37	49	34249	0	34640
9297	33930	28	47	527	0	34532
9298	293	34515	64	311	0	35183
9299	34503	225	58	81	0	34867
9300	313	245	34362	74	0	34994
9301	34236	34	281	82	0	34633
9302	313	33	293	34394	0	35033
9303	284	35110	66	292	0	35752
9304	72	248	67	35614	0	36001
9305	79	257	52	35591	0	35979
9306	68	43	58	35629	0	35798
9307	34826	24	55	551	0	35456
9308	254	34325	54	328	0	34961
9309	247	34224	54	92	0	34617
9310	33744	399	46	89	0	34278
9311	268	220	34532	58	0	35078
9312	234	49	34216	63	0	34562
9313	32798	260	678	115	0	33851
9314	260	70	33974	86	0	34390
9315	179	29	173	32488	0	32869
9316	39	25	168	32774	0	33006
9317	33	18	30	33671	0	33752
9318	37	12	34	33504	0	33587
9319	33	33425	31	370	0	33859
9320	32	177	32	33989	0	34230
9321	48	184	33648	213	0	34093
9322	42	27	193	33398	0	33660
9323	46	22	33338	215	0	33621
9324	61	14	32881	208	0	33164
9325	42	30	364	33161	0	33597
9326	55	31	33794	216	0	34096
9327	34	24	209	33515	0	33782
9328	33683	16	201	238	0	34138
9329	224	33	33919	204	0	34380
9330	32826	21	206	74	0	33127
9331	230	21	182	33738	0	34171
9332	216	25	33783	214	0	34238
9333	59	33577	206	235	0	34077
9334	50	192	201	34354	0	34797
9335	71	180	35281	216	0	35748
9336	63	25	206	35225	0	35519
9337	35964	22	201	255	0	36442
9338	36083	27	49	244	0	36403
9339	36677	16	41	82	0	36816
9340	416	29	29	36880	0	37354
9341	237	12	36	37298	0	37583
9342	69	26	45	37912	0	38052
9343	38189	21	37	467	0	38714
9344	272	39278	45	298	0	39893
9345	272	280	32	39821	0	40405
9346	70	260	39	40576	0	40945
9347	40069	39	33	608	0	40749
9348	327	40926	34	386	0	41673
9349	333	317	31	42169	0	42850
9350	42925	318	26	423	0	43692
9351	42819	55	36	401	0	43311
9352	757	47	35	42610	0	43449
9353	42920	28	41	440	0	43429
9354	453	30	33	42896	0	43412
9355	431	30	43455	464	0	44380
9356	80	31	392	43738	0	44241
9357	77	28	377	44101	0	44583
9358	93	22	74	44559	0	44748
9359	42723	17	48	815	0	43603
9360	392	42984	42	461	0	43879
9361	41870	376	48	120	0	42414
9362	394	41772	36	101	0	42303
9363	307	42075	30	92	0	42504
9364	41373	634	106	110	0	42223
9365	377	42356	66	109	0	42908
9366	338	386	66	41990	0	42780
9367	41656	311	84	409	0	42460
9368	41832	46	25	381	0	42284
9369	668	29	34	41700	0	42431
9370	348	46	51	41171	0	41616
9371	73	41952	32	694	0	42751
9372	42679	370	38	365	0	43452
9373	41791	317	37	143	0	42288
9374	660	43571	33	128	0	44392
9375	343	43636	37	108	0	44124
9376	96	676	36	44242	0	45050
9377	44095	343	43	514	0	44995
9378	455	61	42	44380	0	44938
9379	377	54	25	44818	0	45274
9380	105	43	44179	813	0	45140
9381	95	58	44273	417	0	44843
9382	81	76	731	44019	0	44907
9383	96	56	44527	483	0	45162
9384	80	44214	443	446	0	45183
9385	102	444	358	44354	0	45258
9386	82	370	43	45036	0	45531
9387	82	68	48	45419	0	45617
9388	94	67	45034	823	0	46018
9389	91	60	44256	465	0	44872
9390	43217	57	743	136	0	44153
9391	458	44819	376	162	0	45815
9392	44761	425	54	120	0	45360
9393	492	369	30	44464	0	45355
9394	45443	71	30	534	0	46078
9395	502	88	30	44561	0	45181
9396	404	45792	32	483	0	46711
9397	46165	433	35	440	0	47073
9398	521	375	45221	134	0	46251
9399	402	45113	412	149	0	46076
9400	44911	465	413	173	0	45962
9401	493	386	66	43940	0	44885
9402	392	43993	44	468	0	44897
9403	132	437	35	45049	0	45653
9404	44738	352	40	518	0	45648
9405	472	82	41	45181	0	45776
9406	45052	80	39	539	0	45710
9407	550	85	44604	444	0	45683
9408	428	73	411	44440	0	45352
9409	44338	86	366	543	0	45333
9410	519	91	44236	463	0	45309
9411	403	43080	434	206	0	44123
9412	160	490	356	42717	0	43723
9413	155	393	42422	502	0	43472
9414	132	131	42325	430	0	43018
9415	145	324	742	41736	0	42947
9416	155	86	42228	499	0	42968
9417	141	94	41764	441	0	42440
9418	132	159	708	40562	0	41561
9419	41104	69	396	527	0	42096
9420	457	61	96	41259	0	41873
9421	411	71	62	41845	0	42389
9422	144	80	42078	789	0	43091
9423	122	69	418	42902	0	43511
9424	43263	70	382	560	0	44275
9425	470	87	43336	456	0	44349
9426	422	43293	413	194	0	44322
9427	137	435	356	44002	0	44930
9428	44097	393	84	505	0	45079
9429	464	100	74	43878	0	44516
9430	409	44005	79	571	0	45064
9431	161	445	44859	436	0	45901
9432	107	394	459	45612	0	46572
9433	47121	106	399	539	0	48165
9434	556	86	46879	458	0	47979
9435	456	74	512	47421	0	48463
9436	48830	55	447	643	0	49975
9437	50183	56	106	553	0	50898
9438	1020	51043	99	192	0	52354
9439	51045	599	89	150	0	51883
9440	707	608	80	50784	0	52179
9441	605	113	51545	654	0	52917
9442	119	50533	599	663	0	51914
9443	149	51274	546	167	0	52136
9444	200	1343	277	49088	0	50908
9445	160	642	149	50003	0	50954
9446	90	79	48891	949	0	50009
9447	65	48471	527	548	0	49611
9448	53	48386	467	164	0	49070
9449	208	1046	210	46037	0	47501
9450	45398	371	125	500	0	46394
9451	409	45747	53	434	0	46643
9452	397	442	47	46298	0	47184
9453	47072	373	60	528	0	48033
9454	436	66	43	47721	0	48266
9455	388	52	38	47112	0	47590
9456	92	40	44	47621	0	47797
9457	69	47	52	47613	0	47781
9458	46449	54	43	830	0	47376
9459	468	50	53	46967	0	47538
9460	421	48	45831	483	0	46783
9461	44194	46	460	447	0	45147
9462	482	53	45707	127	0	46369
9463	428	54	46206	108	0	46796
9464	92	106	777	45632	0	46607
9465	114	64	428	45954	0	46560
9466	64	68	82	46690	0	46904
9467	45889	49	53	807	0	46798
9468	485	58	45890	430	0	46863
9469	45605	52	438	144	0	46239
9470	46468	52	380	137	0	47037
9471	790	55	46924	127	0	47896
9472	45677	39	424	160	0	46300
9473	539	59	47040	108	0	47746
9474	366	47079	430	135	0	48010
9475	280	634	576	46653	0	48143
9476	112	340	93	47200	0	47745
9477	72	58	61	46978	0	47169
9478	77	49	63	46785	0	46974
9479	105	61	46423	740	0	47329
9480	104	61	46343	419	0	46927
9481	72	86	674	45894	0	46726
9482	77	49	46853	445	0	47424
9483	44828	49	420	426	0	45723
9484	46889	44	350	165	0	47448
9485	691	54	76	46455	0	47276
9486	46385	35	70	434	0	46924
9487	418	47334	72	425	0	48249
9488	47227	374	74	132	0	47807
9489	484	341	47461	121	0	48407
9490	386	112	373	46509	0	47380
9491	107	47780	325	434	0	48646
9492	48324	352	94	417	0	49187
9493	413	322	50	48779	0	49564
9494	394	80	48410	465	0	49349
9495	99	47	397	48047	0	48590
9496	47763	47	371	487	0	48668
9497	453	89	48472	416	0	49430
9498	372	46	418	48599	0	49435
9499	130	65	358	49551	0	50104
9500	143	74	49264	766	0	50247
9501	105	48449	436	469	0	49459
9502	101	47147	378	253	0	47879
9503	170	691	109	49762	0	50732
9504	127	360	82	50925	0	51494
9505	119	77	71	51538	0	51805
9506	49991	59	80	841	0	50971
9507	50267	62	94	460	0	50883
9508	785	76	84	50439	0	51384
9509	50404	60	86	531	0	51081
9510	468	50344	85	505	0	51402
9511	401	460	93	51045	0	51999
9512	106	387	65	51452	0	52010
9513	89	98	68	51961	0	52216
9514	49339	52	86	907	0	50384
9515	448	49538	89	532	0	50607
9516	421	425	93	50006	0	50945
9517	49671	384	78	558	0	50691
9518	469	77	78	50364	0	50988
9519	431	74	71	49868	0	50444
9520	124	48762	87	900	0	49873
9521	110	49994	81	549	0	50734
9522	136	728	80	49385	0	50329
9523	133	400	71	49026	0	49630
9524	47545	51	74	898	0	48568
9525	500	55	79	47922	0	48556
9526	480	52	46962	567	0	48061
9527	130	67	465	46500	0	47162
9528	95	46066	426	585	0	47172
9529	46773	407	112	535	0	47827
9530	541	375	87	46723	0	47726
9531	453	134	73	45832	0	46492
9532	123	45685	89	844	0	46741
9533	44208	351	85	444	0	45088
9534	422	45998	70	175	0	46665
9535	407	560	61	45165	0	46193
9536	169	307	44662	443	0	45581
9537	304	653	422	42147	0	43526
9538	41856	41	383	399	0	42679
9539	331	42703	41	318	0	43393
9540	293	395	51	41966	0	42705
9541	58	42168	33	378	0	42637
9542	78	383	60	42557	0	43078
9543	84	294	41971	409	0	42758
9544	68	227	327	41609	0	42231
9545	56	40	252	41665	0	42013
9546	135	42	43	42055	0	42275
9547	40916	41	24	634	0	41615
9548	41054	38	23	363	0	41478
9549	579	41693	35	143	0	42450
9550	41640	335	28	129	0	42132
9551	337	41553	33	130	0	42053
9552	274	42043	25	132	0	42474
9553	40906	551	42	113	0	41612
9554	400	298	40497	132	0	41327
9555	283	77	328	40149	0	40837
9556	82	53	261	41106	0	41502
9557	75	64	36	41891	0	42066
9558	40542	58	26	684	0	41310
9559	350	41366	30	438	0	42184
9560	314	374	31	40858	0	41577
9561	86	42026	32	456	0	42600
9562	42626	430	21	381	0	43458
9563	432	327	26	42556	0	43341
9564	359	100	26	47481	0	47966
9565	105	50595	40	1090	0	51830
9566	75	628	38	53751	0	54492
9567	71	645	29	54137	0	54882
9568	51873	154	30	1535	0	53592
9569	687	51597	59	949	0	53292
9570	701	52976	48	333	0	54058
9571	184	1357	30	52641	0	54212
9572	177	804	51237	870	0	53088
9573	145	243	51007	855	0	52250
9574	111	258	1331	50787	0	52487
9575	147	154	50993	918	0	52212
9576	88	112	807	51351	0	52358
9577	84	112	758	51027	0	51981
9578	89	100	175	53077	0	53441
9579	50824	89	122	1695	0	52730
9580	760	97	79	52052	0	52988
9581	773	109	79	50904	0	51865
9582	164	50344	97	1662	0	52267
9583	150	766	71	52770	0	53757
9584	150	788	50927	1115	0	52980
9585	124	206	740	52405	0	53475
9586	119	154	703	52894	0	53870
9587	50062	143	153	1748	0	52106
9588	816	176	98	50947	0	52037
9589	801	145	82	50315	0	51343
9590	215	134	97	51423	0	51869
9591	46723	129	96	1858	0	48806
9592	784	48112	111	1153	0	50160
9593	761	815	80	48913	0	50569
9594	197	822	111	49413	0	50543
9595	199	247	47743	1787	0	49976
9596	137	181	793	48785	0	49896
9597	45348	142	818	1258	0	47566
9598	795	46537	203	1144	0	48679
9599	780	839	142	45957	0	47718
9600	250	866	118	46710	0	47944
9601	206	268	45242	1808	0	47524
9602	42823	199	814	1276	0	45112
9603	786	44384	831	651	0	46652
9604	44257	826	243	554	0	45880
9605	836	838	182	44635	0	46491
9606	809	288	131	45223	0	46451
9607	296	251	142	45863	0	46552
9608	234	211	159	46115	0	46719
9609	44182	225	131	1978	0	46516
9610	873	189	127	44180	0	45369
9611	795	42821	187	1380	0	45183
9612	264	748	210	44517	0	45739
9613	215	777	180	45161	0	46333
9614	43663	237	211	1910	0	46021
9615	894	43595	145	1364	0	45998
9616	876	826	106	45062	0	46870
9617	44231	822	136	1372	0	46561
9618	44853	276	115	1375	0	46619
9619	1552	227	135	45165	0	47079
9620	1022	233	44400	1354	0	47009
9621	44181	268	763	1261	0	46473
9622	935	232	753	45395	0	47315
9623	889	204	45197	1397	0	47687
9624	320	191	870	46606	0	47987
9625	299	156	839	46664	0	47958
9626	308	186	254	46645	0	47393
9627	290	45977	182	2059	0	48508
9628	274	831	148	48114	0	49367
9629	248	788	144	48038	0	49218
9630	252	231	139	48718	0	49340
9631	261	251	139	48403	0	49054
9632	263	206	114	47994	0	48577
9633	357	278	132	47738	0	48505
9634	43521	236	180	2119	0	46056
9635	848	191	42479	1519	0	45037
9636	817	41689	714	870	0	44090
9637	41456	697	711	671	0	43535
9638	786	41949	222	687	0	43644
9639	41206	790	247	623	0	42866
9640	1103	752	249	40486	0	42590
9641	41012	195	194	1163	0	42564
9642	893	196	171	41140	0	42400
9643	893	160	154	39315	0	40522
9644	357	39783	99	1651	0	41890
9645	40145	663	136	1236	0	42180
9646	836	658	40725	804	0	43023
9647	800	235	611	41396	0	43042
9648	366	170	41753	1198	0	43487
9649	329	150	40693	1193	0	42365
9650	40326	178	1204	688	0	42396
9651	765	172	734	41322	0	42993
9652	757	144	40926	1165	0	42992
9653	382	148	41803	1129	0	43462
9654	299	158	1188	41587	0	43232
9655	260	174	722	42651	0	43807
9656	42090	140	231	1580	0	44041
9657	821	145	177	42905	0	44048
9658	854	111	42923	1201	0	45089
9659	375	125	662	43751	0	44913
9660	361	428	669	42568	0	44026
9661	231	43392	223	1558	0	45404
9662	42196	568	202	1089	0	44055
9663	638	42349	145	685	0	43817
9664	37016	389	147	404	0	37956
9665	296	32627	58	218	0	33199
9666	189	31322	85	139	0	31735
9667	237	386	228	30479	0	31330
9668	107	152	183	30425	0	30867
9669	100	143	51	30143	0	30437
9670	28958	24	30	309	0	29321
9671	188	30	29026	179	0	29423
9672	124	48	133	28654	0	28959
9673	27880	22	132	205	0	28239
9674	154	28256	36	177	0	28623
9675	129	28078	39	100	0	28346
9676	126	324	81	28215	0	28746
9677	62	122	45	28333	0	28562
9678	42	49	28	28365	0	28484
9679	37	28800	27	287	0	29151
9680	30	151	27	28989	0	29197
9681	63	100	28866	203	0	29232
9682	47	39	27407	136	0	27629
9683	26956	33	176	87	0	27252
9684	163	35	123	28159	0	28480
9685	28358	17	98	164	0	28637
9686	28081	22	33	126	0	28262
9687	173	28594	21	76	0	28864
9688	28932	104	22	81	0	29139
9689	29542	84	22	101	0	29749
9690	176	31	22	29596	0	29825
9691	110	25	16	30242	0	30393
9692	64	31	30792	195	0	31082
9693	35	31412	110	160	0	31717
9694	33	132	79	30998	0	31242
9695	39	81	24	31865	0	32009
9696	31773	25	25	190	0	32013
9697	115	26	23	31964	0	32128
9698	32352	19	20	166	0	32557
9699	131	26	13	32856	0	33026
9700	101	33539	27	184	0	33851
9701	34604	161	20	165	0	34950
9702	189	110	27	38044	0	38370
9703	133	28	23	40966	0	41150
9704	49	31	29	43214	0	43323
9705	69	38	43312	702	0	44121
9706	31	44	393	44084	0	44552
9707	44911	16	326	558	0	45811
9708	432	20	67	47274	0	47793
9709	363	20	41	51714	0	52138
9710	75	68	29	52187	0	52359
9711	38	51859	43	1249	0	53189
9712	40	54276	30	655	0	55001
9713	53721	1231	26	120	0	55098
9714	695	54900	34	111	0	55740
9715	54753	752	36	75	0	55616
9716	54590	569	25	92	0	55276
9717	55264	74	19	102	0	55459
9718	1378	65	54344	60	0	55847
9719	644	55236	706	88	0	56674
9720	54977	703	600	89	0	56369
9721	727	567	70	55645	0	57009
9722	586	83	22	56508	0	57199
9723	104	36	18	55997	0	56155
9724	46	54339	34	1379	0	55798
9725	70	658	15	55272	0	56015
9726	54431	532	24	839	0	55826
9727	704	90	17	54483	0	55294
9728	586	35	13	55004	0	55638
9729	136	42	54035	1367	0	55580
9730	98	75	54916	744	0	55833
9731	62	72	1252	55130	0	56516
9732	81	49	624	55533	0	56287
9733	75	55693	132	1405	0	57305
9734	104	715	51	56740	0	57610
9735	103	582	48	57094	0	57827
9736	103	108	34	57645	0	57890
9737	55674	97	58	1487	0	57316
9738	838	118	56574	784	0	58314
9739	666	124	695	57241	0	58726
9740	57762	128	552	848	0	59290
9741	57849	116	82	729	0	58776
9742	1385	125	58	57227	0	58795
9743	782	112	44	58009	0	58947
9744	56716	116	66	1407	0	58305
9745	832	56813	92	819	0	58556
9746	729	57571	92	279	0	58671
9747	244	1347	76	57187	0	58854
9748	57775	705	66	947	0	59493
9749	58554	164	53	807	0	59578
9750	58656	107	62	351	0	59176
9751	1444	148	58345	302	0	60239
9752	56065	137	764	293	0	57259
9753	976	142	57955	272	0	59345
9754	56200	108	813	328	0	57449
9755	866	57138	630	386	0	59020
9756	742	776	57489	331	0	59338
9757	214	694	809	56804	0	58521
9758	215	189	58172	1044	0	59620
9759	173	165	827	57097	0	58262
9760	56932	123	634	1161	0	58850
9761	910	165	57748	928	0	59751
9762	717	118	834	56978	0	58647
9763	233	59892	692	1096	0	61913
9764	229	816	197	61404	0	62646
9765	257	652	158	61264	0	62331
9766	256	177	141	61100	0	61674
9767	60336	129	113	1697	0	62275
9768	60583	133	106	1007	0	61829
9769	1498	155	94	60836	0	62583
9770	910	145	60282	1118	0	62455
9771	366	178	60104	953	0	61601
9772	293	184	1340	60734	0	62551
9773	374	190	63053	1075	0	64692
9774	357	195	864	62878	0	64294
9775	357	138	667	62441	0	63603
9776	371	130	179	63234	0	63914
9777	409	60797	198	1599	0	63003
9778	328	63078	188	941	0	64535
9779	311	1377	200	63256	0	65144
9780	303	731	186	63591	0	64811
9781	325	243	174	64005	0	64747
9782	61876	160	184	1709	0	63929
9783	1054	175	63151	961	0	65341
9784	875	137	901	63005	0	64918
9785	62950	115	759	1112	0	64936
9786	953	63382	295	981	0	65611
9787	812	892	236	64141	0	66081
9788	326	672	225	65071	0	66294
9789	244	180	223	64796	0	65443
9790	249	150	206	64752	0	65357
9791	259	164	63090	1754	0	65267
9792	59192	115	855	1135	0	61297
9793	62379	118	728	564	0	63789
9794	1561	128	62428	466	0	64583
9795	61385	115	893	460	0	62853
9796	62816	103	757	425	0	64101
9797	1537	125	63290	461	0	65413
9798	826	64332	918	480	0	66556
9799	440	1311	871	63626	0	66248
9800	348	630	65820	1006	0	67804
9801	291	64358	818	998	0	66465
9802	435	707	61397	489	0	63028
9803	172	57630	718	2132	0	60652
9804	357	781	858	56451	0	58447
9805	217	341	56595	567	0	57720
9806	210	370	647	54585	0	55812
9807	243	92	56546	573	0	57454
9808	99	55192	464	488	0	56243
9809	50373	222	414	150	0	51159
9810	116	50204	68	80	0	50468
9811	105	51318	65	142	0	51630
9812	496	285	236	49956	0	50973
9813	60	90	89	50248	0	50487
9814	10	12	20	50145	0	50187
9815	9	19	11	50035	0	50074
9816	22	11	10	50330	0	50373
9817	47	30	52509	120	0	52706
9818	19	15	72	51845	0	51951
9819	18	15	46	53119	0	53198
9820	53577	5	14	219	0	53815
9821	53859	8	8	103	0	53978
9822	54428	6	15	50	0	54499
9823	175	9	8	54843	0	55035
9824	59135	10	18	194	0	59357
9825	62529	7	11	204	0	62751
9826	64233	12	41	59	0	64345
9827	538	20	64389	19	0	64966
9828	63291	14	296	48	0	63649
9829	65825	13	239	109	0	66186
9830	66196	10	30	45	0	66281
9831	556	14	24	65896	0	66490
9832	316	50	67067	317	0	67750
9833	52	16	294	66287	0	66649
9834	68158	7	250	422	0	68837
9835	326	26	29	69004	0	69385
9836	256	71668	39	350	0	72313
9837	42	292	22	73559	0	73915
9838	73182	247	17	409	0	73855
9839	73678	26	18	359	0	74081
9840	73404	23	21	93	0	73541
9841	694	48	75611	62	0	76415
9842	340	30	378	75140	0	75888
9843	72	30	306	78003	0	78411
9844	114	29	78598	699	0	79440
9845	44	77021	395	440	0	77900
9846	125	418	78196	73	0	78812
9847	61	314	412	77470	0	78257
9848	78246	40	376	468	0	79130
9849	486	48	81295	343	0	82172
9850	367	23	405	81086	0	81881
9851	136	46	82209	439	0	82830
9852	79715	22	430	414	0	80581
9853	460	33	343	82885	0	83721
9854	429	50	86603	455	0	87537
9855	111	39	421	86000	0	86571
9856	137	64	88379	492	0	89072
9857	112	88815	441	541	0	89909
9858	138	416	362	88822	0	89738
9859	89600	329	107	558	0	90594
9860	534	50	70	90167	0	90821
9861	453	25	64	88957	0	89499
9862	88985	25	79	833	0	89922
9863	521	86200	89	503	0	87313
9864	439	88397	62	229	0	89127
9865	151	836	57	88438	0	89482
9866	106	89134	68	584	0	89892
9867	147	446	70	89708	0	90371
9868	107	353	52	89805	0	90317
9869	89838	62	45	921	0	90866
9870	516	89915	67	637	0	91135
9871	537	495	89755	168	0	90955
9872	147	92564	451	211	0	93373
9873	91697	483	396	156	0	92732
9874	93287	370	92	165	0	93914
9875	901	70	87	92492	0	93550
9876	94812	55	78	649	0	95594
9877	606	63	112	94675	0	95456
9878	95031	66	94	728	0	95919
9879	95939	46	109	615	0	96709
9880	1028	70	113	98349	0	99560
9881	99839	39	100	721	0	100699
9882	767	89	99532	597	0	100985
9883	97426	45	607	271	0	98349
9884	698	55	498	99771	0	101022
9885	101140	48	152	683	0	102023
9886	675	102089	143	648	0	103555
9887	620	532	122	102320	0	103594
9888	277	418	132	102960	0	103787
9889	102273	82	162	1099	0	103616
9890	787	150	103082	623	0	104642
9891	628	102445	616	359	0	104048
9892	278	589	500	103027	0	104394
9893	235	104740	156	811	0	105942
9894	236	648	120	105719	0	106723
9895	289	474	112	105079	0	105954
9896	230	137	109	105933	0	106409
9897	104442	125	121	1187	0	105875
9898	709	150	84	103241	0	104184
9899	104359	166	100	893	0	105518
9900	103431	112	127	826	0	104496
9901	1119	126	110	104189	0	105544
9902	104582	100	163	824	0	105669
9903	103046	119	134	713	0	104012
9904	1193	155	104237	316	0	105901
9905	650	188	629	101846	0	103313
9906	104981	138	543	816	0	106478
9907	720	105079	218	736	0	106753
9908	107199	601	195	386	0	108381
9909	107056	459	147	325	0	107987
9910	1246	144	105460	269	0	107119
9911	673	98	668	100763	0	102202
9912	110072	86	566	1058	0	111782
9913	805	95	176	112570	0	113646
9914	717	96	149	114932	0	115894
9915	272	122	143	116325	0	116862
9916	304	102	142	119764	0	120312
9917	118007	93	145	1552	0	119797
9918	1099	191	120215	922	0	122427
9919	910	422	948	122742	0	125022
9920	416	167	133343	1186	0	135112
9921	373	198	137569	1097	0	139237
9922	135696	141	3102	440	0	139379
9923	2180	179	147720	357	0	150436
9924	1648	143244	2030	373	0	147295
9925	144513	1963	2262	474	0	149212
9926	146213	1617	351	280	0	148461
9927	3454	235	123	142862	0	146674
9928	1992	131	146835	1761	0	150719
9929	474	139	145817	1640	0	148070
9930	146137	64	3440	412	0	150053
9931	1952	226	1879	151319	0	155376
9932	152735	64	356	1939	0	155094
9933	2040	155268	200	1929	0	159437
9934	157212	1861	144	354	0	159571
9935	156141	1734	122	268	0	158265
9936	3643	154557	159	343	0	158702
9937	2042	1936	126	154968	0	159072
9938	154731	1752	138	2025	0	158646
9939	2230	297	155427	1902	0	159856
9940	1937	156800	2069	492	0	161298
9941	616	2130	1913	155279	0	159938
9942	156218	1793	382	2044	0	160437
9943	2093	157624	244	2093	0	162054
9944	160771	2031	191	470	0	163463
9945	2480	2159	158376	242	0	163257
9946	157007	328	2106	297	0	159738
9947	2529	262	161734	236	0	164761
9948	158768	156	2345	234	0	161503
9949	157222	118	2098	259	0	159697
9950	4209	190	156619	212	0	161230
9951	2301	156792	2214	414	0	161721
9952	684	2141	2100	155309	0	160234
9953	585	1996	157700	2205	0	162486
9954	407	155287	2279	2192	0	160165
9955	476	2135	2119	154104	0	158834
9956	519	1958	508	156099	0	159084
9957	600	415	153914	3974	0	158903
9958	557	260	2281	151747	0	154845
9959	533	255	2174	154822	0	157784
9960	576	326	154107	4096	0	159105
9961	524	261	2376	150479	0	153640
9962	475	153747	2312	2483	0	159017
9963	155039	2167	707	2239	0	160152
9964	2488	2132	603	152185	0	157408
9965	2399	156229	719	2399	0	161746
9966	1002	2422	633	149538	0	153595
9967	861	160362	667	2390	0	164280
9968	1238	2485	158269	2012	0	164004
9969	807	161093	2547	804	0	165251
9970	158604	2627	2394	619	0	164244
9971	159279	2227	824	624	0	162954
9972	161220	641	714	696	0	163271
9973	4857	493	162211	646	0	168207
9974	3128	546	161346	603	0	165623
9975	1195	166521	4684	771	0	173171
9976	1193	2813	2910	159451	0	166367
9977	1049	173181	982	2628	0	177840
9978	1348	3175	716	154954	0	160193
9979	1108	173096	720	2680	0	177604
9980	172595	3140	700	2446	0	178881
9981	182195	2888	719	949	0	186751
9982	5876	869	814	187496	0	195055
9983	3881	749	187542	3434	0	195606
9984	182006	688	3471	3382	0	189547
9985	3744	190348	3409	1263	0	198764
9986	3678	3431	1058	187670	0	195837
9987	1501	3384	831	184093	0	189809
9988	1244	192209	767	5948	0	200168
9989	193056	3569	837	3477	0	200939
9990	4226	3512	191722	979	0	200439
9991	3964	1106	3566	190511	0	199147
9992	191624	811	3509	3532	0	199476
9993	190573	810	1201	3428	0	196012
9994	6582	191486	932	1265	0	200265
9995	4061	3673	987	186106	0	194827
9996	1394	195279	930	3822	0	201425
9997	195849	3827	1058	3582	0	204316
9998	4044	3660	196183	1245	0	205132
9999	3903	1398	197415	1083	0	203799
10000	1417	1034	6313	193719	0	202483
10001	1171	928	3877	192824	0	198800
10002	1035	195687	1361	6422	0	204505
10003	1051	3665	1057	198595	0	204368
10004	1237	3567	194494	4245	0	203543
10005	189949	1107	3812	4005	0	198873
10006	3784	1000	3625	196038	0	204447
10007	3822	1140	194960	4049	0	203971
10008	1354	1003	3666	197006	0	203029
10009	988	1036	3647	192209	0	197880
10010	839	195695	1234	6761	0	204529
10011	979	3952	841	197209	0	202981
10012	941	3723	925	193435	0	199024
10013	1101	1326	977	194376	0	197780
10014	184296	959	831	6954	0	193040
10015	3776	183735	902	4329	0	192742
10016	3687	183788	820	1556	0	189851
10017	178471	5640	796	1145	0	186052
10018	172832	3251	890	1046	0	178019
10019	5436	171188	884	973	0	178481
10020	2752	162935	702	829	0	167218
10021	149162	3572	831	568	0	154133
10022	2003	150782	405	620	0	153810
10023	1801	147849	347	665	0	150662
10024	144085	3333	1103	592	0	149113
10025	1868	146061	383	597	0	148909
10026	144521	2001	479	572	0	147573
10027	143227	1814	442	517	0	146000
10028	142640	564	320	472	0	143996
10029	3386	142061	313	653	0	146413
10030	1987	142763	320	619	0	145689
10031	673	3597	230	137855	0	142355
10032	527	143666	258	1979	0	146430
10033	549	2344	249	144098	0	147240
10034	144648	2018	285	2315	0	149266
10035	2185	755	287	143195	0	146422
10036	2179	142145	319	2415	0	147058
10037	139495	2041	303	2192	0	144031
10038	2093	141302	300	856	0	144551
10039	2160	143060	258	729	0	146207
10040	984	4669	311	135601	0	141565
10041	535	140933	346	2083	0	143897
10042	138430	2233	384	2085	0	143132
10043	2173	2200	136743	621	0	141737
10044	2095	135837	1923	715	0	140570
10045	659	2069	1943	135788	0	140459
10046	627	2143	135647	2232	0	140649
10047	525	714	1842	134092	0	137173
10048	587	580	1920	135831	0	138918
10049	564	559	485	137994	0	139602
10050	572	533	419	137180	0	138704
10051	694	545	133778	4032	0	139049
10052	483	132830	2013	2653	0	137979
10053	131847	2054	2006	1034	0	136941
10054	2055	2188	130740	897	0	135880
10055	130073	689	1891	871	0	133524
10056	2318	646	133185	791	0	136940
10057	2258	595	2053	130712	0	135618
10058	830	607	133176	2268	0	136881
10059	726	636	134645	2298	0	138305
10060	653	588	3676	131741	0	136658
10061	632	659	2187	132470	0	135948
10062	599	672	571	136269	0	138111
10063	580	631	416	135262	0	136889
10064	132210	596	437	4096	0	137339
10065	2211	665	132209	2596	0	137681
10066	132770	623	1894	1065	0	136352
10067	132247	625	2013	883	0	135768
10068	133125	641	479	855	0	135100
10069	132658	634	330	783	0	134405
10070	132930	652	253	747	0	134582
10071	4325	643	254	128868	0	134090
10072	2658	642	127143	2166	0	132609
10073	1036	584	123325	2094	0	127039
10074	741	123353	3200	845	0	128139
10075	116055	2353	2465	751	0	121624
10076	2020	2645	690	112688	0	118043
10077	1842	2068	365	109618	0	113893
10078	624	112034	318	2982	0	115958
10079	583	111666	276	1958	0	114483
10080	545	110141	253	716	0	111655
10081	96067	3114	634	857	0	100672
10082	1357	2340	394	87374	0	91465
10083	1033	87224	211	1050	0	89518
10084	326	981	120	87366	0	88793
10085	260	1056	86638	1013	0	88967
10086	349	273	88768	1036	0	90426
10087	338	361	1665	92471	0	94835
10088	96298	341	1160	1257	0	99056
10089	101245	255	149	1216	0	102865
10090	102397	228	122	305	0	103052
10091	2749	279	102180	279	0	105487
10092	1564	315	1269	100904	0	104052
10093	394	339	1374	105152	0	107259
10094	465	295	103680	2606	0	107046
10095	96717	282	1458	1626	0	100083
10096	1587	296	104889	495	0	107267
10097	1536	233	102698	311	0	104778
10098	446	209	104255	282	0	105192
10099	389	201	2674	98799	0	102063
10100	226	165	1580	101558	0	103529
10101	292	181	103892	2612	0	106977
10102	207	157	1378	104499	0	106241
10103	104939	114	1529	1633	0	108215
10104	1384	140	343	108124	0	109991
10105	1536	146	108928	1676	0	112286
10106	391	179	113296	1690	0	115556
10107	274	242	2788	109888	0	113192
10108	114750	126	1701	1562	0	118139
10109	1579	120695	435	1743	0	124452
10110	124227	1641	353	489	0	126710
10111	125560	1730	391	380	0	128061
10112	3763	265	127688	352	0	132068
10113	2166	151	1988	126340	0	130645
10114	128283	103	2157	2166	0	132709
10115	126350	110	592	2231	0	129283
10116	3582	127615	435	699	0	132331
10117	2217	1720	423	127568	0	131928
10118	516	1823	379	130390	0	133108
10119	493	283	127837	3820	0	132433
10120	444	148	1971	126818	0	129381
10121	578	131	129485	2223	0	132417
10122	569	148	127674	2195	0	130586
10123	536	165	3712	124002	0	128415
10124	123742	82	2268	2060	0	128152
10125	1990	122084	589	2293	0	126956
10126	123100	1698	407	588	0	125793
10127	121823	1836	387	482	0	124528
10128	3665	121616	431	544	0	126256
10129	2214	1812	347	116273	0	120646
10130	116396	1761	359	1741	0	120257
10131	1939	117246	307	1926	0	121418
10132	114974	1678	309	523	0	117484
10133	1800	113134	317	441	0	115692
10134	1793	1510	369	107164	0	110836
10135	535	1447	338	109583	0	111903
10136	107448	291	288	2856	0	110883
10137	105974	233	248	1688	0	108143
10138	2849	107275	305	779	0	111208
10139	1734	1398	105715	431	0	109278
10140	505	1391	105798	450	0	108144
10141	427	499	2795	100448	0	104169
10142	356	105440	1767	1531	0	109094
10143	392	1425	608	106778	0	109203
10144	368	1356	443	106333	0	108500
10145	408	268	407	107746	0	108829
10146	467	267	105559	2955	0	109248
10147	526	264	105554	1771	0	108115
10148	447	106322	2816	638	0	110223
10149	511	1434	1679	105043	0	108667
10150	556	1440	493	108799	0	111288
10151	532	411	107004	2815	0	110762
10152	96437	306	1684	1931	0	100358
10153	1747	261	1635	107428	0	111071
10154	1743	303	107875	1723	0	111644
10155	101237	275	1680	1869	0	105061
10156	1657	107387	1640	857	0	111541
10157	1921	1479	109589	611	0	113600
10158	716	1666	1732	108045	0	112159
10159	107937	408	1745	1872	0	111962
10160	1814	309	109327	1806	0	113256
10161	1654	284	1828	108791	0	112557
10162	559	275	1749	111246	0	113829
10163	529	284	613	116583	0	118009
10164	115320	285	501	3301	0	119407
10165	1748	114443	502	2350	0	119043
10166	1872	1628	473	115407	0	119380
10167	676	1735	117182	2068	0	121661
10168	563	512	1884	114225	0	117184
10169	490	115926	1920	2086	0	120422
10170	505	120000	594	2156	0	123255
10171	118049	3110	518	823	0	122500
10172	118992	1874	446	712	0	122024
10173	3502	513	117905	629	0	122549
10174	116066	423	1821	635	0	118945
10175	2042	117418	1904	681	0	122045
10176	119109	1765	501	664	0	122039
10177	2076	1888	416	117748	0	122128
10178	2206	574	119657	1936	0	124373
10179	769	472	1813	119570	0	122624
10180	750	392	120904	2140	0	124186
10181	115992	362	2029	2175	0	120558
10182	1919	550	1978	118642	0	123089
10183	1908	123074	528	2209	0	127719
10184	808	2280	635	124612	0	128335
10185	840	1931	123460	2230	0	128461
10186	480	121686	1807	2564	0	126537
10187	114151	1856	1925	902	0	118834
10188	1427	112988	589	685	0	115689
10189	1349	108817	486	564	0	111216
10190	744	2825	454	103628	0	107651
10191	273	107236	350	1369	0	109228
10192	532	1572	419	107244	0	109767
10193	463	1417	106001	1470	0	109351
10194	97897	468	1294	1464	0	101123
10195	103593	335	1269	443	0	105640
10196	2366	325	103469	375	0	106535
10197	99600	259	1213	343	0	101415
10198	1370	101892	1227	446	0	104935
10199	102682	1165	430	360	0	104637
10200	1398	1342	334	100417	0	103491
10201	1338	342	101074	1273	0	104027
10202	390	101931	1142	1370	0	104833
10203	664	1405	1383	99730	0	103182
10204	342	1189	331	100102	0	101964
10205	96190	285	211	2063	0	98749
10206	91488	197	261	1231	0	93177
10207	1833	91741	242	498	0	94314
10208	854	86732	212	317	0	88115
10209	168	83110	121	212	0	83611
10210	794	1430	604	78003	0	80831
10211	77599	497	536	539	0	79171
10212	75606	81	60	530	0	76277
10213	879	90	40	75248	0	76257
10214	478	90	51	75159	0	75778
10215	74695	73	57	889	0	75714
10216	476	87	55	76097	0	76715
10217	535	107	77010	477	0	78129
10218	75787	66	431	622	0	76906
10219	77354	85	468	141	0	78048
10220	978	119	79133	107	0	80337
10221	79447	78	421	230	0	80176
10222	528	111	468	81860	0	82967
10223	508	101	79	82042	0	82730
10224	120	96	93	82855	0	83164
10225	81004	88	83	958	0	82133
10226	477	83683	101	649	0	84910
10227	542	500	72	83427	0	84541
10228	153	82820	91	547	0	83611
10229	82204	470	78	574	0	83326
10230	523	503	78	83149	0	84253
10231	557	116	78	83827	0	84578
10232	160	84159	103	1049	0	85471
10233	240	552	83348	571	0	84711
10234	152	539	493	84342	0	85526
10235	84657	134	522	618	0	85931
10236	90737	100	122	622	0	91581
10237	1476	143	96776	178	0	98573
10238	882	124	997	97619	0	99622
10239	167	101384	938	1166	0	103655
10240	159	1133	126	103676	0	105094
10241	102959	1020	123	1255	0	105357
10242	103345	185	111	1160	0	104801
10243	2156	154	84	101673	0	104067
10244	1167	102081	127	1319	0	104694
10245	107036	1160	98	1253	0	109547
10246	1279	1093	78	109708	0	112158
10247	111058	222	67	1447	0	112794
10248	114700	178	75	1423	0	116376
10249	2401	128	66	115189	0	117784
10250	1341	137	97	116438	0	118013
10251	332	133	90	119189	0	119744
10252	236	118643	132	2732	0	121743
10253	239	1365	83	122132	0	123819
10254	289	1242	101	121231	0	122863
10255	334	235	118159	2657	0	121385
10256	325	207	116829	1487	0	118848
10257	221	246	2480	115579	0	118526
10258	115024	120	1355	1565	0	118064
10259	1349	116117	234	1592	0	119292
10260	115177	1351	215	394	0	117137
10261	1683	1282	115682	335	0	118982
10262	1534	260	113470	320	0	115584
10263	288	113435	2411	353	0	116487
10264	746	1666	1664	111929	0	116005
10265	366	1081	112558	1290	0	115295
10266	355	271	114230	1160	0	116016
10267	267	444	2107	111739	0	114557
10268	112046	103	1194	1352	0	114695
10269	111944	94	209	1155	0	113402
10270	2161	260	120	110700	0	113241
10271	1257	192	117600	1355	0	120404
10272	320	114	1179	119425	0	121038
10273	274	136	1009	116541	0	117960
10274	167	119454	271	2233	0	122125
10275	119187	1164	165	1223	0	121739
10276	118801	1036	130	406	0	120373
10277	2144	120113	129	462	0	122848
10278	1220	1363	146	114555	0	117284
10279	298	119107	213	1384	0	121002
10280	118611	1246	220	1157	0	121234
10281	1450	1093	117041	373	0	119957
10282	1263	331	114889	290	0	116773
10283	393	245	114791	252	0	115681
10284	333	382	2314	111954	0	114983
10285	244	127	1216	113369	0	114956
10286	112321	132	301	2183	0	114937
10287	1222	143	188	113053	0	114606
10288	1137	138	208	115903	0	117386
10289	440	189	119989	2212	0	122830
10290	344	215	117627	1241	0	119427
10291	115585	141	2097	558	0	118381
10292	1258	119206	1134	480	0	122078
10293	120592	1174	264	412	0	122442
10294	1394	1027	208	120022	0	122651
10295	1210	235	198	119151	0	120794
10296	339	119368	242	2236	0	122185
10297	296	1244	199	120499	0	122238
10298	118532	1032	203	1537	0	121304
10299	1352	274	212	119418	0	121256
10300	1284	275	119860	1491	0	122910
10301	388	118552	1247	1439	0	121626
10302	117627	1196	1123	557	0	120503
10303	119712	1051	317	519	0	121599
10304	120529	275	254	497	0	121555
10305	121155	250	236	490	0	122131
10306	2387	223	247	119468	0	122325
10307	1358	194	244	121326	0	123122
10308	592	196	121327	2413	0	124528
10309	452	237	1287	121031	0	123007
10310	613	246	121570	1686	0	124115
10311	378	273	1299	120980	0	122930
10312	120401	194	1140	1695	0	123430
10313	1305	124475	362	1558	0	127700
10314	1213	1259	324	125937	0	128733
10315	434	1104	292	128469	0	130299
10316	126597	287	316	2465	0	129665
10317	123158	232	373	1502	0	125265
10318	2414	265	124504	645	0	127828
10319	1281	125292	1394	735	0	128702
10320	453	1277	1172	123922	0	126824
10321	375	1104	384	125003	0	126866
10322	123326	272	379	2405	0	126382
10323	121784	219	894	1450	0	124347
10324	2463	270	123978	568	0	127279
10325	1451	299	123893	467	0	126110
10326	483	228	2339	121426	0	124476
10327	403	225	1351	124405	0	126384
10328	527	220	123586	2373	0	126706
10329	118989	218	1429	1486	0	122122
10330	1574	239	1215	123565	0	126593
10331	123211	170	452	1598	0	125431
10332	1371	121658	390	1664	0	125083
10333	124453	1225	473	737	0	126888
10334	1735	1141	132105	621	0	135602
10335	1331	131440	1403	669	0	134843
10336	425	127821	1083	458	0	129787
10337	119609	1557	1521	416	0	123103
10338	117100	679	325	240	0	118344
10339	1335	227	110	115745	0	117417
10340	678	116680	125	845	0	118328
10341	167	118616	153	843	0	119779
10342	231	1362	136	118532	0	120261
10343	119681	672	152	844	0	121349
10344	119544	152	113	861	0	120670
10345	1313	137	116185	162	0	117797
10346	111046	93	571	214	0	111924
10347	640	117630	585	254	0	119109
10348	118783	640	162	137	0	119722
10349	875	140137	136	321	0	141469
10350	811	151293	163	330	0	152597
10351	718	3426	375	164615	0	169134
10352	176414	1654	447	2646	0	181161
10353	179876	340	63	2044	0	182323
10354	5024	210	177903	490	0	183627
10355	2743	121	2694	177538	0	183096
10356	179068	77	2223	2968	0	184336
10357	3057	98	464	182466	0	186085
10358	183446	90	242	3277	0	187055
10359	183044	86	159	2493	0	185782
10360	5322	155	182817	695	0	188989
10361	2922	121	2764	179129	0	184936
10362	826	93	2249	183415	0	186583
10363	449	118	493	185359	0	186419
10364	470	221	178646	5486	0	184823
10365	273	123	2863	180758	0	184017
10366	292	170	2286	175317	0	178065
10367	235	178335	602	5273	0	184445
10368	671	2877	176094	2848	0	182490
10369	208	181200	2893	1332	0	185633
10370	179280	3267	2296	574	0	185417
10371	3022	2535	520	172725	0	178802
10372	2550	721	274	168878	0	172423
10373	747	173124	301	5139	0	179311
10374	172282	2919	233	2786	0	178220
10375	174040	2344	194	930	0	177508
10376	5298	172609	306	964	0	179177
10377	2978	176184	317	778	0	180257
10378	174806	4999	257	461	0	180523
10379	3554	2773	173938	470	0	180735
10380	2914	821	173917	472	0	178124
10381	168332	643	5234	495	0	174704
10382	3085	174031	2971	686	0	180773
10383	176133	2998	850	605	0	180586
10384	3735	2566	177102	608	0	184011
10385	175062	825	3087	712	0	179686
10386	3594	181274	2550	850	0	188268
10387	3038	3162	825	182020	0	189045
10388	1302	2482	521	183031	0	187336
10389	955	767	462	179153	0	181337
10390	973	483	385	180801	0	182642
10391	906	454	396	175997	0	177753
10392	825	175472	442	6384	0	183123
10393	176265	2987	460	3582	0	183294
10394	3704	2607	175650	1498	0	183459
10395	3103	820	3119	176738	0	183780
10396	1355	662	179493	3799	0	185309
10397	936	511	3667	178860	0	183974
10398	835	468	2878	180613	0	184794
10399	176679	483	1122	6026	0	184310
10400	3463	613	176424	3797	0	184297
10401	2925	175907	3437	1740	0	184009
10402	1226	3259	2845	176632	0	183962
10403	1003	2775	1036	180835	0	185649
10404	1025	1181	179140	5758	0	187104
10405	938	821	3293	179818	0	184870
10406	894	783	2677	182640	0	186994
10407	175027	616	915	6194	0	182752
10408	3331	178402	639	3979	0	186351
10409	180413	3447	494	1707	0	186061
10410	180906	2985	436	1363	0	185690
10411	6056	1205	530	177739	0	185530
10412	3823	957	177301	3731	0	185812
10413	1838	924	177808	3067	0	183637
10414	1252	915	5660	174752	0	182579
10415	1265	858	3446	171488	0	177057
10416	1119	175707	1452	5910	0	184188
10417	174885	3313	1088	3478	0	182764
10418	3759	175178	1063	1822	0	181822
10419	3338	176943	937	1504	0	182722
10420	175859	5585	715	1522	0	183681
10421	4001	3369	801	173460	0	181631
10422	3321	181392	702	4307	0	189722
10423	1512	3583	637	184646	0	190378
10424	1242	2940	179547	4793	0	188522
10425	1115	1155	180379	4072	0	186721
10426	950	883	5593	179564	0	186990
10427	1049	811	183797	4467	0	190124
10428	973	743	4118	181744	0	187578
10429	847	696	3334	182418	0	187295
10430	975	725	1389	186373	0	189462
10431	178793	673	1144	6793	0	187403
10432	3399	177985	1078	4458	0	186920
10433	2849	181900	970	2274	0	187993
10434	171864	5332	750	1714	0	179660
10435	173414	3120	718	1576	0	178828
10436	5601	1423	673	171138	0	178835
10437	3504	1132	172639	4001	0	181276
10438	1473	971	3227	173986	0	179657
10439	1241	964	175200	4471	0	181876
10440	1016	173300	3760	3741	0	181817
10441	1109	3546	2859	174672	0	182186
10442	174921	2781	1153	4042	0	182897
10443	3836	1373	996	176331	0	182536
10444	3373	892	172906	4031	0	181202
10445	165159	829	4094	3311	0	173393
10446	4631	871	174430	1638	0	181570
10447	4350	797	171317	1278	0	177742
10448	1314	167687	5241	1476	0	175718
10449	814	146304	2598	1021	0	150737
10450	979	137738	1653	1006	0	141376
10451	112371	3044	2987	1972	0	120374
10452	106484	579	521	569	0	108153
10453	657	128	75	108290	0	109150
10454	371	79	61	109404	0	109915
10455	154	75	47	111015	0	111291
10456	70	111826	82	782	0	112760
10457	111915	341	58	478	0	112792
10458	363	112424	63	259	0	113109
10459	333	428	53	112572	0	113386
10460	111981	336	63	606	0	112986
10461	405	99	62	112581	0	113147
10462	371	79	67	114477	0	114994
10463	114873	66	65	851	0	115855
10464	112869	84	96	532	0	113581
10465	876	152	113780	173	0	114981
10466	615	138	112456	139	0	113348
10467	260	174	116710	131	0	117275
10468	126	144	875	115845	0	116990
10469	109	133	499	117622	0	118363
10470	96	118188	146	934	0	119364
10471	119752	489	123	634	0	120998
10472	522	481	69	121723	0	122795
10473	527	130	65	122966	0	123688
10474	142	124530	103	1149	0	125924
10475	122	130138	106	777	0	131143
10476	162	1067	67	132227	0	133523
10477	140	631	68	143974	0	144813
10478	145130	142	95	1955	0	147322
10479	144740	107	82	1179	0	146108
10480	2152	131	65	144908	0	147256
10481	1273	177	145483	1334	0	148267
10482	394	189	141947	1187	0	143717
10483	199	103	2140	143563	0	146005
10484	185	76	1119	141171	0	142551
10485	136	140953	236	2348	0	143673
10486	137767	1173	144	1271	0	140355
10487	1283	1026	125	137900	0	140334
10488	1239	270	138408	1359	0	141276
10489	251	171	1251	140276	0	141949
10490	343	203	140948	1476	0	142970
10491	354	223	141767	1202	0	143546
10492	251	608	2327	141791	0	144977
10493	142199	210	1366	1586	0	145361
10494	1387	174	141675	1225	0	144461
10495	1108	165	1259	139354	0	141886
10496	427	220	148939	1472	0	151058
10497	252	143	1301	148079	0	149775
10498	198	146	1119	148969	0	150432
10499	372	141	148259	2421	0	151193
10500	393	203	145092	1348	0	147036
10501	258	159	2402	139341	0	142160
10502	221	107	1215	147549	0	149092
10503	185	102	375	148761	0	149423
10504	176	114	242	147229	0	147761
10505	145176	87	228	2561	0	148052
10506	145522	105	199	1471	0	147297
10507	2259	145395	271	690	0	148615
10508	146985	1270	216	520	0	148991
10509	1433	1096	260	146527	0	149316
10510	148155	174	278	1660	0	150267
10511	1623	200	146238	1382	0	149443
10512	146101	93	1476	588	0	148258
10513	1523	100	1307	147671	0	150601
10514	1318	115	345	152382	0	154160
10515	151429	103	274	2857	0	154663
10516	1631	124	250	162025	0	164030
10517	1514	244	168111	2274	0	172143
10518	166464	138	2093	2069	0	170764
10519	2119	173289	1980	805	0	178193
10520	1993	1999	390	181997	0	186379
10521	668	1964	196307	2858	0	201797
10522	366	338	2752	196863	0	200319
10523	547	373	198838	3320	0	203078
10524	350	288	2966	198067	0	201671
10525	313	199020	2761	3476	0	205570
10526	388	2833	514	200615	0	204350
10527	355	207393	455	3565	0	211768
10528	465	3372	346	205632	0	209815
10529	480	2960	322	217198	0	220960
10530	494	416	373	220559	0	221842
10531	577	215	422	221197	0	222411
10532	528	186	450	221326	0	222490
10533	697	253	212514	7144	0	220608
10534	383	187	3563	216184	0	220317
10535	392	198	3457	216615	0	220662
10536	213244	208	813	7083	0	221348
10537	3430	213168	557	4607	0	221762
10538	216244	3500	459	1297	0	221500
10539	3943	3390	445	214674	0	222452
10540	3840	637	213689	4316	0	222482
10541	672	214875	3813	4429	0	223789
10542	210700	3532	3785	1424	0	219441
10543	3564	214618	906	1471	0	220559
10544	3427	217930	796	1260	0	223413
10545	214145	6541	703	1210	0	222599
10546	3823	3774	550	225173	0	233320
10547	227164	580	600	4888	0	233232
10548	4365	393	586	224970	0	230314
10549	4246	405	222663	5237	0	232551
10550	978	440	221295	4850	0	227563
10551	213152	373	7774	1675	0	222974
10552	221122	399	4595	1360	0	227476
10553	7704	424	1012	215845	0	224985
10554	4423	430	659	219050	0	224562
10555	211138	434	544	8599	0	220715
10556	4212	209780	625	5399	0	220016
10557	4085	215382	585	1911	0	221963
10558	211616	7402	593	1409	0	221020
10559	212506	4173	562	1268	0	218509
10560	7861	210404	690	1310	0	220265
10561	4665	4333	536	210452	0	219986
10562	1445	4044	208926	4872	0	219287
10563	1272	905	209645	4664	0	216486
10564	201600	740	7873	1551	0	211764
10565	4918	647	210640	1393	0	217598
10566	4432	626	4451	201389	0	210898
10567	1214	657	4047	199139	0	205057
10568	981	201917	994	8097	0	211989
10569	201227	4174	809	4766	0	210976
10570	4833	4010	776	200678	0	210297
10571	4686	1066	197519	4978	0	208249
10572	1234	197022	4239	5075	0	207570
10573	1150	5041	4093	195292	0	205576
10574	1244	3968	194658	4817	0	204687
10575	1416	1010	191560	4692	0	198678
10576	870	186370	7386	2011	0	196637
10577	171577	3851	4105	1310	0	180843
10578	3499	176485	1063	1429	0	182476
10579	175808	3732	800	1303	0	181643
10580	3978	3561	171416	1307	0	180262
10581	168301	932	3476	1409	0	174118
10582	3751	171034	3524	1582	0	179891
10583	3688	3563	906	171009	0	179166
10584	1069	3500	765	175769	0	181103
10585	172900	895	807	7022	0	181624
10586	3944	793	172542	4477	0	181756
10587	173403	748	3668	1760	0	179579
10588	174234	817	3559	1477	0	180087
10589	6792	845	169360	1428	0	178425
10590	4073	904	171703	1387	0	178067
10591	1376	1057	6404	166263	0	175100
10592	168128	837	3861	4350	0	177176
10593	168677	916	1048	4256	0	174897
10594	6552	167914	929	1785	0	177180
10595	4077	3847	757	169259	0	177940
10596	1419	3737	826	165692	0	171674
10597	1352	1085	816	169000	0	172253
10598	1291	855	812	171166	0	174124
10599	165453	788	894	7226	0	174361
10600	4196	859	814	170143	0	176012
10601	4309	915	166922	4409	0	176555
10602	1753	940	167311	4026	0	174030
10603	160194	851	6788	1429	0	169262
10604	4375	164870	4108	1297	0	174650
10605	4285	170450	1245	1240	0	177220
10606	1865	6935	1015	167587	0	177402
10607	1512	4054	847	171305	0	177718
10608	1500	1156	934	172942	0	176532
10609	1450	996	852	174908	0	178206
10610	1585	867	168000	7361	0	177813
10611	1586	807	3749	169166	0	175308
10612	1630	776	3793	168539	0	174738
10613	1421	794	162765	7019	0	171999
10614	151733	616	4486	4389	0	161224
10615	4004	159014	3988	1776	0	168782
10616	150396	2960	1537	1328	0	156221
10617	3756	2767	142372	1058	0	149953
10618	3426	650	138287	999	0	143362
10619	1057	133988	5076	1038	0	141159
10620	117531	4984	8227	2054	0	132796
10621	109602	2274	1274	945	0	114095
10622	109464	483	528	650	0	111125
10623	3540	105833	445	736	0	110554
10624	104596	1748	504	583	0	107431
10625	2178	1667	102867	544	0	107256
10626	1710	101735	1773	701	0	105919
10627	96446	1667	1995	526	0	100634
10628	1645	98247	574	562	0	101028
10629	93552	1422	452	328	0	95754
10630	92146	1254	361	317	0	94078
10631	2652	292	92033	325	0	95302
10632	1423	92295	1478	373	0	95569
10633	90934	1333	1429	350	0	94046
10634	1560	1226	90627	303	0	93716
10635	1308	90270	1371	441	0	93390
10636	712	1658	1370	87976	0	91716
10637	415	1111	87942	1246	0	90714
10638	388	298	86721	1155	0	88562
10639	422	660	2045	85248	0	88375
10640	84095	147	1240	1216	0	86698
10641	1159	84087	325	1347	0	86918
10642	1245	1063	83834	286	0	86428
10643	657	974	82990	242	0	84863
10644	78192	398	1922	245	0	80757
10645	1076	82091	1030	285	0	84482
10646	70794	471	606	110	0	71981
10647	488	70898	119	114	0	71619
10648	71496	534	283	157	0	72470
10649	69618	459	78	73	0	70228
10650	896	69179	99	103	0	70277
10651	516	489	89	69632	0	70726
10652	72275	494	102	579	0	73450
10653	539	79	98	74116	0	74832
10654	566	77	100	78235	0	78978
10655	78098	78	91	1143	0	79410
10656	655	78603	110	779	0	80147
10657	80668	666	91	136	0	81561
10658	783	682	80445	112	0	82022
10659	718	109	689	80669	0	82185
10660	128	108	684	80881	0	81801
10661	80245	83	106	1347	0	81781
10662	80477	87	110	728	0	81402
10663	1340	103	67	80301	0	81811
10664	818	130	81595	737	0	83280
10665	187	105	686	81347	0	82325
10666	179	94	662	82069	0	83004
10667	139	101	92	83011	0	83343
10668	162	83	77	83106	0	83428
10669	81272	77	98	1414	0	82861
10670	815	107	81734	831	0	83487
10671	759	82232	724	244	0	83959
10672	192	691	689	81738	0	83310
10673	188	703	100	83809	0	84800
10674	218	139	83622	1426	0	85405
10675	191	150	83610	832	0	84783
10676	172	83	1396	84775	0	86426
10677	178	82	768	85658	0	86686
10678	243	126	84638	1622	0	86629
10679	174	99	842	85199	0	86314
10680	86368	101	850	976	0	88295
10681	916	89708	181	1088	0	91893
10682	1011	888	89338	266	0	91503
10683	195	90559	910	306	0	91970
10684	254	986	865	90552	0	92657
10685	322	891	91005	959	0	93177
10686	190	90504	940	1117	0	92751
10687	210	881	888	90549	0	92528
10688	260	895	92037	950	0	94142
10689	213	168	944	91420	0	92745
10690	183	128	892	92184	0	93387
10691	91689	116	199	1807	0	93811
10692	998	125	169	92194	0	93486
10693	93200	110	156	1142	0	94608
10694	90789	100	194	1083	0	92166
10695	91587	125	158	377	0	92247
10696	1940	146	157	90272	0	92515
10697	1048	135	89995	1040	0	92218
10698	321	137	89116	1031	0	90605
10699	88580	125	1714	424	0	90843
10700	1012	143	90536	269	0	91960
10701	85850	157	1093	278	0	87378
10702	863	87737	932	396	0	89928
10703	88660	760	281	290	0	89991
10704	980	765	89267	258	0	91270
10705	957	186	91151	240	0	92534
10706	216	207	1577	90494	0	92494
10707	221	84	95469	1042	0	96816
10708	238	129	97034	1020	0	98421
10709	159	134	1934	100052	0	102279
10710	182	94	1066	104139	0	105481
10711	164	117	209	107112	0	107602
10712	119	107564	228	2684	0	110595
10713	189	1276	202	105360	0	107027
10714	140	111068	236	1471	0	112915
10715	109906	1327	216	1436	0	112885
10716	111199	1345	192	379	0	113115
10717	2545	206	176	107918	0	110845
10718	1469	109140	225	1516	0	112350
10719	373	1306	110852	1497	0	114028
10720	111006	1319	1500	470	0	114295
10721	1552	215	1514	112442	0	115723
10722	1569	111	299	113348	0	115327
10723	348	285	206	115740	0	116579
10724	111658	113	260	3037	0	115068
10725	1552	110246	227	1861	0	113886
10726	1553	112453	217	589	0	114812
10727	108461	2669	236	342	0	111708
10728	1436	111732	239	395	0	113802
10729	112207	1538	226	352	0	114323
10730	111402	1467	257	316	0	113442
10731	2825	110988	250	420	0	114483
10732	1656	1521	245	108545	0	111967
10733	371	111648	250	1635	0	113904
10734	297	1541	229	111264	0	113331
10735	286	1523	239	114104	0	116152
10736	114299	277	200	3161	0	117937
10737	117585	233	225	1947	0	119990
10738	3315	249	235	117427	0	121226
10739	2012	224	115746	1931	0	119913
10740	112101	231	1716	1980	0	116028
10741	1766	115150	1816	720	0	119452
10742	1832	1793	439	114913	0	118977
10743	552	1732	314	116457	0	119055
10744	363	387	253	118195	0	119198
10745	112670	293	225	3615	0	116803
10746	112340	285	210	2201	0	115036
10747	3296	109922	263	804	0	114285
10748	2007	111525	254	588	0	114374
10749	592	3181	231	110430	0	114434
10750	521	1970	248	111990	0	114729
10751	484	484	111775	3385	0	116128
10752	552	736	1737	109901	0	112926
10753	440	299	109416	2123	0	112278
10754	403	245	103762	1856	0	106266
10755	309	102242	2889	773	0	106213
10756	743	1685	1977	101357	0	105762
10757	101724	1566	447	1829	0	105566
10758	1664	374	210	101874	0	104122
10759	1782	330	100406	1807	0	104325
10760	98022	323	1502	1761	0	101608
10761	99710	291	1533	562	0	102096
10762	3091	343	99495	437	0	103366
10763	1916	305	1440	100469	0	104130
10764	99754	259	1523	1777	0	103313
10765	1730	101264	358	1943	0	105295
10766	103670	1586	252	634	0	106142
10767	104959	1653	253	561	0	107426
10768	3168	427	229	103557	0	107381
10769	1945	318	214	106895	0	109372
10770	105982	293	243	3368	0	109886
10771	1943	356	237	107917	0	110453
10772	1969	287	107078	2202	0	111536
10773	104670	264	1729	2033	0	108696
10774	106179	288	1690	686	0	108843
10775	3259	104955	369	674	0	109257
10776	1883	106593	256	626	0	109358
10777	627	3581	220	101750	0	106178
10778	464	106264	251	1893	0	108872
10779	632	2329	293	105259	0	108513
10780	102421	1702	276	2082	0	106481
10781	99875	416	238	1836	0	102365
10782	3064	99203	237	702	0	103206
10783	98594	1614	258	510	0	100976
10784	1792	99205	231	594	0	101822
10785	98834	1693	281	531	0	101339
10786	98644	1603	285	594	0	101126
10787	3176	427	96886	530	0	101019
10788	95905	302	1563	475	0	98245
10789	1919	95408	1589	537	0	99453
10790	1823	97584	367	549	0	100323
10791	97315	2809	385	458	0	100967
10792	1996	1845	222	96824	0	100887
10793	2004	471	96918	1720	0	101113
10794	740	435	1513	97539	0	100227
10795	611	363	1529	98307	0	100810
10796	626	347	95952	3121	0	100046
10797	91510	324	1522	1992	0	95348
10798	1827	94452	1558	748	0	98585
10799	93832	1544	358	545	0	96279
10800	2081	1575	241	91525	0	95422
10801	92247	419	254	1725	0	94645
10802	1941	91092	223	1774	0	95030
10803	1937	2010	228	90409	0	94584
10804	89588	1505	252	1796	0	93141
10805	1828	423	86455	1734	0	90440
10806	1726	301	82719	605	0	85351
10807	77657	582	2791	474	0	81504
10808	1572	78074	1438	441	0	81525
10809	1181	71867	309	291	0	73648
10810	1437	2599	729	66224	0	70989
10811	427	68575	211	1094	0	70307
10812	538	1346	363	67402	0	69649
10813	469	1035	237	67985	0	69726
10814	317	283	189	67399	0	68188
10815	332	65750	227	1789	0	68098
10816	399	1006	190	65829	0	67424
10817	410	916	64469	1057	0	66852
10818	363	63735	815	1125	0	66038
10819	411	1190	710	59118	0	61429
10820	306	61377	254	838	0	62775
10821	60364	809	302	783	0	62258
10822	60326	736	183	335	0	61580
10823	60559	224	185	258	0	61226
10824	1461	61105	203	264	0	63033
10825	952	840	141	60977	0	62910
10826	449	805	60630	747	0	62631
10827	395	337	60242	755	0	61729
10828	57699	453	1360	381	0	59893
10829	58392	334	797	319	0	59842
10830	1317	247	166	59686	0	61416
10831	920	242	137	61203	0	62502
10832	405	217	61686	1440	0	63748
10833	282	47468	774	14339	0	62863
10834	322	61351	809	449	0	62931
10835	432	1058	58460	357	0	60307
10836	484	1249	939	54842	0	57514
10837	240	202	642	52021	0	53105
10838	188	149	105	55173	0	55615
10839	200	159	97	55089	0	55545
10840	54380	139	100	973	0	55592
10841	641	167	52968	563	0	54339
10842	52543	157	489	171	0	53360
10843	649	165	545	52719	0	54078
10844	53031	154	114	563	0	53862
10845	634	136	102	53210	0	54082
10846	633	149	53313	596	0	54691
10847	221	207	505	53536	0	54469
10848	213	162	54374	610	0	55359
10849	188	268	512	52844	0	53812
10850	203	143	54448	584	0	55378
10851	142	52950	487	571	0	54150
10852	217	524	488	52416	0	53645
10853	167	495	97	51788	0	52547
10854	107	52818	111	838	0	53874
10855	53539	461	106	539	0	54645
10856	517	468	81	53423	0	54489
10857	499	132	99	53214	0	53944
10858	53778	105	102	984	0	54969
10859	54279	106	91	584	0	55060
10860	55975	116	93	223	0	56407
10861	56180	112	73	200	0	56565
10862	1005	102	54323	171	0	55601
10863	53942	97	493	201	0	54733
10864	54875	96	453	198	0	55622
10865	941	86	119	52721	0	53867
10866	588	204	89	52246	0	53127
10867	50551	83	86	862	0	51582
10868	455	50265	98	549	0	51367
10869	428	535	79	48550	0	49592
10870	137	340	49820	421	0	50718
10871	61	48821	333	424	0	49639
10872	47615	430	560	182	0	48787
10873	47492	311	216	142	0	48161
10874	47477	55	65	86	0	47683
10875	47981	31	48	88	0	48148
10876	527	59	38	46846	0	47470
10877	333	42	46940	309	0	47624
10878	77	49	49021	307	0	49454
10879	48	64	587	51578	0	52277
10880	54135	18	366	427	0	54946
10881	455	26	51	54934	0	55466
10882	469	46	55669	495	0	56679
10883	56093	18	445	504	0	57060
10884	56406	28	444	120	0	56998
10885	905	38	72	57158	0	58173
10886	543	41	58969	496	0	60049
10887	135	41	59817	481	0	60474
10888	57614	28	869	147	0	58658
10889	475	58973	470	148	0	60066
10890	485	424	59263	76	0	60248
10891	137	428	458	58473	0	59496
10892	58957	36	460	517	0	59970
10893	460	58150	87	481	0	59178
10894	453	58722	59	115	0	59349
10895	58744	783	60	85	0	59672
10896	480	426	59	58609	0	59574
10897	62024	44	53	594	0	62715
10898	533	44	66	63258	0	63901
10899	487	55	69	63829	0	64440
10900	147	68	64016	982	0	65213
10901	135	74	62374	541	0	63124
10902	155	57	64999	109	0	65320
10903	105	45	1007	64034	0	65191
10904	65515	34	556	580	0	66685
10905	704	54	65915	556	0	67229
10906	615	42	578	65906	0	67141
10907	180	61	68000	655	0	68896
10908	106	68194	648	644	0	69592
10909	148	661	619	68838	0	70266
10910	125	559	112	69290	0	70086
10911	115	63	99	69989	0	70266
10912	68912	37	102	1283	0	70334
10913	675	38	113	69128	0	69954
10914	682	43	103	69200	0	70028
10915	68887	55	106	1285	0	70333
10916	733	85	68333	700	0	69851
10917	68046	57	650	168	0	68921
10918	67992	46	641	137	0	68816
10919	1284	67	67461	128	0	68940
10920	65866	57	629	168	0	66720
10921	757	85	655	67516	0	69013
10922	718	53	69478	634	0	70883
10923	68905	85	670	696	0	70356
10924	69844	35	656	239	0	70774
10925	1264	44	111	69567	0	70986
10926	751	30	111	69892	0	70784
10927	223	30	112	70499	0	70864
10928	68828	28	124	1306	0	70286
10929	691	69549	130	791	0	71161
10930	68488	539	124	192	0	69343
10931	628	66566	113	188	0	67495
10932	555	65752	124	211	0	66642
10933	185	1063	177	66031	0	67456
10934	144	510	131	66545	0	67330
10935	131	67	104	66441	0	66743
10936	141	47	115	66622	0	66925
10937	166	71	65096	1118	0	66451
10938	63204	49	603	642	0	64498
10939	616	65	546	65685	0	66912
10940	648	79	66397	650	0	67774
10941	164	71	596	66862	0	67693
10942	164	62	528	67636	0	68390
10943	205	85	69618	1118	0	71026
10944	160	65	587	69799	0	70611
10945	164	79	540	70252	0	71035
10946	69570	56	118	1201	0	70945
10947	686	80	70645	674	0	72085
10948	68641	39	618	252	0	69550
10949	658	71494	584	254	0	72990
10950	71267	545	158	217	0	72187
10951	70412	507	118	215	0	71252
10952	1119	84	150	70308	0	71661
10953	674	84	70409	714	0	71881
10954	173	73262	642	721	0	74798
10955	185	803	682	70425	0	72095
10956	132	75952	148	691	0	76923
10957	75409	654	151	670	0	76884
10958	752	619	74423	232	0	76026
10959	716	116	74044	225	0	75101
10960	176	116	1186	72976	0	74454
10961	253	82	75690	774	0	76799
10962	175	76	674	76078	0	77003
10963	163	76	626	76162	0	77027
10964	76889	56	131	1372	0	78448
10965	729	77672	122	870	0	79393
10966	710	724	109	78798	0	80341
10967	181	615	140	80153	0	81089
10968	159	115	135	79919	0	80328
10969	167	79173	161	1469	0	80970
10970	134	79707	168	839	0	80848
10971	78590	1201	150	276	0	80217
10972	78620	656	141	259	0	79676
10973	78763	79	126	240	0	79208
10974	1441	98	77886	225	0	79650
10975	785	427	776	76723	0	78711
10976	339	121	77803	845	0	79108
10977	175	76928	733	885	0	78721
10978	73741	839	937	399	0	75916
10979	766	592	72634	237	0	74229
10980	651	340	595	70177	0	71763
10981	225	101	72247	601	0	73174
10982	69635	108	649	683	0	71075
10983	71836	59	545	256	0	72696
10984	72355	55	131	182	0	72723
10985	71088	63	127	198	0	71476
10986	1019	82	72195	174	0	73470
10987	70877	78	511	170	0	71636
10988	71693	66	517	152	0	72428
10989	947	71386	114	192	0	72639
10990	71164	461	105	162	0	71892
10991	71948	460	95	205	0	72708
10992	987	95	158	69531	0	70771
10993	568	72815	97	550	0	74030
10994	74716	502	106	569	0	75893
10995	78237	493	142	220	0	79092
10996	1243	120	86083	210	0	87656
10997	743	106	87518	150	0	88517
10998	285	97	90304	143	0	90829
10999	189	580	1838	87731	0	90338
11000	87989	74	1123	1001	0	90187
11001	967	88361	208	1072	0	90608
11002	87432	917	158	213	0	88720
11003	1034	88476	106	225	0	89841
11004	86959	991	148	135	0	88233
11005	993	87083	128	155	0	88359
11006	900	87904	122	200	0	89126
11007	85140	1590	159	160	0	87049
11008	919	87646	111	138	0	88814
11009	835	1016	99	86619	0	88569
11010	327	813	87459	871	0	89470
11011	231	210	87882	783	0	89106
11012	137	138	1581	86856	0	88712
11013	142	94	884	89044	0	90164
11014	223	114	88501	1627	0	90465
11015	152	94	898	88427	0	89571
11016	147	88	839	89927	0	91001
11017	89228	84	209	1705	0	91226
11018	987	89945	144	1111	0	92187
11019	913	980	143	85903	0	87939
11020	241	91316	165	989	0	92711
11021	90128	1029	157	888	0	92202
11022	1014	91099	151	301	0	92565
11023	91076	1032	130	169	0	92407
11024	90492	884	112	176	0	91664
11025	1823	229	112	89544	0	91708
11026	1054	179	125	90439	0	91797
11027	332	172	112	91630	0	92246
11028	246	170	148	91680	0	92244
11029	258	215	88800	1844	0	91117
11030	83231	155	987	1085	0	85458
11031	1012	88603	899	368	0	90882
11032	999	999	206	89649	0	91853
11033	327	929	180	89727	0	91163
11034	243	90594	226	1808	0	92871
11035	90628	1025	202	1042	0	92897
11036	1046	92539	203	365	0	94153
11037	990	1168	182	92152	0	94492
11038	306	1025	167	94014	0	95512
11039	289	281	129	94924	0	95623
11040	293	230	129	94203	0	94855
11041	91867	226	136	1999	0	94228
11042	1219	241	92077	1135	0	94672
11043	1058	232	1054	90358	0	92702
11044	360	201	1001	91448	0	93010
11045	259	248	319	92085	0	92911
11046	296	220	258	91553	0	92327
11047	88123	197	218	2132	0	90670
11048	1262	223	89066	1244	0	91795
11049	1083	509	1027	85332	0	87951
11050	380	85813	940	1192	0	88325
11051	268	88327	255	1137	0	89987
11052	87175	1807	196	455	0	89633
11053	1242	1133	87475	324	0	90174
11054	82742	440	1043	304	0	84529
11055	1301	330	84781	299	0	86711
11056	965	231	942	81432	0	83570
11057	83002	182	882	1138	0	85204
11058	904	84446	310	1136	0	86796
11059	867	943	261	80495	0	82566
11060	274	84158	268	1015	0	85715
11061	83105	989	228	1037	0	85359
11062	83300	847	214	488	0	84849
11063	1708	279	193	83166	0	85346
11064	1067	223	82387	1199	0	84876
11065	455	241	82267	1075	0	84038
11066	304	416	1529	81285	0	83534
11067	243	83843	885	1116	0	86087
11068	318	1154	243	85652	0	87367
11069	287	996	92	84232	0	85607
11070	311	367	84	84623	0	85385
11071	322	297	83231	1926	0	85776
11072	285	214	918	83912	0	85329
11073	247	203	843	83875	0	85168
11074	165	82958	254	2444	0	85821
11075	183	1438	195	79237	0	81053
11076	154	866	199	86312	0	87531
11077	216	206	218	87169	0	87809
11078	213	169	213	87217	0	87812
11079	217	168	166	86061	0	86612
11080	211	188	154	85822	0	86375
11081	203	207	127	84147	0	84684
11082	210	256	188	82781	0	83435
11083	307	280	78259	2813	0	81659
11084	290	269	880	80324	0	81763
11085	78891	217	799	1408	0	81315
11086	1081	178	204	78879	0	80342
11087	1003	173	79450	1419	0	82045
11088	77738	152	987	1306	0	80183
11089	80870	166	873	591	0	82500
11090	81673	182	276	451	0	82582
11091	81333	155	171	528	0	82187
11092	1936	210	145	81096	0	83387
11093	1114	120	80456	1378	0	83068
11094	316	78786	964	1218	0	81284
11095	208	76470	833	600	0	78111
11096	850	1679	1553	64614	0	68696
11097	339	418	632	64560	0	65949
11098	46	73	49	64704	0	64872
11099	48	59	33	65688	0	65828
11100	57	56	31	70078	0	70222
11101	72866	27	66	1191	0	74150
11102	786	74386	67	745	0	75984
11103	719	76862	55	269	0	77905
11104	170	1827	56	78279	0	80332
11105	94	890	47	80131	0	81162
11106	76	142	50	80773	0	81041
11107	87	73	50	80438	0	80648
11108	136	64	76676	2048	0	78924
11109	70	75872	984	1242	0	78168
11110	93	1047	790	76122	0	78052
11111	74600	793	146	1127	0	76666
11112	997	170	75	75990	0	77232
11113	877	102	76009	1206	0	78194
11114	226	82	74910	973	0	76191
11115	149	82	77435	295	0	77961
11116	111	341	1850	74443	0	76745
11117	76615	52	1271	1236	0	79174
11118	980	41	178	78047	0	79246
11119	815	83	95	79578	0	80571
11120	78297	63	92	1964	0	80416
11121	1064	64	78	80155	0	81361
11122	863	58	84	80678	0	81683
11123	262	77	82166	1939	0	84444
11124	111	82800	1032	1134	0	85077
11125	140	1069	843	85638	0	87690
11126	85107	829	178	1276	0	87390
11127	1104	156	83	86706	0	88049
11128	1020	127	86358	1361	0	88866
11129	211	300	1079	86549	0	88139
11130	120	86783	978	1459	0	89340
11131	149	1129	185	88853	0	90316
11132	171	980	87242	1426	0	89819
11133	93	90665	1134	1299	0	93191
11134	187	1598	1029	91938	0	94752
11135	121	1145	256	98895	0	100417
11136	116	234	124	101517	0	101991
11137	110	113	113	102893	0	103229
11138	158	145	99612	3117	0	103032
11139	89	99812	1533	1841	0	103275
11140	100422	1493	1328	563	0	103806
11141	101500	1286	286	429	0	103501
11142	2726	257	144	100800	0	103927
11143	1527	160	100031	1807	0	103525
11144	97459	111	1576	1596	0	100742
11145	1606	93	1384	101515	0	104598
11146	1464	144	103898	1844	0	107350
11147	339	87	1597	105220	0	107243
11148	231	84	1400	105125	0	106840
11149	195	110	322	107121	0	107748
11150	241	150	106669	3243	0	110303
11151	354	142	1612	102523	0	104631
11152	210	107062	1434	1976	0	110682
11153	107829	1543	332	1686	0	111390
11154	108734	1365	235	637	0	110971
11155	109262	314	206	540	0	110322
11156	3051	106964	197	601	0	110813
11157	107746	1638	183	541	0	110108
11158	1841	1433	200	105637	0	109111
11159	106205	329	259	1994	0	108787
11160	105719	221	235	1803	0	107978
11161	3077	241	103279	749	0	107346
11162	1666	102929	1677	646	0	106918
11163	102710	1580	1494	498	0	106282
11164	1719	1500	383	102538	0	106140
11165	1617	380	102031	1912	0	105940
11166	455	101952	1661	1780	0	105848
11167	99693	1673	1580	787	0	103733
11168	1676	1399	376	100377	0	103828
11169	1524	341	247	101899	0	104011
11170	476	243	240	102322	0	103281
11171	347	99718	251	3426	0	103742
11172	340	1612	260	101174	0	103386
11173	264	100275	315	2276	0	103130
11174	318	1691	259	100866	0	103134
11175	432	1440	99055	2179	0	103106
11176	374	411	1632	100378	0	102795
11177	332	249	1512	101232	0	103325
11178	415	239	455	102798	0	103907
11179	469	250	99466	3515	0	103700
11180	389	165	1738	100780	0	103072
11181	428	230	1565	102390	0	104613
11182	418	276	499	103802	0	104995
11183	384	263	362	103856	0	104865
11184	451	223	363	104216	0	105253
11185	551	278	100627	3553	0	105009
11186	508	269	1637	101286	0	103700
11187	511	275	1504	100159	0	102449
11188	96279	240	471	3344	0	100334
11189	1848	95612	320	2233	0	100013
11190	1729	98190	357	984	0	101260
11191	702	2813	327	97448	0	101290
11192	605	1615	337	96535	0	99092
11193	493	93679	303	3296	0	97771
11194	617	1657	256	94471	0	97001
11195	461	93803	346	2335	0	96945
11196	643	1788	330	93611	0	96372
11197	643	1656	288	92494	0	95081
11198	507	522	89317	2966	0	93312
11199	402	87711	1481	2086	0	91680
11200	373	85533	1157	959	0	88022
11201	75593	1967	846	700	0	79106
11202	989	77570	394	619	0	79572
11203	1046	1054	258	75313	0	77671
11204	502	938	73587	1281	0	76308
11205	473	537	893	72935	0	74838
11206	71771	267	872	1378	0	74288
11207	1036	284	72926	1205	0	75451
11208	873	74134	879	744	0	76630
11209	452	906	883	71902	0	74143
11210	281	833	325	75775	0	77214
11211	75717	260	257	1989	0	78223
11212	888	234	214	77347	0	78683
11213	862	208	232	76781	0	78083
11214	292	248	190	77063	0	77793
11215	224	230	186	76535	0	77175
11216	73930	237	203	2122	0	76492
11217	73800	233	200	1448	0	75681
11218	1552	228	148	74015	0	75943
11219	72780	212	199	1385	0	74576
11220	989	391	193	71604	0	73177
11221	894	254	69836	1436	0	72420
11222	384	223	68517	1297	0	70421
11223	387	941	1421	63448	0	66197
11224	236	65256	813	1215	0	67520
11225	284	902	282	64416	0	65884
11226	63052	667	164	1218	0	65101
11227	721	323	168	64235	0	65447
11228	62888	192	142	1295	0	64517
11229	815	292	166	64187	0	65460
11230	723	263	64073	1146	0	66205
11231	214	63167	707	998	0	65086
11232	163	64424	609	684	0	65880
11233	321	1910	387	58444	0	61062
11234	218	512	58792	792	0	60314
11235	45	52802	285	419	0	53551
11236	357	515	324	50564	0	51760
11237	49545	191	186	348	0	50270
11238	165	66	50309	242	0	50782
11239	136	39	154	50358	0	50687
11240	52	60	127	51903	0	52142
11241	60	68	51557	338	0	52023
11242	61	68	49632	223	0	49984
11243	58	285	51787	125	0	52255
11244	40	203	309	51271	0	51823
11245	82	61	52867	253	0	53263
11246	47893	43	197	335	0	48468
11247	228	40	171	53708	0	54147
11248	261	64	60951	278	0	61554
11249	44	62119	244	385	0	62792
11250	94	241	61403	120	0	61858
11251	92	365	292	60864	0	61613
11252	62602	101	406	491	0	63600
11253	264	38	62	64530	0	64894
11254	279	50	33	65293	0	65655
11255	69271	31	48	702	0	70052
11256	450	37	25	71396	0	71908
11257	426	47	73151	587	0	74211
11258	72196	22	535	535	0	73288
11259	535	75061	497	191	0	76284
11260	76464	517	73	116	0	77170
11261	594	512	36	76280	0	77422
11262	555	84	76138	588	0	77365
11263	141	81	77511	544	0	78277
11264	81	272	1134	77121	0	78608
11265	95	99	587	77082	0	77863
11266	115	48	77837	1030	0	79030
11267	80	55	76066	578	0	76779
11268	76841	35	1067	122	0	78065
11269	586	39	576	78139	0	79340
11270	78987	28	155	655	0	79825
11271	629	36	85	78696	0	79446
11272	650	65	81404	687	0	82806
11273	172	76	84624	596	0	85468
11274	101	86	1158	85348	0	86693
11275	83	51	644	87177	0	87955
11276	90	53	88449	1226	0	89818
11277	85579	33	759	754	0	87125
11278	749	48	697	91318	0	92812
11279	94432	24	152	878	0	95486
11280	871	104896	142	905	0	106814
11281	858	1164	104	107736	0	109862
11282	108444	1011	105	1381	0	110941
11283	1459	122	109384	1214	0	112179
11284	1148	53	1309	109709	0	112219
11285	180	52	1142	110810	0	112184
11286	142	40	193	113512	0	113887
11287	175	104	111301	2543	0	114123
11288	121	71	1357	110290	0	111839
11289	107	111371	1244	1545	0	114267
11290	166	1213	194	113551	0	115124
11291	170	1140	111748	1519	0	114577
11292	211	132	112823	1335	0	114501
11293	137	119	2552	112473	0	115281
11294	175	89	1349	114266	0	115879
11295	144	72	265	116488	0	116969
11296	470	67	204	116783	0	117524
11297	114611	56	239	2726	0	117632
11298	113879	44	207	1519	0	115649
11299	2610	92	113428	398	0	116528
11300	1342	114728	1440	451	0	117961
11301	280	1304	1281	116707	0	119572
11302	119212	1204	265	1717	0	122398
11303	116606	146	234	1504	0	118490
11304	121210	76	244	389	0	121919
11305	121139	80	251	414	0	121884
11306	2762	147	119049	362	0	122320
11307	115813	65	1478	428	0	117784
11308	1541	116575	1408	480	0	120004
11309	1419	1323	274	117955	0	120971
11310	414	1259	118339	1650	0	121662
11311	323	151	1532	117461	0	119467
11312	329	164	119009	1778	0	121280
11313	268	141	1628	118829	0	120866
11314	273	127	1390	120372	0	122162
11315	119245	99	352	2935	0	122631
11316	1618	120	307	120658	0	122703
11317	1520	205	120402	1878	0	124005
11318	410	132	1586	123163	0	125291
11319	121846	135	1517	1980	0	125478
11320	1629	118	423	124413	0	126583
11321	1582	168	122822	1916	0	126488
11322	342	121171	1695	1933	0	125141
11323	123893	1432	1501	826	0	127652
11324	1674	1295	409	119261	0	122639
11325	1466	125548	453	1766	0	129233
11326	124876	1482	379	1656	0	128393
11327	1799	1356	124337	665	0	128157
11328	1526	122737	1708	756	0	126727
11329	443	1504	1562	123680	0	127189
11330	456	1336	122827	1890	0	126509
11331	395	201	1704	120726	0	123026
11332	120543	163	1549	2033	0	124288
11333	1765	191	120242	1876	0	124074
11334	1627	198	1665	119076	0	122566
11335	616	193	121789	2021	0	124619
11336	548	220	1807	120096	0	122671
11337	478	234	1535	122336	0	124583
11338	119508	219	491	3162	0	123380
11339	1740	120136	411	2106	0	124393
11340	1626	1450	430	120781	0	124287
11341	119732	1309	404	2040	0	123485
11342	119834	266	415	1863	0	122378
11343	2932	444	389	116748	0	120513
11344	1596	117322	482	2043	0	121443
11345	480	119412	463	1909	0	122264
11346	611	2738	561	116515	0	120425
11347	577	1515	521	115812	0	118425
11348	107570	280	396	3013	0	111259
11349	1636	210	441	107798	0	110085
11350	1321	181	104465	1978	0	107945
11351	97038	162	1501	1678	0	100379
11352	1452	101743	1232	875	0	105302
11353	101379	1249	397	683	0	103708
11354	1724	1105	102076	644	0	105549
11355	1216	101077	1286	620	0	104199
11356	100522	1426	1686	511	0	104145
11357	99371	1093	667	549	0	101680
11358	2194	244	99379	356	0	102173
11359	97202	248	1348	425	0	99223
11360	98783	175	1036	352	0	100346
11361	2110	98680	281	457	0	101528
11362	1239	1178	222	100158	0	102797
11363	508	976	98604	1376	0	101464
11364	403	283	1242	99753	0	101681
11365	370	257	102334	1462	0	104423
11366	264	249	1341	100229	0	102083
11367	101513	176	1180	1541	0	104410
11368	1345	129	286	104541	0	106301
11369	1277	161	112176	1546	0	115160
11370	112400	88	1565	1408	0	115461
11371	1827	143	1375	117566	0	120911
11372	1576	140	115701	1843	0	119260
11373	109279	120	1749	1680	0	112828
11374	1813	430	1515	113306	0	117064
11375	1621	182	111868	1810	0	115481
11376	526	223	110102	1521	0	112372
11377	504	1567	2704	105203	0	109978
11378	408	236	109513	1630	0	111787
11379	309	104021	1570	1406	0	107306
11380	609	1519	1107	91916	0	95151
11381	91086	816	275	1054	0	93231
11382	958	115	91539	808	0	93420
11383	894	61	90729	155	0	91839
11384	84113	55	1741	163	0	86072
11385	940	69	91255	101	0	92365
11386	85232	38	1016	126	0	86412
11387	976	49	90259	94	0	91378
11388	852	75	940	87538	0	89405
11389	226	65	90871	860	0	92022
11390	112	93	949	88765	0	89919
11391	172	60	92498	915	0	93645
11392	194	86	90613	780	0	91673
11393	82912	68	1598	236	0	84814
11394	839	89944	872	198	0	91853
11395	90877	752	229	128	0	91986
11396	860	91736	179	130	0	92905
11397	810	843	167	91075	0	92895
11398	182	799	159	92804	0	93944
11399	92046	99	165	1536	0	93846
11400	884	60	159	91723	0	92826
11401	908	64	91011	962	0	92945
11402	87548	42	925	861	0	89376
11403	89685	47	870	212	0	90814
11404	1580	53	265	89300	0	91198
11405	971	110	90848	918	0	92847
11406	230	89	956	90060	0	91335
11407	131	91307	929	994	0	93361
11408	174	832	231	91869	0	93106
11409	161	808	184	93078	0	94231
11410	217	130	91138	1667	0	93152
11411	80949	91	993	1032	0	83065
11412	909	89816	894	365	0	91984
11413	89451	802	290	242	0	90785
11414	904	91053	222	281	0	92460
11415	918	954	239	88557	0	90668
11416	213	91179	216	1037	0	92645
11417	275	911	88786	925	0	90897
11418	226	1235	1011	85115	0	87587
11419	229	156	949	87958	0	89292
11420	172	98	319	89739	0	90328
11421	87600	72	270	1766	0	89708
11422	986	105	245	88182	0	89518
11423	86734	94	280	1126	0	88234
11424	86641	110	282	1003	0	88036
11425	86016	105	293	391	0	86805
11426	1849	151	85839	344	0	88183
11427	1119	119	1067	85757	0	88062
11428	334	114	1061	88916	0	90425
11429	303	120	440	90846	0	91709
11430	92641	104	426	2065	0	95236
11431	1266	127	386	94064	0	95843
11432	1158	119	449	95361	0	97087
11433	98104	152	446	2314	0	101016
11434	1428	147	425	101544	0	103544
11435	1468	190	102604	1608	0	105870
11436	498	185	103996	1437	0	106116
11437	395	163	2722	104050	0	107330
11438	103657	131	1602	1668	0	107058
11439	100398	122	656	1541	0	102717
11440	2736	129	471	102086	0	105422
11441	1679	141	102246	1611	0	105677
11442	469	101604	1699	1620	0	105392
11443	445	1431	1537	103312	0	106725
11444	359	1255	521	104795	0	106930
11445	387	257	422	105480	0	106546
11446	103251	180	488	2871	0	106790
11447	1692	163	104094	1698	0	107647
11448	104006	209	1638	569	0	106422
11449	1797	174	1484	101776	0	105231
11450	1583	104247	445	1693	0	107968
11451	105211	1423	350	1576	0	108560
11452	104241	1303	301	646	0	106491
11453	2922	332	108571	472	0	112297
11454	1628	104308	1584	703	0	108223
11455	456	103674	1499	616	0	106245
11456	102094	2442	580	545	0	105661
11457	1749	1319	308	102549	0	105925
11458	1558	264	275	102680	0	104777
11459	560	190	311	102469	0	103530
11460	385	99116	299	3018	0	102818
11461	355	101449	266	1766	0	103836
11462	99333	2477	229	629	0	102668
11463	1699	1357	192	98859	0	102107
11464	1406	288	103811	1750	0	107255
11465	456	372	1738	107413	0	109979
11466	463	254	117314	2240	0	120271
11467	536	223	118129	1797	0	120685
11468	601	309	118777	583	0	120270
11469	245	106117	3654	389	0	110405
11470	980	2453	3040	96611	0	103084
11471	277	101998	629	1775	0	104679
11472	416	2057	315	98322	0	101110
11473	233	1528	175	101407	0	103343
11474	99746	341	148	3272	0	103507
11475	1788	191	119	101249	0	103347
11476	100628	115	118	2197	0	103058
11477	100795	93	109	1774	0	102771
11478	3265	144	117	96588	0	100114
11479	1803	97943	141	1934	0	101821
11480	552	1699	172	97301	0	99724
11481	303	99185	136	2075	0	101699
11482	270	1903	131	99530	0	101834
11483	322	1562	98002	2170	0	102056
11484	223	406	1767	99123	0	101519
11485	238	218	1540	100527	0	102523
11486	95810	142	433	3447	0	99832
11487	1781	97323	298	2095	0	101497
11488	1622	1732	241	97914	0	101509
11489	493	1606	195	96889	0	99183
11490	315	95962	302	3392	0	99971
11491	319	1826	223	97451	0	99819
11492	94037	1601	236	2371	0	98245
11493	95717	444	182	1952	0	98295
11494	3257	94347	235	743	0	98582
11495	1905	1854	163	94635	0	98557
11496	92177	1574	194	2129	0	96074
11497	1908	94623	250	1896	0	98677
11498	1735	2009	193	89727	0	93664
11499	535	94474	251	2035	0	97295
11500	93033	2042	327	1788	0	97190
11501	2046	1667	92330	710	0	96753
11502	1781	511	92473	584	0	95349
11503	648	522	3319	91434	0	95923
11504	552	304	94159	2125	0	97140
11505	347	343	2265	91916	0	94871
11506	91157	318	1797	2331	0	95603
11507	1974	323	93335	1961	0	97593
11508	1690	354	1915	93076	0	97035
11509	576	329	1588	95613	0	98106
11510	93988	316	440	3596	0	98340
11511	1900	95586	358	2222	0	100066
11512	97019	1829	258	957	0	100063
11513	96015	1641	190	712	0	98558
11514	3369	93875	256	759	0	98259
11515	2020	1917	201	94809	0	98947
11516	824	1738	93365	2080	0	98007
11517	507	648	1814	92954	0	95923
11518	360	94221	1654	2308	0	98543
11519	94682	2022	525	1938	0	99167
11520	1887	1722	419	95477	0	99505
11521	1740	666	96799	2331	0	101536
11522	548	431	1888	98480	0	101347
11523	379	381	1692	100169	0	102621
11524	380	367	505	102054	0	103306
11525	359	433	381	102265	0	103438
11526	442	429	276	100142	0	101289
11527	629	400	96203	4040	0	101272
11528	1178	331	94179	2394	0	98082
11529	395	92104	3041	1130	0	96670
11530	360	92674	1655	791	0	95480
11531	90394	2723	814	619	0	94550
11532	1919	1607	90202	593	0	94321
11533	84057	801	1934	680	0	87472
11534	1862	377	83724	483	0	86446
11535	1426	318	80444	400	0	82588
11536	508	330	2421	77430	0	80689
11537	80585	253	1551	1600	0	83989
11538	1387	260	458	82155	0	84260
11539	1188	284	269	83039	0	84780
11540	502	233	87058	2686	0	90479
11541	266	191	1319	88385	0	90161
11542	264	170	1127	88914	0	90475
11543	303	155	349	89079	0	89886
11544	325	155	219	89116	0	89815
11545	353	157	163	89226	0	89899
11546	85832	182	144	2848	0	89006
11547	1404	238	122	86615	0	88379
11548	1276	224	83950	1891	0	87341
11549	445	344	1209	84598	0	86596
11550	369	225	84356	1742	0	86692
11551	262	503	1472	83471	0	85708
11552	308	199	86309	1732	0	88548
11553	215	537	1574	81204	0	83530
11554	226	212	1237	84006	0	85681
11555	256	171	82796	2386	0	85609
11556	74513	193	1374	1498	0	77578
11557	1272	180	84188	704	0	86344
11558	1164	377	1478	83436	0	86455
11559	84822	118	1282	1514	0	87736
11560	1315	168	405	86059	0	87947
11561	1195	384	259	86271	0	88109
11562	627	150	86229	2351	0	89357
11563	300	84544	1136	1593	0	87573
11564	164	78843	825	641	0	80473
11565	217	76328	422	477	0	77444
11566	1351	610	988	63301	0	66250
11567	63981	153	305	312	0	64751
11568	159	50	37	63766	0	64012
11569	152	33	33	64359	0	64577
11570	54	25	27	64969	0	65075
11571	32	18	26	64771	0	64847
11572	17	64252	45	407	0	64721
11573	40	150	32	65697	0	65919
11574	22	147	33	65539	0	65741
11575	23	65396	31	420	0	65870
11576	66147	166	27	267	0	66607
11577	161	149	22	66104	0	66436
11578	66224	31	24	268	0	66547
11579	65518	19	43	235	0	65815
11580	310	67193	39	128	0	67670
11581	205	210	31	70608	0	71054
11582	98	170	70111	220	0	70599
11583	107	68	69032	201	0	69408
11584	55	244	313	69225	0	69837
11585	70864	17	222	288	0	71391
11586	72206	14	74	283	0	72577
11587	295	22	40	73417	0	73774
11588	74274	15	54	292	0	74635
11589	209	73987	49	250	0	74495
11590	74189	187	42	118	0	74536
11591	213	79373	54	147	0	79787
11592	195	216	35	81178	0	81624
11593	83	176	33	81552	0	81844
11594	61	81935	51	432	0	82479
11595	81791	193	126	285	0	82395
11596	255	215	80934	112	0	81516
11597	189	77	190	80529	0	80985
11598	144	93	82791	236	0	83264
11599	56	49	226	82062	0	82393
11600	83627	34	199	340	0	84200
11601	215	41	76	83641	0	83973
11602	83427	24	53	348	0	83852
11603	82860	35	46	312	0	83253
11604	377	37	41	82419	0	82874
11605	280	68	82397	312	0	83057
11606	107	86044	207	328	0	86686
11607	82	186	187	85470	0	85925
11608	84383	176	61	344	0	84964
11609	278	120	84403	263	0	85064
11610	234	59	191	84671	0	85155
11611	122	45	186	84965	0	85318
11612	90	59	61	85535	0	85745
11613	84925	54	68	487	0	85534
11614	226	49	68	84751	0	85094
11615	207	56	80	85444	0	85787
11616	141	79	85721	488	0	86429
11617	93	46	243	85769	0	86151
11618	122	51	231	87335	0	87739
11619	110	30	80	88303	0	88523
11620	94	87677	100	620	0	88491
11621	114	227	50	86649	0	87040
11622	116	224	56	86134	0	86530
11623	83400	74	40	526	0	84040
11624	339	96	84169	324	0	84928
11625	299	81	81594	172	0	82146
11626	107	83752	388	184	0	84431
11627	162	281	315	85566	0	86324
11628	85215	206	158	408	0	85987
11629	251	85	55	85153	0	85544
11630	260	51	43	85895	0	86249
11631	99	47	46	86460	0	86652
11632	82	44	48	85424	0	85598
11633	82	39	44	85287	0	85452
11634	144	74	84301	547	0	85066
11635	72	36	221	84203	0	84532
11636	84217	28	201	421	0	84867
11637	237	83150	73	399	0	83859
11638	232	232	52	84217	0	84733
11639	92	213	47	84425	0	84777
11640	141	97	81417	522	0	82177
11641	88	61	229	80784	0	81162
11642	73	50	220	84761	0	85104
11643	85205	47	89	665	0	86006
11644	375	88114	75	569	0	89133
11645	367	450	61	89628	0	90506
11646	135	414	51	91047	0	91647
11647	103	153	52	91860	0	92168
11648	148	85	92412	987	0	93632
11649	140	94	90132	630	0	90996
11650	63	92302	918	336	0	93619
11651	60	95549	530	298	0	96437
11652	107	894	169	93384	0	94554
11653	61	93947	114	728	0	94850
11654	112	991	77	101341	0	102521
11655	79	701	67	109275	0	110122
11656	60	130	53	115741	0	115984
11657	51	76	63	127339	0	127529
11658	152	119	127253	2683	0	130207
11659	74	72	1399	129666	0	131211
11660	88	56	1472	131039	0	132655
11661	68	57	303	134639	0	135067
11662	127942	53	143	3558	0	131696
11663	1448	133053	190	2383	0	137074
11664	1703	1688	140	122726	0	126257
11665	305	135075	127	1749	0	137256
11666	130279	1873	117	1856	0	134125
11667	114522	1923	150	691	0	117286
11668	2740	133838	112	531	0	137221
11669	1544	137472	94	526	0	139636
11670	587	3473	132516	395	0	136971
11671	243	139158	1639	442	0	141482
11672	299	2181	1732	136318	0	140530
11673	135737	2011	418	1943	0	140109
11674	1626	139228	183	2405	0	143442
11675	1772	2058	178	141191	0	145199
11676	365	2028	169	143459	0	146021
11677	207	502	170	147144	0	148023
11678	142353	315	161	4156	0	146985
11679	2002	364	143285	2581	0	148232
11680	137746	263	1826	933	0	140768
11681	2067	141001	1918	753	0	145739
11682	2037	2073	352	142425	0	146887
11683	644	2074	140930	2208	0	145856
11684	131010	547	1976	2317	0	135850
11685	2008	141090	2014	756	0	145868
11686	2094	2136	427	137959	0	142616
11687	480	141696	283	2130	0	144589
11688	297	2268	270	142966	0	145801
11689	320	2123	224	144152	0	146819
11690	378	668	141100	4001	0	146147
11691	326	487	136052	2628	0	139493
11692	259	471	3711	135492	0	139933
11693	327	379	139165	2482	0	142353
11694	248	346	2228	138294	0	141116
11695	243	265	2187	137856	0	140551
11696	238	273	600	141951	0	143062
11697	137496	240	421	4501	0	142658
11698	2049	258	414	140156	0	142877
11699	2136	283	138925	2864	0	144208
11700	136584	266	2038	2845	0	141733
11701	2109	306	2118	140699	0	145232
11702	2206	264	556	142622	0	145648
11703	138763	336	408	4409	0	143916
11704	2113	142096	446	3024	0	147679
11705	2201	2091	365	143910	0	148567
11706	638	2127	329	142553	0	145647
11707	139114	598	350	4603	0	144665
11708	2255	507	139789	3073	0	145624
11709	2271	500	2054	139240	0	144065
11710	653	517	2189	140864	0	144223
11711	501	485	632	139338	0	140956
11712	466	138755	535	4825	0	144581
11713	485	2160	485	141402	0	144532
11714	137797	2224	425	3184	0	143630
11715	2058	138841	452	3210	0	144561
11716	136949	2214	410	1458	0	141031
11717	2348	139904	424	1336	0	144012
11718	139640	2429	441	1251	0	143761
11719	2667	2381	137831	1059	0	143938
11720	2578	874	137151	1080	0	141683
11721	134847	654	3852	1131	0	140484
11722	2475	664	140758	1071	0	144968
11723	2519	558	2367	138146	0	143590
11724	861	515	2399	136790	0	140565
11725	751	437	828	142588	0	144604
11726	138885	467	639	4711	0	144702
11727	2424	507	137455	3127	0	143513
11728	136879	470	2259	1520	0	141128
11729	2505	490	2296	140736	0	146027
11730	142227	455	710	3076	0	146468
11731	2760	540	554	143994	0	147848
11732	147160	537	551	3182	0	151430
11733	2886	599	499	155939	0	159923
11734	2850	546	159350	3593	0	166339
11735	160289	560	2772	3341	0	166962
11736	166898	434	2746	1534	0	171612
11737	5529	507	799	166949	0	173784
11738	3451	659	661	161696	0	166467
11739	1076	167755	780	5782	0	175393
11740	161492	2774	836	3643	0	168745
11741	3164	167509	636	1676	0	172985
11742	163503	2876	787	1397	0	168563
11743	3424	2675	163382	1299	0	170780
11744	3156	747	163930	1178	0	169011
11745	1207	476	163830	1095	0	166608
11746	154675	606	5607	1079	0	161967
11747	3098	161915	3240	1171	0	169424
11748	3085	2583	1024	159107	0	165799
11749	155498	2522	770	3163	0	161953
11750	2938	161089	733	3405	0	168165
11751	2979	5002	619	149734	0	158334
11752	992	158217	588	3189	0	162986
11753	847	153233	612	3073	0	157765
11754	874	153471	549	1238	0	156132
11755	135003	4604	1334	1277	0	142218
11756	2196	139150	438	1018	0	142802
11757	1609	124061	395	655	0	126720
11758	648	121993	445	586	0	123672
11759	119315	2633	1058	444	0	123450
11760	119276	1322	500	447	0	121545
11761	2849	424	116202	474	0	119949
11762	114241	244	1483	438	0	116406
11763	116137	177	1278	415	0	118007
11764	2620	259	267	114223	0	117369
11765	117099	203	223	1627	0	119152
11766	1747	255	114718	1381	0	118101
11767	1414	120502	1370	495	0	123781
11768	120543	1629	1390	398	0	123960
11769	1792	1515	310	123947	0	127564
11770	125316	314	218	1693	0	127541
11771	1933	258	120310	1601	0	124102
11772	120962	230	1499	394	0	123085
11773	1899	333	1398	123289	0	126919
11774	1735	237	122405	1645	0	126022
11775	378	119195	1573	1534	0	122680
11776	339	123069	1431	436	0	125275
11777	553	3081	591	117593	0	121818
11778	465	1556	273	113270	0	115564
11779	220	119184	115	2468	0	121987
11780	119050	1469	147	1248	0	121914
11781	118567	1315	127	221	0	120230
11782	117200	216	182	184	0	117782
11783	2813	118606	127	325	0	121871
11784	1596	1550	122	109348	0	112616
11785	326	119594	150	1343	0	121413
11786	118663	1528	169	1173	0	121533
11787	117344	1304	104	266	0	119018
11788	2763	116062	138	299	0	119262
11789	117993	1493	113	259	0	119858
11790	1730	1338	117	117031	0	120216
11791	1445	300	155	117920	0	119820
11792	118678	194	208	2756	0	121836
11793	116319	242	187	1426	0	118174
11794	117418	211	166	344	0	118139
11795	2940	233	175	115632	0	118980
11796	1560	234	173	117956	0	119923
11797	447	307	116492	2818	0	120064
11798	415	316	1491	115852	0	118074
11799	412	375	1309	115063	0	117159
11800	498	326	113033	2768	0	116625
11801	536	339	111204	1484	0	113563
11802	402	383	114737	319	0	115841
11803	409	300	2900	111332	0	114941
11804	514	432	112367	1641	0	114954
11805	441	409	1605	111243	0	113698
11806	450	425	1344	113374	0	115593
11807	572	422	112681	2853	0	116528
11808	527	486	113347	1523	0	115883
11809	430	437	2766	110730	0	114363
11810	482	488	117947	1708	0	120625
11811	565	463	117160	1482	0	119670
11812	469	116249	2786	495	0	119999
11813	118815	1763	1526	353	0	122457
11814	119590	1589	357	342	0	121878
11815	120206	548	248	351	0	121353
11816	3045	118149	262	455	0	121911
11817	1862	120310	244	463	0	122879
11818	661	2880	302	119647	0	123490
11819	586	1657	310	119619	0	122172
11820	690	429	117560	2994	0	121673
11821	547	412	1673	117516	0	120148
11822	117790	332	1504	1986	0	121612
11823	1975	341	411	110472	0	113199
11824	1728	117510	413	1737	0	121388
11825	119915	1701	337	1580	0	123533
11826	120723	1556	340	524	0	123143
11827	122780	421	322	531	0	124054
11828	3453	375	120249	440	0	124517
11829	1834	1160	1635	118802	0	123431
11830	126675	277	1659	1979	0	130590
11831	2344	350	128152	1689	0	132535
11832	1828	124250	1889	670	0	128637
11833	543	119115	1558	488	0	121704
11834	107926	2443	1107	375	0	111851
11835	1422	109540	392	356	0	111710
11836	1382	1384	358	105081	0	108205
11837	431	1208	106288	1348	0	109275
11838	445	514	1267	105008	0	107234
11839	104236	227	1189	1435	0	107087
11840	1266	103957	268	1304	0	106795
11841	103516	1165	211	328	0	105220
11842	1378	1079	102774	297	0	105528
11843	1204	706	1209	97391	0	100510
11844	274	103767	1119	1261	0	106421
11845	430	1361	333	104246	0	106370
11846	104237	1032	264	1426	0	106959
11847	105138	178	223	1159	0	106698
11848	105593	141	191	345	0	106270
11849	106142	144	216	271	0	106773
11850	2213	164	214	102285	0	104876
11851	1247	199	104503	1323	0	107272
11852	361	304	1179	101306	0	103150
11853	270	104034	1136	1303	0	106743
11854	104563	1087	330	1153	0	107133
11855	1300	1041	104042	345	0	106728
11856	101073	182	1257	319	0	102831
11857	1283	177	1093	102963	0	105516
11858	1198	170	105166	1262	0	107796
11859	324	186	1194	104649	0	106353
11860	105515	161	1106	1409	0	108191
11861	105887	123	287	1154	0	107451
11862	106085	146	273	364	0	106868
11863	2166	209	105352	288	0	108015
11864	1206	584	1287	102736	0	105813
11865	446	231	106852	1194	0	108723
11866	313	105233	1185	1185	0	107916
11867	99552	1208	1268	462	0	102490
11868	1022	98954	353	380	0	100709
11869	93917	820	369	245	0	95351
11870	940	729	190	90607	0	92466
11871	708	93438	149	775	0	95070
11872	93902	752	149	700	0	95503
11873	928	670	94197	205	0	96000
11874	722	287	743	92573	0	94325
11875	94106	134	639	846	0	95725
11876	928	147	93861	708	0	95644
11877	781	188	758	91131	0	92858
11878	300	93140	673	778	0	94891
11879	311	826	177	94323	0	95637
11880	333	718	122	94570	0	95743
11881	91663	208	127	1343	0	93341
11882	860	93298	158	878	0	95194
11883	753	880	153	90871	0	92657
11884	275	93857	132	863	0	95127
11885	263	899	166	92327	0	93655
11886	262	95517	205	833	0	96817
11887	95002	833	149	742	0	96726
11888	981	718	96350	242	0	98291
11889	824	203	823	95443	0	97293
11890	280	153	723	96422	0	97578
11891	307	134	185	96972	0	97598
11892	326	175	142	96033	0	96676
11893	408	193	94700	1453	0	96754
11894	334	96400	804	943	0	98481
11895	96718	768	686	350	0	98522
11896	96526	708	209	315	0	97758
11897	1388	96925	187	372	0	98872
11898	97850	802	186	312	0	99150
11899	96930	738	164	286	0	98118
11900	1425	98845	168	348	0	100786
11901	903	847	138	95625	0	97513
11902	349	100176	165	782	0	101472
11903	99103	832	196	717	0	100848
11904	958	723	97640	310	0	99631
11905	92195	174	830	383	0	93582
11906	1004	203	99100	268	0	100575
11907	843	150	823	97582	0	99398
11908	98425	147	709	902	0	100183
11909	1027	196	97582	787	0	99592
11910	92879	129	826	344	0	94178
11911	95551	145	712	362	0	96770
11912	1471	202	200	93592	0	95465
11913	837	95601	196	868	0	97502
11914	96688	851	128	796	0	98463
11915	971	783	130	95108	0	96992
11916	804	95514	171	950	0	97439
11917	94649	842	140	827	0	96458
11918	930	753	150	94613	0	96446
11919	749	98375	222	944	0	100290
11920	355	846	183	100656	0	102040
11921	101027	687	258	1005	0	102977
11922	100407	172	152	839	0	101570
11923	101177	154	195	360	0	101886
11924	1461	175	208	98791	0	100635
11925	811	210	158	99176	0	100355
11926	418	204	99610	1383	0	101615
11927	423	616	904	98238	0	100181
11928	446	266	102105	935	0	103752
11929	396	191	95581	675	0	96843
11930	201	136	91927	137	0	92401
11931	132	94398	821	252	0	95603
11932	421	806	1019	87480	0	89726
11933	129	98882	169	475	0	99655
11934	100387	649	164	551	0	101751
11935	100895	535	95	173	0	101698
11936	1149	87	81	103990	0	105307
11937	703	119	107105	761	0	108688
11938	160	91	840	107190	0	108281
11939	219	129	111329	985	0	112662
11940	163	148	892	108192	0	109395
11941	131	111261	783	1038	0	113213
11942	126	113999	104	915	0	115144
11943	111657	1593	110	205	0	113565
11944	1024	845	112462	158	0	114489
11945	863	140	922	110823	0	112748
11946	187	132	789	112813	0	113921
11947	112903	110	154	1768	0	114935
11948	943	113928	141	1181	0	116193
11949	114074	934	96	231	0	115335
11950	972	116347	172	255	0	117746
11951	114510	967	100	244	0	115821
11952	115322	853	130	269	0	116574
11953	1746	159	127	115621	0	117653
11954	1002	189	116204	1023	0	118418
11955	111582	149	1023	975	0	113729
11956	1018	117024	910	390	0	119342
11957	118250	1033	193	268	0	119744
11958	1132	891	134	114669	0	116826
11959	933	207	115	114385	0	115640
11960	230	114899	137	1917	0	117183
11961	274	1039	138	113420	0	114871
11962	236	116242	136	1208	0	117822
11963	289	1053	129	114978	0	116449
11964	245	888	107	113435	0	114675
11965	109773	178	134	1826	0	111911
11966	1194	193	111250	979	0	113616
11967	958	110356	972	414	0	112700
11968	351	1053	889	110623	0	112916
11969	112520	880	201	1167	0	114768
11970	113856	177	233	985	0	115251
11971	114790	169	171	357	0	115487
11972	1962	192	113291	274	0	115719
11973	113137	194	1100	289	0	114720
11974	1266	199	953	115198	0	117616
11975	114523	209	178	1258	0	116168
11976	1226	113852	190	1102	0	116370
11977	1092	1201	165	114553	0	117011
11978	113606	939	156	1268	0	115969
11979	1257	116743	184	1167	0	119351
11980	1104	1235	151	117912	0	120402
11981	484	1080	119191	1331	0	122086
11982	117949	258	1217	1253	0	120677
11983	125475	230	1093	406	0	127204
11984	2646	263	126327	337	0	129573
11985	1401	124682	1373	395	0	127851
11986	424	128187	1238	399	0	130248
11987	521	2444	417	126517	0	129899
11988	357	1302	273	125566	0	127498
11989	342	334	202	128270	0	129148
11990	436	287	129256	2629	0	132608
11991	126401	256	1463	1572	0	129692
11992	135351	289	1299	513	0	137452
11993	138704	270	260	479	0	139713
11994	138695	277	248	454	0	139674
11995	141171	278	237	436	0	142122
11996	142876	253	274	453	0	143856
11997	3176	244	332	146184	0	149936
11998	1899	311	147057	1955	0	151222
11999	668	371	149092	1773	0	151904
12000	532	371	3196	149709	0	153808
12001	577	343	1691	150591	0	153202
12002	559	358	292	149484	0	150693
12003	549	153318	287	3607	0	157761
12004	153715	1988	264	2030	0	157997
12005	2215	160619	325	658	0	163817
12006	2109	2125	282	157816	0	162332
12007	155137	1930	274	2278	0	159619
12008	2214	157551	271	2349	0	162385
12009	2216	2212	231	158058	0	162717
12010	656	2013	208	161070	0	163947
12011	590	449	212	161520	0	162771
12012	485	158490	302	4177	0	163454
12013	559	2123	228	162006	0	164916
12014	654	2102	160243	2578	0	165577
12015	590	434	2104	163208	0	166336
12016	526	425	1946	165093	0	167990
12017	641	365	302	173009	0	174317
12018	636	421	275	176623	0	177955
12019	685	426	172649	5149	0	178909
12020	583	173241	2614	3187	0	179625
12021	664	2781	2424	173506	0	179375
12022	599	2554	454	179489	0	183096
12023	676	576	391	175902	0	177545
12024	558	174909	437	5700	0	181604
12025	567	181171	397	3512	0	185647
12026	177612	5030	308	1174	0	184124
12027	3143	3029	251	174836	0	181259
12028	2945	699	174951	3285	0	181880
12029	673	174498	2672	3300	0	181143
12030	170735	2807	2841	1102	0	177485
12031	3093	2642	170004	837	0	176576
12032	2819	655	169244	859	0	173577
12033	867	534	170361	727	0	172489
12034	791	2053	5134	161263	0	169241
12035	648	441	166370	2909	0	170368
12036	359	159188	2905	2924	0	165376
12037	552	2429	2531	154692	0	160204
12038	469	2251	157144	2603	0	162467
12039	350	718	2539	154281	0	157888
12040	151938	397	2439	2924	0	157698
12041	2420	400	152925	2777	0	158522
12042	148205	386	2520	1037	0	152148
12043	2507	155054	2366	967	0	160894
12044	155887	2389	663	756	0	159695
12045	2780	2311	583	153988	0	159662
12046	156236	564	592	2774	0	160166
12047	155467	460	564	2598	0	159089
12048	153964	505	538	933	0	155940
12049	4546	155591	561	969	0	161667
12050	156918	2380	589	784	0	160671
12051	155879	2237	632	778	0	159526
12052	4730	539	154651	718	0	160638
12053	2787	154337	2468	866	0	160458
12054	1142	2606	2539	153318	0	159605
12055	835	2355	746	155795	0	159731
12056	766	670	577	157985	0	159998
12057	803	561	154063	4727	0	160154
12058	659	489	2481	153848	0	157477
12059	778	469	156176	3161	0	160584
12060	151973	468	2755	2933	0	158129
12061	156448	414	2533	1215	0	160610
12062	4645	506	156144	1025	0	162320
12063	155254	467	2627	1017	0	159365
12064	158526	457	2544	931	0	162458
12065	160295	459	788	970	0	162512
12066	4926	456	732	155721	0	161835
12067	3117	589	157188	2878	0	163772
12068	1180	157663	2558	2946	0	164347
12069	1102	2581	2431	156782	0	162896
12070	1103	2376	158768	2857	0	165104
12071	1011	749	153860	2634	0	158254
12072	146348	744	4271	1140	0	152503
12073	2412	155960	2705	1237	0	162314
12074	157419	2298	952	1188	0	161857
12075	156719	2207	878	1107	0	160911
12076	4169	156960	900	1134	0	163163
12077	157193	2314	952	983	0	161442
12078	2991	2222	158568	980	0	164761
12079	2800	630	156980	855	0	161265
12080	1415	606	157305	773	0	160099
12081	1059	151972	4326	845	0	158202
12082	146909	2167	3348	649	0	153073
12083	146063	1913	1205	658	0	149839
12084	3873	142939	928	764	0	148504
12085	2421	146596	847	836	0	150700
12086	1118	3450	852	143502	0	148922
12087	898	2220	715	145267	0	149100
12088	144072	797	693	3664	0	149226
12089	2210	145571	739	2372	0	150892
12090	143461	2116	748	946	0	147271
12091	138948	1967	720	767	0	142402
12092	3792	739	138278	658	0	143467
12093	2454	136598	2061	642	0	141755
12094	1730	2548	2252	133837	0	140367
12095	132730	1895	829	1761	0	137215
12096	2735	772	652	130876	0	135035
12097	125977	450	732	1690	0	128849
12098	2194	532	122518	1499	0	126743
12099	1891	120126	1848	670	0	124535
12100	891	121026	1577	652	0	124146
12101	1236	3599	1176	109631	0	115642
12102	828	120399	769	1237	0	123233
12103	118126	1795	725	1479	0	122125
12104	1681	1571	115704	551	0	119507
12105	109420	777	1452	548	0	112197
12106	1731	628	116107	561	0	119027
12107	1588	495	1411	113963	0	117457
12108	949	507	1245	115869	0	118570
12109	931	454	541	117338	0	119264
12110	114607	398	481	2191	0	117677
12111	1746	369	116150	1408	0	119673
12112	1619	461	1268	114965	0	118313
12113	844	881	1208	113475	0	116408
12114	751	113266	519	2186	0	116722
12115	680	112763	416	1453	0	115312
12116	737	115190	432	784	0	117143
12117	963	2276	523	106736	0	110498
12118	675	1410	482	101722	0	104289
12119	214	98859	188	919	0	100180
12120	214	99076	208	542	0	100040
12121	96569	744	475	375	0	98163
12122	539	704	134	95977	0	97354
12123	297	95645	117	364	0	96423
12124	96619	246	228	289	0	97382
12125	383	275	109	97637	0	98404
12126	106563	57	82	353	0	107055
12127	623	107	90	108844	0	109664
12128	605	115	109509	601	0	110830
12129	109	110388	556	624	0	111677
12130	107055	543	538	226	0	108362
12131	671	495	109534	85	0	110785
12132	459	109425	537	194	0	110615
12133	191	652	498	109777	0	111118
12134	66	390	114	110980	0	111550
12135	56	80	29	109957	0	110122
12136	76	57	31	109908	0	110072
12137	114	108	108400	863	0	109485
12138	39	107745	432	570	0	108786
12139	60	482	358	107720	0	108620
12140	103479	389	62	511	0	104441
12141	395	107888	47	620	0	108950
12142	381	454	53	111699	0	112587
12143	161	463	110634	630	0	111888
12144	62	112449	636	687	0	113834
12145	525	741	562	98174	0	100002
12146	93	115312	97	443	0	115945
12147	116598	698	36	385	0	117717
12148	117110	647	30	149	0	117936
12149	1466	129	114470	93	0	116158
12150	112928	78	740	186	0	113932
12151	116293	41	693	160	0	117187
12152	1498	124	113523	86	0	115231
12153	767	113911	752	188	0	115618
12154	161	736	676	116370	0	117943
12155	81	710	91	117748	0	118630
12156	117446	74	54	1481	0	119055
12157	773	57	50	117182	0	118062
12158	823	107	118013	795	0	119738
12159	110607	71	804	837	0	112319
12160	907	126	116395	173	0	117601
12161	759	116199	832	239	0	118029
12162	113236	781	778	121	0	114916
12163	896	782	115266	109	0	117053
12164	861	184	112613	90	0	113748
12165	159	114457	1453	173	0	116242
12166	114	827	800	115507	0	117248
12167	193	820	113664	830	0	115507
12168	103	123	845	105683	0	106754
12169	108	68	759	113018	0	113953
12170	148	98	110864	1550	0	112660
12171	83	110507	837	1062	0	112489
12172	180	795	759	112246	0	113980
12173	110047	723	166	883	0	111819
12174	108921	154	92	822	0	109989
12175	1512	98	84	109208	0	110902
12176	881	117	108962	869	0	110829
12177	222	188	111848	808	0	113066
12178	129	111	1542	110581	0	112363
12179	179	134	111119	926	0	112358
12180	105554	108	940	894	0	107496
12181	959	78	803	112058	0	113898
12182	880	79	213	113261	0	114433
12183	176	113389	188	1774	0	115527
12184	170	940	98	116025	0	117233
12185	204	887	112716	995	0	114802
12186	106242	179	966	978	0	108365
12187	112576	109	846	297	0	113828
12188	1800	141	113835	243	0	116019
12189	973	145	944	117934	0	119996
12190	317	122	902	122197	0	123538
12191	209	130	122211	2192	0	124742
12192	206	117	1224	123127	0	124674
12193	234	125	1101	125596	0	127056
12194	138	127651	314	2448	0	130551
12195	215	1356	144	132961	0	134676
12196	177	1206	150	134755	0	136288
12197	136474	171	247	2890	0	139782
12198	141914	164	203	1616	0	143897
12199	146091	143	161	388	0	146783
12200	145286	130	213	314	0	145943
12201	144613	145	179	302	0	145239
12202	3209	174	138864	335	0	142582
12203	1737	121	1664	138040	0	141562
12204	373	121	1543	141781	0	143818
12205	360	159	140393	3136	0	144048
12206	134497	127	1717	1772	0	138113
12207	139533	138	1587	386	0	141644
12208	3228	182	136422	301	0	140133
12209	138743	101	1661	403	0	140908
12210	141377	120	1596	282	0	143375
12211	3248	164	139472	289	0	143173
12212	1900	263	1767	133906	0	137836
12213	485	142481	1683	1789	0	146438
12214	382	1724	334	148315	0	150755
12215	363	1559	248	149025	0	151195
12216	421	216	219	149307	0	150163
12217	406	157	144925	3489	0	148977
12218	139188	100	1897	1963	0	143148
12219	145305	116	1755	422	0	147598
12220	3432	116	350	143728	0	147626
12221	1956	144	141982	1985	0	146067
12222	425	447	1901	140812	0	143585
12223	357	121	145297	2124	0	147899
12224	438	133	145368	1837	0	147776
12225	305	144758	3445	626	0	149134
12226	1092	1609	1938	135133	0	139772
12227	134722	1354	613	1594	0	138283
12228	132419	163	226	1567	0	134375
12229	135532	81	193	375	0	136181
12230	3014	84	203	132262	0	135563
12231	1680	140275	216	1743	0	143914
12232	381	1587	206	144231	0	146405
12233	353	1569	148849	1889	0	152660
12234	158316	190	1838	1847	0	162191
12235	172317	92	1792	533	0	174734
12236	4223	95	309	174073	0	178700
12237	2465	102	206	176414	0	179187
12238	528	116	219	179170	0	180033
12239	463	142	173372	4582	0	178559
12240	151380	152	2387	2944	0	156863
12241	2408	170684	2344	737	0	176173
12242	2184	168444	407	600	0	171635
12243	601	3727	167739	383	0	172450
12244	558	2625	2256	162841	0	168280
12245	406	264	168350	2295	0	171315
12246	157881	353	2356	2248	0	162838
12247	2367	327	2071	162428	0	167193
12248	2233	189	161875	2174	0	166471
12249	502	164759	2082	2443	0	169786
12250	163893	1942	2072	682	0	168589
12251	2471	1910	169017	443	0	173841
12252	2186	166653	2227	593	0	171659
12253	517	170892	2124	568	0	174101
12254	170214	3766	476	504	0	174960
12255	2263	2077	321	171011	0	175672
12256	2291	357	175387	2347	0	180382
12257	461	175593	2344	2567	0	180965
12258	176249	2150	2236	582	0	181217
12259	177983	2092	449	417	0	180941
12260	4206	176438	392	627	0	181663
12261	2565	2269	178804	378	0	184016
12262	560	2146	2370	179061	0	184137
12263	180186	339	2315	2434	0	185274
12264	180860	247	475	2343	0	183925
12265	4518	342	179194	530	0	184584
12266	2574	268	2348	174931	0	180121
12267	669	279	2316	181033	0	184297
12268	673	295	180917	4378	0	186263
12269	639	316	179006	2460	0	182421
12270	179062	274	4414	688	0	184438
12271	184874	303	2481	479	0	188137
12272	187069	290	558	477	0	188394
12273	187371	269	498	529	0	188667
12274	4685	330	181942	531	0	187488
12275	182559	264	2523	522	0	185868
12276	2953	265	2372	180119	0	185709
12277	2745	282	182524	2595	0	188146
12278	862	294	183007	2587	0	186750
12279	601	181128	4459	1043	0	187231
12280	636	2259	2560	179474	0	184929
12281	745	2231	181382	2438	0	186796
12282	174938	452	2507	2427	0	180324
12283	2686	497	2503	161104	0	166790
12284	2473	180304	731	2187	0	185695
12285	180967	2250	614	2356	0	186187
12286	182387	2143	693	725	0	185948
12287	4628	406	180870	606	0	186510
12288	2742	178359	2535	754	0	184390
12289	879	2033	2321	173629	0	178862
12290	172725	2102	633	2241	0	177701
12291	2547	879	603	172137	0	176166
12292	2489	435	168308	2204	0	173436
12293	153012	451	2273	2074	0	157810
12294	2135	164027	2130	706	0	168998
12295	1940	158846	608	580	0	161974
12296	728	164183	693	666	0	166270
12297	157502	3660	1835	805	0	163802
12298	155659	1833	823	491	0	158806
12299	157242	428	482	357	0	158509
12300	3419	360	376	153596	0	157751
12301	2087	396	155173	1713	0	159369
12302	664	393	1782	156647	0	159486
12303	156665	295	1838	1871	0	160669
12304	2048	269	438	158800	0	161555
12305	161075	274	409	1920	0	163678
12306	160830	277	467	1818	0	163392
12307	160580	261	473	536	0	161850
12308	3254	158289	476	740	0	162759
12309	159200	1694	510	438	0	161842
12310	2116	1716	156194	317	0	160343
12311	2247	415	156015	281	0	158958
12312	768	153739	3146	576	0	158229
12313	1248	1879	2202	147770	0	153099
12314	147346	1530	535	1569	0	150980
12315	2019	281	146146	1631	0	150077
12316	142151	204	1727	408	0	144490
12317	1923	212	1728	142552	0	146415
12318	1811	146213	543	1713	0	150280
12319	581	1458	537	148694	0	151270
12320	554	1650	147705	1635	0	151544
12321	139625	313	1769	1799	0	143506
12322	1882	300	150101	459	0	152742
12323	1961	233	145228	338	0	147760
12324	139112	205	2819	319	0	142455
12325	1754	141240	1669	453	0	145116
12326	144494	1509	502	301	0	146806
12327	144285	1482	438	346	0	146551
12328	3314	351	141604	264	0	145533
12329	138696	281	2168	339	0	141484
12330	1891	299	140479	420	0	143089
12331	1822	276	133255	345	0	135698
12332	903	328	133872	450	0	135553
12333	585	124558	2737	494	0	128374
12334	106732	2078	4244	767	0	113821
12335	102673	1001	712	584	0	104970
12336	101798	102	136	173	0	102209
12337	101799	75	117	170	0	102161
12338	1363	126	100815	93	0	102397
12339	813	65	641	100008	0	101527
12340	222	81	683	102585	0	103571
12341	101476	61	129	1261	0	102927
12342	684	101217	161	809	0	102871
12343	742	625	109	100314	0	101790
12344	99610	643	107	637	0	100997
12345	731	121	100594	662	0	102108
12346	763	180	655	98479	0	100077
12347	214	131	101324	629	0	102298
12348	171	99402	639	815	0	101027
12349	458	986	886	94249	0	96579
12350	93075	671	221	754	0	94721
12351	645	92	117	92845	0	93699
12352	721	129	92664	540	0	94054
12353	147	92217	537	749	0	93650
12354	90572	477	617	200	0	91866
12355	624	553	90065	86	0	91328
12356	85046	171	654	92	0	85963
12357	519	87218	599	210	0	88546
12358	87017	567	425	134	0	88143
12359	87109	493	102	141	0	87845
12360	1028	83	70	87161	0	88342
12361	617	93	87196	519	0	88425
12362	114	87771	513	697	0	89095
12363	137	581	604	90077	0	91399
12364	120	568	102	91906	0	92696
12365	104	68	74	96251	0	96497
12366	121	72	84	99634	0	99911
12367	101	109350	97	1626	0	111174
12368	114051	971	76	907	0	116005
12369	1112	115877	85	315	0	117389
12370	1199	1126	63	120967	0	123355
12371	123516	1157	82	1291	0	126046
12372	1357	104	61	125190	0	126712
12373	1479	108	124312	1430	0	127329
12374	168	124231	1303	1633	0	127335
12375	208	1356	1380	123943	0	126887
12376	166	1409	131	126479	0	128185
12377	121628	157	99	2652	0	124536
12378	1473	155	121139	1518	0	124285
12379	120170	111	1355	330	0	121966
12380	120795	107	1439	194	0	122535
12381	121374	152	170	192	0	121888
12382	2848	190	119195	218	0	122451
12383	1637	202	1347	117196	0	120382
12384	344	188	1449	118825	0	120806
12385	274	167	119568	2774	0	122783
12386	267	168	120672	1651	0	122758
12387	119847	182	2804	366	0	123199
12388	1551	195	1588	122131	0	125465
12389	124882	123	323	1584	0	126912
12390	126348	141	213	1730	0	128432
12391	3121	118	183	125726	0	129148
12392	1896	159	131974	1770	0	135799
12393	126347	175	1794	1922	0	130238
12394	1985	177	1812	135301	0	139275
12395	2068	203	135512	1956	0	139739
12396	459	133942	1830	2169	0	138400
12397	132555	1703	1966	421	0	136645
12398	1902	135466	400	551	0	138319
12399	2215	1973	340	121478	0	126006
12400	549	135797	304	1979	0	138629
12401	132027	1866	413	1887	0	136193
12402	132543	1840	326	586	0	135295
12403	3566	132186	341	806	0	136899
12404	132722	1754	380	515	0	135371
12405	130867	1825	353	518	0	133563
12406	3626	129143	365	721	0	133855
12407	130751	1770	287	577	0	133385
12408	2249	1817	354	128215	0	132635
12409	2294	325	350	130010	0	132979
12410	129050	266	369	3512	0	133197
12411	2351	244	345	123335	0	126275
12412	2296	127350	366	2016	0	132028
12413	127454	1787	365	1963	0	131569
12414	127467	1858	360	580	0	130265
12415	3581	127664	390	730	0	132365
12416	129480	1843	379	518	0	132220
12417	129273	1875	384	450	0	131982
12418	3840	388	348	126617	0	131193
12419	2500	376	127138	2078	0	132092
12420	963	126035	1845	2634	0	131477
12421	127884	1825	1869	625	0	132203
12422	128332	1955	393	594	0	131274
12423	4429	456	125388	540	0	130813
12424	126758	400	1894	623	0	129675
12425	2520	377	125665	601	0	129163
12426	124504	437	1985	542	0	127468
12427	2472	624	1971	123688	0	128755
12428	2419	546	123639	2091	0	128695
12429	997	576	124874	2106	0	128553
12430	957	1120	3398	121023	0	126498
12431	835	650	1935	121397	0	124817
12432	978	528	119015	3497	0	124018
12433	1054	503	1817	118748	0	122122
12434	1077	564	121060	2091	0	124792
12435	1085	495	1972	119989	0	123541
12436	1092	551	1877	118141	0	121661
12437	1051	117074	543	3617	0	122285
12438	1044	117172	485	2354	0	121055
12439	970	121833	513	1056	0	124372
12440	1067	3452	415	119120	0	124054
12441	1004	1942	497	121340	0	124783
12442	960	557	119054	3779	0	124350
12443	114866	454	1972	2397	0	119689
12444	120393	449	1996	839	0	123677
12445	3965	118182	606	835	0	123588
12446	120512	1939	524	677	0	123652
12447	2647	1943	540	117939	0	123069
12448	120629	523	594	2258	0	124004
12449	120901	428	554	2232	0	124115
12450	4132	502	512	118529	0	123675
12451	117135	507	648	2247	0	120537
12452	2415	115131	645	2285	0	120476
12453	2361	117499	604	916	0	121380
12454	1118	3509	583	111454	0	116664
12455	997	118583	611	2072	0	122263
12456	1089	2079	528	115870	0	119566
12457	1128	1959	471	117431	0	120989
12458	115132	494	536	3526	0	119688
12459	2376	113839	536	2717	0	119468
12460	113889	1809	552	850	0	117100
12461	110647	1807	594	794	0	113842
12462	3607	111009	557	917	0	116090
12463	110248	1806	529	890	0	113473
12464	2775	1763	107223	866	0	112627
12465	1928	103654	1645	862	0	108089
12466	98067	1551	1925	837	0	102380
12467	1866	1307	90236	567	0	93976
12468	1255	82707	1112	469	0	85543
12469	729	83608	1542	550	0	86429
12470	75752	1535	1381	283	0	78951
12471	74456	852	372	276	0	75956
12472	74285	290	181	236	0	74992
12473	1569	73409	175	356	0	75509
12474	964	774	162	73918	0	75818
12475	74165	726	194	920	0	76005
12476	74522	216	183	820	0	75741
12477	1542	220	147	73493	0	75402
12478	985	196	74642	842	0	76665
12479	383	236	74685	801	0	76105
12480	326	225	1394	74297	0	76242
12481	339	151	815	75871	0	77176
12482	322	155	76063	1486	0	78026
12483	319	159	825	73467	0	74770
12484	269	75229	826	966	0	77290
12485	73618	769	237	810	0	75434
12486	1004	1024	207	72187	0	74422
12487	70587	175	183	809	0	71754
12488	806	70849	196	819	0	72670
12489	693	71397	178	322	0	72590
12490	69599	999	214	275	0	71087
12491	711	566	68161	253	0	69691
12492	59480	580	710	150	0	60920
12493	506	60648	485	180	0	61819
12494	483	313	224	56787	0	57807
12495	56364	243	84	362	0	57053
12496	354	92	52	55890	0	56388
12497	57036	60	67	436	0	57599
12498	56089	48	55	303	0	56495
12499	490	57791	72	151	0	58504
12500	56688	233	41	95	0	57057
12501	272	56287	35	118	0	56712
12502	56186	234	117	76	0	56613
12503	374	262	63	55669	0	56368
12504	56648	67	88	300	0	57103
12505	250	55	21	57304	0	57630
12506	58765	59	35	331	0	59190
12507	59677	49	28	275	0	60029
12508	60313	57	35	98	0	60503
12509	60634	44	31	73	0	60782
12510	60902	48	25	74	0	61049
12511	435	43	23	61030	0	61531
12512	60277	46	22	250	0	60595
12513	255	59654	37	276	0	60222
12514	267	245	59978	76	0	60566
12515	101	245	203	58872	0	59421
12516	103	69	61683	241	0	62096
12517	78	77	215	62078	0	62448
12518	105	71	63930	311	0	64417
12519	61904	56	264	267	0	62491
12520	312	50	209	64182	0	64753
12521	258	50	64051	247	0	64606
12522	136	59	65657	228	0	66080
12523	89	335	400	65690	0	66514
12524	71005	39	288	425	0	71757
12525	316	74391	67	338	0	75112
12526	75277	310	55	126	0	75768
12527	74919	307	48	75	0	75349
12528	627	75342	31	107	0	76107
12529	77634	318	38	223	0	78213
12530	402	342	37	78018	0	78799
12531	355	63	37	78429	0	78884
12532	112	44	22	79148	0	79326
12533	78558	32	20	665	0	79275
12534	342	78838	40	450	0	79670
12535	362	350	25	79534	0	80271
12536	98	386	29	80404	0	80917
12537	80030	67	17	747	0	80861
12538	403	50	33	80419	0	80905
12539	460	54	81194	454	0	82162
12540	93	83952	443	505	0	84993
12541	85119	552	471	135	0	86277
12542	661	631	86	83122	0	84500
12543	611	87159	52	586	0	88408
12544	87219	565	41	566	0	88391
12545	675	605	86815	120	0	88215
12546	610	87042	574	138	0	88364
12547	87924	590	592	106	0	89212
12548	609	590	103	87143	0	88445
12549	617	95	41	87575	0	88328
12550	195	80	87580	1139	0	88994
12551	87	120	570	86174	0	86951
12552	132	81	93099	684	0	93996
12553	155	76	90168	622	0	91021
12554	171	90	93557	134	0	93952
12555	90904	107	1270	165	0	92446
12556	92775	52	708	132	0	93667
12557	95364	31	127	122	0	95644
12558	1182	75	73	93368	0	94698
12559	673	94558	66	635	0	95932
12560	161	96422	65	629	0	97277
12561	97286	1080	90	250	0	98706
12562	97346	624	58	183	0	98211
12563	1072	98269	83	160	0	99584
12564	97533	546	109	103	0	98291
12565	716	580	96459	94	0	97849
12566	633	146	96492	92	0	97363
12567	168	94	1078	91274	0	92614
12568	156	87	636	97123	0	98002
12569	136	78	97266	1052	0	98532
12570	92	67	576	94892	0	95627
12571	96301	39	612	656	0	97608
12572	628	70	96252	605	0	97555
12573	92869	61	612	146	0	93688
12574	691	60	577	96687	0	98015
12575	728	73	99357	610	0	100768
12576	159	100165	628	666	0	101618
12577	100868	587	597	185	0	102237
12578	698	579	98902	115	0	100294
12579	96996	112	622	122	0	97852
12580	706	95	596	98360	0	99757
12581	98950	60	139	644	0	99793
12582	782	124	102874	629	0	104409
12583	670	118	632	103510	0	104930
12584	107232	53	623	761	0	108669
12585	109528	61	145	771	0	110505
12586	113136	61	105	245	0	113547
12587	113776	69	108	178	0	114131
12588	1395	80	109	110573	0	112157
12589	806	67	93	110926	0	111892
12590	317	122	112334	1362	0	114135
12591	199	92	713	112320	0	113324
12592	206	94	676	112126	0	113102
12593	165	114919	158	1439	0	116681
12594	115866	786	99	836	0	117587
12595	117858	730	105	273	0	118966
12596	1586	122418	147	247	0	124398
12597	921	1023	104	122188	0	124236
12598	244	864	102	124381	0	125591
12599	121217	136	126	2020	0	123499
12600	1212	122	126329	1099	0	128762
12601	1061	84	1098	127402	0	129645
12602	316	120	130436	1202	0	132074
12603	125569	70	1188	1118	0	127945
12604	130694	64	1009	310	0	132077
12605	132444	76	186	284	0	132990
12606	2164	79	144	129601	0	131988
12607	1190	104	115	130028	0	131437
12608	129539	89	143	2095	0	131866
12609	1330	169	128918	1161	0	131578
12610	1134	126	1104	128618	0	130982
12611	129522	80	1019	1274	0	131895
12612	1253	103	216	130547	0	132119
12613	1211	151	136915	1283	0	139560
12614	401	139	135067	1134	0	136741
12615	130793	106	2075	397	0	133371
12616	1186	136543	1124	390	0	139243
12617	139381	1033	378	400	0	141192
12618	140427	898	198	379	0	141902
12619	2066	142	181	140581	0	142970
12620	1162	317	163	139670	0	141312
12621	333	140048	190	2096	0	142667
12622	138550	1024	150	1196	0	140920
12623	1204	141579	191	398	0	143372
12624	1008	139633	157	339	0	141137
12625	473	1724	224	135155	0	137576
12626	134901	856	197	1150	0	137104
12627	136995	156	131	1033	0	138315
12628	1874	124	124	135633	0	137755
12629	1041	101	89	133877	0	135108
12630	316	101	109	134213	0	134739
12631	131247	71	165	1939	0	133422
12632	1222	116	132606	1025	0	134969
12633	963	132624	1019	394	0	135000
12634	132689	896	834	376	0	134795
12635	1145	1113	276	132075	0	134609
12636	1070	188	133248	1076	0	135582
12637	571	182	133584	934	0	135271
12638	297	134085	1695	394	0	136471
12639	283	135584	886	391	0	137144
12640	703	1728	630	130278	0	133339
12641	264	128951	175	858	0	130248
12642	265	773	117	131319	0	132474
12643	230	599	105	131438	0	132372
12644	130983	138	113	1456	0	132690
12645	843	125	93	131944	0	133005
12646	723	128	121	132566	0	133538
12647	380	172	131500	1378	0	133430
12648	254	132	752	132913	0	134051
12649	134136	114	643	1097	0	135990
12650	134718	112	143	830	0	135803
12651	1482	139733	153	399	0	141767
12652	137329	853	110	346	0	138638
12653	1196	762	136981	338	0	139277
12654	891	137518	933	397	0	139739
12655	334	1014	804	140203	0	142355
12656	283	843	191	141985	0	143302
12657	261	205	147	141786	0	142399
12658	141798	135	174	1916	0	144023
12659	133563	160	312	1110	0	135145
12660	1911	195	140267	395	0	142768
12661	1135	190	139346	333	0	141004
12662	502	250	141524	366	0	142642
12663	343	141727	1801	534	0	144405
12664	357	143653	951	398	0	145359
12665	143553	1781	237	428	0	145999
12666	141966	936	178	477	0	143557
12667	1917	159	173	145564	0	147813
12668	1078	202	177	143367	0	144824
12669	321	146616	220	2138	0	149295
12670	336	1060	201	149761	0	151358
12671	459	1032	148053	1341	0	150885
12672	293	149306	1127	1463	0	152189
12673	319	1115	941	150457	0	152832
12674	477	1019	153794	1198	0	156488
12675	488	341	1079	142360	0	144268
12676	306	150162	996	1267	0	152731
12677	154564	1134	232	1164	0	157094
12678	154692	1028	191	454	0	156365
12679	157754	272	185	478	0	158689
12680	2209	263	184	158136	0	160792
12681	1300	286	158	159315	0	161059
12682	159099	251	162	2422	0	161934
12683	1520	157901	246	1493	0	161160
12684	161709	1318	255	577	0	163859
12685	1712	1318	164263	396	0	167689
12686	166553	265	1596	391	0	168805
12687	169751	239	1503	473	0	171966
12688	3253	296	270	166701	0	170520
12689	173316	188	239	1813	0	175556
12690	172612	255	245	1783	0	174895
12691	3317	290	251	174060	0	177918
12692	1909	319	173914	1865	0	178007
12693	161964	297	1796	1861	0	165918
12694	1978	323	174564	425	0	177290
12695	1655	176442	1748	540	0	180385
12696	878	1677	2030	176562	0	181147
12697	421	1510	342	180277	0	182550
12698	187505	229	256	3176	0	191166
12699	1933	282	189128	1851	0	193194
12700	1881	612	1796	176891	0	181180
12701	363	188584	1912	1851	0	192710
12702	334	184938	382	2061	0	187715
12703	404	3590	344	188069	0	192407
12704	552	2017	186653	2021	0	191243
12705	404	463	1891	188604	0	191362
12706	412	372	1957	186557	0	189298
12707	479	471	181742	3740	0	186432
12708	381	188326	1796	2339	0	192842
12709	179691	1957	1864	652	0	184164
12710	1880	190743	361	775	0	193759
12711	2048	2097	312	186390	0	190847
12712	178748	2038	340	2198	0	183324
12713	1869	180637	488	2364	0	185358
12714	2175	1958	181394	638	0	186165
12715	175828	2049	1976	573	0	180426
12716	2036	184963	2092	676	0	189767
12717	186007	1911	440	590	0	188948
12718	2469	2116	181503	471	0	186559
12719	178563	476	1978	580	0	181597
12720	2307	391	2078	178040	0	182816
12721	2471	461	181565	2173	0	186670
12722	750	478	1945	176609	0	179782
12723	681	176776	2118	2317	0	181892
12724	708	1928	454	182276	0	185366
12725	738	2093	421	180610	0	183862
12726	882	546	177707	3947	0	183082
12727	674	478	2011	179135	0	182298
12728	881	716	161510	2443	0	165550
12729	809	179737	1752	2752	0	185050
12730	783	2125	1979	179782	0	184669
12731	1104	2293	182625	2356	0	188378
12732	799	182973	2231	2708	0	188711
12733	838	187308	2244	1118	0	191508
12734	1096	4113	184733	880	0	190822
12735	1070	2412	184751	827	0	189060
12736	955	645	4104	182185	0	187889
12737	182473	490	2432	2557	0	187952
12738	2622	182149	639	3024	0	188434
12739	2827	2406	493	179362	0	185088
12740	180122	2329	504	2613	0	185568
12741	2817	182550	530	2904	0	188801
12742	183735	2275	524	1011	0	187545
12743	2932	187095	557	1093	0	191677
12744	187762	2361	611	950	0	191684
12745	187112	2453	600	881	0	191046
12746	189927	613	648	888	0	192076
12747	4923	195015	689	1319	0	201946
12748	3464	2882	631	197041	0	204018
12749	1517	2749	194176	3027	0	201469
12750	1218	194379	2799	3648	0	202044
12751	1596	3008	2958	189343	0	196905
12752	1659	3023	826	189644	0	195152
12753	1330	761	184359	4955	0	191405
12754	1314	181251	2709	3220	0	188494
12755	178920	2484	2910	1084	0	185398
12756	3079	180372	719	1420	0	185590
12757	3137	2526	746	178950	0	185359
12758	1237	2548	178974	3017	0	185776
12759	169260	650	2822	3064	0	175796
12760	2895	726	2783	180479	0	186883
12761	2699	757	178135	3089	0	184680
12762	167349	757	2768	3145	0	174019
12763	2600	174150	2705	1351	0	180806
12764	176404	2698	995	1133	0	181230
12765	175256	2873	618	1331	0	180078
12766	4583	838	683	174746	0	180850
12767	2794	951	174243	3095	0	181083
12768	857	173611	2667	3167	0	180302
12769	715	2861	174511	1114	0	179201
12770	552	3233	2630	169259	0	175674
12771	657	1249	2679	174319	0	178904
12772	169963	875	822	5001	0	176661
12773	2615	762	170473	3331	0	177181
12774	2637	167342	2768	1205	0	173952
12775	867	2807	2574	167271	0	173519
12776	818	2828	691	170880	0	175217
12777	166438	948	714	4525	0	172625
12778	2678	168421	521	3008	0	174628
12779	2824	2743	508	164292	0	170367
12780	159933	2686	614	2545	0	165778
12781	2285	160492	561	3021	0	166359
12782	158386	2254	524	649	0	161813
12783	156052	2333	668	525	0	159578
12784	4073	153664	709	812	0	159258
12785	142979	1754	445	353	0	145531
12786	1892	143791	453	606	0	146742
12787	143008	1626	517	451	0	145602
12788	141888	1746	429	390	0	144453
12789	3230	139966	307	692	0	144195
12790	136956	1455	363	389	0	139163
12791	138457	1638	383	383	0	140861
12792	138834	380	410	410	0	140034
12793	3259	298	135384	439	0	139380
12794	1954	310	130304	298	0	132866
12795	570	350	132867	256	0	134043
12796	129926	764	3634	477	0	134801
12797	1765	345	130519	343	0	132972
12798	1771	350	120354	246	0	122721
12799	685	845	2622	112439	0	116591
12800	114377	202	1557	1234	0	117370
12801	1350	214	115566	1353	0	118483
12802	1499	223	118961	329	0	121012
12803	404	201	2490	116432	0	119527
12804	335	212	1417	119173	0	121137
12805	291	214	236	120806	0	121547
12806	362	230	118108	2580	0	121280
12807	313	223	1228	118299	0	120063
12808	116525	206	1445	1402	0	119578
12809	1346	117826	288	1642	0	121102
12810	1578	1369	159	117567	0	120673
12811	438	1497	184	119162	0	121281
12812	449	340	119046	2558	0	122393
12813	342	117410	1343	1619	0	120714
12814	116489	1432	1530	348	0	119799
12815	1431	118768	377	398	0	120974
12816	1638	1453	245	117723	0	121059
12817	519	1526	117841	1424	0	121310
12818	391	271	1450	122165	0	124277
12819	368	211	1620	123753	0	125952
12820	124879	182	559	3024	0	128644
12821	1739	188	372	120175	0	122474
12822	1839	124082	400	1748	0	128069
12823	419	130074	399	1903	0	132795
12824	443	3144	130847	392	0	134826
12825	129530	1918	1830	396	0	133674
12826	1881	313	2000	132253	0	136447
12827	2066	196	425	133995	0	136682
12828	540	215	358	135745	0	136858
12829	134578	211	348	3679	0	138816
12830	1832	136193	336	2425	0	140786
12831	136319	1703	396	614	0	139032
12832	1991	1852	130740	448	0	135031
12833	2092	324	129915	400	0	132731
12834	130387	251	3561	472	0	134671
12835	2112	303	2517	130246	0	135178
12836	1957	257	421	133318	0	135953
12837	444	226	329	135346	0	136345
12838	418	243	132478	3632	0	136771
12839	131225	221	1822	2220	0	135488
12840	133641	233	1978	624	0	136476
12841	131429	253	423	481	0	132586
12842	3688	619	453	127386	0	132146
12843	2219	273	125611	1927	0	130030
12844	640	275	124118	2129	0	127162
12845	581	298	128315	632	0	129826
12846	441	122943	3465	681	0	127530
12847	1240	1933	2684	112507	0	118364
12848	111969	1437	564	1524	0	115494
12849	1426	251	112639	1688	0	116004
12850	113097	177	1370	632	0	115276
12851	1544	191	1557	113658	0	116950
12852	1615	261	373	112885	0	115134
12853	493	111908	339	2842	0	115582
12854	394	113861	342	1840	0	116437
12855	410	116923	393	570	0	118296
12856	502	2723	386	114745	0	118356
12857	114034	1475	471	1607	0	117587
12858	114232	273	375	1757	0	116637
12859	2760	210	112715	613	0	116298
12860	112038	198	1464	564	0	114264
12861	1676	203	113374	573	0	115826
12862	1688	197	1548	111448	0	114881
12863	610	203	113204	1496	0	115513
12864	110484	208	1576	1706	0	113974
12865	1580	329	1706	108649	0	112264
12866	1677	218	114379	1406	0	117680
12867	470	215	111507	1622	0	113814
12868	108348	297	2792	608	0	112045
12869	111345	236	1710	604	0	113895
12870	2606	111703	503	614	0	115426
12871	1629	1286	419	112754	0	116088
12872	604	1363	112616	1503	0	116086
12873	479	341	111874	1671	0	114365
12874	592	723	2571	110530	0	114416
12875	109775	403	1845	1736	0	113759
12876	1323	109732	484	1688	0	113227
12877	1496	1277	331	110868	0	113972
12878	110403	1385	314	1542	0	113644
12879	1420	376	340	110090	0	112226
12880	1577	110344	380	1744	0	114045
12881	591	1190	349	112262	0	114392
12882	110360	1317	372	1514	0	113563
12883	1564	323	375	111635	0	113897
12884	111738	211	416	1565	0	113930
12885	1482	112001	447	1757	0	115687
12886	112895	1164	495	656	0	115210
12887	1587	1315	110096	534	0	113532
12888	107661	305	1536	519	0	110021
12889	110060	290	1591	483	0	112424
12890	2524	109774	572	522	0	113392
12891	1620	1551	522	106351	0	110044
12892	557	1190	107081	1300	0	110128
12893	621	342	104199	1407	0	106569
12894	98430	917	2617	838	0	102802
12895	96502	467	1440	554	0	98963
12896	1824	97141	368	561	0	99894
12897	1200	97865	357	437	0	99859
12898	96062	1689	382	333	0	98466
12899	1115	96316	360	399	0	98190
12900	1196	97430	379	397	0	99402
12901	624	1545	443	95441	0	98053
12902	391	918	257	93408	0	94974
12903	380	258	93013	1815	0	95466
12904	345	198	889	92893	0	94325
12905	91924	176	1021	1106	0	94227
12906	1103	192	92266	1108	0	94669
12907	1214	212	92635	423	0	94484
12908	519	184	1636	90624	0	92963
12909	505	188	1023	93396	0	95112
12910	450	208	331	93600	0	94589
12911	439	200	92008	1687	0	94334
12912	340	208	959	89412	0	90919
12913	497	199	958	91284	0	92938
12914	89350	197	349	1473	0	91369
12915	865	88340	309	1014	0	90528
12916	88000	662	356	336	0	89354
12917	1007	735	87652	273	0	89667
12918	78238	143	659	214	0	79254
12919	702	82841	628	273	0	84444
12920	76257	353	371	106	0	77087
12921	362	76104	85	179	0	76730
12922	71425	468	566	148	0	72607
12923	284	68331	92	166	0	68873
12924	292	66904	226	136	0	67558
12925	575	592	482	64871	0	66520
12926	65699	121	237	203	0	66260
12927	65350	26	25	123	0	65524
12928	65902	21	18	54	0	65995
12929	302	44	65687	33	0	66066
12930	167	46	64609	26	0	64848
12931	39	122	273	65459	0	65893
12932	28	67932	149	212	0	68321
12933	28	68870	34	180	0	69112
12934	98	368	20	65696	0	66182
12935	66518	138	27	211	0	66894
12936	66658	18	16	153	0	66845
12937	67083	21	17	39	0	67160
12938	364	35	66710	24	0	67133
12939	164	16	196	67111	0	67487
12940	38	39	68539	217	0	68833
12941	68628	28	206	184	0	69046
12942	69645	20	164	64	0	69893
12943	404	33	68893	37	0	69367
12944	176	17	198	69225	0	69616
12945	68541	19	163	320	0	69043
12946	223	16	19	71457	0	71715
12947	185	19	25	72381	0	72610
12948	55	32	31	76364	0	76482
12949	78828	18	19	611	0	79476
12950	410	39	23	84242	0	84714
12951	84362	31	18	541	0	84952
12952	520	91808	36	511	0	92875
12953	483	643	16	99150	0	100292
12954	66	574	25	99929	0	100594
12955	88	39	25	96896	0	97048
12956	97890	24	29	1382	0	99325
12957	728	33	23	97934	0	98718
12958	757	29	28	89400	0	90214
12959	99863	19	36	1301	0	101219
12960	100696	26	35	640	0	101397
12961	100232	33	34	102	0	100401
12962	1462	33	98738	70	0	100303
12963	792	72	93472	67	0	94403
12964	97727	31	1327	106	0	99191
12965	760	54	658	99143	0	100615
12966	747	30	71	91332	0	92180
12967	99092	27	35	1492	0	100646
12968	98541	29	34	715	0	99319
12969	94949	33	43	135	0	95160
12970	1369	95335	48	200	0	96952
12971	97118	683	47	109	0	97957
12972	92851	669	50	86	0	93656
12973	1390	95254	63	163	0	96870
12974	714	92448	72	200	0	93434
12975	484	1244	154	86668	0	88550
12976	97931	605	101	644	0	99281
12977	98030	57	69	628	0	98784
12978	97015	45	55	165	0	97280
12979	1470	62	34	94989	0	96555
12980	96436	33	68	745	0	97282
12981	894	67	95999	734	0	97694
12982	94017	54	748	172	0	94991
12983	898	71	97207	123	0	98299
12984	794	102	92250	189	0	93335
12985	196	153	1282	92372	0	94003
12986	91344	60	789	861	0	93054
12987	767	65	90	93429	0	94351
12988	804	68	94519	855	0	96246
12989	255	78	92807	812	0	93952
12990	210	116	1291	93423	0	95040
12991	89392	142	718	883	0	91135
12992	765	93524	113	934	0	95336
12993	817	652	101	95271	0	96841
12994	353	648	108	95971	0	97080
12995	387	78	97560	1503	0	99528
12996	415	65	95427	899	0	96806
12997	302	50	1384	97216	0	98952
12998	97066	45	768	1027	0	98906
12999	1044	91	95893	977	0	98005
13000	1007	94	708	97274	0	99083
13001	445	93	712	98262	0	99512
13002	374	104	167	97805	0	98450
13003	96641	101	141	1801	0	98684
13004	1096	267	84498	1182	0	87043
13005	1018	96896	553	843	0	99310
13006	543	776	596	98105	0	100020
13007	612	744	97722	1287	0	100365
13008	648	97296	816	1358	0	100118
13009	704	99079	811	774	0	101368
13010	98740	1404	242	662	0	101048
13011	1360	99317	196	845	0	101718
13012	100500	850	214	894	0	102458
13013	1411	851	98967	964	0	102193
13014	1377	217	854	100350	0	102798
13015	100718	135	850	1743	0	103446
13016	1510	101457	219	1906	0	105092
13017	1665	861	101255	1153	0	104934
13018	1250	892	874	92677	0	95693
13019	1170	102123	927	1474	0	105694
13020	1212	1009	296	104120	0	106637
13021	103696	983	409	1574	0	106662
13022	1779	105222	413	1663	0	109077
13023	106750	914	408	984	0	109056
13024	106987	922	384	899	0	109192
13025	2769	288	106510	866	0	110433
13026	2105	109717	1143	833	0	113798
13027	1517	1356	1177	113490	0	117540
13028	1586	1138	117344	1426	0	121494
13029	1571	399	125280	1412	0	128662
13030	1465	934	2658	126175	0	131232
13031	130517	289	1878	1697	0	134381
13032	129592	333	533	1731	0	132189
13033	3797	384	324	130280	0	134785
13034	2461	437	131438	1992	0	136328
13035	1141	132196	1650	2008	0	136995
13036	134917	1708	1632	692	0	138949
13037	135149	1649	368	535	0	137701
13038	3727	134867	387	658	0	139639
13039	137226	1730	414	493	0	139863
13040	2543	1657	134062	465	0	138727
13041	134110	335	1798	499	0	136742
13042	131192	302	1896	531	0	133921
13043	3395	320	133581	557	0	137853
13044	2092	392	2002	130898	0	135384
13045	961	140	132967	1966	0	136034
13046	806	128928	2008	2067	0	133809
13047	682	130099	2006	867	0	133654
13048	951	4053	862	121369	0	127235
13049	600	1348	122043	1658	0	125649
13050	309	115462	1475	1492	0	118738
13051	255	112725	1412	529	0	114921
13052	101322	2250	892	531	0	104995
13053	100679	910	189	206	0	101984
13054	1735	114	106	101004	0	102959
13055	949	75	78	99155	0	100257
13056	144	101508	113	1761	0	103526
13057	100424	914	82	951	0	102371
13058	101102	856	197	163	0	102318
13059	1716	101222	121	254	0	103313
13060	940	924	60	101434	0	103358
13061	221	893	101200	963	0	103277
13062	145	130	909	101735	0	102919
13063	101675	106	894	1045	0	103720
13064	998	116	125	103064	0	104303
13065	1056	109	99	104114	0	105378
13066	104124	85	69	1832	0	106110
13067	1066	83	85	102566	0	103800
13068	970	103377	114	1071	0	105532
13069	206	979	81	105432	0	106698
13070	174	919	104	106071	0	107268
13071	153	133	106	103965	0	104357
13072	138	104812	130	1872	0	106952
13073	132	1009	111	104742	0	105994
13074	184	1012	103360	1086	0	105642
13075	175	175	1015	103607	0	104972
13076	214	156	103882	1123	0	105375
13077	167	102753	1028	1156	0	105104
13078	232	1226	1030	103470	0	105958
13079	214	990	172	104576	0	105952
13080	221	151	142	105797	0	106311
13081	213	162	153	105432	0	105960
13082	290	182	103770	2053	0	106295
13083	215	103280	1024	1330	0	105849
13084	248	1078	1042	104845	0	107213
13085	352	1080	106139	1148	0	108719
13086	260	233	1137	107023	0	108653
13087	107402	201	1183	1283	0	110069
13088	1328	215	105844	1224	0	108611
13089	105359	133	1165	339	0	106996
13090	1353	194	1174	106970	0	109691
13091	1399	220	107216	1320	0	110155
13092	392	106058	1244	1490	0	109184
13093	426	1233	1191	105803	0	108653
13094	455	1198	107653	1338	0	110644
13095	326	106987	1309	1433	0	110055
13096	377	1333	1237	106860	0	109807
13097	107137	1250	333	1418	0	110138
13098	108597	331	295	1334	0	110557
13099	110337	310	259	410	0	111316
13100	2589	288	108731	400	0	112008
13101	1504	110163	1355	425	0	113447
13102	486	1348	1326	110290	0	113450
13103	394	1397	337	114985	0	117113
13104	116797	349	307	2535	0	119988
13105	1477	119047	269	1677	0	122470
13106	121191	1539	245	540	0	123515
13107	119703	1608	291	459	0	122061
13108	122159	436	230	476	0	123301
13109	3038	383	120274	430	0	124125
13110	121226	303	1589	430	0	123548
13111	1747	323	1544	121323	0	124937
13112	1717	302	294	121877	0	124190
13113	119868	283	264	3103	0	123518
13114	1679	323	173	118517	0	120692
13115	1688	117592	218	1985	0	121483
13116	468	1626	147	117726	0	119967
13117	114930	1596	174	1914	0	118614
13118	1679	366	114377	1885	0	118307
13119	1646	113163	1524	696	0	117029
13120	477	1541	1452	112287	0	115757
13121	111745	1486	283	1758	0	115272
13122	1685	285	110952	1804	0	114726
13123	1909	2311	1817	107051	0	113088
13124	1189	278	109365	1736	0	112568
13125	1204	265	106203	1779	0	109451
13126	1191	245	103971	541	0	105948
13127	732	258	101861	501	0	103352
13128	725	418	97042	452	0	98637
13129	82364	1239	3212	436	0	87251
13130	860	83423	1135	334	0	85752
13131	80395	594	361	185	0	81535
13132	79370	707	106	169	0	80352
13133	1297	79452	122	184	0	81055
13134	790	80033	136	180	0	81139
13135	79530	1196	210	195	0	81131
13136	78911	726	93	219	0	79949
13137	1290	207	98	76166	0	77761
13138	776	75485	103	2836	0	79200
13139	77890	551	95	756	0	79292
13140	623	78081	102	237	0	79043
13141	750	622	88	77828	0	79288
13142	78303	695	94	654	0	79746
13143	77784	122	90	790	0	78786
13144	1257	104	87	77682	0	79130
13145	807	90	94	78004	0	78995
13146	254	101	77659	1258	0	79272
13147	177	100	601	76816	0	77694
13148	172	106	78140	703	0	79121
13149	163	78	646	75943	0	76830
13150	165	63	743	76902	0	77873
13151	76877	81	185	1270	0	78413
13152	76540	74	153	795	0	77562
13153	1286	97	76423	181	0	77987
13154	75542	80	633	167	0	76422
13155	740	98	748	76083	0	77669
13156	837	125	77524	631	0	79117
13157	247	97	644	77884	0	78872
13158	218	94	741	81022	0	82075
13159	221	126	81498	1347	0	83192
13160	200	105	704	82420	0	83429
13161	256	131	84996	809	0	86192
13162	208	199	779	87034	0	88220
13163	90302	95	874	916	0	92187
13164	992	92488	197	1125	0	94802
13165	93777	950	199	263	0	95189
13166	1057	96233	142	251	0	97683
13167	94276	1053	157	183	0	95669
13168	1089	95003	159	220	0	96471
13169	92917	1037	283	184	0	94421
13170	1074	94481	148	251	0	95954
13171	1200	1100	138	93884	0	96322
13172	376	1073	94026	1024	0	96499
13173	317	221	93395	1131	0	95064
13174	255	282	1973	92194	0	94704
13175	92131	125	1211	1089	0	94556
13176	1108	93793	212	1305	0	96418
13177	1194	1067	165	94169	0	96595
13178	374	1113	94607	1141	0	97235
13179	297	217	95668	1226	0	97408
13180	316	826	2118	89170	0	92430
13181	175	95078	1223	1116	0	97592
13182	93880	1020	291	1154	0	96345
13183	1167	1135	96466	293	0	99061
13184	1253	234	95183	249	0	96919
13185	222	95509	2053	301	0	98085
13186	93941	1227	1614	349	0	97131
13187	93805	1039	332	240	0	95416
13188	2008	188	185	92714	0	95095
13189	95360	158	182	1088	0	96788
13190	93292	136	185	1105	0	94718
13191	1963	94324	233	334	0	96854
13192	94638	969	257	196	0	96060
13193	1212	1049	96413	186	0	98860
13194	1165	209	1016	94446	0	96836
13195	334	183	1069	95076	0	96662
13196	93886	153	249	1912	0	96200
13197	1042	94138	230	1288	0	96698
13198	93104	984	274	274	0	94636
13199	1058	96335	178	276	0	97847
13200	1075	95236	177	285	0	96773
13201	594	1749	93414	214	0	95971
13202	479	1210	91658	230	0	93577
13203	84074	715	1932	257	0	86978
13204	85738	328	1050	219	0	87335
13205	1474	196	84586	125	0	86381
13206	743	82969	658	181	0	84551
13207	206	84564	661	178	0	85609
13208	82974	1246	350	131	0	84701
13209	82281	701	244	178	0	83404
13210	1277	254	123	82814	0	84468
13211	84573	137	139	716	0	85565
13212	739	137	102	84189	0	85167
13213	752	135	84336	694	0	85917
13214	257	139	81621	665	0	82682
13215	81806	117	1205	228	0	83356
13216	765	170	669	82374	0	83978
13217	715	89078	147	630	0	90570
13218	90274	658	155	609	0	91696
13219	89820	655	149	201	0	90825
13220	1298	168	91121	135	0	92722
13221	90424	115	704	169	0	91412
13222	93539	140	693	174	0	94546
13223	1353	149	158	92443	0	94103
13224	819	93517	170	747	0	95253
13225	264	96771	177	811	0	98023
13226	236	1367	135	96972	0	98710
13227	258	808	139	95847	0	97052
13228	286	178	115	97455	0	98034
13229	325	179	96210	1480	0	98194
13230	312	223	93868	828	0	95231
13231	269	169	1462	93028	0	94928
13232	303	220	95993	844	0	97360
13233	320	189	94745	795	0	96049
13234	244	192	1501	91312	0	93249
13235	435	190	98883	861	0	100369
13236	245	98212	911	942	0	100310
13237	101751	905	874	459	0	103989
13238	995	875	266	100968	0	103104
13239	921	102874	230	961	0	104986
13240	380	920	104971	847	0	107118
13241	264	858	989	102780	0	104891
13242	328	229	109645	969	0	111171
13243	215	155	1053	108039	0	109462
13244	266	175	938	111655	0	113034
13245	322	201	114949	1823	0	117295
13246	275	159	1101	111897	0	113432
13247	216	115449	1054	1120	0	117839
13248	280	1079	229	118238	0	119826
13249	386	1053	117749	1145	0	120333
13250	264	220	1097	116186	0	117767
13251	114329	139	1050	1225	0	116743
13252	1102	117491	280	1306	0	120179
13253	1148	1216	259	117936	0	120559
13254	428	1043	120694	1170	0	123335
13255	241	119348	1147	1213	0	121949
13256	279	120547	1042	353	0	122221
13257	546	1927	117252	338	0	120063
13258	306	1287	1099	112434	0	115126
13259	384	823	1036	113025	0	115268
13260	490	226	113646	1834	0	116196
13261	163	110620	987	1128	0	112898
13262	182	110731	884	318	0	112115
13263	104103	1237	464	204	0	106008
13264	652	105111	188	216	0	106167
13265	103827	594	238	168	0	104827
13266	727	544	85	100446	0	101802
13267	104097	107	128	842	0	105174
13268	694	114	104594	574	0	105976
13269	100966	83	634	186	0	101869
13270	719	174	546	105608	0	107047
13271	597	107215	125	752	0	108689
13272	107986	633	99	641	0	109359
13273	719	1268	96	106894	0	108977
13274	609	110181	98	735	0	111623
13275	135	114332	108	666	0	115241
13276	112503	1067	306	233	0	114109
13277	113717	547	86	143	0	114493
13278	114439	99	72	158	0	114768
13279	1092	132	69	110794	0	112087
13280	539	111177	87	699	0	112502
13281	114	113445	92	639	0	114290
13282	106	1081	91	113049	0	114327
13283	112047	561	82	765	0	113455
13284	110130	107	67	654	0	110958
13285	110680	68	91	201	0	111040
13286	1210	126	112423	97	0	113856
13287	678	152	110925	92	0	111847
13288	114971	80	1078	188	0	116317
13289	659	104	564	116150	0	117477
13290	587	77	107	117436	0	118207
13291	155	78	81	116755	0	117069
13292	111	82	108	117245	0	117546
13293	177	144	114936	1197	0	116454
13294	114	119	630	112781	0	113644
13295	159	130	114518	770	0	115577
13296	104937	84	697	716	0	106434
13297	657	114913	608	324	0	116502
13298	596	643	128	117680	0	119047
13299	149	588	116	116116	0	116969
13300	115673	130	125	1292	0	117220
13301	114752	100	101	704	0	115657
13302	114545	133	121	233	0	115032
13303	113929	115	126	234	0	114404
13304	1302	169	115991	189	0	117651
13305	765	178	114148	181	0	115272
13306	211	147	1123	113506	0	114987
13307	116217	101	655	777	0	117750
13308	113404	122	237	732	0	114495
13309	1230	163	114830	228	0	116451
13310	643	116	679	110714	0	112152
13311	112982	105	606	784	0	114477
13312	712	97	165	113169	0	114143
13313	722	160	115723	839	0	117444
13314	233	158	664	114407	0	115462
13315	116830	117	597	890	0	118434
13316	716	124570	182	806	0	126274
13317	123728	651	119	382	0	124880
13318	124797	589	140	360	0	125886
13319	124808	150	121	278	0	125357
13320	1344	154	104	124156	0	125758
13321	123702	136	104	759	0	124701
13322	750	127905	134	744	0	129533
13323	617	131748	131	341	0	132837
13324	338	2060	136	130099	0	132633
13325	131609	850	122	992	0	133573
13326	1008	137885	124	999	0	140016
13327	156197	1089	122	292	0	157700
13328	162865	1026	89	280	0	164260
13329	3084	171970	121	399	0	175574
13330	1864	1892	91	173751	0	177598
13331	454	1778	98	176767	0	179097
13332	469	331	177834	3569	0	182203
13333	383	203	1929	173677	0	176192
13334	476	271	178855	2292	0	181894
13335	256	173648	2073	2165	0	178142
13336	437	2079	1871	175535	0	179922
13337	171258	1711	391	2204	0	175564
13338	171578	269	230	2095	0	174172
13339	3645	379	247	172306	0	176577
13340	2125	248	170714	2137	0	175224
13341	155437	194	2002	2058	0	159691
13342	1945	166214	1787	657	0	170603
13343	1805	166685	359	530	0	169379
13344	506	168866	278	470	0	170120
13345	740	3835	433	161209	0	166217
13346	463	1864	165446	1902	0	169675
13347	350	480	1809	162981	0	165620
13348	422	335	167353	2030	0	170140
13349	330	347	165044	1774	0	167495
13350	461	277	169268	429	0	170435
13351	298	269	3458	158926	0	162951
13352	217	225	1855	168455	0	170752
13353	196	233	441	171100	0	171970
13354	207	230	299	168284	0	169020
13355	166922	151	344	3634	0	171051
13356	1788	166021	408	2333	0	170550
13357	166750	1784	301	606	0	169441
13358	1923	170193	313	656	0	173085
13359	1757	1928	242	169160	0	173087
13360	399	1707	216	174110	0	176432
13361	173605	339	190	3683	0	177817
13362	174672	257	192	2183	0	177304
13363	177286	242	193	614	0	178335
13364	176496	222	175	499	0	177392
13365	176023	282	119	448	0	176872
13366	3634	173744	171	827	0	178376
13367	172475	1851	137	439	0	174902
13368	2127	171867	174	505	0	174673
13369	170267	1924	252	408	0	172851
13370	2358	1736	169917	330	0	174341
13371	1979	607	1723	165136	0	169445
13372	582	172633	1623	1725	0	176563
13373	581	1954	316	173257	0	176108
13374	695	1788	171239	1973	0	175695
13375	478	544	1774	166384	0	169180
13376	164057	325	1680	2225	0	168287
13377	1842	166564	450	2291	0	171147
13378	1716	169148	320	931	0	172115
13379	777	3361	170329	607	0	175074
13380	471	2109	1886	164906	0	169372
13381	374	173246	1825	2142	0	177587
13382	367	1981	460	176140	0	178948
13383	537	1875	174402	2262	0	179076
13384	343	171621	2027	2596	0	176587
13385	626	2060	173034	720	0	176440
13386	760	1950	170208	590	0	173508
13387	495	663	3291	166557	0	171006
13388	170660	466	1964	2186	0	175276
13389	2024	480	554	172594	0	175652
13390	2040	580	173950	2271	0	178841
13391	571	549	2082	176008	0	179210
13392	552	618	184354	2420	0	187944
13393	559	545	181663	2228	0	184995
13394	178720	430	4216	1004	0	184370
13395	191448	390	2347	803	0	194988
13396	192388	350	846	855	0	194439
13397	4280	351	190910	804	0	196345
13398	2501	405	192392	710	0	196008
13399	701	315	4278	187124	0	192418
13400	579	346	2495	192764	0	196184
13401	190914	329	731	4375	0	196349
13402	2481	359	601	193044	0	196485
13403	2411	417	194123	2855	0	199806
13404	865	433	192131	2567	0	195996
13405	590	193704	4191	1102	0	199587
13406	666	2333	2366	196864	0	202229
13407	897	2247	200097	2609	0	205850
13408	665	534	2634	196189	0	200022
13409	198130	374	2439	3011	0	203954
13410	2797	514	202459	2621	0	208391
13411	2537	358	2575	201186	0	206656
13412	867	369	2339	204805	0	208380
13413	908	416	200614	4574	0	206512
13414	770	385	2570	196239	0	199964
13415	859	434	199935	2937	0	204165
13416	183096	363	2719	2702	0	188880
13417	2733	363	2422	185864	0	191382
13418	2458	188207	712	2855	0	194232
13419	188110	2340	538	2497	0	193485
13420	185968	2171	629	822	0	189590
13421	4539	187437	548	1026	0	193550
13422	4362	9960	1063	165738	0	181123
13423	762	179010	439	2116	0	182327
13424	727	178224	480	2017	0	181448
13425	2703	4351	167900	773	0	175727
13426	748	166685	2289	1088	0	170810
13427	1321	2129	145339	837	0	149626
13428	124150	1608	1489	448	0	127695
13429	126789	212	865	173	0	128039
13430	1406	130006	191	326	0	131929
13431	803	130753	149	245	0	131950
13432	176	131392	147	266	0	131981
13433	130873	1428	158	163	0	132622
13434	945	828	124	133291	0	135188
13435	945	188	140007	979	0	142119
13436	146	140887	1039	1106	0	143178
13437	177	1050	1033	143438	0	145698
13438	145	1046	174	137916	0	139281
13439	109	157357	156	2076	0	159698
13440	168014	1433	135	1170	0	170752
13441	1947	1461	172219	274	0	175901
13442	1725	258	1854	200964	0	204801
13443	171	230026	1739	2987	0	234923
13444	230420	3331	221	2232	0	236204
13445	3638	2644	229724	363	0	236369
13446	2588	225562	3407	551	0	232108
13447	354	3376	2596	227095	0	233421
13448	480	2619	226404	3417	0	232920
13449	217480	299	3587	2670	0	224036
13450	3473	220	2660	223136	0	229489
13451	2956	274	223867	3528	0	230625
13452	371	223019	3541	3202	0	230133
13453	217076	3420	2724	440	0	223660
13454	3212	225822	478	631	0	230143
13455	225925	3581	356	335	0	230197
13456	225973	2751	284	375	0	229383
13457	6079	465	252	218346	0	225142
13458	2934	215369	417	3807	0	222527
13459	872	3348	218175	2835	0	225230
13460	439	2701	3627	216490	0	223257
13461	459	542	2908	208356	0	212265
13462	357	330	511	220107	0	221305
13463	427	328	368	220703	0	221826
13464	439	250	321	220261	0	221271
13465	214854	309	381	6424	0	221968
13466	215656	325	389	3172	0	219542
13467	211352	327	375	737	0	212791
13468	5998	206355	503	966	0	213822
13469	3231	3413	214102	508	0	221254
13470	863	2793	216228	505	0	220389
13471	693	623	219625	459	0	221400
13472	554	620	6516	206134	0	213824
13473	478	436	3243	213741	0	217898
13474	417	477	647	215741	0	217282
13475	670	521	210938	6585	0	218714
13476	465	205944	3875	4118	0	214402
13477	692	3673	211609	891	0	216865
13478	681	3036	211960	711	0	216388
13479	655	597	6408	204525	0	212185
13480	788	596	210910	3924	0	216218
13481	623	541	4068	205950	0	211182
13482	204775	537	3215	4128	0	212655
13483	205220	529	793	3262	0	209804
13484	6684	551	203398	824	0	211457
13485	3395	599	4031	200020	0	208045
13486	1066	661	206287	4159	0	212173
13487	632	204352	4250	3780	0	213014
13488	204214	4021	3345	994	0	212574
13489	4400	3274	204140	914	0	212728
13490	3256	198998	4228	1073	0	207555
13491	840	199321	3304	993	0	204458
13492	855	196161	1081	1062	0	199159
13493	1212	6496	186784	878	0	195370
13494	1248	4310	4136	174801	0	184495
13495	849	182055	3201	3825	0	189930
13496	937	3968	969	182232	0	188106
13497	961	3148	919	183121	0	188149
13498	176472	846	849	6384	0	184551
13499	3752	177671	1041	3916	0	186380
13500	175583	3733	864	1315	0	181495
13501	3859	176106	892	1388	0	182245
13502	3107	177695	949	1315	0	183066
13503	1392	6114	173250	1051	0	181807
13504	1144	3985	4025	169854	0	179008
13505	1114	1061	172480	4114	0	178769
13506	893	166662	4043	4152	0	175750
13507	1177	3664	169307	1343	0	175491
13508	1292	2874	168872	1296	0	174334
13509	849	167038	6166	1427	0	175480
13510	161226	3705	3345	1272	0	169548
13511	3562	166264	1361	1541	0	172728
13512	166075	3861	1272	1460	0	172668
13513	3956	2977	165171	1470	0	173574
13514	3235	824	166677	1426	0	172162
13515	946	163915	6249	1456	0	172566
13516	160824	3761	3303	1284	0	169172
13517	3795	164588	1415	1366	0	171164
13518	3100	3834	1246	163076	0	171256
13519	163217	2979	1359	3863	0	171418
13520	3883	1071	163849	3192	0	171995
13521	2987	916	4413	163846	0	172162
13522	162444	812	3472	4134	0	170862
13523	3787	162782	1468	3676	0	171713
13524	3082	3712	1190	163200	0	171184
13525	1110	2962	162996	4254	0	171322
13526	160615	915	4234	3300	0	169064
13527	3768	932	3483	162340	0	170523
13528	2864	953	161930	4052	0	169799
13529	859	830	4335	157502	0	163526
13530	663	159922	3460	4366	0	168411
13531	981	3682	160489	3411	0	168563
13532	1162	2973	3978	156758	0	164871
13533	153933	885	3165	3942	0	161925
13534	4200	903	1149	152233	0	158485
13535	144203	809	1120	3521	0	149653
13536	3476	143330	1116	2853	0	150775
13537	141110	3490	1656	967	0	147223
13538	3733	2719	138488	899	0	145839
13539	2935	990	125626	681	0	130232
13540	1206	1024	113538	585	0	116353
13541	958	104811	5827	867	0	112463
13542	3014	1175	6331	46280	0	56800
13543	338	429	697	45775	0	47239
13544	99	141	117	45606	0	45963
13545	81	93	96	45755	0	46025
13546	77	92	45011	741	0	45921
13547	42454	77	433	429	0	43393
13548	383	45154	373	169	0	46079
13549	44179	376	93	109	0	44757
13550	391	375	94	43934	0	44794
13551	368	44763	75	388	0	45594
13552	139	482	86	45018	0	45725
13553	44356	373	97	426	0	45252
13554	341	45282	105	386	0	46114
13555	44806	405	78	113	0	45402
13556	44074	327	104	96	0	44601
13557	615	99	68	44049	0	44831
13558	336	95	43856	369	0	44656
13559	42420	98	390	336	0	43244
13560	350	111	305	44115	0	44881
13561	44531	72	101	384	0	45088
13562	45360	68	89	338	0	45855
13563	45482	62	67	106	0	45717
13564	668	81	45556	93	0	46398
13565	374	164	369	44490	0	45397
13566	45186	47	338	382	0	45953
13567	391	87	46049	337	0	46864
13568	338	45814	367	134	0	46653
13569	249	589	412	43986	0	45236
13570	80	308	44573	317	0	45278
13571	114	79	43782	276	0	44251
13572	135	327	574	42830	0	43866
13573	120	55	359	43296	0	43830
13574	61	63	79	43429	0	43632
13575	85	39	46	43063	0	43233
13576	65	53	42689	553	0	43360
13577	72	42922	300	311	0	43605
13578	101	320	261	43224	0	43906
13579	43034	239	105	356	0	43734
13580	42262	54	66	292	0	42674
13581	42643	45	47	106	0	42841
13582	547	87	49	42090	0	42773
13583	287	342	64	41312	0	42005
13584	87	40165	49	518	0	40819
13585	73	40494	51	315	0	40933
13586	371	741	146	38131	0	39389
13587	37046	403	183	506	0	38138
13588	36634	51	37	222	0	36944
13589	36388	23	43	87	0	36541
13590	36401	27	37	74	0	36539
13591	36404	33	30	83	0	36550
13592	343	36448	48	80	0	36919
13593	192	182	41	36535	0	36950
13594	37121	145	36	261	0	37563
13595	37287	39	37	216	0	37579
13596	348	32	30	37092	0	37502
13597	194	25	30	37449	0	37698
13598	79	43	37657	347	0	38126
13599	60	31	177	36985	0	37253
13600	67	40	152	37711	0	37970
13601	72	35	38228	341	0	38676
13602	79	125	172	37310	0	37686
13603	69	38102	169	257	0	38597
13604	93	175	37749	181	0	38198
13605	64	38019	182	82	0	38347
13606	109	221	176	37097	0	37603
13607	69	211	41	36565	0	36886
13608	39	36810	28	292	0	37169
13609	40	36900	33	197	0	37170
13610	36909	245	67	80	0	37301
13611	36636	140	28	72	0	36876
13612	289	37	36272	69	0	36667
13613	36058	41	160	101	0	36360
13614	37297	21	156	94	0	37568
13615	37465	30	46	64	0	37605
13616	37363	27	109	78	0	37577
13617	332	37	36312	70	0	36751
13618	189	48	34841	45	0	35123
13619	36270	40	270	79	0	36659
13620	177	37193	153	94	0	37617
13621	150	111	36690	42	0	36993
13622	36549	141	192	52	0	36934
13623	36823	25	118	43	0	37009
13624	242	27	36669	45	0	36983
13625	36869	33	141	48	0	37091
13626	167	28	129	39194	0	39518
13627	165	35	40578	172	0	40950
13628	37858	26	181	191	0	38256
13629	160	40311	154	89	0	40714
13630	40820	154	55	90	0	41119
13631	42809	134	34	176	0	43153
13632	298	23	38	42892	0	43251
13633	168	28	43	43116	0	43355
13634	45	32	37	43775	0	43889
13635	43622	15	30	355	0	44022
13636	44924	30	27	210	0	45191
13637	344	24	29	45187	0	45584
13638	219	26	20	44887	0	45152
13639	97	32	44220	391	0	44740
13640	42509	26	201	338	0	43074
13641	238	38	178	45893	0	46347
13642	213	40	22	45787	0	46062
13643	66	45605	22	509	0	46202
13644	84	252	19	45894	0	46249
13645	79	220	17	45901	0	46217
13646	44643	43	16	488	0	45190
13647	295	45775	17	306	0	46393
13648	282	270	8	46260	0	46820
13649	107	232	13	46273	0	46625
13650	96	51	15	46911	0	47073
13651	97	44	45880	506	0	46527
13652	84	29	244	45481	0	45838
13653	44987	18	231	341	0	45577
13654	340	29	45620	278	0	46267
13655	274	28	264	46180	0	46746
13656	77	17	241	47089	0	47424
13657	47248	20	63	588	0	47919
13658	46663	17	53	340	0	47073
13659	526	43	47199	120	0	47888
13660	45357	34	290	101	0	45782
13661	318	47	47712	84	0	48161
13662	47324	30	290	86	0	47730
13663	375	51035	241	117	0	51768
13664	51877	326	98	81	0	52382
13665	369	53390	40	122	0	53921
13666	54379	391	119	119	0	55008
13667	377	55859	32	91	0	56359
13668	355	420	62	56595	0	57432
13669	71	312	31	56945	0	57359
13670	49	46	22	56907	0	57024
13671	40	56093	41	799	0	56973
13672	46	383	31	56271	0	56731
13673	33	57324	33	471	0	57861
13674	48	411	22	57758	0	58239
13675	58262	330	28	473	0	59093
13676	57534	49	29	385	0	57997
13677	769	57684	36	166	0	58655
13678	408	419	28	57934	0	58789
13679	57599	356	35	468	0	58458
13680	438	58828	39	449	0	59754
13681	407	59564	31	120	0	60122
13682	59558	789	29	82	0	60458
13683	59777	406	23	71	0	60277
13684	821	59768	42	125	0	60756
13685	59918	459	28	72	0	60477
13686	529	431	25	59776	0	60761
13687	467	88	61659	492	0	62706
13688	61455	65	452	468	0	62440
13689	62477	58	413	131	0	63079
13690	930	69	62676	91	0	63766
13691	63175	78	484	182	0	63919
13692	64697	58	427	150	0	65332
13693	66046	52	53	170	0	66321
13694	928	65552	47	188	0	66715
13695	66421	510	35	137	0	67103
13696	66573	467	28	127	0	67195
13697	947	94	34	66519	0	67594
13698	554	88	23	67289	0	67954
13699	154	84	29	68089	0	68356
13700	67567	95	30	1022	0	68714
13701	577	80	28	67380	0	68065
13702	67839	90	27	675	0	68631
13703	68060	80	30	600	0	68770
13704	1044	106	34	67781	0	68965
13705	591	115	42	69057	0	69805
13706	193	103	30	69690	0	70016
13707	68997	100	27	1099	0	70223
13708	642	69324	45	633	0	70644
13709	585	585	32	69986	0	71188
13710	192	534	38	71012	0	71776
13711	70548	117	69	1140	0	71874
13712	70571	101	85	647	0	71404
13713	1190	141	70582	181	0	72094
13714	717	114	70431	194	0	71456
13715	73238	126	1032	199	0	74595
13716	850	132	562	75507	0	77051
13717	733	140	86	83572	0	84531
13718	302	157	84018	1596	0	86073
13719	257	370	907	82309	0	83843
13720	234	84780	734	1070	0	86818
13721	227	86970	128	933	0	88258
13722	85365	1626	94	312	0	87397
13723	1201	858	85244	211	0	87514
13724	912	87276	843	291	0	89322
13725	428	1113	781	87819	0	90141
13726	359	792	87596	1078	0	89825
13727	280	188	963	85935	0	87366
13728	263	131	738	86995	0	88127
13729	307	162	86786	1820	0	89075
13730	261	86834	975	1084	0	89154
13731	285	1012	755	85178	0	87230
13732	85761	795	175	1098	0	87829
13733	86586	176	103	908	0	87773
13734	86838	132	112	288	0	87370
13735	1854	85664	136	333	0	87987
13736	85181	950	117	250	0	86498
13737	1197	938	158	84682	0	86975
13738	957	171	84379	1100	0	86607
13739	81973	219	1022	930	0	84144
13740	1089	84336	797	418	0	86640
13741	852	897	200	83247	0	85196
13742	293	694	162	83063	0	84212
13743	264	83173	150	1698	0	85285
13744	297	1058	126	84577	0	86058
13745	293	729	128	85309	0	86459
13746	280	224	156	86480	0	87140
13747	84204	202	200	1767	0	86373
13748	83795	190	175	1047	0	85207
13749	1657	255	84204	482	0	86598
13750	902	284	1037	83813	0	86036
13751	367	224	766	85657	0	87014
13752	284	266	320	86423	0	87293
13753	84621	305	246	1843	0	87015
13754	1144	277	83218	1123	0	85762
13755	81897	234	1071	515	0	83717
13756	83848	265	781	501	0	85395
13757	1742	202	246	83155	0	85345
13758	83934	178	344	1235	0	85691
13759	1298	280	83140	1055	0	85773
13760	81251	183	1092	607	0	83133
13761	1236	88022	856	665	0	90779
13762	1034	1050	87169	415	0	89668
13763	488	887	86923	617	0	88915
13764	594	1073	1827	84994	0	88488
13765	523	270	86819	1178	0	88790
13766	83092	414	1213	1086	0	85805
13767	1140	83515	861	650	0	86166
13768	84300	952	308	510	0	86070
13769	1127	863	205	84999	0	87194
13770	1010	246	85031	1278	0	87565
13771	452	253	85128	1120	0	86953
13772	380	652	1565	84937	0	87534
13773	85581	189	893	1431	0	88094
13774	1023	84759	301	1231	0	87314
13775	847	86955	221	713	0	88736
13776	86210	1442	235	617	0	88504
13777	1124	87411	241	720	0	89496
13778	87433	977	306	541	0	89257
13779	1430	837	223	86335	0	88825
13780	86431	219	249	1243	0	88142
13781	1194	180	311	86662	0	88347
13782	87186	142	268	1298	0	88894
13783	1167	153	335	86291	0	87946
13784	1036	85836	294	1314	0	88480
13785	85908	897	302	1003	0	88110
13786	1098	86412	332	665	0	88507
13787	1099	993	83767	412	0	86271
13788	536	786	1017	79422	0	81761
13789	439	85046	855	1040	0	87380
13790	83998	910	321	824	0	86053
13791	82479	741	379	398	0	83997
13792	1698	82457	344	451	0	84950
13793	1015	984	82271	392	0	84662
13794	433	749	1075	80005	0	82262
13795	365	81980	891	1126	0	84362
13796	372	942	404	82830	0	84548
13797	468	738	367	83130	0	84703
13798	82138	314	290	1640	0	84382
13799	1117	82034	339	975	0	84465
13800	1004	952	254	82812	0	85022
13801	83039	780	249	1159	0	85227
13802	82946	297	290	924	0	84457
13803	82693	329	331	485	0	83838
13804	1785	303	281	81308	0	83677
13805	81199	276	263	1063	0	82801
13806	1155	81027	272	957	0	83411
13807	80922	938	261	455	0	82576
13808	1122	82309	192	528	0	84151
13809	82130	988	354	398	0	83870
13810	81542	750	262	452	0	83006
13811	1731	973	333	79846	0	82883
13812	1158	252	82568	1002	0	84980
13813	746	315	81205	851	0	83117
13814	467	81874	1288	519	0	84148
13815	78739	1021	1125	480	0	81365
13816	1050	778	77805	305	0	79938
13817	64842	242	474	153	0	65711
13818	427	67744	341	156	0	68668
13819	419	70187	90	154	0	70850
13820	205	816	129	70498	0	71648
13821	144	72884	84	452	0	73564
13822	194	473	73344	433	0	74444
13823	185	614	442	71159	0	72400
13824	150	75671	453	533	0	76807
13825	150	581	72	76387	0	77190
13826	76367	569	79	644	0	77659
13827	604	163	61	77299	0	78127
13828	688	186	78365	672	0	79911
13829	171	80206	616	744	0	81737
13830	142	810	624	79878	0	81454
13831	130	722	150	81030	0	82032
13832	153	169	111	82080	0	82513
13833	80153	140	89	1358	0	81740
13834	79904	113	66	846	0	80929
13835	1390	158	81141	209	0	82898
13836	905	176	80792	170	0	82043
13837	205	81272	1254	273	0	83004
13838	82840	646	743	220	0	84449
13839	718	750	155	83349	0	84972
13840	795	164	86	84045	0	85090
13841	220	133	69	84789	0	85211
13842	221	144	50	85278	0	85693
13843	272	178	82751	1423	0	84624
13844	79380	137	641	928	0	81086
13845	794	117	709	89878	0	91498
13846	940	128	89673	973	0	91714
13847	89637	127	953	1015	0	91732
13848	97786	122	949	294	0	99151
13849	2312	147	108152	183	0	110794
13850	1551	171	111943	161	0	113826
13851	393	123	2609	110649	0	113774
13852	113034	126	1542	1459	0	116161
13853	114373	110	300	1555	0	116338
13854	2808	136	210	111536	0	114690
13855	1644	127	202	114611	0	116584
13856	426	171	114160	2804	0	117561
13857	304	559	1491	112846	0	115200
13858	450	177	114703	1699	0	117029
13859	108228	161	1563	1649	0	111601
13860	1447	113491	1565	609	0	117112
13861	109951	1268	316	275	0	111810
13862	1455	110337	237	364	0	112393
13863	110044	1443	510	240	0	112237
13864	1748	1433	167	106645	0	109993
13865	1746	225	164	107757	0	109892
13866	108098	129	131	2775	0	111133
13867	108584	123	119	1592	0	110418
13868	109955	101	110	408	0	110574
13869	110387	102	143	275	0	110907
13870	3134	88	107880	244	0	111346
13871	108727	86	1405	272	0	110490
13872	110214	68	1501	262	0	112045
13873	110441	83	263	238	0	111025
13874	3177	93	181	107450	0	110901
13875	105412	92	188	1599	0	107291
13876	1711	105177	204	1685	0	108777
13877	1732	1368	170	105814	0	109084
13878	506	1478	155	107253	0	109392
13879	516	260	105425	2983	0	109184
13880	441	179	1460	103473	0	105553
13881	384	105231	1607	1788	0	109010
13882	104156	1433	306	1745	0	107640
13883	1591	106050	319	619	0	108579
13884	106010	1533	565	457	0	108565
13885	2213	1599	220	105146	0	109178
13886	105369	244	237	1699	0	107549
13887	1811	103895	288	1879	0	107873
13888	106173	1468	228	521	0	108390
13889	105897	1554	234	456	0	108141
13890	3223	292	255	104368	0	108138
13891	2061	187	230	106414	0	108892
13892	770	224	104622	3155	0	108771
13893	624	186	1501	105232	0	107543
13894	571	221	1587	105852	0	108231
13895	648	166	104213	3186	0	108213
13896	529	170	1615	105398	0	107712
13897	552	162	105133	2010	0	107857
13898	101881	161	1741	1942	0	105725
13899	1899	188	1702	103195	0	106984
13900	2034	210	102102	1829	0	106175
13901	100540	188	1671	1844	0	104243
13902	1997	182	1651	102784	0	106614
13903	2056	209	104360	1874	0	108499
13904	102904	182	1627	1934	0	106647
13905	2016	188	1641	105235	0	109080
13906	2028	169	389	106340	0	108926
13907	106142	163	297	3290	0	109892
13908	2036	187	323	106222	0	108768
13909	2048	175	289	106769	0	109281
13910	800	194	300	104943	0	106237
13911	727	104170	323	3355	0	108575
13912	101630	1508	307	2136	0	105581
13913	102409	1572	288	772	0	105041
13914	3485	347	285	100476	0	104593
13915	102245	260	283	1962	0	104750
13916	101686	201	278	2116	0	104281
13917	103099	208	313	804	0	104424
13918	99121	204	501	712	0	100538
13919	99857	201	434	699	0	101191
13920	3641	212	93928	636	0	98417
13921	2234	239	90982	647	0	94102
13922	89319	360	2857	578	0	93114
13923	1916	90445	1754	687	0	94802
13924	1864	1518	579	87564	0	91525
13925	792	1311	87668	1655	0	91426
13926	783	416	87375	1670	0	90244
13927	817	1097	2627	85576	0	90117
13928	85723	622	2118	1971	0	90434
13929	1746	278	341	87290	0	89655
13930	1720	259	86910	1708	0	90597
13931	88447	146	1317	1774	0	91684
13932	1726	150	1404	90418	0	93698
13933	1780	121	328	91794	0	94023
13934	740	115	290	93215	0	94360
13935	717	105	229	91757	0	92808
13936	720	135	88912	2863	0	92630
13937	678	104	1353	89803	0	91938
13938	88894	106	1426	1793	0	92219
13939	1693	158	87993	1674	0	91518
13940	88006	129	1360	672	0	90167
13941	89569	128	1364	646	0	91707
13942	89877	134	416	592	0	91019
13943	88352	147	358	590	0	89447
13944	2723	86608	305	694	0	90330
13945	1420	80244	251	454	0	82369
13946	550	82116	274	492	0	83432
13947	75669	2571	1632	991	0	80863
13948	1256	1077	71890	554	0	74777
13949	59074	572	1228	334	0	61208
13950	919	152	706	57187	0	58964
13951	57436	35	111	536	0	58118
13952	510	30	71	57298	0	57909
13953	57326	31	89	575	0	58021
13954	519	30	83	57330	0	57962
13955	566	90	70	58317	0	59043
13956	51424	54	90	958	0	52526
13957	504	60305	82	590	0	61481
13958	576	378	59583	158	0	60695
13959	177	59589	421	223	0	60410
13960	243	352	57391	111	0	58097
13961	294	872	502	53320	0	54988
13962	54920	96	648	370	0	56034
13963	295	87	54	53935	0	54371
13964	53503	19	60	310	0	53892
13965	322	56571	55	439	0	57387
13966	453	250	57249	107	0	58059
13967	97	57603	260	142	0	58102
13968	83	57535	305	124	0	58047
13969	55336	386	299	81	0	56102
13970	53845	221	129	91	0	54286
13971	391	55063	51	98	0	55603
13972	245	173	46	55249	0	55713
13973	79	194	33	55407	0	55713
13974	55470	38	39	408	0	55955
13975	268	40	56017	253	0	56578
13976	285	49	55036	75	0	55445
13977	77	46	395	55314	0	55832
13978	90	55	56939	263	0	57347
13979	53500	37	220	276	0	54033
13980	56615	38	222	83	0	56958
13981	415	56645	65	162	0	57287
13982	323	216	58176	72	0	58787
13983	98	266	223	57850	0	58437
13984	122	49	61489	265	0	61925
13985	97	49	218	60556	0	60920
13986	61230	40	252	314	0	61836
13987	280	62860	79	411	0	63630
13988	382	271	64671	94	0	65418
13989	113	66210	260	157	0	66740
13990	82	68378	299	162	0	68921
13991	68839	510	80	135	0	69564
13992	66327	298	70	128	0	66823
13993	595	71	68969	117	0	69752
13994	378	70435	319	251	0	71383
13995	134	344	333	70545	0	71356
13996	100	298	78	70820	0	71296
13997	115	75	49	70818	0	71057
13998	153	68	71516	621	0	72358
13999	117	43	299	70658	0	71117
14000	109	78	334	72738	0	73259
14001	73678	68	75	682	0	74503
14002	73535	67	77	427	0	74106
14003	73430	66	57	221	0	73774
14004	72502	53	88	126	0	72769
14005	72412	78	65	117	0	72672
14006	619	71936	70	179	0	72804
14007	71177	292	43	94	0	71606
14008	417	342	70841	67	0	71667
14009	370	334	281	69695	0	70680
14010	70803	81	324	313	0	71521
14011	297	71323	75	380	0	72075
14012	72439	264	75	128	0	72906
14013	73227	289	55	197	0	73768
14014	535	81	69	73867	0	74552
14015	346	79	56	73966	0	74447
14016	116	77316	63	624	0	78119
14017	118	293	72	78661	0	79144
14018	162	353	80885	360	0	81760
14019	146	84	335	81286	0	81851
14020	152	88	82630	407	0	83277
14021	75105	90	463	520	0	76178
14022	492	141	418	83373	0	84424
14023	521	126	84707	482	0	85836
14024	119	84011	448	622	0	85200
14025	92	85086	453	221	0	85852
14026	84038	821	224	176	0	85259
14027	538	625	116	83551	0	84830
14028	478	118	86765	415	0	87776
14029	94	85563	394	605	0	86656
14030	176	432	86752	91	0	87451
14031	83524	404	460	122	0	84510
14032	84735	71	375	93	0	85274
14033	85212	49	71	98	0	85430
14034	706	38	59	85381	0	86184
14035	458	107	85789	411	0	86765
14036	87	86354	392	505	0	87338
14037	86	339	390	87982	0	88797
14038	120	392	86366	398	0	87276
14039	125	110	84721	427	0	85383
14040	73	49	716	86142	0	86980
14041	87492	36	410	428	0	88366
14042	370	50	83	87810	0	88313
14043	422	35	64	89468	0	89989
14044	135	96	90494	754	0	91479
14045	80	42	386	90105	0	90613
14046	92	62	407	90616	0	91177
14047	145	94	91620	780	0	92639
14048	145	80	90817	462	0	91504
14049	94	64	755	90384	0	91297
14050	183	93	92567	446	0	93289
14051	74	69	419	91983	0	92545
14052	92388	57	434	477	0	93356
14053	386	94807	112	681	0	95986
14054	430	392	90	96060	0	96972
14055	158	436	94644	445	0	95683
14056	82657	93	441	634	0	83825
14057	402	91005	434	230	0	92071
14058	92203	379	100	177	0	92859
14059	437	405	77	91783	0	92702
14060	437	79	77	91991	0	92584
14061	93274	55	119	903	0	94351
14062	465	85	93773	481	0	94804
14063	91775	49	428	201	0	92453
14064	456	56	445	94644	0	95601
14065	92444	44	122	504	0	93114
14066	91944	43	94	519	0	92600
14067	849	83	78	91690	0	92700
14068	512	94916	93	625	0	96146
14069	97627	475	116	528	0	98746
14070	98495	493	98	174	0	99260
14071	1155	134	99609	130	0	101028
14072	98328	68	620	147	0	99163
14073	717	97	597	99340	0	100751
14074	633	101147	154	710	0	102644
14075	210	666	105	98491	0	99472
14076	111	101246	131	690	0	102178
14077	100264	630	114	627	0	101635
14078	100728	571	99	165	0	101563
14079	1194	158	83	104281	0	105716
14080	774	95	104566	759	0	106194
14081	252	129	104293	807	0	105481
14082	133	144	1398	106541	0	108216
14083	107479	55	958	835	0	109327
14084	111556	66	176	900	0	112698
14085	1650	113795	142	326	0	115913
14086	1118	981	110	114453	0	116662
14087	339	1042	116501	1082	0	118964
14088	260	211	118789	1150	0	120410
14089	237	575	2255	124604	0	127671
14090	134356	131	1606	1662	0	137755
14091	1671	82	206	137843	0	139802
14092	1724	104	136201	1806	0	139835
14093	134368	75	1655	1808	0	137906
14094	1734	75	1620	135473	0	138902
14095	1660	70	274	138171	0	140175
14096	280	112	177	136256	0	136825
14097	189	135286	205	3399	0	139079
14098	308	1578	137034	1769	0	140689
14099	264	1599	138745	421	0	141029
14100	216	244	3213	137869	0	141542
14101	280	149	139816	1852	0	142097
14102	135396	112	1889	1838	0	139235
14103	1862	111	1730	137761	0	141464
14104	1794	167	304	138785	0	141050
14105	349	105	218	138958	0	139630
14106	204	138421	309	3602	0	142536
14107	140503	1694	249	1974	0	144420
14108	1861	1663	210	140394	0	144128
14109	140741	214	274	2009	0	143238
14110	1939	140175	212	2110	0	144436
14111	141105	1769	225	551	0	143650
14112	139424	1662	246	435	0	141767
14113	139970	257	235	459	0	140921
14114	3503	136133	284	592	0	140512
14115	1966	138288	285	554	0	141093
14116	132360	3270	262	393	0	136285
14117	1922	135161	288	585	0	137956
14118	1882	1874	131407	431	0	135594
14119	416	129852	1812	640	0	132720
14120	347	131077	1745	677	0	133846
14121	130043	2997	505	380	0	133925
14122	1924	1720	128594	365	0	132603
14123	1862	395	127294	354	0	129905
14124	592	536	3164	124117	0	128409
14125	126531	240	1910	1879	0	130560
14126	1956	281	127174	1731	0	131142
14127	1745	253	1817	125650	0	129465
14128	547	271	124371	1942	0	127131
14129	513	344	121085	1847	0	123789
14130	116775	286	3159	594	0	120814
14131	2026	317	121804	420	0	124567
14132	1869	339	1897	118038	0	122143
14133	598	341	1777	118632	0	121348
14134	459	118410	517	3179	0	122565
14135	544	121167	429	1973	0	124113
14136	554	3051	431	119183	0	123219
14137	539	1809	118901	1973	0	123222
14138	514	497	1840	119449	0	122300
14139	464	414	1770	120485	0	123133
14140	507	374	120872	3385	0	125138
14141	413	313	1941	121879	0	124546
14142	121947	316	1888	2246	0	126397
14143	1944	399	121609	2060	0	126012
14144	120877	355	2036	801	0	124069
14145	2172	324	1972	120145	0	124613
14146	2043	323	640	123379	0	126385
14147	649	124672	649	3837	0	129807
14148	654	1893	584	127436	0	130567
14149	633	1859	496	128967	0	131955
14150	127149	445	634	3970	0	132198
14151	2215	388	641	128833	0	132077
14152	2094	416	573	129333	0	132416
14153	124641	446	636	4097	0	129820
14154	2248	418	666	127125	0	130457
14155	2108	438	670	121456	0	124672
14156	625	124832	761	4081	0	130299
14157	125001	1962	702	2515	0	130180
14158	2292	1931	512	125506	0	130241
14159	2155	561	549	127476	0	130741
14160	888	452	125007	4121	0	130468
14161	746	451	2102	124913	0	128212
14162	632	440	2074	125997	0	129143
14163	123066	421	597	4182	0	128266
14164	122805	488	537	2612	0	126442
14165	3947	571	515	122730	0	127763
14166	2347	556	120846	2503	0	126252
14167	832	117656	2134	2360	0	122982
14168	751	119652	1988	1116	0	123507
14169	1228	3783	1011	115754	0	121776
14170	115663	1900	792	2424	0	120779
14171	2133	719	421	117263	0	120536
14172	117576	506	336	2489	0	120907
14173	2163	535	363	118760	0	121821
14174	2085	429	409	118263	0	121186
14175	115648	459	461	3688	0	120256
14176	114418	485	476	2301	0	117680
14177	3551	115839	465	1039	0	120894
14178	2082	119101	451	1116	0	122750
14179	769	3226	400	111983	0	116378
14180	679	1980	417	113619	0	116695
14181	841	464	111101	3198	0	115604
14182	102259	550	1955	2107	0	106871
14183	1847	107856	1602	1009	0	112314
14184	1295	102681	507	869	0	105352
14185	98699	2173	1225	740	0	102837
14186	1825	1174	98860	550	0	102409
14187	1440	422	95516	491	0	97869
14188	960	808	90165	611	0	92544
14189	392	82091	1814	442	0	84739
14190	753	575	1370	70916	0	73614
14191	154	421	159	70766	0	71500
14192	136	111	67	71564	0	71878
14193	69735	88	74	954	0	70851
14194	69062	86	74	578	0	69800
14195	837	69528	87	353	0	70805
14196	515	502	92	70442	0	71551
14197	292	462	70796	565	0	72115
14198	132	71201	457	623	0	72413
14199	69764	482	473	297	0	71016
14200	564	458	69809	196	0	71027
14201	64565	134	462	220	0	65381
14202	598	158	69395	187	0	70338
14203	471	470	445	66091	0	67477
14204	160	69022	400	589	0	70171
14205	69356	436	128	511	0	70431
14206	439	70142	103	321	0	71005
14207	68842	475	98	248	0	69663
14208	522	412	46	68103	0	69083
14209	521	182	69830	571	0	71104
14210	197	110	417	71536	0	72260
14211	151	119	382	76356	0	77008
14212	179	129	76543	1042	0	77893
14213	73162	111	618	768	0	74659
14214	637	78834	611	369	0	80451
14215	78413	596	137	248	0	79394
14216	696	80057	112	300	0	81165
14217	681	761	93	81250	0	82785
14218	233	665	80787	826	0	82511
14219	90100	161	715	872	0	91848
14220	1068	94574	683	459	0	96784
14221	1080	1092	147	93450	0	95769
14222	242	1078	101	97565	0	98986
14223	102178	237	94	2097	0	104606
14224	107377	131	106	1292	0	108906
14225	2529	110692	128	445	0	113794
14226	120533	1480	139	239	0	122391
14227	121004	1455	125	260	0	122844
14228	124876	282	139	252	0	125549
14229	3907	277	124290	236	0	128710
14230	2178	123696	1846	436	0	128156
14231	463	128287	1908	394	0	131052
14232	388	3655	345	120354	0	124742
14233	343	2225	173	126210	0	128951
14234	124923	447	164	3602	0	129136
14235	1948	125014	149	2394	0	129505
14236	127173	1968	132	496	0	129769
14237	2210	2046	116	124282	0	128654
14238	2189	422	147	126625	0	129383
14239	124192	239	153	3824	0	128408
14240	123410	247	159	2260	0	126076
14241	4079	288	121616	496	0	126479
14242	2469	705	1919	120114	0	125207
14243	665	285	121480	1992	0	124422
14244	430	316	119847	2086	0	122679
14245	510	293	121415	497	0	122715
14246	113913	616	4331	455	0	119315
14247	1996	370	2225	112856	0	117447
14248	2027	200	406	113196	0	115829
14249	516	184	247	116993	0	117940
14250	429	164	114509	3725	0	118827
14251	400	191	1785	115098	0	117474
14252	466	213	1903	116216	0	118798
14253	114636	206	348	3612	0	118802
14254	115400	188	224	2253	0	118065
14255	118237	178	253	558	0	119226
14256	118151	231	240	430	0	119052
14257	4252	256	271	113923	0	118702
14258	116283	268	261	2043	0	118855
14259	2443	291	210	116266	0	119210
14260	2544	289	112119	2241	0	117193
14261	111401	282	1785	2254	0	115722
14262	2333	112869	2006	739	0	117947
14263	2437	1924	401	111583	0	116345
14264	905	2335	295	110645	0	114180
14265	640	113506	306	3901	0	118353
14266	112174	2028	331	2329	0	116862
14267	2313	112657	324	1043	0	116337
14268	2605	2054	112009	617	0	117285
14269	1007	2085	112574	633	0	116299
14270	109812	599	3900	620	0	114931
14271	112354	418	2332	600	0	115704
14272	4172	387	109885	567	0	115011
14273	110503	342	2083	676	0	113604
14274	2675	343	111136	681	0	114835
14275	110801	334	2268	663	0	114066
14276	2706	422	111566	703	0	115397
14277	2691	311	111320	765	0	115087
14278	1020	465	3918	103450	0	108853
14279	942	355	2442	108776	0	112515
14280	108684	316	743	4105	0	113848
14281	109892	362	556	2653	0	113463
14282	112058	298	578	929	0	113863
14283	111656	387	485	869	0	113397
14284	4670	107574	599	973	0	113816
14285	3081	1936	570	104162	0	109749
14286	1367	108776	651	2443	0	113237
14287	1347	2095	592	109275	0	113309
14288	1222	2221	569	108139	0	112151
14289	1317	618	570	109491	0	111996
14290	1211	561	105245	4535	0	111552
14291	101207	480	2204	2977	0	106868
14292	2762	102194	2388	1378	0	108722
14293	2822	105819	759	1335	0	110735
14294	1521	3810	105487	1040	0	111858
14295	1213	2434	2214	104495	0	110356
14296	1205	721	2425	106110	0	110461
14297	104522	515	813	4366	0	110216
14298	2821	578	682	105116	0	109197
14299	2999	484	755	105455	0	109693
14300	1304	500	761	107319	0	109884
14301	1256	415	841	108207	0	110719
14302	104285	293	865	4602	0	110045
14303	105275	332	951	2995	0	109553
14304	106933	266	938	1284	0	109421
14305	4775	250	902	104276	0	110203
14306	106121	292	951	2792	0	110156
14307	3036	360	908	107316	0	111620
14308	3070	437	1054	108777	0	113338
14309	1602	295	105057	4591	0	111545
14310	1271	279	103381	3131	0	108062
14311	1278	259	101498	1209	0	104244
14312	96632	535	4532	1229	0	102928
14313	2869	852	2939	89390	0	96050
14314	2887	95176	859	2578	0	101500
14315	96383	1767	851	2639	0	101640
14316	2959	1869	94608	1118	0	100554
14317	91734	526	2168	994	0	95422
14318	2810	88984	2203	962	0	94959
14319	78405	1300	729	637	0	81071
14320	2267	1818	439	76153	0	80677
14321	76068	301	486	1656	0	78511
14322	1921	73394	358	1890	0	77563
14323	1850	71732	403	786	0	74771
14324	63065	1934	677	530	0	66206
14325	1259	63597	418	496	0	65770
14326	771	52377	213	234	0	53595
14327	583	52042	548	242	0	53415
14328	47774	1310	1263	296	0	50643
14329	45788	489	227	160	0	46664
14330	45691	112	64	131	0	45998
14331	835	89	54	44914	0	45892
14332	502	73	55	45278	0	45908
14333	184	79	44975	780	0	46018
14334	165	61	384	45059	0	45669
14335	163	72	45934	465	0	46634
14336	132	51	412	45473	0	46068
14337	128	65	422	45923	0	46538
14338	45593	53	90	801	0	46537
14339	45194	60	83	505	0	45842
14340	778	45410	74	200	0	46462
14341	489	413	82	45071	0	46055
14342	154	424	46451	458	0	47487
14343	156	97	414	46613	0	47280
14344	146	89	413	46967	0	47615
14345	158	85	84	47375	0	47702
14346	155	88	46616	826	0	47685
14347	154	79	45097	497	0	45827
14348	44994	59	772	184	0	46009
14349	459	111	431	46526	0	47527
14350	484	58	46536	492	0	47570
14351	44552	55	444	508	0	45559
14352	436	46915	449	197	0	47997
14353	47476	406	114	184	0	48180
14354	548	407	48224	151	0	49330
14355	47091	76	408	151	0	47726
14356	464	191	413	47618	0	48686
14357	449	95	48630	417	0	49591
14358	127	48107	406	468	0	49108
14359	47746	428	487	190	0	48851
14360	451	493	116	47296	0	48356
14361	419	101	107	47342	0	47969
14362	116	48298	104	697	0	49215
14363	134	370	94	48497	0	49095
14364	169	378	48279	429	0	49255
14365	104	48178	376	451	0	49109
14366	47834	366	364	165	0	48729
14367	397	397	98	47385	0	48277
14368	409	92	80	47129	0	47710
14369	165	96	46910	681	0	47852
14370	155	155	355	46763	0	47428
14371	209	111	48620	419	0	49359
14372	115	48458	369	451	0	49393
14373	47601	392	498	201	0	48692
14374	47398	348	142	141	0	48029
14375	47299	89	80	121	0	47589
14376	641	48746	89	137	0	49613
14377	410	341	111	48226	0	49088
14378	144	333	70	48411	0	48958
14379	108	98	74	47841	0	48121
14380	47914	64	70	647	0	48695
14381	47550	62	66	436	0	48114
14382	626	58	72	47420	0	48176
14383	425	81	50341	417	0	51264
14384	124	68	308	50276	0	50776
14385	135	50	347	50700	0	51232
14386	120	60	87	50719	0	50986
14387	112	66	65	50921	0	51164
14388	50827	62	69	757	0	51715
14389	370	62	83	51879	0	52394
14390	384	60	61	51780	0	52285
14391	100	52425	83	740	0	53348
14392	94	348	71	53801	0	54314
14393	93	55720	72	515	0	56400
14394	123	447	63	55933	0	56566
14395	55345	424	60	531	0	56360
14396	413	56439	79	541	0	57472
14397	56210	398	59	198	0	56865
14398	519	431	57252	151	0	58353
14399	484	93	401	56639	0	57617
14400	177	81	58700	548	0	59506
14401	117	118	442	58463	0	59140
14402	121	267	457	57486	0	58331
14403	100	58404	124	888	0	59516
14404	102	58927	88	583	0	59700
14405	80	60114	73	189	0	60456
14406	58369	713	118	211	0	59411
14407	321	57389	48	178	0	57936
14408	279	56343	64	153	0	56839
14409	631	543	178	56129	0	57481
14410	56468	237	75	338	0	57118
14411	244	59049	44	362	0	59699
14412	59794	226	34	156	0	60210
14413	59547	237	34	94	0	59912
14414	484	79	61453	90	0	62106
14415	255	88	240	60422	0	61005
14416	77	48	243	62281	0	62649
14417	40	45	26	63045	0	63156
14418	62	60	51	62578	0	62751
14419	91	79	61105	488	0	61763
14420	105	101	56708	259	0	57173
14421	56504	36	446	118	0	57104
14422	239	60180	228	114	0	60761
14423	208	60410	32	86	0	60736
14424	60349	389	46	68	0	60852
14425	206	60578	46	86	0	60916
14426	223	243	30	60900	0	61396
14427	61161	228	46	293	0	61728
14428	289	76	61085	283	0	61733
14429	250	37	239	61239	0	61765
14430	94	65	62483	285	0	62927
14431	60580	39	263	326	0	61208
14432	332	82	66174	76	0	66664
14433	66141	60	287	121	0	66609
14434	68215	39	274	171	0	68699
14435	68509	56	44	102	0	68711
14436	68632	52	33	120	0	68837
14437	68958	51	27	95	0	69131
14438	581	57	33	68565	0	69236
14439	70996	33	34	473	0	71536
14440	305	54	39	71445	0	71843
14441	313	48	47	71612	0	72020
14442	93	40	48	71868	0	72049
14443	131	72	71493	620	0	72316
14444	77	62	285	70627	0	71051
14445	80	59	286	72373	0	72798
14446	117	84	71018	600	0	71819
14447	65306	70	301	423	0	66100
14448	323	66	300	72020	0	72709
14449	395	67	72110	331	0	72903
14450	142	86	70334	345	0	70907
14451	84	129	552	70006	0	70771
14452	141	100	72112	367	0	72720
14453	91	157	306	72603	0	73157
14454	91	77	291	72468	0	72927
14455	55	72463	80	629	0	73227
14456	54	73200	67	402	0	73723
14457	73211	508	79	207	0	74005
14458	296	314	48	73833	0	74491
14459	320	66	47	73435	0	73868
14460	99	52	54	75275	0	75480
14461	151	88	75799	592	0	76630
14462	78	51	302	74736	0	75167
14463	75022	50	317	390	0	75779
14464	391	81	76818	368	0	77658
14465	349	55	307	78310	0	79021
14466	98	50	299	79667	0	80114
14467	96	35	70	80059	0	80260
14468	69	83421	75	678	0	84243
14469	84062	424	69	416	0	84971
14470	85804	368	85	172	0	86429
14471	864	88397	79	158	0	89498
14472	542	494	60	91973	0	93069
14473	201	514	92495	682	0	93892
14474	187	134	91781	635	0	92737
14475	93411	52	1350	161	0	94974
14476	845	72	760	96612	0	98289
14477	101144	40	154	886	0	102224
14478	1059	104058	120	921	0	106158
14479	937	106408	67	285	0	107697
14480	104980	1902	52	196	0	107130
14481	1014	109265	100	220	0	110599
14482	986	1132	87	109371	0	111576
14483	246	1025	74	104984	0	106329
14484	128	110884	96	2015	0	113123
14485	112054	1079	101	1119	0	114353
14486	1216	1069	113244	261	0	115790
14487	110085	173	1175	252	0	111685
14488	1417	159	115791	134	0	117501
14489	107242	96	1327	244	0	108909
14490	1518	154	117316	185	0	119173
14491	1203	114769	1376	270	0	117618
14492	606	1641	1363	113922	0	117532
14493	112829	1066	336	1285	0	115516
14494	1320	205	111761	1077	0	114363
14495	1232	151	112265	209	0	113857
14496	296	252	2224	108581	0	111353
14497	250	138	113361	1229	0	114978
14498	150	127	1335	110934	0	112546
14499	151	96	1113	111419	0	112779
14500	233	177	111267	2263	0	113940
14501	157	94	1249	110895	0	112395
14502	112752	59	1165	1477	0	115453
14503	1178	112819	274	1299	0	115570
14504	114546	1164	164	322	0	116196
14505	1346	1070	145	111711	0	114272
14506	113043	182	157	1312	0	114694
14507	114219	131	133	1306	0	115789
14508	2335	126	166	111686	0	114313
14509	1258	114115	187	1313	0	116873
14510	114977	1172	168	1164	0	117481
14511	1412	1103	111336	335	0	114186
14512	1248	248	110677	234	0	112407
14513	108529	204	2241	252	0	111226
14514	1342	190	1248	108943	0	111723
14515	1309	191	109868	1300	0	112668
14516	322	143	1304	110457	0	112226
14517	110919	124	1168	1437	0	113648
14518	113109	147	290	1340	0	114886
14519	113498	136	248	363	0	114245
14520	2384	115020	207	405	0	118016
14521	1405	1219	164	115732	0	118520
14522	382	1155	166	116208	0	117911
14523	115139	260	177	2310	0	117886
14524	1354	115252	172	1450	0	118228
14525	115396	1247	186	419	0	117248
14526	1491	1171	198	113950	0	116810
14527	114220	275	194	1368	0	116057
14528	1581	306	111217	1214	0	114318
14529	1333	111832	1281	440	0	114886
14530	579	1528	1234	105801	0	109142
14531	350	113896	336	1180	0	115762
14532	383	1361	225	110643	0	112612
14533	109455	1109	199	1412	0	112175
14534	1444	300	107186	1181	0	110111
14535	105497	248	1275	402	0	107422
14536	1450	109457	1232	444	0	112583
14537	1306	1214	359	110660	0	113539
14538	428	1126	298	112169	0	114021
14539	109152	269	252	2292	0	111965
14540	1440	290	109213	1330	0	112273
14541	1287	190	1300	109911	0	112688
14542	450	195	1198	110086	0	111929
14543	408	219	367	110341	0	111335
14544	381	183	296	110898	0	111758
14545	108447	190	279	2464	0	111380
14546	108400	192	263	1431	0	110286
14547	2422	226	108903	488	0	112039
14548	1435	257	106749	470	0	108911
14549	108907	167	2211	509	0	111794
14550	111901	193	1283	440	0	113817
14551	2363	196	386	110839	0	113784
14552	1425	153	318	110625	0	112521
14553	108786	188	273	2354	0	111601
14554	1501	108258	347	1577	0	111683
14555	1367	1213	304	108804	0	111688
14556	506	1074	292	110243	0	112115
14557	516	272	107981	2408	0	111177
14558	429	184	1302	108452	0	110367
14559	498	246	109629	1614	0	111987
14560	417	218	1404	108931	0	110970
14561	106798	173	1255	1631	0	109857
14562	1504	224	373	108118	0	110219
14563	1449	201	106960	1650	0	110260
14564	518	103159	1340	1629	0	106646
14565	513	1452	1224	106468	0	109657
14566	531	1143	107098	1547	0	110319
14567	415	107268	1366	1575	0	110624
14568	598	1640	1177	104817	0	108232
14569	539	1084	104385	1404	0	107412
14570	87906	346	1287	1317	0	90856
14571	1203	100970	1019	571	0	103763
14572	1000	97958	273	443	0	99674
14573	386	99699	257	429	0	100771
14574	866	2553	459	94635	0	98513
14575	413	847	97050	1040	0	99350
14576	244	95750	1002	979	0	97975
14577	794	1829	953	91320	0	94896
14578	94733	664	332	1091	0	96820
14579	944	149	108	116372	0	117573
14580	1178	210	133405	1611	0	136404
14581	217	136089	1728	1427	0	139461
14582	131763	1795	1389	362	0	135309
14583	1732	135856	280	462	0	138330
14584	1787	1939	129995	266	0	133987
14585	298	131981	1822	453	0	134554
14586	506	2519	1661	127439	0	132125
14587	327	1569	127016	1661	0	130573
14588	202	126210	1785	1594	0	129791
14589	287	1884	1360	123478	0	127009
14590	187	1523	384	122232	0	124326
14591	85	124024	341	2852	0	127302
14592	101	1844	247	125676	0	127868
14593	234	1475	124256	1922	0	127887
14594	223	539	125809	1505	0	128076
14595	129	475	2872	124326	0	127802
14596	124074	324	1553	1994	0	127945
14597	123742	352	371	1645	0	126110
14598	2783	339	295	120776	0	124193
14599	1444	122898	410	2058	0	126810
14600	342	1770	463	123624	0	126199
14601	121508	1452	459	2113	0	125532
14602	1814	502	356	121679	0	124351
14603	1660	425	248	122097	0	124430
14604	119882	400	282	3160	0	123724
14605	1759	119839	345	2108	0	124051
14606	1456	1936	325	119051	0	122768
14607	119206	1549	268	2081	0	123104
14608	1973	488	117419	1816	0	121696
14609	116973	323	1753	878	0	119927
14610	2038	408	1418	118793	0	122657
14611	120166	429	343	2238	0	123176
14612	120622	434	279	1921	0	123256
14613	118590	368	302	785	0	120045
14614	3195	118506	473	867	0	123041
14615	2031	1790	118394	591	0	122806
14616	747	120770	1933	691	0	124141
14617	118104	1968	1494	664	0	122230
14618	2273	119014	443	696	0	122426
14619	2032	2020	350	118319	0	122721
14620	115184	1769	337	2014	0	119304
14621	2030	116122	405	1980	0	120537
14622	1845	2211	116681	675	0	121412
14623	814	1830	1859	116752	0	121255
14624	724	810	118115	2200	0	121849
14625	553	116597	2003	3316	0	122469
14626	670	2192	1628	115396	0	119886
14627	587	1924	540	117477	0	120528
14628	569	781	494	119078	0	120922
14629	606	525	570	116041	0	117742
14630	550	116399	603	3639	0	121191
14631	115456	2126	497	2209	0	120288
14632	2187	1835	115570	1152	0	120744
14633	1854	749	2114	115773	0	120490
14634	114994	719	1815	2541	0	120069
14635	2377	837	115813	2192	0	121219
14636	1954	114288	2214	1086	0	119542
14637	817	2591	1925	112618	0	117951
14638	853	2188	114507	2304	0	119852
14639	639	114952	2341	2330	0	120262
14640	110832	2332	1904	1264	0	116332
14641	2073	114992	890	1195	0	119150
14642	1875	2664	623	112105	0	117267
14643	741	2202	596	115684	0	119223
14644	112395	1031	694	3983	0	118103
14645	2085	113124	787	2902	0	118898
14646	1968	2412	907	114029	0	119316
14647	111874	2164	959	2590	0	117587
14648	110830	982	754	2556	0	115122
14649	3637	110289	648	1650	0	116224
14650	111617	2362	447	1263	0	115689
14651	111637	2179	425	1135	0	115376
14652	3800	1224	413	109808	0	115245
14653	2447	1049	109106	2780	0	115382
14654	1319	912	2099	108963	0	113293
14655	1212	781	1793	110151	0	113937
14656	1165	786	107633	4057	0	113641
14657	1120	106479	2160	2782	0	112541
14658	1124	2628	1741	106224	0	111717
14659	958	2042	744	108450	0	112194
14660	967	835	800	109846	0	112448
14661	1048	746	779	107148	0	109721
14662	1050	106639	786	4173	0	112648
14663	107328	2190	545	2628	0	112691
14664	107536	1902	446	1603	0	111487
14665	106200	720	321	1473	0	108714
14666	3987	101877	360	1507	0	107731
14667	2369	2470	422	101668	0	106929
14668	1110	2221	101776	2701	0	107808
14669	1230	1539	2014	99069	0	103852
14670	1309	102337	1692	2461	0	107799
14671	99928	2285	548	2071	0	104832
14672	100435	1969	425	1220	0	104049
14673	99542	912	586	1187	0	102227
14674	3537	98448	676	1214	0	103875
14675	1917	95883	868	1153	0	99821
14676	992	98469	809	1234	0	101504
14677	1583	3294	95570	1056	0	101503
14678	1590	2927	88262	1489	0	94268
14679	2401	8748	2592	56438	0	70179
14680	47420	398	1457	708	0	49983
14681	46348	73	87	399	0	46907
14682	616	84	53	47306	0	48059
14683	329	103	43	47508	0	47983
14684	95	83	70	48301	0	48549
14685	87	88	63	48642	0	48880
14686	48694	85	52	655	0	49486
14687	49301	100	56	364	0	49821
14688	697	51014	59	172	0	51942
14689	52208	432	47	172	0	52859
14690	52390	359	71	135	0	52955
14691	52624	117	75	143	0	52959
14692	786	98	49880	154	0	50918
14693	50687	77	375	145	0	51284
14694	459	51999	340	165	0	52963
14695	400	447	59	52955	0	53861
14696	149	384	57	53303	0	53893
14697	140	53419	54	872	0	54485
14698	131	478	48	54744	0	55401
14699	53925	414	75	580	0	54994
14700	526	112	61	54869	0	55568
14701	497	86	54180	583	0	55346
14702	52076	77	461	503	0	53117
14703	533	55265	406	186	0	56390
14704	482	521	60	55373	0	56436
14705	183	432	49	55576	0	56240
14706	157	118	45	55986	0	56306
14707	176	121	55089	982	0	56368
14708	137	54273	458	619	0	55487
14709	206	503	387	54800	0	55896
14710	195	448	54133	533	0	55309
14711	190	120	428	53321	0	54059
14712	198	129	53651	518	0	54496
14713	179	381	448	51597	0	52605
14714	122	52242	422	513	0	53299
14715	168	497	67	51439	0	52171
14716	51259	401	65	536	0	52261
14717	51402	90	74	471	0	52037
14718	853	84	51225	161	0	52323
14719	425	81	50075	121	0	50702
14720	126	70	53466	145	0	53807
14721	99	153	741	52794	0	53787
14722	89	68	453	54332	0	54942
14723	86	64	79	54767	0	54996
14724	90	55406	45	936	0	56477
14725	87	499	53	55731	0	56370
14726	75	446	68	56790	0	57379
14727	103	110	54	58599	0	58866
14728	58302	76	60	992	0	59430
14729	58478	82	80	589	0	59229
14730	946	79	59296	173	0	60494
14731	571	83	59224	148	0	60026
14732	59094	61	957	148	0	60260
14733	61227	70	554	154	0	62005
14734	1032	64	63282	163	0	64541
14735	607	79	62430	145	0	63261
14736	61991	80	1051	159	0	63281
14737	62927	68	608	157	0	63760
14738	1098	84	63753	149	0	65084
14739	622	72	565	63076	0	64335
14740	152	61	600	63720	0	64533
14741	134	65736	143	1140	0	67153
14742	147	579	109	67274	0	68109
14743	197	637	70002	731	0	71567
14744	130	122	725	70555	0	71532
14745	134	61	729	70963	0	71887
14746	174	71	70051	1411	0	71707
14747	67724	50	728	882	0	69384
14748	70728	52	749	246	0	71775
14749	1386	62	164	69992	0	71604
14750	815	66	128	70867	0	71876
14751	70795	63	122	1454	0	72434
14752	71128	57	128	872	0	72185
14753	70799	72	140	238	0	71249
14754	71333	62	142	209	0	71746
14755	1405	69826	174	235	0	71640
14756	69068	648	163	203	0	70082
14757	772	69760	137	216	0	70885
14758	792	698	115	69306	0	70911
14759	200	702	125	68737	0	69764
14760	145	68115	150	1474	0	69884
14761	164	663	126	69036	0	69989
14762	177	674	125	67672	0	68648
14763	164	67653	158	1481	0	69456
14764	178	725	140	68214	0	69257
14765	195	698	139	68414	0	69446
14766	212	133	143	68792	0	69280
14767	237	102	67033	1509	0	68881
14768	181	65647	752	972	0	67552
14769	263	1163	774	62137	0	64337
14770	210	65974	201	770	0	67155
14771	64672	676	207	786	0	66341
14772	833	687	64468	279	0	66267
14773	850	164	63243	257	0	64514
14774	60752	215	1318	264	0	62549
14775	857	463	867	61316	0	63503
14776	733	82	60270	705	0	61790
14777	252	100	59523	724	0	60599
14778	315	536	1144	57659	0	59654
14779	57218	148	740	739	0	58845
14780	56943	88	150	707	0	57888
14781	1126	100	103	56725	0	58054
14782	711	108	56283	680	0	57782
14783	191	57809	587	810	0	59397
14784	196	635	601	57528	0	58960
14785	215	577	57535	694	0	59021
14786	179	57087	593	769	0	58628
14787	346	706	611	55704	0	57367
14788	55270	531	206	675	0	56682
14789	569	207	103	53939	0	54818
14790	583	54783	132	648	0	56146
14791	55022	476	126	676	0	56300
14792	569	559	56339	247	0	57714
14793	595	55895	514	267	0	57271
14794	260	516	55717	238	0	56731
14795	53157	620	701	235	0	54713
14796	565	229	554	53134	0	54482
14797	562	93	162	54472	0	55289
14798	54503	69	171	923	0	55666
14799	528	75	148	55039	0	55790
14800	571	91	54109	596	0	55367
14801	51316	85	504	637	0	52542
14802	522	54357	546	291	0	55716
14803	580	446	154	53459	0	54639
14804	53238	478	141	563	0	54420
14805	516	53282	139	636	0	54573
14806	583	631	128	53917	0	55259
14807	53898	498	153	602	0	55151
14808	518	156	124	53869	0	54667
14809	553	53914	127	626	0	55220
14810	204	465	54438	614	0	55721
14811	178	508	459	55223	0	56368
14812	199	146	491	54857	0	55693
14813	55458	90	136	974	0	56658
14814	544	110	106	55980	0	56740
14815	56077	123	104	607	0	56911
14816	55797	124	104	635	0	56660
14817	988	124	111	54695	0	55918
14818	598	55816	100	591	0	57105
14819	240	508	95	55035	0	55878
14820	52897	538	97	585	0	54117
14821	541	53706	71	731	0	55049
14822	487	54882	96	253	0	55718
14823	55242	820	108	198	0	56368
14824	55309	503	95	162	0	56069
14825	854	55946	99	188	0	57087
14826	56104	575	320	210	0	57209
14827	55303	484	163	136	0	56086
14828	924	151	69	55018	0	56162
14829	576	79	56660	522	0	57837
14830	187	535	561	56115	0	57398
14831	143	102	57541	627	0	58413
14832	148	349	550	56945	0	57992
14833	129	100	57577	624	0	58430
14834	54834	109	608	549	0	56100
14835	620	153	524	55632	0	56929
14836	57796	39	117	584	0	58536
14837	617	402	95	56155	0	57269
14838	577	57893	67	598	0	59135
14839	58680	539	80	601	0	59900
14840	628	556	57580	152	0	58916
14841	54924	226	526	112	0	55788
14842	518	55862	506	91	0	56977
14843	53219	369	105	51	0	53744
14844	53020	390	28	40	0	53478
14845	767	53703	35	73	0	54578
14846	463	395	26	54847	0	55731
14847	54980	405	29	474	0	55888
14848	457	55529	41	499	0	56526
14849	475	456	22	55862	0	56815
14850	56193	437	34	506	0	57170
14851	483	79	32	56253	0	56847
14852	499	32	31	56386	0	56948
14853	129	46	23	56691	0	56889
14854	90	61	55415	979	0	56545
14855	88	39	459	56207	0	56793
14856	56104	42	453	571	0	57170
14857	555	52	56892	522	0	58021
14858	518	50	484	56852	0	57904
14859	132	44	467	57692	0	58335
14860	108	50	57114	967	0	58239
14861	54888	54	496	588	0	56026
14862	57853	47	483	142	0	58525
14863	1015	63	58101	106	0	59285
14864	570	47	497	57407	0	58521
14865	164	47	491	59235	0	59937
14866	130	53	61027	1028	0	62238
14867	109	55	530	61845	0	62539
14868	87	45	507	62808	0	63447
14869	127	47	63649	1135	0	64958
14870	61621	36	598	667	0	62922
14871	624	45	577	65087	0	66333
14872	65487	33	106	711	0	66337
14873	65287	40	67	681	0	66075
14874	1240	58	65657	194	0	67149
14875	711	48	628	64962	0	66349
14876	65531	31	611	752	0	66925
14877	677	67071	127	746	0	68621
14878	697	657	75	68769	0	70198
14879	181	601	83	70213	0	71078
14880	134	81	93	71388	0	71696
14881	149	52	70060	1474	0	71735
14882	64520	38	838	860	0	66256
14883	769	36	696	67831	0	69332
14884	735	41	124	68257	0	69157
14885	218	41	67649	1442	0	69350
14886	147	49	744	67841	0	68781
14887	129	37	732	68545	0	69443
14888	66938	35	126	1462	0	68561
14889	755	67195	133	891	0	68974
14890	758	678	67349	241	0	69026
14891	66583	629	741	236	0	68189
14892	819	121	731	66269	0	67940
14893	772	73	67342	847	0	69034
14894	236	60	68152	801	0	69249
14895	176	103	1354	68066	0	69699
14896	200	48	69648	834	0	70730
14897	188	63	69422	835	0	70508
14898	136	66598	1364	316	0	68414
14899	201	729	797	69816	0	71543
14900	195	631	70244	851	0	71921
14901	130	112	770	69278	0	70290
14902	70906	48	731	965	0	72650
14903	760	53	183	71640	0	72636
14904	739	56	133	72862	0	73790
14905	71107	64	144	1452	0	72767
14906	72012	55	142	902	0	73111
14907	1403	57	149	74511	0	76120
14908	831	58	75628	925	0	77442
14909	209	75139	843	889	0	77080
14910	161	811	781	75713	0	77466
14911	75184	668	218	977	0	77047
14912	75984	95	145	885	0	77109
14913	1445	75477	185	326	0	77433
14914	801	77011	185	290	0	78287
14915	76639	1352	168	301	0	78460
14916	77013	719	186	287	0	78205
14917	1537	135	78170	238	0	80080
14918	877	249	840	75167	0	77133
14919	191	79313	798	943	0	81245
14920	80605	766	247	862	0	82480
14921	940	1057	212	78587	0	80796
14922	800	79032	191	991	0	81014
14923	278	805	78851	878	0	80812
14924	271	1364	868	73636	0	76139
14925	173	79517	748	936	0	81374
14926	78781	759	247	793	0	80580
14927	78585	698	180	344	0	79807
14928	1371	78328	145	311	0	80155
14929	76544	708	142	231	0	77625
14930	75447	587	158	216	0	76408
14931	1241	75050	126	307	0	76724
14932	647	75780	136	272	0	76835
14933	399	1474	276	73445	0	75594
14934	73351	575	213	788	0	74927
14935	759	149	74794	651	0	76353
14936	70526	138	671	235	0	71570
14937	679	73720	542	250	0	75191
14938	73746	603	211	211	0	74771
14939	73833	494	157	192	0	74676
14940	74434	98	129	239	0	74900
14941	1125	181	123	71664	0	73093
14942	603	73130	131	715	0	74579
14943	73285	612	129	584	0	74610
14944	713	522	73236	210	0	74681
14945	557	73248	651	198	0	74654
14946	236	715	540	73717	0	75208
14947	181	476	72588	598	0	73843
14948	185	127	73385	495	0	74192
14949	178	225	995	71707	0	73105
14950	193	134	528	75050	0	75905
14951	149	101	126	75764	0	76140
14952	173	167	82	74722	0	75144
14953	147	73352	117	1054	0	74670
14954	147	75380	106	592	0	76225
14955	75581	953	86	228	0	76848
14956	641	511	77	75825	0	77054
14957	562	131	88	76118	0	76899
14958	177	119	83	77103	0	77482
14959	75546	130	73	1060	0	76809
14960	76452	121	84	635	0	77292
14961	1075	114	66	76029	0	77284
14962	77343	98	82	680	0	78203
14963	76895	102	89	530	0	77616
14964	77895	114	79	198	0	78286
14965	1123	183	81	75746	0	77133
14966	610	121	73288	581	0	74600
14967	246	115	70930	454	0	71745
14968	218	116	72946	142	0	73422
14969	205	103	73454	92	0	73854
14970	271	504	935	70835	0	72545
14971	72018	71	527	471	0	73087
14972	71450	65	90	380	0	71985
14973	806	83	71820	113	0	72822
14974	469	101	72547	104	0	73221
14975	125	75381	725	132	0	76363
14976	215	718	456	75361	0	76750
14977	75013	355	277	515	0	76160
14978	439	104	74655	343	0	75541
14979	71799	96	418	149	0	72462
14980	408	75960	321	153	0	76842
14981	326	400	71	77121	0	77918
14982	92	301	48	79670	0	80111
14983	84	82	46	80276	0	80488
14984	80345	48	52	830	0	81275
14985	477	55	47	81004	0	81583
14986	414	65	40	81126	0	81645
14987	80903	50	45	823	0	81821
14988	525	54	43	80798	0	81420
14989	453	56	81660	535	0	82704
14990	80000	50	444	486	0	80980
14991	512	62	364	82908	0	83846
14992	438	47	85	82023	0	82593
14993	129	82058	58	850	0	83095
14994	82459	444	54	456	0	83413
14995	83180	379	51	182	0	83792
14996	876	101	49	82160	0	83186
14997	510	68	82096	507	0	83181
14998	77165	50	514	486	0	78215
14999	585	63	83278	156	0	84082
15000	462	52	546	82056	0	83116
15001	160	57	444	84752	0	85413
15002	84225	33	98	1000	0	85356
15003	655	43	80	87849	0	88627
15004	557	73	88675	658	0	89963
15005	86450	35	628	531	0	87644
15006	700	68	93251	191	0	94210
15007	565	76	93523	126	0	94290
15008	94687	88	1282	224	0	96281
15009	898	261	646	96585	0	98390
15010	619	102049	155	708	0	103531
15011	102505	658	152	601	0	103916
15012	102257	575	96	147	0	103075
15013	1293	102	101831	134	0	103360
15014	100958	63	733	134	0	101888
15015	835	147	614	103316	0	104912
15016	714	88	106083	750	0	107635
15017	143	104440	712	782	0	106077
15018	102679	793	769	247	0	104488
15019	666	105503	122	285	0	106576
15020	694	744	215	104298	0	105951
15021	183	575	74	105360	0	106192
15022	116	72	85	105256	0	105529
15023	114	74	59	103047	0	103294
15024	97	103299	70	1269	0	104735
15025	189	640	100826	662	0	102317
15026	101	102457	606	285	0	103449
15027	101864	638	568	165	0	103235
15028	666	584	97	101666	0	103013
15029	102501	71	103	690	0	103365
15030	724	98	80	103326	0	104228
15031	106542	42	102	883	0	107569
15032	694	108366	106	753	0	109919
15033	111018	613	100	254	0	111985
15034	111394	551	101	202	0	112248
15035	110283	88	78	182	0	110631
15036	111222	74	91	192	0	111579
15037	1249	110671	97	259	0	112276
15038	760	641	111044	112	0	112557
15039	237	641	670	111210	0	112758
15040	111488	152	656	733	0	113029
15041	113063	82	138	620	0	113903
15042	1229	83	103	113983	0	115398
15043	713	120	117509	794	0	119136
15044	237	83	718	115487	0	116525
15045	161	118424	648	831	0	120064
15046	119285	732	115	757	0	120889
15047	864	861	112	118481	0	120318
15048	769	118242	120	847	0	119978
15049	201	122656	114	827	0	123798
15050	165	124101	104	281	0	124651
15051	254	1530	125	124245	0	126154
15052	124928	784	118	926	0	126756
15053	897	126248	87	942	0	128174
15054	851	903	84	127397	0	129235
15055	126939	762	86	1005	0	128792
15056	947	175	83	127876	0	129081
15057	127905	133	85	1005	0	129128
15058	127996	121	88	906	0	129111
15059	1670	132856	118	286	0	134930
15060	1061	922	83	126750	0	128816
15061	293	134501	122	806	0	135722
15062	133348	947	98	797	0	135190
15063	133924	830	113	275	0	135142
15064	136232	173	124	262	0	136791
15065	1799	170	127	135251	0	137347
15066	1097	156	135097	957	0	137307
15067	131958	145	900	934	0	133937
15068	136362	136	800	304	0	137602
15069	1794	162	146	133193	0	135295
15070	1030	137895	118	1027	0	140070
15071	363	976	111	139079	0	140529
15072	314	910	108	140609	0	141941
15073	140118	243	121	1737	0	142219
15074	138159	210	113	993	0	139475
15075	1830	229	134598	326	0	136983
15076	1024	224	908	133652	0	135808
15077	134765	210	801	1130	0	136906
15078	1179	362	142	136612	0	138295
15079	1083	236	137792	1194	0	140305
15080	359	133586	943	1172	0	136060
15081	304	137861	819	458	0	139442
15082	144764	1621	332	402	0	147119
15083	1459	930	198	150302	0	152889
15084	1129	263	78	164222	0	165692
15085	162969	226	94	2603	0	165892
15086	1838	247	164678	1531	0	168294
15087	1527	242	1507	164127	0	167403
15088	631	220	168127	1702	0	170680
15089	371	167848	1628	1578	0	171425
15090	172909	1600	1453	602	0	176564
15091	175041	1346	297	390	0	177074
15092	176321	318	180	296	0	177115
15093	3248	246	171902	294	0	175690
15094	172481	209	1582	318	0	174590
15095	176550	175	1335	331	0	178391
15096	3190	211	260	174969	0	178630
15097	164786	193	482	1839	0	167300
15098	1808	220	175548	1496	0	179072
15099	167296	178	1614	530	0	169618
15100	2202	224	173999	347	0	176772
15101	1626	177589	1618	553	0	181386
15102	791	3412	1553	163070	0	168826
15103	486	177836	354	1502	0	180178
15104	681	1634	172914	1267	0	176496
15105	454	176256	1492	578	0	178780
15106	165157	1698	1401	415	0	168671
15107	1408	165538	333	390	0	167669
15108	1261	161813	263	401	0	163738
15109	665	2267	157780	277	0	160989
15110	451	1438	1357	154553	0	157799
15111	157306	381	1181	1407	0	160275
15112	1480	313	158029	1222	0	161044
15113	1269	158499	1357	588	0	161713
15114	525	1299	1160	157210	0	160194
15115	472	1181	159646	1473	0	162772
15116	593	368	156374	1263	0	158598
15117	459	283	2487	156100	0	159329
15118	507	287	159078	1613	0	161485
15119	512	349	1733	146975	0	149569
15120	480	154815	1426	1468	0	158189
15121	671	1424	502	152526	0	155123
15122	658	156492	393	1508	0	159051
15123	743	1454	383	156937	0	159517
15124	153994	1201	457	1552	0	157204
15125	1848	361	389	154543	0	157141
15126	1639	154689	443	1648	0	158419
15127	736	1381	341	158735	0	161193
15128	832	1258	156826	1617	0	160533
15129	701	389	1606	157155	0	159851
15130	156557	361	1484	1639	0	160041
15131	1800	428	153288	1447	0	156963
15132	1623	519	1635	150768	0	154545
15133	149697	431	1406	1705	0	153239
15134	1736	150105	566	1603	0	154010
15135	1678	1636	642	148220	0	152176
15136	151222	1529	550	1669	0	154970
15137	1946	622	599	150456	0	153623
15138	1764	687	149276	1689	0	153416
15139	143107	714	1787	1590	0	147198
15140	1778	149920	1759	820	0	154277
15141	1640	150050	863	858	0	153411
15142	152261	2617	1039	697	0	156614
15143	148916	1592	868	642	0	152018
15144	2748	975	692	145458	0	149873
15145	148583	747	818	1733	0	151881
15146	2110	804	147045	1497	0	151456
15147	144846	694	1950	972	0	148462
15148	1778	146231	1679	1128	0	150816
15149	146037	1606	1245	940	0	149828
15150	2068	1473	145547	1059	0	150147
15151	2051	1214	2056	145418	0	150739
15152	1031	773	1930	146547	0	150281
15153	1113	936	1185	136570	0	139804
15154	1014	144458	1130	2592	0	149194
15155	145656	1682	924	1642	0	149904
15156	2465	1460	1030	132836	0	137791
15157	2134	136387	1009	1795	0	141325
15158	150096	1501	1067	1846	0	154510
15159	144592	1390	1309	1153	0	148444
15160	147797	875	915	1272	0	150859
15161	147392	828	975	1241	0	150436
15162	144007	846	1083	1284	0	147220
15163	2809	952	1089	143954	0	148804
15164	1993	1023	1141	142887	0	147044
15165	141344	1082	1039	2778	0	146243
15166	1774	1261	1048	143099	0	147182
15167	1774	1392	949	141459	0	145574
15168	1105	1285	134504	2909	0	139803
15169	137085	1357	2136	2054	0	142632
15170	140878	1226	1987	1493	0	145584
15171	141678	1567	1181	1276	0	145702
15172	2845	1522	1221	128348	0	133936
15173	1913	137653	1196	2250	0	143012
15174	146606	2010	1268	2086	0	151970
15175	144032	1732	1396	1866	0	149026
15176	3314	1126	1222	151422	0	157084
15177	154579	1083	1476	2828	0	159966
15178	3306	2402	130415	2888	0	139011
15179	2413	159392	2088	1983	0	165876
15180	2287	162329	1969	2520	0	169105
15181	2816	3779	157858	2038	0	166491
15182	1140	150063	2581	2098	0	155882
15183	1296	144409	2243	2290	0	150238
15184	129289	2196	1799	1432	0	134716
15185	1486	129608	777	1464	0	133335
15186	1724	1684	764	129290	0	133462
15187	131719	1388	598	2175	0	135880
15188	1836	729	127682	1974	0	132221
15189	125757	727	1131	1537	0	129152
15190	1794	870	126287	1269	0	130220
15191	1623	612	125184	1342	0	128761
15192	121233	462	1952	1265	0	124912
15193	1533	442	127231	1286	0	130492
15194	1604	124845	1146	979	0	128574
15195	1016	1009	1474	124698	0	128197
15196	123960	1073	523	1461	0	127017
15197	1528	121804	337	1491	0	125160
15198	1490	1178	397	121843	0	124908
15199	998	1193	120792	1380	0	124363
15200	1126	487	848	121006	0	123467
15201	118015	366	1104	1470	0	120955
15202	1717	353	117049	1277	0	120396
15203	1857	423	1029	115072	0	118381
15204	116679	710	991	1212	0	119592
15205	118492	559	412	1299	0	120762
15206	2696	428	335	117842	0	121301
15207	1945	422	244	119004	0	121615
15208	1111	422	120931	2058	0	124522
15209	1114	315	119477	1318	0	122224
15210	119249	245	1837	624	0	121955
15211	124121	323	1020	545	0	126009
15212	2185	123380	358	579	0	126502
15213	123906	907	352	266	0	125431
15214	126097	892	410	548	0	127947
15215	2024	314	132696	644	0	135678
15216	1210	135833	1061	829	0	138933
15217	138637	1008	1148	497	0	141290
15218	139020	947	216	235	0	140418
15219	142111	185	140	240	0	142676
15220	2089	188	115	139414	0	141806
15221	1303	126	85	140345	0	141859
15222	378	140641	108	2103	0	143230
15223	310	1014	91	143240	0	144655
15224	141304	1020	93	1218	0	143635
15225	1264	184	68	142922	0	144438
15226	1287	145	140934	1276	0	143642
15227	432	183	138492	1164	0	140271
15228	313	96	1977	138329	0	140715
15229	344	126	142034	1229	0	143733
15230	349	134	140809	1220	0	142512
15231	286	125	2105	134604	0	137120
15232	257	153	1206	142704	0	144320
15233	320	127	143407	2136	0	145990
15234	434	138	143232	1265	0	145069
15235	249	144323	2151	486	0	147209
15236	144376	1132	1261	288	0	147057
15237	1247	148088	310	481	0	150126
15238	147528	1220	211	270	0	149229
15239	148335	1125	175	194	0	149829
15240	2199	148884	186	578	0	151847
15241	150230	1287	166	161	0	151844
15242	1458	1249	129	147799	0	150635
15243	1446	290	150096	1339	0	153171
15244	365	211	1308	148538	0	150422
15245	303	162	1261	151780	0	153506
15246	146897	135	247	2527	0	149806
15247	147345	98	219	1466	0	149128
15248	149137	101	184	373	0	149795
15249	148888	98	197	295	0	149478
15250	143786	96	181	276	0	144339
15251	2596	140142	236	365	0	143339
15252	1543	1209	154	142885	0	145791
15253	474	1264	144355	1372	0	147465
15254	303	230	1371	144688	0	146592
15255	325	153	1347	146486	0	148311
15256	271	144	281	151406	0	152102
15257	154998	132	241	2764	0	158135
15258	1830	151	182	156473	0	158636
15259	159455	113	233	2081	0	161882
15260	2234	169	162675	1806	0	166884
15261	1964	153	1971	184716	0	188804
15262	614	183	193519	2886	0	197202
15263	190172	135	2889	2506	0	195702
15264	2970	184	2465	193046	0	198665
15265	2773	211	196231	2993	0	202208
15266	610	228	2923	197480	0	201241
15267	196682	105	2669	3365	0	202821
15268	3171	183	199756	2741	0	205851
15269	199454	142	3028	786	0	203410
15270	204281	115	2681	633	0	207710
15271	204394	107	623	536	0	205660
15272	200824	133	519	594	0	202070
15273	5439	196739	532	763	0	203473
15274	2847	193386	479	578	0	197290
15275	899	194399	492	736	0	196526
15276	1322	6967	1166	171654	0	181109
15277	630	178668	545	2626	0	182469
15278	171788	2479	493	1987	0	176747
15279	2443	171692	423	750	0	175308
15280	2198	173351	334	628	0	176511
15281	821	4004	370	171073	0	176268
15282	706	2182	355	174384	0	177627
15283	171240	510	360	4219	0	176329
15284	2622	451	316	173794	0	177183
15285	2365	452	169414	2739	0	174970
15286	910	427	164777	2320	0	168434
15287	869	374	170256	742	0	172241
15288	824	368	4191	163796	0	169179
15289	847	290	2175	173796	0	177108
15290	911	399	170647	4369	0	176326
15291	921	437	170333	2474	0	174165
15292	818	493	175518	735	0	177564
15293	171432	449	4689	708	0	177278
15294	2807	550	2492	175391	0	181240
15295	2350	474	699	178128	0	181651
15296	176501	432	641	4824	0	182398
15297	2858	474	581	175577	0	179490
15298	2471	176654	579	3187	0	182891
15299	717	182000	540	2935	0	186192
15300	723	4417	462	180129	0	185731
15301	180474	2354	552	3130	0	186510
15302	180750	513	528	2799	0	184590
15303	183876	377	625	1010	0	185888
15304	4972	331	603	180101	0	186007
15305	2864	346	178005	3115	0	184330
15306	956	297	2899	178607	0	182759
15307	960	365	179000	3246	0	183571
15308	167015	306	3094	2894	0	173309
15309	3008	525	2684	172603	0	178820
15310	171522	303	992	3237	0	176054
15311	3297	281	171696	2804	0	178078
15312	161307	285	3042	1096	0	165730
15313	3560	374	177008	923	0	181865
15314	2954	168956	2906	1096	0	175912
15315	1171	167319	2424	1036	0	171950
15316	161346	4408	1135	1011	0	167900
15317	3107	2665	621	159823	0	166216
15318	2720	713	161890	2832	0	168155
15319	979	160109	2541	2594	0	166223
15320	888	164109	2360	940	0	168297
15321	1101	4384	747	161822	0	168054
15322	162882	2299	746	2806	0	168733
15323	163311	635	531	2562	0	167039
15324	4531	163013	723	1150	0	169417
15325	164627	2628	636	919	0	168810
15326	3062	2288	659	162764	0	168773
15327	2810	677	162700	2980	0	169167
15328	972	164043	2813	2866	0	170694
15329	1164	2740	2554	163440	0	169898
15330	945	2271	866	165299	0	169381
15331	163105	621	771	4625	0	169122
15332	3102	587	162271	2693	0	168653
15333	161024	538	2771	952	0	165285
15334	163141	581	2413	838	0	166973
15335	4807	641	779	160611	0	166838
15336	2933	560	638	163766	0	167897
15337	159964	628	641	4589	0	165822
15338	3180	808	673	160921	0	165582
15339	2696	790	159418	3055	0	165959
15340	1006	660	158437	2561	0	162664
15341	820	157063	4066	1198	0	163147
15342	891	164763	2307	1093	0	169054
15343	1069	4428	816	152053	0	158366
15344	860	160799	572	2719	0	164950
15345	159065	2806	588	2503	0	164962
15346	2585	163279	619	1236	0	167719
15347	2361	2733	544	161314	0	166952
15348	842	2283	510	164376	0	168011
15349	833	748	162680	4682	0	168943
15350	771	499	2699	162318	0	166287
15351	831	445	2399	164597	0	168272
15352	762	166242	914	4677	0	172595
15353	800	2613	773	166276	0	170462
15354	800	2211	679	170081	0	173771
15355	1552	620	166581	4983	0	173736
15356	729	165148	2795	3182	0	171854
15357	948	9247	2208	145105	0	157508
15358	593	157095	680	2530	0	160898
15359	796	2295	149859	2082	0	155032
15360	563	147317	2172	895	0	150947
15361	118931	2600	2533	1266	0	125330
15362	115012	1035	445	303	0	116795
15363	114792	322	196	233	0	115543
15364	1742	114369	148	285	0	116544
15365	113802	976	121	228	0	115127
15366	1084	924	147	112332	0	114487
15367	111277	229	151	1043	0	112700
15368	1020	109568	117	994	0	111699
15369	109810	974	140	340	0	111264
15370	111801	898	104	355	0	113158
15371	1777	113896	137	318	0	116128
15372	1100	1098	114296	226	0	116720
15373	300	1047	1079	119898	0	122324
15374	323	295	128074	1324	0	130016
15375	180	234	1476	130301	0	132191
15376	188	192	1254	136819	0	138453
15377	234	220	138858	2906	0	142218
15378	193	171	1673	139883	0	141920
15379	140522	150	1465	1912	0	144049
15380	1809	188	141571	1649	0	145217
15381	1510	141920	1745	474	0	145649
15382	321	1709	1469	140007	0	143506
15383	256	1508	219	143766	0	145749
15384	302	303	142464	3140	0	146209
15385	252	412	1736	136492	0	138892
15386	184	141351	1520	1879	0	144934
15387	136550	1706	324	1668	0	140248
15388	1488	140373	260	445	0	142566
15389	134667	1673	163	289	0	136792
15390	1493	136966	176	328	0	138963
15391	1335	138466	242	365	0	140408
15392	459	2814	132373	229	0	135875
15393	373	1862	1817	131865	0	135917
15394	193	336	1497	132847	0	134873
15395	195	217	223	135710	0	136345
15396	178	140559	245	3104	0	144086
15397	209	1865	198	142757	0	145029
15398	141784	1637	184	2188	0	145793
15399	1973	255	218	143562	0	146008
15400	143010	221	228	2300	0	145759
15401	2200	264	143492	1946	0	147902
15402	142084	230	2047	565	0	144926
15403	2116	305	1766	143570	0	147757
15404	1810	266	325	148776	0	151177
15405	150450	266	305	3828	0	154849
15406	2197	311	152072	2190	0	156770
15407	1809	151178	2175	751	0	155913
15408	439	2196	1897	150566	0	155098
15409	152913	1956	360	2254	0	157483
15410	153782	463	245	1976	0	156466
15411	3825	474	237	152062	0	156598
15412	2158	411	153180	2368	0	158117
15413	145080	370	2216	2062	0	149728
15414	2256	400	150743	636	0	154035
15415	2184	505	2198	146872	0	151759
15416	465	325	150105	2522	0	153417
15417	493	632	2216	147427	0	150768
15418	414	345	145634	2636	0	149029
15419	407	144538	2180	2461	0	149586
15420	824	2216	1906	124442	0	129388
15421	416	144673	506	2038	0	147633
15422	144304	2114	349	1805	0	148572
15423	144705	1775	398	657	0	147535
15424	3824	465	142090	556	0	146935
15425	2168	318	2086	140400	0	144972
15426	141908	293	1905	2335	0	146441
15427	2324	333	440	142474	0	145571
15428	2117	262	400	140675	0	143454
15429	755	357	139188	3860	0	144160
15430	132044	304	2239	2365	0	136952
15431	2444	355	141068	818	0	144685
15432	2168	329	2306	136938	0	141741
15433	834	276	140617	2517	0	144244
15434	137742	285	2480	2304	0	142811
15435	139629	230	2195	909	0	142963
15436	138897	378	817	743	0	140835
15437	4012	356	723	135721	0	140812
15438	2245	390	135857	2479	0	140971
15439	826	461	136376	2309	0	139972
15440	706	937	3866	125434	0	130943
15441	620	133141	2377	2421	0	138559
15442	128561	2067	820	2250	0	133698
15443	2474	1977	582	129441	0	134474
15444	2251	523	130064	2550	0	135388
15445	1010	518	2216	131477	0	135221
15446	1050	417	134730	2543	0	138740
15447	999	655	2436	134237	0	138327
15448	936	358	137974	2755	0	142023
15449	994	360	135925	2510	0	139789
15450	846	131638	3965	1376	0	137825
15451	948	1926	133986	1099	0	137959
15452	1046	1881	132011	1029	0	135967
15453	1099	908	4022	108683	0	114712
15454	1003	477	2237	112959	0	116676
15455	860	125396	931	3456	0	130643
15456	124245	1808	897	2028	0	128978
15457	2444	125514	894	1002	0	129854
15458	2340	1941	903	122289	0	127473
15459	123892	1678	948	2332	0	128850
15460	2512	355	796	124045	0	127708
15461	124445	328	1050	2588	0	128411
15462	2465	318	931	126177	0	129891
15463	2186	388	125242	2672	0	130488
15464	859	452	2469	126291	0	130071
15465	864	457	2187	125490	0	128998
15466	125644	378	1141	3822	0	130985
15467	125435	336	1219	2502	0	129492
15468	123100	314	1336	1192	0	125942
15469	3603	121326	1268	1237	0	127434
15470	2019	120390	1139	1175	0	124723
15471	117666	2933	1403	1022	0	123024
15472	2191	1752	119886	1034	0	124863
15473	2033	673	114673	981	0	118360
15474	1438	3776	3619	100780	0	109613
15475	830	414	106089	1767	0	109100
15476	796	271	100319	1549	0	102935
15477	93941	608	2922	994	0	98465
15478	92153	305	1653	772	0	94883
15479	2308	96462	703	816	0	100289
15480	1401	97352	709	876	0	100338
15481	952	2186	791	73862	0	77791
15482	645	96511	784	1380	0	99320
15483	96721	1136	787	1326	0	99970
15484	1583	1132	652	86522	0	89889
15485	1410	95476	671	1499	0	99056
15486	97402	1152	660	1343	0	100557
15487	1645	1105	98167	701	0	101618
15488	1514	348	96771	702	0	99335
15489	94290	296	2416	803	0	97805
15490	1614	314	94409	767	0	97104
15491	92843	182	1627	677	0	95329
15492	1564	519	1492	94844	0	98419
15493	1349	449	95325	1425	0	98548
15494	614	93897	1547	1424	0	97482
15495	636	95123	1519	674	0	97952
15496	85505	1374	1059	492	0	88430
15497	941	87246	738	567	0	89492
15498	82698	664	685	446	0	84493
15499	81985	577	655	404	0	83621
15500	1236	81729	588	319	0	83872
15501	843	790	499	80473	0	82605
15502	381	628	82253	735	0	83997
15503	230	85163	958	701	0	87052
15504	381	2669	893	83688	0	87631
15505	310	928	402	86636	0	88276
15506	84451	99	161	1341	0	86052
15507	785	77	116	84832	0	85810
15508	710	116	84115	902	0	85843
15509	120	83853	846	832	0	85651
15510	145	915	788	84167	0	86015
15511	84452	668	289	873	0	86282
15512	85930	130	167	788	0	87015
15513	1467	131	207	86015	0	87820
15514	87855	91	232	923	0	89101
15515	1109	176	88408	815	0	90508
15516	917	93	1113	87802	0	89925
15517	222	154	90869	1101	0	92346
15518	167	120	1124	95721	0	97132
15519	176	135	978	96231	0	97520
15520	147	172	186	97863	0	98368
15521	214	126	120	97603	0	98063
15522	163	162	90	98255	0	98670
15523	95936	114	100	2446	0	98596
15524	96843	94	79	1324	0	98340
15525	2247	96859	121	472	0	99699
15526	98392	1219	104	357	0	100072
15527	1455	1030	108	98056	0	100649
15528	1207	162	154	99724	0	101247
15529	325	146	116	100239	0	100826
15530	375	134	99877	2485	0	102871
15531	369	102	1289	95248	0	97008
15532	280	99042	1105	1505	0	101932
15533	98820	1286	204	1181	0	101491
15534	98621	1119	177	326	0	100243
15535	2465	281	97756	263	0	100765
15536	1292	97879	1376	403	0	100950
15537	322	1345	1205	97351	0	100223
15538	318	1119	98830	1465	0	101732
15539	238	227	1402	92478	0	94345
15540	216	96768	1248	1541	0	99773
15541	94086	1320	358	1224	0	96988
15542	1403	96321	248	601	0	98573
15543	1293	1388	95775	311	0	98767
15544	521	1229	95967	287	0	98004
15545	283	94286	2197	329	0	97095
15546	227	92231	1164	331	0	93953
15547	88941	2136	523	284	0	91884
15548	89095	1069	169	292	0	90625
15549	2159	223	132	88503	0	91017
15550	1178	177	88682	1406	0	91443
15551	290	160	1217	88291	0	89958
15552	250	169	981	89060	0	90460
15553	87741	137	191	2316	0	90385
15554	87152	129	193	1311	0	88785
15555	2257	169	179	90075	0	92680
15556	1269	200	90626	1518	0	93613
15557	319	90989	1316	1346	0	93970
15558	90543	1344	1110	417	0	93414
15559	1415	93795	258	509	0	95977
15560	1235	1473	213	93772	0	96693
15561	341	1238	175	97258	0	99012
15562	258	278	229	97644	0	98409
15563	232	230	230	96632	0	97324
15564	93651	256	202	2796	0	96905
15565	1577	243	158	94060	0	96038
15566	1402	92541	154	1810	0	95907
15567	413	1440	193	93740	0	95786
15568	90544	1231	170	1841	0	93786
15569	1460	91276	219	1629	0	94584
15570	1350	1448	215	91323	0	94336
15571	414	1261	89736	1810	0	93221
15572	87131	283	1469	1564	0	90447
15573	1679	385	1211	88775	0	92050
15574	1428	263	87514	1749	0	90954
15575	504	251	86367	1495	0	88617
15576	645	919	2564	84514	0	88642
15577	84301	335	1717	1716	0	88069
15578	84892	265	337	1482	0	86976
15579	2489	86384	235	639	0	89747
15580	86450	1359	209	612	0	88630
15581	86344	1221	211	630	0	88406
15582	87072	247	261	608	0	88188
15583	86561	195	241	639	0	87636
15584	2629	252	210	84380	0	87471
15585	1531	262	194	85353	0	87340
15586	617	284	82833	2733	0	86467
15587	463	80311	1357	1657	0	83788
15588	409	82479	1163	694	0	84745
15589	508	2332	80507	632	0	83979
15590	78050	1298	1493	538	0	81379
15591	1547	351	1188	79834	0	82920
15592	80906	276	322	1600	0	83104
15593	80238	254	241	1448	0	82181
15594	2450	293	79069	588	0	82400
15595	1405	255	1336	78220	0	81216
15596	79287	202	1140	1607	0	82236
15597	1549	244	301	79610	0	81704
15598	1444	312	79130	1630	0	82516
15599	551	2808	1391	73840	0	78590
15600	477	80118	1166	1449	0	83210
15601	439	81571	312	1265	0	83587
15602	704	2122	77544	482	0	80852
15603	370	75333	1227	442	0	77372
15604	69001	1561	1405	836	0	72803
15605	67731	828	380	431	0	69370
15606	1591	191	222	67083	0	69087
15607	866	167	235	67803	0	69071
15608	352	161	183	68814	0	69510
15609	67316	158	136	1665	0	69275
15610	1104	67446	123	935	0	69608
15611	67084	879	107	305	0	68375
15612	65725	676	138	251	0	66790
15613	1532	65772	155	299	0	67758
15614	63591	657	126	251	0	64625
15615	852	64280	103	262	0	65497
15616	64383	667	196	330	0	65576
15617	865	536	63248	343	0	64992
15618	55524	443	989	242	0	57198
15619	531	57887	441	182	0	59041
15620	770	590	425	57101	0	58886
15621	156	379	84	58901	0	59520
15622	163	88	71	60220	0	60542
15623	60405	47	57	991	0	61500
15624	650	115	55	61353	0	62173
15625	543	81	60210	664	0	61498
15626	58393	94	543	545	0	59575
15627	618	117	60193	217	0	61145
15628	533	255	550	59046	0	60384
15629	294	132	60836	608	0	61870
15630	143	291	540	58349	0	59323
15631	120	59932	447	599	0	61098
15632	155	507	118	59075	0	59855
15633	124	59742	94	585	0	60545
15634	156	502	95	59957	0	60710
15635	59727	423	85	592	0	60827
15636	577	114	79	61919	0	62689
15637	62120	63	70	613	0	62866
15638	656	102	60119	478	0	61355
15639	60452	89	460	217	0	61218
15640	61588	76	416	152	0	62232
15641	61683	89	105	130	0	62007
15642	1004	91	72	61637	0	62804
15643	61231	79	92	541	0	61943
15644	687	106	59822	440	0	61055
15645	59717	84	499	209	0	60509
15646	663	97	60385	128	0	61273
15647	59854	95	497	139	0	60585
15648	633	84	418	61114	0	62249
15649	574	112	62724	553	0	63963
15650	245	77	505	62695	0	63522
15651	174	99	443	63727	0	64443
15652	222	106	63164	995	0	64487
15653	58166	58	532	612	0	59368
15654	549	64434	464	290	0	65737
15655	63146	398	156	203	0	63903
15656	499	62786	115	196	0	63596
15657	61549	403	185	158	0	62295
15658	552	317	60720	98	0	61687
15659	55345	485	773	250	0	56853
15660	392	57748	301	140	0	58581
15661	397	242	258	56572	0	57469
15662	92	168	50	57826	0	58136
15663	62	41	27	58497	0	58627
15664	105	40	58735	445	0	59325
15665	56	29	262	58177	0	58524
15666	93	51	61263	315	0	61722
15667	62391	30	304	280	0	63005
15668	66064	18	276	153	0	66511
15669	704	19	60	67636	0	68419
15670	425	44	68871	435	0	69775
15671	66220	20	452	434	0	67126
15672	602	47	82117	111	0	82877
15673	484	35	694	82105	0	83318
15674	107	41	610	85019	0	85777
15675	57	35	85	87690	0	87867
15676	76	30	53	88638	0	88797
15677	85706	38	78	1481	0	87303
15678	764	87353	55	1003	0	89175
15679	837	726	85401	144	0	87108
15680	121	86439	751	185	0	87496
15681	85950	766	737	98	0	87551
15682	835	766	94	85911	0	87606
15683	87220	78	80	871	0	88249
15684	859	48	58	87684	0	88649
15685	789	52	74	87441	0	88356
15686	121	42	55	88337	0	88555
15687	132	56	86714	1588	0	88490
15688	88	85958	788	1001	0	87835
15689	213	732	88023	193	0	89161
15690	136	713	828	87291	0	88968
15691	88784	88	782	948	0	90602
15692	89106	50	132	919	0	90207
15693	89511	67	101	240	0	89919
15694	1531	89229	111	255	0	91126
15695	91452	759	71	267	0	92549
15696	895	752	85	91118	0	92850
15697	814	120	98	92061	0	93093
15698	206	95	97	91814	0	92212
15699	196	92262	108	1659	0	94225
15700	228	809	102	87230	0	88369
15701	160	91575	145	935	0	92815
15702	90951	824	133	931	0	92839
15703	91158	773	120	332	0	92383
15704	1612	131	92	91646	0	93481
15705	960	124	90754	989	0	92827
15706	88919	112	815	996	0	90842
15707	912	124	797	92286	0	94119
15708	928	135	91898	1024	0	93985
15709	87601	112	970	1049	0	89732
15710	958	135	806	92574	0	94473
15711	92613	96	173	1057	0	93939
15712	939	92132	131	1062	0	94264
15713	953	983	101	90638	0	92675
15714	292	93933	128	1103	0	95456
15715	322	1320	125	93782	0	95549
15716	236	94491	153	1042	0	95922
15717	293	1080	154	94845	0	96372
15718	319	796	93426	991	0	95532
15719	77347	248	867	1175	0	79637
15720	883	92191	796	520	0	94390
15721	1005	765	90586	275	0	92631
15722	88148	747	782	356	0	90033
15723	894	261	750	91277	0	93182
15724	969	162	91083	899	0	93113
15725	268	91580	777	1084	0	93709
15726	246	729	783	92541	0	94299
15727	354	760	93390	904	0	95408
15728	249	225	732	93602	0	94808
15729	246	155	698	94839	0	95938
15730	319	184	96000	1532	0	98035
15731	273	187	773	96516	0	97749
15732	319	218	98757	1017	0	100311
15733	272	217	813	98533	0	99835
15734	335	229	102290	1076	0	103930
15735	265	202	829	102373	0	103669
15736	289	199	800	101909	0	103197
15737	301	192	230	100772	0	101495
15738	285	100098	186	2044	0	102613
15739	100734	838	223	1069	0	102864
15740	101131	794	289	460	0	102674
15741	1590	235	228	102235	0	104288
15742	102802	174	280	1190	0	104446
15743	997	250	102464	1085	0	104796
15744	925	103323	839	590	0	105677
15745	103790	793	860	559	0	106002
15746	863	105524	267	570	0	107224
15747	937	875	213	105338	0	107363
15748	275	884	220	106409	0	107788
15749	103358	261	280	1691	0	105590
15750	933	239	199	104041	0	105412
15751	1051	215	103416	1136	0	105818
15752	310	103017	847	1190	0	105364
15753	103625	832	849	487	0	105793
15754	909	853	201	102239	0	104202
15755	893	104462	239	1198	0	106792
15756	339	902	252	102233	0	103726
15757	254	106012	277	1100	0	107643
15758	105574	881	238	1072	0	107765
15759	105055	826	290	493	0	106664
15760	1686	229	104412	472	0	106799
15761	1080	224	104017	381	0	105702
15762	393	218	1467	102546	0	104624
15763	307	105119	887	1141	0	107454
15764	347	833	207	106346	0	107733
15765	105158	805	249	1159	0	107371
15766	870	232	103249	1038	0	105389
15767	855	560	715	98247	0	100377
15768	311	144	99556	793	0	100804
15769	291	179	96281	801	0	97552
15770	201	99190	1148	388	0	100927
15771	1452	2407	1098	93187	0	98144
15772	84993	470	406	653	0	86522
15773	398	93	84678	317	0	85486
15774	250	83230	281	204	0	83965
15775	81946	184	233	103	0	82466
15776	213	190	49	81828	0	82280
15777	84028	50	37	357	0	84472
15778	84204	32	50	339	0	84625
15779	84744	44	53	207	0	85048
15780	404	68	88118	55	0	88645
15781	84777	29	215	143	0	85164
15782	88813	33	197	120	0	89163
15783	351	90871	66	158	0	91446
15784	222	306	34	91554	0	92116
15785	54	197	35	91689	0	91975
15786	60	42	43	92294	0	92439
15787	91441	33	42	442	0	91958
15788	89085	47	40	265	0	89437
15789	467	73	90495	82	0	91117
15790	255	62	220	89597	0	90134
15791	60	90193	228	363	0	90844
15792	91007	220	44	269	0	91540
15793	323	281	91049	79	0	91732
15794	251	61	251	89654	0	90217
15795	76	57	217	90219	0	90569
15796	57	90683	75	535	0	91350
15797	69	254	43	91551	0	91917
15798	71	251	37	90802	0	91161
15799	61	55	51	91560	0	91727
15800	90769	41	45	541	0	91396
15801	290	49	34	89929	0	90302
15802	257	59	41	89914	0	90271
15803	90867	43	27	665	0	91602
15804	326	43	40	90862	0	91271
15805	475	99230	50	397	0	100152
15806	103575	536	47	373	0	104531
15807	106880	537	48	226	0	107691
15808	110499	81	62	138	0	110780
15809	119417	55	52	147	0	119671
15810	1795	127959	62	269	0	130085
15811	144033	1240	59	128	0	145460
15812	145492	1149	42	322	0	147005
15813	3114	166	56	144821	0	148157
15814	1756	142	143419	1728	0	147045
15815	341	90	1629	143878	0	145938
15816	222	84	1495	144228	0	146029
15817	210	58	166	144174	0	144608
15818	165	65	402	144015	0	144647
15819	148	75	159	145157	0	145539
15820	140021	42	74	3376	0	143513
15821	1785	62	59	142124	0	144030
15822	1659	126	142418	2025	0	146228
15823	315	100	1676	140561	0	142652
15824	192	140813	1529	2128	0	144662
15825	202	2055	196	142251	0	144704
15826	258	1524	141439	1971	0	145192
15827	128235	201	1809	1868	0	132113
15828	135807	116	1603	438	0	137964
15829	3360	146	141607	317	0	145430
15830	1724	140662	1723	397	0	144506
15831	142828	1714	1655	329	0	146526
15832	143223	1544	241	299	0	145307
15833	144790	253	151	259	0	145453
15834	142086	128	114	238	0	142566
15835	3739	137	119	138029	0	142024
15836	2231	236	139636	1907	0	144010
15837	710	224	1763	141438	0	144135
15838	657	155	1622	143948	0	146382
15839	670	221	142454	3619	0	146964
15840	618	281	141696	2115	0	144710
15841	138271	228	3471	700	0	142670
15842	2282	141421	1917	936	0	146556
15843	2175	1852	427	142409	0	146863
15844	774	1694	140229	2619	0	145316
15845	134075	239	2183	2611	0	139108
15846	2323	213	141341	1196	0	145073
15847	136908	168	2173	1275	0	140524
15848	2250	139954	1969	1443	0	145616
15849	2128	1892	460	140975	0	145455
15850	832	1813	139965	2794	0	145404
15851	133905	374	2128	2560	0	138967
15852	2358	138667	2087	1194	0	144306
15853	2128	143806	700	1009	0	147643
15854	898	3560	581	142303	0	147342
15855	728	2182	513	147161	0	150584
15856	150535	615	545	4167	0	155862
15857	2929	150028	547	2825	0	156329
15858	3016	2337	520	152591	0	158464
15859	152785	2145	563	2904	0	158397
15860	156884	486	584	2719	0	160673
15861	162808	453	515	1079	0	164855
15862	5634	463	163371	1034	0	170502
15863	3611	340	167183	1000	0	172134
15864	171014	322	4897	1140	0	177373
15865	3745	173968	2977	1307	0	181997
15866	3389	177096	1022	1481	0	182988
15867	1349	5503	911	167684	0	175447
15868	925	176310	902	3840	0	181977
15869	175172	3305	915	3574	0	182966
15870	3614	2959	965	174267	0	181805
15871	3589	772	174227	3650	0	182238
15872	173181	572	3490	3468	0	180711
15873	176734	596	3326	1242	0	181898
15874	6509	639	1026	174074	0	182248
15875	3898	531	968	176498	0	181895
15876	1544	510	1003	179343	0	182400
15877	1479	526	841	178186	0	181032
15878	1484	781	168995	6529	0	177789
15879	1305	167758	3361	4090	0	176514
15880	1340	3423	3168	153674	0	161605
15881	1159	168707	1055	3922	0	174843
15882	1327	3717	869	152433	0	158346
15883	1063	165877	812	3828	0	171580
15884	162790	3698	847	3673	0	171008
15885	164588	3253	763	1565	0	170169
15886	6388	162907	898	1545	0	171738
15887	166036	3412	893	1249	0	171590
15888	4602	3302	821	163002	0	171727
15889	163834	1148	877	3722	0	169581
15890	4608	161115	933	3759	0	170415
15891	164088	3492	954	1146	0	169680
15892	164338	3334	1045	943	0	169660
15893	6836	1073	1045	159258	0	168212
15894	4217	1132	159466	3676	0	168491
15895	1717	158420	3615	3677	0	167429
15896	1612	3725	3312	158870	0	167519
15897	158723	3672	1134	3938	0	167467
15898	4112	1477	157938	3721	0	167248
15899	3915	1130	3312	155627	0	163984
15900	1730	1063	3192	158493	0	164478
15901	158368	801	1062	6428	0	166659
15902	160182	878	939	4157	0	166156
15903	159637	768	943	1907	0	163255
15904	6619	153831	957	1928	0	163335
15905	147803	3039	907	1683	0	153432
15906	3921	2772	139563	1706	0	147962
15907	3359	885	137024	1600	0	142868
15908	1580	886	136476	1383	0	140325
15909	2194	6816	5777	114134	0	128921
15910	1029	741	113865	2398	0	118033
15911	96620	672	1752	1698	0	100742
15912	1800	446	1389	97368	0	101003
15913	1776	505	98811	1755	0	102847
15914	98809	427	1487	1781	0	102504
15915	1920	435	1374	99610	0	103339
15916	1864	464	344	101977	0	104649
15917	101863	384	353	2931	0	105531
15918	1922	485	279	104846	0	107532
15919	1973	463	104132	1885	0	108453
15920	805	466	1538	105745	0	108554
15921	887	425	106716	1874	0	109902
15922	740	439	1681	105107	0	107967
15923	102600	292	1560	2039	0	106491
15924	1893	101151	548	1969	0	105561
15925	1935	103658	380	787	0	106760
15926	922	2749	406	101449	0	105526
15927	779	1771	394	100729	0	103673
15928	692	99872	411	3066	0	104041
15929	692	99082	431	1960	0	102165
15930	723	2708	495	96401	0	100327
15931	728	1683	490	96942	0	99843
15932	93965	386	469	3037	0	97857
15933	1793	93755	538	2038	0	98124
15934	1764	94057	456	802	0	97079
15935	709	96827	460	705	0	98701
15936	91694	2698	628	676	0	95696
15937	1886	1493	91369	612	0	95360
15938	90277	423	1772	694	0	93166
15939	1811	452	1593	88924	0	92780
15940	1706	87274	584	1796	0	91360
15941	675	91294	442	1857	0	94268
15942	89948	2507	475	755	0	93685
15943	1754	1544	471	85694	0	89463
15944	1637	92662	481	1828	0	96608
15945	93990	1486	552	1863	0	97891
15946	94846	1418	437	815	0	97516
15947	2941	458	93840	703	0	97942
15948	94416	458	1574	652	0	97100
15949	94817	432	1535	649	0	97433
15950	2988	393	399	90703	0	94483
15951	1707	91681	429	2018	0	95835
15952	630	93173	296	1967	0	96066
15953	737	3370	330	89170	0	93607
15954	86453	1585	518	1881	0	90437
15955	1791	528	85523	1593	0	89435
15956	1834	357	79621	528	0	82340
15957	1392	398	78651	459	0	80900
15958	1376	373	78244	397	0	80390
15959	387	76873	2142	503	0	79905
15960	541	75262	1547	543	0	77893
15961	1297	2010	69160	483	0	72950
15962	748	1230	66689	572	0	69239
15963	231	61109	1445	384	0	63169
15964	459	599	818	53441	0	55317
15965	99	404	56316	404	0	57223
15966	49	89	428	54998	0	55564
15967	52	53	394	57544	0	58043
15968	49	30	70	58779	0	58928
15969	50	46	46	60805	0	60947
15970	90	74	59904	972	0	61040
15971	57	37	528	58880	0	59502
15972	59468	33	513	628	0	60642
15973	564	57	59102	530	0	60253
15974	59759	42	556	162	0	60519
15975	605	38	508	60933	0	62084
15976	557	57	62173	582	0	63369
15977	61670	72	586	555	0	62883
15978	595	67	564	62802	0	64028
15979	63885	48	113	660	0	64706
15980	655	64	78	62361	0	63158
15981	575	62711	86	699	0	64071
15982	156	591	64726	601	0	66074
15983	76	586	616	64441	0	65719
15984	65255	124	588	692	0	66659
15985	65772	84	111	626	0	66593
15986	66197	87	95	176	0	66555
15987	66080	71	99	149	0	66399
15988	65071	78	105	139	0	65393
15989	1094	64866	104	206	0	66270
15990	65837	614	94	140	0	66685
15991	686	603	64911	126	0	66326
15992	64975	127	597	153	0	65852
15993	714	127	721	55286	0	56848
15994	658	119	64839	458	0	66074
15995	190	126	64948	528	0	65792
15996	130	101	1123	64284	0	65638
15997	65070	101	634	675	0	66480
15998	655	64826	139	675	0	66295
15999	64922	631	127	184	0	65864
16000	716	65834	108	214	0	66872
16001	689	667	116	66306	0	67778
16002	218	635	113	67386	0	68352
16003	66983	129	123	1193	0	68428
16004	737	118	115	67720	0	68690
16005	748	95	67501	749	0	69093
16006	66739	86	666	689	0	68180
16007	735	104	609	68297	0	69745
16008	730	97	154	68322	0	69303
16009	246	113	67936	1243	0	69538
16010	64694	114	699	714	0	66221
16011	67607	86	669	200	0	68562
16012	1250	67534	181	228	0	69193
16013	730	620	66176	116	0	67642
16014	272	564	65341	148	0	66325
16015	297	669	1167	63633	0	65766
16016	247	490	713	62503	0	63953
16017	148	63442	209	1069	0	64868
16018	202	541	61779	538	0	63060
16019	185	534	570	60002	0	61291
16020	169	95	61870	618	0	62752
16021	135	172	603	59027	0	59937
16022	121	60661	577	629	0	61988
16023	159	533	185	61752	0	62629
16024	157	465	158	61816	0	62596
16025	139	101	127	62103	0	62470
16026	61024	73	139	1033	0	62269
16027	622	84	61249	612	0	62567
16028	556	62755	579	262	0	64152
16029	155	604	546	65117	0	66422
16030	66566	557	130	768	0	68021
16031	730	90	130	68240	0	69190
16032	68851	74	158	849	0	69932
16033	868	62	69819	776	0	71525
16034	69657	69	747	257	0	70730
16035	893	60	778	71602	0	73333
16036	907	99	71921	864	0	73791
16037	240	71645	795	924	0	73604
16038	278	796	807	70944	0	72825
16039	248	802	181	71790	0	73021
16040	70274	123	144	1492	0	72033
16041	833	69991	177	885	0	71886
16042	814	69086	172	267	0	70339
16043	208	70561	154	271	0	71194
16044	65599	1324	317	223	0	67463
16045	722	66352	150	263	0	67487
16046	853	769	193	64380	0	66195
16047	349	673	159	64805	0	65986
16048	63881	123	109	1283	0	65396
16049	685	63387	102	1096	0	65270
16050	709	667	105	64040	0	65521
16051	64761	661	95	800	0	66317
16052	64606	100	99	764	0	65569
16053	64752	88	99	215	0	65154
16054	1278	64022	109	206	0	65615
16055	63039	601	99	188	0	63927
16056	709	791	108	61334	0	62942
16057	638	60994	115	666	0	62413
16058	177	61706	90	704	0	62677
16059	476	1224	194	60374	0	62268
16060	59831	587	137	649	0	61204
16061	60306	113	103	660	0	61182
16062	1080	172	85	58273	0	59610
16063	622	58547	84	647	0	59900
16064	58546	548	107	614	0	59815
16065	637	568	57093	158	0	58456
16066	621	148	56032	151	0	56952
16067	54137	144	990	170	0	55441
16068	600	158	54722	174	0	55654
16069	485	154	475	51152	0	52266
16070	51757	49	500	450	0	52756
16071	435	93	95	52781	0	53404
16072	479	81	52527	452	0	53539
16073	110	52842	401	515	0	53868
16074	119	517	453	52766	0	53855
16075	137	401	52417	460	0	53415
16076	49218	170	446	471	0	50305
16077	425	108	397	51490	0	52420
16078	467	98	51433	415	0	52413
16079	114	72	391	50748	0	51325
16080	76	51199	406	472	0	52153
16081	93	429	74	52730	0	53326
16082	89	410	52	51994	0	52545
16083	96	82	46	51513	0	51737
16084	84	51254	58	801	0	52197
16085	51933	384	51	530	0	52898
16086	426	414	50	52534	0	53424
16087	443	87	50	52897	0	53477
16088	120	76	60	53637	0	53893
16089	124	94	52978	837	0	54033
16090	109	82	365	53328	0	53884
16091	53637	84	394	527	0	54642
16092	431	54435	78	553	0	55497
16093	466	442	39	55246	0	56193
16094	127	470	45	55609	0	56251
16095	55067	124	46	866	0	56103
16096	451	55680	52	580	0	56763
16097	56672	465	41	172	0	57350
16098	57049	464	52	162	0	57727
16099	922	107	36	56481	0	57546
16100	56947	91	42	541	0	57621
16101	551	55278	61	567	0	56457
16102	55972	473	60	165	0	56670
16103	582	486	56	56242	0	57366
16104	59386	117	49	590	0	60142
16105	59908	89	54	550	0	60601
16106	1106	109	59220	154	0	60589
16107	60468	92	486	146	0	61192
16108	61603	80	492	160	0	62335
16109	63489	67	78	138	0	63772
16110	1331	124	65345	131	0	66931
16111	745	66130	770	236	0	67881
16112	222	905	694	66152	0	67973
16113	66189	718	145	879	0	67931
16114	843	65250	93	819	0	67005
16115	65590	818	60	194	0	66662
16116	953	696	49	65954	0	67652
16117	810	147	66183	885	0	68025
16118	66978	59	816	788	0	68641
16119	936	95	714	69003	0	70748
16120	850	68	69111	884	0	70913
16121	68827	74	884	845	0	70630
16122	1047	78	71859	195	0	73179
16123	870	121	936	72297	0	74224
16124	235	87	820	75736	0	76878
16125	75622	68	135	1846	0	77671
16126	75646	72	98	1066	0	76882
16127	1845	75857	92	310	0	78104
16128	76016	935	232	280	0	77463
16129	1216	754	73033	112	0	75115
16130	923	140	73122	101	0	74286
16131	70479	290	1751	132	0	72652
16132	979	72232	857	138	0	74206
16133	70174	778	330	114	0	71396
16134	901	70400	113	135	0	71549
16135	69762	839	108	92	0	70801
16136	954	620	73	68421	0	70068
16137	784	145	70185	815	0	71929
16138	225	75	803	70570	0	71673
16139	180	38	628	72246	0	73092
16140	71539	51	156	1439	0	73185
16141	949	80	71356	722	0	73107
16142	70217	56	834	198	0	71305
16143	952	70994	665	172	0	72783
16144	71852	823	145	134	0	72954
16145	992	646	126	70852	0	72616
16146	829	187	71094	879	0	72989
16147	256	112	859	71359	0	72586
16148	71816	91	672	1010	0	73589
16149	949	101	185	72714	0	73949
16150	791	92	145	71647	0	72675
16151	295	70763	135	1511	0	72704
16152	246	807	139	72069	0	73261
16153	306	652	71451	990	0	73399
16154	250	148	899	71569	0	72866
16155	255	100	703	72328	0	73386
16156	71340	86	213	1555	0	73194
16157	1010	102	184	71873	0	73169
16158	881	113	71324	1055	0	73373
16159	315	71783	893	897	0	73888
16160	328	834	714	71866	0	73742
16161	338	689	215	72575	0	73817
16162	72498	209	180	1498	0	74385
16163	1049	71651	183	909	0	73792
16164	860	899	181	72513	0	74453
16165	71688	680	182	1012	0	73562
16166	72730	214	182	820	0	73946
16167	1669	160	179	72868	0	74876
16168	951	154	73490	1085	0	75680
16169	72785	139	965	889	0	74778
16170	1155	332	780	75714	0	77981
16171	77046	123	261	1258	0	78688
16172	76752	132	237	956	0	78077
16173	1771	75225	205	446	0	77647
16174	74964	906	214	362	0	76446
16175	1207	75855	210	365	0	77637
16176	972	983	242	75308	0	77505
16177	455	782	217	74336	0	75790
16178	367	75177	236	1656	0	77436
16179	75782	950	205	947	0	77884
16180	74999	790	210	449	0	76448
16181	1769	218	73677	395	0	76059
16182	1012	223	73299	365	0	74899
16183	487	237	1541	73164	0	75429
16184	74027	180	829	1242	0	76278
16185	1137	148	286	74415	0	75986
16186	922	169	220	75169	0	76480
16187	466	144	75860	1779	0	78249
16188	414	176	75702	1023	0	77315
16189	368	171	76696	478	0	77713
16190	72800	244	1763	482	0	75289
16191	74480	202	993	417	0	76092
16192	1693	73397	294	406	0	75790
16193	942	74609	246	439	0	76236
16194	509	1606	237	74267	0	76619
16195	427	836	74463	1104	0	76830
16196	72034	301	956	1010	0	74301
16197	1134	205	76735	471	0	78545
16198	924	265	1010	75247	0	77446
16199	401	149	748	77150	0	78448
16200	356	172	225	77916	0	78669
16201	414	139	196	78809	0	79558
16202	77701	148	191	1829	0	79869
16203	1237	308	230	77823	0	79598
16204	923	141	75966	1181	0	78211
16205	70813	105	973	998	0	72889
16206	1106	124	76089	432	0	77751
16207	914	146	75578	364	0	77002
16208	375	75157	1516	374	0	77422
16209	977	1020	1085	69934	0	73016
16210	69600	527	478	676	0	71281
16211	635	190	128	69791	0	70744
16212	636	119	69862	658	0	71275
16213	220	95	534	70185	0	71034
16214	69491	53	561	685	0	70790
16215	581	70197	137	757	0	71672
16216	69285	485	137	273	0	70180
16217	581	69208	104	257	0	70150
16218	68278	522	252	299	0	69351
16219	554	68727	93	198	0	69572
16220	488	68301	107	224	0	69120
16221	379	793	66244	98	0	67514
16222	219	65595	549	195	0	66558
16223	61867	423	625	170	0	63085
16224	400	392	61	60944	0	61797
16225	61460	41	46	304	0	61851
16226	291	62615	44	353	0	63303
16227	62267	293	50	80	0	62690
16228	393	346	62851	59	0	63649
16229	376	60	319	61977	0	62732
16230	74	63615	370	373	0	64432
16231	81	347	64	65216	0	65708
16232	68	371	47	65311	0	65797
16233	71148	52	51	794	0	72045
16234	614	72418	49	530	0	73611
16235	73883	619	75	136	0	74713
16236	805	689	75071	104	0	76669
16237	783	118	73363	85	0	74349
16238	129	73592	1353	170	0	75244
16239	117	712	818	73571	0	75218
16240	177	686	74561	692	0	76116
16241	96	117	738	72254	0	73205
16242	113	91	762	76067	0	77033
16243	129	83	75592	1453	0	77257
16244	160	74	74880	821	0	75935
16245	141	92	77748	156	0	78137
16246	169	88	77569	116	0	77942
16247	76	78494	1484	302	0	80356
16248	137	725	877	78852	0	80591
16249	98	816	169	80071	0	81154
16250	136	162	79688	1506	0	81492
16251	103	92	782	79004	0	79981
16252	162	115	83061	891	0	84229
16253	102	82	847	82394	0	83425
16254	99	101	864	81521	0	82585
16255	82	82822	197	1629	0	84730
16256	110	818	120	83610	0	84658
16257	264	873	117	83241	0	84495
16258	130	170	104	83732	0	84136
16259	177	137	81849	1670	0	83833
16260	113	81718	809	1124	0	83764
16261	81619	809	847	273	0	83548
16262	81786	850	182	188	0	83006
16263	1551	194	153	81030	0	82928
16264	932	232	127	79828	0	81119
16265	209	82337	138	1566	0	84250
16266	81980	798	142	962	0	83882
16267	793	83562	134	311	0	84800
16268	82028	841	162	251	0	83282
16269	874	858	80895	174	0	82801
16270	76737	214	858	198	0	78007
16271	801	80307	874	225	0	82207
16272	861	757	245	80416	0	82279
16273	194	841	147	79884	0	81066
16274	129	81158	161	1544	0	82992
16275	81065	771	172	958	0	82966
16276	783	843	154	82296	0	84076
16277	835	176	163	83749	0	84923
16278	84067	139	163	1708	0	86077
16279	85139	119	177	1035	0	86470
16280	1689	163	85691	289	0	87832
16281	86377	112	893	281	0	87663
16282	940	122	970	87284	0	89316
16283	1018	144	87608	988	0	89758
16284	213	151	901	86922	0	88187
16285	192	144	87815	1056	0	89207
16286	199	167	87439	1053	0	88858
16287	158	234	1703	86072	0	88167
16288	181	154	88073	1050	0	89458
16289	127	88337	1028	1271	0	90763
16290	137	904	1009	88636	0	90686
16291	161	968	275	90863	0	92267
16292	236	234	90551	1831	0	92852
16293	150	90699	999	1405	0	93253
16294	90584	936	1058	416	0	92994
16295	980	992	271	92190	0	94433
16296	93034	242	230	1147	0	94653
16297	1038	91341	253	1281	0	93913
16298	1183	1018	92390	389	0	94980
16299	284	1239	1064	91363	0	93950
16300	91322	265	1190	1170	0	93947
16301	1060	226	92046	1236	0	94568
16302	87819	199	1130	455	0	89603
16303	1049	90620	1181	454	0	93304
16304	991	90575	354	392	0	92312
16305	89330	1649	516	341	0	91836
16306	1030	1059	419	88587	0	91095
16307	1006	320	315	87835	0	89476
16308	210	89287	249	1939	0	91685
16309	188	917	266	90768	0	92139
16310	154	946	319	90629	0	92048
16311	89261	200	227	1950	0	91638
16312	886	182	246	89509	0	90823
16313	1021	172	88941	1131	0	91265
16314	256	152	1014	89160	0	90582
16315	206	140	1045	90690	0	92081
16316	257	184	90626	1919	0	92986
16317	168	226	903	90598	0	91895
16318	89398	136	993	1332	0	91859
16319	87700	146	305	1266	0	89417
16320	88873	142	223	486	0	89724
16321	1789	171	216	88397	0	90573
16322	1186	241	89280	1141	0	91848
16323	322	90075	887	1287	0	92571
16324	348	957	923	90523	0	92751
16325	355	989	91775	1048	0	94167
16326	309	372	861	90440	0	91982
16327	294	271	922	91182	0	92669
16328	88834	155	266	1729	0	90984
16329	842	91669	219	1267	0	93997
16330	1088	840	89966	382	0	92276
16331	84110	892	888	338	0	86228
16332	858	89220	895	418	0	91391
16333	596	83543	194	243	0	84576
16334	83730	871	689	255	0	85545
16335	645	579	182	84179	0	85585
16336	642	195	89696	546	0	91079
16337	180	259	526	88434	0	89399
16338	131	90321	637	711	0	91800
16339	91271	514	167	721	0	92673
16340	591	663	103	91708	0	93065
16341	93667	121	103	756	0	94647
16342	610	121	105	92132	0	92968
16343	633	95084	97	773	0	96587
16344	96598	576	106	733	0	98013
16345	96072	629	115	271	0	97087
16346	1262	97449	121	300	0	99132
16347	96325	635	110	229	0	97299
16348	721	808	98	93793	0	95420
16349	698	94825	99	735	0	96357
16350	94956	627	101	736	0	96420
16351	681	96364	117	287	0	97449
16352	95115	629	107	269	0	96120
16353	721	689	96	94402	0	95908
16354	96143	150	97	739	0	97129
16355	96170	120	60	818	0	97168
16356	96450	121	87	263	0	96921
16357	1263	124	58	96260	0	97705
16358	782	124	69	97467	0	98442
16359	96252	112	68	1292	0	97724
16360	772	156	98045	790	0	99763
16361	771	135	614	97566	0	99086
16362	244	100308	705	808	0	102065
16363	195	718	112	101697	0	102722
16364	217	785	66	101757	0	102825
16365	279	220	100932	1462	0	102893
16366	197	220	663	105096	0	106176
16367	220	110512	746	1103	0	112581
16368	232	1147	109	114025	0	115513
16369	350	1173	122673	1287	0	125483
16370	262	254	1339	124184	0	126039
16371	298	179	1384	126954	0	128815
16372	125934	131	209	3011	0	129285
16373	126091	137	117	1828	0	128173
16374	3091	326	87	121436	0	124940
16375	1762	124088	155	1730	0	127735
16376	440	124881	119	1782	0	127222
16377	577	2874	123075	473	0	126999
16378	442	2171	1533	122069	0	126215
16379	121890	455	1668	1778	0	125791
16380	1594	432	250	123263	0	125539
16381	1637	172	123093	1775	0	126677
16382	321	166	1498	123238	0	125223
16383	307	153	1475	123808	0	125743
16384	281	145	226	126617	0	127269
16385	364	191	123302	3115	0	126972
16386	245	123119	1500	1965	0	126829
16387	121813	1517	1467	555	0	125352
16388	119884	1547	269	425	0	122125
16389	2952	333	177	119523	0	122985
16390	1805	305	119557	1681	0	123348
16391	402	119837	1503	1831	0	123573
16392	406	2168	1470	112344	0	116388
16393	282	119808	300	1611	0	122001
16394	231	120456	217	1660	0	122564
16395	117275	2688	412	474	0	120849
16396	1709	1575	117836	391	0	121511
16397	1636	405	117379	343	0	119763
16398	484	464	2740	114557	0	118245
16399	368	222	1536	117948	0	120074
16400	418	248	118061	2806	0	121533
16401	329	246	1478	115279	0	117332
16402	454	215	117855	1809	0	120333
16403	108584	204	1591	1730	0	112109
16404	1586	227	1431	115652	0	118896
16405	1618	307	118256	1687	0	121868
16406	467	301	1485	112603	0	114856
16407	325	120571	1461	1709	0	124066
16408	119614	1486	323	1638	0	123061
16409	1545	121052	258	672	0	123527
16410	121675	1574	258	513	0	124020
16411	1805	1521	119345	507	0	123178
16412	119074	402	1488	527	0	121491
16413	1723	290	1464	120497	0	123974
16414	1686	326	121100	1734	0	124846
16415	489	271	1533	120346	0	122639
16416	500	291	119297	1956	0	122044
16417	111653	267	1649	1842	0	115411
16418	1623	118963	1552	816	0	122954
16419	1622	1562	446	111828	0	115458
16420	453	120703	395	1718	0	123269
16421	119155	1694	332	1744	0	122925
16422	118008	1520	371	726	0	120625
16423	2815	118353	373	822	0	122363
16424	1759	1700	321	117968	0	121748
16425	591	1537	335	118146	0	120609
16426	472	411	345	119215	0	120443
16427	115862	312	363	3349	0	119886
16428	1525	116033	434	2283	0	120275
16429	1527	1610	388	113854	0	117379
16430	429	1616	433	114758	0	117236
16431	112411	429	502	3201	0	116543
16432	1813	380	111606	2093	0	115892
16433	1815	293	110989	926	0	114023
16434	105729	290	2856	893	0	109768
16435	1807	293	109201	718	0	112019
16436	1591	364	101744	641	0	104340
16437	711	639	2807	97357	0	101514
16438	100692	324	1770	1691	0	104477
16439	1534	379	536	100031	0	102480
16440	1582	310	100083	1670	0	103645
16441	94833	318	1530	1655	0	98336
16442	1678	345	99092	639	0	101754
16443	1412	97861	1581	591	0	101445
16444	876	1759	1772	97497	0	101904
16445	97677	1281	642	1701	0	101301
16446	1327	422	440	98102	0	100291
16447	1275	276	462	98503	0	100516
16448	99032	196	389	2619	0	102236
16449	1382	202	340	100428	0	102352
16450	1335	209	397	101470	0	103411
16451	499	228	100203	2556	0	103486
16452	327	237	1315	99627	0	101506
16453	100068	223	1293	1729	0	103313
16454	99702	245	400	1550	0	101897
16455	100600	260	396	546	0	101802
16456	2468	400	314	96519	0	99701
16457	1458	97358	316	1451	0	100583
16458	97526	1226	318	1374	0	100444
16459	1347	99100	373	557	0	101377
16460	97551	1266	308	470	0	99595
16461	1517	1172	351	96496	0	99536
16462	96005	272	336	1366	0	97979
16463	95324	205	325	1318	0	97172
16464	95333	126	381	492	0	96332
16465	2210	93699	335	527	0	96771
16466	1009	89283	279	463	0	91034
16467	82796	1163	357	274	0	84590
16468	726	83856	172	319	0	85073
16469	326	73750	103	170	0	74349
16470	249	71918	308	130	0	72605
16471	70359	460	616	187	0	71622
16472	330	226	74	69647	0	70277
16473	219	47	23	70708	0	70997
16474	70825	26	96	448	0	71395
16475	313	73	72505	233	0	73124
16476	230	21	253	79126	0	79630
16477	63	27	207	81313	0	81610
16478	41	30	56	87910	0	88037
16479	47	34	26	90869	0	90976
16480	31	92483	47	1691	0	94252
16481	35	107706	51	992	0	108784
16482	109258	2125	34	222	0	111639
16483	1445	1348	25	111088	0	113906
16484	1354	188	23	113051	0	114616
16485	321	127	111151	2928	0	114527
16486	128	54	1495	112622	0	114299
16487	206	110	114468	1818	0	116602
16488	98	60	1713	115192	0	117063
16489	209	144	120359	1859	0	122571
16490	54	118847	1885	1719	0	122505
16491	84	1646	1636	119666	0	123032
16492	121192	1564	254	1844	0	124854
16493	120712	226	120	1713	0	122771
16494	3311	104	87	120381	0	123883
16495	1966	105	121284	1881	0	125236
16496	478	102	121259	1765	0	123604
16497	115140	78	3366	385	0	118969
16498	1673	119806	1895	390	0	123764
16499	122836	1727	337	244	0	125144
16500	121349	1671	152	205	0	123377
16501	3572	287	120672	248	0	124779
16502	1955	145	1793	118801	0	122694
16503	399	104	1751	123049	0	125303
16504	236	121	308	126297	0	126962
16505	218	109	194	123793	0	124314
16506	194	102	164	123267	0	123727
16507	332	127	116918	3941	0	121318
16508	317	145	117229	2224	0	119915
16509	190	118	3612	116993	0	120913
16510	237	127	2019	119498	0	121881
16511	235	139	412	121792	0	122578
16512	118082	142	263	4155	0	122642
16513	2088	188	241	119422	0	121939
16514	120171	155	214	2498	0	123038
16515	2364	154	242	122945	0	125705
16516	124900	127	241	2699	0	127967
16517	126268	128	287	2433	0	129116
16518	126364	143	305	727	0	127539
16519	126373	142	301	597	0	127413
16520	126133	144	291	540	0	127108
16521	4317	186	279	122496	0	127278
16522	123267	153	287	2481	0	126188
16523	2411	121863	344	2424	0	127042
16524	123411	2013	322	744	0	126490
16525	2531	1955	316	123643	0	128445
16526	2381	412	123187	2567	0	128547
16527	681	230	2207	125441	0	128559
16528	649	264	126366	2782	0	130061
16529	486	195	2433	125424	0	128538
16530	516	194	2263	127642	0	130615
16531	583	159	125807	4534	0	131083
16532	628	198	126299	2807	0	129932
16533	466	220	4215	125348	0	130249
16534	125116	148	2524	2798	0	130586
16535	2548	175	126030	2641	0	131394
16536	2400	125675	2398	1189	0	131662
16537	862	2064	130775	873	0	134574
16538	126958	2035	2559	831	0	132383
16539	2544	422	2366	128912	0	134244
16540	131163	201	639	2737	0	134740
16541	130734	175	475	2716	0	134100
16542	4552	166	412	129808	0	134938
16543	2836	209	128161	2917	0	134123
16544	904	183	2460	128284	0	131831
16545	776	158	2346	128357	0	131637
16546	124678	174	645	4874	0	130371
16547	2572	127413	530	3143	0	133658
16548	2615	2128	459	128253	0	133455
16549	959	2131	126438	2932	0	132460
16550	121163	379	2446	2814	0	126802
16551	2675	125338	2432	1277	0	131722
16552	2741	2122	646	126419	0	131928
16553	913	2117	557	127083	0	130670
16554	776	383	525	130300	0	131984
16555	125192	216	509	5056	0	130973
16556	127548	204	555	3060	0	131367
16557	4824	208	472	127349	0	132853
16558	3009	225	126921	3045	0	133200
16559	934	126698	2554	3115	0	133301
16560	127128	2189	2491	1139	0	132947
16561	129829	2150	662	1080	0	133721
16562	4876	360	548	127395	0	133179
16563	2982	210	504	130998	0	134694
16564	1073	248	129911	5000	0	136232
16565	778	130455	2628	3275	0	137136
16566	132629	2278	2574	1148	0	138629
16567	130847	2233	681	1014	0	134775
16568	4764	130494	546	980	0	136784
16569	132046	2292	452	878	0	135668
16570	3098	2248	424	129759	0	135529
16571	2931	427	129113	2944	0	135415
16572	1052	294	2421	130977	0	134744
16573	946	236	130585	3226	0	134993
16574	125455	222	2660	2983	0	131320
16575	2655	126180	2568	1323	0	132726
16576	2488	2942	581	118578	0	124589
16577	925	1938	118978	2441	0	124282
16578	865	362	114842	2182	0	118251
16579	105635	874	3672	997	0	111178
16580	1839	107004	2055	877	0	111775
16581	91717	1186	1549	506	0	94958
16582	89417	997	687	383	0	91484
16583	89396	171	309	334	0	90210
16584	1975	464	408	86912	0	89759
16585	1287	181	87390	1093	0	89951
16586	365	87520	905	1111	0	89901
16587	560	1529	1285	86387	0	89761
16588	420	969	87288	993	0	89670
16589	309	235	82138	877	0	83559
16590	265	370	1350	80098	0	82083
16591	251	95	80626	786	0	81758
16592	75351	93	734	878	0	77056
16593	744	121	758	79936	0	81559
16594	800	91	196	81514	0	82601
16595	80831	99	191	1380	0	82501
16596	723	80239	194	914	0	82070
16597	83257	648	177	400	0	84482
16598	789	690	186	82183	0	83848
16599	857	133	147	82946	0	84083
16600	292	119	148	83866	0	84425
16601	267	115	162	82509	0	83053
16602	80819	93	165	1410	0	82487
16603	846	151	80941	888	0	82826
16604	781	80605	687	391	0	82464
16605	227	682	725	81006	0	82640
16606	80389	675	210	768	0	82042
16607	80583	127	161	846	0	81717
16608	1231	80855	174	378	0	82638
16609	79405	547	151	250	0	80353
16610	640	80434	159	301	0	81534
16611	686	82216	175	290	0	83367
16612	366	1268	257	81911	0	83802
16613	255	696	82649	685	0	84285
16614	284	574	554	80583	0	81995
16615	79089	224	756	732	0	80801
16616	585	78065	155	774	0	79579
16617	664	562	109	78266	0	79601
16618	255	633	82100	685	0	83673
16619	81539	137	568	805	0	83049
16620	84516	105	628	316	0	85565
16621	85203	107	175	242	0	85727
16622	1172	123	83439	189	0	84923
16623	81340	107	558	189	0	82194
16624	606	83157	596	258	0	84617
16625	642	708	186	79718	0	81254
16626	212	83217	161	522	0	84112
16627	83113	547	148	601	0	84409
16628	80698	530	108	223	0	81559
16629	1029	139	83511	153	0	84832
16630	553	83699	465	244	0	84961
16631	247	536	670	83051	0	84504
16632	174	509	154	83568	0	84405
16633	140	132	137	83523	0	83932
16634	169	98	86	84843	0	85196
16635	179	97	122	85510	0	85908
16636	214	144	82741	1117	0	84216
16637	148	82300	580	814	0	83842
16638	81860	565	639	187	0	83251
16639	746	623	83873	145	0	85387
16640	675	85625	593	234	0	87127
16641	86316	597	673	183	0	87769
16642	761	641	89000	159	0	90561
16643	86877	169	682	205	0	87933
16644	87806	145	692	212	0	88855
16645	87708	90	135	188	0	88121
16646	1240	88365	117	351	0	90073
16647	902	670	86662	185	0	88419
16648	174	88981	641	240	0	90036
16649	309	880	731	78221	0	80141
16650	130	88633	138	646	0	89547
16651	87574	622	120	649	0	88965
16652	89668	663	92	236	0	90659
16653	89478	103	89	207	0	89877
16654	1489	139	90417	141	0	92186
16655	851	93703	728	265	0	95547
16656	206	784	779	99516	0	101285
16657	106753	864	121	925	0	108663
16658	1150	106642	125	1299	0	109216
16659	1276	1113	99	106992	0	109480
16660	313	1264	109309	1117	0	112003
16661	107688	159	1193	1279	0	110319
16662	1434	160	116095	173	0	117862
16663	1538	151	117918	117	0	119724
16664	110354	118	2758	173	0	113403
16665	1524	138	115521	131	0	117314
16666	110106	124	1494	104	0	111828
16667	1364	111064	1512	236	0	114176
16668	114674	1220	289	217	0	116400
16669	1426	1414	163	114307	0	117310
16670	1537	192	147	115706	0	117582
16671	281	108	123	117392	0	117904
16672	115512	99	126	2795	0	118532
16673	115484	63	124	1620	0	117291
16674	115962	87	132	255	0	116436
16675	2823	114030	112	280	0	117245
16676	1655	1237	118	114834	0	117844
16677	407	1464	114203	1339	0	117413
16678	236	233	1298	111464	0	113231
16679	203	111475	1531	1525	0	114734
16680	250	1315	198	112216	0	113979
16681	244	1479	118	112216	0	114057
16682	111233	221	130	2724	0	114308
16683	1452	148	118	112886	0	114604
16684	1695	183	111894	1534	0	115306
16685	424	192	110881	1623	0	113120
16686	272	160	2751	110813	0	113996
16687	110060	131	1722	1514	0	113427
16688	1518	189	311	110924	0	112942
16689	1692	164	238	112342	0	114436
16690	438	169	111707	2865	0	115179
16691	327	111187	1474	1868	0	114856
16692	342	1333	1631	111501	0	114807
16693	109539	1506	421	1498	0	112964
16694	1470	110075	335	1795	0	113675
16695	1736	1373	251	110772	0	114132
16696	504	1543	110628	1519	0	114194
16697	350	316	1443	109280	0	111389
16698	107139	214	1590	1663	0	110606
16699	1479	106702	362	1910	0	110453
16700	1793	1373	108407	480	0	112053
16701	488	1581	1410	106883	0	110362
16702	449	329	110560	1602	0	112940
16703	106556	215	1521	1774	0	110066
16704	108176	200	1646	506	0	110528
16705	3016	256	108585	395	0	112252
16706	1851	271	1455	107156	0	110733
16707	575	279	110622	1572	0	113048
16708	366	108674	1635	2013	0	112688
16709	476	1479	1748	109481	0	113184
16710	448	1646	109843	1661	0	113598
16711	429	580	1623	104795	0	107427
16712	387	107114	1778	1727	0	111006
16713	472	1455	450	108085	0	110462
16714	462	1565	106919	1717	0	110663
16715	102706	310	1609	1874	0	106499
16716	1563	106353	1808	634	0	110358
16717	108209	1417	460	582	0	110668
16718	1771	1607	103973	514	0	107865
16719	102309	359	1545	533	0	104746
16720	1781	277	103958	543	0	106559
16721	102110	336	1775	518	0	104739
16722	103937	266	1721	560	0	106484
16723	2925	274	487	102712	0	106398
16724	1959	306	398	104344	0	107007
16725	103610	324	388	2996	0	107318
16726	1677	103636	476	2582	0	108371
16727	105829	1477	465	646	0	108417
16728	1817	1619	464	103057	0	106957
16729	1829	102924	553	1864	0	107170
16730	716	1496	474	105753	0	108439
16731	608	1619	444	106252	0	108923
16732	611	327	446	105766	0	107150
16733	511	104452	452	3383	0	108798
16734	103445	1357	403	1966	0	107171
16735	1741	1703	380	103436	0	107260
16736	1765	357	102573	1811	0	106506
16737	594	308	100970	1986	0	103858
16738	556	312	102543	734	0	104145
16739	98064	416	2924	677	0	102081
16740	98609	301	1883	730	0	101523
16741	2738	298	97829	611	0	101476
16742	1613	365	1413	91838	0	95229
16743	515	325	1542	94578	0	96960
16744	413	264	96759	2748	0	100184
16745	423	292	97027	1783	0	99525
16746	417	347	2516	96663	0	99943
16747	96665	225	1617	1620	0	100127
16748	94986	171	537	1632	0	97326
16749	95949	208	443	647	0	97247
16750	2581	94667	469	647	0	98364
16751	1595	95683	466	656	0	98400
16752	615	2482	443	93389	0	96929
16753	92874	1284	389	1468	0	96015
16754	1402	289	91501	1507	0	94699
16755	83553	328	1282	640	0	85803
16756	1079	81260	1060	516	0	83915
16757	739	74042	200	278	0	75259
16758	71571	1244	585	243	0	73643
16759	680	72689	257	300	0	73926
16760	607	69637	239	231	0	70714
16761	65161	1701	1376	924	0	69162
16762	466	64826	233	262	0	65787
16763	268	297	87	61585	0	62237
16764	119	247	83	61811	0	62260
16765	61529	48	72	511	0	62160
16766	60919	53	55	272	0	61299
16767	473	61714	73	122	0	62382
16768	226	61038	64	127	0	61455
16769	121	439	59421	67	0	60048
16770	59046	392	475	92	0	60005
16771	61182	101	279	89	0	61651
16772	62059	40	70	87	0	62256
16773	527	57	49	62304	0	62937
16774	287	36	48	64397	0	64768
16775	65187	33	54	604	0	65878
16776	413	50	31	65930	0	66424
16777	413	59	66392	404	0	67268
16778	110	90	362	66414	0	66976
16779	82	68657	362	480	0	69581
16780	68	454	57	69687	0	70266
16781	68	405	40	71035	0	71548
16782	78	66	35	71793	0	71972
16783	70366	41	40	902	0	71349
16784	445	70683	54	566	0	71748
16785	481	432	38	71553	0	72504
16786	109	470	71558	498	0	72635
16787	106	118	69841	504	0	70569
16788	91	119	868	70149	0	71227
16789	98	75	511	70389	0	71073
16790	69371	37	69	933	0	70410
16791	477	63	54	68182	0	68776
16792	481	68484	54	607	0	69626
16793	163	455	71100	548	0	72266
16794	96	584	446	71370	0	72496
16795	122	96	73369	536	0	74123
16796	86	83	457	72655	0	73281
16797	72595	54	517	548	0	73714
16798	73194	58	80	528	0	73860
16799	886	73368	73	197	0	74524
16800	543	456	57	72374	0	73430
16801	75038	454	56	564	0	76112
16802	75589	64	51	561	0	76265
16803	76737	46	71	153	0	77007
16804	77097	53	63	103	0	77316
16805	76098	51	83	94	0	76326
16806	930	74960	90	157	0	76137
16807	74995	414	74	89	0	75572
16808	561	467	74742	88	0	75858
16809	530	72	419	73890	0	74911
16810	75100	49	458	468	0	76075
16811	74855	62	62	486	0	75465
16812	74818	54	54	134	0	75060
16813	941	89	75051	112	0	76193
16814	570	52	437	74863	0	75922
16815	77326	48	443	505	0	78322
16816	492	77710	72	547	0	78821
16817	79831	451	34	238	0	80554
16818	78558	481	48	114	0	79201
16819	79227	71	56	181	0	79535
16820	943	173	60	79740	0	80916
16821	81234	62	71	583	0	81950
16822	633	111	82129	589	0	83462
16823	637	104	81821	129	0	82691
16824	80944	58	966	177	0	82145
16825	565	83	83533	104	0	84285
16826	77690	72	535	148	0	78445
16827	548	67	82352	92	0	83059
16828	538	256	436	79897	0	81127
16829	80468	47	476	511	0	81502
16830	440	81484	91	567	0	82582
16831	81863	392	75	167	0	82497
16832	445	82189	85	165	0	82884
16833	488	84378	54	189	0	85109
16834	194	785	135	84969	0	86083
16835	116	448	107	85184	0	85855
16836	99	72	62	85390	0	85623
16837	126	72	84597	850	0	85645
16838	81887	45	468	599	0	82999
16839	87512	36	513	195	0	88256
16840	88669	54	70	156	0	88949
16841	88783	34	59	136	0	89012
16842	88531	49	144	158	0	88882
16843	1104	77	86846	110	0	88137
16844	658	84	86388	89	0	87219
16845	192	64	897	87225	0	88378
16846	182	68	89110	535	0	89895
16847	86340	48	525	623	0	87536
16848	623	92978	591	192	0	94384
16849	704	578	81	96792	0	98155
16850	97926	638	71	750	0	99385
16851	843	72	84	100546	0	101545
16852	956	105	102501	743	0	104305
16853	255	91	103428	846	0	104620
16854	191	59	1504	105670	0	107424
16855	232	65	107157	791	0	108245
16856	102690	44	830	887	0	104451
16857	846	62	857	106307	0	108072
16858	987	110	106735	824	0	108656
16859	182	107000	782	1076	0	109040
16860	196	719	861	109583	0	111359
16861	262	856	110570	852	0	112540
16862	177	175	803	109202	0	110357
16863	213	61	916	111482	0	112672
16864	222	104	113015	1710	0	115051
16865	191	48	865	113112	0	114216
16866	187	72	1000	112481	0	113740
16867	182	61	148	114294	0	114685
16868	111395	38	122	1757	0	113312
16869	866	112028	153	1153	0	114200
16870	1004	113745	124	301	0	115174
16871	313	1675	111834	161	0	113983
16872	106192	910	854	182	0	108138
16873	885	151	111692	134	0	112862
16874	973	111	109366	116	0	110566
16875	213	401	1427	106374	0	108415
16876	107921	39	919	748	0	109627
16877	693	108731	181	1015	0	110620
16878	108965	683	264	249	0	110161
16879	106517	714	151	206	0	107588
16880	1306	108198	123	228	0	109855
16881	107961	635	263	155	0	109014
16882	106324	671	192	128	0	107315
16883	1236	108400	111	167	0	109914
16884	795	729	130	108528	0	110182
16885	274	739	130	109771	0	110914
16886	111684	86	112	1318	0	113200
16887	714	113932	131	943	0	115720
16888	116765	758	101	226	0	117850
16889	117108	814	117	184	0	118223
16890	122235	92	99	299	0	122725
16891	1794	68	96	121858	0	123816
16892	1071	64	96	123786	0	125017
16893	122497	77	100	1930	0	124604
16894	124103	88	101	1120	0	125412
16895	124943	78	98	246	0	125365
16896	2110	90	87	126917	0	129204
16897	1293	161	128231	1218	0	130903
16898	208	91	1151	130756	0	132206
16899	187	104	1238	137900	0	139429
16900	265	139	138118	2573	0	141095
16901	329	140	147180	1589	0	149238
16902	214	122	3113	148388	0	151837
16903	274	120	151125	1897	0	153416
16904	149006	75	1927	2127	0	153135
16905	1850	129	1945	152499	0	156423
16906	1973	94	266	155228	0	157561
16907	155622	83	185	3849	0	159739
16908	1936	107	187	157035	0	159265
16909	2104	107	147	157399	0	159757
16910	375	93	175	159835	0	160478
16911	279	108	144	160129	0	160660
16912	381	181	155384	4001	0	159947
16913	277	93	1838	157412	0	159620
16914	388	202	155203	2261	0	158054
16915	255	155542	1993	2763	0	160553
16916	302	1957	1973	155545	0	159777
16917	416	1990	153723	2151	0	158280
16918	144327	270	2015	2381	0	148993
16919	2010	152664	2161	697	0	157532
16920	154151	1855	397	525	0	156928
16921	2182	1993	274	148112	0	152561
16922	2149	150022	305	2089	0	154565
16923	149615	1853	238	2209	0	153915
16924	1985	152116	294	655	0	155050
16925	152244	1979	282	509	0	155014
16926	2292	2873	231	148177	0	153573
16927	152266	308	239	2152	0	154965
16928	2193	152194	306	2465	0	157158
16929	153292	1960	259	634	0	156145
16930	2459	2025	150361	560	0	155405
16931	2345	373	2047	150432	0	155197
16932	149581	176	2148	2338	0	154243
16933	150565	194	408	2559	0	153726
16934	4099	218	348	148375	0	153040
16935	2579	262	148918	2488	0	154247
16936	625	145434	2072	2626	0	150757
16937	480	150436	2219	881	0	154016
16938	150268	3884	686	865	0	155703
16939	2290	2229	393	148949	0	153861
16940	2426	330	364	150643	0	153763
16941	148712	235	379	4293	0	153619
16942	147283	230	397	2734	0	150644
16943	4279	300	148633	820	0	154032
16944	2598	339	2097	147798	0	152832
16945	856	279	148518	2498	0	152151
16946	627	146365	2198	2683	0	151873
16947	140157	1924	2221	982	0	145284
16948	2014	143652	570	963	0	147199
16949	2066	141486	499	892	0	144943
16950	1277	3652	624	138461	0	144014
16951	135116	1949	476	2263	0	139804
16952	1946	135455	436	2496	0	140333
16953	134120	1890	462	921	0	137393
16954	2103	133489	491	903	0	136986
16955	2155	1928	404	133133	0	137620
16956	132160	1961	429	2261	0	136811
16957	2216	508	133703	2432	0	138859
16958	2289	879	1994	132452	0	137614
16959	1046	446	133461	2363	0	137316
16960	735	128067	1963	2596	0	133361
16961	666	131341	1990	1134	0	135131
16962	127171	3451	733	1124	0	132479
16963	1962	130309	497	1082	0	133850
16964	129440	1968	600	912	0	132920
16965	129514	1944	469	938	0	132865
16966	3653	587	127988	755	0	132983
16967	127042	496	1985	883	0	130406
16968	2368	589	130956	819	0	134732
16969	2263	129046	2049	836	0	134194
16970	128844	1882	1958	778	0	133462
16971	2141	130032	628	903	0	133704
16972	2326	1999	406	129059	0	133790
16973	129589	2021	415	2200	0	134225
16974	2417	635	327	130119	0	133498
16975	2452	574	130452	2485	0	135963
16976	884	603	1869	130906	0	134262
16977	804	601	1916	131397	0	134718
16978	129444	640	514	3850	0	134448
16979	2414	602	129514	2432	0	134962
16980	130986	632	1969	867	0	134454
16981	133631	550	1991	779	0	136951
16982	4119	593	591	132338	0	137641
16983	2709	562	416	133703	0	137390
16984	131201	532	455	3890	0	136078
16985	2504	132312	488	2574	0	137878
16986	2675	2282	426	129698	0	135081
16987	1024	2042	127158	2035	0	132259
16988	924	698	124034	2088	0	127744
16989	729	125932	3254	789	0	130704
16990	1202	2008	1931	119690	0	124831
16991	760	1921	526	120961	0	124168
16992	118618	577	334	3234	0	122763
16993	2197	701	292	117874	0	121064
16994	114492	403	328	1881	0	117104
16995	1947	112708	365	2036	0	117056
16996	1679	111465	310	674	0	114128
16997	663	112765	310	597	0	114335
16998	107026	2852	1088	709	0	111675
16999	99559	1717	876	655	0	102807
17000	2222	98086	310	546	0	101164
17001	86300	600	389	146	0	87435
17002	667	85142	88	218	0	86115
17003	727	752	95	81156	0	82730
17004	165	83298	98	650	0	84211
17005	82098	895	288	769	0	84050
17006	81666	647	88	200	0	82601
17007	1141	185	65	78999	0	80390
17008	79417	108	71	635	0	80231
17009	656	165	62	78535	0	79418
17010	631	79419	101	704	0	80855
17011	243	1125	87	78614	0	80069
17012	173	79655	87	679	0	80594
17013	78474	595	99	602	0	79770
17014	650	607	76761	189	0	78207
17015	72198	216	511	169	0	73094
17016	625	108	477	74907	0	76117
17017	617	134	74745	490	0	75986
17018	72673	144	449	556	0	73822
17019	611	139	76952	178	0	77880
17020	583	137	464	75155	0	76339
17021	176	117	492	76711	0	77496
17022	162	99	90	76638	0	76989
17023	158	118	57	77016	0	77349
17024	128	77147	91	1113	0	78479
17025	215	627	74	79886	0	80802
17026	79432	572	100	726	0	80830
17027	713	156	79126	665	0	80660
17028	690	82741	589	224	0	84244
17029	84500	703	652	173	0	86028
17030	88854	821	115	148	0	89938
17031	1681	187	76	96938	0	98882
17032	1151	188	97539	1219	0	100097
17033	235	257	1110	97637	0	99239
17034	225	178	1252	103260	0	104915
17035	284	144	103115	2630	0	106173
17036	165	106847	1345	1743	0	110100
17037	109262	1569	1531	393	0	112755
17038	109840	1600	193	299	0	111932
17039	112794	211	153	256	0	113414
17040	3248	158	150	110068	0	113624
17041	1994	133	92	114094	0	116313
17042	115129	96	114	3315	0	118654
17043	1962	141	109	108609	0	110821
17044	1971	113373	104	1886	0	117334
17045	117880	1613	104	1868	0	121465
17046	121910	1852	123	404	0	124289
17047	127584	277	97	332	0	128290
17048	128330	185	113	331	0	128959
17049	4430	203	122866	278	0	127777
17050	2705	160	123550	257	0	126672
17051	656	280	3888	120352	0	125176
17052	522	232	2237	123999	0	126990
17053	571	140	122397	4019	0	127127
17054	492	187	123059	2426	0	126164
17055	483	245	3933	120540	0	125201
17056	120997	121	2347	2134	0	125599
17057	2223	151	514	120589	0	123477
17058	2525	144	120540	2294	0	125503
17059	614	121682	2080	2486	0	126862
17060	122522	1938	2242	648	0	127350
17061	124609	2088	558	499	0	127754
17062	126936	317	421	514	0	128188
17063	126337	216	376	494	0	127423
17064	4554	238	120990	433	0	126215
17065	2722	199	2105	120553	0	125579
17066	120960	200	2333	2240	0	125733
17067	2529	211	510	122746	0	125996
17068	2723	171	390	116453	0	119737
17069	888	118949	377	4238	0	124452
17070	846	2031	295	120984	0	124156
17071	117820	2094	442	2466	0	122822
17072	2328	118775	489	2644	0	124236
17073	117986	2039	353	767	0	121145
17074	2591	119538	355	788	0	123272
17075	2663	2327	382	108405	0	113777
17076	880	115541	422	2242	0	119085
17077	721	117774	464	2434	0	121393
17078	115368	3803	568	784	0	120523
17079	2645	2343	114407	834	0	120229
17080	2678	561	112996	760	0	116995
17081	958	507	112486	687	0	114638
17082	103989	563	4186	680	0	109418
17083	2295	108635	2421	780	0	114131
17084	2528	110873	668	737	0	114806
17085	104848	3768	462	634	0	109712
17086	2458	107995	548	641	0	111642
17087	2492	109337	500	806	0	113135
17088	1026	3929	480	108872	0	114307
17089	1023	2387	108262	2414	0	114086
17090	1045	744	109427	2565	0	113781
17091	919	776	3872	108414	0	113981
17092	106683	567	2488	2486	0	112224
17093	2596	108754	836	2543	0	114729
17094	2736	2296	625	109488	0	115145
17095	1410	2367	108915	2441	0	115133
17096	1270	771	108238	2515	0	112794
17097	1065	678	4013	106828	0	112584
17098	106840	634	2541	2638	0	112653
17099	108285	628	830	2699	0	112442
17100	4550	649	106776	1011	0	112986
17101	107201	604	2440	989	0	111234
17102	3033	551	108966	951	0	113501
17103	3102	507	2653	98923	0	105185
17104	1346	106539	2645	2281	0	112811
17105	108149	2220	952	2393	0	113714
17106	2962	2426	836	108114	0	114338
17107	3032	721	896	108956	0	113605
17108	1411	552	929	112229	0	115121
17109	1234	561	916	112465	0	115176
17110	1262	575	107179	4579	0	113595
17111	1282	106628	2600	3072	0	113582
17112	1274	2176	2722	107320	0	113492
17113	106773	2229	1128	2749	0	112879
17114	2767	662	959	109295	0	113683
17115	2783	624	958	109375	0	113740
17116	1238	685	107059	4571	0	113553
17117	1230	686	106141	3034	0	111091
17118	1135	105157	4303	1364	0	111959
17119	1023	107141	2783	1311	0	112258
17120	1119	3908	938	105399	0	111364
17121	104992	2457	852	2755	0	111056
17122	2676	917	104638	2800	0	111031
17123	2708	104833	2395	1295	0	111231
17124	1452	2272	2436	97373	0	103533
17125	1003	103191	840	2537	0	107571
17126	1041	2508	683	96773	0	101005
17127	924	101078	713	2478	0	105193
17128	1121	2397	651	95863	0	100032
17129	91746	2030	629	2320	0	96725
17130	1908	88221	610	2132	0	92871
17131	1566	2862	438	76938	0	81804
17132	75100	1375	574	1540	0	78589
17133	1342	75935	427	1511	0	79215
17134	1009	69732	331	629	0	71701
17135	664	69770	465	569	0	71468
17136	1155	1856	988	61951	0	65950
17137	336	975	477	60849	0	62637
17138	187	60758	195	1293	0	62433
17139	258	997	274	60454	0	61983
17140	646	762	59677	837	0	61922
17141	219	59534	643	672	0	61068
17142	388	3421	550	52926	0	57285
17143	222	57405	243	564	0	58434
17144	462	623	54008	432	0	55525
17145	151	54874	544	210	0	55779
17146	47461	925	659	459	0	49504
17147	339	301	76	46800	0	47516
17148	46640	36	101	246	0	47023
17149	228	44	47206	202	0	47680
17150	196	31	217	47425	0	47869
17151	82	41	48931	239	0	49293
17152	29	60	241	48563	0	48893
17153	50607	35	202	351	0	51195
17154	227	39	55	51063	0	51384
17155	51379	36	35	315	0	51765
17156	217	52928	40	257	0	53442
17157	52383	224	25	103	0	52735
17158	277	196	54162	79	0	54714
17159	186	55489	229	111	0	56015
17160	80	228	187	55913	0	56408
17161	135	174	61	55991	0	56361
17162	64	65	55335	385	0	55849
17163	24	56211	210	295	0	56740
17164	36	229	172	55667	0	56104
17165	23	56954	42	255	0	57274
17166	40	240	14	55457	0	55751
17167	33	56451	22	242	0	56748
17168	55198	219	36	187	0	55640
17169	256	249	54	56096	0	56655
17170	228	77	56749	203	0	57257
17171	35	57882	200	256	0	58373
17172	24	59423	147	119	0	59713
17173	167	347	58281	55	0	58850
17174	32	59279	219	109	0	59639
17175	37	211	157	58977	0	59382
17176	60	159	60017	157	0	60393
17177	37	32	154	59265	0	59488
17178	25	23	127	61240	0	61415
17179	54	57	61082	293	0	61486
17180	56690	28	191	221	0	57130
17181	168	32	133	62139	0	62472
17182	219	30	65915	187	0	66351
17183	26	67079	179	209	0	67493
17184	67402	149	155	89	0	67795
17185	157	67429	39	105	0	67730
17186	141	179	17	67623	0	67960
17187	67068	138	22	236	0	67464
17188	171	35	15	66903	0	67124
17189	191	53	68751	183	0	69178
17190	38	31	174	68211	0	68454
17191	74	52	69097	184	0	69407
17192	66193	23	208	210	0	66634
17193	236	51	69509	53	0	69849
17194	69350	31	205	107	0	69693
17195	69808	25	178	126	0	70137
17196	365	48	71362	53	0	71828
17197	220	80	69830	51	0	70181
17198	41	72130	341	81	0	72593
17199	73629	198	193	92	0	74112
17200	223	173	50	74556	0	75002
17201	191	55	32	74249	0	74527
17202	77749	30	31	690	0	78500
17203	78714	31	44	320	0	79109
17204	79068	31	33	120	0	79252
17205	78883	37	36	91	0	79047
17206	391	45	34	78713	0	79183
17207	79630	26	51	316	0	80023
17208	247	39	39	80395	0	80720
17209	204	42	28	80432	0	80706
17210	60	32	43	81265	0	81400
17211	88	115	80000	407	0	80610
17212	41	79704	240	295	0	80280
17213	42	80482	203	147	0	80874
17214	61	351	53	80583	0	81048
17215	80659	192	54	253	0	81158
17216	234	50	35	80272	0	80591
17217	80210	44	46	305	0	80605
17218	307	62	82525	231	0	83125
17219	79550	40	217	117	0	79924
17220	269	48	203	83553	0	84073
17221	85478	33	64	378	0	85953
17222	84714	27	44	284	0	85069
17223	85873	45	39	174	0	86131
17224	441	34	46	85987	0	86508
17225	292	94	86358	273	0	87017
17226	94	50	242	86130	0	86516
17227	87859	26	230	345	0	88460
17228	386	98	94757	254	0	95495
17229	309	67	301	98680	0	99357
17230	102535	30	284	479	0	103328
17231	469	111	104546	356	0	105482
17232	107695	39	411	214	0	108359
17233	111788	47	380	210	0	112425
17234	893	64	77	112723	0	113757
17235	502	44	59	114121	0	114726
17236	114209	38	50	1042	0	115339
17237	543	64	41	117060	0	117708
17238	116287	37	63	749	0	117136
17239	625	117888	80	767	0	119360
17240	566	118767	66	236	0	119635
17241	154	1283	58	118591	0	120086
17242	180	671	120487	665	0	122003
17243	70	121029	651	725	0	122475
17244	118597	753	715	221	0	120286
17245	554	118828	123	269	0	119774
17246	707	649	117987	87	0	119430
17247	144	646	596	116248	0	117634
17248	177	183	120557	649	0	121566
17249	75	121818	651	764	0	123308
17250	128	639	584	120106	0	121457
17251	82	120258	116	694	0	121150
17252	220	607	120036	539	0	121402
17253	93	566	603	117423	0	118685
17254	169	158	121007	618	0	121952
17255	72	67	612	118946	0	119697
17256	119199	52	584	715	0	120550
17257	680	120	118044	641	0	119485
17258	111512	45	626	197	0	112380
17259	730	131	115571	121	0	116553
17260	627	63	641	113735	0	115066
17261	233	114	118946	665	0	119958
17262	136	72	630	118596	0	119434
17263	109	60	616	119233	0	120018
17264	107	66	106	119172	0	119451
17265	113	67	93	119423	0	119696
17266	206	118	123570	1253	0	125147
17267	117368	77	627	939	0	119011
17268	673	439	600	129310	0	131022
17269	130308	69	159	800	0	131336
17270	131602	79	94	713	0	132488
17271	133071	79	94	307	0	133551
17272	1473	92	106	134430	0	136101
17273	886	108	87	135466	0	136547
17274	181	148788	137	1658	0	150764
17275	161950	1275	127	943	0	164295
17276	169915	1241	127	269	0	171552
17277	172381	230	113	327	0	173051
17278	3786	195	172902	252	0	177135
17279	2149	133	1839	171510	0	175631
17280	646	182	174010	1948	0	176786
17281	169620	114	2043	1963	0	173740
17282	171286	117	1951	532	0	173886
17283	3648	114	403	169182	0	173347
17284	2191	157	258	163098	0	165704
17285	491	171965	224	3603	0	176283
17286	172766	1805	190	1985	0	176746
17287	172479	1848	168	498	0	174993
17288	3721	171553	221	562	0	176057
17289	173092	1830	211	451	0	175584
17290	2262	1867	216	172001	0	176346
17291	2134	346	216	174152	0	176848
17292	173747	168	189	3757	0	177861
17293	2196	219	173293	2225	0	177933
17294	172737	137	1847	684	0	175405
17295	173547	149	1865	504	0	176065
17296	3740	171597	392	565	0	176294
17297	174764	1822	249	348	0	177183
17298	2560	1986	171429	285	0	176260
17299	2402	401	1845	171009	0	175657
17300	171221	207	1917	2023	0	175368
17301	2289	251	422	172616	0	175578
17302	2408	222	167616	2282	0	172528
17303	708	168	2023	164249	0	167148
17304	569	173201	2085	2551	0	178406
17305	625	2112	480	177199	0	180416
17306	593	1959	327	179738	0	182617
17307	577	426	265	180911	0	182179
17308	511	318	226	181056	0	182111
17309	645	422	176429	4251	0	181747
17310	571	275	1923	178389	0	181158
17311	176084	253	2022	2582	0	180941
17312	2232	176335	508	2637	0	181712
17313	2381	2012	279	180012	0	184684
17314	952	2060	181237	2398	0	186647
17315	703	425	2021	183055	0	186204
17316	183670	249	2092	2714	0	188725
17317	184102	253	524	2529	0	187408
17318	181954	236	422	840	0	183452
17319	4623	211	394	180987	0	186215
17320	3038	307	181051	2398	0	186794
17321	1119	179720	2184	2587	0	185610
17322	180866	1994	2257	991	0	186108
17323	2575	2091	577	180045	0	185288
17324	2621	670	518	181236	0	185045
17325	1287	400	179598	4227	0	185512
17326	994	177555	2197	2881	0	183627
17327	905	181253	2188	1169	0	185515
17328	1170	4742	822	171168	0	177902
17329	1070	2291	168320	2632	0	174313
17330	157095	655	2209	2597	0	162556
17331	2666	483	165231	997	0	169377
17332	154315	441	2221	1017	0	157994
17333	2582	163737	2043	1218	0	169580
17334	2631	1883	162346	878	0	167738
17335	156993	1853	2105	870	0	161821
17336	2466	161453	2012	900	0	166831
17337	164703	1876	660	933	0	168172
17338	2827	1918	163084	711	0	168540
17339	2453	163258	1829	883	0	168423
17340	164777	1838	1913	766	0	169294
17341	2744	1816	161986	733	0	167279
17342	161102	511	1961	699	0	164273
17343	2626	420	1980	160547	0	165573
17344	163146	390	710	2109	0	166355
17345	2538	344	576	162417	0	165875
17346	162708	416	508	2355	0	165987
17347	2542	437	162767	2413	0	168159
17348	2197	409	1918	164003	0	168527
17349	924	416	1871	163885	0	167096
17350	1189	517	163285	3808	0	168799
17351	771	423	1972	163194	0	166360
17352	635	157800	2065	2748	0	163248
17353	707	1835	682	173116	0	176340
17354	719	1845	621	178782	0	181967
17355	837	564	498	191129	0	193028
17356	905	522	188111	4988	0	194526
17357	179751	379	2630	3362	0	186122
17358	3055	417	2546	200167	0	206185
17359	3177	430	204185	3491	0	211283
17360	200404	365	3183	3276	0	207228
17361	207347	402	2945	1134	0	211828
17362	214144	419	785	1035	0	216383
17363	6370	400	635	212457	0	219862
17364	3830	447	672	231651	0	236600
17365	1314	464	558	227731	0	230067
17366	949	228468	668	7462	0	237547
17367	228092	3675	649	4315	0	236731
17368	228067	3359	642	1635	0	233703
17369	7256	1121	687	224463	0	233527
17370	5132	515	221760	4331	0	231738
17371	2552	600	223138	4010	0	230300
17372	898	216596	6935	1869	0	226298
17373	868	222882	3895	1368	0	229013
17374	201021	7206	2500	2006	0	212733
17375	3069	199078	670	819	0	203636
17376	193148	2741	683	421	0	196993
17377	191834	2103	224	357	0	194518
17378	192107	353	198	289	0	192947
17379	4952	211	162	190762	0	196087
17380	2595	197	156	201300	0	204248
17381	204741	176	164	5141	0	210222
17382	3244	198	161	211423	0	215026
17383	2897	222	210556	3554	0	217229
17384	211245	165	3182	2884	0	217476
17385	3664	233	2634	212216	0	218747
17386	2984	218	357	216425	0	219984
17387	682	235	212	220386	0	221515
17388	649	330	213061	6290	0	220330
17389	199815	200	3486	3392	0	206893
17390	3869	241	214105	719	0	218934
17391	3175	254	3611	210019	0	217059
17392	954	351	216117	3660	0	221082
17393	599	230	3680	211604	0	216113
17394	618	291	2967	215665	0	219541
17395	853	339	220117	6337	0	227646
17396	772	436	3639	205745	0	210592
17397	603	221972	3141	3692	0	229408
17398	221201	3458	564	3179	0	228402
17399	223871	2972	386	886	0	228115
17400	6708	473	363	222057	0	229601
17401	3822	357	224605	4116	0	232900
17402	875	219922	3720	3752	0	228269
17403	719	226736	3200	1322	0	231977
17404	217394	6143	859	874	0	225270
17405	4107	3277	214743	822	0	222949
17406	215161	543	3809	878	0	220391
17407	4191	312	3222	214815	0	222540
17408	3439	318	730	218867	0	223354
17409	211557	313	581	6836	0	219287
17410	3771	213150	637	4292	0	221850
17411	3847	3538	215750	1184	0	224319
17412	1011	3094	3818	210647	0	218570
17413	1056	651	218882	4380	0	224969
17414	797	214584	4164	3913	0	223458
17415	876	3535	3436	215298	0	223145
17416	214847	3082	960	4331	0	223220
17417	216437	595	805	3828	0	221665
17418	8283	693	213237	1318	0	223531
17419	3785	215097	3882	1382	0	224146
17420	213043	3582	3441	1192	0	221258
17421	4146	217589	1009	1224	0	223968
17422	3786	4002	652	213074	0	221514
17423	213376	3271	771	4213	0	221631
17424	4368	789	681	216814	0	222652
17425	4072	699	212850	4614	0	222235
17426	1377	604	3860	215947	0	221788
17427	1370	713	216534	4639	0	223256
17428	1252	704	4087	214412	0	220455
17429	213049	562	3608	4785	0	222004
17430	4299	214180	1092	4302	0	223873
17431	216384	3877	906	1630	0	222797
17432	4569	3431	953	213509	0	222462
17433	3895	918	869	216324	0	222006
17434	1546	862	212311	7427	0	222146
17435	1384	822	215869	4244	0	222319
17436	1290	214615	6988	2063	0	224956
17437	1480	4075	215815	1373	0	222743
17438	200634	3467	4661	1426	0	210188
17439	4412	213764	4008	1570	0	223754
17440	3963	219198	1268	1682	0	226111
17441	1398	223308	1054	1590	0	227350
17442	1424	7507	892	217655	0	227478
17443	1506	4128	220729	4764	0	231127
17444	1134	222999	4466	4771	0	233370
17445	1481	4367	3919	206538	0	216305
17446	1196	226579	1201	4600	0	233576
17447	220441	4425	1039	4195	0	230100
17448	223705	3651	1041	1816	0	230213
17449	7535	986	1054	220188	0	229763
17450	4454	766	1012	221437	0	227669
17451	212606	710	1158	7768	0	222242
17452	4294	211576	1152	4980	0	222002
17453	3914	215513	1100	1858	0	222385
17454	1954	7841	1193	202569	0	213557
17455	1175	3336	195026	4062	0	203599
17456	839	193477	3656	3830	0	201802
17457	182231	3619	3879	1350	0	191079
17458	3168	181901	1133	1282	0	187484
17459	2771	179996	952	1192	0	184911
17460	171408	5120	1606	901	0	179035
17461	2840	177727	785	1103	0	182455
17462	3161	3162	170612	813	0	177748
17463	856	172916	2918	1016	0	177706
17464	152246	2419	2852	689	0	158206
17465	1783	153156	554	619	0	156112
17466	151171	1997	927	494	0	154589
17467	2080	1905	427	148603	0	153015
17468	1799	615	370	151910	0	154694
17469	654	511	151656	3182	0	156003
17470	437	152652	1719	2005	0	156813
17471	573	1973	1583	153253	0	157382
17472	152409	1761	479	1899	0	156548
17473	152123	538	324	1823	0	154808
17474	2987	154011	380	912	0	158290
17475	1865	1989	350	153826	0	158030
17476	154944	1801	474	1959	0	159178
17477	155312	628	785	1918	0	158643
17478	3549	564	151859	566	0	156538
17479	2215	559	144901	397	0	148072
17480	885	567	143767	342	0	145561
17481	287	138780	2539	384	0	141990
17482	131440	1466	2565	272	0	135743
17483	1189	131823	403	298	0	133713
17484	129346	1358	542	312	0	131558
17485	1128	133831	207	271	0	135437
17486	1095	1210	155	134771	0	137231
17487	135939	1074	154	1103	0	138270
17488	1181	308	136592	1054	0	139135
17489	134521	258	1064	268	0	136111
17490	138058	247	1102	190	0	139597
17491	1962	138379	214	358	0	140913
17492	1032	140237	152	297	0	141718
17493	143042	1905	516	255	0	145718
17494	1265	1164	145765	204	0	148398
17495	139036	728	1362	343	0	141469
17496	140212	316	1137	273	0	141938
17497	1965	214	151	137982	0	140312
17498	141048	162	93	1116	0	142419
17499	1142	206	99	143313	0	144760
17500	1093	172	97	146009	0	147371
17501	292	183	108	143345	0	143928
17502	199	142677	143	2062	0	145081
17503	143564	1010	135	1077	0	145786
17504	144589	996	133	330	0	146048
17505	1942	225	145	144184	0	146496
17506	1129	211	128	142496	0	143964
17507	312	143162	182	1901	0	145557
17508	142762	1076	188	1053	0	145079
17509	1232	1067	141280	221	0	143800
17510	1126	316	1009	141735	0	144186
17511	420	262	140928	1039	0	142649
17512	324	246	1061	139785	0	141416
17513	408	284	141013	1095	0	142800
17514	327	246	1074	137640	0	139287
17515	138012	194	995	1180	0	140381
17516	1268	244	140450	1039	0	143001
17517	136214	191	1066	363	0	137834
17518	1255	143688	1023	391	0	146357
17519	1146	1061	260	144993	0	147460
17520	441	1069	170	146694	0	148374
17521	148459	290	195	2090	0	151034
17522	1279	247	167	152746	0	154439
17523	1345	293	155403	1142	0	158183
17524	150407	204	1020	1213	0	152844
17525	157008	192	955	505	0	158660
17526	157643	178	183	389	0	158393
17527	156804	175	175	390	0	157544
17528	2126	154600	190	449	0	157365
17529	1290	971	167	155016	0	157444
17530	154336	933	200	1157	0	156626
17531	1280	290	165	153078	0	154813
17532	151136	202	230	1094	0	152662
17533	1283	223	148413	1026	0	150945
17534	1166	244	147656	342	0	149408
17535	453	2699	1652	137605	0	142409
17536	345	145078	981	1031	0	147435
17537	313	147771	266	1134	0	149484
17538	144255	1626	411	802	0	147094
17539	1014	849	143172	377	0	145412
17540	131258	216	858	448	0	132780
17541	885	141108	827	406	0	143226
17542	141240	665	214	347	0	142466
17543	986	668	168	138367	0	140189
17544	937	280	140011	880	0	142108
17545	443	151	717	139268	0	140579
17546	359	156	686	138848	0	140049
17547	308	138838	233	1510	0	140889
17548	292	141635	214	1026	0	143167
17549	414	1341	172	139428	0	141355
17550	461	142936	204	1077	0	144678
17551	458	784	140151	792	0	142185
17552	446	749	138534	368	0	140097
17553	127805	237	1329	404	0	129775
17554	139164	153	722	335	0	140374
17555	1449	137065	236	441	0	139191
17556	937	739	178	136412	0	138266
17557	419	717	191	137801	0	139128
17558	435	290	138034	1384	0	140143
17559	322	192	839	130992	0	132345
17560	349	136577	767	1100	0	138793
17561	371	807	132922	811	0	134911
17562	413	747	132499	304	0	133963
17563	342	129387	1375	537	0	131641
17564	482	850	132966	310	0	134608
17565	347	748	794	130445	0	132334
17566	353	275	705	128047	0	129380
17567	398	271	135170	1394	0	137233
17568	349	598	780	131502	0	133229
17569	263	131270	783	1025	0	133341
17570	307	135335	270	984	0	136896
17571	445	1611	227	133096	0	135379
17572	504	754	135414	898	0	137570
17573	271	137775	802	1008	0	139856
17574	771	1493	957	135241	0	138462
17575	439	728	132721	846	0	134734
17576	123541	167	658	724	0	125090
17577	132422	116	534	223	0	133295
17578	132736	129	152	230	0	133247
17579	1027	104	145	130108	0	131384
17580	586	116	167	131767	0	132636
17581	253	136	135976	1070	0	137435
17582	164	133	633	135313	0	136243
17583	209	192	592	138919	0	139912
17584	233	195	137378	1117	0	138923
17585	115112	142	699	808	0	116761
17586	567	129698	602	311	0	131178
17587	129306	540	171	196	0	130213
17588	529	128731	139	274	0	129673
17589	601	682	147	128289	0	129719
17590	221	574	127949	595	0	129339
17591	231	542	626	123108	0	124507
17592	185	238	124626	674	0	125723
17593	101287	184	698	704	0	102873
17594	452	128	117132	142	0	117854
17595	394	108	451	111456	0	112409
17596	177	129	116946	482	0	117734
17597	123	117924	501	607	0	119155
17598	207	536	471	120941	0	122155
17599	200	418	141	120969	0	121728
17600	200	70	92	122412	0	122774
17601	195	105	121625	1157	0	123082
17602	172	129	124059	751	0	125111
17603	123	65	1286	124328	0	125802
17604	104	82	731	144047	0	144964
17605	120	72	172	154145	0	154509
17606	158762	77	168	2619	0	161626
17607	1523	107	145	166792	0	168567
17608	1661	179	176415	1776	0	180031
17609	186368	119	1918	1767	0	190172
17610	2346	164	1902	196646	0	201058
17611	209045	100	512	2570	0	212227
17612	212184	109	251	2679	0	215223
17613	5076	83	224	211829	0	217212
17614	214384	60	331	2831	0	217606
17615	213996	87	338	2914	0	217335
17616	5402	121	210860	562	0	216945
17617	3022	212410	2694	630	0	218756
17618	647	2608	2745	204484	0	210484
17619	451	2701	427	214025	0	217604
17620	212640	357	280	5366	0	218643
17621	211781	178	279	3267	0	215505
17622	213049	143	272	965	0	214429
17623	5866	262	202234	676	0	209038
17624	3328	204480	2838	803	0	211449
17625	203820	2603	2939	536	0	209898
17626	2986	207669	603	872	0	212130
17627	208904	2854	357	634	0	212749
17628	3366	2821	270	206390	0	212847
17629	208945	402	310	3092	0	212749
17630	209050	274	287	3172	0	212783
17631	211814	200	313	929	0	213256
17632	6236	246	210502	687	0	217671
17633	212516	194	2775	688	0	216173
17634	3630	211474	2979	937	0	219020
17635	217596	2739	517	720	0	221572
17636	218561	2851	357	762	0	222531
17637	222956	507	338	810	0	224611
17638	6639	313	411	211026	0	218389
17639	4028	216322	515	3274	0	224139
17640	217210	2942	485	3266	0	223903
17641	3990	3150	217113	937	0	225190
17642	4019	218559	3070	961	0	226609
17643	1866	3208	3020	197480	0	205574
17644	1499	218794	634	2848	0	223775
17645	217264	3291	559	2950	0	224064
17646	223018	3297	430	849	0	227594
17647	6847	799	426	220331	0	228403
17648	4584	650	218719	3495	0	227448
17649	1624	219981	3187	3919	0	228711
17650	2056	3535	3652	181337	0	190580
17651	1553	3365	785	220840	0	226543
17652	1572	746	595	231933	0	234846
17653	230347	549	537	6743	0	238176
17654	232896	563	560	4133	0	238152
17655	235907	588	542	1157	0	238194
17656	237214	665	503	1055	0	239437
17657	8024	697	424	230797	0	239942
17658	5261	725	233081	3990	0	243057
17659	2175	603	3462	236532	0	242772
17660	1957	561	3579	235560	0	241657
17661	2116	622	718	238529	0	241985
17662	2307	614	592	239607	0	243120
17663	233182	577	878	7848	0	242485
17664	5277	646	962	235530	0	242415
17665	236550	536	902	4856	0	242844
17666	236463	697	904	4810	0	242874
17667	9133	703	230224	1887	0	241947
17668	6473	653	229899	1754	0	238779
17669	3544	665	236153	1963	0	242325
17670	3493	1247	7046	226466	0	238252
17671	3380	767	233228	4549	0	241924
17672	3063	1086	4234	227060	0	235443
17673	2864	1050	4000	227990	0	235904
17674	228780	907	1181	8123	0	238991
17675	5950	1120	971	224658	0	232699
17676	6254	229876	1132	5304	0	242566
17677	233519	3811	1047	4856	0	243233
17678	6066	237684	1292	2519	0	247561
17679	6266	4448	236879	2016	0	249609
17680	3149	240982	4173	2109	0	250413
17681	233942	4645	4405	1790	0	244782
17682	6357	4520	1231	232491	0	244599
17683	6426	1590	231242	4632	0	243890
17684	231484	1327	4060	4808	0	241679
17685	6566	1297	4063	231736	0	243662
17686	6753	1289	233242	4618	0	245902
17687	3819	1123	4093	235909	0	244944
17688	3537	1038	4323	235770	0	244668
17689	3583	1149	1312	236030	0	242074
17690	3460	233888	1341	7858	0	246547
17691	237274	4063	1171	4823	0	247331
17692	6650	4227	1148	231235	0	243260
17693	6420	235858	1101	4893	0	248272
17694	3386	4538	890	239576	0	248390
17695	3492	4776	235813	4986	0	249067
17696	3198	237055	4138	5122	0	249513
17697	235991	4480	4329	2142	0	246942
17698	237604	4616	1346	1838	0	245404
17699	8462	1846	1149	231836	0	243293
17700	5840	1669	1120	236308	0	244937
17701	234944	1481	1226	7605	0	245256
17702	230379	1356	1273	5107	0	238115
17703	8101	231878	1372	2734	0	244085
17704	214232	3649	1755	1825	0	221461
17705	5357	3402	203052	1388	0	213199
17706	5337	1066	199131	1377	0	206911
17707	1570	193523	5074	1514	0	201681
17708	1271	186053	3331	1278	0	191933
17709	164632	4176	3955	863	0	173626
17710	2086	165947	914	1089	0	170036
17711	157519	1554	794	501	0	160368
17712	154457	1483	320	465	0	156725
17713	153477	310	273	459	0	154519
17714	2939	282	248	150414	0	153883
17715	152636	222	280	1635	0	154773
17716	1844	264	149326	1661	0	153095
17717	1800	255	149626	504	0	152185
17718	516	148802	2670	707	0	152695
17719	616	1405	150279	451	0	152751
17720	528	1666	1630	143209	0	147033
17721	522	334	149899	1625	0	152380
17722	522	336	146935	1717	0	149510
17723	422	347	2609	145567	0	148945
17724	147326	258	1584	1631	0	150799
17725	147863	245	411	1682	0	150201
17726	2803	305	151158	475	0	154741
17727	148256	242	1466	529	0	150493
17728	1775	234	154137	400	0	156546
17729	151229	230	1598	439	0	153496
17730	156074	233	1573	500	0	158380
17731	2850	256	439	154033	0	157578
17732	1798	263	368	148814	0	151243
17733	496	148352	435	2925	0	152208
17734	482	150426	417	1812	0	153137
17735	577	2676	356	146851	0	150460
17736	597	1626	354	147704	0	150281
17737	141947	356	363	2563	0	145229
17738	1456	142424	339	1678	0	145897
17739	141550	1318	348	454	0	143670
17740	1430	142829	350	553	0	145162
17741	1684	1472	139219	326	0	142701
17742	614	1630	1377	137839	0	141460
17743	138704	312	1550	1411	0	141977
17744	142565	263	323	1489	0	144640
17745	2746	144740	359	594	0	148439
17746	1629	147559	299	568	0	150055
17747	478	150613	288	539	0	151918
17748	681	3865	518	156185	0	161249
17749	606	1850	159747	1936	0	164139
17750	377	158573	1993	2037	0	162980
17751	719	2323	2039	157158	0	162239
17752	371	1770	397	160601	0	163139
17753	440	315	158892	3430	0	163077
17754	445	261	158513	2008	0	161227
17755	154104	232	3580	479	0	158395
17756	2117	274	163368	378	0	166137
17757	160671	268	2036	308	0	163283
17758	158157	230	1973	303	0	160663
17759	159797	212	391	293	0	160693
17760	159051	204	305	290	0	159850
17761	3867	314	153708	326	0	158215
17762	2143	154467	1839	576	0	159025
17763	574	1936	1932	155204	0	159646
17764	503	1971	155488	1945	0	159907
17765	446	491	1894	152432	0	155263
17766	400	150507	2060	2186	0	155153
17767	491	1941	404	158336	0	161172
17768	476	1958	324	158040	0	160798
17769	476	396	288	158141	0	159301
17770	154620	293	301	3786	0	159000
17771	2183	305	319	156551	0	159358
17772	2160	328	359	156348	0	159195
17773	597	437	340	155621	0	156995
17774	429	149390	476	3852	0	154147
17775	147746	1905	412	2149	0	152212
17776	1954	144262	444	740	0	147400
17777	1800	142285	420	617	0	145122
17778	706	3227	561	141444	0	145938
17779	464	1888	422	142221	0	144995
17780	140689	344	371	3550	0	144954
17781	2051	265	361	143703	0	146380
17782	144661	250	355	2190	0	147456
17783	163711	227	363	2104	0	166405
17784	4610	290	394	163149	0	168443
17785	2930	386	357	162445	0	166118
17786	663	165392	437	5341	0	171833
17787	168999	2873	391	3020	0	175283
17788	3090	175956	382	1098	0	180526
17789	176637	3277	474	602	0	180990
17790	3567	3063	173608	643	0	180881
17791	173359	667	3108	709	0	177843
17792	178823	449	2862	747	0	182881
17793	6001	470	547	174303	0	181321
17794	3469	425	175115	3594	0	182603
17795	892	176167	3152	3739	0	183950
17796	742	3753	3025	179557	0	187077
17797	937	3236	179969	3971	0	188113
17798	770	1194	3429	180153	0	185546
17799	175578	542	3161	4062	0	183343
17800	3984	467	175944	3527	0	183922
17801	3310	173215	3466	1266	0	181257
17802	1093	178379	3162	949	0	183583
17803	1262	6662	871	150502	0	159297
17804	857	176344	633	3037	0	180871
17805	173992	3707	563	2905	0	181167
17806	174325	3096	435	990	0	178846
17807	176551	719	476	805	0	178551
17808	6571	636	168414	699	0	176320
17809	171586	535	3322	912	0	176355
17810	3919	619	3047	168886	0	176471
17811	3461	590	638	171859	0	176548
17812	1015	543	530	174240	0	176328
17813	856	593	921	174920	0	177290
17814	950	685	169097	6688	0	177420
17815	939	607	170029	3952	0	175527
17816	995	551	170509	1408	0	173463
17817	160104	570	6205	1159	0	168038
17818	3775	164513	3479	1462	0	173229
17819	3533	3383	888	163790	0	171594
17820	163965	3183	626	3973	0	171747
17821	3786	165949	678	3842	0	174255
17822	3505	169908	691	1400	0	175504
17823	166823	6131	631	1064	0	174649
17824	168396	3490	572	1049	0	173507
17825	6399	167832	696	1269	0	176196
17826	3964	3633	529	156208	0	164334
17827	1336	165654	585	3843	0	171418
17828	162534	3702	631	3480	0	170347
17829	163529	3353	606	1285	0	168773
17830	163680	1025	512	1116	0	166333
17831	6639	158161	580	1341	0	166721
17832	3930	3555	509	160066	0	168060
17833	1515	3363	159192	3986	0	168056
17834	1254	1090	3288	160327	0	165959
17835	1233	883	3098	162874	0	168088
17836	1306	922	158639	6492	0	167359
17837	155164	752	3490	3931	0	163337
17838	4061	778	3189	159912	0	167940
17839	3829	857	833	158423	0	163942
17840	1447	158428	692	6446	0	167013
17841	158080	3632	676	3841	0	166229
17842	4236	3778	669	153570	0	162253
17843	3705	156535	736	4036	0	165012
17844	150457	3451	692	3498	0	158098
17845	3630	151721	676	1554	0	157581
17846	144813	3434	1092	1156	0	150495
17847	4074	2908	141911	1049	0	149942
17848	2978	971	130198	839	0	134986
17849	1186	683	128398	707	0	130974
17850	968	126762	4947	839	0	133516
17851	1697	3424	3505	111035	0	119661
17852	909	123298	805	2402	0	127414
17853	121969	2816	579	2192	0	127556
17854	2850	2370	122155	744	0	128119
17855	120254	829	2552	694	0	124329
17856	122149	663	2273	638	0	125723
17857	4670	593	763	119713	0	125739
17858	122625	570	528	2683	0	126406
17859	3148	571	535	123335	0	127589
17860	2531	626	121904	2818	0	127879
17861	119359	650	2532	2381	0	124922
17862	2778	121809	2275	888	0	127750
17863	2565	2588	675	121907	0	127735
17864	121815	2264	505	2710	0	127294
17865	2998	760	448	123176	0	127382
17866	2642	644	120277	2949	0	126512
17867	1026	560	2506	119535	0	123627
17868	799	120380	2300	2823	0	126302
17869	120571	2506	634	2326	0	126037
17870	2813	2188	531	120080	0	125612
17871	122189	669	512	2835	0	126205
17872	3049	532	423	122333	0	126337
17873	2546	458	467	119026	0	122497
17874	953	120229	549	4355	0	126086
17875	119396	2525	474	2515	0	124910
17876	2720	125286	463	1182	0	129651
17877	2530	2667	412	116377	0	121986
17878	809	122342	419	2638	0	126208
17879	120446	2572	391	2294	0	125703
17880	119944	2185	470	935	0	123534
17881	119910	785	493	740	0	121928
17882	4363	115239	489	805	0	120896
17883	1304	96452	189	421	0	98366
17884	94220	2023	384	337	0	96964
17885	1312	96569	242	367	0	98490
17886	1541	2388	602	90064	0	94595
17887	697	928	88675	1226	0	91526
17888	82184	337	1026	852	0	84399
17889	84939	169	664	274	0	86046
17890	84260	163	120	216	0	84759
17891	1431	83822	96	269	0	85618
17892	82624	776	124	188	0	83712
17893	995	675	83841	174	0	85685
17894	640	82916	657	237	0	84450
17895	454	1693	696	77203	0	80046
17896	160	78325	176	454	0	79115
17897	74294	386	199	357	0	75236
17898	379	76096	57	174	0	76706
17899	403	373	45	74845	0	75666
17900	92	75699	46	424	0	76261
17901	176	344	77	76827	0	77424
17902	117	329	107	75564	0	76117
17903	129	127	75846	617	0	76719
17904	86	84	325	74118	0	74613
17905	73858	104	309	399	0	74670
17906	73581	80	66	389	0	74116
17907	663	77	69	73990	0	74799
17908	435	119	73534	380	0	74468
17909	161	94	338	72661	0	73254
17910	73044	62	321	411	0	73838
17911	75567	71	70	590	0	76298
17912	76664	72	71	177	0	76984
17913	687	78959	70	188	0	79904
17914	79783	341	57	170	0	80351
17915	450	391	78530	103	0	79474
17916	82274	105	389	301	0	83069
17917	461	110	336	85337	0	86244
17918	419	104	70	86101	0	86694
17919	143	85	42	86544	0	86814
17920	84572	103	56	826	0	85557
17921	83194	71	53	516	0	83834
17922	838	96	60	83691	0	84685
17923	535	127	85582	503	0	86747
17924	185	98	404	85600	0	86287
17925	210	66	376	85179	0	85831
17926	215	122	84938	833	0	86108
17927	149	85339	409	596	0	86493
17928	169	445	388	86672	0	87674
17929	87500	422	87	554	0	88563
17930	505	127	65	88456	0	89153
17931	529	122	40	89141	0	89832
17932	89275	107	56	931	0	90369
17933	544	89375	66	626	0	90611
17934	500	90779	90	249	0	91618
17935	89833	827	87	174	0	90921
17936	608	497	89451	128	0	90684
17937	85142	141	452	246	0	85981
17938	606	128	93522	147	0	94403
17939	451	94172	435	204	0	95262
17940	95102	431	486	185	0	96204
17941	95633	416	97	206	0	96352
17942	96351	96	55	204	0	96706
17943	97172	88	64	202	0	97526
17944	934	140	97084	132	0	98290
17945	504	185	425	95497	0	96611
17946	97205	101	429	536	0	98271
17947	601	132	100578	490	0	101801
17948	569	127	99825	128	0	100649
17949	170	99510	760	194	0	100634
17950	99016	399	593	177	0	100185
17951	589	398	161	97462	0	98610
17952	98582	55	115	449	0	99201
17953	372	100260	77	478	0	101187
17954	420	425	61	104825	0	105731
17955	122	373	44	105740	0	106279
17956	112	93	58	108157	0	108420
17957	177	92	109232	998	0	110499
17958	115	111573	559	742	0	112989
17959	118177	616	583	179	0	119555
17960	865	695	90	118316	0	119966
17961	119079	77	112	890	0	120158
17962	117455	59	64	931	0	118509
17963	1686	63	66	117820	0	119635
17964	1083	152	120259	897	0	122391
17965	222	100	806	119483	0	120611
17966	149	119943	891	994	0	121977
17967	137	783	118	122277	0	123315
17968	215	897	121133	950	0	123195
17969	118774	98	832	998	0	120702
17970	864	78	885	122558	0	124385
17971	121846	59	150	956	0	123011
17972	1019	144	121137	978	0	123278
17973	116473	58	831	307	0	117669
17974	1049	117	122587	146	0	123899
17975	116176	93	892	203	0	117364
17976	862	118461	892	285	0	120500
17977	910	120723	154	472	0	122259
17978	266	1715	180	120043	0	122204
17979	157	895	95	118823	0	119970
17980	146	146	102	121393	0	121787
17981	120615	90	82	1678	0	122465
17982	872	90	81	122637	0	123680
17983	1013	127	122726	959	0	124825
17984	117387	75	797	1128	0	119387
17985	843	124166	875	371	0	126255
17986	125805	788	150	288	0	127031
17987	122320	840	124	220	0	123504
17988	1748	168	124456	226	0	126598
17989	1082	118	831	123050	0	125081
17990	276	89	920	129187	0	130472
17991	282	189	130562	1798	0	132831
17992	234	130339	941	1250	0	132764
17993	129563	891	964	371	0	131789
17994	130066	966	193	346	0	131571
17995	1883	166	153	131340	0	133542
17996	1160	107	130	133136	0	134533
17997	294	112	147	137797	0	138350
17998	134269	113	126	2148	0	136656
17999	1077	137521	166	1592	0	140356
18000	139262	1051	149	336	0	140798
18001	137645	1109	145	293	0	139192
18002	2322	248	142204	244	0	145018
18003	1427	198	1193	138281	0	141099
18004	364	145171	1332	1353	0	148220
18005	317	1263	231	148032	0	149843
18006	345	1433	161	152334	0	154273
18007	378	255	154695	2719	0	158047
18008	156599	164	1459	1758	0	159980
18009	173141	109	1579	508	0	175337
18010	180032	159	301	457	0	180949
18011	3999	168	228	177347	0	181742
18012	2434	382	188	173635	0	176639
18013	452	176901	281	4235	0	181869
18014	360	182506	284	2617	0	185767
18015	179068	4187	318	509	0	184082
18016	2228	178246	311	672	0	181457
18017	2673	2228	177669	453	0	183023
18018	643	2454	2252	179211	0	184560
18019	181749	306	2581	2405	0	187041
18020	2614	301	181203	2606	0	186724
18021	2804	316	181483	576	0	185179
18022	182430	248	4557	481	0	187716
18023	183082	257	2659	435	0	186433
18024	4861	231	398	180906	0	186396
18025	3061	319	181568	2501	0	187449
18026	694	350	2313	183161	0	186518
18027	714	356	184915	2659	0	188644
18028	741	345	184317	2807	0	188210
18029	494	184417	4649	1164	0	190724
18030	185513	2295	2874	529	0	191211
18031	185426	2523	521	555	0	189025
18032	4748	184390	470	731	0	190339
18033	3036	2609	467	182585	0	188697
18034	743	2653	422	185209	0	189027
18035	710	482	422	188884	0	190498
18036	184183	298	369	4970	0	189820
18037	2550	183252	487	3286	0	189575
18038	182750	2333	447	725	0	186255
18039	180530	2636	450	627	0	184243
18040	5049	547	176364	614	0	182574
18041	3018	176518	2469	700	0	182705
18042	885	2623	2732	177598	0	183838
18043	855	2676	177998	2452	0	183981
18044	173806	583	2544	2903	0	179836
18045	178764	351	2721	744	0	182580
18046	180547	351	553	642	0	182093
18047	178444	323	507	626	0	179900
18048	5138	323	437	173063	0	178961
18049	3213	362	172623	2561	0	178759
18050	991	364	2381	173521	0	177257
18051	172830	319	2720	2734	0	178603
18052	172510	279	621	2917	0	176327
18053	4762	170134	567	906	0	176369
18054	168595	2137	558	663	0	171953
18055	2884	2434	166531	534	0	172383
18056	2959	504	165418	477	0	169358
18057	157860	841	4721	606	0	164028
18058	2608	160018	2703	793	0	166122
18059	2676	1879	629	148783	0	153967
18060	761	154405	390	2063	0	157619
18061	786	1940	328	154988	0	158042
18062	671	2034	287	154747	0	157739
18063	687	471	264	159190	0	160612
18064	154307	378	333	3897	0	158915
18065	156158	412	334	2275	0	159179
18066	156445	415	348	581	0	157789
18067	4102	447	153319	505	0	158373
18068	151093	336	2031	559	0	154019
18069	2403	352	2589	156972	0	162316
18070	2658	266	563	162684	0	166171
18071	981	344	162697	4066	0	168088
18072	884	320	2241	176368	0	179813
18073	182862	276	2429	2915	0	188482
18074	3228	336	183416	2990	0	189970
18075	3144	263	2769	182935	0	189111
18076	184204	219	2929	3027	0	190379
18077	183814	242	685	3061	0	187802
18078	5654	338	184940	744	0	191676
18079	3521	399	188124	611	0	192655
18080	1015	367	5212	187701	0	194295
18081	191074	343	3111	2931	0	197459
18082	192382	340	672	3088	0	196482
18083	5629	449	524	180336	0	186938
18084	3339	190977	494	2974	0	197784
18085	189002	2651	520	3022	0	195195
18086	3045	194147	533	1165	0	198890
18087	3333	2931	492	192697	0	199453
18088	1137	2841	190854	3105	0	197937
18089	1071	505	188823	3145	0	193544
18090	1044	400	192998	706	0	195148
18091	967	518	5611	183685	0	190781
18092	892	295	3277	188435	0	192899
18093	186259	264	722	5438	0	192683
18094	3136	185405	562	3520	0	192623
18095	187865	2569	526	931	0	191891
18096	3500	2924	493	175849	0	182766
18097	3276	181542	578	2919	0	188315
18098	1004	186586	548	3101	0	191239
18099	988	5451	493	181870	0	188802
18100	181273	2781	542	2947	0	187543
18101	2939	182609	576	3260	0	189384
18102	176676	2432	522	706	0	180336
18103	2853	180143	498	826	0	184320
18104	176753	2541	1030	545	0	180869
18105	3297	2610	172889	591	0	179387
18106	3285	596	169696	522	0	174099
18107	766	166459	4443	668	0	172336
18108	151421	3392	4395	861	0	160069
18109	2020	147183	630	551	0	150384
18110	1825	139459	467	472	0	142223
18111	1666	3658	712	136307	0	142343
18112	136044	1582	550	1617	0	139793
18113	1634	136898	284	1804	0	140620
18114	133511	1470	318	329	0	135628
18115	1567	133582	258	415	0	135822
18116	130108	1475	286	239	0	132108
18117	1484	130046	227	370	0	132127
18118	1420	130261	186	429	0	132296
18119	596	2840	362	123372	0	127170
18120	257	128354	223	1403	0	130237
18121	125400	1373	217	1222	0	128212
18122	1425	1286	124572	296	0	127579
18123	1367	311	1271	124185	0	127134
18124	362	337	128081	1393	0	130173
18125	286	166	1370	125771	0	127593
18126	255	214	1274	127356	0	129099
18127	384	237	121530	2389	0	124540
18128	108432	180	1348	1641	0	111601
18129	1434	119303	1312	547	0	122596
18130	120918	1292	351	375	0	122936
18131	1510	122005	284	536	0	124335
18132	1477	1417	218	120467	0	123579
18133	120814	1276	269	1377	0	123736
18134	121417	339	312	1350	0	123418
18135	123062	302	311	402	0	124077
18136	2668	314	253	119858	0	123093
18137	1706	275	230	120162	0	122373
18138	615	124603	287	2486	0	127991
18139	125628	1414	275	1484	0	128801
18140	127111	1410	296	440	0	129257
18141	127764	401	336	364	0	128865
18142	126596	375	317	401	0	127689
18143	2691	122801	378	517	0	126387
18144	1580	1427	391	124396	0	127794
18145	613	1418	124318	1484	0	127833
18146	121915	460	1494	1409	0	125278
18147	128295	386	1309	531	0	130521
18148	2896	437	127345	419	0	131097
18149	1791	477	128603	390	0	131261
18150	616	510	2616	127816	0	131558
18151	549	486	1474	133187	0	135696
18152	451	475	336	135374	0	136636
18153	131165	552	322	3015	0	135054
18154	1794	486	270	133536	0	136086
18155	1734	476	130429	1896	0	134535
18156	562	429	1645	132514	0	135150
18157	563	438	135153	1914	0	138068
18158	487	403	1761	132803	0	135454
18159	518	442	1527	138490	0	140977
18160	581	433	138075	3063	0	142152
18161	126916	415	1828	1947	0	131106
18162	1858	139145	1753	639	0	143395
18163	140870	2018	357	408	0	143653
18164	2176	1909	232	142332	0	146649
18165	142911	619	232	2017	0	145779
18166	2154	148594	224	2048	0	153020
18167	2041	156078	222	657	0	158998
18168	931	5931	444	158644	0	165950
18169	724	2494	165826	2399	0	171443
18170	732	870	161990	2156	0	165748
18171	542	162398	4446	821	0	168207
18172	141286	2574	2675	705	0	147240
18173	2053	1983	574	139871	0	144481
18174	138978	319	257	1860	0	141414
18175	1877	138263	273	1870	0	142283
18176	1766	141449	239	553	0	144007
18177	679	3881	247	139719	0	144526
18178	140058	1992	253	1998	0	144301
18179	140124	438	156	1853	0	142571
18180	3592	297	138415	405	0	142709
18181	2091	315	135530	287	0	138223
18182	132406	259	3273	266	0	136204
18183	1847	135636	1923	380	0	139786
18184	135214	1738	502	237	0	137691
18185	2195	1801	315	132644	0	136955
18186	1927	436	131357	1751	0	135471
18187	123777	295	1833	1729	0	127634
18188	1785	128984	1736	506	0	133011
18189	1620	131024	441	423	0	133508
18190	948	3212	638	127770	0	132568
18191	128986	1784	415	1918	0	133103
18192	1783	460	276	130288	0	132807
18193	133441	313	244	2003	0	136001
18194	2045	396	131320	1700	0	135461
18195	129781	328	1613	535	0	132257
18196	133190	263	1508	450	0	135411
18197	3515	265	129616	345	0	133741
18198	125204	265	1730	362	0	127561
18199	2162	129457	1667	410	0	133696
18200	1929	1709	501	125922	0	130061
18201	682	130799	374	1750	0	133605
18202	130318	1859	337	1583	0	134097
18203	1970	1686	371	127021	0	131048
18204	1879	128275	365	1810	0	132329
18205	660	1819	279	128708	0	131466
18206	495	130603	275	2056	0	133429
18207	446	2010	214	131574	0	134244
18208	130044	1792	210	2065	0	134111
18209	1908	543	230	131095	0	133776
18210	1924	487	128917	2091	0	133419
18211	124781	359	1686	2007	0	128833
18212	2003	395	1631	129345	0	133374
18213	1941	332	127620	2046	0	131939
18214	837	339	124523	1893	0	127592
18215	757	324	130765	684	0	132530
18216	568	286	3435	126120	0	130409
18217	632	262	2042	132229	0	135165
18218	580	272	705	133067	0	134624
18219	491	338	581	134030	0	135440
18220	132248	329	524	3608	0	136709
18221	134454	341	457	2256	0	137508
18222	136459	374	375	892	0	138100
18223	138347	402	302	797	0	139848
18224	3795	383	270	134931	0	139379
18225	2394	436	138284	2170	0	143284
18226	136813	391	1751	2098	0	141053
18227	142453	436	1696	757	0	145342
18228	3760	426	464	140617	0	145267
18229	2400	387	397	143586	0	146770
18230	144263	317	409	3712	0	148701
18231	2379	366	465	139432	0	142642
18232	2245	140756	495	2412	0	145908
18233	142778	1889	522	2134	0	147323
18234	140685	1828	490	942	0	143945
18235	3873	595	144477	759	0	149704
18236	2433	504	2047	143305	0	148289
18237	912	449	2017	147539	0	150917
18238	145773	430	654	3842	0	150699
18239	146281	421	465	2418	0	149585
18240	4137	372	362	145906	0	150777
18241	2676	384	146806	2451	0	152317
18242	1170	348	147235	2347	0	151100
18243	983	325	3531	147327	0	152166
18244	1022	684	2164	149154	0	153024
18245	145612	317	675	3846	0	150450
18246	2501	145000	585	2600	0	150686
18247	2344	144391	596	992	0	148323
18248	1003	148141	572	822	0	150538
18249	1224	3740	732	142746	0	148442
18250	142310	1928	761	2293	0	147292
18251	141042	583	311	2076	0	144012
18252	3476	142072	298	993	0	146839
18253	143821	1859	253	714	0	146647
18254	2369	1833	231	142099	0	146532
18255	2212	597	144151	2088	0	149048
18256	970	435	1650	142346	0	145401
18257	962	390	1631	143392	0	146375
18258	937	337	473	144182	0	145929
18259	139192	234	358	3545	0	143329
18260	2065	975	426	135084	0	138550
18261	2009	135911	393	2326	0	140639
18262	131515	1533	1319	2047	0	136414
18263	1863	133199	395	1056	0	136513
18264	1592	130241	365	778	0	132976
18265	741	132049	458	725	0	133973
18266	1338	2154	119833	507	0	123832
18267	480	117834	1409	692	0	120415
18268	821	1007	106435	552	0	108815
18269	96761	833	827	319	0	98740
18270	100169	108	604	321	0	101202
18271	900	117	102532	132	0	103681
18272	99851	80	442	354	0	100727
18273	105378	82	415	249	0	106124
18274	865	130	105741	161	0	106897
18275	461	108374	419	232	0	109486
18276	298	653	455	108421	0	109827
18277	109063	395	111	615	0	110184
18278	513	120	73	108284	0	108990
18279	112403	102	84	760	0	113349
18280	111156	118	87	513	0	111874
18281	854	129	112494	189	0	113666
18282	110215	83	403	203	0	110904
18283	499	115440	394	287	0	116620
18284	116326	472	92	202	0	117092
18285	559	445	62	116572	0	117638
18286	577	162	116813	534	0	118086
18287	183	114	438	115205	0	115940
18288	115520	87	434	579	0	116620
18289	463	116189	110	776	0	117538
18290	593	499	116143	232	0	117467
18291	224	455	447	111280	0	112406
18292	270	171	117536	567	0	118544
18293	171	117719	471	599	0	118960
18294	116752	485	477	266	0	117980
18295	512	459	117	116720	0	117808
18296	617	191	117936	545	0	119289
18297	302	215	114299	512	0	115328
18298	116501	143	817	303	0	117764
18299	576	177	446	120974	0	122173
18300	563	151	144	121640	0	122498
18301	285	198	123567	898	0	124948
18302	331	199	122795	507	0	123832
18303	242	127199	903	304	0	128648
18304	270	529	514	128244	0	129557
18305	261	504	148	126832	0	127745
18306	207	128378	190	1047	0	129822
18307	329	600	126822	560	0	128311
18308	118168	516	571	284	0	119539
18309	629	131	507	129569	0	130836
18310	664	214	132013	651	0	133542
18311	259	189	605	125936	0	126989
18312	308	131201	550	724	0	132783
18313	333	621	130517	609	0	132080
18314	122169	577	680	339	0	123765
18315	787	231	133753	212	0	134983
18316	730	247	131534	155	0	132666
18317	320	210	130797	172	0	131499
18318	300	194	137501	170	0	138165
18319	236	237	1214	132353	0	134040
18320	317	172	144833	757	0	146079
18321	206	277	810	138925	0	140218
18322	157	144198	835	981	0	146171
18323	151093	762	205	894	0	152954
18324	1111	859	175	153429	0	155574
18325	1264	250	153899	1164	0	156577
18326	217	154396	1120	1420	0	157153
18327	292	1122	1203	154815	0	157432
18328	153593	1126	369	1168	0	156256
18329	974	155558	202	1331	0	158065
18330	1221	1183	161	156316	0	158881
18331	157652	1106	190	1179	0	160127
18332	1161	220	156931	1182	0	159494
18333	153990	113	1207	363	0	155673
18334	1291	151	160689	168	0	162299
18335	151331	165	1318	194	0	153008
18336	153125	103	1287	220	0	154735
18337	2192	184	152504	170	0	155050
18338	1154	151329	988	240	0	153711
18339	370	1269	1282	150007	0	152928
18340	243	1119	153555	1004	0	155921
18341	187	362	1022	147648	0	149219
18342	211	205	1116	151052	0	152584
18343	229	122	151992	1984	0	154327
18344	234	141	151053	1206	0	152634
18345	155	131	2032	151202	0	153520
18346	154615	66	1227	1138	0	157046
18347	992	154347	286	1267	0	156892
18348	1165	155629	178	442	0	157414
18349	156357	2000	181	262	0	158800
18350	157571	1156	161	355	0	159243
18351	2174	213	144	157181	0	159712
18352	1238	111	163	158149	0	159661
18353	249	111	146	159996	0	160502
18354	155422	108	149	2299	0	157978
18355	1038	152384	211	1480	0	155113
18356	1216	155600	198	418	0	157432
18357	292	2134	190	156821	0	159437
18358	214	1189	196	159041	0	160640
18359	200	209	183	160477	0	161069
18360	157962	138	159	2343	0	160602
18361	1108	160259	199	1595	0	163161
18362	162924	1122	185	309	0	164540
18363	1532	1352	161676	253	0	164813
18364	1386	163934	1298	342	0	166960
18365	295	1297	1407	163780	0	166779
18366	163119	1409	314	1510	0	166352
18367	1560	257	164145	1566	0	167528
18368	1610	228	164727	385	0	166950
18369	368	181	2805	162886	0	166240
18370	247	189	1617	166892	0	168945
18371	245	203	300	166477	0	167225
18372	275	174	186	162981	0	163616
18373	279	222	201	161175	0	161877
18374	216	158314	283	3080	0	161893
18375	322	1386	197	160025	0	161930
18376	156327	1450	313	1767	0	159857
18377	1396	159005	262	1934	0	162597
18378	157868	1414	256	597	0	160135
18379	1727	1598	155310	431	0	159066
18380	1741	366	156422	407	0	158936
18381	462	367	2849	158096	0	161774
18382	517	295	189512	1965	0	192289
18383	376	232	2563	187481	0	190652
18384	353	222	2443	189686	0	192704
18385	192608	207	490	4970	0	198275
18386	190879	251	345	2938	0	194413
18387	5147	201297	418	801	0	207663
18388	2990	208195	340	633	0	212158
18389	640	5525	309	207163	0	213637
18390	208804	3190	324	3400	0	215718
18391	3209	679	211333	3217	0	218438
18392	3071	423	3145	210189	0	216828
18393	758	303	3131	212318	0	216510
18394	617	388	209723	6239	0	216967
18395	418	209392	3281	4135	0	217226
18396	482	3122	3150	210819	0	217573
18397	750	3208	212263	3632	0	219853
18398	508	675	3229	212039	0	216451
18399	201220	391	3199	3936	0	208746
18400	3083	205545	816	3814	0	213258
18401	3124	209048	522	1178	0	213872
18402	884	6104	460	206291	0	213739
18403	201858	3368	521	3666	0	209413
18404	3180	204019	619	3757	0	211575
18405	206558	3251	560	1386	0	211755
18406	3812	3199	204296	1120	0	212427
18407	3563	816	209781	1078	0	215238
18408	1041	582	6328	199843	0	207794
18409	867	564	3600	213584	0	218615
18410	208453	681	886	6692	0	216712
18411	4072	711	483	210581	0	215847
18412	3957	880	208433	4320	0	217590
18413	1191	980	3452	207043	0	212666
18414	1030	844	3357	211878	0	217109
18415	1069	673	205443	7027	0	214212
18416	193078	681	3801	4469	0	202029
18417	3834	807	3647	204356	0	212644
18418	200139	581	1109	4469	0	206298
18419	3581	193141	1049	4197	0	201968
18420	190816	3394	996	1695	0	196901
18421	3462	191169	784	1671	0	197086
18422	3118	190748	979	1676	0	196521
18423	2130	6183	1609	177640	0	187562
18424	177457	3056	1464	3675	0	185652
18425	177390	1122	631	3166	0	182309
18426	5153	1050	592	174992	0	181787
18427	177119	812	670	3619	0	182220
18428	175945	787	619	3421	0	180772
18429	5737	867	593	175241	0	182438
18430	173099	821	699	3570	0	178189
18431	3694	174089	873	3464	0	182120
18432	175543	3154	963	1483	0	181143
18433	3703	2923	174561	1528	0	182715
18434	175954	864	3130	1760	0	181708
18435	3791	642	2956	175038	0	182427
18436	3314	501	1162	179697	0	184674
18437	1183	516	1076	181364	0	184139
18438	1125	959	1024	181368	0	184476
18439	982	574	954	178988	0	181498
18440	1002	169457	1086	6498	0	178043
18441	1107	176936	996	4225	0	183264
18442	175822	4876	858	2055	0	183611
18443	3774	3170	174433	1566	0	182943
18444	171735	1369	3104	1444	0	177652
18445	4022	1286	176353	1513	0	183174
18446	3666	1219	3288	171430	0	179603
18447	1704	1250	2712	177343	0	183009
18448	171883	1096	780	6110	0	179869
18449	4413	1069	172940	3879	0	182301
18450	4213	1027	2986	173470	0	181696
18451	2187	982	180538	4068	0	187775
18452	1866	182031	3379	3983	0	191259
18453	2129	3295	2845	185044	0	193313
18454	185430	2938	1040	4375	0	193783
18455	182874	999	898	3952	0	188723
18456	187361	881	989	2058	0	191289
18457	6515	185654	985	2229	0	195383
18458	4184	191552	1066	2067	0	198869
18459	173164	5739	1185	2152	0	182240
18460	3770	190931	945	2425	0	198071
18461	3321	190474	925	2570	0	197290
18462	1963	5615	184299	2369	0	194246
18463	1370	185528	3281	2240	0	192419
18464	1290	185388	2989	1962	0	191629
18465	1471	5805	1037	182898	0	191211
18466	1514	3712	184075	3832	0	193133
18467	1692	1547	181259	3507	0	188005
18468	173041	1008	5509	1757	0	181315
18469	4189	980	183754	1426	0	190349
18470	183366	856	3774	1562	0	189558
18471	4192	824	3291	178604	0	186911
18472	3862	184830	1224	4158	0	194074
18473	190353	3113	988	3836	0	198290
18474	195709	2993	1048	2052	0	201802
18475	6402	969	1101	194284	0	202756
18476	4154	786	1081	196765	0	202786
18477	2079	754	1015	199063	0	202911
18478	193829	771	818	6725	0	202143
18479	191935	729	732	4323	0	197719
18480	195171	839	704	1896	0	198610
18481	6517	184732	594	1733	0	193576
18482	158103	1869	547	703	0	161222
18483	2311	157413	335	774	0	160833
18484	2058	156796	354	721	0	159929
18485	1729	5364	1164	143621	0	151878
18486	831	148302	645	1826	0	151604
18487	139496	1437	517	1355	0	142805
18488	1735	1477	254	137250	0	140716
18489	134916	337	199	1321	0	136773
18490	1302	132381	171	1285	0	135139
18491	1175	135660	193	438	0	137466
18492	135287	1933	253	302	0	137775
18493	1248	139314	192	380	0	141134
18494	1350	1326	424	138328	0	141428
18495	685	1145	359	139337	0	141526
18496	138698	278	168	2161	0	141305
18497	1315	195	155	140051	0	141716
18498	1337	284	141767	1422	0	144810
18499	401	278	1220	142925	0	144824
18500	144734	241	1192	1486	0	147653
18501	1471	148864	269	1479	0	152083
18502	155993	1490	257	462	0	158202
18503	155143	1478	191	361	0	157173
18504	157704	405	194	363	0	158666
18505	3333	371	154539	283	0	158526
18506	1925	390	150822	257	0	153394
18507	146400	346	2845	319	0	149910
18508	1626	151969	1673	529	0	155797
18509	1577	1660	340	152348	0	155925
18510	412	1637	209	151261	0	153519
18511	313	148635	226	2993	0	152167
18512	348	152453	228	1784	0	154813
18513	382	2924	237	152150	0	155693
18514	340	1672	196	153632	0	155840
18515	462	421	150235	2999	0	154117
18516	495	392	146471	1787	0	149145
18517	146312	260	2985	490	0	150047
18518	154106	297	1669	352	0	156424
18519	3167	314	325	152973	0	156779
18520	2039	391	153408	1776	0	157614
18521	577	324	1618	153016	0	155535
18522	151373	313	1631	1984	0	155301
18523	1966	407	152144	1832	0	156349
18524	1899	379	1653	152887	0	156818
18525	691	388	156097	1800	0	158976
18526	494	152367	1845	2150	0	156856
18527	656	1768	154643	496	0	157563
18528	674	2212	1901	150431	0	155218
18529	152377	467	1809	1815	0	156468
18530	1783	389	377	155003	0	157552
18531	156301	279	295	2053	0	158928
18532	156515	301	281	1796	0	158893
18533	154760	305	307	652	0	156024
18534	3447	366	150836	518	0	155167
18535	152246	254	1640	504	0	154644
18536	2095	288	1628	153448	0	157459
18537	1981	292	413	154435	0	157121
18538	780	319	153081	3169	0	157349
18539	600	689	1609	153549	0	156447
18540	153963	275	1650	2019	0	157907
18541	1792	154849	391	2075	0	159107
18542	158176	1560	347	717	0	160800
18543	158637	1607	310	589	0	161143
18544	160659	390	287	535	0	161871
18545	3462	343	280	156746	0	160831
18546	2206	379	158412	1995	0	162992
18547	657	288	1686	161868	0	164499
18548	598	290	1742	163515	0	166145
18549	162291	277	460	3599	0	166627
18550	158163	264	380	2175	0	160982
18551	3711	284	155107	607	0	159709
18552	2221	619	1810	153385	0	158035
18553	803	280	158370	2076	0	161529
18554	157651	234	2164	2152	0	162201
18555	2263	173773	2093	941	0	179070
18556	174924	2180	689	585	0	178378
18557	2465	181022	422	603	0	184512
18558	178479	2394	498	442	0	181813
18559	2566	180569	345	560	0	184040
18560	2832	2459	515	177055	0	182861
18561	709	2320	338	181757	0	185124
18562	181072	362	317	4652	0	186403
18563	181807	241	287	2736	0	185071
18564	183275	218	310	665	0	184468
18565	180888	178	291	533	0	181890
18566	180677	190	276	446	0	181589
18567	5020	205	290	173248	0	178763
18568	2891	175175	382	2715	0	181163
18569	917	2337	264	171917	0	175435
18570	630	175220	350	2754	0	178954
18571	664	2634	281	169691	0	173270
18572	587	172852	339	2655	0	176433
18573	655	2542	284	170997	0	174478
18574	744	2251	165165	2653	0	170813
18575	156243	391	2316	2552	0	161502
18576	2527	164091	2283	826	0	169727
18577	165438	2190	428	544	0	168600
18578	2902	2258	162253	483	0	167896
18579	159848	420	2337	526	0	163131
18580	2924	322	169502	493	0	173241
18581	2713	471	2518	165731	0	171433
18582	742	177375	2515	2766	0	183398
18583	822	2749	180831	2620	0	187022
18584	644	2741	2914	180764	0	187063
18585	178486	466	2822	3271	0	185045
18586	3153	359	573	185875	0	189960
18587	3195	302	313	186666	0	190476
18588	959	331	299	190505	0	192094
18589	876	360	184733	5934	0	191903
18590	775	378	2892	182219	0	186264
18591	708	181489	2942	3493	0	188632
18592	772	2888	484	182835	0	186979
18593	812	2852	279	182477	0	186420
18594	178569	554	270	5570	0	184963
18595	3430	630	278	183963	0	188301
18596	3375	366	185293	3438	0	192472
18597	1205	360	185443	3196	0	190204
18598	1021	393	186134	887	0	188435
18599	594	182295	5756	864	0	189509
18600	177078	3360	4212	754	0	185404
18601	3022	179226	731	733	0	183712
18602	175088	2995	675	571	0	179329
18603	3230	2850	343	171446	0	177869
18604	3142	572	174743	2921	0	181378
18605	902	455	173044	2899	0	177300
18606	636	176466	5247	941	0	183290
18607	673	3081	3062	174670	0	181486
18608	613	2897	615	177740	0	181865
18609	460	689	395	182261	0	183805
18610	618	471	177516	5951	0	184556
18611	164552	400	3061	3556	0	171569
18612	3311	483	180271	998	0	185063
18613	3207	415	3157	174125	0	180904
18614	891	391	2999	180847	0	185128
18615	768	412	177923	5932	0	185035
18616	167482	369	3247	3644	0	174742
18617	3151	177893	3166	1288	0	185498
18618	179271	3027	796	865	0	183959
18619	3479	3054	574	170783	0	177890
18620	3140	176887	597	3292	0	183916
18621	876	3153	543	180507	0	185079
18622	177668	3060	602	3671	0	185001
18623	3370	770	522	179168	0	183830
18624	3374	611	174971	3765	0	182721
18625	171219	527	3208	3513	0	178467
18626	175617	513	3159	1241	0	180530
18627	6039	555	173304	1000	0	180898
18628	3617	503	3211	171901	0	179232
18629	175049	453	3178	3690	0	182370
18630	3493	472	874	174727	0	179566
18631	3404	433	691	171966	0	176494
18632	1041	487	694	174569	0	176791
18633	882	428	708	174461	0	176479
18634	811	553	168214	6513	0	176091
18635	717	513	3348	169582	0	174160
18636	807	520	169934	4087	0	175348
18637	163917	500	3613	3786	0	171816
18638	168950	525	3393	1402	0	174270
18639	170292	495	978	1141	0	172906
18640	169893	486	814	1167	0	172360
18641	6369	506	839	163103	0	170817
18642	163808	424	859	3819	0	168910
18643	3863	427	160244	3745	0	168279
18644	3539	403	160277	1288	0	165507
18645	151942	411	5765	1128	0	159246
18646	3254	153715	3507	1270	0	161746
18647	3008	153309	1072	1240	0	158629
18648	1297	5232	1215	149887	0	157631
18649	1047	2813	150638	3397	0	157895
18650	141958	735	3465	3535	0	149693
18651	3336	505	151466	1354	0	156661
18652	2931	143414	3069	1529	0	150943
18653	1447	2506	142967	1184	0	148104
18654	805	134757	2869	1143	0	139574
18655	117939	3014	3755	1178	0	125886
18656	2235	118653	955	1000	0	122843
18657	2023	112507	655	889	0	116074
18658	1039	3263	636	111005	0	115943
18659	762	1802	110221	2221	0	115006
18660	629	487	2014	107959	0	111089
18661	594	402	1946	109330	0	112272
18662	681	339	107790	3578	0	112388
18663	675	323	2083	103939	0	107020
18664	582	105892	2026	2181	0	110681
18665	617	1756	695	108796	0	111864
18666	107479	1703	580	2261	0	112023
18667	2120	460	576	109243	0	112399
18668	2132	383	107988	2275	0	112778
18669	757	406	2014	109637	0	112814
18670	708	386	109300	2324	0	112718
18671	106248	368	2149	2145	0	110910
18672	2109	360	1957	108551	0	112977
18673	109821	366	732	2235	0	113154
18674	2252	398	109185	2092	0	113927
18675	103891	374	2034	869	0	107168
18676	2092	109387	1996	793	0	114268
18677	2145	1804	110146	713	0	114808
18678	876	2835	2172	107193	0	113076
18679	863	489	111649	2045	0	115046
18680	500	104590	2015	2002	0	109107
18681	583	106844	1876	850	0	110153
18682	92314	2285	773	630	0	96002
18683	1346	97473	435	561	0	99815
18684	97725	1298	606	473	0	100102
18685	1768	1442	406	97579	0	101195
18686	1532	353	96918	1444	0	100247
18687	411	97719	1381	1538	0	101049
18688	678	1732	1563	96334	0	100307
18689	446	1339	398	99197	0	101380
18690	421	367	320	101658	0	102766
18691	403	429	328	99148	0	100308
18692	395	96801	360	2804	0	100360
18693	323	100304	357	1690	0	102674
18694	96045	2313	377	540	0	99275
18695	1290	96773	328	476	0	98867
18696	1222	1468	352	91960	0	95002
18697	397	1154	91790	1264	0	94605
18698	242	91219	1211	1325	0	93997
18699	345	1266	1213	89072	0	91896
18700	388	1706	367	87405	0	89866
18701	191	89706	218	2030	0	92145
18702	86986	1102	235	1195	0	89518
18703	1123	1107	87593	356	0	90179
18704	81723	331	1041	255	0	83350
18705	1011	85367	1003	293	0	87674
18706	79709	911	349	171	0	81140
18707	859	82323	124	208	0	83514
18708	1035	1107	225	84292	0	86659
18709	263	1033	154	85378	0	86828
18710	83913	263	149	1893	0	86218
18711	986	271	101	85489	0	86847
18712	1081	198	84312	1137	0	86728
18713	179	82584	921	1133	0	84817
18714	170	83716	912	304	0	85102
18715	233	1853	292	82336	0	84714
18716	261	1035	83030	953	0	85279
18717	157	408	848	82058	0	83471
18718	163	232	890	82829	0	84114
18719	192	222	81786	1794	0	83994
18720	223	210	80478	1164	0	82075
18721	115	81814	1627	422	0	83978
18722	81584	914	942	328	0	83768
18723	894	1052	177	79338	0	81461
18724	901	79925	167	945	0	81938
18725	81364	954	142	1061	0	83521
18726	877	1036	151	81509	0	83573
18727	908	298	100	81430	0	82736
18728	189	80674	146	1872	0	82881
18729	162	998	140	80825	0	82125
18730	80533	986	145	1195	0	82859
18731	912	329	141	82195	0	83577
18732	997	282	174	82623	0	84076
18733	294	304	81288	1849	0	83735
18734	255	324	78845	1174	0	80598
18735	79751	250	1693	501	0	82195
18736	936	272	987	81012	0	83207
18737	996	283	219	81420	0	82918
18738	281	278	174	82864	0	83597
18739	287	279	80752	1995	0	83313
18740	79099	308	939	1281	0	81627
18741	976	302	959	80765	0	83002
18742	1051	268	263	82046	0	83628
18743	79835	286	253	1971	0	82345
18744	973	80192	254	1458	0	82877
18745	1079	1027	80536	578	0	83220
18746	300	1121	990	77945	0	80356
18747	264	80461	1045	1325	0	83095
18748	298	1007	318	81986	0	83609
18749	80212	1062	274	1316	0	82864
18750	1025	383	236	81290	0	82934
18751	80133	319	245	1379	0	82076
18752	79739	316	254	1417	0	81726
18753	1890	313	242	77656	0	80101
18754	1142	77978	259	1370	0	80749
18755	315	80158	272	1471	0	82216
18756	364	1815	79407	675	0	82261
18757	298	1210	1098	77287	0	79893
18758	285	381	1099	80311	0	82076
18759	317	307	341	81411	0	82376
18760	79172	326	265	2240	0	82003
18761	1137	309	220	80530	0	82196
18762	1242	291	80005	1461	0	82999
18763	79290	254	1022	1569	0	82135
18764	1172	273	1054	82734	0	85233
18765	1173	267	313	84420	0	86173
18766	400	316	83099	2231	0	86046
18767	79887	298	1023	1546	0	82754
18768	1082	301	1103	83894	0	86380
18769	1213	283	85663	1506	0	88665
18770	428	246	1079	85933	0	87686
18771	421	256	1211	77774	0	79662
18772	383	86426	419	2137	0	89365
18773	86029	1041	286	1455	0	88811
18774	85059	1065	287	793	0	87204
18775	1945	84825	327	762	0	87859
18776	84627	1020	329	677	0	86653
18777	82841	1010	297	723	0	84871
18778	2042	351	256	82688	0	85337
18779	1271	232	80851	1424	0	83778
18780	505	244	78949	1382	0	81080
18781	420	210	78761	597	0	79988
18782	371	290	79600	608	0	80869
18783	581	1128	1924	72941	0	76574
18784	263	170	1083	75478	0	76994
18785	270	171	277	75319	0	76037
18786	343	127	221	77144	0	77835
18787	75715	105	208	1804	0	77832
18788	927	77334	225	1249	0	79735
18789	78641	716	258	542	0	80157
18790	1004	735	78381	396	0	80516
18791	955	186	80838	350	0	82329
18792	358	793	1553	80721	0	83425
18793	81813	144	1418	1095	0	84470
18794	74742	158	289	1042	0	76231
18795	1516	80744	191	443	0	82894
18796	878	81506	159	366	0	82909
18797	327	1563	162	81017	0	83069
18798	80814	803	251	878	0	82746
18799	749	81668	127	958	0	83502
18800	82275	684	170	401	0	83530
18801	81739	746	128	332	0	82945
18802	82370	160	100	303	0	82933
18803	1498	107	82660	199	0	84464
18804	890	83027	684	281	0	84882
18805	82026	644	797	252	0	83719
18806	81379	716	269	219	0	82583
18807	1264	79867	131	279	0	81541
18808	610	77239	88	138	0	78075
18809	76953	923	247	136	0	78259
18810	555	594	99	76781	0	78029
18811	603	128	77383	486	0	78600
18812	74784	87	510	577	0	75958
18813	544	77	484	78284	0	79389
18814	545	81022	100	541	0	82208
18815	163	529	46	82622	0	83360
18816	157	543	83069	566	0	84335
18817	131	138	516	82724	0	83509
18818	85861	89	532	712	0	87194
18819	591	99	93	86806	0	87589
18820	638	81	60	87361	0	88140
18821	200	122	90237	1114	0	91673
18822	139	99	559	87601	0	88398
18823	118	90309	570	657	0	91654
18824	90539	529	128	621	0	91817
18825	87748	565	93	183	0	88589
18826	1132	172	90622	127	0	92053
18827	674	174	559	87860	0	89267
18828	165	89680	572	668	0	91085
18829	145	91514	144	661	0	92464
18830	90647	1048	122	193	0	92010
18831	665	632	75	92423	0	93795
18832	678	169	92767	625	0	94239
18833	217	144	92092	642	0	93095
18834	139	108	1104	92952	0	94303
18835	92734	78	628	672	0	94112
18836	92407	96	148	660	0	93311
18837	1193	110	93	95468	0	96864
18838	756	149	97049	669	0	98623
18839	183	97196	636	766	0	98781
18840	97083	593	627	230	0	98533
18841	638	98710	166	239	0	99753
18842	98756	610	144	170	0	99680
18843	728	634	104	98300	0	99766
18844	714	209	98862	654	0	100439
18845	188	123	613	97242	0	98166
18846	98020	112	635	766	0	99533
18847	727	149	98633	688	0	100197
18848	686	99184	644	271	0	100785
18849	214	625	648	100018	0	101505
18850	100111	601	154	686	0	101552
18851	742	170	100643	687	0	102242
18852	700	137	639	101485	0	102961
18853	247	114	643	103311	0	104315
18854	248	151	103619	1230	0	105248
18855	208	141	675	101849	0	102873
18856	230	172	103709	772	0	104883
18857	99135	131	708	840	0	100814
18858	758	107	687	107073	0	108625
18859	808	157	112104	791	0	113860
18860	217	113687	746	905	0	115555
18861	116565	747	771	288	0	118371
18862	123259	767	187	377	0	124590
18863	1697	267	141	131730	0	133835
18864	1054	137597	184	1341	0	140176
18865	138899	1352	163	1247	0	141661
18866	1487	1345	146	138675	0	141653
18867	1456	253	139207	1419	0	142335
18868	133753	166	1360	1397	0	136676
18869	1413	136724	1327	420	0	139884
18870	1405	1310	233	137512	0	140460
18871	137606	1261	185	1453	0	140505
18872	1534	258	135970	1372	0	139134
18873	1451	188	137791	277	0	139707
18874	327	153	2558	132620	0	135658
18875	306	181	141080	1422	0	142989
18876	291	152	1495	136373	0	138311
18877	198	138970	1424	1651	0	142243
18878	236	1428	275	143378	0	145317
18879	140545	1285	228	1655	0	143713
18880	1526	252	141568	1483	0	144829
18881	1372	141684	1493	666	0	145215
18882	375	1442	1398	140736	0	143951
18883	325	1367	143825	1523	0	147040
18884	294	1033	1440	137112	0	139879
18885	202	141410	1376	1571	0	144559
18886	202	144129	272	1444	0	146047
18887	139171	2342	332	414	0	142259
18888	1186	143024	227	453	0	144890
18889	1238	1307	136895	221	0	139661
18890	125907	1339	1579	403	0	129228
18891	1276	284	137640	178	0	139378
18892	1086	208	1231	126659	0	129184
18893	236	174	137623	1154	0	139187
18894	184	135520	1246	1289	0	138239
18895	260	1134	1099	136376	0	138869
18896	175	1013	216	136174	0	137578
18897	170	197	151	135160	0	135678
18898	227	202	134561	2163	0	137153
18899	203	152	1137	132420	0	133912
18900	165	147	1054	135507	0	136873
18901	132728	138	240	2207	0	135313
18902	132377	146	212	1346	0	134081
18903	2139	165	133580	318	0	136202
18904	1153	131664	1229	477	0	134523
18905	324	1133	134406	232	0	136095
18906	247	1075	1275	133572	0	136169
18907	273	260	137791	1265	0	139589
18908	186	195	1261	135862	0	137504
18909	205	152	1176	138865	0	140398
18910	223	173	138234	2253	0	140883
18911	124389	143	1327	1452	0	127311
18912	1157	138980	1203	506	0	141846
18913	1143	1273	287	138823	0	141526
18914	310	1142	141035	1291	0	143778
18915	266	268	137902	1224	0	139660
18916	132413	299	2256	399	0	135367
18917	1136	139146	1289	458	0	142029
18918	1124	1208	306	138614	0	141252
18919	141363	1081	282	1410	0	144136
18920	1287	207	235	142856	0	144585
18921	1273	227	201	144039	0	145740
18922	305	251	144224	2457	0	147237
18923	136678	186	1341	1518	0	139723
18924	145155	179	1292	404	0	147030
18925	2449	196	310	144879	0	147834
18926	145322	157	264	1493	0	147236
18927	1480	276	267	144500	0	146523
18928	1308	142360	303	1712	0	145683
18929	331	146600	284	1646	0	148861
18930	413	2672	337	146318	0	149740
18931	143285	1420	308	1630	0	146643
18932	1322	285	199	144806	0	146612
18933	145697	199	198	1610	0	147704
18934	145430	179	211	1480	0	147300
18935	2557	169	215	145124	0	148065
18936	1470	156	229	147950	0	149805
18937	413	193	143974	2666	0	147246
18938	392	221	145090	1523	0	147226
18939	300	226	2617	144709	0	147852
18940	300	236	152792	1652	0	154980
18941	148257	178	1783	1731	0	151949
18942	1604	178	1642	159356	0	162780
18943	1575	238	166775	1848	0	170436
18944	164646	145	2059	1952	0	168802
18945	178841	134	1960	544	0	181479
18946	4081	186390	453	571	0	191495
18947	2454	2253	277	188607	0	193591
18948	643	2304	192142	2370	0	197459
18949	190054	369	2450	2554	0	195427
18950	196472	232	2440	597	0	199741
18951	4638	298	195071	423	0	200430
18952	195764	155	2461	501	0	198881
18953	2745	172	2487	193493	0	198897
18954	2646	174	456	196602	0	199878
18955	194517	158	355	4639	0	199669
18956	194896	144	344	2755	0	198139
18957	4901	1239	501	191982	0	198623
18958	3286	246	192644	2595	0	198771
18959	663	186053	2380	3050	0	192146
18960	1007	2177	188723	647	0	192554
18961	984	2390	186292	576	0	190242
18962	678	178517	4608	828	0	184631
18963	1113	2271	3048	161713	0	168145
18964	541	1818	694	164418	0	167471
18965	455	368	163177	3368	0	167368
18966	402	241	1838	162398	0	164879
18967	163580	190	1954	2101	0	167825
18968	1982	211	165707	2062	0	169962
18969	166285	157	1911	692	0	169045
18970	169029	120	2030	525	0	171704
18971	171340	120	562	444	0	172466
18972	4224	199	167330	413	0	172166
18973	2559	244	168271	425	0	171499
18974	857	335	3581	166131	0	170904
18975	757	343	2308	160619	0	164027
18976	627	168460	689	3566	0	173342
18977	168213	1738	556	2249	0	172756
18978	166709	1865	558	682	0	169814
18979	3725	167471	554	883	0	172633
18980	168241	1762	544	604	0	171151
18981	2224	167363	581	828	0	170996
18982	168588	1929	512	614	0	171643
18983	2346	1973	458	161939	0	166716
18984	2412	479	164300	2082	0	169273
18985	847	400	163374	2165	0	166786
18986	688	454	3757	160706	0	165605
18987	640	239	2405	163104	0	166388
18988	736	314	160393	3638	0	165081
18989	589	297	2166	158373	0	161425
18990	601	257	2314	161479	0	164651
18991	158151	232	743	3868	0	162994
18992	159397	227	611	2425	0	162660
18993	158715	244	560	836	0	160355
18994	4055	293	154901	673	0	159922
18995	2492	154968	2111	903	0	160474
18996	1028	1827	2142	155595	0	160592
18997	1015	1974	158498	1964	0	163451
18998	858	158879	2106	2174	0	164017
18999	159850	1908	2245	644	0	164647
19000	2381	1986	700	159885	0	164952
19001	2446	491	624	162345	0	165906
19002	160454	391	602	3894	0	165341
19003	2297	383	534	161781	0	164995
19004	2437	347	544	162062	0	165390
19005	161255	327	554	4097	0	166233
19006	2524	436	159497	2659	0	165116
19007	2518	157807	2164	1176	0	163665
19008	158067	1901	2265	835	0	163068
19009	2460	2102	159196	830	0	164588
19010	157063	505	2211	822	0	160601
19011	2428	160713	2491	946	0	166578
19012	159633	1876	873	797	0	163179
19013	158728	1990	724	824	0	162266
19014	156409	503	709	858	0	158479
19015	4228	598	653	152052	0	157531
19016	2715	1271	656	151251	0	155893
19017	1046	151568	704	4154	0	157472
19018	946	153228	700	2718	0	157592
19019	1072	153981	617	1236	0	156906
19020	149921	3356	610	898	0	154785
19021	2405	2100	147433	786	0	152724
19022	2441	558	1852	146181	0	151032
19023	926	440	2054	145630	0	149050
19024	730	146865	703	3740	0	152038
19025	921	1891	575	147924	0	151311
19026	848	2048	604	145996	0	149496
19027	782	148363	613	3738	0	153496
19028	145467	1884	652	2343	0	150346
19029	2076	149230	587	1158	0	153051
19030	2336	2014	145170	815	0	150335
19031	143020	1982	1794	853	0	147649
19032	2179	146975	1973	990	0	152117
19033	145961	1757	573	777	0	149068
19034	2367	1926	510	144684	0	149487
19035	2400	582	573	145413	0	148968
19036	1083	543	144000	3314	0	148940
19037	1028	612	143856	2084	0	147580
19038	968	1517	3062	140838	0	146385
19039	140431	558	2006	1973	0	144968
19040	135567	493	710	1787	0	138557
19041	3180	137351	494	811	0	141836
19042	1792	132212	383	663	0	135050
19043	655	127369	324	543	0	128891
19044	2738	4412	1738	113566	0	122454
19045	110941	1194	1981	1655	0	115771
19046	109005	150	107	864	0	110126
19047	108477	120	106	232	0	108935
19048	1692	177	105961	193	0	108023
19049	921	120933	863	295	0	123012
19050	254	1115	923	133061	0	135353
19051	135173	1159	215	1395	0	137942
19052	1528	191	104	139047	0	140870
19053	1529	128	96	144012	0	145765
19054	144500	107	106	3120	0	147833
19055	154656	130	115	1820	0	156721
19056	3645	192	157624	305	0	161766
19057	2295	196	1961	157395	0	161847
19058	503	157	158661	2085	0	161406
19059	320	272	2158	157883	0	160633
19060	391	209	157570	2278	0	160448
19061	280	658	2115	155736	0	158789
19062	149952	122	2147	2273	0	154494
19063	1905	152919	354	2421	0	157599
19064	2089	157467	195	598	0	160349
19065	668	4367	227	137609	0	142871
19066	228	159264	188	1921	0	161601
19067	156977	2255	242	1945	0	161419
19068	153341	2230	172	429	0	156172
19069	4221	407	151837	272	0	156737
19070	2320	151007	2086	442	0	155855
19071	523	2073	2161	151824	0	156581
19072	394	2069	152359	2111	0	156933
19073	148612	398	2201	2183	0	153394
19074	2257	432	2156	150586	0	155431
19075	2257	247	151782	2185	0	156471
19076	380	194	2107	152319	0	155000
19077	150688	161	2197	2318	0	155364
19078	2251	204	150600	2279	0	155334
19079	149734	168	2148	430	0	152480
19080	151811	213	2127	312	0	154463
19081	4157	221	366	148738	0	153482
19082	2500	220	150683	2180	0	155583
19083	650	265	150136	2236	0	153287
19084	147084	175	4092	550	0	151901
19085	150772	138	2363	417	0	153690
19086	4391	229	150046	394	0	155060
19087	2587	194	2239	148882	0	153902
19088	652	184	2311	145470	0	148617
19089	458	152680	549	4215	0	157902
19090	474	2106	407	154246	0	157233
19091	152459	2182	383	2608	0	157632
19092	2438	306	370	154629	0	157743
19093	2585	267	152041	2678	0	157571
19094	146325	221	2383	2602	0	151531
19095	2497	286	2345	149802	0	154930
19096	2621	372	150579	2436	0	156008
19097	583	148418	2390	2748	0	154139
19098	143686	2232	2456	760	0	149134
19099	2414	150408	538	945	0	154305
19100	148764	2377	513	661	0	152315
19101	2914	2348	146453	719	0	152434
19102	2694	143522	2414	852	0	149482
19103	841	147436	2478	848	0	151603
19104	952	4368	892	142149	0	148361
19105	757	2417	563	144976	0	148713
19106	744	607	143259	4621	0	149231
19107	680	344	2537	144669	0	148230
19108	141578	345	2663	2941	0	147527
19109	2690	382	140618	2865	0	146555
19110	2635	461	2671	139507	0	145274
19111	926	505	141071	2805	0	145307
19112	134137	505	2768	2815	0	140225
19113	2562	139145	2687	1222	0	145616
19114	140561	2454	916	1002	0	144933
19115	141508	2438	686	907	0	145539
19116	143699	640	670	840	0	145849
19117	5106	648	137354	799	0	143907
19118	3049	137224	2751	1077	0	144101
19119	1203	2484	2727	136203	0	142617
19120	948	2534	971	142474	0	146927
19121	145062	628	869	4953	0	151512
19122	3219	507	852	148387	0	152965
19123	149905	453	934	3524	0	154816
19124	149166	491	1263	3442	0	154362
19125	152074	464	850	1190	0	154578
19126	151701	450	922	976	0	154049
19127	5912	536	749	145653	0	152850
19128	147999	491	781	3213	0	152484
19129	3701	543	143553	3188	0	150985
19130	145126	530	3100	1039	0	149795
19131	146469	544	3045	824	0	150882
19132	6048	514	140070	3241	0	149873
19133	145190	503	3135	821	0	149649
19134	146566	469	3106	861	0	151002
19135	5731	452	985	142843	0	150011
19136	3655	421	917	144834	0	149827
19137	139803	2855	884	5472	0	149014
19138	3598	360	790	143634	0	148382
19139	3570	351	831	140291	0	145043
19140	1362	137297	891	5601	0	145151
19141	1290	2315	774	138458	0	142837
19142	134182	2311	771	3299	0	140563
19143	3306	493	749	135303	0	139851
19144	3255	359	708	132095	0	136417
19145	1244	127154	830	5369	0	134597
19146	1448	2250	690	126558	0	130946
19147	1583	2348	677	124732	0	129340
19148	120325	490	696	4543	0	126054
19149	3022	2188	592	101508	0	107310
19150	2178	268	91108	1999	0	95553
19151	586	86306	1556	1894	0	90342
19152	495	84571	1392	582	0	87040
19153	78692	2528	980	409	0	82609
19154	1503	80635	403	500	0	83041
19155	69094	966	1064	307	0	71431
19156	1113	68332	300	247	0	69992
19157	69238	895	358	243	0	70734
19158	1107	767	62	69813	0	71749
19159	929	201	72	70440	0	71642
19160	259	70400	59	1771	0	72489
19161	383	1098	69	72028	0	73578
19162	270	839	72241	1105	0	74455
19163	69319	168	936	1047	0	71470
19164	1020	75204	854	324	0	77402
19165	74575	989	154	223	0	75941
19166	74914	947	101	168	0	76130
19167	76281	146	75	176	0	76678
19168	2066	108	60	74185	0	76419
19169	1184	141	60	73567	0	74952
19170	265	74389	67	2026	0	76747
19171	73453	1045	50	1114	0	75662
19172	1104	75051	51	331	0	76537
19173	75254	1093	81	244	0	76672
19174	1258	1009	75397	235	0	77899
19175	77252	176	1083	230	0	78741
19176	1395	138	1021	77859	0	80413
19177	1382	119	78342	1314	0	81157
19178	395	135	78962	1247	0	80739
19179	293	176	2315	78265	0	81049
19180	307	147	79644	1348	0	81446
19181	281	200	1336	78674	0	80491
19182	75121	99	1238	1444	0	77902
19183	1414	115	179	76999	0	78707
19184	1377	119	75359	1425	0	78280
19185	344	74234	1246	1400	0	77224
19186	283	75367	1188	341	0	77179
19187	506	2416	360	72417	0	75699
19188	72194	1256	352	1470	0	75272
19189	1311	217	81	73296	0	74905
19190	1289	150	88	73802	0	75329
19191	350	137	101	75124	0	75712
19192	270	159	101	75892	0	76422
19193	312	160	74046	2477	0	76995
19194	316	156	73699	1422	0	75593
19195	72922	134	2234	413	0	75703
19196	74574	123	1252	348	0	76297
19197	2392	131	236	73781	0	76540
19198	1419	128	169	75100	0	76816
19199	421	145	73576	2430	0	76572
19200	269	73805	1222	1543	0	76839
19201	73613	1210	1194	422	0	76439
19202	74541	1205	245	329	0	76320
19203	2378	249	165	73810	0	76602
19204	1418	247	74198	1406	0	77269
19205	408	225	1205	71823	0	73661
19206	335	73805	1213	1364	0	76717
19207	365	1248	74135	1336	0	77084
19208	72983	1220	1260	406	0	75869
19209	1362	247	1225	74641	0	77475
19210	75913	175	274	1478	0	77840
19211	1460	206	73775	1456	0	76897
19212	74409	168	1289	464	0	76330
19213	1434	216	1288	73887	0	76825
19214	74297	197	286	1469	0	76249
19215	1518	290	252	72528	0	74588
19216	1399	71213	248	1522	0	74382
19217	440	72786	240	1456	0	74922
19218	580	2805	289	70381	0	74055
19219	438	1225	69838	1322	0	72823
19220	311	68571	1168	1343	0	71393
19221	817	1329	1199	63408	0	66753
19222	61574	912	482	1169	0	64137
19223	61857	179	204	1103	0	63343
19224	1784	149	182	61613	0	63728
19225	1105	173	206	61140	0	62624
19226	345	59915	221	1848	0	62329
19227	307	61971	200	1188	0	63666
19228	60942	1650	214	461	0	63267
19229	955	1010	215	61168	0	63348
19230	1017	222	201	61877	0	63317
19231	339	206	60916	1962	0	63423
19232	292	125	977	61130	0	62524
19233	283	150	1022	60818	0	62273
19234	310	138	281	61799	0	62528
19235	308	172	60483	1983	0	62946
19236	293	143	962	61315	0	62713
19237	60283	146	1042	1288	0	62759
19238	1034	167	59683	1236	0	62120
19239	61079	170	1013	573	0	62835
19240	1098	146	1013	61506	0	63763
19241	1111	162	290	62736	0	64299
19242	356	132	227	64743	0	65458
19243	330	130	62808	2056	0	65324
19244	60765	122	1037	1370	0	63294
19245	1087	65046	1089	577	0	67799
19246	65882	975	315	443	0	67615
19247	1160	66499	270	427	0	68356
19248	1156	1086	228	65820	0	68290
19249	66201	1037	210	1262	0	68710
19250	1149	228	65081	1300	0	67758
19251	64135	169	1038	496	0	65838
19252	1218	160	65705	425	0	67508
19253	1207	515	1122	63225	0	66069
19254	372	158	63888	1191	0	65609
19255	303	62088	1093	1239	0	64723
19256	704	1156	1213	58540	0	61613
19257	56650	1061	448	1414	0	59573
19258	880	206	163	55310	0	56559
19259	884	54992	166	985	0	57027
19260	346	826	185	55279	0	56636
19261	53839	787	171	960	0	55757
19262	52614	150	162	951	0	53877
19263	1515	51848	175	429	0	53967
19264	701	48708	130	231	0	49770
19265	384	1216	248	47046	0	48894
19266	342	632	222	47269	0	48465
19267	46658	128	110	1147	0	48043
19268	46068	102	104	676	0	46950
19269	1061	46660	95	327	0	48143
19270	673	781	80	45529	0	47063
19271	221	726	85	46072	0	47104
19272	200	151	45721	1097	0	47169
19273	144	45196	541	766	0	46647
19274	142	43961	497	242	0	44842
19275	236	1013	166	40856	0	42271
19276	140	362	40734	401	0	41637
19277	123	100	40593	375	0	41191
19278	118	155	656	40320	0	41249
19279	131	122	396	40744	0	41393
19280	102	68	40765	668	0	41603
19281	94	45	368	41201	0	41708
19282	101	62	42138	436	0	42737
19283	42324	64	427	448	0	43263
19284	434	67	392	43320	0	44213
19285	490	75	44388	498	0	45451
19286	157	81	45137	498	0	45873
19287	105	193	864	46526	0	47688
19288	124	82	49876	587	0	50669
19289	126	95	50770	600	0	51591
19290	76	48907	1046	239	0	50268
19291	50092	575	615	166	0	51448
19292	639	556	51287	110	0	52592
19293	555	135	587	50364	0	51641
19294	129	106	571	52472	0	53278
19295	92	61	107	53269	0	53529
19296	97	77	51869	1220	0	53263
19297	90	75	591	51532	0	52288
19298	51124	55	583	741	0	52503
19299	588	61	129	51416	0	52194
19300	603	65	51207	703	0	52578
19301	117	67	610	51286	0	52080
19302	51350	68	630	754	0	52802
19303	52216	56	167	697	0	53136
19304	52079	79	122	187	0	52467
19305	1160	53	127	51411	0	52751
19306	52058	53	128	670	0	52909
19307	51748	37	136	660	0	52581
19308	51856	43	114	217	0	52230
19309	1177	50366	128	214	0	51885
19310	51010	558	142	164	0	51874
19311	687	548	114	50616	0	51965
19312	666	110	50562	691	0	52029
19313	172	50511	663	687	0	52033
19314	50488	585	633	207	0	51913
19315	613	577	167	50520	0	51877
19316	633	122	150	48966	0	49871
19317	149	50008	159	1155	0	51471
19318	116	51585	145	690	0	52536
19319	49181	1057	144	220	0	50602
19320	601	50112	128	213	0	51054
19321	48111	615	115	138	0	48979
19322	626	48437	108	187	0	49358
19323	47465	594	108	167	0	48334
19324	621	48045	104	188	0	48958
19325	564	48927	105	204	0	49800
19326	48375	979	97	160	0	49611
19327	652	566	47674	160	0	49052
19328	590	48105	578	159	0	49432
19329	190	600	566	48123	0	49479
19330	154	532	128	49214	0	50028
19331	169	105	99	49179	0	49552
19332	157	74	92	49718	0	50041
19333	163	73	49069	1157	0	50462
19334	47872	77	572	684	0	49205
19335	675	76	548	50189	0	51488
19336	51428	63	132	698	0	52321
19337	52853	80	114	633	0	53680
19338	53916	100	98	216	0	54330
19339	53259	93	88	163	0	53603
19340	1356	91	52446	154	0	54047
19341	758	217	712	51343	0	53030
19342	248	119	52572	762	0	53701
19343	157	51977	824	732	0	53690
19344	361	993	866	49468	0	51688
19345	231	699	234	50076	0	51240
19346	110	121	89	50117	0	50437
19347	123	62	104	49980	0	50269
19348	114	68	48834	1310	0	50326
19349	110	82	680	49291	0	50163
19350	128	74	625	49985	0	50812
19351	49803	71	158	1279	0	51311
19352	51442	68	135	796	0	52441
19353	1357	78	140	52277	0	53852
19354	798	75	145	53077	0	54095
19355	252	61	148	53964	0	54425
19356	53141	69	135	1590	0	54935
19357	54345	91	136	909	0	55481
19358	54806	83	141	288	0	55318
19359	54619	74	121	231	0	55045
19360	1495	53967	106	282	0	55850
19361	54891	730	115	251	0	55987
19362	54773	671	101	263	0	55808
19363	1511	127	86	53690	0	55414
19364	896	138	71	53683	0	54788
19365	52475	86	95	1468	0	54124
19366	890	51893	97	942	0	53822
19367	833	53251	72	352	0	54508
19368	53434	1279	137	315	0	55165
19369	979	731	110	53488	0	55308
19370	872	152	70	54139	0	55233
19371	367	105	41	55026	0	55539
19372	316	107	42	54781	0	55246
19373	299	101	49	54056	0	54505
19374	255	52717	53	1544	0	54569
19375	264	738	45	53057	0	54104
19376	52345	671	53	889	0	53958
19377	839	173	53	52279	0	53344
19378	772	149	58	52101	0	53080
19379	50939	136	60	1367	0	52502
19380	821	51275	61	885	0	53042
19381	719	1170	71	49813	0	51773
19382	238	50977	73	787	0	52075
19383	230	1469	128	48912	0	50739
19384	313	577	48403	710	0	50003
19385	44437	363	693	663	0	46156
19386	609	46132	502	246	0	47489
19387	43898	550	128	156	0	44732
19388	578	423	42155	157	0	43313
19389	473	677	440	38683	0	40273
19390	116	39952	378	500	0	40946
19391	128	40569	128	476	0	41301
19392	38804	768	193	188	0	39953
19393	508	405	78	38749	0	39740
19394	419	72	39706	479	0	40676
19395	127	95	390	40207	0	40819
19396	133	44	40541	535	0	41253
19397	38547	45	429	470	0	39491
19398	487	54	40933	198	0	41672
19399	416	47	427	39859	0	40749
19400	147	41152	376	521	0	42196
19401	148	418	66	40737	0	41369
19402	112	41632	57	535	0	42336
19403	42026	435	59	479	0	42999
19404	532	384	41	42878	0	43835
19405	472	88	43163	568	0	44291
19406	187	76	42553	507	0	43323
19407	41949	46	750	238	0	42983
19408	44248	58	378	214	0	44898
19409	44452	69	65	182	0	44768
19410	44007	61	47	166	0	44281
19411	872	43555	54	199	0	44680
19412	44108	439	42	187	0	44776
19413	44060	395	36	190	0	44681
19414	910	87	43453	177	0	44627
19415	528	100	420	42651	0	43699
19416	43492	64	362	578	0	44496
19417	577	80	43025	527	0	44209
19418	495	113	426	42299	0	43333
19419	210	106	43926	578	0	44820
19420	208	80	436	42432	0	43156
19421	174	44065	365	569	0	45173
19422	44404	451	63	484	0	45402
19423	565	403	43633	199	0	44800
19424	43299	118	428	196	0	44041
19425	552	100	356	43381	0	44389
19426	43862	94	78	573	0	44607
19427	546	75	57	43838	0	44516
19428	45309	85	61	673	0	46128
19429	580	113	44435	504	0	45632
19430	45378	106	427	273	0	46184
19431	577	96	361	46097	0	47131
19432	465	95	81	46343	0	46984
19433	45377	90	77	871	0	46415
19434	570	86	52	45626	0	46334
19435	418	114	44505	565	0	45602
19436	240	360	401	43622	0	44623
19437	41617	64	305	472	0	42458
19438	370	41310	89	396	0	42165
19439	308	40999	70	158	0	41535
19440	39790	456	100	116	0	40462
19441	328	41306	62	134	0	41830
19442	432	354	177	39448	0	40411
19443	39676	181	294	337	0	40488
19444	39105	61	52	215	0	39433
19445	39078	51	29	79	0	39237
19446	407	77	39252	78	0	39814
19447	195	317	221	38240	0	38973
19448	59	39392	178	263	0	39892
19449	96	347	65	39452	0	39960
19450	125	175	40202	212	0	40714
19451	70	39330	232	222	0	39854
19452	209	526	140	37847	0	38722
19453	36680	92	110	135	0	37017
19454	115	37281	25	117	0	37538
19455	116	105	38561	23	0	38805
19456	31	90	121	38206	0	38448
19457	63	34	38989	146	0	39232
19458	31	35	139	37679	0	37884
19459	39331	11	140	197	0	39679
19460	154	17	22	39479	0	39672
19461	39780	11	30	172	0	39993
19462	40150	12	29	161	0	40352
19463	255	41335	23	64	0	41677
19464	42096	123	27	54	0	42300
19465	165	42160	16	58	0	42399
19466	157	152	42778	42	0	43129
19467	60	114	156	42695	0	43025
19468	57	25	121	45044	0	45247
19469	74	47	44233	316	0	44670
19470	38	44140	205	230	0	44613
19471	44789	175	149	60	0	45173
19472	45773	144	36	105	0	46058
19473	371	24	28	46699	0	47122
19474	199	20	24	47142	0	47385
19475	58	11	29	47744	0	47842
19476	47183	19	46	370	0	47618
19477	262	38	46918	195	0	47413
19478	211	39	47340	55	0	47645
19479	46	24	344	47675	0	48089
19480	98	40	47848	230	0	48216
19481	81	42	47834	189	0	48146
19482	47	21	353	46209	0	46630
19483	100	45	49076	234	0	49455
19484	61	48877	223	293	0	49454
19485	67	217	179	49697	0	50160
19486	92	184	50539	264	0	51079
19487	43	48	229	50033	0	50353
19488	36	49588	186	299	0	50109
19489	62	206	42	50334	0	50644
19490	88	196	51068	268	0	51620
19491	72	67	221	50222	0	50582
19492	50503	27	193	286	0	51009
19493	254	39	50935	191	0	51419
19494	48232	38	211	91	0	48572
19495	244	50766	174	101	0	51285
19496	51291	207	81	91	0	51670
19497	258	241	35	51504	0	52038
19498	212	51881	43	297	0	52433
19499	53338	241	54	270	0	53903
19500	300	222	44	54067	0	54633
19501	259	58	54975	314	0	55606
19502	43	55730	304	292	0	56369
19503	152	328	309	55724	0	56513
19504	55597	223	57	376	0	56253
19505	54816	33	50	261	0	55160
19506	500	44	27	55036	0	55607
19507	284	30	54935	319	0	55568
19508	51683	33	307	303	0	52326
19509	341	58	55032	94	0	55525
19510	255	45	312	54738	0	55350
19511	56097	28	271	366	0	56762
19512	283	56291	81	342	0	56997
19513	56987	283	62	100	0	57432
19514	383	264	56268	81	0	56996
19515	56733	42	325	146	0	57246
19516	336	37	268	58001	0	58642
19517	294	42	65	59071	0	59472
19518	129	68	58863	552	0	59612
19519	81	45	286	57788	0	58200
19520	58661	42	289	409	0	59401
19521	324	43	62	59366	0	59795
19522	273	60855	73	380	0	61581
19523	81	313	62	60756	0	61212
19524	75	61452	80	466	0	62073
19525	119	349	61002	316	0	61786
19526	58361	249	345	125	0	59080
19527	345	58	278	61987	0	62668
19528	347	64	60769	368	0	61548
19529	87	60822	346	391	0	61646
19530	91	329	269	60757	0	61446
19531	73	286	94	61181	0	61634
19532	60896	64	75	622	0	61657
19533	356	70	87	61919	0	62432
19534	62580	57	74	447	0	63158
19535	62700	55	74	375	0	63204
19536	631	63274	94	188	0	64187
19537	64517	399	81	134	0	65131
19538	484	318	77	68614	0	69493
19539	424	77	69502	580	0	70583
19540	68962	43	552	523	0	70080
19541	570	46	431	69175	0	70222
19542	502	82	69186	586	0	70356
19543	66351	60	551	525	0	67487
19544	568	78	432	69303	0	70381
19545	496	71077	107	613	0	72293
19546	175	539	83	69607	0	70404
19547	113	71159	109	610	0	71991
19548	70303	551	109	505	0	71468
19549	643	469	71718	170	0	73000
19550	485	71534	566	217	0	72802
19551	152	622	447	71904	0	73125
19552	154	452	71929	603	0	73138
19553	159	159	70891	517	0	71726
19554	145	71923	917	215	0	73200
19555	305	754	560	70651	0	72270
19556	115	445	136	71940	0	72636
19557	121	78	90	81094	0	81383
19558	82532	89	86	1325	0	84032
19559	1048	99	87665	751	0	89563
19560	743	88518	1138	257	0	90656
19561	195	1142	881	88686	0	90904
19562	162	911	151	91791	0	93015
19563	213	175	90531	2103	0	93022
19564	169	238	1224	90583	0	92214
19565	212	96	91310	1413	0	93031
19566	221	114	88834	1022	0	90191
19567	313	115	90267	250	0	90945
19568	230	145	2091	86344	0	88810
19569	149	120	1040	89081	0	90390
19570	109	125	183	91351	0	91768
19571	89519	86	150	2120	0	91875
19572	1183	88953	154	1319	0	91609
19573	91643	1216	123	381	0	93363
19574	92464	902	162	290	0	93818
19575	93822	158	122	254	0	94356
19576	2139	93941	155	304	0	96539
19577	95229	1239	199	205	0	96872
19578	95680	983	116	228	0	97007
19579	2175	202	117	94445	0	96939
19580	1157	147	128	95916	0	97348
19581	292	130	167	98120	0	98709
19582	275	172	95991	2398	0	98836
19583	92192	114	1355	1315	0	94976
19584	1375	155	1115	95575	0	98220
19585	94837	121	323	1552	0	96833
19586	1418	94367	292	1326	0	97403
19587	1079	1268	286	95294	0	97927
19588	259	993	271	96864	0	98387
19589	95527	195	262	2475	0	98459
19590	1400	902	224	95784	0	98310
19591	95994	168	195	1669	0	98026
19592	95664	182	161	1319	0	97326
19593	2501	94092	172	534	0	97299
19594	1279	96506	195	412	0	98392
19595	451	2811	202	93509	0	96973
19596	320	96364	196	1455	0	98335
19597	364	1556	174	96388	0	98482
19598	380	1114	94851	1557	0	97902
19599	376	280	92561	1285	0	94502
19600	88505	291	2286	483	0	91565
19601	91607	170	1230	439	0	93446
19602	2249	90977	314	489	0	94029
19603	91290	1295	260	464	0	93309
19604	1437	93902	264	516	0	96119
19605	1170	1393	257	93976	0	96796
19606	338	1069	258	94901	0	96566
19607	316	231	249	95432	0	96228
19608	249	220	300	95971	0	96740
19609	93468	164	322	2595	0	96549
19610	1378	93779	326	1617	0	97100
19611	94327	1277	281	631	0	96516
19612	94157	1020	259	621	0	96057
19613	2491	278	92753	477	0	95999
19614	90926	259	1324	491	0	93000
19615	1592	91580	1082	487	0	94741
19616	1313	1440	257	91770	0	94780
19617	534	1209	214	89970	0	91927
19618	428	91107	258	2439	0	94232
19619	91665	1413	299	1358	0	94735
19620	1708	1134	90034	506	0	93382
19621	88796	307	1457	594	0	91154
19622	1863	245	90542	632	0	93282
19623	1486	227	1542	89691	0	92946
19624	639	342	1269	91605	0	93855
19625	580	319	491	93028	0	94418
19626	91765	419	368	3004	0	95556
19627	1688	333	92960	1866	0	96847
19628	92621	342	1528	1098	0	95589
19629	94590	303	1359	1021	0	97273
19630	94791	263	593	938	0	96585
19631	94699	225	641	792	0	96357
19632	2758	274	636	92548	0	96216
19633	1615	268	92649	1871	0	96403
19634	809	595	1535	91620	0	94559
19635	758	265	92739	2027	0	95789
19636	737	350	90207	1604	0	92898
19637	778	90384	2029	866	0	94057
19638	976	1509	1149	84953	0	88587
19639	812	1116	265	86356	0	88549
19640	830	491	206	82391	0	83918
19641	825	374	220	86717	0	88136
19642	85288	356	238	2126	0	88008
19643	85481	277	185	1247	0	87190
19644	2477	258	203	84120	0	87058
19645	1509	292	82899	1756	0	86456
19646	635	237	1167	84150	0	86189
19647	528	230	932	85473	0	87163
19648	625	221	84014	2499	0	87359
19649	610	184	1194	82998	0	84986
19650	83138	259	936	1793	0	86126
19651	83418	271	250	1407	0	85346
19652	84380	366	183	787	0	85716
19653	2407	325	126	82208	0	85066
19654	82218	237	164	1667	0	84286
19655	80816	227	309	1317	0	82669
19656	2330	228	79210	764	0	82532
19657	941	105	67765	358	0	69169
19658	513	149	67784	266	0	68712
19659	60246	201	839	158	0	61444
19660	397	61632	460	129	0	62618
19661	61059	268	409	87	0	61823
19662	345	64079	80	149	0	64653
19663	366	339	118	63565	0	64388
19664	95	259	65	64233	0	64652
19665	98	46	45	64553	0	64742
19666	95	52	63785	597	0	64529
19667	58898	30	328	380	0	59636
19668	381	79	295	63139	0	63894
19669	322	54	63289	313	0	63978
19670	143	54	60330	275	0	60802
19671	59974	44	518	103	0	60639
19672	317	63442	287	144	0	64190
19673	62465	284	195	143	0	63087
19674	61561	216	73	120	0	61970
19675	493	61472	54	120	0	62139
19676	60458	253	93	96	0	60900
19677	363	232	61837	71	0	62503
19678	295	59	60358	59	0	60771
19679	125	57	62455	75	0	62712
19680	110	492	560	60558	0	61720
19681	93	34	62283	274	0	62684
19682	59446	57	286	211	0	60000
19683	60700	14	176	84	0	60974
19684	454	56	61645	63	0	62218
19685	216	52	234	60415	0	60917
19686	61377	12	188	292	0	61869
19687	228	64228	56	254	0	64766
19688	191	65158	54	113	0	65516
19689	65172	369	83	106	0	65730
19690	279	195	65475	46	0	65995
19691	225	450	242	62949	0	63866
19692	62	46	220	64219	0	64547
19693	36	26	42	64630	0	64734
19694	18	64435	37	353	0	64843
19695	45	199	18	64665	0	64927
19696	67204	128	27	262	0	67621
19697	262	38	30	68896	0	69226
19698	220	70181	36	380	0	70817
19699	71968	283	25	352	0	72628
19700	325	264	20	72217	0	72826
19701	284	40	14	74690	0	75028
19702	75974	18	29	620	0	76641
19703	75803	21	32	380	0	76236
19704	723	32	22	76614	0	77391
19705	79240	27	28	467	0	79762
19706	79330	26	27	483	0	79866
19707	913	80543	43	135	0	81634
19708	81335	491	30	74	0	81930
19709	543	80890	48	110	0	81591
19710	581	509	20	80940	0	82050
19711	146	576	82282	519	0	83523
19712	68	90	494	81936	0	82588
19713	59	43	524	82883	0	83509
19714	64	36	59	84793	0	84952
19715	83741	30	28	1133	0	84932
19716	552	83905	51	731	0	85239
19717	86486	540	38	131	0	87195
19718	629	88919	49	219	0	89816
19719	91063	604	53	140	0	91860
19720	91104	646	35	77	0	91862
19721	91725	70	32	77	0	91904
19722	91241	50	43	98	0	91432
19723	1386	91	90398	89	0	91964
19724	787	70	646	90438	0	91941
19725	150	43	703	94523	0	95419
19726	161	84	92626	1398	0	94269
19727	88827	47	728	902	0	90504
19728	786	41	793	92253	0	93873
19729	920	88	91391	815	0	93214
19730	240	87	90389	874	0	91590
19731	130	75	1557	92709	0	94471
19732	243	114	96238	841	0	97436
19733	147	89	819	94427	0	95482
19734	139	78	850	95148	0	96215
19735	210	97	93291	1626	0	95224
19736	87322	65	794	1010	0	89191
19737	853	81	843	93291	0	95068
19738	984	119	94328	905	0	96336
19739	211	73	766	95114	0	96164
19740	95077	58	880	941	0	96956
19741	926	99	94691	942	0	96658
19742	92541	61	796	322	0	93720
19743	97074	64	886	202	0	98226
19744	1672	68	140	97015	0	98895
19745	1001	67	95	96597	0	97760
19746	296	113	96814	1644	0	98867
19747	205	79	806	97044	0	98134
19748	183	99	879	95025	0	96186
19749	200	90	188	98321	0	98799
19750	257	98	95625	1731	0	97711
19751	92643	62	842	1113	0	94660
19752	96401	63	931	329	0	97724
19753	98953	67	161	310	0	99491
19754	100706	90	123	324	0	101243
19755	1822	90	126	100327	0	102365
19756	100882	93	129	989	0	102093
19757	100264	89	151	1098	0	101602
19758	95124	97	163	341	0	95725
19759	100949	61	135	257	0	101402
19760	1762	99902	186	337	0	102187
19761	101762	778	151	274	0	102965
19762	100099	842	131	315	0	101387
19763	1799	100201	195	368	0	102563
19764	101643	907	193	309	0	103052
19765	1235	946	163	101613	0	103957
19766	1148	194	157	102291	0	103790
19767	101180	71	153	1999	0	103403
19768	1083	100289	187	1244	0	102803
19769	1132	100545	197	412	0	102286
19770	380	1810	185	101926	0	104301
19771	354	972	102402	1070	0	104798
19772	282	188	992	100813	0	102275
19773	282	79	1039	103057	0	104457
19774	101577	81	206	1942	0	103806
19775	101538	65	179	1175	0	102957
19776	1968	69	163	101585	0	103785
19777	1240	120	101265	1074	0	103699
19778	375	97	972	102759	0	104203
19779	103909	55	1109	1205	0	106278
19780	1249	80	107989	1211	0	110529
19781	1245	109234	1164	463	0	112106
19782	112691	1077	1238	389	0	115395
19783	1338	1138	208	113118	0	115802
19784	1399	105	159	113717	0	115380
19785	342	106	176	117227	0	117851
19786	346	99	114167	2495	0	117107
19787	99874	73	1258	1612	0	102817
19788	1408	111	111263	345	0	113127
19789	1412	109819	1275	441	0	112947
19790	409	1113	1295	110543	0	113360
19791	340	1285	235	112163	0	114023
19792	377	251	193	116507	0	117328
19793	437	115	114671	2682	0	117905
19794	403	146	112909	1536	0	114994
19795	414	139	117336	447	0	118336
19796	291	116578	2540	457	0	119866
19797	701	1464	1742	115792	0	119699
19798	118769	1208	384	1474	0	121835
19799	123452	141	247	1454	0	125294
19800	2944	137	130463	324	0	133868
19801	1709	132047	1571	528	0	135855
19802	590	1507	133462	308	0	135867
19803	280	137825	1678	434	0	140217
19804	133068	2184	2333	656	0	138241
19805	131997	1554	429	396	0	134376
19806	2963	132123	245	478	0	135809
19807	133769	1519	227	314	0	135829
19808	1772	1440	190	132185	0	135587
19809	1615	237	151	134040	0	136043
19810	133646	145	142	2953	0	136886
19811	130739	127	147	1666	0	132679
19812	131741	130	136	389	0	132396
19813	3075	130856	197	429	0	134557
19814	1654	134822	206	444	0	137126
19815	134078	2745	180	319	0	137322
19816	1763	1556	133820	281	0	137420
19817	1693	1108	1560	129960	0	134321
19818	128314	318	1626	1560	0	131818
19819	1603	127407	299	1555	0	130864
19820	1510	131247	184	396	0	133337
19821	131120	2669	337	279	0	134405
19822	1738	1485	128644	238	0	132105
19823	125335	553	1616	249	0	127753
19824	1796	225	127365	186	0	129572
19825	1503	214	126725	154	0	128596
19826	471	441	2629	124179	0	127720
19827	432	244	130156	1369	0	132201
19828	125851	223	1561	1315	0	128950
19829	130682	183	1449	372	0	132686
19830	131954	175	297	276	0	132702
19831	130813	179	229	256	0	131477
19832	2745	202	246	127223	0	130416
19833	128457	212	231	1431	0	130331
19834	1641	127987	255	1432	0	131315
19835	1573	1386	205	122989	0	126153
19836	481	131482	238	1356	0	133557
19837	133840	1443	196	1355	0	136834
19838	133197	1311	214	381	0	135103
19839	2716	377	216	132508	0	135817
19840	134778	263	209	1505	0	136755
19841	134463	252	255	1419	0	136389
19842	2811	266	236	133515	0	136828
19843	1708	269	255	133742	0	135974
19844	643	266	264	136249	0	137422
19845	629	279	132452	2682	0	136042
19846	596	303	128654	1530	0	131083
19847	611	295	132850	378	0	134134
19848	570	318	2730	130519	0	134137
19849	615	310	136167	1546	0	138638
19850	599	277	1635	133106	0	135617
19851	629	267	143076	1730	0	145702
19852	605	283	139239	1508	0	141635
19853	131687	276	2750	543	0	135256
19854	1653	138809	1630	522	0	142614
19855	140766	1473	576	462	0	143277
19856	1882	1358	409	139308	0	142957
19857	1754	412	347	141108	0	143621
19858	773	348	141681	2677	0	145479
19859	584	141806	1565	1817	0	145772
19860	664	1749	1456	143266	0	147135
19861	712	1417	144257	1559	0	147945
19862	512	142417	1500	1608	0	146037
19863	756	1525	1441	141570	0	145292
19864	140487	1308	638	1497	0	143930
19865	139807	394	396	1388	0	141985
19866	2686	336	387	139903	0	143312
19867	141002	319	398	1505	0	143224
19868	1686	141554	490	1545	0	145275
19869	1672	1459	349	142761	0	146241
19870	844	1351	144849	1502	0	148546
19871	730	476	1526	144567	0	147299
19872	755	365	147138	1750	0	150008
19873	139445	371	1663	1658	0	143137
19874	1950	441	1433	145438	0	149262
19875	1805	148470	430	1828	0	152533
19876	916	2033	394	152256	0	155599
19877	813	1439	150530	1820	0	154602
19878	799	433	148278	1684	0	151194
19879	819	428	146629	526	0	148402
19880	134826	899	3211	573	0	139509
19881	1491	141500	1625	535	0	145151
19882	1481	1295	470	138809	0	142055
19883	139371	1172	471	1411	0	142425
19884	1417	139349	444	1537	0	142747
19885	143946	1212	402	785	0	146345
19886	143934	1228	452	517	0	146131
19887	145881	380	410	593	0	147264
19888	147589	268	417	424	0	148698
19889	2671	252	144494	344	0	147761
19890	140019	167	1476	458	0	142120
19891	1639	223	144603	399	0	146864
19892	126967	235	1579	415	0	129196
19893	1544	474	1367	140116	0	143501
19894	1478	194	138886	1129	0	141687
19895	537	137338	1151	1273	0	140299
19896	1135	5604	1476	127512	0	135727
19897	500	135000	411	966	0	136877
19898	454	134238	347	1131	0	136170
19899	120806	1528	903	680	0	123917
19900	930	694	119709	248	0	121581
19901	578	116908	583	237	0	118306
19902	113413	651	1071	214	0	115349
19903	471	114998	222	185	0	115876
19904	114453	379	158	134	0	115124
19905	564	512	106	113158	0	114340
19906	114579	97	74	418	0	115168
19907	446	68	73	112819	0	113406
19908	113633	60	89	488	0	114270
19909	448	96	78	112984	0	113606
19910	432	116536	110	521	0	117599
19911	145	403	77	118772	0	119397
19912	118032	386	80	476	0	118974
19913	405	117541	100	530	0	118576
19914	449	437	80	116784	0	117750
19915	117863	392	98	565	0	118918
19916	461	112	79	118925	0	119577
19917	448	101	79	119076	0	119704
19918	246	131	120051	792	0	121220
19919	193	132	117193	485	0	118003
19920	130	129	744	116321	0	117324
19921	218	203	122846	501	0	123768
19922	139	106	431	121797	0	122473
19923	137	105	422	118597	0	119261
19924	137	98	127	123465	0	123827
19925	217	135	123500	806	0	124658
19926	151	93	404	119514	0	120162
19927	142	105	383	121194	0	121824
19928	134	123400	125	926	0	124585
19929	138	462	87	124693	0	125380
19930	123855	389	113	567	0	124924
19931	475	114	84	125654	0	126327
19932	543	141	138886	570	0	140140
19933	129234	88	958	659	0	130939
19934	994	147575	837	455	0	149861
19935	922	1112	216	150180	0	152430
19936	382	1001	148860	1152	0	151395
19937	137569	239	1161	1164	0	140133
19938	1129	147723	1063	487	0	150402
19939	148670	1124	307	273	0	150374
19940	1307	1034	165	147338	0	149844
19941	147020	265	172	1288	0	148745
19942	1465	193	147989	1110	0	150757
19943	1135	147199	1158	466	0	149958
19944	356	155495	1037	367	0	157255
19945	156075	1977	363	362	0	158777
19946	155448	1160	193	281	0	157082
19947	2207	355	155032	178	0	157772
19948	149011	178	1166	241	0	150596
19949	153354	149	1029	259	0	154791
19950	155158	113	270	273	0	155814
19951	2233	149658	186	330	0	152407
19952	1249	151245	154	329	0	152977
19953	150791	1960	158	241	0	153150
19954	150821	1173	158	273	0	152425
19955	2073	152991	157	375	0	155596
19956	1280	1157	94	153683	0	156214
19957	489	1091	153766	1165	0	156511
19958	149139	323	1181	1270	0	151913
19959	150696	173	1113	537	0	152519
19960	158613	144	314	362	0	159433
19961	2138	156794	220	402	0	159554
19962	1386	1207	157726	200	0	160519
19963	158832	1045	1186	288	0	161351
19964	1337	322	1066	163026	0	165751
19965	1219	203	287	164015	0	165724
19966	455	179	146	166939	0	167719
19967	393	215	164596	2329	0	167533
19968	316	186	1147	160823	0	162472
19969	372	280	164096	1485	0	166233
19970	180	159444	1258	1384	0	162266
19971	155761	1065	1033	404	0	158263
19972	1041	157832	303	383	0	159559
19973	960	158742	190	362	0	160254
19974	157068	1790	360	279	0	159497
19975	1057	160340	181	319	0	161897
19976	977	1290	112	156433	0	158812
19977	348	158127	132	1061	0	159668
19978	156281	1191	128	916	0	158516
19979	1075	158348	109	456	0	159988
19980	1066	1310	102	159319	0	161797
19981	474	1120	158148	1159	0	160901
19982	247	353	1096	158627	0	160323
19983	205	160317	1055	2113	0	163690
19984	229	1290	287	162545	0	164351
19985	248	1292	169	160687	0	162396
19986	236	423	154	162287	0	163100
19987	242	192	147	164250	0	164831
19988	253	188	162	165413	0	166016
19989	286	181	197	166871	0	167535
19990	332	305	165649	2751	0	169037
19991	155801	215	1563	1803	0	159382
19992	1649	210	1450	178580	0	181889
19993	1692	265	180347	2034	0	184338
19994	636	316	180339	1872	0	183163
19995	370	282	3450	181332	0	185434
19996	184386	242	2075	2133	0	188836
19997	2164	344	181087	1898	0	185493
19998	178525	227	2101	671	0	181524
19999	2439	365	186968	412	0	190184
20000	2253	284	2272	184263	0	189072
20001	793	326	1987	190099	0	193205
20002	731	416	188406	3649	0	193202
20003	175598	333	2189	2320	0	180440
20004	2271	346	1993	186422	0	191032
20005	2238	354	187118	2206	0	191916
20006	950	349	187558	2099	0	190956
20007	797	382	3792	174823	0	179794
20008	516	187624	2307	2058	0	192505
20009	189904	1988	738	1888	0	194518
20010	187647	1933	537	681	0	190798
20011	4108	649	188401	464	0	193622
20012	2478	468	2193	182935	0	188074
20013	188129	372	2105	2380	0	192986
20014	2551	345	188389	2213	0	193498
20015	183308	211	2334	892	0	186745
20016	2572	186603	2291	903	0	192369
20017	2360	2029	714	188980	0	194083
20018	881	1961	574	190897	0	194313
20019	194099	489	533	4181	0	199302
20020	2510	367	488	195899	0	199264
20021	2404	288	454	193140	0	196286
20022	774	286	415	196121	0	197596
20023	190449	232	510	4857	0	196048
20024	2637	327	190723	2934	0	196621
20025	188885	315	2504	1149	0	192853
20026	191278	246	2374	954	0	194852
20027	193479	302	762	778	0	195321
20028	4828	498	635	188492	0	194453
20029	3170	493	191373	2710	0	197746
20030	961	188411	2601	2801	0	194774
20031	736	191283	2487	1087	0	195593
20032	543	182850	643	911	0	184947
20033	1171	3445	180376	682	0	185674
20034	861	3073	2318	196016	0	202268
20035	202753	406	2315	3043	0	208517
20036	216885	263	471	2851	0	220470
20037	5424	230	363	227822	0	233839
20038	3276	221	228680	3538	0	235715
20039	938	242	228126	3338	0	232644
20040	620	183	6001	228775	0	235579
20041	645	266	232362	3735	0	237008
20042	503	257	3629	232807	0	237196
20043	514	231	3286	225559	0	229590
20044	457	229157	889	6620	0	237123
20045	571	3190	585	233934	0	238280
20046	613	3055	550	239214	0	243432
20047	233894	595	605	7000	0	242094
20048	3755	324	486	237927	0	242492
20049	3650	278	526	237268	0	241722
20050	230813	206	583	7123	0	238725
20051	3754	230914	698	4433	0	239799
20052	236137	3278	713	1265	0	241393
20053	4250	3250	231437	1040	0	239977
20054	231136	515	3823	1067	0	236541
20055	229249	350	3956	1005	0	234560
20056	7094	356	225933	964	0	234347
20057	4222	431	224814	1008	0	230475
20058	1473	806	7010	217028	0	226317
20059	217320	311	4292	4159	0	226082
20060	4097	315	216009	4058	0	224479
20061	3857	273	4349	213932	0	222411
20062	1297	319	215698	4441	0	221755
20063	1019	288	4322	212360	0	217989
20064	952	354	4004	212413	0	217723
20065	211560	304	1227	7584	0	220675
20066	213338	411	949	4770	0	219468
20067	216683	448	886	1820	0	219837
20068	7613	385	212551	1762	0	222311
20069	4570	436	212443	1672	0	219121
20070	1685	406	7171	209336	0	218598
20071	1375	446	4221	211716	0	217758
20072	1431	468	1504	216542	0	219945
20073	206590	432	1254	7716	0	215992
20074	4273	208213	1261	5307	0	219054
20075	207829	3575	1196	2037	0	214637
20076	202627	3381	1116	1898	0	209022
20077	7339	201198	1159	1960	0	211656
20078	4571	204410	1117	1945	0	212043
20079	199741	6163	1138	1888	0	208930
20080	4477	3515	1104	194017	0	203113
20081	4482	196511	980	5175	0	207148
20082	2347	3568	1012	199833	0	206760
20083	2221	3370	195227	5180	0	205998
20084	1878	902	4188	196976	0	203944
20085	193387	623	4533	5353	0	203896
20086	4759	547	191498	5059	0	201863
20087	4765	489	189876	2558	0	197688
20088	2467	5484	7672	164900	0	180523
20089	1853	180096	4745	4857	0	191551
20090	1830	179646	1947	4809	0	188232
20091	1739	182379	1896	3062	0	189076
20092	170000	5650	2031	3095	0	180776
20093	169236	2906	1443	2669	0	176254
20094	164444	905	1354	2719	0	169422
20095	6093	162384	1340	3159	0	172976
20096	165763	2715	1406	2644	0	172528
20097	163766	2799	1324	2454	0	170343
20098	6780	1096	160374	2283	0	170533
20099	4632	155311	3874	2172	0	165989
20100	2741	3469	3931	155052	0	165193
20101	154863	2918	1954	4208	0	163943
20102	4632	980	153626	4267	0	163505
20103	3992	828	4183	147849	0	156852
20104	2281	151087	3939	5028	0	162335
20105	2159	2950	1915	151810	0	158834
20106	2263	2776	1755	152157	0	158951
20107	152654	974	1691	6767	0	162086
20108	153152	1026	1705	4611	0	160494
20109	6579	1062	1778	150880	0	160299
20110	4452	1125	150331	4618	0	160526
20111	2558	1134	149880	4422	0	157994
20112	150293	1081	5738	2410	0	159522
20113	5293	1046	153113	2164	0	161616
20114	5135	1524	4032	131082	0	141773
20115	2827	144699	4127	3737	0	155390
20116	144253	2870	2346	3669	0	153138
20117	4306	145343	2242	2393	0	154284
20118	146138	3203	2158	2570	0	154069
20119	4471	2820	1811	143516	0	152618
20120	4243	1274	1668	144107	0	151292
20121	143593	1328	1404	6133	0	152458
20122	144960	1369	1336	3993	0	151658
20123	7054	1460	1328	142496	0	152338
20124	5046	1628	1363	142670	0	150707
20125	2969	1465	140808	5569	0	150811
20126	2447	1383	140147	3891	0	147868
20127	138096	1350	5466	2350	0	147262
20128	4208	1419	137114	2354	0	145095
20129	135846	1220	3716	2384	0	143166
20130	135813	1095	3997	2306	0	143211
20131	6654	1173	131289	2127	0	141243
20132	4313	127303	3367	1930	0	136913
20133	2603	127961	3709	1598	0	135871
20134	2071	2795	102769	869	0	108504
20135	3889	8305	4084	84242	0	100520
20136	76090	1826	3689	3048	0	84653
20137	73049	320	343	1133	0	74845
20138	80504	284	229	492	0	81509
20139	93247	254	225	455	0	94181
20140	94715	245	223	481	0	95664
20141	2857	96402	343	468	0	100070
20142	93960	1437	267	309	0	95973
20143	1665	93771	286	340	0	96062
20144	91095	1464	332	165	0	93056
20145	1582	1232	87382	125	0	90321
20146	1365	160	1235	83792	0	86552
20147	251	154	1103	80298	0	81806
20148	159	83557	126	2313	0	86155
20149	83840	1194	112	1093	0	86239
20150	84695	1120	62	149	0	86026
20151	2315	134	63	82742	0	85254
20152	1255	93	73	84153	0	85574
20153	82785	60	90	2285	0	85220
20154	1292	79	65	83822	0	85258
20155	1222	69	51	84191	0	85533
20156	82962	85	59	2292	0	85398
20157	1360	80	52	83608	0	85100
20158	83967	67	57	1355	0	85446
20159	84090	58	62	1224	0	85434
20160	2419	74	82909	202	0	85604
20161	83451	54	1188	854	0	85547
20162	82898	57	1112	166	0	84233
20163	83804	62	107	175	0	84148
20164	2473	109	80556	154	0	83292
20165	1378	86	1193	78716	0	81373
20166	352	71	1110	81327	0	82860
20167	305	98	79394	2291	0	82088
20168	77459	65	1269	1216	0	80009
20169	1380	73	1145	77902	0	80500
20170	1328	71	77320	1284	0	80003
20171	350	99	79064	1201	0	80714
20172	299	71	2291	78638	0	81299
20173	314	99	80563	1384	0	82360
20174	318	79	1324	79561	0	81282
20175	343	75	1213	80323	0	81954
20176	374	116	79446	2435	0	82371
20177	371	128	1302	75926	0	77727
20178	288	78014	1239	1456	0	80997
20179	284	81383	279	1350	0	83296
20180	80203	2326	212	280	0	83021
20181	80202	1213	195	282	0	81892
20182	2469	79734	205	426	0	82834
20183	80746	1300	158	277	0	82481
20184	80726	1202	169	276	0	82373
20185	2693	214	158	79165	0	82230
20186	1536	202	157	80917	0	82812
20187	78655	183	146	2537	0	81521
20188	1551	78173	147	1520	0	81391
20189	1532	79718	157	453	0	81860
20190	551	2460	176	79021	0	82208
20191	541	1284	79540	1519	0	82884
20192	77830	189	1348	1505	0	80872
20193	79798	192	1238	491	0	81719
20194	79056	191	194	396	0	79837
20195	2817	78688	209	418	0	82132
20196	1751	1391	171	76914	0	80227
20197	670	1318	200	79784	0	81972
20198	77999	245	196	2661	0	81101
20199	1747	78173	270	1696	0	81886
20200	1782	1460	199	77449	0	80890
20201	792	1328	211	79035	0	81366
20202	789	308	217	79619	0	80933
20203	77004	287	195	2834	0	80320
20204	1934	77192	228	1781	0	81135
20205	1898	2029	251	72494	0	76672
20206	801	77735	313	1678	0	80527
20207	76133	1498	339	1647	0	79617
20208	1907	1367	75591	692	0	79557
20209	74424	380	1633	815	0	77252
20210	1849	289	74007	786	0	76931
20211	1953	1226	1576	68317	0	73072
20212	68594	238	1414	1702	0	71948
20213	1789	249	67865	1572	0	71475
20214	68064	240	1383	714	0	70401
20215	68293	197	1285	704	0	70479
20216	69099	152	361	699	0	70311
20217	2722	137	355	66195	0	69409
20218	1628	146	360	66885	0	69019
20219	748	154	295	68240	0	69437
20220	65228	135	321	2661	0	68345
20221	1694	65884	429	1679	0	69686
20222	66821	1112	364	643	0	68940
20223	67041	1044	409	529	0	69023
20224	2648	257	65437	493	0	68835
20225	65767	206	1371	512	0	67856
20226	66741	171	1295	558	0	68765
20227	2566	195	444	65413	0	68618
20228	1554	198	435	66226	0	68413
20229	666	206	399	66991	0	68262
20230	64240	216	408	2475	0	67339
20231	64003	209	438	1548	0	66198
20232	62253	200	411	638	0	63502
20233	2235	59021	393	677	0	62326
20234	1132	55879	406	486	0	57903
20235	404	56663	374	591	0	58032
20236	54265	1759	1101	651	0	57776
20237	1342	939	53342	636	0	56259
20238	1098	426	44714	589	0	46827
20239	30881	338	1020	230	0	32469
20240	393	42	31282	129	0	31846
20241	136	60	121	25420	0	25737
20242	39	26214	120	115	0	26488
20243	26529	135	62	144	0	26870
20244	26424	128	24	40	0	26616
20245	26517	23	17	31	0	26588
20246	246	15	14	27365	0	27640
20247	141	21	27987	111	0	28260
20248	52	24	27458	123	0	27657
20249	27586	30	230	47	0	27893
20250	28097	20	132	32	0	28281
20251	27902	13	21	34	0	27970
20252	225	23	19	27999	0	28266
20253	143	17	11	28210	0	28381
20254	53	29	28107	205	0	28394
20255	27636	12	101	163	0	27912
20256	117	25	104	28764	0	29010
20257	129	16	19	28672	0	28836
20258	38	18	25	28598	0	28679
20259	38	28546	18	242	0	28844
20260	41	100	15	28538	0	28694
20261	44	110	20	28530	0	28704
20262	28247	14	30	218	0	28509
20263	133	19	28107	134	0	28393
20264	27517	14	103	44	0	27678
20265	28402	12	110	45	0	28569
20266	227	23	15	28212	0	28477
20267	145	26	13	28295	0	28479
20268	28046	18	21	209	0	28294
20269	138	24	27712	127	0	28001
20270	139	27669	112	62	0	27982
20271	63	120	115	26881	0	27179
20272	26723	86	35	102	0	26946
20273	117	22	16	26023	0	26178
20274	136	15	25796	97	0	26044
20275	55	23	25548	131	0	25757
20276	25291	35	171	50	0	25547
20277	137	62	103	25951	0	26253
20278	113	10	25678	83	0	25884
20279	24723	13	70	138	0	24944
20280	25992	10	80	71	0	26153
20281	131	14	9	26061	0	26215
20282	96	12	14	25965	0	26087
20283	32	26033	17	145	0	26227
20284	26605	54	21	131	0	26811
20285	84	74	17	26746	0	26921
20286	99	7	12	26915	0	27033
20287	35	19	27067	122	0	27243
20288	25472	11	66	95	0	25644
20289	26440	14	80	34	0	26568
20290	123	26251	11	65	0	26450
20291	77	46	25450	29	0	25602
20292	29	53	25211	17	0	25310
20293	71	249	107	24506	0	24933
20294	25391	62	169	141	0	25763
20295	61	29	12	25268	0	25370
20296	26298	5	8	128	0	26439
20297	26326	7	10	71	0	26414
20298	26643	13	17	45	0	26718
20299	77	7	11	26968	0	27063
20300	63	6	10	27153	0	27232
20301	27717	5	13	75	0	27810
20302	59	19	28259	43	0	28380
20303	26348	6	27	34	0	26415
20304	26766	9	33	25	0	26833
20305	55	15	27689	14	0	27773
20306	40	13	27599	18	0	27670
20307	12	27818	42	36	0	27908
20308	93	74	91	27821	0	28079
20309	24442	62	68	133	0	24705
20310	16	3	6	28124	0	28149
20311	25	20	28681	24	0	28750
20312	6	28516	26	54	0	28602
20313	7	28851	13	47	0	28918
20314	14	41	6	29481	0	29542
20315	9	23	5	29093	0	29130
20316	7	29371	8	59	0	29445
20317	17	35	29169	31	0	29252
20318	27737	20	26	32	0	27815
20319	30114	3	19	13	0	30149
20320	40	30365	9	35	0	30449
20321	29720	33	5	10	0	29768
20322	44	48	2	29312	0	29406
20323	29537	1	10	60	0	29608
20324	35	9	5	29303	0	29352
20325	29	30633	9	69	0	30740
20326	37	55	30848	39	0	30979
20327	11	34	46	32136	0	32227
20328	8	8	37	32544	0	32597
20329	9	7	6	33768	0	33790
20330	34579	4	9	189	0	34781
20331	144	13	2	34979	0	35138
20332	139	12	37099	149	0	37399
20333	51	18	38415	135	0	38619
20334	38953	5	390	41	0	39389
20335	244	18	40713	21	0	40996
20336	40644	3	246	45	0	40938
20337	254	4	220	44012	0	44490
20338	242	10	45	45476	0	45773
20339	35	6	41	48000	0	48082
20340	27	3	16	48559	0	48605
20341	48140	5	17	714	0	48876
20342	394	20	49632	374	0	50420
20343	362	19	366	48676	0	49423
20344	27	50629	364	415	0	51435
20345	50744	366	29	376	0	51515
20346	379	368	15	50050	0	50812
20347	50190	23	20	443	0	50676
20348	437	37	50139	396	0	51009
20349	422	15	389	48531	0	49357
20350	34	49907	399	440	0	50780
20351	50135	378	43	390	0	50946
20352	432	397	50221	62	0	51112
20353	421	33	394	49512	0	50360
20354	60	22	406	50425	0	50913
20355	50037	12	45	814	0	50908
20356	451	40	50127	454	0	51072
20357	455	26	50866	69	0	51416
20358	66	24	807	50371	0	51268
20359	81	13	51578	446	0	52118
20360	93	24	52229	443	0	52789
20361	73	33	877	51724	0	52707
20362	75	22	457	52602	0	53156
20363	66	20	90	54495	0	54671
20364	53899	4	79	898	0	54880
20365	462	54632	72	564	0	55730
20366	55340	438	73	116	0	55967
20367	519	430	66	55042	0	56057
20368	492	55699	72	581	0	56844
20369	86	455	52	57437	0	58030
20370	58689	438	51	616	0	59794
20371	536	61413	63	629	0	62641
20372	564	586	47	63576	0	64773
20373	151	557	64249	688	0	65645
20374	63444	70	670	718	0	64902
20375	665	68	627	64684	0	66044
20376	686	73	102	65283	0	66144
20377	182	49	64560	1306	0	66097
20378	144	61	64653	770	0	65628
20379	62846	48	1279	212	0	64385
20380	712	63885	731	195	0	65523
20381	691	678	131	63843	0	65343
20382	64154	635	111	777	0	65677
20383	786	97	64712	738	0	66333
20384	671	64269	754	291	0	65985
20385	149	682	693	64440	0	65964
20386	64862	639	143	848	0	66492
20387	64892	98	144	783	0	65917
20388	65685	64	149	245	0	66143
20389	1322	64245	146	324	0	66037
20390	790	693	64882	191	0	66556
20391	178	646	766	65012	0	66602
20392	163	106	729	63060	0	64058
20393	149	85	169	66115	0	66518
20394	149	69	154	65843	0	66215
20395	64627	66	146	1481	0	66320
20396	63656	95	130	854	0	64735
20397	1410	99	63248	280	0	65037
20398	840	76	62845	262	0	64023
20399	61469	83	1363	234	0	63149
20400	62715	86	769	247	0	63817
20401	1406	108	205	60552	0	62271
20402	824	61936	187	832	0	63779
20403	61427	718	147	831	0	63123
20404	769	61656	168	357	0	62950
20405	744	61706	183	337	0	62970
20406	287	1427	164	61499	0	63377
20407	239	699	149	62270	0	63357
20408	207	157	169	62509	0	63042
20409	201	117	174	62305	0	62797
20410	239	112	60427	1481	0	62259
20411	58865	139	762	830	0	60596
20412	60493	105	718	301	0	61617
20413	1416	105	167	59240	0	60928
20414	816	123	172	59335	0	60446
20415	59086	113	155	1412	0	60766
20416	846	164	58535	823	0	60368
20417	59237	101	730	292	0	60360
20418	59659	118	742	283	0	60802
20419	1451	115	58739	263	0	60568
20420	59674	105	769	383	0	60931
20421	885	107	766	60305	0	62063
20422	792	102	222	61155	0	62271
20423	248	89	199	61515	0	62051
20424	292	84	157	61316	0	61849
20425	58672	103	183	1463	0	60421
20426	892	88	164	58608	0	59752
20427	778	85	120	56496	0	57479
20428	237	54756	163	1352	0	56508
20429	191	55328	163	836	0	56518
20430	240	1098	122	54167	0	55627
20431	53819	572	109	709	0	55209
20432	843	195	141	51543	0	52722
20433	612	91	49313	635	0	50651
20434	277	98	47186	550	0	48111
20435	45801	98	1000	195	0	47094
20436	539	46681	541	247	0	48008
20437	43434	419	500	173	0	44526
20438	644	390	43215	148	0	44397
20439	769	986	532	39900	0	42187
20440	39854	64	530	426	0	40874
20441	394	39765	123	415	0	40697
20442	38953	312	140	142	0	39547
20443	436	295	40563	144	0	41438
20444	391	170	328	39630	0	40519
20445	176	77	356	40208	0	40817
20446	40664	51	166	661	0	41542
20447	40619	63	93	330	0	41105
20448	41574	51	74	145	0	41844
20449	41849	68	34	109	0	42060
20450	41890	68	49	96	0	42103
20451	608	41796	60	151	0	42615
20452	340	304	61	41946	0	42651
20453	42516	267	46	420	0	43249
20454	374	73	37	42519	0	43003
20455	343	47	41	42457	0	42888
20456	160	45	39	42481	0	42725
20457	118	41420	70	616	0	42224
20458	41527	294	46	358	0	42225
20459	350	297	47	41154	0	41848
20460	40347	45	55	372	0	40819
20461	39497	29	46	361	0	39933
20462	557	39262	49	188	0	40056
20463	39261	249	40	103	0	39653
20464	409	250	38549	69	0	39277
20465	37747	80	379	67	0	38273
20466	473	417	541	37088	0	38519
20467	424	45	38683	280	0	39432
20468	108	38885	261	363	0	39617
20469	309	265	38355	127	0	39056
20470	89	36417	217	117	0	36840
20471	33410	498	581	328	0	34817
20472	33405	122	114	164	0	33805
20473	33053	16	33	48	0	33150
20474	116	33204	15	62	0	33397
20475	32955	57	26	29	0	33067
20476	93	60	33084	18	0	33255
20477	70	53	33560	22	0	33705
20478	37	161	95	33024	0	33317
20479	42	66	93	34305	0	34506
20480	7	34526	15	129	0	34677
20481	35037	57	7	65	0	35166
20482	73	51	15	35251	0	35390
20483	58	35730	8	114	0	35910
20484	29	81	12	36663	0	36785
20485	36694	58	8	125	0	36885
20486	36096	11	9	88	0	36204
20487	162	23	35168	29	0	35382
20488	102	15	77	35374	0	35568
20489	39	29	35868	88	0	36024
20490	23	10	81	35857	0	35971
20491	53	24	36344	119	0	36540
20492	23	17	103	35997	0	36140
20493	38	31	36699	112	0	36880
20494	24	16	103	36286	0	36429
20495	67	24	37506	118	0	37715
20496	20	9	104	37477	0	37610
20497	16	14	80	38119	0	38229
20498	16	39486	16	221	0	39739
20499	16	102	15	40433	0	40566
20500	32	99	40049	127	0	40307
20501	27	15	102	39902	0	40046
20502	10	19	89	39966	0	40084
20503	40146	7	14	240	0	40407
20504	115	24	11	40774	0	40924
20505	103	16	13	40590	0	40722
20506	47	29	39917	219	0	40212
20507	38823	5	116	168	0	39112
20508	122	11	100	41095	0	41328
20509	116	9	17	41282	0	41424
20510	22	11	25	41570	0	41628
20511	41614	10	13	261	0	41898
20512	112	10	26	42132	0	42280
20513	105	13	14	42192	0	42324
20514	41926	8	29	263	0	42226
20515	129	42148	14	198	0	42489
20516	128	134	23	41704	0	41989
20517	29	120	15	42207	0	42371
20518	40	33	41772	273	0	42118
20519	34505	29	157	265	0	34956
20520	131	39	116	41283	0	41569
20521	143	26	40438	157	0	40764
20522	40368	14	144	217	0	40743
20523	154	22	124	42467	0	42767
20524	123	12	22	43433	0	43590
20525	26	12	33	43692	0	43763
20526	36	13	12	44548	0	44609
20527	44	19	46995	324	0	47382
20528	26	20	193	47655	0	47894
20529	32	11	193	54901	0	55137
20530	86	35	61945	714	0	62780
20531	64056	7	811	470	0	65344
20532	67363	16	684	108	0	68171
20533	68295	15	141	78	0	68529
20534	1771	13	39	67036	0	68859
20535	68174	13	39	930	0	69156
20536	68836	15	22	821	0	69694
20537	1701	11	23	68653	0	70388
20538	69891	17	43	1035	0	70986
20539	69635	19	32	873	0	70559
20540	70317	14	24	218	0	70573
20541	70564	7	34	111	0	70716
20542	1824	29	24	67892	0	69769
20543	985	66529	37	956	0	68507
20544	244	67580	34	895	0	68753
20545	110	69174	26	271	0	69581
20546	67195	1740	85	146	0	69166
20547	68513	911	32	112	0	69568
20548	1741	211	67513	97	0	69562
20549	68593	59	918	147	0	69717
20550	1118	48	829	69814	0	71809
20551	934	43	166	70395	0	71538
20552	271	27	59	71576	0	71933
20553	69294	23	98	2020	0	71435
20554	1047	27	38	70109	0	71221
20555	926	68852	55	1267	0	71100
20556	271	914	36	70482	0	71703
20557	224	867	71252	1170	0	73513
20558	153	180	939	72045	0	73317
20559	72019	60	877	1221	0	74177
20560	1461	72	72023	955	0	74511
20561	1038	38	965	72166	0	74207
20562	335	48	874	72403	0	73660
20563	223	55	189	73684	0	74151
20564	170	73473	93	2002	0	75738
20565	200	975	70	74830	0	76075
20566	73519	867	79	1231	0	75696
20567	72647	190	75	1050	0	73962
20568	2047	104	71742	313	0	74206
20569	1236	73	72577	196	0	74082
20570	386	86	1801	71729	0	74002
20571	280	64	1057	73725	0	75126
20572	288	80	73940	1987	0	76295
20573	278	137	1027	70868	0	72310
20574	217	74026	983	1213	0	76439
20575	76013	1024	229	1035	0	78301
20576	75904	943	117	347	0	77311
20577	76129	206	84	287	0	76706
20578	2260	98	75602	224	0	78184
20579	1342	178	1051	75654	0	78225
20580	505	97	76452	1171	0	78225
20581	73457	78	1197	1158	0	75890
20582	1190	75346	992	502	0	78030
20583	1186	1059	257	74572	0	77074
20584	74784	939	134	1276	0	77133
20585	1189	251	89	75203	0	76732
20586	1157	122	102	76508	0	77889
20587	462	122	75389	2046	0	78019
20588	71398	87	1071	1316	0	73872
20589	1263	75458	1039	467	0	78227
20590	1181	987	292	75788	0	78248
20591	75593	948	137	1232	0	77910
20592	1290	252	116	76366	0	78024
20593	75957	129	122	1396	0	77604
20594	1373	75978	103	1286	0	78740
20595	77420	1039	123	539	0	79121
20596	1495	985	77350	310	0	80140
20597	77394	315	1172	348	0	79229
20598	77024	109	1105	339	0	78577
20599	77857	113	366	334	0	78670
20600	2377	151	200	75650	0	78378
20601	1449	158	134	75613	0	77354
20602	577	168	146	76698	0	77589
20603	428	75151	114	2229	0	77922
20604	75577	1090	142	1371	0	78180
20605	1362	970	182	75549	0	78063
20606	1315	243	140	76012	0	77710
20607	553	149	168	76637	0	77507
20608	74556	105	203	2277	0	77141
20609	1333	120	143	75908	0	77504
20610	1211	163	74336	1541	0	77251
20611	437	74631	1066	1420	0	77554
20612	294	1150	953	75883	0	78280
20613	304	1085	253	76902	0	78544
20614	357	325	188	78243	0	79113
20615	410	205	75838	2318	0	78771
20616	423	152	75947	1381	0	77903
20617	359	97	2098	76201	0	78755
20618	417	112	79097	1416	0	81042
20619	322	104	1294	79546	0	81266
20620	79926	98	1127	1662	0	82813
20621	82138	135	304	1505	0	84082
20622	82983	139	180	670	0	83972
20623	2486	195	80308	417	0	83406
20624	79077	181	1177	424	0	80859
20625	1576	288	1203	80471	0	83538
20626	1381	126	80187	1351	0	83045
20627	644	99	78472	1260	0	80475
20628	383	77139	2087	716	0	80325
20629	293	71261	1095	381	0	73030
20630	61792	1158	1290	310	0	64550
20631	642	516	276	59999	0	61433
20632	446	61	60790	411	0	61708
20633	109	110	323	61039	0	61581
20634	61467	34	403	423	0	62327
20635	398	59	64801	459	0	65717
20636	64757	29	396	200	0	65382
20637	67876	29	441	132	0	68478
20638	67402	24	69	105	0	67600
20639	923	66900	76	136	0	68035
20640	68687	429	49	148	0	69313
20641	533	504	63	68994	0	70094
20642	581	50	54	69308	0	69993
20643	143	22	50	69942	0	70157
20644	130	77	51	69354	0	69612
20645	67332	39	53	1049	0	68473
20646	497	66801	55	705	0	68058
20647	538	65870	61	175	0	66644
20648	108	67119	65	142	0	67434
20649	66049	917	230	122	0	67318
20650	65874	515	152	112	0	66653
20651	65956	52	77	82	0	66167
20652	65769	51	50	108	0	65978
20653	958	45	53	65325	0	66381
20654	558	33	46	65660	0	66297
20655	65339	32	63	955	0	66389
20656	467	65452	75	622	0	66616
20657	64364	431	54	108	0	64957
20658	64594	472	54	130	0	65250
20659	935	70	57	63831	0	64893
20660	561	64740	68	526	0	65895
20661	154	506	47	66568	0	67275
20662	65705	500	52	589	0	66846
20663	591	75	66638	568	0	67872
20664	594	96	501	64431	0	65622
20665	106	66121	549	544	0	67320
20666	65961	499	113	558	0	67131
20667	64914	525	90	134	0	65663
20668	1098	84	65924	93	0	67199
20669	583	64617	518	192	0	65910
20670	266	594	65525	98	0	66483
20671	148	843	574	62815	0	64380
20672	124	65	63716	509	0	64414
20673	155	77	62509	513	0	63254
20674	104	61865	903	156	0	63028
20675	61236	474	543	93	0	62346
20676	61543	491	114	127	0	62275
20677	914	62568	61	170	0	63713
20678	584	62058	56	148	0	62846
20679	188	913	59719	90	0	60910
20680	132	543	60039	110	0	60824
20681	175	96	61292	99	0	61662
20682	117	89	924	60022	0	61152
20683	150	96	61521	512	0	62279
20684	128	72	488	59809	0	60497
20685	131	68	499	59926	0	60624
20686	170	92	60254	934	0	61450
20687	122	59811	464	636	0	61033
20688	155	504	487	59925	0	61071
20689	59255	515	91	530	0	60391
20690	577	94	69	60079	0	60819
20691	598	75	60010	557	0	61240
20692	139	59904	486	611	0	61140
20693	168	61621	523	164	0	62476
20694	169	994	123	60017	0	61303
20695	59710	540	89	513	0	60852
20696	59233	126	74	561	0	59994
20697	996	91	72	58236	0	59395
20698	610	60362	68	586	0	61626
20699	178	582	73	61102	0	61935
20700	156	569	59	62358	0	63142
20701	160	126	74	63065	0	63425
20702	64870	84	85	1182	0	66221
20703	702	65689	88	783	0	67262
20704	66853	674	102	196	0	67825
20705	67572	727	83	133	0	68515
20706	68135	133	97	127	0	68492
20707	69824	107	92	136	0	70159
20708	1524	164	84	68160	0	69932
20709	888	117	68962	811	0	70778
20710	185	69034	759	885	0	70863
20711	69650	847	937	270	0	71704
20712	70797	765	190	165	0	71917
20713	72356	137	97	149	0	72739
20714	1623	123	70455	143	0	72344
20715	70209	129	783	127	0	71248
20716	71055	129	792	94	0	72070
20717	1600	174	127	70386	0	72287
20718	917	127	68352	801	0	70197
20719	209	67532	784	852	0	69377
20720	290	952	863	66646	0	68751
20721	65517	827	308	895	0	67547
20722	801	124	111	65775	0	66811
20723	775	86	87	66766	0	67714
20724	67548	85	95	1447	0	69175
20725	881	98	67132	817	0	68928
20726	67870	89	739	220	0	68918
20727	67373	72	776	171	0	68392
20728	67860	82	146	138	0	68226
20729	67860	92	128	130	0	68210
20730	1605	99	65948	136	0	67788
20731	932	231	781	64992	0	66936
20732	262	81	66356	767	0	67466
20733	234	365	794	64691	0	66084
20734	232	85	65218	813	0	66348
20735	59522	135	789	789	0	61235
20736	741	59438	752	212	0	61143
20737	707	60051	148	161	0	61067
20738	382	1268	216	61737	0	63603
20739	297	782	151	62164	0	63394
20740	150	65194	105	1468	0	66917
20741	65762	838	95	829	0	67524
20742	68782	785	86	181	0	69834
20743	71801	135	68	110	0	72114
20744	74745	76	73	120	0	75014
20745	2088	59	73	73662	0	75882
20746	1237	57	68	76332	0	77694
20747	77297	72	95	2083	0	79547
20748	1264	52	60	77913	0	79289
20749	1291	58	75882	1442	0	78673
20750	362	79	76418	1183	0	78042
20751	243	76	2131	76924	0	79374
20752	270	69	77786	1253	0	79378
20753	75867	52	1274	1198	0	78391
20754	1257	66	1138	76650	0	79111
20755	77686	52	260	1211	0	79209
20756	1382	93	77511	1225	0	80211
20757	1296	141	1176	77469	0	80082
20758	420	70	79305	1257	0	81052
20759	258	78097	1298	1304	0	80957
20760	76519	1302	1470	451	0	79742
20761	76631	1110	325	286	0	78352
20762	2232	75474	186	305	0	78197
20763	75908	1114	207	214	0	77443
20764	1435	1072	121	74490	0	77118
20765	1278	201	125	75524	0	77128
20766	74222	112	126	2177	0	76637
20767	1305	73450	162	1385	0	76302
20768	1286	74452	154	444	0	76336
20769	446	2093	149	73579	0	76267
20770	73410	1186	128	1236	0	75960
20771	74603	238	154	1212	0	76207
20772	75300	159	158	308	0	75925
20773	2545	159	73134	241	0	76079
20774	1514	145	73041	263	0	74963
20775	502	72477	2176	312	0	75467
20776	72392	1155	1290	277	0	75114
20777	1471	1139	305	71309	0	74224
20778	72802	254	237	1267	0	74560
20779	72687	152	200	1236	0	74275
20780	2516	124	201	71439	0	74280
20781	1554	160	71835	1359	0	74908
20782	71559	158	1205	1297	0	74219
20783	1513	116	1184	72068	0	74881
20784	1480	124	72375	1398	0	75377
20785	71626	139	1258	1344	0	74367
20786	72852	109	1219	484	0	74664
20787	2435	113	357	71780	0	74685
20788	1592	140	71792	1432	0	74956
20789	636	219	1262	70155	0	72272
20790	472	72173	1275	1495	0	75415
20791	615	1172	72533	1294	0	75614
20792	509	73771	1322	486	0	76088
20793	72626	1259	1259	380	0	75524
20794	73191	1151	408	323	0	75073
20795	74033	243	296	361	0	74933
20796	73859	160	305	396	0	74720
20797	2809	192	262	70985	0	74248
20798	70690	171	258	1330	0	72449
20799	1725	180	208	69560	0	71673
20800	67752	150	282	1418	0	69602
20801	1504	67204	241	1399	0	70348
20802	1294	1370	224	62467	0	65355
20803	515	63990	226	1170	0	65901
20804	63015	1099	304	1070	0	65488
20805	62529	1015	292	376	0	64212
20806	2026	61591	239	423	0	64279
20807	1259	1060	267	60393	0	62979
20808	612	877	59625	1043	0	62157
20809	494	604	968	59028	0	61094
20810	490	205	59432	1157	0	61284
20811	541	492	1077	54619	0	56729
20812	439	56561	924	1022	0	58946
20813	56084	875	305	909	0	58173
20814	56380	789	222	352	0	57743
20815	1793	265	195	55621	0	57874
20816	57850	137	184	1109	0	59280
20817	1261	189	178	57788	0	59416
20818	1123	200	181	57992	0	59496
20819	485	184	170	58887	0	59726
20820	58119	153	189	1823	0	60284
20821	58846	119	150	1111	0	60226
20822	59571	140	186	437	0	60334
20823	1857	57625	198	344	0	60024
20824	57256	840	209	271	0	58576
20825	1145	56563	180	321	0	58209
20826	57026	923	241	272	0	58462
20827	1283	775	157	55833	0	58048
20828	1144	262	189	56736	0	58331
20829	56072	182	142	1555	0	57951
20830	56142	166	135	952	0	57395
20831	1681	55507	151	422	0	57761
20832	56186	832	103	336	0	57457
20833	1184	760	115	54833	0	56892
20834	1047	253	96	55529	0	56925
20835	54656	170	107	1556	0	56489
20836	1156	142	54356	952	0	56606
20837	964	52723	762	398	0	54847
20838	613	858	622	49334	0	51427
20839	341	528	47405	630	0	48904
20840	339	1506	629	44344	0	46818
20841	44403	101	664	646	0	45814
20842	555	42170	125	534	0	43384
20843	418	39906	92	192	0	40608
20844	157	37816	87	118	0	38178
20845	713	1087	524	34484	0	36808
20846	34373	218	575	404	0	35570
20847	293	85	27	33668	0	34073
20848	33587	27	36	240	0	33890
20849	33611	25	14	170	0	33820
20850	356	25	16	33392	0	33789
20851	33693	19	19	252	0	33983
20852	261	29	17	34019	0	34326
20853	225	35	34221	244	0	34725
20854	34015	31	218	204	0	34468
20855	281	42	36964	62	0	37349
20856	35250	30	241	72	0	35593
20857	288	42	36288	48	0	36666
20858	255	25	185	34514	0	34979
20859	61	35	211	35392	0	35699
20860	35877	22	22	422	0	36343
20861	225	22	13	36812	0	37072
20862	36908	18	20	243	0	37189
20863	236	36881	21	265	0	37403
20864	37842	209	19	105	0	38175
20865	246	236	23	38365	0	38870
20866	275	38	15	38758	0	39086
20867	56	24	31	39196	0	39307
20868	62	35	21	39162	0	39280
20869	61	25	38243	485	0	38814
20870	69	32	37730	286	0	38117
20871	49	71	418	37886	0	38424
20872	62	32	38742	244	0	39080
20873	39	38160	226	313	0	38738
20874	64	276	235	38270	0	38845
20875	74	250	39178	246	0	39748
20876	73	45	38996	272	0	39386
20877	64	156	450	39314	0	39984
20878	57	20	282	39302	0	39661
20879	35	39926	49	508	0	40518
20880	40	243	20	40858	0	41161
20881	49	268	40897	280	0	41494
20882	40111	22	274	306	0	40713
20883	279	28	304	41810	0	42421
20884	42299	18	43	331	0	42691
20885	42217	23	46	355	0	42641
20886	42871	23	28	131	0	43053
20887	614	28	43070	74	0	43786
20888	369	33	42840	66	0	43308
20889	40016	25	607	90	0	40738
20890	338	27	43107	66	0	43538
20891	352	31	293	40793	0	41469
20892	80	28	337	41883	0	42328
20893	72	62	41980	602	0	42716
20894	62	42129	291	370	0	42852
20895	41840	279	347	91	0	42557
20896	291	42524	54	110	0	42979
20897	358	43269	47	115	0	43789
20898	43256	567	66	100	0	43989
20899	313	340	44747	70	0	45470
20900	384	43	45289	80	0	45796
20901	72	26	673	44150	0	44921
20902	44687	25	417	363	0	45492
20903	311	45218	86	443	0	46058
20904	45784	325	52	116	0	46277
20905	375	390	46055	75	0	46895
20906	393	48342	383	92	0	49210
20907	71	394	419	49794	0	50678
20908	107	454	50444	435	0	51440
20909	68	75	449	50729	0	51321
20910	61	50	507	49511	0	50129
20911	85	29	90	51404	0	51608
20912	84	50	75	51180	0	51389
20913	50312	28	93	918	0	51351
20914	50188	40	79	545	0	50852
20915	941	60	50831	92	0	51924
20916	49238	52	448	100	0	49838
20917	475	49165	537	125	0	50302
20918	49519	406	121	99	0	50145
20919	510	498	49460	104	0	50572
20920	536	170	509	48334	0	49549
20921	125	43	49676	494	0	50338
20922	124	46	49413	552	0	50135
20923	119	207	949	48158	0	49433
20924	109	49	578	48798	0	49534
20925	105	48	48200	963	0	49316
20926	97	47470	485	623	0	48675
20927	93	48054	552	138	0	48837
20928	127	920	111	47718	0	48876
20929	46852	519	114	533	0	48018
20930	448	48325	119	623	0	49515
20931	552	426	48797	130	0	49905
20932	130	500	48455	132	0	49217
20933	117	81	49270	135	0	49603
20934	110	60	963	47388	0	48521
20935	47899	52	596	505	0	49052
20936	470	47586	142	633	0	48831
20937	600	461	47425	159	0	48645
20938	101	47929	524	166	0	48720
20939	102	478	583	47479	0	48642
20940	138	521	47794	528	0	48981
20941	99	47892	527	620	0	49138
20942	114	438	570	47523	0	48645
20943	107	527	129	48500	0	49263
20944	156	107	48678	946	0	49887
20945	126	70	519	47355	0	48070
20946	124	48126	599	547	0	49396
20947	149	467	48185	574	0	49375
20948	47364	526	509	143	0	48542
20949	522	122	575	48191	0	49410
20950	594	137	160	47511	0	48402
20951	125	48003	162	933	0	49223
20952	47459	436	178	568	0	48641
20953	470	519	46706	130	0	47825
20954	45927	117	504	195	0	46743
20955	494	263	508	43918	0	45183
20956	423	44316	144	440	0	45323
20957	135	382	174	44416	0	45107
20958	83	444	151	45429	0	46107
20959	44974	105	121	847	0	46047
20960	45188	78	115	530	0	45911
20961	796	80	96	44882	0	45854
20962	463	85	44590	465	0	45603
20963	42152	87	443	484	0	43166
20964	388	44504	492	152	0	45536
20965	466	444	141	44295	0	45346
20966	137	445	114	45251	0	45947
20967	83	94	112	45778	0	46067
20968	107	85	45116	896	0	46204
20969	87	127	476	44463	0	45153
20970	79	45148	525	511	0	46263
20971	90	426	131	44201	0	44848
20972	68	45012	105	483	0	45668
20973	97	498	110	44751	0	45456
20974	90	469	44204	481	0	45244
20975	41252	94	439	516	0	42301
20976	492	154	471	43153	0	44270
20977	424	78	42607	430	0	43539
20978	83	42511	414	497	0	43505
20979	42079	377	526	150	0	43132
20980	390	402	41628	135	0	42555
20981	39981	257	589	219	0	41046
20982	431	144	451	40113	0	41139
20983	367	60	115	39430	0	39972
20984	59	39810	92	650	0	40611
20985	39685	324	97	369	0	40475
20986	38976	350	60	103	0	39489
20987	609	39421	72	125	0	40227
20988	363	356	80	39559	0	40358
20989	67	361	67	39795	0	40290
20990	57	86	69	39751	0	39963
20991	67	57	39187	686	0	39997
20992	37893	61	353	420	0	38727
20993	343	68	348	38929	0	39688
20994	343	68	90	39102	0	39603
20995	77	70	38401	670	0	39218
20996	81	74	38197	401	0	38753
20997	80	169	636	38181	0	39066
20998	111	91	38889	410	0	39501
20999	36280	100	421	392	0	37193
21000	318	65	345	37307	0	38035
21001	353	50	78	37866	0	38347
21002	81	48	38479	645	0	39253
21003	57	223	326	38831	0	39437
21004	62	43	39423	380	0	39908
21005	47	38146	338	397	0	38928
21006	34902	447	597	256	0	36202
21007	34227	240	105	63	0	34635
21008	400	34008	23	88	0	34519
21009	251	231	31	34093	0	34606
21010	65	236	34356	233	0	34890
21011	36	62	211	34231	0	34540
21012	34052	14	231	254	0	34551
21013	208	34156	47	275	0	34686
21014	34242	198	35	64	0	34539
21015	239	238	24	33780	0	34281
21016	33860	41	24	241	0	34166
21017	225	33644	32	265	0	34166
21018	33974	206	29	78	0	34287
21019	238	220	32913	54	0	33425
21020	214	33226	208	62	0	33710
21021	124	232	249	32549	0	33154
21022	33539	155	136	196	0	34026
21023	33818	25	23	196	0	34062
21024	358	14	19	33920	0	34311
21025	34480	19	14	231	0	34744
21026	34319	21	15	208	0	34563
21027	34956	17	21	93	0	35087
21028	387	25	18	34784	0	35214
21029	226	22	35206	213	0	35667
21030	58	31	34228	202	0	34519
21031	46	33	34937	47	0	35063
21032	34462	25	384	54	0	34925
21033	220	23	218	34751	0	35212
21034	196	35736	39	242	0	36213
21035	58	204	18	35258	0	35538
21036	31	36801	31	249	0	37112
21037	36986	218	34	221	0	37459
21038	234	184	19	37433	0	37870
21039	217	43	21	38194	0	38475
21040	38557	19	27	465	0	39068
21041	254	22	24	39222	0	39522
21042	215	20	27	40022	0	40284
21043	40480	15	43	469	0	41007
21044	312	36	40955	245	0	41548
21045	255	23	284	40900	0	41462
21046	61	31	41243	307	0	41642
21047	40479	20	294	273	0	41066
21048	314	20	255	41403	0	41992
21049	41484	20	43	322	0	41869
21050	312	18	33	41990	0	42353
21051	287	33	42613	325	0	43258
21052	65	33	285	43528	0	43911
21053	43898	17	267	350	0	44532
21054	310	44646	48	341	0	45345
21055	306	284	44264	78	0	44932
21056	42674	249	299	69	0	43291
21057	301	44446	271	101	0	45119
21058	255	44320	50	90	0	44715
21059	57	46713	54	79	0	46903
21060	136	558	58	47980	0	48732
21061	48999	258	123	368	0	49748
21062	50141	32	41	330	0	50544
21063	723	34	49910	72	0	50739
21064	49313	33	394	50	0	49790
21065	405	48941	356	66	0	49768
21066	385	367	66	48546	0	49364
21067	50505	317	77	417	0	51316
21068	50829	36	32	364	0	51261
21069	51334	32	28	78	0	51472
21070	50851	24	40	73	0	50988
21071	51220	25	40	52	0	51337
21072	691	44	37	50529	0	51301
21073	392	44	50696	416	0	51548
21074	83	35	352	51380	0	51850
21075	89	55	331	51543	0	52018
21076	51481	24	44	686	0	52235
21077	423	50584	45	415	0	51467
21078	51550	361	32	84	0	52027
21079	52207	339	45	93	0	52684
21080	53290	40	43	138	0	53511
21081	53781	34	49	114	0	53978
21082	805	39	52900	68	0	53812
21083	52912	38	384	77	0	53411
21084	53414	30	357	83	0	53884
21085	51058	44	55	88	0	51245
21086	53618	36	38	68	0	53760
21087	769	43	32	52332	0	53176
21088	466	40	51524	415	0	52445
21089	51100	28	383	392	0	51903
21090	444	51921	370	158	0	52893
21091	460	366	61	50753	0	51640
21092	139	52533	62	413	0	53147
21093	155	357	48	53007	0	53567
21094	53224	355	52	452	0	54083
21095	53332	55	56	387	0	53830
21096	53633	47	60	86	0	53826
21097	805	62	51613	93	0	52573
21098	51464	54	374	71	0	51963
21099	507	61	51372	66	0	52006
21100	455	67	50739	79	0	51340
21101	181	64	51502	107	0	51854
21102	251	329	711	48585	0	49876
21103	146	52	398	49667	0	50263
21104	150	42	57	49940	0	50189
21105	152	40	53	50207	0	50452
21106	155	51	55	50082	0	50343
21107	160	44	58	49530	0	49792
21108	143	49902	67	641	0	50753
21109	49134	351	50	377	0	49912
21110	404	50375	64	141	0	50984
21111	413	347	53	50453	0	51266
21112	172	327	57	51026	0	51582
21113	50495	56	57	664	0	51272
21114	450	50586	61	428	0	51525
21115	51028	342	72	122	0	51564
21116	483	334	65	50722	0	51604
21117	439	64	84	50831	0	51418
21118	192	65	78	51067	0	51402
21119	184	61	50558	700	0	51503
21120	183	97	362	50336	0	50978
21121	185	72	50010	429	0	50696
21122	179	70	48740	387	0	49376
21123	219	62	50718	120	0	51119
21124	220	79	634	50015	0	50948
21125	185	44	397	51244	0	51870
21126	170	59	55	51946	0	52230
21127	51664	58	71	736	0	52529
21128	439	87	72	52765	0	53363
21129	53158	59	79	464	0	53760
21130	473	52937	88	486	0	53984
21131	55136	368	63	204	0	55771
21132	56457	390	63	237	0	57147
21133	860	57701	67	166	0	58794
21134	58067	389	100	166	0	58722
21135	57994	412	113	136	0	58655
21136	58930	47	145	122	0	59244
21137	58474	43	271	123	0	58911
21138	970	55	57458	89	0	58572
21139	573	56664	425	121	0	57783
21140	208	702	486	55905	0	57301
21141	55608	414	185	492	0	56699
21142	467	78	55145	496	0	56186
21143	488	54161	408	167	0	55224
21144	260	377	423	51476	0	52536
21145	120	53572	74	429	0	54195
21146	156	427	69	53335	0	53987
21147	133	491	68	53541	0	54233
21148	181	62	53550	720	0	54513
21149	186	84	52631	415	0	53316
21150	49566	69	766	112	0	50513
21151	455	70	52674	84	0	53283
21152	516	47	51780	68	0	52411
21153	196	134	715	50547	0	51592
21154	175	189	416	49902	0	50682
21155	108	51048	100	718	0	51974
21156	137	53460	99	500	0	54196
21157	302	726	53681	103	0	54812
21158	234	1059	607	54234	0	56134
21159	131	79	54366	461	0	55037
21160	89	67	50769	422	0	51347
21161	61	50018	732	136	0	50947
21162	318	446	492	48187	0	49443
21163	48504	359	102	350	0	49315
21164	334	56	42	48948	0	49380
21165	49389	28	52	356	0	49825
21166	49052	33	56	371	0	49512
21167	49610	31	43	150	0	49834
21168	695	54	49382	55	0	50186
21169	49300	34	341	74	0	49749
21170	362	48	361	50505	0	51276
21171	51174	22	74	362	0	51632
21172	51090	29	70	403	0	51592
21173	661	50685	59	108	0	51513
21174	50900	315	49	92	0	51356
21175	388	353	51119	40	0	51900
21176	50011	63	354	82	0	50510
21177	50518	38	379	39	0	50974
21178	640	50397	69	103	0	51209
21179	50136	308	54	61	0	50559
21180	360	326	48	48795	0	49529
21181	384	65	47	48678	0	49174
21182	76	49054	51	661	0	49842
21183	107	296	42	50033	0	50478
21184	81	333	53	50219	0	50686
21185	105	73	49835	626	0	50639
21186	120	77	49448	388	0	50033
21187	48129	44	628	106	0	48907
21188	49642	42	365	76	0	50125
21189	694	36	62	49806	0	50598
21190	446	39	50055	350	0	50890
21191	119	49892	342	412	0	50765
21192	109	331	372	49877	0	50689
21193	116	362	50375	351	0	51204
21194	48226	71	375	408	0	49080
21195	395	51	383	51080	0	51909
21196	424	52351	89	409	0	53273
21197	122	409	58	53047	0	53636
21198	93	413	63	53787	0	54356
21199	114	73	71	54484	0	54742
21200	53452	65	78	839	0	54434
21201	449	42	76	53635	0	54202
21202	53993	69	93	465	0	54620
21203	53908	67	79	485	0	54539
21204	885	63	53827	137	0	54912
21205	510	54278	451	174	0	55413
21206	196	459	452	50092	0	51199
21207	109	56319	98	427	0	56953
21208	56798	490	86	440	0	57814
21209	524	510	90	56902	0	58026
21210	577	80	57252	540	0	58449
21211	151	77	57301	553	0	58082
21212	167	72	57875	124	0	58238
21213	56154	70	988	137	0	57349
21214	539	57634	577	152	0	58902
21215	57703	496	112	113	0	58424
21216	551	58475	118	169	0	59313
21217	619	527	80	58051	0	59277
21218	209	516	85	57508	0	58318
21219	154	58785	74	1023	0	60036
21220	219	507	58923	586	0	60235
21221	146	59757	515	213	0	60631
21222	58424	509	549	176	0	59658
21223	600	547	100	57011	0	58258
21224	602	111	56606	545	0	57864
21225	204	102	56600	544	0	57450
21226	211	271	993	55742	0	57217
21227	198	70	55971	512	0	56751
21228	192	93	54331	493	0	55109
21229	51591	172	1008	128	0	52899
21230	477	53135	509	168	0	54289
21231	51605	433	166	110	0	52314
21232	508	438	51923	109	0	52978
21233	462	50562	489	129	0	51642
21234	122	51386	497	146	0	52151
21235	486	1168	416	50251	0	52321
21236	106	461	120	51357	0	52044
21237	104	99	76	53019	0	53298
21238	93	70	52274	964	0	53401
21239	99	60	484	52543	0	53186
21240	97	51	481	53118	0	53747
21241	52570	56	103	955	0	53684
21242	519	52313	78	616	0	53526
21243	508	487	67	52839	0	53901
21244	52832	495	60	549	0	53936
21245	52490	92	88	545	0	53215
21246	966	85	75	52529	0	53655
21247	555	75	52914	549	0	54093
21248	125	84	499	53171	0	53879
21249	162	71	53335	581	0	54149
21250	53337	56	547	565	0	54505
21251	56037	63	539	173	0	56812
21252	1063	282	121	57553	0	59019
21253	671	70	58979	633	0	60353
21254	141	61259	621	833	0	62854
21255	203	719	62875	134	0	63931
21256	229	1235	787	56770	0	59021
21257	91	60777	766	651	0	62285
21258	58929	597	113	606	0	60245
21259	616	661	51	57194	0	58522
21260	633	58431	61	639	0	59764
21261	59143	599	66	672	0	60480
21262	623	631	51	58599	0	59904
21263	624	59210	67	687	0	60588
21264	89	604	63	60168	0	60924
21265	105	648	59200	645	0	60598
21266	57097	72	612	688	0	58469
21267	58317	65	667	103	0	59152
21268	1231	67	57573	83	0	58954
21269	681	57200	626	117	0	58624
21270	57297	601	745	102	0	58745
21271	638	653	95	56918	0	58304
21272	674	73	83	57440	0	58270
21273	92	70	61	58343	0	58566
21274	94	54	68	58321	0	58537
21275	88	56	56	57856	0	58056
21276	56589	62	72	1280	0	58003
21277	57436	54	58	763	0	58311
21278	1258	63	77	56911	0	58309
21279	711	67	49	57561	0	58388
21280	145	62	56758	1285	0	58250
21281	114	73	56628	754	0	57569
21282	55263	92	1258	140	0	56753
21283	683	92	682	55923	0	57380
21284	750	73	55912	689	0	57424
21285	127	62	623	56136	0	56948
21286	56214	61	704	739	0	57718
21287	57215	56	114	792	0	58177
21288	1292	64	96	56647	0	58099
21289	749	59	91	57193	0	58092
21290	56834	64	101	1331	0	58330
21291	680	57	82	56975	0	57794
21292	717	57219	96	750	0	58782
21293	163	715	82	57162	0	58122
21294	181	785	85	56890	0	57941
21295	152	74	56427	1267	0	57920
21296	150	87	55125	754	0	56116
21297	97	55690	1152	268	0	57207
21298	54519	644	796	203	0	56162
21299	54129	630	119	180	0	55058
21300	54747	87	84	129	0	55047
21301	1199	53681	96	184	0	55160
21302	687	54709	86	204	0	55686
21303	53497	1094	117	148	0	54856
21304	622	55170	110	222	0	56124
21305	729	614	53759	163	0	55265
21306	145	54391	601	352	0	55489
21307	212	604	53088	197	0	54101
21308	50904	655	675	169	0	52403
21309	52405	102	631	164	0	53302
21310	1084	52160	94	193	0	53531
21311	53295	560	102	168	0	54125
21312	56123	583	67	162	0	56935
21313	57047	113	81	173	0	57414
21314	1454	108	70	55959	0	57591
21315	57126	73	101	767	0	58067
21316	864	121	55548	826	0	57359
21317	55677	83	703	227	0	56690
21318	841	99	759	56238	0	57937
21319	880	105	55859	731	0	57575
21320	284	122	56085	812	0	57303
21321	275	150	1371	55457	0	57253
21322	201	100	816	56527	0	57644
21323	56221	88	185	1421	0	57915
21324	753	75	131	56675	0	57634
21325	857	108	56015	868	0	57848
21326	239	85	696	55196	0	56216
21327	230	56649	757	893	0	58529
21328	56753	631	160	884	0	58428
21329	775	710	141	56772	0	58398
21330	845	160	56323	790	0	58118
21331	229	55915	676	902	0	57722
21332	53948	611	735	283	0	55577
21333	743	783	188	54530	0	56244
21334	816	131	54873	707	0	56527
21335	247	54083	657	785	0	55772
21336	52701	745	935	345	0	54726
21337	52196	623	213	206	0	53238
21338	52583	114	131	172	0	53000
21339	1232	97	87	51466	0	52882
21340	824	71	98	52008	0	53001
21341	51579	57	89	1191	0	52916
21342	660	51299	110	815	0	52884
21343	52091	515	74	275	0	52955
21344	707	606	83	51350	0	52746
21345	52702	132	72	700	0	53606
21346	717	82	104	52350	0	53253
21347	747	66	108	52153	0	53074
21348	292	101	113	52801	0	53307
21349	361	117	105	52803	0	53386
21350	220	89	50276	1205	0	51790
21351	213	67	47605	671	0	48556
21352	42351	53	851	262	0	43517
21353	499	58	46085	162	0	46804
21354	405	39	41750	129	0	42323
21355	39286	72	872	103	0	40333
21356	40467	56	620	101	0	41244
21357	664	155	154	41892	0	42865
21358	42735	43	135	379	0	43292
21359	396	43378	80	346	0	44200
21360	44301	276	57	180	0	44814
21361	43802	294	60	102	0	44258
21362	44873	101	66	156	0	45196
21363	661	108	37	44037	0	44843
21364	431	43983	61	319	0	44794
21365	180	44566	56	340	0	45142
21366	44471	493	87	133	0	45184
21367	44525	367	59	130	0	45081
21368	583	115	43	43822	0	44563
21369	405	83	40	43752	0	44280
21370	154	43880	78	546	0	44658
21371	43560	276	62	358	0	44256
21372	401	280	43740	179	0	44600
21373	355	105	260	42927	0	43647
21374	174	45	272	43795	0	44286
21375	130	44	43888	577	0	44639
21376	94	47	290	42862	0	43293
21377	108	40072	297	406	0	40883
21378	103	295	99	44212	0	44709
21379	115	274	62	43638	0	44089
21380	98	42662	74	589	0	43423
21381	106	44194	62	406	0	44768
21382	113	485	63	43824	0	44485
21383	43754	296	50	420	0	44520
21384	294	98	50	44162	0	44604
21385	299	61	64	44361	0	44785
21386	133	45069	93	568	0	45863
21387	120	258	87	45891	0	46356
21388	123	260	69	45776	0	46228
21389	127	80	63	45908	0	46178
21390	45141	50	66	635	0	45892
21391	337	51	38	45585	0	46011
21392	351	52	30	45389	0	45822
21393	161	71	38	45713	0	45983
21394	172	55	44560	591	0	45378
21395	40199	56	250	445	0	40950
21396	331	44436	265	204	0	45236
21397	44684	236	94	139	0	45153
21398	400	258	46	44390	0	45094
21399	341	109	43959	304	0	44713
21400	40480	79	273	350	0	41182
21401	387	92	48468	142	0	49089
21402	332	110	301	47101	0	47844
21403	49256	38	343	326	0	49963
21404	48400	39	103	295	0	48837
21405	49743	45	57	227	0	50072
21406	562	40	39	49718	0	50359
21407	360	56	44	50621	0	51081
21408	174	124	44	50693	0	51035
21409	95	49667	40	554	0	50356
21410	83	49467	37	389	0	49976
21411	74	48952	50	205	0	49281
21412	30	47993	20	64	0	48107
21413	129	111	99	47644	0	47983
21414	39	57	29	47662	0	47787
21415	47234	14	9	132	0	47389
21416	46590	12	15	78	0	46695
21417	47616	9	11	109	0	47745
21418	106	11	10	47593	0	47720
21419	63	19	13	48093	0	48188
21420	47570	14	12	145	0	47741
21421	46149	16	35	92	0	46292
21422	145	17	47395	57	0	47614
21423	109	37	46286	36	0	46468
21424	67	33	47664	27	0	47791
21425	89	37	49247	24	0	49397
21426	25	18	109	48155	0	48307
21427	48744	6	54	108	0	48912
21428	82	48676	25	136	0	48919
21429	60	88	11	49557	0	49716
21430	72	87	50126	93	0	50378
21431	24	51822	75	139	0	52060
21432	23	76	47	52571	0	52717
21433	53	70	52362	99	0	52584
21434	21	22	72	51325	0	51440
21435	27	25	53	52412	0	52517
21436	52300	9	21	166	0	52496
21437	86	13	11	52904	0	53014
21438	113	38	53140	97	0	53388
21439	31	18	63	52740	0	52852
21440	22	55465	57	196	0	55740
21441	30	91	18	57390	0	57529
21442	29	62	14	57810	0	57915
21443	25	23	18	57434	0	57500
21444	57921	8	18	188	0	58135
21445	57602	15	13	122	0	57752
21446	58308	16	12	105	0	58441
21447	58358	8	19	80	0	58465
21448	179	36	58219	30	0	58464
21449	56656	15	81	46	0	56798
21450	58328	12	54	44	0	58438
21451	157	30	58086	45	0	58318
21452	131	45	60503	23	0	60702
21453	33	83	107	59827	0	60050
21454	20	61200	67	108	0	61395
21455	62541	63	45	127	0	62776
21456	63632	48	24	142	0	63846
21457	63642	18	19	171	0	63850
21458	126	28	17	62965	0	63136
21459	80	65643	28	120	0	65871
21460	68072	68	14	209	0	68363
21461	68841	52	16	158	0	69067
21462	123	33	16	68460	0	68632
21463	135	39	68104	102	0	68380
21464	67453	16	76	133	0	67678
21465	91	21	67	70225	0	70404
21466	71272	8	26	183	0	71489
21467	95	13	18	72302	0	72428
21468	127	53	72685	111	0	72976
21469	74918	13	82	277	0	75290
21470	110	23	62	77575	0	77770
21471	96	14	22	78142	0	78274
21472	31	15	22	78206	0	78274
21473	21	23	17	78018	0	78079
21474	78675	12	11	254	0	78952
21475	89	19	18	78388	0	78514
21476	144	78865	26	157	0	79192
21477	35	113	17	79908	0	80073
21478	21	80703	28	181	0	80933
21479	36	135	7	81924	0	82102
21480	36	88	9	82462	0	82595
21481	18	82278	29	267	0	82592
21482	28	120	14	83304	0	83466
21483	26	92	19	83034	0	83171
21484	82646	24	20	265	0	82955
21485	222	49	84544	131	0	84946
21486	119	31	159	84845	0	85154
21487	85560	13	138	219	0	85930
21488	85349	11	35	181	0	85576
21489	85973	19	30	74	0	86096
21490	443	59	86519	40	0	87061
21491	266	70	87541	38	0	87915
21492	85	216	389	88472	0	89162
21493	90466	14	276	328	0	91084
21494	310	57	89757	228	0	90352
21495	87235	31	260	111	0	87637
21496	258	91076	206	137	0	91677
21497	239	231	30	94568	0	95068
21498	46	202	23	96563	0	96834
21499	97405	31	26	521	0	97983
21500	251	29	41	98432	0	98753
21501	95932	22	13	391	0	96358
21502	96945	19	13	378	0	97355
21503	435	51	19	96507	0	97012
21504	234	21	18	97114	0	97387
21505	96935	15	14	546	0	97510
21506	356	61	101604	241	0	102262
21507	101006	17	252	307	0	101582
21508	353	63	107352	55	0	107823
21509	107966	22	285	273	0	108546
21510	114703	21	224	372	0	115320
21511	114751	15	48	131	0	114945
21512	112622	23	35	120	0	112800
21513	479	113732	61	138	0	114410
21514	116714	232	46	265	0	117257
21515	116860	219	38	164	0	117281
21516	469	123331	53	178	0	124031
21517	124830	258	43	220	0	125351
21518	429	299	123217	64	0	124009
21519	122420	45	288	144	0	122897
21520	474	253	125550	107	0	126384
21521	316	28	329	125964	0	126637
21522	114	35	271	127491	0	127911
21523	239	114	128694	606	0	129653
21524	104	33	330	128207	0	128674
21525	146	134	351	118170	0	118801
21526	133633	29	79	845	0	134586
21527	413	51	51	135596	0	136111
21528	373	50	37	136300	0	136760
21529	130	36	45	136505	0	136716
21530	88	134913	61	904	0	135966
21531	106	384	35	135752	0	136277
21532	135325	353	42	578	0	136298
21533	587	139	137461	463	0	138650
21534	512	48	474	139174	0	140208
21535	244	140	140115	574	0	141073
21536	136126	44	558	602	0	137330
21537	636	36	520	144893	0	146085
21538	775	222	169577	799	0	171373
21539	196	55	1614	171465	0	173330
21540	169	68	1580	170895	0	172712
21541	136	173344	485	3433	0	177398
21542	166	1689	192	179282	0	181329
21543	165	1634	114	187593	0	189506
21544	300	649	187307	3985	0	192241
21545	190	214	2057	188759	0	191220
21546	178	87	1960	191399	0	193624
21547	188685	68	508	4278	0	193539
21548	187634	84	270	2606	0	190594
21549	3965	189306	197	1002	0	194470
21550	193471	2074	146	554	0	196245
21551	192646	1969	179	473	0	195267
21552	4224	204257	236	521	0	209238
21553	2591	2256	148	203566	0	208561
21554	206250	2032	124	2519	0	210925
21555	207221	521	165	2404	0	210311
21556	206146	270	154	824	0	207394
21557	4677	202366	278	752	0	208073
21558	3006	2299	206985	434	0	212724
21559	210251	2067	2335	613	0	215266
21560	212636	616	2180	526	0	215958
21561	5052	214337	616	656	0	220661
21562	216898	2785	322	595	0	220600
21563	218587	2549	247	546	0	221929
21564	5600	703	261	217166	0	223730
21565	3594	590	220095	3224	0	227503
21566	1182	300	2859	225145	0	229486
21567	829	251	2675	226285	0	230040
21568	741	325	637	229914	0	231617
21569	846	372	221538	6251	0	229007
21570	668	278	3026	221703	0	225675
21571	667	250	2897	224919	0	228733
21572	642	254	678	227704	0	229278
21573	677	265	411	228515	0	229868
21574	718	281	271	228002	0	229272
21575	651	221893	351	9077	0	231972
21576	683	3060	291	228719	0	232753
21577	536	2854	387	233052	0	236829
21578	767	834	228722	6633	0	236956
21579	675	418	3299	244798	0	249190
21580	700	331	3067	247567	0	251665
21581	761	384	813	258087	0	260045
21582	877	396	557	263601	0	265431
21583	257364	349	513	9504	0	267730
21584	5031	504	405	265554	0	271494
21585	4734	612	330	265902	0	271578
21586	1930	688	256382	9352	0	268352
21587	1201	251939	4309	6434	0	263883
21588	856	261764	4344	2887	0	269851
21589	255460	7760	1461	2125	0	266806
21590	4394	261830	983	2489	0	269696
21591	4455	5030	638	257461	0	267584
21592	255920	4350	595	6201	0	267066
21593	5155	1409	257632	5979	0	270175
21594	4627	873	4658	257155	0	267313
21595	1501	260342	4579	6713	0	273135
21596	1085	4664	1255	259260	0	266264
21597	691	263637	810	7393	0	272531
21598	928	5367	552	266109	0	272956
21599	260946	4869	545	7151	0	273511
21600	5622	1616	266332	6669	0	280239
21601	5131	1128	5133	258513	0	269905
21602	1709	266594	5113	6948	0	280364
21603	265408	5204	1515	6644	0	278771
21604	5858	5126	263613	3469	0	278066
21605	5508	1506	5152	262065	0	274231
21606	2247	1089	259591	7177	0	270104
21607	1747	882	5828	259156	0	267613
21608	1599	985	255381	7780	0	265745
21609	1157	905	6194	250742	0	258998
21610	1153	962	5667	251913	0	259695
21611	244860	1037	1742	11398	0	259037
21612	249392	1136	1183	7388	0	259099
21613	10313	1243	946	237667	0	250169
21614	6431	242954	950	7170	0	257505
21615	2478	5593	808	248272	0	257151
21616	1741	5337	954	245532	0	253564
21617	235606	1555	1144	11989	0	250294
21618	5664	237327	1067	8398	0	252456
21619	240697	5797	1033	3908	0	251435
21620	238519	5679	891	3296	0	248385
21621	10120	231431	1061	3454	0	246066
21622	6365	241363	864	3739	0	252331
21623	235501	9645	1122	3634	0	249902
21624	6648	5952	232029	3812	0	248441
21625	234439	2085	5752	3764	0	246040
21626	233408	1591	5434	3675	0	244108
21627	10954	227916	1979	3753	0	244602
21628	7168	5943	1545	207214	0	221870
21629	2612	230760	1656	7672	0	242700
21630	227214	6604	1792	7376	0	242986
21631	230663	6129	1761	4150	0	242703
21632	10706	2577	1616	222168	0	237067
21633	7022	2687	1409	228337	0	239455
21634	216117	1945	1224	12341	0	231627
21635	6772	218317	1175	8868	0	235132
21636	6689	217405	1185	4807	0	230086
21637	2953	217751	1428	4025	0	226157
21638	1769	186990	1125	3185	0	193069
21639	1593	189277	1283	3256	0	195409
21640	2425	9544	1523	180371	0	193863
21641	1903	5393	175444	6141	0	188881
21642	1855	175771	4014	5877	0	187517
21643	166414	5101	3802	2723	0	178040
21644	5287	4666	1408	164285	0	175646
21645	165406	2040	1187	5207	0	173840
21646	5130	163173	1215	5178	0	174696
21647	164710	4662	1419	2391	0	173182
21648	5234	165255	1568	2417	0	174474
21649	5281	5076	1610	162630	0	174597
21650	162188	4239	1519	5290	0	173236
21651	164619	1838	1518	5252	0	173227
21652	7658	1630	1339	162646	0	173273
21653	5202	1621	1248	162965	0	171036
21654	2537	159218	1096	8449	0	171300
21655	2555	4546	845	162460	0	170406
21656	2610	4285	747	162596	0	170238
21657	2688	2973	696	161258	0	167615
21658	2294	152134	749	8609	0	163786
21659	142451	4013	630	5283	0	152377
21660	4237	146259	711	2877	0	154084
21661	142155	4325	645	2243	0	149368
21662	4651	142426	676	2066	0	149819
21663	5021	4335	136451	1784	0	147591
21664	2687	4603	3351	134868	0	145509
21665	2226	2046	134077	3839	0	142188
21666	2154	1780	132180	3562	0	139676
21667	2186	2035	5678	128933	0	138832
21668	2204	1512	131115	3814	0	138645
21669	2263	1430	3723	128818	0	136234
21670	2293	1341	3252	129611	0	136497
21671	2169	1419	1177	132622	0	137387
21672	127974	1476	847	6538	0	136835
21673	4311	1396	667	130039	0	136413
21674	4371	1517	533	129153	0	135574
21675	123014	1181	449	6475	0	131119
21676	4315	121607	408	4630	0	130960
21677	3827	117496	302	2452	0	124077
21678	2267	119131	296	1946	0	123640
21679	1892	7489	697	95984	0	106062
21680	1379	2363	96683	2614	0	103039
21681	83348	1928	2280	2063	0	89619
21682	1947	85920	1435	860	0	90162
21683	80798	1839	594	722	0	83953
21684	80280	1463	304	358	0	82405
21685	80819	682	194	372	0	82067
21686	2683	651	78920	401	0	82655
21687	1651	686	1237	78613	0	82187
21688	852	530	1157	79900	0	82439
21689	810	412	356	80997	0	82575
21690	767	448	305	78437	0	79957
21691	630	77580	267	2549	0	81026
21692	76181	1344	242	1576	0	79343
21693	1420	1159	72784	659	0	76022
21694	70294	398	1022	561	0	72275
21695	1507	1471	975	64340	0	68293
21696	1171	64512	207	1230	0	67120
21697	531	65648	152	1197	0	67528
21698	964	3757	435	58439	0	63595
21699	366	60665	242	1169	0	62442
21700	52793	737	219	720	0	54469
21701	711	549	50539	269	0	52068
21702	544	358	498	48259	0	49659
21703	171	128	378	49463	0	50140
21704	166	123	98	50024	0	50411
21705	148	121	92	50105	0	50466
21706	49524	124	92	840	0	50580
21707	503	50592	69	577	0	51741
21708	53335	500	71	273	0	54179
21709	663	425	79	54559	0	55726
21710	613	160	80	55594	0	56447
21711	187	58261	101	1188	0	59737
21712	59757	675	115	763	0	61310
21713	60583	639	98	283	0	61603
21714	1394	59896	80	269	0	61639
21715	805	751	175	55434	0	57165
21716	197	58526	72	725	0	59520
21717	57953	779	131	715	0	59578
21718	834	740	57926	224	0	59724
21719	792	180	56682	195	0	57849
21720	53596	132	1259	165	0	55152
21721	668	55370	724	208	0	56970
21722	641	685	149	55166	0	56641
21723	184	669	82	55955	0	56890
21724	167	167	55645	1314	0	57293
21725	112	118	652	56046	0	56928
21726	111	90	648	56108	0	56957
21727	104	55064	130	1326	0	56624
21728	116	695	94	55439	0	56344
21729	139	662	86	55219	0	56106
21730	53596	167	80	1354	0	55197
21731	690	53026	94	815	0	54625
21732	652	53568	82	298	0	54600
21733	202	1228	100	53180	0	54710
21734	138	703	75	54050	0	54966
21735	112	170	73	54140	0	54495
21736	107	53026	81	1432	0	54646
21737	123	731	38	54145	0	55037
21738	138	655	51	53614	0	54458
21739	111	174	44	54490	0	54819
21740	130	129	46	53835	0	54140
21741	123	51711	96	1429	0	53359
21742	101	54650	68	861	0	55680
21743	53770	1268	55	245	0	55338
21744	53947	751	57	222	0	54977
21745	1394	228	56	53711	0	55389
21746	858	145	53495	849	0	55347
21747	237	161	743	53777	0	54918
21748	171	145	636	53395	0	54347
21749	51827	144	130	1482	0	53583
21750	801	52878	118	897	0	54694
21751	777	797	53	52800	0	54427
21752	231	755	66	53540	0	54592
21753	211	216	52365	1515	0	54307
21754	175	198	52778	955	0	54106
21755	188	189	1359	52297	0	54033
21756	147	221	772	51110	0	52250
21757	159	51532	197	1477	0	53365
21758	133	52457	140	894	0	53624
21759	51698	1363	132	318	0	53511
21760	909	799	104	51973	0	53785
21761	754	234	51261	925	0	53174
21762	173	50925	701	876	0	52675
21763	170	774	692	51213	0	52849
21764	50988	725	153	935	0	52801
21765	748	234	94	51877	0	52953
21766	50861	164	85	1015	0	52125
21767	761	51307	85	936	0	53089
21768	50852	797	62	387	0	52098
21769	834	771	59	51467	0	53131
21770	794	287	53328	935	0	55344
21771	231	237	795	52802	0	54065
21772	185	54836	770	1076	0	56867
21773	174	1032	164	55046	0	56416
21774	137	57561	136	1194	0	59028
21775	169	1055	85	59745	0	61054
21776	203	926	58303	1312	0	60744
21777	234	278	58142	1224	0	59878
21778	172	249	59177	538	0	60136
21779	56740	237	1781	461	0	59219
21780	980	57437	1006	475	0	59898
21781	960	59124	227	443	0	60754
21782	57889	1761	153	413	0	60216
21783	58143	1088	143	400	0	59774
21784	1823	359	146	57505	0	59833
21785	1071	272	57593	1308	0	60244
21786	332	239	56796	1198	0	58565
21787	243	181	1767	56291	0	58482
21788	56067	220	1044	1316	0	58647
21789	990	56254	297	1261	0	58802
21790	955	1071	161	56639	0	58826
21791	56346	996	162	1379	0	58883
21792	56751	243	165	1341	0	58500
21793	1803	219	56462	575	0	59059
21794	54690	252	1045	484	0	56471
21795	1166	277	57364	469	0	59276
21796	1105	239	57729	444	0	59517
21797	345	265	1809	55781	0	58200
21798	239	244	1053	57026	0	58562
21799	252	231	278	58181	0	58942
21800	243	267	56465	2137	0	59112
21801	55525	247	1014	1359	0	58145
21802	1109	284	963	58100	0	60456
21803	57634	235	245	1413	0	59527
21804	57019	252	211	1321	0	58803
21805	1833	57750	263	578	0	60424
21806	1099	58847	286	483	0	60715
21807	335	59053	285	505	0	60178
21808	493	2056	497	53346	0	56392
21809	273	906	53500	977	0	55656
21810	296	1617	976	49400	0	52289
21811	232	50121	887	878	0	52118
21812	194	49584	210	750	0	50738
21813	300	1326	195	48361	0	50182
21814	48079	653	173	775	0	49680
21815	764	47775	157	751	0	49447
21816	655	48002	175	252	0	49084
21817	48350	1167	184	257	0	49958
21818	739	643	167	48498	0	50047
21819	704	141	133	48942	0	49920
21820	257	131	137	49858	0	50383
21821	48229	122	148	1324	0	49823
21822	48646	118	126	799	0	49689
21823	1338	90	178	48436	0	50042
21824	799	112	47454	769	0	49134
21825	46925	97	778	734	0	48534
21826	795	95	676	48095	0	49661
21827	717	107	47770	803	0	49397
21828	235	99	47851	747	0	48932
21829	211	134	1264	48286	0	49895
21830	195	104	50469	931	0	51699
21831	179	150	834	52208	0	53371
21832	213	129	689	53023	0	54054
21833	214	133	213	55329	0	55889
21834	53909	160	150	1655	0	55874
21835	931	184	146	54940	0	56201
21836	867	206	130	55038	0	56241
21837	237	246	152	55343	0	55978
21838	239	254	141	55409	0	56043
21839	203	254	52720	1648	0	54825
21840	154	52732	870	1020	0	54776
21841	194	893	708	51660	0	53455
21842	155	882	218	50190	0	51445
21843	165	49468	188	1368	0	51189
21844	178	51702	172	820	0	52872
21845	50559	1320	198	346	0	52423
21846	810	50490	156	318	0	51774
21847	743	844	135	49718	0	51440
21848	284	701	50077	858	0	51920
21849	48414	198	691	798	0	50101
21850	878	136	49630	339	0	50983
21851	48956	116	784	340	0	50196
21852	49250	75	677	317	0	50319
21853	1367	88	49400	418	0	51273
21854	838	76	746	47325	0	48985
21855	278	49411	715	925	0	51329
21856	245	656	276	51139	0	52316
21857	51783	596	240	991	0	53610
21858	52554	127	206	896	0	53783
21859	1341	52174	245	484	0	54244
21860	52768	675	231	409	0	54083
21861	852	671	210	51706	0	53439
21862	51998	150	213	1024	0	53385
21863	52325	116	181	1014	0	53636
21864	1391	126	125	52004	0	53646
21865	52179	139	121	1108	0	53547
21866	51398	161	143	1013	0	52715
21867	1354	181	50834	477	0	52846
21868	50072	190	710	475	0	51447
21869	873	191	50309	404	0	51777
21870	619	163	47440	323	0	48545
21871	186	48714	1126	348	0	50374
21872	364	832	816	46047	0	48059
21873	183	511	47393	596	0	48683
21874	192	188	46235	558	0	47173
21875	45540	272	857	297	0	46966
21876	501	126	449	46029	0	47105
21877	422	94	140	47429	0	48085
21878	131	99	91	48263	0	48584
21879	138	97	63	48395	0	48693
21880	149	101	72	48890	0	49212
21881	200	115	47961	913	0	49189
21882	213	123	47802	533	0	48671
21883	159	99	781	48044	0	49083
21884	47700	86	443	580	0	48809
21885	532	47614	120	580	0	48846
21886	487	445	99	47340	0	48371
21887	47276	362	91	592	0	48321
21888	567	47120	95	588	0	48370
21889	532	479	102	47291	0	48404
21890	256	368	115	48001	0	48740
21891	200	81	110	48218	0	48609
21892	47519	66	124	955	0	48664
21893	578	67	47231	616	0	48492
21894	47184	52	528	286	0	48050
21895	595	117	462	47724	0	48898
21896	483	62	200	46512	0	47257
21897	180	47258	170	970	0	48578
21898	169	442	47700	573	0	48884
21899	46550	407	537	327	0	47821
21900	47799	103	457	310	0	48669
21901	888	78	47523	285	0	48774
21902	45654	74	493	281	0	46502
21903	544	47674	477	271	0	48966
21904	468	48035	170	271	0	48944
21905	167	48042	152	241	0	48602
21906	46072	815	230	240	0	47357
21907	560	439	46306	202	0	47507
21908	484	710	471	44022	0	45687
21909	150	44243	385	510	0	45288
21910	124	44604	120	469	0	45317
21911	162	44572	116	184	0	45034
21912	372	1004	169	39533	0	41078
21913	42003	356	126	503	0	42988
21914	428	42620	64	442	0	43554
21915	379	363	75	42643	0	43460
21916	158	304	69	43030	0	43561
21917	42029	92	81	689	0	42891
21918	422	78	83	42394	0	42977
21919	375	59	96	42852	0	43382
21920	187	85	42573	700	0	43545
21921	152	88	355	42783	0	43378
21922	165	52	342	43513	0	44072
21923	43103	57	124	689	0	43973
21924	42959	53	94	410	0	43516
21925	722	73	91	43251	0	44137
21926	42858	80	86	481	0	43505
21927	42647	106	88	400	0	43241
21928	652	42972	104	187	0	43915
21929	444	367	42050	134	0	42995
21930	176	41007	358	142	0	41683
21931	362	894	453	37953	0	39662
21932	36990	288	298	312	0	37888
21933	191	36878	45	257	0	37371
21934	225	207	46	36720	0	37198
21935	36548	202	52	226	0	37028
21936	36242	72	40	225	0	36579
21937	332	62	34	36431	0	36859
21938	245	73	37623	234	0	38175
21939	76	55	172	38270	0	38573
21940	55	37	166	38905	0	39163
21941	86	44	38670	402	0	39202
21942	65	47	185	38618	0	38915
21943	53	51	184	39073	0	39361
21944	39700	36	56	444	0	40236
21945	220	34	48	40234	0	40536
21946	213	42	36	40347	0	40638
21947	39988	44	41	412	0	40485
21948	39347	38	43	261	0	39689
21949	39481	53	41	125	0	39700
21950	423	72	39159	113	0	39767
21951	256	172	204	38365	0	38997
21952	96	39717	199	259	0	40271
21953	97	267	49	40530	0	40943
21954	112	242	41450	261	0	42065
21955	147	300	193	39665	0	40305
21956	120	83	40446	247	0	40896
21957	38046	137	319	215	0	38717
21958	38557	46	204	106	0	38913
21959	324	36	33	39295	0	39688
21960	197	32	34	39481	0	39744
21961	75	43	26	39377	0	39521
21962	53	40419	37	349	0	40858
21963	40420	143	45	247	0	40855
21964	40709	153	25	150	0	41037
21965	317	39	31	40624	0	41011
21966	199	30	29	40750	0	41008
21967	75	39	22	40975	0	41111
21968	58	27	33	41036	0	41154
21969	89	48	40536	357	0	41030
21970	80	31	149	40597	0	40857
21971	39355	28	157	245	0	39785
21972	39000	27	41	212	0	39280
21973	317	35	26	38039	0	38417
21974	217	46	37137	199	0	37599
21975	35650	29	156	229	0	36064
21976	202	170	153	36657	0	37182
21977	176	36135	50	226	0	36587
21978	64	37020	45	229	0	37358
21979	37160	266	111	156	0	37693
21980	178	191	61	37787	0	38217
21981	187	29	37	38495	0	38748
21982	65	21	24	39829	0	39939
21983	70	16	22	40355	0	40463
21984	47	28	29	41666	0	41770
21985	64	29	41569	498	0	42160
21986	77	31	41489	318	0	41915
21987	88	34	41951	99	0	42172
21988	58	16	513	41298	0	41885
21989	93	35	42827	326	0	43281
21990	49	21	293	42741	0	43104
21991	44	19	286	43108	0	43457
21992	50	28	61	44158	0	44297
21993	44270	17	61	729	0	45077
21994	317	16	51	45506	0	45890
21995	338	58	42	45950	0	46388
21996	45715	16	62	651	0	46444
21997	323	46102	65	444	0	46934
21998	315	47318	56	152	0	47841
21999	47411	613	44	120	0	48188
22000	347	48643	36	118	0	49144
22001	48418	348	109	116	0	48991
22002	48538	324	59	117	0	49038
22003	48511	38	41	98	0	48688
22004	48384	24	25	78	0	48511
22005	48410	24	23	80	0	48537
22006	693	47834	26	167	0	48720
22007	48236	344	24	83	0	48687
22008	48300	346	30	59	0	48735
22009	685	49336	27	105	0	50153
22010	52671	349	38	99	0	53157
22011	53309	336	35	66	0	53746
22012	56766	56	33	62	0	56917
22013	58754	39	34	67	0	58894
22014	1289	57	61709	82	0	63137
22015	722	43	760	65020	0	66545
22016	167	48	698	67576	0	68489
22017	156	66	66844	1663	0	68729
22018	151	67	66001	897	0	67116
22019	65278	52	1673	148	0	67151
22020	991	78	856	66812	0	68737
22021	928	61	67821	917	0	69727
22022	218	66	67499	833	0	68616
22023	66603	54	1746	156	0	68559
22024	68351	36	901	101	0	69389
22025	68720	28	143	95	0	68986
22026	1880	63	68037	78	0	70058
22027	1006	37	918	67655	0	69616
22028	256	54	69298	949	0	70557
22029	66986	38	1032	894	0	68950
22030	1070	56	70605	168	0	71899
22031	946	69	1062	69018	0	71095
22032	248	62	917	68389	0	69616
22033	159	70794	187	1710	0	72850
22034	71696	929	119	976	0	73720
22035	1164	867	71859	168	0	74058
22036	71785	96	1094	146	0	73121
22037	1215	73	74662	138	0	76088
22038	1045	37	1144	71749	0	73975
22039	258	46	1015	73168	0	74487
22040	208	46	250	73870	0	74374
22041	71936	28	180	1994	0	74138
22042	1178	39	164	72357	0	73738
22043	1090	43	146	72214	0	73493
22044	271	70522	242	2041	0	73076
22045	250	980	196	71787	0	73213
22046	69611	869	210	1240	0	71930
22047	1241	124	70473	1079	0	72917
22048	1090	109	1152	69794	0	72145
22049	335	84	71493	1205	0	73117
22050	266	69198	1276	1193	0	71933
22051	351	975	71278	282	0	72886
22052	69450	990	1337	388	0	72165
22053	70723	117	1139	259	0	72238
22054	2021	82	379	68922	0	71404
22055	70241	57	315	1271	0	71884
22056	70058	59	334	1109	0	71560
22057	2130	57	319	69951	0	72457
22058	1252	80	334	71485	0	73151
22059	450	84	70765	2106	0	73405
22060	374	70304	1264	1226	0	73168
22061	70184	1028	1160	364	0	72736
22062	1300	70026	333	435	0	72094
22063	1232	1096	309	69377	0	72014
22064	502	954	230	70057	0	71743
22065	419	148	322	70751	0	71640
22066	370	131	282	70725	0	71508
22067	385	125	68573	2202	0	71285
22068	66342	81	1278	1298	0	68999
22069	69282	104	1180	413	0	70979
22070	2169	133	377	68146	0	70825
22071	69064	99	302	1405	0	70870
22072	1373	164	277	69463	0	71277
22073	1287	141	68619	1475	0	71522
22074	454	148	1253	68234	0	70089
22075	447	68313	1127	1431	0	71318
22076	413	1036	353	67509	0	69311
22077	374	69099	315	1405	0	71193
22078	414	1213	287	65752	0	67666
22079	348	67818	287	1459	0	69912
22080	65395	1076	291	1252	0	68014
22081	1294	938	65902	567	0	68701
22082	1069	63659	1199	564	0	66491
22083	394	64791	1093	471	0	66749
22084	767	1720	738	61959	0	65184
22085	421	852	348	62560	0	64181
22086	372	150	318	63165	0	64005
22087	379	152	289	62999	0	63819
22088	357	61469	332	1987	0	64145
22089	431	921	281	61581	0	63214
22090	371	830	300	61394	0	62895
22091	59749	187	268	1876	0	62080
22092	1233	174	217	60725	0	62349
22093	1051	181	59592	1303	0	62127
22094	455	157	58731	1141	0	60484
22095	55101	187	1588	583	0	57459
22096	1027	58307	892	579	0	60805
22097	849	58919	235	617	0	60620
22098	509	1545	410	56587	0	59051
22099	275	872	220	57364	0	58731
22100	316	228	55690	1760	0	57994
22101	52788	244	928	1043	0	55003
22102	55257	198	776	542	0	56773
22103	1628	157	57212	505	0	59502
22104	921	152	56846	483	0	58402
22105	55927	178	1540	541	0	58186
22106	58317	138	883	509	0	59847
22107	58838	175	238	425	0	59676
22108	58368	146	192	426	0	59132
22109	1583	55720	143	468	0	57914
22110	53163	774	225	321	0	54483
22111	881	634	51142	388	0	53045
22112	618	153	48183	276	0	49230
22113	270	230	48453	232	0	49185
22114	641	2562	1416	38539	0	43158
22115	38701	44	706	258	0	39709
22116	38471	29	48	165	0	38713
22117	315	33	22	38584	0	38954
22118	157	26	21	38688	0	38892
22119	47	23	19	39184	0	39273
22120	34	40345	35	371	0	40785
22121	40682	198	26	273	0	41179
22122	40981	146	24	103	0	41254
22123	41193	30	13	75	0	41311
22124	41107	19	28	68	0	41222
22125	41027	15	21	73	0	41136
22126	361	29	13	40095	0	40498
22127	165	40140	36	263	0	40604
22128	98	216	39	39777	0	40130
22129	62	291	40	39237	0	39630
22130	38426	31	32	321	0	38810
22131	189	39	38057	172	0	38457
22132	152	30	37001	44	0	37227
22133	50	49	37184	44	0	37327
22134	37369	27	297	60	0	37753
22135	38236	10	324	73	0	38643
22136	206	56	59	38942	0	39263
22137	111	18	24	38381	0	38534
22138	34	23	20	39207	0	39284
22139	49	17	39468	259	0	39793
22140	35	11	132	38843	0	39021
22141	58	20	41398	160	0	41636
22142	17	18	145	41281	0	41461
22143	28	15	127	41564	0	41734
22144	29	15	29	42263	0	42336
22145	42297	11	19	286	0	42613
22146	42355	9	18	196	0	42578
22147	268	22	42783	54	0	43127
22148	42204	10	140	47	0	42401
22149	42367	9	134	48	0	42558
22150	265	9	34	42318	0	42626
22151	42715	15	36	183	0	42949
22152	165	10	19	43024	0	43218
22153	148	6	16	43129	0	43299
22154	70	29	42738	292	0	43129
22155	40023	9	148	189	0	40369
22156	171	8	140	42625	0	42944
22157	174	19	42972	153	0	43318
22158	71	19	43697	151	0	43938
22159	57	48	261	42785	0	43151
22160	41	15	173	43188	0	43417
22161	43637	3	33	327	0	44000
22162	146	14	31	44208	0	44399
22163	151	4	35	44372	0	44562
22164	50	7	27	45059	0	45143
22165	38	12	38	46979	0	47067
22166	48273	6	31	439	0	48749
22167	48645	11	30	283	0	48969
22168	50181	6	28	99	0	50314
22169	51138	8	23	92	0	51261
22170	611	15	29	52739	0	53394
22171	53928	8	21	409	0	54366
22172	431	8	15	54150	0	54604
22173	54739	9	37	450	0	55235
22174	471	7	26	54944	0	55448
22175	439	11	37	54359	0	54846
22176	104	54984	40	794	0	55922
22177	77	369	21	55216	0	55683
22178	54543	368	24	510	0	55445
22179	53538	51	36	480	0	54105
22180	820	37	54564	132	0	55553
22181	461	54536	402	134	0	55533
22182	54353	375	427	115	0	55270
22183	430	55758	79	91	0	56358
22184	55448	419	46	96	0	56009
22185	453	57781	44	154	0	58432
22186	506	443	57885	89	0	58923
22187	115	59031	404	135	0	59685
22188	88	59401	428	137	0	60054
22189	92	793	76	59899	0	60860
22190	60817	450	50	554	0	61871
22191	453	79	40	61605	0	62177
22192	474	48	29	61803	0	62354
22193	61053	34	36	944	0	62067
22194	62265	27	36	672	0	63000
22195	941	37	30	62657	0	63665
22196	547	43	34	62929	0	63553
22197	185	39	20	63182	0	63426
22198	61765	32	42	976	0	62815
22199	574	67	62128	576	0	63345
22200	549	43	432	62082	0	63106
22201	228	56	63952	562	0	64798
22202	144	62753	506	597	0	64000
22203	183	466	61779	168	0	62596
22204	126	486	486	60849	0	61947
22205	174	114	61400	523	0	62211
22206	59213	63	501	589	0	60366
22207	516	67	471	60848	0	61902
22208	540	62255	121	588	0	63504
22209	173	513	64	62398	0	63148
22210	143	62633	69	587	0	63432
22211	150	62814	64	605	0	63633
22212	140	63036	61	248	0	63485
22213	180	918	76	59001	0	60175
22214	141	61120	49	532	0	61842
22215	60379	482	54	521	0	61436
22216	584	500	59502	196	0	60782
22217	612	148	59225	172	0	60157
22218	239	111	60588	168	0	61106
22219	179	102	865	60311	0	61457
22220	158	88	497	59080	0	59823
22221	183	82	113	59009	0	59387
22222	202	81	89	59400	0	59772
22223	218	100	82	58902	0	59302
22224	234	60114	90	1053	0	61491
22225	262	503	59749	616	0	61130
22226	257	522	59323	243	0	60345
22227	198	60831	836	323	0	62188
22228	235	496	515	61337	0	62583
22229	216	477	137	61794	0	62624
22230	205	150	85	62295	0	62735
22231	61184	138	78	1037	0	62437
22232	609	144	60642	686	0	62081
22233	59963	132	481	316	0	60892
22234	60295	132	467	291	0	61185
22235	955	59602	134	287	0	60978
22236	572	60289	119	274	0	61254
22237	60573	864	217	264	0	61918
22238	629	569	117	60758	0	62073
22239	585	183	98	62397	0	63263
22240	276	192	63759	1007	0	65234
22241	244	203	63067	631	0	64145
22242	197	200	977	64014	0	65388
22243	64856	199	604	665	0	66324
22244	657	210	66961	652	0	68480
22245	68201	190	646	350	0	69387
22246	736	194	621	70488	0	72039
22247	666	183	178	73305	0	74332
22248	239	181	138	75765	0	76323
22249	228	168	75357	1500	0	77253
22250	172	74910	777	953	0	76812
22251	187	77678	727	374	0	78966
22252	77753	1374	155	340	0	79622
22253	79234	773	133	306	0	80446
22254	1535	168	127	79750	0	81580
22255	80854	117	163	1038	0	82172
22256	1008	127	79722	952	0	81809
22257	885	133	79390	324	0	80732
22258	225	153	1533	78031	0	79942
22259	79839	100	908	1088	0	81935
22260	904	116	238	81116	0	82374
22261	845	107	199	82292	0	83443
22262	81398	114	206	1736	0	83454
22263	82254	114	219	1014	0	83601
22264	1597	84525	191	420	0	86733
22265	84855	855	144	248	0	86102
22266	996	1273	158	82197	0	84624
22267	824	84056	165	1014	0	86059
22268	83390	853	146	876	0	85265
22269	876	84855	143	278	0	86152
22270	849	1116	180	82517	0	84662
22271	82234	677	160	869	0	83940
22272	871	114	81474	735	0	83194
22273	810	110	81064	134	0	82118
22274	237	325	1452	79746	0	81760
22275	148	84	746	81269	0	82247
22276	133	78	81	80192	0	80484
22277	94	83164	81	1360	0	84699
22278	84790	805	88	781	0	86464
22279	85328	715	84	194	0	86321
22280	86060	85	70	198	0	86413
22281	1549	89133	75	198	0	90955
22282	831	961	85	94458	0	96335
22283	170	773	75	95482	0	96500
22284	187	123	61	96687	0	97058
22285	91439	85	83	1968	0	93575
22286	1003	92091	86	1063	0	94243
22287	938	999	65	92253	0	94255
22288	215	897	50	93074	0	94236
22289	236	170	90754	1907	0	93067
22290	173	90617	956	1031	0	92777
22291	236	1183	873	90091	0	92383
22292	193	920	131	91018	0	92262
22293	228	150	87	91066	0	91531
22294	87630	95	112	1945	0	89782
22295	1016	88056	130	1182	0	90384
22296	89240	979	104	334	0	90657
22297	1132	896	97	88306	0	90431
22298	89451	150	118	1154	0	90873
22299	1210	163	88188	1062	0	90623
22300	88766	120	985	384	0	90255
22301	89496	129	883	331	0	90839
22302	1976	182	89371	251	0	91780
22303	1086	180	980	89547	0	91793
22304	306	143	876	91006	0	92331
22305	91727	145	191	2130	0	94193
22306	1195	167	116	93469	0	94947
22307	1084	166	105	93611	0	94966
22308	306	211	117	93954	0	94588
22309	372	145	91521	2149	0	94187
22310	85806	162	1046	1262	0	88276
22311	1184	93189	986	454	0	95813
22312	1100	1117	185	92014	0	94416
22313	321	94131	168	1368	0	95988
22314	291	96780	160	1299	0	98530
22315	295	2038	147	97026	0	99506
22316	371	1173	97778	1449	0	100771
22317	409	271	98256	1336	0	100272
22318	340	237	2067	98681	0	101325
22319	426	235	100191	1498	0	102350
22320	97587	205	1228	1432	0	100452
22321	1396	214	1090	101793	0	104493
22322	1293	202	203	102693	0	104391
22323	384	102625	173	2568	0	105750
22324	325	1234	182	103547	0	105288
22325	305	1172	202	102271	0	103950
22326	331	101315	193	2648	0	104487
22327	339	1272	189	104072	0	105872
22328	318	1182	200	102869	0	104569
22329	285	102639	190	2643	0	105757
22330	102681	1233	209	1559	0	105682
22331	1502	1211	102559	571	0	105843
22332	1408	309	102186	502	0	104405
22333	461	612	2226	100969	0	104268
22334	355	405	1312	102992	0	105064
22335	414	268	102175	2526	0	105383
22336	411	275	100683	1539	0	102908
22337	92995	326	2245	661	0	96227
22338	1250	100208	1265	687	0	103410
22339	99907	1209	336	565	0	102017
22340	1432	1161	98866	555	0	102014
22341	1255	98942	1275	587	0	102059
22342	466	1748	1328	100000	0	103542
22343	372	1163	101772	1588	0	104895
22344	362	297	99861	1387	0	101907
22345	418	958	2269	99528	0	103173
22346	430	284	101337	1605	0	103656
22347	205	98745	1369	1606	0	101925
22348	318	1440	1243	98166	0	101167
22349	383	1231	99515	1493	0	102622
22350	240	100598	1345	1465	0	103648
22351	99622	1365	1283	573	0	102843
22352	1398	1216	99251	410	0	102275
22353	1238	99470	1296	461	0	102465
22354	473	1356	1322	97440	0	100591
22355	288	1199	333	100715	0	102535
22356	100152	242	306	2408	0	103108
22357	1334	196	252	100632	0	102414
22358	1203	188	261	100363	0	102015
22359	98106	192	267	2542	0	101107
22360	1365	188	213	98685	0	100451
22361	1271	185	96608	1585	0	99649
22362	345	477	1264	96370	0	98456
22363	289	177	96892	1564	0	98922
22364	240	163	93028	1344	0	94775
22365	311	215	94338	426	0	95290
22366	418	448	2223	88624	0	91713
22367	207	144	1396	91376	0	93123
22368	90558	125	318	2070	0	93071
22369	1064	160	250	88438	0	89912
22370	1022	91456	222	1333	0	94033
22371	256	1000	230	93602	0	95088
22372	204	978	259	91642	0	93083
22373	106	92539	265	2126	0	95036
22374	91798	1012	232	1273	0	94315
22375	90438	970	260	430	0	92098
22376	1815	90803	288	441	0	93347
22377	939	90105	274	367	0	91685
22378	656	3226	600	86033	0	90515
22379	87497	1019	624	1109	0	90249
22380	1077	281	87801	1068	0	90227
22381	1049	240	82289	341	0	83919
22382	75627	239	1525	209	0	77600
22383	754	79081	933	293	0	81061
22384	749	888	261	79000	0	80898
22385	170	792	188	80088	0	81238
22386	153	178	162	81529	0	82022
22387	137	130	182	80821	0	81270
22388	112	79701	179	1682	0	81674
22389	106	775	133	80642	0	81656
22390	79890	755	134	998	0	81777
22391	802	172	139	81222	0	82335
22392	768	123	139	81630	0	82660
22393	81814	118	140	1656	0	83728
22394	82473	110	138	1003	0	83724
22395	83803	103	155	350	0	84411
22396	84204	100	154	296	0	84754
22397	1678	100	145	82830	0	84753
22398	83532	81	166	942	0	84721
22399	893	92	158	82899	0	84042
22400	82453	88	160	982	0	83683
22401	81820	83	135	988	0	83026
22402	1568	98	149	81130	0	82945
22403	964	101	81528	935	0	83528
22404	80965	98	812	988	0	82863
22405	82675	113	835	346	0	83969
22406	82809	87	211	316	0	83423
22407	82982	104	141	289	0	83516
22408	1653	151	165	82217	0	84186
22409	987	150	82612	898	0	84647
22410	348	135	81603	891	0	82977
22411	80087	181	1538	408	0	82214
22412	81977	144	907	271	0	83299
22413	1465	81082	240	312	0	83099
22414	773	80649	188	255	0	81865
22415	80732	1205	314	276	0	82527
22416	871	710	169	78859	0	80609
22417	813	244	141	80152	0	81350
22418	79216	123	113	1384	0	80836
22419	761	79915	110	885	0	81671
22420	80951	684	107	391	0	82133
22421	891	670	79190	266	0	81017
22422	78315	134	704	316	0	79469
22423	854	182	648	78498	0	80182
22424	778	106	79504	847	0	81235
22425	255	80155	699	849	0	81958
22426	286	786	717	81363	0	83152
22427	289	638	84198	858	0	85983
22428	246	238	818	83607	0	84909
22429	84921	71	794	1035	0	86821
22430	945	96	84845	908	0	86794
22431	82600	70	850	303	0	83823
22432	966	85618	788	349	0	87721
22433	877	819	199	86422	0	88317
22434	396	755	89360	910	0	91421
22435	255	205	852	88939	0	90251
22436	330	142	90685	1020	0	92177
22437	215	89400	905	1008	0	91528
22438	87550	803	843	284	0	89480
22439	861	90573	171	262	0	91867
22440	853	842	137	88013	0	89845
22441	293	803	132	88505	0	89733
22442	287	188	85442	1478	0	87395
22443	73248	148	790	948	0	75134
22444	766	82112	756	317	0	83951
22445	568	78520	124	226	0	79438
22446	188	78913	138	196	0	79435
22447	542	1770	438	74460	0	77210
22448	122	75930	183	582	0	76817
22449	256	902	153	73124	0	74435
22450	144	73504	118	625	0	74391
22451	181	772	93	70909	0	71955
22452	90	73083	66	541	0	73780
22453	72303	478	135	476	0	73392
22454	508	462	71895	136	0	73001
22455	69340	267	571	178	0	70356
22456	70960	99	443	136	0	71638
22457	72147	98	108	151	0	72504
22458	779	72036	87	169	0	73071
22459	73020	412	82	129	0	73643
22460	72864	382	74	89	0	73409
22461	73744	104	78	125	0	74051
22462	918	80	73202	80	0	74280
22463	575	87	441	73326	0	74429
22464	224	111	75476	503	0	76314
22465	147	112	504	74418	0	75181
22466	74564	83	497	593	0	75737
22467	559	75248	120	628	0	76555
22468	610	557	81360	167	0	82694
22469	194	519	719	82544	0	83976
22470	124	127	649	87404	0	88304
22471	158	122	95743	1502	0	97525
22472	94188	99	1258	902	0	96447
22473	98851	76	1035	203	0	100165
22474	101880	97	174	155	0	102306
22475	2499	120	101	99880	0	102600
22476	1299	98950	153	1411	0	101813
22477	292	103149	116	1346	0	104903
22478	290	2520	153	101528	0	104491
22479	252	1412	122	100294	0	102080
22480	178	100523	130	2480	0	103311
22481	99628	1323	108	1253	0	102312
22482	1365	100622	117	377	0	102481
22483	1210	1423	87	98277	0	100997
22484	262	1220	97989	1395	0	100866
22485	188	300	1359	97767	0	99614
22486	97705	134	1199	1536	0	100574
22487	1464	183	97594	1250	0	100491
22488	98239	138	1392	279	0	100048
22489	100291	138	1310	231	0	101970
22490	102016	149	202	229	0	102596
22491	102405	143	154	269	0	102971
22492	104356	137	220	234	0	104947
22493	2820	150	101122	201	0	104293
22494	1579	181	101743	199	0	103702
22495	105735	170	2641	197	0	108743
22496	109630	168	1381	164	0	111343
22497	3161	185	232	110616	0	114194
22498	1708	113569	192	1923	0	117392
22499	386	1892	140	116113	0	118531
22500	117007	1681	150	2066	0	120904
22501	2109	336	154	111590	0	114189
22502	1813	117263	170	1942	0	121188
22503	117112	1893	144	1673	0	120822
22504	116657	1737	154	358	0	118906
22505	116671	317	137	310	0	117435
22506	3658	114151	186	375	0	118370
22507	2125	1832	199	113533	0	117689
22508	600	1685	177	113222	0	115684
22509	463	111711	212	3461	0	115847
22510	517	1844	145	113323	0	115829
22511	110939	1698	147	2145	0	114929
22512	111428	329	148	1876	0	113781
22513	3616	109500	209	562	0	113887
22514	2108	1958	195	109242	0	113503
22515	651	1714	200	110614	0	113179
22516	520	346	236	112768	0	113870
22517	107578	253	251	3790	0	111872
22518	2323	269	107261	2108	0	111961
22519	105400	225	1923	641	0	108189
22520	2535	407	106815	525	0	110282
22521	2245	630	2019	99757	0	104651
22522	790	102717	1775	2108	0	107390
22523	680	107337	358	2075	0	110450
22524	104043	3560	357	722	0	108682
22525	103897	2061	248	707	0	106913
22526	3765	100671	220	699	0	105355
22527	2071	99977	256	693	0	102997
22528	99803	3380	393	535	0	104111
22529	101224	1971	262	629	0	104086
22530	3660	101457	259	703	0	106079
22531	104089	2088	360	583	0	107120
22532	2626	1909	100982	516	0	106033
22533	102554	576	1866	560	0	105556
22534	100985	462	1726	578	0	103751
22535	3911	427	409	97980	0	102727
22536	2431	97538	367	2236	0	102572
22537	1131	1966	290	100452	0	103839
22538	98961	1793	295	2306	0	103355
22539	2742	476	283	98244	0	101745
22540	2542	416	319	99173	0	102450
22541	1172	473	98311	3699	0	103655
22542	1039	402	1923	100058	0	103422
22543	981	393	1815	101424	0	104613
22544	99870	425	481	3872	0	104648
22545	2551	532	99301	2306	0	104690
22546	100572	504	2032	845	0	103953
22547	2728	539	1766	99451	0	104484
22548	2415	524	384	100732	0	104055
22549	1053	561	286	100330	0	102230
22550	972	96760	296	3919	0	101947
22551	1047	99279	299	2400	0	103025
22552	1111	3568	307	97335	0	102321
22553	97522	2040	272	2279	0	102113
22554	98673	628	304	2077	0	101682
22555	4268	533	259	96858	0	101918
22556	97994	507	278	2334	0	101113
22557	2852	470	277	97203	0	100802
22558	2523	537	257	97849	0	101166
22559	93854	472	261	3936	0	98523
22560	2695	96357	289	2444	0	101785
22561	97083	2089	261	984	0	100417
22562	96641	1841	232	938	0	99652
22563	94473	505	273	951	0	96202
22564	3855	92041	284	962	0	97142
22565	2494	2621	378	91309	0	96802
22566	1094	2034	418	93076	0	96622
22567	984	526	89875	3830	0	95215
22568	1034	1366	1783	83969	0	88152
22569	938	427	81369	2140	0	84874
22570	722	74974	1587	1786	0	79069
22571	517	64717	1201	665	0	67100
22572	611	65264	393	511	0	66779
22573	1184	2176	908	62697	0	66965
22574	668	1074	307	63212	0	65261
22575	330	350	99	63100	0	63879
22576	273	282	102	63452	0	64109
22577	304	264	62309	2006	0	64883
22578	368	252	68955	1246	0	70821
22579	380	246	1730	71077	0	73433
22580	403	219	73764	1402	0	75788
22581	72596	188	1180	1333	0	75297
22582	74219	175	1011	536	0	75941
22583	2182	182	73815	569	0	76748
22584	1381	153	1104	72917	0	75555
22585	530	195	1041	74759	0	76525
22586	467	218	263	75465	0	76413
22587	516	188	205	74876	0	75785
22588	525	210	174	75614	0	76523
22589	65218	274	224	2374	0	68090
22590	72553	240	166	1411	0	74370
22591	2050	72362	180	758	0	75350
22592	1371	1130	69740	480	0	72721
22593	410	69482	1053	588	0	71533
22594	332	69005	932	566	0	70835
22595	63527	1541	331	377	0	65776
22596	898	62801	188	448	0	64335
22597	635	57743	152	244	0	58774
22598	56202	1055	477	252	0	57986
22599	727	547	55566	220	0	57060
22600	54056	180	682	199	0	55117
22601	690	96	524	54878	0	56188
22602	549	95	121	54093	0	54858
22603	196	86	111	54855	0	55248
22604	156	83	53704	1170	0	55113
22605	137	54005	599	710	0	55451
22606	54196	572	485	331	0	55584
22607	630	471	154	54510	0	55765
22608	488	55333	126	850	0	56797
22609	153	604	137	57072	0	57966
22610	195	534	57017	808	0	58554
22611	199	171	635	57374	0	58379
22612	201	115	540	58672	0	59528
22613	197	129	150	59133	0	59609
22614	58336	146	112	1321	0	59915
22615	767	102	100	59221	0	60190
22616	606	123	58780	969	0	60478
22617	203	58824	693	860	0	60580
22618	219	697	528	59220	0	60664
22619	202	626	188	59723	0	60739
22620	216	194	58721	1281	0	60412
22621	229	116	57780	755	0	58880
22622	56442	243	1299	378	0	58362
22623	56232	186	687	321	0	57426
22624	1155	56426	252	356	0	58189
22625	56579	664	184	290	0	57717
22626	840	549	56069	258	0	57716
22627	629	186	55661	320	0	56796
22628	54245	297	1294	430	0	56266
22629	53472	159	727	476	0	54834
22630	1013	110	52329	408	0	53860
22631	51394	108	661	402	0	52565
22632	717	101	52516	331	0	53665
22633	51693	119	708	215	0	52735
22634	52429	202	470	218	0	53319
22635	1023	325	202	50632	0	52182
22636	538	55339	199	652	0	56728
22637	50604	812	200	561	0	52177
22638	631	608	56201	233	0	57673
22639	556	56683	673	253	0	58165
22640	56686	782	582	295	0	58345
22641	54499	552	201	252	0	55504
22642	1091	54901	201	318	0	56511
22643	675	621	231	54958	0	56485
22644	293	488	54498	847	0	56126
22645	234	153	721	54638	0	55746
22646	229	196	54842	919	0	56186
22647	193	153	781	54484	0	55611
22648	192	185	570	55099	0	56046
22649	241	229	54533	1106	0	56109
22650	251	54580	715	742	0	56288
22651	249	691	545	54117	0	55602
22652	282	543	50825	821	0	52471
22653	53568	206	591	673	0	55038
22654	742	133	529	55405	0	56809
22655	574	119	254	55866	0	56813
22656	55290	143	210	1253	0	56896
22657	809	128	195	55111	0	56243
22658	705	129	192	53865	0	54891
22659	296	54918	287	1101	0	56602
22660	279	678	234	54546	0	55737
22661	267	550	54031	833	0	55681
22662	281	178	723	52559	0	53741
22663	263	53150	612	817	0	54842
22664	261	53715	339	665	0	54980
22665	265	1015	265	53400	0	54945
22666	53652	545	234	747	0	55178
22667	792	242	236	53838	0	55108
22668	53948	227	259	781	0	55215
22669	860	173	275	54171	0	55479
22670	54204	149	316	814	0	55483
22671	55317	161	287	725	0	56490
22672	1300	469	270	54374	0	56413
22673	933	1430	394	52935	0	55692
22674	367	53604	301	1205	0	55477
22675	351	54596	287	750	0	55984
22676	560	951	53862	424	0	55797
22677	350	53508	677	440	0	54975
22678	44670	791	910	504	0	46875
22679	716	402	280	43667	0	45065
22680	313	42835	143	441	0	43732
22681	43657	358	122	393	0	44530
22682	422	264	123	43763	0	44572
22683	365	104	123	43280	0	43872
22684	185	105	131	44187	0	44608
22685	157	214	145	44327	0	44843
22686	138	44919	161	685	0	45903
22687	164	47081	143	370	0	47758
22688	47961	583	123	176	0	48843
22689	575	49283	101	198	0	50157
22690	429	526	137	48927	0	50019
22691	229	393	95	49206	0	49923
22692	210	95	100	49605	0	50010
22693	177	94	81	49857	0	50209
22694	49082	95	71	873	0	50121
22695	49831	86	92	478	0	50487
22696	897	82	49684	183	0	50846
22697	499	76	557	49689	0	50821
22698	222	86	51180	638	0	52126
22699	153	114	585	50848	0	51700
22700	164	107	429	51444	0	52144
22701	51352	100	116	1046	0	52614
22702	636	148	115	51939	0	52838
22703	526	97	52177	698	0	53498
22704	192	96	51171	514	0	51973
22705	50943	98	922	274	0	52237
22706	641	90	52579	199	0	53509
22707	475	279	594	50396	0	51744
22708	162	76	52228	661	0	53127
22709	106	351	554	50351	0	51362
22710	62	50941	409	644	0	52056
22711	109	633	114	50286	0	51142
22712	48	50557	92	620	0	51317
22713	52	50545	65	507	0	51169
22714	95	918	80	49430	0	50523
22715	49075	372	71	599	0	50117
22716	436	49756	62	411	0	50665
22717	361	458	30	49624	0	50473
22718	49884	336	25	551	0	50796
22719	50403	71	36	451	0	50961
22720	51264	56	24	183	0	51527
22721	795	61	35	50556	0	51447
22722	397	56	36	51175	0	51664
22723	51410	40	40	862	0	52352
22724	51387	51	47	465	0	51950
22725	52160	44	36	196	0	52436
22726	818	61	43	51408	0	52330
22727	447	59	50677	515	0	51698
22728	49569	44	439	407	0	50459
22729	510	77	337	50060	0	50984
22730	387	51023	78	558	0	52046
22731	147	703	73	50513	0	51436
22732	97	50930	44	547	0	51618
22733	131	518	55	51531	0	52235
22734	111	343	50502	581	0	51537
22735	69	50185	441	464	0	51159
22736	148	478	349	47403	0	48378
22737	102	297	97	47513	0	48009
22738	85	77	61	47343	0	47566
22739	47264	69	44	744	0	48121
22740	412	48163	55	447	0	49077
22741	398	432	45	49067	0	49942
22742	49795	399	42	563	0	50799
22743	50026	89	47	486	0	50648
22744	899	57	51	50465	0	51472
22745	529	68	51777	598	0	52972
22746	131	53	505	51210	0	51899
22747	96	51958	458	613	0	53125
22748	103	500	96	52816	0	53515
22749	52070	423	62	653	0	53208
22750	570	86	61	54385	0	55102
22751	529	80	55162	646	0	56417
22752	117	57165	508	604	0	58394
22753	57805	575	482	180	0	59042
22754	647	528	58441	176	0	59792
22755	58654	105	607	222	0	59588
22756	679	79	563	60738	0	62059
22757	590	70	105	61701	0	62466
22758	150	62677	99	1198	0	64124
22759	64542	609	78	768	0	65997
22760	732	589	79	65857	0	67257
22761	711	96	75	66999	0	67881
22762	168	78	86	68672	0	69004
22763	186	93	68004	1435	0	69718
22764	121	51	695	68280	0	69147
22765	68785	70	653	911	0	70419
22766	69853	55	128	851	0	70887
22767	1335	65	92	69586	0	71078
22768	771	78	88	70125	0	71062
22769	69238	63	67	1426	0	70794
22770	809	83	68719	799	0	70410
22771	67584	69	756	304	0	68713
22772	893	94	67854	187	0	69028
22773	726	113	67723	176	0	68738
22774	205	106	1286	66745	0	68342
22775	194	99	69074	792	0	70159
22776	67377	91	804	788	0	69060
22777	769	69	659	69348	0	70845
22778	737	70	69547	776	0	71130
22779	67214	65	712	787	0	68778
22780	69095	78	625	256	0	70054
22781	1384	90	70774	204	0	72452
22782	814	574	702	66710	0	68800
22783	225	71351	638	758	0	72972
22784	71670	678	156	692	0	73196
22785	830	642	72063	210	0	73745
22786	67336	312	754	312	0	68714
22787	741	69893	611	263	0	71508
22788	68169	519	426	171	0	69285
22789	67850	460	99	234	0	68643
22790	68392	87	93	223	0	68795
22791	1046	211	109	67586	0	68952
22792	612	68594	96	627	0	69929
22793	278	541	67526	604	0	68949
22794	136	69479	516	281	0	70412
22795	215	764	499	64145	0	65623
22796	127	68118	145	560	0	68950
22797	123	68416	119	578	0	69236
22798	66476	850	190	213	0	67729
22799	598	515	66339	145	0	67597
22800	566	147	67395	163	0	68271
22801	274	111	67382	167	0	67934
22802	167	67869	833	222	0	69091
22803	67491	434	608	253	0	68786
22804	67520	436	143	187	0	68286
22805	67173	100	102	180	0	67555
22806	870	66826	96	249	0	68041
22807	544	427	81	68289	0	69341
22808	219	433	67954	569	0	69175
22809	187	142	67508	533	0	68370
22810	67529	81	824	319	0	68753
22811	69724	69	504	234	0	70531
22812	69948	82	160	214	0	70404
22813	977	85	69142	222	0	70426
22814	68759	69	494	250	0	69572
22815	636	68	473	69590	0	70767
22816	610	59	174	69738	0	70581
22817	320	116	71636	939	0	73011
22818	218	71978	523	716	0	73435
22819	243	424	525	72420	0	73612
22820	227	460	71763	645	0	73095
22821	67475	106	594	673	0	68848
22822	597	88	572	72580	0	73837
22823	604	67	239	72856	0	73766
22824	72341	57	235	1031	0	73664
22825	707	58	174	72668	0	73607
22826	72618	41	186	735	0	73580
22827	72488	47	213	720	0	73468
22828	1011	81	220	72623	0	73935
22829	716	90	237	73134	0	74177
22830	72678	79	224	1054	0	74035
22831	741	80	255	73785	0	74861
22832	74590	72	258	748	0	75668
22833	74217	115	257	642	0	75231
22834	74154	101	248	311	0	74814
22835	1146	102	257	73207	0	74712
22836	812	209	237	73505	0	74763
22837	73601	89	252	951	0	74893
22838	664	73079	281	616	0	74640
22839	580	71911	234	246	0	72971
22840	71218	616	280	172	0	72286
22841	581	397	70209	153	0	71340
22842	69406	131	511	181	0	70229
22843	592	139	458	72097	0	73286
22844	543	115	72457	377	0	73492
22845	71092	80	416	397	0	71985
22846	530	107	344	72663	0	73644
22847	500	115	138	74437	0	75190
22848	313	119	103	75957	0	76492
22849	293	120	96	75852	0	76361
22850	74416	92	130	646	0	75284
22851	422	73223	121	429	0	74195
22852	69941	295	149	140	0	70525
22853	384	252	70016	71	0	70723
22854	373	102	68121	70	0	68666
22855	176	70934	356	129	0	71595
22856	601	969	588	68565	0	70723
22857	157	195	68867	263	0	69482
22858	62	65855	196	362	0	66475
22859	155	168	65047	127	0	65497
22860	28	104	114	64126	0	64372
22861	27	37	59	64423	0	64546
22862	64331	14	25	205	0	64575
22863	88	19	10	63623	0	63740
22864	63528	14	23	140	0	63705
22865	137	38	64220	87	0	64482
22866	57	64776	81	116	0	65030
22867	53	88	54	67126	0	67321
22868	50	82	21	69969	0	70122
22869	90	36	70978	134	0	71238
22870	87	62	67969	69	0	68187
22871	67151	14	137	96	0	67398
22872	71676	15	74	98	0	71863
22873	139	33	26	71562	0	71760
22874	79	23	20	71400	0	71522
22875	22	70875	28	199	0	71124
22876	30	105	5	72334	0	72474
22877	72349	49	25	183	0	72606
22878	72304	17	17	141	0	72479
22879	182	73686	30	89	0	73987
22880	74381	131	21	58	0	74591
22881	72872	115	14	74	0	73075
22882	278	38	17	75575	0	75908
22883	163	76846	37	299	0	77345
22884	65	243	12	78086	0	78406
22885	54	237	16	78477	0	78784
22886	75	79	77463	496	0	78113
22887	76354	24	266	338	0	76982
22888	371	27	246	84051	0	84695
22889	359	41	44	87784	0	88228
22890	63	98416	52	1099	0	99630
22891	55	779	15	105760	0	106609
22892	109204	763	32	1043	0	111042
22893	116374	124	48	973	0	117519
22894	2249	98	117432	193	0	119972
22895	1302	105	118759	110	0	120276
22896	202	47	2302	119467	0	122018
22897	117	46	1270	124547	0	125980
22898	219	51	124393	2499	0	127162
22899	173	62	124870	1417	0	126522
22900	111	101	2553	120540	0	123305
22901	148	72	127662	1382	0	129264
22902	294	154	126804	1378	0	128630
22903	101	42	2629	123513	0	126285
22904	127135	25	1487	1424	0	130071
22905	128957	19	256	1475	0	130707
22906	2582	37	171	128563	0	131353
22907	1487	36	112	129443	0	131078
22908	127598	41	109	2722	0	130470
22909	1384	39	112	128203	0	129738
22910	127948	33	127	1594	0	129702
22911	127449	38	104	1548	0	129139
22912	2703	57	109	127273	0	130142
22913	1570	53	118	128806	0	130547
22914	125798	59	117	2782	0	128756
22915	1441	126650	142	1780	0	130013
22916	1481	127487	165	979	0	130112
22917	357	2582	140	124795	0	127874
22918	332	1472	124083	1574	0	127461
22919	226	244	1524	124009	0	126003
22920	123708	112	1504	1692	0	127016
22921	1417	93	280	124819	0	126609
22922	125152	67	237	1661	0	127117
22923	1625	128	124088	1710	0	127551
22924	122990	76	1440	565	0	125071
22925	1567	96	1504	125423	0	128590
22926	1580	90	328	127591	0	129589
22927	482	113	129902	2854	0	133351
22928	347	99	1422	130178	0	132046
22929	322	98	1482	131466	0	133368
22930	276	126	276	133860	0	134538
22931	130302	101	233	3123	0	133759
22932	1715	139	130615	1849	0	134318
22933	1740	148	129497	587	0	131972
22934	128042	92	2803	540	0	131477
22935	130654	66	1663	510	0	132893
22936	2972	123	132230	488	0	135813
22937	1804	218	1619	127782	0	131423
22938	508	132886	1685	1734	0	136813
22939	462	1388	493	135698	0	138041
22940	134385	1400	505	1897	0	138187
22941	135078	237	525	1920	0	137760
22942	2904	179	484	133082	0	136649
22943	1784	133029	541	2042	0	137396
22944	645	1371	502	129481	0	131999
22945	567	133230	550	1935	0	136282
22946	132600	1418	528	1955	0	136501
22947	130927	1409	540	812	0	133688
22948	130515	199	493	797	0	132004
22949	3045	126861	540	960	0	131406
22950	1937	129737	537	976	0	133187
22951	748	2917	455	129718	0	133838
22952	658	1534	421	131218	0	133831
22953	639	296	426	131847	0	133208
22954	644	217	409	132513	0	133783
22955	728	218	127079	3490	0	131515
22956	120904	210	1630	2354	0	125098
22957	2054	267	130020	952	0	133293
22958	129869	253	1752	913	0	132787
22959	2233	251	133769	870	0	137123
22960	132839	227	1871	929	0	135866
22961	2238	258	136475	848	0	139819
22962	133476	216	1866	824	0	136382
22963	2213	239	1912	135700	0	140064
22964	138558	203	536	2371	0	141668
22965	2232	250	433	139812	0	142727
22966	2199	215	454	139766	0	142634
22967	823	266	424	136734	0	138247
22968	685	132816	467	3868	0	137836
22969	132173	1567	423	2456	0	136619
22970	132026	1675	445	1038	0	135184
22971	3479	132919	435	1102	0	137935
22972	2298	1600	387	133613	0	137898
22973	930	1761	132130	2216	0	137037
22974	129958	312	1771	2348	0	134389
22975	133581	246	1912	993	0	136732
22976	133313	210	543	908	0	134974
22977	3685	208	458	127888	0	132239
22978	2250	128516	473	2176	0	133415
22979	882	1571	460	129664	0	132577
22980	128095	1610	468	2250	0	132423
22981	2223	361	429	125085	0	128098
22982	1958	124624	460	2007	0	129049
22983	121826	1480	521	1949	0	125776
22984	2135	1593	122922	689	0	127339
22985	3223	435	121601	600	0	125859
22986	889	121705	2930	709	0	126233
22987	795	120013	1781	792	0	123381
22988	2442	2804	113136	560	0	118942
22989	1911	1837	107943	745	0	112436
22990	1379	5048	2530	87704	0	96661
22991	90944	329	1449	1028	0	93750
22992	1070	247	90364	778	0	92459
22993	639	84085	604	274	0	85602
22994	83325	474	970	230	0	84999
22995	499	82593	158	203	0	83453
22996	79066	374	151	125	0	79716
22997	404	79283	89	148	0	79924
22998	444	79806	126	177	0	80553
22999	271	699	287	79142	0	80399
23000	245	392	222	78994	0	79853
23001	161	120	75788	582	0	76651
23002	118	99	291	74309	0	74817
23003	75098	49	308	406	0	75861
23004	75271	59	65	411	0	75806
23005	596	64	48	74248	0	74956
23006	446	99	73571	359	0	74475
23007	202	91	72775	371	0	73439
23008	101	76	562	73040	0	73779
23009	177	84	75076	352	0	75689
23010	89	96	357	73959	0	74501
23011	98	69	351	73840	0	74358
23012	141	113	78422	621	0	79297
23013	74047	71	459	439	0	75016
23014	78626	64	472	170	0	79332
23015	873	96	79380	88	0	80437
23016	549	88	81130	93	0	81860
23017	157	97	1016	81061	0	82331
23018	114	64	592	88445	0	89215
23019	102	82	149	90451	0	90784
23020	113	74	100	91110	0	91397
23021	90264	85	108	1350	0	91807
23022	94756	73	94	791	0	95714
23023	1465	71	100	101405	0	103041
23024	900	95	89	106468	0	107552
23025	297	112	113545	2043	0	115997
23026	137	84	1406	117927	0	119554
23027	144	65	1406	123664	0	125279
23028	125383	57	218	3357	0	129015
23029	1953	136317	161	2099	0	140530
23030	1831	2317	93	136888	0	141129
23031	297	1969	89	139622	0	141977
23032	185	285	117	138444	0	139031
23033	113	128135	206	4574	0	133028
23034	131	136708	153	2591	0	139583
23035	174	4245	141	134649	0	139209
23036	160	2140	128	135449	0	137877
23037	169	313	117	138282	0	138881
23038	129403	148	151	4586	0	134288
23039	2160	132251	146	2743	0	137300
23040	134631	2251	134	627	0	137643
23041	135555	2066	140	490	0	138251
23042	4312	380	116	130285	0	135093
23043	2285	131343	157	2645	0	136430
23044	131286	2339	257	2437	0	136319
23045	2418	2275	92	132077	0	136862
23046	134146	405	180	2910	0	137641
23047	2598	286	138	135861	0	138883
23048	2400	257	134159	2935	0	139751
23049	566	280	137033	2622	0	140501
23050	361	253	4263	134770	0	139647
23051	368	280	2322	136883	0	139853
23052	397	314	375	135402	0	136488
23053	341	132039	256	4874	0	137510
23054	388	137941	230	2924	0	141483
23055	134399	4292	208	912	0	139811
23056	132945	2489	197	750	0	136381
23057	4321	132601	224	851	0	137997
23058	2237	130858	191	835	0	134121
23059	511	135015	229	863	0	136618
23060	125995	4269	354	745	0	131363
23061	2215	129881	221	884	0	133201
23062	2156	2566	148	128583	0	133453
23063	127930	2181	152	2699	0	132962
23064	128360	490	172	2530	0	131552
23065	4234	391	171	124975	0	129771
23066	2530	421	123478	2698	0	129127
23067	774	481	125078	2424	0	128757
23068	570	398	4035	124025	0	129028
23069	644	426	127845	2788	0	131703
23070	541	425	2401	126810	0	130177
23071	531	441	2094	126928	0	129994
23072	569	458	125887	4537	0	131451
23073	677	398	127099	2687	0	130861
23074	528	424	4134	124724	0	129810
23075	476	469	2282	129661	0	132888
23076	125807	476	528	4742	0	131553
23077	2450	125701	428	3017	0	131596
23078	2244	131377	346	1365	0	135332
23079	127332	4292	336	1046	0	133006
23080	130338	2516	334	1024	0	134212
23081	4346	128617	327	1220	0	134510
23082	2544	130775	383	1127	0	134829
23083	129261	4394	343	1055	0	135053
23084	2725	2618	315	128219	0	133877
23085	127699	795	383	3134	0	132011
23086	2771	126849	418	3407	0	133445
23087	128938	2625	340	1331	0	133234
23088	3044	2483	126574	1215	0	133316
23089	126084	721	2441	1167	0	130413
23090	3089	682	128229	1215	0	133215
23091	2669	754	2691	124573	0	130687
23092	123472	596	2373	3319	0	129760
23093	2964	574	122294	3192	0	129024
23094	2605	674	2570	122309	0	128158
23095	121925	640	2360	3323	0	128248
23096	2955	795	121935	3156	0	128841
23097	2674	672	2475	122489	0	128310
23098	119887	710	2238	3399	0	126234
23099	2706	120830	649	3261	0	127446
23100	2577	2830	508	122257	0	128172
23101	1018	2604	429	124077	0	128128
23102	937	978	393	123973	0	126281
23103	924	123119	413	5083	0	129539
23104	994	3153	383	127132	0	131662
23105	1087	2637	371	128111	0	132206
23106	1215	978	437	130106	0	132736
23107	1202	783	384	133813	0	136182
23108	1363	836	129656	5225	0	137080
23109	124898	881	2653	3143	0	131575
23110	130150	755	2447	1265	0	134617
23111	5205	129526	746	1263	0	136740
23112	3010	2737	552	126481	0	132780
23113	1176	2545	565	126921	0	131207
23114	977	126438	685	5199	0	133299
23115	929	2528	711	127629	0	131797
23116	121621	2243	728	3402	0	127994
23117	2543	121198	764	3230	0	127735
23118	117974	2329	828	1191	0	122322
23119	2622	2427	668	116278	0	121995
23120	2410	666	116094	3042	0	122212
23121	748	116642	2321	2847	0	122558
23122	108290	2556	3190	1248	0	115284
23123	2127	105477	536	816	0	108956
23124	1797	102848	509	719	0	105873
23125	90770	2686	1281	725	0	95462
23126	1758	1280	89892	479	0	93409
23127	1014	82993	1089	426	0	85522
23128	70872	2448	3172	1003	0	77495
23129	65476	679	512	306	0	66973
23130	801	65609	59	151	0	66620
23131	500	475	68	66639	0	67682
23132	142	438	67647	514	0	68741
23133	85	126	412	67479	0	68102
23134	87	97	403	67627	0	68214
23135	96	72	82	69537	0	69787
23136	138	98	69045	876	0	70157
23137	114	108	433	67570	0	68225
23138	140	107	69147	559	0	69953
23139	153	102	66916	475	0	67646
23140	60721	97	796	180	0	61794
23141	424	67231	436	153	0	68244
23142	419	67867	104	160	0	68550
23143	345	785	162	68372	0	69664
23144	72831	458	63	627	0	73979
23145	73663	100	66	471	0	74300
23146	73038	87	54	207	0	73386
23147	73300	77	68	110	0	73555
23148	71310	66	68	115	0	71559
23149	918	101	70191	98	0	71308
23150	507	105	443	69222	0	70277
23151	116	70138	441	496	0	71191
23152	100	467	100	71124	0	71791
23153	71045	457	71	575	0	72148
23154	482	71252	72	546	0	72352
23155	487	484	74	71657	0	72702
23156	72138	469	78	554	0	73239
23157	73300	120	69	616	0	74105
23158	930	88	83	72978	0	74079
23159	539	95	85	72405	0	73124
23160	175	78	66	73300	0	73619
23161	148	109	72145	989	0	73391
23162	167	149	72780	609	0	73705
23163	132	87	868	73640	0	74727
23164	150	83	499	74561	0	75293
23165	74361	82	134	963	0	75540
23166	74283	74	81	623	0	75061
23167	75460	78	87	285	0	75910
23168	77495	122	69	268	0	77954
23169	76045	100	85	182	0	76412
23170	989	76818	95	233	0	78135
23171	78751	535	81	259	0	79626
23172	78849	503	83	222	0	79657
23173	79017	139	61	182	0	79399
23174	1083	118	70	79910	0	81181
23175	675	133	79648	670	0	81126
23176	255	156	587	80873	0	81871
23177	268	126	85784	773	0	86951
23178	211	147	666	81354	0	82378
23179	159	85515	585	731	0	86990
23180	85456	620	135	638	0	86849
23181	87726	584	83	356	0	88749
23182	1215	140	86	88790	0	90231
23183	762	84	77	91905	0	92828
23184	268	81	87	91714	0	92150
23185	183	93466	84	1298	0	95031
23186	93535	645	75	704	0	94959
23187	93542	603	72	223	0	94440
23188	1286	94714	107	218	0	96325
23189	752	654	76	95123	0	96605
23190	261	647	78	92774	0	93760
23191	180	95837	92	1295	0	97404
23192	96883	662	85	716	0	98346
23193	96913	626	100	247	0	97886
23194	1345	123	88	96876	0	98432
23195	841	119	97630	774	0	99364
23196	342	120	96885	730	0	98077
23197	227	77	1327	100042	0	101673
23198	216	92	714	100511	0	101533
23199	229	108	117	102389	0	102843
23200	101485	80	104	1581	0	103250
23201	102200	90	93	953	0	103336
23202	1498	106307	112	397	0	108314
23203	107411	740	234	300	0	108685
23204	1061	727	107261	190	0	109239
23205	992	185	107195	200	0	108572
23206	278	110357	1467	273	0	112375
23207	105439	944	1201	261	0	107845
23208	680	106343	173	253	0	107449
23209	105669	642	157	198	0	106666
23210	812	670	106017	148	0	107647
23211	765	152	105251	154	0	106322
23212	217	102	1197	103653	0	105169
23213	262	155	108462	760	0	109639
23214	199	73	634	109125	0	110031
23215	154	107	655	105285	0	106201
23216	145	110063	125	1356	0	111689
23217	170	653	81	110959	0	111863
23218	172	654	79	111809	0	112714
23219	113143	136	82	1388	0	114749
23220	791	113299	111	870	0	115071
23221	794	754	94	114964	0	116606
23222	266	736	115049	878	0	116929
23223	104434	141	825	959	0	106359
23224	919	164	115306	274	0	116663
23225	882	284	820	110965	0	112951
23226	220	117642	810	893	0	119565
23227	234	929	171	116102	0	117436
23228	119879	879	147	1040	0	121945
23229	119128	160	136	980	0	120404
23230	1918	123005	143	388	0	125454
23231	127195	1008	131	425	0	128759
23232	127802	996	133	447	0	129378
23233	130593	209	137	352	0	131291
23234	131365	138	134	276	0	131913
23235	126027	166	164	267	0	126624
23236	2092	166	127869	187	0	130314
23237	1165	155	1048	127789	0	130157
23238	308	168	1065	129260	0	130801
23239	259	199	230	127622	0	128310
23240	260	129157	199	2094	0	131710
23241	291	1113	164	129950	0	131518
23242	359	1062	128497	1224	0	131142
23243	236	127659	1065	1228	0	130188
23244	254	125663	1056	430	0	127403
23245	486	1892	341	124670	0	127389
23246	257	1049	194	125159	0	126659
23247	264	261	185	122894	0	123604
23248	269	122280	195	2125	0	124869
23249	257	124008	207	1283	0	125755
23250	123902	1787	158	450	0	126297
23251	122856	1046	191	356	0	124449
23252	1877	124823	214	463	0	127377
23253	127215	1023	219	396	0	128853
23254	128520	1042	193	602	0	130357
23255	2012	283	232	130488	0	133015
23256	1204	242	231	133235	0	134912
23257	391	245	228	133581	0	134445
23258	482	292	132916	2105	0	135795
23259	495	295	132937	1279	0	135006
23260	403	138169	2029	588	0	141189
23261	141011	1162	1266	442	0	143881
23262	1586	1274	142423	334	0	145617
23263	142227	309	1368	471	0	144375
23264	1679	351	151469	346	0	153845
23265	150026	262	1556	417	0	152261
23266	1785	157438	1587	494	0	161304
23267	157249	1588	367	514	0	159718
23268	1802	1706	291	156620	0	160419
23269	1876	345	305	159553	0	162079
23270	695	482	155832	3254	0	160263
23271	479	161975	1447	2254	0	166155
23272	511	1848	1621	163145	0	167125
23273	539	1778	162277	1831	0	166425
23274	149810	394	1635	1874	0	153713
23275	1571	160229	1674	700	0	164174
23276	158282	1506	393	566	0	160747
23277	1543	155109	270	870	0	157792
23278	1797	1690	307	154005	0	157799
23279	151750	1584	269	1761	0	155364
23280	1517	153277	276	1970	0	157040
23281	1712	1617	253	153463	0	157045
23282	646	1682	151160	1726	0	155214
23283	142616	433	1399	1784	0	146232
23284	1748	426	1449	150032	0	153655
23285	1838	395	148733	1659	0	152625
23286	564	148517	1442	2073	0	152596
23287	546	1546	1550	148883	0	152525
23288	722	1647	148583	1685	0	152637
23289	506	639	1463	143998	0	146606
23290	495	149844	1582	1643	0	153564
23291	522	151526	359	1792	0	154199
23292	824	2772	149593	444	0	153633
23293	616	1790	1476	147875	0	151757
23294	589	454	151464	1693	0	154200
23295	145580	361	1543	1771	0	149255
23296	1803	588	1527	144330	0	148248
23297	1644	145288	371	1622	0	148925
23298	540	150546	316	1654	0	153056
23299	147300	2610	348	550	0	150808
23300	1455	151603	316	607	0	153981
23301	150458	1509	445	647	0	153059
23302	1807	1530	147057	418	0	150812
23303	139639	430	1433	402	0	141904
23304	1451	144166	1393	544	0	147554
23305	143756	1441	518	393	0	146108
23306	1428	143229	277	466	0	145400
23307	1506	1517	256	141535	0	144814
23308	380	1524	198	144571	0	146673
23309	400	481	143435	2568	0	146884
23310	135499	381	1335	1676	0	138891
23311	1517	410	144691	461	0	147079
23312	143047	362	1521	450	0	145380
23313	1630	344	1452	143767	0	147193
23314	1618	377	344	145285	0	147624
23315	453	148182	334	3009	0	151978
23316	437	1774	277	153271	0	155759
23317	470	1756	260	155698	0	158184
23318	471	510	153920	3308	0	158209
23319	142103	340	1709	2053	0	146205
23320	1691	150568	1776	625	0	154660
23321	151258	1626	412	499	0	153795
23322	1784	1685	372	150107	0	153948
23323	1802	443	306	152083	0	154634
23324	149562	271	364	3202	0	153399
23325	1685	152197	380	2189	0	156451
23326	148655	1579	299	426	0	150959
23327	1678	148875	280	464	0	151297
23328	1617	147341	252	407	0	149617
23329	145758	2806	787	294	0	149645
23330	1857	1687	491	142037	0	146072
23331	1733	481	141588	1561	0	145363
23332	439	382	1488	140759	0	143068
23333	357	306	1544	139067	0	141274
23334	285	139618	330	3064	0	143297
23335	347	1681	225	142131	0	144384
23336	285	1739	186	142205	0	144415
23337	302	388	207	144194	0	145091
23338	252	339	198	146057	0	146846
23339	342	366	143271	3239	0	147218
23340	332	383	145902	1969	0	148586
23341	304	327	3069	147234	0	150934
23342	457	322	149222	1914	0	151915
23343	487	343	148287	1953	0	151070
23344	401	349	3298	147375	0	151423
23345	453	399	153982	1980	0	156814
23346	453	410	1856	145472	0	148191
23347	304	154680	1932	1895	0	158811
23348	156999	1773	398	2073	0	161243
23349	2050	1975	164898	579	0	169502
23350	2078	483	2030	164054	0	168645
23351	577	411	170496	2271	0	173755
23352	400	329	2243	177222	0	180194
23353	401	346	2245	181264	0	184256
23354	178698	352	535	4922	0	184507
23355	2662	342	387	183792	0	187183
23356	179773	339	379	3129	0	183620
23357	180928	295	370	3155	0	184748
23358	5049	180083	389	1035	0	186556
23359	178700	2596	386	687	0	182369
23360	2832	177198	385	760	0	181175
23361	2584	178633	349	719	0	182285
23362	173242	4749	933	697	0	179621
23363	3098	2771	172606	600	0	179075
23364	2641	633	168304	470	0	172048
23365	161306	1002	5300	601	0	168209
23366	162875	408	2813	515	0	166611
23367	4270	163082	569	565	0	168486
23368	166998	2194	497	538	0	170227
23369	165870	2296	392	596	0	169154
23370	164907	442	322	524	0	166195
23371	4672	310	293	160005	0	165280
23372	159715	299	338	2506	0	162858
23373	2555	161949	381	2687	0	167572
23374	2544	2201	322	164803	0	169870
23375	746	2290	346	165220	0	168602
23376	554	164714	400	4641	0	170309
23377	583	2250	360	167778	0	170971
23378	163782	2368	355	2815	0	169320
23379	165331	543	385	2728	0	168987
23380	4568	162306	426	957	0	168257
23381	2827	165011	422	808	0	169068
23382	164226	4259	329	670	0	169484
23383	2836	2603	162753	628	0	168820
23384	2890	719	163712	637	0	167958
23385	1002	658	4404	159188	0	165252
23386	846	482	2679	163623	0	167630
23387	949	493	161272	4486	0	167200
23388	853	157795	2401	3010	0	164059
23389	919	2411	2457	156054	0	161841
23390	1006	2522	160435	2580	0	166543
23391	897	732	2381	159945	0	163955
23392	851	603	2494	157929	0	161877
23393	772	162347	686	4717	0	168522
23394	890	2494	473	162816	0	166673
23395	815	2550	549	163212	0	167126
23396	802	722	525	165234	0	167283
23397	161102	510	516	4878	0	167006
23398	2826	576	473	157523	0	161398
23399	2876	160194	473	2898	0	166441
23400	159384	2364	469	2771	0	164988
23401	2969	2546	156717	996	0	163228
23402	3047	764	156173	860	0	160844
23403	154487	570	4491	902	0	160450
23404	2887	768	2732	157399	0	163786
23405	2932	621	159416	2739	0	165708
23406	1064	556	2455	159820	0	163895
23407	892	541	2513	162392	0	166338
23408	160241	549	819	4841	0	166450
23409	160066	594	655	3229	0	164544
23410	4725	161395	636	1449	0	168205
23411	3202	2572	628	159924	0	166326
23412	1344	2566	160289	2796	0	166995
23413	921	164652	2322	2959	0	170854
23414	162121	2466	2488	1228	0	168303
23415	2575	165609	801	1091	0	170076
23416	162311	2316	808	903	0	166338
23417	2788	2319	160449	844	0	166400
23418	158251	755	2185	847	0	162038
23419	163905	635	2247	859	0	167646
23420	4449	675	166901	843	0	172868
23421	2829	1309	2369	160435	0	166942
23422	1083	167925	2403	2628	0	174039
23423	916	172004	732	2780	0	176432
23424	941	174041	639	1111	0	176732
23425	1229	4796	705	167167	0	173897
23426	1054	2645	168438	2511	0	174648
23427	934	890	2150	167656	0	171630
23428	882	684	2237	170357	0	174160
23429	1041	627	168655	4334	0	174657
23430	853	168258	2286	2870	0	174267
23431	872	2333	2221	166978	0	172404
23432	167518	2268	647	2607	0	173040
23433	2464	757	599	169179	0	172999
23434	2549	642	529	167295	0	171015
23435	924	166946	544	4430	0	172844
23436	167319	2223	513	2828	0	172883
23437	2618	2411	472	170939	0	176440
23438	2632	748	170060	2648	0	176088
23439	858	169201	2155	2799	0	175013
23440	165954	2182	2355	1015	0	171506
23441	2356	2277	166665	755	0	172053
23442	163693	846	2222	797	0	167558
23443	2482	868	2191	161793	0	167334
23444	2119	164682	806	2214	0	169821
23445	162348	2082	648	2203	0	167281
23446	161592	2115	535	982	0	165224
23447	3554	163753	578	837	0	168722
23448	2404	2018	566	159646	0	164634
23449	800	1748	443	155523	0	158514
23450	150693	490	442	3176	0	154801
23451	1713	150840	505	2200	0	155258
23452	1504	2232	327	139788	0	143851
23453	351	138891	269	1419	0	140930
23454	292	136531	279	1196	0	138298
23455	731	2158	502	130562	0	133953
23456	129655	952	492	1046	0	132145
23457	795	130933	230	1060	0	133018
23458	967	996	223	129911	0	132097
23459	235	905	151	130586	0	131877
23460	338	284	129502	1494	0	131618
23461	442	244	125503	914	0	127103
23462	206	128259	1374	462	0	130301
23463	377	856	126626	259	0	128118
23464	299	1068	830	124973	0	127170
23465	321	264	129347	841	0	130773
23466	199	262	742	127437	0	128640
23467	223	240	686	128994	0	130143
23468	208	176	165	129671	0	130220
23469	126801	227	147	1564	0	128739
23470	798	212	128	127434	0	128572
23471	838	206	130	126703	0	127877
23472	233	126520	171	1500	0	128424
23473	232	819	147	125462	0	126660
23474	125021	815	145	1158	0	127139
23475	761	128011	158	999	0	129929
23476	129024	870	141	433	0	130468
23477	971	886	128886	347	0	131090
23478	964	369	131014	320	0	132667
23479	240	294	1448	133864	0	135846
23480	228	240	946	135541	0	136955
23481	220	136291	233	1882	0	138626
23482	242	1034	177	136328	0	137781
23483	135840	964	215	1218	0	138237
23484	135607	298	180	1146	0	137231
23485	1728	292	185	137806	0	140011
23486	1188	331	144925	1154	0	147598
23487	284	279	1022	146796	0	148381
23488	282	264	1060	150646	0	152252
23489	221	258	242	152724	0	153445
23490	192	283	242	151038	0	151755
23491	213	322	196	149057	0	149788
23492	195	149429	267	2446	0	152337
23493	147602	1164	244	1420	0	150430
23494	150365	1151	240	623	0	152379
23495	151927	283	235	578	0	153023
23496	2242	153595	260	629	0	156726
23497	152663	1262	217	561	0	154703
23498	1250	153555	215	615	0	155635
23499	1434	1360	151379	515	0	154688
23500	354	1367	1278	148250	0	151249
23501	480	357	153994	1556	0	156387
23502	307	153931	1304	1661	0	157203
23503	152836	1334	1309	614	0	156093
23504	1467	1413	156567	533	0	159980
23505	1557	418	161806	513	0	164294
23506	407	166241	2709	604	0	169961
23507	591	1880	1842	167267	0	171580
23508	574	1683	175597	1814	0	179668
23509	400	470	1736	175642	0	178248
23510	343	293	1675	188319	0	190630
23511	347	257	405	198113	0	199122
23512	203497	236	243	4324	0	208300
23513	203639	224	219	2595	0	206677
23514	4682	380	205	203513	0	208780
23515	207335	236	361	2942	0	210874
23516	3149	289	204394	2756	0	210588
23517	2867	294	203992	655	0	207808
23518	901	246	208707	563	0	210417
23519	731	321	208720	567	0	210339
23520	360	200432	4658	1008	0	206458
23521	1028	2612	2986	195163	0	201789
23522	648	2090	201379	2357	0	206474
23523	190897	349	2456	2320	0	196022
23524	199506	186	2287	573	0	202552
23525	4226	199786	608	637	0	205257
23526	200338	2185	555	382	0	203460
23527	2543	2125	567	198975	0	204210
23528	2490	453	203965	2344	0	209252
23529	591	423	2576	193987	0	197577
23530	357	206708	2451	2455	0	211971
23531	205082	2278	612	2329	0	210301
23532	205190	2221	452	621	0	208484
23533	4373	206141	381	677	0	211572
23534	209195	2364	347	536	0	212442
23535	206408	2262	335	515	0	209520
23536	4575	207902	390	673	0	213540
23537	2694	2455	358	200585	0	206092
23538	681	205712	443	2686	0	209522
23539	205212	2532	387	2503	0	210634
23540	2693	2969	430	203954	0	210046
23541	205703	571	482	2665	0	209421
23542	2940	436	392	205261	0	209029
23543	2858	546	201808	2707	0	207919
23544	197220	421	2521	2574	0	202736
23545	3019	504	203827	728	0	208078
23546	2874	485	2689	200179	0	206227
23547	1032	511	201895	2732	0	206170
23548	795	431	2700	200771	0	204697
23549	892	471	202100	2930	0	206393
23550	193606	394	2830	2798	0	199628
23551	2780	199632	2618	1015	0	206045
23552	200983	2365	792	806	0	204946
23553	2902	2387	716	197563	0	203568
23554	196623	514	684	2795	0	200616
23555	2795	194530	737	2840	0	200902
23556	2674	195257	723	933	0	199587
23557	897	201224	696	938	0	203755
23558	198338	4597	706	872	0	204513
23559	2858	2721	661	197384	0	203624
23560	2802	754	559	200156	0	204271
23561	1072	713	195930	4714	0	202429
23562	1145	637	194912	2834	0	199528
23563	961	733	4428	195165	0	201287
23564	1125	657	200626	2804	0	205212
23565	844	198220	2816	3056	0	204936
23566	196938	2734	2878	976	0	203526
23567	3144	2655	200518	791	0	207108
23568	3062	800	201433	815	0	206110
23569	1095	717	4970	195904	0	202686
23570	200841	420	3144	3059	0	207464
23571	2983	458	1061	203582	0	208084
23572	202588	477	1000	3240	0	207305
23573	3125	526	974	203779	0	208404
23574	3159	574	204324	3055	0	211112
23575	1108	201761	3157	3092	0	209118
23576	1170	2746	205856	1028	0	210800
23577	882	205456	3247	1079	0	210664
23578	1257	3497	3179	199241	0	207174
23579	197830	2429	1073	3022	0	204354
23580	3033	712	198637	2853	0	205235
23581	2913	570	2687	198172	0	204342
23582	1230	558	2642	204422	0	208852
23583	207725	531	852	4938	0	214046
23584	2969	685	829	202282	0	206765
23585	2749	208375	871	2924	0	214919
23586	202415	2659	922	2696	0	208692
23587	2956	2670	200675	955	0	207256
23588	195455	825	2663	854	0	199797
23589	2912	200324	2518	964	0	206718
23590	2961	3316	742	188074	0	195093
23591	1093	201778	665	2684	0	206220
23592	198874	2675	697	2523	0	204769
23593	3100	2517	199403	1001	0	206021
23594	194532	1172	2556	1087	0	199347
23595	2857	199752	2362	944	0	205915
23596	2755	2477	734	198746	0	204712
23597	200216	2251	667	2662	0	205796
23598	202000	689	671	2511	0	205871
23599	4471	606	619	200460	0	206156
23600	2714	942	580	200791	0	205027
23601	973	199812	734	4447	0	205966
23602	1026	3286	569	198617	0	203498
23603	842	218893	725	2979	0	223439
23604	947	226679	698	2885	0	231209
23605	1416	7759	884	205253	0	215312
23606	931	215647	697	3202	0	220477
23607	1826	2789	218122	2538	0	225275
23608	2655	2818	222984	872	0	229329
23609	947	221297	5250	1766	0	229260
23610	1593	2761	225037	645	0	230036
23611	1024	2751	222047	588	0	226410
23612	801	651	210989	356	0	212797
23613	293	205635	4765	580	0	211273
23614	196961	2989	3681	478	0	204109
23615	1960	198282	553	473	0	201268
23616	2472	2384	197096	174	0	202126
23617	426	2206	2198	193038	0	197868
23618	193773	385	2234	2192	0	198584
23619	2216	284	193905	2179	0	198584
23620	2246	241	2244	191327	0	196058
23621	559	256	197779	2161	0	200755
23622	295	221	2428	193121	0	196065
23623	191002	208	2359	2425	0	195994
23624	2324	291	193864	2352	0	198831
23625	2213	193909	2337	810	0	199269
23626	474	2398	2361	189690	0	194923
23627	195399	2282	503	2323	0	200507
23628	2404	557	192922	2210	0	198093
23629	2485	520	2455	178589	0	184049
23630	446	191328	2503	2225	0	196502
23631	192686	2281	645	2194	0	197806
23632	196563	2389	505	587	0	200044
23633	4699	598	453	193110	0	198860
23634	2713	199530	514	2692	0	205449
23635	569	205194	520	2810	0	209093
23636	206502	4811	458	630	0	212401
23637	2858	3010	492	201638	0	207998
23638	2772	208311	582	2907	0	214572
23639	205844	2858	479	2857	0	212038
23640	2856	2853	439	209421	0	215569
23641	2830	621	468	212396	0	216315
23642	806	562	201935	5415	0	208718
23643	408	209647	2674	3478	0	216207
23644	482	216092	2774	930	0	220278
23645	505	5325	672	212826	0	219328
23646	212675	3059	497	3040	0	219271
23647	2842	214223	510	3156	0	220731
23648	215021	3031	445	765	0	219262
23649	3163	216118	492	689	0	220462
23650	3091	3256	428	213094	0	219869
23651	213703	3094	426	2959	0	220182
23652	3128	805	411	215937	0	220281
23653	3217	730	214382	3261	0	221590
23654	800	656	2967	206997	0	211420
23655	607	212528	3012	3280	0	219427
23656	209292	3191	668	3015	0	216166
23657	3039	212824	605	991	0	217459
23658	3078	3361	519	204645	0	211603
23659	878	3223	482	211092	0	215675
23660	798	935	206755	5572	0	214060
23661	750	818	207849	3380	0	212797
23662	658	1166	5634	204592	0	212050
23663	784	829	207501	3290	0	212404
23664	583	203110	3379	3450	0	210522
23665	202310	3189	3215	1005	0	209719
23666	3231	3249	206345	791	0	213616
23667	200460	1102	3375	903	0	205840
23668	205332	947	3229	813	0	210321
23669	206630	765	1005	800	0	209200
23670	206482	825	817	727	0	208851
23671	5741	791	819	200947	0	208298
23672	3446	784	797	197726	0	202753
23673	1028	199513	987	5607	0	207135
23674	195356	3150	974	3359	0	202839
23675	3319	3304	194060	1110	0	201793
23676	3208	1090	3253	190515	0	198066
23677	1099	927	3295	193639	0	198960
23678	976	853	190972	5630	0	198431
23679	866	191007	3428	3728	0	199029
23680	980	3326	3299	186079	0	193684
23681	1043	3220	1061	193719	0	199043
23682	188899	1101	847	5668	0	196515
23683	3189	188518	802	4047	0	196556
23684	3548	3192	707	185293	0	192740
23685	1114	187834	858	3663	0	193469
23686	1089	3259	777	190170	0	195295
23687	186536	3118	744	3799	0	194197
23688	187599	1052	786	3512	0	192949
23689	5764	852	742	185394	0	192752
23690	186568	836	674	3685	0	191763
23691	184446	806	714	3592	0	189558
23692	5723	184141	736	1477	0	192077
23693	3794	3238	593	177978	0	185603
23694	1342	183809	753	3379	0	189283
23695	1325	3448	489	183390	0	188652
23696	179935	3316	511	3702	0	187464
23697	3474	1264	518	182172	0	187428
23698	3621	1194	439	182953	0	188207
23699	1533	1130	178560	5863	0	187086
23700	1367	173987	2722	3900	0	181976
23701	1203	180055	2696	1593	0	185547
23702	174223	5306	792	1755	0	182076
23703	3379	3953	550	152435	0	160317
23704	144839	874	491	2626	0	148830
23705	2494	140581	413	2802	0	146290
23706	2266	134386	367	1145	0	138164
23707	801	137884	386	1008	0	140079
23708	119490	3449	2250	991	0	126180
23709	1588	120472	532	850	0	123442
23710	112036	1605	1338	926	0	115905
23711	109316	984	344	555	0	111199
23712	111631	300	193	491	0	112615
23713	1935	308	155	114843	0	117241
23714	1179	281	150	118233	0	119843
23715	430	256	159	119843	0	120688
23716	352	242	153	119752	0	120499
23717	117116	225	175	2471	0	119987
23718	1360	116608	201	1504	0	119673
23719	1288	1239	143	116987	0	119657
23720	117791	1111	162	1590	0	120654
23721	1414	245	153	117451	0	119263
23722	1265	268	150	117798	0	119481
23723	116044	215	133	2423	0	118815
23724	1461	304	114883	1355	0	118003
23725	1292	267	1141	114525	0	117225
23726	473	246	117019	1468	0	119206
23727	347	212	1188	114593	0	116340
23728	421	948	1038	113659	0	116066
23729	111185	217	229	2275	0	113906
23730	1255	109974	215	1407	0	112851
23731	1044	109027	142	528	0	110741
23732	104136	1591	221	399	0	106347
23733	975	106813	128	395	0	108311
23734	105360	899	621	515	0	107395
23735	1266	748	103193	322	0	105529
23736	96456	305	870	228	0	97859
23737	97840	78	500	202	0	98620
23738	98320	57	91	236	0	98704
23739	1120	67	50	95755	0	96992
23740	565	96	49	96285	0	96995
23741	118	96000	73	1179	0	97370
23742	212	1290	77	94995	0	96574
23743	94254	519	112	758	0	95643
23744	636	95476	69	704	0	96885
23745	482	95226	64	234	0	96006
23746	93903	926	62	200	0	95091
23747	645	518	93608	109	0	94880
23748	535	163	537	91600	0	92835
23749	205	150	94716	594	0	95665
23750	144	104	538	92511	0	93297
23751	93	94533	471	632	0	95729
23752	126	554	52	96016	0	96748
23753	94101	434	53	676	0	95264
23754	587	82	38	94871	0	95578
23755	566	142	96781	649	0	98138
23756	89947	80	621	618	0	91266
23757	633	98812	531	260	0	100236
23758	558	103849	74	277	0	104758
23759	106588	1135	101	299	0	108123
23760	111345	625	80	250	0	112300
23761	1634	150	112667	118	0	114569
23762	108851	76	955	176	0	110058
23763	1012	112997	790	258	0	115057
23764	114645	976	89	269	0	115979
23765	1110	804	77	109836	0	111827
23766	862	107312	81	1076	0	109331
23767	108594	1004	72	929	0	110599
23768	1183	878	108902	189	0	111152
23769	931	154	959	108970	0	111014
23770	111760	131	788	1249	0	113928
23771	1186	166	111410	925	0	113687
23772	112154	113	1007	333	0	113607
23773	1114	123	829	112045	0	114111
23774	956	104	152	113644	0	114856
23775	331	192	113835	1884	0	116242
23776	217	107	1032	114041	0	115397
23777	114952	93	863	1331	0	117239
23778	1101	114313	185	1168	0	116767
23779	115667	1071	105	361	0	117204
23780	115869	887	118	300	0	117174
23781	1955	226	104	115260	0	117545
23782	1161	300	117312	1241	0	120014
23783	336	175	1090	117442	0	119043
23784	118169	135	908	1345	0	120557
23785	1224	117982	215	1144	0	120565
23786	120670	1075	142	391	0	122278
23787	1311	912	146	120130	0	122499
23788	1102	185	120	122433	0	123840
23789	327	127	155	123773	0	124382
23790	352	217	121035	2227	0	123831
23791	277	147	1171	122717	0	124312
23792	366	189	122999	1403	0	124957
23793	412	222	122628	1115	0	124377
23794	287	201	2085	129555	0	132128
23795	395	214	132281	1585	0	134475
23796	137907	188	1600	1635	0	141330
23797	2001	192	1360	147035	0	150588
23798	1933	182	302	146111	0	148528
23799	447	151097	276	3845	0	155665
23800	153259	2047	222	2207	0	157735
23801	158454	2031	219	809	0	161513
23802	4149	160471	209	627	0	165456
23803	2482	2210	170	161694	0	166556
23804	712	2169	162480	2285	0	167646
23805	158381	344	2199	2357	0	163281
23806	165097	245	2169	626	0	168137
23807	4311	381	405	158505	0	163602
23808	2665	288	156036	2305	0	161294
23809	643	154841	2194	2577	0	160255
23810	153134	2201	2228	626	0	158189
23811	2630	2218	154765	487	0	160100
23812	2282	153323	2291	638	0	158534
23813	148295	1970	2484	399	0	153148
23814	148384	1887	536	456	0	151263
23815	3845	371	279	145463	0	149958
23816	2231	149768	281	2117	0	154397
23817	654	2160	223	155300	0	158337
23818	470	2061	276	157275	0	160082
23819	457	400	225	158141	0	159223
23820	422	246	233	159176	0	160077
23821	499	269	155451	4387	0	160606
23822	482	235	2071	157949	0	160737
23823	438	264	2065	160040	0	162807
23824	557	315	157760	4297	0	162929
23825	370	157372	2225	2831	0	162798
23826	157631	2139	2195	777	0	162742
23827	159075	2149	489	607	0	162320
23828	4293	419	333	158357	0	163402
23829	160476	260	319	2515	0	163570
23830	2633	342	319	161905	0	165199
23831	2624	282	162450	2778	0	168134
23832	911	342	162601	2662	0	166516
23833	516	160585	4342	1100	0	166543
23834	159426	2254	2584	789	0	165053
23835	2729	2397	166903	679	0	172708
23836	2669	499	2581	155457	0	161206
23837	792	356	2683	172579	0	176410
23838	640	356	646	177621	0	179263
23839	636	356	429	178399	0	179820
23840	652	334	427	179145	0	180558
23841	694	408	172178	6165	0	179445
23842	669	347	2776	174730	0	178522
23843	170970	304	2943	3695	0	177912
23844	2953	169967	746	3881	0	177547
23845	171065	2763	548	1177	0	175553
23846	3155	172560	575	1117	0	177407
23847	172550	3113	579	912	0	177154
23848	174415	3056	573	923	0	178967
23849	5873	719	536	169782	0	176910
23850	3659	479	405	173479	0	178022
23851	169909	451	397	5909	0	176666
23852	168631	397	435	3804	0	173267
23853	171077	445	480	1301	0	173303
23854	5764	164940	536	1321	0	172561
23855	3425	167021	554	1362	0	172362
23856	1217	5150	163394	1005	0	170766
23857	1048	3970	2895	158669	0	166582
23858	935	799	160690	3299	0	165723
23859	756	155218	2905	3674	0	162553
23860	924	2794	3032	148376	0	155126
23861	686	2623	637	149525	0	153471
23862	658	645	436	153634	0	155373
23863	148151	448	480	5343	0	154422
23864	148233	423	429	3517	0	152602
23865	4921	147860	544	1438	0	154763
23866	3217	2364	440	148465	0	154486
23867	1140	2674	147534	2874	0	154222
23868	872	817	144379	3054	0	149122
23869	143712	668	4769	1084	0	150233
23870	146545	523	3006	957	0	151031
23871	5008	456	752	143957	0	150173
23872	146627	391	643	2999	0	150660
23873	3065	483	142593	3292	0	149433
23874	3062	142038	2505	1483	0	149088
23875	1098	2444	2769	141602	0	147913
23876	870	2620	144066	3050	0	150606
23877	808	875	2579	144875	0	149137
23878	820	515	2775	146314	0	150424
23879	811	554	145073	5283	0	151721
23880	137639	424	2596	3707	0	144366
23881	146733	432	2774	1544	0	151483
23882	4789	150365	800	1555	0	157509
23883	155131	2567	589	1336	0	159623
23884	157747	2876	613	1215	0	162451
23885	5939	742	157138	1154	0	164973
23886	156454	554	2788	1093	0	160889
23887	3620	163287	3253	1188	0	171348
23888	166920	2969	729	1027	0	171645
23889	170196	3295	609	987	0	175087
23890	175841	842	603	877	0	178163
23891	173361	605	501	968	0	175435
23892	174228	569	507	985	0	176289
23893	6940	169237	602	1272	0	178051
23894	162767	2803	535	901	0	167006
23895	3553	160289	494	2823	0	167159
23896	2938	145791	382	875	0	149986
23897	922	149810	515	707	0	151954
23898	144221	4512	1818	550	0	151101
23899	143911	2615	528	480	0	147534
23900	4641	565	142577	456	0	148239
23901	146093	395	2192	515	0	149195
23902	146935	300	2453	524	0	150212
23903	5130	371	146116	551	0	152168
23904	3169	285	2523	143305	0	149282
23905	908	292	2649	146924	0	150773
23906	747	289	441	152292	0	153769
23907	735	349	295	154314	0	155693
23908	722	320	283	154739	0	156064
23909	713	406	148542	5483	0	155144
23910	639	148469	2667	3370	0	155145
23911	145024	2584	2774	679	0	151061
23912	2910	148576	573	744	0	152803
23913	148731	2776	408	475	0	152390
23914	146907	2781	371	483	0	150542
23915	5663	565	143407	459	0	150094
23916	3420	1107	2556	129346	0	136429
23917	877	138380	2782	2495	0	144534
23918	138372	2544	703	2624	0	144243
23919	139603	2606	463	738	0	143410
23920	141266	515	415	530	0	142726
23921	5205	138182	397	643	0	144427
23922	139866	2458	520	450	0	143294
23923	139453	2606	316	431	0	142806
23924	140549	525	252	382	0	141708
23925	5425	385	295	133973	0	140078
23926	3300	411	283	136564	0	140558
23927	1142	379	236	139582	0	141339
23928	133876	397	257	4814	0	139344
23929	2928	135030	301	2991	0	141250
23930	136473	2365	236	619	0	139693
23931	133081	2551	302	389	0	136323
23932	132830	519	269	353	0	133971
23933	131532	417	237	288	0	132474
23934	5361	126292	252	449	0	132354
23935	119463	2170	217	271	0	122121
23936	2889	118672	214	445	0	122220
23937	2439	114865	182	380	0	117866
23938	112266	3448	449	334	0	116497
23939	2329	112227	252	379	0	115187
23940	2344	114076	171	347	0	116938
23941	112958	3443	559	287	0	117247
23942	113754	2109	175	266	0	116304
23943	3876	609	105	109954	0	114544
23944	2549	442	113	112622	0	115726
23945	112609	456	128	3432	0	116625
23946	115318	439	164	2013	0	117934
23947	116235	423	155	457	0	117270
23948	4074	484	110812	294	0	115664
23949	114522	418	1700	422	0	117062
23950	2519	448	1779	112940	0	117686
23951	2468	464	314	114980	0	118226
23952	999	406	237	116779	0	118421
23953	905	409	197	117620	0	119131
23954	901	398	112397	3694	0	117390
23955	894	441	114046	2213	0	117594
23956	861	383	3317	113504	0	118065
23957	879	429	115379	2103	0	118790
23958	921	427	115369	2154	0	118871
23959	916	419	3415	113672	0	118422
23960	935	358	2023	118338	0	121654
23961	860	384	458	121107	0	122809
23962	827	447	355	121529	0	123158
23963	118627	418	335	4017	0	123397
23964	122607	378	343	2554	0	125882
23965	4207	382	316	120368	0	125273
23966	2753	373	319	121546	0	124991
23967	1112	376	357	122988	0	124833
23968	1054	371	335	122785	0	124545
23969	1022	339	372	121378	0	123111
23970	923	119491	426	4175	0	125015
23971	119099	1971	339	2605	0	124014
23972	2396	121627	364	1207	0	125594
23973	122253	2084	298	1014	0	125649
23974	122037	2083	251	942	0	125313
23975	123501	572	214	896	0	125183
23976	4515	497	236	116714	0	121962
23977	118379	443	232	2351	0	121405
23978	2908	475	206	116653	0	120242
23979	2834	984	233	115318	0	119369
23980	114247	485	199	3902	0	118833
23981	2683	112289	192	2425	0	117589
23982	2317	108646	178	799	0	111940
23983	105432	2859	243	634	0	109168
23984	2220	1634	102412	561	0	106827
23985	97529	648	1645	558	0	100380
23986	2691	1451	1534	95043	0	100719
23987	1809	91036	281	1469	0	94595
23988	841	92540	170	1393	0	94944
23989	89602	2276	450	729	0	93057
23990	1680	1614	155	86783	0	90232
23991	1353	90534	139	1258	0	93284
23992	89117	1078	311	1114	0	91620
23993	89197	926	113	506	0	90742
23994	89961	278	68	456	0	90763
23995	89994	254	81	455	0	90784
23996	2028	86186	90	479	0	88783
23997	1048	85613	85	364	0	87110
23998	85552	1483	186	280	0	87501
23999	87227	851	229	291	0	88598
24000	1753	292	84637	236	0	86918
24001	757	81085	647	204	0	82693
24002	79797	576	827	135	0	81335
24003	81567	503	143	108	0	82321
24004	1130	164	82032	83	0	83409
24005	79546	95	692	165	0	80498
24006	824	96	85038	88	0	86046
24007	734	91	90076	84	0	90985
24008	180	531	1453	81989	0	84153
24009	100	89084	866	825	0	90875
24010	92544	833	183	916	0	94476
24011	870	845	47	92814	0	94576
24012	895	105	40	93916	0	94956
24013	153	87	43	95056	0	95339
24014	93159	53	72	1791	0	95075
24015	868	39	54	93274	0	94235
24016	912	66	48	95541	0	96567
24017	250	70	94746	1712	0	96778
24018	91081	53	895	1103	0	93132
24019	96125	70	889	227	0	97311
24020	1967	84	96219	142	0	98412
24021	93696	61	966	128	0	94851
24022	1113	99	969	93096	0	95277
24023	1061	95067	145	1070	0	97343
24024	231	990	81	96510	0	97812
24025	94325	974	73	1110	0	96482
24026	1019	94955	104	1179	0	97257
24027	1074	1082	69	96477	0	98702
24028	269	1016	74	98926	0	100285
24029	195	139	75	101028	0	101437
24030	198	112	82	97328	0	97720
24031	170	100939	123	2077	0	103309
24032	101654	1050	88	1178	0	103970
24033	102938	1126	100	280	0	104444
24034	2234	105576	126	349	0	108285
24035	114290	1223	79	229	0	115821
24036	117678	1224	70	228	0	119200
24037	118390	178	88	247	0	118903
24038	3212	151	114557	230	0	118150
24039	1817	104	1499	113805	0	117225
24040	441	153	115340	1613	0	117547
24041	111456	122	1591	1684	0	114853
24042	1643	114690	1576	463	0	118372
24043	113490	1505	254	267	0	115516
24044	1697	116574	160	332	0	118763
24045	1776	1648	143	111862	0	115429
24046	506	1591	149	115237	0	117483
24047	444	294	115058	3019	0	118815
24048	307	116626	1609	1930	0	120472
24049	115749	1641	1711	439	0	119540
24050	1912	1713	116171	316	0	120112
24051	115868	306	1707	307	0	118188
24052	1936	254	1744	116302	0	120236
24053	2052	270	117323	1868	0	121513
24054	481	117076	1733	2080	0	121370
24055	450	1789	1736	117033	0	121008
24056	490	1790	117821	1852	0	121953
24057	571	429	118453	1847	0	121300
24058	441	116459	3263	591	0	120754
24059	698	1764	1933	113618	0	118013
24060	522	1725	454	111138	0	113839
24061	443	113617	327	3229	0	117616
24062	113819	1676	316	1971	0	117782
24063	1928	1772	336	109839	0	113875
24064	1984	112087	374	1793	0	116238
24065	113575	1673	341	2024	0	117613
24066	114067	1778	327	596	0	116768
24067	116288	407	394	469	0	117558
24068	3536	113303	359	678	0	117876
24069	116130	1761	351	564	0	118806
24070	115313	1862	336	540	0	118051
24071	3549	541	277	112607	0	116974
24072	115359	376	314	2041	0	118090
24073	2161	410	275	115668	0	118514
24074	2163	431	114120	2195	0	118909
24075	884	324	116322	2166	0	119696
24076	678	351	3338	115938	0	120305
24077	681	397	119194	2139	0	122411
24078	112982	364	2001	2246	0	117593
24079	2181	362	1979	118646	0	123168
24080	2266	335	509	120375	0	123485
24081	854	390	118432	3777	0	123453
24082	678	116160	1956	2414	0	121208
24083	704	120621	2009	805	0	124139
24084	693	3486	519	116821	0	121519
24085	637	2048	457	119710	0	122852
24086	711	529	117186	3678	0	122104
24087	647	545	119402	2279	0	122873
24088	713	529	3452	118306	0	123000
24089	771	436	119163	2222	0	122592
24090	114004	461	2056	2221	0	118742
24091	2252	546	1977	117191	0	121966
24092	119209	419	530	2297	0	122455
24093	2380	460	413	118647	0	121900
24094	2373	441	404	120322	0	123540
24095	895	448	117896	3949	0	123188
24096	710	118964	2084	2541	0	124299
24097	820	2036	2101	118975	0	123932
24098	759	2023	118788	2240	0	123810
24099	628	116238	1991	2252	0	121109
24100	787	2003	2085	116486	0	121361
24101	116314	1854	729	2143	0	121040
24102	2139	453	117363	2160	0	122115
24103	111402	319	2072	801	0	114594
24104	2288	362	114147	551	0	117348
24105	103696	296	2199	520	0	106711
24106	1823	106953	1860	633	0	111269
24107	1475	102536	532	504	0	105047
24108	727	3475	694	95971	0	100867
24109	348	99739	431	1454	0	101972
24110	96372	1459	462	1832	0	100125
24111	1410	1381	318	97271	0	100380
24112	1373	366	291	98557	0	100587
24113	383	257	277	100175	0	101092
24114	357	247	96734	2676	0	100014
24115	312	307	1407	96670	0	98696
24116	410	285	96305	1589	0	98589
24117	260	93588	1476	1595	0	96919
24118	90266	1161	1320	492	0	93239
24119	1246	94570	371	414	0	96601
24120	95852	1175	382	494	0	97903
24121	96084	1144	314	443	0	97985
24122	96752	288	268	409	0	97717
24123	95761	201	251	477	0	96690
24124	2345	221	92220	408	0	95194
24125	1342	223	1214	91736	0	94515
24126	392	254	1244	93380	0	95270
24127	355	245	370	94687	0	95657
24128	88863	235	304	2311	0	91713
24129	89548	238	306	1430	0	91522
24130	2138	91480	282	663	0	94563
24131	1421	997	89650	364	0	92432
24132	642	986	89741	351	0	91720
24133	366	88700	1959	402	0	91427
24134	324	87674	1285	465	0	89748
24135	1482	1779	1287	76108	0	80656
24136	362	650	239	75445	0	76696
24137	75387	165	147	1115	0	76814
24138	587	75622	154	817	0	77180
24139	658	562	131	77609	0	78960
24140	277	614	79998	666	0	81555
24141	189	161	591	83076	0	84017
24142	178	121	662	84647	0	85608
24143	148	105	182	86330	0	86765
24144	207	147	147	85439	0	85940
24145	228	130	83378	1374	0	85110
24146	170	81617	683	897	0	83367
24147	152	82867	686	303	0	84008
24148	79282	1077	221	233	0	80813
24149	572	80677	157	207	0	81613
24150	630	82706	152	177	0	83665
24151	352	1127	221	81619	0	83319
24152	174	623	139	82842	0	83778
24153	181	173	220	82982	0	83556
24154	195	154	81822	1135	0	83306
24155	183	81410	561	796	0	82950
24156	209	711	558	79608	0	81086
24157	151	81930	135	626	0	82842
24158	80755	540	147	663	0	82105
24159	535	81395	143	287	0	82360
24160	81007	587	183	256	0	82033
24161	620	590	79690	215	0	81115
24162	79291	192	606	241	0	80330
24163	568	174	539	80551	0	81832
24164	648	191	81630	590	0	83059
24165	78733	174	549	657	0	80113
24166	81104	153	540	236	0	82033
24167	81419	141	156	203	0	81919
24168	1051	153	130	79664	0	80998
24169	661	174	80706	647	0	82188
24170	77965	139	548	769	0	79421
24171	590	171	539	82676	0	83976
24172	603	152	136	83025	0	83916
24173	246	176	83642	1069	0	85133
24174	170	83145	540	705	0	84560
24175	216	717	526	80087	0	81546
24176	152	82769	140	565	0	83626
24177	80664	570	200	615	0	82049
24178	80785	511	115	247	0	81658
24179	920	165	117	79820	0	81022
24180	80324	114	106	574	0	81118
24181	532	79704	115	610	0	80961
24182	79707	488	82	207	0	80484
24183	528	80186	110	194	0	81018
24184	583	579	119	79737	0	81018
24185	223	610	91	78881	0	79805
24186	185	79712	122	915	0	80934
24187	192	584	124	79486	0	80386
24188	200	499	78949	566	0	80214
24189	129	78224	467	590	0	79410
24190	75446	451	434	215	0	76546
24191	412	76648	128	249	0	77437
24192	423	403	101	75979	0	76906
24193	228	433	76559	439	0	77659
24194	130	168	385	76689	0	77372
24195	138	144	375	77384	0	78041
24196	74641	78	131	886	0	75736
24197	533	116	76339	527	0	77515
24198	444	76393	406	394	0	77637
24199	239	463	79424	174	0	80300
24200	202	439	79489	144	0	80274
24201	266	208	79375	163	0	80012
24202	389	905	993	74563	0	76850
24203	79657	85	656	531	0	80929
24204	458	80017	72	575	0	81122
24205	82386	493	63	163	0	83105
24206	83829	525	65	245	0	84664
24207	973	96	52	81610	0	82731
24208	528	83497	53	582	0	84660
24209	82223	521	31	599	0	83374
24210	468	83698	57	210	0	84433
24211	536	555	47	82118	0	83256
24212	100	528	49	84902	0	85579
24213	80	84882	64	1115	0	86141
24214	89	527	58	85657	0	86331
24215	195	582	83427	572	0	84776
24216	142	161	84114	551	0	84968
24217	88	91	993	84528	0	85700
24218	82	95	555	85711	0	86443
24219	186	96	82657	1039	0	83978
24220	166	99	81673	619	0	82557
24221	75110	83	1039	180	0	76412
24222	539	81078	571	181	0	82369
24223	598	84448	126	321	0	85493
24224	136	1053	90	81795	0	83074
24225	113	568	94	82885	0	83660
24226	103	114	74	84271	0	84562
24227	171	125	82959	1036	0	84291
24228	190	120	82558	574	0	83442
24229	141	87	1018	83583	0	84829
24230	181	133	83970	600	0	84884
24231	98	82360	603	774	0	83835
24232	82390	556	704	190	0	83840
24233	682	593	82360	130	0	83765
24234	667	132	82792	118	0	83709
24235	166	259	1108	81895	0	83428
24236	185	135	89049	690	0	90059
24237	107	90479	740	884	0	92210
24238	208	808	757	92180	0	93953
24239	205	766	91729	817	0	93517
24240	88	89189	804	900	0	90981
24241	87242	813	880	248	0	89183
24242	814	838	185	86670	0	88507
24243	765	138	108	87188	0	88199
24244	86879	82	103	1432	0	88496
24245	697	86858	88	915	0	88558
24246	87914	727	97	203	0	88941
24247	87627	749	107	154	0	88637
24248	88055	135	93	180	0	88463
24249	1484	102	103	86092	0	87781
24250	84761	111	141	771	0	85784
24251	790	82297	119	883	0	84089
24252	792	84904	117	223	0	86036
24253	86148	1411	170	189	0	87918
24254	862	841	111	87722	0	89536
24255	849	193	81	88569	0	89692
24256	215	148	87	89567	0	90017
24257	189	172	86608	1669	0	88638
24258	134	86793	819	1027	0	88773
24259	183	833	826	88000	0	89842
24260	88192	849	161	978	0	90180
24261	853	158	130	88967	0	90108
24262	919	155	88095	994	0	90163
24263	183	88128	855	1014	0	90180
24264	88443	840	898	304	0	90485
24265	88700	882	222	226	0	90030
24266	89711	179	192	240	0	90322
24267	1695	172	163	88962	0	90992
24268	1125	163	90049	952	0	92289
24269	354	173	93404	1040	0	94971
24270	222	94584	1863	301	0	96970
24271	270	1136	1169	94795	0	97370
24272	235	1123	216	96132	0	97706
24273	93067	232	148	2194	0	95641
24274	1157	186	127	95824	0	97294
24275	97973	184	155	1338	0	99650
24276	1408	190	96604	1325	0	99527
24277	1406	181	98301	358	0	100246
24278	347	146	2287	96796	0	99576
24279	282	117	1353	98466	0	100218
24280	252	151	274	101350	0	102027
24281	101101	146	259	2524	0	104030
24282	105210	199	315	1476	0	107200
24283	2647	199	188	105950	0	108984
24284	1645	168	105139	1652	0	108604
24285	394	156	107471	1714	0	109735
24286	305	171	2834	106548	0	109858
24287	108871	153	1764	1740	0	112528
24288	1622	169	367	109078	0	111236
24289	1653	159	275	110535	0	112622
24290	447	173	109850	3111	0	113581
24291	366	148	109721	1924	0	112159
24292	105373	166	3042	541	0	109122
24293	1784	207	110054	395	0	112440
24294	1728	259	1685	105447	0	109119
24295	502	233	1718	108046	0	110499
24296	107477	129	390	3051	0	111047
24297	1688	106505	334	1967	0	110494
24298	106413	1530	395	575	0	108913
24299	1644	104492	274	482	0	106892
24300	102712	1477	357	436	0	104982
24301	1759	1421	100356	424	0	103960
24302	94012	524	1996	389	0	96921
24303	96007	162	1475	337	0	97981
24304	2693	426	357	94686	0	98162
24305	1667	161	94303	1510	0	97641
24306	463	129	1410	92639	0	94641
24307	368	137	1376	92006	0	93887
24308	314	91598	344	2756	0	95012
24309	357	1259	279	90717	0	92612
24310	301	92095	264	1676	0	94336
24311	390	1328	231	91931	0	93880
24312	90316	1278	264	1710	0	93568
24313	1526	241	233	91672	0	93672
24314	1609	164	90684	1669	0	94126
24315	89489	177	1420	1622	0	92708
24316	1657	159	93276	578	0	95670
24317	92528	121	1538	498	0	94685
24318	94382	135	1489	450	0	96456
24319	2772	93478	413	561	0	97224
24320	1695	97244	367	450	0	99756
24321	96716	2600	391	447	0	100154
24322	99096	1483	334	497	0	101410
24323	98695	255	311	453	0	99714
24324	99115	162	298	534	0	100109
24325	99230	157	294	509	0	100190
24326	3060	166	300	96563	0	100089
24327	1878	177	318	98403	0	100776
24328	654	215	97068	2954	0	100891
24329	94702	161	1707	1815	0	98385
24330	1830	211	1555	96241	0	99837
24331	1753	246	404	98034	0	100437
24332	687	207	97368	2967	0	101229
24333	571	95448	1782	1930	0	99731
24334	570	97752	1631	681	0	100634
24335	94969	2867	720	811	0	99367
24336	90833	1485	493	497	0	93308
24337	2685	87002	337	538	0	90562
24338	1504	87123	329	382	0	89338
24339	86369	2210	406	360	0	89345
24340	88354	1257	252	475	0	90338
24341	2488	240	232	86994	0	89954
24342	1539	179	195	87969	0	89882
24343	534	174	183	90034	0	90925
24344	87376	191	198	2568	0	90333
24345	88298	179	206	1542	0	90225
24346	2557	174	231	88633	0	91595
24347	91103	154	251	1521	0	93029
24348	1762	180	91810	1477	0	95229
24349	1660	186	1395	91943	0	95184
24350	585	212	92867	1637	0	95301
24351	477	91285	1526	1620	0	94908
24352	706	1744	1709	89666	0	93825
24353	88360	1467	455	1662	0	91944
24354	1557	265	254	88757	0	90833
24355	1555	218	265	88554	0	90592
24356	580	206	87832	2623	0	91241
24357	558	219	88661	1578	0	91016
24358	530	89325	2400	520	0	92775
24359	89471	1387	1424	401	0	92683
24360	90372	1304	275	368	0	92319
24361	91024	261	225	333	0	91843
24362	91363	186	212	381	0	92142
24363	2878	173	238	89050	0	92339
24364	1773	266	175	87983	0	90197
24365	560	90833	207	2606	0	94206
24366	90911	1306	221	1514	0	93952
24367	91148	1295	229	458	0	93130
24368	2699	273	88224	367	0	91563
24369	81297	165	1113	239	0	82814
24370	1397	83058	1108	314	0	85877
24371	1366	2373	253	78964	0	82956
24372	449	83275	167	1179	0	85070
24373	81041	1344	290	1267	0	83942
24374	1216	81887	164	417	0	83684
24375	1275	1124	187	78564	0	81150
24376	348	1006	122	79368	0	80844
24377	317	183	103	78442	0	79045
24378	291	76705	111	2058	0	79165
24379	335	1728	142	76812	0	79017
24380	523	1681	170	74614	0	76988
24381	198	71564	141	1758	0	73661
24382	203	69488	91	950	0	70732
24383	66078	1287	183	206	0	67754
24384	786	67418	88	247	0	68539
24385	65263	679	128	213	0	66283
24386	900	649	64227	160	0	65936
24387	690	63433	583	181	0	64887
24388	62882	604	727	187	0	64400
24389	62231	610	160	172	0	63173
24390	1188	161	61680	154	0	63183
24391	733	142	576	60599	0	62050
24392	260	105	62552	675	0	63592
24393	187	61312	585	719	0	62803
24394	60195	695	721	271	0	61882
24395	588	60453	154	236	0	61431
24396	624	578	107	59284	0	60593
24397	212	583	89	60512	0	61396
24398	213	153	60277	1032	0	61675
24399	212	140	59350	633	0	60335
24400	57940	143	1070	244	0	59397
24401	60005	122	578	210	0	60915
24402	60581	107	99	196	0	60983
24403	60257	121	85	178	0	60641
24404	1132	60358	105	204	0	61799
24405	705	590	97	60346	0	61738
24406	242	618	84	60940	0	61884
24407	193	62475	92	1121	0	63881
24408	63101	615	89	689	0	64494
24409	63462	613	92	227	0	64394
24410	1209	181	63334	174	0	64898
24411	63654	117	594	187	0	64552
24412	744	182	614	63270	0	64810
24413	761	145	63245	647	0	64798
24414	298	447	673	62353	0	63771
24415	260	143	63931	675	0	65009
24416	247	123	62451	624	0	63445
24417	262	675	1090	58883	0	60910
24418	148	60202	638	587	0	61575
24419	59577	529	255	576	0	60937
24420	57997	555	112	187	0	58851
24421	993	60310	97	195	0	61595
24422	584	60690	112	170	0	61556
24423	60977	932	234	244	0	62387
24424	61116	542	97	146	0	61901
24425	61607	136	83	121	0	61947
24426	61533	120	79	112	0	61844
24427	1069	191	79	61455	0	62794
24428	642	119	61618	529	0	62908
24429	191	61920	484	587	0	63182
24430	61164	558	569	173	0	62464
24431	534	63588	115	162	0	64399
24432	62820	501	148	154	0	63623
24433	62476	500	84	122	0	63182
24434	1005	144	63489	80	0	64718
24435	576	65009	463	139	0	66187
24436	193	624	499	64633	0	65949
24437	122	514	87	65475	0	66198
24438	141	121	63	65137	0	65462
24439	64441	110	66	944	0	65561
24440	62853	100	74	557	0	63584
24441	63168	89	77	159	0	63493
24442	918	63416	81	189	0	64604
24443	62637	446	66	125	0	63274
24444	486	63641	70	183	0	64380
24445	568	491	62655	123	0	63837
24446	136	62501	420	155	0	63212
24447	534	920	837	58285	0	60576
24448	82	311	95	57562	0	58050
24449	123	74	57421	519	0	58137
24450	82	63	273	56338	0	56756
24451	84	47	294	57023	0	57448
24452	57408	63	54	628	0	58153
24453	57027	47	50	330	0	57454
24454	57768	41	49	82	0	57940
24455	561	58170	56	120	0	58907
24456	57669	285	53	59	0	58066
24457	56085	299	41	80	0	56505
24458	590	57571	65	115	0	58341
24459	350	315	66	57416	0	58147
24460	158	368	77	57700	0	58303
24461	57610	68	57	603	0	58338
24462	375	64	57205	357	0	58001
24463	353	56300	302	146	0	57101
24464	138	897	305	53668	0	55008
24465	88	54759	51	312	0	55210
24466	74	55379	57	334	0	55844
24467	55315	542	161	119	0	56137
24468	54965	308	48	86	0	55407
24469	570	80	35	55380	0	56065
24470	347	64	35	54738	0	55184
24471	106	48	27	55007	0	55188
24472	81	54	25	54716	0	54876
24473	105	61	53724	555	0	54445
24474	115	78	52254	339	0	52786
24475	92	45	517	54105	0	54759
24476	127	69	57009	311	0	57516
24477	93	57444	295	377	0	58209
24478	58100	288	315	94	0	58797
24479	58560	334	59	125	0	59078
24480	625	68	59	58995	0	59747
24481	380	71	56	59838	0	60345
24482	104	52	47	60319	0	60522
24483	84	60886	52	697	0	61719
24484	60933	329	35	443	0	61740
24485	60621	374	30	118	0	61143
24486	748	68	60706	80	0	61602
24487	465	69	333	62571	0	63438
24488	164	92	65395	480	0	66131
24489	116	70	442	69789	0	70417
24490	102	77	482	70133	0	70794
24491	114	69	56	71041	0	71280
24492	112	68	54	72137	0	72371
24493	72002	60	48	1353	0	73463
24494	73315	73	52	796	0	74236
24495	75421	75	60	184	0	75740
24496	1520	51	47	75022	0	76640
24497	889	84	74439	743	0	76155
24498	72087	56	668	879	0	73690
24499	796	60	783	74496	0	76135
24500	75065	48	85	778	0	75976
24501	746	77	72	74663	0	75558
24502	835	73670	70	807	0	75382
24503	143	76154	53	945	0	77295
24504	231	1477	131	75440	0	77279
24505	182	852	140	75464	0	76638
24506	156	182	42	75498	0	75878
24507	129	74393	50	1507	0	76079
24508	73224	663	40	894	0	74821
24509	678	74379	60	272	0	75389
24510	848	696	74019	160	0	75723
24511	140	870	690	73132	0	74832
24512	102	75873	823	812	0	77610
24513	122	735	103	75798	0	76758
24514	117	838	60	75848	0	76863
24515	147	103	75488	1578	0	77316
24516	70643	84	697	1041	0	72465
24517	734	77059	860	286	0	78939
24518	78140	683	81	237	0	79141
24519	78634	833	59	219	0	79745
24520	79520	104	76	177	0	79877
24521	1725	151	76199	139	0	78214
24522	1031	81	729	74692	0	76533
24523	205	86	900	75799	0	76990
24524	203	96	74702	1631	0	76632
24525	68788	78	810	1054	0	70730
24526	854	101	75600	274	0	76829
24527	922	94	73730	225	0	74971
24528	119	73435	1464	265	0	75283
24529	306	814	1015	72375	0	74510
24530	201	840	73205	776	0	75022
24531	68700	143	704	952	0	70499
24532	70255	93	811	206	0	71365
24533	1520	112	70909	170	0	72711
24534	918	95	721	69898	0	71632
24535	219	109	71669	772	0	72769
24536	123	71362	726	979	0	73190
24537	73593	744	922	291	0	75550
24538	74743	852	139	276	0	76010
24539	76013	121	110	205	0	76449
24540	1720	113	136	74746	0	76715
24541	1010	105	104	76479	0	77698
24542	219	128	75810	1748	0	77905
24543	74124	92	849	1059	0	76124
24544	944	101	920	75658	0	77623
24545	75711	90	152	956	0	76909
24546	1046	97	75389	1052	0	77584
24547	1090	113	76779	234	0	78216
24548	228	115	1729	74387	0	76459
24549	199	93	1020	77583	0	78895
24550	244	109	77257	1770	0	79380
24551	74621	87	950	1111	0	76769
24552	977	210	1004	74787	0	76978
24553	1011	78355	223	959	0	80548
24554	78620	852	214	1055	0	80741
24555	950	80241	199	321	0	81711
24556	80336	911	214	232	0	81693
24557	1140	980	80996	239	0	83355
24558	1191	171	79424	212	0	80998
24559	248	79756	1795	287	0	82086
24560	79616	901	1177	259	0	81953
24561	1040	935	79306	214	0	81495
24562	77294	136	950	220	0	78600
24563	1026	78937	1010	262	0	81235
24564	1160	868	263	79420	0	81711
24565	282	952	192	77659	0	79085
24566	178	80516	234	1742	0	82670
24567	82195	878	169	1057	0	84299
24568	83403	966	176	272	0	84817
24569	85483	144	162	229	0	86018
24570	2010	150	85073	204	0	87437
24571	1163	123	1039	84759	0	87084
24572	264	140	1111	86258	0	87773
24573	274	115	233	88083	0	88705
24574	280	163	86357	1971	0	88771
24575	237	84946	1070	1279	0	87532
24576	82493	941	1067	263	0	84764
24577	1108	1008	83161	197	0	85474
24578	81687	154	1003	235	0	83079
24579	1056	82708	1063	294	0	85121
24580	83256	952	256	201	0	84665
24581	1163	1111	215	81600	0	84089
24582	83260	156	248	1021	0	84685
24583	1136	171	245	83049	0	84601
24584	1116	155	83941	1014	0	86226
24585	357	706	1011	83195	0	85269
24586	311	175	83607	988	0	85081
24587	76288	182	992	908	0	78370
24588	912	78783	962	334	0	80991
24589	856	1051	251	70044	0	72202
24590	178	75655	201	617	0	76651
24591	74308	679	355	665	0	76007
24592	73557	624	213	176	0	74570
24593	1174	73166	159	182	0	74681
24594	72409	619	277	248	0	73553
24595	72607	497	208	198	0	73510
24596	1020	112	114	71583	0	72829
24597	597	74	108	72415	0	73194
24598	73652	83	103	1033	0	74871
24599	74396	90	100	570	0	75156
24600	1126	61	102	73578	0	74867
24601	662	91	122	77864	0	78739
24602	79488	77	109	1219	0	80893
24603	863	122	79503	692	0	81180
24604	76558	90	755	192	0	77595
24605	897	125	78771	167	0	79960
24606	730	77226	777	215	0	78948
24607	280	855	748	75946	0	77829
24608	266	668	78792	702	0	80428
24609	165	80471	754	748	0	82138
24610	79418	794	775	346	0	81333
24611	818	610	79918	126	0	81472
24612	78291	116	720	127	0	79254
24613	80428	91	609	155	0	81283
24614	81141	83	113	226	0	81563
24615	1316	121	102	75089	0	76628
24616	709	81194	127	643	0	82673
24617	80337	653	103	667	0	81760
24618	780	608	80645	164	0	82197
24619	76240	108	694	173	0	77215
24620	765	119	80730	158	0	81772
24621	660	79617	671	249	0	81197
24622	208	667	671	79792	0	81338
24623	184	603	122	79392	0	80301
24624	167	80023	133	1194	0	81517
24625	180	677	123	81447	0	82427
24626	249	612	81256	740	0	82857
24627	173	81723	714	704	0	83314
24628	227	699	596	80709	0	82231
24629	80842	634	121	740	0	82337
24630	83251	122	92	643	0	84108
24631	1396	105	104	83703	0	85308
24632	827	86183	112	869	0	87991
24633	240	779	106	86419	0	87544
24634	254	733	117	85661	0	86765
24635	274	141	82527	1513	0	84455
24636	218	83797	773	934	0	85722
24637	243	794	647	82243	0	83927
24638	217	700	81587	753	0	83257
24639	168	81013	681	825	0	82687
24640	268	775	742	80783	0	82568
24641	80819	697	322	771	0	82609
24642	746	82173	112	771	0	83802
24643	756	698	101	82236	0	83791
24644	84000	656	95	810	0	85561
24645	84747	129	84	762	0	85722
24646	85191	114	102	190	0	85597
24647	84325	96	89	200	0	84710
24648	1396	109	104	82993	0	84602
24649	825	142	84079	759	0	85805
24650	266	475	665	81474	0	82880
24651	166	83710	680	769	0	85325
24652	84385	667	157	755	0	85964
24653	793	677	82471	181	0	84122
24654	79720	130	648	178	0	80676
24655	758	131	81705	155	0	82749
24656	751	180	665	79798	0	81394
24657	233	133	81412	644	0	82422
24658	184	137	637	79997	0	80955
24659	231	133	80830	723	0	81917
24660	197	163	625	79608	0	80593
24661	79980	94	611	740	0	81425
24662	675	82482	130	754	0	84041
24663	700	719	111	82521	0	84051
24664	243	708	131	82521	0	83603
24665	261	146	83643	1190	0	85240
24666	250	115	81518	668	0	82551
24667	77412	212	1205	270	0	79099
24668	668	80252	647	230	0	81797
24669	79403	543	325	144	0	80415
24670	79541	511	184	216	0	80452
24671	1094	154	125	77132	0	78505
24672	615	80683	142	614	0	82054
24673	81668	593	186	713	0	83160
24674	82576	557	119	244	0	83496
24675	84009	105	121	226	0	84461
24676	84145	109	105	168	0	84527
24677	83327	85	94	161	0	83667
24678	1213	101	81254	127	0	82695
24679	81184	81	581	157	0	82003
24680	738	91	82314	128	0	83271
24681	667	119	603	80647	0	82036
24682	220	75	608	83033	0	83936
24683	215	133	82208	1085	0	83641
24684	79429	87	592	740	0	80848
24685	666	108	601	82748	0	84123
24686	689	99	134	83887	0	84809
24687	192	94	115	84907	0	85308
24688	186	89	119	84590	0	84984
24689	176	87	104	85189	0	85556
24690	212	122	84788	1300	0	86422
24691	181	106	674	84506	0	85467
24692	236	112	86187	776	0	87311
24693	226	113	84920	757	0	86016
24694	84646	99	1373	238	0	86356
24695	87735	74	797	228	0	88834
24696	92210	71	250	214	0	92745
24697	1802	101	94709	189	0	96801
24698	1083	105	96290	180	0	97658
24699	345	119	98374	201	0	99039
24700	221	99775	2147	335	0	102478
24701	800	1653	1665	96368	0	100486
24702	100134	870	369	1118	0	102491
24703	1105	111	130	104259	0	105605
24704	1046	106720	147	1285	0	109198
24705	107630	1132	136	1289	0	110187
24706	1223	1154	143	106451	0	108971
24707	1257	109195	142	1324	0	111918
24708	257	1131	147	109864	0	111399
24709	193	1202	133	108577	0	110105
24710	106552	128	169	2392	0	109241
24711	1226	102	176	107389	0	108893
24712	1319	150	105882	1389	0	108740
24713	264	118	1231	105124	0	106737
24714	193	103267	1259	1441	0	106160
24715	287	105989	256	1440	0	107972
24716	227	2263	177	102191	0	104858
24717	203	1316	197	101176	0	102892
24718	200	101792	182	2412	0	104586
24719	222	102618	203	1455	0	104498
24720	231	104220	190	442	0	105083
24721	257	2486	167	95455	0	98365
24722	192	103078	188	1312	0	104770
24723	101755	1343	187	1313	0	104598
24724	1346	1357	102842	404	0	105949
24725	1319	483	1250	99048	0	102100
24726	256	102962	1273	1386	0	105877
24727	102085	1316	249	1385	0	105035
24728	1466	1359	102171	417	0	105413
24729	1290	102329	1288	454	0	105361
24730	99353	1327	1359	399	0	102438
24731	1147	99469	332	399	0	101347
24732	1185	99533	221	394	0	101333
24733	490	2608	297	96505	0	99900
24734	238	99806	238	1366	0	101648
24735	97999	1285	237	1305	0	100826
24736	1237	1310	179	97408	0	100134
24737	1272	383	97032	1262	0	99949
24738	338	335	97100	1296	0	99069
24739	236	495	2083	95905	0	98719
24740	334	381	98243	1305	0	100263
24741	272	413	1171	97745	0	99601
24742	95216	318	1153	1368	0	98055
24743	1226	303	95798	1325	0	98652
24744	1162	328	1114	92939	0	95543
24745	256	94218	1166	1343	0	96983
24746	227	1228	274	95578	0	97307
24747	263	1228	243	94825	0	96559
24748	241	96203	279	2333	0	99056
24749	284	1264	263	97026	0	98837
24750	233	1263	306	97340	0	99142
24751	296	464	95880	2271	0	98911
24752	187	95068	1188	1489	0	97932
24753	95231	1353	1142	561	0	98287
24754	1186	1306	307	95829	0	98628
24755	1249	476	97076	1412	0	100213
24756	340	440	1191	96743	0	98714
24757	325	429	97276	1488	0	99518
24758	92571	404	1279	1449	0	95703
24759	1162	96874	1239	630	0	99905
24760	1253	1285	360	97168	0	100066
24761	402	1347	273	99320	0	101342
24762	96119	446	329	2339	0	99233
24763	1262	430	332	97601	0	99625
24764	1344	488	96440	1564	0	99836
24765	403	482	1270	93362	0	95517
24766	282	93374	1286	1616	0	96558
24767	317	95830	411	1619	0	98177
24768	311	97626	356	842	0	99135
24769	350	2559	331	95455	0	98695
24770	358	1542	94615	1587	0	98102
24771	254	94530	1296	1628	0	97708
24772	92002	1478	1222	654	0	95356
24773	1153	94879	346	766	0	97144
24774	94995	1504	287	710	0	97496
24775	94650	1345	362	579	0	96936
24776	2188	533	93476	633	0	96830
24777	95787	514	1271	662	0	98234
24778	98924	492	1249	718	0	101383
24779	99961	482	342	627	0	101412
24780	100181	468	309	531	0	101489
24781	2322	531	99388	536	0	102777
24782	98681	437	1261	511	0	100890
24783	100754	488	1257	504	0	103003
24784	2250	102326	403	547	0	105526
24785	1383	1500	253	101195	0	104331
24786	462	1651	272	101001	0	103386
24787	359	102916	294	2471	0	106040
24788	101099	1406	321	1416	0	104242
24789	1317	103123	363	540	0	105343
24790	100719	1382	408	403	0	102912
24791	100162	1312	303	442	0	102219
24792	2249	101028	303	533	0	104113
24793	1415	1406	276	100549	0	103646
24794	581	1239	101176	1338	0	104334
24795	393	99318	1236	1458	0	102405
24796	701	2725	1193	90616	0	95235
24797	347	94190	386	1048	0	95971
24798	232	97532	255	1083	0	99102
24799	712	3183	599	92283	0	96777
24800	482	1138	94845	1176	0	97641
24801	211	92790	1116	1209	0	95326
24802	223	91784	1151	433	0	93591
24803	82790	1607	551	167	0	85115
24804	771	964	83	84744	0	86562
24805	800	212	49	85546	0	86607
24806	163	115	34	87414	0	87726
24807	134	121	85869	1829	0	87953
24808	115	107	889	85994	0	87105
24809	73	88370	920	1126	0	90489
24810	90493	969	177	980	0	92619
24811	1054	1006	77	90708	0	92845
24812	1113	289	90636	1088	0	93126
24813	91050	112	1033	1132	0	93327
24814	1176	116	1052	94915	0	97259
24815	1233	136	99526	1172	0	102067
24816	306	108	100530	1194	0	102138
24817	100912	108	2521	269	0	103810
24818	105936	103	1367	206	0	107612
24819	106689	106	225	177	0	107197
24820	107813	106	125	228	0	108272
24821	2805	158	105952	186	0	109101
24822	1533	107016	1307	272	0	110128
24823	106837	1339	1426	176	0	109778
24824	1384	108113	221	251	0	109969
24825	106685	1470	129	163	0	108447
24826	1467	108068	145	251	0	109931
24827	1413	1519	117	106509	0	109558
24828	312	1425	122	107356	0	109215
24829	223	315	126	107102	0	107766
24830	204	105192	150	2760	0	108306
24831	194	107263	132	1628	0	109217
24832	234	2641	114	102012	0	105001
24833	213	105392	153	1440	0	107198
24834	297	1558	104245	1389	0	107489
24835	206	1465	1396	103931	0	106998
24836	268	398	106100	1482	0	108248
24837	102220	270	1511	1499	0	105500
24838	104757	247	1426	388	0	106818
24839	2783	266	104475	324	0	107848
24840	1699	266	104239	301	0	106505
24841	433	261	2634	102708	0	106036
24842	360	306	105310	1536	0	107512
24843	317	277	1563	100300	0	102457
24844	293	100786	1504	1629	0	104212
24845	346	1610	367	105044	0	107367
24846	299	1553	236	105317	0	107405
24847	283	445	268	106568	0	107564
24848	357	392	102429	2971	0	106149
24849	297	312	1493	101923	0	104025
24850	301	360	1560	101455	0	103676
24851	383	389	418	99221	0	100411
24852	334	101612	321	2816	0	105083
24853	101712	1537	286	1689	0	105224
24854	102036	1546	278	703	0	104563
24855	102077	448	368	585	0	103478
24856	2959	382	360	99310	0	103011
24857	1792	440	99212	1713	0	103157
24858	1649	370	98314	1756	0	102089
24859	458	99238	2695	774	0	103165
24860	96815	1578	1717	580	0	100690
24861	1501	98933	543	703	0	101680
24862	98292	1632	695	593	0	101212
24863	1663	98570	433	719	0	101385
24864	97252	1696	431	569	0	99948
24865	1717	100733	485	670	0	103605
24866	1733	1733	451	99769	0	103686
24867	722	1694	99169	1758	0	103343
24868	724	599	99898	1837	0	103058
24869	624	564	2943	98047	0	102178
24870	622	480	1836	99342	0	102280
24871	623	448	597	101205	0	102873
24872	662	469	98830	3056	0	103017
24873	638	470	1578	98042	0	100728
24874	95409	441	1697	1967	0	99514
24875	96054	397	575	1942	0	98968
24876	2842	95292	495	875	0	99504
24877	94378	1576	455	677	0	97086
24878	1835	93760	420	761	0	96776
24879	93295	1775	532	656	0	96258
24880	93455	1666	540	663	0	96324
24881	92385	637	547	633	0	94202
24882	3094	497	90652	591	0	94834
24883	1961	530	89451	578	0	92520
24884	87115	471	2792	542	0	90920
24885	89778	360	1858	561	0	92557
24886	3029	575	610	88373	0	92587
24887	2104	385	467	91231	0	94187
24888	889	410	477	93451	0	95227
24889	647	443	513	94943	0	96546
24890	595	478	531	97104	0	98708
24891	94061	517	456	3357	0	98391
24892	1907	507	365	95933	0	98712
24893	1855	513	95121	2131	0	99620
24894	92611	447	1666	2129	0	96853
24895	95506	384	1837	975	0	98702
24896	3040	95102	540	1013	0	99695
24897	1678	95737	359	812	0	98586
24898	88136	2190	484	470	0	91280
24899	1204	91372	315	488	0	93379
24900	88844	1255	703	451	0	91253
24901	92254	1136	534	485	0	94409
24902	93471	213	266	369	0	94319
24903	2613	169	269	88501	0	91552
24904	1457	90721	255	1446	0	93879
24905	91345	1170	244	1352	0	94111
24906	1472	1159	263	91360	0	94254
24907	1410	235	212	90625	0	92482
24908	87122	121	187	2323	0	89753
24909	1179	86496	179	1475	0	89329
24910	1147	1354	158	85500	0	88159
24911	85984	1034	171	1283	0	88472
24912	1136	87111	141	1321	0	89709
24913	88004	1004	77	420	0	89505
24914	1294	1027	84084	265	0	86670
24915	82024	202	960	234	0	83420
24916	1136	83602	958	268	0	85964
24917	82466	919	495	197	0	84077
24918	81087	955	111	170	0	82323
24919	1847	82243	64	217	0	84371
24920	81999	894	61	156	0	83110
24921	1049	80899	74	208	0	82230
24922	81800	975	75	222	0	83072
24923	1115	969	67	81124	0	83275
24924	1084	202	38	81637	0	82961
24925	317	135	48	82836	0	83336
24926	270	177	79763	1879	0	82089
24927	255	145	864	80428	0	81692
24928	290	171	80703	1034	0	82198
24929	234	169	937	79520	0	80860
24930	240	79824	927	1049	0	82040
24931	251	936	122	81409	0	82718
24932	292	1029	80802	1035	0	83158
24933	287	245	81818	1028	0	83378
24934	242	220	1722	81169	0	83353
24935	80917	133	995	1017	0	83062
24936	81321	110	186	1060	0	82677
24937	1880	81307	111	417	0	83715
24938	1165	969	85	82202	0	84421
24939	390	1004	83864	1074	0	86332
24940	257	250	930	84919	0	86356
24941	316	183	85472	1135	0	87106
24942	82158	163	1051	1290	0	84662
24943	1139	174	982	84967	0	87262
24944	1238	192	84168	1097	0	86695
24945	363	211	990	84832	0	86396
24946	302	171	991	85655	0	87119
24947	388	187	85038	2025	0	87638
24948	307	177	1003	84918	0	86405
24949	84711	172	1021	1250	0	87154
24950	85678	172	243	1195	0	87288
24951	2091	166	153	85982	0	88392
24952	87237	190	182	1212	0	88821
24953	1323	217	87049	1243	0	89832
24954	1236	198	87185	432	0	89051
24955	87095	143	2021	360	0	89619
24956	89567	155	1209	377	0	91308
24957	2100	175	287	87990	0	90552
24958	1347	141	221	89443	0	91152
24959	448	193	88629	2207	0	91477
24960	347	194	1085	84168	0	85794
24961	306	89619	1172	1211	0	92308
24962	90778	1057	329	1176	0	93340
24963	94607	1078	233	420	0	96338
24964	2278	95198	218	460	0	98154
24965	93753	1214	211	376	0	95554
24966	93019	1222	232	352	0	94825
24967	2420	94263	256	450	0	97389
24968	94986	1211	244	379	0	96820
24969	1441	96067	280	414	0	98202
24970	96576	1323	222	384	0	98505
24971	1647	1294	95250	345	0	98536
24972	1470	291	1304	95376	0	98441
24973	435	204	1307	98143	0	100089
24974	363	181	327	101873	0	102744
24975	100145	180	245	2771	0	103341
24976	1575	361	245	103895	0	106076
24977	1571	188	103080	1738	0	106577
24978	102910	170	1508	1714	0	106302
24979	1695	165	1453	102742	0	106055
24980	1626	102038	377	1728	0	105769
24981	463	105132	279	1775	0	107649
24982	435	2697	293	103341	0	106766
24983	443	1536	286	104172	0	106437
24984	484	281	256	105877	0	106898
24985	507	191	101257	2991	0	104946
24986	377	100049	1482	1866	0	103774
24987	97654	1294	1437	542	0	100927
24988	95795	1316	438	430	0	97979
24989	2506	94895	279	456	0	98136
24990	1437	94777	280	483	0	96977
24991	999	2802	625	91140	0	95566
24992	482	1219	90841	1404	0	93946
24993	86519	708	1408	1466	0	90101
24994	88152	253	1209	450	0	90064
24995	2075	184	276	87193	0	89728
24996	1229	148	194	87519	0	89090
24997	84982	140	194	2119	0	87435
24998	1232	182	84394	1351	0	87159
24999	82239	177	1086	492	0	83994
25000	1240	82359	1083	413	0	85095
25001	923	922	169	75849	0	77863
25002	256	77822	128	1019	0	79225
25003	77492	847	279	962	0	79580
25004	995	886	179	76005	0	78065
25005	951	247	143	75049	0	76390
25006	291	75377	153	1616	0	77437
25007	75692	780	190	949	0	77611
25008	75844	823	153	289	0	77109
25009	1629	219	74875	251	0	76974
25010	953	136	72586	284	0	73959
25011	71608	132	1389	248	0	73377
25012	923	148	72652	218	0	73941
25013	825	171	69494	195	0	70685
25014	68047	361	1566	263	0	70237
25015	828	155	73163	242	0	74388
25016	735	173	956	72050	0	73914
25017	240	113	831	73900	0	75084
25018	75867	75	227	1790	0	77959
25019	1229	142	77092	1033	0	79496
25020	80647	128	1195	267	0	82237
25021	1447	134	1059	80927	0	83567
25022	82388	125	219	1340	0	84072
25023	82570	121	128	1265	0	84084
25024	83798	94	122	360	0	84374
25025	2581	134	109	81607	0	84431
25026	83038	108	116	1383	0	84645
25027	1700	101	108	83086	0	84995
25028	1445	123	137	83158	0	84863
25029	508	133	129	84304	0	85074
25030	446	113	117	84525	0	85201
25031	82652	107	158	2570	0	85487
25032	83258	117	181	1470	0	85026
25033	2617	113	83185	466	0	86381
25034	84900	120	1395	398	0	86813
25035	86564	74	1257	416	0	88311
25036	2733	134	257	84153	0	87277
25037	1612	84752	193	1617	0	88174
25038	85457	1318	220	1424	0	88419
25039	1761	1301	173	82834	0	86069
25040	82819	212	200	1531	0	84762
25041	1726	81741	190	1492	0	85149
25042	83454	1327	171	415	0	85367
25043	1789	1302	146	80574	0	83811
25044	1533	80603	174	1597	0	83907
25045	81491	1370	146	1440	0	84447
25046	1590	81954	185	595	0	84324
25047	1469	83311	198	587	0	85565
25048	83395	2421	252	468	0	86536
25049	1666	1375	82210	474	0	85725
25050	83561	326	1351	396	0	85634
25051	1869	239	1248	82106	0	85462
25052	1672	217	82645	1487	0	86021
25053	733	188	1423	81675	0	84019
25054	632	190	1313	83286	0	85421
25055	640	195	81840	2709	0	85384
25056	81078	174	1446	1642	0	84340
25057	1906	110	1338	81852	0	85206
25058	1727	135	289	82997	0	85148
25059	811	121	185	83111	0	84228
25060	81510	139	217	3064	0	84930
25061	1820	155	80089	1890	0	83954
25062	1686	152	80287	796	0	82921
25063	601	349	2239	75550	0	78739
25064	625	115	76224	1564	0	78528
25065	74023	140	1405	1434	0	77002
25066	1499	74663	1339	598	0	78099
25067	74225	1142	615	409	0	76391
25068	1795	1170	261	70542	0	73768
25069	1460	71893	274	1405	0	75032
25070	670	1792	258	71382	0	74102
25071	585	72884	253	1517	0	75239
25072	600	1645	204	72847	0	75296
25073	599	1179	71137	1509	0	74424
25074	526	430	68659	1315	0	70930
25075	480	68250	1971	662	0	71363
25076	64427	1107	1331	537	0	67402
25077	1269	1043	324	63047	0	65683
25078	1252	319	188	63888	0	65647
25079	63766	283	194	1932	0	66175
25080	63938	269	208	1222	0	65637
25081	2124	169	218	63370	0	65881
25082	1343	199	62694	1252	0	65488
25083	573	62678	1114	1207	0	65572
25084	509	1040	994	62300	0	64843
25085	439	963	400	61401	0	63203
25086	447	63855	258	1992	0	66552
25087	64514	1059	222	1256	0	67051
25088	1325	1059	64857	482	0	67723
25089	1221	301	1062	64482	0	67066
25090	460	254	993	65024	0	66731
25091	357	251	64376	2242	0	67226
25092	404	222	1098	65439	0	67163
25093	65660	235	1090	1483	0	68468
25094	65715	202	432	1294	0	67643
25095	66553	161	367	599	0	67680
25096	2091	64817	340	615	0	67863
25097	67835	1054	320	470	0	69679
25098	1517	995	264	67052	0	69828
25099	1314	379	265	66263	0	68221
25100	595	71551	247	2136	0	74529
25101	76812	1287	266	1335	0	79700
25102	80740	1254	248	534	0	82776
25103	82730	384	215	501	0	83830
25104	84098	342	217	539	0	85196
25105	84438	289	275	530	0	85532
25106	3069	256	82121	493	0	85939
25107	83992	280	1589	401	0	86262
25108	84379	288	1433	422	0	86522
25109	84537	202	418	459	0	85616
25110	3081	204	313	81975	0	85573
25111	1884	228	292	82893	0	85297
25112	884	171	80895	2772	0	84722
25113	72594	215	1581	1760	0	76150
25114	1554	79475	1440	802	0	83271
25115	1328	75034	353	539	0	77254
25116	692	1848	73894	323	0	76757
25117	430	73892	1128	362	0	75812
25118	385	71732	1129	353	0	73599
25119	935	2794	907	61374	0	66010
25120	254	65253	219	870	0	66596
25121	63962	803	100	703	0	65568
25122	63309	722	67	209	0	64307
25123	1417	187	71	62737	0	64412
25124	946	145	62472	750	0	64313
25125	61582	82	742	767	0	63173
25126	925	90	63391	216	0	64622
25127	892	70	63455	153	0	64570
25128	294	156	1351	60008	0	61809
25129	219	172	788	62613	0	63792
25130	252	66	63092	1314	0	64724
25131	186	61948	744	838	0	63716
25132	179	65008	737	331	0	66255
25133	62703	1447	418	381	0	64949
25134	62734	787	255	254	0	64030
25135	1320	161	61544	127	0	63152
25136	61050	125	662	106	0	61943
25137	62871	96	607	147	0	63721
25138	1324	105	135	60599	0	62163
25139	784	69	96	62655	0	63604
25140	269	87	64	63560	0	63980
25141	62664	91	68	1240	0	64063
25142	63048	76	65	758	0	63947
25143	64003	58	73	222	0	64356
25144	1478	66	74	63209	0	64827
25145	974	96	62498	658	0	64226
25146	61819	62	637	659	0	63177
25147	61884	74	633	177	0	62768
25148	1402	121	192	60427	0	62142
25149	923	61567	122	695	0	63307
25150	413	707	115	61414	0	62649
25151	295	62578	100	801	0	63774
25152	285	898	114	60819	0	62116
25153	262	63315	132	786	0	64495
25154	61806	705	186	666	0	63363
25155	847	758	102	61534	0	63241
25156	775	61925	112	687	0	63499
25157	325	681	61617	635	0	63258
25158	59800	690	749	196	0	61435
25159	777	354	620	60557	0	62308
25160	715	60807	187	715	0	62424
25161	320	696	108	59409	0	60533
25162	254	59697	98	736	0	60785
25163	257	61862	139	674	0	62932
25164	61507	1195	148	258	0	63108
25165	61931	713	147	205	0	62996
25166	1260	233	61892	110	0	63495
25167	61602	136	683	153	0	62574
25168	61803	142	690	176	0	62811
25169	1186	61154	253	195	0	62788
25170	788	623	149	61404	0	62964
25171	296	631	144	61361	0	62432
25172	293	219	60867	1134	0	62513
25173	295	192	60201	698	0	61386
25174	60204	143	1168	234	0	61749
25175	61504	81	721	171	0	62477
25176	61897	101	230	134	0	62362
25177	1355	102	60541	180	0	62178
25178	829	103	699	59723	0	61354
25179	60526	106	623	706	0	61961
25180	746	111	165	60817	0	61839
25181	705	115	59959	795	0	61574
25182	57691	132	668	696	0	59187
25183	837	169	61701	232	0	62939
25184	753	60435	653	265	0	62106
25185	60881	622	654	176	0	62333
25186	814	571	60268	192	0	61845
25187	785	249	688	59078	0	60800
25188	59473	96	645	702	0	60916
25189	757	98	166	60016	0	61037
25190	60487	103	128	827	0	61545
25191	773	121	84	60249	0	61227
25192	61269	112	91	884	0	62356
25193	61025	136	85	726	0	61972
25194	61396	128	109	265	0	61898
25195	61012	142	112	191	0	61457
25196	1369	433	215	59635	0	61652
25197	786	124	58698	604	0	60212
25198	499	150	58435	559	0	59643
25199	241	58082	1018	270	0	59611
25200	218	53264	579	194	0	54255
25201	46608	738	1136	203	0	48685
25202	398	280	188	44721	0	45587
25203	200	41	45274	176	0	45691
25204	80	31	45807	169	0	46087
25205	103	283	312	45261	0	45959
25206	45400	12	188	168	0	45768
25207	160	45708	40	195	0	46103
25208	47356	139	36	104	0	47635
25209	167	142	20	47654	0	47983
25210	156	22	20	47777	0	47975
25211	45	27	16	47855	0	47943
25212	55	31	47764	281	0	48131
25213	53	38	47374	162	0	47627
25214	24	47683	273	68	0	48048
25215	34	155	162	48279	0	48630
25216	47619	146	33	178	0	47976
25217	188	32	47284	170	0	47674
25218	187	41	48114	37	0	48379
25219	42	22	327	48549	0	48940
25220	41	22	173	49726	0	49962
25221	29	25	30	50142	0	50226
25222	35	32	30	53348	0	53445
25223	54097	19	20	500	0	54636
25224	332	12	33	55242	0	55619
25225	55575	21	29	376	0	56001
25226	395	41	56679	325	0	57440
25227	318	57228	363	101	0	58010
25228	58	406	313	57539	0	58316
25229	71	312	58504	360	0	59247
25230	79	59	58256	344	0	58738
25231	35	58939	652	130	0	59756
25232	123	322	325	57006	0	57776
25233	36	273	51	57245	0	57605
25234	52	52	57790	582	0	58476
25235	55650	20	361	339	0	56370
25236	352	24	293	58113	0	58782
25237	296	34	55	57590	0	57975
25238	78	55	58872	636	0	59641
25239	47	59206	379	371	0	60003
25240	32	62643	336	127	0	63138
25241	63094	744	87	70	0	63995
25242	500	420	45	63815	0	64780
25243	66066	51	54	544	0	66715
25244	644	51	65945	484	0	67124
25245	517	33	582	65707	0	66839
25246	66146	28	522	609	0	67305
25247	66609	39	89	568	0	67305
25248	1074	55	51	66379	0	67559
25249	572	42	66330	624	0	67568
25250	142	42	67179	545	0	67908
25251	93	169	1056	66377	0	67695
25252	98	51	67863	599	0	68611
25253	63757	44	671	580	0	65052
25254	600	66172	531	167	0	67470
25255	67041	557	132	122	0	67852
25256	67130	495	79	183	0	67887
25257	1055	77	88	67423	0	68643
25258	566	60	98	68025	0	68749
25259	68170	47	81	1106	0	69404
25260	597	49	96	68548	0	69290
25261	577	77	68294	660	0	69608
25262	128	68595	614	630	0	69967
25263	94	600	543	67593	0	68830
25264	121	497	115	67759	0	68492
25265	106	95	99	68342	0	68642
25266	152	87	66996	1168	0	68403
25267	117	66640	629	724	0	68110
25268	107	568	561	67350	0	68586
25269	139	524	67198	680	0	68541
25270	135	129	613	67096	0	67973
25271	66980	85	567	750	0	68382
25272	629	84	149	68072	0	68934
25273	610	95	67675	721	0	69101
25274	66661	67	631	742	0	68101
25275	642	69657	607	272	0	71178
25276	584	71224	193	258	0	72259
25277	71685	1061	159	268	0	73173
25278	730	584	73266	193	0	74773
25279	641	118	657	72633	0	74049
25280	174	97	621	74379	0	75271
25281	154	98	74889	1205	0	76346
25282	156	74943	699	799	0	76597
25283	161	610	631	72115	0	73517
25284	196	560	74333	726	0	75815
25285	182	143	672	74035	0	75032
25286	73870	94	650	833	0	75447
25287	722	127	76410	734	0	77993
25288	662	122	656	76457	0	77897
25289	228	127	616	77172	0	78143
25290	206	160	76324	1265	0	77955
25291	214	133	656	72901	0	73904
25292	162	74250	695	875	0	75982
25293	237	685	215	69205	0	70342
25294	162	76006	204	739	0	77111
25295	75670	638	216	750	0	77274
25296	73091	592	258	345	0	74286
25297	1217	148	74508	289	0	76162
25298	676	141	74395	303	0	75515
25299	248	145	74084	291	0	74768
25300	186	73446	1225	383	0	75240
25301	275	716	844	74468	0	76303
25302	230	555	75705	755	0	77245
25303	234	164	697	74181	0	75276
25304	215	133	634	74632	0	75614
25305	285	141	75072	1186	0	76684
25306	223	126	674	75328	0	76351
25307	195	165	646	74254	0	75260
25308	210	74254	250	1264	0	75978
25309	258	608	176	75239	0	76281
25310	183	593	251	75937	0	76964
25311	215	159	76148	1252	0	77774
25312	186	147	670	74882	0	75885
25313	196	137	76746	883	0	77962
25314	172	143	75349	801	0	76465
25315	73119	154	1178	407	0	74858
25316	647	285	746	71798	0	73476
25317	596	76634	252	894	0	78376
25318	204	77252	249	809	0	78514
25319	232	1346	286	76676	0	78540
25320	219	653	77101	873	0	78846
25321	165	77103	764	975	0	79007
25322	311	909	685	74062	0	75967
25323	203	529	76062	620	0	77414
25324	128	76043	492	676	0	77339
25325	78538	520	674	277	0	80009
25326	77774	514	241	249	0	78778
25327	77516	133	141	347	0	78137
25328	939	118	166	81631	0	82854
25329	564	109	161	81662	0	82496
25330	143	99	165	81592	0	81999
25331	109	133	81861	1171	0	83274
25332	80568	133	664	784	0	82149
25333	673	124	679	79766	0	81242
25334	648	139	82106	644	0	83537
25335	82025	117	665	749	0	83556
25336	83805	79	705	312	0	84901
25337	1207	207	75802	244	0	77460
25338	81859	96	588	320	0	82863
25339	569	85184	587	325	0	86665
25340	625	416	83029	162	0	84232
25341	79205	646	765	254	0	80870
25342	451	81944	564	262	0	83221
25343	381	364	133	78395	0	79273
25344	68	80010	98	432	0	80608
25345	72	364	91	80680	0	81207
25346	85	365	80908	391	0	81749
25347	73336	62	439	495	0	74332
25348	362	66	82185	142	0	82755
25349	378	81143	372	176	0	82069
25350	43	81522	417	176	0	82158
25351	80389	661	88	102	0	81240
25352	360	423	80329	100	0	81212
25353	392	53	375	79054	0	79874
25354	85	81	80838	383	0	81387
25355	49	81034	366	492	0	81941
25356	133	389	412	74834	0	75768
25357	37	81392	89	365	0	81883
25358	82141	350	90	459	0	83040
25359	82769	383	82	141	0	83375
25360	82840	50	90	90	0	83070
25361	758	79	82376	93	0	83306
25362	442	76	80951	84	0	81553
25363	80056	69	751	91	0	80967
25364	406	62	84459	97	0	85024
25365	463	45	410	79405	0	80323
25366	57	83216	472	406	0	84151
25367	85191	351	108	514	0	86164
25368	85165	413	97	121	0	85796
25369	87081	64	73	173	0	87391
25370	806	59	64	87195	0	88124
25371	471	52	60	87719	0	88302
25372	87126	43	84	856	0	88109
25373	412	86575	75	574	0	87636
25374	86353	401	67	141	0	86962
25375	441	426	62	84979	0	85908
25376	455	68	50	84740	0	85313
25377	83077	27	45	844	0	83993
25378	398	81916	63	533	0	82910
25379	82163	405	54	156	0	82778
25380	440	82909	48	190	0	83587
25381	82388	446	87	60	0	82981
25382	509	438	49	95544	0	96540
25383	96994	58	60	482	0	97594
25384	99145	36	28	530	0	99739
25385	106462	58	41	107	0	106668
25386	1168	110210	57	158	0	111593
25387	810	748	108233	58	0	109849
25388	107360	757	767	83	0	108967
25389	109767	109	738	80	0	110694
25390	1454	109683	110	153	0	111400
25391	864	755	45	110384	0	112048
25392	156	749	54	111045	0	112004
25393	110939	101	65	1540	0	112645
25394	830	76	49	112836	0	113791
25395	863	89	113106	845	0	114903
25396	213	102	112561	841	0	113717
25397	113550	72	1515	236	0	115373
25398	884	57	829	115675	0	117445
25399	848	65	115	116915	0	117943
25400	187	60	72	118493	0	118812
25401	191	76	119013	1678	0	120958
25402	158	55	868	118908	0	119989
25403	189	56	847	121920	0	123012
25404	147	63	129	122837	0	123176
25405	120319	59	92	1891	0	122361
25406	990	77	87	122209	0	123363
25407	1054	104	124045	1048	0	126251
25408	123644	73	994	1100	0	125811
25409	1141	117	129467	222	0	130947
25410	129745	107	1102	219	0	131173
25411	123619	165	1094	248	0	125126
25412	2234	133	153	132612	0	135132
25413	1274	134876	146	1368	0	137664
25414	320	1180	131	137245	0	138876
25415	278	1633	145	135930	0	137986
25416	217	140250	179	2592	0	143238
25417	138298	1137	146	1376	0	140957
25418	1227	139574	174	452	0	141427
25419	139745	1183	219	318	0	141465
25420	139327	1151	177	334	0	140989
25421	2373	204	143	138835	0	141555
25422	1405	161	151	139483	0	141200
25423	375	136	136398	2447	0	139356
25424	345	144	133328	1422	0	135239
25425	129567	209	2275	466	0	132517
25426	131936	173	1331	385	0	133825
25427	2163	128697	252	523	0	131635
25428	1392	1045	265	126492	0	129194
25429	455	1059	131200	1214	0	133928
25430	499	1133	1218	130181	0	133031
25431	128139	379	1350	1382	0	131250
25432	124567	107	263	1199	0	126136
25433	2071	125602	182	472	0	128327
25434	1320	1045	124	125190	0	127679
25435	345	1105	126	125975	0	127551
25436	305	255	135	126206	0	126901
25437	361	236	121999	2201	0	124797
25438	109137	189	1066	1482	0	111874
25439	119065	215	1044	463	0	120787
25440	2331	233	120553	373	0	123490
25441	1325	120055	1060	477	0	122917
25442	120393	1033	1143	384	0	122953
25443	120315	1040	328	410	0	122093
25444	2270	242	118190	420	0	121122
25445	1476	190	120540	389	0	122595
25446	517	394	2009	118588	0	121508
25447	436	232	121096	1213	0	122977
25448	116896	237	1268	1231	0	119632
25449	118831	175	1157	413	0	120576
25450	120718	196	314	479	0	121707
25451	2258	294	246	114132	0	116930
25452	1376	122251	293	1242	0	125162
25453	123947	1017	278	1309	0	126551
25454	123064	1042	282	513	0	124901
25455	2359	285	122701	514	0	125859
25456	1529	269	120430	440	0	122668
25457	115311	196	1957	545	0	118009
25458	1342	265	1177	121152	0	123936
25459	1403	270	120982	1398	0	124053
25460	567	120679	1201	1441	0	123888
25461	629	1108	1228	120626	0	123591
25462	119692	1068	410	1276	0	122446
25463	1367	122868	380	1383	0	125998
25464	1327	1108	346	120333	0	123114
25465	535	121776	384	1281	0	123976
25466	563	123042	381	1416	0	125402
25467	626	1902	368	122229	0	125125
25468	556	1173	383	121848	0	123960
25469	513	123119	403	2250	0	126285
25470	122713	1113	367	1382	0	125575
25471	1565	1146	123690	516	0	126917
25472	119889	335	1186	602	0	122012
25473	1607	311	1196	125644	0	128758
25474	1550	231	356	126231	0	128368
25475	674	276	364	127395	0	128709
25476	611	264	414	126788	0	128077
25477	655	279	126472	2265	0	129671
25478	695	255	1283	126650	0	128883
25479	632	618	1317	125715	0	128282
25480	588	130836	442	2335	0	134201
25481	701	1289	132276	1470	0	135736
25482	466	136827	1363	829	0	139485
25483	863	1528	137488	545	0	140424
25484	466	138857	1475	657	0	141455
25485	1150	1844	1678	127359	0	132031
25486	127455	1128	382	1118	0	130083
25487	1207	129119	345	1463	0	132134
25488	1379	1188	280	131628	0	134475
25489	558	1261	133190	1255	0	136264
25490	395	135917	1209	1506	0	139027
25491	134614	1231	1449	460	0	137754
25492	134097	1359	433	395	0	136284
25493	2336	135588	320	454	0	138698
25494	1583	1213	133481	301	0	136578
25495	128543	1290	1269	341	0	131443
25496	1389	549	1343	134322	0	137603
25497	134048	244	366	1364	0	136022
25498	1366	136813	278	1606	0	140063
25499	1384	139270	272	597	0	141523
25500	602	2376	136867	440	0	140285
25501	132858	1568	1346	488	0	136260
25502	1522	820	1377	137432	0	141151
25503	138713	261	397	1308	0	140679
25504	1325	139319	297	1500	0	142441
25505	139852	1206	305	439	0	141802
25506	138283	1361	357	357	0	140358
25507	2569	397	138844	306	0	142116
25508	1401	136214	1117	354	0	139086
25509	415	137219	1278	311	0	139223
25510	424	2932	417	127014	0	130787
25511	221	132137	234	1091	0	133683
25512	128487	1143	200	1097	0	130927
25513	1010	129741	171	440	0	131362
25514	1077	1592	140	125358	0	128167
25515	290	126862	144	975	0	128271
25516	239	124012	148	1056	0	125455
25517	289	126563	148	291	0	127291
25518	516	2147	343	124365	0	127371
25519	265	1145	162	125270	0	126842
25520	216	318	122	124407	0	125063
25521	250	121892	132	1949	0	124223
25522	342	1026	121657	1091	0	124116
25523	340	1123	121581	249	0	123293
25524	117832	347	1768	223	0	120170
25525	1019	293	1016	122093	0	124421
25526	1168	327	124153	981	0	126629
25527	387	363	125216	1034	0	127000
25528	217	126842	1734	341	0	129134
25529	251	1116	1036	121218	0	123621
25530	209	1162	205	123228	0	124804
25531	122471	381	176	1882	0	124910
25532	979	331	133	123479	0	124922
25533	1040	320	168	122923	0	124451
25534	381	365	124936	1939	0	127621
25535	229	347	940	124908	0	126424
25536	244	322	1022	128569	0	130157
25537	264	414	128667	1942	0	131287
25538	331	324	129226	1230	0	131111
25539	209	128063	1889	540	0	130701
25540	398	1146	127790	346	0	129680
25541	221	1212	1075	125193	0	127701
25542	249	464	1210	116365	0	118288
25543	358	412	128411	1971	0	131152
25544	189	127985	1042	1365	0	130581
25545	123028	1077	1123	528	0	125756
25546	926	126655	377	526	0	128484
25547	1075	1168	266	125768	0	128277
25548	274	1234	245	126935	0	128688
25549	208	126944	361	2217	0	129730
25550	255	1149	335	126609	0	128348
25551	246	1223	293	126712	0	128474
25552	346	442	121334	2168	0	124290
25553	194	120885	1143	1587	0	123809
25554	244	1225	1162	121561	0	124192
25555	365	1221	121645	1300	0	124531
25556	257	443	1136	121437	0	123273
25557	273	366	1200	122081	0	123920
25558	255	326	408	123812	0	124801
25559	264	388	343	123412	0	124407
25560	312	369	321	121125	0	122127
25561	300	122141	335	2189	0	124965
25562	120298	1135	399	1477	0	123309
25563	1129	1244	119512	629	0	122514
25564	109613	430	1235	690	0	111968
25565	1214	472	123796	517	0	125999
25566	1074	126951	1174	711	0	129910
25567	508	1260	126076	511	0	128355
25568	186	128256	1262	746	0	130450
25569	420	1465	1446	121326	0	124657
25570	308	1401	415	120200	0	122324
25571	212	125593	327	2271	0	128403
25572	203	129690	301	1598	0	131792
25573	129073	2267	300	683	0	132323
25574	131319	1426	268	667	0	133680
25575	132636	439	290	557	0	133922
25576	133675	345	321	590	0	134931
25577	2290	444	271	129618	0	132623
25578	1318	131311	297	1440	0	134366
25579	129773	1224	278	1530	0	132805
25580	1216	1282	258	126172	0	128928
25581	123501	366	281	1145	0	125293
25582	118472	295	257	1272	0	120296
25583	1624	115954	245	539	0	118362
25584	852	112923	200	353	0	114328
25585	283	116577	208	373	0	117441
25586	412	2766	608	107588	0	111374
25587	143	113634	303	884	0	114964
25588	111335	738	290	857	0	113220
25589	112917	677	148	427	0	114169
25590	112510	192	155	311	0	113168
25591	114622	142	111	289	0	115164
25592	116330	131	167	259	0	116887
25593	1534	148	120166	195	0	122043
25594	120637	135	952	230	0	121954
25595	1163	222	122846	166	0	124397
25596	120801	123	1000	239	0	122163
25597	1149	253	949	118133	0	120484
25598	1040	185	119798	894	0	121917
25599	372	161	123305	860	0	124698
25600	175	127905	1739	283	0	130102
25601	127329	1334	1333	317	0	130313
25602	129959	1017	293	196	0	131465
25603	2224	140959	146	351	0	143680
25604	1315	1606	82	158628	0	161631
25605	171296	1430	108	2250	0	175084
25606	2640	338	174687	1917	0	179582
25607	2158	174279	2300	435	0	179172
25608	167888	2413	2130	264	0	172695
25609	2357	174479	361	419	0	177616
25610	2267	2829	158	161967	0	167221
25611	409	175063	169	2169	0	177810
25612	354	3155	108	165584	0	169201
25613	238	171697	183	2875	0	174993
25614	195	175328	139	2320	0	177982
25615	170771	4398	173	441	0	175783
25616	173375	2446	167	332	0	176320
25617	4762	546	172463	259	0	178030
25618	2720	392	172639	168	0	175919
25619	780	333	175380	179	0	176672
25620	394	277	4698	170984	0	176353
25621	533	329	175784	2470	0	179116
25622	329	342	2808	173623	0	177102
25623	320	327	2398	172876	0	175921
25624	348	173671	523	4712	0	179254
25625	171728	2577	349	2596	0	177250
25626	2565	176211	325	785	0	179886
25627	2479	2929	293	176621	0	182322
25628	657	2569	304	178402	0	181932
25629	587	663	308	180726	0	182284
25630	689	624	176915	5020	0	183248
25631	536	516	2645	178059	0	181756
25632	616	566	2420	179124	0	182726
25633	752	597	506	181888	0	183743
25634	802	702	173980	5200	0	180684
25635	548	174419	2667	3080	0	180714
25636	172476	2926	2384	964	0	178750
25637	167553	2728	597	780	0	171658
25638	4747	173248	497	807	0	179299
25639	2855	3056	488	171337	0	177736
25640	932	2800	441	175778	0	179951
25641	1062	935	172608	5047	0	179652
25642	693	171678	2930	3331	0	178632
25643	679	2972	2676	172438	0	178765
25644	836	2792	172918	3133	0	179679
25645	611	988	3011	172646	0	177256
25646	642	802	2719	172808	0	176971
25647	835	852	170909	5368	0	177964
25648	704	754	2934	171086	0	175478
25649	712	762	2723	171493	0	175690
25650	940	855	171153	5462	0	178410
25651	734	730	3015	172799	0	177278
25652	695	735	2785	171857	0	176072
25653	616	662	923	175619	0	177820
25654	746	706	170750	5793	0	177995
25655	594	627	3145	172081	0	176447
25656	168843	651	2867	3974	0	176335
25657	169952	638	986	3530	0	175106
25658	4982	169582	954	1674	0	177192
25659	172609	2982	793	1429	0	177813
25660	3503	2802	173876	1329	0	181510
25661	2977	969	3070	173914	0	180930
25662	1019	766	2902	174337	0	179024
25663	772	860	962	179575	0	182169
25664	171031	663	767	6048	0	178509
25665	2782	171136	791	4228	0	178937
25666	2515	3075	747	160899	0	167236
25667	728	168900	771	3696	0	174095
25668	163735	3090	775	3390	0	170990
25669	2729	167032	785	1678	0	172224
25670	163278	3096	735	1547	0	168656
25671	2820	162889	810	1602	0	168121
25672	2489	161593	892	1674	0	166648
25673	1010	5000	955	159413	0	166378
25674	660	2766	816	160876	0	165118
25675	681	941	796	162543	0	164961
25676	564	857	733	162257	0	164411
25677	746	971	156519	5794	0	164030
25678	610	156293	2872	3836	0	163611
25679	629	3005	2530	149040	0	155204
25680	581	156383	969	3617	0	161550
25681	820	3096	154671	3313	0	161900
25682	705	2605	2944	153880	0	160134
25683	706	925	2626	158529	0	162786
25684	841	746	155093	5528	0	162208
25685	610	151727	3105	4016	0	159458
25686	559	2728	2830	150972	0	157089
25687	843	2416	150174	3871	0	157304
25688	468	149479	3002	3874	0	156823
25689	658	3214	2568	146473	0	152913
25690	771	2591	146045	3715	0	153122
25691	912	1054	144542	3295	0	149803
25692	611	141096	4328	1690	0	147725
25693	652	144989	2369	1427	0	149437
25694	991	4509	1189	144190	0	150879
25695	717	2795	671	154205	0	158388
25696	694	1004	152554	5517	0	159769
25697	146825	837	2967	3712	0	154341
25698	150195	728	2816	1776	0	155515
25699	5134	770	148121	1497	0	155522
25700	2660	142844	2829	1447	0	149780
25701	781	143588	2494	1366	0	148229
25702	606	139248	961	1234	0	142049
25703	921	125004	1419	1487	0	128831
25704	2395	5925	2016	104139	0	114475
25705	512	1451	459	112199	0	114621
25706	103	263	115	113553	0	114034
25707	86	196	92	115256	0	115630
25708	52	115915	111	3955	0	120033
25709	105	1909	111	117149	0	119274
25710	67	117401	130	2394	0	119992
25711	101	2124	100	119152	0	121477
25712	115598	1872	117	2344	0	119931
25713	1863	401	123	118054	0	120441
25714	1856	115279	161	2492	0	119788
25715	381	1957	158	119782	0	122278
25716	238	1907	123	121189	0	123457
25717	205	451	140	122933	0	123729
25718	116559	304	146	4403	0	121412
25719	1987	397	128	121363	0	123875
25720	2033	356	116970	2658	0	122017
25721	353	118954	1913	2477	0	123697
25722	265	2261	1891	122126	0	126543
25723	310	2120	356	126064	0	128850
25724	216	528	171	128993	0	129908
25725	122569	425	138	4740	0	127872
25726	2290	469	121548	2849	0	127156
25727	2123	427	2054	116492	0	121096
25728	411	119058	2030	2878	0	124377
25729	363	2353	308	121187	0	124211
25730	112970	2182	184	3088	0	118424
25731	2060	117634	238	2891	0	122823
25732	1992	2450	126	117858	0	122426
25733	434	2319	144	118541	0	121438
25734	229	115631	151	5022	0	121033
25735	317	2308	113	119913	0	122651
25736	369	2249	162	120482	0	123262
25737	415	640	116206	5004	0	122265
25738	274	115942	2173	3343	0	121732
25739	116289	2471	2081	1471	0	122312
25740	2419	2325	115812	1403	0	121959
25741	115909	695	2230	1282	0	120116
25742	2726	563	117282	1281	0	121852
25743	2393	497	2451	116431	0	121772
25744	115563	503	2255	3351	0	121672
25745	2514	571	523	118686	0	122294
25746	119044	542	326	3632	0	123544
25747	118569	559	343	3375	0	122846
25748	118283	589	346	1571	0	120789
25749	4604	115465	358	1401	0	121828
25750	2723	2586	330	115179	0	120818
25751	827	2429	384	118037	0	121677
25752	706	734	354	119830	0	121624
25753	698	599	114800	5518	0	121615
25754	595	630	2438	117571	0	121234
25755	115529	572	2357	3725	0	122183
25756	117565	584	652	3511	0	122312
25757	4818	607	114617	1654	0	121696
25758	117346	619	2526	1345	0	121836
25759	117583	612	2427	1409	0	122031
25760	4885	699	771	111458	0	117813
25761	112880	674	538	3565	0	117657
25762	112697	664	557	3513	0	117431
25763	4995	600	515	111211	0	117321
25764	112737	632	570	3615	0	117554
25765	112106	648	567	3511	0	116832
25766	5229	675	557	110631	0	117092
25767	3409	736	105469	3523	0	113137
25768	107057	693	2606	3448	0	113804
25769	3323	638	110429	1771	0	116161
25770	3224	597	108913	1591	0	114325
25771	1355	106465	4523	1758	0	114101
25772	1404	2489	2746	105603	0	112242
25773	1377	2364	810	107806	0	112357
25774	1392	701	600	110011	0	112704
25775	1588	535	106083	5628	0	113834
25776	1558	539	106423	3721	0	112241
25777	1382	105428	4515	1989	0	113314
25778	1392	2526	2663	102626	0	109207
25779	1495	2313	802	106750	0	111360
25780	1422	627	796	109250	0	112095
25781	1562	500	104141	5615	0	111818
25782	1415	103259	2719	3818	0	111211
25783	1433	2400	2544	102599	0	108976
25784	1550	2292	104740	3607	0	112189
25785	1490	617	105597	3569	0	111273
25786	103923	471	4841	1750	0	110985
25787	104715	431	3077	1520	0	109743
25788	107239	496	1100	1478	0	110313
25789	5516	569	924	99435	0	106444
25790	3641	450	101908	3454	0	109453
25791	1580	100070	2734	3595	0	107979
25792	1457	103214	2749	1862	0	109282
25793	1591	3793	93801	1486	0	100671
25794	1920	3684	3036	84417	0	93057
25795	1346	1864	2521	77173	0	82904
25796	1056	77138	1080	3693	0	82967
25797	1075	79380	910	2471	0	83836
25798	77458	3119	899	1208	0	82684
25799	78003	1748	803	1129	0	81683
25800	78631	533	769	1194	0	81127
25801	77591	408	783	1109	0	79891
25802	74184	630	757	1123	0	76694
25803	3516	70771	847	1120	0	76254
25804	1652	59654	643	832	0	62781
25805	624	51237	497	595	0	52953
25806	45471	1497	1883	628	0	49479
25807	1618	1417	890	42296	0	46221
25808	794	171	310	41113	0	42388
25809	40073	112	343	1101	0	41629
25810	778	40155	294	743	0	41970
25811	644	594	328	40262	0	41828
25812	390	480	332	40787	0	41989
25813	432	210	321	41000	0	41963
25814	39494	154	275	1119	0	41042
25815	870	162	283	40001	0	41316
25816	702	164	38383	739	0	39988
25817	37737	163	630	605	0	39135
25818	833	356	567	37739	0	39495
25819	676	174	37554	636	0	39040
25820	379	37099	599	612	0	38689
25821	261	35297	424	244	0	36226
25822	32409	925	837	327	0	34498
25823	31550	378	289	208	0	32425
25824	512	32387	84	151	0	33134
25825	394	285	96	33583	0	34358
25826	34456	217	70	457	0	35200
25827	407	62	78	37432	0	37979
25828	395	54	60	39125	0	39634
25829	149	59	71	39683	0	39962
25830	93	41	94	39381	0	39609
25831	86	38630	82	887	0	39685
25832	84	413	77	39212	0	39786
25833	75	382	87	39229	0	39773
25834	91	115	74	39687	0	39967
25835	193	71	38189	877	0	39330
25836	64	38429	427	545	0	39465
25837	97	604	433	38432	0	39566
25838	93	392	38254	489	0	39228
25839	94	120	37150	449	0	37813
25840	57	37471	740	186	0	38454
25841	36638	503	490	134	0	37765
25842	395	391	120	36948	0	37854
25843	36888	101	77	436	0	37502
25844	435	37145	77	474	0	38131
25845	389	410	50	37363	0	38212
25846	36321	375	59	465	0	37220
25847	36806	118	57	436	0	37417
25848	726	80	40	36690	0	37536
25849	444	63	39	36706	0	37252
25850	163	58	36223	803	0	37247
25851	104	63	385	36385	0	36937
25852	99	240	361	36570	0	37270
25853	35568	50	99	820	0	36537
25854	397	35696	57	552	0	36702
25855	408	366	34938	190	0	35902
25856	34098	370	374	161	0	35003
25857	394	34782	342	180	0	35698
25858	415	388	114	34384	0	35301
25859	34043	356	102	425	0	34926
25860	367	113	49	34159	0	34688
25861	365	72	36	34314	0	34787
25862	118	64	33807	765	0	34754
25863	78	66	342	34221	0	34707
25864	33865	55	339	549	0	34808
25865	378	59	97	34210	0	34744
25866	33567	55	68	546	0	34236
25867	420	32965	71	507	0	33963
25868	388	33743	53	288	0	34472
25869	145	656	54	33470	0	34325
25870	106	406	46	33712	0	34270
25871	32835	132	52	781	0	33800
25872	377	33080	60	563	0	34080
25873	33576	397	50	248	0	34271
25874	33509	375	60	190	0	34134
25875	732	124	69	33203	0	34128
25876	33534	79	52	503	0	34168
25877	508	98	32488	461	0	33555
25878	446	81	390	32598	0	33515
25879	190	79	33205	494	0	33968
25880	144	81	433	33417	0	34075
25881	33070	74	388	586	0	34118
25882	33192	74	135	535	0	33936
25883	757	33222	81	291	0	34351
25884	487	417	63	33111	0	34078
25885	199	393	54	33004	0	33650
25886	167	33047	68	857	0	34139
25887	159	422	55	33739	0	34375
25888	120	411	56	33223	0	33810
25889	122	32982	77	908	0	34089
25890	32069	406	48	616	0	33139
25891	32051	417	70	303	0	32841
25892	752	138	66	31938	0	32894
25893	518	100	69	32125	0	32812
25894	230	119	31589	843	0	32781
25895	180	152	368	30931	0	31631
25896	170	31463	382	575	0	32590
25897	31402	404	131	556	0	32493
25898	438	412	91	31317	0	32258
25899	450	150	83	31093	0	31776
25900	30250	97	74	867	0	31288
25901	459	30419	77	607	0	31562
25902	468	389	81	30870	0	31808
25903	228	407	67	30583	0	31285
25904	187	30589	75	860	0	31711
25905	30704	408	79	568	0	31759
25906	493	431	30409	270	0	31603
25907	475	169	30565	261	0	31470
25908	218	143	688	30401	0	31450
25909	168	106	30593	522	0	31389
25910	29805	110	424	523	0	30862
25911	479	108	399	30341	0	31327
25912	479	90	30371	555	0	31495
25913	251	87	30347	502	0	31187
25914	176	30434	640	298	0	31548
25915	29885	373	428	216	0	30902
25916	405	30521	153	243	0	31322
25917	30044	410	230	221	0	30905
25918	29684	342	136	228	0	30390
25919	635	29026	79	226	0	29966
25920	28866	342	77	165	0	29450
25921	28459	336	59	181	0	29035
25922	648	143	27891	185	0	28867
25923	511	1706	280	25037	0	27534
25924	170	25162	271	300	0	25903
25925	93	23779	77	221	0	24170
25926	618	873	333	20771	0	22595
25927	19197	283	225	479	0	20184
25928	122	31	18	18660	0	18831
25929	102	26	16	19205	0	19349
25930	38	25	21	19629	0	19713
25931	37	20361	20	239	0	20657
25932	32	150	21	21498	0	21701
25933	40	125	22639	178	0	22982
25934	22390	50	181	150	0	22771
25935	23845	24	158	54	0	24081
25936	339	23617	32	52	0	24040
25937	23780	188	22	36	0	24026
25938	221	159	24	24048	0	24452
25939	160	37	24004	203	0	24404
25940	23225	22	197	157	0	23601
25941	191	24123	142	58	0	24514
25942	142	203	29	23877	0	24251
25943	24636	137	21	204	0	24998
25944	206	24685	12	154	0	25057
25945	143	24941	13	67	0	25164
25946	24871	334	24	34	0	25263
25947	216	168	24399	32	0	24815
25948	24533	41	197	23	0	24794
25949	223	25	147	24452	0	24847
25950	163	26	26	24673	0	24888
25951	54	32	24545	333	0	24964
25952	43	15	24606	174	0	24838
25953	36	24	328	24712	0	25100
25954	39	17	24540	220	0	24816
25955	44	25	24702	165	0	24936
25956	34	25	335	24307	0	24701
25957	38	26	168	24683	0	24915
25958	24603	24	49	341	0	25017
25959	216	22	30	24659	0	24927
25960	24678	24	26	240	0	24968
25961	233	24552	34	199	0	25018
25962	176	202	26	24759	0	25163
25963	75	164	25064	230	0	25533
25964	24715	55	209	171	0	25150
25965	25441	34	154	56	0	25685
25966	25629	34	61	50	0	25774
25967	25400	21	39	43	0	25503
25968	25209	25	39	41	0	25314
25969	385	36	36	24709	0	25166
25970	219	21	24704	227	0	25171
25971	84	25	24710	192	0	25011
25972	68	24	24888	66	0	25046
25973	24003	45	395	55	0	24498
25974	24820	34	211	50	0	25115
25975	377	23	70	24073	0	24543
25976	203	25007	43	227	0	25480
25977	81	228	45	25559	0	25913
25978	69	164	25441	273	0	25947
25979	86	47	25165	189	0	25487
25980	23967	35	406	95	0	24503
25981	284	32	25865	67	0	26248
25982	212	61	262	25457	0	25992
25983	26270	27	197	277	0	26771
25984	26309	21	73	201	0	26604
25985	26993	21	65	65	0	27144
25986	27279	19	61	61	0	27420
25987	438	24	26700	49	0	27211
25988	26309	16	252	67	0	26644
25989	304	27010	194	76	0	27584
25990	219	227	64	27159	0	27669
25991	102	171	27349	249	0	27871
25992	78	49	246	27227	0	27600
25993	98	32	27873	271	0	28274
25994	73	31	279	27512	0	27895
25995	78	26	193	27810	0	28107
25996	88	38	27549	407	0	28082
25997	79	18	258	27404	0	27759
25998	27694	15	211	309	0	28229
25999	279	18	82	27973	0	28352
26000	215	18	70	28367	0	28670
26001	27977	19	79	414	0	28489
26002	277	28325	78	256	0	28936
26003	28520	221	64	85	0	28890
26004	292	28849	59	89	0	29289
26005	29321	244	56	86	0	29707
26006	331	183	29287	65	0	29866
26007	226	50	258	28948	0	29482
26008	109	31	195	29330	0	29665
26009	28967	38	75	414	0	29494
26010	266	28928	67	238	0	29499
26011	207	240	68	28877	0	29392
26012	89	166	69	28672	0	28996
26013	84	28181	65	433	0	28763
26014	27878	222	73	222	0	28395
26015	262	28290	55	117	0	28724
26016	214	231	64	27855	0	28364
26017	93	161	57	27419	0	27730
26018	82	27578	57	406	0	28123
26019	27378	226	44	240	0	27888
26020	291	168	27396	92	0	27947
26021	26920	58	245	80	0	27303
26022	289	27493	184	83	0	28049
26023	204	222	62	27514	0	28002
26024	27651	172	57	271	0	28151
26025	269	50	56	27768	0	28143
26026	218	73	57	27807	0	28155
26027	27811	32	53	433	0	28329
26028	271	27524	47	258	0	28100
26029	219	27811	55	109	0	28194
26030	27304	316	53	97	0	27770
26031	274	141	26965	68	0	27448
26032	150	26093	188	93	0	26524
26033	366	467	336	24572	0	25741
26034	100	87	26687	135	0	27009
26035	49	219	190	25568	0	26026
26036	26073	20	165	192	0	26450
26037	155	26732	41	201	0	27129
26038	178	184	25	25517	0	25904
26039	43	26780	20	167	0	27010
26040	26838	184	16	153	0	27191
26041	27339	166	24	52	0	27581
26042	313	28025	25	78	0	28441
26043	192	173	15	27332	0	27712
26044	40	28353	37	193	0	28623
26045	28732	202	21	180	0	29135
26046	29202	189	36	55	0	29482
26047	376	40	17	29043	0	29476
26048	222	34	15	29429	0	29700
26049	68	33	28954	389	0	29444
26050	27366	28	200	242	0	27836
26051	254	34	29101	56	0	29445
26052	210	29	214	28764	0	29217
26053	28850	25	195	221	0	29291
26054	221	29671	43	231	0	30166
26055	29403	214	34	67	0	29718
26056	241	205	29073	51	0	29570
26057	28426	59	192	58	0	28735
26058	232	29972	176	52	0	30432
26059	30025	201	32	51	0	30309
26060	227	30636	36	128	0	31027
26061	219	233	18	30454	0	30924
26062	72	211	30172	229	0	30684
26063	55	67	29715	210	0	30047
26064	52	68	374	29617	0	30111
26065	73	46	30267	247	0	30633
26066	55	61	228	29916	0	30260
26067	54	47	196	30150	0	30447
26068	68	53	30767	403	0	31291
26069	27108	32	424	257	0	27821
26070	30593	40	195	87	0	30915
26071	388	30429	61	86	0	30964
26072	30459	197	43	54	0	30753
26073	249	206	29	30409	0	30893
26074	227	54	31673	222	0	32176
26075	82	93	210	31569	0	31954
26076	106	130	222	31672	0	32130
26077	30976	34	48	381	0	31439
26078	203	30990	40	231	0	31464
26079	200	31279	26	87	0	31592
26080	82	354	33	31333	0	31802
26081	62	211	36	30901	0	31210
26082	35	31093	28	361	0	31517
26083	59	208	30	30976	0	31273
26084	53	206	31	30589	0	30879
26085	42	30452	37	369	0	30900
26086	30095	192	23	227	0	30537
26087	191	191	33	30069	0	30484
26088	180	30739	34	229	0	31182
26089	80	221	31	30557	0	30889
26090	30220	168	36	238	0	30662
26091	203	30538	36	223	0	31000
26092	30932	212	14	82	0	31240
26093	30964	196	24	104	0	31288
26094	371	70	22	31580	0	32043
26095	32739	49	26	282	0	33096
26096	33144	37	29	258	0	33468
26097	33488	38	24	92	0	33642
26098	33490	41	31	86	0	33648
26099	401	56	25	33419	0	33901
26100	245	31	28	33943	0	34247
26101	109	60	34086	400	0	34655
26102	84	34	194	34063	0	34375
26103	83	37	181	34585	0	34886
26104	86	53	34179	424	0	34742
26105	32525	43	234	268	0	33070
26106	272	31	201	34657	0	35161
26107	244	52	35130	281	0	35707
26108	33326	39	263	259	0	33887
26109	313	62	37611	95	0	38081
26110	251	38551	294	113	0	39209
26111	89	40096	242	101	0	40528
26112	83	477	62	41455	0	42077
26113	79	270	44688	356	0	45393
26114	44499	69	363	330	0	45261
26115	47270	50	285	189	0	47794
26116	683	39	47544	90	0	48356
26117	47716	42	377	129	0	48264
26118	48852	33	320	80	0	49285
26119	675	48934	76	91	0	49776
26120	49131	341	67	67	0	49606
26121	419	298	46	48767	0	49530
26122	376	67	49472	383	0	50298
26123	97	71	360	48689	0	49217
26124	91	50409	311	396	0	51207
26125	71	51506	80	346	0	52003
26126	51188	605	73	102	0	51968
26127	51041	326	61	90	0	51518
26128	50812	80	55	104	0	51051
26129	684	66	62	51024	0	51836
26130	395	230	67	50295	0	50987
26131	121	50423	70	669	0	51283
26132	50358	355	60	408	0	51181
26133	397	51575	57	164	0	52193
26134	49026	280	49	80	0	49435
26135	342	49218	59	80	0	49699
26136	48785	282	81	57	0	49205
26137	48686	235	40	90	0	49051
26138	566	253	56	47847	0	48722
26139	300	49352	53	290	0	49995
26140	191	287	48497	229	0	49204
26141	45097	270	288	166	0	45821
26142	305	47604	218	119	0	48246
26143	281	262	47923	68	0	48534
26144	142	222	49033	54	0	49451
26145	135	163	403	47534	0	48235
26146	82	70	173	47485	0	47810
26147	76	49024	36	394	0	49530
26148	50422	239	31	255	0	50947
26149	285	227	33	50538	0	51083
26150	235	53105	30	266	0	53636
26151	100	55567	34	238	0	55939
26152	157	394	54844	72	0	55467
26153	94	240	55096	54	0	55484
26154	53039	68	391	70	0	53568
26155	289	94	55490	58	0	55931
26156	237	72	231	54404	0	54944
26157	120	68	191	56376	0	56755
26158	135	81	56647	408	0	57271
26159	98	66	245	55776	0	56185
26160	87	53	192	55746	0	56078
26161	55357	63	73	413	0	55906
26162	57244	70	73	258	0	57645
26163	426	59	72	57160	0	57717
26164	217	57512	73	304	0	58106
26165	88	59804	83	254	0	60229
26166	59914	405	85	97	0	60501
26167	332	255	60218	92	0	60897
26168	248	84	275	59718	0	60325
26169	61666	72	233	362	0	62333
26170	62203	78	84	293	0	62658
26171	496	80	73	62392	0	63041
26172	336	83	62946	297	0	63662
26173	153	98	60749	261	0	61261
26174	59095	65	502	130	0	59792
26175	62199	65	301	117	0	62682
26176	498	62938	101	174	0	63711
26177	295	64235	118	159	0	64807
26178	65412	462	88	181	0	66143
26179	66257	250	80	195	0	66782
26180	587	85	78	67263	0	68013
26181	348	84	65	68269	0	68766
26182	152	82	66	68539	0	68839
26183	67949	83	81	544	0	68657
26184	406	81	60	68432	0	68979
26185	363	109	69493	337	0	70302
26186	67480	78	314	318	0	68190
26187	348	109	238	69847	0	70542
26188	379	109	70628	314	0	71430
26189	67342	86	321	309	0	68058
26190	68923	102	255	132	0	69412
26191	513	73168	95	184	0	73960
26192	315	74395	95	144	0	74949
26193	262	500	73273	98	0	74133
26194	70866	293	324	164	0	71647
26195	366	75433	270	165	0	76234
26196	408	367	74662	99	0	75536
26197	70484	307	335	151	0	71277
26198	401	78563	283	228	0	79475
26199	400	392	78008	117	0	78917
26200	74086	313	338	134	0	74871
26201	392	78326	304	181	0	79203
26202	352	366	79	77912	0	78709
26203	77877	279	110	386	0	78652
26204	344	78497	89	557	0	79487
26205	365	693	99	77836	0	78993
26206	77487	273	160	420	0	78340
26207	394	97	78377	316	0	79184
26208	292	77953	302	207	0	78754
26209	307	382	76582	125	0	77396
26210	160	649	324	75096	0	76229
26211	150	85	75513	383	0	76131
26212	60	73734	249	323	0	74366
26213	96	71408	252	114	0	71870
26214	225	502	140	70308	0	71175
26215	44	183	38	68775	0	69040
26216	25	39	26	69543	0	69633
26217	74	62	70806	345	0	71287
26218	34	25	186	70863	0	71108
26219	70959	15	222	240	0	71436
26220	70006	25	27	240	0	70298
26221	439	68	72788	57	0	73352
26222	199	72735	189	85	0	73208
26223	72460	178	181	68	0	72887
26224	181	72518	40	92	0	72831
26225	72290	188	51	95	0	72624
26226	72152	181	39	81	0	72453
26227	397	66	71931	43	0	72437
26228	203	73323	203	136	0	73865
26229	65	203	186	73529	0	73983
26230	118	224	73693	202	0	74237
26231	70136	84	231	240	0	70691
26232	237	91	188	73389	0	73905
26233	273	58	73012	193	0	73536
26234	69443	26	237	239	0	69945
26235	367	68	74920	60	0	75415
26236	290	65	238	75037	0	75630
26237	80126	21	241	332	0	80720
26238	269	82286	54	346	0	82955
26239	347	274	83553	67	0	84241
26240	82290	282	291	109	0	82972
26241	87932	46	314	72	0	88364
26242	684	90521	61	126	0	91392
26243	459	409	46	91105	0	92019
26244	77	460	30	90620	0	91187
26245	89850	64	42	885	0	90841
26246	434	60	33	91049	0	91576
26247	577	90	91137	500	0	92304
26248	88	48	444	90104	0	90684
26249	89658	30	496	532	0	90716
26250	468	89117	81	696	0	90362
26251	534	522	40	86370	0	87466
26252	70	88942	38	531	0	89581
26253	88994	529	48	582	0	90153
26254	511	601	43	94245	0	95400
26255	599	80	45	96550	0	97274
26256	86	97015	57	1520	0	98678
26257	209	777	95637	844	0	97467
26258	72	788	771	95068	0	96699
26259	72	111	779	96481	0	97443
26260	100	82	101	96228	0	96511
26261	64	95352	89	1562	0	97067
26262	191	773	95892	896	0	97752
26263	201	815	97083	155	0	98254
26264	94727	113	1557	166	0	96563
26265	96646	80	910	109	0	97745
26266	1660	83	97604	104	0	99451
26267	95478	68	855	151	0	96552
26268	1014	80	99551	119	0	100764
26269	95799	93	959	138	0	96989
26270	903	99014	907	213	0	101037
26271	100551	852	200	151	0	101754
26272	1234	884	100615	122	0	102855
26273	1111	162	102250	158	0	103681
26274	186	119	1764	105972	0	108041
26275	109264	76	1015	1292	0	111647
26276	1264	114886	200	1277	0	117627
26277	1416	1393	125690	295	0	128794
26278	256	1327	1925	127552	0	131060
26279	202	192	1623	131595	0	133612
26280	129723	103	235	3587	0	133648
26281	130329	122	164	1879	0	132494
26282	3660	124	112	128780	0	132676
26283	130512	115	139	2174	0	132940
26284	2420	141	126765	1816	0	131142
26285	1881	137	2010	125263	0	129291
26286	345	109	1746	128688	0	130888
26287	127823	116	253	3754	0	131946
26288	127659	147	203	1968	0	129977
26289	3781	135	192	125221	0	129329
26290	126916	110	182	2191	0	129399
26291	2410	168	123611	1871	0	128060
26292	1884	122857	2096	477	0	127314
26293	519	2004	124827	321	0	127671
26294	363	2260	2208	123014	0	127845
26295	120882	272	1884	2283	0	125321
26296	2177	120937	360	2065	0	125539
26297	1909	2066	258	118898	0	123131
26298	473	1756	275	117167	0	119671
26299	349	117434	319	3769	0	121871
26300	337	2344	315	119311	0	122307
26301	424	1961	331	119615	0	122331
26302	440	290	302	121017	0	122049
26303	486	188	256	120803	0	121733
26304	534	183	296	118745	0	119758
26305	540	114710	373	4202	0	119825
26306	521	1977	330	117666	0	120494
26307	574	1756	314	117099	0	119743
26308	668	340	113103	4143	0	118254
26309	502	112455	2288	2469	0	117714
26310	640	2224	1901	113056	0	117821
26311	641	1777	500	113857	0	116775
26312	745	322	426	114162	0	115655
26313	617	110723	433	4379	0	116152
26314	869	2159	111227	2473	0	116728
26315	726	1883	2386	112344	0	117339
26316	741	423	113248	2749	0	117161
26317	770	344	111105	2404	0	114623
26318	667	452	3943	109771	0	114833
26319	110054	312	2173	2892	0	115431
26320	2481	379	562	111148	0	114570
26321	2155	355	408	109045	0	111963
26322	729	109021	434	4408	0	114592
26323	712	2211	365	111816	0	115104
26324	638	1891	766	112232	0	115527
26325	690	417	110477	4610	0	116194
26326	552	109962	2328	2821	0	115663
26327	559	2264	2013	111008	0	115844
26328	108213	1970	605	3041	0	113829
26329	2445	578	108956	2689	0	114668
26330	2049	503	2300	109267	0	114119
26331	597	511	2001	110472	0	113581
26332	107100	437	559	4661	0	112757
26333	2313	107140	462	3035	0	112950
26334	106499	2295	395	1497	0	110686
26335	2312	106141	442	1548	0	110443
26336	1913	2496	428	104319	0	109156
26337	102571	1936	473	3164	0	108144
26338	2407	513	101146	2825	0	106891
26339	1891	99019	2271	1601	0	104782
26340	614	100375	2044	1509	0	104542
26341	93791	3398	929	1204	0	99322
26342	2162	1931	595	90621	0	95309
26343	1770	90855	550	2876	0	96051
26344	579	93630	475	2625	0	97309
26345	651	3349	483	92453	0	96936
26346	617	1891	408	93817	0	96733
26347	89978	565	436	4255	0	95234
26348	2111	90287	523	2712	0	95633
26349	1780	2476	795	90347	0	95398
26350	672	1743	89258	2770	0	94443
26351	507	89135	2236	2549	0	94427
26352	770	2055	88199	1391	0	92415
26353	578	87329	2278	1375	0	91560
26354	1085	2387	2148	80554	0	86174
26355	665	1439	395	78558	0	81057
26356	560	78745	324	3290	0	82919
26357	572	1898	78675	2008	0	83153
26358	77435	1566	1708	1099	0	81808
26359	1748	650	1394	79672	0	83464
26360	1323	616	526	81591	0	84056
26361	553	606	80164	3323	0	84646
26362	427	672	1776	81186	0	84061
26363	501	653	80904	2431	0	84489
26364	468	777	1742	80720	0	83707
26365	488	614	81711	2412	0	85225
26366	344	80968	1742	2364	0	85418
26367	505	2002	83035	1223	0	86765
26368	499	1814	1735	82503	0	86551
26369	81362	678	1421	2582	0	86043
26370	1779	80607	382	2304	0	85072
26371	1566	2685	380	79723	0	84354
26372	785	1644	78568	2309	0	83306
26373	332	78727	1847	2025	0	82931
26374	526	2761	1396	70887	0	75570
26375	442	1454	71131	1659	0	74686
26376	225	63800	1329	1160	0	66514
26377	49236	1517	1470	821	0	53044
26378	45928	574	451	402	0	47355
26379	750	100	66	45843	0	46759
26380	45919	66	109	479	0	46573
26381	435	75	53	45480	0	46043
26382	341	53	54	46197	0	46645
26383	127	79	46755	801	0	47762
26384	63	67	412	46206	0	46748
26385	60	86	335	46456	0	46937
26386	45660	66	70	768	0	46564
26387	45067	51	64	443	0	45625
26388	694	45259	70	163	0	46186
26389	416	429	45486	114	0	46445
26390	97	516	420	44815	0	45848
26391	124	104	44650	472	0	45350
26392	41324	87	450	373	0	42234
26393	458	88	43000	135	0	43681
26394	338	150	382	41196	0	42066
26395	66	41937	312	419	0	42734
26396	63	370	97	41959	0	42489
26397	62	312	70	41884	0	42328
26398	85	82	42283	679	0	43129
26399	56	69	378	41949	0	42452
26400	41746	51	341	452	0	42590
26401	41804	56	75	376	0	42311
26402	42100	47	77	116	0	42340
26403	41927	58	62	120	0	42167
26404	624	41144	77	160	0	42005
26405	327	41642	78	155	0	42202
26406	103	598	102	40474	0	41277
26407	75	311	94	41315	0	41795
26408	66	40440	95	692	0	41293
26409	90	359	67	41367	0	41883
26410	106	316	69	41468	0	41959
26411	112	100	81	41597	0	41890
26412	89	101	95	41552	0	41837
26413	104	82	90	41726	0	42002
26414	40399	76	108	772	0	41355
26415	392	40126	118	497	0	41133
26416	375	415	39671	211	0	40672
26417	144	325	393	39804	0	40666
26418	102	136	350	39819	0	40407
26419	108	130	115	39915	0	40268
26420	39342	110	112	774	0	40338
26421	414	42385	104	541	0	43444
26422	418	556	109	41721	0	42804
26423	183	44171	109	759	0	45222
26424	183	775	102	42941	0	44001
26425	177	43351	101	862	0	44491
26426	228	780	45721	723	0	47452
26427	172	585	832	48663	0	50252
26428	204	196	57246	1123	0	58769
26429	150	146	1270	57459	0	59025
26430	180	128	921	61660	0	62889
26431	61998	128	248	2335	0	64709
26432	63194	133	160	1319	0	64806
26433	64453	107	169	459	0	65188
26434	64277	139	155	356	0	64927
26435	64094	127	167	334	0	64722
26436	2450	151	177	60289	0	63067
26437	1233	62011	185	1543	0	64972
26438	358	1383	163	62568	0	64472
26439	305	1060	61131	1671	0	64167
26440	60556	311	1380	1269	0	63516
26441	62477	159	1053	466	0	64155
26442	2418	128	248	61818	0	64612
26443	1324	121	153	61215	0	62813
26444	449	59950	154	2493	0	63046
26445	337	1310	122	62024	0	63793
26446	330	1037	135	60924	0	62426
26447	295	59925	157	2550	0	62927
26448	289	1367	148	61960	0	63764
26449	59360	1024	152	1784	0	62320
26450	1638	315	59470	1348	0	62771
26451	58656	218	1354	583	0	60811
26452	1652	203	59964	475	0	62294
26453	1215	195	1482	58536	0	61428
26454	419	199	1087	56904	0	58609
26455	294	57484	314	2501	0	60593
26456	321	59480	235	1481	0	61517
26457	357	2286	214	57738	0	60595
26458	386	1171	57627	1718	0	60902
26459	55857	279	1392	1361	0	58889
26460	1546	184	1037	56441	0	59208
26461	1172	56233	304	1764	0	59473
26462	557	1398	184	57477	0	59616
26463	475	1248	159	56034	0	57916
26464	430	55175	163	2527	0	58295
26465	603	1545	177	53863	0	56188
26466	493	929	50431	1590	0	53443
26467	386	387	49911	1121	0	51805
26468	325	602	1786	49761	0	52474
26469	244	52106	998	1242	0	54590
26470	341	1197	311	51898	0	53747
26471	52408	849	151	1414	0	54822
26472	53421	259	138	1040	0	54858
26473	52468	144	121	474	0	53207
26474	1961	51053	134	424	0	53572
26475	1011	1135	50873	380	0	53399
26476	50476	881	1096	384	0	52837
26477	52109	317	852	386	0	53664
26478	1880	50988	254	472	0	53594
26479	1045	1160	163	50811	0	53179
26480	51452	910	179	1326	0	53867
26481	52063	309	216	1059	0	53647
26482	53078	198	228	490	0	53994
26483	2092	158	268	50615	0	53133
26484	52079	165	237	1452	0	53933
26485	1438	170	228	52261	0	54097
26486	1108	229	198	52801	0	54336
26487	51804	213	202	2203	0	54422
26488	1467	237	188	52380	0	54272
26489	52211	267	224	1617	0	54319
26490	1599	259	207	52411	0	54476
26491	1245	234	198	53241	0	54918
26492	52027	310	182	2402	0	54921
26493	1636	265	51596	1461	0	54958
26494	1368	267	1198	52682	0	55515
26495	739	249	983	53547	0	55518
26496	678	239	313	53657	0	54887
26497	578	267	261	54356	0	55462
26498	555	271	219	52939	0	53984
26499	544	51342	235	2569	0	54690
26500	606	1276	250	52852	0	54984
26501	691	982	51728	1753	0	55154
26502	709	370	1181	53165	0	55425
26503	676	274	896	53533	0	55379
26504	626	286	275	55065	0	56252
26505	573	328	52787	2537	0	56225
26506	485	379	53061	1501	0	55426
26507	51543	311	1970	849	0	54673
26508	53437	265	1104	725	0	55531
26509	2177	54152	367	777	0	57473
26510	1348	1335	218	55521	0	58422
26511	590	1052	246	57700	0	59588
26512	493	376	305	59144	0	60318
26513	57315	299	291	2573	0	60478
26514	58488	273	289	1607	0	60657
26515	2231	265	254	58436	0	61186
26516	1229	320	217	59212	0	60978
26517	525	362	233	59902	0	61022
26518	460	342	218	59931	0	60951
26519	56649	280	339	2705	0	59973
26520	1502	272	55803	1577	0	59154
26521	1021	50703	1098	880	0	53702
26522	408	50553	709	720	0	52390
26523	48077	1364	393	635	0	50469
26524	1139	1892	562	46344	0	49937
26525	909	327	47226	1264	0	49726
26526	505	344	44068	832	0	45749
26527	266	43779	1167	576	0	45788
26528	34710	284	823	182	0	35999
26529	313	148	34336	112	0	34909
26530	28864	206	347	101	0	29518
26531	150	38	88	30537	0	30813
26532	57	22	15	30462	0	30556
26533	29	30193	10	218	0	30450
26534	15	31035	13	95	0	31158
26535	31013	122	17	54	0	31206
26536	30866	55	9	41	0	30971
26537	132	31137	9	54	0	31332
26538	50	87	30461	26	0	30624
26539	39	55	30830	32	0	30956
26540	30	96	127	30548	0	30801
26541	31501	14	81	114	0	31710
26542	133	31518	18	100	0	31769
26543	47	97	12	32399	0	32555
26544	32618	44	12	140	0	32814
26545	119	18	38	32925	0	33100
26546	76	12	3	33830	0	33921
26547	33572	8	5	196	0	33781
26548	123	33971	9	132	0	34235
26549	74	35159	18	55	0	35306
26550	30	192	35371	28	0	35621
26551	20	85	122	36019	0	36246
26552	25	16	91	36185	0	36317
26553	36	14	36600	212	0	36862
26554	31410	17	143	169	0	31739
26555	34742	9	92	67	0	34910
26556	223	22	36311	33	0	36589
26557	31612	16	150	91	0	31869
26558	162	29	37423	36	0	37650
26559	97	38483	132	48	0	38760
26560	33	131	93	39723	0	39980
26561	26	96	22	40571	0	40715
26562	40330	26	25	230	0	40611
26563	40349	12	14	134	0	40509
26564	40095	10	20	51	0	40176
26565	40194	16	22	35	0	40267
26566	40123	17	13	44	0	40197
26567	239	38	39283	29	0	39589
26568	117	39588	128	66	0	39899
26569	51	169	93	39379	0	39692
26570	31	40128	34	139	0	40332
26571	23	40204	20	140	0	40387
26572	30	204	22	39621	0	39877
26573	25	107	26	39724	0	39882
26574	52	45	39042	224	0	39363
26575	36136	26	129	144	0	36435
26576	38562	21	92	39	0	38714
26577	184	38172	32	74	0	38462
26578	38388	103	24	44	0	38559
26579	39189	79	34	57	0	39359
26580	191	60	15	38939	0	39205
26581	136	38	40241	118	0	40533
26582	94	36	39913	96	0	40139
26583	39666	14	165	46	0	39891
26584	40125	16	99	28	0	40268
26585	187	39948	26	36	0	40197
26586	100	41093	20	51	0	41264
26587	48	182	12	41931	0	42173
26588	42147	102	25	117	0	42391
26589	144	47	42548	135	0	42874
26590	101	15	139	43104	0	43359
26591	44324	15	109	178	0	44626
26592	44421	64	28	152	0	44665
26593	246	24	19	45037	0	45326
26594	45410	9	25	156	0	45600
26595	194	20	44274	119	0	44607
26596	147	34	46501	38	0	46720
26597	55	18	227	45808	0	46108
26598	43	16	127	47852	0	48038
26599	35	61	27	47601	0	47724
26600	29	47490	22	272	0	47813
26601	43	48033	14	169	0	48259
26602	22	249	16	48051	0	48338
26603	48186	134	16	187	0	48523
26604	145	29	20	49233	0	49427
26605	135	19	14	49216	0	49384
26606	39	49342	21	303	0	49705
26607	28	50488	23	176	0	50715
26608	40	230	24	50515	0	50809
26609	30	134	16	49259	0	49439
26610	48379	29	13	260	0	48681
26611	144	48005	27	166	0	48342
26612	48144	145	24	66	0	48379
26613	165	132	15	48360	0	48672
26614	163	39	47841	150	0	48193
26615	63	38	47240	154	0	47495
26616	47208	54	316	70	0	47648
26617	158	27	147	49725	0	50057
26618	140	26	37	50084	0	50287
26619	40	14	18	50447	0	50519
26620	68	37	50902	284	0	51291
26621	30	23	145	51142	0	51340
26622	34	51666	135	214	0	52049
26623	36	166	26	52753	0	52981
26624	35	146	19	52638	0	52838
26625	54	53734	24	346	0	54158
26626	41	197	14	54692	0	54944
26627	53530	162	30	258	0	53980
26628	222	54031	26	249	0	54528
26629	55933	249	14	95	0	56291
26630	56479	207	26	89	0	56801
26631	529	40	20	56842	0	57431
26632	289	34	18	56940	0	57281
26633	68	28	18	57738	0	57852
26634	78	38	55904	605	0	56625
26635	35	55666	299	379	0	56379
26636	34	56922	258	105	0	57319
26637	39	513	45	55910	0	56507
26638	55472	256	33	313	0	56074
26639	293	45	26	55484	0	55848
26640	313	89	56132	362	0	56896
26641	47	55909	268	331	0	56555
26642	47	56788	246	100	0	57181
26643	56369	470	89	113	0	57041
26644	56866	263	61	103	0	57293
26645	483	60174	39	164	0	60860
26646	60945	282	54	94	0	61375
26647	384	260	59931	43	0	60618
26648	317	73	59372	78	0	59840
26649	60424	33	583	76	0	61116
26650	61861	36	310	108	0	62315
26651	594	35	37	61763	0	62429
26652	62175	28	38	389	0	62630
26653	460	54	62694	321	0	63529
26654	380	51	66122	122	0	66675
26655	91	32	706	73005	0	73834
26656	53	35	375	80671	0	81134
26657	54	37	63	84086	0	84240
26658	61	49	39	87204	0	87353
26659	65	41	33	91101	0	91240
26660	149	78	88775	1878	0	90880
26661	84	42	944	89174	0	90244
26662	88677	35	921	1282	0	90915
26663	1011	52	135	89978	0	91176
26664	89504	36	86	1313	0	90939
26665	1132	44	78	89953	0	91207
26666	91607	44	114	1364	0	93129
26667	94030	53	80	1184	0	95347
26668	1928	56	70	93553	0	95607
26669	1076	44	87	94891	0	96098
26670	93820	48	98	2035	0	96001
26671	94050	50	74	1236	0	95410
26672	2112	100	95317	368	0	97897
26673	1163	83	1026	95570	0	97842
26674	383	49	877	97933	0	99242
26675	97119	57	169	2104	0	99449
26676	98282	57	122	1240	0	99701
26677	2119	56	97	98572	0	100844
26678	1167	58	150	99870	0	101245
26679	396	55	126	100344	0	100921
26680	296	101	122	99277	0	99796
26681	271	94441	141	2948	0	97801
26682	249	96640	131	1504	0	98524
26683	273	1889	101	96277	0	98540
26684	250	97373	180	1524	0	99327
26685	228	1114	147	99004	0	100493
26686	290	935	97597	1640	0	100462
26687	300	281	96213	1435	0	98229
26688	253	98509	1861	777	0	101400
26689	380	1219	1011	97783	0	100393
26690	378	1013	98067	1533	0	100991
26691	302	231	1170	97591	0	99294
26692	311	192	1040	99796	0	101339
26693	98532	143	314	2489	0	101478
26694	1380	186	215	101272	0	103053
26695	1259	129	103389	1700	0	106477
26696	594	140	104137	1454	0	106325
26697	468	103656	2009	811	0	106944
26698	432	108855	1129	788	0	111204
26699	110134	1815	360	789	0	113098
26700	1582	980	116041	724	0	119327
26701	1323	228	1243	116031	0	118825
26702	117105	130	1094	1699	0	120028
26703	116534	169	341	1567	0	118611
26704	2182	118643	293	895	0	122013
26705	1376	1249	259	118696	0	121580
26706	583	1033	258	121332	0	123206
26707	482	289	218	121612	0	122601
26708	118910	212	221	2700	0	122043
26709	1484	257	118430	1782	0	121953
26710	1201	120907	1209	1020	0	124337
26711	518	1217	1036	121632	0	124403
26712	439	1101	335	122937	0	124812
26713	434	395	122141	2662	0	125632
26714	386	293	1303	122127	0	124109
26715	379	253	1132	123638	0	125402
26716	416	261	387	124225	0	125289
26717	379	275	366	123928	0	124948
26718	452	295	121184	2965	0	124896
26719	336	259	1405	121872	0	123872
26720	434	307	123589	2155	0	126485
26721	357	122527	1479	2085	0	126448
26722	401	1250	1256	123049	0	125956
26723	478	1179	485	124846	0	126988
26724	514	385	122618	2857	0	126374
26725	446	121573	1363	2159	0	125541
26726	623	1460	1241	120832	0	124156
26727	650	1068	122336	1824	0	125878
26728	530	121876	1253	1805	0	125464
26729	583	1208	1102	122074	0	124967
26730	661	1034	122445	1762	0	125902
26731	544	425	1203	122108	0	124280
26732	588	273	1054	122824	0	124739
26733	476	314	462	125127	0	126379
26734	122976	343	353	2497	0	126169
26735	1245	122667	371	2047	0	126330
26736	123837	1126	384	1076	0	126423
26737	1428	1018	123581	987	0	127014
26738	126448	329	1191	1257	0	129225
26739	131021	270	1091	1194	0	133576
26740	1977	344	438	129918	0	132677
26741	132316	332	348	1978	0	134974
26742	132622	324	386	1769	0	135101
26743	134602	348	346	1203	0	136499
26744	2046	345	347	133445	0	136183
26745	1248	346	375	131059	0	133028
26746	475	293	128628	2388	0	131784
26747	432	293	125340	1614	0	127679
26748	122933	289	1879	894	0	125995
26749	1158	1058	1137	125345	0	128698
26750	875	128065	536	1610	0	131086
26751	127510	1040	742	1454	0	130746
26752	966	128490	457	921	0	130834
26753	943	127537	462	1036	0	129978
26754	1169	1871	122633	1017	0	126690
26755	620	891	122962	497	0	124970
26756	661	2330	1679	116368	0	121038
26757	400	253	121616	748	0	123017
26758	225	268	114965	460	0	115918
26759	109383	157	454	264	0	110258
26760	113508	56	207	211	0	113982
26761	284	66	56	115034	0	115440
26762	193	61	70	116739	0	117063
26763	165	123	118305	353	0	118946
26764	60	119559	201	311	0	120131
26765	84	250	161	120279	0	120774
26766	121753	143	69	445	0	122410
26767	212	71	62	122368	0	122713
26768	185	123753	69	401	0	124408
26769	246	269	123641	289	0	124445
26770	51	126335	223	194	0	126803
26771	126685	246	254	209	0	127394
26772	124456	230	62	183	0	124931
26773	451	101	68	123895	0	124515
26774	335	121	126295	293	0	127044
26775	161	145	122223	311	0	122840
26776	75	125167	545	206	0	125993
26777	130	326	369	123486	0	124311
26778	108	293	91	125572	0	126064
26779	182	115	124795	565	0	125657
26780	82	72	285	122469	0	122908
26781	64	128043	333	455	0	128895
26782	82	384	74	128962	0	129502
26783	85	393	63	129053	0	129594
26784	156	162	127862	859	0	129039
26785	88	130	441	125417	0	126076
26786	124534	49	546	580	0	125709
26787	569	120	125437	503	0	126629
26788	629	103	126235	146	0	127113
26789	70	127925	997	217	0	129209
26790	152	648	660	129509	0	130969
26791	101	583	116	133889	0	134689
26792	231	149	132660	1189	0	134229
26793	125274	68	700	822	0	126864
26794	682	75	714	131728	0	133199
26795	870	165	130408	685	0	132128
26796	128	100	688	126964	0	127880
26797	169	138	131333	776	0	132416
26798	275	127	128544	810	0	129756
26799	78	128621	1402	248	0	130349
26800	122	757	777	121110	0	122766
26801	45	125926	150	824	0	126945
26802	123691	711	125	771	0	125298
26803	804	790	125070	173	0	126837
26804	714	123657	733	225	0	125329
26805	102	710	751	123551	0	125114
26806	122267	740	178	822	0	124007
26807	644	123977	176	1012	0	125809
26808	726	737	115	124619	0	126197
26809	122	771	128	124150	0	125171
26810	74	124932	150	1520	0	126676
26811	125128	826	147	917	0	127018
26812	802	816	164	136286	0	138068
26813	848	187	153	141320	0	142508
26814	282	164	140263	2656	0	143365
26815	98	146571	1474	1757	0	149900
26816	120	1596	1495	148705	0	151916
26817	132	1500	400	162657	0	164689
26818	114	166962	363	3483	0	170922
26819	154	2280	198	170073	0	172705
26820	462	1961	375	175089	0	177887
26821	168	382	223	180916	0	181689
26822	75	180418	248	4769	0	185510
26823	179667	2393	224	2586	0	184870
26824	2604	2249	180991	633	0	186477
26825	176248	334	2566	523	0	179671
26826	2618	180311	2320	577	0	185826
26827	2259	2516	480	179414	0	184669
26828	634	2326	180701	2752	0	186413
26829	276	466	2603	182043	0	185388
26830	240	300	2400	182554	0	185494
26831	249	316	495	187853	0	188913
26832	406	398	183833	5051	0	189688
26833	193	183426	2698	3449	0	189766
26834	442	2591	186568	974	0	190575
26835	213	187776	2966	1070	0	192025
26836	531	2853	189925	779	0	194088
26837	267	2560	2989	187396	0	193212
26838	183782	654	2588	3352	0	190376
26839	2409	188641	682	3266	0	194998
26840	2427	2888	189665	1204	0	196184
26841	436	190218	2827	1215	0	194696
26842	590	3151	192492	1041	0	197274
26843	373	2710	2982	186693	0	192758
26844	516	923	2672	181071	0	185182
26845	391	187352	866	5347	0	193956
26846	436	193252	721	3364	0	197773
26847	192152	5036	674	1422	0	199284
26848	2876	3162	704	193922	0	200664
26849	2922	1151	194607	3802	0	202482
26850	768	912	3106	195038	0	199824
26851	748	937	197171	4090	0	202946
26852	689	959	196814	3742	0	202204
26853	588	799	5474	187835	0	194696
26854	484	191979	3329	3810	0	199602
26855	186133	3316	1172	3780	0	194401
26856	2957	3096	1058	184729	0	191840
26857	2790	1199	973	181856	0	186818
26858	703	184813	1087	5993	0	192596
26859	182983	3508	915	3780	0	191186
26860	184400	3227	1081	1665	0	190373
26861	5287	1269	1071	178077	0	185704
26862	3039	178364	1162	3995	0	186560
26863	812	185432	1143	3829	0	191216
26864	182424	5597	1141	1742	0	190904
26865	3139	3555	182583	1526	0	190803
26866	178991	1456	3717	1477	0	185641
26867	178878	1362	3410	1536	0	185186
26868	178902	1171	1342	1517	0	182932
26869	5268	175847	1083	1820	0	184018
26870	3150	3608	1124	176333	0	184215
26871	176385	3215	1196	3841	0	184637
26872	177014	1301	1063	3700	0	183078
26873	5063	175964	1277	2082	0	184386
26874	177662	3432	1123	1636	0	183853
26875	3259	3198	1090	177653	0	185200
26876	2888	1265	1108	177101	0	182362
26877	947	175885	1101	5888	0	183821
26878	959	3480	1021	179533	0	184993
26879	1044	3359	947	177936	0	183286
26880	905	176994	1007	6145	0	185051
26881	983	3564	917	168896	0	174360
26882	849	174954	944	4085	0	180832
26883	173186	3487	1021	3440	0	181134
26884	168696	3109	1079	1783	0	174667
26885	4951	169749	957	1962	0	177619
26886	3248	3290	167835	1623	0	175996
26887	1386	3728	2948	166780	0	174842
26888	1457	1505	167053	3440	0	173455
26889	1172	161331	3072	3595	0	169170
26890	1257	164037	2676	1744	0	169714
26891	156256	4575	1075	1223	0	163129
26892	3202	160960	869	1336	0	166367
26893	3202	3112	862	153468	0	160644
26894	1463	157738	923	3003	0	163127
26895	1452	159938	619	2954	0	164963
26896	157469	4695	689	1371	0	164224
26897	3201	2866	681	156431	0	163179
26898	2994	1369	155568	3211	0	163142
26899	1495	1258	154572	3121	0	160446
26900	1253	156319	4108	1723	0	163403
26901	154595	3163	2477	1368	0	161603
26902	2936	158423	1040	1269	0	163668
26903	2707	3455	636	158444	0	165242
26904	158192	2969	779	3238	0	165178
26905	3191	1416	605	161846	0	167058
26906	2851	1332	656	161142	0	165981
26907	1383	160579	619	5175	0	167756
26908	1367	3269	588	163545	0	168769
26909	1234	3120	162366	3450	0	170170
26910	159015	1329	2889	3005	0	166238
26911	2975	166565	2410	1664	0	173614
26912	2261	164098	709	1113	0	168181
26913	156814	3768	734	771	0	162087
26914	3025	2482	157821	767	0	164095
26915	148733	1650	2879	745	0	154007
26916	2268	163307	1953	857	0	168385
26917	1625	170422	615	560	0	173222
26918	760	3926	170484	351	0	175521
26919	389	175481	2593	550	0	179013
26920	543	2892	2328	160563	0	166326
26921	360	2662	344	159558	0	162924
26922	159	163405	142	3649	0	167355
26923	203	2135	94	164140	0	166572
26924	164644	1907	107	2247	0	168905
26925	2215	416	164173	1868	0	168672
26926	164543	255	2103	368	0	167269
26927	167759	229	1877	309	0	170174
26928	167378	234	264	247	0	168123
26929	4211	268	165880	185	0	170544
26930	2103	330	2129	164361	0	168923
26931	580	320	167646	2208	0	170754
26932	161397	225	2352	1959	0	165933
26933	160447	228	1945	371	0	162991
26934	3841	163526	359	405	0	168131
26935	2189	2425	174	160325	0	165113
26936	392	166305	281	2326	0	169304
26937	545	2447	166747	2027	0	171766
26938	411	2401	2303	165023	0	170138
26939	163950	591	2128	2553	0	169222
26940	164892	296	337	2132	0	167657
26941	4409	436	243	154871	0	159959
26942	2359	157914	306	2265	0	162844
26943	757	2359	162412	2085	0	167613
26944	526	2165	164699	415	0	167805
26945	156487	515	4474	398	0	161874
26946	2757	369	165169	321	0	168616
26947	2242	162198	2649	549	0	167638
26948	677	2498	2293	160231	0	165699
26949	523	2270	163069	2359	0	168221
26950	392	526	2581	161282	0	164781
26951	491	368	163581	2691	0	167131
26952	152609	353	2771	2355	0	158088
26953	2594	342	2334	155087	0	160357
26954	2355	157867	535	2519	0	163276
26955	599	161069	424	2405	0	164497
26956	586	4507	376	158576	0	164045
26957	505	2373	387	157802	0	161067
26958	503	156826	478	4522	0	162329
26959	747	2516	158185	2382	0	163830
26960	544	2261	2626	158114	0	163545
26961	652	598	162119	2609	0	165978
26962	572	426	158830	2381	0	162209
26963	147794	406	4617	658	0	153475
26964	2666	153321	2577	685	0	159249
26965	154402	2646	699	468	0	158215
26966	2871	2527	551	148226	0	154175
26967	2500	153100	612	2691	0	158903
26968	799	2822	625	155784	0	160030
26969	650	2647	622	153967	0	157886
26970	598	152786	657	4812	0	158853
26971	773	2911	152184	2756	0	158624
26972	676	2588	2766	152761	0	158791
26973	152135	781	2619	3054	0	158589
26974	2923	694	808	153385	0	157810
26975	2714	585	745	152567	0	156611
26976	1088	766	149962	4860	0	156676
26977	828	149003	3038	2990	0	155859
26978	924	2871	2680	148425	0	154900
26979	949	2676	149069	2928	0	155622
26980	886	1002	148740	2758	0	153386
26981	141867	886	5065	1110	0	148928
26982	2900	146416	2980	1242	0	153538
26983	145664	2944	1127	1007	0	150742
26984	3094	146279	919	1168	0	151460
26985	2755	147315	909	1298	0	152277
26986	144810	4946	834	1085	0	151675
26987	3201	2840	886	140436	0	147363
26988	2843	144378	979	3087	0	151287
26989	1267	2843	881	147547	0	152538
26990	145311	2510	824	3366	0	152011
26991	3478	861	146068	2851	0	153258
26992	3033	784	145381	1095	0	150293
26993	138051	735	5087	1105	0	144978
26994	3040	141224	3235	1115	0	148614
26995	3027	2791	141388	918	0	148124
26996	1174	141894	3247	1063	0	147378
26997	1153	3098	2836	138999	0	146086
26998	985	2837	140913	3168	0	147903
26999	802	1101	3066	140855	0	145824
27000	750	904	140576	3509	0	145739
27001	131403	824	3372	3128	0	138727
27002	2918	137182	2924	1451	0	144475
27003	137081	2793	1133	1070	0	142077
27004	3081	2810	942	127945	0	134778
27005	2516	141491	997	3087	0	148091
27006	141375	3123	1270	2690	0	148458
27007	142198	2778	1270	1155	0	147401
27008	4958	954	141457	1192	0	148561
27009	3001	881	141436	915	0	146233
27010	127326	945	4985	862	0	134118
27011	2474	130716	2977	1049	0	137216
27012	1975	126083	1208	967	0	130233
27013	2145	6216	2020	117311	0	127692
27014	1074	2154	119255	2372	0	124855
27015	712	115191	2431	2073	0	120407
27016	635	106345	1888	943	0	109811
27017	2345	2610	1038	80848	0	86841
27018	82756	915	469	1020	0	85160
27019	82981	224	191	920	0	84316
27020	84296	165	173	311	0	84945
27021	1667	181	83661	180	0	85689
27022	82881	178	892	237	0	84188
27023	84361	191	885	262	0	85699
27024	85590	209	209	201	0	86209
27025	1708	263	197	81582	0	83750
27026	914	83614	172	934	0	85634
27027	82839	897	167	854	0	84757
27028	871	83974	186	241	0	85272
27029	834	892	195	83127	0	85048
27030	244	860	85866	893	0	87863
27031	235	516	926	85077	0	86754
27032	221	202	868	86312	0	87603
27033	250	179	86192	1567	0	88188
27034	192	85059	874	975	0	87100
27035	265	1034	756	80902	0	82957
27036	79658	786	191	787	0	81422
27037	752	78692	123	803	0	80370
27038	78161	743	104	213	0	79221
27039	827	1180	102	75273	0	77382
27040	771	77571	108	679	0	79129
27041	78815	690	141	647	0	80293
27042	715	79915	173	151	0	80954
27043	734	660	78026	91	0	79511
27044	76705	846	933	230	0	78714
27045	77522	354	644	169	0	78689
27046	1239	78021	98	190	0	79548
27047	694	704	76107	75	0	77580
27048	118	79446	649	128	0	80341
27049	303	1113	780	66051	0	68247
27050	126	672	99	80074	0	80971
27051	130	144	65	80035	0	80374
27052	129	79727	58	1379	0	81293
27053	167	742	52	80049	0	81010
27054	150	720	77	79762	0	80709
27055	78305	165	58	1351	0	79879
27056	812	101	62	78609	0	79584
27057	792	74	66	79239	0	80171
27058	78448	79	62	1443	0	80032
27059	782	79533	61	838	0	81214
27060	80785	756	50	184	0	81775
27061	80218	781	73	132	0	81204
27062	80999	132	67	204	0	81402
27063	1452	139	93	80155	0	81839
27064	824	139	89	81606	0	82658
27065	252	165	80520	1460	0	82397
27066	236	165	79974	831	0	81206
27067	225	174	80320	199	0	80918
27068	74331	147	1498	215	0	76191
27069	937	165	79680	183	0	80965
27070	832	79727	832	244	0	81635
27071	283	850	763	79419	0	81315
27072	250	850	155	77154	0	78409
27073	270	80811	160	1378	0	82619
27074	311	899	81770	817	0	83797
27075	229	83024	807	284	0	84344
27076	82448	901	839	224	0	84412
27077	1007	882	83025	212	0	85126
27078	943	82707	891	309	0	84850
27079	356	927	84235	194	0	85712
27080	280	909	896	82612	0	84697
27081	308	271	84652	915	0	86146
27082	256	216	909	82436	0	83817
27083	83942	183	854	1028	0	86007
27084	1028	199	84262	1010	0	86499
27085	940	84486	879	396	0	86701
27086	84877	951	868	363	0	87059
27087	1038	907	86576	327	0	88848
27088	1023	238	86087	341	0	87689
27089	308	213	1604	84107	0	86232
27090	332	210	86133	1116	0	87791
27091	81804	204	970	1072	0	84050
27092	1000	85444	911	439	0	87794
27093	1054	1013	226	84069	0	86362
27094	343	89241	217	1045	0	90846
27095	89713	1035	241	1041	0	92030
27096	1127	978	89239	374	0	91718
27097	1128	281	91724	349	0	93482
27098	348	309	1857	90357	0	92871
27099	297	233	1128	91997	0	93655
27100	285	246	330	93710	0	94571
27101	331	266	289	94098	0	94984
27102	325	270	94297	1972	0	96864
27103	261	92979	1105	1310	0	95655
27104	348	1110	948	88344	0	90750
27105	222	883	85864	875	0	87844
27106	175	84926	908	937	0	86946
27107	83859	889	1109	312	0	86169
27108	1421	1132	327	82430	0	85310
27109	81459	191	250	923	0	82823
27110	756	81121	183	927	0	82987
27111	80867	765	220	305	0	82157
27112	874	808	82449	267	0	84398
27113	851	829	798	78258	0	80736
27114	228	81752	810	803	0	83593
27115	323	800	80546	808	0	82477
27116	183	80913	825	303	0	82224
27117	339	1232	835	68555	0	70961
27118	76419	685	238	774	0	78116
27119	695	76486	199	791	0	78171
27120	76230	645	205	263	0	77343
27121	791	657	75546	216	0	77210
27122	734	193	74647	214	0	75788
27123	73522	132	1298	231	0	75183
27124	722	320	862	74321	0	76225
27125	701	294	284	75069	0	76348
27126	213	138	77552	1207	0	79110
27127	225	162	76144	694	0	77225
27128	178	77385	1236	253	0	79052
27129	74591	920	952	369	0	76832
27130	72147	603	281	182	0	73213
27131	1017	71968	187	200	0	73372
27132	716	605	187	72227	0	73735
27133	72881	555	166	695	0	74297
27134	572	130	182	72773	0	73657
27135	73538	107	173	672	0	74490
27136	73483	110	155	665	0	74413
27137	75547	112	154	290	0	76103
27138	1076	153	141	74035	0	75405
27139	696	119	136	77079	0	78030
27140	76050	123	137	1118	0	77428
27141	76432	97	148	680	0	77357
27142	76431	109	155	180	0	76875
27143	1137	75285	152	244	0	76818
27144	73624	501	132	139	0	74396
27145	530	73558	115	222	0	74425
27146	72517	504	158	164	0	73343
27147	599	465	72022	138	0	73224
27148	65521	353	757	186	0	66817
27149	439	68124	410	149	0	69122
27150	365	67828	116	117	0	68426
27151	68069	613	162	120	0	68964
27152	397	351	76	68260	0	69084
27153	374	96	57	69510	0	70037
27154	94	70262	56	679	0	71091
27155	92	72815	68	400	0	73375
27156	73700	670	58	143	0	74571
27157	501	431	74954	81	0	75967
27158	430	114	427	76801	0	77772
27159	78320	68	414	536	0	79338
27160	604	102	78553	487	0	79746
27161	539	83286	524	178	0	84527
27162	87090	615	536	101	0	88342
27163	881	615	89375	90	0	90961
27164	771	154	821	91762	0	93508
27165	191	109	95691	992	0	96983
27166	90477	59	1025	855	0	92416
27167	926	96159	827	224	0	98136
27168	96917	988	274	134	0	98313
27169	95659	816	87	119	0	96681
27170	1754	127	67	94959	0	96907
27171	95708	86	56	1038	0	96888
27172	1055	138	65	96277	0	97535
27173	869	86	61	96407	0	97423
27174	201	113	93783	1742	0	95839
27175	132	93600	940	991	0	95663
27176	150	1040	833	93877	0	95900
27177	158	812	130	93900	0	95000
27178	128	124	70	94623	0	94945
27179	174	104	92640	1715	0	94633
27180	111	92162	903	975	0	94151
27181	162	927	746	92708	0	94543
27182	156	762	115	93287	0	94320
27183	179	147	92032	1632	0	93990
27184	135	127	870	90825	0	91957
27185	90826	76	783	1009	0	92694
27186	917	91269	114	916	0	93216
27187	90526	872	84	184	0	91666
27188	1090	774	89978	118	0	91960
27189	835	177	884	89524	0	91420
27190	91009	78	814	989	0	92890
27191	89794	85	162	838	0	90879
27192	1691	110	90402	183	0	92386
27193	952	269	926	88558	0	90705
27194	253	94	89457	934	0	90738
27195	84243	88	966	798	0	86095
27196	897	88321	779	256	0	90253
27197	89200	848	249	209	0	90506
27198	88540	687	132	164	0	89523
27199	1588	89755	181	224	0	91748
27200	90982	874	126	204	0	92186
27201	1066	762	90289	132	0	92249
27202	89473	161	903	169	0	90706
27203	1047	109	743	89812	0	91711
27204	908	139	91833	995	0	93875
27205	302	95	938	91615	0	92950
27206	247	111	802	92082	0	93242
27207	264	99	220	91254	0	91837
27208	243	91406	207	1723	0	93579
27209	91623	904	174	969	0	93670
27210	1064	800	177	91065	0	93106
27211	921	91613	211	1107	0	93852
27212	348	956	168	88754	0	90226
27213	315	90360	177	1342	0	92194
27214	410	1005	89879	966	0	92260
27215	324	803	980	89198	0	91305
27216	273	218	843	91377	0	92711
27217	338	219	90380	1806	0	92743
27218	82742	226	1022	1176	0	85166
27219	1043	89913	883	594	0	92433
27220	960	1029	309	90193	0	92491
27221	405	836	237	88844	0	90322
27222	377	278	282	89534	0	90471
27223	338	90201	266	1955	0	92760
27224	89480	1009	343	1173	0	92005
27225	1205	842	90585	609	0	93241
27226	1036	277	87844	523	0	89680
27227	387	241	1695	87015	0	89338
27228	377	203	971	88889	0	90440
27229	87924	224	332	1954	0	90434
27230	1123	88099	350	1278	0	90850
27231	1003	1036	343	88702	0	91084
27232	88011	902	301	1319	0	90533
27233	1222	339	312	87507	0	89380
27234	88167	229	297	1340	0	90033
27235	1333	284	85896	1147	0	88660
27236	1126	87123	1116	610	0	89975
27237	86844	1030	997	502	0	89373
27238	1345	923	86622	460	0	89350
27239	84400	274	1144	483	0	86301
27240	1316	256	85459	475	0	87506
27241	84953	207	1124	442	0	86726
27242	1302	258	929	84790	0	87279
27243	86168	257	338	1209	0	87972
27244	1291	213	306	85731	0	87541
27245	1059	252	317	86000	0	87628
27246	85101	199	306	1948	0	87554
27247	1193	84769	310	1284	0	87556
27248	1035	1043	279	85892	0	88249
27249	86936	891	304	1322	0	89453
27250	88441	316	251	1189	0	90197
27251	1826	281	276	87695	0	90078
27252	1210	264	222	89034	0	90730
27253	89009	268	266	2045	0	91588
27254	1446	282	224	90052	0	92004
27255	1153	343	236	88865	0	90597
27256	86844	245	261	2013	0	89363
27257	1379	273	313	85255	0	87220
27258	980	171	81386	1249	0	83786
27259	76294	140	1058	1067	0	78559
27260	1090	195	80925	410	0	82620
27261	838	165	74909	284	0	76196
27262	67962	588	2147	265	0	70962
27263	633	68268	796	217	0	69914
27264	702	558	496	64377	0	66133
27265	218	360	148	64837	0	65563
27266	119	67	48	67714	0	67948
27267	88	67	42	68419	0	68616
27268	68570	35	37	1018	0	69660
27269	72176	38	36	548	0	72798
27270	75705	33	46	162	0	75946
27271	1266	67	81255	125	0	82713
27272	772	27	901	84911	0	86611
27273	183	37	878	87337	0	88435
27274	133	55	129	86439	0	86756
27275	88	84975	103	2281	0	87447
27276	108	88219	61	1295	0	89683
27277	88526	2081	60	332	0	90999
27278	1199	1201	52	89334	0	91786
27279	1194	201	47	94009	0	95451
27280	223	91	53	97091	0	97458
27281	206	91	94411	2719	0	97427
27282	206	92	93524	1540	0	95362
27283	92770	58	2538	380	0	95746
27284	96410	36	1431	244	0	98121
27285	2615	54	248	93962	0	96879
27286	1455	95711	154	1423	0	98743
27287	322	1332	121	96229	0	98004
27288	251	1266	92	96791	0	98400
27289	242	197	94732	2696	0	97867
27290	92866	93	1339	1670	0	95968
27291	1483	60	1283	98268	0	101094
27292	1443	57	234	97455	0	99189
27293	95259	54	152	2820	0	98285
27294	1483	97805	150	1812	0	101250
27295	100282	1445	109	460	0	102296
27296	1937	1658	90	96923	0	100608
27297	1496	95570	76	1699	0	98841
27298	96461	1497	107	1554	0	99619
27299	1779	1440	137	95830	0	99186
27300	95743	242	99	1700	0	97784
27301	94250	126	97	1590	0	96063
27302	94496	97	93	454	0	95140
27303	3014	91563	139	395	0	95111
27304	1731	91256	140	338	0	93465
27305	469	2751	119	88581	0	91920
27306	307	91687	127	1615	0	93736
27307	91560	1609	125	1550	0	94844
27308	1651	1484	131	91478	0	94744
27309	92415	268	129	1730	0	94542
27310	92966	167	113	1683	0	94929
27311	3019	137	132	90884	0	94172
27312	1777	152	137	93876	0	95942
27313	93268	166	129	3132	0	96695
27314	94488	170	128	1922	0	96708
27315	97148	180	118	662	0	98108
27316	97876	193	90	600	0	98759
27317	99207	208	84	505	0	100004
27318	3357	204	95	96524	0	100180
27319	2006	226	94	97831	0	100157
27320	694	221	114	99370	0	100399
27321	96361	192	124	3448	0	100125
27322	1971	169	105	96191	0	98436
27323	1835	95471	133	2175	0	99614
27324	665	1631	135	97712	0	100143
27325	94976	1602	161	2047	0	98786
27326	95880	385	142	1877	0	98284
27327	3433	275	94048	603	0	98359
27328	2111	516	1512	90655	0	94794
27329	678	94095	1527	1904	0	98204
27330	94497	1660	265	1899	0	98321
27331	1880	96414	183	811	0	99288
27332	1923	1844	169	95596	0	99532
27333	97153	1627	169	1977	0	100926
27334	97599	365	133	1959	0	100056
27335	3498	96376	110	1149	0	101133
27336	2249	1667	88	96173	0	100177
27337	869	1661	95937	1983	0	100450
27338	93084	400	1579	1993	0	97056
27339	2185	272	96951	689	0	100097
27340	96894	276	1767	613	0	99550
27341	97617	272	1588	612	0	100089
27342	3605	289	238	96466	0	100598
27343	98966	271	127	2167	0	101531
27344	99424	293	99	2310	0	102126
27345	101044	310	80	965	0	102399
27346	3837	338	93	97753	0	102021
27347	99249	275	143	2098	0	101765
27348	2388	291	154	98769	0	101602
27349	2141	305	154	97663	0	100263
27350	853	96714	185	3450	0	101202
27351	856	1767	170	93745	0	96538
27352	803	96080	133	1951	0	98967
27353	93740	1680	87	1761	0	97268
27354	93655	1530	197	674	0	96056
27355	3253	389	78	91958	0	95678
27356	2096	308	73	92877	0	95354
27357	91566	203	98	3140	0	95007
27358	2088	226	89873	1923	0	94110
27359	91692	188	1437	658	0	93975
27360	2314	208	1360	89686	0	93568
27361	1995	207	87514	1855	0	91571
27362	87053	209	1428	1801	0	90491
27363	89150	207	1360	727	0	91444
27364	3325	202	87854	522	0	91903
27365	88117	168	1447	601	0	90333
27366	2081	234	86668	484	0	89467
27367	1893	85359	1410	501	0	89163
27368	84326	1522	2197	634	0	88679
27369	82259	1467	657	570	0	84953
27370	2602	78549	211	463	0	81825
27371	1304	72804	340	456	0	74904
27372	68054	1299	791	305	0	70449
27373	67718	683	249	259	0	68909
27374	1508	323	120	68337	0	70288
27375	897	123	67749	782	0	69551
27376	367	136	65944	698	0	67145
27377	66079	180	1165	262	0	67686
27378	866	122	67019	219	0	68226
27379	63061	466	1091	265	0	64883
27380	748	152	558	62144	0	63602
27381	611	62	103	62448	0	63224
27382	302	95	62943	913	0	64253
27383	62536	57	500	626	0	63719
27384	625	184	447	63740	0	64996
27385	569	51	136	71091	0	71847
27386	70024	38	91	1005	0	71158
27387	70479	50	77	610	0	71216
27388	70703	43	87	240	0	71073
27389	1013	71561	95	227	0	72896
27390	610	427	69171	150	0	70358
27391	67740	419	540	126	0	68825
27392	68698	90	451	114	0	69353
27393	823	67531	112	204	0	68670
27394	65489	321	297	128	0	66235
27395	576	300	105	64523	0	65504
27396	368	87	66386	311	0	67152
27397	65485	118	402	348	0	66353
27398	66711	88	414	191	0	67404
27399	67305	35	71	116	0	67527
27400	67517	47	48	92	0	67704
27401	610	42	57	67270	0	67979
27402	370	29	45	67639	0	68083
27403	67743	30	57	591	0	68421
27404	367	29	40	68001	0	68437
27405	345	20	57	67748	0	68170
27406	131	67392	53	632	0	68208
27407	135	358	45	68235	0	68773
27408	120	249	35	68571	0	68975
27409	112	101	51	68918	0	69182
27410	134	37	38	69067	0	69276
27411	117	68214	51	654	0	69036
27412	115	329	34	67679	0	68157
27413	122	399	42	66407	0	66970
27414	141	79	65913	563	0	66696
27415	134	60	63978	307	0	64479
27416	76	64940	468	135	0	65619
27417	70100	269	375	98	0	70842
27418	405	71860	73	115	0	72453
27419	405	411	44	75186	0	76046
27420	162	393	79694	484	0	80733
27421	83227	76	544	615	0	84462
27422	607	72	500	87534	0	88713
27423	88361	33	101	652	0	89147
27424	88498	25	60	670	0	89253
27425	1112	89017	65	295	0	90489
27426	89191	542	65	129	0	89927
27427	607	92559	63	175	0	93404
27428	642	1030	93	93118	0	94883
27429	97	95520	67	718	0	96402
27430	195	664	94721	680	0	96260
27431	77	96461	637	184	0	97359
27432	226	896	724	93962	0	95808
27433	93517	650	101	670	0	94938
27434	603	95423	59	816	0	96901
27435	724	678	41	95743	0	97186
27436	131	743	39	97398	0	98311
27437	153	115	97472	1482	0	99222
27438	105	94	762	97574	0	98535
27439	180	78	99040	853	0	100151
27440	94584	41	833	923	0	96381
27441	963	88	101817	154	0	103022
27442	918	101742	844	249	0	103753
27443	221	866	867	101635	0	103589
27444	185	901	110	101819	0	103015
27445	152	187	58	103501	0	103898
27446	103131	108	56	1834	0	105129
27447	959	158	42	102544	0	103703
27448	979	103142	104	997	0	105222
27449	101479	947	51	1048	0	103525
27450	873	102040	108	297	0	103318
27451	1043	997	78	101061	0	103179
27452	101337	1040	78	1002	0	103457
27453	925	101244	117	1162	0	103448
27454	1021	103710	110	359	0	105200
27455	103235	1776	121	253	0	105385
27456	103917	1047	100	279	0	105343
27457	1879	215	103322	240	0	105656
27458	104711	130	941	262	0	106044
27459	1121	174	107470	233	0	108998
27460	1156	157	1069	107249	0	109631
27461	311	182	108708	1148	0	110349
27462	212	177	1081	108636	0	110106
27463	275	188	110069	1235	0	111767
27464	214	239	1069	108003	0	109525
27465	216	174	1137	109868	0	111395
27466	108012	167	181	2229	0	110589
27467	1215	228	107456	1323	0	110222
27468	104108	204	1080	413	0	105805
27469	1243	224	107644	308	0	109419
27470	1320	224	107672	281	0	109497
27471	307	461	2058	105692	0	108518
27472	106755	201	1260	1223	0	109439
27473	1097	107344	257	1320	0	110018
27474	106876	1099	189	368	0	108532
27475	105950	1179	202	283	0	107614
27476	2128	105505	201	449	0	108283
27477	106263	1075	237	275	0	107850
27478	1284	1246	107032	289	0	109851
27479	1278	241	1127	106873	0	109519
27480	107000	171	1220	1226	0	109617
27481	1136	107799	308	1442	0	110685
27482	1251	1088	227	106328	0	108894
27483	299	1170	238	107304	0	109011
27484	294	235	229	108401	0	109159
27485	275	175	236	108917	0	109603
27486	106791	163	202	2307	0	109463
27487	107741	164	256	1470	0	109631
27488	109135	192	245	441	0	110013
27489	107945	158	248	383	0	108734
27490	2361	225	106435	325	0	109346
27491	106234	186	1139	332	0	107891
27492	107485	183	1237	346	0	109251
27493	2308	106748	308	402	0	109766
27494	1441	107996	257	437	0	110131
27495	493	2137	239	106685	0	109554
27496	435	1294	227	106520	0	108476
27497	365	332	105517	2203	0	108417
27498	353	106889	1130	1479	0	109851
27499	354	1130	1249	104924	0	107657
27500	347	108152	287	1270	0	110056
27501	376	1190	226	109578	0	111370
27502	427	1191	201	109097	0	110916
27503	347	112056	290	2393	0	115086
27504	391	1159	244	114017	0	115811
27505	440	1226	114635	1440	0	117741
27506	473	263	115510	1503	0	117749
27507	112108	186	2424	448	0	115166
27508	116932	171	1425	396	0	118924
27509	2516	115025	361	1432	0	119334
27510	117060	1204	229	358	0	118851
27511	1527	1399	247	115971	0	119144
27512	117074	280	226	1361	0	118941
27513	1460	116857	244	1702	0	120263
27514	2027	1251	115443	389	0	119110
27515	113187	1335	1833	465	0	116820
27516	1774	356	119910	380	0	122420
27517	1494	261	112481	304	0	114540
27518	659	321	112231	311	0	113522
27519	368	108190	2115	327	0	111000
27520	101765	1662	2365	554	0	106346
27521	99059	1047	407	436	0	100949
27522	1675	189	164	97319	0	99347
27523	1025	243	148	96453	0	97869
27524	270	99087	182	1687	0	101226
27525	99270	791	179	1054	0	101294
27526	920	100803	192	330	0	102245
27527	914	97937	189	299	0	99339
27528	95782	1379	405	292	0	97858
27529	1037	781	310	94801	0	96929
27530	837	138	160	95255	0	96390
27531	269	146	146	96025	0	96586
27532	215	94851	145	1545	0	96756
27533	94039	676	126	835	0	95676
27534	910	1078	167	92137	0	94292
27535	760	90698	120	748	0	92326
27536	219	90228	106	747	0	91300
27537	281	1395	195	86923	0	88794
27538	187	88894	117	635	0	89833
27539	285	841	117	87609	0	88852
27540	85514	657	172	764	0	87107
27541	650	194	84199	619	0	85662
27542	597	85342	508	234	0	86681
27543	364	693	582	85037	0	86676
27544	219	589	86498	550	0	87856
27545	82654	227	705	627	0	84213
27546	851	403	613	85826	0	87693
27547	85918	109	157	716	0	86900
27548	85383	96	105	656	0	86240
27549	1086	88790	103	258	0	90237
27550	89979	556	101	196	0	90832
27551	89603	588	107	203	0	90501
27552	90114	141	94	185	0	90534
27553	1206	110	73	88062	0	89451
27554	663	132	79	87935	0	88809
27555	201	141	88	88701	0	89131
27556	264	162	87158	1155	0	88739
27557	160	86757	554	699	0	88170
27558	85070	548	536	195	0	86349
27559	534	84736	112	197	0	85579
27560	474	566	87	83505	0	84632
27561	188	477	83035	514	0	84214
27562	77338	153	556	564	0	78611
27563	453	82906	464	176	0	83999
27564	512	528	74	82090	0	83204
27565	136	435	56	81987	0	82614
27566	150	157	81507	827	0	82641
27567	105	81654	446	552	0	82757
27568	104	557	414	81584	0	82659
27569	104	446	87	81824	0	82461
27570	120	131	57	80505	0	80813
27571	77993	87	77	924	0	79081
27572	556	150	78390	500	0	79596
27573	461	77872	457	208	0	78998
27574	76968	447	417	154	0	77986
27575	469	78169	88	214	0	78940
27576	478	570	71	76301	0	77420
27577	144	78438	59	552	0	79193
27578	75943	489	77	471	0	76980
27579	76718	444	49	222	0	77433
27580	887	140	63	78007	0	79097
27581	516	114	54	78992	0	79676
27582	172	95	51	81828	0	82146
27583	191	114	82406	1084	0	83795
27584	140	85255	593	745	0	86733
27585	135	809	593	95847	0	97384
27586	140	704	101	98160	0	99105
27587	142	139	75	99962	0	100318
27588	135	115	77	100199	0	100526
27589	205	161	98511	2202	0	101079
27590	121	104536	1038	1330	0	107025
27591	142	1281	1040	109435	0	111898
27592	135	1278	127	119048	0	120588
27593	215	277	118269	2800	0	121561
27594	174	179	1393	115438	0	117184
27595	122	116174	1535	1657	0	119488
27596	128	118484	258	1795	0	120665
27597	157	2959	145	116706	0	119967
27598	255	1690	114895	1664	0	118504
27599	106123	315	1501	1857	0	109796
27600	1391	113752	1602	681	0	117426
27601	1572	1472	112604	409	0	116057
27602	357	1586	113414	359	0	115716
27603	159	110479	2832	498	0	113968
27604	420	1532	112373	344	0	114669
27605	545	2369	1820	107315	0	112049
27606	107293	337	1701	1525	0	110856
27607	108268	242	353	1535	0	110398
27608	109750	207	309	404	0	110670
27609	111576	245	266	301	0	112388
27610	2802	112645	241	453	0	116141
27611	113864	1431	246	344	0	115885
27612	1629	115948	244	463	0	118284
27613	1813	1624	114042	296	0	117775
27614	491	1717	1504	110031	0	113743
27615	337	115162	1667	1578	0	118744
27616	295	1654	329	112991	0	115269
27617	110670	1757	234	1777	0	114438
27618	1576	431	248	108420	0	110675
27619	1612	111772	283	1825	0	115492
27620	112099	1589	265	1792	0	115745
27621	1718	1676	112204	524	0	116122
27622	1754	462	1530	111325	0	115071
27623	428	320	1661	112963	0	115372
27624	108534	331	369	3147	0	112381
27625	1588	108498	335	2165	0	112586
27626	1741	1692	107326	571	0	111330
27627	483	1817	1630	107036	0	110966
27628	409	480	108703	1850	0	111442
27629	319	105397	1681	2054	0	109451
27630	323	107480	1713	798	0	110314
27631	105852	2996	492	624	0	109964
27632	1662	1916	105793	614	0	109985
27633	107047	553	1763	637	0	110000
27634	1741	478	1809	103346	0	107374
27635	1655	106432	648	1851	0	110586
27636	106063	1772	460	1862	0	110157
27637	1733	1867	107336	757	0	111693
27638	1869	554	1669	106262	0	110354
27639	594	479	1829	107461	0	110363
27640	511	678	548	106271	0	108008
27641	457	105534	521	3389	0	109901
27642	102172	1837	511	2043	0	106563
27643	1684	104041	480	947	0	107152
27644	1683	103733	519	867	0	106802
27645	821	3030	606	102122	0	106579
27646	102146	1935	573	1879	0	106533
27647	102059	712	477	1912	0	105160
27648	102427	709	473	739	0	104348
27649	3026	97783	501	772	0	102082
27650	1945	1761	519	97466	0	101691
27651	829	1915	97877	1795	0	102416
27652	747	699	1648	98153	0	101247
27653	724	592	1812	95936	0	99064
27654	673	97815	611	3136	0	102235
27655	97979	1819	491	2115	0	102404
27656	1829	1965	522	95946	0	100262
27657	1907	98501	505	1942	0	102855
27658	98454	1828	529	2006	0	102817
27659	2011	1934	97775	847	0	102567
27660	97061	729	1644	808	0	100242
27661	1962	98456	1739	850	0	103007
27662	99651	1870	614	723	0	102858
27663	99364	1973	492	639	0	102468
27664	3193	935	98386	652	0	103166
27665	99103	763	1763	567	0	102196
27666	2161	650	101601	702	0	105114
27667	2128	710	101227	620	0	104685
27668	99086	642	3000	616	0	103344
27669	101035	641	1876	595	0	104147
27670	3377	683	101274	551	0	105885
27671	2166	618	1897	99791	0	104472
27672	959	540	1942	98678	0	102119
27673	825	103394	760	3106	0	108085
27674	103679	1737	669	1977	0	108062
27675	104959	1879	429	827	0	108094
27676	3492	740	104297	622	0	109151
27677	105130	648	1663	639	0	108080
27678	106076	595	1745	644	0	109060
27679	3326	104811	603	744	0	109484
27680	2174	1891	546	102986	0	107597
27681	1218	1899	474	103289	0	106880
27682	1044	766	489	102350	0	104649
27683	97383	543	534	2837	0	101297
27684	1781	94849	449	1920	0	98999
27685	1433	2095	281	81500	0	85309
27686	623	83172	266	1130	0	85191
27687	686	3910	350	75400	0	80346
27688	552	78983	257	1009	0	80801
27689	532	79063	374	1066	0	81035
27690	69033	2093	948	947	0	73021
27691	66945	1016	883	717	0	69561
27692	843	311	180	61204	0	62538
27693	484	116	132	61611	0	62343
27694	198	81	98	61973	0	62350
27695	151	65	74	62013	0	62303
27696	133	75	88	61524	0	61820
27697	131	60950	83	799	0	61963
27698	153	416	67	61597	0	62233
27699	154	390	64	61964	0	62572
27700	60227	133	96	744	0	61200
27701	546	79	67	61331	0	62023
27702	497	89	56	61065	0	61707
27703	243	135	61429	742	0	62549
27704	167	139	410	60717	0	61433
27705	207	470	412	62252	0	63341
27706	258	116	63536	832	0	64742
27707	150	64721	435	587	0	65893
27708	215	448	65461	203	0	66327
27709	246	389	64886	135	0	65656
27710	101	63393	671	150	0	64315
27711	62886	466	606	151	0	64109
27712	62297	268	136	117	0	62818
27713	556	65	24	61419	0	62064
27714	62670	31	33	435	0	63169
27715	453	55	64694	286	0	65488
27716	292	26	357	65763	0	66438
27717	164	51	71244	432	0	71891
27718	56	31	418	71702	0	72207
27719	60	41	280	72251	0	72632
27720	49	40	63	72948	0	73100
27721	71674	39	44	818	0	72575
27722	405	50	33	73075	0	73563
27723	73059	47	39	522	0	73667
27724	73464	53	39	398	0	73954
27725	671	73897	61	207	0	74836
27726	74109	390	56	141	0	74696
27727	426	76399	62	240	0	77127
27728	334	440	55	75359	0	76188
27729	121	300	75	77091	0	77587
27730	92	119	52	77970	0	78233
27731	140	100	76814	888	0	77942
27732	75	76884	490	584	0	78033
27733	111	539	355	72021	0	73026
27734	136	384	95	72928	0	73543
27735	91	76849	81	746	0	77767
27736	76553	506	51	417	0	77527
27737	534	75658	68	253	0	76513
27738	74876	513	48	186	0	75623
27739	539	76275	55	252	0	77121
27740	428	581	49	73134	0	74192
27741	142	76835	57	625	0	77659
27742	77647	541	53	528	0	78769
27743	78500	368	49	275	0	79192
27744	78641	123	49	298	0	79111
27745	78399	90	52	303	0	78844
27746	942	116	78807	202	0	80067
27747	78992	77	461	253	0	79783
27748	80590	66	338	283	0	81277
27749	80757	85	108	263	0	81213
27750	934	142	80312	200	0	81588
27751	79351	101	490	259	0	80201
27752	576	81187	352	315	0	82430
27753	81949	529	123	271	0	82872
27754	678	418	85454	265	0	86815
27755	84755	174	635	317	0	85881
27756	85843	115	363	249	0	86570
27757	838	156	119	85152	0	86265
27758	576	147	84812	636	0	86171
27759	84444	93	515	614	0	85666
27760	611	104	358	86078	0	87151
27761	483	150	151	87545	0	88329
27762	265	127	88285	885	0	89562
27763	83419	110	517	597	0	84643
27764	87567	97	412	298	0	88374
27765	869	87926	135	324	0	89254
27766	539	594	113	87008	0	88254
27767	278	408	102	87382	0	88170
27768	275	136	126	86689	0	87226
27769	236	87662	139	949	0	88986
27770	86509	546	103	511	0	87669
27771	661	398	109	86273	0	87441
27772	563	183	107	86534	0	87387
27773	84448	86	111	927	0	85572
27774	83964	116	99	567	0	84746
27775	940	103	136	84813	0	85992
27776	606	110	159	83937	0	84812
27777	318	151	81722	916	0	83107
27778	77169	101	473	584	0	78327
27779	625	82304	379	289	0	83597
27780	520	503	128	84845	0	85996
27781	320	400	105	86245	0	87070
27782	255	89654	87	1177	0	91173
27783	272	821	78	91986	0	93157
27784	96935	722	197	1193	0	99047
27785	1292	251	100	112190	0	113833
27786	1049	143	70	115736	0	116998
27787	351	147	68	119248	0	119814
27788	346	162	115854	3747	0	120109
27789	251	130	1720	118331	0	120432
27790	380	157	116098	2531	0	119166
27791	234	113657	1972	2028	0	117891
27792	350	1868	1713	113869	0	117800
27793	283	1462	468	117875	0	120088
27794	242	410	235	122817	0	123704
27795	152	235	209	126661	0	127257
27796	219	151	128	128584	0	129082
27797	124083	117	209	3932	0	128341
27798	1860	146	125528	2322	0	129856
27799	1537	123945	1723	1013	0	128218
27800	582	128773	1499	676	0	131530
27801	340	3073	417	134288	0	138118
27802	272	1790	246	138370	0	140678
27803	212	600	175	138805	0	139792
27804	216	136692	133	3882	0	140923
27805	227	1758	137	139264	0	141386
27806	274	1579	134826	2533	0	139212
27807	135	133523	1683	2149	0	137490
27808	215	2063	1482	133889	0	137649
27809	131071	1575	632	2379	0	135657
27810	1684	511	245	133149	0	135589
27811	1517	437	171	131471	0	133596
27812	455	126726	183	3548	0	130912
27813	344	132740	209	2347	0	135640
27814	312	2956	241	132115	0	135624
27815	293	1734	173	132135	0	134335
27816	271	563	129050	3707	0	133591
27817	197	502	1671	126962	0	129332
27818	198	305	1555	127774	0	129832
27819	162	310	543	127657	0	128672
27820	196	311	410	129000	0	129917
27821	124929	420	363	4233	0	129945
27822	126751	298	283	2856	0	130188
27823	3169	281	255	128135	0	131840
27824	1928	240	265	132112	0	134545
27825	128871	224	246	4615	0	133956
27826	2093	240	332	133798	0	136463
27827	1952	307	130211	3739	0	136209
27828	641	129917	2082	3361	0	136001
27829	562	2029	2031	131657	0	136279
27830	384	1892	828	133899	0	137003
27831	131115	802	577	4681	0	137175
27832	1942	648	419	135149	0	138158
27833	1807	555	453	136522	0	139337
27834	134276	443	323	5127	0	140169
27835	2158	495	261	136314	0	139228
27836	1945	135000	319	3883	0	141147
27837	750	2355	344	141828	0	145277
27838	595	2128	418	146177	0	149318
27839	489	888	417	147661	0	149455
27840	421	765	399	148177	0	149762
27841	488	754	141764	5689	0	148695
27842	468	718	141411	3940	0	146537
27843	285	681	3793	141859	0	146618
27844	284	636	2292	140146	0	143358
27845	290	140450	851	5542	0	147133
27846	359	2445	613	137795	0	141212
27847	362	139691	633	4165	0	144851
27848	136931	2730	604	3577	0	143842
27849	2240	142536	533	2379	0	147688
27850	2165	2844	364	143375	0	148748
27851	810	2412	252	146169	0	149643
27852	723	1018	141189	5759	0	148689
27853	136311	724	2164	4194	0	143393
27854	136961	678	2077	2514	0	142230
27855	4014	136464	816	2463	0	143757
27856	2561	2442	623	133364	0	138990
27857	1214	2219	138768	3705	0	145906
27858	700	140626	2414	3762	0	147502
27859	139329	2536	2199	2423	0	146487
27860	140253	2260	708	2239	0	145460
27861	4537	837	135326	2145	0	142845
27862	136969	627	2241	2111	0	141948
27863	3301	580	2064	134983	0	140928
27864	2728	136116	769	3794	0	143407
27865	136039	2425	570	3570	0	142604
27866	2951	2272	509	136161	0	141893
27867	137497	904	481	3851	0	142733
27868	140175	749	537	3744	0	145205
27869	4574	695	405	139176	0	144850
27870	2908	670	138757	4094	0	146429
27871	139133	556	2295	3955	0	145939
27872	143001	515	2188	2367	0	148071
27873	143768	471	819	2085	0	147143
27874	4855	143655	623	2193	0	151326
27875	3035	2484	513	143701	0	149733
27876	1269	2386	395	149220	0	153270
27877	985	1052	145443	5722	0	153202
27878	866	1209	2404	143501	0	147980
27879	674	142955	2323	4265	0	150217
27880	136665	2464	839	3533	0	143501
27881	2387	138396	645	2211	0	143639
27882	2307	2401	132109	1701	0	138518
27883	824	134105	2370	1641	0	138940
27884	707	131462	2213	1320	0	135702
27885	1617	2250	1440	107233	0	112540
27886	107414	1047	652	1175	0	110288
27887	107060	196	138	1170	0	108564
27888	106044	178	173	407	0	106802
27889	1859	106367	153	491	0	108870
27890	1164	993	104933	337	0	107427
27891	104763	957	972	337	0	107029
27892	106824	262	943	357	0	108386
27893	1869	105731	205	432	0	108237
27894	107301	985	169	356	0	108811
27895	1198	988	178	106708	0	109072
27896	1183	278	109879	1151	0	112491
27897	109725	223	995	1210	0	112153
27898	111102	204	1022	426	0	112754
27899	113651	237	194	382	0	114464
27900	2064	216	157	111547	0	113984
27901	1259	226	166	115193	0	116844
27902	422	225	148	119306	0	120101
27903	320	120180	199	2422	0	123121
27904	404	1288	187	128350	0	130229
27905	378	1293	143	133745	0	135559
27906	462	353	133856	2874	0	137545
27907	377	295	1521	135380	0	137573
27908	376	259	1481	137886	0	140002
27909	350	252	286	139170	0	140058
27910	354	271	228	138208	0	139061
27911	370	136876	247	3374	0	140867
27912	448	1628	210	138693	0	140979
27913	430	1605	187	137960	0	140182
27914	135663	354	237	3283	0	139537
27915	1934	297	136215	1957	0	140403
27916	1906	300	134937	590	0	137733
27917	132901	266	3081	490	0	136738
27918	136738	289	1706	472	0	139205
27919	3399	475	346	122509	0	126729
27920	1943	134682	261	1794	0	138680
27921	134919	1631	244	1616	0	138410
27922	2077	1821	236	130425	0	134559
27923	1766	135172	227	1866	0	139031
27924	132190	1487	250	1554	0	135481
27925	1670	133810	162	750	0	136392
27926	131872	1524	216	446	0	134058
27927	129107	1421	168	402	0	131098
27928	2792	126937	190	558	0	130477
27929	1637	1472	192	126764	0	130065
27930	613	1453	125921	1605	0	129592
27931	408	891	1359	124874	0	127532
27932	123962	261	1352	1723	0	127298
27933	1669	288	122307	1632	0	125896
27934	1451	121062	1391	729	0	124633
27935	537	2036	1283	119309	0	123165
27936	467	1342	118225	1590	0	121624
27937	270	115926	1407	1580	0	119183
27938	113157	1506	1349	767	0	116779
27939	1403	1227	299	113050	0	115979
27940	1306	281	226	113908	0	115721
27941	388	306	179	112761	0	113634
27942	279	112380	234	2602	0	115495
27943	112013	1247	201	1499	0	114960
27944	1301	112089	195	658	0	114243
27945	1302	113410	179	590	0	115481
27946	113228	2175	215	438	0	116056
27947	113074	1268	201	449	0	114992
27948	2404	357	110635	405	0	113801
27949	108623	288	1221	364	0	110496
27950	108026	247	1194	350	0	109817
27951	2425	293	246	106220	0	109184
27952	1584	317	105870	1356	0	109127
27953	532	231	1151	106587	0	108501
27954	106807	237	1163	1496	0	109703
27955	1552	248	108599	1403	0	111802
27956	1430	226	1283	113186	0	116125
27957	466	249	1229	120735	0	122679
27958	412	265	292	129836	0	130805
27959	128941	220	231	3699	0	133091
27960	2186	131228	242	2348	0	136004
27961	132918	2138	244	620	0	135920
27962	2517	1844	132711	593	0	137665
27963	2012	386	2144	129266	0	133808
27964	482	133891	1907	2583	0	138863
27965	134700	2202	345	2168	0	139415
27966	2426	1943	230	134732	0	139331
27967	2135	428	132848	2516	0	137927
27968	527	377	2119	132157	0	135180
27969	127913	271	1844	2583	0	132611
27970	2174	128239	405	2505	0	133323
27971	2002	2738	265	118303	0	123308
27972	500	127981	301	2317	0	131099
27973	125312	2226	363	1973	0	129874
27974	123776	1833	265	671	0	126545
27975	3657	122331	263	712	0	126963
27976	121694	2054	294	470	0	124512
27977	2395	1859	205	115702	0	120161
27978	1886	119721	232	2121	0	123960
27979	119553	2129	281	1754	0	123717
27980	121342	1743	224	534	0	123843
27981	3700	118196	273	532	0	122701
27982	2000	119117	248	493	0	121858
27983	117160	3289	281	382	0	121112
27984	2316	1973	167	116559	0	121015
27985	118727	419	223	2112	0	121481
27986	2427	381	153	118808	0	121769
27987	2006	399	116894	2221	0	121520
27988	621	337	1917	119331	0	122206
27989	117231	325	1561	2356	0	121473
27990	2408	363	119058	1834	0	123663
27991	1929	254	2011	118639	0	122833
27992	598	290	1626	122542	0	125056
27993	552	322	120653	3708	0	125235
27994	115868	264	2089	1965	0	120186
27995	2331	274	1646	119339	0	123590
27996	1899	289	115371	2259	0	119818
27997	107798	235	2105	1927	0	112065
27998	2021	114636	1699	740	0	119096
27999	1770	114842	422	664	0	117698
28000	537	116853	358	617	0	118365
28001	628	3254	110689	554	0	115125
28002	658	2893	2072	105355	0	110978
28003	644	467	107231	2114	0	110456
28004	562	2544	1847	95251	0	100204
28005	247	93701	1397	1816	0	97161
28006	292	92679	257	1363	0	94591
28007	654	2606	366	90021	0	93647
28008	89801	1234	337	1842	0	93214
28009	1520	322	142	91086	0	93070
28010	1184	355	147	90284	0	91970
28011	332	89904	163	2500	0	92899
28012	88428	1436	138	1275	0	91277
28013	1439	90454	158	518	0	92569
28014	1209	1577	163	89862	0	92811
28015	431	1222	154	89356	0	91163
28016	269	88903	207	2559	0	91938
28017	365	1504	176	90005	0	92050
28018	89046	1137	134	1870	0	92187
28019	1688	794	132	89755	0	92369
28020	1368	501	141	89680	0	91690
28021	653	89322	197	2499	0	92671
28022	541	1575	261	90594	0	92971
28023	87245	1216	266	1772	0	90499
28024	89419	486	183	1417	0	91505
28025	91517	475	175	605	0	92772
28026	2783	422	195	90706	0	94106
28027	1595	453	90102	1836	0	93986
28028	706	396	90710	1542	0	93354
28029	621	397	2433	90601	0	94052
28030	91488	496	1207	1815	0	95006
28031	1794	475	252	92749	0	95270
28032	94038	443	233	1967	0	96681
28033	1964	429	180	94663	0	97236
28034	1699	391	210	95276	0	97576
28035	94484	425	231	2704	0	97844
28036	2035	440	92665	1514	0	96654
28037	93084	409	1466	637	0	95596
28038	2065	431	93449	590	0	96535
28039	1634	361	1586	91953	0	95534
28040	93624	336	1244	1871	0	97075
28041	2035	398	95316	1392	0	99141
28042	1629	445	96173	474	0	98721
28043	94007	429	2607	529	0	97572
28044	2025	375	96867	601	0	99868
28045	1542	95204	1700	763	0	99209
28046	672	1560	1308	98635	0	102175
28047	103084	1265	492	2254	0	107095
28048	1881	331	105262	1689	0	109163
28049	106248	248	1796	804	0	109096
28050	108486	267	1536	633	0	110922
28051	109421	281	500	726	0	110928
28052	109145	285	484	754	0	110668
28053	2943	1074	493	103983	0	108493
28054	1595	106159	418	1989	0	110161
28055	103777	1585	525	1684	0	107571
28056	1833	1128	98427	662	0	102050
28057	988	87752	1044	438	0	90222
28058	80164	837	1170	302	0	82473
28059	709	77374	292	228	0	78603
28060	570	79006	152	209	0	79937
28061	1474	1198	802	76300	0	79774
28062	318	463	290	76970	0	78041
28063	130	111	80	77454	0	77775
28064	77467	66	92	1028	0	78653
28065	79418	54	76	610	0	80158
28066	1166	69	79	81741	0	83055
28067	648	52	81	85761	0	86542
28068	240	83	88136	1385	0	89844
28069	85918	50	893	859	0	87720
28070	90254	53	777	205	0	91289
28071	1644	80	147	89924	0	91795
28072	923	57	99	90845	0	91924
28073	321	81	90323	1687	0	92412
28074	167	120	948	90377	0	91612
28075	230	80	93782	1026	0	95118
28076	213	92802	1000	1093	0	95108
28077	290	872	94837	266	0	96265
28078	219	1095	1026	90999	0	93339
28079	219	141	96362	964	0	97686
28080	183	122	93852	874	0	95031
28081	92765	192	1833	239	0	95029
28082	1017	178	939	98909	0	101043
28083	982	115	99875	1016	0	101988
28084	93664	84	1086	1022	0	95856
28085	1171	102	101553	224	0	103050
28086	1098	126	106921	192	0	108337
28087	217	107689	1929	364	0	110199
28088	278	998	1076	106750	0	109102
28089	271	865	106882	1021	0	109039
28090	281	189	105058	945	0	106473
28091	245	169	1782	104520	0	106716
28092	206	101	1012	104318	0	105637
28093	197	105933	254	1953	0	108337
28094	235	926	183	107245	0	108589
28095	108318	841	173	1213	0	110545
28096	108732	125	200	1083	0	110140
28097	111296	94	161	408	0	111959
28098	1911	173	206	108333	0	110623
28099	1061	110218	232	1237	0	112748
28100	109476	951	234	1062	0	111723
28101	1017	111479	222	385	0	113103
28102	947	109867	265	302	0	111381
28103	240	110543	265	349	0	111397
28104	109711	1671	346	335	0	112063
28105	1004	900	253	109366	0	111523
28106	964	195	258	109267	0	110684
28107	242	110169	280	1881	0	112572
28108	108440	966	279	1058	0	110743
28109	1147	923	108748	292	0	111110
28110	968	185	1127	108784	0	111064
28111	109094	121	1039	1088	0	111342
28112	1006	111858	367	1156	0	114387
28113	115112	945	282	526	0	116865
28114	1122	952	276	114196	0	116546
28115	980	117260	284	1145	0	119669
28116	399	1009	115496	988	0	117892
28117	113112	894	1093	376	0	115475
28118	1106	216	990	117523	0	119835
28119	118997	170	288	1196	0	120651
28120	1145	424	247	117494	0	119310
28121	1045	117265	293	1291	0	119894
28122	448	992	120352	1063	0	122855
28123	465	985	120284	391	0	122125
28124	453	1108	1805	118277	0	121643
28125	119340	288	1324	1134	0	122086
28126	119173	219	303	982	0	120677
28127	1684	150	240	118203	0	120277
28128	983	188	223	118926	0	120320
28129	119965	155	269	1744	0	122133
28130	1083	212	224	120658	0	122177
28131	121377	181	252	1223	0	123033
28132	1051	120626	274	1143	0	123094
28133	120292	957	298	405	0	121952
28134	1287	923	123398	370	0	125978
28135	1078	263	1172	122929	0	125442
28136	424	220	1018	125707	0	127369
28137	387	274	332	126314	0	127307
28138	365	124011	326	2054	0	126756
28139	353	123379	334	1398	0	125464
28140	341	1709	309	123972	0	126331
28141	331	999	123137	1300	0	125767
28142	281	345	1090	123287	0	125003
28143	302	248	1041	124493	0	126084
28144	278	123176	389	2118	0	125961
28145	121306	949	371	1079	0	123705
28146	986	120769	354	492	0	122601
28147	971	120860	386	548	0	122765
28148	424	1693	377	119067	0	121561
28149	509	957	437	119616	0	121519
28150	404	242	293	120013	0	120952
28151	389	260	260	120677	0	121586
28152	117835	236	291	1793	0	120155
28153	943	118988	384	1321	0	121636
28154	120421	904	331	516	0	122172
28155	122757	919	358	564	0	124598
28156	1619	301	265	122511	0	124696
28157	1024	278	236	123850	0	125388
28158	123323	220	245	1841	0	125629
28159	123231	226	236	1303	0	124996
28160	1733	235	163	122619	0	124750
28161	1158	419	94	122981	0	124652
28162	621	331	122995	1766	0	125713
28163	463	122078	824	1200	0	124565
28164	433	125783	721	495	0	127432
28165	121071	1246	357	408	0	123082
28166	962	730	124247	328	0	126267
28167	791	244	118287	275	0	119597
28168	109977	355	1197	257	0	111786
28169	115250	111	621	207	0	116189
28170	703	122950	82	233	0	123968
28171	418	127059	97	239	0	127813
28172	242	744	85	127577	0	128648
28173	132494	369	99	751	0	133713
28174	133312	74	63	585	0	134034
28175	133500	78	50	366	0	133994
28176	739	181	47	132154	0	133121
28177	475	119	73	133363	0	134030
28178	258	151	133471	805	0	134685
28179	212	159	128515	462	0	129348
28180	255	148	133366	187	0	133956
28181	321	1634	670	128387	0	131012
28182	127539	40	441	396	0	128416
28183	383	104	132593	318	0	133398
28184	302	90	252	131200	0	131844
28185	95	135809	257	427	0	136588
28186	113	275	64	133347	0	133799
28187	94	267	26	133217	0	133604
28188	179	130	136512	603	0	137424
28189	78	89	375	135147	0	135689
28190	140443	64	392	540	0	141439
28191	737	130	147649	481	0	148997
28192	628	90	624	147407	0	148749
28193	209	118	153301	721	0	154349
28194	87	153790	754	913	0	155544
28195	319	836	155366	218	0	156739
28196	176	809	824	150404	0	152213
28197	114	153	730	155318	0	156315
28198	203	182	161015	1467	0	162867
28199	108	77	778	157725	0	158688
28200	126	93	733	158795	0	159747
28201	97	159277	175	1634	0	161183
28202	215	803	161554	850	0	163422
28203	118	735	785	161086	0	162724
28204	138	129	798	163414	0	164479
28205	100	165106	168	1714	0	167088
28206	125	897	108	167076	0	168206
28207	167321	814	115	999	0	169249
28208	838	132	113	168369	0	169452
28209	959	186	170135	977	0	172257
28210	165769	88	913	1157	0	167927
28211	176876	87	914	449	0	178326
28212	2131	142	181351	210	0	183834
28213	174152	77	1156	465	0	175850
28214	1193	184123	1155	512	0	186983
28215	1210	1188	233	187384	0	190015
28216	258	1191	169	202396	0	204014
28217	174	192	164	205323	0	205853
28218	155	139	144	207317	0	207755
28219	169	103	115	207817	0	208204
28220	204054	108	176	3448	0	207786
28221	1793	150	203386	1929	0	207258
28222	194246	83	1742	655	0	196726
28223	1944	158	201780	477	0	204359
28224	1692	123	1830	198875	0	202520
28225	201337	72	1723	1993	0	205125
28226	1852	160	335	200562	0	202909
28227	1696	204321	335	2029	0	208381
28228	210101	1627	377	1976	0	214081
28229	1967	1669	258	217961	0	221855
28230	1843	348	216683	2031	0	220905
28231	201771	224	1759	2056	0	205810
28232	1916	225319	1747	924	0	229906
28233	1947	1839	231435	510	0	235731
28234	509	1835	2031	227449	0	231824
28235	384	393	1900	227040	0	229717
28236	304	228608	430	3949	0	233291
28237	559	1893	228491	2162	0	233105
28238	307	1837	1938	227248	0	231330
28239	470	450	238613	2311	0	241844
28240	313	282	2108	235568	0	238271
28241	292	198	1958	237114	0	239562
28242	453	287	238863	4026	0	243629
28243	370	235	2126	238041	0	240772
28244	424	309	2172	223599	0	226504
28245	400	172	533	250841	0	251946
28246	409	188	476	252251	0	253324
28247	243586	162	438	4671	0	248857
28248	2570	264	243259	2724	0	248817
28249	249811	215	2388	1430	0	253844
28250	2663	303	2284	261708	0	266958
28251	2459	269	689	266613	0	270030
28252	665	261	470	266196	0	267592
28253	455	262618	625	6473	0	270171
28254	266122	2990	480	3306	0	272898
28255	2624	2368	501	294650	0	300143
28256	2421	296854	616	3422	0	303313
28257	610	2457	459	301077	0	304603
28258	302543	2295	531	3694	0	309063
28259	302011	553	546	3282	0	306392
28260	304431	441	608	1263	0	306743
28261	4790	303020	618	1495	0	309923
28262	2924	2588	305561	1197	0	312270
28263	302392	2342	2674	1386	0	308794
28264	313019	504	2531	1401	0	317455
28265	4778	313812	769	1431	0	320790
28266	314491	2497	546	1293	0	318827
28267	312159	2426	551	1263	0	316399
28268	315993	534	504	1238	0	318269
28269	5178	326994	636	1480	0	334288
28270	3224	2547	536	327860	0	334167
28271	334105	2482	632	3761	0	340980
28272	339286	619	514	3396	0	343815
28273	337560	478	460	1583	0	340081
28274	338601	434	447	1399	0	340881
28275	5622	457	438	333144	0	339661
28276	3547	708	334646	3558	0	342459
28277	1375	451	2896	333645	0	338367
28278	1053	340358	2834	3954	0	348199
28279	1147	2830	646	351387	0	356010
28280	1286	2865	351459	3785	0	359395
28281	346012	633	3164	3926	0	353735
28282	3834	523	3055	360439	0	367851
28283	359759	486	783	4113	0	365141
28284	361227	589	599	4257	0	366672
28285	6493	551	602	366014	0	373660
28286	4273	591	371787	3966	0	380617
28287	2264	684	352772	3619	0	359339
28288	331424	751	5917	1613	0	339705
28289	3733	363700	3228	1711	0	372372
28290	3404	362946	799	1723	0	368872
28291	1422	367483	664	1596	0	371165
28292	1450	374907	813	1443	0	378613
28293	363955	5493	1585	1247	0	372280
28294	365513	2912	717	1218	0	370360
28295	366199	748	441	1121	0	368509
28296	367022	685	489	1096	0	369292
28297	5724	838	468	355889	0	362919
28298	3445	358216	531	3384	0	365576
28299	358347	2625	733	3074	0	364779
28300	3742	2758	360368	1111	0	367979
28301	3368	361162	2724	1719	0	368973
28302	1723	2787	360933	1055	0	366498
28303	351660	2572	3002	1165	0	358399
28304	362797	690	2625	1130	0	367242
28305	362684	714	759	1161	0	365318
28306	5739	632	572	360458	0	367401
28307	3836	729	362682	3002	0	370249
28308	1579	361294	2628	3504	0	369005
28309	351671	2657	2649	1248	0	358225
28310	3289	356931	763	1511	0	362494
28311	3132	351000	510	1696	0	356338
28312	1425	351661	520	1358	0	354964
28313	1359	351428	608	1300	0	354695
28314	1843	4248	331057	826	0	337974
28315	1494	344315	2493	1280	0	349582
28316	324107	2204	2226	1048	0	329585
28317	2273	1862	415	326519	0	331069
28318	2196	679	379	330023	0	333277
28319	327132	447	388	3240	0	331207
28320	2154	325470	477	2505	0	330606
28321	2562	2005	330391	744	0	335702
28322	1147	1825	1644	329232	0	333848
28323	1083	560	1691	337396	0	340730
28324	1074	630	477	340337	0	342518
28325	1168	695	335800	3199	0	340862
28326	1166	751	334452	1928	0	338297
28327	1171	661	3006	332310	0	337148
28328	1275	667	336497	1767	0	340206
28329	1256	715	320116	1656	0	323743
28330	275504	679	3324	907	0	280414
28331	2061	321890	1805	997	0	326753
28332	1929	315333	499	772	0	318533
28333	1289	323685	505	815	0	326294
28334	1289	3565	671	310379	0	315904
28335	776	327231	588	1646	0	330241
28336	326802	1731	698	1680	0	330911
28337	2213	1871	329505	649	0	334238
28338	330186	619	1846	850	0	333501
28339	2340	600	1888	340292	0	345120
28340	2376	593	537	344606	0	348112
28341	766	358183	574	4011	0	363534
28342	357364	2379	562	2566	0	362871
28343	356971	2520	1168	807	0	361466
28344	5036	380963	554	1275	0	387828
28345	3126	4044	556	375794	0	383520
28346	1264	3280	384000	3169	0	391713
28347	1156	967	389839	3160	0	395122
28348	646	394029	6258	1470	0	402403
28349	390765	4227	3995	1367	0	400354
28350	4319	3537	396403	419	0	404678
28351	4052	907	3732	384538	0	393229
28352	397020	562	3779	3634	0	404995
28353	401241	489	793	3765	0	406288
28354	7127	472162	751	1224	0	481264
28355	4222	491477	636	1146	0	497481
28356	493482	10494	606	628	0	505210
28357	6854	5865	494017	521	0	507257
28358	492052	1255	6459	592	0	500358
28359	498650	777	5490	642	0	505559
28360	11811	855	1129	492471	0	506266
28361	6673	938	507602	6392	0	521605
28362	1863	854	504115	5462	0	512294
28363	480237	604	12527	1314	0	494682
28364	7913	868	512261	761	0	521803
28365	482343	868	7928	799	0	491938
28366	503086	663	6247	712	0	510708
28367	12348	502633	1530	1429	0	517940
28368	7424	7024	504698	607	0	519753
28369	1863	499022	7457	960	0	509302
28370	487542	7308	6614	825	0	502289
28371	7847	6416	486854	601	0	501718
28372	6926	2141	7483	461737	0	478287
28373	2692	1030	489458	6672	0	499852
28374	2459	933	489281	5737	0	498410
28375	2479	956	493906	966	0	498307
28376	2520	944	491826	785	0	496075
28377	1697	470791	13761	1717	0	487966
28378	2689	7400	476207	913	0	487209
28379	1820	466820	8503	1641	0	478784
28380	2669	7407	466238	1125	0	477439
28381	450290	6119	8979	941	0	466329
28382	8791	1694	6998	410345	0	427828
28383	7040	462768	2766	5652	0	478226
28384	457056	7130	2430	5266	0	471882
28385	458652	6289	2692	1334	0	468967
28386	452337	1931	2496	967	0	457731
28387	455107	1462	2809	782	0	460160
28388	13256	451634	2986	1329	0	469205
28389	450654	7277	2395	1019	0	461345
28390	449446	6567	2808	1023	0	459844
28391	13098	438677	2800	1996	0	456571
28392	7973	7857	432399	811	0	449040
28393	3124	7187	8567	414203	0	433081
28394	2851	436440	8148	6783	0	454222
28395	3055	7849	438845	5826	0	455575
28396	3330	7044	443572	1518	0	455464
28397	2963	434710	14630	1586	0	453889
28398	2990	442500	8749	1438	0	455677
28399	2911	462235	3950	1485	0	470581
28400	3007	462763	3329	1310	0	470409
28401	445635	14791	3270	980	0	464676
28402	449579	8960	3178	1081	0	462798
28403	15873	3372	457322	1226	0	477793
28404	9939	2966	464701	1077	0	478683
28405	4498	2730	15688	443488	0	466404
28406	4194	2685	9674	458415	0	474968
28407	4206	2945	4021	464619	0	475791
28408	449969	2977	3779	13942	0	470667
28409	10492	457097	3992	8286	0	479867
28410	9743	476651	3920	2653	0	492967
28411	4735	487271	4148	2133	0	498287
28412	471789	17028	3932	1385	0	494134
28413	480524	10168	3919	1462	0	496073
28414	18274	4541	3774	470546	0	497135
28415	488988	3624	4508	8782	0	505902
28416	491355	3671	4137	7825	0	506988
28417	19026	3788	3947	485116	0	511877
28418	489563	4041	4208	9735	0	507547
28419	12829	483985	5061	8952	0	510827
28420	12070	11053	5223	486499	0	514845
28421	6286	10527	480223	9370	0	506406
28422	5441	478993	13138	9118	0	506690
28423	6204	11954	488377	2837	0	509372
28424	5861	11011	13231	445479	0	475582
28425	5597	485304	12666	9259	0	512826
28426	6149	11259	6660	480580	0	504648
28427	5552	10749	6304	488356	0	510961
28428	6111	4449	484749	16675	0	511984
28429	5919	4133	508508	9757	0	528317
28430	5408	4190	20169	497035	0	526802
28431	5616	4582	13443	461983	0	485624
28432	5494	506138	6663	16858	0	535153
28433	477987	12931	5627	9321	0	505866
28434	13011	502488	5831	3995	0	525325
28435	11971	504372	5490	3787	0	525620
28436	6042	19908	480444	3267	0	509661
28437	4367	491663	13062	3876	0	512968
28438	5026	13752	12868	435199	0	466845
28439	4736	482966	6118	10163	0	503983
28440	4883	13613	5557	447227	0	471280
28441	3759	468654	5403	10632	0	488448
28442	453288	12465	5003	8684	0	479440
28443	11299	466453	4982	3903	0	486637
28444	9413	13153	4104	396965	0	423635
28445	4181	438784	4016	8499	0	455480
28446	425928	11562	4437	7259	0	449186
28447	423213	10131	3104	2915	0	439363
28448	15825	419059	2796	2875	0	440555
28449	410590	10586	2601	2242	0	426019
28450	11872	14344	2958	387834	0	417008
28451	9364	4197	399661	8590	0	421812
28452	5346	4242	403334	7016	0	419938
28453	4181	396500	14242	3620	0	418543
28454	308857	6202	8038	1847	0	324944
28455	304378	4847	1787	1330	0	312342
28456	8414	1701	298925	1216	0	310256
28457	4845	1426	296736	1173	0	304180
28458	281220	1585	7756	1245	0	291806
28459	293036	1382	4321	1236	0	299975
28460	7610	1483	287331	1177	0	297601
28461	269288	1527	4316	1149	0	276280
28462	4383	274921	4001	1302	0	284607
28463	3734	280953	1175	1336	0	287198
28464	1765	7810	1687	270355	0	281617
28465	1388	4370	1141	274950	0	281849
28466	270822	1657	966	7039	0	280484
28467	270277	1299	1019	4274	0	276869
28468	271822	1405	1031	1538	0	275796
28469	7068	1428	893	265764	0	275153
28470	4280	1660	783	264553	0	271276
28471	1446	258304	876	7203	0	267829
28472	1226	264504	995	4261	0	270986
28473	1235	271710	985	1643	0	275573
28474	1450	7961	940	245134	0	255485
28475	1358	261888	971	4047	0	268264
28476	1498	4762	251861	3594	0	261715
28477	235895	4359	3854	1455	0	245563
28478	4510	2002	258387	1200	0	266099
28479	4075	1824	255716	1163	0	262778
28480	240810	1794	6574	1097	0	250275
28481	4373	253393	3708	1374	0	262848
28482	256726	4490	1089	1269	0	263574
28483	256384	4255	1097	1408	0	263144
28484	7313	1834	254747	1174	0	265068
28485	4604	1693	257075	1085	0	264457
28486	1888	256584	6663	1443	0	266578
28487	2004	4633	259253	1289	0	267179
28488	1897	4637	4418	253456	0	264408
28489	1764	2018	4023	234501	0	242306
28490	1624	256821	1591	6512	0	266548
28491	1604	263698	1501	3984	0	270787
28492	259116	7518	1191	1586	0	269411
28493	266064	4805	1199	1526	0	273594
28494	7460	2108	1229	263017	0	273814
28495	4755	1793	1291	268129	0	275968
28496	261672	1648	1398	6846	0	271564
28497	262263	1639	1458	4041	0	269401
28498	7148	264573	1432	1695	0	274848
28499	250981	3972	1132	1014	0	257099
28500	4386	245366	1056	999	0	251807
28501	3895	249643	1021	1046	0	255605
28502	245864	6312	1453	1004	0	254633
28503	244428	3917	1289	973	0	250607
28504	6676	1871	796	238768	0	248111
28505	240291	1346	810	3327	0	245774
28506	4569	1298	235820	3005	0	244692
28507	3924	237258	3088	1301	0	245571
28508	233556	3393	3300	1298	0	241547
28509	3932	3146	232611	1089	0	240778
28510	3273	3975	3063	203233	0	213544
28511	1506	214764	2733	2454	0	221457
28512	1569	216796	1060	2257	0	221682
28513	213942	4342	1647	878	0	220809
28514	3271	2738	210065	704	0	216778
28515	197881	812	2567	456	0	201716
28516	3383	1035	2359	200075	0	206852
28517	2703	618	199791	1971	0	205083
28518	190684	656	2422	2114	0	195876
28519	2658	202966	2124	714	0	208462
28520	2238	207510	836	600	0	211184
28521	206015	3690	1427	704	0	211836
28522	205328	2117	771	705	0	208921
28523	206933	804	397	830	0	208964
28524	4074	1200	483	200532	0	206289
28525	2645	1140	595	203310	0	207690
28526	1280	475	201993	3147	0	206895
28527	1163	597	198336	1991	0	202087
28528	892	198446	3037	1016	0	203391
28529	1169	2762	1890	179129	0	184950
28530	176508	1164	583	1118	0	179373
28531	1184	176337	234	1371	0	179126
28532	1218	1381	208	176648	0	179455
28533	175885	1143	259	1172	0	178459
28534	1224	176476	248	1244	0	179192
28535	1241	180540	193	496	0	182470
28536	919	1928	170669	276	0	173792
28537	168041	1368	1294	397	0	171100
28538	175518	496	1206	415	0	177635
28539	1872	341	172503	284	0	175000
28540	159877	259	976	254	0	161366
28541	1109	307	171287	195	0	172898
28542	864	167671	848	284	0	169667
28543	930	1501	1200	164461	0	168092
28544	162611	822	424	794	0	164651
28545	798	163021	206	761	0	164786
28546	776	162835	168	300	0	164079
28547	156518	1024	226	220	0	157988
28548	732	724	160705	147	0	162308
28549	153461	300	697	318	0	154776
28550	629	164193	643	301	0	165766
28551	765	564	155409	110	0	156848
28552	153204	542	558	170	0	154474
28553	159691	163	445	159	0	160458
28554	886	134	94	156638	0	157752
28555	548	107	87	160013	0	160755
28556	190	158865	98	921	0	160074
28557	264	601	157318	516	0	158699
28558	195	500	493	157585	0	158773
28559	245	192	167934	646	0	169017
28560	244	169	169211	601	0	170225
28561	174	158	1234	173368	0	174934
28562	262	151	181430	910	0	182753
28563	295	144	178923	850	0	180212
28564	188	145	1785	168576	0	170694
28565	223	173	179984	981	0	181361
28566	160548	145	1168	978	0	162839
28567	954	174599	970	441	0	176964
28568	1052	959	178293	153	0	180457
28569	414	930	187012	125	0	188481
28570	265	341	1790	177848	0	180244
28571	190748	136	1001	1055	0	192940
28572	191051	112	226	1012	0	192401
28573	190836	111	164	215	0	191326
28574	191425	123	180	202	0	191930
28575	1896	126	165	185028	0	187215
28576	1139	171	190604	973	0	192887
28577	187545	112	1012	1072	0	189741
28578	194161	124	938	252	0	195475
28579	194717	112	238	244	0	195311
28580	2030	159	189312	163	0	191664
28581	175100	119	1135	269	0	176623
28582	1115	324	1034	193391	0	195864
28583	1012	198525	324	1184	0	201045
28584	426	1690	301	190967	0	193384
28585	232	196329	292	1203	0	198056
28586	194627	1143	339	1072	0	197181
28587	1275	1089	197651	321	0	200336
28588	1111	675	1337	189168	0	192291
28589	245	197690	1272	1209	0	200416
28590	211	201535	419	1247	0	203412
28591	199732	2089	617	255	0	202693
28592	198384	1146	356	250	0	200136
28593	2337	301	189943	222	0	192803
28594	189887	186	1416	233	0	191722
28595	1432	158	1276	191822	0	194688
28596	1497	179	198555	1280	0	201511
28597	644	199	198310	1193	0	200346
28598	506	158	2283	198760	0	201707
28599	211007	107	1314	1747	0	214175
28600	1778	129	305	211518	0	213730
28601	1669	98	283	212535	0	214585
28602	525	117	295	210633	0	211570
28603	447	212943	327	3080	0	216797
28604	513	1455	285	215393	0	217646
28605	207735	1380	258	1796	0	211169
28606	1689	212346	316	2297	0	216648
28607	1665	1609	255	214645	0	218174
28608	211875	1522	265	1827	0	215489
28609	1677	212255	309	1816	0	216057
28610	1603	215335	335	615	0	217888
28611	432	3270	291	213777	0	217770
28612	210162	1711	315	1824	0	214012
28613	1894	410	211781	1733	0	215818
28614	1912	384	210935	448	0	213679
28615	209329	307	3292	431	0	213359
28616	217839	305	1849	385	0	220378
28617	3492	223694	526	584	0	228296
28618	2088	1985	434	217562	0	222069
28619	813	1818	220716	1930	0	225277
28620	665	364	218372	1907	0	221308
28621	627	338	234173	553	0	235691
28622	474	231946	4226	716	0	237362
28623	404	234652	2376	730	0	238162
28624	233546	3796	664	671	0	238677
28625	2527	2113	234661	540	0	239841
28626	230296	396	2356	599	0	233647
28627	234260	267	2155	614	0	237296
28628	4406	379	239647	621	0	245053
28629	2358	246688	2388	811	0	252245
28630	776	2689	2200	246575	0	252240
28631	769	2361	253594	2482	0	259206
28632	731	644	248509	2344	0	252228
28633	232019	670	4542	751	0	237982
28634	2540	250053	2478	781	0	255852
28635	2465	2607	521	241506	0	247099
28636	647	2518	441	236021	0	239627
28637	537	246443	498	4438	0	251916
28638	627	252053	524	2600	0	255804
28639	654	255507	644	947	0	257752
28640	693	4856	459	256536	0	262544
28641	262083	2600	448	2825	0	267956
28642	3172	636	494	268050	0	272352
28643	3067	599	267866	3240	0	274772
28644	838	538	268399	2918	0	272693
28645	621	636	5675	270660	0	277592
28646	821	573	275968	3182	0	280544
28647	584	274188	3469	3344	0	281585
28648	732	3217	3089	279375	0	286413
28649	296351	2912	784	3596	0	303643
28650	296000	646	639	3305	0	300590
28651	6867	303868	680	1136	0	312551
28652	311062	4047	590	928	0	316627
28653	312891	3500	574	845	0	317810
28654	315184	668	650	877	0	317379
28655	7822	857	298096	694	0	307469
28656	296599	650	4218	866	0	302333
28657	4280	303645	3597	1294	0	312816
28658	4006	3913	305619	618	0	314156
28659	1391	3500	307141	660	0	312692
28660	841	303797	7033	955	0	312626
28661	296528	4379	4318	782	0	306007
28662	4367	3584	981	282968	0	291900
28663	3405	291005	604	3776	0	298790
28664	293828	3765	606	3236	0	301435
28665	3984	3555	588	293772	0	301899
28666	299369	657	645	4184	0	304855
28667	4173	567	551	303441	0	308732
28668	3807	664	299349	4188	0	308008
28669	1053	748	296629	3602	0	302032
28670	1143	768	301521	782	0	304214
28671	797	795	7191	284459	0	293242
28672	857	731	3831	300601	0	306020
28673	995	788	299081	7023	0	307887
28674	899	297744	4279	4153	0	307075
28675	302799	4141	3752	849	0	311541
28676	301772	3654	1017	718	0	307161
28677	7570	308786	1064	1047	0	318467
28678	4399	5010	1086	309713	0	320208
28679	1591	4020	322429	4384	0	332424
28680	308925	924	5288	4105	0	319242
28681	5294	783	327821	981	0	334879
28682	4876	807	319013	696	0	325392
28683	1587	897	320954	626	0	324064
28684	298794	951	8979	718	0	309442
28685	5320	837	315795	727	0	322679
28686	4399	306167	5276	918	0	316760
28687	1538	314478	4626	988	0	321630
28688	1533	7865	1522	301612	0	312532
28689	1205	4133	1124	307908	0	314370
28690	1234	1011	306230	7529	0	316004
28691	290228	803	5022	4213	0	300266
28692	308859	788	4309	1043	0	314999
28693	8129	847	1344	306855	0	317175
28694	308605	678	1278	4653	0	315214
28695	4968	307853	1277	4399	0	318497
28696	304958	4697	1170	1098	0	311923
28697	5110	304414	1130	1338	0	311992
28698	4080	305378	1160	1244	0	311862
28699	296045	7383	1450	1026	0	305904
28700	298554	3918	1260	984	0	304716
28701	304314	1000	1149	828	0	307291
28702	306677	796	1256	910	0	309639
28703	8334	843	293582	763	0	303522
28704	286700	772	5028	780	0	293280
28705	5309	1255	4279	282840	0	293683
28706	4315	292945	1533	4441	0	303234
28707	290018	4451	1276	3679	0	299424
28708	4851	294505	1225	1436	0	302017
28709	294383	4584	1283	995	0	301245
28710	5173	3882	1142	290362	0	300559
28711	4459	1211	1104	296499	0	303273
28712	1842	940	294196	7341	0	304319
28713	2115	979	293325	3995	0	300414
28714	1538	292741	7552	1505	0	303336
28715	281166	4462	4403	1087	0	291118
28716	4863	286658	1358	1271	0	294150
28717	4252	282663	1119	1258	0	289292
28718	1859	289484	1134	1030	0	293507
28719	2610	7410	273910	787	0	284717
28720	1846	282410	4389	1125	0	289770
28721	261798	4703	4112	944	0	271557
28722	262156	3626	1115	664	0	267561
28723	7260	1228	972	251384	0	260844
28724	4151	255309	1134	3907	0	264501
28725	1661	260348	1133	3484	0	266626
28726	1714	6912	1006	254410	0	264042
28727	1867	3818	256409	3815	0	265909
28728	1633	250722	3977	3476	0	259808
28729	2300	5080	3371	241880	0	252631
28730	237377	3544	1167	3896	0	245984
28731	238071	1250	925	3215	0	243461
28732	6352	241413	1047	1357	0	250169
28733	242835	4050	1097	970	0	248952
28734	242093	3370	1125	914	0	247502
28735	6743	1576	1156	233310	0	242785
28736	4273	1304	233198	3619	0	242394
28737	1567	235343	3908	3561	0	244379
28738	1683	5636	3446	231274	0	242039
28739	1677	3705	231845	3419	0	240646
28740	1380	226442	3631	3010	0	234463
28741	215563	4108	3415	1100	0	224186
28742	216506	3193	1070	830	0	221599
28743	5732	1559	749	209386	0	217426
28744	3365	215433	841	3138	0	222777
28745	1764	3912	212453	2582	0	220711
28746	1685	4108	3159	207827	0	216779
28747	1569	1504	214934	3197	0	221204
28748	1182	202426	3022	2706	0	209336
28749	3129	3948	3153	180446	0	190676
28750	178184	2208	1118	2232	0	183742
28751	2345	177656	618	2025	0	182644
28752	175129	2300	591	825	0	178845
28753	171015	2213	563	601	0	174392
28754	3878	174657	467	714	0	179716
28755	2666	2483	605	172361	0	178115
28756	1340	2823	465	170732	0	175360
28757	1074	169492	559	3373	0	174498
28758	975	173286	645	2163	0	177069
28759	1134	3919	632	157366	0	163051
28760	921	168590	546	1862	0	171919
28761	166454	2356	570	1718	0	171098
28762	165416	2109	500	698	0	168723
28763	3566	1101	164160	591	0	169418
28764	2286	932	162713	567	0	166498
28765	155858	1094	2986	712	0	160650
28766	161480	900	1837	596	0	164813
28767	2985	165305	702	731	0	169723
28768	164322	2223	812	670	0	168027
28769	162327	2037	574	589	0	165527
28770	3254	160834	407	709	0	165204
28771	163524	2190	445	680	0	166839
28772	2483	2599	457	180466	0	186005
28773	2127	1572	538	187221	0	191458
28774	1182	981	196224	3935	0	202322
28775	804	192760	2475	2386	0	198425
28776	688	196923	2007	994	0	200612
28777	183382	6144	1946	2004	0	193476
28778	183444	2218	767	835	0	187264
28779	182774	443	288	460	0	183965
28780	184611	401	269	385	0	185666
28781	3817	404	181446	288	0	185955
28782	1964	505	182320	292	0	185081
28783	486	183194	3427	467	0	187574
28784	535	2430	1812	182221	0	186998
28785	582	2002	340	174347	0	177271
28786	499	184952	245	3211	0	188907
28787	600	2438	265	181516	0	184819
28788	178160	1809	313	2143	0	182425
28789	2368	181739	339	1870	0	186316
28790	2171	2299	185418	377	0	190265
28791	584	190010	2158	499	0	193251
28792	186797	2334	1850	445	0	191426
28793	2439	1930	187090	417	0	191876
28794	182266	615	2403	491	0	185775
28795	187305	461	1769	468	0	190003
28796	3843	536	186278	388	0	191045
28797	2116	472	186076	328	0	188992
28798	766	491	184967	279	0	186503
28799	165789	509	3704	361	0	170363
28800	2545	394	183752	312	0	187003
28801	1886	179885	2192	500	0	184463
28802	178666	1969	1766	259	0	182660
28803	2233	1653	179791	194	0	183871
28804	171106	400	2223	303	0	174032
28805	2399	395	181222	245	0	184261
28806	2030	393	185547	214	0	188184
28807	677	185622	3469	529	0	190297
28808	722	2115	189253	265	0	192355
28809	925	1685	186498	308	0	189416
28810	572	172625	3817	658	0	177672
28811	178982	2191	2014	300	0	183487
28812	2496	1728	183374	251	0	187849
28813	1918	621	2377	164671	0	169587
28814	665	184781	1956	1781	0	189183
28815	182845	2173	729	1568	0	187315
28816	183564	1740	666	502	0	186472
28817	3799	579	185464	387	0	190229
28818	1987	182712	2563	460	0	187722
28819	720	188327	2171	449	0	191667
28820	762	3862	818	177938	0	183380
28821	776	186258	785	1987	0	189806
28822	957	2648	718	175053	0	179376
28823	1090	2102	620	185489	0	189301
28824	1001	188129	868	3633	0	193631
28825	1040	2486	878	183860	0	188264
28826	965	188066	953	2559	0	192543
28827	1107	2752	180181	1853	0	185893
28828	969	2328	2728	180561	0	186586
28829	1007	1437	2220	181332	0	185996
28830	990	184383	993	3681	0	190047
28831	1181	189065	883	2122	0	193251
28832	1102	4198	857	176976	0	183133
28833	953	186263	1104	2354	0	190674
28834	179670	2985	1063	2110	0	185828
28835	2833	2399	1011	180580	0	186823
28836	2222	186008	1139	2531	0	191900
28837	181047	2772	1003	2093	0	186915
28838	2759	182959	1032	868	0	187618
28839	2582	2952	178629	734	0	184897
28840	1217	2392	2990	175743	0	182342
28841	178782	1221	2639	2496	0	185138
28842	3124	984	182864	1988	0	188960
28843	2362	1351	3189	172026	0	178928
28844	1339	180369	2564	2352	0	186624
28845	1467	2851	176554	1839	0	182711
28846	1179	182913	3197	659	0	187948
28847	176038	2716	2775	658	0	182187
28848	177755	2327	1685	547	0	182314
28849	4191	177515	1620	728	0	184054
28850	177567	2791	1620	511	0	182489
28851	3018	2369	175273	514	0	181174
28852	2279	1170	3371	169537	0	176357
28853	1109	1279	2779	168927	0	174094
28854	1246	175539	1448	3601	0	181834
28855	181981	2819	1691	2032	0	188523
28856	188394	2371	1329	812	0	192906
28857	3989	1304	187320	499	0	193112
28858	185626	1113	3153	566	0	190458
28859	189797	1131	2609	575	0	194112
28860	191132	1027	1419	663	0	194241
28861	4220	1269	1161	184037	0	190687
28862	2346	1331	1156	185508	0	190341
28863	1133	188681	1089	3664	0	194567
28864	184975	3026	1174	1925	0	191100
28865	184318	2304	937	1034	0	188593
28866	3912	185093	853	918	0	190776
28867	2216	3798	931	175729	0	182674
28868	1036	183254	644	2627	0	187561
28869	817	188057	806	1999	0	191679
28870	179579	4303	1510	1189	0	186581
28871	2798	2676	178875	1007	0	185356
28872	1702	902	157869	531	0	161004
28873	584	155373	2285	634	0	158876
28874	139729	1249	2160	363	0	143501
28875	1162	1021	141082	328	0	143593
28876	801	131979	1046	444	0	134270
28877	131100	750	785	215	0	132850
28878	788	617	129310	141	0	130856
28879	606	343	626	123245	0	124820
28880	134444	173	609	739	0	135965
28881	825	219	134384	634	0	136062
28882	778	205	140214	180	0	141377
28883	286	216	144844	138	0	145484
28884	234	160	143896	135	0	144425
28885	127802	356	1829	162	0	130149
28886	144668	163	824	153	0	145808
28887	1236	145144	156	376	0	146912
28888	734	779	93	147980	0	149586
28889	175	735	87	151281	0	152278
28890	137	149202	99	1689	0	151127
28891	139	1050	75	148725	0	149989
28892	116	153433	110	1103	0	154762
28893	108	154867	98	1035	0	156108
28894	134	2026	89	151793	0	154042
28895	203	1148	152656	1118	0	155125
28896	102	153830	1164	1135	0	156231
28897	157	1193	1003	153411	0	155764
28898	153845	1034	193	1137	0	156209
28899	1273	260	153482	1044	0	156059
28900	150362	182	1237	192	0	151973
28901	154959	143	1092	149	0	156343
28902	2256	138	242	155280	0	157916
28903	1341	175	163664	1350	0	166530
28904	416	183	166180	1208	0	167987
28905	221	172485	2774	378	0	175858
28906	336	2080	1576	168582	0	172574
28907	284	1448	171314	1576	0	174622
28908	312	250	173082	1419	0	175063
28909	163	172648	3077	483	0	176371
28910	173885	1681	1707	193	0	177466
28911	176064	1469	345	218	0	178096
28912	3068	322	254	184168	0	187812
28913	1738	234	192994	2116	0	197082
28914	488	210	195836	1972	0	198506
28915	269	197686	4203	802	0	202960
28916	390	2163	202227	298	0	205078
28917	449	2110	200285	228	0	203072
28918	327	835	4602	178795	0	184559
28919	248	331	201078	2355	0	204012
28920	185070	208	2754	2114	0	190146
28921	2243	197	2305	199884	0	204629
28922	2198	275	205711	2345	0	210529
28923	416	205665	2508	2331	0	210920
28924	302	2316	2302	207523	0	212443
28925	435	2159	210216	2375	0	215185
28926	216	214505	2637	2415	0	219773
28927	290	2584	2384	208607	0	213865
28928	233	219884	701	2523	0	223341
28929	248	2800	525	219232	0	222805
28930	280	2357	491	220347	0	223475
28931	344	532	217491	4754	0	223121
28932	226	219224	2881	2838	0	225169
28933	268	2793	2550	219209	0	224820
28934	279	2387	721	219858	0	223245
28935	261	560	634	225001	0	226456
28936	333	458	217580	5031	0	223402
28937	249	216102	2958	3237	0	222546
28938	292	2752	2660	217673	0	223377
28939	480	2471	216947	2872	0	222770
28940	247	216418	3112	3077	0	222854
28941	259	2863	2736	216892	0	222750
28942	435	2616	219862	2919	0	225832
28943	286	219433	3029	2968	0	225716
28944	293	2872	2773	215518	0	221456
28945	301	2615	891	222965	0	226772
28946	364	788	225728	4973	0	231853
28947	203560	644	3211	3182	0	210597
28948	2470	225308	2813	1246	0	231837
28949	227811	2890	984	925	0	232610
28950	2979	2662	227612	840	0	234093
28951	226006	836	3216	902	0	230960
28952	2961	662	2869	223970	0	230462
28953	2471	606	1039	234014	0	238130
28954	663	659	230799	5035	0	237156
28955	211196	647	3279	3162	0	218284
28956	219809	585	2954	1207	0	224555
28957	4706	219532	1138	1192	0	226568
28958	2555	226632	1003	1119	0	231309
28959	224813	5014	903	934	0	231664
28960	3000	2971	225326	955	0	232252
28961	2530	231567	3392	1198	0	238687
28962	806	3204	3029	233123	0	240162
28963	596	2731	1107	238309	0	242743
28964	624	870	236776	5263	0	243533
28965	224061	757	3500	3234	0	231552
28966	3164	725	243423	1196	0	248508
28967	237731	686	3868	1088	0	243373
28968	3516	705	252450	893	0	257564
28969	2841	250815	3927	1135	0	258718
28970	253587	3192	3684	1034	0	261497
28971	254397	3015	1441	1056	0	259909
28972	254363	894	1146	963	0	257366
28973	255005	777	1146	822	0	257750
28974	5793	751	1015	249374	0	256933
28975	3243	824	251182	3532	0	258781
28976	1010	1140	3606	243854	0	249610
28977	660	250616	3361	3680	0	258317
28978	842	3277	1259	252836	0	258214
28979	781	2928	250496	3553	0	257758
28980	848	1000	249741	3074	0	254663
28981	901	1385	5568	242843	0	250697
28982	242327	736	3971	3587	0	250621
28983	239606	710	1414	2917	0	244647
28984	241625	711	1072	1169	0	244577
28985	5365	776	242270	1221	0	249632
28986	3237	689	243997	1008	0	248931
28987	1020	242014	5344	1178	0	249556
28988	818	244064	3009	1132	0	249023
28989	237097	4600	1971	954	0	244622
28990	236832	2688	1136	943	0	241599
28991	4402	243417	845	1138	0	249802
28992	242687	2630	759	838	0	246914
28993	240095	2352	755	780	0	243982
28994	4292	241880	744	979	0	247895
28995	245541	2605	692	947	0	249785
28996	242480	2391	682	836	0	246389
28997	4367	244956	746	1002	0	251071
28998	247328	2598	849	790	0	251565
28999	244979	2307	1054	820	0	249160
29000	4715	925	245767	669	0	252076
29001	3035	678	245122	628	0	249463
29002	969	241643	4155	789	0	247556
29003	866	242033	2536	773	0	246208
29004	236164	4339	2513	871	0	243887
29005	230292	2195	945	660	0	234092
29006	227301	579	536	437	0	228853
29007	3670	227888	550	617	0	232725
29008	2152	1954	495	227352	0	231953
29009	1053	1772	229190	1756	0	233771
29010	838	2721	1970	218840	0	224369
29011	710	229264	1804	1937	0	233715
29012	217567	1454	611	1153	0	220785
29013	1502	214312	320	489	0	216623
29014	1499	1357	352	210340	0	213548
29015	219599	1071	318	1493	0	222481
29016	216875	304	336	1142	0	218657
29017	2737	354	214820	254	0	218165
29018	214846	375	1614	306	0	217141
29019	225586	248	1309	241	0	227384
29020	228291	238	389	290	0	229208
29021	3080	603	283	216888	0	220854
29022	1758	221172	325	1642	0	224897
29023	710	1886	297	226491	0	229384
29024	656	1602	227608	1655	0	231521
29025	540	230321	1768	1938	0	234567
29026	561	1901	1538	224564	0	228564
29027	641	1586	226332	1507	0	230066
29028	521	224771	1567	1788	0	228647
29029	585	1853	1546	219230	0	223214
29030	606	1625	226528	1454	0	230213
29031	191493	405	1885	1930	0	195713
29032	1911	326	228947	323	0	231507
29033	1885	377	227494	275	0	230031
29034	563	229978	3006	452	0	233999
29035	552	1782	1701	231151	0	235186
29036	579	1818	358	222023	0	224778
29037	509	229839	347	2987	0	233682
29038	603	1769	326	233285	0	235983
29039	235420	1689	327	2720	0	240156
29040	237424	383	321	1720	0	239848
29041	3535	419	236370	349	0	240673
29042	232422	343	1810	361	0	234936
29043	243285	380	1824	346	0	245835
29044	3734	451	244398	294	0	248877
29045	2198	245394	1952	475	0	250019
29046	657	246383	1966	453	0	249459
29047	837	3910	441	212831	0	218019
29048	589	243421	417	1584	0	246011
29049	1010	2174	233278	1526	0	237988
29050	836	2143	235212	324	0	238515
29051	638	239819	3574	439	0	244470
29052	240913	2077	1990	313	0	245293
29053	244321	2074	391	356	0	247142
29054	247505	560	318	375	0	248758
29055	247332	512	348	354	0	248546
29056	242015	481	370	309	0	243175
29057	3904	238506	418	527	0	243355
29058	2487	2171	236232	278	0	241168
29059	799	2117	1956	235186	0	240058
29060	230718	565	1994	2001	0	235278
29061	2167	230547	414	2303	0	235431
29062	2409	2811	502	227222	0	232944
29063	970	2043	228752	1848	0	233613
29064	595	224665	2024	2051	0	229335
29065	556	229080	1971	544	0	232151
29066	216711	4525	1315	1214	0	223765
29067	1867	218809	446	603	0	221725
29068	2090	1864	398	207731	0	212083
29069	208481	1659	298	1660	0	212098
29070	206935	390	218	1569	0	209112
29071	208657	362	213	319	0	209551
29072	3245	357	202804	226	0	206632
29073	1820	205073	1618	395	0	208906
29074	209446	1648	1613	414	0	213121
29075	1768	1752	311	206610	0	210441
29076	210412	405	255	1688	0	212760
29077	1829	207373	306	1880	0	211388
29078	217394	1734	253	370	0	219751
29079	231897	1811	226	392	0	234326
29080	4138	418	266	229221	0	234043
29081	2678	561	239850	2397	0	245486
29082	759	500	2529	245764	0	249552
29083	245419	320	2447	2779	0	250965
29084	248259	330	509	2516	0	251614
29085	5031	244077	442	785	0	250335
29086	238880	2576	398	422	0	242276
29087	2830	242804	420	612	0	246666
29088	244167	2707	333	519	0	247726
29089	241940	2547	381	436	0	245304
29090	4989	682	240614	419	0	246704
29091	2712	240656	2614	585	0	246567
29092	866	2913	2548	241500	0	247827
29093	672	2610	475	245470	0	249227
29094	643	612	425	239995	0	241675
29095	591	241043	457	5452	0	247543
29096	800	2706	241439	2617	0	247562
29097	774	2692	245955	539	0	249960
29098	596	279482	4970	824	0	285872
29099	280199	3586	2880	501	0	287166
29100	3904	3321	280298	454	0	287977
29101	274074	728	3710	455	0	278967
29102	3948	277595	3347	718	0	285608
29103	3820	3731	280107	424	0	288082
29104	979	3418	3665	277047	0	285109
29105	902	835	287915	3776	0	293428
29106	934	624	291986	3402	0	296946
29107	1103	1007	6743	261309	0	270162
29108	860	283515	3757	3411	0	291543
29109	816	289449	894	3192	0	294351
29110	286138	6667	620	577	0	294002
29111	4236	3770	285621	485	0	294112
29112	284462	1031	4084	792	0	290369
29113	288967	901	3761	621	0	294250
29114	6697	288370	806	628	0	296501
29115	281526	3592	566	414	0	286098
29116	281336	3244	481	422	0	285483
29117	275614	733	507	357	0	277211
29118	6613	269906	452	664	0	277635
29119	3455	258348	494	551	0	262848
29120	880	266848	424	561	0	268713
29121	262277	6015	1598	366	0	270256
29122	261771	3409	917	642	0	266739
29123	6106	744	257360	323	0	264533
29124	3425	660	251457	259	0	255801
29125	250845	466	5415	371	0	257097
29126	255948	415	2881	336	0	259580
29127	258520	402	663	491	0	260076
29128	5693	385	518	250521	0	257117
29129	3173	358	473	255434	0	259438
29130	883	450	373	259335	0	261041
29131	740	546	482	260653	0	262421
29132	885	535	252793	5411	0	259624
29133	868	463	250781	2909	0	255021
29134	950	446	251468	685	0	253549
29135	932	420	248778	389	0	250519
29136	240361	405	5449	375	0	246590
29137	3204	247276	2907	505	0	253892
29138	3018	252960	723	535	0	257236
29139	249207	5068	772	366	0	255413
29140	3581	2875	248318	359	0	255133
29141	3100	820	243142	392	0	247454
29142	236174	1060	5936	646	0	243816
29143	243092	620	3039	624	0	247375
29144	5108	242680	820	761	0	249369
29145	3277	2787	664	240900	0	247628
29146	243665	2430	544	2743	0	249382
29147	247562	716	466	2422	0	251166
29148	5476	838	417	241141	0	247872
29149	3271	249983	475	2886	0	256615
29150	250932	2911	416	2563	0	256822
29151	3539	2645	247660	635	0	254479
29152	243935	710	3046	624	0	248315
29153	3257	247063	2752	735	0	253807
29154	249937	2961	896	690	0	254484
29155	248473	2612	783	603	0	252471
29156	5380	752	248634	617	0	255383
29157	3099	672	247136	512	0	251419
29158	244057	598	5446	453	0	250554
29159	250861	582	3146	489	0	255078
29160	5222	252706	1002	664	0	259594
29161	3162	3060	752	254007	0	260981
29162	1301	2660	253038	2835	0	259834
29163	247134	697	3262	2547	0	253640
29164	3416	690	2905	252421	0	259432
29165	3097	553	947	255692	0	260289
29166	251683	529	813	5019	0	258044
29167	3229	256069	923	3177	0	263398
29168	259793	2908	757	902	0	264360
29169	258876	2570	722	612	0	262780
29170	262118	815	644	553	0	264130
29171	5727	257944	622	713	0	265006
29172	261687	3102	568	407	0	265764
29173	3874	3025	655	259527	0	267081
29174	3569	1032	701	259919	0	265221
29175	3006	685	252961	5054	0	261706
29176	2368	836	251131	2755	0	257090
29177	1326	252191	5144	970	0	259631
29178	1215	255670	2937	723	0	260545
29179	1846	4161	237379	397	0	243783
29180	957	242585	2769	576	0	246887
29181	234591	3494	2996	1255	0	242336
29182	236584	2166	539	463	0	239752
29183	239321	529	346	382	0	240578
29184	4502	385	394	229141	0	234422
29185	2641	350	413	236183	0	239587
29186	1189	344	238025	4106	0	243664
29187	634	235966	2323	2720	0	241643
29188	233482	2270	2309	610	0	238671
29189	2421	237369	566	537	0	240893
29190	236176	2388	483	387	0	239434
29191	235853	2083	381	387	0	238704
29192	4626	508	319	230109	0	235562
29193	2665	372	358	234744	0	238139
29194	1014	533	301	238941	0	240789
29195	1421	423	228954	4245	0	235043
29196	671	227143	2210	2863	0	232887
29197	597	226670	2102	994	0	230363
29198	299	190543	211	482	0	191535
29199	294	189421	370	481	0	190566
29200	362	189575	401	427	0	190765
29201	172743	2166	904	331	0	176144
29202	1344	1326	180391	175	0	183236
29203	1227	181701	1029	482	0	184439
29204	591	1178	173100	192	0	175061
29205	266	181237	1017	402	0	182922
29206	437	1548	1155	156300	0	159440
29207	300	1261	239	171034	0	172834
29208	264	176752	238	1879	0	179133
29209	173411	1011	234	1142	0	175798
29210	1118	1206	172328	248	0	174900
29211	1105	175421	939	411	0	177876
29212	446	1179	171873	213	0	173711
29213	338	1155	968	169953	0	172414
29214	398	319	1015	164689	0	166421
29215	333	170902	242	1839	0	173316
29216	349	1007	182	172245	0	173783
29217	321	1094	181	172612	0	174208
29218	245	172718	405	2217	0	175585
29219	339	1064	171377	1156	0	173936
29220	324	1218	171673	337	0	173552
29221	164458	379	1862	317	0	167016
29222	174140	368	1043	258	0	175809
29223	1939	318	232	169191	0	171680
29224	1259	374	170242	1029	0	172904
29225	395	437	969	164772	0	166573
29226	413	173544	1060	1320	0	176337
29227	429	1139	173035	1201	0	175804
29228	221	172369	1023	586	0	174199
29229	470	1232	171371	319	0	173392
29230	225	172201	1075	438	0	173939
29231	169746	1231	1121	269	0	172367
29232	1013	1288	278	168095	0	170674
29233	1115	475	257	167884	0	169731
29234	447	431	168669	1825	0	171372
29235	578	453	165765	1153	0	167949
29236	316	167775	1831	581	0	170503
29237	167211	1135	1221	523	0	170090
29238	981	1314	382	164124	0	166801
29239	1118	491	167832	1032	0	170473
29240	394	547	163431	1064	0	165436
29241	148946	470	1942	397	0	151755
29242	158067	467	1129	366	0	160029
29243	1947	473	161189	319	0	163928
29244	1125	1265	1127	153143	0	156660
29245	342	160641	1129	1142	0	163254
29246	159737	1074	627	1168	0	162606
29247	1003	159486	365	1102	0	161956
29248	154525	1026	393	422	0	156366
29249	898	154357	289	495	0	156039
29250	1080	155206	290	528	0	157104
29251	433	1650	318	154547	0	156948
29252	289	1153	251	155176	0	156869
29253	244	155395	286	2068	0	157993
29254	395	1018	151950	988	0	154351
29255	382	1071	152606	278	0	154337
29256	328	465	153204	291	0	154288
29257	143269	406	1665	367	0	145707
29258	151257	347	985	388	0	152977
29259	1470	155453	321	557	0	157801
29260	1015	1198	153392	305	0	155910
29261	267	1203	1062	152258	0	154790
29262	285	458	160693	1147	0	162583
29263	314	497	163556	1073	0	165440
29264	214	476	2205	172896	0	175791
29265	258	398	1302	183161	0	185119
29266	354	414	196067	3277	0	200112
29267	190608	384	2153	2088	0	195233
29268	2257	208811	2216	872	0	214156
29269	2365	217901	674	591	0	221531
29270	698	5060	398	210075	0	216231
29271	218112	2981	448	2431	0	223972
29272	2681	222322	427	3105	0	228535
29273	221924	3061	349	698	0	226032
29274	3100	225103	351	788	0	229342
29275	231969	3275	395	484	0	236123
29276	3735	3075	230688	391	0	237889
29277	3478	1151	234079	386	0	239094
29278	1147	1822	5807	224695	0	233471
29279	747	675	230100	3037	0	234559
29280	557	218617	3548	3219	0	225941
29281	430	219826	3256	902	0	224414
29282	216815	5731	1118	650	0	224314
29283	3091	3433	603	206783	0	213910
29284	2895	217500	571	3228	0	224194
29285	220482	3216	458	2842	0	226998
29286	217259	3203	393	620	0	221475
29287	223859	882	313	642	0	225696
29288	6390	586	342	218516	0	225834
29289	3829	538	284	222278	0	226929
29290	1345	539	221285	5954	0	229123
29291	1033	500	220452	3557	0	225542
29292	216053	422	6035	1003	0	223513
29293	3536	472	3578	215223	0	222809
29294	3542	408	217585	3423	0	224958
29295	213146	395	3513	3320	0	220374
29296	3458	222943	3544	1306	0	231251
29297	227072	3290	1059	673	0	232094
29298	227509	3317	685	592	0	232103
29299	229861	828	652	626	0	231967
29300	7130	595	221820	576	0	230121
29301	221665	531	3437	475	0	226108
29302	4592	581	3316	209084	0	217573
29303	4035	214832	1100	3218	0	223185
29304	1690	225067	672	3348	0	230777
29305	223495	5987	687	907	0	231076
29306	224997	3544	627	576	0	229744
29307	227968	983	602	636	0	230189
29308	7398	726	515	219225	0	227864
29309	4449	687	517	222708	0	228361
29310	1904	676	448	215535	0	218563
29311	1389	219714	474	6822	0	228399
29312	219078	3557	525	3762	0	226922
29313	221821	3452	425	1294	0	226992
29314	225993	1038	456	1044	0	228531
29315	7585	792	221755	986	0	231118
29316	226034	767	3619	896	0	231316
29317	5168	922	3503	210544	0	220137
29318	4692	221390	1021	3611	0	230714
29319	219362	3842	655	3444	0	227303
29320	219974	3743	682	1095	0	225494
29321	7917	1148	221514	810	0	231389
29322	5060	796	3786	215320	0	224962
29323	2014	222732	3783	3894	0	232423
29324	226994	3955	1099	3774	0	235822
29325	4967	3896	702	227006	0	236571
29326	4711	1246	791	227880	0	234628
29327	1994	937	707	232722	0	236360
29328	1627	866	711	239034	0	242238
29329	1705	989	232146	8256	0	243096
29330	1583	232247	4125	5454	0	243409
29331	1669	4397	4005	232883	0	242954
29332	1743	4286	235831	4819	0	246679
29333	233015	1378	4327	4824	0	243544
29334	239964	1110	4247	1833	0	247154
29335	8422	1149	1321	237939	0	248831
29336	242241	1021	1022	4892	0	249176
29337	244908	998	986	4908	0	251800
29338	9079	1038	242048	1776	0	253941
29339	5928	241582	4434	1605	0	253549
29340	243544	4316	4371	1383	0	253614
29341	5710	4282	1466	243632	0	255090
29342	250231	1258	1206	4940	0	257635
29343	6003	903	1291	248507	0	256704
29344	5584	1058	1075	251307	0	259024
29345	2671	1022	245004	8484	0	257181
29346	227924	1052	4620	5539	0	239135
29347	5493	246408	4403	2559	0	258863
29348	5755	4562	245476	1829	0	257622
29349	2538	249077	4536	1974	0	258125
29350	244290	4920	4440	1510	0	255160
29351	5959	4528	1271	241771	0	253529
29352	243110	1295	1030	5048	0	250483
29353	5908	241656	1052	5288	0	253904
29354	248708	4579	1005	2034	0	256326
29355	250231	4339	978	1638	0	257186
29356	253158	1355	1023	1495	0	257031
29357	251416	837	976	1388	0	254617
29358	9687	244044	1001	1714	0	256446
29359	245497	4157	871	1312	0	251837
29360	6486	4433	866	238796	0	250581
29361	6200	2759	787	234296	0	244042
29362	3007	225651	751	7605	0	237014
29363	2645	226060	699	4807	0	234211
29364	2358	221631	717	1574	0	226280
29365	203132	6853	1554	1377	0	212916
29366	3925	193018	626	1176	0	198745
29367	3334	175433	779	968	0	180514
29368	170157	4345	2514	966	0	177982
29369	164934	2220	665	757	0	168576
29370	4228	164952	377	849	0	170406
29371	163407	2162	446	643	0	166658
29372	2859	2058	157087	486	0	162490
29373	154132	668	2042	534	0	157376
29374	2917	620	155452	578	0	159567
29375	2052	143200	1709	600	0	147561
29376	941	143489	1629	592	0	146651
29377	3045	4046	1350	132623	0	141064
29378	135054	1379	685	1624	0	138742
29379	136341	438	213	1406	0	138398
29380	138346	345	217	600	0	139508
29381	138320	351	302	471	0	139444
29382	135959	374	270	451	0	137054
29383	2663	435	131577	495	0	135170
29384	1646	451	127730	469	0	130296
29385	129942	425	2235	447	0	133049
29386	1590	132147	1264	593	0	135594
29387	130088	1223	639	440	0	132390
29388	131699	1146	324	445	0	133614
29389	134141	358	221	485	0	135205
29390	133710	306	249	378	0	134643
29391	133313	318	282	420	0	134333
29392	2489	386	131280	417	0	134572
29393	133307	353	1142	511	0	135313
29394	134568	312	1122	538	0	136540
29395	2453	427	132121	486	0	135487
29396	127575	408	1148	522	0	129653
29397	130756	403	1171	495	0	132825
29398	2528	416	134854	418	0	138216
29399	1782	430	134091	389	0	136692
29400	897	135989	2083	486	0	139455
29401	1098	1508	1415	134712	0	138733
29402	1017	1290	136210	1205	0	139722
29403	135170	430	1191	1319	0	138110
29404	1793	378	1171	141008	0	144350
29405	1792	441	143539	1217	0	146989
29406	141421	411	1293	1230	0	144355
29407	145506	396	1159	419	0	147480
29408	146603	366	322	362	0	147653
29409	2735	148088	262	723	0	151808
29410	1836	1482	247	143310	0	146875
29411	860	149282	309	1402	0	151853
29412	149286	1464	391	1283	0	152424
29413	148603	1377	404	468	0	150852
29414	2737	550	147126	284	0	150697
29415	1510	142859	1193	339	0	145901
29416	671	143035	1151	334	0	145191
29417	832	2023	503	139729	0	143087
29418	693	1373	211	141801	0	144078
29419	140313	438	184	1841	0	142776
29420	1581	140843	157	1323	0	143904
29421	1604	139874	152	444	0	142074
29422	1415	1970	137366	197	0	140948
29423	759	141163	1003	322	0	143247
29424	137879	1216	1373	266	0	140734
29425	1717	1146	135866	188	0	138917
29426	120774	381	1200	277	0	122632
29427	1246	352	130247	223	0	132068
29428	113468	234	857	208	0	114767
29429	884	129588	671	233	0	131376
29430	134658	851	334	152	0	135995
29431	1240	848	137593	76	0	139757
29432	136863	401	1226	326	0	138816
29433	138242	169	892	167	0	139470
29434	1926	238	140597	82	0	142843
29435	139859	139	947	162	0	141107
29436	143419	129	898	101	0	144547
29437	140311	121	165	103	0	140700
29438	1914	138077	145	229	0	140365
29439	140792	965	166	185	0	142108
29440	1336	980	142723	73	0	145112
29441	1041	146782	1037	287	0	149147
29442	147185	1147	1191	198	0	149721
29443	145517	951	328	133	0	146929
29444	146923	151	129	86	0	147289
29445	2037	146097	158	305	0	148597
29446	1196	1100	125	163424	0	165845
29447	450	1071	163279	1517	0	166317
29448	296	247	1590	163907	0	166040
29449	395	178	168895	1750	0	171218
29450	158725	154	1856	1487	0	162222
29451	1823	169895	1584	412	0	173714
29452	1782	1795	236	165664	0	169477
29453	385	172713	215	1729	0	175042
29454	344	1996	157	172195	0	174692
29455	351	1707	143	170197	0	172398
29456	275	175101	198	3519	0	179093
29457	342	2052	146	177394	0	179934
29458	351	1897	166	181673	0	184087
29459	335	183463	249	3926	0	187973
29460	329	187883	250	2300	0	190762
29461	418	4088	221	186901	0	191628
29462	533	2335	186473	2319	0	191660
29463	410	189067	2269	2528	0	194274
29464	430	2483	2096	189130	0	194139
29465	688	2372	197911	2474	0	203445
29466	405	199941	2577	2709	0	205632
29467	199260	2651	2438	506	0	204855
29468	2851	2606	198630	389	0	204476
29469	196727	539	2640	464	0	200370
29470	2852	456	2449	197666	0	203423
29471	2594	462	399	200616	0	204071
29472	596	480	315	202453	0	203844
29473	616	463	198645	5023	0	204747
29474	571	495	199215	2777	0	203058
29475	189440	500	4866	750	0	195556
29476	2746	538	2659	199030	0	204973
29477	2741	512	201863	2899	0	208015
29478	197426	500	2793	2813	0	203532
29479	2945	484	2613	201470	0	207512
29480	2763	559	601	203522	0	207445
29481	778	504	488	202657	0	204427
29482	582	203674	537	5327	0	210120
29483	670	2943	422	197769	0	201804
29484	581	202728	531	3068	0	206908
29485	591	206735	543	2980	0	210849
29486	204594	5002	513	886	0	210995
29487	202802	2855	566	821	0	207044
29488	207043	684	525	776	0	209028
29489	5084	202433	597	952	0	209066
29490	203638	2939	511	791	0	207879
29491	203908	2708	516	867	0	207999
29492	5210	739	618	200039	0	206606
29493	2986	638	616	202595	0	206835
29494	946	716	199430	5355	0	206447
29495	677	202257	2935	3409	0	209278
29496	199892	2993	2834	1163	0	206882
29497	198564	2754	821	936	0	203075
29498	4871	196908	743	1117	0	203639
29499	197577	2913	706	1006	0	202202
29500	195669	2662	545	1114	0	199990
29501	4996	1070	576	189861	0	196503
29502	2958	192081	675	3264	0	198978
29503	905	196063	594	3219	0	200781
29504	191812	4724	615	1308	0	198459
29505	3081	3113	548	189543	0	196285
29506	2832	968	189187	3171	0	196158
29507	181707	768	2763	3134	0	188372
29508	3212	926	193535	1099	0	198772
29509	2676	188661	2703	1203	0	195243
29510	187349	2772	2757	1169	0	194047
29511	3084	2728	187997	1188	0	194997
29512	2821	1316	2761	188706	0	195604
29513	1107	901	196217	3238	0	201463
29514	883	195064	2995	3314	0	202256
29515	1091	3055	2612	194410	0	201168
29516	1160	2813	194008	3176	0	201157
29517	180875	1004	2734	3187	0	187800
29518	2899	197598	2536	1514	0	204547
29519	2874	2996	728	189015	0	195613
29520	1003	200041	741	3201	0	204986
29521	195884	3086	654	2975	0	202599
29522	194674	2803	641	1455	0	199573
29523	4648	196273	815	1509	0	203245
29524	2990	3230	694	191562	0	198476
29525	981	198451	734	3254	0	203420
29526	194657	3049	1031	2978	0	201715
29527	3244	2814	194414	1245	0	201717
29528	3040	1239	192809	1122	0	198210
29529	1076	190984	4214	1231	0	197505
29530	1036	189545	2719	1079	0	194379
29531	1218	4270	1225	183521	0	190234
29532	182871	2465	740	2575	0	188651
29533	183592	846	756	2486	0	187680
29534	181108	741	651	977	0	183477
29535	4427	185158	732	1287	0	191604
29536	2721	2312	654	180846	0	186533
29537	1173	187108	675	2665	0	191621
29538	185032	2383	859	2517	0	190791
29539	2812	2245	705	183193	0	188955
29540	2627	745	180494	2582	0	186448
29541	1003	177732	2275	2693	0	183703
29542	174846	2233	2158	967	0	180204
29543	2649	2204	175471	751	0	181075
29544	169998	914	2172	965	0	174049
29545	2549	173910	1861	1098	0	179418
29546	1689	158879	398	605	0	161571
29547	154221	2472	639	442	0	157774
29548	1568	158826	324	519	0	161237
29549	153863	1389	603	411	0	156266
29550	1522	155244	370	469	0	157605
29551	154283	1334	668	411	0	156696
29552	153346	1281	522	325	0	155474
29553	2390	535	155174	341	0	158440
29554	1529	461	152641	231	0	154862
29555	548	153066	1892	525	0	156031
29556	149469	1183	1743	403	0	152798
29557	1184	1051	146601	272	0	149108
29558	139031	564	1114	334	0	141043
29559	1034	1112	1147	137830	0	141123
29560	850	248	141870	575	0	143543
29561	430	293	138060	571	0	139354
29562	539	318	143223	190	0	144270
29563	313	142771	976	290	0	144350
29564	1553	2289	1486	134994	0	140322
29565	131515	275	255	399	0	132444
29566	248	78	44	132208	0	132578
29567	133345	36	95	310	0	133786
29568	294	65	43	133828	0	134230
29569	135946	54	55	529	0	136584
29570	139254	58	66	546	0	139924
29571	150121	68	66	162	0	150417
29572	863	153766	73	225	0	154927
29573	694	719	155795	83	0	157291
29574	142	554	685	155528	0	156909
29575	373	580	785	117649	0	119387
29576	101	103	96	161445	0	161745
29577	102	105	72	159427	0	159706
29578	106	157999	93	1656	0	159854
29579	286	882	154674	806	0	156648
29580	87	159234	851	298	0	160470
29581	140	1134	679	154459	0	156412
29582	97	877	101	159870	0	160945
29583	119	157	85	161250	0	161611
29584	127	160	69	160143	0	160499
29585	126	157212	86	1741	0	159165
29586	88	157638	125	972	0	158823
29587	271	1532	154890	247	0	156940
29588	117	787	897	156297	0	158098
29589	131	225	710	159740	0	160806
29590	97	169	123	162839	0	163228
29591	163260	144	117	1908	0	165429
29592	992	165180	108	1079	0	167359
29593	972	1031	164554	279	0	166836
29594	163033	820	985	249	0	165087
29595	1080	194	768	166279	0	168321
29596	170876	188	149	1286	0	172499
29597	1144	165	113	171556	0	172978
29598	173335	156	109	1321	0	174921
29599	1134	168	115	172841	0	174258
29600	172033	141	152	1230	0	173556
29601	1314	212	177887	927	0	180340
29602	993	176	997	175649	0	177815
29603	274	181195	883	1229	0	183581
29604	262	1105	182	183802	0	185351
29605	182112	921	175	1316	0	184524
29606	1189	184278	204	1176	0	186847
29607	1017	1281	140	188483	0	190921
29608	247	188408	179	1564	0	190398
29609	251	1467	136	190148	0	192002
29610	256	1168	137	190547	0	192108
29611	375	330	187523	2484	0	190712
29612	253	223	1429	184066	0	185971
29613	320	234	182814	1663	0	185031
29614	186	179428	1498	2055	0	183167
29615	179661	1381	1179	456	0	182677
29616	1617	1193	180048	377	0	183235
29617	175672	262	1517	486	0	177937
29618	184969	221	1191	555	0	186936
29619	2557	250	291	185902	0	189000
29620	1379	270	192986	1678	0	196313
29621	186702	164	1754	1593	0	190213
29622	200645	152	1366	667	0	202830
29623	2937	205	284	197484	0	200910
29624	1595	233	230	199097	0	201155
29625	379	201639	215	3438	0	205671
29626	341	2142	251	200400	0	203134
29627	281	203584	257	2233	0	206355
29628	434	1938	200261	1681	0	204314
29629	323	1698	1640	199357	0	203018
29630	196533	403	1539	2102	0	200577
29631	198340	237	225	1687	0	200489
29632	2858	199644	234	793	0	203529
29633	1544	1840	194	200719	0	204297
29634	201808	1427	204	1984	0	205423
29635	1765	197458	225	1926	0	201374
29636	199704	1800	185	698	0	202387
29637	1987	1560	188	204633	0	208368
29638	214354	363	198	2270	0	217185
29639	2437	431	230340	1967	0	235175
29640	1834	235133	2621	823	0	240411
29641	233153	2664	2116	620	0	238553
29642	2559	242912	428	944	0	246843
29643	246850	2744	318	619	0	250531
29644	250443	2229	228	718	0	253618
29645	5194	513	252358	577	0	258642
29646	2699	365	2861	247335	0	253260
29647	257121	291	2398	3243	0	263053
29648	3306	367	255809	2632	0	262114
29649	255355	303	3055	775	0	259488
29650	3220	339	2419	257986	0	263964
29651	2761	449	256691	3254	0	263155
29652	605	337	2976	255013	0	258931
29653	251832	330	2459	3423	0	258044
29654	3371	429	259224	2749	0	265773
29655	2752	398	2890	260686	0	266726
29656	682	390	2483	264514	0	268069
29657	264259	253	495	5558	0	270565
29658	261289	270	422	3032	0	265013
29659	5356	268964	423	1332	0	276075
29660	3032	3137	347	267617	0	274133
29661	893	2535	446	268703	0	272577
29662	826	558	405	267131	0	268920
29663	262226	400	496	5638	0	268760
29664	262888	431	481	3072	0	266872
29665	5877	573	383	258805	0	265638
29666	3255	261057	439	3664	0	268415
29667	1274	3653	403	250036	0	255366
29668	1051	263894	582	3391	0	268918
29669	257415	3167	516	2911	0	264009
29670	3539	254419	664	1197	0	259819
29671	244216	2775	667	765	0	248423
29672	3447	2758	569	237864	0	244638
29673	238279	542	523	2955	0	242299
29674	3476	509	235588	2697	0	242270
29675	2878	240683	2730	1196	0	247487
29676	239491	2828	2918	1073	0	246310
29677	240114	2284	832	976	0	244206
29678	5018	569	603	232405	0	238595
29679	2881	236610	656	3223	0	243370
29680	1256	2597	602	245702	0	250157
29681	1211	2163	603	245058	0	249035
29682	1240	640	619	245607	0	248106
29683	243498	643	566	5154	0	249861
29684	244670	587	529	3220	0	249006
29685	5345	650	524	235615	0	242134
29686	3359	243251	599	3543	0	250752
29687	245656	2519	618	2992	0	251785
29688	3718	2469	243419	1452	0	251058
29689	3457	883	2625	244754	0	251719
29690	1635	861	248730	3487	0	254713
29691	1499	844	2868	246300	0	251511
29692	1493	928	249126	3728	0	255275
29693	1514	838	2948	246159	0	251459
29694	247347	922	2595	3678	0	254542
29695	246399	849	698	3255	0	251201
29696	5778	241612	727	1681	0	249798
29697	246339	2965	662	1549	0	251515
29698	4068	2678	732	243063	0	250541
29699	3725	1136	809	243073	0	248743
29700	244427	876	1332	5429	0	252064
29701	4489	1029	241079	3390	0	249987
29702	4117	1045	241373	1783	0	248318
29703	2331	1085	240952	1770	0	246138
29704	229144	865	4881	2168	0	237058
29705	4365	845	245284	2022	0	252516
29706	4120	911	236258	2084	0	243373
29707	226286	1012	4839	1966	0	234103
29708	3892	237092	2926	2099	0	246009
29709	3653	2680	1074	239819	0	247226
29710	2125	2634	824	241954	0	247537
29711	2284	1011	243984	5369	0	252648
29712	240609	856	2869	3856	0	248190
29713	245744	816	2650	2370	0	251580
29714	241197	723	1203	2415	0	245538
29715	5512	782	244687	2391	0	253372
29716	236808	715	2965	2457	0	242945
29717	4332	1064	233145	2196	0	240737
29718	3858	237596	2579	2413	0	246446
29719	2349	239999	2332	2340	0	247020
29720	229774	4287	1075	2087	0	237223
29721	3392	229364	939	2344	0	236039
29722	3080	229750	758	2469	0	236057
29723	225712	3944	913	2136	0	232705
29724	3418	228752	875	2341	0	235386
29725	226202	2563	804	1997	0	231566
29726	3847	2372	854	228938	0	236011
29727	3612	1107	837	232038	0	237594
29728	1978	1149	902	233502	0	237531
29729	1843	1393	867	226239	0	230342
29730	1909	229002	1004	5119	0	237034
29731	229948	2709	930	3206	0	236793
29732	3574	247367	984	2078	0	254003
29733	3969	248688	1169	2933	0	256759
29734	2642	5224	260977	1840	0	270683
29735	246303	2949	4356	1965	0	255573
29736	5320	1080	276436	1521	0	284357
29737	5078	1057	278489	1289	0	285913
29738	1875	279321	6011	1638	0	288845
29739	995	278588	3035	1058	0	283676
29740	267424	6097	1981	719	0	276221
29741	3543	286557	943	1499	0	292542
29742	3823	3564	294385	737	0	302509
29743	800	269428	4157	1003	0	275388
29744	953	3302	293602	465	0	298322
29745	636	2855	285122	313	0	288926
29746	267134	744	7021	362	0	275261
29747	3729	430	283581	393	0	288133
29748	3321	341	3717	266524	0	273903
29749	265939	223	3321	3150	0	272633
29750	3117	264615	727	3783	0	272242
29751	3311	3129	273996	581	0	281017
29752	268354	2929	3521	351	0	275155
29753	3542	662	3296	248757	0	256257
29754	3190	243686	827	3389	0	251092
29755	763	2883	264520	2878	0	271044
29756	253896	2827	3578	431	0	260732
29757	3483	456	267018	321	0	271278
29758	3381	252	3720	256925	0	264278
29759	825	316	259985	3493	0	264619
29760	436	235	3698	256891	0	261260
29761	251211	196	3348	3667	0	258422
29762	3285	257554	713	3656	0	265208
29763	262884	3270	468	515	0	267137
29764	3890	3184	261558	325	0	268957
29765	3416	542	3623	254709	0	262290
29766	796	362	267213	3358	0	271729
29767	260606	323	4036	3267	0	268232
29768	263175	271	3521	493	0	267460
29769	6652	265187	844	997	0	273680
29770	271163	3562	522	275	0	275522
29771	269366	3408	502	287	0	273563
29772	7058	563	457	262406	0	270484
29773	4051	485	266196	3612	0	274344
29774	753	252663	3925	4105	0	261446
29775	684	3622	3621	252017	0	259944
29776	255709	3455	754	3424	0	263342
29777	3884	581	259993	3429	0	267887
29778	3769	452	261573	526	0	266320
29779	881	362	258880	339	0	260462
29780	245754	375	7388	328	0	253845
29781	3941	406	255148	328	0	259823
29782	246970	431	4300	303	0	252004
29783	4210	475	234387	326	0	239398
29784	3670	245742	3799	819	0	254030
29785	873	3847	3555	242310	0	250585
29786	749	3560	243841	3586	0	251736
29787	528	239042	3998	3759	0	247327
29788	502	243481	3884	847	0	248714
29789	716	6897	934	237561	0	246108
29790	235698	3881	671	3557	0	243807
29791	3703	956	630	238561	0	243850
29792	233920	715	711	3816	0	239162
29793	4056	805	658	233675	0	239194
29794	3900	666	231641	3852	0	240059
29795	1084	708	233165	3591	0	238548
29796	224604	538	7516	765	0	233423
29797	229572	608	4516	507	0	235203
29798	7314	730	226095	496	0	234635
29799	220708	747	4544	423	0	226422
29800	4537	953	225566	476	0	231532
29801	4068	216315	4853	649	0	225885
29802	1204	217050	4435	681	0	223370
29803	1077	217026	1740	689	0	220532
29804	1365	7513	1485	208423	0	218786
29805	207785	4290	1477	3694	0	217246
29806	209599	1353	1473	3505	0	215930
29807	7358	1170	1393	206026	0	215947
29808	4568	1154	200498	3787	0	210007
29809	1412	1065	4793	200310	0	207580
29810	1317	886	201013	4175	0	207391
29811	1237	913	5280	195752	0	203182
29812	192737	625	5018	4291	0	202671
29813	195565	617	2054	3943	0	202179
29814	197667	611	1798	1180	0	201256
29815	197198	643	1659	975	0	200475
29816	8006	683	1498	188059	0	198246
29817	4803	687	1404	191906	0	198800
29818	188898	789	1389	7149	0	198225
29819	191764	720	1396	4160	0	198040
29820	7952	757	1279	187312	0	197300
29821	4868	669	1280	189776	0	196593
29822	1873	683	1160	189985	0	193701
29823	1553	665	1368	190391	0	193977
29824	183375	584	1400	7619	0	192978
29825	4741	621	180868	4658	0	190888
29826	4516	658	4351	176097	0	185622
29827	175095	503	4316	4380	0	184294
29828	4773	570	173839	4195	0	183377
29829	4808	944	4315	172417	0	182484
29830	2101	668	175065	4170	0	182004
29831	1735	165113	4621	3954	0	175423
29832	2459	3874	4174	146294	0	156801
29833	136727	2856	1647	3324	0	144554
29834	3672	3681	1274	120085	0	128712
29835	3358	119058	859	2976	0	126251
29836	1460	109306	747	2429	0	113942
29837	1019	90639	566	650	0	92874
29838	1129	82947	971	649	0	85696
29839	46344	6088	5403	3308	0	61143
29840	2257	2550	1338	33523	0	39668
29841	674	65	28025	529	0	29293
29842	214	90	444	26207	0	26955
29843	195	38	26106	480	0	26819
29844	25338	37	428	520	0	26323
29845	517	43	489	25194	0	26243
29846	595	60	88	25482	0	26225
29847	176	43	83	25657	0	25959
29848	151	57	59	25761	0	26028
29849	24913	56	61	866	0	25896
29850	25126	64	63	563	0	25816
29851	870	59	46	24579	0	25554
29852	24377	44	64	503	0	24988
29853	457	48	23787	568	0	24860
29854	511	23404	395	247	0	24557
29855	179	373	478	23245	0	24275
29856	151	452	143	22842	0	23588
29857	119	22646	90	880	0	23735
29858	172	327	106	22443	0	23048
29859	154	1063	114	21433	0	22764
29860	21575	43	146	814	0	22578
29861	415	44	20587	480	0	21526
29862	429	55	19006	121	0	19611
29863	18161	40	644	150	0	18995
29864	363	41	17443	117	0	17964
29865	10721	164	592	65	0	11542
29866	8756	25	449	61	0	9291
29867	455	313	104	6921	0	7793
29868	156	36	5929	110	0	6231
29869	4819	78	150	139	0	5186
29870	106	4723	116	23	0	4968
29871	2665	275	434	110	0	3484
29872	1774	174	214	127	0	2289
29873	886	43	62	33	0	1024
29874	450	6	10	2	0	468
29875	360	44	9	10	0	423
29876	306	7	5	4	0	322
29877	288	5	2	4	0	299
29878	248	13	11	3	0	275
29879	228	3	2	3	0	236
29880	191	12	3	11	0	217
29881	154	4	8	9	0	175
29882	141	3	1	3	0	148
29883	128	0	3	3	0	134
29884	109	9	2	2	0	122
29885	96	5	0	7	0	108
29886	82	2	2	4	0	90
29887	66	2	3	5	0	76
29888	59	4	0	2	0	65
29889	48	2	0	4	0	54
29890	42	2	2	0	0	46
29891	38	2	0	1	0	41
29892	29	1	1	0	0	31
29893	24	1	1	1	0	27
29894	20	0	1	1	0	22
29895	19	1	1	2	0	23
29896	15	0	2	0	0	17
29897	13	1	1	0	0	15
29898	9	2	0	1	0	12
29899	6	1	0	2	0	9
29900	5	0	0	1	0	6
29901	5	0	0	1	0	6
29902	6	0	0	0	0	6
29903	5	0	0	0	0	5
29904	0	0	0	1	0	1
29905	1	0	0	0	0	1
