Pos	A	C	G	T	Other	Total
1	6	0	0	0	0	6
2	0	0	0	10	0	10
3	0	0	0	21	0	21
4	27	0	0	1	0	28
5	62	0	0	0	0	62
6	65	0	0	0	0	65
7	0	0	70	0	0	70
8	0	0	77	0	0	77
9	0	0	0	86	0	86
10	1	0	0	86	0	87
11	0	0	0	91	0	91
12	157	0	0	0	0	157
13	0	3	1	292	0	296
14	437	0	2	2	0	441
15	0	654	0	1	0	655
16	0	1093	0	4	0	1097
17	3	3	0	2412	0	2418
18	0	3	2	2713	0	2718
19	1	3583	0	13	0	3597
20	0	3981	6	5	0	3992
21	0	4557	2	9	0	4568
22	4856	2	1	24	0	4883
23	2	8	4939	1	0	4950
24	1	9	4965	0	0	4975
25	1	0	1	5470	0	5472
26	5730	0	1	13	0	5744
27	5768	0	4	5	0	5777
28	3	5827	3	8	0	5841
29	6579	3	2	16	0	6600
30	7099	0	1	24	0	7124
31	7266	0	2	21	0	7289
32	3	7366	5	5	0	7379
33	1	7591	7	3	0	7602
34	7865	2	2	16	0	7885
35	8022	1	1	13	0	8037
36	3	8241	6	7	0	8257
37	2	8729	5	12	0	8748
38	8803	3	2	17	0	8825
39	8858	3	0	16	0	8877
40	5	9041	3	13	0	9062
41	8	10	0	9383	0	9401
42	6	6	1	9507	0	9520
43	8	0	1	9607	0	9616
44	1	9609	6	20	0	9636
45	5	19	9512	2	0	9538
46	9281	3	5	15	0	9304
47	8	3	2	9731	0	9744
48	4	9825	5	8	0	9842
49	7	5	2	9903	0	9917
50	1	9993	14	9	0	10017
51	5	7	1	10091	0	10104
52	3	8	1	10208	0	10220
53	5	17	10266	7	0	10295
54	3	3	7	10308	0	10321
55	10341	1	4	21	0	10367
56	9	12	10305	5	0	10331
57	10239	4	7	9	0	10259
58	13	3	4	10551	0	10571
59	5	10612	7	12	0	10636
60	6	7	2	10700	0	10715
61	8	14	10729	7	0	10758
62	6	4	5	10724	0	10739
63	5	6	3	10847	0	10861
64	4	10974	8	18	0	11004
65	18	6	2	11027	0	11053
66	15	11011	10	20	0	11056
67	4	9	1	11110	0	11124
68	11131	4	2	24	0	11161
69	11079	0	4	20	0	11103
70	11199	3	1	24	0	11227
71	52	11250	8	27	0	11337
72	12	18	11339	2	0	11371
73	11267	6	12	25	0	11310
74	11700	2	7	28	0	11737
75	20	12097	4	25	0	12146
76	16	24	2	9703	0	9745
77	13	6	2	10045	0	10066
78	15	10	3	9757	0	9785
79	9889	7	3	70	0	9969
80	9907	7	5	45	0	9964
81	9901	9	4	38	0	9952
82	10029	4	3	37	0	10073
83	69	3	1	10019	0	10092
84	24	10006	11	64	0	10105
85	32	42	3	10325	0	10402
86	21	30	10432	64	0	10547
87	28	15	57	10895	0	10995
88	18	16	11084	90	0	11208
89	20	18	78	11229	0	11345
90	5	18	11506	103	0	11632
91	9	13	11613	34	0	11669
92	12	12086	110	35	0	12243
93	31	88	33	12520	0	12672
94	18	38	12888	101	0	13045
95	34	16	110	12817	0	12977
96	11	13012	48	92	0	13163
97	13061	103	25	91	0	13280
98	98	13454	30	28	0	13610
99	44	105	18	13339	0	13506
100	19	13611	28	110	0	13768
101	16	126	13510	53	0	13705
102	17	46	13446	32	0	13541
103	16	13620	136	50	0	13822
104	27	112	47	13715	0	13901
105	30	55	13740	112	0	13937
106	10	13722	142	93	0	13967
107	13763	112	46	65	0	13986
108	119	47	43	13847	0	14056
109	34	43	14224	117	0	14418
110	20	14251	130	56	0	14457
111	47	124	45	14358	0	14574
112	40	46	27	14415	0	14528
113	14190	32	29	178	0	14429
114	107	46	14194	50	0	14397
115	44	36	119	14190	0	14389
116	30	42	13900	134	0	14106
117	16	13291	131	66	0	13504
118	13021	121	52	67	0	13261
119	109	12810	59	38	0	13016
120	51	131	38	12384	0	12604
121	32	12359	42	123	0	12556
122	12216	135	38	60	0	12449
123	122	12294	32	42	0	12490
124	50	155	12170	21	0	12396
125	27	12133	135	51	0	12346
126	11973	138	49	56	0	12216
127	131	71	12171	31	0	12404
128	65	46	140	12212	0	12463
129	11908	34	53	158	0	12153
130	166	36	41	11645	0	11888
131	11669	35	40	161	0	11905
132	11776	28	32	76	0	11912
133	183	39	27	11704	0	11953
134	87	37	19	11750	0	11893
135	11583	32	29	199	0	11843
136	11562	40	19	86	0	11707
137	197	32	21	11314	0	11564
138	11349	26	30	184	0	11589
139	11454	29	31	84	0	11598
140	185	11450	29	54	0	11718
141	89	133	31	11512	0	11765
142	11651	45	26	179	0	11901
143	11819	45	18	79	0	11961
144	192	36	26	11776	0	12030
145	93	34	20	11894	0	12041
146	11779	24	18	204	0	12025
147	174	11839	40	97	0	12150
148	100	128	18	11822	0	12068
149	78	58	11883	156	0	12175
150	78	40	132	11718	0	11968
151	54	11856	47	168	0	12125
152	66	138	11852	79	0	12135
153	74	54	141	11776	0	12045
154	71	32	51	11818	0	11972
155	43	51	11914	188	0	12196
156	11532	27	135	124	0	11818
157	152	12212	74	60	0	12498
158	12186	134	35	106	0	12461
159	168	57	12130	64	0	12419
160	76	41	12343	57	0	12517
161	11994	38	162	64	0	12258
162	167	12425	59	58	0	12709
163	12374	146	50	64	0	12634
164	163	12479	45	51	0	12738
165	74	163	12499	45	0	12781
166	12369	59	156	66	0	12650
167	162	59	12736	49	0	13006
168	88	45	142	12650	0	12925
169	12679	30	66	178	0	12953
170	12611	29	55	88	0	12783
171	164	12586	44	59	0	12853
172	104	296	40	12185	0	12625
173	64	12407	38	131	0	12640
174	58	135	12249	51	0	12493
175	72	151	130	11676	0	12029
176	47	11555	58	126	0	11786
177	71	125	36	11161	0	11393
178	10812	46	40	133	0	11031
179	117	29	24	10923	0	11093
180	56	10952	22	105	0	11135
181	50	91	16	11001	0	11158
182	36	43	25	10961	0	11065
183	35	10947	28	114	0	11124
184	41	106	15	10962	0	11124
185	44	43	10829	90	0	11006
186	24	10708	76	67	0	10875
187	10123	52	34	54	0	10263
188	67	35	10168	24	0	10294
189	38	28	9991	19	0	10076
190	18	9854	79	21	0	9972
191	95	135	86	9366	0	9682
192	16	26	9249	41	0	9332
193	12	8696	46	22	0	8776
194	18	36	13	8633	0	8700
195	13	14	12	8682	0	8721
196	8562	12	11	60	0	8645
197	36	8617	8	22	0	8683
198	11	51	8358	12	0	8432
199	8	24	8447	15	0	8494
200	16	13	40	8476	0	8545
201	15	8	17	9463	0	9503
202	14	13	8	9600	0	9635
203	8	10795	14	124	0	10941
204	9	139	11156	33	0	11337
205	28	42	144	11662	0	11876
206	8	12169	48	164	0	12389
207	6	12605	31	55	0	12697
208	16	241	13112	24	0	13393
209	33	74	203	13068	0	13378
210	8	51	14380	209	0	14648
211	41	20	251	14355	0	14667
212	33	19	101	14756	0	14909
213	12	33	14585	321	0	14951
214	8	14514	258	132	0	14912
215	14318	229	102	86	0	14735
216	236	98	14683	47	0	15064
217	82	14531	263	44	0	14920
218	44	14847	107	38	0	15036
219	27	324	14432	26	0	14809
220	14193	137	265	34	0	14629
221	263	87	113	13880	0	14343
222	85	14390	88	230	0	14793
223	14339	256	50	115	0	14760
224	269	129	30	14060	0	14488
225	94	14245	52	242	0	14633
226	14347	253	47	136	0	14783
227	253	121	14169	74	0	14617
228	95	14181	262	60	0	14598
229	13991	270	120	76	0	14457
230	250	14034	87	78	0	14449
231	13887	303	67	55	0	14312
232	305	164	49	13619	0	14137
233	116	13630	87	241	0	14074
234	99	280	55	13703	0	14137
235	13572	127	69	311	0	14079
236	249	107	13437	157	0	13950
237	122	90	13605	100	0	13917
238	110	48	337	13316	0	13811
239	82	79	153	13459	0	13773
240	100	74	93	13180	0	13447
241	57	12991	101	356	0	13505
242	55	300	12737	152	0	13244
243	83	159	270	12467	0	12979
244	56	12480	169	264	0	12969
245	64	12890	100	134	0	13188
246	67	350	12719	92	0	13228
247	66	201	12704	65	0	13036
248	73	132	12958	59	0	13222
249	95	90	361	12644	0	13190
250	58	103	12873	266	0	13300
251	89	94	313	12796	0	13292
252	73	75	12899	299	0	13346
253	12473	80	328	166	0	13047
254	285	13172	175	88	0	13720
255	124	13968	104	97	0	14293
256	105	373	14236	76	0	14790
257	13962	171	303	114	0	14550
258	14259	130	144	87	0	14620
259	14281	96	112	91	0	14580
260	425	77	13700	86	0	14288
261	178	80	13989	98	0	14345
262	136	77	411	13690	0	14314
263	13793	66	203	353	0	14415
264	13851	70	148	184	0	14253
265	384	76	13525	136	0	14121
266	13493	85	356	116	0	14050
267	377	82	205	13323	0	13987
268	158	93	13534	355	0	14140
269	101	97	13691	175	0	14064
270	13378	97	450	134	0	14059
271	322	98	13604	108	0	14132
272	13405	85	457	105	0	14052
273	357	77	13595	101	0	14130
274	173	13095	462	133	0	13863
275	125	13602	277	102	0	14106
276	156	378	192	13268	0	13994
277	121	183	189	13619	0	14112
278	116	155	13391	399	0	14061
279	133	134	421	13073	0	13761
280	126	12924	215	368	0	13633
281	139	13207	178	173	0	13697
282	140	13435	167	122	0	13864
283	169	451	154	13054	0	13828
284	154	223	13111	323	0	13811
285	133	150	13171	174	0	13628
286	166	149	454	12769	0	13538
287	164	105	238	12945	0	13452
288	172	87	182	12486	0	12927
289	162	12728	144	402	0	13436
290	12821	311	131	221	0	13484
291	12940	173	120	145	0	13378
292	434	12767	135	125	0	13461
293	223	334	12831	116	0	13504
294	12952	175	364	104	0	13595
295	410	124	13061	98	0	13693
296	12987	103	424	99	0	13613
297	13154	106	208	117	0	13585
298	13004	107	164	126	0	13401
299	12956	104	141	130	0	13331
300	458	12649	148	124	0	13379
301	11669	247	117	132	0	12165
302	306	11604	114	142	0	12166
303	10215	223	105	95	0	10638
304	228	9864	82	79	0	10253
305	123	168	9084	48	0	9423
306	91	752	172	7871	0	8886
307	59	8357	123	128	0	8667
308	51	7896	58	63	0	8068
309	7088	224	289	181	0	7782
310	6511	48	30	35	0	6624
311	103	6592	33	39	0	6767
312	53	70	39	6449	0	6611
313	41	6903	22	72	0	7038
314	7007	86	17	35	0	7145
315	105	38	7050	18	0	7211
316	51	35	98	6887	0	7071
317	58	16	37	6898	0	7009
318	48	31	26	6936	0	7041
319	36	25	6888	95	0	7044
320	30	6932	93	35	0	7090
321	38	7087	36	27	0	7188
322	50	94	29	7124	0	7297
323	31	39	7217	83	0	7370
324	53	30	87	7152	0	7322
325	33	50	40	7229	0	7352
326	39	32	32	7167	0	7270
327	36	31	19	7155	0	7241
328	7058	28	22	132	0	7240
329	88	7069	41	51	0	7249
330	7088	81	36	55	0	7260
331	102	46	7057	41	0	7246
332	46	46	7168	35	0	7295
333	44	36	99	7116	0	7295
334	28	29	43	7178	0	7278
335	41	7251	38	115	0	7445
336	25	101	7337	49	0	7512
337	32	7367	99	70	0	7568
338	24	87	7438	46	0	7595
339	7220	34	98	56	0	7408
340	89	7459	46	49	0	7643
341	48	93	7484	34	0	7659
342	60	34	95	7418	0	7607
343	30	54	7476	93	0	7653
344	25	7413	102	51	0	7591
345	42	88	37	7309	0	7476
346	30	7381	45	93	0	7549
347	30	104	7349	36	0	7519
348	56	30	89	7182	0	7357
349	7171	31	32	96	0	7330
350	96	7078	31	44	0	7249
351	42	98	6923	28	0	7091
352	43	184	79	6581	0	6887
353	33	43	6751	71	0	6898
354	24	32	6093	29	0	6178
355	20	5613	73	19	0	5725
356	52	34	45	5017	0	5148
357	10	18	11	5042	0	5081
358	16	10	14	5047	0	5087
359	4	15	5104	42	0	5165
360	9	7	5070	19	0	5105
361	4846	13	37	23	0	4919
362	29	12	5011	6	0	5058
363	4765	9	37	17	0	4828
364	37	4899	18	12	0	4966
365	15	33	13	4825	0	4886
366	8	5031	18	31	0	5088
367	4	5147	10	30	0	5191
368	7	35	5062	14	0	5118
369	6	26	37	4982	0	5051
370	5	9	5016	37	0	5067
371	4	18	4803	16	0	4841
372	4792	13	37	19	0	4861
373	29	9	4901	19	0	4958
374	15	13	4832	13	0	4873
375	4707	11	42	15	0	4775
376	32	8	4834	17	0	4891
377	15	5	4948	12	0	4980
378	15	8	40	4856	0	4919
379	7	4945	20	36	0	5008
380	11	35	8	4958	0	5012
381	9	17	17	4943	0	4986
382	4971	13	17	44	0	5045
383	36	7	18	4993	0	5054
384	10	5118	14	37	0	5179
385	5064	33	16	27	0	5140
386	31	16	5089	16	0	5152
387	5006	10	47	19	0	5082
388	37	11	5422	13	0	5483
389	13	24	5522	7	0	5566
390	13	5696	55	11	0	5775
391	5785	40	23	19	0	5867
392	45	5918	19	16	0	5998
393	13	48	6018	19	0	6098
394	17	18	54	5771	0	5860
395	6	6078	15	50	0	6149
396	6125	43	14	24	0	6206
397	6140	21	13	19	0	6193
398	57	6149	22	14	0	6242
399	6272	42	19	15	0	6348
400	51	23	15	6100	0	6189
401	17	6210	17	54	0	6298
402	20	41	18	6357	0	6436
403	16	24	14	6670	0	6724
404	6763	6	23	58	0	6850
405	6675	12	23	28	0	6738
406	6665	16	13	15	0	6709
407	68	15	6645	13	0	6741
408	6548	9	54	15	0	6626
409	62	42	22	6714	0	6840
410	21	12	6761	45	0	6839
411	18	12	6494	17	0	6541
412	9	6429	60	12	0	6510
413	5968	36	44	23	0	6071
414	31	6139	12	13	0	6195
415	24	32	2	6109	0	6167
416	21	11	6	6136	0	6174
417	11	15	6316	40	0	6382
418	17	7	41	6210	0	6275
419	8	10	6366	36	0	6420
420	12	4	6255	19	0	6290
421	6	6336	43	19	0	6404
422	14	28	22	6207	0	6271
423	9	11	10	6172	0	6202
424	6177	10	4	29	0	6220
425	35	12	6200	15	0	6262
426	20	5	30	6310	0	6365
427	6399	2	13	52	0	6466
428	32	9	6427	17	0	6485
429	6378	1	35	23	0	6437
430	6481	8	20	15	0	6524
431	37	14	6701	7	0	6759
432	23	9	29	6639	0	6700
433	16	7	16	6729	0	6768
434	15	8	6928	41	0	6992
435	6863	3	40	25	0	6931
436	6968	4	27	29	0	7028
437	6932	8	14	15	0	6969
438	6925	3	16	18	0	6962
439	6923	12	20	15	0	6970
440	60	10	6604	6	0	6680
441	21	15	7054	10	0	7100
442	13	7141	43	18	0	7215
443	20	32	7186	26	0	7264
444	16	19	39	7138	0	7212
445	26	10	29	6438	0	6503
446	30	4	16	7335	0	7385
447	27	16	10	7352	0	7405
448	28	7	7404	44	0	7483
449	28	7333	38	24	0	7423
450	19	7736	26	16	0	7797
451	19	47	22	7500	0	7588
452	8	7819	17	47	0	7891
453	7914	52	13	17	0	7996
454	7981	12	16	21	0	8030
455	65	8251	12	21	0	8349
456	41	39	9	8276	0	8365
457	26	15	12	8414	0	8467
458	21	14	8451	71	0	8557
459	8136	7	65	32	0	8240
460	8567	17	34	20	0	8638
461	68	8732	22	22	0	8844
462	8793	62	12	29	0	8896
463	67	27	8936	17	0	9047
464	40	8906	56	25	0	9027
465	34	9132	21	20	0	9207
466	19	9105	28	17	0	9169
467	29	74	13	9042	0	9158
468	8990	27	23	76	0	9116
469	70	15	25	9164	0	9274
470	42	15	9353	73	0	9483
471	29	19	77	9418	0	9543
472	22	15	9708	83	0	9828
473	32	12	78	9580	0	9702
474	16	12	41	9455	0	9524
475	15	9671	30	90	0	9806
476	9824	75	14	47	0	9960
477	83	29	22	9630	0	9764
478	44	9741	20	91	0	9896
479	9879	76	17	40	0	10012
480	9346	32	19	33	0	9430
481	9878	21	26	28	0	9953
482	98	9926	20	28	0	10072
483	39	85	9930	25	0	10079
484	31	33	82	9891	0	10037
485	35	42	29	9842	0	9948
486	27	9885	27	97	0	10036
487	27	73	9930	50	0	10080
488	31	30	9733	37	0	9831
489	9464	21	88	30	0	9603
490	86	48	29	9503	0	9666
491	29	23	9855	76	0	9983
492	21	10169	78	35	0	10303
493	28	82	31	9895	0	10036
494	30	10207	27	68	0	10332
495	25	88	10131	32	0	10276
496	9807	39	71	43	0	9960
497	10113	23	24	35	0	10195
498	87	10153	29	30	0	10299
499	42	71	26	10085	0	10224
500	34	30	10113	79	0	10256
501	23	10027	90	27	0	10167
502	9881	87	28	31	0	10027
503	73	9648	21	23	0	9765
504	19	9682	26	20	0	9747
505	32	83	19	9526	0	9660
506	12	9597	18	82	0	9709
507	9556	76	16	38	0	9686
508	81	39	14	9471	0	9605
509	30	21	9261	66	0	9378
510	28	24	8863	24	0	8939
511	20	30	71	8948	0	9069
512	13	8991	28	67	0	9099
513	8980	67	26	34	0	9107
514	72	28	12	8820	0	8932
515	29	27	8763	64	0	8883
516	18	21	62	8732	0	8833
517	16	26	31	8639	0	8712
518	8542	14	16	97	0	8669
519	68	22	18	8498	0	8606
520	42	24	8398	68	0	8532
521	32	13	8475	29	0	8549
522	18	21	74	8624	0	8737
523	24	29	31	8800	0	8884
524	15	21	9047	81	0	9164
525	8426	22	69	43	0	8560
526	73	31	8996	23	0	9123
527	21	9011	70	35	0	9137
528	25	66	29	9105	0	9225
529	23	23	9126	76	0	9248
530	25	19	9025	36	0	9105
531	18	27	78	8914	0	9037
532	8932	13	40	80	0	9065
533	55	29	9090	36	0	9210
534	28	9066	77	27	0	9198
535	9055	69	27	43	0	9194
536	70	30	9135	22	0	9257
537	8908	15	70	44	0	9037
538	9169	11	32	37	0	9249
539	78	9381	31	27	0	9517
540	37	62	27	9096	0	9222
541	25	9394	22	65	0	9506
542	20	79	9362	20	0	9481
543	9325	32	82	34	0	9473
544	9887	23	35	39	0	9984
545	103	26	10047	24	0	10200
546	45	18	10108	32	0	10203
547	28	10473	112	20	0	10633
548	10589	97	38	25	0	10749
549	105	33	26	10537	0	10701
550	44	17	27	10192	0	10280
551	24	10324	34	93	0	10475
552	10207	83	29	54	0	10373
553	88	33	10329	21	0	10471
554	44	18	82	10894	0	11038
555	11088	18	37	142	0	11285
556	137	11301	31	36	0	11505
557	54	134	12192	15	0	12395
558	38	35	12438	13	0	12524
559	37	73	189	12172	0	12471
560	23	12547	54	154	0	12778
561	23	178	12681	38	0	12920
562	25	42	181	12737	0	12985
563	12967	30	46	198	0	13241
564	191	20	13265	43	0	13519
565	58	19	202	13400	0	13679
566	40	35	13547	185	0	13807
567	29	24	13773	46	0	13872
568	58	74	230	13574	0	13936
569	21	22	13771	190	0	14004
570	12475	14	209	67	0	12765
571	179	21	13536	35	0	13771
572	12901	9	209	40	0	13159
573	183	13314	59	32	0	13588
574	13574	160	48	47	0	13829
575	196	13837	44	20	0	14097
576	54	181	33	13877	0	14145
577	55	36	45	14330	0	14466
578	32	47	14194	207	0	14480
579	33	28	14383	67	0	14511
580	29	25	227	14462	0	14743
581	25	27	14620	199	0	14871
582	33	17	228	14275	0	14553
583	27	14257	71	225	0	14580
584	23	14697	77	57	0	14854
585	46	216	44	14522	0	14828
586	40	64	47	14657	0	14808
587	24	50	14399	228	0	14701
588	38	53	199	14203	0	14493
589	23	14112	80	216	0	14431
590	22	14158	71	75	0	14326
591	18	14109	53	64	0	14244
592	37	212	48	13433	0	13730
593	18	13447	57	216	0	13738
594	13323	203	47	78	0	13651
595	197	63	38	13271	0	13569
596	50	52	13216	217	0	13535
597	56	44	206	13170	0	13476
598	30	38	13281	227	0	13576
599	33	51	13328	70	0	13482
600	31	39	13381	68	0	13519
601	25	13212	268	67	0	13572
602	29	208	13355	61	0	13653
603	13224	63	237	80	0	13604
604	13405	66	77	66	0	13614
605	13532	44	85	70	0	13731
606	248	45	53	13420	0	13766
607	13402	39	69	231	0	13741
608	215	13161	66	83	0	13525
609	66	13741	76	68	0	13951
610	13610	214	74	84	0	13982
611	215	83	13879	58	0	14235
612	89	58	229	13876	0	14252
613	66	59	14055	215	0	14395
614	46	76	14186	72	0	14380
615	44	14090	254	75	0	14463
616	60	207	115	13829	0	14211
617	58	77	83	14242	0	14460
618	14065	60	81	260	0	14466
619	207	14068	73	114	0	14462
620	65	14389	81	91	0	14626
621	73	227	14271	83	0	14654
622	53	14349	262	74	0	14738
623	14262	232	101	92	0	14687
624	14338	88	114	79	0	14619
625	232	89	14383	65	0	14769
626	77	84	14474	81	0	14716
627	84	72	295	14044	0	14495
628	83	67	128	14013	0	14291
629	72	14021	116	261	0	14470
630	73	230	103	14050	0	14456
631	76	78	114	14067	0	14335
632	55	13895	102	295	0	14347
633	87	218	108	13817	0	14230
634	69	86	102	13654	0	13911
635	50	13417	110	301	0	13878
636	55	222	13447	131	0	13855
637	67	82	275	13638	0	14062
638	13668	77	100	285	0	14130
639	13619	75	107	116	0	13917
640	265	88	13530	84	0	13967
641	13296	73	234	115	0	13718
642	13563	81	81	107	0	13832
643	249	13448	87	94	0	13878
644	96	201	12863	83	0	13243
645	58	78	12830	111	0	13077
646	58	77	240	13041	0	13416
647	12911	53	123	244	0	13331
648	13433	43	104	101	0	13681
649	247	55	73	14058	0	14433
650	14922	62	65	268	0	15317
651	15428	54	70	124	0	15676
652	15530	64	68	123	0	15785
653	302	79	15279	65	0	15725
654	109	54	14914	73	0	15150
655	14492	30	225	86	0	14833
656	204	45	14608	58	0	14915
657	61	13794	157	33	0	14045
658	106	180	124	13549	0	13959
659	39	42	13931	123	0	14135
660	42	43	13773	36	0	13894
661	53	104	159	13367	0	13683
662	30	23	13470	123	0	13646
663	25	22	13260	34	0	13341
664	22	12588	143	36	0	12789
665	23	12908	62	16	0	13009
666	12871	113	45	28	0	13057
667	130	38	16	12713	0	12897
668	12762	21	26	117	0	12926
669	118	27	12843	19	0	13007
670	42	13	111	12797	0	12963
671	38	19	40	12899	0	12996
672	12861	11	33	133	0	13038
673	104	12860	35	50	0	13049
674	41	114	12601	32	0	12788
675	43	54	12520	21	0	12638
676	21	12754	129	24	0	12928
677	26	99	12575	16	0	12716
678	18	12437	113	16	0	12584
679	16	12220	39	17	0	12292
680	22	111	11905	17	0	12055
681	11636	36	94	25	0	11791
682	99	31	19	12088	0	12237
683	24	12168	39	87	0	12318
684	41	79	20	12151	0	12291
685	12136	20	20	109	0	12285
686	11103	19	34	40	0	11196
687	11104	12	26	38	0	11180
688	101	22	11107	18	0	11248
689	44	17	90	11047	0	11198
690	30	11211	24	79	0	11344
691	11567	74	28	31	0	11700
692	93	25	25	11680	0	11823
693	46	23	20	11706	0	11795
694	52	12	18	11912	0	11994
695	21	22	12827	94	0	12964
696	12335	15	88	49	0	12487
697	104	12920	35	35	0	13094
698	59	82	27	12905	0	13073
699	53	26	23	13014	0	13116
700	13211	27	25	127	0	13390
701	116	20	13205	39	0	13380
702	42	28	13419	26	0	13515
703	37	13416	119	28	0	13600
704	23	108	13668	18	0	13817
705	13207	27	139	34	0	13407
706	105	13890	47	28	0	14070
707	36	105	13976	20	0	14137
708	13214	36	118	35	0	13403
709	114	41	14086	33	0	14274
710	41	14232	133	31	0	14437
711	60	110	37	14168	0	14375
712	42	38	35	14332	0	14447
713	24	38	14152	129	0	14343
714	33	36	13884	44	0	13997
715	26	14003	140	38	0	14207
716	13976	106	61	43	0	14186
717	113	14253	48	28	0	14442
718	53	124	35	14309	0	14521
719	36	47	14299	115	0	14497
720	13609	35	127	41	0	13812
721	135	20	47	14129	0	14331
722	42	13940	55	117	0	14154
723	32	14299	57	45	0	14433
724	40	128	43	14241	0	14452
725	53	52	25	14328	0	14458
726	14213	41	46	144	0	14444
727	134	37	34	14384	0	14589
728	37	24	14414	149	0	14624
729	14263	25	143	56	0	14487
730	14595	29	53	56	0	14733
731	135	33	14682	34	0	14884
732	14590	34	125	36	0	14785
733	161	25	49	14948	0	15183
734	66	30	44	15120	0	15260
735	47	33	32	15189	0	15301
736	41	24	31	15061	0	15157
737	29	15214	31	181	0	15455
738	15530	136	28	92	0	15786
739	15934	49	32	63	0	16078
740	184	53	16675	48	0	16960
741	16802	19	158	63	0	17042
742	17569	18	57	48	0	17692
743	17864	26	44	56	0	17990
744	18313	24	41	62	0	18440
745	251	18162	46	50	0	18509
746	124	231	19	17688	0	18062
747	69	58	17801	173	0	18101
748	48	55	16964	60	0	17127
749	15466	166	372	120	0	16124
750	15274	68	145	52	0	15539
751	160	14905	45	21	0	15131
752	14967	120	33	27	0	15147
753	158	15119	27	30	0	15334
754	94	131	19	15138	0	15382
755	15415	42	24	135	0	15616
756	15338	31	19	56	0	15444
757	15247	18	19	52	0	15336
758	187	15079	20	23	0	15309
759	15018	120	15	32	0	15185
760	180	55	10	15128	0	15373
761	15345	28	14	145	0	15532
762	170	31	15094	49	0	15344
763	86	15218	121	34	0	15459
764	15206	123	45	46	0	15420
765	163	56	15230	25	0	15474
766	96	44	121	15282	0	15543
767	65	34	15439	129	0	15667
768	66	31	15342	45	0	15484
769	66	29	166	15118	0	15379
770	57	31	15407	133	0	15628
771	60	16	155	15368	0	15599
772	47	25	70	15446	0	15588
773	15535	12	46	206	0	15799
774	158	15483	50	82	0	15773
775	75	15815	42	54	0	15986
776	53	15866	43	43	0	16005
777	44	199	15726	37	0	16006
778	53	82	152	15684	0	15971
779	37	53	15917	159	0	16166
780	15407	33	171	92	0	15703
781	15820	32	76	58	0	15986
782	198	15893	60	41	0	16192
783	114	163	33	15757	0	16067
784	70	16007	47	142	0	16266
785	16031	168	38	90	0	16327
786	201	70	41	16026	0	16338
787	96	61	16029	155	0	16341
788	82	15903	164	78	0	16227
789	69	172	16144	52	0	16437
790	71	75	169	16099	0	16414
791	41	70	15965	172	0	16248
792	15380	44	188	92	0	15704
793	178	42	15975	56	0	16251
794	85	15910	194	53	0	16242
795	89	163	78	15885	0	16215
796	73	74	66	16077	0	16290
797	15933	52	49	211	0	16245
798	15984	39	56	109	0	16188
799	205	15863	53	69	0	16190
800	92	152	15604	48	0	15896
801	71	71	15458	45	0	15645
802	15442	48	202	56	0	15748
803	187	39	15710	51	0	15987
804	88	49	15483	44	0	15664
805	93	42	15576	39	0	15750
806	64	46	15510	37	0	15657
807	55	15451	237	43	0	15786
808	15538	169	126	51	0	15884
809	196	69	87	15233	0	15585
810	15173	41	79	185	0	15478
811	193	15043	93	69	0	15398
812	15112	166	72	66	0	15416
813	201	15454	75	42	0	15772
814	110	185	68	15429	0	15792
815	68	15956	61	173	0	16258
816	69	202	15919	75	0	16265
817	81	16147	183	61	0	16472
818	79	205	83	16562	0	16929
819	16536	106	67	190	0	16899
820	209	93	55	16504	0	16861
821	111	79	16605	197	0	16992
822	103	55	187	16376	0	16721
823	64	16547	115	220	0	16946
824	76	193	16664	84	0	17017
825	16628	90	227	73	0	17018
826	208	83	103	17136	0	17530
827	17014	50	75	229	0	17368
828	17042	54	69	128	0	17293
829	254	17003	76	90	0	17423
830	17006	189	67	73	0	17335
831	17196	106	64	86	0	17452
832	261	17045	81	55	0	17442
833	141	189	74	17111	0	17515
834	113	93	65	17048	0	17319
835	76	17076	83	249	0	17484
836	97	190	61	17291	0	17639
837	56	116	17077	197	0	17446
838	91	146	190	16660	0	17087
839	65	63	16454	216	0	16798
840	72	47	15194	92	0	15405
841	49	15095	208	83	0	15435
842	47	14807	114	53	0	15021
843	50	14864	88	57	0	15059
844	137	185	92	14193	0	14607
845	30	77	14241	126	0	14474
846	13922	40	139	78	0	14179
847	151	29	66	14242	0	14488
848	56	43	14278	118	0	14495
849	52	37	14235	63	0	14387
850	28	14438	166	51	0	14683
851	36	146	68	14347	0	14597
852	14168	60	35	143	0	14406
853	117	13962	46	66	0	14191
854	50	13798	33	46	0	13927
855	33	13708	37	51	0	13829
856	41	169	37	13737	0	13984
857	25	14045	39	135	0	14244
858	41	139	36	14688	0	14904
859	47	55	34	14988	0	15124
860	31	54	14800	177	0	15062
861	13815	33	147	95	0	14090
862	144	42	15021	33	0	15240
863	83	59	148	15064	0	15354
864	36	37	15189	165	0	15427
865	24	15038	176	72	0	15310
866	14960	167	77	76	0	15280
867	171	76	66	14809	0	15122
868	79	36	43	15013	0	15171
869	14961	22	43	215	0	15241
870	14916	36	40	98	0	15090
871	15161	27	34	80	0	15302
872	222	45	15016	44	0	15327
873	14515	41	150	53	0	14759
874	191	14634	52	46	0	14923
875	65	14679	43	53	0	14840
876	68	177	31	14358	0	14634
877	55	78	29	14210	0	14372
878	46	14208	40	176	0	14470
879	54	154	28	14218	0	14454
880	14145	62	40	177	0	14424
881	146	54	14160	83	0	14443
882	68	14062	154	49	0	14333
883	13885	150	56	51	0	14142
884	138	13868	44	76	0	14126
885	63	165	13855	40	0	14123
886	59	77	145	13813	0	14094
887	42	60	13788	141	0	14031
888	41	13654	163	72	0	13930
889	53	155	69	13591	0	13868
890	34	69	13545	156	0	13804
891	46	61	13528	62	0	13697
892	42	47	173	13658	0	13920
893	13598	33	71	172	0	13874
894	13638	32	56	94	0	13820
895	13663	39	37	71	0	13810
896	205	45	13767	35	0	14052
897	74	13750	148	47	0	14019
898	53	145	74	13711	0	13983
899	44	56	48	13549	0	13697
900	34	13610	42	171	0	13857
901	13513	155	34	86	0	13788
902	162	61	25	13376	0	13624
903	71	44	13343	154	0	13612
904	45	13295	149	71	0	13560
905	13008	141	65	71	0	13285
906	140	13140	52	61	0	13393
907	76	144	43	12967	0	13230
908	59	67	40	13034	0	13200
909	55	40	37	13066	0	13198
910	48	50	12954	186	0	13238
911	51	46	146	12688	0	12931
912	48	12629	72	160	0	12909
913	36	12451	54	80	0	12621
914	56	164	12063	49	0	12332
915	11555	56	128	75	0	11814
916	11833	46	55	74	0	12008
917	153	11589	48	49	0	11839
918	11075	116	56	56	0	11303
919	11118	54	21	51	0	11244
920	136	11463	32	44	0	11675
921	76	146	27	11600	0	11849
922	50	63	12056	136	0	12305
923	53	54	11717	55	0	11879
924	11986	53	163	63	0	12265
925	148	12055	61	59	0	12323
926	70	138	54	11939	0	12201
927	48	65	31	12149	0	12293
928	61	42	39	12170	0	12312
929	11940	38	34	202	0	12214
930	160	32	41	12001	0	12234
931	93	31	32	11951	0	12107
932	54	39	11615	173	0	11881
933	11098	31	130	88	0	11347
934	155	11464	64	67	0	11750
935	11359	122	39	68	0	11588
936	150	11165	36	37	0	11388
937	78	136	23	11172	0	11409
938	11201	51	29	159	0	11440
939	11305	35	31	81	0	11452
940	161	37	11213	60	0	11471
941	11381	37	124	50	0	11592
942	169	35	11505	41	0	11750
943	72	33	11291	41	0	11437
944	49	40	11370	40	0	11499
945	37	36	11729	43	0	11845
946	55	36	176	11937	0	12204
947	40	28	12089	159	0	12316
948	47	34	175	11884	0	12140
949	11904	23	76	180	0	12183
950	169	28	60	11832	0	12089
951	11748	26	48	203	0	12025
952	169	11737	47	75	0	12028
953	87	171	41	11738	0	12037
954	62	59	11819	168	0	12108
955	46	12088	165	75	0	12374
956	80	246	56	11918	0	12300
957	65	48	11978	164	0	12255
958	24	11611	143	58	0	11836
959	22	11634	41	55	0	11752
960	41	155	11437	29	0	11662
961	48	139	175	11055	0	11417
962	34	38	11031	143	0	11246
963	10592	22	149	52	0	10815
964	10842	11	35	41	0	10929
965	145	10713	39	21	0	10918
966	10742	118	16	25	0	10901
967	158	37	16	10758	0	10969
968	38	32	10689	127	0	10886
969	10385	10	128	47	0	10570
970	132	15	10541	32	0	10720
971	40	10461	145	14	0	10660
972	10589	126	55	30	0	10800
973	143	35	37	10581	0	10796
974	46	37	10583	124	0	10790
975	10471	8	128	51	0	10658
976	10509	12	49	38	0	10608
977	10570	14	36	28	0	10648
978	177	11	23	10436	0	10647
979	66	17	23	10609	0	10715
980	38	18	10562	155	0	10773
981	27	10531	135	60	0	10753
982	43	122	46	10457	0	10668
983	43	31	38	10612	0	10724
984	23	43	10484	150	0	10700
985	32	20	10440	63	0	10555
986	33	6	159	10483	0	10681
987	10392	16	68	156	0	10632
988	138	10380	51	56	0	10625
989	10411	130	35	56	0	10632
990	151	10422	43	32	0	10648
991	54	145	10394	35	0	10628
992	39	58	10531	38	0	10666
993	10427	33	175	41	0	10676
994	11031	23	73	41	0	11168
995	182	10912	54	60	0	11208
996	85	149	10693	41	0	10968
997	75	55	155	10651	0	10936
998	60	47	55	10630	0	10792
999	49	10665	65	173	0	10952
1000	53	140	41	10792	0	11026
1001	45	68	10812	165	0	11090
1002	10654	49	154	78	0	10935
1003	10774	35	65	68	0	10942
1004	10848	34	54	48	0	10984
1005	11038	26	44	45	0	11153
1006	229	31	10770	37	0	11067
1007	10753	14	168	39	0	10974
1008	214	34	10789	27	0	11064
1009	94	10709	194	31	0	11028
1010	84	134	93	10824	0	11135
1011	10946	55	67	175	0	11243
1012	185	46	48	11294	0	11573
1013	91	34	11325	197	0	11647
1014	11327	38	190	83	0	11638
1015	11560	25	77	84	0	11746
1016	241	17	70	11409	0	11737
1017	124	23	47	11523	0	11717
1018	88	39	11341	214	0	11682
1019	66	11348	176	104	0	11694
1020	10986	147	75	60	0	11268
1021	168	66	10589	38	0	10861
1022	10083	43	160	46	0	10332
1023	179	10195	60	38	0	10472
1024	9999	132	63	28	0	10222
1025	180	9795	38	33	0	10046
1026	93	9845	40	35	0	10013
1027	81	167	45	9648	0	9941
1028	69	66	21	9819	0	9975
1029	57	33	31	9881	0	10002
1030	68	19	24	9847	0	9958
1031	47	39	9583	191	0	9860
1032	9458	33	131	87	0	9709
1033	9646	23	48	67	0	9784
1034	9691	24	48	49	0	9812
1035	206	24	29	9510	0	9769
1036	119	16	27	9581	0	9743
1037	9530	12	40	168	0	9750
1038	9557	22	28	83	0	9690
1039	9581	30	34	52	0	9697
1040	219	42	24	9279	0	9564
1041	107	25	30	9159	0	9321
1042	63	28	8907	159	0	9157
1043	57	19	8742	82	0	8900
1044	44	8691	147	59	0	8941
1045	7963	183	173	106	0	8425
1046	7922	40	90	43	0	8095
1047	7912	20	31	38	0	8001
1048	163	23	7917	31	0	8134
1049	7851	23	94	48	0	8016
1050	7960	18	38	45	0	8061
1051	8026	16	39	25	0	8106
1052	169	19	31	7827	0	8046
1053	104	13	19	7850	0	7986
1054	83	11	18	7725	0	7837
1055	57	13	7229	128	0	7427
1056	6813	19	86	59	0	6977
1057	108	6871	40	40	0	7059
1058	6302	64	16	28	0	6410
1059	89	6161	15	33	0	6298
1060	44	6211	17	29	0	6301
1061	59	83	43	6085	0	6270
1062	56	56	33	6011	0	6156
1063	38	5968	14	81	0	6101
1064	5894	56	9	43	0	6002
1065	5889	30	12	39	0	5970
1066	90	17	11	5812	0	5930
1067	49	14	5755	77	0	5895
1068	33	13	5699	44	0	5789
1069	34	14	5829	31	0	5908
1070	38	13	5788	24	0	5863
1071	5554	25	108	36	0	5723
1072	5493	12	47	24	0	5576
1073	96	10	28	5386	0	5520
1074	57	9	5362	64	0	5492
1075	50	11	64	5504	0	5629
1076	36	5567	41	63	0	5707
1077	38	5961	21	38	0	6058
1078	5942	73	20	40	0	6075
1079	5935	30	13	37	0	6015
1080	5915	21	16	31	0	5983
1081	94	18	23	5814	0	5949
1082	56	13	18	5947	0	6034
1083	46	12	15	5990	0	6063
1084	48	13	9	6006	0	6076
1085	31	16	5954	103	0	6104
1086	32	7	62	5943	0	6044
1087	6199	11	30	85	0	6325
1088	88	11	20	6266	0	6385
1089	56	9	13	6378	0	6456
1090	41	42	13	6295	0	6391
1091	25	6217	14	104	0	6360
1092	27	6154	19	57	0	6257
1093	19	6132	17	38	0	6206
1094	24	67	16	5767	0	5874
1095	26	28	14	5816	0	5884
1096	5852	14	6	79	0	5951
1097	5878	12	9	34	0	5933
1098	5900	7	10	30	0	5947
1099	79	11	10	5886	0	5986
1100	40	8	7	5902	0	5957
1101	27	5891	12	63	0	5993
1102	23	6005	9	37	0	6074
1103	5885	56	11	34	0	5986
1104	65	21	5	5796	0	5887
1105	5784	11	7	65	0	5867
1106	5885	10	12	33	0	5940
1107	64	2	8	5880	0	5954
1108	27	6078	13	56	0	6174
1109	6138	45	7	25	0	6215
1110	6235	18	10	22	0	6285
1111	66	18	6373	15	0	6472
1112	5982	8	34	17	0	6041
1113	40	6079	11	5	0	6135
1114	19	26	8	6206	0	6259
1115	6793	9	6	45	0	6853
1116	51	6	1	6950	0	7008
1117	18	3	0	6955	0	6976
1118	11	6998	3	48	0	7060
1119	6969	32	3	28	0	7032
1120	7010	9	1	19	0	7039
1121	42	7012	11	9	0	7074
1122	25	7421	5	11	0	7462
1123	7440	42	7	20	0	7509
1124	7397	13	3	20	0	7433
1125	48	17	7317	7	0	7389
1126	20	21	7105	6	0	7152
1127	22	15	7487	8	0	7532
1128	23	5	46	7654	0	7728
1129	23	4	17	7734	0	7778
1130	9	7	7723	39	0	7778
1131	7690	5	39	32	0	7766
1132	7988	5	11	32	0	8036
1133	8019	2	14	32	0	8067
1134	8002	2	14	18	0	8036
1135	54	8	8733	6	0	8801
1136	8875	4	35	36	0	8950
1137	9159	4	32	33	0	9228
1138	9273	4	17	32	0	9326
1139	9309	8	9	33	0	9359
1140	9315	5	4	28	0	9352
1141	65	13	9545	8	0	9631
1142	30	9654	38	6	0	9728
1143	36	33	11	9725	0	9805
1144	24	9	15	9833	0	9881
1145	11	23	9826	43	0	9903
1146	9356	8	38	45	0	9447
1147	49	6	13	9801	0	9869
1148	23	10	9968	43	0	10044
1149	28	11	9683	15	0	9737
1150	22	10334	52	27	0	10435
1151	28	36	22	10532	0	10618
1152	19	14	16	10609	0	10658
1153	20	15	11	10619	0	10665
1154	10646	7	8	73	0	10734
1155	55	7	6	10685	0	10753
1156	27	17	10695	52	0	10791
1157	26	14	10087	25	0	10152
1158	23	31	11087	14	0	11155
1159	28	13	62	11451	0	11554
1160	11494	8	31	65	0	11598
1161	45	14	11530	20	0	11609
1162	11463	5	43	42	0	11553
1163	12608	5	19	77	0	12709
1164	75	9	21	13018	0	13123
1165	42	5	17	13200	0	13264
1166	26	13393	20	67	0	13506
1167	21	43	13544	24	0	13632
1168	13426	16	44	48	0	13534
1169	50	14	16	14069	0	14149
1170	22	14032	34	58	0	14146
1171	39	41	9	14241	0	14330
1172	22	23	14255	61	0	14361
1173	33	29	46	14165	0	14273
1174	12	14217	31	61	0	14321
1175	27	43	23	14127	0	14220
1176	14112	12	15	77	0	14216
1177	51	17	11	13952	0	14031
1178	17	13827	18	59	0	13921
1179	25	14030	18	31	0	14104
1180	13701	39	15	65	0	13820
1181	53	34	14089	24	0	14200
1182	27	24	46	14119	0	14216
1183	32	17	21	14471	0	14541
1184	25	24	14657	50	0	14756
1185	21	14740	55	39	0	14855
1186	15	57	14833	32	0	14937
1187	28	62	53	14459	0	14602
1188	15	14946	30	50	0	15041
1189	15061	33	24	65	0	15183
1190	44	15094	28	39	0	15205
1191	18	15294	34	32	0	15378
1192	15436	52	19	63	0	15570
1193	15682	23	16	70	0	15791
1194	15862	14	21	61	0	15958
1195	65	11	11	16079	0	16166
1196	32	35	16062	38	0	16167
1197	16144	11	42	74	0	16271
1198	17003	15	14	61	0	17093
1199	86	12	14	17674	0	17786
1200	28	35	17675	83	0	17821
1201	20	17692	94	21	0	17827
1202	17751	77	19	71	0	17918
1203	18578	20	19	97	0	18714
1204	94	18875	27	20	0	19016
1205	41	19355	29	24	0	19449
1206	19356	93	12	66	0	19527
1207	19351	34	13	71	0	19469
1208	19280	27	6	65	0	19378
1209	133	22	9	19260	0	19424
1210	53	49	19518	83	0	19703
1211	61	16	81	19356	0	19514
1212	30	37	19379	100	0	19546
1213	22	19119	110	34	0	19285
1214	25	19303	45	34	0	19407
1215	76	91	27	18678	0	18872
1216	49	32	16	18870	0	18967
1217	32	25	19	18765	0	18841
1218	15	18845	34	114	0	19008
1219	18744	94	18	94	0	18950
1220	18683	26	17	84	0	18810
1221	113	19024	32	32	0	19201
1222	73	90	6	18596	0	18765
1223	36	18733	28	93	0	18890
1224	53	95	18	18749	0	18915
1225	39	18904	27	106	0	19076
1226	18945	99	13	91	0	19148
1227	116	33	15	18846	0	19010
1228	40	65	18749	101	0	18955
1229	18505	24	91	118	0	18738
1230	18702	27	40	86	0	18855
1231	114	68	18615	31	0	18828
1232	81	40	85	18713	0	18919
1233	48	53	18854	113	0	19068
1234	41	30	93	18972	0	19136
1235	24	56	18193	125	0	18398
1236	17796	35	102	83	0	18016
1237	144	38	27	17997	0	18206
1238	49	18300	48	111	0	18508
1239	18759	122	20	105	0	19006
1240	150	42	22	19080	0	19294
1241	67	43	17	19053	0	19180
1242	42	72	18955	169	0	19238
1243	70	40	127	19771	0	20008
1244	57	49	20161	200	0	20467
1245	47	56	20647	67	0	20817
1246	71	27	215	21316	0	21629
1247	51	56	22676	205	0	22988
1248	22689	23	261	125	0	23098
1249	25242	28	81	128	0	25479
1250	26307	21	68	124	0	26520
1251	435	26955	82	70	0	27542
1252	247	354	48	27475	0	28124
1253	218	110	45	27463	0	27836
1254	101	27864	72	419	0	28456
1255	27919	381	46	264	0	28610
1256	412	152	34	27894	0	28492
1257	168	156	28178	421	0	28923
1258	154	96	27551	196	0	27997
1259	86	27468	511	196	0	28261
1260	27612	365	219	170	0	28366
1261	413	156	27585	98	0	28252
1262	26869	144	449	107	0	27569
1263	485	26263	194	120	0	27062
1264	194	399	26405	85	0	27083
1265	178	180	26290	77	0	26725
1266	117	165	26466	82	0	26830
1267	107	25856	596	105	0	26664
1268	112	433	26054	72	0	26671
1269	25570	135	543	104	0	26352
1270	452	154	215	25517	0	26338
1271	214	96	191	26004	0	26505
1272	241	85	127	26095	0	26548
1273	208	55	94	26410	0	26767
1274	135	95	26118	605	0	26953
1275	128	72	430	26185	0	26815
1276	147	62	180	26505	0	26894
1277	26016	62	192	620	0	26890
1278	26658	75	145	348	0	27226
1279	26559	57	154	263	0	27033
1280	620	95	26747	164	0	27626
1281	293	26555	480	152	0	27480
1282	238	27287	255	134	0	27914
1283	26500	486	185	166	0	27337
1284	444	26714	168	128	0	27454
1285	278	527	133	26335	0	27273
1286	268	204	118	26875	0	27465
1287	133	216	26542	540	0	27431
1288	111	26228	503	317	0	27159
1289	125	461	26115	233	0	26934
1290	25673	168	545	222	0	26608
1291	26348	178	237	182	0	26945
1292	612	111	235	25886	0	26844
1293	358	106	146	25787	0	26397
1294	276	82	150	25825	0	26333
1295	242	96	106	26075	0	26519
1296	151	121	25627	705	0	26604
1297	181	143	419	25383	0	26126
1298	113	80	25253	602	0	26048
1299	105	94	24577	307	0	25083
1300	78	24351	561	273	0	25263
1301	24551	365	342	193	0	25451
1302	423	24798	251	157	0	25629
1303	283	481	167	24078	0	25009
1304	183	217	24733	421	0	25554
1305	23997	173	441	252	0	24863
1306	452	126	24275	220	0	25073
1307	24266	107	543	176	0	25092
1308	24701	88	240	185	0	25214
1309	638	92	226	24686	0	25642
1310	379	88	165	24499	0	25131
1311	319	90	199	24559	0	25167
1312	200	90	24049	662	0	25001
1313	23803	100	465	386	0	24754
1314	488	23739	250	333	0	24810
1315	336	408	207	23861	0	24812
1316	23914	171	159	540	0	24784
1317	24185	184	160	313	0	24842
1318	24262	133	122	299	0	24816
1319	748	142	23699	235	0	24824
1320	24129	115	500	218	0	24962
1321	24463	133	238	237	0	25071
1322	672	128	23775	233	0	24808
1323	385	128	24523	190	0	25226
1324	386	129	630	24221	0	25366
1325	272	118	24619	498	0	25507
1326	184	23724	687	289	0	24884
1327	169	24497	416	223	0	25305
1328	24018	510	315	193	0	25036
1329	546	24353	225	177	0	25301
1330	360	539	224	24251	0	25374
1331	24013	238	207	522	0	24980
1332	572	24333	207	302	0	25414
1333	344	488	199	24217	0	25248
1334	265	233	218	24492	0	25208
1335	210	191	24067	661	0	25129
1336	225	147	529	24028	0	24929
1337	182	164	23914	668	0	24928
1338	182	115	23695	387	0	24379
1339	220	87	578	23053	0	23938
1340	213	116	315	23128	0	23772
1341	22785	82	213	689	0	23769
1342	498	23277	207	410	0	24392
1343	301	398	160	22675	0	23534
1344	299	507	130	22266	0	23202
1345	21571	147	114	612	0	22444
1346	473	20792	154	360	0	21779
1347	263	19426	112	247	0	20048
1348	200	18550	115	183	0	19048
1349	103	16629	114	115	0	16961
1350	14544	246	470	80	0	15340
1351	14104	91	167	72	0	14434
1352	13583	54	61	60	0	13758
1353	13499	46	40	54	0	13639
1354	264	37	39	13234	0	13574
1355	111	49	13121	171	0	13452
1356	77	13052	171	92	0	13392
1357	87	163	75	12861	0	13186
1358	70	61	12801	196	0	13128
1359	70	69	185	12704	0	13028
1360	64	52	72	12780	0	12968
1361	56	66	12654	221	0	12997
1362	58	51	188	12673	0	12970
1363	76	47	73	12596	0	12792
1364	12740	38	34	249	0	13061
1365	12658	31	49	108	0	12846
1366	12589	36	36	91	0	12752
1367	12570	25	29	106	0	12730
1368	250	23	47	12382	0	12702
1369	137	27	51	12463	0	12678
1370	102	36	35	12423	0	12596
1371	12236	27	47	238	0	12548
1372	210	40	49	12248	0	12547
1373	122	23	32	12208	0	12385
1374	91	26	11825	258	0	12200
1375	103	79	164	11667	0	12013
1376	59	11545	75	240	0	11919
1377	67	11768	47	128	0	12010
1378	11176	160	39	82	0	11457
1379	187	71	11006	75	0	11339
1380	88	10450	139	68	0	10745
1381	10320	134	89	58	0	10601
1382	183	60	37	10283	0	10563
1383	74	52	10352	168	0	10646
1384	74	68	131	10255	0	10528
1385	57	10572	51	166	0	10846
1386	10533	132	36	102	0	10803
1387	147	10682	60	74	0	10963
1388	10590	150	41	77	0	10858
1389	10775	53	25	80	0	10933
1390	184	61	23	10704	0	10972
1391	91	45	38	10635	0	10809
1392	57	10637	48	194	0	10936
1393	10676	153	27	85	0	10941
1394	172	62	10540	64	0	10838
1395	10206	33	131	71	0	10441
1396	10024	37	42	54	0	10157
1397	244	29	9653	62	0	9988
1398	85	70	128	9369	0	9652
1399	9416	27	48	155	0	9646
1400	163	36	9331	73	0	9603
1401	78	30	9013	42	0	9163
1402	8556	18	147	70	0	8791
1403	144	8548	59	50	0	8801
1404	56	8055	38	47	0	8196
1405	93	137	54	7921	0	8205
1406	45	43	7881	108	0	8077
1407	7534	45	116	42	0	7737
1408	123	33	7696	33	0	7885
1409	50	7253	101	36	0	7440
1410	7243	93	67	26	0	7429
1411	118	32	30	7212	0	7392
1412	7210	22	25	110	0	7367
1413	111	22	7182	41	0	7356
1414	44	27	101	7099	0	7271
1415	48	7220	40	93	0	7401
1416	41	99	28	7188	0	7356
1417	41	54	23	7277	0	7395
1418	43	28	7262	120	0	7453
1419	35	7084	101	57	0	7277
1420	35	7001	44	49	0	7129
1421	31	85	6717	37	0	6870
1422	6317	51	96	32	0	6496
1423	6394	28	39	28	0	6489
1424	100	38	34	6235	0	6407
1425	6037	16	22	80	0	6155
1426	98	5899	28	23	0	6048
1427	37	6045	22	37	0	6141
1428	6069	82	31	42	0	6224
1429	105	46	22	6072	0	6245
1430	6166	18	23	92	0	6299
1431	6264	18	21	48	0	6351
1432	123	21	15	6017	0	6176
1433	55	32	5994	82	0	6163
1434	5944	27	79	43	0	6093
1435	6007	16	41	35	0	6099
1436	131	18	22	5919	0	6090
1437	61	5899	25	87	0	6072
1438	48	92	21	5891	0	6052
1439	43	36	5864	89	0	6032
1440	35	28	5784	46	0	5893
1441	36	5769	94	33	0	5932
1442	96	85	67	4804	0	5052
1443	20	20	39	4772	0	4851
1444	18	11	4766	48	0	4843
1445	4708	13	37	30	0	4788
1446	4844	8	21	23	0	4896
1447	4900	6	13	19	0	4938
1448	4833	7	15	15	0	4870
1449	65	4740	9	16	0	4830
1450	42	4867	6	8	0	4923
1451	4962	49	8	20	0	5039
1452	53	19	8	5054	0	5134
1453	38	15	8	5117	0	5178
1454	19	5134	9	55	0	5217
1455	18	44	12	5139	0	5213
1456	19	23	6	5083	0	5131
1457	13	5054	9	72	0	5148
1458	13	47	5019	33	0	5112
1459	13	23	43	4999	0	5078
1460	4981	15	20	52	0	5068
1461	4910	15	12	32	0	4969
1462	59	9	4856	23	0	4947
1463	39	13	4780	12	0	4844
1464	30	7	4755	9	0	4801
1465	26	15	55	4696	0	4792
1466	17	8	4682	44	0	4751
1467	18	15	4671	26	0	4730
1468	27	53	62	4660	0	4802
1469	23	4801	35	63	0	4922
1470	15	49	4864	27	0	4955
1471	12	4914	50	25	0	5001
1472	4847	50	36	32	0	4965
1473	51	4893	12	17	0	4973
1474	35	47	18	4820	0	4920
1475	4847	31	9	60	0	4947
1476	62	17	11	4839	0	4929
1477	30	17	14	4878	0	4939
1478	17	11	4892	78	0	4998
1479	21	4759	50	28	0	4858
1480	14	4870	29	24	0	4937
1481	22	66	24	4717	0	4829
1482	16	30	20	4684	0	4750
1483	17	12	15	4634	0	4678
1484	8	14	4511	62	0	4595
1485	9	9	4298	32	0	4348
1486	4065	10	54	14	0	4143
1487	27	11	4085	21	0	4144
1488	18	11	4080	12	0	4121
1489	6	3977	55	11	0	4049
1490	25	46	31	3942	0	4044
1491	8	19	3994	28	0	4049
1492	9	11	34	3976	0	4030
1493	11	7	4087	42	0	4147
1494	10	8	38	4084	0	4140
1495	4	7	4300	39	0	4350
1496	7	9	41	4307	0	4364
1497	7	6	25	4274	0	4312
1498	3	4405	14	53	0	4475
1499	5	34	11	4450	0	4500
1500	4	4484	16	45	0	4549
1501	7	38	8	4511	0	4564
1502	10	20	6	4530	0	4566
1503	4427	10	16	55	0	4508
1504	34	13	11	4407	0	4465
1505	21	11	4370	43	0	4445
1506	9	8	37	4387	0	4441
1507	12	7	23	4416	0	4458
1508	6	12	4370	59	0	4447
1509	8	7	4343	33	0	4391
1510	5	6	53	4358	0	4422
1511	6	5	31	4400	0	4442
1512	3	8	4402	57	0	4470
1513	2	4313	45	39	0	4399
1514	3	4402	33	23	0	4461
1515	4333	42	20	31	0	4426
1516	37	23	14	4372	0	4446
1517	4462	10	14	47	0	4533
1518	4379	7	12	34	0	4432
1519	50	4422	11	13	0	4496
1520	4449	37	10	22	0	4518
1521	4457	20	15	19	0	4511
1522	48	16	4432	21	0	4517
1523	26	12	36	4499	0	4573
1524	11	5	4579	45	0	4640
1525	10	13	40	4609	0	4672
1526	9	7	4613	44	0	4673
1527	6	4430	38	32	0	4506
1528	8	4485	30	15	0	4538
1529	33	47	12	4373	0	4465
1530	4326	12	14	36	0	4388
1531	31	9	9	4371	0	4420
1532	17	6	10	4358	0	4391
1533	10	10	4375	40	0	4435
1534	11	5	4388	22	0	4426
1535	5	14	4463	16	0	4498
1536	17	11	37	4438	0	4503
1537	11	4	17	4409	0	4441
1538	10	4436	15	38	0	4499
1539	7	4573	9	25	0	4614
1540	4534	31	10	21	0	4596
1541	27	4528	14	16	0	4585
1542	8	43	4420	12	0	4483
1543	11	8	34	4428	0	4481
1544	4	13	4563	33	0	4613
1545	5	4588	32	22	0	4647
1546	15	39	11	4597	0	4662
1547	4510	20	11	41	0	4582
1548	33	12	4538	21	0	4604
1549	8	4600	39	18	0	4665
1550	8	29	4566	14	0	4617
1551	5	4483	35	14	0	4537
1552	20	46	34	4315	0	4415
1553	4287	9	14	30	0	4340
1554	4258	6	9	27	0	4300
1555	24	4253	13	10	0	4300
1556	4316	22	13	14	0	4365
1557	21	10	7	4397	0	4435
1558	4426	6	10	38	0	4480
1559	28	13	4688	13	0	4742
1560	9	8	4734	15	0	4766
1561	9	7	41	4764	0	4821
1562	16	15	11	4936	0	4978
1563	7	12	4934	47	0	5000
1564	11	9	37	5092	0	5149
1565	5088	2	13	54	0	5157
1566	5087	5	8	25	0	5125
1567	44	4963	16	11	0	5034
1568	10	4931	15	11	0	4967
1569	4775	39	12	13	0	4839
1570	39	16	10	4734	0	4799
1571	4694	9	10	51	0	4764
1572	40	4679	9	20	0	4748
1573	4661	41	9	23	0	4734
1574	47	16	4626	7	0	4696
1575	12	11	4657	17	0	4697
1576	16	16	41	4709	0	4782
1577	12	6	4739	35	0	4792
1578	5	13	44	4639	0	4701
1579	17	7	16	4616	0	4656
1580	4	14	4797	46	0	4861
1581	15	3	35	4850	0	4903
1582	17	3	20	5026	0	5066
1583	6	13	5089	43	0	5151
1584	11	10	5085	20	0	5126
1585	5083	9	48	19	0	5159
1586	43	11	5286	15	0	5355
1587	5500	13	54	23	0	5590
1588	5799	4	24	8	0	5835
1589	70	14	5891	16	0	5991
1590	26	11	6034	14	0	6085
1591	26	32	73	5917	0	6048
1592	17	9	30	5875	0	5931
1593	13	5834	21	72	0	5940
1594	12	6031	22	31	0	6096
1595	11	65	5871	20	0	5967
1596	5762	20	60	26	0	5868
1597	5868	11	29	19	0	5927
1598	71	8	5738	16	0	5833
1599	25	8	5780	14	0	5827
1600	26	5	67	5687	0	5785
1601	11	5825	27	50	0	5913
1602	15	52	21	5834	0	5922
1603	16	14	20	5911	0	5961
1604	5871	6	12	79	0	5968
1605	5888	5	13	34	0	5940
1606	69	8	19	5953	0	6049
1607	29	7	5996	58	0	6090
1608	5876	1	64	41	0	5982
1609	53	6048	39	17	0	6157
1610	6093	48	15	29	0	6185
1611	6099	16	19	26	0	6160
1612	69	6069	23	11	0	6172
1613	34	6138	16	15	0	6203
1614	24	64	19	6108	0	6215
1615	19	25	20	6155	0	6219
1616	16	6152	11	79	0	6258
1617	38	57	10	6096	0	6201
1618	19	22	22	6159	0	6222
1619	19	16	6087	71	0	6193
1620	6005	9	65	36	0	6115
1621	6146	6	26	25	0	6203
1622	6154	7	16	23	0	6200
1623	83	10	20	6038	0	6151
1624	5963	6	20	67	0	6056
1625	68	5896	11	29	0	6004
1626	33	56	15	5749	0	5853
1627	23	5775	30	54	0	5882
1628	15	5949	26	25	0	6015
1629	5905	59	24	26	0	6014
1630	5933	23	25	28	0	6009
1631	5869	10	15	32	0	5926
1632	5879	12	22	17	0	5930
1633	5868	8	10	15	0	5901
1634	83	13	5877	20	0	5993
1635	5838	14	61	22	0	5935
1636	80	16	5957	11	0	6064
1637	5850	11	60	27	0	5948
1638	5865	11	23	24	0	5923
1639	5805	11	17	25	0	5858
1640	91	9	5968	14	0	6082
1641	38	29	66	5866	0	5999
1642	29	6031	32	45	0	6137
1643	6110	52	20	25	0	6207
1644	6066	21	22	16	0	6125
1645	71	6096	17	52	0	6236
1646	6204	51	16	29	0	6300
1647	72	18	23	6115	0	6228
1648	31	6245	18	66	0	6360
1649	6194	56	10	39	0	6299
1650	6223	21	16	34	0	6294
1651	81	13	19	6198	0	6311
1652	6262	14	18	63	0	6357
1653	78	11	23	6293	0	6405
1654	55	4	15	6352	0	6426
1655	44	11	6324	67	0	6446
1656	43	14	56	6250	0	6363
1657	36	14	25	6279	0	6354
1658	20	13	6260	71	0	6364
1659	18	17	6002	22	0	6059
1660	25	9	48	6060	0	6142
1661	19	11	6005	49	0	6084
1662	5714	9	43	22	0	5788
1663	49	6007	17	16	0	6089
1664	24	37	10	5936	0	6007
1665	24	14	7	5997	0	6042
1666	22	5	7	6024	0	6058
1667	6004	9	5	48	0	6066
1668	6007	11	7	27	0	6052
1669	6070	3	3	25	0	6101
1670	46	6099	8	14	0	6167
1671	31	38	3	6136	0	6208
1672	21	12	5	6173	0	6211
1673	6168	8	3	56	0	6235
1674	6171	9	6	24	0	6210
1675	60	6	4	6168	0	6238
1676	27	8	6201	42	0	6278
1677	6215	6	34	29	0	6284
1678	6350	5	11	24	0	6390
1679	57	8	6427	10	0	6502
1680	6138	5	36	17	0	6196
1681	46	14	6418	13	0	6491
1682	6391	5	47	23	0	6466
1683	53	65	15	6583	0	6716
1684	21	7036	15	39	0	7111
1685	28	45	7342	12	0	7427
1686	8	7360	52	22	0	7442
1687	4	7169	19	11	0	7203
1688	7156	68	63	54	0	7341
1689	47	7	9	7128	0	7191
1690	8	0	1	7052	0	7061
1691	7316	0	3	41	0	7360
1692	39	3	2	7448	0	7492
1693	14	3	0	7489	0	7506
1694	4	0	4	7468	0	7476
1695	9	6	4	7438	0	7457
1696	4	15	7485	33	0	7537
1697	5	11	7452	5	0	7473
1698	4	7549	34	6	0	7593
1699	7693	33	3	20	0	7749
1700	35	9	1	7816	0	7861
1701	9	8042	7	34	0	8092
1702	6	31	1	8278	0	8316
1703	11	6	2	8342	0	8361
1704	11	2	2	8375	0	8390
1705	7	3	2	8499	0	8511
1706	7	1	7	8509	0	8524
1707	2	8423	9	38	0	8472
1708	7	35	3	8487	0	8532
1709	7	15	8412	31	0	8465
1710	6	8433	34	12	0	8485
1711	5	38	2	8467	0	8512
1712	8	5	2	8430	0	8445
1713	4	8369	6	40	0	8419
1714	3	8443	9	9	0	8464
1715	8376	33	1	24	0	8434
1716	32	8362	7	10	0	8411
1717	8367	33	2	23	0	8425
1718	8338	1	5	32	0	8376
1719	35	9	8797	9	0	8850
1720	11	13	31	8774	0	8829
1721	5	10	8982	41	0	9038
1722	1	9253	43	18	0	9315
1723	13	65	3	9191	0	9272
1724	9	6	4	9462	0	9481
1725	12	5	3	9510	0	9530
1726	6	7	0	9591	0	9604
1727	9	11	9734	40	0	9794
1728	13	1	36	9747	0	9797
1729	4	14	9922	38	0	9978
1730	12	18	9865	10	0	9905
1731	9804	4	78	14	0	9900
1732	9700	4	566	15	0	10285
1733	10277	3	2	31	0	10313
1734	40	10214	8	14	0	10276
1735	11	40	7	10263	0	10321
1736	6	9	10635	48	0	10698
1737	9	9	42	10760	0	10820
1738	8	15	11078	48	0	11149
1739	11155	6	42	36	0	11239
1740	11161	5	12	17	0	11195
1741	11088	3	7	20	0	11118
1742	49	13	11026	8	0	11096
1743	13	10	11063	11	0	11097
1744	20	10	44	11439	0	11513
1745	20	8	12	11397	0	11437
1746	9	6	7	11521	0	11543
1747	6	16	11549	47	0	11618
1748	11	14	11041	16	0	11082
1749	11408	9	48	17	0	11482
1750	61	4	6	11857	0	11928
1751	16	4	7	11974	0	12001
1752	12199	3	7	69	0	12278
1753	53	4	9	12200	0	12266
1754	13111	5	8	107	0	13231
1755	13683	4	8	70	0	13765
1756	13759	4	9	47	0	13819
1757	51	21	14048	12	0	14132
1758	6	14119	61	37	0	14223
1759	14643	43	7	40	0	14733
1760	57	5	7	14771	0	14840
1761	23	3	6	14781	0	14813
1762	9	14859	20	59	0	14947
1763	14843	50	7	42	0	14942
1764	14911	7	9	37	0	14964
1765	15140	3	7	37	0	15187
1766	61	15369	23	12	0	15465
1767	16098	52	7	60	0	16217
1768	16219	8	10	43	0	16280
1769	16253	8	6	36	0	16303
1770	70	6	8	16226	0	16310
1771	26	5	5	16294	0	16330
1772	12	29	16742	64	0	16847
1773	25	12	51	16632	0	16720
1774	24	11	10	16832	0	16877
1775	9	27	16750	54	0	16840
1776	16225	9	50	47	0	16331
1777	16736	3	9	35	0	16783
1778	68	14	4	16705	0	16791
1779	17	16547	20	51	0	16635
1780	12	16748	14	19	0	16793
1781	27	87	7	16489	0	16610
1782	16	35	16273	53	0	16377
1783	21	41	50	15956	0	16068
1784	20	24	16017	51	0	16112
1785	10	28	16100	12	0	16150
1786	25	8	35	16574	0	16642
1787	16619	2	9	74	0	16704
1788	16327	2	6	74	0	16409
1789	44	10	9	16763	0	16826
1790	18	2	4	16935	0	16959
1791	21	12	4	16848	0	16885
1792	19	4	6	16843	0	16872
1793	16911	3	5	90	0	17009
1794	16802	13	7	53	0	16875
1795	16776	4	12	49	0	16841
1796	51	26	16831	5	0	16913
1797	26	7	29	16887	0	16949
1798	19	8	7	17161	0	17195
1799	17069	5	12	71	0	17157
1800	42	17000	25	20	0	17087
1801	16970	30	7	72	0	17079
1802	17064	8	6	56	0	17134
1803	17072	6	6	59	0	17143
1804	17151	3	5	54	0	17213
1805	69	27	17777	10	0	17883
1806	30	34	17168	18	0	17250
1807	18322	3	78	60	0	18463
1808	18709	2	15	55	0	18781
1809	18746	4	8	67	0	18825
1810	19366	5	12	60	0	19443
1811	98	32	20587	11	0	20728
1812	30	21700	148	31	0	21909
1813	93	146	53	23160	0	23452
1814	24444	64	40	247	0	24795
1815	24909	37	14	153	0	25113
1816	26099	11	16	127	0	26253
1817	26596	14	11	95	0	26716
1818	26864	7	7	71	0	26949
1819	26266	8	20	71	0	26365
1820	462	34	25418	17	0	25931
1821	216	29	25627	16	0	25888
1822	149	37	295	25534	0	26015
1823	103	36	25858	224	0	26221
1824	87	25320	311	107	0	25825
1825	72	26050	155	77	0	26354
1826	104	303	92	26214	0	26713
1827	59	153	27040	233	0	27485
1828	59	107	26193	114	0	26473
1829	26365	47	353	145	0	26910
1830	28415	43	171	109	0	28738
1831	467	38	97	28768	0	29370
1832	29208	28	72	399	0	29707
1833	475	28	64	29161	0	29728
1834	242	20	51	29381	0	29694
1835	146	40	29517	495	0	30198
1836	96	51	28765	232	0	29144
1837	124	28	472	29060	0	29684
1838	83	60	28896	440	0	29479
1839	27895	22	467	245	0	28629
1840	29227	20	208	190	0	29645
1841	520	29633	152	121	0	30426
1842	29930	355	94	140	0	30519
1843	530	176	29482	56	0	30244
1844	29314	79	408	124	0	29925
1845	30016	41	194	103	0	30354
1846	30152	36	140	132	0	30460
1847	700	35	98	29668	0	30501
1848	332	29886	134	382	0	30734
1849	30285	367	77	246	0	30975
1850	30436	154	95	189	0	30874
1851	681	116	80	30830	0	31707
1852	30931	47	81	593	0	31652
1853	673	31823	116	255	0	32867
1854	373	483	73	31503	0	32432
1855	265	222	31170	563	0	32220
1856	29292	118	547	344	0	30301
1857	650	104	31069	169	0	31992
1858	355	99	623	30923	0	32000
1859	257	30488	275	560	0	31580
1860	208	32388	202	228	0	33026
1861	260	678	135	32249	0	33322
1862	194	33269	147	607	0	34217
1863	263	779	104	38773	0	39919
1864	266	272	112	40258	0	40908
1865	274	210	85	40889	0	41458
1866	39623	173	80	1253	0	41129
1867	1005	136	72	39563	0	40776
1868	419	153	38820	1138	0	40530
1869	339	38809	835	548	0	40531
1870	39056	809	280	449	0	40594
1871	1137	289	180	38897	0	40503
1872	536	233	164	39320	0	40253
1873	424	196	144	39696	0	40460
1874	332	233	38429	1282	0	40276
1875	281	38565	896	634	0	40376
1876	38701	859	349	581	0	40490
1877	1017	356	262	37895	0	39530
1878	371	38877	261	1075	0	40584
1879	38908	960	218	575	0	40661
1880	1022	434	38498	406	0	40360
1881	38479	303	944	396	0	40122
1882	1115	312	38959	307	0	40693
1883	539	273	39118	299	0	40229
1884	404	38348	1170	398	0	40320
1885	496	910	492	37409	0	39307
1886	287	409	37534	1089	0	39319
1887	287	36916	1111	526	0	38840
1888	351	972	471	36271	0	38065
1889	224	36461	383	1132	0	38200
1890	232	1064	36335	572	0	38203
1891	350	461	1019	36337	0	38167
1892	239	397	36327	1191	0	38154
1893	364	329	1108	36143	0	37944
1894	370	278	503	36891	0	38042
1895	287	278	36065	1394	0	38024
1896	368	231	1112	36253	0	37964
1897	35601	203	517	1417	0	37738
1898	986	35462	476	821	0	37745
1899	484	985	35559	604	0	37632
1900	35193	420	1090	595	0	37298
1901	1264	353	517	34570	0	36704
1902	563	34972	415	1154	0	37104
1903	35314	1028	365	630	0	37337
1904	35968	481	355	529	0	37333
1905	1364	405	323	34107	0	36199
1906	695	367	277	34642	0	35981
1907	589	291	284	34546	0	35710
1908	492	301	295	34210	0	35298
1909	386	32898	320	1623	0	35227
1910	457	1677	333	31653	0	34120
1911	307	30776	306	1342	0	32731
1912	295	30297	267	872	0	31731
1913	236	29449	325	663	0	30673
1914	303	1104	27239	602	0	29248
1915	274	27568	910	589	0	29341
1916	25762	1044	573	614	0	27993
1917	836	25782	366	600	0	27584
1918	460	930	334	24285	0	26009
1919	375	25735	334	1104	0	27548
1920	465	969	297	25660	0	27391
1921	464	524	328	26221	0	27537
1922	394	500	25421	1206	0	27521
1923	24981	500	890	714	0	27085
1924	25717	403	407	704	0	27231
1925	25370	369	382	686	0	26807
1926	1047	24614	389	705	0	26755
1927	572	856	388	23901	0	25717
1928	468	486	23521	1133	0	25608
1929	424	23241	917	655	0	25237
1930	448	1021	373	20582	0	22424
1931	337	21518	344	881	0	23080
1932	21269	834	359	571	0	23033
1933	21671	496	335	464	0	22966
1934	21807	391	373	416	0	22987
1935	21589	356	399	428	0	22772
1936	995	344	394	20875	0	22608
1937	526	381	366	20860	0	22133
1938	415	20626	378	927	0	22346
1939	481	783	277	20868	0	22409
1940	316	432	20350	1023	0	22121
1941	301	403	692	20007	0	21403
1942	208	431	19576	997	0	21212
1943	217	19374	745	672	0	21008
1944	202	812	19471	554	0	21039
1945	291	399	831	19367	0	20888
1946	225	345	19532	977	0	21079
1947	297	307	813	19165	0	20582
1948	297	293	422	19452	0	20464
1949	321	262	348	19343	0	20274
1950	361	289	354	19092	0	20096
1951	17772	292	254	926	0	19244
1952	648	17763	229	570	0	19210
1953	16363	582	190	498	0	17633
1954	611	330	15860	436	0	17237
1955	15603	262	459	427	0	16751
1956	15936	296	194	399	0	16825
1957	826	259	15320	341	0	16746
1958	612	205	14915	331	0	16063
1959	420	14558	525	386	0	15889
1960	318	13691	236	403	0	14648
1961	392	533	12580	442	0	13947
1962	195	11125	425	466	0	12211
1963	261	357	238	5797	0	6653
1964	5279	37	117	102	0	5535
1965	54	18	12	5213	0	5297
1966	5321	15	4	71	0	5411
1967	5362	17	5	34	0	5418
1968	56	5464	6	28	0	5554
1969	5422	37	11	22	0	5492
1970	5461	21	5	24	0	5511
1971	61	17	5	5423	0	5506
1972	5491	15	4	44	0	5554
1973	45	5647	8	34	0	5734
1974	29	39	2	5677	0	5747
1975	5663	20	6	61	0	5750
1976	48	11	5680	27	0	5766
1977	5716	11	44	24	0	5795
1978	56	18	19	5872	0	5965
1979	22	10	5904	40	0	5976
1980	21	10	5782	19	0	5832
1981	5814	23	63	16	0	5916
1982	5881	5	18	15	0	5919
1983	48	4	7	5881	0	5940
1984	20	4	5	5945	0	5974
1985	10	4	3	5979	0	5996
1986	8	5983	5	51	0	6047
1987	6084	35	4	25	0	6148
1988	40	6102	12	17	0	6171
1989	6106	38	5	22	0	6171
1990	43	17	6094	7	0	6161
1991	24	9	33	6161	0	6227
1992	6258	3	19	42	0	6322
1993	47	4	6	6286	0	6343
1994	26	3	5	6257	0	6291
1995	9	6181	10	53	0	6253
1996	6224	38	6	27	0	6295
1997	40	6406	3	19	0	6468
1998	25	36	4	6494	0	6559
1999	8	24	6448	39	0	6519
2000	6023	8	33	30	0	6094
2001	42	10	6371	11	0	6434
2002	6171	7	44	14	0	6236
2003	42	6486	24	14	0	6566
2004	27	34	5	6352	0	6418
2005	12	6456	11	40	0	6519
2006	6535	38	6	26	0	6605
2007	40	17	1	6744	0	6802
2008	25	7	3	6829	0	6864
2009	10	16	6709	65	0	6800
2010	6487	4	47	41	0	6579
2011	51	10	18	6864	0	6943
2012	27	11	6744	52	0	6834
2013	8	6710	53	31	0	6802
2014	14	47	21	6729	0	6811
2015	6796	15	14	58	0	6883
2016	54	9	3	6856	0	6922
2017	19	7	6930	65	0	7021
2018	7208	9	56	28	0	7301
2019	71	8	20	7237	0	7336
2020	27	17	7736	63	0	7843
2021	23	5	72	7848	0	7948
2022	11	8	35	7895	0	7949
2023	13	7963	13	100	0	8089
2024	7929	77	12	45	0	8063
2025	81	7954	14	21	0	8070
2026	7950	81	7	29	0	8067
2027	91	35	4	7902	0	8032
2028	37	7942	12	86	0	8077
2029	24	85	10	7922	0	8041
2030	15	36	7838	96	0	7985
2031	7602	13	76	53	0	7744
2032	95	11	28	7661	0	7795
2033	39	12	15	7631	0	7697
2034	32	9	10	7678	0	7729
2035	18	17	7500	123	0	7658
2036	23	20	7532	52	0	7627
2037	13	7618	111	48	0	7790
2038	21	91	36	7623	0	7771
2039	7688	36	22	122	0	7868
2040	106	7811	23	42	0	7982
2041	55	95	10	8056	0	8216
2042	8220	35	12	125	0	8392
2043	8294	18	14	73	0	8399
2044	136	8291	17	38	0	8482
2045	8761	112	11	41	0	8925
2046	9181	42	13	41	0	9277
2047	187	25	9	9403	0	9624
2048	74	9364	13	154	0	9605
2049	59	142	9	9543	0	9753
2050	9489	45	11	186	0	9731
2051	171	38	9517	69	0	9795
2052	81	22	143	9434	0	9680
2053	72	33	44	9570	0	9719
2054	38	29	9409	221	0	9697
2055	45	28	150	9444	0	9667
2056	9402	21	54	211	0	9688
2057	9370	12	37	106	0	9525
2058	211	16	44	9303	0	9574
2059	94	19	9182	193	0	9488
2060	45	29	9110	107	0	9291
2061	53	8959	184	87	0	9283
2062	62	9138	79	75	0	9354
2063	74	159	42	8885	0	9160
2064	8852	57	34	182	0	9125
2065	155	8791	42	93	0	9081
2066	8665	144	41	63	0	8913
2067	186	68	36	8557	0	8847
2068	73	58	24	8565	0	8720
2069	8360	39	20	224	0	8643
2070	183	8328	30	96	0	8637
2071	8341	151	18	77	0	8587
2072	188	72	8134	48	0	8442
2073	94	45	7955	57	0	8151
2074	79	33	162	7881	0	8155
2075	46	37	7898	169	0	8150
2076	52	38	7754	67	0	7911
2077	72	52	163	7522	0	7809
2078	51	29	7565	160	0	7805
2079	41	24	188	7391	0	7644
2080	60	20	80	7420	0	7580
2081	32	28	7474	200	0	7734
2082	42	19	177	7306	0	7544
2083	41	26	77	7270	0	7414
2084	38	7162	69	212	0	7481
2085	7195	132	52	106	0	7485
2086	148	56	7161	90	0	7455
2087	71	32	158	7112	0	7373
2088	57	23	76	7205	0	7361
2089	38	35	7043	217	0	7333
2090	6862	36	154	115	0	7167
2091	154	6882	75	187	0	7298
2092	96	133	66	6962	0	7257
2093	53	55	59	7039	0	7206
2094	37	6946	57	236	0	7276
2095	41	145	6970	119	0	7275
2096	49	6993	173	80	0	7295
2097	6795	166	65	78	0	7104
2098	148	78	6714	72	0	7012
2099	75	56	140	6667	0	6938
2100	45	45	6759	179	0	7028
2101	47	52	6803	76	0	6978
2102	40	6683	182	80	0	6985
2103	98	149	94	6403	0	6744
2104	6435	57	70	169	0	6731
2105	6458	42	70	85	0	6655
2106	162	6413	75	77	0	6727
2107	71	131	59	6281	0	6542
2108	6287	59	50	162	0	6558
2109	6338	55	48	86	0	6527
2110	171	6252	38	88	0	6549
2111	6296	126	28	63	0	6513
2112	172	59	38	6174	0	6443
2113	79	6288	39	152	0	6558
2114	70	120	47	6414	0	6651
2115	87	64	38	6411	0	6600
2116	79	80	35	6403	0	6597
2117	54	54	6187	175	0	6470
2118	54	40	5844	89	0	6027
2119	33	5816	132	89	0	6070
2120	5206	105	86	71	0	5468
2121	99	5149	42	78	0	5368
2122	47	94	35	5131	0	5307
2123	29	44	5262	122	0	5457
2124	42	39	110	5200	0	5391
2125	32	34	59	5292	0	5417
2126	36	40	39	5307	0	5422
2127	5237	29	22	145	0	5433
2128	95	29	38	5266	0	5428
2129	35	28	5459	140	0	5662
2130	5379	33	106	76	0	5594
2131	5497	16	47	83	0	5643
2132	5559	18	30	71	0	5678
2133	5582	20	25	66	0	5693
2134	5560	21	29	48	0	5658
2135	133	5448	33	62	0	5676
2136	74	75	38	5265	0	5452
2137	72	5334	23	76	0	5505
2138	5331	78	15	47	0	5471
2139	5255	27	14	42	0	5338
2140	5086	19	25	34	0	5164
2141	112	4799	16	26	0	4953
2142	49	4610	21	21	0	4701
2143	44	4591	18	34	0	4687
2144	61	92	4478	20	0	4651
2145	79	214	68	3763	0	4124
2146	18	3430	13	27	0	3488
2147	8	3219	2	4	0	3233
2148	13	6	5	3191	0	3215
2149	4	4	3	3200	0	3211
2150	6	5	3243	7	0	3261
2151	3273	3	6	12	0	3294
2152	5	6	3	3407	0	3421
2153	4	1	3	3424	0	3432
2154	2	6	3418	7	0	3433
2155	6	6	3358	5	0	3375
2156	5	3529	8	2	0	3544
2157	5	8	3	3566	0	3582
2158	3	6	3	3607	0	3619
2159	4	5	3553	10	0	3572
2160	3463	3	7	9	0	3482
2161	3671	2	5	10	0	3688
2162	11	4	3790	2	0	3807
2163	3818	1	10	8	0	3837
2164	15	5	3880	3	0	3903
2165	3898	2	13	6	0	3919
2166	3963	2	2	6	0	3973
2167	13	3	4064	4	0	4084
2168	6	1	12	4121	0	4140
2169	11	2	2	4190	0	4205
2170	7	4	4	4283	0	4298
2171	4275	1	1	19	0	4296
2172	4272	3	2	17	0	4294
2173	17	6	4488	7	0	4518
2174	7	10	4430	5	0	4452
2175	4600	2	19	8	0	4629
2176	4669	3	8	7	0	4687
2177	27	3	4671	2	0	4703
2178	10	2	4691	7	0	4710
2179	12	1	18	4802	0	4833
2180	2	6	4854	20	0	4882
2181	10	3	22	4748	0	4783
2182	4988	3	9	27	0	5027
2183	26	6	5208	8	0	5248
2184	5177	1	28	12	0	5218
2185	33	5	5650	5	0	5693
2186	17	3	32	5624	0	5676
2187	12	0	10	5864	0	5886
2188	15	2	13	5871	0	5901
2189	11	5947	11	39	0	6008
2190	16	33	9	5872	0	5930
2191	8	6	7	5972	0	5993
2192	5900	6	6	44	0	5956
2193	38	4	5912	15	0	5969
2194	5719	3	36	16	0	5774
2195	40	6	5876	8	0	5930
2196	5589	0	39	18	0	5646
2197	42	5868	11	11	0	5932
2198	18	26	5878	4	0	5926
2199	13	11	5845	4	0	5873
2200	14	19	42	5716	0	5791
2201	14	4	15	5793	0	5826
2202	8	8	5806	41	0	5863
2203	8	2	5853	17	0	5880
2204	9	6	6161	12	0	6188
2205	6323	2	50	20	0	6395
2206	6334	1	21	15	0	6371
2207	6349	4	9	16	0	6378
2208	41	1	19	6271	0	6332
2209	24	2	14	6302	0	6342
2210	17	9	6517	38	0	6581
2211	12	2	37	6464	0	6515
2212	18	4	16	6464	0	6502
2213	6411	1	18	50	0	6480
2214	6398	2	11	31	0	6442
2215	6502	4	11	20	0	6537
2216	50	1	15	6482	0	6548
2217	31	6	11	6469	0	6517
2218	24	1	13	6450	0	6488
2219	6409	2	7	56	0	6474
2220	51	3	15	6328	0	6397
2221	21	6399	18	44	0	6482
2222	26	28	12	6287	0	6353
2223	12	6207	18	40	0	6277
2224	6210	34	19	23	0	6286
2225	6156	10	15	28	0	6209
2226	43	6191	17	23	0	6274
2227	19	6268	14	22	0	6323
2228	19	42	15	6230	0	6306
2229	19	12	6104	45	0	6180
2230	17	5	45	6083	0	6150
2231	20	9	6147	50	0	6226
2232	16	6208	47	20	0	6291
2233	25	33	17	6263	0	6338
2234	18	12	18	6321	0	6369
2235	15	8	6565	55	0	6643
2236	24	84	36	6539	0	6683
2237	16	10	6702	48	0	6776
2238	6687	7	45	30	0	6769
2239	6801	6	19	37	0	6863
2240	6831	4	10	38	0	6883
2241	58	5	17	6777	0	6857
2242	30	5	15	6778	0	6828
2243	16	12	6909	57	0	6994
2244	29	29	39	6830	0	6927
2245	22	6972	24	49	0	7067
2246	27	41	6959	30	0	7057
2247	17	15	6854	22	0	6908
2248	20	34	51	6715	0	6820
2249	10	19	6946	52	0	7027
2250	16	15	6962	39	0	7032
2251	6717	16	53	43	0	6829
2252	49	7689	27	29	0	7794
2253	7910	32	19	40	0	8001
2254	7950	17	9	37	0	8013
2255	8062	11	12	37	0	8122
2256	59	7	17	8093	0	8176
2257	26	6	11	8195	0	8238
2258	19	15	8246	56	0	8336
2259	21	7	50	8180	0	8258
2260	14	8385	27	48	0	8474
2261	8297	32	18	42	0	8389
2262	37	8338	23	20	0	8418
2263	24	8380	24	21	0	8449
2264	27	35	25	8365	0	8452
2265	20	31	8595	39	0	8685
2266	18	17	37	8610	0	8682
2267	18	14	8610	47	0	8689
2268	21	8512	57	26	0	8616
2269	8521	30	22	40	0	8613
2270	8562	14	19	40	0	8635
2271	8818	10	15	46	0	8889
2272	41	13	9369	24	0	9447
2273	19	18	8913	17	0	8967
2274	9349	5	43	42	0	9439
2275	9523	12	18	39	0	9592
2276	9651	12	15	29	0	9707
2277	48	8	9	9628	0	9693
2278	33	7	13	9674	0	9727
2279	9660	2	7	55	0	9724
2280	9524	8	12	48	0	9592
2281	41	16	10060	20	0	10137
2282	26	19	9756	20	0	9821
2283	9615	8	30	42	0	9695
2284	24	17	9992	7	0	10040
2285	9536	3	16	27	0	9582
2286	10	16	9806	3	0	9835
2287	22	9	18	9652	0	9701
2288	5	11	10257	10	0	10283
2289	17	5	8	10535	0	10565
2290	9	3	6	10668	0	10686
2291	7	11031	20	18	0	11076
2292	11106	4	6	67	0	11183
2293	6	20	11364	4	0	11394
2294	11081	3	8	26	0	11118
2295	6	11730	21	5	0	11762
2296	12285	6	5	57	0	12353
2297	24	9	2	12363	0	12398
2298	13	5	7	12547	0	12572
2299	5	13072	19	33	0	13129
2300	10	15	6	13621	0	13652
2301	11	9	2	13813	0	13835
2302	18	4	4	14010	0	14036
2303	13809	5	3	69	0	13886
2304	13314	3	4	67	0	13388
2305	35	19	13346	14	0	13414
2306	13	13596	40	29	0	13678
2307	21	25	12	13895	0	13953
2308	22	8	4	14285	0	14319
2309	10	34	14421	45	0	14510
2310	20	7	42	14233	0	14302
2311	14362	3	17	100	0	14482
2312	14517	4	9	65	0	14595
2313	14664	9	7	53	0	14733
2314	68	8	5	14950	0	15031
2315	15545	1	5	118	0	15669
2316	15588	2	7	77	0	15674
2317	15861	1	4	61	0	15927
2318	85	2	4	15877	0	15968
2319	44	3	12	15992	0	16051
2320	33	12	4	16067	0	16116
2321	35	5	8	15910	0	15958
2322	28	4	3	15957	0	15992
2323	14	20	15901	69	0	16004
2324	16	19	15770	39	0	15844
2325	13	15961	69	28	0	16071
2326	30	35	14	16163	0	16242
2327	34	13	13	16332	0	16392
2328	27	4	10	16395	0	16436
2329	17	26	16324	79	0	16446
2330	30	8	53	16236	0	16327
2331	26	33	16370	67	0	16496
2332	31	9	55	16407	0	16502
2333	18	36	17330	67	0	17451
2334	6	17331	93	62	0	17492
2335	25	71	23	17286	0	17405
2336	9	32	17148	93	0	17282
2337	15919	13	85	93	0	16110
2338	70	17432	47	34	0	17583
2339	26	77	14	17634	0	17751
2340	10	17581	40	84	0	17715
2341	32	76	10	17723	0	17841
2342	17788	24	13	140	0	17965
2343	92	20	13	17682	0	17807
2344	26	17748	25	94	0	17893
2345	17763	76	17	89	0	17945
2346	102	23	10	18184	0	18319
2347	43	32	16	18438	0	18529
2348	18700	19	12	191	0	18922
2349	135	16	13	19878	0	20042
2350	90	18	16	23053	0	23177
2351	35	43	23549	311	0	23938
2352	35	49	23179	103	0	23366
2353	71	11	324	23243	0	23649
2354	26	49	23407	300	0	23782
2355	31	48	23081	131	0	23291
2356	22389	18	393	141	0	22941
2357	297	32	23544	70	0	23943
2358	95	22989	380	543	0	24007
2359	107	273	146	23859	0	24385
2360	24166	83	103	363	0	24715
2361	24680	54	78	173	0	24985
2362	24604	44	48	136	0	24832
2363	454	24385	61	104	0	25004
2364	241	305	38	24377	0	24961
2365	174	97	58	24597	0	24926
2366	24231	66	59	491	0	24847
2367	24376	47	54	268	0	24745
2368	24480	37	62	189	0	24768
2369	476	52	24523	123	0	25174
2370	244	24520	395	99	0	25258
2371	165	26332	203	97	0	26797
2372	197	501	132	25660	0	26490
2373	138	236	93	26374	0	26841
2374	97	188	26147	646	0	27078
2375	25779	101	508	366	0	26754
2376	26529	67	244	278	0	27118
2377	708	82	172	26146	0	27108
2378	417	67	137	26383	0	27004
2379	327	44	79	26574	0	27024
2380	26179	37	68	820	0	27104
2381	604	67	25432	419	0	26522
2382	327	89	25603	300	0	26319
2383	286	72	645	25345	0	26348
2384	182	94	25335	577	0	26188
2385	24816	58	625	366	0	25865
2386	25269	46	330	286	0	25931
2387	25460	53	236	230	0	25979
2388	813	24198	206	203	0	25420
2389	24421	451	115	177	0	25164
2390	821	238	94	23871	0	25024
2391	461	160	87	23967	0	24675
2392	363	86	87	24193	0	24729
2393	199	93	23347	847	0	24486
2394	237	109	550	23038	0	23934
2395	172	22913	318	714	0	24117
2396	22420	430	246	466	0	23562
2397	526	22550	208	386	0	23670
2398	346	562	22247	256	0	23411
2399	342	21963	527	187	0	23019
2400	21311	603	340	185	0	22439
2401	601	21114	267	174	0	22156
2402	379	603	176	19773	0	20931
2403	250	20978	173	549	0	21950
2404	20906	570	146	352	0	21974
2405	21166	294	153	270	0	21883
2406	20908	205	159	223	0	21495
2407	827	194	20463	176	0	21660
2408	500	158	20335	163	0	21156
2409	386	168	20223	170	0	20947
2410	19876	138	797	183	0	20994
2411	676	161	447	19504	0	20788
2412	425	141	323	19786	0	20675
2413	300	178	19376	689	0	20543
2414	285	163	509	19387	0	20344
2415	18564	135	251	756	0	19706
2416	597	18457	241	463	0	19758
2417	18723	478	191	331	0	19723
2418	735	312	18377	230	0	19654
2419	18677	226	513	168	0	19584
2420	18950	188	288	177	0	19603
2421	18982	146	292	181	0	19601
2422	868	151	18344	155	0	19518
2423	646	103	549	18207	0	19505
2424	459	94	18330	548	0	19431
2425	411	99	623	18235	0	19368
2426	274	120	18352	682	0	19428
2427	315	118	674	18036	0	19143
2428	284	107	379	18423	0	19193
2429	18042	92	256	774	0	19164
2430	18260	81	206	477	0	19024
2431	18377	59	182	390	0	19008
2432	896	49	227	17483	0	18655
2433	542	16039	213	568	0	17362
2434	441	16856	174	358	0	17829
2435	16886	535	127	306	0	17854
2436	627	302	16613	227	0	17769
2437	16670	201	547	228	0	17646
2438	664	152	16501	192	0	17509
2439	16631	118	618	180	0	17547
2440	16730	98	322	207	0	17357
2441	791	86	16535	181	0	17593
2442	16703	71	528	210	0	17512
2443	16954	76	319	155	0	17504
2444	16889	69	240	172	0	17370
2445	913	16191	205	175	0	17484
2446	652	665	178	15560	0	17055
2447	411	259	15766	492	0	16928
2448	344	209	15773	286	0	16612
2449	267	14249	600	232	0	15348
2450	170	11017	347	122	0	11656
2451	295	285	356	9795	0	10731
2452	9698	172	145	247	0	10262
2453	272	9746	98	166	0	10282
2454	247	240	70	9556	0	10113
2455	216	9679	66	253	0	10214
2456	9636	266	59	149	0	10110
2457	304	204	53	9379	0	9940
2458	199	153	9162	244	0	9758
2459	173	8844	207	162	0	9386
2460	111	8681	188	124	0	9104
2461	122	250	137	7844	0	8353
2462	89	8278	107	152	0	8626
2463	102	256	62	8149	0	8569
2464	8189	177	51	229	0	8646
2465	8320	133	44	171	0	8668
2466	8465	76	51	142	0	8734
2467	8522	67	59	103	0	8751
2468	373	87	8300	64	0	8824
2469	260	7897	145	60	0	8362
2470	163	7761	121	74	0	8119
2471	44	6416	32	23	0	6515
2472	22	6215	37	13	0	6287
2473	5857	66	130	24	0	6077
2474	5737	18	20	19	0	5794
2475	5810	9	7	20	0	5846
2476	5857	12	0	13	0	5882
2477	43	11	5922	5	0	5981
2478	6177	3	25	18	0	6223
2479	6278	11	14	7	0	6310
2480	6355	8	5	23	0	6391
2481	61	2	4	6368	0	6435
2482	26	5	6	6349	0	6386
2483	6391	3	2	44	0	6440
2484	39	4	8	6355	0	6406
2485	23	6354	8	37	0	6422
2486	19	26	1	6397	0	6443
2487	18	11	3	6409	0	6441
2488	11	6557	9	35	0	6612
2489	23	22	3	6553	0	6601
2490	16	10	4	6588	0	6618
2491	6531	12	4	43	0	6590
2492	28	8	6380	22	0	6438
2493	6337	4	21	25	0	6387
2494	32	13	6493	9	0	6547
2495	21	15	6345	10	0	6391
2496	17	11	6498	7	0	6533
2497	6473	3	36	13	0	6525
2498	29	9	6761	8	0	6807
2499	6750	7	35	19	0	6811
2500	6886	8	19	19	0	6932
2501	6925	1	12	22	0	6960
2502	43	6956	17	4	0	7020
2503	6983	24	9	17	0	7033
2504	34	7096	12	7	0	7149
2505	29	34	3	7195	0	7261
2506	20	13	9	7219	0	7261
2507	12	7209	8	38	0	7267
2508	15	7247	7	27	0	7296
2509	15	7384	9	20	0	7428
2510	7371	43	4	13	0	7431
2511	36	7550	11	12	0	7609
2512	7607	33	5	21	0	7666
2513	39	24	7608	7	0	7678
2514	7637	11	28	18	0	7694
2515	7729	10	14	14	0	7767
2516	46	10	7652	13	0	7721
2517	29	7	30	7752	0	7818
2518	19	14	7797	28	0	7858
2519	16	5	34	7797	0	7852
2520	20	7	16	7861	0	7904
2521	7892	6	12	53	0	7963
2522	7902	4	8	30	0	7944
2523	46	7899	13	20	0	7978
2524	8008	30	8	22	0	8068
2525	44	23	8211	8	0	8286
2526	8201	7	37	16	0	8261
2527	54	16	8629	6	0	8705
2528	32	14	8747	8	0	8801
2529	8935	7	58	24	0	9024
2530	9043	6	24	24	0	9097
2531	61	9	9245	13	0	9328
2532	40	9	46	9192	0	9287
2533	21	14	27	9326	0	9388
2534	8	16	9247	57	0	9328
2535	24	11	42	9187	0	9264
2536	16	9212	31	49	0	9308
2537	21	46	13	9481	0	9561
2538	23	22	9	9449	0	9503
2539	15	17	9374	55	0	9461
2540	9013	6	47	42	0	9108
2541	9304	5	26	22	0	9357
2542	9228	10	15	26	0	9279
2543	9190	0	8	29	0	9227
2544	76	9198	22	11	0	9307
2545	47	42	10	9028	0	9127
2546	23	26	8972	52	0	9073
2547	22	19	8932	27	0	9000
2548	36	14	61	8835	0	8946
2549	10	21	8959	52	0	9042
2550	8762	6	42	43	0	8853
2551	50	4	23	9008	0	9085
2552	32	12	12	9064	0	9120
2553	18	6	7	9042	0	9073
2554	8962	3	12	89	0	9066
2555	49	8973	14	35	0	9071
2556	9014	37	12	26	0	9089
2557	8981	20	9	33	0	9043
2558	62	8893	27	10	0	8992
2559	33	8930	22	17	0	9002
2560	9088	53	17	27	0	9185
2561	62	24	13	9129	0	9228
2562	46	7	14	9143	0	9210
2563	9442	5	16	83	0	9546
2564	65	15	9354	29	0	9463
2565	9368	5	64	29	0	9466
2566	9499	10	30	29	0	9568
2567	93	9735	16	20	0	9864
2568	10140	59	6	26	0	10231
2569	10431	30	15	24	0	10500
2570	109	11127	14	20	0	11270
2571	49	11387	13	7	0	11456
2572	46	144	29	11197	0	11416
2573	11375	65	4	110	0	11554
2574	107	11558	8	57	0	11730
2575	69	123	4	11716	0	11912
2576	11769	61	6	140	0	11976
2577	129	31	11628	64	0	11852
2578	86	17	112	11568	0	11783
2579	33	30	11625	122	0	11810
2580	11358	11	129	89	0	11587
2581	11678	8	66	44	0	11796
2582	177	28	11621	20	0	11846
2583	86	11516	131	40	0	11773
2584	58	115	67	11588	0	11828
2585	42	74	11655	117	0	11888
2586	46	25	122	11751	0	11944
2587	35	21	73	11927	0	12056
2588	27	37	11704	185	0	11953
2589	11451	14	135	116	0	11716
2590	11745	8	80	69	0	11902
2591	188	15	11803	35	0	12041
2592	85	11841	147	37	0	12110
2593	60	119	81	11655	0	11915
2594	53	11770	42	108	0	11973
2595	35	11889	43	61	0	12028
2596	11891	182	35	53	0	12161
2597	145	88	17	11894	0	12144
2598	87	37	17	11897	0	12038
2599	38	38	11999	188	0	12263
2600	27	41	11887	95	0	12050
2601	57	13	182	11922	0	12174
2602	46	18	83	12124	0	12271
2603	34	26	12068	195	0	12323
2604	39	22	12095	91	0	12247
2605	44	25	201	12092	0	12362
2606	12280	26	95	178	0	12579
2607	141	12449	56	99	0	12745
2608	12434	158	42	65	0	12699
2609	172	12427	47	42	0	12688
2610	99	12569	29	54	0	12751
2611	12319	196	27	60	0	12602
2612	170	107	12345	33	0	12655
2613	108	48	172	12271	0	12599
2614	76	32	89	12488	0	12685
2615	65	33	51	12886	0	13035
2616	47	28	12766	242	0	13083
2617	41	28	193	12801	0	13063
2618	12842	27	92	220	0	13181
2619	183	24	44	13146	0	13397
2620	109	22	44	13454	0	13629
2621	13391	23	41	263	0	13718
2622	13439	22	27	151	0	13639
2623	247	13335	37	92	0	13711
2624	112	178	13283	54	0	13627
2625	75	92	13051	49	0	13267
2626	69	44	13050	40	0	13203
2627	40	12485	249	61	0	12835
2628	89	170	147	12111	0	12517
2629	47	81	71	12304	0	12503
2630	12183	40	62	231	0	12516
2631	184	44	41	11984	0	12253
2632	96	37	11914	224	0	12271
2633	74	31	178	11977	0	12260
2634	53	21	100	12023	0	12197
2635	52	37	11861	255	0	12205
2636	40	11713	188	137	0	12078
2637	44	168	102	11155	0	11469
2638	35	11616	76	183	0	11910
2639	32	188	11520	101	0	11841
2640	11436	91	204	69	0	11800
2641	11568	62	95	79	0	11804
2642	11670	39	61	65	0	11835
2643	272	34	53	11415	0	11774
2644	123	11430	45	209	0	11807
2645	11434	167	41	123	0	11765
2646	11539	86	49	78	0	11752
2647	11435	45	50	73	0	11603
2648	267	42	11196	65	0	11570
2649	11021	40	180	70	0	11311
2650	229	11044	102	56	0	11431
2651	10968	173	53	61	0	11255
2652	211	10984	66	43	0	11304
2653	10993	195	43	57	0	11288
2654	233	99	11013	44	0	11389
2655	11000	48	189	47	0	11284
2656	11132	40	88	56	0	11316
2657	10738	41	57	56	0	10892
2658	11167	46	45	54	0	11312
2659	288	41	10901	46	0	11276
2660	180	27	171	10743	0	11121
2661	10765	23	98	187	0	11073
2662	218	10635	73	92	0	11018
2663	131	166	54	10319	0	10670
2664	76	81	10264	180	0	10601
2665	94	155	169	10041	0	10459
2666	87	56	10096	169	0	10408
2667	48	9646	180	107	0	9981
2668	40	9046	98	82	0	9266
2669	53	8847	73	60	0	9033
2670	113	187	61	7705	0	8066
2671	69	56	16	7614	0	7755
2672	27	36	7462	113	0	7638
2673	33	7203	89	59	0	7384
2674	6897	81	37	36	0	7051
2675	77	6685	26	38	0	6826
2676	36	6692	19	35	0	6782
2677	105	96	23	6476	0	6700
2678	6430	31	21	84	0	6566
2679	6465	27	20	28	0	6540
2680	107	15	16	6400	0	6538
2681	6352	22	17	84	0	6475
2682	105	14	14	6313	0	6446
2683	41	28	6284	83	0	6436
2684	6310	22	66	34	0	6432
2685	101	13	24	6253	0	6391
2686	41	19	6109	77	0	6246
2687	39	11	6084	27	0	6161
2688	41	22	78	6037	0	6178
2689	6139	17	40	75	0	6271
2690	6205	14	23	36	0	6278
2691	88	6203	20	31	0	6342
2692	6314	72	8	38	0	6432
2693	6390	24	20	21	0	6455
2694	6424	17	16	26	0	6483
2695	99	6435	17	30	0	6581
2696	6417	61	17	21	0	6516
2697	6479	23	17	28	0	6547
2698	105	14	12	6365	0	6496
2699	6106	8	12	66	0	6192
2700	74	6093	11	31	0	6209
2701	37	6108	12	18	0	6175
2702	31	66	9	6055	0	6161
2703	38	26	6	6042	0	6112
2704	20	6000	15	71	0	6106
2705	5856	54	10	28	0	5948
2706	56	5619	5	21	0	5701
2707	5404	42	8	18	0	5472
2708	50	5516	5	18	0	5589
2709	28	39	9	5429	0	5505
2710	15	5596	8	40	0	5659
2711	5619	45	45	19	0	5728
2712	5557	19	18	18	0	5612
2713	5514	8	16	22	0	5560
2714	56	19	5392	7	0	5474
2715	25	9	5080	9	0	5123
2716	11	5036	29	12	0	5088
2717	20	41	4960	4	0	5025
2718	21	17	4773	7	0	4818
2719	14	83	43	4320	0	4460
2720	6	4	4384	14	0	4408
2721	3	4381	15	4	0	4403
2722	4370	12	4	7	0	4393
2723	15	4327	2	3	0	4347
2724	3	4389	6	3	0	4401
2725	4426	19	3	10	0	4458
2726	4524	5	0	8	0	4537
2727	14	4624	3	6	0	4647
2728	4671	16	1	6	0	4694
2729	4673	3	2	6	0	4684
2730	4676	4	3	6	0	4689
2731	21	6	4634	2	0	4663
2732	4	8	4602	3	0	4617
2733	6	2	15	4743	0	4766
2734	4	3	2	4780	0	4789
2735	4807	1	2	16	0	4826
2736	17	4814	1	7	0	4839
2737	4	16	2	4942	0	4964
2738	3	3	4	5021	0	5031
2739	3	3	3	5100	0	5109
2740	7	2	3	5121	0	5133
2741	3	4	5150	22	0	5179
2742	6	8	5128	4	0	5146
2743	3	4	21	5274	0	5302
2744	5	4	5345	21	0	5375
2745	5326	2	20	12	0	5360
2746	26	2	7	5471	0	5506
2747	8	7	5497	23	0	5535
2748	5260	4	20	14	0	5298
2749	23	5498	11	7	0	5539
2750	5476	18	3	8	0	5505
2751	22	5721	5	6	0	5754
2752	9	22	6	5693	0	5730
2753	3	8	5754	23	0	5788
2754	9	4	22	5633	0	5668
2755	7	4	5661	22	0	5694
2756	5648	6	22	9	0	5685
2757	25	1	5	5797	0	5828
2758	5833	3	6	33	0	5875
2759	27	6	5899	5	0	5937
2760	6109	4	24	13	0	6150
2761	6561	4	7	8	0	6580
2762	36	8	6704	5	0	6753
2763	16	5	31	6766	0	6818
2764	9	5	6856	32	0	6902
2765	9	6902	36	11	0	6958
2766	6907	30	22	22	0	6981
2767	6922	8	7	19	0	6956
2768	43	7	7011	7	0	7068
2769	9	14	7038	3	0	7064
2770	14	4	35	7095	0	7148
2771	14	1	10	7199	0	7224
2772	7229	2	6	42	0	7279
2773	36	7333	15	9	0	7393
2774	7475	28	11	17	0	7531
2775	7511	7	7	19	0	7544
2776	42	8	7436	3	0	7489
2777	7321	7	31	13	0	7372
2778	41	5	7519	7	0	7572
2779	22	2	34	7681	0	7739
2780	5	17	7986	32	0	8040
2781	16	2	32	7997	0	8047
2782	9	6	8066	38	0	8119
2783	7941	4	34	27	0	8006
2784	8083	4	14	13	0	8114
2785	47	7	6	8077	0	8137
2786	8256	2	11	45	0	8314
2787	45	5	11	8451	0	8512
2788	20	8641	18	34	0	8713
2789	8625	27	9	25	0	8686
2790	41	8625	12	17	0	8695
2791	23	31	8	8676	0	8738
2792	13	11	8	8534	0	8566
2793	18	7	10	8466	0	8501
2794	19	8	9	8413	0	8449
2795	13	17	8220	38	0	8288
2796	7764	3	30	38	0	7835
2797	8024	1	9	33	0	8067
2798	42	8145	12	21	0	8220
2799	21	27	7	8227	0	8282
2800	18	9	9	8234	0	8270
2801	19	9	8107	40	0	8175
2802	7960	10	33	26	0	8029
2803	41	4	7	8164	0	8216
2804	17	18	8110	37	0	8182
2805	8150	3	32	38	0	8223
2806	8324	3	16	31	0	8374
2807	8342	1	15	34	0	8392
2808	43	9	8221	11	0	8284
2809	23	15	8030	9	0	8077
2810	8121	13	39	26	0	8199
2811	41	2	15	8319	0	8377
2812	21	4	12	8462	0	8499
2813	11	11	8452	37	0	8511
2814	8326	5	31	30	0	8392
2815	41	3	13	8641	0	8698
2816	8912	4	10	63	0	8989
2817	9043	2	10	37	0	9092
2818	9060	5	9	37	0	9111
2819	54	10	9366	10	0	9440
2820	27	4	39	9428	0	9498
2821	9605	3	17	71	0	9696
2822	50	9887	20	27	0	9984
2823	32	41	11	10034	0	10118
2824	13	14	12	10094	0	10133
2825	9999	6	4	75	0	10084
2826	9943	5	7	44	0	9999
2827	67	7	6	9882	0	9962
2828	28	9	9891	53	0	9981
2829	9763	3	43	38	0	9847
2830	61	9	10177	20	0	10267
2831	10276	4	54	28	0	10362
2832	10467	3	20	38	0	10528
2833	89	8	10524	10	0	10631
2834	34	13	68	10779	0	10894
2835	22	12	11199	76	0	11309
2836	27	11682	88	30	0	11827
2837	28	103	28	11547	0	11706
2838	12	12079	22	87	0	12200
2839	19	111	14	12166	0	12310
2840	8	37	12450	113	0	12608
2841	14	12565	125	32	0	12736
2842	13	12815	31	29	0	12888
2843	42	174	29	12914	0	13159
2844	13045	46	19	163	0	13273
2845	166	25	16	13918	0	14125
2846	14284	18	11	209	0	14522
2847	175	14488	16	61	0	14740
2848	15507	174	9	52	0	15742
2849	204	62	15885	30	0	16181
2850	105	19	183	15866	0	16173
2851	62	30	45	15825	0	15962
2852	30	25	15761	233	0	16049
2853	15328	19	196	94	0	15637
2854	15753	20	57	79	0	15909
2855	242	15584	48	36	0	15910
2856	110	227	22	15147	0	15506
2857	60	15559	41	167	0	15827
2858	38	212	15472	62	0	15784
2859	45	76	15555	46	0	15722
2860	83	158	236	15040	0	15517
2861	14887	27	86	216	0	15216
2862	188	14675	52	78	0	14993
2863	14704	177	36	56	0	14973
2864	199	69	14515	36	0	14819
2865	14565	31	185	48	0	14829
2866	14818	38	64	50	0	14970
2867	250	36	14678	31	0	14995
2868	125	29	203	14572	0	14929
2869	14617	19	66	224	0	14926
2870	14695	25	41	76	0	14837
2871	14693	31	35	59	0	14818
2872	301	19	36	14445	0	14801
2873	99	30	14316	194	0	14639
2874	14215	20	178	98	0	14511
2875	229	39	14458	49	0	14775
2876	150	18	208	14389	0	14765
2877	120	21	74	14360	0	14575
2878	78	14385	78	235	0	14776
2879	60	194	14289	92	0	14635
2880	55	13873	213	62	0	14203
2881	42	14118	96	60	0	14316
2882	76	231	64	13933	0	14304
2883	64	88	13929	216	0	14297
2884	77	50	205	13961	0	14293
2885	58	49	13995	233	0	14335
2886	72	48	213	13797	0	14130
2887	76	45	89	13704	0	13914
2888	49	44	13300	275	0	13668
2889	71	44	222	13281	0	13618
2890	54	50	13334	258	0	13696
2891	55	48	13324	115	0	13542
2892	48	13185	285	77	0	13595
2893	13256	204	95	96	0	13651
2894	221	93	13264	62	0	13640
2895	13140	49	232	79	0	13500
2896	264	40	103	13310	0	13717
2897	90	53	13300	234	0	13677
2898	64	13182	258	116	0	13620
2899	100	199	123	13147	0	13569
2900	62	94	13206	246	0	13608
2901	79	67	235	12822	0	13203
2902	63	13105	114	226	0	13508
2903	13163	204	88	96	0	13551
2904	262	90	73	13102	0	13527
2905	13005	56	72	255	0	13388
2906	13135	51	71	127	0	13384
2907	13212	46	65	101	0	13424
2908	13208	35	57	88	0	13388
2909	13036	37	66	80	0	13219
2910	309	12660	69	97	0	13135
2911	164	206	56	12609	0	13035
2912	144	67	60	12711	0	12982
2913	121	44	71	12694	0	12930
2914	105	55	12351	284	0	12795
2915	85	12219	234	155	0	12693
2916	12178	201	98	102	0	12579
2917	12247	83	71	98	0	12499
2918	292	11904	90	86	0	12372
2919	113	11874	85	96	0	12168
2920	11688	250	68	85	0	12091
2921	251	108	11363	67	0	11789
2922	137	99	223	10996	0	11455
2923	10922	70	125	223	0	11340
2924	246	66	63	10790	0	11165
2925	104	10794	85	236	0	11219
2926	102	212	61	10849	0	11224
2927	74	98	10822	231	0	11225
2928	10669	54	227	121	0	11071
2929	10955	40	90	92	0	11177
2930	299	48	76	10485	0	10908
2931	162	42	51	10521	0	10776
2932	10169	35	57	249	0	10510
2933	241	10025	74	119	0	10459
2934	137	175	56	9759	0	10127
2935	123	60	41	9642	0	9866
2936	8913	28	51	219	0	9211
2937	195	8955	51	105	0	9306
2938	8817	135	27	72	0	9051
2939	186	8644	41	65	0	8936
2940	86	8554	39	60	0	8739
2941	8318	131	49	55	0	8553
2942	146	8311	47	51	0	8555
2943	89	304	115	7784	0	8292
2944	51	52	7872	137	0	8112
2945	40	30	6844	41	0	6955
2946	18	24	6534	33	0	6609
2947	27	6296	134	15	0	6472
2948	5155	96	178	19	0	5448
2949	61	13	16	4928	0	5018
2950	16	10	8	4970	0	5004
2951	15	7	4898	63	0	4983
2952	4892	4	63	31	0	4990
2953	61	10	11	5007	0	5089
2954	25	6	8	5051	0	5090
2955	16	6	4	5014	0	5040
2956	4880	3	5	87	0	4975
2957	62	1	4844	27	0	4934
2958	4816	1	67	17	0	4901
2959	69	8	13	4818	0	4908
2960	23	6	4807	64	0	4900
2961	4722	10	58	29	0	4819
2962	67	6	4837	18	0	4928
2963	26	16	72	4772	0	4886
2964	16	12	4844	60	0	4932
2965	12	10	4742	21	0	4785
2966	4542	2	78	20	0	4642
2967	61	4	4589	10	0	4664
2968	17	7	75	4520	0	4619
2969	4498	5	24	67	0	4594
2970	67	3	25	4513	0	4608
2971	17	6	4509	65	0	4597
2972	18	6	4572	21	0	4617
2973	10	4536	77	22	0	4645
2974	15	65	29	4481	0	4590
2975	4333	13	17	69	0	4432
2976	57	4271	15	29	0	4372
2977	4283	55	18	23	0	4379
2978	74	15	19	4205	0	4313
2979	4206	19	13	64	0	4302
2980	76	4171	5	23	0	4275
2981	27	59	7	4161	0	4254
2982	4177	16	12	62	0	4267
2983	75	4175	6	17	0	4273
2984	28	56	13	4178	0	4275
2985	23	16	10	4192	0	4241
2986	4178	18	12	77	0	4285
2987	66	10	13	4198	0	4287
2988	31	6	10	4233	0	4280
2989	27	10	14	4273	0	4324
2990	11	12	4110	87	0	4220
2991	4138	2	66	40	0	4246
2992	75	6	16	4596	0	4693
2993	25	10	4787	80	0	4902
2994	4832	3	82	34	0	4951
2995	82	10	4937	32	0	5061
2996	24	4	91	4868	0	4987
2997	28	4924	31	84	0	5067
2998	32	72	24	4944	0	5072
2999	12	22	4985	93	0	5112
3000	24	16	5112	27	0	5179
3001	26	9	95	5104	0	5234
3002	11	14	5084	95	0	5204
3003	4976	11	95	43	0	5125
3004	81	15	5038	26	0	5160
3005	28	10	97	4962	0	5097
3006	29	5	36	5013	0	5083
3007	19	6	26	4973	0	5024
3008	4883	3	16	116	0	5018
3009	4932	8	15	46	0	5001
3010	5031	6	11	35	0	5083
3011	108	6	12	4950	0	5076
3012	38	12	14	4990	0	5054
3013	31	6	4895	107	0	5039
3014	27	8	4953	47	0	5035
3015	29	4907	94	31	0	5061
3016	31	94	38	4618	0	4781
3017	18	17	26	4569	0	4630
3018	11	4584	19	86	0	4700
3019	4568	64	17	41	0	4690
3020	66	4570	17	30	0	4683
3021	4544	73	15	26	0	4658
3022	85	29	10	4516	0	4640
3023	4563	14	9	86	0	4672
3024	87	11	12	4561	0	4671
3025	29	12	4502	84	0	4627
3026	28	9	80	4533	0	4650
3027	4479	8	26	85	0	4598
3028	85	6	15	4538	0	4644
3029	27	6	15	4547	0	4595
3030	25	7	4508	100	0	4640
3031	24	4	75	4536	0	4639
3032	30	3	21	4522	0	4576
3033	21	4451	14	94	0	4580
3034	35	60	10	4462	0	4567
3035	21	15	13	4535	0	4584
3036	17	9	19	4473	0	4518
3037	8	4150	18	95	0	4271
3038	10	57	8	3962	0	4037
3039	3827	13	7	69	0	3916
3040	49	3682	8	29	0	3768
3041	14	3484	5	27	0	3530
3042	12	3424	2	22	0	3460
3043	9	100	8	3252	0	3369
3044	7	3212	11	47	0	3277
3045	11	3280	20	18	0	3329
3046	3210	38	17	17	0	3282
3047	37	14	3155	12	0	3218
3048	3123	8	41	18	0	3190
3049	38	13	16	3136	0	3203
3050	11	9	3123	49	0	3192
3051	3070	9	42	23	0	3144
3052	37	7	3079	17	0	3140
3053	11	5	3071	24	0	3111
3054	3133	4	63	16	0	3216
3055	48	6	24	3165	0	3243
3056	14	4	3182	54	0	3254
3057	3160	6	51	30	0	3247
3058	3208	3	20	29	0	3260
3059	51	3	3243	35	0	3332
3060	3293	3	43	27	0	3366
3061	3344	4	13	23	0	3384
3062	67	5	3228	23	0	3323
3063	3256	4	44	22	0	3326
3064	3259	7	17	28	0	3311
3065	53	5	3239	25	0	3322
3066	19	11	3447	19	0	3496
3067	20	13	50	3471	0	3554
3068	11	16	3491	61	0	3579
3069	3494	15	52	33	0	3594
3070	56	19	15	3475	0	3565
3071	29	10	11	3521	0	3571
3072	20	17	3420	62	0	3519
3073	30	12	47	3407	0	3496
3074	22	10	3413	62	0	3507
3075	3439	6	50	30	0	3525
3076	3483	4	20	32	0	3539
3077	66	4	3459	23	0	3552
3078	3451	9	54	29	0	3543
3079	3530	3	24	26	0	3583
3080	60	3	3518	36	0	3617
3081	3580	2	52	26	0	3660
3082	3639	4	22	27	0	3692
3083	59	5	3558	30	0	3652
3084	3540	3	55	33	0	3631
3085	60	15	3608	18	0	3701
3086	23	9	47	3591	0	3670
3087	24	7	21	3629	0	3681
3088	21	10	9	3677	0	3717
3089	14	13	3563	74	0	3664
3090	3421	6	50	38	0	3515
3091	56	13	3439	21	0	3529
3092	20	2966	39	9	0	3034
3093	9	2845	16	7	0	2877
3094	2721	26	24	10	0	2781
3095	32	8	5	2647	0	2692
3096	6	2653	11	34	0	2704
3097	2575	21	5	10	0	2611
3098	2578	3	7	7	0	2595
3099	27	2594	5	7	0	2633
3100	9	22	3	2441	0	2475
3101	5	2470	11	20	0	2506
3102	2494	22	3	7	0	2526
3103	2510	7	1	5	0	2523
3104	27	3	6	2435	0	2471
3105	2428	3	1	27	0	2459
3106	31	5	1	2432	0	2469
3107	12	3	2421	20	0	2456
3108	2402	0	23	13	0	2438
3109	28	10	2441	1	0	2480
3110	9	3	25	2378	0	2415
3111	2384	4	5	23	0	2416
3112	26	4	2	2394	0	2426
3113	8	4	2374	24	0	2410
3114	7	1	2332	9	0	2349
3115	9	25	25	2321	0	2380
3116	2299	4	11	29	0	2343
3117	23	2350	7	7	0	2387
3118	12	26	2	2344	0	2384
3119	6	7	2358	24	0	2395
3120	2378	3	25	12	0	2418
3121	2446	4	6	5	0	2461
3122	31	0	2447	3	0	2481
3123	2431	1	23	4	0	2459
3124	29	4	9	2480	0	2522
3125	8	1	2474	25	0	2508
3126	2457	1	28	9	0	2495
3127	30	4	6	2457	0	2497
3128	11	4	3	2429	0	2447
3129	2435	0	6	31	0	2472
3130	27	2382	4	9	0	2422
3131	11	2439	5	5	0	2460
3132	2436	21	4	10	0	2471
3133	2395	5	4	4	0	2408
3134	28	3	2431	3	0	2465
3135	8	2	2449	5	0	2464
3136	13	2	20	2438	0	2473
3137	2568	1	13	22	0	2604
3138	2573	0	4	11	0	2588
3139	2594	1	7	3	0	2605
3140	31	2566	3	2	0	2602
3141	11	2605	1	6	0	2623
3142	9	22	4	2662	0	2697
3143	10	7	2	2700	0	2719
3144	2	7	2	2801	0	2812
3145	4	4	2827	30	0	2865
3146	8	5	2687	10	0	2710
3147	2815	1	28	7	0	2851
3148	2883	1	14	7	0	2905
3149	36	3	5	2861	0	2905
3150	12	3	1	2865	0	2881
3151	10	2	5	2922	0	2939
3152	7	3	2885	35	0	2930
3153	6	3	2889	14	0	2912
3154	4	6	29	2878	0	2917
3155	8	4	2939	24	0	2975
3156	2	2879	27	8	0	2916
3157	4	2939	8	7	0	2958
3158	2927	24	1	11	0	2963
3159	25	2858	5	6	0	2894
3160	4	23	6	2870	0	2903
3161	6	4	2	2882	0	2894
3162	4	2995	5	27	0	3031
3163	5	25	4	3011	0	3045
3164	6	6	2970	28	0	3010
3165	5	3000	25	7	0	3037
3166	7	25	7	2812	0	2851
3167	5	7	2785	17	0	2814
3168	1	2763	19	6	0	2789
3169	6	16	7	2719	0	2748
3170	2	2762	3	19	0	2786
3171	4	17	5	2753	0	2779
3172	4	3	3	2717	0	2727
3173	2	2720	2	20	0	2744
3174	2684	15	1	12	0	2712
3175	2667	2	3	8	0	2680
3176	21	2639	1	4	0	2665
3177	4	2674	3	5	0	2686
3178	4	21	4	2661	0	2690
3179	4	8	2645	18	0	2675
3180	2583	1	16	12	0	2612
3181	2563	1	8	8	0	2580
3182	18	7	2562	5	0	2592
3183	2537	3	14	11	0	2565
3184	2592	2	6	5	0	2605
3185	19	9	2510	3	0	2541
3186	2466	5	16	7	0	2494
3187	18	5	2558	3	0	2584
3188	6	2573	17	2	0	2598
3189	2582	17	3	4	0	2606
3190	2581	5	4	8	0	2598
3191	18	7	2605	1	0	2631
3192	2620	0	17	9	0	2646
3193	2699	0	9	5	0	2713
3194	22	7	2744	0	0	2773
3195	2783	3	17	7	0	2810
3196	2821	2	4	3	0	2830
3197	21	5	2825	2	0	2853
3198	2866	2	18	7	0	2893
3199	21	3	6	2812	0	2842
3200	9	4	4	2824	0	2841
3201	7	5	2812	22	0	2846
3202	3	11	2801	5	0	2820
3203	11	3	19	2849	0	2882
3204	10	5	5	2871	0	2891
3205	3012	6	4	21	0	3043
3206	22	6	2976	8	0	3012
3207	3030	1	19	9	0	3059
3208	24	8	9	3112	0	3153
3209	9	8	3177	25	0	3219
3210	3349	5	30	11	0	3395
3211	29	4	6	3466	0	3505
3212	9	3	3492	26	0	3530
3213	3482	5	24	10	0	3521
3214	27	11	9	3529	0	3576
3215	3571	2	7	31	0	3611
3216	29	6	3800	6	0	3841
3217	11	6	27	3687	0	3731
3218	7	3901	13	26	0	3947
3219	3934	25	9	15	0	3983
3220	3956	7	7	10	0	3980
3221	35	4017	7	8	0	4067
3222	4065	25	6	7	0	4103
3223	4066	6	9	7	0	4088
3224	4047	3	6	11	0	4067
3225	36	4022	10	5	0	4073
3226	12	33	6	4045	0	4096
3227	8	8	4094	33	0	4143
3228	11	6	30	4083	0	4130
3229	6	7	6	4108	0	4127
3230	7	7	4089	34	0	4137
3231	7	8	4080	8	0	4103
3232	15	6	30	3959	0	4010
3233	8	4131	9	30	0	4178
3234	4136	34	5	7	0	4182
3235	4092	3	3	12	0	4110
3236	38	4201	8	4	0	4251
3237	4166	23	5	9	0	4203
3238	4201	5	4	6	0	4216
3239	34	6	4218	8	0	4266
3240	4172	3	30	13	0	4218
3241	28	4307	15	6	0	4356
3242	7	23	4246	3	0	4279
3243	11	5	4178	3	0	4197
3244	8	4181	24	9	0	4222
3245	4135	23	10	3	0	4171
3246	25	7	4198	2	0	4232
3247	15	4	17	4215	0	4251
3248	7	6	4223	20	0	4256
3249	4130	3	21	9	0	4163
3250	25	4	4856	6	0	4891
3251	8	3	4827	7	0	4845
3252	4822	3	25	10	0	4860
3253	22	5021	14	6	0	5063
3254	5065	20	9	15	0	5109
3255	5163	1	6	11	0	5181
3256	20	13	7	5147	0	5187
3257	7	5583	7	21	0	5618
3258	5665	20	8	21	0	5714
3259	22	10	5823	6	0	5861
3260	5706	5	20	16	0	5747
3261	27	5879	7	14	0	5927
3262	5776	17	11	8	0	5812
3263	5769	1	4	10	0	5784
3264	23	5955	4	4	0	5986
3265	11	17	5	5987	0	6020
3266	6097	3	8	27	0	6135
3267	23	6100	8	6	0	6137
3268	9	20	3	6142	0	6174
3269	6274	2	5	35	0	6316
3270	25	4	3	6587	0	6619
3271	8	1	7	6595	0	6611
3272	8	6629	10	33	0	6680
3273	6665	26	4	27	0	6722
3274	6799	6	7	19	0	6831
3275	6880	4	2	10	0	6896
3276	32	7109	10	6	0	7157
3277	7175	26	2	21	0	7224
3278	7227	6	2	10	0	7245
3279	37	6	2	7204	0	7249
3280	14	4	2	7252	0	7272
3281	15	14	7276	28	0	7333
3282	12	6	26	7270	0	7314
3283	15	2	7	7279	0	7303
3284	11	5	7311	32	0	7359
3285	6845	8	30	23	0	6906
3286	35	6	7326	7	0	7374
3287	12	13	7473	3	0	7501
3288	12	6	27	7538	0	7583
3289	13	2	6	7595	0	7616
3290	7	7664	22	26	0	7719
3291	7652	29	4	28	0	7713
3292	7675	7	2	23	0	7707
3293	35	7796	8	6	0	7845
3294	13	8147	9	7	0	8176
3295	19	43	2	8327	0	8391
3296	4	8604	10	39	0	8657
3297	8602	50	3	29	0	8684
3298	8625	10	3	21	0	8659
3299	62	11	4	8615	0	8692
3300	17	8	3	8693	0	8721
3301	8639	2	4	77	0	8722
3302	55	14	8487	17	0	8573
3303	8460	6	49	30	0	8545
3304	63	12	8490	7	0	8572
3305	8450	3	52	18	0	8523
3306	63	7	9	8534	0	8613
3307	17	10	8621	52	0	8700
3308	11	15	8538	9	0	8573
3309	8443	22	66	32	0	8563
3310	8458	3	20	27	0	8508
3311	49	8666	21	14	0	8750
3312	24	41	7	8836	0	8908
3313	16	14	5	8991	0	9026
3314	8952	3	7	82	0	9044
3315	62	8904	10	22	0	8998
3316	8764	45	6	26	0	8841
3317	54	8718	15	9	0	8796
3318	18	8667	8	11	0	8704
3319	8639	52	12	28	0	8731
3320	58	21	8567	7	0	8653
3321	15	10	50	8589	0	8664
3322	19	10	10	8596	0	8635
3323	13	8	8605	56	0	8682
3324	15	7	51	8587	0	8660
3325	24	11	16	8380	0	8431
3326	10	8659	15	56	0	8740
3327	8662	47	11	40	0	8760
3328	55	26	8698	13	0	8792
3329	8496	7	52	26	0	8581
3330	54	8781	18	14	0	8867
3331	32	55	3	8819	0	8909
3332	9039	18	9	80	0	9146
3333	73	9	5	9068	0	9155
3334	26	13	7	9092	0	9138
3335	14	20	9081	70	0	9185
3336	8765	7	57	40	0	8869
3337	8985	11	15	39	0	9050
3338	73	12	9011	21	0	9117
3339	28	11	60	9029	0	9128
3340	19	14	9019	72	0	9124
3341	8934	8	62	39	0	9043
3342	9195	3	22	28	0	9248
3343	74	13	11	9191	0	9289
3344	9210	4	10	78	0	9302
3345	66	25	9584	26	0	9701
3346	41	6	62	9618	0	9727
3347	29	9	21	9726	0	9785
3348	32	3	11	9865	0	9911
3349	27	8	12	9913	0	9960
3350	9244	5	11	108	0	9368
3351	76	14	9139	24	0	9253
3352	31	5	66	9269	0	9371
3353	22	13	9158	79	0	9272
3354	20	16	9077	35	0	9148
3355	30	6	85	9007	0	9128
3356	24	6	22	9126	0	9178
3357	8752	4	23	97	0	8876
3358	75	10	14	8853	0	8952
3359	36	4	13	8944	0	8997
3360	19	5	14	9010	0	9048
3361	8898	4	11	128	0	9041
3362	8945	5	14	59	0	9023
3363	9110	5	14	46	0	9175
3364	8980	7	13	47	0	9047
3365	91	9626	10	40	0	9767
3366	43	84	11	9601	0	9739
3367	30	23	12	9791	0	9856
3368	10024	8	19	147	0	10198
3369	122	10382	21	61	0	10586
3370	56	112	15	10765	0	10948
3371	30	32	11336	143	0	11541
3372	12041	12	139	85	0	12277
3373	177	12466	51	41	0	12735
3374	12955	155	27	42	0	13179
3375	13372	47	7	53	0	13479
3376	272	24	12	13282	0	13590
3377	97	32	13313	211	0	13653
3378	85	14	190	13521	0	13810
3379	13632	17	60	242	0	13951
3380	254	12	25	13637	0	13928
3381	13660	9	17	267	0	13953
3382	239	13582	29	97	0	13947
3383	14013	201	15	85	0	14314
3384	273	65	15	14115	0	14468
3385	124	31	15	14738	0	14908
3386	14811	23	13	305	0	15152
3387	14811	26	14	121	0	14972
3388	14879	25	15	73	0	14992
3389	14811	21	14	78	0	14924
3390	14786	14	18	70	0	14888
3391	381	9	13	14449	0	14852
3392	154	32	14273	245	0	14704
3393	100	14150	213	101	0	14564
3394	13825	198	81	87	0	14191
3395	274	75	13402	52	0	13803
3396	13264	42	205	55	0	13566
3397	268	13232	75	49	0	13624
3398	13376	206	56	55	0	13693
3399	317	64	19	13287	0	13687
3400	157	45	35	13486	0	13723
3401	115	36	13391	276	0	13818
3402	149	31	194	13406	0	13780
3403	100	33	13607	248	0	13988
3404	92	27	13683	135	0	13937
3405	13671	32	265	114	0	14082
3406	13993	24	118	82	0	14217
3407	318	32	13655	90	0	14095
3408	13637	24	232	97	0	13990
3409	13885	39	96	72	0	14092
3410	367	33	13524	53	0	13977
3411	193	13357	231	70	0	13851
3412	200	215	91	13631	0	14137
3413	13861	72	66	261	0	14260
3414	14238	43	36	140	0	14457
3415	14290	25	53	92	0	14460
3416	14263	41	49	89	0	14442
3417	14252	29	47	81	0	14409
3418	378	35	13984	70	0	14467
3419	222	34	14221	60	0	14537
3420	187	59	261	14150	0	14657
3421	14307	37	108	262	0	14714
3422	14497	28	88	136	0	14749
3423	14549	31	75	99	0	14754
3424	14453	40	74	83	0	14650
3425	370	14148	74	123	0	14715
3426	217	14871	80	97	0	15265
3427	14948	244	52	140	0	15384
3428	15117	87	69	108	0	15381
3429	363	14962	72	93	0	15490
3430	15129	204	67	92	0	15492
3431	334	117	15069	80	0	15600
3432	276	47	227	14941	0	15491
3433	203	43	15038	240	0	15524
3434	177	67	15134	115	0	15493
3435	206	39	285	15076	0	15606
3436	223	31	123	15491	0	15868
3437	193	41	15521	283	0	16038
3438	196	51	243	15336	0	15826
3439	184	43	117	15609	0	15953
3440	15503	38	72	338	0	15951
3441	15601	39	72	166	0	15878
3442	413	47	74	15487	0	16021
3443	251	49	15510	265	0	16075
3444	200	15558	236	134	0	16128
3445	15434	208	123	110	0	15875
3446	356	89	15806	70	0	16321
3447	218	15471	270	106	0	16065
3448	175	16052	153	89	0	16469
3449	16108	242	100	102	0	16552
3450	16352	90	88	91	0	16621
3451	404	53	72	16137	0	16666
3452	210	82	16813	230	0	17335
3453	195	74	237	16843	0	17349
3454	212	37	118	16956	0	17323
3455	210	36	91	17102	0	17439
3456	16942	43	80	346	0	17411
3457	343	16588	102	147	0	17180
3458	193	17371	115	104	0	17783
3459	173	225	87	17136	0	17621
3460	172	95	80	17467	0	17814
3461	17329	46	108	321	0	17804
3462	17250	47	73	186	0	17556
3463	17273	55	57	172	0	17557
3464	373	17014	97	94	0	17578
3465	16367	157	59	112	0	16695
3466	314	147	53	16196	0	16710
3467	182	50	16126	211	0	16569
3468	196	56	15214	102	0	15568
3469	14948	36	201	140	0	15325
3470	225	39	14692	60	0	15016
3471	117	40	13960	40	0	14157
3472	12809	33	145	44	0	13031
3473	114	23	12842	14	0	12993
3474	46	30	12430	14	0	12520
3475	54	136	100	11908	0	12198
3476	25	15	12285	35	0	12360
3477	20	16	43	12049	0	12128
3478	23	14	14	12161	0	12212
3479	10	11	12434	38	0	12493
3480	7	12669	43	33	0	12752
3481	12631	26	30	60	0	12747
3482	45	23	12974	9	0	13051
3483	18	28	12775	12	0	12833
3484	11896	13	49	54	0	12012
3485	31	14	12519	4	0	12568
3486	8	12308	38	11	0	12365
3487	19	12285	26	7	0	12337
3488	12	21	5	12618	0	12656
3489	18	9	5	12595	0	12627
3490	12788	5	4	62	0	12859
3491	12771	6	4	48	0	12829
3492	12796	2	5	39	0	12842
3493	39	10	2	12876	0	12927
3494	12904	1	3	70	0	12978
3495	12773	3	11	66	0	12853
3496	36	11	13012	8	0	13067
3497	16	13	12770	11	0	12810
3498	9	13285	44	5	0	13343
3499	17	24	10	13387	0	13438
3500	13436	6	7	51	0	13500
3501	25	13400	21	11	0	13457
3502	18	25	4	13621	0	13668
3503	13706	8	4	69	0	13787
3504	13577	7	6	53	0	13643
3505	39	13950	11	15	0	14015
3506	13922	32	3	54	0	14011
3507	14090	12	10	36	0	14148
3508	63	10	5	14204	0	14282
3509	24	24	14381	35	0	14464
3510	13	14263	59	25	0	14360
3511	12	14342	28	14	0	14396
3512	14022	43	10	56	0	14131
3513	59	13	12	14175	0	14259
3514	17	36	14246	54	0	14353
3515	9	14344	61	21	0	14435
3516	14427	53	12	52	0	14544
3517	14481	15	6	55	0	14557
3518	69	26	14681	6	0	14782
3519	34	11	60	14686	0	14791
3520	32	11	15	15217	0	15275
3521	17	29	16129	72	0	16247
3522	16505	10	97	74	0	16686
3523	18786	6	31	51	0	18874
3524	207	11	28	20646	0	20892
3525	57	21025	58	226	0	21366
3526	99	223	18	21716	0	22056
3527	60	94	21814	282	0	22250
3528	21671	61	242	154	0	22128
3529	285	36	90	22408	0	22819
3530	109	68	22320	300	0	22797
3531	21850	32	282	191	0	22355
3532	341	22	131	22324	0	22818
3533	184	27	89	22437	0	22737
3534	22181	11	69	427	0	22688
3535	304	22336	99	195	0	22934
3536	22308	242	62	177	0	22789
3537	391	86	38	22164	0	22679
3538	22174	74	31	378	0	22657
3539	397	85	22007	162	0	22651
3540	182	22152	274	137	0	22745
3541	211	280	103	22381	0	22975
3542	22412	99	97	369	0	22977
3543	353	22252	91	167	0	22863
3544	227	287	68	22435	0	23017
3545	22418	143	69	390	0	23020
3546	22034	87	57	238	0	22416
3547	495	81	46	21629	0	22251
3548	240	124	21415	370	0	22149
3549	179	99	21542	220	0	22040
3550	21466	73	345	216	0	22100
3551	393	21367	202	172	0	22134
3552	208	20964	157	154	0	21483
3553	20730	338	178	152	0	21398
3554	377	21185	141	89	0	21792
3555	281	350	87	21109	0	21827
3556	238	182	73	21435	0	21928
3557	21262	162	70	454	0	21948
3558	20851	126	54	277	0	21308
3559	20973	127	49	221	0	21370
3560	510	125	20439	166	0	21240
3561	356	81	271	20549	0	21257
3562	255	88	20499	381	0	21223
3563	236	77	20427	203	0	20943
3564	213	83	20844	155	0	21295
3565	228	65	457	20631	0	21381
3566	142	106	20906	386	0	21540
3567	150	107	21177	187	0	21621
3568	171	79	509	20930	0	21689
3569	20971	71	283	422	0	21747
3570	373	74	21097	252	0	21796
3571	255	60	416	20950	0	21681
3572	250	56	249	21303	0	21858
3573	170	72	21321	496	0	22059
3574	217	52	389	21202	0	21860
3575	169	74	21435	464	0	22142
3576	188	70	421	21022	0	21701
3577	207	62	233	21224	0	21726
3578	179	51	227	21210	0	21667
3579	160	61	180	21112	0	21513
3580	20526	47	179	651	0	21403
3581	20769	49	164	394	0	21376
3582	454	68	20665	296	0	21483
3583	271	20504	399	295	0	21469
3584	232	288	20885	233	0	21638
3585	180	146	20805	209	0	21340
3586	20525	77	508	229	0	21339
3587	404	21066	337	189	0	21996
3588	21287	346	266	190	0	22089
3589	464	21394	261	162	0	22281
3590	21378	393	227	176	0	22174
3591	21722	173	182	187	0	22264
3592	578	162	159	21363	0	22262
3593	315	21502	175	477	0	22469
3594	304	371	119	21771	0	22565
3595	274	184	119	22020	0	22597
3596	210	150	21751	565	0	22676
3597	148	21777	440	373	0	22738
3598	214	393	199	21908	0	22714
3599	21972	159	196	563	0	22890
3600	22480	118	174	320	0	23092
3601	22627	118	163	270	0	23178
3602	551	22267	158	235	0	23211
3603	22747	399	138	236	0	23520
3604	581	23416	152	187	0	24336
3605	412	452	108	23691	0	24663
3606	296	226	23696	472	0	24690
3607	244	183	429	23560	0	24416
3608	197	23594	243	529	0	24563
3609	197	459	183	23544	0	24383
3610	197	205	140	23752	0	24294
3611	135	23440	177	621	0	24373
3612	23450	482	116	362	0	24410
3613	503	228	84	23208	0	24023
3614	247	185	22802	575	0	23809
3615	240	131	432	22824	0	23627
3616	228	147	178	23270	0	23823
3617	157	152	23109	662	0	24080
3618	218	130	443	22557	0	23348
3619	147	22654	239	627	0	23667
3620	200	432	22402	339	0	23373
3621	291	203	21543	253	0	22290
3622	88	20669	518	205	0	21480
3623	67	18837	207	148	0	19259
3624	62	16842	141	77	0	17122
3625	15716	282	285	89	0	16372
3626	12284	3100	82	57	0	15523
3627	15080	76	36	54	0	15246
3628	256	67	27	14933	0	15283
3629	81	49	14724	208	0	15062
3630	64	41	190	14651	0	14946
3631	55	29	59	14759	0	14902
3632	14530	29	41	256	0	14856
3633	14560	25	38	109	0	14732
3634	227	14472	41	56	0	14796
3635	14340	182	18	57	0	14597
3636	14420	69	23	45	0	14557
3637	14513	36	22	54	0	14625
3638	249	47	14232	36	0	14564
3639	103	39	14231	39	0	14412
3640	80	33	228	14030	0	14371
3641	35	43	14043	208	0	14329
3642	13780	32	202	89	0	14103
3643	14012	41	65	68	0	14186
3644	243	29	13656	38	0	13966
3645	13468	24	184	41	0	13717
3646	221	13459	68	49	0	13797
3647	13564	178	39	48	0	13829
3648	240	57	38	13387	0	13722
3649	113	38	36	13243	0	13430
3650	67	13301	39	218	0	13625
3651	13325	184	28	98	0	13635
3652	13407	60	34	66	0	13567
3653	230	13254	48	46	0	13578
3654	117	182	27	12907	0	13233
3655	77	82	30	12907	0	13096
3656	66	12817	36	232	0	13151
3657	74	197	28	12797	0	13096
3658	67	72	34	12929	0	13102
3659	12708	49	26	253	0	13036
3660	12802	40	21	112	0	12975
3661	245	56	12621	61	0	12983
3662	12626	26	179	85	0	12916
3663	220	41	12594	57	0	12912
3664	120	35	187	12404	0	12746
3665	65	46	12369	197	0	12677
3666	61	12212	194	81	0	12548
3667	90	198	73	11960	0	12321
3668	73	60	43	12117	0	12293
3669	11953	43	30	233	0	12259
3670	223	37	36	11768	0	12064
3671	96	41	11608	207	0	11952
3672	11638	36	179	98	0	11951
3673	11715	28	69	77	0	11889
3674	11849	32	51	54	0	11986
3675	11816	35	29	65	0	11945
3676	267	25	55	12089	0	12436
3677	120	28	25	12433	0	12606
3678	82	37	33	12673	0	12825
3679	95	30	20	12711	0	12856
3680	12311	23	35	297	0	12666
3681	12213	28	29	120	0	12390
3682	289	16	41	11536	0	11882
3683	93	11386	33	243	0	11755
3684	11402	180	37	88	0	11707
3685	245	69	11317	55	0	11686
3686	88	11210	196	64	0	11558
3687	10568	163	45	71	0	10847
3688	199	10456	29	45	0	10729
3689	87	162	10307	49	0	10605
3690	10301	58	169	48	0	10576
3691	10362	31	45	46	0	10484
3692	238	39	10069	45	0	10391
3693	110	23	167	10093	0	10393
3694	102	25	44	10060	0	10231
3695	71	9983	39	207	0	10300
3696	71	152	34	9850	0	10107
3697	9661	47	23	194	0	9925
3698	179	9538	28	87	0	9832
3699	88	148	17	9000	0	9253
3700	64	41	21	8993	0	9119
3701	57	24	8689	179	0	8949
3702	46	8570	128	58	0	8802
3703	7838	146	61	61	0	8106
3704	107	6793	23	35	0	6958
3705	34	6314	17	18	0	6383
3706	6122	90	89	18	0	6319
3707	112	20	20	5914	0	6066
3708	40	21	7	5971	0	6039
3709	5912	18	10	99	0	6039
3710	97	12	3	5941	0	6053
3711	47	8	3	6007	0	6065
3712	6054	9	7	109	0	6179
3713	107	9	5	5937	0	6058
3714	32	5882	10	91	0	6015
3715	5848	81	9	44	0	5982
3716	93	21	5630	25	0	5769
3717	29	5411	78	26	0	5544
3718	23	94	21	5187	0	5325
3719	19	20	5089	82	0	5210
3720	15	13	5074	29	0	5131
3721	62	171	79	4663	0	4975
3722	4633	12	25	83	0	4753
3723	72	7	13	4590	0	4682
3724	30	8	10	4635	0	4683
3725	21	6	8	4651	0	4686
3726	17	8	8	4659	0	4692
3727	27	11	7	4657	0	4702
3728	16	11	4455	114	0	4596
3729	4	10	4379	37	0	4430
3730	21	6	71	4365	0	4463
3731	14	6	4390	81	0	4491
3732	12	4349	71	26	0	4458
3733	13	66	24	4382	0	4485
3734	8	16	4286	81	0	4391
3735	4128	14	67	34	0	4243
3736	62	4211	21	17	0	4311
3737	19	4155	13	25	0	4212
3738	12	4180	17	19	0	4228
3739	16	71	13	4119	0	4219
3740	4101	16	12	78	0	4207
3741	68	11	10	4094	0	4183
3742	4053	11	13	75	0	4152
3743	72	3972	7	29	0	4080
3744	4028	71	8	20	0	4127
3745	70	21	4	4042	0	4137
3746	30	14	4	4047	0	4095
3747	17	4003	14	72	0	4106
3748	22	65	4	3996	0	4087
3749	19	14	7	4043	0	4083
3750	20	14	9	3997	0	4040
3751	3921	16	7	91	0	4035
3752	3946	8	8	41	0	4003
3753	77	13	3873	27	0	3990
3754	3845	15	58	38	0	3956
3755	80	14	3899	18	0	4011
3756	30	10	64	3868	0	3972
3757	19	8	20	3930	0	3977
3758	21	9	9	3941	0	3980
3759	9	6	3840	86	0	3941
3760	14	13	64	3814	0	3905
3761	11	8	3864	82	0	3965
3762	14	7	63	3825	0	3909
3763	3812	13	16	80	0	3921
3764	60	8	3813	40	0	3921
3765	3813	10	61	28	0	3912
3766	66	5	21	3843	0	3935
3767	3824	8	11	76	0	3919
3768	64	3795	12	28	0	3899
3769	27	51	19	3839	0	3936
3770	16	11	3911	77	0	4015
3771	25	30	57	3843	0	3955
3772	17	78	15	3722	0	3832
3773	13	3711	8	78	0	3810
3774	17	44	3631	31	0	3723
3775	14	3459	53	22	0	3548
3776	2895	45	20	18	0	2978
3777	23	2868	14	9	0	2914
3778	2692	26	30	7	0	2755
3779	2716	7	6	12	0	2741
3780	2705	4	7	8	0	2724
3781	34	3	2	2738	0	2777
3782	14	5	2717	21	0	2757
3783	7	8	19	2674	0	2708
3784	6	2729	7	21	0	2763
3785	5	15	6	2702	0	2728
3786	2670	6	6	35	0	2717
3787	18	2681	3	14	0	2716
3788	10	17	3	2623	0	2653
3789	12	9	5	2618	0	2644
3790	2611	7	3	32	0	2653
3791	20	4	2619	16	0	2659
3792	11	2586	17	13	0	2627
3793	9	19	9	2456	0	2493
3794	5	5	2473	14	0	2497
3795	6	9	16	2417	0	2448
3796	4	2461	4	23	0	2492
3797	5	15	3	2507	0	2530
3798	7	6	1	2477	0	2491
3799	4	3	4	2475	0	2486
3800	3	3	2468	19	0	2493
3801	2480	1	15	9	0	2505
3802	14	3	4	2632	0	2653
3803	2777	2	2	17	0	2798
3804	2839	1	4	10	0	2854
3805	2857	1	2	8	0	2868
3806	2851	2	2	8	0	2863
3807	2847	3	5	3	0	2858
3808	21	4	0	2823	0	2848
3809	10	2790	1	18	0	2819
3810	9	14	3	2725	0	2751
3811	3	2713	2	18	0	2736
3812	1	14	1	2593	0	2609
3813	2574	2	1	12	0	2589
3814	9	5	0	2565	0	2579
3815	4	1	2556	11	0	2572
3816	2515	0	8	3	0	2526
3817	10	2550	2	6	0	2568
3818	2543	6	5	3	0	2557
3819	2536	3	2	3	0	2544
3820	2487	4	0	2	0	2493
3821	12	2557	2	2	0	2573
3822	5	8	0	2533	0	2546
3823	5	3	0	2536	0	2544
3824	1	7	2515	11	0	2534
3825	2	0	9	2484	0	2495
3826	3	2	2	2488	0	2495
3827	1	1	3	2495	0	2500
3828	3	2516	3	9	0	2531
3829	2547	5	1	6	0	2559
3830	2524	5	0	4	0	2533
3831	12	5	2578	2	0	2597
3832	8	2589	7	2	0	2606
3833	5	5	2	2603	0	2615
3834	3	5	5	2610	0	2623
3835	3	3	0	2637	0	2643
3836	6	0	1	2688	0	2695
3837	6	0	1	2707	0	2714
3838	2	2	2684	19	0	2707
3839	3	5	2616	8	0	2632
3840	2709	3	12	7	0	2731
3841	2788	3	7	2	0	2800
3842	2794	1	4	5	0	2804
3843	22	1	1	2808	0	2832
3844	7	2	2762	13	0	2784
3845	2757	2	13	10	0	2782
3846	2796	1	4	10	0	2811
3847	18	2	2733	3	0	2756
3848	2744	0	11	8	0	2763
3849	18	2	2899	5	0	2924
3850	6	3	14	2914	0	2937
3851	5	3	2931	13	0	2952
3852	2899	4	15	12	0	2930
3853	2953	0	4	10	0	2967
3854	2962	0	6	2	0	2970
3855	2966	3	0	8	0	2977
3856	19	1	3064	5	0	3089
3857	9	3077	14	7	0	3107
3858	3089	12	5	7	0	3113
3859	3091	4	5	4	0	3104
3860	18	3	3106	3	0	3130
3861	9	2	13	3034	0	3058
3862	7	3	4	3070	0	3084
3863	3	1	3048	16	0	3068
3864	2983	1	12	9	0	3005
3865	3055	1	4	9	0	3069
3866	18	3107	7	5	0	3137
3867	3180	11	1	7	0	3199
3868	3194	4	2	9	0	3209
3869	3200	3	2	6	0	3211
3870	3095	3	3	5	0	3106
3871	23	2	3063	5	0	3093
3872	3025	3	15	4	0	3047
3873	17	14	10	3018	0	3059
3874	7	3082	7	14	0	3110
3875	10	10	3047	8	0	3075
3876	6	3091	16	8	0	3121
3877	16	37	12	2943	0	3008
3878	3	2	2963	13	0	2981
3879	2829	5	17	5	0	2856
3880	16	3	2908	5	0	2932
3881	2879	0	14	2	0	2895
3882	24	1	3	2895	0	2923
3883	10	2	3	2896	0	2911
3884	5	2885	5	15	0	2910
3885	4	2960	10	8	0	2982
3886	11	15	1	3032	0	3059
3887	3013	7	5	16	0	3041
3888	3015	3	3	10	0	3031
3889	3008	3	3	12	0	3026
3890	17	5	3062	7	0	3091
3891	3015	2	14	9	0	3040
3892	15	3	3112	3	0	3133
3893	13	1	3004	3	0	3021
3894	2994	2	19	3	0	3018
3895	3045	2	7	2	0	3056
3896	16	1	3084	4	0	3105
3897	12	1	10	3089	0	3112
3898	12	2	5	3121	0	3140
3899	3136	1	3	16	0	3156
3900	3101	1	5	12	0	3119
3901	17	0	3297	1	0	3315
3902	7	3182	9	4	0	3202
3903	1	3079	15	1	0	3096
3904	3076	9	4	6	0	3095
3905	18	2	2	3072	0	3094
3906	7	0	4	3132	0	3143
3907	3	1	2	3191	0	3197
3908	3188	0	4	14	0	3206
3909	14	1	0	3202	0	3217
3910	3249	1	2	11	0	3263
3911	3369	0	2	5	0	3376
3912	16	3621	6	3	0	3646
3913	10	15	0	4033	0	4058
3914	5	3	4095	16	0	4119
3915	4090	1	18	12	0	4121
3916	4199	0	6	9	0	4214
3917	4224	2	3	5	0	4234
3918	30	5	4341	4	0	4380
3919	10	1	21	4401	0	4433
3920	4434	1	5	25	0	4465
3921	4350	0	5	11	0	4366
3922	4386	3	0	9	0	4398
3923	26	4358	9	3	0	4396
3924	13	4524	4	5	0	4546
3925	13	21	2	4629	0	4665
3926	13	9	1	4617	0	4640
3927	8	4609	5	30	0	4652
3928	4608	21	5	15	0	4649
3929	24	10	4710	4	0	4748
3930	15	3	20	4712	0	4750
3931	9	1	6	4727	0	4743
3932	6	7	4722	24	0	4759
3933	4616	2	21	14	0	4653
3934	4757	2	8	12	0	4779
3935	29	4714	6	13	0	4762
3936	4696	18	2	9	0	4725
3937	26	13	4858	1	0	4898
3938	4925	7	21	12	0	4965
3939	33	6	5009	6	0	5054
3940	4994	9	31	10	0	5044
3941	5080	5	11	18	0	5114
3942	5117	0	13	12	0	5142
3943	5096	0	9	8	0	5113
3944	35	5124	6	4	0	5169
3945	5221	20	3	10	0	5254
3946	5372	8	9	8	0	5397
3947	37	8	5478	7	0	5530
3948	5513	2	18	7	0	5540
3949	33	10	7	5559	0	5609
3950	19	7	5608	20	0	5654
3951	5630	6	23	15	0	5674
3952	34	5	12	5706	0	5757
3953	5860	3	6	31	0	5900
3954	6309	1	2	36	0	6348
3955	36	13	6623	8	0	6680
3956	6626	4	25	13	0	6668
3957	6787	1	17	10	0	6815
3958	6827	2	5	18	0	6852
3959	6943	4	5	16	0	6968
3960	44	2	11	6865	0	6922
3961	25	6907	16	32	0	6980
3962	6964	25	6	23	0	7018
3963	7057	10	0	18	0	7085
3964	7103	7	10	11	0	7131
3965	48	13	7040	7	0	7108
3966	24	7082	37	13	0	7156
3967	17	31	17	7105	0	7170
3968	27	7	7	7147	0	7188
3969	29	10	7449	37	0	7525
3970	25	6	48	7572	0	7651
3971	19	10	7612	53	0	7694
3972	18	9	53	7612	0	7692
3973	31	1	16	7748	0	7796
3974	21	6	7793	62	0	7882
3975	7698	7	51	30	0	7786
3976	7950	8	22	20	0	8000
3977	75	14	8069	12	0	8170
3978	8063	3	52	24	0	8142
3979	8204	4	29	18	0	8255
3980	75	7	8381	9	0	8472
3981	45	4	53	8398	0	8500
3982	31	2	28	8487	0	8548
3983	8492	3	18	70	0	8583
3984	72	8671	7	29	0	8779
3985	8547	49	15	22	0	8633
3986	8741	18	6	17	0	8782
3987	78	8958	12	18	0	9066
3988	9038	52	12	20	0	9122
3989	9085	24	5	20	0	9134
3990	78	9054	11	18	0	9161
3991	44	48	10	9186	0	9288
3992	26	9308	10	59	0	9403
3993	29	61	9	9362	0	9461
3994	23	25	9360	60	0	9468
3995	20	17	9360	27	0	9424
3996	9328	6	69	36	0	9439
3997	9518	7	28	25	0	9578
3998	81	14	9517	12	0	9624
3999	9565	7	57	21	0	9650
4000	9715	5	22	34	0	9776
4001	9543	7	15	24	0	9589
4002	83	9687	17	11	0	9798
4003	43	49	11	9797	0	9900
4004	9801	18	12	78	0	9909
4005	9787	11	12	38	0	9848
4006	88	18	9917	13	0	10036
4007	50	7	56	9879	0	9992
4008	32	9	24	9983	0	10048
4009	18	9976	26	81	0	10101
4010	28	10434	15	34	0	10511
4011	26	113	11	10251	0	10401
4012	14	10361	13	59	0	10447
4013	10083	57	5	37	0	10182
4014	68	10540	9	15	0	10632
4015	10771	73	8	18	0	10870
4016	94	28	10998	7	0	11127
4017	11367	22	90	21	0	11500
4018	11632	5	21	16	0	11674
4019	11664	8	16	16	0	11704
4020	11576	5	3	24	0	11608
4021	128	11487	11	9	0	11635
4022	58	93	5	11563	0	11719
4023	40	38	8	11636	0	11722
4024	20	14	11506	128	0	11668
4025	22	7	97	11432	0	11558
4026	18	9	34	11560	0	11621
4027	11546	4	14	134	0	11698
4028	99	11652	14	56	0	11821
4029	52	97	12	11723	0	11884
4030	35	33	3	11868	0	11939
4031	21	17	8	11976	0	12022
4032	11825	10	11	148	0	11994
4033	107	15	10	11989	0	12121
4034	12062	8	12	140	0	12222
4035	132	7	11	12118	0	12268
4036	56	11	5	12251	0	12323
4037	40	12	11898	130	0	12080
4038	11441	10	106	68	0	11625
4039	130	11878	40	23	0	12071
4040	12130	106	14	33	0	12283
4041	144	40	8	12055	0	12247
4042	61	16	9	12195	0	12281
4043	12312	9	6	166	0	12493
4044	12466	12	11	63	0	12552
4045	170	14	9	12810	0	13003
4046	55	14	12800	145	0	13014
4047	35	19	12739	58	0	12851
4048	25	13151	142	36	0	13354
4049	13262	137	66	38	0	13503
4050	13349	38	23	54	0	13464
4051	184	30	12	13356	0	13582
4052	69	13447	17	147	0	13680
4053	63	144	5	13391	0	13603
4054	55	35	6	12962	0	13058
4055	32	12473	17	187	0	12709
4056	12479	137	19	86	0	12721
4057	168	60	16	12467	0	12711
4058	60	12611	25	157	0	12853
4059	44	12910	19	54	0	13027
4060	12906	159	21	51	0	13137
4061	166	58	12895	27	0	13146
4062	12942	38	144	35	0	13159
4063	202	29	33	13008	0	13272
4064	71	27	27	13070	0	13195
4065	55	13031	18	196	0	13300
4066	51	182	18	13036	0	13287
4067	51	46	13112	171	0	13380
4068	37	12971	148	68	0	13224
4069	44	12968	38	42	0	13092
4070	12832	150	35	44	0	13061
4071	147	12941	29	38	0	13155
4072	65	145	18	12930	0	13158
4073	41	12977	9	149	0	13176
4074	42	145	8	13069	0	13264
4075	47	47	11	13202	0	13307
4076	28	34	12874	188	0	13124
4077	41	30	129	12725	0	12925
4078	39	28	30	12861	0	12958
4079	12676	20	26	210	0	12932
4080	156	31	12636	83	0	12906
4081	66	22	139	12895	0	13122
4082	50	29	12873	179	0	13131
4083	12858	32	143	82	0	13115
4084	168	13037	51	76	0	13332
4085	13619	144	34	80	0	13877
4086	186	51	30	14035	0	14302
4087	81	47	20	14030	0	14178
4088	58	46	13933	211	0	14248
4089	13523	30	157	104	0	13814
4090	176	14093	59	82	0	14410
4091	14132	161	32	84	0	14409
4092	202	53	29	14151	0	14435
4093	82	14291	30	182	0	14585
4094	14345	172	18	96	0	14631
4095	186	14482	39	64	0	14771
4096	88	181	28	14427	0	14724
4097	66	62	15	14552	0	14695
4098	60	56	25	14466	0	14607
4099	55	14288	27	228	0	14598
4100	52	164	19	14398	0	14633
4101	70	63	20	14514	0	14667
4102	14153	54	22	246	0	14475
4103	14279	51	16	122	0	14468
4104	14261	56	15	96	0	14428
4105	241	41	14318	77	0	14677
4106	14248	42	160	94	0	14544
4107	14473	47	45	73	0	14638
4108	14423	47	40	71	0	14581
4109	242	39	14040	73	0	14394
4110	13761	30	158	78	0	14027
4111	222	35	47	13811	0	14115
4112	101	38	13648	189	0	13976
4113	78	13536	161	96	0	13871
4114	64	326	63	12994	0	13447
4115	49	12900	53	171	0	13173
4116	46	12893	38	85	0	13062
4117	12214	138	116	62	0	12530
4118	140	52	24	12195	0	12411
4119	12277	39	23	138	0	12477
4120	161	34	14	12282	0	12491
4121	12286	22	17	148	0	12473
4122	162	26	22	12289	0	12499
4123	12347	31	20	148	0	12546
4124	154	39	12152	56	0	12401
4125	76	34	111	12233	0	12454
4126	61	33	12423	138	0	12655
4127	41	42	12053	65	0	12201
4128	38	35	12392	55	0	12520
4129	48	35	129	12321	0	12533
4130	33	33	12265	148	0	12479
4131	12147	18	139	82	0	12386
4132	139	25	30	12282	0	12476
4133	43	36	12909	140	0	13128
4134	74	28	106	12884	0	13092
4135	55	19	39	13075	0	13188
4136	55	29	13725	136	0	13945
4137	74	15	117	13813	0	14019
4138	58	12	40	13890	0	14000
4139	46	13979	48	141	0	14214
4140	13953	85	38	108	0	14184
4141	14053	15	25	78	0	14171
4142	131	40	13810	44	0	14025
4143	13532	17	114	85	0	13748
4144	122	22	13560	40	0	13744
4145	51	27	13209	26	0	13313
4146	36	29	13314	32	0	13411
4147	65	145	138	12888	0	13236
4148	22	30	13236	102	0	13390
4149	44	30	99	13067	0	13240
4150	31	15	37	13254	0	13337
4151	34	9	26	13232	0	13301
4152	27	14	21	13151	0	13213
4153	13116	7	19	144	0	13286
4154	13187	3	19	82	0	13291
4155	96	13411	29	60	0	13596
4156	47	76	20	13589	0	13732
4157	37	45	13794	88	0	13964
4158	26	13968	99	64	0	14157
4159	38	105	46	14359	0	14548
4160	29	41	14567	107	0	14744
4161	30	36	109	14335	0	14510
4162	30	11	14480	117	0	14638
4163	13	28	14388	57	0	14486
4164	27	10	126	14701	0	14864
4165	32	6	67	14795	0	14900
4166	14713	8	38	180	0	14939
4167	107	6	27	14744	0	14884
4168	14816	12	24	163	0	15015
4169	112	14826	30	83	0	15051
4170	47	15635	29	64	0	15775
4171	44	110	21	16423	0	16598
4172	16527	42	13	150	0	16732
4173	123	16646	28	82	0	16879
4174	53	118	26	17021	0	17218
4175	17414	33	24	180	0	17651
4176	17643	30	27	95	0	17795
4177	17732	13	21	89	0	17855
4178	17634	14	26	81	0	17755
4179	17981	10	28	61	0	18080
4180	176	24	17647	38	0	17885
4181	99	42	17452	27	0	17620
4182	45	17487	169	35	0	17736
4183	70	195	73	17416	0	17754
4184	37	47	17796	127	0	18007
4185	31	80	17267	45	0	17423
4186	47	70	143	17070	0	17330
4187	26	40	17694	119	0	17879
4188	20	24	17634	46	0	17724
4189	21	19972	159	46	0	20198
4190	20017	167	59	61	0	20304
4191	168	20975	42	19	0	21204
4192	112	205	18	21502	0	21837
4193	21746	51	21	235	0	22053
4194	220	22004	43	66	0	22333
4195	106	203	24	21881	0	22214
4196	51	74	22014	208	0	22347
4197	22093	37	205	105	0	22440
4198	22463	24	64	79	0	22630
4199	22665	30	46	72	0	22813
4200	316	22	36	22575	0	22949
4201	98	58	22675	222	0	23053
4202	53	22602	259	84	0	22998
4203	95	203	73	22884	0	23255
4204	22953	51	55	267	0	23326
4205	244	74	22627	63	0	23008
4206	77	22198	252	87	0	22614
4207	65	224	22704	37	0	23030
4208	22503	64	241	73	0	22881
4209	22926	51	85	81	0	23143
4210	22998	37	60	84	0	23179
4211	319	52	22628	41	0	23040
4212	122	22448	263	40	0	22873
4213	137	226	71	22416	0	22850
4214	110	71	53	22526	0	22760
4215	117	51	55	22524	0	22747
4216	70	62	22234	298	0	22664
4217	21817	35	239	143	0	22234
4218	293	46	22363	80	0	22782
4219	22421	36	279	93	0	22829
4220	22752	44	101	91	0	22988
4221	22796	28	85	89	0	22998
4222	22815	31	54	80	0	22980
4223	353	46	22492	45	0	22936
4224	213	43	257	22391	0	22904
4225	129	98	22354	239	0	22820
4226	86	21876	311	107	0	22380
4227	95	22404	131	67	0	22697
4228	22390	287	74	103	0	22854
4229	22322	115	66	101	0	22604
4230	312	22477	110	75	0	22974
4231	22596	275	67	110	0	23048
4232	346	126	22030	67	0	22569
4233	21733	84	237	102	0	22156
4234	341	22010	144	103	0	22598
4235	22251	269	85	97	0	22702
4236	21666	92	90	81	0	21929
4237	449	78	75	21158	0	21760
4238	247	61	69	21356	0	21733
4239	21111	52	92	360	0	21615
4240	406	72	70	20982	0	21530
4241	21076	77	86	330	0	21569
4242	445	61	71	21030	0	21607
4243	21062	53	93	319	0	21527
4244	21034	57	75	136	0	21302
4245	406	20390	115	83	0	20994
4246	230	20708	114	70	0	21122
4247	20557	305	82	92	0	21036
4248	355	20262	114	75	0	20806
4249	231	297	91	19999	0	20618
4250	191	127	95	20114	0	20527
4251	19861	100	76	361	0	20398
4252	334	19806	102	170	0	20412
4253	176	19566	106	144	0	19992
4254	163	19772	124	108	0	20167
4255	194	319	19414	120	0	20047
4256	192	133	19338	96	0	19759
4257	213	103	19271	95	0	19682
4258	257	353	304	17698	0	18612
4259	181	18515	145	247	0	19088
4260	18449	257	70	127	0	18903
4261	335	123	18270	101	0	18829
4262	195	84	18274	115	0	18668
4263	167	76	18389	104	0	18736
4264	207	105	305	18023	0	18640
4265	191	92	110	18176	0	18569
4266	217	81	97	18196	0	18591
4267	18065	86	73	302	0	18526
4268	17882	97	70	143	0	18192
4269	17820	84	67	90	0	18061
4270	412	87	88	16758	0	17345
4271	157	87	15693	212	0	16149
4272	132	86	15945	89	0	16252
4273	173	82	219	15752	0	16226
4274	176	48	87	15488	0	15799
4275	15111	38	74	239	0	15462
4276	248	14814	85	127	0	15274
4277	14744	191	55	98	0	15088
4278	255	14654	63	117	0	15089
4279	160	186	43	14618	0	15007
4280	109	73	14506	235	0	14923
4281	155	64	182	14464	0	14865
4282	14535	59	68	214	0	14876
4283	258	67	14373	93	0	14791
4284	13908	76	191	90	0	14265
4285	302	75	13756	60	0	14193
4286	165	77	13396	56	0	13694
4287	12715	63	241	82	0	13101
4288	240	62	12765	77	0	13144
4289	60	31	10447	35	0	10573
4290	112	10241	199	38	0	10590
4291	8960	166	310	95	0	9531
4292	8612	31	86	20	0	8749
4293	8555	10	16	24	0	8605
4294	59	23	8334	7	0	8423
4295	8158	8	54	23	0	8243
4296	47	8283	19	14	0	8363
4297	8060	45	13	20	0	8138
4298	56	18	8137	12	0	8223
4299	43	63	47	7878	0	8031
4300	10	12	7864	42	0	7928
4301	16	7911	45	25	0	7997
4302	35	36	45	7673	0	7789
4303	42	8	11	7810	0	7871
4304	7979	5	9	45	0	8038
4305	7959	6	5	23	0	7993
4306	7983	1	8	21	0	8013
4307	7995	12	7	15	0	8029
4308	7941	7	6	19	0	7973
4309	49	8	7955	10	0	8022
4310	21	5	35	8037	0	8098
4311	19	8	8281	33	0	8341
4312	11	3	41	8441	0	8496
4313	8555	6	14	54	0	8629
4314	8769	3	10	30	0	8812
4315	8896	8	12	12	0	8928
4316	9098	2	9	14	0	9123
4317	44	15	9275	13	0	9347
4318	28	5	38	9348	0	9419
4319	23	14	9364	41	0	9442
4320	24	9580	47	27	0	9678
4321	16	9747	18	24	0	9805
4322	31	52	12	9785	0	9880
4323	16	9	13	10109	0	10147
4324	26	7	10	10334	0	10377
4325	20	4	11	10562	0	10597
4326	10465	2	8	85	0	10560
4327	66	10413	14	21	0	10514
4328	10169	53	6	30	0	10258
4329	70	9	7	10164	0	10250
4330	29	8	11	10041	0	10089
4331	17	10123	13	69	0	10222
4332	25	63	6	10077	0	10171
4333	10150	13	6	76	0	10245
4334	65	9841	8	36	0	9950
4335	17	9771	10	30	0	9828
4336	9730	64	7	36	0	9837
4337	76	18	1	9821	0	9916
4338	17	9845	12	73	0	9947
4339	31	65	4	9907	0	10007
4340	9975	18	6	88	0	10087
4341	73	20	7	9922	0	10022
4342	32	12	3	9943	0	9990
4343	9949	11	4	86	0	10050
4344	75	10	7	9940	0	10032
4345	22	9965	8	84	0	10079
4346	27	58	6	9912	0	10003
4347	20	9889	13	75	0	9997
4348	29	69	3	9883	0	9984
4349	9852	22	5	92	0	9971
4350	9917	14	5	47	0	9983
4351	84	14	4	9979	0	10081
4352	25	22	9878	76	0	10001
4353	9730	13	56	47	0	9846
4354	78	26	9833	26	0	9963
4355	9790	11	60	41	0	9902
4356	9829	9	16	41	0	9895
4357	84	15	9632	24	0	9755
4358	27	9574	68	24	0	9693
4359	9534	65	21	28	0	9648
4360	9642	13	12	40	0	9707
4361	78	24	9762	18	0	9882
4362	9761	17	64	42	0	9884
4363	9705	9	16	37	0	9767
4364	9731	10	12	31	0	9784
4365	92	14	8	9705	0	9819
4366	42	11	13	9799	0	9865
4367	36	9851	16	80	0	9983
4368	26	64	10	10129	0	10229
4369	33	17	5	10180	0	10235
4370	32	17	9974	91	0	10114
4371	27	22	9756	37	0	9842
4372	9531	16	71	37	0	9655
4373	9816	11	21	29	0	9877
4374	94	9715	18	37	0	9864
4375	43	68	18	9804	0	9933
4376	29	28	10044	89	0	10190
4377	49	22	75	10186	0	10332
4378	37	14	18	10517	0	10586
4379	37	18	11	10618	0	10684
4380	24	10641	19	109	0	10793
4381	23	75	16	10787	0	10901
4382	37	20	13	10894	0	10964
4383	28	18	10749	116	0	10911
4384	32	15	10756	37	0	10840
4385	10583	15	96	42	0	10736
4386	10710	16	95	35	0	10856
4387	106	10	16	11054	0	11186
4388	41	18	24	10873	0	10956
4389	43	15	14	10952	0	11024
4390	36	15	10668	131	0	10850
4391	22	10559	105	50	0	10736
4392	21	100	10572	51	0	10744
4393	10451	23	105	53	0	10632
4394	117	30	10529	35	0	10711
4395	10486	13	110	46	0	10655
4396	10496	11	31	49	0	10587
4397	10557	13	36	31	0	10637
4398	135	13	28	10469	0	10645
4399	53	18	10429	120	0	10620
4400	45	10492	116	40	0	10693
4401	43	106	27	10355	0	10531
4402	47	24	22	10515	0	10608
4403	36	26	10632	131	0	10825
4404	20	10486	129	35	0	10670
4405	10844	118	34	34	0	11030
4406	131	10990	35	40	0	11196
4407	11511	120	30	36	0	11697
4408	154	35	24	11706	0	11919
4409	63	24	11987	140	0	12214
4410	42	12022	136	54	0	12254
4411	12005	140	44	53	0	12242
4412	138	40	11926	45	0	12149
4413	11853	20	155	39	0	12067
4414	11835	26	53	35	0	11949
4415	162	29	11701	34	0	11926
4416	11436	17	150	37	0	11640
4417	11394	19	50	25	0	11488
4418	11159	21	32	35	0	11247
4419	185	10942	30	24	0	11181
4420	10602	130	26	37	0	10795
4421	159	10627	37	30	0	10853
4422	49	121	10609	31	0	10810
4423	43	10434	133	25	0	10635
4424	10015	141	100	24	0	10280
4425	10110	27	27	18	0	10182
4426	10157	21	25	18	0	10221
4427	175	13	27	9998	0	10213
4428	78	16	19	10107	0	10220
4429	9982	17	26	127	0	10152
4430	10095	15	12	39	0	10161
4431	175	22	17	9872	0	10086
4432	72	22	9854	110	0	10058
4433	34	9616	112	39	0	9801
4434	48	9792	32	25	0	9897
4435	45	135	24	9667	0	9871
4436	49	37	9679	101	0	9866
4437	47	49	109	9400	0	9605
4438	54	9437	38	104	0	9633
4439	51	110	17	9438	0	9616
4440	47	43	9331	124	0	9545
4441	47	17	109	9435	0	9608
4442	36	27	9646	128	0	9837
4443	58	32	107	9597	0	9794
4444	43	25	9786	122	0	9976
4445	31	32	9726	54	0	9843
4446	9591	25	149	28	0	9793
4447	9726	37	38	44	0	9845
4448	9758	28	35	35	0	9856
4449	147	9656	35	38	0	9876
4450	79	107	36	9751	0	9973
4451	9683	34	26	141	0	9884
4452	9808	31	32	48	0	9919
4453	9798	19	21	51	0	9889
4454	154	27	9688	31	0	9900
4455	58	9400	124	50	0	9632
4456	44	9713	60	41	0	9858
4457	9669	119	45	34	0	9867
4458	155	47	39	9585	0	9826
4459	9571	25	38	119	0	9753
4460	153	36	9456	38	0	9683
4461	87	27	119	9255	0	9488
4462	85	33	29	9363	0	9510
4463	72	30	24	9189	0	9315
4464	62	9277	31	134	0	9504
4465	9270	103	31	48	0	9452
4466	9261	38	37	39	0	9375
4467	161	9017	30	43	0	9251
4468	77	117	35	8827	0	9056
4469	8857	48	35	111	0	9051
4470	158	40	24	8811	0	9033
4471	8857	23	25	127	0	9032
4472	144	8791	30	50	0	9015
4473	8698	111	23	37	0	8869
4474	150	45	8623	45	0	8863
4475	66	8663	112	53	0	8894
4476	60	110	8410	44	0	8624
4477	114	183	147	8092	0	8536
4478	7906	52	73	118	0	8149
4479	7971	32	29	37	0	8069
4480	7810	28	28	39	0	7905
4481	159	26	31	7607	0	7823
4482	7577	19	16	127	0	7739
4483	164	26	17	7472	0	7679
4484	7492	13	26	126	0	7657
4485	7577	22	15	53	0	7667
4486	151	27	7504	33	0	7715
4487	65	26	7172	30	0	7293
4488	36	32	7148	31	0	7247
4489	44	41	103	6982	0	7170
4490	6986	17	90	87	0	7180
4491	100	29	25	7046	0	7200
4492	80	18	23	7162	0	7283
4493	7424	18	19	119	0	7580
4494	7448	13	23	54	0	7538
4495	7468	13	12	59	0	7552
4496	7501	12	22	36	0	7571
4497	133	7	16	7414	0	7570
4498	7303	10	30	83	0	7426
4499	98	7250	28	49	0	7425
4500	7142	63	39	30	0	7274
4501	7138	34	39	34	0	7245
4502	100	25	6815	24	0	6964
4503	6431	13	55	29	0	6528
4504	95	19	6373	17	0	6504
4505	39	5	5880	23	0	5947
4506	42	20	5712	15	0	5789
4507	64	181	89	4861	0	5195
4508	23	3	4964	34	0	5024
4509	16	39	32	4553	0	4640
4510	9	2	4604	23	0	4638
4511	6	3	4799	10	0	4818
4512	9	7	29	4722	0	4767
4513	10	4	11	4908	0	4933
4514	7	7	5066	26	0	5106
4515	4988	2	22	15	0	5027
4516	22	0	10	5125	0	5157
4517	13	1	2	5189	0	5205
4518	5253	1	5	33	0	5292
4519	26	2	4	5516	0	5548
4520	8	7	5606	28	0	5649
4521	9	4	5474	15	0	5502
4522	10	8	40	5431	0	5489
4523	3	5	5593	30	0	5631
4524	4	5765	34	10	0	5813
4525	9	28	16	5803	0	5856
4526	5780	9	4	41	0	5834
4527	35	5	5810	10	0	5860
4528	5838	3	31	14	0	5886
4529	33	2	12	5989	0	6036
4530	15	1	6	6057	0	6079
4531	8	5	4	6074	0	6091
4532	7	0	4	6059	0	6070
4533	6027	0	3	51	0	6081
4534	37	6270	9	14	0	6330
4535	17	39	4	6357	0	6417
4536	7	12	5	6378	0	6402
4537	13	1	5	6389	0	6408
4538	5	1	4	6396	0	6406
4539	6327	2	5	62	0	6396
4540	39	6325	6	17	0	6387
4541	6255	35	3	23	0	6316
4542	37	6027	11	9	0	6084
4543	12	6062	10	8	0	6092
4544	5969	46	4	11	0	6030
4545	39	18	6024	11	0	6092
4546	21	4	37	6062	0	6124
4547	6138	6	12	51	0	6207
4548	6248	3	5	25	0	6281
4549	5964	8	5	20	0	5997
4550	6315	3	8	20	0	6346
4551	52	6563	9	10	0	6634
4552	6599	47	5	17	0	6668
4553	6792	16	1	18	0	6827
4554	64	7156	7	18	0	7245
4555	37	68	2	7409	0	7516
4556	13	25	7409	72	0	7519
4557	18	7	70	7567	0	7662
4558	7628	8	21	89	0	7746
4559	72	11	7828	29	0	7940
4560	22	7769	80	14	0	7885
4561	10	75	7886	12	0	7983
4562	14	20	63	7657	0	7754
4563	6	7861	26	60	0	7953
4564	7855	69	7	31	0	7962
4565	72	7905	8	14	0	7999
4566	31	71	3	7909	0	8014
4567	17	26	4	8003	0	8050
4568	7949	8	9	95	0	8061
4569	74	12	3	7907	0	7996
4570	25	7896	13	70	0	8004
4571	7982	67	4	35	0	8088
4572	8005	22	7	21	0	8055
4573	83	8038	12	19	0	8152
4574	8024	77	3	15	0	8119
4575	78	7962	9	11	0	8060
4576	7923	73	5	19	0	8020
4577	70	7981	4	14	0	8069
4578	41	70	4	7814	0	7929
4579	21	29	4	8096	0	8150
4580	8084	13	3	86	0	8186
4581	8222	13	4	39	0	8278
4582	86	8196	10	26	0	8318
4583	33	81	8161	13	0	8288
4584	8265	25	70	20	0	8380
4585	92	14	19	8345	0	8470
4586	30	8320	20	71	0	8441
4587	27	78	5	8380	0	8490
4588	8404	24	3	91	0	8522
4589	8459	14	6	41	0	8520
4590	8492	12	2	27	0	8533
4591	107	13	6	8468	0	8594
4592	39	17	8452	77	0	8585
4593	8171	10	72	36	0	8289
4594	8238	8	19	26	0	8291
4595	8344	14	9	22	0	8389
4596	102	8230	21	15	0	8368
4597	48	76	6	8353	0	8483
4598	25	8487	8	79	0	8599
4599	26	73	6	8620	0	8725
4600	25	34	7	8696	0	8762
4601	23	21	8981	107	0	9132
4602	31	18	89	9443	0	9581
4603	21	8	21	9698	0	9748
4604	9687	11	12	143	0	9853
4605	117	9729	17	46	0	9909
4606	9749	113	6	34	0	9902
4607	10007	34	3	29	0	10073
4608	161	22	5	9910	0	10098
4609	52	28	10069	119	0	10268
4610	23	9896	117	55	0	10091
4611	26	9814	27	27	0	9894
4612	9684	141	24	37	0	9886
4613	122	9746	14	30	0	9912
4614	50	134	15	9562	0	9761
4615	50	39	6	9807	0	9902
4616	35	26	9654	138	0	9853
4617	27	21	9629	50	0	9727
4618	25	9597	135	31	0	9788
4619	38	116	29	9418	0	9601
4620	9371	32	17	124	0	9544
4621	127	25	20	9355	0	9527
4622	32	30	9460	122	0	9644
4623	38	20	101	9330	0	9489
4624	9133	11	23	131	0	9298
4625	9116	26	17	45	0	9204
4626	126	9067	18	40	0	9251
4627	9040	108	14	37	0	9199
4628	118	9046	17	27	0	9208
4629	9005	103	13	32	0	9153
4630	124	45	8	8906	0	9083
4631	39	23	8897	116	0	9075
4632	34	24	8839	39	0	8936
4633	29	9007	109	37	0	9182
4634	46	95	49	8808	0	8998
4635	35	30	20	8977	0	9062
4636	8983	21	17	128	0	9149
4637	9040	29	13	64	0	9146
4638	9211	22	15	38	0	9286
4639	164	18	6	9191	0	9379
4640	53	27	14	9322	0	9416
4641	52	19	18	9358	0	9447
4642	26	29	9323	135	0	9513
4643	31	23	9268	53	0	9375
4644	9273	25	115	42	0	9455
4645	9359	27	36	33	0	9455
4646	125	17	9318	45	0	9505
4647	9195	15	117	42	0	9369
4648	9263	15	38	46	0	9362
4649	134	16	9151	36	0	9337
4650	52	9096	113	35	0	9296
4651	56	114	48	8862	0	9080
4652	47	32	9057	105	0	9241
4653	37	9217	98	43	0	9395
4654	51	152	33	8589	0	8825
4655	24	8731	30	82	0	8867
4656	37	88	8625	29	0	8779
4657	32	29	8578	25	0	8664
4658	51	70	106	8555	0	8782
4659	8506	16	41	99	0	8662
4660	108	32	19	8491	0	8650
4661	8489	19	15	111	0	8634
4662	114	20	18	8522	0	8674
4663	31	22	8492	104	0	8649
4664	8372	15	96	41	0	8524
4665	89	19	8531	35	0	8674
4666	8588	17	111	41	0	8757
4667	99	21	28	8547	0	8695
4668	30	8613	39	101	0	8783
4669	47	85	17	8659	0	8808
4670	30	8777	29	114	0	8950
4671	40	89	24	8586	0	8739
4672	36	8793	26	107	0	8962
4673	8721	89	21	39	0	8870
4674	8784	18	19	50	0	8871
4675	8722	24	22	46	0	8814
4676	122	16	8675	30	0	8843
4677	50	17	101	8748	0	8916
4678	44	23	8848	95	0	9010
4679	40	8661	112	36	0	8849
4680	40	8828	37	30	0	8935
4681	8710	94	39	27	0	8870
4682	106	43	8673	24	0	8846
4683	39	8660	94	35	0	8828
4684	44	97	38	8707	0	8886
4685	8794	29	28	103	0	8954
4686	98	8834	23	42	0	8997
4687	8936	98	23	39	0	9096
4688	115	40	8961	19	0	9135
4689	47	25	97	9110	0	9279
4690	42	15	41	9232	0	9330
4691	29	24	28	9488	0	9569
4692	27	9473	26	135	0	9661
4693	41	99	18	9483	0	9641
4694	36	37	9610	122	0	9805
4695	32	25	107	9582	0	9746
4696	36	16	36	9715	0	9803
4697	39	16	28	9521	0	9604
4698	27	9351	21	134	0	9533
4699	41	93	27	9247	0	9408
4700	39	36	20	9193	0	9288
4701	24	8705	19	113	0	8861
4702	8231	59	12	45	0	8347
4703	59	8135	14	29	0	8237
4704	23	8096	14	21	0	8154
4705	28	86	11	8008	0	8133
4706	10	33	7987	64	0	8094
4707	7701	20	68	35	0	7824
4708	62	15	21	7846	0	7944
4709	17	19	7655	63	0	7754
4710	18	7678	55	26	0	7777
4711	20	59	23	7645	0	7747
4712	14	26	7701	65	0	7806
4713	12	22	60	7540	0	7634
4714	12	15	23	7545	0	7595
4715	7393	9	15	82	0	7499
4716	58	7362	19	33	0	7472
4717	7355	58	14	28	0	7455
4718	58	30	7492	17	0	7597
4719	22	7594	60	19	0	7695
4720	17	61	7673	13	0	7764
4721	28	45	66	7848	0	7987
4722	7788	16	28	70	0	7902
4723	67	13	11	7790	0	7881
4724	7812	13	10	77	0	7912
4725	7911	11	8	41	0	7971
4726	85	7	14	8003	0	8109
4727	34	16	8211	76	0	8337
4728	18	13	8399	35	0	8465
4729	19	12	78	8566	0	8675
4730	18	8	30	8676	0	8732
4731	8634	19	17	98	0	8768
4732	84	10	14	8607	0	8715
4733	27	8588	19	94	0	8728
4734	29	67	16	8638	0	8750
4735	14	29	11	8679	0	8733
4736	8568	12	8	106	0	8694
4737	71	8615	12	44	0	8742
4738	39	65	6	8639	0	8749
4739	26	25	19	8618	0	8688
4740	14	8524	15	98	0	8651
4741	15	74	12	8581	0	8682
4742	25	23	10	8501	0	8559
4743	14	8377	15	91	0	8497
4744	20	70	6	8374	0	8470
4745	15	29	15	8329	0	8388
4746	11	8241	16	101	0	8369
4747	15	65	7	8318	0	8405
4748	8260	31	9	94	0	8394
4749	8270	28	8	45	0	8351
4750	8184	13	7	46	0	8250
4751	8111	18	12	48	0	8189
4752	92	7877	12	27	0	8008
4753	7552	55	6	39	0	7652
4754	73	7436	13	35	0	7557
4755	36	7414	7	21	0	7478
4756	43	76	20	7352	0	7491
4757	19	33	7446	64	0	7562
4758	7246	21	56	36	0	7359
4759	7373	14	23	32	0	7442
4760	73	12	7579	28	0	7692
4761	7500	14	51	30	0	7595
4762	7649	7	23	30	0	7709
4763	79	7507	14	22	0	7622
4764	7946	58	7	33	0	8044
4765	82	26	10	7899	0	8017
4766	44	14	9	7880	0	7947
4767	27	18	9	7903	0	7957
4768	27	11	8	7862	0	7908
4769	7845	9	8	100	0	7962
4770	79	17	3	7769	0	7868
4771	40	10	3	7804	0	7857
4772	20	11	7703	92	0	7826
4773	7403	14	54	57	0	7528
4774	7754	11	20	42	0	7827
4775	7799	11	14	34	0	7858
4776	83	7653	9	27	0	7772
4777	31	7760	9	31	0	7831
4778	7672	64	3	33	0	7772
4779	75	26	9	7797	0	7907
4780	36	7882	6	67	0	7991
4781	32	58	6	7795	0	7891
4782	21	7931	8	66	0	8026
4783	7902	57	4	42	0	8005
4784	64	7966	11	26	0	8067
4785	35	64	3	7886	0	7988
4786	32	28	1	7967	0	8028
4787	18	21	8124	74	0	8237
4788	19	8330	59	32	0	8440
4789	30	105	22	8444	0	8601
4790	18	28	8618	84	0	8748
4791	17	20	8576	38	0	8651
4792	27	22	103	8550	0	8702
4793	23	16	37	8565	0	8641
4794	15	8377	23	116	0	8531
4795	13	8511	11	55	0	8590
4796	17	106	9	8465	0	8597
4797	8467	40	9	105	0	8621
4798	93	18	10	8745	0	8866
4799	8975	17	7	117	0	9116
4800	9097	15	4	64	0	9180
4801	9194	10	6	48	0	9258
4802	140	13	9140	22	0	9315
4803	9132	8	91	29	0	9260
4804	126	10	35	9151	0	9322
4805	63	6	18	9210	0	9297
4806	38	22	9100	121	0	9281
4807	21	20	9127	59	0	9227
4808	20	27	118	8987	0	9152
4809	14	8881	49	110	0	9054
4810	15	9034	23	48	0	9120
4811	22	112	18	9006	0	9158
4812	9001	49	10	110	0	9170
4813	106	22	12	9052	0	9192
4814	55	20	15	9081	0	9171
4815	33	9073	17	132	0	9255
4816	24	96	6	9177	0	9303
4817	20	47	9230	117	0	9414
4818	16	37	8954	55	0	9062
4819	8804	17	123	35	0	8979
4820	87	8825	55	33	0	9000
4821	8603	88	22	38	0	8751
4822	8695	33	17	33	0	8778
4823	127	22	8	8505	0	8662
4824	47	8575	17	83	0	8722
4825	42	90	5	8659	0	8796
4826	8608	37	10	112	0	8767
4827	89	8527	15	49	0	8680
4828	8295	81	9	44	0	8429
4829	87	8298	12	25	0	8422
4830	8292	91	11	33	0	8427
4831	8332	39	11	29	0	8411
4832	115	8299	20	25	0	8459
4833	65	88	11	8268	0	8432
4834	8280	29	14	104	0	8427
4835	94	26	8109	39	0	8268
4836	44	17	8120	24	0	8205
4837	41	59	102	8027	0	8229
4838	8074	16	48	98	0	8236
4839	92	14	19	8086	0	8211
4840	8100	10	10	112	0	8232
4841	98	22	8270	36	0	8426
4842	8422	9	80	43	0	8554
4843	8691	11	31	35	0	8768
4844	131	17	16	8616	0	8780
4845	64	13	11	8736	0	8824
4846	40	10	10	8763	0	8823
4847	22	8743	18	115	0	8898
4848	25	74	13	8779	0	8891
4849	19	33	13	8869	0	8934
4850	8788	12	15	126	0	8941
4851	8829	13	7	67	0	8916
4852	110	24	8753	28	0	8915
4853	8690	14	78	40	0	8822
4854	104	11	8774	18	0	8907
4855	8489	6	86	24	0	8605
4856	98	18	8680	14	0	8810
4857	46	13	8574	22	0	8655
4858	36	19	97	8508	0	8660
4859	19	12	8551	85	0	8667
4860	8360	15	87	56	0	8518
4861	77	9	33	8702	0	8821
4862	8796	7	13	107	0	8923
4863	8883	4	10	62	0	8959
4864	8507	7	13	38	0	8565
4865	8446	4	12	32	0	8494
4866	120	18	8447	12	0	8597
4867	66	6	72	8489	0	8633
4868	39	12	8563	75	0	8689
4869	37	6	80	8484	0	8607
4870	8510	5	35	95	0	8645
4871	84	7	25	8557	0	8673
4872	8632	8	16	100	0	8756
4873	86	4	10	8723	0	8823
4874	51	8	10	8811	0	8880
4875	8765	7	10	114	0	8896
4876	79	8763	21	50	0	8913
4877	8685	63	6	35	0	8789
4878	77	8658	16	31	0	8782
4879	53	68	10	8713	0	8844
4880	8662	26	13	92	0	8793
4881	80	20	8702	40	0	8842
4882	42	8	67	8761	0	8878
4883	8770	7	34	90	0	8901
4884	8969	5	19	45	0	9038
4885	122	5	12	8898	0	9037
4886	53	9004	19	94	0	9170
4887	31	8832	10	47	0	8920
4888	35	236	11	8381	0	8663
4889	8527	22	11	70	0	8630
4890	60	8261	11	24	0	8356
4891	14	8141	7	22	0	8184
4892	7991	54	15	26	0	8086
4893	54	7988	6	10	0	8058
4894	8260	51	20	18	0	8349
4895	77	7	8	8257	0	8349
4896	28	8	4	8310	0	8350
4897	8	8207	10	69	0	8294
4898	9	8195	8	20	0	8232
4899	7913	56	4	22	0	7995
4900	54	8152	6	15	0	8227
4901	18	8776	11	9	0	8814
4902	31	82	10	8826	0	8949
4903	9018	33	2	97	0	9150
4904	86	24	9520	29	0	9659
4905	9706	18	90	28	0	9842
4906	117	3	52	10322	0	10494
4907	66	17	10460	117	0	10660
4908	28	15	10685	67	0	10795
4909	35	8	171	10818	0	11032
4910	20	19	11077	130	0	11246
4911	11228	10	160	80	0	11478
4912	11349	13	86	49	0	11497
4913	188	9	11303	37	0	11537
4914	115	13	151	11225	0	11504
4915	59	15	100	11261	0	11435
4916	11308	8	47	207	0	11570
4917	163	9	31	11033	0	11236
4918	92	11069	38	160	0	11359
4919	11206	116	22	104	0	11448
4920	153	11109	25	63	0	11350
4921	90	11434	33	51	0	11608
4922	71	192	16	11307	0	11586
4923	69	101	12	11403	0	11585
4924	59	54	27	11503	0	11643
4925	32	46	11176	228	0	11482
4926	10809	37	138	139	0	11123
4927	153	10942	86	96	0	11277
4928	11131	139	37	87	0	11394
4929	11173	84	37	68	0	11362
4930	247	38	24	11174	0	11483
4931	115	11108	30	180	0	11433
4932	98	149	24	11286	0	11557
4933	78	84	25	11397	0	11584
4934	11427	55	16	254	0	11752
4935	11521	51	15	154	0	11741
4936	235	35	11401	87	0	11758
4937	11565	36	132	68	0	11801
4938	196	11609	73	73	0	11951
4939	11743	163	42	67	0	12015
4940	208	12045	42	58	0	12353
4941	141	177	27	11865	0	12210
4942	105	98	29	11829	0	12061
4943	77	11732	37	236	0	12082
4944	77	175	31	11893	0	12176
4945	90	99	14	11946	0	12149
4946	58	57	23	11894	0	12032
4947	51	11630	30	285	0	11996
4948	58	181	21	11770	0	12030
4949	61	95	17	11822	0	11995
4950	68	66	22	11877	0	12033
4951	56	70	11539	292	0	11957
4952	11378	44	147	193	0	11762
4953	198	50	11602	107	0	11957
4954	11529	58	178	94	0	11859
4955	208	48	11620	90	0	11966
4956	11602	36	182	102	0	11922
4957	11714	33	115	91	0	11953
4958	273	39	11630	66	0	12008
4959	163	44	181	11563	0	11951
4960	112	35	11426	194	0	11767
4961	11099	33	199	131	0	11462
4962	221	40	11488	84	0	11833
4963	126	39	11414	85	0	11664
4964	11338	30	248	95	0	11711
4965	206	11354	145	83	0	11788
4966	140	157	91	11446	0	11834
4967	11551	89	64	212	0	11916
4968	230	54	58	11577	0	11919
4969	157	42	64	11695	0	11958
4970	11580	35	48	282	0	11945
4971	11691	40	52	175	0	11958
4972	292	32	11503	106	0	11933
4973	165	35	11603	100	0	11903
4974	109	20	253	11547	0	11929
4975	104	25	11770	222	0	12121
4976	94	31	227	11701	0	12053
4977	92	22	140	11790	0	12044
4978	96	26	87	11859	0	12068
4979	11466	32	72	305	0	11875
4980	192	11588	77	189	0	12046
4981	11592	165	43	140	0	11940
4982	11607	85	38	136	0	11866
4983	262	11477	52	110	0	11901
4984	11236	154	39	99	0	11528
4985	225	98	11153	69	0	11545
4986	173	79	149	10964	0	11365
4987	11138	41	104	186	0	11469
4988	200	54	10989	113	0	11356
4989	10895	36	161	85	0	11177
4990	205	11206	100	81	0	11592
4991	11687	137	62	71	0	11957
4992	11807	75	52	78	0	12012
4993	270	11882	52	68	0	12272
4994	12028	155	47	66	0	12296
4995	257	85	38	12082	0	12462
4996	167	61	36	12239	0	12503
4997	12182	47	32	234	0	12495
4998	12064	42	25	152	0	12283
4999	251	11989	44	96	0	12380
5000	166	11831	24	90	0	12111
5001	82	295	23	11054	0	11454
5002	57	11259	28	156	0	11500
5003	62	11413	17	93	0	11585
5004	10659	138	48	65	0	10910
5005	121	10699	20	29	0	10869
5006	10147	85	20	32	0	10284
5007	100	10396	14	27	0	10537
5008	46	85	10367	16	0	10514
5009	26	10368	74	17	0	10485
5010	10048	142	91	59	0	10340
5011	9911	27	20	24	0	9982
5012	76	32	9924	9	0	10041
5013	44	11	60	9781	0	9896
5014	40	11	19	9994	0	10064
5015	22	16	9981	74	0	10093
5016	20	15	63	9909	0	10007
5017	24	9	10012	74	0	10119
5018	18	20	9824	26	0	9888
5019	9772	13	76	34	0	9895
5020	68	9866	38	29	0	10001
5021	9827	59	23	29	0	9938
5022	83	24	12	9866	0	9985
5023	34	23	10067	64	0	10188
5024	43	9	68	9898	0	10018
5025	14	10131	30	80	0	10255
5026	10214	60	15	36	0	10325
5027	10252	22	10	36	0	10320
5028	87	20	10	10287	0	10404
5029	33	22	10155	65	0	10275
5030	9862	8	60	37	0	9967
5031	73	10027	26	21	0	10147
5032	9952	61	12	29	0	10054
5033	93	20	7	9946	0	10066
5034	9881	17	13	78	0	9989
5035	109	24	10	9881	0	10024
5036	42	41	9925	66	0	10074
5037	50	23	9762	32	0	9867
5038	9659	14	64	66	0	9803
5039	72	9974	32	36	0	10114
5040	9785	57	59	41	0	9942
5041	9869	26	15	31	0	9941
5042	65	9962	13	12	0	10052
5043	9814	79	8	40	0	9941
5044	69	40	10381	29	0	10519
5045	47	38	55	10471	0	10611
5046	40	40	8	10543	0	10631
5047	50	30	9	10591	0	10680
5048	30	38	10569	69	0	10706
5049	32	30	10634	28	0	10724
5050	20	36	74	10633	0	10763
5051	20	10769	51	63	0	10903
5052	23	11038	28	26	0	11115
5053	11164	74	15	40	0	11293
5054	11342	22	20	30	0	11414
5055	78	11753	46	40	0	11917
5056	41	76	15	12100	0	12232
5057	31	27	12	12239	0	12309
5058	12512	19	28	117	0	12676
5059	102	17	20	12800	0	12939
5060	38	10	32	12788	0	12868
5061	40	10	31	12837	0	12918
5062	42	30	12526	90	0	12688
5063	39	47	12146	32	0	12264
5064	12703	12	90	51	0	12856
5065	93	9	34	13372	0	13508
5066	24	24	13390	112	0	13550
5067	30	26	13173	51	0	13280
5068	13585	36	114	49	0	13784
5069	144	28	14855	16	0	15043
5070	48	15237	135	35	0	15455
5071	47	104	41	16321	0	16513
5072	32	40	16371	155	0	16598
5073	16472	30	150	48	0	16700
5074	178	27	37	17151	0	17393
5075	67	28	17044	184	0	17323
5076	59	12	169	17245	0	17485
5077	47	13	56	17449	0	17565
5078	17392	8	47	242	0	17689
5079	177	17596	65	86	0	17924
5080	72	159	44	17570	0	17845
5081	17649	41	26	202	0	17918
5082	17781	41	23	84	0	17929
5083	17868	21	24	71	0	17984
5084	18032	24	15	58	0	18129
5085	260	26	20	17787	0	18093
5086	17706	14	29	208	0	17957
5087	17692	8	46	101	0	17847
5088	17411	9	27	101	0	17548
5089	17399	13	21	99	0	17532
5090	222	16731	34	57	0	17044
5091	68	16222	22	31	0	16343
5092	75	168	20	16128	0	16391
5093	44	16117	27	144	0	16332
5094	16032	153	32	63	0	16280
5095	190	47	9	16164	0	16410
5096	16148	26	13	197	0	16384
5097	16426	17	15	73	0	16531
5098	230	16	7	16692	0	16945
5099	99	12	15	16729	0	16855
5100	56	16576	41	193	0	16866
5101	16660	146	13	104	0	16923
5102	194	16579	21	54	0	16848
5103	16604	167	15	77	0	16863
5104	223	49	7	16741	0	17020
5105	70	59	16541	175	0	16845
5106	16476	26	148	88	0	16738
5107	16328	37	29	85	0	16479
5108	229	38	16104	35	0	16406
5109	95	38	16151	48	0	16332
5110	103	21	176	16111	0	16411
5111	16866	25	38	203	0	17132
5112	17311	21	28	93	0	17453
5113	17633	26	24	79	0	17762
5114	17859	16	25	73	0	17973
5115	260	17470	29	44	0	17803
5116	17922	176	16	70	0	18184
5117	266	41	21	17799	0	18127
5118	114	36	26	18021	0	18197
5119	122	25	25	18307	0	18479
5120	101	33	23	18429	0	18586
5121	18263	29	19	267	0	18578
5122	261	23	27	18657	0	18968
5123	83	38	18404	263	0	18788
5124	107	21	207	18732	0	19067
5125	121	22	35	18793	0	18971
5126	125	22	31	18751	0	18929
5127	110	21	31	18686	0	18848
5128	18329	12	21	331	0	18693
5129	260	18149	43	120	0	18572
5130	98	18386	42	93	0	18619
5131	114	224	25	18449	0	18812
5132	18463	58	25	305	0	18851
5133	18781	50	32	128	0	18991
5134	306	37	36	18943	0	19322
5135	121	53	18706	288	0	19168
5136	18848	19	229	127	0	19223
5137	302	24	58	19259	0	19643
5138	106	44	19339	288	0	19777
5139	18908	23	254	148	0	19333
5140	298	19299	74	128	0	19799
5141	20565	246	48	143	0	21002
5142	362	20916	52	104	0	21434
5143	219	319	31	21110	0	21679
5144	132	21011	34	403	0	21580
5145	141	391	20	21431	0	21983
5146	21222	130	22	458	0	21832
5147	374	21271	34	214	0	21893
5148	174	358	21094	154	0	21780
5149	168	153	314	21193	0	21828
5150	117	98	21223	404	0	21842
5151	165	73	375	20968	0	21581
5152	154	48	138	21297	0	21637
5153	94	69	20863	460	0	21486
5154	19650	51	348	277	0	20326
5155	382	64	20357	172	0	20975
5156	170	70	20137	122	0	20499
5157	141	20021	401	133	0	20696
5158	136	339	172	19753	0	20400
5159	119	151	119	19846	0	20235
5160	113	109	72	19816	0	20110
5161	113	71	62	20055	0	20301
5162	71	91	19420	512	0	20094
5163	18602	51	331	295	0	19279
5164	339	39	19215	232	0	19825
5165	164	33	371	18797	0	19365
5166	18612	23	147	416	0	19198
5167	336	18589	135	220	0	19280
5168	231	509	104	17819	0	18663
5169	17228	115	79	370	0	17792
5170	319	16626	92	179	0	17216
5171	139	16174	61	124	0	16498
5172	15916	351	60	100	0	16427
5173	288	15901	44	112	0	16345
5174	15517	312	70	113	0	16012
5175	316	15601	57	93	0	16067
5176	15716	324	53	101	0	16194
5177	16053	127	45	87	0	16312
5178	388	15795	61	204	0	16448
5179	235	278	37	15682	0	16232
5180	150	133	15558	284	0	16125
5181	15439	93	246	146	0	15924
5182	318	76	108	15446	0	15948
5183	157	15055	89	315	0	15616
5184	119	15397	51	153	0	15720
5185	86	319	42	15410	0	15857
5186	15293	154	41	323	0	15811
5187	292	128	15321	158	0	15899
5188	164	76	248	15484	0	15972
5189	138	82	103	15708	0	16031
5190	97	59	82	15867	0	16105
5191	107	46	58	15645	0	15856
5192	81	15294	71	432	0	15878
5193	94	265	47	15446	0	15852
5194	109	121	15026	387	0	15643
5195	57	115	14867	188	0	15227
5196	73	72	15049	148	0	15342
5197	74	90	347	14747	0	15258
5198	14374	83	168	322	0	14947
5199	272	76	14437	160	0	14945
5200	133	61	14569	149	0	14912
5201	141	52	352	14306	0	14851
5202	14268	43	178	350	0	14839
5203	281	14212	134	183	0	14810
5204	14184	254	79	165	0	14682
5205	348	111	82	14156	0	14697
5206	149	123	14293	312	0	14877
5207	154	140	268	13955	0	14517
5208	80	14303	144	324	0	14851
5209	14661	271	116	187	0	15235
5210	293	135	14663	133	0	15224
5211	127	14268	286	107	0	14788
5212	14078	282	186	93	0	14639
5213	357	153	130	13965	0	14605
5214	165	95	92	14108	0	14460
5215	14066	55	85	391	0	14597
5216	14236	53	46	229	0	14564
5217	14507	53	68	153	0	14781
5218	464	58	48	14101	0	14671
5219	209	13868	62	313	0	14452
5220	13966	248	56	184	0	14454
5221	306	13888	60	128	0	14382
5222	13524	291	50	97	0	13962
5223	320	13326	42	81	0	13769
5224	193	286	43	13150	0	13672
5225	13360	149	40	267	0	13816
5226	13520	117	39	159	0	13835
5227	13611	67	22	142	0	13842
5228	13662	56	35	98	0	13851
5229	13642	58	27	97	0	13824
5230	463	52	13247	70	0	13832
5231	289	53	214	13173	0	13729
5232	173	43	13224	259	0	13699
5233	113	63	13243	139	0	13558
5234	12876	56	305	104	0	13341
5235	12994	54	170	66	0	13284
5236	12877	51	108	66	0	13102
5237	411	61	58	12411	0	12941
5238	12297	35	67	247	0	12646
5239	337	12120	58	145	0	12660
5240	222	12209	30	100	0	12561
5241	106	11268	24	33	0	11431
5242	10494	202	58	45	0	10799
5243	175	10491	32	44	0	10742
5244	10236	146	34	33	0	10449
5245	10245	43	12	29	0	10329
5246	195	33	10119	23	0	10370
5247	85	21	145	10092	0	10343
5248	66	25	41	10430	0	10562
5249	10419	16	29	190	0	10654
5250	10510	15	18	63	0	10606
5251	213	14	19	10381	0	10627
5252	86	20	10315	152	0	10573
5253	60	25	10475	53	0	10613
5254	67	21	172	10465	0	10725
5255	63	15	47	10533	0	10658
5256	65	21	23	10574	0	10683
5257	10330	18	30	191	0	10569
5258	10428	25	23	67	0	10543
5259	203	10335	17	44	0	10599
5260	90	150	22	10330	0	10592
5261	61	42	11	10417	0	10531
5262	53	10314	23	189	0	10579
5263	62	144	16	10386	0	10608
5264	10314	47	23	172	0	10556
5265	177	36	13	10225	0	10451
5266	88	19	16	10341	0	10464
5267	10078	19	16	196	0	10309
5268	10166	22	17	87	0	10292
5269	10192	12	18	58	0	10280
5270	219	56	23	9975	0	10273
5271	84	21	9575	148	0	9828
5272	64	14	9472	61	0	9611
5273	63	27	9390	38	0	9518
5274	44	9123	144	42	0	9353
5275	8858	125	98	57	0	9138
5276	134	42	8711	33	0	8920
5277	8473	17	122	35	0	8647
5278	151	17	44	8403	0	8615
5279	8439	12	24	138	0	8613
5280	8608	12	20	67	0	8707
5281	156	8621	18	44	0	8839
5282	8747	106	15	41	0	8909
5283	8796	44	17	45	0	8902
5284	164	8648	23	51	0	8886
5285	86	107	17	8785	0	8995
5286	55	47	8830	126	0	9058
5287	60	35	110	8686	0	8891
5288	61	19	39	8814	0	8933
5289	8748	28	23	154	0	8953
5290	139	18	23	8767	0	8947
5291	71	8834	23	133	0	9061
5292	69	113	22	8796	0	9000
5293	53	47	13	8951	0	9064
5294	51	24	8807	158	0	9040
5295	51	8670	118	75	0	8914
5296	45	8718	48	47	0	8858
5297	8628	128	22	51	0	8829
5298	133	8772	25	48	0	8978
5299	77	121	25	8770	0	8993
5300	51	43	8816	128	0	9038
5301	36	8832	118	68	0	9054
5302	8790	117	47	49	0	9003
5303	126	41	28	8794	0	8989
5304	79	34	16	8905	0	9034
5305	47	33	8790	158	0	9028
5306	47	23	110	8562	0	8742
5307	53	18	37	8654	0	8762
5308	8438	17	28	164	0	8647
5309	7991	21	10	86	0	8108
5310	144	7861	19	52	0	8076
5311	7492	85	14	41	0	7632
5312	112	7370	17	32	0	7531
5313	54	123	11	7036	0	7224
5314	37	7155	18	83	0	7293
5315	22	7291	16	48	0	7377
5316	7012	117	48	42	0	7219
5317	6880	32	28	47	0	6987
5318	88	6806	14	25	0	6933
5319	6819	71	11	27	0	6928
5320	6876	32	9	27	0	6944
5321	7035	28	8	24	0	7095
5322	112	16	11	7104	0	7243
5323	7086	14	8	85	0	7193
5324	84	21	6883	40	0	7028
5325	6795	11	65	37	0	6908
5326	90	22	7000	11	0	7123
5327	46	15	69	7075	0	7205
5328	36	15	24	7199	0	7274
5329	28	15	7185	92	0	7320
5330	7023	13	69	48	0	7153
5331	7172	11	26	33	0	7242
5332	96	17	7362	19	0	7494
5333	48	13	66	7194	0	7321
5334	34	7	20	7276	0	7337
5335	25	12	23	7305	0	7365
5336	7193	15	10	103	0	7321
5337	7160	8	9	48	0	7225
5338	97	23	11	7048	0	7179
5339	43	6808	6	60	0	6917
5340	19	6639	19	28	0	6705
5341	6378	47	13	19	0	6457
5342	45	6365	4	24	0	6438
5343	28	6234	6	7	0	6275
5344	29	48	6	5870	0	5953
5345	10	23	5895	26	0	5954
5346	5	5811	23	15	0	5854
5347	15	60	14	5723	0	5812
5348	4	5733	10	22	0	5769
5349	16	24	6	5653	0	5699
5350	5657	15	6	27	0	5705
5351	21	5786	4	13	0	5824
5352	5810	18	1	18	0	5847
5353	5683	8	5	15	0	5711
5354	28	12	5668	4	0	5712
5355	5630	5	17	13	0	5665
5356	20	5	8	5798	0	5831
5357	12	7	5852	20	0	5891
5358	8	5907	22	11	0	5948
5359	19	24	10	5840	0	5893
5360	9	7	3	5823	0	5842
5361	5820	4	2	30	0	5856
5362	21	3	3	5827	0	5854
5363	15	5	2	5841	0	5863
5364	5835	5	2	42	0	5884
5365	20	5851	6	16	0	5893
5366	5842	17	2	19	0	5880
5367	21	13	5863	7	0	5904
5368	5751	5	17	16	0	5789
5369	31	11	6154	5	0	6201
5370	16	6316	24	5	0	6361
5371	6438	24	6	15	0	6483
5372	6381	8	2	15	0	6406
5373	36	13	6455	1	0	6505
5374	17	7	6704	5	0	6733
5375	18	5	7035	3	0	7061
5376	5	7248	49	10	0	7312
5377	13	41	11	7429	0	7494
5378	11	16	8071	40	0	8138
5379	10	12	7940	10	0	7972
5380	19	10	65	8052	0	8146
5381	11	6	8248	54	0	8319
5382	8236	8	63	31	0	8338
5383	8831	6	22	27	0	8886
5384	84	8	8815	8	0	8915
5385	41	8806	82	15	0	8944
5386	34	64	25	8816	0	8939
5387	12	27	9014	62	0	9115
5388	10	9070	78	31	0	9189
5389	35	71	31	9091	0	9228
5390	9062	21	27	80	0	9190
5391	9032	24	15	32	0	9103
5392	83	9237	10	26	0	9356
5393	45	71	18	9207	0	9341
5394	28	36	14	9247	0	9325
5395	18	20	9	9224	0	9271
5396	21	7	8	9258	0	9294
5397	12	12	9205	99	0	9328
5398	23	13	62	9110	0	9208
5399	12	13	9020	88	0	9133
5400	8	8932	78	37	0	9055
5401	8960	62	28	42	0	9092
5402	57	9223	22	31	0	9333
5403	32	66	23	9280	0	9401
5404	37	26	6	9279	0	9348
5405	9272	13	13	100	0	9398
5406	65	18	12	9390	0	9485
5407	29	9347	12	82	0	9470
5408	28	62	6	9470	0	9566
5409	25	30	9	9485	0	9549
5410	9395	18	4	103	0	9520
5411	63	22	9400	42	0	9527
5412	28	9245	58	40	0	9371
5413	18	9387	33	25	0	9463
5414	20	67	16	9282	0	9385
5415	9172	30	11	76	0	9289
5416	57	9166	11	36	0	9270
5417	32	57	10	9277	0	9376
5418	13	37	9200	69	0	9319
5419	19	25	55	9236	0	9335
5420	9217	13	22	93	0	9345
5421	9131	15	32	38	0	9216
5422	75	24	9	9081	0	9189
5423	9179	11	3	99	0	9292
5424	9153	8	13	46	0	9220
5425	81	22	9170	33	0	9306
5426	8978	16	55	42	0	9091
5427	77	9198	30	23	0	9328
5428	9263	57	15	37	0	9372
5429	80	32	9130	16	0	9258
5430	46	18	55	9349	0	9468
5431	9484	12	28	82	0	9606
5432	82	15	9224	39	0	9360
5433	36	18	9345	29	0	9428
5434	46	11	89	9392	0	9538
5435	27	12	9490	70	0	9599
5436	9407	12	88	56	0	9563
5437	89	23	9685	27	0	9824
5438	56	3	92	9954	0	10105
5439	45	8	54	10056	0	10163
5440	10398	12	29	129	0	10568
5441	97	19	10543	64	0	10723
5442	56	12	11078	36	0	11182
5443	48	10	150	11496	0	11704
5444	27	23	11589	131	0	11770
5445	11550	6	155	71	0	11782
5446	144	16	68	11639	0	11867
5447	66	11	11686	136	0	11899
5448	54	8	164	11686	0	11912
5449	45	17	69	11840	0	11971
5450	11761	15	48	182	0	12006
5451	148	13	11764	73	0	11998
5452	11545	18	147	68	0	11778
5453	150	28	11944	47	0	12169
5454	11812	7	157	55	0	12031
5455	11945	14	67	45	0	12071
5456	11904	15	46	57	0	12022
5457	193	11631	43	48	0	11915
5458	11732	106	33	42	0	11913
5459	11772	38	32	49	0	11891
5460	201	29	32	11705	0	11967
5461	91	27	11702	144	0	11964
5462	11562	8	132	99	0	11801
5463	154	18	11916	67	0	12155
5464	90	20	153	11850	0	12113
5465	89	10	74	12112	0	12285
5466	12190	9	58	186	0	12443
5467	137	12442	57	91	0	12727
5468	94	126	28	12386	0	12634
5469	85	41	38	12400	0	12564
5470	53	43	12291	189	0	12576
5471	64	24	148	12267	0	12503
5472	51	15	62	12452	0	12580
5473	62	16	41	12219	0	12338
5474	40	11894	40	211	0	12185
5475	11580	116	32	106	0	11834
5476	11738	43	22	78	0	11881
5477	162	11550	42	64	0	11818
5478	10959	107	17	43	0	11126
5479	154	54	25	11390	0	11623
5480	64	27	11812	130	0	12033
5481	43	11894	142	47	0	12126
5482	36	12120	58	72	0	12286
5483	12309	129	45	43	0	12526
5484	12848	37	21	43	0	12949
5485	199	26	16	12854	0	13095
5486	79	20	13	13014	0	13126
5487	60	20	17	12896	0	12993
5488	12647	17	16	211	0	12891
5489	172	18	12557	66	0	12813
5490	12662	7	148	74	0	12891
5491	187	12	47	12710	0	12956
5492	73	15	41	12568	0	12697
5493	54	12564	34	197	0	12849
5494	61	131	27	12759	0	12978
5495	53	44	20	12934	0	13051
5496	45	39	12892	205	0	13181
5497	34	12968	158	118	0	13278
5498	13133	147	39	87	0	13406
5499	13134	45	37	84	0	13300
5500	13296	35	24	59	0	13414
5501	13322	15	30	62	0	13429
5502	217	31	12895	36	0	13179
5503	12788	19	157	42	0	13006
5504	207	26	12940	32	0	13205
5505	99	22	165	12706	0	12992
5506	74	12860	59	167	0	13160
5507	71	150	39	12885	0	13145
5508	67	45	35	13026	0	13173
5509	57	36	12938	199	0	13230
5510	12789	22	163	103	0	13077
5511	12999	28	56	89	0	13172
5512	207	12808	56	84	0	13155
5513	97	150	12908	66	0	13221
5514	102	42	167	12971	0	13282
5515	58	51	13041	185	0	13335
5516	65	34	12977	80	0	13156
5517	77	37	177	12907	0	13198
5518	67	38	12958	173	0	13236
5519	83	22	182	12944	0	13231
5520	59	24	13156	211	0	13450
5521	69	27	184	13178	0	13458
5522	13255	20	62	222	0	13559
5523	13338	28	54	120	0	13540
5524	13330	18	36	105	0	13489
5525	13232	22	40	76	0	13370
5526	229	13168	49	73	0	13519
5527	119	149	41	13069	0	13378
5528	102	39	37	13208	0	13386
5529	75	43	13013	220	0	13351
5530	72	38	162	12917	0	13189
5531	49	41	12834	208	0	13132
5532	48	44	12607	87	0	12786
5533	12318	26	188	92	0	12624
5534	179	12847	86	64	0	13176
5535	12880	140	63	88	0	13171
5536	12998	50	52	81	0	13181
5537	194	13044	57	62	0	13357
5538	12943	141	55	80	0	13219
5539	194	47	13049	44	0	13334
5540	72	12840	125	47	0	13084
5541	12673	133	81	62	0	12949
5542	140	47	12341	55	0	12583
5543	11915	32	120	52	0	12119
5544	131	12281	56	37	0	12505
5545	12290	97	40	63	0	12490
5546	12360	25	32	45	0	12462
5547	130	12293	38	36	0	12497
5548	62	12279	45	30	0	12416
5549	48	12610	39	33	0	12730
5550	52	121	40	12796	0	13009
5551	43	36	31	12964	0	13074
5552	13169	34	33	156	0	13392
5553	13065	21	42	81	0	13209
5554	136	28	13227	52	0	13443
5555	55	20	13283	37	0	13395
5556	51	26	13497	44	0	13618
5557	68	15	143	13572	0	13798
5558	62	25	13735	123	0	13945
5559	69	22	141	13698	0	13930
5560	13794	15	47	167	0	14023
5561	141	30	13905	47	0	14123
5562	13847	22	131	63	0	14063
5563	13925	22	39	54	0	14040
5564	154	25	14128	32	0	14339
5565	69	14266	130	46	0	14511
5566	65	112	55	14251	0	14483
5567	39	40	14088	111	0	14278
5568	69	28	117	14062	0	14276
5569	42	27	41	14536	0	14646
5570	14243	21	31	142	0	14437
5571	137	23	24	14243	0	14427
5572	48	32	14184	118	0	14382
5573	62	21	111	14311	0	14505
5574	14435	19	46	139	0	14639
5575	138	14470	47	41	0	14696
5576	14431	106	37	45	0	14619
5577	143	106	41	14388	0	14678
5578	76	28	14551	101	0	14756
5579	52	41	14357	40	0	14490
5580	77	30	14158	24	0	14289
5581	26	13816	124	35	0	14001
5582	13407	149	135	56	0	13747
5583	102	13029	39	22	0	13192
5584	12543	72	27	16	0	12658
5585	86	12564	18	11	0	12679
5586	40	72	17	12658	0	12787
5587	26	20	15	12781	0	12842
5588	23	8	11	12781	0	12823
5589	7	12782	23	101	0	12913
5590	25	78	12	13235	0	13350
5591	27	13	10	14262	0	14312
5592	14712	11	18	147	0	14888
5593	151	10	14	15240	0	15415
5594	35	26	15657	144	0	15862
5595	15603	18	148	49	0	15818
5596	15915	9	33	63	0	16020
5597	184	15969	39	51	0	16243
5598	15984	155	21	54	0	16214
5599	16303	37	31	40	0	16411
5600	227	35	11	16180	0	16453
5601	100	20	13	16445	0	16578
5602	81	24	15	16707	0	16827
5603	16659	17	13	242	0	16931
5604	16714	16	12	100	0	16842
5605	219	32	16601	63	0	16915
5606	16502	17	168	68	0	16755
5607	16669	12	34	63	0	16778
5608	16637	14	29	55	0	16735
5609	250	25	16347	47	0	16669
5610	89	35	16412	31	0	16567
5611	106	12	205	16376	0	16699
5612	66	31	16569	200	0	16866
5613	77	15	217	16385	0	16694
5614	96	17	60	15947	0	16120
5615	62	16449	64	197	0	16772
5616	16483	181	39	117	0	16820
5617	230	57	16648	54	0	16989
5618	16728	35	202	79	0	17044
5619	277	28	58	16862	0	17225
5620	16656	27	51	253	0	16987
5621	265	16427	55	95	0	16842
5622	95	16806	48	97	0	17046
5623	114	222	112	16622	0	17070
5624	113	57	37	16876	0	17083
5625	70	48	16672	278	0	17068
5626	99	33	212	16598	0	16942
5627	16436	30	48	295	0	16809
5628	252	16372	64	115	0	16803
5629	115	225	16340	65	0	16745
5630	129	71	227	16297	0	16724
5631	84	48	16349	246	0	16727
5632	98	23	235	16282	0	16638
5633	72	35	16380	277	0	16764
5634	53	56	16021	107	0	16237
5635	87	43	262	15908	0	16300
5636	15916	24	103	269	0	16312
5637	15788	31	89	114	0	16022
5638	15540	28	65	108	0	15741
5639	290	15282	80	77	0	15729
5640	15311	200	49	74	0	15634
5641	15323	61	46	79	0	15509
5642	277	63	14943	67	0	15350
5643	126	14654	221	84	0	15085
5644	125	217	83	14371	0	14796
5645	14258	59	66	242	0	14625
5646	244	14263	60	109	0	14676
5647	14291	214	59	82	0	14646
5648	14365	65	51	79	0	14560
5649	14161	52	53	93	0	14359
5650	13973	39	53	72	0	14137
5651	297	52	45	13575	0	13969
5652	13394	37	49	228	0	13708
5653	284	40	44	13187	0	13555
5654	107	12880	55	249	0	13291
5655	121	167	47	12875	0	13210
5656	12832	49	48	250	0	13179
5657	248	55	12683	88	0	13074
5658	134	35	179	12659	0	13007
5659	12621	37	67	218	0	12943
5660	252	12480	72	94	0	12898
5661	12453	173	45	70	0	12741
5662	12565	67	46	76	0	12754
5663	269	12454	51	69	0	12843
5664	12271	177	52	71	0	12571
5665	255	72	11833	60	0	12220
5666	136	61	11780	58	0	12035
5667	11601	50	204	69	0	11924
5668	261	62	11561	46	0	11930
5669	147	43	190	10994	0	11374
5670	116	11169	81	183	0	11549
5671	11217	165	63	68	0	11513
5672	243	11028	62	64	0	11397
5673	112	11148	67	51	0	11378
5674	125	195	47	11081	0	11448
5675	130	63	38	11070	0	11301
5676	112	52	34	11020	0	11218
5677	95	47	36	10966	0	11144
5678	75	49	10578	226	0	10928
5679	86	44	152	10127	0	10409
5680	95	43	51	10114	0	10303
5681	9855	33	38	209	0	10135
5682	202	21	39	9814	0	10076
5683	81	48	9601	198	0	9928
5684	9541	31	150	84	0	9806
5685	201	36	42	9475	0	9754
5686	93	49	9572	153	0	9867
5687	109	80	157	9367	0	9713
5688	65	9519	76	167	0	9827
5689	9471	127	57	79	0	9734
5690	175	49	9041	57	0	9322
5691	54	7973	125	25	0	8177
5692	7362	103	70	28	0	7563
5693	84	6747	34	21	0	6886
5694	30	6263	9	19	0	6321
5695	6081	57	87	16	0	6241
5696	45	5888	24	12	0	5969
5697	21	5744	11	9	0	5785
5698	80	70	52	5561	0	5763
5699	5	20	5524	36	0	5585
5700	13	5567	28	18	0	5626
5701	20	67	20	5332	0	5439
5702	6	5231	13	34	0	5284
5703	5157	25	10	19	0	5211
5704	30	13	5105	9	0	5157
5705	11	12	23	5132	0	5178
5706	5255	3	10	42	0	5310
5707	29	6	2	5404	0	5441
5708	14	13	5427	28	0	5482
5709	5362	4	27	19	0	5412
5710	5502	5	11	13	0	5531
5711	38	5717	5	7	0	5767
5712	11	20	6	5679	0	5716
5713	12	8	9	5749	0	5778
5714	5836	5	5	34	0	5880
5715	5756	4	3	16	0	5779
5716	32	10	5881	5	0	5928
5717	8	5744	27	5	0	5784
5718	5670	22	7	12	0	5711
5719	25	8	2	5647	0	5682
5720	7	4	5794	20	0	5825
5721	4	13	5618	6	0	5641
5722	19	55	21	5578	0	5673
5723	5622	2	5	26	0	5655
5724	18	5644	7	11	0	5680
5725	6073	18	2	15	0	6108
5726	20	4	2	6259	0	6285
5727	2	4	1	6275	0	6282
5728	4	1	2	6354	0	6361
5729	6394	1	2	28	0	6425
5730	17	6501	2	12	0	6532
5731	7	17	2	6597	0	6623
5732	5	6	0	6561	0	6572
5733	5	4	6597	20	0	6626
5734	3	3	16	6641	0	6663
5735	1	6	6725	22	0	6754
5736	2	6657	16	10	0	6685
5737	10	25	4	6674	0	6713
5738	6641	5	3	30	0	6679
5739	19	4	6631	5	0	6659
5740	6	1	19	6706	0	6732
5741	2	9	6688	21	0	6720
5742	6470	2	20	18	0	6510
5743	23	16	6761	3	0	6803
5744	5	2	22	6774	0	6803
5745	6806	0	4	33	0	6843
5746	24	6603	5	10	0	6642
5747	6686	22	2	12	0	6722
5748	25	6626	6	4	0	6661
5749	6	18	3	6870	0	6897
5750	5	6	6783	26	0	6820
5751	5	13	6688	6	0	6712
5752	11	3	22	6996	0	7032
5753	7107	3	8	37	0	7155
5754	7031	1	3	19	0	7054
5755	29	2	2	7082	0	7115
5756	7	5	4	7143	0	7159
5757	7067	0	5	38	0	7110
5758	28	7042	9	4	0	7083
5759	5	7328	4	9	0	7346
5760	7399	28	1	23	0	7451
5761	32	14	7385	1	0	7432
5762	15	2	26	7494	0	7537
5763	2	7	7467	31	0	7507
5764	7	3	29	7532	0	7571
5765	6	6	7570	28	0	7610
5766	4	14	7452	8	0	7478
5767	13	2	29	7745	0	7789
5768	7	7524	15	26	0	7572
5769	7760	29	3	16	0	7808
5770	32	7796	5	10	0	7843
5771	9	33	6	7986	0	8034
5772	7984	9	2	43	0	8038
5773	36	5	6	8184	0	8231
5774	8295	2	6	50	0	8353
5775	8331	3	5	20	0	8359
5776	8401	3	7	12	0	8423
5777	34	8384	6	13	0	8437
5778	8718	30	3	16	0	8767
5779	38	35	5	9118	0	9196
5780	9477	4	5	60	0	9546
5781	44	6	3	9802	0	9855
5782	9877	4	2	58	0	9941
5783	10022	5	4	33	0	10064
5784	70	10170	5	20	0	10265
5785	26	57	6	10925	0	11014
5786	15	16	4	10978	0	11013
5787	15	11452	4	97	0	11568
5788	30	84	4	11651	0	11769
5789	11700	20	13	126	0	11859
5790	12109	15	5	56	0	12185
5791	12222	12	5	38	0	12277
5792	136	14	12711	20	0	12881
5793	13132	6	93	28	0	13259
5794	13497	6	24	35	0	13562
5795	13719	6	13	35	0	13773
5796	154	13659	27	16	0	13856
5797	69	110	1	13825	0	14005
5798	52	31	5	13937	0	14025
5799	39	22	2	13876	0	13939
5800	16	27	13600	153	0	13796
5801	27	9	106	13758	0	13900
5802	13823	3	38	168	0	14032
5803	146	6	18	13908	0	14078
5804	58	4	20	14251	0	14333
5805	37	13	14048	166	0	14264
5806	28	13933	129	83	0	14173
5807	14212	126	35	64	0	14437
5808	148	37	18	14288	0	14491
5809	14308	23	14	174	0	14519
5810	162	29	14187	53	0	14431
5811	13769	14	131	73	0	13987
5812	152	14409	58	65	0	14684
5813	69	130	14411	28	0	14638
5814	45	47	14518	26	0	14636
5815	49	37	153	14421	0	14660
5816	25	38	14821	132	0	15016
5817	32	14860	149	59	0	15100
5818	37	134	50	14959	0	15180
5819	41	45	26	15132	0	15244
5820	40	24	31	15064	0	15159
5821	14912	20	12	193	0	15137
5822	136	14969	21	86	0	15212
5823	73	111	17	15218	0	15419
5824	62	40	20	15391	0	15513
5825	15051	22	18	185	0	15276
5826	125	15148	34	96	0	15403
5827	15384	119	19	90	0	15612
5828	15423	42	25	70	0	15560
5829	15389	28	11	64	0	15492
5830	191	48	15232	43	0	15514
5831	114	20	129	15201	0	15464
5832	65	15383	56	147	0	15651
5833	50	15736	39	78	0	15903
5834	51	167	36	15559	0	15813
5835	45	15875	27	166	0	16113
5836	16276	164	20	110	0	16570
5837	164	81	16201	55	0	16501
5838	16098	37	141	84	0	16360
5839	16580	33	44	62	0	16719
5840	215	27	31	16760	0	17033
5841	16837	20	37	179	0	17073
5842	191	17889	39	74	0	18193
5843	18330	139	19	107	0	18595
5844	18433	58	32	92	0	18615
5845	19257	38	15	91	0	19401
5846	227	63	19363	46	0	19699
5847	111	68	19538	44	0	19761
5848	112	35	193	19742	0	20082
5849	87	19676	92	179	0	20034
5850	61	20092	70	98	0	20321
5851	82	196	41	19957	0	20276
5852	20080	92	36	243	0	20451
5853	216	65	21	20190	0	20492
5854	100	52	21	20446	0	20619
5855	20370	29	27	288	0	20714
5856	212	20470	46	124	0	20852
5857	107	183	20593	90	0	20973
5858	85	102	20433	76	0	20696
5859	20689	50	208	92	0	21039
5860	208	68	96	20634	0	21006
5861	99	59	20959	191	0	21308
5862	96	29	185	20925	0	21235
5863	101	40	63	20935	0	21139
5864	80	41	53	21120	0	21294
5865	73	30	42	20942	0	21087
5866	63	20649	31	276	0	21019
5867	75	173	39	20851	0	21138
5868	20725	75	38	280	0	21118
5869	194	20668	67	144	0	21073
5870	20975	183	50	117	0	21325
5871	21213	76	44	108	0	21441
5872	21269	65	49	115	0	21498
5873	267	70	20852	65	0	21254
5874	20810	45	165	118	0	21138
5875	21170	30	75	87	0	21362
5876	21134	36	52	111	0	21333
5877	21064	28	34	109	0	21235
5878	275	20797	47	76	0	21195
5879	20482	158	27	97	0	20764
5880	225	103	20406	43	0	20777
5881	145	52	156	20138	0	20491
5882	119	31	60	20526	0	20736
5883	21023	22	48	217	0	21310
5884	198	20908	51	108	0	21265
5885	20405	134	21	110	0	20670
5886	187	20487	35	50	0	20759
5887	20288	132	24	80	0	20524
5888	20300	49	13	68	0	20430
5889	194	21782	38	29	0	22043
5890	22004	181	21	64	0	22270
5891	22849	58	26	66	0	22999
5892	294	21777	41	33	0	22145
5893	109	22319	58	21	0	22507
5894	23268	258	81	58	0	23665
5895	346	85	20	23838	0	24289
5896	24083	61	18	314	0	24476
5897	24752	37	9	139	0	24937
5898	25084	36	15	100	0	25235
5899	25214	25	7	94	0	25340
5900	447	24535	45	48	0	25075
5901	189	25105	33	33	0	25360
5902	25237	335	10	75	0	25657
5903	370	149	25248	15	0	25782
5904	192	98	284	24974	0	25548
5905	162	49	78	25451	0	25740
5906	25387	52	55	404	0	25898
5907	358	25167	55	187	0	25767
5908	205	305	20	25359	0	25889
5909	160	112	9	25730	0	26011
5910	25639	85	25	451	0	26200
5911	429	52	15	25842	0	26338
5912	25811	51	14	473	0	26349
5913	26019	56	14	196	0	26285
5914	26033	64	20	141	0	26258
5915	579	48	19	25756	0	26402
5916	309	47	25	25930	0	26311
5917	188	81	26477	428	0	27174
5918	148	75	26258	207	0	26688
5919	26578	44	454	175	0	27251
5920	544	52	162	26931	0	27689
5921	212	67	27680	456	0	28415
5922	180	66	27818	177	0	28241
5923	200	84	532	27654	0	28470
5924	147	90	27742	512	0	28491
5925	161	69	531	27554	0	28315
5926	192	39	167	27744	0	28142
5927	128	52	27512	638	0	28330
5928	172	31	465	27598	0	28266
5929	190	33	177	27719	0	28119
5930	193	38	126	27993	0	28350
5931	128	79	27382	688	0	28277
5932	207	53	476	27737	0	28473
5933	27595	44	160	680	0	28479
5934	540	27454	190	308	0	28492
5935	27633	455	120	260	0	28468
5936	644	176	27261	169	0	28250
5937	27421	93	511	190	0	28215
5938	27803	60	201	179	0	28243
5939	27791	87	160	200	0	28238
5940	802	75	112	26970	0	27959
5941	400	58	107	27363	0	27928
5942	252	92	25548	704	0	26596
5943	24914	41	510	375	0	25840
5944	627	24809	247	270	0	25953
5945	285	24130	171	191	0	24777
5946	226	24441	122	194	0	24983
5947	300	600	114	23603	0	24617
5948	23287	202	117	613	0	24219
5949	23577	129	120	289	0	24115
5950	681	86	22930	251	0	23948
5951	394	91	482	22945	0	23912
5952	327	89	177	23199	0	23792
5953	230	115	22753	654	0	23752
5954	199	89	22617	349	0	23254
5955	22385	64	611	294	0	23354
5956	591	22390	258	220	0	23459
5957	22563	458	191	222	0	23434
5958	22801	172	134	219	0	23326
5959	743	120	126	22237	0	23226
5960	414	64	131	22657	0	23266
5961	22129	63	113	705	0	23010
5962	663	73	106	22026	0	22868
5963	326	87	138	22300	0	22851
5964	21977	73	119	759	0	22928
5965	668	55	99	22071	0	22893
5966	22116	56	138	686	0	22996
5967	22474	48	126	363	0	23011
5968	701	76	21912	274	0	22963
5969	22071	74	514	271	0	22930
5970	22153	51	224	260	0	22688
5971	22063	36	197	273	0	22569
5972	751	59	20319	249	0	21378
5973	21265	46	469	261	0	22041
5974	700	20905	212	253	0	22070
5975	21321	436	189	253	0	22199
5976	21659	133	132	256	0	22180
5977	766	99	121	21219	0	22205
5978	429	56	136	21387	0	22008
5979	315	21099	114	717	0	22245
5980	317	451	88	21197	0	22053
5981	310	145	119	21509	0	22083
5982	20892	96	114	728	0	21830
5983	678	61	107	20272	0	21118
5984	361	69	80	20345	0	20855
5985	347	81	107	20116	0	20651
5986	230	19264	121	725	0	20340
5987	18979	426	110	383	0	19898
5988	618	18813	128	273	0	19832
5989	17218	399	103	161	0	17881
5990	551	132	16441	172	0	17296
5991	15502	100	364	178	0	16144
5992	475	69	15525	149	0	16218
5993	216	14942	365	152	0	15675
5994	13710	332	402	150	0	14594
5995	13397	111	139	118	0	13765
5996	369	12727	66	111	0	13273
5997	190	12553	70	96	0	12909
5998	12195	287	87	95	0	12664
5999	12326	94	40	84	0	12544
6000	373	64	38	12079	0	12554
6001	192	56	28	12336	0	12612
6002	138	49	12021	306	0	12514
6003	11852	50	215	118	0	12235
6004	328	45	69	11799	0	12241
6005	144	11694	73	264	0	12175
6006	139	202	28	11540	0	11909
6007	112	64	33	11598	0	11807
6008	84	57	11263	291	0	11695
6009	105	59	203	11170	0	11537
6010	11048	44	66	266	0	11424
6011	244	10804	48	102	0	11198
6012	97	10752	26	79	0	10954
6013	10611	223	42	67	0	10943
6014	10742	90	41	71	0	10944
6015	10707	61	30	63	0	10861
6016	292	10237	35	50	0	10614
6017	71	9533	27	36	0	9667
6018	9714	144	46	41	0	9945
6019	9847	58	27	43	0	9975
6020	187	9501	15	26	0	9729
6021	43	8638	15	20	0	8716
6022	8486	94	39	38	0	8657
6023	117	32	10	8427	0	8586
6024	8509	21	5	101	0	8636
6025	112	20	5	8663	0	8800
6026	37	8784	8	95	0	8924
6027	35	8796	7	30	0	8868
6028	9050	103	18	25	0	9196
6029	9324	43	8	19	0	9394
6030	9447	29	8	17	0	9501
6031	139	9300	8	28	0	9475
6032	61	91	8986	1	0	9139
6033	36	8916	82	8	0	9042
6034	8709	131	33	12	0	8885
6035	8637	30	22	9	0	8698
6036	99	32	8406	4	0	8541
6037	43	8331	77	3	0	8454
6038	51	79	36	8251	0	8417
6039	28	29	18	8185	0	8260
6040	22	8088	17	78	0	8205
6041	20	88	8181	35	0	8324
6042	8276	22	70	31	0	8399
6043	91	33	16	8362	0	8502
6044	8386	16	20	96	0	8518
6045	8522	18	10	39	0	8589
6046	125	13	13	8717	0	8868
6047	72	17	7	9109	0	9205
6048	60	20	5	9269	0	9354
6049	45	12	11	9372	0	9440
6050	9211	13	8	170	0	9402
6051	9312	11	10	96	0	9429
6052	137	19	9376	55	0	9587
6053	89	18	96	9389	0	9592
6054	67	18	35	9455	0	9575
6055	50	18	34	9476	0	9578
6056	42	21	9286	168	0	9517
6057	42	22	103	9220	0	9387
6058	9143	17	42	151	0	9353
6059	132	13	33	9131	0	9309
6060	53	20	9130	149	0	9352
6061	59	14	105	9183	0	9361
6062	42	16	9225	148	0	9431
6063	9368	9	121	85	0	9583
6064	131	15	47	9390	0	9583
6065	9370	10	42	139	0	9561
6066	9291	10	18	75	0	9394
6067	156	7	15	9273	0	9451
6068	9387	10	13	140	0	9550
6069	163	10	12	9405	0	9590
6070	72	9643	25	165	0	9905
6071	9929	107	13	76	0	10125
6072	9924	32	16	82	0	10054
6073	10093	28	21	47	0	10189
6074	192	15	13	9949	0	10169
6075	108	13	12	9949	0	10082
6076	68	12	24	9973	0	10077
6077	50	22	9680	187	0	9939
6078	39	9546	113	109	0	9807
6079	63	100	40	9397	0	9600
6080	37	49	9324	146	0	9556
6081	9314	33	121	77	0	9545
6082	143	16	49	9328	0	9536
6083	64	22	9281	147	0	9514
6084	9476	17	110	87	0	9690
6085	167	14	51	9561	0	9793
6086	90	16	38	9655	0	9799
6087	97	6	20	9691	0	9814
6088	9620	8	19	208	0	9855
6089	9718	14	23	109	0	9864
6090	9628	15	14	96	0	9753
6091	178	9335	32	48	0	9593
6092	102	9427	16	49	0	9594
6093	9421	114	23	59	0	9617
6094	146	61	9396	45	0	9648
6095	83	44	99	9293	0	9519
6096	75	25	46	9363	0	9509
6097	9251	17	49	151	0	9468
6098	9169	14	20	106	0	9309
6099	149	9142	24	79	0	9394
6100	94	93	23	9166	0	9376
6101	75	43	9002	141	0	9261
6102	56	31	9092	79	0	9258
6103	56	15	124	9177	0	9372
6104	41	16	65	9267	0	9389
6105	9097	14	46	172	0	9329
6106	129	17	25	9228	0	9399
6107	9442	17	23	170	0	9652
6108	9478	12	34	100	0	9624
6109	162	14	9479	77	0	9732
6110	9395	11	89	67	0	9562
6111	9461	15	48	65	0	9589
6112	9519	9	37	66	0	9631
6113	187	9400	30	46	0	9663
6114	97	9414	28	59	0	9598
6115	73	130	25	9333	0	9561
6116	55	61	9301	136	0	9553
6117	46	9106	99	75	0	9326
6118	74	119	56	8743	0	8992
6119	52	48	38	8602	0	8740
6120	35	8618	25	121	0	8799
6121	8649	67	21	82	0	8819
6122	8700	42	18	58	0	8818
6123	116	33	8791	52	0	8992
6124	8677	10	67	57	0	8811
6125	115	20	8569	31	0	8735
6126	8146	12	79	44	0	8281
6127	113	18	8308	34	0	8473
6128	52	8062	71	30	0	8215
6129	92	47	87	7674	0	7900
6130	44	25	29	7755	0	7853
6131	7760	15	16	93	0	7884
6132	7809	7	11	65	0	7892
6133	7754	11	9	45	0	7819
6134	92	20	7915	24	0	8051
6135	68	3	45	7988	0	8104
6136	44	9	36	8124	0	8213
6137	8118	9	23	88	0	8238
6138	64	8239	12	59	0	8374
6139	8577	43	15	51	0	8686
6140	78	29	8	8788	0	8903
6141	52	19	10	8992	0	9073
6142	38	15	8	9042	0	9103
6143	27	10	7	9149	0	9193
6144	30	15	6	9149	0	9200
6145	29	8997	9	98	0	9133
6146	19	8736	10	49	0	8814
6147	17	8510	9	14	0	8550
6148	18	52	6	8468	0	8544
6149	20	14	8394	24	0	8452
6150	8060	6	28	27	0	8121
6151	28	8688	20	8	0	8744
6152	24	25	6	8679	0	8734
6153	14	6	13	8765	0	8798
6154	8976	5	6	52	0	9039
6155	8966	9	10	43	0	9028
6156	9152	4	6	32	0	9194
6157	41	7	6	9595	0	9649
6158	15	10	9705	34	0	9764
6159	16	20	10043	16	0	10095
6160	17	8	39	10191	0	10255
6161	20	10	10230	32	0	10292
6162	9961	7	34	34	0	10036
6163	38	5	15	10105	0	10163
6164	25	12	10157	41	0	10235
6165	12	7	33	10124	0	10176
6166	20	23	10541	38	0	10622
6167	16	14	11070	17	0	11117
6168	21	33	48	11768	0	11870
6169	9	17	12296	64	0	12386
6170	10	25	12030	23	0	12088
6171	6	12075	86	27	0	12194
6172	55	87	48	12376	0	12566
6173	12745	22	20	96	0	12883
6174	73	13	9	12852	0	12947
6175	41	7	8	13124	0	13180
6176	19	21	13063	93	0	13196
6177	12788	3	68	65	0	12924
6178	76	1	26	13358	0	13461
6179	38	2	15	13559	0	13614
6180	13493	2	11	117	0	13623
6181	73	7	6	13610	0	13696
6182	13762	1	8	119	0	13890
6183	13789	1	10	70	0	13870
6184	13816	1	6	52	0	13875
6185	103	13736	14	14	0	13867
6186	13934	60	5	39	0	14038
6187	83	14052	18	11	0	14164
6188	43	78	6	14273	0	14400
6189	14494	28	6	99	0	14627
6190	82	14689	19	35	0	14825
6191	14857	75	7	48	0	14987
6192	92	14935	17	23	0	15067
6193	14875	88	15	36	0	15014
6194	100	14870	14	16	0	15000
6195	38	15267	22	15	0	15342
6196	28	15881	18	31	0	15958
6197	28	125	6	15788	0	15947
6198	11	16223	17	89	0	16340
6199	31	120	5	16269	0	16425
6200	18	65	9	16394	0	16486
6201	30	24	6	16488	0	16548
6202	30	18	3	16645	0	16696
6203	16663	8	4	186	0	16861
6204	16871	15	4	91	0	16981
6205	152	25	16904	38	0	17119
6206	17364	16	116	60	0	17556
6207	17972	6	39	61	0	18078
6208	18406	11	19	46	0	18482
6209	189	26	18323	16	0	18554
6210	84	31	18471	13	0	18599
6211	18449	15	185	56	0	18705
6212	180	24	19007	24	0	19235
6213	84	19568	184	33	0	19869
6214	72	163	59	19817	0	20111
6215	20151	58	42	208	0	20459
6216	20343	38	30	101	0	20512
6217	20408	15	23	63	0	20509
6218	258	32	20	20409	0	20719
6219	119	22	19	20651	0	20811
6220	64	42	20808	226	0	21140
6221	73	23	171	20965	0	21232
6222	83	14	52	21215	0	21364
6223	20940	16	46	264	0	21266
6224	199	21110	40	108	0	21457
6225	21279	168	25	105	0	21577
6226	256	63	36	21435	0	21790
6227	21304	50	18	253	0	21625
6228	21245	18	28	141	0	21432
6229	21112	23	27	118	0	21280
6230	268	20957	35	58	0	21318
6231	125	21266	43	55	0	21489
6232	104	198	21	21321	0	21644
6233	21427	72	29	246	0	21774
6234	245	45	27	21273	0	21590
6235	126	33	21	21434	0	21614
6236	96	49	21242	242	0	21629
6237	103	33	170	21253	0	21559
6238	84	39	65	21328	0	21516
6239	102	22	44	21256	0	21424
6240	64	41	21033	287	0	21425
6241	69	41	20761	133	0	21004
6242	68	20855	250	109	0	21282
6243	20861	189	91	93	0	21234
6244	250	69	52	21069	0	21440
6245	98	70	21245	241	0	21654
6246	135	28	203	21191	0	21557
6247	112	32	75	21919	0	22138
6248	21805	36	53	315	0	22209
6249	21817	32	43	162	0	22054
6250	258	21716	72	95	0	22141
6251	21548	188	42	118	0	21896
6252	21555	60	40	112	0	21767
6253	306	60	32	21530	0	21928
6254	143	66	21378	235	0	21822
6255	91	21426	220	127	0	21864
6256	21497	211	60	129	0	21897
6257	21673	71	39	112	0	21895
6258	294	21916	45	90	0	22345
6259	168	193	41	22361	0	22763
6260	22944	68	38	304	0	23354
6261	23101	60	27	168	0	23356
6262	356	40	27	23279	0	23702
6263	23798	39	25	346	0	24208
6264	24730	49	34	160	0	24973
6265	25219	34	38	134	0	25425
6266	415	54	25228	76	0	25773
6267	165	24709	271	97	0	25242
6268	118	24855	90	96	0	25159
6269	24356	277	73	98	0	24804
6270	322	24458	54	59	0	24893
6271	137	290	24472	49	0	24948
6272	135	86	255	24438	0	24914
6273	24245	55	87	308	0	24695
6274	361	52	57	24155	0	24625
6275	24145	48	32	347	0	24572
6276	24269	38	31	155	0	24493
6277	24201	43	39	111	0	24394
6278	371	23747	65	79	0	24262
6279	143	24391	52	88	0	24674
6280	24254	295	42	109	0	24700
6281	24266	96	34	107	0	24503
6282	24226	62	34	98	0	24420
6283	433	64	30	23862	0	24389
6284	23803	59	30	334	0	24226
6285	366	23461	74	132	0	24033
6286	165	24024	49	110	0	24348
6287	192	315	27	23714	0	24248
6288	131	108	23419	323	0	23981
6289	151	87	23149	97	0	23484
6290	161	56	284	23019	0	23520
6291	121	86	22968	292	0	23467
6292	151	80	267	22953	0	23451
6293	23035	75	64	326	0	23500
6294	422	44	54	22838	0	23358
6295	22638	50	60	341	0	23089
6296	340	22061	78	108	0	22587
6297	129	282	22123	112	0	22646
6298	196	77	261	21791	0	22325
6299	161	87	61	22116	0	22425
6300	125	78	22064	323	0	22590
6301	149	72	258	21745	0	22224
6302	116	22202	102	289	0	22709
6303	138	263	58	22144	0	22603
6304	149	78	62	22333	0	22622
6305	165	58	50	22439	0	22712
6306	124	55	22030	353	0	22562
6307	115	68	21224	118	0	21525
6308	20288	46	259	124	0	20717
6309	290	94	20246	60	0	20690
6310	85	20179	266	68	0	20598
6311	20086	221	84	91	0	20482
6312	260	20024	77	90	0	20451
6313	19440	215	133	93	0	19881
6314	19485	56	87	81	0	19709
6315	19333	63	33	83	0	19512
6316	19324	48	45	84	0	19501
6317	268	18838	45	106	0	19257
6318	134	18968	42	62	0	19206
6319	18935	225	39	101	0	19300
6320	270	85	18553	52	0	18960
6321	129	85	212	18396	0	18822
6322	131	50	70	18656	0	18907
6323	92	51	18517	260	0	18920
6324	17952	46	216	128	0	18342
6325	18408	51	78	101	0	18638
6326	18278	58	55	101	0	18492
6327	306	18038	58	58	0	18460
6328	18459	221	52	99	0	18831
6329	314	68	58	18246	0	18686
6330	128	19017	71	248	0	19464
6331	19312	247	61	84	0	19704
6332	19592	96	53	100	0	19841
6333	20417	81	45	92	0	20635
6334	439	75	45	20162	0	20721
6335	239	61	43	20281	0	20624
6336	154	19922	65	350	0	20491
6337	120	286	20096	159	0	20661
6338	157	101	275	20138	0	20671
6339	170	81	100	20217	0	20568
6340	140	50	76	20388	0	20654
6341	97	82	20047	398	0	20624
6342	19908	49	280	181	0	20418
6343	360	62	88	20274	0	20784
6344	156	79	20268	334	0	20837
6345	178	44	290	19928	0	20440
6346	20229	50	115	362	0	20756
6347	349	20093	104	155	0	20701
6348	172	274	71	20445	0	20962
6349	131	124	20465	324	0	21044
6350	20038	91	283	161	0	20573
6351	20374	54	96	145	0	20669
6352	376	79	20241	113	0	20809
6353	235	94	284	19447	0	20060
6354	143	19868	131	308	0	20450
6355	20035	276	120	139	0	20570
6356	349	110	19703	107	0	20269
6357	19295	82	317	128	0	19822
6358	426	67	18780	87	0	19360
6359	194	66	17968	72	0	18300
6360	17268	57	384	90	0	17799
6361	298	17423	162	72	0	17955
6362	222	236	17115	67	0	17640
6363	113	16571	296	69	0	17049
6364	157	245	15813	66	0	16281
6365	74	15582	261	50	0	15967
6366	14641	264	195	73	0	15173
6367	193	93	14343	51	0	14680
6368	93	86	14175	39	0	14393
6369	110	53	13826	35	0	14024
6370	13239	82	306	50	0	13677
6371	13243	16	146	46	0	13451
6372	213	30	96	13080	0	13419
6373	132	26	13429	161	0	13748
6374	96	33	13564	70	0	13763
6375	13516	21	224	74	0	13835
6376	198	24	130	13617	0	13969
6377	13599	19	102	178	0	13898
6378	13710	23	68	90	0	13891
6379	262	28	43	13227	0	13560
6380	146	13246	60	166	0	13618
6381	121	146	59	13376	0	13702
6382	103	63	41	13520	0	13727
6383	62	77	13426	209	0	13774
6384	63	13164	178	132	0	13537
6385	56	13323	93	100	0	13572
6386	62	176	88	13018	0	13344
6387	29	99	13135	162	0	13425
6388	56	13242	183	90	0	13571
6389	57	156	13257	89	0	13559
6390	13119	74	196	76	0	13465
6391	13384	68	114	65	0	13631
6392	210	40	13255	43	0	13548
6393	13221	40	198	56	0	13515
6394	243	43	109	13330	0	13725
6395	120	13708	102	178	0	14108
6396	133	151	74	13815	0	14173
6397	13637	65	58	218	0	13978
6398	13675	70	67	116	0	13928
6399	13633	40	64	94	0	13831
6400	13352	34	56	74	0	13516
6401	280	13075	50	75	0	13480
6402	147	12831	69	64	0	13111
6403	12805	168	55	60	0	13088
6404	187	106	12725	52	0	13070
6405	125	222	159	12309	0	12815
6406	91	12602	98	141	0	12932
6407	74	146	86	12577	0	12883
6408	49	12787	63	162	0	13061
6409	60	195	45	12930	0	13230
6410	47	80	12913	186	0	13226
6411	12799	80	169	103	0	13151
6412	12973	52	87	81	0	13193
6413	198	63	12902	45	0	13208
6414	12955	40	202	60	0	13257
6415	13061	38	99	46	0	13244
6416	246	37	12900	26	0	13209
6417	162	28	189	12729	0	13108
6418	12911	26	92	167	0	13196
6419	197	32	12930	72	0	13231
6420	122	34	183	12706	0	13045
6421	109	30	13308	167	0	13614
6422	78	31	13398	83	0	13590
6423	13338	24	243	90	0	13695
6424	13836	29	128	72	0	14065
6425	13931	19	78	61	0	14089
6426	14350	31	49	58	0	14488
6427	318	37	46	14075	0	14476
6428	155	13497	55	175	0	13882
6429	106	13813	57	76	0	14052
6430	94	261	33	12989	0	13377
6431	13031	58	38	186	0	13313
6432	186	12627	39	64	0	12916
6433	42	12205	39	42	0	12328
6434	12128	126	29	35	0	12318
6435	152	75	24	12047	0	12298
6436	12091	32	18	139	0	12280
6437	151	12132	23	32	0	12338
6438	12249	110	20	54	0	12433
6439	151	37	12669	18	0	12875
6440	13529	39	143	26	0	13737
6441	13978	17	33	35	0	14063
6442	14268	21	29	33	0	14351
6443	241	28	13787	19	0	14075
6444	13945	22	149	35	0	14151
6445	202	13918	54	22	0	14196
6446	88	154	13766	21	0	14029
6447	125	118	167	13178	0	13588
6448	67	50	60	13033	0	13210
6449	34	13023	41	179	0	13277
6450	41	145	29	13135	0	13350
6451	40	45	16	13267	0	13368
6452	34	39	12935	190	0	13198
6453	12503	29	142	97	0	12771
6454	160	30	13060	52	0	13302
6455	85	19	166	13006	0	13276
6456	47	28	13203	168	0	13446
6457	64	16	175	13219	0	13474
6458	13422	15	72	185	0	13694
6459	13743	12	56	81	0	13892
6460	217	15	36	13765	0	14033
6461	84	23	13964	188	0	14259
6462	80	20	173	14010	0	14283
6463	60	20	13925	200	0	14205
6464	13601	9	194	98	0	13902
6465	13871	11	78	72	0	14032
6466	13778	13	55	67	0	13913
6467	13769	14	47	38	0	13868
6468	269	13291	48	41	0	13649
6469	150	152	42	13419	0	13763
6470	13445	51	18	184	0	13698
6471	208	13212	41	76	0	13537
6472	89	13429	39	70	0	13627
6473	79	207	12723	50	0	13059
6474	12698	88	162	50	0	12998
6475	12894	52	62	51	0	13059
6476	230	46	12659	37	0	12972
6477	132	33	181	12597	0	12943
6478	116	28	81	12798	0	13023
6479	83	24	12706	204	0	13017
6480	83	11	192	12546	0	12832
6481	12598	17	75	223	0	12913
6482	203	26	12436	97	0	12762
6483	105	27	12504	76	0	12712
6484	12399	21	230	71	0	12721
6485	211	33	12575	53	0	12872
6486	12445	20	222	62	0	12749
6487	228	12382	98	41	0	12749
6488	12335	156	81	48	0	12620
6489	238	54	55	12221	0	12568
6490	149	50	35	12343	0	12577
6491	12209	33	42	224	0	12508
6492	223	29	35	12190	0	12477
6493	12142	22	27	226	0	12417
6494	215	12114	34	105	0	12468
6495	118	152	37	11721	0	12028
6496	112	64	29	11868	0	12073
6497	11732	47	36	215	0	12030
6498	11734	29	47	114	0	11924
6499	11788	23	28	91	0	11930
6500	255	11398	35	78	0	11766
6501	133	11527	45	53	0	11758
6502	11438	180	37	67	0	11722
6503	219	88	11241	54	0	11602
6504	114	11164	167	44	0	11489
6505	10713	171	149	79	0	11112
6506	10550	63	91	44	0	10748
6507	10482	42	49	42	0	10615
6508	247	35	43	10221	0	10546
6509	10276	30	38	150	0	10494
6510	10203	21	23	83	0	10330
6511	239	19	32	9912	0	10202
6512	9937	28	22	182	0	10169
6513	214	36	9636	80	0	9966
6514	126	14	128	9642	0	9910
6515	109	19	62	9786	0	9976
6516	90	14	53	9888	0	10045
6517	9772	17	36	235	0	10060
6518	10027	16	35	121	0	10199
6519	9990	18	29	101	0	10138
6520	9979	18	23	78	0	10098
6521	9473	13	20	69	0	9575
6522	275	11	18	8969	0	9273
6523	157	18	18	8994	0	9187
6524	8749	11	25	172	0	8957
6525	175	8462	25	105	0	8767
6526	8323	96	21	77	0	8517
6527	167	46	8022	52	0	8287
6528	8393	30	110	38	0	8571
6529	8696	25	44	43	0	8808
6530	199	24	8838	33	0	9094
6531	9021	16	139	35	0	9211
6532	203	20	9118	35	0	9376
6533	136	11	9488	27	0	9662
6534	119	29	212	9372	0	9732
6535	90	17	127	9774	0	10008
6536	64	16	9744	196	0	10020
6537	68	20	9728	124	0	9940
6538	46	9275	203	86	0	9610
6539	36	8953	116	58	0	9163
6540	7747	139	142	33	0	8061
6541	103	7977	51	36	0	8167
6542	7640	112	49	29	0	7830
6543	122	7534	23	17	0	7696
6544	7441	111	26	23	0	7601
6545	125	65	7166	11	0	7367
6546	7253	42	90	9	0	7394
6547	119	28	53	7204	0	7404
6548	78	7256	42	79	0	7455
6549	58	86	27	7341	0	7512
6550	7341	40	14	109	0	7504
6551	7398	42	9	66	0	7515
6552	151	27	13	7310	0	7501
6553	88	13	7233	95	0	7429
6554	60	16	7215	60	0	7351
6555	42	7310	124	42	0	7518
6556	35	128	72	7281	0	7516
6557	24	51	7273	91	0	7439
6558	23	6937	97	51	0	7108
6559	58	113	59	6796	0	7026
6560	22	42	34	6822	0	6920
6561	6458	31	18	110	0	6617
6562	81	20	12	6464	0	6577
6563	44	23	6363	101	0	6531
6564	40	11	70	6377	0	6498
6565	6227	10	41	106	0	6384
6566	77	13	6400	57	0	6547
6567	6300	7	85	38	0	6430
6568	95	6440	46	29	0	6610
6569	6526	68	32	18	0	6644
6570	6544	39	21	28	0	6632
6571	128	31	13	6441	0	6613
6572	74	17	14	6515	0	6620
6573	50	6449	8	108	0	6615
6574	34	70	8	6555	0	6667
6575	6429	41	9	113	0	6592
6576	82	37	6416	58	0	6593
6577	53	17	67	6439	0	6576
6578	41	6445	46	87	0	6619
6579	33	70	31	6544	0	6678
6580	24	36	23	6617	0	6700
6581	6495	32	22	113	0	6662
6582	82	6447	9	77	0	6615
6583	54	69	8	6471	0	6602
6584	6388	37	17	103	0	6545
6585	97	27	9	6400	0	6533
6586	52	27	6	6497	0	6582
6587	6547	8	11	137	0	6703
6588	6531	10	13	78	0	6632
6589	114	11	6535	52	0	6712
6590	6487	8	74	43	0	6612
6591	6623	15	38	29	0	6705
6592	6692	8	26	29	0	6755
6593	138	6407	27	22	0	6594
6594	85	6380	17	17	0	6499
6595	58	104	6	6346	0	6514
6596	6367	59	14	83	0	6523
6597	6400	38	12	48	0	6498
6598	119	24	4	6337	0	6484
6599	73	17	6482	89	0	6661
6600	6538	12	69	50	0	6669
6601	6803	13	40	48	0	6904
6602	122	13	29	6695	0	6859
6603	74	13	19	6740	0	6846
6604	6743	8	12	116	0	6879
6605	108	11	8	6705	0	6832
6606	54	6754	17	119	0	6944
6607	47	63	10	6947	0	7067
6608	6931	34	6	107	0	7078
6609	85	38	6881	59	0	7063
6610	6700	19	64	56	0	6839
6611	99	13	6870	39	0	7021
6612	80	7	83	6866	0	7036
6613	6967	11	52	83	0	7113
6614	94	6	35	7064	0	7199
6615	62	9	18	7136	0	7225
6616	6973	9	13	131	0	7126
6617	88	10	6922	72	0	7092
6618	61	15	7089	54	0	7219
6619	44	7	99	7234	0	7384
6620	35	6	62	7407	0	7510
6621	29	8	39	7549	0	7625
6622	17	13	7630	121	0	7781
6623	7454	2	64	99	0	7619
6624	7815	5	39	64	0	7923
6625	7898	7	26	50	0	7981
6626	7916	4	21	32	0	7973
6627	135	7751	15	29	0	7930
6628	91	7864	11	28	0	7994
6629	46	7881	10	24	0	7961
6630	23	92	12	7338	0	7465
6631	25	27	10	7376	0	7438
6632	16	9	7140	35	0	7200
6633	9	6662	24	18	0	6713
6634	48	24	13	6382	0	6467
6635	6303	4	11	30	0	6348
6636	12	6413	5	12	0	6442
6637	7	14	4	6388	0	6413
6638	5	6565	9	20	0	6599
6639	6697	12	4	14	0	6727
6640	23	9	2	6708	0	6742
6641	7	3	6644	16	0	6670
6642	7	7	6679	6	0	6699
6643	6	13	28	6815	0	6862
6644	7	3	7	6854	0	6871
6645	6	1	4	7009	0	7020
6646	7001	0	7	45	0	7053
6647	25	8	6995	11	0	7039
6648	7	6934	26	11	0	6978
6649	9	25	5	6954	0	6993
6650	4	10	7008	24	0	7046
6651	5	7048	29	12	0	7094
6652	2	31	9	7202	0	7244
6653	1	11	7297	23	0	7332
6654	10	6	24	7215	0	7255
6655	5	2	9	7357	0	7373
6656	7536	1	7	43	0	7587
6657	7567	1	4	20	0	7592
6658	46	2	2	7580	0	7630
6659	7667	1	1	50	0	7719
6660	47	5	7852	11	0	7915
6661	16	2	43	7929	0	7990
6662	19	12	8134	42	0	8207
6663	8	5	50	8293	0	8356
6664	5	8237	20	59	0	8321
6665	3	8388	11	20	0	8422
6666	2	8522	9	14	0	8547
6667	8	63	10	8737	0	8818
6668	9	18	4	9061	0	9092
6669	5	13	9026	84	0	9128
6670	10	18	9079	25	0	9132
6671	5	14	9347	15	0	9381
6672	9523	7	92	18	0	9640
6673	93	6	22	9747	0	9868
6674	9889	3	16	105	0	10013
6675	98	10036	21	24	0	10179
6676	19	92	11	10110	0	10232
6677	10189	28	6	112	0	10335
6678	110	14	6	10194	0	10324
6679	10205	6	4	123	0	10338
6680	111	21	10400	36	0	10568
6681	31	10492	105	25	0	10653
6682	22	98	30	10669	0	10819
6683	10736	27	21	116	0	10900
6684	10893	11	12	64	0	10980
6685	140	11	14	10942	0	11107
6686	58	12	15	11007	0	11092
6687	10821	13	15	150	0	10999
6688	122	9	6	10848	0	10985
6689	37	19	10758	133	0	10947
6690	32	10785	114	45	0	10976
6691	26	97	38	10888	0	11049
6692	10914	32	16	133	0	11095
6693	10980	21	15	60	0	11076
6694	151	14	11137	37	0	11339
6695	56	11014	123	26	0	11219
6696	32	11329	42	36	0	11439
6697	41	146	19	11342	0	11548
6698	31	43	15	11555	0	11644
6699	27	26	11	11384	0	11448
6700	36	14	18	11394	0	11462
6701	25	11111	20	184	0	11340
6702	33	125	15	11237	0	11410
6703	37	45	12	11352	0	11446
6704	11204	24	14	191	0	11433
6705	11260	21	13	83	0	11377
6706	159	11240	22	53	0	11474
6707	11371	126	15	48	0	11560
6708	11376	47	15	50	0	11488
6709	11381	25	14	50	0	11470
6710	173	28	11236	37	0	11474
6711	73	12	125	11267	0	11477
6712	45	16	38	11482	0	11581
6713	35	23	11247	169	0	11474
6714	31	26	126	11204	0	11387
6715	35	23	47	11109	0	11214
6716	11140	13	28	203	0	11384
6717	147	29	11062	75	0	11313
6718	69	14	129	10814	0	11026
6719	10774	22	50	178	0	11024
6720	145	10780	30	83	0	11038
6721	10739	137	13	68	0	10957
6722	10612	41	17	64	0	10734
6723	186	10454	30	51	0	10721
6724	80	127	17	10546	0	10770
6725	10525	45	13	168	0	10751
6726	156	10508	21	75	0	10760
6727	89	129	16	10532	0	10766
6728	10313	44	17	170	0	10544
6729	10200	29	19	68	0	10316
6730	178	10149	27	52	0	10406
6731	10172	262	17	51	0	10502
6732	190	46	12	10356	0	10604
6733	10377	26	21	180	0	10604
6734	194	25	10229	69	0	10517
6735	80	15	148	10238	0	10481
6736	58	27	36	10247	0	10368
6737	10043	15	28	218	0	10304
6738	175	9814	28	81	0	10098
6739	9839	143	13	65	0	10060
6740	180	9938	17	48	0	10183
6741	72	149	9714	36	0	9971
6742	58	48	9666	30	0	9802
6743	70	104	173	9436	0	9783
6744	41	29	9491	158	0	9719
6745	49	33	151	9467	0	9700
6746	51	24	40	9548	0	9663
6747	36	26	25	9677	0	9764
6748	9654	18	15	214	0	9901
6749	9716	11	8	89	0	9824
6750	9924	21	15	50	0	10010
6751	218	9875	25	38	0	10156
6752	81	10526	19	46	0	10672
6753	62	186	10865	40	0	11153
6754	51	66	186	11041	0	11344
6755	46	41	10957	205	0	11249
6756	43	33	199	10642	0	10917
6757	54	24	68	10752	0	10898
6758	47	20	47	10728	0	10842
6759	34	21	10343	276	0	10674
6760	35	23	182	10214	0	10454
6761	10086	10	69	247	0	10412
6762	191	9763	50	118	0	10122
6763	80	158	24	9848	0	10110
6764	9797	56	34	210	0	10097
6765	9784	39	23	102	0	9948
6766	229	28	21	9505	0	9783
6767	115	21	25	9389	0	9550
6768	8985	15	26	230	0	9256
6769	192	11	19	8918	0	9140
6770	8572	8	11	199	0	8790
6771	190	12	13	8427	0	8642
6772	75	14	8155	189	0	8433
6773	67	7863	136	91	0	8157
6774	44	7985	47	65	0	8141
6775	77	132	64	7738	0	8011
6776	65	47	48	7820	0	7980
6777	7680	31	21	184	0	7916
6778	135	25	18	7714	0	7892
6779	54	26	13	7763	0	7856
6780	47	17	13	7423	0	7500
6781	31	7209	16	204	0	7460
6782	45	116	11	7300	0	7472
6783	32	35	12	7333	0	7412
6784	43	19	10	7274	0	7346
6785	7000	14	10	203	0	7227
6786	126	6976	16	91	0	7209
6787	54	122	11	7052	0	7239
6788	49	41	6	7115	0	7211
6789	44	37	8	7108	0	7197
6790	6909	26	11	198	0	7144
6791	148	17	10	6925	0	7100
6792	61	18	10	6906	0	6995
6793	40	17	6611	196	0	6864
6794	32	6405	104	109	0	6650
6795	45	111	29	6528	0	6713
6796	6382	31	34	170	0	6617
6797	115	6362	23	80	0	6580
6798	6308	106	23	69	0	6506
6799	6394	42	11	55	0	6502
6800	148	37	15	6270	0	6470
6801	73	23	14	6388	0	6498
6802	60	24	6358	153	0	6595
6803	46	18	98	6481	0	6643
6804	41	21	6417	165	0	6644
6805	40	13	115	6514	0	6682
6806	6262	17	42	173	0	6494
6807	118	6272	44	84	0	6518
6808	51	114	29	6444	0	6638
6809	45	38	31	6529	0	6643
6810	40	28	29	6504	0	6601
6811	32	33	24	6506	0	6595
6812	6323	17	18	209	0	6567
6813	115	6251	26	117	0	6509
6814	53	96	14	6395	0	6558
6815	6325	23	10	184	0	6542
6816	123	32	6263	100	0	6518
6817	6281	20	95	87	0	6483
6818	6365	27	36	61	0	6489
6819	146	25	6195	63	0	6429
6820	80	13	101	6204	0	6398
6821	6262	22	40	132	0	6456
6822	129	6301	42	67	0	6539
6823	6380	98	26	77	0	6581
6824	6369	28	25	62	0	6484
6825	6334	20	21	78	0	6453
6826	173	19	9	6222	0	6423
6827	89	21	14	6365	0	6489
6828	59	6628	26	154	0	6867
6829	79	107	10	6761	0	6957
6830	6622	37	9	146	0	6814
6831	131	30	6381	70	0	6612
6832	6251	18	87	74	0	6430
6833	6472	19	31	61	0	6583
6834	152	16	20	6366	0	6554
6835	81	12	15	6496	0	6604
6836	6457	9	15	158	0	6639
6837	6483	12	12	76	0	6583
6838	6393	9	9	76	0	6487
6839	152	13	6239	56	0	6460
6840	62	6061	81	50	0	6254
6841	6105	82	29	39	0	6255
6842	131	32	18	6120	0	6301
6843	60	6112	16	117	0	6305
6844	57	89	14	6142	0	6302
6845	6111	39	15	121	0	6286
6846	122	36	12	6165	0	6335
6847	63	21	6169	114	0	6367
6848	36	5943	70	67	0	6116
6849	35	6070	31	58	0	6194
6850	29	80	5737	33	0	5879
6851	5034	140	149	64	0	5387
6852	65	4894	32	28	0	5019
6853	72	52	27	4114	0	4265
6854	4061	12	12	32	0	4117
6855	29	4058	10	11	0	4108
6856	15	32	3	4098	0	4148
6857	4114	6	7	38	0	4165
6858	39	3	3	4129	0	4174
6859	4143	7	1	38	0	4189
6860	28	10	4181	18	0	4237
6861	13	4238	24	12	0	4287
6862	4370	27	5	15	0	4417
6863	4307	6	4	15	0	4332
6864	4283	5	7	14	0	4309
6865	31	7	4226	10	0	4274
6866	4197	7	22	10	0	4236
6867	4309	4	7	16	0	4336
6868	37	4	3	4315	0	4359
6869	4317	4	2	37	0	4360
6870	35	4285	9	14	0	4343
6871	21	25	3	4332	0	4381
6872	9	7	4320	34	0	4370
6873	11	3	26	4327	0	4367
6874	13	4	5	4357	0	4379
6875	4345	6	3	40	0	4394
6876	4314	4	7	23	0	4348
6877	38	12	4278	8	0	4336
6878	4216	5	24	20	0	4265
6879	36	3	4284	10	0	4333
6880	23	3	25	4306	0	4357
6881	11	4	4333	28	0	4376
6882	16	3	27	4345	0	4391
6883	13	4331	12	30	0	4386
6884	11	32	4456	13	0	4512
6885	12	15	4558	5	0	4590
6886	12	7	37	4363	0	4419
6887	4597	7	9	34	0	4647
6888	4611	3	10	23	0	4647
6889	4649	1	6	16	0	4672
6890	46	8	4	4614	0	4672
6891	19	4	8	4664	0	4695
6892	20	3	4	4659	0	4686
6893	17	2	4	4663	0	4686
6894	12	7	4626	45	0	4690
6895	16	2	27	4646	0	4691
6896	9	4627	9	38	0	4683
6897	9	26	6	4685	0	4726
6898	4752	11	9	49	0	4821
6899	33	12	4777	20	0	4842
6900	4597	6	30	27	0	4660
6901	46	4	4963	9	0	5022
6902	21	7	4941	8	0	4977
6903	11	4937	58	7	0	5013
6904	24	42	20	4854	0	4940
6905	12	17	14	4926	0	4969
6906	7	4901	17	53	0	4978
6907	5255	48	7	26	0	5336
6908	69	26	7	5472	0	5574
6909	37	10	6	5815	0	5868
6910	23	6	6	6068	0	6103
6911	6497	5	5	123	0	6630
6912	6812	5	5	61	0	6883
6913	128	7	3	6741	0	6879
6914	64	3	2	6742	0	6811
6915	6664	3	7	134	0	6808
6916	109	3	7	6670	0	6789
6917	50	4	3	6743	0	6800
6918	38	4	1	6785	0	6828
6919	25	8	6577	151	0	6761
6920	6368	8	84	76	0	6536
6921	6498	5	32	54	0	6589
6922	133	9	6300	44	0	6486
6923	59	21	87	6071	0	6238
6924	36	6205	45	107	0	6393
6925	6213	80	28	55	0	6376
6926	105	6167	20	44	0	6336
6927	50	5991	15	46	0	6102
6928	55	98	14	5628	0	5795
6929	5576	37	19	101	0	5733
6930	5690	24	8	56	0	5778
6931	121	16	9	5619	0	5765
6932	74	15	11	5625	0	5725
6933	49	19	10	5589	0	5667
6934	41	21	6	5582	0	5650
6935	45	15	3	5503	0	5566
6936	25	5369	15	144	0	5553
6937	33	74	4	5461	0	5572
6938	5363	31	6	138	0	5538
6939	5429	18	7	76	0	5530
6940	5430	16	6	60	0	5512
6941	117	5288	15	58	0	5478
6942	78	77	6	5250	0	5411
6943	49	40	5216	109	0	5414
6944	5176	28	77	76	0	5357
6945	107	34	33	5213	0	5387
6946	5178	22	26	103	0	5329
6947	5068	14	10	83	0	5175
6948	5065	17	5	61	0	5148
6949	140	16	11	4926	0	5093
6950	4951	15	14	106	0	5086
6951	132	14	8	4925	0	5079
6952	83	9	9	4989	0	5090
6953	4928	9	14	139	0	5090
6954	127	11	5	4963	0	5106
6955	4905	18	3	137	0	5063
6956	4961	11	6	88	0	5066
6957	144	13	7	4918	0	5082
6958	88	13	8	4970	0	5079
6959	69	10	3	5003	0	5085
6960	74	9	4748	149	0	4980
6961	64	11	4793	87	0	4955
6962	49	4	97	4694	0	4844
6963	56	16	40	4739	0	4851
6964	49	10	25	4765	0	4849
6965	48	8	17	4742	0	4815
6966	33	17	17	4767	0	4834
6967	4589	9	16	170	0	4784
6968	103	4518	19	102	0	4742
6969	78	75	12	4603	0	4768
6970	4605	32	17	131	0	4785
6971	110	12	13	4624	0	4759
6972	65	14	7	4667	0	4753
6973	4546	11	8	162	0	4727
6974	4559	10	16	98	0	4683
6975	136	17	4461	73	0	4687
6976	83	10	73	4519	0	4685
6977	69	8	4502	127	0	4706
6978	62	11	81	4536	0	4690
6979	52	8	34	4583	0	4677
6980	58	7	22	4587	0	4674
6981	45	8	4414	168	0	4635
6982	26	4297	96	103	0	4522
6983	37	4436	46	84	0	4603
6984	40	83	27	4335	0	4485
6985	4214	40	26	138	0	4418
6986	100	19	4187	85	0	4391
6987	64	13	4296	60	0	4433
6988	51	17	106	4290	0	4464
6989	31	18	52	4288	0	4389
6990	28	4281	32	151	0	4492
6991	27	83	29	4352	0	4491
6992	39	36	26	4468	0	4569
6993	31	25	19	4505	0	4580
6994	4374	12	21	158	0	4565
6995	4396	13	17	89	0	4515
6996	123	14	20	4396	0	4553
6997	58	4272	16	142	0	4488
6998	54	80	15	4234	0	4383
6999	4123	31	11	136	0	4301
7000	88	4139	24	77	0	4328
7001	52	68	9	3848	0	3977
7002	37	3840	13	106	0	3996
7003	3802	74	11	73	0	3960
7004	3750	29	16	51	0	3846
7005	109	3761	11	43	0	3924
7006	40	3646	18	37	0	3741
7007	36	77	3359	29	0	3501
7008	22	3075	53	29	0	3179
7009	50	103	46	2647	0	2846
7010	26	18	2543	44	0	2631
7011	3	2014	24	12	0	2053
7012	9	23	6	1766	0	1804
7013	7	9	0	1777	0	1793
7014	2	1	0	1785	0	1788
7015	1756	1	2	19	0	1778
7016	15	6	1724	5	0	1750
7017	7	1	1753	5	0	1766
7018	3	2	17	1756	0	1778
7019	2	4	1839	17	0	1862
7020	7	2	15	1863	0	1887
7021	1	4	9	1864	0	1878
7022	1	2	2	1882	0	1887
7023	1	3	2	1884	0	1890
7024	1863	3	7	23	0	1896
7025	1866	1	0	10	0	1877
7026	21	1	1	1865	0	1888
7027	8	2	1940	18	0	1968
7028	2	4	13	1956	0	1975
7029	3	1929	7	17	0	1956
7030	4	13	5	1917	0	1939
7031	1918	5	1	18	0	1942
7032	1952	0	5	11	0	1968
7033	19	1	5	1967	0	1992
7034	7	5	0	1978	0	1990
7035	3	0	3	1994	0	2000
7036	1961	0	0	26	0	1987
7037	17	1	1965	11	0	1994
7038	8	1	1965	6	0	1980
7039	2	1942	22	4	0	1970
7040	1956	16	6	7	0	1985
7041	19	7	3	1992	0	2021
7042	4	2	2044	17	0	2067
7043	2	2019	20	7	0	2048
7044	1	2086	6	8	0	2101
7045	6	17	2	2098	0	2123
7046	3	5	1	2142	0	2151
7047	4	2140	5	19	0	2168
7048	5	18	0	2166	0	2189
7049	0	4	1	2191	0	2196
7050	2154	1	3	21	0	2179
7051	15	2162	2	10	0	2189
7052	8	16	1	2146	0	2171
7053	2	7	2139	18	0	2166
7054	7	1	13	2141	0	2162
7055	2147	1	4	17	0	2169
7056	14	2173	3	8	0	2198
7057	5	16	1	2186	0	2208
7058	1	5	2192	16	0	2214
7059	3	2	2382	6	0	2393
7060	0	5	19	2411	0	2435
7061	2	4	7	2458	0	2471
7062	2467	3	1	23	0	2494
7063	16	2585	4	10	0	2615
7064	2622	16	2	7	0	2647
7065	16	4	2714	3	0	2737
7066	2767	4	15	6	0	2792
7067	18	4	2866	2	0	2890
7068	2892	1	19	10	0	2922
7069	2930	4	7	4	0	2945
7070	24	6	3064	4	0	3098
7071	15	2	3087	6	0	3110
7072	3	3089	27	7	0	3126
7073	5	19	9	3120	0	3153
7074	3198	9	5	24	0	3236
7075	22	3	4	3239	0	3268
7076	12	1	5	3287	0	3305
7077	7	3	4	3295	0	3309
7078	5	9	3311	29	0	3354
7079	3220	4	20	21	0	3265
7080	3366	1	8	12	0	3387
7081	26	3429	9	15	0	3479
7082	16	22	3	3415	0	3456
7083	4	3507	6	25	0	3542
7084	4	27	4	3559	0	3594
7085	3575	7	1	34	0	3617
7086	25	3580	5	11	0	3621
7087	16	23	2	3487	0	3528
7088	3462	10	6	30	0	3508
7089	3490	5	3	16	0	3514
7090	36	3	4	3418	0	3461
7091	20	4	3430	22	0	3476
7092	13	28	24	3337	0	3402
7093	7	3419	12	20	0	3458
7094	3368	22	8	11	0	3409
7095	20	3358	3	8	0	3389
7096	17	21	4	3324	0	3366
7097	3356	7	4	27	0	3394
7098	25	5	2	3437	0	3469
7099	19	2	1	3454	0	3476
7100	4	8	3451	32	0	3495
7101	5	3437	20	15	0	3477
7102	3379	19	8	14	0	3420
7103	3268	9	5	9	0	3291
7104	22	3317	2	7	0	3348
7105	9	3313	5	5	0	3332
7106	11	24	1	3273	0	3309
7107	3260	10	1	19	0	3290
7108	19	3273	4	10	0	3306
7109	13	15	2	3281	0	3311
7110	6	13	3271	17	0	3307
7111	6	8	16	3284	0	3314
7112	3315	2	5	27	0	3349
7113	19	3337	7	14	0	3377
7114	14	19	2	3403	0	3438
7115	4	8	3386	20	0	3418
7116	3	9	3387	8	0	3407
7117	7	1	22	3430	0	3460
7118	5	4	11	3441	0	3461
7119	5	3372	4	26	0	3407
7120	7	20	2	3378	0	3407
7121	3376	9	4	23	0	3412
7122	22	3	5	3413	0	3443
7123	3423	6	2	31	0	3462
7124	20	3439	5	12	0	3476
7125	8	3530	4	8	0	3550
7126	9	23	1	3590	0	3623
7127	9	8	1	3543	0	3561
7128	7	6	3561	30	0	3604
7129	6	6	20	3542	0	3574
7130	3546	4	7	26	0	3583
7131	23	8	3532	11	0	3574
7132	14	6	16	3609	0	3645
7133	5	3	3689	27	0	3724
7134	10	4	20	3720	0	3754
7135	5	8	13	3720	0	3746
7136	10	3	3	3772	0	3788
7137	5	4	3765	27	0	3801
7138	4	5	19	3777	0	3805
7139	4	3781	14	25	0	3824
7140	8	16	5	3815	0	3844
7141	1	12	4	3822	0	3839
7142	3795	3	5	31	0	3834
7143	20	3	3773	15	0	3811
7144	13	7	16	3784	0	3820
7145	9	5	3752	27	0	3793
7146	6	8	3688	11	0	3713
7147	2	5	24	3871	0	3902
7148	11	3	12	3854	0	3880
7149	8	6	5	3916	0	3935
7150	3889	3	4	38	0	3934
7151	18	6	3873	16	0	3913
7152	4022	5	17	19	0	4063
7153	23	0	13	4129	0	4165
7154	17	3	5	4197	0	4222
7155	5	4408	11	31	0	4455
7156	10	18	7	4464	0	4499
7157	8	8	3	4430	0	4449
7158	8	8	6	4420	0	4442
7159	4076	4	2	40	0	4122
7160	17	2	3988	20	0	4027
7161	3785	1	20	19	0	3825
7162	16	3987	11	11	0	4025
7163	3834	9	4	15	0	3862
7164	14	3816	8	10	0	3848
7165	13	3777	7	6	0	3803
7166	38	24	16	3677	0	3755
7167	3749	6	23	22	0	3800
7168	18	8	2	3812	0	3840
7169	8	3775	3	25	0	3811
7170	5	3979	4	14	0	4002
7171	8	22	0	4020	0	4050
7172	6	10	1	4025	0	4042
7173	2	4088	3	30	0	4123
7174	4	23	1	4209	0	4237
7175	5	5	0	4265	0	4275
7176	3	4	0	4333	0	4340
7177	4360	4	1	38	0	4403
7178	19	5	4338	14	0	4376
7179	4421	3	17	17	0	4458
7180	4583	3	9	18	0	4613
7181	4551	1	5	15	0	4572
7182	25	4515	5	6	0	4551
7183	15	18	2	4463	0	4498
7184	4482	5	3	26	0	4516
7185	19	7	1	4566	0	4593
7186	4553	1	2	31	0	4587
7187	20	4975	4	9	0	5008
7188	5279	15	3	21	0	5318
7189	5377	4	0	29	0	5410
7190	5470	7	0	20	0	5497
7191	29	4	1	5569	0	5603
7192	16	4	0	5747	0	5767
7193	5823	1	2	41	0	5867
7194	24	5845	8	15	0	5892
7195	9	5888	8	12	0	5917
7196	6154	18	1	18	0	6191
7197	21	12	0	6214	0	6247
7198	17	5	0	6397	0	6419
7199	15	2	2	6538	0	6557
7200	3	6541	3	43	0	6590
7201	6613	22	2	36	0	6673
7202	29	8	5	6709	0	6751
7203	15	6873	5	39	0	6932
7204	14	35	0	7133	0	7182
7205	14	12	3	7260	0	7289
7206	11	9	2	7248	0	7270
7207	12	4	1	7289	0	7306
7208	7298	6	0	70	0	7374
7209	7257	5	0	46	0	7308
7210	7440	6	1	42	0	7489
7211	41	7	0	7545	0	7593
7212	22	17	7554	30	0	7623
7213	16	15	7172	18	0	7221
7214	15	16	7440	15	0	7486
7215	7938	3	32	46	0	8019
7216	34	7	13	8148	0	8202
7217	22	9	7	8134	0	8172
7218	14	6	4	8191	0	8215
7219	8181	4	6	63	0	8254
7220	8108	7	5	58	0	8178
7221	34	8842	15	21	0	8912
7222	19	28	4	9013	0	9064
7223	14	20	8918	34	0	8986
7224	12	9184	35	30	0	9261
7225	22	58	8	9336	0	9424
7226	15	13	6	9421	0	9455
7227	11	10	7	9342	0	9370
7228	19	8	3	9253	0	9283
7229	7	14	9272	42	0	9335
7230	12	21	8916	25	0	8974
7231	7	9549	47	19	0	9622
7232	13	28	11	9645	0	9697
7233	10	7	6	9567	0	9590
7234	9481	7	5	75	0	9568
7235	30	24	9599	21	0	9674
7236	21	8	27	9712	0	9768
7237	28	7	18	10036	0	10089
7238	11	17	10393	37	0	10458
7239	12	10415	41	17	0	10485
7240	10389	32	20	75	0	10516
7241	31	24	10333	12	0	10400
7242	10119	10	28	53	0	10210
7243	36	25	11213	12	0	11286
7244	22	7	33	11475	0	11537
7245	15	32	11641	30	0	11718
7246	14	33	12094	30	0	12171
7247	17	9	39	12513	0	12578
7248	44	28	36	11764	0	11872
7249	11	9	9	13023	0	13052
7250	22	6	8	12999	0	13035
7251	17	20	9	12996	0	13042
7252	14	37	13234	46	0	13331
7253	16	24	12638	29	0	12707
7254	2	13440	63	23	0	13528
7255	13436	31	19	75	0	13561
7256	35	41	6	13581	0	13663
7257	13636	4	6	107	0	13753
7258	49	5	6	13696	0	13756
7259	14251	7	15	120	0	14393
7260	53	10	4	14468	0	14535
7261	22	3	6	14578	0	14609
7262	8	14951	36	70	0	15065
7263	25	66	8	15329	0	15428
7264	24	26	5	15361	0	15416
7265	12	14	14	15348	0	15388
7266	22	12	6	15348	0	15388
7267	3	15126	26	70	0	15225
7268	15067	29	3	100	0	15199
7269	30	15072	35	24	0	15161
7270	26	29	4	15034	0	15093
7271	14863	14	4	105	0	14986
7272	44	36	14624	18	0	14722
7273	24	40	14610	7	0	14681
7274	37	27	62	14711	0	14837
7275	21	5	23	15025	0	15074
7276	15	4	8	15131	0	15158
7277	24	11	11	14761	0	14807
7278	12	12	5	14987	0	15016
7279	6	14761	26	75	0	14868
7280	11	34	5	15023	0	15073
7281	14971	12	7	133	0	15123
7282	48	11	1	15158	0	15218
7283	20	36	15336	54	0	15446
7284	8	8	45	15309	0	15370
7285	15219	2	21	135	0	15377
7286	48	15733	20	35	0	15836
7287	30	48	5	16319	0	16402
7288	31	20	7	16839	0	16897
7289	21	33	16628	134	0	16816
7290	19	50	20378	51	0	20498
7291	24302	10	276	100	0	24688
7292	450	8	101	24624	0	25183
7293	254	9	81	25398	0	25742
7294	146	36	26365	571	0	27118
7295	121	66	26828	328	0	27343
7296	75	26826	663	245	0	27809
7297	87	435	315	26860	0	27697
7298	39	207	26882	518	0	27646
7299	13	26740	660	256	0	27669
7300	26548	522	319	247	0	27636
7301	27077	263	230	205	0	27775
7302	685	196	165	26482	0	27528
7303	340	26658	174	534	0	27706
7304	26670	531	115	315	0	27631
7305	719	275	102	25521	0	26617
7306	365	257	26306	534	0	27462
7307	260	26297	530	397	0	27484
7308	26416	549	255	308	0	27528
7309	26864	256	214	255	0	27589
7310	753	245	162	26311	0	27471
7311	473	169	130	26703	0	27475
7312	321	189	26041	727	0	27278
7313	342	121	545	26210	0	27218
7314	305	105	263	25912	0	26585
7315	263	70	200	26283	0	26816
7316	220	57	173	26316	0	26766
7317	179	89	158	25901	0	26327
7318	118	25347	156	1075	0	26696
7319	25435	452	125	743	0	26755
7320	541	276	25387	532	0	26736
7321	263	24934	563	463	0	26223
7322	361	585	256	25193	0	26395
7323	25106	293	227	752	0	26378
7324	721	219	208	25054	0	26202
7325	429	198	164	25223	0	26014
7326	368	162	124	25411	0	26065
7327	320	113	132	25624	0	26189
7328	225	138	24507	1132	0	26002
7329	160	24521	550	806	0	26037
7330	24579	500	267	730	0	26076
7331	582	288	24473	548	0	25891
7332	377	231	650	24663	0	25921
7333	24573	230	358	800	0	25961
7334	681	24373	365	505	0	25924
7335	24599	586	278	472	0	25935
7336	793	342	261	24143	0	25539
7337	562	284	178	24672	0	25696
7338	517	215	135	24435	0	25302
7339	399	170	122	24588	0	25279
7340	23697	194	101	1240	0	25232
7341	735	164	85	24147	0	25131
7342	502	130	131	24473	0	25236
7343	22842	131	111	1222	0	24306
7344	729	176	22510	769	0	24184
7345	528	143	557	22786	0	24014
7346	21771	113	281	1011	0	23176
7347	22110	101	223	657	0	23091
7348	945	134	185	21527	0	22791
7349	637	93	188	21591	0	22509
7350	459	20758	206	1080	0	22503
7351	439	502	124	21508	0	22573
7352	377	232	104	21388	0	22101
7353	237	216	20295	1222	0	21970
7354	226	175	20297	859	0	21557
7355	180	20039	710	751	0	21680
7356	230	554	398	20308	0	21490
7357	301	277	340	20864	0	21782
7358	20238	253	341	1032	0	21864
7359	668	237	267	20044	0	21216
7360	426	232	19413	1051	0	21122
7361	433	133	604	19946	0	21116
7362	306	171	18863	1115	0	20455
7363	251	147	19158	815	0	20371
7364	286	147	815	18865	0	20113
7365	259	134	502	19537	0	20432
7366	18839	140	381	1124	0	20484
7367	19224	118	365	747	0	20454
7368	846	127	315	19208	0	20496
7369	19228	146	224	997	0	20595
7370	19707	100	194	679	0	20680
7371	1060	110	149	19386	0	20705
7372	768	132	135	19659	0	20694
7373	19225	120	132	1082	0	20559
7374	19721	82	140	785	0	20728
7375	976	71	138	19531	0	20716
7376	602	18831	149	1041	0	20623
7377	599	493	148	19462	0	20702
7378	489	194	129	19909	0	20721
7379	329	193	18841	1226	0	20589
7380	332	155	495	19635	0	20617
7381	18634	128	288	1137	0	20187
7382	629	18569	280	832	0	20310
7383	18650	484	200	740	0	20074
7384	18952	231	172	557	0	19912
7385	19142	201	118	536	0	19997
7386	1128	278	147	17883	0	19436
7387	802	185	16447	776	0	18210
7388	745	161	15983	477	0	17366
7389	434	15805	639	507	0	17385
7390	249	11648	254	314	0	12465
7391	126	7500	132	70	0	7828
7392	120	7251	187	83	0	7641
7393	244	138	6763	78	0	7223
7394	5186	187	254	77	0	5704
7395	53	35	13	5103	0	5204
7396	22	14	5	5054	0	5095
7397	19	12	6	5033	0	5070
7398	15	5043	10	47	0	5115
7399	5091	31	4	34	0	5160
7400	40	19	5120	18	0	5197
7401	12	5001	37	16	0	5066
7402	12	35	18	5087	0	5152
7403	5178	14	13	32	0	5237
7404	34	10	5	5171	0	5220
7405	15	7	5114	37	0	5173
7406	8	10	5103	12	0	5133
7407	11	2	41	5202	0	5256
7408	11	2	12	5220	0	5245
7409	5206	5	5	51	0	5267
7410	36	5	5202	18	0	5261
7411	5169	2	37	18	0	5226
7412	5171	5	12	17	0	5205
7413	53	5	5	5214	0	5277
7414	17	4	5336	34	0	5391
7415	5	8	34	5391	0	5438
7416	5398	9	11	47	0	5465
7417	34	5437	9	19	0	5499
7418	5497	33	8	20	0	5558
7419	38	13	8	5580	0	5639
7420	15	5689	6	50	0	5760
7421	16	41	2	5692	0	5751
7422	9	12	7	5812	0	5840
7423	12	5824	8	56	0	5900
7424	10	40	9	5853	0	5912
7425	12	19	3	5949	0	5983
7426	9	2	7	6024	0	6042
7427	12	8	6004	65	0	6089
7428	6	6014	46	29	0	6095
7429	6067	44	18	27	0	6156
7430	54	15	6	6184	0	6259
7431	21	6359	6	54	0	6440
7432	6594	47	13	24	0	6678
7433	59	14	5	6646	0	6724
7434	29	10	6	6685	0	6730
7435	15	12	4	6554	0	6585
7436	17	7	4	6446	0	6474
7437	6460	6	1	88	0	6555
7438	58	8	2	6549	0	6617
7439	28	6	4	6594	0	6632
7440	6621	7	6	81	0	6715
7441	69	6	4	6649	0	6728
7442	23	10	6581	83	0	6697
7443	21	10	54	6641	0	6726
7444	6474	8	14	78	0	6574
7445	63	10	13	6491	0	6577
7446	21	14	6502	76	0	6613
7447	19	14	6478	41	0	6552
7448	6563	6	68	41	0	6678
7449	6691	9	30	26	0	6756
7450	6715	6	12	32	0	6765
7451	6727	3	11	26	0	6767
7452	92	7	6699	27	0	6825
7453	42	6	63	6610	0	6721
7454	32	7	25	6718	0	6782
7455	6587	3	13	92	0	6695
7456	80	6	10	6587	0	6683
7457	27	8	6490	84	0	6609
7458	31	5	67	6516	0	6619
7459	17	6	6589	71	0	6683
7460	14	6579	68	39	0	6700
7461	6673	53	27	31	0	6784
7462	91	15	12	6623	0	6741
7463	32	11	6527	68	0	6638
7464	33	5	66	6560	0	6664
7465	25	5	19	6729	0	6778
7466	17	8	6717	90	0	6832
7467	21	10	63	6734	0	6828
7468	6690	3	26	113	0	6832
7469	74	7	6537	41	0	6659
7470	6359	5	73	43	0	6480
7471	77	6336	37	29	0	6479
7472	34	62	6283	28	0	6407
7473	35	31	6304	28	0	6398
7474	28	74	90	5887	0	6079
7475	26	5	35	5965	0	6031
7476	15	11	5896	81	0	6003
7477	16	3	64	5945	0	6028
7478	5991	3	25	91	0	6110
7479	6010	3	20	48	0	6081
7480	76	1	20	5965	0	6062
7481	33	3	21	5965	0	6022
7482	32	5966	11	75	0	6084
7483	6105	51	13	40	0	6209
7484	68	17	22	6132	0	6239
7485	30	6160	24	67	0	6281
7486	6204	49	13	47	0	6313
7487	6341	17	17	45	0	6420
7488	73	6441	26	32	0	6572
7489	36	56	15	6453	0	6560
7490	40	15	11	6378	0	6444
7491	30	13	6231	80	0	6354
7492	25	7	57	6162	0	6251
7493	6103	6	21	91	0	6221
7494	75	14	17	6016	0	6122
7495	31	8	5933	77	0	6049
7496	5892	9	52	50	0	6003
7497	76	10	19	5908	0	6013
7498	31	8	5848	74	0	5961
7499	34	10	51	5752	0	5847
7500	25	15	5700	71	0	5811
7501	21	6	58	5719	0	5804
7502	20	5	29	5712	0	5766
7503	5554	7	23	80	0	5664
7504	56	5548	20	48	0	5672
7505	5621	41	13	39	0	5714
7506	5570	15	17	42	0	5644
7507	5579	9	25	26	0	5639
7508	75	5561	17	29	0	5682
7509	38	45	5548	25	0	5656
7510	34	15	52	5545	0	5646
7511	5557	14	26	64	0	5661
7512	5591	5	28	36	0	5660
7513	64	7	14	5498	0	5583
7514	5401	6	16	69	0	5492
7515	66	12	5356	36	0	5470
7516	5349	11	49	36	0	5445
7517	75	12	5310	25	0	5422
7518	41	5164	56	23	0	5284
7519	5106	43	21	30	0	5200
7520	4949	23	25	13	0	5010
7521	67	4883	19	19	0	4988
7522	4785	41	18	27	0	4871
7523	4706	11	9	21	0	4747
7524	56	12	4607	20	0	4695
7525	4505	7	32	29	0	4573
7526	59	8	4474	20	0	4561
7527	29	33	48	4239	0	4349
7528	33	4337	22	38	0	4430
7529	23	42	4312	14	0	4391
7530	4019	66	76	56	0	4217
7531	3942	24	19	18	0	4003
7532	43	10	8	3748	0	3809
7533	19	7	3698	31	0	3755
7534	22	17	27	3694	0	3760
7535	3696	6	12	34	0	3748
7536	44	3741	12	9	0	3806
7537	3645	25	5	13	0	3688
7538	3611	6	8	6	0	3631
7539	33	3605	9	4	0	3651
7540	15	20	6	3530	0	3571
7541	3592	7	4	23	0	3626
7542	25	6	7	3610	0	3648
7543	18	4	2	3758	0	3782
7544	12	5	3807	25	0	3849
7545	10	4	19	3820	0	3853
7546	10	3	9	3802	0	3824
7547	3768	1	6	30	0	3805
7548	3821	3	6	20	0	3850
7549	35	3	3	3821	0	3862
7550	12	7	3791	29	0	3839
7551	8	5	3753	11	0	3777
7552	11	9	23	3741	0	3784
7553	13	5	3829	25	0	3872
7554	12	9	25	3812	0	3858
7555	9	2	10	3825	0	3846
7556	3810	0	12	33	0	3855
7557	23	7	3787	14	0	3831
7558	3721	3	24	19	0	3767
7559	3697	2	9	11	0	3719
7560	25	6	3619	12	0	3662
7561	18	5	3617	7	0	3647
7562	21	86	25	3473	0	3605
7563	8	3439	16	21	0	3484
7564	10	3512	11	10	0	3543
7565	23	19	11	3337	0	3390
7566	6	4	10	3286	0	3306
7567	4	2	6	3321	0	3333
7568	5	3	4	3314	0	3326
7569	3225	5	3	27	0	3260
7570	21	4	3	3245	0	3273
7571	8	2	3235	21	0	3266
7572	14	1	12	3168	0	3195
7573	6	3111	12	25	0	3154
7574	7	14	6	3142	0	3169
7575	3128	3	9	16	0	3156
7576	15	5	3	3144	0	3167
7577	7	3	3131	17	0	3158
7578	5	3071	14	13	0	3103
7579	4	12	4	3084	0	3104
7580	3072	2	3	19	0	3096
7581	3081	2	1	12	0	3096
7582	21	3	8	3095	0	3127
7583	11	4	2962	14	0	2991
7584	4	5	2873	8	0	2890
7585	2916	2	18	9	0	2945
7586	18	3	2966	1	0	2988
7587	7	3	2937	9	0	2956
7588	16	29	24	2806	0	2875
7589	2948	2	13	15	0	2978
7590	2945	0	6	13	0	2964
7591	2949	1	7	8	0	2965
7592	23	3	3066	4	0	3096
7593	12	1	3086	10	0	3109
7594	8	3179	22	8	0	3217
7595	9	13	12	3169	0	3203
7596	8	5	5	3190	0	3208
7597	5	3	6	3179	0	3193
7598	6	3	6	3191	0	3206
7599	2	2	3195	24	0	3223
7600	4	3229	16	13	0	3262
7601	3348	12	6	12	0	3378
7602	3644	6	4	8	0	3662
7603	3651	3	4	8	0	3666
7604	30	3688	6	7	0	3731
7605	16	27	4	3673	0	3720
7606	3781	7	3	25	0	3816
7607	31	3860	4	10	0	3905
7608	3822	24	3	13	0	3862
7609	31	3794	6	7	0	3838
7610	3805	34	2	11	0	3852
7611	3838	9	4	10	0	3861
7612	37	9	3	3889	0	3938
7613	20	4	2	4034	0	4060
7614	14	5	4021	40	0	4080
7615	7	8	3944	20	0	3979
7616	4018	2	37	12	0	4069
7617	4084	6	19	6	0	4115
7618	45	5	10	4011	0	4071
7619	26	3	5	4044	0	4078
7620	17	4	3995	42	0	4058
7621	12	6	31	3967	0	4016
7622	13	3	3975	42	0	4033
7623	11	10	37	3957	0	4015
7624	13	8	13	4022	0	4056
7625	3997	4	14	48	0	4063
7626	3975	7	6	26	0	4014
7627	59	4	4	3963	0	4030
7628	28	4	5	3956	0	3993
7629	18	7	3899	53	0	3977
7630	18	3	35	3944	0	4000
7631	11	2	3945	50	0	4008
7632	3939	4	46	20	0	4009
7633	45	4	16	3973	0	4038
7634	3948	2	15	43	0	4008
7635	52	3914	10	28	0	4004
7636	3923	35	10	26	0	3994
7637	49	12	11	3897	0	3969
7638	28	11	8	3889	0	3936
7639	24	3844	12	51	0	3931
7640	23	35	4	3894	0	3956
7641	16	21	3814	53	0	3904
7642	20	14	36	3798	0	3868
7643	11	3	3664	61	0	3739
7644	8	3515	49	35	0	3607
7645	11	37	20	3547	0	3615
7646	14	13	3514	50	0	3591
7647	11	15	3487	30	0	3543
7648	25	22	48	3366	0	3461
7649	3334	5	38	49	0	3426
7650	38	6	3311	32	0	3387
7651	22	6	39	3317	0	3384
7652	3326	9	18	49	0	3402
7653	46	3239	17	27	0	3329
7654	3357	34	9	22	0	3422
7655	54	16	6	3354	0	3430
7656	24	15	7	3393	0	3439
7657	20	5	5	3418	0	3448
7658	3374	8	11	65	0	3458
7659	41	5	8	3434	0	3488
7660	21	4	17	3476	0	3518
7661	3327	7	12	63	0	3409
7662	40	6	3342	37	0	3425
7663	20	5	50	3361	0	3436
7664	23	8	3340	48	0	3419
7665	3327	5	46	31	0	3409
7666	44	7	19	3376	0	3446
7667	22	10	3404	46	0	3482
7668	3377	6	38	28	0	3449
7669	3425	1	14	33	0	3473
7670	48	5	3493	27	0	3573
7671	36	8	39	3493	0	3576
7672	19	6	19	3553	0	3597
7673	16	11	3570	55	0	3652
7674	16	3592	41	35	0	3684
7675	15	34	3641	27	0	3717
7676	3552	18	46	32	0	3648
7677	45	10	3699	22	0	3776
7678	3613	8	48	21	0	3690
7679	45	3	3696	23	0	3767
7680	3661	4	48	25	0	3738
7681	53	3721	25	19	0	3818
7682	29	37	18	3682	0	3766
7683	21	13	14	3756	0	3804
7684	20	16	3750	54	0	3840
7685	19	10	42	3644	0	3715
7686	14	3658	24	51	0	3747
7687	3534	27	16	25	0	3602
7688	33	3543	14	31	0	3621
7689	16	31	11	3604	0	3662
7690	3617	8	11	39	0	3675
7691	39	3683	9	30	0	3761
7692	3602	30	13	29	0	3674
7693	51	12	3660	16	0	3739
7694	17	8	44	3655	0	3724
7695	19	4	17	3686	0	3726
7696	16	4	19	3718	0	3757
7697	3714	6	10	58	0	3788
7698	3758	6	13	31	0	3808
7699	3753	0	16	24	0	3793
7700	3676	8	14	20	0	3718
7701	58	4	3492	9	0	3563
7702	3133	2	26	10	0	3171
7703	32	3148	14	10	0	3204
7704	11	3133	9	2	0	3155
7705	3141	29	57	7	0	3234
7706	3212	3	12	7	0	3234
7707	30	2	4	3103	0	3139
7708	3167	3	5	33	0	3208
7709	3212	5	3	11	0	3231
7710	3422	4	0	8	0	3434
7711	29	2	6	3416	0	3453
7712	8	3382	5	24	0	3419
7713	6	3356	4	3	0	3369
7714	7	32	2	3333	0	3374
7715	3308	0	3	28	0	3339
7716	22	3363	2	4	0	3391
7717	5	24	1	3351	0	3381
7718	4	2	3423	23	0	3452
7719	3330	2	21	7	0	3360
7720	25	3489	3	5	0	3522
7721	4	3557	3	6	0	3570
7722	3524	21	6	7	0	3558
7723	26	4	3574	4	0	3608
7724	6	5	20	3563	0	3594
7725	3	3608	4	18	0	3633
7726	11	20	0	3638	0	3669
7727	6	4	3	3634	0	3647
7728	5	3594	5	24	0	3628
7729	5	26	4	3708	0	3743
7730	11	2	0	3741	0	3754
7731	3701	2	3	27	0	3733
7732	25	3700	0	9	0	3734
7733	3739	25	1	8	0	3773
7734	21	9	6	3736	0	3772
7735	9	3816	3	25	0	3853
7736	5	31	3840	2	0	3878
7737	7	5	23	3898	0	3933
7738	7	5	6	3977	0	3995
7739	6	6	4009	25	0	4046
7740	3966	4	29	14	0	4013
7741	33	7	1	4296	0	4337
7742	4295	6	1	45	0	4347
7743	38	9	4265	8	0	4320
7744	13	4	36	4321	0	4374
7745	7	10	4525	44	0	4586
7746	12	4	38	4583	0	4637
7747	6	6	9	4662	0	4683
7748	4617	4	1	50	0	4672
7749	38	4692	11	14	0	4755
7750	4697	39	3	16	0	4755
7751	48	6	4738	7	0	4799
7752	8	6	38	4779	0	4831
7753	11	7	4896	40	0	4954
7754	4670	6	42	18	0	4736
7755	4888	5	9	16	0	4918
7756	47	6	4909	8	0	4970
7757	4912	6	42	20	0	4980
7758	5024	3	6	14	0	5047
7759	47	3	10	5029	0	5089
7760	11	5	4956	50	0	5022
7761	20	9	5123	8	0	5160
7762	15	5	48	5139	0	5207
7763	19	4	6	5169	0	5198
7764	10	5071	23	45	0	5149
7765	11	5159	11	18	0	5199
7766	5161	41	9	20	0	5231
7767	44	8	10	5197	0	5259
7768	17	5154	9	44	0	5224
7769	15	5256	11	9	0	5291
7770	5172	42	6	18	0	5238
7771	56	10	8	5246	0	5320
7772	12	5297	13	42	0	5364
7773	14	47	7	5276	0	5344
7774	21	7	9	5257	0	5294
7775	11	9	5	5258	0	5283
7776	5212	10	5	57	0	5284
7777	52	5170	8	20	0	5250
7778	22	44	4	5214	0	5284
7779	20	12	4	5236	0	5272
7780	22	9	7	5242	0	5280
7781	11	14	5106	56	0	5187
7782	5035	8	47	20	0	5110
7783	54	9	11	5133	0	5207
7784	5055	8	9	60	0	5132
7785	5073	11	10	21	0	5115
7786	5084	6	8	23	0	5121
7787	59	9	5075	15	0	5158
7788	13	5021	44	18	0	5096
7789	23	51	14	4882	0	4970
7790	14	13	4892	47	0	4966
7791	9	13	4798	24	0	4844
7792	16	17	40	4728	0	4801
7793	10	4658	15	39	0	4722
7794	4739	39	12	19	0	4809
7795	4821	7	11	16	0	4855
7796	4853	6	4	25	0	4888
7797	4844	6	6	17	0	4873
7798	52	10	4853	9	0	4924
7799	4821	7	40	13	0	4881
7800	44	4940	18	15	0	5017
7801	14	35	8	5017	0	5074
7802	15	6	7	5057	0	5085
7803	5049	8	10	48	0	5115
7804	47	9	9	5040	0	5105
7805	24	1	4977	44	0	5046
7806	4830	8	41	23	0	4902
7807	4957	5	11	15	0	4988
7808	4924	10	9	15	0	4958
7809	50	6	4894	11	0	4961
7810	4670	4	45	13	0	4732
7811	39	4718	14	14	0	4785
7812	4737	34	15	23	0	4809
7813	44	16	8	4681	0	4749
7814	17	5	6	4747	0	4775
7815	12	4713	12	41	0	4778
7816	17	40	5	4729	0	4791
7817	7	4750	9	44	0	4810
7818	14	33	2	4698	0	4747
7819	11	4671	8	31	0	4721
7820	20	30	6	4652	0	4708
7821	9	4681	3	36	0	4729
7822	11	30	3	4870	0	4914
7823	7	4918	5	34	0	4964
7824	5189	36	4	21	0	5250
7825	47	7	5	5280	0	5339
7826	18	8	2	5367	0	5395
7827	12	9	3	5597	0	5621
7828	12	5	5	5652	0	5674
7829	9	8	5736	67	0	5820
7830	17	4	48	5760	0	5829
7831	14	6	14	5823	0	5857
7832	5765	7	8	67	0	5847
7833	5733	7	2	40	0	5782
7834	60	5823	8	21	0	5912
7835	32	44	6	5860	0	5942
7836	19	22	2	6135	0	6178
7837	6341	10	3	78	0	6432
7838	56	5	6272	37	0	6370
7839	6171	9	43	29	0	6252
7840	61	6251	17	22	0	6351
7841	6013	35	11	19	0	6078
7842	6010	16	7	12	0	6045
7843	60	5954	7	13	0	6034
7844	30	6027	6	8	0	6071
7845	41	55	11	5776	0	5883
7846	11	27	5760	40	0	5838
7847	5699	16	37	22	0	5774
7848	43	14	5724	13	0	5794
7849	5605	4	46	17	0	5672
7850	51	8	5659	14	0	5732
7851	22	5597	52	8	0	5679
7852	28	35	17	5607	0	5687
7853	5469	18	13	44	0	5544
7854	5502	20	6	18	0	5546
7855	69	6	6	5509	0	5590
7856	5687	8	6	44	0	5745
7857	5664	10	6	26	0	5706
7858	69	5612	9	19	0	5709
7859	5641	44	10	16	0	5711
7860	61	5676	10	11	0	5758
7861	42	51	5	5651	0	5749
7862	5682	18	7	56	0	5763
7863	5749	15	10	27	0	5801
7864	5764	11	4	25	0	5804
7865	74	11	5378	337	0	5800
7866	40	9	5779	19	0	5847
7867	37	4	61	5825	0	5927
7868	26	9	26	6038	0	6099
7869	17	6190	20	75	0	6302
7870	6192	54	10	31	0	6287
7871	75	24	11	6125	0	6235
7872	33	16	4	6171	0	6224
7873	28	14	6143	72	0	6257
7874	16	6079	57	31	0	6183
7875	15	6163	27	27	0	6232
7876	27	69	16	6135	0	6247
7877	6055	29	8	64	0	6156
7878	67	18	7	6037	0	6129
7879	37	11	10	6115	0	6173
7880	6112	13	6	76	0	6207
7881	6145	11	6	49	0	6211
7882	85	6	8	6136	0	6235
7883	42	14	6139	65	0	6260
7884	43	6	56	6150	0	6255
7885	22	8	18	6240	0	6288
7886	6175	6	20	93	0	6294
7887	75	5	17	6171	0	6268
7888	6182	6	5	98	0	6291
7889	82	9	6200	41	0	6332
7890	52	6	61	6301	0	6420
7891	47	5	23	6376	0	6451
7892	23	9	16	6414	0	6462
7893	23	6	10	6368	0	6407
7894	25	10	11	6294	0	6340
7895	24	15	6121	107	0	6267
7896	6076	8	68	56	0	6208
7897	89	6	20	6107	0	6222
7898	31	9	6017	87	0	6144
7899	33	10	6034	37	0	6114
7900	32	10	82	5931	0	6055
7901	5875	11	28	88	0	6002
7902	5900	12	20	45	0	5977
7903	5942	9	19	48	0	6018
7904	104	7	19	5823	0	5953
7905	47	5832	15	86	0	5980
7906	5908	54	20	49	0	6031
7907	5885	16	17	47	0	5965
7908	5861	25	21	29	0	5936
7909	5800	21	13	25	0	5859
7910	108	11	11	5702	0	5832
7911	57	6	5650	92	0	5805
7912	56	9	70	5614	0	5749
7913	30	17	5623	101	0	5771
7914	5540	10	71	48	0	5669
7915	5587	5	28	50	0	5670
7916	96	18	5475	26	0	5615
7917	5440	6	67	41	0	5554
7918	5610	20	30	38	0	5698
7919	102	10	27	5523	0	5662
7920	67	5514	19	82	0	5682
7921	5501	56	10	51	0	5618
7922	95	68	15	5217	0	5395
7923	56	5165	14	73	0	5308
7924	46	61	12	4965	0	5084
7925	27	20	4933	80	0	5060
7926	33	4937	59	34	0	5063
7927	4676	62	28	51	0	4817
7928	4599	24	43	41	0	4707
7929	4482	12	12	24	0	4530
7930	4500	7	13	29	0	4549
7931	77	17	11	4421	0	4526
7932	42	4397	17	52	0	4508
7933	4378	33	15	26	0	4452
7934	60	16	4295	26	0	4397
7935	38	4198	46	21	0	4303
7936	34	36	3884	20	0	3974
7937	34	22	44	3538	0	3638
7938	20	3480	16	38	0	3554
7939	22	30	12	3592	0	3656
7940	17	13	3713	43	0	3786
7941	26	14	32	3687	0	3759
7942	27	3	10	3749	0	3789
7943	20	4	16	3749	0	3789
7944	3667	7	9	49	0	3732
7945	45	3698	9	24	0	3776
7946	26	27	12	3687	0	3752
7947	3646	7	6	43	0	3702
7948	45	3671	10	14	0	3740
7949	3670	30	3	27	0	3730
7950	51	10	3764	13	0	3838
7951	27	12	32	3711	0	3782
7952	25	3723	10	38	0	3796
7953	3734	35	13	17	0	3799
7954	45	6	3678	22	0	3751
7955	17	3600	40	8	0	3665
7956	29	26	9	3407	0	3471
7957	14	6	8	3417	0	3445
7958	3379	10	5	30	0	3424
7959	38	5	7	3347	0	3397
7960	18	5	3275	28	0	3326
7961	20	5	20	3170	0	3215
7962	12	11	3307	28	0	3358
7963	22	12	22	3228	0	3284
7964	15	3299	10	26	0	3350
7965	3260	26	14	15	0	3315
7966	3184	6	4	16	0	3210
7967	26	3044	7	6	0	3083
7968	10	2887	7	3	0	2907
7969	35	11	11	2729	0	2786
7970	2735	3	8	11	0	2757
7971	11	2	3	2740	0	2756
7972	2716	6	4	18	0	2744
7973	11	2716	6	7	0	2740
7974	5	10	1	2778	0	2794
7975	10	4	2918	8	0	2940
7976	4	4	11	2936	0	2955
7977	7	4	2	2952	0	2965
7978	3030	2	2	17	0	3051
7979	13	3134	3	9	0	3159
7980	3	14	3	3135	0	3155
7981	3147	3	0	14	0	3164
7982	11	4	3136	3	0	3154
7983	3144	4	7	5	0	3160
7984	12	8	2	3169	0	3191
7985	2	3279	4	5	0	3290
7986	3286	8	0	7	0	3301
7987	13	3	3363	2	0	3381
7988	6	3	3330	3	0	3342
7989	5	3353	5	2	0	3365
7990	3264	3	20	3	0	3290
7991	6	1	1	3301	0	3309
7992	1	0	0	3322	0	3323
7993	3351	0	0	8	0	3359
7994	6	1	3366	1	0	3374
7995	4	0	5	3423	0	3432
7996	1	4	3568	5	0	3578
7997	1	0	5	3580	0	3586
7998	0	3645	4	26	0	3675
7999	2	6	0	3715	0	3723
8000	0	5	3704	6	0	3715
8001	3694	0	11	11	0	3716
8002	12	2	3	3766	0	3783
8003	2	0	3804	13	0	3819
8004	1	1	11	3782	0	3795
8005	2	0	3	3799	0	3804
8006	1	4	3801	11	0	3817
8007	3	1	3863	5	0	3872
8008	1	3	13	3967	0	3984
8009	3	1	3968	12	0	3984
8010	3998	1	14	8	0	4021
8011	14	0	3	4036	0	4053
8012	4028	2	2	18	0	4050
8013	14	2	4039	2	0	4057
8014	5	1	15	4133	0	4154
8015	3	5	4422	15	0	4445
8016	4	4416	13	4	0	4437
8017	1	15	4472	3	0	4491
8018	2	5	4333	4	0	4344
8019	4306	1	21	5	0	4333
8020	4377	0	5	8	0	4390
8021	19	3	4514	1	0	4537
8022	3	2	14	4541	0	4560
8023	2	4	6	4667	0	4679
8024	4	4	4731	19	0	4758
8025	1	4635	25	6	0	4667
8026	4586	19	5	6	0	4616
8027	18	7	4782	2	0	4809
8028	7	1	22	4846	0	4876
8029	1	2	4	4915	0	4922
8030	4953	0	5	25	0	4983
8031	4998	1	3	9	0	5011
8032	5036	0	5	4	0	5045
8033	5047	1	3	9	0	5060
8034	28	0	8	5036	0	5072
8035	9	5	5219	24	0	5257
8036	4	2	26	5226	0	5258
8037	11	2	6	5284	0	5303
8038	3	1	7	5410	0	5421
8039	6	5	5360	30	0	5401
8040	5226	2	29	11	0	5268
8041	33	1	9	5368	0	5411
8042	7	7	5493	26	0	5533
8043	5	5616	27	11	0	5659
8044	2	23	9	5727	0	5761
8045	5	4	7	5753	0	5769
8046	5730	2	2	38	0	5772
8047	28	5872	8	10	0	5918
8048	5	31	5904	3	0	5943
8049	4	6	29	5894	0	5933
8050	8	3	5	5834	0	5850
8051	5804	1	6	36	0	5847
8052	5796	3	4	13	0	5816
8053	36	1	2	5865	0	5904
8054	5852	2	3	30	0	5887
8055	29	5875	9	8	0	5921
8056	10	27	6074	5	0	6116
8057	11	6	27	6122	0	6166
8058	7	2	6	6200	0	6215
8059	6	2	4	6206	0	6218
8060	7	2	5	6147	0	6161
8061	4	6120	9	34	0	6167
8062	6026	24	7	12	0	6069
8063	31	6	3	6080	0	6120
8064	8	6317	6	33	0	6364
8065	6372	24	7	16	0	6419
8066	6390	7	5	17	0	6419
8067	32	6580	6	8	0	6626
8068	15	34	2	6682	0	6733
8069	6	5	6	6725	0	6742
8070	10	7	1	6724	0	6742
8071	7	2	3	6766	0	6778
8072	6931	0	5	55	0	6991
8073	7020	2	3	21	0	7046
8074	44	7048	4	13	0	7109
8075	13	42	6987	4	0	7046
8076	10	9	38	7043	0	7100
8077	7080	4	9	46	0	7139
8078	43	7018	6	18	0	7085
8079	14	7013	8	8	0	7043
8080	7155	44	2	11	0	7212
8081	7268	8	6	13	0	7295
8082	60	7	2	7251	0	7320
8083	16	5	7440	49	0	7510
8084	9	11	7580	11	0	7611
8085	7769	7	57	16	0	7849
8086	7993	1	14	17	0	8025
8087	7934	3	4	17	0	7958
8088	7884	5	4	12	0	7905
8089	7849	4	18	17	0	7888
8090	57	8000	8	9	0	8074
8091	24	55	1	7959	0	8039
8092	13	8357	8	45	0	8423
8093	8466	52	8	28	0	8554
8094	8484	22	10	21	0	8537
8095	8525	4	1	21	0	8551
8096	8423	4	5	18	0	8450
8097	52	8414	8	5	0	8479
8098	8378	41	10	16	0	8445
8099	52	8471	6	7	0	8536
8100	23	50	3	8516	0	8592
8101	8473	10	4	60	0	8547
8102	48	14	8708	13	0	8783
8103	24	7	36	8671	0	8738
8104	31	7	9	8874	0	8921
8105	16	12	8893	43	0	8964
8106	13	8910	47	17	0	8987
8107	8871	41	9	33	0	8954
8108	8832	12	7	25	0	8876
8109	45	8822	14	18	0	8899
8110	19	39	2	8905	0	8965
8111	23	19	9157	39	0	9238
8112	15	9461	42	14	0	9532
8113	9471	43	11	31	0	9556
8114	50	18	9463	4	0	9535
8115	8960	9	41	19	0	9029
8116	9207	6	11	26	0	9250
8117	53	11	9529	5	0	9598
8118	20	9634	43	9	0	9706
8119	33	51	12	9727	0	9823
8120	15	20	9769	37	0	9841
8121	9406	15	40	27	0	9488
8122	9596	4	11	21	0	9632
8123	44	9642	17	14	0	9717
8124	25	36	4	9624	0	9689
8125	26	17	3	9742	0	9788
8126	16	16	9841	40	0	9913
8127	21	9967	35	13	0	10036
8128	10370	38	12	54	0	10474
8129	10518	15	6	38	0	10577
8130	10655	19	10	41	0	10725
8131	44	18	10650	6	0	10718
8132	10540	7	33	30	0	10610
8133	10771	10	7	27	0	10815
8134	50	6	6	10844	0	10906
8135	19	13	10736	30	0	10798
8136	27	10	30	10743	0	10810
8137	19	27	10863	27	0	10936
8138	16	21	33	10767	0	10837
8139	16	10931	22	36	0	11005
8140	19	11500	22	29	0	11570
8141	21	37	12	11663	0	11733
8142	22	21	8	11537	0	11588
8143	11603	9	8	77	0	11697
8144	36	23	11554	19	0	11632
8145	11365	12	35	38	0	11450
8146	43	11781	23	11	0	11858
8147	11761	33	4	35	0	11833
8148	11807	11	4	40	0	11862
8149	51	15	8	11849	0	11923
8150	25	25	12299	33	0	12382
8151	27	8	34	12348	0	12417
8152	11	13048	26	57	0	13142
8153	19	44	7	13154	0	13224
8154	21	19	5	13221	0	13266
8155	13149	7	11	93	0	13260
8156	58	8	6	13045	0	13117
8157	24	13000	18	55	0	13097
8158	25	49	5	13230	0	13309
8159	13338	22	5	83	0	13448
8160	59	13535	17	27	0	13638
8161	35	53	11	13782	0	13881
8162	20	26	4	13851	0	13901
8163	25	12	9	14226	0	14272
8164	17	13	7	14155	0	14192
8165	14301	13	10	128	0	14452
8166	86	8	10	14497	0	14601
8167	39	8	6	14620	0	14673
8168	47	8	2	14884	0	14941
8169	17	15082	16	116	0	15231
8170	15063	84	16	73	0	15236
8171	91	48	15122	39	0	15300
8172	32	14967	88	24	0	15111
8173	14738	90	27	49	0	14904
8174	97	42	15067	16	0	15222
8175	23	15139	96	21	0	15279
8176	36	121	30	15001	0	15188
8177	14	15196	32	89	0	15331
8178	17	95	15143	20	0	15275
8179	6	56	15215	29	0	15306
8180	8	15269	97	36	0	15410
8181	15217	77	36	50	0	15380
8182	15273	29	24	31	0	15357
8183	99	34	14904	11	0	15048
8184	49	36	14378	6	0	14469
8185	24	36	14653	11	0	14724
8186	32	11	110	14669	0	14822
8187	28	8	41	14709	0	14786
8188	20	7	30	15006	0	15063
8189	2	33	15345	127	0	15507
8190	27	15	86	15160	0	15288
8191	34	13	26	15312	0	15385
8192	11	19	15280	118	0	15428
8193	15175	13	104	83	0	15375
8194	119	15	32	15917	0	16083
8195	50	12	18	15902	0	15982
8196	29	16100	37	148	0	16314
8197	16101	104	35	79	0	16319
8198	118	50	16041	29	0	16238
8199	15926	26	113	59	0	16124
8200	150	13	35	16112	0	16310
8201	43	46	16263	125	0	16477
8202	47	13	123	16171	0	16354
8203	16202	13	46	186	0	16447
8204	128	27	16237	50	0	16442
8205	16055	13	130	82	0	16280
8206	16243	12	83	49	0	16387
8207	16485	10	33	54	0	16582
8208	164	16369	45	53	0	16631
8209	89	112	25	16823	0	17049
8210	17328	32	23	163	0	17546
8211	17300	24	32	83	0	17439
8212	17438	17	319	81	0	17855
8213	219	29	17481	39	0	17768
8214	17943	10	166	57	0	18176
8215	253	12	58	18649	0	18972
8216	82	34	18676	193	0	18985
8217	87	10	202	19094	0	19393
8218	69	11	64	19228	0	19372
8219	53	35	19361	270	0	19719
8220	73	13	236	19426	0	19748
8221	56	15	80	20079	0	20230
8222	30	45	21188	322	0	21585
8223	21747	13	296	170	0	22226
8224	23048	9	114	131	0	23302
8225	460	11	95	23352	0	23918
8226	186	31	23337	345	0	23899
8227	186	7	366	22985	0	23544
8228	147	22752	131	405	0	23435
8229	166	290	109	22734	0	23299
8230	135	85	99	22952	0	23271
8231	22595	72	101	541	0	23309
8232	22733	58	58	332	0	23181
8233	22953	61	72	268	0	23354
8234	549	52	65	22738	0	23404
8235	300	46	50	22920	0	23316
8236	242	51	22426	522	0	23241
8237	257	50	343	22207	0	22857
8238	208	22399	147	517	0	23271
8239	22441	304	122	312	0	23179
8240	420	21855	127	271	0	22673
8241	21972	365	118	248	0	22703
8242	477	162	88	21546	0	22273
8243	214	21610	91	474	0	22389
8244	21650	384	75	266	0	22375
8245	21835	197	73	221	0	22326
8246	601	144	56	21431	0	22232
8247	289	21402	70	492	0	22253
8248	308	411	47	21428	0	22194
8249	244	158	21208	501	0	22111
8250	20798	135	346	282	0	21561
8251	458	20835	144	259	0	21696
8252	20276	384	113	215	0	20988
8253	538	154	83	20269	0	21044
8254	20448	156	107	458	0	21169
8255	546	129	20612	231	0	21518
8256	20981	112	380	228	0	21701
8257	21404	88	146	198	0	21836
8258	637	117	20892	248	0	21894
8259	465	66	411	20707	0	21649
8260	367	55	183	20936	0	21541
8261	20551	85	142	577	0	21355
8262	551	20165	180	331	0	21227
8263	351	445	166	19803	0	20765
8264	296	167	19682	511	0	20656
8265	241	153	19462	291	0	20147
8266	221	19175	424	302	0	20122
8267	241	402	18994	274	0	19911
8268	18429	208	494	265	0	19396
8269	481	168	258	18202	0	19109
8270	18329	111	201	470	0	19111
8271	465	145	18268	234	0	19112
8272	314	101	449	18190	0	19054
8273	268	108	213	18465	0	19054
8274	234	114	18010	512	0	18870
8275	296	86	397	17918	0	18697
8276	17809	106	217	515	0	18647
8277	18003	73	154	355	0	18585
8278	535	61	165	17755	0	18516
8279	17590	57	170	530	0	18347
8280	17709	91	110	332	0	18242
8281	623	17195	141	258	0	18217
8282	420	304	122	17285	0	18131
8283	17426	129	102	513	0	18170
8284	600	131	102	17319	0	18152
8285	17241	99	108	518	0	17966
8286	587	123	92	17077	0	17879
8287	351	115	16937	545	0	17948
8288	303	16830	374	315	0	17822
8289	302	369	170	15486	0	16327
8290	298	16326	152	448	0	17224
8291	16264	373	159	296	0	17092
8292	466	15654	168	257	0	16545
8293	262	15531	120	248	0	16161
8294	312	436	136	14968	0	15852
8295	14966	282	117	446	0	15811
8296	455	188	92	14879	0	15614
8297	14813	184	96	469	0	15562
8298	14989	182	84	293	0	15548
8299	511	14710	95	272	0	15588
8300	14874	362	101	220	0	15557
8301	14864	164	93	239	0	15360
8302	14903	150	94	193	0	15340
8303	651	137	14204	167	0	15159
8304	435	122	311	14072	0	14940
8305	431	87	143	14299	0	14960
8306	339	125	13984	455	0	14903
8307	13942	93	351	284	0	14670
8308	14144	82	195	266	0	14687
8309	13844	68	141	253	0	14306
8310	13158	67	147	236	0	13608
8311	554	12524	134	225	0	13437
8312	12149	242	82	167	0	12640
8313	569	128	86	11793	0	12576
8314	400	99	11207	315	0	12021
8315	10797	71	213	158	0	11239
8316	475	10568	117	128	0	11288
8317	9943	219	93	132	0	10387
8318	359	9662	71	151	0	10243
8319	252	9159	93	137	0	9641
8320	218	9060	93	127	0	9498
8321	217	8656	160	138	0	9171
8322	222	233	7102	114	0	7671
8323	177	446	220	5788	0	6631
8324	56	42	5345	108	0	5551
8325	4621	21	75	43	0	4760
8326	74	4551	35	29	0	4689
8327	47	4551	19	24	0	4641
8328	32	80	17	4432	0	4561
8329	36	29	9	4486	0	4560
8330	32	29	4404	77	0	4542
8331	25	30	4399	32	0	4486
8332	35	29	68	4324	0	4456
8333	29	10	4318	73	0	4430
8334	29	4260	66	37	0	4392
8335	32	55	25	4256	0	4368
8336	46	26	14	4376	0	4462
8337	31	21	4301	72	0	4425
8338	43	15	54	4124	0	4236
8339	4164	14	19	67	0	4264
8340	78	9	12	4095	0	4194
8341	36	13	24	4072	0	4145
8342	25	5	4023	88	0	4141
8343	3962	12	60	52	0	4086
8344	63	4029	38	27	0	4157
8345	45	48	12	3937	0	4042
8346	41	24	3923	60	0	4048
8347	45	13	53	3918	0	4029
8348	3956	12	19	66	0	4053
8349	77	13	3960	31	0	4081
8350	49	23	64	3944	0	4080
8351	27	17	3999	70	0	4113
8352	24	4012	66	43	0	4145
8353	43	54	3957	17	0	4071
8354	20	3860	54	18	0	3952
8355	28	47	3385	15	0	3475
8356	22	67	47	2960	0	3096
8357	5	3002	18	24	0	3049
8358	2849	26	5	12	0	2892
8359	26	10	3	2864	0	2903
8360	2900	6	5	25	0	2936
8361	27	3	3	2997	0	3030
8362	18	4	1	3041	0	3064
8363	3046	2	4	32	0	3084
8364	3097	2	2	17	0	3118
8365	36	4	4	3212	0	3256
8366	12	6	3276	29	0	3323
8367	11	3288	29	10	0	3338
8368	8	30	3342	6	0	3386
8369	5	3360	32	3	0	3400
8370	3285	26	13	8	0	3332
8371	23	11	3228	1	0	3263
8372	10	6	3203	2	0	3221
8373	10	3	29	3155	0	3197
8374	3144	4	13	23	0	3184
8375	22	3	3296	14	0	3335
8376	10	3412	26	5	0	3453
8377	3459	22	10	5	0	3496
8378	3493	6	2	4	0	3505
8379	3534	3	4	3	0	3544
8380	3528	3	4	3	0	3538
8381	3516	4	3	7	0	3530
8382	38	7	3484	1	0	3530
8383	13	18	22	3355	0	3408
8384	8	3414	10	21	0	3453
8385	3418	25	5	10	0	3458
8386	24	3449	7	2	0	3482
8387	3349	19	2	9	0	3379
8388	3328	9	5	2	0	3344
8389	28	3330	4	4	0	3366
8390	3401	19	3	3	0	3426
8391	28	6	3	3411	0	3448
8392	11	4	1	3456	0	3472
8393	8	5	3411	25	0	3449
8394	6	3521	21	10	0	3558
8395	7	19	7	3537	0	3570
8396	4	7	5	3561	0	3577
8397	3	3	3	3542	0	3551
8398	6	7	3467	27	0	3507
8399	3355	0	20	12	0	3387
8400	23	2	6	3488	0	3519
8401	3521	0	11	26	0	3558
8402	25	5	3	3542	0	3575
8403	11	6	3637	21	0	3675
8404	7	7	3712	12	0	3738
8405	3659	4	25	10	0	3698
8406	3716	0	15	7	0	3738
8407	30	3690	12	3	0	3735
8408	12	24	3727	5	0	3768
8409	12	10	22	3749	0	3793
8410	8	8	13	3589	0	3618
8411	3905	4	4	36	0	3949
8412	3903	3	5	16	0	3927
8413	3919	1	2	8	0	3930
8414	34	5	3889	5	0	3933
8415	4004	2	22	4	0	4032
8416	33	2	8	4009	0	4052
8417	12	3	10	4043	0	4068
8418	8	1	5	4057	0	4071
8419	3	4023	4	34	0	4064
8420	3964	22	2	16	0	4004
8421	25	13	0	3943	0	3981
8422	12	6	3945	23	0	3986
8423	13	2	20	3929	0	3964
8424	3	3963	12	22	0	4000
8425	3984	21	4	10	0	4019
8426	23	8	1	3974	0	4006
8427	12	3	3	3960	0	3978
8428	6	9	4002	28	0	4045
8429	7	2	25	4030	0	4064
8430	4	4077	9	30	0	4120
8431	5	18	3	4137	0	4163
8432	6	9	4162	29	0	4206
8433	4032	6	22	15	0	4075
8434	4174	3	11	7	0	4195
8435	28	4218	7	13	0	4266
8436	4146	16	3	11	0	4176
8437	4282	4	2	9	0	4297
8438	27	4274	8	3	0	4312
8439	14	26	4	4341	0	4385
8440	4429	10	5	29	0	4473
8441	29	4511	2	12	0	4554
8442	11	31	4592	8	0	4642
8443	4589	10	34	8	0	4641
8444	4778	3	7	13	0	4801
8445	4789	4	5	14	0	4812
8446	4794	2	0	15	0	4811
8447	39	4891	5	6	0	4941
8448	4926	25	2	13	0	4966
8449	5032	5	4	10	0	5051
8450	5083	5	1	8	0	5097
8451	45	1	2	5136	0	5184
8452	5124	1	0	36	0	5161
8453	32	5323	7	11	0	5373
8454	7	37	5558	7	0	5609
8455	16	15	39	5815	0	5885
8456	5911	6	7	52	0	5976
8457	53	4	5916	10	0	5983
8458	16	8	48	5933	0	6005
8459	11	8	5930	52	0	6001
8460	6	5947	59	12	0	6024
8461	15	53	11	5845	0	5924
8462	4	16	5912	58	0	5990
8463	8	5907	50	18	0	5983
8464	17	56	11	5841	0	5925
8465	5861	10	18	53	0	5942
8466	5919	9	5	13	0	5946
8467	5908	6	4	17	0	5935
8468	5862	4	6	15	0	5887
8469	5840	3	4	13	0	5860
8470	63	5	5843	7	0	5918
8471	5861	2	50	14	0	5927
8472	5977	1	12	9	0	5999
8473	66	6	9	5914	0	5995
8474	5928	6	5	62	0	6001
8475	5794	3	5	20	0	5822
8476	58	5722	10	13	0	5803
8477	27	48	10	5768	0	5853
8478	20	12	5	5800	0	5837
8479	5784	6	3	70	0	5863
8480	65	5789	11	16	0	5881
8481	24	5927	7	12	0	5970
8482	26	54	7	5980	0	6067
8483	16	19	7	6019	0	6061
8484	19	9	6	5985	0	6019
8485	22	4	5	6010	0	6041
8486	5898	6	6	85	0	5995
8487	5894	8	2	33	0	5937
8488	77	8	5919	15	0	6019
8489	33	6	53	5929	0	6021
8490	27	6	9	5955	0	5997
8491	14	6	5914	73	0	6007
8492	5781	6	56	27	0	5870
8493	64	5853	18	16	0	5951
8494	5767	59	14	9	0	5849
8495	68	14	5	5764	0	5851
8496	22	11	5811	70	0	5914
8497	21	10	55	5937	0	6023
8498	20	4	6070	74	0	6168
8499	16	6150	64	22	0	6252
8500	6089	57	22	28	0	6196
8501	6085	12	9	19	0	6125
8502	67	6038	15	13	0	6133
8503	32	54	5	5951	0	6042
8504	5846	17	11	60	0	5934
8505	63	5831	10	19	0	5923
8506	27	55	7	5879	0	5968
8507	5923	14	3	68	0	6008
8508	65	14	5846	25	0	5950
8509	5817	4	54	25	0	5900
8510	68	5886	21	18	0	5993
8511	5839	55	15	17	0	5926
8512	5861	14	11	16	0	5902
8513	70	16	5776	19	0	5881
8514	33	8	57	5722	0	5820
8515	32	11	13	5782	0	5838
8516	20	15	5797	64	0	5896
8517	20	9	54	5786	0	5869
8518	23	9	10	5808	0	5850
8519	5845	4	11	76	0	5936
8520	5891	4	11	25	0	5931
8521	78	4	9	5851	0	5942
8522	30	9	5894	60	0	5993
8523	32	11	54	5915	0	6012
8524	29	6	14	5963	0	6012
8525	19	10	6038	65	0	6132
8526	25	5	56	6110	0	6196
8527	6098	4	13	71	0	6186
8528	6068	7	15	29	0	6119
8529	64	6027	9	27	0	6127
8530	6114	48	9	22	0	6193
8531	6117	13	7	23	0	6160
8532	69	6151	10	17	0	6247
8533	6188	54	5	12	0	6259
8534	6181	11	4	20	0	6216
8535	6279	8	5	21	0	6313
8536	72	8	6189	14	0	6283
8537	6052	5	55	18	0	6130
8538	64	5	11	6234	0	6314
8539	6195	4	10	72	0	6281
8540	68	6	6169	16	0	6259
8541	23	6082	53	17	0	6175
8542	6025	50	17	13	0	6105
8543	63	6189	9	6	0	6267
8544	26	53	7	6160	0	6246
8545	18	10	4	6269	0	6301
8546	6266	8	5	66	0	6345
8547	6203	4	4	24	0	6235
8548	67	7	6182	13	0	6269
8549	20	10	5904	9	0	5943
8550	12	12	5956	11	0	5991
8551	18	48	57	5831	0	5954
8552	11	8	5823	51	0	5893
8553	8	17	5613	15	0	5653
8554	61	146	52	5300	0	5559
8555	5493	11	28	57	0	5589
8556	5594	2	5	15	0	5616
8557	5645	0	3	13	0	5661
8558	5684	1	3	15	0	5703
8559	38	2	2	5701	0	5743
8560	10	1	2	5746	0	5759
8561	10	0	5966	30	0	6006
8562	5	1	25	5929	0	5960
8563	8	0	9	6016	0	6033
8564	6102	0	7	47	0	6156
8565	6109	4	3	19	0	6135
8566	45	0	0	6080	0	6125
8567	6157	2	7	38	0	6204
8568	6247	2	4	18	0	6271
8569	46	0	3	6317	0	6366
8570	21	1	1	6266	0	6289
8571	11	8	6237	48	0	6304
8572	11	11	6224	17	0	6263
8573	13	3	38	6340	0	6394
8574	11	4	13	6435	0	6463
8575	9	5	6504	47	0	6565
8576	6332	3	38	25	0	6398
8577	6381	0	15	20	0	6416
8578	49	6	6427	12	0	6494
8579	22	6460	39	9	0	6530
8580	6527	28	19	20	0	6594
8581	39	13	6886	9	0	6947
8582	24	7	32	6992	0	7055
8583	19	5	14	7140	0	7178
8584	7411	1	10	53	0	7475
8585	7767	2	11	32	0	7812
8586	51	2	7	7961	0	8021
8587	27	3	3	8333	0	8366
8588	8398	1	5	65	0	8469
8589	8439	1	8	33	0	8481
8590	8453	1	10	25	0	8489
8591	65	2	8517	10	0	8594
8592	31	2	43	8605	0	8681
8593	14	3	15	8727	0	8759
8594	8708	2	12	79	0	8801
8595	54	8798	12	24	0	8888
8596	9230	40	10	30	0	9310
8597	73	9272	11	19	0	9375
8598	34	64	5	9435	0	9538
8599	25	15	6	9547	0	9593
8600	17	12	9515	91	0	9635
8601	23	4	71	9587	0	9685
8602	13	12	9589	90	0	9704
8603	21	5	79	9640	0	9745
8604	21	4	25	9664	0	9714
8605	11	9528	19	100	0	9658
8606	10	9777	19	45	0	9851
8607	25	80	11	9742	0	9858
8608	27	21	12	9853	0	9913
8609	26	10	9	9956	0	10001
8610	25	8	9	10082	0	10124
8611	25	8	9	10169	0	10211
8612	17	17	10052	125	0	10211
8613	38	3	83	10079	0	10203
8614	22	7	25	10204	0	10258
8615	15	11	9976	126	0	10128
8616	12	9943	84	53	0	10092
8617	28	74	27	10026	0	10155
8618	13	28	9964	103	0	10108
8619	14	10107	88	47	0	10256
8620	24	82	30	10199	0	10335
8621	10301	27	22	110	0	10460
8622	101	16	12	10244	0	10373
8623	36	11	10	10362	0	10419
8624	20	8	15	10414	0	10457
8625	25	14	10	10227	0	10276
8626	14	10066	15	133	0	10228
8627	28	82	12	10179	0	10301
8628	10391	31	6	145	0	10573
8629	96	20	14	10483	0	10613
8630	38	18	9	10429	0	10494
8631	30	7	10	10523	0	10570
8632	10283	6	17	154	0	10460
8633	10287	8	11	81	0	10387
8634	114	9	13	10345	0	10481
8635	10202	11	12	119	0	10344
8636	10203	14	11	74	0	10302
8637	103	10219	21	48	0	10391
8638	10201	71	10	46	0	10328
8639	91	10179	21	50	0	10341
8640	29	10219	18	48	0	10314
8641	30	86	28	10278	0	10422
8642	20	43	10474	105	0	10642
8643	22	29	75	10368	0	10494
8644	18	26	30	10365	0	10439
8645	17	10272	21	118	0	10428
8646	10239	82	8	75	0	10404
8647	88	27	10	10295	0	10420
8648	28	35	10745	105	0	10913
8649	24	21	77	10822	0	10944
8650	15	11030	35	108	0	11188
8651	11082	78	21	77	0	11258
8652	91	24	10	11145	0	11270
8653	38	25	11270	115	0	11448
8654	23	28	75	11263	0	11389
8655	23	10961	35	115	0	11134
8656	26	86	15	11103	0	11230
8657	11536	21	16	143	0	11716
8658	11714	21	13	82	0	11830
8659	11907	16	15	81	0	12019
8660	151	11998	18	57	0	12224
8661	12031	98	18	60	0	12207
8662	149	37	6	12132	0	12324
8663	12118	24	12	173	0	12327
8664	134	12205	14	69	0	12422
8665	61	120	10	12281	0	12472
8666	32	44	12447	148	0	12671
8667	12033	30	111	87	0	12261
8668	120	12443	42	74	0	12679
8669	60	123	19	12458	0	12660
8670	49	43	9	12679	0	12780
8671	40	27	16	12713	0	12796
8672	39	16	15	12493	0	12563
8673	22	12459	17	177	0	12675
8674	12508	115	12	91	0	12726
8675	12463	38	12	71	0	12584
8676	148	44	12535	47	0	12774
8677	76	25	109	12631	0	12841
8678	37	31	12612	139	0	12819
8679	12479	23	129	93	0	12724
8680	12610	18	31	68	0	12727
8681	12181	14	27	60	0	12282
8682	162	25	13	12014	0	12214
8683	53	12000	17	145	0	12215
8684	12083	113	11	77	0	12284
8685	142	40	9	11883	0	12074
8686	11791	34	13	154	0	11992
8687	146	27	11502	49	0	11724
8688	56	20	11370	50	0	11496
8689	11504	19	117	48	0	11688
8690	153	9	46	11577	0	11785
8691	11454	13	38	151	0	11656
8692	135	11499	28	54	0	11716
8693	11549	108	15	66	0	11738
8694	11639	38	17	46	0	11740
8695	159	34	11551	29	0	11773
8696	57	30	11054	17	0	11158
8697	39	11025	114	35	0	11213
8698	82	91	95	10810	0	11078
8699	10868	26	65	113	0	11072
8700	95	28	11	10931	0	11065
8701	53	11	13	11118	0	11195
8702	37	25	10936	112	0	11110
8703	10909	12	75	77	0	11073
8704	101	17	28	11210	0	11356
8705	48	28	11156	88	0	11320
8706	46	21	10942	37	0	11046
8707	37	44	93	11047	0	11221
8708	19	23	11172	89	0	11303
8709	34	20	11119	33	0	11206
8710	36	27	97	10903	0	11063
8711	27	20	11187	90	0	11324
8712	34	9	95	11036	0	11174
8713	20	11214	32	102	0	11368
8714	11605	76	25	63	0	11769
8715	93	11822	18	47	0	11980
8716	55	102	17	11805	0	11979
8717	32	12126	19	129	0	12306
8718	17	125	12520	32	0	12694
8719	46	26	124	13553	0	13749
8720	22	33	14671	169	0	14895
8721	14605	10	200	71	0	14886
8722	194	15237	72	47	0	15550
8723	15342	181	47	42	0	15612
8724	248	57	26	15269	0	15600
8725	15487	46	17	226	0	15776
8726	245	30	15435	63	0	15773
8727	85	15499	208	61	0	15853
8728	15345	187	58	48	0	15638
8729	229	69	58	15068	0	15424
8730	86	15455	43	172	0	15756
8731	96	190	38	15573	0	15897
8732	15813	67	28	267	0	16175
8733	230	16331	46	93	0	16700
8734	16408	239	23	90	0	16760
8735	286	91	16201	35	0	16613
8736	16248	52	215	72	0	16587
8737	309	37	74	16190	0	16610
8738	16166	29	74	259	0	16528
8739	279	16067	49	83	0	16478
8740	129	227	40	16055	0	16451
8741	123	65	29	16178	0	16395
8742	48	81	15631	301	0	16061
8743	82	30	236	15616	0	15964
8744	79	34	69	15805	0	15987
8745	78	47	53	15808	0	15986
8746	83	26	30	15849	0	15988
8747	49	40	15553	314	0	15956
8748	42	14895	241	157	0	15335
8749	65	219	64	14946	0	15294
8750	14679	66	72	275	0	15092
8751	14737	57	43	122	0	14959
8752	267	14709	49	123	0	15148
8753	14508	213	43	90	0	14854
8754	14483	71	45	91	0	14690
8755	14464	61	29	81	0	14635
8756	325	14053	44	93	0	14515
8757	13506	213	30	72	0	13821
8758	302	96	23	13169	0	13590
8759	95	61	13039	221	0	13416
8760	84	12870	201	91	0	13246
8761	101	233	92	12604	0	13030
8762	78	79	12550	211	0	12918
8763	12442	68	191	90	0	12791
8764	239	44	72	12287	0	12642
8765	132	39	50	12340	0	12561
8766	117	27	36	12176	0	12356
8767	100	40	26	12172	0	12338
8768	62	52	11776	278	0	12168
8769	11458	32	179	135	0	11804
8770	218	11641	79	98	0	12036
8771	11535	186	65	80	0	11866
8772	233	11556	36	69	0	11894
8773	11628	210	38	74	0	11950
8774	249	68	39	11568	0	11924
8775	96	72	11540	214	0	11922
8776	95	42	11468	103	0	11708
8777	69	63	239	11369	0	11740
8778	93	35	86	11412	0	11626
8779	66	35	48	11499	0	11648
8780	11252	23	50	302	0	11627
8781	212	44	11258	138	0	11652
8782	97	11107	194	107	0	11505
8783	89	11222	84	81	0	11476
8784	10822	216	52	82	0	11172
8785	218	96	10761	73	0	11148
8786	86	10678	206	78	0	11048
8787	81	190	10565	63	0	10899
8788	84	91	202	10440	0	10817
8789	66	65	10424	213	0	10768
8790	51	60	10459	102	0	10672
8791	71	46	222	10383	0	10722
8792	65	37	10346	205	0	10653
8793	61	45	10396	91	0	10593
8794	52	45	235	10195	0	10527
8795	10055	41	99	221	0	10416
8796	192	50	10075	95	0	10412
8797	110	27	211	9987	0	10335
8798	74	38	89	10117	0	10318
8799	9915	34	76	244	0	10269
8800	204	26	61	9913	0	10204
8801	9750	28	58	246	0	10082
8802	212	9667	55	114	0	10048
8803	111	160	53	9759	0	10083
8804	9745	52	52	221	0	10070
8805	9832	48	52	100	0	10032
8806	252	27	45	9729	0	10053
8807	113	40	9683	215	0	10051
8808	9506	24	180	96	0	9806
8809	198	9609	75	94	0	9976
8810	9504	162	63	81	0	9810
8811	9546	57	45	61	0	9709
8812	9532	41	39	74	0	9686
8813	265	33	9202	72	0	9572
8814	113	8994	160	57	0	9324
8815	120	255	72	8625	0	9072
8816	90	163	72	8669	0	8994
8817	70	61	8425	169	0	8725
8818	45	7840	135	111	0	8131
8819	38	6650	52	53	0	6793
8820	29	5604	36	18	0	5687
8821	5093	65	258	19	0	5435
8822	69	17	33	4935	0	5054
8823	23	8	10	4923	0	4964
8824	18	12	4937	55	0	5022
8825	4774	8	48	17	0	4847
8826	55	10	8	4816	0	4889
8827	25	35	10	4823	0	4893
8828	23	12	4762	49	0	4846
8829	10	4686	45	18	0	4759
8830	24	99	9	4591	0	4723
8831	12	12	4586	36	0	4646
8832	3	4218	33	9	0	4263
8833	3696	10	18	13	0	3737
8834	16	6	3824	3	0	3849
8835	4	10	10	3738	0	3762
8836	1	3804	3	9	0	3817
8837	3803	9	5	12	0	3829
8838	11	6	0	3838	0	3855
8839	3853	1	0	16	0	3870
8840	3860	0	1	11	0	3872
8841	11	3891	3	5	0	3910
8842	3908	10	2	8	0	3928
8843	4055	0	3	14	0	4072
8844	11	1	4158	3	0	4173
8845	4104	3	13	11	0	4131
8846	12	3	4177	1	0	4193
8847	4141	0	11	6	0	4158
8848	4176	2	5	8	0	4191
8849	13	4	4316	1	0	4334
8850	4	6	11	4364	0	4385
8851	3	4	4466	13	0	4486
8852	1	4	4285	4	0	4294
8853	4	5	4649	3	0	4661
8854	5	9	11	4745	0	4770
8855	4	2	2	5102	0	5110
8856	9	1	2	5119	0	5131
8857	6	2	2	5297	0	5307
8858	3	7	5443	26	0	5479
8859	10	1	26	5562	0	5599
8860	3	5596	4	27	0	5630
8861	5	35	5784	0	0	5824
8862	6	3	30	5774	0	5813
8863	4	6	5909	27	0	5946
8864	3	5919	36	5	0	5963
8865	3	5988	5	2	0	5998
8866	7	31	4	5984	0	6026
8867	3	8	5985	29	0	6025
8868	2	6	6030	4	0	6042
8869	3	2	41	6066	0	6112
8870	4	0	9	6187	0	6200
8871	10	4	4	6230	0	6248
8872	1	3	6217	36	0	6257
8873	2	6281	32	11	0	6326
8874	1	6469	11	8	0	6489
8875	4	40	4	6449	0	6497
8876	1	12	6427	32	0	6472
8877	0	9	6481	7	0	6497
8878	0	6632	41	8	0	6681
8879	6674	38	13	12	0	6737
8880	36	6794	7	6	0	6843
8881	7	48	7025	4	0	7084
8882	6972	7	52	15	0	7046
8883	57	4	10	7087	0	7158
8884	7205	5	5	62	0	7277
8885	61	1	4	7248	0	7314
8886	14	3	6	7372	0	7395
8887	7386	4	4	83	0	7477
8888	60	7609	9	14	0	7692
8889	9	66	7634	12	0	7721
8890	6	7711	61	10	0	7788
8891	7668	60	12	10	0	7750
8892	56	7692	10	3	0	7761
8893	7691	59	7	10	0	7767
8894	7712	18	4	9	0	7743
8895	70	7752	13	12	0	7847
8896	18	64	4	7687	0	7773
8897	7666	11	6	75	0	7758
8898	7709	11	3	15	0	7738
8899	67	7	5	7647	0	7726
8900	23	9	7561	64	0	7657
8901	15	13	7568	13	0	7609
8902	15	9	63	7616	0	7703
8903	10	8	7526	68	0	7612
8904	7369	15	64	18	0	7466
8905	59	7513	18	14	0	7604
8906	12	64	9	7531	0	7616
8907	19	16	8	7487	0	7530
8908	15	14	5	7519	0	7553
8909	13	8	8	7403	0	7432
8910	11	3	5	7432	0	7451
8911	11	11	7379	70	0	7471
8912	6	7391	60	25	0	7482
8913	7478	52	16	27	0	7573
8914	62	16	12	7380	0	7470
8915	17	6	15	7451	0	7489
8916	17	13	9	7429	0	7468
8917	11	7444	16	72	0	7543
8918	16	66	5	7566	0	7653
8919	15	16	6	7646	0	7683
8920	7524	7	5	89	0	7625
8921	65	7416	12	24	0	7517
8922	17	7459	7	24	0	7507
8923	16	64	5	7490	0	7575
8924	7432	19	7	77	0	7535
8925	65	19	7486	23	0	7593
8926	7341	12	60	30	0	7443
8927	72	12	7602	15	0	7701
8928	27	12	65	7608	0	7712
8929	10	11	16	7695	0	7732
8930	16	9	9	7615	0	7649
8931	15	9	7	7569	0	7600
8932	15	9	5	7548	0	7577
8933	7492	8	7	93	0	7600
8934	69	13	7375	25	0	7482
8935	20	10	68	7465	0	7563
8936	16	15	7634	73	0	7738
8937	13	7661	76	27	0	7777
8938	7703	59	18	26	0	7806
8939	69	17	7896	19	0	8001
8940	18	10	72	7993	0	8093
8941	17	9	19	8153	0	8198
8942	11	10	8128	87	0	8236
8943	9	13	8104	34	0	8160
8944	24	6	79	7943	0	8052
8945	8090	8	28	94	0	8220
8946	8098	11	18	40	0	8167
8947	80	8061	15	36	0	8192
8948	8166	66	8	41	0	8281
8949	89	18	11	7931	0	8049
8950	14	8142	15	88	0	8259
8951	30	70	6	8144	0	8250
8952	16	20	8265	78	0	8379
8953	26	15	67	7991	0	8099
8954	32	8	15	8098	0	8153
8955	7714	10	17	90	0	7831
8956	57	7722	16	36	0	7831
8957	7595	51	4	34	0	7684
8958	68	7499	12	21	0	7600
8959	7281	56	8	31	0	7376
8960	58	7212	6	14	0	7290
8961	22	7130	16	12	0	7180
8962	7153	59	17	25	0	7254
8963	75	28	15	7033	0	7151
8964	12	7065	9	55	0	7141
8965	7168	50	16	33	0	7267
8966	7212	15	7	32	0	7266
8967	7296	13	4	24	0	7337
8968	7219	7	5	28	0	7259
8969	63	7262	11	22	0	7358
8970	29	51	5	7278	0	7363
8971	30	17	4	7357	0	7408
8972	7353	12	9	70	0	7444
8973	55	14	4	7274	0	7347
8974	7186	10	2	66	0	7264
8975	58	12	7111	13	0	7194
8976	7049	8	39	33	0	7129
8977	54	16	7172	12	0	7254
8978	22	28	46	7104	0	7200
8979	7079	10	20	58	0	7167
8980	50	7045	13	18	0	7126
8981	6803	29	13	23	0	6868
8982	41	6957	6	12	0	7016
8983	16	45	4	7170	0	7235
8984	14	10	7083	23	0	7130
8985	6744	32	46	28	0	6850
8986	26	7024	13	17	0	7080
8987	30	40	19	6928	0	7017
8988	17	6	7	6851	0	6881
8989	13	12	4	6846	0	6875
8990	10	6	6916	36	0	6968
8991	10	6939	25	19	0	6993
8992	6886	23	9	27	0	6945
8993	6878	3	8	25	0	6914
8994	28	6888	8	4	0	6928
8995	7031	22	3	27	0	7083
8996	32	14	15	7075	0	7136
8997	13	7128	13	25	0	7179
8998	7157	24	2	32	0	7215
8999	28	15	7107	17	0	7167
9000	12	7268	27	13	0	7320
9001	24	26	9	7288	0	7347
9002	15	9	10	7352	0	7386
9003	9	22	7298	31	0	7360
9004	19	4	27	7274	0	7324
9005	8	19	7299	33	0	7359
9006	13	9	27	7301	0	7350
9007	14	8	8	7368	0	7398
9008	20	6	6	7419	0	7451
9009	8	11	5	7572	0	7596
9010	13	8	7623	42	0	7686
9011	12	15	7973	18	0	8018
9012	10	8632	60	26	0	8728
9013	12	55	24	9089	0	9180
9014	7	28	9476	65	0	9576
9015	7	9529	79	29	0	9644
9016	22	91	17	9861	0	9991
9017	7	30	10134	82	0	10253
9018	9929	15	83	47	0	10074
9019	10533	6	31	29	0	10599
9020	122	4	17	10499	0	10642
9021	46	10	10498	91	0	10645
9022	27	8	91	10509	0	10635
9023	10520	3	34	126	0	10683
9024	94	10746	24	49	0	10913
9025	10914	92	10	52	0	11068
9026	11054	31	12	28	0	11125
9027	128	22	6	10826	0	10982
9028	57	12	9	10918	0	10996
9029	36	8	9	10966	0	11019
9030	30	8	8	10954	0	11000
9031	25	12	7	10981	0	11025
9032	10889	4	11	149	0	11053
9033	10949	8	10	67	0	11034
9034	10948	2	8	48	0	11006
9035	132	14	10736	30	0	10912
9036	10551	13	93	35	0	10692
9037	122	15	31	10602	0	10770
9038	54	15	10578	114	0	10761
9039	28	10474	104	48	0	10654
9040	43	106	40	10423	0	10612
9041	33	35	26	10414	0	10508
9042	22	10440	24	132	0	10618
9043	42	88	17	10620	0	10767
9044	28	37	10558	121	0	10744
9045	25	25	10653	59	0	10762
9046	30	13	131	10721	0	10895
9047	10657	6	52	131	0	10846
9048	10623	15	18	62	0	10718
9049	143	33	10617	39	0	10832
9050	69	10250	108	37	0	10464
9051	43	10414	51	43	0	10551
9052	10090	110	29	55	0	10284
9053	108	57	10168	49	0	10382
9054	78	29	93	10069	0	10269
9055	10079	11	44	143	0	10277
9056	117	9959	35	68	0	10179
9057	58	10142	29	47	0	10276
9058	10045	117	14	52	0	10228
9059	130	47	22	10134	0	10333
9060	10609	19	21	132	0	10781
9061	167	13	15	11424	0	11619
9062	103	11	20	11625	0	11759
9063	51	39	11672	204	0	11966
9064	54	22	146	11933	0	12155
9065	53	22	69	12041	0	12185
9066	11983	18	47	258	0	12306
9067	185	11	36	12130	0	12362
9068	80	31	12074	229	0	12414
9069	11936	21	163	145	0	12265
9070	190	18	87	12095	0	12390
9071	12133	22	50	211	0	12416
9072	209	11768	43	136	0	12156
9073	116	12092	41	90	0	12339
9074	12001	198	42	69	0	12310
9075	12097	108	27	66	0	12298
9076	266	68	28	11885	0	12247
9077	144	47	11791	173	0	12155
9078	106	24	161	11884	0	12175
9079	11808	23	82	232	0	12145
9080	180	11761	60	124	0	12125
9081	127	164	36	11802	0	12129
9082	11676	85	38	204	0	12003
9083	197	65	11437	128	0	11827
9084	11492	31	159	104	0	11786
9085	11578	28	82	89	0	11777
9086	263	38	11449	70	0	11820
9087	154	29	11602	61	0	11846
9088	122	24	230	11407	0	11783
9089	105	20	122	11548	0	11795
9090	73	11543	84	245	0	11945
9091	68	164	44	11683	0	11959
9092	57	111	11694	228	0	12090
9093	92	53	171	11803	0	12119
9094	81	33	89	12200	0	12403
9095	65	32	11890	287	0	12274
9096	53	11815	204	182	0	12254
9097	72	173	100	11879	0	12224
9098	93	84	61	12009	0	12247
9099	11876	63	40	269	0	12248
9100	222	28	39	11906	0	12195
9101	115	33	11756	257	0	12161
9102	11716	31	184	165	0	12096
9103	11843	29	89	111	0	12072
9104	11907	34	62	75	0	12078
9105	292	32	11572	62	0	11958
9106	189	23	192	11512	0	11916
9107	132	10	104	11626	0	11872
9108	96	16	74	11649	0	11835
9109	11283	31	61	294	0	11669
9110	193	11097	44	186	0	11520
9111	111	150	10531	110	0	10902
9112	62	10169	158	87	0	10476
9113	47	9768	95	83	0	9993
9114	40	9511	74	67	0	9692
9115	143	258	151	9060	0	9612
9116	46	93	8971	142	0	9252
9117	8307	81	137	99	0	8624
9118	121	8618	83	82	0	8904
9119	8326	98	58	71	0	8553
9120	133	8505	41	59	0	8738
9121	8630	122	30	58	0	8840
9122	155	8788	26	45	0	9014
9123	100	133	8924	30	0	9187
9124	84	71	117	8830	0	9102
9125	69	46	73	9060	0	9248
9126	9036	30	46	182	0	9294
9127	133	39	34	9527	0	9733
9128	76	36	9557	185	0	9854
9129	92	30	117	9662	0	9901
9130	53	50	9646	175	0	9924
9131	40	9646	150	115	0	9951
9132	46	135	67	9470	0	9718
9133	38	9717	71	143	0	9969
9134	9706	155	42	90	0	9993
9135	152	77	42	9713	0	9984
9136	94	65	9698	136	0	9993
9137	75	56	9594	84	0	9809
9138	9531	42	169	87	0	9829
9139	163	37	91	9507	0	9798
9140	83	39	9476	142	0	9740
9141	80	46	9324	80	0	9530
9142	49	9374	186	86	0	9695
9143	59	158	123	9032	0	9372
9144	27	9434	85	151	0	9697
9145	49	147	52	9512	0	9760
9146	9517	78	41	185	0	9821
9147	129	55	41	9609	0	9834
9148	66	34	37	9753	0	9890
9149	9727	27	45	221	0	10020
9150	164	31	35	10157	0	10387
9151	90	35	37	10254	0	10416
9152	73	10430	42	204	0	10749
9153	10495	136	32	124	0	10787
9154	10672	60	42	99	0	10873
9155	192	56	36	10604	0	10888
9156	130	33	41	10645	0	10849
9157	97	23	33	10609	0	10762
9158	58	10239	46	238	0	10581
9159	52	10408	41	138	0	10639
9160	59	170	23	9912	0	10164
9161	8979	32	10	116	0	9137
9162	8815	19	10	65	0	8909
9163	86	8583	22	33	0	8724
9164	8285	69	10	44	0	8408
9165	73	8165	8	39	0	8285
9166	28	8181	11	26	0	8246
9167	96	86	25	7964	0	8171
9168	7952	20	20	90	0	8082
9169	63	7841	13	29	0	7946
9170	19	7890	11	30	0	7950
9171	32	73	5	7872	0	7982
9172	24	29	3	7943	0	7999
9173	14	31	7883	74	0	8002
9174	7814	16	58	43	0	7931
9175	7896	16	10	34	0	7956
9176	75	21	7950	17	0	8063
9177	22	27	7940	20	0	8009
9178	37	12	67	8059	0	8175
9179	31	13	18	8204	0	8266
9180	13	8094	24	76	0	8207
9181	23	71	9	8142	0	8245
9182	16	30	8105	81	0	8232
9183	27	25	58	7975	0	8085
9184	31	15	13	8023	0	8082
9185	7917	15	15	102	0	8049
9186	70	12	7816	43	0	7941
9187	7618	16	69	32	0	7735
9188	72	15	7663	33	0	7783
9189	38	6	68	7503	0	7615
9190	17	13	7474	70	0	7574
9191	22	20	7459	21	0	7522
9192	25	26	70	7283	0	7404
9193	7192	17	53	106	0	7368
9194	7077	12	23	30	0	7142
9195	72	7042	18	32	0	7164
9196	7012	62	15	34	0	7123
9197	7065	15	20	27	0	7127
9198	69	7045	25	24	0	7163
9199	32	74	13	7143	0	7262
9200	26	9	15	7212	0	7262
9201	22	15	16	7250	0	7303
9202	22	15	15	7241	0	7293
9203	24	11	7181	97	0	7313
9204	7115	11	74	37	0	7237
9205	81	12	22	7173	0	7288
9206	28	7	20	7196	0	7251
9207	29	7252	19	91	0	7391
9208	25	79	7	7410	0	7521
9209	16	25	7486	99	0	7626
9210	7368	17	78	35	0	7498
9211	91	13	7508	34	0	7646
9212	29	19	80	7341	0	7469
9213	7357	8	15	97	0	7477
9214	87	7438	20	34	0	7579
9215	33	79	13	7579	0	7704
9216	22	15	7603	101	0	7741
9217	17	17	77	7615	0	7726
9218	7538	12	18	100	0	7668
9219	83	18	7541	34	0	7676
9220	21	19	7356	30	0	7426
9221	28	7264	79	23	0	7394
9222	7049	70	30	23	0	7172
9223	78	6870	27	27	0	7002
9224	40	82	6724	13	0	6859
9225	30	19	6477	15	0	6541
9226	15	6333	80	19	0	6447
9227	5795	64	54	16	0	5929
9228	53	5702	23	16	0	5794
9229	17	54	14	5634	0	5719
9230	28	10	15	5680	0	5733
9231	11	15	5612	66	0	5704
9232	18	11	55	5597	0	5681
9233	8	10	5626	65	0	5709
9234	5556	7	63	22	0	5648
9235	5634	11	15	22	0	5682
9236	5627	6	12	20	0	5665
9237	65	9	5531	11	0	5616
9238	5542	4	61	19	0	5626
9239	68	7	17	5464	0	5556
9240	18	5474	16	52	0	5560
9241	5518	45	10	19	0	5592
9242	54	19	5356	14	0	5443
9243	5207	8	48	18	0	5281
9244	5134	6	20	19	0	5179
9245	57	6	4918	15	0	4996
9246	25	4921	55	10	0	5011
9247	26	80	25	4864	0	4995
9248	18	8	4883	53	0	4962
9249	19	15	4753	13	0	4800
9250	20	75	55	4237	0	4387
9251	6	7	4205	42	0	4260
9252	7	7	46	4010	0	4070
9253	11	4	13	3989	0	4017
9254	11	6	15	3977	0	4009
9255	8	2	3953	46	0	4009
9256	4	6	44	3992	0	4046
9257	12	4	3994	44	0	4054
9258	10	8	45	4051	0	4114
9259	4191	6	15	52	0	4264
9260	47	3	12	4239	0	4301
9261	10	4347	12	47	0	4416
9262	23	40	6	4474	0	4543
9263	4569	10	9	64	0	4652
9264	52	4569	15	12	0	4648
9265	15	42	3	4606	0	4666
9266	4573	6	8	55	0	4642
9267	50	10	4600	16	0	4676
9268	12	6	50	4601	0	4669
9269	16	5	4633	54	0	4708
9270	12	8	4598	8	0	4626
9271	17	4	53	4547	0	4621
9272	4502	5	21	60	0	4588
9273	58	3	4464	14	0	4539
9274	4428	5	49	18	0	4500
9275	56	8	17	4510	0	4591
9276	11	8	4507	50	0	4576
9277	13	6	4480	13	0	4512
9278	11	3	4468	10	0	4492
9279	18	34	62	4289	0	4403
9280	4329	3	50	55	0	4437
9281	46	4344	21	12	0	4423
9282	13	45	9	4322	0	4389
9283	15	4	13	4386	0	4418
9284	4351	6	17	53	0	4427
9285	4410	5	6	19	0	4440
9286	53	4360	10	19	0	4442
9287	4380	42	11	14	0	4447
9288	4381	9	11	14	0	4415
9289	58	7	4	4363	0	4432
9290	15	10	4372	49	0	4446
9291	4384	6	44	13	0	4447
9292	45	4	12	4475	0	4536
9293	16	3	11	4454	0	4484
9294	4414	5	4	47	0	4470
9295	50	4	4	4288	0	4346
9296	13	7	8	4320	0	4348
9297	4240	4	9	52	0	4305
9298	46	4292	8	20	0	4366
9299	4227	33	6	14	0	4280
9300	38	10	4252	10	0	4310
9301	4211	3	31	12	0	4257
9302	41	3	9	4223	0	4276
9303	12	4269	9	36	0	4326
9304	16	27	10	4295	0	4348
9305	12	5	8	4329	0	4354
9306	6	6	4	4286	0	4302
9307	4180	4	3	44	0	4231
9308	30	4089	11	14	0	4144
9309	8	4014	4	11	0	4037
9310	3951	23	7	13	0	3994
9311	30	7	4062	3	0	4102
9312	6	8	4056	4	0	4074
9313	3966	16	56	8	0	4046
9314	29	4	4050	12	0	4095
9315	10	1	26	3949	0	3986
9316	6	1	3	3943	0	3953
9317	6	3	5	4005	0	4019
9318	4	2	2	4003	0	4011
9319	1	3961	6	33	0	4001
9320	5	16	4	4004	0	4029
9321	5	9	3978	25	0	4017
9322	3	6	23	3952	0	3984
9323	4	4	3926	26	0	3960
9324	3	3	3904	5	0	3915
9325	6	2	25	3972	0	4005
9326	1	8	3974	25	0	4008
9327	11	1	24	3987	0	4023
9328	4028	0	4	31	0	4063
9329	21	7	4040	6	0	4074
9330	3980	4	20	13	0	4017
9331	26	2	4	4013	0	4045
9332	5	3	4009	26	0	4043
9333	5	3983	28	5	0	4021
9334	4	20	5	4116	0	4145
9335	4	7	4252	21	0	4284
9336	6	4	22	4287	0	4319
9337	4353	1	7	32	0	4393
9338	4352	0	7	16	0	4375
9339	4456	1	3	13	0	4473
9340	33	0	4	4493	0	4530
9341	11	5	1	4525	0	4542
9342	11	1	2	4592	0	4606
9343	4693	0	5	41	0	4739
9344	27	4770	2	15	0	4814
9345	8	21	4	4816	0	4849
9346	15	6	3	4902	0	4926
9347	4908	6	3	42	0	4959
9348	33	5032	7	17	0	5089
9349	10	29	4	5239	0	5282
9350	5312	5	4	47	0	5368
9351	5302	5	3	20	0	5330
9352	52	2	5	5275	0	5334
9353	5271	0	3	49	0	5323
9354	52	3	5	5239	0	5299
9355	13	5	5291	49	0	5358
9356	11	4	36	5295	0	5346
9357	13	4	14	5336	0	5367
9358	11	4	9	5341	0	5365
9359	5130	3	6	52	0	5191
9360	35	5087	4	29	0	5155
9361	4968	34	5	14	0	5021
9362	36	4882	6	12	0	4936
9363	12	4872	4	11	0	4899
9364	4836	38	10	15	0	4899
9365	43	4868	9	10	0	4930
9366	19	37	5	4869	0	4930
9367	4820	6	6	46	0	4878
9368	4851	7	5	23	0	4886
9369	48	2	6	4822	0	4878
9370	23	4	6	4823	0	4856
9371	11	4846	5	52	0	4914
9372	4921	33	1	28	0	4983
9373	4930	11	4	23	0	4968
9374	42	5064	6	20	0	5132
9375	21	5086	4	12	0	5123
9376	20	41	2	5081	0	5144
9377	5088	16	6	50	0	5160
9378	46	9	4	5068	0	5127
9379	20	10	2	5111	0	5143
9380	15	8	5037	57	0	5117
9381	10	10	5022	21	0	5063
9382	19	7	42	5009	0	5077
9383	11	5	4993	47	0	5056
9384	10	5028	44	21	0	5103
9385	14	45	7	5029	0	5095
9386	17	14	7	5074	0	5112
9387	12	13	0	5098	0	5123
9388	13	10	5054	58	0	5135
9389	15	15	4985	23	0	5038
9390	4970	6	51	20	0	5047
9391	49	5007	18	17	0	5091
9392	4956	39	9	24	0	5028
9393	52	15	7	4946	0	5020
9394	5005	8	7	59	0	5079
9395	52	5	9	5015	0	5081
9396	16	5059	11	51	0	5137
9397	5076	42	9	31	0	5158
9398	44	17	4995	18	0	5074
9399	18	4933	42	17	0	5010
9400	4934	42	11	18	0	5005
9401	48	15	5	4851	0	4919
9402	16	4854	14	42	0	4926
9403	23	38	7	4901	0	4969
9404	4880	10	5	58	0	4953
9405	53	12	7	4892	0	4964
9406	4896	11	4	57	0	4968
9407	51	9	4872	23	0	4955
9408	28	6	38	4859	0	4931
9409	4839	6	12	60	0	4917
9410	45	15	4796	18	0	4874
9411	20	4642	46	17	0	4725
9412	22	42	11	4570	0	4645
9413	13	21	4532	50	0	4616
9414	13	15	4426	19	0	4473
9415	17	36	46	4413	0	4512
9416	11	7	4384	53	0	4455
9417	15	10	4356	17	0	4398
9418	15	15	44	4299	0	4373
9419	4258	5	17	59	0	4339
9420	51	4	8	4261	0	4324
9421	20	8	8	4308	0	4344
9422	17	10	4322	53	0	4402
9423	23	2	42	4397	0	4464
9424	4463	11	14	52	0	4540
9425	48	10	4429	16	0	4503
9426	17	4472	45	21	0	4555
9427	16	44	11	4530	0	4601
9428	4534	9	11	59	0	4613
9429	46	8	12	4552	0	4618
9430	15	4557	9	59	0	4640
9431	15	37	4702	23	0	4777
9432	17	10	44	4786	0	4857
9433	5024	11	16	53	0	5104
9434	62	10	4952	21	0	5045
9435	19	5	59	5029	0	5112
9436	5156	4	19	76	0	5255
9437	5382	5	10	28	0	5425
9438	74	5401	13	14	0	5502
9439	5321	64	9	22	0	5416
9440	81	18	7	5304	0	5410
9441	22	14	5332	73	0	5441
9442	20	5224	73	23	0	5340
9443	17	5242	18	28	0	5305
9444	16	106	27	5078	0	5227
9445	24	26	20	5137	0	5207
9446	10	22	4990	68	0	5090
9447	13	4910	64	20	0	5007
9448	4	4843	22	26	0	4895
9449	32	80	20	4529	0	4661
9450	4479	11	16	59	0	4565
9451	45	4491	7	15	0	4558
9452	12	51	5	4519	0	4587
9453	4636	9	8	58	0	4711
9454	52	11	5	4643	0	4711
9455	12	12	4	4606	0	4634
9456	14	8	4	4638	0	4664
9457	13	12	2	4614	0	4641
9458	4553	4	4	69	0	4630
9459	52	8	4	4539	0	4603
9460	7	5	4469	64	0	4545
9461	4432	10	43	21	0	4506
9462	52	7	4431	19	0	4509
9463	9	9	4497	22	0	4537
9464	18	9	47	4508	0	4582
9465	21	4	17	4498	0	4540
9466	15	3	12	4525	0	4555
9467	4487	7	12	60	0	4566
9468	48	9	4456	24	0	4537
9469	4442	7	44	28	0	4521
9470	4541	3	12	25	0	4581
9471	62	7	4558	17	0	4644
9472	4493	3	56	12	0	4564
9473	59	8	4501	17	0	4585
9474	19	4496	50	15	0	4580
9475	48	55	22	4482	0	4607
9476	18	10	13	4495	0	4536
9477	16	10	7	4469	0	4502
9478	13	6	3	4460	0	4482
9479	13	7	4458	58	0	4536
9480	8	14	4450	24	0	4496
9481	9	8	49	4449	0	4515
9482	4	14	4460	61	0	4539
9483	4394	2	52	24	0	4472
9484	4498	7	15	28	0	4548
9485	52	7	10	4471	0	4540
9486	4448	5	12	55	0	4520
9487	54	4571	15	24	0	4664
9488	4541	39	15	26	0	4621
9489	56	13	4598	17	0	4684
9490	23	13	42	4563	0	4641
9491	21	4619	13	56	0	4709
9492	4699	37	10	24	0	4770
9493	46	14	17	4729	0	4806
9494	18	12	4698	56	0	4784
9495	18	15	45	4673	0	4751
9496	4671	2	12	69	0	4754
9497	49	14	4733	28	0	4824
9498	25	6	49	4760	0	4840
9499	15	7	19	4853	0	4894
9500	21	10	4823	56	0	4910
9501	9	4754	57	32	0	4852
9502	15	4584	19	29	0	4647
9503	18	52	14	4866	0	4950
9504	16	10	16	5029	0	5071
9505	16	14	18	5041	0	5089
9506	4988	15	8	71	0	5082
9507	4986	7	9	42	0	5044
9508	61	12	18	4983	0	5074
9509	4977	5	10	74	0	5066
9510	57	5047	19	23	0	5146
9511	22	48	9	5111	0	5190
9512	22	13	6	5175	0	5216
9513	25	8	11	5175	0	5219
9514	5059	9	5	84	0	5157
9515	56	4998	16	34	0	5104
9516	23	43	6	5045	0	5117
9517	5038	11	8	66	0	5123
9518	53	11	12	5068	0	5144
9519	18	3	10	5079	0	5110
9520	18	4957	15	70	0	5060
9521	18	5051	13	28	0	5110
9522	21	50	6	5006	0	5083
9523	16	16	8	4962	0	5002
9524	4842	12	4	76	0	4934
9525	69	8	8	4829	0	4914
9526	15	14	4743	65	0	4837
9527	16	8	51	4693	0	4768
9528	19	4639	15	66	0	4739
9529	4697	48	10	41	0	4796
9530	61	10	13	4693	0	4777
9531	23	13	9	4604	0	4649
9532	19	4535	10	56	0	4620
9533	4294	30	6	24	0	4354
9534	37	4447	13	18	0	4515
9535	16	48	11	4354	0	4429
9536	11	19	4289	39	0	4358
9537	28	65	35	3972	0	4100
9538	3973	2	17	42	0	4034
9539	31	4002	6	9	0	4048
9540	11	28	3	3952	0	3994
9541	5	3924	8	29	0	3966
9542	5	35	2	3960	0	4002
9543	5	9	3930	32	0	3976
9544	3	17	31	3899	0	3950
9545	1	1	6	3908	0	3916
9546	6	2	2	3937	0	3947
9547	3902	5	4	39	0	3950
9548	3919	1	0	19	0	3939
9549	34	3931	4	10	0	3979
9550	3967	28	2	9	0	4006
9551	27	3937	3	2	0	3969
9552	8	3979	4	8	0	3999
9553	3844	35	3	13	0	3895
9554	31	10	3833	9	0	3883
9555	13	5	29	3842	0	3889
9556	10	2	6	3883	0	3901
9557	4	4	4	3975	0	3987
9558	3933	0	1	43	0	3977
9559	32	3944	4	16	0	3996
9560	10	31	1	3966	0	4008
9561	8	4057	2	28	0	4095
9562	4170	40	2	7	0	4219
9563	36	10	0	4230	0	4276
9564	14	8	4	4716	0	4742
9565	7	5042	5	65	0	5119
9566	12	48	2	5232	0	5294
9567	7	12	4	5296	0	5319
9568	5211	12	2	88	0	5313
9569	59	5137	2	43	0	5241
9570	17	5222	4	28	0	5271
9571	16	67	0	5156	0	5239
9572	10	28	5068	72	0	5178
9573	9	37	5052	18	0	5116
9574	14	19	64	4957	0	5054
9575	2	15	4942	67	0	5026
9576	12	7	70	4936	0	5025
9577	8	10	29	4892	0	4939
9578	5	8	22	5013	0	5048
9579	4867	6	13	101	0	4987
9580	61	7	10	4880	0	4958
9581	27	9	5	4860	0	4901
9582	18	4828	6	90	0	4942
9583	18	60	7	4894	0	4979
9584	9	14	4803	88	0	4914
9585	8	16	59	4842	0	4925
9586	10	11	20	4906	0	4947
9587	4665	8	21	99	0	4793
9588	63	6	11	4698	0	4778
9589	25	6	13	4639	0	4683
9590	25	6	5	4674	0	4710
9591	4507	6	4	111	0	4628
9592	66	4473	11	52	0	4602
9593	24	59	7	4511	0	4601
9594	23	18	6	4512	0	4559
9595	11	19	4426	92	0	4548
9596	14	10	63	4418	0	4505
9597	4230	8	20	107	0	4365
9598	61	4230	24	53	0	4368
9599	25	52	13	4202	0	4292
9600	26	19	12	4201	0	4258
9601	15	20	4106	94	0	4235
9602	3948	11	53	60	0	4072
9603	55	4003	24	44	0	4126
9604	3914	53	18	49	0	4034
9605	68	20	15	3940	0	4043
9606	28	18	14	4001	0	4061
9607	33	10	9	3994	0	4046
9608	25	16	9	4017	0	4067
9609	3931	16	7	104	0	4058
9610	59	16	5	3834	0	3914
9611	21	3753	11	105	0	3890
9612	24	53	14	3813	0	3904
9613	16	15	10	3906	0	3947
9614	3830	18	15	96	0	3959
9615	63	3787	12	59	0	3921
9616	26	56	4	3873	0	3959
9617	3835	20	10	96	0	3961
9618	3877	20	4	56	0	3957
9619	79	15	5	3871	0	3970
9620	38	21	3831	86	0	3976
9621	3833	13	47	50	0	3943
9622	77	12	17	3855	0	3961
9623	32	12	3908	86	0	4038
9624	30	9	58	3967	0	4064
9625	26	13	18	4053	0	4110
9626	24	9	22	4021	0	4076
9627	19	4055	16	113	0	4203
9628	23	55	13	4161	0	4252
9629	23	16	11	4147	0	4197
9630	27	20	4	4131	0	4182
9631	27	17	8	4106	0	4158
9632	21	16	7	4058	0	4102
9633	17	14	12	4045	0	4088
9634	3714	16	11	118	0	3859
9635	58	6	3606	68	0	3738
9636	20	3527	44	67	0	3658
9637	3542	43	21	49	0	3655
9638	51	3525	18	46	0	3640
9639	3513	55	19	33	0	3620
9640	88	20	17	3499	0	3624
9641	3540	24	11	67	0	3642
9642	75	15	9	3587	0	3686
9643	28	13	9	3549	0	3599
9644	34	3529	14	84	0	3661
9645	3576	41	5	69	0	3691
9646	54	15	3646	58	0	3773
9647	32	21	41	3712	0	3806
9648	28	12	3719	76	0	3835
9649	21	22	3663	46	0	3752
9650	3711	11	53	56	0	3831
9651	54	8	32	3798	0	3892
9652	21	8	3807	76	0	3912
9653	35	9	3912	43	0	3999
9654	27	12	49	3935	0	4023
9655	20	11	27	4006	0	4064
9656	3991	5	25	81	0	4102
9657	52	15	19	3992	0	4078
9658	28	12	4120	71	0	4231
9659	36	9	40	4204	0	4289
9660	30	15	18	4219	0	4282
9661	20	4288	26	71	0	4405
9662	4180	30	21	63	0	4294
9663	39	4088	17	36	0	4180
9664	3632	22	9	22	0	3685
9665	17	3221	6	7	0	3251
9666	6	3159	6	10	0	3181
9667	14	14	15	3146	0	3189
9668	3	8	6	3139	0	3156
9669	6	7	1	3108	0	3122
9670	3041	1	1	14	0	3057
9671	5	5	3048	3	0	3061
9672	5	1	4	3038	0	3048
9673	3004	0	3	11	0	3018
9674	4	3022	4	3	0	3033
9675	5	2996	2	3	0	3006
9676	2	8	4	3059	0	3073
9677	4	5	3	3076	0	3088
9678	4	3	0	3124	0	3131
9679	1	3176	3	8	0	3188
9680	2	5	1	3194	0	3202
9681	2	6	3210	7	0	3225
9682	3	6	3083	5	0	3097
9683	3127	3	6	11	0	3147
9684	5	1	3	3240	0	3249
9685	3271	1	2	14	0	3288
9686	3265	0	1	17	0	3283
9687	7	3317	1	3	0	3328
9688	3352	5	1	11	0	3369
9689	3449	2	0	12	0	3463
9690	8	1	1	3478	0	3488
9691	5	1	0	3553	0	3559
9692	2	5	3659	6	0	3672
9693	1	3758	8	9	0	3776
9694	3	3	2	3756	0	3764
9695	1	1	3	3860	0	3865
9696	3852	1	1	16	0	3870
9697	4	2	1	3907	0	3914
9698	4014	0	0	15	0	4029
9699	6	3	1	4152	0	4162
9700	1	4226	9	8	0	4244
9701	4422	14	1	10	0	4447
9702	17	2	0	4845	0	4864
9703	5	1	1	5238	0	5245
9704	5	0	0	5538	0	5543
9705	0	5	5603	46	0	5654
9706	1	1	41	5715	0	5758
9707	5833	0	8	62	0	5903
9708	44	1	5	6093	0	6143
9709	14	0	3	6616	0	6633
9710	15	4	3	6719	0	6741
9711	6	6721	7	79	0	6813
9712	2	6946	8	29	0	6985
9713	6962	65	2	23	0	7052
9714	57	6991	6	15	0	7069
9715	7019	63	0	13	0	7095
9716	7053	18	2	19	0	7092
9717	7133	9	0	22	0	7164
9718	77	13	7125	6	0	7221
9719	28	7223	66	7	0	7324
9720	7309	63	14	22	0	7408
9721	71	17	8	7358	0	7454
9722	29	13	3	7430	0	7475
9723	22	8	3	7346	0	7379
9724	12	7214	9	87	0	7322
9725	12	55	2	7234	0	7303
9726	7240	14	5	82	0	7341
9727	64	14	3	7180	0	7261
9728	33	7	2	7253	0	7295
9729	20	11	7181	86	0	7298
9730	8	8	7320	37	0	7373
9731	13	2	74	7391	0	7480
9732	14	7	24	7414	0	7459
9733	10	7473	20	90	0	7593
9734	16	62	6	7519	0	7603
9735	19	22	5	7604	0	7650
9736	22	15	6	7601	0	7644
9737	7528	10	6	109	0	7653
9738	63	21	7558	46	0	7688
9739	38	16	57	7639	0	7750
9740	7664	10	18	90	0	7782
9741	7665	7	10	42	0	7724
9742	96	9	10	7601	0	7716
9743	49	9	6	7658	0	7722
9744	7557	13	6	101	0	7677
9745	72	7536	11	49	0	7668
9746	34	7559	16	31	0	7640
9747	33	77	4	7565	0	7679
9748	7580	33	4	86	0	7703
9749	7638	16	7	54	0	7715
9750	7644	15	6	41	0	7706
9751	99	22	7634	28	0	7783
9752	7452	13	65	40	0	7570
9753	93	21	7478	24	0	7616
9754	7416	8	74	44	0	7542
9755	81	7455	34	35	0	7605
9756	40	61	7476	35	0	7612
9757	35	38	74	7456	0	7603
9758	24	23	7438	98	0	7583
9759	28	12	64	7391	0	7495
9760	7340	12	24	112	0	7488
9761	77	14	7379	53	0	7523
9762	34	14	79	7386	0	7513
9763	33	7717	32	97	0	7879
9764	33	63	27	7830	0	7953
9765	35	20	15	7847	0	7917
9766	23	17	19	7798	0	7857
9767	7748	17	15	134	0	7914
9768	7831	16	13	70	0	7930
9769	96	21	17	7822	0	7956
9770	49	24	7751	105	0	7929
9771	33	28	7717	60	0	7838
9772	39	19	81	7891	0	8030
9773	35	18	8160	99	0	8312
9774	49	10	74	8198	0	8331
9775	42	8	33	8262	0	8345
9776	51	21	20	8331	0	8423
9777	34	8134	31	114	0	8313
9778	33	8285	30	65	0	8413
9779	38	78	18	8348	0	8482
9780	43	37	12	8386	0	8478
9781	28	30	20	8381	0	8459
9782	8255	19	17	138	0	8429
9783	97	28	8395	49	0	8569
9784	53	12	75	8474	0	8614
9785	8424	10	34	119	0	8587
9786	87	8500	38	53	0	8678
9787	57	73	26	8672	0	8828
9788	43	29	26	8765	0	8863
9789	27	22	24	8689	0	8762
9790	29	19	19	8709	0	8776
9791	31	18	8623	130	0	8802
9792	8324	10	79	86	0	8499
9793	8557	9	29	74	0	8669
9794	98	28	8561	38	0	8725
9795	8526	10	84	69	0	8689
9796	8660	11	39	73	0	8783
9797	99	16	8818	43	0	8976
9798	50	9051	84	49	0	9234
9799	49	100	51	9001	0	9201
9800	31	24	9294	98	0	9447
9801	31	9117	76	56	0	9280
9802	36	66	8832	46	0	8980
9803	14	8509	52	43	0	8618
9804	38	52	69	8257	0	8416
9805	21	20	8365	47	0	8453
9806	30	25	40	8363	0	8458
9807	25	9	8560	40	0	8634
9808	8	8504	40	36	0	8588
9809	8057	19	35	22	0	8133
9810	17	8040	14	8	0	8079
9811	4	8598	13	19	0	8634
9812	55	37	34	8610	0	8736
9813	10	18	7	8653	0	8688
9814	6	1	0	8674	0	8681
9815	6	2	4	8652	0	8664
9816	6	1	1	8745	0	8753
9817	6	9	9414	18	0	9447
9818	9	3	17	9423	0	9452
9819	10	1	6	9704	0	9721
9820	9823	2	3	62	0	9890
9821	10040	2	6	25	0	10073
9822	10165	1	3	28	0	10197
9823	35	1	2	10313	0	10351
9824	11108	3	6	66	0	11183
9825	11845	7	1	47	0	11900
9826	12152	4	3	28	0	12187
9827	58	16	12210	8	0	12292
9828	12127	3	44	32	0	12206
9829	12565	7	9	45	0	12626
9830	12570	3	6	31	0	12610
9831	77	5	6	12710	0	12798
9832	18	30	12824	59	0	12931
9833	22	8	49	12779	0	12858
9834	13202	1	9	101	0	13313
9835	67	5	14	13522	0	13608
9836	16	14091	18	65	0	14190
9837	23	47	1	14503	0	14574
9838	14485	5	8	97	0	14595
9839	14585	10	6	61	0	14662
9840	14578	3	6	60	0	14647
9841	79	21	15095	11	0	15206
9842	46	7	68	15129	0	15250
9843	43	6	13	15526	0	15588
9844	21	17	15592	80	0	15710
9845	21	15384	89	38	0	15532
9846	25	85	15602	17	0	15729
9847	38	8	86	15707	0	15839
9848	15647	13	14	130	0	15804
9849	82	22	16146	24	0	16274
9850	42	11	75	16300	0	16428
9851	30	23	16256	81	0	16390
9852	16209	11	86	58	0	16364
9853	96	13	16	16542	0	16667
9854	32	27	17165	81	0	17305
9855	52	10	77	17309	0	17448
9856	25	22	17527	109	0	17683
9857	19	17737	105	53	0	17914
9858	38	79	20	17859	0	17996
9859	18035	20	23	162	0	18240
9860	106	26	26	18132	0	18290
9861	44	14	18	18053	0	18129
9862	18070	3	17	152	0	18242
9863	98	17517	33	52	0	17700
9864	28	17859	24	50	0	17961
9865	38	94	19	17908	0	18059
9866	24	17935	37	123	0	18119
9867	39	93	13	18113	0	18258
9868	34	11	21	18188	0	18254
9869	18194	17	20	154	0	18385
9870	98	18183	35	48	0	18364
9871	37	116	18218	39	0	18410
9872	30	18623	106	41	0	18800
9873	18470	94	27	76	0	18667
9874	18752	14	32	80	0	18878
9875	129	20	13	18711	0	18873
9876	19014	13	14	159	0	19200
9877	135	10	15	19081	0	19241
9878	19028	19	17	170	0	19234
9879	19318	23	17	95	0	19453
9880	150	21	11	19919	0	20101
9881	20068	10	20	182	0	20280
9882	138	49	20153	48	0	20388
9883	19907	12	103	97	0	20119
9884	151	13	26	20301	0	20491
9885	20391	14	26	171	0	20602
9886	135	20605	39	48	0	20827
9887	65	111	21	20647	0	20844
9888	69	35	26	20715	0	20845
9889	20682	25	21	205	0	20933
9890	145	41	20721	58	0	20965
9891	55	20733	138	94	0	21020
9892	86	103	25	20935	0	21149
9893	45	21084	61	138	0	21328
9894	54	122	20	21319	0	21515
9895	72	28	18	21199	0	21317
9896	46	32	26	21317	0	21421
9897	21084	24	15	202	0	21325
9898	135	21	17	20827	0	21000
9899	20903	23	23	203	0	21152
9900	20845	27	16	132	0	21020
9901	173	23	20	20966	0	21182
9902	20856	16	15	227	0	21114
9903	20766	21	19	148	0	20954
9904	155	52	20788	58	0	21053
9905	76	24	120	20766	0	20986
9906	20953	19	27	184	0	21183
9907	137	21062	61	59	0	21319
9908	21196	110	19	121	0	21446
9909	21151	29	17	97	0	21294
9910	148	50	20988	54	0	21240
9911	76	19	121	20664	0	20880
9912	21845	15	35	205	0	22100
9913	197	12	25	22434	0	22668
9914	96	16	19	23349	0	23480
9915	83	15	27	23720	0	23845
9916	83	24	22	24707	0	24836
9917	24441	14	23	371	0	24849
9918	297	44	25007	98	0	25446
9919	123	50	270	25652	0	26095
9920	77	56	27505	320	0	27958
9921	46	49	28540	126	0	28761
9922	28250	10	575	146	0	28981
9923	527	38	29739	60	0	30364
9924	194	28874	601	61	0	29730
9925	28988	492	319	112	0	29911
9926	29464	171	156	110	0	29901
9927	723	108	72	28955	0	29858
9928	313	69	29252	499	0	30133
9929	168	74	29114	206	0	29562
9930	29615	27	686	177	0	30505
9931	625	38	300	30138	0	31101
9932	30289	30	177	604	0	31100
9933	644	30750	131	231	0	31756
9934	30823	495	114	198	0	31630
9935	31051	186	73	161	0	31471
9936	760	30281	104	110	0	31255
9937	437	540	81	30316	0	31374
9938	30408	227	48	608	0	31291
9939	665	158	30248	237	0	31308
9940	325	30461	585	175	0	31546
9941	294	564	245	30243	0	31346
9942	30318	210	191	624	0	31343
9943	630	30401	129	289	0	31449
9944	30751	561	101	237	0	31650
9945	742	313	30349	121	0	31525
9946	30376	174	558	158	0	31266
9947	757	141	30650	99	0	31647
9948	30501	89	666	137	0	31393
9949	30439	76	304	132	0	30951
9950	871	100	29941	98	0	31010
9951	464	29812	652	132	0	31060
9952	381	545	318	29615	0	30859
9953	237	261	29975	609	0	31082
9954	214	29408	658	314	0	30594
9955	286	585	321	29241	0	30433
9956	254	281	225	29598	0	30358
9957	205	208	28988	814	0	30215
9958	299	102	673	28815	0	29889
9959	253	117	370	29247	0	29987
9960	189	129	28983	851	0	30152
9961	238	97	735	28523	0	29593
9962	200	28786	411	749	0	30146
9963	29134	584	303	398	0	30419
9964	754	307	251	28904	0	30216
9965	416	29346	264	686	0	30712
9966	399	628	256	28491	0	29774
9967	300	29736	266	749	0	31051
9968	330	742	29587	369	0	31028
9969	260	29752	767	325	0	31104
9970	29439	778	409	285	0	30911
9971	29725	355	338	270	0	30688
9972	29873	281	227	318	0	30699
9973	1087	238	29463	232	0	31020
9974	609	223	29377	219	0	30428
9975	454	29675	922	214	0	31265
9976	472	699	517	28672	0	30360
9977	385	29998	382	673	0	31438
9978	434	833	258	27809	0	29334
9979	372	29924	264	737	0	31297
9980	29949	861	224	408	0	31442
9981	31726	474	229	323	0	32752
9982	1133	387	203	32450	0	34173
9983	719	280	32273	817	0	34089
9984	32314	271	841	506	0	33932
9985	1051	32563	516	423	0	34553
9986	725	820	432	32182	0	34159
9987	636	432	340	32227	0	33635
9988	464	32839	352	1023	0	34678
9989	32957	906	289	627	0	34779
9990	1064	602	32440	398	0	34504
9991	736	443	857	32456	0	34492
9992	32637	330	498	948	0	34413
9993	32645	348	429	560	0	33982
9994	1324	32080	346	461	0	34211
9995	864	843	360	31528	0	33595
9996	567	32327	353	997	0	34244
9997	32624	998	316	624	0	34562
9998	1048	577	32461	493	0	34579
9999	594	558	32636	384	0	34172
10000	595	344	1057	32098	0	34094
10001	430	338	657	31941	0	33366
10002	426	31933	506	1125	0	33990
10003	423	848	422	32286	0	33979
10004	348	540	31774	1149	0	33811
10005	31340	414	902	761	0	33417
10006	956	332	488	31832	0	33608
10007	509	426	31172	1033	0	33140
10008	514	358	883	31191	0	32946
10009	390	299	555	31011	0	32255
10010	357	30797	443	1211	0	32808
10011	422	864	312	30655	0	32253
10012	373	483	328	30020	0	31204
10013	372	389	334	29624	0	30719
10014	27631	263	267	1310	0	29471
10015	762	26901	263	792	0	28718
10016	470	26670	222	580	0	27942
10017	25757	750	184	448	0	27139
10018	24995	463	207	348	0	26013
10019	913	23624	195	249	0	24981
10020	438	21859	140	181	0	22618
10021	19851	445	149	137	0	20582
10022	407	19660	79	124	0	20270
10023	231	19331	72	124	0	19758
10024	18793	435	261	126	0	19615
10025	331	18672	66	116	0	19185
10026	18428	396	68	149	0	19041
10027	18403	251	72	123	0	18849
10028	18325	198	58	126	0	18707
10029	512	17875	64	92	0	18543
10030	314	17755	40	112	0	18221
10031	290	373	29	17134	0	17826
10032	203	17491	39	278	0	18011
10033	222	391	37	17200	0	17850
10034	17161	254	53	370	0	17838
10035	341	209	56	16862	0	17468
10036	205	16571	72	431	0	17279
10037	16452	350	49	234	0	17085
10038	358	16240	42	232	0	16872
10039	240	16652	28	172	0	17092
10040	238	537	39	15920	0	16734
10041	179	16283	53	287	0	16802
10042	16169	379	92	179	0	16819
10043	323	275	15874	172	0	16644
10044	188	15794	266	166	0	16414
10045	212	325	144	15743	0	16424
10046	154	260	15678	341	0	16433
10047	181	221	271	15619	0	16292
10048	170	165	181	15811	0	16327
10049	160	169	145	15882	0	16356
10050	135	124	124	15900	0	16283
10051	138	117	15518	512	0	16285
10052	108	15431	311	395	0	16245
10053	15291	307	159	349	0	16106
10054	277	213	15153	285	0	15928
10055	15035	217	265	274	0	15791
10056	376	185	15251	192	0	16004
10057	290	155	361	15204	0	16010
10058	258	154	15228	332	0	15972
10059	175	130	15515	235	0	16055
10060	190	129	426	15251	0	15996
10061	161	112	291	15219	0	15783
10062	147	125	202	15542	0	16016
10063	128	133	172	15348	0	15781
10064	15004	114	119	558	0	15795
10065	289	129	14874	417	0	15709
10066	14837	125	261	350	0	15573
10067	14908	110	150	266	0	15434
10068	14922	128	150	230	0	15430
10069	14966	124	100	170	0	15360
10070	15031	95	118	149	0	15393
10071	620	107	70	14635	0	15432
10072	412	132	14295	308	0	15147
10073	329	137	13994	196	0	14656
10074	236	14116	278	207	0	14837
10075	13681	305	214	208	0	14408
10076	324	247	156	13539	0	14266
10077	222	330	116	13294	0	13962
10078	227	13239	100	327	0	13893
10079	211	13137	79	235	0	13662
10080	213	12789	53	178	0	13233
10081	10825	322	107	157	0	11411
10082	162	223	50	9302	0	9737
10083	37	9206	32	122	0	9397
10084	49	101	16	9157	0	9323
10085	31	40	9218	119	0	9408
10086	27	39	9559	42	0	9667
10087	48	34	116	10119	0	10317
10088	10393	28	53	151	0	10625
10089	10848	26	26	55	0	10955
10090	10868	29	8	45	0	10950
10091	204	24	10848	34	0	11110
10092	90	30	151	10874	0	11145
10093	59	32	53	11168	0	11312
10094	42	40	11062	185	0	11329
10095	10654	28	150	93	0	10925
10096	180	32	11115	50	0	11377
10097	54	19	11066	31	0	11170
10098	47	25	11233	32	0	11337
10099	37	10	206	11088	0	11341
10100	28	14	80	11292	0	11414
10101	24	15	11450	201	0	11690
10102	44	11	173	11525	0	11753
10103	11666	9	76	203	0	11954
10104	180	14	63	11848	0	12105
10105	71	14	12018	208	0	12311
10106	51	17	12574	86	0	12728
10107	50	13	220	12488	0	12771
10108	12820	11	94	212	0	13137
10109	210	13324	71	82	0	13687
10110	13599	185	46	85	0	13915
10111	13844	53	60	73	0	14030
10112	284	37	13995	57	0	14373
10113	137	15	226	13994	0	14372
10114	14177	11	103	254	0	14545
10115	14206	20	84	121	0	14431
10116	270	14084	63	96	0	14513
10117	148	182	53	14224	0	14607
10118	104	59	64	14417	0	14644
10119	64	40	14139	292	0	14535
10120	93	17	224	14123	0	14457
10121	75	30	14157	261	0	14523
10122	71	32	14054	108	0	14265
10123	77	23	274	13825	0	14199
10124	13745	6	124	284	0	14159
10125	229	13446	93	131	0	13899
10126	13480	189	74	111	0	13854
10127	13569	62	61	109	0	13801
10128	297	13454	92	65	0	13908
10129	150	193	70	13176	0	13589
10130	13106	79	39	243	0	13467
10131	262	13068	72	102	0	13504
10132	12998	193	58	83	0	13332
10133	256	12775	54	66	0	13151
10134	151	204	42	12586	0	12983
10135	115	82	58	12817	0	13072
10136	12675	47	47	277	0	13046
10137	12767	47	47	150	0	13011
10138	270	12833	66	107	0	13276
10139	142	180	12580	84	0	12986
10140	107	89	12591	88	0	12875
10141	76	69	246	12442	0	12833
10142	70	12721	143	226	0	13160
10143	102	162	103	12960	0	13327
10144	85	86	74	13187	0	13432
10145	98	64	69	13257	0	13488
10146	78	47	13051	287	0	13463
10147	88	50	13024	155	0	13317
10148	77	13268	256	127	0	13728
10149	103	196	118	13343	0	13760
10150	91	89	76	13822	0	14078
10151	80	85	13522	300	0	13987
10152	13160	61	229	178	0	13628
10153	264	45	121	13696	0	14126
10154	123	63	13774	257	0	14217
10155	13543	57	237	165	0	14002
10156	238	13884	125	136	0	14383
10157	129	209	14324	120	0	14782
10158	137	100	219	14353	0	14809
10159	14281	82	123	283	0	14769
10160	260	49	14505	160	0	14974
10161	150	50	243	14594	0	15037
10162	107	59	126	15060	0	15352
10163	75	56	115	15585	0	15831
10164	15637	42	97	380	0	16156
10165	252	15376	72	211	0	15911
10166	142	209	68	15613	0	16032
10167	95	114	15801	288	0	16298
10168	91	87	253	15612	0	16043
10169	78	15576	127	325	0	16106
10170	63	16140	117	178	0	16498
10171	16008	271	92	175	0	16546
10172	16173	122	66	158	0	16519
10173	329	100	15949	99	0	16477
10174	15738	67	252	131	0	16188
10175	290	15899	112	106	0	16407
10176	15920	245	97	117	0	16379
10177	316	106	74	15904	0	16400
10178	172	101	16148	278	0	16699
10179	155	74	254	16176	0	16659
10180	124	66	16116	296	0	16602
10181	15821	67	271	181	0	16340
10182	275	64	123	16187	0	16649
10183	139	16355	98	280	0	16872
10184	120	246	82	16522	0	16970
10185	110	116	16376	308	0	16910
10186	66	16119	243	185	0	16613
10187	15449	200	105	147	0	15901
10188	194	15067	85	97	0	15443
10189	83	14962	78	66	0	15189
10190	86	227	59	14660	0	15032
10191	47	14825	57	174	0	15103
10192	65	202	40	14994	0	15301
10193	63	100	14905	195	0	15263
10194	14321	63	162	101	0	14647
10195	14812	55	71	100	0	15038
10196	215	62	14686	59	0	15022
10197	14404	45	147	78	0	14674
10198	187	14514	90	54	0	14845
10199	14565	163	52	65	0	14845
10200	204	79	36	14420	0	14739
10201	102	58	14488	155	0	14803
10202	57	14807	158	99	0	15121
10203	96	164	95	14635	0	14990
10204	57	80	43	14710	0	14890
10205	14279	42	30	223	0	14574
10206	13786	30	44	140	0	14000
10207	175	13686	41	65	0	13967
10208	73	13320	29	54	0	13476
10209	36	13053	40	40	0	13169
10210	78	120	37	12882	0	13117
10211	12850	50	46	116	0	13062
10212	12660	27	21	51	0	12759
10213	131	28	12	12599	0	12770
10214	55	20	16	12593	0	12684
10215	12547	24	16	135	0	12722
10216	108	16	12	12775	0	12911
10217	44	33	12916	107	0	13100
10218	12945	15	77	90	0	13127
10219	13185	14	35	65	0	13299
10220	120	33	13458	33	0	13644
10221	13672	22	85	64	0	13843
10222	117	26	35	13953	0	14131
10223	65	19	23	14008	0	14115
10224	49	16	19	14090	0	14174
10225	14021	26	13	151	0	14211
10226	109	14397	29	72	0	14607
10227	69	93	18	14478	0	14658
10228	42	14304	16	120	0	14482
10229	14516	100	18	86	0	14720
10230	117	46	24	14745	0	14932
10231	76	34	15	15077	0	15202
10232	41	15096	26	171	0	15334
10233	41	136	15088	54	0	15319
10234	55	46	113	15283	0	15497
10235	15290	27	42	170	0	15529
10236	16189	29	30	85	0	16333
10237	206	45	16786	49	0	17086
10238	93	26	175	17274	0	17568
10239	48	17489	90	184	0	17811
10240	63	172	31	17904	0	18170
10241	17815	80	26	242	0	18163
10242	17884	42	28	128	0	18082
10243	286	37	16	17698	0	18037
10244	114	17471	22	224	0	17831
10245	18497	185	11	143	0	18836
10246	254	79	25	18932	0	19290
10247	19078	38	22	263	0	19401
10248	19943	40	17	155	0	20155
10249	341	39	23	19966	0	20369
10250	176	30	20	20056	0	20282
10251	111	24	18	20369	0	20522
10252	73	20277	24	335	0	20709
10253	82	206	12	20599	0	20899
10254	89	89	17	20507	0	20702
10255	55	72	19945	326	0	20398
10256	49	57	19620	175	0	19901
10257	71	41	257	19629	0	19998
10258	19527	23	108	296	0	19954
10259	224	19487	72	171	0	19954
10260	19234	196	50	114	0	19594
10261	271	106	19384	79	0	19840
10262	148	67	18856	80	0	19151
10263	70	19084	256	87	0	19497
10264	148	228	162	19146	0	19684
10265	60	109	19188	218	0	19575
10266	40	62	19648	126	0	19876
10267	71	60	243	19527	0	19901
10268	19555	28	111	267	0	19961
10269	19550	26	73	168	0	19817
10270	271	18	54	19501	0	19844
10271	127	46	20954	220	0	21347
10272	119	28	187	21381	0	21715
10273	85	33	110	21241	0	21469
10274	59	21401	75	270	0	21805
10275	21435	165	58	191	0	21849
10276	21457	84	46	140	0	21727
10277	255	21632	65	134	0	22086
10278	144	194	52	21327	0	21717
10279	68	21653	78	250	0	22049
10280	21695	191	41	159	0	22086
10281	232	121	21480	84	0	21917
10282	132	94	21028	77	0	21331
10283	83	89	21141	69	0	21382
10284	98	55	259	21277	0	21689
10285	89	33	125	21303	0	21550
10286	21174	30	91	313	0	21608
10287	225	29	57	21266	0	21577
10288	143	47	46	21752	0	21988
10289	84	56	22522	298	0	22960
10290	64	74	22024	169	0	22331
10291	22128	46	260	171	0	22605
10292	203	22431	140	113	0	22887
10293	22718	179	65	129	0	23091
10294	255	91	72	22753	0	23171
10295	148	50	72	22793	0	23063
10296	81	22566	95	270	0	23012
10297	89	187	60	22769	0	23105
10298	22564	86	46	284	0	22980
10299	226	54	41	22690	0	23011
10300	131	81	22712	245	0	23169
10301	77	22474	242	159	0	22952
10302	22224	174	102	171	0	22671
10303	22537	91	77	155	0	22860
10304	22580	54	67	157	0	22858
10305	22737	48	54	149	0	22988
10306	327	44	61	22564	0	22996
10307	197	41	48	22781	0	23067
10308	121	71	22757	298	0	23247
10309	143	40	179	22828	0	23190
10310	106	87	22631	269	0	23093
10311	106	33	199	22673	0	23011
10312	22618	55	101	330	0	23104
10313	210	23219	102	184	0	23715
10314	147	180	60	23540	0	23927
10315	128	91	60	23851	0	24130
10316	23482	55	61	342	0	23940
10317	23048	46	49	243	0	23386
10318	301	68	23058	132	0	23559
10319	132	23112	233	142	0	23619
10320	132	184	103	23057	0	23476
10321	110	90	73	23051	0	23324
10322	22719	47	71	373	0	23210
10323	22651	37	81	227	0	22996
10324	294	63	22812	118	0	23287
10325	147	82	22732	102	0	23063
10326	133	47	261	22531	0	22972
10327	126	38	109	22914	0	23187
10328	107	55	22758	288	0	23208
10329	22221	30	235	201	0	22687
10330	254	44	124	22723	0	23145
10331	22638	36	75	309	0	23058
10332	229	22688	94	174	0	23185
10333	24090	195	76	173	0	24534
10334	328	105	26269	115	0	26817
10335	146	26137	290	128	0	26701
10336	92	26403	149	78	0	26722
10337	25505	235	289	128	0	26157
10338	25307	70	47	114	0	25538
10339	291	67	28	25168	0	25554
10340	94	24994	54	210	0	25352
10341	60	25673	56	117	0	25906
10342	80	238	25	25769	0	26112
10343	25821	83	22	287	0	26213
10344	26057	50	17	135	0	26259
10345	267	49	25062	54	0	25432
10346	24495	19	177	98	0	24789
10347	231	25628	84	39	0	25982
10348	25907	225	40	78	0	26250
10349	285	29070	55	35	0	29445
10350	89	30945	55	54	0	31143
10351	194	522	45	32939	0	33700
10352	34822	189	64	543	0	35618
10353	35469	126	17	218	0	35830
10354	674	116	34951	135	0	35876
10355	362	63	493	35120	0	36038
10356	35319	37	166	619	0	36141
10357	737	43	123	35401	0	36304
10358	35524	43	79	709	0	36355
10359	35811	48	78	308	0	36245
10360	759	112	35355	211	0	36437
10361	437	55	509	35027	0	36028
10362	350	58	160	35351	0	35919
10363	275	56	140	35414	0	35885
10364	186	88	34383	797	0	35454
10365	231	45	568	34483	0	35327
10366	189	39	208	33844	0	34280
10367	106	33763	200	777	0	34846
10368	107	597	33563	389	0	34656
10369	94	33818	600	379	0	34891
10370	33782	631	197	255	0	34865
10371	678	244	153	32139	0	33214
10372	338	210	120	31693	0	32361
10373	214	31854	163	740	0	32971
10374	31844	582	77	402	0	32905
10375	32239	207	70	340	0	32856
10376	14739	17571	75	295	0	32680
10377	595	31699	112	251	0	32657
10378	31706	644	88	186	0	32624
10379	756	327	31198	147	0	32428
10380	381	259	31310	132	0	32082
10381	30853	172	679	214	0	31918
10382	684	30989	356	135	0	32164
10383	31066	569	242	195	0	32072
10384	749	271	31009	156	0	32185
10385	30957	208	605	248	0	32018
10386	801	31355	287	163	0	32606
10387	484	628	206	31385	0	32703
10388	448	266	150	31427	0	32291
10389	377	206	120	30443	0	31146
10390	314	163	121	30609	0	31207
10391	293	171	94	30144	0	30702
10392	206	29792	141	1012	0	31151
10393	29891	563	95	548	0	31097
10394	692	249	29561	409	0	30911
10395	389	241	561	29832	0	31023
10396	326	203	29793	757	0	31079
10397	316	176	692	29883	0	31067
10398	317	134	337	30269	0	31057
10399	29746	140	303	902	0	31091
10400	691	171	29399	498	0	30759
10401	311	29280	655	443	0	30689
10402	391	567	288	29370	0	30616
10403	313	261	252	29814	0	30640
10404	244	286	29423	838	0	30791
10405	315	215	606	29487	0	30623
10406	270	192	256	30096	0	30814
10407	29108	166	247	981	0	30502
10408	647	29074	204	592	0	30517
10409	29165	603	158	488	0	30414
10410	29590	271	141	428	0	30430
10411	965	234	116	29090	0	30405
10412	522	225	28792	735	0	30274
10413	439	216	28720	349	0	29724
10414	388	167	769	28268	0	29592
10415	356	151	404	28057	0	28968
10416	235	28154	317	879	0	29585
10417	28214	587	265	500	0	29566
10418	700	27666	294	393	0	29053
10419	334	28314	222	382	0	29252
10420	28119	781	134	371	0	29405
10421	812	396	117	27824	0	29149
10422	409	28535	175	741	0	29860
10423	445	676	136	28671	0	29928
10424	260	339	28262	877	0	29738
10425	247	302	28270	520	0	29339
10426	267	211	755	28282	0	29515
10427	185	194	28279	850	0	29508
10428	256	138	786	28075	0	29255
10429	266	150	384	28326	0	29126
10430	217	139	353	28451	0	29160
10431	27206	145	254	1018	0	28623
10432	595	26440	243	610	0	27888
10433	275	25744	172	491	0	26682
10434	23315	545	137	379	0	24376
10435	23451	283	123	320	0	24177
10436	665	241	100	22504	0	23510
10437	343	221	22230	584	0	23378
10438	320	165	457	22372	0	23314
10439	233	175	22266	622	0	23296
10440	214	22112	531	371	0	23228
10441	216	443	233	22050	0	22942
10442	21827	208	228	614	0	22877
10443	539	188	199	21908	0	22834
10444	267	163	21375	605	0	22410
10445	21098	142	482	363	0	22085
10446	563	168	21239	301	0	22271
10447	358	121	20584	210	0	21273
10448	237	19553	579	198	0	20567
10449	139	16070	265	117	0	16591
10450	172	14514	308	125	0	15119
10451	10941	376	561	252	0	12130
10452	10003	27	62	75	0	10167
10453	44	9	6	10178	0	10237
10454	14	4	5	10303	0	10326
10455	13	4	3	10503	0	10523
10456	6	10568	14	55	0	10643
10457	10616	37	4	33	0	10690
10458	33	10664	16	14	0	10727
10459	16	33	4	10763	0	10816
10460	10763	12	6	70	0	10851
10461	42	8	6	10928	0	10984
10462	15	5	3	11144	0	11167
10463	11170	3	5	73	0	11251
10464	11130	3	7	40	0	11180
10465	42	13	11199	15	0	11269
10466	13	15	11199	11	0	11238
10467	13	18	11518	8	0	11557
10468	16	9	51	11635	0	11711
10469	14	6	15	11823	0	11858
10470	3	11796	16	66	0	11881
10471	12110	40	13	53	0	12216
10472	63	11	6	12345	0	12425
10473	18	10	6	12558	0	12592
10474	5	12776	13	65	0	12859
10475	9	13380	14	19	0	13422
10476	25	70	2	13696	0	13793
10477	15	17	3	14654	0	14689
10478	14736	12	7	128	0	14883
10479	14807	7	10	62	0	14886
10480	110	12	4	14864	0	14990
10481	35	22	14885	96	0	15038
10482	30	26	14578	30	0	14664
10483	30	5	96	14996	0	15127
10484	25	10	30	14806	0	14871
10485	10	14711	30	124	0	14875
10486	14376	84	12	103	0	14575
10487	103	26	14	14476	0	14619
10488	23	34	14576	104	0	14737
10489	35	8	90	14840	0	14973
10490	14	28	14800	102	0	14944
10491	20	34	14937	31	0	15022
10492	20	36	102	15150	0	15308
10493	15136	10	48	140	0	15334
10494	87	17	15114	39	0	15257
10495	31	9	91	15144	0	15275
10496	26	32	15807	104	0	15969
10497	33	13	102	15925	0	16073
10498	46	10	27	16011	0	16094
10499	23	21	15957	113	0	16114
10500	13	26	15621	61	0	15721
10501	37	13	130	15697	0	15877
10502	17	12	50	16095	0	16174
10503	32	9	30	16142	0	16213
10504	29	10	22	15980	0	16041
10505	15899	6	20	190	0	16115
10506	15954	4	22	116	0	16096
10507	108	15951	41	54	0	16154
10508	16010	92	28	81	0	16211
10509	124	21	24	16180	0	16349
10510	16270	16	27	154	0	16467
10511	121	23	16350	51	0	16545
10512	16564	13	113	80	0	16770
10513	135	8	41	16885	0	17069
10514	59	6	26	17356	0	17447
10515	17281	6	27	203	0	17517
10516	157	12	28	18454	0	18651
10517	40	32	19074	198	0	19344
10518	19222	14	178	110	0	19524
10519	185	19748	77	84	0	20094
10520	87	158	42	20286	0	20573
10521	55	58	21552	215	0	21880
10522	51	32	224	21611	0	21918
10523	36	59	21773	278	0	22146
10524	51	31	256	22042	0	22380
10525	37	22215	87	298	0	22637
10526	66	235	65	22478	0	22844
10527	38	22960	58	302	0	23358
10528	67	308	38	22918	0	23331
10529	70	78	33	23904	0	24085
10530	61	57	46	24065	0	24229
10531	86	38	36	24097	0	24257
10532	83	34	44	24129	0	24290
10533	40	51	23706	455	0	24252
10534	65	36	284	23857	0	24242
10535	70	24	90	24166	0	24350
10536	24032	27	85	444	0	24588
10537	271	23837	75	229	0	24412
10538	23877	294	51	202	0	24424
10539	353	89	51	23962	0	24455
10540	94	119	23910	375	0	24498
10541	68	23988	328	208	0	24592
10542	23763	296	114	221	0	24394
10543	301	23721	131	170	0	24323
10544	77	24204	85	152	0	24518
10545	23954	347	62	201	0	24564
10546	329	157	55	24682	0	25223
10547	24582	105	52	468	0	25207
10548	411	55	44	24315	0	24825
10549	120	85	24231	470	0	24906
10550	111	98	23974	231	0	24414
10551	23550	51	362	242	0	24205
10552	24029	60	161	210	0	24460
10553	426	47	127	23556	0	24156
10554	213	60	60	23705	0	24038
10555	23292	67	57	478	0	23894
10556	367	22781	84	259	0	23491
10557	145	23205	78	208	0	23636
10558	22982	351	59	211	0	23603
10559	23123	137	77	191	0	23528
10560	445	22852	73	131	0	23501
10561	268	369	45	22801	0	23483
10562	192	169	22528	395	0	23284
10563	137	160	22594	158	0	23049
10564	22252	79	378	187	0	22896
10565	407	89	22458	161	0	23115
10566	228	79	395	22005	0	22707
10567	204	76	141	21849	0	22270
10568	134	21734	166	404	0	22438
10569	21646	334	109	216	0	22305
10570	449	130	76	21588	0	22243
10571	194	152	21133	395	0	21874
10572	178	21005	320	263	0	21766
10573	159	394	117	20851	0	21521
10574	134	154	20602	369	0	21259
10575	124	166	20090	172	0	20552
10576	103	19727	400	166	0	20396
10577	18689	305	178	140	0	19312
10578	337	18721	153	136	0	19347
10579	18679	331	101	161	0	19272
10580	349	137	18552	137	0	19175
10581	18283	118	317	146	0	18864
10582	375	18476	152	133	0	19136
10583	212	301	122	18496	0	19131
10584	161	123	131	18917	0	19332
10585	18736	122	88	405	0	19351
10586	330	124	18662	210	0	19326
10587	18680	111	319	187	0	19297
10588	18801	82	131	168	0	19182
10589	391	98	18268	135	0	18892
10590	175	99	18472	121	0	18867
10591	195	131	356	18164	0	18846
10592	18254	95	173	366	0	18888
10593	18394	77	168	145	0	18784
10594	385	18403	140	162	0	19090
10595	226	325	98	18593	0	19242
10596	219	135	94	18132	0	18580
10597	172	125	85	18280	0	18662
10598	180	96	95	18408	0	18779
10599	18236	67	112	446	0	18861
10600	419	85	94	18426	0	19024
10601	185	109	18237	415	0	18946
10602	180	94	18137	176	0	18587
10603	18071	82	360	171	0	18684
10604	375	17989	180	153	0	18697
10605	184	18498	181	122	0	18985
10606	237	348	115	18447	0	19147
10607	191	145	96	18690	0	19122
10608	174	125	95	18546	0	18940
10609	161	76	98	18663	0	18998
10610	111	92	18175	469	0	18847
10611	170	63	304	17995	0	18532
10612	187	57	100	17967	0	18311
10613	98	76	17260	427	0	17861
10614	16461	48	355	248	0	17112
10615	328	16561	153	353	0	17395
10616	15457	207	146	163	0	15973
10617	289	62	14959	130	0	15440
10618	129	71	14573	100	0	14873
10619	98	14290	266	98	0	14752
10620	12871	404	608	194	0	14077
10621	12209	81	135	86	0	12511
10622	12104	31	47	68	0	12250
10623	194	11778	45	57	0	12074
10624	11355	136	53	55	0	11599
10625	171	49	11326	47	0	11593
10626	62	11233	147	56	0	11498
10627	10975	121	79	54	0	11229
10628	145	10989	61	33	0	11228
10629	10556	135	29	43	0	10763
10630	10572	38	17	49	0	10676
10631	150	36	10581	40	0	10807
10632	71	10622	133	28	0	10854
10633	10476	112	44	41	0	10673
10634	139	48	10338	20	0	10545
10635	57	10349	117	33	0	10556
10636	63	124	52	9969	0	10208
10637	34	44	9914	85	0	10077
10638	34	54	9650	30	0	9768
10639	51	55	105	9645	0	9856
10640	9494	16	54	108	0	9672
10641	96	9523	41	46	0	9706
10642	45	90	9384	30	0	9549
10643	52	32	9234	19	0	9337
10644	8927	35	117	20	0	9099
10645	95	9203	56	19	0	9373
10646	8441	55	43	21	0	8560
10647	69	8463	27	14	0	8573
10648	8706	67	24	24	0	8821
10649	8680	28	11	18	0	8737
10650	94	8654	25	7	0	8780
10651	47	76	13	8738	0	8874
10652	9215	30	10	90	0	9345
10653	98	22	10	9414	0	9544
10654	43	19	15	9901	0	9978
10655	9877	8	18	125	0	10028
10656	96	9873	25	42	0	10036
10657	10038	88	10	32	0	10168
10658	109	44	10069	20	0	10242
10659	65	17	84	10187	0	10353
10660	38	15	36	10231	0	10320
10661	10172	18	21	132	0	10343
10662	10229	7	13	65	0	10314
10663	130	21	11	10195	0	10357
10664	58	21	10320	102	0	10501
10665	45	11	81	10321	0	10458
10666	38	15	33	10458	0	10544
10667	28	15	20	10480	0	10543
10668	36	11	13	10525	0	10585
10669	10417	15	12	150	0	10594
10670	96	23	10391	66	0	10576
10671	50	10498	98	55	0	10701
10672	30	83	38	10496	0	10647
10673	36	30	19	10764	0	10849
10674	31	29	10734	131	0	10925
10675	34	28	10695	55	0	10812
10676	27	16	124	10893	0	11060
10677	32	9	56	10992	0	11089
10678	25	14	10793	142	0	10974
10679	21	12	106	10828	0	10967
10680	10890	12	42	147	0	11091
10681	115	11170	34	64	0	11383
10682	53	103	11087	42	0	11285
10683	30	11152	110	39	0	11331
10684	27	114	41	11223	0	11405
10685	24	48	11218	121	0	11411
10686	28	11197	105	67	0	11397
10687	25	102	48	11212	0	11387
10688	18	46	11389	109	0	11562
10689	25	29	111	11347	0	11512
10690	26	17	43	11425	0	11511
10691	11346	10	40	168	0	11564
10692	118	13	18	11412	0	11561
10693	11403	13	21	166	0	11603
10694	11110	21	26	62	0	11219
10695	11124	15	24	57	0	11220
10696	149	18	18	11079	0	11264
10697	71	24	10928	125	0	11148
10698	40	19	10790	64	0	10913
10699	10899	16	128	51	0	11094
10700	114	20	10973	38	0	11145
10701	10735	6	124	44	0	10909
10702	113	10894	63	42	0	11112
10703	10987	79	36	58	0	11160
10704	129	41	11159	28	0	11357
10705	56	32	11389	37	0	11514
10706	54	20	125	11667	0	11866
10707	36	19	11970	126	0	12151
10708	35	24	12238	54	0	12351
10709	38	18	163	12762	0	12981
10710	47	9	69	12941	0	13066
10711	41	15	55	13253	0	13364
10712	32	13232	38	214	0	13516
10713	43	132	38	13123	0	13336
10714	24	13492	52	150	0	13718
10715	13499	155	35	92	0	13781
10716	13750	65	27	65	0	13907
10717	204	34	38	13388	0	13664
10718	84	13387	45	172	0	13688
10719	50	151	13625	81	0	13907
10720	13700	60	171	76	0	14007
10721	176	39	81	13732	0	14028
10722	97	21	45	13825	0	13988
10723	68	31	40	13861	0	14000
10724	13625	21	37	268	0	13951
10725	178	13350	44	128	0	13700
10726	75	13566	41	79	0	13761
10727	13150	199	25	62	0	13436
10728	178	13225	32	47	0	13482
10729	13298	182	30	61	0	13571
10730	13413	63	34	58	0	13568
10731	216	13193	34	57	0	13500
10732	111	171	26	13070	0	13378
10733	63	13145	39	179	0	13426
10734	63	175	23	13187	0	13448
10735	58	77	19	13566	0	13720
10736	13587	42	24	261	0	13914
10737	13850	46	28	115	0	14039
10738	256	51	31	13748	0	14086
10739	103	51	13567	217	0	13938
10740	13437	43	170	120	0	13770
10741	220	13500	73	88	0	13881
10742	104	196	39	13511	0	13850
10743	96	80	30	13670	0	13876
10744	91	57	29	13723	0	13900
10745	13289	57	29	283	0	13658
10746	13330	35	23	149	0	13537
10747	248	12831	37	100	0	13216
10748	114	12809	41	89	0	13053
10749	111	193	20	12689	0	13013
10750	98	99	26	12759	0	12982
10751	48	83	12624	246	0	13001
10752	63	72	154	12252	0	12541
10753	60	36	12016	224	0	12336
10754	63	37	11520	109	0	11729
10755	71	11444	190	92	0	11797
10756	109	159	87	11410	0	11765
10757	11434	75	52	203	0	11764
10758	186	53	34	11308	0	11581
10759	93	61	11205	195	0	11554
10760	11070	37	156	125	0	11388
10761	11151	40	59	95	0	11345
10762	215	53	11030	81	0	11379
10763	126	33	168	11194	0	11521
10764	11013	42	68	211	0	11334
10765	205	11121	50	101	0	11477
10766	11186	174	49	102	0	11511
10767	11431	84	41	93	0	11649
10768	237	56	41	11314	0	11648
10769	115	43	36	11636	0	11830
10770	11565	26	47	256	0	11894
10771	234	34	40	11564	0	11872
10772	104	43	11533	243	0	11923
10773	11302	42	169	128	0	11641
10774	11409	41	73	102	0	11625
10775	239	11124	45	107	0	11515
10776	116	11204	52	86	0	11458
10777	109	220	23	11042	0	11394
10778	78	11153	45	189	0	11465
10779	96	212	44	11136	0	11488
10780	11024	81	32	217	0	11354
10781	10835	47	29	124	0	11035
10782	235	10624	27	90	0	10976
10783	10538	156	28	99	0	10821
10784	215	10437	42	63	0	10757
10785	10437	167	30	78	0	10712
10786	10519	77	38	72	0	10706
10787	250	54	10241	67	0	10612
10788	10086	47	147	89	0	10369
10789	210	10004	75	78	0	10367
10790	122	10138	40	63	0	10363
10791	10092	181	55	63	0	10391
10792	236	107	29	10054	0	10426
10793	125	56	10031	178	0	10390
10794	104	47	146	10109	0	10406
10795	104	53	65	10177	0	10399
10796	83	54	9933	229	0	10299
10797	9747	42	145	108	0	10042
10798	194	9749	70	90	0	10103
10799	9606	150	42	71	0	9869
10800	233	77	33	9310	0	9653
10801	9301	48	22	172	0	9543
10802	190	9176	33	108	0	9507
10803	129	183	24	9098	0	9434
10804	8991	64	30	184	0	9269
10805	184	38	8555	99	0	8876
10806	93	34	8027	68	0	8222
10807	7689	53	205	53	0	8000
10808	156	7478	66	46	0	7746
10809	55	6929	35	35	0	7054
10810	152	143	102	6529	0	6926
10811	48	6609	23	102	0	6782
10812	45	99	48	6591	0	6783
10813	51	44	21	6671	0	6787
10814	35	25	30	6553	0	6643
10815	44	6400	31	108	0	6583
10816	45	88	16	6296	0	6445
10817	36	50	6199	93	0	6378
10818	43	6061	67	52	0	6223
10819	28	95	22	5705	0	5850
10820	28	5700	23	73	0	5824
10821	5657	62	28	39	0	5786
10822	5664	28	14	39	0	5745
10823	5678	23	18	28	0	5747
10824	89	5715	20	27	0	5851
10825	42	60	9	5601	0	5712
10826	42	33	5553	46	0	5674
10827	31	28	5537	35	0	5631
10828	5401	29	64	29	0	5523
10829	5344	22	26	39	0	5431
10830	66	14	13	5503	0	5596
10831	57	15	16	5579	0	5667
10832	23	16	5691	75	0	5805
10833	20	5611	65	45	0	5741
10834	34	5651	25	24	0	5734
10835	26	52	5348	27	0	5453
10836	38	74	52	5079	0	5243
10837	18	18	25	4943	0	5004
10838	14	14	4	5083	0	5115
10839	12	16	6	5078	0	5112
10840	5039	7	7	61	0	5114
10841	41	12	4925	24	0	5002
10842	4874	7	38	22	0	4941
10843	39	13	18	4880	0	4950
10844	4903	4	3	53	0	4963
10845	43	13	7	4902	0	4965
10846	23	7	4948	42	0	5020
10847	19	16	34	4958	0	5027
10848	9	13	5124	41	0	5187
10849	17	14	40	5030	0	5101
10850	10	8	5201	41	0	5260
10851	10	5262	40	18	0	5330
10852	13	37	15	5259	0	5324
10853	9	17	10	5304	0	5340
10854	7	5343	11	47	0	5408
10855	5482	35	10	25	0	5552
10856	39	14	6	5482	0	5541
10857	20	4	6	5487	0	5517
10858	5632	9	5	64	0	5710
10859	5740	10	5	34	0	5789
10860	5961	4	7	19	0	5991
10861	5952	6	5	24	0	5987
10862	60	10	5814	13	0	5897
10863	5737	12	40	14	0	5803
10864	5846	4	13	19	0	5882
10865	62	16	7	5631	0	5716
10866	26	3	9	5611	0	5649
10867	5415	3	10	55	0	5483
10868	45	5384	5	23	0	5457
10869	19	29	5	5210	0	5263
10870	5	10	5305	35	0	5355
10871	7	5219	29	17	0	5272
10872	5144	33	26	13	0	5216
10873	5195	10	6	9	0	5220
10874	5216	1	3	15	0	5235
10875	5265	3	5	8	0	5281
10876	37	6	2	5163	0	5208
10877	19	5	5123	29	0	5176
10878	12	3	5309	10	0	5334
10879	12	3	42	5598	0	5655
10880	5860	2	11	48	0	5921
10881	49	2	9	5902	0	5962
10882	14	9	5995	46	0	6064
10883	6036	2	49	21	0	6108
10884	6063	0	11	16	0	6090
10885	72	2	4	6151	0	6229
10886	25	3	6351	50	0	6429
10887	11	5	6593	15	0	6624
10888	6482	0	58	15	0	6555
10889	55	6518	18	10	0	6601
10890	19	51	6622	7	0	6699
10891	16	15	53	6584	0	6668
10892	6606	4	25	62	0	6697
10893	55	6506	9	16	0	6586
10894	26	6562	8	8	0	6604
10895	6524	60	7	22	0	6613
10896	64	13	13	6532	0	6622
10897	6844	8	8	58	0	6918
10898	70	6	6	6966	0	7048
10899	37	15	5	7001	0	7058
10900	15	12	7031	65	0	7123
10901	17	1	6896	28	0	6942
10902	27	13	7101	13	0	7154
10903	20	8	66	7105	0	7199
10904	7152	5	26	77	0	7260
10905	66	10	7194	24	0	7294
10906	37	6	66	7217	0	7326
10907	12	20	7361	64	0	7457
10908	19	7469	66	30	0	7584
10909	29	57	21	7535	0	7642
10910	25	17	16	7565	0	7623
10911	21	7	15	7552	0	7595
10912	7503	8	17	92	0	7620
10913	75	12	15	7466	0	7568
10914	39	7	14	7542	0	7602
10915	7526	5	18	94	0	7643
10916	66	8	7463	38	0	7575
10917	7460	5	59	37	0	7561
10918	7424	6	33	25	0	7488
10919	76	9	7437	25	0	7547
10920	7365	5	64	33	0	7467
10921	76	12	32	7557	0	7677
10922	29	14	7654	68	0	7765
10923	7670	5	60	40	0	7775
10924	7678	4	29	41	0	7752
10925	99	5	19	7674	0	7797
10926	44	7	20	7696	0	7767
10927	27	3	18	7747	0	7795
10928	7675	4	10	91	0	7780
10929	76	7705	21	30	0	7832
10930	7574	53	17	36	0	7680
10931	124	7308	14	32	0	7478
10932	27	7372	29	27	0	7455
10933	43	83	24	7373	0	7523
10934	44	29	10	7468	0	7551
10935	34	11	14	7420	0	7479
10936	35	14	13	7437	0	7499
10937	18	13	7373	89	0	7493
10938	7339	6	64	52	0	7461
10939	80	8	26	7422	0	7536
10940	32	16	7504	81	0	7633
10941	32	10	62	7551	0	7655
10942	39	10	31	7617	0	7697
10943	21	15	7866	87	0	7989
10944	36	14	58	7888	0	7996
10945	19	17	27	7952	0	8015
10946	7917	9	16	109	0	8051
10947	65	9	8007	58	0	8139
10948	7824	8	68	50	0	7950
10949	71	8163	31	45	0	8310
10950	8101	55	21	46	0	8223
10951	7958	16	25	42	0	8041
10952	97	13	23	7935	0	8068
10953	41	16	7899	80	0	8036
10954	32	8160	72	41	0	8305
10955	32	75	28	7941	0	8076
10956	29	8293	30	75	0	8427
10957	8277	67	24	58	0	8426
10958	70	29	8073	44	0	8216
10959	38	26	8012	34	0	8110
10960	34	12	80	7888	0	8014
10961	26	16	8136	81	0	8259
10962	43	13	69	8239	0	8364
10963	28	14	32	8312	0	8386
10964	8411	11	21	97	0	8540
10965	73	8464	22	50	0	8609
10966	41	68	21	8535	0	8665
10967	43	25	20	8655	0	8743
10968	32	17	15	8640	0	8704
10969	26	8568	27	103	0	8724
10970	28	8664	19	51	0	8762
10971	8578	72	24	48	0	8722
10972	8625	30	21	34	0	8710
10973	8574	16	17	44	0	8651
10974	97	17	8493	32	0	8639
10975	51	31	72	8463	0	8617
10976	17	14	8424	100	0	8555
10977	23	8398	89	43	0	8553
10978	8112	73	46	49	0	8280
10979	67	31	8013	26	0	8137
10980	45	27	50	7765	0	7887
10981	26	11	7904	62	0	8003
10982	7743	18	61	38	0	7860
10983	7917	7	28	28	0	7980
10984	7899	10	21	35	0	7965
10985	7798	11	9	34	0	7852
10986	65	13	7873	25	0	7976
10987	7617	6	49	22	0	7694
10988	7704	7	18	23	0	7752
10989	58	7645	28	15	0	7746
10990	7537	38	8	23	0	7606
10991	7646	14	16	20	0	7696
10992	64	10	15	7563	0	7652
10993	25	7816	18	50	0	7909
10994	8121	41	14	31	0	8207
10995	8602	15	11	30	0	8658
10996	79	17	9396	16	0	9508
10997	34	7	9588	14	0	9643
10998	21	12	9767	15	0	9815
10999	28	28	108	9684	0	9848
11000	9640	13	50	83	0	9786
11001	86	9614	26	58	0	9784
11002	9542	73	16	32	0	9663
11003	98	9554	22	15	0	9689
11004	9474	88	21	20	0	9603
11005	92	9402	25	12	0	9531
11006	42	9531	14	17	0	9604
11007	9340	97	11	10	0	9458
11008	96	9409	9	12	0	9526
11009	45	89	13	9389	0	9536
11010	27	39	9530	75	0	9671
11011	21	29	9592	26	0	9668
11012	27	17	95	9518	0	9657
11013	26	15	39	9655	0	9735
11014	20	16	9598	95	0	9729
11015	32	10	84	9566	0	9692
11016	20	11	38	9724	0	9793
11017	9661	8	27	119	0	9815
11018	89	9656	24	42	0	9811
11019	50	86	13	9442	0	9591
11020	29	9735	24	91	0	9879
11021	9745	87	14	46	0	9892
11022	88	9756	24	33	0	9901
11023	9735	99	11	39	0	9884
11024	9785	38	10	22	0	9855
11025	129	31	5	9639	0	9804
11026	73	24	9	9693	0	9799
11027	41	22	17	9732	0	9812
11028	40	21	21	9749	0	9831
11029	23	21	9564	128	0	9736
11030	9209	18	87	64	0	9378
11031	100	9534	42	44	0	9720
11032	55	93	26	9590	0	9764
11033	36	38	18	9640	0	9732
11034	27	9684	20	127	0	9858
11035	9725	97	20	68	0	9910
11036	95	9784	25	41	0	9945
11037	52	105	14	9844	0	10015
11038	47	52	9	9958	0	10066
11039	45	31	7	9984	0	10067
11040	25	31	15	9944	0	10015
11041	9814	17	15	146	0	9992
11042	102	36	9803	54	0	9995
11043	55	15	87	9609	0	9766
11044	40	24	37	9669	0	9770
11045	39	16	25	9658	0	9738
11046	29	15	20	9599	0	9663
11047	9365	11	17	159	0	9552
11048	106	23	9385	65	0	9579
11049	45	26	87	8970	0	9128
11050	28	8955	37	106	0	9126
11051	23	9169	27	49	0	9268
11052	9088	99	11	70	0	9268
11053	96	49	9117	31	0	9293
11054	8720	31	88	35	0	8874
11055	110	27	8885	27	0	9049
11056	55	15	88	8647	0	8805
11057	8814	22	27	105	0	8968
11058	85	9096	23	60	0	9264
11059	32	79	29	8873	0	9013
11060	33	9042	21	84	0	9180
11061	8963	83	21	55	0	9122
11062	8997	32	14	49	0	9092
11063	106	21	18	9017	0	9162
11064	40	36	8959	102	0	9137
11065	36	24	8942	54	0	9056
11066	29	27	88	8919	0	9063
11067	26	9194	47	89	0	9356
11068	25	87	31	9304	0	9447
11069	38	29	14	9182	0	9263
11070	27	32	14	9158	0	9231
11071	19	26	9122	121	0	9288
11072	27	18	81	9125	0	9251
11073	27	17	33	9174	0	9251
11074	18	9123	37	191	0	9369
11075	19	117	14	8927	0	9077
11076	17	26	14	9475	0	9532
11077	15	20	24	9512	0	9571
11078	26	13	20	9481	0	9540
11079	24	13	14	9389	0	9440
11080	25	24	9	9357	0	9415
11081	19	19	12	9202	0	9252
11082	26	23	12	9068	0	9129
11083	24	28	6998	1620	0	8670
11084	26	15	57	8878	0	8976
11085	8772	16	24	136	0	8948
11086	87	11	23	8656	0	8777
11087	35	11	8752	119	0	8917
11088	8709	12	73	75	0	8869
11089	8867	13	28	71	0	8979
11090	8872	16	25	61	0	8974
11091	8852	15	17	56	0	8940
11092	125	13	15	8923	0	9076
11093	60	21	8843	101	0	9025
11094	25	8628	80	64	0	8797
11095	21	8363	38	55	0	8477
11096	80	131	175	7237	0	7623
11097	32	16	67	7382	0	7497
11098	20	11	4	7463	0	7498
11099	10	9	3	7589	0	7611
11100	8	3	9	8229	0	8249
11101	8762	4	8	114	0	8888
11102	78	8879	8	43	0	9008
11103	21	9212	5	39	0	9277
11104	30	117	6	9319	0	9472
11105	19	37	9	9515	0	9580
11106	18	35	5	9517	0	9575
11107	13	19	7	9507	0	9546
11108	13	12	9216	160	0	9401
11109	16	9141	90	81	0	9328
11110	19	105	18	9077	0	9219
11111	8957	30	20	129	0	9136
11112	95	31	14	9019	0	9159
11113	29	20	9014	141	0	9204
11114	31	11	8892	69	0	9003
11115	24	18	9077	56	0	9175
11116	15	36	130	8972	0	9153
11117	9058	19	70	132	0	9279
11118	102	17	39	9143	0	9301
11119	34	12	22	9374	0	9442
11120	9284	8	15	168	0	9475
11121	115	3	23	9381	0	9522
11122	30	9	23	9461	0	9523
11123	31	16	9670	153	0	9870
11124	31	9715	103	87	0	9936
11125	31	101	32	10036	0	10200
11126	10012	32	34	162	0	10240
11127	109	35	28	10067	0	10239
11128	35	25	10115	170	0	10345
11129	50	10	114	10201	0	10375
11130	30	10248	32	182	0	10492
11131	31	111	44	10391	0	10577
11132	14	47	10353	164	0	10578
11133	16	10951	117	87	0	11171
11134	48	151	27	11001	0	11227
11135	36	41	37	11879	0	11993
11136	23	37	35	12102	0	12197
11137	24	25	32	12194	0	12275
11138	15	26	11956	232	0	12229
11139	11	11967	144	152	0	12274
11140	11950	131	59	117	0	12257
11141	12062	54	52	90	0	12258
11142	175	49	33	12008	0	12265
11143	83	41	11925	179	0	12228
11144	11863	20	133	117	0	12133
11145	168	15	61	12069	0	12313
11146	53	23	12275	202	0	12553
11147	63	25	154	12324	0	12566
11148	56	20	59	12366	0	12501
11149	58	19	48	12422	0	12547
11150	33	24	12498	257	0	12812
11151	44	13	158	12331	0	12546
11152	32	12510	69	225	0	12836
11153	12504	133	65	125	0	12827
11154	12576	53	43	110	0	12782
11155	12506	45	37	106	0	12694
11156	199	12375	44	85	0	12703
11157	12333	137	34	87	0	12591
11158	212	53	25	12095	0	12385
11159	12036	46	28	216	0	12326
11160	12096	38	31	131	0	12296
11161	206	32	11862	97	0	12197
11162	104	11698	149	75	0	12026
11163	11685	138	55	71	0	11949
11164	192	59	54	11588	0	11893
11165	87	61	11519	173	0	11840
11166	68	11501	145	100	0	11814
11167	11340	143	66	100	0	11649
11168	196	58	49	11332	0	11635
11169	102	47	45	11429	0	11623
11170	97	48	29	11427	0	11601
11171	66	11286	33	240	0	11625
11172	55	133	22	11368	0	11578
11173	47	11236	39	227	0	11549
11174	62	158	27	11190	0	11437
11175	44	75	11128	206	0	11453
11176	53	65	142	11159	0	11419
11177	58	50	57	11259	0	11424
11178	70	23	54	11303	0	11450
11179	40	38	11151	255	0	11484
11180	53	32	157	11196	0	11438
11181	59	39	58	11372	0	11528
11182	52	28	53	11417	0	11550
11183	60	24	52	11398	0	11534
11184	64	28	41	11447	0	11580
11185	43	47	11221	282	0	11593
11186	51	36	141	11272	0	11500
11187	53	32	61	11193	0	11339
11188	10855	20	58	280	0	11213
11189	156	10732	55	166	0	11109
11190	66	10974	39	143	0	11222
11191	83	170	26	10972	0	11251
11192	75	69	24	10849	0	11017
11193	35	10476	52	239	0	10802
11194	43	163	31	10468	0	10705
11195	29	10311	43	253	0	10636
11196	69	159	15	10201	0	10444
11197	70	74	21	9988	0	10153
11198	35	61	9619	216	0	9931
11199	30	9417	126	142	0	9715
11200	31	8889	55	103	0	9078
11201	7963	98	80	95	0	8236
11202	74	7902	37	65	0	8078
11203	53	96	29	7702	0	7880
11204	46	46	7556	100	0	7748
11205	34	54	62	7508	0	7658
11206	7425	25	45	121	0	7616
11207	76	27	7537	82	0	7722
11208	36	7646	77	74	0	7833
11209	46	73	44	7514	0	7677
11210	29	37	26	7773	0	7865
11211	7811	34	21	138	0	8004
11212	74	27	26	7930	0	8057
11213	35	25	23	7921	0	8004
11214	39	23	14	7927	0	8003
11215	43	19	13	7865	0	7940
11216	7735	23	14	151	0	7923
11217	7704	18	19	104	0	7845
11218	93	24	16	7705	0	7838
11219	7540	19	16	117	0	7692
11220	101	11	16	7432	0	7560
11221	46	28	7304	117	0	7495
11222	51	33	7227	63	0	7374
11223	36	78	85	6832	0	7031
11224	23	6863	47	91	0	7024
11225	38	52	31	6708	0	6829
11226	6619	34	18	100	0	6771
11227	62	35	12	6692	0	6801
11228	6617	19	17	106	0	6759
11229	76	31	9	6664	0	6780
11230	43	17	6673	96	0	6829
11231	28	6558	46	78	0	6710
11232	24	6642	37	58	0	6761
11233	34	168	28	5866	0	6096
11234	22	26	5977	67	0	6092
11235	6	5175	18	14	0	5213
11236	32	40	24	4897	0	4993
11237	4846	4	10	25	0	4885
11238	11	7	4960	7	0	4985
11239	10	5	11	5013	0	5039
11240	5	8	3	5131	0	5147
11241	1	12	5154	22	0	5189
11242	2	4	5033	9	0	5048
11243	0	0	5243	6	0	5249
11244	7	9	23	5263	0	5302
11245	5	6	5377	21	0	5409
11246	5255	2	22	13	0	5292
11247	25	4	4	5648	0	5681
11248	11	6	6484	28	0	6529
11249	5	6740	34	11	0	6790
11250	4	33	6706	7	0	6750
11251	12	15	42	6796	0	6865
11252	6932	9	14	53	0	7008
11253	41	4	6	7182	0	7233
11254	15	1	7	7285	0	7308
11255	7670	4	7	71	0	7752
11256	55	2	11	7852	0	7920
11257	18	3	7974	67	0	8062
11258	7948	2	57	29	0	8036
11259	55	8146	22	20	0	8243
11260	8200	54	9	18	0	8281
11261	68	14	5	8236	0	8323
11262	19	12	8263	59	0	8353
11263	16	17	8357	18	0	8408
11264	21	16	72	8454	0	8563
11265	12	14	22	8464	0	8512
11266	16	16	8640	71	0	8743
11267	9	9	8484	34	0	8536
11268	8652	2	88	26	0	8768
11269	76	3	33	8738	0	8850
11270	8838	3	24	97	0	8962
11271	89	3	12	8795	0	8899
11272	22	11	9203	88	0	9324
11273	20	11	9533	25	0	9589
11274	22	4	112	9691	0	9829
11275	14	3	30	9869	0	9916
11276	18	8	10036	113	0	10175
11277	10024	1	105	68	0	10198
11278	115	1	40	10379	0	10535
11279	10644	1	30	132	0	10807
11280	118	11509	23	46	0	11696
11281	47	127	23	11792	0	11989
11282	11851	25	14	174	0	12064
11283	161	31	11921	49	0	12162
11284	69	7	138	12021	0	12235
11285	49	13	46	12103	0	12211
11286	37	16	31	12270	0	12354
11287	16	16	12124	203	0	12359
11288	43	4	153	12133	0	12333
11289	16	12249	60	184	0	12509
11290	33	121	38	12365	0	12557
11291	21	42	12283	178	0	12524
11292	31	32	12387	75	0	12525
11293	33	21	179	12445	0	12678
11294	41	13	62	12573	0	12689
11295	32	18	42	12642	0	12734
11296	29	6	46	12689	0	12770
11297	12450	5	47	241	0	12743
11298	12486	4	34	123	0	12647
11299	182	9	12343	90	0	12624
11300	61	12509	176	66	0	12812
11301	52	133	49	12775	0	13009
11302	13046	48	34	215	0	13343
11303	12905	21	36	102	0	13064
11304	13240	21	38	75	0	13374
11305	13304	14	39	78	0	13435
11306	210	23	13101	61	0	13395
11307	12875	7	166	75	0	13123
11308	194	12851	67	68	0	13180
11309	97	131	37	12975	0	13240
11310	71	57	13028	188	0	13344
11311	81	27	173	12960	0	13241
11312	51	29	12997	198	0	13275
11313	55	27	188	13044	0	13314
11314	52	25	68	13235	0	13380
11315	13077	15	50	272	0	13414
11316	192	10	51	13200	0	13453
11317	73	28	13178	227	0	13506
11318	79	12	176	13469	0	13736
11319	13469	18	60	242	0	13789
11320	203	20	56	13603	0	13882
11321	82	27	13535	224	0	13868
11322	59	13429	184	115	0	13787
11323	13792	149	82	137	0	14160
11324	192	45	56	13621	0	13914
11325	79	13970	63	200	0	14312
11326	13972	154	43	147	0	14316
11327	208	59	13954	83	0	14304
11328	90	13916	186	85	0	14277
11329	82	157	77	14030	0	14346
11330	47	70	13903	217	0	14237
11331	79	37	184	13778	0	14078
11332	13725	27	84	248	0	14084
11333	188	36	13589	129	0	13942
11334	96	35	188	13577	0	13896
11335	79	29	13608	223	0	13939
11336	75	24	217	13631	0	13947
11337	88	31	67	13847	0	14033
11338	13571	33	52	268	0	13924
11339	197	13578	72	147	0	13994
11340	105	155	50	13733	0	14043
11341	13638	45	58	240	0	13981
11342	13662	34	55	152	0	13903
11343	229	48	53	13552	0	13882
11344	107	13264	52	229	0	13652
11345	82	13497	60	105	0	13744
11346	74	185	64	13272	0	13595
11347	91	80	56	13150	0	13377
11348	12260	30	39	245	0	12574
11349	185	26	39	12057	0	12307
11350	62	40	11766	191	0	12059
11351	11366	15	149	131	0	11661
11352	163	11440	60	91	0	11754
11353	11312	122	39	91	0	11564
11354	172	53	11535	67	0	11827
11355	64	11833	140	67	0	12104
11356	11795	145	93	85	0	12118
11357	11832	52	67	66	0	12017
11358	171	48	11959	62	0	12240
11359	11928	41	167	70	0	12206
11360	12219	25	53	65	0	12362
11361	203	12465	35	60	0	12763
11362	99	157	29	12806	0	13091
11363	67	54	12733	179	0	13033
11364	62	38	173	12939	0	13212
11365	48	45	12979	197	0	13269
11366	55	31	174	12749	0	13009
11367	12853	29	68	229	0	13179
11368	193	18	45	13130	0	13386
11369	75	32	13452	193	0	13752
11370	13503	18	185	115	0	13821
11371	225	15	69	13846	0	14155
11372	95	17	13428	182	0	13722
11373	13044	15	177	104	0	13340
11374	188	36	72	13177	0	13473
11375	85	27	12962	187	0	13261
11376	58	23	12723	93	0	12897
11377	87	153	188	12523	0	12951
11378	46	22	12743	175	0	12986
11379	45	12350	195	91	0	12681
11380	66	138	77	11497	0	11778
11381	11424	30	58	152	0	11664
11382	115	35	11553	45	0	11748
11383	47	26	11462	52	0	11587
11384	11209	6	158	50	0	11423
11385	118	19	11591	19	0	11747
11386	11220	7	132	54	0	11413
11387	120	11	11490	19	0	11640
11388	80	10	139	11387	0	11616
11389	33	26	11596	119	0	11774
11390	51	14	135	11574	0	11774
11391	31	24	11859	118	0	12032
11392	22	10	11720	66	0	11818
11393	11326	5	165	64	0	11560
11394	108	11787	89	27	0	12011
11395	11896	92	66	63	0	12117
11396	143	12021	60	32	0	12256
11397	68	113	53	12138	0	12372
11398	61	46	39	12342	0	12488
11399	12301	22	48	162	0	12533
11400	136	21	37	12215	0	12409
11401	65	24	12169	137	0	12395
11402	11870	10	138	86	0	12104
11403	12033	12	68	70	0	12183
11404	171	14	56	12003	0	12244
11405	84	24	12170	125	0	12403
11406	51	21	138	12181	0	12391
11407	44	12275	79	144	0	12542
11408	54	99	54	12457	0	12664
11409	50	48	47	12628	0	12773
11410	39	30	12408	172	0	12649
11411	11736	22	137	113	0	12008
11412	131	12377	74	77	0	12659
11413	12526	110	54	86	0	12776
11414	144	12609	60	56	0	12869
11415	78	116	46	12602	0	12842
11416	52	12729	54	144	0	12979
11417	45	135	12571	77	0	12828
11418	53	58	132	12322	0	12565
11419	48	40	70	12451	0	12609
11420	62	22	58	12521	0	12663
11421	12268	21	47	211	0	12547
11422	137	29	59	12271	0	12496
11423	12025	19	45	196	0	12285
11424	12050	27	48	124	0	12249
11425	11917	24	40	108	0	12089
11426	193	40	12029	55	0	12317
11427	117	15	138	12145	0	12415
11428	79	24	80	12559	0	12742
11429	68	20	76	12834	0	12998
11430	13203	16	54	222	0	13495
11431	185	31	57	13435	0	13708
11432	105	16	64	13650	0	13835
11433	14140	27	49	262	0	14478
11434	230	25	46	14514	0	14815
11435	110	35	14764	229	0	15138
11436	81	40	14966	123	0	15210
11437	76	21	246	15027	0	15370
11438	14938	17	115	275	0	15345
11439	14816	22	71	158	0	15067
11440	305	24	55	14749	0	15133
11441	121	36	14691	245	0	15093
11442	101	14564	219	125	0	15009
11443	97	181	84	14751	0	15113
11444	95	57	71	14917	0	15140
11445	105	36	61	14842	0	15044
11446	14658	27	60	345	0	15090
11447	223	40	14695	165	0	15123
11448	14725	25	214	127	0	15091
11449	272	20	80	14717	0	15089
11450	119	14684	82	265	0	15150
11451	14801	195	66	146	0	15208
11452	14795	68	52	128	0	15043
11453	285	52	15048	90	0	15475
11454	139	14359	228	94	0	14820
11455	83	14128	82	103	0	14396
11456	13921	205	86	91	0	14303
11457	247	83	45	13841	0	14216
11458	123	52	36	13754	0	13965
11459	95	39	50	13540	0	13724
11460	77	13090	40	261	0	13468
11461	57	12983	23	120	0	13183
11462	12600	171	31	89	0	12891
11463	198	65	18	12532	0	12813
11464	73	45	13155	192	0	13465
11465	86	41	193	13598	0	13918
11466	49	48	14566	249	0	14912
11467	54	48	14642	123	0	14867
11468	45	43	14714	75	0	14877
11469	36	13889	351	53	0	14329
11470	96	231	257	13349	0	13933
11471	37	13626	132	215	0	14010
11472	68	255	96	13437	0	13856
11473	63	124	49	13697	0	13933
11474	13484	81	42	352	0	13959
11475	228	49	26	13601	0	13904
11476	13418	47	33	328	0	13826
11477	13504	37	27	191	0	13759
11478	349	20	14	13216	0	13599
11479	191	13033	32	271	0	13527
11480	137	191	23	13029	0	13380
11481	86	12969	48	279	0	13382
11482	70	250	30	12966	0	13316
11483	53	139	12807	310	0	13309
11484	53	94	198	12953	0	13298
11485	60	62	105	13132	0	13359
11486	12758	48	70	395	0	13271
11487	228	12707	68	217	0	13220
11488	133	214	61	12786	0	13194
11489	105	116	47	12681	0	12949
11490	66	12455	33	370	0	12924
11491	75	230	45	12479	0	12829
11492	12138	138	38	342	0	12656
11493	12306	80	30	254	0	12670
11494	305	12009	41	174	0	12529
11495	193	240	24	12054	0	12511
11496	11822	139	30	307	0	12298
11497	287	11794	32	206	0	12319
11498	198	233	41	11523	0	11995
11499	114	11698	53	292	0	12157
11500	11641	257	46	211	0	12155
11501	282	162	11472	110	0	12026
11502	154	121	11479	110	0	11864
11503	123	93	300	11372	0	11888
11504	88	89	11427	283	0	11887
11505	92	58	302	11184	0	11636
11506	11051	54	192	322	0	11619
11507	237	66	11140	212	0	11655
11508	174	50	259	11015	0	11498
11509	138	53	152	11200	0	11543
11510	10960	50	93	408	0	11511
11511	281	11013	74	256	0	11624
11512	10975	237	62	189	0	11463
11513	10946	123	45	173	0	11287
11514	378	10601	42	138	0	11159
11515	266	248	46	10566	0	11126
11516	146	159	10501	267	0	11073
11517	147	107	210	10521	0	10985
11518	105	10533	123	290	0	11051
11519	10574	260	79	196	0	11109
11520	232	153	59	10648	0	11092
11521	159	103	10723	296	0	11281
11522	115	108	222	10908	0	11353
11523	94	67	121	11040	0	11322
11524	106	70	90	11121	0	11387
11525	108	51	64	11156	0	11379
11526	71	62	67	10881	0	11081
11527	79	50	10410	439	0	10978
11528	114	62	10037	306	0	10519
11529	41	9543	310	207	0	10101
11530	50	9485	159	181	0	9875
11531	9202	234	124	118	0	9678
11532	201	137	9221	89	0	9648
11533	8412	116	249	89	0	8866
11534	210	86	8199	60	0	8555
11535	147	68	7769	52	0	8036
11536	95	47	236	7480	0	7858
11537	7709	34	155	162	0	8060
11538	169	32	94	7832	0	8127
11539	121	30	79	7948	0	8178
11540	66	26	8416	275	0	8783
11541	77	19	164	8545	0	8805
11542	65	17	102	8616	0	8800
11543	44	25	65	8608	0	8742
11544	58	17	55	8604	0	8734
11545	49	12	52	8641	0	8754
11546	8307	18	30	329	0	8684
11547	141	21	18	8427	0	8607
11548	111	25	8085	262	0	8483
11549	80	36	119	8205	0	8440
11550	65	28	8103	220	0	8416
11551	82	32	160	8208	0	8482
11552	30	41	8432	207	0	8710
11553	39	40	185	8082	0	8346
11554	36	22	141	8293	0	8492
11555	24	33	8137	245	0	8439
11556	7749	21	150	185	0	8105
11557	134	18	8223	116	0	8491
11558	117	35	156	8278	0	8586
11559	8327	17	141	175	0	8660
11560	160	9	85	8444	0	8698
11561	130	58	53	8475	0	8716
11562	76	24	8465	247	0	8812
11563	48	8191	120	203	0	8562
11564	34	7374	80	116	0	7604
11565	22	7018	63	83	0	7186
11566	179	35	130	5653	0	5997
11567	5794	7	33	25	0	5859
11568	14	4	2	5808	0	5828
11569	15	4	3	5885	0	5907
11570	4	1	4	5957	0	5966
11571	6	3	0	5996	0	6005
11572	2	6002	6	29	0	6039
11573	3	10	1	6135	0	6149
11574	3	5	3	6166	0	6177
11575	1	6158	7	29	0	6195
11576	6198	11	1	21	0	6231
11577	12	10	2	6218	0	6242
11578	6240	3	1	23	0	6267
11579	6171	2	3	25	0	6201
11580	17	6321	7	7	0	6352
11581	11	13	0	6624	0	6648
11582	7	12	6600	17	0	6636
11583	4	10	6491	12	0	6517
11584	10	25	20	6553	0	6608
11585	6638	5	14	32	0	6689
11586	6760	0	5	33	0	6798
11587	19	3	3	6906	0	6931
11588	6938	3	3	36	0	6980
11589	15	6936	2	15	0	6968
11590	6944	13	3	23	0	6983
11591	16	7356	7	7	0	7386
11592	12	14	3	7497	0	7526
11593	12	12	1	7533	0	7558
11594	7	7553	8	28	0	7596
11595	7546	15	4	29	0	7594
11596	18	15	7479	13	0	7525
11597	12	4	17	7535	0	7568
11598	9	16	7629	14	0	7668
11599	9	11	13	7664	0	7697
11600	7735	0	11	44	0	7790
11601	25	3	7	7783	0	7818
11602	7744	4	7	37	0	7792
11603	7728	3	4	25	0	7760
11604	24	7	2	7791	0	7824
11605	20	8	7770	21	0	7819
11606	4	8162	24	14	0	8204
11607	14	16	7	8187	0	8224
11608	8130	11	4	44	0	8189
11609	23	17	8187	14	0	8241
11610	21	6	13	8278	0	8318
11611	10	6	13	8272	0	8301
11612	10	7	2	8307	0	8326
11613	8330	6	8	43	0	8387
11614	25	6	3	8300	0	8334
11615	18	3	7	8389	0	8417
11616	7	15	8474	35	0	8531
11617	11	4	22	8504	0	8541
11618	16	1	12	8640	0	8669
11619	13	2	4	8748	0	8767
11620	4	8737	17	50	0	8808
11621	10	25	5	8704	0	8744
11622	12	8	5	8652	0	8677
11623	8497	4	2	62	0	8565
11624	26	12	8409	19	0	8466
11625	10	16	8152	17	0	8195
11626	8	8499	34	18	0	8559
11627	12	21	10	8680	0	8723
11628	8670	11	19	49	0	8749
11629	30	5	5	8706	0	8746
11630	13	4	6	8732	0	8755
11631	14	5	6	8778	0	8803
11632	14	5	6	8671	0	8696
11633	5	1	6	8675	0	8687
11634	3	14	8611	56	0	8684
11635	7	7	26	8741	0	8781
11636	8717	3	7	74	0	8801
11637	31	8597	9	25	0	8662
11638	14	23	4	8732	0	8773
11639	11	11	11	8808	0	8841
11640	3	12	8473	55	0	8543
11641	13	6	36	8459	0	8514
11642	18	9	10	8966	0	9003
11643	9106	6	8	96	0	9216
11644	61	9290	7	41	0	9399
11645	21	64	3	9433	0	9521
11646	22	12	6	9573	0	9613
11647	25	34	7	9600	0	9666
11648	9	11	9737	102	0	9859
11649	10	14	9516	42	0	9582
11650	5	9711	92	35	0	9843
11651	13	10096	32	26	0	10167
11652	6	94	15	9872	0	9987
11653	2	10152	15	92	0	10261
11654	10	147	8	10623	0	10788
11655	9	29	11	11311	0	11360
11656	17	28	8	11859	0	11912
11657	15	16	9	12708	0	12748
11658	12	18	12629	252	0	12911
11659	15	19	144	12667	0	12845
11660	21	7	64	12825	0	12917
11661	13	8	51	12985	0	13057
11662	12701	5	35	323	0	13064
11663	151	12818	40	174	0	13183
11664	77	158	36	12495	0	12766
11665	46	12872	27	228	0	13173
11666	12674	211	13	154	0	13052
11667	12204	100	16	150	0	12470
11668	205	12813	19	109	0	13146
11669	117	13109	16	84	0	13326
11670	66	273	12834	80	0	13253
11671	55	13064	179	66	0	13364
11672	75	265	83	12952	0	13375
11673	12916	122	68	234	0	13340
11674	187	13042	46	122	0	13397
11675	120	243	26	13166	0	13555
11676	76	145	32	13319	0	13572
11677	60	101	30	13515	0	13706
11678	13242	81	11	348	0	13682
11679	214	65	13185	188	0	13652
11680	12989	62	168	142	0	13361
11681	231	12981	95	111	0	13418
11682	137	213	56	13009	0	13415
11683	83	113	12909	254	0	13359
11684	12678	85	194	151	0	13108
11685	220	12874	115	108	0	13317
11686	153	206	72	12654	0	13085
11687	91	12770	54	222	0	13137
11688	68	237	41	12900	0	13246
11689	78	122	44	13053	0	13297
11690	53	106	12765	305	0	13229
11691	67	77	12410	189	0	12743
11692	59	80	255	12399	0	12793
11693	43	77	12474	269	0	12863
11694	41	69	244	12450	0	12804
11695	46	37	123	12525	0	12731
11696	57	32	114	12643	0	12846
11697	12393	30	89	354	0	12866
11698	209	36	70	12516	0	12831
11699	97	41	12426	337	0	12901
11700	12498	39	202	239	0	12978
11701	209	30	104	12688	0	13031
11702	128	24	92	12839	0	13083
11703	12624	31	58	356	0	13069
11704	218	12806	85	221	0	13330
11705	141	181	63	13008	0	13393
11706	107	98	61	12784	0	13050
11707	12569	65	41	388	0	13063
11708	221	49	12550	255	0	13075
11709	143	47	193	12597	0	12980
11710	110	61	100	12691	0	12962
11711	85	52	77	12635	0	12849
11712	61	12448	72	393	0	12974
11713	82	183	54	12681	0	13000
11714	12474	87	56	364	0	12981
11715	197	12424	63	232	0	12916
11716	12220	201	46	203	0	12670
11717	219	12363	49	180	0	12811
11718	12379	247	36	157	0	12819
11719	268	141	12224	132	0	12765
11720	167	108	12199	128	0	12602
11721	12120	84	246	113	0	12563
11722	249	71	12316	113	0	12749
11723	159	70	239	12178	0	12646
11724	133	62	140	12016	0	12351
11725	123	37	105	12418	0	12683
11726	12165	51	93	358	0	12667
11727	248	49	12038	208	0	12543
11728	11989	57	202	176	0	12424
11729	271	44	114	12378	0	12807
11730	12316	42	90	296	0	12744
11731	310	46	66	12427	0	12849
11732	12732	40	61	302	0	13135
11733	305	48	75	13287	0	13715
11734	186	54	13434	311	0	13985
11735	13519	35	221	210	0	13985
11736	13878	45	122	175	0	14220
11737	375	32	74	13743	0	14224
11738	211	44	77	13639	0	13971
11739	159	13491	75	348	0	14073
11740	13367	184	82	241	0	13874
11741	279	13382	78	168	0	13907
11742	13054	194	45	150	0	13443
11743	284	116	12806	119	0	13325
11744	169	74	12800	129	0	13172
11745	151	74	12687	93	0	13005
11746	12517	75	297	95	0	12984
11747	246	12550	177	99	0	13072
11748	187	170	106	12340	0	12803
11749	12326	83	90	212	0	12711
11750	216	12368	105	144	0	12833
11751	166	344	77	11887	0	12474
11752	118	11917	76	205	0	12316
11753	97	11613	54	146	0	11910
11754	82	11398	40	109	0	11629
11755	10433	214	100	117	0	10864
11756	145	10338	39	60	0	10582
11757	41	9285	23	46	0	9395
11758	40	9219	30	26	0	9315
11759	9057	105	65	25	0	9252
11760	9037	37	34	32	0	9140
11761	110	29	8915	10	0	9064
11762	8696	19	73	24	0	8812
11763	9032	16	29	24	0	9101
11764	103	20	11	9073	0	9207
11765	9152	21	9	76	0	9258
11766	89	18	9120	28	0	9255
11767	39	9482	69	19	0	9609
11768	9479	73	37	30	0	9619
11769	105	36	13	9639	0	9793
11770	9582	11	13	97	0	9703
11771	90	30	9506	20	0	9646
11772	9506	14	74	16	0	9610
11773	102	16	22	9589	0	9729
11774	38	15	9610	77	0	9740
11775	25	9349	82	30	0	9486
11776	26	9607	24	14	0	9671
11777	48	85	26	9469	0	9628
11778	32	32	16	9448	0	9528
11779	20	9540	14	76	0	9650
11780	9521	82	13	39	0	9655
11781	9507	29	13	26	0	9575
11782	9463	25	4	25	0	9517
11783	93	9691	12	18	0	9814
11784	48	82	10	9475	0	9615
11785	30	9773	18	69	0	9890
11786	9780	77	14	40	0	9911
11787	9717	21	6	26	0	9770
11788	100	9624	11	21	0	9756
11789	9777	82	6	27	0	9892
11790	103	28	9	9840	0	9980
11791	41	28	9	9910	0	9988
11792	9971	25	9	104	0	10109
11793	9870	25	9	35	0	9939
11794	9915	25	5	30	0	9975
11795	118	21	7	9906	0	10052
11796	60	13	10	9981	0	10064
11797	36	24	9926	101	0	10087
11798	59	19	76	9890	0	10044
11799	49	15	21	9822	0	9907
11800	43	23	9599	96	0	9761
11801	36	19	9392	40	0	9487
11802	28	22	9610	34	0	9694
11803	31	14	97	9590	0	9732
11804	26	23	9440	90	0	9579
11805	41	19	81	9553	0	9694
11806	41	14	34	9696	0	9785
11807	32	23	9683	98	0	9836
11808	22	30	9643	36	0	9731
11809	29	16	98	9552	0	9695
11810	22	21	9918	105	0	10066
11811	30	25	9862	36	0	9953
11812	28	9912	108	36	0	10084
11813	10034	89	38	44	0	10205
11814	10096	23	32	46	0	10197
11815	10096	18	28	40	0	10182
11816	104	10008	33	29	0	10174
11817	52	10101	32	34	0	10219
11818	59	86	21	10160	0	10326
11819	45	34	25	10100	0	10204
11820	43	30	10017	99	0	10189
11821	44	20	83	10047	0	10194
11822	10090	22	28	116	0	10256
11823	106	22	27	9863	0	10018
11824	40	10222	23	105	0	10390
11825	10574	94	24	52	0	10744
11826	10723	26	32	52	0	10833
11827	10833	14	25	58	0	10930
11828	138	28	10861	38	0	11065
11829	65	32	98	10964	0	11159
11830	11622	16	39	131	0	11808
11831	147	29	11682	50	0	11908
11832	55	11322	131	46	0	11554
11833	39	10989	56	25	0	11109
11834	10460	116	65	42	0	10683
11835	108	10447	35	20	0	10610
11836	48	100	27	10269	0	10444
11837	26	55	10362	101	0	10544
11838	46	36	106	10372	0	10560
11839	10326	17	37	132	0	10512
11840	104	10250	23	45	0	10422
11841	10177	100	18	46	0	10341
11842	108	35	10180	34	0	10357
11843	51	40	103	9986	0	10180
11844	29	10339	31	104	0	10503
11845	38	98	36	10455	0	10627
11846	10506	33	30	130	0	10699
11847	10576	18	18	59	0	10671
11848	10594	18	26	44	0	10682
11849	10650	27	18	43	0	10738
11850	148	19	15	10413	0	10595
11851	50	34	10711	113	0	10908
11852	56	25	94	10538	0	10713
11853	31	10739	44	105	0	10919
11854	10768	88	16	68	0	10940
11855	112	38	10643	32	0	10825
11856	10409	16	102	43	0	10570
11857	125	19	29	10489	0	10662
11858	49	32	10805	100	0	10986
11859	54	17	95	10802	0	10968
11860	10906	14	39	122	0	11081
11861	10956	10	31	51	0	11048
11862	10951	12	22	39	0	11024
11863	128	25	10796	30	0	10979
11864	66	29	90	10747	0	10932
11865	40	22	10919	99	0	11080
11866	43	10889	96	39	0	11067
11867	10480	91	50	43	0	10664
11868	89	10380	29	30	0	10528
11869	10147	84	34	32	0	10297
11870	96	24	19	10087	0	10226
11871	39	10232	19	70	0	10360
11872	10310	76	13	42	0	10441
11873	91	29	10441	18	0	10579
11874	51	22	73	10365	0	10511
11875	10432	8	35	100	0	10575
11876	89	22	10458	27	0	10596
11877	43	15	74	10302	0	10434
11878	45	10406	32	75	0	10558
11879	29	76	29	10514	0	10648
11880	45	34	15	10561	0	10655
11881	10477	35	18	108	0	10638
11882	90	10477	20	49	0	10636
11883	48	86	21	10209	0	10364
11884	29	10382	11	97	0	10519
11885	42	81	22	10333	0	10478
11886	28	10495	19	93	0	10635
11887	10516	80	18	39	0	10653
11888	93	42	10672	32	0	10839
11889	50	27	77	10587	0	10741
11890	43	19	39	10537	0	10638
11891	32	17	26	10576	0	10651
11892	40	29	16	10457	0	10542
11893	35	22	10395	114	0	10566
11894	28	10571	82	62	0	10743
11895	10621	80	20	48	0	10769
11896	10752	32	14	34	0	10832
11897	111	10619	33	30	0	10793
11898	10804	80	9	56	0	10949
11899	10863	30	24	40	0	10957
11900	103	11065	22	36	0	11226
11901	59	83	13	10999	0	11154
11902	38	11154	26	79	0	11297
11903	11149	87	17	53	0	11306
11904	100	35	11055	30	0	11220
11905	10580	20	75	45	0	10720
11906	99	22	11214	29	0	11364
11907	48	19	93	11239	0	11399
11908	11210	14	26	114	0	11364
11909	111	23	11159	36	0	11329
11910	10776	16	80	45	0	10917
11911	11088	11	38	38	0	11175
11912	127	18	30	11196	0	11371
11913	52	11272	32	95	0	11451
11914	11438	99	17	50	0	11604
11915	113	39	16	11375	0	11543
11916	46	11417	8	103	0	11574
11917	11401	89	10	48	0	11548
11918	119	32	14	11489	0	11654
11919	37	11917	28	110	0	12092
11920	46	91	16	12175	0	12328
11921	12314	25	19	129	0	12487
11922	12279	18	20	67	0	12384
11923	12369	11	12	47	0	12439
11924	125	15	18	12087	0	12245
11925	52	14	15	11880	0	11961
11926	36	30	11958	98	0	12122
11927	45	68	87	12036	0	12236
11928	20	19	12243	104	0	12386
11929	31	22	11654	35	0	11742
11930	13	16	11521	14	0	11564
11931	3	11953	85	22	0	12063
11932	34	78	65	11724	0	11901
11933	11	12648	28	54	0	12741
11934	12998	75	14	54	0	13141
11935	13180	20	7	36	0	13243
11936	108	12	9	13455	0	13584
11937	30	18	13972	93	0	14113
11938	26	11	105	14056	0	14198
11939	14	17	14436	115	0	14582
11940	19	13	111	14407	0	14550
11941	12	14439	48	145	0	14644
11942	13	14798	35	51	0	14897
11943	14695	117	15	41	0	14868
11944	112	43	14752	33	0	14940
11945	53	22	107	14721	0	14903
11946	41	21	28	14889	0	14979
11947	14957	16	22	158	0	15153
11948	118	15082	27	57	0	15284
11949	15119	110	20	72	0	15321
11950	124	15412	27	41	0	15604
11951	15127	114	16	51	0	15308
11952	15407	43	19	47	0	15516
11953	157	31	18	15441	0	15647
11954	56	29	15480	127	0	15692
11955	15234	20	122	70	0	15446
11956	137	15557	50	45	0	15789
11957	15706	118	19	57	0	15900
11958	149	45	24	15290	0	15508
11959	80	28	12	15299	0	15419
11960	42	15272	27	145	0	15486
11961	50	126	10	15211	0	15397
11962	44	15418	26	138	0	15626
11963	61	122	16	15233	0	15432
11964	41	49	17	15097	0	15204
11965	14764	23	15	188	0	14990
11966	141	41	14819	58	0	15059
11967	54	14789	129	49	0	15021
11968	63	118	41	14932	0	15154
11969	15074	44	17	178	0	15313
11970	15314	29	25	72	0	15440
11971	15386	24	22	68	0	15500
11972	177	41	15219	47	0	15484
11973	15127	28	142	50	0	15347
11974	191	28	41	15416	0	15676
11975	15362	30	22	187	0	15601
11976	178	15189	36	69	0	15472
11977	86	144	19	15423	0	15672
11978	15275	47	18	193	0	15533
11979	182	15607	35	80	0	15904
11980	101	160	23	15787	0	16071
11981	58	81	15993	179	0	16311
11982	16148	29	163	101	0	16441
11983	16714	35	49	57	0	16855
11984	258	34	16649	44	0	16985
11985	96	16473	194	43	0	16806
11986	66	16985	64	40	0	17155
11987	81	221	34	16861	0	17197
11988	78	65	27	16827	0	16997
11989	71	40	27	16960	0	17098
11990	47	63	17053	258	0	17421
11991	17100	35	205	116	0	17456
11992	17825	37	71	94	0	18027
11993	18165	35	35	77	0	18312
11994	18228	31	35	68	0	18362
11995	18562	28	46	69	0	18705
11996	18878	31	34	71	0	19014
11997	369	29	32	19243	0	19673
11998	151	56	19184	277	0	19668
11999	96	48	19437	116	0	19697
12000	93	41	316	19446	0	19896
12001	106	38	96	19579	0	19819
12002	100	30	57	19501	0	19688
12003	72	19515	64	379	0	20030
12004	19733	286	47	166	0	20232
12005	327	20105	41	130	0	20603
12006	184	293	33	19764	0	20274
12007	19746	107	39	321	0	20213
12008	328	19670	41	145	0	20184
12009	193	282	36	19701	0	20212
12010	130	113	39	20075	0	20357
12011	111	59	37	20112	0	20319
12012	73	19676	60	411	0	20220
12013	88	282	32	19927	0	20329
12014	63	122	19870	409	0	20464
12015	120	65	284	20217	0	20686
12016	82	69	92	20443	0	20686
12017	90	72	49	20918	0	21129
12018	109	51	37	21062	0	21259
12019	86	72	20462	497	0	21117
12020	73	20383	330	260	0	21046
12021	101	327	108	20507	0	21043
12022	81	133	76	20969	0	21259
12023	112	77	56	20806	0	21051
12024	64	20171	78	542	0	20855
12025	57	20826	55	293	0	21231
12026	20404	404	38	232	0	21078
12027	383	160	48	20223	0	20814
12028	127	112	19958	443	0	20640
12029	89	19985	336	226	0	20636
12030	19424	350	129	201	0	20104
12031	366	140	19124	161	0	19791
12032	147	100	19071	164	0	19482
12033	106	90	18883	112	0	19191
12034	118	324	431	18063	0	18936
12035	83	79	18207	407	0	18776
12036	49	17692	401	216	0	18358
12037	81	305	168	17033	0	17587
12038	41	144	17169	357	0	17711
12039	74	116	320	16866	0	17376
12040	16643	61	157	417	0	17278
12041	296	82	16678	203	0	17259
12042	16371	58	354	168	0	16951
12043	331	16761	160	126	0	17378
12044	16667	296	103	144	0	17210
12045	390	112	116	16614	0	17232
12046	16582	89	122	363	0	17156
12047	16714	63	109	193	0	17079
12048	16520	79	91	154	0	16844
12049	424	16449	104	127	0	17104
12050	16401	297	84	130	0	16912
12051	16536	107	95	133	0	16871
12052	438	90	16220	101	0	16849
12053	223	16129	315	110	0	16777
12054	188	327	143	16063	0	16721
12055	176	129	112	16326	0	16743
12056	170	90	92	16372	0	16724
12057	108	100	15973	420	0	16601
12058	136	79	303	16069	0	16587
12059	123	66	16045	415	0	16649
12060	15995	56	333	224	0	16608
12061	16338	60	150	161	0	16709
12062	430	72	16118	124	0	16744
12063	16224	74	307	141	0	16746
12064	16504	50	157	126	0	16837
12065	16654	39	113	118	0	16924
12066	501	59	102	16162	0	16824
12067	236	89	16250	346	0	16921
12068	183	16314	323	195	0	17015
12069	186	284	143	16228	0	16841
12070	142	117	16302	353	0	16914
12071	114	89	15899	214	0	16316
12072	15537	58	376	176	0	16147
12073	325	16068	188	148	0	16729
12074	16183	250	126	174	0	16733
12075	16338	108	137	122	0	16705
12076	381	16173	140	115	0	16809
12077	16137	261	105	114	0	16617
12078	388	140	16344	96	0	16968
12079	227	82	16130	99	0	16538
12080	185	69	16037	94	0	16385
12081	139	15550	365	66	0	16120
12082	15131	248	257	93	0	15729
12083	15183	95	145	93	0	15516
12084	334	14634	131	80	0	15179
12085	189	15044	111	74	0	15418
12086	149	294	82	14901	0	15426
12087	143	147	85	15069	0	15444
12088	15064	99	89	290	0	15542
12089	283	15135	90	144	0	15652
12090	14914	252	74	119	0	15359
12091	14756	105	78	98	0	15037
12092	322	89	14419	72	0	14902
12093	188	14196	237	53	0	14674
12094	200	274	133	13937	0	14544
12095	13791	95	90	198	0	14174
12096	303	73	89	13536	0	14001
12097	12940	43	90	177	0	13250
12098	197	81	12705	61	0	13044
12099	107	12453	164	83	0	12807
12100	119	12608	75	70	0	12872
12101	131	226	97	12165	0	12619
12102	104	12661	75	112	0	12952
12103	12591	189	76	84	0	12940
12104	167	95	12391	67	0	12720
12105	11981	81	131	82	0	12275
12106	183	69	12533	59	0	12844
12107	110	69	131	12524	0	12834
12108	129	53	59	12634	0	12875
12109	114	49	60	12718	0	12941
12110	12560	36	48	180	0	12824
12111	166	46	12688	86	0	12986
12112	88	40	117	12701	0	12946
12113	91	55	58	12638	0	12842
12114	68	12512	56	157	0	12793
12115	86	12386	47	93	0	12612
12116	66	12789	65	77	0	12997
12117	53	129	37	12557	0	12776
12118	34	72	29	12449	0	12584
12119	25	12168	26	75	0	12294
12120	19	12276	28	31	0	12354
12121	12289	46	36	72	0	12443
12122	59	44	12	12301	0	12416
12123	21	12209	12	41	0	12283
12124	12405	30	23	25	0	12483
12125	50	5	10	12659	0	12724
12126	13431	3	10	64	0	13508
12127	61	7	7	13794	0	13869
12128	19	23	14133	50	0	14225
12129	13	14182	52	25	0	14272
12130	14100	45	12	48	0	14205
12131	51	25	14389	9	0	14474
12132	16	14489	54	21	0	14580
12133	19	73	20	14534	0	14646
12134	16	9	9	14694	0	14728
12135	15	14	5	14590	0	14624
12136	12	8	7	14620	0	14647
12137	8	21	14637	58	0	14724
12138	6	14613	56	28	0	14703
12139	7	44	12	14728	0	14791
12140	14614	11	7	87	0	14719
12141	43	14759	17	31	0	14850
12142	23	50	9	15355	0	15437
12143	12	34	15253	67	0	15366
12144	6	15426	73	29	0	15534
12145	32	74	23	14664	0	14793
12146	9	15743	31	53	0	15836
12147	15886	79	13	55	0	16033
12148	16028	33	7	52	0	16120
12149	112	37	15881	18	0	16048
12150	15769	10	82	45	0	15906
12151	16107	7	27	57	0	16198
12152	118	33	15880	9	0	16040
12153	50	16024	99	16	0	16189
12154	51	99	27	16248	0	16425
12155	35	24	22	16458	0	16539
12156	16369	20	11	159	0	16559
12157	104	17	9	16410	0	16540
12158	42	17	16377	123	0	16559
12159	15813	15	97	74	0	15999
12160	120	28	16142	31	0	16321
12161	43	16216	125	31	0	16415
12162	15937	103	46	49	0	16135
12163	122	52	16053	18	0	16245
12164	64	35	15824	15	0	15938
12165	27	16050	124	37	0	16238
12166	39	106	50	16121	0	16316
12167	25	58	15949	102	0	16134
12168	26	34	116	15400	0	15576
12169	33	19	37	15801	0	15890
12170	28	23	15476	149	0	15676
12171	18	15523	123	69	0	15733
12172	37	96	38	15720	0	15891
12173	15319	34	42	148	0	15543
12174	15218	25	25	71	0	15339
12175	155	21	27	15420	0	15623
12176	57	34	15366	122	0	15579
12177	37	37	15991	46	0	16111
12178	44	23	157	15922	0	16146
12179	16	23	15938	151	0	16128
12180	16223	18	158	85	0	16484
12181	186	13	52	16622	0	16873
12182	80	17	48	16940	0	17085
12183	47	16883	46	218	0	17194
12184	42	166	30	17236	0	17474
12185	37	60	16891	208	0	17196
12186	16470	39	184	101	0	16794
12187	16849	24	64	86	0	17023
12188	220	26	16984	48	0	17278
12189	92	22	187	17563	0	17864
12190	91	10	63	17918	0	18082
12191	32	44	17940	291	0	18307
12192	40	14	247	18202	0	18503
12193	54	21	78	18516	0	18669
12194	30	18566	79	308	0	18983
12195	63	254	35	19026	0	19378
12196	63	61	33	19367	0	19524
12197	19394	35	35	404	0	19868
12198	20026	28	39	160	0	20253
12199	20351	27	33	110	0	20521
12200	20228	20	38	93	0	20379
12201	20167	17	56	77	0	20317
12202	427	30	19545	73	0	20075
12203	186	7	305	19526	0	20024
12204	121	28	96	19825	0	20070
12205	74	35	19594	405	0	20108
12206	19082	18	313	180	0	19593
12207	19482	35	98	124	0	19739
12208	381	32	19049	98	0	19560
12209	19393	21	306	101	0	19821
12210	19854	21	101	89	0	20065
12211	446	26	19571	69	0	20112
12212	215	37	337	19356	0	19945
12213	137	20251	122	335	0	20845
12214	134	309	86	20707	0	21236
12215	119	75	81	20995	0	21270
12216	119	57	54	20924	0	21154
12217	83	48	20237	472	0	20840
12218	19764	29	374	210	0	20377
12219	20195	25	115	149	0	20484
12220	474	30	70	19822	0	20396
12221	180	26	19567	391	0	20164
12222	165	46	360	19476	0	20047
12223	114	39	19819	416	0	20388
12224	104	36	20066	152	0	20358
12225	87	19917	429	135	0	20568
12226	179	311	176	19164	0	19830
12227	18925	77	137	390	0	19529
12228	18654	35	87	160	0	18936
12229	18907	27	64	129	0	19127
12230	477	28	63	18554	0	19122
12231	181	18998	68	371	0	19618
12232	157	308	43	19280	0	19788
12233	104	88	19461	428	0	20081
12234	20015	46	380	179	0	20620
12235	21127	30	109	142	0	21408
12236	502	29	87	20920	0	21538
12237	205	39	84	21180	0	21508
12238	193	30	64	21236	0	21523
12239	128	32	20713	534	0	21407
12240	19639	18	422	245	0	20324
12241	448	20407	144	157	0	21156
12242	150	20275	105	148	0	20678
12243	112	380	20084	132	0	20708
12244	125	139	385	19796	0	20445
12245	89	74	19964	424	0	20551
12246	19371	68	427	170	0	20036
12247	467	52	128	19470	0	20117
12248	149	52	19340	391	0	19932
12249	112	19694	382	185	0	20373
12250	19781	315	137	168	0	20401
12251	428	96	20050	124	0	20698
12252	150	19673	411	115	0	20349
12253	118	20125	138	128	0	20509
12254	20071	403	110	112	0	20696
12255	448	125	90	20175	0	20838
12256	158	101	20651	407	0	21317
12257	120	20631	407	174	0	21332
12258	20856	374	136	143	0	21509
12259	21223	104	93	145	0	21565
12260	499	20821	115	112	0	21547
12261	182	407	21089	136	0	21814
12262	178	117	411	21199	0	21905
12263	21141	89	131	459	0	21820
12264	21368	74	124	164	0	21730
12265	517	94	21070	126	0	21807
12266	248	78	416	21011	0	21753
12267	198	58	142	21372	0	21770
12268	156	71	21272	480	0	21979
12269	145	67	21240	199	0	21651
12270	21382	64	481	156	0	22083
12271	21898	56	194	146	0	22294
12272	21947	65	155	139	0	22306
12273	22004	72	121	139	0	22336
12274	571	82	21440	107	0	22200
12275	21408	45	448	119	0	22020
12276	574	57	151	21177	0	21959
12277	231	72	21249	416	0	21968
12278	191	62	21401	169	0	21823
12279	152	21099	468	154	0	21873
12280	144	336	174	20491	0	21145
12281	104	124	20613	362	0	21203
12282	20059	82	383	160	0	20684
12283	420	66	151	19467	0	20104
12284	139	20265	152	303	0	20859
12285	20407	312	128	154	0	21001
12286	20633	84	99	154	0	20970
12287	450	69	20418	101	0	21038
12288	205	20105	386	96	0	20792
12289	172	266	121	19565	0	20124
12290	19471	81	101	324	0	19977
12291	351	95	93	19212	0	19751
12292	162	73	18787	272	0	19294
12293	17554	55	288	134	0	18031
12294	285	18367	117	97	0	18866
12295	115	17743	94	101	0	18053
12296	110	18415	110	93	0	18728
12297	18039	253	253	114	0	18659
12298	17850	87	108	80	0	18125
12299	17930	76	53	57	0	18116
12300	287	50	53	17731	0	18121
12301	119	55	17874	201	0	18249
12302	115	48	220	18004	0	18387
12303	18116	58	70	245	0	18489
12304	282	30	54	18344	0	18710
12305	18637	28	67	256	0	18988
12306	18775	36	70	106	0	18987
12307	18908	38	74	104	0	19124
12308	243	18719	75	91	0	19128
12309	18567	191	62	67	0	18887
12310	298	73	18337	42	0	18750
12311	131	74	18493	40	0	18738
12312	122	18187	209	52	0	18570
12313	175	189	110	17343	0	17817
12314	17189	34	76	189	0	17488
12315	208	45	17049	54	0	17356
12316	16776	31	175	84	0	17066
12317	225	25	61	16860	0	17171
12318	76	16999	86	177	0	17338
12319	95	146	59	17317	0	17617
12320	73	65	17273	172	0	17583
12321	16813	47	166	81	0	17107
12322	223	52	17459	53	0	17787
12323	70	57	16943	44	0	17114
12324	16622	40	169	60	0	16891
12325	176	16608	85	57	0	16926
12326	16873	142	58	50	0	17123
12327	16968	40	65	70	0	17143
12328	214	54	16708	45	0	17021
12329	16364	33	168	79	0	16644
12330	186	43	16429	49	0	16707
12331	90	34	15816	46	0	15986
12332	91	29	15904	44	0	16068
12333	62	15557	171	45	0	15835
12334	14574	179	294	77	0	15124
12335	14413	36	65	67	0	14581
12336	14411	16	30	37	0	14494
12337	14452	12	32	42	0	14538
12338	128	20	14561	13	0	14722
12339	66	9	97	14541	0	14713
12340	59	18	36	14751	0	14864
12341	14670	13	24	132	0	14839
12342	100	14657	35	41	0	14833
12343	53	70	21	14668	0	14812
12344	14612	19	32	114	0	14777
12345	106	27	14833	30	0	14996
12346	54	29	87	15251	0	15421
12347	40	35	15392	98	0	15565
12348	43	15257	116	47	0	15463
12349	51	114	53	14859	0	15077
12350	14874	33	36	116	0	15059
12351	98	26	20	15591	0	15735
12352	50	41	15644	136	0	15871
12353	36	15853	144	48	0	16081
12354	15907	118	38	78	0	16141
12355	140	50	15986	20	0	16196
12356	15935	28	137	53	0	16153
12357	169	16314	70	36	0	16589
12358	16586	154	67	53	0	16860
12359	16737	41	23	63	0	16864
12360	243	31	16	16835	0	17125
12361	95	36	16714	179	0	17024
12362	56	16819	206	65	0	17146
12363	78	185	57	17123	0	17443
12364	62	61	35	17493	0	17651
12365	53	33	29	17944	0	18059
12366	53	25	30	18405	0	18513
12367	35	19295	43	296	0	19669
12368	19689	250	34	140	0	20113
12369	292	19758	53	73	0	20176
12370	133	282	31	20159	0	20605
12371	20393	79	33	327	0	20832
12372	339	80	24	20437	0	20880
12373	128	64	20341	329	0	20862
12374	96	20368	287	161	0	20912
12375	99	272	77	20498	0	20946
12376	85	98	63	20793	0	21039
12377	19875	85	40	412	0	20412
12378	322	77	19697	162	0	20258
12379	19634	54	279	156	0	20123
12380	19708	46	88	150	0	19992
12381	19646	53	58	143	0	19900
12382	438	76	19341	81	0	19936
12383	205	67	292	19314	0	19878
12384	175	58	95	19473	0	19801
12385	104	76	19482	400	0	20062
12386	92	55	19696	210	0	20053
12387	19766	37	363	196	0	20362
12388	384	53	143	20048	0	20628
12389	20222	53	109	410	0	20794
12390	20654	45	76	201	0	20976
12391	503	46	52	20542	0	21143
12392	220	45	21084	394	0	21743
12393	21048	33	385	185	0	21651
12394	493	45	126	21303	0	21967
12395	221	58	21218	411	0	21908
12396	166	20825	422	195	0	21608
12397	20876	315	170	178	0	21539
12398	414	20906	126	181	0	21627
12399	223	387	103	19913	0	20626
12400	181	21010	126	376	0	21693
12401	20754	377	94	189	0	21414
12402	20903	118	99	194	0	21314
12403	503	20585	112	153	0	21353
12404	20598	351	64	163	0	21176
12405	20342	143	81	196	0	20762
12406	501	19891	119	164	0	20675
12407	19872	383	94	161	0	20510
12408	545	137	83	19638	0	20403
12409	320	101	96	19867	0	20384
12410	19713	97	80	473	0	20363
12411	544	100	81	18822	0	19547
12412	296	19021	100	392	0	19809
12413	19102	375	74	228	0	19779
12414	19247	168	86	198	0	19699
12415	501	19059	120	154	0	19834
12416	19187	382	80	160	0	19809
12417	19389	176	76	132	0	19773
12418	628	123	81	18814	0	19646
12419	333	132	18679	396	0	19540
12420	276	18623	347	223	0	19469
12421	18910	391	114	189	0	19604
12422	18965	164	91	183	0	19403
12423	585	147	18363	181	0	19276
12424	18515	90	360	184	0	19149
12425	564	129	18181	150	0	19024
12426	18184	121	381	153	0	18839
12427	605	144	142	18001	0	18892
12428	318	138	17958	404	0	18818
12429	260	153	18141	193	0	18747
12430	275	195	427	17688	0	18585
12431	302	116	150	17747	0	18315
12432	237	110	17250	500	0	18097
12433	272	102	406	17216	0	17996
12434	250	131	17246	452	0	18079
12435	273	136	410	17142	0	17961
12436	303	114	177	17113	0	17707
12437	294	16600	157	450	0	17501
12438	229	16691	148	272	0	17340
12439	225	17085	173	230	0	17713
12440	257	415	133	16852	0	17657
12441	242	163	123	17153	0	17681
12442	179	140	16675	549	0	17543
12443	16434	109	425	266	0	17234
12444	16936	97	183	220	0	17436
12445	555	16301	163	211	0	17230
12446	16001	336	151	169	0	16657
12447	572	125	115	15670	0	16482
12448	15827	101	140	463	0	16531
12449	15995	78	137	237	0	16447
12450	562	87	119	15382	0	16150
12451	14444	81	97	384	0	15006
12452	394	14097	119	188	0	14798
12453	240	14044	93	136	0	14513
12454	216	340	93	13358	0	14007
12455	188	13626	116	309	0	14239
12456	197	277	77	12882	0	13433
12457	202	113	88	12965	0	13368
12458	12420	79	78	306	0	12883
12459	311	12250	90	181	0	12832
12460	12038	231	61	143	0	12473
12461	11904	82	86	138	0	12210
12462	316	11739	76	134	0	12265
12463	11519	197	67	138	0	11921
12464	307	80	11275	120	0	11782
12465	128	10715	206	111	0	11160
12466	10218	172	96	90	0	10576
12467	199	64	9252	54	0	9569
12468	65	8595	127	50	0	8837
12469	78	8629	94	49	0	8850
12470	7979	111	141	38	0	8269
12471	7895	38	27	30	0	7990
12472	7852	27	13	32	0	7924
12473	134	7820	26	30	0	8010
12474	61	99	16	7867	0	8043
12475	7880	34	19	98	0	8031
12476	7934	29	14	43	0	8020
12477	120	29	22	7860	0	8031
12478	62	22	7896	95	0	8075
12479	31	30	7959	42	0	8062
12480	51	27	96	7992	0	8166
12481	47	14	40	8114	0	8215
12482	36	24	8072	106	0	8238
12483	54	17	94	7911	0	8076
12484	30	7939	43	98	0	8110
12485	7673	80	24	51	0	7828
12486	107	42	26	7458	0	7633
12487	7087	9	16	83	0	7195
12488	74	7176	23	35	0	7308
12489	35	7174	12	30	0	7251
12490	6992	61	16	19	0	7088
12491	62	21	6812	20	0	6915
12492	6037	26	62	24	0	6149
12493	41	6128	32	19	0	6220
12494	23	31	20	5717	0	5791
12495	5671	7	3	41	0	5722
12496	33	4	4	5645	0	5686
12497	5773	3	5	39	0	5820
12498	5717	2	3	19	0	5741
12499	31	5937	9	10	0	5987
12500	5739	25	3	13	0	5780
12501	29	5736	6	7	0	5778
12502	5737	27	0	12	0	5776
12503	35	9	7	5769	0	5820
12504	5873	4	4	39	0	5920
12505	32	4	1	6008	0	6045
12506	6230	0	1	37	0	6268
12507	6438	5	0	12	0	6455
12508	6535	4	1	5	0	6545
12509	6576	3	0	6	0	6585
12510	6704	3	3	9	0	6719
12511	40	3	0	6817	0	6860
12512	6751	4	2	37	0	6794
12513	32	6694	3	9	0	6738
12514	10	35	6751	0	0	6796
12515	8	8	28	6795	0	6839
12516	8	8	6935	31	0	6982
12517	11	5	28	7308	0	7352
12518	4	15	7359	34	0	7412
12519	7289	2	35	13	0	7339
12520	42	5	4	7457	0	7508
12521	9	7	7370	31	0	7417
12522	9	4	7646	8	0	7667
12523	6	15	35	7748	0	7804
12524	8368	5	13	57	0	8443
12525	41	8899	5	20	0	8965
12526	8998	40	6	14	0	9058
12527	9019	13	1	18	0	9051
12528	57	9102	10	9	0	9178
12529	9423	44	4	21	0	9492
12530	62	13	4	9509	0	9588
12531	22	14	3	9586	0	9625
12532	21	6	6	9635	0	9668
12533	9634	3	4	76	0	9717
12534	52	9819	8	25	0	9904
12535	17	50	9	9957	0	10033
12536	20	16	5	10077	0	10118
12537	10037	6	5	85	0	10133
12538	67	9	0	10138	0	10214
12539	23	17	10363	66	0	10469
12540	17	10754	67	21	0	10859
12541	10923	64	19	30	0	11036
12542	85	28	12	10826	0	10951
12543	30	11090	12	69	0	11201
12544	11129	80	4	42	0	11255
12545	87	32	11091	24	0	11234
12546	28	11102	74	15	0	11219
12547	11189	78	25	21	0	11313
12548	93	27	11	11123	0	11254
12549	33	20	5	11161	0	11219
12550	25	23	11143	97	0	11288
12551	30	13	74	11138	0	11255
12552	19	22	11674	95	0	11810
12553	13	22	11337	40	0	11412
12554	15	23	11725	37	0	11800
12555	11702	10	114	36	0	11862
12556	11840	8	42	42	0	11932
12557	11992	6	28	36	0	12062
12558	115	15	30	11884	0	12044
12559	44	11916	26	88	0	12074
12560	37	12153	20	37	0	12247
12561	12366	92	14	44	0	12516
12562	12485	42	9	31	0	12567
12563	106	12471	28	27	0	12632
12564	12404	80	22	28	0	12534
12565	111	40	12274	17	0	12442
12566	52	31	12246	14	0	12343
12567	58	20	98	12064	0	12240
12568	41	14	43	12416	0	12514
12569	33	16	12439	93	0	12581
12570	37	13	84	12377	0	12511
12571	12389	8	43	122	0	12562
12572	84	18	12379	45	0	12526
12573	12256	15	81	51	0	12403
12574	119	13	37	12515	0	12684
12575	48	15	12859	86	0	13008
12576	40	13031	93	43	0	13207
12577	13123	76	34	52	0	13285
12578	93	43	12898	27	0	13061
12579	12826	29	92	31	0	12978
12580	120	11	34	12929	0	13094
12581	12992	13	33	101	0	13139
12582	114	22	13568	39	0	13743
12583	60	14	89	13806	0	13969
12584	14264	11	38	119	0	14432
12585	14680	10	38	63	0	14791
12586	15112	7	20	83	0	15222
12587	15220	9	21	50	0	15300
12588	148	8	29	14854	0	15039
12589	91	11	15	14886	0	15003
12590	49	18	14922	120	0	15109
12591	57	11	100	14976	0	15144
12592	59	5	39	15083	0	15186
12593	36	15249	46	137	0	15468
12594	15416	97	27	79	0	15619
12595	15727	38	19	70	0	15854
12596	145	16121	27	64	0	16357
12597	89	119	18	16075	0	16301
12598	71	29	11	16254	0	16365
12599	15943	27	13	180	0	16163
12600	155	28	16508	68	0	16759
12601	72	19	124	16704	0	16919
12602	59	23	16885	154	0	17121
12603	16698	16	142	90	0	16946
12604	16988	6	41	78	0	17113
12605	17072	8	45	62	0	17187
12606	202	15	25	16819	0	17061
12607	95	9	19	16778	0	16901
12608	16675	12	29	184	0	16900
12609	164	42	16509	69	0	16784
12610	84	11	117	16544	0	16756
12611	16511	17	28	187	0	16743
12612	166	24	37	16558	0	16785
12613	77	22	17203	164	0	17466
12614	58	40	16984	71	0	17153
12615	16916	16	161	86	0	17179
12616	142	17191	74	64	0	17471
12617	17350	99	44	92	0	17585
12618	17639	33	31	70	0	17773
12619	179	27	31	17747	0	17984
12620	90	27	27	17714	0	17858
12621	73	17649	32	159	0	17913
12622	17583	104	29	94	0	17810
12623	144	17763	35	69	0	18011
12624	69	17582	30	44	0	17725
12625	67	102	24	17090	0	17283
12626	17103	36	28	151	0	17318
12627	17414	29	34	68	0	17545
12628	158	18	22	17312	0	17510
12629	84	24	13	17036	0	17157
12630	78	18	12	17008	0	17116
12631	16875	13	13	184	0	17085
12632	123	37	16836	68	0	17064
12633	62	16896	111	59	0	17128
12634	16759	95	32	64	0	16950
12635	132	75	32	16847	0	17086
12636	61	50	16957	104	0	17172
12637	64	33	16843	52	0	16992
12638	32	16983	112	71	0	17198
12639	38	17230	66	41	0	17375
12640	90	126	93	16743	0	17052
12641	37	16479	33	88	0	16637
12642	50	82	11	16858	0	17001
12643	47	28	16	16839	0	16930
12644	16903	23	20	137	0	17083
12645	106	16	14	16937	0	17073
12646	49	24	17	17032	0	17122
12647	44	34	16941	115	0	17134
12648	41	26	81	17213	0	17361
12649	17400	19	28	158	0	17605
12650	17446	15	32	87	0	17580
12651	118	17882	34	63	0	18097
12652	17627	99	44	63	0	17833
12653	143	44	17654	46	0	17887
12654	49	17875	120	51	0	18095
12655	52	114	42	18131	0	18339
12656	48	36	33	18358	0	18475
12657	50	42	20	18455	0	18567
12658	18343	28	23	210	0	18604
12659	18036	26	19	118	0	18199
12660	145	43	18025	59	0	18272
12661	74	32	17926	59	0	18091
12662	60	35	18222	46	0	18363
12663	44	18170	160	49	0	18423
12664	38	18499	63	46	0	18646
12665	18432	141	33	89	0	18695
12666	18566	51	29	78	0	18724
12667	174	42	19	18828	0	19063
12668	90	18	20	18740	0	18868
12669	54	19041	38	173	0	19306
12670	47	138	21	19589	0	19795
12671	56	78	19609	157	0	19900
12672	39	20011	168	73	0	20291
12673	46	155	47	20295	0	20543
12674	44	65	21104	180	0	21393
12675	65	45	160	20260	0	20530
12676	39	21220	64	212	0	21535
12677	21722	172	45	119	0	22058
12678	21808	41	34	117	0	22000
12679	22689	44	35	98	0	22866
12680	287	28	38	22689	0	23042
12681	134	31	30	23127	0	23322
12682	22824	52	17	293	0	23186
12683	243	22821	47	123	0	23234
12684	22910	218	19	106	0	23253
12685	270	97	23573	47	0	23987
12686	23487	43	231	83	0	23844
12687	24123	21	69	92	0	24305
12688	360	27	53	23960	0	24400
12689	24336	22	27	306	0	24691
12690	24955	26	31	122	0	25134
12691	385	25	25	24764	0	25199
12692	150	48	24583	276	0	25057
12693	24010	17	271	136	0	24434
12694	300	39	24759	82	0	25180
12695	110	24938	329	70	0	25447
12696	155	233	117	24848	0	25353
12697	80	75	61	25476	0	25692
12698	26178	47	28	382	0	26635
12699	295	46	26452	140	0	26933
12700	138	31	271	25570	0	26010
12701	86	25881	101	283	0	26351
12702	47	25977	91	106	0	26221
12703	102	336	32	25896	0	26366
12704	51	141	25898	309	0	26399
12705	84	75	300	25929	0	26388
12706	88	33	94	25987	0	26202
12707	51	68	25472	375	0	25966
12708	39	25821	294	164	0	26318
12709	25556	291	93	132	0	26072
12710	279	25984	98	99	0	26460
12711	177	320	38	25868	0	26403
12712	25682	92	52	341	0	26167
12713	298	25134	62	154	0	25648
12714	122	329	25115	93	0	25659
12715	25082	115	292	84	0	25573
12716	320	25389	109	68	0	25886
12717	25175	296	100	85	0	25656
12718	384	122	24664	60	0	25230
12719	24508	91	303	93	0	24995
12720	405	57	96	24568	0	25126
12721	131	77	23178	1820	0	25206
12722	158	46	292	24210	0	24706
12723	73	23954	133	367	0	24527
12724	124	294	93	24097	0	24608
12725	119	107	53	24279	0	24558
12726	70	119	23790	400	0	24379
12727	122	61	314	23764	0	24261
12728	93	88	22337	394	0	22912
12729	80	23680	324	173	0	24257
12730	130	317	89	23784	0	24320
12731	98	125	24052	343	0	24618
12732	80	23923	367	159	0	24529
12733	91	24466	147	139	0	24843
12734	142	405	24072	91	0	24710
12735	109	178	24016	102	0	24405
12736	129	127	404	23698	0	24358
12737	23407	77	188	388	0	24060
12738	370	23369	122	195	0	24056
12739	196	346	87	22995	0	23624
12740	22929	122	63	410	0	23524
12741	380	23112	118	208	0	23818
12742	23136	358	76	160	0	23730
12743	435	23425	76	134	0	24070
12744	23424	384	85	143	0	24036
12745	23653	144	82	138	0	24017
12746	24018	127	88	138	0	24371
12747	535	24280	102	125	0	25042
12748	283	411	90	24541	0	25325
12749	209	152	24265	433	0	25059
12750	157	24246	404	212	0	25019
12751	199	423	155	23725	0	24502
12752	192	187	126	23741	0	24246
12753	125	160	23135	454	0	23874
12754	129	22757	383	241	0	23510
12755	22599	370	167	178	0	23314
12756	399	22417	146	160	0	23122
12757	217	413	73	22344	0	23047
12758	164	185	22335	386	0	23070
12759	22061	138	369	195	0	22763
12760	423	112	153	22443	0	23131
12761	154	133	22122	410	0	22819
12762	21332	97	362	237	0	22028
12763	356	21594	193	182	0	22325
12764	21644	370	136	170	0	22320
12765	21798	158	92	183	0	22231
12766	486	148	100	21474	0	22208
12767	219	132	21328	400	0	22079
12768	167	21260	386	184	0	21997
12769	134	372	20984	161	0	21651
12770	155	190	380	20414	0	21139
12771	137	140	151	20853	0	21281
12772	20107	99	131	442	0	20779
12773	338	113	19877	218	0	20546
12774	140	18885	346	152	0	19523
12775	179	316	127	18668	0	19290
12776	137	138	95	18413	0	18783
12777	17899	91	77	381	0	18448
12778	306	17872	77	192	0	18447
12779	168	288	44	16935	0	17435
12780	16653	116	64	311	0	17144
12781	260	16324	67	145	0	16796
12782	15766	242	58	127	0	16193
12783	15742	93	60	86	0	15981
12784	293	15299	57	91	0	15740
12785	13951	178	51	52	0	14232
12786	229	13863	50	54	0	14196
12787	13705	186	45	55	0	13991
12788	13745	72	48	62	0	13927
12789	227	13414	43	68	0	13752
12790	12763	157	21	73	0	13014
12791	13110	63	33	43	0	13249
12792	12997	53	33	64	0	13147
12793	226	48	12873	45	0	13192
12794	103	36	12348	38	0	12525
12795	70	45	12338	40	0	12493
12796	12112	64	242	43	0	12461
12797	181	49	11938	34	0	12202
12798	82	49	11016	35	0	11182
12799	106	73	172	10327	0	10678
12800	10349	34	71	135	0	10589
12801	149	22	10420	50	0	10641
12802	78	22	10700	40	0	10840
12803	67	34	150	10613	0	10864
12804	76	14	60	10646	0	10796
12805	51	28	40	10681	0	10800
12806	50	25	10533	168	0	10776
12807	63	19	130	10512	0	10724
12808	10498	32	50	154	0	10734
12809	153	10531	47	59	0	10790
12810	84	127	23	10506	0	10740
12811	67	50	27	10750	0	10894
12812	48	41	11008	168	0	11265
12813	44	10856	151	61	0	11112
12814	10954	148	61	53	0	11216
12815	167	11080	45	39	0	11331
12816	84	155	37	11064	0	11340
12817	54	59	11067	154	0	11334
12818	63	40	164	11372	0	11639
12819	63	21	67	11550	0	11701
12820	11644	23	68	200	0	11935
12821	183	25	51	11403	0	11662
12822	72	11373	59	196	0	11700
12823	53	11827	46	84	0	12010
12824	44	186	11805	72	0	12107
12825	11845	65	182	57	0	12149
12826	195	46	70	11864	0	12175
12827	93	29	50	11911	0	12083
12828	69	27	47	11902	0	12045
12829	11814	24	43	258	0	12139
12830	171	11867	45	132	0	12215
12831	11700	156	37	79	0	11972
12832	190	63	11301	55	0	11609
12833	85	46	11248	52	0	11431
12834	11396	29	187	67	0	11679
12835	189	29	111	11413	0	11742
12836	100	26	65	11539	0	11730
12837	69	35	38	11589	0	11731
12838	44	37	11481	237	0	11799
12839	11458	31	166	119	0	11774
12840	11585	24	71	90	0	11770
12841	11302	27	58	67	0	11454
12842	244	39	44	11055	0	11382
12843	105	36	10743	191	0	11075
12844	81	41	10598	106	0	10826
12845	68	28	10756	88	0	10940
12846	42	10325	217	60	0	10644
12847	175	158	176	9253	0	9762
12848	9236	40	41	118	0	9435
12849	124	35	9173	65	0	9397
12850	9250	22	100	68	0	9440
12851	124	8	71	9308	0	9511
12852	53	16	53	9339	0	9461
12853	51	9114	27	153	0	9345
12854	33	9277	38	79	0	9427
12855	37	9501	33	76	0	9647
12856	49	119	42	9538	0	9748
12857	9474	44	42	122	0	9682
12858	9503	19	26	80	0	9628
12859	148	21	9409	57	0	9635
12860	9309	22	113	66	0	9510
12861	121	22	9360	61	0	9564
12862	76	19	137	9376	0	9608
12863	48	28	9374	134	0	9584
12864	9362	20	116	67	0	9565
12865	136	29	61	9463	0	9689
12866	69	15	9620	135	0	9839
12867	46	31	9275	63	0	9415
12868	9313	23	139	59	0	9534
12869	9449	25	57	59	0	9590
12870	129	9504	48	64	0	9745
12871	72	91	30	9574	0	9767
12872	39	39	9591	117	0	9786
12873	51	52	9538	47	0	9688
12874	62	33	120	9637	0	9852
12875	9604	36	80	123	0	9843
12876	123	9572	43	62	0	9800
12877	55	93	49	9677	0	9874
12878	9712	36	37	142	0	9927
12879	123	32	33	9826	0	10014
12880	65	9862	39	151	0	10117
12881	62	87	39	9952	0	10140
12882	9921	34	37	133	0	10125
12883	130	38	38	9958	0	10164
12884	9997	28	34	125	0	10184
12885	129	10178	35	74	0	10416
12886	10178	96	42	85	0	10401
12887	129	43	9998	65	0	10235
12888	9880	29	117	76	0	10102
12889	10106	20	62	66	0	10254
12890	134	10237	43	58	0	10472
12891	82	99	40	9934	0	10155
12892	61	48	9926	105	0	10140
12893	54	37	9728	52	0	9871
12894	9426	78	119	69	0	9692
12895	9312	24	57	85	0	9478
12896	98	9299	47	72	0	9516
12897	53	9434	30	71	0	9588
12898	9361	78	30	71	0	9540
12899	106	9323	36	35	0	9500
12900	73	9566	32	34	0	9705
12901	66	59	38	9561	0	9724
12902	62	17	35	9419	0	9533
12903	49	28	9517	96	0	9690
12904	47	16	75	9545	0	9683
12905	9500	10	46	115	0	9671
12906	87	31	9510	49	0	9677
12907	51	28	9514	43	0	9636
12908	77	15	95	9564	0	9751
12909	59	15	55	9652	0	9781
12910	64	18	37	9599	0	9718
12911	44	15	9482	108	0	9649
12912	31	18	75	9019	0	9143
12913	38	19	37	9233	0	9327
12914	8939	11	31	69	0	9050
12915	54	8809	23	39	0	8925
12916	8728	40	18	38	0	8824
12917	72	18	8836	15	0	8941
12918	8174	9	38	24	0	8245
12919	40	8666	29	16	0	8751
12920	8296	18	21	17	0	8352
12921	24	8302	10	13	0	8349
12922	8063	24	16	16	0	8119
12923	19	7970	5	11	0	8005
12924	9	7982	14	19	0	8024
12925	27	30	29	8026	0	8112
12926	8101	6	6	37	0	8150
12927	8162	4	3	21	0	8190
12928	8235	2	3	20	0	8260
12929	30	7	8188	1	0	8226
12930	7	10	8284	3	0	8304
12931	8	4	23	8480	0	8515
12932	3	8570	13	21	0	8607
12933	5	8727	12	6	0	8750
12934	9	24	1	8619	0	8653
12935	8570	9	1	39	0	8619
12936	8675	8	2	22	0	8707
12937	8798	1	0	18	0	8817
12938	36	7	8863	3	0	8909
12939	14	6	24	9062	0	9106
12940	8	11	9178	29	0	9226
12941	9190	3	30	22	0	9245
12942	9330	1	8	22	0	9361
12943	37	13	9408	2	0	9460
12944	26	3	30	9486	0	9545
12945	9595	4	10	48	0	9657
12946	34	3	9	9821	0	9867
12947	14	4	9	9971	0	9998
12948	28	3	4	10478	0	10513
12949	10885	4	0	85	0	10974
12950	68	5	5	11394	0	11472
12951	11743	4	4	113	0	11864
12952	98	12519	14	29	0	12660
12953	39	93	5	12842	0	12979
12954	45	19	3	12888	0	12955
12955	27	28	1	12827	0	12883
12956	12743	8	7	165	0	12923
12957	114	4	3	12780	0	12901
12958	44	11	4	12869	0	12928
12959	12893	7	6	150	0	13056
12960	12981	3	4	102	0	13090
12961	12939	3	4	67	0	13013
12962	155	6	12775	31	0	12967
12963	77	9	12559	28	0	12673
12964	12934	2	112	44	0	13092
12965	132	7	49	12848	0	13036
12966	57	8	35	12653	0	12753
12967	12883	6	15	155	0	13059
12968	12837	3	15	84	0	12939
12969	12842	2	17	76	0	12937
12970	157	12556	27	66	0	12806
12971	12550	96	7	41	0	12694
12972	12509	21	10	52	0	12592
12973	157	12516	14	25	0	12712
12974	85	12687	21	21	0	12814
12975	91	106	8	12732	0	12937
12976	12873	52	10	115	0	13050
12977	12894	31	12	54	0	12991
12978	12873	15	11	59	0	12958
12979	185	16	6	12742	0	12949
12980	12708	16	6	137	0	12867
12981	162	17	12637	47	0	12863
12982	12573	8	95	69	0	12745
12983	166	21	12669	28	0	12884
12984	75	21	12559	24	0	12679
12985	107	13	116	12344	0	12580
12986	12438	11	60	128	0	12637
12987	144	9	47	12422	0	12622
12988	55	24	12518	145	0	12742
12989	69	22	12644	62	0	12797
12990	57	11	116	12531	0	12715
12991	12541	7	57	155	0	12760
12992	141	12751	51	57	0	13000
12993	94	89	20	12948	0	13151
12994	89	31	24	13173	0	13317
12995	59	46	13195	132	0	13432
12996	50	30	13137	87	0	13304
12997	63	19	122	13255	0	13459
12998	13278	24	65	164	0	13531
12999	130	28	13384	79	0	13621
13000	82	6	108	13381	0	13577
13001	93	9	48	13475	0	13625
13002	82	7	55	13587	0	13731
13003	13403	6	38	212	0	13659
13004	153	45	13135	104	0	13437
13005	79	13501	114	90	0	13784
13006	96	107	47	13950	0	14200
13007	63	38	14053	151	0	14305
13008	40	13979	145	80	0	14244
13009	51	14363	60	88	0	14562
13010	14538	127	53	78	0	14796
13011	151	14609	44	81	0	14885
13012	14902	149	24	82	0	15157
13013	188	55	14989	51	0	15283
13014	113	52	144	15310	0	15619
13015	15352	35	40	183	0	15610
13016	179	15767	67	71	0	16084
13017	81	159	15909	67	0	16216
13018	113	56	146	15202	0	15517
13019	68	16151	69	143	0	16431
13020	69	159	57	16515	0	16800
13021	16507	52	36	233	0	16828
13022	195	16821	67	76	0	17159
13023	16937	174	39	110	0	17260
13024	17178	52	36	70	0	17336
13025	255	69	17173	49	0	17546
13026	115	17767	200	63	0	18145
13027	123	204	74	18340	0	18741
13028	67	75	18884	215	0	19241
13029	60	72	19938	69	0	20139
13030	89	82	277	20371	0	20819
13031	20819	29	131	300	0	21279
13032	21005	27	90	100	0	21222
13033	358	39	43	20852	0	21292
13034	134	49	21010	288	0	21481
13035	95	21067	274	108	0	21544
13036	21393	248	75	132	0	21848
13037	21657	67	82	90	0	21896
13038	334	21569	74	67	0	22044
13039	21573	260	46	86	0	21965
13040	323	97	21376	57	0	21853
13041	21288	82	279	54	0	21703
13042	21423	39	99	73	0	21634
13043	360	56	21361	41	0	21818
13044	168	51	289	21153	0	21661
13045	129	42	21112	274	0	21557
13046	96	20609	312	108	0	21125
13047	79	20876	110	94	0	21159
13048	123	381	85	19964	0	20553
13049	66	85	20185	233	0	20569
13050	44	19329	232	79	0	19684
13051	49	19278	94	54	0	19475
13052	18144	259	112	63	0	18578
13053	18304	59	39	46	0	18448
13054	244	35	38	18373	0	18690
13055	101	26	31	18353	0	18511
13056	67	18495	38	216	0	18816
13057	18524	191	25	100	0	18840
13058	18651	47	26	77	0	18801
13059	210	18543	58	57	0	18868
13060	97	203	32	18602	0	18934
13061	62	75	18626	197	0	18960
13062	86	45	181	18681	0	18993
13063	18821	36	50	223	0	19130
13064	231	40	45	18847	0	19163
13065	83	42	31	19180	0	19336
13066	19211	28	30	253	0	19522
13067	240	25	29	18971	0	19265
13068	72	19140	36	238	0	19486
13069	117	194	26	19363	0	19700
13070	73	67	27	19573	0	19740
13071	72	50	26	19414	0	19562
13072	57	19388	32	254	0	19731
13073	69	205	23	19225	0	19522
13074	37	84	19156	240	0	19517
13075	45	57	198	19185	0	19485
13076	49	53	19111	237	0	19450
13077	58	19088	206	91	0	19443
13078	69	223	56	19218	0	19566
13079	70	61	42	19401	0	19574
13080	60	48	49	19491	0	19648
13081	67	51	28	19443	0	19589
13082	55	55	19175	271	0	19556
13083	52	19144	215	125	0	19536
13084	70	203	60	19456	0	19789
13085	42	79	19560	262	0	19943
13086	65	58	218	19755	0	20096
13087	19912	45	73	305	0	20335
13088	241	60	19632	102	0	20035
13089	19529	36	224	112	0	19901
13090	289	46	68	19892	0	20295
13091	94	67	19841	272	0	20274
13092	94	19695	252	121	0	20162
13093	102	225	68	19696	0	20091
13094	72	72	20002	295	0	20441
13095	57	19848	271	119	0	20295
13096	72	252	80	19882	0	20286
13097	19890	78	66	308	0	20342
13098	20151	65	74	117	0	20407
13099	20204	53	52	128	0	20437
13100	319	56	20026	93	0	20494
13101	116	20123	284	82	0	20605
13102	120	266	84	20127	0	20597
13103	103	82	69	20795	0	21049
13104	20845	63	66	344	0	21318
13105	289	21046	62	150	0	21547
13106	20871	256	61	118	0	21306
13107	20749	97	45	112	0	21003
13108	20960	79	44	101	0	21184
13109	331	80	20580	92	0	21083
13110	20451	39	251	109	0	20850
13111	360	50	70	20344	0	20824
13112	159	46	61	20249	0	20515
13113	19785	34	56	329	0	20204
13114	318	50	47	19459	0	19874
13115	80	19289	63	338	0	19770
13116	108	229	37	18912	0	19286
13117	18539	69	36	318	0	18962
13118	264	64	18318	129	0	18775
13119	96	18046	226	99	0	18467
13120	108	220	52	17754	0	18134
13121	17696	57	47	270	0	18070
13122	234	63	17447	102	0	17846
13123	148	414	232	16906	0	17700
13124	146	45	16971	244	0	17406
13125	121	60	16573	113	0	16867
13126	110	39	16009	106	0	16264
13127	105	32	15622	79	0	15838
13128	65	38	15041	63	0	15207
13129	13239	198	384	64	0	13885
13130	112	13252	91	34	0	13489
13131	12777	77	60	47	0	12961
13132	12724	30	28	29	0	12811
13133	108	12680	33	21	0	12842
13134	46	12724	34	18	0	12822
13135	12679	85	30	44	0	12838
13136	12563	31	20	46	0	12660
13137	121	24	24	12314	0	12483
13138	60	12399	19	95	0	12573
13139	12493	76	24	58	0	12651
13140	104	12396	25	33	0	12558
13141	54	85	24	12517	0	12680
13142	12571	35	21	93	0	12720
13143	12536	25	27	59	0	12647
13144	130	26	11	12546	0	12713
13145	66	19	21	12537	0	12643
13146	51	35	12501	98	0	12685
13147	50	19	87	12504	0	12660
13148	34	33	12493	116	0	12676
13149	50	13	105	12242	0	12410
13150	45	10	40	12432	0	12527
13151	12388	13	33	135	0	12569
13152	12374	19	33	82	0	12508
13153	121	23	12277	45	0	12466
13154	12130	11	107	39	0	12287
13155	128	23	35	12121	0	12307
13156	59	13	12237	107	0	12416
13157	65	14	102	12327	0	12508
13158	56	18	36	12908	0	13018
13159	37	26	12895	136	0	13094
13160	48	14	121	13162	0	13345
13161	37	30	13507	151	0	13725
13162	45	29	138	13993	0	14205
13163	14541	16	56	193	0	14806
13164	181	14737	44	84	0	15046
13165	15029	166	41	64	0	15300
13166	201	15088	31	58	0	15378
13167	14954	182	37	37	0	15210
13168	207	14844	32	46	0	15129
13169	14776	187	32	53	0	15048
13170	210	14806	26	47	0	15089
13171	128	197	25	14819	0	15169
13172	61	90	14826	197	0	15174
13173	70	65	14783	76	0	14994
13174	70	55	216	14666	0	15007
13175	14627	35	91	221	0	14974
13176	213	14713	58	87	0	15071
13177	115	196	34	14729	0	15074
13178	77	83	14700	195	0	15055
13179	63	76	14813	97	0	15049
13180	78	96	237	14273	0	14684
13181	48	14678	123	186	0	15035
13182	14624	185	68	123	0	15000
13183	200	86	14827	66	0	15179
13184	93	61	14616	53	0	14823
13185	44	14564	245	61	0	14914
13186	14286	192	182	70	0	14730
13187	14249	79	84	63	0	14475
13188	252	42	55	14128	0	14477
13189	14204	52	44	189	0	14489
13190	14040	36	43	96	0	14215
13191	233	14067	55	51	0	14406
13192	13947	153	50	49	0	14199
13193	205	93	14104	38	0	14440
13194	140	52	158	13835	0	14185
13195	118	55	74	13850	0	14097
13196	13737	34	62	225	0	14058
13197	188	13679	68	103	0	14038
13198	13589	152	49	81	0	13871
13199	202	13812	45	59	0	14118
13200	124	13796	33	40	0	13993
13201	110	203	13508	37	0	13858
13202	85	133	13206	46	0	13470
13203	12498	128	224	52	0	12902
13204	12574	56	115	53	0	12798
13205	191	54	12270	29	0	12544
13206	89	11995	135	28	0	12247
13207	68	12190	80	23	0	12361
13208	11958	163	70	42	0	12233
13209	11934	81	38	36	0	12089
13210	181	52	38	11943	0	12214
13211	12108	49	35	133	0	12325
13212	173	30	33	12093	0	12329
13213	79	38	12110	128	0	12355
13214	68	41	11810	59	0	11978
13215	12122	33	160	54	0	12369
13216	155	39	82	12110	0	12386
13217	87	12788	53	109	0	13037
13218	12956	121	39	93	0	13209
13219	13048	54	41	61	0	13204
13220	195	51	13064	35	0	13345
13221	13268	41	121	76	0	13506
13222	13573	31	72	46	0	13722
13223	210	26	51	13479	0	13766
13224	117	13495	55	139	0	13806
13225	75	14142	52	77	0	14346
13226	102	161	26	14161	0	14450
13227	90	91	29	14110	0	14320
13228	81	54	30	14251	0	14416
13229	65	54	14027	199	0	14345
13230	70	49	13797	100	0	14016
13231	68	48	182	13810	0	14108
13232	69	51	13962	163	0	14245
13233	68	46	13946	70	0	14130
13234	58	36	204	13845	0	14143
13235	47	40	14568	166	0	14821
13236	50	14520	197	94	0	14861
13237	15093	156	100	123	0	15472
13238	176	85	82	15081	0	15424
13239	90	15179	58	173	0	15500
13240	62	169	15581	96	0	15908
13241	59	71	187	15721	0	16038
13242	35	68	16090	188	0	16381
13243	70	24	222	16205	0	16521
13244	56	29	113	16578	0	16776
13245	48	34	17044	249	0	17375
13246	63	27	213	16930	0	17233
13247	39	17310	116	216	0	17681
13248	72	181	72	17523	0	17848
13249	51	108	17505	232	0	17896
13250	65	65	201	17449	0	17780
13251	17350	27	101	267	0	17745
13252	188	17448	69	147	0	17852
13253	128	190	63	17515	0	17896
13254	59	97	17878	208	0	18242
13255	50	17609	197	132	0	17988
13256	38	17704	109	111	0	17962
13257	46	239	17444	71	0	17800
13258	66	114	197	16867	0	17244
13259	69	128	101	16811	0	17109
13260	42	53	16557	211	0	16863
13261	39	15827	161	135	0	16162
13262	37	15745	95	71	0	15948
13263	14815	126	73	57	0	15071
13264	89	14912	38	35	0	15074
13265	14684	113	35	48	0	14880
13266	118	47	7	14473	0	14645
13267	15121	32	24	133	0	15310
13268	111	33	15168	60	0	15372
13269	15139	19	104	62	0	15324
13270	135	22	42	15494	0	15693
13271	42	15600	43	125	0	15810
13272	15647	102	24	79	0	15852
13273	118	72	20	15915	0	16125
13274	43	16081	28	131	0	16283
13275	28	16786	31	59	0	16904
13276	16770	122	33	89	0	17014
13277	16932	53	21	69	0	17075
13278	17095	27	19	55	0	17196
13279	152	28	10	16903	0	17093
13280	58	16766	16	106	0	16946
13281	39	17063	35	44	0	17181
13282	27	116	12	17138	0	17293
13283	17032	50	11	146	0	17239
13284	16918	31	12	90	0	17051
13285	16982	17	12	72	0	17083
13286	147	38	17079	26	0	17290
13287	75	48	16926	25	0	17074
13288	17795	18	128	54	0	17995
13289	128	21	51	17820	0	18020
13290	72	18	28	17945	0	18063
13291	66	13	15	17835	0	17929
13292	50	22	15	17851	0	17938
13293	29	41	17532	153	0	17755
13294	30	23	102	17508	0	17663
13295	25	47	17393	137	0	17602
13296	16767	17	128	87	0	16999
13297	111	17522	55	67	0	17755
13298	58	112	30	17850	0	18050
13299	53	44	21	17579	0	17697
13300	17394	36	23	198	0	17651
13301	17392	30	13	105	0	17540
13302	17446	15	14	89	0	17564
13303	17399	24	14	73	0	17510
13304	167	35	17355	33	0	17590
13305	74	38	17128	31	0	17271
13306	70	16	130	17306	0	17522
13307	17373	14	58	159	0	17604
13308	17321	12	46	96	0	17475
13309	155	38	17225	53	0	17471
13310	85	19	114	17146	0	17364
13311	17105	13	56	150	0	17324
13312	130	19	34	17144	0	17327
13313	63	29	17246	133	0	17471
13314	68	26	116	17321	0	17531
13315	17291	16	53	176	0	17536
13316	119	18184	51	82	0	18436
13317	17938	107	23	110	0	18178
13318	18160	38	24	87	0	18309
13319	18301	29	24	80	0	18434
13320	189	30	15	18216	0	18450
13321	18032	19	15	161	0	18227
13322	143	18534	32	68	0	18777
13323	66	19182	34	48	0	19330
13324	67	207	16	19008	0	19298
13325	19244	67	22	212	0	19545
13326	213	20238	33	73	0	20557
13327	23401	206	14	98	0	23719
13328	25621	79	19	99	0	25818
13329	409	26491	38	51	0	26989
13330	226	330	13	26812	0	27381
13331	158	126	19	27275	0	27578
13332	91	105	27321	435	0	27952
13333	158	48	322	27320	0	27848
13334	107	85	27280	433	0	27905
13335	81	26638	401	227	0	27347
13336	127	364	147	26903	0	27541
13337	26137	134	110	494	0	26875
13338	26366	90	83	297	0	26836
13339	477	68	86	26299	0	26930
13340	205	80	25933	408	0	26626
13341	24956	72	358	257	0	25643
13342	391	25160	159	211	0	25921
13343	207	25093	108	121	0	25529
13344	173	25305	78	136	0	25692
13345	192	485	88	24389	0	25154
13346	132	220	24825	369	0	25546
13347	144	160	330	24627	0	25261
13348	87	160	24778	384	0	25409
13349	88	158	24593	167	0	25006
13350	84	153	25025	133	0	25395
13351	118	106	457	24780	0	25461
13352	109	81	230	25280	0	25700
13353	92	62	192	25414	0	25760
13354	87	57	166	25064	0	25374
13355	24809	39	160	589	0	25597
13356	302	24705	178	294	0	25479
13357	24743	309	124	284	0	25460
13358	345	25158	124	233	0	25860
13359	214	360	80	25338	0	25992
13360	181	141	51	26092	0	26465
13361	25931	112	57	568	0	26668
13362	26203	106	66	311	0	26686
13363	26447	97	52	229	0	26825
13364	26293	106	62	205	0	26666
13365	26227	105	43	211	0	26586
13366	536	25876	53	193	0	26658
13367	25443	345	46	207	0	26041
13368	505	25138	67	130	0	25840
13369	24995	355	33	169	0	25552
13370	540	199	24935	69	0	25743
13371	349	165	294	24790	0	25598
13372	235	25265	179	340	0	26019
13373	229	359	106	25147	0	25841
13374	183	226	24978	383	0	25770
13375	224	157	326	24479	0	25186
13376	24130	98	173	481	0	24882
13377	376	24046	155	277	0	24854
13378	190	24438	130	240	0	24998
13379	174	455	24686	181	0	25496
13380	142	269	345	24451	0	25207
13381	132	25206	192	432	0	25962
13382	179	391	154	25565	0	26289
13383	117	270	25680	445	0	26512
13384	108	25456	382	268	0	26214
13385	127	444	25521	196	0	26288
13386	133	269	25148	165	0	25715
13387	171	189	452	24999	0	25811
13388	25071	129	245	457	0	25902
13389	408	130	186	25274	0	25998
13390	190	201	25518	433	0	26342
13391	200	158	440	25875	0	26673
13392	111	172	26794	456	0	27533
13393	118	141	26811	261	0	27331
13394	26984	103	565	334	0	27986
13395	28102	79	305	305	0	28791
13396	28279	86	236	308	0	28909
13397	502	111	28056	215	0	28884
13398	239	111	28250	180	0	28780
13399	226	73	577	27900	0	28776
13400	259	61	304	28364	0	28988
13401	28256	60	208	568	0	29092
13402	516	83	164	28330	0	29093
13403	255	106	28427	500	0	29288
13404	208	133	27932	286	0	28559
13405	153	28376	547	261	0	29337
13406	210	373	260	28835	0	29678
13407	177	186	29192	471	0	30026
13408	225	129	420	29294	0	30068
13409	29290	83	258	610	0	30241
13410	445	123	30021	261	0	30850
13411	269	100	494	30029	0	30892
13412	240	83	267	30413	0	31003
13413	169	122	29902	580	0	30773
13414	202	82	453	29847	0	30584
13415	167	85	29818	555	0	30625
13416	28318	73	509	334	0	29234
13417	457	69	281	28754	0	29561
13418	224	28395	253	515	0	29387
13419	28412	360	178	359	0	29309
13420	28394	144	170	304	0	29012
13421	516	28265	194	244	0	29219
13422	528	1702	204	25518	0	27952
13423	183	26752	139	368	0	27442
13424	180	26987	104	236	0	27507
13425	426	509	25643	173	0	26751
13426	177	25103	360	171	0	25811
13427	239	371	21554	172	0	22336
13428	18820	221	272	146	0	19459
13429	19052	27	42	77	0	19198
13430	145	19230	50	35	0	19460
13431	36	19403	35	27	0	19501
13432	22	20355	34	33	0	20444
13433	20800	169	27	69	0	21065
13434	213	99	20	21430	0	21762
13435	54	66	22425	183	0	22728
13436	33	22582	267	67	0	22949
13437	62	252	48	23124	0	23486
13438	47	59	37	23085	0	23228
13439	19	25062	52	272	0	25405
13440	26093	322	29	132	0	26576
13441	365	96	26450	60	0	26971
13442	136	53	371	29148	0	29708
13443	47	31168	94	461	0	31770
13444	31203	479	45	163	0	31890
13445	508	145	31084	67	0	31804
13446	114	30581	526	82	0	31303
13447	162	502	109	30629	0	31402
13448	74	160	30450	484	0	31168
13449	29873	93	531	164	0	30661
13450	560	92	122	30065	0	30839
13451	140	118	30097	530	0	30885
13452	95	29966	562	144	0	30767
13453	29699	523	137	166	0	30525
13454	506	29881	150	145	0	30682
13455	29898	578	101	130	0	30707
13456	30332	186	60	128	0	30706
13457	684	164	56	29665	0	30569
13458	248	29106	98	560	0	30012
13459	168	533	29076	150	0	29927
13460	200	178	526	28711	0	29615
13461	183	176	182	26321	0	26862
13462	156	103	158	28762	0	29179
13463	208	89	101	28728	0	29126
13464	161	96	84	28881	0	29222
13465	28274	90	112	774	0	29250
13466	28397	109	99	342	0	28947
13467	28355	95	93	298	0	28841
13468	663	27810	112	243	0	28828
13469	314	554	28066	140	0	29074
13470	238	208	27944	135	0	28525
13471	178	180	28243	169	0	28770
13472	212	173	682	27410	0	28477
13473	222	115	301	27911	0	28549
13474	203	97	191	27926	0	28417
13475	118	153	27421	769	0	28461
13476	117	26802	608	418	0	27945
13477	136	559	27188	296	0	28179
13478	153	215	27422	251	0	28041
13479	257	182	680	26525	0	27644
13480	205	195	26837	636	0	27873
13481	267	155	683	26149	0	27254
13482	25969	162	280	739	0	27150
13483	25841	150	283	334	0	26608
13484	702	181	25531	261	0	26675
13485	387	139	669	25351	0	26546
13486	270	158	25489	732	0	26649
13487	215	25444	698	349	0	26706
13488	25432	599	305	343	0	26679
13489	679	261	25482	238	0	26660
13490	301	24507	728	229	0	25765
13491	259	24602	364	258	0	25483
13492	242	24089	324	260	0	24915
13493	226	752	23024	260	0	24262
13494	296	430	697	21959	0	23382
13495	214	22348	322	705	0	23589
13496	317	670	293	22096	0	23376
13497	330	304	255	22451	0	23340
13498	21717	241	248	861	0	23067
13499	635	21625	244	517	0	23021
13500	21545	623	266	403	0	22837
13501	691	21159	251	371	0	22472
13502	336	21732	303	326	0	22697
13503	277	756	21282	304	0	22619
13504	338	382	654	21020	0	22394
13505	248	357	20990	733	0	22328
13506	251	20662	723	425	0	22061
13507	285	636	20593	322	0	21836
13508	273	294	20637	354	0	21558
13509	221	20358	796	338	0	21713
13510	19567	645	403	373	0	20988
13511	607	19696	389	359	0	21051
13512	19736	655	351	333	0	21075
13513	643	371	19679	336	0	21029
13514	345	264	19790	341	0	20740
13515	248	19383	832	341	0	20804
13516	19289	652	406	315	0	20662
13517	648	19212	404	332	0	20596
13518	346	636	372	19371	0	20725
13519	19433	335	366	635	0	20769
13520	672	335	19350	308	0	20665
13521	347	273	752	19295	0	20667
13522	19185	216	410	712	0	20523
13523	661	19029	354	403	0	20447
13524	386	594	289	18997	0	20266
13525	270	340	18877	714	0	20201
13526	18644	242	683	388	0	19957
13527	644	225	407	18575	0	19851
13528	227	259	18116	674	0	19276
13529	272	241	650	17459	0	18622
13530	239	17600	371	659	0	18869
13531	211	593	17564	368	0	18736
13532	286	236	597	16255	0	17374
13533	15424	207	261	540	0	16432
13534	598	160	263	14683	0	15704
13535	13548	148	196	481	0	14373
13536	452	13359	209	228	0	14248
13537	12804	382	247	208	0	13641
13538	390	229	12545	209	0	13373
13539	205	163	10695	119	0	11182
13540	161	119	9421	88	0	9789
13541	137	8889	436	118	0	9580
13542	260	71	504	4096	0	4931
13543	23	13	63	4057	0	4156
13544	3	9	13	4087	0	4112
13545	7	4	11	4075	0	4097
13546	3	9	4072	28	0	4112
13547	3910	8	21	14	0	3953
13548	20	4099	10	16	0	4145
13549	4058	16	8	13	0	4095
13550	25	6	8	4057	0	4096
13551	10	4146	2	28	0	4186
13552	7	20	8	4207	0	4242
13553	4209	14	3	26	0	4252
13554	21	4402	5	11	0	4439
13555	4395	21	8	14	0	4438
13556	4381	8	5	13	0	4407
13557	25	12	4	4475	0	4516
13558	10	10	4521	22	0	4563
13559	4479	4	42	12	0	4537
13560	20	12	7	4670	0	4709
13561	4734	7	6	24	0	4771
13562	4882	4	4	16	0	4906
13563	4896	3	5	10	0	4914
13564	31	5	4917	11	0	4964
13565	23	7	20	4858	0	4908
13566	4876	3	5	29	0	4913
13567	29	5	5079	14	0	5127
13568	13	5099	27	8	0	5147
13569	14	34	12	5019	0	5079
13570	8	11	5103	24	0	5146
13571	5	6	5136	12	0	5159
13572	16	22	26	5139	0	5203
13573	19	3	17	5178	0	5217
13574	4	4	7	5216	0	5231
13575	6	5	6	5193	0	5210
13576	5	6	5213	32	0	5256
13577	7	5328	33	11	0	5379
13578	7	26	9	5426	0	5468
13579	5492	6	6	33	0	5537
13580	5469	2	8	19	0	5498
13581	5510	6	7	10	0	5533
13582	34	5	8	5496	0	5543
13583	16	14	4	5445	0	5479
13584	8	5309	5	31	0	5353
13585	12	5449	2	14	0	5477
13586	27	38	8	5349	0	5422
13587	5322	13	10	42	0	5387
13588	5324	3	5	18	0	5350
13589	5295	3	6	18	0	5322
13590	5330	4	4	12	0	5350
13591	5358	4	6	14	0	5382
13592	21	5420	4	7	0	5452
13593	12	14	3	5500	0	5529
13594	5657	5	4	28	0	5694
13595	5729	1	3	16	0	5749
13596	24	1	1	5767	0	5793
13597	10	3	5	5799	0	5817
13598	7	12	5947	24	0	5990
13599	11	6	13	5913	0	5943
13600	12	2	7	5992	0	6013
13601	10	5	6227	22	0	6264
13602	9	10	15	6229	0	6263
13603	7	6414	7	22	0	6450
13604	8	13	6477	6	0	6504
13605	5	6504	16	8	0	6533
13606	8	20	6	6511	0	6545
13607	9	12	2	6500	0	6523
13608	6	6479	8	13	0	6506
13609	6	6541	8	5	0	6560
13610	6668	14	8	18	0	6708
13611	6643	3	3	24	0	6673
13612	20	6	6710	4	0	6740
13613	6916	2	16	19	0	6953
13614	7246	6	4	19	0	7275
13615	7320	4	3	12	0	7339
13616	7323	3	6	18	0	7350
13617	28	9	7260	4	0	7301
13618	9	9	7117	3	0	7138
13619	7373	6	18	23	0	7420
13620	22	7633	10	9	0	7674
13621	10	25	7630	1	0	7666
13622	7690	5	28	15	0	7738
13623	7744	3	4	20	0	7771
13624	26	4	7770	2	0	7802
13625	7852	4	24	10	0	7890
13626	30	8	6	8506	0	8550
13627	8	11	8872	25	0	8916
13628	8603	3	28	24	0	8658
13629	25	9116	12	11	0	9164
13630	9341	20	7	34	0	9402
13631	10248	9	6	50	0	10313
13632	40	8	3	10416	0	10467
13633	14	7	5	10490	0	10516
13634	15	3	8	10616	0	10642
13635	10679	7	6	50	0	10742
13636	11143	4	2	34	0	11183
13637	41	2	2	11264	0	11309
13638	24	2	3	11225	0	11254
13639	15	9	11155	41	0	11220
13640	10966	6	41	34	0	11047
13641	47	5	9	11471	0	11532
13642	10	8	4	11480	0	11502
13643	8	11408	16	57	0	11489
13644	13	39	3	11466	0	11521
13645	11	10	7	11457	0	11485
13646	11390	7	2	75	0	11474
13647	54	11666	14	22	0	11756
13648	21	55	2	11854	0	11932
13649	17	8	4	11898	0	11927
13650	19	8	2	12088	0	12117
13651	8	27	11929	78	0	12042
13652	22	4	51	11918	0	11995
13653	11934	6	8	99	0	12047
13654	65	17	11898	26	0	12006
13655	24	4	67	12190	0	12285
13656	19	2	13	12330	0	12364
13657	12323	1	13	112	0	12449
13658	12190	1	16	55	0	12262
13659	80	22	12222	26	0	12350
13660	11778	10	72	50	0	11910
13661	78	25	12254	16	0	12373
13662	12316	17	72	43	0	12448
13663	88	12960	29	38	0	13115
13664	13202	84	12	35	0	13333
13665	92	13342	16	36	0	13486
13666	13676	95	6	54	0	13831
13667	103	13840	12	21	0	13976
13668	32	110	8	14065	0	14215
13669	26	21	5	14133	0	14185
13670	21	15	9	14090	0	14135
13671	12	13821	13	133	0	13979
13672	23	99	10	13901	0	14033
13673	12	13968	13	122	0	14115
13674	26	96	4	14070	0	14196
13675	14086	23	8	149	0	14266
13676	14075	15	7	57	0	14154
13677	117	13952	19	33	0	14121
13678	52	94	6	14095	0	14247
13679	14026	20	10	146	0	14202
13680	116	14182	24	39	0	14361
13681	35	14355	13	37	0	14440
13682	14454	126	6	47	0	14633
13683	14679	34	8	45	0	14766
13684	143	14618	17	36	0	14814
13685	14671	125	8	56	0	14860
13686	152	31	4	14817	0	15004
13687	46	37	15700	134	0	15917
13688	15878	21	146	71	0	16116
13689	16254	19	26	66	0	16365
13690	193	23	16382	31	0	16629
13691	16556	15	161	64	0	16796
13692	17026	16	36	65	0	17143
13693	17615	11	30	61	0	17717
13694	243	17560	32	27	0	17862
13695	17708	183	13	55	0	17959
13696	17911	45	15	64	0	18035
13697	258	38	9	17870	0	18175
13698	111	31	7	18157	0	18306
13699	81	27	9	18279	0	18396
13700	18252	22	10	276	0	18560
13701	240	23	11	18068	0	18342
13702	18175	22	8	268	0	18473
13703	18424	19	11	120	0	18574
13704	291	14	11	18319	0	18635
13705	119	22	12	18952	0	19105
13706	102	19	9	19050	0	19180
13707	19186	18	7	308	0	19519
13708	248	19207	29	98	0	19582
13709	123	210	6	19576	0	19915
13710	93	56	10	20050	0	20209
13711	19788	33	11	341	0	20173
13712	19977	29	9	146	0	20161
13713	322	40	19527	85	0	19974
13714	134	44	19714	58	0	19950
13715	20315	27	265	89	0	20696
13716	332	21	77	20601	0	21031
13717	143	23	46	22154	0	22366
13718	102	47	21994	373	0	22516
13719	106	41	297	21899	0	22343
13720	78	21895	100	373	0	22446
13721	78	22430	61	133	0	22702
13722	22080	351	39	148	0	22618
13723	352	99	22049	88	0	22588
13724	113	22230	292	103	0	22738
13725	147	320	79	22333	0	22879
13726	94	108	22030	339	0	22571
13727	109	74	318	21624	0	22125
13728	102	45	87	21927	0	22161
13729	89	53	21541	413	0	22096
13730	82	21402	344	169	0	21997
13731	107	314	95	20721	0	21237
13732	20575	83	78	398	0	21134
13733	20818	54	50	171	0	21093
13734	20811	52	41	136	0	21040
13735	411	20504	55	112	0	21082
13736	20324	295	45	87	0	20751
13737	408	102	47	20202	0	20759
13738	139	86	20080	347	0	20652
13739	19979	40	306	155	0	20480
13740	363	20165	101	107	0	20736
13741	165	291	74	19986	0	20516
13742	140	86	55	20127	0	20408
13743	82	19993	66	377	0	20518
13744	118	323	42	20194	0	20677
13745	127	99	48	20469	0	20743
13746	132	69	36	20630	0	20867
13747	20026	52	38	459	0	20575
13748	20007	57	42	217	0	20323
13749	374	78	19916	149	0	20517
13750	208	52	291	19843	0	20394
13751	168	53	82	20226	0	20529
13752	147	42	77	20302	0	20568
13753	19956	41	60	459	0	20516
13754	342	73	19600	181	0	20196
13755	19392	52	288	191	0	19923
13756	19800	43	100	168	0	20111
13757	435	48	72	19657	0	20212
13758	19745	40	49	413	0	20247
13759	397	70	19580	181	0	20228
13760	19398	42	295	164	0	19899
13761	414	20147	111	124	0	20796
13762	189	272	19851	111	0	20423
13763	152	103	19875	114	0	20244
13764	164	152	341	19631	0	20288
13765	120	64	19665	365	0	20214
13766	19128	71	321	203	0	19723
13767	324	19067	130	145	0	19666
13768	19097	249	94	164	0	19604
13769	366	78	76	19238	0	19758
13770	164	82	19200	340	0	19786
13771	126	61	19324	192	0	19703
13772	158	59	316	19302	0	19835
13773	19353	47	141	370	0	19911
13774	312	19154	96	179	0	19741
13775	124	19660	94	179	0	20057
13776	19567	281	85	176	0	20109
13777	312	19603	113	161	0	20189
13778	19598	280	79	136	0	20093
13779	391	116	76	19410	0	19993
13780	19280	74	68	319	0	19741
13781	368	69	65	19283	0	19785
13782	19295	53	74	353	0	19775
13783	351	44	76	19140	0	19611
13784	153	18960	99	322	0	19534
13785	18914	231	77	171	0	19393
13786	303	18775	79	167	0	19324
13787	137	249	17661	85	0	18132
13788	149	88	220	17141	0	17598
13789	83	17504	104	203	0	17894
13790	17158	208	74	120	0	17560
13791	16905	85	45	110	0	17145
13792	276	16685	82	64	0	17107
13793	107	215	16202	69	0	16593
13794	122	76	189	15791	0	16178
13795	74	15957	92	205	0	16328
13796	117	183	63	16014	0	16377
13797	116	70	47	16028	0	16261
13798	15756	78	35	259	0	16128
13799	221	15717	51	121	0	16110
13800	115	174	34	15843	0	16166
13801	15825	84	50	230	0	16189
13802	15805	51	34	144	0	16034
13803	15667	60	33	115	0	15875
13804	291	67	31	15531	0	15920
13805	15010	40	29	213	0	15292
13806	215	15098	37	85	0	15435
13807	14854	153	33	105	0	15145
13808	198	14968	38	67	0	15271
13809	14726	151	29	96	0	15002
13810	14568	58	19	85	0	14730
13811	230	134	36	14590	0	14990
13812	99	55	15053	165	0	15372
13813	91	68	14875	57	0	15091
13814	64	14956	150	69	0	15239
13815	14488	172	118	78	0	14856
13816	176	51	14355	32	0	14614
13817	12399	23	92	39	0	12553
13818	87	12531	24	18	0	12660
13819	31	12911	22	14	0	12978
13820	46	105	14	13121	0	13286
13821	14	13565	15	81	0	13675
13822	21	110	13832	18	0	13981
13823	36	51	89	13605	0	13781
13824	20	14141	34	81	0	14276
13825	41	99	10	14133	0	14283
13826	14174	29	11	138	0	14352
13827	126	24	10	14353	0	14513
13828	34	33	14516	117	0	14700
13829	18	14787	122	41	0	14968
13830	31	165	31	14650	0	14877
13831	44	42	20	14808	0	14914
13832	34	35	16	14917	0	15002
13833	14703	14	13	188	0	14918
13834	14643	25	21	88	0	14777
13835	152	39	14745	37	0	14973
13836	50	31	14639	39	0	14759
13837	36	14899	140	36	0	15111
13838	15082	127	43	56	0	15308
13839	167	40	28	15104	0	15339
13840	81	26	26	15165	0	15298
13841	59	26	19	15172	0	15276
13842	57	33	15	15206	0	15311
13843	37	52	14966	178	0	15233
13844	14824	27	130	88	0	15069
13845	166	20	39	15966	0	16191
13846	47	39	15914	194	0	16194
13847	16204	24	166	110	0	16504
13848	17308	16	56	91	0	17471
13849	254	40	18779	50	0	19123
13850	100	36	19326	45	0	19507
13851	95	26	283	19258	0	19662
13852	19338	20	107	292	0	19757
13853	19581	17	68	132	0	19798
13854	332	17	59	19276	0	19684
13855	140	12	63	19537	0	19752
13856	86	37	19437	304	0	19864
13857	126	32	247	19177	0	19582
13858	99	28	19322	302	0	19751
13859	18770	15	270	157	0	19212
13860	257	19249	127	144	0	19777
13861	18819	221	87	114	0	19241
13862	280	18837	86	119	0	19322
13863	18786	246	93	101	0	19226
13864	324	79	63	18559	0	19025
13865	176	53	55	18705	0	18989
13866	18683	53	33	337	0	19106
13867	18733	51	37	156	0	18977
13868	18729	41	44	131	0	18945
13869	18830	34	47	128	0	19039
13870	394	39	18533	100	0	19066
13871	18539	19	245	112	0	18915
13872	18829	16	97	98	0	19040
13873	18747	24	64	77	0	18912
13874	471	28	61	18320	0	18880
13875	18159	27	55	283	0	18524
13876	384	17980	67	114	0	18545
13877	256	211	47	17964	0	18478
13878	211	62	47	18142	0	18462
13879	160	61	17863	363	0	18447
13880	196	44	250	17667	0	18157
13881	146	17754	102	330	0	18332
13882	17669	242	73	170	0	18154
13883	309	17625	107	147	0	18188
13884	17691	271	62	154	0	18178
13885	397	112	62	17658	0	18229
13886	17592	71	52	325	0	18040
13887	365	17342	50	161	0	17918
13888	17471	268	42	140	0	17921
13889	17578	118	44	122	0	17862
13890	461	90	34	17277	0	17862
13891	288	66	41	17497	0	17892
13892	192	67	17195	368	0	17822
13893	213	51	253	17127	0	17644
13894	213	62	84	17258	0	17617
13895	179	69	16953	382	0	17583
13896	195	47	262	17016	0	17520
13897	126	57	16903	382	0	17468
13898	16742	35	291	230	0	17298
13899	368	43	128	16738	0	17277
13900	182	68	16451	359	0	17060
13901	16426	49	286	199	0	16960
13902	389	42	127	16425	0	16983
13903	196	52	16462	362	0	17072
13904	16385	32	291	209	0	16917
13905	398	38	131	16353	0	16920
13906	222	48	92	16394	0	16756
13907	16252	27	89	406	0	16774
13908	405	39	75	15986	0	16505
13909	233	32	81	16077	0	16423
13910	188	37	76	15798	0	16099
13911	166	15342	78	402	0	15988
13912	14812	212	49	257	0	15330
13913	14792	78	55	202	0	15127
13914	397	51	58	14332	0	14838
13915	14263	54	43	388	0	14748
13916	14302	53	72	214	0	14641
13917	14374	49	60	155	0	14638
13918	13408	47	80	180	0	13715
13919	14030	29	62	167	0	14288
13920	448	51	13109	148	0	13756
13921	245	43	12742	134	0	13164
13922	12482	36	254	120	0	12892
13923	353	12274	123	132	0	12882
13924	206	204	113	11836	0	12359
13925	169	78	11886	254	0	12387
13926	169	67	11894	124	0	12254
13927	200	150	282	11511	0	12143
13928	11380	84	222	339	0	12025
13929	311	41	82	11272	0	11706
13930	156	57	11325	260	0	11798
13931	11664	23	202	190	0	12079
13932	296	23	109	11682	0	12110
13933	195	18	87	11836	0	12136
13934	164	12	76	11895	0	12147
13935	153	24	60	11722	0	11959
13936	139	30	11416	327	0	11912
13937	155	23	187	11312	0	11677
13938	11183	15	91	293	0	11582
13939	235	27	10970	194	0	11426
13940	10990	23	197	161	0	11371
13941	11187	20	91	133	0	11431
13942	11138	27	64	121	0	11350
13943	11055	13	83	104	0	11255
13944	321	10726	74	106	0	11227
13945	161	9681	48	78	0	9968
13946	122	9838	65	63	0	10088
13947	8932	282	255	135	0	9604
13948	198	68	8326	89	0	8681
13949	6349	122	182	27	0	6680
13950	134	31	55	5935	0	6155
13951	5911	6	25	55	0	5997
13952	68	3	17	5860	0	5948
13953	5886	8	8	76	0	5978
13954	72	1	13	5889	0	5975
13955	45	6	9	6025	0	6085
13956	5752	1	11	83	0	5847
13957	66	6262	13	28	0	6369
13958	36	44	6149	31	0	6260
13959	18	6109	51	27	0	6205
13960	28	41	5787	18	0	5874
13961	39	84	54	5481	0	5658
13962	5426	9	70	43	0	5548
13963	45	2	10	5322	0	5379
13964	5289	4	7	46	0	5346
13965	53	5568	9	24	0	5654
13966	31	34	5674	8	0	5747
13967	17	5658	31	21	0	5727
13968	16	5635	15	18	0	5684
13969	5326	32	33	11	0	5402
13970	5203	10	9	11	0	5233
13971	34	5238	9	6	0	5287
13972	14	29	1	5294	0	5338
13973	7	5	2	5328	0	5342
13974	5323	4	2	44	0	5373
13975	32	3	5381	11	0	5427
13976	11	3	5337	8	0	5359
13977	6	3	35	5478	0	5522
13978	6	5	5515	37	0	5563
13979	5441	3	36	15	0	5495
13980	5617	5	13	9	0	5644
13981	40	5612	11	6	0	5669
13982	14	34	5749	6	0	5803
13983	14	7	36	5821	0	5878
13984	7	7	6097	35	0	6146
13985	11	4	32	6087	0	6134
13986	6159	8	10	43	0	6220
13987	35	6324	7	19	0	6385
13988	11	35	6600	7	0	6653
13989	12	6781	41	4	0	6838
13990	9	6983	13	11	0	7016
13991	7092	39	10	16	0	7157
13992	7028	8	9	24	0	7069
13993	44	10	7126	6	0	7186
13994	15	7353	36	23	0	7427
13995	20	37	9	7442	0	7508
13996	13	8	6	7482	0	7509
13997	11	6	6	7485	0	7508
13998	5	11	7587	45	0	7648
13999	8	8	36	7585	0	7637
14000	13	6	9	7814	0	7842
14001	7925	6	8	52	0	7991
14002	8020	7	9	19	0	8055
14003	8009	3	7	21	0	8040
14004	7964	4	6	25	0	7999
14005	7926	4	4	20	0	7954
14006	43	7913	3	11	0	7970
14007	7790	27	4	21	0	7842
14008	33	18	7820	6	0	7877
14009	21	31	26	7869	0	7947
14010	7919	4	8	32	0	7963
14011	27	8000	15	10	0	8052
14012	8120	21	11	13	0	8165
14013	8309	9	6	18	0	8342
14014	34	7	1	8544	0	8586
14015	13	9	4	8672	0	8698
14016	11	9213	13	30	0	9267
14017	7	23	6	9405	0	9441
14018	6	23	9831	34	0	9894
14019	13	6	30	10046	0	10095
14020	8	12	10058	32	0	10110
14021	9972	7	36	34	0	10049
14022	45	7	15	10277	0	10344
14023	16	19	10485	35	0	10555
14024	9	10373	37	23	0	10442
14025	5	10439	21	13	0	10478
14026	10366	39	20	32	0	10457
14027	37	30	7	10419	0	10493
14028	16	14	10919	25	0	10974
14029	7	10939	33	16	0	10995
14030	7	35	11030	10	0	11082
14031	10826	13	36	34	0	10909
14032	10937	9	16	21	0	10983
14033	10954	3	6	35	0	10998
14034	40	5	4	11095	0	11144
14035	19	15	11058	24	0	11116
14036	5	11268	38	20	0	11331
14037	15	23	22	11449	0	11509
14038	6	22	11288	29	0	11345
14039	6	24	11077	20	0	11127
14040	10	3	40	11502	0	11555
14041	11561	6	15	53	0	11635
14042	35	4	8	11598	0	11645
14043	21	8	5	11812	0	11846
14044	5	7	12010	39	0	12061
14045	19	5	30	12101	0	12155
14046	12	4	13	12100	0	12129
14047	9	5	12292	40	0	12346
14048	8	16	12188	19	0	12231
14049	13	6	42	12378	0	12439
14050	9	16	12525	31	0	12581
14051	16	6	33	12598	0	12653
14052	12656	4	20	66	0	12746
14053	29	13107	19	23	0	13178
14054	22	31	9	13329	0	13391
14055	14	20	13162	34	0	13230
14056	12350	6	38	57	0	12451
14057	35	12776	29	19	0	12859
14058	12916	31	8	40	0	12995
14059	39	13	7	12938	0	12997
14060	28	8	11	12969	0	13016
14061	13213	5	6	80	0	13304
14062	34	26	13298	30	0	13388
14063	13176	1	42	39	0	13258
14064	44	2	21	13468	0	13535
14065	13273	5	15	72	0	13365
14066	13261	6	10	52	0	13329
14067	60	5	11	13493	0	13569
14068	28	13798	20	61	0	13907
14069	14168	43	8	53	0	14272
14070	14241	15	7	44	0	14307
14071	69	23	14395	8	0	14495
14072	14324	9	52	30	0	14415
14073	73	6	21	14594	0	14694
14074	30	14736	25	57	0	14848
14075	31	47	11	14665	0	14754
14076	10	14727	24	65	0	14826
14077	14723	69	11	51	0	14854
14078	15308	18	7	50	0	15383
14079	110	30	5	16799	0	16944
14080	45	34	16770	99	0	16948
14081	29	24	16757	62	0	16872
14082	36	13	150	17488	0	17687
14083	17588	10	83	138	0	17819
14084	18186	12	48	103	0	18349
14085	174	18419	39	50	0	18682
14086	127	123	20	18526	0	18796
14087	56	76	18757	147	0	19036
14088	41	64	19181	87	0	19373
14089	54	47	225	20233	0	20559
14090	21291	13	132	251	0	21687
14091	232	18	65	21680	0	21995
14092	98	29	21538	257	0	21922
14093	21540	11	227	156	0	21934
14094	255	16	109	21471	0	21851
14095	137	7	81	21694	0	21919
14096	110	19	43	21600	0	21772
14097	70	21451	56	336	0	21913
14098	44	200	21497	174	0	21915
14099	53	105	21611	98	0	21867
14100	54	54	304	21708	0	22120
14101	36	47	21719	251	0	22053
14102	21419	15	290	158	0	21882
14103	266	25	130	21533	0	21954
14104	152	20	85	21604	0	21861
14105	101	16	79	21588	0	21784
14106	62	21467	89	357	0	21975
14107	21715	204	50	221	0	22190
14108	275	90	37	21758	0	22160
14109	21603	62	41	344	0	22050
14110	266	21582	68	176	0	22092
14111	21557	232	64	150	0	22003
14112	21429	102	70	136	0	21737
14113	21466	60	54	133	0	21713
14114	375	20882	72	116	0	21445
14115	202	21102	73	82	0	21459
14116	20463	276	56	107	0	20902
14117	283	20408	69	116	0	20876
14118	143	289	19908	101	0	20441
14119	120	19406	245	136	0	19907
14120	100	19731	134	132	0	20097
14121	19738	296	83	98	0	20215
14122	267	175	19505	87	0	20034
14123	158	128	19311	64	0	19661
14124	176	103	316	19191	0	19786
14125	14558	58	4994	265	0	19875
14126	259	65	19407	147	0	19878
14127	203	66	275	19413	0	19957
14128	112	94	18871	274	0	19351
14129	107	89	18523	151	0	18870
14130	18212	56	335	150	0	18753
14131	277	80	18563	102	0	19022
14132	173	72	336	18433	0	19014
14133	168	80	152	18545	0	18945
14134	111	18369	133	317	0	18930
14135	108	18667	141	179	0	19095
14136	118	285	109	18548	0	19060
14137	83	159	18481	287	0	19010
14138	125	102	263	18453	0	18943
14139	116	88	145	18623	0	18972
14140	84	78	18733	376	0	19271
14141	96	74	291	18888	0	19349
14142	19038	62	180	362	0	19642
14143	280	70	18964	192	0	19506
14144	18744	67	309	183	0	19303
14145	351	60	177	18755	0	19343
14146	224	55	139	19031	0	19449
14147	149	19019	133	389	0	19690
14148	153	266	91	19252	0	19762
14149	111	146	121	19473	0	19851
14150	19291	104	122	437	0	19954
14151	327	80	101	19391	0	19899
14152	205	63	109	19551	0	19928
14153	18943	69	110	466	0	19588
14154	336	79	101	18999	0	19515
14155	209	69	108	18619	0	19005
14156	153	18809	123	427	0	19512
14157	18931	240	108	289	0	19568
14158	328	135	92	18974	0	19529
14159	198	119	87	19163	0	19567
14160	143	104	18836	455	0	19538
14161	143	65	290	18773	0	19271
14162	121	57	173	18899	0	19250
14163	18583	51	120	511	0	19265
14164	18616	54	96	305	0	19071
14165	382	65	90	18521	0	19058
14166	214	71	18175	397	0	18857
14167	156	17710	284	251	0	18401
14168	108	17791	174	228	0	18301
14169	195	327	127	17519	0	18168
14170	17495	155	106	373	0	18129
14171	318	109	65	17514	0	18006
14172	17529	81	52	403	0	18065
14173	338	62	67	17736	0	18203
14174	241	66	76	17605	0	17988
14175	17368	63	49	437	0	17917
14176	17349	62	53	275	0	17739
14177	383	17220	59	191	0	17853
14178	211	17203	61	162	0	17637
14179	117	212	40	15367	0	15736
14180	97	109	50	15472	0	15728
14181	86	75	15050	243	0	15454
14182	14086	52	163	174	0	14475
14183	188	14367	76	122	0	14753
14184	78	13772	61	91	0	14002
14185	13328	131	107	116	0	13682
14186	164	68	13339	57	0	13628
14187	96	60	12914	56	0	13126
14188	84	85	12022	78	0	12269
14189	43	11087	141	37	0	11308
14190	104	57	184	9856	0	10201
14191	22	23	9	9853	0	9907
14192	21	15	6	9911	0	9953
14193	9828	10	5	85	0	9928
14194	9786	7	10	57	0	9860
14195	59	9916	18	21	0	10014
14196	40	48	9	10098	0	10195
14197	21	36	10249	53	0	10359
14198	14	10419	51	29	0	10513
14199	10314	51	21	45	0	10431
14200	54	30	10334	13	0	10431
14201	9809	17	45	39	0	9910
14202	50	27	10480	14	0	10571
14203	29	53	50	10308	0	10440
14204	12	10570	23	52	0	10657
14205	10685	38	16	46	0	10785
14206	47	10866	11	25	0	10949
14207	10714	53	5	32	0	10804
14208	64	18	10	10669	0	10761
14209	26	23	10951	54	0	11054
14210	34	15	51	11290	0	11390
14211	21	15	23	11893	0	11952
14212	25	23	11883	80	0	12011
14213	11596	11	68	63	0	11738
14214	66	12168	26	34	0	12294
14215	12114	66	20	31	0	12231
14216	84	12234	15	26	0	12359
14217	40	79	7	12614	0	12740
14218	21	42	12521	89	0	12673
14219	13687	19	77	64	0	13847
14220	118	14065	34	43	0	14260
14221	65	121	16	14125	0	14327
14222	55	36	7	14501	0	14599
14223	15131	24	14	184	0	15353
14224	15758	11	24	88	0	15881
14225	188	16020	28	38	0	16274
14226	16873	163	20	53	0	17109
14227	16900	52	21	48	0	17021
14228	17100	50	7	56	0	17213
14229	288	60	17210	24	0	17582
14230	139	16958	187	31	0	17315
14231	76	17357	80	31	0	17544
14232	86	235	44	16892	0	17257
14233	80	105	22	17116	0	17323
14234	17009	58	15	258	0	17340
14235	210	16876	40	124	0	17250
14236	16953	213	15	71	0	17252
14237	287	92	10	16746	0	17135
14238	118	66	11	16956	0	17151
14239	16570	27	16	289	0	16902
14240	16365	28	17	138	0	16548
14241	282	57	16036	69	0	16444
14242	171	59	181	15846	0	16257
14243	85	47	15666	224	0	16022
14244	70	40	15547	110	0	15767
14245	67	51	15654	73	0	15845
14246	15263	50	313	72	0	15698
14247	247	31	132	15157	0	15567
14248	127	28	65	15205	0	15425
14249	125	31	51	15348	0	15555
14250	69	31	15216	289	0	15605
14251	102	20	209	15209	0	15540
14252	100	30	88	15386	0	15604
14253	15096	30	63	297	0	15486
14254	15127	35	45	169	0	15376
14255	15302	25	41	152	0	15520
14256	15307	23	50	110	0	15490
14257	381	24	30	14996	0	15431
14258	15106	29	40	262	0	15437
14259	332	29	29	15039	0	15429
14260	164	42	14711	266	0	15183
14261	14839	27	198	144	0	15208
14262	284	14710	102	122	0	15218
14263	210	183	71	14655	0	15119
14264	164	95	42	14766	0	15067
14265	93	14737	54	304	0	15188
14266	14729	195	48	169	0	15141
14267	266	14568	57	132	0	15023
14268	155	234	14517	85	0	14991
14269	137	104	14515	98	0	14854
14270	14368	82	262	100	0	14812
14271	14533	54	129	95	0	14811
14272	330	67	14228	83	0	14708
14273	14146	56	216	89	0	14507
14274	306	51	14122	93	0	14572
14275	14110	37	258	96	0	14501
14276	320	43	14119	79	0	14561
14277	182	53	14132	83	0	14450
14278	165	46	302	13509	0	14022
14279	160	36	170	13709	0	14075
14280	13775	33	121	300	0	14229
14281	13897	23	78	194	0	14192
14282	13941	36	87	140	0	14204
14283	13982	37	84	113	0	14216
14284	379	13495	94	105	0	14073
14285	253	199	73	13370	0	13895
14286	175	13539	103	265	0	14082
14287	200	218	83	13519	0	14020
14288	193	102	71	13451	0	13817
14289	180	85	59	13353	0	13677
14290	136	70	12984	365	0	13555
14291	12854	48	214	226	0	13342
14292	297	12704	140	167	0	13308
14293	204	12957	97	140	0	13398
14294	156	268	12925	116	0	13465
14295	169	123	226	12783	0	13301
14296	146	79	122	12790	0	13137
14297	12527	49	88	322	0	12986
14298	307	61	83	12297	0	12748
14299	210	65	69	12361	0	12705
14300	174	56	83	12408	0	12721
14301	165	45	83	12413	0	12706
14302	11893	49	89	385	0	12416
14303	12049	41	94	204	0	12388
14304	12073	50	91	145	0	12359
14305	375	28	78	11995	0	12476
14306	11925	34	67	321	0	12347
14307	327	35	82	12114	0	12558
14308	219	37	91	12367	0	12714
14309	179	37	11880	342	0	12438
14310	146	44	11541	199	0	11930
14311	115	39	11022	166	0	11342
14312	10791	41	337	146	0	11315
14313	294	62	185	10313	0	10854
14314	182	10519	111	248	0	11060
14315	10675	160	89	148	0	11072
14316	282	78	10411	146	0	10917
14317	10049	63	212	98	0	10422
14318	296	9601	117	122	0	10136
14319	8332	110	90	71	0	8603
14320	233	83	51	8161	0	8528
14321	8018	44	51	154	0	8267
14322	196	7711	33	104	0	8044
14323	116	7400	48	75	0	7639
14324	6645	99	46	51	0	6841
14325	111	6562	26	43	0	6742
14326	35	5479	15	25	0	5554
14327	44	5453	68	15	0	5580
14328	5112	82	134	17	0	5345
14329	4934	28	25	9	0	4996
14330	4945	22	8	10	0	4985
14331	56	13	3	4908	0	4980
14332	32	18	7	4926	0	4983
14333	32	11	4897	39	0	4979
14334	26	11	31	4928	0	4996
14335	22	11	4982	41	0	5056
14336	16	12	36	4971	0	5035
14337	19	7	17	5010	0	5053
14338	4968	4	14	56	0	5042
14339	4964	6	9	39	0	5018
14340	42	4964	19	22	0	5047
14341	28	32	10	4950	0	5020
14342	27	13	5072	39	0	5151
14343	29	16	29	5087	0	5161
14344	18	12	16	5122	0	5168
14345	20	13	11	5125	0	5169
14346	14	10	5049	55	0	5128
14347	10	9	4876	33	0	4928
14348	4930	7	38	35	0	5010
14349	43	7	23	4992	0	5065
14350	15	5	4961	48	0	5029
14351	4840	5	41	29	0	4915
14352	37	5015	24	25	0	5101
14353	5009	25	22	18	0	5074
14354	36	15	5146	20	0	5217
14355	5025	12	37	19	0	5093
14356	47	11	14	5065	0	5137
14357	19	11	5139	29	0	5198
14358	25	5082	30	24	0	5161
14359	5096	29	25	27	0	5177
14360	39	19	16	5085	0	5159
14361	21	17	13	5110	0	5161
14362	22	5181	13	38	0	5254
14363	17	28	7	5200	0	5252
14364	16	12	5212	37	0	5277
14365	5	5211	33	24	0	5273
14366	5160	26	12	26	0	5224
14367	33	13	14	5134	0	5194
14368	13	11	12	5111	0	5147
14369	16	13	5101	33	0	5163
14370	17	18	28	5149	0	5212
14371	18	17	5309	36	0	5380
14372	13	5409	35	29	0	5486
14373	5317	31	31	29	0	5408
14374	5320	12	21	24	0	5377
14375	5344	14	9	25	0	5392
14376	43	5654	16	11	0	5724
14377	26	29	13	5685	0	5753
14378	28	14	10	5696	0	5748
14379	24	12	3	5578	0	5617
14380	5641	6	6	54	0	5707
14381	5622	12	6	36	0	5676
14382	40	6	6	5633	0	5685
14383	29	11	6075	39	0	6154
14384	26	5	25	6080	0	6136
14385	17	6	15	6131	0	6169
14386	17	9	8	6098	0	6132
14387	17	3	8	6123	0	6151
14388	6131	2	13	61	0	6207
14389	30	6	6	6217	0	6259
14390	23	3	7	6237	0	6270
14391	12	6248	4	63	0	6327
14392	12	25	6	6339	0	6382
14393	11	6450	7	48	0	6516
14394	13	39	5	6472	0	6529
14395	6461	15	5	54	0	6535
14396	35	6536	5	27	0	6603
14397	6501	34	2	24	0	6561
14398	44	16	6594	13	0	6667
14399	25	13	32	6538	0	6608
14400	16	10	6698	41	0	6765
14401	10	12	41	6712	0	6775
14402	14	16	18	6677	0	6725
14403	7	6693	21	56	0	6777
14404	10	6673	10	31	0	6724
14405	9	6710	8	15	0	6742
14406	6606	28	14	27	0	6675
14407	23	6390	12	11	0	6436
14408	9	6325	9	6	0	6349
14409	49	29	15	6416	0	6509
14410	6485	9	4	35	0	6533
14411	22	6791	8	14	0	6835
14412	6887	24	6	12	0	6929
14413	6904	8	2	17	0	6931
14414	28	14	7136	4	0	7182
14415	16	1	22	7178	0	7217
14416	8	4	9	7248	0	7269
14417	11	8	2	7293	0	7314
14418	14	4	1	7270	0	7289
14419	7	11	7121	32	0	7171
14420	4	14	6721	11	0	6750
14421	6778	8	25	26	0	6837
14422	19	7065	17	11	0	7112
14423	6	7100	9	6	0	7121
14424	7140	23	1	18	0	7182
14425	23	7190	8	6	0	7227
14426	12	23	2	7350	0	7387
14427	7367	6	4	42	0	7419
14428	29	9	7418	10	0	7466
14429	10	4	24	7580	0	7618
14430	3	7	7679	30	0	7719
14431	7605	3	23	34	0	7665
14432	28	12	8267	9	0	8316
14433	8395	4	30	18	0	8447
14434	8705	4	13	17	0	8739
14435	8720	2	3	29	0	8754
14436	8800	5	4	20	0	8829
14437	8808	5	3	27	0	8843
14438	43	4	3	8851	0	8901
14439	9185	3	3	57	0	9248
14440	35	3	1	9305	0	9344
14441	18	3	6	9363	0	9390
14442	16	1	3	9442	0	9462
14443	2	15	9506	41	0	9564
14444	8	9	25	9466	0	9508
14445	9	5	12	9702	0	9728
14446	4	14	9571	39	0	9628
14447	9164	6	28	25	0	9223
14448	38	6	11	9804	0	9859
14449	21	12	9796	29	0	9858
14450	9	17	9583	17	0	9626
14451	17	9	37	9625	0	9688
14452	17	13	9793	35	0	9858
14453	17	9	29	9932	0	9987
14454	14	6	9	9987	0	10016
14455	3	9928	11	47	0	9989
14456	2	10040	10	24	0	10076
14457	10098	34	6	29	0	10167
14458	36	10	4	10237	0	10287
14459	15	3	2	10192	0	10212
14460	8	3	7	10410	0	10428
14461	9	16	10488	42	0	10555
14462	13	5	32	10419	0	10469
14463	10467	2	13	63	0	10545
14464	39	12	10629	12	0	10692
14465	22	2	37	10969	0	11030
14466	9	7	14	11153	0	11183
14467	12	1	6	11301	0	11320
14468	6	11816	9	54	0	11885
14469	11948	60	7	44	0	12059
14470	12392	17	11	34	0	12454
14471	95	12773	12	11	0	12891
14472	34	76	1	13323	0	13434
14473	8	21	13386	104	0	13519
14474	16	25	13288	30	0	13359
14475	13716	5	129	42	0	13892
14476	137	7	36	13949	0	14129
14477	14309	5	19	146	0	14479
14478	157	14690	24	44	0	14915
14479	39	14971	36	22	0	15068
14480	14938	182	11	46	0	15177
14481	171	15358	18	41	0	15588
14482	58	171	15	15582	0	15826
14483	58	50	6	15275	0	15389
14484	31	15989	20	182	0	16222
14485	16098	179	9	102	0	16388
14486	179	73	16311	31	0	16594
14487	16156	42	168	46	0	16412
14488	200	34	16650	23	0	16907
14489	15993	24	181	57	0	16255
14490	207	43	16875	31	0	17156
14491	77	16781	198	35	0	17091
14492	80	204	69	16814	0	17167
14493	16711	64	47	207	0	17029
14494	206	39	16578	59	0	16882
14495	80	39	16568	42	0	16729
14496	77	28	226	16421	0	16752
14497	40	26	16671	188	0	16925
14498	57	26	212	16528	0	16823
14499	80	27	75	16573	0	16755
14500	38	39	16556	227	0	16860
14501	69	14	201	16537	0	16821
14502	16789	15	90	236	0	17130
14503	185	16781	77	80	0	17123
14504	16930	182	43	103	0	17258
14505	228	59	38	16737	0	17062
14506	16750	39	42	240	0	17071
14507	17045	27	44	136	0	17252
14508	264	27	46	17055	0	17392
14509	100	17062	63	221	0	17446
14510	17220	173	37	120	0	17550
14511	216	83	16754	64	0	17117
14512	100	57	16732	52	0	16941
14513	16617	35	234	82	0	16968
14514	238	28	93	16680	0	17039
14515	93	53	16744	199	0	17089
14516	102	32	202	16838	0	17174
14517	16903	27	74	244	0	17248
14518	17194	25	70	118	0	17407
14519	17262	22	66	90	0	17440
14520	267	17503	66	74	0	17910
14521	141	194	43	17661	0	18039
14522	115	61	35	17685	0	17896
14523	17478	43	46	288	0	17855
14524	221	17485	57	120	0	17883
14525	17418	183	50	95	0	17746
14526	261	81	37	17356	0	17735
14527	17275	56	41	249	0	17621
14528	241	71	16750	95	0	17157
14529	120	16933	199	83	0	17335
14530	109	211	76	16673	0	17069
14531	96	17375	58	187	0	17716
14532	103	213	34	16981	0	17331
14533	16929	83	29	242	0	17283
14534	224	71	16424	94	0	16813
14535	16251	42	196	106	0	16595
14536	232	16890	102	77	0	17301
14537	135	190	64	17132	0	17521
14538	107	74	38	17340	0	17559
14539	16897	57	42	276	0	17272
14540	220	59	16763	125	0	17167
14541	142	31	198	16961	0	17332
14542	106	39	84	16948	0	17177
14543	101	50	59	16869	0	17079
14544	82	41	41	16988	0	17152
14545	16675	38	43	317	0	17073
14546	16644	28	47	181	0	16900
14547	277	39	16624	108	0	17048
14548	130	63	16363	83	0	16639
14549	16866	34	229	126	0	17255
14550	17412	36	79	133	0	17660
14551	300	36	59	17325	0	17720
14552	172	30	65	17311	0	17578
14553	17103	26	60	295	0	17484
14554	233	17056	75	149	0	17513
14555	149	173	40	17135	0	17497
14556	104	54	49	17373	0	17580
14557	99	66	16953	268	0	17386
14558	124	36	192	17049	0	17401
14559	86	52	17075	250	0	17463
14560	90	36	217	16994	0	17337
14561	16794	40	79	278	0	17191
14562	236	31	66	16885	0	17218
14563	107	37	16803	260	0	17207
14564	88	16513	217	139	0	16957
14565	115	195	80	17069	0	17459
14566	73	80	17142	242	0	17537
14567	71	17294	206	131	0	17702
14568	105	249	81	16932	0	17367
14569	89	77	16798	214	0	17178
14570	14992	44	194	164	0	15394
14571	170	16393	95	108	0	16766
14572	73	15917	53	92	0	16135
14573	56	16187	63	66	0	16372
14574	149	293	85	15585	0	16112
14575	55	88	16110	156	0	16409
14576	40	15990	154	88	0	16272
14577	101	259	83	15773	0	16216
14578	16291	60	54	180	0	16585
14579	145	45	29	19816	0	20035
14580	71	79	22538	238	0	22926
14581	39	22717	279	112	0	23147
14582	22336	260	79	111	0	22786
14583	269	22538	92	86	0	22985
14584	100	328	21771	65	0	22264
14585	60	21720	308	116	0	22204
14586	111	407	168	21248	0	21934
14587	53	220	21129	239	0	21641
14588	87	21093	296	82	0	21558
14589	108	344	121	20823	0	21396
14590	70	179	139	20699	0	21087
14591	19	20786	109	351	0	21265
14592	57	330	101	20908	0	21396
14593	27	198	20771	367	0	21363
14594	40	196	20900	164	0	21300
14595	66	140	327	20881	0	21414
14596	20706	111	158	461	0	21436
14597	20735	149	107	241	0	21232
14598	335	106	112	20490	0	21043
14599	119	20509	209	386	0	21223
14600	132	304	179	20540	0	21155
14601	20381	167	101	466	0	21115
14602	441	112	54	20326	0	20933
14603	262	119	70	20408	0	20859
14604	20106	121	69	515	0	20811
14605	312	20026	94	270	0	20702
14606	202	327	83	20108	0	20720
14607	19860	130	77	478	0	20545
14608	368	155	19438	296	0	20257
14609	19450	84	279	319	0	20132
14610	483	102	106	19603	0	20294
14611	19606	166	93	447	0	20312
14612	19771	111	80	317	0	20279
14613	19556	74	96	246	0	19972
14614	494	19258	155	210	0	20117
14615	298	305	19221	176	0	20000
14616	261	19294	315	200	0	20070
14617	19306	335	122	189	0	19952
14618	481	18987	109	188	0	19765
14619	355	370	72	19060	0	19857
14620	18680	210	106	368	0	19364
14621	388	18573	131	196	0	19288
14622	238	427	18497	177	0	19339
14623	300	234	272	18623	0	19429
14624	206	220	18498	375	0	19299
14625	180	18431	354	388	0	19353
14626	228	383	137	18305	0	19053
14627	212	222	157	18582	0	19173
14628	177	182	171	18618	0	19148
14629	169	138	151	18304	0	18762
14630	120	18106	148	501	0	18875
14631	17800	403	101	313	0	18617
14632	362	211	17725	291	0	18589
14633	200	164	311	17828	0	18503
14634	17644	145	172	530	0	18491
14635	366	174	17667	308	0	18515
14636	228	17385	342	225	0	18180
14637	255	420	174	17168	0	18017
14638	158	203	17329	415	0	18105
14639	155	17285	391	301	0	18132
14640	16924	372	191	275	0	17762
14641	356	17061	227	211	0	17855
14642	184	474	154	16917	0	17729
14643	196	245	133	17247	0	17821
14644	16860	208	170	504	0	17742
14645	358	16906	173	290	0	17727
14646	283	425	126	16920	0	17754
14647	16600	251	153	479	0	17483
14648	16391	225	121	376	0	17113
14649	450	16112	105	356	0	17023
14650	16130	396	92	247	0	16865
14651	16242	267	88	228	0	16825
14652	519	219	79	15934	0	16751
14653	349	178	15701	449	0	16677
14654	356	172	307	15552	0	16387
14655	324	185	146	15739	0	16394
14656	276	155	15511	496	0	16438
14657	264	15292	331	322	0	16209
14658	253	362	172	15416	0	16203
14659	205	193	174	15664	0	16236
14660	206	156	150	15783	0	16295
14661	224	137	129	15537	0	16027
14662	161	15231	182	576	0	16150
14663	15360	370	116	335	0	16181
14664	15307	170	65	381	0	15923
14665	14804	127	76	365	0	15372
14666	453	14157	75	356	0	15041
14667	306	334	59	13942	0	14641
14668	237	238	13765	405	0	14645
14669	293	247	272	13372	0	14184
14670	308	13660	123	399	0	14490
14671	13164	308	92	244	0	13808
14672	13017	214	71	257	0	13559
14673	12814	156	101	255	0	13326
14674	411	12347	132	221	0	13111
14675	242	11708	117	194	0	12261
14676	220	11827	131	162	0	12340
14677	304	371	11338	147	0	12160
14678	335	338	10337	165	0	11175
14679	381	1255	305	5058	0	6999
14680	3588	36	189	57	0	3870
14681	3473	8	5	16	0	3502
14682	28	7	5	3601	0	3641
14683	12	6	5	3599	0	3622
14684	13	6	4	3667	0	3690
14685	8	8	4	3692	0	3712
14686	3716	6	5	44	0	3771
14687	3816	5	4	17	0	3842
14688	36	3914	4	20	0	3974
14689	3981	33	4	15	0	4033
14690	4041	17	4	10	0	4072
14691	4036	11	3	11	0	4061
14692	50	7	3893	6	0	3956
14693	3983	3	35	10	0	4031
14694	43	4038	8	9	0	4098
14695	26	37	5	4106	0	4174
14696	19	11	6	4150	0	4186
14697	8	4150	4	49	0	4211
14698	7	33	6	4209	0	4255
14699	4164	13	9	46	0	4232
14700	39	10	7	4227	0	4283
14701	17	4	4188	48	0	4257
14702	4120	5	33	22	0	4180
14703	35	4276	8	16	0	4335
14704	22	31	3	4277	0	4333
14705	21	14	1	4280	0	4316
14706	20	7	3	4281	0	4311
14707	11	15	4245	50	0	4321
14708	24	4138	33	28	0	4223
14709	17	41	9	4127	0	4194
14710	16	15	4094	41	0	4166
14711	10	13	34	4041	0	4098
14712	11	5	4039	49	0	4104
14713	12	13	37	3986	0	4048
14714	10	4013	17	43	0	4083
14715	13	39	14	3958	0	4024
14716	3968	15	6	43	0	4032
14717	3994	8	3	23	0	4028
14718	48	7	3977	15	0	4047
14719	19	11	3848	10	0	3888
14720	13	8	4140	13	0	4174
14721	8	4	45	4165	0	4222
14722	7	7	15	4305	0	4334
14723	8	7	10	4333	0	4358
14724	7	4392	6	52	0	4457
14725	10	42	6	4440	0	4498
14726	11	10	9	4528	0	4558
14727	12	10	6	4636	0	4664
14728	4605	5	6	71	0	4687
14729	4645	7	10	29	0	4691
14730	54	12	4659	19	0	4744
14731	19	12	4639	20	0	4690
14732	4687	6	50	22	0	4765
14733	4813	7	16	17	0	4853
14734	61	3	4969	11	0	5044
14735	21	9	4874	9	0	4913
14736	4873	7	58	18	0	4956
14737	4926	3	23	18	0	4970
14738	64	6	4978	11	0	5059
14739	21	6	50	4971	0	5048
14740	14	5	23	5055	0	5097
14741	9	5215	11	60	0	5295
14742	16	47	5	5278	0	5346
14743	13	16	5567	59	0	5655
14744	14	8	57	5597	0	5676
14745	11	4	23	5628	0	5666
14746	12	7	5553	66	0	5638
14747	5480	3	56	32	0	5571
14748	5610	3	22	27	0	5662
14749	66	2	19	5576	0	5663
14750	26	6	9	5631	0	5672
14751	5605	4	10	77	0	5696
14752	5639	6	11	35	0	5691
14753	5564	3	10	31	0	5608
14754	5640	4	10	28	0	5682
14755	74	5525	10	21	0	5630
14756	5441	50	8	11	0	5510
14757	64	5439	12	10	0	5525
14758	30	53	10	5416	0	5509
14759	23	11	7	5398	0	5439
14760	13	5315	8	70	0	5406
14761	19	53	9	5325	0	5406
14762	20	13	10	5309	0	5352
14763	12	5290	5	72	0	5379
14764	18	52	6	5279	0	5355
14765	17	17	11	5317	0	5362
14766	16	9	8	5322	0	5355
14767	10	6	5230	85	0	5331
14768	10	5121	54	30	0	5215
14769	16	67	15	4996	0	5094
14770	13	5057	15	51	0	5136
14771	5017	54	10	27	0	5108
14772	55	18	4994	21	0	5088
14773	21	17	4898	19	0	4955
14774	4781	7	53	20	0	4861
14775	61	18	16	4813	0	4908
14776	19	10	4709	42	0	4780
14777	14	5	4604	18	0	4641
14778	22	43	49	4491	0	4605
14779	4469	5	21	50	0	4545
14780	4462	3	6	27	0	4498
14781	54	6	10	4402	0	4472
14782	20	8	4336	44	0	4408
14783	14	4482	41	20	0	4557
14784	18	43	9	4458	0	4528
14785	13	13	4439	50	0	4515
14786	5	4406	38	30	0	4479
14787	19	38	14	4314	0	4385
14788	4274	10	9	44	0	4337
14789	35	8	6	4199	0	4248
14790	15	4252	10	38	0	4315
14791	4304	38	4	13	0	4359
14792	33	13	4425	18	0	4489
14793	15	4414	34	9	0	4472
14794	17	35	4366	14	0	4432
14795	4294	13	38	12	0	4357
14796	37	9	17	4272	0	4335
14797	14	4	13	4344	0	4375
14798	4377	6	8	47	0	4438
14799	39	5	9	4404	0	4457
14800	9	2	4354	44	0	4409
14801	4285	6	38	18	0	4347
14802	42	4455	9	16	0	4522
14803	17	36	8	4384	0	4445
14804	4383	5	7	49	0	4444
14805	35	4392	12	15	0	4454
14806	16	36	5	4494	0	4551
14807	4507	8	5	49	0	4569
14808	37	7	11	4537	0	4592
14809	15	4530	7	43	0	4595
14810	16	34	4629	14	0	4693
14811	11	6	36	4726	0	4779
14812	14	6	3	4705	0	4728
14813	4711	5	8	42	0	4766
14814	47	9	2	4701	0	4759
14815	4725	5	9	48	0	4787
14816	4740	3	5	21	0	4769
14817	42	6	4	4714	0	4766
14818	20	4754	4	36	0	4814
14819	16	36	1	4750	0	4803
14820	4568	6	1	49	0	4624
14821	40	4603	3	17	0	4663
14822	8	4755	8	11	0	4782
14823	4807	34	4	13	0	4858
14824	4875	14	0	13	0	4902
14825	38	4877	6	7	0	4928
14826	4897	33	20	17	0	4967
14827	4915	9	9	8	0	4941
14828	45	11	3	4958	0	5017
14829	17	6	5122	41	0	5186
14830	15	11	36	5160	0	5222
14831	3	2	5241	48	0	5294
14832	5	15	46	5234	0	5300
14833	6	8	5244	49	0	5307
14834	5057	3	46	17	0	5123
14835	46	2	9	5106	0	5163
14836	5196	4	9	38	0	5247
14837	55	21	5	5135	0	5216
14838	19	5220	6	43	0	5288
14839	5292	37	4	17	0	5350
14840	38	14	5222	12	0	5286
14841	5043	17	34	15	0	5109
14842	41	5087	13	6	0	5147
14843	4847	28	12	12	0	4899
14844	4860	8	3	15	0	4886
14845	43	4907	7	3	0	4960
14846	19	32	1	5060	0	5112
14847	5105	10	2	43	0	5160
14848	43	5125	4	12	0	5184
14849	17	43	0	5142	0	5202
14850	5193	12	0	48	0	5253
14851	49	8	4	5122	0	5183
14852	22	3	3	5151	0	5179
14853	12	5	2	5158	0	5177
14854	4	7	5088	63	0	5162
14855	12	3	45	5167	0	5227
14856	5215	7	10	58	0	5290
14857	49	7	5250	19	0	5325
14858	24	2	43	5273	0	5342
14859	15	5	10	5322	0	5352
14860	6	5	5269	63	0	5343
14861	5230	2	45	29	0	5306
14862	5388	5	16	24	0	5433
14863	60	2	5392	13	0	5467
14864	30	3	49	5384	0	5466
14865	14	1	18	5490	0	5523
14866	5	11	5712	67	0	5795
14867	14	2	49	5864	0	5929
14868	15	2	20	5954	0	5991
14869	12	6	6068	69	0	6155
14870	6029	4	58	37	0	6128
14871	62	4	22	6228	0	6316
14872	6230	2	12	74	0	6318
14873	6254	4	7	30	0	6295
14874	76	8	6240	17	0	6341
14875	33	7	61	6238	0	6339
14876	6268	2	15	84	0	6369
14877	66	6365	19	24	0	6474
14878	19	64	5	6553	0	6641
14879	20	10	6	6659	0	6695
14880	14	10	10	6699	0	6733
14881	13	5	6632	88	0	6738
14882	6388	4	75	34	0	6501
14883	79	3	15	6413	0	6510
14884	35	4	8	6447	0	6494
14885	16	4	6394	89	0	6503
14886	17	1	66	6374	0	6458
14887	18	3	17	6455	0	6493
14888	6309	3	19	88	0	6419
14889	74	6319	7	40	0	6440
14890	22	63	6288	23	0	6396
14891	6268	15	72	19	0	6374
14892	80	13	19	6160	0	6272
14893	25	7	6242	81	0	6355
14894	16	8	6329	28	0	6381
14895	24	9	77	6371	0	6481
14896	18	6	6490	71	0	6585
14897	7	4	6530	30	0	6571
14898	9	6551	85	35	0	6680
14899	13	64	33	6695	0	6805
14900	10	18	6716	80	0	6824
14901	17	10	75	6703	0	6805
14902	6855	6	23	86	0	6970
14903	74	8	17	6884	0	6983
14904	22	4	15	6990	0	7031
14905	6915	5	9	90	0	7019
14906	6964	3	9	43	0	7019
14907	89	5	17	7204	0	7315
14908	25	3	7316	80	0	7424
14909	15	7293	78	37	0	7423
14910	19	66	22	7290	0	7397
14911	7260	18	20	87	0	7385
14912	7324	12	8	40	0	7384
14913	100	7244	14	27	0	7385
14914	28	7376	21	22	0	7447
14915	7380	81	13	30	0	7504
14916	7438	23	16	18	0	7495
14917	103	15	7625	20	0	7763
14918	44	10	85	7571	0	7710
14919	21	7700	26	86	0	7833
14920	7854	81	16	28	0	7979
14921	96	35	12	7793	0	7936
14922	25	7704	14	93	0	7836
14923	17	87	7670	24	0	7798
14924	19	46	78	7428	0	7571
14925	10	7825	22	82	0	7939
14926	7833	74	13	34	0	7954
14927	7860	15	16	26	0	7917
14928	85	7767	11	11	0	7874
14929	7526	70	7	28	0	7631
14930	7556	14	8	20	0	7598
14931	86	7445	11	13	0	7555
14932	21	7535	8	19	0	7583
14933	25	87	13	7472	0	7597
14934	7521	9	8	77	0	7615
14935	76	9	7796	18	0	7899
14936	7519	15	72	17	0	7623
14937	74	7845	19	13	0	7951
14938	7835	67	4	26	0	7932
14939	7896	12	9	13	0	7930
14940	7939	7	12	22	0	7980
14941	82	16	9	7883	0	7990
14942	24	7882	14	67	0	7987
14943	7929	65	4	24	0	8022
14944	76	18	7982	13	0	8089
14945	19	8114	72	11	0	8216
14946	17	68	17	8143	0	8245
14947	12	11	8025	62	0	8110
14948	14	21	8062	10	0	8107
14949	22	12	68	8165	0	8267
14950	23	4	16	8406	0	8449
14951	12	6	8	8457	0	8483
14952	19	4	7	8378	0	8408
14953	14	8263	13	72	0	8362
14954	8	8442	11	19	0	8480
14955	8556	70	6	27	0	8659
14956	75	10	6	8551	0	8642
14957	19	11	9	8597	0	8636
14958	21	8	5	8689	0	8723
14959	8684	8	9	86	0	8787
14960	8740	6	6	24	0	8776
14961	75	9	7	8762	0	8853
14962	8863	3	6	82	0	8954
14963	8881	5	7	16	0	8909
14964	9039	5	7	32	0	9083
14965	76	4	4	8982	0	9066
14966	23	8	8626	65	0	8722
14967	10	12	8226	15	0	8263
14968	8	10	8548	10	0	8576
14969	8	10	8687	12	0	8717
14970	20	47	73	8660	0	8800
14971	8664	1	23	60	0	8748
14972	8646	3	2	30	0	8681
14973	55	9	8672	10	0	8746
14974	19	7	8788	7	0	8821
14975	15	9495	60	12	0	9582
14976	20	61	13	9632	0	9726
14977	9654	8	20	66	0	9748
14978	47	10	9647	10	0	9714
14979	9416	6	47	22	0	9491
14980	44	10080	13	18	0	10155
14981	17	53	7	10347	0	10424
14982	12	10	9	10670	0	10701
14983	14	5	4	10692	0	10715
14984	10749	4	4	98	0	10855
14985	67	5	3	10857	0	10932
14986	28	3	4	10907	0	10942
14987	10916	1	5	87	0	11009
14988	63	5	5	10910	0	10983
14989	20	15	11039	68	0	11142
14990	10993	6	56	38	0	11093
14991	64	2	16	11208	0	11290
14992	26	3	11	11191	0	11231
14993	11	11153	14	75	0	11253
14994	11216	54	4	48	0	11322
14995	11360	16	1	32	0	11409
14996	87	10	2	11316	0	11415
14997	28	17	11290	63	0	11398
14998	10744	7	66	39	0	10856
14999	74	14	11443	18	0	11549
15000	35	5	67	11440	0	11547
15001	19	6	24	11773	0	11822
15002	11686	4	14	100	0	11804
15003	82	4	6	11980	0	12072
15004	25	22	12076	88	0	12211
15005	11953	3	76	41	0	12073
15006	87	13	12887	25	0	13012
15007	28	12	12922	16	0	12978
15008	13195	6	121	30	0	13352
15009	115	14	36	13488	0	13653
15010	35	13834	27	90	0	13986
15011	13946	84	23	57	0	14110
15012	13924	23	18	41	0	14006
15013	123	21	13902	19	0	14065
15014	13810	13	99	28	0	13950
15015	118	17	33	14059	0	14227
15016	56	23	14291	82	0	14452
15017	38	14066	98	56	0	14258
15018	14041	86	50	43	0	14220
15019	92	14296	34	23	0	14445
15020	62	100	28	14301	0	14491
15021	29	37	26	14497	0	14589
15022	42	28	18	14439	0	14527
15023	43	21	11	14334	0	14409
15024	25	14395	22	141	0	14583
15025	19	105	14072	67	0	14263
15026	25	14175	94	79	0	14373
15027	14183	97	34	57	0	14371
15028	100	44	25	14200	0	14369
15029	14340	23	18	115	0	14496
15030	112	22	20	14455	0	14609
15031	14822	23	17	145	0	15007
15032	123	15025	30	66	0	15244
15033	15303	90	16	75	0	15484
15034	15403	40	18	66	0	15527
15035	15113	21	8	65	0	15207
15036	15294	23	8	63	0	15388
15037	153	15219	29	25	0	15426
15038	76	112	15208	16	0	15412
15039	79	35	98	15317	0	15529
15040	15312	27	36	124	0	15499
15041	15596	16	18	80	0	15710
15042	156	18	22	15790	0	15986
15043	73	31	16231	120	0	16455
15044	63	18	109	16030	0	16220
15045	54	16267	51	127	0	16499
15046	16384	116	36	89	0	16625
15047	150	56	31	16475	0	16712
15048	68	16391	31	142	0	16632
15049	39	16877	27	76	0	17019
15050	37	17053	25	45	0	17160
15051	59	161	13	17143	0	17376
15052	17153	67	19	172	0	17411
15053	126	17318	23	68	0	17535
15054	74	129	10	17497	0	17710
15055	17384	60	16	162	0	17622
15056	156	40	12	17451	0	17659
15057	17388	27	16	177	0	17608
15058	17402	35	13	115	0	17565
15059	172	17867	32	54	0	18125
15060	114	125	9	17373	0	17621
15061	70	17931	27	117	0	18145
15062	17808	133	10	86	0	18037
15063	17848	68	5	75	0	17996
15064	17961	45	22	65	0	18093
15065	198	32	22	18044	0	18296
15066	104	47	17866	128	0	18145
15067	17630	33	118	70	0	17851
15068	18028	20	42	77	0	18167
15069	208	30	28	17884	0	18150
15070	96	18089	33	151	0	18369
15071	94	146	17	18221	0	18478
15072	84	57	24	18593	0	18758
15073	18710	42	16	219	0	18987
15074	18632	44	20	120	0	18816
15075	194	50	18119	72	0	18435
15076	126	35	139	18188	0	18488
15077	18448	32	47	193	0	18720
15078	223	45	31	18489	0	18788
15079	88	60	18479	200	0	18827
15080	67	17838	178	109	0	18192
15081	63	18434	53	79	0	18629
15082	19898	177	38	97	0	20210
15083	235	61	30	21041	0	21367
15084	113	56	23	23052	0	23244
15085	23103	46	23	383	0	23555
15086	351	61	23076	168	0	23656
15087	193	35	274	23225	0	23727
15088	140	47	23355	354	0	23896
15089	109	23333	348	182	0	23972
15090	23623	293	148	171	0	24235
15091	24018	105	98	153	0	24374
15092	24202	89	94	122	0	24507
15093	473	71	23761	85	0	24390
15094	23906	63	297	109	0	24375
15095	24371	54	124	88	0	24637
15096	551	44	81	24094	0	24770
15097	22904	30	106	348	0	23388
15098	448	67	23912	149	0	24576
15099	23474	35	309	133	0	23951
15100	473	66	23506	95	0	24140
15101	252	23636	342	139	0	24369
15102	227	562	174	22266	0	23229
15103	174	23631	133	287	0	24225
15104	161	346	23324	116	0	23947
15105	119	23382	342	120	0	23963
15106	22238	339	162	121	0	22860
15107	286	21883	123	84	0	22376
15108	156	21803	104	75	0	22138
15109	142	402	21336	54	0	21934
15110	158	209	288	21207	0	21862
15111	21325	132	138	285	0	21880
15112	307	144	21223	111	0	21785
15113	176	21295	319	105	0	21895
15114	170	296	139	21261	0	21866
15115	119	166	21287	300	0	21872
15116	116	106	21067	160	0	21449
15117	142	103	381	21128	0	21754
15118	115	86	21252	310	0	21763
15119	126	92	373	19734	0	20325
15120	84	20663	213	310	0	21270
15121	108	290	154	20402	0	20954
15122	99	20559	147	307	0	21112
15123	135	300	111	20564	0	21110
15124	20281	156	96	371	0	20904
15125	348	104	92	20160	0	20704
15126	158	20190	85	368	0	20801
15127	168	303	79	20386	0	20936
15128	127	159	20269	385	0	20940
15129	140	114	291	20362	0	20907
15130	20197	97	154	394	0	20842
15131	315	106	19654	196	0	20271
15132	168	97	340	19485	0	20090
15133	19175	84	160	392	0	19811
15134	333	19043	141	196	0	19713
15135	195	278	128	19134	0	19735
15136	19137	146	102	369	0	19754
15137	376	125	91	19043	0	19635
15138	197	116	18899	360	0	19572
15139	18535	102	289	230	0	19156
15140	347	18727	162	166	0	19402
15141	167	18965	132	185	0	19449
15142	18765	306	144	150	0	19365
15143	18417	150	113	148	0	18828
15144	408	140	114	18204	0	18866
15145	18129	131	87	299	0	18646
15146	366	126	17880	172	0	18544
15147	17840	95	271	172	0	18378
15148	359	17661	162	175	0	18357
15149	17606	258	131	186	0	18181
15150	401	123	17585	138	0	18247
15151	265	120	316	17559	0	18260
15152	205	117	176	17740	0	18238
15153	221	126	130	16779	0	17256
15154	165	17359	151	350	0	18025
15155	17477	275	96	248	0	18096
15156	412	124	98	16615	0	17249
15157	227	17151	126	329	0	17833
15158	17863	276	116	239	0	18494
15159	17519	140	81	185	0	17925
15160	17759	109	93	205	0	18166
15161	17736	115	88	175	0	18114
15162	17679	97	89	135	0	18000
15163	519	92	119	17256	0	17986
15164	353	87	98	17253	0	17791
15165	17174	89	80	370	0	17713
15166	411	115	79	16973	0	17578
15167	263	103	54	17108	0	17528
15168	183	134	16427	399	0	17143
15169	16581	105	254	264	0	17204
15170	16719	99	140	228	0	17186
15171	16892	128	96	185	0	17301
15172	429	117	104	15779	0	16429
15173	250	16189	109	295	0	16843
15174	17210	222	119	182	0	17733
15175	17150	119	77	181	0	17527
15176	514	102	76	17931	0	18623
15177	17969	102	107	354	0	18532
15178	530	168	14956	233	0	15887
15179	270	17789	253	215	0	18527
15180	284	18163	177	195	0	18819
15181	402	361	17655	156	0	18574
15182	132	15784	302	124	0	16342
15183	115	14777	185	119	0	15196
15184	12613	161	230	43	0	13047
15185	117	12564	45	30	0	12756
15186	75	159	47	12655	0	12936
15187	12915	69	11	149	0	13144
15188	135	89	12680	54	0	12958
15189	12613	35	111	90	0	12849
15190	162	41	12589	40	0	12832
15191	78	16	12524	43	0	12661
15192	12470	15	143	43	0	12671
15193	136	17	12673	42	0	12868
15194	65	12444	159	25	0	12693
15195	83	115	81	12411	0	12690
15196	12326	48	67	112	0	12553
15197	111	12209	32	56	0	12408
15198	65	110	28	12246	0	12449
15199	59	68	12233	114	0	12474
15200	40	50	108	12438	0	12636
15201	12101	22	46	171	0	12340
15202	119	32	12028	62	0	12241
15203	72	18	112	11952	0	12154
15204	11921	23	58	145	0	12147
15205	12131	13	60	84	0	12288
15206	181	12	28	12148	0	12369
15207	121	17	23	12191	0	12352
15208	79	26	12373	154	0	12632
15209	62	27	12361	86	0	12536
15210	12481	19	145	89	0	12734
15211	12760	12	86	69	0	12927
15212	159	12735	71	41	0	13006
15213	12730	110	43	34	0	12917
15214	13129	45	34	38	0	13246
15215	188	56	13699	15	0	13958
15216	109	14072	139	26	0	14346
15217	14304	133	77	39	0	14553
15218	14367	61	55	28	0	14511
15219	14711	54	19	41	0	14825
15220	230	24	21	14575	0	14850
15221	138	38	9	14637	0	14822
15222	85	14595	18	179	0	14877
15223	56	122	14	14800	0	14992
15224	14704	50	18	201	0	14973
15225	149	50	11	14861	0	15071
15226	66	30	14691	185	0	14972
15227	68	37	14596	71	0	14772
15228	57	11	171	14661	0	14900
15229	36	23	14926	148	0	15133
15230	31	34	14889	80	0	15034
15231	31	11	207	15070	0	15319
15232	40	13	125	15354	0	15532
15233	20	20	15417	203	0	15660
15234	29	18	15502	110	0	15659
15235	30	15675	218	77	0	16000
15236	15762	146	119	56	0	16083
15237	156	16064	78	46	0	16344
15238	16167	192	42	40	0	16441
15239	16463	68	29	59	0	16619
15240	213	16586	36	33	0	16868
15241	16650	165	18	40	0	16873
15242	242	73	16	16554	0	16885
15243	103	71	16720	158	0	17052
15244	109	28	159	16672	0	16968
15245	48	27	62	16916	0	17053
15246	16403	16	68	252	0	16739
15247	16497	18	27	155	0	16697
15248	16550	11	31	107	0	16699
15249	16570	15	24	73	0	16682
15250	16191	15	23	61	0	16290
15251	297	15836	41	31	0	16205
15252	162	153	22	16004	0	16341
15253	108	74	16283	164	0	16629
15254	85	57	167	16388	0	16697
15255	70	27	64	16595	0	16756
15256	49	20	63	17010	0	17142
15257	17475	13	39	305	0	17832
15258	216	14	39	17611	0	17880
15259	17851	14	22	306	0	18193
15260	272	29	18299	105	0	18705
15261	132	14	209	20046	0	20401
15262	112	29	20691	274	0	21106
15263	20706	8	304	133	0	21151
15264	305	22	104	20925	0	21356
15265	115	37	21215	286	0	21653
15266	132	7	265	21348	0	21752
15267	21559	14	118	348	0	22039
15268	291	22	21834	135	0	22282
15269	21806	9	289	154	0	22258
15270	22239	12	123	94	0	22468
15271	22091	19	88	81	0	22279
15272	21918	6	61	68	0	22053
15273	430	21360	61	62	0	21913
15274	197	20456	49	56	0	20758
15275	146	20481	62	48	0	20737
15276	126	446	73	18712	0	19357
15277	65	18870	57	215	0	19207
15278	18581	196	64	83	0	18924
15279	213	18340	50	65	0	18668
15280	100	18565	43	48	0	18756
15281	104	209	38	18587	0	18938
15282	78	98	41	18843	0	19060
15283	18701	51	44	274	0	19070
15284	246	32	36	18751	0	19065
15285	105	54	18495	237	0	18891
15286	95	55	17942	103	0	18195
15287	78	66	18317	75	0	18536
15288	111	39	244	18376	0	18770
15289	111	37	84	19013	0	19245
15290	98	55	18635	252	0	19040
15291	94	56	18391	96	0	18637
15292	72	66	18905	74	0	19117
15293	19013	60	272	75	0	19420
15294	263	60	112	19114	0	19549
15295	121	56	73	19330	0	19580
15296	19252	49	50	302	0	19653
15297	248	53	45	19264	0	19610
15298	110	19194	66	295	0	19665
15299	78	19578	71	132	0	19859
15300	94	244	55	19435	0	19828
15301	19421	88	37	296	0	19842
15302	19458	68	47	155	0	19728
15303	19615	37	62	131	0	19845
15304	320	32	67	19473	0	19892
15305	126	48	19300	255	0	19729
15306	119	32	240	19289	0	19680
15307	62	51	19320	293	0	19726
15308	18771	28	262	154	0	19215
15309	272	26	119	18909	0	19326
15310	18772	16	111	274	0	19173
15311	278	46	18736	135	0	19195
15312	18072	24	243	136	0	18475
15313	305	35	19041	104	0	19485
15314	153	18349	260	100	0	18862
15315	132	18200	103	84	0	18519
15316	17740	246	94	107	0	18187
15317	289	98	59	17608	0	18054
15318	119	86	17685	256	0	18146
15319	110	17406	225	120	0	17861
15320	91	17795	97	100	0	18083
15321	122	245	87	17737	0	18191
15322	17811	89	59	280	0	18239
15323	17954	64	53	129	0	18200
15324	283	17809	68	128	0	18288
15325	17914	212	64	117	0	18307
15326	304	68	71	17843	0	18286
15327	119	83	17790	248	0	18240
15328	116	17907	251	125	0	18399
15329	131	224	96	17876	0	18327
15330	117	61	85	17892	0	18155
15331	17676	55	87	283	0	18101
15332	247	86	17441	105	0	17879
15333	17343	66	222	113	0	17744
15334	17484	56	94	100	0	17734
15335	304	53	83	17162	0	17602
15336	181	57	62	17287	0	17587
15337	17003	60	56	272	0	17391
15338	291	75	43	16890	0	17299
15339	122	71	16716	276	0	17185
15340	101	74	16427	111	0	16713
15341	94	16291	242	101	0	16728
15342	95	17022	98	95	0	17310
15343	118	246	62	16341	0	16767
15344	91	16559	64	246	0	16960
15345	16669	227	54	141	0	17091
15346	237	16768	72	111	0	17188
15347	122	226	53	16864	0	17265
15348	111	84	54	17025	0	17274
15349	82	97	16960	275	0	17414
15350	115	50	209	17004	0	17378
15351	115	44	82	17238	0	17479
15352	90	17281	77	295	0	17743
15353	114	193	65	17259	0	17631
15354	104	66	62	17527	0	17759
15355	86	76	17213	309	0	17684
15356	66	16930	245	156	0	17397
15357	97	945	72	15203	0	16317
15358	52	15957	59	219	0	16287
15359	48	220	15465	83	0	15816
15360	47	14857	194	73	0	15171
15361	12724	259	185	163	0	13331
15362	12397	43	37	52	0	12529
15363	12360	36	26	48	0	12470
15364	144	12273	25	29	0	12471
15365	12051	131	17	42	0	12241
15366	156	43	13	11924	0	12136
15367	11716	38	20	137	0	11911
15368	129	11656	31	43	0	11859
15369	11636	138	13	58	0	11845
15370	12102	34	18	60	0	12214
15371	165	12210	20	45	0	12440
15372	66	158	12276	33	0	12533
15373	64	59	132	12892	0	13147
15374	40	40	13516	171	0	13767
15375	42	36	181	13946	0	14205
15376	44	34	52	14524	0	14654
15377	31	44	14655	247	0	14977
15378	52	17	199	14850	0	15118
15379	14728	29	143	258	0	15158
15380	209	30	14881	83	0	15203
15381	64	14771	234	64	0	15133
15382	86	194	54	14665	0	14999
15383	74	58	39	14904	0	15075
15384	35	49	14758	253	0	15095
15385	49	47	195	14467	0	14758
15386	44	14557	60	241	0	14902
15387	14339	203	64	100	0	14706
15388	199	14293	58	64	0	14614
15389	13785	214	22	80	0	14101
15390	195	13817	36	59	0	14107
15391	71	14085	41	46	0	14243
15392	49	223	13592	40	0	13904
15393	69	128	209	13450	0	13856
15394	63	66	59	13462	0	13650
15395	56	45	41	13686	0	13828
15396	31	13834	54	239	0	14158
15397	45	195	37	13986	0	14263
15398	13739	79	31	277	0	14126
15399	219	58	43	13702	0	14022
15400	13651	49	36	273	0	14009
15401	229	37	13600	137	0	14003
15402	13712	35	197	111	0	14055
15403	240	56	78	13664	0	14038
15404	113	44	59	14121	0	14337
15405	14104	34	46	310	0	14494
15406	244	52	14124	133	0	14553
15407	76	14064	228	119	0	14487
15408	91	203	72	14212	0	14578
15409	14166	76	59	247	0	14548
15410	14287	64	49	119	0	14519
15411	279	65	32	14202	0	14578
15412	113	59	14045	263	0	14480
15413	13607	53	214	120	0	13994
15414	241	64	13705	104	0	14114
15415	122	61	224	13634	0	14041
15416	83	48	13630	260	0	14021
15417	94	58	230	13466	0	13848
15418	54	41	13220	289	0	13604
15419	58	13190	247	141	0	13636
15420	95	206	98	12392	0	12791
15421	72	13014	78	210	0	13374
15422	13016	217	65	124	0	13422
15423	13099	97	47	104	0	13347
15424	267	52	12855	87	0	13261
15425	142	61	202	12782	0	13187
15426	12880	41	73	256	0	13250
15427	263	42	67	12755	0	13127
15428	142	46	58	12771	0	13017
15429	99	42	12471	293	0	12905
15430	12192	37	214	146	0	12589
15431	242	35	12484	127	0	12888
15432	130	34	236	12454	0	12854
15433	101	31	12499	249	0	12880
15434	12410	27	237	156	0	12830
15435	12536	26	127	133	0	12822
15436	12491	34	101	117	0	12743
15437	309	29	88	12320	0	12746
15438	160	35	12132	252	0	12579
15439	115	49	12311	127	0	12602
15440	105	83	249	11676	0	12113
15441	87	12024	136	248	0	12495
15442	11748	191	102	123	0	12164
15443	257	74	80	11813	0	12224
15444	121	69	11779	260	0	12229
15445	131	67	228	11830	0	12256
15446	105	48	12039	274	0	12466
15447	100	68	247	12136	0	12551
15448	95	50	12237	287	0	12669
15449	102	50	12181	152	0	12485
15450	74	11998	290	129	0	12491
15451	72	170	11945	117	0	12304
15452	82	78	11963	102	0	12225
15453	103	102	266	10924	0	11395
15454	92	47	129	11099	0	11367
15455	66	11228	125	243	0	11662
15456	11258	156	110	127	0	11651
15457	210	11133	96	109	0	11548
15458	107	174	68	10989	0	11338
15459	11032	71	80	202	0	11385
15460	220	47	69	10991	0	11327
15461	10996	46	77	222	0	11341
15462	229	35	72	11127	0	11463
15463	125	40	11270	224	0	11659
15464	91	36	181	11329	0	11637
15465	92	28	103	11497	0	11720
15466	11377	23	83	264	0	11747
15467	11424	24	103	160	0	11711
15468	11201	32	78	126	0	11437
15469	219	10848	96	107	0	11270
15470	101	10681	73	89	0	10944
15471	10566	135	83	98	0	10882
15472	173	56	10567	80	0	10876
15473	85	49	10112	53	0	10299
15474	122	364	184	9039	0	9709
15475	46	23	9102	110	0	9281
15476	38	12	8679	59	0	8788
15477	8163	29	153	63	0	8408
15478	8163	10	65	48	0	8286
15479	102	8111	44	33	0	8290
15480	48	8228	34	41	0	8351
15481	55	67	28	7677	0	7827
15482	37	8203	34	61	0	8335
15483	8361	70	25	58	0	8514
15484	82	30	29	8240	0	8381
15485	42	8505	18	80	0	8645
15486	8719	67	28	50	0	8864
15487	79	28	8929	37	0	9073
15488	37	28	8880	33	0	8978
15489	8835	12	101	31	0	8979
15490	74	17	8894	31	0	9016
15491	8606	7	89	30	0	8732
15492	79	44	51	8667	0	8841
15493	36	17	8708	67	0	8828
15494	29	8583	83	34	0	8729
15495	32	8752	41	20	0	8845
15496	8217	46	29	23	0	8315
15497	39	8305	21	20	0	8385
15498	8173	47	11	18	0	8249
15499	8262	8	12	14	0	8296
15500	52	8229	18	9	0	8308
15501	14	50	11	8263	0	8338
15502	10	13	8485	52	0	8560
15503	12	8835	57	13	0	8917
15504	28	173	19	8848	0	9068
15505	25	24	17	9323	0	9389
15506	9177	13	8	83	0	9281
15507	74	12	7	9175	0	9268
15508	23	14	9137	79	0	9253
15509	19	9123	74	30	0	9246
15510	17	73	16	9233	0	9339
15511	9255	16	16	84	0	9371
15512	9409	13	11	33	0	9466
15513	93	16	10	9452	0	9571
15514	9636	9	10	88	0	9743
15515	102	13	9670	27	0	9812
15516	37	8	81	9693	0	9819
15517	30	13	9841	94	0	9978
15518	26	7	95	10276	0	10404
15519	25	13	25	10286	0	10349
15520	27	4	23	10357	0	10411
15521	20	9	18	10336	0	10383
15522	26	15	15	10346	0	10402
15523	10254	12	9	155	0	10430
15524	10341	3	9	72	0	10425
15525	114	10351	10	47	0	10522
15526	10506	90	4	51	0	10651
15527	130	22	12	10505	0	10669
15528	57	23	13	10649	0	10742
15529	44	10	12	10679	0	10745
15530	28	10	10750	139	0	10927
15531	26	13	97	10508	0	10644
15532	19	10652	29	140	0	10840
15533	10632	89	23	63	0	10807
15534	10624	19	13	75	0	10731
15535	113	27	10559	55	0	10754
15536	52	10529	106	55	0	10742
15537	50	98	26	10532	0	10706
15538	38	41	10621	110	0	10810
15539	46	25	95	10225	0	10391
15540	27	10423	36	126	0	10612
15541	10260	96	26	78	0	10460
15542	105	10258	21	68	0	10452
15543	38	102	10227	39	0	10406
15544	34	44	10221	50	0	10349
15545	28	10105	111	37	0	10281
15546	31	9940	44	41	0	10056
15547	9727	118	33	51	0	9929
15548	9643	45	24	41	0	9753
15549	131	28	22	9595	0	9776
15550	50	33	9589	111	0	9783
15551	53	28	89	9569	0	9739
15552	44	23	40	9504	0	9611
15553	9479	17	28	143	0	9667
15554	9476	25	22	67	0	9590
15555	127	22	22	9777	0	9948
15556	64	32	9884	117	0	10097
15557	34	9944	112	59	0	10149
15558	9999	112	48	51	0	10210
15559	121	10202	39	44	0	10406
15560	56	129	21	10395	0	10601
15561	67	47	19	10625	0	10758
15562	54	46	23	10556	0	10679
15563	44	25	27	10334	0	10430
15564	10181	35	22	173	0	10411
15565	126	28	21	10137	0	10312
15566	59	9997	25	167	0	10248
15567	60	101	16	10003	0	10180
15568	9853	43	20	172	0	10088
15569	132	9807	25	72	0	10036
15570	67	105	21	9823	0	10016
15571	40	51	9708	138	0	9937
15572	9589	43	106	75	0	9813
15573	151	28	32	9620	0	9831
15574	67	27	9501	141	0	9736
15575	46	29	9394	79	0	9548
15576	54	41	145	9375	0	9615
15577	9378	24	67	157	0	9626
15578	9463	22	42	81	0	9608
15579	138	9531	27	82	0	9778
15580	9414	101	27	70	0	9612
15581	9442	49	22	77	0	9590
15582	9447	29	20	76	0	9572
15583	9367	26	22	57	0	9472
15584	182	25	23	9098	0	9328
15585	87	27	25	9038	0	9177
15586	78	24	8717	138	0	8957
15587	47	8282	99	97	0	8525
15588	34	8461	41	79	0	8615
15589	39	109	8379	62	0	8589
15590	8225	47	100	65	0	8437
15591	130	34	39	8268	0	8471
15592	8269	28	32	130	0	8459
15593	8251	23	28	72	0	8374
15594	145	27	8129	55	0	8356
15595	90	22	92	8039	0	8243
15596	8087	18	38	129	0	8272
15597	148	9	36	8000	0	8193
15598	73	29	7998	130	0	8230
15599	57	227	89	7644	0	8017
15600	43	8085	47	118	0	8293
15601	42	8117	55	41	0	8255
15602	42	102	7817	53	0	8014
15603	33	7453	92	33	0	7611
15604	6948	112	73	73	0	7206
15605	6590	27	21	32	0	6670
15606	79	14	12	6542	0	6647
15607	39	9	15	6564	0	6627
15608	34	8	13	6571	0	6626
15609	6495	6	12	71	0	6584
15610	66	6483	7	40	0	6596
15611	6394	46	8	22	0	6470
15612	6305	15	9	27	0	6356
15613	58	6295	15	16	0	6384
15614	6023	33	7	20	0	6083
15615	49	6040	11	17	0	6117
15616	6054	39	14	25	0	6132
15617	42	21	5994	21	0	6078
15618	5463	34	57	13	0	5567
15619	38	5634	20	13	0	5705
15620	38	39	37	5587	0	5701
15621	21	13	9	5786	0	5829
15622	18	6	3	5898	0	5925
15623	5916	3	4	59	0	5982
15624	40	9	6	5977	0	6032
15625	26	10	5854	43	0	5933
15626	5705	10	31	36	0	5782
15627	37	16	5760	18	0	5831
15628	36	23	35	5711	0	5805
15629	14	11	5747	40	0	5812
15630	11	27	38	5550	0	5626
15631	14	5635	23	48	0	5720
15632	22	34	9	5566	0	5631
15633	15	5583	12	42	0	5652
15634	14	29	11	5630	0	5684
15635	5612	18	10	50	0	5690
15636	42	10	7	5756	0	5815
15637	5768	4	7	52	0	5831
15638	41	10	5635	22	0	5708
15639	5666	13	29	23	0	5731
15640	5721	7	21	23	0	5772
15641	5748	10	7	15	0	5780
15642	63	10	5	5759	0	5837
15643	5657	8	10	45	0	5720
15644	50	10	5553	20	0	5633
15645	5539	11	32	26	0	5608
15646	47	11	5547	15	0	5620
15647	5564	8	32	24	0	5628
15648	42	11	18	5610	0	5681
15649	36	11	5674	35	0	5756
15650	34	7	34	5648	0	5723
15651	23	9	18	5716	0	5766
15652	28	6	5705	42	0	5781
15653	5520	2	38	29	0	5589
15654	45	5822	23	30	0	5920
15655	5625	20	14	18	0	5677
15656	36	5556	14	17	0	5623
15657	5426	24	15	20	0	5485
15658	28	16	5369	15	0	5428
15659	5027	35	57	16	0	5135
15660	27	5008	16	15	0	5066
15661	21	16	19	4944	0	5000
15662	10	9	7	5138	0	5164
15663	10	7	3	5235	0	5255
15664	8	6	5270	35	0	5319
15665	10	5	25	5301	0	5341
15666	16	10	5565	25	0	5616
15667	5820	6	30	21	0	5877
15668	6112	3	16	19	0	6150
15669	58	8	2	6215	0	6283
15670	19	11	6312	44	0	6386
15671	6312	1	44	37	0	6394
15672	51	8	7289	13	0	7361
15673	29	3	68	7332	0	7432
15674	18	7	20	7531	0	7576
15675	14	0	12	7705	0	7731
15676	15	3	10	7749	0	7777
15677	7608	1	7	110	0	7726
15678	67	7711	14	38	0	7830
15679	22	64	7566	21	0	7673
15680	17	7569	69	15	0	7670
15681	7582	67	21	20	0	7690
15682	75	20	10	7582	0	7687
15683	7630	6	10	88	0	7734
15684	83	7	8	7666	0	7764
15685	35	3	12	7694	0	7744
15686	19	9	7	7729	0	7764
15687	14	10	7648	97	0	7769
15688	9	7649	72	40	0	7770
15689	13	68	7738	22	0	7841
15690	23	19	70	7724	0	7836
15691	7779	9	22	91	0	7901
15692	7833	7	16	38	0	7894
15693	7841	7	13	30	0	7891
15694	89	7809	14	19	0	7931
15695	7907	68	11	33	0	8019
15696	86	19	7	7903	0	8015
15697	36	11	8	8028	0	8083
15698	26	7	13	8001	0	8047
15699	16	8024	10	96	0	8146
15700	19	71	8	7716	0	7814
15701	15	7850	14	76	0	7955
15702	7803	71	6	39	0	7919
15703	7858	21	8	30	0	7917
15704	97	11	8	7880	0	7996
15705	33	23	7804	80	0	7940
15706	7802	6	70	37	0	7915
15707	91	13	16	7918	0	8038
15708	31	11	7875	83	0	8000
15709	7776	4	76	45	0	7901
15710	87	6	20	7921	0	8034
15711	7892	5	15	89	0	8001
15712	77	7858	11	39	0	7985
15713	35	73	11	7790	0	7909
15714	20	8026	19	75	0	8140
15715	27	96	9	8042	0	8174
15716	21	8085	13	89	0	8208
15717	37	80	5	8178	0	8300
15718	15	29	8183	80	0	8307
15719	7256	13	74	56	0	7399
15720	73	8141	24	41	0	8279
15721	27	71	7944	22	0	8064
15722	7871	14	68	27	0	7980
15723	78	19	14	8066	0	8177
15724	23	9	8097	85	0	8214
15725	18	8291	72	34	0	8415
15726	32	60	17	8344	0	8453
15727	13	21	8545	75	0	8654
15728	19	20	71	8562	0	8672
15729	19	10	18	8715	0	8762
15730	18	16	8835	88	0	8957
15731	29	11	66	8891	0	8997
15732	17	12	9108	89	0	9226
15733	24	17	76	9136	0	9253
15734	15	20	9595	94	0	9724
15735	24	14	77	9759	0	9874
15736	30	5	22	9778	0	9835
15737	27	10	17	9743	0	9797
15738	14	9667	22	111	0	9814
15739	9686	75	15	57	0	9833
15740	9818	18	10	48	0	9894
15741	95	15	9	9893	0	10012
15742	9964	13	19	99	0	10095
15743	89	18	10015	29	0	10151
15744	24	10257	83	35	0	10399
15745	10295	64	19	53	0	10431
15746	89	10387	21	27	0	10524
15747	31	79	16	10469	0	10595
15748	26	21	13	10565	0	10625
15749	10373	17	14	99	0	10503
15750	82	15	7	10429	0	10533
15751	29	24	10403	89	0	10545
15752	21	10361	70	39	0	10491
15753	10402	72	14	45	0	10533
15754	84	14	15	10292	0	10405
15755	26	10417	25	81	0	10549
15756	25	76	10	10378	0	10489
15757	19	10544	20	79	0	10662
15758	10545	70	12	40	0	10667
15759	10515	23	10	46	0	10594
15760	84	25	10456	23	0	10588
15761	37	27	10369	13	0	10446
15762	32	10	65	10296	0	10403
15763	17	10453	31	71	0	10572
15764	22	59	11	10544	0	10636
15765	10502	14	14	95	0	10625
15766	65	14	10292	21	0	10392
15767	23	31	47	9929	0	10030
15768	9	7	9873	52	0	9941
15769	16	20	9634	20	0	9690
15770	9	9985	60	15	0	10069
15771	96	165	48	9643	0	9952
15772	9047	13	19	51	0	9130
15773	24	6	9084	7	0	9121
15774	6	8963	22	6	0	8997
15775	8880	17	3	27	0	8927
15776	29	4	1	8959	0	8993
15777	9288	4	3	47	0	9342
15778	9400	3	6	38	0	9447
15779	9558	3	1	36	0	9598
15780	28	9	10214	2	0	10253
15781	10022	3	37	30	0	10092
15782	10476	3	5	32	0	10516
15783	43	10854	13	9	0	10919
15784	21	48	2	10964	0	11035
15785	15	7	1	11109	0	11132
15786	12	8	3	11362	0	11385
15787	11603	3	7	94	0	11707
15788	11470	2	2	50	0	11524
15789	66	15	11609	15	0	11705
15790	26	4	58	11632	0	11720
15791	14	11700	20	69	0	11803
15792	11796	58	8	36	0	11898
15793	65	23	11833	11	0	11932
15794	29	14	61	11901	0	12005
15795	25	6	12	11890	0	11933
15796	20	11985	19	70	0	12094
15797	27	69	10	12076	0	12182
15798	23	19	14	12041	0	12097
15799	16	14	4	12255	0	12289
15800	12122	12	7	131	0	12272
15801	82	9	10	12097	0	12198
15802	29	4	11	12135	0	12179
15803	12303	9	8	131	0	12451
15804	85	10	8	12395	0	12498
15805	22	13280	12	109	0	13423
15806	13684	95	6	73	0	13858
15807	14147	24	8	63	0	14242
15808	14442	19	11	72	0	14544
15809	15283	9	10	61	0	15363
15810	184	16042	19	44	0	16289
15811	17249	155	7	56	0	17467
15812	17517	33	10	60	0	17620
15813	252	37	5	17442	0	17736
15814	84	37	17345	207	0	17673
15815	114	16	173	17343	0	17646
15816	73	15	30	17438	0	17556
15817	89	10	27	17259	0	17385
15818	71	13	20	17201	0	17305
15819	60	15	14	17275	0	17364
15820	16832	12	15	307	0	17166
15821	225	14	10	16883	0	17132
15822	66	24	17109	264	0	17463
15823	89	12	191	16949	0	17241
15824	36	17111	53	276	0	17476
15825	76	205	32	17084	0	17397
15826	53	54	17069	248	0	17424
15827	15934	33	197	138	0	16302
15828	16713	20	53	120	0	16906
15829	231	34	17289	75	0	17629
15830	77	17207	206	70	0	17560
15831	17367	186	69	102	0	17724
15832	17458	44	46	105	0	17653
15833	17503	36	33	102	0	17674
15834	17176	19	26	81	0	17302
15835	339	28	24	16917	0	17308
15836	143	51	17177	231	0	17602
15837	159	24	220	17479	0	17882
15838	139	29	52	17975	0	18195
15839	91	52	17864	302	0	18309
15840	79	42	18016	131	0	18268
15841	17828	27	268	157	0	18280
15842	282	18101	116	103	0	18602
15843	153	214	92	18143	0	18602
15844	89	62	17878	311	0	18340
15845	17450	56	268	178	0	17952
15846	305	51	17843	131	0	18330
15847	17700	30	290	146	0	18166
15848	320	17841	124	116	0	18401
15849	159	227	77	17954	0	18417
15850	134	83	17867	304	0	18388
15851	17415	60	264	175	0	17914
15852	298	17812	125	130	0	18365
15853	128	18449	120	122	0	18819
15854	158	292	96	18393	0	18939
15855	120	114	85	18942	0	19261
15856	19368	110	76	378	0	19932
15857	357	19305	78	203	0	19943
15858	194	300	75	19631	0	20200
15859	19653	101	68	386	0	20208
15860	20161	86	56	185	0	20488
15861	20588	101	54	175	0	20918
15862	502	87	20829	112	0	21530
15863	237	76	21464	128	0	21905
15864	22008	53	400	153	0	22614
15865	481	22042	190	128	0	22841
15866	210	22375	148	112	0	22845
15867	235	430	101	21559	0	22325
15868	120	22149	115	399	0	22783
15869	22159	418	103	220	0	22900
15870	492	149	98	22035	0	22774
15871	204	172	21996	417	0	22789
15872	22016	107	391	213	0	22727
15873	22377	92	139	180	0	22788
15874	599	102	115	21963	0	22779
15875	339	77	87	22208	0	22711
15876	258	72	123	22266	0	22719
15877	260	61	98	22013	0	22432
15878	189	89	21216	553	0	22047
15879	181	20992	397	272	0	21842
15880	166	397	147	19791	0	20501
15881	139	20459	143	482	0	21223
15882	167	418	95	19513	0	20193
15883	134	19923	102	436	0	20595
15884	19831	422	88	262	0	20603
15885	19880	182	79	226	0	20367
15886	483	19521	96	193	0	20293
15887	19297	372	79	154	0	19902
15888	553	150	80	19157	0	19940
15889	19080	145	75	404	0	19704
15890	497	18970	87	225	0	19779
15891	19003	393	92	164	0	19652
15892	19210	169	94	145	0	19618
15893	559	148	78	18760	0	19545
15894	251	158	18661	403	0	19473
15895	215	18644	364	180	0	19403
15896	221	383	118	18605	0	19327
15897	18588	202	113	409	0	19312
15898	447	165	18400	217	0	19229
15899	263	122	333	18257	0	18975
15900	254	135	134	18538	0	19061
15901	18439	94	123	480	0	19136
15902	18576	96	108	290	0	19070
15903	18430	96	92	207	0	18825
15904	528	17820	101	213	0	18662
15905	16939	302	74	208	0	17523
15906	414	135	16259	174	0	16982
15907	231	117	15799	161	0	16308
15908	195	120	15713	151	0	16179
15909	272	625	512	13959	0	15368
15910	118	108	13872	282	0	14380
15911	12677	87	228	141	0	13133
15912	275	54	100	12744	0	13173
15913	147	66	12848	253	0	13314
15914	13050	62	211	146	0	13469
15915	285	63	91	13102	0	13541
15916	191	53	74	13295	0	13613
15917	13303	50	59	283	0	13695
15918	278	68	65	13535	0	13946
15919	156	67	13669	263	0	14155
15920	153	57	212	13789	0	14211
15921	141	75	13953	253	0	14422
15922	137	55	247	13727	0	14166
15923	13671	41	120	282	0	14114
15924	244	13338	86	177	0	13845
15925	137	13710	73	130	0	14050
15926	156	225	68	13597	0	14046
15927	141	101	62	13656	0	13960
15928	109	13387	72	295	0	13863
15929	112	13228	80	169	0	13589
15930	125	215	69	13006	0	13415
15931	109	88	61	13072	0	13330
15932	12737	58	66	317	0	13178
15933	244	12570	79	157	0	13050
15934	124	12491	74	129	0	12818
15935	97	12740	81	108	0	13026
15936	12099	208	76	129	0	12512
15937	230	77	11970	96	0	12373
15938	11704	69	216	95	0	12084
15939	234	59	87	11629	0	12009
15940	108	11098	58	224	0	11488
15941	92	11482	59	116	0	11749
15942	11366	176	54	88	0	11684
15943	214	92	54	11192	0	11552
15944	86	11777	68	236	0	12167
15945	11936	184	58	131	0	12309
15946	12070	68	49	110	0	12297
15947	231	64	11968	99	0	12362
15948	12002	55	174	86	0	12317
15949	12150	68	83	82	0	12383
15950	246	51	58	11941	0	12296
15951	110	11689	62	226	0	12087
15952	97	11912	46	116	0	12171
15953	111	247	29	11501	0	11888
15954	11442	92	35	202	0	11771
15955	182	74	11045	105	0	11406
15956	112	41	10420	57	0	10630
15957	176	47	10152	61	0	10436
15958	147	47	10201	50	0	10445
15959	48	10177	175	52	0	10452
15960	70	9997	113	37	0	10217
15961	129	171	9314	43	0	9657
15962	90	102	8955	70	0	9217
15963	29	8325	131	31	0	8516
15964	48	62	65	7606	0	7781
15965	4	24	7959	53	0	8040
15966	9	11	53	7934	0	8007
15967	5	6	20	8191	0	8222
15968	11	5	9	8264	0	8289
15969	6	4	5	8467	0	8482
15970	2	8	8379	83	0	8472
15971	13	3	65	8236	0	8317
15972	8306	5	24	78	0	8413
15973	60	9	8243	19	0	8331
15974	8373	7	63	20	0	8463
15975	81	6	21	8525	0	8633
15976	17	8	8611	66	0	8702
15977	8588	7	67	35	0	8697
15978	66	10	20	8688	0	8784
15979	8741	6	13	87	0	8847
15980	74	5	14	8649	0	8742
15981	19	8685	11	79	0	8794
15982	18	60	8859	28	0	8965
15983	12	17	62	8940	0	9031
15984	8935	13	26	87	0	9061
15985	9006	8	18	43	0	9075
15986	9020	4	10	27	0	9061
15987	9007	4	9	17	0	9037
15988	8913	6	14	24	0	8957
15989	87	8892	9	14	0	9002
15990	8947	65	11	26	0	9049
15991	75	24	8876	12	0	8987
15992	8900	11	67	17	0	8995
15993	85	4	21	8781	0	8891
15994	29	11	8911	63	0	9014
15995	19	13	8918	30	0	8980
15996	22	7	80	8964	0	9073
15997	9061	7	37	79	0	9184
15998	74	9045	29	30	0	9178
15999	9096	70	12	36	0	9214
16000	85	9211	22	13	0	9331
16001	44	78	14	9399	0	9535
16002	34	26	12	9535	0	9607
16003	9537	16	10	96	0	9659
16004	92	9	15	9673	0	9789
16005	38	11	9754	97	0	9900
16006	9760	12	75	43	0	9890
16007	92	9	29	10162	0	10292
16008	45	6	18	10173	0	10242
16009	28	14	10097	106	0	10245
16010	9815	9	93	57	0	9974
16011	10169	5	32	45	0	10251
16012	113	10162	25	30	0	10330
16013	46	91	10049	18	0	10204
16014	29	32	9942	17	0	10020
16015	32	44	107	9977	0	10160
16016	31	24	41	9882	0	9978
16017	20	9893	35	107	0	10055
16018	13	92	9691	46	0	9842
16019	30	25	87	9464	0	9606
16020	15	25	9618	96	0	9754
16021	34	14	93	9309	0	9450
16022	22	9447	34	104	0	9607
16023	24	80	38	9561	0	9703
16024	33	20	16	9582	0	9651
16025	32	19	14	9502	0	9567
16026	9384	10	13	129	0	9536
16027	95	19	9334	50	0	9498
16028	35	9645	99	33	0	9812
16029	34	99	37	9952	0	10122
16030	10164	24	29	133	0	10350
16031	120	24	18	10332	0	10494
16032	10381	6	22	148	0	10557
16033	119	22	10540	47	0	10728
16034	10503	8	120	46	0	10677
16035	147	10	37	10745	0	10939
16036	39	17	10776	133	0	10965
16037	30	10731	120	54	0	10935
16038	31	117	50	10673	0	10871
16039	33	30	31	10720	0	10814
16040	10578	22	12	169	0	10781
16041	127	10460	17	60	0	10664
16042	39	10382	26	33	0	10480
16043	27	10533	27	42	0	10629
16044	10007	123	28	44	0	10202
16045	120	10002	20	35	0	10177
16046	63	127	20	9867	0	10077
16047	46	29	19	9957	0	10051
16048	9882	21	14	143	0	10060
16049	118	9813	17	64	0	10012
16050	50	111	11	9919	0	10091
16051	10082	26	17	130	0	10255
16052	10073	25	17	44	0	10159
16053	10061	18	10	52	0	10141
16054	124	9987	16	34	0	10161
16055	9696	97	10	26	0	9829
16056	111	36	16	9628	0	9791
16057	31	9531	15	93	0	9670
16058	32	9634	16	30	0	9712
16059	43	103	9	9517	0	9672
16060	9431	28	6	112	0	9577
16061	9565	21	12	49	0	9647
16062	114	17	4	9345	0	9480
16063	31	9258	9	98	0	9396
16064	9275	77	12	41	0	9405
16065	93	41	9077	21	0	9232
16066	34	32	8966	15	0	9047
16067	8797	21	87	25	0	8930
16068	92	24	8788	24	0	8928
16069	33	13	76	8520	0	8642
16070	8539	14	19	100	0	8672
16071	92	11	14	8727	0	8844
16072	27	19	8710	83	0	8839
16073	30	8877	79	28	0	9014
16074	18	87	21	8906	0	9032
16075	17	28	8871	82	0	8998
16076	8696	19	67	42	0	8824
16077	84	15	21	8842	0	8962
16078	32	19	8890	77	0	9018
16079	24	19	75	8806	0	8924
16080	16	8914	27	93	0	9050
16081	26	78	12	9079	0	9195
16082	22	20	7	9073	0	9122
16083	17	16	15	8995	0	9043
16084	15	8925	15	102	0	9057
16085	9065	64	10	45	0	9184
16086	79	25	17	9120	0	9241
16087	34	17	13	9173	0	9237
16088	31	10	11	9272	0	9324
16089	17	18	9223	102	0	9360
16090	33	13	78	9249	0	9373
16091	9346	12	19	106	0	9483
16092	81	9373	22	43	0	9519
16093	26	83	12	9578	0	9699
16094	29	21	6	9657	0	9713
16095	9554	18	13	119	0	9704
16096	85	9635	17	55	0	9792
16097	9720	82	7	49	0	9858
16098	9996	25	12	31	0	10064
16099	123	17	6	9959	0	10105
16100	9931	8	7	118	0	10064
16101	97	9728	17	34	0	9876
16102	9887	88	10	37	0	10022
16103	109	23	8	10272	0	10412
16104	10581	16	6	117	0	10720
16105	10784	12	10	43	0	10849
16106	135	16	10661	36	0	10848
16107	10563	14	87	27	0	10691
16108	10798	6	18	24	0	10846
16109	11195	10	14	40	0	11259
16110	155	22	11287	16	0	11480
16111	49	11370	122	28	0	11569
16112	37	127	26	11423	0	11613
16113	11419	27	16	139	0	11601
16114	143	11192	14	36	0	11385
16115	11163	120	7	47	0	11337
16116	166	22	11	11322	0	11521
16117	48	35	11354	129	0	11566
16118	11695	7	119	58	0	11879
16119	155	15	31	11955	0	12156
16120	59	20	12025	130	0	12234
16121	12160	6	137	59	0	12362
16122	154	18	12431	33	0	12636
16123	96	9	151	12818	0	13074
16124	69	15	49	13300	0	13433
16125	13219	13	31	209	0	13472
16126	13284	10	30	86	0	13410
16127	200	13257	16	53	0	13526
16128	13080	124	33	48	0	13285
16129	185	52	12677	29	0	12943
16130	85	43	12622	31	0	12781
16131	12459	25	162	25	0	12671
16132	164	12514	84	23	0	12785
16133	12281	119	60	36	0	12496
16134	166	12242	39	20	0	12467
16135	12157	127	43	42	0	12369
16136	168	49	32	12051	0	12300
16137	91	33	12099	115	0	12338
16138	80	29	120	12074	0	12303
16139	75	18	46	12289	0	12428
16140	12194	25	27	178	0	12424
16141	151	18	12128	73	0	12370
16142	12044	15	132	69	0	12260
16143	167	12001	66	31	0	12265
16144	12040	114	41	44	0	12239
16145	178	53	37	11863	0	12131
16146	90	48	11818	129	0	12085
16147	96	26	132	11800	0	12054
16148	11845	28	50	155	0	12078
16149	177	25	47	11786	0	12035
16150	100	20	31	11705	0	11856
16151	55	11438	40	189	0	11722
16152	75	111	37	11529	0	11752
16153	54	51	11421	174	0	11700
16154	84	27	133	11410	0	11654
16155	65	30	55	11480	0	11630
16156	11321	27	47	191	0	11586
16157	162	33	28	11311	0	11534
16158	78	20	11259	186	0	11543
16159	65	11291	154	99	0	11609
16160	78	121	53	11339	0	11591
16161	66	57	42	11374	0	11539
16162	11303	30	34	197	0	11564
16163	147	11113	44	113	0	11417
16164	95	117	42	11264	0	11518
16165	11049	58	32	181	0	11320
16166	11228	42	32	99	0	11401
16167	205	30	21	11190	0	11446
16168	95	37	11321	178	0	11631
16169	11350	28	139	102	0	11619
16170	192	24	53	11528	0	11797
16171	11522	24	51	206	0	11803
16172	11567	19	45	110	0	11741
16173	196	11220	34	105	0	11555
16174	11191	127	37	86	0	11441
16175	187	11181	46	65	0	11479
16176	115	138	37	11188	0	11478
16177	100	67	28	11160	0	11355
16178	89	11123	25	206	0	11443
16179	11215	146	24	117	0	11502
16180	11184	60	33	86	0	11363
16181	195	63	10859	71	0	11188
16182	106	45	10789	70	0	11010
16183	109	29	154	10863	0	11155
16184	10903	29	77	189	0	11198
16185	217	20	51	10863	0	11151
16186	104	35	33	10996	0	11168
16187	95	39	11050	190	0	11374
16188	80	35	10993	115	0	11223
16189	47	37	11054	103	0	11241
16190	10909	37	186	88	0	11220
16191	10948	36	88	91	0	11163
16192	193	10727	68	70	0	11058
16193	104	10786	59	62	0	11011
16194	116	156	44	10727	0	11043
16195	74	63	10767	159	0	11063
16196	10565	48	138	78	0	10829
16197	163	49	10804	66	0	11082
16198	80	36	139	10546	0	10801
16199	77	22	68	10645	0	10812
16200	67	22	55	10617	0	10761
16201	70	18	53	10737	0	10878
16202	10435	17	35	196	0	10683
16203	157	36	36	10064	0	10293
16204	64	23	9784	148	0	10019
16205	9379	19	105	96	0	9599
16206	118	18	9577	66	0	9779
16207	67	23	9491	47	0	9628
16208	69	9385	137	41	0	9632
16209	137	89	208	8567	0	9001
16210	8583	34	72	79	0	8768
16211	88	26	22	8572	0	8708
16212	41	23	8550	80	0	8694
16213	35	12	62	8580	0	8689
16214	8537	10	40	89	0	8676
16215	63	8522	28	75	0	8688
16216	8364	53	24	46	0	8487
16217	80	8242	18	37	0	8377
16218	8078	64	30	38	0	8210
16219	67	7958	25	28	0	8078
16220	46	7894	15	18	0	7973
16221	30	69	7624	15	0	7738
16222	42	7413	62	26	0	7543
16223	6734	57	74	15	0	6880
16224	58	19	10	6673	0	6760
16225	6790	7	4	42	0	6843
16226	40	6966	5	16	0	7027
16227	6922	35	3	18	0	6978
16228	46	18	7013	6	0	7083
16229	18	7	41	6977	0	7043
16230	10	7124	15	39	0	7188
16231	14	42	14	7353	0	7423
16232	9	17	4	7423	0	7453
16233	7972	9	5	70	0	8056
16234	66	8057	12	34	0	8169
16235	8202	67	7	34	0	8310
16236	78	30	8315	7	0	8430
16237	28	20	8238	6	0	8292
16238	24	8303	82	5	0	8414
16239	17	70	36	8319	0	8442
16240	13	22	8424	68	0	8527
16241	17	19	75	8383	0	8494
16242	19	7	22	8633	0	8681
16243	5	12	8575	96	0	8688
16244	11	13	8516	37	0	8577
16245	7	13	8733	23	0	8776
16246	16	9	8781	12	0	8818
16247	6	9084	107	26	0	9223
16248	15	70	43	9132	0	9260
16249	19	33	22	9204	0	9278
16250	13	30	9176	98	0	9317
16251	17	7	75	9165	0	9264
16252	10	9	9488	92	0	9599
16253	17	11	85	9457	0	9570
16254	18	10	40	9469	0	9537
16255	7	9538	40	111	0	9696
16256	18	77	21	9598	0	9714
16257	24	35	15	9628	0	9702
16258	20	30	12	9593	0	9655
16259	15	24	9438	116	0	9593
16260	11	9408	83	60	0	9562
16261	9426	76	37	44	0	9583
16262	9478	29	26	39	0	9572
16263	100	30	22	9405	0	9557
16264	48	14	21	9338	0	9421
16265	22	9475	18	91	0	9606
16266	9544	85	11	65	0	9705
16267	78	9612	19	32	0	9741
16268	9363	80	13	37	0	9493
16269	82	36	9318	18	0	9454
16270	9085	19	81	30	0	9215
16271	72	9297	41	15	0	9425
16272	37	67	22	9361	0	9487
16273	27	31	8	9382	0	9448
16274	14	9440	17	97	0	9568
16275	9429	69	11	62	0	9571
16276	84	29	10	9609	0	9732
16277	34	18	13	9699	0	9764
16278	9689	12	16	127	0	9844
16279	9776	21	8	63	0	9868
16280	104	18	9736	30	0	9888
16281	9825	11	78	39	0	9953
16282	100	11	29	9866	0	10006
16283	36	20	9930	97	0	10083
16284	30	11	89	9878	0	10008
16285	20	18	9872	98	0	10008
16286	19	15	9848	39	0	9921
16287	31	19	98	9829	0	9977
16288	16	14	9964	102	0	10096
16289	17	10121	98	54	0	10290
16290	23	84	33	10219	0	10359
16291	20	35	32	10415	0	10502
16292	12	25	10455	116	0	10608
16293	19	10468	99	62	0	10648
16294	10659	87	43	46	0	10835
16295	97	36	26	10777	0	10936
16296	10849	21	15	124	0	11009
16297	102	10798	27	59	0	10986
16298	52	100	10912	35	0	11099
16299	36	43	98	10876	0	11053
16300	10830	25	54	112	0	11021
16301	93	33	10849	53	0	11028
16302	10582	10	100	54	0	10746
16303	102	10722	59	39	0	10922
16304	40	10635	36	32	0	10743
16305	10598	99	31	42	0	10770
16306	98	50	29	10590	0	10767
16307	51	21	27	10466	0	10565
16308	30	10640	25	119	0	10814
16309	23	87	23	10765	0	10898
16310	25	40	19	10819	0	10903
16311	10694	25	17	141	0	10877
16312	87	18	18	10649	0	10772
16313	42	26	10655	104	0	10827
16314	28	13	80	10700	0	10821
16315	26	13	48	10879	0	10966
16316	13	26	10872	126	0	11037
16317	33	17	79	10875	0	11004
16318	10754	17	39	130	0	10940
16319	10674	10	20	84	0	10788
16320	10643	12	13	60	0	10728
16321	137	7	11	10636	0	10791
16322	54	27	10670	103	0	10854
16323	34	10686	80	64	0	10864
16324	33	71	41	10642	0	10787
16325	24	48	10651	84	0	10807
16326	31	26	70	10475	0	10602
16327	30	13	33	10516	0	10592
16328	10337	9	23	112	0	10481
16329	65	10616	20	76	0	10777
16330	41	76	10422	33	0	10572
16331	9990	42	67	33	0	10132
16332	74	10239	46	36	0	10395
16333	27	9753	21	27	0	9828
16334	9969	57	67	35	0	10128
16335	68	38	8	10115	0	10229
16336	35	28	10841	59	0	10963
16337	21	16	60	10824	0	10921
16338	10	10947	41	71	0	11069
16339	11089	58	17	59	0	11223
16340	71	34	8	11151	0	11264
16341	11312	15	7	90	0	11424
16342	89	4	2	11288	0	11383
16343	34	11560	15	74	0	11683
16344	11686	66	18	48	0	11818
16345	11733	29	9	42	0	11813
16346	97	11690	18	15	0	11820
16347	11424	68	8	40	0	11540
16348	86	39	6	11309	0	11440
16349	46	11326	12	74	0	11458
16350	11332	66	7	67	0	11472
16351	76	11510	18	24	0	11628
16352	11414	74	5	39	0	11532
16353	96	38	8	11418	0	11560
16354	11548	27	6	98	0	11679
16355	11633	8	7	69	0	11717
16356	11696	15	8	45	0	11764
16357	111	16	3	11762	0	11892
16358	57	16	4	11990	0	12067
16359	11885	14	5	130	0	12034
16360	86	27	12295	43	0	12451
16361	58	14	79	12339	0	12490
16362	37	12633	38	103	0	12811
16363	30	89	11	12817	0	12947
16364	35	34	5	12936	0	13010
16365	29	43	12831	128	0	13031
16366	42	18	95	13613	0	13768
16367	23	14286	48	151	0	14508
16368	37	158	20	14601	0	14816
16369	33	82	15600	179	0	15894
16370	56	34	188	15817	0	16095
16371	42	25	71	16031	0	16169
16372	15818	15	35	314	0	16182
16373	15917	17	25	151	0	16110
16374	298	15	19	15748	0	16080
16375	123	15458	35	240	0	15856
16376	49	15687	23	137	0	15896
16377	56	259	15521	49	0	15885
16378	64	128	191	15445	0	15828
16379	15424	50	92	249	0	15815
16380	231	43	33	15504	0	15811
16381	107	54	15556	233	0	15950
16382	71	33	197	15599	0	15900
16383	63	23	93	15758	0	15937
16384	69	20	36	15943	0	16068
16385	40	32	15601	326	0	15999
16386	38	15620	220	153	0	16031
16387	15453	196	84	109	0	15842
16388	15414	90	32	99	0	15635
16389	298	44	30	15101	0	15473
16390	129	56	15040	219	0	15444
16391	53	15118	204	119	0	15494
16392	72	238	95	14817	0	15222
16393	47	15027	50	240	0	15364
16394	30	15147	41	143	0	15361
16395	14845	246	54	103	0	15248
16396	209	128	14843	61	0	15241
16397	121	56	14816	53	0	15046
16398	76	57	258	14827	0	15218
16399	72	51	112	15047	0	15282
16400	52	53	15059	276	0	15440
16401	81	45	216	14959	0	15301
16402	51	63	14978	248	0	15340
16403	14562	34	211	161	0	14968
16404	226	34	98	14908	0	15266
16405	106	61	15223	221	0	15611
16406	83	40	210	14871	0	15204
16407	51	15695	118	241	0	16105
16408	15624	197	48	164	0	16033
16409	208	15648	66	106	0	16028
16410	15705	200	63	114	0	16082
16411	235	116	15599	66	0	16016
16412	15723	58	201	113	0	16095
16413	262	44	90	15840	0	16236
16414	123	62	15883	234	0	16302
16415	97	43	213	15823	0	16176
16416	61	53	15632	258	0	16004
16417	15135	40	220	160	0	15555
16418	219	15708	119	89	0	16135
16419	148	196	66	15277	0	15687
16420	56	15792	90	211	0	16149
16421	15756	219	63	150	0	16188
16422	15806	99	52	124	0	16081
16423	280	15772	59	89	0	16200
16424	159	237	42	15752	0	16190
16425	111	105	50	15801	0	16067
16426	83	51	57	15872	0	16063
16427	15574	47	45	354	0	16020
16428	215	15498	69	192	0	15974
16429	122	207	52	15354	0	15735
16430	82	101	54	15466	0	15703
16431	15161	62	51	346	0	15620
16432	240	75	14989	165	0	15469
16433	118	72	14805	125	0	15120
16434	14324	37	252	138	0	14751
16435	220	50	14372	73	0	14715
16436	118	57	13478	56	0	13709
16437	114	70	266	13295	0	13745
16438	13356	38	147	219	0	13760
16439	216	23	66	13358	0	13663
16440	104	39	13255	221	0	13619
16441	12842	32	196	139	0	13209
16442	205	54	13075	76	0	13410
16443	98	13122	197	77	0	13494
16444	116	193	126	13299	0	13734
16445	13489	81	69	212	0	13851
16446	207	49	58	13552	0	13866
16447	112	35	54	13705	0	13906
16448	13826	34	40	292	0	14192
16449	201	25	39	14007	0	14272
16450	127	25	44	14285	0	14481
16451	67	45	14169	268	0	14549
16452	65	28	162	14126	0	14381
16453	14241	25	84	255	0	14605
16454	14195	27	50	171	0	14443
16455	14271	22	44	103	0	14440
16456	254	41	61	14025	0	14381
16457	116	13854	66	193	0	14229
16458	13886	148	32	132	0	14198
16459	184	13957	64	75	0	14280
16460	13622	135	45	80	0	13882
16461	189	75	30	13537	0	13831
16462	13388	30	37	189	0	13644
16463	13442	28	32	130	0	13632
16464	13505	24	32	109	0	13670
16465	211	13349	63	55	0	13678
16466	85	12785	47	53	0	12970
16467	12366	92	28	71	0	12557
16468	95	12696	27	46	0	12864
16469	24	12137	18	16	0	12195
16470	17	12144	41	14	0	12216
16471	12067	72	74	41	0	12254
16472	90	29	3	12103	0	12225
16473	34	19	0	12335	0	12388
16474	12382	7	2	121	0	12512
16475	85	19	12591	29	0	12724
16476	25	11	73	13679	0	13788
16477	42	11	22	13944	0	14019
16478	22	12	13	14837	0	14884
16479	26	12	9	15253	0	15300
16480	8	15282	28	226	0	15544
16481	10	16860	33	81	0	16984
16482	17088	222	11	79	0	17400
16483	241	59	4	17106	0	17410
16484	74	57	5	17362	0	17498
16485	48	59	17157	270	0	17534
16486	58	21	219	17435	0	17733
16487	20	52	17540	311	0	17923
16488	30	25	268	17784	0	18107
16489	24	45	18289	311	0	18669
16490	20	18335	314	107	0	18776
16491	34	249	75	18501	0	18859
16492	18507	54	62	342	0	18965
16493	18534	54	48	117	0	18753
16494	329	41	29	18422	0	18821
16495	110	40	18432	327	0	18909
16496	85	47	18505	106	0	18743
16497	18012	28	317	139	0	18496
16498	281	18195	127	109	0	18712
16499	18369	275	82	92	0	18818
16500	18417	64	59	84	0	18624
16501	362	86	18209	69	0	18726
16502	151	41	288	18157	0	18637
16503	134	23	96	18476	0	18729
16504	121	40	80	18805	0	19046
16505	90	37	64	18438	0	18629
16506	95	32	45	18396	0	18568
16507	66	50	17503	456	0	18075
16508	52	52	17617	207	0	17928
16509	91	39	349	17613	0	18092
16510	91	34	127	17866	0	18118
16511	111	31	105	17970	0	18217
16512	17517	29	80	481	0	18107
16513	370	25	61	17538	0	17994
16514	17509	28	67	453	0	18057
16515	397	34	75	17857	0	18363
16516	17984	26	55	458	0	18523
16517	18349	23	50	247	0	18669
16518	18119	21	52	210	0	18402
16519	18153	23	52	190	0	18418
16520	18115	30	59	159	0	18363
16521	503	28	60	17754	0	18345
16522	17834	29	47	415	0	18325
16523	424	17556	73	181	0	18234
16524	17721	264	51	201	0	18237
16525	444	68	61	17830	0	18403
16526	176	75	17691	402	0	18344
16527	196	44	320	17884	0	18444
16528	134	59	17807	444	0	18444
16529	152	32	349	17886	0	18419
16530	143	37	107	18243	0	18530
16531	123	42	17878	457	0	18500
16532	112	47	17925	234	0	18318
16533	148	23	370	17978	0	18519
16534	17954	25	140	469	0	18588
16535	384	35	17942	194	0	18555
16536	159	18041	373	191	0	18764
16537	160	286	18444	160	0	19050
16538	18413	69	368	165	0	19015
16539	420	73	147	18534	0	19174
16540	18522	54	119	443	0	19138
16541	18768	27	110	207	0	19112
16542	488	33	104	18499	0	19124
16543	212	50	18111	444	0	18817
16544	230	30	344	17930	0	18534
16545	187	22	135	17980	0	18324
16546	17596	22	137	523	0	18278
16547	391	17672	134	250	0	18447
16548	211	276	103	17844	0	18434
16549	160	91	17519	463	0	18233
16550	17206	71	364	227	0	17868
16551	395	17218	154	205	0	17972
16552	212	285	121	17410	0	18028
16553	192	75	100	17493	0	17860
16554	195	70	100	17634	0	17999
16555	17294	51	81	533	0	17959
16556	17628	40	96	265	0	18029
16557	477	32	96	17539	0	18144
16558	222	62	17338	466	0	18088
16559	196	17367	353	236	0	18152
16560	17489	313	121	210	0	18133
16561	17846	69	115	210	0	18240
16562	491	66	111	17443	0	18111
16563	258	53	91	17736	0	18138
16564	195	73	17458	488	0	18214
16565	158	17365	366	242	0	18131
16566	17447	300	128	218	0	18093
16567	17066	83	103	205	0	17457
16568	410	16427	110	161	0	17108
16569	15727	275	64	132	0	16198
16570	420	72	53	15623	0	16168
16571	164	77	15431	359	0	16031
16572	161	64	284	15516	0	16025
16573	136	66	15328	369	0	15899
16574	15202	42	301	176	0	15721
16575	348	14961	128	151	0	15588
16576	148	298	76	13857	0	14379
16577	103	56	13794	274	0	14227
16578	94	51	13180	101	0	13426
16579	12316	107	260	117	0	12800
16580	203	12168	106	85	0	12562
16581	10803	116	175	54	0	11148
16582	10663	38	68	52	0	10821
16583	10663	24	34	55	0	10776
16584	163	48	56	10486	0	10753
16585	82	28	10462	121	0	10693
16586	63	10331	108	46	0	10548
16587	84	144	63	10263	0	10554
16588	48	37	10289	113	0	10487
16589	25	31	9657	38	0	9751
16590	39	35	73	9565	0	9712
16591	23	13	9494	82	0	9612
16592	9258	9	80	35	0	9382
16593	87	25	29	9601	0	9742
16594	38	14	23	9726	0	9801
16595	9633	12	24	90	0	9759
16596	80	9544	29	40	0	9693
16597	9802	60	15	54	0	9931
16598	94	18	20	9726	0	9858
16599	46	17	16	9819	0	9898
16600	25	18	13	9886	0	9942
16601	34	12	22	9714	0	9782
16602	9618	8	21	103	0	9750
16603	84	13	9628	37	0	9762
16604	30	9514	69	46	0	9659
16605	32	57	24	9595	0	9708
16606	9537	19	18	85	0	9659
16607	9546	14	15	49	0	9624
16608	79	9575	22	31	0	9707
16609	9444	58	14	38	0	9554
16610	67	9553	19	21	0	9660
16611	34	9855	16	25	0	9930
16612	33	68	12	9893	0	10006
16613	26	25	9943	72	0	10066
16614	27	39	62	9832	0	9960
16615	9647	13	24	84	0	9768
16616	72	9508	23	37	0	9640
16617	32	60	14	9588	0	9694
16618	19	25	10257	74	0	10375
16619	10351	14	71	65	0	10501
16620	10661	9	18	58	0	10746
16621	10775	19	22	40	0	10856
16622	85	19	10579	24	0	10707
16623	10437	10	74	37	0	10558
16624	80	10688	32	19	0	10819
16625	44	78	12	10490	0	10624
16626	24	10712	21	68	0	10825
16627	10966	66	19	42	0	11093
16628	10806	21	9	36	0	10872
16629	96	31	11035	19	0	11181
16630	28	11058	81	28	0	11195
16631	27	87	27	11045	0	11186
16632	40	26	18	11118	0	11202
16633	33	14	12	11113	0	11172
16634	39	19	11	11310	0	11379
16635	27	15	14	11433	0	11489
16636	22	35	11033	121	0	11211
16637	23	10894	98	51	0	11066
16638	10805	100	20	46	0	10971
16639	110	32	11007	23	0	11172
16640	30	11143	102	31	0	11306
16641	11171	93	30	44	0	11338
16642	115	34	11402	19	0	11570
16643	11157	25	111	29	0	11322
16644	11371	17	25	54	0	11467
16645	11497	16	17	52	0	11582
16646	128	11743	20	37	0	11928
16647	37	124	11665	26	0	11852
16648	27	11833	116	23	0	11999
16649	47	126	32	11076	0	11281
16650	25	11903	22	90	0	12040
16651	12067	118	12	44	0	12241
16652	12439	23	20	41	0	12523
16653	12454	26	13	40	0	12533
16654	179	20	12475	14	0	12688
16655	63	12765	135	17	0	12980
16656	51	132	39	13536	0	13758
16657	14346	45	24	177	0	14592
16658	196	14336	19	75	0	14626
16659	82	195	17	14257	0	14551
16660	45	74	14584	185	0	14888
16661	14568	44	191	83	0	14886
16662	223	28	15331	37	0	15619
16663	77	36	15612	25	0	15750
16664	14993	15	266	45	0	15319
16665	249	28	15182	13	0	15472
16666	14771	11	263	29	0	15074
16667	257	14815	111	15	0	15198
16668	15143	198	70	27	0	15438
16669	276	76	40	15070	0	15462
16670	120	63	32	15228	0	15443
16671	114	30	22	15338	0	15504
16672	15141	28	28	324	0	15521
16673	15178	22	33	146	0	15379
16674	15226	14	25	95	0	15360
16675	339	14871	35	54	0	15299
16676	167	202	29	14968	0	15366
16677	105	87	14917	219	0	15328
16678	91	53	234	14649	0	15027
16679	63	14607	104	267	0	15041
16680	83	227	62	14648	0	15020
16681	84	92	39	14804	0	15019
16682	14628	67	39	310	0	15044
16683	275	46	29	14685	0	15035
16684	121	48	14555	305	0	15029
16685	93	49	14504	133	0	14779
16686	103	30	288	14481	0	14902
16687	14432	20	156	275	0	14883
16688	304	26	93	14344	0	14767
16689	156	42	59	14582	0	14839
16690	101	39	14369	328	0	14837
16691	87	14202	250	184	0	14723
16692	107	219	112	14323	0	14761
16693	14085	76	84	308	0	14553
16694	252	13986	71	157	0	14466
16695	155	222	40	14117	0	14534
16696	118	101	13993	292	0	14504
16697	109	71	235	13842	0	14257
16698	13729	47	115	327	0	14218
16699	267	13532	112	169	0	14080
16700	135	238	13619	134	0	14126
16701	135	96	231	13682	0	14144
16702	78	91	13706	313	0	14188
16703	13540	58	271	177	0	14046
16704	13678	52	136	158	0	14024
16705	327	46	13568	129	0	14070
16706	201	49	257	13512	0	14019
16707	154	62	13819	284	0	14319
16708	85	13659	318	183	0	14245
16709	112	226	165	13879	0	14382
16710	76	109	13843	316	0	14344
16711	96	72	287	13285	0	13740
16712	95	13409	163	311	0	13978
16713	108	267	99	13456	0	13930
16714	80	115	13376	359	0	13930
16715	13139	81	296	188	0	13704
16716	277	13329	143	168	0	13917
16717	13447	249	111	142	0	13949
16718	348	133	12812	99	0	13392
16719	12620	85	286	139	0	13130
16720	336	52	12610	127	0	13125
16721	12524	70	340	102	0	13036
16722	12812	63	146	118	0	13139
16723	389	53	127	12534	0	13103
16724	213	61	100	12732	0	13106
16725	12565	66	88	382	0	13101
16726	298	12426	99	228	0	13051
16727	12412	234	110	162	0	12918
16728	349	103	86	12309	0	12847
16729	176	12205	119	296	0	12796
16730	169	231	100	12497	0	12997
16731	159	105	87	12732	0	13083
16732	135	76	106	12657	0	12974
16733	90	12414	107	408	0	13019
16734	12338	220	100	213	0	12871
16735	283	125	74	12360	0	12842
16736	165	89	12239	315	0	12808
16737	124	71	12236	209	0	12640
16738	95	60	12413	194	0	12762
16739	12210	60	358	117	0	12745
16740	12258	66	175	136	0	12635
16741	333	62	12049	104	0	12548
16742	220	51	253	11624	0	12148
16743	142	67	137	11866	0	12212
16744	108	50	12020	336	0	12514
16745	73	51	11920	205	0	12249
16746	113	42	272	11858	0	12285
16747	11655	45	150	284	0	12134
16748	11498	52	102	163	0	11815
16749	11548	41	83	135	0	11807
16750	310	11226	99	120	0	11755
16751	163	11200	90	105	0	11558
16752	144	189	81	10947	0	11361
16753	10910	84	67	226	0	11287
16754	229	71	10656	98	0	11054
16755	10022	42	163	128	0	10355
16756	188	9388	66	83	0	9725
16757	48	8653	36	40	0	8777
16758	8470	113	72	32	0	8687
16759	101	8442	45	33	0	8621
16760	36	8058	31	26	0	8151
16761	7660	164	188	102	0	8114
16762	61	7701	33	21	0	7816
16763	30	37	9	7479	0	7555
16764	18	12	7	7526	0	7563
16765	7531	11	9	56	0	7607
16766	7555	4	11	24	0	7594
16767	55	7737	14	16	0	7822
16768	20	7836	19	17	0	7892
16769	15	38	7815	4	0	7872
16770	7949	16	47	17	0	8029
16771	8171	11	14	18	0	8214
16772	8345	3	9	18	0	8375
16773	61	5	10	8433	0	8509
16774	26	9	5	8650	0	8690
16775	8737	6	2	61	0	8806
16776	61	4	4	8805	0	8874
16777	19	16	8867	56	0	8958
16778	21	7	43	8958	0	9029
16779	11	9152	14	61	0	9238
16780	20	50	9	9220	0	9299
16781	18	21	3	9409	0	9451
16782	14	17	3	9452	0	9486
16783	9389	8	9	84	0	9490
16784	53	9370	17	36	0	9476
16785	32	51	9	9475	0	9567
16786	14	30	9500	55	0	9599
16787	24	19	9315	26	0	9384
16788	18	10	58	9471	0	9557
16789	14	11	32	9442	0	9499
16790	9355	4	17	86	0	9462
16791	54	7	12	9275	0	9348
16792	20	9284	21	64	0	9389
16793	18	56	9540	26	0	9640
16794	17	30	49	9639	0	9735
16795	20	22	9773	60	0	9875
16796	18	8	62	9782	0	9870
16797	9800	10	17	81	0	9908
16798	9879	8	17	44	0	9948
16799	70	9893	12	34	0	10009
16800	41	51	8	10009	0	10109
16801	10159	19	15	72	0	10265
16802	10307	11	12	46	0	10376
16803	10400	9	7	35	0	10451
16804	10388	13	7	28	0	10436
16805	10315	11	5	38	0	10369
16806	83	10236	13	19	0	10351
16807	10030	39	4	14	0	10087
16808	55	31	10049	10	0	10145
16809	29	12	36	10071	0	10148
16810	10060	5	16	52	0	10133
16811	10100	7	18	25	0	10150
16812	10123	3	8	32	0	10166
16813	62	6	10252	17	0	10337
16814	39	9	38	10482	0	10568
16815	10671	6	13	57	0	10747
16816	48	10742	15	22	0	10827
16817	11054	37	8	34	0	11133
16818	10933	11	7	29	0	10980
16819	11058	10	6	27	0	11101
16820	74	11	5	11287	0	11377
16821	11377	6	4	62	0	11449
16822	68	18	11513	24	0	11623
16823	30	17	11510	24	0	11581
16824	11588	6	58	37	0	11689
16825	61	15	11834	8	0	11918
16826	11483	3	54	16	0	11556
16827	63	15	11772	3	0	11853
16828	33	6	51	11715	0	11805
16829	11548	4	24	69	0	11645
16830	54	11779	23	22	0	11878
16831	11762	42	8	41	0	11853
16832	63	11791	18	17	0	11889
16833	30	12139	14	15	0	12198
16834	28	52	8	12257	0	12345
16835	29	22	7	12292	0	12350
16836	16	13	14	12337	0	12380
16837	12	9	12278	79	0	12378
16838	12189	8	56	50	0	12303
16839	12689	9	30	46	0	12774
16840	12852	6	11	27	0	12896
16841	12844	11	12	40	0	12907
16842	12875	6	8	38	0	12927
16843	107	21	12680	12	0	12820
16844	53	19	12736	14	0	12822
16845	37	2	82	13020	0	13141
16846	25	14	13147	76	0	13262
16847	13154	11	84	47	0	13296
16848	98	13750	40	29	0	13917
16849	46	85	20	14218	0	14369
16850	14327	18	18	123	0	14486
16851	134	19	14	14693	0	14860
16852	54	19	14800	117	0	14990
16853	37	25	14899	44	0	15005
16854	40	7	142	15391	0	15580
16855	30	20	15464	119	0	15633
16856	15229	13	138	66	0	15446
16857	132	12	47	15436	0	15627
16858	48	19	15526	130	0	15723
16859	35	15650	129	61	0	15875
16860	40	109	53	16029	0	16231
16861	34	53	16174	129	0	16390
16862	32	28	137	15896	0	16093
16863	41	12	55	16260	0	16368
16864	32	21	16408	172	0	16633
16865	38	7	141	16367	0	16553
16866	37	9	60	16368	0	16474
16867	42	10	40	16341	0	16433
16868	15981	9	32	211	0	16233
16869	132	15980	40	86	0	16238
16870	54	16146	34	52	0	16286
16871	36	168	15997	44	0	16245
16872	15734	55	137	51	0	15977
16873	141	41	15939	24	0	16145
16874	52	40	15829	30	0	15951
16875	42	29	161	15690	0	15922
16876	15738	9	60	168	0	15975
16877	125	15756	50	70	0	16001
16878	15729	114	51	75	0	15969
16879	15638	38	28	51	0	15755
16880	154	15773	32	49	0	16008
16881	15710	122	39	54	0	15925
16882	15868	40	34	61	0	16003
16883	160	16012	33	34	0	16239
16884	76	130	38	16139	0	16383
16885	73	49	30	16396	0	16548
16886	16769	26	24	193	0	17012
16887	170	17080	40	68	0	17358
16888	17387	156	27	72	0	17642
16889	17566	44	18	74	0	17702
16890	18243	25	26	59	0	18353
16891	251	29	18	18224	0	18522
16892	109	24	16	18555	0	18704
16893	18428	21	24	249	0	18722
16894	18823	28	17	102	0	18970
16895	18850	16	19	81	0	18966
16896	289	20	20	19164	0	19493
16897	97	34	19393	235	0	19759
16898	87	15	213	19656	0	19971
16899	77	18	61	20657	0	20813
16900	71	36	20531	302	0	20940
16901	65	33	21387	112	0	21597
16902	71	17	329	21726	0	22143
16903	61	28	21758	318	0	22165
16904	22012	15	327	139	0	22493
16905	331	25	108	22168	0	22632
16906	143	19	74	22499	0	22735
16907	22542	16	46	419	0	23023
16908	353	16	60	22434	0	22863
16909	155	19	39	22661	0	22874
16910	123	18	37	22751	0	22929
16911	96	13	48	22764	0	22921
16912	72	32	22217	440	0	22761
16913	79	16	271	22354	0	22720
16914	66	42	22060	391	0	22559
16915	65	22067	319	192	0	22643
16916	97	270	101	21966	0	22434
16917	65	90	21568	354	0	22077
16918	20797	52	303	201	0	21353
16919	320	21300	143	135	0	21898
16920	21393	291	63	129	0	21876
16921	376	78	64	21101	0	21619
16922	119	21009	61	343	0	21532
16923	21086	283	47	182	0	21598
16924	320	21108	55	138	0	21621
16925	21225	304	56	124	0	21709
16926	377	106	52	21253	0	21788
16927	21338	76	44	361	0	21819
16928	366	21543	70	151	0	22130
16929	21580	315	40	152	0	22087
16930	398	115	21224	100	0	21837
16931	200	81	297	21315	0	21893
16932	21258	51	104	388	0	21801
16933	21393	60	73	192	0	21718
16934	459	34	63	21087	0	21643
16935	173	70	20999	377	0	21619
16936	143	20394	326	186	0	21049
16937	111	20985	128	148	0	21372
16938	21003	339	117	141	0	21600
16939	366	117	69	20810	0	21362
16940	194	76	61	21029	0	21360
16941	20790	65	59	434	0	21348
16942	20893	60	54	213	0	21220
16943	409	54	20692	144	0	21299
16944	214	54	287	20678	0	21233
16945	146	63	20379	352	0	20940
16946	124	20214	319	187	0	20844
16947	19919	254	119	188	0	20480
16948	294	19648	113	136	0	20191
16949	139	19730	75	128	0	20072
16950	204	307	88	19395	0	19994
16951	19010	118	61	332	0	19521
16952	290	18954	73	160	0	19477
16953	18756	269	50	166	0	19241
16954	313	18470	82	115	0	18980
16955	168	262	43	18605	0	19078
16956	18551	100	59	311	0	19021
16957	291	114	18574	151	0	19130
16958	190	104	255	18472	0	19021
16959	125	82	18337	300	0	18844
16960	110	17737	275	168	0	18290
16961	98	18078	131	132	0	18439
16962	17678	318	119	159	0	18274
16963	259	17786	75	147	0	18267
16964	17720	284	66	128	0	18198
16965	18096	119	63	121	0	18399
16966	326	129	17879	99	0	18433
16967	17816	75	245	106	0	18242
16968	309	102	18288	107	0	18806
16969	186	18278	273	84	0	18821
16970	18421	257	108	102	0	18888
16971	319	18387	103	91	0	18900
16972	185	276	71	18331	0	18863
16973	18481	117	64	308	0	18970
16974	330	113	46	18393	0	18882
16975	178	100	18768	301	0	19347
16976	153	95	242	18759	0	19249
16977	129	84	102	18910	0	19225
16978	18863	79	62	358	0	19362
16979	300	82	18762	171	0	19315
16980	18839	59	264	135	0	19297
16981	19307	56	109	136	0	19608
16982	398	71	87	19139	0	19695
16983	235	59	63	19130	0	19487
16984	18882	63	68	355	0	19368
16985	345	19092	70	165	0	19672
16986	176	257	37	18731	0	19201
16987	126	107	18287	266	0	18786
16988	108	94	17653	130	0	17985
16989	114	18241	266	95	0	18716
16990	95	234	105	17610	0	18044
16991	110	89	61	17673	0	17933
16992	17314	67	56	301	0	17738
16993	268	69	56	17063	0	17456
16994	16642	50	51	262	0	17005
16995	258	16406	56	131	0	16851
16996	103	16407	42	105	0	16657
16997	97	16658	40	82	0	16877
16998	16192	216	111	111	0	16630
16999	15310	92	76	85	0	15563
17000	188	15012	43	61	0	15304
17001	13864	79	50	45	0	14038
17002	94	13725	20	26	0	13865
17003	56	85	9	13560	0	13710
17004	24	13505	18	99	0	13646
17005	13510	102	36	68	0	13716
17006	13517	30	14	45	0	13606
17007	109	25	11	13353	0	13498
17008	13422	23	4	115	0	13564
17009	108	18	6	13505	0	13637
17010	40	13796	16	103	0	13955
17011	43	121	10	13851	0	14025
17012	32	13892	19	103	0	14046
17013	13775	87	15	62	0	13939
17014	101	57	13530	25	0	13713
17015	13353	27	77	35	0	13492
17016	99	19	22	13644	0	13784
17017	46	35	13566	82	0	13729
17018	13399	18	78	60	0	13555
17019	102	38	13953	13	0	14106
17020	52	21	79	14000	0	14152
17021	37	27	31	14190	0	14285
17022	33	21	10	14232	0	14296
17023	37	16	7	14477	0	14537
17024	25	14653	22	152	0	14852
17025	39	105	11	15215	0	15370
17026	15240	42	6	167	0	15455
17027	131	34	15201	62	0	15428
17028	55	15907	123	45	0	16130
17029	16201	141	42	61	0	16445
17030	17103	63	15	40	0	17221
17031	270	39	20	18033	0	18362
17032	105	40	18099	215	0	18459
17033	89	26	208	18004	0	18327
17034	67	23	89	18850	0	19029
17035	42	38	18697	334	0	19111
17036	36	19133	274	147	0	19590
17037	19403	263	105	119	0	19890
17038	19557	109	61	103	0	19830
17039	19943	66	46	107	0	20162
17040	462	49	104	19635	0	20250
17041	237	37	39	20445	0	20758
17042	20667	33	34	443	0	21177
17043	393	29	32	20327	0	20781
17044	205	20470	52	402	0	21129
17045	21307	282	41	230	0	21860
17046	22143	138	45	176	0	22502
17047	22808	83	41	141	0	23073
17048	22821	53	32	141	0	23047
17049	636	66	21899	94	0	22695
17050	338	65	21997	80	0	22480
17051	269	54	461	21877	0	22661
17052	217	39	214	22222	0	22692
17053	173	54	21831	513	0	22571
17054	154	56	21908	272	0	22390
17055	182	36	492	21772	0	22482
17056	21772	35	258	467	0	22532
17057	488	31	165	21605	0	22289
17058	264	52	21622	490	0	22428
17059	192	21670	413	271	0	22546
17060	21850	335	225	208	0	22618
17061	22092	153	157	182	0	22584
17062	22213	93	134	160	0	22600
17063	22099	61	131	141	0	22432
17064	653	71	21343	133	0	22200
17065	398	41	399	21213	0	22051
17066	21273	42	238	472	0	22025
17067	569	48	173	21147	0	21937
17068	356	40	128	20593	0	21117
17069	259	20359	128	568	0	21314
17070	257	332	96	20602	0	21287
17071	20300	153	98	554	0	21105
17072	483	20167	132	323	0	21105
17073	20167	388	100	237	0	20892
17074	563	19998	103	185	0	20849
17075	389	413	64	19260	0	20126
17076	290	19220	103	443	0	20056
17077	228	19760	118	274	0	20380
17078	19465	465	104	255	0	20289
17079	513	266	19135	188	0	20102
17080	321	188	18928	198	0	19635
17081	263	140	18810	186	0	19399
17082	18271	146	534	221	0	19172
17083	491	18275	293	217	0	19276
17084	323	18671	202	200	0	19396
17085	18007	487	130	220	0	18844
17086	542	17838	148	150	0	18678
17087	347	18183	145	170	0	18845
17088	316	534	131	17963	0	18944
17089	247	326	17821	456	0	18850
17090	262	247	18027	286	0	18822
17091	274	207	508	17917	0	18906
17092	17924	159	311	498	0	18892
17093	531	17871	259	295	0	18956
17094	370	441	200	17988	0	18999
17095	315	254	17855	485	0	18909
17096	295	229	17482	305	0	18311
17097	288	171	536	17282	0	18277
17098	17177	152	308	544	0	18181
17099	17480	162	233	325	0	18200
17100	637	180	17082	264	0	18163
17101	17207	153	456	245	0	18061
17102	629	145	17206	219	0	18199
17103	438	113	529	16622	0	17702
17104	341	16825	372	440	0	17978
17105	17218	370	258	308	0	18154
17106	605	234	220	17229	0	18288
17107	419	181	210	17337	0	18147
17108	389	129	215	17502	0	18235
17109	279	109	239	17455	0	18082
17110	267	119	16538	695	0	17619
17111	262	16376	469	442	0	17549
17112	295	364	290	16696	0	17645
17113	16672	219	226	553	0	17670
17114	553	188	214	16757	0	17712
17115	406	124	196	16990	0	17716
17116	302	155	16464	647	0	17568
17117	283	161	16226	434	0	17104
17118	277	16121	542	330	0	17270
17119	239	16285	329	315	0	17168
17120	259	452	236	16005	0	16952
17121	15899	263	196	561	0	16919
17122	464	198	15651	405	0	16718
17123	319	15437	417	315	0	16488
17124	270	396	256	14861	0	15783
17125	187	14765	199	476	0	15627
17126	241	441	155	14243	0	15080
17127	168	14373	158	479	0	15178
17128	200	371	99	13411	0	14081
17129	13044	225	110	389	0	13768
17130	310	12115	120	214	0	12759
17131	178	336	72	10780	0	11366
17132	10639	142	89	250	0	11120
17133	228	10536	61	172	0	10997
17134	110	9767	51	133	0	10061
17135	120	9868	65	112	0	10165
17136	132	206	140	9100	0	9578
17137	58	115	59	9067	0	9299
17138	49	8895	34	203	0	9181
17139	55	157	44	8831	0	9087
17140	54	101	8850	140	0	9145
17141	32	8659	107	70	0	8868
17142	53	608	41	7652	0	8354
17143	35	8216	23	105	0	8379
17144	34	107	7926	53	0	8120
17145	24	7563	70	41	0	7698
17146	6407	120	81	65	0	6673
17147	45	15	8	6281	0	6349
17148	6268	7	6	38	0	6319
17149	28	13	6310	6	0	6357
17150	10	6	26	6445	0	6487
17151	6	10	6487	29	0	6532
17152	13	8	32	6549	0	6602
17153	6684	5	5	42	0	6736
17154	29	3	5	6773	0	6810
17155	6815	5	9	38	0	6867
17156	28	6945	14	12	0	6999
17157	6916	29	3	24	0	6972
17158	29	9	6996	7	0	7041
17159	9	7110	32	12	0	7163
17160	12	30	4	7194	0	7240
17161	11	6	7	7210	0	7234
17162	8	12	7165	26	0	7211
17163	7	7317	28	7	0	7359
17164	7	27	7	7371	0	7412
17165	1	7447	5	33	0	7486
17166	5	30	1	7383	0	7419
17167	5	7394	5	32	0	7436
17168	7370	22	7	22	0	7421
17169	23	10	3	7436	0	7472
17170	3	16	7508	23	0	7550
17171	6	7622	23	12	0	7663
17172	5	7783	6	14	0	7808
17173	8	29	7809	6	0	7852
17174	7	7780	26	8	0	7821
17175	8	30	5	7827	0	7870
17176	5	8	7884	20	0	7917
17177	10	7	19	7952	0	7988
17178	11	5	3	8038	0	8057
17179	1	10	8026	21	0	8058
17180	7838	5	21	16	0	7880
17181	24	3	4	8199	0	8230
17182	1	8	8755	25	0	8789
17183	4	8932	25	9	0	8970
17184	9008	21	7	27	0	9063
17185	26	9037	11	7	0	9081
17186	9	22	5	9143	0	9179
17187	9129	3	3	39	0	9174
17188	24	6	6	9160	0	9196
17189	8	11	9498	19	0	9536
17190	14	5	24	9584	0	9627
17191	4	19	9557	29	0	9609
17192	9433	3	29	25	0	9490
17193	29	17	9682	10	0	9738
17194	9784	4	29	25	0	9842
17195	9905	7	8	38	0	9958
17196	26	13	10031	6	0	10076
17197	13	15	9820	6	0	9854
17198	7	10222	36	7	0	10272
17199	10417	23	9	26	0	10475
17200	36	1	9	10714	0	10760
17201	13	5	6	10782	0	10806
17202	11727	8	12	70	0	11817
17203	12033	5	9	51	0	12098
17204	12079	7	5	33	0	12124
17205	12057	4	4	53	0	12118
17206	37	2	5	12038	0	12082
17207	12196	1	4	66	0	12267
17208	41	2	5	12369	0	12417
17209	24	5	6	12366	0	12401
17210	20	1	4	12515	0	12540
17211	7	26	12365	37	0	12435
17212	9	12230	47	10	0	12296
17213	9	12372	15	15	0	12411
17214	15	28	5	12464	0	12512
17215	12428	9	4	66	0	12507
17216	35	2	5	12436	0	12478
17217	12354	4	6	67	0	12431
17218	29	17	12978	12	0	13036
17219	12771	9	29	48	0	12857
17220	39	8	8	13425	0	13480
17221	13825	2	6	87	0	13920
17222	13858	3	3	52	0	13916
17223	14116	5	5	45	0	14171
17224	50	5	3	14180	0	14238
17225	17	24	14223	37	0	14301
17226	19	6	38	14288	0	14351
17227	14478	4	11	85	0	14578
17228	55	34	15978	10	0	16077
17229	29	4	44	17108	0	17185
17230	17447	3	18	105	0	17573
17231	65	28	17905	18	0	18016
17232	18544	2	66	76	0	18688
17233	19365	4	14	76	0	19459
17234	94	7	13	19683	0	19797
17235	42	9	11	19952	0	20014
17236	19968	2	10	166	0	20146
17237	102	6	4	20483	0	20595
17238	20513	0	8	182	0	20703
17239	108	20765	29	41	0	20943
17240	26	20966	15	29	0	21036
17241	47	128	5	21042	0	21222
17242	22	55	21437	100	0	21614
17243	13	21442	110	35	0	21600
17244	21293	110	32	97	0	21532
17245	92	21273	46	28	0	21439
17246	33	130	21316	6	0	21485
17247	44	45	102	21469	0	21660
17248	29	86	21685	106	0	21906
17249	17	22209	127	78	0	22431
17250	36	102	34	22268	0	22440
17251	14	22187	47	106	0	22354
17252	25	130	22159	19	0	22333
17253	30	40	113	22141	0	22324
17254	11	52	22263	104	0	22430
17255	19	19	105	22272	0	22415
17256	22195	8	39	189	0	22431
17257	104	47	21991	30	0	22172
17258	21359	11	105	94	0	21569
17259	106	46	21948	26	0	22126
17260	49	18	117	22035	0	22219
17261	27	39	22853	109	0	23028
17262	28	18	120	23016	0	23182
17263	32	14	36	23127	0	23209
17264	46	17	19	23087	0	23169
17265	34	14	24	23128	0	23200
17266	24	50	24171	137	0	24382
17267	24019	11	111	129	0	24270
17268	126	15	33	25924	0	26098
17269	26415	8	25	211	0	26659
17270	26955	12	23	139	0	27129
17271	27554	10	23	113	0	27700
17272	238	14	16	28148	0	28416
17273	82	8	24	29044	0	29158
17274	35	31551	56	257	0	31899
17275	34456	288	25	169	0	34938
17276	36317	114	21	161	0	36613
17277	36817	91	28	131	0	37067
17278	684	82	37000	40	0	37806
17279	403	46	414	37229	0	38092
17280	295	70	37117	430	0	37912
17281	36823	17	521	244	0	37605
17282	37328	21	229	220	0	37798
17283	695	14	203	36871	0	37783
17284	392	29	123	36595	0	37139
17285	252	37288	142	642	0	38324
17286	37640	408	72	367	0	38487
17287	37847	170	41	306	0	38364
17288	668	37375	84	197	0	38324
17289	37733	476	52	244	0	38505
17290	734	230	52	37698	0	38714
17291	470	172	51	38139	0	38832
17292	38174	96	49	690	0	39009
17293	611	154	37731	348	0	38844
17294	37789	70	428	350	0	38637
17295	38513	50	184	316	0	39063
17296	729	37669	193	212	0	38803
17297	38399	411	101	231	0	39142
17298	740	243	37608	103	0	38694
17299	552	182	448	37953	0	39135
17300	38182	103	185	558	0	39028
17301	770	102	168	38013	0	39053
17302	442	131	37109	611	0	38293
17303	358	59	570	36686	0	37673
17304	236	40019	302	760	0	41317
17305	360	532	215	40816	0	41923
17306	358	231	120	41563	0	42272
17307	309	172	130	41441	0	42052
17308	261	124	102	41660	0	42147
17309	164	206	40763	932	0	42065
17310	269	144	439	41239	0	42091
17311	41013	78	205	930	0	42226
17312	620	40643	243	479	0	41985
17313	402	477	129	41751	0	42759
17314	334	250	41717	690	0	42991
17315	332	167	495	42404	0	43398
17316	42525	117	256	886	0	43784
17317	42787	119	232	516	0	43654
17318	42023	96	179	491	0	42789
17319	1035	85	164	42227	0	43511
17320	620	135	41707	692	0	43154
17321	504	41303	572	450	0	42829
17322	42135	477	316	429	0	43357
17323	812	250	280	41800	0	43142
17324	574	199	193	42162	0	43128
17325	511	199	41498	830	0	43038
17326	445	40527	599	588	0	42159
17327	397	42054	349	494	0	43294
17328	408	736	285	40633	0	42062
17329	304	405	39581	803	0	41093
17330	37910	264	614	603	0	39391
17331	761	250	38808	412	0	40231
17332	37635	216	577	490	0	38918
17333	799	39199	367	468	0	40833
17334	517	514	39021	398	0	40450
17335	38419	285	621	381	0	39706
17336	874	38900	370	270	0	40414
17337	39973	580	354	317	0	41224
17338	872	416	39975	263	0	41526
17339	551	40508	656	276	0	41991
17340	41458	551	314	374	0	42697
17341	873	363	40748	283	0	42267
17342	40882	225	627	356	0	42090
17343	976	179	431	40888	0	42474
17344	41342	198	378	721	0	42639
17345	1039	169	282	41266	0	42756
17346	41469	205	245	853	0	42772
17347	926	226	41384	550	0	43086
17348	604	138	635	42183	0	43560
17349	524	117	347	42158	0	43146
17350	403	200	41854	1029	0	43486
17351	401	175	686	42531	0	43793
17352	286	39544	528	1028	0	41386
17353	300	569	368	45148	0	46385
17354	344	307	275	47187	0	48113
17355	399	260	241	50384	0	51284
17356	293	270	49836	1534	0	51933
17357	49853	196	927	1105	0	52081
17358	1168	166	533	53156	0	55023
17359	680	178	53664	1405	0	55927
17360	53656	114	1149	962	0	55881
17361	54802	129	632	760	0	56323
17362	56167	139	485	578	0	57369
17363	2037	183	358	55656	0	58234
17364	1248	171	328	59806	0	61553
17365	963	127	295	59591	0	60976
17366	658	57999	355	2121	0	61133
17367	58303	1129	228	1376	0	61036
17368	58537	541	203	1114	0	60395
17369	2045	433	260	57141	0	59879
17370	1240	348	55637	1629	0	58854
17371	1010	313	55631	960	0	57914
17372	714	53538	1743	823	0	56818
17373	598	55283	1035	714	0	57630
17374	51024	1595	978	850	0	54447
17375	1208	49636	403	461	0	51708
17376	48563	1150	294	397	0	50404
17377	48737	547	201	431	0	49916
17378	48807	342	165	358	0	49672
17379	1818	278	132	48231	0	50459
17380	1128	202	141	50157	0	51628
17381	50654	173	158	1602	0	52587
17382	1558	174	142	51148	0	53022
17383	787	236	50417	1532	0	52972
17384	51188	198	1084	841	0	53311
17385	1529	203	494	50766	0	52992
17386	962	234	334	51529	0	53059
17387	796	222	255	52158	0	53431
17388	588	278	50414	1825	0	53105
17389	48955	218	1135	1124	0	51432
17390	1466	238	50233	749	0	52686
17391	941	225	1315	50212	0	52693
17392	752	245	50545	1385	0	52927
17393	732	176	1355	50014	0	52277
17394	658	183	701	51044	0	52586
17395	548	210	50462	1911	0	53131
17396	606	163	1359	48683	0	50811
17397	517	50073	728	1641	0	52959
17398	50390	1075	495	1079	0	53039
17399	51196	449	396	916	0	52957
17400	1899	321	361	50641	0	53222
17401	1067	261	50272	1609	0	53209
17402	806	48186	1387	1064	0	51443
17403	629	50285	802	838	0	52554
17404	46768	1347	594	845	0	49554
17405	1448	739	46060	733	0	48980
17406	46283	430	1378	708	0	48799
17407	1726	322	769	45896	0	48713
17408	1102	259	616	46855	0	48832
17409	45759	210	506	1994	0	48469
17410	1571	45015	474	1390	0	48450
17411	909	1155	45630	1018	0	48712
17412	855	561	1306	45855	0	48577
17413	639	487	45610	1654	0	48390
17414	614	44579	1567	1055	0	47815
17415	693	1188	927	45083	0	47891
17416	44652	654	648	1784	0	47738
17417	45367	463	603	1087	0	47520
17418	1895	525	44098	937	0	47455
17419	1147	43910	1406	792	0	47255
17420	44360	1223	826	682	0	47091
17421	1695	44028	661	738	0	47122
17422	1165	1468	527	43668	0	46828
17423	43885	752	470	1650	0	46757
17424	1806	567	456	43996	0	46825
17425	1076	490	43000	1833	0	46399
17426	969	350	1379	43697	0	46395
17427	733	466	43058	1826	0	46083
17428	788	423	1488	43168	0	45867
17429	42691	324	908	1861	0	45784
17430	1626	42005	750	1158	0	45539
17431	42454	1228	577	914	0	45173
17432	1780	723	507	41660	0	44670
17433	1168	581	477	41860	0	44086
17434	918	529	39578	2008	0	43033
17435	754	535	41078	1227	0	43594
17436	715	40393	1731	979	0	43818
17437	745	1235	40234	853	0	43067
17438	38289	663	1633	822	0	41407
17439	1478	38335	967	780	0	41560
17440	895	38399	731	835	0	40860
17441	784	38591	617	725	0	40717
17442	824	1718	446	37796	0	40784
17443	611	984	37854	1504	0	40953
17444	553	37943	1340	1056	0	40892
17445	675	1328	810	35785	0	38598
17446	526	37712	686	1466	0	40390
17447	36744	1380	551	1062	0	39737
17448	37385	736	536	823	0	39480
17449	1840	693	510	36379	0	39422
17450	1125	530	502	36420	0	38577
17451	34808	464	471	1811	0	37554
17452	1390	33159	523	1170	0	36242
17453	828	33369	465	915	0	35577
17454	755	1545	366	30243	0	32909
17455	363	593	27567	1038	0	29561
17456	338	26827	823	608	0	28596
17457	24802	821	586	498	0	26707
17458	708	23653	361	452	0	25174
17459	385	23284	315	339	0	24323
17460	21905	783	423	298	0	23409
17461	629	22299	197	277	0	23402
17462	417	670	21408	210	0	22705
17463	308	20991	550	242	0	22091
17464	16905	423	317	154	0	17799
17465	320	16758	89	100	0	17267
17466	16502	338	183	99	0	17122
17467	347	193	79	16388	0	17007
17468	185	127	74	16704	0	17090
17469	119	133	16609	350	0	17211
17470	93	16707	276	176	0	17252
17471	148	278	108	16635	0	17169
17472	16571	154	78	319	0	17122
17473	16423	107	77	171	0	16778
17474	322	16407	85	135	0	16949
17475	194	283	60	16179	0	16716
17476	16157	145	60	287	0	16649
17477	16201	117	77	138	0	16533
17478	338	121	15622	91	0	16172
17479	148	96	14758	85	0	15087
17480	103	73	14144	62	0	14382
17481	59	13453	184	49	0	13745
17482	12643	137	239	42	0	13061
17483	132	12476	66	35	0	12709
17484	12242	135	83	43	0	12503
17485	121	12804	33	29	0	12987
17486	62	131	27	13110	0	13330
17487	13249	62	18	123	0	13452
17488	128	56	13333	36	0	13553
17489	13239	43	93	48	0	13423
17490	13482	29	38	40	0	13589
17491	136	13610	31	42	0	13819
17492	50	13823	29	32	0	13934
17493	14038	112	53	35	0	14238
17494	114	68	14672	15	0	14869
17495	14123	62	95	64	0	14344
17496	14267	31	47	42	0	14387
17497	120	28	16	14119	0	14283
17498	14443	19	12	93	0	14567
17499	117	21	15	14900	0	15053
17500	69	17	18	15231	0	15335
17501	59	21	10	15079	0	15169
17502	35	15092	23	117	0	15267
17503	15223	82	14	68	0	15387
17504	15377	37	11	57	0	15482
17505	119	29	9	15461	0	15618
17506	67	23	14	15446	0	15550
17507	39	15424	28	106	0	15597
17508	15471	80	14	71	0	15636
17509	95	64	15303	32	0	15494
17510	53	25	81	15377	0	15536
17511	41	36	15167	88	0	15332
17512	40	22	88	15264	0	15414
17513	38	34	15327	98	0	15497
17514	38	25	84	15298	0	15445
17515	15327	28	32	132	0	15519
17516	95	35	15690	45	0	15865
17517	15510	5	89	67	0	15671
17518	101	16445	58	48	0	16652
17519	58	86	34	16675	0	16853
17520	59	34	26	16891	0	17010
17521	17430	42	19	153	0	17644
17522	123	30	21	18209	0	18383
17523	64	50	19021	105	0	19240
17524	18736	24	86	104	0	18950
17525	19362	18	38	95	0	19513
17526	19431	21	21	72	0	19545
17527	19418	11	13	73	0	19515
17528	132	19323	40	39	0	19534
17529	74	65	22	19417	0	19578
17530	19291	35	16	117	0	19459
17531	113	33	7	19207	0	19360
17532	19015	16	12	115	0	19158
17533	97	35	18733	41	0	18906
17534	54	35	18753	30	0	18872
17535	60	205	74	18404	0	18743
17536	41	18715	44	83	0	18883
17537	26	19126	39	68	0	19259
17538	18961	75	36	116	0	19188
17539	72	44	19123	25	0	19264
17540	18112	20	64	86	0	18282
17541	72	19140	41	29	0	19282
17542	19145	60	14	63	0	19282
17543	83	21	10	19224	0	19338
17544	37	79	19635	52	0	19803
17545	40	20	54	19670	0	19784
17546	37	18	20	19630	0	19705
17547	23	19612	36	70	0	19741
17548	24	20088	38	55	0	20205
17549	44	64	27	20223	0	20358
17550	43	20375	41	121	0	20580
17551	23	101	20331	31	0	20486
17552	28	65	19869	29	0	19991
17553	19385	22	77	84	0	19568
17554	20192	17	21	97	0	20327
17555	83	20107	38	28	0	20256
17556	57	64	14	20061	0	20196
17557	56	21	13	20154	0	20244
17558	36	63	20221	70	0	20390
17559	30	102	68	19700	0	19900
17560	22	20168	36	87	0	20313
17561	22	78	19911	32	0	20043
17562	28	53	19732	23	0	19836
17563	18	19732	91	68	0	19909
17564	27	93	19955	19	0	20094
17565	35	30	71	20000	0	20136
17566	46	23	28	19427	0	19524
17567	18	41	20294	75	0	20428
17568	37	23	64	20164	0	20288
17569	10	19898	55	95	0	20058
17570	18	20276	46	45	0	20385
17571	26	90	15	20198	0	20329
17572	23	60	20336	76	0	20495
17573	8	20571	99	37	0	20715
17574	63	126	40	20527	0	20756
17575	20	46	20307	70	0	20443
17576	19678	17	67	80	0	19842
17577	20328	8	14	86	0	20436
17578	20335	8	17	74	0	20434
17579	84	6	10	20284	0	20384
17580	47	10	8	20357	0	20422
17581	27	39	20824	71	0	20961
17582	37	16	60	20845	0	20958
17583	24	12	12	21126	0	21174
17584	9	25	21038	66	0	21138
17585	18775	13	63	107	0	18958
17586	58	19973	30	41	0	20102
17587	19893	47	17	82	0	20039
17588	58	19826	33	25	0	19942
17589	32	62	5	19875	0	19974
17590	20	46	19969	50	0	20085
17591	35	44	59	19587	0	19725
17592	15	31	19618	69	0	19733
17593	18137	11	74	93	0	18315
17594	71	33	19381	20	0	19505
17595	42	9	88	19383	0	19522
17596	20	28	19741	92	0	19881
17597	12	20615	125	38	0	20790
17598	43	113	23	22216	0	22395
17599	33	19	28	22693	0	22773
17600	31	25	15	23195	0	23266
17601	13	41	23129	255	0	23438
17602	16	41	23695	69	0	23821
17603	56	18	279	23754	0	24107
17604	68	19	69	27335	0	27491
17605	50	15	50	28555	0	28670
17606	28825	9	27	591	0	29452
17607	449	14	29	29662	0	30154
17608	127	51	30337	499	0	31014
17609	31130	11	433	220	0	31794
17610	523	20	137	31972	0	32652
17611	32663	7	160	581	0	33411
17612	33464	16	44	261	0	33785
17613	687	24	46	33380	0	34137
17614	33494	12	51	604	0	34161
17615	33809	1	37	298	0	34145
17616	681	50	33159	161	0	34051
17617	309	33374	525	129	0	34337
17618	256	463	174	32456	0	33349
17619	178	147	100	33435	0	33860
17620	33051	84	76	726	0	33937
17621	32823	41	59	346	0	33269
17622	32421	32	61	277	0	32791
17623	803	60	30907	142	0	31912
17624	345	30956	545	161	0	32007
17625	31056	484	196	178	0	31914
17626	636	31172	168	139	0	32115
17627	31339	574	79	164	0	32156
17628	775	182	67	31158	0	32182
17629	31144	144	69	625	0	31982
17630	31526	66	68	313	0	31973
17631	31653	65	70	264	0	32052
17632	854	101	31286	139	0	32380
17633	31637	46	532	167	0	32382
17634	759	31365	225	174	0	32523
17635	31923	497	155	182	0	32757
17636	32394	193	69	194	0	32850
17637	32616	124	87	174	0	33001
17638	1018	96	86	31504	0	32704
17639	519	31662	104	589	0	32874
17640	31899	511	98	310	0	32818
17641	795	242	31662	188	0	32887
17642	432	31927	564	161	0	33084
17643	448	577	203	30270	0	31498
17644	327	31340	186	566	0	32419
17645	31466	639	84	279	0	32468
17646	32354	258	105	247	0	32964
17647	999	196	95	31757	0	33047
17648	492	168	31361	697	0	32718
17649	385	31428	614	360	0	32787
17650	441	612	271	27883	0	29207
17651	388	268	196	32209	0	33061
17652	375	191	140	32999	0	33705
17653	32545	133	139	916	0	33733
17654	33066	133	109	471	0	33779
17655	33167	113	94	373	0	33747
17656	33382	152	110	290	0	33934
17657	1173	106	88	32573	0	33940
17658	583	148	32829	770	0	34330
17659	559	102	616	33053	0	34330
17660	530	92	246	33284	0	34152
17661	452	116	182	33420	0	34170
17662	483	101	123	33429	0	34136
17663	32749	121	104	1050	0	34024
17664	975	107	146	32828	0	34056
17665	32849	80	162	939	0	34030
17666	33200	134	139	528	0	34001
17667	1090	128	32230	450	0	33898
17668	697	151	32257	342	0	33447
17669	576	132	32894	382	0	33984
17670	585	150	842	32292	0	33869
17671	514	143	32702	791	0	34150
17672	532	133	760	32262	0	33687
17673	478	166	344	32573	0	33561
17674	32443	156	242	1024	0	33865
17675	984	149	183	32102	0	33418
17676	571	32493	181	974	0	34219
17677	33265	587	186	517	0	34555
17678	1009	33114	189	432	0	34744
17679	606	696	33305	332	0	34939
17680	518	33456	702	311	0	34987
17681	33083	739	317	358	0	34497
17682	993	338	256	32879	0	34466
17683	618	322	32563	755	0	34258
17684	32845	180	637	454	0	34116
17685	1065	176	291	32779	0	34311
17686	628	177	32810	790	0	34405
17687	644	172	662	32937	0	34415
17688	521	163	310	33370	0	34364
17689	503	160	278	33290	0	34231
17690	442	32738	231	965	0	34376
17691	33007	633	202	535	0	34377
17692	992	305	181	32535	0	34013
17693	576	32513	196	766	0	34051
17694	559	651	121	32298	0	33629
17695	412	368	31825	820	0	33425
17696	414	31845	649	443	0	33351
17697	31017	619	334	431	0	32401
17698	29904	312	235	304	0	30755
17699	832	215	135	28822	0	30004
17700	491	178	126	28737	0	29532
17701	28407	133	134	753	0	29427
17702	27818	142	139	470	0	28569
17703	759	27711	151	359	0	28980
17704	24037	280	103	190	0	24610
17705	429	138	23051	126	0	23744
17706	266	104	22727	128	0	23225
17707	132	22154	288	127	0	22701
17708	104	21799	183	84	0	22170
17709	20354	237	324	105	0	21020
17710	192	20347	97	85	0	20721
17711	19829	160	78	102	0	20169
17712	19566	141	37	78	0	19822
17713	19440	46	24	91	0	19601
17714	223	32	29	19419	0	19703
17715	19565	25	26	203	0	19819
17716	205	52	19505	77	0	19839
17717	93	50	19507	66	0	19716
17718	79	19613	181	56	0	19929
17719	76	160	19749	47	0	20032
17720	66	74	177	19476	0	19793
17721	55	67	19754	156	0	20032
17722	49	55	19474	70	0	19648
17723	68	31	180	19518	0	19797
17724	19518	28	87	212	0	19845
17725	19645	32	64	139	0	19880
17726	195	49	20175	71	0	20490
17727	19989	28	164	112	0	20293
17728	194	45	20458	40	0	20737
17729	20435	22	171	95	0	20723
17730	21157	20	77	120	0	21374
17731	218	22	61	21136	0	21437
17732	118	28	42	20878	0	21066
17733	138	20597	58	215	0	21008
17734	50	21077	60	92	0	21279
17735	79	170	36	20850	0	21135
17736	74	70	37	21171	0	21352
17737	20929	44	36	237	0	21246
17738	162	20901	53	98	0	21214
17739	20927	147	26	107	0	21207
17740	182	21164	48	52	0	21446
17741	71	205	21154	45	0	21475
17742	93	71	152	21213	0	21529
17743	21406	47	73	232	0	21758
17744	22165	32	44	112	0	22353
17745	258	22548	59	73	0	22938
17746	108	23098	57	46	0	23309
17747	92	23337	66	50	0	23545
17748	80	356	47	24521	0	25004
17749	66	152	24899	246	0	25363
17750	37	24845	276	108	0	25266
17751	111	312	110	24776	0	25309
17752	67	90	42	25213	0	25412
17753	23	78	24906	300	0	25307
17754	41	63	24750	107	0	24961
17755	24598	29	301	107	0	25035
17756	266	56	25361	42	0	25725
17757	25191	34	278	105	0	25608
17758	24741	25	100	84	0	24950
17759	24735	32	67	93	0	24927
17760	24675	30	48	90	0	24843
17761	353	59	24353	32	0	24797
17762	134	24344	280	48	0	24806
17763	121	256	107	24487	0	24971
17764	76	108	24456	263	0	24903
17765	97	67	261	24218	0	24643
17766	66	24195	127	307	0	24695
17767	107	260	68	24830	0	25265
17768	109	87	64	24914	0	25174
17769	110	64	65	24822	0	25061
17770	24734	40	51	401	0	25226
17771	329	55	56	24771	0	25211
17772	159	50	47	24890	0	25146
17773	132	53	64	24775	0	25024
17774	60	24132	87	407	0	24686
17775	24085	287	58	197	0	24627
17776	292	23402	85	131	0	23910
17777	112	23969	75	112	0	24268
17778	152	317	56	24031	0	24556
17779	131	134	55	24094	0	24414
17780	23962	65	54	434	0	24515
17781	363	65	48	24166	0	24642
17782	24370	52	49	421	0	24892
17783	26580	56	57	219	0	26912
17784	575	48	42	26515	0	27180
17785	258	52	48	26631	0	26989
17786	117	26750	77	570	0	27514
17787	27316	447	47	277	0	28087
17788	475	27930	70	183	0	28658
17789	27963	505	52	156	0	28676
17790	559	194	27798	112	0	28663
17791	27786	117	457	154	0	28514
17792	28712	83	142	171	0	29108
17793	695	81	79	28017	0	28872
17794	287	91	28153	534	0	29065
17795	157	28305	525	268	0	29255
17796	210	529	164	28565	0	29468
17797	140	213	28639	593	0	29585
17798	187	159	498	28323	0	29167
17799	27952	77	189	661	0	28879
17800	563	108	27846	258	0	28775
17801	227	27427	539	188	0	28381
17802	161	28076	223	156	0	28616
17803	240	645	140	25438	0	26463
17804	137	27554	130	459	0	28280
17805	27492	560	79	268	0	28399
17806	27558	189	75	198	0	28020
17807	27601	141	90	164	0	27996
17808	715	144	26553	127	0	27539
17809	26877	117	513	160	0	27667
17810	642	134	173	26517	0	27466
17811	306	109	116	26846	0	27377
17812	263	106	77	26885	0	27331
17813	233	94	85	26920	0	27332
17814	159	136	26160	738	0	27193
17815	151	128	26173	329	0	26781
17816	145	134	25773	232	0	26284
17817	24985	83	620	255	0	25943
17818	573	25105	256	221	0	26155
17819	324	509	153	25054	0	26040
17820	25113	194	131	621	0	26059
17821	620	25131	137	282	0	26170
17822	265	25616	142	240	0	26263
17823	25327	631	129	172	0	26259
17824	25583	258	104	180	0	26125
17825	695	25302	112	212	0	26321
17826	359	524	105	24094	0	25082
17827	200	24659	122	581	0	25562
17828	24482	577	95	263	0	25417
17829	24659	218	103	220	0	25200
17830	24433	173	95	172	0	24873
17831	735	23598	105	187	0	24625
17832	359	545	80	23680	0	24664
17833	236	244	23510	608	0	24598
17834	243	199	484	23473	0	24399
17835	304	126	166	23887	0	24483
17836	201	172	22950	658	0	23981
17837	22686	109	481	314	0	23590
17838	625	121	200	22720	0	23666
17839	331	110	130	22591	0	23162
17840	215	22180	126	638	0	23159
17841	21970	514	84	309	0	22877
17842	631	238	103	21492	0	22464
17843	268	21394	114	562	0	22338
17844	20635	435	97	296	0	21463
17845	495	20196	116	211	0	21018
17846	19182	438	130	179	0	19929
17847	535	183	18946	148	0	19812
17848	178	127	17198	107	0	17610
17849	132	83	16834	105	0	17154
17850	93	16627	493	109	0	17322
17851	202	407	354	15213	0	16176
17852	124	16032	104	323	0	16583
17853	16030	367	75	147	0	16619
17854	382	163	15985	92	0	16622
17855	15846	101	337	101	0	16385
17856	15989	94	145	87	0	16315
17857	462	97	98	15667	0	16324
17858	15491	86	464	376	0	16417
17859	456	74	70	15905	0	16505
17860	183	90	15900	372	0	16545
17861	15779	87	346	152	0	16364
17862	382	15790	163	109	0	16444
17863	185	333	94	15802	0	16414
17864	15839	134	54	366	0	16393
17865	409	88	51	15803	0	16351
17866	175	99	15475	382	0	16131
17867	166	63	321	15393	0	15943
17868	105	15423	144	363	0	16035
17869	15363	330	79	159	0	15931
17870	390	136	53	15193	0	15772
17871	15168	73	67	378	0	15686
17872	413	53	60	15169	0	15695
17873	181	62	51	15092	0	15386
17874	116	14927	68	408	0	15519
17875	15026	333	42	170	0	15571
17876	360	15226	54	126	0	15766
17877	171	319	53	14249	0	14792
17878	103	14155	50	327	0	14635
17879	14139	317	35	148	0	14639
17880	14067	114	41	124	0	14346
17881	14068	82	39	90	0	14279
17882	383	13402	47	78	0	13910
17883	71	11306	22	44	0	11443
17884	11102	157	30	37	0	11326
17885	156	11300	18	29	0	11503
17886	105	243	44	10641	0	11033
17887	72	42	10511	113	0	10738
17888	9834	33	95	52	0	10014
17889	10004	19	27	33	0	10083
17890	9893	16	10	36	0	9955
17891	95	9874	12	17	0	9998
17892	9557	67	8	29	0	9661
17893	77	37	9829	11	0	9954
17894	41	9715	62	13	0	9831
17895	28	128	35	9188	0	9379
17896	13	9264	7	36	0	9320
17897	8985	29	23	25	0	9062
17898	31	9248	8	7	0	9294
17899	22	28	5	9246	0	9301
17900	6	9349	7	31	0	9393
17901	13	28	4	9568	0	9613
17902	15	16	1	9444	0	9476
17903	12	16	9490	31	0	9549
17904	18	4	22	9379	0	9423
17905	9331	11	12	45	0	9399
17906	9337	7	5	32	0	9381
17907	39	8	4	9464	0	9515
17908	18	17	9404	28	0	9467
17909	18	9	27	9397	0	9451
17910	9392	4	18	49	0	9463
17911	9860	5	8	52	0	9925
17912	10028	6	3	42	0	10079
17913	41	10598	8	12	0	10659
17914	10667	30	8	47	0	10752
17915	34	25	10701	8	0	10768
17916	11493	11	26	52	0	11582
17917	42	8	12	11903	0	11965
17918	30	6	2	11994	0	12032
17919	19	8	4	12034	0	12065
17920	11820	6	4	81	0	11911
17921	11661	7	2	36	0	11706
17922	55	9	4	11689	0	11757
17923	24	20	12028	44	0	12116
17924	19	7	39	12065	0	12130
17925	22	11	10	11992	0	12035
17926	13	20	11983	56	0	12072
17927	16	12106	45	24	0	12191
17928	20	40	11	12377	0	12448
17929	12531	11	10	56	0	12608
17930	54	13	7	12650	0	12724
17931	25	10	5	12776	0	12816
17932	12873	4	8	87	0	12972
17933	46	12934	23	31	0	13034
17934	22	13086	8	26	0	13142
17935	12978	50	4	48	0	13080
17936	49	33	13005	8	0	13095
17937	12736	15	43	44	0	12838
17938	59	17	13749	10	0	13835
17939	18	14055	56	15	0	14144
17940	14149	48	26	38	0	14261
17941	14295	13	13	36	0	14357
17942	14353	9	5	41	0	14408
17943	14453	7	8	36	0	14504
17944	77	20	14516	10	0	14623
17945	33	10	53	14557	0	14653
17946	14771	4	13	77	0	14865
17947	64	11	15244	15	0	15334
17948	23	22	15238	16	0	15299
17949	16	15587	72	12	0	15687
17950	15689	59	26	48	0	15822
17951	79	21	12	15783	0	15895
17952	16023	7	9	108	0	16147
17953	79	16415	20	31	0	16545
17954	34	79	10	17391	0	17514
17955	37	18	5	17540	0	17600
17956	29	11	5	17954	0	17999
17957	16	25	18217	117	0	18375
17958	12	18610	121	32	0	18775
17959	19414	108	21	48	0	19591
17960	154	28	14	19482	0	19678
17961	19463	12	18	185	0	19678
17962	19447	8	12	75	0	19542
17963	182	17	9	19475	0	19683
17964	62	35	19793	144	0	20034
17965	56	7	137	19798	0	19998
17966	31	19909	46	155	0	20141
17967	40	132	20	20207	0	20399
17968	25	43	20152	166	0	20386
17969	20051	14	152	96	0	20313
17970	161	10	39	20424	0	20634
17971	20289	13	36	191	0	20529
17972	165	37	20225	52	0	20479
17973	19713	15	151	85	0	19964
17974	175	30	20337	36	0	20578
17975	19785	10	151	67	0	20013
17976	187	19913	61	50	0	20211
17977	59	20361	52	72	0	20544
17978	64	219	33	20299	0	20615
17979	61	52	23	20096	0	20232
17980	42	29	22	20480	0	20573
17981	20432	21	24	237	0	20714
17982	181	26	24	20636	0	20867
17983	59	45	20680	173	0	20957
17984	20404	18	141	108	0	20671
17985	168	20971	54	62	0	21255
17986	21121	144	27	102	0	21394
17987	21057	36	26	102	0	21221
17988	203	44	21177	45	0	21469
17989	100	29	161	21458	0	21748
17990	75	29	47	22270	0	22421
17991	45	52	22627	201	0	22925
17992	43	22649	193	81	0	22966
17993	22645	170	60	104	0	22979
17994	22846	43	35	91	0	23015
17995	251	38	31	23436	0	23756
17996	119	29	24	23637	0	23809
17997	79	21	37	24523	0	24660
17998	24186	22	34	350	0	24592
17999	264	24705	47	123	0	25139
18000	24847	251	18	122	0	25238
18001	24955	56	30	106	0	25147
18002	339	68	25668	64	0	26139
18003	154	29	302	25481	0	25966
18004	82	26133	78	332	0	26625
18005	119	301	54	26477	0	26951
18006	116	76	38	27267	0	27497
18007	75	63	27445	418	0	28001
18008	27911	37	349	183	0	28480
18009	29739	34	80	161	0	30014
18010	30496	41	61	133	0	30731
18011	566	42	53	29859	0	30520
18012	236	59	52	29941	0	30288
18013	161	29338	67	512	0	30078
18014	111	30245	65	188	0	30609
18015	29880	473	48	205	0	30606
18016	500	29322	83	126	0	30031
18017	163	522	29232	103	0	30020
18018	218	144	431	29592	0	30385
18019	29730	108	100	540	0	30478
18020	509	104	29570	163	0	30346
18021	179	101	29793	141	0	30214
18022	29824	66	524	153	0	30567
18023	29964	68	160	127	0	30319
18024	645	65	119	29448	0	30277
18025	236	86	29400	522	0	30244
18026	219	71	484	29426	0	30200
18027	152	95	29399	550	0	30196
18028	169	98	29600	170	0	30037
18029	152	29444	592	177	0	30365
18030	29507	455	218	173	0	30353
18031	29644	110	173	170	0	30097
18032	586	29272	151	142	0	30151
18033	297	547	116	28920	0	29880
18034	279	131	112	29318	0	29840
18035	229	119	135	29561	0	30044
18036	29074	87	106	681	0	29948
18037	539	28738	123	305	0	29705
18038	28264	466	78	252	0	29060
18039	28262	149	114	195	0	28720
18040	615	151	27591	134	0	28491
18041	275	27557	496	162	0	28490
18042	307	489	167	27869	0	28832
18043	184	175	27937	514	0	28810
18044	27697	157	517	212	0	28583
18045	28100	90	163	230	0	28583
18046	28019	102	159	169	0	28449
18047	27664	92	140	169	0	28065
18048	742	76	100	26931	0	27849
18049	313	104	26573	522	0	27512
18050	338	59	479	26462	0	27338
18051	26395	96	159	574	0	27224
18052	26386	72	131	250	0	26839
18053	636	25672	145	185	0	26638
18054	25164	408	106	167	0	25845
18055	624	154	25135	104	0	26017
18056	266	174	25121	115	0	25676
18057	24474	119	544	164	0	25301
18058	553	24263	228	131	0	25175
18059	293	354	189	23145	0	23981
18060	227	23561	122	396	0	24306
18061	248	423	97	23810	0	24578
18062	229	128	96	24131	0	24584
18063	203	122	103	24633	0	25061
18064	24167	70	94	550	0	24881
18065	24553	81	88	240	0	24962
18066	24352	89	89	207	0	24737
18067	568	115	23968	146	0	24797
18068	24124	83	418	154	0	24779
18069	610	52	156	24406	0	25224
18070	293	65	144	25113	0	25615
18071	260	83	24981	503	0	25827
18072	238	94	423	26039	0	26794
18073	26524	69	143	592	0	27328
18074	542	72	26485	224	0	27323
18075	250	62	488	26594	0	27394
18076	26702	42	150	585	0	27479
18077	26745	61	140	249	0	27195
18078	660	76	26636	200	0	27572
18079	306	105	27078	157	0	27646
18080	284	55	535	27192	0	28066
18081	27485	63	232	550	0	28330
18082	27790	58	178	248	0	28274
18083	666	84	126	26916	0	27792
18084	296	27264	140	524	0	28224
18085	27334	426	126	238	0	28124
18086	584	27375	147	245	0	28351
18087	310	451	110	27514	0	28385
18088	261	131	27172	534	0	28098
18089	223	127	26870	201	0	27421
18090	253	97	26591	181	0	27122
18091	279	75	565	25777	0	26696
18092	261	63	239	26119	0	26682
18093	25558	61	213	560	0	26392
18094	518	25223	163	295	0	26199
18095	25015	362	111	264	0	25752
18096	605	112	128	24257	0	25102
18097	217	24063	137	413	0	24830
18098	201	24589	130	169	0	25089
18099	223	413	86	24188	0	24910
18100	24148	144	95	441	0	24828
18101	422	24052	126	180	0	24780
18102	22976	307	108	190	0	23581
18103	382	23250	113	171	0	23916
18104	22883	336	127	138	0	23484
18105	422	158	22691	92	0	23363
18106	190	148	22216	120	0	22674
18107	170	21820	315	89	0	22394
18108	20393	439	379	137	0	21348
18109	247	19447	99	47	0	19840
18110	93	18865	68	58	0	19084
18111	212	272	78	18574	0	19136
18112	18537	75	86	210	0	18908
18113	193	18671	59	80	0	19003
18114	18267	177	42	86	0	18572
18115	181	18189	43	53	0	18466
18116	17909	163	37	75	0	18184
18117	177	17830	37	24	0	18068
18118	68	17965	49	39	0	18121
18119	85	200	49	17642	0	17976
18120	42	17814	42	124	0	18022
18121	17643	162	18	81	0	17904
18122	138	95	17599	38	0	17870
18123	88	61	118	17638	0	17905
18124	48	88	17789	141	0	18066
18125	68	50	141	17776	0	18035
18126	66	52	48	17851	0	18017
18127	43	52	17201	168	0	17464
18128	16257	45	147	119	0	16568
18129	147	16891	79	52	0	17169
18130	17013	130	42	85	0	17270
18131	162	17167	52	66	0	17447
18132	96	151	32	17193	0	17472
18133	17108	71	31	171	0	17381
18134	17150	63	30	96	0	17339
18135	17223	38	34	93	0	17388
18136	212	47	35	17168	0	17462
18137	111	42	38	17362	0	17553
18138	74	17735	42	174	0	18025
18139	17789	141	25	133	0	18088
18140	17924	54	31	95	0	18104
18141	17890	54	36	90	0	18070
18142	17653	47	26	80	0	17806
18143	206	17329	56	58	0	17649
18144	129	147	29	17335	0	17640
18145	76	89	17280	148	0	17593
18146	17155	54	130	105	0	17444
18147	17674	42	45	89	0	17850
18148	215	71	17685	33	0	18004
18149	111	68	17637	46	0	17862
18150	96	45	179	17968	0	18288
18151	80	50	70	18214	0	18414
18152	89	42	50	18319	0	18500
18153	18243	35	42	238	0	18558
18154	211	33	36	18320	0	18600
18155	102	45	17940	209	0	18296
18156	82	43	156	18137	0	18418
18157	49	67	18402	207	0	18725
18158	79	29	181	18708	0	18997
18159	84	42	77	19975	0	20178
18160	57	51	20396	291	0	20795
18161	19659	31	251	166	0	20107
18162	247	20663	125	95	0	21130
18163	20892	259	61	101	0	21313
18164	342	100	38	21442	0	21922
18165	21596	52	40	372	0	22060
18166	375	22115	61	143	0	22694
18167	147	22979	46	112	0	23284
18168	173	595	49	23571	0	24388
18169	72	223	24457	392	0	25144
18170	67	127	24130	167	0	24491
18171	57	24083	514	120	0	24774
18172	22514	429	240	128	0	23311
18173	375	167	129	22413	0	23084
18174	22276	87	112	405	0	22880
18175	411	22049	104	206	0	22770
18176	200	22544	110	133	0	22987
18177	189	516	68	22342	0	23115
18178	22184	225	66	438	0	22913
18179	22243	160	34	215	0	22652
18180	548	158	21743	113	0	22562
18181	247	153	21449	114	0	21963
18182	21268	90	469	137	0	21964
18183	421	21287	249	100	0	22057
18184	21155	393	162	90	0	21800
18185	536	206	97	20901	0	21740
18186	279	150	20600	385	0	21414
18187	20252	87	386	230	0	20955
18188	460	20267	237	97	0	21061
18189	230	20610	151	90	0	21081
18190	221	515	118	20198	0	21052
18191	20352	225	92	440	0	21109
18192	491	134	87	20443	0	21155
18193	20737	117	98	438	0	21390
18194	469	146	20415	209	0	21239
18195	20305	127	342	157	0	20931
18196	20632	110	148	167	0	21057
18197	618	132	19744	115	0	20609
18198	19608	75	365	147	0	20195
18199	521	19456	228	118	0	20323
18200	356	337	167	18956	0	19816
18201	282	19381	127	308	0	20098
18202	19410	432	133	169	0	20144
18203	535	204	111	18873	0	19723
18204	277	18850	119	418	0	19664
18205	252	403	97	18759	0	19511
18206	193	18945	73	459	0	19670
18207	210	455	62	18995	0	19722
18208	18993	237	65	476	0	19771
18209	486	161	63	19023	0	19733
18210	282	147	18758	458	0	19645
18211	18765	140	358	291	0	19554
18212	511	143	147	18804	0	19605
18213	246	134	18472	487	0	19339
18214	222	132	18232	274	0	18860
18215	216	103	18809	205	0	19333
18216	216	80	555	18660	0	19511
18217	217	73	298	18947	0	19535
18218	204	108	187	18905	0	19404
18219	176	90	170	19016	0	19452
18220	18602	98	166	627	0	19493
18221	18981	70	156	376	0	19583
18222	19134	89	118	296	0	19637
18223	19268	103	106	283	0	19760
18224	650	89	101	18878	0	19718
18225	366	104	19025	544	0	20039
18226	19245	74	385	353	0	20057
18227	19785	106	215	226	0	20332
18228	674	97	154	19421	0	20346
18229	409	80	147	19809	0	20445
18230	19794	70	131	628	0	20623
18231	567	73	123	19330	0	20093
18232	333	19173	148	583	0	20237
18233	19596	351	119	353	0	20419
18234	19796	168	115	265	0	20344
18235	676	125	19755	237	0	20793
18236	449	99	412	19847	0	20807
18237	325	116	224	20185	0	20850
18238	19864	92	172	637	0	20765
18239	20181	89	140	326	0	20736
18240	742	91	94	19956	0	20883
18241	436	85	19843	543	0	20907
18242	322	82	20003	363	0	20770
18243	327	70	478	20052	0	20927
18244	343	106	230	20230	0	20909
18245	19879	85	157	645	0	20766
18246	587	19390	162	358	0	20497
18247	384	19262	149	283	0	20078
18248	274	19662	188	236	0	20360
18249	281	491	187	19228	0	20187
18250	19160	205	151	541	0	20057
18251	19230	154	75	314	0	19773
18252	626	18945	85	252	0	19908
18253	18942	387	59	210	0	19598
18254	556	197	95	18522	0	19370
18255	291	168	18493	450	0	19402
18256	289	122	360	18397	0	19168
18257	304	88	159	18359	0	18910
18258	291	91	114	17946	0	18442
18259	16512	63	82	521	0	17178
18260	375	118	79	15638	0	16210
18261	221	15500	93	407	0	16221
18262	14993	198	169	300	0	15660
18263	300	14537	74	218	0	15129
18264	155	13763	73	165	0	14156
18265	116	14006	74	122	0	14318
18266	140	178	12871	99	0	13288
18267	82	12362	157	107	0	12708
18268	134	122	10871	71	0	11198
18269	9906	62	94	45	0	10107
18270	10113	5	25	22	0	10165
18271	39	15	10425	15	0	10494
18272	10579	11	37	36	0	10663
18273	10885	3	12	34	0	10934
18274	51	15	10949	8	0	11023
18275	17	11310	36	12	0	11375
18276	26	45	21	11369	0	11461
18277	11466	15	12	61	0	11554
18278	46	7	3	11428	0	11484
18279	11899	3	4	80	0	11986
18280	11844	7	9	39	0	11899
18281	46	15	11950	10	0	12021
18282	11938	9	36	24	0	12007
18283	37	12365	24	14	0	12440
18284	12433	33	7	29	0	12502
18285	52	16	4	12559	0	12631
18286	27	22	12587	43	0	12679
18287	23	11	38	12608	0	12680
18288	12663	8	13	55	0	12739
18289	53	12753	10	44	0	12860
18290	23	52	12800	12	0	12887
18291	22	16	44	12732	0	12814
18292	15	15	12845	49	0	12924
18293	8	12895	43	38	0	12984
18294	12924	47	18	31	0	13020
18295	55	15	13	12923	0	13006
18296	27	21	12962	47	0	13057
18297	20	19	12609	19	0	12667
18298	13284	11	59	34	0	13388
18299	75	5	15	13423	0	13518
18300	34	19	11	13517	0	13581
18301	17	19	13629	57	0	13722
18302	20	19	13651	24	0	13714
18303	16	14235	75	21	0	14347
18304	27	55	22	14346	0	14450
18305	30	18	16	14465	0	14529
18306	11	14643	26	71	0	14751
18307	24	66	14630	19	0	14739
18308	14521	24	59	23	0	14627
18309	72	8	21	14940	0	15041
18310	20	32	15114	65	0	15231
18311	30	13	74	14884	0	15001
18312	41	15372	35	72	0	15520
18313	21	82	15516	29	0	15648
18314	15280	30	89	51	0	15450
18315	98	31	15908	20	0	16057
18316	27	29	15969	14	0	16039
18317	22	30	15925	14	0	15991
18318	20	27	16910	13	0	16970
18319	47	15	158	17412	0	17632
18320	11	28	17912	148	0	18099
18321	34	18	178	17563	0	17793
18322	15	17921	48	161	0	18145
18323	18532	153	30	67	0	18782
18324	179	24	22	18818	0	19043
18325	43	39	18747	182	0	19011
18326	29	18789	187	80	0	19085
18327	41	168	50	18883	0	19142
18328	18873	39	49	205	0	19166
18329	169	18913	43	66	0	19191
18330	53	165	32	19156	0	19406
18331	19251	37	29	217	0	19534
18332	165	44	19176	51	0	19436
18333	19124	17	174	73	0	19388
18334	192	38	19420	25	0	19675
18335	18738	19	196	60	0	19013
18336	18885	20	55	51	0	19011
18337	207	31	18662	24	0	18924
18338	63	18410	175	45	0	18693
18339	67	185	80	18297	0	18629
18340	30	62	18580	157	0	18829
18341	62	55	167	18250	0	18534
18342	58	20	48	18453	0	18579
18343	27	42	18387	186	0	18642
18344	36	38	18312	77	0	18463
18345	49	17	205	18494	0	18765
18346	18602	9	76	209	0	18896
18347	176	18509	64	61	0	18810
18348	50	18691	61	57	0	18859
18349	18734	179	33	58	0	19004
18350	19025	51	38	65	0	19179
18351	228	40	40	18894	0	19202
18352	91	31	29	18994	0	19145
18353	61	18	29	19004	0	19112
18354	18726	18	33	260	0	19037
18355	179	18278	49	103	0	18609
18356	55	18650	49	81	0	18835
18357	73	204	35	18746	0	19058
18358	71	54	36	19039	0	19200
18359	61	45	22	19112	0	19240
18360	18972	25	27	281	0	19305
18361	191	19214	36	83	0	19524
18362	19485	199	37	87	0	19808
18363	237	65	19720	49	0	20071
18364	71	20032	212	77	0	20392
18365	73	193	67	20078	0	20411
18366	20012	67	45	269	0	20393
18367	235	63	20085	89	0	20472
18368	89	46	20206	54	0	20395
18369	77	51	255	20251	0	20634
18370	66	44	79	20416	0	20605
18371	71	32	62	20137	0	20302
18372	81	41	43	19665	0	19830
18373	70	35	48	19610	0	19763
18374	46	19189	72	332	0	19639
18375	58	216	40	19367	0	19681
18376	19215	49	51	331	0	19646
18377	222	19368	71	133	0	19794
18378	19393	239	38	138	0	19808
18379	263	82	19006	86	0	19437
18380	100	65	19231	77	0	19473
18381	98	50	280	19750	0	20178
18382	64	60	21692	295	0	22111
18383	87	44	353	21524	0	22008
18384	76	46	117	21812	0	22051
18385	21813	35	87	444	0	22379
18386	21925	37	81	218	0	22261
18387	412	22230	90	129	0	22861
18388	135	22832	78	115	0	23160
18389	141	395	55	22655	0	23246
18390	22788	141	59	436	0	23424
18391	379	110	22856	164	0	23509
18392	159	70	361	22916	0	23506
18393	137	65	130	22966	0	23298
18394	80	67	22717	476	0	23340
18395	81	22628	384	244	0	23337
18396	91	374	132	22750	0	23347
18397	88	117	22735	451	0	23391
18398	103	97	383	22483	0	23066
18399	22111	56	133	480	0	22780
18400	379	21989	128	185	0	22681
18401	126	22276	92	165	0	22659
18402	145	419	81	22030	0	22675
18403	21562	147	68	470	0	22247
18404	387	21535	108	185	0	22215
18405	21489	361	81	208	0	22139
18406	428	147	21332	141	0	22048
18407	144	139	21911	144	0	22338
18408	181	84	437	21426	0	22128
18409	117	92	167	22111	0	22487
18410	21613	77	134	496	0	22320
18411	467	81	81	21737	0	22366
18412	162	109	21280	469	0	22020
18413	171	97	375	21095	0	21738
18414	134	87	121	21403	0	21745
18415	117	78	20559	479	0	21233
18416	19937	55	373	262	0	20627
18417	394	79	145	20220	0	20838
18418	19223	43	117	400	0	19783
18419	318	18331	125	159	0	18933
18420	18050	273	85	180	0	18588
18421	310	17892	87	153	0	18442
18422	118	17998	90	138	0	18344
18423	253	365	144	16941	0	17703
18424	16906	137	145	299	0	17487
18425	16874	116	54	133	0	17177
18426	315	85	51	16626	0	17077
18427	16620	52	50	322	0	17044
18428	16694	64	65	146	0	16969
18429	353	77	49	16542	0	17021
18430	16256	45	44	325	0	16670
18431	327	16188	80	156	0	16751
18432	16253	250	65	136	0	16704
18433	310	107	16239	142	0	16798
18434	16544	73	259	155	0	17031
18435	371	47	89	16631	0	17138
18436	169	41	103	16891	0	17204
18437	135	37	81	16882	0	17135
18438	131	48	57	16967	0	17203
18439	108	42	68	16911	0	17129
18440	101	16089	79	380	0	16649
18441	101	16730	63	207	0	17101
18442	16641	272	47	191	0	17151
18443	309	140	16497	126	0	17072
18444	16452	107	251	109	0	16919
18445	342	102	16582	113	0	17139
18446	178	86	258	16519	0	17041
18447	169	84	83	16824	0	17160
18448	16508	61	71	385	0	17025
18449	366	73	16447	171	0	17057
18450	211	66	244	16634	0	17155
18451	148	59	17049	343	0	17599
18452	151	17422	316	172	0	18061
18453	173	261	96	17827	0	18357
18454	17973	84	87	368	0	18512
18455	17961	86	47	194	0	18288
18456	18225	62	61	159	0	18507
18457	394	17783	89	150	0	18416
18458	184	18209	76	146	0	18615
18459	17756	303	75	170	0	18304
18460	321	17981	74	159	0	18535
18461	154	17936	59	159	0	18308
18462	163	316	17405	140	0	18024
18463	101	17030	254	130	0	17515
18464	91	16940	109	109	0	17249
18465	132	299	103	16721	0	17255
18466	92	166	16812	259	0	17329
18467	92	123	16428	122	0	16765
18468	16268	65	275	132	0	16740
18469	295	75	16599	81	0	17050
18470	16730	54	286	95	0	17165
18471	310	51	113	16827	0	17301
18472	157	16920	105	286	0	17468
18473	17355	225	73	143	0	17796
18474	17891	96	69	156	0	18212
18475	345	73	59	17814	0	18291
18476	200	59	69	17873	0	18201
18477	174	62	52	17861	0	18149
18478	17628	50	57	373	0	18108
18479	17333	50	38	198	0	17619
18480	17674	53	46	154	0	17927
18481	361	16756	40	96	0	17253
18482	14742	109	19	57	0	14927
18483	163	14604	24	32	0	14823
18484	68	14728	17	40	0	14853
18485	88	270	63	14135	0	14556
18486	27	14324	54	112	0	14517
18487	13830	107	31	40	0	14008
18488	123	58	5	13656	0	13842
18489	13492	27	11	111	0	13641
18490	93	13273	14	36	0	13416
18491	37	13631	17	32	0	13717
18492	13936	84	17	47	0	14084
18493	98	14254	20	27	0	14399
18494	51	98	20	14372	0	14541
18495	43	33	37	14515	0	14628
18496	14592	23	13	130	0	14758
18497	125	12	10	14768	0	14915
18498	37	31	15073	114	0	15255
18499	46	17	105	15218	0	15386
18500	15525	23	20	143	0	15711
18501	128	15893	26	45	0	16092
18502	16384	124	10	61	0	16579
18503	16439	24	13	53	0	16529
18504	16526	20	10	60	0	16616
18505	177	33	16411	24	0	16645
18506	61	32	16126	18	0	16237
18507	15787	14	132	36	0	15969
18508	142	16088	49	37	0	16316
18509	52	130	18	16125	0	16325
18510	41	39	19	16128	0	16227
18511	27	15790	33	144	0	15994
18512	30	16031	23	39	0	16123
18513	36	141	15	16091	0	16283
18514	44	42	11	16180	0	16277
18515	27	44	15904	148	0	16123
18516	38	41	15525	51	0	15655
18517	15825	24	144	63	0	16056
18518	16267	24	40	56	0	16387
18519	165	24	30	16177	0	16396
18520	62	38	16164	145	0	16409
18521	58	27	138	16116	0	16339
18522	16050	16	28	196	0	16290
18523	145	33	16096	58	0	16332
18524	59	29	147	16247	0	16482
18525	44	42	16283	144	0	16513
18526	37	16181	164	76	0	16458
18527	39	149	16219	43	0	16450
18528	59	46	172	16207	0	16484
18529	16174	30	52	178	0	16434
18530	170	26	40	16435	0	16671
18531	16502	16	23	200	0	16741
18532	16593	14	35	94	0	16736
18533	16304	16	30	67	0	16417
18534	191	26	16083	39	0	16339
18535	16188	19	137	51	0	16395
18536	196	20	39	16249	0	16504
18537	68	17	34	16367	0	16486
18538	50	46	16216	157	0	16469
18539	54	29	139	16365	0	16587
18540	16423	8	48	193	0	16672
18541	146	16534	45	71	0	16796
18542	16866	127	31	75	0	17099
18543	17048	29	24	83	0	17184
18544	17269	26	23	63	0	17381
18545	208	20	26	17177	0	17431
18546	73	30	17345	163	0	17611
18547	82	19	153	17633	0	17887
18548	76	18	33	17834	0	17961
18549	17663	7	32	222	0	17924
18550	17379	18	32	96	0	17525
18551	187	26	17021	53	0	17287
18552	96	38	147	17035	0	17316
18553	71	26	17141	184	0	17422
18554	17395	16	188	81	0	17680
18555	210	18404	62	78	0	18754
18556	18575	194	57	65	0	18891
18557	253	18876	53	59	0	19241
18558	18862	220	36	58	0	19176
18559	270	18940	33	40	0	19283
18560	119	233	29	18947	0	19328
18561	119	57	24	19308	0	19508
18562	19236	62	22	265	0	19585
18563	19288	35	21	130	0	19474
18564	19233	31	38	97	0	19399
18565	19024	31	19	82	0	19156
18566	18969	27	32	64	0	19092
18567	344	26	19	18630	0	19019
18568	143	18586	36	238	0	19003
18569	158	215	23	18315	0	18711
18570	86	18298	32	256	0	18672
18571	99	236	16	18005	0	18356
18572	74	18035	24	255	0	18388
18573	106	235	15	17868	0	18224
18574	73	76	17371	264	0	17784
18575	16982	63	197	107	0	17349
18576	239	17255	57	100	0	17651
18577	17239	212	53	80	0	17584
18578	271	70	17173	62	0	17576
18579	17006	72	200	83	0	17361
18580	295	75	17628	49	0	18047
18581	133	65	247	17688	0	18133
18582	100	18573	73	271	0	19017
18583	81	273	18634	62	0	19050
18584	103	89	259	18602	0	19053
18585	18434	89	103	296	0	18922
18586	312	42	80	18624	0	19058
18587	140	51	61	18760	0	19012
18588	157	26	41	18907	0	19131
18589	102	56	18591	365	0	19114
18590	128	26	250	18420	0	18824
18591	67	18238	100	344	0	18749
18592	121	217	73	17985	0	18396
18593	86	73	55	18014	0	18228
18594	17756	67	38	362	0	18223
18595	291	75	36	17998	0	18400
18596	119	45	18074	335	0	18573
18597	101	60	17884	168	0	18213
18598	87	54	17688	139	0	17968
18599	55	17571	343	110	0	18079
18600	17168	252	257	107	0	17784
18601	240	16984	127	92	0	17443
18602	16681	256	110	76	0	17123
18603	331	99	50	16560	0	17040
18604	142	95	16737	238	0	17212
18605	123	74	16563	103	0	16863
18606	88	16947	301	116	0	17452
18607	107	255	141	16865	0	17368
18608	95	110	111	16992	0	17308
18609	85	93	69	17117	0	17364
18610	58	82	16867	377	0	17384
18611	16391	47	259	241	0	16938
18612	274	56	16899	166	0	17395
18613	168	44	318	16845	0	17375
18614	153	53	130	17191	0	17527
18615	108	57	16983	368	0	17516
18616	16551	52	278	229	0	17110
18617	288	17009	131	186	0	17614
18618	17004	243	120	136	0	17503
18619	369	108	72	16838	0	17387
18620	140	16974	92	306	0	17512
18621	146	268	75	17134	0	17623
18622	17101	113	66	384	0	17664
18623	322	96	78	17015	0	17511
18624	146	87	16690	358	0	17281
18625	16546	65	263	188	0	17062
18626	16762	59	119	178	0	17118
18627	360	63	16539	130	0	17092
18628	213	53	287	16535	0	17088
18629	16751	47	156	327	0	17281
18630	351	50	124	16462	0	16987
18631	188	66	83	16328	0	16665
18632	167	48	76	16382	0	16673
18633	144	43	64	16323	0	16574
18634	92	61	15881	462	0	16496
18635	109	45	282	15983	0	16419
18636	81	40	15844	419	0	16384
18637	15709	42	331	237	0	16319
18638	15896	32	163	215	0	16306
18639	15745	41	154	166	0	16106
18640	15802	29	99	143	0	16073
18641	448	46	87	15293	0	15874
18642	15087	35	81	326	0	15529
18643	380	34	14793	201	0	15408
18644	189	47	14663	172	0	15071
18645	14192	35	311	170	0	14708
18646	300	13993	179	151	0	14623
18647	150	13780	144	138	0	14212
18648	152	280	145	13634	0	14211
18649	127	135	13612	289	0	14163
18650	13245	103	268	174	0	13790
18651	296	77	13466	140	0	13979
18652	138	12792	276	146	0	13352
18653	172	192	12604	96	0	13064
18654	118	11904	237	97	0	12356
18655	10813	267	249	105	0	11434
18656	185	10605	105	94	0	10989
18657	107	10240	70	77	0	10494
18658	122	194	60	10142	0	10518
18659	69	95	10066	175	0	10405
18660	65	81	154	9927	0	10227
18661	60	53	80	9994	0	10187
18662	44	58	9798	231	0	10131
18663	70	22	166	9735	0	9993
18664	57	9721	105	207	0	10090
18665	77	137	93	9924	0	10231
18666	9942	65	61	215	0	10283
18667	193	55	68	10015	0	10331
18668	99	45	9997	210	0	10351
18669	102	36	157	10184	0	10479
18670	80	39	10139	207	0	10465
18671	10124	44	180	125	0	10473
18672	170	47	96	10252	0	10565
18673	10248	29	83	217	0	10577
18674	190	35	10339	104	0	10668
18675	10008	32	177	101	0	10318
18676	193	10321	93	73	0	10680
18677	96	150	10308	66	0	10620
18678	110	194	174	9989	0	10467
18679	77	64	10248	151	0	10540
18680	50	9593	179	99	0	9921
18681	62	9720	101	69	0	9952
18682	8724	130	59	56	0	8969
18683	120	8954	44	44	0	9162
18684	8949	120	38	44	0	9151
18685	139	52	40	9020	0	9251
18686	60	29	9002	127	0	9218
18687	38	9138	125	53	0	9354
18688	56	135	57	9076	0	9324
18689	23	46	33	9410	0	9512
18690	41	25	30	9510	0	9606
18691	41	31	28	9347	0	9447
18692	31	9054	33	162	0	9280
18693	19	9222	36	77	0	9354
18694	8928	120	37	44	0	9129
18695	109	8786	24	26	0	8945
18696	40	113	26	8490	0	8669
18697	27	36	8486	104	0	8653
18698	24	8406	99	45	0	8574
18699	31	97	40	8296	0	8464
18700	24	53	24	8352	0	8453
18701	10	8315	25	105	0	8455
18702	8162	81	19	48	0	8310
18703	80	32	8263	39	0	8414
18704	7887	27	77	31	0	8022
18705	85	8121	43	16	0	8265
18706	7747	69	19	17	0	7852
18707	74	7937	14	20	0	8045
18708	32	76	18	8195	0	8321
18709	19	31	9	8264	0	8323
18710	8172	16	4	116	0	8308
18711	80	15	9	8227	0	8331
18712	24	25	8157	92	0	8298
18713	18	8025	73	30	0	8146
18714	15	8088	22	15	0	8140
18715	22	91	17	7981	0	8111
18716	12	37	8049	80	0	8178
18717	14	28	76	7914	0	8032
18718	19	13	18	7960	0	8010
18719	3	17	7846	98	0	7964
18720	9	16	7702	34	0	7761
18721	7	7866	80	23	0	7976
18722	7840	72	29	29	0	7970
18723	81	20	11	7802	0	7914
18724	24	7715	18	73	0	7830
18725	7823	86	6	29	0	7944
18726	75	32	10	7835	0	7952
18727	29	15	8	7828	0	7880
18728	8	7758	15	98	0	7879
18729	20	69	3	7687	0	7779
18730	7731	26	10	103	0	7870
18731	81	12	14	7809	0	7916
18732	28	24	8	7874	0	7934
18733	19	15	7792	101	0	7927
18734	19	18	7527	36	0	7600
18735	7669	8	94	38	0	7809
18736	83	21	26	7653	0	7783
18737	39	5	16	7690	0	7750
18738	16	16	12	7745	0	7789
18739	12	18	7643	104	0	7777
18740	7595	13	71	51	0	7730
18741	87	12	24	7619	0	7742
18742	33	7	17	7704	0	7761
18743	7571	12	12	119	0	7714
18744	84	7493	13	84	0	7674
18745	28	79	7557	32	0	7696
18746	12	26	80	7420	0	7538
18747	20	7486	32	74	0	7612
18748	13	82	10	7565	0	7670
18749	7472	23	18	109	0	7622
18750	92	22	8	7442	0	7564
18751	7344	21	16	103	0	7484
18752	7333	13	14	53	0	7413
18753	105	22	18	7261	0	7406
18754	39	7181	15	101	0	7336
18755	28	7345	10	48	0	7431
18756	13	99	7291	41	0	7444
18757	18	33	88	7195	0	7334
18758	20	20	28	7360	0	7428
18759	19	17	17	7331	0	7384
18760	7217	9	16	131	0	7373
18761	90	17	10	7252	0	7369
18762	33	17	7310	101	0	7461
18763	7294	20	71	49	0	7434
18764	93	13	27	7527	0	7660
18765	35	10	14	7645	0	7704
18766	23	22	7566	109	0	7720
18767	7464	14	76	60	0	7614
18768	84	12	32	7633	0	7761
18769	30	18	7725	103	0	7876
18770	20	15	82	7715	0	7832
18771	36	11	29	7478	0	7554
18772	20	7766	26	96	0	7908
18773	7664	70	18	58	0	7810
18774	7543	22	17	36	0	7618
18775	93	7459	14	32	0	7598
18776	7318	73	12	42	0	7445
18777	7251	23	14	37	0	7325
18778	93	17	11	7270	0	7391
18779	32	11	7134	88	0	7265
18780	32	22	7059	30	0	7143
18781	20	14	7028	31	0	7093
18782	22	11	7231	30	0	7294
18783	26	51	89	6934	0	7100
18784	16	9	33	7257	0	7315
18785	21	6	16	7168	0	7211
18786	21	0	11	7373	0	7405
18787	7332	8	10	95	0	7445
18788	65	7520	15	42	0	7642
18789	7594	57	14	34	0	7699
18790	82	21	7653	20	0	7776
18791	33	16	7925	21	0	7995
18792	38	44	90	8077	0	8249
18793	8120	10	69	93	0	8292
18794	7982	7	30	44	0	8063
18795	104	8013	22	29	0	8168
18796	34	8079	20	23	0	8156
18797	30	91	16	8058	0	8195
18798	8050	25	12	96	0	8183
18799	77	8060	12	36	0	8185
18800	8057	76	6	30	0	8169
18801	8131	28	5	24	0	8188
18802	8091	17	9	25	0	8142
18803	102	12	8023	10	0	8147
18804	41	8056	68	11	0	8176
18805	7909	66	32	23	0	8030
18806	7890	24	20	31	0	7965
18807	93	7641	16	10	0	7760
18808	29	7436	7	9	0	7481
18809	7452	64	6	12	0	7534
18810	64	27	5	7455	0	7551
18811	30	20	7485	54	0	7589
18812	7387	13	55	25	0	7480
18813	63	17	18	7574	0	7672
18814	32	7762	15	80	0	7889
18815	25	51	9	7894	0	7979
18816	15	30	7963	62	0	8070
18817	18	15	59	7974	0	8066
18818	8193	11	22	76	0	8302
18819	69	10	9	8262	0	8350
18820	34	9	9	8354	0	8406
18821	18	20	8616	71	0	8725
18822	18	12	50	8511	0	8591
18823	17	8626	22	65	0	8730
18824	8665	50	12	45	0	8772
18825	8527	22	13	28	0	8590
18826	80	22	8664	13	0	8779
18827	46	10	52	8572	0	8680
18828	25	8388	26	229	0	8668
18829	15	8710	22	28	0	8775
18830	8659	67	14	27	0	8767
18831	71	30	6	8828	0	8935
18832	32	27	8773	57	0	8889
18833	20	27	8702	27	0	8776
18834	19	11	68	8834	0	8932
18835	8780	4	35	71	0	8890
18836	8774	4	16	48	0	8842
18837	86	12	14	8990	0	9102
18838	34	18	9074	66	0	9192
18839	24	9113	62	38	0	9237
18840	9110	56	27	31	0	9224
18841	59	9221	23	27	0	9330
18842	9226	65	17	24	0	9332
18843	76	29	8	9241	0	9354
18844	45	19	9251	66	0	9381
18845	34	16	58	9227	0	9335
18846	9273	16	23	82	0	9394
18847	69	14	9341	38	0	9462
18848	36	9374	61	27	0	9498
18849	34	60	27	9453	0	9574
18850	9455	26	19	80	0	9580
18851	74	18	9511	31	0	9634
18852	42	10	69	9665	0	9786
18853	38	19	24	9725	0	9806
18854	23	18	9797	82	0	9920
18855	28	13	61	9770	0	9872
18856	25	12	9786	74	0	9897
18857	9721	11	69	52	0	9853
18858	68	10	42	10291	0	10411
18859	42	22	10854	76	0	10994
18860	33	11061	80	63	0	11237
18861	11401	71	26	53	0	11551
18862	12144	34	60	37	0	12275
18863	129	27	20	13198	0	13374
18864	48	13499	22	123	0	13692
18865	13627	132	21	52	0	13832
18866	165	42	11	13605	0	13823
18867	56	34	13605	134	0	13829
18868	13301	26	130	70	0	13527
18869	143	13400	41	36	0	13620
18870	73	120	28	13418	0	13639
18871	13401	40	24	158	0	13623
18872	148	31	13269	48	0	13496
18873	61	35	13434	38	0	13568
18874	43	28	150	13374	0	13595
18875	33	24	13599	141	0	13797
18876	49	15	147	13499	0	13710
18877	24	13571	80	158	0	13833
18878	35	132	41	13829	0	14037
18879	13676	38	34	185	0	13933
18880	136	37	13634	74	0	13881
18881	44	13714	144	78	0	13980
18882	54	125	49	13592	0	13820
18883	37	65	13886	142	0	14130
18884	48	54	126	13470	0	13698
18885	26	13644	66	139	0	13875
18886	23	13866	42	48	0	13979
18887	13503	133	26	67	0	13729
18888	107	13701	36	43	0	13887
18889	42	123	13381	36	0	13582
18890	12726	65	133	46	0	12970
18891	106	47	13252	22	0	13427
18892	62	30	108	12919	0	13119
18893	31	45	13265	105	0	13446
18894	22	13367	128	44	0	13561
18895	40	100	42	13416	0	13598
18896	29	44	35	13367	0	13475
18897	33	21	34	13260	0	13348
18898	22	25	13243	134	0	13424
18899	21	25	104	13227	0	13377
18900	21	29	33	13404	0	13487
18901	13200	24	28	156	0	13408
18902	13275	20	26	98	0	13419
18903	121	25	13353	42	0	13541
18904	47	13250	123	37	0	13457
18905	32	117	13411	25	0	13585
18906	38	36	110	13503	0	13687
18907	29	39	13723	116	0	13907
18908	45	17	125	13674	0	13861
18909	37	29	53	13873	0	13992
18910	13	28	13829	136	0	14006
18911	13133	18	112	106	0	13369
18912	99	14060	68	65	0	14292
18913	46	103	43	14049	0	14241
18914	29	52	14299	131	0	14511
18915	28	41	13959	49	0	14077
18916	13767	22	120	94	0	14003
18917	104	14205	72	35	0	14416
18918	46	104	37	14156	0	14343
18919	14416	29	39	154	0	14638
18920	125	24	32	14521	0	14702
18921	65	22	27	14743	0	14857
18922	28	36	14821	137	0	15022
18923	14376	22	112	103	0	14613
18924	14944	19	49	92	0	15104
18925	157	25	44	14987	0	15213
18926	15001	23	33	166	0	15223
18927	146	18	40	15080	0	15284
18928	59	14992	52	164	0	15267
18929	51	15497	67	78	0	15693
18930	64	149	35	15633	0	15881
18931	15416	52	41	194	0	15703
18932	139	27	19	15575	0	15760
18933	15751	27	33	192	0	16003
18934	15877	33	28	99	0	16037
18935	180	18	21	15984	0	16203
18936	98	27	26	16321	0	16472
18937	62	21	16167	188	0	16438
18938	63	37	16412	82	0	16594
18939	63	22	168	16590	0	16843
18940	45	32	17390	188	0	17655
18941	17382	19	188	97	0	17686
18942	169	28	60	18454	0	18711
18943	60	50	19182	194	0	19486
18944	19240	20	199	131	0	19590
18945	20407	12	84	97	0	20600
18946	291	21461	75	63	0	21890
18947	174	203	37	22078	0	22492
18948	102	101	22588	224	0	23015
18949	22739	59	229	160	0	23187
18950	23270	34	105	126	0	23535
18951	311	47	23580	68	0	24006
18952	23751	24	247	83	0	24105
18953	309	27	119	23692	0	24147
18954	154	17	73	23937	0	24181
18955	23808	12	70	338	0	24228
18956	23828	8	54	181	0	24071
18957	369	112	48	23657	0	24186
18958	195	39	23724	266	0	24224
18959	114	23094	244	162	0	23614
18960	112	210	23063	86	0	23471
18961	93	119	22871	70	0	23153
18962	69	22167	338	83	0	22657
18963	175	203	251	20616	0	21245
18964	87	80	99	20716	0	20982
18965	42	68	20550	212	0	20872
18966	77	32	174	20529	0	20812
18967	20559	25	88	250	0	20922
18968	184	42	20733	128	0	21087
18969	20778	15	190	133	0	21116
18970	21100	20	119	110	0	21349
18971	21273	13	73	90	0	21449
18972	315	46	20919	51	0	21331
18973	172	60	20964	52	0	21248
18974	147	32	228	20948	0	21355
18975	115	33	142	20614	0	20904
18976	79	21059	119	226	0	21483
18977	21073	150	76	156	0	21455
18978	21035	71	80	119	0	21305
18979	248	21128	80	78	0	21534
18980	21186	159	49	120	0	21514
18981	230	21055	62	107	0	21454
18982	21312	181	41	98	0	21632
18983	276	92	47	20898	0	21313
18984	143	82	21030	186	0	21441
18985	107	69	20870	100	0	21146
18986	92	50	257	20849	0	21248
18987	106	41	146	21028	0	21321
18988	72	42	20736	248	0	21098
18989	101	39	209	20623	0	20972
18990	95	32	135	20896	0	21158
18991	20658	21	88	326	0	21093
18992	20773	27	74	189	0	21063
18993	20579	30	67	134	0	20810
18994	293	54	20300	87	0	20734
18995	182	20446	209	76	0	20913
18996	170	160	109	20636	0	21075
18997	130	99	20942	173	0	21344
18998	95	21016	234	109	0	21454
18999	21183	172	136	113	0	21604
19000	232	93	94	21265	0	21684
19001	144	56	68	21481	0	21749
19002	21313	43	72	296	0	21724
19003	251	59	57	21380	0	21747
19004	202	35	43	21577	0	21857
19005	21577	33	54	320	0	21984
19006	253	68	21281	155	0	21757
19007	146	21216	215	167	0	21744
19008	21355	180	120	158	0	21813
19009	256	108	21635	82	0	22081
19010	21452	56	213	135	0	21856
19011	248	21937	157	99	0	22441
19012	21746	188	111	133	0	22178
19013	21735	104	71	161	0	22071
19014	21372	59	65	149	0	21645
19015	339	57	75	21115	0	21586
19016	217	101	60	21127	0	21505
19017	144	21015	80	294	0	21533
19018	144	21133	91	174	0	21542
19019	119	21204	66	137	0	21526
19020	20981	213	61	141	0	21396
19021	220	138	20732	102	0	21192
19022	153	87	182	20669	0	21091
19023	127	70	102	20711	0	21010
19024	85	20715	108	250	0	21158
19025	140	201	56	20754	0	21151
19026	133	103	72	20688	0	20996
19027	106	20884	81	273	0	21344
19028	20736	173	79	219	0	21207
19029	206	20939	71	123	0	21339
19030	116	213	20713	96	0	21138
19031	20529	97	171	128	0	20925
19032	213	20918	116	105	0	21352
19033	20686	171	71	114	0	21042
19034	229	104	57	20686	0	21076
19035	172	74	58	20615	0	20919
19036	118	85	20485	214	0	20902
19037	113	92	20426	115	0	20746
19038	115	101	205	20450	0	20871
19039	20466	45	108	254	0	20873
19040	20226	35	65	140	0	20466
19041	256	21082	72	77	0	21487
19042	114	20737	52	69	0	20972
19043	70	20527	39	32	0	20668
19044	269	449	169	19752	0	20639
19045	19624	82	231	328	0	20265
19046	19767	34	10	80	0	19891
19047	19663	17	9	97	0	19786
19048	314	37	19266	16	0	19633
19049	91	21979	279	22	0	22371
19050	84	291	56	23555	0	23986
19051	23607	53	52	398	0	24110
19052	422	58	13	23748	0	24241
19053	131	21	11	24692	0	24855
19054	24509	18	12	507	0	25046
19055	25627	23	13	187	0	25850
19056	504	58	25615	81	0	26258
19057	203	17	415	25670	0	26305
19058	107	43	25430	446	0	26026
19059	104	25	479	25415	0	26023
19060	56	49	25284	510	0	25899
19061	92	39	500	25163	0	25794
19062	24895	29	111	570	0	25605
19063	450	24862	122	161	0	25595
19064	131	25750	69	137	0	26087
19065	173	527	41	24188	0	24929
19066	48	25768	74	409	0	26299
19067	25683	506	36	157	0	26382
19068	25669	112	41	142	0	25964
19069	554	126	25198	69	0	25947
19070	184	25160	486	88	0	25918
19071	178	450	109	25287	0	26024
19072	68	139	25268	469	0	25944
19073	25150	124	466	170	0	25910
19074	552	79	112	25319	0	26062
19075	141	88	25483	483	0	26195
19076	184	61	459	25387	0	26091
19077	25363	55	123	595	0	26136
19078	504	79	25234	152	0	25969
19079	25065	46	473	172	0	25756
19080	25628	49	128	130	0	25935
19081	637	45	124	25041	0	25847
19082	212	81	25023	479	0	25795
19083	146	89	24953	167	0	25355
19084	24680	43	540	198	0	25461
19085	25142	27	208	146	0	25523
19086	617	61	24830	94	0	25602
19087	306	46	489	24791	0	25632
19088	246	55	159	24669	0	25129
19089	112	24925	163	556	0	25756
19090	176	446	88	24942	0	25652
19091	24850	106	98	583	0	25637
19092	602	96	82	24819	0	25599
19093	206	69	24634	579	0	25488
19094	24417	53	497	224	0	25191
19095	578	59	173	24382	0	25192
19096	197	88	24299	534	0	25118
19097	182	23786	559	195	0	24722
19098	23592	458	153	222	0	24425
19099	514	23806	184	171	0	24675
19100	23639	506	113	197	0	24455
19101	607	152	23468	144	0	24371
19102	209	23016	517	180	0	23922
19103	196	23620	180	132	0	24128
19104	211	542	159	23014	0	23926
19105	208	186	107	23324	0	23825
19106	131	154	22908	612	0	23805
19107	187	89	532	22854	0	23662
19108	22703	67	184	640	0	23594
19109	552	94	22331	211	0	23188
19110	245	86	530	22284	0	23145
19111	193	106	22107	549	0	22955
19112	21786	99	574	232	0	22691
19113	529	22060	207	237	0	23033
19114	22134	487	196	193	0	23010
19115	22660	162	129	194	0	23145
19116	22779	133	116	186	0	23214
19117	699	124	21952	146	0	22921
19118	306	21939	557	173	0	22975
19119	284	493	198	21969	0	22944
19120	205	155	187	22847	0	23394
19121	22879	132	141	645	0	23797
19122	680	92	131	22993	0	23896
19123	23153	77	133	683	0	24046
19124	23442	84	138	269	0	23933
19125	23496	70	140	232	0	23938
19126	23489	97	126	164	0	23876
19127	826	95	107	22588	0	23616
19128	22607	71	110	629	0	23417
19129	729	95	21977	239	0	23040
19130	22033	73	565	234	0	22905
19131	22574	72	185	170	0	23001
19132	750	110	21830	158	0	22848
19133	21947	65	561	145	0	22718
19134	22437	61	192	160	0	22850
19135	787	58	185	21632	0	22662
19136	428	78	126	21877	0	22509
19137	21342	58	104	665	0	22169
19138	727	61	114	20904	0	21806
19139	372	45	120	20681	0	21218
19140	269	19632	131	612	0	20644
19141	244	341	105	18605	0	19295
19142	18191	77	101	520	0	18889
19143	537	80	82	17836	0	18535
19144	257	48	84	17331	0	17720
19145	199	16605	103	457	0	17364
19146	215	294	67	15939	0	16515
19147	245	91	67	15705	0	16108
19148	15075	81	76	394	0	15626
19149	333	183	30	11651	0	12197
19150	93	40	10335	218	0	10686
19151	73	9736	143	107	0	10059
19152	52	9508	61	66	0	9687
19153	8970	142	90	63	0	9265
19154	140	8965	37	53	0	9195
19155	7957	103	112	30	0	8202
19156	119	7911	23	31	0	8084
19157	8028	93	37	20	0	8178
19158	134	37	2	8189	0	8362
19159	59	36	5	8260	0	8360
19160	48	8219	12	117	0	8396
19161	47	118	8	8299	0	8472
19162	34	33	8376	126	0	8569
19163	8131	29	85	57	0	8302
19164	109	8407	32	44	0	8592
19165	8190	90	21	50	0	8351
19166	8220	33	13	44	0	8310
19167	8259	31	11	24	0	8325
19168	145	17	11	8134	0	8307
19169	79	12	18	8123	0	8232
19170	56	8146	10	123	0	8335
19171	8154	102	5	74	0	8335
19172	128	8158	9	36	0	8331
19173	8145	101	11	38	0	8295
19174	133	43	8206	25	0	8407
19175	8397	31	93	37	0	8558
19176	149	16	31	8448	0	8644
19177	67	29	8454	118	0	8668
19178	48	17	8499	48	0	8612
19179	36	23	143	8494	0	8696
19180	37	22	8497	129	0	8685
19181	52	18	143	8392	0	8605
19182	8176	7	57	154	0	8394
19183	127	17	32	8217	0	8393
19184	54	26	8138	145	0	8363
19185	45	8027	120	81	0	8273
19186	40	8098	56	48	0	8242
19187	51	140	51	7858	0	8100
19188	7904	60	49	142	0	8155
19189	152	41	11	7888	0	8092
19190	85	20	20	8001	0	8126
19191	59	18	15	8092	0	8184
19192	50	20	13	8156	0	8239
19193	27	29	8042	183	0	8281
19194	42	15	8016	88	0	8161
19195	7997	14	137	57	0	8205
19196	8104	19	64	59	0	8246
19197	159	10	39	8091	0	8299
19198	92	12	22	8175	0	8301
19199	58	12	8075	170	0	8315
19200	38	8073	128	85	0	8324
19201	8059	113	55	61	0	8288
19202	8142	42	29	49	0	8262
19203	164	28	24	8060	0	8276
19204	74	24	8130	147	0	8375
19205	60	18	109	8078	0	8265
19206	43	8120	61	144	0	8368
19207	34	116	8143	77	0	8370
19208	8090	47	113	63	0	8313
19209	134	35	53	8214	0	8436
19210	8229	24	37	152	0	8442
19211	149	17	8067	70	0	8303
19212	8119	15	113	65	0	8312
19213	145	19	56	8079	0	8299
19214	8019	22	45	135	0	8221
19215	153	20	26	7825	0	8024
19216	67	7662	25	145	0	7899
19217	60	7806	26	66	0	7958
19218	58	168	31	7565	0	7822
19219	26	50	7465	117	0	7658
19220	22	7262	89	67	0	7440
19221	81	112	61	6707	0	6961
19222	6560	28	56	98	0	6742
19223	6537	25	10	50	0	6622
19224	107	13	8	6488	0	6616
19225	62	5	10	6485	0	6562
19226	34	6345	17	99	0	6495
19227	19	6472	13	56	0	6560
19228	6457	96	11	51	0	6615
19229	89	44	12	6390	0	6535
19230	44	30	7	6470	0	6551
19231	29	20	6437	113	0	6599
19232	20	9	75	6410	0	6514
19233	20	8	36	6389	0	6453
19234	26	8	26	6414	0	6474
19235	18	11	6443	130	0	6602
19236	24	6	82	6493	0	6605
19237	6429	9	35	111	0	6584
19238	75	13	6346	66	0	6500
19239	6615	8	81	52	0	6756
19240	95	14	38	6698	0	6845
19241	46	19	26	6910	0	7001
19242	37	8	18	7062	0	7125
19243	24	10	6932	129	0	7095
19244	6836	3	85	76	0	7000
19245	89	7165	44	43	0	7341
19246	7140	70	25	40	0	7275
19247	96	7220	12	31	0	7359
19248	52	87	13	7260	0	7412
19249	7267	33	14	106	0	7420
19250	91	30	7195	52	0	7368
19251	7057	16	79	38	0	7190
19252	100	19	7283	23	0	7425
19253	45	25	92	7170	0	7332
19254	33	8	7161	87	0	7289
19255	22	7069	88	47	0	7226
19256	59	100	63	6716	0	6938
19257	6526	34	46	113	0	6719
19258	59	21	18	6346	0	6444
19259	34	6309	12	71	0	6426
19260	33	54	10	6323	0	6420
19261	6299	23	4	76	0	6402
19262	6180	20	7	49	0	6256
19263	84	6189	15	31	0	6319
19264	36	6018	8	22	0	6084
19265	31	72	18	5981	0	6102
19266	21	26	13	6026	0	6086
19267	6017	20	5	78	0	6120
19268	6009	9	6	45	0	6069
19269	72	6017	8	22	0	6119
19270	39	63	5	5857	0	5964
19271	33	29	7	5896	0	5965
19272	11	19	5920	69	0	6019
19273	12	5866	54	43	0	5975
19274	9	5826	21	36	0	5892
19275	12	57	13	5748	0	5830
19276	11	23	5739	39	0	5812
19277	4	19	5751	15	0	5789
19278	14	14	45	5765	0	5838
19279	10	8	19	5813	0	5850
19280	6	5	5817	48	0	5876
19281	9	1	42	5927	0	5979
19282	4	7	5953	59	0	6023
19283	6074	44	54	28	0	6200
19284	59	2	17	6178	0	6256
19285	22	7	6289	64	0	6382
19286	14	7	6368	27	0	6416
19287	12	8	79	6751	0	6850
19288	4	11	7084	74	0	7173
19289	10	7	7292	25	0	7334
19290	5	7218	95	26	0	7344
19291	7284	64	39	23	0	7410
19292	75	26	7471	11	0	7583
19293	26	18	88	7465	0	7597
19294	28	7	27	7582	0	7644
19295	19	3	24	7639	0	7685
19296	11	9	7514	114	0	7648
19297	14	13	80	7448	0	7555
19298	7411	10	34	105	0	7560
19299	85	7	29	7336	0	7457
19300	31	5	7349	101	0	7486
19301	25	9	75	7365	0	7474
19302	7398	7	29	114	0	7548
19303	7502	6	27	54	0	7589
19304	7430	5	20	44	0	7499
19305	120	6	16	7397	0	7539
19306	7426	3	12	102	0	7543
19307	7449	4	18	43	0	7514
19308	7433	2	16	56	0	7507
19309	112	7223	22	26	0	7383
19310	7318	66	15	23	0	7422
19311	124	20	16	7253	0	7413
19312	45	23	7244	92	0	7404
19313	40	7228	82	36	0	7386
19314	7279	71	29	48	0	7427
19315	102	24	22	7297	0	7445
19316	54	20	11	7264	0	7349
19317	39	7179	16	95	0	7329
19318	18	7355	14	56	0	7443
19319	7110	87	15	31	0	7243
19320	81	7157	21	26	0	7285
19321	7006	82	13	20	0	7121
19322	92	7050	14	20	0	7176
19323	7045	80	13	32	0	7170
19324	87	7108	13	23	0	7231
19325	33	7285	12	26	0	7356
19326	7288	95	9	21	0	7413
19327	88	43	7235	22	0	7388
19328	39	7229	79	16	0	7363
19329	46	93	25	7217	0	7381
19330	31	31	23	7354	0	7439
19331	25	33	13	7329	0	7400
19332	38	18	7	7413	0	7476
19333	19	17	7411	122	0	7569
19334	7398	17	85	57	0	7557
19335	100	18	31	7510	0	7659
19336	7627	17	32	106	0	7782
19337	7906	16	17	47	0	7986
19338	7966	7	15	62	0	8050
19339	7812	15	10	48	0	7885
19340	139	10	7704	30	0	7883
19341	63	15	99	7581	0	7758
19342	43	15	7545	108	0	7711
19343	37	7478	113	50	0	7678
19344	44	111	55	7285	0	7495
19345	47	36	39	7293	0	7415
19346	35	33	20	7270	0	7358
19347	42	14	20	7207	0	7283
19348	37	8	7091	132	0	7268
19349	31	13	95	7123	0	7262
19350	24	18	36	7216	0	7294
19351	7170	15	45	130	0	7360
19352	7340	20	20	69	0	7449
19353	140	15	12	7451	0	7618
19354	69	13	15	7497	0	7594
19355	53	12	23	7498	0	7586
19356	7413	11	19	174	0	7617
19357	7553	12	18	98	0	7681
19358	7522	14	16	64	0	7616
19359	7559	9	20	44	0	7632
19360	163	7426	16	47	0	7652
19361	7475	90	10	48	0	7623
19362	7522	30	19	46	0	7617
19363	150	30	10	7354	0	7544
19364	87	13	9	7288	0	7397
19365	7171	9	11	136	0	7327
19366	133	7024	17	69	0	7243
19367	60	7203	11	65	0	7339
19368	7256	110	9	38	0	7413
19369	132	47	9	7270	0	7458
19370	83	34	9	7319	0	7445
19371	66	16	7	7392	0	7481
19372	56	12	7	7325	0	7400
19373	47	19	8	7232	0	7306
19374	43	7041	12	151	0	7247
19375	42	94	7	6786	0	6929
19376	6764	33	7	125	0	6929
19377	109	30	8	6661	0	6808
19378	54	16	7	6698	0	6775
19379	6575	16	6	132	0	6729
19380	98	6582	11	80	0	6771
19381	49	110	6	6476	0	6641
19382	48	6494	10	92	0	6644
19383	45	170	18	6173	0	6406
19384	36	30	6186	89	0	6341
19385	5877	34	62	53	0	6026
19386	68	5848	19	59	0	5994
19387	5419	52	15	38	0	5524
19388	70	19	5250	23	0	5362
19389	30	66	47	4867	0	5010
19390	25	4899	18	61	0	5003
19391	15	4986	24	35	0	5060
19392	4792	51	21	31	0	4895
19393	54	25	6	4832	0	4917
19394	24	16	5013	56	0	5109
19395	27	8	38	5088	0	5161
19396	10	13	5105	74	0	5202
19397	5013	11	47	34	0	5105
19398	54	6	5191	29	0	5280
19399	26	9	46	5165	0	5246
19400	23	5283	18	66	0	5390
19401	21	49	19	5303	0	5392
19402	16	5289	11	63	0	5379
19403	5393	55	8	24	0	5480
19404	62	17	7	5569	0	5655
19405	19	18	5628	63	0	5728
19406	22	18	5551	34	0	5625
19407	5652	12	50	35	0	5749
19408	5804	7	23	33	0	5867
19409	5807	12	13	20	0	5852
19410	5786	10	9	30	0	5835
19411	80	5754	15	17	0	5866
19412	5769	44	11	22	0	5846
19413	5785	20	11	28	0	5844
19414	73	17	5732	19	0	5841
19415	40	14	43	5706	0	5803
19416	5727	12	11	72	0	5822
19417	57	18	5652	25	0	5752
19418	25	9	45	5672	0	5751
19419	26	18	5871	66	0	5981
19420	27	10	59	5787	0	5883
19421	20	5959	21	56	0	6056
19422	5926	42	10	31	0	6009
19423	58	19	5823	20	0	5920
19424	5746	14	40	23	0	5823
19425	66	9	13	5750	0	5838
19426	5796	8	14	55	0	5873
19427	65	11	4	5832	0	5912
19428	6277	9	7	76	0	6369
19429	69	12	6304	18	0	6403
19430	6664	12	44	33	0	6753
19431	64	5	15	6777	0	6861
19432	31	9	12	6791	0	6843
19433	6775	4	8	72	0	6859
19434	50	4	9	6832	0	6895
19435	16	13	6809	55	0	6893
19436	24	16	39	6744	0	6823
19437	6596	10	18	52	0	6676
19438	45	6544	13	20	0	6622
19439	17	6562	7	17	0	6603
19440	6474	35	6	20	0	6535
19441	40	6817	9	12	0	6878
19442	28	33	9	6737	0	6807
19443	6819	8	11	47	0	6885
19444	6855	8	5	21	0	6889
19445	6862	5	3	16	0	6886
19446	44	8	6929	10	0	6991
19447	22	14	30	6916	0	6982
19448	9	6987	11	43	0	7050
19449	16	43	4	7038	0	7101
19450	12	16	7184	37	0	7249
19451	12	7144	34	14	0	7204
19452	12	72	11	6932	0	7027
19453	6817	3	7	34	0	6861
19454	17	6903	2	4	0	6926
19455	4	19	7105	4	0	7132
19456	5	2	17	7125	0	7149
19457	5	7	7103	17	0	7132
19458	11	3	16	7038	0	7068
19459	7191	4	11	26	0	7232
19460	20	5	5	7180	0	7210
19461	7252	3	5	32	0	7292
19462	7327	4	2	21	0	7354
19463	21	7497	7	9	0	7534
19464	7581	19	5	9	0	7614
19465	25	7624	6	5	0	7660
19466	14	26	7865	5	0	7910
19467	17	6	18	8033	0	8074
19468	7	8	7	8262	0	8284
19469	3	12	8116	31	0	8162
19470	7	8144	33	15	0	8199
19471	8212	23	13	18	0	8266
19472	8409	14	9	23	0	8455
19473	45	6	6	8649	0	8706
19474	21	3	3	8694	0	8721
19475	16	4	6	8786	0	8812
19476	8755	8	3	59	0	8825
19477	36	9	8707	15	0	8767
19478	16	17	8824	7	0	8864
19479	19	10	38	8991	0	9058
19480	11	7	8932	35	0	8985
19481	8	8	8977	24	0	9017
19482	20	1	37	8935	0	8993
19483	14	16	9214	33	0	9277
19484	5	9236	50	27	0	9318
19485	17	34	13	9462	0	9526
19486	10	15	9618	36	0	9679
19487	14	11	42	9582	0	9649
19488	6	9478	22	56	0	9562
19489	11	29	11	9600	0	9651
19490	13	18	9770	42	0	9843
19491	13	11	40	9808	0	9872
19492	9829	6	20	66	0	9921
19493	38	14	9838	23	0	9913
19494	9474	5	42	25	0	9546
19495	38	9801	25	18	0	9882
19496	9892	33	18	25	0	9968
19497	48	18	7	9962	0	10035
19498	15	10016	8	48	0	10087
19499	10259	38	8	46	0	10351
19500	54	18	11	10445	0	10528
19501	24	14	10487	50	0	10575
19502	11	10556	66	25	0	10658
19503	21	49	29	10592	0	10691
19504	10467	15	18	76	0	10576
19505	10336	10	13	36	0	10395
19506	71	6	14	10341	0	10432
19507	24	14	10270	60	0	10368
19508	9866	9	56	46	0	9977
19509	54	17	10248	19	0	10338
19510	30	8	59	10253	0	10350
19511	10360	9	18	77	0	10464
19512	60	10335	18	35	0	10448
19513	10390	53	9	36	0	10488
19514	61	19	10319	22	0	10421
19515	10345	12	66	23	0	10446
19516	71	5	26	10523	0	10625
19517	31	9	21	10621	0	10682
19518	34	22	10578	73	0	10707
19519	22	11	56	10431	0	10520
19520	10564	9	21	83	0	10677
19521	76	13	20	10749	0	10858
19522	32	10880	15	70	0	10997
19523	36	57	13	10972	0	11078
19524	12	11034	21	91	0	11158
19525	17	74	11008	36	0	11135
19526	10829	24	64	41	0	10958
19527	74	21	25	11168	0	11288
19528	41	13	10867	69	0	10990
19529	27	10790	71	35	0	10923
19530	23	70	32	10659	0	10784
19531	27	31	20	10731	0	10809
19532	10671	16	16	109	0	10812
19533	97	9	18	10747	0	10871
19534	10809	6	19	99	0	10933
19535	10741	12	15	53	0	10821
19536	97	10771	21	32	0	10921
19537	10803	73	12	43	0	10931
19538	97	26	13	11229	0	11365
19539	35	21	11252	93	0	11401
19540	11234	11	77	51	0	11373
19541	100	12	27	11012	0	11151
19542	43	15	11030	88	0	11176
19543	10835	14	86	47	0	10982
19544	104	10	31	11115	0	11260
19545	40	11437	32	101	0	11610
19546	40	88	14	11273	0	11415
19547	19	11407	26	114	0	11566
19548	11398	93	21	61	0	11573
19549	105	36	11801	39	0	11981
19550	43	11826	112	44	0	12025
19551	45	100	35	11894	0	12074
19552	26	55	11992	110	0	12183
19553	25	34	11838	52	0	11949
19554	26	12007	124	52	0	12209
19555	48	130	60	11858	0	12096
19556	35	31	29	12080	0	12175
19557	41	26	22	13279	0	13368
19558	13548	19	24	207	0	13798
19559	166	24	14063	55	0	14308
19560	47	14132	180	42	0	14401
19561	56	177	47	14129	0	14409
19562	47	53	29	14473	0	14602
19563	32	34	14214	218	0	14498
19564	45	51	175	14202	0	14473
19565	33	31	14151	206	0	14421
19566	25	35	13921	69	0	14050
19567	30	35	13823	65	0	13953
19568	57	25	212	13389	0	13683
19569	30	18	81	13728	0	13857
19570	39	21	49	13923	0	14032
19571	13755	12	38	252	0	14057
19572	187	13550	52	97	0	13886
19573	13784	173	46	82	0	14085
19574	13932	47	34	59	0	14072
19575	14056	36	34	66	0	14192
19576	232	13998	39	63	0	14332
19577	14024	192	45	58	0	14319
19578	14165	53	22	60	0	14300
19579	239	45	32	13946	0	14262
19580	116	25	33	14105	0	14279
19581	87	21	42	14118	0	14268
19582	39	40	13930	255	0	14264
19583	13590	24	182	113	0	13909
19584	225	21	53	13706	0	14005
19585	13511	21	56	231	0	13819
19586	218	13382	40	103	0	13743
19587	89	188	37	13475	0	13789
19588	103	45	33	13612	0	13793
19589	13428	39	35	265	0	13767
19590	236	31	25	13371	0	13663
19591	13206	32	26	254	0	13518
19592	13311	26	30	106	0	13473
19593	240	12905	36	91	0	13272
19594	82	13196	37	76	0	13391
19595	86	238	39	12848	0	13211
19596	52	12965	49	204	0	13270
19597	89	209	25	12942	0	13265
19598	51	50	12786	239	0	13126
19599	60	56	12521	93	0	12730
19600	12128	50	201	88	0	12467
19601	12282	24	70	84	0	12460
19602	239	12112	54	64	0	12469
19603	12107	172	36	87	0	12402
19604	224	12267	38	67	0	12596
19605	101	197	38	12313	0	12649
19606	94	57	36	12421	0	12608
19607	81	59	33	12435	0	12608
19608	54	38	35	12497	0	12624
19609	12287	32	37	270	0	12626
19610	194	12272	35	145	0	12646
19611	12263	169	35	110	0	12577
19612	12399	55	41	100	0	12595
19613	245	56	12161	65	0	12527
19614	12121	36	168	86	0	12411
19615	238	12066	49	64	0	12417
19616	107	201	35	12049	0	12392
19617	112	58	26	12023	0	12219
19618	63	11985	52	230	0	12330
19619	12010	179	35	112	0	12336
19620	214	74	11836	85	0	12209
19621	11523	54	173	100	0	11850
19622	236	30	11614	94	0	11974
19623	98	32	199	11554	0	11883
19624	112	45	68	11674	0	11899
19625	85	47	58	11802	0	11992
19626	11700	49	53	277	0	12079
19627	218	45	11766	130	0	12159
19628	11663	44	187	121	0	12015
19629	11788	44	69	107	0	12008
19630	11684	32	65	125	0	11906
19631	11616	26	57	105	0	11804
19632	269	37	69	11427	0	11802
19633	130	33	11351	207	0	11721
19634	122	46	166	11242	0	11576
19635	86	40	11259	228	0	11613
19636	98	41	11106	104	0	11349
19637	74	11143	173	100	0	11490
19638	121	175	78	10647	0	11021
19639	111	63	38	10765	0	10977
19640	115	54	30	10445	0	10644
19641	110	37	40	10771	0	10958
19642	10619	40	35	210	0	10904
19643	10649	30	31	101	0	10811
19644	259	25	24	10378	0	10686
19645	120	28	10120	201	0	10469
19646	79	33	136	10179	0	10427
19647	75	28	51	10339	0	10493
19648	62	30	10155	216	0	10463
19649	82	18	128	9787	0	10015
19650	9685	26	42	198	0	9951
19651	9679	38	31	102	0	9850
19652	9592	31	27	94	0	9744
19653	221	22	20	9446	0	9709
19654	9299	24	21	182	0	9526
19655	9280	24	27	86	0	9417
19656	200	27	9034	78	0	9339
19657	63	20	7675	41	0	7799
19658	56	8	7506	34	0	7604
19659	6713	14	59	22	0	6808
19660	42	6781	33	18	0	6874
19661	6674	32	34	21	0	6761
19662	41	7138	9	26	0	7214
19663	19	35	13	7149	0	7216
19664	22	9	3	7247	0	7281
19665	21	8	2	7279	0	7310
19666	11	10	7229	44	0	7294
19667	7020	3	30	26	0	7079
19668	37	3	10	7184	0	7234
19669	15	4	7178	28	0	7225
19670	12	4	6945	12	0	6973
19671	6966	3	33	13	0	7015
19672	29	7174	13	21	0	7237
19673	7008	21	14	16	0	7059
19674	6998	11	10	17	0	7036
19675	23	7025	6	12	0	7066
19676	6895	18	7	19	0	6939
19677	24	8	7169	7	0	7208
19678	13	7	7100	2	0	7122
19679	6	10	7357	3	0	7376
19680	8	25	36	7334	0	7403
19681	3	14	7486	20	0	7523
19682	7457	2	25	23	0	7507
19683	7558	1	10	18	0	7587
19684	31	8	7630	7	0	7676
19685	21	1	22	7608	0	7652
19686	7648	2	10	29	0	7689
19687	27	8086	14	9	0	8136
19688	11	8193	12	7	0	8223
19689	8225	24	8	24	0	8281
19690	24	13	8383	5	0	8425
19691	13	29	25	8228	0	8295
19692	15	1	11	8307	0	8334
19693	10	2	7	8390	0	8409
19694	5	8404	11	30	0	8450
19695	15	19	6	8417	0	8457
19696	8784	8	4	48	0	8844
19697	26	6	3	9010	0	9045
19698	21	9178	6	32	0	9237
19699	9363	28	6	33	0	9430
19700	35	14	5	9470	0	9524
19701	18	11	7	9871	0	9907
19702	10082	6	6	69	0	10163
19703	10226	3	6	41	0	10276
19704	62	5	4	10384	0	10455
19705	10744	1	4	73	0	10822
19706	10941	8	9	41	0	10999
19707	68	11229	10	21	0	11328
19708	11327	52	6	17	0	11402
19709	66	11291	14	17	0	11388
19710	29	63	10	11320	0	11422
19711	29	24	11599	57	0	11709
19712	28	21	56	11611	0	11716
19713	32	7	17	11692	0	11748
19714	30	9	11	11906	0	11956
19715	11851	5	9	107	0	11972
19716	67	11881	13	45	0	12006
19717	12136	60	2	48	0	12246
19718	83	12568	10	25	0	12686
19719	12800	75	7	50	0	12932
19720	12880	27	8	54	0	12969
19721	12928	21	7	41	0	12997
19722	12844	10	4	48	0	12906
19723	109	27	12877	21	0	13034
19724	59	12	65	13023	0	13159
19725	48	12	20	13375	0	13455
19726	25	19	13134	118	0	13296
19727	12837	9	83	62	0	12991
19728	112	16	22	13127	0	13277
19729	50	29	12980	99	0	13158
19730	40	22	12917	40	0	13019
19731	48	22	101	13260	0	13431
19732	35	25	13533	106	0	13699
19733	50	18	95	13462	0	13625
19734	61	13	30	13528	0	13632
19735	45	15	13251	111	0	13422
19736	12998	10	95	69	0	13172
19737	120	14	34	13272	0	13440
19738	50	39	13367	104	0	13560
19739	67	8	91	13485	0	13651
19740	13482	17	39	140	0	13678
19741	124	12	13478	45	0	13659
19742	13342	10	109	61	0	13522
19743	13809	9	42	63	0	13923
19744	142	9	39	13802	0	13992
19745	73	8	41	13715	0	13837
19746	50	20	13727	140	0	13937
19747	51	10	102	13754	0	13917
19748	55	15	55	13419	0	13544
19749	62	8	45	13814	0	13929
19750	34	22	13574	158	0	13788
19751	13372	6	106	88	0	13572
19752	13663	9	43	83	0	13798
19753	13928	6	43	77	0	14054
19754	14248	13	46	56	0	14363
19755	168	10	28	14319	0	14525
19756	14284	7	30	159	0	14480
19757	14329	10	40	83	0	14462
19758	13472	9	37	99	0	13617
19759	14338	8	33	82	0	14461
19760	149	14361	49	68	0	14627
19761	14392	80	29	73	0	14574
19762	14288	22	33	66	0	14409
19763	150	14313	31	70	0	14564
19764	14385	95	26	76	0	14582
19765	177	20	36	14402	0	14635
19766	99	18	32	14468	0	14617
19767	14486	10	19	170	0	14685
19768	146	14282	42	74	0	14544
19769	70	14253	41	68	0	14432
19770	95	106	23	14425	0	14649
19771	67	44	14512	138	0	14761
19772	86	31	107	14411	0	14635
19773	88	17	35	14537	0	14677
19774	14366	18	32	167	0	14583
19775	14369	22	26	91	0	14508
19776	190	18	22	14343	0	14573
19777	86	33	14188	142	0	14449
19778	95	20	108	14296	0	14519
19779	14496	22	43	167	0	14728
19780	168	34	14885	73	0	15160
19781	90	14914	132	65	0	15201
19782	15162	118	44	74	0	15398
19783	195	34	35	15175	0	15439
19784	91	23	31	15267	0	15412
19785	92	20	33	15413	0	15558
19786	76	19	15158	193	0	15446
19787	14034	19	138	124	0	14315
19788	168	33	14541	73	0	14815
19789	78	14558	156	82	0	14874
19790	92	114	49	14651	0	14906
19791	79	26	46	14796	0	14947
19792	75	26	42	15324	0	15467
19793	76	39	15213	209	0	15537
19794	61	32	15185	93	0	15371
19795	64	28	15420	81	0	15593
19796	46	15432	211	72	0	15761
19797	103	179	99	15604	0	15985
19798	15902	31	47	242	0	16222
19799	16846	30	45	88	0	17009
19800	276	43	17377	77	0	17773
19801	128	17446	254	78	0	17906
19802	108	228	17414	51	0	17801
19803	61	17568	276	74	0	17979
19804	16989	328	202	110	0	17629
19805	16923	95	96	84	0	17198
19806	287	16698	81	41	0	17107
19807	16518	244	48	43	0	16853
19808	319	97	43	16351	0	16810
19809	148	88	34	16567	0	16837
19810	16471	53	32	290	0	16846
19811	16157	34	28	160	0	16379
19812	16150	42	25	137	0	16354
19813	360	15923	35	61	0	16379
19814	178	16180	43	80	0	16481
19815	16145	258	27	85	0	16515
19816	284	145	15943	53	0	16425
19817	167	178	210	15588	0	16143
19818	15289	64	86	210	0	15649
19819	284	14964	90	99	0	15437
19820	115	15329	62	86	0	15592
19821	15233	275	45	75	0	15628
19822	271	140	14937	58	0	15406
19823	14663	126	214	77	0	15080
19824	310	67	14630	45	0	15052
19825	137	75	14542	22	0	14776
19826	149	81	272	14411	0	14913
19827	98	52	14663	183	0	14996
19828	14335	53	286	90	0	14764
19829	14719	21	132	83	0	14955
19830	14751	25	112	68	0	14956
19831	14665	32	83	60	0	14840
19832	376	28	48	14166	0	14618
19833	14226	40	53	219	0	14538
19834	336	14090	48	90	0	14564
19835	205	200	35	13850	0	14290
19836	155	14366	48	203	0	14772
19837	14636	235	36	115	0	15022
19838	14571	112	36	105	0	14824
19839	325	85	46	14380	0	14836
19840	14514	71	40	240	0	14865
19841	14683	48	38	124	0	14893
19842	364	54	37	14406	0	14861
19843	235	52	21	14437	0	14745
19844	202	30	31	14563	0	14826
19845	141	50	14254	323	0	14768
19846	116	49	14038	179	0	14382
19847	113	50	14224	123	0	14510
19848	106	49	298	14234	0	14687
19849	78	51	14452	256	0	14837
19850	112	38	282	14385	0	14817
19851	76	45	14962	286	0	15369
19852	94	49	14823	128	0	15094
19853	14380	39	326	128	0	14873
19854	238	14340	171	113	0	14862
19855	14500	209	130	88	0	14927
19856	316	86	86	14352	0	14840
19857	183	84	80	14456	0	14803
19858	143	76	14344	274	0	14837
19859	107	14320	258	164	0	14849
19860	128	244	109	14361	0	14842
19861	95	107	14434	250	0	14886
19862	88	14172	242	145	0	14647
19863	119	213	128	14095	0	14555
19864	13938	84	130	269	0	14421
19865	14004	96	81	127	0	14308
19866	298	67	79	13930	0	14374
19867	13938	53	64	261	0	14316
19868	314	13941	65	129	0	14449
19869	192	215	62	14018	0	14487
19870	163	109	14121	246	0	14639
19871	150	82	218	14226	0	14676
19872	108	76	14187	300	0	14671
19873	14099	46	271	157	0	14573
19874	285	56	124	14297	0	14762
19875	153	14336	108	304	0	14901
19876	164	258	76	14646	0	15144
19877	112	94	14526	316	0	15048
19878	103	93	14487	148	0	14831
19879	105	74	14158	126	0	14463
19880	13284	87	342	97	0	13810
19881	223	13434	181	81	0	13919
19882	126	193	113	13236	0	13668
19883	13250	81	96	235	0	13662
19884	227	13277	101	110	0	13715
19885	13609	193	74	120	0	13996
19886	13806	98	69	80	0	14053
19887	13986	86	43	58	0	14173
19888	14034	63	45	92	0	14234
19889	345	44	13622	61	0	14072
19890	13438	36	197	67	0	13738
19891	290	41	13485	54	0	13870
19892	12756	20	208	52	0	13036
19893	273	42	121	12834	0	13270
19894	158	28	12577	147	0	12910
19895	119	12299	170	82	0	12670
19896	150	779	136	11223	0	12288
19897	79	11655	79	111	0	11924
19898	60	11519	53	94	0	11726
19899	10182	116	120	67	0	10485
19900	65	34	9750	34	0	9883
19901	18	9351	52	22	0	9443
19902	9061	56	71	32	0	9220
19903	41	9223	14	8	0	9286
19904	9200	37	10	17	0	9264
19905	51	17	6	9263	0	9337
19906	9285	5	8	47	0	9345
19907	52	5	4	9213	0	9274
19908	9286	4	6	51	0	9347
19909	50	2	5	9274	0	9331
19910	12	9619	9	42	0	9682
19911	17	32	5	9791	0	9845
19912	9789	6	9	64	0	9868
19913	40	9765	6	11	0	9822
19914	18	41	4	9755	0	9818
19915	9927	10	5	63	0	10005
19916	47	11	5	10033	0	10096
19917	15	9	4	10117	0	10145
19918	18	11	10284	43	0	10356
19919	15	16	10194	11	0	10236
19920	18	6	43	10223	0	10290
19921	11	16	10624	41	0	10692
19922	17	10	38	10613	0	10678
19923	20	2	14	10472	0	10508
19924	15	4	9	10735	0	10763
19925	13	20	10775	44	0	10852
19926	15	4	38	10634	0	10691
19927	17	5	11	10667	0	10700
19928	6	10869	9	55	0	10939
19929	9	35	10	10984	0	11038
19930	11029	8	10	72	0	11119
19931	56	5	7	11290	0	11358
19932	15	19	12446	58	0	12538
19933	12261	8	94	42	0	12405
19934	99	13290	60	23	0	13472
19935	73	106	39	13545	0	13763
19936	52	62	13435	105	0	13654
19937	12878	39	113	72	0	13102
19938	106	13343	68	50	0	13567
19939	13391	110	44	63	0	13608
19940	154	60	32	13329	0	13575
19941	13316	41	23	149	0	13529
19942	164	47	13336	53	0	13600
19943	95	13240	108	63	0	13506
19944	64	14078	69	33	0	14244
19945	14172	143	52	57	0	14424
19946	14232	83	30	49	0	14394
19947	167	71	14196	11	0	14445
19948	14015	38	114	38	0	14205
19949	14411	28	52	34	0	14525
19950	14600	20	43	35	0	14698
19951	211	14035	43	11	0	14300
19952	123	14203	31	18	0	14375
19953	14249	142	22	32	0	14445
19954	14391	91	7	34	0	14523
19955	168	14561	21	20	0	14770
19956	126	131	7	14638	0	14902
19957	74	83	14778	104	0	15039
19958	14740	59	110	76	0	14985
19959	14888	40	70	80	0	15078
19960	15563	30	46	64	0	15703
19961	194	15426	54	43	0	15717
19962	130	126	15796	26	0	16078
19963	16096	67	121	44	0	16328
19964	187	54	46	16334	0	16621
19965	118	39	51	16428	0	16636
19966	102	25	38	16618	0	16783
19967	50	41	16582	189	0	16862
19968	64	21	110	16441	0	16636
19969	52	49	16610	168	0	16879
19970	32	16263	140	110	0	16545
19971	16071	99	89	96	0	16355
19972	112	16075	72	57	0	16316
19973	79	16368	57	30	0	16534
19974	16440	150	47	58	0	16695
19975	129	16896	28	16	0	17069
19976	100	162	11	16831	0	17104
19977	76	16940	32	106	0	17154
19978	17123	161	11	85	0	17380
19979	134	17328	20	49	0	17531
19980	99	160	10	17675	0	17944
19981	62	117	17685	119	0	17983
19982	66	70	117	17981	0	18234
19983	43	18006	76	231	0	18356
19984	52	140	56	18255	0	18503
19985	52	134	35	17986	0	18207
19986	54	78	29	18113	0	18274
19987	57	45	28	18323	0	18453
19988	45	39	18	18399	0	18501
19989	51	23	21	18545	0	18640
19990	26	43	18236	294	0	18599
19991	17993	18	151	209	0	18371
19992	154	20	86	18916	0	19176
19993	83	53	18866	221	0	19223
19994	70	50	18917	118	0	19155
19995	83	29	219	19312	0	19643
19996	19358	32	131	240	0	19761
19997	181	53	19129	115	0	19478
19998	19010	39	196	122	0	19367
19999	227	61	19664	72	0	20024
20000	155	40	203	19865	0	20263
20001	130	39	104	20226	0	20499
20002	84	68	20054	231	0	20437
20003	19490	30	199	184	0	19903
20004	215	39	102	20078	0	20434
20005	103	48	20108	221	0	20480
20006	101	59	20224	115	0	20499
20007	89	22	255	19904	0	20270
20008	58	20392	166	195	0	20811
20009	20714	161	101	155	0	21131
20010	20785	80	78	141	0	21084
20011	266	80	21030	89	0	21465
20012	161	54	197	20871	0	21283
20013	21186	26	96	273	0	21581
20014	238	53	21168	139	0	21598
20015	20842	16	235	160	0	21253
20016	255	21284	131	91	0	21761
20017	158	171	101	21492	0	21922
20018	144	83	78	21549	0	21854
20019	22239	69	71	300	0	22679
20020	253	53	54	22378	0	22738
20021	150	45	35	22248	0	22478
20022	110	36	48	22419	0	22613
20023	22169	27	45	390	0	22631
20024	246	48	22232	206	0	22732
20025	22422	28	220	198	0	22868
20026	22822	26	108	176	0	23132
20027	22984	20	110	141	0	23255
20028	383	41	76	22700	0	23200
20029	211	59	22962	254	0	23486
20030	135	22594	267	165	0	23161
20031	109	22911	132	158	0	23310
20032	62	22260	92	109	0	22523
20033	115	204	22346	73	0	22738
20034	133	199	214	23980	0	24526
20035	24468	37	101	324	0	24930
20036	25960	34	54	201	0	26249
20037	433	26	50	26944	0	27453
20038	230	34	26916	337	0	27517
20039	142	43	26973	169	0	27327
20040	141	29	387	27150	0	27707
20041	78	64	27409	345	0	27896
20042	105	20	407	27481	0	28013
20043	97	22	209	27401	0	27729
20044	45	27195	185	478	0	27903
20045	107	299	87	27485	0	27978
20046	108	142	71	27968	0	28289
20047	27535	110	78	577	0	28300
20048	382	44	69	27723	0	28218
20049	255	36	61	27745	0	28097
20050	27256	29	65	576	0	27926
20051	357	27049	121	328	0	27855
20052	27191	294	77	261	0	27823
20053	434	173	26868	155	0	27630
20054	26752	117	353	173	0	27395
20055	26781	56	199	183	0	27219
20056	510	71	26251	139	0	26971
20057	312	83	26011	141	0	26547
20058	267	89	474	25613	0	26443
20059	25486	35	282	435	0	26238
20060	418	51	25208	255	0	25932
20061	295	31	419	25032	0	25777
20062	205	60	24814	424	0	25503
20063	185	26	473	24627	0	25311
20064	176	46	241	24790	0	25253
20065	24413	37	204	584	0	25238
20066	24581	40	142	398	0	25161
20067	24713	47	112	308	0	25180
20068	591	55	24487	224	0	25357
20069	358	56	24584	183	0	25181
20070	328	34	512	24379	0	25253
20071	249	55	292	24571	0	25167
20072	235	42	221	24812	0	25310
20073	24112	34	150	651	0	24947
20074	415	23885	152	378	0	24830
20075	23466	311	130	283	0	24190
20076	23356	161	124	250	0	23891
20077	555	22891	159	177	0	23782
20078	371	22939	147	168	0	23625
20079	22805	384	111	195	0	23495
20080	483	203	134	22174	0	22994
20081	300	22113	134	460	0	23007
20082	364	304	114	22116	0	22898
20083	238	199	21909	477	0	22823
20084	223	119	377	22005	0	22724
20085	21768	69	292	589	0	22718
20086	409	73	21622	344	0	22448
20087	244	93	21507	341	0	22185
20088	268	219	530	20729	0	21746
20089	201	20693	337	481	0	21712
20090	182	20990	239	355	0	21766
20091	173	21351	163	341	0	22028
20092	20915	434	181	321	0	21851
20093	21032	234	112	328	0	21706
20094	20736	169	110	301	0	21316
20095	562	20456	133	306	0	21457
20096	20863	306	129	261	0	21559
20097	20870	203	97	253	0	21423
20098	594	218	20447	155	0	21414
20099	459	19982	404	156	0	21001
20100	377	328	282	19980	0	20967
20101	19923	206	231	382	0	20742
20102	492	178	19719	296	0	20685
20103	324	95	424	19387	0	20230
20104	248	19539	305	436	0	20528
20105	233	301	222	19583	0	20339
20106	300	175	172	19530	0	20177
20107	19443	137	199	573	0	20352
20108	19435	118	152	454	0	20159
20109	555	115	166	19219	0	20055
20110	378	109	18696	461	0	19644
20111	298	119	18479	347	0	19243
20112	18595	90	426	282	0	19393
20113	498	108	18720	188	0	19514
20114	415	125	405	17331	0	18276
20115	297	17650	323	329	0	18599
20116	17553	267	273	276	0	18369
20117	406	17535	192	247	0	18380
20118	17677	333	170	270	0	18450
20119	487	187	114	17402	0	18190
20120	377	190	113	17463	0	18143
20121	17495	160	98	476	0	18229
20122	17969	122	101	315	0	18507
20123	603	115	97	17692	0	18507
20124	433	146	82	17503	0	18164
20125	290	163	16887	448	0	17788
20126	243	121	16700	327	0	17391
20127	16597	100	396	324	0	17417
20128	358	135	16478	227	0	17198
20129	16215	77	388	257	0	16937
20130	16439	61	317	210	0	17027
20131	534	81	15923	192	0	16730
20132	397	15517	354	136	0	16404
20133	256	15844	303	124	0	16527
20134	126	165	13845	49	0	14185
20135	321	631	404	12239	0	13595
20136	11311	181	315	310	0	12117
20137	11112	22	25	59	0	11218
20138	11741	9	24	53	0	11827
20139	12871	14	16	54	0	12955
20140	13127	11	18	48	0	13204
20141	219	13308	44	32	0	13603
20142	13153	130	22	41	0	13346
20143	183	12955	23	38	0	13199
20144	12747	133	19	15	0	12914
20145	177	66	12425	10	0	12678
20146	108	25	134	12237	0	12504
20147	77	28	41	12076	0	12222
20148	50	12212	27	163	0	12452
20149	12259	131	20	67	0	12477
20150	12327	68	16	52	0	12463
20151	221	34	16	12137	0	12408
20152	103	28	22	12256	0	12409
20153	12171	21	12	213	0	12417
20154	199	21	13	12171	0	12404
20155	113	28	15	12265	0	12421
20156	12183	26	11	212	0	12432
20157	215	19	13	12163	0	12410
20158	12223	20	23	198	0	12464
20159	12319	14	9	121	0	12463
20160	221	27	12182	55	0	12485
20161	12282	17	128	82	0	12509
20162	12196	17	47	71	0	12331
20163	12223	22	26	59	0	12330
20164	229	25	11902	59	0	12215
20165	142	19	133	11812	0	12106
20166	118	16	50	11958	0	12142
20167	85	32	11785	190	0	12092
20168	11683	9	144	94	0	11930
20169	224	6	55	11495	0	11780
20170	115	21	11362	188	0	11686
20171	92	28	11523	87	0	11730
20172	93	15	180	11509	0	11797
20173	82	41	11587	175	0	11885
20174	113	12	168	11535	0	11828
20175	99	9	91	11640	0	11839
20176	74	18	11502	225	0	11819
20177	99	18	181	11253	0	11551
20178	62	11174	102	207	0	11545
20179	53	11431	77	120	0	11681
20180	11336	162	69	80	0	11647
20181	11326	59	52	104	0	11541
20182	212	11157	66	82	0	11517
20183	11178	154	46	85	0	11463
20184	11235	67	46	91	0	11439
20185	258	43	44	11099	0	11444
20186	150	42	47	11219	0	11458
20187	11067	34	24	254	0	11379
20188	213	10914	56	108	0	11291
20189	123	10965	49	83	0	11220
20190	117	170	34	10872	0	11193
20191	100	72	10875	185	0	11232
20192	10632	43	148	130	0	10953
20193	10790	46	62	102	0	11000
20194	10697	40	47	77	0	10861
20195	260	10531	44	57	0	10892
20196	149	171	33	10346	0	10699
20197	127	68	48	10481	0	10724
20198	10357	39	33	236	0	10665
20199	234	10245	36	131	0	10646
20200	150	174	50	10057	0	10431
20201	139	72	25	10250	0	10486
20202	130	51	24	10239	0	10444
20203	10139	59	42	258	0	10498
20204	219	10044	42	160	0	10465
20205	166	189	25	9848	0	10228
20206	101	10047	39	210	0	10397
20207	9976	167	41	125	0	10309
20208	223	99	9837	109	0	10268
20209	9792	53	146	120	0	10111
20210	219	69	9619	105	0	10012
20211	159	118	162	9295	0	9734
20212	9309	46	87	223	0	9665
20213	232	59	9166	111	0	9568
20214	9239	43	150	116	0	9548
20215	9362	33	82	99	0	9576
20216	9441	26	47	98	0	9612
20217	253	26	58	9125	0	9462
20218	177	38	35	9092	0	9342
20219	144	42	43	9108	0	9337
20220	8935	25	45	253	0	9258
20221	229	8844	47	141	0	9261
20222	8590	110	48	85	0	8833
20223	8652	50	46	80	0	8828
20224	232	42	8460	77	0	8811
20225	8453	24	133	79	0	8689
20226	8638	23	76	101	0	8838
20227	242	15	57	8562	0	8876
20228	159	34	44	8543	0	8780
20229	119	22	47	8455	0	8643
20230	8131	34	43	177	0	8385
20231	7987	23	39	120	0	8169
20232	7464	13	42	94	0	7613
20233	174	6835	50	72	0	7131
20234	78	6175	29	56	0	6338
20235	61	6220	36	49	0	6366
20236	6104	85	76	67	0	6332
20237	109	32	5987	74	0	6202
20238	65	27	5232	59	0	5383
20239	3893	17	74	25	0	4009
20240	64	12	3969	13	0	4058
20241	12	6	23	3367	0	3408
20242	9	3416	6	26	0	3457
20243	3482	19	7	20	0	3528
20244	3504	7	3	15	0	3529
20245	3541	7	3	6	0	3557
20246	33	4	3	3813	0	3853
20247	14	8	3927	21	0	3970
20248	9	11	3906	5	0	3931
20249	3946	6	22	8	0	3982
20250	4007	3	6	8	0	4024
20251	3980	3	7	16	0	4006
20252	29	5	2	4065	0	4101
20253	18	2	3	4113	0	4136
20254	8	5	4120	23	0	4156
20255	4130	0	20	16	0	4166
20256	28	5	5	4254	0	4292
20257	15	2	5	4254	0	4276
20258	12	3	3	4233	0	4251
20259	8	4253	2	25	0	4288
20260	14	17	0	4250	0	4281
20261	10	4	3	4255	0	4272
20262	4222	3	4	33	0	4262
20263	28	7	4176	8	0	4219
20264	4075	4	20	14	0	4113
20265	4261	2	6	13	0	4282
20266	32	2	3	4231	0	4268
20267	12	3	7	4267	0	4289
20268	4252	3	2	29	0	4286
20269	29	7	4197	8	0	4241
20270	6	4252	21	15	0	4294
20271	12	14	3	4189	0	4218
20272	4177	3	7	22	0	4209
20273	28	6	3	4097	0	4134
20274	10	2	4112	20	0	4144
20275	7	9	4173	8	0	4197
20276	4225	1	16	10	0	4252
20277	19	6	8	4385	0	4418
20278	12	2	4384	12	0	4410
20279	4376	1	14	17	0	4408
20280	4645	2	6	20	0	4673
20281	17	1	5	4703	0	4726
20282	15	2	2	4699	0	4718
20283	6	4712	7	16	0	4741
20284	4897	10	4	21	0	4932
20285	16	3	1	4937	0	4957
20286	8	2	1	5000	0	5011
20287	2	6	5075	21	0	5104
20288	4853	1	13	14	0	4881
20289	5040	1	5	11	0	5057
20290	16	5009	6	4	0	5035
20291	6	11	4906	8	0	4931
20292	8	10	4879	2	0	4899
20293	4	18	13	4896	0	4931
20294	5056	2	14	20	0	5092
20295	13	2	3	5078	0	5096
20296	5243	0	4	20	0	5267
20297	5280	1	2	18	0	5301
20298	5357	1	2	16	0	5376
20299	11	4	0	5458	0	5473
20300	7	2	1	5479	0	5489
20301	5562	0	1	14	0	5577
20302	7	5	5697	1	0	5710
20303	5422	0	4	7	0	5433
20304	5469	2	4	10	0	5485
20305	7	7	5603	2	0	5619
20306	3	7	5565	1	0	5576
20307	2	5658	13	1	0	5674
20308	8	6	5	5684	0	5703
20309	5638	3	8	8	0	5657
20310	5	1	1	5730	0	5737
20311	3	3	5823	3	0	5832
20312	2	5785	10	6	0	5803
20313	3	5833	7	8	0	5851
20314	2	4	2	5970	0	5978
20315	2	2	2	5916	0	5922
20316	0	5915	7	5	0	5927
20317	1	7	5899	3	0	5910
20318	5760	0	6	11	0	5777
20319	6051	0	1	18	0	6070
20320	6	6080	4	6	0	6096
20321	5976	4	1	15	0	5996
20322	6	1	1	5972	0	5980
20323	5943	1	0	14	0	5958
20324	5	2	1	6047	0	6055
20325	2	6431	6	8	0	6447
20326	3	26	6524	1	0	6554
20327	8	2	24	7037	0	7071
20328	11	0	2	7084	0	7097
20329	4	3	2	7326	0	7335
20330	7463	1	1	64	0	7529
20331	60	0	1	7542	0	7603
20332	10	5	7891	63	0	7969
20333	8	12	8118	15	0	8153
20334	8210	2	87	22	0	8321
20335	82	8	8381	5	0	8476
20336	8443	2	85	16	0	8546
20337	95	2	16	8825	0	8938
20338	27	1	15	9050	0	9093
20339	21	2	7	9444	0	9474
20340	15	1	8	9440	0	9464
20341	9354	1	6	147	0	9508
20342	108	13	9405	31	0	9557
20343	35	0	103	9312	0	9450
20344	9	9521	29	114	0	9673
20345	9548	105	14	36	0	9703
20346	120	16	8	9293	0	9437
20347	9198	7	9	137	0	9351
20348	124	25	9154	25	0	9328
20349	33	3	107	8984	0	9127
20350	19	9138	27	112	0	9296
20351	9155	106	20	45	0	9326
20352	117	22	9133	30	0	9302
20353	41	11	112	9085	0	9249
20354	33	8	27	9186	0	9254
20355	9055	4	16	157	0	9232
20356	125	16	9026	38	0	9205
20357	28	13	9134	26	0	9201
20358	37	5	132	9116	0	9290
20359	26	16	9105	126	0	9273
20360	31	5	9265	29	0	9330
20361	32	8	155	9171	0	9366
20362	27	12	33	9417	0	9489
20363	30	10	25	9652	0	9717
20364	9559	5	28	180	0	9772
20365	132	9677	32	65	0	9906
20366	9771	123	26	53	0	9973
20367	155	27	23	9804	0	10009
20368	47	9861	33	155	0	10096
20369	51	138	18	10095	0	10302
20370	10456	30	16	193	0	10695
20371	172	10804	36	63	0	11075
20372	73	159	28	11150	0	11410
20373	43	38	11198	195	0	11474
20374	11149	42	175	71	0	11437
20375	211	30	41	11097	0	11379
20376	73	16	44	11238	0	11371
20377	49	25	10972	235	0	11281
20378	34	25	10989	98	0	11146
20379	10730	8	201	86	0	11025
20380	187	10623	75	53	0	10938
20381	80	163	46	10659	0	10948
20382	10679	43	53	197	0	10972
20383	202	35	10668	66	0	10971
20384	51	10470	200	75	0	10796
20385	67	163	57	10516	0	10803
20386	10497	38	52	210	0	10797
20387	10455	30	38	97	0	10620
20388	10521	24	26	85	0	10656
20389	232	10294	47	68	0	10641
20390	99	176	10327	46	0	10648
20391	83	46	182	10367	0	10678
20392	77	46	72	10085	0	10280
20393	60	38	39	10475	0	10612
20394	60	23	36	10396	0	10515
20395	10154	24	38	271	0	10487
20396	10083	22	32	127	0	10264
20397	232	26	9839	97	0	10194
20398	97	23	9864	70	0	10054
20399	9633	17	213	72	0	9935
20400	9771	18	73	76	0	9938
20401	258	18	64	9484	0	9824
20402	94	9445	72	202	0	9813
20403	9505	168	42	98	0	9813
20404	234	9348	41	69	0	9692
20405	87	9473	45	84	0	9689
20406	87	224	36	9388	0	9735
20407	72	68	43	9554	0	9737
20408	79	49	38	9584	0	9750
20409	71	40	35	9550	0	9696
20410	55	41	9254	264	0	9614
20411	9176	36	175	119	0	9506
20412	9359	22	62	85	0	9528
20413	245	38	43	9099	0	9425
20414	104	33	46	9152	0	9335
20415	9015	26	43	259	0	9343
20416	216	26	8833	126	0	9201
20417	8982	19	171	99	0	9271
20418	9135	28	59	78	0	9300
20419	275	29	8833	70	0	9207
20420	9042	23	190	79	0	9334
20421	261	20	71	9052	0	9404
20422	109	16	68	9151	0	9344
20423	87	16	48	9162	0	9313
20424	100	23	29	9028	0	9180
20425	8402	17	30	257	0	8706
20426	208	26	27	8187	0	8448
20427	82	16	22	7625	0	7745
20428	40	7234	24	192	0	7490
20429	56	7293	28	90	0	7467
20430	62	124	13	7117	0	7316
20431	7062	41	12	168	0	7283
20432	147	34	23	6657	0	6861
20433	49	27	6290	134	0	6500
20434	49	18	6042	58	0	6167
20435	5962	8	101	53	0	6124
20436	106	5906	52	55	0	6119
20437	5489	80	79	39	0	5687
20438	114	31	5498	26	0	5669
20439	106	163	90	5057	0	5416
20440	5049	15	51	76	0	5191
20441	84	5028	28	43	0	5183
20442	4950	64	25	32	0	5071
20443	87	21	5256	25	0	5389
20444	47	27	61	5203	0	5338
20445	38	21	32	5308	0	5399
20446	5438	12	24	101	0	5575
20447	5508	8	14	51	0	5581
20448	5665	9	10	42	0	5726
20449	5682	10	9	39	0	5740
20450	5694	11	11	39	0	5755
20451	104	5672	13	35	0	5824
20452	64	57	7	5727	0	5855
20453	5854	21	9	78	0	5962
20454	84	14	7	5870	0	5975
20455	52	11	7	5866	0	5936
20456	44	4	11	5873	0	5932
20457	29	5732	9	88	0	5858
20458	5712	52	10	56	0	5830
20459	75	23	10	5679	0	5787
20460	5538	15	7	77	0	5637
20461	5479	8	5	50	0	5542
20462	88	5382	10	36	0	5516
20463	5263	43	6	36	0	5348
20464	74	25	5172	19	0	5290
20465	5032	14	43	22	0	5111
20466	67	59	59	4907	0	5092
20467	35	6	5000	40	0	5081
20468	30	4970	42	32	0	5074
20469	39	36	4868	20	0	4963
20470	11	4456	32	9	0	4508
20471	3934	75	88	46	0	4143
20472	3864	7	12	14	0	3897
20473	3796	0	6	14	0	3816
20474	8	3832	4	3	0	3847
20475	3786	2	2	11	0	3801
20476	8	6	3811	2	0	3827
20477	5	8	3835	6	0	3854
20478	1	8	9	3861	0	3879
20479	3	0	8	4026	0	4037
20480	1	4022	5	16	0	4044
20481	4092	8	2	12	0	4114
20482	14	0	0	4155	0	4169
20483	3	4232	8	15	0	4258
20484	5	15	0	4344	0	4364
20485	4352	4	1	26	0	4383
20486	4314	0	2	12	0	4328
20487	16	9	4203	3	0	4231
20488	7	1	13	4297	0	4318
20489	4	7	4307	13	0	4331
20490	6	2	15	4415	0	4438
20491	2	9	4432	16	0	4459
20492	4	2	17	4458	0	4481
20493	3	3	4481	20	0	4507
20494	3	0	17	4497	0	4517
20495	4	6	4593	18	0	4621
20496	7	2	18	4661	0	4688
20497	5	3	10	4697	0	4715
20498	2	4890	10	24	0	4926
20499	2	15	7	4985	0	5009
20500	2	13	4910	24	0	4949
20501	5	6	17	4936	0	4964
20502	7	3	6	4923	0	4939
20503	4940	3	7	39	0	4989
20504	23	4	2	5054	0	5083
20505	11	1	2	5064	0	5078
20506	10	8	4971	27	0	5016
20507	4932	4	20	29	0	4985
20508	25	1	9	5092	0	5127
20509	16	1	8	5093	0	5118
20510	5	3	9	5128	0	5145
20511	5198	0	3	49	0	5250
20512	19	2	7	5356	0	5384
20513	20	3	3	5365	0	5391
20514	5334	0	6	57	0	5397
20515	27	5356	7	25	0	5415
20516	16	26	5	5329	0	5376
20517	13	10	2	5379	0	5404
20518	6	12	5279	38	0	5335
20519	4938	9	27	37	0	5011
20520	30	2	9	5227	0	5268
20521	16	11	5116	30	0	5173
20522	5168	2	25	32	0	5227
20523	32	2	15	5369	0	5418
20524	14	2	7	5533	0	5556
20525	9	3	9	5557	0	5578
20526	8	1	1	5700	0	5710
20527	4	11	5957	57	0	6029
20528	10	5	45	6073	0	6133
20529	13	2	15	6971	0	7001
20530	8	15	7688	104	0	7815
20531	8003	1	102	44	0	8150
20532	8241	1	39	49	0	8330
20533	8307	2	30	32	0	8371
20534	197	5	11	8184	0	8397
20535	8252	2	10	147	0	8411
20536	8382	3	12	68	0	8465
20537	197	1	8	8338	0	8544
20538	8337	2	5	158	0	8502
20539	8373	0	8	75	0	8456
20540	8362	4	10	66	0	8442
20541	8407	1	7	38	0	8453
20542	219	2	4	8158	0	8383
20543	115	7770	16	133	0	8034
20544	82	7858	15	64	0	8019
20545	50	7955	19	52	0	8076
20546	7695	178	9	46	0	7928
20547	7839	74	2	41	0	7956
20548	173	60	7639	26	0	7898
20549	7783	31	120	28	0	7962
20550	201	22	46	7819	0	8088
20551	110	14	37	7826	0	7987
20552	87	6	23	7879	0	7995
20553	7698	7	11	213	0	7929
20554	163	9	12	7721	0	7905
20555	78	7598	9	190	0	7875
20556	80	116	6	7703	0	7905
20557	47	63	7799	183	0	8092
20558	58	41	126	7894	0	8119
20559	7895	22	39	192	0	8148
20560	162	25	7906	82	0	8175
20561	100	10	136	7967	0	8213
20562	89	8	58	7970	0	8125
20563	72	11	48	7994	0	8125
20564	39	7956	23	214	0	8232
20565	57	117	16	8102	0	8292
20566	8004	39	18	217	0	8278
20567	7960	40	11	108	0	8119
20568	193	39	7798	70	0	8100
20569	99	30	7936	58	0	8123
20570	87	19	170	7862	0	8138
20571	73	10	80	8050	0	8213
20572	48	22	8038	193	0	8301
20573	49	18	155	7880	0	8102
20574	32	8001	74	182	0	8289
20575	8145	124	51	99	0	8419
20576	8153	46	26	96	0	8321
20577	8126	39	21	57	0	8243
20578	235	21	8067	46	0	8369
20579	139	21	130	8056	0	8346
20580	96	21	8020	153	0	8290
20581	7903	8	167	86	0	8164
20582	161	7904	78	71	0	8214
20583	87	128	56	7805	0	8076
20584	7832	51	38	164	0	8085
20585	179	42	24	7775	0	8020
20586	102	22	23	7967	0	8114
20587	79	28	7806	195	0	8108
20588	7705	17	136	120	0	7978
20589	177	7802	58	86	0	8123
20590	106	115	51	7781	0	8053
20591	7763	41	33	166	0	8003
20592	183	42	30	7777	0	8032
20593	7721	25	31	200	0	7977
20594	188	7759	24	102	0	8073
20595	7816	136	12	100	0	8064
20596	209	60	7821	59	0	8149
20597	7842	47	152	62	0	8103
20598	7780	24	69	59	0	7932
20599	7805	24	59	46	0	7934
20600	243	19	39	7604	0	7905
20601	152	14	27	7640	0	7833
20602	111	24	18	7668	0	7821
20603	86	7517	16	216	0	7835
20604	7561	129	11	115	0	7816
20605	183	44	15	7532	0	7774
20606	109	50	17	7559	0	7735
20607	89	32	24	7551	0	7696
20608	7417	22	24	221	0	7684
20609	188	24	20	7472	0	7704
20610	94	21	7331	215	0	7661
20611	68	7337	135	122	0	7662
20612	73	121	45	7290	0	7529
20613	65	64	34	7412	0	7575
20614	55	54	26	7508	0	7643
20615	46	28	7318	232	0	7624
20616	49	34	7353	124	0	7560
20617	58	18	155	7383	0	7614
20618	44	25	7669	183	0	7921
20619	47	14	162	7789	0	8012
20620	7826	11	76	213	0	8126
20621	8060	21	58	125	0	8264
20622	8087	17	28	112	0	8244
20623	213	26	7850	66	0	8155
20624	7725	21	124	71	0	7941
20625	219	32	64	7797	0	8112
20626	106	20	7721	162	0	8009
20627	95	21	7613	79	0	7808
20628	57	7496	168	86	0	7807
20629	35	6715	80	46	0	6876
20630	5727	89	187	32	0	6035
20631	75	18	12	5606	0	5711
20632	16	11	5689	38	0	5754
20633	15	8	34	5772	0	5829
20634	5821	6	10	47	0	5884
20635	39	9	6146	16	0	6210
20636	6194	1	43	22	0	6260
20637	6438	3	13	18	0	6472
20638	6375	8	9	25	0	6417
20639	47	6373	13	10	0	6443
20640	6548	37	5	13	0	6603
20641	53	14	5	6630	0	6702
20642	20	8	7	6644	0	6679
20643	20	3	4	6669	0	6696
20644	19	3	4	6638	0	6664
20645	6518	3	8	67	0	6596
20646	38	6485	8	33	0	6564
20647	19	6374	12	15	0	6420
20648	15	6522	6	18	0	6561
20649	6495	44	18	24	0	6581
20650	6468	17	10	20	0	6515
20651	6464	10	6	12	0	6492
20652	6489	7	8	13	0	6517
20653	62	5	4	6487	0	6558
20654	33	1	9	6479	0	6522
20655	6480	5	8	56	0	6549
20656	42	6471	5	26	0	6544
20657	6285	29	3	22	0	6339
20658	6384	11	6	24	0	6425
20659	52	11	7	6376	0	6446
20660	30	6437	3	36	0	6506
20661	23	31	3	6552	0	6609
20662	6512	11	7	48	0	6578
20663	39	9	6646	19	0	6713
20664	21	27	33	6513	0	6594
20665	14	6632	12	30	0	6688
20666	6648	33	9	27	0	6717
20667	6636	14	6	17	0	6673
20668	45	12	6718	13	0	6788
20669	22	6635	34	14	0	6705
20670	31	37	6719	5	0	6792
20671	14	26	47	6652	0	6739
20672	10	12	6618	31	0	6671
20673	14	5	6581	13	0	6613
20674	8	6570	38	12	0	6628
20675	6548	24	18	10	0	6600
20676	6673	12	11	19	0	6715
20677	42	6839	7	8	0	6896
20678	23	6805	8	7	0	6843
20679	15	49	6696	7	0	6767
20680	16	24	6625	10	0	6675
20681	11	12	6790	8	0	6821
20682	8	13	38	6833	0	6892
20683	6	10	6899	26	0	6941
20684	11	6	33	6816	0	6866
20685	11	8	16	6896	0	6931
20686	9	6	6952	42	0	7009
20687	5	6945	33	21	0	7004
20688	16	28	17	6995	0	7056
20689	6982	13	9	41	0	7045
20690	41	9	8	6978	0	7036
20691	26	11	7087	30	0	7154
20692	14	7131	24	18	0	7187
20693	11	7409	20	15	0	7455
20694	17	40	12	7322	0	7391
20695	7289	19	6	45	0	7359
20696	7275	13	9	32	0	7329
20697	50	10	5	7295	0	7360
20698	23	7512	4	46	0	7585
20699	14	41	8	7616	0	7679
20700	24	12	1	7765	0	7802
20701	14	9	6	7810	0	7839
20702	8008	5	7	80	0	8100
20703	53	8092	10	31	0	8186
20704	8119	52	5	31	0	8207
20705	8225	20	4	23	0	8272
20706	8235	10	7	18	0	8270
20707	8393	5	5	15	0	8418
20708	92	12	5	8330	0	8439
20709	30	14	8385	68	0	8497
20710	23	8404	63	23	0	8513
20711	8489	64	23	25	0	8601
20712	8583	19	12	25	0	8639
20713	8681	16	5	25	0	8727
20714	93	19	8545	14	0	8671
20715	8478	10	66	18	0	8572
20716	8641	9	11	20	0	8681
20717	95	7	16	8625	0	8743
20718	31	11	8324	65	0	8431
20719	20	8249	69	18	0	8356
20720	23	71	20	8183	0	8297
20721	8149	16	22	79	0	8266
20722	80	14	9	8160	0	8263
20723	26	4	6	8479	0	8515
20724	8769	8	8	96	0	8881
20725	83	11	8726	25	0	8845
20726	8735	9	74	27	0	8845
20727	8713	5	14	25	0	8757
20728	8655	6	20	16	0	8697
20729	8670	3	11	20	0	8704
20730	112	12	8501	10	0	8635
20731	39	12	82	8435	0	8568
20732	29	8	8565	84	0	8686
20733	29	14	97	8477	0	8617
20734	17	7	8518	94	0	8636
20735	7987	7	95	21	0	8110
20736	88	7942	25	24	0	8079
20737	19	8111	22	16	0	8168
20738	44	94	18	8399	0	8555
20739	29	26	12	8645	0	8712
20740	19	8776	16	97	0	8908
20741	8828	99	4	45	0	8976
20742	9195	21	8	30	0	9254
20743	9463	19	6	14	0	9502
20744	9748	8	8	25	0	9789
20745	170	7	4	9678	0	9859
20746	62	5	6	9897	0	9970
20747	9953	3	7	160	0	10123
20748	151	8	11	9853	0	10023
20749	49	11	9709	145	0	9914
20750	45	15	9734	40	0	9834
20751	41	7	141	9778	0	9967
20752	29	10	9764	139	0	9942
20753	9697	2	141	47	0	9887
20754	155	13	34	9700	0	9902
20755	9713	6	34	146	0	9899
20756	157	4	9755	46	0	9962
20757	65	8	137	9746	0	9956
20758	46	7	9822	138	0	10013
20759	24	9738	158	48	0	9968
20760	9603	129	68	53	0	9853
20761	9677	34	30	30	0	9771
20762	160	9553	24	39	0	9776
20763	9471	123	18	25	0	9637
20764	175	32	20	9379	0	9606
20765	69	26	13	9467	0	9575
20766	9366	14	19	162	0	9561
20767	151	9218	21	72	0	9462
20768	60	9280	16	52	0	9408
20769	64	150	18	9193	0	9425
20770	9081	48	14	152	0	9295
20771	9166	30	12	71	0	9279
20772	9141	14	15	52	0	9222
20773	186	23	8953	41	0	9203
20774	77	20	8929	27	0	9053
20775	50	8864	152	38	0	9104
20776	8781	129	55	41	0	9006
20777	177	33	32	8628	0	8870
20778	8629	29	20	150	0	8828
20779	8677	9	22	58	0	8766
20780	196	8	28	8504	0	8736
20781	73	26	8498	145	0	8742
20782	8463	17	136	58	0	8674
20783	164	20	42	8437	0	8663
20784	74	20	8429	147	0	8670
20785	8374	14	129	60	0	8577
20786	8383	14	43	58	0	8498
20787	195	13	48	8213	0	8469
20788	84	14	8199	155	0	8452
20789	81	18	133	8088	0	8320
20790	60	8197	52	152	0	8461
20791	46	118	8193	59	0	8416
20792	57	8110	143	41	0	8351
20793	7901	135	51	37	0	8124
20794	7978	35	37	49	0	8099
20795	7946	23	35	34	0	8038
20796	7882	20	27	37	0	7966
20797	212	27	25	7632	0	7896
20798	7471	24	34	128	0	7657
20799	164	24	17	7339	0	7544
20800	7194	19	17	141	0	7371
20801	165	7114	26	60	0	7365
20802	81	100	18	6780	0	6979
20803	69	6778	22	117	0	6986
20804	6782	105	17	57	0	6961
20805	6767	30	22	46	0	6865
20806	151	6638	15	37	0	6841
20807	95	89	17	6519	0	6720
20808	57	31	6453	109	0	6650
20809	43	50	96	6389	0	6578
20810	46	23	6372	109	0	6550
20811	48	46	102	6026	0	6222
20812	49	6103	45	109	0	6306
20813	6074	88	30	40	0	6232
20814	6116	34	21	42	0	6213
20815	139	28	21	6029	0	6217
20816	6160	11	27	108	0	6306
20817	141	12	18	6113	0	6284
20818	69	15	22	6175	0	6281
20819	61	20	21	6185	0	6287
20820	6170	22	18	127	0	6337
20821	6134	10	14	61	0	6219
20822	6086	18	10	53	0	6167
20823	141	5692	19	28	0	5880
20824	5376	59	11	27	0	5473
20825	96	5246	16	27	0	5385
20826	5260	64	14	32	0	5370
20827	91	31	15	5179	0	5316
20828	63	20	10	5198	0	5291
20829	5148	13	9	86	0	5256
20830	5147	15	7	44	0	5213
20831	99	5058	14	31	0	5202
20832	4970	55	3	22	0	5050
20833	87	26	8	4834	0	4955
20834	49	15	7	4851	0	4922
20835	4832	12	8	81	0	4933
20836	75	17	4746	46	0	4884
20837	48	4562	41	32	0	4683
20838	40	46	23	4146	0	4255
20839	24	16	3849	33	0	3922
20840	26	116	26	3549	0	3717
20841	3571	3	17	45	0	3636
20842	34	3275	8	16	0	3333
20843	15	2987	9	12	0	3023
20844	7	2766	4	9	0	2786
20845	54	60	50	2531	0	2695
20846	2511	5	72	17	0	2605
20847	14	2	1	2451	0	2468
20848	2433	1	1	9	0	2444
20849	2436	0	1	8	0	2445
20850	16	0	1	2444	0	2461
20851	2449	1	1	10	0	2461
20852	13	1	1	2471	0	2486
20853	1	6	2522	9	0	2538
20854	2515	2	9	8	0	2534
20855	11	3	2688	2	0	2704
20856	2591	3	9	5	0	2608
20857	13	5	2628	3	0	2649
20858	7	2	8	2507	0	2524
20859	6	3	1	2539	0	2549
20860	2580	3	0	17	0	2600
20861	14	3	0	2648	0	2665
20862	2694	0	1	13	0	2708
20863	11	2697	2	6	0	2716
20864	2793	10	2	7	0	2812
20865	16	3	0	2872	0	2891
20866	4	6	2	2883	0	2895
20867	5	1	1	2908	0	2915
20868	4	1	2	2906	0	2913
20869	1	2	2876	15	0	2894
20870	2	3	2858	5	0	2868
20871	4	0	14	2888	0	2906
20872	2	2	2944	13	0	2961
20873	3	2971	11	6	0	2991
20874	3	17	3	2972	0	2995
20875	8	3	3109	14	0	3134
20876	2	7	3088	5	0	3102
20877	7	8	13	3202	0	3230
20878	6	1	2	3217	0	3226
20879	5	3237	3	17	0	3262
20880	4	16	3	3288	0	3311
20881	4	2	3353	21	0	3380
20882	3368	0	19	15	0	3402
20883	24	2	3	3433	0	3462
20884	3458	1	2	24	0	3485
20885	3480	2	3	9	0	3494
20886	3569	0	5	7	0	3581
20887	21	4	3607	2	0	3634
20888	3	3	3582	6	0	3594
20889	3511	0	22	7	0	3540
20890	21	7	3633	2	0	3663
20891	2	1	19	3529	0	3551
20892	2	1	5	3555	0	3563
20893	5	2	3568	21	0	3596
20894	4	3567	19	7	0	3597
20895	3589	18	2	12	0	3621
20896	25	3600	5	2	0	3632
20897	6	3688	1	4	0	3699
20898	3688	19	4	8	0	3719
20899	23	2	3821	3	0	3849
20900	6	5	3837	4	0	3852
20901	7	1	26	3809	0	3843
20902	3834	1	6	22	0	3863
20903	21	3870	8	6	0	3905
20904	3881	17	12	8	0	3918
20905	19	9	3985	2	0	4015
20906	8	4203	24	6	0	4241
20907	5	27	7	4288	0	4327
20908	2	6	4338	25	0	4371
20909	8	2	23	4362	0	4395
20910	8	6	10	4187	0	4211
20911	6	5	4	4388	0	4403
20912	9	2	1	4359	0	4371
20913	4334	3	2	34	0	4373
20914	4362	5	4	13	0	4384
20915	32	3	4401	6	0	4442
20916	4258	1	29	10	0	4298
20917	24	4278	9	3	0	4314
20918	4248	20	3	9	0	4280
20919	30	4	4300	1	0	4335
20920	11	7	23	4215	0	4256
20921	9	4	4282	25	0	4320
20922	7	7	4297	9	0	4320
20923	9	7	31	4262	0	4309
20924	13	1	11	4290	0	4315
20925	7	7	4250	31	0	4295
20926	6	4212	27	12	0	4257
20927	9	4253	13	9	0	4284
20928	10	29	5	4246	0	4290
20929	4241	4	8	29	0	4282
20930	27	4368	14	13	0	4422
20931	12	30	4390	7	0	4439
20932	7	7	4340	5	0	4359
20933	7	6	4395	3	0	4411
20934	9	6	29	4341	0	4385
20935	4371	5	9	33	0	4418
20936	23	4327	16	15	0	4381
20937	9	31	4336	6	0	4382
20938	7	4352	29	9	0	4397
20939	8	28	14	4408	0	4458
20940	7	8	4427	29	0	4471
20941	6	4434	29	16	0	4485
20942	13	29	12	4411	0	4465
20943	10	11	9	4496	0	4526
20944	5	11	4578	33	0	4627
20945	5	6	28	4595	0	4634
20946	9	4614	17	31	0	4671
20947	5	31	4609	12	0	4657
20948	4575	4	40	11	0	4630
20949	32	6	10	4686	0	4734
20950	15	4	11	4653	0	4683
20951	3	4674	17	35	0	4729
20952	4654	32	5	16	0	4707
20953	32	10	4570	12	0	4624
20954	4583	7	34	11	0	4635
20955	29	17	12	4543	0	4601
20956	12	4602	8	32	0	4654
20957	5	33	12	4592	0	4642
20958	11	6	11	4722	0	4750
20959	4699	8	11	41	0	4759
20960	4726	6	7	24	0	4763
20961	35	3	11	4700	0	4749
20962	9	15	4675	29	0	4728
20963	4511	6	27	27	0	4571
20964	25	4667	17	11	0	4720
20965	17	30	7	4632	0	4686
20966	10	11	8	4701	0	4730
20967	10	9	6	4705	0	4730
20968	3	9	4658	41	0	4711
20969	12	7	31	4592	0	4642
20970	6	4685	12	36	0	4739
20971	12	25	8	4615	0	4660
20972	8	4623	10	39	0	4680
20973	11	37	12	4567	0	4627
20974	10	16	4546	39	0	4611
20975	4327	9	31	16	0	4383
20976	40	8	16	4466	0	4530
20977	13	8	4481	31	0	4533
20978	11	4497	26	17	0	4551
20979	4442	25	29	25	0	4521
20980	24	10	4433	12	0	4479
20981	4352	19	32	16	0	4419
20982	26	5	11	4472	0	4514
20983	13	5	14	4444	0	4476
20984	7	4449	6	33	0	4495
20985	4444	24	9	19	0	4496
20986	4368	8	6	18	0	4400
20987	29	4522	12	9	0	4572
20988	16	23	5	4565	0	4609
20989	5	13	6	4571	0	4595
20990	5	5	4	4543	0	4557
20991	6	9	4505	34	0	4554
20992	4460	6	26	15	0	4507
20993	25	6	15	4508	0	4554
20994	14	5	9	4542	0	4570
20995	4	8	4486	32	0	4530
20996	5	5	4422	21	0	4453
20997	9	11	30	4595	0	4645
20998	12	10	4709	30	0	4761
20999	4595	4	36	18	0	4653
21000	29	7	8	4699	0	4743
21001	11	2	8	4748	0	4769
21002	6	7	4953	31	0	4997
21003	8	19	28	5107	0	5162
21004	5	13	5163	33	0	5214
21005	6	5094	31	23	0	5154
21006	4865	31	30	25	0	4951
21007	4870	7	5	12	0	4894
21008	30	4848	8	9	0	4895
21009	10	21	5	4952	0	4988
21010	7	14	5038	26	0	5085
21011	5	6	25	5067	0	5103
21012	5076	1	8	37	0	5122
21013	27	5110	15	15	0	5167
21014	5123	24	2	14	0	5163
21015	30	5	8	5124	0	5167
21016	5134	5	3	34	0	5176
21017	31	5130	5	21	0	5187
21018	5156	31	4	12	0	5203
21019	29	9	5110	7	0	5155
21020	9	5176	28	11	0	5224
21021	11	25	9	5157	0	5202
21022	5286	5	11	38	0	5340
21023	5340	2	2	10	0	5354
21024	32	6	1	5352	0	5391
21025	5372	0	2	30	0	5404
21026	5363	6	3	18	0	5390
21027	5451	1	3	17	0	5472
21028	33	2	2	5494	0	5531
21029	15	3	5530	24	0	5572
21030	9	4	5396	8	0	5417
21031	11	11	5455	7	0	5484
21032	5497	1	31	17	0	5546
21033	32	3	10	5514	0	5559
21034	9	5618	9	33	0	5669
21035	9	21	4	5616	0	5650
21036	8	5732	9	26	0	5775
21037	5778	27	5	24	0	5834
21038	34	6	3	5863	0	5906
21039	11	4	2	5971	0	5988
21040	6038	4	4	46	0	6092
21041	37	6	4	6087	0	6134
21042	13	1	6	6215	0	6235
21043	6319	3	3	55	0	6380
21044	39	4	6401	18	0	6462
21045	23	4	39	6357	0	6423
21046	11	7	6367	45	0	6430
21047	6324	3	40	21	0	6388
21048	54	1	9	6438	0	6502
21049	6429	1	9	56	0	6495
21050	53	2	6	6551	0	6612
21051	14	6	6681	48	0	6749
21052	20	2	43	6847	0	6912
21053	6971	4	14	68	0	7057
21054	45	7107	9	16	0	7177
21055	17	45	7085	11	0	7158
21056	6887	13	43	20	0	6963
21057	47	7139	18	12	0	7216
21058	18	7322	9	14	0	7363
21059	5	7861	7	15	0	7888
21060	23	65	7	8393	0	8488
21061	8536	14	11	78	0	8639
21062	8795	10	7	30	0	8842
21063	89	18	8758	7	0	8872
21064	8653	8	72	17	0	8750
21065	74	8680	27	14	0	8795
21066	33	66	11	8810	0	8920
21067	9035	23	8	79	0	9145
21068	9110	13	4	43	0	9170
21069	9153	9	12	32	0	9206
21070	9114	5	6	25	0	9150
21071	9184	14	12	22	0	9232
21072	113	7	7	9120	0	9247
21073	52	18	9128	71	0	9269
21074	43	11	68	9269	0	9391
21075	43	7	22	9355	0	9427
21076	9283	7	6	102	0	9398
21077	108	9054	14	43	0	9219
21078	9145	74	10	38	0	9267
21079	9319	20	15	27	0	9381
21080	9537	12	12	44	0	9605
21081	9638	6	10	29	0	9683
21082	131	20	9498	23	0	9672
21083	9512	10	84	34	0	9640
21084	9641	7	24	25	0	9697
21085	9420	18	19	29	0	9486
21086	9686	8	12	32	0	9738
21087	156	9	10	9423	0	9598
21088	82	18	9303	84	0	9487
21089	9315	12	77	43	0	9447
21090	128	9391	32	23	0	9574
21091	84	71	19	9347	0	9521
21092	60	9499	21	82	0	9662
21093	63	69	16	9650	0	9798
21094	9746	23	20	96	0	9885
21095	9763	13	11	57	0	9844
21096	9794	18	18	32	0	9862
21097	129	22	9487	28	0	9666
21098	9433	17	74	23	0	9547
21099	122	18	9367	22	0	9529
21100	81	17	9401	21	0	9520
21101	60	19	9605	25	0	9709
21102	66	43	93	9299	0	9501
21103	56	6	35	9285	0	9382
21104	59	8	26	9293	0	9386
21105	47	9	33	9276	0	9365
21106	56	10	27	9236	0	9329
21107	38	10	28	9254	0	9330
21108	36	9250	30	119	0	9435
21109	9165	84	23	62	0	9334
21110	90	9232	28	47	0	9397
21111	56	81	16	9284	0	9437
21112	46	27	12	9388	0	9473
21113	9277	15	12	132	0	9436
21114	100	9260	21	57	0	9438
21115	9324	75	12	60	0	9471
21116	115	28	23	9296	0	9462
21117	73	15	18	9320	0	9426
21118	50	24	23	9311	0	9408
21119	50	23	9234	120	0	9427
21120	31	32	84	9209	0	9356
21121	44	15	9089	124	0	9272
21122	36	29	9026	66	0	9157
21123	47	14	9478	56	0	9595
21124	52	16	91	9593	0	9752
21125	55	14	41	9741	0	9851
21126	49	16	20	9846	0	9931
21127	9833	13	30	148	0	10024
21128	124	19	28	10061	0	10232
21129	10164	13	32	143	0	10352
21130	121	10174	25	70	0	10390
21131	10608	89	33	54	0	10784
21132	11004	20	22	71	0	11117
21133	140	11216	28	49	0	11433
21134	11270	97	19	78	0	11464
21135	11372	24	18	67	0	11481
21136	11476	22	19	70	0	11587
21137	11457	12	20	57	0	11546
21138	155	22	11285	37	0	11499
21139	88	11131	92	47	0	11358
21140	84	118	34	11069	0	11305
21141	11127	23	27	109	0	11286
21142	134	30	11010	37	0	11211
21143	83	10872	100	43	0	11098
21144	79	75	32	10590	0	10776
21145	63	10853	24	100	0	11040
21146	75	88	24	10880	0	11067
21147	77	43	21	10953	0	11094
21148	67	27	10935	121	0	11150
21149	67	44	10815	35	0	10961
21150	10539	22	107	59	0	10727
21151	127	34	10760	25	0	10946
21152	49	26	10798	43	0	10916
21153	65	41	105	10695	0	10906
21154	53	34	50	10633	0	10770
21155	42	10608	44	115	0	10809
21156	63	11173	33	56	0	11325
21157	51	117	11185	42	0	11395
21158	57	137	152	11127	0	11473
21159	32	29	10852	117	0	11030
21160	18	17	10122	35	0	10192
21161	17	10027	109	22	0	10175
21162	58	93	36	9786	0	9973
21163	9813	12	38	92	0	9955
21164	83	14	20	9887	0	10004
21165	9913	12	17	98	0	10040
21166	9905	9	18	50	0	9982
21167	9863	17	16	27	0	9923
21168	98	20	9785	29	0	9932
21169	9841	13	85	30	0	9969
21170	106	14	18	9965	0	10103
21171	9990	9	23	103	0	10125
21172	10060	11	23	33	0	10127
21173	108	9962	20	22	0	10112
21174	9920	80	16	40	0	10056
21175	101	20	9983	18	0	10122
21176	9874	12	89	32	0	10007
21177	9958	14	22	30	0	10024
21178	103	9936	16	22	0	10077
21179	9906	74	23	26	0	10029
21180	114	19	11	9612	0	9756
21181	44	15	17	9569	0	9645
21182	38	9489	18	86	0	9631
21183	51	74	12	9562	0	9699
21184	37	21	13	9638	0	9709
21185	44	22	9543	84	0	9693
21186	29	26	9516	28	0	9599
21187	9420	14	81	39	0	9554
21188	9559	13	20	29	0	9621
21189	107	14	22	9591	0	9734
21190	37	22	9578	84	0	9721
21191	37	9583	75	31	0	9726
21192	39	81	26	9530	0	9676
21193	29	23	9645	93	0	9790
21194	9520	13	95	32	0	9660
21195	104	22	24	9856	0	10006
21196	41	10004	26	100	0	10171
21197	31	92	24	10072	0	10219
21198	33	22	24	10284	0	10363
21199	24	18	28	10317	0	10387
21200	10101	21	18	128	0	10268
21201	112	9	23	9982	0	10126
21202	10096	20	23	118	0	10257
21203	10192	10	14	65	0	10281
21204	133	14	10093	34	0	10274
21205	46	10186	102	44	0	10378
21206	53	93	26	9780	0	9952
21207	34	10506	28	91	0	10659
21208	10636	104	16	55	0	10811
21209	117	36	19	10661	0	10833
21210	43	27	10627	120	0	10817
21211	36	28	10596	46	0	10706
21212	33	22	10616	43	0	10714
21213	10563	23	127	40	0	10753
21214	115	10627	46	39	0	10827
21215	10598	103	30	41	0	10772
21216	125	10642	35	31	0	10833
21217	60	105	25	10718	0	10908
21218	47	38	29	10684	0	10798
21219	45	10715	32	115	0	10907
21220	34	120	10750	46	0	10950
21221	39	10772	106	40	0	10957
21222	10579	111	35	44	0	10769
21223	116	52	22	10202	0	10392
21224	43	33	10089	108	0	10273
21225	29	33	10103	46	0	10211
21226	45	37	121	10017	0	10220
21227	24	38	9867	98	0	10027
21228	39	21	9638	35	0	9733
21229	9344	25	126	32	0	9527
21230	98	9422	42	31	0	9593
21231	9021	80	42	32	0	9175
21232	96	38	9000	20	0	9154
21233	37	8643	109	21	0	8810
21234	21	8741	39	25	0	8826
21235	64	128	54	8569	0	8815
21236	23	33	20	8719	0	8795
21237	29	20	25	8848	0	8922
21238	18	22	8729	129	0	8898
21239	25	16	98	8873	0	9012
21240	26	15	34	9023	0	9098
21241	8966	17	26	134	0	9143
21242	110	8893	28	58	0	9089
21243	38	111	16	9088	0	9253
21244	9070	26	18	138	0	9252
21245	8996	12	26	57	0	9091
21246	140	24	18	8939	0	9121
21247	47	20	8949	118	0	9134
21248	38	20	103	8946	0	9107
21249	25	25	8928	134	0	9112
21250	8994	16	114	62	0	9186
21251	9377	20	47	44	0	9488
21252	154	27	24	9402	0	9607
21253	45	17	9424	131	0	9617
21254	44	9603	116	47	0	9810
21255	18	131	9713	31	0	9893
21256	47	110	126	8924	0	9207
21257	26	9147	39	108	0	9320
21258	8856	104	28	38	0	9026
21259	111	25	12	8752	0	8900
21260	33	8782	24	110	0	8949
21261	8854	101	14	44	0	9013
21262	107	23	22	8781	0	8933
21263	32	8807	15	113	0	8967
21264	38	114	15	8782	0	8949
21265	20	31	8743	122	0	8916
21266	8591	24	104	41	0	8760
21267	8635	19	29	27	0	8710
21268	125	13	8490	23	0	8651
21269	38	8396	113	23	0	8570
21270	8403	106	29	22	0	8560
21271	120	22	24	8324	0	8490
21272	41	22	23	8360	0	8446
21273	37	11	12	8405	0	8465
21274	26	9	19	8389	0	8443
21275	30	8	15	8308	0	8361
21276	8204	19	5	150	0	8378
21277	8328	7	13	49	0	8397
21278	124	10	14	8200	0	8348
21279	58	14	10	8336	0	8418
21280	32	14	8183	144	0	8373
21281	18	13	8192	64	0	8287
21282	8088	15	126	40	0	8269
21283	139	8	41	8061	0	8249
21284	39	16	8032	128	0	8215
21285	41	10	110	8046	0	8207
21286	8044	6	30	142	0	8222
21287	8169	9	33	49	0	8260
21288	140	16	17	8094	0	8267
21289	63	7	15	8117	0	8202
21290	8049	8	23	150	0	8230
21291	131	7	20	7971	0	8129
21292	41	7977	20	135	0	8173
21293	39	116	20	7835	0	8010
21294	32	37	9	7851	0	7929
21295	30	16	7659	131	0	7836
21296	27	18	7437	53	0	7535
21297	18	7490	106	45	0	7659
21298	7310	100	52	43	0	7505
21299	7268	30	23	28	0	7349
21300	7279	13	13	36	0	7341
21301	127	7092	11	33	0	7263
21302	39	7138	24	29	0	7230
21303	6979	102	20	30	0	7131
21304	108	7030	19	31	0	7188
21305	41	96	6851	20	0	7008
21306	32	6842	99	26	0	6999
21307	38	101	6549	25	0	6713
21308	6341	43	99	26	0	6509
21309	6447	21	24	31	0	6523
21310	102	6353	18	36	0	6509
21311	6445	96	15	21	0	6577
21312	6862	23	11	18	0	6914
21313	6903	21	6	36	0	6966
21314	136	13	17	6829	0	6995
21315	6843	17	10	121	0	6991
21316	143	8	6702	40	0	6893
21317	6697	16	105	33	0	6851
21318	146	12	29	6709	0	6896
21319	47	14	6631	114	0	6806
21320	45	11	6704	36	0	6796
21321	33	22	127	6684	0	6866
21322	39	11	46	6751	0	6847
21323	6674	16	35	143	0	6868
21324	133	8	12	6644	0	6797
21325	44	9	6577	145	0	6775
21326	36	9	118	6522	0	6685
21327	27	6702	38	123	0	6890
21328	6679	93	20	53	0	6845
21329	113	26	13	6697	0	6849
21330	42	25	6558	119	0	6744
21331	30	6516	107	53	0	6706
21332	6268	86	37	34	0	6425
21333	107	27	26	6364	0	6524
21334	43	30	6312	98	0	6483
21335	34	6238	98	41	0	6411
21336	6109	99	55	41	0	6304
21337	6085	19	35	24	0	6163
21338	6088	27	14	21	0	6150
21339	132	7	8	5848	0	5995
21340	53	8	6	5847	0	5914
21341	5692	6	18	96	0	5812
21342	89	5638	15	43	0	5785
21343	5481	65	5	43	0	5594
21344	91	17	11	5455	0	5574
21345	5574	17	9	77	0	5677
21346	88	6	15	5590	0	5699
21347	45	12	10	5568	0	5635
21348	43	7	5	5569	0	5624
21349	33	10	6	5605	0	5654
21350	25	11	5264	90	0	5390
21351	16	13	4966	38	0	5033
21352	4568	6	53	29	0	4656
21353	57	3	4708	13	0	4781
21354	16	5	4338	11	0	4370
21355	4228	5	64	11	0	4308
21356	4243	2	41	11	0	4297
21357	54	12	22	4547	0	4635
21358	4601	1	18	47	0	4667
21359	56	4736	10	24	0	4826
21360	4859	36	8	27	0	4930
21361	4843	11	9	14	0	4877
21362	5047	16	2	13	0	5078
21363	69	5	4	5050	0	5128
21364	33	4965	8	49	0	5055
21365	23	5054	8	19	0	5104
21366	5042	50	12	14	0	5118
21367	5106	25	4	11	0	5146
21368	59	16	5	5081	0	5161
21369	39	6	5	5101	0	5151
21370	19	5059	6	65	0	5149
21371	5091	41	6	30	0	5168
21372	47	19	5107	18	0	5191
21373	25	15	35	5158	0	5233
21374	28	5	16	5182	0	5231
21375	13	1	5214	56	0	5284
21376	15	6	39	5189	0	5249
21377	13	4847	18	55	0	4933
21378	15	42	15	5271	0	5343
21379	22	8	9	5205	0	5244
21380	13	5076	7	52	0	5148
21381	9	5268	6	32	0	5315
21382	15	40	5	5275	0	5335
21383	5342	24	5	53	0	5424
21384	45	20	1	5385	0	5451
21385	21	4	6	5483	0	5514
21386	20	5783	7	58	0	5868
21387	14	45	4	5903	0	5966
21388	9	16	6	5902	0	5933
21389	10	15	5	5912	0	5942
21390	5889	8	5	70	0	5972
21391	45	4	5	5953	0	6007
21392	17	3	6	5926	0	5952
21393	18	11	2	5939	0	5970
21394	11	11	5847	64	0	5933
21395	5514	3	43	52	0	5612
21396	45	5821	22	23	0	5911
21397	5836	33	19	15	0	5903
21398	52	11	5	5840	0	5908
21399	21	16	5806	37	0	5880
21400	5657	9	36	31	0	5733
21401	49	7	7139	21	0	7216
21402	26	9	42	7336	0	7413
21403	7560	6	18	57	0	7641
21404	7532	4	13	36	0	7585
21405	7721	6	5	51	0	7783
21406	65	5	1	7890	0	7961
21407	40	6	5	7947	0	7998
21408	29	12	6	7968	0	8015
21409	13	7828	4	58	0	7903
21410	12	7776	10	36	0	7834
21411	9	7693	10	22	0	7734
21412	5	7796	10	8	0	7819
21413	14	17	5	7910	0	7946
21414	3	2	6	7909	0	7920
21415	7938	2	2	34	0	7976
21416	7838	1	4	26	0	7869
21417	8026	2	6	20	0	8054
21418	21	2	1	8199	0	8223
21419	11	1	3	8260	0	8275
21420	8213	4	3	47	0	8267
21421	8140	2	2	28	0	8172
21422	19	16	8189	6	0	8230
21423	10	17	8084	7	0	8118
21424	8	18	8302	5	0	8333
21425	4	14	8593	3	0	8614
21426	7	3	17	8673	0	8700
21427	8544	2	3	41	0	8590
21428	20	8573	11	15	0	8619
21429	13	22	2	8782	0	8819
21430	9	21	8816	16	0	8862
21431	4	9231	24	15	0	9274
21432	6	13	5	9399	0	9423
21433	9	13	9381	18	0	9421
21434	20	4	16	9338	0	9378
21435	13	7	5	9540	0	9565
21436	9635	1	4	46	0	9686
21437	16	2	6	9742	0	9766
21438	4	17	9823	17	0	9861
21439	12	4	16	9842	0	9874
21440	6	10435	13	24	0	10478
21441	6	20	3	10845	0	10874
21442	9	9	2	10906	0	10926
21443	5	4	6	10914	0	10929
21444	11038	7	4	59	0	11108
21445	11053	3	3	46	0	11105
21446	11277	3	4	42	0	11326
21447	11320	3	3	51	0	11377
21448	22	16	11327	7	0	11372
21449	11112	6	20	35	0	11173
21450	11359	0	3	37	0	11399
21451	25	20	11326	12	0	11383
21452	8	20	11635	9	0	11672
21453	13	5	20	11818	0	11856
21454	2	11873	15	21	0	11911
21455	12024	14	6	62	0	12106
21456	12234	4	5	42	0	12285
21457	12316	1	5	47	0	12369
21458	22	2	1	12403	0	12428
21459	9	12817	14	24	0	12864
21460	13277	19	1	56	0	13353
21461	13565	3	3	55	0	13626
21462	25	3	2	13614	0	13644
21463	11	27	13447	20	0	13505
21464	13520	4	24	48	0	13596
21465	24	7	9	14064	0	14104
21466	14274	3	3	63	0	14343
21467	24	3	6	14647	0	14680
21468	9	26	14739	19	0	14793
21469	15545	1	17	70	0	15633
21470	30	5	10	15952	0	15997
21471	11	8	3	16067	0	16089
21472	20	3	2	16105	0	16130
21473	16	4	3	16111	0	16134
21474	16261	1	2	77	0	16341
21475	24	4	4	16298	0	16330
21476	30	16273	19	33	0	16355
21477	11	22	2	16517	0	16552
21478	5	16497	18	28	0	16548
21479	12	24	0	16811	0	16847
21480	14	7	4	16981	0	17006
21481	3	16910	26	29	0	16968
21482	7	18	1	17118	0	17144
21483	12	9	8	17020	0	17049
21484	16988	3	4	89	0	17084
21485	21	28	17279	13	0	17341
21486	9	6	23	17510	0	17548
21487	17592	4	2	94	0	17692
21488	17545	3	7	66	0	17621
21489	17659	5	5	67	0	17736
21490	42	27	17749	6	0	17824
21491	15	46	18027	8	0	18096
21492	21	17	47	18637	0	18722
21493	18750	3	14	115	0	18882
21494	49	18	18554	17	0	18638
21495	18191	2	53	68	0	18314
21496	50	19017	39	21	0	19127
21497	36	46	7	20165	0	20254
21498	27	10	8	20653	0	20698
21499	20894	4	8	124	0	21030
21500	55	8	10	21265	0	21338
21501	20366	1	6	119	0	20492
21502	20731	2	6	105	0	20844
21503	67	8	5	20754	0	20834
21504	38	5	6	20868	0	20917
21505	21003	5	5	133	0	21146
21506	52	39	22342	23	0	22456
21507	22342	6	49	115	0	22512
21508	61	39	23679	15	0	23794
21509	23902	6	54	106	0	24068
21510	25305	5	17	127	0	25454
21511	25348	6	13	98	0	25465
21512	24980	6	12	94	0	25092
21513	73	25386	36	22	0	25517
21514	25829	46	15	102	0	25992
21515	26200	14	13	106	0	26333
21516	72	27560	43	23	0	27698
21517	27756	58	12	148	0	27974
21518	92	59	27730	20	0	27901
21519	28532	13	60	114	0	28719
21520	159	114	29088	12	0	29373
21521	78	13	130	29754	0	29975
21522	52	7	28	30406	0	30493
21523	37	59	30529	180	0	30805
21524	58	10	174	31009	0	31251
21525	134	81	100	27209	0	27524
21526	32761	10	30	353	0	33154
21527	252	10	21	33135	0	33418
21528	78	15	17	33424	0	33534
21529	77	7	8	33469	0	33561
21530	33	32872	55	313	0	33273
21531	42	220	16	33150	0	33428
21532	33137	38	16	395	0	33586
21533	261	90	33626	77	0	34054
21534	108	19	263	34289	0	34679
21535	55	62	34244	330	0	34691
21536	34225	14	310	181	0	34730
21537	351	15	74	36071	0	36511
21538	84	120	43644	422	0	44270
21539	125	24	670	44226	0	45045
21540	142	22	432	44362	0	44958
21541	35	44409	468	1149	0	46061
21542	122	632	221	46299	0	47274
21543	143	418	84	48725	0	49370
21544	55	472	47951	1437	0	49915
21545	134	204	789	48690	0	49817
21546	156	79	474	49296	0	50005
21547	47826	49	436	1690	0	50001
21548	48005	30	271	1183	0	49489
21549	1159	47811	211	820	0	50001
21550	48835	757	135	623	0	50350
21551	49102	459	110	574	0	50245
21552	1487	50112	239	365	0	52203
21553	1114	996	100	50137	0	52347
21554	50585	549	83	1268	0	52485
21555	50954	512	88	872	0	52426
21556	50713	296	110	827	0	51946
21557	1831	49489	187	546	0	52053
21558	1354	943	49976	374	0	52647
21559	50627	524	845	486	0	52482
21560	51126	587	485	459	0	52657
21561	1639	50431	519	378	0	52967
21562	51291	988	290	498	0	53067
21563	52110	622	228	395	0	53355
21564	2069	572	141	50728	0	53510
21565	1363	510	50759	1180	0	53812
21566	1244	282	994	51642	0	54162
21567	933	196	553	52201	0	53883
21568	754	217	519	52572	0	54062
21569	548	356	50444	1947	0	53295
21570	711	160	1039	50984	0	52894
21571	677	226	591	51674	0	53168
21572	605	148	566	52011	0	53330
21573	649	163	414	52210	0	53436
21574	573	179	208	52378	0	53338
21575	443	50226	250	2816	0	53735
21576	512	1004	182	52156	0	53854
21577	457	581	319	53230	0	54587
21578	330	548	51301	2262	0	54441
21579	479	318	1015	54026	0	55838
21580	464	236	579	54754	0	56033
21581	484	199	567	55684	0	56934
21582	432	190	410	56521	0	57553
21583	54458	214	340	2947	0	57959
21584	1344	175	258	56332	0	58109
21585	937	185	169	56475	0	57766
21586	753	307	53597	2553	0	57210
21587	580	52133	1145	1996	0	55854
21588	370	54177	836	1627	0	57010
21589	53396	1476	697	1356	0	56925
21590	1204	53829	553	1164	0	56750
21591	971	1643	268	53522	0	56404
21592	53139	928	261	2061	0	56389
21593	1508	782	52673	1553	0	56516
21594	1094	543	1197	53445	0	56279
21595	920	53073	800	1987	0	56780
21596	734	1288	625	53348	0	55995
21597	489	52692	547	2255	0	55983
21598	641	1646	277	53277	0	55841
21599	52123	989	224	2392	0	55728
21600	1494	1011	52109	1478	0	56092
21601	1114	601	1245	51777	0	54737
21602	964	51735	848	1995	0	55542
21603	51755	1396	757	1434	0	55342
21604	1477	934	51181	1401	0	54993
21605	1104	878	1297	51224	0	54503
21606	1013	618	49459	1909	0	52999
21607	983	447	1633	49309	0	52372
21608	629	479	48245	2214	0	51567
21609	566	421	1786	47891	0	50664
21610	532	401	1040	48063	0	50036
21611	46155	340	878	2548	0	49921
21612	46805	356	687	1866	0	49714
21613	2070	365	440	46099	0	48974
21614	1464	44883	534	2041	0	48922
21615	1275	1281	325	45864	0	48745
21616	839	807	448	45309	0	47403
21617	43170	655	381	2715	0	46921
21618	1450	42738	495	2087	0	46770
21619	42193	1222	324	1729	0	45468
21620	42244	884	357	1298	0	44783
21621	1932	40249	309	1251	0	43741
21622	1442	41222	357	1063	0	44084
21623	40454	1495	328	1197	0	43474
21624	1628	1067	39015	1200	0	42910
21625	38702	802	1129	987	0	41620
21626	38771	656	728	931	0	41086
21627	2060	37316	731	885	0	40992
21628	1695	1179	455	35520	0	38849
21629	1172	37476	423	1562	0	40633
21630	37238	1586	360	1223	0	40407
21631	37916	1027	373	1022	0	40338
21632	1930	874	354	36702	0	39860
21633	1673	729	322	36416	0	39140
21634	35648	546	215	1977	0	38386
21635	1528	34398	245	1758	0	37929
21636	1259	33653	311	1382	0	36605
21637	1059	33359	327	998	0	35743
21638	411	23907	122	508	0	24948
21639	412	23982	192	451	0	25037
21640	666	1112	359	22466	0	24603
21641	256	494	21954	824	0	23528
21642	354	21501	434	488	0	22777
21643	19175	620	204	292	0	20291
21644	582	317	183	18613	0	19695
21645	18623	229	105	526	0	19483
21646	513	18474	139	321	0	19447
21647	18522	444	155	286	0	19407
21648	537	18171	171	617	0	19496
21649	372	482	173	18488	0	19515
21650	18546	266	168	461	0	19441
21651	18779	203	136	359	0	19477
21652	569	195	135	18557	0	19456
21653	400	178	110	18621	0	19309
21654	284	18212	98	665	0	19259
21655	341	437	80	18288	0	19146
21656	347	244	53	18516	0	19160
21657	322	271	54	18205	0	18852
21658	276	17277	64	680	0	18297
21659	16340	347	57	411	0	17155
21660	364	16299	53	366	0	17082
21661	15868	433	40	255	0	16596
21662	468	15832	66	201	0	16567
21663	363	417	15318	178	0	16276
21664	340	331	298	15064	0	16033
21665	257	249	14681	341	0	15528
21666	229	211	14357	203	0	15000
21667	263	222	391	14045	0	14921
21668	201	186	14158	344	0	14889
21669	262	136	347	13889	0	14634
21670	279	113	209	14011	0	14612
21671	232	148	152	14102	0	14634
21672	13846	126	98	535	0	14605
21673	407	162	74	13818	0	14461
21674	302	138	62	13663	0	14165
21675	13031	94	36	502	0	13663
21676	384	12721	47	357	0	13509
21677	248	11980	42	284	0	12554
21678	244	11970	40	201	0	12455
21679	154	640	63	9783	0	10640
21680	105	122	9837	221	0	10285
21681	8580	193	202	124	0	9099
21682	161	8624	58	72	0	8915
21683	8166	130	53	68	0	8417
21684	8148	67	18	52	0	8285
21685	8154	56	23	42	0	8275
21686	168	78	8127	30	0	8403
21687	88	62	98	8225	0	8473
21688	89	60	52	8285	0	8486
21689	121	33	25	8363	0	8542
21690	88	42	36	8198	0	8364
21691	70	8192	27	160	0	8449
21692	8043	107	17	102	0	8269
21693	113	59	7626	61	0	7859
21694	7336	28	79	70	0	7513
21695	133	114	35	7067	0	7349
21696	67	6984	15	110	0	7176
21697	53	7131	9	67	0	7260
21698	91	397	41	6391	0	6920
21699	35	6561	20	86	0	6702
21700	5839	62	27	36	0	5964
21701	39	26	5719	21	0	5805
21702	22	15	30	5505	0	5572
21703	16	12	17	5649	0	5694
21704	14	3	7	5722	0	5746
21705	11	13	7	5713	0	5744
21706	5811	6	7	54	0	5878
21707	36	6	6	6024	0	6072
21708	6679	3	5	66	0	6753
21709	55	9	4	6944	0	7012
21710	26	5	4	7349	0	7384
21711	16	5751	8	1852	0	7627
21712	7966	50	1	52	0	8069
21713	8134	18	9	33	0	8194
21714	84	8056	1	26	0	8167
21715	30	70	2	7790	0	7892
21716	19	7935	4	69	0	8027
21717	6834	72	1094	29	0	8029
21718	64	25	7918	15	0	8022
21719	24	18	7756	14	0	7812
21720	7593	11	78	16	0	7698
21721	65	7687	31	14	0	7797
21722	25	62	12	7650	0	7749
21723	19	18	10	7717	0	7764
21724	15	18	7679	86	0	7798
21725	9	15	66	7716	0	7806
21726	15	6	16	7782	0	7819
21727	16	7617	11	89	0	7733
21728	14	69	8	7633	0	7724
21729	5	21	4	7649	0	7679
21730	7505	14	5	99	0	7623
21731	69	7401	9	34	0	7513
21732	22	7479	14	27	0	7542
21733	15	69	12	7495	0	7591
21734	19	28	5	7561	0	7613
21735	10	23	5	7536	0	7574
21736	8	7462	4	97	0	7571
21737	16	66	2	7513	0	7597
21738	13	24	8	7447	0	7492
21739	12	9	9	7484	0	7514
21740	11	13	2	7477	0	7503
21741	8	7396	5	105	0	7514
21742	3	7643	4	43	0	7693
21743	7532	71	5	43	0	7651
21744	7574	16	4	31	0	7625
21745	87	23	3	7546	0	7659
21746	40	27	7551	77	0	7695
21747	28	18	66	7585	0	7697
21748	23	13	13	7526	0	7575
21749	7399	9	14	112	0	7534
21750	76	7482	15	39	0	7612
21751	33	67	3	7441	0	7544
21752	26	88	8	7411	0	7533
21753	14	21	7379	101	0	7515
21754	10	15	7386	53	0	7464
21755	12	16	78	7341	0	7447
21756	13	18	28	7347	0	7406
21757	11	7320	26	80	0	7437
21758	16	7422	15	41	0	7494
21759	7418	77	8	55	0	7558
21760	76	30	17	7644	0	7767
21761	18	27	7631	99	0	7775
21762	17	7590	71	47	0	7725
21763	34	83	27	7611	0	7755
21764	7650	32	12	94	0	7788
21765	77	25	8	7710	0	7820
21766	7610	21	7	118	0	7756
21767	85	7648	20	57	0	7810
21768	7497	82	13	42	0	7634
21769	102	25	7	7576	0	7710
21770	28	27	7772	105	0	7932
21771	23	23	71	7770	0	7887
21772	17	7896	25	110	0	8048
21773	24	93	21	7893	0	8031
21774	19	8070	20	111	0	8220
21775	17	101	13	8251	0	8382
21776	16	36	8077	122	0	8251
21777	22	32	7994	56	0	8104
21778	19	31	8065	57	0	8172
21779	7945	16	109	59	0	8129
21780	95	7960	43	44	0	8142
21781	42	8089	28	36	0	8195
21782	7960	107	16	38	0	8121
21783	7921	48	14	42	0	8025
21784	112	35	21	7875	0	8043
21785	42	27	7853	114	0	8036
21786	39	31	7692	49	0	7811
21787	27	18	110	7624	0	7779
21788	7588	25	50	121	0	7784
21789	94	7542	37	83	0	7756
21790	42	99	21	7621	0	7783
21791	7510	34	23	129	0	7696
21792	7544	32	27	57	0	7660
21793	102	25	7495	50	0	7672
21794	7339	23	91	56	0	7509
21795	111	27	7489	54	0	7681
21796	41	32	7629	37	0	7739
21797	41	30	107	7398	0	7576
21798	44	16	34	7458	0	7552
21799	41	22	29	7493	0	7585
21800	24	30	7406	125	0	7585
21801	7444	26	94	69	0	7633
21802	97	15	32	7649	0	7793
21803	7491	19	25	125	0	7660
21804	7528	17	17	67	0	7629
21805	116	7556	24	44	0	7740
21806	49	7598	23	42	0	7712
21807	36	7323	30	39	0	7428
21808	49	133	32	6558	0	6772
21809	17	27	6530	72	0	6646
21810	26	225	67	5904	0	6222
21811	12	6016	30	66	0	6124
21812	14	5822	23	31	0	5890
21813	24	62	9	5681	0	5776
21814	5603	23	18	63	0	5707
21815	57	5572	20	28	0	5677
21816	17	5594	16	24	0	5651
21817	5626	55	8	34	0	5723
21818	67	26	11	5620	0	5724
21819	28	18	11	5652	0	5709
21820	23	13	12	5707	0	5755
21821	5586	8	6	89	0	5689
21822	5622	10	11	32	0	5675
21823	80	9	9	5609	0	5707
21824	30	10	5497	63	0	5600
21825	5504	16	55	28	0	5603
21826	69	15	18	5528	0	5630
21827	20	14	5521	68	0	5623
21828	27	6	5520	29	0	5582
21829	17	10	63	5612	0	5702
21830	13	15	5788	70	0	5886
21831	12	13	74	6029	0	6128
21832	23	13	22	6157	0	6215
21833	21	8	21	6308	0	6358
21834	6238	5	18	106	0	6367
21835	96	14	12	6253	0	6375
21836	34	16	9	6307	0	6366
21837	37	17	10	6280	0	6344
21838	32	10	8	6306	0	6356
21839	14	12	6146	111	0	6283
21840	16	6115	81	43	0	6255
21841	22	71	21	5916	0	6030
21842	15	18	20	5886	0	5939
21843	14	5724	16	84	0	5838
21844	15	5939	13	41	0	6008
21845	5887	78	21	37	0	6023
21846	70	5724	12	63	0	5869
21847	34	75	9	5713	0	5831
21848	27	19	5768	72	0	5886
21849	5691	18	72	37	0	5818
21850	71	16	5589	26	0	5702
21851	5536	14	73	34	0	5657
21852	5596	5	24	36	0	5661
21853	84	12	5606	20	0	5722
21854	32	10	63	5435	0	5540
21855	22	5544	30	81	0	5677
21856	27	68	17	5635	0	5747
21857	5644	15	13	101	0	5773
21858	5675	13	16	34	0	5738
21859	90	5574	11	29	0	5704
21860	5371	60	9	36	0	5476
21861	77	12	11	5265	0	5365
21862	5247	16	7	81	0	5351
21863	5303	9	9	43	0	5364
21864	85	8	11	5238	0	5342
21865	5168	8	8	81	0	5265
21866	5190	9	7	49	0	5255
21867	70	14	5093	36	0	5213
21868	5036	13	57	31	0	5137
21869	82	14	5007	20	0	5123
21870	28	12	4774	13	0	4827
21871	15	4874	74	21	0	4984
21872	25	72	31	4732	0	4860
21873	15	16	4832	55	0	4918
21874	9	19	4763	19	0	4810
21875	4782	14	59	21	0	4876
21876	59	6	26	4766	0	4857
21877	20	9	16	4903	0	4948
21878	19	12	12	4913	0	4956
21879	20	15	9	4926	0	4970
21880	15	10	10	4956	0	4991
21881	16	9	4881	83	0	4989
21882	14	7	4893	33	0	4947
21883	17	8	58	4917	0	5000
21884	4888	11	16	74	0	4989
21885	57	4858	17	28	0	4960
21886	28	50	14	4836	0	4928
21887	4856	11	8	74	0	4949
21888	64	4856	14	24	0	4958
21889	20	57	9	4877	0	4963
21890	30	19	3	4943	0	4995
21891	31	7	11	4927	0	4976
21892	4883	8	13	66	0	4970
21893	65	9	4846	29	0	4949
21894	4861	5	59	33	0	4958
21895	70	3	20	4889	0	4982
21896	21	8	18	4797	0	4844
21897	21	4825	15	70	0	4931
21898	18	57	4865	28	0	4968
21899	4815	8	63	29	0	4915
21900	4897	9	22	22	0	4950
21901	72	11	4689	13	0	4785
21902	4521	6	58	23	0	4608
21903	72	4655	11	22	0	4760
21904	18	4713	17	24	0	4772
21905	14	4664	16	15	0	4709
21906	4480	56	19	15	0	4570
21907	53	9	4518	16	0	4596
21908	9	28	60	4274	0	4371
21909	17	4209	8	47	0	4281
21910	11	4233	10	11	0	4265
21911	7	4180	9	11	0	4207
21912	20	62	6	3876	0	3964
21913	4009	6	5	59	0	4079
21914	44	4061	6	15	0	4126
21915	11	46	2	4056	0	4115
21916	7	6	6	4098	0	4117
21917	4033	5	6	52	0	4096
21918	48	3	3	4051	0	4105
21919	17	3	4	4136	0	4160
21920	5	5	4166	49	0	4225
21921	5	2	39	4158	0	4204
21922	13	8	6	4271	0	4298
21923	4261	7	3	48	0	4319
21924	4277	6	4	19	0	4306
21925	48	1	3	4295	0	4347
21926	4283	0	1	50	0	4334
21927	4293	7	5	10	0	4315
21928	41	4323	11	9	0	4384
21929	10	36	4243	11	0	4300
21930	10	4083	36	6	0	4135
21931	30	73	11	3821	0	3935
21932	3704	6	23	34	0	3767
21933	24	3691	3	6	0	3724
21934	5	21	3	3711	0	3740
21935	3706	2	3	25	0	3736
21936	3705	2	1	8	0	3716
21937	26	2	1	3737	0	3766
21938	4	8	3879	23	0	3914
21939	4	3	18	3952	0	3977
21940	4	1	2	4029	0	4036
21941	1	5	4030	23	0	4059
21942	1	2	25	4002	0	4030
21943	6	2	2	4044	0	4054
21944	4152	1	1	29	0	4183
21945	22	2	1	4199	0	4224
21946	6	3	1	4231	0	4241
21947	4207	2	1	35	0	4245
21948	4144	3	1	11	0	4159
21949	4142	0	2	14	0	4158
21950	25	4	4127	3	0	4159
21951	4	6	20	4124	0	4154
21952	2	4211	5	23	0	4241
21953	1	21	1	4298	0	4321
21954	5	12	4426	19	0	4462
21955	9	9	16	4354	0	4388
21956	2	7	4383	20	0	4412
21957	4232	1	29	10	0	4272
21958	4274	1	4	10	0	4289
21959	16	1	1	4416	0	4434
21960	10	0	0	4455	0	4465
21961	3	0	2	4466	0	4471
21962	2	4631	2	23	0	4658
21963	4626	12	2	17	0	4657
21964	4687	5	0	14	0	4706
21965	20	5	2	4677	0	4704
21966	5	1	1	4707	0	4714
21967	7	1	1	4714	0	4723
21968	7	0	2	4757	0	4766
21969	2	8	4721	19	0	4750
21970	4	2	15	4788	0	4809
21971	4699	3	5	26	0	4733
21972	4686	0	1	13	0	4700
21973	23	1	2	4584	0	4610
21974	5	7	4541	21	0	4574
21975	4459	3	18	11	0	4491
21976	21	2	5	4729	0	4757
21977	9	4721	10	24	0	4764
21978	2	4899	4	11	0	4916
21979	4999	25	7	16	0	5047
21980	30	4	4	5117	0	5155
21981	10	3	4	5204	0	5221
21982	6	1	4	5404	0	5415
21983	6	1	2	5475	0	5484
21984	5	3	1	5662	0	5671
21985	5	8	5623	41	0	5677
21986	3	2	5603	16	0	5624
21987	2	1	5637	12	0	5652
21988	8	1	39	5640	0	5688
21989	8	7	5759	39	0	5813
21990	10	2	37	5792	0	5841
21991	9	3	14	5857	0	5883
21992	6	0	6	5958	0	5970
21993	6027	2	6	62	0	6097
21994	55	1	6	6093	0	6155
21995	11	0	5	6195	0	6211
21996	6156	1	4	66	0	6227
21997	46	6207	9	21	0	6283
21998	14	6349	7	14	0	6384
21999	6330	61	7	22	0	6420
22000	54	6429	5	17	0	6505
22001	6432	55	7	21	0	6515
22002	6522	17	4	18	0	6561
22003	6515	8	3	22	0	6548
22004	6490	5	3	26	0	6524
22005	6511	7	5	27	0	6550
22006	74	6462	8	25	0	6569
22007	6438	60	2	25	0	6525
22008	6549	15	6	18	0	6588
22009	81	6693	12	10	0	6796
22010	7162	60	6	21	0	7249
22011	7327	14	5	15	0	7361
22012	7742	9	8	21	0	7780
22013	7996	12	4	21	0	8033
22014	109	16	8307	16	0	8448
22015	66	10	91	8746	0	8913
22016	50	10	22	8974	0	9056
22017	29	9	8858	124	0	9020
22018	25	14	8761	43	0	8843
22019	8757	9	126	31	0	8923
22020	135	14	29	8876	0	9054
22021	42	15	8943	111	0	9111
22022	31	20	8851	33	0	8935
22023	8831	12	133	35	0	9011
22024	8975	8	37	22	0	9042
22025	8950	8	25	34	0	9017
22026	164	11	8875	14	0	9064
22027	82	7	118	8902	0	9109
22028	53	14	8968	113	0	9148
22029	8942	7	118	51	0	9118
22030	141	16	9078	25	0	9260
22031	71	8	131	9010	0	9220
22032	59	14	48	9052	0	9173
22033	44	9144	46	133	0	9367
22034	9213	103	28	59	0	9403
22035	139	27	9194	32	0	9392
22036	9194	12	127	43	0	9376
22037	145	11	9343	26	0	9525
22038	80	10	135	9106	0	9331
22039	73	5	55	9174	0	9307
22040	56	11	52	9165	0	9284
22041	9047	8	40	165	0	9260
22042	168	6	47	8996	0	9217
22043	88	11	31	9023	0	9153
22044	55	8815	53	156	0	9079
22045	58	102	42	8858	0	9060
22046	8777	23	40	162	0	9002
22047	149	24	8746	65	0	8984
22048	99	14	136	8703	0	8952
22049	69	18	8730	145	0	8962
22050	55	8574	149	74	0	8852
22051	53	108	8728	48	0	8937
22052	8581	34	156	74	0	8845
22053	8693	19	61	68	0	8841
22054	183	13	65	8445	0	8706
22055	8461	13	59	160	0	8693
22056	8478	10	53	80	0	8621
22057	180	14	45	8424	0	8663
22058	79	10	56	8529	0	8674
22059	63	22	8363	163	0	8611
22060	69	8250	145	79	0	8543
22061	8272	107	58	67	0	8504
22062	157	8049	58	63	0	8327
22063	81	127	53	8051	0	8312
22064	74	41	46	8064	0	8225
22065	80	24	47	8064	0	8215
22066	82	18	47	8022	0	8169
22067	52	21	7880	184	0	8137
22068	7747	20	149	105	0	8021
22069	7927	20	52	86	0	8085
22070	182	25	45	7770	0	8022
22071	7734	22	38	169	0	7963
22072	178	16	47	7733	0	7974
22073	76	21	7704	169	0	7970
22074	86	20	129	7590	0	7825
22075	55	7551	63	167	0	7836
22076	70	92	42	7295	0	7499
22077	48	7289	50	161	0	7548
22078	64	112	45	7035	0	7256
22079	54	7054	37	160	0	7305
22080	6925	112	36	108	0	7181
22081	130	49	6884	89	0	7152
22082	64	6591	115	87	0	6857
22083	64	6613	63	73	0	6813
22084	89	111	73	6337	0	6610
22085	66	38	36	6428	0	6568
22086	61	29	39	6433	0	6562
22087	53	27	42	6376	0	6498
22088	42	6228	49	154	0	6473
22089	65	98	38	6150	0	6351
22090	62	42	32	6133	0	6269
22091	5974	26	45	145	0	6190
22092	121	29	34	5969	0	6153
22093	66	31	5862	124	0	6083
22094	47	22	5779	90	0	5938
22095	5671	23	99	82	0	5875
22096	106	5673	62	63	0	5904
22097	54	5684	34	58	0	5830
22098	71	99	37	5522	0	5729
22099	51	48	29	5597	0	5725
22100	34	40	5403	127	0	5604
22101	5330	31	77	79	0	5517
22102	5404	33	34	79	0	5550
22103	86	26	5486	80	0	5678
22104	43	34	5367	69	0	5513
22105	5401	19	95	70	0	5585
22106	5540	25	31	68	0	5664
22107	5522	24	28	64	0	5638
22108	5441	20	18	62	0	5541
22109	108	5131	26	49	0	5314
22110	4623	61	22	34	0	4740
22111	83	21	4432	30	0	4566
22112	27	13	3971	33	0	4044
22113	22	20	3921	16	0	3979
22114	67	311	125	2894	0	3397
22115	2822	2	70	14	0	2908
22116	2811	2	2	4	0	2819
22117	13	3	1	2820	0	2837
22118	3	1	2	2846	0	2852
22119	4	2	2	2865	0	2873
22120	2	3046	1	15	0	3064
22121	3130	7	1	10	0	3148
22122	3167	1	3	8	0	3179
22123	3163	4	1	6	0	3174
22124	3154	3	0	3	0	3160
22125	3164	2	1	5	0	3172
22126	14	1	1	3101	0	3117
22127	4	3062	1	15	0	3082
22128	6	11	4	2991	0	3012
22129	9	13	0	2912	0	2934
22130	2849	1	1	8	0	2859
22131	9	2	2807	4	0	2822
22132	8	4	2735	7	0	2754
22133	4	4	2796	7	0	2811
22134	2863	2	14	8	0	2887
22135	2923	1	17	9	0	2950
22136	13	4	3	3035	0	3055
22137	7	0	2	3006	0	3015
22138	7	0	2	3072	0	3081
22139	2	0	3092	11	0	3105
22140	3	1	10	3091	0	3105
22141	1	0	3267	13	0	3281
22142	7	0	12	3288	0	3307
22143	3	2	2	3306	0	3313
22144	3	0	4	3377	0	3384
22145	3397	0	3	14	0	3414
22146	3442	0	1	12	0	3455
22147	10	3	3469	9	0	3491
22148	3434	1	8	4	0	3447
22149	3469	0	2	8	0	3479
22150	12	0	3	3486	0	3501
22151	3552	0	1	18	0	3571
22152	15	1	1	3755	0	3772
22153	7	1	3	3780	0	3791
22154	6	5	3766	15	0	3792
22155	3744	0	13	11	0	3768
22156	17	0	3	3862	0	3882
22157	7	5	3975	15	0	4002
22158	5	3	4170	7	0	4185
22159	6	1	16	4163	0	4186
22160	7	0	9	4184	0	4200
22161	4230	0	8	27	0	4265
22162	16	1	3	4302	0	4322
22163	9	0	1	4320	0	4330
22164	6	0	7	4359	0	4372
22165	6	1	6	4539	0	4552
22166	4657	0	4	39	0	4700
22167	4687	1	1	20	0	4709
22168	4794	1	2	19	0	4816
22169	4866	1	0	16	0	4883
22170	37	1	1	5014	0	5053
22171	5047	0	2	49	0	5098
22172	49	0	6	5068	0	5123
22173	5104	1	6	51	0	5162
22174	50	2	4	5116	0	5172
22175	15	0	4	5155	0	5174
22176	18	5146	5	40	0	5209
22177	11	31	1	5193	0	5236
22178	5174	5	2	53	0	5234
22179	5110	7	5	24	0	5146
22180	48	3	5188	15	0	5254
22181	19	5234	39	15	0	5307
22182	5241	33	11	16	0	5301
22183	37	5381	14	9	0	5441
22184	5384	38	4	20	0	5446
22185	44	5602	5	16	0	5667
22186	16	45	5692	12	0	5765
22187	20	5721	37	11	0	5789
22188	7	5794	12	11	0	5824
22189	12	39	11	5897	0	5959
22190	5992	13	4	46	0	6055
22191	41	14	2	6059	0	6116
22192	27	4	4	6071	0	6106
22193	6033	4	2	52	0	6091
22194	6204	3	3	32	0	6242
22195	49	9	2	6247	0	6307
22196	27	2	3	6256	0	6288
22197	20	7	3	6245	0	6275
22198	6165	1	3	69	0	6238
22199	42	5	6197	25	0	6269
22200	22	1	39	6232	0	6294
22201	19	10	6408	44	0	6481
22202	12	6404	45	15	0	6476
22203	18	38	6260	21	0	6337
22204	18	10	42	6254	0	6324
22205	12	10	6237	44	0	6303
22206	6164	6	46	20	0	6236
22207	50	5	11	6303	0	6369
22208	14	6509	12	49	0	6584
22209	17	38	6	6554	0	6615
22210	8	6568	8	48	0	6632
22211	8	6608	13	16	0	6645
22212	10	6695	8	17	0	6730
22213	11	55	8	6465	0	6539
22214	9	6553	4	56	0	6622
22215	6523	45	5	24	0	6597
22216	47	16	6477	15	0	6555
22217	15	19	6504	18	0	6556
22218	16	14	6673	13	0	6716
22219	17	7	54	6759	0	6837
22220	16	6	16	6529	0	6567
22221	12	4	9	6460	0	6485
22222	14	4	5	6504	0	6527
22223	16	7	5	6486	0	6514
22224	18	6638	14	63	0	6733
22225	15	44	6646	19	0	6724
22226	10	15	6621	19	0	6665
22227	11	6817	51	16	0	6895
22228	10	40	16	6904	0	6970
22229	19	10	12	6941	0	6982
22230	7	11	6	6984	0	7008
22231	6886	5	3	72	0	6966
22232	45	14	6854	26	0	6939
22233	6799	6	43	23	0	6871
22234	6839	9	14	21	0	6883
22235	51	6789	17	10	0	6867
22236	23	6817	15	5	0	6860
22237	6878	44	14	18	0	6954
22238	50	14	7	6910	0	6981
22239	23	10	6	7160	0	7199
22240	13	13	7332	58	0	7416
22241	9	16	7030	258	0	7313
22242	15	7	52	7454	0	7528
22243	7502	10	19	68	0	7599
22244	54	11	7847	16	0	7928
22245	8016	13	51	26	0	8106
22246	63	10	17	8329	0	8419
22247	28	8	8	8655	0	8699
22248	23	12	8	8939	0	8982
22249	9	10	9005	96	0	9120
22250	15	8953	82	30	0	9080
22251	16	9300	28	17	0	9361
22252	9196	78	12	30	0	9316
22253	9353	17	9	28	0	9407
22254	96	9	6	9397	0	9508
22255	9424	4	8	100	0	9536
22256	88	15	9331	21	0	9455
22257	16	14	9224	22	0	9276
22258	29	4	87	9165	0	9285
22259	9313	5	28	89	0	9435
22260	77	5	19	9436	0	9537
22261	26	6	11	9635	0	9678
22262	9556	7	9	111	0	9683
22263	9751	6	18	39	0	9814
22264	104	10024	11	29	0	10168
22265	10058	80	11	21	0	10170
22266	112	35	6	9968	0	10121
22267	28	10048	14	91	0	10181
22268	10041	86	10	36	0	10173
22269	99	10098	12	16	0	10225
22270	34	89	19	10018	0	10160
22271	9998	19	10	97	0	10124
22272	89	16	9940	31	0	10076
22273	31	15	9952	27	0	10025
22274	37	28	92	9918	0	10075
22275	32	9	28	10052	0	10121
22276	24	7	13	9994	0	10038
22277	21	10306	17	98	0	10442
22278	10453	87	11	41	0	10592
22279	10478	25	10	45	0	10558
22280	10539	15	6	44	0	10604
22281	119	11032	8	33	0	11192
22282	53	104	9	11609	0	11775
22283	32	42	13	11662	0	11749
22284	37	18	8	11702	0	11765
22285	11363	18	11	159	0	11551
22286	120	11266	18	47	0	11451
22287	59	103	11	11305	0	11478
22288	41	30	8	11391	0	11470
22289	28	35	11164	151	0	11378
22290	31	11081	109	65	0	11286
22291	31	118	36	11035	0	11220
22292	34	32	17	11129	0	11212
22293	47	19	7	11091	0	11164
22294	10810	19	12	168	0	11009
22295	111	10760	14	90	0	10975
22296	10818	111	4	66	0	10999
22297	139	36	13	10813	0	11001
22298	10897	28	8	138	0	11071
22299	136	34	10763	65	0	10998
22300	10816	26	102	73	0	11017
22301	10808	20	29	67	0	10924
22302	149	28	10790	47	0	11014
22303	59	34	108	10863	0	11064
22304	60	29	30	10935	0	11054
22305	10994	17	25	185	0	11221
22306	141	22	19	11076	0	11258
22307	69	20	25	11215	0	11329
22308	55	28	16	11069	0	11168
22309	43	30	10863	175	0	11111
22310	10653	13	113	91	0	10870
22311	135	10949	46	70	0	11200
22312	85	107	26	10842	0	11060
22313	58	10881	31	135	0	11105
22314	43	11143	35	70	0	11291
22315	56	125	23	11174	0	11378
22316	45	47	11169	158	0	11419
22317	48	45	11094	81	0	11268
22318	62	17	131	11126	0	11336
22319	51	37	11109	151	0	11348
22320	11103	32	119	94	0	11348
22321	151	26	49	11296	0	11522
22322	62	27	36	11411	0	11536
22323	49	11321	36	199	0	11605
22324	60	120	29	11278	0	11487
22325	42	52	33	11236	0	11363
22326	34	11097	26	193	0	11350
22327	40	134	28	11231	0	11433
22328	52	45	36	11217	0	11350
22329	32	11109	32	187	0	11360
22330	11134	109	26	109	0	11378
22331	135	52	11105	79	0	11371
22332	68	37	11015	62	0	11182
22333	60	57	141	10972	0	11230
22334	50	45	55	11072	0	11222
22335	39	31	10923	176	0	11169
22336	34	40	10839	101	0	11014
22337	10492	33	135	100	0	10760
22338	122	10729	60	83	0	10994
22339	10559	109	34	84	0	10786
22340	123	47	10427	81	0	10678
22341	39	10359	127	79	0	10604
22342	51	166	63	10356	0	10636
22343	39	45	10567	156	0	10807
22344	35	37	10233	76	0	10381
22345	55	100	146	10283	0	10584
22346	36	35	10179	164	0	10414
22347	29	9891	123	92	0	10135
22348	47	135	63	9708	0	9953
22349	35	51	9749	131	0	9966
22350	31	9705	137	68	0	9941
22351	9585	111	64	59	0	9819
22352	116	49	9482	45	0	9692
22353	50	9406	124	56	0	9636
22354	46	115	70	9290	0	9521
22355	47	45	51	9423	0	9566
22356	9304	25	43	153	0	9525
22357	114	21	40	9282	0	9457
22358	53	18	38	9186	0	9295
22359	8995	21	43	155	0	9214
22360	121	31	23	8892	0	9067
22361	45	26	8710	139	0	8920
22362	39	43	113	8632	0	8827
22363	30	29	8553	140	0	8752
22364	32	25	8164	58	0	8279
22365	19	24	8232	46	0	8321
22366	35	46	116	7988	0	8185
22367	31	11	71	8053	0	8166
22368	7969	18	30	125	0	8142
22369	96	17	35	7795	0	7943
22370	34	8070	35	109	0	8248
22371	29	81	24	8219	0	8353
22372	31	28	35	8157	0	8251
22373	13	8110	34	136	0	8293
22374	8090	78	32	67	0	8267
22375	8042	30	27	52	0	8151
22376	93	7935	36	38	0	8102
22377	26	7672	36	33	0	7767
22378	43	403	37	7245	0	7728
22379	7539	29	41	105	0	7714
22380	80	27	7521	58	0	7686
22381	28	17	6848	34	0	6927
22382	6191	13	59	20	0	6283
22383	49	6348	26	19	0	6442
22384	25	58	16	6361	0	6460
22385	12	16	15	6456	0	6499
22386	17	12	15	6503	0	6547
22387	14	9	13	6479	0	6515
22388	10	6416	17	70	0	6513
22389	12	51	9	6458	0	6530
22390	6452	22	9	67	0	6550
22391	56	14	8	6538	0	6616
22392	27	7	6	6572	0	6612
22393	6599	9	13	73	0	6694
22394	6648	9	10	41	0	6708
22395	6705	10	4	24	0	6743
22396	6730	13	7	18	0	6768
22397	75	4	5	6673	0	6757
22398	6630	8	5	64	0	6707
22399	57	6	6	6606	0	6675
22400	6567	6	3	65	0	6641
22401	6542	9	5	34	0	6590
22402	73	7	10	6552	0	6642
22403	27	7	6569	57	0	6660
22404	6645	5	46	38	0	6734
22405	6654	5	19	31	0	6709
22406	6665	5	10	25	0	6705
22407	6589	1	8	20	0	6618
22408	72	7	8	6662	0	6749
22409	29	12	6697	54	0	6792
22410	13	11	6627	34	0	6685
22411	6688	9	59	28	0	6784
22412	6738	5	18	38	0	6799
22413	62	6733	17	22	0	6834
22414	28	6677	10	17	0	6732
22415	6770	51	11	29	0	6861
22416	53	16	17	6673	0	6759
22417	29	15	9	6877	0	6930
22418	6827	5	3	69	0	6904
22419	61	7011	13	16	0	7101
22420	7121	43	4	36	0	7204
22421	58	24	7103	13	0	7198
22422	7133	5	49	25	0	7212
22423	54	6	13	7164	0	7237
22424	22	9	7318	56	0	7405
22425	24	7386	41	23	0	7474
22426	22	55	13	7574	0	7664
22427	16	22	7864	52	0	7954
22428	27	13	50	7840	0	7930
22429	7994	5	16	74	0	8089
22430	49	10	7957	29	0	8045
22431	7859	2	57	25	0	7943
22432	56	8067	21	12	0	8156
22433	29	47	13	8152	0	8241
22434	19	15	8495	48	0	8577
22435	27	15	49	8512	0	8603
22436	14	13	8615	57	0	8699
22437	15	8566	59	22	0	8662
22438	8519	47	23	28	0	8617
22439	48	8811	14	17	0	8890
22440	36	46	10	8805	0	8897
22441	18	21	7	8826	0	8872
22442	11	16	8606	59	0	8692
22443	7699	7	45	39	0	7790
22444	38	8267	18	22	0	8345
22445	20	7854	8	10	0	7892
22446	8	7955	12	9	0	7984
22447	26	72	25	7755	0	7878
22448	5	7787	15	33	0	7840
22449	10	47	14	7685	0	7756
22450	6	7743	9	33	0	7791
22451	9	37	6	7664	0	7716
22452	5	7848	8	31	0	7892
22453	7907	22	5	30	0	7964
22454	20	26	7840	6	0	7892
22455	7748	9	23	25	0	7805
22456	7966	7	8	23	0	8004
22457	8078	5	8	24	0	8115
22458	29	8128	12	11	0	8180
22459	8247	25	3	10	0	8285
22460	8262	10	5	20	0	8297
22461	8361	8	4	16	0	8389
22462	37	13	8354	6	0	8410
22463	27	4	23	8458	0	8512
22464	14	10	8579	26	0	8629
22465	22	5	31	8511	0	8569
22466	8560	7	10	43	0	8620
22467	36	8632	14	13	0	8695
22468	17	45	9405	9	0	9476
22469	21	16	59	9793	0	9889
22470	15	8	12	10249	0	10284
22471	5	11	11051	85	0	11152
22472	11055	4	101	35	0	11195
22473	11326	8	21	38	0	11393
22474	11558	9	10	39	0	11616
22475	140	5	10	11593	0	11748
22476	35	11427	21	114	0	11597
22477	26	11835	17	32	0	11910
22478	36	114	8	11800	0	11958
22479	34	30	7	11832	0	11903
22480	17	11706	18	138	0	11879
22481	11695	113	8	59	0	11875
22482	120	11688	22	35	0	11865
22483	46	118	7	11623	0	11794
22484	26	49	11609	124	0	11808
22485	37	26	112	11551	0	11726
22486	11584	23	24	150	0	11781
22487	127	20	11589	40	0	11776
22488	11649	20	115	40	0	11824
22489	11993	19	32	54	0	12098
22490	12207	21	16	34	0	12278
22491	12313	23	18	40	0	12394
22492	12630	6	12	58	0	12706
22493	162	20	12378	24	0	12584
22494	62	33	12411	27	0	12533
22495	13131	7	145	35	0	13318
22496	13531	14	43	23	0	13611
22497	214	14	27	13744	0	13999
22498	83	13753	40	171	0	14047
22499	79	150	10	13957	0	14196
22500	14112	41	15	200	0	14368
22501	188	26	26	13991	0	14231
22502	67	14310	27	168	0	14572
22503	14289	154	19	84	0	14546
22504	14255	46	12	59	0	14372
22505	14240	33	14	61	0	14348
22506	227	13973	31	41	0	14272
22507	127	153	20	14015	0	14315
22508	91	46	15	13933	0	14085
22509	66	13707	21	197	0	13991
22510	61	166	12	13765	0	14004
22511	13620	50	11	220	0	13901
22512	13683	45	11	83	0	13822
22513	231	13475	17	60	0	13783
22514	129	168	13	13499	0	13809
22515	91	55	17	13543	0	13706
22516	65	51	20	13608	0	13744
22517	13250	27	19	247	0	13543
22518	204	35	13104	104	0	13447
22519	12750	26	154	90	0	13020
22520	213	86	12824	52	0	13175
22521	120	39	167	12608	0	12934
22522	69	12597	66	194	0	12926
22523	73	12930	41	101	0	13145
22524	12652	186	44	85	0	12967
22525	12722	72	24	79	0	12897
22526	249	12353	28	56	0	12686
22527	105	12260	29	70	0	12464
22528	12354	204	30	59	0	12647
22529	12656	81	17	74	0	12828
22530	237	12696	29	71	0	13033
22531	12982	200	19	55	0	13256
22532	248	82	12832	47	0	13209
22533	12928	58	162	58	0	13206
22534	12889	68	56	54	0	13067
22535	279	38	34	12682	0	13033
22536	116	12591	50	204	0	12961
22537	129	195	21	12773	0	13118
22538	12763	58	21	243	0	13085
22539	275	52	21	12428	0	12776
22540	150	53	23	12536	0	12762
22541	107	52	12569	250	0	12978
22542	122	32	170	12658	0	12982
22543	94	39	57	12924	0	13114
22544	12815	48	46	277	0	13186
22545	242	54	12721	99	0	13116
22546	12767	36	188	105	0	13096
22547	265	45	55	12787	0	13152
22548	140	45	45	12887	0	13117
22549	96	44	40	12915	0	13095
22550	75	12487	39	279	0	12880
22551	81	12762	28	153	0	13024
22552	120	201	21	12562	0	12904
22553	12638	71	26	232	0	12967
22554	12736	67	25	92	0	12920
22555	307	67	23	12567	0	12964
22556	12656	28	19	243	0	12946
22557	311	34	19	12543	0	12907
22558	143	51	27	12740	0	12961
22559	12487	36	31	286	0	12840
22560	255	12788	38	125	0	13206
22561	12836	194	23	111	0	13164
22562	13021	74	20	101	0	13216
22563	12862	43	21	93	0	13019
22564	284	12622	35	87	0	13028
22565	170	225	20	12658	0	13073
22566	126	76	18	12812	0	13032
22567	89	55	12432	286	0	12862
22568	103	114	164	11666	0	12047
22569	79	55	11249	217	0	11600
22570	66	10549	171	102	0	10888
22571	41	9569	68	69	0	9747
22572	57	9636	33	54	0	9780
22573	120	161	107	9489	0	9877
22574	64	70	36	9566	0	9736
22575	37	41	10	9556	0	9644
22576	29	30	8	9673	0	9740
22577	41	28	9602	192	0	9863
22578	36	35	10547	101	0	10719
22579	42	30	175	10903	0	11150
22580	36	22	11162	195	0	11415
22581	11133	14	190	107	0	11444
22582	11343	12	65	82	0	11502
22583	212	26	11316	68	0	11622
22584	108	18	170	11211	0	11507
22585	80	27	68	11409	0	11584
22586	71	21	34	11448	0	11574
22587	70	23	31	11339	0	11463
22588	62	30	24	11409	0	11525
22589	9546	25	27	286	0	9884
22590	11017	17	29	133	0	11196
22591	201	10851	20	120	0	11192
22592	86	155	10489	82	0	10812
22593	59	10311	154	75	0	10599
22594	39	10313	61	56	0	10469
22595	9741	150	46	52	0	9989
22596	132	9541	41	40	0	9754
22597	46	9222	25	26	0	9319
22598	9067	150	30	43	0	9290
22599	123	60	9044	20	0	9247
22600	8944	32	113	35	0	9124
22601	133	26	32	9074	0	9265
22602	54	24	15	8891	0	8984
22603	52	11	16	8964	0	9043
22604	24	23	8820	164	0	9031
22605	37	8828	120	68	0	9053
22606	8881	101	45	75	0	9102
22607	116	35	32	8990	0	9173
22608	41	9070	28	141	0	9280
22609	40	121	29	9217	0	9407
22610	25	60	9300	136	0	9521
22611	55	28	115	9314	0	9512
22612	46	28	46	9504	0	9624
22613	45	27	27	9534	0	9633
22614	9441	13	19	207	0	9680
22615	129	14	37	9549	0	9729
22616	49	15	9501	191	0	9756
22617	31	9485	126	112	0	9754
22618	54	109	41	9562	0	9766
22619	47	38	27	9662	0	9774
22620	32	36	9421	181	0	9670
22621	36	44	9319	72	0	9471
22622	9221	40	163	68	0	9492
22623	9235	34	63	71	0	9403
22624	158	9228	50	56	0	9492
22625	9197	125	35	59	0	9416
22626	146	57	9176	41	0	9420
22627	70	42	9144	44	0	9300
22628	8999	46	163	56	0	9264
22629	8848	32	77	61	0	9018
22630	167	19	8614	58	0	8858
22631	8405	23	139	61	0	8628
22632	155	13	8509	48	0	8725
22633	8419	18	147	43	0	8627
22634	8522	26	55	42	0	8645
22635	164	41	38	8333	0	8576
22636	73	8668	44	124	0	8909
22637	7969	140	41	61	0	8211
22638	140	52	8722	37	0	8951
22639	68	8809	137	33	0	9047
22640	8787	146	43	48	0	9024
22641	8558	51	39	48	0	8696
22642	159	8504	41	52	0	8756
22643	75	124	41	8457	0	8697
22644	63	44	8344	145	0	8596
22645	61	30	130	8371	0	8592
22646	52	33	8329	149	0	8563
22647	47	29	142	8296	0	8514
22648	35	21	68	8373	0	8497
22649	29	43	8274	165	0	8511
22650	35	8213	146	88	0	8482
22651	49	110	56	8193	0	8408
22652	39	52	7759	149	0	7999
22653	7969	28	111	76	0	8184
22654	137	27	46	8101	0	8311
22655	54	26	41	8147	0	8268
22656	8071	20	40	156	0	8287
22657	144	18	32	8038	0	8232
22658	79	13	30	7943	0	8065
22659	54	7941	37	156	0	8188
22660	58	105	34	7717	0	7914
22661	40	40	7590	135	0	7805
22662	41	19	119	7394	0	7573
22663	44	7409	50	122	0	7625
22664	33	7437	45	57	0	7572
22665	39	113	35	7325	0	7512
22666	7323	47	36	119	0	7525
22667	124	33	33	7347	0	7537
22668	7366	42	31	112	0	7551
22669	149	29	29	7372	0	7579
22670	7405	19	31	134	0	7589
22671	7609	27	33	50	0	7719
22672	163	32	24	7478	0	7697
22673	140	177	38	7268	0	7623
22674	56	7368	31	147	0	7602
22675	59	7418	26	54	0	7557
22676	53	94	7364	55	0	7566
22677	36	7140	97	50	0	7323
22678	5907	103	101	73	0	6184
22679	81	25	25	5849	0	5980
22680	17	5677	13	49	0	5756
22681	5788	45	10	24	0	5867
22682	51	16	8	5797	0	5872
22683	30	10	9	5707	0	5756
22684	21	12	7	5771	0	5811
22685	22	17	10	5818	0	5867
22686	14	5855	13	66	0	5948
22687	14	6085	13	33	0	6145
22688	6260	47	6	33	0	6346
22689	59	6343	17	22	0	6441
22690	22	56	4	6338	0	6420
22691	25	30	8	6341	0	6404
22692	23	23	5	6365	0	6416
22693	21	13	13	6399	0	6446
22694	6357	9	9	89	0	6464
22695	6534	11	7	43	0	6595
22696	73	10	6519	36	0	6638
22697	28	10	60	6659	0	6757
22698	32	14	6750	80	0	6876
22699	17	10	75	6797	0	6899
22700	16	11	16	6880	0	6923
22701	6902	7	21	114	0	7044
22702	80	11	12	6980	0	7083
22703	28	12	6996	89	0	7125
22704	17	14	6891	40	0	6962
22705	6964	12	75	38	0	7089
22706	80	14	7029	23	0	7146
22707	27	28	77	6828	0	6960
22708	15	9	6970	84	0	7078
22709	26	36	74	6817	0	6953
22710	8	6847	25	87	0	6967
22711	15	66	18	6847	0	6946
22712	9	6791	17	78	0	6895
22713	14	6830	15	31	0	6890
22714	13	84	13	6718	0	6828
22715	6679	22	11	91	0	6803
22716	59	6778	8	26	0	6871
22717	19	61	9	6763	0	6852
22718	6773	21	6	84	0	6884
22719	6869	12	7	41	0	6929
22720	6933	5	8	35	0	6981
22721	86	15	7	6864	0	6972
22722	37	6	6	6918	0	6967
22723	6940	4	10	82	0	7036
22724	6943	7	6	37	0	6993
22725	6993	6	8	41	0	7048
22726	89	5	4	6940	0	7038
22727	33	7	6801	66	0	6907
22728	6784	7	53	22	0	6866
22729	65	2	15	6743	0	6825
22730	27	6837	12	63	0	6939
22731	26	62	8	6802	0	6898
22732	14	6793	9	66	0	6882
22733	15	63	8	6858	0	6944
22734	11	27	6798	73	0	6909
22735	10	6802	54	25	0	6891
22736	18	58	15	6524	0	6615
22737	12	17	10	6565	0	6604
22738	17	19	4	6518	0	6558
22739	6602	6	7	87	0	6702
22740	67	6705	11	33	0	6816
22741	24	73	2	6819	0	6918
22742	6901	16	8	89	0	7014
22743	6949	13	4	36	0	7002
22744	99	11	2	6974	0	7086
22745	35	12	7098	83	0	7228
22746	25	9	73	7068	0	7175
22747	16	7136	19	95	0	7266
22748	14	71	16	7209	0	7310
22749	7236	18	8	99	0	7361
22750	91	11	10	7475	0	7587
22751	29	15	7604	90	0	7738
22752	15	7992	81	42	0	8130
22753	8115	89	26	33	0	8263
22754	99	30	8209	16	0	8354
22755	8267	18	92	32	0	8409
22756	105	6	29	8484	0	8624
22757	33	9	17	8570	0	8629
22758	23	8598	14	113	0	8748
22759	8923	86	14	50	0	9073
22760	112	27	7	8977	0	9123
22761	38	15	9	9122	0	9184
22762	24	8	8	9226	0	9266
22763	18	14	9224	125	0	9381
22764	26	8	91	9281	0	9406
22765	9330	4	26	135	0	9495
22766	9496	10	16	59	0	9581
22767	126	5	11	9461	0	9603
22768	50	8	11	9539	0	9608
22769	9438	5	7	135	0	9585
22770	107	16	9354	49	0	9526
22771	9293	8	95	40	0	9436
22772	107	15	9198	32	0	9352
22773	38	13	9279	22	0	9352
22774	40	10	107	9248	0	9405
22775	19	12	9349	105	0	9485
22776	9295	4	113	52	0	9464
22777	110	4	36	9498	0	9648
22778	34	9	9482	108	0	9633
22779	9273	7	99	51	0	9430
22780	9436	3	33	41	0	9513
22781	129	15	9589	24	0	9757
22782	50	20	98	9425	0	9593
22783	35	9765	39	90	0	9929
22784	9830	89	24	50	0	9993
22785	112	29	9924	22	0	10087
22786	9598	27	106	40	0	9771
22787	113	9748	41	24	0	9926
22788	9556	84	49	26	0	9715
22789	9636	20	12	29	0	9697
22790	9749	7	20	31	0	9807
22791	125	28	15	9733	0	9901
22792	36	9770	20	96	0	9922
22793	27	93	9723	31	0	9874
22794	27	9898	90	32	0	10047
22795	39	109	25	9545	0	9718
22796	19	9643	22	77	0	9761
22797	16	9690	28	25	0	9759
22798	9491	83	16	34	0	9624
22799	79	36	9498	15	0	9628
22800	35	28	9704	16	0	9783
22801	29	30	9643	11	0	9713
22802	18	9660	86	24	0	9788
22803	9618	68	42	28	0	9756
22804	9631	22	16	38	0	9707
22805	9607	14	19	32	0	9672
22806	83	9555	15	22	0	9675
22807	39	74	9	9804	0	9926
22808	22	29	9793	77	0	9921
22809	22	21	9828	29	0	9900
22810	10026	12	83	43	0	10164
22811	10161	15	28	37	0	10241
22812	10148	13	16	47	0	10224
22813	99	25	10034	18	0	10176
22814	10069	9	72	33	0	10183
22815	105	6	27	10116	0	10254
22816	49	9	19	10156	0	10233
22817	40	25	10596	92	0	10753
22818	28	10646	94	35	0	10803
22819	37	65	25	10757	0	10884
22820	23	29	10708	94	0	10854
22821	10537	13	83	66	0	10699
22822	88	9	34	10893	0	11024
22823	35	7	31	10956	0	11029
22824	10932	4	25	118	0	11079
22825	98	5	21	10926	0	11050
22826	10921	4	22	102	0	11049
22827	10942	5	19	68	0	11034
22828	109	9	22	10966	0	11106
22829	52	9	20	11050	0	11131
22830	10982	12	20	121	0	11135
22831	99	8	31	11108	0	11246
22832	11226	8	30	120	0	11384
22833	11232	7	34	66	0	11339
22834	11223	8	23	59	0	11313
22835	118	8	24	11197	0	11347
22836	65	8	21	11233	0	11327
22837	11186	6	19	115	0	11326
22838	90	11069	31	40	0	11230
22839	53	10933	28	26	0	11040
22840	10835	48	22	43	0	10948
22841	69	29	10738	15	0	10851
22842	10732	18	52	47	0	10849
22843	71	14	23	11237	0	11345
22844	36	34	11298	43	0	11411
22845	11306	8	47	53	0	11414
22846	69	14	14	11483	0	11580
22847	48	9	12	11618	0	11687
22848	35	16	14	11784	0	11849
22849	41	9	10	11735	0	11795
22850	11589	10	20	96	0	11715
22851	45	11461	19	30	0	11555
22852	10920	21	4	43	0	10988
22853	27	23	10887	12	0	10949
22854	17	22	10613	6	0	10658
22855	10	11027	36	13	0	11086
22856	62	94	35	10834	0	11025
22857	11	16	10853	21	0	10901
22858	5	10524	32	34	0	10595
22859	6	24	10390	10	0	10430
22860	9	5	9	10348	0	10371
22861	12	3	0	10304	0	10319
22862	10314	2	1	39	0	10356
22863	11	4	1	10216	0	10232
22864	10224	1	3	40	0	10268
22865	12	9	10228	2	0	10251
22866	1	10398	19	9	0	10427
22867	7	9	1	10737	0	10754
22868	12	1	3	11174	0	11190
22869	3	21	11332	8	0	11364
22870	3	20	10944	4	0	10971
22871	11081	2	17	45	0	11145
22872	11530	0	1	49	0	11580
22873	16	1	3	11609	0	11629
22874	7	3	1	11612	0	11623
22875	1	11541	15	17	0	11574
22876	9	10	0	11920	0	11939
22877	12414	4	6	52	0	12476
22878	12882	1	2	43	0	12928
22879	49	13459	12	8	0	13528
22880	13740	53	4	33	0	13830
22881	14244	16	1	43	0	14304
22882	121	13	0	15648	0	15782
22883	25	15739	15	162	0	15941
22884	29	170	1	15958	0	16158
22885	26	27	1	16090	0	16144
22886	17	34	15812	204	0	16067
22887	15944	8	172	78	0	16202
22888	219	10	28	16835	0	17092
22889	63	7	19	17470	0	17559
22890	28	18753	29	249	0	19059
22891	45	227	3	19905	0	20180
22892	20387	52	7	325	0	20771
22893	21620	39	10	128	0	21797
22894	374	50	21384	63	0	21871
22895	101	46	21675	51	0	21873
22896	105	24	333	21859	0	22321
22897	91	21	94	22345	0	22551
22898	49	31	22141	380	0	22601
22899	41	33	22302	124	0	22500
22900	65	18	397	21794	0	22274
22901	32	41	22103	367	0	22543
22902	45	40	22221	134	0	22440
22903	55	15	411	22021	0	22502
22904	22099	24	148	395	0	22666
22905	22511	10	112	165	0	22798
22906	427	9	87	22310	0	22833
22907	169	14	70	22448	0	22701
22908	22111	9	67	447	0	22634
22909	400	23	53	21869	0	22345
22910	21790	8	46	451	0	22295
22911	21992	10	41	209	0	22252
22912	451	11	59	21782	0	22303
22913	193	21	67	22065	0	22346
22914	21705	14	46	500	0	22265
22915	388	21510	84	207	0	22189
22916	151	21810	80	175	0	22216
22917	163	350	49	21211	0	21773
22918	120	136	20975	420	0	21651
22919	151	76	333	21053	0	21613
22920	20900	66	132	478	0	21576
22921	428	58	80	21008	0	21574
22922	20962	42	70	491	0	21565
22923	410	74	20765	235	0	21484
22924	20980	41	344	209	0	21574
22925	459	38	112	21087	0	21696
22926	219	34	93	21427	0	21773
22927	181	38	21486	481	0	22186
22928	193	33	370	21573	0	22169
22929	179	44	145	21878	0	22246
22930	141	50	96	22092	0	22379
22931	21601	38	100	616	0	22355
22932	378	46	21542	285	0	22251
22933	204	55	21475	218	0	21952
22934	21361	33	437	223	0	22054
22935	21686	31	197	217	0	22131
22936	484	34	21723	168	0	22409
22937	230	14	430	21388	0	22062
22938	189	21746	204	428	0	22567
22939	193	306	157	22181	0	22837
22940	22037	84	139	531	0	22791
22941	22249	50	158	287	0	22744
22942	503	44	146	21918	0	22611
22943	230	21639	146	516	0	22531
22944	235	314	104	21285	0	21938
22945	222	21411	113	475	0	22221
22946	21495	336	122	309	0	22262
22947	21344	122	119	274	0	21859
22948	21367	89	70	269	0	21795
22949	537	20533	109	242	0	21421
22950	270	21064	130	226	0	21690
22951	256	453	82	21020	0	21811
22952	239	162	80	21344	0	21825
22953	237	97	80	21290	0	21704
22954	252	84	71	21365	0	21772
22955	181	85	20597	612	0	21475
22956	20348	95	363	347	0	21153
22957	442	104	20857	285	0	21688
22958	21134	65	407	309	0	21915
22959	523	93	21334	220	0	22170
22960	21502	52	435	252	0	22241
22961	513	71	21760	215	0	22559
22962	21610	51	439	244	0	22344
22963	553	65	211	21776	0	22605
22964	22036	72	185	523	0	22816
22965	603	30	126	22127	0	22886
22966	310	37	147	22281	0	22775
22967	244	39	130	21797	0	22210
22968	197	20948	163	599	0	21907
22969	20989	314	107	344	0	21754
22970	21103	119	110	301	0	21633
22971	542	20819	129	277	0	21767
22972	325	359	87	20938	0	21709
22973	224	151	20643	503	0	21521
22974	20686	83	389	287	0	21445
22975	21055	86	150	232	0	21523
22976	20762	60	122	249	0	21193
22977	597	65	102	19506	0	20270
22978	274	18978	120	436	0	19808
22979	281	317	76	18507	0	19181
22980	18334	97	76	428	0	18935
22981	478	72	73	17313	0	17936
22982	138	15908	79	264	0	16389
22983	15616	187	39	184	0	16026
22984	268	106	15597	112	0	16083
22985	214	74	15355	124	0	15767
22986	125	15360	239	110	0	15834
22987	113	15052	132	98	0	15395
22988	293	228	14249	84	0	14854
22989	306	135	13444	68	0	13953
22990	189	798	243	10710	0	11940
22991	10841	33	130	118	0	11122
22992	101	30	10628	40	0	10799
22993	31	9895	67	25	0	10018
22994	9630	53	126	44	0	9853
22995	56	9606	18	17	0	9697
22996	9323	45	10	28	0	9406
22997	48	9281	22	11	0	9362
22998	18	9449	18	13	0	9498
22999	27	56	23	9465	0	9571
23000	29	21	19	9447	0	9516
23001	14	23	9138	51	0	9226
23002	23	8	38	9053	0	9122
23003	9064	12	18	71	0	9165
23004	9110	8	6	51	0	9175
23005	63	3	5	9059	0	9130
23006	25	17	8921	47	0	9010
23007	13	23	8925	26	0	8987
23008	21	7	52	9203	0	9283
23009	12	10	9401	45	0	9468
23010	20	3	54	9577	0	9654
23011	14	8	20	9909	0	9951
23012	11	11	10921	65	0	11008
23013	10634	119	98	54	0	10905
23014	11087	6	38	58	0	11189
23015	129	13	11488	8	0	11638
23016	57	13	11849	15	0	11934
23017	42	4	177	12320	0	12543
23018	31	11	63	13123	0	13228
23019	26	6	31	13409	0	13472
23020	34	10	24	13512	0	13580
23021	13408	7	25	251	0	13691
23022	13965	12	15	115	0	14107
23023	238	12	15	14389	0	14654
23024	100	9	18	14869	0	14996
23025	44	29	15379	266	0	15718
23026	63	4	217	15751	0	16035
23027	48	5	80	16182	0	16315
23028	16333	5	45	360	0	16743
23029	246	17051	39	159	0	17495
23030	125	257	23	17147	0	17552
23031	82	79	24	17257	0	17442
23032	55	36	19	17108	0	17218
23033	35	16113	34	403	0	16585
23034	26	16862	31	184	0	17103
23035	53	324	15	16763	0	17155
23036	46	104	17	16718	0	16885
23037	52	55	14	16795	0	16916
23038	16146	32	20	426	0	16624
23039	253	16146	27	211	0	16637
23040	16280	273	15	139	0	16707
23041	16450	102	27	115	0	16694
23042	366	73	19	16136	0	16594
23043	146	15933	14	319	0	16412
23044	15964	278	11	179	0	16432
23045	338	119	14	15930	0	16401
23046	16110	72	14	350	0	16546
23047	352	47	13	16166	0	16578
23048	161	59	16089	353	0	16662
23049	98	47	16405	170	0	16720
23050	97	40	314	16282	0	16733
23051	95	32	133	16462	0	16722
23052	91	37	61	16334	0	16523
23053	72	15830	54	416	0	16372
23054	56	16496	58	201	0	16811
23055	16207	312	35	158	0	16712
23056	16246	126	23	147	0	16542
23057	353	15778	34	118	0	16283
23058	143	15482	39	101	0	15765
23059	91	15710	40	94	0	15935
23060	15166	343	44	100	0	15653
23061	264	15096	45	105	0	15510
23062	142	295	26	15067	0	15530
23063	15014	134	24	309	0	15481
23064	15021	98	35	158	0	15312
23065	371	73	20	14583	0	15047
23066	159	83	14367	307	0	14916
23067	105	70	14478	150	0	14803
23068	107	63	294	14471	0	14935
23069	94	85	14582	299	0	15060
23070	108	65	271	14607	0	15051
23071	106	56	116	14659	0	14937
23072	59	76	14466	360	0	14961
23073	67	62	14540	190	0	14859
23074	94	51	330	14448	0	14923
23075	85	45	145	14768	0	15043
23076	14459	47	95	417	0	15018
23077	284	14280	79	226	0	14869
23078	113	14771	83	166	0	15133
23079	14516	306	65	156	0	15043
23080	14787	141	63	140	0	15131
23081	345	14471	63	149	0	15028
23082	164	14600	68	141	0	14973
23083	14542	329	41	148	0	15060
23084	312	148	49	14440	0	14949
23085	14321	101	57	338	0	14817
23086	315	14264	57	224	0	14860
23087	14342	275	40	192	0	14849
23088	341	143	14206	132	0	14822
23089	14261	103	243	150	0	14757
23090	344	88	14283	126	0	14841
23091	193	87	285	14092	0	14657
23092	14020	73	113	350	0	14556
23093	306	99	13720	198	0	14323
23094	194	73	258	13813	0	14338
23095	13766	81	124	350	0	14321
23096	336	96	13718	195	0	14345
23097	202	77	266	13808	0	14353
23098	13658	65	110	351	0	14184
23099	318	13485	100	214	0	14117
23100	206	280	57	13746	0	14289
23101	161	134	54	13869	0	14218
23102	145	92	48	13839	0	14124
23103	109	13776	66	412	0	14363
23104	145	294	49	14094	0	14582
23105	131	122	57	14253	0	14563
23106	132	87	53	14295	0	14567
23107	148	69	44	14505	0	14766
23108	104	80	14017	441	0	14642
23109	13714	62	256	250	0	14282
23110	13896	60	110	189	0	14255
23111	371	13426	83	143	0	14023
23112	178	194	52	12435	0	12859
23113	126	90	47	12513	0	12776
23114	87	12273	52	309	0	12721
23115	83	175	52	11833	0	12143
23116	11335	78	44	242	0	11699
23117	165	10873	46	133	0	11217
23118	10289	131	35	100	0	10555
23119	162	68	35	10138	0	10403
23120	79	46	10035	180	0	10340
23121	62	10034	122	109	0	10327
23122	9451	139	125	88	0	9803
23123	126	8934	43	49	0	9152
23124	84	8690	27	39	0	8840
23125	7722	104	110	39	0	7975
23126	85	47	7644	26	0	7802
23127	29	7038	52	19	0	7138
23128	6052	202	264	96	0	6614
23129	5624	25	44	25	0	5718
23130	32	5607	4	9	0	5652
23131	16	28	2	5736	0	5782
23132	8	13	5850	28	0	5899
23133	9	10	27	5862	0	5908
23134	16	1	9	5874	0	5900
23135	11	6	4	6020	0	6041
23136	4	14	6056	33	0	6107
23137	10	5	27	6018	0	6060
23138	3	11	6063	33	0	6110
23139	3	13	5847	11	0	5874
23140	5676	4	29	15	0	5724
23141	25	5974	11	8	0	6018
23142	5	6041	9	4	0	6059
23143	19	26	7	6218	0	6270
23144	6703	7	4	36	0	6750
23145	6787	5	8	15	0	6815
23146	6715	5	3	18	0	6741
23147	6736	3	4	19	0	6762
23148	6602	6	3	20	0	6631
23149	34	11	6522	6	0	6573
23150	20	3	25	6540	0	6588
23151	11	6533	13	26	0	6583
23152	6	30	4	6595	0	6635
23153	6604	7	4	38	0	6653
23154	35	6616	10	12	0	6673
23155	13	29	3	6691	0	6736
23156	6720	11	4	43	0	6778
23157	6909	7	6	26	0	6948
23158	48	6	2	6970	0	7026
23159	25	2	1	6906	0	6934
23160	10	3	5	6959	0	6977
23161	7	9	6925	40	0	6981
23162	10	10	7034	18	0	7072
23163	16	1	34	7212	0	7263
23164	6	5	12	7293	0	7316
23165	7345	4	4	51	0	7404
23166	7342	7	1	32	0	7382
23167	7512	7	5	15	0	7539
23168	7713	5	5	17	0	7740
23169	7605	8	4	24	0	7641
23170	39	7749	4	10	0	7802
23171	7883	24	2	29	0	7938
23172	7965	7	6	18	0	7996
23173	7991	3	10	11	0	8015
23174	48	5	2	8209	0	8264
23175	18	8	8139	42	0	8207
23176	13	11	35	8363	0	8422
23177	12	9	8709	46	0	8776
23178	22	9	40	8586	0	8657
23179	11	8764	22	43	0	8840
23180	8796	37	10	33	0	8876
23181	9104	11	7	19	0	9141
23182	55	8	4	9298	0	9365
23183	21	6	5	9669	0	9701
23184	16	5	4	9707	0	9732
23185	11	9883	7	53	0	9954
23186	9889	39	4	36	0	9968
23187	9965	10	4	20	0	9999
23188	57	10054	8	14	0	10133
23189	21	40	2	10135	0	10198
23190	16	11	7	10075	0	10109
23191	7	10168	14	57	0	10246
23192	10313	46	6	32	0	10397
23193	10352	14	4	23	0	10393
23194	69	13	5	10366	0	10453
23195	19	20	10478	49	0	10566
23196	14	12	10285	24	0	10335
23197	22	5	55	10891	0	10973
23198	25	9	12	10953	0	10999
23199	22	9	3	11177	0	11211
23200	11118	6	6	100	0	11230
23201	11402	4	12	39	0	11457
23202	83	11797	16	26	0	11922
23203	11872	68	14	39	0	11993
23204	78	19	11911	13	0	12021
23205	25	24	11968	15	0	12032
23206	20	12432	88	15	0	12555
23207	12112	77	63	28	0	12280
23208	73	12029	18	16	0	12136
23209	11995	69	14	27	0	12105
23210	83	19	12052	8	0	12162
23211	23	23	11948	8	0	12002
23212	33	7	76	12029	0	12145
23213	18	18	12257	70	0	12363
23214	30	10	73	12450	0	12563
23215	32	12	32	12222	0	12298
23216	16	12549	29	88	0	12682
23217	19	74	6	12638	0	12737
23218	22	21	16	12789	0	12848
23219	13045	11	19	98	0	13173
23220	75	13088	23	36	0	13222
23221	32	83	14	13359	0	13488
23222	21	27	13298	88	0	13434
23223	12500	16	79	56	0	12651
23224	93	18	13272	21	0	13404
23225	33	19	94	13131	0	13277
23226	13	13634	38	97	0	13782
23227	34	97	15	13658	0	13804
23228	13800	22	13	128	0	13963
23229	13835	13	9	58	0	13915
23230	128	14089	12	32	0	14261
23231	14392	112	10	35	0	14549
23232	14541	27	6	62	0	14636
23233	14751	13	15	41	0	14820
23234	14795	12	13	33	0	14853
23235	14604	22	17	36	0	14679
23236	142	21	14540	26	0	14729
23237	61	9	110	14551	0	14731
23238	54	13	28	14637	0	14732
23239	40	12	16	14659	0	14727
23240	36	14606	22	132	0	14796
23241	37	109	9	14626	0	14781
23242	34	31	14600	124	0	14789
23243	38	14411	113	43	0	14605
23244	25	14226	32	33	0	14316
23245	54	128	16	14127	0	14325
23246	35	32	15	14138	0	14220
23247	41	16	15	14069	0	14141
23248	25	13796	30	144	0	13995
23249	27	14011	27	54	0	14119
23250	14036	118	14	67	0	14235
23251	14082	38	20	48	0	14188
23252	121	14160	30	47	0	14358
23253	14389	109	20	51	0	14569
23254	14818	42	15	65	0	14940
23255	153	27	18	14951	0	15149
23256	61	23	14	15400	0	15498
23257	53	23	19	15451	0	15546
23258	35	45	15501	155	0	15736
23259	38	41	15758	54	0	15891
23260	37	16382	164	57	0	16640
23261	16775	150	42	56	0	17023
23262	171	59	16812	34	0	17076
23263	16861	32	164	52	0	17109
23264	196	43	17564	25	0	17828
23265	17532	28	167	54	0	17781
23266	213	18213	66	30	0	18522
23267	18315	175	50	52	0	18592
23268	234	50	28	18074	0	18386
23269	93	31	28	18427	0	18579
23270	54	43	18480	229	0	18806
23271	37	18640	182	88	0	18947
23272	65	192	47	18753	0	19057
23273	38	75	18681	190	0	18984
23274	17687	35	172	92	0	17986
23275	177	18416	68	55	0	18716
23276	18243	173	39	53	0	18508
23277	180	17854	39	50	0	18123
23278	70	180	26	17875	0	18151
23279	17715	49	25	214	0	18003
23280	179	17500	26	341	0	18046
23281	77	173	21	17731	0	18002
23282	48	72	17464	183	0	17767
23283	16836	50	162	69	0	17117
23284	187	44	45	17324	0	17600
23285	74	43	17099	178	0	17394
23286	53	17057	170	72	0	17352
23287	58	162	49	17061	0	17330
23288	54	63	17043	162	0	17322
23289	67	45	163	16754	0	17029
23290	38	17140	69	175	0	17422
23291	38	17274	53	80	0	17445
23292	41	210	17092	40	0	17383
23293	62	71	151	17065	0	17349
23294	30	51	17170	177	0	17428
23295	16879	38	172	82	0	17171
23296	182	49	60	16816	0	17107
23297	54	16501	51	165	0	16771
23298	40	17081	36	64	0	17221
23299	16823	170	36	56	0	17085
23300	152	17118	23	38	0	17331
23301	16920	154	31	63	0	17168
23302	163	47	16611	36	0	16857
23303	15979	46	147	48	0	16220
23304	155	16263	48	24	0	16490
23305	16204	144	71	36	0	16455
23306	159	15945	35	34	0	16173
23307	66	153	25	16015	0	16259
23308	63	38	22	16231	0	16354
23309	35	42	16081	175	0	16333
23310	15763	37	145	90	0	16035
23311	159	50	16473	36	0	16718
23312	16755	34	161	55	0	17005
23313	185	33	45	16758	0	17021
23314	74	28	35	17033	0	17170
23315	41	17233	34	204	0	17512
23316	56	159	27	17632	0	17874
23317	52	55	34	17850	0	17991
23318	39	56	17561	221	0	17877
23319	16704	36	186	106	0	17032
23320	187	17112	60	59	0	17418
23321	17077	170	36	62	0	17345
23322	209	55	28	17009	0	17301
23323	83	44	25	17203	0	17355
23324	17016	32	32	231	0	17311
23325	178	17216	47	83	0	17524
23326	16828	155	31	64	0	17078
23327	186	16770	35	50	0	17041
23328	65	16750	34	39	0	16888
23329	16638	179	75	57	0	16949
23330	201	69	33	16326	0	16629
23331	58	68	16218	164	0	16508
23332	79	44	154	16090	0	16367
23333	60	35	49	16024	0	16168
23334	36	16086	50	207	0	16379
23335	79	194	34	16165	0	16472
23336	62	64	28	16387	0	16541
23337	54	41	19	16548	0	16662
23338	46	47	27	16841	0	16961
23339	37	46	16802	247	0	17132
23340	29	56	17162	110	0	17357
23341	60	51	203	17441	0	17755
23342	43	42	17435	222	0	17742
23343	45	40	17447	99	0	17631
23344	68	31	220	17610	0	17929
23345	44	43	18023	217	0	18327
23346	55	36	223	17600	0	17914
23347	24	18337	87	225	0	18673
23348	18668	201	52	121	0	19042
23349	216	59	19247	68	0	19590
23350	81	47	237	19301	0	19666
23351	52	46	19510	260	0	19868
23352	60	42	262	19845	0	20209
23353	58	44	75	20208	0	20385
23354	19788	39	62	327	0	20216
23355	275	22	53	19952	0	20302
23356	19335	16	52	333	0	19736
23357	19416	26	45	168	0	19655
23358	284	18975	64	104	0	19427
23359	18429	221	37	94	0	18781
23360	250	18157	49	77	0	18533
23361	91	18262	40	74	0	18467
23362	17813	258	59	83	0	18213
23363	243	84	17759	50	0	18136
23364	88	62	17381	44	0	17575
23365	16837	112	355	73	0	17377
23366	16884	37	129	59	0	17109
23367	251	16797	60	49	0	17157
23368	17044	207	45	74	0	17370
23369	17184	58	45	72	0	17359
23370	16963	38	48	64	0	17113
23371	302	34	41	16673	0	17050
23372	16588	29	34	238	0	16889
23373	249	16991	37	101	0	17378
23374	129	202	35	17375	0	17741
23375	103	71	31	17467	0	17672
23376	75	17369	47	264	0	17755
23377	83	202	33	17575	0	17893
23378	17438	76	33	268	0	17815
23379	17574	51	28	118	0	17771
23380	271	17310	33	80	0	17694
23381	112	17538	47	59	0	17756
23382	17425	250	26	80	0	17781
23383	264	100	17312	45	0	17721
23384	116	70	17340	57	0	17583
23385	128	55	235	17178	0	17596
23386	130	41	93	17382	0	17646
23387	86	64	17241	249	0	17640
23388	78	16987	235	107	0	17407
23389	122	211	79	16944	0	17356
23390	74	94	17139	232	0	17539
23391	89	67	218	17143	0	17517
23392	100	47	68	17139	0	17354
23393	80	17397	63	265	0	17805
23394	83	224	55	17384	0	17746
23395	98	85	47	17524	0	17754
23396	92	53	45	17519	0	17709
23397	17314	45	50	319	0	17728
23398	249	42	42	17035	0	17368
23399	111	17119	46	265	0	17541
23400	16980	197	38	134	0	17349
23401	244	98	16678	97	0	17117
23402	136	73	16386	81	0	16676
23403	16533	47	239	90	0	16909
23404	258	54	98	16617	0	17027
23405	108	65	16773	225	0	17171
23406	110	50	207	16806	0	17173
23407	78	46	97	17106	0	17327
23408	16891	49	75	305	0	17320
23409	16965	41	52	154	0	17212
23410	278	17005	59	102	0	17444
23411	135	205	53	16778	0	17171
23412	76	99	16870	221	0	17266
23413	68	17526	206	123	0	17923
23414	17361	200	88	110	0	17759
23415	200	17706	69	71	0	18046
23416	17494	204	58	100	0	17856
23417	222	98	17508	60	0	17888
23418	17375	51	187	86	0	17699
23419	17862	46	72	91	0	18071
23420	245	82	18218	51	0	18596
23421	111	90	193	18013	0	18407
23422	74	18395	87	210	0	18766
23423	61	18804	63	93	0	19021
23424	76	18812	61	75	0	19024
23425	92	268	40	18413	0	18813
23426	69	105	18581	199	0	18954
23427	76	77	183	18570	0	18906
23428	69	43	68	18876	0	19056
23429	54	73	18763	236	0	19126
23430	55	18800	202	106	0	19163
23431	68	190	74	18681	0	19013
23432	18730	76	59	234	0	19099
23433	209	49	43	18833	0	19134
23434	96	36	53	18730	0	18915
23435	62	18632	61	255	0	19010
23436	18677	182	36	131	0	19026
23437	206	78	36	19214	0	19534
23438	86	74	19037	208	0	19405
23439	56	18830	181	102	0	19169
23440	18448	166	70	100	0	18784
23441	178	90	18550	45	0	18863
23442	18332	50	166	88	0	18636
23443	187	65	77	18475	0	18804
23444	62	18585	55	168	0	18870
23445	18309	162	36	113	0	18620
23446	18398	59	42	100	0	18599
23447	197	18941	48	63	0	19249
23448	100	144	23	18679	0	18946
23449	64	67	25	18230	0	18386
23450	18082	30	24	194	0	18330
23451	140	18153	32	90	0	18415
23452	44	165	17	17711	0	17937
23453	27	17591	28	112	0	17758
23454	24	17523	24	48	0	17619
23455	49	109	37	17316	0	17511
23456	17303	32	24	141	0	17500
23457	90	17536	30	50	0	17706
23458	40	93	15	17679	0	17827
23459	36	40	15	17777	0	17868
23460	29	42	17941	99	0	18111
23461	29	44	17428	36	0	17537
23462	20	17901	104	44	0	18069
23463	19	108	17727	32	0	17886
23464	34	42	91	17828	0	17995
23465	23	48	18291	76	0	18438
23466	29	22	77	18393	0	18521
23467	33	17	28	18547	0	18625
23468	19	26	20	18585	0	18650
23469	18335	16	24	154	0	18529
23470	101	14	12	18336	0	18463
23471	43	27	18	18350	0	18438
23472	13	18330	24	130	0	18497
23473	27	82	15	18134	0	18258
23474	18259	30	33	170	0	18492
23475	86	18711	28	49	0	18874
23476	18784	91	8	83	0	18966
23477	95	51	18898	37	0	19081
23478	42	51	19231	36	0	19360
23479	33	26	99	19972	0	20130
23480	38	22	36	20078	0	20174
23481	19	20138	41	134	0	20332
23482	42	101	28	20109	0	20280
23483	20197	53	20	159	0	20429
23484	20061	30	20	105	0	20216
23485	133	25	22	20555	0	20735
23486	50	49	21650	128	0	21877
23487	48	35	113	21981	0	22177
23488	51	27	37	22608	0	22723
23489	40	29	25	22825	0	22919
23490	34	35	30	22724	0	22823
23491	42	27	24	22602	0	22695
23492	16	22634	46	205	0	22901
23493	22428	108	25	141	0	22702
23494	22776	47	26	121	0	22970
23495	22990	29	25	111	0	23155
23496	163	23305	37	77	0	23582
23497	23187	127	26	113	0	23453
23498	162	23274	39	63	0	23538
23499	68	162	23108	52	0	23390
23500	64	63	152	23037	0	23316
23501	45	61	23368	173	0	23647
23502	38	23550	179	84	0	23851
23503	23430	165	50	111	0	23756
23504	163	83	24038	62	0	24346
23505	73	67	24973	48	0	25161
23506	45	25920	248	72	0	26285
23507	76	200	110	26394	0	26780
23508	56	135	28017	232	0	28440
23509	109	48	237	28421	0	28815
23510	78	56	113	30573	0	30820
23511	98	43	55	32079	0	32275
23512	33231	35	44	519	0	33829
23513	33194	29	57	250	0	33530
23514	507	39	36	33356	0	33938
23515	33664	21	40	524	0	34249
23516	434	61	33368	180	0	34043
23517	209	45	33296	127	0	33677
23518	139	50	33882	128	0	34199
23519	133	62	34432	133	0	34760
23520	123	34000	539	155	0	34817
23521	248	362	264	33789	0	34663
23522	161	147	34300	388	0	34996
23523	32990	51	461	269	0	33771
23524	34361	43	231	249	0	34884
23525	559	33894	236	305	0	34994
23526	34067	369	224	165	0	34825
23527	547	133	237	34030	0	34947
23528	229	127	34791	403	0	35550
23529	208	101	569	33804	0	34682
23530	137	35148	324	408	0	36017
23531	34796	400	227	301	0	35724
23532	35235	185	203	221	0	35844
23533	597	35096	154	175	0	36022
23534	35364	429	138	202	0	36133
23535	35420	210	126	218	0	35974
23536	674	35331	156	123	0	36284
23537	433	433	110	34497	0	35473
23538	243	34660	163	449	0	35515
23539	34798	478	103	296	0	35675
23540	608	345	114	34590	0	35657
23541	34686	177	114	507	0	35484
23542	675	184	96	34449	0	35404
23543	397	229	34073	464	0	35163
23544	33884	192	373	303	0	34752
23545	617	186	34197	195	0	35195
23546	432	176	427	34172	0	35207
23547	307	181	33826	491	0	34805
23548	324	159	435	33812	0	34730
23549	290	178	33751	536	0	34755
23550	33138	113	474	396	0	34121
23551	559	33523	304	271	0	34657
23552	33495	384	201	307	0	34387
23553	633	159	237	33209	0	34238
23554	33297	107	222	575	0	34201
23555	549	32785	291	314	0	33939
23556	306	32837	280	279	0	33702
23557	214	33764	284	301	0	34563
23558	33965	498	209	292	0	34964
23559	568	267	198	33809	0	34842
23560	380	206	150	34086	0	34822
23561	277	258	33517	594	0	34646
23562	314	221	33222	283	0	34040
23563	369	187	484	33654	0	34694
23564	277	262	33937	517	0	34993
23565	223	33763	481	310	0	34777
23566	33570	517	238	286	0	34611
23567	540	308	33802	215	0	34865
23568	302	250	33853	224	0	34629
23569	274	209	591	33760	0	34834
23570	34103	149	329	644	0	35225
23571	582	119	290	34319	0	35310
23572	34285	103	280	658	0	35326
23573	597	125	291	34405	0	35418
23574	304	177	34716	540	0	35737
23575	262	34239	608	325	0	35434
23576	253	469	34766	245	0	35733
23577	196	34601	652	264	0	35713
23578	309	552	353	34157	0	35371
23579	33880	207	277	650	0	35014
23580	552	189	33994	300	0	35035
23581	371	128	511	34053	0	35063
23582	347	116	261	35136	0	35860
23583	35549	136	217	719	0	36621
23584	574	147	243	35464	0	36428
23585	257	35681	279	600	0	36817
23586	34851	462	264	406	0	35983
23587	534	292	34535	273	0	35634
23588	33751	201	511	331	0	34794
23589	611	34577	275	245	0	35708
23590	381	515	196	34025	0	35117
23591	289	35139	184	556	0	36168
23592	34953	476	159	399	0	35987
23593	600	278	35127	267	0	36272
23594	34604	280	430	346	0	35660
23595	586	35583	240	250	0	36659
23596	399	497	176	35701	0	36773
23597	36164	250	163	580	0	37157
23598	36468	210	168	344	0	37190
23599	697	205	151	36322	0	37375
23600	421	223	142	36629	0	37415
23601	295	36575	189	587	0	37646
23602	360	545	152	36798	0	37855
23603	256	40744	216	597	0	41813
23604	267	42398	182	341	0	43188
23605	378	1220	169	39810	0	41577
23606	270	40846	156	740	0	42012
23607	363	676	40923	283	0	42245
23608	515	332	41006	315	0	42168
23609	226	41510	758	407	0	42901
23610	266	626	40766	204	0	41862
23611	143	306	40336	162	0	40947
23612	97	195	38165	67	0	38524
23613	29	37502	746	103	0	38380
23614	36520	601	495	149	0	37765
23615	394	36351	213	46	0	37004
23616	176	550	36389	28	0	37143
23617	150	208	495	35965	0	36818
23618	35709	156	182	499	0	36546
23619	460	117	35436	159	0	36172
23620	224	87	515	35260	0	36086
23621	112	112	35614	466	0	36304
23622	128	63	581	35144	0	35916
23623	34986	69	237	593	0	35885
23624	468	89	35361	221	0	36139
23625	161	35483	599	213	0	36456
23626	197	468	260	35245	0	36170
23627	35852	216	172	532	0	36772
23628	515	194	35360	182	0	36251
23629	271	150	533	34085	0	35039
23630	140	35006	303	466	0	35915
23631	35223	506	198	262	0	36189
23632	35876	211	176	194	0	36457
23633	688	161	184	35459	0	36492
23634	279	35502	192	565	0	36538
23635	184	36646	180	268	0	37278
23636	36794	607	134	233	0	37768
23637	654	288	118	36308	0	37368
23638	242	36725	152	574	0	37693
23639	36964	596	104	299	0	37963
23640	687	267	100	36924	0	37978
23641	368	182	106	37322	0	37978
23642	199	173	36504	723	0	37599
23643	155	36659	563	355	0	37732
23644	139	37688	286	237	0	38350
23645	225	668	163	37262	0	38318
23646	37249	293	140	666	0	38348
23647	558	37159	142	302	0	38161
23648	37148	627	120	256	0	38151
23649	645	37062	131	158	0	37996
23650	372	659	99	37030	0	38160
23651	36955	301	88	639	0	37983
23652	701	260	86	36901	0	37948
23653	306	205	36731	666	0	37908
23654	295	178	536	35993	0	37002
23655	168	36302	262	671	0	37403
23656	36103	606	171	369	0	37249
23657	591	35767	139	273	0	36770
23658	330	678	117	34904	0	36029
23659	283	330	88	35472	0	36173
23660	182	284	34772	726	0	35964
23661	172	240	34824	350	0	35586
23662	214	1859	672	32965	0	35710
23663	283	237	34326	647	0	35493
23664	141	34057	659	378	0	35235
23665	33746	582	291	331	0	34950
23666	567	312	34303	222	0	35404
23667	33699	245	629	244	0	34817
23668	34270	203	294	226	0	34993
23669	34224	207	231	212	0	34874
23670	34236	168	155	207	0	34766
23671	898	213	151	33535	0	34797
23672	480	169	153	33231	0	34033
23673	297	33200	186	713	0	34396
23674	32501	567	169	393	0	33630
23675	652	300	32207	263	0	33422
23676	378	229	594	31723	0	32924
23677	291	182	323	32027	0	32823
23678	194	222	31626	758	0	32800
23679	201	31503	663	431	0	32798
23680	269	600	344	31146	0	32359
23681	283	286	250	31757	0	32576
23682	30874	231	173	784	0	32062
23683	612	30484	192	448	0	31736
23684	399	545	151	30136	0	31231
23685	240	30010	187	698	0	31135
23686	278	598	156	30143	0	31175
23687	29838	299	133	724	0	30994
23688	30151	224	140	391	0	30906
23689	774	170	140	29469	0	30553
23690	29116	137	137	681	0	30071
23691	29186	143	137	407	0	29873
23692	779	28712	138	278	0	29907
23693	484	523	95	28007	0	29109
23694	304	28224	121	580	0	29229
23695	329	558	70	27753	0	28710
23696	27642	281	67	666	0	28656
23697	628	230	79	27301	0	28238
23698	401	193	86	27437	0	28117
23699	251	216	26654	730	0	27851
23700	224	25511	475	431	0	26641
23701	224	26326	227	308	0	27085
23702	25413	582	138	322	0	26455
23703	507	362	71	20533	0	21473
23704	19120	128	64	329	0	19641
23705	334	18440	49	190	0	19013
23706	177	17325	40	147	0	17689
23707	130	17438	50	107	0	17725
23708	14810	318	378	130	0	15636
23709	178	14636	87	91	0	14992
23710	13524	179	217	99	0	14019
23711	13269	42	32	56	0	13399
23712	13630	31	14	51	0	13726
23713	150	37	11	14185	0	14383
23714	81	28	14	14516	0	14639
23715	57	24	11	14604	0	14696
23716	45	24	10	14549	0	14628
23717	14419	18	16	198	0	14651
23718	138	14311	18	67	0	14534
23719	67	113	10	14224	0	14414
23720	14357	43	12	159	0	14571
23721	150	25	3	14296	0	14474
23722	61	24	8	14396	0	14489
23723	14298	18	8	175	0	14499
23724	130	31	14050	72	0	14283
23725	64	23	102	13888	0	14077
23726	35	27	13997	138	0	14197
23727	37	21	112	13703	0	13873
23728	42	44	26	13719	0	13831
23729	13467	12	24	180	0	13683
23730	117	13259	26	67	0	13469
23731	38	13151	17	44	0	13250
23732	12701	98	27	52	0	12878
23733	90	12931	15	27	0	13063
23734	12869	80	33	72	0	13054
23735	122	41	12699	30	0	12892
23736	12027	16	67	40	0	12150
23737	12166	11	21	38	0	12236
23738	12195	6	15	36	0	12252
23739	90	11	12	12068	0	12181
23740	42	3	4	12091	0	12140
23741	19	12006	24	83	0	12132
23742	32	124	10	11878	0	12044
23743	11817	15	14	103	0	11949
23744	78	11832	18	23	0	11951
23745	25	11813	16	37	0	11891
23746	11770	69	4	42	0	11885
23747	70	46	11721	14	0	11851
23748	44	21	60	11666	0	11791
23749	24	25	11819	60	0	11928
23750	29	12	60	11778	0	11879
23751	18	11927	23	67	0	12035
23752	28	62	10	12097	0	12197
23753	11989	16	10	93	0	12108
23754	76	10	2	12082	0	12170
23755	24	26	12496	72	0	12618
23756	12051	15	83	59	0	12208
23757	89	12764	34	28	0	12915
23758	25	13335	20	32	0	13412
23759	13796	116	14	42	0	13968
23760	14598	34	6	52	0	14690
23761	151	32	14719	8	0	14910
23762	14463	9	120	39	0	14631
23763	134	14756	36	16	0	14942
23764	14878	123	16	42	0	15059
23765	144	27	14	14633	0	14818
23766	36	14282	21	130	0	14469
23767	14390	128	7	67	0	14592
23768	146	44	14470	23	0	14683
23769	52	19	125	14547	0	14743
23770	14750	21	32	158	0	14961
23771	155	37	14731	34	0	14957
23772	14843	20	134	54	0	15051
23773	171	17	24	14823	0	15035
23774	70	21	23	14981	0	15095
23775	40	32	14962	147	0	15181
23776	52	14	132	14982	0	15180
23777	15075	16	33	184	0	15308
23778	157	14909	36	53	0	15155
23779	14950	129	28	73	0	15180
23780	15074	34	17	67	0	15192
23781	205	21	15	15001	0	15242
23782	55	64	15181	164	0	15464
23783	64	23	140	15308	0	15535
23784	15332	15	32	204	0	15583
23785	167	15341	39	52	0	15599
23786	15583	138	24	74	0	15819
23787	198	30	9	15590	0	15827
23788	87	22	27	15966	0	16102
23789	71	22	17	16016	0	16126
23790	42	28	15837	198	0	16105
23791	54	17	149	16078	0	16298
23792	42	25	16124	189	0	16380
23793	42	31	16279	69	0	16421
23794	59	16	174	17210	0	17459
23795	37	29	17388	211	0	17665
23796	18231	9	212	102	0	18554
23797	274	19	53	18834	0	19180
23798	120	27	40	18835	0	19022
23799	60	19060	57	289	0	19466
23800	19273	227	33	131	0	19664
23801	19807	54	37	120	0	20018
23802	307	19824	41	82	0	20254
23803	146	243	31	19833	0	20253
23804	89	81	19882	260	0	20312
23805	19644	46	243	136	0	20069
23806	20182	31	64	111	0	20388
23807	342	30	54	19489	0	19915
23808	116	34	19240	264	0	19654
23809	84	19085	260	89	0	19518
23810	18890	237	85	88	0	19300
23811	284	73	19045	72	0	19474
23812	86	18778	289	65	0	19218
23813	18121	228	156	75	0	18580
23814	18225	59	67	71	0	18422
23815	302	49	42	17965	0	18358
23816	109	18321	40	255	0	18725
23817	121	250	36	18642	0	19049
23818	96	77	37	19013	0	19223
23819	97	56	27	18905	0	19085
23820	95	34	25	18958	0	19112
23821	61	62	18758	311	0	19192
23822	80	31	216	19015	0	19342
23823	79	28	66	19249	0	19422
23824	62	60	18929	309	0	19360
23825	43	18890	267	143	0	19343
23826	18828	231	78	139	0	19276
23827	19032	75	67	110	0	19284
23828	355	55	57	18973	0	19440
23829	19104	39	38	307	0	19488
23830	341	46	39	19410	0	19836
23831	116	49	19651	323	0	20139
23832	90	52	19743	129	0	20014
23833	77	19643	305	118	0	20143
23834	19485	261	104	123	0	19973
23835	298	80	20278	100	0	20756
23836	146	54	338	20102	0	20640
23837	141	48	89	21073	0	21351
23838	107	27	94	21385	0	21613
23839	108	42	76	21375	0	21601
23840	110	48	48	21446	0	21652
23841	84	58	20938	503	0	21583
23842	121	39	339	21105	0	21604
23843	20870	40	109	490	0	21509
23844	372	20729	93	218	0	21412
23845	20742	324	69	179	0	21314
23846	409	20780	84	124	0	21397
23847	20829	371	44	147	0	21391
23848	21287	118	70	108	0	21583
23849	503	77	72	20859	0	21511
23850	236	66	54	21090	0	21446
23851	20745	51	56	495	0	21347
23852	20633	43	78	220	0	20974
23853	20709	67	47	187	0	21010
23854	490	20084	77	143	0	20794
23855	192	20065	70	175	0	20502
23856	141	357	19897	127	0	20522
23857	161	196	310	19482	0	20149
23858	83	112	19174	401	0	19770
23859	86	18664	363	178	0	19291
23860	117	332	142	17861	0	18452
23861	88	101	59	17959	0	18207
23862	94	69	56	18109	0	18328
23863	17684	52	56	433	0	18225
23864	17756	39	37	212	0	18044
23865	356	17637	58	147	0	18198
23866	185	272	38	17679	0	18174
23867	139	102	17557	330	0	18128
23868	116	96	17278	122	0	17612
23869	17329	69	326	132	0	17856
23870	17509	52	128	98	0	17787
23871	400	44	83	17306	0	17833
23872	17429	42	74	354	0	17899
23873	376	55	17395	135	0	17961
23874	127	17288	321	151	0	17887
23875	158	286	115	17249	0	17808
23876	81	121	17580	339	0	18121
23877	121	72	306	17761	0	18260
23878	117	44	107	18081	0	18349
23879	74	73	18017	412	0	18576
23880	17806	52	302	245	0	18405
23881	18492	41	110	197	0	18840
23882	367	18796	109	157	0	19429
23883	19033	315	64	156	0	19568
23884	19509	104	66	130	0	19809
23885	464	94	19377	112	0	20047
23886	19280	50	333	108	0	19771
23887	444	19947	129	85	0	20605
23888	19950	338	96	93	0	20477
23889	20534	126	62	99	0	20821
23890	20850	94	67	91	0	21102
23891	20486	56	60	114	0	20716
23892	20681	48	55	120	0	20904
23893	550	19934	63	101	0	20648
23894	19273	316	54	82	0	19725
23895	435	18852	60	64	0	19411
23896	158	17749	46	79	0	18032
23897	121	18058	76	49	0	18304
23898	17698	340	189	79	0	18306
23899	17704	116	68	64	0	17952
23900	384	81	17508	45	0	18018
23901	17566	63	283	65	0	17977
23902	17745	45	79	53	0	17922
23903	381	58	17572	56	0	18067
23904	221	39	266	17454	0	17980
23905	167	45	86	17690	0	17988
23906	131	41	64	17969	0	18205
23907	139	44	38	18009	0	18230
23908	125	40	36	17916	0	18117
23909	94	56	17419	361	0	17930
23910	82	17309	269	160	0	17820
23911	17049	262	97	96	0	17504
23912	308	16936	62	80	0	17386
23913	16939	285	48	66	0	17338
23914	16937	103	47	63	0	17150
23915	394	69	16653	42	0	17158
23916	203	83	265	15788	0	16339
23917	104	16053	117	274	0	16548
23918	16114	270	58	109	0	16551
23919	16394	77	51	91	0	16613
23920	16467	62	48	75	0	16652
23921	364	16322	36	84	0	16806
23922	16285	255	46	72	0	16658
23923	16512	98	34	57	0	16701
23924	16490	51	25	59	0	16625
23925	419	48	39	16085	0	16591
23926	210	52	32	16233	0	16527
23927	164	53	20	16300	0	16537
23928	16019	51	33	334	0	16437
23929	328	15964	49	119	0	16460
23930	15828	240	21	87	0	16176
23931	15605	85	32	60	0	15782
23932	15402	51	26	61	0	15540
23933	15195	55	25	54	0	15329
23934	370	14837	31	44	0	15282
23935	14093	185	16	44	0	14338
23936	281	13843	23	32	0	14179
23937	126	13624	14	23	0	13787
23938	13527	173	38	34	0	13772
23939	208	13391	22	32	0	13653
23940	102	13682	17	29	0	13830
23941	13634	174	75	51	0	13934
23942	13723	79	10	41	0	13853
23943	239	44	11	13568	0	13862
23944	133	34	10	13710	0	13887
23945	13961	47	8	199	0	14215
23946	14278	40	20	87	0	14425
23947	14289	36	17	62	0	14404
23948	246	46	13921	30	0	14243
23949	14295	47	130	48	0	14520
23950	218	51	45	14316	0	14630
23951	128	42	21	14411	0	14602
23952	104	41	19	14486	0	14650
23953	89	42	21	14526	0	14678
23954	83	45	14193	199	0	14520
23955	94	41	14208	80	0	14423
23956	87	40	160	14225	0	14512
23957	88	41	14204	164	0	14497
23958	79	39	14278	79	0	14475
23959	95	28	170	14489	0	14782
23960	91	29	68	14665	0	14853
23961	104	26	40	14831	0	15001
23962	81	23	29	14828	0	14961
23963	14798	29	38	237	0	15102
23964	15183	28	30	145	0	15386
23965	239	29	21	15004	0	15293
23966	145	21	27	15077	0	15270
23967	96	26	28	15036	0	15186
23968	93	20	26	15025	0	15164
23969	93	15	33	14996	0	15137
23970	72	14859	43	229	0	15203
23971	14725	128	33	139	0	15025
23972	173	14797	37	87	0	15094
23973	14755	131	16	101	0	15003
23974	14814	53	18	96	0	14981
23975	14811	45	17	83	0	14956
23976	231	39	15	14401	0	14686
23977	14271	37	11	172	0	14491
23978	202	35	19	14071	0	14327
23979	132	29	12	13911	0	14084
23980	13906	39	10	198	0	14153
23981	179	13659	21	96	0	13955
23982	79	13136	15	69	0	13299
23983	13028	89	10	53	0	13180
23984	120	59	13123	46	0	13348
23985	12915	23	83	67	0	13088
23986	174	104	46	13191	0	13515
23987	65	12647	26	100	0	12838
23988	72	12800	17	53	0	12942
23989	12896	92	31	66	0	13085
23990	107	62	10	13131	0	13310
23991	57	13418	10	77	0	13562
23992	13172	66	28	66	0	13332
23993	13254	22	8	60	0	13344
23994	13298	27	0	48	0	13373
23995	13347	14	11	66	0	13438
23996	97	12997	16	41	0	13151
23997	35	13001	12	25	0	13073
23998	13195	56	8	34	0	13293
23999	13555	24	10	34	0	13623
24000	92	28	13562	11	0	13693
24001	35	13579	66	8	0	13688
24002	13728	62	20	28	0	13838
24003	14033	16	14	34	0	14097
24004	92	29	14218	9	0	14348
24005	14172	12	81	32	0	14297
24006	117	13	14669	6	0	14805
24007	31	15	15438	6	0	15490
24008	50	14	126	14990	0	15180
24009	13	15430	62	111	0	15616
24010	15905	119	35	46	0	16105
24011	152	27	4	16011	0	16194
24012	68	28	11	16156	0	16263
24013	66	2	9	16248	0	16325
24014	16196	7	12	210	0	16425
24015	161	23	11	16106	0	16301
24016	62	12	10	16483	0	16567
24017	54	24	16439	157	0	16674
24018	16292	9	145	94	0	16540
24019	16716	12	34	72	0	16834
24020	191	27	16595	18	0	16831
24021	16267	14	159	51	0	16491
24022	219	17	27	16216	0	16479
24023	53	16274	64	179	0	16570
24024	83	153	13	16379	0	16628
24025	16320	31	21	217	0	16589
24026	178	16288	31	71	0	16568
24027	86	189	16	16464	0	16755
24028	80	42	20	16777	0	16919
24029	64	47	15	16884	0	17010
24030	54	11	20	16712	0	16797
24031	37	17048	48	214	0	17347
24032	17181	180	21	111	0	17493
24033	17472	45	14	91	0	17622
24034	243	17750	36	59	0	18088
24035	18727	201	16	76	0	19020
24036	19326	45	16	87	0	19474
24037	19173	58	13	75	0	19319
24038	343	35	18822	41	0	19241
24039	179	16	227	18740	0	19162
24040	102	47	18595	259	0	19003
24041	18419	16	268	128	0	18831
24042	275	18499	92	90	0	18956
24043	18472	234	68	96	0	18870
24044	327	18463	49	58	0	18897
24045	149	283	27	18107	0	18566
24046	141	89	36	18293	0	18559
24047	91	84	18221	297	0	18693
24048	56	18283	271	156	0	18766
24049	18188	264	79	119	0	18650
24050	312	114	18106	59	0	18591
24051	18083	82	263	76	0	18504
24052	359	46	104	18114	0	18623
24053	127	58	18214	306	0	18705
24054	105	18194	284	145	0	18728
24055	121	269	91	18259	0	18740
24056	88	135	18358	290	0	18871
24057	102	100	18445	106	0	18753
24058	85	18253	325	109	0	18772
24059	129	273	147	17971	0	18520
24060	109	99	99	17944	0	18251
24061	86	17881	86	337	0	18390
24062	17897	286	74	169	0	18426
24063	338	116	71	17744	0	18269
24064	140	17578	78	306	0	18102
24065	17700	280	62	154	0	18196
24066	17745	118	62	133	0	18058
24067	17899	105	58	101	0	18163
24068	406	17599	74	107	0	18186
24069	17782	296	64	124	0	18266
24070	17874	128	65	105	0	18172
24071	429	105	46	17597	0	18177
24072	17595	82	46	324	0	18047
24073	417	85	37	17486	0	18025
24074	195	84	17308	373	0	17960
24075	172	68	17538	160	0	17938
24076	149	67	332	17553	0	18101
24077	121	71	17601	350	0	18143
24078	17462	62	345	170	0	18039
24079	383	82	129	17670	0	18264
24080	204	64	110	17778	0	18156
24081	163	55	17459	386	0	18063
24082	113	17125	335	178	0	17751
24083	99	17520	145	148	0	17912
24084	115	323	106	16829	0	17373
24085	119	131	63	16773	0	17086
24086	82	115	16213	365	0	16775
24087	100	78	16311	171	0	16660
24088	110	70	338	16188	0	16706
24089	78	75	15807	330	0	16290
24090	15394	65	321	159	0	15939
24091	343	48	124	15300	0	15815
24092	15371	64	95	335	0	15865
24093	378	63	70	15263	0	15774
24094	181	62	58	15493	0	15794
24095	143	65	15199	372	0	15779
24096	101	15262	293	208	0	15864
24097	135	290	118	15214	0	15757
24098	92	115	15119	332	0	15658
24099	77	14673	318	166	0	15234
24100	113	264	146	14812	0	15335
24101	14713	91	115	337	0	15256
24102	295	80	14687	153	0	15215
24103	14153	45	285	129	0	14612
24104	322	53	14012	91	0	14478
24105	13271	41	295	107	0	13714
24106	278	13200	132	82	0	13692
24107	116	12686	82	63	0	12947
24108	104	354	91	12105	0	12654
24109	56	12285	84	209	0	12634
24110	11950	218	82	123	0	12373
24111	216	109	44	11867	0	12236
24112	106	66	53	11975	0	12200
24113	82	52	41	12018	0	12193
24114	54	65	11645	268	0	12032
24115	82	48	195	11621	0	11946
24116	54	37	11462	251	0	11804
24117	51	11116	220	142	0	11529
24118	10670	148	102	98	0	11018
24119	167	10922	72	76	0	11237
24120	11063	164	65	73	0	11365
24121	11150	89	50	71	0	11360
24122	11187	54	38	73	0	11352
24123	11098	45	45	72	0	11260
24124	242	48	10841	52	0	11183
24125	134	42	159	10844	0	11179
24126	98	34	76	10828	0	11036
24127	91	29	68	10858	0	11046
24128	10346	27	39	240	0	10652
24129	10366	24	53	133	0	10576
24130	216	10433	49	103	0	10801
24131	109	122	10084	67	0	10382
24132	62	56	9966	59	0	10143
24133	66	9741	185	46	0	10038
24134	50	9514	95	50	0	9709
24135	249	187	207	8010	0	8653
24136	40	53	23	8029	0	8145
24137	7982	20	24	104	0	8130
24138	85	7911	19	55	0	8070
24139	52	86	19	8089	0	8246
24140	36	39	8255	92	0	8422
24141	28	20	82	8508	0	8638
24142	32	13	39	8601	0	8685
24143	25	16	21	8684	0	8746
24144	23	14	20	8584	0	8641
24145	27	11	8414	129	0	8581
24146	19	8158	95	53	0	8325
24147	23	8228	34	41	0	8326
24148	7914	79	32	33	0	8058
24149	76	7900	21	32	0	8029
24150	43	8161	20	24	0	8248
24151	37	94	30	8164	0	8325
24152	29	38	16	8233	0	8316
24153	29	26	34	8168	0	8257
24154	23	31	8069	102	0	8225
24155	20	8024	65	49	0	8158
24156	29	80	28	7797	0	7934
24157	19	7901	17	77	0	8014
24158	7830	63	18	58	0	7969
24159	64	7845	23	36	0	7968
24160	7824	70	18	39	0	7951
24161	67	37	7825	29	0	7958
24162	7806	25	77	36	0	7944
24163	75	31	26	7955	0	8087
24164	35	25	7985	71	0	8116
24165	7866	29	64	47	0	8006
24166	8001	26	25	32	0	8084
24167	8019	18	15	22	0	8074
24168	92	19	11	8011	0	8133
24169	34	18	8029	90	0	8171
24170	8091	10	71	55	0	8227
24171	78	10	27	8361	0	8476
24172	37	13	21	8384	0	8455
24173	23	16	8592	100	0	8731
24174	17	8575	73	46	0	8711
24175	34	72	28	8358	0	8492
24176	24	8570	13	67	0	8674
24177	8488	79	21	32	0	8620
24178	8497	28	19	28	0	8572
24179	92	24	14	8484	0	8614
24180	8443	14	15	87	0	8559
24181	75	8484	17	52	0	8628
24182	8454	68	10	36	0	8568
24183	78	8523	17	28	0	8646
24184	48	70	18	8579	0	8715
24185	29	35	6	8546	0	8616
24186	22	8637	18	78	0	8755
24187	30	83	9	8548	0	8670
24188	24	24	8584	80	0	8712
24189	11	8448	69	35	0	8563
24190	8137	51	23	34	0	8245
24191	54	8212	19	20	0	8305
24192	25	56	11	8179	0	8271
24193	22	28	8241	62	0	8353
24194	29	16	53	8341	0	8439
24195	32	17	9	8339	0	8397
24196	8182	10	9	99	0	8300
24197	76	12	8186	33	0	8307
24198	22	8236	63	31	0	8352
24199	17	70	8413	17	0	8517
24200	8	25	8219	13	0	8265
24201	15	15	8115	14	0	8159
24202	45	133	79	7788	0	8045
24203	7952	2	46	63	0	8063
24204	48	7945	8	15	0	8016
24205	8087	52	3	22	0	8164
24206	8341	13	2	18	0	8374
24207	66	6	8	8249	0	8329
24208	15	8316	9	52	0	8392
24209	8336	48	3	27	0	8414
24210	58	8389	5	21	0	8473
24211	17	55	4	8531	0	8607
24212	11	17	6	8734	0	8768
24213	6	8737	13	70	0	8826
24214	11	53	5	8792	0	8861
24215	6	20	8704	61	0	8791
24216	9	18	8713	12	0	8752
24217	17	8	61	8836	0	8922
24218	12	5	19	8928	0	8964
24219	8	8	8625	64	0	8705
24220	4	11	8523	23	0	8561
24221	8198	8	66	23	0	8295
24222	58	8466	24	11	0	8559
24223	13	8853	14	15	0	8895
24224	14	60	11	8748	0	8833
24225	14	20	6	8812	0	8852
24226	12	10	4	8864	0	8890
24227	6	13	8816	67	0	8902
24228	10	8	8789	21	0	8828
24229	14	10	63	9093	0	9180
24230	7	17	8990	69	0	9083
24231	12	8995	72	20	0	9099
24232	8954	67	21	28	0	9070
24233	70	22	8908	14	0	9014
24234	23	18	8930	9	0	8980
24235	21	16	84	9099	0	9220
24236	12	16	9584	83	0	9695
24237	6	9846	87	39	0	9978
24238	20	91	31	10056	0	10198
24239	14	24	10003	94	0	10135
24240	12	9789	105	26	0	9932
24241	9704	94	31	42	0	9871
24242	95	25	19	9694	0	9833
24243	30	20	19	9781	0	9850
24244	9727	16	13	122	0	9878
24245	84	9744	18	46	0	9892
24246	9775	84	14	49	0	9922
24247	9827	32	15	28	0	9902
24248	9844	21	13	28	0	9906
24249	120	11	17	9746	0	9894
24250	9587	13	14	103	0	9717
24251	101	9423	11	42	0	9577
24252	36	9636	17	27	0	9716
24253	9711	110	21	27	0	9869
24254	116	25	9	9800	0	9950
24255	45	17	7	9871	0	9940
24256	30	16	13	9927	0	9986
24257	24	22	9752	133	0	9931
24258	23	9772	106	48	0	9949
24259	17	119	26	10083	0	10245
24260	10148	30	17	140	0	10335
24261	122	19	18	10156	0	10315
24262	29	29	10151	133	0	10342
24263	31	10192	115	51	0	10389
24264	10276	115	31	44	0	10466
24265	10349	31	38	33	0	10451
24266	10497	25	13	35	0	10570
24267	171	15	15	10479	0	10680
24268	49	25	10480	128	0	10682
24269	46	18	10616	36	0	10716
24270	30	10638	150	34	0	10852
24271	33	136	37	10557	0	10763
24272	37	28	31	10666	0	10762
24273	10271	23	23	160	0	10477
24274	148	31	16	10342	0	10537
24275	10495	15	16	178	0	10704
24276	158	14	10396	53	0	10621
24277	49	27	10540	41	0	10657
24278	51	18	151	10445	0	10665
24279	39	8	60	10518	0	10625
24280	31	27	34	10709	0	10801
24281	10834	7	22	199	0	11062
24282	11299	12	24	91	0	11426
24283	218	26	24	11344	0	11612
24284	65	21	11198	209	0	11493
24285	48	20	11452	74	0	11594
24286	47	16	214	11407	0	11684
24287	11595	12	70	216	0	11893
24288	207	13	38	11524	0	11782
24289	82	12	32	11756	0	11882
24290	56	17	11615	240	0	11928
24291	36	19	11647	95	0	11797
24292	11385	16	225	66	0	11692
24293	192	12	11582	54	0	11840
24294	78	10	208	11305	0	11601
24295	48	11	75	11557	0	11691
24296	11382	9	40	242	0	11673
24297	192	11212	50	97	0	11551
24298	11064	161	41	74	0	11340
24299	191	10814	40	47	0	11092
24300	10636	164	35	55	0	10890
24301	190	56	10488	35	0	10769
24302	10129	30	205	52	0	10416
24303	10297	22	62	40	0	10421
24304	231	26	37	10113	0	10407
24305	80	18	10072	171	0	10341
24306	72	11	165	9804	0	10052
24307	62	12	67	9849	0	9990
24308	35	9699	39	214	0	9987
24309	44	151	32	9624	0	9851
24310	35	9624	31	186	0	9876
24311	38	163	20	9623	0	9844
24312	9485	57	21	208	0	9771
24313	198	35	17	9486	0	9736
24314	74	35	9437	202	0	9748
24315	9431	18	177	85	0	9711
24316	200	18	9700	53	0	9971
24317	9741	13	183	57	0	9994
24318	9988	12	71	59	0	10130
24319	226	9811	52	48	0	10137
24320	89	10166	39	55	0	10349
24321	10101	196	32	56	0	10385
24322	10392	65	27	38	0	10522
24323	10167	37	31	47	0	10282
24324	10165	26	31	44	0	10266
24325	10163	22	27	46	0	10258
24326	262	20	29	9950	0	10261
24327	119	20	24	10171	0	10334
24328	82	17	10042	224	0	10365
24329	9898	12	164	82	0	10156
24330	214	16	69	9860	0	10159
24331	107	19	49	9894	0	10069
24332	70	27	9764	215	0	10076
24333	61	9480	170	96	0	9807
24334	64	9730	61	61	0	9916
24335	9469	189	40	68	0	9766
24336	9119	62	37	58	0	9276
24337	211	8623	41	37	0	8912
24338	78	8612	46	46	0	8782
24339	8577	157	35	42	0	8811
24340	8795	50	29	49	0	8923
24341	207	23	19	8618	0	8867
24342	88	21	21	8726	0	8856
24343	69	23	25	8829	0	8946
24344	8669	26	18	199	0	8912
24345	8731	18	22	93	0	8864
24346	206	23	33	8688	0	8950
24347	8818	20	23	170	0	9031
24348	183	23	8826	74	0	9106
24349	101	21	143	8876	0	9141
24350	69	21	8837	165	0	9092
24351	52	8781	149	76	0	9058
24352	57	146	68	8705	0	8976
24353	8647	49	40	161	0	8897
24354	181	14	36	8562	0	8793
24355	92	23	29	8597	0	8741
24356	55	24	8506	188	0	8773
24357	55	34	8481	72	0	8642
24358	61	8501	145	58	0	8765
24359	8303	120	43	46	0	8512
24360	8333	44	23	46	0	8446
24361	8332	17	27	40	0	8416
24362	8327	24	20	41	0	8412
24363	195	14	23	8168	0	8400
24364	100	11	26	8148	0	8285
24365	52	8150	28	167	0	8397
24366	8084	116	21	63	0	8284
24367	8096	40	20	44	0	8200
24368	162	20	7823	48	0	8053
24369	7435	21	100	33	0	7589
24370	128	7495	49	23	0	7695
24371	83	155	16	7324	0	7578
24372	43	7501	15	100	0	7659
24373	7487	102	18	44	0	7651
24374	121	7403	14	32	0	7570
24375	67	98	15	7228	0	7408
24376	50	45	7	7290	0	7392
24377	50	21	15	7137	0	7223
24378	49	7030	10	124	0	7213
24379	42	126	12	6984	0	7164
24380	40	79	12	6880	0	7011
24381	29	6310	15	108	0	6462
24382	22	6015	14	41	0	6092
24383	5718	46	13	35	0	5812
24384	51	5745	8	31	0	5835
24385	5524	39	7	22	0	5592
24386	52	11	5497	14	0	5574
24387	16	5376	38	14	0	5444
24388	5338	37	30	23	0	5428
24389	5272	20	5	20	0	5317
24390	46	17	5218	13	0	5294
24391	29	13	33	5207	0	5282
24392	19	10	5246	42	0	5317
24393	12	5139	39	19	0	5209
24394	5072	39	22	31	0	5164
24395	41	4988	12	12	0	5053
24396	13	40	9	4968	0	5030
24397	19	10	6	5016	0	5051
24398	15	12	4970	41	0	5038
24399	18	14	4874	12	0	4918
24400	4860	12	41	14	0	4927
24401	4957	11	10	16	0	4994
24402	4963	8	6	19	0	4996
24403	4940	15	7	20	0	4982
24404	49	4991	8	12	0	5060
24405	26	36	9	5003	0	5074
24406	20	11	10	5040	0	5081
24407	19	5140	8	40	0	5207
24408	5207	40	5	20	0	5272
24409	5239	8	7	18	0	5272
24410	49	14	5231	10	0	5304
24411	5236	7	39	19	0	5301
24412	52	18	8	5243	0	5321
24413	17	18	5206	42	0	5283
24414	25	32	38	5173	0	5268
24415	17	11	5256	41	0	5325
24416	9	6	5042	12	0	5069
24417	19	62	35	4840	0	4956
24418	6	4833	15	39	0	4893
24419	4804	32	17	10	0	4863
24420	4652	7	6	14	0	4679
24421	39	4893	12	7	0	4951
24422	6	4905	11	13	0	4935
24423	4997	33	11	24	0	5065
24424	5054	14	4	9	0	5081
24425	5073	4	5	11	0	5093
24426	5093	10	2	11	0	5116
24427	37	11	6	5166	0	5220
24428	14	11	5123	28	0	5176
24429	13	5171	33	6	0	5223
24430	5128	32	6	7	0	5173
24431	37	5366	4	7	0	5414
24432	5356	33	4	17	0	5410
24433	5381	4	9	14	0	5408
24434	36	11	5512	5	0	5564
24435	14	5714	32	4	0	5764
24436	16	45	4	5781	0	5846
24437	13	6	2	5827	0	5848
24438	11	9	3	5714	0	5737
24439	5728	5	7	41	0	5781
24440	5573	7	9	4	0	5593
24441	5569	7	5	14	0	5595
24442	38	5624	6	7	0	5675
24443	5538	30	2	11	0	5581
24444	34	5641	8	7	0	5690
24445	12	34	5649	4	0	5699
24446	7	5636	29	6	0	5678
24447	26	54	27	5460	0	5567
24448	9	4	6	5415	0	5434
24449	8	7	5394	28	0	5437
24450	15	7	27	5321	0	5370
24451	8	5	7	5373	0	5393
24452	5415	4	2	35	0	5456
24453	5407	4	2	17	0	5430
24454	5470	3	7	10	0	5490
24455	34	5478	6	9	0	5527
24456	5426	30	3	14	0	5473
24457	5348	5	3	13	0	5369
24458	34	5521	1	12	0	5568
24459	14	28	5	5533	0	5580
24460	11	7	4	5577	0	5599
24461	5538	6	5	39	0	5588
24462	36	7	5455	6	0	5504
24463	9	5376	26	5	0	5416
24464	9	53	2	5226	0	5290
24465	8	5194	4	24	0	5230
24466	6	5299	5	8	0	5318
24467	5306	26	13	11	0	5356
24468	5292	5	2	18	0	5317
24469	28	2	5	5339	0	5374
24470	13	6	0	5285	0	5304
24471	11	4	2	5290	0	5307
24472	10	6	4	5245	0	5265
24473	10	6	5178	29	0	5223
24474	8	10	4994	9	0	5021
24475	12	6	29	5353	0	5400
24476	10	8	5597	31	0	5646
24477	4	5722	33	9	0	5768
24478	5821	32	4	16	0	5873
24479	5893	2	3	17	0	5915
24480	41	3	4	5982	0	6030
24481	11	4	7	6068	0	6090
24482	8	8	4	6109	0	6129
24483	10	6141	4	38	0	6193
24484	6172	34	4	13	0	6223
24485	6202	7	1	16	0	6226
24486	44	6	6150	9	0	6209
24487	17	9	33	6510	0	6569
24488	10	9	6645	46	0	6710
24489	13	5	43	7060	0	7121
24490	8	9	5	7089	0	7111
24491	19	2	8	7100	0	7129
24492	13	8	7	7188	0	7216
24493	7194	5	5	90	0	7294
24494	7345	2	5	32	0	7384
24495	7440	6	8	24	0	7478
24496	81	7	3	7425	0	7516
24497	23	9	7348	80	0	7460
24498	7272	6	71	23	0	7372
24499	77	7	9	7415	0	7508
24500	7431	1	11	89	0	7532
24501	83	5	8	7495	0	7591
24502	20	7399	14	86	0	7519
24503	22	7669	13	23	0	7727
24504	28	74	6	7676	0	7784
24505	24	8	11	7696	0	7739
24506	28	12	6	7740	0	7786
24507	16	7600	13	98	0	7727
24508	7572	72	5	33	0	7682
24509	80	7578	11	33	0	7702
24510	21	79	7601	14	0	7715
24511	32	16	71	7621	0	7740
24512	16	7767	21	88	0	7892
24513	21	70	18	7749	0	7858
24514	14	19	10	7806	0	7849
24515	11	25	7674	112	0	7822
24516	7410	13	76	56	0	7555
24517	85	7843	17	37	0	7982
24518	7850	75	13	44	0	7982
24519	8015	18	9	30	0	8072
24520	8054	17	7	33	0	8111
24521	112	26	7683	23	0	7844
24522	42	18	84	7637	0	7781
24523	33	10	24	7623	0	7690
24524	26	17	7455	104	0	7602
24525	7193	15	82	54	0	7344
24526	97	19	7440	37	0	7593
24527	33	14	7276	22	0	7345
24528	19	7386	87	26	0	7518
24529	20	97	38	7325	0	7480
24530	18	20	7327	100	0	7465
24531	6997	18	88	43	0	7146
24532	7100	11	18	38	0	7167
24533	102	15	7155	23	0	7295
24534	46	15	90	7164	0	7315
24535	28	20	7197	86	0	7331
24536	21	7293	104	28	0	7446
24537	7614	82	29	37	0	7762
24538	7790	16	23	26	0	7855
24539	7917	14	21	34	0	7986
24540	129	11	22	7891	0	8053
24541	44	12	21	8044	0	8121
24542	31	14	7952	123	0	8120
24543	7942	19	105	35	0	8101
24544	137	11	22	7924	0	8094
24545	7862	7	24	114	0	8007
24546	126	11	7885	37	0	8059
24547	38	13	8107	40	0	8198
24548	38	14	116	7978	0	8146
24549	36	4	38	8194	0	8272
24550	29	21	8078	119	0	8247
24551	8001	9	107	42	0	8159
24552	121	10	38	7992	0	8161
24553	32	8238	37	115	0	8422
24554	8320	93	29	54	0	8496
24555	107	8341	29	44	0	8521
24556	8384	97	26	39	0	8546
24557	132	25	8508	27	0	8692
24558	54	28	8394	21	0	8497
24559	36	8450	116	32	0	8634
24560	8483	94	50	33	0	8660
24561	118	32	8447	28	0	8625
24562	8284	24	113	27	0	8448
24563	126	8438	35	29	0	8628
24564	61	85	30	8562	0	8738
24565	43	27	37	8506	0	8613
24566	38	8643	28	116	0	8825
24567	8859	96	25	67	0	9047
24568	9011	25	25	41	0	9102
24569	9146	23	28	32	0	9229
24570	139	22	9149	34	0	9344
24571	62	18	104	9192	0	9376
24572	52	15	41	9292	0	9400
24573	39	16	37	9370	0	9462
24574	29	16	9255	129	0	9429
24575	36	9066	102	50	0	9254
24576	8807	96	41	35	0	8979
24577	118	35	8824	25	0	9002
24578	8717	24	92	35	0	8868
24579	107	8797	42	36	0	8982
24580	8806	85	35	25	0	8951
24581	125	44	26	8690	0	8885
24582	8798	22	25	109	0	8954
24583	131	13	30	8820	0	8994
24584	52	16	9010	102	0	9180
24585	45	61	102	8893	0	9101
24586	33	24	8902	110	0	9069
24587	8364	19	90	52	0	8525
24588	101	8524	38	39	0	8702
24589	48	77	22	8035	0	8182
24590	26	8353	27	54	0	8460
24591	8474	55	30	34	0	8593
24592	8451	17	24	26	0	8518
24593	75	8421	20	16	0	8532
24594	8413	60	24	29	0	8526
24595	8550	22	11	27	0	8610
24596	80	11	13	8519	0	8623
24597	44	13	10	8621	0	8688
24598	8859	16	8	85	0	8968
24599	9026	7	12	48	0	9093
24600	98	7	15	8966	0	9086
24601	47	14	13	9531	0	9605
24602	9866	7	10	108	0	9991
24603	96	19	9829	43	0	9987
24604	9529	5	85	32	0	9651
24605	105	21	9741	21	0	9888
24606	46	9616	95	21	0	9778
24607	32	85	47	9617	0	9781
24608	32	33	9783	84	0	9932
24609	26	9990	92	36	0	10144
24610	9907	89	46	27	0	10069
24611	92	43	9949	19	0	10103
24612	9875	11	84	30	0	10000
24613	10072	17	32	29	0	10150
24614	10199	10	11	33	0	10253
24615	122	5	17	9937	0	10081
24616	49	10153	23	70	0	10295
24617	10130	74	10	41	0	10255
24618	101	28	10141	15	0	10285
24619	9855	11	77	35	0	9978
24620	79	20	10210	16	0	10325
24621	46	10147	79	26	0	10298
24622	44	70	30	10177	0	10321
24623	26	36	20	10190	0	10272
24624	26	10160	18	98	0	10302
24625	25	76	15	10320	0	10436
24626	25	35	10322	80	0	10462
24627	24	10372	84	51	0	10531
24628	32	73	34	10231	0	10370
24629	10224	36	11	93	0	10364
24630	10508	6	16	54	0	10584
24631	111	16	15	10691	0	10833
24632	48	10830	20	84	0	10982
24633	37	75	8	10756	0	10876
24634	46	31	15	10620	0	10712
24635	29	20	10334	116	0	10499
24636	22	10296	81	45	0	10444
24637	19	81	23	10050	0	10173
24638	13	28	9971	82	0	10094
24639	12	9839	73	44	0	9968
24640	17	75	40	9845	0	9977
24641	9844	33	13	80	0	9970
24642	63	9990	20	41	0	10114
24643	43	69	11	10021	0	10144
24644	10148	32	9	86	0	10275
24645	10271	12	5	51	0	10339
24646	10218	14	6	30	0	10268
24647	10044	15	8	25	0	10092
24648	101	10	8	9995	0	10114
24649	46	14	10092	74	0	10226
24650	32	14	72	10033	0	10151
24651	21	10087	32	78	0	10218
24652	10139	72	13	59	0	10283
24653	78	40	9886	25	0	10029
24654	9732	20	71	31	0	9854
24655	78	20	9793	22	0	9913
24656	51	21	70	9734	0	9876
24657	27	15	9784	78	0	9904
24658	36	19	80	9673	0	9808
24659	28	20	9679	85	0	9812
24660	46	18	76	9674	0	9814
24661	9715	16	38	95	0	9864
24662	81	10034	25	53	0	10193
24663	51	70	22	10088	0	10231
24664	52	35	14	10089	0	10190
24665	28	23	10260	105	0	10416
24666	32	21	9977	39	0	10069
24667	9780	20	99	47	0	9946
24668	78	9940	48	34	0	10100
24669	9860	66	34	33	0	9993
24670	9944	25	29	43	0	10041
24671	111	15	31	10014	0	10171
24672	44	10220	29	84	0	10377
24673	10373	68	26	61	0	10528
24674	10598	36	21	46	0	10701
24675	10757	17	17	48	0	10839
24676	10809	13	23	45	0	10890
24677	10839	22	20	38	0	10919
24678	121	20	10706	25	0	10872
24679	10670	12	81	40	0	10803
24680	113	17	10798	19	0	10947
24681	59	17	78	10822	0	10976
24682	45	17	37	11205	0	11304
24683	34	16	11069	111	0	11230
24684	11054	23	84	64	0	11225
24685	113	20	39	11674	0	11846
24686	66	11	18	11830	0	11925
24687	43	17	16	11998	0	12074
24688	50	14	29	12009	0	12102
24689	50	13	13	12153	0	12229
24690	23	25	12088	161	0	12297
24691	43	14	109	11922	0	12088
24692	29	23	12053	137	0	12242
24693	30	20	12044	62	0	12156
24694	11950	14	149	49	0	12162
24695	12249	12	59	45	0	12365
24696	12608	9	133	54	0	12804
24697	174	16	12886	37	0	13113
24698	69	20	12955	25	0	13069
24699	46	6	13135	32	0	13219
24700	38	13361	192	37	0	13628
24701	124	231	146	12849	0	13350
24702	13227	17	69	152	0	13465
24703	143	19	25	13660	0	13847
24704	36	13843	23	177	0	14079
24705	14002	127	19	73	0	14221
24706	149	33	22	13970	0	14174
24707	56	14177	28	167	0	14428
24708	52	123	19	14274	0	14468
24709	44	43	24	14201	0	14312
24710	14013	26	25	189	0	14253
24711	151	15	38	13962	0	14166
24712	52	30	13942	176	0	14200
24713	51	21	146	13839	0	14057
24714	36	13645	57	180	0	13918
24715	42	13905	45	66	0	14058
24716	45	160	34	13596	0	13835
24717	40	64	33	13581	0	13718
24718	26	13467	30	191	0	13714
24719	35	13429	23	92	0	13579
24720	25	13568	28	72	0	13693
24721	44	188	29	13040	0	13301
24722	23	13447	33	170	0	13673
24723	13381	172	21	102	0	13676
24724	147	92	13536	58	0	13833
24725	65	58	140	13370	0	13633
24726	37	13575	57	173	0	13842
24727	13491	147	35	104	0	13777
24728	144	89	13557	66	0	13856
24729	57	13598	141	60	0	13856
24730	13312	153	59	78	0	13602
24731	130	13125	41	45	0	13341
24732	51	13263	32	40	0	13386
24733	79	178	27	13123	0	13407
24734	36	13270	21	150	0	13477
24735	13227	165	25	85	0	13502
24736	151	67	25	13193	0	13436
24737	51	75	13099	152	0	13377
24738	53	55	13133	68	0	13309
24739	53	56	158	13093	0	13360
24740	39	51	13201	162	0	13453
24741	47	49	155	13228	0	13479
24742	12975	39	55	187	0	13256
24743	129	53	13058	76	0	13316
24744	78	46	136	12831	0	13091
24745	39	12863	69	173	0	13144
24746	51	146	45	12973	0	13215
24747	55	65	35	12990	0	13145
24748	38	13138	46	199	0	13421
24749	32	139	43	13192	0	13406
24750	51	68	29	13279	0	13427
24751	38	68	13109	182	0	13397
24752	30	13040	154	102	0	13326
24753	13072	145	64	98	0	13379
24754	151	71	51	13159	0	13432
24755	61	63	13281	164	0	13569
24756	58	58	146	13284	0	13546
24757	31	54	13215	186	0	13486
24758	12946	51	160	105	0	13262
24759	167	13150	66	84	0	13467
24760	72	141	59	13228	0	13500
24761	77	69	46	13401	0	13593
24762	13011	53	52	201	0	13317
24763	162	50	31	13029	0	13272
24764	65	54	12915	187	0	13221
24765	57	49	146	12587	0	12839
24766	42	12458	82	182	0	12764
24767	43	12712	66	108	0	12929
24768	34	12813	51	78	0	12976
24769	53	212	30	12676	0	12971
24770	32	97	12518	194	0	12841
24771	32	12386	129	101	0	12648
24772	12181	178	46	94	0	12499
24773	138	12279	48	92	0	12557
24774	12214	168	41	95	0	12518
24775	12208	63	31	79	0	12381
24776	164	82	12196	55	0	12497
24777	12331	51	133	68	0	12583
24778	12653	37	56	80	0	12826
24779	12550	46	58	74	0	12728
24780	12613	42	40	76	0	12771
24781	180	53	12594	50	0	12877
24782	12225	42	128	60	0	12455
24783	12393	53	57	48	0	12551
24784	170	12335	40	46	0	12591
24785	80	116	29	11793	0	12018
24786	57	55	21	11796	0	11929
24787	53	11747	22	126	0	11948
24788	11565	102	20	78	0	11765
24789	98	11514	41	41	0	11694
24790	11291	110	22	50	0	11473
24791	11479	48	25	37	0	11589
24792	128	11562	23	35	0	11748
24793	87	110	20	11515	0	11732
24794	49	55	11658	99	0	11861
24795	42	11418	94	60	0	11614
24796	65	236	36	10685	0	11022
24797	20	10813	35	82	0	10950
24798	27	11009	24	31	0	11091
24799	77	215	37	10475	0	10804
24800	25	55	10771	76	0	10927
24801	22	10413	82	44	0	10561
24802	14	10228	51	34	0	10327
24803	9635	79	66	19	0	9799
24804	68	38	4	9832	0	9942
24805	34	24	6	10085	0	10149
24806	20	10	5	10315	0	10350
24807	9	22	10458	111	0	10600
24808	15	12	90	10781	0	10898
24809	9	11015	31	117	0	11172
24810	11363	110	14	63	0	11550
24811	117	38	5	11463	0	11623
24812	38	37	11446	125	0	11646
24813	11714	15	117	50	0	11896
24814	145	18	36	11988	0	12187
24815	39	29	12451	133	0	12652
24816	22	23	12621	38	0	12704
24817	12781	9	162	56	0	13008
24818	13162	5	60	42	0	13269
24819	13148	9	22	45	0	13224
24820	13224	14	22	27	0	13287
24821	191	22	13143	13	0	13369
24822	64	13191	148	53	0	13456
24823	13260	141	39	34	0	13474
24824	170	13177	32	17	0	13396
24825	13143	147	20	37	0	13347
24826	163	13188	33	19	0	13403
24827	75	161	18	13130	0	13384
24828	63	52	22	13173	0	13310
24829	51	29	17	13141	0	13238
24830	35	12866	33	185	0	13119
24831	46	13095	29	63	0	13233
24832	50	162	16	12728	0	12956
24833	31	12835	33	167	0	13066
24834	38	167	12822	40	0	13067
24835	45	64	149	12775	0	13033
24836	34	50	12794	141	0	13019
24837	12674	37	157	58	0	12926
24838	12802	23	42	53	0	12920
24839	187	33	12721	28	0	12969
24840	64	29	12699	30	0	12822
24841	60	27	170	12590	0	12847
24842	32	35	12654	154	0	12875
24843	38	32	154	12287	0	12511
24844	34	12388	56	151	0	12629
24845	42	171	41	12568	0	12822
24846	40	45	23	12635	0	12743
24847	41	39	30	12642	0	12752
24848	24	32	12293	210	0	12559
24849	42	32	149	12185	0	12408
24850	40	31	51	12234	0	12356
24851	40	22	47	12007	0	12116
24852	29	12167	36	192	0	12424
24853	12156	140	47	91	0	12434
24854	12195	49	35	80	0	12359
24855	12099	31	38	58	0	12226
24856	204	26	20	11962	0	12212
24857	73	36	11931	170	0	12210
24858	135	31	11893	68	0	12127
24859	42	11933	187	65	0	12227
24860	11778	139	71	74	0	12062
24861	144	11801	61	56	0	12062
24862	11916	155	39	67	0	12177
24863	162	11905	51	55	0	12173
24864	11890	160	26	59	0	12135
24865	181	12346	30	52	0	12609
24866	96	175	30	12334	0	12635
24867	64	68	12287	171	0	12590
24868	66	58	12444	62	0	12630
24869	63	45	193	12273	0	12574
24870	54	43	77	12380	0	12554
24871	56	35	61	12430	0	12582
24872	39	43	12270	210	0	12562
24873	56	37	157	12101	0	12351
24874	11906	37	56	208	0	12207
24875	11958	29	44	92	0	12123
24876	195	11722	40	76	0	12033
24877	11510	158	44	68	0	11780
24878	201	11396	47	36	0	11680
24879	11381	167	44	51	0	11643
24880	11507	64	40	64	0	11675
24881	11370	47	51	45	0	11513
24882	212	49	11346	39	0	11646
24883	108	44	11245	47	0	11444
24884	11109	34	181	60	0	11384
24885	11352	27	70	49	0	11498
24886	228	29	58	11247	0	11562
24887	109	32	47	11479	0	11667
24888	95	25	31	11600	0	11751
24889	71	49	36	11660	0	11816
24890	66	35	24	11804	0	11929
24891	11513	43	25	242	0	11823
24892	191	44	21	11386	0	11642
24893	83	33	11245	203	0	11564
24894	11043	25	165	105	0	11338
24895	11314	26	74	71	0	11485
24896	215	11096	48	66	0	11425
24897	77	11241	48	61	0	11427
24898	10672	138	41	50	0	10901
24899	136	10912	35	46	0	11129
24900	10586	131	58	62	0	10837
24901	10948	32	46	56	0	11082
24902	10936	28	25	44	0	11033
24903	194	23	27	10595	0	10839
24904	59	10397	36	144	0	10636
24905	10288	115	19	55	0	10477
24906	157	27	21	10163	0	10368
24907	54	16	17	9763	0	9850
24908	9219	13	12	124	0	9368
24909	101	8989	13	61	0	9164
24910	32	97	8	8818	0	8955
24911	8933	15	9	108	0	9065
24912	99	8916	10	45	0	9070
24913	8952	73	6	43	0	9074
24914	99	23	8846	16	0	8984
24915	8518	17	66	24	0	8625
24916	80	8618	22	19	0	8739
24917	8385	70	51	21	0	8527
24918	8397	16	10	23	0	8446
24919	82	8568	9	13	0	8672
24920	8516	61	2	16	0	8595
24921	81	8450	6	16	0	8553
24922	8616	70	5	21	0	8712
24923	82	22	5	8701	0	8810
24924	39	15	0	8683	0	8737
24925	37	9	3	8733	0	8782
24926	21	25	8557	85	0	8688
24927	22	8	70	8606	0	8706
24928	19	17	8588	74	0	8698
24929	26	16	68	8555	0	8665
24930	21	8588	19	75	0	8703
24931	35	67	10	8683	0	8795
24932	20	30	8744	79	0	8873
24933	24	24	8873	27	0	8948
24934	28	24	77	8879	0	9008
24935	8888	11	25	91	0	9015
24936	8927	10	14	44	0	8995
24937	91	8994	17	28	0	9130
24938	47	73	5	9040	0	9165
24939	19	35	9264	85	0	9403
24940	25	14	76	9372	0	9487
24941	14	20	9359	97	0	9490
24942	9272	8	82	44	0	9406
24943	88	16	22	9423	0	9549
24944	36	23	9378	89	0	9526
24945	37	11	79	9434	0	9561
24946	25	18	31	9516	0	9590
24947	24	15	9503	106	0	9648
24948	34	13	77	9480	0	9604
24949	9547	12	20	115	0	9694
24950	9664	14	21	45	0	9744
24951	103	19	20	9739	0	9881
24952	9822	6	17	110	0	9955
24953	100	14	9884	39	0	10037
24954	37	18	9855	42	0	9952
24955	9958	14	91	32	0	10095
24956	10302	11	34	47	0	10394
24957	115	5	33	10245	0	10398
24958	48	10	26	10380	0	10464
24959	36	20	10278	123	0	10457
24960	33	15	93	10081	0	10222
24961	27	10383	30	97	0	10537
24962	10425	89	27	60	0	10601
24963	10809	20	16	44	0	10889
24964	129	10780	18	35	0	10962
24965	10405	92	16	43	0	10556
24966	10406	24	20	49	0	10499
24967	130	10619	33	27	0	10809
24968	10623	101	23	36	0	10783
24969	131	10651	25	31	0	10838
24970	10689	110	16	40	0	10855
24971	124	37	10709	35	0	10905
24972	57	22	116	10762	0	10957
24973	34	16	38	10975	0	11063
24974	41	14	30	11317	0	11402
24975	11308	10	15	170	0	11503
24976	137	19	19	11539	0	11714
24977	57	17	11544	149	0	11767
24978	11592	18	127	52	0	11789
24979	155	12	35	11595	0	11797
24980	55	11481	40	140	0	11716
24981	45	11760	20	53	0	11878
24982	50	137	17	11592	0	11796
24983	48	42	24	11621	0	11735
24984	44	23	24	11674	0	11765
24985	33	23	11357	167	0	11580
24986	22	11209	126	73	0	11430
24987	11001	110	30	61	0	11202
24988	10930	28	24	56	0	11038
24989	136	10845	29	37	0	11047
24990	44	10992	18	51	0	11105
24991	71	136	44	10828	0	11079
24992	29	40	10769	132	0	10970
24993	10516	58	128	76	0	10778
24994	10682	44	35	46	0	10807
24995	131	29	20	10601	0	10781
24996	56	16	13	10628	0	10713
24997	10325	13	10	150	0	10498
24998	107	24	10306	57	0	10494
24999	10019	24	106	54	0	10203
25000	119	10114	37	34	0	10304
25001	49	75	18	9689	0	9831
25002	37	9706	20	88	0	9851
25003	9778	91	19	45	0	9933
25004	99	40	8	9676	0	9823
25005	41	27	10	9659	0	9737
25006	35	9625	31	95	0	9786
25007	9703	72	16	51	0	9842
25008	9743	21	10	32	0	9806
25009	93	41	9686	36	0	9856
25010	40	21	9435	31	0	9527
25011	9413	13	80	27	0	9533
25012	88	15	9473	21	0	9597
25013	30	11	9184	17	0	9242
25014	9089	27	109	36	0	9261
25015	86	20	9946	19	0	10071
25016	35	17	119	10062	0	10233
25017	40	5	35	10312	0	10392
25018	10722	3	35	164	0	10924
25019	151	11	10895	72	0	11129
25020	11380	14	162	55	0	11611
25021	224	10	58	11472	0	11764
25022	11569	5	53	192	0	11819
25023	11671	10	29	80	0	11790
25024	11754	8	31	80	0	11873
25025	306	12	14	11539	0	11871
25026	11715	10	21	202	0	11948
25027	287	5	15	11682	0	11989
25028	131	6	14	11797	0	11948
25029	128	10	19	11801	0	11958
25030	78	11	9	11859	0	11957
25031	11630	9	5	310	0	11954
25032	11664	5	13	169	0	11851
25033	254	24	11481	102	0	11861
25034	11520	5	173	93	0	11791
25035	11719	10	56	95	0	11880
25036	283	9	59	11494	0	11845
25037	164	11371	31	197	0	11763
25038	11537	161	28	88	0	11814
25039	256	53	31	11222	0	11562
25040	11160	44	25	211	0	11440
25041	276	11056	27	93	0	11452
25042	11206	181	14	100	0	11501
25043	276	69	18	11107	0	11470
25044	112	11014	19	214	0	11359
25045	11186	176	16	115	0	11493
25046	232	11066	29	108	0	11435
25047	117	11456	31	69	0	11673
25048	11444	229	31	78	0	11782
25049	242	117	11237	67	0	11663
25050	11320	73	170	72	0	11635
25051	294	57	59	11207	0	11617
25052	135	61	11252	191	0	11639
25053	164	32	181	11100	0	11477
25054	106	30	84	11335	0	11555
25055	113	41	11126	247	0	11527
25056	10975	18	205	149	0	11347
25057	278	9	87	10955	0	11329
25058	139	17	76	11026	0	11258
25059	155	13	42	10955	0	11165
25060	10813	17	39	342	0	11211
25061	240	31	10637	189	0	11097
25062	118	28	10674	151	0	10971
25063	138	20	207	10300	0	10665
25064	80	27	10264	252	0	10623
25065	10121	20	209	149	0	10499
25066	216	10107	117	121	0	10561
25067	9990	149	101	78	0	10318
25068	283	61	65	9753	0	10162
25069	131	9793	72	213	0	10209
25070	139	193	51	9814	0	10197
25071	117	9857	48	225	0	10247
25072	127	221	27	9904	0	10279
25073	103	84	9744	244	0	10175
25074	79	108	9465	122	0	9774
25075	88	9450	201	124	0	9863
25076	9138	166	130	106	0	9540
25077	194	94	67	9120	0	9475
25078	124	78	47	9300	0	9549
25079	9239	46	55	243	0	9583
25080	9295	52	55	147	0	9549
25081	280	41	40	9327	0	9688
25082	157	42	9205	195	0	9599
25083	131	9225	161	127	0	9644
25084	105	160	65	9418	0	9748
25085	114	70	80	9335	0	9599
25086	84	9518	52	243	0	9897
25087	9607	161	44	167	0	9979
25088	189	103	9676	106	0	10074
25089	128	74	171	9605	0	9978
25090	93	46	72	9599	0	9810
25091	63	53	9475	266	0	9857
25092	90	58	178	9610	0	9936
25093	9637	37	93	257	0	10024
25094	9662	35	94	149	0	9940
25095	9793	27	61	150	0	10031
25096	262	9597	63	105	0	10027
25097	10122	156	68	89	0	10435
25098	279	69	45	10039	0	10432
25099	153	67	47	10147	0	10414
25100	140	10510	40	254	0	10944
25101	11101	200	37	165	0	11503
25102	11562	99	41	113	0	11815
25103	11640	74	40	100	0	11854
25104	11818	59	30	104	0	12011
25105	11835	41	38	115	0	12029
25106	358	52	11540	67	0	12017
25107	11721	45	201	84	0	12051
25108	11894	43	84	75	0	12096
25109	11785	30	86	81	0	11982
25110	392	36	59	11407	0	11894
25111	224	29	54	11451	0	11758
25112	170	28	11136	258	0	11592
25113	10682	29	198	163	0	11072
25114	264	10827	105	131	0	11327
25115	117	10067	60	82	0	10326
25116	90	157	9791	56	0	10094
25117	70	9557	135	71	0	9833
25118	41	9205	77	41	0	9364
25119	124	287	136	8025	0	8572
25120	19	8200	37	83	0	8339
25121	8077	89	10	36	0	8212
25122	7991	32	10	28	0	8061
25123	108	20	6	7901	0	8035
25124	40	31	7856	79	0	8006
25125	7800	12	66	44	0	7922
25126	100	19	7846	18	0	7983
25127	47	10	7902	15	0	7974
25128	42	14	98	7761	0	7915
25129	52	13	32	7858	0	7955
25130	26	9	7875	87	0	7997
25131	23	7735	90	45	0	7893
25132	19	8082	34	30	0	8165
25133	7966	95	28	23	0	8112
25134	8050	30	12	27	0	8119
25135	106	28	7920	21	0	8075
25136	7903	20	81	18	0	8022
25137	8164	14	24	19	0	8221
25138	122	19	24	8073	0	8238
25139	70	18	22	8119	0	8229
25140	60	13	9	8171	0	8253
25141	8131	18	18	104	0	8271
25142	8204	15	13	52	0	8284
25143	8275	10	8	49	0	8342
25144	142	9	16	8230	0	8397
25145	83	14	8110	79	0	8286
25146	8064	16	77	44	0	8201
25147	7985	11	34	40	0	8070
25148	124	11	36	7862	0	8033
25149	72	7994	33	78	0	8177
25150	65	86	12	8018	0	8181
25151	38	8080	25	104	0	8247
25152	38	100	14	7951	0	8103
25153	33	8173	28	106	0	8340
25154	8113	89	27	40	0	8269
25155	111	54	14	8111	0	8290
25156	42	8113	23	100	0	8278
25157	47	103	8066	33	0	8249
25158	8024	35	85	40	0	8184
25159	102	45	41	8021	0	8209
25160	51	7991	25	94	0	8161
25161	64	80	24	7894	0	8062
25162	55	7757	27	96	0	7935
25163	44	8071	29	47	0	8191
25164	8039	105	17	57	0	8218
25165	8145	43	19	46	0	8253
25166	119	36	8093	22	0	8270
25167	8099	30	86	26	0	8241
25168	8153	21	46	31	0	8251
25169	121	7999	34	38	0	8192
25170	82	74	18	8041	0	8215
25171	72	33	18	8028	0	8151
25172	45	40	7923	100	0	8108
25173	43	40	7846	53	0	7982
25174	7915	23	93	40	0	8071
25175	7970	18	43	34	0	8065
25176	7936	13	39	29	0	8017
25177	129	16	7750	26	0	7921
25178	87	16	80	7614	0	7797
25179	7645	13	28	92	0	7778
25180	106	13	26	7533	0	7678
25181	39	15	7322	97	0	7473
25182	7186	18	71	49	0	7324
25183	109	19	7473	27	0	7628
25184	44	7263	77	40	0	7424
25185	7299	57	38	40	0	7434
25186	83	28	7210	17	0	7338
25187	60	29	80	7108	0	7277
25188	7068	15	30	75	0	7188
25189	94	13	17	7109	0	7233
25190	7165	19	19	83	0	7286
25191	95	14	14	7152	0	7275
25192	7246	17	9	95	0	7367
25193	7310	22	5	59	0	7396
25194	7329	18	13	35	0	7395
25195	7262	11	14	31	0	7318
25196	116	31	19	7161	0	7327
25197	49	17	6832	61	0	6959
25198	42	12	6870	20	0	6944
25199	32	6797	71	22	0	6922
25200	17	6306	33	14	0	6370
25201	5599	60	147	24	0	5830
25202	42	15	9	5426	0	5492
25203	8	9	5479	26	0	5522
25204	11	4	5626	8	0	5649
25205	19	19	31	5634	0	5703
25206	5613	1	14	37	0	5665
25207	25	5666	6	12	0	5709
25208	5878	24	5	18	0	5925
25209	29	4	4	5953	0	5990
25210	11	7	0	5995	0	6013
25211	12	3	2	5987	0	6004
25212	9	5	6022	34	0	6070
25213	10	4	5942	11	0	5967
25214	4	6103	36	9	0	6152
25215	9	27	9	6139	0	6184
25216	6063	5	5	36	0	6109
25217	29	9	6038	5	0	6081
25218	10	10	6182	5	0	6207
25219	7	6	36	6323	0	6372
25220	9	2	15	6427	0	6453
25221	6	1	10	6475	0	6492
25222	8	5	3	7048	0	7064
25223	7100	7	5	77	0	7189
25224	71	6	1	7256	0	7334
25225	7265	4	4	78	0	7351
25226	69	5	7374	20	0	7468
25227	21	7445	63	12	0	7541
25228	11	60	17	7485	0	7573
25229	12	20	7591	65	0	7688
25230	9	7	7605	21	0	7642
25231	11	7699	80	13	0	7803
25232	17	61	19	7569	0	7666
25233	13	19	9	7616	0	7657
25234	5	9	7671	79	0	7764
25235	7575	8	70	37	0	7690
25236	79	0	25	7704	0	7808
25237	21	4	20	7640	0	7685
25238	12	12	7783	88	0	7895
25239	13	7808	80	37	0	7938
25240	11	8354	27	22	0	8414
25241	8466	92	12	26	0	8596
25242	97	24	18	8505	0	8644
25243	8848	9	13	111	0	8981
25244	107	11	8792	42	0	8952
25245	39	7	115	8793	0	8954
25246	8799	10	34	118	0	8961
25247	8888	9	15	50	0	8962
25248	139	14	15	8835	0	9003
25249	44	10	8778	112	0	8944
25250	22	19	8847	40	0	8928
25251	32	13	125	8773	0	8943
25252	13	8	8814	115	0	8950
25253	8490	7	112	58	0	8667
25254	106	8669	47	32	0	8854
25255	8670	97	27	33	0	8827
25256	8773	33	18	40	0	8864
25257	157	11	22	8726	0	8916
25258	56	17	31	8829	0	8933
25259	8831	17	17	137	0	9002
25260	121	12	23	8856	0	9012
25261	45	11	8799	123	0	8978
25262	26	8833	117	49	0	9025
25263	37	110	40	8738	0	8925
25264	36	39	14	8804	0	8893
25265	32	18	23	8828	0	8901
25266	31	17	8686	146	0	8880
25267	37	8610	113	62	0	8822
25268	26	86	51	8763	0	8926
25269	26	33	8717	131	0	8907
25270	37	18	110	8710	0	8875
25271	8722	23	41	126	0	8912
25272	115	25	30	8814	0	8984
25273	53	32	8770	125	0	8980
25274	8749	10	110	88	0	8957
25275	120	8892	51	47	0	9110
25276	43	9123	50	52	0	9268
25277	9199	110	42	46	0	9397
25278	133	50	9344	47	0	9574
25279	79	16	103	9376	0	9574
25280	37	19	50	9559	0	9665
25281	31	24	9536	150	0	9741
25282	28	9564	135	67	0	9794
25283	34	95	45	9310	0	9484
25284	26	32	9451	132	0	9641
25285	52	18	117	9444	0	9631
25286	9443	39	54	138	0	9674
25287	125	22	9641	77	0	9865
25288	71	20	116	9705	0	9912
25289	46	18	51	9763	0	9878
25290	31	34	9546	166	0	9777
25291	47	19	116	9401	0	9583
25292	34	9250	77	135	0	9496
25293	42	99	46	8998	0	9185
25294	32	9393	55	110	0	9590
25295	9380	100	41	88	0	9609
25296	9286	41	34	82	0	9443
25297	141	22	9213	65	0	9441
25298	54	32	9059	49	0	9194
25299	42	48	8960	49	0	9099
25300	30	9009	141	53	0	9233
25301	49	98	87	9068	0	9302
25302	34	41	9294	134	0	9503
25303	48	17	122	9224	0	9411
25304	52	20	50	9221	0	9343
25305	32	30	9262	149	0	9473
25306	44	17	123	9314	0	9498
25307	36	39	49	9225	0	9349
25308	21	9165	42	159	0	9387
25309	52	96	41	9223	0	9412
25310	37	37	48	9486	0	9608
25311	19	30	9440	175	0	9664
25312	37	23	123	9339	0	9522
25313	29	26	9412	141	0	9608
25314	31	36	9236	84	0	9387
25315	9167	26	152	70	0	9415
25316	115	45	76	9046	0	9282
25317	43	9266	48	143	0	9500
25318	42	9346	39	76	0	9503
25319	54	145	57	9203	0	9459
25320	31	43	9189	146	0	9409
25321	21	9180	129	81	0	9411
25322	40	100	49	8694	0	8883
25323	20	38	8928	98	0	9084
25324	12	8920	79	54	0	9065
25325	9069	76	57	58	0	9260
25326	9025	32	34	43	0	9134
25327	9182	19	23	56	0	9280
25328	94	14	32	9462	0	9602
25329	38	17	31	9490	0	9576
25330	25	18	21	9442	0	9506
25331	19	24	9315	119	0	9477
25332	9365	16	86	74	0	9541
25333	81	14	37	9436	0	9568
25334	31	23	9365	90	0	9509
25335	9339	16	81	63	0	9499
25336	9510	21	42	55	0	9628
25337	89	39	8745	41	0	8914
25338	9520	16	70	53	0	9659
25339	73	9841	35	38	0	9987
25340	34	62	9491	15	0	9602
25341	9220	30	88	40	0	9378
25342	52	9374	40	28	0	9494
25343	18	36	15	8934	0	9003
25344	7	9006	22	29	0	9064
25345	19	31	7	9105	0	9162
25346	6	25	9097	38	0	9166
25347	8651	2	41	25	0	8719
25348	37	11	9190	14	0	9252
25349	13	9088	37	14	0	9152
25350	5	9104	25	17	0	9151
25351	9042	35	7	26	0	9110
25352	32	25	9059	8	0	9124
25353	24	4	37	9026	0	9091
25354	7	13	9161	36	0	9217
25355	7	9295	34	17	0	9353
25356	11	36	15	9013	0	9075
25357	7	9352	11	34	0	9404
25358	9512	33	10	22	0	9577
25359	9556	12	14	23	0	9605
25360	9561	5	5	21	0	9592
25361	43	18	9541	4	0	9606
25362	15	22	9346	9	0	9392
25363	9371	10	43	19	0	9443
25364	41	7	9808	7	0	9863
25365	20	3	49	9521	0	9593
25366	8	9740	21	33	0	9802
25367	9998	38	11	24	0	10071
25368	10008	14	9	28	0	10059
25369	10223	9	6	15	0	10253
25370	62	5	4	10439	0	10510
25371	27	2	6	10573	0	10608
25372	10606	5	6	70	0	10687
25373	52	10575	12	20	0	10659
25374	10539	42	9	25	0	10615
25375	60	17	9	10444	0	10530
25376	26	9	4	10443	0	10482
25377	10279	5	7	74	0	10365
25378	48	10098	16	31	0	10193
25379	10145	47	5	29	0	10226
25380	60	10235	13	5	0	10313
25381	10141	45	9	18	0	10213
25382	65	15	3	10532	0	10615
25383	10670	10	4	58	0	10742
25384	11029	10	5	43	0	11087
25385	11727	8	4	28	0	11767
25386	90	12038	14	17	0	12159
25387	46	82	11864	10	0	12002
25388	11881	31	65	29	0	12006
25389	12053	10	27	24	0	12114
25390	102	11980	24	18	0	12124
25391	66	67	5	12091	0	12229
25392	45	32	3	12122	0	12202
25393	12155	17	11	113	0	12296
25394	104	11	6	12330	0	12451
25395	51	13	12417	98	0	12579
25396	32	26	12344	36	0	12438
25397	12651	17	102	29	0	12799
25398	102	15	37	12715	0	12869
25399	58	10	20	12807	0	12895
25400	36	12	11	12962	0	13021
25401	21	16	13135	131	0	13303
25402	36	6	100	13120	0	13262
25403	44	9	34	13468	0	13555
25404	27	10	18	13477	0	13532
25405	13300	7	16	166	0	13489
25406	109	9	15	13393	0	13526
25407	53	12	13604	119	0	13788
25408	13937	10	103	75	0	14125
25409	111	22	14321	43	0	14497
25410	14647	9	119	56	0	14831
25411	14640	9	45	48	0	14742
25412	190	15	22	14937	0	15164
25413	88	15048	33	150	0	15319
25414	65	117	22	15352	0	15556
25415	46	65	29	15456	0	15596
25416	36	15557	30	213	0	15836
25417	15484	130	25	114	0	15753
25418	157	15412	29	71	0	15669
25419	15556	155	20	43	0	15774
25420	15669	65	17	53	0	15804
25421	220	27	18	15537	0	15802
25422	117	24	13	15479	0	15633
25423	62	26	15008	214	0	15310
25424	47	34	14649	113	0	14843
25425	14553	24	184	83	0	14844
25426	14686	30	100	69	0	14885
25427	211	14214	54	56	0	14535
25428	128	135	15	14053	0	14331
25429	58	72	14408	170	0	14708
25430	67	83	145	14442	0	14737
25431	14321	28	90	198	0	14637
25432	14200	18	45	107	0	14370
25433	211	14178	33	72	0	14494
25434	139	132	16	14143	0	14430
25435	84	73	23	14236	0	14416
25436	75	37	22	14218	0	14352
25437	53	41	13728	225	0	14047
25438	13105	24	137	131	0	13397
25439	13395	29	69	77	0	13570
25440	217	35	13375	50	0	13677
25441	113	13347	148	57	0	13665
25442	13335	128	66	71	0	13600
25443	13401	67	58	61	0	13587
25444	225	42	13159	58	0	13484
25445	134	23	13385	56	0	13598
25446	95	28	202	13324	0	13649
25447	51	48	13409	164	0	13672
25448	13163	23	179	106	0	13471
25449	13287	24	77	81	0	13469
25450	13436	26	58	67	0	13587
25451	251	23	51	13072	0	13397
25452	128	13545	50	168	0	13891
25453	13706	133	43	115	0	13997
25454	13589	69	56	82	0	13796
25455	245	53	13423	44	0	13765
25456	153	33	13267	56	0	13509
25457	13089	25	194	63	0	13371
25458	198	42	98	13244	0	13582
25459	115	41	13187	180	0	13523
25460	92	13153	161	127	0	13533
25461	111	138	87	13152	0	13488
25462	13142	71	65	171	0	13449
25463	200	13316	49	99	0	13664
25464	143	134	51	13094	0	13422
25465	100	13088	51	164	0	13403
25466	71	13318	53	108	0	13550
25467	108	174	46	13110	0	13438
25468	84	73	47	13191	0	13395
25469	54	13107	66	218	0	13445
25470	12929	141	53	116	0	13239
25471	194	79	12811	63	0	13147
25472	12825	47	146	64	0	13082
25473	210	50	78	13042	0	13380
25474	127	43	47	13093	0	13310
25475	85	33	39	13180	0	13337
25476	94	32	41	13203	0	13370
25477	74	51	13179	231	0	13535
25478	94	41	166	13335	0	13636
25479	106	46	84	13435	0	13671
25480	69	13863	56	227	0	14215
25481	51	161	14107	145	0	14464
25482	59	14438	182	102	0	14781
25483	71	197	14628	75	0	14971
25484	73	14505	206	62	0	14846
25485	156	237	149	13569	0	14111
25486	13530	68	55	193	0	13846
25487	187	13537	42	104	0	13870
25488	111	169	43	13728	0	14051
25489	72	76	13778	200	0	14126
25490	43	13911	193	99	0	14246
25491	13909	179	99	95	0	14282
25492	13970	77	66	84	0	14197
25493	229	13837	57	57	0	14180
25494	115	189	13622	31	0	13957
25495	13386	76	173	54	0	13689
25496	207	68	77	13689	0	14041
25497	13583	47	55	195	0	13880
25498	200	13662	45	88	0	13995
25499	86	13936	40	71	0	14133
25500	82	215	13666	49	0	14012
25501	13446	114	179	78	0	13817
25502	214	91	77	13481	0	13863
25503	13433	35	49	170	0	13687
25504	179	13385	50	98	0	13712
25505	13394	162	36	65	0	13657
25506	13362	73	44	66	0	13545
25507	229	69	13250	43	0	13591
25508	98	12610	150	28	0	12886
25509	66	12634	83	34	0	12817
25510	50	241	53	11720	0	12064
25511	38	11888	38	116	0	12080
25512	11682	134	27	71	0	11914
25513	136	11596	14	45	0	11791
25514	66	157	21	11254	0	11498
25515	50	11224	22	100	0	11396
25516	36	11024	24	44	0	11128
25517	42	11255	33	26	0	11356
25518	74	159	48	11178	0	11459
25519	47	70	14	11216	0	11347
25520	46	47	7	11187	0	11287
25521	29	11073	25	132	0	11259
25522	33	119	11013	45	0	11210
25523	28	83	10877	27	0	11015
25524	10919	41	116	41	0	11117
25525	119	56	38	11121	0	11334
25526	51	48	11234	104	0	11437
25527	39	49	11229	45	0	11362
25528	21	11593	120	42	0	11776
25529	39	116	39	11257	0	11451
25530	35	62	25	11366	0	11488
25531	11272	51	19	151	0	11493
25532	113	39	23	11326	0	11501
25533	66	40	23	11325	0	11454
25534	30	43	11506	139	0	11718
25535	44	33	109	11546	0	11732
25536	35	41	46	11898	0	12020
25537	20	32	11899	143	0	12094
25538	22	51	11972	64	0	12109
25539	25	12010	131	54	0	12220
25540	23	125	11937	53	0	12138
25541	39	48	123	11910	0	12120
25542	46	49	60	11137	0	11292
25543	20	45	12089	156	0	12310
25544	18	11975	128	81	0	12202
25545	11692	118	48	78	0	11936
25546	105	11848	56	67	0	12076
25547	48	121	40	11920	0	12129
25548	39	64	61	12009	0	12173
25549	18	11981	52	164	0	12215
25550	31	118	45	11970	0	12164
25551	39	54	48	12033	0	12174
25552	29	54	11543	151	0	11777
25553	29	11470	125	95	0	11719
25554	23	129	76	11570	0	11798
25555	34	76	11556	132	0	11798
25556	52	59	112	11543	0	11766
25557	45	46	59	11584	0	11734
25558	25	48	51	11680	0	11804
25559	42	48	40	11666	0	11796
25560	47	45	35	11533	0	11660
25561	35	11553	46	169	0	11803
25562	11491	108	34	111	0	11744
25563	101	79	11316	67	0	11563
25564	10700	50	127	74	0	10951
25565	115	46	11629	71	0	11861
25566	49	11987	132	78	0	12246
25567	36	132	11901	62	0	12131
25568	25	12008	119	77	0	12229
25569	31	142	69	11705	0	11947
25570	35	54	42	11744	0	11875
25571	33	11739	37	149	0	11958
25572	34	11961	47	97	0	12139
25573	11899	141	35	86	0	12161
25574	12036	65	29	88	0	12218
25575	12076	44	29	81	0	12230
25576	12154	44	35	65	0	12298
25577	136	78	37	12016	0	12267
25578	47	11895	47	108	0	12097
25579	11846	103	28	77	0	12054
25580	95	52	22	11387	0	11556
25581	11080	32	27	108	0	11247
25582	10803	28	19	61	0	10911
25583	93	10311	20	31	0	10455
25584	25	10010	19	26	0	10080
25585	17	10376	22	23	0	10438
25586	27	151	40	9923	0	10141
25587	10	10190	21	64	0	10285
25588	10108	59	19	52	0	10238
25589	10379	12	12	39	0	10442
25590	10351	12	7	33	0	10403
25591	10504	14	9	33	0	10560
25592	10684	10	9	35	0	10738
25593	75	23	10926	20	0	11044
25594	10920	13	66	29	0	11028
25595	77	26	11040	15	0	11158
25596	10904	8	86	23	0	11021
25597	80	18	18	11076	0	11192
25598	30	23	10993	58	0	11104
25599	25	24	11420	23	0	11492
25600	16	12172	81	21	0	12290
25601	12355	94	47	29	0	12525
25602	12876	24	23	27	0	12950
25603	129	13820	12	36	0	13997
25604	69	116	3	15370	0	15558
25605	16325	45	17	183	0	16570
25606	191	49	16684	64	0	16988
25607	82	16556	181	52	0	16871
25608	16419	180	74	64	0	16737
25609	200	16492	63	34	0	16789
25610	119	214	32	16034	0	16399
25611	71	16556	39	158	0	16824
25612	83	243	22	16155	0	16503
25613	63	16272	32	206	0	16573
25614	39	16697	23	105	0	16864
25615	16374	268	17	98	0	16757
25616	16626	134	20	67	0	16847
25617	248	107	16406	52	0	16813
25618	139	87	16271	43	0	16540
25619	103	98	16450	27	0	16678
25620	105	64	277	16435	0	16881
25621	81	87	16608	183	0	16959
25622	82	70	252	16463	0	16867
25623	61	65	126	16552	0	16804
25624	45	16515	101	274	0	16935
25625	16534	225	62	181	0	17002
25626	213	16582	72	113	0	16980
25627	127	258	51	16702	0	17138
25628	111	128	53	16777	0	17069
25629	107	101	53	16818	0	17079
25630	86	87	16714	305	0	17192
25631	85	78	234	16755	0	17152
25632	84	56	134	16939	0	17213
25633	71	69	93	17019	0	17252
25634	57	75	16472	363	0	16967
25635	51	16416	237	207	0	16911
25636	16203	215	106	205	0	16729
25637	16061	132	76	171	0	16440
25638	267	16305	76	133	0	16781
25639	173	258	68	16228	0	16727
25640	119	150	57	16531	0	16857
25641	97	114	16315	330	0	16856
25642	72	16307	222	228	0	16829
25643	91	238	128	16409	0	16866
25644	56	133	16396	304	0	16889
25645	78	100	254	16375	0	16807
25646	78	77	141	16434	0	16730
25647	60	108	16247	354	0	16769
25648	100	83	239	16230	0	16652
25649	86	86	142	16318	0	16632
25650	76	90	16325	376	0	16867
25651	89	72	243	16411	0	16815
25652	62	83	148	16361	0	16654
25653	62	59	99	16618	0	16838
25654	38	88	16387	421	0	16934
25655	68	53	264	16451	0	16836
25656	16234	59	145	416	0	16854
25657	16340	55	121	287	0	16803
25658	260	16290	123	243	0	16916
25659	16491	206	100	217	0	17014
25660	259	114	16946	187	0	17506
25661	182	80	253	17096	0	17611
25662	136	69	134	17297	0	17636
25663	98	71	113	17428	0	17710
25664	16914	63	92	458	0	17527
25665	223	16754	109	296	0	17382
25666	130	206	70	16243	0	16649
25667	99	16431	86	355	0	16971
25668	16332	245	84	249	0	16910
25669	251	16416	86	182	0	16935
25670	16370	264	72	189	0	16895
25671	266	16150	72	175	0	16663
25672	144	16299	92	158	0	16693
25673	133	298	71	16161	0	16663
25674	105	156	85	16227	0	16573
25675	110	113	61	16232	0	16516
25676	94	101	53	16187	0	16435
25677	72	115	15774	411	0	16372
25678	81	15698	223	275	0	16277
25679	72	227	106	15283	0	15688
25680	62	15512	107	300	0	15981
25681	91	274	15427	209	0	16001
25682	93	145	218	15401	0	15857
25683	88	126	106	15726	0	16046
25684	69	121	15385	338	0	15913
25685	59	15074	226	246	0	15605
25686	65	219	134	15176	0	15594
25687	58	126	14952	333	0	15469
25688	41	14923	223	264	0	15451
25689	71	233	127	14741	0	15172
25690	56	150	14677	294	0	15177
25691	56	141	14368	216	0	14781
25692	54	14211	279	170	0	14714
25693	39	14812	159	153	0	15163
25694	82	276	130	15010	0	15498
25695	76	165	93	15879	0	16213
25696	46	126	15744	358	0	16274
25697	15367	109	243	242	0	15961
25698	15469	123	144	197	0	15933
25699	283	120	15080	173	0	15656
25700	117	14386	247	148	0	14898
25701	91	14436	153	114	0	14794
25702	82	14046	92	88	0	14308
25703	104	12497	168	107	0	12876
25704	244	418	219	11355	0	12236
25705	57	56	30	11744	0	11887
25706	9	29	8	11689	0	11735
25707	21	31	4	11878	0	11934
25708	4	11902	21	216	0	12143
25709	15	132	4	11988	0	12139
25710	9	11972	16	193	0	12190
25711	22	150	6	12094	0	12272
25712	12016	62	8	191	0	12277
25713	141	43	6	12116	0	12306
25714	50	12128	12	186	0	12376
25715	41	165	2	12271	0	12479
25716	38	65	6	12540	0	12649
25717	34	45	3	12663	0	12745
25718	12439	34	12	289	0	12774
25719	153	35	7	12691	0	12886
25720	56	44	12480	247	0	12827
25721	38	12846	151	150	0	13185
25722	61	184	53	13058	0	13356
25723	43	75	38	13451	0	13607
25724	56	69	23	13529	0	13677
25725	13320	67	12	309	0	13708
25726	170	67	13148	171	0	13556
25727	94	48	155	12813	0	13110
25728	54	12879	65	281	0	13279
25729	70	179	35	12983	0	13267
25730	12666	87	29	298	0	13080
25731	173	12707	42	192	0	13114
25732	103	211	18	12757	0	13089
25733	66	94	20	12874	0	13054
25734	42	12609	31	323	0	13005
25735	50	211	13	12819	0	13093
25736	63	87	21	12951	0	13122
25737	37	97	12642	332	0	13108
25738	23	12588	181	217	0	13009
25739	12605	206	65	185	0	13061
25740	189	102	12536	150	0	12977
25741	12392	84	187	145	0	12808
25742	225	77	12453	133	0	12888
25743	114	61	208	12492	0	12875
25744	12392	63	88	293	0	12836
25745	242	69	52	12529	0	12892
25746	12535	44	47	348	0	12974
25747	12557	56	40	218	0	12871
25748	12554	60	37	183	0	12834
25749	280	12452	58	143	0	12933
25750	176	197	44	12347	0	12764
25751	124	104	54	12518	0	12800
25752	114	69	50	12558	0	12791
25753	89	69	12276	342	0	12776
25754	91	60	198	12364	0	12713
25755	12251	46	98	334	0	12729
25756	12361	50	72	223	0	12706
25757	295	55	12164	157	0	12671
25758	12221	53	198	163	0	12635
25759	12311	49	87	149	0	12596
25760	336	57	69	11656	0	12118
25761	11547	57	58	306	0	11968
25762	11624	54	43	195	0	11916
25763	333	62	49	11487	0	11931
25764	11496	51	62	311	0	11920
25765	11546	59	54	201	0	11860
25766	353	49	50	11398	0	11850
25767	194	55	10950	298	0	11497
25768	11187	44	204	193	0	11628
25769	305	59	11272	134	0	11770
25770	202	39	11263	152	0	11656
25771	172	11148	273	122	0	11715
25772	175	183	132	11108	0	11598
25773	164	83	93	11213	0	11553
25774	162	56	68	11264	0	11550
25775	158	56	11027	351	0	11592
25776	143	44	11072	215	0	11474
25777	131	10974	262	190	0	11557
25778	159	185	122	10908	0	11374
25779	149	69	104	11141	0	11463
25780	143	52	97	11181	0	11473
25781	128	53	10887	346	0	11414
25782	122	10781	238	211	0	11352
25783	126	190	115	10875	0	11306
25784	120	74	10905	291	0	11390
25785	114	65	10981	186	0	11346
25786	10833	45	277	162	0	11317
25787	10976	44	154	142	0	11316
25788	10935	45	114	142	0	11236
25789	342	34	94	10549	0	11019
25790	193	41	10651	270	0	11155
25791	149	10438	234	178	0	10999
25792	132	10613	139	150	0	11034
25793	132	206	9721	113	0	10172
25794	176	262	258	8823	0	9519
25795	99	131	150	8250	0	8630
25796	88	8039	110	196	0	8433
25797	98	8153	68	142	0	8461
25798	8023	155	84	95	0	8357
25799	8074	86	71	104	0	8335
25800	8018	48	72	89	0	8227
25801	7794	37	73	74	0	7978
25802	7501	50	57	80	0	7688
25803	223	7117	63	84	0	7487
25804	83	6157	52	54	0	6346
25805	40	5583	48	32	0	5703
25806	5241	98	176	39	0	5554
25807	121	71	53	5079	0	5324
25808	47	20	16	5012	0	5095
25809	4956	8	25	80	0	5069
25810	68	4993	26	40	0	5127
25811	41	58	17	5015	0	5131
25812	34	24	24	5078	0	5160
25813	33	23	21	5043	0	5120
25814	4857	13	19	79	0	4968
25815	58	11	19	4906	0	4994
25816	30	13	4671	60	0	4774
25817	4613	15	44	28	0	4700
25818	54	16	27	4558	0	4655
25819	28	10	4553	40	0	4631
25820	32	4548	38	22	0	4640
25821	20	4263	14	19	0	4316
25822	3965	52	90	29	0	4136
25823	3910	11	25	17	0	3963
25824	23	3961	11	10	0	4005
25825	20	22	7	4009	0	4058
25826	4200	6	3	28	0	4237
25827	28	7	4	4374	0	4413
25828	10	2	7	4535	0	4554
25829	10	5	6	4547	0	4568
25830	10	10	4	4528	0	4552
25831	7	4502	7	44	0	4560
25832	6	30	6	4506	0	4548
25833	7	8	8	4520	0	4543
25834	10	7	4	4581	0	4602
25835	9	5	4468	43	0	4525
25836	5	4541	25	25	0	4596
25837	7	35	9	4518	0	4569
25838	6	11	4482	31	0	4530
25839	3	8	4305	12	0	4328
25840	4	4393	27	11	0	4435
25841	4359	26	13	17	0	4415
25842	29	11	10	4406	0	4456
25843	4403	9	3	31	0	4446
25844	30	4486	6	8	0	4530
25845	13	30	5	4507	0	4555
25846	4420	9	2	35	0	4466
25847	4492	7	3	11	0	4513
25848	34	6	1	4474	0	4515
25849	15	3	1	4443	0	4462
25850	12	4	4468	34	0	4518
25851	10	4	27	4460	0	4501
25852	8	9	5	4536	0	4558
25853	4476	1	7	44	0	4528
25854	29	4514	3	20	0	4566
25855	9	26	4442	17	0	4494
25856	4376	8	28	13	0	4425
25857	28	4495	5	10	0	4538
25858	15	27	6	4466	0	4514
25859	4459	5	5	36	0	4505
25860	34	6	6	4393	0	4439
25861	10	11	4	4427	0	4452
25862	9	3	4409	37	0	4458
25863	14	2	26	4426	0	4468
25864	4435	2	7	41	0	4485
25865	30	6	5	4428	0	4469
25866	4377	2	2	49	0	4430
25867	35	4341	4	16	0	4396
25868	11	4435	6	17	0	4469
25869	7	29	3	4425	0	4464
25870	11	11	1	4424	0	4447
25871	4292	11	2	43	0	4348
25872	26	4299	5	22	0	4352
25873	4333	28	1	20	0	4382
25874	4352	10	3	16	0	4381
25875	32	12	5	4325	0	4374
25876	4316	3	6	37	0	4362
25877	37	6	4227	12	0	4282
25878	18	7	24	4260	0	4309
25879	11	9	4312	34	0	4366
25880	17	3	32	4341	0	4393
25881	4340	4	8	51	0	4403
25882	4363	5	8	18	0	4394
25883	33	4342	11	15	0	4401
25884	18	27	2	4359	0	4406
25885	18	5	3	4352	0	4378
25886	11	4391	6	37	0	4445
25887	15	31	3	4441	0	4490
25888	14	9	2	4455	0	4480
25889	4	4407	6	41	0	4458
25890	4301	30	0	24	0	4355
25891	4290	7	7	24	0	4328
25892	32	10	2	4304	0	4348
25893	15	10	4	4295	0	4324
25894	19	6	4300	38	0	4363
25895	13	7	23	4287	0	4330
25896	11	4300	8	44	0	4363
25897	4317	29	6	22	0	4374
25898	32	10	7	4300	0	4349
25899	11	7	6	4218	0	4242
25900	4164	6	7	42	0	4219
25901	33	4220	7	25	0	4285
25902	12	26	4	4309	0	4351
25903	21	9	5	4298	0	4333
25904	11	4285	8	46	0	4350
25905	4328	32	2	33	0	4395
25906	37	13	4309	17	0	4376
25907	10	11	4334	15	0	4370
25908	12	14	30	4363	0	4419
25909	10	8	4357	39	0	4414
25910	4279	8	33	15	0	4335
25911	41	8	10	4411	0	4470
25912	14	3	4464	40	0	4521
25913	12	8	4543	17	0	4580
25914	10	4660	38	17	0	4725
25915	4621	32	19	20	0	4692
25916	36	4793	14	19	0	4862
25917	4830	36	12	18	0	4896
25918	4917	12	12	13	0	4954
25919	56	4796	12	9	0	4873
25920	4720	38	7	18	0	4783
25921	4816	12	6	14	0	4848
25922	57	16	4805	7	0	4885
25923	26	79	34	4712	0	4851
25924	17	4612	9	39	0	4677
25925	10	4614	13	9	0	4646
25926	43	84	24	4351	0	4502
25927	4258	22	21	54	0	4355
25928	38	8	3	4180	0	4229
25929	16	2	5	4372	0	4395
25930	10	7	5	4467	0	4489
25931	6	4650	4	48	0	4708
25932	11	46	1	4861	0	4919
25933	6	18	5075	47	0	5146
25934	5042	8	45	21	0	5116
25935	5277	3	11	21	0	5312
25936	56	5174	8	11	0	5249
25937	5243	46	2	11	0	5302
25938	60	14	1	5276	0	5351
25939	14	14	5258	52	0	5338
25940	5187	5	46	24	0	5262
25941	54	5311	15	15	0	5395
25942	18	44	10	5287	0	5359
25943	5409	12	2	51	0	5474
25944	56	5415	5	13	0	5489
25945	18	5478	2	14	0	5512
25946	5447	53	2	10	0	5512
25947	50	19	5321	7	0	5397
25948	5391	14	52	3	0	5460
25949	64	6	12	5353	0	5435
25950	19	6	12	5350	0	5387
25951	20	9	5312	59	0	5400
25952	11	14	5297	21	0	5343
25953	11	9	58	5349	0	5427
25954	13	6	5280	50	0	5349
25955	11	10	5350	13	0	5384
25956	16	7	62	5326	0	5411
25957	14	4	21	5349	0	5388
25958	5305	1	21	63	0	5390
25959	58	6	9	5302	0	5375
25960	5297	8	12	63	0	5380
25961	66	5314	12	23	0	5415
25962	20	48	14	5398	0	5480
25963	14	13	5487	55	0	5569
25964	5467	13	51	25	0	5556
25965	5551	14	14	26	0	5605
25966	5594	5	14	22	0	5635
25967	5539	3	6	19	0	5567
25968	5487	7	3	19	0	5516
25969	78	10	6	5406	0	5500
25970	29	8	5362	55	0	5454
25971	21	3	5375	19	0	5418
25972	16	7	5405	16	0	5444
25973	5321	5	65	19	0	5410
25974	5449	3	26	15	0	5493
25975	82	4	20	5338	0	5444
25976	36	5482	13	50	0	5581
25977	34	44	6	5521	0	5605
25978	10	15	5523	64	0	5612
25979	17	14	5462	18	0	5511
25980	5359	5	71	30	0	5465
25981	66	10	5568	13	0	5657
25982	40	12	64	5571	0	5687
25983	5697	8	20	72	0	5797
25984	5702	12	16	29	0	5759
25985	5787	13	13	25	0	5838
25986	5803	4	17	26	0	5850
25987	85	5	5719	11	0	5820
25988	5703	5	59	13	0	5780
25989	81	5764	22	12	0	5879
25990	31	54	19	5790	0	5894
25991	33	14	5788	64	0	5899
25992	26	9	67	5799	0	5901
25993	19	10	5858	71	0	5958
25994	19	5	70	5822	0	5916
25995	22	5	27	5858	0	5912
25996	20	6	5806	72	0	5904
25997	25	10	53	5798	0	5886
25998	5840	6	23	80	0	5949
25999	72	5	19	5864	0	5960
26000	29	12	18	5929	0	5988
26001	5828	6	12	89	0	5935
26002	64	5909	23	38	0	6034
26003	5957	52	16	34	0	6059
26004	76	6008	23	15	0	6122
26005	6085	61	12	26	0	6184
26006	81	17	6087	23	0	6208
26007	43	12	59	6059	0	6173
26008	33	9	22	6104	0	6168
26009	6056	5	14	77	0	6152
26010	69	6009	19	28	0	6125
26011	33	56	14	5922	0	6025
26012	34	16	14	5852	0	5916
26013	24	5520	6	226	0	5776
26014	5551	50	13	37	0	5651
26015	55	5574	15	33	0	5677
26016	20	49	9	5413	0	5491
26017	28	11	14	5393	0	5446
26018	16	5310	13	58	0	5397
26019	5262	46	8	36	0	5352
26020	54	10	5296	25	0	5385
26021	5128	13	46	18	0	5205
26022	64	5212	16	12	0	5304
26023	22	43	13	5197	0	5275
26024	5236	11	11	55	0	5313
26025	52	13	6	5256	0	5327
26026	21	10	7	5295	0	5333
26027	5322	5	5	60	0	5392
26028	47	5248	7	28	0	5330
26029	16	5260	8	19	0	5303
26030	5188	29	5	10	0	5232
26031	35	13	5079	9	0	5136
26032	11	4930	28	8	0	4977
26033	48	49	29	4651	0	4777
26034	8	13	4950	29	0	5000
26035	9	15	32	4841	0	4897
26036	4848	8	9	34	0	4899
26037	33	4896	4	15	0	4948
26038	13	34	4	4767	0	4818
26039	3	4852	7	34	0	4896
26040	4899	32	3	19	0	4953
26041	4992	14	6	12	0	5024
26042	41	5031	6	6	0	5084
26043	15	38	1	5035	0	5089
26044	9	5143	10	40	0	5202
26045	5242	37	2	24	0	5305
26046	5310	18	1	16	0	5345
26047	50	9	2	5295	0	5356
26048	29	6	2	5318	0	5355
26049	16	10	5251	50	0	5327
26050	5105	7	34	25	0	5171
26051	42	9	5245	15	0	5311
26052	21	6	39	5235	0	5301
26053	5223	4	18	45	0	5290
26054	52	5315	6	15	0	5388
26055	5248	43	11	13	0	5315
26056	45	17	5202	12	0	5276
26057	5147	11	41	14	0	5213
26058	48	5324	15	15	0	5402
26059	5339	39	13	12	0	5403
26060	45	5458	8	21	0	5532
26061	33	45	5	5415	0	5498
26062	9	31	5338	41	0	5419
26063	19	18	5173	24	0	5234
26064	21	13	52	5203	0	5289
26065	19	7	5256	47	0	5329
26066	20	12	44	5230	0	5306
26067	12	12	20	5259	0	5303
26068	9	10	5333	59	0	5411
26069	4953	9	47	31	0	5040
26070	5295	5	20	24	0	5344
26071	55	5230	13	17	0	5315
26072	5214	38	17	24	0	5293
26073	58	18	9	5232	0	5317
26074	29	14	5361	42	0	5446
26075	26	11	39	5372	0	5448
26076	29	9	23	5340	0	5401
26077	5300	10	12	66	0	5388
26078	52	5251	10	23	0	5336
26079	19	5329	7	23	0	5378
26080	20	43	12	5331	0	5406
26081	18	20	12	5263	0	5313
26082	15	5241	12	53	0	5321
26083	21	46	7	5214	0	5288
26084	14	18	7	5187	0	5226
26085	11	5195	6	67	0	5279
26086	5303	39	8	31	0	5381
26087	48	20	12	5293	0	5373
26088	18	5377	16	54	0	5465
26089	16	46	8	5355	0	5425
26090	5323	17	11	66	0	5417
26091	50	5344	9	34	0	5437
26092	5424	52	5	21	0	5502
26093	5434	20	9	24	0	5487
26094	80	14	2	5477	0	5573
26095	5576	14	7	57	0	5654
26096	5629	15	3	34	0	5681
26097	5648	11	6	30	0	5695
26098	5635	8	6	35	0	5684
26099	80	9	10	5609	0	5708
26100	42	8	3	5628	0	5681
26101	26	10	5555	73	0	5664
26102	23	9	42	5529	0	5603
26103	18	14	18	5560	0	5610
26104	15	20	5398	79	0	5512
26105	5307	4	57	36	0	5404
26106	64	7	19	5418	0	5508
26107	31	10	5492	72	0	5605
26108	5473	13	58	47	0	5591
26109	88	14	5907	20	0	6029
26110	37	6137	66	63	0	6303
26111	30	6399	30	25	0	6484
26112	29	85	10	6783	0	6907
26113	18	31	7449	83	0	7581
26114	7596	15	78	44	0	7733
26115	7918	12	32	27	0	7989
26116	113	17	7831	21	0	7982
26117	7825	7	87	22	0	7941
26118	7892	9	34	32	0	7967
26119	121	7848	17	19	0	8005
26120	7802	84	12	21	0	7919
26121	114	29	8	7716	0	7867
26122	48	16	7747	84	0	7895
26123	38	11	82	7570	0	7701
26124	27	7816	32	82	0	7957
26125	15	7968	23	42	0	8048
26126	7894	99	20	26	0	8039
26127	7837	31	8	39	0	7915
26128	7882	20	21	21	0	7944
26129	124	19	16	7756	0	7915
26130	55	27	15	7665	0	7762
26131	30	7582	15	108	0	7735
26132	7609	86	19	47	0	7761
26133	106	7707	16	37	0	7866
26134	7368	77	21	18	0	7484
26135	104	7332	17	24	0	7477
26136	7349	74	16	19	0	7458
26137	7335	33	15	24	0	7407
26138	129	23	15	7224	0	7391
26139	61	7337	11	81	0	7490
26140	43	79	7275	34	0	7431
26141	7079	28	71	34	0	7212
26142	87	7088	31	32	0	7238
26143	42	78	7059	35	0	7214
26144	36	28	7113	15	0	7192
26145	29	34	76	6989	0	7128
26146	43	18	16	6871	0	6948
26147	26	7023	21	75	0	7145
26148	7195	74	4	33	0	7306
26149	97	29	13	7199	0	7338
26150	43	7419	16	81	0	7559
26151	36	7823	8	28	0	7895
26152	31	83	7765	23	0	7902
26153	35	38	7834	20	0	7927
26154	7740	29	78	23	0	7870
26155	97	28	7814	14	0	7953
26156	52	23	70	7771	0	7916
26157	40	20	20	7972	0	8052
26158	39	21	7933	89	0	8082
26159	32	20	79	7942	0	8073
26160	39	20	26	7822	0	7907
26161	7845	17	19	94	0	7975
26162	8003	22	25	29	0	8079
26163	104	29	18	7919	0	8070
26164	35	7868	30	82	0	8015
26165	24	8218	31	29	0	8302
26166	8240	78	18	42	0	8378
26167	81	34	8252	26	0	8393
26168	42	25	75	8240	0	8382
26169	8391	23	24	98	0	8536
26170	8535	31	15	35	0	8616
26171	101	30	21	8532	0	8684
26172	43	24	8534	82	0	8683
26173	34	26	8326	28	0	8414
26174	8269	22	100	28	0	8419
26175	8557	18	40	36	0	8651
26176	98	8561	34	32	0	8725
26177	43	8810	29	27	0	8909
26178	8958	79	25	43	0	9105
26179	9122	25	28	40	0	9215
26180	123	15	20	9260	0	9418
26181	58	24	18	9374	0	9474
26182	63	25	14	9375	0	9477
26183	9301	24	14	104	0	9443
26184	110	25	15	9371	0	9521
26185	53	26	9466	86	0	9631
26186	9276	28	65	47	0	9416
26187	90	28	19	9403	0	9540
26188	45	29	9527	80	0	9681
26189	9454	18	67	46	0	9585
26190	9397	17	24	37	0	9475
26191	93	9973	23	33	0	10122
26192	39	10196	26	29	0	10290
26193	35	72	10156	25	0	10288
26194	10150	27	79	43	0	10299
26195	95	10494	30	19	0	10638
26196	48	87	10306	21	0	10462
26197	10211	36	65	28	0	10340
26198	95	10860	20	28	0	11003
26199	47	77	10810	26	0	10960
26200	10606	31	69	38	0	10744
26201	83	10890	26	36	0	11035
26202	44	63	17	10896	0	11020
26203	10876	22	21	100	0	11019
26204	78	10950	24	44	0	11096
26205	47	96	22	10885	0	11050
26206	10852	20	30	86	0	10988
26207	72	21	10878	34	0	11005
26208	28	10742	67	45	0	10882
26209	51	61	10580	19	0	10711
26210	48	108	62	10236	0	10454
26211	21	28	10238	49	0	10336
26212	15	9736	54	15	0	9820
26213	9	9164	27	7	0	9207
26214	31	54	25	8977	0	9087
26215	7	10	6	8770	0	8793
26216	7	5	6	8890	0	8908
26217	3	13	9134	30	0	9180
26218	2	5	23	9178	0	9208
26219	9184	1	6	44	0	9235
26220	9137	1	5	28	0	9171
26221	27	9	9417	8	0	9461
26222	11	9467	26	11	0	9515
26223	9411	21	9	40	0	9481
26224	25	9422	17	8	0	9472
26225	9434	26	4	22	0	9486
26226	9509	4	8	23	0	9544
26227	28	17	9512	5	0	9562
26228	10	9730	24	8	0	9772
26229	13	28	6	9779	0	9826
26230	7	17	9836	23	0	9883
26231	9608	17	26	27	0	9678
26232	30	10	8	9900	0	9948
26233	7	19	9854	21	0	9901
26234	9830	5	25	43	0	9903
26235	37	12	10250	12	0	10311
26236	20	3	40	10469	0	10532
26237	10712	5	12	63	0	10792
26238	38	11071	19	17	0	11145
26239	21	58	11375	8	0	11462
26240	11488	18	45	34	0	11585
26241	12257	10	14	40	0	12321
26242	71	12659	17	11	0	12758
26243	42	57	5	12733	0	12837
26244	28	20	6	12721	0	12775
26245	12669	19	4	109	0	12801
26246	75	5	5	12851	0	12936
26247	21	24	12855	76	0	12976
26248	23	5	62	12835	0	12925
26249	12878	2	20	103	0	13003
26250	73	12780	24	34	0	12911
26251	30	71	4	12553	0	12658
26252	17	12774	18	66	0	12875
26253	12912	86	10	46	0	13054
26254	97	24	2	13560	0	13683
26255	35	23	7	13960	0	14025
26256	23	14010	14	149	0	14196
26257	29	118	13861	54	0	14062
26258	26	36	102	13832	0	13996
26259	28	28	25	13958	0	14039
26260	31	11	28	13914	0	13984
26261	4	13852	15	160	0	14031
26262	23	113	13863	58	0	14057
26263	20	47	13896	37	0	14000
26264	13991	26	131	53	0	14201
26265	14178	22	53	50	0	14303
26266	146	26	14267	20	0	14459
26267	14203	11	113	50	0	14377
26268	144	23	14686	34	0	14887
26269	14439	19	137	54	0	14649
26270	150	14810	66	69	0	15095
26271	15075	122	39	57	0	15293
26272	157	53	15197	38	0	15445
26273	56	40	15401	46	0	15543
26274	61	26	157	16137	0	16381
26275	16412	27	74	198	0	16711
26276	185	16970	67	77	0	17299
26277	75	192	17934	53	0	18254
26278	86	46	225	18300	0	18657
26279	67	51	71	18619	0	18808
26280	18299	22	56	311	0	18688
26281	18387	27	39	120	0	18573
26282	310	25	39	18202	0	18576
26283	18239	24	25	288	0	18576
26284	304	51	17954	95	0	18404
26285	125	14	255	17824	0	18218
26286	117	30	90	18229	0	18466
26287	18129	28	66	331	0	18554
26288	18120	22	38	143	0	18323
26289	333	35	41	17960	0	18369
26290	17955	25	46	300	0	18326
26291	303	37	17486	109	0	17935
26292	102	17306	264	113	0	17785
26293	95	238	17301	72	0	17706
26294	144	84	259	17285	0	17772
26295	17143	50	91	302	0	17586
26296	283	17016	86	110	0	17495
26297	121	235	69	16918	0	17343
26298	115	66	70	16740	0	16991
26299	74	16648	52	340	0	17114
26300	105	254	42	16757	0	17158
26301	129	116	48	16820	0	17113
26302	107	57	72	16837	0	17073
26303	117	35	55	16815	0	17022
26304	93	27	64	16641	0	16825
26305	79	16258	62	377	0	16776
26306	114	243	54	16417	0	16828
26307	94	73	72	16480	0	16719
26308	111	61	16060	374	0	16606
26309	82	15930	272	198	0	16482
26310	124	272	69	15983	0	16448
26311	109	70	81	16070	0	16330
26312	114	62	69	16030	0	16275
26313	95	15708	64	405	0	16272
26314	82	255	15737	213	0	16287
26315	104	101	252	15932	0	16389
26316	77	78	15822	357	0	16334
26317	71	59	15597	189	0	15916
26318	99	57	311	15548	0	16015
26319	15556	63	119	384	0	16122
26320	313	45	81	15547	0	15986
26321	125	59	80	15431	0	15695
26322	79	15342	103	365	0	15889
26323	90	241	68	15588	0	15987
26324	90	89	41	15771	0	15991
26325	82	83	15531	403	0	16099
26326	67	15429	264	232	0	15992
26327	82	259	104	15580	0	16025
26328	15203	91	93	399	0	15786
26329	268	97	15165	206	0	15736
26330	114	71	286	15207	0	15678
26331	95	59	97	15395	0	15646
26332	14979	57	74	430	0	15540
26333	269	14826	82	262	0	15439
26334	14596	250	58	232	0	15136
26335	260	14454	57	200	0	14971
26336	126	289	62	14302	0	14779
26337	14073	95	73	372	0	14613
26338	249	86	13812	195	0	14342
26339	103	13313	256	178	0	13850
26340	102	13293	104	187	0	13686
26341	12426	245	130	139	0	12940
26342	242	117	86	12018	0	12463
26343	84	11966	61	314	0	12425
26344	86	12146	71	168	0	12471
26345	109	247	61	12013	0	12430
26346	85	114	46	12126	0	12371
26347	11750	69	41	340	0	12200
26348	244	11677	54	172	0	12147
26349	102	253	88	11592	0	12035
26350	67	99	11452	295	0	11913
26351	64	11421	220	160	0	11865
26352	79	219	11231	140	0	11669
26353	71	11142	232	138	0	11583
26354	160	279	187	10233	0	10859
26355	75	75	36	10101	0	10287
26356	48	10092	52	235	0	10427
26357	53	187	10146	117	0	10503
26358	10223	77	174	122	0	10596
26359	177	74	61	10692	0	11004
26360	72	66	42	10834	0	11014
26361	50	79	10763	244	0	11136
26362	56	69	171	10792	0	11088
26363	41	77	10771	240	0	11129
26364	52	78	178	10729	0	11037
26365	35	63	10808	241	0	11147
26366	33	10725	195	148	0	11101
26367	34	193	10830	116	0	11173
26368	64	76	171	10654	0	10965
26369	10516	66	59	231	0	10872
26370	152	10285	73	118	0	10628
26371	65	225	42	10075	0	10407
26372	46	77	9938	202	0	10263
26373	28	9999	174	96	0	10297
26374	53	212	51	9000	0	9316
26375	34	53	8918	127	0	9132
26376	7	8090	91	51	0	8239
26377	6727	130	161	112	0	7130
26378	6359	35	40	45	0	6479
26379	48	14	16	6340	0	6418
26380	6358	8	10	54	0	6430
26381	41	7	13	6371	0	6432
26382	24	7	5	6441	0	6477
26383	13	7	6752	42	0	6814
26384	19	7	26	6679	0	6731
26385	19	5	15	6734	0	6773
26386	6656	7	8	56	0	6727
26387	6571	6	5	36	0	6618
26388	35	6645	14	16	0	6710
26389	15	37	6702	14	0	6768
26390	15	17	31	6674	0	6737
26391	12	16	6575	31	0	6634
26392	6276	12	30	28	0	6346
26393	35	10	6472	9	0	6526
26394	22	13	29	6395	0	6459
26395	8	6428	20	43	0	6499
26396	13	33	12	6439	0	6497
26397	10	10	12	6423	0	6455
26398	5	17	6537	48	0	6607
26399	13	6	38	6507	0	6564
26400	6522	5	14	66	0	6607
26401	6574	9	15	37	0	6635
26402	6570	5	10	38	0	6623
26403	6633	6	9	28	0	6676
26404	43	6551	12	19	0	6625
26405	23	6627	15	18	0	6683
26406	25	33	6	6570	0	6634
26407	17	13	13	6675	0	6718
26408	12	6601	15	55	0	6683
26409	13	40	10	6695	0	6758
26410	11	14	10	6758	0	6793
26411	14	14	8	6747	0	6783
26412	11	8	5	6751	0	6775
26413	12	11	11	6779	0	6813
26414	6706	7	7	75	0	6795
26415	43	6626	12	35	0	6716
26416	22	45	6580	20	0	6667
26417	20	10	37	6626	0	6693
26418	19	11	16	6661	0	6707
26419	19	11	18	6609	0	6657
26420	6719	13	7	82	0	6821
26421	46	7285	26	30	0	7387
26422	24	71	8	7409	0	7512
26423	18	7679	21	96	0	7814
26424	25	99	9	7594	0	7727
26425	11	7578	15	110	0	7714
26426	14	115	7943	51	0	8123
26427	28	37	109	8330	0	8504
26428	18	38	9315	133	0	9504
26429	30	20	159	9391	0	9600
26430	22	17	47	9990	0	10076
26431	9972	18	38	223	0	10251
26432	10096	15	21	104	0	10236
26433	10163	11	21	76	0	10271
26434	10150	20	26	53	0	10249
26435	10194	8	16	63	0	10281
26436	254	9	17	9891	0	10171
26437	94	9966	18	177	0	10255
26438	81	160	12	9926	0	10179
26439	48	64	9816	201	0	10129
26440	9751	36	159	100	0	10046
26441	10010	22	57	61	0	10150
26442	242	18	30	9857	0	10147
26443	106	19	22	9840	0	9987
26444	77	9628	21	221	0	9947
26445	75	157	19	9764	0	10015
26446	66	54	14	9774	0	9908
26447	44	9576	35	238	0	9893
26448	50	163	16	9743	0	9972
26449	9494	50	28	260	0	9832
26450	206	55	9444	91	0	9796
26451	9255	29	172	95	0	9551
26452	215	36	9348	71	0	9670
26453	90	30	193	9234	0	9547
26454	72	29	58	9233	0	9392
26455	48	9066	44	255	0	9413
26456	42	9175	39	124	0	9380
26457	66	208	29	8957	0	9260
26458	43	91	8789	212	0	9135
26459	8332	41	165	87	0	8625
26460	189	22	64	8349	0	8624
26461	70	8225	45	205	0	8545
26462	75	152	25	8290	0	8542
26463	60	60	15	8206	0	8341
26464	41	7991	33	213	0	8278
26465	52	175	15	7721	0	7963
26466	40	68	7395	196	0	7699
26467	28	48	7321	93	0	7490
26468	48	47	161	6959	0	7215
26469	29	7150	74	176	0	7429
26470	38	151	33	7189	0	7411
26471	7198	56	31	196	0	7481
26472	7311	33	25	99	0	7468
26473	7058	29	27	88	0	7202
26474	194	6937	22	69	0	7222
26475	65	157	6859	60	0	7141
26476	6820	59	147	57	0	7083
26477	6955	44	61	65	0	7125
26478	199	6812	43	59	0	7113
26479	99	155	24	6820	0	7098
26480	6810	74	26	175	0	7085
26481	6865	43	33	92	0	7033
26482	6916	35	27	77	0	7055
26483	240	41	31	6411	0	6723
26484	6508	39	26	190	0	6763
26485	213	33	37	6425	0	6708
26486	130	30	31	6532	0	6723
26487	6437	29	26	229	0	6721
26488	203	38	25	6378	0	6644
26489	6321	28	30	226	0	6605
26490	252	20	22	6305	0	6599
26491	123	31	22	6437	0	6613
26492	6332	30	13	245	0	6620
26493	217	32	6202	134	0	6585
26494	141	25	158	6312	0	6636
26495	120	25	56	6398	0	6599
26496	114	30	35	6362	0	6541
26497	90	30	27	6417	0	6564
26498	84	25	26	6224	0	6359
26499	83	6004	37	257	0	6381
26500	84	141	23	6107	0	6355
26501	81	68	5954	239	0	6342
26502	90	46	144	6045	0	6325
26503	85	28	61	6138	0	6312
26504	89	26	37	6249	0	6401
26505	54	38	6005	286	0	6383
26506	56	48	6000	152	0	6256
26507	5933	28	189	129	0	6279
26508	6064	33	78	112	0	6287
26509	206	6114	49	106	0	6475
26510	115	147	35	6257	0	6554
26511	96	64	43	6473	0	6676
26512	64	40	42	6574	0	6720
26513	6378	38	34	268	0	6718
26514	6510	38	40	147	0	6735
26515	206	33	38	6464	0	6741
26516	125	33	37	6504	0	6699
26517	88	29	25	6510	0	6652
26518	66	37	32	6487	0	6622
26519	6250	38	31	273	0	6592
26520	161	31	6011	149	0	6352
26521	79	5164	111	99	0	5453
26522	49	5013	41	91	0	5194
26523	4708	95	31	60	0	4894
26524	111	144	37	4576	0	4868
26525	51	25	4600	132	0	4808
26526	49	21	4255	61	0	4386
26527	17	4075	89	60	0	4241
26528	3069	30	66	26	0	3191
26529	27	8	3000	19	0	3054
26530	2465	25	36	8	0	2534
26531	13	4	8	2488	0	2513
26532	5	1	2	2506	0	2514
26533	3	2499	3	16	0	2521
26534	2	2575	1	8	0	2586
26535	2578	6	2	8	0	2594
26536	2586	4	3	7	0	2600
26537	10	2644	3	3	0	2660
26538	13	8	2606	1	0	2628
26539	5	7	2642	2	0	2656
26540	3	6	6	2694	0	2709
26541	2726	0	5	14	0	2745
26542	7	2778	1	7	0	2793
26543	4	7	0	2916	0	2927
26544	2946	3	1	9	0	2959
26545	7	4	2	3004	0	3017
26546	9	1	1	3112	0	3123
26547	3104	1	1	14	0	3120
26548	5	3160	1	10	0	3176
26549	7	3288	2	7	0	3304
26550	2	9	3424	6	0	3441
26551	3	7	6	3469	0	3485
26552	3	4	5	3506	0	3518
26553	4	1	3565	13	0	3583
26554	3347	1	7	12	0	3367
26555	3478	3	6	11	0	3498
26556	8	0	3612	6	0	3626
26557	3291	1	7	10	0	3309
26558	10	4	3749	3	0	3766
26559	6	3932	14	3	0	3955
26560	9	5	6	4091	0	4111
26561	8	5	4	4206	0	4223
26562	4223	3	1	22	0	4249
26563	4211	1	12	22	0	4246
26564	4217	3	2	16	0	4238
26565	4245	2	2	9	0	4258
26566	4240	3	3	11	0	4257
26567	18	2	4215	3	0	4238
26568	10	4262	8	5	0	4285
26569	13	6	6	4292	0	4317
26570	5	4297	5	8	0	4315
26571	4	4308	3	12	0	4327
26572	8	11	7	4285	0	4311
26573	7	8	3	4297	0	4315
26574	4	4	4226	10	0	4244
26575	4007	3	9	10	0	4029
26576	4164	5	3	10	0	4182
26577	8	4134	3	5	0	4150
26578	4157	6	2	11	0	4176
26579	4271	3	3	15	0	4292
26580	10	4	2	4306	0	4322
26581	10	5	4476	4	0	4495
26582	8	3	4442	5	0	4458
26583	4554	2	6	10	0	4572
26584	4593	2	5	13	0	4613
26585	15	4611	4	7	0	4637
26586	8	4746	5	4	0	4763
26587	4	12	4	4920	0	4940
26588	4946	7	3	18	0	4974
26589	9	3	5073	8	0	5093
26590	9	5	7	5171	0	5192
26591	5276	3	7	26	0	5312
26592	5345	3	4	21	0	5373
26593	17	4	2	5538	0	5561
26594	5548	1	4	28	0	5581
26595	19	2	5456	10	0	5487
26596	11	7	5758	2	0	5778
26597	17	3	15	5850	0	5885
26598	11	1	8	5993	0	6013
26599	6	2	2	6009	0	6019
26600	5	5992	9	15	0	6021
26601	6	6103	8	8	0	6125
26602	9	14	3	6115	0	6141
26603	6201	9	4	30	0	6244
26604	18	5	3	6306	0	6332
26605	10	5	3	6332	0	6350
26606	3	6335	7	25	0	6370
26607	4	6493	6	18	0	6521
26608	11	17	3	6514	0	6545
26609	6	12	2	6372	0	6392
26610	6247	3	2	35	0	6287
26611	12	6187	3	15	0	6217
26612	6232	11	2	24	0	6269
26613	19	7	2	6336	0	6364
26614	10	7	6272	14	0	6303
26615	6	18	6235	11	0	6270
26616	6462	6	21	15	0	6504
26617	22	2	8	6673	0	6705
26618	9	3	6	6681	0	6699
26619	6	3	2	6708	0	6719
26620	2	6	6803	22	0	6833
26621	11	3	10	6899	0	6923
26622	5	6945	11	33	0	6994
26623	5	14	3	7072	0	7094
26624	8	9	4	7088	0	7109
26625	7	7241	7	25	0	7280
26626	10	15	1	7373	0	7399
26627	7374	5	6	52	0	7437
26628	32	7479	7	12	0	7530
26629	7759	39	5	24	0	7827
26630	7865	8	3	25	0	7901
26631	65	6	2	7948	0	8021
26632	22	8	1	7930	0	7961
26633	21	2	2	7996	0	8021
26634	12	14	7837	60	0	7923
26635	9	7735	49	29	0	7822
26636	12	7914	13	21	0	7960
26637	9	52	7	7835	0	7903
26638	7800	14	6	67	0	7887
26639	59	11	4	7788	0	7862
26640	14	24	7829	67	0	7934
26641	9	7722	60	19	0	7810
26642	9	7832	13	18	0	7872
26643	7770	53	7	21	0	7851
26644	7817	10	6	23	0	7856
26645	56	8140	11	24	0	8231
26646	8263	57	3	30	0	8353
26647	65	19	8225	7	0	8316
26648	14	14	8234	9	0	8271
26649	8333	14	64	20	0	8431
26650	8493	7	16	22	0	8538
26651	77	2	11	8505	0	8595
26652	8480	5	10	82	0	8577
26653	75	13	8610	13	0	8711
26654	22	21	8984	13	0	9040
26655	34	6	84	10043	0	10167
26656	20	6	20	10769	0	10815
26657	29	6	16	11273	0	11324
26658	23	6	14	11696	0	11739
26659	29	4	10	12267	0	12310
26660	16	20	12030	205	0	12271
26661	24	3	127	12074	0	12228
26662	12008	2	43	238	0	12291
26663	146	3	33	12101	0	12283
26664	12011	2	30	239	0	12282
26665	169	2	23	12108	0	12302
26666	12213	7	24	252	0	12496
26667	12591	4	17	140	0	12752
26668	219	5	25	12528	0	12777
26669	109	8	25	12695	0	12837
26670	12539	7	19	243	0	12808
26671	12595	7	12	155	0	12769
26672	229	11	12655	123	0	13018
26673	150	9	126	12791	0	13076
26674	126	4	38	12971	0	13139
26675	12873	6	41	240	0	13160
26676	13044	14	33	135	0	13226
26677	239	13	24	13071	0	13347
26678	138	2	31	13168	0	13339
26679	131	10	24	13075	0	13240
26680	103	11	25	13023	0	13162
26681	83	12399	43	321	0	12846
26682	63	12608	32	194	0	12897
26683	66	152	20	12595	0	12833
26684	65	12483	32	259	0	12839
26685	73	175	16	12596	0	12860
26686	54	65	12382	272	0	12773
26687	53	77	12105	164	0	12399
26688	37	12389	162	165	0	12753
26689	65	176	62	12305	0	12608
26690	48	87	12295	221	0	12651
26691	65	73	174	12167	0	12479
26692	61	63	71	12342	0	12537
26693	12029	50	73	295	0	12447
26694	189	54	74	12248	0	12565
26695	72	45	12317	274	0	12708
26696	88	40	12245	141	0	12514
26697	68	12158	195	172	0	12593
26698	64	12784	101	150	0	13099
26699	12945	151	82	169	0	13347
26700	184	71	13605	139	0	13999
26701	107	50	190	13730	0	14077
26702	13763	46	84	260	0	14153
26703	13783	44	77	150	0	14054
26704	209	13904	82	152	0	14347
26705	142	167	64	14032	0	14405
26706	122	66	65	14263	0	14516
26707	129	71	43	14186	0	14429
26708	14057	54	39	302	0	14452
26709	215	57	13869	192	0	14333
26710	107	14247	178	195	0	14727
26711	138	161	57	14403	0	14759
26712	115	77	69	14505	0	14766
26713	84	82	14427	284	0	14877
26714	98	59	173	14482	0	14812
26715	87	47	74	14649	0	14857
26716	84	57	69	14634	0	14844
26717	109	31	64	14580	0	14784
26718	68	60	14281	362	0	14771
26719	63	48	205	14441	0	14757
26720	45	53	14439	363	0	14900
26721	47	14429	222	257	0	14955
26722	78	159	88	14596	0	14921
26723	84	71	88	14774	0	15017
26724	70	69	14460	343	0	14942
26725	55	14282	184	269	0	14790
26726	106	188	88	14255	0	14637
26727	82	68	14179	275	0	14604
26728	52	14012	193	215	0	14472
26729	78	149	86	14003	0	14316
26730	83	72	13951	240	0	14346
26731	102	77	153	13863	0	14195
26732	78	56	107	13922	0	14163
26733	60	51	101	14166	0	14378
26734	13947	65	87	297	0	14396
26735	170	13881	76	216	0	14343
26736	13960	127	81	202	0	14370
26737	159	75	13942	192	0	14368
26738	14183	65	136	234	0	14618
26739	14761	49	72	197	0	15079
26740	217	56	73	14742	0	15088
26741	14935	72	71	263	0	15341
26742	15090	63	60	196	0	15409
26743	15327	52	60	190	0	15629
26744	246	66	45	15333	0	15690
26745	166	48	54	15039	0	15307
26746	129	43	14620	225	0	15017
26747	108	38	14114	175	0	14435
26748	14322	39	143	166	0	14670
26749	180	111	92	14420	0	14803
26750	90	14530	108	197	0	14925
26751	14554	116	103	156	0	14929
26752	151	14505	75	148	0	14879
26753	92	14525	69	152	0	14838
26754	151	153	13978	154	0	14436
26755	64	65	14294	67	0	14490
26756	97	342	182	13889	0	14510
26757	44	40	14458	71	0	14613
26758	35	49	13480	32	0	13596
26759	13040	18	32	55	0	13145
26760	13403	3	10	48	0	13464
26761	25	1	4	13648	0	13678
26762	19	3	8	13826	0	13856
26763	5	12	14031	21	0	14069
26764	3	14163	32	16	0	14214
26765	13	19	8	14357	0	14397
26766	14776	5	6	81	0	14868
26767	34	4	4	15020	0	15062
26768	3	15138	9	34	0	15184
26769	15	38	15111	6	0	15170
26770	4	15445	39	6	0	15494
26771	15438	29	11	60	0	15538
26772	15249	7	6	52	0	15314
26773	43	3	8	15282	0	15336
26774	12	22	15459	32	0	15525
26775	12	24	14788	10	0	14834
26776	4	15337	51	13	0	15405
26777	14	37	11	15281	0	15343
26778	15	11	7	15497	0	15530
26779	7	14	15395	44	0	15460
26780	15	9	38	15318	0	15380
26781	7	15859	23	46	0	15935
26782	13	60	5	16056	0	16134
26783	13	18	4	16119	0	16154
26784	18	28	16025	78	0	16149
26785	16	9	69	15896	0	15990
26786	16062	5	18	120	0	16205
26787	77	19	16044	22	0	16162
26788	28	17	15965	8	0	16018
26789	10	16475	106	22	0	16613
26790	26	86	27	16866	0	17005
26791	18	23	15	17755	0	17811
26792	7	28	17611	118	0	17764
26793	16967	6	109	90	0	17172
26794	119	11	37	17632	0	17799
26795	39	35	17481	117	0	17672
26796	40	9	113	17240	0	17402
26797	14	21	17544	120	0	17699
26798	21	26	17139	47	0	17233
26799	9	17229	155	37	0	17430
26800	25	110	54	16508	0	16697
26801	8	16898	50	128	0	17084
26802	16686	112	34	80	0	16912
26803	109	65	16892	20	0	17086
26804	31	16684	125	33	0	16873
26805	33	110	45	16691	0	16879
26806	16607	42	24	160	0	16833
26807	106	16673	31	56	0	16866
26808	55	112	21	16861	0	17049
26809	27	45	20	16954	0	17046
26810	18	17213	30	149	0	17410
26811	17488	141	23	97	0	17749
26812	162	49	22	19260	0	19493
26813	67	34	15	19831	0	19947
26814	34	37	19644	294	0	20009
26815	14	20182	247	129	0	20572
26816	43	246	85	20507	0	20881
26817	57	82	60	21890	0	22089
26818	10	22225	53	338	0	22626
26819	47	292	26	22449	0	22814
26820	66	97	33	23066	0	23262
26821	49	58	26	23599	0	23732
26822	8	23396	58	435	0	23897
26823	23324	306	16	211	0	23857
26824	293	127	23363	117	0	23900
26825	22870	66	302	131	0	23369
26826	334	23314	118	84	0	23850
26827	121	308	72	23335	0	23836
26828	92	140	23412	323	0	23967
26829	84	88	314	23525	0	24011
26830	78	57	98	23707	0	23940
26831	73	46	81	24100	0	24300
26832	29	81	23761	459	0	24330
26833	23	23758	343	248	0	24372
26834	25	326	23933	145	0	24429
26835	32	24060	359	153	0	24604
26836	28	395	24219	103	0	24745
26837	76	128	365	24160	0	24729
26838	23931	105	139	428	0	24603
26839	304	24038	118	218	0	24678
26840	109	375	24185	132	0	24801
26841	64	24138	358	124	0	24684
26842	66	383	24229	103	0	24781
26843	85	137	364	23814	0	24400
26844	79	107	144	23771	0	24101
26845	42	23721	138	407	0	24308
26846	38	24362	117	211	0	24728
26847	24270	405	88	206	0	24969
26848	362	178	97	24449	0	25086
26849	115	169	24489	427	0	25200
26850	139	107	357	24463	0	25066
26851	62	110	24621	482	0	25275
26852	78	129	24730	181	0	25118
26853	102	99	435	23989	0	24625
26854	42	24097	216	399	0	24754
26855	23200	353	137	249	0	23939
26856	364	157	127	23019	0	23667
26857	161	134	95	22663	0	23053
26858	77	22657	136	476	0	23346
26859	22474	391	89	248	0	23202
26860	22653	162	83	218	0	23116
26861	445	133	74	22197	0	22849
26862	156	22087	115	442	0	22800
26863	88	23303	133	231	0	23755
26864	22967	413	91	217	0	23688
26865	349	243	22965	146	0	23703
26866	22311	142	396	158	0	23007
26867	22506	120	152	182	0	22960
26868	22400	113	141	141	0	22795
26869	458	22236	106	144	0	22944
26870	244	351	107	22418	0	23120
26871	22491	164	102	421	0	23178
26872	22659	125	99	226	0	23109
26873	431	22453	102	211	0	23197
26874	22714	340	77	203	0	23334
26875	413	171	82	22928	0	23594
26876	201	152	70	22904	0	23327
26877	140	22738	103	474	0	23455
26878	160	351	69	23111	0	23691
26879	145	182	86	23263	0	23676
26880	95	23076	88	483	0	23742
26881	163	342	62	22284	0	22851
26882	92	22760	99	443	0	23394
26883	22781	358	102	244	0	23485
26884	22526	173	95	224	0	23018
26885	390	22448	98	208	0	23144
26886	194	356	22224	138	0	22912
26887	185	280	287	22012	0	22764
26888	132	176	21919	349	0	22576
26889	102	21333	335	218	0	21988
26890	124	21453	143	169	0	21889
26891	20321	329	101	165	0	20916
26892	304	20691	100	133	0	21228
26893	190	322	74	20390	0	20976
26894	146	20467	97	283	0	20993
26895	114	20890	92	172	0	21268
26896	20691	363	60	166	0	21280
26897	342	179	61	20743	0	21325
26898	159	147	20733	317	0	21356
26899	122	128	20689	161	0	21100
26900	90	21196	334	140	0	21760
26901	21331	313	138	188	0	21970
26902	314	21695	126	84	0	22219
26903	186	382	76	23149	0	23793
26904	23278	161	78	399	0	23916
26905	411	130	55	23644	0	24240
26906	204	119	62	23979	0	24364
26907	132	23977	79	487	0	24675
26908	177	388	47	24149	0	24761
26909	91	212	24165	402	0	24870
26910	23657	121	327	235	0	24340
26911	350	23972	150	166	0	24638
26912	106	23081	77	83	0	23347
26913	22365	291	46	102	0	22804
26914	310	146	22480	50	0	22986
26915	22011	111	301	107	0	22530
26916	260	23512	110	74	0	23956
26917	91	24576	69	49	0	24785
26918	71	361	24564	30	0	25026
26919	41	24772	327	69	0	25209
26920	118	381	159	23636	0	24294
26921	80	163	64	23712	0	24019
26922	25	23937	39	375	0	24376
26923	76	296	34	24215	0	24621
26924	24178	156	31	377	0	24742
26925	284	121	24069	152	0	24626
26926	24197	88	272	133	0	24690
26927	24691	54	136	125	0	25006
26928	24610	46	96	109	0	24861
26929	479	84	24447	45	0	25055
26930	252	64	292	24419	0	25027
26931	112	88	24545	307	0	25052
26932	24017	55	354	191	0	24617
26933	24192	54	166	149	0	24561
26934	439	24152	110	80	0	24781
26935	243	318	62	24210	0	24833
26936	111	24700	75	315	0	25201
26937	90	390	24712	165	0	25357
26938	138	191	331	24699	0	25359
26939	24489	96	180	392	0	25157
26940	24622	67	82	252	0	25023
26941	520	87	55	24017	0	24679
26942	256	23874	88	333	0	24551
26943	149	336	24107	172	0	24764
26944	98	196	24268	96	0	24658
26945	23678	93	452	116	0	24339
26946	385	96	24230	63	0	24774
26947	216	23981	444	94	0	24735
26948	179	360	209	23876	0	24624
26949	100	217	24047	353	0	24717
26950	178	113	382	23819	0	24492
26951	94	109	23817	418	0	24438
26952	22955	89	405	238	0	23687
26953	429	79	205	23274	0	23987
26954	212	23109	163	391	0	23875
26955	130	23398	114	239	0	23881
26956	152	447	118	23027	0	23744
26957	149	249	98	22981	0	23477
26958	111	22768	140	534	0	23553
26959	111	412	22805	250	0	23578
26960	137	208	382	22879	0	23606
26961	116	177	22999	390	0	23682
26962	111	118	22575	219	0	23023
26963	21263	89	505	200	0	22057
26964	370	21477	300	130	0	22277
26965	21433	390	170	125	0	22118
26966	457	225	136	20994	0	21812
26967	209	21303	140	406	0	22058
26968	198	422	134	21431	0	22185
26969	160	243	111	21298	0	21812
26970	130	20989	114	530	0	21763
26971	92	432	20807	322	0	21653
26972	144	261	404	20859	0	21668
26973	20778	160	226	474	0	21638
26974	461	122	158	20587	0	21328
26975	296	114	141	20505	0	21056
26976	175	130	20166	557	0	21028
26977	139	20040	422	290	0	20891
26978	190	372	251	19985	0	20798
26979	120	239	19900	453	0	20712
26980	116	198	19890	273	0	20477
26981	19339	137	565	214	0	20255
26982	402	19565	304	194	0	20465
26983	19458	416	173	170	0	20217
26984	434	19376	162	169	0	20141
26985	216	19631	155	225	0	20227
26986	19283	531	144	190	0	20148
26987	463	287	136	18923	0	19809
26988	272	18995	166	434	0	19867
26989	213	403	139	19305	0	20060
26990	19192	220	141	486	0	20039
26991	460	199	19112	291	0	20062
26992	261	161	19044	186	0	19652
26993	18539	129	532	182	0	19382
26994	411	18601	350	186	0	19548
26995	261	414	18576	132	0	19383
26996	213	18523	437	149	0	19322
26997	215	426	265	18087	0	18993
26998	138	264	18175	392	0	18969
26999	187	190	431	17657	0	18465
27000	127	142	17441	455	0	18165
27001	16629	131	469	285	0	17514
27002	404	16717	259	205	0	17585
27003	15196	302	139	122	0	15759
27004	374	158	108	14977	0	15617
27005	155	15464	152	330	0	16101
27006	15266	329	127	168	0	15890
27007	15035	174	126	141	0	15476
27008	402	121	14959	108	0	15590
27009	205	105	14753	84	0	15147
27010	13500	99	380	93	0	14072
27011	278	13523	203	104	0	14108
27012	128	13029	139	94	0	13390
27013	229	602	211	12070	0	13112
27014	99	143	12334	229	0	12805
27015	90	11671	233	125	0	12119
27016	68	10462	141	97	0	10768
27017	214	171	122	8030	0	8537
27018	8163	34	37	115	0	8349
27019	8203	25	16	33	0	8277
27020	8275	15	15	28	0	8333
27021	136	24	8213	13	0	8386
27022	8138	13	118	17	0	8286
27023	8219	19	26	21	0	8285
27024	8238	19	16	14	0	8287
27025	153	17	10	8006	0	8186
27026	35	7980	16	102	0	8133
27027	7946	100	18	28	0	8092
27028	115	7900	23	19	0	8057
27029	38	113	10	7846	0	8007
27030	29	29	8179	98	0	8335
27031	34	38	106	8148	0	8326
27032	32	16	23	8310	0	8381
27033	18	25	8266	112	0	8421
27034	17	8168	103	31	0	8319
27035	36	95	25	7750	0	7906
27036	7594	16	19	108	0	7737
27037	96	7430	15	23	0	7564
27038	7313	94	14	22	0	7443
27039	114	39	9	7228	0	7390
27040	31	7288	15	88	0	7422
27041	7266	88	12	23	0	7389
27042	94	7303	15	21	0	7433
27043	31	90	7144	20	0	7285
27044	7243	27	111	28	0	7409
27045	7315	34	16	12	0	7377
27046	105	7272	20	25	0	7422
27047	31	100	7111	7	0	7249
27048	28	7381	95	12	0	7516
27049	52	129	28	6561	0	6770
27050	21	18	21	7609	0	7669
27051	17	30	7	7606	0	7660
27052	24	7526	10	115	0	7675
27053	28	107	8	7548	0	7691
27054	19	32	11	7620	0	7682
27055	7499	30	8	120	0	7657
27056	125	8	9	7469	0	7611
27057	41	16	8	7624	0	7689
27058	7549	10	13	132	0	7704
27059	111	7637	16	36	0	7800
27060	7680	109	9	39	0	7837
27061	7748	23	8	29	0	7808
27062	7778	25	6	26	0	7835
27063	139	22	10	7705	0	7876
27064	47	19	7	7823	0	7896
27065	39	24	7684	122	0	7869
27066	25	26	7636	43	0	7730
27067	31	14	7630	36	0	7711
27068	7364	14	124	39	0	7541
27069	122	18	7512	29	0	7681
27070	33	7568	110	37	0	7748
27071	47	110	25	7587	0	7769
27072	34	31	30	7563	0	7658
27073	36	7677	20	120	0	7853
27074	31	109	7821	43	0	8004
27075	31	7885	94	45	0	8055
27076	7838	113	32	43	0	8026
27077	117	41	7811	27	0	7996
27078	38	7790	118	37	0	7983
27079	46	110	7854	21	0	8031
27080	46	24	119	7776	0	7965
27081	24	38	7811	105	0	7978
27082	38	14	121	7726	0	7899
27083	7786	18	30	136	0	7970
27084	127	29	7790	37	0	7983
27085	29	7833	120	40	0	8022
27086	7867	117	34	41	0	8059
27087	127	35	8090	33	0	8285
27088	40	27	8156	34	0	8257
27089	38	25	126	8065	0	8254
27090	23	33	8083	133	0	8272
27091	7869	19	135	53	0	8076
27092	123	8139	42	50	0	8354
27093	47	117	34	8188	0	8386
27094	42	8439	27	118	0	8626
27095	8570	131	30	41	0	8772
27096	139	34	8556	35	0	8764
27097	42	40	8873	30	0	8985
27098	44	25	136	8808	0	9013
27099	43	23	47	8930	0	9043
27100	36	20	37	9046	0	9139
27101	34	16	44	9098	0	9192
27102	34	29	9220	151	0	9434
27103	29	9092	145	61	0	9327
27104	20	107	45	8643	0	8815
27105	21	28	8362	87	0	8498
27106	20	8293	95	28	0	8436
27107	8224	80	52	34	0	8390
27108	125	32	32	8187	0	8376
27109	8109	24	18	104	0	8255
27110	85	8109	19	38	0	8251
27111	8104	79	21	37	0	8241
27112	82	37	8379	22	0	8520
27113	30	46	98	8222	0	8396
27114	24	8340	28	82	0	8474
27115	27	81	8305	28	0	8441
27116	10	8269	96	29	0	8404
27117	35	107	31	7318	0	7491
27118	7925	15	22	78	0	8040
27119	62	7927	23	24	0	8036
27120	7877	56	18	30	0	7981
27121	63	32	7882	16	0	7993
27122	30	22	7826	13	0	7891
27123	7839	7	74	19	0	7939
27124	58	17	38	7891	0	8004
27125	27	15	20	7984	0	8046
27126	16	17	8181	72	0	8286
27127	21	16	8033	27	0	8097
27128	4	8309	74	19	0	8406
27129	8094	60	46	27	0	8227
27130	7780	23	18	19	0	7840
27131	65	7820	12	18	0	7915
27132	22	49	11	7894	0	7976
27133	7989	15	14	71	0	8089
27134	56	15	14	7990	0	8075
27135	8060	9	6	77	0	8152
27136	8127	6	9	38	0	8180
27137	8427	7	8	40	0	8482
27138	71	14	7	8391	0	8483
27139	35	7	6	8769	0	8817
27140	8703	6	4	82	0	8795
27141	8889	5	7	39	0	8940
27142	8862	10	11	29	0	8912
27143	69	8853	16	13	0	8951
27144	8619	37	7	19	0	8682
27145	48	8599	5	21	0	8673
27146	8525	41	4	26	0	8596
27147	67	17	8567	10	0	8661
27148	8305	13	41	16	0	8375
27149	42	8458	16	9	0	8525
27150	12	8486	11	8	0	8517
27151	8601	34	7	16	0	8658
27152	46	10	3	8746	0	8805
27153	20	4	5	8984	0	9013
27154	10	9082	9	48	0	9149
27155	8	9547	10	16	0	9581
27156	9841	51	1	20	0	9913
27157	63	21	10200	9	0	10293
27158	17	7	55	10694	0	10773
27159	10915	3	13	94	0	11025
27160	76	13	11105	14	0	11208
27161	21	11790	81	11	0	11903
27162	12320	91	16	20	0	12447
27163	118	21	12698	8	0	12845
27164	44	9	122	13292	0	13467
27165	17	18	13637	135	0	13807
27166	13358	9	156	42	0	13565
27167	138	13901	39	15	0	14093
27168	13977	137	13	37	0	14164
27169	14056	21	19	22	0	14118
27170	169	10	11	14023	0	14213
27171	14105	10	10	160	0	14285
27172	164	16	9	14171	0	14360
27173	53	13	8	14292	0	14366
27174	24	13	14028	159	0	14224
27175	29	14098	141	40	0	14308
27176	27	143	28	14272	0	14470
27177	35	22	14	14328	0	14399
27178	29	11	20	14347	0	14407
27179	27	25	14200	166	0	14418
27180	15	14170	149	45	0	14379
27181	34	140	29	14294	0	14497
27182	38	18	16	14416	0	14488
27183	11	29	14281	167	0	14488
27184	31	25	127	14150	0	14333
27185	14189	11	34	174	0	14408
27186	134	14288	22	49	0	14493
27187	14109	134	20	49	0	14312
27188	145	45	14164	24	0	14378
27189	44	20	133	14237	0	14434
27190	14319	10	23	185	0	14537
27191	14325	8	19	69	0	14421
27192	159	24	14365	27	0	14575
27193	65	22	143	14332	0	14562
27194	31	19	14222	156	0	14428
27195	13909	12	145	71	0	14137
27196	146	14153	60	27	0	14386
27197	14153	125	27	58	0	14363
27198	14171	28	29	50	0	14278
27199	166	14241	36	27	0	14470
27200	14345	139	23	49	0	14556
27201	173	34	14350	29	0	14586
27202	14227	25	141	47	0	14440
27203	184	28	33	14274	0	14519
27204	80	29	14568	147	0	14824
27205	52	22	155	14588	0	14817
27206	61	21	36	14595	0	14713
27207	53	14	49	14618	0	14734
27208	50	14532	40	172	0	14794
27209	14601	149	22	88	0	14860
27210	185	30	34	14606	0	14855
27211	65	14560	40	174	0	14839
27212	59	154	29	14311	0	14553
27213	54	14352	37	203	0	14646
27214	38	163	14456	60	0	14717
27215	66	40	138	14497	0	14741
27216	55	29	45	14638	0	14767
27217	39	46	14407	186	0	14678
27218	13856	30	159	97	0	14142
27219	155	14374	54	82	0	14665
27220	57	152	30	14484	0	14723
27221	53	40	48	14420	0	14561
27222	64	38	38	14430	0	14570
27223	42	14334	52	197	0	14625
27224	14337	144	30	102	0	14613
27225	174	63	14356	76	0	14669
27226	64	53	14001	66	0	14184
27227	66	38	171	14110	0	14385
27228	57	31	45	14291	0	14424
27229	14138	28	38	235	0	14439
27230	174	14070	64	72	0	14380
27231	80	146	46	14096	0	14368
27232	13953	44	39	199	0	14235
27233	201	35	34	13848	0	14118
27234	13849	22	36	211	0	14118
27235	188	36	13574	79	0	13877
27236	64	13801	164	78	0	14107
27237	13695	145	42	84	0	13966
27238	185	52	13654	56	0	13947
27239	13311	28	176	69	0	13584
27240	188	43	13516	60	0	13807
27241	13402	34	162	67	0	13665
27242	207	24	51	13531	0	13813
27243	13588	36	46	190	0	13860
27244	190	35	40	13526	0	13791
27245	89	23	30	13624	0	13766
27246	13517	26	30	220	0	13793
27247	180	13617	43	108	0	13948
27248	70	159	42	13725	0	13996
27249	13899	42	32	223	0	14196
27250	14283	35	23	85	0	14426
27251	221	32	35	14427	0	14715
27252	80	34	28	14829	0	14971
27253	15098	26	30	248	0	15402
27254	256	28	23	15423	0	15730
27255	90	37	24	15316	0	15467
27256	15006	20	32	262	0	15320
27257	255	19	24	14671	0	14969
27258	64	27	14046	217	0	14354
27259	13650	7	177	99	0	13933
27260	204	26	13905	47	0	14182
27261	56	18	13136	38	0	13248
27262	12407	61	270	47	0	12785
27263	151	12201	80	31	0	12463
27264	82	119	59	11727	0	11987
27265	47	25	19	11768	0	11859
27266	31	15	7	12211	0	12264
27267	26	7	13	12246	0	12292
27268	12165	6	15	192	0	12378
27269	12558	5	14	91	0	12668
27270	12820	8	7	57	0	12892
27271	190	16	13188	29	0	13423
27272	86	8	154	13508	0	13756
27273	58	1	43	13737	0	13839
27274	38	5	28	13526	0	13597
27275	23	13341	28	241	0	13633
27276	25	13694	15	99	0	13833
27277	13767	212	11	77	0	14067
27278	213	80	15	13759	0	14067
27279	99	41	15	14287	0	14442
27280	64	19	14	14468	0	14565
27281	36	24	14185	312	0	14557
27282	29	29	14039	130	0	14227
27283	14086	23	239	88	0	14436
27284	14424	14	91	67	0	14596
27285	281	13	54	14233	0	14581
27286	105	14208	44	220	0	14577
27287	93	190	21	14242	0	14546
27288	61	61	26	14317	0	14465
27289	38	48	14035	281	0	14402
27290	14031	30	200	140	0	14401
27291	245	16	75	14514	0	14850
27292	112	13	42	14373	0	14540
27293	14097	18	37	325	0	14477
27294	243	14346	35	157	0	14781
27295	14511	217	26	112	0	14866
27296	292	86	29	14366	0	14773
27297	122	14180	42	282	0	14626
27298	14361	227	19	127	0	14734
27299	283	75	19	14268	0	14645
27300	14126	50	22	310	0	14508
27301	14105	39	22	140	0	14306
27302	14094	26	19	101	0	14240
27303	344	13728	25	76	0	14173
27304	162	13587	37	69	0	13855
27305	129	270	24	13385	0	13808
27306	80	13533	36	272	0	13921
27307	13608	252	23	153	0	14036
27308	302	96	26	13622	0	14046
27309	13599	55	29	287	0	13970
27310	13857	48	21	134	0	14060
27311	365	43	26	13552	0	13986
27312	183	39	16	13963	0	14201
27313	13892	37	23	369	0	14321
27314	14036	43	16	183	0	14278
27315	14241	39	27	143	0	14450
27316	14370	34	26	108	0	14538
27317	14560	32	18	92	0	14702
27318	427	38	13	14243	0	14721
27319	210	46	15	14420	0	14691
27320	161	32	15	14485	0	14693
27321	14201	39	12	405	0	14657
27322	350	32	21	14115	0	14518
27323	173	13992	30	362	0	14557
27324	167	236	15	14236	0	14654
27325	13991	94	16	366	0	14467
27326	14142	65	22	176	0	14405
27327	381	51	13818	142	0	14392
27328	214	62	234	13662	0	14172
27329	156	13898	87	312	0	14453
27330	14074	248	56	166	0	14544
27331	316	14090	40	137	0	14583
27332	186	274	23	14287	0	14770
27333	14416	91	22	333	0	14862
27334	14572	64	21	165	0	14822
27335	399	14378	27	132	0	14936
27336	220	249	14	14309	0	14792
27337	150	108	14200	320	0	14778
27338	13982	74	229	151	0	14436
27339	339	54	14115	139	0	14647
27340	14036	43	259	126	0	14464
27341	14240	39	86	97	0	14462
27342	391	54	51	14041	0	14537
27343	14224	50	24	308	0	14606
27344	14479	46	32	157	0	14714
27345	14584	45	22	129	0	14780
27346	428	49	24	14253	0	14754
27347	14082	30	28	309	0	14449
27348	378	37	19	13932	0	14366
27349	203	47	25	13963	0	14238
27350	157	13634	36	331	0	14158
27351	149	212	23	13147	0	13531
27352	120	12851	35	253	0	13259
27353	12285	188	12	126	0	12611
27354	11919	57	6	101	0	12083
27355	273	37	8	11674	0	11992
27356	145	36	8	11570	0	11759
27357	11388	18	9	244	0	11659
27358	218	32	11150	107	0	11507
27359	11152	16	137	91	0	11396
27360	246	20	42	10997	0	11305
27361	102	26	10472	174	0	10774
27362	10499	13	134	95	0	10741
27363	10652	18	44	74	0	10788
27364	226	32	10589	57	0	10904
27365	10559	22	133	61	0	10775
27366	188	29	10430	46	0	10693
27367	105	10433	141	36	0	10715
27368	10438	123	133	65	0	10759
27369	10365	54	52	53	0	10524
27370	181	10042	36	39	0	10298
27371	78	9499	27	36	0	9640
27372	9150	91	94	28	0	9363
27373	9131	22	17	31	0	9201
27374	111	24	12	9336	0	9483
27375	40	14	9169	87	0	9310
27376	38	18	8879	22	0	8957
27377	8993	11	83	30	0	9117
27378	92	10	9111	18	0	9231
27379	8788	41	135	29	0	8993
27380	83	10	32	8743	0	8868
27381	46	8	12	8791	0	8857
27382	28	13	8901	77	0	9019
27383	8945	11	58	39	0	9053
27384	81	29	15	8999	0	9124
27385	38	11	10	9216	0	9275
27386	9078	5	8	89	0	9180
27387	9205	7	6	43	0	9261
27388	9243	7	13	33	0	9296
27389	83	9409	11	25	0	9528
27390	32	57	9089	11	0	9189
27391	8948	9	59	26	0	9042
27392	9056	8	19	28	0	9111
27393	63	8907	23	18	0	9011
27394	8721	44	34	15	0	8814
27395	61	15	6	8717	0	8799
27396	18	17	8983	42	0	9060
27397	8910	6	43	41	0	9000
27398	9113	5	19	31	0	9168
27399	9188	5	7	24	0	9224
27400	9184	2	6	29	0	9221
27401	61	4	7	9210	0	9282
27402	26	2	5	9245	0	9278
27403	9220	4	2	67	0	9293
27404	57	1	8	9233	0	9299
27405	25	1	6	9271	0	9303
27406	18	9262	18	55	0	9353
27407	9	42	5	9323	0	9379
27408	17	5	3	9373	0	9398
27409	18	6	2	9473	0	9499
27410	15	4	5	9547	0	9571
27411	11	9468	13	57	0	9549
27412	13	44	2	9350	0	9409
27413	21	8	3	9180	0	9212
27414	12	15	9112	51	0	9190
27415	14	20	8872	15	0	8921
27416	8	9006	50	15	0	9079
27417	10336	41	13	31	0	10421
27418	75	10597	16	18	0	10706
27419	32	71	7	11204	0	11314
27420	14	23	11852	85	0	11974
27421	12576	11	103	38	0	12728
27422	124	9	13	13008	0	13154
27423	13011	7	10	138	0	13166
27424	13159	1	7	47	0	13214
27425	120	13116	26	33	0	13295
27426	13138	102	3	45	0	13288
27427	117	13355	12	25	0	13509
27428	51	132	9	13426	0	13618
27429	33	13475	21	107	0	13636
27430	26	139	13466	24	0	13655
27431	29	13514	119	20	0	13682
27432	44	170	28	13313	0	13555
27433	13354	33	15	155	0	13557
27434	128	13440	32	50	0	13650
27435	70	133	9	13513	0	13725
27436	43	37	7	13733	0	13820
27437	31	42	13665	146	0	13884
27438	62	14	118	13698	0	13892
27439	21	58	13650	157	0	13886
27440	13468	17	150	83	0	13718
27441	169	46	13870	34	0	14119
27442	50	13937	150	54	0	14191
27443	82	152	38	13828	0	14100
27444	50	60	43	13832	0	13985
27445	54	56	24	13860	0	13994
27446	13770	26	23	225	0	14044
27447	194	42	27	13606	0	13869
27448	63	13604	27	163	0	13857
27449	13367	155	19	99	0	13640
27450	161	13131	30	74	0	13396
27451	97	171	26	13148	0	13442
27452	13161	67	17	199	0	13444
27453	144	13012	49	85	0	13290
27454	61	13323	50	65	0	13499
27455	13263	166	44	82	0	13555
27456	13374	81	34	77	0	13566
27457	198	54	13300	61	0	13613
27458	13445	40	150	86	0	13721
27459	178	58	13533	63	0	13832
27460	109	38	156	13603	0	13906
27461	57	39	13563	204	0	13863
27462	64	48	164	13626	0	13902
27463	67	46	13641	184	0	13938
27464	72	49	176	13364	0	13661
27465	58	46	64	13488	0	13656
27466	13237	40	39	233	0	13549
27467	176	71	13039	98	0	13384
27468	12671	59	148	95	0	12973
27469	217	48	12798	74	0	13137
27470	90	57	12764	78	0	12989
27471	85	57	187	12710	0	13039
27472	12704	45	65	180	0	12994
27473	186	12672	75	92	0	13025
27474	12511	157	48	90	0	12806
27475	12504	60	54	66	0	12684
27476	206	12334	59	74	0	12673
27477	12358	168	58	72	0	12656
27478	208	78	12326	67	0	12679
27479	106	53	174	12315	0	12648
27480	12377	32	71	193	0	12673
27481	180	12353	91	98	0	12722
27482	118	155	45	12208	0	12526
27483	101	60	72	12239	0	12472
27484	85	41	79	12309	0	12514
27485	84	38	59	12362	0	12543
27486	12168	35	57	245	0	12505
27487	12222	49	70	118	0	12459
27488	12245	37	51	102	0	12435
27489	12033	32	49	100	0	12214
27490	251	67	11836	74	0	12228
27491	11925	40	170	67	0	12202
27492	12105	38	82	69	0	12294
27493	236	11854	80	82	0	12252
27494	144	12028	53	74	0	12299
27495	115	194	59	11911	0	12279
27496	99	81	47	11804	0	12031
27497	101	80	11569	218	0	11968
27498	91	11663	170	108	0	12032
27499	102	173	58	11457	0	11790
27500	95	11651	68	172	0	11986
27501	120	190	39	11875	0	12224
27502	108	62	44	11968	0	12182
27503	87	12153	56	225	0	12521
27504	95	162	61	12301	0	12619
27505	98	60	12351	227	0	12736
27506	93	50	12381	107	0	12631
27507	12234	48	202	95	0	12579
27508	12495	45	97	92	0	12729
27509	240	12243	64	98	0	12645
27510	12226	154	45	91	0	12516
27511	247	77	54	12165	0	12543
27512	12160	65	41	204	0	12470
27513	234	12103	44	124	0	12505
27514	181	174	11900	74	0	12329
27515	11814	88	232	87	0	12221
27516	227	57	12098	84	0	12466
27517	91	46	10531	44	0	10712
27518	78	55	10350	36	0	10519
27519	59	9795	152	39	0	10045
27520	8729	222	321	94	0	9366
27521	8337	50	56	53	0	8496
27522	105	24	22	8183	0	8334
27523	61	20	21	8132	0	8234
27524	37	8402	16	95	0	8550
27525	8442	64	21	64	0	8591
27526	83	8550	19	34	0	8686
27527	42	8374	28	18	0	8462
27528	8248	74	31	47	0	8400
27529	83	26	27	8217	0	8353
27530	54	22	18	8232	0	8326
27531	41	17	21	8282	0	8361
27532	26	8230	21	81	0	8358
27533	8139	54	12	50	0	8255
27534	68	39	11	8037	0	8155
27535	26	7819	13	68	0	7926
27536	19	7782	10	33	0	7844
27537	28	70	12	7573	0	7683
27538	17	7716	18	46	0	7797
27539	22	50	9	7701	0	7782
27540	7585	21	11	66	0	7683
27541	47	16	7424	21	0	7508
27542	23	7543	40	16	0	7622
27543	28	49	18	7588	0	7683
27544	13	27	7715	34	0	7789
27545	7589	14	46	25	0	7674
27546	61	29	20	7724	0	7834
27547	7728	12	15	61	0	7816
27548	7753	10	5	38	0	7806
27549	46	8041	13	28	0	8128
27550	8145	35	9	20	0	8209
27551	8124	21	6	31	0	8182
27552	8147	15	5	37	0	8204
27553	74	10	3	8086	0	8173
27554	29	13	6	8018	0	8066
27555	28	17	0	8087	0	8132
27556	16	19	7985	60	0	8080
27557	18	7959	37	24	0	8038
27558	7826	32	16	32	0	7906
27559	42	7774	15	15	0	7846
27560	23	41	10	7756	0	7830
27561	14	27	7702	37	0	7780
27562	7414	18	41	30	0	7503
27563	43	7759	16	18	0	7836
27564	25	42	5	7726	0	7798
27565	19	15	3	7746	0	7783
27566	14	16	7690	48	0	7768
27567	17	7698	37	22	0	7774
27568	18	37	16	7744	0	7815
27569	16	16	7	7751	0	7790
27570	16	10	7	7634	0	7667
27571	7500	5	9	64	0	7578
27572	40	18	7452	21	0	7531
27573	16	7441	41	24	0	7522
27574	7377	31	14	25	0	7447
27575	35	7462	12	19	0	7528
27576	24	66	8	7395	0	7493
27577	13	7514	13	48	0	7588
27578	7400	37	12	26	0	7475
27579	7533	18	6	28	0	7585
27580	55	14	6	7780	0	7855
27581	23	9	9	7845	0	7886
27582	23	14	5	8224	0	8266
27583	26	16	8399	88	0	8529
27584	20	8793	82	37	0	8932
27585	29	84	25	9812	0	9950
27586	16	32	10	10019	0	10077
27587	25	13	8	10096	0	10142
27588	18	13	7	10074	0	10112
27589	14	20	9930	178	0	10142
27590	5	10161	130	74	0	10370
27591	25	135	43	10414	0	10617
27592	23	47	13	10900	0	10983
27593	7	31	10728	210	0	10976
27594	17	22	148	10555	0	10742
27595	10	10476	62	163	0	10711
27596	13	10688	29	88	0	10818
27597	25	182	16	10588	0	10811
27598	13	60	10344	177	0	10594
27599	9883	25	152	104	0	10164
27600	132	10206	73	57	0	10468
27601	51	172	10008	42	0	10273
27602	15	70	10007	55	0	10147
27603	16	9828	197	50	0	10091
27604	33	147	9861	34	0	10075
27605	58	154	162	9502	0	9876
27606	9403	37	82	153	0	9675
27607	9546	27	37	69	0	9679
27608	9624	32	31	45	0	9732
27609	9894	22	39	46	0	10001
27610	184	10031	34	44	0	10293
27611	10248	142	22	40	0	10452
27612	175	10350	26	32	0	10583
27613	76	157	10264	21	0	10518
27614	66	81	147	10106	0	10400
27615	38	10358	61	152	0	10609
27616	51	164	26	10129	0	10370
27617	10061	68	34	167	0	10330
27618	156	38	31	9943	0	10168
27619	66	10050	42	168	0	10326
27620	10067	167	20	92	0	10346
27621	160	80	10079	62	0	10381
27622	88	33	153	10080	0	10354
27623	57	40	60	10174	0	10331
27624	9732	37	28	218	0	10015
27625	160	9618	45	108	0	9931
27626	68	170	9496	52	0	9786
27627	50	60	153	9500	0	9763
27628	35	46	9505	184	0	9770
27629	37	9282	156	112	0	9587
27630	32	9465	78	65	0	9640
27631	9336	188	49	73	0	9646
27632	155	87	9339	64	0	9645
27633	9376	50	161	76	0	9663
27634	171	49	83	9224	0	9527
27635	74	9382	52	158	0	9666
27636	9345	177	40	87	0	9649
27637	174	84	9432	48	0	9738
27638	93	40	172	9326	0	9631
27639	69	47	75	9423	0	9614
27640	63	62	34	9312	0	9471
27641	53	9154	53	217	0	9477
27642	8958	167	43	100	0	9268
27643	157	8900	62	82	0	9201
27644	74	9038	43	69	0	9224
27645	63	195	45	8974	0	9277
27646	9045	87	45	187	0	9364
27647	9054	58	37	90	0	9239
27648	9078	55	34	59	0	9226
27649	210	8602	31	57	0	8900
27650	107	152	43	8631	0	8933
27651	74	82	8628	186	0	8970
27652	92	60	154	8588	0	8894
27653	83	51	71	8578	0	8783
27654	58	8600	42	206	0	8906
27655	8615	172	45	110	0	8942
27656	179	81	38	8532	0	8830
27657	88	8574	38	187	0	8887
27658	8568	166	32	106	0	8872
27659	174	101	8511	55	0	8841
27660	8444	61	146	64	0	8715
27661	175	8570	73	64	0	8882
27662	8594	172	49	65	0	8880
27663	8662	77	38	67	0	8844
27664	212	50	8614	58	0	8934
27665	8631	63	156	47	0	8897
27666	205	51	8855	43	0	9154
27667	92	58	8929	47	0	9126
27668	8814	41	190	58	0	9103
27669	8966	52	81	46	0	9145
27670	227	47	8993	36	0	9303
27671	118	44	169	8979	0	9310
27672	85	46	88	8984	0	9203
27673	84	9263	57	172	0	9576
27674	9337	153	56	83	0	9629
27675	9443	77	36	66	0	9622
27676	229	48	9414	47	0	9738
27677	9448	47	164	54	0	9713
27678	9639	47	70	48	0	9804
27679	228	9451	48	56	0	9783
27680	117	142	37	9249	0	9545
27681	99	72	33	9202	0	9406
27682	82	35	37	8787	0	8941
27683	8356	35	32	142	0	8565
27684	115	7913	27	83	0	8138
27685	35	89	20	6850	0	6994
27686	30	6869	16	64	0	6979
27687	39	208	14	6498	0	6759
27688	26	6630	17	59	0	6732
27689	17	6696	21	25	0	6759
27690	6269	77	46	36	0	6428
27691	6326	22	35	39	0	6422
27692	42	11	5	6157	0	6215
27693	21	8	7	6230	0	6266
27694	15	10	9	6238	0	6272
27695	23	7	3	6221	0	6254
27696	21	7	5	6202	0	6235
27697	12	6205	10	40	0	6267
27698	16	29	6	6263	0	6314
27699	12	6	9	6306	0	6333
27700	6265	9	5	47	0	6326
27701	42	14	5	6240	0	6301
27702	23	8	4	6266	0	6301
27703	15	6	6366	38	0	6425
27704	13	10	31	6300	0	6354
27705	16	21	12	6490	0	6539
27706	13	17	6648	43	0	6721
27707	12	6797	39	20	0	6868
27708	17	36	6885	11	0	6949
27709	12	12	6724	13	0	6761
27710	4	6595	42	10	0	6651
27711	6467	39	27	22	0	6555
27712	6416	2	4	13	0	6435
27713	29	3	3	6409	0	6444
27714	6516	3	6	37	0	6562
27715	27	5	6677	4	0	6713
27716	8	3	28	6825	0	6864
27717	6	8	7317	33	0	7364
27718	14	4	27	7402	0	7447
27719	8	7	9	7451	0	7475
27720	6	1	5	7507	0	7519
27721	7483	4	5	50	0	7542
27722	31	5	1	7603	0	7640
27723	7619	1	3	39	0	7662
27724	7672	4	2	28	0	7706
27725	37	7715	10	10	0	7772
27726	7769	29	5	20	0	7823
27727	31	8079	12	26	0	8148
27728	16	27	4	8058	0	8105
27729	10	14	5	8127	0	8156
27730	17	1	4	8185	0	8207
27731	11	12	8126	40	0	8189
27732	10	8147	36	21	0	8214
27733	11	35	6	8009	0	8061
27734	14	10	3	8055	0	8082
27735	10	8149	10	44	0	8213
27736	8172	37	2	29	0	8240
27737	38	8044	12	12	0	8106
27738	7993	36	4	31	0	8064
27739	34	8157	6	22	0	8219
27740	17	40	1	8103	0	8161
27741	7	8251	10	45	0	8313
27742	8374	35	5	41	0	8455
27743	8446	17	9	25	0	8497
27744	8433	4	1	46	0	8484
27745	8395	10	4	27	0	8436
27746	56	16	8482	15	0	8569
27747	8495	21	30	25	0	8571
27748	8660	5	12	30	0	8707
27749	8625	8	7	40	0	8680
27750	46	16	8664	10	0	8736
27751	8605	5	36	34	0	8680
27752	40	8790	18	30	0	8878
27753	8873	36	9	25	0	8943
27754	46	16	9435	9	0	9506
27755	9370	10	39	33	0	9452
27756	9511	5	11	36	0	9563
27757	50	8	9	9511	0	9578
27758	18	17	9472	39	0	9546
27759	9601	7	33	31	0	9672
27760	50	11	11	9871	0	9943
27761	26	12	8	10286	0	10332
27762	13	16	10467	47	0	10543
27763	10127	11	38	36	0	10212
27764	10556	6	15	32	0	10609
27765	55	10677	16	31	0	10779
27766	28	39	11	10776	0	10854
27767	25	19	9	10802	0	10855
27768	22	13	4	10807	0	10846
27769	17	10989	10	65	0	11081
27770	10926	45	11	46	0	11028
27771	60	15	9	10871	0	10955
27772	23	9	4	10913	0	10949
27773	10658	12	4	79	0	10753
27774	10635	6	13	40	0	10694
27775	68	16	2	10819	0	10905
27776	33	10	4	10694	0	10741
27777	14	19	10409	58	0	10500
27778	10147	11	45	47	0	10250
27779	58	10688	23	19	0	10788
27780	36	49	4	11100	0	11189
27781	29	17	9	11351	0	11406
27782	19	11802	24	81	0	11926
27783	33	66	7	12069	0	12175
27784	12799	27	8	115	0	12949
27785	119	16	11	14240	0	14386
27786	63	16	5	14570	0	14654
27787	41	8	3	14868	0	14920
27788	25	31	14686	252	0	14994
27789	31	15	138	14863	0	15047
27790	26	25	14749	223	0	15023
27791	25	14467	172	146	0	14810
27792	36	160	101	14495	0	14792
27793	34	71	49	14739	0	14893
27794	34	36	45	15026	0	15141
27795	29	31	26	15161	0	15247
27796	25	18	25	15264	0	15332
27797	14944	14	28	330	0	15316
27798	145	29	15013	178	0	15365
27799	85	14908	152	130	0	15275
27800	42	15364	76	121	0	15603
27801	58	199	42	15588	0	15887
27802	42	98	43	15804	0	15987
27803	36	59	30	15680	0	15805
27804	25	15536	43	278	0	15882
27805	40	155	20	15647	0	15862
27806	19	110	15396	241	0	15766
27807	11	15257	135	184	0	15587
27808	35	184	80	15306	0	15605
27809	15134	91	52	248	0	15525
27810	151	41	37	15250	0	15479
27811	94	58	24	15187	0	15363
27812	42	14980	35	286	0	15343
27813	42	15493	45	163	0	15743
27814	61	211	26	15529	0	15827
27815	45	108	27	15539	0	15719
27816	29	92	15272	288	0	15681
27817	42	62	138	14993	0	15235
27818	30	56	86	15115	0	15287
27819	34	37	49	15100	0	15220
27820	43	39	47	15184	0	15313
27821	14859	40	32	366	0	15297
27822	15013	31	29	252	0	15325
27823	244	26	39	15172	0	15481
27824	148	30	27	15489	0	15694
27825	15244	29	21	399	0	15693
27826	222	31	28	15673	0	15954
27827	115	55	15632	347	0	16149
27828	71	15659	194	272	0	16196
27829	86	173	100	16020	0	16379
27830	63	96	80	16221	0	16460
27831	16115	67	58	404	0	16644
27832	197	65	47	16390	0	16699
27833	115	57	31	16654	0	16857
27834	16618	36	31	441	0	17126
27835	227	36	22	16818	0	17103
27836	126	16748	44	381	0	17299
27837	100	207	24	17400	0	17731
27838	97	111	31	17908	0	18147
27839	93	79	27	17913	0	18112
27840	67	71	32	17972	0	18142
27841	52	73	17473	432	0	18030
27842	37	91	17325	292	0	17745
27843	43	55	262	17554	0	17914
27844	44	50	126	17426	0	17646
27845	39	17293	107	437	0	17876
27846	46	213	76	17098	0	17433
27847	41	17078	88	388	0	17595
27848	17024	245	79	265	0	17613
27849	202	17531	67	243	0	18043
27850	139	255	29	17842	0	18265
27851	99	147	28	18099	0	18373
27852	66	125	17661	420	0	18272
27853	17249	82	189	329	0	17849
27854	17145	62	108	251	0	17566
27855	272	17073	99	229	0	17673
27856	172	218	77	16980	0	17447
27857	109	127	17530	338	0	18104
27858	82	17670	235	258	0	18245
27859	17448	239	117	239	0	18043
27860	17369	123	63	237	0	17792
27861	314	105	16694	172	0	17285
27862	16626	68	196	188	0	17078
27863	321	72	104	16712	0	17209
27864	181	16533	93	310	0	17117
27865	16428	218	65	237	0	16948
27866	302	116	53	16282	0	16753
27867	16339	81	58	321	0	16799
27868	16804	78	48	241	0	17171
27869	351	71	44	16631	0	17097
27870	179	86	16718	350	0	17333
27871	16903	53	201	258	0	17415
27872	17264	54	103	216	0	17637
27873	17411	43	74	192	0	17720
27874	350	17436	74	166	0	18026
27875	223	198	51	17436	0	17908
27876	185	111	38	17841	0	18175
27877	107	95	17708	383	0	18293
27878	122	96	204	17498	0	17920
27879	83	17247	117	363	0	17810
27880	16801	209	69	249	0	17328
27881	211	16630	64	195	0	17100
27882	121	223	16387	141	0	16872
27883	88	16460	211	148	0	16907
27884	81	15936	137	98	0	16252
27885	146	135	161	13948	0	14390
27886	13955	44	59	144	0	14202
27887	13998	24	14	73	0	14109
27888	13943	13	14	51	0	14021
27889	125	14165	23	62	0	14375
27890	43	119	14112	29	0	14303
27891	14181	32	94	51	0	14358
27892	14457	15	31	56	0	14559
27893	127	14394	27	26	0	14574
27894	14781	99	15	56	0	14951
27895	155	42	11	14870	0	15078
27896	56	38	15673	116	0	15883
27897	15711	16	123	85	0	15935
27898	15928	13	36	73	0	16050
27899	16236	20	28	63	0	16347
27900	188	19	8	16109	0	16324
27901	78	16	14	16655	0	16763
27902	66	20	13	17123	0	17222
27903	42	17279	25	186	0	17532
27904	53	150	11	17890	0	18104
27905	33	47	20	18695	0	18795
27906	35	56	18645	233	0	18969
27907	55	28	179	18639	0	18901
27908	39	28	40	18987	0	19094
27909	47	23	43	19010	0	19123
27910	50	17	30	18974	0	19071
27911	28	18790	35	291	0	19144
27912	44	199	23	18788	0	19054
27913	51	50	19	18709	0	18829
27914	18378	42	22	286	0	18728
27915	217	47	18311	117	0	18692
27916	75	49	18036	101	0	18261
27917	17957	26	224	98	0	18305
27918	18338	23	78	102	0	18541
27919	252	18	60	17685	0	18015
27920	100	18116	49	199	0	18464
27921	18185	188	30	104	0	18507
27922	244	65	26	17968	0	18303
27923	80	18209	41	230	0	18560
27924	18051	173	27	109	0	18360
27925	213	18067	40	88	0	18408
27926	17789	199	30	102	0	18120
27927	17439	65	18	97	0	17619
27928	239	17108	32	61	0	17440
27929	108	181	19	16995	0	17303
27930	82	84	16914	194	0	17274
27931	80	72	158	16727	0	17037
27932	16685	40	40	262	0	17027
27933	188	57	16461	96	0	16802
27934	63	16263	187	90	0	16603
27935	108	198	55	16101	0	16462
27936	53	78	15963	203	0	16297
27937	38	15796	181	91	0	16106
27938	15531	190	71	126	0	15918
27939	189	57	52	15810	0	16108
27940	76	53	47	15954	0	16130
27941	93	39	35	15807	0	15974
27942	50	15749	37	240	0	16076
27943	15745	169	21	145	0	16080
27944	179	15622	54	113	0	15968
27945	57	15914	37	93	0	16101
27946	15839	193	23	114	0	16169
27947	15919	80	30	91	0	16120
27948	216	92	15635	54	0	15997
27949	15368	55	160	74	0	15657
27950	15287	46	52	70	0	15455
27951	281	42	35	15048	0	15406
27952	115	55	14974	182	0	15326
27953	98	60	166	15044	0	15368
27954	15224	27	49	243	0	15543
27955	218	48	15427	91	0	15784
27956	136	35	189	16292	0	16652
27957	119	38	60	17638	0	17855
27958	111	31	57	18498	0	18697
27959	18645	36	45	431	0	19157
27960	340	18841	62	160	0	19403
27961	18809	320	26	152	0	19307
27962	383	94	18968	98	0	19543
27963	140	72	317	18662	0	19191
27964	95	19078	82	350	0	19605
27965	19173	328	74	148	0	19723
27966	394	80	67	19149	0	19690
27967	121	109	18955	375	0	19560
27968	143	62	315	18653	0	19173
27969	18389	56	82	424	0	18951
27970	346	18142	87	180	0	18755
27971	143	345	53	17299	0	17840
27972	100	17950	69	353	0	18472
27973	17878	345	56	141	0	18420
27974	17693	120	27	161	0	18001
27975	405	17390	50	110	0	17955
27976	17290	339	41	110	0	17780
27977	439	103	38	16780	0	17360
27978	146	17063	50	333	0	17592
27979	17046	340	33	114	0	17533
27980	17342	101	32	128	0	17603
27981	411	16704	62	95	0	17272
27982	163	16761	47	117	0	17088
27983	16550	355	35	91	0	17031
27984	448	160	33	16350	0	16991
27985	16522	105	35	347	0	17009
27986	436	97	34	16395	0	16962
27987	160	88	16238	372	0	16858
27988	178	63	278	16405	0	16924
27989	16080	69	69	402	0	16620
27990	376	64	16100	140	0	16680
27991	192	54	310	16039	0	16595
27992	150	63	81	16390	0	16684
27993	121	69	16061	400	0	16651
27994	15508	52	300	158	0	16018
27995	384	55	84	15602	0	16125
27996	120	60	14658	351	0	15189
27997	14184	55	315	132	0	14686
27998	342	14468	96	152	0	15058
27999	133	14383	79	117	0	14712
28000	101	14497	87	124	0	14809
28001	92	305	13843	96	0	14336
28002	126	257	276	13225	0	13884
28003	83	97	13196	291	0	13667
28004	99	320	268	12088	0	12775
28005	52	11885	87	283	0	12307
28006	55	11836	60	100	0	12051
28007	116	259	54	11533	0	11962
28008	11556	76	48	292	0	11972
28009	247	55	41	11691	0	12034
28010	96	59	30	11735	0	11920
28011	71	11662	40	268	0	12041
28012	11619	215	32	127	0	11993
28013	248	11671	36	95	0	12050
28014	119	242	37	11751	0	12149
28015	104	87	38	11788	0	12017
28016	79	11676	39	292	0	12086
28017	88	230	46	11751	0	12115
28018	11726	79	27	315	0	12147
28019	306	100	25	11722	0	12153
28020	165	94	31	11781	0	12071
28021	109	11658	69	282	0	12118
28022	142	225	63	11744	0	12174
28023	11340	98	36	322	0	11796
28024	11618	111	32	132	0	11893
28025	11685	102	33	139	0	11959
28026	337	65	50	11556	0	12008
28027	139	81	11381	287	0	11888
28028	144	78	11415	140	0	11777
28029	131	90	225	11470	0	11916
28030	11492	97	67	280	0	11936
28031	300	90	41	11541	0	11972
28032	11694	88	49	287	0	12118
28033	355	72	39	11697	0	12163
28034	199	67	37	11885	0	12188
28035	11832	92	31	295	0	12250
28036	307	81	11532	141	0	12061
28037	11512	87	212	131	0	11942
28038	302	73	11485	118	0	11978
28039	199	47	210	11098	0	11554
28040	11245	59	69	266	0	11639
28041	267	74	11320	115	0	11776
28042	131	79	11379	92	0	11681
28043	11272	43	233	124	0	11672
28044	297	52	11283	110	0	11742
28045	120	11207	230	140	0	11697
28046	117	204	102	11606	0	12029
28047	12078	62	99	314	0	12553
28048	266	52	12306	134	0	12758
28049	12353	35	245	131	0	12764
28050	12575	34	122	135	0	12866
28051	12614	37	78	131	0	12860
28052	12609	48	90	112	0	12859
28053	312	112	84	12191	0	12699
28054	144	12275	64	259	0	12742
28055	12071	187	94	128	0	12480
28056	201	64	11042	82	0	11389
28057	57	9276	97	39	0	9469
28058	8386	62	111	44	0	8603
28059	49	7967	27	13	0	8056
28060	18	8250	15	17	0	8300
28061	215	53	112	8080	0	8460
28062	20	11	19	8191	0	8241
28063	10	5	3	8260	0	8278
28064	8412	4	3	64	0	8483
28065	8811	5	3	32	0	8851
28066	69	4	5	9166	0	9244
28067	29	3	4	9704	0	9740
28068	17	14	10096	77	0	10204
28069	10171	4	67	43	0	10285
28070	10492	6	23	31	0	10552
28071	99	17	12	10553	0	10681
28072	37	4	6	10637	0	10684
28073	18	14	10583	99	0	10714
28074	21	4	84	10671	0	10780
28075	15	14	10909	96	0	11034
28076	14	10985	96	41	0	11136
28077	15	82	11094	25	0	11216
28078	30	32	85	10983	0	11130
28079	10	19	11288	84	0	11401
28080	11	12	11075	33	0	11131
28081	11224	10	124	35	0	11393
28082	96	24	36	11625	0	11781
28083	26	10	11677	82	0	11795
28084	11244	5	93	46	0	11388
28085	89	16	11784	22	0	11911
28086	25	16	12650	18	0	12709
28087	16	12897	119	41	0	13073
28088	32	78	52	12921	0	13083
28089	13	32	12928	90	0	13063
28090	14	20	12722	38	0	12794
28091	20	17	108	12941	0	13086
28092	22	10	48	12967	0	13047
28093	14	13106	41	132	0	13293
28094	24	83	24	13258	0	13389
28095	13458	24	25	124	0	13631
28096	13535	16	14	67	0	13632
28097	13846	7	20	52	0	13925
28098	117	6	27	13651	0	13801
28099	46	13920	23	98	0	14087
28100	14001	81	17	64	0	14163
28101	89	14035	33	36	0	14193
28102	35	13940	22	29	0	14026
28103	25	14018	33	30	0	14106
28104	14179	96	25	59	0	14359
28105	104	43	21	14190	0	14358
28106	47	29	20	14234	0	14330
28107	25	14279	31	105	0	14440
28108	14176	92	18	76	0	14362
28109	91	42	14137	27	0	14297
28110	42	26	92	14296	0	14456
28111	14258	18	33	124	0	14433
28112	92	14799	46	52	0	14989
28113	15396	87	27	75	0	15585
28114	115	37	30	15801	0	15983
28115	38	16112	42	109	0	16301
28116	31	115	15957	35	0	16138
28117	16049	40	101	59	0	16249
28118	111	23	36	16389	0	16559
28119	16605	20	32	128	0	16785
28120	121	30	19	16594	0	16764
28121	39	16571	34	132	0	16776
28122	33	101	16951	40	0	17125
28123	33	60	16889	36	0	17018
28124	43	55	109	17343	0	17550
28125	17388	26	59	142	0	17615
28126	17465	19	26	68	0	17578
28127	130	22	21	17448	0	17621
28128	80	14	20	17505	0	17619
28129	17780	16	15	147	0	17958
28130	120	24	18	17893	0	18055
28131	18065	21	19	144	0	18249
28132	106	18011	32	73	0	18222
28133	17999	87	17	72	0	18175
28134	137	47	18224	32	0	18440
28135	67	24	96	18319	0	18506
28136	56	26	43	18550	0	18675
28137	57	21	25	18636	0	18739
28138	37	18376	44	132	0	18589
28139	37	17921	46	74	0	18078
28140	60	103	23	18504	0	18690
28141	26	61	18639	115	0	18841
28142	38	35	104	18801	0	18978
28143	45	20	57	19035	0	19157
28144	45	27	24	19135	0	19231
28145	18835	25	38	175	0	19073
28146	105	18525	45	70	0	18745
28147	40	18546	42	70	0	18698
28148	51	116	30	18585	0	18782
28149	60	44	36	18610	0	18750
28150	48	32	31	18589	0	18700
28151	45	27	26	18709	0	18807
28152	18476	22	27	189	0	18714
28153	97	18535	51	81	0	18764
28154	18561	90	25	100	0	18776
28155	18819	38	33	90	0	18980
28156	128	28	25	18876	0	19057
28157	77	17	18	18981	0	19093
28158	18899	16	20	171	0	19106
28159	18925	29	18	111	0	19083
28160	150	19	18	18780	0	18967
28161	78	32	12	18756	0	18878
28162	57	49	18818	102	0	19026
28163	41	18582	91	81	0	18795
28164	35	18999	43	62	0	19139
28165	18600	70	28	75	0	18773
28166	81	40	19002	40	0	19163
28167	45	47	18038	35	0	18165
28168	17601	35	121	43	0	17800
28169	17982	13	55	61	0	18111
28170	56	19281	27	14	0	19378
28171	19	19835	21	17	0	19892
28172	56	55	8	19992	0	20111
28173	20560	15	9	119	0	20703
28174	20711	14	8	72	0	20805
28175	20908	6	9	65	0	20988
28176	79	11	7	21120	0	21217
28177	45	12	7	21215	0	21279
28178	27	25	21143	76	0	21271
28179	25	44	20322	33	0	20424
28180	31	38	21414	18	0	21501
28181	37	105	89	21762	0	21993
28182	21528	2	35	146	0	21711
28183	100	23	21984	26	0	22133
28184	46	7	80	22161	0	22294
28185	16	22368	51	95	0	22530
28186	31	81	16	22232	0	22360
28187	30	29	13	22408	0	22480
28188	16	36	22980	112	0	23144
28189	35	6	105	23002	0	23148
28190	24011	6	39	182	0	24238
28191	146	34	24542	42	0	24764
28192	74	10	143	24673	0	24900
28193	28	29	25108	151	0	25316
28194	15	25351	188	60	0	25614
28195	27	179	25604	35	0	25845
28196	50	44	180	25481	0	25755
28197	34	27	69	25968	0	26098
28198	20	68	26855	201	0	27144
28199	41	19	200	26689	0	26949
28200	53	25	68	27016	0	27162
28201	16	26783	83	270	0	27152
28202	32	210	27029	120	0	27391
28203	61	53	217	27199	0	27530
28204	51	42	90	27240	0	27423
28205	18	27164	98	293	0	27573
28206	46	187	57	27572	0	27862
28207	27652	69	59	320	0	28100
28208	217	45	64	27769	0	28095
28209	59	71	28023	305	0	28458
28210	27862	37	232	205	0	28336
28211	29828	41	96	181	0	30146
28212	332	56	29682	109	0	30179
28213	28842	28	315	166	0	29351
28214	332	29603	134	119	0	30188
28215	174	284	99	29869	0	30426
28216	150	97	64	31798	0	32109
28217	127	75	69	32217	0	32488
28218	108	62	62	32457	0	32689
28219	115	49	53	32467	0	32684
28220	32016	38	61	626	0	32741
28221	393	57	31679	289	0	32418
28222	30874	20	397	291	0	31582
28223	455	45	31252	179	0	31931
28224	235	39	431	31135	0	31840
28225	31299	36	181	507	0	32023
28226	489	54	143	31202	0	31888
28227	192	31437	130	482	0	32241
28228	32107	356	102	298	0	32863
28229	502	122	87	32912	0	33623
28230	199	126	32318	521	0	33164
28231	31739	41	393	319	0	32492
28232	469	33175	184	244	0	34072
28233	244	417	33732	179	0	34572
28234	243	131	460	33504	0	34338
28235	214	100	208	33499	0	34021
28236	166	33314	183	563	0	34226
28237	122	446	33537	286	0	34391
28238	184	159	439	33654	0	34436
28239	101	165	34094	600	0	34960
28240	145	106	481	34141	0	34873
28241	169	84	208	34081	0	34542
28242	119	117	33808	673	0	34717
28243	165	74	510	33857	0	34606
28244	211	76	268	32067	0	32622
28245	195	59	229	35208	0	35691
28246	167	67	195	35357	0	35786
28247	34427	66	176	833	0	35502
28248	491	116	34069	456	0	35132
28249	34994	69	515	455	0	36033
28250	645	65	251	36046	0	37007
28251	296	70	205	36744	0	37315
28252	275	88	177	36441	0	36981
28253	183	35875	217	906	0	37181
28254	36338	479	136	530	0	37483
28255	587	176	179	37631	0	38573
28256	232	37466	180	756	0	38634
28257	244	485	132	38003	0	38864
28258	38068	192	161	840	0	39261
28259	38298	144	141	532	0	39115
28260	38249	102	146	475	0	38972
28261	676	38036	174	370	0	39256
28262	327	505	37949	349	0	39130
28263	37749	197	508	393	0	38847
28264	38420	145	252	382	0	39199
28265	680	38336	207	372	0	39595
28266	37843	512	140	385	0	38880
28267	37805	202	152	350	0	38509
28268	38190	145	120	363	0	38818
28269	803	38657	154	331	0	39945
28270	497	507	127	38167	0	39298
28271	38463	205	117	706	0	39491
28272	39360	165	117	390	0	40032
28273	38826	135	118	372	0	39451
28274	38997	140	90	322	0	39549
28275	870	160	94	38331	0	39455
28276	490	149	38052	644	0	39335
28277	475	123	466	38047	0	39111
28278	374	38436	212	684	0	39706
28279	399	491	145	39219	0	40254
28280	327	231	39074	725	0	40357
28281	39153	170	500	397	0	40220
28282	740	140	216	39650	0	40746
28283	39335	163	176	681	0	40355
28284	40190	109	141	441	0	40881
28285	899	120	130	40039	0	41188
28286	509	157	39978	663	0	41307
28287	478	157	38502	346	0	39483
28288	37901	116	581	360	0	38958
28289	724	38369	301	257	0	39651
28290	381	37590	226	225	0	38422
28291	337	37703	173	248	0	38461
28292	315	38475	197	236	0	39223
28293	37329	578	320	310	0	38537
28294	37504	265	157	226	0	38152
28295	37172	189	96	253	0	37710
28296	37268	162	86	217	0	37733
28297	760	149	88	36376	0	37373
28298	402	35429	108	498	0	36437
28299	35547	384	86	292	0	36309
28300	583	184	35223	202	0	36192
28301	355	35268	397	198	0	36218
28302	317	417	35229	198	0	36161
28303	34811	200	438	223	0	35672
28304	35455	159	182	242	0	36038
28305	35626	142	166	211	0	36145
28306	696	150	125	35291	0	36262
28307	395	131	35193	439	0	36158
28308	361	35018	389	224	0	35992
28309	34408	354	193	240	0	35195
28310	539	33908	168	244	0	34859
28311	267	32546	103	196	0	33112
28312	246	32415	109	188	0	32958
28313	229	32413	102	156	0	32900
28314	201	360	31272	101	0	31934
28315	197	31399	327	139	0	32062
28316	29463	263	195	157	0	30078
28317	303	108	60	29496	0	29967
28318	189	95	49	29675	0	30008
28319	29556	57	59	279	0	29951
28320	261	29397	80	156	0	29894
28321	155	248	29990	77	0	30470
28322	178	119	188	29976	0	30461
28323	189	81	69	30275	0	30614
28324	179	90	71	30445	0	30785
28325	122	141	30127	243	0	30633
28326	127	137	29839	108	0	30211
28327	181	87	217	30160	0	30645
28328	138	99	30046	182	0	30465
28329	150	125	28568	81	0	28924
28330	27442	92	213	146	0	27893
28331	219	29193	109	105	0	29626
28332	137	28505	102	77	0	28821
28333	159	29279	71	97	0	29606
28334	161	283	69	28619	0	29132
28335	103	30026	100	186	0	30415
28336	30465	201	69	162	0	30897
28337	233	128	30708	91	0	31160
28338	31207	80	224	134	0	31645
28339	300	66	120	31531	0	32017
28340	186	75	87	31906	0	32254
28341	103	32763	93	313	0	33272
28342	32743	252	90	208	0	33293
28343	32978	116	131	154	0	33379
28344	392	34568	80	105	0	35145
28345	225	376	55	33875	0	34531
28346	137	161	34320	302	0	34920
28347	1656	132	32873	141	0	34802
28348	89	35082	418	125	0	35714
28349	34997	436	214	231	0	35878
28350	405	175	35102	45	0	35727
28351	211	91	389	34894	0	35585
28352	35322	61	159	437	0	35979
28353	36038	59	98	209	0	36404
28354	514	41110	110	101	0	41835
28355	212	42685	105	73	0	43075
28356	42722	668	66	138	0	43594
28357	593	293	42660	49	0	43595
28358	42524	143	568	117	0	43352
28359	43149	99	198	138	0	43584
28360	847	108	124	42654	0	43733
28361	340	124	43122	545	0	44131
28362	215	131	42764	185	0	43295
28363	41855	80	755	171	0	42861
28364	670	115	42872	80	0	43737
28365	41590	97	673	124	0	42484
28366	42547	93	262	113	0	43015
28367	797	42073	212	85	0	43167
28368	1775	624	40557	53	0	43009
28369	250	41222	651	80	0	42203
28370	40658	617	290	114	0	41679
28371	715	276	40211	63	0	41265
28372	445	214	625	39001	0	40285
28373	242	157	39639	548	0	40586
28374	360	126	39645	182	0	40313
28375	233	126	39708	108	0	40175
28376	230	126	39398	81	0	39835
28377	205	38483	908	122	0	39718
28378	212	625	38344	90	0	39271
28379	184	37740	798	89	0	38811
28380	196	658	37467	60	0	38381
28381	36771	247	795	107	0	37920
28382	750	194	366	35454	0	36764
28383	330	36926	318	517	0	38091
28384	36455	599	276	260	0	37590
28385	36503	274	275	187	0	37239
28386	35797	211	258	128	0	36394
28387	36253	148	286	126	0	36813
28388	853	35809	294	150	0	37106
28389	35799	626	253	150	0	36828
28390	36148	282	274	135	0	36839
28391	837	34819	299	140	0	36095
28392	447	706	34599	67	0	35819
28393	425	323	709	33719	0	35176
28394	300	34725	409	539	0	35973
28395	285	713	34935	213	0	36146
28396	346	357	35105	153	0	35961
28397	315	34643	913	87	0	35958
28398	321	34801	472	103	0	35697
28399	322	35660	358	114	0	36454
28400	314	35882	284	110	0	36590
28401	35393	911	279	124	0	36707
28402	35865	474	266	136	0	36741
28403	1021	375	35860	93	0	37349
28404	546	298	36352	100	0	37296
28405	495	266	970	35422	0	37153
28406	449	252	477	36099	0	37277
28407	424	271	385	36142	0	37222
28408	35770	237	375	867	0	37249
28409	842	35657	401	388	0	37288
28410	467	36641	322	228	0	37658
28411	391	37209	337	191	0	38128
28412	36258	1101	337	192	0	37888
28413	36823	534	323	174	0	37854
28414	1224	389	332	35951	0	37896
28415	36784	321	398	763	0	38266
28416	37208	325	397	325	0	38255
28417	1213	354	336	36626	0	38529
28418	36971	303	338	846	0	38458
28419	1098	36383	451	368	0	38300
28420	734	785	423	36439	0	38381
28421	574	457	36020	747	0	37798
28422	455	35943	969	348	0	37715
28423	484	956	36172	294	0	37906
28424	559	522	992	34608	0	36681
28425	484	36385	580	702	0	38151
28426	554	885	460	36070	0	37969
28427	561	510	392	36359	0	37822
28428	533	398	35893	953	0	37777
28429	488	345	37037	458	0	38328
28430	486	317	1133	36214	0	38150
28431	470	344	654	35224	0	36692
28432	399	36137	563	944	0	38043
28433	35070	937	481	493	0	36981
28434	965	35111	510	358	0	36944
28435	471	35077	408	332	0	36288
28436	389	1112	33688	290	0	35479
28437	273	33343	947	275	0	34838
28438	378	1047	545	31102	0	33072
28439	321	32470	432	745	0	33968
28440	366	986	344	31082	0	32778
28441	273	31279	363	790	0	32705
28442	30966	897	309	377	0	32549
28443	857	30986	310	311	0	32464
28444	478	828	237	27829	0	29372
28445	355	28932	229	618	0	30134
28446	28496	841	239	290	0	29866
28447	28457	437	177	262	0	29333
28448	864	27809	204	205	0	29082
28449	26413	735	182	160	0	27490
28450	832	730	206	25211	0	26979
28451	332	347	25454	601	0	26734
28452	325	335	25585	256	0	26501
28453	281	25140	712	258	0	26391
28454	18381	391	348	135	0	19255
28455	18025	141	131	115	0	18412
28456	337	126	17662	92	0	18217
28457	135	122	17468	90	0	17815
28458	17017	87	330	96	0	17530
28459	17388	90	128	91	0	17697
28460	327	113	17014	82	0	17536
28461	16192	92	279	100	0	16663
28462	297	16381	111	93	0	16882
28463	128	16907	86	71	0	17192
28464	129	339	107	16539	0	17114
28465	103	164	76	16723	0	17066
28466	16565	132	79	315	0	17091
28467	16519	128	67	152	0	16866
28468	16562	96	57	138	0	16853
28469	342	118	50	16361	0	16871
28470	167	119	49	16401	0	16736
28471	140	15813	72	314	0	16339
28472	112	16070	74	130	0	16386
28473	100	16420	72	110	0	16702
28474	130	351	56	15796	0	16333
28475	101	16138	53	291	0	16583
28476	122	331	15764	104	0	16321
28477	15114	163	235	88	0	15600
28478	291	160	15737	78	0	16266
28479	138	110	15686	78	0	16012
28480	15384	131	293	68	0	15876
28481	305	15600	128	85	0	16118
28482	15633	283	82	99	0	16097
28483	15763	143	70	87	0	16063
28484	362	115	15684	74	0	16235
28485	184	99	15699	80	0	16062
28486	157	15780	316	70	0	16323
28487	123	291	15854	81	0	16349
28488	148	135	301	15839	0	16423
28489	148	119	132	15000	0	15399
28490	122	15654	124	286	0	16186
28491	118	15986	111	131	0	16346
28492	15774	360	81	96	0	16311
28493	16282	188	78	92	0	16640
28494	362	130	90	16154	0	16736
28495	168	124	110	16367	0	16769
28496	16184	104	87	316	0	16691
28497	16239	110	80	160	0	16589
28498	349	16383	69	110	0	16911
28499	15635	261	60	88	0	16044
28500	291	15186	67	65	0	15609
28501	147	15590	59	64	0	15860
28502	15524	267	52	91	0	15934
28503	15419	130	53	76	0	15678
28504	325	103	34	15259	0	15721
28505	15110	74	37	218	0	15439
28506	285	93	15060	66	0	15504
28507	144	15187	177	73	0	15581
28508	15005	203	77	104	0	15389
28509	230	79	15204	82	0	15595
28510	116	179	179	14264	0	14738
28511	91	14372	99	138	0	14700
28512	100	14689	66	51	0	14906
28513	14686	177	81	71	0	15015
28514	204	85	14528	38	0	14855
28515	13991	39	169	39	0	14238
28516	214	39	87	14221	0	14561
28517	118	35	14171	121	0	14445
28518	14101	45	158	71	0	14375
28519	180	14836	82	46	0	15144
28520	89	15292	55	33	0	15469
28521	15378	173	83	55	0	15689
28522	15360	80	40	76	0	15556
28523	15540	45	22	97	0	15704
28524	213	36	17	15498	0	15764
28525	137	45	32	15428	0	15642
28526	102	29	15285	126	0	15542
28527	71	38	14944	70	0	15123
28528	50	15295	110	73	0	15528
28529	66	136	61	14231	0	14494
28530	14091	22	38	98	0	14249
28531	73	14160	15	42	0	14290
28532	44	72	9	14263	0	14388
28533	14264	27	17	90	0	14398
28534	73	14424	14	40	0	14551
28535	34	15043	18	26	0	15121
28536	37	82	14702	13	0	14834
28537	14586	29	66	36	0	14717
28538	14917	19	27	60	0	15023
28539	77	13	14820	20	0	14930
28540	14487	13	53	36	0	14589
28541	81	20	15043	7	0	15151
28542	28	14900	63	12	0	15003
28543	57	63	51	14795	0	14966
28544	14750	30	26	56	0	14862
28545	45	14617	13	27	0	14702
28546	29	14662	13	24	0	14728
28547	14426	49	11	39	0	14525
28548	51	47	15031	6	0	15135
28549	14785	26	41	42	0	14894
28550	44	15489	31	24	0	15588
28551	30	48	15132	4	0	15214
28552	15111	22	49	30	0	15212
28553	15511	16	20	31	0	15578
28554	70	11	11	15623	0	15715
28555	39	9	5	15827	0	15880
28556	20	15914	14	50	0	15998
28557	11	66	15998	36	0	16111
28558	28	16	48	16485	0	16577
28559	14	19	16990	67	0	17090
28560	12	20	17074	26	0	17132
28561	15	8	84	18069	0	18176
28562	15	15	18468	81	0	18579
28563	25	21	18373	28	0	18447
28564	27	14	123	18498	0	18662
28565	17	17	18695	89	0	18818
28566	17892	12	114	60	0	18078
28567	86	18558	70	33	0	18747
28568	35	104	19074	21	0	19234
28569	29	50	19762	17	0	19858
28570	32	31	117	19866	0	20046
28571	20402	12	53	132	0	20599
28572	20496	11	33	91	0	20631
28573	20452	3	25	61	0	20541
28574	20595	4	26	53	0	20678
28575	153	9	13	20526	0	20701
28576	68	28	20871	89	0	21056
28577	21089	8	120	81	0	21298
28578	21513	8	35	67	0	21623
28579	21527	3	32	55	0	21617
28580	153	22	21267	19	0	21461
28581	20816	15	112	46	0	20989
28582	161	10	45	22246	0	22462
28583	51	22545	58	125	0	22779
28584	52	129	29	22313	0	22523
28585	31	22637	36	125	0	22829
28586	22688	127	27	103	0	22945
28587	145	58	23020	41	0	23264
28588	75	31	145	22789	0	23040
28589	34	23030	78	139	0	23281
28590	29	23499	62	42	0	23632
28591	23450	169	38	69	0	23726
28592	23390	62	31	64	0	23547
28593	186	67	22866	26	0	23145
28594	23030	21	167	49	0	23267
28595	226	24	47	23175	0	23472
28596	76	37	23746	163	0	24022
28597	76	49	23627	44	0	23796
28598	80	17	191	24159	0	24447
28599	24876	23	74	232	0	25205
28600	229	21	64	24794	0	25108
28601	110	13	66	24816	0	25005
28602	99	20	40	24728	0	24887
28603	64	24764	40	319	0	25187
28604	79	182	42	25009	0	25312
28605	24786	56	41	281	0	25164
28606	220	24679	52	118	0	25069
28607	104	210	37	24911	0	25262
28608	24794	66	42	287	0	25189
28609	234	24367	45	123	0	24769
28610	106	24716	64	76	0	24962
28611	106	261	41	24805	0	25213
28612	24424	94	37	291	0	24846
28613	263	86	24242	103	0	24694
28614	107	74	24101	93	0	24375
28615	24644	50	286	111	0	25091
28616	25620	44	111	109	0	25884
28617	356	25889	109	46	0	26400
28618	209	257	61	25310	0	25837
28619	114	111	25278	273	0	25776
28620	84	109	24902	124	0	25219
28621	83	70	25905	106	0	26164
28622	82	25700	431	86	0	26299
28623	68	25953	196	86	0	26303
28624	25785	346	120	105	0	26356
28625	338	160	25826	81	0	26405
28626	25435	95	333	117	0	25980
28627	25907	72	157	123	0	26259
28628	410	76	26075	83	0	26644
28629	227	26613	350	80	0	27270
28630	204	327	151	26720	0	27402
28631	134	154	27148	339	0	27775
28632	124	131	26685	158	0	27098
28633	26282	89	455	148	0	26974
28634	372	26783	216	93	0	27464
28635	199	360	139	26152	0	26850
28636	178	151	106	26496	0	26931
28637	113	26479	113	428	0	27133
28638	126	26883	125	187	0	27321
28639	103	27309	131	146	0	27689
28640	156	457	86	27473	0	28172
28641	28057	187	72	450	0	28766
28642	462	141	82	28314	0	28999
28643	178	139	28290	471	0	29078
28644	144	133	28336	196	0	28809
28645	147	87	521	28575	0	29330
28646	102	103	28762	462	0	29429
28647	111	28771	497	204	0	29583
28648	147	446	199	29359	0	30151
28649	29953	179	174	526	0	30832
28650	30122	129	102	274	0	30627
28651	594	30129	139	203	0	31065
28652	30364	510	113	152	0	31139
28653	30691	214	105	167	0	31177
28654	30675	153	88	149	0	31065
28655	700	133	29563	114	0	30510
28656	29417	116	477	140	0	30150
28657	598	29416	217	162	0	30393
28658	272	447	29266	92	0	30077
28659	209	193	29265	104	0	29771
28660	149	28937	618	111	0	29815
28661	28227	530	318	133	0	29208
28662	570	228	175	27637	0	28610
28663	236	27469	153	453	0	28311
28664	27679	480	124	217	0	28500
28665	590	216	97	27738	0	28641
28666	28111	160	88	531	0	28890
28667	642	107	107	28064	0	28920
28668	282	172	27579	537	0	28570
28669	232	131	27203	219	0	27785
28670	189	129	27431	175	0	27924
28671	235	128	630	26787	0	27780
28672	205	126	283	27486	0	28100
28673	166	141	27220	626	0	28153
28674	186	26965	567	300	0	28018
28675	27237	493	262	229	0	28221
28676	27173	218	223	186	0	27800
28677	704	26958	175	172	0	28009
28678	409	593	178	27020	0	28200
28679	285	242	27462	533	0	28522
28680	26653	189	578	263	0	27683
28681	663	152	27464	207	0	28486
28682	318	153	26611	147	0	27229
28683	256	153	26456	117	0	26982
28684	25538	121	782	138	0	26579
28685	616	129	25961	117	0	26823
28686	321	24994	641	137	0	26093
28687	256	25614	356	149	0	26375
28688	249	569	283	24867	0	25968
28689	258	259	200	25208	0	25925
28690	196	185	24990	577	0	25948
28691	24365	147	553	303	0	25368
28692	25288	148	303	206	0	25945
28693	688	119	257	24918	0	25982
28694	24878	112	232	536	0	25758
28695	599	24617	234	262	0	25712
28696	24288	474	207	208	0	25177
28697	608	23773	193	182	0	24756
28698	266	23866	217	174	0	24523
28699	23159	522	200	209	0	24090
28700	23390	249	184	167	0	23990
28701	23704	191	178	152	0	24225
28702	23913	151	186	145	0	24395
28703	671	158	22820	149	0	23798
28704	22750	116	505	165	0	23536
28705	663	120	244	22371	0	23398
28706	307	22535	216	436	0	23494
28707	22642	423	182	204	0	23451
28708	565	22500	199	171	0	23435
28709	22632	471	146	128	0	23377
28710	617	197	164	22432	0	23410
28711	356	196	159	22719	0	23430
28712	292	154	22410	498	0	23354
28713	263	149	22323	254	0	22989
28714	248	22210	558	178	0	23194
28715	21622	415	265	176	0	22478
28716	545	21053	185	133	0	21916
28717	317	20842	152	120	0	21431
28718	269	21358	147	125	0	21899
28719	269	507	20759	106	0	21641
28720	236	20850	411	122	0	21619
28721	19780	460	227	148	0	20615
28722	19745	204	173	119	0	20241
28723	531	191	137	19292	0	20151
28724	311	18955	142	350	0	19758
28725	242	19380	124	165	0	19911
28726	259	417	119	19196	0	19991
28727	215	249	19197	349	0	20010
28728	214	18714	369	169	0	19466
28729	262	427	155	18163	0	19007
28730	17938	206	113	361	0	18618
28731	17926	183	88	191	0	18388
28732	453	17865	122	141	0	18581
28733	17957	379	116	112	0	18564
28734	17944	177	122	141	0	18384
28735	491	174	108	17411	0	18184
28736	255	124	17059	321	0	17759
28737	181	17147	326	173	0	17827
28738	210	453	166	16769	0	17598
28739	182	223	16668	260	0	17333
28740	160	16134	279	144	0	16717
28741	15328	287	176	128	0	15919
28742	15403	160	104	102	0	15769
28743	365	138	68	15071	0	15642
28744	205	15082	104	237	0	15628
28745	157	269	14996	111	0	15533
28746	147	221	258	14735	0	15361
28747	142	138	14897	215	0	15392
28748	98	13800	196	109	0	14203
28749	203	239	124	12685	0	13251
28750	12643	82	61	149	0	12935
28751	148	12436	46	81	0	12711
28752	12290	147	31	80	0	12548
28753	12231	81	39	48	0	12399
28754	196	12280	27	62	0	12565
28755	138	146	37	12211	0	12532
28756	91	121	39	12168	0	12419
28757	63	11856	37	172	0	12128
28758	54	12164	39	90	0	12347
28759	63	168	39	11518	0	11788
28760	59	11762	38	124	0	11983
28761	11760	150	33	67	0	12010
28762	11690	69	22	52	0	11833
28763	178	66	11551	42	0	11837
28764	89	57	11323	41	0	11510
28765	11365	48	141	45	0	11599
28766	11510	35	58	52	0	11655
28767	138	11854	50	34	0	12076
28768	11704	142	46	44	0	11936
28769	11641	60	26	45	0	11772
28770	159	11476	24	29	0	11688
28771	11647	144	17	45	0	11853
28772	170	73	17	13015	0	13275
28773	82	66	34	13481	0	13663
28774	58	50	14112	212	0	14432
28775	50	13694	180	87	0	14011
28776	42	14262	50	52	0	14406
28777	13786	299	110	117	0	14312
28778	13991	64	48	62	0	14165
28779	13927	42	11	67	0	14047
28780	14090	38	29	60	0	14217
28781	234	45	13794	26	0	14099
28782	73	60	14009	24	0	14166
28783	68	14206	196	24	0	14494
28784	86	189	59	14131	0	14465
28785	102	65	36	13945	0	14148
28786	78	14250	31	179	0	14538
28787	92	194	24	14008	0	14318
28788	13958	51	50	212	0	14271
28789	202	14019	43	56	0	14320
28790	67	210	14253	42	0	14572
28791	54	14464	185	62	0	14765
28792	14441	204	52	57	0	14754
28793	191	100	14375	52	0	14718
28794	14371	47	191	65	0	14674
28795	14644	63	55	58	0	14820
28796	237	61	14482	29	0	14809
28797	83	59	14450	28	0	14620
28798	78	67	14271	25	0	14441
28799	13751	45	238	37	0	14071
28800	226	40	14288	24	0	14578
28801	102	14006	219	30	0	14357
28802	13940	164	87	34	0	14225
28803	206	64	13913	15	0	14198
28804	13480	43	234	30	0	13787
28805	218	49	13865	11	0	14143
28806	119	27	14194	17	0	14357
28807	64	14375	250	29	0	14718
28808	94	195	14449	15	0	14753
28809	81	65	14267	16	0	14429
28810	66	13690	267	23	0	14046
28811	13946	181	115	27	0	14269
28812	210	74	14127	17	0	14428
28813	96	69	237	13547	0	13949
28814	67	14235	101	138	0	14541
28815	14280	178	99	70	0	14627
28816	14270	78	94	66	0	14508
28817	246	79	14152	36	0	14513
28818	117	13845	229	35	0	14226
28819	77	14202	130	30	0	14439
28820	102	242	80	13882	0	14306
28821	87	13952	89	196	0	14324
28822	119	217	65	13802	0	14203
28823	136	98	70	14181	0	14485
28824	83	14337	102	201	0	14723
28825	106	238	91	14153	0	14588
28826	83	14302	72	220	0	14677
28827	85	251	14151	102	0	14589
28828	104	124	211	14172	0	14611
28829	109	110	97	14140	0	14456
28830	74	14093	87	230	0	14484
28831	81	14422	97	110	0	14710
28832	102	291	55	13952	0	14400
28833	80	14150	97	221	0	14548
28834	14106	258	87	130	0	14581
28835	232	130	80	14113	0	14555
28836	80	14178	115	247	0	14620
28837	13930	250	82	113	0	14375
28838	232	13932	76	92	0	14332
28839	105	256	13761	97	0	14219
28840	106	142	237	13815	0	14300
28841	13859	108	116	226	0	14309
28842	245	105	13876	106	0	14332
28843	154	110	254	13539	0	14057
28844	130	13732	111	207	0	14180
28845	124	239	13530	63	0	13956
28846	103	13698	285	74	0	14160
28847	13405	231	146	71	0	13853
28848	13525	90	158	67	0	13840
28849	252	13396	164	64	0	13876
28850	13338	254	123	72	0	13787
28851	237	131	13292	56	0	13716
28852	109	108	288	13150	0	13655
28853	123	116	127	13001	0	13367
28854	143	13225	116	206	0	13690
28855	13876	237	134	92	0	14339
28856	14346	131	92	94	0	14663
28857	260	126	14283	49	0	14718
28858	14309	95	270	71	0	14745
28859	14559	95	111	82	0	14847
28860	14588	82	110	74	0	14854
28861	281	115	105	14394	0	14895
28862	158	113	87	14441	0	14799
28863	128	14455	98	208	0	14889
28864	14166	219	103	90	0	14578
28865	14107	96	68	102	0	14373
28866	273	14066	73	79	0	14491
28867	137	252	59	13614	0	14062
28868	105	13722	47	194	0	14068
28869	208	14142	53	84	0	14487
28870	13981	231	95	86	0	14393
28871	231	102	13722	88	0	14143
28872	64	57	12108	27	0	12256
28873	40	12046	103	32	0	12221
28874	11081	70	103	33	0	11287
28875	66	37	11072	16	0	11191
28876	31	10730	75	20	0	10856
28877	10382	54	18	25	0	10479
28878	57	19	10289	6	0	10371
28879	21	19	49	10309	0	10398
28880	10839	9	11	62	0	10921
28881	81	17	10843	11	0	10952
28882	20	10	11161	10	0	11201
28883	19	14	11413	9	0	11455
28884	10	14	11468	12	0	11504
28885	11237	22	98	18	0	11375
28886	11897	15	29	14	0	11955
28887	75	11999	16	36	0	12126
28888	24	77	9	12488	0	12598
28889	77	18	7	12687	0	12789
28890	14	12635	9	109	0	12767
28891	15	104	7	12701	0	12827
28892	10	13176	14	105	0	13305
28893	5	13340	12	34	0	13391
28894	10	137	11	13177	0	13335
28895	8	48	13410	111	0	13577
28896	10	13461	118	31	0	13620
28897	22	118	32	13547	0	13719
28898	13680	34	16	152	0	13882
28899	117	34	12892	764	0	13807
28900	13490	23	120	34	0	13667
28901	13994	12	36	29	0	14071
28902	175	16	23	14387	0	14601
28903	57	25	14905	150	0	15137
28904	37	16	15092	49	0	15194
28905	27	15790	210	35	0	16062
28906	32	174	80	15738	0	16024
28907	14	62	15786	178	0	16040
28908	17	39	15905	61	0	16022
28909	13	16088	238	52	0	16391
28910	16137	195	92	38	0	16462
28911	16376	62	61	34	0	16533
28912	252	47	40	16615	0	16954
28913	99	38	17024	218	0	17379
28914	58	34	17009	69	0	17170
28915	54	17462	279	56	0	17851
28916	35	218	17648	49	0	17950
28917	38	79	17517	33	0	17667
28918	44	75	309	17196	0	17624
28919	19	51	17550	222	0	17842
28920	17157	33	279	86	0	17555
28921	240	24	116	17647	0	18027
28922	80	25	18020	244	0	18369
28923	47	18162	275	90	0	18574
28924	59	213	115	18257	0	18644
28925	38	92	18460	236	0	18826
28926	29	18784	288	95	0	19196
28927	42	249	117	18559	0	18967
28928	23	19042	93	240	0	19398
28929	40	264	85	19156	0	19545
28930	55	97	67	19306	0	19525
28931	20	75	19134	324	0	19553
28932	27	19271	290	146	0	19734
28933	38	286	151	19262	0	19737
28934	48	96	80	19440	0	19664
28935	43	66	84	19597	0	19790
28936	27	65	19261	350	0	19703
28937	14	19168	280	170	0	19632
28938	49	260	120	19206	0	19635
28939	36	113	19175	289	0	19613
28940	20	19190	296	147	0	19653
28941	41	260	137	19229	0	19667
28942	34	132	19410	275	0	19851
28943	25	19421	296	143	0	19885
28944	38	281	123	19384	0	19826
28945	56	105	90	19821	0	20072
28946	16	94	20021	356	0	20487
28947	19231	77	320	179	0	19807
28948	230	20075	121	143	0	20569
28949	20179	260	104	144	0	20687
28950	271	133	20365	86	0	20855
28951	20505	92	308	99	0	21004
28952	294	73	136	20912	0	21415
28953	119	74	102	21265	0	21560
28954	74	61	20962	360	0	21457
28955	19710	73	305	185	0	20273
28956	20102	80	129	144	0	20455
28957	309	19816	120	139	0	20384
28958	118	20388	117	109	0	20732
28959	20383	335	69	111	0	20898
28960	289	143	20391	96	0	20919
28961	130	21044	323	86	0	21583
28962	89	308	144	21345	0	21886
28963	119	110	98	21712	0	22039
28964	61	102	21544	343	0	22050
28965	21059	72	315	175	0	21621
28966	302	69	21821	124	0	22316
28967	21445	54	338	122	0	21959
28968	314	85	22186	94	0	22679
28969	132	22177	358	93	0	22760
28970	22361	278	194	98	0	22931
28971	22409	118	138	100	0	22765
28972	22261	93	105	107	0	22566
28973	22277	90	90	98	0	22555
28974	418	64	93	21926	0	22501
28975	191	83	21939	308	0	22521
28976	141	89	300	21559	0	22089
28977	114	21968	137	313	0	22532
28978	109	253	128	22091	0	22581
28979	93	114	21912	314	0	22433
28980	91	90	21767	137	0	22085
28981	97	100	315	21544	0	22056
28982	21261	56	199	319	0	21835
28983	21095	45	136	151	0	21427
28984	21027	59	112	130	0	21328
28985	352	73	21192	94	0	21711
28986	180	54	21046	94	0	21374
28987	129	20922	323	79	0	21453
28988	99	21118	149	85	0	21451
28989	20622	249	231	86	0	21188
28990	20641	105	104	104	0	20954
28991	256	21130	89	76	0	21551
28992	20882	213	57	91	0	21243
28993	20868	80	74	100	0	21122
28994	268	20912	73	69	0	21322
28995	21126	201	64	69	0	21460
28996	21211	86	42	73	0	21412
28997	284	21451	58	75	0	21868
28998	21725	198	54	80	0	22057
28999	21912	78	72	74	0	22136
29000	300	91	22136	42	0	22569
29001	147	65	22036	50	0	22298
29002	100	21593	214	43	0	21950
29003	93	21708	101	35	0	21937
29004	21294	230	235	81	0	21840
29005	20755	63	67	74	0	20959
29006	20570	30	32	52	0	20684
29007	176	20780	38	29	0	21023
29008	92	120	30	21034	0	21276
29009	73	46	21522	106	0	21747
29010	83	133	122	21172	0	21510
29011	56	21697	60	110	0	21923
29012	21435	97	36	56	0	21624
29013	119	21177	49	47	0	21392
29014	60	109	30	21369	0	21568
29015	22177	35	26	144	0	22382
29016	22012	33	20	68	0	22133
29017	143	56	22451	17	0	22667
29018	22424	29	105	82	0	22640
29019	23370	27	27	55	0	23479
29020	23690	29	25	54	0	23798
29021	187	34	15	23345	0	23581
29022	77	23406	31	140	0	23654
29023	94	128	19	23826	0	24067
29024	65	63	24189	130	0	24447
29025	47	24331	153	81	0	24612
29026	60	150	32	24157	0	24399
29027	44	67	24284	123	0	24518
29028	45	24170	140	47	0	24402
29029	72	131	50	23943	0	24196
29030	40	77	24240	124	0	24481
29031	22066	38	133	123	0	22360
29032	159	54	24405	26	0	24644
29033	71	62	24419	24	0	24576
29034	57	24909	174	35	0	25175
29035	74	139	75	25057	0	25345
29036	76	70	42	24847	0	25035
29037	42	24969	60	152	0	25223
29038	69	151	44	25449	0	25713
29039	25613	61	24	210	0	25908
29040	25513	38	38	117	0	25706
29041	192	68	25572	48	0	25880
29042	25382	41	138	71	0	25632
29043	25989	31	48	112	0	26180
29044	204	52	26111	33	0	26400
29045	94	26011	183	35	0	26323
29046	59	25940	89	46	0	26134
29047	84	172	66	24496	0	24818
29048	56	25708	56	123	0	25943
29049	55	195	25046	53	0	25349
29050	58	95	24694	50	0	24897
29051	56	25532	188	43	0	25819
29052	25367	142	79	85	0	25673
29053	25580	72	54	76	0	25782
29054	25797	49	48	77	0	25971
29055	25813	32	50	91	0	25986
29056	25524	52	43	79	0	25698
29057	214	25499	56	26	0	25795
29058	110	175	25331	24	0	25640
29059	111	78	149	25252	0	25590
29060	25037	64	65	218	0	25384
29061	166	24674	71	80	0	24991
29062	120	201	40	24318	0	24679
29063	79	86	24463	145	0	24773
29064	61	24136	203	56	0	24456
29065	54	24776	71	37	0	24938
29066	24159	239	89	108	0	24595
29067	176	24094	63	54	0	24387
29068	115	161	31	23530	0	23837
29069	23540	70	29	185	0	23824
29070	23369	47	22	90	0	23528
29071	23493	43	33	73	0	23642
29072	192	66	23482	25	0	23765
29073	75	23653	158	47	0	23933
29074	24039	148	47	71	0	24305
29075	202	78	36	23901	0	24217
29076	24213	46	28	220	0	24507
29077	191	24106	52	82	0	24431
29078	25152	173	29	79	0	25433
29079	26785	65	25	74	0	26949
29080	350	56	25	26645	0	27076
29081	140	96	27575	231	0	28042
29082	126	45	240	28182	0	28593
29083	28180	38	96	332	0	28646
29084	28432	31	57	156	0	28676
29085	365	27981	73	109	0	28528
29086	27696	252	55	101	0	28104
29087	330	27759	71	106	0	28266
29088	27842	279	38	95	0	28254
29089	27721	121	31	100	0	27973
29090	391	109	27696	45	0	28241
29091	176	27463	269	43	0	27951
29092	170	300	103	27564	0	28137
29093	138	128	62	27837	0	28165
29094	120	69	48	27566	0	27803
29095	66	27411	82	471	0	28030
29096	78	295	27470	152	0	27995
29097	91	139	27875	100	0	28205
29098	76	31999	364	94	0	32533
29099	31885	420	124	93	0	32522
29100	404	175	31811	55	0	32445
29101	31297	140	403	80	0	31920
29102	489	31485	189	46	0	32209
29103	230	422	31581	44	0	32277
29104	225	157	436	31386	0	32204
29105	117	177	31881	388	0	32563
29106	82	125	32448	167	0	32822
29107	157	83	541	30741	0	31522
29108	91	31148	290	393	0	31922
29109	84	31498	220	148	0	31950
29110	30771	489	123	522	0	31905
29111	436	254	30987	86	0	31763
29112	30970	205	438	87	0	31700
29113	31536	121	192	102	0	31951
29114	582	31208	191	62	0	32043
29115	30332	397	117	76	0	30922
29116	30470	185	93	93	0	30841
29117	29668	130	84	90	0	29972
29118	621	28877	106	69	0	29673
29119	336	27552	106	69	0	28063
29120	226	28539	109	63	0	28937
29121	28394	534	199	76	0	29203
29122	28418	285	90	87	0	28880
29123	554	190	28005	44	0	28793
29124	323	159	27496	42	0	28020
29125	27771	106	488	96	0	28461
29126	28066	96	257	77	0	28496
29127	28234	82	181	106	0	28603
29128	671	81	136	27626	0	28514
29129	403	73	120	28041	0	28637
29130	320	99	87	28317	0	28823
29131	277	103	64	28491	0	28935
29132	178	133	27720	519	0	28550
29133	162	117	27497	261	0	28037
29134	178	86	27372	174	0	27810
29135	169	82	27284	116	0	27651
29136	27049	71	543	115	0	27778
29137	438	27276	312	94	0	28120
29138	243	27928	229	73	0	28473
29139	27734	436	145	104	0	28419
29140	488	255	27582	73	0	28398
29141	237	217	27313	81	0	27848
29142	27243	167	541	128	0	28079
29143	27744	106	279	111	0	28240
29144	524	27484	258	101	0	28367
29145	389	351	162	27408	0	28310
29146	27940	150	146	361	0	28597
29147	28305	165	139	170	0	28779
29148	643	124	102	28044	0	28913
29149	380	28602	110	380	0	29472
29150	28930	368	82	205	0	29585
29151	485	229	28330	175	0	29219
29152	28141	149	376	182	0	28848
29153	499	28368	240	132	0	29239
29154	28650	356	217	137	0	29360
29155	28599	182	175	146	0	29102
29156	548	184	28670	73	0	29475
29157	310	165	28391	74	0	28940
29158	28588	108	521	110	0	29327
29159	29043	112	284	97	0	29536
29160	541	29128	251	81	0	30001
29161	387	395	159	29155	0	30096
29162	294	215	29178	315	0	30002
29163	28841	170	442	162	0	29615
29164	545	126	229	29097	0	29997
29165	353	88	184	29288	0	29913
29166	29193	90	145	479	0	29907
29167	457	29900	152	292	0	30801
29168	30164	361	129	244	0	30898
29169	30510	153	125	147	0	30935
29170	30851	151	105	135	0	31242
29171	607	30282	129	120	0	31138
29172	30589	402	94	106	0	31191
29173	662	193	90	30284	0	31229
29174	421	195	108	30374	0	31098
29175	389	154	29970	430	0	30943
29176	380	127	29528	214	0	30249
29177	244	29583	470	195	0	30492
29178	208	29522	262	132	0	30124
29179	196	333	27975	71	0	28575
29180	172	28217	343	79	0	28811
29181	27494	469	286	146	0	28395
29182	27692	153	108	100	0	28053
29183	27873	142	74	112	0	28201
29184	447	87	76	27389	0	27999
29185	312	67	68	27657	0	28104
29186	207	85	27986	333	0	28611
29187	136	27856	285	223	0	28500
29188	27852	260	106	200	0	28418
29189	310	27975	143	91	0	28519
29190	27869	337	80	98	0	28384
29191	28038	130	54	84	0	28306
29192	469	128	48	27564	0	28209
29193	338	84	52	27702	0	28176
29194	291	94	48	28037	0	28470
29195	172	95	27175	397	0	27839
29196	127	26609	276	261	0	27273
29197	102	26419	129	192	0	26842
29198	25	21830	31	48	0	21934
29199	34	21758	46	51	0	21889
29200	29	21912	45	66	0	22052
29201	21178	124	71	67	0	21440
29202	112	74	21510	18	0	21714
29203	43	21769	95	36	0	21943
29204	48	126	21195	26	0	21395
29205	39	21780	98	26	0	21943
29206	68	123	48	19716	0	19955
29207	62	55	25	21253	0	21395
29208	31	21524	31	129	0	21715
29209	21379	92	29	95	0	21595
29210	94	65	21389	30	0	21578
29211	45	21752	82	41	0	21920
29212	46	122	21501	21	0	21690
29213	60	53	89	21560	0	21762
29214	59	48	38	21092	0	21237
29215	44	21465	44	105	0	21658
29216	53	106	26	21675	0	21860
29217	56	55	21	21869	0	22001
29218	37	21899	46	138	0	22120
29219	15	134	21807	51	0	22007
29220	28	83	21572	38	0	21721
29221	21198	37	113	68	0	21416
29222	22033	43	48	63	0	22187
29223	129	40	29	21522	0	21720
29224	48	43	21475	100	0	21666
29225	61	48	97	21139	0	21345
29226	49	22060	59	139	0	22307
29227	44	117	21990	58	0	22209
29228	28	21822	120	50	0	22020
29229	28	148	21726	25	0	21927
29230	19	21734	124	46	0	21923
29231	21623	109	42	80	0	21854
29232	122	53	43	21578	0	21796
29233	71	48	25	21358	0	21502
29234	44	58	21401	107	0	21610
29235	49	67	20652	55	0	20823
29236	30	21335	121	60	0	21546
29237	21337	110	52	78	0	21577
29238	110	54	48	21169	0	21381
29239	37	69	21531	104	0	21741
29240	50	58	21085	46	0	21239
29241	20354	48	130	85	0	20617
29242	20994	45	60	71	0	21170
29243	129	53	21400	32	0	21614
29244	76	108	123	20940	0	21247
29245	50	21464	69	110	0	21693
29246	21589	108	54	102	0	21853
29247	115	21480	49	83	0	21727
29248	21212	119	36	77	0	21444
29249	113	21433	53	46	0	21645
29250	44	21848	50	47	0	21989
29251	84	130	32	21901	0	22147
29252	64	68	24	22005	0	22161
29253	31	21892	51	162	0	22136
29254	29	144	21617	55	0	21845
29255	35	75	21297	42	0	21449
29256	36	67	21336	34	0	21473
29257	20942	37	152	86	0	21217
29258	21568	22	71	69	0	21730
29259	125	22512	66	64	0	22767
29260	67	187	22304	28	0	22586
29261	69	71	163	22639	0	22942
29262	29	73	23489	173	0	23764
29263	26	77	23972	59	0	24134
29264	63	49	251	25690	0	26053
29265	57	34	115	26850	0	27056
29266	25	55	28482	409	0	28971
29267	27990	32	332	288	0	28642
29268	350	29259	223	178	0	30010
29269	181	30318	189	74	0	30762
29270	179	502	86	29940	0	30707
29271	30645	299	83	404	0	31431
29272	448	31063	94	262	0	31867
29273	31386	494	49	206	0	32135
29274	554	31534	64	156	0	32308
29275	32445	618	33	138	0	33234
29276	631	319	32377	102	0	33429
29277	345	292	32829	64	0	33530
29278	346	301	631	32339	0	33617
29279	191	177	32741	463	0	33572
29280	155	31258	676	239	0	32328
29281	156	31476	365	195	0	32192
29282	31283	664	317	158	0	32422
29283	532	388	203	30738	0	31861
29284	245	31694	190	524	0	32653
29285	32087	578	131	275	0	33071
29286	31786	384	107	212	0	32489
29287	32556	309	92	133	0	33090
29288	963	189	74	31903	0	33129
29289	571	157	79	32426	0	33233
29290	381	185	32178	691	0	33435
29291	282	151	32190	403	0	33026
29292	31889	81	682	312	0	32964
29293	706	115	394	31731	0	32946
29294	337	147	31845	632	0	32961
29295	31526	108	607	415	0	32656
29296	632	32243	420	322	0	33617
29297	32669	504	336	211	0	33720
29298	33057	272	171	209	0	33709
29299	33143	235	161	213	0	33752
29300	1034	131	32035	133	0	33333
29301	32187	139	569	131	0	33026
29302	964	952	296	30227	0	32439
29303	534	30751	288	550	0	32123
29304	508	32017	228	284	0	33037
29305	31933	658	201	252	0	33044
29306	32149	373	178	178	0	32878
29307	32391	261	111	201	0	32964
29308	1080	202	108	31328	0	32718
29309	729	210	92	31679	0	32710
29310	583	206	85	31131	0	32005
29311	442	31174	143	858	0	32617
29312	31132	537	112	510	0	32291
29313	31503	294	86	413	0	32296
29314	31849	270	113	372	0	32604
29315	1016	185	31462	285	0	32948
29316	32176	195	553	253	0	33177
29317	1026	211	282	30792	0	32311
29318	625	31213	276	556	0	32670
29319	31319	579	134	317	0	32349
29320	31476	277	154	311	0	32218
29321	1040	277	31284	177	0	32778
29322	775	160	570	30776	0	32281
29323	508	31394	314	663	0	32879
29324	32173	634	252	384	0	33443
29325	957	367	164	31977	0	33465
29326	690	302	160	31894	0	33046
29327	569	164	176	32252	0	33161
29328	439	211	132	32961	0	33743
29329	369	236	32169	1083	0	33857
29330	381	32211	635	673	0	33900
29331	410	639	291	32502	0	33842
29332	294	358	32547	914	0	34113
29333	32470	302	650	608	0	34030
29334	33183	177	385	503	0	34248
29335	1002	219	379	32797	0	34397
29336	33130	224	240	808	0	34402
29337	33686	195	179	534	0	34594
29338	1125	204	33020	387	0	34736
29339	822	32741	692	277	0	34532
29340	33091	603	333	350	0	34377
29341	1017	311	308	32496	0	34132
29342	33171	291	231	769	0	34462
29343	1102	198	230	32604	0	34134
29344	677	231	223	33061	0	34192
29345	566	250	32174	951	0	33941
29346	31214	150	632	687	0	32683
29347	876	32223	359	530	0	33988
29348	635	614	32044	400	0	33693
29349	498	31463	650	445	0	33056
29350	31063	716	370	368	0	32517
29351	937	369	324	30719	0	32349
29352	30882	316	220	744	0	32162
29353	892	30543	254	452	0	32141
29354	31096	669	199	362	0	32326
29355	31527	369	173	326	0	32395
29356	31638	286	162	317	0	32403
29357	31497	164	165	296	0	32122
29358	1237	30409	175	273	0	32094
29359	30013	598	143	217	0	30971
29360	1149	318	117	29144	0	30728
29361	792	423	87	28619	0	29921
29362	635	26927	160	707	0	28429
29363	454	26591	134	472	0	27651
29364	395	25541	90	252	0	26278
29365	24038	527	179	258	0	25002
29366	498	21906	86	221	0	22711
29367	255	20263	113	115	0	20746
29368	19850	298	365	130	0	20643
29369	19458	128	85	107	0	19778
29370	365	19445	63	78	0	19951
29371	19062	253	40	84	0	19439
29372	321	124	18478	62	0	18985
29373	18078	110	202	77	0	18467
29374	338	84	18171	74	0	18667
29375	130	16876	166	55	0	17227
29376	138	16965	88	56	0	17247
29377	347	338	154	16095	0	16934
29378	16258	64	67	185	0	16574
29379	16492	46	23	104	0	16665
29380	16772	46	29	111	0	16958
29381	16793	43	29	86	0	16951
29382	16529	62	27	76	0	16694
29383	192	57	16214	49	0	16512
29384	85	64	15823	57	0	16029
29385	16059	38	118	84	0	16299
29386	169	16329	75	53	0	16626
29387	15946	111	68	71	0	16196
29388	16375	61	29	69	0	16534
29389	16903	27	28	73	0	17031
29390	16992	33	24	70	0	17119
29391	17015	37	34	64	0	17150
29392	166	47	17143	47	0	17403
29393	17375	38	101	89	0	17603
29394	17646	32	39	77	0	17794
29395	162	43	17492	61	0	17758
29396	17079	44	89	101	0	17313
29397	17500	32	56	83	0	17671
29398	171	42	18221	44	0	18478
29399	128	62	18193	26	0	18409
29400	100	18544	135	36	0	18815
29401	102	133	58	18572	0	18865
29402	112	69	18782	92	0	19055
29403	18945	42	111	89	0	19187
29404	180	47	55	19708	0	19990
29405	121	64	20260	99	0	20544
29406	20166	41	114	95	0	20416
29407	20530	39	56	86	0	20711
29408	20633	36	42	77	0	20788
29409	206	20968	52	58	0	21284
29410	129	117	31	20861	0	21138
29411	106	21068	47	117	0	21338
29412	21200	119	36	93	0	21448
29413	21086	60	57	96	0	21299
29414	183	66	20906	30	0	21185
29415	93	20310	104	34	0	20541
29416	70	20239	60	30	0	20399
29417	88	112	38	20153	0	20391
29418	91	64	19	20223	0	20397
29419	20250	44	26	144	0	20464
29420	150	20044	29	70	0	20293
29421	97	19986	26	49	0	20158
29422	108	139	19930	18	0	20195
29423	83	20242	96	26	0	20447
29424	20047	101	64	69	0	20281
29425	142	71	19812	24	0	20049
29426	18887	27	94	57	0	19065
29427	114	50	19341	22	0	19527
29428	18675	26	70	55	0	18826
29429	82	19775	38	47	0	19942
29430	20359	90	24	58	0	20531
29431	122	66	20718	12	0	20918
29432	20768	30	132	78	0	21008
29433	20939	21	108	57	0	21125
29434	161	47	21419	8	0	21635
29435	21607	25	109	62	0	21803
29436	22688	16	53	57	0	22814
29437	22400	23	23	58	0	22504
29438	218	22272	37	21	0	22548
29439	22823	134	30	52	0	23039
29440	192	94	23479	10	0	23775
29441	89	24102	175	54	0	24420
29442	24286	171	92	69	0	24618
29443	24312	59	43	69	0	24483
29444	24613	31	31	60	0	24735
29445	279	24540	40	16	0	24875
29446	166	183	31	26614	0	26994
29447	83	94	26601	258	0	27036
29448	70	52	286	26712	0	27120
29449	60	74	27236	304	0	27674
29450	26519	31	328	136	0	27014
29451	344	27459	118	74	0	27995
29452	162	315	62	27397	0	27936
29453	90	27766	63	296	0	28215
29454	116	342	30	28089	0	28577
29455	83	121	48	28230	0	28482
29456	84	28590	46	411	0	29131
29457	136	357	38	28844	0	29375
29458	108	124	40	29952	0	30224
29459	63	29776	69	475	0	30383
29460	65	30481	65	181	0	30792
29461	104	447	49	30384	0	30984
29462	64	228	30256	430	0	30978
29463	70	30639	421	175	0	31305
29464	126	433	138	30574	0	31271
29465	87	196	31338	464	0	32085
29466	58	31439	486	220	0	32203
29467	31239	477	137	192	0	32045
29468	466	206	31038	102	0	31812
29469	30829	131	439	156	0	31555
29470	541	130	138	30650	0	31459
29471	214	128	102	30935	0	31379
29472	196	91	69	30994	0	31350
29473	102	142	30491	619	0	31354
29474	94	169	30229	253	0	30745
29475	29692	116	541	237	0	30586
29476	501	100	227	30229	0	31057
29477	191	152	30396	499	0	31238
29478	30037	122	481	277	0	30917
29479	574	96	214	30076	0	30960
29480	281	108	164	30246	0	30799
29481	242	117	128	30158	0	30645
29482	125	29957	142	659	0	30883
29483	181	482	111	29529	0	30303
29484	127	29273	135	587	0	30122
29485	94	30148	130	300	0	30672
29486	29695	559	110	258	0	30622
29487	29037	220	143	240	0	29640
29488	29558	164	114	234	0	30070
29489	625	28725	131	232	0	29713
29490	28558	506	102	247	0	29413
29491	28839	201	114	213	0	29367
29492	673	179	142	28048	0	29042
29493	336	149	97	28279	0	28861
29494	219	137	27612	692	0	28660
29495	130	27787	510	388	0	28815
29496	27468	528	217	271	0	28484
29497	27578	209	149	224	0	28160
29498	580	26774	159	236	0	27749
29499	26643	514	82	245	0	27484
29500	26729	230	96	219	0	27274
29501	658	194	93	26165	0	27110
29502	322	25582	127	583	0	26614
29503	229	26197	139	278	0	26843
29504	25629	568	91	261	0	26549
29505	674	228	83	24980	0	25965
29506	260	208	24806	580	0	25854
29507	24381	156	479	303	0	25319
29508	580	180	24969	258	0	25987
29509	247	24534	535	237	0	25553
29510	24512	505	183	233	0	25433
29511	571	237	24387	229	0	25424
29512	305	226	503	24520	0	25554
29513	242	203	25035	569	0	26049
29514	216	24981	551	286	0	26034
29515	258	544	211	24981	0	25994
29516	232	260	24842	558	0	25892
29517	24096	254	484	317	0	25151
29518	570	25214	205	283	0	26272
29519	319	497	187	24455	0	25458
29520	212	25278	158	532	0	26180
29521	24991	565	139	290	0	25985
29522	25010	285	143	266	0	25704
29523	615	24782	150	254	0	25801
29524	357	541	221	24091	0	25210
29525	249	24612	167	517	0	25545
29526	24509	544	151	291	0	25495
29527	550	289	24334	225	0	25398
29528	287	261	23977	198	0	24723
29529	252	23437	516	186	0	24391
29530	173	23344	278	204	0	23999
29531	233	509	240	22534	0	23516
29532	22466	246	150	452	0	23314
29533	22698	211	119	231	0	23259
29534	22106	132	124	225	0	22587
29535	592	22266	138	176	0	23172
29536	293	405	100	21249	0	22047
29537	234	21560	109	409	0	22312
29538	21450	412	120	214	0	22196
29539	483	187	82	20903	0	21655
29540	226	137	20226	393	0	20982
29541	164	19758	361	191	0	20474
29542	19477	340	136	147	0	20100
29543	359	185	19457	121	0	20122
29544	19077	137	336	139	0	19689
29545	398	19149	126	150	0	19823
29546	127	17520	92	67	0	17806
29547	17233	229	72	63	0	17597
29548	235	17592	55	56	0	17938
29549	17038	204	80	70	0	17392
29550	212	17259	46	62	0	17579
29551	17327	192	94	56	0	17669
29552	17338	98	58	67	0	17561
29553	241	83	17647	42	0	18013
29554	113	74	16986	26	0	17199
29555	83	17099	177	57	0	17416
29556	16611	156	160	48	0	16975
29557	165	69	16309	20	0	16563
29558	15297	62	144	39	0	15542
29559	138	96	58	15163	0	15455
29560	57	36	15505	78	0	15676
29561	37	34	15107	29	0	15207
29562	37	35	15802	25	0	15899
29563	28	15776	102	15	0	15921
29564	144	243	162	15124	0	15673
29565	14893	20	20	63	0	14996
29566	46	15	5	15156	0	15222
29567	15363	3	10	66	0	15442
29568	60	9	6	15439	0	15514
29569	15753	8	6	97	0	15864
29570	16091	10	3	74	0	16178
29571	17563	7	7	46	0	17623
29572	117	18017	16	9	0	18159
29573	42	111	18398	6	0	18557
29574	41	33	98	18466	0	18638
29575	77	94	72	13466	0	13709
29576	42	19	21	19007	0	19089
29577	28	18	11	18844	0	18901
29578	13	18749	23	149	0	18934
29579	28	112	18425	53	0	18618
29580	16	18821	107	49	0	18993
29581	32	165	34	18649	0	18880
29582	23	55	22	18929	0	19029
29583	15	34	16	19078	0	19143
29584	21	19	15	19051	0	19106
29585	19	18729	21	165	0	18934
29586	13	18860	27	70	0	18970
29587	21	161	18659	40	0	18881
29588	18	57	119	18840	0	19034
29589	35	35	38	19107	0	19215
29590	21	26	22	19402	0	19471
29591	19634	19	19	228	0	19900
29592	135	19716	31	71	0	19953
29593	47	152	19769	43	0	20011
29594	19730	53	130	62	0	19975
29595	150	36	35	20015	0	20236
29596	20350	20	25	198	0	20593
29597	168	28	20	20665	0	20881
29598	20833	23	16	185	0	21057
29599	185	28	11	20871	0	21095
29600	20810	18	26	207	0	21061
29601	169	39	21372	57	0	21637
29602	78	17	132	21304	0	21531
29603	48	21810	63	140	0	22061
29604	50	155	29	22203	0	22437
29605	22075	45	24	213	0	22357
29606	152	22394	25	84	0	22655
29607	90	148	22	22913	0	23173
29608	40	22893	33	182	0	23148
29609	54	186	25	23113	0	23378
29610	52	76	19	23245	0	23392
29611	30	63	22960	236	0	23289
29612	76	35	162	22737	0	23010
29613	38	38	22313	228	0	22617
29614	40	22034	207	139	0	22420
29615	22124	171	70	105	0	22470
29616	191	79	22089	52	0	22411
29617	21812	54	193	79	0	22138
29618	22599	29	77	89	0	22794
29619	272	29	52	22991	0	23344
29620	93	51	23914	225	0	24283
29621	23710	28	236	141	0	24115
29622	24911	32	81	111	0	25135
29623	335	29	59	24577	0	25000
29624	155	29	41	24792	0	25017
29625	96	24792	61	338	0	25287
29626	91	243	33	24782	0	25149
29627	54	24907	59	325	0	25345
29628	40	304	24755	150	0	25249
29629	65	112	230	24624	0	25031
29630	24437	61	97	335	0	24930
29631	24783	43	47	175	0	25048
29632	294	24856	53	102	0	25305
29633	147	232	38	25191	0	25608
29634	25390	82	42	344	0	25858
29635	294	24812	44	130	0	25280
29636	25004	248	19	149	0	25420
29637	343	98	22	26035	0	26498
29638	27208	74	22	362	0	27666
29639	357	115	29023	121	0	29616
29640	125	29234	361	125	0	29845
29641	29416	359	101	138	0	30014
29642	382	29922	117	134	0	30555
29643	30230	386	65	111	0	30792
29644	30813	121	42	130	0	31106
29645	517	134	30818	61	0	31530
29646	289	79	372	30757	0	31497
29647	31258	66	116	450	0	31890
29648	480	88	30999	135	0	31702
29649	31068	67	395	154	0	31684
29650	540	62	125	30913	0	31640
29651	194	82	30613	424	0	31313
29652	225	42	403	30458	0	31128
29653	29991	43	155	496	0	30685
29654	446	86	30526	178	0	31236
29655	246	51	402	30556	0	31255
29656	235	60	140	30902	0	31337
29657	30732	46	133	543	0	31454
29658	30834	38	92	265	0	31229
29659	506	31199	114	236	0	32055
29660	312	371	73	30915	0	31671
29661	264	113	77	30908	0	31362
29662	217	112	87	30622	0	31038
29663	30169	71	94	582	0	30916
29664	30317	78	71	289	0	30755
29665	588	62	67	29927	0	30644
29666	281	29458	88	501	0	30328
29667	284	364	61	29190	0	29899
29668	189	29464	108	500	0	30261
29669	29142	380	67	308	0	29897
29670	462	28389	88	255	0	29194
29671	27319	368	90	162	0	27939
29672	533	147	56	26871	0	27607
29673	26565	127	62	427	0	27181
29674	449	129	26389	200	0	27167
29675	224	26806	333	211	0	27574
29676	26685	356	183	207	0	27431
29677	26972	128	114	171	0	27385
29678	560	108	87	26398	0	27153
29679	262	26628	86	429	0	27405
29680	289	366	69	27033	0	27757
29681	247	138	59	27280	0	27724
29682	224	138	67	27302	0	27731
29683	27032	108	54	548	0	27742
29684	27222	86	53	318	0	27679
29685	509	90	58	26942	0	27599
29686	278	26823	77	445	0	27623
29687	27150	286	54	266	0	27756
29688	472	153	26789	208	0	27622
29689	286	147	297	27000	0	27730
29690	220	137	26928	423	0	27708
29691	235	99	327	26744	0	27405
29692	189	111	26931	467	0	27698
29693	205	108	352	26870	0	27535
29694	26794	96	146	500	0	27536
29695	26786	61	117	312	0	27276
29696	504	26173	110	237	0	27024
29697	26657	313	86	216	0	27272
29698	515	154	71	26468	0	27208
29699	338	134	62	26794	0	27328
29700	26673	99	135	514	0	27421
29701	452	133	26084	269	0	26938
29702	281	106	26032	231	0	26650
29703	243	108	26262	201	0	26814
29704	25799	65	416	236	0	26516
29705	423	109	26515	186	0	27233
29706	275	90	25650	176	0	26191
29707	25102	98	422	197	0	25819
29708	414	26084	221	198	0	26917
29709	278	292	182	26392	0	27144
29710	284	131	122	26853	0	27390
29711	191	126	27052	425	0	27794
29712	26798	70	345	295	0	27508
29713	27230	57	182	273	0	27742
29714	27009	68	173	233	0	27483
29715	475	81	27189	181	0	27926
29716	26690	68	345	223	0	27326
29717	482	92	26837	182	0	27593
29718	261	26386	362	157	0	27166
29719	234	26383	185	162	0	26964
29720	25207	260	132	195	0	25794
29721	324	24892	117	151	0	25484
29722	195	25001	99	155	0	25450
29723	24812	255	109	171	0	25347
29724	306	24921	112	134	0	25473
29725	24932	267	106	150	0	25455
29726	374	124	96	25623	0	26217
29727	219	106	92	25999	0	26416
29728	209	92	80	26124	0	26505
29729	174	95	100	25950	0	26319
29730	143	25829	103	385	0	26460
29731	26567	275	76	217	0	27135
29732	349	28550	100	156	0	29155
29733	258	29247	104	315	0	29924
29734	292	482	29882	111	0	30767
29735	28945	177	509	157	0	29788
29736	592	144	30957	100	0	31793
29737	280	140	31156	89	0	31665
29738	151	30015	573	119	0	30858
29739	52	29392	217	57	0	29718
29740	29516	518	243	108	0	30385
29741	422	30453	106	71	0	31052
29742	203	503	30222	29	0	30957
29743	103	29784	457	82	0	30426
29744	104	491	29814	26	0	30435
29745	55	232	29316	9	0	29612
29746	28292	160	621	59	0	29132
29747	424	125	28936	18	0	29503
29748	207	79	529	28236	0	29051
29749	28261	51	264	427	0	29003
29750	423	27902	207	198	0	28730
29751	189	425	28225	95	0	28934
29752	28123	163	465	109	0	28860
29753	499	133	197	27663	0	28492
29754	193	27111	179	420	0	27903
29755	128	460	27427	261	0	28276
29756	27207	178	462	124	0	27971
29757	466	154	27659	67	0	28346
29758	244	79	537	27460	0	28320
29759	169	105	27214	402	0	27890
29760	152	62	558	27086	0	27858
29761	26971	50	276	539	0	27836
29762	452	27209	209	239	0	28109
29763	27478	427	128	174	0	28207
29764	528	244	27339	90	0	28201
29765	291	140	481	27561	0	28473
29766	176	117	27922	439	0	28654
29767	27554	86	549	233	0	28422
29768	28165	62	290	154	0	28671
29769	591	27871	262	164	0	28888
29770	28214	438	154	117	0	28923
29771	28498	197	138	123	0	28956
29772	758	142	105	27951	0	28956
29773	367	147	27971	439	0	28924
29774	238	27210	542	250	0	28240
29775	263	481	211	27339	0	28294
29776	27368	202	176	517	0	28263
29777	544	169	27064	216	0	27993
29778	279	136	27106	152	0	27673
29779	184	124	26918	113	0	27339
29780	26131	104	719	120	0	27074
29781	560	110	26663	71	0	27404
29782	26051	92	664	112	0	26919
29783	601	97	25995	60	0	26753
29784	306	25978	670	80	0	27034
29785	296	459	314	25665	0	26734
29786	190	235	25883	464	0	26772
29787	172	25291	628	211	0	26302
29788	144	25810	336	151	0	26441
29789	198	601	220	25326	0	26345
29790	25145	285	205	516	0	26151
29791	560	202	198	25231	0	26191
29792	24779	152	185	599	0	25715
29793	690	147	152	24665	0	25654
29794	318	164	24526	572	0	25580
29795	272	121	24608	269	0	25270
29796	24169	75	696	244	0	25184
29797	24371	95	370	207	0	25043
29798	652	142	23886	149	0	24829
29799	23377	92	609	178	0	24256
29800	722	158	23563	81	0	24524
29801	346	22572	694	111	0	23723
29802	306	22590	369	97	0	23362
29803	251	22226	315	107	0	22899
29804	277	646	247	21658	0	22828
29805	21554	303	264	507	0	22628
29806	21782	245	196	236	0	22459
29807	745	191	175	21314	0	22425
29808	397	186	20320	530	0	21433
29809	356	127	562	20099	0	21144
29810	244	139	20042	580	0	21005
29811	259	100	673	19487	0	20519
29812	19323	106	346	622	0	20397
29813	19562	94	290	324	0	20270
29814	19582	74	248	257	0	20161
29815	19553	96	215	183	0	20047
29816	879	99	186	18739	0	19903
29817	510	74	183	19124	0	19891
29818	18921	81	182	657	0	19841
29819	19207	87	168	337	0	19799
29820	830	102	154	18637	0	19723
29821	482	83	147	18884	0	19596
29822	374	77	150	18574	0	19175
29823	301	68	151	18655	0	19175
29824	18006	69	147	775	0	18997
29825	607	104	17551	421	0	18683
29826	352	89	491	16770	0	17702
29827	16525	68	259	591	0	17443
29828	593	76	16139	345	0	17153
29829	446	64	497	16004	0	17011
29830	292	51	16020	536	0	16899
29831	246	14442	570	608	0	15866
29832	293	304	334	11902	0	12833
29833	10973	125	196	325	0	11619
29834	320	336	179	9500	0	10335
29835	187	9203	121	303	0	9814
29836	180	8466	100	165	0	8911
29837	113	6838	68	103	0	7122
29838	100	6336	83	87	0	6606
29839	3949	363	407	305	0	5024
29840	194	142	116	3006	0	3458
29841	36	11	2552	58	0	2657
29842	27	9	54	2367	0	2457
29843	22	7	2345	55	0	2429
29844	2317	4	48	24	0	2393
29845	62	4	19	2303	0	2388
29846	37	3	13	2331	0	2384
29847	40	3	15	2308	0	2366
29848	27	7	13	2318	0	2365
29849	2280	10	8	59	0	2357
29850	2300	8	9	25	0	2342
29851	53	5	9	2238	0	2305
29852	2145	5	9	53	0	2212
29853	43	7	2120	26	0	2196
29854	16	2066	33	34	0	2149
29855	32	34	9	2050	0	2125
29856	26	12	17	2016	0	2071
29857	16	1955	11	53	0	2035
29858	21	31	11	1890	0	1953
29859	18	40	15	1823	0	1896
29860	1790	3	18	52	0	1863
29861	45	3	1663	14	0	1725
29862	18	4	1498	14	0	1534
29863	1430	8	30	19	0	1487
29864	32	4	1311	14	0	1361
29865	869	7	48	6	0	930
29866	743	2	16	8	0	769
29867	37	23	12	538	0	610
29868	4	5	447	11	0	467
29869	344	6	11	5	0	366
29870	11	340	3	3	0	357
29871	175	26	38	11	0	250
29872	126	8	16	11	0	161
29873	80	3	2	2	0	87
29874	90	0	0	2	0	92
29875	93	1	0	0	0	94
29876	84	1	0	1	0	86
29877	95	1	0	0	0	96
29878	76	1	0	0	0	77
29879	95	1	0	0	0	96
29880	91	1	0	1	0	93
29881	96	0	0	0	0	96
29882	80	0	0	1	0	81
29883	94	0	1	1	0	96
29884	82	0	0	2	0	84
29885	93	0	1	1	0	95
29886	88	0	0	1	0	89
29887	82	0	0	1	0	83
29888	81	0	1	1	0	83
29889	85	0	0	2	0	87
29890	91	0	0	1	0	92
29891	79	0	1	0	0	80
29892	88	0	0	0	0	88
29893	94	0	1	1	0	96
29894	95	1	0	0	0	96
29895	89	0	1	1	0	91
29896	88	1	0	0	0	89
29897	89	0	0	2	0	91
29898	71	0	0	0	0	71
29899	91	0	0	0	0	91
29900	93	0	1	0	0	94
29901	81	0	11	0	0	92
29902	65	0	12	0	0	77
29903	49	0	12	0	0	61
