Pos	A	C	G	T	Other	Total
1	0	0	0	0	0	0
2	0	0	0	0	0	0
3	0	0	0	0	0	0
4	0	0	0	0	0	0
5	4	0	0	0	0	4
6	7	0	0	0	0	7
7	0	0	7	0	0	7
8	0	0	10	0	0	10
9	0	0	0	12	0	12
10	0	0	0	12	0	12
11	0	0	0	13	0	13
12	36	0	0	0	0	36
13	0	0	0	67	0	67
14	136	0	0	2	0	138
15	0	193	0	0	0	193
16	0	410	0	1	0	411
17	3	0	0	1109	0	1112
18	3	0	0	1211	0	1214
19	0	1680	1	1	0	1682
20	0	1879	4	0	0	1883
21	0	2158	1	2	0	2161
22	2309	1	1	19	0	2330
23	1	4	2349	0	0	2354
24	0	4	2341	0	0	2345
25	3	1	1	2603	0	2608
26	2779	0	1	14	0	2794
27	2816	0	1	13	0	2830
28	3	2821	0	3	0	2827
29	3280	2	0	26	0	3308
30	3596	1	1	16	0	3614
31	3681	1	0	15	0	3697
32	4	3704	0	2	0	3710
33	1	3778	1	3	0	3783
34	3967	2	0	12	0	3981
35	4012	1	0	12	0	4025
36	3	4030	1	5	0	4039
37	1	4341	0	13	0	4355
38	4403	4	2	5	0	4414
39	4397	1	0	9	0	4407
40	12	4438	0	3	0	4453
41	6	8	0	4637	0	4651
42	4	0	0	4667	0	4671
43	3	1	0	4657	0	4661
44	0	4649	1	14	0	4664
45	22	9	4555	1	0	4587
46	4427	1	6	14	0	4448
47	6	1	0	4745	0	4752
48	0	4775	1	6	0	4782
49	4	5	0	4842	0	4851
50	1	4864	0	9	0	4874
51	1	8	0	4910	0	4919
52	1	2	0	4958	0	4961
53	2	4	4985	8	0	4999
54	6	0	8	4920	0	4934
55	4985	1	1	19	0	5006
56	9	7	4939	1	0	4956
57	4861	0	8	12	0	4881
58	8	0	1	5072	0	5081
59	1	5106	2	11	0	5120
60	3	7	1	5171	0	5182
61	1	6	5178	9	0	5194
62	2	1	7	5100	0	5110
63	2	1	2	5223	0	5228
64	0	5303	2	13	0	5318
65	2	7	0	5357	0	5366
66	2	5325	1	13	0	5341
67	4	9	0	5402	0	5415
68	5389	1	0	24	0	5414
69	5343	2	0	12	0	5357
70	5380	2	1	18	0	5401
71	21	5416	2	8	0	5447
72	2	12	5369	1	0	5384
73	5336	2	11	18	0	5367
74	5615	2	3	13	0	5633
75	13	5831	5	10	0	5859
76	9	19	1	4999	0	5028
77	13	4	1	5110	0	5128
78	15	3	1	4861	0	4880
79	4866	5	1	68	0	4940
80	4923	2	1	34	0	4960
81	4929	0	1	24	0	4954
82	4981	1	0	24	0	5006
83	49	1	0	4945	0	4995
84	14	4929	0	35	0	4978
85	16	35	2	5086	0	5139
86	7	10	5135	41	0	5193
87	22	5	37	5347	0	5411
88	10	5	5514	58	0	5587
89	15	2	56	5526	0	5599
90	6	11	5641	64	0	5722
91	3	7	5670	18	0	5698
92	5	5929	65	18	0	6017
93	23	56	23	6081	0	6183
94	7	15	6302	61	0	6385
95	19	9	64	6170	0	6262
96	5	6315	19	70	0	6409
97	6285	62	15	50	0	6412
98	57	6508	11	16	0	6592
99	30	70	5	6390	0	6495
100	9	6578	9	55	0	6651
101	9	71	6483	21	0	6584
102	3	22	6438	12	0	6475
103	3	6500	84	18	0	6605
104	15	63	30	6573	0	6681
105	11	28	6602	68	0	6709
106	9	6570	73	27	0	6679
107	6549	67	24	40	0	6680
108	75	23	19	6594	0	6711
109	19	20	6751	72	0	6862
110	11	6764	67	25	0	6867
111	26	64	20	6784	0	6894
112	20	24	19	6860	0	6923
113	6727	17	10	114	0	6868
114	66	15	6754	33	0	6868
115	36	12	67	6742	0	6857
116	13	21	6635	69	0	6738
117	9	6315	78	31	0	6433
118	6078	66	28	45	0	6217
119	57	6010	19	23	0	6109
120	27	77	20	5781	0	5905
121	12	5821	19	68	0	5920
122	5683	77	16	49	0	5825
123	66	5755	19	23	0	5863
124	30	87	5650	16	0	5783
125	15	5658	80	18	0	5771
126	5534	82	29	41	0	5686
127	69	37	5737	18	0	5861
128	30	26	78	5735	0	5869
129	5579	17	32	91	0	5719
130	79	19	24	5423	0	5545
131	5487	15	15	105	0	5622
132	5540	21	9	38	0	5608
133	114	12	15	5464	0	5605
134	46	20	11	5502	0	5579
135	5391	15	11	121	0	5538
136	5403	19	12	53	0	5487
137	108	16	13	5286	0	5423
138	5270	12	18	102	0	5402
139	5303	15	11	49	0	5378
140	111	5280	20	30	0	5441
141	60	88	11	5296	0	5455
142	5352	32	18	105	0	5507
143	5436	23	19	55	0	5533
144	114	22	12	5399	0	5547
145	59	15	13	5458	0	5545
146	5382	11	12	121	0	5526
147	94	5413	11	70	0	5588
148	43	74	16	5374	0	5507
149	41	42	5448	93	0	5624
150	37	18	81	5302	0	5438
151	26	5411	33	96	0	5566
152	30	84	5456	44	0	5614
153	39	34	88	5354	0	5515
154	46	24	33	5350	0	5453
155	28	24	5488	108	0	5648
156	5256	18	84	77	0	5435
157	96	5635	27	38	0	5796
158	5612	91	25	45	0	5773
159	98	42	5555	37	0	5732
160	46	30	5696	37	0	5809
161	5456	27	102	47	0	5632
162	101	5750	47	26	0	5924
163	5675	84	26	43	0	5828
164	100	5727	17	35	0	5879
165	56	83	5756	30	0	5925
166	5672	39	92	34	0	5837
167	100	35	5874	24	0	6033
168	51	26	87	5818	0	5982
169	5837	19	41	108	0	6005
170	5825	21	26	52	0	5924
171	104	5829	24	39	0	5996
172	72	185	22	5596	0	5875
173	44	5726	12	85	0	5867
174	32	85	5628	35	0	5780
175	51	101	83	5159	0	5394
176	24	5150	39	66	0	5279
177	47	63	20	4955	0	5085
178	4758	36	16	71	0	4881
179	60	18	15	4832	0	4925
180	31	4849	12	62	0	4954
181	26	45	11	4898	0	4980
182	26	24	14	4863	0	4927
183	20	4866	12	67	0	4965
184	26	60	11	4892	0	4989
185	27	26	4805	59	0	4917
186	22	4772	45	34	0	4873
187	4381	35	26	31	0	4473
188	35	17	4444	18	0	4514
189	31	13	4336	9	0	4389
190	14	4290	33	19	0	4356
191	50	75	48	4042	0	4215
192	17	12	3993	25	0	4047
193	20	3535	30	14	0	3599
194	17	21	15	3691	0	3744
195	14	11	10	3738	0	3773
196	3659	9	8	32	0	3708
197	23	3704	4	21	0	3752
198	13	25	3561	13	0	3612
199	15	11	3596	9	0	3631
200	14	14	25	3566	0	3619
201	5	12	13	4009	0	4039
202	10	12	5	4073	0	4100
203	10	4707	6	50	0	4773
204	8	79	4808	30	0	4925
205	21	35	76	4944	0	5076
206	7	5170	37	97	0	5311
207	5	5434	13	47	0	5499
208	6	153	5602	22	0	5783
209	27	57	128	5472	0	5684
210	5	26	5960	136	0	6127
211	29	9	150	5852	0	6040
212	34	10	65	6085	0	6194
213	15	17	6007	196	0	6235
214	8	6003	147	82	0	6240
215	5888	138	69	48	0	6143
216	144	64	6048	23	0	6279
217	53	5995	151	26	0	6225
218	21	6235	64	17	0	6337
219	12	211	6013	15	0	6251
220	5837	92	158	32	0	6119
221	163	39	72	5677	0	5951
222	55	6023	45	127	0	6250
223	5999	159	21	76	0	6255
224	164	68	27	5812	0	6071
225	64	5951	35	150	0	6200
226	5973	153	21	96	0	6243
227	154	68	5845	31	0	6098
228	60	5869	151	26	0	6106
229	5725	156	67	44	0	5992
230	134	5770	39	23	0	5966
231	5641	167	27	36	0	5871
232	176	78	28	5450	0	5732
233	62	5520	32	135	0	5749
234	47	162	19	5554	0	5782
235	5479	74	24	179	0	5756
236	146	44	5391	80	0	5661
237	74	39	5530	39	0	5682
238	57	26	203	5317	0	5603
239	39	34	100	5471	0	5644
240	51	28	37	5405	0	5521
241	32	5288	33	216	0	5569
242	23	165	5193	91	0	5472
243	46	89	153	5023	0	5311
244	23	5057	80	143	0	5303
245	28	5301	38	82	0	5449
246	31	195	5217	43	0	5486
247	25	108	5240	25	0	5398
248	29	51	5355	24	0	5459
249	38	36	211	5060	0	5345
250	33	42	5196	150	0	5421
251	49	33	176	5111	0	5369
252	25	32	5122	167	0	5346
253	4790	35	176	96	0	5097
254	153	5148	80	55	0	5436
255	76	5501	42	42	0	5661
256	40	230	5540	30	0	5840
257	5314	103	177	43	0	5637
258	5568	55	91	42	0	5756
259	5590	41	55	46	0	5732
260	244	39	5239	35	0	5557
261	97	38	5399	33	0	5567
262	52	28	240	5199	0	5519
263	5229	24	107	197	0	5557
264	5303	34	54	100	0	5491
265	229	36	5083	52	0	5400
266	5079	41	194	45	0	5359
267	193	32	108	4992	0	5325
268	88	34	5082	189	0	5393
269	55	41	5156	88	0	5340
270	4928	45	252	63	0	5288
271	178	34	5106	38	0	5356
272	4978	28	227	49	0	5282
273	197	35	5070	48	0	5350
274	91	4852	231	47	0	5221
275	57	5123	128	44	0	5352
276	69	227	94	4851	0	5241
277	67	93	95	5136	0	5391
278	57	56	5020	249	0	5382
279	58	49	215	4910	0	5232
280	45	4779	131	197	0	5152
281	55	4925	90	100	0	5170
282	71	5070	68	69	0	5278
283	86	268	68	4820	0	5242
284	64	125	4848	176	0	5213
285	55	67	4918	84	0	5124
286	83	71	264	4670	0	5088
287	82	51	118	4805	0	5056
288	74	47	70	4653	0	4844
289	65	4691	66	233	0	5055
290	4708	173	64	108	0	5053
291	4783	90	50	87	0	5010
292	246	4714	45	58	0	5063
293	126	186	4749	55	0	5116
294	4768	104	206	51	0	5129
295	211	73	4828	33	0	5145
296	4775	49	224	53	0	5101
297	4852	49	120	48	0	5069
298	4841	37	78	65	0	5021
299	4759	42	63	65	0	4929
300	243	4669	59	72	0	5043
301	4200	156	41	62	0	4459
302	185	4211	53	61	0	4510
303	3470	126	46	36	0	3678
304	134	3345	49	32	0	3560
305	60	96	3019	29	0	3204
306	46	301	88	2522	0	2957
307	24	2766	61	76	0	2927
308	26	2558	28	46	0	2658
309	2336	97	107	54	0	2594
310	2103	16	18	13	0	2150
311	49	2181	18	10	0	2258
312	39	32	20	2075	0	2166
313	15	2337	17	38	0	2407
314	2365	36	18	17	0	2436
315	50	13	2376	11	0	2450
316	36	11	40	2313	0	2400
317	29	14	25	2302	0	2370
318	29	6	14	2351	0	2400
319	23	9	2312	43	0	2387
320	12	2300	42	22	0	2376
321	20	2370	20	11	0	2421
322	20	41	24	2407	0	2492
323	30	16	2433	42	0	2521
324	19	23	55	2414	0	2511
325	23	17	18	2478	0	2536
326	12	21	20	2441	0	2494
327	18	15	17	2442	0	2492
328	2382	19	12	61	0	2474
329	43	2405	11	35	0	2494
330	2407	42	13	28	0	2490
331	44	23	2420	17	0	2504
332	20	16	2431	22	0	2489
333	21	22	47	2377	0	2467
334	21	19	17	2428	0	2485
335	14	2461	21	52	0	2548
336	14	39	2499	27	0	2579
337	10	2523	54	33	0	2620
338	14	43	2542	27	0	2626
339	2430	20	46	30	0	2526
340	44	2574	19	18	0	2655
341	26	51	2596	15	0	2688
342	27	26	44	2541	0	2638
343	26	17	2593	40	0	2676
344	17	2553	49	22	0	2641
345	23	46	17	2475	0	2561
346	16	2546	21	40	0	2623
347	24	50	2540	18	0	2632
348	29	28	42	2490	0	2589
349	2506	16	15	50	0	2587
350	56	2498	12	17	0	2583
351	23	52	2457	9	0	2541
352	29	57	42	2342	0	2470
353	15	26	2423	39	0	2503
354	17	17	2162	26	0	2222
355	8	2006	30	6	0	2050
356	13	17	11	1802	0	1843
357	4	10	1	1830	0	1845
358	8	2	4	1806	0	1820
359	3	5	1846	20	0	1874
360	4	5	1845	9	0	1863
361	1719	5	16	9	0	1749
362	17	5	1796	3	0	1821
363	1723	2	21	9	0	1755
364	12	1791	6	7	0	1816
365	6	22	2	1766	0	1796
366	2	1862	5	15	0	1884
367	3	1913	6	4	0	1926
368	5	16	1878	5	0	1904
369	5	6	13	1859	0	1883
370	1	5	1894	16	0	1916
371	1	6	1787	7	0	1801
372	1777	5	17	11	0	1810
373	13	2	1828	4	0	1847
374	6	2	1790	7	0	1805
375	1729	3	15	8	0	1755
376	12	7	1793	7	0	1819
377	4	3	1840	8	0	1855
378	4	5	17	1766	0	1792
379	2	1829	5	15	0	1851
380	2	12	3	1842	0	1859
381	4	5	5	1824	0	1838
382	1839	4	4	25	0	1872
383	12	2	6	1822	0	1842
384	5	1878	0	20	0	1903
385	1850	15	6	15	0	1886
386	15	3	1857	5	0	1880
387	1783	6	16	10	0	1815
388	16	3	1955	6	0	1980
389	6	6	1999	6	0	2017
390	1	2126	21	4	0	2152
391	2142	12	6	10	0	2170
392	13	2207	5	6	0	2231
393	8	20	2206	4	0	2238
394	8	7	17	2030	0	2062
395	3	2251	11	13	0	2278
396	2274	20	4	8	0	2306
397	2279	2	9	7	0	2297
398	17	2305	6	3	0	2331
399	2330	22	2	4	0	2358
400	19	8	5	2251	0	2283
401	5	2318	8	17	0	2348
402	8	23	5	2361	0	2397
403	8	4	6	2510	0	2528
404	2565	7	5	29	0	2606
405	2532	7	9	7	0	2555
406	2541	2	6	10	0	2559
407	32	6	2508	5	0	2551
408	2465	5	24	6	0	2500
409	31	25	7	2519	0	2582
410	7	8	2537	28	0	2580
411	7	9	2434	6	0	2456
412	4	2436	29	8	0	2477
413	2176	27	7	9	0	2219
414	27	2218	3	3	0	2251
415	15	21	1	2252	0	2289
416	15	4	5	2288	0	2312
417	10	1	2350	24	0	2385
418	15	5	22	2237	0	2279
419	6	1	2348	23	0	2378
420	5	6	2272	7	0	2290
421	6	2327	23	7	0	2363
422	12	23	10	2243	0	2288
423	18	7	7	2245	0	2277
424	2243	9	8	23	0	2283
425	25	4	2258	7	0	2294
426	10	9	17	2281	0	2317
427	2339	6	8	26	0	2379
428	24	5	2353	17	0	2399
429	2313	8	30	9	0	2360
430	2368	3	15	16	0	2402
431	24	10	2471	10	0	2515
432	16	4	28	2438	0	2486
433	13	8	11	2484	0	2516
434	7	7	2617	29	0	2660
435	2542	7	29	22	0	2600
436	2624	6	11	18	0	2659
437	2552	5	10	17	0	2584
438	2574	6	13	20	0	2613
439	2569	4	12	18	0	2603
440	31	11	2184	23	0	2249
441	14	6	2563	16	0	2599
442	16	2580	27	15	0	2638
443	14	20	2638	13	0	2685
444	20	7	30	2601	0	2658
445	43	14	20	2103	0	2180
446	17	8	11	2638	0	2674
447	31	2	13	2643	0	2689
448	22	5	2662	26	0	2715
449	26	2588	24	21	0	2659
450	22	2733	12	12	0	2779
451	23	26	15	2668	0	2732
452	17	2764	13	33	0	2827
453	2788	26	18	16	0	2848
454	2806	7	13	21	0	2847
455	36	2867	13	15	0	2931
456	20	26	16	2901	0	2963
457	21	8	12	2958	0	2999
458	16	6	2947	39	0	3008
459	2733	9	37	28	0	2807
460	2938	11	20	24	0	2993
461	39	3022	13	19	0	3093
462	3066	37	15	22	0	3140
463	42	15	3113	15	0	3185
464	23	3066	35	18	0	3142
465	18	3181	16	21	0	3236
466	17	3172	19	22	0	3230
467	22	43	12	3148	0	3225
468	3147	15	18	51	0	3231
469	57	12	18	3213	0	3300
470	29	13	3318	51	0	3411
471	32	9	52	3312	0	3405
472	30	16	3476	56	0	3578
473	35	16	60	3346	0	3457
474	33	19	16	3349	0	3417
475	26	3438	29	56	0	3549
476	3516	50	29	29	0	3624
477	59	18	28	3401	0	3506
478	19	3493	20	53	0	3585
479	3506	53	15	36	0	3610
480	2980	31	26	53	0	3090
481	3502	16	21	36	0	3575
482	62	3511	21	30	0	3624
483	24	58	3531	23	0	3636
484	23	15	59	3528	0	3625
485	33	44	21	3406	0	3504
486	27	3533	29	57	0	3646
487	28	51	3565	27	0	3671
488	28	18	3478	33	0	3557
489	3358	23	54	27	0	3462
490	57	23	25	3361	0	3466
491	24	11	3489	67	0	3591
492	29	3662	54	28	0	3773
493	38	50	29	3500	0	3617
494	35	3669	27	48	0	3779
495	34	60	3637	23	0	3754
496	3503	16	56	31	0	3606
497	3639	17	28	23	0	3707
498	59	3661	29	27	0	3776
499	36	50	16	3637	0	3739
500	22	22	3656	51	0	3751
501	17	3608	61	22	0	3708
502	3570	51	26	29	0	3676
503	50	3439	20	16	0	3525
504	14	3463	10	16	0	3503
505	25	52	16	3401	0	3494
506	11	3442	10	40	0	3503
507	3447	44	12	14	0	3517
508	42	19	12	3449	0	3522
509	8	20	3341	44	0	3413
510	18	11	3303	9	0	3341
511	6	17	38	3322	0	3383
512	11	3354	13	43	0	3421
513	3361	42	7	20	0	3430
514	43	12	5	3334	0	3394
515	12	12	3311	45	0	3380
516	15	7	39	3309	0	3370
517	7	10	9	3310	0	3336
518	3285	7	13	48	0	3353
519	39	8	3	3265	0	3315
520	8	10	3217	47	0	3282
521	15	5	3198	14	0	3232
522	7	5	36	3236	0	3284
523	14	6	18	3263	0	3301
524	10	5	3317	46	0	3378
525	2949	5	44	36	0	3034
526	38	6	3285	18	0	3347
527	8	3247	49	17	0	3321
528	19	30	10	3326	0	3385
529	9	9	3348	41	0	3407
530	8	12	3277	18	0	3315
531	14	9	47	3143	0	3213
532	3221	7	22	42	0	3292
533	34	9	3306	19	0	3368
534	7	3269	41	18	0	3335
535	3278	35	16	28	0	3357
536	38	13	3309	12	0	3372
537	3187	15	42	17	0	3261
538	3332	9	14	18	0	3373
539	41	3456	24	11	0	3532
540	29	35	14	3354	0	3432
541	16	3430	11	34	0	3491
542	15	46	3381	15	0	3457
543	3346	9	41	22	0	3418
544	3444	19	17	15	0	3495
545	46	9	3427	11	0	3493
546	26	13	3372	8	0	3419
547	15	3537	42	9	0	3603
548	3602	37	21	17	0	3677
549	50	13	15	3581	0	3659
550	20	16	14	3468	0	3518
551	24	3530	12	41	0	3607
552	3489	34	18	24	0	3565
553	40	15	3556	17	0	3628
554	26	12	39	3832	0	3909
555	3914	13	17	53	0	3997
556	53	3948	24	18	0	4043
557	15	52	4437	33	0	4537
558	22	16	4467	13	0	4518
559	23	39	81	4347	0	4490
560	14	4527	31	65	0	4637
561	10	77	4607	16	0	4710
562	24	23	81	4555	0	4683
563	4719	14	22	89	0	4844
564	79	11	4823	19	0	4932
565	38	11	101	4786	0	4936
566	22	10	4891	90	0	5013
567	6	11	4974	18	0	5009
568	22	54	111	4840	0	5027
569	13	7	5005	88	0	5113
570	4353	11	100	40	0	4504
571	85	6	4839	23	0	4953
572	4540	2	94	20	0	4656
573	94	4765	30	13	0	4902
574	4906	78	21	26	0	5031
575	85	5014	19	15	0	5133
576	33	93	17	5027	0	5170
577	30	20	16	5169	0	5235
578	14	15	5130	99	0	5258
579	11	7	5208	30	0	5256
580	20	2	108	5214	0	5344
581	11	12	5286	90	0	5399
582	22	11	107	5070	0	5210
583	14	5115	30	110	0	5269
584	15	5314	24	27	0	5380
585	20	100	16	5248	0	5384
586	26	36	20	5308	0	5390
587	15	19	5214	109	0	5357
588	20	23	94	5084	0	5221
589	11	5065	38	101	0	5215
590	5	5074	30	33	0	5142
591	15	5095	19	32	0	5161
592	13	105	19	4690	0	4827
593	8	4792	25	91	0	4916
594	4737	86	19	35	0	4877
595	94	20	24	4720	0	4858
596	18	16	4726	94	0	4854
597	30	10	86	4672	0	4798
598	10	19	4788	95	0	4912
599	11	19	4764	28	0	4822
600	11	17	4813	24	0	4865
601	14	4776	97	28	0	4915
602	16	92	4845	16	0	4969
603	4789	25	100	42	0	4956
604	4879	30	39	25	0	4973
605	4932	18	32	28	0	5010
606	112	16	25	4876	0	5029
607	4831	18	30	116	0	4995
608	81	4718	36	45	0	4880
609	21	4978	34	33	0	5066
610	4917	94	30	43	0	5084
611	87	34	5013	31	0	5165
612	37	21	106	4957	0	5121
613	20	22	5082	98	0	5222
614	18	22	5071	40	0	5151
615	16	5048	110	32	0	5206
616	38	96	46	4765	0	4945
617	22	35	37	5114	0	5208
618	5014	31	24	128	0	5197
619	92	5037	27	43	0	5199
620	34	5201	21	37	0	5293
621	40	107	5098	27	0	5272
622	24	5218	100	32	0	5374
623	5107	109	42	55	0	5313
624	5133	41	50	45	0	5269
625	103	35	5220	28	0	5386
626	30	25	5247	43	0	5345
627	35	34	148	4985	0	5202
628	30	27	75	5011	0	5143
629	23	5040	54	126	0	5243
630	36	105	42	5029	0	5212
631	34	45	50	5056	0	5185
632	39	5020	42	125	0	5226
633	39	97	44	4987	0	5167
634	37	37	60	4866	0	5000
635	26	4791	45	133	0	4995
636	35	98	4853	49	0	5035
637	32	36	121	4925	0	5114
638	4927	32	61	125	0	5145
639	4824	33	53	46	0	4956
640	127	50	4752	34	0	4963
641	4638	41	104	46	0	4829
642	4770	37	37	51	0	4895
643	109	4735	34	59	0	4937
644	44	102	4662	60	0	4868
645	27	42	4722	53	0	4844
646	24	41	133	4874	0	5072
647	4872	38	76	129	0	5115
648	5171	29	51	68	0	5319
649	130	29	44	5572	0	5775
650	6064	43	32	139	0	6278
651	6266	46	38	56	0	6406
652	6105	28	39	79	0	6251
653	152	45	6090	50	0	6337
654	67	34	5995	40	0	6136
655	5771	27	117	59	0	5974
656	103	23	5878	37	0	6041
657	29	5394	83	8	0	5514
658	47	82	57	5333	0	5519
659	16	20	5506	72	0	5614
660	15	12	5424	24	0	5475
661	32	45	80	5235	0	5392
662	17	6	5351	62	0	5436
663	13	8	5214	25	0	5260
664	13	4958	67	19	0	5057
665	8	5121	31	21	0	5181
666	5201	51	17	10	0	5279
667	68	19	12	5114	0	5213
668	5114	11	12	55	0	5192
669	54	7	5162	12	0	5235
670	36	1	48	5073	0	5158
671	27	14	16	5171	0	5228
672	5107	6	12	62	0	5187
673	53	5139	9	23	0	5224
674	18	44	4834	17	0	4913
675	16	23	4968	8	0	5015
676	8	5078	56	11	0	5153
677	8	44	5024	13	0	5089
678	8	5000	53	9	0	5070
679	8	4845	16	4	0	4873
680	17	55	4793	11	0	4876
681	4669	18	44	12	0	4743
682	50	13	14	4870	0	4947
683	18	4937	16	37	0	5008
684	22	38	12	4960	0	5032
685	4974	10	10	55	0	5049
686	4969	9	8	21	0	5007
687	4978	8	8	24	0	5018
688	50	6	5004	9	0	5069
689	27	6	43	4882	0	4958
690	11	5037	19	43	0	5110
691	5221	39	19	16	0	5295
692	42	15	11	5245	0	5313
693	24	20	8	5176	0	5228
694	14	8	16	5337	0	5375
695	9	9	5243	56	0	5317
696	4928	9	42	32	0	5011
697	41	5208	19	17	0	5285
698	29	44	11	5199	0	5283
699	34	14	9	5223	0	5280
700	5182	10	9	62	0	5263
701	53	12	4996	23	0	5084
702	25	7	5181	15	0	5228
703	19	5199	58	11	0	5287
704	16	47	5335	11	0	5409
705	5011	16	73	22	0	5122
706	48	5399	23	10	0	5480
707	19	52	5427	19	0	5517
708	5058	18	57	24	0	5157
709	59	15	5588	15	0	5677
710	25	5609	63	15	0	5712
711	33	47	28	5593	0	5701
712	25	18	28	5677	0	5748
713	19	23	5620	62	0	5724
714	24	20	5499	26	0	5569
715	22	5577	70	26	0	5695
716	5520	48	34	28	0	5630
717	60	5668	29	17	0	5774
718	32	50	33	5651	0	5766
719	30	24	5627	58	0	5739
720	5267	25	65	31	0	5388
721	68	21	34	5488	0	5611
722	29	5409	34	58	0	5530
723	21	5617	41	28	0	5707
724	22	62	42	5611	0	5737
725	22	30	30	5660	0	5742
726	5578	31	27	73	0	5709
727	55	25	26	5636	0	5742
728	28	27	5637	66	0	5758
729	5541	21	68	39	0	5669
730	5712	12	34	34	0	5792
731	69	18	5761	23	0	5871
732	5682	23	69	37	0	5811
733	74	21	25	5909	0	6029
734	48	22	24	5931	0	6025
735	41	16	18	5991	0	6066
736	46	14	24	5779	0	5863
737	21	5861	31	86	0	5999
738	5933	73	22	45	0	6073
739	6050	31	20	39	0	6140
740	96	33	6252	28	0	6409
741	6353	23	63	48	0	6487
742	6736	17	45	35	0	6833
743	6860	15	30	38	0	6943
744	7074	18	28	27	0	7147
745	125	7018	26	19	0	7188
746	81	114	11	6830	0	7036
747	36	46	6888	92	0	7062
748	38	23	6495	48	0	6604
749	5703	77	161	41	0	5982
750	5587	35	70	30	0	5722
751	80	5458	18	10	0	5566
752	5460	55	9	18	0	5542
753	68	5503	17	13	0	5601
754	54	65	7	5572	0	5698
755	5701	25	7	72	0	5805
756	5663	10	6	39	0	5718
757	5626	9	11	19	0	5665
758	89	5570	4	13	0	5676
759	5600	50	5	26	0	5681
760	79	34	14	5598	0	5725
761	5672	12	12	66	0	5762
762	74	17	5542	24	0	5657
763	43	5600	53	17	0	5713
764	5614	55	27	30	0	5726
765	69	28	5611	10	0	5718
766	50	15	61	5569	0	5695
767	28	13	5656	54	0	5751
768	31	16	5583	24	0	5654
769	46	6	74	5530	0	5656
770	25	15	5738	57	0	5835
771	39	11	68	5642	0	5760
772	33	10	34	5710	0	5787
773	5832	6	12	97	0	5947
774	65	5824	15	35	0	5939
775	36	5919	17	22	0	5994
776	26	6084	11	17	0	6138
777	34	84	6069	11	0	6198
778	32	42	67	5958	0	6099
779	19	25	6205	70	0	6319
780	5940	19	73	40	0	6072
781	6120	14	37	26	0	6197
782	93	6143	25	20	0	6281
783	57	70	13	6008	0	6148
784	32	6150	18	66	0	6266
785	6161	73	12	42	0	6288
786	85	33	18	6116	0	6252
787	36	26	6120	72	0	6254
788	32	6063	69	47	0	6211
789	24	80	6141	27	0	6272
790	41	31	75	6047	0	6194
791	30	23	6082	72	0	6207
792	5709	22	84	49	0	5864
793	84	20	6085	26	0	6215
794	41	6056	90	23	0	6210
795	42	75	43	6069	0	6229
796	37	34	36	6190	0	6297
797	6105	22	32	105	0	6264
798	6132	16	27	54	0	6229
799	98	6028	19	41	0	6186
800	54	81	6016	29	0	6180
801	37	45	5947	18	0	6047
802	5861	19	93	37	0	6010
803	87	26	5964	26	0	6103
804	47	25	5783	19	0	5874
805	46	24	5783	25	0	5878
806	30	31	5777	16	0	5854
807	31	5778	106	26	0	5941
808	5826	66	63	34	0	5989
809	93	43	33	5671	0	5840
810	5662	26	30	78	0	5796
811	95	5597	28	35	0	5755
812	5596	77	27	38	0	5738
813	87	5752	36	41	0	5916
814	55	82	36	5728	0	5901
815	45	5926	33	74	0	6078
816	37	93	5858	34	0	6022
817	32	6036	88	28	0	6184
818	33	91	60	6545	0	6729
819	6607	45	41	108	0	6801
820	108	38	42	6591	0	6779
821	56	30	6610	103	0	6799
822	46	39	98	6434	0	6617
823	34	6545	61	93	0	6733
824	29	100	6560	59	0	6748
825	6452	46	111	55	0	6664
826	116	37	51	6722	0	6926
827	6614	25	39	114	0	6792
828	6624	40	38	75	0	6777
829	120	6712	37	39	0	6908
830	6551	114	34	71	0	6770
831	6719	51	35	54	0	6859
832	133	6697	40	31	0	6901
833	78	89	39	6649	0	6855
834	63	53	37	6604	0	6757
835	32	6661	40	115	0	6848
836	36	103	35	6780	0	6954
837	31	44	6749	109	0	6933
838	64	56	96	6608	0	6824
839	42	28	6615	116	0	6801
840	44	27	6023	38	0	6132
841	20	5963	105	41	0	6129
842	26	5893	50	33	0	6002
843	32	6035	37	28	0	6132
844	60	91	30	5706	0	5887
845	18	37	5807	60	0	5922
846	5597	20	61	45	0	5723
847	68	21	29	5794	0	5912
848	24	15	5844	61	0	5944
849	22	18	5790	27	0	5857
850	16	5904	67	25	0	6012
851	30	71	30	5862	0	5993
852	5770	25	28	75	0	5898
853	53	5741	20	29	0	5843
854	23	5658	13	28	0	5722
855	13	5649	16	24	0	5702
856	18	100	23	5619	0	5760
857	10	5817	16	69	0	5912
858	24	77	17	6119	0	6237
859	23	29	13	6169	0	6234
860	26	19	6033	87	0	6165
861	5479	26	84	56	0	5645
862	82	25	6122	20	0	6249
863	37	33	84	6101	0	6255
864	15	23	6200	86	0	6324
865	12	6150	82	43	0	6287
866	6102	96	46	41	0	6285
867	102	37	22	6026	0	6187
868	39	17	17	6145	0	6218
869	6102	20	16	116	0	6254
870	6022	13	28	62	0	6125
871	6182	23	16	39	0	6260
872	97	18	6180	26	0	6321
873	5747	12	73	41	0	5873
874	81	5960	35	18	0	6094
875	32	6021	19	21	0	6093
876	33	91	17	5814	0	5955
877	31	31	12	5736	0	5810
878	21	5774	18	85	0	5898
879	34	87	13	5761	0	5895
880	5721	34	11	101	0	5867
881	79	30	5740	38	0	5887
882	27	5730	72	27	0	5856
883	5573	80	28	36	0	5717
884	72	5677	17	30	0	5796
885	31	83	5676	26	0	5816
886	38	47	77	5600	0	5762
887	30	24	5700	77	0	5831
888	22	5647	80	34	0	5783
889	31	78	35	5627	0	5771
890	22	34	5621	87	0	5764
891	22	33	5640	35	0	5730
892	28	26	87	5676	0	5817
893	5653	10	43	99	0	5805
894	5705	22	24	47	0	5798
895	5727	21	18	42	0	5808
896	99	30	5841	25	0	5995
897	47	5844	79	24	0	5994
898	27	86	31	5865	0	6009
899	29	33	29	5792	0	5883
900	28	5879	17	101	0	6025
901	5867	85	24	49	0	6025
902	87	34	24	5941	0	6086
903	28	32	5956	87	0	6103
904	15	5939	90	43	0	6087
905	5816	90	36	41	0	5983
906	75	5888	25	39	0	6027
907	43	78	33	5837	0	5991
908	40	34	32	5830	0	5936
909	34	24	22	5875	0	5955
910	24	24	5824	110	0	5982
911	33	36	79	5658	0	5806
912	24	5669	42	95	0	5830
913	23	5617	25	44	0	5709
914	26	93	5455	35	0	5609
915	5099	32	71	55	0	5257
916	5408	27	38	46	0	5519
917	95	5271	27	30	0	5423
918	4707	74	28	31	0	4840
919	4700	22	18	43	0	4783
920	70	4885	23	32	0	5010
921	42	75	21	5013	0	5151
922	34	25	5250	82	0	5391
923	28	27	5036	40	0	5131
924	5176	14	95	47	0	5332
925	83	5278	36	47	0	5444
926	40	88	30	5285	0	5443
927	32	30	24	5319	0	5405
928	30	28	19	5308	0	5385
929	5240	28	13	103	0	5384
930	102	24	17	5219	0	5362
931	52	20	20	5235	0	5327
932	37	19	5063	97	0	5216
933	4673	21	77	61	0	4832
934	81	5003	28	33	0	5145
935	4972	74	19	38	0	5103
936	70	4882	25	29	0	5006
937	31	74	37	4885	0	5027
938	4889	26	25	99	0	5039
939	4966	29	24	52	0	5071
940	78	33	4881	33	0	5025
941	4976	18	56	47	0	5097
942	78	25	5015	38	0	5156
943	43	23	4822	39	0	4927
944	37	18	4789	35	0	4879
945	24	19	5199	36	0	5278
946	35	22	131	5360	0	5548
947	31	18	5482	101	0	5632
948	32	27	112	5341	0	5512
949	5412	25	47	106	0	5590
950	117	29	23	5376	0	5545
951	5262	26	30	133	0	5451
952	105	5326	26	57	0	5514
953	63	105	19	5345	0	5532
954	48	32	5361	119	0	5560
955	40	5511	113	53	0	5717
956	58	104	31	5462	0	5655
957	30	41	5529	107	0	5707
958	13	5374	106	37	0	5530
959	9	5552	42	27	0	5630
960	16	106	5463	17	0	5602
961	47	64	100	5261	0	5472
962	10	22	5312	105	0	5449
963	5018	13	104	54	0	5189
964	5252	5	36	37	0	5330
965	113	5174	25	29	0	5341
966	5207	99	12	19	0	5337
967	119	37	6	5198	0	5360
968	39	14	5126	108	0	5287
969	4885	15	101	50	0	5051
970	105	22	5043	23	0	5193
971	31	5080	111	23	0	5245
972	5181	99	50	24	0	5354
973	110	37	31	5176	0	5354
974	34	27	5213	88	0	5362
975	5084	15	110	38	0	5247
976	5156	11	40	34	0	5241
977	5211	10	32	24	0	5277
978	142	5	14	5094	0	5255
979	68	14	15	5179	0	5276
980	39	18	5081	115	0	5253
981	32	5066	99	50	0	5247
982	33	95	41	5023	0	5192
983	42	27	25	5188	0	5282
984	26	23	5123	117	0	5289
985	16	18	5104	47	0	5185
986	39	19	128	5047	0	5233
987	4998	13	49	121	0	5181
988	101	5007	34	42	0	5184
989	5018	102	29	32	0	5181
990	115	5043	21	36	0	5215
991	57	109	4967	22	0	5155
992	44	41	5056	28	0	5169
993	4950	19	134	42	0	5145
994	5403	19	53	48	0	5523
995	144	5363	42	31	0	5580
996	65	129	5220	33	0	5447
997	59	45	125	5185	0	5414
998	51	40	52	5128	0	5271
999	31	5236	61	140	0	5468
1000	37	126	37	5279	0	5479
1001	31	50	5267	149	0	5497
1002	5177	38	122	69	0	5406
1003	5226	39	58	53	0	5376
1004	5186	31	48	35	0	5300
1005	5349	25	29	40	0	5443
1006	185	20	5146	27	0	5378
1007	5169	19	140	25	0	5353
1008	186	15	5179	19	0	5399
1009	70	5110	164	23	0	5367
1010	65	119	67	5201	0	5452
1011	5261	45	65	141	0	5512
1012	133	30	43	5492	0	5698
1013	72	30	5492	150	0	5744
1014	5466	24	141	70	0	5701
1015	5646	21	60	68	0	5795
1016	195	19	65	5501	0	5780
1017	109	15	32	5657	0	5813
1018	71	23	5511	175	0	5780
1019	54	5534	127	84	0	5799
1020	5311	121	51	68	0	5551
1021	126	49	5081	40	0	5296
1022	4885	33	117	33	0	5068
1023	152	4929	63	21	0	5165
1024	4871	110	52	32	0	5065
1025	163	4770	31	16	0	4980
1026	78	4849	30	23	0	4980
1027	70	149	33	4767	0	5019
1028	59	62	22	4895	0	5038
1029	42	38	36	4907	0	5023
1030	41	32	18	4929	0	5020
1031	33	25	4784	175	0	5017
1032	4719	19	119	80	0	4937
1033	4884	14	55	57	0	5010
1034	4968	21	43	29	0	5061
1035	198	12	30	4798	0	5038
1036	106	16	24	4908	0	5054
1037	4842	25	24	160	0	5051
1038	4853	17	21	89	0	4980
1039	4838	23	28	60	0	4949
1040	187	29	24	4627	0	4867
1041	82	29	37	4588	0	4736
1042	68	18	4410	142	0	4638
1043	49	19	4375	78	0	4521
1044	38	4351	132	46	0	4567
1045	3739	131	115	83	0	4068
1046	3703	38	37	34	0	3812
1047	3690	23	20	30	0	3763
1048	120	18	3682	26	0	3846
1049	3649	16	75	40	0	3780
1050	3716	13	30	39	0	3798
1051	3728	13	33	29	0	3803
1052	135	10	19	3590	0	3754
1053	77	155	18	3470	0	3720
1054	64	12	14	3573	0	3663
1055	40	17	3217	104	0	3378
1056	3081	14	62	54	0	3211
1057	81	3122	26	38	0	3267
1058	2776	49	17	28	0	2870
1059	70	2717	11	19	0	2817
1060	44	2744	9	21	0	2818
1061	48	60	20	2708	0	2836
1062	27	35	16	2689	0	2767
1063	23	2671	12	64	0	2770
1064	2603	47	9	41	0	2700
1065	2636	27	7	27	0	2697
1066	74	12	11	2570	0	2667
1067	54	13	2553	60	0	2680
1068	45	12	2511	30	0	2598
1069	36	5	2591	26	0	2658
1070	36	11	2558	18	0	2623
1071	2367	18	82	28	0	2495
1072	2342	8	33	24	0	2407
1073	75	7	22	2269	0	2373
1074	43	11	2245	54	0	2353
1075	32	19	44	2300	0	2395
1076	23	2306	24	59	0	2412
1077	32	2486	22	25	0	2565
1078	2528	58	9	20	0	2615
1079	2526	36	11	15	0	2588
1080	2525	22	9	24	0	2580
1081	81	12	10	2492	0	2595
1082	48	9	11	2545	0	2613
1083	42	10	12	2562	0	2626
1084	34	8	8	2544	0	2594
1085	27	6	2504	79	0	2616
1086	25	5	43	2512	0	2585
1087	2642	4	23	67	0	2736
1088	56	10	24	2669	0	2759
1089	38	8	12	2705	0	2763
1090	38	10	18	2695	0	2761
1091	27	2605	11	79	0	2722
1092	25	2599	9	38	0	2671
1093	14	2631	12	33	0	2690
1094	23	44	5	2313	0	2385
1095	24	13	9	2330	0	2376
1096	2320	8	8	52	0	2388
1097	2329	7	7	21	0	2364
1098	2330	5	7	22	0	2364
1099	51	8	7	2288	0	2354
1100	17	6	8	2304	0	2335
1101	18	2272	11	47	0	2348
1102	17	2371	6	17	0	2411
1103	2343	48	5	10	0	2406
1104	49	11	5	2322	0	2387
1105	2339	6	4	48	0	2397
1106	2385	7	5	26	0	2423
1107	53	5	6	2349	0	2413
1108	18	2425	9	40	0	2492
1109	2451	41	4	27	0	2523
1110	2523	10	4	15	0	2552
1111	54	9	2569	8	0	2640
1112	2335	3	20	21	0	2379
1113	35	2385	8	17	0	2445
1114	15	27	7	2469	0	2518
1115	2789	5	2	54	0	2850
1116	41	3	5	2830	0	2879
1117	19	5	3	2844	0	2871
1118	9	2853	3	39	0	2904
1119	2851	33	2	21	0	2907
1120	2901	8	2	15	0	2926
1121	43	2868	2	10	0	2923
1122	12	3058	3	9	0	3082
1123	3032	38	5	11	0	3086
1124	3026	9	0	11	0	3046
1125	49	7	2957	5	0	3018
1126	19	11	2814	6	0	2850
1127	10	11	3005	5	0	3031
1128	16	5	36	3046	0	3103
1129	13	7	11	3110	0	3141
1130	11	6	3082	37	0	3136
1131	3044	4	36	22	0	3106
1132	3204	3	9	17	0	3233
1133	3223	6	4	13	0	3246
1134	3170	2	2	18	0	3192
1135	52	3	3439	5	0	3499
1136	3485	5	34	21	0	3545
1137	3595	5	9	24	0	3633
1138	3615	7	7	19	0	3648
1139	3703	3	6	16	0	3728
1140	3691	4	5	11	0	3711
1141	52	7	3715	16	0	3790
1142	25	3733	34	7	0	3799
1143	21	31	7	3702	0	3761
1144	16	11	7	3810	0	3844
1145	13	11	3776	41	0	3841
1146	3530	4	41	17	0	3592
1147	47	5	12	3753	0	3817
1148	20	6	3818	41	0	3885
1149	23	7	3659	14	0	3703
1150	16	3961	42	12	0	4031
1151	24	35	10	4054	0	4123
1152	21	9	9	4117	0	4156
1153	20	9	11	4066	0	4106
1154	4111	5	13	48	0	4177
1155	40	8	10	4107	0	4165
1156	27	2	4054	45	0	4128
1157	22	10	3783	17	0	3832
1158	17	9	4281	16	0	4323
1159	24	9	45	4337	0	4415
1160	4425	5	17	51	0	4498
1161	48	11	4438	13	0	4510
1162	4351	7	43	23	0	4424
1163	4999	2	15	44	0	5060
1164	57	7	14	5125	0	5203
1165	31	7	8	5194	0	5240
1166	25	5245	11	42	0	5323
1167	20	31	5314	20	0	5385
1168	5230	13	41	21	0	5305
1169	45	12	18	5568	0	5643
1170	24	5533	14	43	0	5614
1171	20	35	8	5646	0	5709
1172	17	23	5657	46	0	5743
1173	28	16	37	5566	0	5647
1174	22	5598	23	44	0	5687
1175	17	37	14	5601	0	5669
1176	5615	12	18	62	0	5707
1177	44	11	16	5570	0	5641
1178	21	5493	17	45	0	5576
1179	16	5608	8	27	0	5659
1180	5478	45	11	30	0	5564
1181	49	16	5691	13	0	5769
1182	39	16	36	5607	0	5698
1183	26	13	15	5843	0	5897
1184	14	9	5947	57	0	6027
1185	10	5979	48	23	0	6060
1186	11	42	6024	18	0	6095
1187	23	19	45	5855	0	5942
1188	13	6122	19	39	0	6193
1189	6231	36	15	39	0	6321
1190	45	6245	15	16	0	6321
1191	15	6352	11	19	0	6397
1192	6407	39	20	32	0	6498
1193	6629	17	7	35	0	6688
1194	6725	10	10	28	0	6773
1195	46	2	9	6803	0	6860
1196	15	7	6817	34	0	6873
1197	6743	9	33	42	0	6827
1198	7233	4	12	30	0	7279
1199	65	8	12	7468	0	7553
1200	27	11	7527	53	0	7618
1201	12	7489	53	18	0	7572
1202	7535	48	12	37	0	7632
1203	7861	12	10	55	0	7938
1204	60	8017	12	9	0	8098
1205	20	8283	7	11	0	8321
1206	8303	56	4	35	0	8398
1207	8283	17	3	36	0	8339
1208	8250	9	7	35	0	8301
1209	80	4	7	8239	0	8330
1210	25	17	8441	51	0	8534
1211	26	17	54	8264	0	8361
1212	18	15	8408	62	0	8503
1213	14	8162	60	24	0	8260
1214	14	8304	20	12	0	8350
1215	30	47	7	7893	0	7977
1216	24	15	5	8096	0	8140
1217	33	8	9	7972	0	8022
1218	11	8102	7	59	0	8179
1219	8033	42	7	48	0	8130
1220	8001	17	9	41	0	8068
1221	54	8191	12	14	0	8271
1222	37	47	4	8026	0	8114
1223	21	8136	11	46	0	8214
1224	23	63	3	8103	0	8192
1225	16	8239	6	48	0	8309
1226	8279	50	6	41	0	8376
1227	66	23	6	8222	0	8317
1228	23	16	8174	54	0	8267
1229	7992	10	51	63	0	8116
1230	8137	16	15	58	0	8226
1231	64	16	8196	16	0	8292
1232	38	16	48	8157	0	8259
1233	15	21	8328	57	0	8421
1234	26	18	49	8341	0	8434
1235	16	26	8125	62	0	8229
1236	7785	13	47	51	0	7896
1237	65	15	13	8007	0	8100
1238	19	8031	17	64	0	8131
1239	8217	57	8	49	0	8331
1240	80	23	7	8284	0	8394
1241	38	23	7	8292	0	8360
1242	21	22	8253	77	0	8373
1243	39	20	57	8434	0	8550
1244	20	18	8703	90	0	8831
1245	19	24	8933	33	0	9009
1246	38	23	92	9232	0	9385
1247	21	16	9932	100	0	10069
1248	9787	12	125	73	0	9997
1249	11265	16	34	68	0	11383
1250	11904	10	25	64	0	12003
1251	237	12327	30	46	0	12640
1252	154	177	21	12488	0	12840
1253	111	80	25	12252	0	12468
1254	38	12760	21	230	0	13049
1255	12709	199	23	135	0	13066
1256	237	90	12	12707	0	13046
1257	93	47	12956	211	0	13307
1258	62	39	12535	101	0	12737
1259	46	12590	256	88	0	12980
1260	12624	188	112	93	0	13017
1261	211	94	12621	38	0	12964
1262	12003	45	218	86	0	12352
1263	218	11948	96	49	0	12311
1264	102	199	12032	36	0	12369
1265	80	90	11725	34	0	11929
1266	48	55	12062	43	0	12208
1267	52	11853	287	51	0	12243
1268	58	230	11934	29	0	12251
1269	11633	81	229	51	0	11994
1270	298	62	115	11161	0	11636
1271	139	50	65	11875	0	12129
1272	89	33	44	12038	0	12204
1273	80	32	39	12081	0	12232
1274	43	51	11967	306	0	12367
1275	66	23	224	11897	0	12210
1276	74	28	108	12073	0	12283
1277	11792	26	76	327	0	12221
1278	12074	29	74	159	0	12336
1279	11576	38	65	134	0	11813
1280	307	28	11980	64	0	12379
1281	136	12018	229	54	0	12437
1282	78	12533	118	51	0	12780
1283	11846	272	72	100	0	12290
1284	223	12198	61	53	0	12535
1285	134	252	55	12039	0	12480
1286	88	114	49	12346	0	12597
1287	56	73	12100	296	0	12525
1288	50	11860	229	162	0	12301
1289	49	231	11744	101	0	12125
1290	11419	89	264	108	0	11880
1291	11951	60	125	94	0	12230
1292	318	47	80	11756	0	12201
1293	154	47	62	11623	0	11886
1294	108	31	66	11642	0	11847
1295	116	37	55	11685	0	11893
1296	54	48	11529	363	0	11994
1297	112	58	227	11346	0	11743
1298	63	39	11330	280	0	11712
1299	48	33	10923	146	0	11150
1300	34	10951	297	109	0	11391
1301	10932	205	146	120	0	11403
1302	209	11231	89	72	0	11601
1303	134	242	72	10783	0	11231
1304	77	119	11262	228	0	11686
1305	10812	62	235	165	0	11274
1306	242	47	11109	98	0	11496
1307	11076	38	277	83	0	11474
1308	11293	27	139	89	0	11548
1309	353	34	91	11369	0	11847
1310	193	33	75	11221	0	11522
1311	149	39	62	11386	0	11636
1312	99	59	11020	355	0	11533
1313	10738	51	256	211	0	11256
1314	249	10906	125	158	0	11438
1315	165	226	98	10964	0	11453
1316	10953	141	77	300	0	11471
1317	11152	82	91	162	0	11487
1318	11226	63	63	142	0	11494
1319	410	64	10797	100	0	11371
1320	11005	76	258	112	0	11451
1321	11114	88	145	125	0	11472
1322	375	68	10347	139	0	10929
1323	201	77	11141	99	0	11518
1324	172	70	351	11000	0	11593
1325	137	58	11273	298	0	11766
1326	89	10768	382	176	0	11415
1327	78	11231	256	91	0	11656
1328	10838	342	164	95	0	11439
1329	298	11233	117	81	0	11729
1330	217	302	115	11126	0	11760
1331	10782	152	107	320	0	11361
1332	305	11239	90	186	0	11820
1333	180	286	122	11185	0	11773
1334	123	123	138	11362	0	11746
1335	93	90	11066	411	0	11660
1336	105	73	325	11059	0	11562
1337	90	92	11047	348	0	11577
1338	120	44	11009	228	0	11401
1339	144	59	339	10742	0	11284
1340	123	46	169	11000	0	11338
1341	10686	47	98	457	0	11288
1342	283	11490	106	246	0	12125
1343	183	274	79	11241	0	11777
1344	158	242	80	11276	0	11756
1345	10695	77	59	453	0	11284
1346	317	10384	57	237	0	10995
1347	172	9767	52	130	0	10121
1348	88	9376	58	105	0	9627
1349	48	8342	51	64	0	8505
1350	7077	195	208	47	0	7527
1351	6914	73	49	51	0	7087
1352	6688	35	20	46	0	6789
1353	6704	26	19	37	0	6786
1354	194	22	15	6547	0	6778
1355	80	21	6454	135	0	6690
1356	41	6423	123	56	0	6643
1357	51	134	44	6329	0	6558
1358	33	56	6326	139	0	6554
1359	39	33	129	6259	0	6460
1360	44	24	59	6340	0	6467
1361	28	29	6265	179	0	6501
1362	43	24	129	6253	0	6449
1363	67	38	70	5929	0	6104
1364	6306	31	29	184	0	6550
1365	6224	25	34	87	0	6370
1366	6250	22	24	66	0	6362
1367	6265	23	21	63	0	6372
1368	206	17	25	6083	0	6331
1369	105	23	17	6186	0	6331
1370	64	30	21	6182	0	6297
1371	6039	21	27	205	0	6292
1372	168	23	23	6081	0	6295
1373	92	24	28	6121	0	6265
1374	60	19	5895	198	0	6172
1375	77	26	133	5812	0	6048
1376	58	5728	56	161	0	6003
1377	56	5998	29	97	0	6180
1378	5668	139	29	64	0	5900
1379	150	58	5631	50	0	5889
1380	87	5430	111	55	0	5683
1381	5270	115	84	52	0	5521
1382	152	43	37	5247	0	5479
1383	77	41	5252	133	0	5503
1384	55	40	114	5158	0	5367
1385	37	5377	54	127	0	5595
1386	5314	115	36	88	0	5553
1387	123	5405	30	60	0	5618
1388	5384	118	27	63	0	5592
1389	5512	47	24	66	0	5649
1390	169	35	26	5473	0	5703
1391	84	36	17	5388	0	5525
1392	47	5382	25	172	0	5626
1393	5434	114	23	98	0	5669
1394	135	61	5398	53	0	5647
1395	5279	42	104	61	0	5486
1396	5248	37	51	49	0	5385
1397	159	30	5063	53	0	5305
1398	84	34	105	4885	0	5108
1399	4921	23	54	145	0	5143
1400	133	19	4892	76	0	5120
1401	59	35	4706	49	0	4849
1402	4422	22	129	44	0	4617
1403	116	4441	45	56	0	4658
1404	53	4146	29	29	0	4257
1405	77	120	46	4032	0	4275
1406	38	50	4023	98	0	4209
1407	3818	19	96	61	0	3994
1408	113	22	3915	27	0	4077
1409	54	3706	84	23	0	3867
1410	3680	84	52	32	0	3848
1411	100	47	21	3670	0	3838
1412	3682	22	15	109	0	3828
1413	107	25	3650	49	0	3831
1414	61	22	85	3560	0	3728
1415	31	3675	43	83	0	3832
1416	41	85	14	3644	0	3784
1417	38	49	19	3707	0	3813
1418	34	25	3658	113	0	3830
1419	38	3519	84	60	0	3701
1420	40	3549	39	30	0	3658
1421	42	94	3427	25	0	3588
1422	3250	32	96	27	0	3405
1423	3338	21	42	32	0	3433
1424	121	31	23	3232	0	3407
1425	3113	15	22	83	0	3233
1426	77	2980	29	44	0	3130
1427	35	3153	29	35	0	3252
1428	3133	91	40	33	0	3297
1429	104	35	17	3085	0	3241
1430	3169	16	22	91	0	3298
1431	3210	16	11	58	0	3295
1432	110	16	18	3002	0	3146
1433	46	28	2967	79	0	3120
1434	2951	16	69	40	0	3076
1435	2998	14	35	20	0	3067
1436	113	15	16	2921	0	3065
1437	47	2929	18	83	0	3077
1438	37	77	20	2940	0	3074
1439	40	29	2903	83	0	3055
1440	31	17	2870	40	0	2958
1441	24	2834	89	34	0	2981
1442	59	48	33	1907	0	2047
1443	16	11	18	1944	0	1989
1444	12	9	1923	38	0	1982
1445	1877	9	32	22	0	1940
1446	1931	7	9	13	0	1960
1447	1926	9	15	5	0	1955
1448	1907	6	5	17	0	1935
1449	42	1841	17	9	0	1909
1450	21	1897	8	7	0	1933
1451	1927	40	6	8	0	1981
1452	48	5	9	1945	0	2007
1453	27	11	6	1967	0	2011
1454	17	1966	9	46	0	2038
1455	17	40	6	1989	0	2052
1456	17	12	7	1966	0	2002
1457	13	1953	3	48	0	2017
1458	10	39	1944	19	0	2012
1459	13	16	40	1956	0	2025
1460	1945	11	13	46	0	2015
1461	1934	10	9	21	0	1974
1462	48	8	1911	10	0	1977
1463	22	7	1898	16	0	1943
1464	18	13	1868	12	0	1911
1465	18	5	43	1838	0	1904
1466	15	7	1849	37	0	1908
1467	16	11	1813	14	0	1854
1468	14	41	45	1725	0	1825
1469	13	1815	12	44	0	1884
1470	12	36	1839	17	0	1904
1471	9	1860	46	11	0	1926
1472	1826	36	15	17	0	1894
1473	40	1851	14	8	0	1913
1474	19	38	10	1804	0	1871
1475	1825	7	5	41	0	1878
1476	42	8	13	1798	0	1861
1477	21	12	8	1830	0	1871
1478	18	10	1857	34	0	1919
1479	12	1783	38	21	0	1854
1480	13	1837	18	12	0	1880
1481	21	48	4	1721	0	1794
1482	11	11	8	1740	0	1770
1483	11	6	7	1706	0	1730
1484	7	11	1655	42	0	1715
1485	7	9	1563	10	0	1589
1486	1427	7	29	13	0	1476
1487	31	6	1510	8	0	1555
1488	7	3	1516	8	0	1534
1489	6	1458	33	5	0	1502
1490	9	37	13	1439	0	1498
1491	4	6	1476	33	0	1519
1492	12	4	30	1420	0	1466
1493	8	2	1490	36	0	1536
1494	12	7	31	1471	0	1521
1495	5	3	1581	32	0	1621
1496	6	6	32	1542	0	1586
1497	1	5	11	1552	0	1569
1498	6	1605	9	34	0	1654
1499	7	29	3	1616	0	1655
1500	2	1628	12	34	0	1676
1501	9	34	5	1647	0	1695
1502	3	9	4	1681	0	1697
1503	1611	3	7	39	0	1660
1504	30	5	5	1614	0	1654
1505	7	9	1612	34	0	1662
1506	5	3	33	1588	0	1629
1507	2	2	7	1622	0	1633
1508	5	4	1584	37	0	1630
1509	6	3	1582	16	0	1607
1510	3	4	36	1550	0	1593
1511	7	4	10	1620	0	1641
1512	5	5	1592	42	0	1644
1513	3	1541	31	14	0	1589
1514	2	1600	12	12	0	1626
1515	1548	33	8	20	0	1609
1516	40	6	3	1575	0	1624
1517	1615	5	8	43	0	1671
1518	1618	2	9	15	0	1644
1519	33	1630	7	7	0	1677
1520	1619	30	9	13	0	1671
1521	1641	7	8	14	0	1670
1522	33	4	1619	7	0	1663
1523	12	3	29	1622	0	1666
1524	3	5	1691	35	0	1734
1525	9	2	38	1691	0	1740
1526	1	8	1695	39	0	1743
1527	3	1575	28	10	0	1616
1528	7	1634	7	7	0	1655
1529	3	32	10	1571	0	1616
1530	1551	5	2	35	0	1593
1531	29	2	1	1564	0	1596
1532	12	2	7	1585	0	1606
1533	3	4	1602	34	0	1643
1534	4	3	1610	8	0	1625
1535	5	6	1624	6	0	1641
1536	9	2	33	1592	0	1636
1537	7	4	10	1587	0	1608
1538	2	1598	4	36	0	1640
1539	1	1689	11	12	0	1713
1540	1651	30	7	10	0	1698
1541	25	1669	8	5	0	1707
1542	8	26	1636	11	0	1681
1543	7	7	30	1606	0	1650
1544	1	6	1707	33	0	1747
1545	5	1727	31	9	0	1772
1546	4	27	7	1732	0	1770
1547	1686	6	5	37	0	1734
1548	25	4	1725	11	0	1765
1549	4	1737	28	9	0	1778
1550	6	30	1735	4	0	1775
1551	1	1700	25	8	0	1734
1552	14	29	8	1632	0	1683
1553	1636	7	4	35	0	1682
1554	1616	4	2	15	0	1637
1555	24	1617	6	0	0	1647
1556	1624	22	2	10	0	1658
1557	23	5	5	1619	0	1652
1558	1622	2	5	29	0	1658
1559	21	1	1663	11	0	1696
1560	7	6	1671	5	0	1689
1561	6	4	26	1626	0	1662
1562	3	4	7	1725	0	1739
1563	3	5	1709	31	0	1748
1564	4	4	27	1695	0	1730
1565	1705	4	9	29	0	1747
1566	1707	5	6	14	0	1732
1567	32	1668	5	6	0	1711
1568	8	1690	3	10	0	1711
1569	1637	27	5	8	0	1677
1570	30	8	3	1604	0	1645
1571	1584	7	3	27	0	1621
1572	26	1601	6	8	0	1641
1573	1588	25	6	11	0	1630
1574	25	8	1572	6	0	1611
1575	8	3	1587	7	0	1605
1576	7	10	31	1568	0	1616
1577	4	4	1597	26	0	1631
1578	9	7	22	1525	0	1563
1579	8	0	9	1496	0	1513
1580	7	4	1598	32	0	1641
1581	4	2	24	1614	0	1644
1582	9	4	7	1719	0	1739
1583	7	1	1777	26	0	1811
1584	5	2	1770	13	0	1790
1585	1728	1	32	14	0	1775
1586	22	5	1804	8	0	1839
1587	1851	3	37	10	0	1901
1588	2024	2	15	12	0	2053
1589	39	2	2098	5	0	2144
1590	11	4	2152	1	0	2168
1591	14	19	37	2045	0	2115
1592	9	5	14	2036	0	2064
1593	8	2056	14	32	0	2110
1594	3	2129	11	20	0	2163
1595	4	39	2033	9	0	2085
1596	2002	12	32	13	0	2059
1597	2043	10	11	11	0	2075
1598	40	4	2008	4	0	2056
1599	15	6	2005	8	0	2034
1600	15	3	41	1930	0	1989
1601	6	1965	18	27	0	2016
1602	10	30	11	2011	0	2062
1603	8	12	5	2036	0	2061
1604	2020	9	3	40	0	2072
1605	2015	4	6	19	0	2044
1606	44	3	5	2042	0	2094
1607	17	2	2058	31	0	2108
1608	1975	1	35	15	0	2026
1609	30	2085	13	10	0	2138
1610	2093	30	10	12	0	2145
1611	2063	7	11	11	0	2092
1612	34	2082	10	7	0	2133
1613	18	2124	8	8	0	2158
1614	21	35	7	2095	0	2158
1615	8	17	6	2133	0	2164
1616	9	2109	1	39	0	2158
1617	10	37	6	2074	0	2127
1618	10	9	7	2111	0	2137
1619	9	14	2097	42	0	2162
1620	2059	2	34	22	0	2117
1621	2119	4	16	15	0	2154
1622	2138	4	11	10	0	2163
1623	55	4	8	2088	0	2155
1624	2038	5	5	37	0	2085
1625	41	2014	11	13	0	2079
1626	15	29	8	1933	0	1985
1627	17	1941	12	26	0	1996
1628	9	2041	8	13	0	2071
1629	2001	32	18	25	0	2076
1630	2046	15	7	11	0	2079
1631	2023	11	11	8	0	2053
1632	2035	5	7	12	0	2059
1633	2035	1	6	10	0	2052
1634	56	2	1997	7	0	2062
1635	1997	6	34	7	0	2044
1636	46	14	2025	4	0	2089
1637	1962	8	38	9	0	2017
1638	2009	5	12	6	0	2032
1639	1980	4	12	10	0	2006
1640	53	7	1970	11	0	2041
1641	23	12	35	1931	0	2001
1642	18	2014	14	33	0	2079
1643	2063	31	11	20	0	2125
1644	2017	15	7	15	0	2054
1645	45	2010	7	8	0	2070
1646	2036	32	8	13	0	2089
1647	61	9	7	1983	0	2060
1648	17	2020	11	30	0	2078
1649	2007	30	7	15	0	2059
1650	2012	11	9	20	0	2052
1651	45	14	4	1994	0	2057
1652	2012	7	10	36	0	2065
1653	62	2	5	2013	0	2082
1654	20	2	8	2047	0	2077
1655	23	7	2009	41	0	2080
1656	22	7	32	1994	0	2055
1657	15	3	13	2034	0	2065
1658	13	9	2020	38	0	2080
1659	11	9	1971	16	0	2007
1660	15	8	38	1962	0	2023
1661	13	4	1994	34	0	2045
1662	1883	3	36	9	0	1931
1663	37	1985	9	11	0	2042
1664	14	33	11	2001	0	2059
1665	19	7	2	2053	0	2081
1666	8	11	1	2029	0	2049
1667	2040	5	2	45	0	2092
1668	2038	4	5	23	0	2070
1669	2038	3	3	22	0	2066
1670	48	2048	4	7	0	2107
1671	25	32	3	2073	0	2133
1672	25	7	5	2091	0	2128
1673	2078	8	2	39	0	2127
1674	2093	3	1	20	0	2117
1675	45	5	2	2064	0	2116
1676	21	6	2065	31	0	2123
1677	2067	4	30	14	0	2115
1678	2112	6	8	11	0	2137
1679	39	4	2117	9	0	2169
1680	1967	2	29	14	0	2012
1681	47	4	2049	5	0	2105
1682	1985	1	35	10	0	2031
1683	50	37	5	2015	0	2107
1684	20	2170	10	33	0	2233
1685	14	30	2296	7	0	2347
1686	13	2281	32	10	0	2336
1687	11	2133	7	1	0	2152
1688	2059	33	12	18	0	2122
1689	30	13	0	2025	0	2068
1690	6	1	0	1998	0	2005
1691	2095	2	1	26	0	2124
1692	18	1	3	2140	0	2162
1693	9	1	1	2159	0	2170
1694	7	0	2	2134	0	2143
1695	9	0	2	2129	0	2140
1696	1	1	2133	21	0	2156
1697	3	5	2095	8	0	2111
1698	2	2132	21	4	0	2159
1699	2187	19	2	13	0	2221
1700	18	6	2	2210	0	2236
1701	4	2271	2	21	0	2298
1702	4	14	5	2371	0	2394
1703	6	3	1	2383	0	2393
1704	11	3	3	2374	0	2391
1705	8	5	2	2400	0	2415
1706	6	5	0	2391	0	2402
1707	1	2356	1	25	0	2383
1708	6	14	2	2393	0	2415
1709	2	2	2353	22	0	2379
1710	5	2357	19	7	0	2388
1711	10	18	1	2353	0	2382
1712	9	3	2	2349	0	2363
1713	4	2312	3	25	0	2344
1714	6	2353	2	8	0	2369
1715	2309	16	2	23	0	2350
1716	18	2306	5	9	0	2338
1717	2303	14	2	19	0	2338
1718	2303	3	1	17	0	2324
1719	18	2	2468	8	0	2496
1720	10	5	19	2405	0	2439
1721	4	8	2536	18	0	2566
1722	6	2594	17	7	0	2624
1723	18	23	2	2453	0	2496
1724	8	10	1	2626	0	2645
1725	6	2	0	2664	0	2672
1726	7	6	2	2678	0	2693
1727	2	4	2784	22	0	2812
1728	11	0	15	2759	0	2785
1729	1	3	2832	26	0	2862
1730	7	7	2779	10	0	2803
1731	2752	1	24	16	0	2793
1732	2864	1	7	17	0	2889
1733	2882	5	7	11	0	2905
1734	18	2866	9	6	0	2899
1735	10	16	2	2913	0	2941
1736	8	5	3044	22	0	3079
1737	8	3	16	3008	0	3035
1738	9	6	3173	18	0	3206
1739	3188	5	17	14	0	3224
1740	3232	3	9	9	0	3253
1741	3206	4	5	15	0	3230
1742	21	1	3163	4	0	3189
1743	12	2	3102	3	0	3119
1744	13	1	15	3239	0	3268
1745	18	7	5	3191	0	3221
1746	11	2	4	3325	0	3342
1747	1	6	3388	19	0	3414
1748	3	4	3175	15	0	3197
1749	3299	0	18	16	0	3333
1750	16	0	6	3468	0	3490
1751	8	0	9	3506	0	3523
1752	3578	1	10	31	0	3620
1753	24	1	7	3566	0	3598
1754	3872	0	4	39	0	3915
1755	4059	1	4	26	0	4090
1756	4066	0	2	14	0	4082
1757	21	4	4177	9	0	4211
1758	7	4157	17	17	0	4198
1759	4378	11	6	13	0	4408
1760	23	1	6	4405	0	4435
1761	7	0	10	4377	0	4394
1762	7	4422	6	17	0	4452
1763	4417	15	2	19	0	4453
1764	4439	2	5	19	0	4465
1765	4504	3	5	13	0	4525
1766	22	4626	8	6	0	4662
1767	4890	13	4	24	0	4931
1768	4909	2	3	23	0	4937
1769	4949	3	2	16	0	4970
1770	28	3	7	4914	0	4952
1771	12	4	6	4928	0	4950
1772	15	1	5107	20	0	5143
1773	19	2	19	4981	0	5021
1774	19	1	4	5057	0	5081
1775	9	5	5138	26	0	5178
1776	4983	0	16	21	0	5020
1777	5174	1	6	21	0	5202
1778	31	7	3	5131	0	5172
1779	13	5081	7	15	0	5116
1780	12	5157	9	10	0	5188
1781	12	17	3	5132	0	5164
1782	12	7	5048	17	0	5084
1783	21	7	9	4897	0	4934
1784	9	6	4998	15	0	5028
1785	8	9	5127	11	0	5155
1786	16	3	13	5268	0	5300
1787	5374	1	10	30	0	5415
1788	5323	1	4	20	0	5348
1789	16	2	7	5558	0	5583
1790	12	4	4	5602	0	5622
1791	9	3	2	5607	0	5621
1792	18	1	3	5597	0	5619
1793	5661	2	3	34	0	5700
1794	5608	1	1	24	0	5634
1795	5590	0	2	27	0	5619
1796	22	2	5648	12	0	5684
1797	14	6	9	5600	0	5629
1798	11	3	3	5769	0	5786
1799	5759	0	5	25	0	5789
1800	15	5724	9	8	0	5756
1801	5755	9	3	28	0	5795
1802	5752	5	1	28	0	5786
1803	5744	3	2	24	0	5773
1804	5743	5	0	28	0	5776
1805	30	4	6106	9	0	6149
1806	27	7	5745	5	0	5784
1807	6304	9	16	22	0	6351
1808	6449	1	8	21	0	6479
1809	6447	3	5	24	0	6479
1810	6425	2	8	15	0	6450
1811	34	8	6743	8	0	6793
1812	17	7017	37	11	0	7082
1813	22	40	15	7422	0	7499
1814	8056	14	4	100	0	8174
1815	8162	9	5	43	0	8219
1816	8500	5	5	49	0	8559
1817	8635	5	3	28	0	8671
1818	8698	0	3	22	0	8723
1819	8447	2	5	24	0	8478
1820	112	6	8163	9	0	8290
1821	56	6	8199	6	0	8267
1822	49	34	83	8091	0	8257
1823	26	4	8348	63	0	8441
1824	23	8132	84	31	0	8270
1825	23	8342	44	20	0	8429
1826	36	84	25	8560	0	8705
1827	9	38	8898	71	0	9016
1828	10	27	8470	29	0	8536
1829	8544	8	97	44	0	8693
1830	9423	9	42	38	0	9512
1831	151	7	25	9624	0	9807
1832	9804	8	13	156	0	9981
1833	159	4	14	9810	0	9987
1834	83	2	14	9868	0	9967
1835	44	8	10058	171	0	10281
1836	32	9	9845	75	0	9961
1837	48	4	180	9892	0	10124
1838	24	9	9971	142	0	10146
1839	9421	6	156	87	0	9670
1840	10061	5	60	62	0	10188
1841	186	10232	43	26	0	10487
1842	10392	132	24	52	0	10600
1843	190	52	10277	11	0	10530
1844	10128	24	156	48	0	10356
1845	10422	6	62	37	0	10527
1846	10536	6	37	37	0	10616
1847	253	8	24	10238	0	10523
1848	108	10305	23	160	0	10596
1849	10420	146	31	88	0	10685
1850	10478	51	21	78	0	10628
1851	256	31	31	10454	0	10772
1852	10473	13	28	218	0	10732
1853	220	10574	27	97	0	10918
1854	101	172	34	10474	0	10781
1855	73	74	10308	187	0	10642
1856	9398	28	189	124	0	9739
1857	213	20	10290	56	0	10579
1858	143	26	195	10210	0	10574
1859	81	10154	87	194	0	10516
1860	65	10999	55	83	0	11202
1861	73	259	42	11020	0	11394
1862	75	10889	66	222	0	11252
1863	95	276	36	14128	0	14535
1864	110	97	35	14956	0	15198
1865	120	53	23	15210	0	15406
1866	14549	57	24	585	0	15215
1867	494	49	20	14594	0	15157
1868	168	43	14372	520	0	15103
1869	116	14348	421	202	0	15087
1870	14389	418	112	176	0	15095
1871	508	118	68	14387	0	15081
1872	236	74	45	14642	0	14997
1873	164	67	47	14904	0	15182
1874	102	67	14354	591	0	15114
1875	95	14342	444	224	0	15105
1876	14370	444	115	187	0	15116
1877	512	131	79	13950	0	14672
1878	150	14559	63	474	0	15246
1879	14474	484	53	251	0	15262
1880	499	163	14371	159	0	15192
1881	14155	106	479	158	0	14898
1882	539	99	14503	113	0	15254
1883	209	83	14577	115	0	14984
1884	135	14308	547	130	0	15120
1885	173	486	191	13734	0	14584
1886	117	152	13906	519	0	14694
1887	98	13470	514	208	0	14290
1888	115	489	196	13273	0	14073
1889	89	13502	127	486	0	14204
1890	83	511	13402	229	0	14225
1891	137	183	475	13225	0	14020
1892	90	128	13488	560	0	14266
1893	145	111	533	13325	0	14114
1894	147	96	194	13796	0	14233
1895	96	120	13391	668	0	14275
1896	137	76	544	13391	0	14148
1897	13005	77	215	683	0	13980
1898	479	13155	142	335	0	14111
1899	192	496	13153	235	0	14076
1900	12879	178	531	228	0	13816
1901	557	140	203	12750	0	13650
1902	215	13070	146	547	0	13978
1903	13161	511	145	276	0	14093
1904	13628	197	125	239	0	14189
1905	648	132	138	12694	0	13612
1906	287	131	109	13086	0	13613
1907	215	108	96	13200	0	13619
1908	160	118	117	13045	0	13440
1909	129	12546	116	735	0	13526
1910	191	625	116	12183	0	13115
1911	119	12026	121	626	0	12892
1912	104	12011	111	358	0	12584
1913	112	11928	119	255	0	12414
1914	156	575	10827	250	0	11808
1915	100	11125	484	220	0	11929
1916	10467	531	235	264	0	11497
1917	461	10589	154	230	0	11434
1918	226	508	144	9862	0	10740
1919	124	10626	117	596	0	11463
1920	167	531	128	10520	0	11346
1921	163	258	122	10925	0	11468
1922	146	208	10462	673	0	11489
1923	10066	217	506	356	0	11145
1924	10505	190	184	331	0	11210
1925	10341	161	135	319	0	10956
1926	546	10030	158	310	0	11044
1927	237	477	171	9821	0	10706
1928	204	218	9614	592	0	10628
1929	179	9538	486	302	0	10505
1930	179	557	186	8290	0	9212
1931	171	8802	146	455	0	9574
1932	8706	458	144	252	0	9560
1933	8926	222	114	208	0	9470
1934	9005	169	150	170	0	9494
1935	8913	151	169	175	0	9408
1936	538	155	155	8435	0	9283
1937	242	160	150	8525	0	9077
1938	198	8367	142	494	0	9201
1939	181	465	107	8537	0	9290
1940	135	194	8284	542	0	9155
1941	127	176	389	8196	0	8888
1942	71	173	8028	533	0	8805
1943	82	7933	396	305	0	8716
1944	88	432	7956	227	0	8703
1945	122	180	433	7952	0	8687
1946	89	164	8078	510	0	8841
1947	122	137	453	7978	0	8690
1948	111	149	182	8218	0	8660
1949	121	137	162	8256	0	8676
1950	116	152	152	8160	0	8580
1951	7741	128	121	535	0	8525
1952	402	7808	100	273	0	8583
1953	7575	390	97	234	0	8296
1954	397	185	7345	206	0	8133
1955	7369	122	319	240	0	8050
1956	7657	138	123	205	0	8123
1957	496	139	7259	198	0	8092
1958	295	108	7184	198	0	7785
1959	199	6922	378	197	0	7696
1960	152	6543	111	217	0	7023
1961	200	394	5949	186	0	6729
1962	108	5267	266	199	0	5840
1963	195	242	149	2541	0	3127
1964	2331	23	23	45	0	2422
1965	34	10	5	2327	0	2376
1966	2373	10	5	40	0	2428
1967	2373	8	3	29	0	2413
1968	43	2474	6	16	0	2539
1969	2479	32	4	19	0	2534
1970	2498	16	5	13	0	2532
1971	51	6	2	2460	0	2519
1972	2484	11	4	41	0	2540
1973	35	2531	0	20	0	2586
1974	19	24	1	2541	0	2585
1975	2533	9	2	37	0	2581
1976	29	8	2530	16	0	2583
1977	2525	11	23	8	0	2567
1978	27	13	9	2605	0	2654
1979	19	5	2639	19	0	2682
1980	13	5	2591	11	0	2620
1981	2602	7	27	14	0	2650
1982	2669	1	13	16	0	2699
1983	24	2	8	2658	0	2692
1984	17	3	5	2666	0	2691
1985	17	3	4	2676	0	2700
1986	9	2710	3	23	0	2745
1987	2728	15	0	25	0	2768
1988	19	2717	1	15	0	2752
1989	2716	16	2	13	0	2747
1990	22	16	2689	7	0	2734
1991	21	8	14	2692	0	2735
1992	2797	8	8	23	0	2836
1993	30	4	6	2789	0	2829
1994	18	3	7	2773	0	2801
1995	12	2717	9	33	0	2771
1996	2757	18	5	19	0	2799
1997	22	2890	11	12	0	2935
1998	17	22	4	2950	0	2993
1999	14	13	2905	24	0	2956
2000	2674	6	21	26	0	2727
2001	23	12	2895	12	0	2942
2002	2749	14	18	33	0	2814
2003	28	2964	13	11	0	3016
2004	17	24	5	2840	0	2886
2005	16	2898	8	30	0	2952
2006	2924	25	4	16	0	2969
2007	35	16	4	2937	0	2992
2008	20	6	6	2967	0	2999
2009	10	6	2921	38	0	2975
2010	2801	1	27	25	0	2854
2011	32	6	7	2981	0	3026
2012	14	8	2909	36	0	2967
2013	8	2911	29	16	0	2964
2014	18	28	11	2929	0	2986
2015	2929	11	23	40	0	3003
2016	35	11	11	2947	0	3004
2017	19	10	2971	39	0	3039
2018	3138	5	33	34	0	3210
2019	52	6	18	3200	0	3276
2020	25	6	3451	48	0	3530
2021	24	10	44	3502	0	3580
2022	24	8	18	3512	0	3562
2023	10	3549	17	71	0	3647
2024	3530	39	10	43	0	3622
2025	66	3547	12	28	0	3653
2026	3571	55	10	45	0	3681
2027	61	28	21	3540	0	3650
2028	38	3599	11	59	0	3707
2029	21	57	11	3604	0	3693
2030	21	33	3505	59	0	3618
2031	3418	19	47	41	0	3525
2032	55	24	19	3448	0	3546
2033	44	5	18	3430	0	3497
2034	27	9	17	3466	0	3519
2035	26	18	3361	79	0	3484
2036	19	9	3296	52	0	3376
2037	18	3346	71	34	0	3469
2038	26	54	36	3297	0	3413
2039	3261	21	27	83	0	3392
2040	58	3303	15	44	0	3420
2041	33	57	9	3397	0	3496
2042	3371	28	24	87	0	3510
2043	3377	21	16	49	0	3463
2044	80	3404	13	26	0	3523
2045	3599	56	10	45	0	3710
2046	3850	34	7	35	0	3926
2047	100	27	8	3975	0	4110
2048	45	3966	17	111	0	4139
2049	62	75	10	4053	0	4200
2050	4031	37	16	111	0	4195
2051	92	29	4037	63	0	4221
2052	66	29	77	4000	0	4172
2053	54	15	33	4072	0	4174
2054	31	26	4008	126	0	4191
2055	40	29	84	4013	0	4166
2056	3974	17	31	146	0	4168
2057	3780	15	27	92	0	3914
2058	119	12	36	3944	0	4111
2059	58	16	3858	128	0	4060
2060	46	12	3790	78	0	3926
2061	34	3753	113	52	0	3952
2062	23	3873	47	58	0	4001
2063	52	94	20	3732	0	3898
2064	3699	37	19	101	0	3856
2065	89	3709	19	62	0	3879
2066	3659	83	37	39	0	3818
2067	103	40	27	3625	0	3795
2068	52	38	16	3585	0	3691
2069	3441	37	23	118	0	3619
2070	83	3461	13	80	0	3637
2071	3496	85	13	57	0	3651
2072	106	49	3387	30	0	3572
2073	62	31	3339	40	0	3472
2074	47	26	94	3297	0	3464
2075	37	19	3309	107	0	3472
2076	35	23	3275	59	0	3392
2077	40	39	98	3109	0	3286
2078	42	19	3170	102	0	3333
2079	42	10	108	3094	0	3254
2080	28	19	62	3104	0	3213
2081	27	11	3109	128	0	3275
2082	23	10	111	3033	0	3177
2083	30	20	61	2990	0	3101
2084	21	2952	39	124	0	3136
2085	2928	81	41	71	0	3121
2086	93	35	2941	58	0	3127
2087	45	23	89	2950	0	3107
2088	40	16	60	2995	0	3111
2089	20	24	2919	143	0	3106
2090	2765	24	90	93	0	2972
2091	97	2898	43	46	0	3084
2092	53	79	29	2852	0	3013
2093	49	38	42	2873	0	3002
2094	23	2849	28	135	0	3035
2095	34	74	2866	82	0	3056
2096	25	2895	101	59	0	3080
2097	2759	97	55	52	0	2963
2098	88	50	2728	48	0	2914
2099	52	36	79	2701	0	2868
2100	33	24	2745	104	0	2906
2101	17	28	2704	72	0	2821
2102	20	2674	109	48	0	2851
2103	33	87	56	2524	0	2700
2104	2545	40	37	77	0	2699
2105	2557	19	40	47	0	2663
2106	88	2568	28	52	0	2736
2107	49	61	45	2613	0	2768
2108	2574	39	48	89	0	2750
2109	2603	33	25	61	0	2722
2110	95	2604	25	44	0	2768
2111	2634	72	20	41	0	2767
2112	98	33	13	2568	0	2712
2113	42	2639	21	84	0	2786
2114	36	76	16	2692	0	2820
2115	50	34	24	2689	0	2797
2116	49	55	15	2661	0	2780
2117	34	34	2565	109	0	2742
2118	26	28	2328	51	0	2433
2119	33	2330	76	36	0	2475
2120	2022	51	40	29	0	2142
2121	45	1978	24	35	0	2082
2122	24	43	22	1960	0	2049
2123	10	28	2031	61	0	2130
2124	14	22	52	1996	0	2084
2125	10	18	35	2026	0	2089
2126	24	14	20	2057	0	2115
2127	1997	21	17	68	0	2103
2128	61	22	14	2002	0	2099
2129	20	15	2125	64	0	2224
2130	2056	9	56	44	0	2165
2131	2111	12	25	37	0	2185
2132	2161	13	16	38	0	2228
2133	2171	16	12	27	0	2226
2134	2162	7	11	38	0	2218
2135	63	2128	19	24	0	2234
2136	41	36	10	2071	0	2158
2137	26	2108	17	49	0	2200
2138	2117	38	14	27	0	2196
2139	2129	19	11	20	0	2179
2140	2083	13	12	15	0	2123
2141	66	2000	7	22	0	2095
2142	35	1952	7	17	0	2011
2143	17	2007	8	14	0	2046
2144	29	49	1943	21	0	2042
2145	50	130	32	1584	0	1796
2146	8	1339	9	14	0	1370
2147	1	1241	2	4	0	1248
2148	3	4	0	1237	0	1244
2149	2	3	2	1225	0	1232
2150	0	1	1250	4	0	1255
2151	1241	0	5	6	0	1252
2152	5	0	1	1313	0	1319
2153	8	0	1	1314	0	1323
2154	3	0	1317	5	0	1325
2155	2	1	1270	2	0	1275
2156	2	1336	4	1	0	1343
2157	7	6	2	1334	0	1349
2158	0	1	2	1357	0	1360
2159	2	2	1333	4	0	1341
2160	1252	0	3	8	0	1263
2161	1332	1	1	2	0	1336
2162	6	1	1350	3	0	1360
2163	1361	2	7	7	0	1377
2164	5	2	1393	1	0	1401
2165	1386	4	3	3	0	1396
2166	1414	1	3	5	0	1423
2167	4	0	1456	3	0	1463
2168	9	3	2	1454	0	1468
2169	4	3	1	1462	0	1470
2170	2	2	1	1542	0	1547
2171	1537	1	2	12	0	1552
2172	1535	0	5	9	0	1549
2173	8	5	1567	2	0	1582
2174	3	3	1561	6	0	1573
2175	1618	1	6	10	0	1635
2176	1624	1	7	9	0	1641
2177	7	1	1622	3	0	1633
2178	6	4	1582	0	0	1592
2179	10	2	10	1614	0	1636
2180	4	2	1659	8	0	1673
2181	4	1	10	1599	0	1614
2182	1685	0	5	13	0	1703
2183	12	0	1808	13	0	1833
2184	1770	1	12	5	0	1788
2185	12	0	2044	7	0	2063
2186	13	0	19	2000	0	2032
2187	12	1	7	2149	0	2169
2188	8	2	1	2150	0	2161
2189	5	2196	3	24	0	2228
2190	12	20	5	2081	0	2118
2191	10	5	6	2200	0	2221
2192	2198	2	1	26	0	2227
2193	26	1	2181	10	0	2218
2194	2091	0	21	7	0	2119
2195	23	2	2157	3	0	2185
2196	2039	2	23	12	0	2076
2197	23	2172	11	2	0	2208
2198	9	15	2158	8	0	2190
2199	8	4	2157	3	0	2172
2200	11	10	28	2010	0	2059
2201	7	1	7	2152	0	2167
2202	1	3	2171	28	0	2203
2203	5	3	2171	9	0	2188
2204	4	1	2328	13	0	2346
2205	2338	0	21	19	0	2378
2206	2336	7	18	10	0	2371
2207	2360	0	6	7	0	2373
2208	27	1	8	2317	0	2353
2209	23	0	7	2328	0	2358
2210	4	2	2443	23	0	2472
2211	13	5	19	2387	0	2424
2212	10	2	16	2309	0	2337
2213	2390	1	6	40	0	2437
2214	2363	6	5	20	0	2394
2215	2408	1	10	8	0	2427
2216	30	0	13	2399	0	2442
2217	15	2	10	2402	0	2429
2218	14	0	9	2404	0	2427
2219	2390	3	6	31	0	2430
2220	30	8	10	2333	0	2381
2221	13	2371	13	25	0	2422
2222	12	20	5	2332	0	2369
2223	11	2301	10	23	0	2345
2224	2322	18	13	13	0	2366
2225	2258	6	11	22	0	2297
2226	29	2291	9	14	0	2343
2227	13	2344	13	7	0	2377
2228	13	26	5	2324	0	2368
2229	8	7	2217	30	0	2262
2230	17	2	28	2202	0	2249
2231	10	4	2228	36	0	2278
2232	11	2234	27	20	0	2292
2233	15	18	11	2249	0	2293
2234	13	11	11	2291	0	2326
2235	10	4	2432	32	0	2478
2236	24	4	27	2397	0	2452
2237	15	6	2496	33	0	2550
2238	2475	6	29	15	0	2525
2239	2542	4	11	27	0	2584
2240	2573	9	9	20	0	2611
2241	39	4	13	2520	0	2576
2242	19	0	8	2545	0	2572
2243	9	8	2635	42	0	2694
2244	18	10	31	2560	0	2619
2245	13	2613	17	36	0	2679
2246	19	28	2634	17	0	2698
2247	12	10	2551	22	0	2595
2248	9	8	38	2424	0	2479
2249	10	12	2588	36	0	2646
2250	11	5	2609	22	0	2647
2251	2460	11	34	22	0	2527
2252	38	2886	14	11	0	2949
2253	2984	26	5	30	0	3045
2254	2999	12	8	24	0	3043
2255	3056	6	7	28	0	3097
2256	41	3	13	3043	0	3100
2257	18	9	12	3096	0	3135
2258	9	8	3126	44	0	3187
2259	12	7	29	3053	0	3101
2260	8	3170	25	39	0	3242
2261	3187	24	16	22	0	3249
2262	27	3175	20	13	0	3235
2263	10	3220	17	14	0	3261
2264	14	32	14	3223	0	3283
2265	15	14	3322	35	0	3386
2266	21	7	38	3237	0	3303
2267	15	5	3300	38	0	3358
2268	17	3281	36	12	0	3346
2269	3252	29	9	27	0	3317
2270	3286	5	10	25	0	3326
2271	3366	4	11	21	0	3402
2272	38	3	3620	18	0	3679
2273	15	16	3461	19	0	3511
2274	3656	9	32	24	0	3721
2275	3761	4	11	23	0	3799
2276	3826	8	10	18	0	3862
2277	42	7	7	3793	0	3849
2278	16	3	7	3888	0	3914
2279	3861	7	10	49	0	3927
2280	3828	2	10	29	0	3869
2281	34	5	4000	11	0	4050
2282	24	9	3877	7	0	3917
2283	3773	6	25	25	0	3829
2284	26	7	3956	9	0	3998
2285	3727	7	16	14	0	3764
2286	19	3	3846	3	0	3871
2287	6	5	11	3669	0	3691
2288	4	3	3983	15	0	4005
2289	7	7	11	4045	0	4070
2290	9	0	1	4094	0	4104
2291	3	4281	2	6	0	4292
2292	4342	7	0	25	0	4374
2293	10	0	4442	2	0	4454
2294	4281	1	11	12	0	4305
2295	12	4561	4	6	0	4583
2296	4822	9	3	11	0	4845
2297	19	0	0	4856	0	4875
2298	3	1	3	4910	0	4917
2299	2	5144	5	19	0	5170
2300	3	15	1	5381	0	5400
2301	7	2	1	5434	0	5444
2302	5	2	2	5539	0	5548
2303	5450	0	2	50	0	5502
2304	5224	0	1	24	0	5249
2305	34	3	5267	10	0	5314
2306	11	5357	27	3	0	5398
2307	11	29	4	5474	0	5518
2308	8	5	3	5667	0	5683
2309	2	5	5749	40	0	5796
2310	7	3	36	5582	0	5628
2311	5665	1	10	60	0	5736
2312	5714	5	5	26	0	5750
2313	5830	0	2	21	0	5853
2314	58	0	2	5940	0	6000
2315	6286	1	2	85	0	6374
2316	6336	2	2	34	0	6374
2317	6468	2	1	41	0	6512
2318	69	1	0	6454	0	6524
2319	25	1	1	6540	0	6567
2320	18	1	1	6545	0	6565
2321	23	0	2	6418	0	6443
2322	21	2	2	6437	0	6462
2323	3	8	6420	61	0	6492
2324	7	5	6373	23	0	6408
2325	3	6394	46	13	0	6456
2326	10	38	12	6483	0	6543
2327	19	8	9	6523	0	6559
2328	17	7	1	6554	0	6579
2329	5	16	6522	57	0	6600
2330	9	3	45	6437	0	6494
2331	7	14	6540	60	0	6621
2332	18	2	50	6472	0	6542
2333	15	4	6851	53	0	6923
2334	7	6879	65	15	0	6966
2335	14	48	7	6828	0	6897
2336	9	15	6786	53	0	6863
2337	6122	10	46	50	0	6228
2338	50	6847	12	23	0	6932
2339	22	49	7	6941	0	7019
2340	12	6918	12	62	0	7004
2341	22	56	4	6890	0	6972
2342	7014	7	7	85	0	7113
2343	62	9	2	6954	0	7027
2344	11	6968	8	64	0	7051
2345	6966	53	3	52	0	7074
2346	64	9	4	7149	0	7226
2347	20	11	7	7262	0	7300
2348	7337	3	6	119	0	7465
2349	77	4	4	7861	0	7946
2350	43	5	3	9324	0	9375
2351	22	12	9586	209	0	9829
2352	19	7	9499	56	0	9581
2353	36	0	235	9391	0	9662
2354	11	9	9504	204	0	9728
2355	13	13	9405	55	0	9486
2356	8893	4	243	80	0	9220
2357	203	3	9586	33	0	9825
2358	52	9553	248	27	0	9880
2359	89	190	71	9522	0	9872
2360	9733	43	55	237	0	10068
2361	9911	41	34	86	0	10072
2362	9829	18	31	98	0	9976
2363	279	9740	31	45	0	10095
2364	138	206	27	9731	0	10102
2365	97	51	26	9921	0	10095
2366	9516	44	37	293	0	9890
2367	9798	20	34	153	0	10005
2368	9868	15	27	113	0	10023
2369	298	16	9804	52	0	10170
2370	117	9757	234	54	0	10162
2371	81	10759	87	57	0	10984
2372	100	304	81	10361	0	10846
2373	103	131	46	10729	0	11009
2374	52	86	10697	372	0	11207
2375	10427	53	314	212	0	11006
2376	10904	21	136	166	0	11227
2377	427	36	99	10698	0	11260
2378	255	25	56	10833	0	11169
2379	186	21	47	11019	0	11273
2380	10767	28	29	489	0	11313
2381	352	31	10463	209	0	11055
2382	157	59	10582	158	0	10956
2383	164	44	367	10361	0	10936
2384	84	42	10510	348	0	10984
2385	10206	25	363	211	0	10805
2386	10442	17	164	163	0	10786
2387	10611	30	108	110	0	10859
2388	477	10018	70	100	0	10665
2389	10095	280	64	112	0	10551
2390	460	117	40	9887	0	10504
2391	220	88	54	9981	0	10343
2392	185	49	54	10121	0	10409
2393	85	49	9717	498	0	10349
2394	103	35	339	9525	0	10002
2395	97	9556	156	419	0	10228
2396	9249	277	124	231	0	9881
2397	338	9393	76	187	0	9994
2398	155	346	9244	128	0	9873
2399	176	9143	323	107	0	9749
2400	8791	358	170	104	0	9423
2401	333	8815	141	101	0	9390
2402	189	356	92	8165	0	8802
2403	132	8761	112	312	0	9317
2404	8695	337	83	196	0	9311
2405	8876	154	89	164	0	9283
2406	8555	120	99	134	0	8908
2407	450	100	8553	105	0	9208
2408	278	73	8517	82	0	8950
2409	211	78	8435	84	0	8808
2410	8284	64	448	104	0	8900
2411	391	73	204	8193	0	8861
2412	198	72	163	8400	0	8833
2413	170	74	8090	395	0	8729
2414	133	87	302	8111	0	8633
2415	7643	72	154	404	0	8273
2416	350	7682	108	219	0	8359
2417	7800	275	122	153	0	8350
2418	440	163	7615	93	0	8311
2419	7729	128	323	85	0	8265
2420	7929	98	164	87	0	8278
2421	7969	105	134	112	0	8320
2422	473	73	7605	115	0	8266
2423	296	77	297	7597	0	8267
2424	239	37	7652	336	0	8264
2425	195	49	355	7657	0	8256
2426	141	57	7699	389	0	8286
2427	153	59	375	7608	0	8195
2428	133	62	192	7870	0	8257
2429	7630	47	154	429	0	8260
2430	7728	42	119	245	0	8134
2431	7899	32	106	193	0	8230
2432	507	36	113	7422	0	8078
2433	259	6796	105	344	0	7504
2434	221	7274	85	197	0	7777
2435	7188	309	72	194	0	7763
2436	350	164	7070	123	0	7707
2437	7158	107	327	116	0	7708
2438	402	73	7033	112	0	7620
2439	7204	41	354	102	0	7701
2440	6887	47	165	154	0	7253
2441	436	36	7110	109	0	7691
2442	7169	34	319	139	0	7661
2443	7332	33	163	110	0	7638
2444	7283	48	149	107	0	7587
2445	479	6923	99	123	0	7624
2446	273	361	113	6742	0	7489
2447	197	120	6797	310	0	7424
2448	176	103	6897	145	0	7321
2449	164	6088	344	149	0	6745
2450	111	4623	134	51	0	4919
2451	155	130	140	4072	0	4497
2452	3997	74	60	119	0	4250
2453	142	4050	36	82	0	4310
2454	128	110	31	3986	0	4255
2455	90	4046	36	108	0	4280
2456	4022	129	29	81	0	4261
2457	132	71	38	3967	0	4208
2458	93	54	3887	122	0	4156
2459	81	3791	107	83	0	4062
2460	52	3790	86	65	0	3993
2461	61	132	58	3519	0	3770
2462	61	3713	31	93	0	3898
2463	59	142	34	3641	0	3876
2464	3667	91	19	132	0	3909
2465	3742	74	18	80	0	3914
2466	3831	47	21	59	0	3958
2467	3869	38	35	47	0	3989
2468	193	39	3779	37	0	4048
2469	121	3565	101	23	0	3810
2470	81	3528	67	32	0	3708
2471	22	2853	12	11	0	2898
2472	21	2722	13	8	0	2764
2473	2545	43	76	8	0	2672
2474	2478	8	7	8	0	2501
2475	2529	5	5	7	0	2546
2476	2553	5	1	9	0	2568
2477	34	12	2544	9	0	2599
2478	2683	5	21	12	0	2721
2479	2730	3	12	4	0	2749
2480	2766	3	2	17	0	2788
2481	48	2	2	2721	0	2773
2482	21	5	10	2743	0	2779
2483	2782	3	1	34	0	2820
2484	40	3	6	2707	0	2756
2485	23	2728	3	29	0	2783
2486	14	25	0	2791	0	2830
2487	13	11	2	2784	0	2810
2488	12	2870	6	34	0	2922
2489	9	26	1	2904	0	2940
2490	12	17	3	2911	0	2943
2491	2876	5	1	52	0	2934
2492	27	4	2815	21	0	2867
2493	2772	9	24	17	0	2822
2494	32	3	2859	15	0	2909
2495	19	6	2773	14	0	2812
2496	21	7	2860	6	0	2894
2497	2831	1	39	13	0	2884
2498	44	7	3017	9	0	3077
2499	2999	4	41	11	0	3055
2500	3085	5	15	24	0	3129
2501	3137	6	13	11	0	3167
2502	40	3152	6	5	0	3203
2503	3146	29	11	11	0	3197
2504	40	3194	5	47	0	3286
2505	27	25	3	3306	0	3361
2506	20	10	7	3311	0	3348
2507	15	3287	4	29	0	3335
2508	21	3293	10	12	0	3336
2509	15	3385	6	7	0	3413
2510	3356	33	7	19	0	3415
2511	31	3470	6	9	0	3516
2512	3504	34	6	18	0	3562
2513	34	20	3497	8	0	3559
2514	3472	15	24	15	0	3526
2515	3579	11	8	7	0	3605
2516	38	17	3519	6	0	3580
2517	31	5	23	3510	0	3569
2518	14	11	3586	26	0	3637
2519	26	9	24	3568	0	3627
2520	21	7	13	3589	0	3630
2521	3633	9	13	45	0	3700
2522	3627	7	3	28	0	3665
2523	33	3624	14	12	0	3683
2524	3681	25	3	25	0	3734
2525	30	16	3714	14	0	3774
2526	3693	8	29	17	0	3747
2527	43	9	3935	10	0	3997
2528	25	17	3957	4	0	4003
2529	4076	2	42	10	0	4130
2530	4137	3	26	13	0	4179
2531	60	7	4238	3	0	4308
2532	30	4	42	4101	0	4177
2533	17	7	21	4259	0	4304
2534	28	4	4224	37	0	4293
2535	20	8	43	4113	0	4184
2536	18	4066	24	43	0	4151
2537	24	29	10	4359	0	4422
2538	21	11	8	4341	0	4381
2539	12	16	4249	37	0	4314
2540	4024	9	28	43	0	4104
2541	4213	14	18	22	0	4267
2542	4211	8	8	22	0	4249
2543	4179	4	13	26	0	4222
2544	55	4121	17	13	0	4206
2545	44	30	9	4075	0	4158
2546	29	9	4031	37	0	4106
2547	27	16	4007	14	0	4064
2548	22	12	40	3922	0	3996
2549	12	10	4028	42	0	4092
2550	3894	6	40	33	0	3973
2551	45	5	22	4101	0	4173
2552	30	10	14	4109	0	4163
2553	20	8	10	4107	0	4145
2554	4063	8	14	67	0	4152
2555	49	4100	10	24	0	4183
2556	4126	31	15	31	0	4203
2557	4142	9	8	33	0	4192
2558	48	4011	17	19	0	4095
2559	31	4037	13	8	0	4089
2560	4146	41	13	20	0	4220
2561	59	12	8	4148	0	4227
2562	27	9	20	4114	0	4170
2563	4308	13	9	56	0	4386
2564	45	13	4262	17	0	4337
2565	4223	5	41	23	0	4292
2566	4319	10	13	33	0	4375
2567	57	4433	11	20	0	4521
2568	4696	40	15	20	0	4771
2569	4746	11	14	27	0	4798
2570	72	5216	8	12	0	5308
2571	37	5382	11	10	0	5440
2572	38	76	21	5219	0	5354
2573	5362	32	5	76	0	5475
2574	70	5535	3	25	0	5633
2575	52	81	2	5631	0	5766
2576	5691	23	4	91	0	5809
2577	84	17	5644	29	0	5774
2578	53	5	76	5589	0	5723
2579	21	19	5691	75	0	5806
2580	5536	6	87	39	0	5668
2581	5764	3	26	33	0	5826
2582	99	9	5721	11	0	5840
2583	34	5685	86	14	0	5819
2584	42	73	29	5727	0	5871
2585	22	25	5797	81	0	5925
2586	36	19	81	5705	0	5841
2587	40	11	28	5855	0	5934
2588	16	14	5810	111	0	5951
2589	5558	13	82	53	0	5706
2590	5776	8	32	47	0	5863
2591	103	9	5825	22	0	5959
2592	40	5795	88	30	0	5953
2593	41	82	32	5640	0	5795
2594	24	5713	29	78	0	5844
2595	17	5858	15	33	0	5923
2596	5803	100	15	38	0	5956
2597	109	36	16	5795	0	5956
2598	47	23	18	5744	0	5832
2599	30	14	5728	115	0	5887
2600	22	15	5655	41	0	5733
2601	40	17	111	5578	0	5746
2602	42	10	42	5699	0	5793
2603	20	8	5661	109	0	5798
2604	14	22	5628	48	0	5712
2605	33	17	116	5516	0	5682
2606	5548	13	54	125	0	5740
2607	97	5602	26	44	0	5769
2608	5579	104	16	51	0	5750
2609	106	5535	27	32	0	5700
2610	50	5645	18	28	0	5741
2611	5487	111	20	35	0	5653
2612	105	47	5529	28	0	5709
2613	59	35	107	5482	0	5683
2614	58	19	35	5581	0	5693
2615	44	21	28	5882	0	5975
2616	21	31	5866	137	0	6055
2617	39	17	115	5847	0	6018
2618	5933	12	43	151	0	6139
2619	116	18	40	6077	0	6251
2620	58	16	24	6265	0	6363
2621	6165	12	28	173	0	6378
2622	6141	14	31	86	0	6272
2623	136	6112	27	53	0	6328
2624	80	104	6133	33	0	6350
2625	45	47	6043	31	0	6166
2626	29	43	6054	39	0	6165
2627	37	5789	145	32	0	6003
2628	38	124	76	5582	0	5820
2629	49	48	45	5704	0	5846
2630	5644	25	32	156	0	5857
2631	125	24	28	5556	0	5733
2632	55	24	5513	141	0	5733
2633	58	17	119	5515	0	5709
2634	35	17	58	5598	0	5708
2635	28	19	5505	163	0	5715
2636	29	5428	115	90	0	5662
2637	39	106	74	5060	0	5279
2638	27	5360	49	127	0	5563
2639	39	123	5342	70	0	5574
2640	5270	47	129	71	0	5517
2641	5370	49	56	51	0	5526
2642	5417	25	49	42	0	5533
2643	162	36	39	5271	0	5508
2644	56	5340	45	139	0	5580
2645	5318	107	32	71	0	5528
2646	5405	44	34	73	0	5556
2647	5321	46	27	65	0	5459
2648	156	27	5244	51	0	5478
2649	5067	17	117	81	0	5282
2650	125	5165	69	48	0	5407
2651	5050	109	49	59	0	5267
2652	141	5128	30	54	0	5353
2653	5151	120	44	66	0	5381
2654	152	52	5140	52	0	5396
2655	5114	39	115	48	0	5316
2656	5207	36	63	38	0	5344
2657	4591	47	53	59	0	4750
2658	5250	28	29	51	0	5358
2659	171	31	5099	25	0	5326
2660	98	34	119	5002	0	5253
2661	5002	28	47	135	0	5212
2662	135	4985	40	68	0	5228
2663	80	108	27	4846	0	5061
2664	66	39	4782	123	0	5010
2665	61	70	115	4710	0	4956
2666	53	20	4759	140	0	4972
2667	45	4516	113	80	0	4754
2668	31	4213	58	59	0	4361
2669	46	4157	48	31	0	4282
2670	64	120	30	3504	0	3718
2671	43	38	10	3464	0	3555
2672	26	27	3404	67	0	3524
2673	37	3160	55	35	0	3287
2674	2907	46	19	26	0	2998
2675	51	2779	17	21	0	2868
2676	32	2806	10	22	0	2870
2677	82	52	22	2664	0	2820
2678	2619	23	27	52	0	2721
2679	2635	16	14	25	0	2690
2680	59	13	12	2598	0	2682
2681	2568	7	12	51	0	2638
2682	58	6	18	2540	0	2622
2683	27	13	2506	50	0	2596
2684	2495	14	41	34	0	2584
2685	49	23	14	2465	0	2551
2686	24	17	2414	36	0	2491
2687	24	20	2387	19	0	2450
2688	20	9	52	2391	0	2472
2689	2420	9	21	51	0	2501
2690	2402	8	21	34	0	2465
2691	46	2414	12	25	0	2497
2692	2457	46	12	21	0	2536
2693	2457	25	10	18	0	2510
2694	2480	21	6	23	0	2530
2695	51	2503	12	21	0	2587
2696	2508	35	13	19	0	2575
2697	2539	19	10	19	0	2587
2698	59	20	9	2498	0	2586
2699	2444	12	8	45	0	2509
2700	47	2419	8	22	0	2496
2701	23	2481	13	17	0	2534
2702	29	33	10	2503	0	2575
2703	28	15	8	2533	0	2584
2704	19	2549	13	41	0	2622
2705	2544	31	9	22	0	2606
2706	38	2487	6	15	0	2546
2707	2440	30	9	15	0	2494
2708	54	2517	7	6	0	2584
2709	30	44	3	2453	0	2530
2710	26	2624	11	29	0	2690
2711	2634	45	18	20	0	2717
2712	2587	17	12	22	0	2638
2713	2556	19	8	18	0	2601
2714	58	13	2441	7	0	2519
2715	28	12	2278	7	0	2325
2716	16	2230	30	10	0	2286
2717	21	26	2153	9	0	2209
2718	8	14	2039	9	0	2070
2719	12	40	30	1796	0	1878
2720	6	7	1845	18	0	1876
2721	7	1852	20	5	0	1884
2722	1848	22	7	4	0	1881
2723	17	1822	4	7	0	1850
2724	6	1849	6	7	0	1868
2725	1862	22	4	8	0	1896
2726	1875	5	5	9	0	1894
2727	21	1912	6	2	0	1941
2728	1943	21	5	3	0	1972
2729	1928	6	8	7	0	1949
2730	1934	7	7	5	0	1953
2731	25	7	1892	4	0	1928
2732	15	8	1911	1	0	1935
2733	9	10	22	1936	0	1977
2734	15	4	9	1944	0	1972
2735	1981	10	8	23	0	2022
2736	22	1967	9	6	0	2004
2737	13	22	3	2034	0	2072
2738	11	12	3	2036	0	2062
2739	15	9	6	2059	0	2089
2740	14	7	5	2064	0	2090
2741	9	7	2074	30	0	2120
2742	15	7	2073	7	0	2102
2743	17	5	26	2123	0	2171
2744	13	5	2191	24	0	2233
2745	2143	4	30	14	0	2191
2746	34	4	9	2215	0	2262
2747	10	1	2230	36	0	2277
2748	2069	8	30	21	0	2128
2749	35	2179	7	8	0	2229
2750	2180	28	5	13	0	2226
2751	26	2252	9	9	0	2296
2752	14	23	4	2230	0	2271
2753	9	4	2260	34	0	2307
2754	12	3	31	2161	0	2207
2755	10	3	2165	34	0	2212
2756	2117	9	31	11	0	2168
2757	34	5	7	2197	0	2243
2758	2209	9	5	36	0	2259
2759	32	3	2216	9	0	2260
2760	2292	4	28	16	0	2340
2761	2482	3	12	23	0	2520
2762	42	1	2546	6	0	2595
2763	19	8	33	2517	0	2577
2764	8	3	2604	38	0	2653
2765	10	2615	35	8	0	2668
2766	2598	31	12	19	0	2660
2767	2629	6	9	13	0	2657
2768	40	2	2667	5	0	2714
2769	11	4	2650	7	0	2672
2770	14	3	34	2617	0	2668
2771	5	3	13	2695	0	2716
2772	2706	5	5	40	0	2756
2773	35	2733	6	8	0	2782
2774	2804	31	9	8	0	2852
2775	2836	5	6	8	0	2855
2776	36	4	2767	4	0	2811
2777	2678	2	34	15	0	2729
2778	34	4	2779	15	0	2832
2779	18	5	29	2818	0	2870
2780	12	8	2967	30	0	3017
2781	16	2	31	2942	0	2991
2782	16	1	3003	31	0	3051
2783	2934	3	39	14	0	2990
2784	3016	1	12	15	0	3044
2785	43	1	11	3007	0	3062
2786	3066	4	9	47	0	3126
2787	34	5	13	3159	0	3211
2788	15	3261	9	37	0	3322
2789	3258	27	10	23	0	3318
2790	36	3260	14	8	0	3318
2791	24	26	6	3311	0	3367
2792	10	8	9	3255	0	3282
2793	18	7	5	3259	0	3289
2794	13	5	11	3207	0	3236
2795	11	6	3159	37	0	3213
2796	2937	2	35	14	0	2988
2797	3114	8	10	12	0	3144
2798	37	3145	10	7	0	3199
2799	22	21	5	3159	0	3207
2800	11	5	7	3173	0	3196
2801	10	5	3095	42	0	3152
2802	2979	4	31	12	0	3026
2803	37	4	8	3075	0	3124
2804	16	4	3075	31	0	3126
2805	3086	6	32	20	0	3144
2806	3180	4	8	20	0	3212
2807	3190	2	9	19	0	3220
2808	35	6	3108	10	0	3159
2809	19	1	2980	10	0	3010
2810	2977	2	29	13	0	3021
2811	35	0	16	3013	0	3064
2812	15	2	3	3105	0	3125
2813	9	2	3115	29	0	3155
2814	3032	2	20	17	0	3071
2815	30	3	8	3165	0	3206
2816	3258	6	5	34	0	3303
2817	3293	1	2	20	0	3316
2818	3279	1	3	15	0	3298
2819	31	2	3389	6	0	3428
2820	17	4	29	3380	0	3430
2821	3492	1	8	40	0	3541
2822	29	3581	7	17	0	3634
2823	12	28	6	3656	0	3702
2824	16	4	3	3685	0	3708
2825	3667	2	6	51	0	3726
2826	3670	0	7	14	0	3691
2827	47	1	4	3637	0	3689
2828	23	1	3634	35	0	3693
2829	3566	4	41	19	0	3630
2830	39	2	3738	9	0	3788
2831	3723	4	37	22	0	3786
2832	3809	2	10	16	0	3837
2833	44	5	3806	9	0	3864
2834	25	10	41	3864	0	3940
2835	8	2	4079	47	0	4136
2836	10	4302	48	17	0	4377
2837	12	51	17	4182	0	4262
2838	15	4400	9	51	0	4475
2839	21	61	3	4439	0	4524
2840	12	12	4512	58	0	4594
2841	5	4521	65	17	0	4608
2842	10	4662	13	6	0	4691
2843	25	103	10	4630	0	4768
2844	4664	25	12	73	0	4774
2845	73	16	2	5016	0	5107
2846	5125	3	3	96	0	5227
2847	86	5233	3	27	0	5349
2848	5658	82	4	31	0	5775
2849	109	23	5880	8	0	6020
2850	59	10	90	5811	0	5970
2851	40	5	23	5814	0	5882
2852	14	5	5860	121	0	6000
2853	5630	7	98	51	0	5786
2854	5845	10	22	35	0	5912
2855	116	5796	21	13	0	5946
2856	54	104	10	5532	0	5700
2857	26	5789	6	89	0	5910
2858	11	105	5730	24	0	5870
2859	17	24	5801	16	0	5858
2860	54	60	107	5527	0	5748
2861	5511	10	29	112	0	5662
2862	88	5468	25	32	0	5613
2863	5454	94	13	30	0	5591
2864	108	27	5384	8	0	5527
2865	5395	19	95	30	0	5539
2866	5586	10	27	27	0	5650
2867	119	21	5527	21	0	5688
2868	61	17	93	5425	0	5596
2869	5563	11	28	102	0	5704
2870	5578	9	24	39	0	5650
2871	5579	5	17	32	0	5633
2872	148	12	11	5465	0	5636
2873	43	19	5432	104	0	5598
2874	5355	9	110	48	0	5522
2875	108	12	5514	31	0	5665
2876	67	15	109	5409	0	5600
2877	52	11	30	5475	0	5568
2878	27	5484	32	114	0	5657
2879	28	101	5445	47	0	5621
2880	30	5269	107	29	0	5435
2881	22	5436	36	26	0	5520
2882	37	112	31	5351	0	5531
2883	21	44	5360	108	0	5533
2884	36	28	100	5305	0	5469
2885	32	18	5354	115	0	5519
2886	38	19	116	5230	0	5403
2887	37	27	31	5276	0	5371
2888	26	22	5053	132	0	5233
2889	38	14	109	5000	0	5161
2890	36	13	5089	123	0	5261
2891	26	20	5074	49	0	5169
2892	33	5011	122	44	0	5210
2893	5036	103	55	40	0	5234
2894	118	35	5031	31	0	5215
2895	4917	26	117	41	0	5101
2896	129	23	54	5069	0	5275
2897	47	20	5051	118	0	5236
2898	43	5007	124	47	0	5221
2899	44	107	53	5014	0	5218
2900	39	32	5051	125	0	5247
2901	38	32	131	4837	0	5038
2902	35	5036	47	128	0	5246
2903	5071	115	44	60	0	5290
2904	127	37	40	5066	0	5270
2905	4960	43	34	139	0	5176
2906	5061	26	29	76	0	5192
2907	5055	18	45	59	0	5177
2908	5106	23	38	50	0	5217
2909	5020	30	30	47	0	5127
2910	147	4890	33	49	0	5119
2911	70	99	40	4921	0	5130
2912	74	27	28	4946	0	5075
2913	53	35	40	4931	0	5059
2914	42	26	4778	146	0	4992
2915	43	4710	120	77	0	4950
2916	4834	112	50	51	0	5047
2917	4914	36	52	49	0	5051
2918	140	4804	33	60	0	5037
2919	55	4867	48	46	0	5016
2920	4793	128	38	49	0	5008
2921	137	55	4613	35	0	4840
2922	65	51	136	4506	0	4758
2923	4508	20	56	129	0	4713
2924	127	30	39	4409	0	4605
2925	46	4434	48	127	0	4655
2926	50	116	42	4451	0	4659
2927	42	38	4469	141	0	4690
2928	4388	30	120	63	0	4601
2929	4555	23	53	57	0	4688
2930	158	25	36	4380	0	4599
2931	94	22	38	4440	0	4594
2932	4287	28	32	137	0	4484
2933	128	4266	27	71	0	4492
2934	64	91	39	4127	0	4321
2935	63	35	26	4122	0	4246
2936	3779	24	21	124	0	3948
2937	97	3785	23	63	0	3968
2938	3740	82	20	50	0	3892
2939	114	3685	16	35	0	3850
2940	37	3735	21	31	0	3824
2941	3602	82	24	36	0	3744
2942	91	3622	26	32	0	3771
2943	55	111	32	3463	0	3661
2944	37	32	3441	87	0	3597
2945	22	20	3046	24	0	3112
2946	15	15	2881	22	0	2933
2947	13	2799	76	20	0	2908
2948	2321	53	74	13	0	2461
2949	58	12	16	2186	0	2272
2950	16	6	10	2216	0	2248
2951	13	8	2166	57	0	2244
2952	2180	4	40	21	0	2245
2953	47	9	12	2253	0	2321
2954	15	7	4	2289	0	2315
2955	14	5	11	2275	0	2305
2956	2219	6	7	60	0	2292
2957	52	10	2180	21	0	2263
2958	2193	2	46	21	0	2262
2959	57	7	12	2221	0	2297
2960	26	7	2204	47	0	2284
2961	2146	7	48	14	0	2215
2962	52	13	2243	12	0	2320
2963	19	14	45	2209	0	2287
2964	17	8	2245	48	0	2318
2965	10	11	2157	20	0	2198
2966	2014	3	64	15	0	2096
2967	48	10	2032	11	0	2101
2968	20	5	54	1997	0	2076
2969	2002	5	26	53	0	2086
2970	53	7	10	2014	0	2084
2971	17	5	2021	47	0	2090
2972	17	6	2035	18	0	2076
2973	15	2003	54	17	0	2089
2974	9	46	21	1979	0	2055
2975	1918	9	16	51	0	1994
2976	49	1938	16	13	0	2016
2977	1926	43	10	16	0	1995
2978	50	10	6	1924	0	1990
2979	1911	6	12	56	0	1985
2980	53	1894	10	14	0	1971
2981	30	42	6	1866	0	1944
2982	1881	10	13	59	0	1963
2983	47	1885	9	23	0	1964
2984	22	48	10	1875	0	1955
2985	16	15	12	1903	0	1946
2986	1913	9	8	61	0	1991
2987	44	10	13	1924	0	1991
2988	14	4	13	1951	0	1982
2989	23	5	13	1966	0	2007
2990	16	5	1860	63	0	1944
2991	1837	7	46	28	0	1918
2992	53	4	17	2109	0	2183
2993	16	5	2177	77	0	2275
2994	2173	3	67	24	0	2267
2995	74	4	2242	14	0	2334
2996	25	5	73	2160	0	2263
2997	16	2207	26	68	0	2317
2998	22	68	10	2241	0	2341
2999	11	18	2260	89	0	2378
3000	16	11	2343	28	0	2398
3001	13	11	85	2314	0	2423
3002	13	3	2294	83	0	2393
3003	2206	6	80	31	0	2323
3004	76	6	2265	17	0	2364
3005	24	8	79	2196	0	2307
3006	18	7	26	2242	0	2293
3007	20	4	14	2247	0	2285
3008	2168	11	13	98	0	2290
3009	2206	6	15	44	0	2271
3010	2266	3	13	29	0	2311
3011	93	6	13	2203	0	2315
3012	32	10	7	2263	0	2312
3013	18	6	2161	92	0	2277
3014	16	8	2190	33	0	2247
3015	11	2143	85	27	0	2266
3016	22	78	26	1888	0	2014
3017	16	15	20	1847	0	1898
3018	11	1840	12	74	0	1937
3019	1837	52	7	26	0	1922
3020	58	1845	6	23	0	1932
3021	1830	55	13	26	0	1924
3022	67	21	4	1809	0	1901
3023	1820	6	12	64	0	1902
3024	65	7	10	1826	0	1908
3025	18	7	1783	67	0	1875
3026	12	2	57	1824	0	1895
3027	1799	5	20	64	0	1888
3028	64	1	17	1798	0	1880
3029	19	2	9	1825	0	1855
3030	13	4	1795	78	0	1890
3031	14	1	51	1825	0	1891
3032	12	5	21	1822	0	1860
3033	13	1762	12	74	0	1861
3034	11	49	10	1779	0	1849
3035	15	14	7	1822	0	1858
3036	16	5	4	1784	0	1809
3037	7	1661	8	77	0	1753
3038	11	48	4	1592	0	1655
3039	1503	8	5	54	0	1570
3040	41	1479	4	25	0	1549
3041	17	1405	4	10	0	1436
3042	11	1402	4	8	0	1425
3043	8	41	2	1343	0	1394
3044	3	1328	9	39	0	1379
3045	8	1359	10	18	0	1395
3046	1320	37	10	14	0	1381
3047	41	15	1297	6	0	1359
3048	1279	7	35	19	0	1340
3049	39	4	11	1309	0	1363
3050	9	9	1295	43	0	1356
3051	1262	6	47	17	0	1332
3052	35	7	1263	19	0	1324
3053	15	2	1264	13	0	1294
3054	1280	2	50	16	0	1348
3055	41	3	26	1310	0	1380
3056	18	3	1325	50	0	1396
3057	1300	2	49	27	0	1378
3058	1350	2	12	30	0	1394
3059	53	7	1328	13	0	1401
3060	1355	1	42	20	0	1418
3061	1406	4	13	14	0	1437
3062	54	6	1299	20	0	1379
3063	1306	2	39	22	0	1369
3064	1341	2	21	20	0	1384
3065	55	7	1284	12	0	1358
3066	14	10	1422	14	0	1460
3067	11	10	51	1405	0	1477
3068	13	7	1425	48	0	1493
3069	1413	10	44	28	0	1495
3070	52	16	14	1407	0	1489
3071	25	11	4	1434	0	1474
3072	21	7	1370	54	0	1452
3073	13	10	44	1380	0	1447
3074	25	5	1369	51	0	1450
3075	1395	5	41	29	0	1470
3076	1434	3	26	13	0	1476
3077	64	5	1390	19	0	1478
3078	1410	3	46	22	0	1481
3079	1447	2	15	25	0	1489
3080	60	4	1420	19	0	1503
3081	1440	1	47	33	0	1521
3082	1460	5	27	23	0	1515
3083	63	3	1445	22	0	1533
3084	1446	12	43	28	0	1529
3085	44	6	1456	22	0	1528
3086	24	5	38	1430	0	1497
3087	15	9	10	1451	0	1485
3088	15	12	13	1473	0	1513
3089	22	9	1416	61	0	1508
3090	1382	9	38	33	0	1462
3091	43	8	1388	19	0	1458
3092	17	1099	23	13	0	1152
3093	9	1085	7	13	0	1114
3094	1024	20	13	12	0	1069
3095	24	3	3	1017	0	1047
3096	11	1017	2	26	0	1056
3097	975	14	6	7	0	1002
3098	961	0	2	10	0	973
3099	14	966	7	3	0	990
3100	1	14	5	886	0	906
3101	4	917	1	14	0	936
3102	928	14	0	4	0	946
3103	933	1	5	7	0	946
3104	17	2	1	910	0	930
3105	912	0	3	19	0	934
3106	19	6	3	909	0	937
3107	4	6	898	17	0	925
3108	894	1	14	4	0	913
3109	17	7	909	3	0	936
3110	4	3	15	883	0	905
3111	903	1	2	18	0	924
3112	18	2	5	896	0	921
3113	7	4	904	17	0	932
3114	2	2	896	8	0	908
3115	5	14	17	885	0	921
3116	877	2	3	15	0	897
3117	16	893	4	0	0	913
3118	5	12	2	895	0	914
3119	7	2	905	12	0	926
3120	904	1	15	7	0	927
3121	936	0	5	5	0	946
3122	16	1	904	3	0	924
3123	888	1	17	4	0	910
3124	19	1	3	922	0	945
3125	7	2	912	14	0	935
3126	888	1	16	9	0	914
3127	15	1	4	896	0	916
3128	9	1	4	900	0	914
3129	895	0	5	18	0	918
3130	20	844	6	0	0	870
3131	9	864	2	2	0	877
3132	861	14	6	6	0	887
3133	859	1	8	3	0	871
3134	17	1	861	5	0	884
3135	10	1	853	5	0	869
3136	6	3	16	853	0	878
3137	862	0	4	20	0	886
3138	861	2	3	9	0	875
3139	860	3	7	6	0	876
3140	17	850	2	9	0	878
3141	3	859	8	6	0	876
3142	8	10	5	904	0	927
3143	11	0	5	904	0	920
3144	6	3	7	935	0	951
3145	11	4	946	12	0	973
3146	11	1	905	4	0	921
3147	945	2	19	3	0	969
3148	975	3	4	3	0	985
3149	22	3	6	959	0	990
3150	5	4	3	967	0	979
3151	12	1	1	972	0	986
3152	4	2	943	17	0	966
3153	7	1	945	4	0	957
3154	5	2	14	908	0	929
3155	4	6	913	16	0	939
3156	8	870	11	7	0	896
3157	4	886	3	8	0	901
3158	890	9	4	10	0	913
3159	14	876	7	5	0	902
3160	10	7	5	869	0	891
3161	4	5	6	872	0	887
3162	5	993	5	14	0	1017
3163	6	18	3	994	0	1021
3164	5	7	977	20	0	1009
3165	8	965	15	9	0	997
3166	8	13	8	913	0	942
3167	2	7	920	16	0	945
3168	2	896	16	7	0	921
3169	3	19	4	867	0	893
3170	4	891	2	13	0	910
3171	4	14	4	888	0	910
3172	6	4	3	876	0	889
3173	4	881	5	17	0	907
3174	863	15	2	6	0	886
3175	844	7	4	3	0	858
3176	18	847	6	4	0	875
3177	8	860	5	4	0	877
3178	3	18	3	849	0	873
3179	2	8	844	15	0	869
3180	806	3	13	9	0	831
3181	811	4	5	9	0	829
3182	18	3	799	6	0	826
3183	781	5	14	5	0	805
3184	801	5	4	5	0	815
3185	19	3	775	5	0	802
3186	767	3	19	2	0	791
3187	15	5	794	5	0	819
3188	7	795	16	3	0	821
3189	802	16	5	5	0	828
3190	812	7	2	4	0	825
3191	23	2	809	5	0	839
3192	811	6	14	5	0	836
3193	861	2	6	11	0	880
3194	21	2	856	5	0	884
3195	858	5	11	6	0	880
3196	878	2	6	12	0	898
3197	21	1	879	3	0	904
3198	878	5	18	2	0	903
3199	20	4	6	865	0	895
3200	11	3	3	870	0	887
3201	8	3	854	22	0	887
3202	7	1	846	11	0	865
3203	5	2	21	858	0	886
3204	5	2	8	871	0	886
3205	899	0	3	21	0	923
3206	18	2	890	6	0	916
3207	902	4	15	2	0	923
3208	22	2	6	933	0	963
3209	8	1	937	19	0	965
3210	1020	1	14	6	0	1041
3211	22	1	3	1064	0	1090
3212	6	0	1067	19	0	1092
3213	1048	1	17	8	0	1074
3214	22	3	8	1071	0	1104
3215	1093	0	6	17	0	1116
3216	19	3	1146	8	0	1176
3217	12	4	16	1085	0	1117
3218	3	1162	8	14	0	1187
3219	1183	17	6	9	0	1215
3220	1190	9	2	6	0	1207
3221	22	1217	1	4	0	1244
3222	1239	16	2	7	0	1264
3223	1240	6	2	4	0	1252
3224	1243	2	3	2	0	1250
3225	26	1212	4	1	0	1243
3226	14	15	0	1218	0	1247
3227	6	7	1254	17	0	1284
3228	3	2	17	1249	0	1271
3229	3	3	8	1259	0	1273
3230	2	1	1268	23	0	1294
3231	4	1	1266	8	0	1279
3232	6	1	22	1229	0	1258
3233	4	1309	10	15	0	1338
3234	1306	14	4	10	0	1334
3235	1297	7	0	8	0	1312
3236	25	1340	1	3	0	1369
3237	1371	16	4	2	0	1393
3238	1372	6	2	5	0	1385
3239	23	5	1393	4	0	1425
3240	1354	2	16	7	0	1379
3241	20	1439	8	4	0	1471
3242	7	14	1411	2	0	1434
3243	7	7	1363	2	0	1379
3244	3	1383	21	1	0	1408
3245	1365	13	6	5	0	1389
3246	20	7	1392	1	0	1420
3247	11	6	14	1385	0	1416
3248	4	1	1408	14	0	1427
3249	1359	4	18	7	0	1388
3250	18	3	1719	3	0	1743
3251	11	2	1693	2	0	1708
3252	1714	3	25	5	0	1747
3253	19	1783	11	2	0	1815
3254	1826	16	3	5	0	1850
3255	1899	10	2	4	0	1915
3256	23	3	4	1884	0	1914
3257	11	2073	2	16	0	2102
3258	2104	18	1	16	0	2139
3259	18	7	2148	4	0	2177
3260	2104	2	16	13	0	2135
3261	20	2191	13	2	0	2226
3262	2079	10	3	8	0	2100
3263	2093	4	3	1	0	2101
3264	13	2128	5	2	0	2148
3265	7	12	4	2135	0	2158
3266	2171	3	1	12	0	2187
3267	10	2163	1	2	0	2176
3268	7	10	2	2172	0	2191
3269	2216	2	0	12	0	2230
3270	12	5	3	2318	0	2338
3271	8	0	0	2313	0	2321
3272	7	2333	4	11	0	2355
3273	2349	14	3	11	0	2377
3274	2400	4	3	8	0	2415
3275	2431	5	0	5	0	2441
3276	20	2521	3	2	0	2546
3277	2558	12	3	12	0	2585
3278	2575	6	2	7	0	2590
3279	21	5	1	2554	0	2581
3280	10	2	1	2582	0	2595
3281	5	3	2612	17	0	2637
3282	6	1	16	2578	0	2601
3283	12	1	5	2512	0	2530
3284	6	4	2622	17	0	2649
3285	2404	2	18	15	0	2439
3286	20	1	2621	9	0	2651
3287	6	3	2691	3	0	2703
3288	8	3	17	2701	0	2729
3289	8	5	8	2713	0	2734
3290	3	2771	6	19	0	2799
3291	2778	16	1	7	0	2802
3292	2753	4	3	4	0	2764
3293	23	2775	8	1	0	2807
3294	6	2955	6	5	0	2972
3295	10	26	2	2974	0	3012
3296	4	3113	5	19	0	3141
3297	3126	23	1	14	0	3164
3298	3114	5	2	8	0	3129
3299	36	2	2	3087	0	3127
3300	21	4	2	3130	0	3157
3301	3145	2	1	38	0	3186
3302	31	6	3105	11	0	3153
3303	3071	2	25	17	0	3115
3304	33	2	3109	4	0	3148
3305	3074	3	25	11	0	3113
3306	35	2	6	3108	0	3151
3307	11	6	3188	26	0	3231
3308	8	4	3176	6	0	3194
3309	3138	11	43	9	0	3201
3310	3162	7	7	11	0	3187
3311	24	3245	4	6	0	3279
3312	11	23	5	3404	0	3443
3313	12	5	2	3501	0	3520
3314	3478	0	4	43	0	3525
3315	31	3470	9	5	0	3515
3316	3403	26	4	25	0	3458
3317	31	3382	5	5	0	3423
3318	11	3378	4	6	0	3399
3319	3369	36	2	15	0	3422
3320	32	10	3341	3	0	3386
3321	22	12	29	3310	0	3373
3322	14	4	7	3355	0	3380
3323	7	8	3376	32	0	3423
3324	10	6	29	3320	0	3365
3325	31	5	9	3069	0	3114
3326	4	3407	3	38	0	3452
3327	3380	33	2	18	0	3433
3328	33	9	3407	9	0	3458
3329	3291	4	31	12	0	3338
3330	31	3422	10	7	0	3470
3331	18	32	3	3432	0	3485
3332	3534	11	7	44	0	3596
3333	42	2	6	3551	0	3601
3334	18	6	4	3581	0	3609
3335	13	4	3590	43	0	3650
3336	3418	4	35	31	0	3488
3337	3542	1	11	23	0	3577
3338	43	7	3596	8	0	3654
3339	18	6	37	3569	0	3630
3340	11	3	3620	37	0	3671
3341	3527	2	38	28	0	3595
3342	3683	4	15	12	0	3714
3343	45	5	6	3685	0	3741
3344	3676	3	8	52	0	3739
3345	45	4	3884	16	0	3949
3346	22	5	28	3880	0	3935
3347	18	1	17	3860	0	3896
3348	19	2	9	3983	0	4013
3349	21	6	8	3958	0	3993
3350	3622	2	4	61	0	3689
3351	36	7	3583	23	0	3649
3352	23	2	31	3610	0	3666
3353	14	3	3569	45	0	3631
3354	13	5	3556	19	0	3593
3355	21	3	40	3500	0	3564
3356	16	1	14	3552	0	3583
3357	3389	3	13	44	0	3449
3358	33	5	9	3395	0	3442
3359	22	3	14	3411	0	3450
3360	12	2	11	3452	0	3477
3361	3412	2	2	60	0	3476
3362	3404	5	8	36	0	3453
3363	3439	0	9	26	0	3474
3364	3379	2	10	31	0	3422
3365	49	3587	9	24	0	3669
3366	29	46	6	3609	0	3690
3367	25	16	11	3667	0	3719
3368	3717	6	4	78	0	3805
3369	56	3884	5	41	0	3986
3370	40	48	5	4022	0	4115
3371	20	22	4340	70	0	4452
3372	4589	6	73	46	0	4714
3373	100	4807	20	22	0	4949
3374	4979	93	26	28	0	5126
3375	5173	22	9	21	0	5225
3376	156	11	11	5027	0	5205
3377	41	17	5060	115	0	5233
3378	50	8	99	5137	0	5294
3379	5195	6	28	133	0	5362
3380	129	4	18	5188	0	5339
3381	5166	5	10	131	0	5312
3382	119	5132	9	48	0	5308
3383	5371	101	7	34	0	5513
3384	139	25	7	5397	0	5568
3385	78	17	5	5697	0	5797
3386	5719	14	11	146	0	5890
3387	5745	5	3	66	0	5819
3388	5764	12	5	42	0	5823
3389	5724	9	9	51	0	5793
3390	5738	4	12	35	0	5789
3391	180	9	6	5564	0	5759
3392	79	12	5428	121	0	5640
3393	50	5428	97	48	0	5623
3394	5322	99	35	41	0	5497
3395	124	41	5176	31	0	5372
3396	5086	13	107	34	0	5240
3397	138	5128	32	14	0	5312
3398	5238	98	14	31	0	5381
3399	153	28	18	5194	0	5393
3400	88	13	13	5260	0	5374
3401	43	25	5185	140	0	5393
3402	61	11	97	5167	0	5336
3403	38	5	5290	136	0	5469
3404	37	12	5319	58	0	5426
3405	5363	15	123	39	0	5540
3406	5512	13	39	43	0	5607
3407	152	14	5362	33	0	5561
3408	5278	14	111	42	0	5445
3409	5434	12	37	45	0	5528
3410	175	14	5251	32	0	5472
3411	82	5191	110	30	0	5413
3412	110	115	43	5308	0	5576
3413	5486	31	24	121	0	5662
3414	5592	14	28	74	0	5708
3415	5584	20	25	47	0	5676
3416	5620	11	20	47	0	5698
3417	5634	10	24	36	0	5704
3418	185	12	5457	28	0	5682
3419	101	18	5553	23	0	5695
3420	102	34	119	5571	0	5826
3421	5668	20	52	132	0	5872
3422	5736	21	36	71	0	5864
3423	5723	22	33	56	0	5834
3424	5525	15	25	75	0	5640
3425	189	5472	34	64	0	5759
3426	108	5782	32	47	0	5969
3427	5774	119	28	70	0	5991
3428	5881	36	30	64	0	6011
3429	177	5807	26	57	0	6067
3430	5874	111	24	59	0	6068
3431	183	43	5841	46	0	6113
3432	125	23	104	5748	0	6000
3433	95	35	5795	118	0	6043
3434	103	18	5836	51	0	6008
3435	104	15	127	5806	0	6052
3436	110	20	43	5996	0	6169
3437	104	19	6072	136	0	6331
3438	113	18	115	5873	0	6119
3439	96	17	46	6064	0	6223
3440	6042	23	43	158	0	6266
3441	6057	31	40	63	0	6191
3442	194	25	46	5993	0	6258
3443	102	23	6045	134	0	6304
3444	97	6043	113	53	0	6306
3445	5973	107	54	61	0	6195
3446	171	35	6131	47	0	6384
3447	103	6002	128	53	0	6286
3448	68	6286	62	62	0	6478
3449	6344	111	54	53	0	6562
3450	6462	32	47	53	0	6594
3451	182	27	48	6327	0	6584
3452	103	29	6749	119	0	7000
3453	107	15	129	6746	0	6997
3454	98	18	75	6843	0	7034
3455	79	28	54	6941	0	7102
3456	6869	29	51	151	0	7100
3457	172	6726	43	60	0	7001
3458	92	7165	44	57	0	7358
3459	96	135	40	7043	0	7314
3460	96	48	39	7237	0	7420
3461	7168	28	39	173	0	7408
3462	7129	22	35	102	0	7288
3463	7203	11	42	58	0	7314
3464	189	7054	39	55	0	7337
3465	6955	83	38	45	0	7121
3466	165	74	45	6837	0	7121
3467	91	26	6796	107	0	7020
3468	88	21	6374	59	0	6542
3469	6343	22	120	61	0	6546
3470	112	14	6260	37	0	6423
3471	62	17	5793	22	0	5894
3472	5333	3	55	29	0	5420
3473	45	7	5403	11	0	5466
3474	22	12	5281	3	0	5318
3475	22	32	33	5075	0	5162
3476	13	5	5461	14	0	5493
3477	14	5	15	5210	0	5244
3478	14	0	9	5256	0	5279
3479	13	3	5534	22	0	5572
3480	7	5590	20	7	0	5624
3481	5579	14	19	26	0	5638
3482	21	8	5750	4	0	5783
3483	9	7	5589	2	0	5607
3484	4972	7	18	23	0	5020
3485	17	6	5413	2	0	5438
3486	13	5258	18	4	0	5293
3487	12	4917	18	7	0	4954
3488	15	14	2	5443	0	5474
3489	9	5	4	5362	0	5380
3490	5549	2	1	51	0	5603
3491	5517	3	1	30	0	5551
3492	5556	3	6	18	0	5583
3493	29	3	2	5572	0	5606
3494	5606	3	2	33	0	5644
3495	5533	3	3	29	0	5568
3496	25	5	5603	6	0	5639
3497	16	6	5359	4	0	5385
3498	8	5612	15	5	0	5640
3499	10	14	9	5675	0	5708
3500	5701	7	1	21	0	5730
3501	18	5640	3	7	0	5668
3502	15	13	6	5765	0	5799
3503	5667	8	6	43	0	5724
3504	5589	1	7	35	0	5632
3505	21	5697	9	4	0	5731
3506	5662	14	4	27	0	5707
3507	5705	9	7	33	0	5754
3508	29	5	7	5718	0	5759
3509	14	4	5802	11	0	5831
3510	5	5664	26	10	0	5705
3511	5	5730	13	7	0	5755
3512	5511	19	3	25	0	5558
3513	28	8	8	5472	0	5516
3514	14	10	5548	18	0	5590
3515	7	5519	17	13	0	5556
3516	5544	19	13	27	0	5603
3517	5529	11	1	37	0	5578
3518	25	5	5638	10	0	5678
3519	29	2	20	5472	0	5523
3520	16	6	9	5712	0	5743
3521	10	12	6337	25	0	6384
3522	6386	6	33	29	0	6454
3523	7743	7	13	26	0	7789
3524	114	6	6	8797	0	8923
3525	35	9105	17	136	0	9293
3526	64	131	9	9573	0	9777
3527	32	65	9620	172	0	9889
3528	9453	32	149	108	0	9742
3529	188	31	62	9819	0	10100
3530	79	25	9756	189	0	10049
3531	9505	15	192	115	0	9827
3532	209	12	84	9748	0	10053
3533	126	10	47	9760	0	9943
3534	9644	7	39	263	0	9953
3535	187	9670	32	111	0	10000
3536	9650	157	26	100	0	9933
3537	244	74	23	9542	0	9883
3538	9599	35	15	221	0	9870
3539	222	38	9485	111	0	9856
3540	123	9540	167	65	0	9895
3541	113	178	71	9647	0	10009
3542	9677	75	56	236	0	10044
3543	212	9614	59	113	0	9998
3544	176	189	40	9705	0	10110
3545	9756	92	36	244	0	10128
3546	9674	51	39	149	0	9913
3547	313	43	28	9436	0	9820
3548	147	44	9428	241	0	9860
3549	108	29	9343	166	0	9646
3550	9257	34	242	107	0	9640
3551	234	9235	122	96	0	9687
3552	129	9084	77	75	0	9365
3553	8860	229	66	96	0	9251
3554	244	9124	60	69	0	9497
3555	179	222	58	9071	0	9530
3556	147	131	26	9289	0	9593
3557	9151	88	34	298	0	9571
3558	8997	77	26	168	0	9268
3559	8990	66	16	146	0	9218
3560	330	55	8702	106	0	9193
3561	234	41	183	8722	0	9180
3562	158	44	8735	230	0	9167
3563	132	48	8577	146	0	8903
3564	115	36	8904	103	0	9158
3565	126	49	317	8662	0	9154
3566	91	40	8913	246	0	9290
3567	83	60	8987	143	0	9273
3568	109	52	322	8764	0	9247
3569	8804	36	182	282	0	9304
3570	267	48	8878	145	0	9338
3571	165	37	273	8657	0	9132
3572	139	29	159	8956	0	9283
3573	124	44	8899	329	0	9396
3574	132	58	245	8780	0	9215
3575	113	52	8971	296	0	9432
3576	123	52	259	8708	0	9142
3577	112	55	139	8834	0	9140
3578	112	36	116	8906	0	9170
3579	81	44	101	8846	0	9072
3580	8498	26	97	399	0	9020
3581	8555	30	83	239	0	8907
3582	309	51	8357	164	0	8881
3583	168	8198	250	177	0	8793
3584	144	191	8466	128	0	8929
3585	128	93	8476	98	0	8795
3586	8207	44	351	127	0	8729
3587	256	8333	221	114	0	8924
3588	8369	207	171	112	0	8859
3589	262	8467	158	100	0	8987
3590	8415	244	140	117	0	8916
3591	8600	116	135	102	0	8953
3592	371	81	97	8356	0	8905
3593	181	8467	90	293	0	9031
3594	150	235	73	8609	0	9067
3595	135	116	72	8731	0	9054
3596	119	59	8511	389	0	9078
3597	106	8520	249	229	0	9104
3598	107	222	153	8643	0	9125
3599	8540	102	92	373	0	9107
3600	8888	57	118	218	0	9281
3601	8934	61	113	176	0	9284
3602	368	8750	105	147	0	9370
3603	8985	247	83	133	0	9448
3604	346	9428	98	108	0	9980
3605	202	299	94	9577	0	10172
3606	155	139	9591	298	0	10183
3607	157	94	298	9424	0	9973
3608	126	9508	156	315	0	10105
3609	125	294	113	9572	0	10104
3610	108	142	86	9640	0	9976
3611	93	9583	76	416	0	10168
3612	9596	310	83	232	0	10221
3613	320	152	67	9589	0	10128
3614	160	114	9360	368	0	10002
3615	152	89	268	9462	0	9971
3616	147	66	132	9708	0	10053
3617	93	73	9485	452	0	10103
3618	130	62	286	9269	0	9747
3619	95	9338	151	391	0	9975
3620	126	288	9269	222	0	9905
3621	145	120	8797	154	0	9216
3622	59	8165	351	114	0	8689
3623	35	7224	133	100	0	7492
3624	41	6071	63	33	0	6208
3625	5512	179	135	58	0	5884
3626	5261	64	39	34	0	5398
3627	5219	31	14	26	0	5290
3628	152	17	12	5154	0	5335
3629	53	13	5105	128	0	5299
3630	42	20	108	5099	0	5269
3631	41	17	41	5175	0	5274
3632	5090	18	19	167	0	5294
3633	5125	14	19	77	0	5235
3634	133	5124	19	40	0	5316
3635	5141	106	15	47	0	5309
3636	5193	41	21	36	0	5291
3637	5296	21	18	42	0	5377
3638	161	31	5123	24	0	5339
3639	52	18	5142	29	0	5241
3640	43	20	131	5033	0	5227
3641	20	17	5072	117	0	5226
3642	4912	18	119	41	0	5090
3643	5030	14	39	40	0	5123
3644	137	12	4871	23	0	5043
3645	4749	13	109	24	0	4895
3646	132	4808	30	31	0	5001
3647	4872	101	23	29	0	5025
3648	129	36	16	4797	0	4978
3649	60	23	8	4744	0	4835
3650	33	4803	11	122	0	4969
3651	4780	101	12	42	0	4935
3652	4830	33	12	34	0	4909
3653	122	4789	13	18	0	4942
3654	57	105	10	4600	0	4772
3655	45	34	13	4609	0	4701
3656	37	4601	11	123	0	4772
3657	39	106	17	4585	0	4747
3658	23	41	13	4696	0	4773
3659	4568	19	20	151	0	4758
3660	4598	27	14	57	0	4696
3661	146	13	4513	37	0	4709
3662	4463	15	107	42	0	4627
3663	126	13	4509	25	0	4673
3664	60	19	98	4429	0	4606
3665	30	22	4398	114	0	4564
3666	41	4328	112	47	0	4528
3667	38	103	40	4272	0	4453
3668	27	36	21	4365	0	4449
3669	4253	25	17	123	0	4418
3670	103	18	7	4237	0	4365
3671	44	18	4116	106	0	4284
3672	4109	14	87	61	0	4271
3673	4196	13	29	43	0	4281
3674	4206	15	22	40	0	4283
3675	4151	18	22	25	0	4216
3676	132	17	14	4244	0	4407
3677	61	14	15	4389	0	4479
3678	50	16	8	4582	0	4656
3679	50	13	9	4634	0	4706
3680	4500	18	17	158	0	4693
3681	4551	8	10	54	0	4623
3682	150	8	10	4260	0	4428
3683	59	4297	17	117	0	4490
3684	4320	88	20	58	0	4486
3685	110	31	4288	37	0	4466
3686	47	4300	98	25	0	4470
3687	4124	93	33	32	0	4282
3688	109	4114	16	21	0	4260
3689	56	98	4092	19	0	4265
3690	4093	34	93	23	0	4243
3691	4146	17	34	30	0	4227
3692	143	20	4021	20	0	4204
3693	79	11	94	4015	0	4199
3694	51	5	39	4068	0	4163
3695	29	4028	27	130	0	4214
3696	54	99	14	4001	0	4168
3697	3904	32	15	129	0	4080
3698	110	3918	13	55	0	4096
3699	59	76	10	3640	0	3785
3700	49	48	5	3635	0	3737
3701	20	18	3530	110	0	3678
3702	23	3517	73	58	0	3671
3703	3239	89	35	40	0	3403
3704	65	2738	11	15	0	2829
3705	26	2527	14	14	0	2581
3706	2431	61	43	19	0	2554
3707	62	23	6	2355	0	2446
3708	29	11	1	2389	0	2430
3709	2365	4	7	62	0	2438
3710	65	10	4	2366	0	2445
3711	29	10	0	2414	0	2453
3712	2416	5	6	70	0	2497
3713	55	6	2	2407	0	2470
3714	18	2390	5	69	0	2482
3715	2390	49	1	32	0	2472
3716	57	12	2324	20	0	2413
3717	24	2229	45	17	0	2315
3718	18	47	13	2161	0	2239
3719	11	12	2143	49	0	2215
3720	13	7	2155	19	0	2194
3721	13	72	46	1995	0	2126
3722	2013	7	22	44	0	2086
3723	41	5	9	1984	0	2039
3724	28	5	5	2013	0	2051
3725	14	5	8	2032	0	2059
3726	15	5	7	2038	0	2065
3727	18	6	3	2038	0	2065
3728	7	5	1944	54	0	2010
3729	11	5	1903	23	0	1942
3730	14	4	42	1897	0	1957
3731	11	8	1893	43	0	1955
3732	11	1898	40	20	0	1969
3733	13	36	16	1907	0	1972
3734	9	17	1862	44	0	1932
3735	1766	6	37	25	0	1834
3736	37	1820	17	20	0	1894
3737	13	1741	12	10	0	1776
3738	11	1776	6	9	0	1802
3739	12	40	7	1737	0	1796
3740	1723	13	12	40	0	1788
3741	37	12	5	1736	0	1790
3742	1705	8	1	47	0	1761
3743	31	1656	3	29	0	1719
3744	1677	34	4	20	0	1735
3745	41	18	3	1672	0	1734
3746	18	7	5	1671	0	1701
3747	11	1651	4	45	0	1711
3748	10	31	3	1660	0	1704
3749	16	16	5	1648	0	1685
3750	7	13	3	1661	0	1684
3751	1612	6	3	56	0	1677
3752	1564	9	3	29	0	1605
3753	44	11	1612	14	0	1681
3754	1615	7	30	17	0	1669
3755	40	3	1635	16	0	1694
3756	22	9	34	1631	0	1696
3757	12	6	12	1665	0	1695
3758	12	4	6	1691	0	1713
3759	8	6	1642	52	0	1708
3760	11	10	35	1657	0	1713
3761	10	7	1678	43	0	1738
3762	13	6	37	1679	0	1735
3763	1666	8	13	48	0	1735
3764	33	3	1674	27	0	1737
3765	1670	4	33	24	0	1731
3766	36	4	18	1706	0	1764
3767	1689	2	10	47	0	1748
3768	34	1677	8	28	0	1747
3769	19	29	5	1712	0	1765
3770	15	12	1764	40	0	1831
3771	11	6	37	1748	0	1802
3772	13	22	14	1717	0	1766
3773	7	1718	12	50	0	1787
3774	11	29	1704	21	0	1765
3775	1	1685	37	17	0	1740
3776	1453	26	10	20	0	1509
3777	24	1453	10	6	0	1493
3778	1262	22	16	8	0	1308
3779	1274	6	3	7	0	1290
3780	1278	2	3	7	0	1290
3781	33	1	3	1251	0	1288
3782	8	3	1262	24	0	1297
3783	5	2	18	1243	0	1268
3784	1	1269	7	21	0	1298
3785	5	20	1	1286	0	1312
3786	1261	6	1	27	0	1295
3787	20	1278	3	11	0	1312
3788	8	18	2	1232	0	1260
3789	2	7	2	1230	0	1241
3790	1220	2	3	30	0	1255
3791	17	3	1214	12	0	1246
3792	7	1201	20	8	0	1236
3793	8	20	5	1138	0	1171
3794	1	7	1139	14	0	1161
3795	1	4	17	1104	0	1126
3796	1	1108	5	15	0	1129
3797	6	13	2	1149	0	1170
3798	7	4	1	1138	0	1150
3799	2	2	2	1147	0	1153
3800	4	0	1141	17	0	1162
3801	1118	0	15	6	0	1139
3802	17	4	5	1207	0	1233
3803	1337	2	1	25	0	1365
3804	1440	1	0	12	0	1453
3805	1449	2	3	8	0	1462
3806	1456	1	1	7	0	1465
3807	1473	2	4	5	0	1484
3808	34	0	0	1454	0	1488
3809	12	1427	2	23	0	1464
3810	9	21	2	1423	0	1455
3811	5	1421	4	20	0	1450
3812	4	19	5	1362	0	1390
3813	1329	5	1	28	0	1363
3814	25	1	1	1324	0	1351
3815	10	0	1312	22	0	1344
3816	1283	2	20	14	0	1319
3817	20	1325	8	6	0	1359
3818	1321	18	6	9	0	1354
3819	1331	5	3	4	0	1343
3820	1292	1	4	6	0	1303
3821	24	1302	1	4	0	1331
3822	10	18	1	1282	0	1311
3823	6	5	1	1305	0	1317
3824	3	3	1245	23	0	1274
3825	10	3	20	1207	0	1240
3826	9	2	4	1204	0	1219
3827	4	0	0	1249	0	1253
3828	4	1241	2	21	0	1268
3829	1241	18	2	11	0	1272
3830	1221	9	1	6	0	1237
3831	24	2	1249	5	0	1280
3832	10	1261	15	4	0	1290
3833	9	15	6	1266	0	1296
3834	9	6	1	1274	0	1290
3835	9	2	3	1269	0	1283
3836	7	8	1	1268	0	1284
3837	5	2	1	1285	0	1293
3838	4	2	1257	27	0	1290
3839	5	0	1237	10	0	1252
3840	1281	1	22	7	0	1311
3841	1360	6	4	9	0	1379
3842	1368	3	1	9	0	1381
3843	32	1	2	1354	0	1389
3844	9	2	1343	24	0	1378
3845	1342	1	21	9	0	1373
3846	1382	3	4	6	0	1395
3847	30	3	1325	8	0	1366
3848	1327	2	24	7	0	1360
3849	29	3	1437	4	0	1473
3850	10	4	22	1455	0	1491
3851	5	3	1444	27	0	1479
3852	1398	1	25	15	0	1439
3853	1435	4	10	8	0	1457
3854	1449	0	4	11	0	1464
3855	1441	0	1	11	0	1453
3856	32	1	1438	13	0	1484
3857	12	1450	24	5	0	1491
3858	1472	22	8	7	0	1509
3859	1490	5	6	5	0	1506
3860	36	4	1457	5	0	1502
3861	15	4	25	1435	0	1479
3862	15	2	9	1462	0	1488
3863	15	1	1431	30	0	1477
3864	1374	0	30	15	0	1419
3865	1446	0	11	12	0	1469
3866	36	1436	11	4	0	1487
3867	1476	23	4	6	0	1509
3868	1472	8	7	6	0	1493
3869	1486	1	6	6	0	1499
3870	1437	4	4	8	0	1453
3871	40	3	1374	4	0	1421
3872	1369	3	22	5	0	1399
3873	36	7	11	1346	0	1400
3874	12	1384	10	27	0	1433
3875	9	20	1346	11	0	1386
3876	11	1357	22	13	0	1403
3877	13	30	18	1282	0	1343
3878	9	7	1296	20	0	1332
3879	1230	3	18	12	0	1263
3880	27	3	1291	4	0	1325
3881	1293	1	23	3	0	1320
3882	29	1	9	1302	0	1341
3883	15	6	3	1313	0	1337
3884	14	1296	4	25	0	1339
3885	10	1346	5	8	0	1369
3886	14	22	4	1365	0	1405
3887	1346	9	7	24	0	1386
3888	1347	5	7	9	0	1368
3889	1354	2	9	4	0	1369
3890	29	3	1360	5	0	1397
3891	1368	4	19	7	0	1398
3892	25	1	1386	7	0	1419
3893	11	9	1308	5	0	1333
3894	1319	3	25	11	0	1358
3895	1356	5	11	11	0	1383
3896	27	7	1351	6	0	1391
3897	15	3	21	1333	0	1372
3898	18	4	6	1373	0	1401
3899	1376	4	6	25	0	1411
3900	1356	1	7	13	0	1377
3901	27	4	1499	10	0	1540
3902	17	1431	18	3	0	1469
3903	9	1342	6	4	0	1361
3904	1318	5	7	8	0	1338
3905	15	3	7	1313	0	1338
3906	14	2	2	1315	0	1333
3907	7	4	9	1322	0	1342
3908	1307	1	3	13	0	1324
3909	14	0	5	1324	0	1343
3910	1334	3	6	6	0	1349
3911	1370	0	3	8	0	1381
3912	13	1531	6	3	0	1553
3913	11	11	4	1659	0	1685
3914	8	5	1685	16	0	1714
3915	1655	3	18	11	0	1687
3916	1708	1	7	10	0	1726
3917	1724	2	6	7	0	1739
3918	26	3	1782	4	0	1815
3919	15	4	18	1783	0	1820
3920	1822	2	4	25	0	1853
3921	1789	2	6	10	0	1807
3922	1797	3	1	13	0	1814
3923	28	1775	1	7	0	1811
3924	9	1883	3	8	0	1903
3925	17	20	2	1933	0	1972
3926	12	7	3	1937	0	1959
3927	8	1915	4	23	0	1950
3928	1943	16	4	11	0	1974
3929	20	6	1991	5	0	2022
3930	14	4	18	1945	0	1981
3931	13	0	11	1983	0	2007
3932	9	1	1957	22	0	1989
3933	1901	1	17	11	0	1930
3934	1979	3	7	8	0	1997
3935	24	1954	7	3	0	1988
3936	1988	17	2	10	0	2017
3937	26	10	2082	3	0	2121
3938	2118	6	16	11	0	2151
3939	25	2	2180	2	0	2209
3940	2109	12	30	8	0	2159
3941	2132	2	8	13	0	2155
3942	2155	0	6	6	0	2167
3943	2147	0	4	5	0	2156
3944	31	2130	4	3	0	2168
3945	2192	14	3	2	0	2211
3946	2253	9	3	4	0	2269
3947	27	2	2254	4	0	2287
3948	2257	2	14	2	0	2275
3949	30	5	7	2254	0	2296
3950	10	3	2263	18	0	2294
3951	2252	2	15	14	0	2283
3952	26	4	7	2302	0	2339
3953	2367	2	5	21	0	2395
3954	2598	4	3	23	0	2628
3955	27	9	2747	5	0	2788
3956	2776	2	17	8	0	2803
3957	2833	0	14	15	0	2862
3958	2851	3	7	8	0	2869
3959	2910	1	1	8	0	2920
3960	38	1	6	2856	0	2901
3961	17	2886	2	21	0	2926
3962	2828	22	4	19	0	2873
3963	2938	6	3	10	0	2957
3964	2949	5	3	11	0	2968
3965	37	1	2930	5	0	2973
3966	19	2959	25	1	0	3004
3967	18	22	8	2976	0	3024
3968	13	7	11	3008	0	3039
3969	21	8	3127	29	0	3185
3970	20	2	37	3137	0	3196
3971	16	13	3167	40	0	3236
3972	14	5	38	3154	0	3211
3973	14	3	9	3225	0	3251
3974	17	4	3287	45	0	3353
3975	3202	6	36	24	0	3268
3976	3360	3	13	21	0	3397
3977	61	3	3421	9	0	3494
3978	3365	2	43	19	0	3429
3979	3455	11	15	17	0	3498
3980	54	4	3548	14	0	3620
3981	29	7	40	3510	0	3586
3982	27	2	21	3578	0	3628
3983	3566	2	16	57	0	3641
3984	47	3678	13	22	0	3760
3985	3481	43	7	40	0	3571
3986	3701	11	7	25	0	3744
3987	54	3803	11	8	0	3876
3988	3842	37	4	27	0	3910
3989	3861	18	9	15	0	3903
3990	73	3788	6	8	0	3875
3991	31	40	12	3800	0	3883
3992	30	3874	5	47	0	3956
3993	24	48	13	3916	0	4001
3994	19	20	3903	59	0	4001
3995	16	13	3871	26	0	3926
3996	3811	8	61	26	0	3906
3997	3946	9	25	22	0	4002
3998	64	5	3952	12	0	4033
3999	3917	2	55	24	0	3998
4000	4051	6	20	17	0	4094
4001	3900	4	16	21	0	3941
4002	80	3998	14	7	0	4099
4003	40	47	7	4047	0	4141
4004	4060	13	6	61	0	4140
4005	4037	15	10	28	0	4090
4006	73	5	4119	21	0	4218
4007	43	6	51	4037	0	4137
4008	31	5	25	4141	0	4202
4009	19	4116	15	66	0	4216
4010	27	4306	7	28	0	4368
4011	22	65	10	4184	0	4281
4012	18	4192	9	47	0	4266
4013	4105	50	7	29	0	4191
4014	61	4339	4	10	0	4414
4015	4411	61	4	19	0	4495
4016	67	17	4463	11	0	4558
4017	4634	18	61	20	0	4733
4018	4822	3	10	20	0	4855
4019	4800	7	16	15	0	4838
4020	4778	4	10	13	0	4805
4021	87	4693	9	13	0	4802
4022	50	64	7	4765	0	4886
4023	37	24	4	4782	0	4847
4024	20	19	4745	83	0	4867
4025	21	13	60	4648	0	4742
4026	31	8	13	4774	0	4826
4027	4811	8	16	89	0	4924
4028	76	4839	12	36	0	4963
4029	37	65	12	4869	0	4983
4030	41	19	11	4970	0	5041
4031	35	18	8	4997	0	5058
4032	4956	9	3	110	0	5078
4033	99	9	4	4988	0	5100
4034	4990	13	6	103	0	5112
4035	93	13	7	4991	0	5104
4036	34	9	8	5094	0	5145
4037	34	5	4857	105	0	5001
4038	4599	10	79	61	0	4749
4039	81	4825	20	45	0	4971
4040	4956	67	15	40	0	5078
4041	100	23	8	4942	0	5073
4042	37	28	5	5004	0	5074
4043	5032	11	7	114	0	5164
4044	5076	3	10	65	0	5154
4045	118	9	3	5329	0	5459
4046	58	7	5364	93	0	5522
4047	39	6	5371	47	0	5463
4048	25	5710	92	46	0	5873
4049	5788	84	48	42	0	5962
4050	5873	23	28	29	0	5953
4051	138	20	14	5840	0	6012
4052	63	5950	11	103	0	6127
4053	46	109	16	5929	0	6100
4054	40	30	5	5724	0	5799
4055	26	5501	8	149	0	5684
4056	5528	103	5	53	0	5689
4057	137	30	8	5500	0	5675
4058	49	5612	9	136	0	5806
4059	33	5847	19	46	0	5945
4060	5824	114	22	49	0	6009
4061	120	52	5762	20	0	5954
4062	5811	34	103	32	0	5980
4063	144	20	26	5818	0	6008
4064	51	15	26	5830	0	5922
4065	42	5837	15	136	0	6030
4066	48	116	5	5838	0	6007
4067	35	34	5840	141	0	6050
4068	41	5728	101	48	0	5918
4069	35	5802	26	37	0	5900
4070	5673	103	17	56	0	5849
4071	96	5748	16	32	0	5892
4072	53	112	10	5704	0	5879
4073	44	5722	14	107	0	5887
4074	51	111	10	5760	0	5932
4075	33	37	20	5832	0	5922
4076	30	35	5656	150	0	5871
4077	35	31	94	5585	0	5745
4078	39	24	28	5700	0	5791
4079	5583	28	25	146	0	5782
4080	124	27	5515	70	0	5736
4081	63	28	94	5625	0	5810
4082	55	29	5613	124	0	5821
4083	5559	41	106	78	0	5784
4084	120	5709	33	71	0	5933
4085	5996	108	34	74	0	6212
4086	131	50	27	6170	0	6378
4087	68	53	13	6204	0	6338
4088	52	22	6110	166	0	6350
4089	5802	31	107	109	0	6049
4090	114	6205	32	77	0	6428
4091	6146	109	27	75	0	6357
4092	146	47	22	6223	0	6438
4093	61	6260	25	142	0	6488
4094	6296	116	26	85	0	6523
4095	145	6396	19	69	0	6629
4096	58	138	18	6446	0	6660
4097	73	51	16	6483	0	6623
4098	57	41	22	6455	0	6575
4099	41	6353	22	175	0	6591
4100	50	121	21	6434	0	6626
4101	44	53	23	6527	0	6647
4102	6271	49	20	179	0	6519
4103	6375	41	9	99	0	6524
4104	6352	28	18	87	0	6485
4105	176	37	6335	64	0	6612
4106	6321	38	109	76	0	6544
4107	6482	28	39	65	0	6614
4108	6320	48	41	65	0	6474
4109	158	36	6119	54	0	6367
4110	6152	40	90	64	0	6346
4111	160	29	37	6258	0	6484
4112	66	42	6201	141	0	6450
4113	57	6127	103	75	0	6362
4114	61	167	26	5879	0	6133
4115	35	5833	36	135	0	6039
4116	41	5898	19	71	0	6029
4117	5597	101	50	61	0	5809
4118	115	39	14	5555	0	5723
4119	5599	33	16	105	0	5753
4120	114	14	11	5589	0	5728
4121	5572	26	15	114	0	5727
4122	124	22	15	5576	0	5737
4123	5571	20	18	112	0	5721
4124	104	24	5413	47	0	5588
4125	55	32	83	5454	0	5624
4126	52	30	5569	95	0	5746
4127	42	25	5269	45	0	5381
4128	38	28	5525	42	0	5633
4129	29	37	90	5480	0	5636
4130	31	29	5477	98	0	5635
4131	5398	15	84	64	0	5561
4132	90	28	26	5511	0	5655
4133	39	17	5957	108	0	6121
4134	42	15	74	5975	0	6106
4135	36	20	26	6061	0	6143
4136	39	24	6488	106	0	6657
4137	46	15	84	6470	0	6615
4138	34	12	30	6533	0	6609
4139	41	6637	30	100	0	6808
4140	6589	67	22	78	0	6756
4141	6652	25	28	59	0	6764
4142	105	21	6492	38	0	6656
4143	6283	13	86	49	0	6431
4144	103	10	6278	38	0	6429
4145	54	15	5907	26	0	6002
4146	39	15	6000	27	0	6081
4147	62	153	96	5685	0	5996
4148	32	10	5921	63	0	6026
4149	20	22	52	5730	0	5824
4150	27	9	18	5806	0	5860
4151	23	6	19	5811	0	5859
4152	27	10	12	5798	0	5847
4153	5750	9	10	92	0	5861
4154	5753	7	10	51	0	5821
4155	52	5877	18	35	0	5982
4156	39	34	14	5954	0	6041
4157	31	15	6074	49	0	6169
4158	19	6095	41	31	0	6186
4159	32	44	25	6260	0	6361
4160	25	17	6312	52	0	6406
4161	26	14	51	6147	0	6238
4162	14	9	6289	62	0	6374
4163	19	11	6174	28	0	6232
4164	23	7	60	6348	0	6438
4165	29	8	25	6354	0	6416
4166	6395	8	30	81	0	6514
4167	57	4	17	6386	0	6464
4168	6324	2	21	86	0	6433
4169	55	6341	20	32	0	6448
4170	17	6455	15	38	0	6525
4171	23	41	11	6607	0	6682
4172	6577	16	14	74	0	6681
4173	56	6656	22	29	0	6763
4174	28	42	11	6931	0	7012
4175	7075	12	21	84	0	7192
4176	7118	18	9	44	0	7189
4177	7048	7	18	49	0	7122
4178	7084	8	15	45	0	7152
4179	7212	9	19	42	0	7282
4180	69	15	7078	23	0	7185
4181	40	15	6937	20	0	7012
4182	30	7037	59	21	0	7147
4183	60	65	30	6984	0	7139
4184	21	9	7177	52	0	7259
4185	21	19	6902	14	0	6956
4186	29	6	52	6874	0	6961
4187	16	6	7332	54	0	7408
4188	13	14	7238	14	0	7279
4189	10	9059	62	25	0	9156
4190	9115	98	20	37	0	9270
4191	101	9897	21	15	0	10034
4192	63	122	13	10141	0	10339
4193	10218	16	19	153	0	10406
4194	123	10431	22	21	0	10597
4195	58	119	15	10295	0	10487
4196	33	24	10385	119	0	10561
4197	10314	23	130	46	0	10513
4198	10581	14	21	63	0	10679
4199	10717	8	25	39	0	10789
4200	196	13	18	10658	0	10885
4201	33	19	10675	148	0	10875
4202	26	10675	138	36	0	10875
4203	53	133	24	10703	0	10913
4204	10672	28	26	168	0	10894
4205	158	33	10606	28	0	10825
4206	39	10385	148	32	0	10604
4207	34	133	10632	23	0	10822
4208	10403	33	152	57	0	10645
4209	10821	25	30	47	0	10923
4210	10797	18	30	50	0	10895
4211	184	19	10605	20	0	10828
4212	53	10403	161	27	0	10644
4213	85	151	37	10440	0	10713
4214	72	29	38	10571	0	10710
4215	80	32	26	10625	0	10763
4216	27	27	10452	192	0	10698
4217	10118	12	166	86	0	10382
4218	181	32	10428	36	0	10677
4219	10388	16	167	56	0	10627
4220	10669	24	47	54	0	10794
4221	10703	32	39	53	0	10827
4222	10562	23	30	61	0	10676
4223	218	26	10482	26	0	10752
4224	97	16	155	10436	0	10704
4225	50	36	10405	171	0	10662
4226	56	10152	172	60	0	10440
4227	49	10532	52	47	0	10680
4228	10392	176	38	71	0	10677
4229	10215	55	33	71	0	10374
4230	180	10500	45	47	0	10772
4231	10571	170	40	70	0	10851
4232	226	68	9657	40	0	9991
4233	9970	54	136	51	0	10211
4234	232	10228	48	53	0	10561
4235	10464	183	54	48	0	10749
4236	10115	62	39	55	0	10271
4237	264	52	53	9819	0	10188
4238	127	45	39	9951	0	10162
4239	9832	26	54	256	0	10168
4240	266	57	50	9829	0	10202
4241	9846	48	51	231	0	10176
4242	274	52	45	9865	0	10236
4243	9814	27	61	233	0	10135
4244	9816	43	34	81	0	9974
4245	273	9477	46	67	0	9863
4246	136	9791	52	50	0	10029
4247	9571	197	67	66	0	9901
4248	244	9517	47	47	0	9855
4249	123	210	58	9412	0	9803
4250	119	65	50	9510	0	9744
4251	9226	72	37	257	0	9592
4252	234	9239	62	97	0	9632
4253	132	9143	44	97	0	9416
4254	104	9338	63	74	0	9579
4255	127	231	9108	62	0	9528
4256	111	87	9073	66	0	9337
4257	130	61	9054	55	0	9300
4258	147	157	225	8117	0	8646
4259	105	8672	83	186	0	9046
4260	8661	200	44	105	0	9010
4261	240	71	8560	76	0	8947
4262	105	72	8533	65	0	8775
4263	112	52	8710	60	0	8934
4264	120	52	237	8501	0	8910
4265	143	46	80	8620	0	8889
4266	125	69	57	8663	0	8914
4267	8574	42	46	234	0	8896
4268	8536	57	58	86	0	8737
4269	8592	56	59	77	0	8784
4270	278	65	63	8304	0	8710
4271	121	41	8202	182	0	8546
4272	105	66	8321	69	0	8561
4273	106	60	194	8175	0	8535
4274	111	42	72	8153	0	8378
4275	7893	43	51	233	0	8220
4276	218	7802	63	118	0	8201
4277	7831	175	46	82	0	8134
4278	233	7730	56	77	0	8096
4279	135	189	37	7708	0	8069
4280	111	65	7675	209	0	8060
4281	129	78	178	7637	0	8022
4282	7712	42	57	223	0	8034
4283	246	35	7647	88	0	8016
4284	7387	48	165	100	0	7700
4285	273	36	7274	62	0	7645
4286	129	50	7148	58	0	7385
4287	6652	43	182	60	0	6937
4288	215	41	6719	59	0	7034
4289	69	20	4886	22	0	4997
4290	77	4736	161	28	0	5002
4291	3852	117	178	58	0	4205
4292	3696	20	39	20	0	3775
4293	3646	11	12	16	0	3685
4294	67	9	3500	20	0	3596
4295	3435	5	54	15	0	3509
4296	61	3544	17	8	0	3630
4297	3443	51	9	14	0	3517
4298	59	11	3446	8	0	3524
4299	31	25	48	3308	0	3412
4300	12	6	3308	47	0	3373
4301	18	3312	47	12	0	3389
4302	24	33	13	3202	0	3272
4303	17	7	9	3278	0	3311
4304	3334	6	11	50	0	3401
4305	3310	9	9	18	0	3346
4306	3328	3	7	13	0	3351
4307	3307	3	8	21	0	3339
4308	3270	1	7	13	0	3291
4309	51	3	3254	4	0	3312
4310	18	12	38	3258	0	3326
4311	15	9	3399	38	0	3461
4312	23	5	46	3389	0	3463
4313	3462	4	18	50	0	3534
4314	3523	0	10	23	0	3556
4315	3551	5	8	16	0	3580
4316	3644	5	2	8	0	3659
4317	54	6	3686	6	0	3752
4318	26	2	46	3681	0	3755
4319	13	6	3713	42	0	3774
4320	12	3723	48	10	0	3793
4321	14	3760	16	16	0	3806
4322	26	50	13	3736	0	3825
4323	16	7	11	4051	0	4085
4324	21	7	6	4174	0	4208
4325	23	3	3	4358	0	4387
4326	4316	1	6	69	0	4392
4327	58	4292	12	17	0	4379
4328	4184	47	5	19	0	4255
4329	59	12	8	4176	0	4255
4330	22	6	5	4084	0	4117
4331	11	4152	7	51	0	4221
4332	18	42	6	4138	0	4204
4333	4122	9	3	62	0	4196
4334	49	3980	5	11	0	4045
4335	15	3864	2	5	0	3886
4336	3858	43	4	12	0	3917
4337	51	8	3	3879	0	3941
4338	12	3892	4	40	0	3948
4339	17	44	10	3919	0	3990
4340	3959	8	5	52	0	4024
4341	47	6	4	3939	0	3996
4342	22	5	4	3971	0	4002
4343	3962	3	2	62	0	4029
4344	49	2	3	3939	0	3993
4345	12	3957	6	52	0	4027
4346	22	43	3	3921	0	3989
4347	10	3932	3	49	0	3994
4348	22	41	3	3933	0	3999
4349	3928	12	3	57	0	4000
4350	3982	6	3	28	0	4019
4351	63	7	3	3996	0	4069
4352	10	6	3949	58	0	4023
4353	3863	9	41	23	0	3936
4354	46	7	3965	14	0	4032
4355	3937	3	39	26	0	4005
4356	3961	7	9	18	0	3995
4357	57	10	3884	10	0	3961
4358	16	3875	42	12	0	3945
4359	3880	41	8	19	0	3948
4360	3903	11	5	23	0	3942
4361	50	5	4078	16	0	4149
4362	4058	10	40	21	0	4129
4363	4040	7	6	18	0	4071
4364	4085	7	3	12	0	4107
4365	62	9	4	4068	0	4143
4366	27	2	3	4089	0	4121
4367	13	4120	9	53	0	4195
4368	20	42	5	4177	0	4244
4369	18	11	6	4178	0	4213
4370	13	6	4121	59	0	4199
4371	15	5	3989	21	0	4030
4372	3875	6	51	20	0	3952
4373	4013	5	17	20	0	4055
4374	57	3983	11	10	0	4061
4375	33	43	6	4028	0	4110
4376	18	18	4139	48	0	4223
4377	16	6	49	4178	0	4249
4378	30	9	15	4208	0	4262
4379	24	7	6	4360	0	4397
4380	13	4349	8	74	0	4444
4381	20	49	3	4416	0	4488
4382	17	19	4	4492	0	4532
4383	16	16	4405	79	0	4516
4384	17	9	4399	35	0	4460
4385	4278	9	65	30	0	4382
4386	4432	6	23	27	0	4488
4387	73	14	14	4626	0	4727
4388	40	7	11	4536	0	4594
4389	18	7	8	4614	0	4647
4390	15	9	4465	92	0	4581
4391	16	4370	68	46	0	4500
4392	19	60	4363	30	0	4472
4393	4298	21	59	34	0	4412
4394	67	14	4381	25	0	4487
4395	4347	15	65	38	0	4465
4396	4285	10	29	36	0	4360
4397	4373	10	16	28	0	4427
4398	94	16	15	4282	0	4407
4399	38	5	4289	81	0	4413
4400	28	4268	66	36	0	4398
4401	33	65	27	4253	0	4378
4402	29	20	12	4345	0	4406
4403	25	12	4392	85	0	4514
4404	16	4306	73	39	0	4434
4405	4472	67	34	29	0	4602
4406	80	4585	20	25	0	4710
4407	4872	80	20	28	0	5000
4408	105	34	15	4954	0	5108
4409	58	17	5064	97	0	5236
4410	27	5061	90	47	0	5225
4411	5095	94	36	36	0	5261
4412	92	35	5117	22	0	5266
4413	5093	21	99	20	0	5233
4414	5146	12	45	26	0	5229
4415	133	7	5090	18	0	5248
4416	4988	8	94	25	0	5115
4417	4969	8	46	25	0	5048
4418	4903	11	21	28	0	4963
4419	138	4792	17	13	0	4960
4420	4660	89	10	34	0	4793
4421	111	4722	27	11	0	4871
4422	52	95	4652	23	0	4822
4423	36	4623	90	12	0	4761
4424	4320	97	71	16	0	4504
4425	4337	40	23	12	0	4412
4426	4381	22	17	14	0	4434
4427	142	14	19	4256	0	4431
4428	72	13	19	4336	0	4440
4429	4224	11	19	103	0	4357
4430	4351	12	9	46	0	4418
4431	135	9	11	4230	0	4385
4432	74	13	4191	79	0	4357
4433	32	4051	70	44	0	4197
4434	33	4211	41	28	0	4313
4435	41	108	19	4122	0	4290
4436	37	39	4146	67	0	4289
4437	43	47	67	3959	0	4116
4438	38	4020	45	70	0	4173
4439	41	77	16	4042	0	4176
4440	31	46	3988	81	0	4146
4441	35	24	71	4007	0	4137
4442	36	15	4140	88	0	4279
4443	45	12	81	4137	0	4275
4444	33	15	4244	90	0	4382
4445	20	26	4236	53	0	4335
4446	4123	21	109	36	0	4289
4447	4234	24	48	28	0	4334
4448	4278	16	34	23	0	4351
4449	123	4178	18	31	0	4350
4450	62	71	31	4223	0	4387
4451	4151	41	19	106	0	4317
4452	4264	31	15	47	0	4357
4453	4255	9	17	49	0	4330
4454	115	14	4158	19	0	4306
4455	59	3934	74	41	0	4108
4456	32	4168	55	21	0	4276
4457	4125	98	33	32	0	4288
4458	108	43	32	4083	0	4266
4459	4095	22	26	92	0	4235
4460	112	24	4045	34	0	4215
4461	73	23	78	3911	0	4085
4462	58	22	41	3924	0	4045
4463	44	24	34	3850	0	3952
4464	48	3895	24	115	0	4082
4465	3890	73	17	55	0	4035
4466	3915	40	27	35	0	4017
4467	121	3830	26	25	0	4002
4468	66	90	27	3794	0	3977
4469	3820	48	20	87	0	3975
4470	122	33	17	3792	0	3964
4471	3822	17	18	92	0	3949
4472	113	3766	27	51	0	3957
4473	3751	95	20	33	0	3899
4474	117	45	3683	32	0	3877
4475	66	3737	76	36	0	3915
4476	53	84	3606	38	0	3781
4477	65	99	108	3458	0	3730
4478	3458	48	42	74	0	3622
4479	3495	29	28	43	0	3595
4480	3455	22	24	33	0	3534
4481	126	22	15	3326	0	3489
4482	3343	14	18	94	0	3469
4483	120	12	16	3275	0	3423
4484	3274	17	19	102	0	3412
4485	3344	9	25	50	0	3428
4486	99	25	3286	37	0	3447
4487	61	18	3049	20	0	3148
4488	41	17	3049	14	0	3121
4489	24	23	79	2955	0	3081
4490	2981	15	45	67	0	3108
4491	72	16	18	3068	0	3174
4492	54	11	15	3149	0	3229
4493	3277	11	19	88	0	3395
4494	3323	9	17	48	0	3397
4495	3297	13	13	41	0	3364
4496	3340	13	7	23	0	3383
4497	93	12	11	3289	0	3405
4498	3250	5	16	80	0	3351
4499	75	3234	28	26	0	3363
4500	3207	49	23	30	0	3309
4501	3210	20	24	32	0	3286
4502	85	15	3069	18	0	3187
4503	2903	11	53	29	0	2996
4504	80	8	2880	21	0	2989
4505	33	10	2630	16	0	2689
4506	48	6	2603	20	0	2677
4507	30	68	39	2182	0	2319
4508	16	3	2201	22	0	2242
4509	9	13	20	1996	0	2038
4510	8	1	2076	17	0	2102
4511	4	4	2225	5	0	2238
4512	7	5	19	2162	0	2193
4513	7	2	3	2281	0	2293
4514	6	1	2383	15	0	2405
4515	2321	0	17	6	0	2344
4516	18	2	6	2377	0	2403
4517	9	1	5	2399	0	2414
4518	2414	1	7	24	0	2446
4519	19	2	3	2469	0	2493
4520	6	3	2477	16	0	2502
4521	3	0	2343	8	0	2354
4522	4	1	16	2328	0	2349
4523	4	1	2387	17	0	2409
4524	4	2473	17	5	0	2499
4525	5	13	6	2452	0	2476
4526	2457	1	2	24	0	2484
4527	18	1	2474	4	0	2497
4528	2479	1	17	7	0	2504
4529	24	0	3	2613	0	2640
4530	14	1	4	2639	0	2658
4531	7	0	3	2647	0	2657
4532	5	2	5	2647	0	2659
4533	2631	1	3	29	0	2664
4534	18	2889	4	5	0	2916
4535	7	20	5	2912	0	2944
4536	8	4	3	2932	0	2947
4537	4	4	5	2938	0	2951
4538	4	1	7	2930	0	2942
4539	2912	1	4	41	0	2958
4540	22	2916	3	16	0	2957
4541	2862	17	5	13	0	2897
4542	22	2755	2	5	0	2784
4543	8	2774	1	14	0	2797
4544	2730	22	3	11	0	2766
4545	22	6	2816	5	0	2849
4546	15	4	19	2801	0	2839
4547	2878	1	8	29	0	2916
4548	2918	2	5	21	0	2946
4549	2647	14	8	37	0	2706
4550	2975	1	3	20	0	2999
4551	32	3104	5	6	0	3147
4552	3144	28	0	12	0	3184
4553	3218	7	1	17	0	3243
4554	34	3475	4	5	0	3518
4555	17	37	1	3608	0	3663
4556	10	12	3610	41	0	3673
4557	12	10	40	3626	0	3688
4558	3610	6	13	54	0	3683
4559	43	3	3710	22	0	3778
4560	18	3657	42	11	0	3728
4561	6	39	3767	13	0	3825
4562	14	14	40	3587	0	3655
4563	6	3693	21	34	0	3754
4564	3697	46	6	34	0	3783
4565	46	3742	6	6	0	3800
4566	23	48	4	3720	0	3795
4567	16	21	2	3820	0	3859
4568	3780	9	9	57	0	3855
4569	52	12	5	3740	0	3809
4570	22	3743	7	47	0	3819
4571	3812	39	8	40	0	3899
4572	3832	19	6	22	0	3879
4573	56	3865	8	16	0	3945
4574	3859	44	5	23	0	3931
4575	50	3836	5	7	0	3898
4576	3810	47	2	19	0	3878
4577	49	3805	5	5	0	3864
4578	25	52	7	3692	0	3776
4579	17	24	4	3867	0	3912
4580	3855	8	2	56	0	3921
4581	3930	13	4	39	0	3986
4582	54	3910	8	22	0	3994
4583	33	43	3886	17	0	3979
4584	3983	15	42	14	0	4054
4585	61	13	12	4045	0	4131
4586	26	4026	11	39	0	4102
4587	24	45	7	4063	0	4139
4588	4075	22	2	67	0	4166
4589	4086	15	0	34	0	4135
4590	4124	12	1	29	0	4166
4591	75	7	1	4062	0	4145
4592	37	11	4032	47	0	4127
4593	3841	7	42	29	0	3919
4594	3871	10	16	26	0	3923
4595	3937	8	15	26	0	3986
4596	67	3865	7	11	0	3950
4597	40	40	9	3846	0	3935
4598	18	3933	6	46	0	4003
4599	24	54	2	3962	0	4042
4600	21	28	3	4018	0	4070
4601	15	22	4137	66	0	4240
4602	24	13	48	4449	0	4534
4603	27	8	16	4586	0	4637
4604	4550	6	14	112	0	4682
4605	90	4579	6	43	0	4718
4606	4593	78	8	36	0	4715
4607	4850	29	1	26	0	4906
4608	116	28	5	4812	0	4961
4609	47	20	4867	88	0	5022
4610	31	4733	80	31	0	4875
4611	20	4685	28	24	0	4757
4612	4560	108	19	40	0	4727
4613	89	4593	19	26	0	4727
4614	48	87	3	4463	0	4601
4615	41	31	6	4595	0	4673
4616	30	20	4526	105	0	4681
4617	24	26	4541	39	0	4630
4618	24	4516	104	29	0	4673
4619	28	89	35	4543	0	4695
4620	4504	34	20	99	0	4657
4621	96	31	18	4568	0	4713
4622	32	29	4650	101	0	4812
4623	42	18	87	4627	0	4774
4624	4503	19	27	123	0	4672
4625	4525	12	18	62	0	4617
4626	109	4508	20	36	0	4673
4627	4469	96	13	47	0	4625
4628	113	4497	21	17	0	4648
4629	4434	107	5	30	0	4576
4630	117	40	4	4362	0	4523
4631	54	25	4337	94	0	4510
4632	36	21	4290	37	0	4384
4633	24	4401	96	40	0	4561
4634	36	90	35	4130	0	4291
4635	43	24	18	4246	0	4331
4636	4220	19	11	116	0	4366
4637	4270	22	8	46	0	4346
4638	4325	19	8	43	0	4395
4639	131	12	11	4272	0	4426
4640	61	14	12	4333	0	4420
4641	51	9	13	4387	0	4460
4642	25	16	4315	118	0	4474
4643	25	21	4309	50	0	4405
4644	4247	11	97	46	0	4401
4645	4228	17	27	41	0	4313
4646	119	12	4197	23	0	4351
4647	4109	14	87	38	0	4248
4648	4101	11	28	30	0	4170
4649	112	16	4021	27	0	4176
4650	42	4013	93	25	0	4173
4651	60	93	42	3861	0	4056
4652	25	30	3959	89	0	4103
4653	18	4104	89	39	0	4250
4654	38	106	25	3658	0	3827
4655	17	3791	16	66	0	3890
4656	19	77	3773	28	0	3897
4657	22	34	3803	19	0	3878
4658	32	25	94	3776	0	3927
4659	3778	18	33	98	0	3927
4660	94	22	22	3777	0	3915
4661	3757	12	21	99	0	3889
4662	101	16	16	3767	0	3900
4663	41	17	3749	99	0	3906
4664	3690	12	79	55	0	3836
4665	85	15	3787	32	0	3919
4666	3808	10	102	27	0	3947
4667	97	19	35	3725	0	3876
4668	42	3778	28	86	0	3934
4669	35	82	15	3809	0	3941
4670	24	3875	17	99	0	4015
4671	32	83	21	3703	0	3839
4672	22	3865	18	87	0	3992
4673	3783	81	26	56	0	3946
4674	3842	34	17	41	0	3934
4675	3833	19	18	37	0	3907
4676	110	20	3762	23	0	3915
4677	57	17	81	3727	0	3882
4678	37	17	3800	99	0	3953
4679	33	3645	91	36	0	3805
4680	26	3792	35	29	0	3882
4681	3652	85	27	40	0	3804
4682	90	32	3661	21	0	3804
4683	41	3646	78	16	0	3781
4684	47	90	34	3633	0	3804
4685	3608	28	25	93	0	3754
4686	89	3705	31	34	0	3859
4687	3740	91	17	32	0	3880
4688	101	33	3748	25	0	3907
4689	44	26	88	3774	0	3932
4690	40	21	28	3876	0	3965
4691	29	12	23	4030	0	4094
4692	24	3952	30	110	0	4116
4693	42	94	19	3819	0	3974
4694	30	30	4018	105	0	4183
4695	25	18	95	3972	0	4110
4696	25	23	30	4090	0	4168
4697	29	9	23	4047	0	4108
4698	23	3951	28	111	0	4113
4699	23	89	20	3910	0	4042
4700	41	30	19	3919	0	4009
4701	24	3671	16	114	0	3825
4702	3306	64	11	40	0	3421
4703	64	3290	12	25	0	3391
4704	18	3302	12	25	0	3357
4705	32	78	20	3228	0	3358
4706	19	22	3224	67	0	3332
4707	2951	23	54	17	0	3045
4708	54	9	13	3039	0	3115
4709	12	8	2994	63	0	3077
4710	11	3010	54	27	0	3102
4711	16	62	13	3022	0	3113
4712	7	15	3073	67	0	3162
4713	13	18	57	2988	0	3076
4714	13	11	14	3047	0	3085
4715	2969	7	13	81	0	3070
4716	47	2981	13	31	0	3072
4717	2942	47	5	35	0	3029
4718	52	23	2987	20	0	3082
4719	20	2963	49	15	0	3047
4720	16	53	2973	16	0	3058
4721	17	42	50	2977	0	3086
4722	2945	8	25	58	0	3036
4723	50	13	11	2954	0	3028
4724	2963	11	14	56	0	3044
4725	3018	10	14	33	0	3075
4726	65	6	10	3060	0	3141
4727	29	8	3152	60	0	3249
4728	15	10	3248	28	0	3301
4729	23	8	64	3313	0	3408
4730	17	6	20	3382	0	3425
4731	3336	13	19	72	0	3440
4732	60	14	13	3312	0	3399
4733	22	3291	11	67	0	3391
4734	23	54	9	3346	0	3432
4735	23	22	12	3379	0	3436
4736	3338	15	13	84	0	3450
4737	56	3387	11	35	0	3489
4738	27	58	7	3430	0	3522
4739	27	27	7	3425	0	3486
4740	21	3375	16	77	0	3489
4741	22	57	10	3438	0	3527
4742	11	24	14	3411	0	3460
4743	10	3349	12	86	0	3457
4744	19	56	10	3386	0	3471
4745	11	25	9	3374	0	3419
4746	11	3317	8	89	0	3425
4747	18	57	13	3372	0	3460
4748	3345	20	10	93	0	3468
4749	3369	18	6	48	0	3441
4750	3296	15	5	43	0	3359
4751	3327	15	13	43	0	3398
4752	73	3236	6	26	0	3341
4753	2971	53	10	35	0	3069
4754	49	2951	5	33	0	3038
4755	19	2940	4	19	0	2982
4756	28	54	10	2867	0	2959
4757	9	23	2908	54	0	2994
4758	2782	19	42	29	0	2872
4759	2870	10	10	32	0	2922
4760	48	11	2976	21	0	3056
4761	2941	5	41	31	0	3018
4762	3076	6	6	29	0	3117
4763	57	2999	6	20	0	3082
4764	3249	49	4	35	0	3337
4765	63	17	3	3212	0	3295
4766	21	9	7	3262	0	3299
4767	21	13	9	3261	0	3304
4768	20	11	6	3252	0	3289
4769	3246	9	6	75	0	3336
4770	62	16	4	3218	0	3300
4771	23	14	2	3264	0	3303
4772	17	16	3187	59	0	3279
4773	3102	9	49	26	0	3186
4774	3194	14	8	34	0	3250
4775	3228	7	7	22	0	3264
4776	55	3166	13	14	0	3248
4777	27	3227	12	15	0	3281
4778	3221	46	3	25	0	3295
4779	62	24	6	3230	0	3322
4780	22	3271	7	58	0	3358
4781	23	45	9	3263	0	3340
4782	21	3294	6	54	0	3375
4783	3268	45	1	34	0	3348
4784	58	3305	10	29	0	3402
4785	27	46	7	3257	0	3337
4786	25	23	2	3307	0	3357
4787	14	11	3363	66	0	3454
4788	18	3525	48	25	0	3616
4789	34	62	9	3620	0	3725
4790	20	17	3683	73	0	3793
4791	18	12	3721	17	0	3768
4792	18	5	65	3715	0	3803
4793	24	20	22	3717	0	3783
4794	8	3645	15	83	0	3751
4795	9	3747	5	37	0	3798
4796	19	76	4	3732	0	3831
4797	3731	30	3	85	0	3849
4798	82	16	4	3882	0	3984
4799	3938	12	7	98	0	4055
4800	4089	10	1	39	0	4139
4801	4132	13	3	30	0	4178
4802	99	13	4116	17	0	4245
4803	4106	9	74	25	0	4214
4804	96	12	15	4114	0	4237
4805	44	6	17	4142	0	4209
4806	24	14	4081	94	0	4213
4807	19	10	4098	36	0	4163
4808	21	17	85	3993	0	4116
4809	13	3953	33	81	0	4080
4810	15	4065	18	23	0	4121
4811	34	84	8	4019	0	4145
4812	4001	28	5	86	0	4120
4813	78	19	8	4027	0	4132
4814	41	7	11	4033	0	4092
4815	29	3994	9	92	0	4124
4816	21	71	9	4053	0	4154
4817	22	22	4115	89	0	4248
4818	10	22	3994	43	0	4069
4819	3903	7	84	45	0	4039
4820	71	4008	37	24	0	4140
4821	3986	73	25	19	0	4103
4822	4029	20	11	30	0	4090
4823	92	24	8	3863	0	3987
4824	35	3944	12	70	0	4061
4825	30	72	8	3977	0	4087
4826	3938	20	8	90	0	4056
4827	75	3868	6	37	0	3986
4828	3727	66	4	38	0	3835
4829	81	3732	5	23	0	3841
4830	3748	80	1	22	0	3851
4831	3765	22	11	30	0	3828
4832	83	3731	18	14	0	3846
4833	49	66	8	3745	0	3868
4834	3767	25	7	76	0	3875
4835	79	21	3673	27	0	3800
4836	31	15	3656	19	0	3721
4837	26	44	73	3571	0	3714
4838	3593	12	29	79	0	3713
4839	62	12	23	3615	0	3712
4840	3605	11	7	91	0	3714
4841	78	20	3684	28	0	3810
4842	3742	13	59	40	0	3854
4843	3946	16	20	22	0	4004
4844	93	8	10	3887	0	3998
4845	59	4	4	3926	0	3993
4846	31	16	3	3923	0	3973
4847	20	3894	7	95	0	4016
4848	27	56	12	3896	0	3991
4849	25	15	18	3948	0	4006
4850	3880	18	23	84	0	4005
4851	3905	11	11	51	0	3978
4852	85	11	3845	36	0	3977
4853	3773	9	61	40	0	3883
4854	84	11	3839	15	0	3949
4855	3686	11	75	29	0	3801
4856	81	8	3796	24	0	3909
4857	39	14	3750	14	0	3817
4858	35	10	69	3711	0	3825
4859	15	8	3722	76	0	3821
4860	3596	8	61	42	0	3707
4861	63	11	19	3760	0	3853
4862	3810	10	19	76	0	3915
4863	3873	7	16	39	0	3935
4864	3683	3	13	26	0	3725
4865	3652	3	11	14	0	3680
4866	86	7	3586	9	0	3688
4867	51	5	52	3584	0	3692
4868	30	9	3680	60	0	3779
4869	30	5	63	3611	0	3709
4870	3630	4	23	79	0	3736
4871	63	8	24	3648	0	3743
4872	3674	9	11	82	0	3776
4873	76	6	17	3704	0	3803
4874	44	6	13	3777	0	3840
4875	3749	11	7	88	0	3855
4876	71	3730	8	36	0	3845
4877	3726	53	5	33	0	3817
4878	81	3685	11	13	0	3790
4879	37	62	8	3783	0	3890
4880	3759	22	17	68	0	3866
4881	61	15	3753	34	0	3863
4882	36	6	59	3755	0	3856
4883	3771	4	22	76	0	3873
4884	3868	5	19	24	0	3916
4885	86	4	10	3825	0	3925
4886	58	3842	6	64	0	3970
4887	32	3790	11	36	0	3869
4888	27	129	9	3491	0	3656
4889	3510	25	11	59	0	3605
4890	55	3381	7	26	0	3469
4891	23	3265	1	15	0	3304
4892	3189	50	5	12	0	3256
4893	32	3202	2	15	0	3251
4894	3324	35	1	15	0	3375
4895	57	19	16	3279	0	3371
4896	27	10	3	3290	0	3330
4897	16	3255	3	48	0	3322
4898	16	3201	4	19	0	3240
4899	3027	41	0	29	0	3097
4900	28	3150	2	9	0	3189
4901	17	3379	2	6	0	3404
4902	22	48	4	3386	0	3460
4903	3467	29	3	47	0	3546
4904	47	10	3698	27	0	3782
4905	3718	4	49	21	0	3792
4906	69	3	33	4034	0	4139
4907	34	6	4113	59	0	4212
4908	19	9	4202	43	0	4273
4909	17	5	99	4227	0	4348
4910	8	6	4352	66	0	4432
4911	4305	3	80	57	0	4445
4912	4401	4	50	36	0	4491
4913	119	7	4398	8	0	4532
4914	74	4	76	4344	0	4498
4915	38	6	56	4369	0	4469
4916	4406	3	31	116	0	4556
4917	91	6	12	4246	0	4355
4918	55	4294	13	87	0	4449
4919	4352	68	12	65	0	4497
4920	83	4290	12	34	0	4419
4921	55	4496	11	19	0	4581
4922	46	115	4	4418	0	4583
4923	22	65	8	4462	0	4557
4924	29	31	10	4506	0	4576
4925	18	16	4351	142	0	4527
4926	4117	20	73	90	0	4300
4927	81	4278	51	42	0	4452
4928	4387	75	27	28	0	4517
4929	4408	57	13	32	0	4510
4930	127	26	18	4377	0	4548
4931	80	4353	15	92	0	4540
4932	43	80	12	4441	0	4576
4933	33	51	10	4485	0	4579
4934	4500	22	12	141	0	4675
4935	4476	18	10	103	0	4607
4936	135	26	4336	41	0	4538
4937	4504	22	75	38	0	4639
4938	106	4531	47	37	0	4721
4939	4583	85	21	38	0	4727
4940	113	4737	10	30	0	4890
4941	91	100	7	4579	0	4777
4942	57	66	14	4576	0	4713
4943	32	4519	13	128	0	4692
4944	42	93	8	4641	0	4784
4945	41	66	7	4675	0	4789
4946	38	34	11	4661	0	4744
4947	23	4520	8	176	0	4727
4948	37	102	12	4588	0	4739
4949	32	63	11	4627	0	4733
4950	29	47	8	4683	0	4767
4951	35	22	4505	181	0	4743
4952	4382	27	80	116	0	4605
4953	98	31	4533	69	0	4731
4954	4483	21	105	57	0	4666
4955	116	22	4550	53	0	4741
4956	4527	25	107	56	0	4715
4957	4618	28	67	38	0	4751
4958	159	17	4569	47	0	4792
4959	102	20	96	4537	0	4755
4960	56	21	4444	105	0	4626
4961	4319	22	110	88	0	4539
4962	119	19	4552	52	0	4742
4963	88	26	4495	35	0	4644
4964	4424	17	143	47	0	4631
4965	109	4451	100	42	0	4702
4966	90	93	43	4522	0	4748
4967	4559	63	34	116	0	4772
4968	120	37	34	4538	0	4729
4969	94	19	31	4622	0	4766
4970	4540	26	31	165	0	4762
4971	4562	13	30	120	0	4725
4972	160	18	4456	59	0	4693
4973	103	13	4469	52	0	4637
4974	70	11	152	4432	0	4665
4975	57	14	4519	113	0	4703
4976	49	16	126	4481	0	4672
4977	58	13	92	4481	0	4644
4978	55	13	59	4594	0	4721
4979	4385	22	29	189	0	4625
4980	113	4432	39	118	0	4702
4981	4486	90	27	86	0	4689
4982	4454	61	23	80	0	4618
4983	148	4409	37	69	0	4663
4984	4335	85	16	61	0	4497
4985	117	61	4263	51	0	4492
4986	97	56	75	4145	0	4373
4987	4234	29	57	108	0	4428
4988	102	38	4108	77	0	4325
4989	4083	22	76	70	0	4251
4990	102	4257	63	40	0	4462
4991	4699	81	31	56	0	4867
4992	4745	44	26	54	0	4869
4993	175	4769	17	53	0	5014
4994	4892	102	24	47	0	5065
4995	166	55	28	4897	0	5146
4996	104	49	19	5004	0	5176
4997	4951	30	19	163	0	5163
4998	4877	27	21	101	0	5026
4999	174	4837	23	72	0	5106
5000	101	4835	18	56	0	5010
5001	70	152	17	4423	0	4662
5002	50	4491	18	101	0	4660
5003	54	4637	14	53	0	4758
5004	4254	104	22	49	0	4429
5005	95	4296	11	28	0	4430
5006	3999	77	11	30	0	4117
5007	83	4139	8	17	0	4247
5008	40	70	4117	12	0	4239
5009	33	4159	50	21	0	4263
5010	4079	80	27	24	0	4210
5011	4038	26	20	14	0	4098
5012	63	23	4034	8	0	4128
5013	43	13	50	3898	0	4004
5014	37	13	15	4080	0	4145
5015	30	8	4075	56	0	4169
5016	25	10	57	3989	0	4081
5017	19	8	4062	67	0	4156
5018	18	15	3948	27	0	4008
5019	3910	6	62	40	0	4018
5020	50	3992	34	16	0	4092
5021	3975	46	25	26	0	4072
5022	73	16	13	3973	0	4075
5023	27	24	4050	43	0	4144
5024	43	17	40	3921	0	4021
5025	21	4096	13	56	0	4186
5026	4154	46	23	38	0	4261
5027	4181	17	13	32	0	4243
5028	67	22	12	4175	0	4276
5029	31	15	4094	47	0	4187
5030	3961	15	44	25	0	4045
5031	62	4045	19	24	0	4150
5032	4045	48	19	18	0	4130
5033	62	18	13	4015	0	4108
5034	4003	23	7	58	0	4091
5035	77	12	3	3979	0	4071
5036	31	17	4016	53	0	4117
5037	39	7	3906	27	0	3979
5038	3841	14	50	50	0	3955
5039	44	4010	29	27	0	4110
5040	3936	38	38	34	0	4046
5041	3977	16	14	20	0	4027
5042	55	4003	15	7	0	4080
5043	3978	52	3	18	0	4051
5044	71	24	4211	11	0	4317
5045	38	30	34	4255	0	4357
5046	40	20	10	4294	0	4364
5047	22	15	20	4357	0	4414
5048	15	19	4348	58	0	4440
5049	20	10	4329	35	0	4394
5050	23	19	46	4341	0	4429
5051	22	4314	32	47	0	4415
5052	13	4481	27	19	0	4540
5053	4493	54	21	32	0	4600
5054	4531	26	12	37	0	4606
5055	55	4692	16	9	0	4772
5056	34	48	8	4804	0	4894
5057	28	20	13	4843	0	4904
5058	4875	14	12	82	0	4983
5059	64	12	7	5000	0	5083
5060	22	14	17	4972	0	5025
5061	27	5	19	5015	0	5066
5062	26	9	4764	72	0	4871
5063	21	23	4534	33	0	4611
5064	4725	12	51	53	0	4841
5065	65	8	31	5013	0	5117
5066	27	7	4988	59	0	5081
5067	30	8	4821	27	0	4886
5068	4924	10	67	49	0	5050
5069	75	9	5556	18	0	5658
5070	25	5720	74	22	0	5841
5071	41	66	30	6274	0	6411
5072	24	22	6276	100	0	6422
5073	6246	21	101	43	0	6411
5074	114	18	29	6640	0	6801
5075	39	14	6651	112	0	6816
5076	45	13	110	6675	0	6843
5077	48	11	37	6816	0	6912
5078	6793	6	25	150	0	6974
5079	121	6849	20	54	0	7044
5080	54	113	21	6778	0	6966
5081	6856	26	14	133	0	7029
5082	6936	28	14	52	0	7030
5083	6968	17	11	53	0	7049
5084	7048	13	12	46	0	7119
5085	169	11	15	6952	0	7147
5086	6871	8	14	157	0	7050
5087	6992	9	29	44	0	7074
5088	6746	9	17	48	0	6820
5089	6852	5	13	52	0	6922
5090	150	6458	18	37	0	6663
5091	42	6090	13	12	0	6157
5092	45	107	3	6001	0	6156
5093	21	5986	11	74	0	6092
5094	5998	87	11	34	0	6130
5095	106	21	2	5930	0	6059
5096	5927	9	3	96	0	6035
5097	6032	6	5	43	0	6086
5098	112	7	5	6176	0	6300
5099	48	5	8	6176	0	6237
5100	24	6122	6	101	0	6253
5101	6143	79	6	50	0	6278
5102	104	6155	6	17	0	6282
5103	6172	85	8	26	0	6291
5104	104	19	5	6244	0	6372
5105	30	16	6159	93	0	6298
5106	6095	11	79	36	0	6221
5107	6035	6	15	34	0	6090
5108	106	10	5947	17	0	6080
5109	37	7	5962	11	0	6017
5110	33	9	84	5855	0	5981
5111	6355	10	16	106	0	6487
5112	6606	11	7	43	0	6667
5113	6700	6	8	44	0	6758
5114	6825	6	6	38	0	6875
5115	144	6714	3	10	0	6871
5116	7009	96	6	38	0	7149
5117	137	21	8	6960	0	7126
5118	51	10	7	7093	0	7161
5119	49	8	7	7251	0	7315
5120	42	8	7	7378	0	7435
5121	7260	9	7	155	0	7431
5122	135	5	10	7511	0	7661
5123	36	11	7456	142	0	7645
5124	50	9	110	7582	0	7751
5125	48	10	21	7644	0	7723
5126	49	9	12	7645	0	7715
5127	32	6	10	7608	0	7656
5128	7446	7	9	177	0	7639
5129	145	7376	13	61	0	7595
5130	48	7518	7	40	0	7613
5131	54	141	8	7472	0	7675
5132	7381	37	12	181	0	7611
5133	7605	16	17	65	0	7703
5134	170	7	7	7571	0	7755
5135	64	17	7446	147	0	7674
5136	7406	8	122	77	0	7613
5137	165	11	32	7679	0	7887
5138	66	16	7653	154	0	7889
5139	7403	19	125	90	0	7637
5140	158	7668	36	57	0	7919
5141	8463	132	14	66	0	8675
5142	216	8657	12	40	0	8925
5143	120	200	13	8690	0	9023
5144	65	8804	10	228	0	9107
5145	68	238	11	9068	0	9385
5146	8828	88	11	282	0	9209
5147	228	8945	14	139	0	9326
5148	108	209	8835	90	0	9242
5149	106	103	197	8884	0	9290
5150	47	66	8986	248	0	9347
5151	80	26	232	8810	0	9148
5152	67	23	100	9126	0	9316
5153	46	34	8858	305	0	9243
5154	8190	34	211	164	0	8599
5155	232	23	8711	103	0	9069
5156	118	26	8655	71	0	8870
5157	75	8635	273	59	0	9042
5158	69	224	125	8589	0	9007
5159	64	100	58	8757	0	8979
5160	75	75	35	8568	0	8753
5161	61	44	27	8868	0	9000
5162	30	31	8519	352	0	8932
5163	8149	25	203	186	0	8563
5164	238	26	8620	98	0	8982
5165	137	18	242	8424	0	8821
5166	8337	19	113	274	0	8743
5167	220	8437	85	131	0	8873
5168	135	273	52	8221	0	8681
5169	7903	76	48	246	0	8273
5170	218	7646	34	121	0	8019
5171	101	7458	30	73	0	7662
5172	7272	238	40	79	0	7629
5173	186	7394	28	65	0	7673
5174	7119	205	36	76	0	7436
5175	187	7305	22	62	0	7576
5176	7301	199	20	55	0	7575
5177	7402	100	14	50	0	7566
5178	224	7419	44	38	0	7725
5179	152	158	22	7338	0	7670
5180	83	96	7252	181	0	7612
5181	7131	70	163	110	0	7474
5182	191	37	77	7213	0	7518
5183	114	6969	65	183	0	7331
5184	72	7245	24	107	0	7448
5185	55	226	38	7209	0	7528
5186	7122	114	26	204	0	7466
5187	182	84	7178	97	0	7541
5188	133	41	157	7240	0	7571
5189	68	52	80	7377	0	7577
5190	64	30	62	7484	0	7640
5191	76	29	30	7395	0	7530
5192	35	7149	34	292	0	7510
5193	66	154	25	7293	0	7538
5194	30	110	7115	225	0	7480
5195	47	66	7055	135	0	7303
5196	44	42	7171	103	0	7360
5197	56	54	250	6955	0	7315
5198	6798	45	121	219	0	7183
5199	169	43	6847	115	0	7174
5200	118	48	6889	91	0	7146
5201	88	32	243	6734	0	7097
5202	6776	48	125	217	0	7166
5203	164	6746	84	133	0	7127
5204	6776	165	47	117	0	7105
5205	226	87	48	6739	0	7100
5206	116	78	6791	178	0	7163
5207	91	82	163	6625	0	6961
5208	46	6792	109	219	0	7166
5209	6947	164	79	132	0	7322
5210	173	102	6957	86	0	7318
5211	96	6747	171	76	0	7090
5212	6648	160	102	82	0	6992
5213	204	127	101	6644	0	7076
5214	125	60	53	6752	0	6990
5215	6714	38	52	251	0	7055
5216	6742	26	38	170	0	6976
5217	6971	37	50	98	0	7156
5218	312	33	30	6696	0	7071
5219	157	6616	32	215	0	7020
5220	6683	154	38	137	0	7012
5221	205	6683	24	102	0	7014
5222	6443	202	33	59	0	6737
5223	224	6301	30	60	0	6615
5224	121	200	35	6207	0	6563
5225	6321	107	22	197	0	6647
5226	6414	90	16	112	0	6632
5227	6514	46	12	91	0	6663
5228	6544	41	16	77	0	6678
5229	6543	34	20	66	0	6663
5230	312	34	6251	46	0	6643
5231	201	29	150	6229	0	6609
5232	122	33	6286	165	0	6606
5233	88	33	6305	99	0	6525
5234	6194	38	221	80	0	6533
5235	6295	36	138	62	0	6531
5236	6369	30	74	44	0	6517
5237	293	41	42	5996	0	6372
5238	6028	29	43	174	0	6274
5239	252	5845	29	107	0	6233
5240	159	5970	32	77	0	6238
5241	98	5304	8	35	0	5445
5242	4877	115	25	46	0	5063
5243	103	4975	6	26	0	5110
5244	4793	88	20	26	0	4927
5245	4754	44	10	28	0	4836
5246	111	33	4687	15	0	4846
5247	83	24	78	4609	0	4794
5248	48	23	28	4814	0	4913
5249	4830	12	19	100	0	4961
5250	4830	13	15	58	0	4916
5251	132	10	19	4784	0	4945
5252	67	9	4687	101	0	4864
5253	45	13	4788	50	0	4896
5254	52	12	99	4766	0	4929
5255	55	15	43	4770	0	4883
5256	44	12	26	4843	0	4925
5257	4678	16	24	127	0	4845
5258	4717	11	21	70	0	4819
5259	130	4632	16	36	0	4814
5260	72	76	14	4671	0	4833
5261	47	30	16	4691	0	4784
5262	39	4639	14	107	0	4799
5263	58	91	5	4666	0	4820
5264	4652	47	5	108	0	4812
5265	118	25	9	4642	0	4794
5266	71	16	13	4724	0	4824
5267	4564	26	16	126	0	4732
5268	4589	11	13	77	0	4690
5269	4579	12	22	61	0	4674
5270	151	27	16	4471	0	4665
5271	80	17	4307	101	0	4505
5272	71	11	4270	53	0	4405
5273	68	15	4224	29	0	4336
5274	52	4107	100	32	0	4291
5275	3962	90	53	52	0	4157
5276	91	35	3886	26	0	4038
5277	3768	16	74	30	0	3888
5278	112	21	35	3720	0	3888
5279	3595	14	24	100	0	3733
5280	3823	14	16	59	0	3912
5281	111	3829	21	30	0	3991
5282	3883	67	9	42	0	4001
5283	3917	33	8	42	0	4000
5284	110	3844	15	41	0	4010
5285	76	72	19	3898	0	4065
5286	46	40	3882	78	0	4046
5287	45	15	75	3779	0	3914
5288	49	18	29	3846	0	3942
5289	3826	22	19	112	0	3979
5290	91	19	17	3844	0	3971
5291	58	3891	18	91	0	4058
5292	40	81	18	3911	0	4050
5293	47	31	8	3972	0	4058
5294	44	18	3865	123	0	4050
5295	32	3830	78	58	0	3998
5296	43	3950	29	38	0	4060
5297	3819	92	28	46	0	3985
5298	93	3951	14	38	0	4096
5299	52	85	19	3954	0	4110
5300	36	45	3962	93	0	4136
5301	38	3932	80	48	0	4098
5302	3963	88	41	48	0	4140
5303	109	44	24	3967	0	4144
5304	56	21	17	4049	0	4143
5305	36	29	3951	108	0	4124
5306	42	20	79	3838	0	3979
5307	50	14	28	3916	0	4008
5308	3795	17	26	125	0	3963
5309	3615	18	16	71	0	3720
5310	113	3528	19	34	0	3694
5311	3276	68	10	48	0	3402
5312	81	3194	6	32	0	3313
5313	51	105	7	2895	0	3058
5314	27	2923	14	65	0	3029
5315	21	2995	13	36	0	3065
5316	2840	64	20	28	0	2952
5317	2729	24	11	27	0	2791
5318	58	2653	3	21	0	2735
5319	2611	49	15	24	0	2699
5320	2616	16	10	25	0	2667
5321	2679	9	11	26	0	2725
5322	61	10	11	2685	0	2767
5323	2683	15	5	60	0	2763
5324	59	15	2603	18	0	2695
5325	2537	9	38	19	0	2603
5326	55	15	2615	15	0	2700
5327	26	8	40	2643	0	2717
5328	25	10	12	2688	0	2735
5329	21	13	2660	49	0	2743
5330	2606	12	41	28	0	2687
5331	2679	8	13	23	0	2723
5332	56	7	2785	20	0	2868
5333	28	7	43	2776	0	2854
5334	21	10	13	2811	0	2855
5335	27	8	10	2835	0	2880
5336	2805	5	8	59	0	2877
5337	2801	7	9	33	0	2850
5338	56	9	10	2703	0	2778
5339	20	2606	7	40	0	2673
5340	12	2527	10	16	0	2565
5341	2434	42	5	10	0	2491
5342	42	2435	2	12	0	2491
5343	10	2304	4	9	0	2327
5344	32	20	13	2054	0	2119
5345	7	3	2043	17	0	2070
5346	3	1997	19	6	0	2025
5347	10	27	6	1951	0	1994
5348	2	1969	4	16	0	1991
5349	5	16	4	1946	0	1971
5350	1921	3	6	23	0	1953
5351	18	1962	1	6	0	1987
5352	1973	19	2	12	0	2006
5353	1920	4	3	11	0	1938
5354	16	4	1916	4	0	1940
5355	1889	6	12	12	0	1919
5356	18	10	3	1956	0	1987
5357	5	3	1975	14	0	1997
5358	3	1974	11	6	0	1994
5359	5	15	2	1972	0	1994
5360	7	8	0	1982	0	1997
5361	1970	2	1	18	0	1991
5362	11	4	3	1977	0	1995
5363	7	7	0	1994	0	2008
5364	1999	5	1	18	0	2023
5365	17	1996	4	4	0	2021
5366	1976	16	3	7	0	2002
5367	15	5	1996	5	0	2021
5368	1866	3	10	15	0	1894
5369	14	1	2046	5	0	2066
5370	6	2090	12	5	0	2113
5371	2102	14	3	7	0	2126
5372	2048	5	3	11	0	2067
5373	18	3	2042	5	0	2068
5374	7	2	2034	7	0	2050
5375	8	2	2151	4	0	2165
5376	8	2246	19	4	0	2277
5377	8	17	5	2319	0	2349
5378	4	5	2547	18	0	2574
5379	8	4	2493	7	0	2512
5380	7	4	27	2485	0	2523
5381	8	2	2560	24	0	2594
5382	2563	3	27	7	0	2600
5383	2974	2	5	11	0	2992
5384	49	3	2973	5	0	3030
5385	13	2963	50	10	0	3036
5386	18	46	9	2994	0	3067
5387	7	8	3064	45	0	3124
5388	7	3051	49	10	0	3117
5389	16	59	14	3001	0	3090
5390	2999	8	8	54	0	3069
5391	2976	4	9	15	0	3004
5392	45	3050	1	7	0	3103
5393	20	38	5	3066	0	3129
5394	15	9	7	3091	0	3122
5395	15	7	7	3017	0	3046
5396	10	6	5	3068	0	3089
5397	12	4	3009	58	0	3083
5398	13	5	40	2976	0	3034
5399	5	12	2942	46	0	3005
5400	2	2893	42	22	0	2959
5401	2861	38	10	21	0	2930
5402	42	2996	10	10	0	3058
5403	23	45	5	2995	0	3068
5404	12	13	5	3023	0	3053
5405	2992	4	4	61	0	3061
5406	43	6	7	2997	0	3053
5407	11	2975	3	49	0	3038
5408	13	37	7	3040	0	3097
5409	13	19	5	3042	0	3079
5410	2987	6	6	65	0	3064
5411	43	9	2960	21	0	3033
5412	18	2913	34	11	0	2976
5413	8	2989	8	17	0	3022
5414	17	52	8	2939	0	3016
5415	2929	15	3	58	0	3005
5416	42	2919	5	25	0	2991
5417	18	44	3	2954	0	3019
5418	6	15	2938	50	0	3009
5419	10	14	38	2952	0	3014
5420	2970	9	10	55	0	3044
5421	2951	5	6	25	0	2987
5422	55	10	7	2915	0	2987
5423	2961	11	3	59	0	3034
5424	2966	7	3	32	0	3008
5425	56	6	2950	15	0	3027
5426	2845	8	41	20	0	2914
5427	49	2928	10	12	0	2999
5428	2943	45	7	17	0	3012
5429	49	13	2926	14	0	3002
5430	28	7	47	3001	0	3083
5431	3076	11	13	54	0	3154
5432	57	5	2957	21	0	3040
5433	25	3	3000	12	0	3040
5434	25	8	58	2929	0	3020
5435	20	6	3021	52	0	3099
5436	2957	3	66	18	0	3044
5437	62	8	3086	13	0	3169
5438	32	4	57	3137	0	3230
5439	20	3	24	3201	0	3248
5440	3255	4	18	81	0	3358
5441	74	5	3259	27	0	3365
5442	24	6	3492	11	0	3533
5443	28	3	83	3663	0	3777
5444	14	3	3730	80	0	3827
5445	3704	3	94	30	0	3831
5446	94	5	28	3751	0	3878
5447	31	2	3790	85	0	3908
5448	18	4	100	3782	0	3904
5449	19	1	32	3868	0	3920
5450	3831	3	17	118	0	3969
5451	97	3	3850	33	0	3983
5452	3763	7	101	26	0	3897
5453	99	7	3962	31	0	4099
5454	3908	2	113	30	0	4053
5455	3972	8	33	25	0	4038
5456	3967	4	21	31	0	4023
5457	116	3866	23	13	0	4018
5458	3906	85	17	31	0	4039
5459	3988	16	14	29	0	4047
5460	119	10	12	3920	0	4061
5461	37	6	3898	103	0	4044
5462	3801	5	97	39	0	3942
5463	98	4	3966	31	0	4099
5464	38	5	93	3907	0	4043
5465	35	4	37	4020	0	4096
5466	3973	2	25	116	0	4116
5467	93	4028	21	41	0	4183
5468	43	88	16	3994	0	4141
5469	42	22	9	4052	0	4125
5470	27	13	4006	110	0	4156
5471	32	11	92	3983	0	4118
5472	29	8	23	4091	0	4151
5473	39	4	19	4035	0	4097
5474	21	3937	18	105	0	4081
5475	3846	83	13	48	0	3990
5476	3892	18	9	44	0	3963
5477	103	3837	10	24	0	3974
5478	3619	82	7	23	0	3731
5479	96	27	7	3709	0	3839
5480	32	7	3869	90	0	3998
5481	18	3862	86	32	0	3998
5482	21	3991	23	22	0	4057
5483	3736	65	21	19	0	3841
5484	3914	17	16	17	0	3964
5485	90	12	11	3910	0	4023
5486	29	5	7	3977	0	4018
5487	25	6	9	3984	0	4024
5488	3869	0	5	112	0	3986
5489	74	5	3856	36	0	3971
5490	3837	5	73	25	0	3940
5491	88	4	19	3893	0	4004
5492	40	5	14	3856	0	3915
5493	26	3858	11	92	0	3987
5494	22	68	19	3932	0	4041
5495	37	18	7	3999	0	4061
5496	15	18	3988	94	0	4115
5497	19	4024	76	33	0	4152
5498	4107	65	26	36	0	4234
5499	4045	16	18	33	0	4112
5500	4172	17	9	26	0	4224
5501	4156	11	16	31	0	4214
5502	103	17	3988	20	0	4128
5503	3964	8	82	24	0	4078
5504	102	5	4063	21	0	4191
5505	49	8	74	3972	0	4103
5506	36	4094	33	83	0	4246
5507	34	78	20	4092	0	4224
5508	41	19	19	4174	0	4253
5509	33	18	4120	98	0	4269
5510	3982	17	72	56	0	4127
5511	4111	15	27	33	0	4186
5512	98	4029	18	44	0	4189
5513	42	66	4062	26	0	4196
5514	40	22	73	4082	0	4217
5515	30	15	4120	99	0	4264
5516	38	14	4062	35	0	4149
5517	36	23	91	4044	0	4194
5518	41	3	4082	91	0	4217
5519	39	13	84	4048	0	4184
5520	32	14	4171	99	0	4316
5521	39	16	83	4163	0	4301
5522	4194	15	24	117	0	4350
5523	4222	9	32	49	0	4312
5524	4201	14	21	55	0	4291
5525	4182	10	24	39	0	4255
5526	104	4180	21	33	0	4338
5527	55	81	17	4199	0	4352
5528	50	18	21	4279	0	4368
5529	31	21	4178	105	0	4335
5530	40	20	75	4110	0	4245
5531	29	13	4089	94	0	4225
5532	27	14	3936	47	0	4024
5533	3865	6	83	49	0	4003
5534	73	4141	47	41	0	4302
5535	4160	65	27	47	0	4299
5536	4190	27	24	46	0	4287
5537	89	4281	24	41	0	4435
5538	4309	60	13	43	0	4425
5539	83	22	4362	28	0	4495
5540	45	4312	63	31	0	4451
5541	4293	61	22	39	0	4415
5542	71	22	4107	30	0	4230
5543	3862	20	39	25	0	3946
5544	63	3987	23	24	0	4097
5545	3952	37	23	32	0	4044
5546	3930	15	21	34	0	4000
5547	52	3896	21	22	0	3991
5548	33	3875	18	18	0	3944
5549	25	4066	17	25	0	4133
5550	23	44	25	4119	0	4211
5551	27	27	16	4113	0	4183
5552	4165	16	13	65	0	4259
5553	4073	11	23	38	0	4145
5554	58	16	4073	24	0	4171
5555	44	14	3953	22	0	4033
5556	31	11	4122	27	0	4191
5557	34	11	59	4155	0	4259
5558	25	13	4235	47	0	4320
5559	26	11	60	4203	0	4300
5560	4279	7	23	66	0	4375
5561	56	12	4332	28	0	4428
5562	4280	13	50	36	0	4379
5563	4330	21	27	32	0	4410
5564	61	13	4451	19	0	4544
5565	38	4592	48	22	0	4700
5566	46	38	30	4594	0	4708
5567	23	28	4690	46	0	4787
5568	46	12	52	4607	0	4717
5569	27	10	36	4995	0	5068
5570	4916	14	25	63	0	5018
5571	66	9	20	4912	0	5007
5572	33	9	4912	63	0	5017
5573	37	16	49	4899	0	5001
5574	4960	9	31	75	0	5075
5575	69	5052	24	30	0	5175
5576	5084	49	18	34	0	5185
5577	78	27	21	5100	0	5226
5578	36	19	5102	57	0	5214
5579	39	25	4987	18	0	5069
5580	39	11	4889	30	0	4969
5581	16	4829	71	12	0	4928
5582	4694	58	36	36	0	4824
5583	49	4635	13	9	0	4706
5584	4453	45	12	15	0	4525
5585	47	4473	9	14	0	4543
5586	22	41	6	4519	0	4588
5587	19	10	11	4536	0	4576
5588	14	7	8	4530	0	4559
5589	6	4541	6	52	0	4605
5590	19	39	8	4747	0	4813
5591	15	13	8	5355	0	5391
5592	5552	13	5	79	0	5649
5593	92	6	9	5810	0	5917
5594	20	9	6057	84	0	6170
5595	5944	7	87	42	0	6080
5596	6138	5	21	39	0	6203
5597	96	6219	21	16	0	6352
5598	6237	92	8	27	0	6364
5599	6391	23	6	37	0	6457
5600	143	18	4	6311	0	6476
5601	68	14	7	6439	0	6528
5602	56	4	7	6600	0	6667
5603	6528	10	11	151	0	6700
5604	6598	10	3	57	0	6668
5605	133	15	6484	36	0	6668
5606	6452	11	105	38	0	6606
5607	6564	7	21	45	0	6637
5608	6561	7	28	31	0	6627
5609	162	10	6395	25	0	6592
5610	64	15	6438	19	0	6536
5611	81	11	125	6437	0	6654
5612	44	9	6566	109	0	6728
5613	50	13	125	6409	0	6597
5614	48	19	39	6197	0	6303
5615	37	6543	32	120	0	6732
5616	6563	104	17	82	0	6766
5617	139	33	6600	43	0	6815
5618	6632	24	119	38	0	6813
5619	183	12	38	6731	0	6964
5620	6608	11	35	159	0	6813
5621	164	6477	38	47	0	6726
5622	64	6716	25	59	0	6864
5623	80	132	24	6636	0	6872
5624	69	43	23	6775	0	6910
5625	47	30	6664	170	0	6911
5626	71	22	135	6617	0	6845
5627	6477	13	38	191	0	6719
5628	153	6533	43	61	0	6790
5629	76	122	6495	58	0	6751
5630	80	35	131	6492	0	6738
5631	48	39	6541	139	0	6767
5632	60	16	151	6471	0	6698
5633	50	12	6541	166	0	6769
5634	42	18	6384	65	0	6509
5635	51	18	154	6317	0	6540
5636	6358	26	67	171	0	6622
5637	6291	19	49	75	0	6434
5638	6161	21	42	73	0	6297
5639	181	5995	44	55	0	6275
5640	6046	129	32	55	0	6262
5641	6082	39	36	46	0	6203
5642	189	34	5887	38	0	6148
5643	71	5831	142	48	0	6092
5644	68	132	44	5791	0	6035
5645	5784	40	40	169	0	6033
5646	146	5790	45	55	0	6036
5647	5873	129	31	70	0	6103
5648	5922	39	31	64	0	6056
5649	5794	37	32	51	0	5914
5650	5776	30	26	57	0	5889
5651	198	25	36	5603	0	5862
5652	5621	27	29	167	0	5844
5653	187	19	32	5528	0	5766
5654	74	5423	41	159	0	5697
5655	79	119	38	5468	0	5704
5656	5452	39	31	168	0	5690
5657	155	37	5413	63	0	5668
5658	86	22	128	5400	0	5636
5659	5364	20	46	150	0	5580
5660	152	5288	44	68	0	5552
5661	5275	116	24	74	0	5489
5662	5326	38	26	58	0	5448
5663	181	5220	38	34	0	5473
5664	5149	128	32	49	0	5358
5665	185	43	4851	37	0	5116
5666	80	34	4820	34	0	4968
5667	4753	26	130	41	0	4950
5668	158	25	4689	31	0	4903
5669	81	24	121	4320	0	4546
5670	83	4424	40	105	0	4652
5671	4471	120	36	51	0	4678
5672	146	4401	32	36	0	4615
5673	73	4400	27	31	0	4531
5674	89	118	26	4440	0	4673
5675	69	49	25	4457	0	4600
5676	61	39	24	4410	0	4534
5677	58	25	24	4386	0	4493
5678	53	25	4223	146	0	4447
5679	61	23	99	4146	0	4329
5680	53	29	30	4211	0	4323
5681	4072	26	30	139	0	4267
5682	125	31	22	4065	0	4243
5683	62	21	3953	134	0	4170
5684	3952	23	97	64	0	4136
5685	134	24	39	3950	0	4147
5686	63	24	3970	113	0	4170
5687	69	33	99	3871	0	4072
5688	54	3937	42	106	0	4139
5689	3919	97	42	56	0	4114
5690	112	30	3714	44	0	3900
5691	34	3101	82	22	0	3239
5692	2780	62	36	38	0	2916
5693	61	2447	26	22	0	2556
5694	19	2197	12	14	0	2242
5695	2129	53	38	17	0	2237
5696	45	2008	3	12	0	2068
5697	17	1925	4	7	0	1953
5698	38	45	8	1872	0	1963
5699	10	13	1846	31	0	1900
5700	7	1871	30	13	0	1921
5701	12	28	6	1767	0	1813
5702	8	1735	4	24	0	1771
5703	1726	17	2	8	0	1753
5704	21	4	1709	5	0	1739
5705	9	2	16	1710	0	1737
5706	1761	2	2	24	0	1789
5707	21	3	6	1780	0	1810
5708	6	0	1779	22	0	1807
5709	1713	7	17	8	0	1745
5710	1801	0	2	6	0	1809
5711	18	1900	5	3	0	1926
5712	3	22	3	1899	0	1927
5713	13	4	1	1931	0	1949
5714	1969	4	2	22	0	1997
5715	1936	5	6	3	0	1950
5716	25	4	1945	4	0	1978
5717	7	1908	18	2	0	1935
5718	1901	20	1	2	0	1924
5719	21	9	0	1884	0	1914
5720	3	3	1929	17	0	1952
5721	4	4	1835	3	0	1846
5722	3	17	16	1830	0	1866
5723	1851	5	5	20	0	1881
5724	15	1847	2	1	0	1865
5725	2033	14	2	6	0	2055
5726	17	0	1	2094	0	2112
5727	5	1	0	2112	0	2118
5728	2	2	0	2131	0	2135
5729	2147	1	1	17	0	2166
5730	11	2204	0	8	0	2223
5731	2	12	0	2258	0	2272
5732	3	0	0	2262	0	2265
5733	2	1	2320	11	0	2334
5734	5	1	13	2289	0	2308
5735	1	3	2340	12	0	2356
5736	1	2299	9	1	0	2310
5737	1	6	0	2319	0	2326
5738	2293	0	1	16	0	2310
5739	11	1	2318	0	0	2330
5740	1	1	10	2342	0	2354
5741	1	1	2334	10	0	2346
5742	2233	1	11	4	0	2249
5743	12	5	2391	1	0	2409
5744	2	0	11	2329	0	2342
5745	2401	0	1	16	0	2418
5746	13	2243	3	3	0	2262
5747	2336	11	0	3	0	2350
5748	12	2226	2	2	0	2242
5749	3	11	1	2470	0	2485
5750	1	3	2443	14	0	2461
5751	5	2	2454	0	0	2461
5752	4	1	12	2514	0	2531
5753	2562	0	1	18	0	2581
5754	2529	2	1	5	0	2537
5755	14	0	1	2534	0	2549
5756	2	1	0	2569	0	2572
5757	2529	1	1	20	0	2551
5758	15	2503	2	1	0	2521
5759	0	2642	1	2	0	2645
5760	2660	17	1	8	0	2686
5761	17	0	2698	1	0	2716
5762	7	0	14	2691	0	2712
5763	4	1	2735	18	0	2758
5764	4	2	13	2744	0	2763
5765	8	1	2789	16	0	2814
5766	3	7	2728	3	0	2741
5767	4	0	14	2813	0	2831
5768	1	2727	4	14	0	2746
5769	2884	14	4	8	0	2910
5770	14	2862	3	3	0	2882
5771	5	14	1	2895	0	2915
5772	2919	1	1	19	0	2940
5773	20	0	2	2991	0	3013
5774	3008	2	2	23	0	3035
5775	3033	0	2	8	0	3043
5776	3025	3	1	9	0	3038
5777	15	2946	4	3	0	2968
5778	3059	14	1	4	0	3078
5779	17	16	1	3135	0	3169
5780	3249	1	0	24	0	3274
5781	21	2	3	3333	0	3359
5782	3350	1	1	27	0	3379
5783	3400	0	1	17	0	3418
5784	28	3382	4	5	0	3419
5785	10	22	0	3716	0	3748
5786	8	5	0	3709	0	3722
5787	5	3934	3	38	0	3980
5788	13	47	0	4050	0	4110
5789	4052	8	3	66	0	4129
5790	4312	5	3	32	0	4352
5791	4304	2	5	17	0	4328
5792	72	1	4539	8	0	4620
5793	4700	1	57	17	0	4775
5794	4910	1	9	13	0	4933
5795	4947	2	4	21	0	4974
5796	75	4943	6	6	0	5030
5797	34	59	1	4980	0	5074
5798	12	19	0	5050	0	5081
5799	17	8	0	5011	0	5036
5800	8	7	4891	82	0	4988
5801	14	6	59	4927	0	5006
5802	4994	1	16	88	0	5099
5803	84	1	9	5015	0	5109
5804	34	2	8	5195	0	5239
5805	18	4	5080	93	0	5195
5806	11	5032	73	32	0	5148
5807	5197	71	16	29	0	5313
5808	92	21	9	5205	0	5327
5809	5238	9	2	97	0	5346
5810	88	11	5182	28	0	5309
5811	4964	1	79	36	0	5080
5812	79	5314	19	18	0	5430
5813	26	73	5296	16	0	5411
5814	22	21	5343	10	0	5396
5815	29	23	83	5175	0	5310
5816	11	12	5486	76	0	5585
5817	13	5496	81	34	0	5624
5818	20	72	22	5468	0	5582
5819	18	16	17	5571	0	5622
5820	22	14	9	5582	0	5627
5821	5524	3	5	104	0	5636
5822	75	5555	7	41	0	5678
5823	28	66	7	5679	0	5780
5824	19	23	11	5770	0	5823
5825	5561	13	8	101	0	5683
5826	69	5621	7	40	0	5737
5827	5700	67	10	45	0	5822
5828	5654	23	11	28	0	5716
5829	5621	13	3	42	0	5679
5830	94	13	5545	16	0	5668
5831	43	12	70	5414	0	5539
5832	27	5506	18	82	0	5633
5833	25	5632	20	27	0	5704
5834	21	88	10	5578	0	5697
5835	29	5639	11	72	0	5751
5836	5912	78	14	47	0	6051
5837	82	34	5893	27	0	6036
5838	5798	19	72	47	0	5936
5839	6020	8	24	38	0	6090
5840	112	18	12	6069	0	6211
5841	6102	7	17	88	0	6214
5842	89	6597	16	35	0	6737
5843	6707	75	11	67	0	6860
5844	6766	23	22	47	0	6858
5845	7208	24	12	41	0	7285
5846	121	22	7196	17	0	7356
5847	67	25	7305	19	0	7416
5848	59	12	105	7328	0	7504
5849	37	7274	50	111	0	7472
5850	35	7546	35	52	0	7668
5851	38	117	26	7450	0	7631
5852	7532	52	13	131	0	7728
5853	120	37	8	7532	0	7697
5854	55	23	12	7688	0	7778
5855	7571	17	18	151	0	7757
5856	120	7591	18	77	0	7806
5857	69	93	7570	47	0	7779
5858	51	45	7443	38	0	7577
5859	7631	19	120	44	0	7814
5860	125	26	64	7587	0	7802
5861	54	26	7851	110	0	8041
5862	56	26	97	7676	0	7855
5863	41	26	52	7713	0	7832
5864	44	17	27	7923	0	8011
5865	40	14	27	7843	0	7924
5866	35	7674	23	152	0	7884
5867	42	101	21	7815	0	7979
5868	7737	47	21	151	0	7956
5869	115	7705	26	76	0	7922
5870	7926	104	22	66	0	8118
5871	8069	47	28	65	0	8209
5872	8079	34	28	52	0	8193
5873	150	27	7872	39	0	8088
5874	7879	24	92	65	0	8060
5875	8119	24	49	45	0	8237
5876	7999	23	36	65	0	8123
5877	8106	16	23	61	0	8206
5878	151	8026	28	38	0	8243
5879	7998	95	19	50	0	8162
5880	133	56	7940	26	0	8155
5881	80	32	89	7808	0	8009
5882	69	32	38	7994	0	8133
5883	8089	19	25	142	0	8275
5884	119	8036	17	67	0	8239
5885	7836	82	17	62	0	7997
5886	111	7922	17	31	0	8081
5887	7737	70	9	37	0	7853
5888	7709	37	11	46	0	7803
5889	93	8354	10	17	0	8474
5890	8368	95	13	28	0	8504
5891	8715	46	8	27	0	8796
5892	150	8223	14	20	0	8407
5893	62	8414	11	16	0	8503
5894	8877	128	18	32	0	9055
5895	174	42	10	9064	0	9290
5896	9139	28	13	151	0	9331
5897	9463	22	4	79	0	9568
5898	9588	22	4	47	0	9661
5899	9672	13	6	46	0	9737
5900	214	9318	15	19	0	9566
5901	99	9624	11	15	0	9749
5902	9640	168	10	45	0	9863
5903	170	70	9648	13	0	9901
5904	103	39	130	9407	0	9679
5905	60	23	50	9689	0	9822
5906	9632	22	23	191	0	9868
5907	146	9547	21	85	0	9799
5908	92	136	8	9537	0	9773
5909	63	58	10	9758	0	9889
5910	9670	28	6	223	0	9927
5911	193	32	3	9737	0	9965
5912	9742	26	6	202	0	9976
5913	9777	33	9	104	0	9923
5914	9821	25	6	67	0	9919
5915	273	21	10	9721	0	10025
5916	167	13	9	9764	0	9953
5917	75	19	10248	213	0	10555
5918	72	30	10082	94	0	10278
5919	10166	23	250	89	0	10528
5920	247	24	98	10491	0	10860
5921	119	28	11118	225	0	11490
5922	81	21	11141	100	0	11343
5923	84	23	340	11042	0	11489
5924	64	14	11164	286	0	11528
5925	84	24	290	11095	0	11493
5926	83	30	122	11173	0	11408
5927	55	21	11212	388	0	11676
5928	88	15	286	11214	0	11603
5929	92	28	126	10940	0	11186
5930	69	15	59	11551	0	11694
5931	63	20	11215	416	0	11714
5932	92	22	265	11419	0	11798
5933	11322	12	116	403	0	11853
5934	306	11321	62	189	0	11878
5935	11442	273	50	122	0	11887
5936	345	128	11246	82	0	11801
5937	11297	48	305	92	0	11742
5938	11503	39	139	95	0	11776
5939	11565	28	66	80	0	11739
5940	460	36	75	11140	0	11711
5941	250	28	63	11368	0	11709
5942	127	23	10523	430	0	11103
5943	10063	22	294	229	0	10608
5944	343	10158	150	142	0	10793
5945	154	9863	76	109	0	10202
5946	95	10146	64	103	0	10408
5947	137	353	73	9690	0	10253
5948	9556	135	55	337	0	10083
5949	9742	53	49	192	0	10036
5950	389	54	9464	114	0	10021
5951	217	45	280	9431	0	9973
5952	151	50	123	9638	0	9962
5953	110	50	9392	397	0	9949
5954	98	39	9294	204	0	9635
5955	9154	27	363	160	0	9704
5956	320	9267	177	113	0	9877
5957	9424	259	80	119	0	9882
5958	9573	113	65	112	0	9863
5959	430	66	61	9277	0	9834
5960	227	41	52	9539	0	9859
5961	9192	39	60	427	0	9718
5962	369	47	56	9218	0	9690
5963	211	48	48	9323	0	9630
5964	9133	44	58	444	0	9679
5965	358	39	62	9247	0	9706
5966	9248	32	58	411	0	9749
5967	9413	28	64	219	0	9724
5968	420	36	9130	127	0	9713
5969	9161	39	307	149	0	9656
5970	9291	31	137	123	0	9582
5971	9213	29	103	133	0	9478
5972	448	50	7730	133	0	8361
5973	8759	36	263	116	0	9174
5974	381	8658	120	110	0	9269
5975	8886	269	80	121	0	9356
5976	9058	102	74	137	0	9371
5977	464	43	62	8855	0	9424
5978	245	33	71	8937	0	9286
5979	151	8825	55	434	0	9465
5980	165	267	38	8970	0	9440
5981	146	104	50	9194	0	9494
5982	8915	48	68	454	0	9485
5983	386	43	46	8885	0	9360
5984	239	34	41	9004	0	9318
5985	168	47	54	8924	0	9193
5986	153	8408	43	453	0	9057
5987	8344	269	56	242	0	8911
5988	377	8351	56	145	0	8929
5989	7667	247	53	122	0	8089
5990	356	99	7294	98	0	7847
5991	6923	48	237	104	0	7312
5992	315	47	6929	89	0	7380
5993	169	6667	267	73	0	7176
5994	6240	219	203	79	0	6741
5995	6137	88	64	71	0	6360
5996	298	5814	49	63	0	6224
5997	139	5842	31	67	0	6079
5998	5665	215	54	78	0	6012
5999	5776	90	31	67	0	5964
6000	296	46	24	5642	0	6008
6001	150	41	23	5809	0	6023
6002	97	39	5570	262	0	5968
6003	5486	44	168	125	0	5823
6004	246	27	71	5513	0	5857
6005	127	5521	43	199	0	5890
6006	107	174	25	5541	0	5847
6007	83	78	19	5653	0	5833
6008	78	38	5408	266	0	5790
6009	84	43	178	5440	0	5745
6010	5335	30	67	243	0	5675
6011	205	5227	42	109	0	5583
6012	105	5268	23	74	0	5470
6013	5184	207	17	67	0	5475
6014	5282	92	17	62	0	5453
6015	5210	52	20	61	0	5343
6016	260	4922	28	43	0	5253
6017	80	4557	16	18	0	4671
6018	4747	132	11	28	0	4918
6019	4830	63	13	38	0	4944
6020	192	4561	10	21	0	4784
6021	26	3940	5	15	0	3986
6022	3847	75	16	18	0	3956
6023	92	15	3	3803	0	3913
6024	3819	10	0	86	0	3915
6025	82	10	3	3813	0	3908
6026	20	3890	6	81	0	3997
6027	23	3897	5	16	0	3941
6028	3980	90	8	20	0	4098
6029	4039	28	8	25	0	4100
6030	4169	18	4	14	0	4205
6031	108	4076	5	9	0	4198
6032	30	77	3842	5	0	3954
6033	15	3849	65	10	0	3939
6034	3760	84	18	12	0	3874
6035	3704	22	9	10	0	3745
6036	87	12	3638	3	0	3740
6037	22	3606	64	11	0	3703
6038	23	74	8	3584	0	3689
6039	19	14	5	3558	0	3596
6040	18	3361	11	66	0	3456
6041	8	75	3517	17	0	3617
6042	3585	20	60	18	0	3683
6043	85	9	11	3624	0	3729
6044	3633	13	6	71	0	3723
6045	3702	10	9	25	0	3746
6046	96	14	2	3732	0	3844
6047	42	11	3	3968	0	4024
6048	30	12	3	3994	0	4039
6049	27	10	6	4039	0	4082
6050	3927	9	12	117	0	4065
6051	4016	9	2	46	0	4073
6052	102	10	3985	17	0	4114
6053	33	6	75	3965	0	4079
6054	27	16	17	4030	0	4090
6055	30	7	10	4071	0	4118
6056	25	7	3937	108	0	4077
6057	20	8	74	3897	0	3999
6058	3851	16	16	102	0	3985
6059	98	10	10	3860	0	3978
6060	37	11	3857	95	0	4000
6061	36	11	82	3821	0	3950
6062	23	9	3838	96	0	3966
6063	3857	9	81	43	0	3990
6064	92	9	24	3883	0	4008
6065	3869	11	12	112	0	4004
6066	3877	6	11	47	0	3941
6067	107	7	8	3837	0	3959
6068	3858	9	7	102	0	3976
6069	106	11	14	3813	0	3944
6070	45	3953	8	100	0	4106
6071	4085	79	15	45	0	4224
6072	4171	23	13	26	0	4233
6073	4198	15	12	41	0	4266
6074	123	16	14	4116	0	4269
6075	61	15	4	4183	0	4263
6076	45	3	10	4210	0	4268
6077	36	13	4002	111	0	4162
6078	29	3939	81	57	0	4106
6079	39	83	21	3855	0	3998
6080	30	29	3827	91	0	3977
6081	3786	18	81	44	0	3929
6082	105	9	19	3770	0	3903
6083	43	8	3739	95	0	3885
6084	3806	13	78	46	0	3943
6085	108	11	26	3855	0	4000
6086	56	6	15	3913	0	3990
6087	41	15	14	3943	0	4013
6088	3897	8	10	135	0	4050
6089	3919	9	18	69	0	4015
6090	3879	13	13	48	0	3953
6091	113	3698	19	36	0	3866
6092	42	3777	29	29	0	3877
6093	3802	76	15	36	0	3929
6094	90	27	3765	40	0	3922
6095	43	26	74	3735	0	3878
6096	40	6	29	3825	0	3900
6097	3743	5	13	125	0	3886
6098	3628	9	9	52	0	3698
6099	99	3621	7	44	0	3771
6100	53	70	19	3632	0	3774
6101	38	25	3559	90	0	3712
6102	42	11	3616	44	0	3713
6103	38	12	86	3620	0	3756
6104	30	11	31	3725	0	3797
6105	3632	7	14	114	0	3767
6106	93	9	16	3664	0	3782
6107	3721	6	10	123	0	3860
6108	3718	11	16	54	0	3799
6109	108	12	3647	47	0	3814
6110	3680	11	65	39	0	3795
6111	3736	9	29	34	0	3808
6112	3721	5	15	49	0	3790
6113	96	3611	20	46	0	3773
6114	39	3664	13	41	0	3757
6115	34	87	10	3659	0	3790
6116	34	20	3602	92	0	3748
6117	38	3423	72	38	0	3571
6118	38	61	23	3167	0	3289
6119	30	15	19	3102	0	3166
6120	29	3103	13	59	0	3204
6121	3145	35	11	34	0	3225
6122	3164	17	9	32	0	3222
6123	68	16	3196	24	0	3304
6124	3135	7	35	33	0	3210
6125	64	8	3126	22	0	3220
6126	2897	7	38	34	0	2976
6127	44	12	2952	29	0	3037
6128	30	2816	28	24	0	2898
6129	42	25	25	2647	0	2739
6130	27	11	10	2669	0	2717
6131	2697	8	5	41	0	2751
6132	2684	9	9	28	0	2730
6133	2664	3	4	19	0	2690
6134	35	1	2720	12	0	2768
6135	25	7	16	2720	0	2768
6136	17	1	12	2771	0	2801
6137	2730	7	10	41	0	2788
6138	37	2765	5	20	0	2827
6139	2896	22	4	35	0	2957
6140	34	11	9	2983	0	3037
6141	27	8	7	3050	0	3092
6142	17	5	13	3048	0	3083
6143	19	2	3	3093	0	3117
6144	22	2	4	3102	0	3130
6145	16	2971	5	43	0	3035
6146	12	2895	3	20	0	2930
6147	9	2768	2	8	0	2787
6148	6	17	3	2787	0	2813
6149	4	5	2742	12	0	2763
6150	2546	2	14	19	0	2581
6151	12	2815	5	4	0	2836
6152	11	9	2	2807	0	2829
6153	3	1	5	2827	0	2836
6154	2886	2	0	18	0	2906
6155	2855	1	0	12	0	2868
6156	2936	1	3	8	0	2948
6157	27	0	0	3105	0	3132
6158	5	2	3165	20	0	3192
6159	7	1	3296	7	0	3311
6160	14	0	18	3343	0	3375
6161	3	0	3393	18	0	3414
6162	3301	0	19	14	0	3334
6163	22	2	4	3372	0	3400
6164	4	2	3391	19	0	3416
6165	9	0	19	3316	0	3344
6166	1	4	3553	22	0	3580
6167	6	6	3751	5	0	3768
6168	14	9	24	4037	0	4084
6169	3	2	4359	28	0	4392
6170	6	4	4193	12	0	4215
6171	3	4155	46	9	0	4213
6172	25	36	28	4283	0	4372
6173	4546	18	11	42	0	4617
6174	34	7	3	4569	0	4613
6175	30	4	2	4695	0	4731
6176	12	1	4693	51	0	4757
6177	4503	0	33	36	0	4572
6178	34	0	22	4791	0	4847
6179	31	1	7	4874	0	4913
6180	4854	2	5	65	0	4926
6181	40	0	1	4915	0	4956
6182	4943	1	1	62	0	5007
6183	4935	0	3	36	0	4974
6184	4947	0	3	22	0	4972
6185	59	4877	3	6	0	4945
6186	4981	31	2	12	0	5026
6187	43	4953	2	8	0	5006
6188	30	38	3	4973	0	5044
6189	5036	21	4	45	0	5106
6190	32	5053	2	29	0	5116
6191	5085	34	4	17	0	5140
6192	44	5067	3	6	0	5120
6193	5005	49	0	27	0	5081
6194	43	4943	4	7	0	4997
6195	22	5042	4	6	0	5074
6196	11	5320	4	11	0	5346
6197	11	60	3	5249	0	5323
6198	6	5420	2	33	0	5461
6199	13	45	2	5404	0	5464
6200	13	31	3	5463	0	5510
6201	15	12	3	5478	0	5508
6202	14	6	0	5513	0	5533
6203	5490	3	0	81	0	5574
6204	5528	6	0	60	0	5594
6205	69	7	5561	17	0	5654
6206	5697	4	51	33	0	5785
6207	6062	3	27	22	0	6114
6208	6370	1	12	24	0	6407
6209	100	6	6406	9	0	6521
6210	46	8	6472	8	0	6534
6211	6528	3	101	24	0	6656
6212	102	10	6789	3	0	6904
6213	38	7078	102	14	0	7232
6214	31	99	35	7179	0	7344
6215	7398	38	23	121	0	7580
6216	7467	15	12	63	0	7557
6217	7551	9	16	33	0	7609
6218	160	4	19	7524	0	7707
6219	76	7	16	7617	0	7716
6220	41	15	7675	144	0	7875
6221	39	10	112	7719	0	7880
6222	39	11	37	7921	0	8008
6223	7782	4	20	179	0	7985
6224	125	7907	19	61	0	8112
6225	8011	106	11	54	0	8182
6226	150	41	13	8032	0	8236
6227	7991	21	14	147	0	8173
6228	7981	11	12	91	0	8095
6229	7826	9	20	64	0	7919
6230	156	7754	16	41	0	7967
6231	74	7979	17	30	0	8100
6232	71	131	10	7966	0	8178
6233	8008	53	12	143	0	8216
6234	148	22	20	7946	0	8136
6235	89	17	10	8048	0	8164
6236	40	19	8017	157	0	8233
6237	61	21	109	7929	0	8120
6238	57	22	40	8001	0	8120
6239	50	23	18	7981	0	8072
6240	42	22	7863	173	0	8100
6241	50	21	7715	78	0	7864
6242	41	7742	148	49	0	7980
6243	7740	115	51	65	0	7971
6244	142	45	30	7801	0	8018
6245	67	27	7866	141	0	8101
6246	61	23	112	7806	0	8002
6247	61	13	38	8253	0	8365
6248	8148	21	23	205	0	8397
6249	8123	13	26	107	0	8269
6250	159	8120	40	58	0	8377
6251	8094	111	29	64	0	8298
6252	8095	47	29	62	0	8233
6253	183	28	24	8040	0	8275
6254	80	25	8027	131	0	8263
6255	61	8031	117	82	0	8291
6256	8005	112	43	86	0	8246
6257	8108	49	30	52	0	8239
6258	180	8170	16	48	0	8414
6259	99	112	14	8374	0	8599
6260	8615	44	22	170	0	8851
6261	8697	28	14	118	0	8857
6262	186	16	24	8760	0	8986
6263	8803	20	25	200	0	9048
6264	9317	34	18	111	0	9480
6265	9440	16	15	87	0	9558
6266	231	29	9376	39	0	9675
6267	110	9120	153	47	0	9430
6268	69	9209	45	56	0	9379
6269	8839	160	33	65	0	9097
6270	192	8876	17	44	0	9129
6271	72	160	8807	39	0	9078
6272	91	62	141	8776	0	9070
6273	8722	39	34	175	0	8970
6274	207	29	24	8679	0	8939
6275	8697	23	18	204	0	8942
6276	8733	25	21	88	0	8867
6277	8658	26	19	88	0	8791
6278	209	8464	32	50	0	8755
6279	83	8921	25	53	0	9082
6280	8857	166	24	71	0	9118
6281	8785	57	18	75	0	8935
6282	8911	38	29	50	0	9028
6283	227	27	28	8751	0	9033
6284	8679	35	24	200	0	8938
6285	199	8487	37	69	0	8792
6286	88	8819	20	66	0	8993
6287	90	175	22	8724	0	9011
6288	73	60	8645	176	0	8954
6289	79	48	8573	66	0	8766
6290	106	31	167	8587	0	8891
6291	87	31	8627	169	0	8914
6292	87	45	158	8626	0	8916
6293	8724	29	45	198	0	8996
6294	215	35	34	8690	0	8974
6295	8635	42	24	192	0	8893
6296	193	8359	28	80	0	8660
6297	88	159	8438	44	0	8729
6298	92	56	155	8233	0	8536
6299	77	42	50	8501	0	8670
6300	57	35	8411	206	0	8709
6301	77	31	158	8181	0	8447
6302	55	8373	61	180	0	8669
6303	77	159	34	8466	0	8736
6304	90	53	23	8580	0	8746
6305	94	32	24	8710	0	8860
6306	77	23	8567	229	0	8896
6307	54	23	8082	106	0	8265
6308	7484	19	185	68	0	7756
6309	163	18	7510	51	0	7742
6310	73	7405	153	28	0	7659
6311	7311	118	60	52	0	7541
6312	136	7354	29	34	0	7553
6313	7058	127	66	32	0	7283
6314	7072	45	22	43	0	7182
6315	6968	28	22	40	0	7058
6316	6955	24	16	44	0	7039
6317	161	6770	23	23	0	6977
6318	65	6848	17	23	0	6953
6319	6803	135	21	45	0	7004
6320	136	51	6661	28	0	6876
6321	77	37	111	6505	0	6730
6322	65	16	47	6661	0	6789
6323	31	23	6618	140	0	6812
6324	6208	20	116	59	0	6403
6325	6549	16	44	47	0	6656
6326	6500	21	26	35	0	6582
6327	169	6424	27	20	0	6640
6328	6650	112	26	34	0	6822
6329	166	50	22	6461	0	6699
6330	75	6900	22	110	0	7107
6331	7070	140	14	67	0	7291
6332	7193	54	17	47	0	7311
6333	7569	44	24	29	0	7666
6334	228	24	26	7437	0	7715
6335	120	18	14	7475	0	7627
6336	57	7282	26	184	0	7549
6337	58	148	7349	79	0	7634
6338	78	57	140	7323	0	7598
6339	76	39	61	7285	0	7461
6340	60	26	30	7589	0	7705
6341	42	34	7457	209	0	7742
6342	7299	28	143	109	0	7579
6343	185	27	62	7553	0	7827
6344	101	22	7602	156	0	7881
6345	76	19	157	7492	0	7744
6346	7603	13	72	205	0	7893
6347	163	7576	42	106	0	7887
6348	105	160	33	7715	0	8013
6349	62	71	7770	189	0	8092
6350	7508	31	166	118	0	7823
6351	7765	25	81	85	0	7956
6352	227	20	7702	57	0	8006
6353	137	35	152	7330	0	7654
6354	64	7549	83	161	0	7857
6355	7649	163	53	91	0	7956
6356	200	57	7538	73	0	7868
6357	7372	52	183	50	0	7657
6358	216	26	7273	30	0	7545
6359	123	25	6831	41	0	7020
6360	6496	32	219	55	0	6802
6361	169	6732	98	33	0	7032
6362	121	141	6637	30	0	6929
6363	63	6471	159	26	0	6719
6364	52	136	6191	41	0	6420
6365	32	6209	139	19	0	6399
6366	5854	130	81	53	0	6118
6367	128	64	5781	24	0	5997
6368	71	39	5714	25	0	5849
6369	64	23	5581	35	0	5703
6370	5406	40	192	34	0	5672
6371	5505	12	91	26	0	5634
6372	154	29	34	5389	0	5606
6373	85	20	5678	96	0	5879
6374	47	11	5727	72	0	5857
6375	5685	19	146	42	0	5892
6376	132	15	80	5782	0	6009
6377	5799	18	45	118	0	5980
6378	5837	8	43	61	0	5949
6379	165	18	28	5531	0	5742
6380	92	5532	37	102	0	5763
6381	62	97	31	5603	0	5793
6382	50	55	26	5670	0	5801
6383	36	30	5637	141	0	5844
6384	49	5492	97	79	0	5717
6385	39	5639	74	51	0	5803
6386	46	129	41	5511	0	5727
6387	34	78	5542	93	0	5747
6388	27	5554	115	68	0	5764
6389	39	99	5580	41	0	5759
6390	5428	66	128	41	0	5663
6391	5655	38	73	32	0	5798
6392	150	32	5583	15	0	5780
6393	5552	15	120	48	0	5735
6394	130	23	79	5617	0	5849
6395	82	5871	51	103	0	6107
6396	67	96	41	5979	0	6183
6397	5838	58	34	128	0	6058
6398	5924	24	46	85	0	6079
6399	5917	29	35	52	0	6033
6400	5858	20	25	52	0	5955
6401	164	5758	37	30	0	5989
6402	87	5730	35	29	0	5881
6403	5693	104	42	37	0	5876
6404	120	58	5705	82	0	5965
6405	79	120	85	5669	0	5953
6406	54	5994	48	86	0	6182
6407	54	93	33	5989	0	6169
6408	18	6138	29	109	0	6294
6409	33	117	29	6206	0	6385
6410	25	47	6263	120	0	6455
6411	6223	30	100	68	0	6421
6412	6392	19	54	41	0	6506
6413	134	34	6271	19	0	6458
6414	6284	27	115	37	0	6463
6415	6375	18	54	38	0	6485
6416	147	20	6267	25	0	6459
6417	93	20	117	6130	0	6360
6418	6278	18	55	115	0	6466
6419	133	16	6247	49	0	6445
6420	82	29	116	6100	0	6327
6421	47	16	6386	112	0	6561
6422	45	34	6255	56	0	6390
6423	6268	12	148	47	0	6475
6424	6506	18	75	38	0	6637
6425	6581	13	40	39	0	6673
6426	6741	13	28	34	0	6816
6427	190	19	24	6573	0	6806
6428	87	6295	24	116	0	6522
6429	51	6479	37	51	0	6618
6430	52	128	24	6118	0	6322
6431	6230	43	16	112	0	6401
6432	128	6066	17	38	0	6249
6433	32	5948	16	20	0	6016
6434	5902	89	16	25	0	6032
6435	101	39	17	5853	0	6010
6436	5908	12	12	102	0	6034
6437	110	5920	8	25	0	6063
6438	5978	91	13	32	0	6114
6439	111	26	6240	18	0	6395
6440	6742	28	106	24	0	6900
6441	6981	26	25	33	0	7065
6442	7125	25	16	33	0	7199
6443	181	34	6594	27	0	6836
6444	6979	17	106	44	0	7146
6445	173	7019	48	15	0	7255
6446	68	132	6999	9	0	7208
6447	99	77	131	6651	0	6958
6448	63	37	52	6628	0	6780
6449	39	6705	18	153	0	6915
6450	72	110	20	6754	0	6956
6451	48	40	17	6847	0	6952
6452	32	24	6671	165	0	6892
6453	6338	22	135	75	0	6570
6454	146	10	6709	35	0	6900
6455	82	9	126	6628	0	6845
6456	51	12	6773	125	0	6961
6457	53	9	138	6733	0	6933
6458	6906	12	57	145	0	7120
6459	7121	18	31	78	0	7248
6460	193	10	35	7072	0	7310
6461	70	13	7213	155	0	7451
6462	80	11	136	7208	0	7435
6463	48	19	7135	152	0	7354
6464	6905	17	140	82	0	7144
6465	7115	14	60	62	0	7251
6466	7003	13	41	57	0	7114
6467	7030	10	27	53	0	7120
6468	192	6804	39	32	0	7067
6469	103	129	17	6865	0	7114
6470	6783	45	36	163	0	7027
6471	164	6675	33	72	0	6944
6472	83	6899	27	41	0	7050
6473	65	159	6462	36	0	6722
6474	6432	45	136	44	0	6657
6475	6588	33	66	30	0	6717
6476	207	21	6366	37	0	6631
6477	111	20	154	6344	0	6629
6478	95	16	56	6529	0	6696
6479	70	12	6473	173	0	6728
6480	69	26	159	6338	0	6592
6481	6415	21	65	171	0	6672
6482	173	22	6316	73	0	6584
6483	84	12	6466	59	0	6621
6484	6348	20	179	53	0	6600
6485	173	30	6474	39	0	6716
6486	6402	21	173	48	0	6644
6487	166	6363	82	42	0	6653
6488	6492	132	50	38	0	6712
6489	184	48	53	6391	0	6676
6490	106	31	36	6532	0	6705
6491	6462	41	38	180	0	6721
6492	182	24	37	6456	0	6699
6493	6474	18	28	188	0	6708
6494	185	6422	38	88	0	6733
6495	111	144	27	6155	0	6437
6496	71	57	42	6324	0	6494
6497	6174	29	40	206	0	6449
6498	6212	22	32	94	0	6360
6499	6207	22	33	77	0	6339
6500	240	5908	23	49	0	6220
6501	114	6053	27	39	0	6233
6502	6012	147	26	56	0	6241
6503	190	65	5865	34	0	6154
6504	89	5778	141	46	0	6054
6505	5312	141	107	39	0	5599
6506	5118	51	42	24	0	5235
6507	5079	26	32	24	0	5161
6508	168	29	20	4898	0	5115
6509	4966	9	17	113	0	5105
6510	4908	20	14	58	0	5000
6511	176	16	8	4699	0	4899
6512	4771	10	17	119	0	4917
6513	139	21	4580	61	0	4801
6514	87	18	93	4595	0	4793
6515	55	17	47	4708	0	4827
6516	59	12	26	4811	0	4908
6517	4683	6	24	154	0	4867
6518	4785	14	21	77	0	4897
6519	4843	13	11	56	0	4923
6520	4810	11	11	60	0	4892
6521	4681	12	23	32	0	4748
6522	167	11	18	4449	0	4645
6523	99	7	22	4536	0	4664
6524	4415	7	21	143	0	4586
6525	130	4307	20	71	0	4528
6526	4309	73	15	47	0	4444
6527	128	35	4094	35	0	4292
6528	4327	21	75	29	0	4452
6529	4524	23	39	40	0	4626
6530	168	11	4711	22	0	4912
6531	4797	15	105	25	0	4942
6532	145	16	4836	25	0	5022
6533	112	7	5053	15	0	5187
6534	75	30	179	4969	0	5253
6535	56	17	93	5229	0	5395
6536	44	11	5204	169	0	5428
6537	45	9	5257	111	0	5422
6538	32	4985	176	65	0	5258
6539	21	4827	107	40	0	4995
6540	4083	120	67	22	0	4292
6541	90	4275	22	16	0	4403
6542	4050	100	30	26	0	4206
6543	99	4000	17	15	0	4131
6544	3994	93	23	10	0	4120
6545	98	59	3779	7	0	3943
6546	3845	36	73	13	0	3967
6547	107	25	47	3768	0	3947
6548	72	3838	38	66	0	4014
6549	49	76	15	3923	0	4063
6550	3875	50	11	100	0	4036
6551	3970	33	10	58	0	4071
6552	141	17	6	3875	0	4039
6553	80	11	3863	78	0	4032
6554	51	14	3798	56	0	3919
6555	24	3890	105	39	0	4058
6556	43	110	63	3836	0	4052
6557	24	52	3888	74	0	4038
6558	19	3622	85	55	0	3781
6559	48	80	57	3513	0	3698
6560	16	52	27	3558	0	3653
6561	3322	24	19	109	0	3474
6562	70	17	10	3353	0	3450
6563	54	8	3283	90	0	3435
6564	35	10	55	3305	0	3405
6565	3247	5	54	87	0	3393
6566	60	7	3249	67	0	3383
6567	3243	7	66	42	0	3358
6568	82	3290	48	47	0	3467
6569	3415	59	30	21	0	3525
6570	3436	49	17	21	0	3523
6571	120	25	14	3323	0	3482
6572	82	16	8	3386	0	3492
6573	46	3300	8	113	0	3467
6574	25	58	12	3422	0	3517
6575	3322	48	10	97	0	3477
6576	69	30	3322	67	0	3488
6577	64	19	58	3306	0	3447
6578	34	3310	51	72	0	3467
6579	25	69	25	3416	0	3535
6580	13	51	16	3475	0	3555
6581	3368	30	4	121	0	3523
6582	65	3325	11	81	0	3482
6583	67	53	11	3343	0	3474
6584	3289	46	9	76	0	3420
6585	72	28	9	3327	0	3436
6586	54	21	6	3362	0	3443
6587	3353	9	3	129	0	3494
6588	3333	8	9	91	0	3441
6589	115	10	3263	44	0	3432
6590	3292	12	55	32	0	3391
6591	3365	7	52	32	0	3456
6592	3404	4	27	23	0	3458
6593	132	3199	13	26	0	3370
6594	86	3206	9	25	0	3326
6595	52	93	17	3207	0	3369
6596	3218	68	8	64	0	3358
6597	3269	34	10	72	0	3385
6598	121	16	11	3226	0	3374
6599	91	12	3334	72	0	3509
6600	3407	12	51	70	0	3540
6601	3555	13	53	40	0	3661
6602	123	10	21	3461	0	3615
6603	88	5	16	3521	0	3630
6604	3517	7	12	116	0	3652
6605	88	12	7	3496	0	3603
6606	66	3512	8	97	0	3683
6607	44	56	10	3645	0	3755
6608	3618	47	6	94	0	3765
6609	76	24	3553	74	0	3727
6610	3463	18	57	47	0	3585
6611	89	13	3590	34	0	3726
6612	74	6	78	3567	0	3725
6613	3647	5	57	71	0	3780
6614	75	15	26	3700	0	3816
6615	69	9	18	3730	0	3826
6616	3645	5	11	123	0	3784
6617	84	7	3609	82	0	3782
6618	70	8	3820	52	0	3950
6619	49	5	102	3881	0	4037
6620	33	7	68	4000	0	4108
6621	34	5	36	4093	0	4168
6622	27	5	4056	123	0	4211
6623	3944	6	57	105	0	4112
6624	4158	5	56	56	0	4275
6625	4226	7	34	34	0	4301
6626	4229	7	22	33	0	4291
6627	137	4019	15	35	0	4206
6628	96	4077	8	26	0	4207
6629	50	4050	12	23	0	4135
6630	32	61	11	3514	0	3618
6631	33	28	8	3511	0	3580
6632	23	6	3348	57	0	3434
6633	16	3059	13	17	0	3105
6634	22	22	10	2922	0	2976
6635	2864	6	1	25	0	2896
6636	13	2895	3	11	0	2922
6637	12	8	5	2855	0	2880
6638	10	2882	4	10	0	2906
6639	2968	5	6	20	0	2999
6640	15	6	4	2967	0	2992
6641	10	5	2991	10	0	3016
6642	5	4	2953	10	0	2972
6643	6	21	15	3094	0	3136
6644	17	0	10	3052	0	3079
6645	7	1	2	3173	0	3183
6646	3143	2	3	25	0	3173
6647	15	5	3126	10	0	3156
6648	12	3087	12	5	0	3116
6649	10	13	4	3097	0	3124
6650	3	5	3130	16	0	3154
6651	5	3140	14	6	0	3165
6652	6	17	3	3240	0	3266
6653	3	6	3282	18	0	3309
6654	10	1	13	3222	0	3246
6655	7	1	3	3255	0	3266
6656	3298	2	1	20	0	3321
6657	3280	1	0	8	0	3289
6658	19	1	1	3279	0	3300
6659	3273	0	0	21	0	3294
6660	15	5	3332	4	0	3356
6661	8	4	20	3337	0	3369
6662	2	3	3439	19	0	3463
6663	3	5	21	3482	0	3511
6664	1	3478	4	27	0	3510
6665	1	3570	2	5	0	3578
6666	3	3642	2	3	0	3650
6667	15	24	3	3717	0	3759
6668	4	5	0	4115	0	4124
6669	2	4	4147	50	0	4203
6670	4	6	4210	8	0	4228
6671	4	10	4487	6	0	4507
6672	4626	0	63	16	0	4705
6673	75	4	13	4830	0	4922
6674	4945	0	5	92	0	5042
6675	74	5140	9	13	0	5236
6676	30	81	4	5182	0	5297
6677	5305	24	0	91	0	5420
6678	92	8	1	5300	0	5401
6679	5310	4	2	97	0	5413
6680	86	8	5372	26	0	5492
6681	24	5425	83	15	0	5547
6682	22	83	25	5492	0	5622
6683	5484	21	13	105	0	5623
6684	5627	11	5	39	0	5682
6685	120	6	11	5562	0	5699
6686	44	7	8	5643	0	5702
6687	5514	3	7	135	0	5659
6688	101	6	9	5510	0	5626
6689	34	5	5481	104	0	5624
6690	18	5456	106	34	0	5614
6691	28	83	35	5539	0	5685
6692	5517	22	13	107	0	5659
6693	5551	11	12	63	0	5637
6694	134	14	5586	22	0	5756
6695	40	5458	96	31	0	5625
6696	34	5691	33	34	0	5792
6697	38	125	16	5669	0	5848
6698	39	34	15	5725	0	5813
6699	37	19	17	5664	0	5737
6700	24	19	15	5706	0	5764
6701	21	5532	16	157	0	5726
6702	28	97	12	5618	0	5755
6703	46	39	5	5706	0	5796
6704	5594	15	13	172	0	5794
6705	5582	15	10	90	0	5697
6706	141	5597	16	59	0	5813
6707	5673	106	10	60	0	5849
6708	5698	40	19	55	0	5812
6709	5715	24	19	40	0	5798
6710	153	29	5541	39	0	5762
6711	79	10	102	5579	0	5770
6712	58	13	37	5734	0	5842
6713	49	10	5570	159	0	5788
6714	42	24	107	5509	0	5682
6715	41	31	41	5290	0	5403
6716	5470	23	22	180	0	5695
6717	119	20	5425	84	0	5648
6718	63	18	102	5244	0	5427
6719	5181	17	41	148	0	5387
6720	117	5185	24	73	0	5399
6721	5145	115	14	62	0	5336
6722	5101	42	15	55	0	5213
6723	147	4987	11	56	0	5201
6724	70	109	13	5020	0	5212
6725	4973	51	9	140	0	5173
6726	129	4951	13	78	0	5171
6727	76	109	10	5016	0	5211
6728	4898	47	10	141	0	5096
6729	4857	27	19	66	0	4969
6730	152	4737	15	59	0	4963
6731	4815	106	13	54	0	4988
6732	141	47	20	4802	0	5010
6733	4815	16	19	146	0	4996
6734	140	21	4729	80	0	4970
6735	83	15	103	4741	0	4942
6736	65	18	49	4764	0	4896
6737	4663	13	31	174	0	4881
6738	127	4604	16	84	0	4831
6739	4523	109	20	59	0	4711
6740	140	4511	12	51	0	4714
6741	75	113	4335	41	0	4564
6742	54	56	4343	43	0	4496
6743	52	45	135	4227	0	4459
6744	51	29	4283	121	0	4484
6745	48	28	100	4284	0	4460
6746	41	29	40	4298	0	4408
6747	62	19	15	4417	0	4513
6748	4345	24	14	166	0	4549
6749	4324	27	10	79	0	4440
6750	4413	26	16	50	0	4505
6751	177	4261	13	50	0	4501
6752	88	4590	15	44	0	4737
6753	63	150	4826	30	0	5069
6754	48	68	131	4891	0	5138
6755	46	34	4891	172	0	5143
6756	58	31	152	4879	0	5120
6757	60	24	77	4979	0	5140
6758	36	30	37	5052	0	5155
6759	45	24	4818	236	0	5123
6760	39	28	159	4817	0	5043
6761	4712	15	91	209	0	5027
6762	145	4589	49	124	0	4907
6763	87	135	33	4662	0	4917
6764	4601	63	34	193	0	4891
6765	4623	32	32	120	0	4807
6766	203	25	28	4469	0	4725
6767	120	17	25	4360	0	4522
6768	3972	22	17	178	0	4189
6769	144	19	18	3911	0	4092
6770	3618	14	15	151	0	3798
6771	152	11	8	3427	0	3598
6772	80	6	3177	135	0	3398
6773	50	2934	70	104	0	3158
6774	47	2983	48	62	0	3140
6775	56	82	61	2721	0	2920
6776	64	39	42	2742	0	2887
6777	2637	25	8	119	0	2789
6778	77	17	18	2671	0	2783
6779	46	11	12	2686	0	2755
6780	27	24	11	2541	0	2603
6781	22	2466	10	133	0	2631
6782	17	60	9	2552	0	2638
6783	28	32	1	2540	0	2601
6784	23	13	12	2543	0	2591
6785	2346	16	7	149	0	2518
6786	69	2388	8	95	0	2560
6787	41	69	5	2453	0	2568
6788	27	42	7	2487	0	2563
6789	25	20	5	2516	0	2566
6790	2377	14	6	141	0	2538
6791	80	9	5	2433	0	2527
6792	58	14	5	2418	0	2495
6793	30	14	2233	126	0	2403
6794	17	2166	46	95	0	2324
6795	22	53	30	2251	0	2356
6796	2152	29	12	100	0	2293
6797	69	2182	14	63	0	2328
6798	2145	56	6	55	0	2262
6799	2163	37	15	34	0	2249
6800	80	23	8	2127	0	2238
6801	48	18	8	2182	0	2256
6802	39	11	2182	97	0	2329
6803	34	15	50	2238	0	2337
6804	28	9	2238	83	0	2358
6805	30	4	56	2283	0	2373
6806	2128	10	31	94	0	2263
6807	55	2162	17	72	0	2306
6808	30	47	25	2315	0	2417
6809	22	27	18	2343	0	2410
6810	15	17	23	2336	0	2391
6811	19	12	11	2365	0	2407
6812	2242	11	9	122	0	2384
6813	66	2221	8	73	0	2368
6814	39	55	6	2349	0	2449
6815	2289	27	9	121	0	2446
6816	65	13	2271	83	0	2432
6817	2297	10	55	70	0	2432
6818	2364	9	32	47	0	2452
6819	96	24	2288	30	0	2438
6820	49	15	58	2344	0	2466
6821	2385	7	38	95	0	2525
6822	88	2417	26	45	0	2576
6823	2494	61	17	43	0	2615
6824	2539	26	10	46	0	2621
6825	2560	15	15	33	0	2623
6826	115	11	9	2467	0	2602
6827	76	9	9	2554	0	2648
6828	46	2745	5	105	0	2901
6829	41	76	12	2834	0	2963
6830	2872	38	1	102	0	3013
6831	102	22	2797	61	0	2982
6832	2784	11	70	62	0	2927
6833	2933	11	35	56	0	3035
6834	113	25	19	2897	0	3054
6835	60	20	9	2961	0	3050
6836	2950	9	12	127	0	3098
6837	2960	6	14	76	0	3056
6838	2826	12	17	52	0	2907
6839	132	5	2894	46	0	3077
6840	65	2844	63	49	0	3021
6841	2912	68	29	56	0	3065
6842	101	43	13	2892	0	3049
6843	66	2896	11	87	0	3060
6844	57	70	12	2919	0	3058
6845	2926	34	14	99	0	3073
6846	93	31	13	2950	0	3087
6847	61	25	2978	102	0	3166
6848	42	2927	55	73	0	3097
6849	26	3064	30	60	0	3180
6850	36	73	2897	40	0	3046
6851	2626	55	96	51	0	2828
6852	66	2619	28	35	0	2748
6853	23	36	7	2250	0	2316
6854	2237	7	5	33	0	2282
6855	28	2235	3	8	0	2274
6856	10	25	2	2259	0	2296
6857	2268	8	2	27	0	2305
6858	29	7	1	2269	0	2306
6859	2281	4	3	31	0	2319
6860	30	3	2337	13	0	2383
6861	12	2371	22	10	0	2415
6862	2516	27	6	6	0	2555
6863	2490	7	6	14	0	2517
6864	2493	7	3	5	0	2508
6865	39	5	2426	4	0	2474
6866	2407	3	23	5	0	2438
6867	2511	3	7	12	0	2533
6868	37	2	5	2493	0	2537
6869	2514	2	2	30	0	2548
6870	32	2471	2	10	0	2515
6871	16	22	2	2535	0	2575
6872	10	9	2585	26	0	2630
6873	15	8	23	2561	0	2607
6874	10	3	10	2639	0	2662
6875	2639	5	8	39	0	2691
6876	2646	2	3	16	0	2667
6877	37	9	2604	5	0	2655
6878	2557	1	24	19	0	2601
6879	34	6	2612	3	0	2655
6880	14	4	28	2613	0	2659
6881	12	4	2646	28	0	2690
6882	9	1	31	2634	0	2675
6883	8	2645	8	35	0	2696
6884	4	25	2701	8	0	2738
6885	8	7	2791	9	0	2815
6886	22	9	44	2410	0	2485
6887	2836	3	13	38	0	2890
6888	2836	3	11	20	0	2870
6889	2857	1	2	14	0	2874
6890	46	1	5	2827	0	2879
6891	17	4	5	2861	0	2887
6892	17	3	5	2860	0	2885
6893	13	3	4	2859	0	2879
6894	9	4	2802	41	0	2856
6895	12	2	27	2782	0	2823
6896	7	2757	8	36	0	2808
6897	6	27	9	2774	0	2816
6898	2786	5	4	46	0	2841
6899	36	6	2788	12	0	2842
6900	2610	2	32	19	0	2663
6901	47	5	2870	4	0	2926
6902	12	1	2836	5	0	2854
6903	12	2811	50	5	0	2878
6904	34	48	32	2555	0	2669
6905	15	8	13	2831	0	2867
6906	10	2514	23	52	0	2599
6907	3007	48	4	21	0	3080
6908	67	13	4	3134	0	3218
6909	30	7	5	3453	0	3495
6910	15	3	4	3644	0	3666
6911	4012	2	5	119	0	4138
6912	4273	4	1	49	0	4327
6913	120	4	2	4204	0	4330
6914	53	2	2	4252	0	4309
6915	4182	1	4	136	0	4323
6916	111	2	4	4174	0	4291
6917	47	0	6	4248	0	4301
6918	43	1	4	4277	0	4325
6919	22	3	4096	144	0	4265
6920	3954	2	89	64	0	4109
6921	4098	3	24	47	0	4172
6922	133	3	3952	38	0	4126
6923	70	14	95	3757	0	3936
6924	32	3923	24	110	0	4089
6925	3874	88	19	63	0	4044
6926	103	3891	18	46	0	4058
6927	42	3817	19	31	0	3909
6928	47	106	10	3627	0	3790
6929	3624	24	15	107	0	3770
6930	3718	17	14	48	0	3797
6931	124	12	8	3666	0	3810
6932	60	16	9	3709	0	3794
6933	45	13	9	3711	0	3778
6934	40	25	6	3683	0	3754
6935	39	21	2	3634	0	3696
6936	24	3527	10	146	0	3707
6937	40	86	2	3610	0	3738
6938	3559	31	4	132	0	3726
6939	3626	18	5	70	0	3719
6940	3623	11	4	67	0	3705
6941	125	3494	11	67	0	3697
6942	66	87	8	3542	0	3703
6943	44	26	3513	136	0	3719
6944	3445	27	88	74	0	3634
6945	125	19	26	3524	0	3694
6946	3481	14	14	136	0	3645
6947	3375	16	9	67	0	3467
6948	3397	14	4	52	0	3467
6949	144	22	9	3256	0	3431
6950	3273	18	14	118	0	3423
6951	138	13	16	3255	0	3422
6952	76	9	15	3302	0	3402
6953	3250	9	10	145	0	3414
6954	139	15	7	3272	0	3433
6955	3243	19	9	138	0	3409
6956	3294	19	6	69	0	3388
6957	132	14	7	3233	0	3386
6958	94	8	4	3279	0	3385
6959	60	16	5	3314	0	3395
6960	59	10	3035	155	0	3259
6961	58	10	3072	87	0	3227
6962	60	2	91	3006	0	3159
6963	61	11	34	3054	0	3160
6964	53	13	13	3101	0	3180
6965	42	10	7	3096	0	3155
6966	39	8	13	3097	0	3157
6967	2934	8	18	173	0	3133
6968	122	2887	20	86	0	3115
6969	64	83	22	2975	0	3144
6970	2957	22	17	143	0	3139
6971	120	20	16	2951	0	3107
6972	54	7	16	2979	0	3056
6973	2841	10	16	164	0	3031
6974	2868	14	13	96	0	2991
6975	138	15	2751	69	0	2973
6976	70	21	78	2807	0	2976
6977	68	9	2763	143	0	2983
6978	67	17	85	2820	0	2989
6979	53	6	25	2848	0	2932
6980	54	11	19	2879	0	2963
6981	62	3	2696	170	0	2931
6982	38	2603	84	105	0	2830
6983	40	2749	40	81	0	2910
6984	43	90	30	2722	0	2885
6985	2620	29	30	136	0	2815
6986	111	16	2570	104	0	2801
6987	59	11	2674	82	0	2826
6988	44	6	111	2686	0	2847
6989	35	11	57	2653	0	2756
6990	25	2656	29	145	0	2855
6991	37	113	31	2690	0	2871
6992	34	32	19	2853	0	2938
6993	39	27	28	2865	0	2959
6994	2726	17	24	175	0	2942
6995	2794	11	28	87	0	2920
6996	132	16	13	2805	0	2966
6997	67	2709	16	131	0	2923
6998	55	85	14	2753	0	2907
6999	2642	31	15	164	0	2852
7000	99	2667	16	101	0	2883
7001	51	74	15	2532	0	2672
7002	49	2491	7	133	0	2680
7003	2524	78	9	78	0	2689
7004	2398	33	20	80	0	2531
7005	108	2424	20	50	0	2602
7006	59	2415	13	58	0	2545
7007	57	79	2206	47	0	2389
7008	27	2059	54	52	0	2192
7009	46	86	36	1694	0	1862
7010	19	23	1625	69	0	1736
7011	9	1146	18	17	0	1190
7012	13	21	7	947	0	988
7013	7	6	3	962	0	978
7014	4	6	1	967	0	978
7015	933	2	0	24	0	959
7016	13	1	928	10	0	952
7017	6	1	937	8	0	952
7018	8	3	17	931	0	959
7019	0	4	963	17	0	984
7020	3	3	15	963	0	984
7021	5	0	5	961	0	971
7022	8	10	4	976	0	998
7023	8	3	2	994	0	1007
7024	972	1	4	22	0	999
7025	972	4	3	10	0	989
7026	15	3	1	986	0	1005
7027	7	1	1047	16	0	1071
7028	7	2	14	1039	0	1062
7029	2	997	2	22	0	1023
7030	2	10	4	1015	0	1031
7031	988	4	2	21	0	1015
7032	1016	5	1	10	0	1032
7033	21	1	3	1031	0	1056
7034	9	1	3	1036	0	1049
7035	8	2	3	1053	0	1066
7036	1024	2	2	24	0	1052
7037	11	2	1034	12	0	1059
7038	5	1	1032	9	0	1047
7039	7	990	14	6	0	1017
7040	1016	10	5	6	0	1037
7041	12	5	4	1051	0	1072
7042	5	2	1073	15	0	1095
7043	5	1046	11	7	0	1069
7044	4	1081	4	6	0	1095
7045	3	13	3	1083	0	1102
7046	3	7	2	1128	0	1140
7047	3	1124	3	14	0	1144
7048	3	11	0	1163	0	1177
7049	3	4	2	1164	0	1173
7050	1159	6	1	17	0	1183
7051	12	1153	1	9	0	1175
7052	5	12	1	1160	0	1178
7053	4	4	1150	13	0	1171
7054	4	4	11	1141	0	1160
7055	1148	2	3	17	0	1170
7056	11	1166	2	6	0	1185
7057	5	14	0	1183	0	1202
7058	3	6	1176	12	0	1197
7059	1	5	1272	5	0	1283
7060	3	6	24	1279	0	1312
7061	0	2	7	1343	0	1352
7062	1336	2	3	26	0	1367
7063	16	1407	8	8	0	1439
7064	1459	22	0	7	0	1488
7065	22	7	1493	4	0	1526
7066	1499	5	23	7	0	1534
7067	24	2	1578	2	0	1606
7068	1562	3	24	5	0	1594
7069	1601	0	7	6	0	1614
7070	26	3	1696	2	0	1727
7071	9	3	1699	5	0	1716
7072	5	1665	27	3	0	1700
7073	5	21	9	1719	0	1754
7074	1753	4	5	29	0	1791
7075	23	2	4	1799	0	1828
7076	14	1	2	1827	0	1844
7077	8	2	4	1836	0	1850
7078	7	0	1816	32	0	1855
7079	1746	1	27	14	0	1788
7080	1853	3	6	11	0	1873
7081	28	1878	5	9	0	1920
7082	14	23	4	1863	0	1904
7083	11	1915	2	35	0	1963
7084	14	26	5	1960	0	2005
7085	1962	4	3	31	0	2000
7086	25	1952	1	9	0	1987
7087	7	24	3	1906	0	1940
7088	1882	4	4	30	0	1920
7089	1915	6	2	9	0	1932
7090	29	4	3	1864	0	1900
7091	11	1	1862	28	0	1902
7092	12	8	24	1770	0	1814
7093	5	1837	3	25	0	1870
7094	1824	23	3	9	0	1859
7095	22	1821	3	6	0	1852
7096	10	27	2	1791	0	1830
7097	1809	6	1	27	0	1843
7098	29	4	2	1868	0	1903
7099	11	3	1	1881	0	1896
7100	4	1	1891	30	0	1926
7101	3	1890	23	7	0	1923
7102	1863	24	7	10	0	1904
7103	1707	6	5	11	0	1729
7104	21	1810	3	2	0	1836
7105	7	1834	1	1	0	1843
7106	8	23	2	1791	0	1824
7107	1790	3	0	25	0	1818
7108	22	1779	3	1	0	1805
7109	3	21	0	1788	0	1812
7110	3	4	1775	24	0	1806
7111	7	2	20	1771	0	1800
7112	1769	2	2	27	0	1800
7113	20	1802	3	6	0	1831
7114	7	20	4	1848	0	1879
7115	2	2	1847	26	0	1877
7116	3	2	1861	3	0	1869
7117	7	5	21	1851	0	1884
7118	5	6	3	1873	0	1887
7119	4	1851	6	20	0	1881
7120	10	20	3	1851	0	1884
7121	1853	4	2	25	0	1884
7122	29	6	1	1857	0	1893
7123	1863	3	3	29	0	1898
7124	23	1860	5	8	0	1896
7125	10	1900	4	5	0	1919
7126	9	23	4	1940	0	1976
7127	9	4	4	1896	0	1913
7128	6	7	1876	29	0	1918
7129	11	4	29	1838	0	1882
7130	1861	4	4	33	0	1902
7131	31	3	1858	11	0	1903
7132	9	1	32	1908	0	1950
7133	9	10	1973	30	0	2022
7134	9	2	30	1974	0	2015
7135	9	5	8	1975	0	1997
7136	11	3	5	2015	0	2034
7137	6	4	1985	40	0	2035
7138	7	5	27	1949	0	1988
7139	5	1987	4	41	0	2037
7140	5	30	6	2017	0	2058
7141	11	4	8	2014	0	2037
7142	1970	7	2	38	0	2017
7143	35	8	1964	13	0	2020
7144	10	7	26	1963	0	2006
7145	6	5	1953	37	0	2001
7146	12	7	1899	10	0	1928
7147	10	8	32	1920	0	1970
7148	12	4	8	1908	0	1932
7149	9	6	5	1991	0	2011
7150	1944	6	5	46	0	2001
7151	39	3	1922	19	0	1983
7152	2002	6	29	18	0	2055
7153	36	3	3	2089	0	2131
7154	10	6	7	2120	0	2143
7155	10	2197	4	43	0	2254
7156	13	37	5	2227	0	2282
7157	7	4	3	2234	0	2248
7158	8	10	6	2235	0	2259
7159	2023	3	3	44	0	2073
7160	28	4	1954	16	0	2002
7161	1887	1	33	14	0	1935
7162	30	1976	2	12	0	2020
7163	1836	23	5	6	0	1870
7164	23	1811	3	3	0	1840
7165	4	1788	3	7	0	1802
7166	20	30	7	1715	0	1772
7167	1741	7	1	26	0	1775
7168	24	5	1	1752	0	1782
7169	1	1727	3	29	0	1760
7170	4	1841	3	4	0	1852
7171	1	24	1	1863	0	1889
7172	4	7	0	1885	0	1896
7173	1	1883	6	27	0	1917
7174	3	27	2	1950	0	1982
7175	3	5	2	1967	0	1977
7176	4	2	2	1992	0	2000
7177	2005	1	1	43	0	2050
7178	28	6	1997	7	0	2038
7179	2053	1	25	14	0	2093
7180	2149	1	3	14	0	2167
7181	2122	0	3	12	0	2137
7182	32	2076	2	6	0	2116
7183	11	25	1	2041	0	2078
7184	2082	5	0	28	0	2115
7185	27	2	2	2141	0	2172
7186	2134	2	3	33	0	2172
7187	28	2359	2	10	0	2399
7188	2458	22	1	11	0	2492
7189	2515	5	0	10	0	2530
7190	2551	4	1	8	0	2564
7191	34	1	1	2577	0	2613
7192	13	3	2	2667	0	2685
7193	2688	2	2	39	0	2731
7194	26	2667	2	10	0	2705
7195	6	2686	0	4	0	2696
7196	2792	20	0	13	0	2825
7197	25	8	0	2825	0	2858
7198	8	5	0	2877	0	2890
7199	6	2	0	2971	0	2979
7200	3	2937	1	32	0	2973
7201	2982	25	0	17	0	3024
7202	29	7	0	3009	0	3045
7203	5	3103	2	28	0	3138
7204	10	31	0	3227	0	3268
7205	7	7	0	3307	0	3321
7206	9	5	1	3296	0	3311
7207	2	4	0	3332	0	3338
7208	3319	2	0	41	0	3362
7209	3332	0	1	18	0	3351
7210	3399	2	0	18	0	3419
7211	40	2	3	3415	0	3460
7212	12	5	3397	33	0	3447
7213	13	2	3173	10	0	3198
7214	7	4	3368	6	0	3385
7215	3574	0	35	17	0	3626
7216	28	0	9	3622	0	3659
7217	11	2	7	3607	0	3627
7218	11	1	2	3645	0	3659
7219	3612	3	4	43	0	3662
7220	3620	2	1	16	0	3639
7221	33	3951	0	13	0	3997
7222	18	24	0	3996	0	4038
7223	6	9	3980	33	0	4028
7224	7	4061	19	14	0	4101
7225	16	23	5	4126	0	4170
7226	5	10	4	4155	0	4174
7227	3	7	3	4106	0	4119
7228	5	3	3	4036	0	4047
7229	5	3	4086	39	0	4133
7230	7	7	3909	22	0	3945
7231	3	4149	22	16	0	4190
7232	7	19	5	4175	0	4206
7233	10	6	4	4125	0	4145
7234	4062	4	3	47	0	4116
7235	25	4	4138	12	0	4179
7236	8	6	21	4131	0	4166
7237	8	9	10	4304	0	4331
7238	4	6	4453	33	0	4496
7239	7	4462	22	14	0	4505
7240	4477	22	8	20	0	4527
7241	29	8	4484	9	0	4530
7242	4385	3	19	17	0	4424
7243	28	2	4793	6	0	4829
7244	18	7	25	4840	0	4890
7245	12	5	4904	20	0	4941
7246	6	4	5077	13	0	5100
7247	12	0	25	5156	0	5193
7248	51	16	34	4298	0	4399
7249	8	4	5	5393	0	5410
7250	11	3	6	5326	0	5346
7251	12	8	2	5293	0	5315
7252	5	10	5460	35	0	5510
7253	8	5	5176	19	0	5208
7254	5	5533	32	11	0	5581
7255	5543	28	14	15	0	5600
7256	40	18	7	5585	0	5650
7257	5634	5	7	45	0	5691
7258	37	2	2	5627	0	5668
7259	5919	1	4	60	0	5984
7260	40	0	3	5987	0	6030
7261	14	2	2	6064	0	6082
7262	6	6224	7	49	0	6286
7263	8	39	3	6409	0	6459
7264	15	5	2	6414	0	6436
7265	4	5	4	6416	0	6429
7266	12	1	5	6414	0	6432
7267	2	6308	9	44	0	6363
7268	6310	27	2	41	0	6380
7269	28	6294	8	11	0	6341
7270	7	27	3	6236	0	6273
7271	6146	6	2	49	0	6203
7272	29	14	6034	12	0	6089
7273	13	6	6071	15	0	6105
7274	26	13	32	5940	0	6011
7275	8	2	10	6151	0	6171
7276	11	4	8	6170	0	6193
7277	23	5	6	5783	0	5817
7278	13	2	3	6018	0	6036
7279	6	5949	4	48	0	6007
7280	6	23	1	6022	0	6052
7281	5993	4	2	49	0	6048
7282	33	1	5	6032	0	6071
7283	6	7	6094	36	0	6143
7284	12	3	30	5985	0	6030
7285	5985	2	7	60	0	6054
7286	31	6257	12	14	0	6314
7287	14	32	2	6477	0	6525
7288	16	6	2	6768	0	6792
7289	9	5	6677	61	0	6752
7290	10	9	8066	26	0	8111
7291	9512	4	143	38	0	9697
7292	246	4	39	9673	0	9962
7293	111	8	31	10021	0	10171
7294	66	6	10375	324	0	10771
7295	49	17	10515	151	0	10732
7296	19	10525	350	116	0	11010
7297	52	253	157	10493	0	10955
7298	7	100	10548	281	0	10936
7299	5	10521	325	121	0	10972
7300	10457	295	141	93	0	10986
7301	10851	118	90	72	0	11131
7302	388	85	58	10491	0	11022
7303	167	10584	32	293	0	11076
7304	10574	282	52	147	0	11055
7305	378	133	39	10140	0	10690
7306	158	105	10397	282	0	10942
7307	107	10459	282	151	0	10999
7308	10430	296	119	124	0	10969
7309	10733	130	86	109	0	11058
7310	412	89	74	10504	0	11079
7311	229	67	44	10717	0	11057
7312	134	45	10411	398	0	10988
7313	132	56	290	10475	0	10953
7314	134	48	131	10107	0	10420
7315	107	31	88	10623	0	10849
7316	85	23	84	10650	0	10842
7317	86	35	53	10395	0	10569
7318	53	10238	56	515	0	10862
7319	10197	273	39	316	0	10825
7320	308	127	10195	219	0	10849
7321	138	9970	299	177	0	10584
7322	137	327	138	10127	0	10729
7323	10115	136	88	402	0	10741
7324	360	105	86	10093	0	10644
7325	207	81	54	10226	0	10568
7326	149	52	58	10381	0	10640
7327	122	44	50	10420	0	10636
7328	74	57	9842	591	0	10564
7329	70	9878	309	341	0	10598
7330	9917	293	126	286	0	10622
7331	329	134	9896	218	0	10577
7332	169	100	361	9978	0	10608
7333	9905	108	159	417	0	10589
7334	378	9880	138	210	0	10606
7335	10014	343	106	193	0	10656
7336	446	162	80	9398	0	10086
7337	231	110	81	10217	0	10639
7338	189	93	57	10155	0	10494
7339	157	67	41	10207	0	10472
7340	9678	79	42	619	0	10418
7341	382	54	40	9934	0	10410
7342	201	56	50	10142	0	10449
7343	9348	46	50	621	0	10065
7344	387	57	9232	339	0	10015
7345	218	53	312	9448	0	10031
7346	9034	56	142	502	0	9734
7347	9249	41	94	300	0	9684
7348	478	45	87	8961	0	9571
7349	270	43	65	9066	0	9444
7350	193	8472	74	529	0	9268
7351	157	303	50	8767	0	9277
7352	136	125	49	8798	0	9108
7353	99	98	8195	620	0	9012
7354	94	71	8145	376	0	8686
7355	66	8024	379	322	0	8791
7356	93	309	179	8094	0	8675
7357	92	146	144	8385	0	8767
7358	8038	103	113	529	0	8783
7359	355	84	107	7974	0	8520
7360	189	90	7689	511	0	8479
7361	168	71	301	7928	0	8468
7362	148	55	7414	526	0	8143
7363	106	38	7615	359	0	8118
7364	108	56	437	7474	0	8075
7365	89	63	223	7830	0	8205
7366	7473	61	161	556	0	8251
7367	7721	42	120	355	0	8238
7368	439	60	122	7684	0	8305
7369	7755	53	76	489	0	8373
7370	7972	33	80	299	0	8384
7371	520	49	55	7813	0	8437
7372	294	53	52	8036	0	8435
7373	7765	55	50	540	0	8410
7374	7777	38	72	344	0	8231
7375	466	24	64	7700	0	8254
7376	267	7363	58	518	0	8206
7377	232	281	54	7715	0	8282
7378	175	119	51	7976	0	8321
7379	147	76	7445	599	0	8267
7380	131	67	281	7847	0	8326
7381	7331	37	150	583	0	8101
7382	317	7428	111	359	0	8215
7383	7531	277	94	285	0	8187
7384	7639	119	62	238	0	8058
7385	7781	73	53	218	0	8125
7386	559	122	52	7191	0	7924
7387	375	54	6526	394	0	7349
7388	292	58	6372	245	0	6967
7389	182	6191	355	216	0	6944
7390	95	4688	129	145	0	5057
7391	55	3057	37	46	0	3195
7392	46	2977	57	49	0	3129
7393	87	74	2768	47	0	2976
7394	2162	61	121	31	0	2375
7395	33	12	8	2126	0	2179
7396	10	3	5	2108	0	2126
7397	9	7	8	2086	0	2110
7398	13	2082	2	26	0	2123
7399	2052	21	3	22	0	2098
7400	24	9	2066	11	0	2110
7401	7	1904	17	14	0	1942
7402	8	20	7	1941	0	1976
7403	1945	4	2	28	0	1979
7404	24	2	3	1940	0	1969
7405	6	3	1909	24	0	1942
7406	1	4	1913	8	0	1926
7407	10	1	27	1951	0	1989
7408	5	1	5	1952	0	1963
7409	1945	1	3	33	0	1982
7410	23	3	1938	8	0	1972
7411	1915	1	18	11	0	1945
7412	1933	2	6	13	0	1954
7413	27	2	2	1934	0	1965
7414	7	3	1968	21	0	1999
7415	8	3	19	1970	0	2000
7416	1992	0	5	25	0	2022
7417	23	2016	0	10	0	2049
7418	2040	17	4	8	0	2069
7419	22	6	1	2071	0	2100
7420	7	2141	2	24	0	2174
7421	7	24	1	2166	0	2198
7422	7	5	3	2206	0	2221
7423	1	2235	2	38	0	2276
7424	6	29	3	2280	0	2318
7425	9	4	0	2337	0	2350
7426	8	3	1	2418	0	2430
7427	5	2	2437	36	0	2480
7428	3	2454	35	13	0	2505
7429	2476	31	6	17	0	2530
7430	39	5	2	2560	0	2606
7431	9	2732	4	39	0	2784
7432	2865	39	7	22	0	2933
7433	52	11	2	2921	0	2986
7434	18	5	2	2942	0	2967
7435	11	3	3	2889	0	2906
7436	13	7	1	2848	0	2869
7437	2812	2	2	68	0	2884
7438	47	2	2	2857	0	2908
7439	17	5	1	2891	0	2914
7440	2846	2	3	68	0	2919
7441	49	4	2	2880	0	2935
7442	18	6	2838	60	0	2922
7443	16	1	42	2860	0	2919
7444	2760	3	9	74	0	2846
7445	58	4	5	2770	0	2837
7446	16	1	2794	68	0	2879
7447	10	4	2774	25	0	2813
7448	2787	4	53	28	0	2872
7449	2880	2	23	20	0	2925
7450	2917	4	10	24	0	2955
7451	2937	1	7	13	0	2958
7452	68	4	2907	14	0	2993
7453	36	2	49	2892	0	2979
7454	25	0	15	2954	0	2994
7455	2913	1	12	70	0	2996
7456	63	0	6	2942	0	3011
7457	25	3	2944	61	0	3033
7458	23	1	46	2948	0	3018
7459	13	2	2965	60	0	3040
7460	12	2974	54	24	0	3064
7461	3025	42	17	29	0	3113
7462	67	11	11	3021	0	3110
7463	23	10	2964	52	0	3049
7464	22	2	55	2967	0	3046
7465	13	5	17	3083	0	3118
7466	12	2	3080	70	0	3164
7467	18	3	54	3101	0	3176
7468	3096	6	20	72	0	3194
7469	59	1	2878	41	0	2979
7470	2841	3	47	36	0	2927
7471	57	2853	25	23	0	2958
7472	24	40	2857	17	0	2938
7473	23	23	2874	16	0	2936
7474	39	51	64	2490	0	2644
7475	26	6	25	2689	0	2746
7476	7	7	2697	64	0	2775
7477	17	3	54	2670	0	2744
7478	2691	7	19	78	0	2795
7479	2695	2	23	37	0	2757
7480	57	1	12	2664	0	2734
7481	35	2	12	2664	0	2713
7482	21	2652	8	69	0	2750
7483	2722	39	15	45	0	2821
7484	56	15	14	2713	0	2798
7485	23	2778	9	57	0	2867
7486	2789	42	9	37	0	2877
7487	2846	17	15	32	0	2910
7488	66	2894	10	30	0	3000
7489	37	49	11	2889	0	2986
7490	39	17	5	2907	0	2968
7491	24	14	2821	81	0	2940
7492	22	12	52	2786	0	2872
7493	2768	12	18	79	0	2877
7494	67	5	18	2741	0	2831
7495	33	8	2723	87	0	2851
7496	2695	8	57	36	0	2796
7497	67	9	23	2725	0	2824
7498	41	5	2699	65	0	2810
7499	23	8	57	2709	0	2797
7500	22	8	2703	81	0	2814
7501	32	6	59	2714	0	2811
7502	17	5	24	2766	0	2812
7503	2693	1	31	91	0	2816
7504	58	2701	18	58	0	2835
7505	2744	51	12	41	0	2848
7506	2737	15	14	38	0	2804
7507	2751	19	14	41	0	2825
7508	89	2713	19	19	0	2840
7509	44	50	2723	26	0	2843
7510	47	19	58	2729	0	2853
7511	2739	16	27	76	0	2858
7512	2775	11	24	45	0	2855
7513	84	10	22	2718	0	2834
7514	2712	3	20	83	0	2818
7515	79	9	2667	41	0	2796
7516	2670	9	51	32	0	2762
7517	80	5	2638	26	0	2749
7518	40	2576	62	23	0	2701
7519	2570	47	24	30	0	2671
7520	2468	19	29	21	0	2537
7521	71	2457	14	25	0	2567
7522	2419	49	15	26	0	2509
7523	2394	23	12	19	0	2448
7524	75	16	2305	23	0	2419
7525	2246	12	41	18	0	2317
7526	62	11	2168	17	0	2258
7527	32	26	47	2017	0	2122
7528	32	2066	27	37	0	2162
7529	21	31	2053	18	0	2123
7530	1843	65	58	35	0	2001
7531	1762	18	24	12	0	1816
7532	41	6	13	1654	0	1714
7533	26	8	1620	27	0	1681
7534	20	11	29	1620	0	1680
7535	1630	4	18	35	0	1687
7536	33	1637	9	24	0	1703
7537	1605	22	8	18	0	1653
7538	1611	7	11	13	0	1642
7539	37	1588	4	11	0	1640
7540	24	27	6	1599	0	1656
7541	1598	10	6	34	0	1648
7542	41	10	5	1602	0	1658
7543	20	6	4	1684	0	1714
7544	17	4	1695	38	0	1754
7545	19	7	26	1685	0	1737
7546	11	3	14	1690	0	1718
7547	1668	1	8	44	0	1721
7548	1664	4	6	26	0	1700
7549	47	0	8	1666	0	1721
7550	18	5	1625	34	0	1682
7551	14	2	1617	16	0	1649
7552	18	0	38	1578	0	1634
7553	15	6	1658	31	0	1710
7554	14	5	33	1634	0	1686
7555	8	4	17	1651	0	1680
7556	1644	4	8	44	0	1700
7557	32	0	1620	20	0	1672
7558	1613	3	31	16	0	1663
7559	1616	2	9	15	0	1642
7560	43	1	1548	11	0	1603
7561	20	4	1573	4	0	1601
7562	21	32	39	1487	0	1579
7563	14	1459	17	22	0	1512
7564	8	1494	11	12	0	1525
7565	25	24	7	1350	0	1406
7566	5	7	6	1332	0	1350
7567	4	3	3	1352	0	1362
7568	6	3	4	1349	0	1362
7569	1324	2	2	29	0	1357
7570	26	1	4	1329	0	1360
7571	9	1	1312	27	0	1349
7572	9	1	20	1293	0	1323
7573	7	1273	5	24	0	1309
7574	4	17	7	1283	0	1311
7575	1280	5	2	28	0	1315
7576	28	4	2	1300	0	1334
7577	3	1	1308	23	0	1335
7578	5	1286	17	5	0	1313
7579	3	19	2	1301	0	1325
7580	1286	2	4	25	0	1317
7581	1292	2	3	6	0	1303
7582	24	0	1	1324	0	1349
7583	9	1	1241	22	0	1273
7584	3	2	1227	5	0	1237
7585	1228	0	23	6	0	1257
7586	24	2	1270	1	0	1297
7587	4	1	1231	6	0	1242
7588	6	3	21	1161	0	1191
7589	1243	0	9	21	0	1273
7590	1241	0	4	9	0	1254
7591	1240	1	3	6	0	1250
7592	19	0	1300	3	0	1322
7593	6	0	1298	5	0	1309
7594	7	1361	18	3	0	1389
7595	5	17	7	1329	0	1358
7596	2	2	4	1360	0	1368
7597	6	2	2	1322	0	1332
7598	5	0	3	1360	0	1368
7599	2	1	1355	20	0	1378
7600	2	1372	16	7	0	1397
7601	1413	15	2	7	0	1437
7602	1605	3	5	7	0	1620
7603	1618	2	1	7	0	1628
7604	33	1635	3	5	0	1676
7605	8	23	4	1637	0	1672
7606	1700	3	3	35	0	1741
7607	29	1784	4	7	0	1824
7608	1751	28	2	12	0	1793
7609	30	1762	3	6	0	1801
7610	1767	27	0	9	0	1803
7611	1795	7	3	8	0	1813
7612	39	1	5	1792	0	1837
7613	15	5	1	1884	0	1905
7614	10	3	1864	36	0	1913
7615	7	2	1841	6	0	1856
7616	1862	3	35	7	0	1907
7617	1908	3	7	9	0	1927
7618	42	5	7	1854	0	1908
7619	14	1	5	1891	0	1911
7620	10	6	1836	44	0	1896
7621	13	3	34	1781	0	1831
7622	8	9	1802	39	0	1858
7623	15	5	34	1796	0	1850
7624	14	3	9	1853	0	1879
7625	1827	2	7	51	0	1887
7626	1829	2	4	18	0	1853
7627	47	5	3	1808	0	1863
7628	21	1	8	1821	0	1851
7629	13	5	1782	45	0	1845
7630	19	1	35	1788	0	1843
7631	10	4	1808	46	0	1868
7632	1797	3	36	19	0	1855
7633	44	1	14	1829	0	1888
7634	1801	0	6	50	0	1857
7635	40	1803	14	13	0	1870
7636	1809	36	6	16	0	1867
7637	42	6	9	1806	0	1863
7638	22	6	4	1812	0	1844
7639	15	1801	2	48	0	1866
7640	16	33	5	1847	0	1901
7641	8	10	1832	50	0	1900
7642	13	6	40	1827	0	1886
7643	8	3	1761	46	0	1818
7644	11	1714	38	18	0	1781
7645	14	32	16	1722	0	1784
7646	6	10	1711	47	0	1774
7647	12	2	1689	20	0	1723
7648	11	5	36	1668	0	1720
7649	1661	4	19	42	0	1726
7650	37	5	1645	14	0	1701
7651	16	2	35	1638	0	1691
7652	1651	4	13	46	0	1714
7653	36	1621	6	22	0	1685
7654	1703	34	12	10	0	1759
7655	38	8	4	1714	0	1764
7656	19	2	10	1722	0	1753
7657	7	6	7	1749	0	1769
7658	1710	5	5	51	0	1771
7659	37	6	10	1726	0	1779
7660	18	2	7	1762	0	1789
7661	1650	4	13	56	0	1723
7662	39	3	1646	21	0	1709
7663	15	3	40	1670	0	1728
7664	11	3	1661	49	0	1724
7665	1651	3	41	21	0	1716
7666	45	5	10	1678	0	1738
7667	21	10	1689	43	0	1763
7668	1665	5	38	23	0	1731
7669	1707	4	12	23	0	1746
7670	45	3	1712	23	0	1783
7671	18	6	38	1739	0	1801
7672	14	4	12	1776	0	1806
7673	13	6	1778	51	0	1848
7674	12	1770	41	24	0	1847
7675	13	35	1800	19	0	1867
7676	1742	9	39	18	0	1808
7677	41	3	1808	17	0	1869
7678	1743	6	42	21	0	1812
7679	46	2	1785	18	0	1851
7680	1749	4	44	22	0	1819
7681	42	1804	20	19	0	1885
7682	24	33	12	1782	0	1851
7683	20	8	13	1829	0	1870
7684	17	4	1815	48	0	1884
7685	11	8	43	1760	0	1822
7686	9	1766	17	50	0	1842
7687	1725	34	8	30	0	1797
7688	38	1724	18	16	0	1796
7689	19	35	6	1745	0	1805
7690	1755	7	12	52	0	1826
7691	45	1774	9	20	0	1848
7692	1725	35	11	18	0	1789
7693	44	7	1737	16	0	1804
7694	20	7	41	1724	0	1792
7695	16	6	15	1755	0	1792
7696	15	7	6	1779	0	1807
7697	1740	3	12	54	0	1809
7698	1773	4	10	25	0	1812
7699	1796	6	11	13	0	1826
7700	1749	3	9	19	0	1780
7701	47	8	1672	11	0	1738
7702	1411	1	26	12	0	1450
7703	31	1440	7	8	0	1486
7704	9	1422	6	8	0	1445
7705	1424	27	26	4	0	1481
7706	1403	7	18	12	0	1440
7707	26	4	4	1308	0	1342
7708	1315	1	6	22	0	1344
7709	1311	1	2	6	0	1320
7710	1401	2	4	9	0	1416
7711	33	2	2	1379	0	1416
7712	9	1359	2	26	0	1396
7713	7	1390	1	7	0	1405
7714	10	24	2	1363	0	1399
7715	1339	6	6	28	0	1379
7716	21	1345	2	15	0	1383
7717	10	18	4	1346	0	1378
7718	6	8	1379	20	0	1413
7719	1307	7	17	8	0	1339
7720	24	1368	3	6	0	1401
7721	8	1389	4	4	0	1405
7722	1380	21	1	7	0	1409
7723	23	6	1416	4	0	1449
7724	13	4	18	1361	0	1396
7725	7	1416	7	19	0	1449
7726	6	16	2	1447	0	1471
7727	5	5	0	1446	0	1456
7728	7	1355	5	20	0	1387
7729	9	16	2	1458	0	1485
7730	13	4	2	1463	0	1482
7731	1434	5	1	26	0	1466
7732	21	1429	3	6	0	1459
7733	1444	16	1	8	0	1469
7734	24	4	2	1423	0	1453
7735	7	1467	2	22	0	1498
7736	9	20	1482	7	0	1518
7737	11	13	17	1457	0	1498
7738	8	3	6	1517	0	1534
7739	6	3	1541	23	0	1573
7740	1466	9	20	9	0	1504
7741	23	3	9	1733	0	1768
7742	1745	3	6	35	0	1789
7743	33	4	1710	11	0	1758
7744	11	6	25	1734	0	1776
7745	3	6	1847	33	0	1889
7746	9	1	29	1849	0	1888
7747	7	3	9	1917	0	1936
7748	1874	2	2	41	0	1919
7749	24	1897	2	16	0	1939
7750	1903	26	5	14	0	1948
7751	30	11	1926	5	0	1972
7752	19	5	28	1936	0	1988
7753	9	4	2010	32	0	2055
7754	1815	9	33	12	0	1869
7755	1961	2	11	10	0	1984
7756	36	4	1954	6	0	2000
7757	1931	1	30	13	0	1975
7758	1983	2	11	9	0	2005
7759	42	3	5	1968	0	2018
7760	17	2	1942	32	0	1993
7761	8	2	2031	11	0	2052
7762	7	2	35	2056	0	2100
7763	13	2	13	2058	0	2086
7764	8	2021	11	33	0	2073
7765	4	2055	7	28	0	2094
7766	2064	35	6	15	0	2120
7767	35	10	8	2075	0	2128
7768	16	2044	2	36	0	2098
7769	12	2111	5	14	0	2142
7770	2047	36	3	13	0	2099
7771	36	14	4	2062	0	2116
7772	15	2058	7	32	0	2112
7773	15	31	9	2046	0	2101
7774	10	11	3	2044	0	2068
7775	9	8	7	2034	0	2058
7776	2011	4	3	48	0	2066
7777	35	2033	7	16	0	2091
7778	20	28	2	2039	0	2089
7779	15	10	6	2042	0	2073
7780	10	7	9	2050	0	2076
7781	8	7	1967	45	0	2027
7782	1916	5	29	19	0	1969
7783	35	6	9	1989	0	2039
7784	1949	8	12	44	0	2013
7785	1966	5	7	17	0	1995
7786	1963	3	2	20	0	1988
7787	42	7	1977	15	0	2041
7788	21	1979	30	15	0	2045
7789	12	27	12	1959	0	2010
7790	7	10	1962	35	0	2014
7791	14	13	1926	12	0	1965
7792	9	9	35	1898	0	1951
7793	4	1891	15	39	0	1949
7794	1928	27	14	24	0	1993
7795	1995	9	4	31	0	2039
7796	2036	11	3	18	0	2068
7797	2029	7	2	14	0	2052
7798	44	12	1994	9	0	2059
7799	1978	5	28	15	0	2026
7800	34	2052	15	10	0	2111
7801	18	30	8	2094	0	2150
7802	18	10	10	2117	0	2155
7803	2133	7	6	42	0	2188
7804	40	3	2	2134	0	2179
7805	15	3	2102	37	0	2157
7806	2050	3	28	16	0	2097
7807	2104	4	10	24	0	2142
7808	2115	2	12	21	0	2150
7809	42	4	2089	10	0	2145
7810	1978	4	30	15	0	2027
7811	29	2029	13	12	0	2083
7812	2023	27	11	16	0	2077
7813	32	9	7	1988	0	2036
7814	13	10	4	2016	0	2043
7815	11	2000	8	31	0	2050
7816	12	20	2	2014	0	2048
7817	7	2010	2	28	0	2047
7818	11	28	11	1961	0	2011
7819	11	1961	9	26	0	2007
7820	11	26	2	1971	0	2010
7821	6	1995	7	27	0	2035
7822	9	28	4	2081	0	2122
7823	8	2096	4	36	0	2144
7824	2243	33	3	25	0	2304
7825	49	9	2	2241	0	2301
7826	16	7	3	2279	0	2305
7827	9	6	2	2374	0	2391
7828	12	4	1	2385	0	2402
7829	8	3	2444	66	0	2521
7830	14	1	50	2454	0	2519
7831	19	4	10	2521	0	2554
7832	2462	5	5	70	0	2542
7833	2467	6	6	23	0	2502
7834	66	2496	1	20	0	2583
7835	22	49	3	2496	0	2570
7836	15	19	6	2641	0	2681
7837	2746	10	3	77	0	2836
7838	70	6	2654	25	0	2755
7839	2620	3	56	18	0	2697
7840	61	2687	15	8	0	2771
7841	2467	46	7	7	0	2527
7842	2473	10	2	7	0	2492
7843	54	2434	1	3	0	2492
7844	16	2519	0	3	0	2538
7845	28	59	0	2367	0	2454
7846	3	14	2368	46	0	2431
7847	2323	3	43	24	0	2393
7848	46	2	2373	6	0	2427
7849	2304	2	47	11	0	2364
7850	49	4	2371	3	0	2427
7851	14	2352	46	5	0	2417
7852	10	39	10	2345	0	2404
7853	2274	12	5	53	0	2344
7854	2320	8	1	20	0	2349
7855	60	2	3	2296	0	2361
7856	2371	2	2	50	0	2425
7857	2390	6	3	17	0	2416
7858	60	2339	3	7	0	2409
7859	2371	45	5	13	0	2434
7860	52	2373	5	8	0	2438
7861	17	54	2	2385	0	2458
7862	2350	8	8	60	0	2426
7863	2403	4	6	16	0	2429
7864	2403	6	6	14	0	2429
7865	65	8	2374	7	0	2454
7866	21	2	2403	7	0	2433
7867	20	4	59	2394	0	2477
7868	15	6	13	2568	0	2602
7869	6	2674	5	63	0	2748
7870	2678	53	4	22	0	2757
7871	73	14	3	2687	0	2777
7872	33	8	2	2740	0	2783
7873	18	8	2725	66	0	2817
7874	12	2671	58	18	0	2759
7875	7	2761	14	13	0	2795
7876	20	70	9	2749	0	2848
7877	2715	16	4	63	0	2798
7878	77	9	3	2707	0	2796
7879	26	9	8	2763	0	2806
7880	2727	5	7	74	0	2813
7881	2781	4	5	32	0	2822
7882	80	7	3	2741	0	2831
7883	25	8	2729	63	0	2825
7884	27	9	62	2739	0	2837
7885	12	5	15	2808	0	2840
7886	2734	3	9	89	0	2835
7887	79	6	5	2710	0	2800
7888	2687	8	3	83	0	2781
7889	74	9	2687	23	0	2793
7890	33	7	71	2728	0	2839
7891	22	7	14	2794	0	2837
7892	18	3	8	2851	0	2880
7893	17	10	7	2824	0	2858
7894	23	4	4	2767	0	2798
7895	16	2	2651	91	0	2760
7896	2609	5	63	40	0	2717
7897	77	2	20	2644	0	2743
7898	29	4	2582	75	0	2690
7899	17	7	2607	26	0	2657
7900	13	2	76	2561	0	2652
7901	2534	5	22	81	0	2642
7902	2571	3	13	38	0	2625
7903	2582	4	7	26	0	2619
7904	94	6	8	2471	0	2579
7905	30	2484	14	77	0	2605
7906	2498	62	6	42	0	2608
7907	2536	21	10	25	0	2592
7908	2542	12	11	23	0	2588
7909	2525	6	7	24	0	2562
7910	102	7	7	2445	0	2561
7911	34	6	2423	88	0	2551
7912	26	5	70	2428	0	2529
7913	19	10	2420	76	0	2525
7914	2388	9	67	48	0	2512
7915	2467	3	23	27	0	2520
7916	99	2	2384	21	0	2506
7917	2386	1	68	32	0	2487
7918	2483	3	29	33	0	2548
7919	99	11	15	2422	0	2547
7920	39	2431	9	80	0	2559
7921	2436	64	7	42	0	2549
7922	87	25	13	2298	0	2423
7923	32	2228	14	76	0	2350
7924	30	45	7	2157	0	2239
7925	25	13	2117	70	0	2225
7926	25	2112	44	39	0	2220
7927	2040	53	24	23	0	2140
7928	2026	11	29	41	0	2107
7929	1922	6	12	32	0	1972
7930	1932	7	10	22	0	1971
7931	70	9	10	1851	0	1940
7932	32	1845	9	54	0	1940
7933	1776	38	11	39	0	1864
7934	54	11	1778	19	0	1862
7935	33	1739	42	16	0	1830
7936	20	30	1631	26	0	1707
7937	15	10	34	1445	0	1504
7938	17	1399	19	34	0	1469
7939	14	25	7	1479	0	1525
7940	18	8	1512	35	0	1573
7941	18	5	28	1491	0	1542
7942	15	6	13	1525	0	1559
7943	15	3	14	1546	0	1578
7944	1472	8	9	46	0	1535
7945	38	1461	13	20	0	1532
7946	25	19	10	1474	0	1528
7947	1432	5	8	38	0	1483
7948	35	1447	7	22	0	1511
7949	1445	26	7	19	0	1497
7950	40	11	1470	11	0	1532
7951	25	5	25	1450	0	1505
7952	20	1473	14	27	0	1534
7953	1501	24	3	19	0	1547
7954	40	11	1465	14	0	1530
7955	19	1415	34	11	0	1479
7956	23	21	11	1374	0	1429
7957	19	10	8	1389	0	1426
7958	1370	5	6	38	0	1419
7959	33	8	8	1346	0	1395
7960	19	4	1331	25	0	1379
7961	17	5	23	1266	0	1311
7962	18	9	1296	21	0	1344
7963	17	12	23	1235	0	1287
7964	16	1292	11	21	0	1340
7965	1272	21	9	13	0	1315
7966	1243	9	2	16	0	1270
7967	30	1147	7	4	0	1188
7968	16	1037	2	9	0	1064
7969	22	13	6	964	0	1005
7970	962	7	2	14	0	985
7971	17	8	0	944	0	969
7972	957	1	3	11	0	972
7973	13	923	1	6	0	943
7974	8	11	1	932	0	952
7975	2	6	961	12	0	981
7976	7	11	9	934	0	961
7977	8	5	6	953	0	972
7978	969	0	1	18	0	988
7979	9	1011	5	4	0	1029
7980	6	12	0	998	0	1016
7981	998	5	3	11	0	1017
7982	8	2	1003	5	0	1018
7983	992	1	9	5	0	1007
7984	12	2	5	1026	0	1045
7985	7	1072	3	8	0	1090
7986	1098	9	0	11	0	1118
7987	10	4	1166	3	0	1183
7988	6	3	1158	4	0	1171
7989	3	1168	15	0	0	1186
7990	1095	13	16	7	0	1131
7991	14	1	2	1122	0	1139
7992	5	2	1	1118	0	1126
7993	1138	1	0	13	0	1152
7994	10	2	1155	3	0	1170
7995	4	0	9	1166	0	1179
7996	1	2	1239	11	0	1253
7997	5	0	11	1224	0	1240
7998	2	1282	3	13	0	1300
7999	1	13	3	1297	0	1314
8000	2	4	1308	14	0	1328
8001	1312	1	16	6	0	1335
8002	15	0	4	1337	0	1356
8003	2	4	1340	16	0	1362
8004	10	1	13	1319	0	1343
8005	2	2	6	1324	0	1334
8006	2	3	1321	18	0	1344
8007	5	2	1352	3	0	1362
8008	6	2	19	1356	0	1383
8009	3	2	1376	20	0	1401
8010	1365	0	17	11	0	1393
8011	19	1	5	1396	0	1421
8012	1382	1	5	22	0	1410
8013	16	1	1372	6	0	1395
8014	8	0	22	1414	0	1444
8015	3	2	1532	21	0	1558
8016	3	1525	21	6	0	1555
8017	4	18	1568	6	0	1596
8018	2	6	1529	6	0	1543
8019	1493	6	20	9	0	1528
8020	1532	0	10	2	0	1544
8021	16	1	1578	5	0	1600
8022	10	2	20	1529	0	1561
8023	11	1	8	1599	0	1619
8024	2	1	1646	21	0	1670
8025	4	1600	22	9	0	1635
8026	1603	19	9	5	0	1636
8027	22	5	1646	2	0	1675
8028	11	1	26	1669	0	1707
8029	6	2	9	1718	0	1735
8030	1722	2	6	29	0	1759
8031	1739	2	7	11	0	1759
8032	1747	1	5	6	0	1759
8033	1755	1	5	8	0	1769
8034	28	1	5	1746	0	1780
8035	7	2	1839	23	0	1871
8036	13	1	21	1818	0	1853
8037	12	1	8	1860	0	1881
8038	10	2	5	1945	0	1962
8039	10	2	1910	35	0	1957
8040	1866	2	28	10	0	1906
8041	34	0	7	1929	0	1970
8042	8	0	1959	32	0	1999
8043	8	1989	28	13	0	2038
8044	12	27	7	1998	0	2044
8045	9	4	7	2032	0	2052
8046	1999	1	4	42	0	2046
8047	31	2036	4	15	0	2086
8048	6	30	2037	8	0	2081
8049	9	7	37	2002	0	2055
8050	9	2	7	2012	0	2030
8051	1990	3	4	47	0	2044
8052	1985	2	7	14	0	2008
8053	43	5	9	1987	0	2044
8054	1984	1	3	45	0	2033
8055	31	1975	10	15	0	2031
8056	14	36	2072	9	0	2131
8057	14	9	37	2069	0	2129
8058	11	3	7	2139	0	2160
8059	9	2	6	2142	0	2159
8060	10	3	5	2104	0	2122
8061	7	2087	6	42	0	2142
8062	2066	35	7	18	0	2126
8063	40	7	6	2087	0	2140
8064	12	2168	5	41	0	2226
8065	2169	39	1	20	0	2229
8066	2190	6	10	11	0	2217
8067	40	2217	4	14	0	2275
8068	14	37	2	2228	0	2281
8069	7	7	4	2254	0	2272
8070	8	7	7	2215	0	2237
8071	7	8	1	2259	0	2275
8072	2262	3	4	45	0	2314
8073	2297	4	5	23	0	2329
8074	41	2317	3	15	0	2376
8075	15	42	2294	17	0	2368
8076	16	8	38	2304	0	2366
8077	2325	5	8	49	0	2387
8078	48	2260	1	15	0	2324
8079	16	2320	6	6	0	2348
8080	2335	47	4	11	0	2397
8081	2393	7	4	17	0	2421
8082	49	6	3	2348	0	2406
8083	14	6	2416	44	0	2480
8084	9	7	2515	18	0	2549
8085	2552	13	46	14	0	2625
8086	2630	2	17	17	0	2666
8087	2587	3	6	10	0	2606
8088	2577	6	6	3	0	2592
8089	2569	4	3	13	0	2589
8090	53	2580	7	6	0	2646
8091	21	43	2	2556	0	2622
8092	9	2680	3	34	0	2726
8093	2730	31	12	14	0	2787
8094	2704	14	5	14	0	2737
8095	2698	4	1	10	0	2713
8096	2676	4	4	14	0	2698
8097	50	2629	4	5	0	2688
8098	2620	33	3	10	0	2666
8099	46	2642	7	4	0	2699
8100	24	30	4	2637	0	2695
8101	2614	11	6	35	0	2666
8102	43	2	2676	11	0	2732
8103	21	5	27	2661	0	2714
8104	9	3	8	2781	0	2801
8105	8	6	2803	35	0	2852
8106	8	2778	31	10	0	2827
8107	2771	31	7	11	0	2820
8108	2786	11	3	11	0	2811
8109	43	2763	4	4	0	2814
8110	24	36	2	2761	0	2823
8111	15	11	2889	31	0	2946
8112	12	2990	30	9	0	3041
8113	2973	34	7	22	0	3036
8114	40	8	2939	4	0	2991
8115	2699	6	27	16	0	2748
8116	2839	8	11	11	0	2869
8117	40	3	2985	6	0	3034
8118	15	2999	28	6	0	3048
8119	16	30	7	2984	0	3037
8120	13	9	3088	26	0	3136
8121	2919	6	27	21	0	2973
8122	3047	6	10	14	0	3077
8123	31	3065	4	8	0	3108
8124	10	27	5	3057	0	3099
8125	14	14	1	3115	0	3144
8126	10	4	3140	32	0	3186
8127	9	3215	22	14	0	3260
8128	3402	27	16	26	0	3471
8129	3446	8	5	20	0	3479
8130	3527	8	5	24	0	3564
8131	36	6	3525	4	0	3571
8132	3478	4	26	11	0	3519
8133	3586	6	8	9	0	3609
8134	41	5	2	3581	0	3629
8135	12	7	3513	23	0	3555
8136	12	4	20	3478	0	3514
8137	12	2	3567	25	0	3606
8138	13	17	17	3441	0	3488
8139	7	3518	11	22	0	3558
8140	4	3772	3	15	0	3794
8141	16	20	6	3856	0	3898
8142	9	6	3	3764	0	3782
8143	3846	7	4	34	0	3891
8144	25	11	3876	5	0	3917
8145	3746	3	16	16	0	3781
8146	25	3935	9	5	0	3974
8147	3978	17	6	11	0	4012
8148	3986	7	6	16	0	4015
8149	34	3	1	4008	0	4046
8150	10	8	4218	22	0	4258
8151	11	5	22	4192	0	4230
8152	10	4446	7	20	0	4483
8153	9	26	4	4486	0	4525
8154	12	7	5	4519	0	4543
8155	4498	2	1	45	0	4546
8156	24	7	4	4433	0	4468
8157	10	4402	4	26	0	4442
8158	11	21	2	4486	0	4520
8159	4494	7	3	35	0	4539
8160	31	4582	4	10	0	4627
8161	26	21	6	4714	0	4767
8162	20	9	6	4713	0	4748
8163	10	4	3	4908	0	4925
8164	13	8	1	4900	0	4922
8165	5002	2	4	67	0	5075
8166	38	4	5	5108	0	5155
8167	23	3	4	5187	0	5217
8168	22	8	3	5305	0	5338
8169	9	5388	6	66	0	5469
8170	5344	48	2	41	0	5435
8171	63	17	5379	16	0	5475
8172	17	5339	46	7	0	5409
8173	5266	49	15	20	0	5350
8174	54	15	5454	8	0	5531
8175	18	5509	48	11	0	5586
8176	29	65	16	5476	0	5586
8177	9	5594	13	41	0	5657
8178	10	54	5581	16	0	5661
8179	8	18	5592	24	0	5642
8180	3	5703	58	20	0	5784
8181	5692	53	28	32	0	5805
8182	5686	15	15	18	0	5734
8183	61	20	5540	7	0	5628
8184	30	10	5239	9	0	5288
8185	25	16	5474	5	0	5520
8186	15	5	74	5484	0	5578
8187	23	5	26	5466	0	5520
8188	15	6	12	5658	0	5691
8189	8	9	5806	89	0	5912
8190	22	6	62	5617	0	5707
8191	19	12	15	5789	0	5835
8192	9	11	5736	77	0	5833
8193	5588	8	54	44	0	5694
8194	80	7	23	5959	0	6069
8195	27	9	24	5984	0	6044
8196	22	6084	16	77	0	6199
8197	6068	63	10	62	0	6203
8198	68	23	6082	25	0	6198
8199	5989	22	72	28	0	6111
8200	90	12	24	6103	0	6229
8201	28	10	6235	77	0	6350
8202	32	13	67	6172	0	6284
8203	6267	13	30	96	0	6406
8204	76	8	6281	24	0	6389
8205	6138	8	78	48	0	6272
8206	6281	11	27	38	0	6357
8207	6347	14	24	32	0	6417
8208	99	6208	23	61	0	6391
8209	56	63	24	6414	0	6557
8210	6504	24	19	105	0	6652
8211	6526	21	13	58	0	6618
8212	6613	6	19	54	0	6692
8213	110	13	6490	23	0	6636
8214	6664	11	75	41	0	6791
8215	122	8	38	6998	0	7166
8216	35	12	7001	110	0	7158
8217	57	8	92	7145	0	7302
8218	40	7	32	7273	0	7352
8219	31	13	7351	141	0	7536
8220	36	9	129	7331	0	7505
8221	41	10	43	7583	0	7677
8222	19	16	8349	158	0	8542
8223	8645	4	159	102	0	8910
8224	9477	7	77	78	0	9639
8225	254	5	70	9702	0	10031
8226	127	11	9689	207	0	10034
8227	122	8	208	9472	0	9810
8228	65	9440	75	250	0	9830
8229	75	177	78	9546	0	9876
8230	77	60	43	9700	0	9880
8231	9523	57	40	329	0	9949
8232	9552	27	33	202	0	9814
8233	9770	28	50	146	0	9994
8234	339	23	26	9553	0	9941
8235	194	20	25	9698	0	9937
8236	133	19	9480	319	0	9951
8237	134	21	207	9277	0	9639
8238	97	9374	84	301	0	9856
8239	9411	197	79	162	0	9849
8240	248	9227	48	169	0	9692
8241	9315	224	40	141	0	9720
8242	295	93	49	9058	0	9495
8243	124	9154	42	242	0	9562
8244	9148	227	29	151	0	9555
8245	9208	107	38	122	0	9475
8246	334	90	28	9033	0	9485
8247	184	9047	38	251	0	9520
8248	167	224	35	9090	0	9516
8249	113	111	8976	292	0	9492
8250	8716	89	201	160	0	9166
8251	260	8825	85	142	0	9312
8252	8694	221	75	106	0	9096
8253	317	95	49	8703	0	9164
8254	8809	106	42	277	0	9234
8255	325	55	8840	136	0	9356
8256	9021	45	225	137	0	9428
8257	9170	47	92	110	0	9419
8258	366	55	9015	85	0	9521
8259	248	32	228	8915	0	9423
8260	180	29	119	9014	0	9342
8261	8791	38	96	339	0	9264
8262	303	8685	77	198	0	9263
8263	192	223	74	8513	0	9002
8264	145	91	8434	282	0	8952
8265	115	79	8325	164	0	8683
8266	98	8192	261	157	0	8708
8267	135	206	8180	127	0	8648
8268	7867	109	274	114	0	8364
8269	255	87	130	7673	0	8145
8270	7892	52	110	273	0	8327
8271	278	50	7855	130	0	8313
8272	150	56	240	7819	0	8265
8273	128	63	112	7941	0	8244
8274	105	47	7699	302	0	8153
8275	125	40	229	7674	0	8068
8276	7534	50	112	319	0	8015
8277	7687	49	93	170	0	7999
8278	308	33	80	7586	0	8007
8279	7495	39	69	298	0	7901
8280	7527	35	48	190	0	7800
8281	314	7265	63	146	0	7788
8282	230	174	58	7357	0	7819
8283	7408	86	42	259	0	7795
8284	316	75	40	7359	0	7790
8285	7259	50	54	297	0	7660
8286	328	39	42	7223	0	7632
8287	182	58	7170	282	0	7692
8288	161	7127	200	163	0	7651
8289	141	194	92	6485	0	6912
8290	133	6959	75	238	0	7405
8291	6911	221	72	154	0	7358
8292	246	6761	67	131	0	7205
8293	145	6770	62	133	0	7110
8294	165	258	57	6530	0	7010
8295	6519	147	54	245	0	6965
8296	240	126	40	6512	0	6918
8297	6449	96	49	277	0	6871
8298	6481	83	45	165	0	6774
8299	273	6431	41	146	0	6891
8300	6520	209	43	125	0	6897
8301	6526	101	47	115	0	6789
8302	6501	94	40	106	0	6741
8303	357	59	6144	95	0	6655
8304	251	66	178	6067	0	6562
8305	205	52	91	6212	0	6560
8306	161	56	5953	269	0	6439
8307	6067	49	192	178	0	6486
8308	6207	36	104	155	0	6502
8309	6172	33	86	137	0	6428
8310	5980	33	69	120	0	6202
8311	347	5696	59	108	0	6210
8312	5712	155	46	103	0	6016
8313	345	87	45	5535	0	6012
8314	208	67	5104	197	0	5576
8315	5098	44	124	120	0	5386
8316	267	5031	69	99	0	5466
8317	4710	134	72	80	0	4996
8318	243	4583	39	79	0	4944
8319	164	4368	40	78	0	4650
8320	124	4341	49	81	0	4595
8321	140	4186	56	70	0	4452
8322	114	199	3183	83	0	3579
8323	144	281	124	2405	0	2954
8324	33	25	2163	65	0	2286
8325	1696	9	45	27	0	1777
8326	43	1683	21	19	0	1766
8327	19	1697	14	23	0	1753
8328	25	50	9	1626	0	1710
8329	28	20	6	1645	0	1699
8330	26	16	1608	43	0	1693
8331	21	16	1593	21	0	1651
8332	19	10	40	1571	0	1640
8333	23	11	1565	33	0	1632
8334	20	1564	36	18	0	1638
8335	24	33	18	1539	0	1614
8336	26	13	10	1626	0	1675
8337	22	10	1625	43	0	1700
8338	25	9	26	1620	0	1680
8339	1645	11	17	32	0	1705
8340	43	5	10	1611	0	1669
8341	28	9	11	1575	0	1623
8342	13	12	1548	47	0	1620
8343	1527	10	30	25	0	1592
8344	36	1568	19	17	0	1640
8345	37	25	7	1552	0	1621
8346	26	17	1560	29	0	1632
8347	25	13	23	1554	0	1615
8348	1556	11	16	29	0	1612
8349	37	11	1553	21	0	1622
8350	29	20	27	1522	0	1598
8351	18	6	1553	36	0	1613
8352	17	1547	24	24	0	1612
8353	16	25	1505	18	0	1564
8354	13	1443	30	11	0	1497
8355	5	22	1225	10	0	1262
8356	12	24	23	1039	0	1098
8357	6	1091	15	13	0	1125
8358	1064	14	4	15	0	1097
8359	15	12	5	1087	0	1119
8360	1111	5	4	16	0	1136
8361	14	6	3	1134	0	1157
8362	12	4	5	1155	0	1176
8363	1151	1	2	34	0	1188
8364	1174	5	2	19	0	1200
8365	25	2	7	1217	0	1251
8366	20	4	1227	19	0	1270
8367	8	1222	20	13	0	1263
8368	10	19	1241	7	0	1277
8369	7	1255	23	11	0	1296
8370	1229	17	12	9	0	1267
8371	19	11	1229	6	0	1265
8372	10	7	1207	3	0	1227
8373	6	3	25	1203	0	1237
8374	1208	3	14	20	0	1245
8375	19	7	1266	8	0	1300
8376	16	1329	20	4	0	1369
8377	1345	20	10	5	0	1380
8378	1397	12	6	6	0	1421
8379	1415	3	1	11	0	1430
8380	1417	6	5	8	0	1436
8381	1426	4	3	7	0	1440
8382	30	1	1409	10	0	1450
8383	18	4	19	1384	0	1425
8384	14	1393	10	16	0	1433
8385	1422	19	4	15	0	1460
8386	24	1449	4	9	0	1486
8387	1349	20	4	6	0	1379
8388	1350	8	4	5	0	1367
8389	20	1340	7	4	0	1371
8390	1365	17	2	6	0	1390
8391	24	7	3	1384	0	1418
8392	8	3	6	1409	0	1426
8393	7	1	1395	20	0	1423
8394	5	1425	18	9	0	1457
8395	8	14	8	1446	0	1476
8396	4	7	6	1456	0	1473
8397	4	5	3	1449	0	1461
8398	6	2	1400	19	0	1427
8399	1350	1	13	10	0	1374
8400	19	4	6	1404	0	1433
8401	1433	2	3	17	0	1455
8402	18	4	3	1448	0	1473
8403	6	3	1498	19	0	1526
8404	5	4	1527	8	0	1544
8405	1484	2	16	14	0	1516
8406	1540	2	8	6	0	1556
8407	21	1533	4	5	0	1563
8408	11	17	1558	7	0	1593
8409	7	7	17	1541	0	1572
8410	20	7	12	1362	0	1401
8411	1663	1	6	24	0	1694
8412	1663	5	3	15	0	1686
8413	1668	2	4	7	0	1681
8414	18	4	1655	6	0	1683
8415	1691	4	18	10	0	1723
8416	22	1	6	1730	0	1759
8417	11	2	5	1733	0	1751
8418	13	1	6	1744	0	1764
8419	5	1719	5	22	0	1751
8420	1683	13	5	13	0	1714
8421	19	6	4	1681	0	1710
8422	9	5	1679	23	0	1716
8423	10	1	19	1663	0	1693
8424	5	1681	10	17	0	1713
8425	1706	17	8	10	0	1741
8426	25	5	4	1696	0	1730
8427	14	7	3	1668	0	1692
8428	6	11	1696	22	0	1735
8429	4	2	18	1676	0	1700
8430	8	1694	6	20	0	1728
8431	7	13	3	1719	0	1742
8432	6	7	1730	20	0	1763
8433	1614	4	15	14	0	1647
8434	1692	2	7	6	0	1707
8435	19	1718	5	5	0	1747
8436	1684	16	0	7	0	1707
8437	1744	3	2	7	0	1756
8438	19	1725	3	5	0	1752
8439	9	17	1	1759	0	1786
8440	1791	5	3	21	0	1820
8441	21	1822	2	5	0	1850
8442	7	18	1868	3	0	1896
8443	1835	5	25	8	0	1873
8444	1936	2	5	9	0	1952
8445	1939	2	2	7	0	1950
8446	1944	4	1	6	0	1955
8447	33	1971	3	6	0	2013
8448	2022	27	3	10	0	2062
8449	2088	5	6	10	0	2109
8450	2131	1	4	4	0	2140
8451	41	3	0	2139	0	2183
8452	2119	1	0	33	0	2153
8453	31	2254	5	11	0	2301
8454	11	32	2422	3	0	2468
8455	13	5	33	2512	0	2563
8456	2569	2	8	41	0	2620
8457	43	2	2585	11	0	2641
8458	22	2	38	2588	0	2650
8459	9	7	2586	47	0	2649
8460	2	2576	39	13	0	2630
8461	9	40	14	2538	0	2601
8462	8	9	2576	46	0	2639
8463	8	2574	43	10	0	2635
8464	16	37	10	2512	0	2575
8465	2557	10	9	48	0	2624
8466	2608	3	7	19	0	2637
8467	2616	7	4	8	0	2635
8468	2610	2	3	10	0	2625
8469	2574	2	6	13	0	2595
8470	45	7	2569	6	0	2627
8471	2551	3	36	13	0	2603
8472	2632	2	10	11	0	2655
8473	60	6	4	2592	0	2662
8474	2597	3	7	39	0	2646
8475	2545	4	5	15	0	2569
8476	46	2501	3	6	0	2556
8477	23	34	8	2526	0	2591
8478	15	12	1	2548	0	2576
8479	2515	1	0	49	0	2565
8480	41	2494	1	14	0	2550
8481	22	2572	4	4	0	2602
8482	21	38	8	2597	0	2664
8483	29	12	2	2633	0	2676
8484	25	6	2	2621	0	2654
8485	17	1	6	2648	0	2672
8486	2572	3	2	51	0	2628
8487	2585	7	0	22	0	2614
8488	47	10	2579	9	0	2645
8489	30	2	31	2548	0	2611
8490	16	7	9	2584	0	2616
8491	12	6	2527	47	0	2592
8492	2480	4	33	25	0	2542
8493	42	2514	12	8	0	2576
8494	2490	38	6	15	0	2549
8495	42	14	5	2479	0	2540
8496	13	7	2499	45	0	2564
8497	14	4	33	2508	0	2559
8498	7	5	2594	43	0	2649
8499	16	2597	38	19	0	2670
8500	2540	42	16	15	0	2613
8501	2566	11	8	18	0	2603
8502	44	2554	6	14	0	2618
8503	19	36	11	2507	0	2573
8504	2467	12	5	49	0	2533
8505	38	2460	8	15	0	2521
8506	19	39	7	2476	0	2541
8507	2487	13	6	42	0	2548
8508	46	6	2420	15	0	2487
8509	2405	6	34	13	0	2458
8510	42	2459	15	13	0	2529
8511	2430	36	9	12	0	2487
8512	2422	18	7	13	0	2460
8513	47	8	2403	13	0	2471
8514	28	6	36	2340	0	2410
8515	20	8	12	2414	0	2454
8516	18	6	2407	44	0	2475
8517	15	12	30	2386	0	2443
8518	26	7	10	2341	0	2384
8519	2442	4	4	46	0	2496
8520	2457	6	8	18	0	2489
8521	54	4	3	2426	0	2487
8522	20	2	2426	40	0	2488
8523	13	6	39	2430	0	2488
8524	18	3	11	2455	0	2487
8525	14	7	2460	48	0	2529
8526	17	3	36	2501	0	2557
8527	2518	1	16	44	0	2579
8528	2488	6	9	22	0	2525
8529	43	2454	11	19	0	2527
8530	2504	35	4	25	0	2568
8531	2516	9	9	20	0	2554
8532	50	2508	7	12	0	2577
8533	2555	37	3	25	0	2620
8534	2586	11	4	12	0	2613
8535	2624	3	5	17	0	2649
8536	55	7	2549	12	0	2623
8537	2493	5	36	11	0	2545
8538	49	4	11	2573	0	2637
8539	2570	2	6	54	0	2632
8540	54	2	2558	13	0	2627
8541	17	2499	39	7	0	2562
8542	2463	41	10	14	0	2528
8543	47	2544	5	7	0	2603
8544	28	37	7	2504	0	2576
8545	19	13	4	2567	0	2603
8546	2553	6	2	46	0	2607
8547	2521	5	0	21	0	2547
8548	54	5	2473	4	0	2536
8549	18	4	2366	7	0	2395
8550	14	3	2396	8	0	2421
8551	15	22	40	2293	0	2370
8552	12	4	2348	36	0	2400
8553	5	4	2174	13	0	2196
8554	42	61	35	1931	0	2069
8555	1998	1	8	40	0	2047
8556	2019	2	2	14	0	2037
8557	2028	0	3	7	0	2038
8558	2034	1	3	7	0	2045
8559	26	1	2	2035	0	2064
8560	15	1	1	2060	0	2077
8561	6	3	2177	20	0	2206
8562	9	2	20	2142	0	2173
8563	11	2	8	2097	0	2118
8564	2246	0	0	32	0	2278
8565	2250	1	5	7	0	2263
8566	31	0	3	2219	0	2253
8567	2254	0	3	27	0	2284
8568	2277	2	2	9	0	2290
8569	34	1	3	2312	0	2350
8570	16	1	2	2327	0	2346
8571	11	1	2296	25	0	2333
8572	9	2	2272	15	0	2298
8573	12	5	24	2291	0	2332
8574	9	0	12	2344	0	2365
8575	7	3	2348	26	0	2384
8576	2263	1	22	19	0	2305
8577	2290	2	7	10	0	2309
8578	28	2	2249	6	0	2285
8579	8	2240	23	9	0	2280
8580	2267	17	7	13	0	2304
8581	27	5	2360	3	0	2395
8582	13	6	22	2316	0	2357
8583	11	1	10	2365	0	2387
8584	2470	0	7	31	0	2508
8585	2567	2	8	18	0	2595
8586	31	1	3	2599	0	2634
8587	19	0	3	2767	0	2789
8588	2789	1	8	37	0	2835
8589	2829	0	5	17	0	2851
8590	2813	0	3	15	0	2831
8591	36	0	2848	6	0	2890
8592	22	3	24	2851	0	2900
8593	18	0	9	2909	0	2936
8594	2900	0	7	44	0	2951
8595	31	2941	5	17	0	2994
8596	3166	24	2	16	0	3208
8597	44	3199	4	6	0	3253
8598	26	33	3	3283	0	3345
8599	15	11	5	3345	0	3376
8600	7	5	3303	61	0	3376
8601	13	4	41	3306	0	3364
8602	11	5	3319	53	0	3388
8603	15	6	43	3351	0	3415
8604	12	4	22	3337	0	3375
8605	6	3225	9	63	0	3303
8606	3	3379	10	31	0	3423
8607	15	48	6	3336	0	3405
8608	17	16	10	3408	0	3451
8609	19	7	8	3420	0	3454
8610	15	8	8	3451	0	3482
8611	11	4	6	3508	0	3529
8612	11	8	3458	70	0	3547
8613	17	7	45	3446	0	3515
8614	11	8	16	3512	0	3547
8615	5	5	3400	76	0	3486
8616	8	3351	48	40	0	3447
8617	13	44	16	3405	0	3478
8618	10	16	3383	61	0	3470
8619	5	3406	50	31	0	3492
8620	11	43	21	3445	0	3520
8621	3480	15	8	74	0	3577
8622	58	8	9	3456	0	3531
8623	27	11	8	3494	0	3540
8624	18	10	7	3535	0	3570
8625	22	7	6	3456	0	3491
8626	10	3363	9	81	0	3463
8627	11	47	3	3436	0	3497
8628	3531	17	5	93	0	3646
8629	60	10	3	3583	0	3656
8630	25	10	7	3567	0	3609
8631	16	7	4	3610	0	3637
8632	3509	5	8	93	0	3615
8633	3506	4	8	53	0	3571
8634	64	8	8	3526	0	3606
8635	3387	4	4	74	0	3469
8636	3429	7	7	42	0	3485
8637	61	3451	4	32	0	3548
8638	3378	42	4	42	0	3466
8639	48	3389	6	24	0	3467
8640	20	3398	6	21	0	3445
8641	28	45	5	3447	0	3525
8642	12	19	3524	52	0	3607
8643	18	20	34	3428	0	3500
8644	15	10	12	3457	0	3494
8645	9	3439	14	56	0	3518
8646	3444	41	5	35	0	3525
8647	41	14	4	3460	0	3519
8648	17	15	3752	55	0	3839
8649	17	17	34	3690	0	3758
8650	14	3758	18	65	0	3855
8651	3818	38	8	39	0	3903
8652	38	14	8	3845	0	3905
8653	16	14	3878	58	0	3966
8654	17	12	37	3863	0	3929
8655	15	3746	13	64	0	3838
8656	16	36	16	3785	0	3853
8657	3883	13	11	73	0	3980
8658	3933	16	4	45	0	3998
8659	3939	12	5	40	0	3996
8660	52	3983	17	24	0	4076
8661	3932	43	10	35	0	4020
8662	58	18	4	3981	0	4061
8663	3942	14	10	71	0	4037
8664	53	3994	6	38	0	4091
8665	26	58	4	4069	0	4157
8666	19	21	4143	59	0	4242
8667	3884	15	41	41	0	3981
8668	48	4157	14	34	0	4253
8669	29	53	9	4160	0	4251
8670	14	18	6	4254	0	4292
8671	17	12	6	4197	0	4232
8672	18	13	9	4121	0	4161
8673	14	4129	11	68	0	4222
8674	4171	47	5	53	0	4276
8675	4169	16	7	34	0	4226
8676	61	12	4292	34	0	4399
8677	27	11	36	4341	0	4415
8678	18	11	4353	63	0	4445
8679	4310	13	45	42	0	4410
8680	4400	13	15	31	0	4459
8681	4283	5	11	27	0	4326
8682	69	15	8	4210	0	4302
8683	25	4149	9	65	0	4248
8684	4184	39	11	40	0	4274
8685	64	17	3	4132	0	4216
8686	4114	10	5	75	0	4204
8687	58	12	3895	23	0	3988
8688	20	7	3766	22	0	3815
8689	3911	4	38	28	0	3981
8690	50	8	13	3943	0	4014
8691	3866	6	9	52	0	3933
8692	44	3893	9	18	0	3964
8693	3930	33	8	24	0	3995
8694	3947	10	7	21	0	3985
8695	53	9	3963	15	0	4040
8696	19	10	3624	12	0	3665
8697	12	3694	25	11	0	3742
8698	30	28	18	3647	0	3723
8699	3703	4	11	36	0	3754
8700	28	2	1	3735	0	3766
8701	13	4	7	3805	0	3829
8702	5	7	3736	25	0	3773
8703	3650	3	18	21	0	3692
8704	27	9	4	3868	0	3908
8705	10	5	3829	22	0	3866
8706	13	11	3731	7	0	3762
8707	10	10	20	3821	0	3861
8708	12	8	3846	19	0	3885
8709	9	3	3794	10	0	3816
8710	14	6	25	3604	0	3649
8711	7	7	3947	17	0	3978
8712	19	4	18	3833	0	3874
8713	7	3743	8	20	0	3778
8714	3973	18	2	30	0	4023
8715	23	4047	8	8	0	4086
8716	14	24	5	4110	0	4153
8717	9	4190	6	25	0	4230
8718	6	32	4347	14	0	4399
8719	29	5	34	4914	0	4982
8720	9	9	5840	59	0	5917
8721	5762	4	88	43	0	5897
8722	92	6224	35	10	0	6361
8723	6313	98	21	25	0	6457
8724	130	37	8	6224	0	6399
8725	6309	17	7	115	0	6448
8726	115	24	6284	37	0	6460
8727	48	6328	103	30	0	6509
8728	6273	103	37	32	0	6445
8729	134	39	24	6104	0	6301
8730	52	6286	12	93	0	6443
8731	47	108	10	6335	0	6500
8732	6457	37	8	137	0	6639
8733	91	6890	15	58	0	7054
8734	6897	124	25	42	0	7088
8735	149	53	6794	28	0	7024
8736	6759	44	122	29	0	6954
8737	170	19	50	6852	0	7091
8738	6823	16	23	154	0	7016
8739	153	6791	17	56	0	7017
8740	86	117	25	6806	0	7034
8741	62	63	14	6901	0	7040
8742	51	28	6663	160	0	6902
8743	44	18	118	6635	0	6815
8744	49	29	40	6756	0	6874
8745	40	15	25	6813	0	6893
8746	48	15	22	6832	0	6917
8747	23	24	6764	203	0	7014
8748	23	6425	126	92	0	6666
8749	40	119	52	6494	0	6705
8750	6388	49	29	174	0	6640
8751	6418	22	24	104	0	6568
8752	175	6419	15	55	0	6664
8753	6349	143	16	48	0	6556
8754	6404	53	12	64	0	6533
8755	6433	34	12	63	0	6542
8756	204	6314	23	32	0	6573
8757	6201	120	14	56	0	6391
8758	183	73	12	6030	0	6298
8759	82	39	6008	140	0	6269
8760	56	6011	122	71	0	6260
8761	56	135	47	5960	0	6198
8762	43	62	5905	139	0	6149
8763	5798	36	132	84	0	6050
8764	162	28	48	5824	0	6062
8765	90	22	32	5877	0	6021
8766	62	28	16	5864	0	5970
8767	54	24	14	5877	0	5969
8768	49	13	5655	197	0	5914
8769	5360	17	122	108	0	5607
8770	139	5580	55	68	0	5842
8771	5568	122	29	66	0	5785
8772	150	5591	23	56	0	5820
8773	5634	149	39	47	0	5869
8774	173	72	15	5600	0	5860
8775	83	36	5547	160	0	5826
8776	58	31	5522	67	0	5678
8777	67	31	160	5450	0	5708
8778	51	27	67	5486	0	5631
8779	55	18	43	5569	0	5685
8780	5388	22	22	238	0	5670
8781	153	19	5404	114	0	5690
8782	80	107	140	5143	0	5470
8783	56	5418	62	151	0	5687
8784	5375	136	39	95	0	5645
8785	165	61	5348	54	0	5628
8786	73	5322	131	45	0	5571
8787	74	130	5344	47	0	5595
8788	56	56	145	5355	0	5612
8789	51	47	5361	146	0	5605
8790	44	36	5374	87	0	5541
8791	50	29	174	5349	0	5602
8792	39	26	5348	179	0	5592
8793	33	25	5381	109	0	5548
8794	62	26	182	5255	0	5525
8795	5134	23	107	175	0	5439
8796	149	21	5142	100	0	5412
8797	91	36	149	5066	0	5342
8798	70	22	79	5168	0	5339
8799	5007	26	72	214	0	5319
8800	158	26	47	5075	0	5306
8801	4943	20	44	197	0	5204
8802	163	4890	42	117	0	5212
8803	95	133	39	4972	0	5239
8804	4946	53	47	186	0	5232
8805	5024	34	29	118	0	5205
8806	207	29	40	4945	0	5221
8807	106	31	4884	158	0	5179
8808	4823	24	125	116	0	5088
8809	163	4881	66	73	0	5183
8810	4736	131	55	58	0	4980
8811	4863	58	34	77	0	5032
8812	4897	34	43	66	0	5040
8813	218	27	4736	52	0	5033
8814	103	4641	138	62	0	4944
8815	90	174	72	4515	0	4851
8816	69	112	47	4591	0	4819
8817	52	39	4447	192	0	4730
8818	59	4122	120	98	0	4399
8819	34	3439	60	50	0	3583
8820	16	2620	23	32	0	2691
8821	2291	61	132	27	0	2511
8822	88	17	13	2142	0	2260
8823	28	7	15	2166	0	2216
8824	20	10	2155	57	0	2242
8825	2116	12	42	32	0	2202
8826	55	8	21	2153	0	2237
8827	33	34	9	2152	0	2228
8828	23	8	2112	59	0	2202
8829	14	2083	42	30	0	2169
8830	26	63	22	2046	0	2157
8831	11	19	2046	47	0	2123
8832	5	1798	33	23	0	1859
8833	1478	16	6	7	0	1507
8834	21	11	1548	1	0	1581
8835	12	3	16	1477	0	1508
8836	4	1511	8	17	0	1540
8837	1526	17	7	10	0	1560
8838	20	7	5	1524	0	1556
8839	1534	2	1	21	0	1558
8840	1539	2	2	14	0	1557
8841	22	1538	3	6	0	1569
8842	1540	17	3	7	0	1567
8843	1611	9	1	12	0	1633
8844	22	1	1624	5	0	1652
8845	1615	4	15	8	0	1642
8846	21	4	1638	2	0	1665
8847	1595	3	13	3	0	1614
8848	1614	2	8	6	0	1630
8849	18	1	1652	2	0	1673
8850	12	2	12	1651	0	1677
8851	2	1	1701	11	0	1715
8852	3	2	1610	6	0	1621
8853	2	2	1727	4	0	1735
8854	5	2	21	1711	0	1739
8855	3	0	8	1868	0	1879
8856	3	1	3	1868	0	1875
8857	6	1	1	1919	0	1927
8858	2	0	1987	27	0	2016
8859	6	1	20	1993	0	2020
8860	2	1980	7	24	0	2013
8861	1	19	2108	9	0	2137
8862	5	8	22	2079	0	2114
8863	1	2	2165	26	0	2194
8864	2	2121	26	17	0	2166
8865	0	2174	13	3	0	2190
8866	4	33	5	2145	0	2187
8867	1	17	2150	25	0	2193
8868	1	8	2185	15	0	2209
8869	6	5	36	2184	0	2231
8870	3	2	16	2217	0	2238
8871	2	0	3	2250	0	2255
8872	2	4	2220	36	0	2262
8873	2	2220	25	14	0	2261
8874	2	2364	10	9	0	2385
8875	6	35	4	2344	0	2389
8876	1	12	2324	26	0	2363
8877	2	12	2346	13	0	2373
8878	1	2430	36	5	0	2472
8879	2455	26	14	11	0	2506
8880	23	2510	8	3	0	2544
8881	11	30	2654	1	0	2696
8882	2654	14	32	4	0	2704
8883	35	5	13	2721	0	2774
8884	2793	3	3	40	0	2839
8885	43	3	5	2817	0	2868
8886	20	2	3	2879	0	2904
8887	2867	1	1	54	0	2923
8888	41	2980	3	20	0	3044
8889	19	39	2961	5	0	3024
8890	4	3025	33	6	0	3068
8891	2991	38	14	12	0	3055
8892	35	2998	4	6	0	3043
8893	3029	41	4	9	0	3083
8894	3010	19	4	12	0	3045
8895	55	3049	6	2	0	3112
8896	30	41	1	3007	0	3079
8897	3010	16	4	43	0	3073
8898	3046	6	3	25	0	3080
8899	62	5	2	2995	0	3064
8900	17	12	2951	41	0	3021
8901	10	6	2983	17	0	3016
8902	13	9	44	2999	0	3065
8903	7	3	2964	40	0	3014
8904	2840	6	38	34	0	2918
8905	39	2926	24	9	0	2998
8906	25	39	9	2929	0	3002
8907	13	21	1	2946	0	2981
8908	16	7	6	2930	0	2959
8909	13	9	4	2894	0	2920
8910	14	4	8	2921	0	2947
8911	9	6	2890	54	0	2959
8912	8	2904	34	29	0	2975
8913	2919	35	19	25	0	2998
8914	46	20	7	2881	0	2954
8915	25	8	9	2916	0	2958
8916	16	9	5	2935	0	2965
8917	5	2912	9	61	0	2987
8918	14	36	7	2989	0	3046
8919	11	21	8	3020	0	3060
8920	2942	7	5	73	0	3027
8921	45	2895	4	32	0	2976
8922	20	2913	7	18	0	2958
8923	16	61	6	2913	0	2996
8924	2890	20	4	57	0	2971
8925	45	8	2926	25	0	3004
8926	2816	10	46	25	0	2897
8927	47	8	2987	15	0	3057
8928	30	7	43	2964	0	3044
8929	13	7	20	3029	0	3069
8930	11	8	8	3036	0	3063
8931	16	6	6	3001	0	3029
8932	11	7	4	2978	0	3000
8933	2932	4	7	82	0	3025
8934	50	4	2879	30	0	2963
8935	25	8	41	2937	0	3011
8936	8	6	3029	54	0	3097
8937	9	3039	43	33	0	3124
8938	3016	43	26	26	0	3111
8939	44	26	3116	12	0	3198
8940	35	8	44	3119	0	3206
8941	25	5	20	3215	0	3265
8942	9	8	3208	68	0	3293
8943	7	5	3215	35	0	3262
8944	16	4	71	3046	0	3137
8945	3217	4	29	60	0	3310
8946	3241	1	9	39	0	3290
8947	66	3194	11	16	0	3287
8948	3258	45	10	19	0	3332
8949	56	24	2	3186	0	3268
8950	23	3309	10	53	0	3395
8951	18	46	8	3344	0	3416
8952	7	21	3346	61	0	3435
8953	18	6	50	3230	0	3304
8954	15	9	19	3287	0	3330
8955	3140	3	7	69	0	3219
8956	41	3147	12	32	0	3232
8957	3087	39	8	20	0	3154
8958	36	3058	10	15	0	3119
8959	2959	39	2	15	0	3015
8960	44	2907	6	14	0	2971
8961	22	2905	8	8	0	2943
8962	2940	42	7	13	0	3002
8963	47	15	7	2862	0	2931
8964	15	2921	3	34	0	2973
8965	2971	33	9	24	0	3037
8966	2991	14	3	13	0	3021
8967	3036	6	4	16	0	3062
8968	2969	6	5	18	0	2998
8969	44	3008	11	11	0	3074
8970	23	30	6	3071	0	3130
8971	16	14	5	3091	0	3126
8972	3118	8	3	48	0	3177
8973	43	4	2	3051	0	3100
8974	3000	9	2	36	0	3047
8975	35	6	2915	18	0	2974
8976	2868	3	25	22	0	2918
8977	33	6	2956	11	0	3006
8978	21	30	32	2876	0	2959
8979	2896	5	13	37	0	2951
8980	35	2904	6	15	0	2960
8981	2723	24	2	17	0	2766
8982	30	2726	1	9	0	2766
8983	20	29	1	2910	0	2960
8984	7	13	2869	26	0	2915
8985	2629	9	21	25	0	2684
8986	19	2848	12	8	0	2887
8987	21	32	4	2809	0	2866
8988	3	9	3	2788	0	2803
8989	6	2	0	2767	0	2775
8990	0	2	2782	22	0	2806
8991	4	2751	15	12	0	2782
8992	2737	17	8	11	0	2773
8993	2747	6	3	9	0	2765
8994	24	2748	4	3	0	2779
8995	2839	13	1	15	0	2868
8996	21	9	5	2845	0	2880
8997	9	2864	2	16	0	2891
8998	2872	15	1	18	0	2906
8999	20	9	2800	2	0	2831
9000	10	2887	17	3	0	2917
9001	9	17	7	2898	0	2931
9002	5	6	2	2924	0	2937
9003	1	6	2872	20	0	2899
9004	10	2	13	2816	0	2841
9005	3	1	2867	16	0	2887
9006	7	4	13	2867	0	2891
9007	8	1	7	2894	0	2910
9008	4	2	1	2913	0	2920
9009	6	1	3	2914	0	2924
9010	2	4	2897	29	0	2932
9011	2	2	3051	13	0	3068
9012	2	3361	32	11	0	3406
9013	4	30	13	3563	0	3610
9014	7	11	3774	33	0	3825
9015	1	3772	36	21	0	3830
9016	16	42	18	3876	0	3952
9017	1	21	4026	38	0	4086
9018	3842	9	45	31	0	3927
9019	4178	4	17	21	0	4220
9020	73	1	8	4177	0	4259
9021	21	3	4206	48	0	4278
9022	15	9	44	4164	0	4232
9023	4204	0	22	62	0	4288
9024	47	4303	10	40	0	4400
9025	4421	44	6	31	0	4502
9026	4485	18	8	25	0	4536
9027	72	9	4	4395	0	4480
9028	38	4	5	4415	0	4462
9029	24	5	3	4445	0	4477
9030	26	4	6	4434	0	4470
9031	22	4	4	4418	0	4448
9032	4398	1	3	94	0	4496
9033	4423	4	4	48	0	4479
9034	4434	1	4	32	0	4471
9035	77	7	4305	22	0	4411
9036	4247	4	51	23	0	4325
9037	65	8	20	4276	0	4369
9038	38	3	4263	56	0	4360
9039	19	4209	51	33	0	4312
9040	25	57	27	4212	0	4321
9041	25	23	12	4261	0	4321
9042	16	4272	15	71	0	4374
9043	24	50	10	4425	0	4509
9044	18	29	4406	63	0	4516
9045	15	12	4449	42	0	4518
9046	14	6	77	4482	0	4579
9047	4445	8	35	86	0	4574
9048	4423	6	15	51	0	4495
9049	82	8	4430	29	0	4549
9050	40	4231	67	22	0	4360
9051	26	4356	28	20	0	4430
9052	4223	68	13	40	0	4344
9053	68	33	4294	24	0	4419
9054	45	17	55	4267	0	4384
9055	4278	12	25	87	0	4402
9056	64	4236	15	43	0	4358
9057	44	4311	16	22	0	4393
9058	4234	67	10	39	0	4350
9059	77	30	9	4300	0	4416
9060	4530	16	11	83	0	4640
9061	90	10	11	4960	0	5071
9062	64	14	10	5044	0	5132
9063	31	12	5037	130	0	5210
9064	43	12	87	5139	0	5281
9065	37	9	44	5237	0	5327
9066	5188	9	19	169	0	5385
9067	124	8	19	5284	0	5435
9068	54	12	5254	132	0	5452
9069	5143	8	96	93	0	5340
9070	112	9	55	5259	0	5435
9071	5248	10	19	149	0	5426
9072	119	5057	23	80	0	5279
9073	69	5271	21	37	0	5398
9074	5194	130	23	53	0	5400
9075	5313	57	13	39	0	5422
9076	160	36	14	5216	0	5426
9077	80	27	5177	111	0	5395
9078	60	15	111	5204	0	5390
9079	5128	16	57	144	0	5345
9080	121	5115	28	78	0	5342
9081	82	101	21	5133	0	5337
9082	5064	64	17	135	0	5280
9083	128	37	4904	74	0	5143
9084	4966	26	105	49	0	5146
9085	4828	22	56	68	0	4974
9086	166	13	4936	37	0	5152
9087	86	13	5034	40	0	5173
9088	56	16	154	4883	0	5109
9089	60	15	65	5017	0	5157
9090	33	5031	33	150	0	5247
9091	44	102	30	5108	0	5284
9092	30	59	5137	136	0	5362
9093	45	23	102	5176	0	5346
9094	47	18	58	5402	0	5525
9095	32	17	5211	172	0	5432
9096	31	5156	118	100	0	5405
9097	37	95	66	5227	0	5425
9098	35	48	27	5356	0	5466
9099	5253	25	28	186	0	5492
9100	138	25	20	5221	0	5404
9101	72	20	5152	148	0	5392
9102	5118	15	115	98	0	5346
9103	5230	17	57	67	0	5371
9104	5300	12	36	55	0	5403
9105	174	19	5107	47	0	5347
9106	91	18	112	5068	0	5289
9107	66	10	59	5187	0	5322
9108	56	15	30	5228	0	5329
9109	5044	18	33	185	0	5280
9110	116	5036	29	101	0	5282
9111	67	97	4690	62	0	4916
9112	40	4550	99	40	0	4729
9113	31	4383	44	36	0	4494
9114	31	4262	29	27	0	4349
9115	43	145	56	4089	0	4333
9116	16	54	4041	105	0	4216
9117	3693	32	84	70	0	3879
9118	81	3890	39	44	0	4054
9119	3716	72	22	33	0	3843
9120	79	3867	14	31	0	3991
9121	3884	73	19	33	0	4009
9122	93	3978	8	12	0	4091
9123	49	84	4007	18	0	4158
9124	31	45	77	3935	0	4088
9125	37	16	40	4089	0	4182
9126	4052	18	21	133	0	4224
9127	91	10	21	4290	0	4412
9128	52	12	4295	112	0	4471
9129	45	10	85	4323	0	4463
9130	28	19	4340	104	0	4491
9131	19	4321	99	60	0	4499
9132	30	93	47	4151	0	4321
9133	13	4349	26	98	0	4486
9134	4339	103	24	60	0	4526
9135	113	44	10	4330	0	4497
9136	52	26	4319	102	0	4499
9137	33	14	4309	59	0	4415
9138	4256	21	125	34	0	4436
9139	105	21	57	4284	0	4467
9140	47	23	4215	102	0	4387
9141	23	21	4113	60	0	4217
9142	22	4093	121	27	0	4263
9143	37	92	51	3788	0	3968
9144	16	3978	34	90	0	4118
9145	27	83	23	3915	0	4048
9146	3969	44	22	100	0	4135
9147	89	20	9	4015	0	4133
9148	50	12	23	4061	0	4146
9149	4025	11	16	130	0	4182
9150	96	9	12	4244	0	4361
9151	51	20	16	4250	0	4337
9152	30	4345	12	135	0	4522
9153	4357	102	10	80	0	4549
9154	4442	42	18	43	0	4545
9155	130	15	14	4404	0	4563
9156	66	13	19	4457	0	4555
9157	35	18	14	4433	0	4500
9158	23	4246	21	153	0	4443
9159	16	4353	18	73	0	4460
9160	43	114	10	4063	0	4230
9161	3528	29	13	82	0	3652
9162	3548	18	8	39	0	3613
9163	75	3419	16	24	0	3534
9164	3263	58	8	26	0	3355
9165	57	3225	9	25	0	3316
9166	26	3255	10	21	0	3312
9167	74	68	14	3136	0	3292
9168	3105	21	16	80	0	3222
9169	54	3035	13	34	0	3136
9170	21	3110	12	18	0	3161
9171	25	57	8	3086	0	3176
9172	14	22	8	3113	0	3157
9173	13	17	3060	70	0	3160
9174	2988	12	45	47	0	3092
9175	3001	13	14	33	0	3061
9176	57	19	3055	22	0	3153
9177	24	23	3087	20	0	3154
9178	20	10	58	3101	0	3189
9179	26	8	12	3211	0	3257
9180	18	3155	10	74	0	3257
9181	19	65	4	3210	0	3298
9182	19	23	3211	64	0	3317
9183	15	24	52	3180	0	3271
9184	17	16	17	3218	0	3268
9185	3153	15	11	81	0	3260
9186	63	11	3090	37	0	3201
9187	2964	15	58	30	0	3067
9188	67	7	3009	33	0	3116
9189	30	16	57	2949	0	3052
9190	11	15	2935	71	0	3032
9191	18	19	2941	34	0	3012
9192	23	21	63	2837	0	2944
9193	2749	18	32	89	0	2888
9194	2700	16	17	35	0	2768
9195	68	2697	17	26	0	2808
9196	2668	62	16	32	0	2778
9197	2677	26	15	25	0	2743
9198	61	2672	10	28	0	2771
9199	32	60	17	2730	0	2839
9200	24	16	19	2786	0	2845
9201	21	14	17	2746	0	2798
9202	20	12	16	2773	0	2821
9203	20	13	2702	85	0	2820
9204	2627	10	65	35	0	2737
9205	70	8	30	2701	0	2809
9206	27	14	16	2696	0	2753
9207	21	2684	13	84	0	2802
9208	22	61	11	2742	0	2836
9209	12	23	2697	86	0	2818
9210	2684	8	54	45	0	2791
9211	68	15	2781	36	0	2900
9212	25	14	48	2691	0	2778
9213	2689	12	17	80	0	2798
9214	53	2753	9	41	0	2856
9215	30	47	16	2886	0	2979
9216	19	20	2890	78	0	3007
9217	27	10	59	2909	0	3005
9218	2867	11	22	74	0	2974
9219	61	9	2851	40	0	2961
9220	33	12	2750	22	0	2817
9221	16	2743	64	18	0	2841
9222	2620	60	19	28	0	2727
9223	54	2580	16	22	0	2672
9224	28	52	2505	19	0	2604
9225	16	18	2417	16	0	2467
9226	14	2362	56	15	0	2447
9227	2079	43	20	14	0	2156
9228	40	2053	14	7	0	2114
9229	16	34	6	2030	0	2086
9230	7	14	10	2054	0	2085
9231	7	5	2032	47	0	2091
9232	14	8	45	2002	0	2069
9233	7	9	2049	40	0	2105
9234	1999	6	43	21	0	2069
9235	2075	9	13	11	0	2108
9236	2076	6	7	15	0	2104
9237	41	13	2004	10	0	2068
9238	2016	5	43	8	0	2072
9239	41	8	15	1964	0	2028
9240	11	2015	13	42	0	2081
9241	2002	33	9	19	0	2063
9242	41	10	1957	11	0	2019
9243	1954	2	37	17	0	2010
9244	1948	6	19	9	0	1982
9245	51	8	1880	10	0	1949
9246	12	1876	38	16	0	1942
9247	16	42	16	1845	0	1919
9248	15	5	1882	41	0	1943
9249	13	12	1832	9	0	1866
9250	27	30	28	1583	0	1668
9251	13	6	1581	24	0	1624
9252	17	8	25	1478	0	1528
9253	12	10	9	1403	0	1434
9254	9	7	6	1496	0	1518
9255	9	0	1488	28	0	1525
9256	9	4	32	1470	0	1515
9257	9	5	1489	31	0	1534
9258	7	3	33	1521	0	1564
9259	1568	3	10	31	0	1612
9260	29	4	3	1583	0	1619
9261	10	1593	11	31	0	1645
9262	6	21	15	1672	0	1714
9263	1680	7	4	40	0	1731
9264	29	1696	10	16	0	1751
9265	9	32	5	1712	0	1758
9266	1706	5	7	33	0	1751
9267	29	5	1699	15	0	1748
9268	10	9	26	1696	0	1741
9269	13	4	1724	35	0	1776
9270	7	6	1742	11	0	1766
9271	8	8	30	1722	0	1768
9272	1730	3	11	37	0	1781
9273	31	3	1681	10	0	1725
9274	1670	5	33	10	0	1718
9275	27	3	12	1718	0	1760
9276	11	3	1705	28	0	1747
9277	11	6	1656	13	0	1686
9278	8	9	1649	12	0	1678
9279	20	28	27	1567	0	1642
9280	1584	5	36	22	0	1647
9281	22	1614	5	15	0	1656
9282	10	17	9	1586	0	1622
9283	4	7	13	1618	0	1642
9284	1616	2	12	27	0	1657
9285	1622	1	10	13	0	1646
9286	23	1608	7	11	0	1649
9287	1645	18	5	9	0	1677
9288	1629	6	10	9	0	1654
9289	24	5	6	1631	0	1666
9290	14	1	1623	23	0	1661
9291	1623	4	18	7	0	1652
9292	26	2	11	1680	0	1719
9293	14	5	4	1681	0	1704
9294	1670	2	9	27	0	1708
9295	26	3	6	1603	0	1638
9296	10	2	6	1622	0	1640
9297	1593	4	8	28	0	1633
9298	27	1632	4	15	0	1678
9299	1608	14	3	15	0	1640
9300	20	8	1623	11	0	1662
9301	1621	2	16	9	0	1648
9302	20	2	13	1611	0	1646
9303	12	1641	7	23	0	1683
9304	16	13	4	1692	0	1725
9305	11	7	3	1683	0	1704
9306	10	4	5	1702	0	1721
9307	1673	2	1	29	0	1705
9308	14	1617	6	16	0	1653
9309	8	1635	2	10	0	1655
9310	1602	14	4	9	0	1629
9311	18	9	1676	11	0	1714
9312	9	5	1664	5	0	1683
9313	1608	21	26	9	0	1664
9314	12	2	1651	5	0	1670
9315	11	3	9	1536	0	1559
9316	7	0	5	1449	0	1461
9317	4	2	2	1565	0	1573
9318	5	2	3	1556	0	1566
9319	5	1511	5	18	0	1539
9320	4	12	3	1579	0	1598
9321	3	7	1553	17	0	1580
9322	5	2	15	1559	0	1581
9323	3	2	1541	17	0	1563
9324	3	1	1510	10	0	1524
9325	4	1	15	1537	0	1557
9326	12	1	1561	14	0	1588
9327	5	3	12	1560	0	1580
9328	1568	3	9	20	0	1600
9329	17	6	1578	9	0	1610
9330	1548	4	18	6	0	1576
9331	16	3	8	1584	0	1611
9332	7	1	1571	21	0	1600
9333	3	1552	14	12	0	1581
9334	5	12	7	1591	0	1615
9335	7	7	1646	17	0	1677
9336	5	3	16	1641	0	1665
9337	1664	2	9	21	0	1696
9338	1662	5	4	13	0	1684
9339	1714	2	6	10	0	1732
9340	22	0	8	1722	0	1752
9341	8	2	8	1755	0	1773
9342	6	0	10	1782	0	1798
9343	1854	0	4	36	0	1894
9344	24	1909	5	9	0	1947
9345	7	26	3	1938	0	1974
9346	7	7	5	1981	0	2000
9347	1948	3	2	49	0	2002
9348	34	1962	3	15	0	2014
9349	11	35	3	2040	0	2089
9350	2030	6	3	49	0	2088
9351	2059	3	7	12	0	2081
9352	46	1	4	2021	0	2072
9353	2035	1	6	46	0	2088
9354	42	1	8	2056	0	2107
9355	13	3	2076	44	0	2136
9356	11	1	37	2065	0	2114
9357	10	1	8	2107	0	2126
9358	10	3	2	2113	0	2128
9359	2001	1	4	49	0	2055
9360	38	1999	3	10	0	2050
9361	1907	34	2	16	0	1959
9362	31	1874	5	7	0	1917
9363	8	1976	3	5	0	1992
9364	1948	36	1	12	0	1997
9365	33	1996	4	5	0	2038
9366	18	33	0	1998	0	2049
9367	1985	6	0	44	0	2035
9368	2009	3	1	12	0	2025
9369	41	3	2	1974	0	2020
9370	14	3	0	1977	0	1994
9371	8	1973	2	38	0	2021
9372	2001	34	0	22	0	2057
9373	1997	5	3	14	0	2019
9374	35	2097	1	9	0	2142
9375	11	2125	2	8	0	2146
9376	6	43	2	2137	0	2188
9377	2153	6	1	51	0	2211
9378	45	9	1	2132	0	2187
9379	13	4	1	2173	0	2191
9380	10	6	2114	49	0	2179
9381	11	5	2107	11	0	2134
9382	14	3	43	2100	0	2160
9383	6	4	2109	44	0	2163
9384	2	2107	39	17	0	2165
9385	9	41	9	2102	0	2161
9386	10	8	1	2156	0	2175
9387	10	6	3	2154	0	2173
9388	9	9	2120	50	0	2188
9389	10	5	2084	14	0	2113
9390	2057	8	41	8	0	2114
9391	46	2138	6	6	0	2196
9392	2085	44	3	10	0	2142
9393	46	8	4	2082	0	2140
9394	2131	5	2	49	0	2187
9395	46	6	3	2124	0	2179
9396	7	2168	4	44	0	2223
9397	2189	40	1	20	0	2250
9398	48	7	2148	9	0	2212
9399	12	2123	36	9	0	2180
9400	2124	45	4	13	0	2186
9401	44	6	4	2103	0	2157
9402	6	2079	7	40	0	2132
9403	7	36	2	2164	0	2209
9404	2142	4	4	47	0	2197
9405	44	6	4	2147	0	2201
9406	2142	5	2	53	0	2202
9407	48	5	2131	10	0	2194
9408	12	7	40	2132	0	2191
9409	2098	8	5	59	0	2170
9410	48	7	2090	16	0	2161
9411	11	1965	48	10	0	2034
9412	14	46	10	1900	0	1970
9413	18	5	1918	52	0	1993
9414	10	7	1902	12	0	1931
9415	10	29	48	1879	0	1966
9416	12	5	1857	53	0	1927
9417	12	7	1873	19	0	1911
9418	8	7	42	1837	0	1894
9419	1836	2	14	54	0	1906
9420	46	4	11	1844	0	1905
9421	14	7	10	1870	0	1901
9422	14	9	1861	55	0	1939
9423	9	10	49	1912	0	1980
9424	1952	7	10	53	0	2022
9425	49	6	1947	19	0	2021
9426	13	1937	49	13	0	2012
9427	14	48	10	1969	0	2041
9428	1972	8	11	58	0	2049
9429	48	11	11	1959	0	2029
9430	18	1956	7	50	0	2031
9431	14	45	2064	18	0	2141
9432	14	14	48	2119	0	2195
9433	2278	8	8	68	0	2362
9434	66	7	2278	18	0	2369
9435	20	8	63	2343	0	2434
9436	2397	9	14	75	0	2495
9437	2596	6	12	29	0	2643
9438	78	2588	14	11	0	2691
9439	2554	68	6	21	0	2649
9440	89	20	8	2531	0	2648
9441	19	11	2548	71	0	2649
9442	16	2499	63	22	0	2600
9443	11	2548	23	16	0	2598
9444	14	63	14	2452	0	2543
9445	13	17	15	2512	0	2557
9446	5	11	2415	57	0	2488
9447	7	2366	52	15	0	2440
9448	5	2408	11	19	0	2443
9449	19	54	8	2297	0	2378
9450	2278	14	11	52	0	2355
9451	43	2276	7	13	0	2339
9452	19	46	4	2317	0	2386
9453	2376	16	11	56	0	2459
9454	50	9	6	2391	0	2456
9455	16	6	7	2373	0	2402
9456	10	8	5	2382	0	2405
9457	10	4	3	2403	0	2420
9458	2341	4	2	68	0	2415
9459	47	8	5	2354	0	2414
9460	12	6	2283	58	0	2359
9461	2243	5	43	29	0	2320
9462	52	6	2258	15	0	2331
9463	17	7	2277	10	0	2311
9464	15	7	50	2242	0	2314
9465	10	2	23	2259	0	2294
9466	12	5	13	2282	0	2312
9467	2249	5	11	58	0	2323
9468	45	9	2228	27	0	2309
9469	2225	3	43	29	0	2300
9470	2283	2	12	20	0	2317
9471	55	4	2264	11	0	2334
9472	2258	8	43	16	0	2325
9473	57	4	2271	11	0	2343
9474	19	2244	46	11	0	2320
9475	27	49	23	2213	0	2312
9476	13	15	16	2264	0	2308
9477	8	11	4	2232	0	2255
9478	11	3	7	2213	0	2234
9479	5	6	2202	60	0	2273
9480	4	5	2214	22	0	2245
9481	10	4	40	2190	0	2244
9482	7	6	2198	47	0	2258
9483	2147	5	47	23	0	2222
9484	2225	2	20	22	0	2269
9485	47	3	14	2188	0	2252
9486	2176	3	7	52	0	2238
9487	46	2249	9	15	0	2319
9488	2249	36	6	21	0	2312
9489	51	9	2283	11	0	2354
9490	17	13	32	2253	0	2315
9491	13	2295	16	44	0	2368
9492	2346	37	9	20	0	2412
9493	40	9	8	2362	0	2419
9494	14	12	2324	45	0	2395
9495	14	8	38	2297	0	2357
9496	2294	7	14	52	0	2367
9497	53	5	2295	17	0	2370
9498	15	2	45	2320	0	2382
9499	19	4	17	2368	0	2408
9500	10	8	2338	52	0	2408
9501	16	2288	42	25	0	2371
9502	15	2045	24	22	0	2106
9503	12	42	9	2328	0	2391
9504	12	16	11	2437	0	2476
9505	11	12	8	2481	0	2512
9506	2416	12	7	63	0	2498
9507	2464	10	11	23	0	2508
9508	54	8	1	2464	0	2527
9509	2449	4	9	56	0	2518
9510	52	2449	8	26	0	2535
9511	24	43	4	2525	0	2596
9512	17	13	6	2562	0	2598
9513	11	12	5	2573	0	2601
9514	2474	7	5	70	0	2556
9515	42	2445	4	33	0	2524
9516	17	40	6	2508	0	2571
9517	2483	12	5	59	0	2559
9518	44	12	7	2509	0	2572
9519	24	5	5	2517	0	2551
9520	16	2390	9	63	0	2478
9521	12	2518	6	32	0	2568
9522	15	39	5	2492	0	2551
9523	10	13	6	2504	0	2533
9524	2403	8	6	67	0	2484
9525	46	8	10	2403	0	2467
9526	17	11	2349	54	0	2431
9527	19	1	42	2346	0	2408
9528	10	2323	15	57	0	2405
9529	2362	38	10	33	0	2443
9530	51	9	11	2377	0	2448
9531	16	11	11	2289	0	2327
9532	14	2237	12	52	0	2315
9533	2072	25	5	23	0	2125
9534	30	2178	4	15	0	2227
9535	15	50	5	2073	0	2143
9536	12	10	2057	35	0	2114
9537	16	38	21	1845	0	1920
9538	1842	0	11	34	0	1887
9539	25	1866	7	6	0	1904
9540	5	23	0	1875	0	1903
9541	8	1838	0	22	0	1868
9542	1	34	1	1876	0	1912
9543	0	6	1843	32	0	1881
9544	3	8	23	1802	0	1836
9545	4	2	4	1832	0	1842
9546	2	1	6	1857	0	1866
9547	1787	3	1	36	0	1827
9548	1781	1	0	18	0	1800
9549	25	1789	1	9	0	1824
9550	1808	24	3	5	0	1840
9551	27	1799	1	4	0	1831
9552	6	1846	1	3	0	1856
9553	1759	29	5	9	0	1802
9554	25	9	1732	7	0	1773
9555	9	4	24	1730	0	1767
9556	7	1	5	1770	0	1783
9557	4	0	5	1790	0	1799
9558	1756	2	1	39	0	1798
9559	29	1740	1	12	0	1782
9560	9	31	1	1784	0	1825
9561	8	1777	0	34	0	1819
9562	1863	32	0	9	0	1904
9563	34	7	0	1894	0	1935
9564	13	8	0	2180	0	2201
9565	7	2375	0	49	0	2431
9566	6	45	1	2526	0	2578
9567	11	11	2	2558	0	2582
9568	2456	9	2	71	0	2538
9569	46	2425	1	30	0	2502
9570	14	2525	2	19	0	2560
9571	13	56	1	2476	0	2546
9572	10	24	2382	53	0	2469
9573	2	17	2385	19	0	2423
9574	10	13	58	2376	0	2457
9575	3	6	2371	59	0	2439
9576	6	5	60	2375	0	2446
9577	17	4	20	2327	0	2368
9578	4	5	11	2453	0	2473
9579	2361	6	7	81	0	2455
9580	51	5	3	2403	0	2462
9581	25	6	4	2405	0	2440
9582	15	2331	6	67	0	2419
9583	13	53	4	2411	0	2481
9584	1	16	2365	83	0	2465
9585	15	12	55	2385	0	2467
9586	10	5	20	2456	0	2491
9587	2309	4	8	80	0	2401
9588	51	6	6	2345	0	2408
9589	22	7	4	2316	0	2349
9590	12	4	5	2341	0	2362
9591	2162	3	3	85	0	2253
9592	53	2184	5	37	0	2279
9593	18	53	2	2222	0	2295
9594	19	14	4	2254	0	2291
9595	4	20	2169	84	0	2277
9596	10	5	47	2195	0	2257
9597	2078	6	17	75	0	2176
9598	48	2101	11	33	0	2193
9599	24	53	7	2084	0	2168
9600	21	16	3	2122	0	2162
9601	10	16	2051	70	0	2147
9602	1929	11	52	40	0	2032
9603	46	2001	19	36	0	2102
9604	1955	46	11	29	0	2041
9605	59	18	10	1964	0	2051
9606	17	12	4	2014	0	2047
9607	22	8	7	2009	0	2046
9608	17	11	3	2017	0	2048
9609	1942	8	6	94	0	2050
9610	57	8	5	1899	0	1969
9611	17	1856	7	73	0	1953
9612	13	46	16	1908	0	1983
9613	8	16	9	1967	0	2000
9614	1881	13	8	80	0	1982
9615	45	1882	6	45	0	1978
9616	26	50	3	1942	0	2021
9617	1893	16	4	77	0	1990
9618	1935	12	6	45	0	1998
9619	63	15	2	1951	0	2031
9620	27	7	1888	77	0	1999
9621	1891	17	51	31	0	1990
9622	59	10	11	1934	0	2014
9623	15	6	1942	76	0	2039
9624	22	12	51	1972	0	2057
9625	18	7	14	2019	0	2058
9626	10	9	13	2004	0	2036
9627	17	2021	12	86	0	2136
9628	16	50	2	2088	0	2156
9629	15	20	9	2099	0	2143
9630	12	14	10	2105	0	2141
9631	18	8	5	2119	0	2150
9632	12	10	5	2095	0	2122
9633	16	9	9	2079	0	2113
9634	1886	8	7	91	0	1992
9635	50	6	1845	48	0	1949
9636	18	1811	41	44	0	1914
9637	1813	36	13	34	0	1896
9638	38	1800	13	32	0	1883
9639	1783	37	2	33	0	1855
9640	55	28	6	1768	0	1857
9641	1802	10	12	57	0	1881
9642	49	9	2	1803	0	1863
9643	28	8	5	1748	0	1789
9644	21	1757	4	65	0	1847
9645	1774	34	4	42	0	1854
9646	45	15	1825	30	0	1915
9647	30	8	32	1877	0	1947
9648	16	13	1902	53	0	1984
9649	15	8	1848	32	0	1903
9650	1867	6	43	37	0	1953
9651	44	6	24	1892	0	1966
9652	18	10	1868	53	0	1949
9653	15	5	1945	37	0	2002
9654	16	7	39	1956	0	2018
9655	13	9	19	2031	0	2072
9656	2023	4	10	66	0	2103
9657	38	8	8	2047	0	2101
9658	24	2	2107	58	0	2191
9659	17	5	33	2147	0	2202
9660	22	12	18	2130	0	2182
9661	6	2197	9	62	0	2274
9662	2130	26	12	46	0	2214
9663	36	2100	8	26	0	2170
9664	1799	17	4	20	0	1840
9665	11	1568	1	16	0	1596
9666	3	1474	2	7	0	1486
9667	8	13	13	1460	0	1494
9668	3	2	2	1466	0	1473
9669	8	3	1	1452	0	1464
9670	1412	1	1	10	0	1424
9671	12	2	1434	4	0	1452
9672	3	1	6	1418	0	1428
9673	1410	1	1	12	0	1424
9674	5	1407	1	3	0	1416
9675	2	1407	1	6	0	1416
9676	6	10	1	1421	0	1438
9677	4	1	1	1429	0	1435
9678	2	0	1	1454	0	1457
9679	0	1464	0	7	0	1471
9680	1	5	0	1474	0	1480
9681	1	1	1474	7	0	1483
9682	1	0	1400	4	0	1405
9683	1402	0	5	7	0	1414
9684	7	1	4	1453	0	1465
9685	1471	1	4	9	0	1485
9686	1456	2	0	6	0	1464
9687	6	1486	3	2	0	1497
9688	1485	5	1	5	0	1496
9689	1515	1	0	8	0	1524
9690	7	1	1	1527	0	1536
9691	5	0	0	1557	0	1562
9692	1	1	1589	8	0	1599
9693	0	1635	6	1	0	1642
9694	13	7	1	1482	0	1503
9695	1	1	1	1658	0	1661
9696	1653	2	2	11	0	1668
9697	9	0	1	1654	0	1664
9698	1691	3	1	11	0	1706
9699	7	1	1	1737	0	1746
9700	3	1753	0	7	0	1763
9701	1810	7	1	12	0	1830
9702	11	3	2	2039	0	2055
9703	7	1	3	2219	0	2230
9704	2	0	0	2367	0	2369
9705	4	2	2352	29	0	2387
9706	9	2	20	2370	0	2401
9707	2425	1	5	39	0	2470
9708	26	1	4	2556	0	2587
9709	17	1	3	2857	0	2878
9710	16	0	1	2891	0	2908
9711	2	2876	2	57	0	2937
9712	4	3019	2	17	0	3042
9713	2962	56	2	25	0	3045
9714	48	3002	2	11	0	3063
9715	2978	54	4	16	0	3052
9716	2988	19	4	20	0	3031
9717	3019	6	1	24	0	3050
9718	67	6	2982	12	0	3067
9719	20	2999	45	14	0	3078
9720	3032	53	10	15	0	3110
9721	61	14	6	3024	0	3105
9722	30	13	5	3033	0	3081
9723	26	8	2	3022	0	3058
9724	13	2955	2	62	0	3032
9725	22	46	1	2998	0	3067
9726	2988	13	5	71	0	3077
9727	54	28	3	2910	0	2995
9728	22	8	5	2965	0	3000
9729	9	8	2903	71	0	2991
9730	13	4	2939	26	0	2982
9731	13	4	56	2925	0	2998
9732	24	8	13	2973	0	3018
9733	8	2968	13	74	0	3063
9734	13	51	6	2979	0	3049
9735	20	17	2	3038	0	3077
9736	16	12	2	3044	0	3074
9737	2974	10	6	87	0	3077
9738	56	3	3013	40	0	3112
9739	26	13	51	3039	0	3129
9740	3050	10	15	72	0	3147
9741	3061	7	5	30	0	3103
9742	66	12	9	3024	0	3111
9743	32	13	3	3077	0	3125
9744	3004	7	3	84	0	3098
9745	61	2969	5	39	0	3074
9746	16	2977	15	32	0	3040
9747	18	64	7	2962	0	3051
9748	2957	15	9	71	0	3052
9749	2990	9	4	47	0	3050
9750	2996	9	5	33	0	3043
9751	65	6	2977	36	0	3084
9752	2909	11	46	35	0	3001
9753	65	10	2887	25	0	2987
9754	2845	14	53	26	0	2938
9755	62	2862	19	33	0	2976
9756	25	55	2866	29	0	2975
9757	21	23	55	2861	0	2960
9758	26	14	2830	65	0	2935
9759	24	10	54	2812	0	2900
9760	2811	6	18	84	0	2919
9761	70	14	2803	34	0	2921
9762	37	9	56	2807	0	2909
9763	22	2907	20	76	0	3025
9764	26	51	22	2986	0	3085
9765	29	23	13	2989	0	3054
9766	32	12	18	2933	0	2995
9767	2934	15	3	106	0	3058
9768	2993	8	11	46	0	3058
9769	79	8	11	2964	0	3062
9770	34	22	2902	78	0	3036
9771	22	16	2882	38	0	2958
9772	31	12	62	2929	0	3034
9773	20	24	3021	70	0	3135
9774	27	12	57	3025	0	3121
9775	26	11	24	3000	0	3061
9776	33	8	18	3056	0	3115
9777	24	2935	21	83	0	3063
9778	28	2956	11	45	0	3040
9779	23	61	22	3067	0	3173
9780	21	22	14	3079	0	3136
9781	14	16	21	3088	0	3139
9782	3012	9	10	100	0	3131
9783	63	14	3076	47	0	3200
9784	28	7	55	3101	0	3191
9785	3058	7	23	97	0	3185
9786	60	3072	22	52	0	3206
9787	29	58	17	3149	0	3253
9788	24	20	16	3188	0	3248
9789	18	14	15	3159	0	3206
9790	17	11	9	3161	0	3198
9791	21	12	3072	89	0	3194
9792	2933	12	52	60	0	3057
9793	3031	4	21	49	0	3105
9794	69	11	2998	42	0	3120
9795	3006	6	60	27	0	3099
9796	3074	11	21	33	0	3139
9797	67	8	3072	42	0	3189
9798	29	3102	57	31	0	3219
9799	31	65	31	3063	0	3190
9800	27	11	3153	76	0	3267
9801	17	3060	63	42	0	3182
9802	29	40	2906	19	0	2994
9803	14	2722	41	21	0	2798
9804	14	39	18	2612	0	2683
9805	14	10	2607	40	0	2671
9806	10	10	33	2556	0	2609
9807	6	6	2683	40	0	2735
9808	4	2566	29	20	0	2619
9809	2263	4	9	6	0	2282
9810	4	2215	1	3	0	2223
9811	4	2340	5	2	0	2351
9812	28	9	16	2306	0	2359
9813	1	13	1	2316	0	2331
9814	2	0	0	2317	0	2319
9815	4	0	0	2295	0	2299
9816	1	0	0	2343	0	2344
9817	0	0	2569	4	0	2573
9818	6	1	5	2513	0	2525
9819	2	2	0	2658	0	2662
9820	2688	0	1	14	0	2703
9821	2756	0	1	9	0	2766
9822	2775	0	0	10	0	2785
9823	10	0	1	2810	0	2821
9824	3166	1	0	20	0	3187
9825	3463	0	0	9	0	3472
9826	3569	0	0	11	0	3580
9827	25	3	3612	0	0	3640
9828	3570	1	21	7	0	3599
9829	3743	1	7	9	0	3760
9830	3743	1	6	10	0	3760
9831	47	2	1	3779	0	3829
9832	14	3	3846	23	0	3886
9833	24	1	22	3807	0	3854
9834	4008	0	5	46	0	4059
9835	29	2	9	4077	0	4117
9836	13	4280	1	29	0	4323
9837	18	25	2	4402	0	4447
9838	4398	5	4	51	0	4458
9839	4464	5	0	30	0	4499
9840	4445	1	4	21	0	4471
9841	43	3	4598	7	0	4651
9842	39	2	31	4528	0	4600
9843	22	0	7	4707	0	4736
9844	11	5	4770	36	0	4822
9845	4	4664	34	24	0	4726
9846	14	34	4729	8	0	4785
9847	18	8	39	4791	0	4856
9848	4811	6	10	37	0	4864
9849	37	2	4967	15	0	5021
9850	29	4	32	4988	0	5053
9851	12	1	5004	41	0	5058
9852	4946	2	45	21	0	5014
9853	35	4	9	5102	0	5150
9854	20	5	5335	33	0	5393
9855	24	4	30	5323	0	5381
9856	9	6	5460	41	0	5516
9857	5	5525	42	15	0	5587
9858	13	35	10	5564	0	5622
9859	5630	7	17	60	0	5714
9860	51	9	6	5640	0	5706
9861	20	5	8	5581	0	5614
9862	5568	2	12	53	0	5635
9863	42	5357	4	26	0	5429
9864	18	5517	14	16	0	5565
9865	22	42	4	5570	0	5638
9866	9	5576	8	44	0	5637
9867	17	39	9	5619	0	5684
9868	20	8	6	5643	0	5677
9869	5685	12	7	61	0	5765
9870	45	5686	9	29	0	5769
9871	16	45	5708	20	0	5789
9872	17	5860	36	19	0	5932
9873	5810	47	9	30	0	5896
9874	5908	12	15	29	0	5964
9875	57	13	8	5873	0	5951
9876	6002	7	9	66	0	6084
9877	69	4	5	5995	0	6073
9878	6025	9	7	72	0	6113
9879	6144	5	11	37	0	6197
9880	70	14	7	6374	0	6465
9881	6430	4	9	73	0	6516
9882	68	12	6466	23	0	6569
9883	6387	2	45	46	0	6480
9884	70	8	16	6513	0	6607
9885	6540	5	16	79	0	6640
9886	67	6698	15	21	0	6801
9887	34	46	8	6744	0	6832
9888	33	17	14	6785	0	6849
9889	6745	9	12	80	0	6846
9890	62	14	6811	36	0	6923
9891	36	6807	49	31	0	6923
9892	32	49	19	6874	0	6974
9893	29	6885	19	62	0	6995
9894	30	59	12	7006	0	7107
9895	34	9	12	6921	0	6976
9896	33	19	11	7038	0	7101
9897	6998	9	11	86	0	7104
9898	68	10	9	6939	0	7026
9899	6977	13	7	80	0	7077
9900	6984	11	12	59	0	7066
9901	69	18	10	7058	0	7155
9902	7002	5	11	96	0	7114
9903	6992	9	3	57	0	7061
9904	66	10	7042	36	0	7154
9905	52	15	44	6893	0	7004
9906	7054	9	21	88	0	7172
9907	65	7140	17	31	0	7253
9908	7252	50	6	56	0	7364
9909	7259	13	14	42	0	7328
9910	73	25	7201	28	0	7327
9911	44	10	59	6998	0	7111
9912	7592	4	20	105	0	7721
9913	86	10	11	7833	0	7940
9914	54	13	24	7989	0	8080
9915	35	24	6	8119	0	8184
9916	42	10	18	8455	0	8525
9917	8474	11	8	147	0	8640
9918	129	19	8671	58	0	8877
9919	70	11	109	8888	0	9078
9920	44	11	9643	139	0	9837
9921	34	15	10048	61	0	10158
9922	9907	7	253	58	0	10225
9923	210	10	10675	39	0	10934
9924	105	10239	241	32	0	10617
9925	10321	194	161	42	0	10718
9926	10505	97	57	36	0	10695
9927	352	34	25	10239	0	10650
9928	147	18	10424	179	0	10768
9929	66	29	10428	98	0	10621
9930	10600	15	280	66	0	10961
9931	254	19	133	10836	0	11242
9932	10887	7	58	240	0	11192
9933	237	11137	47	116	0	11537
9934	11122	198	47	81	0	11448
9935	11193	103	28	51	0	11375
9936	330	10966	26	33	0	11355
9937	189	220	10	10998	0	11417
9938	11017	120	14	244	0	11395
9939	261	50	10951	114	0	11376
9940	140	11055	224	57	0	11476
9941	110	219	117	10985	0	11431
9942	11018	106	57	266	0	11447
9943	245	11159	40	135	0	11579
9944	11361	238	40	82	0	11721
9945	279	154	11239	49	0	11721
9946	11135	59	225	65	0	11484
9947	302	33	11433	21	0	11789
9948	11229	40	266	48	0	11583
9949	11206	24	145	56	0	11431
9950	381	27	11163	20	0	11591
9951	194	11160	252	26	0	11632
9952	172	218	140	10792	0	11322
9953	93	123	11282	227	0	11725
9954	77	11039	260	138	0	11514
9955	99	239	153	10761	0	11252
9956	93	140	79	11150	0	11462
9957	71	65	10914	351	0	11401
9958	83	42	270	10659	0	11054
9959	78	48	153	11000	0	11279
9960	66	27	10887	366	0	11346
9961	80	39	271	10626	0	11016
9962	54	10820	175	282	0	11331
9963	10929	233	99	197	0	11458
9964	292	137	82	10788	0	11299
9965	167	10983	103	268	0	11521
9966	131	254	75	10616	0	11076
9967	101	11238	82	256	0	11677
9968	112	311	11118	136	0	11677
9969	95	11251	265	105	0	11716
9970	11112	310	155	112	0	11689
9971	11137	172	98	109	0	11516
9972	11393	95	82	106	0	11676
9973	418	68	11410	70	0	11966
9974	249	75	11258	65	0	11647
9975	146	11704	383	68	0	12301
9976	178	267	201	11289	0	11935
9977	133	11946	97	257	0	12433
9978	154	330	97	11009	0	11590
9979	103	11871	90	259	0	12323
9980	11746	350	70	201	0	12367
9981	12546	204	74	133	0	12957
9982	493	126	71	12876	0	13566
9983	272	94	12841	359	0	13566
9984	12681	89	331	249	0	13350
9985	428	13007	219	138	0	13792
9986	287	349	128	12778	0	13542
9987	213	213	94	12737	0	13257
9988	145	13018	99	471	0	13733
9989	13087	389	97	282	0	13855
9990	408	244	12959	149	0	13760
9991	304	154	354	12904	0	13716
9992	12968	91	220	415	0	13694
9993	12989	107	149	258	0	13503
9994	542	12882	104	168	0	13696
9995	361	360	122	12603	0	13446
9996	197	13023	97	394	0	13711
9997	13225	423	82	277	0	14007
9998	414	246	13169	168	0	13997
9999	282	169	13250	122	0	13823
10000	204	139	489	13014	0	13846
10001	168	113	272	13094	0	13647
10002	123	13036	179	517	0	13855
10003	146	371	131	13171	0	13819
10004	110	230	13015	468	0	13823
10005	12832	155	367	310	0	13664
10006	407	122	227	13153	0	13909
10007	245	139	12941	443	0	13768
10008	201	108	373	12901	0	13583
10009	161	116	235	12825	0	13337
10010	112	12788	163	539	0	13602
10011	140	369	110	12874	0	13493
10012	133	226	127	12640	0	13126
10013	139	171	96	12591	0	12997
10014	11789	103	77	627	0	12596
10015	353	11520	96	360	0	12329
10016	231	11625	82	226	0	12164
10017	11120	376	73	190	0	11759
10018	10843	209	81	153	0	11286
10019	410	10440	93	115	0	11058
10020	195	9756	70	101	0	10122
10021	8848	244	57	99	0	9248
10022	202	8850	35	71	0	9158
10023	91	8725	31	71	0	8918
10024	8508	232	52	83	0	8875
10025	177	8562	31	70	0	8840
10026	8456	204	23	83	0	8766
10027	8385	119	32	82	0	8618
10028	8393	94	33	78	0	8598
10029	256	8288	38	56	0	8638
10030	152	8304	21	52	0	8529
10031	135	244	17	7961	0	8357
10032	86	8107	25	174	0	8392
10033	95	221	25	8180	0	8521
10034	8261	127	21	229	0	8638
10035	210	105	32	8130	0	8477
10036	118	8065	36	213	0	8432
10037	7950	199	34	141	0	8324
10038	217	7877	26	102	0	8222
10039	125	8159	13	75	0	8372
10040	128	305	22	7692	0	8147
10041	84	7924	21	174	0	8203
10042	7815	232	42	105	0	8194
10043	197	112	7680	93	0	8082
10044	104	7639	167	66	0	7976
10045	116	183	81	7614	0	7994
10046	71	128	7607	199	0	8005
10047	88	97	152	7490	0	7827
10048	85	94	73	7630	0	7882
10049	82	76	66	7667	0	7891
10050	80	83	55	7637	0	7855
10051	83	63	7442	270	0	7858
10052	62	7395	172	188	0	7817
10053	7316	186	91	156	0	7749
10054	178	115	7246	121	0	7660
10055	7194	111	159	135	0	7599
10056	227	92	7358	94	0	7771
10057	128	69	212	7357	0	7766
10058	100	70	7363	217	0	7750
10059	89	72	7522	135	0	7818
10060	91	63	223	7459	0	7836
10061	101	69	151	7139	0	7460
10062	77	79	90	7647	0	7893
10063	88	66	66	7590	0	7810
10064	7422	87	66	318	0	7893
10065	183	71	7412	201	0	7867
10066	7416	72	171	172	0	7831
10067	7497	71	83	135	0	7786
10068	7500	65	88	125	0	7778
10069	7465	86	49	100	0	7700
10070	7497	81	41	110	0	7729
10071	327	63	53	7241	0	7684
10072	199	60	6917	192	0	7368
10073	137	58	6704	132	0	7031
10074	104	6723	165	125	0	7117
10075	6353	191	128	111	0	6783
10076	198	129	69	6193	0	6589
10077	116	179	33	6097	0	6425
10078	115	6100	36	193	0	6444
10079	84	6043	37	124	0	6288
10080	99	5954	30	89	0	6172
10081	5070	195	32	66	0	5363
10082	113	112	17	4423	0	4665
10083	43	4366	16	75	0	4500
10084	33	74	14	4329	0	4450
10085	29	42	4247	73	0	4391
10086	37	31	4332	35	0	4435
10087	42	26	67	4648	0	4783
10088	4870	23	32	117	0	5042
10089	5162	23	19	63	0	5267
10090	5168	34	12	44	0	5258
10091	140	29	5122	28	0	5319
10092	76	36	98	5079	0	5289
10093	55	31	42	5268	0	5396
10094	29	30	5080	139	0	5278
10095	4869	31	87	85	0	5072
10096	123	24	5124	50	0	5321
10097	50	30	4979	26	0	5085
10098	36	21	5059	28	0	5144
10099	40	23	126	4868	0	5057
10100	35	21	52	5011	0	5119
10101	28	21	5075	137	0	5261
10102	54	16	103	5069	0	5242
10103	5130	13	66	140	0	5349
10104	105	20	51	5227	0	5403
10105	57	21	5271	140	0	5489
10106	37	15	5497	78	0	5627
10107	42	13	144	5442	0	5641
10108	5666	15	77	146	0	5904
10109	110	6013	51	84	0	6258
10110	6180	120	43	76	0	6419
10111	6287	53	42	62	0	6444
10112	196	29	6355	47	0	6627
10113	120	14	153	6306	0	6593
10114	6372	8	95	193	0	6668
10115	6338	7	63	129	0	6537
10116	197	6281	57	80	0	6615
10117	138	118	51	6322	0	6629
10118	90	61	47	6502	0	6700
10119	60	34	6336	221	0	6651
10120	74	19	148	6314	0	6555
10121	60	15	6356	186	0	6617
10122	69	15	6305	121	0	6510
10123	64	20	215	6198	0	6497
10124	6174	13	124	196	0	6507
10125	154	6003	77	125	0	6359
10126	6018	125	58	87	0	6288
10127	6057	70	50	76	0	6253
10128	226	5961	47	58	0	6292
10129	145	123	41	5741	0	6050
10130	5729	74	30	160	0	5993
10131	164	5730	32	94	0	6020
10132	5613	124	37	72	0	5846
10133	167	5458	21	68	0	5714
10134	121	116	31	5235	0	5503
10135	62	77	35	5361	0	5535
10136	5249	28	35	189	0	5501
10137	5208	34	32	111	0	5385
10138	193	5251	31	66	0	5541
10139	110	105	5140	55	0	5410
10140	72	76	5092	49	0	5289
10141	63	29	161	5020	0	5273
10142	47	5157	98	134	0	5436
10143	57	112	69	5232	0	5470
10144	61	67	46	5237	0	5411
10145	59	38	44	5270	0	5411
10146	41	46	5189	191	0	5467
10147	43	29	5131	129	0	5332
10148	50	5228	165	87	0	5530
10149	59	122	90	5238	0	5509
10150	58	80	62	5429	0	5629
10151	66	45	5306	186	0	5603
10152	5002	48	125	133	0	5308
10153	139	30	94	5365	0	5628
10154	96	37	5357	151	0	5641
10155	5176	32	136	127	0	5471
10156	154	5341	81	90	0	5666
10157	92	127	5492	71	0	5782
10158	78	78	138	5462	0	5756
10159	5419	34	99	162	0	5714
10160	139	29	5495	127	0	5790
10161	107	32	150	5518	0	5807
10162	78	38	104	5556	0	5776
10163	72	40	57	5981	0	6150
10164	5963	26	57	250	0	6296
10165	138	5770	57	157	0	6122
10166	116	129	51	5908	0	6204
10167	67	84	5999	196	0	6346
10168	76	48	146	5937	0	6207
10169	44	5871	107	186	0	6208
10170	44	6185	73	132	0	6434
10171	6108	179	53	108	0	6448
10172	6195	117	43	106	0	6461
10173	224	50	6078	69	0	6421
10174	6038	50	147	73	0	6308
10175	178	6072	120	53	0	6423
10176	6181	143	60	78	0	6462
10177	180	102	39	6146	0	6467
10178	152	49	6209	164	0	6574
10179	96	66	133	6240	0	6535
10180	78	59	6267	163	0	6567
10181	6140	38	165	154	0	6497
10182	159	35	118	6324	0	6636
10183	114	6440	56	192	0	6802
10184	89	151	47	6559	0	6846
10185	76	106	6561	182	0	6925
10186	53	6455	145	146	0	6799
10187	6033	157	98	117	0	6405
10188	118	5819	67	76	0	6080
10189	80	5668	52	43	0	5843
10190	72	161	24	5508	0	5765
10191	37	5625	41	104	0	5807
10192	59	120	35	5686	0	5900
10193	40	88	5583	140	0	5851
10194	5324	55	105	100	0	5584
10195	5589	38	65	67	0	5759
10196	167	39	5509	39	0	5754
10197	5379	33	104	61	0	5577
10198	126	5398	74	42	0	5640
10199	5464	108	50	46	0	5668
10200	143	89	31	5329	0	5592
10201	85	48	5357	107	0	5597
10202	42	5455	98	80	0	5675
10203	47	106	67	5398	0	5618
10204	39	61	40	5475	0	5615
10205	5272	35	23	151	0	5481
10206	5010	31	15	104	0	5160
10207	127	4928	31	58	0	5144
10208	67	4637	17	37	0	4758
10209	28	4479	16	13	0	4536
10210	35	65	22	4336	0	4458
10211	4296	25	25	53	0	4399
10212	4233	16	8	30	0	4287
10213	65	14	3	4210	0	4292
10214	33	16	5	4241	0	4295
10215	4230	4	5	78	0	4317
10216	55	11	7	4283	0	4356
10217	24	14	4285	52	0	4375
10218	4260	10	36	39	0	4345
10219	4359	16	15	31	0	4421
10220	68	12	4442	14	0	4536
10221	4504	7	35	27	0	4573
10222	65	15	15	4610	0	4705
10223	31	13	8	4610	0	4662
10224	20	8	12	4664	0	4704
10225	4557	8	6	90	0	4661
10226	52	4699	8	31	0	4790
10227	32	37	9	4720	0	4798
10228	28	4658	9	47	0	4742
10229	4669	45	9	38	0	4761
10230	58	22	10	4683	0	4773
10231	38	15	10	4724	0	4787
10232	25	4713	11	66	0	4815
10233	22	61	4669	36	0	4788
10234	21	19	45	4739	0	4824
10235	4792	15	22	78	0	4907
10236	5289	8	13	41	0	5351
10237	109	21	5566	29	0	5725
10238	60	14	91	5682	0	5847
10239	29	5795	39	98	0	5961
10240	38	100	21	5936	0	6095
10241	5882	46	9	136	0	6073
10242	5921	30	15	61	0	6027
10243	147	17	13	5834	0	6011
10244	69	5792	14	102	0	5977
10245	6211	95	7	70	0	6383
10246	134	52	6	6372	0	6564
10247	6414	26	12	135	0	6587
10248	6780	13	15	93	0	6901
10249	164	25	8	6780	0	6977
10250	102	17	12	6792	0	6923
10251	62	17	15	6926	0	7020
10252	48	6881	9	181	0	7119
10253	58	114	10	7018	0	7200
10254	48	48	10	7045	0	7151
10255	43	41	6817	178	0	7079
10256	48	25	6653	89	0	6815
10257	47	26	137	6680	0	6890
10258	6623	13	63	170	0	6869
10259	129	6691	29	77	0	6926
10260	6596	118	16	76	0	6806
10261	150	51	6688	57	0	6946
10262	73	33	6494	64	0	6664
10263	44	6492	130	58	0	6724
10264	61	120	59	6495	0	6735
10265	30	46	6507	135	0	6718
10266	17	43	6616	60	0	6736
10267	44	31	133	6502	0	6710
10268	6507	17	65	145	0	6734
10269	6536	16	41	67	0	6660
10270	147	16	32	6445	0	6640
10271	75	11	6981	132	0	7199
10272	71	20	104	7084	0	7279
10273	53	18	55	7062	0	7188
10274	29	7091	39	147	0	7306
10275	7100	94	37	105	0	7336
10276	7101	40	41	60	0	7242
10277	136	7157	28	53	0	7374
10278	82	96	30	6945	0	7153
10279	48	7074	38	110	0	7270
10280	7088	113	31	79	0	7311
10281	129	48	6967	62	0	7206
10282	72	38	6665	58	0	6833
10283	56	28	6727	39	0	6850
10284	47	22	140	6699	0	6908
10285	48	20	64	6752	0	6884
10286	6718	19	48	142	0	6927
10287	110	26	26	6732	0	6894
10288	66	29	20	6924	0	7039
10289	51	19	7249	151	0	7470
10290	42	32	7034	81	0	7189
10291	7058	25	125	78	0	7286
10292	106	7209	66	59	0	7440
10293	7362	83	41	68	0	7554
10294	135	51	40	7338	0	7564
10295	68	30	40	7356	0	7494
10296	50	7277	42	141	0	7510
10297	49	108	29	7348	0	7534
10298	7287	37	21	154	0	7499
10299	109	40	28	7361	0	7538
10300	70	23	7428	138	0	7659
10301	50	7297	108	88	0	7543
10302	7265	102	50	87	0	7504
10303	7369	48	51	73	0	7541
10304	7400	43	34	78	0	7555
10305	7445	26	36	79	0	7586
10306	173	34	33	7346	0	7586
10307	98	23	28	7448	0	7597
10308	70	23	7378	164	0	7635
10309	69	29	91	7381	0	7570
10310	61	18	7371	161	0	7611
10311	73	19	112	7371	0	7575
10312	7345	25	54	181	0	7605
10313	123	7564	52	92	0	7831
10314	82	103	34	7741	0	7960
10315	77	46	39	7883	0	8045
10316	7719	35	29	184	0	7967
10317	7536	27	32	133	0	7728
10318	150	34	7615	77	0	7876
10319	67	7627	104	103	0	7901
10320	78	86	58	7652	0	7874
10321	55	54	56	7667	0	7832
10322	7558	34	35	191	0	7818
10323	7540	27	43	111	0	7721
10324	147	30	7586	76	0	7839
10325	98	25	7545	51	0	7719
10326	72	31	137	7466	0	7706
10327	73	21	68	7630	0	7792
10328	51	24	7538	156	0	7769
10329	7290	18	115	110	0	7533
10330	129	23	61	7605	0	7818
10331	7497	13	51	171	0	7732
10332	113	7402	36	97	0	7648
10333	7587	80	39	103	0	7809
10334	146	48	8118	67	0	8379
10335	82	8008	119	59	0	8268
10336	48	7749	50	38	0	7885
10337	7324	64	84	62	0	7534
10338	7155	31	19	52	0	7257
10339	88	20	13	7136	0	7257
10340	43	7093	11	58	0	7205
10341	35	7236	13	51	0	7335
10342	37	60	16	7307	0	7420
10343	7336	34	10	89	0	7469
10344	7354	23	15	69	0	7461
10345	74	16	7046	25	0	7161
10346	6745	7	43	42	0	6837
10347	69	7263	23	18	0	7373
10348	7383	53	15	26	0	7477
10349	82	8855	13	25	0	8975
10350	32	9660	7	10	0	9709
10351	83	238	11	10410	0	10742
10352	11142	102	12	275	0	11531
10353	11438	68	8	118	0	11632
10354	360	32	11136	82	0	11610
10355	223	16	253	11172	0	11664
10356	11337	9	99	321	0	11766
10357	384	4	86	11362	0	11836
10358	11467	6	49	393	0	11915
10359	11568	10	34	203	0	11815
10360	418	12	11350	119	0	11899
10361	280	10	259	11096	0	11645
10362	196	10	93	11426	0	11725
10363	136	8	81	11490	0	11715
10364	71	22	11028	437	0	11558
10365	78	7	296	11029	0	11410
10366	71	9	116	10924	0	11120
10367	29	10907	87	424	0	11447
10368	23	270	10803	227	0	11323
10369	27	10978	285	176	0	11466
10370	10944	352	110	127	0	11533
10371	329	152	87	10353	0	10921
10372	182	115	62	10250	0	10609
10373	117	10401	50	372	0	10940
10374	10332	308	29	230	0	10899
10375	10527	118	13	185	0	10843
10376	522	10089	29	125	0	10765
10377	227	10587	22	82	0	10918
10378	10451	381	28	75	0	10935
10379	373	196	10224	51	0	10844
10380	189	138	10213	49	0	10589
10381	9953	99	362	91	0	10505
10382	319	10240	199	60	0	10818
10383	10311	295	134	91	0	10831
10384	402	130	10178	49	0	10759
10385	10185	110	311	100	0	10706
10386	402	10424	136	55	0	11017
10387	236	326	104	10428	0	11094
10388	210	138	79	10523	0	10950
10389	174	119	64	9854	0	10211
10390	126	72	46	10246	0	10490
10391	100	70	28	10090	0	10288
10392	82	9885	35	538	0	10540
10393	9875	299	51	328	0	10553
10394	328	134	9866	223	0	10551
10395	198	119	286	10011	0	10614
10396	145	94	9996	386	0	10621
10397	129	73	377	9994	0	10573
10398	120	53	179	10237	0	10589
10399	9885	37	150	507	0	10579
10400	320	53	9778	279	0	10430
10401	157	9712	336	212	0	10417
10402	179	320	147	9805	0	10451
10403	153	138	114	10077	0	10482
10404	93	115	9888	429	0	10525
10405	103	92	336	9922	0	10453
10406	84	97	141	10250	0	10572
10407	9664	57	109	553	0	10383
10408	307	9776	83	301	0	10467
10409	9805	320	65	240	0	10430
10410	10043	159	50	190	0	10442
10411	498	136	32	9815	0	10481
10412	270	108	9677	353	0	10408
10413	204	85	9723	192	0	10204
10414	171	67	408	9548	0	10194
10415	142	55	210	9533	0	9940
10416	87	9495	178	468	0	10228
10417	9475	298	117	292	0	10182
10418	343	9329	118	200	0	9990
10419	179	9608	69	179	0	10035
10420	9468	427	59	174	0	10128
10421	405	227	51	9314	0	9997
10422	192	9683	57	393	0	10325
10423	190	369	50	9784	0	10393
10424	121	173	9514	461	0	10269
10425	98	143	9647	267	0	10155
10426	107	104	400	9602	0	10213
10427	74	80	9709	433	0	10296
10428	86	65	439	9651	0	10241
10429	79	45	225	9778	0	10127
10430	70	48	183	9977	0	10278
10431	9359	56	108	611	0	10134
10432	317	9204	99	335	0	9955
10433	144	9503	80	264	0	9991
10434	8820	377	48	207	0	9452
10435	9032	188	42	176	0	9438
10436	434	173	54	8722	0	9383
10437	232	137	8724	336	0	9429
10438	198	100	295	8823	0	9416
10439	136	70	8775	428	0	9409
10440	108	8782	346	225	0	9461
10441	106	301	166	8921	0	9494
10442	8810	145	143	405	0	9503
10443	360	134	97	8898	0	9489
10444	162	100	8624	401	0	9287
10445	8563	76	319	228	0	9186
10446	372	69	8650	188	0	9279
10447	216	58	8445	141	0	8860
10448	142	7947	368	141	0	8598
10449	68	6372	174	78	0	6692
10450	74	5801	129	76	0	6080
10451	4374	143	210	115	0	4842
10452	3998	7	15	30	0	4050
10453	24	10	3	4061	0	4098
10454	15	1	2	4096	0	4114
10455	10	4	5	4230	0	4249
10456	5	4286	5	28	0	4324
10457	4300	17	5	29	0	4351
10458	19	4336	2	10	0	4367
10459	10	17	5	4393	0	4425
10460	4382	10	6	33	0	4431
10461	26	5	4	4454	0	4489
10462	13	4	3	4524	0	4544
10463	4553	6	2	33	0	4594
10464	4496	4	5	20	0	4525
10465	22	5	4532	5	0	4564
10466	10	8	4437	6	0	4461
10467	8	5	4589	5	0	4607
10468	12	3	26	4564	0	4605
10469	4	3	9	4655	0	4671
10470	3	4649	4	32	0	4688
10471	4742	19	7	26	0	4794
10472	29	7	8	4824	0	4868
10473	13	9	7	4902	0	4931
10474	10	4962	4	44	0	5020
10475	6	5233	7	21	0	5267
10476	8	38	3	5377	0	5426
10477	15	12	1	5994	0	6022
10478	6022	5	8	86	0	6121
10479	6082	3	4	39	0	6128
10480	82	10	2	6079	0	6173
10481	25	17	6052	70	0	6164
10482	25	12	5899	26	0	5962
10483	22	3	68	6046	0	6139
10484	22	7	22	5981	0	6032
10485	15	5965	26	77	0	6083
10486	5862	61	10	49	0	5982
10487	71	21	12	5877	0	5981
10488	22	12	5945	74	0	6053
10489	34	7	60	6054	0	6155
10490	10	6	6039	81	0	6136
10491	12	16	6093	32	0	6153
10492	24	21	76	6151	0	6272
10493	6152	9	34	102	0	6297
10494	70	7	6135	24	0	6236
10495	31	3	65	6103	0	6202
10496	14	9	6595	74	0	6692
10497	24	5	76	6515	0	6620
10498	24	0	29	6538	0	6591
10499	15	4	6557	89	0	6665
10500	14	7	6421	36	0	6478
10501	40	7	89	6131	0	6267
10502	13	1	36	6571	0	6621
10503	18	3	21	6651	0	6693
10504	20	3	21	6534	0	6578
10505	6451	6	17	124	0	6598
10506	6452	5	20	70	0	6547
10507	79	6445	15	41	0	6580
10508	6498	59	18	58	0	6633
10509	80	17	10	6597	0	6704
10510	6593	9	21	101	0	6724
10511	80	11	6600	36	0	6727
10512	6652	2	70	40	0	6764
10513	89	7	30	6692	0	6818
10514	43	2	23	6931	0	6999
10515	6901	2	22	131	0	7056
10516	108	6	21	7450	0	7585
10517	32	10	7796	126	0	7964
10518	7732	4	102	86	0	7924
10519	107	8049	49	46	0	8251
10520	56	93	36	8346	0	8531
10521	37	37	8958	137	0	9169
10522	48	20	130	8872	0	9070
10523	18	23	8985	173	0	9199
10524	52	12	153	9059	0	9276
10525	22	9144	58	177	0	9401
10526	44	129	43	9203	0	9419
10527	22	9553	35	168	0	9778
10528	77	173	26	9161	0	9437
10529	52	61	25	9932	0	10070
10530	60	31	19	10019	0	10129
10531	56	28	22	10006	0	10112
10532	51	22	22	10089	0	10184
10533	18	24	9804	289	0	10135
10534	56	13	176	9790	0	10035
10535	42	13	68	9992	0	10115
10536	9823	15	54	309	0	10201
10537	169	9798	48	142	0	10157
10538	9824	165	33	135	0	10157
10539	221	69	32	9867	0	10189
10540	79	49	9830	234	0	10192
10541	46	9801	184	136	0	10167
10542	9736	177	74	133	0	10120
10543	183	9643	66	97	0	9989
10544	63	9964	39	101	0	10167
10545	9797	237	33	112	0	10179
10546	216	99	45	10243	0	10603
10547	10211	65	30	289	0	10595
10548	270	41	16	10066	0	10393
10549	84	42	10090	298	0	10514
10550	71	40	10105	142	0	10358
10551	9794	37	251	142	0	10224
10552	10129	20	103	129	0	10381
10553	291	29	85	9825	0	10230
10554	144	35	49	9963	0	10191
10555	9524	41	51	329	0	9945
10556	254	9436	46	163	0	9899
10557	108	9720	33	117	0	9978
10558	9558	252	34	113	0	9957
10559	9639	105	39	123	0	9906
10560	283	9557	34	86	0	9960
10561	190	242	29	9478	0	9939
10562	108	101	9399	242	0	9850
10563	91	92	9456	108	0	9747
10564	9257	51	247	118	0	9673
10565	257	46	9444	77	0	9824
10566	129	44	251	9216	0	9640
10567	114	32	102	9163	0	9411
10568	85	9189	76	278	0	9628
10569	9180	222	64	152	0	9618
10570	275	79	43	9184	0	9581
10571	117	69	9033	270	0	9489
10572	95	9000	216	129	0	9440
10573	98	236	82	8958	0	9374
10574	79	91	8832	247	0	9249
10575	66	76	8675	125	0	8942
10576	67	8475	256	92	0	8890
10577	7746	183	108	80	0	8117
10578	185	7866	77	74	0	8202
10579	7804	190	54	89	0	8137
10580	204	90	7737	67	0	8098
10581	7568	78	190	70	0	7906
10582	208	7757	94	82	0	8141
10583	121	168	70	7740	0	8099
10584	86	72	56	7969	0	8183
10585	7805	72	55	253	0	8185
10586	203	65	7770	139	0	8177
10587	7774	59	184	117	0	8134
10588	7838	56	86	94	0	8074
10589	235	61	7547	82	0	7925
10590	126	46	7718	81	0	7971
10591	103	52	218	7506	0	7879
10592	7547	61	112	224	0	7944
10593	7619	43	92	136	0	7890
10594	238	7642	77	91	0	8048
10595	151	184	63	7738	0	8136
10596	118	94	42	7500	0	7754
10597	122	70	42	7565	0	7799
10598	113	49	50	7657	0	7869
10599	7448	51	54	306	0	7859
10600	234	41	52	7589	0	7916
10601	120	55	7461	266	0	7902
10602	111	47	7499	126	0	7783
10603	7339	47	238	116	0	7740
10604	232	7309	119	81	0	7741
10605	126	7623	95	70	0	7914
10606	123	227	70	7589	0	8009
10607	103	100	62	7705	0	7970
10608	105	77	44	7639	0	7865
10609	101	47	51	7735	0	7934
10610	64	60	7502	298	0	7924
10611	89	41	197	7473	0	7800
10612	103	42	74	7520	0	7739
10613	74	48	7152	284	0	7558
10614	6773	35	201	166	0	7175
10615	199	6931	93	148	0	7371
10616	6375	136	63	111	0	6685
10617	201	59	6144	65	0	6469
10618	78	41	5924	57	0	6100
10619	72	5811	173	40	0	6096
10620	5187	223	351	82	0	5843
10621	4832	44	65	59	0	5000
10622	4809	33	32	44	0	4918
10623	143	4697	24	34	0	4898
10624	4516	97	22	48	0	4683
10625	139	33	4482	30	0	4684
10626	50	4487	102	20	0	4659
10627	4265	82	32	46	0	4425
10628	90	4330	37	31	0	4488
10629	4152	85	25	28	0	4290
10630	4084	30	18	28	0	4160
10631	101	34	4171	14	0	4320
10632	62	4191	79	15	0	4347
10633	4168	77	39	23	0	4307
10634	92	26	4148	11	0	4277
10635	35	4147	86	15	0	4283
10636	43	84	31	4024	0	4182
10637	31	38	4036	79	0	4184
10638	25	24	3964	30	0	4043
10639	21	31	82	3967	0	4101
10640	3913	7	42	89	0	4051
10641	70	3935	37	34	0	4076
10642	32	65	3912	26	0	4035
10643	35	29	3835	15	0	3914
10644	3707	33	78	18	0	3836
10645	77	3903	45	9	0	4034
10646	3384	49	24	13	0	3470
10647	50	3435	13	3	0	3501
10648	3488	49	15	11	0	3563
10649	3445	13	9	13	0	3480
10650	48	3397	9	3	0	3457
10651	34	38	5	3425	0	3502
10652	3665	17	10	48	0	3740
10653	50	19	11	3746	0	3826
10654	28	8	9	3981	0	4026
10655	3982	9	8	67	0	4066
10656	47	3974	12	30	0	4063
10657	4035	48	7	37	0	4127
10658	60	20	4045	9	0	4134
10659	34	16	40	4090	0	4180
10660	33	7	19	4063	0	4122
10661	4068	9	23	69	0	4169
10662	4086	6	9	39	0	4140
10663	69	12	8	4064	0	4153
10664	47	8	4150	49	0	4254
10665	33	13	46	4150	0	4242
10666	18	15	18	4222	0	4273
10667	20	10	17	4218	0	4265
10668	30	9	5	4241	0	4285
10669	4191	7	6	98	0	4302
10670	58	13	4157	53	0	4281
10671	30	4255	47	32	0	4364
10672	36	39	18	4219	0	4312
10673	23	19	22	4328	0	4392
10674	13	25	4318	78	0	4434
10675	18	12	4273	51	0	4354
10676	20	9	68	4404	0	4501
10677	23	7	39	4481	0	4550
10678	15	8	4392	89	0	4504
10679	22	6	54	4367	0	4449
10680	4426	8	29	94	0	4557
10681	67	4559	29	51	0	4706
10682	35	54	4529	32	0	4650
10683	25	4576	64	33	0	4698
10684	27	71	24	4680	0	4802
10685	20	28	4687	75	0	4810
10686	15	4675	63	48	0	4801
10687	27	59	29	4733	0	4848
10688	18	31	4810	71	0	4930
10689	26	30	67	4769	0	4892
10690	27	16	26	4827	0	4896
10691	4819	8	27	115	0	4969
10692	81	6	16	4874	0	4977
10693	4864	10	22	111	0	5007
10694	4713	11	18	62	0	4804
10695	4737	8	22	48	0	4815
10696	111	14	12	4732	0	4869
10697	50	6	4622	87	0	4765
10698	36	14	4505	44	0	4599
10699	4642	7	80	59	0	4788
10700	69	16	4714	25	0	4824
10701	4573	8	83	37	0	4701
10702	73	4681	39	32	0	4825
10703	4720	55	31	46	0	4852
10704	75	24	4787	29	0	4915
10705	39	17	4890	31	0	4977
10706	51	12	83	4957	0	5103
10707	24	8	5159	98	0	5289
10708	27	15	5276	39	0	5357
10709	37	13	102	5543	0	5695
10710	37	8	43	5759	0	5847
10711	26	8	39	5920	0	5993
10712	13	5869	30	148	0	6060
10713	37	96	20	5829	0	5982
10714	28	6035	31	127	0	6221
10715	6027	116	29	80	0	6252
10716	6125	48	19	62	0	6254
10717	132	32	21	5932	0	6117
10718	65	5939	26	127	0	6157
10719	49	104	6117	60	0	6330
10720	6111	42	119	62	0	6334
10721	152	27	43	6107	0	6329
10722	80	14	45	6155	0	6294
10723	55	24	37	6252	0	6368
10724	6097	9	29	218	0	6353
10725	143	5928	27	93	0	6191
10726	52	6107	36	76	0	6271
10727	5872	148	19	57	0	6096
10728	130	5937	24	55	0	6146
10729	5974	142	24	53	0	6193
10730	5991	52	22	52	0	6117
10731	162	5857	24	38	0	6081
10732	71	135	30	5772	0	6008
10733	53	5866	18	134	0	6071
10734	60	129	33	5869	0	6091
10735	60	55	19	6161	0	6295
10736	6127	34	15	214	0	6390
10737	6369	31	20	107	0	6527
10738	186	28	23	6316	0	6553
10739	93	27	6154	171	0	6445
10740	6071	25	136	101	0	6333
10741	158	6147	57	85	0	6447
10742	86	132	35	6178	0	6431
10743	89	63	26	6232	0	6410
10744	63	42	24	6320	0	6449
10745	6029	33	25	235	0	6322
10746	6074	39	20	123	0	6256
10747	190	5818	18	85	0	6111
10748	82	5944	34	69	0	6129
10749	80	167	25	5913	0	6185
10750	69	75	19	6017	0	6180
10751	61	53	5854	194	0	6162
10752	54	56	131	5696	0	5937
10753	34	40	5580	184	0	5838
10754	26	31	5333	83	0	5473
10755	49	5300	158	57	0	5564
10756	56	130	78	5302	0	5566
10757	5284	49	46	180	0	5559
10758	145	35	37	5233	0	5450
10759	71	31	5166	174	0	5442
10760	5091	37	122	90	0	5340
10761	5218	28	45	75	0	5366
10762	179	37	5115	61	0	5392
10763	101	25	128	5221	0	5475
10764	5125	22	47	161	0	5355
10765	167	5134	38	82	0	5421
10766	5169	144	37	66	0	5416
10767	5324	52	23	82	0	5481
10768	196	44	30	5220	0	5490
10769	104	27	24	5414	0	5569
10770	5330	38	23	203	0	5594
10771	189	26	10	5333	0	5558
10772	88	33	5246	195	0	5562
10773	5142	20	135	131	0	5428
10774	5266	34	51	92	0	5443
10775	198	5104	39	68	0	5409
10776	104	5248	28	43	0	5423
10777	78	172	25	5076	0	5351
10778	44	5163	35	159	0	5401
10779	62	176	28	5164	0	5430
10780	5080	68	20	176	0	5344
10781	4999	49	22	96	0	5166
10782	175	4889	23	72	0	5159
10783	4835	136	20	76	0	5067
10784	175	4790	21	50	0	5036
10785	4784	144	18	61	0	5007
10786	4855	59	23	54	0	4991
10787	200	44	4673	49	0	4966
10788	4607	45	132	45	0	4829
10789	185	4539	60	40	0	4824
10790	92	4661	34	51	0	4838
10791	4639	158	34	45	0	4876
10792	182	66	20	4596	0	4864
10793	92	51	4584	142	0	4869
10794	63	51	126	4594	0	4834
10795	61	43	46	4684	0	4834
10796	70	23	4511	192	0	4796
10797	4390	30	134	87	0	4641
10798	144	4385	52	102	0	4683
10799	4383	124	42	57	0	4606
10800	195	56	29	4242	0	4522
10801	4245	48	19	136	0	4448
10802	173	4148	22	72	0	4415
10803	102	136	18	4162	0	4418
10804	4106	55	11	165	0	4337
10805	163	48	3839	72	0	4122
10806	87	26	3635	55	0	3803
10807	3465	39	144	47	0	3695
10808	132	3359	55	46	0	3592
10809	55	2965	34	27	0	3081
10810	118	122	32	2690	0	2962
10811	27	2783	20	80	0	2910
10812	42	101	23	2786	0	2952
10813	35	39	18	2835	0	2927
10814	31	23	18	2769	0	2841
10815	26	2699	13	101	0	2839
10816	33	71	15	2705	0	2824
10817	31	44	2614	91	0	2780
10818	29	2599	66	50	0	2744
10819	14	73	25	2386	0	2498
10820	34	2415	17	56	0	2522
10821	2408	59	12	42	0	2521
10822	2439	23	18	25	0	2505
10823	2446	16	11	27	0	2500
10824	89	2434	10	16	0	2549
10825	45	59	9	2430	0	2543
10826	43	24	2374	49	0	2490
10827	26	27	2355	32	0	2440
10828	2298	17	60	37	0	2412
10829	2323	19	30	32	0	2404
10830	81	10	15	2417	0	2523
10831	44	17	12	2498	0	2571
10832	28	12	2536	71	0	2647
10833	24	2508	51	53	0	2636
10834	30	2511	33	28	0	2602
10835	16	41	2320	14	0	2391
10836	14	75	44	2078	0	2211
10837	16	18	15	1872	0	1921
10838	20	6	7	2111	0	2144
10839	14	13	3	2109	0	2139
10840	2093	11	6	36	0	2146
10841	37	8	2019	20	0	2084
10842	2026	8	25	9	0	2068
10843	35	11	12	2032	0	2090
10844	2044	8	4	35	0	2091
10845	38	8	5	2034	0	2085
10846	17	12	2057	29	0	2115
10847	26	5	27	2055	0	2113
10848	9	5	2113	29	0	2156
10849	17	7	27	2058	0	2109
10850	12	5	2123	32	0	2172
10851	2	2154	33	16	0	2205
10852	13	27	14	2146	0	2200
10853	13	15	5	2162	0	2195
10854	4	2179	9	36	0	2228
10855	2231	25	4	22	0	2282
10856	31	9	2	2226	0	2268
10857	15	9	8	2238	0	2270
10858	2255	3	7	51	0	2316
10859	2279	6	7	25	0	2317
10860	2363	9	8	16	0	2396
10861	2362	6	7	19	0	2394
10862	38	8	2296	12	0	2354
10863	2286	6	25	11	0	2328
10864	2354	7	9	17	0	2387
10865	44	4	8	2255	0	2311
10866	23	6	3	2251	0	2283
10867	2190	4	9	42	0	2245
10868	31	2157	10	18	0	2216
10869	19	21	5	2096	0	2141
10870	8	8	2148	16	0	2180
10871	5	2136	14	10	0	2165
10872	2107	24	14	17	0	2162
10873	2104	9	9	10	0	2132
10874	2107	2	1	7	0	2117
10875	2129	2	2	7	0	2140
10876	23	2	1	2080	0	2106
10877	4	2	2077	14	0	2097
10878	7	6	2172	5	0	2190
10879	5	2	21	2329	0	2357
10880	2451	0	5	22	0	2478
10881	21	3	1	2477	0	2502
10882	7	3	2523	20	0	2553
10883	2528	1	19	10	0	2558
10884	2535	0	5	10	0	2550
10885	28	3	6	2553	0	2590
10886	11	4	2625	17	0	2657
10887	12	2	2630	7	0	2651
10888	2538	0	23	12	0	2573
10889	20	2639	10	7	0	2676
10890	9	18	2631	3	0	2661
10891	11	4	28	2618	0	2661
10892	2619	3	10	28	0	2660
10893	21	2556	6	12	0	2595
10894	8	2588	10	9	0	2615
10895	2594	20	6	10	0	2630
10896	24	8	5	2588	0	2625
10897	2800	2	5	28	0	2835
10898	31	3	2	2877	0	2913
10899	15	1	8	2911	0	2935
10900	8	3	2907	34	0	2952
10901	12	6	2797	14	0	2829
10902	12	4	2950	9	0	2975
10903	14	3	40	2971	0	3028
10904	3004	0	20	36	0	3060
10905	36	1	3032	19	0	3088
10906	30	8	29	3025	0	3092
10907	11	12	3128	30	0	3181
10908	13	3169	32	20	0	3234
10909	15	26	18	3199	0	3258
10910	19	14	5	3221	0	3259
10911	16	7	9	3228	0	3260
10912	3179	5	8	52	0	3244
10913	37	5	12	3166	0	3220
10914	26	3	17	3196	0	3242
10915	3167	6	11	59	0	3243
10916	37	3	3142	25	0	3207
10917	3100	4	34	27	0	3165
10918	3088	3	17	23	0	3131
10919	54	7	3097	8	0	3166
10920	3051	7	42	22	0	3122
10921	49	4	18	3160	0	3231
10922	21	7	3217	39	0	3284
10923	3197	4	37	36	0	3274
10924	3229	1	19	35	0	3284
10925	52	6	9	3238	0	3305
10926	28	3	15	3255	0	3301
10927	21	4	9	3285	0	3319
10928	3212	1	9	65	0	3287
10929	43	3211	11	29	0	3294
10930	3118	25	11	29	0	3183
10931	42	2992	8	21	0	3063
10932	27	2969	14	13	0	3023
10933	24	37	16	2991	0	3068
10934	17	12	13	3035	0	3077
10935	26	3	9	3006	0	3044
10936	27	6	15	2999	0	3047
10937	21	2	2965	52	0	3040
10938	2925	4	36	39	0	3004
10939	35	5	21	3011	0	3072
10940	23	5	3023	52	0	3103
10941	32	3	36	3031	0	3102
10942	22	7	17	3073	0	3119
10943	14	8	3181	57	0	3260
10944	24	11	37	3172	0	3244
10945	26	17	18	3159	0	3220
10946	3190	11	8	70	0	3279
10947	43	6	3241	35	0	3325
10948	3138	4	39	40	0	3221
10949	44	3253	15	28	0	3340
10950	3229	32	15	32	0	3308
10951	3193	11	12	30	0	3246
10952	56	5	10	3188	0	3259
10953	30	9	3161	53	0	3253
10954	22	3320	41	31	0	3414
10955	23	37	19	3224	0	3303
10956	15	3467	15	42	0	3539
10957	3466	43	20	44	0	3573
10958	49	15	3391	27	0	3482
10959	18	6	3370	36	0	3430
10960	26	4	54	3334	0	3418
10961	19	9	3451	52	0	3531
10962	21	8	44	3490	0	3563
10963	25	11	19	3455	0	3510
10964	3529	5	7	71	0	3612
10965	47	3555	16	35	0	3653
10966	25	39	21	3614	0	3699
10967	23	17	11	3667	0	3718
10968	21	17	10	3645	0	3693
10969	19	3597	15	67	0	3698
10970	18	3647	13	33	0	3711
10971	3594	44	14	34	0	3686
10972	3598	15	19	37	0	3669
10973	3601	13	11	27	0	3652
10974	65	10	3534	34	0	3643
10975	30	14	45	3536	0	3625
10976	32	3	3516	56	0	3607
10977	19	3507	50	31	0	3607
10978	3332	51	31	34	0	3448
10979	38	14	3292	22	0	3366
10980	24	9	38	3168	0	3239
10981	15	10	3241	45	0	3311
10982	3131	5	36	37	0	3209
10983	3234	5	20	18	0	3277
10984	3266	6	7	17	0	3296
10985	3241	6	8	17	0	3272
10986	41	11	3291	10	0	3353
10987	3199	3	31	26	0	3259
10988	3236	9	14	26	0	3285
10989	49	3222	12	7	0	3290
10990	3212	26	14	17	0	3269
10991	3266	13	11	14	0	3304
10992	44	5	7	3194	0	3250
10993	14	3302	12	35	0	3363
10994	3431	31	5	36	0	3503
10995	3684	19	11	21	0	3735
10996	71	6	4162	17	0	4256
10997	18	7	4176	9	0	4210
10998	14	2	4282	10	0	4308
10999	24	24	105	4194	0	4347
11000	4195	5	42	86	0	4328
11001	83	4206	15	37	0	4341
11002	4135	90	11	34	0	4270
11003	97	4179	6	14	0	4296
11004	4105	92	8	20	0	4225
11005	90	4106	10	14	0	4220
11006	35	4228	3	12	0	4278
11007	4028	99	5	24	0	4156
11008	77	4099	9	3	0	4188
11009	37	94	9	4062	0	4202
11010	23	27	4099	79	0	4228
11011	17	17	4136	21	0	4191
11012	19	8	91	4032	0	4150
11013	17	4	39	4137	0	4197
11014	8	9	4121	96	0	4234
11015	21	3	85	4060	0	4169
11016	15	6	28	4139	0	4188
11017	4101	14	17	111	0	4243
11018	80	4111	11	43	0	4245
11019	43	89	3	3978	0	4113
11020	26	4145	9	72	0	4252
11021	4130	93	10	39	0	4272
11022	83	4140	15	16	0	4254
11023	4137	91	12	26	0	4266
11024	4193	36	10	20	0	4259
11025	115	22	6	4095	0	4238
11026	61	14	9	4106	0	4190
11027	41	13	11	4175	0	4240
11028	25	16	7	4177	0	4225
11029	17	10	4040	123	0	4190
11030	3845	18	82	62	0	4007
11031	90	4035	28	33	0	4186
11032	38	90	13	4096	0	4237
11033	32	35	13	4136	0	4216
11034	24	4112	11	109	0	4256
11035	4114	94	17	53	0	4278
11036	93	4157	14	28	0	4292
11037	44	101	13	4203	0	4361
11038	34	36	6	4325	0	4401
11039	23	27	9	4323	0	4382
11040	20	23	9	4304	0	4356
11041	4212	10	8	144	0	4374
11042	99	15	4199	46	0	4359
11043	48	10	89	4110	0	4257
11044	27	21	39	4170	0	4257
11045	23	14	25	4202	0	4264
11046	29	10	19	4172	0	4230
11047	4024	18	12	139	0	4193
11048	106	14	4016	55	0	4191
11049	47	16	87	3899	0	4049
11050	29	3874	24	99	0	4026
11051	17	4054	19	48	0	4138
11052	3976	108	3	51	0	4138
11053	97	49	3989	23	0	4158
11054	3769	23	84	36	0	3912
11055	107	21	3859	18	0	4005
11056	36	14	85	3687	0	3822
11057	3769	10	27	111	0	3917
11058	82	3853	21	52	0	4008
11059	42	79	17	3763	0	3901
11060	27	3743	11	91	0	3872
11061	3786	90	17	55	0	3948
11062	3830	31	18	48	0	3927
11063	100	22	13	3803	0	3938
11064	40	14	3737	110	0	3901
11065	39	15	3752	48	0	3854
11066	26	18	100	3682	0	3826
11067	20	3802	38	88	0	3948
11068	25	97	22	3933	0	4077
11069	28	40	8	3825	0	3901
11070	30	32	4	3778	0	3844
11071	25	21	3778	128	0	3952
11072	24	9	80	3770	0	3883
11073	20	17	27	3844	0	3908
11074	17	3771	21	141	0	3950
11075	14	89	16	3741	0	3860
11076	19	24	12	3961	0	4016
11077	12	19	21	3990	0	4042
11078	25	8	11	4024	0	4068
11079	16	13	16	3976	0	4021
11080	18	13	14	3981	0	4026
11081	17	8	11	3908	0	3944
11082	14	19	6	3866	0	3905
11083	20	18	3644	148	0	3830
11084	19	22	80	3687	0	3808
11085	3659	14	23	129	0	3825
11086	97	10	19	3643	0	3769
11087	35	16	3726	115	0	3892
11088	3648	7	80	70	0	3805
11089	3833	12	28	55	0	3928
11090	3841	6	24	47	0	3918
11091	3870	14	11	45	0	3940
11092	128	11	5	3859	0	4003
11093	42	14	3793	104	0	3953
11094	23	3639	73	66	0	3801
11095	19	3421	32	41	0	3513
11096	30	73	105	2798	0	3006
11097	24	4	21	2866	0	2915
11098	10	3	5	2841	0	2859
11099	7	4	4	2968	0	2983
11100	8	2	3	3293	0	3306
11101	3533	4	3	80	0	3620
11102	64	3561	2	26	0	3653
11103	19	3742	8	14	0	3783
11104	22	83	7	3739	0	3851
11105	15	19	2	3849	0	3885
11106	10	11	4	3825	0	3850
11107	15	5	2	3819	0	3841
11108	3	6	3677	109	0	3795
11109	9	3642	70	38	0	3759
11110	13	66	13	3647	0	3739
11111	3606	22	8	92	0	3728
11112	76	9	5	3642	0	3732
11113	16	7	3656	93	0	3772
11114	15	8	3545	36	0	3604
11115	10	10	3723	25	0	3768
11116	15	10	84	3624	0	3733
11117	3742	10	29	94	0	3875
11118	68	4	10	3776	0	3858
11119	34	2	9	3872	0	3917
11120	3773	6	5	119	0	3903
11121	77	5	9	3823	0	3914
11122	30	4	15	3878	0	3927
11123	15	10	3970	98	0	4093
11124	10	3976	74	50	0	4110
11125	26	69	19	4121	0	4235
11126	4059	20	14	99	0	4192
11127	72	15	15	4143	0	4245
11128	25	13	4144	92	0	4274
11129	20	7	79	4134	0	4240
11130	12	4168	22	113	0	4315
11131	21	73	15	4256	0	4365
11132	6	26	4187	103	0	4322
11133	8	4445	80	58	0	4591
11134	21	88	22	4520	0	4651
11135	24	27	8	4945	0	5004
11136	21	17	13	5048	0	5099
11137	29	10	16	5078	0	5133
11138	5	19	4952	146	0	5122
11139	5	4956	107	63	0	5131
11140	4943	85	36	64	0	5128
11141	5031	35	20	42	0	5128
11142	127	18	15	4978	0	5138
11143	42	13	4930	128	0	5113
11144	4868	12	100	65	0	5045
11145	116	8	33	5000	0	5157
11146	33	11	5113	129	0	5286
11147	29	9	109	5146	0	5293
11148	34	8	37	5179	0	5258
11149	29	10	16	5237	0	5292
11150	19	9	5223	162	0	5413
11151	35	7	104	5104	0	5250
11152	21	5230	41	119	0	5411
11153	5189	102	23	75	0	5389
11154	5245	35	21	52	0	5353
11155	5247	18	16	61	0	5342
11156	134	5146	21	44	0	5345
11157	5122	98	24	55	0	5299
11158	125	38	22	5038	0	5223
11159	4996	18	14	160	0	5188
11160	5009	17	14	82	0	5122
11161	129	13	4895	61	0	5098
11162	50	4866	112	45	0	5073
11163	4875	105	38	51	0	5069
11164	128	36	26	4862	0	5052
11165	62	18	4811	119	0	5010
11166	40	4808	109	60	0	5017
11167	4730	112	41	53	0	4936
11168	146	34	20	4758	0	4958
11169	68	16	14	4848	0	4946
11170	48	25	20	4835	0	4928
11171	35	4760	14	158	0	4967
11172	41	100	14	4797	0	4952
11173	24	4737	19	140	0	4920
11174	25	113	25	4770	0	4933
11175	23	48	4748	135	0	4954
11176	36	34	108	4757	0	4935
11177	40	17	36	4846	0	4939
11178	41	15	29	4895	0	4980
11179	30	19	4740	172	0	4961
11180	31	26	112	4720	0	4889
11181	45	27	36	4854	0	4962
11182	38	22	19	4916	0	4995
11183	35	11	32	4927	0	5005
11184	41	21	19	4946	0	5027
11185	19	20	4791	180	0	5010
11186	26	22	100	4757	0	4905
11187	32	14	46	4744	0	4836
11188	4514	15	27	199	0	4755
11189	103	4472	40	91	0	4706
11190	47	4622	25	70	0	4764
11191	45	117	14	4616	0	4792
11192	35	38	16	4601	0	4690
11193	18	4388	24	164	0	4594
11194	27	109	17	4449	0	4602
11195	23	4408	10	153	0	4594
11196	44	94	13	4402	0	4553
11197	38	36	16	4375	0	4465
11198	17	27	4160	151	0	4355
11199	22	4032	93	73	0	4220
11200	21	3838	23	68	0	3950
11201	3316	67	44	53	0	3480
11202	51	3339	15	36	0	3441
11203	28	58	19	3269	0	3374
11204	23	33	3189	62	0	3307
11205	23	21	40	3170	0	3254
11206	3130	14	20	91	0	3255
11207	47	15	3222	46	0	3330
11208	26	3290	52	30	0	3398
11209	51	51	23	3056	0	3181
11210	14	26	12	3387	0	3439
11211	3407	12	14	85	0	3518
11212	53	14	12	3477	0	3556
11213	23	18	11	3466	0	3518
11214	13	17	9	3487	0	3526
11215	14	14	7	3446	0	3481
11216	3349	9	10	97	0	3465
11217	3314	20	15	62	0	3411
11218	62	9	9	3337	0	3417
11219	3261	12	11	85	0	3369
11220	56	13	8	3244	0	3321
11221	31	8	3176	67	0	3282
11222	25	8	3127	44	0	3204
11223	22	21	52	2931	0	3026
11224	16	2978	21	63	0	3078
11225	23	37	9	2942	0	3011
11226	2895	17	14	72	0	2998
11227	51	18	10	2954	0	3033
11228	2938	6	8	78	0	3030
11229	49	15	8	2971	0	3043
11230	28	15	2998	59	0	3100
11231	25	2907	35	42	0	3009
11232	12	2986	19	37	0	3054
11233	28	59	15	2672	0	2774
11234	9	14	2707	47	0	2777
11235	2	2322	21	11	0	2356
11236	16	32	3	2204	0	2255
11237	2178	4	4	27	0	2213
11238	15	2	2232	10	0	2259
11239	6	1	12	2268	0	2287
11240	1	2	3	2328	0	2334
11241	4	4	2317	19	0	2344
11242	4	4	2214	7	0	2229
11243	1	4	2342	6	0	2353
11244	4	1	15	2339	0	2359
11245	1	3	2395	18	0	2417
11246	2220	2	15	13	0	2250
11247	18	2	5	2417	0	2442
11248	8	2	2862	22	0	2894
11249	3	2914	20	12	0	2949
11250	2	16	2913	3	0	2934
11251	4	8	22	2892	0	2926
11252	3013	0	6	34	0	3053
11253	23	1	3	3141	0	3168
11254	13	0	0	3175	0	3188
11255	3390	1	1	51	0	3443
11256	40	0	2	3494	0	3536
11257	12	4	3548	43	0	3607
11258	3496	2	41	22	0	3561
11259	39	3614	14	9	0	3676
11260	3670	39	4	8	0	3721
11261	48	13	2	3662	0	3725
11262	14	5	3649	43	0	3711
11263	10	1	3679	16	0	3706
11264	12	6	46	3712	0	3776
11265	12	3	18	3696	0	3729
11266	5	2	3712	49	0	3768
11267	3	7	3601	19	0	3630
11268	3657	0	52	13	0	3722
11269	41	1	20	3705	0	3767
11270	3708	1	11	46	0	3766
11271	50	2	3	3698	0	3753
11272	24	2	3850	48	0	3924
11273	8	1	4003	19	0	4031
11274	13	0	61	4054	0	4128
11275	14	4	20	4147	0	4185
11276	9	1	4253	61	0	4324
11277	4238	1	50	34	0	4323
11278	65	5	19	4398	0	4487
11279	4623	0	13	63	0	4699
11280	62	5177	11	27	0	5277
11281	41	91	6	5266	0	5404
11282	5321	24	5	111	0	5461
11283	101	14	5352	36	0	5503
11284	49	5	100	5383	0	5537
11285	38	4	33	5410	0	5485
11286	21	1	17	5558	0	5597
11287	8	3	5446	135	0	5592
11288	24	12	98	5348	0	5482
11289	6	5421	40	120	0	5587
11290	22	87	15	5513	0	5637
11291	8	26	5484	119	0	5637
11292	10	10	5560	45	0	5625
11293	25	9	135	5510	0	5679
11294	31	5	41	5619	0	5696
11295	27	4	24	5697	0	5752
11296	21	3	26	5704	0	5754
11297	5566	4	12	160	0	5742
11298	5567	4	15	80	0	5666
11299	133	3	5528	41	0	5705
11300	44	5565	111	37	0	5757
11301	33	94	42	5723	0	5892
11302	5815	32	29	132	0	6008
11303	5361	18	29	92	0	5500
11304	5889	12	9	59	0	5969
11305	5937	8	19	46	0	6010
11306	154	10	5818	23	0	6005
11307	5653	6	113	38	0	5810
11308	122	5656	45	28	0	5851
11309	58	97	24	5707	0	5886
11310	33	31	5720	124	0	5908
11311	38	22	116	5653	0	5829
11312	29	10	5649	138	0	5826
11313	32	12	117	5644	0	5805
11314	30	6	56	5793	0	5885
11315	5689	10	32	169	0	5900
11316	125	15	25	5728	0	5893
11317	48	14	5737	149	0	5948
11318	40	5	121	5861	0	6027
11319	5834	10	51	162	0	6057
11320	119	4	31	5931	0	6085
11321	58	8	5886	148	0	6100
11322	28	5808	119	87	0	6042
11323	5997	99	58	66	0	6220
11324	126	38	35	5840	0	6039
11325	45	6083	38	136	0	6302
11326	6054	112	29	82	0	6277
11327	140	36	6024	55	0	6255
11328	56	5986	112	52	0	6206
11329	41	106	52	6069	0	6268
11330	30	44	5962	136	0	6172
11331	38	17	132	5894	0	6081
11332	5882	18	53	170	0	6123
11333	126	16	5823	86	0	6051
11334	75	12	129	5802	0	6018
11335	43	13	5876	150	0	6082
11336	55	13	133	5825	0	6026
11337	46	19	58	6000	0	6123
11338	5804	15	42	192	0	6053
11339	128	5845	28	91	0	6092
11340	65	101	26	5908	0	6100
11341	5859	41	29	155	0	6084
11342	5939	18	26	100	0	6083
11343	162	24	32	5814	0	6032
11344	63	5703	30	140	0	5936
11345	46	5840	29	76	0	5991
11346	42	133	27	5764	0	5966
11347	34	38	30	5778	0	5880
11348	5295	21	21	174	0	5511
11349	117	24	29	5292	0	5462
11350	48	14	5109	150	0	5321
11351	4932	9	104	85	0	5130
11352	118	4987	38	54	0	5197
11353	4958	84	26	61	0	5129
11354	112	32	5062	40	0	5246
11355	45	5119	85	44	0	5293
11356	5025	101	48	45	0	5219
11357	5047	29	35	42	0	5153
11358	111	18	5028	28	0	5185
11359	4966	24	93	36	0	5119
11360	5073	18	32	28	0	5151
11361	121	5037	28	30	0	5216
11362	52	80	30	5137	0	5299
11363	30	27	5070	110	0	5237
11364	44	19	91	5208	0	5362
11365	26	21	5289	120	0	5456
11366	27	24	108	5245	0	5404
11367	5331	11	39	126	0	5507
11368	114	5	30	5504	0	5653
11369	40	8	6003	128	0	6179
11370	6070	16	114	55	0	6255
11371	162	8	35	6244	0	6449
11372	45	12	6105	137	0	6299
11373	5889	7	134	71	0	6101
11374	162	11	56	6007	0	6236
11375	59	13	5881	150	0	6103
11376	46	13	5784	57	0	5900
11377	49	61	152	5644	0	5906
11378	22	7	5792	143	0	5964
11379	23	5529	133	59	0	5744
11380	35	92	41	4960	0	5128
11381	4930	14	35	93	0	5072
11382	80	14	4981	27	0	5102
11383	21	8	4948	27	0	5004
11384	4779	4	104	29	0	4916
11385	91	5	4962	16	0	5074
11386	4765	1	100	32	0	4898
11387	91	4	4972	12	0	5079
11388	40	1	100	4888	0	5029
11389	24	3	5051	81	0	5159
11390	32	5	101	5002	0	5140
11391	14	8	5183	92	0	5297
11392	17	4	5146	37	0	5204
11393	4909	4	110	36	0	5059
11394	76	5150	49	21	0	5296
11395	5215	68	42	25	0	5350
11396	95	5280	31	18	0	5424
11397	48	78	35	5301	0	5462
11398	49	23	26	5416	0	5514
11399	5386	15	32	107	0	5540
11400	92	12	31	5309	0	5444
11401	34	6	5297	99	0	5436
11402	5080	6	91	50	0	5227
11403	5242	2	39	44	0	5327
11404	98	7	45	5215	0	5365
11405	49	12	5286	88	0	5435
11406	45	10	95	5222	0	5372
11407	25	5331	44	90	0	5490
11408	37	77	32	5356	0	5502
11409	33	27	24	5438	0	5522
11410	21	22	5331	113	0	5487
11411	4895	20	87	68	0	5070
11412	85	5263	28	54	0	5430
11413	5269	80	35	42	0	5426
11414	107	5309	24	36	0	5476
11415	46	86	24	5222	0	5378
11416	40	5352	27	84	0	5503
11417	36	88	5256	34	0	5414
11418	32	33	90	5083	0	5238
11419	43	20	31	5158	0	5252
11420	23	16	36	5313	0	5388
11421	5169	10	25	140	0	5344
11422	92	18	35	5164	0	5309
11423	5047	14	18	137	0	5216
11424	5109	22	25	65	0	5221
11425	5027	15	30	56	0	5128
11426	124	22	5010	42	0	5198
11427	69	15	98	5034	0	5216
11428	54	20	46	5308	0	5428
11429	43	22	43	5399	0	5507
11430	5523	12	24	175	0	5734
11431	132	22	40	5559	0	5753
11432	54	12	35	5726	0	5827
11433	5837	10	27	196	0	6070
11434	144	16	47	6011	0	6218
11435	63	14	6127	170	0	6374
11436	55	14	6215	81	0	6365
11437	58	9	157	6208	0	6432
11438	6137	17	72	175	0	6401
11439	6092	5	45	94	0	6236
11440	186	13	48	6055	0	6302
11441	77	7	6022	162	0	6268
11442	59	5953	151	69	0	6232
11443	51	126	58	6082	0	6317
11444	46	31	53	6184	0	6314
11445	64	21	42	6164	0	6291
11446	6042	12	45	225	0	6324
11447	154	22	6079	92	0	6347
11448	6052	10	149	88	0	6299
11449	181	15	47	6001	0	6244
11450	62	6037	55	161	0	6315
11451	6119	127	37	80	0	6363
11452	6114	35	36	80	0	6265
11453	174	33	6223	65	0	6495
11454	85	5814	140	56	0	6095
11455	53	5917	49	64	0	6083
11456	5850	137	43	66	0	6096
11457	177	41	32	5839	0	6089
11458	91	33	26	5861	0	6011
11459	63	26	35	5847	0	5971
11460	53	5565	28	211	0	5857
11461	39	5783	24	98	0	5944
11462	5673	141	20	87	0	5921
11463	171	49	24	5646	0	5890
11464	55	34	5891	167	0	6147
11465	69	23	146	6056	0	6294
11466	42	40	6496	189	0	6767
11467	52	30	6538	85	0	6705
11468	52	24	6511	62	0	6649
11469	27	5721	211	32	0	5991
11470	65	146	133	5355	0	5699
11471	14	5533	65	138	0	5750
11472	47	156	39	5184	0	5426
11473	36	59	20	5581	0	5696
11474	5433	47	14	224	0	5718
11475	160	16	15	5511	0	5702
11476	5383	21	9	200	0	5613
11477	5485	11	14	96	0	5606
11478	198	12	9	5302	0	5521
11479	90	5232	12	171	0	5505
11480	73	129	17	5142	0	5361
11481	46	5221	11	168	0	5446
11482	49	157	11	5200	0	5417
11483	29	61	5181	186	0	5457
11484	35	48	136	5215	0	5434
11485	28	31	52	5353	0	5464
11486	5081	24	35	223	0	5363
11487	138	5122	25	111	0	5396
11488	78	139	26	5147	0	5390
11489	57	61	13	5121	0	5252
11490	44	4977	23	201	0	5245
11491	45	141	25	5003	0	5214
11492	4695	67	11	229	0	5002
11493	4924	46	13	113	0	5096
11494	185	4792	15	89	0	5081
11495	94	157	17	4810	0	5078
11496	4631	56	25	184	0	4896
11497	155	4714	17	91	0	4977
11498	87	157	17	4508	0	4769
11499	49	4671	19	169	0	4908
11500	4646	162	16	99	0	4923
11501	162	76	4576	64	0	4878
11502	70	54	4611	61	0	4796
11503	65	41	191	4553	0	4850
11504	35	36	4625	173	0	4869
11505	36	27	189	4519	0	4771
11506	4485	26	92	191	0	4794
11507	156	19	4513	104	0	4792
11508	79	33	157	4512	0	4781
11509	67	23	70	4614	0	4774
11510	4480	33	62	222	0	4797
11511	162	4534	33	114	0	4843
11512	4530	129	30	109	0	4798
11513	4560	73	12	75	0	4720
11514	200	4419	18	75	0	4712
11515	120	154	19	4450	0	4743
11516	85	75	4364	165	0	4689
11517	71	51	128	4348	0	4598
11518	36	4391	59	194	0	4680
11519	4401	154	40	110	0	4705
11520	167	71	31	4449	0	4718
11521	71	58	4448	185	0	4762
11522	55	44	138	4538	0	4775
11523	43	44	70	4658	0	4815
11524	46	54	38	4683	0	4821
11525	49	29	34	4704	0	4816
11526	38	34	36	4601	0	4709
11527	29	30	4347	273	0	4679
11528	43	28	4168	163	0	4402
11529	39	3917	158	97	0	4211
11530	33	3994	72	69	0	4168
11531	3880	149	59	54	0	4142
11532	129	71	3851	53	0	4104
11533	3569	55	122	54	0	3800
11534	123	44	3449	36	0	3652
11535	76	33	3225	38	0	3372
11536	58	20	143	3118	0	3339
11537	3208	20	80	113	0	3421
11538	103	28	41	3252	0	3424
11539	65	20	35	3296	0	3416
11540	37	14	3480	156	0	3687
11541	32	14	97	3561	0	3704
11542	32	11	52	3563	0	3658
11543	22	11	38	3588	0	3659
11544	28	14	26	3583	0	3651
11545	30	9	30	3594	0	3663
11546	3408	11	16	190	0	3625
11547	96	18	16	3456	0	3586
11548	50	11	3297	161	0	3519
11549	51	20	88	3360	0	3519
11550	34	23	3289	137	0	3483
11551	35	17	104	3323	0	3479
11552	22	9	3413	149	0	3593
11553	23	15	115	3194	0	3347
11554	12	15	62	3337	0	3426
11555	17	11	3226	154	0	3408
11556	3055	10	86	106	0	3257
11557	81	16	3254	58	0	3409
11558	50	31	92	3281	0	3454
11559	3332	7	63	116	0	3518
11560	100	7	43	3398	0	3548
11561	74	19	25	3435	0	3553
11562	30	9	3395	160	0	3594
11563	29	3290	74	109	0	3502
11564	16	2918	46	63	0	3043
11565	9	2788	27	50	0	2874
11566	52	17	62	2156	0	2287
11567	2218	8	21	13	0	2260
11568	9	2	3	2224	0	2238
11569	8	3	2	2212	0	2225
11570	4	1	1	2262	0	2268
11571	4	0	1	2269	0	2274
11572	2	2240	4	21	0	2267
11573	2	10	3	2312	0	2327
11574	1	8	3	2326	0	2338
11575	1	2310	0	25	0	2336
11576	2365	11	1	15	0	2392
11577	8	8	1	2388	0	2405
11578	2388	3	0	17	0	2408
11579	2374	2	4	12	0	2392
11580	17	2450	0	7	0	2474
11581	11	11	6	2620	0	2648
11582	6	8	2622	14	0	2650
11583	6	4	2544	10	0	2564
11584	4	15	13	2576	0	2608
11585	2622	1	13	21	0	2657
11586	2672	0	5	19	0	2696
11587	14	1	4	2746	0	2765
11588	2762	2	1	23	0	2788
11589	15	2763	1	12	0	2791
11590	2772	9	5	14	0	2800
11591	15	3021	3	5	0	3044
11592	12	17	2	3072	0	3103
11593	10	10	2	3094	0	3116
11594	4	3088	1	22	0	3115
11595	3087	14	6	18	0	3125
11596	17	10	3065	5	0	3097
11597	8	5	13	3073	0	3099
11598	6	4	3147	15	0	3172
11599	9	1	18	3120	0	3148
11600	3169	1	7	25	0	3202
11601	13	0	3	3181	0	3197
11602	3158	0	4	26	0	3188
11603	3136	0	4	18	0	3158
11604	22	1	1	3158	0	3182
11605	12	3	3141	20	0	3176
11606	7	3325	13	12	0	3357
11607	6	12	5	3352	0	3375
11608	3332	8	4	36	0	3380
11609	15	8	3361	13	0	3397
11610	14	4	13	3356	0	3387
11611	12	4	7	3393	0	3416
11612	7	0	5	3483	0	3495
11613	3484	1	7	26	0	3518
11614	18	1	5	3457	0	3481
11615	10	2	4	3521	0	3537
11616	7	3	3568	28	0	3606
11617	14	2	19	3563	0	3598
11618	12	3	8	3641	0	3664
11619	8	2	4	3746	0	3760
11620	9	3711	7	29	0	3756
11621	6	13	3	3730	0	3752
11622	9	12	1	3686	0	3708
11623	3600	7	2	34	0	3643
11624	15	6	3570	16	0	3607
11625	12	8	3418	6	0	3444
11626	6	3597	21	8	0	3632
11627	9	14	10	3694	0	3727
11628	3692	7	4	23	0	3726
11629	20	5	2	3678	0	3705
11630	14	0	5	3711	0	3730
11631	6	3	2	3756	0	3767
11632	8	1	4	3720	0	3733
11633	9	3	0	3717	0	3729
11634	6	4	3697	30	0	3737
11635	9	1	16	3689	0	3715
11636	3678	5	6	33	0	3722
11637	15	3656	6	14	0	3691
11638	11	18	2	3747	0	3778
11639	8	7	7	3723	0	3745
11640	3	7	3661	27	0	3698
11641	9	2	16	3590	0	3617
11642	8	4	6	3851	0	3869
11643	3902	0	9	44	0	3955
11644	26	4038	2	20	0	4086
11645	10	24	4	4116	0	4154
11646	12	10	0	4161	0	4183
11647	7	6	1	4189	0	4203
11648	8	2	4245	45	0	4300
11649	4	3	4077	30	0	4114
11650	4	4213	40	15	0	4272
11651	4	4344	16	15	0	4379
11652	10	35	9	4296	0	4350
11653	6	4241	17	39	0	4303
11654	9	55	6	4695	0	4765
11655	16	17	0	5090	0	5123
11656	7	10	4	5331	0	5352
11657	15	2	2	5818	0	5837
11658	2	8	5829	112	0	5951
11659	18	2	71	5763	0	5854
11660	17	7	41	5848	0	5913
11661	18	5	18	5985	0	6026
11662	5774	4	11	176	0	5965
11663	67	5873	18	106	0	6064
11664	54	72	12	5664	0	5802
11665	21	5885	12	124	0	6042
11666	5773	85	15	99	0	5972
11667	5346	58	7	106	0	5517
11668	103	5864	5	49	0	6021
11669	55	6024	8	43	0	6130
11670	45	138	5871	30	0	6084
11671	29	6062	76	25	0	6192
11672	47	116	40	5964	0	6167
11673	6010	79	18	114	0	6221
11674	91	6123	20	66	0	6300
11675	68	118	20	6229	0	6435
11676	36	86	22	6278	0	6422
11677	41	55	15	6385	0	6496
11678	6279	41	18	188	0	6526
11679	108	49	6241	103	0	6501
11680	6044	40	74	92	0	6250
11681	115	6151	58	65	0	6389
11682	71	122	24	6185	0	6402
11683	45	72	6083	129	0	6329
11684	5850	49	98	97	0	6094
11685	120	6091	60	55	0	6326
11686	95	121	30	6000	0	6246
11687	37	6133	29	115	0	6314
11688	47	117	25	6180	0	6369
11689	50	81	22	6276	0	6429
11690	30	52	6106	182	0	6370
11691	33	38	5859	108	0	6038
11692	40	50	138	5899	0	6127
11693	16	50	5992	152	0	6210
11694	33	20	121	6006	0	6180
11695	38	29	84	5891	0	6042
11696	29	18	52	6149	0	6248
11697	5984	17	42	218	0	6261
11698	112	31	41	6087	0	6271
11699	60	26	6106	168	0	6360
11700	6085	22	102	154	0	6363
11701	117	21	76	6261	0	6475
11702	82	16	47	6338	0	6483
11703	6208	24	36	206	0	6474
11704	104	6359	48	132	0	6643
11705	90	96	30	6455	0	6671
11706	51	64	28	6354	0	6497
11707	6208	30	30	235	0	6503
11708	128	35	6197	140	0	6500
11709	82	27	97	6210	0	6416
11710	50	29	70	6263	0	6412
11711	60	23	36	6151	0	6270
11712	36	6100	41	205	0	6382
11713	51	97	30	6231	0	6409
11714	6066	59	24	215	0	6364
11715	108	6076	30	140	0	6354
11716	5956	107	21	117	0	6201
11717	106	6077	20	111	0	6314
11718	6072	116	19	114	0	6321
11719	142	81	5959	81	0	6263
11720	101	66	5891	75	0	6133
11721	5923	47	138	92	0	6200
11722	143	51	6049	72	0	6315
11723	99	56	122	6011	0	6288
11724	93	35	102	5595	0	5825
11725	62	38	62	6153	0	6315
11726	6034	32	49	202	0	6317
11727	127	30	5893	139	0	6189
11728	5890	38	125	108	0	6161
11729	155	31	71	6145	0	6402
11730	6132	34	49	188	0	6403
11731	151	29	51	6183	0	6414
11732	6376	22	46	176	0	6620
11733	176	29	47	6844	0	7096
11734	122	31	7009	214	0	7376
11735	7116	26	157	146	0	7445
11736	7378	24	90	115	0	7607
11737	268	27	43	7301	0	7639
11738	142	26	54	7227	0	7449
11739	99	7279	50	235	0	7663
11740	7094	141	49	152	0	7436
11741	191	7246	30	113	0	7580
11742	7044	149	31	119	0	7343
11743	199	82	6990	92	0	7363
11744	124	50	6921	87	0	7182
11745	94	44	6842	73	0	7053
11746	6734	37	222	88	0	7081
11747	179	6876	109	56	0	7220
11748	138	132	62	6719	0	7051
11749	6680	77	66	175	0	6998
11750	176	6736	35	115	0	7062
11751	129	249	52	6419	0	6849
11752	69	6484	50	148	0	6751
11753	67	6293	45	93	0	6498
11754	76	6249	26	79	0	6430
11755	5672	187	42	74	0	5975
11756	127	5627	29	51	0	5834
11757	47	5017	28	30	0	5122
11758	29	5037	35	27	0	5128
11759	4955	107	45	31	0	5138
11760	4984	47	22	29	0	5082
11761	113	38	4831	21	0	5003
11762	4744	16	82	38	0	4880
11763	4879	17	41	17	0	4954
11764	121	24	20	4795	0	4960
11765	4885	21	17	95	0	5018
11766	102	29	4788	38	0	4957
11767	39	5000	75	31	0	5145
11768	5042	89	30	21	0	5182
11769	121	50	14	5158	0	5343
11770	5176	31	9	104	0	5320
11771	106	28	5022	44	0	5200
11772	5049	28	71	25	0	5173
11773	126	18	28	5090	0	5262
11774	60	22	5072	83	0	5237
11775	28	4860	87	35	0	5010
11776	25	5064	30	24	0	5143
11777	50	110	29	4929	0	5118
11778	43	35	11	4862	0	4951
11779	28	4949	11	76	0	5064
11780	4954	84	14	39	0	5091
11781	4930	34	14	35	0	5013
11782	4878	19	56	25	0	4978
11783	118	4948	14	20	0	5100
11784	70	77	8	4749	0	4904
11785	40	4960	21	71	0	5092
11786	4950	89	13	44	0	5096
11787	4906	41	6	34	0	4987
11788	106	4843	11	25	0	4985
11789	4884	88	10	23	0	5005
11790	107	46	9	4852	0	5014
11791	62	29	8	4894	0	4993
11792	4900	13	3	134	0	5050
11793	4781	17	13	61	0	4872
11794	4842	22	15	29	0	4908
11795	141	16	11	4753	0	4921
11796	70	19	8	4847	0	4944
11797	33	22	4731	118	0	4904
11798	31	28	77	4724	0	4860
11799	31	28	30	4652	0	4741
11800	35	26	4511	104	0	4676
11801	48	20	4398	50	0	4516
11802	30	27	4537	30	0	4624
11803	36	24	108	4464	0	4632
11804	40	22	4391	89	0	4542
11805	41	25	86	4319	0	4471
11806	59	21	32	4436	0	4548
11807	33	29	4371	114	0	4547
11808	41	26	4393	51	0	4511
11809	37	23	104	4327	0	4491
11810	24	18	4548	108	0	4698
11811	29	18	4554	51	0	4652
11812	25	4481	115	33	0	4654
11813	4565	94	45	38	0	4742
11814	4595	34	30	44	0	4703
11815	4616	27	26	39	0	4708
11816	120	4485	28	24	0	4657
11817	60	4549	23	28	0	4660
11818	44	101	16	4547	0	4708
11819	41	45	23	4534	0	4643
11820	28	26	4442	119	0	4615
11821	31	23	101	4399	0	4554
11822	4395	19	47	110	0	4571
11823	109	10	33	4250	0	4402
11824	41	4358	31	111	0	4541
11825	4455	86	26	46	0	4613
11826	4524	43	29	40	0	4636
11827	4588	25	14	47	0	4674
11828	137	18	4474	35	0	4664
11829	73	14	77	4501	0	4665
11830	4853	18	44	112	0	5027
11831	111	22	4934	45	0	5112
11832	58	4633	88	49	0	4828
11833	22	4258	44	28	0	4352
11834	3867	79	44	28	0	4018
11835	69	3829	22	19	0	3939
11836	51	63	12	3694	0	3820
11837	24	30	3775	74	0	3903
11838	30	28	63	3739	0	3860
11839	3723	12	22	81	0	3838
11840	64	3673	19	38	0	3794
11841	3657	64	13	24	0	3758
11842	75	22	3648	20	0	3765
11843	44	12	66	3525	0	3647
11844	20	3741	25	67	0	3853
11845	25	58	16	3808	0	3907
11846	3783	31	20	78	0	3912
11847	3814	19	8	43	0	3884
11848	3850	14	8	22	0	3894
11849	3865	14	11	21	0	3911
11850	101	13	8	3737	0	3859
11851	36	11	3872	71	0	3990
11852	31	16	64	3781	0	3892
11853	20	3898	21	72	0	4011
11854	3922	58	11	42	0	4033
11855	68	28	3888	20	0	4004
11856	3790	13	69	24	0	3896
11857	78	7	31	3853	0	3969
11858	29	13	3961	77	0	4080
11859	29	13	65	3955	0	4062
11860	4004	7	27	83	0	4121
11861	4043	9	18	43	0	4113
11862	4071	7	13	33	0	4124
11863	98	12	4021	9	0	4140
11864	54	17	55	4027	0	4153
11865	24	15	4107	70	0	4216
11866	20	4090	70	33	0	4213
11867	3877	61	33	23	0	3994
11868	54	3831	15	21	0	3921
11869	3649	49	17	14	0	3729
11870	54	15	8	3584	0	3661
11871	31	3648	8	43	0	3730
11872	3682	44	16	30	0	3772
11873	52	16	3707	14	0	3789
11874	27	11	50	3663	0	3751
11875	3727	6	10	57	0	3800
11876	58	12	3723	16	0	3809
11877	32	11	47	3608	0	3698
11878	16	3600	27	50	0	3693
11879	14	47	17	3768	0	3846
11880	15	28	9	3759	0	3811
11881	3705	14	5	66	0	3790
11882	52	3701	12	28	0	3793
11883	33	50	9	3671	0	3763
11884	24	3727	11	51	0	3813
11885	23	64	10	3725	0	3822
11886	26	3785	7	50	0	3868
11887	3777	54	18	27	0	3876
11888	61	18	3808	26	0	3913
11889	41	14	44	3805	0	3904
11890	29	12	24	3809	0	3874
11891	24	12	14	3843	0	3893
11892	25	11	13	3795	0	3844
11893	20	10	3762	75	0	3867
11894	19	3908	49	34	0	4010
11895	3922	51	16	34	0	4023
11896	3966	25	13	36	0	4040
11897	63	3916	11	26	0	4016
11898	3997	56	12	34	0	4099
11899	3992	21	11	35	0	4059
11900	57	4070	10	27	0	4164
11901	42	49	10	4015	0	4116
11902	24	4123	19	53	0	4219
11903	4094	60	12	32	0	4198
11904	65	18	4058	28	0	4169
11905	3830	14	53	31	0	3928
11906	54	11	4121	26	0	4212
11907	36	13	49	4072	0	4170
11908	4088	15	24	61	0	4188
11909	67	12	4040	24	0	4143
11910	3851	8	55	27	0	3941
11911	3969	19	14	28	0	4030
11912	80	11	13	4010	0	4114
11913	30	4024	19	53	0	4126
11914	4104	56	10	32	0	4202
11915	61	29	6	4103	0	4199
11916	30	4048	8	51	0	4137
11917	4117	47	9	29	0	4202
11918	65	24	15	4129	0	4233
11919	32	4360	13	55	0	4460
11920	25	50	14	4495	0	4584
11921	4530	23	12	82	0	4647
11922	4542	12	6	44	0	4604
11923	4573	16	15	21	0	4625
11924	88	6	10	4503	0	4607
11925	38	8	11	4504	0	4561
11926	20	16	4506	70	0	4612
11927	27	22	53	4513	0	4615
11928	23	11	4678	69	0	4781
11929	19	10	4344	25	0	4398
11930	9	11	4151	15	0	4186
11931	11	4340	36	10	0	4397
11932	10	29	32	4214	0	4285
11933	9	4690	13	28	0	4740
11934	4793	41	4	20	0	4858
11935	4840	8	5	17	0	4870
11936	57	13	4	4993	0	5067
11937	23	3	5231	50	0	5307
11938	31	2	61	5165	0	5259
11939	6	16	5430	74	0	5526
11940	21	6	70	5358	0	5455
11941	10	5430	16	70	0	5526
11942	6	5607	20	24	0	5657
11943	5551	72	13	27	0	5663
11944	70	29	5552	13	0	5664
11945	34	18	69	5483	0	5604
11946	30	7	9	5630	0	5676
11947	5639	13	22	83	0	5757
11948	66	5657	10	38	0	5771
11949	5670	59	12	28	0	5769
11950	71	5818	13	17	0	5919
11951	5668	75	8	28	0	5779
11952	5832	21	11	28	0	5892
11953	90	17	8	5868	0	5983
11954	29	12	5903	71	0	6015
11955	5747	13	62	42	0	5864
11956	67	5933	16	24	0	6040
11957	6022	67	16	26	0	6131
11958	88	20	11	5863	0	5982
11959	36	16	8	5879	0	5939
11960	25	5849	15	85	0	5974
11961	31	70	4	5820	0	5925
11962	19	5922	7	76	0	6024
11963	31	74	7	5856	0	5968
11964	17	20	9	5830	0	5876
11965	5668	18	7	99	0	5792
11966	76	17	5743	40	0	5876
11967	22	5709	65	36	0	5832
11968	32	67	16	5768	0	5883
11969	5797	19	19	102	0	5937
11970	5892	27	8	40	0	5967
11971	5867	7	8	44	0	5926
11972	95	22	5796	27	0	5940
11973	5821	17	77	24	0	5939
11974	108	11	23	5922	0	6064
11975	5892	15	14	97	0	6018
11976	103	5824	15	31	0	5973
11977	42	76	7	5887	0	6012
11978	5819	16	17	104	0	5956
11979	98	5975	12	34	0	6119
11980	45	82	13	6038	0	6178
11981	39	33	6064	94	0	6230
11982	6154	26	89	42	0	6311
11983	6504	18	15	50	0	6587
11984	144	13	6468	18	0	6643
11985	60	6331	105	20	0	6516
11986	38	6541	27	26	0	6632
11987	30	118	38	6535	0	6721
11988	60	37	15	6327	0	6439
11989	44	43	21	6571	0	6679
11990	27	27	6655	149	0	6858
11991	6601	28	119	83	0	6831
11992	6968	24	27	61	0	7080
11993	7077	21	33	49	0	7180
11994	7068	16	25	46	0	7155
11995	7144	20	23	52	0	7239
11996	7300	20	21	51	0	7392
11997	210	28	19	7543	0	7800
11998	86	20	7439	168	0	7713
11999	73	18	7577	57	0	7725
12000	52	20	167	7584	0	7823
12001	70	23	63	7611	0	7767
12002	76	19	36	7666	0	7797
12003	50	7636	22	203	0	7911
12004	7679	172	31	100	0	7982
12005	189	7913	20	78	0	8200
12006	88	189	22	7859	0	8158
12007	7814	43	19	208	0	8084
12008	193	7842	20	78	0	8133
12009	79	182	28	7858	0	8147
12010	93	56	15	7988	0	8152
12011	70	52	11	8006	0	8139
12012	50	7800	20	259	0	8129
12013	51	180	30	7899	0	8160
12014	46	55	7856	244	0	8201
12015	74	53	172	7997	0	8296
12016	59	47	35	8178	0	8319
12017	54	40	39	8466	0	8599
12018	59	40	22	8618	0	8739
12019	54	34	8247	314	0	8649
12020	38	8258	208	154	0	8658
12021	61	203	54	8380	0	8698
12022	58	71	70	8578	0	8777
12023	62	65	39	8524	0	8690
12024	47	8150	39	332	0	8568
12025	39	8515	42	188	0	8784
12026	8298	260	23	164	0	8745
12027	236	100	19	8229	0	8584
12028	73	73	8061	278	0	8485
12029	70	8050	210	111	0	8441
12030	7788	226	65	137	0	8216
12031	222	81	7667	101	0	8071
12032	87	65	7656	84	0	7892
12033	67	53	7495	72	0	7687
12034	74	98	273	7233	0	7678
12035	34	45	7307	237	0	7623
12036	28	7035	254	98	0	7415
12037	38	174	79	6811	0	7102
12038	30	55	6844	232	0	7161
12039	32	66	219	6658	0	6975
12040	6559	60	81	253	0	6953
12041	183	38	6601	121	0	6943
12042	6419	25	195	137	0	6776
12043	205	6619	98	87	0	7009
12044	6552	199	77	67	0	6895
12045	248	67	55	6569	0	6939
12046	6547	61	56	232	0	6896
12047	6621	47	62	116	0	6846
12048	6500	42	65	115	0	6722
12049	246	6529	57	82	0	6914
12050	6490	183	56	90	0	6819
12051	6593	67	52	84	0	6796
12052	269	52	6392	55	0	6768
12053	127	6303	200	67	0	6697
12054	131	188	74	6236	0	6629
12055	118	77	74	6372	0	6641
12056	86	67	57	6437	0	6647
12057	77	57	6219	260	0	6613
12058	73	43	206	6274	0	6596
12059	77	36	6244	272	0	6629
12060	6164	35	222	135	0	6556
12061	6406	31	94	121	0	6652
12062	252	45	6306	95	0	6698
12063	6302	39	213	74	0	6628
12064	6503	48	84	82	0	6717
12065	6537	30	83	90	0	6740
12066	309	28	67	6240	0	6644
12067	160	34	6270	223	0	6687
12068	132	6284	195	101	0	6712
12069	104	188	71	6282	0	6645
12070	85	68	6319	245	0	6717
12071	84	62	6107	117	0	6370
12072	5972	45	219	123	0	6359
12073	193	6260	112	95	0	6660
12074	6236	177	86	116	0	6615
12075	6346	56	64	91	0	6557
12076	238	6265	69	74	0	6646
12077	6269	176	61	86	0	6592
12078	256	71	6351	77	0	6755
12079	130	57	6269	60	0	6516
12080	135	49	6252	57	0	6493
12081	98	5982	236	61	0	6377
12082	5720	144	161	54	0	6079
12083	5760	62	101	58	0	5981
12084	195	5525	72	58	0	5850
12085	123	5723	69	53	0	5968
12086	97	160	72	5684	0	6013
12087	77	95	64	5790	0	6026
12088	5719	92	44	184	0	6039
12089	178	5783	51	110	0	6122
12090	5699	143	59	87	0	5988
12091	5642	69	57	56	0	5824
12092	195	67	5478	40	0	5780
12093	121	5402	136	40	0	5699
12094	125	147	85	5286	0	5643
12095	5267	61	65	124	0	5517
12096	191	66	45	5037	0	5339
12097	4755	39	46	114	0	4954
12098	152	28	4650	48	0	4878
12099	86	4505	118	49	0	4758
12100	73	4623	62	35	0	4793
12101	81	154	57	4350	0	4642
12102	69	4589	39	79	0	4776
12103	4591	119	24	49	0	4783
12104	98	70	4521	43	0	4732
12105	4284	60	79	45	0	4468
12106	108	42	4520	46	0	4716
12107	74	21	96	4473	0	4664
12108	79	31	51	4514	0	4675
12109	66	31	47	4565	0	4709
12110	4563	18	39	108	0	4728
12111	108	23	4603	62	0	4796
12112	84	29	70	4614	0	4797
12113	68	32	40	4606	0	4746
12114	48	4504	35	102	0	4689
12115	53	4441	35	63	0	4592
12116	57	4529	16	52	0	4654
12117	51	94	27	4243	0	4415
12118	35	35	18	4087	0	4175
12119	8	3916	11	35	0	3970
12120	14	3923	5	26	0	3968
12121	3936	19	10	31	0	3996
12122	26	10	10	3934	0	3980
12123	21	3848	8	10	0	3887
12124	3946	12	7	18	0	3983
12125	19	5	7	4050	0	4081
12126	4512	1	5	30	0	4548
12127	39	3	5	4694	0	4741
12128	16	8	4863	36	0	4923
12129	10	4911	31	20	0	4972
12130	4849	39	10	22	0	4920
12131	40	9	4965	8	0	5022
12132	13	4941	38	9	0	5001
12133	15	30	13	5022	0	5080
12134	9	5	6	5078	0	5098
12135	9	6	0	4954	0	4969
12136	16	1	0	4879	0	4896
12137	5	4	4991	44	0	5044
12138	1	4969	35	12	0	5017
12139	9	30	6	4993	0	5038
12140	4921	8	1	50	0	4980
12141	31	4995	0	13	0	5039
12142	14	33	1	5326	0	5374
12143	8	13	5295	40	0	5356
12144	5	5373	42	13	0	5433
12145	28	50	11	4921	0	5010
12146	4	5547	13	27	0	5591
12147	5564	58	3	23	0	5648
12148	5633	15	3	28	0	5679
12149	68	14	5522	7	0	5611
12150	5515	6	49	19	0	5589
12151	5671	0	15	18	0	5704
12152	71	7	5509	4	0	5591
12153	25	5536	58	9	0	5628
12154	37	53	9	5544	0	5643
12155	19	12	12	5716	0	5759
12156	5664	13	5	89	0	5771
12157	73	6	5	5665	0	5749
12158	22	7	5665	64	0	5758
12159	5469	7	61	40	0	5577
12160	63	10	5595	20	0	5688
12161	18	5617	73	14	0	5722
12162	5506	65	16	23	0	5610
12163	68	13	5567	17	0	5665
12164	25	15	5439	9	0	5488
12165	20	5531	72	7	0	5630
12166	19	59	27	5593	0	5698
12167	10	25	5534	65	0	5634
12168	45	18	67	5029	0	5159
12169	21	12	18	5493	0	5544
12170	16	11	5435	80	0	5542
12171	14	5428	66	33	0	5541
12172	10	64	26	5485	0	5585
12173	5323	23	17	87	0	5450
12174	5354	13	12	37	0	5416
12175	85	13	7	5369	0	5474
12176	36	7	5358	68	0	5469
12177	23	14	5547	24	0	5608
12178	17	7	84	5431	0	5539
12179	16	10	5409	72	0	5507
12180	5296	9	73	33	0	5411
12181	78	8	28	5448	0	5562
12182	35	5	20	5507	0	5567
12183	21	5526	19	83	0	5649
12184	17	67	13	5640	0	5737
12185	12	28	5471	85	0	5596
12186	5254	16	75	37	0	5382
12187	5425	10	23	33	0	5491
12188	90	4	5498	23	0	5615
12189	50	9	82	5714	0	5855
12190	34	13	26	5877	0	5950
12191	16	9	5892	122	0	6039
12192	18	9	100	5929	0	6056
12193	41	5	35	5936	0	6017
12194	17	6157	30	131	0	6335
12195	24	105	24	6379	0	6532
12196	20	31	13	6501	0	6565
12197	6551	20	20	173	0	6764
12198	6751	15	13	88	0	6867
12199	6827	9	19	72	0	6927
12200	6784	10	19	36	0	6849
12201	6741	9	18	39	0	6807
12202	185	11	6532	31	0	6759
12203	92	7	124	6503	0	6726
12204	64	13	44	6665	0	6786
12205	39	10	6572	171	0	6792
12206	6292	10	131	82	0	6515
12207	6509	7	52	52	0	6620
12208	167	15	6186	40	0	6408
12209	6449	6	110	47	0	6612
12210	6593	11	46	38	0	6688
12211	185	11	6468	27	0	6691
12212	98	12	135	6250	0	6495
12213	62	6590	54	130	0	6836
12214	56	131	40	6864	0	7091
12215	61	36	26	6927	0	7050
12216	49	28	33	6909	0	7019
12217	30	15	6760	210	0	7015
12218	6609	11	140	102	0	6862
12219	6806	9	51	78	0	6944
12220	206	7	35	6689	0	6937
12221	82	11	6576	162	0	6831
12222	70	23	148	6546	0	6787
12223	46	11	6653	172	0	6882
12224	34	9	6741	89	0	6873
12225	30	6705	186	55	0	6976
12226	66	96	62	6159	0	6383
12227	6044	33	52	125	0	6254
12228	5872	19	35	64	0	5990
12229	5988	13	24	57	0	6082
12230	171	13	22	5856	0	6062
12231	77	6148	27	119	0	6371
12232	62	108	24	6263	0	6457
12233	38	45	6405	159	0	6647
12234	6820	24	128	81	0	7053
12235	7280	14	50	71	0	7415
12236	216	25	33	7219	0	7493
12237	112	13	28	7335	0	7488
12238	92	11	26	7393	0	7522
12239	70	12	7183	221	0	7486
12240	6712	4	153	122	0	6991
12241	164	7009	73	83	0	7329
12242	61	6885	48	59	0	7053
12243	48	150	6855	51	0	7104
12244	68	75	151	6673	0	6967
12245	39	37	6802	161	0	7039
12246	6522	33	151	90	0	6796
12247	178	25	61	6605	0	6869
12248	82	18	6548	148	0	6796
12249	61	6751	138	72	0	7022
12250	6788	125	59	65	0	7037
12251	163	47	6889	39	0	7138
12252	68	6703	157	50	0	6978
12253	51	6999	66	42	0	7158
12254	6983	163	43	58	0	7247
12255	175	69	36	6984	0	7264
12256	71	38	7213	168	0	7490
12257	59	7194	157	82	0	7492
12258	7274	146	64	71	0	7555
12259	7344	56	46	54	0	7500
12260	185	7247	35	50	0	7517
12261	81	155	7352	38	0	7626
12262	85	61	156	7318	0	7620
12263	7367	50	70	170	0	7657
12264	7434	26	55	82	0	7597
12265	204	26	7347	66	0	7643
12266	131	29	167	7237	0	7564
12267	102	25	67	7467	0	7661
12268	67	17	7424	205	0	7713
12269	55	27	7362	97	0	7541
12270	7384	35	200	79	0	7698
12271	7595	25	88	63	0	7771
12272	7658	26	69	59	0	7812
12273	7692	31	60	46	0	7829
12274	252	23	7413	45	0	7733
12275	7476	20	174	58	0	7728
12276	243	18	70	7396	0	7727
12277	105	30	7493	172	0	7800
12278	90	33	7521	81	0	7725
12279	62	7467	209	85	0	7823
12280	88	145	86	7385	0	7704
12281	51	67	7504	167	0	7789
12282	7302	48	186	74	0	7610
12283	204	45	80	6950	0	7279
12284	91	7411	72	147	0	7721
12285	7542	140	56	104	0	7842
12286	7592	50	71	85	0	7798
12287	220	40	7512	60	0	7832
12288	118	7393	172	48	0	7731
12289	110	124	74	7125	0	7433
12290	7133	50	61	154	0	7398
12291	189	53	51	7043	0	7336
12292	83	33	6854	154	0	7124
12293	6307	34	126	86	0	6553
12294	149	6567	67	57	0	6840
12295	86	6265	53	36	0	6440
12296	46	6647	52	45	0	6790
12297	6447	133	100	55	0	6735
12298	6388	63	51	42	0	6544
12299	6428	35	41	39	0	6543
12300	167	29	29	6324	0	6549
12301	75	24	6372	114	0	6585
12302	75	25	120	6372	0	6592
12303	6418	30	45	135	0	6628
12304	140	27	41	6466	0	6674
12305	6641	27	39	129	0	6836
12306	6694	31	37	56	0	6818
12307	6653	30	27	59	0	6769
12308	147	6606	46	43	0	6842
12309	6585	96	31	52	0	6764
12310	139	41	6514	43	0	6737
12311	85	32	6585	24	0	6726
12312	73	6503	117	31	0	6724
12313	98	99	62	6172	0	6431
12314	6144	33	38	104	0	6319
12315	125	33	6099	40	0	6297
12316	5996	17	103	42	0	6158
12317	140	19	39	6048	0	6246
12318	62	6183	33	105	0	6383
12319	65	75	43	6307	0	6490
12320	36	42	6311	102	0	6491
12321	6077	31	100	68	0	6276
12322	113	37	6438	38	0	6626
12323	56	18	6252	29	0	6355
12324	6100	12	109	29	0	6250
12325	118	6143	51	25	0	6337
12326	6316	87	32	30	0	6465
12327	6371	36	26	33	0	6466
12328	144	28	6251	24	0	6447
12329	6076	20	116	27	0	6239
12330	123	15	6137	30	0	6305
12331	57	17	5856	30	0	5960
12332	51	13	5940	31	0	6035
12333	41	5703	118	23	0	5885
12334	5089	83	156	41	0	5369
12335	5058	20	24	22	0	5124
12336	5073	8	8	17	0	5106
12337	5095	7	8	20	0	5130
12338	73	6	5124	5	0	5208
12339	36	9	56	5093	0	5194
12340	33	4	21	5145	0	5203
12341	5202	3	18	68	0	5291
12342	58	5211	20	20	0	5309
12343	26	51	11	5181	0	5269
12344	5158	12	11	58	0	5239
12345	65	18	5168	17	0	5268
12346	38	14	48	5126	0	5226
12347	27	7	5257	52	0	5343
12348	19	5188	61	23	0	5291
12349	35	53	25	4962	0	5075
12350	4920	12	11	52	0	4995
12351	59	9	14	4960	0	5042
12352	21	11	4999	47	0	5078
12353	12	4994	50	21	0	5077
12354	4916	41	15	21	0	4993
12355	50	13	4933	11	0	5007
12356	4667	7	40	26	0	4740
12357	39	4856	20	8	0	4923
12358	4864	37	22	20	0	4943
12359	4942	10	9	18	0	4979
12360	59	3	9	5011	0	5082
12361	18	12	4994	44	0	5068
12362	8	5056	39	26	0	5129
12363	24	47	12	5233	0	5316
12364	24	13	8	5288	0	5333
12365	23	4	12	5591	0	5630
12366	27	7	6	5872	0	5912
12367	9	6444	11	92	0	6556
12368	6732	90	11	50	0	6883
12369	98	6773	12	21	0	6904
12370	61	91	8	7054	0	7214
12371	7185	34	16	109	0	7344
12372	138	14	6	7178	0	7336
12373	39	23	7170	118	0	7350
12374	21	7199	107	49	0	7376
12375	57	103	32	7206	0	7398
12376	22	41	14	7408	0	7485
12377	7096	21	19	154	0	7290
12378	119	28	7035	51	0	7233
12379	6967	16	101	61	0	7145
12380	7034	12	38	48	0	7132
12381	7015	20	16	41	0	7092
12382	158	14	6946	42	0	7160
12383	88	29	108	6859	0	7084
12384	74	17	40	6949	0	7080
12385	39	28	6980	159	0	7206
12386	24	29	7047	78	0	7178
12387	7069	17	143	63	0	7292
12388	152	20	52	7188	0	7412
12389	7282	11	42	169	0	7504
12390	7438	22	32	70	0	7562
12391	200	20	23	7397	0	7640
12392	87	17	7772	158	0	8034
12393	7664	19	134	92	0	7909
12394	196	15	65	7882	0	8158
12395	91	15	7872	178	0	8156
12396	70	7808	153	87	0	8118
12397	7754	137	77	79	0	8047
12398	172	7831	61	60	0	8124
12399	136	160	52	7353	0	7701
12400	88	7944	31	155	0	8218
12401	7733	164	52	110	0	8059
12402	7887	64	45	100	0	8096
12403	228	7801	40	86	0	8155
12404	7773	150	49	95	0	8067
12405	7704	64	51	98	0	7917
12406	246	7552	48	72	0	7918
12407	7598	156	47	100	0	7901
12408	250	67	54	7515	0	7886
12409	164	46	47	7638	0	7895
12410	7612	33	32	228	0	7905
12411	232	35	53	7219	0	7539
12412	137	7354	44	174	0	7709
12413	7358	153	45	113	0	7669
12414	7373	77	43	90	0	7583
12415	212	7339	56	82	0	7689
12416	7383	172	52	78	0	7685
12417	7448	88	53	76	0	7665
12418	281	43	40	7191	0	7555
12419	149	63	7161	176	0	7549
12420	132	7130	145	107	0	7514
12421	7215	150	60	91	0	7516
12422	7212	83	36	98	0	7429
12423	268	64	6966	74	0	7372
12424	7042	44	158	78	0	7322
12425	227	63	6786	83	0	7159
12426	6889	57	159	66	0	7171
12427	238	65	75	6802	0	7180
12428	149	70	6728	179	0	7126
12429	114	84	6788	90	0	7076
12430	138	70	177	6676	0	7061
12431	110	87	78	6668	0	6943
12432	124	64	6429	193	0	6810
12433	143	61	146	6415	0	6765
12434	129	68	6416	176	0	6789
12435	152	58	162	6362	0	6734
12436	156	64	80	6288	0	6588
12437	132	6106	55	209	0	6502
12438	135	6100	52	112	0	6399
12439	108	6320	66	103	0	6597
12440	132	185	54	6219	0	6590
12441	113	87	54	6340	0	6594
12442	104	62	6129	234	0	6529
12443	6031	55	155	156	0	6397
12444	6237	45	95	112	0	6489
12445	242	6057	71	89	0	6459
12446	6081	156	68	83	0	6388
12447	265	79	55	5958	0	6357
12448	6028	53	73	204	0	6358
12449	6112	61	54	135	0	6362
12450	251	61	74	5976	0	6362
12451	5802	70	57	192	0	6121
12452	212	5645	64	120	0	6041
12453	142	5739	72	84	0	6037
12454	114	196	67	5463	0	5840
12455	130	5672	64	163	0	6029
12456	131	179	60	5516	0	5886
12457	131	89	48	5649	0	5917
12458	5525	69	61	220	0	5875
12459	198	5394	70	131	0	5793
12460	5319	146	61	111	0	5637
12461	5200	74	54	110	0	5438
12462	220	5149	44	107	0	5520
12463	5051	142	60	104	0	5357
12464	198	82	4928	99	0	5307
12465	105	4656	131	88	0	4980
12466	4357	115	49	85	0	4606
12467	112	49	3779	59	0	3999
12468	59	3307	69	41	0	3476
12469	51	3377	58	38	0	3524
12470	2985	85	62	20	0	3152
12471	2931	39	11	21	0	3002
12472	2933	24	8	22	0	2987
12473	85	2881	15	20	0	3001
12474	46	57	16	2895	0	3014
12475	2882	25	21	68	0	2996
12476	2914	28	8	38	0	2988
12477	96	13	17	2854	0	2980
12478	51	15	2872	52	0	2990
12479	33	24	2884	25	0	2966
12480	43	19	64	2885	0	3011
12481	38	9	42	2916	0	3005
12482	35	10	2887	80	0	3012
12483	27	11	62	2804	0	2904
12484	30	2846	34	65	0	2975
12485	2759	48	24	49	0	2880
12486	66	31	18	2706	0	2821
12487	2536	9	26	64	0	2635
12488	54	2540	17	33	0	2644
12489	27	2559	17	26	0	2629
12490	2460	48	20	18	0	2546
12491	42	12	2392	35	0	2481
12492	1890	22	34	13	0	1959
12493	33	1923	12	7	0	1975
12494	12	18	2	1763	0	1795
12495	1750	8	3	24	0	1785
12496	22	2	6	1755	0	1785
12497	1815	5	3	28	0	1851
12498	1803	2	5	11	0	1821
12499	18	1882	4	7	0	1911
12500	1813	11	3	8	0	1835
12501	12	1808	2	2	0	1824
12502	1809	11	1	2	0	1823
12503	15	4	2	1825	0	1846
12504	1873	1	3	17	0	1894
12505	13	4	1	1918	0	1936
12506	1977	2	1	17	0	1997
12507	2026	4	0	8	0	2038
12508	2047	4	1	9	0	2061
12509	2042	3	1	5	0	2051
12510	2027	1	2	5	0	2035
12511	16	5	1	2046	0	2068
12512	2008	2	0	19	0	2029
12513	11	1977	1	10	0	1999
12514	12	9	1980	2	0	2003
12515	10	4	10	1985	0	2009
12516	10	2	2023	11	0	2046
12517	13	1	12	2120	0	2146
12518	4	6	2181	15	0	2206
12519	2131	3	14	9	0	2157
12520	28	3	4	2170	0	2205
12521	5	2	2174	14	0	2195
12522	5	2	2267	5	0	2279
12523	6	2	14	2307	0	2329
12524	2610	3	6	24	0	2643
12525	17	2814	2	5	0	2838
12526	2826	16	0	15	0	2857
12527	2849	5	4	6	0	2864
12528	19	2855	2	3	0	2879
12529	2990	18	1	17	0	3026
12530	27	5	4	3010	0	3046
12531	15	8	3	3008	0	3034
12532	14	6	2	3052	0	3074
12533	3058	0	1	38	0	3097
12534	17	3154	1	16	0	3188
12535	18	19	2	3198	0	3237
12536	13	4	0	3258	0	3275
12537	3242	9	1	34	0	3286
12538	32	8	0	3256	0	3296
12539	11	5	3362	29	0	3407
12540	11	3544	25	14	0	3594
12541	3652	35	9	18	0	3714
12542	42	11	7	3591	0	3651
12543	13	3694	5	36	0	3748
12544	3735	37	1	24	0	3797
12545	44	11	3697	17	0	3769
12546	14	3741	33	8	0	3796
12547	3772	43	8	17	0	3840
12548	55	7	10	3750	0	3822
12549	24	16	5	3773	0	3818
12550	21	16	3771	42	0	3850
12551	21	6	37	3738	0	3802
12552	7	7	4097	49	0	4160
12553	9	18	3943	17	0	3987
12554	14	3	4099	20	0	4136
12555	4091	6	52	32	0	4181
12556	4189	6	26	19	0	4240
12557	4232	1	26	15	0	4274
12558	60	7	13	4175	0	4255
12559	32	4190	11	36	0	4269
12560	27	4274	11	17	0	4329
12561	4312	41	5	36	0	4394
12562	4301	23	10	20	0	4354
12563	46	4307	11	14	0	4378
12564	4243	37	11	11	0	4302
12565	50	17	4146	6	0	4219
12566	26	19	4133	3	0	4181
12567	33	14	36	3954	0	4037
12568	28	7	19	4194	0	4248
12569	19	4	4227	39	0	4289
12570	20	7	36	4167	0	4230
12571	4218	9	15	54	0	4296
12572	37	11	4200	20	0	4268
12573	4150	8	44	27	0	4229
12574	66	3	10	4297	0	4376
12575	25	4	4408	43	0	4480
12576	23	4447	46	22	0	4538
12577	4507	35	15	28	0	4585
12578	47	15	4430	12	0	4504
12579	4373	17	52	20	0	4462
12580	67	12	12	4424	0	4515
12581	4446	2	24	54	0	4526
12582	54	11	4704	18	0	4787
12583	39	7	42	4749	0	4837
12584	4943	6	20	62	0	5031
12585	5079	5	27	25	0	5136
12586	5241	6	12	37	0	5296
12587	5305	7	12	29	0	5353
12588	76	12	12	5166	0	5266
12589	48	7	8	5181	0	5244
12590	41	7	5211	64	0	5323
12591	31	8	67	5183	0	5289
12592	39	5	15	5171	0	5230
12593	19	5357	28	76	0	5480
12594	5478	60	20	34	0	5592
12595	5585	16	7	52	0	5660
12596	83	5776	10	22	0	5891
12597	49	83	13	5772	0	5917
12598	46	16	3	5880	0	5945
12599	5695	16	9	123	0	5843
12600	98	15	5959	34	0	6106
12601	39	8	80	6001	0	6128
12602	32	7	6099	96	0	6234
12603	5965	9	102	39	0	6115
12604	6118	5	22	44	0	6189
12605	6144	8	20	37	0	6209
12606	122	8	15	6036	0	6181
12607	61	4	13	6066	0	6144
12608	6034	10	8	121	0	6173
12609	99	16	6000	35	0	6150
12610	43	2	83	6034	0	6162
12611	6070	8	24	110	0	6212
12612	113	12	26	6072	0	6223
12613	32	5	6457	114	0	6608
12614	40	19	6318	37	0	6414
12615	6315	10	107	46	0	6478
12616	92	6486	33	41	0	6652
12617	6679	75	29	44	0	6827
12618	6833	16	17	37	0	6903
12619	114	9	14	6862	0	6999
12620	43	17	13	6830	0	6903
12621	37	6833	23	94	0	6987
12622	6823	79	11	64	0	6977
12623	95	6882	14	35	0	7026
12624	33	6868	9	24	0	6934
12625	38	87	12	6657	0	6794
12626	6658	20	4	107	0	6789
12627	6793	16	9	35	0	6853
12628	104	16	10	6758	0	6888
12629	47	13	4	6659	0	6723
12630	35	4	12	6663	0	6714
12631	6588	7	9	128	0	6732
12632	94	10	6612	40	0	6756
12633	34	6606	89	30	0	6759
12634	6573	72	14	39	0	6698
12635	97	27	22	6594	0	6740
12636	37	13	6617	88	0	6755
12637	40	14	6580	23	0	6657
12638	28	6623	80	29	0	6760
12639	18	6773	23	32	0	6846
12640	49	77	45	6483	0	6654
12641	26	6011	13	67	0	6117
12642	35	71	16	6355	0	6477
12643	21	12	7	6515	0	6555
12644	6501	7	7	97	0	6612
12645	83	4	4	6522	0	6613
12646	23	8	13	6581	0	6625
12647	17	8	6563	77	0	6665
12648	28	5	63	6584	0	6680
12649	6708	11	12	88	0	6819
12650	6763	5	10	35	0	6813
12651	69	6966	14	27	0	7076
12652	6793	67	5	40	0	6905
12653	84	14	6796	18	0	6912
12654	21	6940	76	24	0	7061
12655	30	84	14	7035	0	7163
12656	25	21	6	7195	0	7247
12657	26	16	7	7230	0	7279
12658	7211	11	7	117	0	7346
12659	7018	5	5	53	0	7081
12660	99	8	7087	28	0	7222
12661	31	16	7039	24	0	7110
12662	32	15	7196	22	0	7265
12663	18	7204	96	29	0	7347
12664	26	7403	21	16	0	7466
12665	7354	87	17	37	0	7495
12666	7399	21	10	36	0	7466
12667	102	10	15	7457	0	7584
12668	36	9	9	7377	0	7431
12669	23	7469	22	101	0	7615
12670	16	87	17	7582	0	7702
12671	23	23	7566	103	0	7715
12672	18	7591	98	27	0	7734
12673	20	82	13	7628	0	7743
12674	17	24	7803	90	0	7934
12675	29	15	90	7437	0	7571
12676	14	7648	18	93	0	7773
12677	7763	94	12	53	0	7922
12678	7803	19	9	47	0	7878
12679	8019	13	8	45	0	8085
12680	140	10	13	8016	0	8179
12681	37	8	11	8226	0	8282
12682	8056	10	10	148	0	8224
12683	118	8095	17	35	0	8265
12684	8066	117	9	56	0	8248
12685	134	23	8459	21	0	8637
12686	8329	15	141	43	0	8528
12687	8613	12	28	37	0	8690
12688	202	16	18	8499	0	8735
12689	8666	7	12	175	0	8860
12690	8926	11	19	58	0	9014
12691	195	17	10	8882	0	9104
12692	47	17	8777	160	0	9001
12693	8424	8	144	59	0	8635
12694	159	20	8895	28	0	9102
12695	42	9069	144	27	0	9282
12696	77	128	61	9016	0	9282
12697	39	35	9	9314	0	9397
12698	9844	12	9	209	0	10074
12699	162	15	9993	43	0	10213
12700	58	11	148	9566	0	9783
12701	28	9787	39	148	0	10002
12702	21	9910	14	48	0	9993
12703	58	176	13	9916	0	10163
12704	26	45	9851	173	0	10095
12705	46	18	157	9839	0	10060
12706	36	20	38	9934	0	10028
12707	26	16	9722	190	0	9954
12708	14	9911	164	48	0	10137
12709	9647	176	35	53	0	9911
12710	158	9965	27	37	0	10187
12711	75	171	15	9905	0	10166
12712	9644	45	12	201	0	9902
12713	156	9513	30	51	0	9750
12714	49	168	9531	29	0	9777
12715	9316	59	166	58	0	9599
12716	161	9734	42	34	0	9971
12717	9570	168	25	61	0	9824
12718	182	47	9300	28	0	9557
12719	9250	28	159	40	0	9477
12720	198	22	43	9307	0	9570
12721	56	32	9397	175	0	9660
12722	53	26	169	9118	0	9366
12723	33	9107	54	166	0	9360
12724	53	170	25	9252	0	9500
12725	51	46	23	9327	0	9447
12726	43	31	9129	207	0	9410
12727	45	30	165	9076	0	9316
12728	45	36	8291	201	0	8573
12729	34	9112	135	68	0	9349
12730	52	181	37	9094	0	9364
12731	37	45	9201	192	0	9475
12732	35	9130	189	53	0	9407
12733	42	9451	53	42	0	9588
12734	32	209	9290	46	0	9577
12735	39	62	9286	38	0	9425
12736	63	35	199	9079	0	9376
12737	8984	33	53	222	0	9292
12738	194	9013	40	77	0	9324
12739	86	190	23	8899	0	9198
12740	8809	52	38	222	0	9121
12741	204	8984	35	75	0	9298
12742	8907	192	34	67	0	9200
12743	207	9122	38	54	0	9421
12744	9131	196	32	65	0	9424
12745	9139	67	37	66	0	9309
12746	9355	47	30	71	0	9503
12747	248	9594	39	51	0	9932
12748	128	216	40	9657	0	10041
12749	66	65	9525	232	0	9888
12750	57	9544	213	98	0	9912
12751	98	218	71	9192	0	9579
12752	73	87	40	9328	0	9528
12753	66	46	9010	242	0	9364
12754	54	8808	201	90	0	9153
12755	8679	193	77	94	0	9043
12756	228	8700	40	52	0	9020
12757	105	219	31	8635	0	8990
12758	51	71	8647	219	0	8988
12759	8401	47	187	95	0	8730
12760	233	39	67	8683	0	9022
12761	66	48	8548	226	0	8888
12762	8133	40	207	109	0	8489
12763	187	8347	75	72	0	8681
12764	8398	195	40	88	0	8721
12765	8449	88	42	74	0	8653
12766	254	51	41	8364	0	8710
12767	81	51	8374	211	0	8717
12768	56	8339	197	77	0	8669
12769	49	205	8320	66	0	8640
12770	69	91	204	8135	0	8499
12771	61	69	82	8399	0	8611
12772	8174	51	47	268	0	8540
12773	195	37	8161	110	0	8503
12774	81	7960	199	64	0	8304
12775	70	202	73	7944	0	8289
12776	80	75	46	8134	0	8335
12777	7838	58	40	245	0	8181
12778	200	7947	39	89	0	8275
12779	109	179	22	7685	0	7995
12780	7439	81	34	211	0	7765
12781	169	7463	38	68	0	7738
12782	7249	165	26	62	0	7502
12783	7319	55	30	52	0	7456
12784	199	7119	32	49	0	7399
12785	6477	122	19	41	0	6659
12786	129	6521	27	38	0	6715
12787	6444	117	30	39	0	6630
12788	6450	50	15	45	0	6560
12789	140	6370	21	36	0	6567
12790	6061	97	21	41	0	6220
12791	6179	41	18	45	0	6283
12792	6167	31	16	47	0	6261
12793	129	31	6017	23	0	6200
12794	52	25	5613	24	0	5714
12795	34	24	5580	20	0	5658
12796	5484	53	141	27	0	5705
12797	102	29	5392	17	0	5540
12798	45	23	4727	11	0	4806
12799	46	48	77	4365	0	4536
12800	4414	13	33	76	0	4536
12801	76	17	4430	25	0	4548
12802	38	19	4546	17	0	4620
12803	48	16	79	4495	0	4638
12804	33	12	31	4585	0	4661
12805	27	11	23	4619	0	4680
12806	18	15	4546	92	0	4671
12807	28	16	64	4518	0	4626
12808	4493	11	32	88	0	4624
12809	74	4494	21	42	0	4631
12810	46	72	16	4475	0	4609
12811	37	31	12	4520	0	4600
12812	23	24	4542	90	0	4679
12813	25	4475	70	32	0	4602
12814	4452	71	36	37	0	4596
12815	83	4473	19	24	0	4599
12816	50	70	19	4441	0	4580
12817	29	33	4452	72	0	4586
12818	36	13	76	4668	0	4793
12819	27	18	42	4726	0	4813
12820	4779	15	25	108	0	4927
12821	100	8	27	4586	0	4721
12822	36	4643	18	93	0	4790
12823	28	4940	27	41	0	5036
12824	21	93	4947	31	0	5092
12825	4929	31	89	34	0	5083
12826	101	26	37	5009	0	5173
12827	54	18	30	5019	0	5121
12828	37	15	26	5069	0	5147
12829	5043	14	18	131	0	5206
12830	91	5106	15	69	0	5281
12831	5048	75	26	52	0	5201
12832	98	29	4844	29	0	5000
12833	37	22	4810	29	0	4898
12834	4908	18	100	29	0	5055
12835	102	11	46	4917	0	5076
12836	45	13	25	4988	0	5071
12837	25	18	27	5041	0	5111
12838	24	17	4974	104	0	5119
12839	4957	11	83	51	0	5102
12840	5028	10	34	52	0	5124
12841	4872	12	24	47	0	4955
12842	119	26	21	4772	0	4938
12843	53	9	4668	92	0	4822
12844	44	18	4573	52	0	4687
12845	31	17	4698	37	0	4783
12846	29	4454	99	28	0	4610
12847	66	78	70	3936	0	4150
12848	3898	18	29	63	0	4008
12849	53	17	3903	41	0	4014
12850	3906	8	60	32	0	4006
12851	71	8	28	3933	0	4040
12852	34	11	22	3923	0	3990
12853	29	3853	12	65	0	3959
12854	21	3902	15	40	0	3978
12855	27	4000	16	26	0	4069
12856	25	65	24	3985	0	4099
12857	3944	23	16	67	0	4050
12858	3986	13	8	45	0	4052
12859	73	14	3911	34	0	4032
12860	3861	19	55	34	0	3969
12861	70	10	3891	28	0	3999
12862	46	13	63	3883	0	4005
12863	29	9	3906	64	0	4008
12864	3863	7	60	30	0	3960
12865	73	8	27	3916	0	4024
12866	21	9	4023	70	0	4123
12867	29	11	3843	33	0	3916
12868	3823	7	76	33	0	3939
12869	3882	15	31	38	0	3966
12870	68	3932	16	33	0	4049
12871	47	43	20	4010	0	4120
12872	25	22	4012	60	0	4119
12873	22	20	3977	27	0	4046
12874	33	23	64	4012	0	4132
12875	3996	11	47	76	0	4130
12876	64	3987	24	31	0	4106
12877	36	57	20	4033	0	4146
12878	3997	18	17	76	0	4108
12879	62	11	18	4030	0	4121
12880	35	4015	26	70	0	4146
12881	35	44	17	4084	0	4180
12882	4065	17	19	69	0	4170
12883	73	14	16	4054	0	4157
12884	4100	12	16	67	0	4195
12885	60	4219	22	32	0	4333
12886	4219	50	22	38	0	4329
12887	72	22	4159	24	0	4277
12888	4079	9	55	40	0	4183
12889	4213	16	35	29	0	4293
12890	70	4267	28	26	0	4391
12891	50	48	21	4173	0	4292
12892	32	24	4171	49	0	4276
12893	28	14	4088	33	0	4163
12894	3880	40	85	28	0	4033
12895	3821	14	36	37	0	3908
12896	55	3846	19	21	0	3941
12897	25	3934	19	26	0	4004
12898	3864	40	15	34	0	3953
12899	48	3836	19	15	0	3918
12900	34	3973	25	16	0	4048
12901	47	42	15	3948	0	4052
12902	29	16	15	3880	0	3940
12903	27	18	3948	50	0	4043
12904	20	17	37	3943	0	4017
12905	3958	9	17	63	0	4047
12906	43	18	3959	26	0	4046
12907	31	16	3939	27	0	4013
12908	42	10	47	3905	0	4004
12909	36	12	21	4058	0	4127
12910	30	8	25	4052	0	4115
12911	22	11	4057	51	0	4141
12912	30	12	41	3878	0	3961
12913	26	17	23	4067	0	4133
12914	3990	9	13	54	0	4066
12915	41	4004	15	23	0	4083
12916	4001	30	17	23	0	4071
12917	42	12	4106	14	0	4174
12918	3631	9	26	15	0	3681
12919	42	3950	13	8	0	4013
12920	3712	17	8	7	0	3744
12921	16	3700	6	6	0	3728
12922	3538	16	6	9	0	3569
12923	10	3468	4	5	0	3487
12924	8	3409	7	8	0	3432
12925	29	17	23	3428	0	3497
12926	3481	4	3	21	0	3509
12927	3467	1	4	14	0	3486
12928	3496	1	0	14	0	3511
12929	15	5	3456	4	0	3480
12930	10	2	3498	1	0	3511
12931	7	6	18	3533	0	3564
12932	8	3600	5	17	0	3630
12933	2	3687	3	6	0	3698
12934	6	21	1	3585	0	3613
12935	3573	5	2	23	0	3603
12936	3565	2	4	14	0	3585
12937	3578	3	2	12	0	3595
12938	24	3	3587	2	0	3616
12939	11	3	18	3639	0	3671
12940	5	4	3726	16	0	3751
12941	3710	2	16	20	0	3748
12942	3777	3	5	12	0	3797
12943	21	9	3822	3	0	3855
12944	13	2	19	3814	0	3848
12945	3898	1	7	31	0	3937
12946	27	1	4	4001	0	4033
12947	12	5	2	4038	0	4057
12948	11	6	2	4198	0	4217
12949	4590	1	2	54	0	4647
12950	68	1	8	4884	0	4961
12951	5093	0	3	85	0	5181
12952	85	5491	5	32	0	5613
12953	54	85	3	5662	0	5804
12954	19	41	6	5746	0	5812
12955	22	13	2	5737	0	5774
12956	5649	7	1	162	0	5819
12957	102	8	2	5695	0	5807
12958	61	8	1	5752	0	5822
12959	5746	4	1	169	0	5920
12960	5823	6	3	91	0	5923
12961	5847	3	4	51	0	5905
12962	181	4	5594	26	0	5805
12963	87	6	5500	22	0	5615
12964	5709	2	143	31	0	5885
12965	131	4	63	5709	0	5907
12966	75	9	21	5633	0	5738
12967	5780	5	9	174	0	5968
12968	5679	2	8	93	0	5782
12969	5726	2	10	55	0	5793
12970	170	5604	9	27	0	5810
12971	5687	95	12	25	0	5819
12972	5612	48	7	33	0	5700
12973	168	5575	13	21	0	5777
12974	86	5682	7	28	0	5803
12975	74	131	14	5711	0	5930
12976	5826	58	8	115	0	6007
12977	5867	28	7	71	0	5973
12978	5873	16	4	38	0	5931
12979	182	10	4	5786	0	5982
12980	5836	6	3	135	0	5980
12981	144	18	5719	72	0	5953
12982	5725	13	92	46	0	5876
12983	149	9	5791	32	0	5981
12984	90	15	5597	19	0	5721
12985	62	9	143	5536	0	5750
12986	5602	6	72	130	0	5810
12987	139	11	31	5607	0	5788
12988	78	8	5584	147	0	5817
12989	47	6	5603	81	0	5737
12990	51	6	142	5555	0	5754
12991	5512	3	73	140	0	5728
12992	130	5615	44	75	0	5864
12993	94	92	20	5711	0	5917
12994	84	49	17	5868	0	6018
12995	46	31	5856	169	0	6102
12996	38	21	5785	93	0	5937
12997	44	11	162	5883	0	6100
12998	5905	4	81	168	0	6158
12999	136	14	5868	87	0	6105
13000	92	14	104	5837	0	6047
13001	81	8	57	5915	0	6061
13002	57	10	34	6023	0	6124
13003	5758	11	27	209	0	6005
13004	158	17	5406	105	0	5686
13005	91	5720	88	78	0	5977
13006	80	109	52	5790	0	6031
13007	48	62	5769	137	0	6016
13008	54	5611	113	114	0	5892
13009	65	5836	62	65	0	6028
13010	5814	133	41	65	0	6053
13011	158	5840	29	59	0	6086
13012	5942	124	28	65	0	6159
13013	168	81	5823	48	0	6120
13014	128	29	121	5967	0	6245
13015	5939	30	73	160	0	6202
13016	158	6058	42	105	0	6363
13017	114	131	5959	68	0	6272
13018	86	72	126	5581	0	5865
13019	69	6024	75	127	0	6295
13020	80	133	35	6169	0	6417
13021	6086	69	41	170	0	6366
13022	158	6258	33	104	0	6553
13023	6322	131	31	90	0	6574
13024	6411	66	34	65	0	6576
13025	231	42	6362	48	0	6683
13026	127	6647	145	60	0	6979
13027	113	157	78	6956	0	7304
13028	69	71	7179	180	0	7499
13029	81	39	7670	102	0	7892
13030	98	45	237	7840	0	8220
13031	8099	25	125	218	0	8467
13032	8253	20	76	112	0	8461
13033	313	23	54	8133	0	8523
13034	147	35	8168	234	0	8584
13035	94	8192	189	145	0	8620
13036	8379	189	107	101	0	8776
13037	8509	85	64	92	0	8750
13038	291	8478	56	61	0	8886
13039	8583	210	48	74	0	8915
13040	274	90	8364	54	0	8782
13041	8373	58	204	57	0	8692
13042	8249	58	110	82	0	8499
13043	300	41	8346	41	0	8728
13044	162	33	226	8262	0	8683
13045	114	30	8272	215	0	8631
13046	96	7884	224	108	0	8312
13047	75	8123	114	68	0	8380
13048	91	256	65	7639	0	8051
13049	52	62	7618	155	0	7887
13050	28	7103	142	72	0	7345
13051	26	7132	72	39	0	7269
13052	6507	143	41	47	0	6738
13053	6569	41	26	30	0	6666
13054	132	30	15	6585	0	6762
13055	67	25	14	6496	0	6602
13056	37	6649	21	107	0	6814
13057	6536	114	16	66	0	6732
13058	6664	35	15	56	0	6770
13059	128	6595	20	23	0	6766
13060	68	114	9	6580	0	6771
13061	41	36	6569	123	0	6769
13062	53	24	97	6567	0	6741
13063	6605	29	28	134	0	6796
13064	135	19	21	6632	0	6807
13065	63	16	23	6792	0	6894
13066	6787	19	10	164	0	6980
13067	143	15	13	6652	0	6823
13068	43	6638	17	134	0	6832
13069	42	105	14	6831	0	6992
13070	52	31	13	6913	0	7009
13071	51	25	8	6786	0	6870
13072	26	6722	15	154	0	6917
13073	37	106	11	6730	0	6884
13074	26	31	6622	138	0	6817
13075	38	27	102	6565	0	6732
13076	25	25	6553	138	0	6741
13077	22	6483	112	72	0	6689
13078	35	110	45	6604	0	6794
13079	31	36	31	6686	0	6784
13080	35	28	27	6712	0	6802
13081	36	38	19	6643	0	6736
13082	22	27	6507	171	0	6727
13083	22	6454	123	80	0	6679
13084	35	106	37	6645	0	6823
13085	28	48	6668	143	0	6887
13086	42	31	125	6721	0	6919
13087	6743	29	37	177	0	6986
13088	135	23	6561	75	0	6794
13089	6555	22	117	71	0	6765
13090	147	34	41	6757	0	6979
13091	66	27	6748	146	0	6987
13092	47	6663	134	72	0	6916
13093	59	131	47	6648	0	6885
13094	47	48	6720	147	0	6962
13095	39	6627	143	70	0	6879
13096	55	125	50	6623	0	6853
13097	6582	61	44	172	0	6859
13098	6757	40	50	81	0	6928
13099	6801	43	30	78	0	6952
13100	177	36	6637	63	0	6913
13101	83	6742	138	49	0	7012
13102	82	138	43	6786	0	7049
13103	53	54	46	7195	0	7348
13104	7195	42	42	190	0	7469
13105	165	7283	36	69	0	7553
13106	7330	154	27	90	0	7601
13107	7278	57	39	84	0	7458
13108	7472	60	29	74	0	7635
13109	198	44	7295	68	0	7605
13110	7369	35	139	63	0	7606
13111	210	38	45	7409	0	7702
13112	110	30	43	7426	0	7609
13113	7288	30	47	204	0	7569
13114	188	34	25	7139	0	7386
13115	76	7072	27	210	0	7385
13116	82	155	25	6984	0	7246
13117	6863	44	22	228	0	7157
13118	172	47	6761	105	0	7085
13119	58	6686	138	83	0	6965
13120	80	147	36	6656	0	6919
13121	6616	47	35	195	0	6893
13122	153	44	6465	88	0	6750
13123	90	128	148	6349	0	6715
13124	77	33	6321	189	0	6620
13125	50	20	6115	98	0	6283
13126	42	22	5815	62	0	5941
13127	43	17	5616	54	0	5730
13128	43	16	5359	55	0	5473
13129	4490	81	197	43	0	4811
13130	72	4517	48	39	0	4676
13131	4276	50	39	24	0	4389
13132	4256	17	18	21	0	4312
13133	60	4256	13	12	0	4341
13134	33	4375	10	6	0	4424
13135	4320	58	12	26	0	4416
13136	4321	26	9	20	0	4376
13137	75	15	10	4204	0	4304
13138	22	4285	12	49	0	4368
13139	4312	50	8	30	0	4400
13140	56	4273	13	15	0	4357
13141	32	56	6	4290	0	4384
13142	4300	17	7	71	0	4395
13143	4344	14	4	32	0	4394
13144	71	8	6	4327	0	4412
13145	38	10	9	4347	0	4404
13146	24	16	4293	59	0	4392
13147	29	5	45	4249	0	4328
13148	20	11	4292	56	0	4379
13149	26	6	54	4152	0	4238
13150	19	7	19	4230	0	4275
13151	4170	8	16	76	0	4270
13152	4170	8	11	38	0	4227
13153	59	7	4138	24	0	4228
13154	4064	6	52	25	0	4147
13155	66	5	17	4125	0	4213
13156	27	9	4165	55	0	4256
13157	31	7	50	4131	0	4219
13158	26	3	25	4427	0	4481
13159	15	6	4420	77	0	4518
13160	20	7	63	4523	0	4613
13161	11	9	4652	85	0	4757
13162	25	2	81	4833	0	4941
13163	5163	7	35	110	0	5315
13164	89	5322	32	40	0	5483
13165	5373	86	21	40	0	5520
13166	102	5442	21	19	0	5584
13167	5366	104	16	37	0	5523
13168	117	5334	11	26	0	5488
13169	5269	106	14	25	0	5414
13170	111	5348	13	20	0	5492
13171	78	115	6	5317	0	5516
13172	48	46	5310	98	0	5502
13173	32	45	5283	39	0	5399
13174	40	25	122	5233	0	5420
13175	5217	25	51	125	0	5418
13176	110	5283	38	51	0	5482
13177	82	112	13	5284	0	5491
13178	51	51	5261	113	0	5476
13179	37	46	5373	46	0	5502
13180	54	39	129	5080	0	5302
13181	24	5295	58	111	0	5488
13182	5252	108	45	54	0	5459
13183	107	51	5341	50	0	5549
13184	58	38	5278	29	0	5403
13185	27	5303	137	32	0	5499
13186	5178	108	78	46	0	5410
13187	5217	43	62	25	0	5347
13188	134	31	37	5152	0	5354
13189	5198	24	25	124	0	5371
13190	5145	27	22	50	0	5244
13191	133	5079	24	42	0	5278
13192	5085	96	36	47	0	5264
13193	131	44	5168	22	0	5365
13194	77	43	99	5033	0	5252
13195	74	25	41	5093	0	5233
13196	5025	34	35	132	0	5226
13197	124	5021	30	66	0	5241
13198	4979	100	27	52	0	5158
13199	131	5045	28	33	0	5237
13200	69	5146	18	32	0	5265
13201	82	123	4989	23	0	5217
13202	51	86	4894	24	0	5055
13203	4514	63	113	43	0	4733
13204	4574	40	59	40	0	4713
13205	120	26	4471	18	0	4635
13206	58	4270	84	19	0	4431
13207	58	4421	42	20	0	4541
13208	4341	107	49	30	0	4527
13209	4363	64	30	26	0	4483
13210	116	46	24	4388	0	4574
13211	4452	36	22	86	0	4596
13212	117	26	24	4418	0	4585
13213	60	18	4424	82	0	4584
13214	39	27	4310	48	0	4424
13215	4387	25	93	40	0	4545
13216	100	26	57	4406	0	4589
13217	60	4652	42	72	0	4826
13218	4722	75	25	51	0	4873
13219	4749	42	18	46	0	4855
13220	116	29	4700	24	0	4869
13221	4726	33	71	38	0	4868
13222	4925	20	45	24	0	5014
13223	131	17	37	4834	0	5019
13224	78	4804	25	83	0	4990
13225	52	4963	24	61	0	5100
13226	60	108	25	5042	0	5235
13227	60	54	16	4972	0	5102
13228	50	43	19	5074	0	5186
13229	56	40	4984	122	0	5202
13230	53	40	4841	62	0	4996
13231	60	37	108	4807	0	5012
13232	45	39	4909	100	0	5093
13233	49	35	4902	43	0	5029
13234	49	35	129	4759	0	4972
13235	32	18	5133	120	0	5303
13236	31	5060	123	67	0	5281
13237	5281	96	65	73	0	5515
13238	111	49	50	5212	0	5422
13239	60	5216	39	102	0	5417
13240	34	118	5362	62	0	5576
13241	43	50	123	5380	0	5596
13242	32	39	5585	124	0	5780
13243	39	23	139	5623	0	5824
13244	45	19	90	5790	0	5944
13245	34	28	5957	146	0	6165
13246	47	18	122	5848	0	6035
13247	32	5935	77	125	0	6169
13248	44	115	50	6094	0	6303
13249	40	57	6086	126	0	6309
13250	53	43	108	6052	0	6256
13251	6032	31	58	154	0	6275
13252	124	6042	42	98	0	6306
13253	81	103	42	6105	0	6331
13254	54	54	6219	129	0	6456
13255	47	6049	109	85	0	6290
13256	31	6171	53	66	0	6321
13257	32	134	6091	43	0	6300
13258	40	68	106	5783	0	5997
13259	43	69	65	5763	0	5940
13260	32	34	5772	140	0	5978
13261	25	5495	103	79	0	5702
13262	23	5483	57	46	0	5609
13263	4946	75	20	32	0	5073
13264	51	4988	12	28	0	5079
13265	4877	61	19	22	0	4979
13266	80	23	8	4774	0	4885
13267	5063	16	10	80	0	5169
13268	65	11	5115	25	0	5216
13269	5064	8	54	23	0	5149
13270	75	15	20	5190	0	5300
13271	28	5263	14	62	0	5367
13272	5299	67	10	34	0	5410
13273	73	55	9	5367	0	5504
13274	31	5454	7	62	0	5554
13275	13	5688	9	33	0	5743
13276	5660	66	15	35	0	5776
13277	5713	32	6	25	0	5776
13278	5759	18	5	25	0	5807
13279	84	12	8	5609	0	5713
13280	35	5530	7	56	0	5628
13281	21	5665	7	28	0	5721
13282	23	73	5	5667	0	5768
13283	5607	30	8	82	0	5727
13284	5407	17	11	57	0	5492
13285	5602	11	9	30	0	5652
13286	84	14	5545	19	0	5662
13287	44	12	5557	14	0	5627
13288	5854	8	70	19	0	5951
13289	79	9	24	5800	0	5912
13290	41	7	15	5895	0	5958
13291	20	14	13	5844	0	5891
13292	22	10	9	5856	0	5897
13293	12	18	5759	92	0	5881
13294	25	6	58	5721	0	5810
13295	9	9	5713	77	0	5808
13296	5386	12	64	58	0	5520
13297	59	5698	28	27	0	5812
13298	35	60	21	5834	0	5950
13299	25	27	18	5752	0	5822
13300	5695	21	14	104	0	5834
13301	5676	11	8	53	0	5748
13302	5682	14	14	37	0	5747
13303	5671	9	17	37	0	5734
13304	101	17	5655	22	0	5795
13305	44	14	5546	27	0	5631
13306	39	10	83	5585	0	5717
13307	5668	8	36	86	0	5798
13308	5583	9	24	68	0	5684
13309	83	13	5549	32	0	5677
13310	48	17	63	5438	0	5566
13311	5468	14	34	97	0	5613
13312	78	22	23	5502	0	5625
13313	48	16	5576	78	0	5718
13314	44	18	66	5531	0	5659
13315	5581	14	29	110	0	5734
13316	72	5996	29	47	0	6144
13317	5928	64	24	68	0	6084
13318	5994	29	20	56	0	6099
13319	6099	23	12	50	0	6184
13320	112	19	18	6037	0	6186
13321	5928	25	15	82	0	6050
13322	85	6164	19	44	0	6312
13323	51	6360	15	37	0	6463
13324	45	111	22	6212	0	6390
13325	6304	47	13	101	0	6465
13326	88	6494	16	49	0	6647
13327	7612	80	11	44	0	7747
13328	8131	58	11	51	0	8251
13329	190	8410	16	34	0	8650
13330	113	148	7	8510	0	8778
13331	79	74	10	8674	0	8837
13332	55	28	8716	202	0	9001
13333	79	26	137	8534	0	8776
13334	50	26	8678	169	0	8923
13335	35	8405	159	111	0	8710
13336	75	164	76	8509	0	8824
13337	8174	72	41	208	0	8495
13338	8380	37	29	130	0	8576
13339	218	36	38	8326	0	8618
13340	98	32	8228	174	0	8532
13341	7730	19	139	133	0	8021
13342	178	7922	74	42	0	8216
13343	91	7828	32	57	0	8008
13344	59	7975	31	47	0	8112
13345	89	184	28	7619	0	7920
13346	55	77	7832	153	0	8117
13347	59	37	142	7733	0	7971
13348	36	39	7863	157	0	8095
13349	29	38	7711	86	0	7864
13350	35	37	7986	40	0	8098
13351	51	34	196	7580	0	7861
13352	39	37	79	7974	0	8129
13353	33	30	55	8071	0	8189
13354	48	11	50	7873	0	7982
13355	7835	17	54	252	0	8158
13356	135	7825	51	109	0	8120
13357	7833	137	46	84	0	8100
13358	141	8030	40	72	0	8283
13359	101	148	25	8084	0	8358
13360	50	71	16	8393	0	8530
13361	8301	40	20	256	0	8617
13362	8432	29	19	142	0	8622
13363	8544	28	29	87	0	8688
13364	8513	35	24	77	0	8649
13365	8460	38	13	78	0	8589
13366	220	8345	13	48	0	8626
13367	8110	135	10	86	0	8341
13368	185	8112	7	50	0	8354
13369	8027	133	14	70	0	8244
13370	196	64	8082	28	0	8370
13371	124	47	120	7903	0	8194
13372	76	8163	58	115	0	8412
13373	71	148	27	8158	0	8404
13374	60	78	8152	133	0	8423
13375	63	51	128	7874	0	8116
13376	7780	37	63	192	0	8072
13377	140	7876	38	109	0	8163
13378	85	8040	39	67	0	8231
13379	50	181	8165	53	0	8449
13380	54	92	129	8046	0	8321
13381	45	8447	76	154	0	8722
13382	40	151	33	8674	0	8898
13383	38	87	8753	158	0	9036
13384	37	8566	140	124	0	8867
13385	46	165	8657	55	0	8923
13386	50	117	8501	52	0	8720
13387	48	48	183	8487	0	8766
13388	8597	51	95	171	0	8914
13389	168	47	51	8689	0	8955
13390	78	57	8764	173	0	9072
13391	69	42	165	8950	0	9226
13392	49	55	9395	175	0	9674
13393	54	49	9290	111	0	9504
13394	9401	35	240	117	0	9793
13395	9990	33	114	106	0	10243
13396	10095	37	75	118	0	10325
13397	220	31	9988	74	0	10313
13398	106	34	10096	62	0	10298
13399	73	29	237	9882	0	10221
13400	80	22	131	10117	0	10350
13401	10129	33	80	250	0	10492
13402	198	25	67	10169	0	10459
13403	111	31	10272	208	0	10622
13404	76	35	10011	136	0	10258
13405	63	10257	227	79	0	10626
13406	67	156	104	10482	0	10809
13407	56	85	10643	205	0	10989
13408	74	43	198	10497	0	10812
13409	10546	40	117	234	0	10937
13410	186	47	10799	127	0	11159
13411	127	30	206	10708	0	11071
13412	87	35	109	10938	0	11169
13413	60	34	10766	267	0	11127
13414	94	32	203	10591	0	10920
13415	57	24	10698	239	0	11018
13416	10033	22	209	148	0	10412
13417	203	27	106	10236	0	10572
13418	115	10174	76	200	0	10565
13419	10163	166	58	159	0	10546
13420	10203	69	71	105	0	10448
13421	230	10190	69	81	0	10570
13422	167	585	65	9193	0	10010
13423	73	9683	46	148	0	9950
13424	70	9722	45	83	0	9920
13425	138	197	9284	50	0	9669
13426	61	9244	155	69	0	9529
13427	60	140	8008	38	0	8246
13428	6942	69	67	63	0	7141
13429	7017	11	35	38	0	7101
13430	61	7134	16	21	0	7232
13431	25	7184	12	19	0	7240
13432	12	7276	11	14	0	7313
13433	7307	65	12	32	0	7416
13434	70	31	10	7414	0	7525
13435	33	17	7757	63	0	7870
13436	14	7781	75	28	0	7898
13437	21	76	20	7956	0	8073
13438	18	25	13	7953	0	8009
13439	5	8732	17	98	0	8852
13440	9245	103	6	64	0	9418
13441	123	35	9434	13	0	9605
13442	84	10	122	11136	0	11352
13443	13	12145	32	181	0	12371
13444	12121	208	15	70	0	12414
13445	218	50	12038	46	0	12352
13446	45	11837	215	29	0	12126
13447	83	238	50	11857	0	12228
13448	31	51	11872	219	0	12173
13449	11461	35	236	81	0	11813
13450	258	39	54	11675	0	12026
13451	71	21	11737	234	0	12063
13452	30	11704	243	72	0	12049
13453	11483	232	56	71	0	11842
13454	219	11713	41	47	0	12020
13455	11700	239	45	55	0	12039
13456	11829	73	25	63	0	11990
13457	316	54	19	11526	0	11915
13458	90	11275	29	220	0	11614
13459	70	219	11347	57	0	11693
13460	103	76	228	11189	0	11596
13461	165	76	116	9369	0	9726
13462	73	35	54	11244	0	11406
13463	101	28	49	11212	0	11390
13464	68	25	28	11292	0	11413
13465	11058	32	41	349	0	11480
13466	10840	41	41	140	0	11062
13467	10781	30	32	117	0	10960
13468	276	10803	28	82	0	11189
13469	120	226	10938	45	0	11329
13470	90	76	10878	48	0	11092
13471	51	69	11012	62	0	11194
13472	105	75	288	10561	0	11029
13473	98	42	124	10864	0	11128
13474	78	33	66	10948	0	11125
13475	42	43	10667	328	0	11080
13476	26	10443	268	146	0	10883
13477	38	244	10562	110	0	10954
13478	42	85	10672	97	0	10896
13479	97	48	310	10300	0	10755
13480	71	58	10512	278	0	10919
13481	110	38	295	10105	0	10548
13482	10069	62	106	314	0	10551
13483	10020	72	85	111	0	10288
13484	318	51	9890	78	0	10337
13485	132	40	299	9724	0	10195
13486	86	70	9906	294	0	10356
13487	80	9876	292	135	0	10383
13488	9832	272	120	131	0	10355
13489	303	97	9894	88	0	10382
13490	123	9534	291	84	0	10032
13491	93	9522	129	85	0	9829
13492	73	9372	97	90	0	9632
13493	83	321	8829	85	0	9318
13494	110	183	292	8269	0	8854
13495	78	8536	124	263	0	9001
13496	117	265	104	8451	0	8937
13497	104	113	87	8629	0	8933
13498	8259	83	75	352	0	8769
13499	250	8290	105	164	0	8809
13500	8141	250	90	152	0	8633
13501	274	8008	85	127	0	8494
13502	132	8299	72	109	0	8612
13503	112	306	8009	106	0	8533
13504	114	139	265	7902	0	8420
13505	108	137	7873	265	0	8383
13506	103	7765	268	124	0	8260
13507	106	249	7732	111	0	8198
13508	79	114	7795	117	0	8105
13509	63	7731	311	127	0	8232
13510	7337	264	155	140	0	7896
13511	234	7513	126	151	0	8024
13512	7538	267	97	142	0	8044
13513	280	117	7473	137	0	8007
13514	132	89	7571	146	0	7938
13515	97	7412	305	127	0	7941
13516	7318	280	131	110	0	7839
13517	288	7322	140	106	0	7856
13518	152	266	140	7365	0	7923
13519	7389	127	116	279	0	7911
13520	277	110	7416	110	0	7913
13521	124	95	307	7395	0	7921
13522	7232	76	154	295	0	7757
13523	264	7281	111	143	0	7799
13524	129	243	119	7328	0	7819
13525	81	123	7282	330	0	7816
13526	7253	99	280	145	0	7777
13527	253	83	158	7298	0	7792
13528	81	72	7229	317	0	7699
13529	86	76	310	7014	0	7486
13530	89	7103	110	310	0	7612
13531	85	250	7100	158	0	7593
13532	116	92	277	6910	0	7395
13533	6749	82	111	277	0	7219
13534	304	65	118	6587	0	7074
13535	6163	78	97	270	0	6608
13536	252	6167	86	112	0	6617
13537	6000	231	118	95	0	6444
13538	233	92	5853	79	0	6257
13539	94	86	5177	72	0	5429
13540	80	70	4530	45	0	4725
13541	60	4261	243	68	0	4632
13542	125	47	208	1459	0	1839
13543	26	10	23	1434	0	1493
13544	11	9	11	1419	0	1450
13545	11	2	13	1442	0	1468
13546	7	7	1420	30	0	1464
13547	1359	10	32	15	0	1416
13548	24	1438	10	11	0	1483
13549	1409	18	14	8	0	1449
13550	23	10	12	1396	0	1441
13551	5	1425	3	34	0	1467
13552	13	19	13	1429	0	1474
13553	1404	14	8	26	0	1452
13554	23	1471	6	14	0	1514
13555	1460	14	13	13	0	1500
13556	1446	9	6	19	0	1480
13557	30	11	4	1450	0	1495
13558	13	6	1458	23	0	1500
13559	1443	8	16	11	0	1478
13560	20	10	8	1539	0	1577
13561	1549	5	8	24	0	1586
13562	1622	4	9	14	0	1649
13563	1609	8	9	16	0	1642
13564	33	7	1606	4	0	1650
13565	15	11	26	1577	0	1629
13566	1588	3	8	32	0	1631
13567	25	3	1670	11	0	1709
13568	11	1639	26	7	0	1683
13569	19	31	9	1546	0	1605
13570	9	6	1627	21	0	1663
13571	4	11	1601	7	0	1623
13572	17	18	29	1542	0	1606
13573	6	0	10	1591	0	1607
13574	6	5	4	1601	0	1616
13575	2	6	5	1591	0	1604
13576	10	2	1569	27	0	1608
13577	5	1610	17	7	0	1639
13578	5	20	4	1634	0	1663
13579	1652	2	5	25	0	1684
13580	1609	3	5	10	0	1627
13581	1660	3	4	13	0	1680
13582	30	3	4	1648	0	1685
13583	11	12	0	1646	0	1669
13584	7	1589	1	29	0	1626
13585	5	1640	8	9	0	1662
13586	18	27	8	1590	0	1643
13587	1540	14	4	30	0	1588
13588	1533	4	4	10	0	1551
13589	1514	2	1	11	0	1528
13590	1514	3	1	4	0	1522
13591	1530	4	5	4	0	1543
13592	17	1506	1	10	0	1534
13593	10	10	4	1550	0	1574
13594	1582	3	4	19	0	1608
13595	1595	6	1	7	0	1609
13596	20	3	1	1576	0	1600
13597	10	1	2	1604	0	1617
13598	4	4	1641	19	0	1668
13599	3	0	18	1592	0	1613
13600	7	1	4	1634	0	1646
13601	4	4	1728	19	0	1755
13602	5	4	13	1723	0	1745
13603	4	1802	2	22	0	1830
13604	8	13	1788	4	0	1813
13605	3	1814	17	11	0	1845
13606	4	16	3	1803	0	1826
13607	8	3	4	1822	0	1837
13608	3	1809	3	15	0	1830
13609	2	1857	1	4	0	1864
13610	1892	13	3	9	0	1917
13611	1888	5	2	5	0	1900
13612	18	3	1885	3	0	1909
13613	1959	1	12	15	0	1987
13614	2076	5	2	8	0	2091
13615	2107	3	4	5	0	2119
13616	2097	1	2	9	0	2109
13617	21	3	2029	6	0	2059
13618	6	2	1959	3	0	1970
13619	2077	2	15	13	0	2107
13620	18	2169	6	3	0	2196
13621	8	11	2170	3	0	2192
13622	2178	4	15	5	0	2202
13623	2209	2	6	6	0	2223
13624	17	2	2178	3	0	2200
13625	2225	2	15	4	0	2246
13626	18	0	7	2399	0	2424
13627	8	4	2480	17	0	2509
13628	2340	1	22	14	0	2377
13629	21	2509	8	5	0	2543
13630	2595	15	4	15	0	2629
13631	3002	4	5	37	0	3048
13632	26	1	4	3051	0	3082
13633	12	5	4	3033	0	3054
13634	4	2	3	3110	0	3119
13635	3097	0	4	33	0	3134
13636	3236	3	1	10	0	3250
13637	26	4	0	3247	0	3277
13638	12	3	1	3236	0	3252
13639	9	2	3194	27	0	3232
13640	3106	1	19	21	0	3147
13641	25	1	8	3326	0	3360
13642	18	2	2	3314	0	3336
13643	14	3286	7	28	0	3335
13644	19	24	1	3299	0	3343
13645	7	6	2	3312	0	3327
13646	3273	6	3	43	0	3325
13647	24	3314	6	25	0	3369
13648	15	20	2	3388	0	3425
13649	21	7	0	3373	0	3401
13650	21	10	2	3403	0	3436
13651	8	11	3368	34	0	3421
13652	10	0	20	3346	0	3376
13653	3331	1	9	45	0	3386
13654	28	4	3311	18	0	3361
13655	14	4	24	3383	0	3425
13656	9	2	7	3443	0	3461
13657	3452	4	7	46	0	3509
13658	3391	2	13	27	0	3433
13659	31	4	3442	21	0	3498
13660	3182	68	20	28	0	3298
13661	34	7	3415	3	0	3459
13662	3469	4	17	20	0	3510
13663	26	3757	14	15	0	3812
13664	3829	28	8	20	0	3885
13665	33	3908	8	9	0	3958
13666	3986	32	10	20	0	4048
13667	37	4048	6	12	0	4103
13668	27	36	3	4126	0	4192
13669	17	14	5	4150	0	4186
13670	17	8	1	4161	0	4187
13671	5	4093	2	55	0	4155
13672	12	24	6	4130	0	4172
13673	5	4148	3	47	0	4203
13674	11	30	3	4212	0	4256
13675	4195	19	6	50	0	4270
13676	4186	10	3	33	0	4232
13677	41	4160	2	20	0	4223
13678	28	31	4	4240	0	4303
13679	4206	14	1	44	0	4265
13680	39	4232	6	15	0	4292
13681	19	4267	1	18	0	4305
13682	4259	41	8	19	0	4327
13683	4284	19	2	13	0	4318
13684	42	4282	3	6	0	4333
13685	4248	41	2	19	0	4310
13686	57	16	1	4260	0	4334
13687	27	14	4438	36	0	4515
13688	4431	18	32	32	0	4513
13689	4519	7	10	33	0	4569
13690	51	9	4573	14	0	4647
13691	4577	8	37	34	0	4656
13692	4692	9	10	22	0	4733
13693	4850	6	10	19	0	4885
13694	64	4827	12	7	0	4910
13695	4905	42	4	28	0	4979
13696	4985	15	3	17	0	5020
13697	73	18	1	4953	0	5045
13698	45	14	8	4981	0	5048
13699	33	4	4	5067	0	5108
13700	5069	7	2	71	0	5149
13701	59	7	3	4961	0	5030
13702	5004	10	3	78	0	5095
13703	5055	3	5	30	0	5093
13704	87	5	3	5021	0	5116
13705	45	12	5	5151	0	5213
13706	35	7	5	5217	0	5264
13707	5206	2	3	93	0	5304
13708	55	5179	10	38	0	5282
13709	37	46	1	5303	0	5387
13710	34	18	3	5410	0	5465
13711	5344	13	4	74	0	5435
13712	5382	12	3	45	0	5442
13713	76	7	5229	38	0	5350
13714	40	7	5253	24	0	5324
13715	5588	9	63	31	0	5691
13716	95	6	24	5687	0	5812
13717	41	10	17	6615	0	6683
13718	28	20	6593	129	0	6770
13719	45	9	95	6501	0	6650
13720	18	6601	21	118	0	6758
13721	23	6836	18	40	0	6917
13722	6688	116	11	43	0	6858
13723	109	43	6708	26	0	6886
13724	35	6821	82	20	0	6958
13725	50	104	16	6925	0	7095
13726	26	31	6892	110	0	7059
13727	41	19	97	6712	0	6869
13728	33	19	21	6861	0	6934
13729	32	17	6893	120	0	7062
13730	26	6891	107	53	0	7077
13731	39	100	30	6517	0	6686
13732	6542	24	28	121	0	6715
13733	6610	31	14	50	0	6705
13734	6576	18	18	48	0	6660
13735	134	6472	22	38	0	6666
13736	6444	90	19	42	0	6595
13737	136	25	14	6480	0	6655
13738	37	28	6434	116	0	6615
13739	6306	19	111	56	0	6492
13740	122	6475	31	46	0	6674
13741	45	99	26	6447	0	6617
13742	42	33	19	6459	0	6553
13743	26	6404	19	140	0	6589
13744	46	111	15	6547	0	6719
13745	50	26	16	6635	0	6727
13746	49	32	19	6721	0	6821
13747	6541	30	24	159	0	6754
13748	6553	33	15	82	0	6683
13749	126	37	6596	57	0	6816
13750	75	28	105	6547	0	6755
13751	63	22	32	6759	0	6876
13752	50	32	43	6760	0	6885
13753	6672	29	21	172	0	6894
13754	128	21	6538	80	0	6767
13755	6408	20	117	80	0	6625
13756	6647	23	28	62	0	6760
13757	149	28	39	6634	0	6850
13758	6616	25	30	164	0	6835
13759	144	23	6471	81	0	6719
13760	6425	16	103	92	0	6636
13761	159	7073	33	46	0	7311
13762	56	109	6928	42	0	7135
13763	51	42	6912	56	0	7061
13764	79	57	118	6871	0	7125
13765	50	26	6965	137	0	7178
13766	6729	30	112	84	0	6955
13767	124	6813	52	51	0	7040
13768	6860	109	31	75	0	7075
13769	141	43	18	6945	0	7147
13770	52	31	6932	140	0	7155
13771	48	28	6972	61	0	7109
13772	49	28	121	6993	0	7191
13773	7060	20	36	169	0	7285
13774	124	6955	31	78	0	7188
13775	55	7150	35	72	0	7312
13776	7156	110	38	58	0	7362
13777	127	7170	33	69	0	7399
13778	7190	112	36	58	0	7396
13779	153	49	34	7150	0	7386
13780	7132	17	29	139	0	7317
13781	150	24	26	7137	0	7337
13782	7230	24	32	136	0	7422
13783	140	18	41	7199	0	7398
13784	70	7128	40	125	0	7363
13785	7175	97	38	75	0	7385
13786	140	7148	36	60	0	7384
13787	53	103	6983	42	0	7181
13788	66	47	110	6798	0	7021
13789	48	7107	40	118	0	7313
13790	6916	104	39	60	0	7119
13791	6887	27	45	56	0	7015
13792	138	6862	31	43	0	7074
13793	51	109	6843	34	0	7037
13794	73	33	98	6699	0	6903
13795	44	6700	46	120	0	6910
13796	57	97	47	6848	0	7049
13797	72	35	27	6895	0	7029
13798	6783	41	31	142	0	6997
13799	123	6772	33	56	0	6984
13800	59	97	26	6873	0	7055
13801	6876	46	22	139	0	7083
13802	6876	33	21	62	0	6992
13803	6798	44	23	58	0	6923
13804	160	41	13	6743	0	6957
13805	6635	30	13	124	0	6802
13806	128	6637	18	52	0	6835
13807	6607	92	29	48	0	6776
13808	109	6639	18	58	0	6824
13809	6648	88	15	67	0	6818
13810	6588	31	9	71	0	6699
13811	154	39	22	6517	0	6732
13812	50	37	6646	101	0	6834
13813	60	28	6465	44	0	6597
13814	47	6570	79	33	0	6729
13815	6322	79	51	52	0	6504
13816	92	39	6227	27	0	6385
13817	5005	14	35	19	0	5073
13818	34	5085	14	13	0	5146
13819	19	5309	5	12	0	5345
13820	15	49	11	5482	0	5557
13821	10	5641	12	29	0	5692
13822	15	45	5821	12	0	5893
13823	25	21	38	5651	0	5735
13824	11	5993	18	44	0	6066
13825	19	59	9	6081	0	6168
13826	6058	27	5	81	0	6171
13827	76	69	4	6081	0	6230
13828	33	17	6219	81	0	6350
13829	22	6280	74	35	0	6411
13830	33	82	30	6217	0	6362
13831	24	33	20	6281	0	6358
13832	25	16	9	6376	0	6426
13833	6230	16	8	130	0	6384
13834	6190	14	6	78	0	6288
13835	104	13	6294	35	0	6446
13836	50	19	6215	19	0	6303
13837	29	6316	98	17	0	6460
13838	6381	83	37	31	0	6532
13839	96	35	26	6410	0	6567
13840	50	16	13	6437	0	6516
13841	47	17	6	6455	0	6525
13842	33	19	7	6478	0	6537
13843	13	21	6295	134	0	6463
13844	6151	8	79	86	0	6324
13845	106	17	32	6973	0	7128
13846	49	12	6957	128	0	7146
13847	7024	8	123	91	0	7246
13848	7633	12	58	56	0	7759
13849	180	18	8468	35	0	8701
13850	90	17	8709	22	0	8838
13851	80	16	189	8613	0	8898
13852	8724	11	86	180	0	9001
13853	8849	7	43	96	0	8995
13854	237	15	36	8628	0	8916
13855	127	12	28	8807	0	8974
13856	62	16	8733	227	0	9038
13857	77	23	170	8564	0	8834
13858	43	13	8635	213	0	8904
13859	8273	10	185	126	0	8594
13860	184	8574	92	64	0	8914
13861	8192	142	48	81	0	8463
13862	179	8205	47	48	0	8479
13863	8081	165	65	58	0	8369
13864	219	78	23	7882	0	8202
13865	128	34	28	8021	0	8211
13866	7968	28	22	242	0	8260
13867	8009	29	23	132	0	8193
13868	8084	18	18	76	0	8196
13869	8107	23	17	79	0	8226
13870	274	10	7860	44	0	8188
13871	7782	11	160	75	0	8028
13872	7989	7	69	63	0	8128
13873	7975	15	50	42	0	8082
13874	316	10	39	7709	0	8074
13875	7587	9	26	207	0	7829
13876	234	7550	37	102	0	7923
13877	168	140	41	7576	0	7925
13878	112	62	31	7710	0	7915
13879	90	37	7526	252	0	7905
13880	113	28	183	7410	0	7734
13881	72	7517	89	228	0	7906
13882	7414	154	59	143	0	7770
13883	210	7499	53	93	0	7855
13884	7538	184	32	104	0	7858
13885	250	79	31	7511	0	7871
13886	7431	43	48	227	0	7749
13887	222	7298	47	129	0	7696
13888	7385	177	39	98	0	7699
13889	7434	92	30	86	0	7642
13890	316	69	25	7239	0	7649
13891	205	34	27	7412	0	7678
13892	126	34	7210	261	0	7631
13893	138	36	160	7196	0	7530
13894	116	31	91	7257	0	7495
13895	114	23	7091	277	0	7505
13896	119	25	176	7153	0	7473
13897	109	17	7070	248	0	7444
13898	6974	21	199	168	0	7362
13899	255	24	100	6994	0	7373
13900	141	35	6883	226	0	7285
13901	6838	24	194	152	0	7208
13902	260	24	93	6910	0	7287
13903	161	30	6890	224	0	7305
13904	6882	32	181	151	0	7246
13905	255	38	95	6897	0	7285
13906	165	24	49	7006	0	7244
13907	6950	36	55	296	0	7337
13908	261	21	38	6915	0	7235
13909	147	32	48	7021	0	7248
13910	150	20	41	6850	0	7061
13911	109	6742	30	286	0	7167
13912	6547	159	38	179	0	6923
13913	6617	88	32	126	0	6863
13914	304	53	26	6468	0	6851
13915	6540	45	27	244	0	6856
13916	6571	29	42	183	0	6825
13917	6603	31	32	122	0	6788
13918	5547	53	61	171	0	5832
13919	6361	24	47	99	0	6531
13920	303	31	5769	98	0	6201
13921	163	21	5591	97	0	5872
13922	5454	27	195	81	0	5757
13923	206	5349	102	93	0	5750
13924	142	120	61	5112	0	5435
13925	102	60	5102	155	0	5419
13926	90	30	5063	113	0	5296
13927	107	76	179	4880	0	5242
13928	4846	40	145	182	0	5213
13929	173	23	44	4832	0	5072
13930	99	27	4767	179	0	5072
13931	4934	11	138	123	0	5206
13932	161	14	81	4965	0	5221
13933	112	13	47	5033	0	5205
13934	98	6	48	5078	0	5230
13935	96	13	25	4988	0	5122
13936	59	13	4765	249	0	5086
13937	93	8	130	4835	0	5066
13938	4776	15	59	193	0	5043
13939	156	17	4580	139	0	4892
13940	4696	9	121	95	0	4921
13941	4779	13	89	90	0	4971
13942	4796	17	44	86	0	4943
13943	4773	16	40	66	0	4895
13944	235	4515	31	66	0	4847
13945	103	3861	28	55	0	4047
13946	91	3971	32	39	0	4133
13947	3587	162	115	69	0	3933
13948	118	45	3264	50	0	3477
13949	2175	27	79	27	0	2308
13950	55	10	29	2043	0	2137
13951	2041	3	6	47	0	2097
13952	45	1	6	2050	0	2102
13953	2042	2	5	49	0	2098
13954	43	5	7	2031	0	2086
13955	31	1	8	2073	0	2113
13956	1958	1	6	55	0	2020
13957	41	2212	7	25	0	2285
13958	26	26	2166	16	0	2234
13959	16	2144	32	15	0	2207
13960	8	25	2009	17	0	2059
13961	21	31	29	1891	0	1972
13962	1911	2	28	28	0	1969
13963	29	6	5	1887	0	1927
13964	1848	1	2	31	0	1882
13965	28	1999	6	14	0	2047
13966	13	19	2053	12	0	2097
13967	18	2030	24	3	0	2075
13968	11	2055	9	6	0	2081
13969	1929	17	19	8	0	1973
13970	1876	5	4	6	0	1891
13971	23	1888	4	6	0	1921
13972	10	15	2	1932	0	1959
13973	8	5	3	1954	0	1970
13974	1946	1	1	31	0	1979
13975	17	4	1957	9	0	1987
13976	12	4	1905	5	0	1926
13977	5	5	20	1959	0	1989
13978	7	2	2008	19	0	2036
13979	1919	2	19	18	0	1958
13980	1998	1	9	8	0	2016
13981	25	1977	4	7	0	2013
13982	16	14	2029	7	0	2066
13983	8	7	18	2050	0	2083
13984	8	4	2169	21	0	2202
13985	9	2	20	2152	0	2183
13986	2197	2	7	28	0	2234
13987	23	2291	2	14	0	2330
13988	9	23	2421	5	0	2458
13989	8	2448	25	7	0	2488
13990	5	2567	12	4	0	2588
13991	2587	27	7	10	0	2631
13992	2563	6	2	13	0	2584
13993	32	5	2594	11	0	2642
13994	11	2655	22	9	0	2697
13995	13	21	6	2706	0	2746
13996	13	10	2	2716	0	2741
13997	5	2	8	2706	0	2721
13998	12	7	2753	30	0	2802
13999	14	6	26	2717	0	2763
14000	12	3	8	2837	0	2860
14001	2904	2	4	38	0	2948
14002	2912	4	6	19	0	2941
14003	2923	3	3	12	0	2941
14004	2888	3	2	16	0	2909
14005	2906	2	4	15	0	2927
14006	27	2864	9	8	0	2908
14007	2782	22	3	8	0	2815
14008	24	4	2785	9	0	2822
14009	10	7	22	2749	0	2788
14010	2771	3	4	34	0	2812
14011	25	2777	6	2	0	2810
14012	2817	21	2	14	0	2854
14013	2885	6	3	13	0	2907
14014	27	4	2	2941	0	2974
14015	14	3	5	2966	0	2988
14016	6	3148	3	25	0	3182
14017	8	23	2	3244	0	3277
14018	7	8	3366	23	0	3404
14019	11	9	26	3422	0	3468
14020	8	6	3454	25	0	3493
14021	3444	2	28	11	0	3485
14022	31	1	4	3538	0	3574
14023	7	2	3618	30	0	3657
14024	8	3548	33	10	0	3599
14025	4	3599	8	5	0	3616
14026	3594	31	8	15	0	3648
14027	30	10	5	3592	0	3637
14028	4	6	3871	24	0	3905
14029	7	3867	21	6	0	3901
14030	10	24	3932	5	0	3971
14031	3845	2	22	16	0	3885
14032	3905	6	7	12	0	3930
14033	3943	7	5	13	0	3968
14034	33	2	5	3956	0	3996
14035	7	7	3967	25	0	4006
14036	9	4004	29	4	0	4046
14037	13	22	6	4064	0	4105
14038	7	8	4011	25	0	4051
14039	8	11	3922	9	0	3950
14040	9	9	28	4051	0	4097
14041	4110	5	4	38	0	4157
14042	30	5	12	4112	0	4159
14043	19	4	10	4201	0	4234
14044	7	8	4300	32	0	4347
14045	18	3	29	4270	0	4320
14046	13	5	8	4288	0	4314
14047	4	4	4348	36	0	4392
14048	7	9	4256	10	0	4282
14049	12	6	29	4291	0	4338
14050	11	10	4360	33	0	4414
14051	13	0	31	4352	0	4396
14052	4364	6	21	42	0	4433
14053	24	4531	12	16	0	4583
14054	16	24	8	4616	0	4664
14055	14	3	4571	30	0	4618
14056	4200	3	31	31	0	4265
14057	29	4360	12	13	0	4414
14058	4425	24	10	24	0	4483
14059	27	5	10	4434	0	4476
14060	20	6	14	4402	0	4442
14061	4504	10	13	49	0	4576
14062	28	2	4538	25	0	4593
14063	4435	2	35	28	0	4500
14064	33	5	16	4582	0	4636
14065	4486	7	9	38	0	4540
14066	4467	6	8	20	0	4501
14067	37	3	9	4512	0	4561
14068	12	4637	12	42	0	4703
14069	4804	31	9	24	0	4868
14070	4831	12	6	27	0	4876
14071	50	7	4847	17	0	4921
14072	4787	5	42	24	0	4858
14073	55	5	18	4890	0	4968
14074	26	4944	11	35	0	5016
14075	22	38	12	4885	0	4957
14076	17	4911	6	40	0	4974
14077	4931	34	5	34	0	5004
14078	5010	19	6	23	0	5058
14079	54	7	10	5225	0	5296
14080	26	11	5205	51	0	5293
14081	24	11	5130	24	0	5189
14082	29	10	52	5333	0	5424
14083	5323	3	35	78	0	5439
14084	5675	5	18	47	0	5745
14085	82	5787	15	27	0	5911
14086	67	63	5	5779	0	5914
14087	27	35	5853	69	0	5984
14088	21	21	6087	40	0	6169
14089	29	17	111	6513	0	6670
14090	7035	9	50	117	0	7211
14091	127	4	28	7134	0	7293
14092	54	6	7059	140	0	7259
14093	7067	11	118	78	0	7274
14094	155	2	47	7093	0	7297
14095	93	3	34	7170	0	7300
14096	49	1	27	7196	0	7273
14097	26	7121	19	190	0	7356
14098	18	116	7077	93	0	7304
14099	24	57	7150	65	0	7296
14100	36	29	166	7141	0	7372
14101	20	23	7196	130	0	7369
14102	7061	14	153	84	0	7312
14103	153	6	69	7104	0	7332
14104	77	9	47	7152	0	7285
14105	50	14	43	7162	0	7269
14106	34	7118	30	204	0	7386
14107	7235	115	29	119	0	7498
14108	154	46	16	7293	0	7509
14109	7216	32	24	179	0	7451
14110	166	7237	15	90	0	7508
14111	7228	131	27	85	0	7471
14112	7064	55	24	76	0	7219
14113	7202	32	24	75	0	7333
14114	195	6955	27	39	0	7216
14115	113	7031	28	36	0	7208
14116	6776	168	21	57	0	7022
14117	161	6865	18	43	0	7087
14118	74	155	6706	40	0	6975
14119	60	6532	121	39	0	6752
14120	41	6697	60	41	0	6839
14121	6630	171	35	47	0	6883
14122	143	83	6543	38	0	6807
14123	74	74	6491	31	0	6670
14124	82	36	172	6396	0	6686
14125	6504	33	115	149	0	6801
14126	160	23	6574	70	0	6827
14127	103	35	139	6574	0	6851
14128	60	29	6370	154	0	6613
14129	54	35	6228	79	0	6396
14130	6124	36	176	57	0	6393
14131	149	28	6311	51	0	6539
14132	88	35	161	6195	0	6479
14133	73	36	83	6191	0	6383
14134	49	6217	48	183	0	6497
14135	55	6373	57	98	0	6583
14136	68	167	44	6171	0	6450
14137	32	100	6216	158	0	6506
14138	61	62	137	6210	0	6470
14139	48	35	90	6314	0	6487
14140	38	29	6356	214	0	6637
14141	47	28	156	6362	0	6593
14142	6392	27	99	199	0	6717
14143	143	38	6318	111	0	6610
14144	6265	22	155	95	0	6537
14145	190	23	100	6279	0	6592
14146	109	23	72	6498	0	6702
14147	68	6524	45	220	0	6857
14148	57	155	50	6581	0	6843
14149	54	71	49	6783	0	6957
14150	6649	41	54	242	0	6986
14151	171	44	45	6721	0	6981
14152	104	35	36	6855	0	7030
14153	6567	43	45	265	0	6920
14154	182	35	65	6713	0	6995
14155	98	31	59	6555	0	6743
14156	68	6573	61	258	0	6960
14157	6651	140	64	170	0	7025
14158	183	84	36	6716	0	7019
14159	111	52	48	6838	0	7049
14160	77	42	6670	253	0	7042
14161	69	28	150	6675	0	6922
14162	62	29	93	6798	0	6982
14163	6554	35	57	289	0	6935
14164	6623	36	46	181	0	6886
14165	223	21	43	6635	0	6922
14166	118	32	6450	214	0	6814
14167	86	6270	153	125	0	6634
14168	60	6417	85	110	0	6672
14169	97	175	72	6321	0	6665
14170	6326	80	46	197	0	6649
14171	160	69	27	6377	0	6633
14172	6435	46	16	231	0	6728
14173	192	39	22	6572	0	6825
14174	112	29	30	6605	0	6776
14175	6430	36	21	258	0	6745
14176	6479	37	25	148	0	6689
14177	225	6431	24	95	0	6775
14178	114	6724	22	93	0	6953
14179	79	162	26	6341	0	6608
14180	69	94	28	6415	0	6606
14181	66	59	6219	180	0	6524
14182	5795	37	109	134	0	6075
14183	137	6065	63	84	0	6349
14184	48	5814	27	52	0	5941
14185	5642	112	44	58	0	5856
14186	133	45	5615	50	0	5843
14187	59	34	5457	43	0	5593
14188	52	29	5128	47	0	5256
14189	19	4722	85	27	0	4853
14190	25	37	52	4244	0	4358
14191	11	14	8	4234	0	4267
14192	12	7	6	4258	0	4283
14193	4158	5	8	59	0	4230
14194	4126	5	8	28	0	4167
14195	43	4141	6	15	0	4205
14196	13	35	5	4283	0	4336
14197	8	17	4326	37	0	4388
14198	15	4366	34	20	0	4435
14199	4298	33	15	34	0	4380
14200	39	9	4341	12	0	4401
14201	3979	8	33	33	0	4053
14202	34	9	4310	9	0	4362
14203	19	13	27	4225	0	4284
14204	10	4306	9	33	0	4358
14205	4330	33	6	31	0	4400
14206	30	4385	3	12	0	4430
14207	4308	28	11	32	0	4379
14208	39	10	1	4312	0	4362
14209	13	10	4468	30	0	4521
14210	23	3	28	4607	0	4661
14211	14	7	8	4942	0	4971
14212	13	7	4984	53	0	5057
14213	4724	2	46	48	0	4820
14214	51	5060	19	18	0	5148
14215	5046	46	14	23	0	5129
14216	55	5128	9	9	0	5201
14217	27	64	3	5341	0	5435
14218	10	19	5297	65	0	5391
14219	5978	9	60	29	0	6076
14220	102	6225	19	17	0	6363
14221	51	102	9	6247	0	6409
14222	33	34	6	6441	0	6514
14223	6691	20	5	151	0	6867
14224	6989	12	4	72	0	7077
14225	155	7128	11	33	0	7327
14226	7586	127	5	54	0	7772
14227	7629	38	6	40	0	7713
14228	7759	27	6	34	0	7826
14229	212	36	7722	12	0	7982
14230	87	7638	142	14	0	7881
14231	41	7926	44	16	0	8027
14232	59	181	24	7526	0	7790
14233	62	64	21	7758	0	7905
14234	7680	37	9	209	0	7935
14235	158	7654	19	69	0	7900
14236	7712	169	8	57	0	7946
14237	203	69	6	7619	0	7897
14238	95	39	5	7782	0	7921
14239	7557	21	10	237	0	7825
14240	7521	17	8	101	0	7647
14241	208	36	7362	43	0	7649
14242	114	25	144	7304	0	7587
14243	55	15	7219	186	0	7475
14244	48	19	7171	72	0	7310
14245	53	18	7302	36	0	7409
14246	7026	28	206	50	0	7310
14247	168	18	92	6999	0	7277
14248	87	22	37	7004	0	7150
14249	78	21	36	7133	0	7268
14250	36	21	7049	212	0	7318
14251	60	12	161	7032	0	7265
14252	75	18	48	7178	0	7319
14253	7010	19	36	237	0	7302
14254	7073	16	29	120	0	7238
14255	7164	15	18	84	0	7281
14256	7162	16	28	57	0	7263
14257	267	13	18	6955	0	7253
14258	7025	23	23	188	0	7259
14259	239	18	20	6977	0	7254
14260	119	31	6696	187	0	7033
14261	6778	17	147	104	0	7046
14262	203	6811	60	64	0	7138
14263	106	147	34	6797	0	7084
14264	101	74	26	6846	0	7047
14265	62	6845	26	220	0	7153
14266	6766	157	32	118	0	7073
14267	188	6742	23	88	0	7041
14268	116	170	6647	44	0	6977
14269	78	79	6696	56	0	6909
14270	6566	43	187	84	0	6880
14271	6710	40	83	71	0	6904
14272	237	28	6517	50	0	6832
14273	6472	31	173	57	0	6733
14274	217	21	6461	44	0	6743
14275	6449	21	197	48	0	6715
14276	233	21	6463	46	0	6763
14277	120	31	6521	53	0	6725
14278	93	24	227	6084	0	6428
14279	95	23	104	6173	0	6395
14280	6207	29	72	247	0	6555
14281	6192	20	43	145	0	6400
14282	6249	20	61	109	0	6439
14283	6353	23	51	74	0	6501
14284	270	6086	48	65	0	6469
14285	154	141	40	6001	0	6336
14286	125	6066	44	192	0	6427
14287	112	157	35	6090	0	6394
14288	115	67	38	6031	0	6251
14289	107	46	36	6006	0	6195
14290	84	44	5767	243	0	6138
14291	5642	20	164	162	0	5988
14292	196	5600	86	109	0	5991
14293	117	5795	67	80	0	6059
14294	95	196	5829	68	0	6188
14295	89	85	162	5787	0	6123
14296	96	61	82	5789	0	6028
14297	5666	50	50	248	0	6014
14298	207	43	52	5608	0	5910
14299	127	47	37	5727	0	5938
14300	98	30	62	5731	0	5921
14301	93	29	50	5775	0	5947
14302	5558	25	53	268	0	5904
14303	5674	26	46	135	0	5881
14304	5683	12	56	114	0	5865
14305	282	24	44	5615	0	5965
14306	5641	23	51	216	0	5931
14307	239	19	68	5694	0	6020
14308	150	25	58	5862	0	6095
14309	97	23	5554	249	0	5923
14310	91	14	5373	137	0	5615
14311	74	19	5135	104	0	5332
14312	4945	26	224	79	0	5274
14313	184	32	102	4708	0	5026
14314	114	4832	64	182	0	5192
14315	4924	124	59	106	0	5213
14316	192	55	4793	86	0	5126
14317	4547	36	150	79	0	4812
14318	186	4373	89	65	0	4713
14319	3529	63	29	33	0	3654
14320	137	39	15	3470	0	3661
14321	3387	20	22	87	0	3516
14322	100	3261	29	63	0	3453
14323	66	3145	18	45	0	3274
14324	2737	71	38	35	0	2881
14325	77	2713	16	27	0	2833
14326	26	2088	14	12	0	2140
14327	28	2099	29	18	0	2174
14328	1939	45	69	12	0	2065
14329	1828	19	16	8	0	1871
14330	1833	15	3	12	0	1863
14331	47	6	2	1794	0	1849
14332	28	7	2	1817	0	1854
14333	12	11	1794	28	0	1845
14334	17	8	20	1800	0	1845
14335	12	6	1816	25	0	1859
14336	17	8	21	1810	0	1856
14337	14	5	12	1830	0	1861
14338	1818	4	10	35	0	1867
14339	1802	2	8	35	0	1847
14340	34	1782	10	15	0	1841
14341	29	19	10	1793	0	1851
14342	9	18	1849	28	0	1904
14343	15	10	20	1863	0	1908
14344	12	6	16	1867	0	1901
14345	15	8	11	1879	0	1913
14346	13	5	1829	40	0	1887
14347	18	6	1758	19	0	1801
14348	1786	4	27	17	0	1834
14349	24	9	17	1808	0	1858
14350	14	7	1789	32	0	1842
14351	1741	7	17	31	0	1796
14352	21	1813	19	19	0	1872
14353	1812	16	13	16	0	1857
14354	27	14	1861	11	0	1913
14355	1811	6	19	19	0	1855
14356	36	5	15	1828	0	1884
14357	20	11	1870	20	0	1921
14358	15	1836	16	23	0	1890
14359	1838	19	31	15	0	1903
14360	23	14	11	1834	0	1882
14361	23	7	9	1847	0	1886
14362	16	1870	9	28	0	1923
14363	13	16	4	1901	0	1934
14364	9	14	1886	22	0	1931
14365	7	1880	21	26	0	1934
14366	1863	17	16	22	0	1918
14367	29	12	7	1852	0	1900
14368	17	7	3	1855	0	1882
14369	14	5	1841	30	0	1890
14370	10	9	15	1838	0	1872
14371	10	6	1915	22	0	1953
14372	10	1901	23	26	0	1960
14373	1872	16	13	21	0	1922
14374	1861	13	12	10	0	1896
14375	1866	5	6	17	0	1894
14376	26	1925	13	10	0	1974
14377	24	15	6	1914	0	1959
14378	8	13	10	1921	0	1952
14379	20	11	12	1732	0	1775
14380	1915	7	3	35	0	1960
14381	1890	6	8	25	0	1929
14382	34	7	3	1889	0	1933
14383	23	12	2101	19	0	2155
14384	13	7	13	2088	0	2121
14385	8	2	14	2103	0	2127
14386	11	5	9	2096	0	2121
14387	9	5	2	2098	0	2114
14388	2095	4	10	39	0	2148
14389	21	5	4	2175	0	2205
14390	18	7	6	2172	0	2203
14391	9	2194	6	31	0	2240
14392	6	17	0	2292	0	2315
14393	10	2358	5	26	0	2399
14394	7	30	1	2346	0	2384
14395	2309	13	3	41	0	2366
14396	24	2399	2	22	0	2447
14397	2388	25	1	24	0	2438
14398	35	20	2414	7	0	2476
14399	20	8	20	2409	0	2457
14400	13	6	2515	30	0	2564
14401	4	14	23	2518	0	2559
14402	12	4	16	2471	0	2503
14403	10	2485	9	37	0	2541
14404	8	2504	4	28	0	2544
14405	10	2541	6	8	0	2565
14406	2458	29	3	21	0	2511
14407	19	2331	6	13	0	2369
14408	8	2311	5	6	0	2330
14409	26	23	1	2311	0	2361
14410	2320	5	2	32	0	2359
14411	20	2457	5	6	0	2488
14412	2514	19	0	12	0	2545
14413	2512	10	3	7	0	2532
14414	24	5	2619	10	0	2658
14415	16	7	17	2585	0	2625
14416	3	5	3	2679	0	2690
14417	8	3	2	2657	0	2670
14418	8	5	2	2623	0	2638
14419	7	3	2587	20	0	2617
14420	6	5	2371	9	0	2391
14421	2415	4	15	10	0	2444
14422	19	2554	6	3	0	2582
14423	8	2554	3	5	0	2570
14424	2565	24	2	8	0	2599
14425	18	2574	1	3	0	2596
14426	14	20	1	2636	0	2671
14427	2641	7	3	28	0	2679
14428	21	4	2683	9	0	2717
14429	9	2	22	2699	0	2732
14430	3	2	2771	23	0	2799
14431	2669	1	22	24	0	2716
14432	21	6	3023	6	0	3056
14433	3032	5	23	13	0	3073
14434	3207	5	3	19	0	3234
14435	3217	6	2	11	0	3236
14436	3231	7	2	9	0	3249
14437	3231	3	4	9	0	3247
14438	28	5	3	3241	0	3277
14439	3377	3	1	33	0	3414
14440	27	4	1	3413	0	3445
14441	13	2	3	3394	0	3412
14442	6	6	1	3424	0	3437
14443	5	6	3459	28	0	3498
14444	15	2	20	3374	0	3411
14445	9	4	8	3466	0	3487
14446	5	5	3440	29	0	3479
14447	3195	3	18	17	0	3233
14448	29	1	8	3510	0	3548
14449	14	1	3533	28	0	3576
14450	9	3	3437	6	0	3455
14451	10	4	29	3410	0	3453
14452	9	5	3539	28	0	3581
14453	9	6	23	3598	0	3636
14454	9	3	10	3571	0	3593
14455	4	3566	4	36	0	3610
14456	6	3600	5	12	0	3623
14457	3632	27	4	21	0	3684
14458	32	7	2	3669	0	3710
14459	9	3	9	3646	0	3667
14460	10	2	4	3743	0	3759
14461	7	9	3786	33	0	3835
14462	12	4	27	3744	0	3787
14463	3756	4	12	39	0	3811
14464	37	5	3843	14	0	3899
14465	12	3	26	3967	0	4008
14466	18	7	6	4041	0	4072
14467	14	2	4	4077	0	4097
14468	7	4231	9	38	0	4285
14469	4253	38	4	27	0	4322
14470	4441	9	5	22	0	4477
14471	54	4556	7	16	0	4633
14472	21	47	2	4852	0	4922
14473	12	11	4895	64	0	4982
14474	9	10	4809	15	0	4843
14475	4966	3	70	23	0	5062
14476	80	2	25	5082	0	5189
14477	5321	3	9	83	0	5416
14478	86	5437	7	33	0	5563
14479	31	5579	13	21	0	5644
14480	5510	106	8	29	0	5653
14481	84	5716	10	15	0	5825
14482	49	97	6	5787	0	5939
14483	28	34	10	5629	0	5701
14484	9	5933	13	115	0	6070
14485	6014	93	3	63	0	6173
14486	100	45	6085	19	0	6249
14487	5921	20	96	39	0	6076
14488	113	11	6144	17	0	6285
14489	5776	17	102	40	0	5935
14490	113	17	6183	14	0	6327
14491	48	6089	107	15	0	6259
14492	51	105	44	6074	0	6274
14493	6015	40	23	112	0	6190
14494	101	17	5982	40	0	6140
14495	46	13	6024	18	0	6101
14496	41	8	121	5840	0	6010
14497	16	13	6052	99	0	6180
14498	36	13	96	5947	0	6092
14499	44	11	48	5877	0	5980
14500	16	10	5981	126	0	6133
14501	24	6	96	5901	0	6027
14502	6065	6	53	127	0	6251
14503	92	6101	27	50	0	6270
14504	6192	84	15	52	0	6343
14505	111	39	19	6103	0	6272
14506	6120	17	16	123	0	6276
14507	6243	10	19	69	0	6341
14508	148	9	17	6245	0	6419
14509	59	6281	21	95	0	6456
14510	6360	94	13	75	0	6542
14511	107	41	6183	30	0	6361
14512	57	26	6112	28	0	6223
14513	6084	15	117	30	0	6246
14514	114	14	64	6147	0	6339
14515	56	16	6199	104	0	6375
14516	49	10	108	6168	0	6335
14517	6233	12	51	118	0	6414
14518	6381	14	31	77	0	6503
14519	6400	11	31	50	0	6492
14520	132	6552	21	30	0	6735
14521	76	83	17	6657	0	6833
14522	38	41	19	6723	0	6821
14523	6631	20	15	143	0	6809
14524	107	6597	13	64	0	6781
14525	6641	91	18	46	0	6796
14526	125	40	17	6607	0	6789
14527	6575	22	15	127	0	6739
14528	121	30	6343	53	0	6547
14529	58	6399	93	37	0	6587
14530	53	93	39	6329	0	6514
14531	37	6561	26	82	0	6706
14532	50	99	11	6392	0	6552
14533	6350	39	22	126	0	6537
14534	111	30	6096	43	0	6280
14535	6019	19	90	59	0	6187
14536	108	6394	53	34	0	6589
14537	68	90	28	6569	0	6755
14538	54	47	17	6653	0	6771
14539	6477	28	27	141	0	6673
14540	106	16	6449	66	0	6637
14541	81	17	91	6532	0	6721
14542	47	22	49	6541	0	6659
14543	44	18	27	6522	0	6611
14544	46	23	21	6576	0	6666
14545	6489	21	20	155	0	6685
14546	6399	14	16	98	0	6527
14547	141	12	6598	46	0	6797
14548	61	20	6502	43	0	6626
14549	6568	13	110	72	0	6763
14550	6865	18	47	50	0	6980
14551	130	15	32	6834	0	7011
14552	84	13	20	6797	0	6914
14553	6681	12	28	151	0	6872
14554	111	6679	30	65	0	6885
14555	75	72	24	6750	0	6921
14556	56	38	22	6872	0	6988
14557	35	24	6737	140	0	6936
14558	53	11	90	6719	0	6873
14559	33	18	6789	122	0	6962
14560	50	19	94	6740	0	6903
14561	6672	13	46	149	0	6880
14562	98	17	36	6728	0	6879
14563	60	19	6662	129	0	6870
14564	48	6326	93	78	0	6545
14565	36	76	51	6638	0	6801
14566	33	41	6667	114	0	6855
14567	47	6675	86	59	0	6867
14568	49	93	51	6596	0	6789
14569	27	46	6543	97	0	6713
14570	5548	16	77	95	0	5736
14571	79	6320	52	42	0	6493
14572	41	6046	26	27	0	6140
14573	23	6188	16	30	0	6257
14574	49	135	17	5952	0	6153
14575	19	34	6216	63	0	6332
14576	13	6129	57	50	0	6249
14577	43	98	37	5967	0	6145
14578	6340	21	12	69	0	6442
14579	73	12	7	8131	0	8223
14580	30	19	9397	149	0	9595
14581	16	9440	176	43	0	9675
14582	9200	181	37	70	0	9488
14583	182	9408	32	20	0	9642
14584	41	208	9085	21	0	9355
14585	22	9182	196	33	0	9433
14586	62	221	76	8916	0	9275
14587	20	84	8971	179	0	9254
14588	31	8932	206	47	0	9216
14589	66	240	52	8760	0	9118
14590	65	90	55	8788	0	8998
14591	16	8862	52	214	0	9144
14592	52	227	58	8844	0	9181
14593	7	97	8826	235	0	9165
14594	20	76	8967	80	0	9143
14595	40	77	228	8840	0	9185
14596	8768	46	82	272	0	9168
14597	8815	68	56	121	0	9060
14598	225	55	40	8658	0	8978
14599	65	8674	75	241	0	9055
14600	99	216	83	8676	0	9074
14601	8586	61	80	289	0	9016
14602	246	66	44	8563	0	8919
14603	140	47	39	8665	0	8891
14604	8483	59	39	310	0	8891
14605	220	8448	39	130	0	8837
14606	102	232	43	8510	0	8887
14607	8415	87	40	295	0	8837
14608	248	72	8196	138	0	8654
14609	8131	39	187	168	0	8525
14610	286	43	60	8293	0	8682
14611	8267	71	48	280	0	8666
14612	8353	62	27	163	0	8605
14613	7930	54	37	151	0	8172
14614	282	8067	64	103	0	8516
14615	138	205	8059	93	0	8495
14616	124	8109	231	97	0	8561
14617	8084	221	67	113	0	8485
14618	291	7987	57	82	0	8417
14619	190	243	27	8029	0	8489
14620	7804	81	42	262	0	8189
14621	274	7800	43	88	0	8205
14622	92	271	7774	95	0	8232
14623	127	118	210	7741	0	8196
14624	99	113	7766	253	0	8231
14625	86	7798	232	164	0	8280
14626	110	266	57	7707	0	8140
14627	100	97	69	7913	0	8179
14628	92	107	61	7907	0	8167
14629	87	62	68	7718	0	7935
14630	66	7642	68	309	0	8085
14631	7544	253	64	166	0	8027
14632	248	93	7564	135	0	8040
14633	107	97	217	7604	0	8025
14634	7519	65	71	344	0	7999
14635	253	80	7540	167	0	8040
14636	99	7327	232	137	0	7795
14637	116	273	85	7235	0	7709
14638	79	124	7264	261	0	7728
14639	87	7280	257	133	0	7757
14640	6999	248	99	142	0	7488
14641	249	7182	89	95	0	7615
14642	101	286	80	7124	0	7591
14643	87	121	69	7368	0	7645
14644	7074	121	88	325	0	7608
14645	234	7132	86	178	0	7630
14646	114	277	92	7208	0	7691
14647	6981	141	81	297	0	7500
14648	6934	134	59	179	0	7306
14649	273	6866	57	171	0	7367
14650	6838	276	41	166	0	7321
14651	6965	144	44	144	0	7297
14652	332	131	49	6769	0	7281
14653	154	121	6677	308	0	7260
14654	167	91	218	6649	0	7125
14655	136	88	85	6807	0	7116
14656	143	92	6538	316	0	7089
14657	134	6463	223	154	0	6974
14658	130	244	85	6490	0	6949
14659	112	98	91	6655	0	6956
14660	99	75	91	6708	0	6973
14661	101	71	85	6505	0	6762
14662	89	6382	89	345	0	6905
14663	6426	245	70	193	0	6934
14664	6510	106	43	182	0	6841
14665	6406	79	44	183	0	6712
14666	292	6113	31	202	0	6638
14667	143	234	35	6143	0	6555
14668	113	123	6018	316	0	6570
14669	137	139	193	5949	0	6418
14670	172	6081	63	258	0	6574
14671	5883	240	34	145	0	6302
14672	5941	95	33	146	0	6215
14673	5834	104	47	116	0	6101
14674	278	5600	62	117	0	6057
14675	135	5361	68	127	0	5691
14676	110	5546	64	115	0	5835
14677	158	246	5288	91	0	5783
14678	142	185	4728	139	0	5194
14679	221	577	148	2131	0	3077
14680	1455	13	82	25	0	1575
14681	1433	3	0	18	0	1454
14682	19	3	4	1496	0	1522
14683	6	5	4	1458	0	1473
14684	6	4	2	1530	0	1542
14685	9	5	3	1540	0	1557
14686	1547	3	4	25	0	1579
14687	1594	6	1	13	0	1614
14688	20	1623	2	8	0	1653
14689	1663	18	4	15	0	1700
14690	1671	4	2	19	0	1696
14691	1692	5	2	8	0	1707
14692	29	6	1561	8	0	1604
14693	1637	6	10	4	0	1657
14694	23	1685	3	7	0	1718
14695	10	21	3	1731	0	1765
14696	8	7	0	1756	0	1771
14697	4	1723	2	30	0	1759
14698	11	24	4	1773	0	1812
14699	1757	5	3	36	0	1801
14700	34	5	2	1792	0	1833
14701	10	2	1775	26	0	1813
14702	1730	6	23	13	0	1772
14703	27	1821	7	9	0	1864
14704	11	25	5	1821	0	1862
14705	6	11	2	1823	0	1842
14706	7	7	3	1822	0	1839
14707	10	1	1810	34	0	1855
14708	11	1768	28	16	0	1823
14709	14	31	4	1789	0	1838
14710	12	7	1745	26	0	1790
14711	13	5	20	1715	0	1753
14712	7	4	1726	31	0	1768
14713	13	9	25	1675	0	1722
14714	8	1682	7	26	0	1723
14715	7	24	3	1662	0	1696
14716	1645	4	2	35	0	1686
14717	1636	3	3	17	0	1659
14718	28	7	1628	11	0	1674
14719	10	3	1533	5	0	1551
14720	8	9	1665	5	0	1687
14721	5	4	26	1660	0	1695
14722	7	3	6	1799	0	1815
14723	8	8	5	1809	0	1830
14724	4	1810	2	32	0	1848
14725	12	28	3	1799	0	1842
14726	10	8	3	1872	0	1893
14727	10	6	4	1915	0	1935
14728	1893	5	3	39	0	1940
14729	1907	4	5	20	0	1936
14730	31	0	1908	11	0	1950
14731	11	8	1886	8	0	1913
14732	1905	3	30	15	0	1953
14733	1966	2	8	17	0	1993
14734	34	2	2060	16	0	2112
14735	17	4	2008	5	0	2034
14736	2004	3	32	16	0	2055
14737	2056	2	12	10	0	2080
14738	42	0	2105	6	0	2153
14739	20	2	34	2069	0	2125
14740	13	3	13	2117	0	2146
14741	3	2170	10	43	0	2226
14742	9	40	4	2216	0	2269
14743	11	5	2333	46	0	2395
14744	15	5	39	2333	0	2392
14745	12	5	13	2356	0	2386
14746	4	4	2322	48	0	2378
14747	2267	4	38	27	0	2336
14748	2358	5	14	17	0	2394
14749	53	3	9	2328	0	2393
14750	29	1	10	2352	0	2392
14751	2340	1	10	55	0	2406
14752	2329	5	9	20	0	2363
14753	2214	4	11	27	0	2256
14754	2354	2	6	19	0	2381
14755	52	2300	6	13	0	2371
14756	2275	34	7	16	0	2332
14757	41	2288	3	13	0	2345
14758	17	38	8	2277	0	2340
14759	13	9	10	2269	0	2301
14760	11	2233	3	50	0	2297
14761	13	32	5	2281	0	2331
14762	7	9	8	2274	0	2298
14763	11	2222	7	47	0	2287
14764	10	37	6	2246	0	2299
14765	12	4	6	2271	0	2293
14766	14	9	8	2276	0	2307
14767	11	8	2213	50	0	2282
14768	10	2161	35	22	0	2228
14769	15	40	13	2110	0	2178
14770	10	2155	12	40	0	2217
14771	2140	37	7	17	0	2201
14772	42	10	2124	15	0	2191
14773	7	12	2103	13	0	2135
14774	2047	4	42	12	0	2105
14775	41	22	12	2089	0	2164
14776	14	5	2060	42	0	2121
14777	10	4	2021	21	0	2056
14778	9	21	40	1952	0	2022
14779	1935	5	13	37	0	1990
14780	1949	5	13	17	0	1984
14781	43	3	6	1893	0	1945
14782	17	6	1843	46	0	1912
14783	12	1920	33	16	0	1981
14784	14	38	9	1906	0	1967
14785	8	7	1911	41	0	1967
14786	10	1851	35	19	0	1915
14787	15	41	6	1829	0	1891
14788	1822	9	8	42	0	1881
14789	31	10	12	1768	0	1821
14790	16	1786	9	39	0	1850
14791	1799	33	4	28	0	1864
14792	38	6	1865	20	0	1929
14793	14	1853	36	13	0	1916
14794	20	29	1840	16	0	1905
14795	1786	10	38	16	0	1850
14796	33	7	13	1732	0	1785
14797	15	9	10	1806	0	1840
14798	1814	1	10	33	0	1858
14799	28	5	10	1811	0	1854
14800	10	7	1766	34	0	1817
14801	1702	2	28	18	0	1750
14802	28	1786	9	14	0	1837
14803	15	24	10	1763	0	1812
14804	1745	8	5	36	0	1794
14805	26	1739	9	20	0	1794
14806	14	30	5	1771	0	1820
14807	1776	5	8	35	0	1824
14808	29	9	10	1789	0	1837
14809	13	1774	6	35	0	1828
14810	14	22	1830	19	0	1885
14811	19	6	24	1853	0	1902
14812	13	9	11	1815	0	1848
14813	1864	5	10	38	0	1917
14814	39	1	4	1887	0	1931
14815	1879	6	2	41	0	1928
14816	1895	5	6	20	0	1926
14817	36	7	6	1869	0	1918
14818	21	1883	5	28	0	1937
14819	14	29	7	1881	0	1931
14820	1784	12	1	35	0	1832
14821	30	1781	2	21	0	1834
14822	10	1774	4	8	0	1796
14823	1790	24	4	14	0	1832
14824	1768	11	0	21	0	1800
14825	27	1796	3	7	0	1833
14826	1788	24	21	13	0	1846
14827	1755	10	4	5	0	1774
14828	31	6	5	1774	0	1816
14829	17	5	1839	23	0	1884
14830	13	9	30	1837	0	1889
14831	3	7	1900	32	0	1942
14832	9	6	21	1874	0	1910
14833	4	2	1887	31	0	1924
14834	1771	7	25	10	0	1813
14835	18	8	7	1808	0	1841
14836	1889	3	2	21	0	1915
14837	25	6	7	1859	0	1897
14838	10	1951	0	23	0	1984
14839	1978	21	5	10	0	2014
14840	24	7	1928	4	0	1963
14841	1847	15	16	6	0	1884
14842	17	1866	9	1	0	1893
14843	1759	15	1	4	0	1779
14844	1767	2	1	4	0	1774
14845	18	1773	2	0	0	1793
14846	8	14	0	1872	0	1894
14847	1874	3	0	22	0	1899
14848	20	1901	1	5	0	1927
14849	12	20	2	1910	0	1944
14850	1924	5	0	26	0	1955
14851	22	3	1	1925	0	1951
14852	10	1	0	1932	0	1943
14853	3	1	1	1955	0	1960
14854	3	2	1921	27	0	1953
14855	3	1	21	1914	0	1939
14856	1932	1	6	28	0	1967
14857	25	0	1915	7	0	1947
14858	8	2	23	1912	0	1945
14859	8	2	4	1933	0	1947
14860	4	2	1912	30	0	1948
14861	1861	2	25	8	0	1896
14862	1951	0	4	14	0	1969
14863	34	6	1965	2	0	2007
14864	16	0	29	1963	0	2008
14865	6	1	10	2011	0	2028
14866	6	1	2112	35	0	2154
14867	10	4	34	2131	0	2179
14868	12	2	4	2134	0	2152
14869	6	1	2237	45	0	2289
14870	2168	4	37	12	0	2221
14871	43	3	6	2269	0	2321
14872	2264	2	3	45	0	2314
14873	2296	4	5	10	0	2315
14874	49	1	2283	13	0	2346
14875	23	1	39	2260	0	2323
14876	2281	2	8	54	0	2345
14877	40	2345	10	24	0	2419
14878	13	39	5	2421	0	2478
14879	13	9	6	2463	0	2491
14880	7	6	8	2523	0	2544
14881	13	4	2474	56	0	2547
14882	2338	5	49	21	0	2413
14883	52	0	11	2386	0	2449
14884	21	3	4	2403	0	2431
14885	12	4	2366	54	0	2436
14886	19	1	41	2347	0	2408
14887	12	5	10	2433	0	2460
14888	2343	6	11	62	0	2422
14889	48	2360	8	25	0	2441
14890	15	48	2382	20	0	2465
14891	2375	10	47	20	0	2452
14892	54	5	13	2338	0	2410
14893	18	3	2352	57	0	2430
14894	10	4	2380	18	0	2412
14895	19	3	51	2400	0	2473
14896	13	3	2425	56	0	2497
14897	12	1	2374	17	0	2404
14898	12	2384	52	16	0	2464
14899	11	38	15	2495	0	2559
14900	7	14	2515	54	0	2590
14901	16	6	45	2456	0	2523
14902	2559	5	13	59	0	2636
14903	52	1	8	2569	0	2630
14904	18	2	9	2633	0	2662
14905	2563	3	9	69	0	2644
14906	2626	0	11	29	0	2666
14907	61	2	8	2682	0	2753
14908	14	1	2709	70	0	2794
14909	11	2683	51	24	0	2769
14910	11	48	18	2698	0	2775
14911	2690	9	10	70	0	2779
14912	2741	6	7	25	0	2779
14913	65	2651	12	14	0	2742
14914	23	2736	7	22	0	2788
14915	2721	52	9	29	0	2811
14916	2769	11	12	20	0	2812
14917	57	14	2837	18	0	2926
14918	27	2	47	2757	0	2833
14919	12	2854	23	55	0	2944
14920	2923	49	15	30	0	3017
14921	55	13	13	2895	0	2976
14922	17	2818	10	63	0	2908
14923	16	49	2820	22	0	2907
14924	19	12	60	2716	0	2807
14925	11	2911	17	54	0	2993
14926	2923	53	11	32	0	3019
14927	2927	9	14	22	0	2972
14928	64	2898	8	18	0	2988
14929	2803	53	10	20	0	2886
14930	2810	8	12	22	0	2852
14931	64	2750	6	14	0	2834
14932	17	2823	9	15	0	2864
14933	29	59	16	2752	0	2856
14934	2749	17	7	58	0	2831
14935	50	10	2824	18	0	2902
14936	2633	6	44	26	0	2709
14937	45	2761	10	20	0	2836
14938	2716	40	13	14	0	2783
14939	2771	8	9	12	0	2800
14940	2755	12	7	13	0	2787
14941	65	9	3	2691	0	2768
14942	23	2704	7	48	0	2782
14943	2735	46	4	17	0	2802
14944	49	14	2784	13	0	2860
14945	15	2764	45	17	0	2841
14946	15	43	9	2779	0	2846
14947	6	9	2734	42	0	2791
14948	10	3	2757	13	0	2783
14949	16	7	47	2733	0	2803
14950	18	11	12	2850	0	2891
14951	15	1	13	2888	0	2917
14952	13	10	6	2811	0	2840
14953	8	2760	7	54	0	2829
14954	12	2865	7	14	0	2898
14955	2900	41	5	28	0	2974
14956	46	11	6	2924	0	2987
14957	12	20	4	2947	0	2983
14958	14	5	3	3001	0	3023
14959	2978	2	7	53	0	3040
14960	3012	5	8	21	0	3046
14961	53	7	4	2981	0	3045
14962	3032	4	8	49	0	3093
14963	3041	3	4	22	0	3070
14964	3104	2	3	23	0	3132
14965	49	4	6	3040	0	3099
14966	19	12	2878	32	0	2941
14967	19	13	2706	13	0	2751
14968	18	9	2834	12	0	2873
14969	9	7	2932	12	0	2960
14970	16	25	35	2914	0	2990
14971	2950	3	11	34	0	2998
14972	2918	4	7	22	0	2951
14973	34	4	2927	17	0	2982
14974	19	9	2928	11	0	2967
14975	17	3239	30	11	0	3297
14976	17	33	10	3258	0	3318
14977	3249	7	11	40	0	3307
14978	30	6	3228	7	0	3271
14979	3114	5	22	15	0	3156
14980	22	3360	9	8	0	3399
14981	12	24	11	3491	0	3538
14982	11	3	9	3628	0	3651
14983	14	4	6	3587	0	3611
14984	3679	6	7	45	0	3737
14985	33	2	4	3671	0	3710
14986	19	1	7	3705	0	3732
14987	3706	4	4	48	0	3762
14988	37	2	5	3690	0	3734
14989	18	3	3710	36	0	3767
14990	3649	6	28	23	0	3706
14991	36	2	15	3768	0	3821
14992	22	5	9	3712	0	3748
14993	7	3720	8	34	0	3769
14994	3784	26	4	27	0	3841
14995	3826	11	2	23	0	3862
14996	45	4	3	3802	0	3854
14997	20	5	3807	38	0	3870
14998	3576	7	28	28	0	3639
14999	43	2	3882	10	0	3937
15000	24	1	33	3821	0	3879
15001	13	2	14	3997	0	4026
15002	3982	0	9	49	0	4040
15003	44	1	8	4150	0	4203
15004	20	6	4149	37	0	4212
15005	4018	5	31	29	0	4083
15006	38	9	4354	18	0	4419
15007	24	10	4375	10	0	4419
15008	4569	7	53	16	0	4645
15009	56	8	25	4724	0	4813
15010	24	4869	7	40	0	4940
15011	4893	38	11	26	0	4968
15012	4875	13	10	18	0	4916
15013	61	7	4879	8	0	4955
15014	4812	2	40	22	0	4876
15015	48	9	18	4994	0	5069
15016	31	5	5091	43	0	5170
15017	14	4950	44	30	0	5038
15018	4942	37	28	24	0	5031
15019	43	5008	10	11	0	5072
15020	33	34	12	5000	0	5079
15021	19	17	12	5023	0	5071
15022	16	13	9	5043	0	5081
15023	16	4	5	4935	0	4960
15024	9	4945	12	56	0	5022
15025	13	34	4823	28	0	4898
15026	10	4876	36	19	0	4941
15027	4889	37	20	19	0	4965
15028	43	22	5	4899	0	4969
15029	4928	7	10	48	0	4993
15030	51	7	10	4936	0	5004
15031	5143	9	9	56	0	5217
15032	47	5227	6	26	0	5306
15033	5389	43	5	40	0	5477
15034	5428	18	9	25	0	5480
15035	5323	11	5	29	0	5368
15036	5370	2	7	34	0	5413
15037	57	5349	3	18	0	5427
15038	36	33	5377	18	0	5464
15039	28	19	37	5389	0	5473
15040	5426	15	21	61	0	5523
15041	5538	7	10	41	0	5596
15042	70	12	8	5609	0	5699
15043	37	7	5798	50	0	5892
15044	26	7	44	5683	0	5760
15045	29	5806	20	51	0	5906
15046	5889	51	11	43	0	5994
15047	63	34	12	5914	0	6023
15048	40	5880	17	54	0	5991
15049	22	6179	10	44	0	6255
15050	16	6282	13	27	0	6338
15051	33	79	5	6341	0	6458
15052	6385	32	15	89	0	6521
15053	71	6433	13	30	0	6547
15054	38	71	9	6545	0	6663
15055	6481	30	11	84	0	6606
15056	83	15	7	6527	0	6632
15057	6506	11	11	94	0	6622
15058	6500	13	8	48	0	6569
15059	96	6781	7	24	0	6908
15060	64	69	9	6606	0	6748
15061	31	6847	12	61	0	6951
15062	6793	78	9	37	0	6917
15063	6802	35	9	50	0	6896
15064	6894	24	12	33	0	6963
15065	103	16	12	6905	0	7036
15066	49	25	6834	79	0	6987
15067	6668	18	66	48	0	6800
15068	6854	17	28	50	0	6949
15069	109	14	13	6765	0	6901
15070	47	6943	12	75	0	7077
15071	51	69	9	6995	0	7124
15072	43	38	6	7108	0	7195
15073	7074	23	15	102	0	7214
15074	6971	23	10	82	0	7086
15075	107	25	6735	28	0	6895
15076	61	16	63	6710	0	6850
15077	6840	17	24	90	0	6971
15078	103	13	13	6891	0	7020
15079	49	21	6908	94	0	7072
15080	36	6595	77	45	0	6753
15081	33	6842	20	46	0	6941
15082	7440	77	28	32	0	7577
15083	108	34	16	7959	0	8117
15084	55	24	13	8850	0	8942
15085	8816	20	6	198	0	9040
15086	169	28	8778	63	0	9038
15087	89	13	140	8800	0	9042
15088	59	23	8877	171	0	9130
15089	48	8895	162	71	0	9176
15090	9043	161	70	75	0	9349
15091	9274	63	38	59	0	9434
15092	9374	36	33	60	0	9503
15093	231	38	9170	33	0	9472
15094	9211	25	152	50	0	9438
15095	9467	26	58	39	0	9590
15096	264	21	25	9436	0	9746
15097	8058	41	79	231	0	8409
15098	186	25	9276	74	0	9561
15099	9086	20	149	72	0	9327
15100	212	23	9197	40	0	9472
15101	104	9315	162	48	0	9629
15102	87	208	84	8655	0	9034
15103	73	9269	41	149	0	9532
15104	62	176	9129	55	0	9422
15105	53	9244	162	39	0	9498
15106	8749	166	62	52	0	9029
15107	154	8686	44	25	0	8909
15108	61	8641	35	29	0	8766
15109	51	193	8414	18	0	8676
15110	69	78	140	8319	0	8606
15111	8444	57	55	155	0	8711
15112	157	46	8443	52	0	8698
15113	67	8455	161	39	0	8722
15114	72	145	51	8433	0	8701
15115	59	52	8511	143	0	8765
15116	40	36	8409	57	0	8542
15117	61	45	176	8433	0	8715
15118	29	19	8573	170	0	8791
15119	54	32	186	7862	0	8134
15120	32	8317	84	156	0	8589
15121	49	149	55	8366	0	8619
15122	35	8458	63	155	0	8711
15123	52	160	36	8503	0	8751
15124	8418	72	37	190	0	8717
15125	174	49	29	8400	0	8652
15126	69	8427	29	170	0	8695
15127	64	148	36	8597	0	8845
15128	53	68	8543	183	0	8847
15129	60	47	153	8555	0	8815
15130	8518	42	77	189	0	8826
15131	166	33	8259	89	0	8547
15132	92	32	171	8192	0	8487
15133	8004	29	77	193	0	8303
15134	179	7996	53	73	0	8301
15135	100	149	53	8005	0	8307
15136	8066	58	37	193	0	8354
15137	198	45	45	8023	0	8311
15138	78	60	7985	183	0	8306
15139	7793	35	151	114	0	8093
15140	179	7959	78	60	0	8276
15141	72	8111	40	79	0	8302
15142	8031	170	63	61	0	8325
15143	7884	74	44	55	0	8057
15144	210	79	31	7755	0	8075
15145	7785	60	36	156	0	8037
15146	185	45	7700	62	0	7992
15147	7660	46	132	88	0	7926
15148	170	7620	77	68	0	7935
15149	7548	125	62	67	0	7802
15150	183	64	7616	48	0	7911
15151	131	70	153	7556	0	7910
15152	74	53	83	7599	0	7809
15153	73	38	68	7139	0	7318
15154	63	7505	60	156	0	7784
15155	7518	128	36	106	0	7788
15156	175	67	56	7042	0	7340
15157	102	7319	38	160	0	7619
15158	7817	133	46	110	0	8106
15159	7618	69	41	68	0	7796
15160	7754	54	37	73	0	7918
15161	7725	52	35	76	0	7888
15162	7661	31	42	69	0	7803
15163	224	44	47	7531	0	7846
15164	154	45	39	7496	0	7734
15165	7434	41	51	183	0	7709
15166	188	53	28	7427	0	7696
15167	110	44	36	7480	0	7670
15168	65	55	7173	197	0	7490
15169	7210	48	138	117	0	7513
15170	7278	53	68	107	0	7506
15171	7335	58	53	81	0	7527
15172	196	65	59	6833	0	7153
15173	120	7134	40	160	0	7454
15174	7669	130	52	100	0	7951
15175	7479	75	44	96	0	7694
15176	247	50	38	8114	0	8449
15177	8167	43	42	201	0	8453
15178	239	118	6565	149	0	7071
15179	132	8195	133	95	0	8555
15180	151	8384	86	90	0	8711
15181	143	219	8229	73	0	8664
15182	56	7361	164	84	0	7665
15183	61	6933	109	55	0	7158
15184	6020	98	64	49	0	6231
15185	66	6037	24	38	0	6165
15186	58	89	24	6097	0	6268
15187	6220	49	22	108	0	6399
15188	90	43	6102	61	0	6296
15189	6028	37	63	64	0	6192
15190	96	34	6031	41	0	6202
15191	60	20	5898	39	0	6017
15192	5801	16	92	35	0	5944
15193	91	20	6016	28	0	6155
15194	57	5847	81	22	0	6007
15195	66	75	80	5743	0	5964
15196	5753	35	30	68	0	5886
15197	74	5653	24	44	0	5795
15198	60	74	20	5682	0	5836
15199	37	43	5680	79	0	5839
15200	46	26	54	5700	0	5826
15201	5586	20	41	95	0	5742
15202	78	20	5546	52	0	5696
15203	65	16	64	5518	0	5663
15204	5584	25	39	82	0	5730
15205	5676	13	34	69	0	5792
15206	124	16	19	5672	0	5831
15207	80	21	16	5683	0	5800
15208	48	12	5768	99	0	5927
15209	46	20	5708	55	0	5829
15210	5738	16	92	52	0	5898
15211	5910	13	46	47	0	6016
15212	104	5861	35	17	0	6017
15213	5847	58	31	21	0	5957
15214	5992	34	15	37	0	6078
15215	113	24	6392	25	0	6554
15216	74	6532	67	17	0	6690
15217	6580	69	46	24	0	6719
15218	6592	36	27	19	0	6674
15219	6738	23	21	25	0	6807
15220	127	19	13	6621	0	6780
15221	79	19	6	6646	0	6750
15222	52	6570	15	101	0	6738
15223	46	77	12	6716	0	6851
15224	6649	38	9	120	0	6816
15225	102	22	13	6685	0	6822
15226	51	25	6620	102	0	6798
15227	40	12	6501	64	0	6617
15228	44	8	98	6532	0	6682
15229	20	10	6672	99	0	6801
15230	24	10	6587	49	0	6670
15231	32	9	126	6529	0	6696
15232	34	11	61	6746	0	6852
15233	22	6	6857	114	0	6999
15234	30	5	6800	57	0	6892
15235	19	6851	111	50	0	7031
15236	6862	76	64	62	0	7064
15237	80	7017	44	29	0	7170
15238	7015	96	34	27	0	7172
15239	7155	50	22	28	0	7255
15240	127	7188	19	17	0	7351
15241	7221	100	15	28	0	7364
15242	130	43	19	7136	0	7328
15243	70	34	7203	78	0	7385
15244	61	26	84	7086	0	7257
15245	45	18	35	7286	0	7384
15246	6959	11	27	139	0	7136
15247	7006	13	28	77	0	7124
15248	7049	5	23	66	0	7143
15249	7061	11	18	58	0	7148
15250	6761	9	20	50	0	6840
15251	166	6572	18	21	0	6777
15252	94	77	10	6727	0	6908
15253	69	30	6793	95	0	6987
15254	56	26	91	6767	0	6940
15255	55	24	46	6825	0	6950
15256	40	17	39	7142	0	7238
15257	7417	9	32	170	0	7628
15258	145	13	27	7403	0	7588
15259	7522	12	19	200	0	7753
15260	179	14	7632	79	0	7904
15261	118	13	131	8776	0	9038
15262	60	18	9072	211	0	9361
15263	9018	9	210	107	0	9344
15264	216	17	82	9134	0	9449
15265	100	22	9228	219	0	9569
15266	103	14	204	9262	0	9583
15267	9364	8	87	247	0	9706
15268	211	15	9448	113	0	9787
15269	9455	8	214	111	0	9788
15270	9761	9	93	86	0	9949
15271	9715	8	62	74	0	9859
15272	9615	8	59	62	0	9744
15273	299	9286	39	55	0	9679
15274	134	8925	37	40	0	9136
15275	101	8834	33	39	0	9007
15276	98	327	46	7806	0	8277
15277	60	8156	34	129	0	8379
15278	7921	170	18	57	0	8166
15279	164	7792	18	42	0	8016
15280	63	7913	24	35	0	8035
15281	80	185	35	7794	0	8094
15282	77	75	24	7961	0	8137
15283	7834	53	27	217	0	8131
15284	196	33	27	7824	0	8080
15285	83	32	7711	192	0	8018
15286	72	30	7406	88	0	7596
15287	54	31	7660	64	0	7809
15288	90	26	194	7472	0	7782
15289	100	19	70	7957	0	8146
15290	70	18	7789	214	0	8091
15291	76	22	7658	77	0	7833
15292	59	38	7927	58	0	8082
15293	7897	36	223	62	0	8218
15294	190	38	100	7973	0	8301
15295	85	40	59	8114	0	8298
15296	8035	42	43	239	0	8359
15297	212	34	42	7998	0	8286
15298	79	7993	40	216	0	8328
15299	61	8308	39	100	0	8508
15300	81	190	33	8250	0	8554
15301	8239	73	24	235	0	8571
15302	8295	54	20	122	0	8491
15303	8377	46	38	107	0	8568
15304	261	27	47	8227	0	8562
15305	100	36	8107	216	0	8459
15306	91	32	190	8081	0	8394
15307	57	25	8075	238	0	8395
15308	7834	19	214	123	0	8190
15309	216	20	97	7851	0	8184
15310	7660	11	86	244	0	8001
15311	216	21	7754	112	0	8103
15312	7491	12	207	101	0	7811
15313	230	14	7932	89	0	8265
15314	121	7444	212	82	0	7859
15315	101	7399	90	64	0	7654
15316	7208	181	69	84	0	7542
15317	228	80	42	7146	0	7496
15318	92	65	7227	194	0	7578
15319	88	7039	164	86	0	7377
15320	87	7342	63	55	0	7547
15321	82	202	45	7257	0	7586
15322	7304	93	36	193	0	7626
15323	7335	61	43	100	0	7539
15324	226	7295	36	77	0	7634
15325	7323	178	43	81	0	7625
15326	234	67	46	7277	0	7624
15327	83	77	7212	212	0	7584
15328	95	7285	175	90	0	7645
15329	98	176	82	7299	0	7655
15330	93	68	68	7362	0	7591
15331	7295	47	52	241	0	7635
15332	207	51	7231	103	0	7592
15333	7130	42	185	88	0	7445
15334	7296	34	81	74	0	7485
15335	252	36	75	7106	0	7469
15336	115	47	60	7296	0	7518
15337	7103	48	59	232	0	7442
15338	223	49	36	7115	0	7423
15339	90	36	6941	238	0	7305
15340	72	43	6871	92	0	7078
15341	76	6702	209	78	0	7065
15342	60	7172	80	70	0	7382
15343	81	206	58	6815	0	7160
15344	75	6891	41	198	0	7205
15345	6942	202	43	119	0	7306
15346	195	7047	41	77	0	7360
15347	85	203	29	7057	0	7374
15348	75	76	45	7208	0	7404
15349	49	71	7044	240	0	7404
15350	70	48	187	6987	0	7292
15351	73	30	59	7167	0	7329
15352	67	7148	61	251	0	7527
15353	83	169	46	7179	0	7477
15354	86	55	43	7319	0	7503
15355	88	42	7071	267	0	7468
15356	52	6927	186	130	0	7295
15357	61	511	48	5937	0	6557
15358	41	6377	52	176	0	6646
15359	38	141	6165	82	0	6426
15360	38	5935	143	67	0	6183
15361	4515	160	78	56	0	4809
15362	4384	17	30	30	0	4461
15363	4372	21	9	29	0	4431
15364	80	4349	16	17	0	4462
15365	4292	81	10	16	0	4399
15366	85	17	9	4256	0	4367
15367	4199	28	4	77	0	4308
15368	81	4088	6	23	0	4198
15369	4081	75	4	34	0	4194
15370	4225	15	5	36	0	4281
15371	81	4268	8	28	0	4385
15372	26	79	4252	18	0	4375
15373	36	27	77	4572	0	4712
15374	23	29	4923	84	0	5059
15375	21	21	104	5071	0	5217
15376	21	14	29	5379	0	5443
15377	14	19	5406	155	0	5594
15378	25	14	129	5437	0	5605
15379	5477	14	35	165	0	5691
15380	126	12	5522	58	0	5718
15381	33	5538	142	45	0	5758
15382	48	120	36	5446	0	5650
15383	34	32	25	5674	0	5765
15384	23	31	5558	159	0	5771
15385	39	27	131	5367	0	5564
15386	20	5529	37	153	0	5739
15387	5396	124	33	73	0	5626
15388	122	5433	24	34	0	5613
15389	5108	133	10	49	0	5300
15390	122	5127	19	27	0	5295
15391	38	5272	15	33	0	5358
15392	38	141	5064	18	0	5261
15393	38	71	126	5031	0	5266
15394	35	35	34	5023	0	5127
15395	30	24	29	5145	0	5228
15396	17	5254	26	176	0	5473
15397	27	135	17	5325	0	5504
15398	5284	40	19	176	0	5519
15399	138	38	19	5326	0	5521
15400	5256	34	20	180	0	5490
15401	150	16	5253	91	0	5510
15402	5240	23	139	55	0	5457
15403	164	26	43	5251	0	5484
15404	83	22	27	5499	0	5631
15405	5477	20	47	195	0	5739
15406	166	27	5521	81	0	5795
15407	48	5496	153	80	0	5777
15408	49	139	43	5588	0	5819
15409	5557	52	36	182	0	5827
15410	5666	31	37	94	0	5828
15411	197	45	15	5590	0	5847
15412	78	29	5489	184	0	5780
15413	5319	35	153	75	0	5582
15414	186	25	5375	59	0	5645
15415	81	34	151	5360	0	5626
15416	45	29	5378	165	0	5617
15417	54	46	158	5280	0	5538
15418	27	16	5185	191	0	5419
15419	35	5146	149	106	0	5436
15420	50	132	70	4791	0	5043
15421	27	5184	42	148	0	5401
15422	5183	154	39	79	0	5455
15423	5284	62	25	66	0	5437
15424	184	32	5144	63	0	5423
15425	86	32	141	5140	0	5399
15426	5214	19	61	163	0	5457
15427	189	22	33	5168	0	5412
15428	80	20	46	5211	0	5357
15429	49	19	5042	217	0	5327
15430	4872	14	138	109	0	5133
15431	163	13	5049	69	0	5294
15432	74	31	159	4990	0	5254
15433	49	19	5028	172	0	5268
15434	4975	13	161	100	0	5249
15435	5049	19	85	75	0	5228
15436	5018	14	41	81	0	5154
15437	203	16	58	4900	0	5177
15438	102	17	4819	163	0	5101
15439	71	19	4945	80	0	5115
15440	67	24	174	4595	0	4860
15441	52	4807	86	164	0	5109
15442	4640	118	72	98	0	4928
15443	158	56	60	4672	0	4946
15444	91	35	4634	168	0	4928
15445	61	38	140	4686	0	4925
15446	58	34	4771	177	0	5040
15447	58	27	144	4836	0	5065
15448	57	31	4843	171	0	5102
15449	63	16	4858	103	0	5040
15450	43	4780	201	69	0	5093
15451	51	120	4793	81	0	5045
15452	49	49	4848	62	0	5008
15453	63	37	189	4169	0	4458
15454	47	25	93	4466	0	4631
15455	51	4575	76	154	0	4856
15456	4598	110	64	90	0	4862
15457	141	4584	48	76	0	4849
15458	69	123	65	4560	0	4817
15459	4547	60	55	151	0	4813
15460	152	30	43	4569	0	4794
15461	4571	29	44	174	0	4818
15462	166	24	34	4665	0	4889
15463	97	20	4697	163	0	4977
15464	49	25	145	4739	0	4958
15465	64	20	82	4824	0	4990
15466	4716	23	50	219	0	5008
15467	4780	21	54	108	0	4963
15468	4747	18	41	97	0	4903
15469	168	4504	62	72	0	4806
15470	91	4512	60	50	0	4713
15471	4446	124	51	60	0	4681
15472	132	54	4479	59	0	4724
15473	67	26	4282	51	0	4426
15474	54	165	141	3743	0	4103
15475	49	10	3782	93	0	3934
15476	31	13	3570	46	0	3660
15477	3366	13	112	44	0	3535
15478	3440	12	47	43	0	3542
15479	87	3397	31	34	0	3549
15480	46	3553	31	22	0	3652
15481	51	74	18	3223	0	3366
15482	33	3513	25	57	0	3628
15483	3595	71	22	51	0	3739
15484	73	41	25	3543	0	3682
15485	41	3633	26	78	0	3778
15486	3720	63	20	48	0	3851
15487	82	28	3752	22	0	3884
15488	39	13	3697	34	0	3783
15489	3755	19	88	34	0	3896
15490	69	12	3763	27	0	3871
15491	3668	5	74	20	0	3767
15492	69	15	44	3690	0	3818
15493	40	23	3724	65	0	3852
15494	25	3651	70	36	0	3782
15495	23	3772	34	22	0	3851
15496	3440	57	17	20	0	3534
15497	45	3492	19	16	0	3572
15498	3359	44	14	17	0	3434
15499	3386	14	11	12	0	3423
15500	51	3390	15	11	0	3467
15501	23	44	14	3400	0	3481
15502	13	12	3481	43	0	3549
15503	8	3647	56	14	0	3725
15504	21	102	20	3604	0	3747
15505	13	19	8	3861	0	3901
15506	3765	4	7	59	0	3835
15507	52	6	1	3759	0	3818
15508	17	6	3786	54	0	3863
15509	11	3783	44	18	0	3856
15510	9	46	12	3838	0	3905
15511	3877	13	7	56	0	3953
15512	3957	4	8	25	0	3994
15513	65	10	5	3939	0	4019
15514	4113	6	4	64	0	4187
15515	65	7	4140	22	0	4234
15516	40	5	55	4134	0	4234
15517	16	3	4214	70	0	4303
15518	19	5	71	4576	0	4671
15519	24	6	27	4588	0	4645
15520	21	3	12	4646	0	4682
15521	18	2	10	4608	0	4638
15522	24	6	10	4596	0	4636
15523	4522	6	6	125	0	4659
15524	4604	6	7	58	0	4675
15525	96	4576	8	32	0	4712
15526	4634	68	5	38	0	4745
15527	99	24	8	4644	0	4775
15528	43	14	6	4698	0	4761
15529	38	8	3	4688	0	4737
15530	20	7	4693	108	0	4828
15531	25	9	70	4509	0	4613
15532	15	4619	25	98	0	4757
15533	4638	70	17	62	0	4787
15534	4630	23	9	43	0	4705
15535	101	14	4583	27	0	4725
15536	35	4586	83	28	0	4732
15537	34	76	26	4612	0	4748
15538	21	26	4668	91	0	4806
15539	37	11	81	4368	0	4497
15540	12	4524	29	104	0	4669
15541	4423	78	16	49	0	4566
15542	88	4494	18	30	0	4630
15543	41	82	4472	20	0	4615
15544	23	33	4480	25	0	4561
15545	17	4367	96	19	0	4499
15546	15	4359	43	26	0	4443
15547	4243	90	20	40	0	4393
15548	4272	33	18	26	0	4349
15549	97	22	16	4257	0	4392
15550	34	14	4241	88	0	4377
15551	35	19	74	4219	0	4347
15552	32	16	20	4246	0	4314
15553	4198	8	17	119	0	4342
15554	4146	12	17	59	0	4234
15555	108	16	15	4339	0	4478
15556	40	13	4344	105	0	4502
15557	26	4353	81	47	0	4507
15558	4357	81	25	43	0	4506
15559	88	4494	18	26	0	4626
15560	43	93	14	4608	0	4758
15561	35	36	16	4753	0	4840
15562	28	23	23	4721	0	4795
15563	29	20	19	4618	0	4686
15564	4510	26	12	139	0	4687
15565	104	22	15	4520	0	4661
15566	54	4469	13	110	0	4646
15567	32	77	14	4518	0	4641
15568	4376	39	17	136	0	4568
15569	88	4391	21	64	0	4564
15570	48	89	20	4422	0	4579
15571	35	48	4329	110	0	4522
15572	4272	35	79	60	0	4446
15573	113	17	27	4283	0	4440
15574	51	24	4219	103	0	4397
15575	31	17	4185	61	0	4294
15576	48	40	104	4153	0	4345
15577	4159	13	55	104	0	4331
15578	4186	23	28	70	0	4307
15579	114	4272	19	53	0	4458
15580	4210	76	20	53	0	4359
15581	4274	31	17	52	0	4374
15582	4262	23	21	44	0	4350
15583	4210	12	11	54	0	4287
15584	132	18	16	4092	0	4258
15585	67	17	11	4126	0	4221
15586	52	20	3932	130	0	4134
15587	34	3720	74	66	0	3894
15588	40	3859	30	48	0	3977
15589	31	94	3766	48	0	3939
15590	3726	33	83	48	0	3890
15591	91	27	35	3762	0	3915
15592	3783	20	26	107	0	3936
15593	3773	21	21	64	0	3879
15594	115	18	3689	45	0	3867
15595	71	17	76	3667	0	3831
15596	3708	11	33	104	0	3856
15597	99	23	21	3673	0	3816
15598	54	28	3651	97	0	3830
15599	45	99	71	3482	0	3697
15600	37	3652	45	96	0	3830
15601	33	3750	25	47	0	3855
15602	33	90	3563	40	0	3726
15603	24	3437	67	29	0	3557
15604	3139	74	35	48	0	3296
15605	3078	18	31	21	0	3148
15606	71	21	11	3001	0	3104
15607	38	8	12	2981	0	3039
15608	25	7	14	3008	0	3054
15609	2930	10	12	88	0	3040
15610	60	2926	8	44	0	3038
15611	2882	47	6	22	0	2957
15612	2841	23	7	14	0	2885
15613	70	2822	9	17	0	2918
15614	2614	35	9	28	0	2686
15615	55	2606	1	12	0	2674
15616	2598	39	8	29	0	2674
15617	49	16	2541	15	0	2621
15618	2075	20	44	19	0	2158
15619	30	2090	18	10	0	2148
15620	26	22	21	2072	0	2141
15621	15	12	1	2166	0	2194
15622	13	6	4	2181	0	2204
15623	2220	2	4	46	0	2272
15624	35	7	3	2254	0	2299
15625	15	13	2203	39	0	2270
15626	2164	4	26	20	0	2214
15627	32	7	2206	15	0	2260
15628	23	11	31	2198	0	2263
15629	15	3	2253	37	0	2308
15630	13	8	33	2186	0	2240
15631	6	2217	15	34	0	2272
15632	10	33	9	2198	0	2250
15633	11	2206	11	31	0	2259
15634	18	33	1	2228	0	2280
15635	2215	13	9	42	0	2279
15636	40	6	6	2278	0	2330
15637	2287	6	11	40	0	2344
15638	39	5	2204	18	0	2266
15639	2214	7	30	12	0	2263
15640	2261	3	11	18	0	2293
15641	2268	9	6	7	0	2290
15642	47	4	5	2281	0	2337
15643	2254	6	4	37	0	2301
15644	38	7	2180	17	0	2242
15645	2206	3	29	14	0	2252
15646	39	6	2201	16	0	2262
15647	2201	1	35	12	0	2249
15648	44	5	14	2214	0	2277
15649	23	8	2291	34	0	2356
15650	17	6	36	2251	0	2310
15651	21	3	13	2291	0	2328
15652	11	6	2270	45	0	2332
15653	2151	1	29	32	0	2213
15654	37	2285	17	17	0	2356
15655	2172	24	9	14	0	2219
15656	29	2156	9	8	0	2202
15657	2104	24	6	20	0	2154
15658	31	12	2075	9	0	2127
15659	1867	18	33	10	0	1928
15660	25	1867	15	9	0	1916
15661	16	19	5	1777	0	1817
15662	9	4	3	1833	0	1849
15663	11	2	2	1858	0	1873
15664	6	3	1860	22	0	1891
15665	10	2	18	1830	0	1860
15666	6	3	1963	23	0	1995
15667	2107	2	23	9	0	2141
15668	2239	1	8	13	0	2261
15669	40	0	4	2281	0	2325
15670	6	5	2322	32	0	2365
15671	2321	3	29	20	0	2373
15672	37	1	2830	10	0	2878
15673	14	1	49	2805	0	2869
15674	15	0	7	2922	0	2944
15675	9	2	8	2981	0	3000
15676	5	2	5	3022	0	3034
15677	2908	4	2	66	0	2980
15678	55	2963	4	13	0	3035
15679	9	55	2879	10	0	2953
15680	7	2857	55	7	0	2926
15681	2852	55	6	11	0	2924
15682	62	6	8	2844	0	2920
15683	2847	6	7	64	0	2924
15684	67	2	5	2861	0	2935
15685	18	2	5	2902	0	2927
15686	16	3	1	2916	0	2936
15687	8	3	2872	70	0	2953
15688	8	2851	52	20	0	2931
15689	12	54	2894	12	0	2972
15690	14	7	63	2881	0	2965
15691	2932	9	8	64	0	3013
15692	2943	1	11	23	0	2978
15693	2961	5	4	24	0	2994
15694	61	2963	7	11	0	3042
15695	3042	54	7	27	0	3130
15696	68	4	7	3048	0	3127
15697	18	6	4	3105	0	3133
15698	23	2	7	3090	0	3122
15699	7	3097	6	67	0	3177
15700	12	55	10	2920	0	2997
15701	15	2989	4	53	0	3061
15702	2996	62	9	16	0	3083
15703	3036	5	8	24	0	3073
15704	71	9	5	3017	0	3102
15705	20	4	2991	64	0	3079
15706	2980	5	52	27	0	3064
15707	67	8	2	3060	0	3137
15708	14	4	3052	68	0	3138
15709	2994	10	57	20	0	3081
15710	65	7	9	3070	0	3151
15711	3052	6	12	70	0	3140
15712	64	3036	5	16	0	3121
15713	19	52	6	2999	0	3076
15714	19	3086	5	59	0	3169
15715	21	64	5	3125	0	3215
15716	11	3116	6	67	0	3200
15717	19	54	8	3178	0	3259
15718	8	15	3157	59	0	3239
15719	2791	7	52	35	0	2885
15720	54	3178	10	25	0	3267
15721	17	45	3104	18	0	3184
15722	3053	5	44	18	0	3120
15723	54	11	7	3131	0	3203
15724	16	8	3129	52	0	3205
15725	14	3182	45	11	0	3252
15726	17	46	7	3218	0	3288
15727	8	11	3294	56	0	3369
15728	13	4	45	3291	0	3353
15729	14	10	9	3346	0	3379
15730	15	3	3434	60	0	3512
15731	11	13	48	3429	0	3501
15732	12	9	3517	59	0	3597
15733	22	9	53	3515	0	3599
15734	13	9	3729	66	0	3817
15735	21	7	54	3766	0	3848
15736	20	7	12	3788	0	3827
15737	17	8	7	3764	0	3796
15738	10	3750	15	62	0	3837
15739	3774	52	7	34	0	3867
15740	3804	11	15	26	0	3856
15741	67	6	8	3844	0	3925
15742	3842	14	12	77	0	3945
15743	60	5	3856	25	0	3946
15744	14	3955	47	30	0	4046
15745	3977	50	14	32	0	4073
15746	57	4080	15	23	0	4175
15747	16	64	9	4126	0	4215
15748	19	16	11	4184	0	4230
15749	4045	12	17	72	0	4146
15750	65	13	2	4091	0	4171
15751	17	6	4073	66	0	4162
15752	20	4050	52	26	0	4148
15753	4114	55	9	31	0	4209
15754	67	11	13	4053	0	4144
15755	21	4129	8	65	0	4223
15756	19	57	9	4110	0	4195
15757	18	4186	11	67	0	4282
15758	4205	66	10	42	0	4323
15759	4221	12	10	33	0	4276
15760	66	14	4158	28	0	4266
15761	23	12	4142	16	0	4193
15762	28	6	55	4109	0	4198
15763	12	4218	13	66	0	4309
15764	32	49	13	4270	0	4364
15765	4268	15	9	67	0	4359
15766	52	9	4135	25	0	4221
15767	18	10	42	3875	0	3945
15768	11	7	3938	46	0	4002
15769	12	8	3807	15	0	3842
15770	11	4022	45	17	0	4095
15771	67	91	7	3799	0	3964
15772	3572	5	12	39	0	3628
15773	24	3	3566	2	0	3595
15774	1	3517	16	3	0	3537
15775	3490	9	1	9	0	3509
15776	16	0	2	3517	0	3535
15777	3598	2	2	21	0	3623
15778	3627	3	2	22	0	3654
15779	3690	4	0	15	0	3709
15780	15	3	3893	4	0	3915
15781	3707	2	13	18	0	3740
15782	3936	2	2	11	0	3951
15783	18	4076	3	7	0	4104
15784	4	15	4	4160	0	4183
15785	8	1	1	4111	0	4121
15786	6	3	2	4179	0	4190
15787	4156	3	1	31	0	4191
15788	4017	0	5	22	0	4044
15789	22	6	4122	8	0	4158
15790	11	5	19	4072	0	4107
15791	2	4087	7	18	0	4114
15792	4106	18	2	15	0	4141
15793	17	1	4142	5	0	4165
15794	7	3	18	4016	0	4044
15795	7	3	3	4069	0	4082
15796	6	4048	7	23	0	4084
15797	9	18	8	4092	0	4127
15798	11	4	2	3888	0	3905
15799	5	7	2	4075	0	4089
15800	4053	6	1	36	0	4096
15801	21	1	2	4030	0	4054
15802	4	2	3	4052	0	4061
15803	4142	1	0	41	0	4184
15804	26	1	3	4181	0	4211
15805	16	4654	6	23	0	4699
15806	4851	42	1	21	0	4915
15807	5009	17	0	23	0	5049
15808	5142	8	3	24	0	5177
15809	5599	5	4	22	0	5630
15810	89	5993	2	16	0	6100
15811	6712	78	3	21	0	6814
15812	6799	17	2	34	0	6852
15813	130	11	2	6762	0	6905
15814	34	12	6729	97	0	6872
15815	52	4	87	6687	0	6830
15816	36	3	23	6760	0	6822
15817	35	4	18	6704	0	6761
15818	30	4	14	6700	0	6748
15819	33	3	12	6754	0	6802
15820	6573	6	4	157	0	6740
15821	111	5	5	6619	0	6740
15822	32	7	6676	132	0	6847
15823	55	7	91	6575	0	6728
15824	26	6652	31	122	0	6831
15825	38	101	14	6659	0	6812
15826	19	27	6690	119	0	6855
15827	6092	18	101	71	0	6282
15828	6465	12	35	50	0	6562
15829	134	17	6821	37	0	7009
15830	48	6763	107	30	0	6948
15831	6867	96	36	49	0	7048
15832	6887	34	21	52	0	6994
15833	6929	18	18	50	0	7015
15834	6770	22	11	41	0	6844
15835	195	9	7	6603	0	6814
15836	92	17	6657	119	0	6885
15837	80	12	99	6630	0	6821
15838	64	18	42	6822	0	6946
15839	39	17	6733	175	0	6964
15840	37	22	6723	80	0	6862
15841	6535	11	141	82	0	6769
15842	140	6721	63	57	0	6981
15843	85	110	50	6744	0	6989
15844	47	42	6638	148	0	6875
15845	6371	26	124	98	0	6619
15846	148	29	6569	62	0	6808
15847	6408	16	119	82	0	6625
15848	159	6559	61	58	0	6837
15849	93	105	40	6583	0	6821
15850	54	52	6548	145	0	6799
15851	6272	23	122	98	0	6515
15852	134	6411	64	72	0	6681
15853	61	6711	54	67	0	6893
15854	58	147	56	6693	0	6954
15855	78	59	39	6922	0	7098
15856	7161	52	40	188	0	7441
15857	182	7117	34	94	0	7427
15858	112	147	36	7237	0	7532
15859	7191	62	29	208	0	7490
15860	7416	31	44	103	0	7594
15861	7565	34	24	86	0	7709
15862	243	40	7516	74	0	7873
15863	116	29	7743	75	0	7963
15864	8010	18	203	90	0	8321
15865	209	8058	90	84	0	8441
15866	103	8244	63	74	0	8484
15867	114	233	63	7788	0	8198
15868	71	8095	49	196	0	8411
15869	8076	206	38	128	0	8448
15870	244	86	42	8013	0	8385
15871	118	76	7969	219	0	8382
15872	7928	53	185	138	0	8304
15873	8112	43	87	95	0	8337
15874	290	35	64	7977	0	8366
15875	175	38	59	8068	0	8340
15876	148	52	60	8082	0	8342
15877	124	38	59	8050	0	8271
15878	91	42	7682	279	0	8094
15879	94	7632	184	140	0	8050
15880	103	201	74	7101	0	7479
15881	65	7541	75	228	0	7909
15882	106	218	54	7072	0	7450
15883	97	7407	40	217	0	7761
15884	7298	206	45	159	0	7708
15885	7324	94	61	133	0	7612
15886	254	7313	57	92	0	7716
15887	7395	201	50	103	0	7749
15888	281	92	71	7336	0	7780
15889	7272	75	55	241	0	7643
15890	273	7248	52	120	0	7693
15891	7316	217	46	109	0	7688
15892	7426	112	62	92	0	7692
15893	307	92	56	7219	0	7674
15894	159	97	7137	225	0	7618
15895	124	7161	180	126	0	7591
15896	117	211	90	7235	0	7653
15897	7235	111	62	233	0	7641
15898	253	88	7138	125	0	7604
15899	170	61	180	7098	0	7509
15900	129	77	79	7279	0	7564
15901	7210	60	49	298	0	7617
15902	7292	50	57	172	0	7571
15903	7169	46	46	149	0	7410
15904	284	6983	48	118	0	7433
15905	6484	172	38	108	0	6802
15906	218	68	6128	99	0	6513
15907	133	63	5958	96	0	6250
15908	107	52	5974	65	0	6198
15909	126	331	228	4996	0	5681
15910	65	44	4957	141	0	5207
15911	4229	33	103	65	0	4430
15912	122	29	43	4297	0	4491
15913	69	25	4331	99	0	4524
15914	4473	30	82	78	0	4663
15915	130	29	41	4468	0	4668
15916	81	27	34	4550	0	4692
15917	4582	21	26	129	0	4758
15918	123	25	27	4681	0	4856
15919	70	33	4666	111	0	4880
15920	67	25	93	4688	0	4873
15921	48	23	4734	121	0	4926
15922	53	18	103	4649	0	4823
15923	4584	16	54	113	0	4767
15924	102	4437	40	74	0	4653
15925	65	4651	35	57	0	4808
15926	66	95	22	4543	0	4726
15927	58	40	28	4576	0	4702
15928	46	4453	38	120	0	4657
15929	49	4329	25	75	0	4478
15930	39	94	28	4277	0	4438
15931	53	49	32	4272	0	4406
15932	4165	29	32	120	0	4346
15933	93	4116	29	88	0	4326
15934	55	4114	35	45	0	4249
15935	50	4259	27	39	0	4375
15936	4093	94	28	57	0	4272
15937	94	40	4124	45	0	4303
15938	4071	35	90	43	0	4239
15939	101	23	45	4043	0	4212
15940	53	3885	35	103	0	4076
15941	41	4107	27	73	0	4248
15942	4060	95	16	67	0	4238
15943	102	47	29	3960	0	4138
15944	53	4331	25	96	0	4505
15945	4360	78	26	82	0	4546
15946	4401	49	20	67	0	4537
15947	118	38	4381	43	0	4580
15948	4366	19	77	46	0	4508
15949	4481	38	42	50	0	4611
15950	113	32	31	4348	0	4524
15951	68	4277	23	106	0	4474
15952	47	4382	26	75	0	4530
15953	47	119	16	4281	0	4463
15954	4176	54	19	91	0	4340
15955	75	43	3900	53	0	4071
15956	58	21	3657	35	0	3771
15957	68	17	3515	29	0	3629
15958	59	25	3583	20	0	3687
15959	37	3573	77	15	0	3702
15960	24	3600	42	23	0	3689
15961	55	65	3373	19	0	3512
15962	34	32	3272	25	0	3363
15963	24	2887	67	13	0	2991
15964	11	24	34	2614	0	2683
15965	7	15	2769	20	0	2811
15966	8	9	24	2703	0	2744
15967	11	4	10	2892	0	2917
15968	10	4	8	2909	0	2931
15969	4	5	8	3081	0	3098
15970	2	3	3063	47	0	3115
15971	6	8	34	2981	0	3029
15972	3018	2	17	44	0	3081
15973	34	7	3003	15	0	3059
15974	3019	8	31	16	0	3074
15975	41	3	15	3099	0	3158
15976	20	3	3139	36	0	3198
15977	3113	7	33	27	0	3180
15978	41	6	18	3172	0	3237
15979	3200	0	13	44	0	3257
15980	56	2	7	3148	0	3213
15981	14	3146	8	48	0	3216
15982	12	38	3283	19	0	3352
15983	15	18	32	3316	0	3381
15984	3324	7	22	52	0	3405
15985	3344	5	7	29	0	3385
15986	3333	5	6	25	0	3369
15987	3324	6	11	13	0	3354
15988	3273	7	11	23	0	3314
15989	47	3270	7	26	0	3350
15990	3287	38	9	14	0	3348
15991	46	21	3277	10	0	3354
15992	3283	14	36	17	0	3350
15993	48	7	18	3202	0	3275
15994	22	8	3273	43	0	3346
15995	17	13	3276	15	0	3321
15996	18	5	55	3285	0	3363
15997	3333	8	22	51	0	3414
15998	47	3301	16	21	0	3385
15999	3303	34	15	24	0	3376
16000	46	3341	7	19	0	3413
16001	32	42	12	3436	0	3522
16002	24	17	11	3518	0	3570
16003	3513	14	7	63	0	3597
16004	53	8	10	3522	0	3593
16005	31	4	3544	46	0	3625
16006	3541	11	41	30	0	3623
16007	49	7	24	3616	0	3696
16008	33	6	15	3600	0	3654
16009	19	6	3564	58	0	3647
16010	3345	6	40	46	0	3437
16011	3551	5	23	26	0	3605
16012	51	3554	11	18	0	3634
16013	30	32	3482	7	0	3551
16014	15	24	3369	16	0	3424
16015	23	30	42	3353	0	3448
16016	25	10	22	3305	0	3362
16017	21	3351	12	40	0	3424
16018	13	31	3271	21	0	3336
16019	22	14	37	3197	0	3270
16020	12	9	3300	34	0	3355
16021	15	5	36	3199	0	3255
16022	13	3272	15	47	0	3347
16023	9	32	14	3372	0	3427
16024	18	11	10	3371	0	3410
16025	12	9	12	3341	0	3374
16026	3313	7	12	56	0	3388
16027	35	7	3309	32	0	3383
16028	24	3470	39	10	0	3543
16029	18	38	16	3626	0	3698
16030	3714	18	11	54	0	3797
16031	54	10	5	3813	0	3882
16032	3829	11	11	62	0	3913
16033	51	7	3864	32	0	3954
16034	3854	6	60	21	0	3941
16035	70	1	22	4020	0	4113
16036	27	8	4041	60	0	4136
16037	17	3996	56	35	0	4104
16038	10	46	30	4006	0	4092
16039	13	20	18	4074	0	4125
16040	4007	10	8	80	0	4105
16041	52	3956	13	42	0	4063
16042	28	3863	9	21	0	3921
16043	11	3974	17	17	0	4019
16044	3701	66	15	26	0	3808
16045	44	3726	12	20	0	3802
16046	44	54	5	3684	0	3787
16047	20	21	9	3726	0	3776
16048	3689	15	7	70	0	3781
16049	47	3660	9	33	0	3749
16050	36	45	3	3735	0	3819
16051	3810	19	6	68	0	3903
16052	3810	6	10	40	0	3866
16053	3829	9	4	24	0	3866
16054	71	3782	7	15	0	3875
16055	3705	46	6	22	0	3779
16056	57	16	7	3651	0	3731
16057	25	3617	5	50	0	3697
16058	14	3718	11	21	0	3764
16059	35	56	12	3661	0	3764
16060	3614	22	5	58	0	3699
16061	3685	11	5	25	0	3726
16062	58	8	5	3615	0	3686
16063	28	3595	4	40	0	3667
16064	3627	46	4	25	0	3702
16065	50	19	3534	11	0	3614
16066	24	16	3425	11	0	3476
16067	3372	8	52	19	0	3451
16068	43	7	3411	16	0	3477
16069	17	8	30	3185	0	3240
16070	3252	3	13	38	0	3306
16071	36	4	9	3345	0	3394
16072	19	8	3361	37	0	3425
16073	16	3409	31	15	0	3471
16074	13	35	13	3483	0	3544
16075	14	12	3460	31	0	3517
16076	3325	15	29	26	0	3395
16077	39	7	11	3447	0	3504
16078	13	8	3455	39	0	3515
16079	14	8	32	3378	0	3432
16080	6	3401	10	41	0	3458
16081	9	31	11	3577	0	3628
16082	20	14	5	3539	0	3578
16083	10	8	6	3479	0	3503
16084	5	3462	6	53	0	3526
16085	3537	32	2	33	0	3604
16086	44	16	6	3559	0	3625
16087	15	15	5	3590	0	3625
16088	12	7	7	3639	0	3665
16089	15	3	3614	52	0	3684
16090	12	5	40	3634	0	3691
16091	3653	7	11	55	0	3726
16092	38	3686	8	22	0	3754
16093	22	32	4	3779	0	3837
16094	14	12	7	3801	0	3834
16095	3731	14	4	65	0	3814
16096	40	3771	6	27	0	3844
16097	3811	38	6	23	0	3878
16098	3877	20	2	11	0	3910
16099	58	16	3	3857	0	3934
16100	3851	5	5	54	0	3915
16101	51	3736	3	27	0	3817
16102	3737	48	2	25	0	3812
16103	54	18	3	3823	0	3898
16104	4089	14	1	61	0	4165
16105	4234	4	3	35	0	4276
16106	72	9	4111	20	0	4212
16107	4258	8	42	18	0	4326
16108	4393	12	8	19	0	4432
16109	4600	2	8	33	0	4643
16110	108	9	4777	14	0	4908
16111	34	4809	89	9	0	4941
16112	34	85	23	4833	0	4975
16113	4828	29	19	95	0	4971
16114	90	4773	5	32	0	4900
16115	4790	86	2	33	0	4911
16116	108	26	7	4860	0	5001
16117	42	25	4864	95	0	5026
16118	4969	16	84	38	0	5107
16119	118	13	20	5116	0	5267
16120	45	6	5109	100	0	5260
16121	5137	7	89	48	0	5281
16122	110	9	5309	19	0	5447
16123	62	12	106	5426	0	5606
16124	46	3	39	5722	0	5810
16125	5650	8	22	158	0	5838
16126	5663	4	12	74	0	5753
16127	156	5611	14	30	0	5811
16128	5573	107	12	26	0	5718
16129	131	34	5345	12	0	5522
16130	44	19	5336	19	0	5418
16131	5210	11	127	28	0	5376
16132	121	5291	46	15	0	5473
16133	5134	95	21	17	0	5267
16134	111	5172	12	9	0	5304
16135	5115	104	11	18	0	5248
16136	134	24	17	5040	0	5215
16137	44	17	5028	103	0	5192
16138	53	9	99	5014	0	5175
16139	38	12	30	5172	0	5252
16140	5096	6	16	134	0	5252
16141	119	10	5062	43	0	5234
16142	4972	11	104	38	0	5125
16143	114	4997	39	27	0	5177
16144	5020	100	26	24	0	5170
16145	145	39	14	4962	0	5160
16146	55	18	4937	112	0	5122
16147	44	17	96	4940	0	5097
16148	4961	21	43	123	0	5148
16149	145	8	25	4976	0	5154
16150	53	23	16	4961	0	5053
16151	40	4758	22	138	0	4958
16152	44	99	13	4849	0	5005
16153	28	34	4803	124	0	4989
16154	41	17	110	4786	0	4954
16155	42	16	35	4867	0	4960
16156	4782	11	29	150	0	4972
16157	133	16	19	4770	0	4938
16158	58	20	4717	128	0	4923
16159	50	4710	109	52	0	4921
16160	49	109	46	4743	0	4947
16161	46	37	34	4804	0	4921
16162	4760	21	21	154	0	4956
16163	123	4653	23	77	0	4876
16164	71	109	21	4716	0	4917
16165	4591	45	21	131	0	4788
16166	4723	38	20	66	0	4847
16167	169	20	12	4673	0	4874
16168	69	21	4735	138	0	4963
16169	4754	12	120	83	0	4969
16170	143	26	44	4885	0	5098
16171	4858	20	25	158	0	5061
16172	4907	8	25	79	0	5019
16173	155	4692	27	49	0	4923
16174	4676	113	27	54	0	4870
16175	144	4683	25	54	0	4906
16176	80	119	22	4654	0	4875
16177	63	45	31	4637	0	4776
16178	42	4624	24	172	0	4862
16179	4680	117	15	78	0	4890
16180	4663	44	18	61	0	4786
16181	169	26	4469	47	0	4711
16182	64	36	4491	47	0	4638
16183	55	25	135	4485	0	4700
16184	4521	20	51	157	0	4749
16185	146	19	35	4516	0	4716
16186	82	10	26	4614	0	4732
16187	48	27	4534	159	0	4768
16188	50	18	4560	96	0	4724
16189	47	21	4612	64	0	4744
16190	4426	26	151	52	0	4655
16191	4525	23	45	74	0	4667
16192	159	4352	39	51	0	4601
16193	72	4428	22	49	0	4571
16194	66	129	30	4385	0	4610
16195	56	53	4382	139	0	4630
16196	4295	25	121	71	0	4512
16197	139	33	4530	42	0	4744
16198	73	29	111	4434	0	4647
16199	61	21	42	4536	0	4660
16200	47	25	35	4572	0	4679
16201	49	16	32	4654	0	4751
16202	4512	18	32	173	0	4735
16203	165	22	24	4469	0	4680
16204	53	16	4239	145	0	4453
16205	3954	9	105	84	0	4152
16206	124	18	4078	43	0	4263
16207	53	17	4021	31	0	4122
16208	40	3938	122	49	0	4149
16209	77	70	79	3454	0	3680
16210	3448	25	23	81	0	3577
16211	75	10	17	3430	0	3532
16212	35	9	3409	62	0	3515
16213	27	5	68	3413	0	3513
16214	3384	9	27	87	0	3507
16215	76	3387	13	39	0	3515
16216	3292	51	13	36	0	3392
16217	61	3245	13	34	0	3353
16218	3139	52	24	28	0	3243
16219	60	3094	17	20	0	3191
16220	26	3115	17	15	0	3173
16221	29	56	2993	13	0	3091
16222	27	2909	52	12	0	3000
16223	2546	28	27	17	0	2618
16224	43	11	4	2492	0	2550
16225	2515	9	3	35	0	2562
16226	29	2566	8	12	0	2615
16227	2541	28	7	17	0	2593
16228	32	12	2569	4	0	2617
16229	16	6	31	2544	0	2597
16230	10	2612	12	31	0	2665
16231	10	29	10	2697	0	2746
16232	9	12	2	2732	0	2755
16233	3017	5	4	47	0	3073
16234	51	3052	4	16	0	3123
16235	3136	53	5	16	0	3210
16236	68	22	3187	7	0	3284
16237	32	16	3125	6	0	3179
16238	16	3153	71	4	0	3244
16239	18	61	33	3141	0	3253
16240	10	22	3197	54	0	3283
16241	19	16	59	3096	0	3190
16242	14	8	25	3295	0	3342
16243	5	8	3199	88	0	3300
16244	7	9	3206	34	0	3256
16245	4	6	3331	19	0	3360
16246	16	11	3330	8	0	3365
16247	8	3425	94	12	0	3539
16248	10	68	35	3432	0	3545
16249	18	27	16	3512	0	3573
16250	5	15	3458	93	0	3571
16251	14	8	68	3422	0	3512
16252	12	7	3565	80	0	3664
16253	10	14	80	3522	0	3626
16254	18	8	29	3550	0	3605
16255	10	3577	20	89	0	3696
16256	18	66	16	3630	0	3730
16257	18	28	12	3647	0	3705
16258	15	24	10	3669	0	3718
16259	11	6	3575	99	0	3691
16260	4	3565	74	47	0	3690
16261	3578	73	23	34	0	3708
16262	3613	22	24	26	0	3685
16263	86	18	14	3545	0	3663
16264	52	15	13	3517	0	3597
16265	26	3581	16	79	0	3702
16266	3574	68	14	46	0	3702
16267	63	3623	17	31	0	3734
16268	3488	78	6	30	0	3602
16269	73	30	3444	23	0	3570
16270	3306	19	76	19	0	3420
16271	74	3372	24	23	0	3493
16272	35	55	19	3388	0	3497
16273	29	26	15	3424	0	3494
16274	18	3395	19	64	0	3496
16275	3426	65	15	38	0	3544
16276	70	25	12	3484	0	3591
16277	29	27	6	3598	0	3660
16278	3605	12	7	97	0	3721
16279	3675	15	9	57	0	3756
16280	86	13	3657	29	0	3785
16281	3695	10	66	25	0	3796
16282	90	12	31	3728	0	3861
16283	39	7	3759	65	0	3870
16284	25	14	77	3701	0	3817
16285	21	15	3700	79	0	3815
16286	8	17	3743	41	0	3809
16287	23	10	80	3750	0	3863
16288	9	16	3791	80	0	3896
16289	12	3844	75	42	0	3973
16290	19	66	38	3849	0	3972
16291	20	22	33	3990	0	4065
16292	17	17	3954	97	0	4085
16293	12	3951	78	44	0	4085
16294	3976	67	25	44	0	4112
16295	68	27	26	4048	0	4169
16296	4036	20	19	97	0	4172
16297	77	3971	27	38	0	4113
16298	33	75	3996	37	0	4141
16299	38	24	75	3989	0	4126
16300	3995	26	40	81	0	4142
16301	68	13	4018	42	0	4141
16302	3896	9	79	51	0	4035
16303	83	3921	36	32	0	4072
16304	29	3920	29	15	0	3993
16305	3887	74	19	28	0	4008
16306	75	36	18	3844	0	3973
16307	32	24	18	3844	0	3918
16308	23	3906	6	89	0	4024
16309	19	57	14	3972	0	4062
16310	17	27	14	4006	0	4064
16311	3941	17	8	104	0	4070
16312	70	14	11	3960	0	4055
16313	29	12	3928	85	0	4054
16314	29	11	63	3931	0	4034
16315	26	13	24	4057	0	4120
16316	11	11	4043	85	0	4150
16317	21	12	63	4036	0	4132
16318	3963	11	21	101	0	4096
16319	3868	13	21	44	0	3946
16320	3917	5	9	51	0	3982
16321	93	11	5	3906	0	4015
16322	42	13	3909	67	0	4031
16323	31	3911	59	37	0	4038
16324	28	58	22	3947	0	4055
16325	15	21	3956	82	0	4074
16326	23	15	62	3858	0	3958
16327	20	9	20	3958	0	4007
16328	3838	7	26	90	0	3961
16329	67	3950	13	43	0	4073
16330	25	52	3890	34	0	4001
16331	3704	17	64	32	0	3817
16332	66	3808	21	22	0	3917
16333	12	3507	10	14	0	3543
16334	3599	28	46	17	0	3690
16335	42	8	6	3650	0	3706
16336	11	9	3969	35	0	4024
16337	29	8	37	3901	0	3975
16338	5	3979	10	50	0	4044
16339	4033	32	9	20	0	4094
16340	44	10	6	4032	0	4092
16341	4098	9	7	49	0	4163
16342	43	7	4	4080	0	4134
16343	12	4212	9	38	0	4271
16344	4288	38	8	27	0	4361
16345	4283	4	3	17	0	4307
16346	50	4279	3	12	0	4344
16347	4190	45	6	16	0	4257
16348	55	11	3	4136	0	4205
16349	12	4161	4	46	0	4223
16350	4162	42	5	24	0	4233
16351	43	4203	5	12	0	4263
16352	4139	42	4	24	0	4209
16353	54	8	4	4146	0	4212
16354	4179	7	4	51	0	4241
16355	4152	6	5	27	0	4190
16356	4181	6	7	21	0	4215
16357	54	10	2	4162	0	4228
16358	19	11	2	4223	0	4255
16359	4180	6	3	62	0	4251
16360	49	9	4259	23	0	4340
16361	21	8	39	4233	0	4301
16362	21	4320	8	49	0	4398
16363	18	46	8	4353	0	4425
16364	22	15	3	4410	0	4450
16365	16	16	4338	54	0	4424
16366	25	8	42	4547	0	4622
16367	8	4821	19	79	0	4927
16368	30	72	11	4933	0	5046
16369	18	34	5432	84	0	5568
16370	32	20	83	5459	0	5594
16371	38	9	31	5598	0	5676
16372	5481	6	18	155	0	5660
16373	5556	15	8	68	0	5647
16374	150	16	5	5461	0	5632
16375	61	5370	11	122	0	5564
16376	33	5481	10	58	0	5582
16377	31	121	5353	38	0	5543
16378	36	75	89	5293	0	5493
16379	5282	30	43	128	0	5483
16380	122	20	18	5306	0	5466
16381	53	25	5311	123	0	5512
16382	45	22	93	5337	0	5497
16383	29	18	43	5396	0	5486
16384	40	10	28	5461	0	5539
16385	23	12	5347	161	0	5543
16386	28	5318	86	81	0	5513
16387	5275	95	45	64	0	5479
16388	5259	46	32	57	0	5394
16389	147	32	10	5125	0	5314
16390	70	23	5140	121	0	5354
16391	38	5109	98	65	0	5310
16392	39	115	45	4967	0	5166
16393	27	5075	29	96	0	5227
16394	24	5187	16	57	0	5284
16395	5037	124	16	53	0	5230
16396	106	65	5047	41	0	5259
16397	69	35	4986	21	0	5111
16398	53	31	120	4987	0	5191
16399	42	25	56	5108	0	5231
16400	32	23	5104	145	0	5304
16401	46	24	103	5024	0	5197
16402	31	19	5077	137	0	5264
16403	4856	12	117	81	0	5066
16404	116	17	51	5030	0	5214
16405	55	16	5173	129	0	5373
16406	46	22	103	5007	0	5178
16407	32	5338	52	114	0	5536
16408	5317	91	32	99	0	5539
16409	100	5375	26	53	0	5554
16410	5390	118	18	57	0	5583
16411	125	50	5318	42	0	5535
16412	5347	37	103	50	0	5537
16413	128	31	47	5447	0	5653
16414	68	26	5455	131	0	5680
16415	53	31	109	5398	0	5591
16416	28	27	5337	144	0	5536
16417	5101	26	113	95	0	5335
16418	110	5411	63	55	0	5639
16419	84	93	37	5273	0	5487
16420	44	5497	40	111	0	5692
16421	5478	108	39	90	0	5715
16422	5513	54	30	78	0	5675
16423	136	5554	25	59	0	5774
16424	88	112	26	5588	0	5814
16425	62	70	20	5638	0	5790
16426	44	37	27	5646	0	5754
16427	5506	29	30	184	0	5749
16428	109	5517	32	99	0	5757
16429	70	98	30	5483	0	5681
16430	44	51	40	5526	0	5661
16431	5396	38	27	194	0	5655
16432	114	27	5339	104	0	5584
16433	61	30	5292	76	0	5459
16434	5097	14	130	80	0	5321
16435	110	28	5138	56	0	5332
16436	70	24	4724	41	0	4859
16437	65	23	126	4653	0	4867
16438	4743	20	83	112	0	4958
16439	99	29	46	4748	0	4922
16440	59	18	4724	128	0	4929
16441	4481	17	102	86	0	4686
16442	106	26	4630	46	0	4808
16443	58	4696	107	47	0	4908
16444	41	101	62	4817	0	5021
16445	4877	42	37	113	0	5069
16446	94	34	24	4920	0	5072
16447	58	18	41	4967	0	5084
16448	5040	11	27	146	0	5224
16449	89	17	29	5109	0	5244
16450	55	13	22	5262	0	5352
16451	38	16	5209	138	0	5401
16452	31	11	81	5220	0	5343
16453	5266	7	56	134	0	5463
16454	5255	15	26	92	0	5388
16455	5319	9	32	62	0	5422
16456	137	16	29	5220	0	5402
16457	66	5194	25	101	0	5386
16458	5232	70	27	66	0	5395
16459	94	5270	20	42	0	5426
16460	5211	77	24	42	0	5354
16461	106	44	24	5207	0	5381
16462	5213	21	11	100	0	5345
16463	5186	17	20	68	0	5291
16464	5189	16	30	50	0	5285
16465	124	5107	13	38	0	5282
16466	45	4895	21	28	0	4989
16467	4620	42	18	29	0	4709
16468	46	4668	10	23	0	4747
16469	14	4137	7	4	0	4162
16470	7	4135	6	8	0	4156
16471	4147	22	9	12	0	4190
16472	33	13	0	4117	0	4163
16473	20	6	0	4157	0	4183
16474	4183	2	1	44	0	4230
16475	17	6	4320	13	0	4356
16476	22	3	15	4786	0	4826
16477	18	6	6	4835	0	4865
16478	10	2	2	5256	0	5270
16479	15	3	2	5436	0	5456
16480	7	5459	5	91	0	5562
16481	5	6436	7	43	0	6491
16482	6509	117	0	33	0	6659
16483	116	47	1	6535	0	6699
16484	61	29	1	6651	0	6742
16485	31	20	6544	143	0	6738
16486	39	15	104	6548	0	6706
16487	10	18	6674	153	0	6855
16488	38	24	130	6647	0	6839
16489	25	5	6950	159	0	7139
16490	2	6907	151	86	0	7146
16491	32	118	59	7056	0	7265
16492	7047	44	51	170	0	7312
16493	7058	29	26	100	0	7213
16494	183	19	26	7021	0	7249
16495	71	17	7018	164	0	7270
16496	51	14	7017	71	0	7153
16497	6695	17	166	88	0	6966
16498	128	6928	83	51	0	7190
16499	7034	130	48	47	0	7259
16500	7030	52	27	49	0	7158
16501	186	44	6933	40	0	7203
16502	111	21	147	6875	0	7154
16503	86	13	77	6935	0	7111
16504	70	28	41	7187	0	7326
16505	48	25	33	6975	0	7081
16506	71	9	27	6856	0	6963
16507	39	13	6653	243	0	6948
16508	26	12	6657	129	0	6824
16509	46	10	181	6650	0	6887
16510	40	14	100	6770	0	6924
16511	51	13	54	6876	0	6994
16512	6652	17	37	272	0	6978
16513	173	22	34	6675	0	6904
16514	6646	14	40	223	0	6923
16515	199	15	41	6791	0	7046
16516	6863	15	21	256	0	7155
16517	6975	10	29	151	0	7165
16518	6887	6	25	125	0	7043
16519	6873	11	39	94	0	7017
16520	6891	10	21	103	0	7025
16521	274	14	38	6688	0	7014
16522	6713	18	31	211	0	6973
16523	219	6612	19	121	0	6971
16524	6723	129	23	108	0	6983
16525	225	57	25	6784	0	7091
16526	122	43	6695	207	0	7067
16527	101	20	157	6795	0	7073
16528	69	22	6770	232	0	7093
16529	83	24	177	6794	0	7078
16530	76	29	84	6934	0	7123
16531	78	15	6798	245	0	7136
16532	72	22	6824	157	0	7075
16533	71	12	221	6835	0	7139
16534	6785	14	110	253	0	7162
16535	195	11	6802	135	0	7143
16536	109	6801	176	123	0	7209
16537	88	154	6988	91	0	7321
16538	6930	54	214	86	0	7284
16539	202	47	109	6966	0	7324
16540	7012	23	85	223	0	7343
16541	7111	17	48	137	0	7313
16542	254	15	62	7021	0	7352
16543	133	37	6768	232	0	7170
16544	114	16	177	6739	0	7046
16545	85	10	86	6844	0	7025
16546	6557	13	79	299	0	6948
16547	194	6681	65	165	0	7105
16548	134	144	40	6754	0	7072
16549	79	59	6574	243	0	6955
16550	6382	43	182	142	0	6749
16551	194	6443	102	120	0	6859
16552	134	147	66	6547	0	6894
16553	115	70	46	6616	0	6847
16554	84	55	36	6720	0	6895
16555	6469	31	41	314	0	6855
16556	6589	17	55	188	0	6849
16557	274	27	44	6580	0	6925
16558	148	31	6518	239	0	6936
16559	111	6478	162	155	0	6906
16560	6471	153	93	131	0	6848
16561	6654	79	64	108	0	6905
16562	275	50	48	6512	0	6885
16563	170	31	52	6698	0	6951
16564	108	18	6614	300	0	7040
16565	77	6624	182	166	0	7049
16566	6751	169	97	138	0	7155
16567	6728	71	69	105	0	6973
16568	247	6612	54	94	0	7007
16569	6567	162	40	104	0	6873
16570	261	66	44	6520	0	6891
16571	121	46	6428	230	0	6825
16572	105	49	177	6533	0	6864
16573	90	27	6442	247	0	6806
16574	6293	29	211	146	0	6679
16575	222	6286	101	94	0	6703
16576	116	168	53	5770	0	6107
16577	69	56	5768	196	0	6089
16578	65	36	5541	100	0	5742
16579	5181	32	163	92	0	5468
16580	144	5127	88	61	0	5420
16581	4233	68	72	31	0	4404
16582	4152	29	29	44	0	4254
16583	4162	14	21	37	0	4234
16584	111	29	29	4061	0	4230
16585	61	11	4045	75	0	4192
16586	41	4050	63	48	0	4202
16587	28	93	43	4032	0	4196
16588	29	29	4062	72	0	4192
16589	20	19	3781	28	0	3848
16590	21	19	61	3707	0	3808
16591	22	4	3689	54	0	3769
16592	3557	11	59	27	0	3654
16593	66	12	25	3742	0	3845
16594	41	7	16	3848	0	3912
16595	3827	10	14	90	0	3941
16596	56	3812	18	33	0	3919
16597	3999	46	20	33	0	4098
16598	73	17	18	3977	0	4085
16599	43	15	12	4022	0	4092
16600	34	16	11	4030	0	4091
16601	34	9	9	3962	0	4014
16602	3911	10	16	77	0	4014
16603	62	13	3899	32	0	4006
16604	28	3879	53	28	0	3988
16605	26	45	24	3923	0	4018
16606	3784	23	13	75	0	3895
16607	3972	9	16	45	0	4042
16608	68	3943	25	26	0	4062
16609	3880	52	13	38	0	3983
16610	58	3926	14	29	0	4027
16611	27	4070	19	17	0	4133
16612	22	66	16	4063	0	4167
16613	19	18	4098	67	0	4202
16614	21	16	47	4044	0	4128
16615	3977	15	20	65	0	4077
16616	57	3928	15	37	0	4037
16617	32	44	10	3996	0	4082
16618	22	23	4351	66	0	4462
16619	4394	16	54	56	0	4520
16620	4618	13	11	40	0	4682
16621	4650	11	13	28	0	4702
16622	70	9	4480	19	0	4578
16623	4350	8	58	28	0	4444
16624	60	4451	17	17	0	4545
16625	31	53	9	4300	0	4393
16626	22	4452	13	41	0	4528
16627	4466	46	11	28	0	4551
16628	4359	17	16	32	0	4424
16629	65	8	4564	15	0	4652
16630	24	4579	46	12	0	4661
16631	23	40	18	4585	0	4666
16632	25	15	12	4585	0	4637
16633	27	9	9	4542	0	4587
16634	21	15	5	4555	0	4596
16635	20	11	13	4678	0	4722
16636	21	14	4507	65	0	4607
16637	14	4470	57	33	0	4574
16638	4429	58	22	26	0	4535
16639	69	17	4568	18	0	4672
16640	29	4659	63	18	0	4769
16641	4679	55	22	27	0	4783
16642	83	24	4819	9	0	4935
16643	4722	14	64	29	0	4829
16644	4770	8	23	31	0	4832
16645	4762	14	8	21	0	4805
16646	81	4775	10	24	0	4890
16647	28	68	4717	13	0	4826
16648	13	4814	72	9	0	4908
16649	31	76	21	4278	0	4406
16650	13	4820	10	70	0	4913
16651	4800	67	13	41	0	4921
16652	4981	14	9	30	0	5034
16653	4915	8	12	23	0	4958
16654	106	10	4969	8	0	5093
16655	42	5168	79	19	0	5308
16656	31	86	31	5610	0	5758
16657	6066	33	14	110	0	6223
16658	135	6057	9	39	0	6240
16659	62	117	10	6058	0	6247
16660	38	51	6200	119	0	6408
16661	6161	26	129	58	0	6374
16662	155	19	6493	27	0	6694
16663	64	13	6608	14	0	6699
16664	6221	20	190	23	0	6454
16665	160	16	6406	15	0	6597
16666	6093	11	159	24	0	6287
16667	163	6145	69	11	0	6388
16668	6369	125	32	22	0	6548
16669	181	60	24	6341	0	6606
16670	121	27	26	6339	0	6513
16671	63	19	28	6483	0	6593
16672	6353	13	22	223	0	6611
16673	6320	14	24	106	0	6464
16674	6394	18	17	52	0	6481
16675	223	6153	16	32	0	6424
16676	119	119	18	6229	0	6485
16677	64	65	6140	150	0	6419
16678	55	32	135	6016	0	6238
16679	40	5957	71	166	0	6234
16680	57	129	36	6026	0	6248
16681	54	63	27	6113	0	6257
16682	6018	43	13	217	0	6291
16683	174	23	17	6093	0	6307
16684	86	15	5999	191	0	6291
16685	60	21	5961	98	0	6140
16686	55	18	185	6014	0	6272
16687	5978	14	99	190	0	6281
16688	186	15	44	6008	0	6253
16689	105	21	29	6124	0	6279
16690	60	17	5977	225	0	6279
16691	47	5902	153	120	0	6222
16692	46	141	87	5999	0	6273
16693	5852	61	60	191	0	6164
16694	153	5829	40	115	0	6137
16695	112	141	22	5915	0	6190
16696	69	65	5846	194	0	6174
16697	63	37	161	5757	0	6018
16698	5619	37	85	213	0	5954
16699	161	5550	57	113	0	5881
16700	95	140	5690	86	0	6011
16701	84	72	151	5644	0	5951
16702	44	58	5735	184	0	6021
16703	5581	34	168	136	0	5919
16704	5732	23	94	97	0	5946
16705	222	27	5657	78	0	5984
16706	145	39	157	5594	0	5935
16707	76	40	5718	178	0	6012
16708	53	5634	189	112	0	5988
16709	72	143	113	5705	0	6033
16710	59	84	5683	190	0	6016
16711	74	50	173	5428	0	5725
16712	59	5479	113	200	0	5851
16713	68	147	71	5592	0	5878
16714	57	77	5511	218	0	5863
16715	5341	55	170	135	0	5701
16716	171	5476	102	97	0	5846
16717	5543	147	72	95	0	5857
16718	217	83	5145	68	0	5513
16719	5046	65	171	83	0	5365
16720	204	33	5070	91	0	5398
16721	5028	31	212	72	0	5343
16722	5196	41	102	69	0	5408
16723	247	40	77	5047	0	5411
16724	163	38	70	5195	0	5466
16725	5135	56	51	247	0	5489
16726	183	5064	59	163	0	5469
16727	5167	148	86	105	0	5506
16728	229	76	54	5084	0	5443
16729	141	4971	69	192	0	5373
16730	113	166	57	5155	0	5491
16731	100	87	53	5294	0	5534
16732	89	45	50	5262	0	5446
16733	78	5071	54	272	0	5475
16734	5067	146	47	170	0	5430
16735	200	89	48	5089	0	5426
16736	113	58	4985	213	0	5369
16737	80	45	4941	160	0	5226
16738	72	37	5007	124	0	5240
16739	4885	43	206	99	0	5233
16740	4916	45	129	88	0	5178
16741	223	43	4780	75	0	5121
16742	133	37	160	4507	0	4837
16743	87	50	91	4675	0	4903
16744	59	31	4754	235	0	5079
16745	52	24	4785	149	0	5010
16746	74	34	182	4827	0	5117
16747	4790	29	109	187	0	5115
16748	4731	23	77	134	0	4965
16749	4736	21	70	97	0	4924
16750	225	4529	47	89	0	4890
16751	119	4689	65	73	0	4946
16752	92	142	62	4565	0	4861
16753	4549	69	53	167	0	4838
16754	149	49	4393	102	0	4693
16755	4093	31	112	99	0	4335
16756	115	3702	66	44	0	3927
16757	46	3266	13	28	0	3353
16758	3215	78	32	16	0	3341
16759	70	3202	17	22	0	3311
16760	34	3034	18	15	0	3101
16761	2879	84	83	57	0	3103
16762	34	2875	11	10	0	2930
16763	20	22	3	2757	0	2802
16764	10	12	3	2757	0	2782
16765	2755	5	2	36	0	2798
16766	2715	4	3	16	0	2738
16767	30	2774	6	9	0	2819
16768	10	2777	2	6	0	2795
16769	12	23	2749	8	0	2792
16770	2827	9	21	6	0	2863
16771	2939	7	14	8	0	2968
16772	3062	2	2	6	0	3072
16773	44	3	5	3103	0	3155
16774	21	1	1	3291	0	3314
16775	3352	4	1	43	0	3400
16776	37	3	1	3374	0	3415
16777	11	4	3411	39	0	3465
16778	12	1	34	3435	0	3482
16779	9	3563	10	33	0	3615
16780	11	29	5	3610	0	3655
16781	9	12	4	3688	0	3713
16782	12	6	0	3764	0	3782
16783	3681	7	1	56	0	3745
16784	35	3685	2	25	0	3747
16785	18	35	7	3744	0	3804
16786	4	18	3745	40	0	3807
16787	16	11	3633	14	0	3674
16788	11	8	39	3731	0	3789
16789	9	2	16	3753	0	3780
16790	3710	3	9	58	0	3780
16791	45	3	6	3678	0	3732
16792	17	3663	5	49	0	3734
16793	7	39	3798	21	0	3865
16794	13	19	33	3821	0	3886
16795	5	5	3894	51	0	3955
16796	7	8	41	3881	0	3937
16797	3871	5	25	48	0	3949
16798	3869	2	7	30	0	3908
16799	50	3863	9	9	0	3931
16800	32	33	4	3847	0	3916
16801	3901	13	8	46	0	3968
16802	3941	7	9	25	0	3982
16803	4014	6	4	18	0	4042
16804	4003	5	5	23	0	4036
16805	3960	3	7	12	0	3982
16806	53	3921	4	10	0	3988
16807	3909	37	5	14	0	3965
16808	51	13	3889	6	0	3959
16809	27	8	37	3916	0	3988
16810	3951	9	15	49	0	4024
16811	3966	2	4	23	0	3995
16812	3965	3	6	16	0	3990
16813	68	1	3952	9	0	4030
16814	34	7	39	4001	0	4081
16815	4098	7	12	53	0	4170
16816	47	4116	10	26	0	4199
16817	4289	37	10	20	0	4356
16818	4217	14	7	25	0	4263
16819	4264	11	1	14	0	4290
16820	63	15	2	4348	0	4428
16821	4384	6	2	59	0	4451
16822	59	8	4456	25	0	4548
16823	36	8	4449	18	0	4511
16824	4424	5	60	24	0	4513
16825	60	11	4553	4	0	4628
16826	4299	7	51	22	0	4379
16827	51	5	4473	9	0	4538
16828	24	7	46	4401	0	4478
16829	4390	6	16	59	0	4471
16830	51	4475	10	23	0	4559
16831	4543	34	8	21	0	4606
16832	45	4465	7	12	0	4529
16833	20	4678	6	12	0	4716
16834	16	42	9	4760	0	4827
16835	18	12	7	4779	0	4816
16836	11	11	12	4779	0	4813
16837	10	5	4737	54	0	4806
16838	4628	2	38	37	0	4705
16839	4889	7	18	28	0	4942
16840	4907	2	8	25	0	4942
16841	4921	5	6	24	0	4956
16842	4930	5	7	15	0	4957
16843	66	7	4646	14	0	4733
16844	37	5	4687	11	0	4740
16845	30	6	50	4762	0	4848
16846	20	7	4810	45	0	4882
16847	4740	11	47	28	0	4826
16848	56	4975	23	19	0	5073
16849	35	50	12	5221	0	5318
16850	5281	15	10	74	0	5380
16851	87	8	2	5417	0	5514
16852	41	11	5414	66	0	5532
16853	30	9	5414	26	0	5479
16854	24	5	83	5598	0	5710
16855	11	4	5612	73	0	5700
16856	5462	3	68	38	0	5571
16857	77	8	34	5582	0	5701
16858	36	6	5604	71	0	5717
16859	29	5617	69	31	0	5746
16860	32	61	29	5773	0	5895
16861	24	25	5839	76	0	5964
16862	30	12	74	5694	0	5810
16863	30	6	40	5802	0	5878
16864	12	5	5900	103	0	6020
16865	30	5	74	5854	0	5963
16866	32	1	35	5775	0	5843
16867	28	4	25	5920	0	5977
16868	5774	7	18	121	0	5920
16869	82	5674	19	54	0	5829
16870	35	5819	18	40	0	5912
16871	24	91	5642	22	0	5779
16872	5448	31	75	25	0	5579
16873	75	13	5514	11	0	5613
16874	28	15	5353	13	0	5409
16875	25	13	85	5236	0	5359
16876	5291	1	39	86	0	5417
16877	67	5328	15	38	0	5448
16878	5283	59	14	34	0	5390
16879	5223	22	15	18	0	5278
16880	74	5282	8	19	0	5383
16881	5263	62	15	24	0	5364
16882	5212	21	16	32	0	5281
16883	80	5265	9	11	0	5365
16884	37	66	12	5273	0	5388
16885	21	25	24	5402	0	5472
16886	5465	10	11	98	0	5584
16887	81	5564	8	46	0	5699
16888	5670	82	13	28	0	5793
16889	5730	25	8	26	0	5789
16890	5978	11	9	31	0	6029
16891	132	14	15	5894	0	6055
16892	56	9	10	6033	0	6108
16893	5929	2	9	139	0	6079
16894	6076	14	12	53	0	6155
16895	6125	10	5	38	0	6178
16896	155	6	6	6189	0	6356
16897	51	9	6229	123	0	6412
16898	38	11	118	6318	0	6485
16899	36	5	39	6808	0	6888
16900	25	8	6679	165	0	6877
16901	20	15	7270	59	0	7364
16902	36	12	203	7366	0	7617
16903	25	14	7379	184	0	7602
16904	7443	6	186	77	0	7712
16905	185	13	63	7519	0	7780
16906	81	6	39	7704	0	7830
16907	7712	6	22	258	0	7998
16908	198	13	30	7671	0	7912
16909	105	10	16	7777	0	7908
16910	67	8	22	7877	0	7974
16911	47	6	12	7914	0	7979
16912	41	6	7616	263	0	7926
16913	42	15	164	7703	0	7924
16914	42	6	7550	226	0	7824
16915	31	7610	179	118	0	7938
16916	30	175	65	7594	0	7864
16917	22	56	7450	214	0	7742
16918	7060	23	182	126	0	7391
16919	177	7375	95	60	0	7707
16920	7421	176	37	64	0	7698
16921	212	55	30	7224	0	7521
16922	84	7168	45	188	0	7485
16923	7183	178	21	114	0	7496
16924	177	7265	27	68	0	7537
16925	7313	179	26	50	0	7568
16926	222	79	12	7266	0	7579
16927	7304	41	19	217	0	7581
16928	212	7359	18	96	0	7685
16929	7397	196	19	68	0	7680
16930	231	71	7152	53	0	7507
16931	116	41	178	7177	0	7512
16932	7159	25	71	233	0	7488
16933	7258	25	42	113	0	7438
16934	275	20	27	7104	0	7426
16935	109	23	7086	217	0	7435
16936	71	6816	193	97	0	7177
16937	51	7177	78	63	0	7369
16938	7140	211	50	89	0	7490
16939	228	71	32	7067	0	7398
16940	112	39	30	7231	0	7412
16941	7081	39	30	276	0	7426
16942	7141	28	38	130	0	7337
16943	252	43	7036	65	0	7396
16944	123	35	168	7075	0	7401
16945	69	20	7015	229	0	7333
16946	63	6980	191	111	0	7345
16947	6780	171	56	96	0	7103
16948	184	6779	45	71	0	7079
16949	89	6773	33	64	0	6959
16950	99	199	35	6652	0	6985
16951	6434	70	28	211	0	6743
16952	174	6471	37	97	0	6779
16953	6398	178	29	82	0	6687
16954	192	6344	36	61	0	6633
16955	97	186	27	6408	0	6718
16956	6381	83	31	196	0	6691
16957	193	48	6409	100	0	6750
16958	102	72	162	6349	0	6685
16959	72	47	6365	190	0	6674
16960	72	6045	167	97	0	6381
16961	56	6279	67	78	0	6480
16962	6057	200	45	81	0	6383
16963	169	6176	42	75	0	6462
16964	6186	175	48	59	0	6468
16965	6314	79	31	74	0	6498
16966	219	56	6081	53	0	6409
16967	6088	70	158	42	0	6358
16968	196	59	6251	58	0	6564
16969	112	6282	167	38	0	6599
16970	6276	174	67	48	0	6565
16971	202	6278	40	50	0	6570
16972	126	171	51	6293	0	6641
16973	6333	85	36	188	0	6642
16974	204	56	42	6307	0	6609
16975	114	45	6401	183	0	6743
16976	73	61	157	6347	0	6638
16977	81	52	57	6506	0	6696
16978	6401	47	31	245	0	6724
16979	189	45	6391	115	0	6740
16980	6403	30	164	87	0	6684
16981	6664	44	69	71	0	6848
16982	258	38	43	6552	0	6891
16983	126	32	30	6626	0	6814
16984	6490	34	33	236	0	6793
16985	222	6613	49	87	0	6971
16986	120	152	31	6515	0	6818
16987	82	63	6368	163	0	6676
16988	67	42	6097	89	0	6295
16989	53	6330	169	68	0	6620
16990	75	154	66	6081	0	6376
16991	69	82	32	6186	0	6369
16992	6018	54	39	200	0	6311
16993	173	45	35	5993	0	6246
16994	5743	38	44	166	0	5991
16995	145	5643	32	98	0	5918
16996	65	5704	25	65	0	5859
16997	52	5874	24	64	0	6014
16998	5708	155	34	75	0	5972
16999	5275	64	31	52	0	5422
17000	143	5187	19	33	0	5382
17001	4503	54	16	18	0	4591
17002	49	4460	4	7	0	4520
17003	28	52	7	4439	0	4526
17004	25	4432	8	31	0	4496
17005	4430	52	9	28	0	4519
17006	4425	29	7	15	0	4476
17007	60	12	3	4319	0	4394
17008	4327	19	2	51	0	4399
17009	51	8	3	4343	0	4405
17010	18	4469	9	41	0	4537
17011	22	63	3	4464	0	4552
17012	18	4450	7	41	0	4516
17013	4411	40	9	38	0	4498
17014	57	12	4358	10	0	4437
17015	4164	5	33	31	0	4233
17016	46	14	6	4327	0	4393
17017	16	6	4282	44	0	4348
17018	4171	12	33	24	0	4240
17019	52	10	4433	12	0	4507
17020	25	5	43	4323	0	4396
17021	21	5	9	4410	0	4445
17022	15	6	3	4407	0	4431
17023	12	7	15	4431	0	4465
17024	21	4338	9	48	0	4416
17025	19	40	14	4562	0	4635
17026	4574	9	7	73	0	4663
17027	46	10	4544	23	0	4623
17028	18	4854	47	23	0	4942
17029	4918	56	15	46	0	5035
17030	5302	29	6	27	0	5364
17031	91	6	6	5870	0	5973
17032	43	10	5891	115	0	6059
17033	28	10	110	5842	0	5990
17034	23	25	35	6284	0	6367
17035	22	9	6232	157	0	6420
17036	25	6507	127	46	0	6705
17037	6574	133	42	49	0	6798
17038	6634	58	26	40	0	6758
17039	6815	25	11	38	0	6889
17040	226	16	11	6682	0	6935
17041	118	13	17	6963	0	7111
17042	7014	15	13	214	0	7256
17043	195	13	9	6738	0	6955
17044	90	6863	12	172	0	7137
17045	7072	143	10	99	0	7324
17046	7098	68	15	95	0	7276
17047	7520	27	12	64	0	7623
17048	7618	20	7	55	0	7700
17049	276	18	7222	40	0	7556
17050	139	19	7284	35	0	7477
17051	107	21	217	7205	0	7550
17052	91	12	88	7361	0	7552
17053	58	19	7235	245	0	7557
17054	66	20	7307	104	0	7497
17055	74	11	219	7183	0	7487
17056	7215	11	92	214	0	7532
17057	224	10	59	7140	0	7433
17058	102	15	7135	209	0	7461
17059	65	7153	182	120	0	7520
17060	7152	155	98	88	0	7493
17061	7292	76	53	79	0	7500
17062	7332	37	55	63	0	7487
17063	7340	23	44	63	0	7470
17064	296	17	6947	42	0	7302
17065	165	8	181	6994	0	7348
17066	7030	25	95	222	0	7372
17067	246	15	69	7023	0	7353
17068	153	17	55	6851	0	7076
17069	91	6816	35	263	0	7205
17070	114	160	28	6956	0	7258
17071	6827	70	42	248	0	7187
17072	214	6841	47	126	0	7228
17073	6875	176	38	94	0	7183
17074	227	6860	33	82	0	7202
17075	154	175	43	6472	0	6844
17076	115	6513	38	188	0	6854
17077	85	6812	41	129	0	7067
17078	6650	229	40	93	0	7012
17079	233	117	6527	82	0	6959
17080	145	57	6480	90	0	6772
17081	111	57	6414	68	0	6650
17082	6130	45	245	101	0	6521
17083	209	6258	126	84	0	6677
17084	127	6415	80	81	0	6703
17085	6009	232	51	97	0	6389
17086	244	6025	54	66	0	6389
17087	162	6225	44	82	0	6513
17088	136	244	48	6148	0	6576
17089	93	135	6112	208	0	6548
17090	104	84	6182	145	0	6515
17091	128	82	241	6109	0	6560
17092	6049	66	124	251	0	6490
17093	236	6131	94	141	0	6602
17094	176	216	81	6166	0	6639
17095	133	124	6110	220	0	6587
17096	147	82	5990	138	0	6357
17097	123	84	247	5873	0	6327
17098	5814	59	148	247	0	6268
17099	5958	70	105	162	0	6295
17100	294	58	5779	118	0	6249
17101	5840	78	210	117	0	6245
17102	290	74	5797	92	0	6253
17103	207	50	233	5532	0	6022
17104	150	5649	162	200	0	6161
17105	5801	186	123	126	0	6236
17106	253	114	90	5792	0	6249
17107	213	70	88	5809	0	6180
17108	148	64	78	5987	0	6277
17109	119	59	98	5982	0	6258
17110	128	46	5590	329	0	6093
17111	126	5543	234	182	0	6085
17112	130	188	138	5655	0	6111
17113	5610	96	94	269	0	6069
17114	264	71	89	5661	0	6085
17115	169	59	107	5740	0	6075
17116	123	71	5491	320	0	6005
17117	132	62	5464	202	0	5860
17118	124	5345	243	146	0	5858
17119	100	5491	156	151	0	5898
17120	98	225	123	5435	0	5881
17121	5403	133	105	262	0	5903
17122	240	93	5328	182	0	5843
17123	174	5328	184	133	0	5819
17124	136	197	120	5095	0	5548
17125	87	5160	101	226	0	5574
17126	102	218	75	4957	0	5352
17127	75	5007	74	232	0	5388
17128	107	200	40	4650	0	4997
17129	4461	129	45	209	0	4844
17130	176	4079	59	133	0	4447
17131	87	164	40	3350	0	3641
17132	3278	81	45	133	0	3537
17133	109	3228	24	101	0	3462
17134	61	2784	22	60	0	2927
17135	49	2824	31	51	0	2955
17136	62	78	43	2449	0	2632
17137	22	39	22	2453	0	2536
17138	22	2407	9	78	0	2516
17139	26	65	16	2412	0	2519
17140	23	43	2415	61	0	2542
17141	15	2392	42	35	0	2484
17142	19	180	16	2097	0	2312
17143	14	2297	11	42	0	2364
17144	24	38	2225	24	0	2311
17145	11	2210	35	22	0	2278
17146	1869	52	17	29	0	1967
17147	21	15	0	1825	0	1861
17148	1809	1	5	29	0	1844
17149	19	3	1822	5	0	1849
17150	10	5	18	1832	0	1865
17151	2	2	1878	19	0	1901
17152	8	2	18	1870	0	1898
17153	1944	0	7	31	0	1982
17154	23	1	1	1965	0	1990
17155	1971	0	3	26	0	2000
17156	17	2016	6	10	0	2049
17157	2015	20	1	7	0	2043
17158	22	7	2065	3	0	2097
17159	11	2134	16	4	0	2165
17160	4	26	5	2167	0	2202
17161	8	9	1	2193	0	2211
17162	2	3	2160	22	0	2187
17163	1	2151	19	7	0	2178
17164	1	18	6	2171	0	2196
17165	1	2178	1	20	0	2200
17166	6	17	2	2146	0	2171
17167	1	2166	4	14	0	2185
17168	2139	18	1	14	0	2172
17169	20	10	0	2142	0	2172
17170	7	4	2158	20	0	2189
17171	4	2180	16	7	0	2207
17172	2	2258	8	5	0	2273
17173	3	21	2220	2	0	2246
17174	2	2258	16	4	0	2280
17175	4	21	6	2277	0	2308
17176	3	7	2339	16	0	2365
17177	5	2	15	2315	0	2337
17178	6	1	7	2348	0	2362
17179	1	4	2349	22	0	2376
17180	2277	2	16	13	0	2308
17181	21	3	7	2408	0	2439
17182	9	8	2688	16	0	2721
17183	1	2734	15	14	0	2764
17184	2761	16	9	10	0	2796
17185	17	2743	4	1	0	2765
17186	11	18	1	2788	0	2818
17187	2754	6	2	34	0	2796
17188	18	3	1	2765	0	2787
17189	11	5	2866	17	0	2899
17190	6	4	18	2895	0	2923
17191	4	6	2916	19	0	2945
17192	2832	2	17	19	0	2870
17193	22	1	2943	4	0	2970
17194	2946	4	20	20	0	2990
17195	3030	2	7	9	0	3048
17196	26	1	3058	4	0	3089
17197	12	5	2938	3	0	2958
17198	1	3082	27	4	0	3114
17199	3176	21	8	15	0	3220
17200	25	6	1	3242	0	3274
17201	15	2	2	3225	0	3244
17202	3512	1	7	45	0	3565
17203	3616	7	1	17	0	3641
17204	3657	2	1	8	0	3668
17205	3657	1	4	12	0	3674
17206	28	7	2	3610	0	3647
17207	3648	3	0	32	0	3683
17208	28	3	5	3690	0	3726
17209	11	3	4	3676	0	3694
17210	7	4	2	3713	0	3726
17211	7	3	3641	25	0	3676
17212	3	3550	22	11	0	3586
17213	1	3642	10	11	0	3664
17214	6	22	5	3692	0	3725
17215	3691	2	3	27	0	3723
17216	19	7	5	3667	0	3698
17217	3655	3	4	27	0	3689
17218	18	7	3812	10	0	3847
17219	3759	4	17	16	0	3796
17220	25	2	8	3920	0	3955
17221	4004	3	1	38	0	4046
17222	4004	1	2	24	0	4031
17223	4056	1	7	11	0	4075
17224	33	3	2	4067	0	4105
17225	12	5	4097	22	0	4136
17226	10	2	23	4116	0	4151
17227	4200	3	10	34	0	4247
17228	27	4	4738	12	0	4781
17229	15	1	25	4958	0	4999
17230	5135	2	12	54	0	5203
17231	38	8	5298	11	0	5355
17232	5520	3	33	26	0	5582
17233	5808	3	13	33	0	5857
17234	51	3	1	5926	0	5981
17235	24	5	3	6037	0	6069
17236	6067	2	4	59	0	6132
17237	55	1	4	6207	0	6267
17238	6195	2	4	78	0	6279
17239	56	6263	4	20	0	6343
17240	15	6341	2	9	0	6367
17241	16	62	2	6327	0	6407
17242	7	19	6441	52	0	6519
17243	9	6400	45	15	0	6469
17244	6330	46	13	29	0	6418
17245	40	6264	10	7	0	6321
17246	17	47	6264	5	0	6333
17247	24	12	45	6192	0	6273
17248	3	23	6410	47	0	6483
17249	7	6623	50	16	0	6696
17250	7	44	13	6644	0	6708
17251	5	6578	8	50	0	6641
17252	9	44	6614	12	0	6679
17253	18	15	48	6506	0	6587
17254	5	14	6635	51	0	6705
17255	16	7	51	6535	0	6609
17256	6588	8	13	82	0	6691
17257	48	8	6542	15	0	6613
17258	6235	6	46	28	0	6315
17259	50	8	6474	8	0	6540
17260	20	5	50	6453	0	6528
17261	12	5	6783	47	0	6847
17262	19	4	53	6730	0	6806
17263	13	2	15	6833	0	6863
17264	20	6	12	6703	0	6741
17265	15	6	10	6828	0	6859
17266	7	6	7284	68	0	7365
17267	7246	2	47	46	0	7341
17268	51	3	15	7848	0	7917
17269	7923	1	9	78	0	8011
17270	8033	2	8	45	0	8088
17271	8134	3	6	41	0	8184
17272	99	1	4	8352	0	8456
17273	43	5	7	8513	0	8568
17274	16	9233	9	86	0	9344
17275	10193	100	6	63	0	10362
17276	10835	41	8	42	0	10926
17277	10978	28	5	52	0	11063
17278	245	16	11034	17	0	11312
17279	136	32	149	10967	0	11284
17280	69	15	10998	157	0	11239
17281	10829	5	174	103	0	11111
17282	10973	8	81	68	0	11130
17283	257	8	50	10807	0	11122
17284	126	12	23	10688	0	10849
17285	61	10852	40	311	0	11264
17286	11121	149	19	111	0	11400
17287	11226	63	14	86	0	11389
17288	240	11067	28	49	0	11384
17289	11205	161	15	84	0	11465
17290	228	82	15	11151	0	11476
17291	141	38	20	11220	0	11419
17292	11258	18	10	263	0	11549
17293	198	34	11222	109	0	11563
17294	11152	14	151	107	0	11424
17295	11305	16	72	93	0	11486
17296	247	11084	39	57	0	11427
17297	11278	160	26	65	0	11529
17298	236	75	11116	31	0	11458
17299	166	37	158	11110	0	11471
17300	11211	21	74	196	0	11502
17301	244	29	40	11215	0	11528
17302	136	31	10980	213	0	11360
17303	107	14	187	10690	0	10998
17304	65	11737	93	221	0	12116
17305	113	160	50	11934	0	12257
17306	94	81	32	12164	0	12371
17307	99	46	31	11985	0	12161
17308	67	29	29	12219	0	12344
17309	53	50	11972	295	0	12370
17310	81	28	164	12050	0	12323
17311	11981	26	68	298	0	12373
17312	189	11941	60	141	0	12331
17313	125	179	28	12347	0	12679
17314	81	89	12410	226	0	12806
17315	82	45	184	12506	0	12817
17316	12594	25	82	292	0	12993
17317	12716	31	61	166	0	12974
17318	12545	20	36	156	0	12757
17319	327	29	49	12485	0	12890
17320	169	43	12408	253	0	12873
17321	141	12338	190	129	0	12798
17322	12639	175	100	131	0	13045
17323	265	90	62	12556	0	12973
17324	152	47	51	12715	0	12965
17325	102	39	12550	299	0	12990
17326	93	12285	218	171	0	12767
17327	106	12751	98	112	0	13067
17328	119	269	54	12221	0	12663
17329	85	100	11960	266	0	12411
17330	11235	61	202	197	0	11695
17331	229	62	11627	102	0	12020
17332	11107	55	186	138	0	11486
17333	237	11870	94	112	0	12313
17334	135	171	11728	95	0	12129
17335	11501	84	183	105	0	11873
17336	217	11624	120	69	0	12030
17337	12072	173	70	117	0	12432
17338	229	107	12001	69	0	12406
17339	140	12044	189	68	0	12441
17340	12191	168	94	91	0	12544
17341	254	101	11970	59	0	12384
17342	11983	58	177	78	0	12296
17343	256	34	106	12043	0	12439
17344	12157	53	93	201	0	12504
17345	253	42	54	12151	0	12500
17346	12140	41	58	230	0	12469
17347	230	45	12191	135	0	12601
17348	142	26	176	12319	0	12663
17349	112	42	108	12269	0	12531
17350	75	67	12280	285	0	12707
17351	109	47	185	12307	0	12648
17352	101	10593	171	276	0	11141
17353	67	167	79	13139	0	13452
17354	90	81	55	13719	0	13945
17355	98	54	58	14778	0	14988
17356	91	36	14683	439	0	15249
17357	14417	51	313	245	0	15026
17358	403	38	132	15556	0	16129
17359	158	45	15891	416	0	16510
17360	15522	30	381	228	0	16161
17361	16215	25	153	177	0	16570
17362	16605	31	108	121	0	16865
17363	614	48	49	16319	0	17030
17364	287	44	61	17866	0	18258
17365	187	37	61	17800	0	18085
17366	118	17363	66	653	0	18200
17367	17272	430	55	320	0	18077
17368	17450	147	46	216	0	17859
17369	683	95	59	17132	0	17969
17370	311	39	16798	523	0	17671
17371	177	58	16957	220	0	17412
17372	133	16195	584	182	0	17094
17373	95	16921	239	144	0	17399
17374	15436	569	205	218	0	16428
17375	408	15088	51	83	0	15630
17376	14706	393	35	107	0	15241
17377	14795	112	26	98	0	15031
17378	14834	56	36	89	0	15015
17379	568	28	36	14661	0	15293
17380	256	26	40	15596	0	15918
17381	15815	28	34	548	0	16425
17382	489	31	30	16169	0	16719
17383	178	52	16090	464	0	16784
17384	16220	33	396	197	0	16846
17385	502	45	122	16188	0	16857
17386	260	36	50	16476	0	16822
17387	174	47	40	16761	0	17022
17388	116	39	16142	590	0	16887
17389	15339	37	418	282	0	16076
17390	490	47	16076	130	0	16743
17391	270	35	466	15905	0	16676
17392	136	44	16231	472	0	16883
17393	157	51	479	15842	0	16529
17394	162	43	162	16366	0	16733
17395	97	47	16439	603	0	17186
17396	157	53	466	15433	0	16109
17397	117	16380	164	508	0	17169
17398	16442	437	87	250	0	17216
17399	16791	134	60	191	0	17176
17400	649	59	68	16438	0	17214
17401	264	41	16523	537	0	17365
17402	155	15818	475	252	0	16700
17403	97	16681	183	180	0	17141
17404	15633	528	121	198	0	16480
17405	530	181	15459	143	0	16313
17406	15422	91	473	177	0	16163
17407	594	54	186	15433	0	16267
17408	291	60	123	15851	0	16325
17409	15226	46	99	697	0	16068
17410	497	15299	97	335	0	16228
17411	223	452	15431	218	0	16324
17412	209	169	492	15192	0	16062
17413	132	98	15401	554	0	16185
17414	131	15076	547	248	0	16002
17415	173	449	220	15197	0	16039
17416	15015	167	132	632	0	15946
17417	15304	106	108	345	0	15863
17418	649	103	14942	205	0	15899
17419	286	14914	510	162	0	15872
17420	14805	477	202	200	0	15684
17421	560	14941	160	159	0	15820
17422	309	520	115	14780	0	15724
17423	14777	188	100	592	0	15657
17424	580	126	94	14898	0	15698
17425	281	89	14596	621	0	15587
17426	237	97	507	14668	0	15509
17427	168	110	14589	615	0	15482
17428	201	107	523	14511	0	15342
17429	14421	94	219	642	0	15376
17430	568	14419	160	300	0	15447
17431	14389	486	140	265	0	15280
17432	615	184	133	14243	0	15175
17433	287	151	132	14391	0	14961
17434	194	151	12984	713	0	14042
17435	177	129	14073	323	0	14702
17436	186	13838	606	254	0	14884
17437	194	484	13673	205	0	14556
17438	12960	203	576	233	0	13972
17439	573	13369	261	191	0	14394
17440	268	13805	163	203	0	14439
17441	220	13936	147	174	0	14477
17442	199	648	132	13466	0	14445
17443	176	265	13538	586	0	14565
17444	167	13616	544	292	0	14619
17445	192	543	227	12848	0	13810
17446	173	13630	160	582	0	14545
17447	13308	535	140	313	0	14296
17448	13634	219	136	253	0	14242
17449	667	148	136	13288	0	14239
17450	333	127	145	13364	0	13969
17451	12643	117	141	695	0	13596
17452	547	12280	125	349	0	13301
17453	230	12518	146	238	0	13132
17454	239	626	104	11296	0	12265
17455	108	181	10363	425	0	11077
17456	110	10177	358	218	0	10863
17457	9421	330	188	150	0	10089
17458	294	9150	101	141	0	9686
17459	149	9045	82	118	0	9394
17460	8460	378	88	97	0	9023
17461	293	8725	55	93	0	9166
17462	143	297	8443	76	0	8959
17463	92	8338	271	104	0	8805
17464	6814	202	128	74	0	7218
17465	158	6810	48	54	0	7070
17466	6690	188	77	55	0	7010
17467	199	85	44	6604	0	6932
17468	94	65	30	6770	0	6959
17469	58	62	6707	185	0	7012
17470	62	6750	147	79	0	7038
17471	73	171	55	6746	0	7045
17472	6685	86	35	188	0	6994
17473	6701	54	39	104	0	6898
17474	191	6792	35	90	0	7108
17475	103	158	35	6746	0	7042
17476	6791	80	38	164	0	7073
17477	6879	55	39	91	0	7064
17478	201	54	6570	53	0	6878
17479	91	55	6122	45	0	6313
17480	68	55	5834	38	0	5995
17481	25	5380	124	31	0	5560
17482	4851	97	124	30	0	5102
17483	89	4805	27	17	0	4938
17484	4661	96	36	28	0	4821
17485	87	4933	15	18	0	5053
17486	60	83	11	4954	0	5108
17487	5026	44	9	85	0	5164
17488	80	24	5034	27	0	5165
17489	4994	20	68	26	0	5108
17490	5098	21	32	24	0	5175
17491	98	5108	20	16	0	5242
17492	46	5159	13	18	0	5236
17493	5264	92	28	19	0	5403
17494	72	44	5436	16	0	5568
17495	5085	25	78	21	0	5209
17496	5134	15	36	11	0	5196
17497	78	16	11	5055	0	5160
17498	5181	11	10	55	0	5257
17499	75	16	6	5300	0	5397
17500	55	10	5	5455	0	5525
17501	39	12	2	5329	0	5382
17502	17	5344	6	79	0	5446
17503	5405	52	5	49	0	5511
17504	5460	31	11	22	0	5524
17505	87	17	5	5448	0	5557
17506	60	6	6	5391	0	5463
17507	20	5404	13	72	0	5509
17508	5422	56	8	47	0	5533
17509	66	35	5358	15	0	5474
17510	50	23	50	5403	0	5526
17511	24	22	5327	55	0	5428
17512	31	15	48	5321	0	5415
17513	23	14	5412	61	0	5510
17514	37	17	58	5322	0	5434
17515	5349	12	26	72	0	5459
17516	66	14	5483	42	0	5605
17517	5348	8	55	39	0	5450
17518	63	5771	35	17	0	5886
17519	39	51	22	5848	0	5960
17520	34	32	12	5955	0	6033
17521	6118	25	10	104	0	6257
17522	74	22	8	6401	0	6505
17523	47	14	6571	65	0	6697
17524	6496	8	45	62	0	6611
17525	6810	15	27	46	0	6898
17526	6815	15	14	46	0	6890
17527	6792	10	10	38	0	6850
17528	88	6710	23	25	0	6846
17529	54	45	16	6799	0	6914
17530	6757	27	13	76	0	6873
17531	74	14	12	6721	0	6821
17532	6656	11	16	70	0	6753
17533	65	15	6522	32	0	6634
17534	48	9	6572	22	0	6651
17535	43	89	59	6242	0	6433
17536	23	6450	34	46	0	6553
17537	22	6708	15	33	0	6778
17538	6572	63	23	68	0	6726
17539	43	33	6588	28	0	6692
17540	6064	11	37	42	0	6154
17541	49	6541	33	23	0	6646
17542	6569	25	18	33	0	6645
17543	52	27	9	6540	0	6628
17544	45	15	6795	31	0	6886
17545	34	10	30	6773	0	6847
17546	35	10	31	6771	0	6847
17547	23	6752	18	52	0	6845
17548	19	7023	10	41	0	7093
17549	32	42	10	7021	0	7105
17550	16	7146	15	45	0	7222
17551	26	29	7136	31	0	7222
17552	29	38	6860	24	0	6951
17553	6581	18	59	43	0	6701
17554	7015	12	33	47	0	7107
17555	65	6971	16	14	0	7066
17556	53	34	9	6967	0	7063
17557	32	28	14	7045	0	7119
17558	21	18	7065	59	0	7163
17559	40	11	32	6816	0	6899
17560	23	7032	26	44	0	7125
17561	28	36	6902	27	0	6993
17562	21	28	6805	26	0	6880
17563	25	6721	71	20	0	6837
17564	23	44	6977	15	0	7059
17565	34	30	36	6875	0	6975
17566	56	21	28	6374	0	6479
17567	19	22	7113	58	0	7212
17568	34	10	39	7017	0	7100
17569	19	6923	33	44	0	7019
17570	22	7180	17	41	0	7260
17571	29	52	16	7098	0	7195
17572	18	27	7230	47	0	7322
17573	22	7293	42	31	0	7388
17574	23	57	35	7186	0	7301
17575	10	24	7103	48	0	7185
17576	6674	7	34	42	0	6757
17577	7037	2	17	28	0	7084
17578	7056	5	7	31	0	7099
17579	48	8	8	7001	0	7065
17580	17	8	9	7086	0	7120
17581	7	9	7316	45	0	7377
17582	26	6	31	7226	0	7289
17583	19	13	11	7372	0	7415
17584	11	5	7390	44	0	7450
17585	6353	4	30	67	0	6454
17586	33	6980	19	15	0	7047
17587	6986	28	4	38	0	7056
17588	29	6949	5	14	0	6997
17589	18	30	6	6989	0	7043
17590	11	17	7053	30	0	7111
17591	15	17	32	6761	0	6825
17592	10	8	6857	35	0	6910
17593	5923	8	34	47	0	6012
17594	30	7	6492	11	0	6540
17595	17	5	31	6304	0	6357
17596	9	6	6508	31	0	6554
17597	6	6600	35	11	0	6652
17598	20	31	15	6796	0	6862
17599	24	14	5	6689	0	6732
17600	13	4	2	6950	0	6969
17601	7	7	6946	59	0	7019
17602	9	10	6992	20	0	7031
17603	15	5	62	7044	0	7126
17604	26	1	23	8267	0	8317
17605	19	5	15	8942	0	8981
17606	9104	4	5	206	0	9319
17607	141	3	5	9502	0	9651
17608	68	13	9909	153	0	10143
17609	10300	5	147	109	0	10561
17610	193	2	82	10748	0	11025
17611	11141	5	35	214	0	11395
17612	11353	4	14	132	0	11503
17613	310	11	16	11358	0	11695
17614	11445	3	20	238	0	11706
17615	11550	5	8	154	0	11717
17616	298	10	11340	60	0	11708
17617	135	11413	207	31	0	11786
17618	113	180	91	10997	0	11381
17619	70	90	40	11440	0	11640
17620	11300	27	21	314	0	11662
17621	11157	14	20	169	0	11360
17622	11100	8	25	108	0	11241
17623	344	12	10517	42	0	10915
17624	162	10619	202	57	0	11040
17625	10605	185	116	79	0	10985
17626	247	10757	45	44	0	11093
17627	10816	215	26	61	0	11118
17628	287	100	23	10720	0	11130
17629	10736	46	29	246	0	11057
17630	10825	27	20	164	0	11036
17631	10944	14	26	84	0	11068
17632	359	27	10728	55	0	11169
17633	10858	20	204	79	0	11161
17634	295	10865	110	50	0	11320
17635	11086	214	47	69	0	11416
17636	11157	107	29	77	0	11370
17637	11264	43	27	75	0	11409
17638	412	31	37	10756	0	11236
17639	209	10859	24	219	0	11311
17640	10926	215	26	143	0	11310
17641	293	123	10865	72	0	11353
17642	212	10939	203	53	0	11407
17643	180	239	107	10231	0	10757
17644	130	10694	52	188	0	11064
17645	10671	248	35	140	0	11094
17646	10970	129	39	71	0	11209
17647	410	65	34	10771	0	11280
17648	221	53	10569	250	0	11093
17649	141	10623	222	145	0	11131
17650	187	245	132	9146	0	9710
17651	157	132	45	10843	0	11177
17652	145	60	37	11188	0	11430
17653	11004	43	46	376	0	11469
17654	11192	53	42	174	0	11461
17655	11250	48	28	101	0	11427
17656	11359	52	36	96	0	11543
17657	462	51	30	11043	0	11586
17658	240	41	11229	302	0	11812
17659	187	44	227	11362	0	11820
17660	164	35	109	11466	0	11774
17661	146	47	64	11541	0	11798
17662	163	48	41	11581	0	11833
17663	11278	37	52	436	0	11803
17664	348	50	42	11396	0	11836
17665	11353	31	39	363	0	11786
17666	11476	40	30	230	0	11776
17667	463	46	11047	124	0	11680
17668	277	35	10943	127	0	11382
17669	203	38	11252	121	0	11614
17670	186	46	352	10903	0	11487
17671	159	56	11129	296	0	11640
17672	161	55	280	10922	0	11418
17673	150	41	150	11030	0	11371
17674	11049	34	79	453	0	11615
17675	381	33	52	10947	0	11413
17676	249	11148	67	364	0	11828
17677	11492	241	66	232	0	12031
17678	368	11593	75	152	0	12188
17679	229	293	11649	135	0	12306
17680	173	11771	270	119	0	12333
17681	11535	291	169	147	0	12142
17682	368	161	80	11504	0	12113
17683	273	77	11369	320	0	12039
17684	11411	58	266	223	0	11958
17685	409	54	155	11473	0	12091
17686	268	59	11578	299	0	12204
17687	201	64	276	11661	0	12202
17688	179	50	173	11839	0	12241
17689	173	88	91	11845	0	12197
17690	182	11590	54	420	0	12246
17691	11785	260	72	254	0	12371
17692	389	146	64	11641	0	12240
17693	257	11731	62	324	0	12374
17694	188	281	53	11945	0	12467
17695	148	165	11807	324	0	12444
17696	162	11848	267	194	0	12471
17697	11722	285	156	175	0	12338
17698	11787	164	95	125	0	12171
17699	431	94	56	11507	0	12088
17700	259	74	57	11684	0	12074
17701	11577	46	66	417	0	12106
17702	11337	74	59	270	0	11740
17703	400	11409	64	160	0	12033
17704	10093	185	56	115	0	10449
17705	246	87	9483	68	0	9884
17706	158	42	9349	63	0	9612
17707	75	9041	188	73	0	9377
17708	58	8903	81	61	0	9103
17709	8027	170	187	50	0	8434
17710	121	8077	43	29	0	8270
17711	7898	108	32	47	0	8085
17712	7817	36	20	36	0	7909
17713	7749	26	18	38	0	7831
17714	129	14	21	7665	0	7829
17715	7682	17	32	125	0	7856
17716	111	21	7602	44	0	7778
17717	59	20	7634	31	0	7744
17718	31	7744	119	29	0	7923
17719	35	87	7860	24	0	8006
17720	55	35	86	7576	0	7752
17721	30	16	7866	102	0	8014
17722	31	22	7677	49	0	7779
17723	32	27	106	7739	0	7904
17724	7807	8	45	129	0	7989
17725	7859	19	27	73	0	7978
17726	118	27	8122	29	0	8296
17727	7934	16	98	55	0	8103
17728	119	19	8273	23	0	8434
17729	8227	17	101	55	0	8400
17730	8587	19	50	51	0	8707
17731	145	10	24	8531	0	8710
17732	63	16	22	8318	0	8419
17733	48	8152	26	119	0	8345
17734	33	8392	22	48	0	8495
17735	46	102	20	8234	0	8402
17736	43	48	23	8362	0	8476
17737	8191	22	21	123	0	8357
17738	92	8114	24	49	0	8279
17739	8144	83	19	51	0	8297
17740	95	8150	16	28	0	8289
17741	41	90	8056	25	0	8212
17742	48	35	81	8018	0	8182
17743	8100	23	36	110	0	8269
17744	8483	13	17	70	0	8583
17745	144	8651	10	24	0	8829
17746	53	8923	25	30	0	9031
17747	36	9146	13	32	0	9227
17748	52	160	27	9725	0	9964
17749	26	51	9965	143	0	10185
17750	25	9980	144	62	0	10211
17751	73	145	39	9974	0	10231
17752	50	33	20	10204	0	10307
17753	12	19	10105	168	0	10304
17754	20	24	10011	51	0	10106
17755	9759	20	183	70	0	10032
17756	163	22	10301	20	0	10506
17757	10127	9	164	39	0	10339
17758	9988	11	51	42	0	10092
17759	10046	10	26	45	0	10127
17760	9980	15	24	45	0	10064
17761	203	18	9718	16	0	9955
17762	67	9801	145	32	0	10045
17763	70	145	47	9692	0	9954
17764	34	44	9856	153	0	10087
17765	51	27	155	9633	0	9866
17766	41	9190	71	160	0	9462
17767	51	151	19	10095	0	10316
17768	55	50	24	10140	0	10269
17769	53	23	25	9986	0	10087
17770	9976	26	27	217	0	10246
17771	196	27	18	9977	0	10218
17772	84	23	20	9991	0	10118
17773	54	25	27	9910	0	10016
17774	33	9612	33	183	0	9861
17775	9557	148	19	104	0	9828
17776	164	9189	25	45	0	9423
17777	45	9226	36	50	0	9357
17778	65	161	31	9205	0	9462
17779	65	46	27	9269	0	9407
17780	9212	22	32	208	0	9474
17781	170	23	25	9240	0	9458
17782	9339	21	26	190	0	9576
17783	10864	27	22	102	0	11015
17784	311	15	34	10769	0	11129
17785	155	26	25	10790	0	10996
17786	68	10940	25	320	0	11353
17787	11153	240	24	172	0	11589
17788	266	11558	32	79	0	11935
17789	11505	286	26	77	0	11894
17790	306	133	11298	53	0	11790
17791	11279	63	254	79	0	11675
17792	11848	39	104	89	0	12080
17793	394	37	56	11486	0	11973
17794	165	54	11478	309	0	12006
17795	94	11527	291	158	0	12070
17796	104	280	107	11752	0	12243
17797	69	134	11753	338	0	12294
17798	100	68	290	11610	0	12068
17799	11440	37	127	379	0	11983
17800	327	51	11438	153	0	11969
17801	163	11223	276	114	0	11776
17802	85	11637	142	91	0	11955
17803	152	387	78	10287	0	10904
17804	82	11468	44	255	0	11849
17805	11293	340	45	136	0	11814
17806	11367	137	47	116	0	11667
17807	11454	92	33	106	0	11685
17808	448	49	10888	57	0	11442
17809	11077	66	286	90	0	11519
17810	374	53	122	10898	0	11447
17811	203	45	87	11027	0	11362
17812	129	53	38	11107	0	11327
17813	118	53	53	11154	0	11378
17814	81	50	10785	460	0	11376
17815	89	58	10792	220	0	11159
17816	69	64	10730	137	0	11000
17817	10200	39	402	140	0	10781
17818	320	10384	181	88	0	10973
17819	185	302	99	10287	0	10873
17820	10256	147	55	346	0	10804
17821	320	10336	59	186	0	10901
17822	159	10615	71	128	0	10973
17823	10363	381	54	97	0	10895
17824	10458	164	54	132	0	10808
17825	413	10358	69	83	0	10923
17826	244	316	46	9624	0	10230
17827	121	10055	36	324	0	10536
17828	9911	335	50	191	0	10487
17829	9912	156	58	120	0	10246
17830	9918	114	40	117	0	10189
17831	464	9575	48	88	0	10175
17832	256	313	58	9650	0	10277
17833	144	166	9631	332	0	10273
17834	158	103	272	9602	0	10135
17835	135	91	116	9863	0	10205
17836	99	96	9510	434	0	10139
17837	9477	63	292	225	0	10057
17838	368	56	135	9607	0	10166
17839	209	90	96	9576	0	9971
17840	139	9432	67	427	0	10065
17841	9415	309	58	235	0	10017
17842	360	184	59	9287	0	9890
17843	175	9324	45	357	0	9901
17844	8848	293	57	196	0	9394
17845	308	8778	58	115	0	9259
17846	8280	309	54	107	0	8750
17847	327	136	8154	99	0	8716
17848	161	97	7283	63	0	7604
17849	122	51	7124	60	0	7357
17850	68	7019	330	62	0	7479
17851	105	231	234	6217	0	6787
17852	66	6668	71	210	0	7015
17853	6662	238	46	138	0	7084
17854	236	146	6628	71	0	7081
17855	6575	76	199	75	0	6925
17856	6678	60	117	64	0	6919
17857	320	62	86	6442	0	6910
17858	6597	55	52	217	0	6921
17859	281	47	52	6568	0	6948
17860	142	52	6490	254	0	6938
17861	6440	56	200	135	0	6831
17862	231	6442	128	86	0	6887
17863	153	208	81	6491	0	6933
17864	6496	129	43	214	0	6882
17865	239	78	56	6481	0	6854
17866	147	62	6236	253	0	6698
17867	144	48	185	6191	0	6568
17868	66	6220	122	265	0	6673
17869	6274	205	68	135	0	6682
17870	252	115	40	6201	0	6608
17871	6253	76	36	245	0	6610
17872	279	51	39	6248	0	6617
17873	153	41	33	6202	0	6429
17874	100	6105	53	287	0	6545
17875	6121	195	35	180	0	6531
17876	210	6382	44	108	0	6744
17877	152	225	43	5934	0	6354
17878	90	6042	34	206	0	6372
17879	6007	218	20	137	0	6382
17880	5972	127	33	104	0	6236
17881	5994	72	19	105	0	6190
17882	314	5641	23	65	0	6043
17883	68	4093	12	34	0	4207
17884	3961	98	21	40	0	4120
17885	101	4105	10	21	0	4237
17886	83	146	27	3676	0	3932
17887	57	33	3555	59	0	3704
17888	3218	27	41	36	0	3322
17889	3262	11	17	29	0	3319
17890	3281	11	16	18	0	3326
17891	62	3270	10	16	0	3358
17892	3141	43	4	18	0	3206
17893	46	19	3295	9	0	3369
17894	24	3232	30	7	0	3293
17895	32	78	20	2900	0	3030
17896	10	2922	15	13	0	2960
17897	2824	17	1	15	0	2857
17898	17	2851	3	9	0	2880
17899	9	18	2	2837	0	2866
17900	11	2873	3	12	0	2899
17901	11	16	6	2929	0	2962
17902	9	7	7	2878	0	2901
17903	5	7	2882	17	0	2911
17904	10	9	10	2828	0	2857
17905	2806	3	5	31	0	2845
17906	2780	6	6	11	0	2803
17907	23	0	2	2830	0	2855
17908	11	3	2823	17	0	2854
17909	16	4	11	2789	0	2820
17910	2804	3	4	27	0	2838
17911	2961	3	7	27	0	2998
17912	2997	4	2	16	0	3019
17913	21	3197	4	8	0	3230
17914	3222	17	4	13	0	3256
17915	21	7	3175	3	0	3206
17916	3436	12	20	25	0	3493
17917	31	6	9	3602	0	3648
17918	15	5	11	3635	0	3666
17919	17	7	3	3647	0	3674
17920	3579	6	4	41	0	3630
17921	3531	6	4	28	0	3569
17922	34	8	0	3557	0	3599
17923	22	6	3727	18	0	3773
17924	20	3	16	3753	0	3792
17925	20	4	8	3702	0	3734
17926	7	4	3734	29	0	3774
17927	8	3766	20	23	0	3817
17928	18	20	8	3849	0	3895
17929	3896	8	8	35	0	3947
17930	31	9	4	3908	0	3952
17931	14	12	3	3938	0	3967
17932	3982	6	1	42	0	4031
17933	32	3996	8	22	0	4058
17934	16	4066	4	12	0	4098
17935	4044	23	6	23	0	4096
17936	25	19	4036	11	0	4091
17937	3935	17	18	23	0	3993
17938	31	5	4395	7	0	4438
17939	13	4467	24	8	0	4512
17940	4486	18	7	23	0	4534
17941	4526	8	6	22	0	4562
17942	4543	8	2	25	0	4578
17943	4577	11	0	22	0	4610
17944	39	10	4594	8	0	4651
17945	28	9	17	4513	0	4567
17946	4622	11	6	27	0	4666
17947	25	7	4857	13	0	4902
17948	17	8	4768	9	0	4802
17949	14	4818	18	8	0	4858
17950	4794	12	18	11	0	4835
17951	22	10	6	4779	0	4817
17952	4850	6	3	31	0	4890
17953	19	5003	1	10	0	5033
17954	21	12	3	5335	0	5371
17955	13	12	0	5338	0	5363
17956	13	3	4	5483	0	5503
17957	2	6	5621	38	0	5667
17958	4	5745	25	20	0	5794
17959	6218	28	11	20	0	6277
17960	59	24	5	6236	0	6324
17961	6236	5	4	62	0	6307
17962	6160	2	5	35	0	6202
17963	74	3	2	6179	0	6258
17964	34	3	6412	48	0	6497
17965	28	2	45	6389	0	6464
17966	8	6513	32	48	0	6601
17967	17	44	5	6616	0	6682
17968	9	24	6603	50	0	6686
17969	6512	5	46	49	0	6612
17970	58	5	23	6698	0	6784
17971	6679	5	6	65	0	6755
17972	52	4	6636	35	0	6727
17973	6411	2	45	34	0	6492
17974	58	10	6697	9	0	6774
17975	6434	5	49	20	0	6508
17976	56	6496	27	9	0	6588
17977	26	6664	13	9	0	6712
17978	21	67	9	6710	0	6807
17979	44	32	16	6256	0	6348
17980	20	13	2	6716	0	6751
17981	6751	5	5	103	0	6864
17982	71	1	7	6847	0	6926
17983	33	3	6894	61	0	6991
17984	6587	4	47	64	0	6702
17985	54	6986	28	15	0	7083
17986	7056	47	12	34	0	7149
17987	6932	26	8	40	0	7006
17988	81	10	7045	12	0	7148
17989	60	7	53	6971	0	7091
17990	35	9	26	7338	0	7408
17991	19	15	7483	74	0	7591
17992	15	7460	60	36	0	7571
17993	7332	53	35	42	0	7462
17994	7403	30	9	44	0	7486
17995	97	18	10	7556	0	7681
17996	52	7	7	7505	0	7571
17997	22	7	15	7807	0	7851
17998	7688	7	17	128	0	7840
17999	75	7870	13	53	0	8011
18000	7911	70	8	44	0	8033
18001	7895	34	11	44	0	7984
18002	127	14	8234	18	0	8393
18003	69	10	82	8046	0	8207
18004	35	8392	46	88	0	8561
18005	40	92	19	8566	0	8717
18006	34	53	15	8776	0	8878
18007	26	25	8999	143	0	9193
18008	9206	17	101	94	0	9418
18009	9973	10	55	79	0	10117
18010	10385	12	22	69	0	10488
18011	232	10	15	10190	0	10447
18012	123	14	14	10120	0	10271
18013	53	9988	22	216	0	10279
18014	41	10413	28	94	0	10576
18015	10274	207	18	74	0	10573
18016	182	10182	23	39	0	10426
18017	93	187	10077	42	0	10399
18018	87	75	163	10166	0	10491
18019	10287	36	71	226	0	10620
18020	202	36	10211	103	0	10552
18021	110	28	10126	59	0	10323
18022	10239	31	232	65	0	10567
18023	10293	29	103	41	0	10466
18024	275	25	49	10103	0	10452
18025	139	29	10146	195	0	10509
18026	98	37	177	10179	0	10491
18027	75	39	10079	222	0	10415
18028	63	26	10284	120	0	10493
18029	59	10372	242	75	0	10748
18030	10436	176	114	83	0	10809
18031	10423	89	64	72	0	10648
18032	255	10376	50	46	0	10727
18033	172	199	40	10306	0	10717
18034	112	92	46	10386	0	10636
18035	89	48	54	10509	0	10700
18036	10335	26	46	323	0	10730
18037	213	10245	47	142	0	10647
18038	10066	184	46	109	0	10405
18039	10074	97	40	85	0	10296
18040	283	60	9796	48	0	10187
18041	146	9823	199	49	0	10217
18042	113	188	97	9991	0	10389
18043	73	105	10024	200	0	10402
18044	9781	54	212	154	0	10201
18045	10079	43	99	108	0	10329
18046	10104	32	59	84	0	10279
18047	9893	40	49	81	0	10063
18048	335	36	40	9625	0	10036
18049	169	42	9591	205	0	10007
18050	124	36	185	9592	0	9937
18051	9625	36	99	243	0	10003
18052	9627	27	64	153	0	9871
18053	280	9425	52	84	0	9841
18054	9237	169	38	86	0	9530
18055	259	94	9176	47	0	9576
18056	149	62	9120	48	0	9379
18057	8877	50	243	72	0	9242
18058	236	8853	121	61	0	9271
18059	139	148	76	8225	0	8588
18060	95	8392	39	163	0	8689
18061	98	166	41	8541	0	8846
18062	93	75	39	8587	0	8794
18063	91	53	36	8807	0	8987
18064	8475	40	38	256	0	8809
18065	8681	44	37	131	0	8893
18066	8589	37	34	107	0	8767
18067	267	43	8356	62	0	8728
18068	8427	44	173	60	0	8704
18069	233	33	92	8602	0	8960
18070	171	31	55	8957	0	9214
18071	107	35	8953	242	0	9337
18072	101	27	189	9697	0	10014
18073	10006	36	87	289	0	10418
18074	262	37	9982	131	0	10412
18075	159	26	231	10043	0	10459
18076	10085	24	104	282	0	10495
18077	10075	31	68	154	0	10328
18078	333	34	9985	101	0	10453
18079	166	36	10105	76	0	10383
18080	153	27	280	10189	0	10649
18081	10339	26	138	267	0	10770
18082	10446	30	86	145	0	10707
18083	342	35	58	10012	0	10447
18084	172	10268	46	241	0	10727
18085	10245	213	54	150	0	10662
18086	281	10325	64	115	0	10785
18087	184	226	52	10363	0	10825
18088	131	93	10177	271	0	10672
18089	112	49	9956	128	0	10245
18090	97	26	10129	101	0	10353
18091	112	36	322	9793	0	10263
18092	135	32	140	9989	0	10296
18093	9827	18	88	333	0	10266
18094	255	9715	79	156	0	10205
18095	9853	212	53	113	0	10231
18096	322	87	47	9416	0	9872
18097	135	9515	55	224	0	9929
18098	104	9874	54	108	0	10140
18099	119	248	48	9747	0	10162
18100	9663	107	48	255	0	10073
18101	253	9705	38	115	0	10111
18102	9248	195	46	102	0	9591
18103	237	9460	60	66	0	9823
18104	9290	208	60	82	0	9640
18105	263	77	9111	53	0	9504
18106	118	59	8975	49	0	9201
18107	83	8791	210	61	0	9145
18108	8034	233	182	56	0	8505
18109	166	7613	58	28	0	7865
18110	68	7243	33	28	0	7372
18111	134	160	19	7234	0	7547
18112	7239	63	29	134	0	7465
18113	127	7345	31	46	0	7549
18114	7109	117	22	44	0	7292
18115	131	7116	16	32	0	7295
18116	7011	117	14	33	0	7175
18117	129	6923	17	24	0	7093
18118	39	7011	16	18	0	7084
18119	58	129	15	6758	0	6960
18120	25	6932	16	94	0	7067
18121	6889	115	9	42	0	7055
18122	102	46	6838	29	0	7015
18123	49	31	100	6859	0	7039
18124	32	38	6949	96	0	7115
18125	41	28	101	6887	0	7057
18126	47	25	24	6988	0	7084
18127	32	33	6638	119	0	6822
18128	6202	28	99	70	0	6399
18129	104	6456	44	43	0	6647
18130	6545	94	37	43	0	6719
18131	114	6606	28	30	0	6778
18132	57	115	23	6598	0	6793
18133	6593	39	27	117	0	6776
18134	6659	43	22	46	0	6770
18135	6682	25	23	53	0	6783
18136	155	30	15	6578	0	6778
18137	74	36	13	6661	0	6784
18138	66	6816	17	112	0	7011
18139	6845	120	19	71	0	7055
18140	6950	37	25	51	0	7063
18141	6915	49	26	44	0	7034
18142	6853	36	17	44	0	6950
18143	148	6675	27	37	0	6887
18144	76	114	21	6754	0	6965
18145	60	47	6709	115	0	6931
18146	6589	38	109	55	0	6791
18147	6985	38	29	64	0	7116
18148	153	42	6919	30	0	7144
18149	76	36	6944	45	0	7101
18150	71	38	135	6913	0	7157
18151	51	42	57	7127	0	7277
18152	53	39	32	7209	0	7333
18153	7085	45	15	167	0	7312
18154	152	37	21	7086	0	7296
18155	54	41	6941	145	0	7181
18156	68	34	127	6993	0	7222
18157	51	26	7118	149	0	7344
18158	52	31	136	7076	0	7295
18159	53	28	48	7488	0	7617
18160	38	38	7460	174	0	7710
18161	7039	30	142	90	0	7301
18162	153	7488	50	52	0	7743
18163	7515	154	38	54	0	7761
18164	194	57	18	7746	0	8015
18165	7748	56	21	184	0	8009
18166	181	8045	20	74	0	8320
18167	73	8546	27	55	0	8701
18168	97	286	21	8829	0	9233
18169	66	109	9229	192	0	9596
18170	49	89	8965	81	0	9184
18171	54	8957	229	71	0	9311
18172	7858	190	96	73	0	8217
18173	185	53	52	7776	0	8066
18174	7727	52	33	173	0	7985
18175	189	7673	35	63	0	7960
18176	65	7903	32	56	0	8056
18177	87	223	27	7817	0	8154
18178	7765	91	29	189	0	8074
18179	7860	69	13	86	0	8028
18180	213	45	7639	59	0	7956
18181	108	41	7427	34	0	7610
18182	7386	39	181	52	0	7658
18183	177	7439	90	38	0	7744
18184	7396	157	70	37	0	7660
18185	230	70	34	7277	0	7611
18186	90	59	7213	152	0	7514
18187	7005	32	161	84	0	7282
18188	182	7063	72	58	0	7375
18189	77	7267	58	41	0	7443
18190	110	197	63	7092	0	7462
18191	7191	97	41	169	0	7498
18192	191	70	33	7205	0	7499
18193	7369	44	37	193	0	7643
18194	203	49	7126	80	0	7458
18195	7182	42	131	80	0	7435
18196	7401	32	47	61	0	7541
18197	222	49	7085	47	0	7403
18198	6920	37	143	47	0	7147
18199	210	6875	67	48	0	7200
18200	127	148	68	6766	0	7109
18201	107	6896	43	150	0	7196
18202	6993	177	45	51	0	7266
18203	208	67	40	6789	0	7104
18204	92	6779	35	150	0	7056
18205	111	169	22	6718	0	7020
18206	62	6775	21	200	0	7058
18207	71	195	19	6816	0	7101
18208	6794	83	20	209	0	7106
18209	197	69	14	6814	0	7094
18210	84	55	6735	201	0	7075
18211	6660	46	150	99	0	6955
18212	213	40	47	6737	0	7037
18213	80	44	6612	194	0	6930
18214	97	30	6474	97	0	6698
18215	77	40	6689	78	0	6884
18216	79	30	233	6530	0	6872
18217	88	22	111	6828	0	7049
18218	74	26	86	6820	0	7006
18219	60	28	71	6897	0	7056
18220	6714	44	53	267	0	7078
18221	6891	28	52	147	0	7118
18222	6945	34	31	123	0	7133
18223	7015	46	30	100	0	7191
18224	267	27	32	6837	0	7163
18225	144	41	6939	217	0	7341
18226	6968	24	148	120	0	7260
18227	7244	34	67	101	0	7446
18228	249	33	66	7103	0	7451
18229	145	23	57	7265	0	7490
18230	7228	25	58	239	0	7550
18231	229	25	48	6971	0	7273
18232	119	6939	44	222	0	7324
18233	7117	142	38	150	0	7447
18234	6945	58	54	129	0	7186
18235	252	52	7028	86	0	7418
18236	154	49	169	7051	0	7423
18237	120	38	76	7231	0	7465
18238	7069	36	72	264	0	7441
18239	7173	33	43	141	0	7390
18240	278	23	30	7091	0	7422
18241	161	28	6971	218	0	7378
18242	142	17	7052	128	0	7339
18243	115	25	213	7073	0	7426
18244	132	33	97	7173	0	7435
18245	7027	19	66	260	0	7372
18246	215	6858	65	145	0	7283
18247	136	6736	55	107	0	7034
18248	104	6923	53	79	0	7159
18249	97	217	51	6766	0	7131
18250	6723	92	50	209	0	7074
18251	6762	65	31	108	0	6966
18252	235	6659	23	103	0	7020
18253	6740	171	17	87	0	7015
18254	240	78	20	6693	0	7031
18255	124	71	6675	187	0	7057
18256	130	48	139	6539	0	6856
18257	106	40	61	6597	0	6804
18258	111	28	57	6543	0	6739
18259	6186	18	36	246	0	6486
18260	178	22	37	5978	0	6215
18261	89	5922	34	209	0	6254
18262	5767	115	74	123	0	6079
18263	153	5698	39	108	0	5998
18264	72	5414	30	67	0	5583
18265	67	5509	24	72	0	5672
18266	61	99	4979	40	0	5179
18267	38	4726	84	42	0	4890
18268	44	54	4019	23	0	4140
18269	3589	38	43	17	0	3687
18270	3661	4	7	26	0	3698
18271	39	12	3777	12	0	3840
18272	3799	8	27	22	0	3856
18273	3981	8	7	27	0	4023
18274	40	5	3969	11	0	4025
18275	23	4118	25	13	0	4179
18276	15	20	12	4174	0	4221
18277	4218	15	4	41	0	4278
18278	36	1	6	4209	0	4252
18279	4457	7	7	50	0	4521
18280	4439	3	6	35	0	4483
18281	37	2	4420	16	0	4475
18282	4390	3	25	28	0	4446
18283	25	4558	8	19	0	4610
18284	4631	28	1	19	0	4679
18285	30	18	1	4662	0	4711
18286	19	14	4677	29	0	4739
18287	19	6	23	4635	0	4683
18288	4670	6	15	37	0	4728
18289	34	4663	6	15	0	4718
18290	23	27	4675	12	0	4737
18291	19	13	31	4512	0	4575
18292	18	9	4666	36	0	4729
18293	13	4714	32	22	0	4781
18294	4704	31	10	25	0	4770
18295	32	11	7	4725	0	4775
18296	19	8	4739	33	0	4799
18297	15	8	4558	18	0	4599
18298	4904	10	36	24	0	4974
18299	39	8	12	4978	0	5037
18300	22	17	1	5010	0	5050
18301	18	7	5068	39	0	5132
18302	22	10	5009	14	0	5055
18303	12	5263	37	17	0	5329
18304	19	32	18	5304	0	5373
18305	18	14	11	5309	0	5352
18306	14	5329	9	40	0	5392
18307	16	29	5307	17	0	5369
18308	5197	18	31	16	0	5262
18309	43	5	14	5412	0	5474
18310	19	11	5538	38	0	5606
18311	26	11	34	5351	0	5422
18312	11	5514	17	42	0	5584
18313	19	33	5540	22	0	5614
18314	5366	20	32	35	0	5453
18315	41	11	5697	16	0	5765
18316	29	18	5545	8	0	5600
18317	16	10	5486	9	0	5521
18318	21	13	5902	12	0	5948
18319	32	11	66	5989	0	6098
18320	11	8	6384	65	0	6468
18321	26	6	53	6167	0	6252
18322	9	6379	25	61	0	6474
18323	6792	55	13	35	0	6895
18324	89	22	9	6874	0	6994
18325	34	9	6742	91	0	6876
18326	12	6752	77	42	0	6883
18327	39	73	29	6790	0	6931
18328	6759	27	23	105	0	6914
18329	70	6805	25	40	0	6940
18330	37	77	13	6959	0	7086
18331	6996	33	11	114	0	7154
18332	87	22	6974	36	0	7119
18333	6885	25	73	42	0	7025
18334	83	11	7082	20	0	7196
18335	6700	7	77	24	0	6808
18336	6789	2	39	28	0	6858
18337	101	8	6765	8	0	6882
18338	39	6629	82	8	0	6758
18339	49	74	33	6459	0	6615
18340	28	24	6830	67	0	6949
18341	24	19	80	6612	0	6735
18342	21	22	27	6663	0	6733
18343	10	8	6782	97	0	6897
18344	20	8	6741	42	0	6811
18345	21	4	96	6799	0	6920
18346	6896	5	39	102	0	7042
18347	69	6823	34	37	0	6963
18348	30	6951	26	24	0	7031
18349	6975	82	15	49	0	7121
18350	7114	26	10	34	0	7184
18351	115	31	5	7110	0	7261
18352	53	21	13	7167	0	7254
18353	46	10	12	7260	0	7328
18354	7141	7	17	114	0	7279
18355	82	6938	15	50	0	7085
18356	32	7099	15	39	0	7185
18357	36	89	18	7138	0	7281
18358	36	39	8	7219	0	7302
18359	29	27	13	7226	0	7295
18360	7140	22	14	131	0	7307
18361	79	7319	13	57	0	7468
18362	7383	85	11	61	0	7540
18363	101	32	7404	31	0	7568
18364	45	7457	94	28	0	7624
18365	44	103	36	7472	0	7655
18366	7415	32	34	123	0	7604
18367	112	30	7488	45	0	7675
18368	46	32	7499	34	0	7611
18369	52	16	126	7479	0	7673
18370	38	22	54	7574	0	7688
18371	36	15	32	7494	0	7577
18372	40	19	28	7207	0	7294
18373	31	16	26	7269	0	7342
18374	23	7087	13	187	0	7310
18375	28	102	22	7105	0	7257
18376	6978	38	29	160	0	7205
18377	98	7098	21	83	0	7300
18378	6997	119	23	78	0	7217
18379	131	48	6809	53	0	7041
18380	56	27	6894	46	0	7023
18381	59	30	144	7172	0	7405
18382	37	27	8430	126	0	8620
18383	43	14	201	8351	0	8609
18384	60	30	86	8271	0	8447
18385	8487	21	52	280	0	8840
18386	8503	23	38	135	0	8699
18387	244	8767	31	84	0	9126
18388	104	9174	28	70	0	9376
18389	90	269	21	9137	0	9517
18390	9234	107	31	254	0	9626
18391	237	68	9297	101	0	9703
18392	118	50	224	9297	0	9689
18393	80	35	94	9423	0	9632
18394	52	30	9283	316	0	9681
18395	48	9260	250	156	0	9714
18396	69	231	104	9149	0	9553
18397	34	95	9332	299	0	9760
18398	54	54	256	9212	0	9576
18399	8884	51	112	295	0	9342
18400	220	8922	65	148	0	9355
18401	94	9188	61	102	0	9445
18402	81	293	44	9015	0	9433
18403	8763	111	29	285	0	9188
18404	234	8858	44	119	0	9255
18405	8881	258	30	89	0	9258
18406	267	109	8839	90	0	9305
18407	125	67	9173	73	0	9438
18408	98	58	305	8809	0	9270
18409	89	45	123	9328	0	9585
18410	9024	36	86	352	0	9498
18411	293	42	63	9107	0	9505
18412	122	49	9001	323	0	9495
18413	123	50	239	8976	0	9388
18414	107	56	92	9195	0	9450
18415	53	54	8728	362	0	9197
18416	8407	38	272	187	0	8904
18417	268	48	117	8750	0	9183
18418	8391	33	79	315	0	8818
18419	250	7998	66	161	0	8475
18420	7851	218	63	118	0	8250
18421	258	7798	52	107	0	8215
18422	114	7912	50	108	0	8184
18423	127	267	68	7350	0	7812
18424	7295	102	48	243	0	7688
18425	7401	71	36	121	0	7629
18426	259	61	38	7256	0	7614
18427	7281	46	38	253	0	7618
18428	7353	45	26	136	0	7560
18429	297	92	29	7212	0	7630
18430	7050	41	29	253	0	7373
18431	254	7121	40	123	0	7538
18432	7126	210	49	87	0	7472
18433	245	97	7012	81	0	7435
18434	7287	55	183	105	0	7630
18435	260	38	85	7356	0	7739
18436	141	36	57	7506	0	7740
18437	102	30	41	7550	0	7723
18438	91	30	51	7498	0	7670
18439	60	41	47	7455	0	7603
18440	61	6867	50	332	0	7310
18441	58	7283	53	164	0	7558
18442	7219	234	33	140	0	7626
18443	237	101	7107	101	0	7546
18444	7066	68	188	87	0	7409
18445	269	86	7156	68	0	7579
18446	144	51	215	7045	0	7455
18447	110	63	84	7300	0	7557
18448	7025	63	58	304	0	7450
18449	265	47	6989	148	0	7449
18450	140	46	194	7077	0	7457
18451	134	38	7334	248	0	7754
18452	101	7515	218	143	0	7977
18453	94	197	93	7684	0	8068
18454	7680	88	53	275	0	8096
18455	7618	60	52	171	0	7901
18456	7818	53	46	124	0	8041
18457	317	7568	49	100	0	8034
18458	164	7892	48	92	0	8196
18459	7387	243	56	124	0	7810
18460	246	7785	50	98	0	8179
18461	120	7822	45	104	0	8091
18462	93	250	7590	114	0	8047
18463	77	7464	178	115	0	7834
18464	55	7632	88	89	0	7864
18465	68	264	48	7572	0	7952
18466	64	129	7618	222	0	8033
18467	74	87	7450	115	0	7726
18468	7282	60	232	96	0	7670
18469	243	43	7532	62	0	7880
18470	7620	41	221	92	0	7974
18471	247	42	111	7618	0	8018
18472	139	7691	66	222	0	8118
18473	7951	192	45	141	0	8329
18474	8328	90	45	102	0	8565
18475	292	63	47	8295	0	8697
18476	151	52	54	8356	0	8613
18477	124	38	54	8460	0	8676
18478	8273	35	50	311	0	8669
18479	7868	45	40	178	0	8131
18480	8312	34	25	122	0	8493
18481	300	7749	17	100	0	8166
18482	6542	104	22	52	0	6720
18483	147	6394	13	36	0	6590
18484	71	6459	27	24	0	6581
18485	73	212	55	6112	0	6452
18486	46	6199	19	94	0	6358
18487	5899	68	28	52	0	6047
18488	87	47	6	5827	0	5967
18489	5658	18	7	84	0	5767
18490	70	5496	15	32	0	5613
18491	33	5705	8	29	0	5775
18492	5795	56	12	44	0	5907
18493	68	5965	17	18	0	6068
18494	48	56	20	6012	0	6136
18495	49	23	17	6067	0	6156
18496	6081	19	10	81	0	6191
18497	79	17	6	6121	0	6223
18498	29	20	6309	76	0	6434
18499	40	14	67	6343	0	6464
18500	6513	16	22	96	0	6647
18501	82	6680	14	36	0	6812
18502	7033	83	14	45	0	7175
18503	6932	37	8	45	0	7022
18504	7159	12	2	43	0	7216
18505	132	19	7080	10	0	7241
18506	60	14	6873	12	0	6959
18507	6749	9	99	23	0	6880
18508	92	6883	46	9	0	7030
18509	41	91	14	6962	0	7108
18510	36	35	12	6981	0	7064
18511	14	6794	10	106	0	6924
18512	15	6970	10	51	0	7046
18513	23	109	7	6988	0	7127
18514	35	46	9	7030	0	7120
18515	12	25	6912	115	0	7064
18516	23	33	6637	51	0	6744
18517	6782	14	110	44	0	6950
18518	7120	11	43	36	0	7210
18519	126	15	26	7070	0	7237
18520	49	19	7086	98	0	7252
18521	47	11	93	7010	0	7161
18522	6991	15	36	137	0	7179
18523	109	17	7030	55	0	7211
18524	59	10	98	7156	0	7323
18525	37	22	7220	102	0	7381
18526	37	7137	101	50	0	7325
18527	30	100	7193	33	0	7356
18528	48	55	109	7087	0	7299
18529	7211	20	60	112	0	7403
18530	109	16	33	7331	0	7489
18531	7299	21	22	128	0	7470
18532	7419	17	16	67	0	7519
18533	7265	15	16	54	0	7350
18534	142	22	7131	20	0	7315
18535	7256	8	91	40	0	7395
18536	122	13	43	7300	0	7478
18537	75	9	32	7348	0	7464
18538	43	18	7277	123	0	7461
18539	39	18	94	7299	0	7450
18540	7362	14	45	133	0	7554
18541	97	7403	31	56	0	7587
18542	7601	90	20	63	0	7774
18543	7702	33	16	63	0	7814
18544	7763	19	20	58	0	7860
18545	153	16	21	7687	0	7877
18546	62	15	7812	111	0	8000
18547	48	10	103	7948	0	8109
18548	56	9	47	8031	0	8143
18549	7989	17	27	160	0	8193
18550	7805	9	26	88	0	7928
18551	145	10	7647	42	0	7844
18552	87	8	97	7598	0	7790
18553	42	6	7751	131	0	7930
18554	7817	6	125	80	0	8028
18555	129	8573	56	51	0	8809
18556	8618	127	36	50	0	8831
18557	157	8931	27	28	0	9143
18558	8845	147	17	57	0	9066
18559	181	8918	20	31	0	9150
18560	112	164	23	8896	0	9195
18561	76	58	21	9126	0	9281
18562	9062	27	8	240	0	9337
18563	9084	22	18	104	0	9228
18564	9118	17	22	54	0	9211
18565	8827	19	22	57	0	8925
18566	8995	12	14	50	0	9071
18567	253	25	14	8720	0	9012
18568	114	8707	36	154	0	9011
18569	82	157	10	8624	0	8873
18570	71	8619	6	169	0	8865
18571	70	163	14	8482	0	8729
18572	47	8565	20	170	0	8802
18573	61	161	13	8471	0	8706
18574	51	68	8159	177	0	8455
18575	7809	36	139	114	0	8098
18576	171	8112	69	60	0	8412
18577	8123	143	30	64	0	8360
18578	188	73	8013	40	0	8314
18579	7924	30	151	58	0	8163
18580	208	40	8386	28	0	8662
18581	108	33	157	8335	0	8633
18582	60	8902	71	165	0	9198
18583	47	166	8977	77	0	9267
18584	67	81	180	8979	0	9307
18585	8700	46	91	204	0	9041
18586	199	26	50	9073	0	9348
18587	136	34	21	9169	0	9360
18588	93	22	32	9298	0	9445
18589	54	34	9033	271	0	9392
18590	74	27	167	8908	0	9176
18591	38	8887	86	229	0	9240
18592	60	164	39	8926	0	9189
18593	53	76	35	8900	0	9064
18594	8736	42	22	259	0	9059
18595	205	34	18	8898	0	9155
18596	95	32	8957	212	0	9296
18597	62	20	8899	108	0	9089
18598	37	18	8810	70	0	8935
18599	39	8736	238	57	0	9070
18600	8461	181	140	76	0	8858
18601	164	8416	56	39	0	8675
18602	8216	167	53	49	0	8485
18603	207	77	26	8145	0	8455
18604	90	41	8266	174	0	8571
18605	58	35	8118	93	0	8304
18606	40	8421	201	60	0	8722
18607	66	171	83	8405	0	8725
18608	44	64	55	8556	0	8719
18609	51	43	44	8618	0	8756
18610	28	41	8394	265	0	8728
18611	7960	37	173	155	0	8325
18612	192	30	8398	75	0	8695
18613	104	22	203	8310	0	8639
18614	75	30	84	8573	0	8762
18615	45	31	8419	263	0	8758
18616	8079	29	203	144	0	8455
18617	194	8391	101	93	0	8779
18618	8436	179	49	88	0	8752
18619	222	77	41	8270	0	8610
18620	96	8359	53	191	0	8699
18621	82	189	32	8478	0	8781
18622	8405	81	46	259	0	8791
18623	209	46	36	8417	0	8708
18624	106	33	8195	245	0	8579
18625	8083	46	191	140	0	8460
18626	8281	29	78	105	0	8493
18627	251	39	8136	78	0	8504
18628	145	20	194	8113	0	8472
18629	8242	37	99	243	0	8621
18630	240	36	55	8129	0	8460
18631	120	32	49	8119	0	8320
18632	104	38	35	8112	0	8289
18633	77	29	34	8135	0	8275
18634	62	24	7835	304	0	8225
18635	75	23	196	7840	0	8134
18636	52	35	7813	259	0	8159
18637	7668	20	208	149	0	8045
18638	7888	21	104	119	0	8132
18639	7882	29	74	94	0	8079
18640	7884	24	58	96	0	8062
18641	317	24	41	7570	0	7952
18642	7457	24	47	242	0	7770
18643	228	20	7348	150	0	7746
18644	118	23	7357	97	0	7595
18645	6971	19	220	109	0	7319
18646	192	6951	128	84	0	7355
18647	103	6993	67	91	0	7254
18648	94	202	69	6849	0	7214
18649	72	88	6847	188	0	7195
18650	6580	48	188	146	0	6962
18651	216	31	6778	84	0	7109
18652	110	6404	181	83	0	6778
18653	73	143	6394	82	0	6692
18654	61	5948	162	73	0	6244
18655	5187	146	162	59	0	5554
18656	131	5162	60	59	0	5412
18657	75	4878	32	49	0	5034
18658	71	142	41	4855	0	5109
18659	39	59	4767	126	0	4991
18660	51	34	110	4648	0	4843
18661	48	24	61	4734	0	4867
18662	40	27	4613	163	0	4843
18663	38	19	129	4504	0	4690
18664	46	4475	66	133	0	4720
18665	45	107	56	4619	0	4827
18666	4602	61	40	135	0	4838
18667	136	33	35	4648	0	4852
18668	70	34	4608	134	0	4846
18669	58	30	108	4660	0	4856
18670	42	28	4599	145	0	4814
18671	4542	24	128	86	0	4780
18672	124	26	74	4635	0	4859
18673	4634	28	43	164	0	4869
18674	129	14	4632	79	0	4854
18675	4440	23	112	79	0	4654
18676	123	4686	67	56	0	4932
18677	73	101	4686	47	0	4907
18678	71	85	120	4569	0	4845
18679	48	28	4717	128	0	4921
18680	33	4339	119	86	0	4577
18681	36	4513	56	66	0	4671
18682	3895	97	31	57	0	4080
18683	92	4135	27	36	0	4290
18684	4152	86	29	48	0	4315
18685	113	36	17	4203	0	4369
18686	46	18	4178	102	0	4344
18687	32	4174	91	47	0	4344
18688	32	98	43	4175	0	4348
18689	27	35	31	4337	0	4430
18690	35	24	18	4419	0	4496
18691	41	25	23	4349	0	4438
18692	30	4173	22	125	0	4350
18693	26	4346	23	51	0	4446
18694	4101	95	20	44	0	4260
18695	89	4056	30	37	0	4212
18696	44	94	23	3844	0	4005
18697	22	36	3843	92	0	3993
18698	19	3788	83	42	0	3932
18699	28	81	23	3723	0	3855
18700	26	30	15	3734	0	3805
18701	9	3727	10	102	0	3848
18702	3595	87	10	52	0	3744
18703	76	33	3600	25	0	3734
18704	3379	28	66	21	0	3494
18705	67	3472	28	25	0	3592
18706	3113	54	15	17	0	3199
18707	60	3218	8	7	0	3293
18708	22	66	8	3369	0	3465
18709	21	17	4	3429	0	3471
18710	3361	16	4	79	0	3460
18711	64	13	4	3388	0	3469
18712	21	14	3356	59	0	3450
18713	17	3240	60	21	0	3338
18714	12	3319	17	20	0	3368
18715	22	62	13	3226	0	3323
18716	13	31	3251	49	0	3344
18717	18	24	50	3198	0	3290
18718	15	9	14	3258	0	3296
18719	14	11	3193	66	0	3284
18720	13	9	3139	33	0	3194
18721	6	3194	59	27	0	3286
18722	3167	59	26	24	0	3276
18723	60	26	10	3127	0	3223
18724	15	3075	4	62	0	3156
18725	3126	49	15	35	0	3225
18726	52	24	16	3117	0	3209
18727	20	19	9	3132	0	3180
18728	10	3068	12	77	0	3167
18729	8	54	19	3056	0	3137
18730	3057	26	11	71	0	3165
18731	61	22	7	3076	0	3166
18732	27	12	12	3128	0	3179
18733	17	12	3059	78	0	3166
18734	16	24	2936	27	0	3003
18735	3013	11	57	28	0	3109
18736	58	13	21	3026	0	3118
18737	25	16	8	3063	0	3112
18738	18	20	3	3095	0	3136
18739	14	12	3024	90	0	3140
18740	2996	11	49	46	0	3102
18741	65	10	18	3013	0	3106
18742	27	10	14	3064	0	3115
18743	2992	13	20	77	0	3102
18744	55	2961	17	49	0	3082
18745	28	48	2975	29	0	3080
18746	21	22	53	2864	0	2960
18747	14	2927	21	80	0	3042
18748	15	50	18	3008	0	3091
18749	2970	20	17	73	0	3080
18750	66	15	13	2974	0	3068
18751	2916	13	14	87	0	3030
18752	2908	13	9	46	0	2976
18753	70	21	8	2826	0	2925
18754	28	2781	11	71	0	2891
18755	16	2886	13	46	0	2961
18756	15	64	2869	39	0	2987
18757	20	33	60	2760	0	2873
18758	18	13	26	2888	0	2945
18759	28	12	16	2902	0	2958
18760	2841	19	11	94	0	2965
18761	72	17	8	2868	0	2965
18762	33	15	2839	79	0	2966
18763	2844	14	55	53	0	2966
18764	77	14	19	2967	0	3077
18765	32	19	12	3018	0	3081
18766	20	11	2967	89	0	3087
18767	2894	13	53	56	0	3016
18768	60	16	18	2973	0	3067
18769	30	18	3038	70	0	3156
18770	27	8	50	3031	0	3116
18771	18	12	24	2859	0	2913
18772	22	3021	21	67	0	3131
18773	3011	50	10	48	0	3119
18774	2986	13	11	54	0	3064
18775	63	2971	17	40	0	3091
18776	2880	52	18	30	0	2980
18777	2865	17	12	37	0	2931
18778	69	13	14	2814	0	2910
18779	27	10	2697	74	0	2808
18780	24	8	2623	34	0	2689
18781	12	10	2573	28	0	2623
18782	16	10	2633	24	0	2683
18783	18	52	72	2272	0	2414
18784	14	6	33	2351	0	2404
18785	8	11	8	2340	0	2367
18786	21	6	7	2388	0	2422
18787	2370	3	7	61	0	2441
18788	49	2413	11	28	0	2501
18789	2401	38	8	26	0	2473
18790	61	11	2418	14	0	2504
18791	20	7	2536	17	0	2580
18792	22	14	56	2543	0	2635
18793	2598	7	39	54	0	2698
18794	2544	4	18	34	0	2600
18795	55	2543	8	20	0	2626
18796	21	2577	8	13	0	2619
18797	14	50	6	2610	0	2680
18798	2579	17	9	53	0	2658
18799	45	2596	4	24	0	2669
18800	2645	41	4	21	0	2711
18801	2681	19	7	16	0	2723
18802	2676	8	9	13	0	2706
18803	64	5	2682	10	0	2761
18804	25	2695	43	13	0	2776
18805	2689	36	27	14	0	2766
18806	2665	11	15	23	0	2714
18807	57	2576	10	11	0	2654
18808	21	2443	4	7	0	2475
18809	2448	41	3	18	0	2510
18810	42	17	4	2455	0	2518
18811	20	14	2454	34	0	2522
18812	2425	5	32	16	0	2478
18813	41	8	10	2515	0	2574
18814	20	2595	4	37	0	2656
18815	24	33	3	2639	0	2699
18816	14	18	2646	36	0	2714
18817	21	10	37	2621	0	2689
18818	2757	7	11	46	0	2821
18819	53	8	5	2787	0	2853
18820	22	7	5	2826	0	2860
18821	17	12	2982	52	0	3063
18822	12	11	39	2911	0	2973
18823	15	2983	12	43	0	3053
18824	3004	38	6	21	0	3069
18825	2951	15	8	17	0	2991
18826	57	8	2985	10	0	3060
18827	29	6	37	2903	0	2975
18828	14	2929	16	46	0	3005
18829	8	3020	11	20	0	3059
18830	2977	44	9	18	0	3048
18831	47	16	4	3038	0	3105
18832	21	13	3007	43	0	3084
18833	17	6	2994	23	0	3040
18834	15	6	42	3057	0	3120
18835	3044	10	20	50	0	3124
18836	3050	6	7	34	0	3097
18837	54	8	5	3203	0	3270
18838	23	5	3261	47	0	3336
18839	17	3267	43	18	0	3345
18840	3273	39	18	26	0	3356
18841	42	3314	11	14	0	3381
18842	3337	43	9	9	0	3398
18843	47	18	8	3345	0	3418
18844	22	10	3336	39	0	3407
18845	21	9	38	3287	0	3355
18846	3330	8	16	56	0	3410
18847	43	7	3343	17	0	3410
18848	20	3322	43	16	0	3401
18849	20	35	16	3367	0	3438
18850	3368	15	11	59	0	3453
18851	43	14	3396	22	0	3475
18852	27	5	40	3447	0	3519
18853	24	6	18	3521	0	3569
18854	14	9	3528	57	0	3608
18855	14	11	44	3456	0	3525
18856	15	11	3485	46	0	3557
18857	3415	9	42	37	0	3503
18858	57	6	20	3639	0	3722
18859	23	9	3930	52	0	4014
18860	13	3989	53	22	0	4077
18861	4104	44	19	38	0	4205
18862	4498	21	7	36	0	4562
18863	85	15	13	5015	0	5128
18864	35	5107	9	78	0	5229
18865	5166	75	13	42	0	5296
18866	87	24	9	5201	0	5321
18867	31	15	5205	91	0	5342
18868	5065	8	82	47	0	5202
18869	84	5119	27	27	0	5257
18870	40	72	22	5190	0	5324
18871	5162	26	15	94	0	5297
18872	93	14	5115	34	0	5256
18873	36	12	5214	21	0	5283
18874	37	14	87	5058	0	5196
18875	20	8	5323	80	0	5431
18876	30	11	87	5175	0	5303
18877	14	5169	36	92	0	5311
18878	31	78	21	5383	0	5513
18879	5352	23	16	117	0	5508
18880	84	18	5347	43	0	5492
18881	26	5400	88	30	0	5544
18882	48	75	29	5390	0	5542
18883	21	33	5553	89	0	5696
18884	29	33	83	5324	0	5469
18885	19	5402	37	85	0	5543
18886	8	5581	25	39	0	5653
18887	5400	84	16	43	0	5543
18888	61	5513	11	23	0	5608
18889	28	63	5385	13	0	5489
18890	5059	34	59	30	0	5182
18891	58	22	5352	8	0	5440
18892	42	11	63	5069	0	5185
18893	17	11	5407	57	0	5492
18894	11	5390	65	23	0	5489
18895	27	52	24	5388	0	5491
18896	23	22	15	5395	0	5455
18897	20	14	12	5295	0	5341
18898	8	19	5363	78	0	5468
18899	21	7	61	5252	0	5341
18900	13	11	19	5402	0	5445
18901	5303	13	12	94	0	5422
18902	5328	12	9	61	0	5410
18903	75	5	5362	25	0	5467
18904	27	5313	69	15	0	5424
18905	18	57	5390	13	0	5478
18906	24	18	61	5382	0	5485
18907	11	20	5553	57	0	5641
18908	27	7	64	5463	0	5561
18909	17	13	26	5608	0	5664
18910	7	14	5594	81	0	5696
18911	5159	7	63	68	0	5297
18912	60	5712	35	25	0	5832
18913	31	56	24	5694	0	5805
18914	15	27	5876	74	0	5992
18915	10	20	5646	32	0	5708
18916	5574	11	68	49	0	5702
18917	59	5753	39	18	0	5869
18918	21	59	29	5819	0	5928
18919	5927	18	15	86	0	6046
18920	70	15	14	5923	0	6022
18921	38	10	10	6031	0	6089
18922	20	13	6041	86	0	6160
18923	5806	14	64	57	0	5941
18924	6104	4	34	36	0	6178
18925	92	6	16	6122	0	6236
18926	6103	11	22	76	0	6212
18927	87	8	14	6109	0	6218
18928	33	5949	21	71	0	6074
18929	21	6170	17	41	0	6249
18930	35	64	15	6246	0	6360
18931	6135	37	16	83	0	6271
18932	71	17	13	6185	0	6286
18933	6232	15	9	97	0	6353
18934	6263	11	19	54	0	6347
18935	96	5	16	6290	0	6407
18936	45	14	13	6383	0	6455
18937	27	14	6231	95	0	6367
18938	26	15	6331	40	0	6412
18939	31	10	91	6417	0	6549
18940	18	8	6875	94	0	6995
18941	6752	12	96	64	0	6924
18942	98	11	39	7314	0	7462
18943	37	18	7750	108	0	7913
18944	7700	7	118	68	0	7893
18945	8339	8	42	51	0	8440
18946	190	8774	25	31	0	9020
18947	120	137	21	8999	0	9277
18948	55	63	9281	143	0	9542
18949	9248	36	147	99	0	9530
18950	9563	23	69	71	0	9726
18951	209	14	9585	44	0	9852
18952	9618	12	165	53	0	9848
18953	224	12	74	9532	0	9842
18954	109	19	46	9719	0	9893
18955	9623	7	35	234	0	9899
18956	9700	7	30	125	0	9862
18957	235	44	28	9552	0	9859
18958	127	6	9588	172	0	9893
18959	57	9305	156	100	0	9618
18960	64	134	9364	51	0	9613
18961	55	64	9220	36	0	9375
18962	31	8897	227	38	0	9193
18963	81	129	121	8102	0	8433
18964	47	56	50	8268	0	8421
18965	23	42	8202	153	0	8420
18966	47	18	125	8083	0	8273
18967	8197	14	64	172	0	8447
18968	138	10	8366	86	0	8600
18969	8348	7	132	74	0	8561
18970	8557	8	71	62	0	8698
18971	8641	9	40	58	0	8748
18972	208	16	8424	28	0	8676
18973	124	20	8463	17	0	8624
18974	91	10	175	8347	0	8623
18975	71	23	96	8125	0	8315
18976	34	8469	58	166	0	8727
18977	8432	114	51	119	0	8716
18978	8465	54	40	89	0	8648
18979	193	8524	28	41	0	8786
18980	8548	129	32	52	0	8761
18981	175	8455	30	55	0	8715
18982	8577	135	33	51	0	8796
18983	176	73	18	8378	0	8645
18984	100	40	8416	139	0	8695
18985	65	35	8402	63	0	8565
18986	70	21	177	8342	0	8610
18987	48	13	97	8420	0	8578
18988	34	16	8354	189	0	8593
18989	44	26	152	8203	0	8425
18990	67	16	91	8251	0	8425
18991	8313	16	54	231	0	8614
18992	8415	16	41	120	0	8592
18993	8317	20	29	90	0	8456
18994	214	18	8120	51	0	8403
18995	120	8180	137	44	0	8481
18996	88	125	73	8244	0	8530
18997	65	58	8437	127	0	8687
18998	38	8460	161	72	0	8731
18999	8555	135	72	82	0	8844
19000	161	69	44	8601	0	8875
19001	107	34	49	8710	0	8900
19002	8618	30	45	212	0	8905
19003	174	27	38	8632	0	8871
19004	105	18	28	8705	0	8856
19005	8651	23	23	246	0	8943
19006	174	24	8550	110	0	8858
19007	104	8501	140	75	0	8820
19008	8543	129	86	79	0	8837
19009	168	74	8716	50	0	9008
19010	8541	44	150	74	0	8809
19011	172	8899	98	36	0	9205
19012	8805	132	55	60	0	9052
19013	8795	67	50	80	0	8992
19014	8691	36	44	66	0	8837
19015	227	40	37	8496	0	8800
19016	132	35	37	8536	0	8740
19017	88	8474	38	211	0	8811
19018	80	8598	48	101	0	8827
19019	53	8746	32	81	0	8912
19020	8626	171	34	80	0	8911
19021	157	86	8560	44	0	8847
19022	112	56	127	8473	0	8768
19023	81	39	75	8551	0	8746
19024	64	8537	42	172	0	8815
19025	71	129	37	8624	0	8861
19026	69	68	36	8503	0	8676
19027	45	8664	39	187	0	8935
19028	8609	132	37	133	0	8911
19029	136	8763	29	73	0	9001
19030	83	148	8659	52	0	8942
19031	8511	89	122	68	0	8790
19032	155	8767	62	49	0	9033
19033	8671	126	49	74	0	8920
19034	175	69	36	8641	0	8921
19035	125	45	29	8654	0	8853
19036	65	48	8546	167	0	8826
19037	69	36	8508	84	0	8697
19038	68	60	147	8415	0	8690
19039	8367	15	84	156	0	8622
19040	7963	20	53	109	0	8145
19041	161	8115	37	46	0	8359
19042	79	7825	25	34	0	7963
19043	44	7542	17	29	0	7632
19044	132	197	72	7033	0	7434
19045	6892	29	128	120	0	7169
19046	6871	9	8	49	0	6937
19047	6768	6	2	36	0	6812
19048	95	6	6648	23	0	6772
19049	21	7922	80	18	0	8041
19050	43	90	15	8721	0	8869
19051	8856	15	9	150	0	9030
19052	167	8	8	8990	0	9173
19053	59	9	2	9417	0	9487
19054	9394	6	5	195	0	9600
19055	10069	10	8	58	0	10145
19056	217	16	10089	20	0	10342
19057	90	8	187	10080	0	10365
19058	39	12	10059	200	0	10310
19059	68	6	206	10002	0	10282
19060	23	8	9996	218	0	10245
19061	51	7	209	9952	0	10219
19062	9771	2	51	253	0	10077
19063	203	9815	40	58	0	10116
19064	48	10256	19	49	0	10372
19065	89	229	22	9526	0	9866
19066	19	10346	18	181	0	10564
19067	10282	228	22	72	0	10604
19068	10092	53	11	72	0	10228
19069	249	33	9924	34	0	10240
19070	78	9914	213	32	0	10237
19071	110	196	42	9944	0	10292
19072	31	50	10002	219	0	10302
19073	9865	42	211	78	0	10196
19074	257	28	47	9986	0	10318
19075	61	26	10097	219	0	10403
19076	86	19	213	10004	0	10322
19077	10007	24	54	272	0	10357
19078	224	34	9922	70	0	10250
19079	9864	13	225	76	0	10178
19080	10149	18	54	53	0	10274
19081	297	17	46	9932	0	10292
19082	76	31	9954	232	0	10293
19083	64	32	9854	73	0	10023
19084	9686	16	247	88	0	10037
19085	10026	17	79	78	0	10200
19086	274	22	9918	36	0	10250
19087	139	26	219	9822	0	10206
19088	93	23	65	9837	0	10018
19089	52	9921	62	245	0	10280
19090	77	210	41	9978	0	10306
19091	9927	45	40	285	0	10297
19092	280	37	40	9967	0	10324
19093	92	20	9877	268	0	10257
19094	9695	9	240	112	0	10056
19095	266	20	74	9787	0	10147
19096	103	31	9764	240	0	10138
19097	73	9531	248	93	0	9945
19098	9314	216	73	111	0	9714
19099	233	9553	58	78	0	9922
19100	9497	235	50	102	0	9884
19101	298	62	9434	62	0	9856
19102	103	9201	245	59	0	9608
19103	92	9552	81	58	0	9783
19104	92	256	68	9255	0	9671
19105	96	80	63	9451	0	9690
19106	62	73	9238	300	0	9673
19107	80	34	251	9291	0	9656
19108	9198	45	94	293	0	9630
19109	272	44	9025	125	0	9466
19110	134	46	271	8988	0	9439
19111	87	54	8873	292	0	9306
19112	8579	45	267	147	0	9038
19113	257	8875	103	111	0	9346
19114	8886	252	79	123	0	9340
19115	9158	62	68	101	0	9389
19116	9203	67	62	80	0	9412
19117	340	51	8754	79	0	9224
19118	140	8739	273	84	0	9236
19119	127	247	102	8740	0	9216
19120	108	89	86	9102	0	9385
19121	9146	73	67	351	0	9637
19122	354	58	57	9202	0	9671
19123	9216	42	73	357	0	9688
19124	9328	49	101	163	0	9641
19125	9416	48	85	113	0	9662
19126	9463	42	83	101	0	9689
19127	460	49	46	9032	0	9587
19128	9044	30	76	348	0	9498
19129	363	37	8786	146	0	9332
19130	8768	41	305	127	0	9241
19131	9116	44	97	88	0	9345
19132	424	48	8551	233	0	9256
19133	8787	25	290	88	0	9190
19134	9103	23	114	88	0	9328
19135	419	45	79	8731	0	9274
19136	197	34	93	8947	0	9271
19137	8564	197	67	383	0	9211
19138	404	26	55	8687	0	9172
19139	201	26	71	8621	0	8919
19140	176	8293	70	344	0	8883
19141	161	226	64	8296	0	8747
19142	8143	64	58	336	0	8601
19143	334	45	55	8091	0	8525
19144	165	25	60	8034	0	8284
19145	133	7437	45	333	0	7948
19146	130	215	32	7264	0	7641
19147	151	74	47	7239	0	7511
19148	6922	42	42	306	0	7312
19149	283	86	29	5274	0	5672
19150	98	17	4556	188	0	4859
19151	57	4264	129	93	0	4543
19152	45	4170	45	61	0	4321
19153	3872	134	32	53	0	4091
19154	130	3921	22	46	0	4119
19155	3247	85	56	40	0	3428
19156	97	3188	20	28	0	3333
19157	3245	79	13	29	0	3366
19158	113	36	4	3221	0	3374
19159	56	24	5	3268	0	3353
19160	29	3220	8	128	0	3385
19161	35	97	4	3309	0	3445
19162	27	38	3307	111	0	3483
19163	3177	16	83	65	0	3341
19164	100	3476	28	28	0	3632
19165	3376	83	17	25	0	3501
19166	3381	40	5	29	0	3455
19167	3424	24	5	26	0	3479
19168	132	12	3	3307	0	3454
19169	63	13	7	3325	0	3408
19170	32	3279	4	137	0	3452
19171	3259	96	2	63	0	3420
19172	108	3314	7	23	0	3452
19173	3338	98	2	28	0	3466
19174	124	39	3375	15	0	3553
19175	3532	20	93	26	0	3671
19176	133	11	34	3554	0	3732
19177	63	13	3553	116	0	3745
19178	36	14	3598	54	0	3702
19179	33	17	133	3557	0	3740
19180	31	16	3575	110	0	3732
19181	40	7	111	3543	0	3701
19182	3415	8	43	121	0	3587
19183	129	6	18	3455	0	3608
19184	57	10	3397	129	0	3593
19185	32	3327	110	57	0	3526
19186	21	3443	49	36	0	3549
19187	45	130	19	3316	0	3510
19188	3328	52	24	125	0	3529
19189	121	18	12	3355	0	3506
19190	67	11	13	3430	0	3521
19191	31	12	11	3481	0	3535
19192	36	13	14	3491	0	3554
19193	17	13	3373	168	0	3571
19194	23	18	3377	70	0	3488
19195	3340	15	133	47	0	3535
19196	3447	12	54	39	0	3552
19197	151	13	22	3389	0	3575
19198	70	10	12	3471	0	3563
19199	31	8	3350	153	0	3542
19200	26	3358	98	76	0	3558
19201	3318	102	52	46	0	3518
19202	3416	46	25	33	0	3520
19203	154	24	10	3329	0	3517
19204	60	18	3350	123	0	3551
19205	38	20	97	3310	0	3465
19206	27	3326	43	121	0	3517
19207	29	109	3328	56	0	3522
19208	3319	41	98	48	0	3506
19209	121	22	43	3384	0	3570
19210	3404	13	21	129	0	3567
19211	118	10	3301	66	0	3495
19212	3333	16	110	43	0	3502
19213	130	12	52	3309	0	3503
19214	3284	15	24	125	0	3448
19215	130	12	17	3205	0	3364
19216	62	3117	15	128	0	3322
19217	40	3241	15	57	0	3353
19218	47	141	17	3094	0	3299
19219	25	43	3009	98	0	3175
19220	30	2945	85	54	0	3114
19221	30	59	32	2680	0	2801
19222	2612	23	20	76	0	2731
19223	2621	10	13	48	0	2692
19224	83	5	8	2607	0	2703
19225	39	12	11	2605	0	2667
19226	15	2528	15	84	0	2642
19227	16	2627	9	41	0	2693
19228	2589	68	9	31	0	2697
19229	65	34	11	2562	0	2672
19230	39	10	10	2597	0	2656
19231	23	11	2567	84	0	2685
19232	11	7	54	2578	0	2650
19233	26	6	32	2572	0	2636
19234	19	11	10	2602	0	2642
19235	12	14	2561	96	0	2683
19236	13	8	62	2595	0	2678
19237	2578	7	32	75	0	2692
19238	50	9	2545	51	0	2655
19239	2668	9	57	38	0	2772
19240	67	7	37	2659	0	2770
19241	48	8	14	2768	0	2838
19242	23	7	8	2870	0	2908
19243	17	9	2772	96	0	2894
19244	2749	8	57	59	0	2873
19245	62	2919	33	29	0	3043
19246	2928	59	14	41	0	3042
19247	74	2986	11	15	0	3086
19248	40	65	16	2989	0	3110
19249	3010	30	5	83	0	3128
19250	63	10	2951	48	0	3072
19251	2886	5	60	42	0	2993
19252	67	7	3011	17	0	3102
19253	45	12	58	2956	0	3071
19254	22	6	2981	67	0	3076
19255	16	2912	69	37	0	3034
19256	35	66	35	2765	0	2901
19257	2692	27	18	72	0	2809
19258	53	9	5	2667	0	2734
19259	26	2664	13	54	0	2757
19260	18	41	8	2693	0	2760
19261	2624	24	4	60	0	2712
19262	2561	8	12	40	0	2621
19263	66	2562	9	20	0	2657
19264	22	2399	4	7	0	2432
19265	9	46	6	2362	0	2423
19266	17	19	8	2382	0	2426
19267	2351	6	3	60	0	2420
19268	2350	5	3	32	0	2390
19269	50	2396	9	6	0	2461
19270	22	26	4	2360	0	2412
19271	10	21	7	2382	0	2420
19272	6	11	2361	44	0	2422
19273	13	2323	29	41	0	2406
19274	5	2273	18	18	0	2314
19275	11	33	3	2121	0	2168
19276	4	16	2118	18	0	2156
19277	9	5	2086	12	0	2112
19278	9	5	38	2088	0	2140
19279	5	4	12	2140	0	2161
19280	4	6	2129	31	0	2170
19281	5	6	19	2165	0	2195
19282	2	3	2182	30	0	2217
19283	2234	3	24	19	0	2280
19284	34	4	11	2269	0	2318
19285	16	6	2353	38	0	2413
19286	11	6	2381	20	0	2418
19287	7	2	47	2505	0	2561
19288	7	6	2725	42	0	2780
19289	6	5	2804	22	0	2837
19290	4	2791	62	6	0	2863
19291	2823	44	24	20	0	2911
19292	51	17	2924	10	0	3002
19293	32	7	50	2911	0	3000
19294	20	3	25	2955	0	3003
19295	8	6	8	3031	0	3053
19296	4	6	2956	77	0	3043
19297	5	1	50	2935	0	2991
19298	2926	1	22	68	0	3017
19299	52	5	9	2954	0	3020
19300	26	9	2947	56	0	3038
19301	21	1	48	2941	0	3011
19302	2966	2	23	67	0	3058
19303	3016	1	12	36	0	3065
19304	2981	2	6	25	0	3014
19305	77	2	8	2981	0	3068
19306	2982	2	8	67	0	3059
19307	2999	2	5	39	0	3045
19308	3007	1	9	17	0	3034
19309	75	2913	10	10	0	3008
19310	2947	47	5	26	0	3025
19311	67	17	11	2943	0	3038
19312	28	11	2945	52	0	3036
19313	11	2926	48	26	0	3011
19314	2960	52	24	23	0	3059
19315	62	17	14	2958	0	3051
19316	25	11	9	2949	0	2994
19317	14	2883	6	71	0	2974
19318	8	2998	10	31	0	3047
19319	2879	61	9	28	0	2977
19320	49	2890	14	16	0	2969
19321	2812	54	8	15	0	2889
19322	61	2810	7	7	0	2885
19323	2800	51	9	24	0	2884
19324	56	2787	8	13	0	2864
19325	24	2856	8	17	0	2905
19326	2822	60	8	21	0	2911
19327	56	24	2800	13	0	2893
19328	22	2786	50	15	0	2873
19329	25	51	19	2795	0	2890
19330	20	15	8	2898	0	2941
19331	9	8	16	2864	0	2897
19332	17	7	6	2888	0	2918
19333	17	10	2884	72	0	2983
19334	2863	3	53	42	0	2961
19335	61	8	23	2948	0	3040
19336	2986	4	14	76	0	3080
19337	3098	7	7	37	0	3149
19338	3119	5	5	26	0	3155
19339	3053	7	6	24	0	3090
19340	91	10	3002	12	0	3115
19341	47	9	58	2968	0	3082
19342	19	9	2980	70	0	3078
19343	17	2930	82	25	0	3054
19344	27	78	31	2711	0	2847
19345	29	20	7	2826	0	2882
19346	17	9	11	2858	0	2895
19347	20	9	8	2821	0	2858
19348	13	10	2726	100	0	2849
19349	23	10	61	2761	0	2855
19350	24	4	26	2804	0	2858
19351	2763	9	16	102	0	2890
19352	2831	8	15	45	0	2899
19353	97	12	11	2825	0	2945
19354	54	6	14	2859	0	2933
19355	32	9	12	2909	0	2962
19356	2814	13	9	117	0	2953
19357	2924	9	9	52	0	2994
19358	2847	3	15	44	0	2909
19359	2873	9	9	39	0	2930
19360	109	2810	9	24	0	2952
19361	2856	69	6	27	0	2958
19362	2897	25	9	29	0	2960
19363	111	15	5	2771	0	2902
19364	49	13	12	2781	0	2855
19365	2695	9	4	110	0	2818
19366	92	2643	9	48	0	2792
19367	44	2730	4	29	0	2807
19368	2764	87	4	31	0	2886
19369	105	30	7	2744	0	2886
19370	56	19	5	2775	0	2855
19371	38	14	7	2832	0	2891
19372	37	10	3	2801	0	2851
19373	33	6	7	2739	0	2785
19374	23	2653	4	110	0	2790
19375	19	73	5	2662	0	2759
19376	2622	26	2	100	0	2750
19377	79	16	4	2604	0	2703
19378	41	12	6	2635	0	2694
19379	2559	10	10	116	0	2695
19380	88	2558	7	51	0	2704
19381	33	78	4	2464	0	2579
19382	30	2509	3	73	0	2615
19383	30	106	22	2369	0	2527
19384	15	24	2373	73	0	2485
19385	2197	25	46	45	0	2313
19386	54	2215	19	27	0	2315
19387	2045	48	9	26	0	2128
19388	55	22	1887	12	0	1976
19389	26	35	34	1724	0	1819
19390	13	1750	13	44	0	1820
19391	12	1810	10	23	0	1855
19392	1710	46	9	21	0	1786
19393	52	15	4	1710	0	1781
19394	19	8	1835	46	0	1908
19395	16	5	35	1886	0	1942
19396	11	7	1916	45	0	1979
19397	1870	5	40	26	0	1941
19398	42	13	1943	11	0	2009
19399	22	1	40	1914	0	1977
19400	14	1970	23	38	0	2045
19401	21	38	9	1945	0	2013
19402	7	2003	6	52	0	2068
19403	2034	42	5	28	0	2109
19404	40	24	8	2103	0	2175
19405	26	9	2105	56	0	2196
19406	21	10	2104	22	0	2157
19407	2098	7	47	33	0	2185
19408	2209	6	18	26	0	2259
19409	2213	3	12	24	0	2252
19410	2183	4	10	13	0	2210
19411	66	2153	2	21	0	2242
19412	2169	42	7	14	0	2232
19413	2187	15	4	21	0	2227
19414	66	10	2129	12	0	2217
19415	34	9	37	2105	0	2185
19416	2141	6	12	53	0	2212
19417	54	4	2094	29	0	2181
19418	29	9	41	2104	0	2183
19419	23	6	2191	52	0	2272
19420	20	6	44	2159	0	2229
19421	11	2255	24	54	0	2344
19422	2295	40	15	29	0	2379
19423	52	19	2249	15	0	2335
19424	2247	10	39	20	0	2316
19425	59	8	16	2264	0	2347
19426	2289	4	10	55	0	2358
19427	52	7	6	2298	0	2363
19428	2465	14	5	60	0	2544
19429	55	10	2409	27	0	2501
19430	2543	5	40	23	0	2611
19431	57	5	17	2604	0	2683
19432	33	5	10	2642	0	2690
19433	2566	1	10	66	0	2643
19434	59	3	4	2568	0	2634
19435	17	8	2504	48	0	2577
19436	19	9	29	2482	0	2539
19437	2371	5	15	44	0	2435
19438	31	2345	11	20	0	2407
19439	14	2360	6	15	0	2395
19440	2300	31	5	13	0	2349
19441	33	2445	8	9	0	2495
19442	20	20	6	2386	0	2432
19443	2414	9	18	28	0	2469
19444	2440	5	3	15	0	2463
19445	2428	4	7	12	0	2451
19446	31	3	2461	7	0	2502
19447	20	17	16	2424	0	2477
19448	11	2485	10	20	0	2526
19449	14	19	4	2495	0	2532
19450	6	13	2559	23	0	2601
19451	6	2531	23	18	0	2578
19452	7	32	9	2531	0	2579
19453	2464	2	2	19	0	2487
19454	10	2506	6	4	0	2526
19455	6	14	2621	4	0	2645
19456	7	4	14	2611	0	2636
19457	7	0	2651	15	0	2673
19458	13	4	17	2571	0	2605
19459	2695	4	8	25	0	2732
19460	22	3	4	2712	0	2741
19461	2734	2	3	24	0	2763
19462	2774	5	6	11	0	2796
19463	25	2826	7	9	0	2867
19464	2897	18	10	9	0	2934
19465	27	2907	6	6	0	2946
19466	14	23	3010	7	0	3054
19467	16	6	22	3060	0	3104
19468	20	5	8	3261	0	3294
19469	11	2	3214	34	0	3261
19470	4	3166	34	15	0	3219
19471	3253	25	11	19	0	3308
19472	3351	10	7	18	0	3386
19473	43	4	6	3447	0	3500
19474	18	4	5	3442	0	3469
19475	19	1	4	3530	0	3554
19476	3481	5	6	55	0	3547
19477	36	8	3439	15	0	3498
19478	23	6	3448	5	0	3482
19479	17	6	39	3522	0	3584
19480	10	6	3514	38	0	3568
19481	9	5	3510	24	0	3548
19482	13	2	42	3476	0	3533
19483	13	6	3623	43	0	3685
19484	11	3629	40	18	0	3698
19485	19	29	18	3678	0	3744
19486	11	16	3757	43	0	3827
19487	12	12	37	3694	0	3755
19488	11	3660	22	42	0	3735
19489	15	36	10	3771	0	3832
19490	11	13	3809	51	0	3884
19491	10	9	42	3719	0	3780
19492	3812	8	13	56	0	3889
19493	43	5	3820	21	0	3889
19494	3569	7	47	18	0	3641
19495	38	3708	17	14	0	3777
19496	3741	36	13	28	0	3818
19497	38	9	17	3765	0	3829
19498	13	3751	9	49	0	3822
19499	3873	38	12	28	0	3951
19500	50	12	13	3944	0	4019
19501	18	8	4015	49	0	4090
19502	8	4022	50	18	0	4098
19503	14	43	21	4043	0	4121
19504	4017	15	9	57	0	4098
19505	3986	7	5	33	0	4031
19506	55	8	9	3981	0	4053
19507	17	4	3978	53	0	4052
19508	3735	7	47	33	0	3822
19509	47	11	3965	10	0	4033
19510	30	5	45	3922	0	4002
19511	4018	9	16	58	0	4101
19512	54	4011	15	17	0	4097
19513	4055	43	10	27	0	4135
19514	50	16	3993	18	0	4077
19515	4024	9	54	17	0	4104
19516	59	10	15	4107	0	4191
19517	27	10	9	4195	0	4241
19518	20	14	4145	65	0	4244
19519	25	6	41	4057	0	4129
19520	4105	6	22	60	0	4193
19521	62	6	14	4104	0	4186
19522	25	4125	16	52	0	4218
19523	12	41	18	4152	0	4223
19524	19	4142	11	60	0	4232
19525	8	46	4142	24	0	4220
19526	3981	13	53	24	0	4071
19527	60	7	13	4201	0	4281
19528	23	13	4050	51	0	4137
19529	17	4031	44	27	0	4119
19530	14	43	18	4009	0	4084
19531	18	19	15	4018	0	4070
19532	3967	6	14	83	0	4070
19533	54	11	9	4052	0	4126
19534	4105	6	13	76	0	4200
19535	4124	15	12	38	0	4189
19536	74	4174	10	22	0	4280
19537	4252	55	10	34	0	4351
19538	75	22	9	4619	0	4725
19539	31	6	4671	75	0	4783
19540	4637	11	63	39	0	4750
19541	89	7	27	4587	0	4710
19542	32	13	4573	83	0	4701
19543	4428	13	69	33	0	4543
19544	78	11	21	4556	0	4666
19545	34	4664	18	79	0	4795
19546	34	61	18	4555	0	4668
19547	16	4631	14	80	0	4741
19548	4577	67	10	47	0	4701
19549	84	23	4701	25	0	4833
19550	27	4655	74	19	0	4775
19551	28	73	20	4638	0	4759
19552	14	30	4637	79	0	4760
19553	19	17	4503	29	0	4568
19554	17	4596	77	28	0	4718
19555	20	73	32	4517	0	4642
19556	34	24	12	4587	0	4657
19557	25	12	8	5324	0	5369
19558	5452	15	15	128	0	5610
19559	119	9	5835	39	0	6002
19560	32	5862	119	28	0	6041
19561	30	131	43	5863	0	6067
19562	40	34	17	6069	0	6160
19563	10	22	5946	174	0	6152
19564	51	19	129	5889	0	6088
19565	12	7	5907	143	0	6069
19566	10	25	5714	44	0	5793
19567	17	13	5724	32	0	5786
19568	42	7	159	5426	0	5634
19569	33	5	59	5579	0	5676
19570	35	9	21	5741	0	5806
19571	5569	4	24	167	0	5764
19572	116	5502	24	62	0	5704
19573	5580	115	25	45	0	5765
19574	5523	34	12	54	0	5623
19575	5652	13	13	40	0	5718
19576	150	5623	9	35	0	5817
19577	5645	111	8	37	0	5801
19578	5727	50	16	25	0	5818
19579	180	19	17	5577	0	5793
19580	79	10	16	5706	0	5811
19581	58	13	19	5772	0	5862
19582	24	23	5617	170	0	5834
19583	5465	13	123	78	0	5679
19584	145	16	46	5558	0	5765
19585	5478	8	24	170	0	5680
19586	126	5487	25	65	0	5703
19587	84	109	14	5513	0	5720
19588	38	38	32	5633	0	5741
19589	5511	22	20	170	0	5723
19590	150	19	13	5518	0	5700
19591	5240	12	20	177	0	5449
19592	5478	29	9	75	0	5591
19593	158	5299	11	66	0	5534
19594	64	5518	16	42	0	5640
19595	65	159	15	5317	0	5556
19596	29	5440	22	127	0	5618
19597	62	136	11	5385	0	5594
19598	30	41	5371	140	0	5582
19599	20	34	5265	52	0	5371
19600	5038	33	126	40	0	5237
19601	5161	10	41	56	0	5268
19602	147	5087	22	47	0	5303
19603	5043	108	23	53	0	5227
19604	119	5232	21	40	0	5412
19605	66	113	27	5246	0	5452
19606	54	41	17	5311	0	5423
19607	49	25	18	5323	0	5415
19608	35	26	17	5365	0	5443
19609	5198	15	23	178	0	5414
19610	112	5230	25	70	0	5437
19611	5221	113	21	76	0	5431
19612	5291	39	21	62	0	5413
19613	162	18	5151	41	0	5372
19614	5108	19	113	45	0	5285
19615	149	5086	38	32	0	5305
19616	74	137	15	5086	0	5312
19617	60	45	16	5048	0	5169
19618	38	5022	15	147	0	5222
19619	5071	119	27	75	0	5292
19620	146	52	4999	43	0	5240
19621	4964	29	118	53	0	5164
19622	153	28	5012	46	0	5239
19623	90	22	120	5009	0	5241
19624	64	27	48	5142	0	5281
19625	56	25	39	5200	0	5320
19626	5117	36	38	201	0	5392
19627	145	29	5210	100	0	5484
19628	5192	23	138	97	0	5450
19629	5345	18	63	91	0	5517
19630	5309	18	38	96	0	5461
19631	5309	18	47	68	0	5442
19632	187	28	40	5183	0	5438
19633	80	23	5164	155	0	5422
19634	64	29	119	5095	0	5307
19635	67	22	5095	160	0	5344
19636	58	27	5012	87	0	5184
19637	68	4950	119	67	0	5204
19638	60	116	37	4544	0	4757
19639	69	46	27	4633	0	4775
19640	82	32	22	4254	0	4390
19641	62	29	23	4573	0	4687
19642	4548	27	23	147	0	4745
19643	4610	19	23	69	0	4721
19644	156	20	17	4518	0	4711
19645	78	18	4406	143	0	4645
19646	48	25	86	4468	0	4627
19647	46	11	35	4585	0	4677
19648	42	19	4436	167	0	4664
19649	61	9	96	4366	0	4532
19650	4380	17	42	153	0	4592
19651	4467	16	21	78	0	4582
19652	4495	19	15	69	0	4598
19653	159	16	10	4395	0	4580
19654	4317	30	17	135	0	4499
19655	4322	17	16	83	0	4438
19656	155	26	4220	46	0	4447
19657	45	6	3333	31	0	3415
19658	31	7	3298	26	0	3362
19659	2751	4	26	15	0	2796
19660	22	2791	12	10	0	2835
19661	2777	14	9	19	0	2819
19662	27	3076	6	8	0	3117
19663	20	17	7	3086	0	3130
19664	18	9	8	3128	0	3163
19665	15	3	5	3138	0	3161
19666	10	10	3131	25	0	3176
19667	3011	4	17	23	0	3055
19668	24	4	9	3115	0	3152
19669	14	1	3121	25	0	3161
19670	14	3	2985	13	0	3015
19671	3030	0	18	17	0	3065
19672	22	3138	15	7	0	3182
19673	3126	16	9	17	0	3168
19674	3168	8	5	5	0	3186
19675	23	3142	3	5	0	3173
19676	3112	14	4	16	0	3146
19677	23	8	3203	5	0	3239
19678	11	5	3106	5	0	3127
19679	13	1	3241	2	0	3257
19680	7	19	19	3188	0	3233
19681	7	1	3248	15	0	3271
19682	3129	0	20	11	0	3160
19683	3211	1	5	15	0	3232
19684	29	9	3229	8	0	3275
19685	18	1	18	3189	0	3226
19686	3206	1	11	27	0	3245
19687	19	3418	6	12	0	3455
19688	12	3493	1	6	0	3512
19689	3512	21	6	5	0	3544
19690	18	12	3558	5	0	3593
19691	18	14	15	3454	0	3501
19692	17	1	6	3495	0	3519
19693	4	1	8	3537	0	3550
19694	4	3532	4	29	0	3569
19695	17	21	8	3404	0	3450
19696	3767	8	5	30	0	3810
19697	33	7	0	3874	0	3914
19698	12	3924	2	33	0	3971
19699	4021	37	3	19	0	4080
19700	45	10	2	4039	0	4096
19701	20	9	2	4220	0	4251
19702	4286	5	7	53	0	4351
19703	4332	1	6	28	0	4367
19704	59	3	5	4329	0	4396
19705	4524	1	2	54	0	4581
19706	4537	3	4	25	0	4569
19707	64	4600	6	11	0	4681
19708	4645	46	8	15	0	4714
19709	59	4626	2	10	0	4697
19710	33	51	2	4651	0	4737
19711	16	20	4783	50	0	4869
19712	16	17	48	4762	0	4843
19713	25	4	16	4808	0	4853
19714	14	6	13	4956	0	4989
19715	4905	2	7	90	0	5004
19716	54	4914	6	37	0	5011
19717	5171	53	1	34	0	5259
19718	74	5421	3	17	0	5515
19719	5518	68	5	25	0	5616
19720	5583	30	4	15	0	5632
19721	5635	17	3	17	0	5672
19722	5566	10	7	27	0	5610
19723	96	11	5598	13	0	5718
19724	55	5	62	5649	0	5771
19725	38	8	20	5855	0	5921
19726	23	4	5817	99	0	5943
19727	5597	9	76	54	0	5736
19728	97	6	28	5768	0	5899
19729	36	14	5705	85	0	5840
19730	30	8	5714	33	0	5785
19731	39	15	95	5786	0	5935
19732	21	10	5987	86	0	6104
19733	36	6	87	5903	0	6032
19734	31	10	31	5952	0	6024
19735	28	6	5866	107	0	6007
19736	5665	11	83	63	0	5822
19737	107	5	30	5863	0	6005
19738	44	5	5929	97	0	6075
19739	43	10	83	5952	0	6088
19740	6003	6	33	116	0	6158
19741	97	11	5968	44	0	6120
19742	5867	8	90	48	0	6013
19743	6145	9	38	33	0	6225
19744	135	7	21	6091	0	6254
19745	58	11	18	6096	0	6183
19746	37	12	6046	113	0	6208
19747	44	4	91	6049	0	6188
19748	65	12	41	5664	0	5782
19749	36	4	30	6165	0	6235
19750	26	13	5989	131	0	6159
19751	5893	5	85	71	0	6054
19752	6039	13	39	70	0	6161
19753	6130	6	30	45	0	6211
19754	6295	14	26	42	0	6377
19755	144	7	15	6245	0	6411
19756	6215	15	20	122	0	6372
19757	6277	11	21	67	0	6376
19758	5283	28	35	93	0	5439
19759	6231	11	24	60	0	6326
19760	124	6170	21	45	0	6360
19761	6189	72	18	52	0	6331
19762	6063	20	28	43	0	6154
19763	133	6023	18	44	0	6218
19764	6078	88	23	38	0	6227
19765	137	30	21	6032	0	6220
19766	75	10	20	6122	0	6227
19767	6023	13	21	139	0	6196
19768	129	5952	27	58	0	6166
19769	66	5961	24	50	0	6101
19770	57	110	21	6033	0	6221
19771	38	34	6072	120	0	6264
19772	58	14	101	5964	0	6137
19773	45	16	48	6106	0	6215
19774	6002	12	23	166	0	6203
19775	6036	9	28	78	0	6151
19776	143	16	31	6006	0	6196
19777	72	21	5932	120	0	6145
19778	69	9	104	6005	0	6187
19779	6070	13	46	152	0	6281
19780	141	11	6279	74	0	6505
19781	70	6302	125	52	0	6549
19782	6503	106	50	60	0	6719
19783	156	28	29	6521	0	6734
19784	61	16	33	6584	0	6694
19785	58	13	30	6655	0	6756
19786	47	22	6482	177	0	6728
19787	5977	8	123	88	0	6196
19788	153	13	6181	57	0	6404
19789	66	6140	126	59	0	6391
19790	72	99	44	6195	0	6410
19791	64	26	35	6306	0	6431
19792	69	21	24	6541	0	6655
19793	52	16	6450	182	0	6700
19794	46	17	6365	74	0	6502
19795	42	17	6456	62	0	6577
19796	39	6363	167	47	0	6616
19797	84	135	61	6353	0	6633
19798	6482	31	31	174	0	6718
19799	6883	11	31	77	0	7002
19800	201	12	7070	47	0	7330
19801	69	7045	172	36	0	7322
19802	52	162	7052	42	0	7308
19803	43	7206	175	52	0	7476
19804	6922	215	108	63	0	7308
19805	6893	44	41	48	0	7026
19806	194	6840	27	38	0	7099
19807	6819	167	36	42	0	7064
19808	214	47	29	6774	0	7064
19809	101	26	23	6904	0	7054
19810	6816	28	26	203	0	7073
19811	6687	28	18	69	0	6802
19812	6697	11	24	56	0	6788
19813	221	6531	22	43	0	6817
19814	81	6749	22	37	0	6889
19815	6652	185	11	52	0	6900
19816	189	53	6579	44	0	6865
19817	92	73	156	6281	0	6602
19818	6142	27	42	160	0	6371
19819	187	5975	33	48	0	6243
19820	56	6217	28	38	0	6339
19821	6139	184	18	34	0	6375
19822	189	48	6004	27	0	6268
19823	5790	66	155	33	0	6044
19824	176	36	5792	21	0	6025
19825	67	30	5719	17	0	5833
19826	70	48	167	5583	0	5868
19827	40	27	5723	136	0	5926
19828	5587	23	152	38	0	5800
19829	5761	17	46	37	0	5861
19830	5795	20	40	28	0	5883
19831	5738	22	22	32	0	5814
19832	205	13	33	5481	0	5732
19833	5536	18	24	150	0	5728
19834	180	5474	19	45	0	5718
19835	94	134	19	5323	0	5570
19836	58	5526	19	134	0	5737
19837	5692	138	14	47	0	5891
19838	5686	41	18	41	0	5786
19839	180	28	26	5560	0	5794
19840	5572	23	24	157	0	5776
19841	5689	20	24	54	0	5787
19842	204	21	20	5533	0	5778
19843	93	25	16	5564	0	5698
19844	76	24	17	5645	0	5762
19845	74	15	5452	174	0	5715
19846	51	19	5354	68	0	5492
19847	51	18	5436	55	0	5560
19848	56	17	171	5429	0	5673
19849	34	22	5525	157	0	5738
19850	41	20	162	5480	0	5703
19851	41	19	5783	170	0	6013
19852	51	10	5706	63	0	5830
19853	5503	17	180	56	0	5756
19854	153	5535	69	49	0	5806
19855	5606	128	57	46	0	5837
19856	175	30	43	5583	0	5831
19857	77	24	42	5660	0	5803
19858	61	29	5606	177	0	5873
19859	46	5553	151	68	0	5818
19860	54	142	47	5616	0	5859
19861	47	45	5666	155	0	5913
19862	36	5537	143	67	0	5783
19863	56	125	46	5512	0	5739
19864	5464	45	37	155	0	5701
19865	5552	33	33	57	0	5675
19866	143	29	34	5487	0	5693
19867	5482	27	26	157	0	5692
19868	161	5491	31	57	0	5740
19869	70	120	37	5545	0	5772
19870	64	35	5661	137	0	5897
19871	66	35	124	5644	0	5869
19872	51	29	5668	158	0	5906
19873	5561	29	137	72	0	5799
19874	159	30	44	5684	0	5917
19875	59	5732	49	150	0	5990
19876	60	137	41	5855	0	6093
19877	51	41	5867	157	0	6116
19878	44	42	5858	59	0	6003
19879	53	32	5743	54	0	5882
19880	5329	45	171	54	0	5599
19881	135	5456	56	35	0	5682
19882	52	109	53	5380	0	5594
19883	5367	32	41	130	0	5570
19884	120	5393	38	49	0	5600
19885	5692	110	35	57	0	5894
19886	5798	38	34	41	0	5911
19887	5963	34	26	44	0	6067
19888	6008	28	27	37	0	6100
19889	163	26	5853	25	0	6067
19890	5723	14	116	38	0	5891
19891	161	12	5736	27	0	5936
19892	5359	20	110	21	0	5510
19893	139	14	52	5525	0	5730
19894	70	13	5421	85	0	5589
19895	54	5307	98	37	0	5496
19896	73	313	48	4972	0	5406
19897	41	5130	36	80	0	5287
19898	38	5164	20	30	0	5252
19899	4586	58	47	46	0	4737
19900	64	6	4401	16	0	4487
19901	11	4280	37	9	0	4337
19902	4118	32	36	22	0	4208
19903	28	4256	15	3	0	4302
19904	4259	23	5	21	0	4308
19905	39	5	4	4275	0	4323
19906	4300	4	11	24	0	4339
19907	38	3	5	4255	0	4301
19908	4276	6	7	35	0	4324
19909	37	4	7	4277	0	4325
19910	9	4482	5	28	0	4524
19911	17	18	6	4582	0	4623
19912	4581	11	9	28	0	4629
19913	22	4559	6	12	0	4599
19914	15	20	7	4556	0	4598
19915	4633	10	8	35	0	4686
19916	31	7	2	4721	0	4761
19917	20	6	5	4697	0	4728
19918	8	9	4803	25	0	4845
19919	18	5	4730	8	0	4761
19920	19	5	26	4687	0	4737
19921	11	7	4968	24	0	5010
19922	14	8	22	4933	0	4977
19923	27	8	7	4556	0	4598
19924	7	4	5	4995	0	5011
19925	9	5	5005	27	0	5046
19926	19	4	23	4822	0	4868
19927	16	9	0	4928	0	4953
19928	8	5042	7	24	0	5081
19929	12	20	1	5130	0	5163
19930	5117	6	2	46	0	5171
19931	30	4	9	5187	0	5230
19932	12	3	6000	38	0	6053
19933	5777	3	77	38	0	5895
19934	77	6473	36	15	0	6601
19935	44	82	32	6633	0	6791
19936	36	37	6627	90	0	6790
19937	6272	34	83	66	0	6455
19938	79	6606	46	45	0	6776
19939	6647	84	40	36	0	6807
19940	127	45	14	6612	0	6798
19941	6617	36	8	108	0	6769
19942	122	16	6616	43	0	6797
19943	61	6548	91	41	0	6741
19944	46	7103	43	25	0	7217
19945	7152	124	43	28	0	7347
19946	7177	65	15	40	0	7297
19947	130	51	7116	20	0	7317
19948	6981	21	101	30	0	7133
19949	7185	16	48	33	0	7282
19950	7231	16	43	34	0	7324
19951	172	6919	24	6	0	7121
19952	88	7037	13	16	0	7154
19953	7020	127	17	29	0	7193
19954	7086	67	15	33	0	7201
19955	144	7204	14	11	0	7373
19956	107	108	12	7167	0	7394
19957	65	62	7173	87	0	7387
19958	7054	55	87	62	0	7258
19959	6769	43	64	101	0	6977
19960	7515	16	49	48	0	7628
19961	167	7443	24	23	0	7657
19962	98	111	7595	10	0	7814
19963	7753	51	95	32	0	7931
19964	134	52	50	7837	0	8073
19965	98	31	37	7877	0	8043
19966	80	24	20	8068	0	8192
19967	54	22	7986	158	0	8220
19968	57	24	98	7832	0	8011
19969	39	23	8001	141	0	8204
19970	27	7744	123	71	0	7965
19971	7581	87	52	69	0	7789
19972	102	7615	48	24	0	7789
19973	62	7769	20	15	0	7866
19974	7711	134	28	40	0	7913
19975	101	7910	18	20	0	8049
19976	67	133	14	7744	0	7958
19977	61	7737	9	87	0	7894
19978	7718	122	9	76	0	7925
19979	101	7776	22	41	0	7940
19980	73	124	10	7835	0	8042
19981	50	64	7801	100	0	8015
19982	43	52	90	7823	0	8008
19983	29	7858	54	133	0	8074
19984	40	115	40	7975	0	8170
19985	28	72	19	7787	0	7906
19986	49	59	20	7565	0	7693
19987	30	34	19	7872	0	7955
19988	30	27	14	7943	0	8014
19989	31	26	12	8050	0	8119
19990	26	26	7906	206	0	8164
19991	7720	31	111	125	0	7987
19992	141	24	62	8331	0	8558
19993	70	22	8333	161	0	8586
19994	50	29	8373	111	0	8563
19995	54	22	189	8496	0	8761
19996	8567	28	111	193	0	8899
19997	142	34	8457	105	0	8738
19998	8349	23	150	131	0	8653
19999	186	24	8811	62	0	9083
20000	122	29	176	8880	0	9207
20001	94	35	98	9115	0	9342
20002	64	33	9029	220	0	9346
20003	8566	31	168	167	0	8932
20004	189	21	93	8929	0	9232
20005	102	27	8946	186	0	9261
20006	101	14	9021	122	0	9258
20007	79	26	220	8759	0	9084
20008	60	9012	147	149	0	9368
20009	9175	145	90	114	0	9524
20010	9132	71	58	117	0	9378
20011	236	72	9214	46	0	9568
20012	166	34	171	8995	0	9366
20013	9234	33	91	223	0	9581
20014	193	24	9300	123	0	9640
20015	9026	17	175	133	0	9351
20016	234	9120	118	71	0	9543
20017	146	144	94	9359	0	9743
20018	109	66	65	9456	0	9696
20019	9586	58	66	252	0	9962
20020	208	42	57	9683	0	9990
20021	124	27	40	9587	0	9778
20022	117	30	35	9743	0	9925
20023	9517	22	46	312	0	9897
20024	214	16	9470	176	0	9876
20025	9428	22	185	152	0	9787
20026	9624	24	94	104	0	9846
20027	9758	25	87	86	0	9956
20028	322	19	58	9485	0	9884
20029	185	46	9632	192	0	10055
20030	127	9401	179	129	0	9836
20031	70	9637	102	132	0	9941
20032	54	9043	56	77	0	9230
20033	78	138	9080	59	0	9355
20034	81	159	121	9918	0	10279
20035	10157	37	70	224	0	10488
20036	10971	24	36	148	0	11179
20037	293	19	32	11442	0	11786
20038	174	15	11396	239	0	11824
20039	137	16	11395	134	0	11682
20040	108	15	278	11499	0	11900
20041	51	22	11704	261	0	12038
20042	63	11	300	11710	0	12084
20043	88	20	159	11507	0	11774
20044	34	11500	100	365	0	11999
20045	74	202	66	11723	0	12065
20046	79	116	55	12012	0	12262
20047	11729	72	51	427	0	12279
20048	252	47	56	11890	0	12245
20049	194	27	43	12008	0	12272
20050	11626	20	59	417	0	12122
20051	270	11625	66	250	0	12211
20052	11746	197	65	196	0	12204
20053	305	111	11557	131	0	12104
20054	11502	78	243	142	0	11965
20055	11584	56	154	129	0	11923
20056	368	30	11284	103	0	11785
20057	225	30	11320	102	0	11677
20058	206	44	350	10967	0	11567
20059	11051	21	204	309	0	11585
20060	287	22	10954	196	0	11459
20061	224	32	301	10847	0	11404
20062	135	35	10810	321	0	11301
20063	143	11	332	10728	0	11214
20064	128	34	206	10913	0	11281
20065	10663	26	149	437	0	11275
20066	10596	31	104	317	0	11048
20067	10916	28	99	216	0	11259
20068	428	30	10817	155	0	11430
20069	278	31	10819	141	0	11269
20070	226	32	364	10798	0	11420
20071	157	26	235	10993	0	11411
20072	165	27	172	11174	0	11538
20073	10733	28	139	448	0	11348
20074	294	10717	90	304	0	11405
20075	10591	223	96	243	0	11153
20076	10463	117	92	189	0	10861
20077	397	10322	97	149	0	10965
20078	260	10613	68	130	0	11071
20079	10535	294	86	147	0	11062
20080	339	160	83	10331	0	10913
20081	229	10308	80	334	0	10951
20082	218	237	85	10419	0	10959
20083	196	129	10208	385	0	10918
20084	172	92	269	10335	0	10868
20085	10249	69	194	432	0	10944
20086	286	55	10135	278	0	10754
20087	206	50	10111	235	0	10602
20088	194	168	384	9524	0	10270
20089	167	9534	237	326	0	10264
20090	137	9639	167	233	0	10176
20091	109	9899	128	250	0	10386
20092	9573	313	96	207	0	10189
20093	9586	164	53	220	0	10023
20094	9324	117	77	217	0	9735
20095	367	9300	87	185	0	9939
20096	9464	199	72	204	0	9939
20097	9416	131	84	174	0	9805
20098	403	112	9208	127	0	9850
20099	272	8958	241	125	0	9596
20100	235	229	174	8905	0	9543
20101	8861	129	154	272	0	9416
20102	302	103	8821	203	0	9429
20103	222	81	257	8624	0	9184
20104	183	8691	176	313	0	9363
20105	183	187	142	8756	0	9268
20106	146	116	133	8785	0	9180
20107	8679	97	113	388	0	9277
20108	8772	75	109	284	0	9240
20109	370	63	123	8678	0	9234
20110	240	66	8452	328	0	9086
20111	214	64	8331	234	0	8843
20112	8450	61	300	181	0	8992
20113	347	67	8579	144	0	9137
20114	275	70	291	7918	0	8554
20115	216	8127	209	232	0	8784
20116	8065	186	189	183	0	8623
20117	262	8083	150	184	0	8679
20118	8207	217	117	203	0	8744
20119	336	135	94	8136	0	8701
20120	231	102	88	8260	0	8681
20121	8131	100	86	371	0	8688
20122	8322	82	79	231	0	8714
20123	415	81	61	8184	0	8741
20124	290	94	75	8228	0	8687
20125	227	74	7912	286	0	8499
20126	164	86	7869	213	0	8332
20127	7772	74	267	210	0	8323
20128	246	99	7663	182	0	8190
20129	7528	56	265	173	0	8022
20130	7649	56	163	170	0	8038
20131	337	54	7317	152	0	7860
20132	261	6965	220	124	0	7570
20133	189	7073	164	100	0	7526
20134	98	96	5729	42	0	5965
20135	203	360	214	4902	0	5679
20136	4463	75	177	188	0	4903
20137	4377	18	17	36	0	4448
20138	4841	8	10	40	0	4899
20139	5703	8	13	31	0	5755
20140	5865	8	5	44	0	5922
20141	150	6076	13	22	0	6261
20142	5910	110	9	33	0	6062
20143	134	5902	6	6	0	6048
20144	5768	103	11	19	0	5901
20145	130	29	5649	7	0	5815
20146	70	18	90	5516	0	5694
20147	60	6	24	5424	0	5514
20148	23	5515	15	117	0	5670
20149	5521	101	8	51	0	5681
20150	5622	38	7	27	0	5694
20151	147	28	4	5502	0	5681
20152	64	7	18	5574	0	5663
20153	5512	8	13	142	0	5675
20154	122	6	4	5543	0	5675
20155	50	18	4	5603	0	5675
20156	5522	15	7	141	0	5685
20157	148	6	5	5524	0	5683
20158	5526	7	2	143	0	5678
20159	5549	4	8	77	0	5638
20160	141	7	5458	35	0	5641
20161	5477	7	94	61	0	5639
20162	5460	6	24	61	0	5551
20163	5482	12	15	37	0	5546
20164	160	6	5264	22	0	5452
20165	76	7	99	5227	0	5409
20166	69	5	26	5343	0	5443
20167	39	12	5205	123	0	5379
20168	5116	10	100	53	0	5279
20169	153	4	34	5055	0	5246
20170	65	9	4982	117	0	5173
20171	47	2	5086	44	0	5179
20172	43	11	125	5021	0	5200
20173	37	12	5098	132	0	5279
20174	54	8	122	5059	0	5243
20175	46	8	48	5167	0	5269
20176	37	11	5057	149	0	5254
20177	40	12	115	4937	0	5104
20178	26	4873	59	113	0	5071
20179	29	5100	39	62	0	5230
20180	4993	108	32	62	0	5195
20181	5014	31	25	71	0	5141
20182	135	4978	15	54	0	5182
20183	4972	106	21	41	0	5140
20184	5047	35	28	45	0	5155
20185	151	26	17	4943	0	5137
20186	66	31	15	5032	0	5144
20187	4912	23	14	139	0	5088
20188	149	4810	17	58	0	5034
20189	61	4897	19	45	0	5022
20190	77	130	13	4810	0	5030
20191	60	41	4842	125	0	5068
20192	4723	21	114	69	0	4927
20193	4845	23	32	60	0	4960
20194	4703	27	20	66	0	4816
20195	174	4699	28	29	0	4930
20196	88	130	22	4628	0	4868
20197	66	44	13	4802	0	4925
20198	4639	31	33	159	0	4862
20199	162	4609	26	66	0	4863
20200	105	107	12	4604	0	4828
20201	94	37	18	4716	0	4865
20202	85	45	15	4677	0	4822
20203	4590	43	15	176	0	4824
20204	157	4574	19	95	0	4845
20205	99	136	16	4453	0	4704
20206	76	4549	19	145	0	4789
20207	4518	120	32	80	0	4750
20208	150	45	4463	90	0	4748
20209	4440	30	103	95	0	4668
20210	147	37	4351	61	0	4596
20211	101	71	98	4165	0	4435
20212	4188	23	37	159	0	4407
20213	137	40	4106	70	0	4353
20214	4147	26	99	64	0	4336
20215	4204	15	53	57	0	4329
20216	4212	10	41	65	0	4328
20217	181	11	36	4052	0	4280
20218	101	11	35	4064	0	4211
20219	84	16	26	4115	0	4241
20220	3963	11	32	173	0	4179
20221	153	3961	33	78	0	4225
20222	3965	89	40	69	0	4163
20223	4060	28	30	48	0	4166
20224	167	22	3912	50	0	4151
20225	3933	18	103	68	0	4122
20226	4051	12	51	68	0	4182
20227	169	10	31	3970	0	4180
20228	79	32	31	3997	0	4139
20229	69	25	35	4025	0	4154
20230	3916	15	18	146	0	4095
20231	3887	24	32	79	0	4022
20232	3776	19	44	57	0	3896
20233	147	3522	27	48	0	3744
20234	67	3331	20	55	0	3473
20235	44	3369	36	52	0	3501
20236	3306	79	42	71	0	3498
20237	113	31	3191	61	0	3396
20238	63	33	2642	37	0	2775
20239	1655	8	45	15	0	1723
20240	24	3	1688	10	0	1725
20241	7	1	9	1324	0	1341
20242	4	1333	3	12	0	1352
20243	1380	9	1	7	0	1397
20244	1389	4	1	9	0	1403
20245	1386	2	0	8	0	1396
20246	15	1	2	1522	0	1540
20247	8	2	1552	8	0	1570
20248	5	2	1533	1	0	1541
20249	1553	1	11	7	0	1572
20250	1594	2	3	7	0	1606
20251	1591	1	0	8	0	1600
20252	15	1	0	1620	0	1636
20253	4	1	3	1639	0	1647
20254	4	5	1649	11	0	1669
20255	1647	2	6	10	0	1665
20256	17	0	1	1704	0	1722
20257	6	3	2	1692	0	1703
20258	5	3	0	1706	0	1714
20259	3	1702	1	13	0	1719
20260	9	7	1	1709	0	1726
20261	5	2	3	1699	0	1709
20262	1699	1	1	13	0	1714
20263	14	2	1697	1	0	1714
20264	1648	0	11	6	0	1665
20265	1738	2	2	7	0	1749
20266	14	2	3	1737	0	1756
20267	6	2	1	1740	0	1749
20268	1732	1	1	13	0	1747
20269	15	0	1710	4	0	1729
20270	5	1710	10	5	0	1730
20271	9	6	3	1685	0	1703
20272	1691	1	1	11	0	1704
20273	10	2	1	1656	0	1669
20274	4	4	1664	11	0	1683
20275	7	4	1704	2	0	1717
20276	1759	2	16	8	0	1785
20277	8	2	4	1867	0	1881
20278	8	0	1848	7	0	1863
20279	1825	0	6	18	0	1849
20280	1973	1	5	9	0	1988
20281	9	0	2	2009	0	2020
20282	9	1	1	2001	0	2012
20283	3	2017	2	8	0	2030
20284	2117	4	0	13	0	2134
20285	13	3	0	2143	0	2159
20286	4	0	0	2167	0	2171
20287	4	1	2198	7	0	2210
20288	2078	1	5	11	0	2095
20289	2174	0	1	9	0	2184
20290	7	2152	1	1	0	2161
20291	3	7	2100	1	0	2111
20292	4	3	2057	2	0	2066
20293	1	2	9	2040	0	2052
20294	2145	0	5	10	0	2160
20295	9	1	0	2123	0	2133
20296	2222	1	1	10	0	2234
20297	2256	0	1	13	0	2270
20298	2302	1	0	9	0	2312
20299	13	4	0	2338	0	2355
20300	5	0	0	2350	0	2355
20301	2389	0	0	19	0	2408
20302	7	0	2454	2	0	2463
20303	2292	1	2	5	0	2300
20304	2340	1	1	9	0	2351
20305	6	2	2419	1	0	2428
20306	2	3	2401	2	0	2408
20307	2	2430	4	1	0	2437
20308	12	5	7	2437	0	2461
20309	2336	2	6	8	0	2352
20310	3	0	0	2453	0	2456
20311	2	1	2503	2	0	2508
20312	0	2432	4	3	0	2439
20313	1	2504	2	0	0	2507
20314	0	3	0	2603	0	2606
20315	3	2	0	2570	0	2575
20316	1	2580	0	4	0	2585
20317	3	6	2574	1	0	2584
20318	2462	1	4	2	0	2469
20319	2615	1	2	9	0	2627
20320	6	2617	1	2	0	2626
20321	2596	4	0	7	0	2607
20322	5	3	0	2569	0	2577
20323	2596	0	1	11	0	2608
20324	6	2	0	2603	0	2611
20325	4	2708	3	4	0	2719
20326	1	8	2718	1	0	2728
20327	6	2	9	2963	0	2980
20328	8	3	2	2850	0	2863
20329	7	0	1	3112	0	3120
20330	3194	0	0	27	0	3221
20331	27	1	1	3217	0	3246
20332	7	3	3442	26	0	3478
20333	9	4	3492	8	0	3513
20334	3567	0	43	14	0	3624
20335	41	1	3668	3	0	3713
20336	3682	0	40	7	0	3729
20337	46	2	11	4043	0	4102
20338	30	0	4	4169	0	4203
20339	19	1	7	4407	0	4434
20340	16	3	4	4388	0	4411
20341	4335	0	4	91	0	4430
20342	66	4	4380	24	0	4474
20343	41	0	61	4319	0	4421
20344	4	4499	24	61	0	4588
20345	4512	62	6	34	0	4614
20346	71	19	12	4402	0	4504
20347	4360	4	4	85	0	4453
20348	77	8	4298	30	0	4413
20349	41	1	67	4170	0	4279
20350	7	4303	22	72	0	4404
20351	4317	64	5	37	0	4423
20352	72	20	4292	18	0	4402
20353	40	4	65	4211	0	4320
20354	23	9	25	4317	0	4374
20355	4239	4	13	95	0	4351
20356	73	7	4194	39	0	4313
20357	29	10	4224	22	0	4285
20358	34	2	84	4214	0	4334
20359	24	4	4228	76	0	4332
20360	9	5	4278	37	0	4329
20361	29	7	81	4191	0	4308
20362	30	4	31	4280	0	4345
20363	24	5	25	4406	0	4460
20364	4297	2	27	111	0	4437
20365	72	4320	13	49	0	4454
20366	4362	68	19	31	0	4480
20367	92	22	22	4372	0	4508
20368	36	4369	21	94	0	4520
20369	26	72	18	4476	0	4592
20370	4552	20	15	116	0	4703
20371	81	4718	15	61	0	4875
20372	44	102	13	4839	0	4998
20373	20	30	4842	126	0	5018
20374	4819	9	105	65	0	4998
20375	112	22	36	4769	0	4939
20376	62	5	16	4837	0	4920
20377	33	12	4694	132	0	4871
20378	33	12	4701	56	0	4802
20379	4527	14	126	47	0	4714
20380	111	4502	38	45	0	4696
20381	57	98	33	4508	0	4696
20382	4519	33	29	131	0	4712
20383	117	19	4506	62	0	4704
20384	40	4426	116	37	0	4619
20385	27	96	48	4429	0	4600
20386	4452	32	21	129	0	4634
20387	4357	19	29	68	0	4473
20388	4460	18	22	42	0	4542
20389	141	4331	26	44	0	4542
20390	58	101	4342	28	0	4529
20391	39	35	109	4383	0	4566
20392	54	16	45	4102	0	4217
20393	29	30	26	4455	0	4540
20394	37	10	34	4462	0	4543
20395	4325	15	31	159	0	4530
20396	4312	19	10	84	0	4425
20397	141	17	4181	56	0	4395
20398	61	12	4159	55	0	4287
20399	4041	16	130	37	0	4224
20400	4115	17	47	49	0	4228
20401	143	17	37	3963	0	4160
20402	58	3962	40	114	0	4174
20403	3939	102	23	67	0	4131
20404	128	3879	25	47	0	4079
20405	53	3897	21	56	0	4027
20406	44	135	24	3906	0	4109
20407	50	31	29	4021	0	4131
20408	37	28	28	4032	0	4125
20409	42	37	27	4024	0	4130
20410	42	9	3860	170	0	4081
20411	3802	24	107	73	0	4006
20412	3915	18	42	61	0	4036
20413	153	19	22	3777	0	3971
20414	57	24	40	3805	0	3926
20415	3729	27	26	145	0	3927
20416	128	17	3557	76	0	3778
20417	3695	18	93	57	0	3863
20418	3755	20	37	60	0	3872
20419	150	13	3649	48	0	3860
20420	3772	15	110	48	0	3945
20421	139	8	57	3811	0	4015
20422	70	12	26	3878	0	3986
20423	39	13	31	3878	0	3961
20424	69	11	19	3832	0	3931
20425	3610	9	24	164	0	3807
20426	138	12	25	3558	0	3733
20427	51	18	17	3320	0	3406
20428	31	3100	27	136	0	3294
20429	42	3173	16	48	0	3279
20430	37	95	14	3073	0	3219
20431	3052	27	12	109	0	3200
20432	101	15	10	2802	0	2928
20433	43	17	2594	82	0	2736
20434	18	17	2485	48	0	2568
20435	2429	7	73	26	0	2535
20436	70	2426	27	28	0	2551
20437	2064	48	44	20	0	2176
20438	63	13	2044	19	0	2139
20439	48	75	40	1777	0	1940
20440	1764	9	15	48	0	1836
20441	45	1761	15	18	0	1839
20442	1723	31	11	11	0	1776
20443	43	8	1900	15	0	1966
20444	18	6	40	1832	0	1896
20445	21	11	18	1869	0	1919
20446	1921	4	11	52	0	1988
20447	1941	6	10	21	0	1978
20448	2010	8	2	23	0	2043
20449	2029	4	3	19	0	2055
20450	2037	7	4	11	0	2059
20451	53	2015	5	8	0	2081
20452	20	39	3	2065	0	2127
20453	2104	10	3	48	0	2165
20454	50	6	2	2102	0	2160
20455	23	6	1	2130	0	2160
20456	18	1	5	2145	0	2169
20457	13	2064	5	46	0	2128
20458	2087	29	7	24	0	2147
20459	39	11	4	2072	0	2126
20460	2024	6	3	51	0	2084
20461	2021	8	5	23	0	2057
20462	55	1971	2	10	0	2038
20463	1983	28	2	15	0	2028
20464	50	7	1935	8	0	2000
20465	1900	4	37	7	0	1948
20466	45	24	29	1874	0	1972
20467	23	1	1923	25	0	1972
20468	8	1934	28	17	0	1987
20469	12	22	1926	10	0	1970
20470	4	1782	21	9	0	1816
20471	1584	27	24	16	0	1651
20472	1567	5	2	7	0	1581
20473	1576	0	5	4	0	1585
20474	3	1572	0	1	0	1576
20475	1560	2	0	5	0	1567
20476	3	4	1575	0	0	1582
20477	2	0	1598	0	0	1600
20478	4	3	9	1581	0	1597
20479	2	0	0	1693	0	1695
20480	0	1688	0	6	0	1694
20481	1720	5	0	4	0	1729
20482	7	0	0	1744	0	1751
20483	0	1766	0	12	0	1778
20484	5	9	0	1796	0	1810
20485	1791	1	0	17	0	1809
20486	1769	2	0	4	0	1775
20487	11	1	1725	2	0	1739
20488	5	2	8	1733	0	1748
20489	3	1	1746	10	0	1760
20490	4	0	12	1759	0	1775
20491	2	2	1776	14	0	1794
20492	5	2	12	1760	0	1779
20493	6	1	1795	12	0	1814
20494	5	0	14	1772	0	1791
20495	3	3	1849	12	0	1867
20496	5	3	15	1840	0	1863
20497	5	1	3	1886	0	1895
20498	5	1955	1	13	0	1974
20499	5	11	5	2030	0	2051
20500	0	2	2010	17	0	2029
20501	7	2	15	1991	0	2015
20502	5	0	3	2028	0	2036
20503	2039	0	4	22	0	2065
20504	15	1	3	2074	0	2093
20505	7	1	1	2091	0	2100
20506	2	3	2055	15	0	2075
20507	2018	0	13	21	0	2052
20508	17	1	5	2108	0	2131
20509	4	0	2	2104	0	2110
20510	4	2	1	2135	0	2142
20511	2123	3	3	27	0	2156
20512	14	0	2	2145	0	2161
20513	1	1	5	2164	0	2171
20514	2147	1	3	30	0	2181
20515	15	2160	2	9	0	2186
20516	7	11	2	2139	0	2159
20517	3	0	1	2152	0	2156
20518	0	2	2128	20	0	2150
20519	1874	0	16	17	0	1907
20520	18	2	2	2054	0	2076
20521	1	2	2007	24	0	2034
20522	1991	0	18	15	0	2024
20523	16	2	2	2114	0	2134
20524	9	3	1	2169	0	2182
20525	9	0	0	2178	0	2187
20526	5	1	3	2204	0	2213
20527	10	2	2396	23	0	2431
20528	4	3	19	2410	0	2436
20529	15	0	4	2863	0	2882
20530	5	2	3314	50	0	3371
20531	3386	1	62	27	0	3476
20532	3532	0	21	20	0	3573
20533	3558	1	14	25	0	3598
20534	106	1	18	3502	0	3627
20535	3543	1	15	71	0	3630
20536	3624	1	3	39	0	3667
20537	129	0	4	3600	0	3733
20538	3636	2	6	96	0	3740
20539	3631	3	7	66	0	3707
20540	3659	2	5	34	0	3700
20541	3674	1	4	33	0	3712
20542	128	1	3	3562	0	3694
20543	77	3344	8	80	0	3509
20544	65	3395	8	34	0	3502
20545	53	3456	9	28	0	3546
20546	3334	93	3	41	0	3471
20547	3434	50	6	34	0	3524
20548	110	40	3325	23	0	3498
20549	3408	31	68	22	0	3529
20550	125	22	25	3421	0	3593
20551	79	7	15	3443	0	3544
20552	64	6	19	3464	0	3553
20553	3375	5	16	122	0	3518
20554	117	6	6	3359	0	3488
20555	60	3300	3	119	0	3482
20556	38	72	4	3393	0	3507
20557	41	34	3460	106	0	3641
20558	42	26	67	3505	0	3640
20559	3511	29	29	109	0	3678
20560	109	23	3496	56	0	3684
20561	56	10	88	3531	0	3685
20562	50	6	48	3479	0	3583
20563	52	10	20	3565	0	3647
20564	42	3526	21	123	0	3712
20565	31	73	17	3591	0	3712
20566	3538	30	10	152	0	3730
20567	3518	16	8	90	0	3632
20568	118	27	3418	56	0	3619
20569	54	24	3487	55	0	3620
20570	63	16	92	3467	0	3638
20571	67	8	45	3567	0	3687
20572	49	7	3582	124	0	3762
20573	37	10	109	3460	0	3616
20574	25	3531	47	111	0	3714
20575	3608	81	23	88	0	3800
20576	3617	33	28	72	0	3750
20577	3627	20	25	54	0	3726
20578	137	26	3571	49	0	3783
20579	73	31	92	3604	0	3800
20580	72	12	3593	103	0	3780
20581	3527	8	88	62	0	3685
20582	111	3530	50	46	0	3737
20583	52	83	44	3521	0	3700
20584	3511	26	36	121	0	3694
20585	115	15	21	3520	0	3671
20586	66	26	15	3612	0	3719
20587	34	20	3510	140	0	3704
20588	3402	17	83	85	0	3587
20589	111	3500	42	59	0	3712
20590	76	74	18	3580	0	3748
20591	3560	32	28	110	0	3730
20592	131	14	29	3563	0	3737
20593	3527	27	19	129	0	3702
20594	107	3541	20	81	0	3749
20595	3577	79	9	62	0	3727
20596	127	35	3547	50	0	3759
20597	3560	23	87	62	0	3732
20598	3570	29	38	43	0	3680
20599	3595	24	33	32	0	3684
20600	169	20	31	3447	0	3667
20601	100	19	28	3412	0	3559
20602	92	17	18	3482	0	3609
20603	81	3376	17	130	0	3604
20604	3426	85	14	91	0	3616
20605	127	38	16	3426	0	3607
20606	91	27	10	3465	0	3593
20607	60	24	16	3481	0	3581
20608	3384	31	15	138	0	3568
20609	133	16	8	3412	0	3569
20610	69	15	3302	158	0	3544
20611	41	3289	93	98	0	3521
20612	70	90	35	3350	0	3545
20613	50	49	20	3438	0	3557
20614	39	35	28	3481	0	3583
20615	45	23	3331	159	0	3558
20616	49	20	3363	90	0	3522
20617	33	11	116	3435	0	3595
20618	39	15	3480	151	0	3685
20619	40	6	107	3587	0	3740
20620	3568	16	59	158	0	3801
20621	3711	13	34	112	0	3870
20622	3760	18	27	78	0	3883
20623	158	16	3577	65	0	3816
20624	3535	11	93	67	0	3706
20625	152	19	38	3572	0	3781
20626	94	9	3501	127	0	3731
20627	54	7	3411	59	0	3531
20628	45	3267	126	61	0	3499
20629	38	2884	46	29	0	2997
20630	2328	53	80	29	0	2490
20631	54	7	10	2291	0	2362
20632	10	2	2331	45	0	2388
20633	14	1	34	2336	0	2385
20634	2370	3	8	55	0	2436
20635	41	2	2597	13	0	2653
20636	2617	3	37	18	0	2675
20637	2812	1	5	20	0	2838
20638	2770	5	8	17	0	2800
20639	51	2725	2	11	0	2789
20640	2832	39	5	15	0	2891
20641	50	4	8	2863	0	2925
20642	16	8	4	2854	0	2882
20643	12	5	5	2881	0	2903
20644	12	1	4	2858	0	2875
20645	2792	2	4	56	0	2854
20646	42	2744	5	18	0	2809
20647	11	2667	6	12	0	2696
20648	11	2783	5	6	0	2805
20649	2770	45	7	11	0	2833
20650	2776	11	9	13	0	2809
20651	2758	5	4	12	0	2779
20652	2769	2	4	12	0	2787
20653	62	2	2	2752	0	2818
20654	19	3	4	2771	0	2797
20655	2758	2	3	46	0	2809
20656	36	2760	3	19	0	2818
20657	2652	38	3	14	0	2707
20658	2724	6	3	14	0	2747
20659	46	7	2	2694	0	2749
20660	9	2717	6	40	0	2772
20661	19	34	1	2789	0	2843
20662	2791	3	1	53	0	2848
20663	43	11	2876	9	0	2939
20664	15	5	36	2783	0	2839
20665	15	2843	5	31	0	2894
20666	2837	31	7	16	0	2891
20667	2859	5	3	12	0	2879
20668	41	11	2893	7	0	2952
20669	18	2851	34	7	0	2910
20670	14	33	2898	5	0	2950
20671	14	11	36	2839	0	2900
20672	2	13	2847	32	0	2894
20673	9	2	2814	6	0	2831
20674	3	2838	31	7	0	2879
20675	2825	25	9	6	0	2865
20676	2889	2	4	5	0	2900
20677	31	2964	3	0	0	2998
20678	12	2962	3	3	0	2980
20679	13	33	2847	1	0	2894
20680	2	13	2786	4	0	2805
20681	5	6	2873	3	0	2887
20682	7	0	38	2910	0	2955
20683	6	3	2951	33	0	2993
20684	12	5	33	2862	0	2912
20685	15	5	2	2850	0	2872
20686	10	5	2949	31	0	2995
20687	4	2918	34	15	0	2971
20688	7	35	3	2927	0	2972
20689	2929	7	5	42	0	2983
20690	45	9	0	2921	0	2975
20691	15	6	2958	37	0	3016
20692	13	2962	33	10	0	3018
20693	5	3094	10	11	0	3120
20694	16	36	13	3027	0	3092
20695	2986	16	11	41	0	3054
20696	3010	8	8	12	0	3038
20697	50	9	8	2996	0	3063
20698	20	3151	7	39	0	3217
20699	27	50	2	3202	0	3281
20700	15	8	8	3299	0	3330
20701	18	10	5	3311	0	3344
20702	3500	13	8	70	0	3591
20703	60	3547	10	20	0	3637
20704	3602	57	11	21	0	3691
20705	3674	14	8	20	0	3716
20706	3665	19	4	16	0	3704
20707	3746	7	13	12	0	3778
20708	86	7	4	3671	0	3768
20709	26	5	3703	64	0	3798
20710	20	3701	61	25	0	3807
20711	3775	57	22	38	0	3892
20712	3827	17	11	29	0	3884
20713	3880	14	8	25	0	3927
20714	78	13	3804	9	0	3904
20715	3753	17	51	13	0	3834
20716	3842	10	16	14	0	3882
20717	84	15	10	3804	0	3913
20718	36	14	3688	57	0	3795
20719	29	3637	56	19	0	3741
20720	29	63	22	3622	0	3736
20721	3541	27	23	69	0	3660
20722	63	13	8	3544	0	3628
20723	25	7	9	3622	0	3663
20724	3691	15	4	77	0	3787
20725	70	9	3659	32	0	3770
20726	3684	8	58	29	0	3779
20727	3693	12	19	24	0	3748
20728	3695	5	19	20	0	3739
20729	3687	8	7	23	0	3725
20730	94	3	3589	10	0	3696
20731	41	11	57	3513	0	3622
20732	22	11	3541	61	0	3635
20733	28	21	63	3467	0	3579
20734	22	12	3465	72	0	3571
20735	3135	9	62	20	0	3226
20736	67	3116	13	23	0	3219
20737	25	3203	20	14	0	3262
20738	34	60	10	3392	0	3496
20739	31	12	9	3552	0	3604
20740	18	3619	10	73	0	3720
20741	3630	68	6	37	0	3741
20742	3808	20	11	20	0	3859
20743	3980	14	6	25	0	4025
20744	4169	9	10	15	0	4203
20745	119	6	5	4106	0	4236
20746	58	5	10	4230	0	4303
20747	4269	5	6	115	0	4395
20748	116	2	14	4210	0	4342
20749	49	4	4149	103	0	4305
20750	36	6	4166	35	0	4243
20751	36	7	103	4195	0	4341
20752	29	5	4198	97	0	4329
20753	4150	3	103	42	0	4298
20754	94	8	37	4195	0	4334
20755	4210	6	25	112	0	4353
20756	106	3	4237	42	0	4388
20757	61	5	93	4209	0	4368
20758	40	7	4234	97	0	4378
20759	29	4184	99	40	0	4352
20760	4142	92	44	42	0	4320
20761	4168	29	22	43	0	4262
20762	121	4092	10	34	0	4257
20763	4063	90	12	27	0	4192
20764	129	33	8	4012	0	4182
20765	65	17	12	4078	0	4172
20766	4022	14	12	120	0	4168
20767	109	3941	16	49	0	4115
20768	57	3982	10	40	0	4089
20769	56	104	10	3918	0	4088
20770	3864	36	6	114	0	4020
20771	3904	21	12	53	0	3990
20772	3902	16	20	41	0	3979
20773	136	16	3794	25	0	3971
20774	67	12	3774	23	0	3876
20775	59	3731	120	12	0	3922
20776	3714	89	42	31	0	3876
20777	129	29	35	3604	0	3797
20778	3637	22	24	90	0	3773
20779	3675	16	11	56	0	3758
20780	154	8	19	3573	0	3754
20781	66	13	3572	103	0	3754
20782	3573	19	87	57	0	3736
20783	124	13	40	3567	0	3744
20784	56	18	3582	110	0	3766
20785	3577	17	96	56	0	3746
20786	3645	9	38	45	0	3737
20787	141	10	31	3543	0	3725
20788	75	5	3546	105	0	3731
20789	63	11	96	3481	0	3651
20790	42	3558	40	101	0	3741
20791	51	89	3548	44	0	3732
20792	38	3549	102	38	0	3727
20793	3491	108	35	27	0	3661
20794	3573	29	31	31	0	3664
20795	3583	22	22	33	0	3660
20796	3550	11	30	28	0	3619
20797	173	15	20	3381	0	3589
20798	3275	14	25	92	0	3406
20799	139	10	20	3193	0	3362
20800	3108	13	10	116	0	3247
20801	121	3066	17	43	0	3247
20802	49	73	13	2807	0	2942
20803	43	2807	14	84	0	2948
20804	2785	78	20	36	0	2919
20805	2780	27	15	36	0	2858
20806	89	2735	25	22	0	2871
20807	57	75	15	2674	0	2821
20808	36	26	2654	81	0	2797
20809	43	29	72	2604	0	2748
20810	41	13	2624	80	0	2758
20811	33	12	76	2473	0	2594
20812	26	2506	33	85	0	2650
20813	2498	66	23	32	0	2619
20814	2537	18	11	36	0	2602
20815	101	23	16	2468	0	2608
20816	2566	15	15	76	0	2672
20817	104	17	8	2574	0	2703
20818	49	17	4	2602	0	2672
20819	47	7	15	2618	0	2687
20820	2600	10	3	98	0	2711
20821	2655	15	5	44	0	2719
20822	2628	6	10	43	0	2687
20823	103	2548	12	17	0	2680
20824	2487	62	6	27	0	2582
20825	88	2434	13	14	0	2549
20826	2463	71	11	20	0	2565
20827	86	27	10	2415	0	2538
20828	48	24	8	2470	0	2550
20829	2437	14	8	81	0	2540
20830	2442	9	16	44	0	2511
20831	96	2397	10	26	0	2529
20832	2437	66	7	27	0	2537
20833	89	17	11	2395	0	2512
20834	39	25	2	2447	0	2513
20835	2409	10	8	90	0	2517
20836	87	7	2376	43	0	2513
20837	42	2252	52	27	0	2373
20838	37	59	19	2037	0	2152
20839	25	12	1858	40	0	1935
20840	24	73	34	1677	0	1808
20841	1707	5	17	41	0	1770
20842	39	1544	8	23	0	1614
20843	17	1392	9	15	0	1433
20844	10	1217	4	6	0	1237
20845	36	41	28	1088	0	1193
20846	1081	9	32	25	0	1147
20847	21	1	1	1052	0	1075
20848	1065	2	0	21	0	1088
20849	1072	1	0	9	0	1082
20850	22	0	2	1067	0	1091
20851	1079	0	3	18	0	1100
20852	20	4	0	1079	0	1103
20853	4	0	1109	18	0	1131
20854	1086	2	14	8	0	1110
20855	15	1	1214	7	0	1237
20856	1170	0	12	4	0	1186
20857	14	4	1189	2	0	1209
20858	8	4	9	1138	0	1159
20859	3	2	2	1162	0	1169
20860	1186	0	1	18	0	1205
20861	12	0	1	1212	0	1225
20862	1217	1	0	13	0	1231
20863	12	1220	1	3	0	1236
20864	1282	9	2	12	0	1305
20865	13	2	1	1297	0	1313
20866	8	1	2	1313	0	1324
20867	5	1	1	1319	0	1326
20868	5	1	2	1316	0	1324
20869	6	2	1311	11	0	1330
20870	1	3	1301	5	0	1310
20871	6	1	10	1301	0	1318
20872	1	2	1334	12	0	1349
20873	5	1336	9	6	0	1356
20874	5	10	0	1344	0	1359
20875	7	4	1379	12	0	1402
20876	4	5	1360	6	0	1375
20877	12	0	14	1424	0	1450
20878	4	3	5	1442	0	1454
20879	7	1449	3	16	0	1475
20880	5	15	3	1481	0	1504
20881	2	2	1524	21	0	1549
20882	1510	2	19	11	0	1542
20883	23	0	4	1561	0	1588
20884	1544	2	6	26	0	1578
20885	1565	2	6	8	0	1581
20886	1588	4	3	13	0	1608
20887	24	2	1597	7	0	1630
20888	7	4	1586	3	0	1600
20889	1528	2	20	10	0	1560
20890	18	2	1588	9	0	1617
20891	7	3	22	1517	0	1549
20892	8	4	4	1549	0	1565
20893	5	2	1547	25	0	1579
20894	5	1545	19	8	0	1577
20895	1538	18	4	14	0	1574
20896	19	1546	7	8	0	1580
20897	7	1605	6	7	0	1625
20898	1603	17	4	10	0	1634
20899	23	3	1620	6	0	1652
20900	5	3	1643	4	0	1655
20901	14	2	26	1620	0	1662
20902	1616	2	8	27	0	1653
20903	25	1626	10	4	0	1665
20904	1628	26	7	9	0	1670
20905	27	3	1678	8	0	1716
20906	5	1798	33	5	0	1841
20907	18	28	2	1844	0	1892
20908	9	6	1890	33	0	1938
20909	15	8	28	1867	0	1918
20910	29	9	11	1674	0	1723
20911	18	3	8	1902	0	1931
20912	6	6	14	1916	0	1942
20913	1874	3	6	41	0	1924
20914	1888	0	7	16	0	1911
20915	34	4	1888	10	0	1936
20916	1786	3	29	15	0	1833
20917	36	1781	15	7	0	1839
20918	1791	33	10	9	0	1843
20919	35	11	1789	5	0	1840
20920	16	14	29	1742	0	1801
20921	7	9	1785	32	0	1833
20922	11	6	1780	10	0	1807
20923	11	3	30	1747	0	1791
20924	10	2	15	1764	0	1791
20925	9	4	1748	33	0	1794
20926	11	1694	26	14	0	1745
20927	12	1749	10	10	0	1781
20928	16	34	8	1745	0	1803
20929	1735	10	10	34	0	1789
20930	29	1833	9	8	0	1879
20931	12	32	1826	11	0	1881
20932	7	7	1762	15	0	1791
20933	6	5	1800	12	0	1823
20934	5	5	38	1740	0	1788
20935	1752	3	12	44	0	1811
20936	26	1735	7	21	0	1789
20937	10	30	1728	10	0	1778
20938	11	1708	31	8	0	1758
20939	11	30	9	1736	0	1786
20940	5	10	1760	29	0	1804
20941	9	1777	31	14	0	1831
20942	10	30	6	1756	0	1802
20943	12	6	10	1801	0	1829
20944	3	10	1860	30	0	1903
20945	10	6	32	1793	0	1841
20946	2	1834	15	31	0	1882
20947	8	22	1838	15	0	1883
20948	1791	9	33	16	0	1849
20949	26	7	12	1828	0	1873
20950	9	15	11	1818	0	1853
20951	6	1832	8	32	0	1878
20952	1827	26	11	14	0	1878
20953	28	7	1775	15	0	1825
20954	1760	5	33	12	0	1810
20955	29	10	9	1701	0	1749
20956	8	1681	11	24	0	1724
20957	7	24	9	1686	0	1726
20958	10	6	8	1772	0	1796
20959	1740	5	7	36	0	1788
20960	1771	6	4	10	0	1791
20961	34	6	9	1761	0	1810
20962	11	5	1738	28	0	1782
20963	1638	9	27	12	0	1686
20964	31	1689	9	11	0	1740
20965	8	29	14	1697	0	1748
20966	7	8	5	1762	0	1782
20967	7	8	4	1760	0	1779
20968	3	4	1721	48	0	1776
20969	7	2	34	1713	0	1756
20970	5	1756	6	41	0	1808
20971	9	34	10	1709	0	1762
20972	5	1727	15	32	0	1779
20973	11	30	5	1721	0	1767
20974	3	11	1713	44	0	1771
20975	1609	8	26	17	0	1660
20976	39	11	9	1713	0	1772
20977	9	2	1718	36	0	1765
20978	7	1708	37	13	0	1765
20979	1725	27	7	14	0	1773
20980	28	13	1683	9	0	1733
20981	1604	12	30	15	0	1661
20982	28	4	10	1682	0	1724
20983	8	7	7	1709	0	1731
20984	6	1701	6	30	0	1743
20985	1700	24	6	17	0	1747
20986	1683	9	4	15	0	1711
20987	30	1780	4	9	0	1823
20988	10	26	7	1807	0	1850
20989	8	9	2	1827	0	1846
20990	6	6	6	1821	0	1839
20991	2	6	1794	33	0	1835
20992	1761	4	26	22	0	1813
20993	29	5	10	1789	0	1833
20994	14	2	7	1825	0	1848
20995	7	8	1787	30	0	1832
20996	3	4	1758	14	0	1779
20997	5	4	30	1838	0	1877
20998	8	4	1865	31	0	1908
20999	1814	2	32	12	0	1860
21000	30	3	9	1856	0	1898
21001	13	2	6	1879	0	1900
21002	7	3	1963	33	0	2006
21003	4	8	26	2012	0	2050
21004	2	3	2041	34	0	2080
21005	4	2009	29	15	0	2057
21006	1834	39	20	18	0	1911
21007	1826	6	2	12	0	1846
21008	20	1794	5	6	0	1825
21009	6	23	0	1821	0	1850
21010	4	3	1878	23	0	1908
21011	5	2	20	1846	0	1873
21012	1855	3	5	29	0	1892
21013	20	1871	2	9	0	1902
21014	1880	21	6	8	0	1915
21015	23	4	0	1880	0	1907
21016	1881	2	0	27	0	1910
21017	21	1874	2	5	0	1902
21018	1874	22	2	7	0	1905
21019	20	5	1860	7	0	1892
21020	6	1887	23	4	0	1920
21021	10	20	2	1885	0	1917
21022	1994	2	8	23	0	2027
21023	2003	3	2	8	0	2016
21024	22	3	1	1998	0	2024
21025	2016	0	0	28	0	2044
21026	2030	0	3	12	0	2045
21027	2072	2	0	6	0	2080
21028	27	2	1	2079	0	2109
21029	6	9	2065	23	0	2103
21030	12	3	1950	3	0	1968
21031	4	1	2025	5	0	2035
21032	2050	0	22	6	0	2078
21033	23	2	6	2073	0	2104
21034	4	2116	4	22	0	2146
21035	7	16	4	2103	0	2130
21036	4	2150	1	18	0	2173
21037	2196	20	3	12	0	2231
21038	28	3	3	2224	0	2258
21039	9	1	1	2276	0	2287
21040	2298	2	3	34	0	2337
21041	30	2	3	2288	0	2323
21042	9	2	0	2344	0	2355
21043	2417	1	1	37	0	2456
21044	33	3	2474	5	0	2515
21045	5	2	36	2484	0	2527
21046	5	2	2492	40	0	2539
21047	2470	1	37	11	0	2519
21048	43	1	8	2499	0	2551
21049	2507	2	5	46	0	2560
21050	41	2	4	2560	0	2607
21051	8	4	2634	39	0	2685
21052	7	0	35	2671	0	2713
21053	2735	2	8	51	0	2796
21054	35	2769	4	12	0	2820
21055	7	39	2765	7	0	2818
21056	2675	5	38	8	0	2726
21057	39	2775	10	10	0	2834
21058	7	2800	3	10	0	2820
21059	8	2983	6	11	0	3008
21060	16	44	2	3207	0	3269
21061	3248	11	5	54	0	3318
21062	3371	4	2	30	0	3407
21063	67	6	3342	5	0	3420
21064	3297	7	43	16	0	3363
21065	54	3283	20	7	0	3364
21066	30	42	4	3342	0	3418
21067	3457	13	5	59	0	3534
21068	3483	6	5	32	0	3526
21069	3511	8	2	11	0	3532
21070	3465	7	6	19	0	3497
21071	3513	5	5	11	0	3534
21072	85	5	6	3448	0	3544
21073	27	7	3452	50	0	3536
21074	36	6	46	3475	0	3563
21075	26	12	10	3553	0	3601
21076	3500	5	4	77	0	3586
21077	70	3403	8	25	0	3506
21078	3456	49	11	19	0	3535
21079	3499	14	4	26	0	3543
21080	3612	6	10	22	0	3650
21081	3678	5	8	20	0	3711
21082	80	9	3574	20	0	3683
21083	3608	7	49	19	0	3683
21084	3657	7	13	20	0	3697
21085	3311	9	14	33	0	3367
21086	3673	5	8	17	0	3703
21087	96	8	5	3473	0	3582
21088	52	11	3440	51	0	3554
21089	3427	3	49	31	0	3510
21090	81	3469	17	19	0	3586
21091	54	47	10	3419	0	3530
21092	27	3489	17	60	0	3593
21093	44	50	12	3556	0	3662
21094	3600	20	3	71	0	3694
21095	3623	11	5	32	0	3671
21096	3631	8	10	18	0	3667
21097	88	13	3414	16	0	3531
21098	3441	10	55	21	0	3527
21099	84	8	3407	12	0	3511
21100	49	17	3392	14	0	3472
21101	44	5	3493	23	0	3565
21102	48	13	66	3273	0	3400
21103	49	6	27	3332	0	3414
21104	43	8	13	3350	0	3414
21105	36	8	18	3340	0	3402
21106	44	12	15	3246	0	3317
21107	26	9	20	3316	0	3371
21108	28	3333	11	72	0	3444
21109	3293	46	16	40	0	3395
21110	68	3356	13	27	0	3464
21111	41	49	14	3379	0	3483
21112	42	17	8	3427	0	3494
21113	3386	12	11	76	0	3485
21114	66	3378	18	36	0	3498
21115	3429	51	14	30	0	3524
21116	67	21	23	3425	0	3536
21117	40	15	18	3432	0	3505
21118	34	17	12	3447	0	3510
21119	25	19	3409	79	0	3532
21120	31	17	48	3420	0	3516
21121	28	15	3358	83	0	3484
21122	24	11	3266	49	0	3350
21123	40	10	3461	30	0	3541
21124	33	15	64	3460	0	3572
21125	32	12	26	3553	0	3623
21126	30	9	15	3605	0	3659
21127	3543	13	18	92	0	3666
21128	67	12	18	3659	0	3756
21129	3714	7	22	90	0	3833
21130	81	3711	12	52	0	3856
21131	3911	60	14	45	0	4030
21132	4104	13	19	48	0	4184
21133	81	4219	14	44	0	4358
21134	4231	57	10	63	0	4361
21135	4229	20	16	46	0	4311
21136	4330	11	13	42	0	4396
21137	4295	11	13	29	0	4348
21138	98	15	4211	23	0	4347
21139	57	4152	69	21	0	4299
21140	58	79	29	4057	0	4223
21141	4102	14	19	79	0	4214
21142	82	12	4108	31	0	4233
21143	43	4010	54	39	0	4146
21144	54	45	19	3806	0	3924
21145	40	3915	12	68	0	4035
21146	47	55	11	3930	0	4043
21147	46	21	10	3946	0	4023
21148	38	17	3932	60	0	4047
21149	34	17	3870	30	0	3951
21150	3705	19	55	30	0	3809
21151	70	16	3816	16	0	3918
21152	36	15	3827	18	0	3896
21153	36	23	59	3764	0	3882
21154	40	19	21	3751	0	3831
21155	30	3742	25	65	0	3862
21156	31	4023	18	35	0	4107
21157	24	64	4082	24	0	4194
21158	43	66	63	4197	0	4369
21159	19	16	4153	60	0	4248
21160	22	9	3807	25	0	3863
21161	12	3768	68	19	0	3867
21162	25	46	23	3642	0	3736
21163	3668	12	16	50	0	3746
21164	51	13	8	3693	0	3765
21165	3689	4	8	55	0	3756
21166	3701	7	6	22	0	3736
21167	3697	4	13	17	0	3731
21168	61	11	3651	5	0	3728
21169	3653	6	43	16	0	3718
21170	62	11	16	3673	0	3762
21171	3708	3	13	62	0	3786
21172	3720	7	9	38	0	3774
21173	57	3711	13	16	0	3797
21174	3709	48	11	15	0	3783
21175	61	14	3704	10	0	3789
21176	3625	10	50	16	0	3701
21177	3681	5	16	22	0	3724
21178	58	3688	16	7	0	3769
21179	3686	42	9	19	0	3756
21180	56	19	7	3541	0	3623
21181	29	10	9	3523	0	3571
21182	19	3510	14	52	0	3595
21183	19	45	9	3581	0	3654
21184	19	12	12	3596	0	3639
21185	16	11	3546	60	0	3633
21186	14	13	3491	24	0	3542
21187	3449	9	50	34	0	3542
21188	3574	7	23	16	0	3620
21189	69	6	13	3546	0	3634
21190	32	4	3531	50	0	3617
21191	29	3496	50	24	0	3599
21192	32	50	20	3493	0	3595
21193	19	13	3578	56	0	3666
21194	3459	14	51	34	0	3558
21195	59	9	17	3642	0	3727
21196	35	3691	17	56	0	3799
21197	30	57	12	3732	0	3831
21198	32	19	12	3790	0	3853
21199	26	14	14	3808	0	3862
21200	3725	7	16	79	0	3827
21201	72	12	15	3708	0	3807
21202	3735	11	7	78	0	3831
21203	3762	15	5	37	0	3819
21204	80	12	3710	26	0	3828
21205	37	3725	62	24	0	3848
21206	26	66	19	3543	0	3654
21207	21	3871	24	55	0	3971
21208	3929	67	18	35	0	4049
21209	79	22	12	3927	0	4040
21210	26	11	3941	77	0	4055
21211	27	11	3940	30	0	4008
21212	27	16	3952	28	0	4023
21213	3889	9	74	31	0	4003
21214	69	3953	31	29	0	4082
21215	3933	67	27	18	0	4045
21216	77	3953	20	28	0	4078
21217	39	75	22	3999	0	4135
21218	33	26	18	3990	0	4067
21219	28	3986	15	79	0	4108
21220	27	76	3991	39	0	4133
21221	21	4022	73	29	0	4145
21222	3920	71	19	48	0	4058
21223	87	20	16	3768	0	3891
21224	30	20	3737	74	0	3861
21225	34	14	3715	30	0	3793
21226	30	18	81	3693	0	3822
21227	29	16	3654	66	0	3765
21228	17	9	3509	35	0	3570
21229	3295	18	74	20	0	3407
21230	63	3365	24	25	0	3477
21231	3193	60	18	32	0	3303
21232	69	18	3225	12	0	3324
21233	28	3045	69	17	0	3159
21234	22	3148	24	17	0	3211
21235	45	84	28	3076	0	3233
21236	26	19	11	3145	0	3201
21237	23	12	14	3209	0	3258
21238	13	20	3171	79	0	3283
21239	25	8	61	3181	0	3275
21240	15	13	21	3262	0	3311
21241	3191	8	16	92	0	3307
21242	67	3145	15	38	0	3265
21243	30	69	14	3178	0	3291
21244	3175	20	10	83	0	3288
21245	3155	18	12	35	0	3220
21246	98	15	13	3108	0	3234
21247	23	16	3122	78	0	3239
21248	30	7	68	3150	0	3255
21249	18	10	3137	87	0	3252
21250	3142	5	78	46	0	3271
21251	3396	5	31	31	0	3463
21252	100	21	17	3413	0	3551
21253	31	8	3464	92	0	3595
21254	25	3601	81	23	0	3730
21255	23	96	3625	22	0	3766
21256	41	57	87	3247	0	3432
21257	12	3391	23	70	0	3496
21258	3150	72	13	26	0	3261
21259	76	13	10	3089	0	3188
21260	12	3140	12	64	0	3228
21261	3182	69	11	23	0	3285
21262	81	12	9	3148	0	3250
21263	21	3153	11	75	0	3260
21264	33	68	10	3148	0	3259
21265	14	10	3139	78	0	3241
21266	3055	11	74	26	0	3166
21267	3123	17	14	25	0	3179
21268	79	9	3036	12	0	3136
21269	20	3039	72	12	0	3143
21270	3062	70	14	15	0	3161
21271	85	16	6	3025	0	3132
21272	34	16	12	3025	0	3087
21273	36	11	9	3049	0	3105
21274	29	9	10	3066	0	3114
21275	23	13	7	3054	0	3097
21276	2966	7	8	107	0	3088
21277	3052	5	5	42	0	3104
21278	85	7	8	2991	0	3091
21279	33	4	7	3051	0	3095
21280	25	14	2989	85	0	3113
21281	20	8	2972	27	0	3027
21282	2893	15	72	39	0	3019
21283	83	10	20	2914	0	3027
21284	18	8	2898	88	0	3012
21285	17	9	78	2907	0	3011
21286	2904	9	17	92	0	3022
21287	2964	3	14	37	0	3018
21288	90	10	16	2903	0	3019
21289	41	6	9	2976	0	3032
21290	2945	7	10	96	0	3058
21291	82	9	13	2915	0	3019
21292	24	2886	10	95	0	3015
21293	29	66	16	2873	0	2984
21294	29	14	11	2884	0	2938
21295	13	11	2786	91	0	2901
21296	13	13	2724	33	0	2783
21297	16	2735	65	30	0	2846
21298	2672	58	15	31	0	2776
21299	2678	15	16	23	0	2732
21300	2702	14	4	32	0	2752
21301	77	2612	15	24	0	2728
21302	33	2674	10	26	0	2743
21303	2599	64	13	33	0	2709
21304	67	2627	9	35	0	2738
21305	22	69	2566	18	0	2675
21306	23	2574	59	22	0	2678
21307	24	58	2450	19	0	2551
21308	2349	24	61	23	0	2457
21309	2411	26	22	18	0	2477
21310	63	2330	16	25	0	2434
21311	2366	58	13	26	0	2463
21312	2592	17	14	19	0	2642
21313	2621	15	13	22	0	2671
21314	92	16	10	2563	0	2681
21315	2581	19	4	73	0	2677
21316	97	13	2494	29	0	2633
21317	2488	14	65	40	0	2607
21318	98	20	23	2499	0	2640
21319	39	10	2486	74	0	2609
21320	30	9	2493	37	0	2569
21321	35	14	74	2472	0	2595
21322	29	11	36	2510	0	2586
21323	2477	12	30	87	0	2606
21324	86	10	14	2475	0	2585
21325	42	11	2418	91	0	2562
21326	39	6	72	2393	0	2510
21327	24	2454	20	85	0	2583
21328	2462	57	22	46	0	2587
21329	81	19	13	2482	0	2595
21330	35	24	2407	82	0	2548
21331	34	2403	67	39	0	2543
21332	2225	57	30	34	0	2346
21333	68	22	25	2215	0	2330
21334	37	22	2179	67	0	2305
21335	36	2133	58	37	0	2264
21336	2101	55	24	38	0	2218
21337	2054	17	22	32	0	2125
21338	2094	19	13	18	0	2144
21339	92	10	11	2028	0	2141
21340	52	5	6	2068	0	2131
21341	2035	5	7	75	0	2122
21342	56	1998	10	48	0	2112
21343	2016	43	7	40	0	2106
21344	67	16	16	2009	0	2108
21345	2043	19	9	62	0	2133
21346	68	10	7	2040	0	2125
21347	30	5	12	2042	0	2089
21348	30	12	14	2040	0	2096
21349	39	10	6	2042	0	2097
21350	18	12	1895	72	0	1997
21351	26	3	1740	31	0	1800
21352	1498	5	37	30	0	1570
21353	31	12	1516	13	0	1572
21354	17	1	1293	4	0	1315
21355	1211	5	49	5	0	1270
21356	1238	3	24	5	0	1270
21357	31	3	11	1324	0	1369
21358	1338	0	6	28	0	1372
21359	33	1336	4	10	0	1383
21360	1372	18	1	11	0	1402
21361	1364	13	2	9	0	1388
21362	1444	9	2	6	0	1461
21363	44	5	0	1389	0	1438
21364	31	1347	5	17	0	1400
21365	13	1369	6	14	0	1402
21366	1380	28	1	19	0	1428
21367	1380	15	6	10	0	1411
21368	30	11	4	1366	0	1411
21369	25	0	5	1392	0	1422
21370	12	1359	5	27	0	1403
21371	1364	18	4	23	0	1409
21372	26	10	1353	15	0	1404
21373	15	8	21	1343	0	1387
21374	16	2	13	1365	0	1396
21375	6	1	1377	36	0	1420
21376	7	9	22	1342	0	1380
21377	10	1170	13	30	0	1223
21378	2	23	11	1365	0	1401
21379	11	12	7	1354	0	1384
21380	8	1290	2	32	0	1332
21381	13	1361	5	16	0	1395
21382	5	23	3	1375	0	1406
21383	1365	16	3	23	0	1407
21384	19	14	1	1378	0	1412
21385	17	3	6	1392	0	1418
21386	16	1401	4	28	0	1449
21387	6	19	3	1457	0	1485
21388	5	9	3	1470	0	1487
21389	9	10	4	1469	0	1492
21390	1475	1	2	42	0	1520
21391	19	6	3	1494	0	1522
21392	18	2	3	1486	0	1509
21393	10	6	1	1499	0	1516
21394	13	2	1452	35	0	1502
21395	1351	4	15	31	0	1401
21396	24	1432	9	19	0	1484
21397	1423	13	9	17	0	1462
21398	25	8	5	1410	0	1448
21399	13	8	1399	19	0	1439
21400	1349	7	19	11	0	1386
21401	29	2	1717	10	0	1758
21402	12	1	29	1725	0	1767
21403	1785	3	12	25	0	1825
21404	1765	3	10	16	0	1794
21405	1840	2	6	15	0	1863
21406	38	2	0	1862	0	1902
21407	27	3	0	1875	0	1905
21408	15	4	3	1898	0	1920
21409	13	1830	3	34	0	1880
21410	6	1832	1	22	0	1861
21411	9	1791	4	11	0	1815
21412	3	1719	0	1	0	1723
21413	2	2	3	1774	0	1781
21414	0	0	0	1780	0	1780
21415	1791	0	1	5	0	1797
21416	1763	0	1	2	0	1766
21417	1785	0	0	4	0	1789
21418	5	1	0	1808	0	1814
21419	2	0	0	1826	0	1828
21420	1818	0	0	10	0	1828
21421	1790	0	0	13	0	1803
21422	1	1	1820	1	0	1823
21423	4	1	1749	4	0	1758
21424	2	1	1823	1	0	1827
21425	1	0	1921	0	0	1922
21426	6	2	3	1897	0	1908
21427	1920	1	4	6	0	1931
21428	2	1908	1	0	0	1911
21429	0	2	0	1990	0	1992
21430	1	0	2035	3	0	2039
21431	2	2170	3	1	0	2176
21432	2	4	0	2240	0	2246
21433	1	0	2254	4	0	2259
21434	6	1	2	2234	0	2243
21435	5	0	1	2284	0	2290
21436	2320	0	1	6	0	2327
21437	5	1	0	2335	0	2341
21438	2	0	2350	6	0	2358
21439	3	0	2	2320	0	2325
21440	3	2603	2	5	0	2613
21441	5	2	3	2797	0	2807
21442	4	1	5	2842	0	2852
21443	3	1	2	2848	0	2854
21444	2919	0	4	10	0	2933
21445	2965	0	2	11	0	2978
21446	3055	1	0	10	0	3066
21447	3067	1	0	9	0	3077
21448	4	6	3059	2	0	3071
21449	2981	1	3	7	0	2992
21450	3069	1	2	9	0	3081
21451	3	6	3056	1	0	3066
21452	2	4	3268	3	0	3277
21453	2	0	3	3342	0	3347
21454	1	3380	1	5	0	3387
21455	3495	1	2	14	0	3512
21456	3555	0	2	8	0	3565
21457	3632	1	2	14	0	3649
21458	7	1	2	3631	0	3641
21459	2	3820	1	4	0	3827
21460	4036	4	0	10	0	4050
21461	4130	0	0	12	0	4142
21462	2	1	0	4108	0	4111
21463	5	3	4059	4	0	4071
21464	4090	0	2	13	0	4105
21465	10	1	0	4263	0	4274
21466	4328	0	2	17	0	4347
21467	6	4	1	4426	0	4437
21468	4	4	4445	4	0	4457
21469	4740	0	4	21	0	4765
21470	10	1	2	4955	0	4968
21471	12	1	4	4956	0	4973
21472	6	1	2	5011	0	5020
21473	4	1	0	4999	0	5004
21474	5067	2	1	11	0	5081
21475	9	0	0	5046	0	5055
21476	10	5089	4	8	0	5111
21477	8	5	0	5227	0	5240
21478	3	5273	2	13	0	5291
21479	5	9	0	5442	0	5456
21480	8	0	0	5494	0	5502
21481	3	5484	4	8	0	5499
21482	4	7	1	5617	0	5629
21483	4	0	2	5609	0	5615
21484	5636	3	0	19	0	5658
21485	12	2	5788	8	0	5810
21486	7	0	15	5898	0	5920
21487	5959	1	1	33	0	5994
21488	5933	1	4	14	0	5952
21489	5954	0	1	18	0	5973
21490	25	4	5970	4	0	6003
21491	8	4	6010	7	0	6029
21492	19	4	25	6236	0	6284
21493	6375	1	4	38	0	6418
21494	31	7	6277	3	0	6318
21495	6156	2	30	20	0	6208
21496	28	6381	5	17	0	6431
21497	12	25	6	6857	0	6900
21498	18	2	3	7027	0	7050
21499	7138	6	7	40	0	7191
21500	32	5	3	7240	0	7280
21501	7102	3	2	56	0	7163
21502	7276	1	1	34	0	7312
21503	42	1	2	7273	0	7318
21504	16	1	3	7311	0	7331
21505	7355	0	3	54	0	7412
21506	37	6	7910	10	0	7963
21507	7869	2	24	58	0	7953
21508	35	12	8432	11	0	8490
21509	8563	0	32	35	0	8630
21510	9159	2	7	52	0	9220
21511	9105	3	10	31	0	9149
21512	9031	1	6	30	0	9068
21513	45	9067	11	16	0	9139
21514	9312	25	4	34	0	9375
21515	9368	1	6	32	0	9407
21516	35	9980	10	5	0	10030
21517	10122	28	0	48	0	10198
21518	45	9	10057	9	0	10120
21519	9948	4	30	37	0	10019
21520	45	26	10230	8	0	10309
21521	25	5	41	10295	0	10366
21522	22	3	8	10399	0	10432
21523	19	7	10512	41	0	10579
21524	30	4	46	10467	0	10547
21525	207	73	98	7063	0	7441
21526	11060	5	7	82	0	11154
21527	62	3	6	11145	0	11216
21528	33	2	6	11196	0	11237
21529	29	3	5	11277	0	11314
21530	15	11076	10	67	0	11168
21531	17	50	4	11197	0	11268
21532	11246	8	5	97	0	11356
21533	69	19	11359	21	0	11468
21534	30	9	59	11551	0	11649
21535	18	11	11557	80	0	11666
21536	11418	5	73	34	0	11530
21537	87	3	20	12039	0	12149
21538	20	10	14400	108	0	14538
21539	42	2	183	14444	0	14671
21540	42	8	140	14506	0	14696
21541	19	14558	97	344	0	15018
21542	44	190	48	15052	0	15334
21543	48	143	26	15800	0	16017
21544	19	111	15673	444	0	16247
21545	62	45	242	15718	0	16067
21546	55	17	155	16094	0	16321
21547	15646	9	111	501	0	16267
21548	15587	13	62	335	0	15997
21549	379	15675	38	172	0	16264
21550	15916	229	31	154	0	16330
21551	15973	155	31	140	0	16299
21552	449	16370	44	102	0	16965
21553	315	294	36	16411	0	17056
21554	16553	178	15	379	0	17125
21555	16638	114	26	272	0	17050
21556	16500	77	29	222	0	16828
21557	546	16155	41	131	0	16873
21558	368	281	16526	89	0	17264
21559	16783	173	272	132	0	17360
21560	17063	149	170	122	0	17504
21561	508	16955	121	94	0	17678
21562	17181	320	67	156	0	17724
21563	17482	187	57	110	0	17836
21564	648	156	23	17082	0	17909
21565	390	99	17184	384	0	18057
21566	319	73	329	17411	0	18132
21567	252	43	197	17557	0	18049
21568	205	70	127	17765	0	18167
21569	154	66	17062	605	0	17887
21570	229	69	342	16598	0	17238
21571	190	58	190	17290	0	17728
21572	186	47	132	17496	0	17861
21573	176	46	91	17463	0	17776
21574	163	53	61	17538	0	17815
21575	108	17082	46	824	0	18060
21576	128	345	49	17468	0	17990
21577	127	180	75	17932	0	18314
21578	85	132	17381	691	0	18289
21579	133	77	360	18555	0	19125
21580	118	57	196	18875	0	19246
21581	145	38	138	19448	0	19769
21582	128	46	103	19750	0	20027
21583	19159	46	70	996	0	20271
21584	499	66	54	19693	0	20312
21585	315	55	41	19799	0	20210
21586	219	86	18854	864	0	20023
21587	159	18150	423	592	0	19324
21588	102	19193	263	454	0	20012
21589	18682	529	190	463	0	19864
21590	424	19002	136	337	0	19899
21591	307	534	64	18903	0	19808
21592	18657	295	58	732	0	19742
21593	505	196	18608	514	0	19823
21594	328	142	444	18845	0	19759
21595	214	18752	266	719	0	19951
21596	206	452	169	18841	0	19668
21597	117	18802	122	747	0	19788
21598	154	579	80	18898	0	19711
21599	18528	363	48	800	0	19739
21600	516	259	18743	490	0	20008
21601	375	176	463	18384	0	19398
21602	248	18653	287	681	0	19869
21603	18528	493	201	521	0	19743
21604	539	319	18448	402	0	19708
21605	359	215	488	18428	0	19490
21606	288	191	17784	669	0	18932
21607	245	132	589	17799	0	18765
21608	180	105	17498	761	0	18544
21609	148	127	632	17128	0	18035
21610	162	114	364	17301	0	17941
21611	16633	132	246	902	0	17913
21612	16997	125	180	563	0	17865
21613	753	121	145	16575	0	17594
21614	458	16470	120	708	0	17756
21615	358	506	126	16807	0	17797
21616	235	287	125	16566	0	17213
21617	15693	184	136	988	0	17001
21618	520	15796	154	626	0	17096
21619	15778	516	113	514	0	16921
21620	15788	313	97	427	0	16625
21621	747	15145	111	343	0	16346
21622	449	15831	79	380	0	16739
21623	15369	637	107	396	0	16509
21624	653	345	14984	383	0	16365
21625	15045	258	501	364	0	16168
21626	15172	212	262	347	0	15993
21627	819	14671	229	294	0	16013
21628	553	503	149	13794	0	14999
21629	355	14710	159	623	0	15847
21630	14569	636	125	480	0	15810
21631	14870	400	154	377	0	15801
21632	809	268	120	14393	0	15590
21633	536	250	119	14527	0	15432
21634	13895	193	85	864	0	15037
21635	665	13690	91	596	0	15042
21636	434	13511	99	464	0	14508
21637	336	13466	109	367	0	14278
21638	179	10354	69	228	0	10830
21639	154	10610	77	220	0	11061
21640	235	517	94	10058	0	10904
21641	140	225	9729	458	0	10552
21642	158	9750	276	233	0	10417
21643	8926	338	107	167	0	9538
21644	362	166	77	8799	0	9404
21645	8748	153	71	341	0	9313
21646	343	8723	62	166	0	9294
21647	8728	310	76	170	0	9284
21648	351	8729	97	133	0	9310
21649	211	321	99	8719	0	9350
21650	8695	171	86	329	0	9281
21651	8885	126	84	199	0	9294
21652	371	129	73	8751	0	9324
21653	195	110	70	8805	0	9180
21654	204	8558	51	372	0	9185
21655	204	283	48	8612	0	9147
21656	159	133	36	8793	0	9121
21657	163	156	34	8598	0	8951
21658	138	8068	34	431	0	8671
21659	7446	230	37	226	0	7939
21660	253	7548	35	187	0	8023
21661	7381	275	27	144	0	7827
21662	295	7413	28	119	0	7855
21663	199	271	7172	104	0	7746
21664	162	177	190	7136	0	7665
21665	140	128	6967	238	0	7473
21666	120	113	6948	102	0	7283
21667	131	107	245	6834	0	7317
21668	125	86	6858	243	0	7312
21669	132	91	228	6723	0	7174
21670	133	90	130	6815	0	7168
21671	138	76	66	6944	0	7224
21672	6739	90	68	306	0	7203
21673	268	76	41	6771	0	7156
21674	183	91	29	6741	0	7044
21675	6388	60	23	314	0	6785
21676	250	6239	29	199	0	6717
21677	133	5855	21	170	0	6179
21678	135	5941	20	117	0	6213
21679	111	317	14	4609	0	5051
21680	64	66	4626	156	0	4912
21681	3927	76	121	70	0	4194
21682	99	4001	39	48	0	4187
21683	3703	89	23	37	0	3852
21684	3719	41	15	25	0	3800
21685	3724	36	10	27	0	3797
21686	117	41	3653	19	0	3830
21687	57	38	72	3697	0	3864
21688	48	28	32	3754	0	3862
21689	49	28	18	3794	0	3889
21690	60	20	24	3700	0	3804
21691	34	3650	15	102	0	3801
21692	3610	66	13	74	0	3763
21693	74	39	3457	33	0	3603
21694	3259	16	54	34	0	3363
21695	85	59	22	3107	0	3273
21696	45	3075	9	71	0	3200
21697	34	3203	6	34	0	3277
21698	39	188	10	2912	0	3149
21699	14	2986	12	55	0	3067
21700	2542	41	6	31	0	2620
21701	30	22	2498	8	0	2558
21702	14	13	24	2354	0	2405
21703	12	7	8	2414	0	2441
21704	7	5	7	2430	0	2449
21705	10	9	5	2404	0	2428
21706	2442	6	3	34	0	2485
21707	28	2477	1	45	0	2551
21708	2759	24	2	18	0	2803
21709	42	11	1	2855	0	2909
21710	27	8	6	2962	0	3003
21711	7	3054	7	67	0	3135
21712	3174	42	2	37	0	3255
21713	3220	18	3	22	0	3263
21714	60	3185	4	22	0	3271
21715	33	43	2	2995	0	3073
21716	13	3106	1	43	0	3163
21717	3087	43	9	34	0	3173
21718	46	24	3103	11	0	3184
21719	36	11	3042	13	0	3102
21720	2964	11	58	22	0	3055
21721	45	3051	28	8	0	3132
21722	34	45	10	3062	0	3151
21723	21	24	4	3083	0	3132
21724	9	22	3093	58	0	3182
21725	19	8	39	3107	0	3173
21726	12	7	24	3131	0	3174
21727	7	3080	19	65	0	3171
21728	14	39	5	3112	0	3170
21729	14	24	5	3098	0	3141
21730	3038	14	5	74	0	3131
21731	46	2979	7	39	0	3071
21732	26	3000	6	28	0	3060
21733	20	60	8	3007	0	3095
21734	16	29	5	3061	0	3111
21735	10	17	4	3042	0	3073
21736	6	3005	6	76	0	3093
21737	14	49	3	3069	0	3135
21738	21	30	3	3048	0	3102
21739	14	17	3	3060	0	3094
21740	18	9	2	3056	0	3085
21741	4	2956	6	76	0	3042
21742	9	3110	3	41	0	3163
21743	3044	58	6	27	0	3135
21744	3073	26	6	16	0	3121
21745	76	18	1	3042	0	3137
21746	33	16	3046	54	0	3149
21747	21	10	40	3068	0	3139
21748	14	11	20	3070	0	3115
21749	2982	4	11	81	0	3078
21750	48	3094	5	38	0	3185
21751	34	44	3	3094	0	3175
21752	17	30	2	3138	0	3187
21753	5	13	3074	78	0	3170
21754	9	7	3079	45	0	3140
21755	15	8	60	3068	0	3151
21756	7	11	28	3063	0	3109
21757	12	3045	11	68	0	3136
21758	5	3111	9	36	0	3161
21759	3056	60	5	31	0	3152
21760	54	30	5	3072	0	3161
21761	28	14	3064	50	0	3156
21762	9	3028	42	35	0	3114
21763	5	43	23	3077	0	3148
21764	3077	20	9	63	0	3169
21765	40	18	5	3109	0	3172
21766	3036	8	4	67	0	3115
21767	41	3076	3	39	0	3159
21768	3063	40	8	27	0	3138
21769	51	28	5	3092	0	3176
21770	29	16	3237	50	0	3332
21771	23	6	43	3242	0	3314
21772	6	3336	23	68	0	3433
21773	10	50	9	3379	0	3448
21774	11	3503	4	57	0	3575
21775	27	60	4	3592	0	3683
21776	14	32	3514	73	0	3633
21777	6	16	3446	48	0	3516
21778	14	15	3524	30	0	3583
21779	3456	20	75	30	0	3581
21780	57	3493	35	19	0	3604
21781	38	3606	16	12	0	3672
21782	3529	76	12	22	0	3639
21783	3555	37	13	31	0	3636
21784	87	24	11	3508	0	3630
21785	40	15	3519	66	0	3640
21786	18	19	3443	44	0	3524
21787	24	10	78	3406	0	3518
21788	3413	18	38	72	0	3541
21789	51	3434	20	45	0	3550
21790	44	59	13	3456	0	3572
21791	3408	32	14	80	0	3534
21792	3422	13	15	54	0	3504
21793	79	12	3380	29	0	3500
21794	3318	22	57	20	0	3417
21795	71	14	3408	28	0	3521
21796	44	11	3483	31	0	3569
21797	29	18	76	3345	0	3468
21798	22	11	40	3398	0	3471
21799	18	17	21	3460	0	3516
21800	15	16	3370	104	0	3505
21801	3334	20	62	61	0	3477
21802	66	14	32	3442	0	3554
21803	3397	13	22	86	0	3518
21804	3376	14	18	56	0	3464
21805	87	3424	15	34	0	3560
21806	40	3447	11	25	0	3523
21807	23	3400	17	29	0	3469
21808	33	84	19	3054	0	3190
21809	20	27	3044	51	0	3142
21810	32	100	51	2770	0	2953
21811	14	2850	23	43	0	2930
21812	9	2777	16	26	0	2828
21813	22	41	11	2746	0	2820
21814	2706	19	10	43	0	2778
21815	40	2666	14	22	0	2742
21816	20	2681	7	18	0	2726
21817	2704	41	12	16	0	2773
21818	49	17	9	2697	0	2772
21819	28	14	11	2678	0	2731
21820	20	12	12	2732	0	2776
21821	2655	9	8	59	0	2731
21822	2677	5	17	26	0	2725
21823	51	6	10	2665	0	2732
21824	16	10	2589	50	0	2665
21825	2565	8	37	27	0	2637
21826	48	5	15	2623	0	2691
21827	23	5	2588	47	0	2663
21828	16	9	2552	26	0	2603
21829	14	10	50	2636	0	2710
21830	26	6	2726	50	0	2808
21831	17	5	44	2970	0	3036
21832	23	29	20	2936	0	3008
21833	19	11	9	3194	0	3233
21834	3127	16	11	84	0	3238
21835	72	7	12	3134	0	3225
21836	26	8	17	3164	0	3215
21837	15	10	12	3178	0	3215
21838	19	16	13	3173	0	3221
21839	17	18	3060	85	0	3180
21840	8	3077	59	36	0	3180
21841	15	73	15	2986	0	3089
21842	16	19	10	2967	0	3012
21843	15	2876	10	74	0	2975
21844	10	3027	12	32	0	3081
21845	2964	69	17	35	0	3085
21846	59	2905	18	24	0	3006
21847	22	52	10	2905	0	2989
21848	20	21	2929	66	0	3036
21849	2850	19	52	33	0	2954
21850	66	18	2782	28	0	2894
21851	2775	12	56	29	0	2872
21852	2831	5	19	33	0	2888
21853	70	8	2843	22	0	2943
21854	30	8	65	2713	0	2816
21855	14	2760	27	78	0	2879
21856	25	57	21	2900	0	3003
21857	2950	15	17	83	0	3065
21858	3015	10	15	31	0	3071
21859	72	2965	13	35	0	3085
21860	2946	60	14	42	0	3062
21861	77	12	14	2862	0	2965
21862	2843	8	13	97	0	2961
21863	2921	5	13	37	0	2976
21864	86	11	12	2841	0	2950
21865	2811	14	9	92	0	2926
21866	2787	6	15	45	0	2853
21867	71	11	2744	41	0	2867
21868	2687	15	65	40	0	2807
21869	73	16	2679	30	0	2798
21870	22	13	2458	28	0	2521
21871	19	2507	56	29	0	2611
21872	33	59	35	2332	0	2459
21873	19	16	2399	62	0	2496
21874	10	9	2351	21	0	2391
21875	2353	11	55	11	0	2430
21876	57	11	12	2360	0	2440
21877	16	9	12	2425	0	2462
21878	12	8	17	2429	0	2466
21879	14	11	8	2440	0	2473
21880	16	5	11	2449	0	2481
21881	21	10	2385	58	0	2474
21882	17	10	2387	23	0	2437
21883	18	8	53	2411	0	2490
21884	2383	8	7	63	0	2461
21885	49	2359	9	27	0	2444
21886	21	42	13	2338	0	2414
21887	2342	7	12	60	0	2421
21888	54	2338	12	24	0	2428
21889	20	47	12	2365	0	2444
21890	28	12	2	2391	0	2433
21891	17	9	14	2410	0	2450
21892	2352	4	12	68	0	2436
21893	63	7	2303	18	0	2391
21894	2322	12	52	21	0	2407
21895	59	5	8	2358	0	2430
21896	24	4	7	2277	0	2312
21897	14	2295	17	65	0	2391
21898	17	49	2289	24	0	2379
21899	2273	7	51	19	0	2350
21900	2338	7	20	28	0	2393
21901	63	9	2253	23	0	2348
21902	2190	6	47	33	0	2276
21903	55	2270	15	22	0	2362
21904	21	2328	9	20	0	2378
21905	20	2309	14	17	0	2360
21906	2220	52	16	21	0	2309
21907	55	13	2222	23	0	2313
21908	19	11	52	2130	0	2212
21909	8	2101	13	46	0	2168
21910	14	2165	6	23	0	2208
21911	15	2111	9	17	0	2152
21912	36	66	13	1787	0	1902
21913	2008	10	6	55	0	2079
21914	43	2040	7	23	0	2113
21915	14	44	7	2061	0	2126
21916	14	8	7	2091	0	2120
21917	2043	7	13	48	0	2111
21918	52	7	3	2037	0	2099
21919	24	4	9	2094	0	2131
21920	13	7	2074	52	0	2146
21921	8	14	36	2050	0	2108
21922	15	5	10	2143	0	2173
21923	2099	9	15	51	0	2174
21924	2127	6	8	26	0	2167
21925	56	6	9	2132	0	2203
21926	2057	6	4	53	0	2120
21927	2109	8	3	22	0	2142
21928	39	2090	10	17	0	2156
21929	20	34	2033	10	0	2097
21930	15	1966	28	16	0	2025
21931	25	64	11	1717	0	1817
21932	1621	5	21	20	0	1667
21933	13	1603	2	14	0	1632
21934	8	9	6	1609	0	1632
21935	1597	5	5	20	0	1627
21936	1607	4	2	13	0	1626
21937	17	4	2	1589	0	1612
21938	7	7	1680	13	0	1707
21939	9	2	9	1714	0	1734
21940	10	1	4	1738	0	1753
21941	5	5	1767	16	0	1793
21942	11	6	13	1745	0	1775
21943	7	4	8	1758	0	1777
21944	1848	4	1	22	0	1875
21945	12	7	2	1873	0	1894
21946	10	2	1	1894	0	1907
21947	1864	8	5	21	0	1898
21948	1827	3	2	18	0	1850
21949	1825	5	0	9	0	1839
21950	26	3	1835	5	0	1869
21951	9	4	16	1802	0	1831
21952	10	1840	2	21	0	1873
21953	9	20	6	1857	0	1892
21954	6	10	1949	17	0	1982
21955	19	20	16	1848	0	1903
21956	10	2	1902	20	0	1934
21957	1766	3	16	3	0	1788
21958	1803	1	3	8	0	1815
21959	13	1	4	1881	0	1899
21960	7	3	2	1918	0	1930
21961	6	1	1	1928	0	1936
21962	3	2042	0	15	0	2060
21963	2016	8	0	14	0	2038
21964	2073	1	4	11	0	2089
21965	10	1	1	2095	0	2107
21966	7	2	0	2087	0	2096
21967	6	3	1	2101	0	2111
21968	3	4	2	2101	0	2110
21969	2	2	2099	17	0	2120
21970	7	3	9	2113	0	2132
21971	2099	2	1	20	0	2122
21972	2094	1	4	9	0	2108
21973	10	5	0	2073	0	2088
21974	6	1	2043	11	0	2061
21975	1977	0	9	8	0	1994
21976	11	6	1	2062	0	2080
21977	4	2046	7	11	0	2068
21978	4	2124	3	5	0	2136
21979	2177	12	6	17	0	2212
21980	12	3	1	2254	0	2270
21981	5	4	3	2291	0	2303
21982	6	1	0	2408	0	2415
21983	1	0	2	2433	0	2436
21984	6	0	0	2518	0	2524
21985	1	2	2538	27	0	2568
21986	5	1	2483	10	0	2499
21987	6	0	2500	7	0	2513
21988	6	0	24	2503	0	2533
21989	2	1	2632	25	0	2660
21990	6	0	33	2633	0	2672
21991	5	5	6	2634	0	2650
21992	4	4	4	2734	0	2746
21993	2751	0	3	53	0	2807
21994	33	1	2	2783	0	2819
21995	9	4	3	2824	0	2840
21996	2782	0	4	51	0	2837
21997	32	2792	4	15	0	2843
21998	9	2891	5	11	0	2916
21999	2895	34	5	16	0	2950
22000	33	2973	6	7	0	3019
22001	2973	35	4	17	0	3029
22002	3014	8	1	14	0	3037
22003	2993	5	4	11	0	3013
22004	2971	2	0	16	0	2989
22005	2973	1	1	18	0	2993
22006	48	2941	3	8	0	3000
22007	2953	35	0	13	0	3001
22008	2985	11	1	13	0	3010
22009	45	3070	2	5	0	3122
22010	3308	36	1	12	0	3357
22011	3396	12	2	11	0	3421
22012	3673	8	1	12	0	3694
22013	3850	4	2	12	0	3868
22014	92	5	4069	2	0	4168
22015	53	3	71	4248	0	4375
22016	30	5	20	4388	0	4443
22017	23	5	4333	99	0	4460
22018	19	6	4319	30	0	4374
22019	4278	4	103	20	0	4405
22020	105	6	27	4340	0	4478
22021	36	5	4378	84	0	4503
22022	23	7	4347	20	0	4397
22023	4298	4	108	22	0	4432
22024	4416	5	33	19	0	4473
22025	4405	4	13	19	0	4441
22026	122	2	4301	9	0	4434
22027	57	5	94	4246	0	4402
22028	26	2	4351	85	0	4464
22029	4290	2	96	41	0	4429
22030	93	3	4376	22	0	4494
22031	41	0	107	4279	0	4427
22032	33	6	42	4351	0	4432
22033	21	4382	27	107	0	4537
22034	4439	86	16	47	0	4588
22035	108	23	4366	81	0	4578
22036	4421	13	105	19	0	4558
22037	121	6	4544	16	0	4687
22038	59	6	114	4405	0	4584
22039	38	9	36	4458	0	4541
22040	31	2	29	4506	0	4568
22041	4374	6	21	143	0	4544
22042	119	6	26	4344	0	4495
22043	56	7	13	4426	0	4502
22044	36	4274	20	133	0	4463
22045	34	96	21	4304	0	4455
22046	4264	23	25	126	0	4438
22047	113	16	4234	48	0	4411
22048	61	13	103	4199	0	4376
22049	36	10	4230	111	0	4387
22050	31	4122	115	51	0	4319
22051	35	86	4194	33	0	4348
22052	4102	31	112	52	0	4297
22053	4258	13	51	40	0	4362
22054	136	7	34	4102	0	4279
22055	4121	5	26	128	0	4280
22056	4147	7	26	66	0	4246
22057	148	5	27	4078	0	4258
22058	64	11	32	4150	0	4257
22059	37	9	4025	137	0	4208
22060	33	3945	114	66	0	4158
22061	3932	90	55	51	0	4128
22062	117	3856	33	41	0	4047
22063	55	95	35	3852	0	4037
22064	55	30	23	3894	0	4002
22065	55	18	31	3906	0	4010
22066	56	10	27	3899	0	3992
22067	28	7	3771	151	0	3957
22068	3694	11	107	81	0	3893
22069	3830	12	54	47	0	3943
22070	145	14	33	3757	0	3949
22071	3753	9	29	130	0	3921
22072	132	21	20	3769	0	3942
22073	59	11	3732	133	0	3935
22074	52	15	105	3685	0	3857
22075	40	3656	48	132	0	3876
22076	39	94	25	3602	0	3760
22077	32	3636	28	128	0	3824
22078	33	103	27	3499	0	3662
22079	31	3520	28	119	0	3698
22080	3418	105	26	74	0	3623
22081	130	36	3389	42	0	3597
22082	46	3195	107	45	0	3393
22083	35	3294	48	53	0	3430
22084	56	103	51	3110	0	3320
22085	44	37	18	3156	0	3255
22086	33	20	27	3177	0	3257
22087	40	18	24	3164	0	3246
22088	34	3058	24	141	0	3257
22089	40	84	24	3023	0	3171
22090	30	29	18	3050	0	3127
22091	2929	25	20	124	0	3098
22092	106	22	19	2956	0	3103
22093	50	19	2875	110	0	3054
22094	31	18	2862	66	0	2977
22095	2738	19	87	63	0	2907
22096	86	2787	42	45	0	2960
22097	33	2830	21	50	0	2934
22098	37	88	24	2748	0	2897
22099	26	38	17	2781	0	2862
22100	30	24	2627	121	0	2802
22101	2582	18	71	63	0	2734
22102	2638	18	33	51	0	2740
22103	96	18	2696	44	0	2854
22104	45	13	2642	45	0	2745
22105	2628	17	85	41	0	2771
22106	2728	15	31	50	0	2824
22107	2729	21	20	41	0	2811
22108	2700	14	22	38	0	2774
22109	90	2530	14	46	0	2680
22110	2278	64	15	36	0	2393
22111	80	21	2165	26	0	2292
22112	25	13	1901	14	0	1953
22113	20	12	1807	16	0	1855
22114	44	150	79	1208	0	1481
22115	1203	2	25	15	0	1245
22116	1190	2	4	6	0	1202
22117	20	8	1	1173	0	1202
22118	9	7	0	1159	0	1175
22119	3	4	2	1211	0	1220
22120	0	1298	8	17	0	1323
22121	1304	10	4	12	0	1330
22122	1319	4	3	7	0	1333
22123	1329	3	2	5	0	1339
22124	1322	2	4	5	0	1333
22125	1324	2	2	9	0	1337
22126	27	0	2	1287	0	1316
22127	7	1273	2	18	0	1300
22128	10	17	4	1239	0	1270
22129	3	6	4	1225	0	1238
22130	1214	2	1	12	0	1229
22131	19	1	1179	5	0	1204
22132	5	2	1131	2	0	1140
22133	6	1	1165	2	0	1174
22134	1168	3	9	4	0	1184
22135	1172	0	13	7	0	1192
22136	5	3	1	1211	0	1220
22137	4	0	0	1190	0	1194
22138	4	0	1	1187	0	1192
22139	4	0	1223	6	0	1233
22140	2	0	8	1194	0	1204
22141	1	1	1339	6	0	1347
22142	4	0	9	1331	0	1344
22143	7	0	0	1340	0	1347
22144	5	0	1	1373	0	1379
22145	1376	0	0	13	0	1389
22146	1382	1	0	6	0	1389
22147	5	0	1416	8	0	1429
22148	1378	0	8	5	0	1391
22149	1404	0	2	6	0	1412
22150	7	0	5	1410	0	1422
22151	1446	0	3	8	0	1457
22152	9	0	1	1495	0	1505
22153	1	0	0	1503	0	1504
22154	5	0	1486	12	0	1503
22155	1450	0	8	8	0	1466
22156	14	0	5	1492	0	1511
22157	4	0	1524	10	0	1538
22158	6	1	1646	2	0	1655
22159	8	0	10	1636	0	1654
22160	7	0	3	1652	0	1662
22161	1689	0	2	18	0	1709
22162	11	0	1	1712	0	1724
22163	3	0	3	1709	0	1715
22164	10	0	2	1737	0	1749
22165	6	0	0	1878	0	1884
22166	1959	0	4	26	0	1989
22167	1986	0	7	11	0	2004
22168	2057	0	3	13	0	2073
22169	2086	0	2	11	0	2099
22170	34	1	0	2169	0	2204
22171	2195	0	4	28	0	2227
22172	25	0	0	2208	0	2233
22173	2213	1	1	34	0	2249
22174	32	0	0	2210	0	2242
22175	15	0	1	2193	0	2209
22176	13	2213	2	21	0	2249
22177	14	18	3	2229	0	2264
22178	2220	5	1	34	0	2260
22179	2202	5	0	16	0	2223
22180	28	1	2240	10	0	2279
22181	12	2265	19	8	0	2304
22182	2279	18	9	6	0	2312
22183	25	2340	6	11	0	2382
22184	2333	23	2	15	0	2373
22185	25	2430	3	18	0	2476
22186	9	24	2512	6	0	2551
22187	12	2498	23	7	0	2540
22188	9	2547	8	10	0	2574
22189	11	21	9	2619	0	2660
22190	2696	11	5	32	0	2744
22191	28	9	2	2725	0	2764
22192	22	5	0	2731	0	2758
22193	2719	3	1	42	0	2765
22194	2803	3	0	22	0	2828
22195	34	4	4	2815	0	2857
22196	24	3	4	2808	0	2839
22197	22	5	2	2811	0	2840
22198	2776	3	2	46	0	2827
22199	32	3	2794	18	0	2847
22200	18	2	25	2804	0	2849
22201	19	0	2903	31	0	2953
22202	7	2858	26	20	0	2911
22203	18	21	2810	13	0	2862
22204	15	14	28	2779	0	2836
22205	12	5	2809	32	0	2858
22206	2749	7	30	24	0	2810
22207	36	3	10	2809	0	2858
22208	12	2941	13	31	0	2997
22209	20	20	7	2950	0	2997
22210	10	2937	8	32	0	2987
22211	13	2978	2	17	0	3010
22212	8	2994	4	16	0	3022
22213	16	40	6	2883	0	2945
22214	10	2948	4	34	0	2996
22215	2939	32	3	18	0	2992
22216	32	13	2894	17	0	2956
22217	23	17	2831	10	0	2881
22218	15	9	2937	13	0	2974
22219	14	5	30	2978	0	3027
22220	14	6	14	2879	0	2913
22221	17	5	10	2872	0	2904
22222	23	6	10	2894	0	2933
22223	28	3	3	2837	0	2871
22224	15	2996	8	49	0	3068
22225	22	20	2988	27	0	3057
22226	15	12	2959	20	0	3006
22227	10	3053	30	24	0	3117
22228	20	22	18	3113	0	3173
22229	20	16	7	3131	0	3174
22230	14	10	9	3139	0	3172
22231	3110	11	7	65	0	3193
22232	33	10	3113	32	0	3188
22233	3046	11	27	27	0	3111
22234	3083	10	8	24	0	3125
22235	36	3043	16	15	0	3110
22236	24	3103	9	16	0	3152
22237	3148	37	15	14	0	3214
22238	42	28	4	3185	0	3259
22239	21	13	9	3257	0	3300
22240	13	15	3363	44	0	3435
22241	15	12	3286	22	0	3335
22242	12	10	37	3386	0	3445
22243	3405	15	18	51	0	3489
22244	36	15	3570	19	0	3640
22245	3649	9	46	22	0	3726
22246	56	13	13	3805	0	3887
22247	24	15	12	3947	0	3998
22248	21	9	10	4095	0	4135
22249	16	6	4106	69	0	4197
22250	13	3996	44	39	0	4092
22251	9	4224	13	34	0	4280
22252	4187	53	13	30	0	4283
22253	4271	12	14	22	0	4319
22254	70	19	9	4266	0	4364
22255	4285	10	9	74	0	4378
22256	68	5	4243	20	0	4336
22257	24	10	4224	24	0	4282
22258	28	5	63	4111	0	4207
22259	4229	9	27	79	0	4344
22260	61	2	27	4303	0	4393
22261	25	9	14	4412	0	4460
22262	4361	9	12	84	0	4466
22263	4424	13	12	40	0	4489
22264	74	4587	19	32	0	4712
22265	4546	67	8	28	0	4649
22266	84	25	13	4452	0	4574
22267	22	4502	8	77	0	4609
22268	4456	65	6	29	0	4556
22269	73	4490	13	19	0	4595
22270	29	68	6	4451	0	4554
22271	4439	12	7	67	0	4525
22272	78	12	4394	14	0	4498
22273	16	12	4369	23	0	4420
22274	25	21	65	4279	0	4390
22275	31	4	18	4414	0	4467
22276	25	6	18	4324	0	4373
22277	12	4463	12	75	0	4562
22278	4551	67	5	42	0	4665
22279	4559	14	8	42	0	4623
22280	4609	15	9	27	0	4660
22281	93	4732	6	13	0	4844
22282	45	76	4	5035	0	5160
22283	39	20	7	5043	0	5109
22284	35	17	5	5071	0	5128
22285	4836	13	5	115	0	4969
22286	85	4810	9	51	0	4955
22287	43	74	12	4826	0	4955
22288	39	24	12	4891	0	4966
22289	24	23	4738	101	0	4886
22290	29	4670	74	45	0	4818
22291	30	92	21	4656	0	4799
22292	39	22	13	4708	0	4782
22293	39	20	8	4711	0	4778
22294	4549	26	8	121	0	4704
22295	90	4527	9	59	0	4685
22296	4581	81	13	43	0	4718
22297	104	35	10	4566	0	4715
22298	4595	26	5	102	0	4728
22299	102	23	4512	48	0	4685
22300	4524	18	74	64	0	4680
22301	4568	15	15	64	0	4662
22302	117	17	4527	29	0	4690
22303	61	19	85	4535	0	4700
22304	55	19	23	4507	0	4604
22305	4641	16	20	135	0	4812
22306	104	9	20	4659	0	4792
22307	43	20	15	4703	0	4781
22308	57	23	7	4630	0	4717
22309	42	18	4528	116	0	4704
22310	4376	10	77	81	0	4544
22311	113	4578	23	56	0	4770
22312	60	90	24	4532	0	4706
22313	43	4537	14	107	0	4701
22314	34	4787	12	66	0	4899
22315	33	98	20	4791	0	4942
22316	34	31	4793	123	0	4981
22317	34	33	4793	51	0	4911
22318	55	22	95	4787	0	4959
22319	32	16	4794	140	0	4982
22320	4777	21	104	76	0	4978
22321	119	28	28	4929	0	5104
22322	50	22	30	4993	0	5095
22323	39	4949	22	143	0	5153
22324	42	102	18	4928	0	5090
22325	49	27	20	4916	0	5012
22326	27	4814	27	143	0	5011
22327	48	97	25	4897	0	5067
22328	45	31	13	4926	0	5015
22329	31	4840	25	141	0	5037
22330	4845	104	22	78	0	5049
22331	118	42	4805	61	0	5026
22332	50	27	4801	49	0	4927
22333	53	51	106	4726	0	4936
22334	45	23	39	4860	0	4967
22335	26	19	4752	145	0	4942
22336	34	27	4690	71	0	4822
22337	4425	22	102	87	0	4636
22338	107	4617	39	63	0	4826
22339	4544	94	34	73	0	4745
22340	109	29	4467	62	0	4667
22341	35	4456	87	54	0	4632
22342	40	113	45	4491	0	4689
22343	31	36	4602	127	0	4796
22344	25	33	4447	50	0	4555
22345	39	52	105	4475	0	4671
22346	22	20	4453	127	0	4622
22347	20	4326	106	49	0	4501
22348	30	104	38	4222	0	4394
22349	21	32	4280	113	0	4446
22350	22	4331	107	47	0	4507
22351	4236	95	37	45	0	4413
22352	97	26	4216	49	0	4388
22353	40	4178	111	32	0	4361
22354	36	109	37	4143	0	4325
22355	29	29	34	4329	0	4421
22356	4265	31	27	132	0	4455
22357	105	30	29	4245	0	4409
22358	41	11	20	4282	0	4354
22359	4119	19	33	136	0	4307
22360	103	27	25	4097	0	4252
22361	31	16	4000	136	0	4183
22362	35	19	103	3981	0	4138
22363	20	17	3952	122	0	4111
22364	20	18	3756	51	0	3845
22365	19	18	3781	39	0	3857
22366	50	15	103	3583	0	3751
22367	20	11	56	3710	0	3797
22368	3647	13	31	112	0	3803
22369	82	16	21	3555	0	3674
22370	29	3701	28	103	0	3861
22371	26	69	28	3797	0	3920
22372	22	20	24	3803	0	3869
22373	19	3749	19	116	0	3903
22374	3748	73	29	64	0	3914
22375	3736	25	24	55	0	3840
22376	82	3669	24	50	0	3825
22377	21	3619	29	31	0	3700
22378	48	137	41	3478	0	3704
22379	3541	23	34	86	0	3684
22380	67	30	3544	45	0	3686
22381	27	18	3289	40	0	3374
22382	2943	9	59	38	0	3049
22383	66	3097	23	30	0	3216
22384	22	62	15	3107	0	3206
22385	16	17	17	3120	0	3170
22386	18	19	11	3172	0	3220
22387	18	20	11	3189	0	3238
22388	15	3133	8	79	0	3235
22389	18	61	11	3153	0	3243
22390	3151	16	10	92	0	3269
22391	64	19	15	3204	0	3302
22392	21	15	14	3258	0	3308
22393	3258	9	13	92	0	3372
22394	3278	10	15	46	0	3349
22395	3321	8	14	44	0	3387
22396	3361	8	8	33	0	3410
22397	94	12	9	3303	0	3418
22398	3301	12	9	85	0	3407
22399	80	12	4	3294	0	3390
22400	3264	7	6	101	0	3378
22401	3282	10	9	32	0	3333
22402	85	10	9	3272	0	3376
22403	40	10	3283	82	0	3415
22404	3352	10	62	37	0	3461
22405	3385	12	10	37	0	3444
22406	3368	6	12	48	0	3434
22407	3390	6	11	25	0	3432
22408	95	5	10	3348	0	3458
22409	44	6	3350	78	0	3478
22410	39	12	3371	23	0	3445
22411	3383	18	56	39	0	3496
22412	3433	4	21	39	0	3497
22413	70	3375	22	29	0	3496
22414	30	3321	13	27	0	3391
22415	3416	52	13	31	0	3512
22416	73	23	12	3360	0	3468
22417	38	24	11	3501	0	3574
22418	3453	9	8	72	0	3542
22419	67	3518	5	33	0	3623
22420	3598	50	6	42	0	3696
22421	71	14	3549	26	0	3660
22422	3559	12	46	23	0	3640
22423	70	10	14	3548	0	3642
22424	29	10	3615	64	0	3718
22425	32	3623	51	26	0	3732
22426	37	52	11	3759	0	3859
22427	22	18	4002	67	0	4109
22428	32	13	54	3992	0	4091
22429	4110	12	14	85	0	4221
22430	74	13	4050	36	0	4173
22431	3993	7	68	44	0	4112
22432	77	4104	23	28	0	4232
22433	44	50	16	4195	0	4305
22434	36	19	4372	62	0	4489
22435	36	17	61	4346	0	4460
22436	26	15	4445	70	0	4556
22437	21	4389	67	35	0	4512
22438	4346	55	25	45	0	4471
22439	62	4528	19	21	0	4630
22440	29	63	10	4533	0	4635
22441	36	22	15	4554	0	4627
22442	26	16	4397	69	0	4508
22443	3845	17	53	48	0	3963
22444	63	4193	21	27	0	4304
22445	20	3950	12	20	0	4002
22446	22	4002	8	14	0	4046
22447	17	76	16	3901	0	4010
22448	12	3905	11	40	0	3968
22449	17	42	8	3868	0	3935
22450	10	3913	12	38	0	3973
22451	8	43	5	3863	0	3919
22452	9	3960	3	33	0	4005
22453	3952	31	4	24	0	4011
22454	28	16	3908	12	0	3964
22455	3760	15	24	17	0	3816
22456	3912	6	10	17	0	3945
22457	3991	7	8	15	0	4021
22458	38	3970	8	9	0	4025
22459	4025	26	9	14	0	4074
22460	4032	14	1	17	0	4064
22461	4085	9	3	20	0	4117
22462	39	9	4036	5	0	4089
22463	27	7	21	4104	0	4159
22464	15	5	4231	30	0	4281
22465	13	6	28	4177	0	4224
22466	4232	2	18	38	0	4290
22467	32	4202	11	16	0	4261
22468	24	30	4667	8	0	4729
22469	23	11	38	4662	0	4734
22470	14	8	14	5009	0	5045
22471	8	10	5411	57	0	5486
22472	5308	5	61	29	0	5403
22473	5506	4	25	26	0	5561
22474	5614	4	12	27	0	5657
22475	79	5	10	5571	0	5665
22476	37	5447	9	62	0	5555
22477	23	5700	15	20	0	5758
22478	28	65	11	5658	0	5762
22479	24	27	4	5625	0	5680
22480	13	5599	5	78	0	5695
22481	5592	55	9	37	0	5693
22482	53	5591	6	23	0	5673
22483	35	67	5	5539	0	5646
22484	12	29	5538	65	0	5644
22485	27	19	57	5466	0	5569
22486	5526	12	20	82	0	5640
22487	64	15	5509	27	0	5615
22488	5523	8	58	35	0	5624
22489	5642	13	27	32	0	5714
22490	5712	10	16	26	0	5764
22491	5747	8	13	28	0	5796
22492	5924	10	10	20	0	5964
22493	98	12	5724	12	0	5846
22494	56	12	5668	8	0	5744
22495	6059	12	70	23	0	6164
22496	6262	9	31	21	0	6323
22497	118	7	25	6410	0	6560
22498	58	6458	20	95	0	6631
22499	43	87	12	6554	0	6696
22500	6666	31	16	107	0	6820
22501	123	24	9	6497	0	6653
22502	53	6738	9	104	0	6904
22503	6702	92	15	60	0	6869
22504	6597	38	9	52	0	6696
22505	6659	22	7	39	0	6727
22506	143	6574	13	22	0	6752
22507	87	92	10	6594	0	6783
22508	60	48	6	6560	0	6674
22509	41	6394	9	110	0	6554
22510	52	97	9	6489	0	6647
22511	6391	41	6	133	0	6571
22512	6402	36	6	69	0	6513
22513	139	6313	10	39	0	6501
22514	84	95	6	6350	0	6535
22515	69	45	3	6339	0	6456
22516	47	34	14	6376	0	6471
22517	6173	21	15	154	0	6363
22518	112	21	6119	80	0	6332
22519	5914	23	88	60	0	6085
22520	124	35	6009	50	0	6218
22521	83	26	101	5858	0	6068
22522	62	5871	42	112	0	6087
22523	49	6143	26	53	0	6271
22524	5953	133	20	63	0	6169
22525	5966	63	13	57	0	6099
22526	138	5783	24	40	0	5985
22527	68	5655	16	31	0	5770
22528	5686	131	15	41	0	5873
22529	5827	61	9	31	0	5928
22530	149	5886	16	27	0	6078
22531	6044	109	11	38	0	6202
22532	133	69	5966	30	0	6198
22533	6001	41	96	43	0	6181
22534	6005	23	38	35	0	6101
22535	172	22	23	5886	0	6103
22536	91	5857	22	103	0	6073
22537	85	99	17	5925	0	6126
22538	5968	42	22	123	0	6155
22539	151	31	9	5752	0	5943
22540	94	25	12	5871	0	6002
22541	67	26	5902	142	0	6137
22542	62	21	97	5945	0	6125
22543	55	20	51	6086	0	6212
22544	6030	22	23	155	0	6230
22545	129	30	6011	83	0	6253
22546	6023	31	105	70	0	6229
22547	133	33	45	6083	0	6294
22548	82	20	21	6126	0	6249
22549	65	26	14	6117	0	6222
22550	50	5853	19	164	0	6086
22551	55	6030	24	74	0	6183
22552	59	137	19	5953	0	6168
22553	5962	51	13	144	0	6170
22554	6018	30	14	72	0	6134
22555	160	29	17	5940	0	6146
22556	5922	32	18	134	0	6106
22557	159	27	12	5901	0	6099
22558	85	20	17	6028	0	6150
22559	5782	26	8	166	0	5982
22560	146	5988	10	88	0	6232
22561	5963	112	12	82	0	6169
22562	5983	47	13	62	0	6105
22563	5860	27	12	73	0	5972
22564	172	5757	12	48	0	5989
22565	92	119	19	5777	0	6007
22566	70	60	17	5837	0	5984
22567	72	29	5664	136	0	5901
22568	66	68	91	5242	0	5467
22569	45	25	5082	127	0	5279
22570	34	4775	78	53	0	4940
22571	20	4257	33	45	0	4355
22572	36	4304	14	32	0	4386
22573	54	84	42	4328	0	4508
22574	28	38	11	4360	0	4437
22575	19	29	15	4396	0	4459
22576	22	18	7	4431	0	4478
22577	14	23	4444	114	0	4595
22578	20	18	5326	63	0	5427
22579	32	9	112	5547	0	5700
22580	23	16	5730	121	0	5890
22581	5682	17	112	72	0	5883
22582	5799	14	43	58	0	5914
22583	123	18	5778	43	0	5962
22584	73	13	103	5757	0	5946
22585	63	11	45	5887	0	6006
22586	59	12	39	5937	0	6047
22587	51	9	23	5859	0	5942
22588	61	6	25	5959	0	6051
22589	4490	42	45	236	0	4813
22590	5864	17	15	121	0	6017
22591	108	5828	16	87	0	6039
22592	62	98	5562	58	0	5780
22593	38	5532	95	56	0	5721
22594	34	5601	37	40	0	5712
22595	5279	98	27	46	0	5450
22596	95	5211	18	33	0	5357
22597	33	4969	17	25	0	5044
22598	4899	94	18	40	0	5051
22599	89	40	4860	21	0	5010
22600	4789	28	70	21	0	4908
22601	90	28	22	4867	0	5007
22602	44	19	20	4760	0	4843
22603	36	15	16	4810	0	4877
22604	25	19	4698	109	0	4851
22605	21	4717	67	47	0	4852
22606	4748	68	27	56	0	4899
22607	86	30	24	4751	0	4891
22608	26	4815	21	105	0	4967
22609	33	69	24	4915	0	5041
22610	31	29	4915	101	0	5076
22611	35	30	81	4892	0	5038
22612	28	25	36	5039	0	5128
22613	30	24	19	5060	0	5133
22614	4961	18	25	135	0	5139
22615	97	17	21	5007	0	5142
22616	37	14	4943	146	0	5140
22617	34	4935	81	80	0	5130
22618	38	74	25	4979	0	5116
22619	36	38	24	5031	0	5129
22620	18	32	4886	136	0	5072
22621	18	17	4820	66	0	4921
22622	4707	29	112	67	0	4915
22623	4705	31	50	54	0	4840
22624	119	4726	50	36	0	4931
22625	4731	91	34	51	0	4907
22626	114	38	4705	42	0	4899
22627	58	32	4639	44	0	4773
22628	4548	40	120	59	0	4767
22629	4486	14	45	68	0	4613
22630	100	15	4333	62	0	4510
22631	4212	17	84	56	0	4369
22632	121	14	4295	40	0	4470
22633	4206	14	109	25	0	4354
22634	4274	37	45	27	0	4383
22635	117	27	37	4070	0	4251
22636	64	4382	37	78	0	4561
22637	3534	104	50	57	0	3745
22638	88	33	4393	36	0	4550
22639	49	4436	85	32	0	4602
22640	4408	103	28	43	0	4582
22641	4258	37	29	48	0	4372
22642	111	4222	35	39	0	4407
22643	61	89	34	4229	0	4413
22644	59	28	4159	110	0	4356
22645	48	20	96	4158	0	4322
22646	31	39	4126	111	0	4307
22647	46	18	90	4124	0	4278
22648	36	21	47	4184	0	4288
22649	28	30	4083	123	0	4264
22650	35	4062	101	69	0	4267
22651	106	90	39	3974	0	4209
22652	34	42	3332	117	0	3525
22653	4004	37	75	68	0	4184
22654	99	22	43	4107	0	4271
22655	51	19	39	4178	0	4287
22656	4076	22	37	131	0	4266
22657	118	17	22	4057	0	4214
22658	62	21	26	4009	0	4118
22659	45	3974	40	112	0	4171
22660	57	84	27	3929	0	4097
22661	31	32	3860	129	0	4052
22662	37	21	97	3809	0	3964
22663	44	3756	44	115	0	3959
22664	31	3815	55	62	0	3963
22665	34	99	32	3806	0	3971
22666	3798	49	28	102	0	3977
22667	101	47	35	3795	0	3978
22668	3782	52	32	103	0	3969
22669	128	15	30	3795	0	3968
22670	3788	25	38	105	0	3956
22671	3898	29	27	68	0	4022
22672	146	44	20	3823	0	4033
22673	89	186	42	3641	0	3958
22674	61	3672	31	120	0	3884
22675	64	3777	29	64	0	3934
22676	65	80	3697	67	0	3909
22677	43	3550	72	54	0	3719
22678	2432	59	107	38	0	2636
22679	67	29	20	2342	0	2458
22680	18	2244	15	37	0	2314
22681	2294	35	9	18	0	2356
22682	45	15	8	2301	0	2369
22683	21	10	12	2258	0	2301
22684	21	11	6	2287	0	2325
22685	21	5	10	2306	0	2342
22686	10	2290	7	56	0	2363
22687	14	2452	8	21	0	2495
22688	2522	36	7	21	0	2586
22689	44	2565	9	22	0	2640
22690	21	43	5	2471	0	2540
22691	20	16	2	2491	0	2529
22692	18	9	4	2488	0	2519
22693	12	16	4	2512	0	2544
22694	2473	2	6	66	0	2547
22695	2527	9	10	30	0	2576
22696	50	7	2509	20	0	2586
22697	26	2	46	2557	0	2631
22698	13	8	2624	52	0	2697
22699	15	7	46	2595	0	2663
22700	15	6	22	2644	0	2687
22701	2630	10	7	80	0	2727
22702	57	9	12	2630	0	2708
22703	17	6	2651	62	0	2736
22704	14	12	2606	31	0	2663
22705	2631	4	59	30	0	2724
22706	49	6	2673	29	0	2757
22707	25	14	49	2559	0	2647
22708	9	3	2658	51	0	2721
22709	15	16	44	2552	0	2627
22710	4	2561	23	51	0	2639
22711	12	37	11	2538	0	2598
22712	3	2534	14	40	0	2591
22713	5	2540	9	25	0	2579
22714	3	46	11	2518	0	2578
22715	2476	19	10	50	0	2555
22716	31	2506	6	21	0	2564
22717	19	35	5	2525	0	2584
22718	2543	17	3	46	0	2609
22719	2571	7	1	28	0	2607
22720	2604	8	3	19	0	2634
22721	51	6	3	2580	0	2640
22722	25	6	3	2613	0	2647
22723	2617	6	4	57	0	2684
22724	2614	6	2	36	0	2658
22725	2659	3	4	16	0	2682
22726	51	10	3	2619	0	2683
22727	21	6	2576	45	0	2648
22728	2566	2	30	23	0	2621
22729	41	6	11	2555	0	2613
22730	23	2593	6	45	0	2667
22731	19	36	6	2573	0	2634
22732	21	2552	4	41	0	2618
22733	18	29	8	2574	0	2629
22734	11	14	2524	41	0	2590
22735	8	2486	29	30	0	2553
22736	16	29	12	2330	0	2387
22737	11	10	5	2345	0	2371
22738	10	11	5	2338	0	2364
22739	2361	5	3	59	0	2428
22740	31	2399	6	26	0	2462
22741	15	36	4	2446	0	2501
22742	2474	10	2	49	0	2535
22743	2501	13	5	24	0	2543
22744	50	10	4	2512	0	2576
22745	22	8	2523	44	0	2597
22746	19	8	33	2494	0	2554
22747	11	2526	11	47	0	2595
22748	8	38	10	2561	0	2617
22749	2540	13	4	57	0	2614
22750	42	13	6	2641	0	2702
22751	16	8	2634	62	0	2720
22752	16	2826	32	26	0	2900
22753	2869	53	11	24	0	2957
22754	50	12	2878	23	0	2963
22755	2904	10	53	18	0	2985
22756	64	7	14	3004	0	3089
22757	36	5	14	3034	0	3089
22758	14	3034	11	73	0	3132
22759	3139	45	10	40	0	3234
22760	72	14	7	3177	0	3270
22761	32	10	9	3282	0	3333
22762	29	10	10	3334	0	3383
22763	20	4	3316	91	0	3431
22764	18	5	65	3323	0	3411
22765	3335	9	20	87	0	3451
22766	3412	9	12	44	0	3477
22767	79	5	12	3391	0	3487
22768	30	11	7	3425	0	3473
22769	3364	7	10	91	0	3472
22770	75	7	3328	38	0	3448
22771	3260	11	65	42	0	3378
22772	76	12	3189	24	0	3301
22773	30	4	3220	20	0	3274
22774	34	9	73	3171	0	3287
22775	17	9	3250	72	0	3348
22776	3231	4	73	29	0	3337
22777	73	8	23	3322	0	3426
22778	23	9	3299	76	0	3407
22779	3215	4	69	34	0	3322
22780	3290	3	24	32	0	3349
22781	83	5	3342	23	0	3453
22782	39	27	69	3195	0	3330
22783	28	3403	19	54	0	3504
22784	3436	55	20	34	0	3545
22785	69	17	3477	18	0	3581
22786	3230	14	64	23	0	3331
22787	63	3333	18	20	0	3434
22788	3142	47	27	12	0	3228
22789	3121	9	10	19	0	3159
22790	3168	9	8	13	0	3198
22791	70	21	7	3153	0	3251
22792	25	3189	6	45	0	3265
22793	21	41	3146	16	0	3224
22794	10	3211	55	9	0	3285
22795	19	59	12	3003	0	3093
22796	9	3120	7	40	0	3176
22797	13	3152	8	12	0	3185
22798	3069	41	6	14	0	3130
22799	42	12	3044	11	0	3109
22800	13	9	3103	4	0	3129
22801	10	12	3132	3	0	3157
22802	14	3158	41	9	0	3222
22803	3124	36	17	20	0	3197
22804	3145	8	7	13	0	3173
22805	3125	6	4	15	0	3150
22806	42	3103	8	8	0	3161
22807	17	38	4	3239	0	3298
22808	20	6	3172	37	0	3235
22809	18	9	3183	11	0	3221
22810	3240	4	46	19	0	3309
22811	3361	4	11	17	0	3393
22812	3368	2	10	14	0	3394
22813	45	8	3289	12	0	3354
22814	3278	3	34	12	0	3327
22815	48	2	13	3323	0	3386
22816	15	3	12	3339	0	3369
22817	12	3	3461	49	0	3525
22818	16	3471	42	11	0	3540
22819	16	39	11	3520	0	3586
22820	19	6	3476	44	0	3545
22821	3377	6	44	21	0	3448
22822	46	4	11	3502	0	3563
22823	10	4	12	3535	0	3561
22824	3493	2	16	51	0	3562
22825	51	4	11	3487	0	3553
22826	3486	3	5	59	0	3553
22827	3504	0	10	23	0	3537
22828	53	4	10	3498	0	3565
22829	30	1	5	3551	0	3587
22830	3516	6	12	64	0	3598
22831	61	1	10	3548	0	3620
22832	3595	4	11	60	0	3670
22833	3635	0	15	22	0	3672
22834	3623	3	12	29	0	3667
22835	62	6	7	3573	0	3648
22836	31	11	9	3579	0	3630
22837	3593	2	8	48	0	3651
22838	47	3520	12	25	0	3604
22839	19	3433	11	13	0	3476
22840	3420	34	9	20	0	3483
22841	48	11	3375	7	0	3441
22842	3342	4	32	17	0	3395
22843	42	7	10	3560	0	3619
22844	20	7	3606	35	0	3668
22845	3629	6	33	16	0	3684
22846	42	4	8	3709	0	3763
22847	27	5	6	3812	0	3850
22848	16	6	8	3912	0	3942
22849	20	7	3	3932	0	3962
22850	3900	3	5	47	0	3955
22851	31	3871	13	15	0	3930
22852	3629	19	4	31	0	3683
22853	24	11	3638	5	0	3678
22854	11	10	3490	3	0	3514
22855	9	3708	20	3	0	3740
22856	22	34	20	3661	0	3737
22857	10	8	3686	15	0	3719
22858	12	3450	14	9	0	3485
22859	3	17	3478	6	0	3504
22860	4	2	3	3470	0	3479
22861	5	1	0	3424	0	3430
22862	3471	2	2	15	0	3490
22863	16	0	0	3403	0	3419
22864	3399	0	1	23	0	3423
22865	8	1	3404	1	0	3414
22866	3	3471	4	2	0	3480
22867	1	4	1	3671	0	3677
22868	12	0	0	3939	0	3951
22869	3	3	4039	7	0	4052
22870	6	4	3822	5	0	3837
22871	3904	1	4	10	0	3919
22872	4110	1	0	18	0	4129
22873	10	0	0	4105	0	4115
22874	4	1	1	4095	0	4101
22875	2	4051	0	8	0	4061
22876	4	7	1	4193	0	4205
22877	4209	1	1	28	0	4239
22878	4264	2	1	12	0	4279
22879	10	4319	1	3	0	4333
22880	4380	11	3	4	0	4398
22881	4300	4	0	11	0	4315
22882	18	2	1	4552	0	4573
22883	5	4561	2	25	0	4593
22884	10	20	1	4663	0	4694
22885	11	1	1	4670	0	4683
22886	2	1	4585	33	0	4621
22887	4705	2	28	9	0	4744
22888	42	0	5	5157	0	5204
22889	23	1	1	5515	0	5540
22890	2	6329	4	77	0	6412
22891	17	91	2	6735	0	6845
22892	6859	25	4	146	0	7034
22893	7428	8	3	57	0	7496
22894	162	15	7329	12	0	7518
22895	47	12	7414	16	0	7489
22896	38	11	163	7530	0	7742
22897	48	5	40	7832	0	7925
22898	24	8	7753	185	0	7970
22899	27	8	7812	51	0	7898
22900	45	2	196	7485	0	7728
22901	7	5	7823	167	0	8002
22902	28	8	7842	61	0	7939
22903	43	3	206	7691	0	7943
22904	7848	3	77	194	0	8122
22905	8033	2	54	76	0	8165
22906	223	5	37	7901	0	8166
22907	73	2	30	7976	0	8081
22908	7843	9	44	220	0	8116
22909	198	4	30	7755	0	7987
22910	7709	6	17	233	0	7965
22911	7798	1	16	89	0	7904
22912	253	4	25	7714	0	7996
22913	100	14	28	7862	0	8004
22914	7671	10	15	259	0	7955
22915	203	7607	15	110	0	7935
22916	80	7760	26	90	0	7956
22917	77	177	27	7564	0	7845
22918	58	56	7525	199	0	7838
22919	66	24	167	7523	0	7780
22920	7521	24	66	224	0	7835
22921	202	21	37	7564	0	7824
22922	7568	24	35	221	0	7848
22923	198	25	7485	101	0	7809
22924	7548	12	176	84	0	7820
22925	199	18	70	7621	0	7908
22926	97	13	34	7812	0	7956
22927	61	12	7798	243	0	8114
22928	89	12	168	7786	0	8055
22929	87	9	65	8000	0	8161
22930	72	9	36	8143	0	8260
22931	7955	11	29	286	0	8281
22932	190	3	7929	140	0	8262
22933	96	22	7867	73	0	8058
22934	7810	16	201	104	0	8131
22935	8033	12	78	107	0	8230
22936	228	9	7976	82	0	8295
22937	110	5	195	7781	0	8091
22938	75	7978	83	195	0	8331
22939	68	152	68	8207	0	8495
22940	8099	48	62	234	0	8443
22941	8250	18	51	128	0	8447
22942	254	18	73	8069	0	8414
22943	100	7996	64	228	0	8388
22944	83	160	37	7849	0	8129
22945	88	7971	64	206	0	8329
22946	7963	163	62	144	0	8332
22947	7770	58	52	118	0	7998
22948	7862	29	41	124	0	8056
22949	258	7481	39	101	0	7879
22950	108	7744	58	92	0	8002
22951	105	206	51	7797	0	8159
22952	106	74	35	7929	0	8144
22953	108	39	28	7876	0	8051
22954	105	33	37	7982	0	8157
22955	88	28	7582	292	0	7990
22956	7385	43	187	166	0	7781
22957	223	44	7647	112	0	8026
22958	7745	28	189	146	0	8108
22959	247	29	7916	91	0	8283
22960	7896	25	200	135	0	8256
22961	230	32	8036	108	0	8406
22962	7940	31	215	105	0	8291
22963	262	28	107	8062	0	8459
22964	8221	25	75	263	0	8584
22965	281	23	63	8297	0	8664
22966	158	18	59	8375	0	8610
22967	97	22	54	8128	0	8301
22968	101	7726	66	277	0	8170
22969	7673	167	42	173	0	8055
22970	7737	58	45	140	0	7980
22971	272	7637	53	126	0	8088
22972	158	180	28	7749	0	8115
22973	93	77	7598	254	0	8022
22974	7599	43	178	148	0	7968
22975	7816	39	77	130	0	8062
22976	7782	27	53	116	0	7978
22977	284	26	52	7414	0	7776
22978	134	7354	54	234	0	7776
22979	129	179	45	7372	0	7725
22980	7354	56	57	232	0	7699
22981	270	32	37	7138	0	7477
22982	125	6987	53	211	0	7376
22983	6890	161	40	137	0	7228
22984	235	75	6906	79	0	7295
22985	144	44	6826	93	0	7107
22986	94	6799	198	87	0	7178
22987	92	6641	87	76	0	6896
22988	141	170	6179	80	0	6570
22989	126	72	5760	69	0	6027
22990	109	333	138	4370	0	4950
22991	4540	21	57	88	0	4706
22992	75	21	4510	35	0	4641
22993	33	4096	43	17	0	4189
22994	4042	31	37	25	0	4135
22995	39	4010	10	16	0	4075
22996	3820	22	5	13	0	3860
22997	23	3801	7	3	0	3834
22998	10	3836	3	9	0	3858
22999	15	28	10	3896	0	3949
23000	15	9	10	3879	0	3913
23001	9	8	3743	20	0	3780
23002	10	9	13	3689	0	3721
23003	3730	6	5	30	0	3771
23004	3721	3	5	21	0	3750
23005	20	5	7	3707	0	3739
23006	13	7	3669	16	0	3705
23007	9	6	3595	11	0	3621
23008	14	5	18	3693	0	3730
23009	5	5	3779	18	0	3807
23010	11	6	18	3756	0	3791
23011	13	6	13	3711	0	3743
23012	7	3	4065	20	0	4095
23013	3904	4	33	23	0	3964
23014	4064	5	11	34	0	4114
23015	39	3	4104	6	0	4152
23016	19	6	4160	8	0	4193
23017	27	5	52	4254	0	4338
23018	16	4	19	4625	0	4664
23019	15	10	9	4733	0	4767
23020	16	3	9	4700	0	4728
23021	4730	5	9	85	0	4829
23022	4947	3	3	41	0	4994
23023	76	2	4	5235	0	5317
23024	39	2	5	5486	0	5532
23025	17	7	5901	103	0	6028
23026	23	5	93	6008	0	6129
23027	19	2	42	6333	0	6396
23028	6519	1	21	175	0	6716
23029	121	7043	6	81	0	7251
23030	59	143	9	7081	0	7292
23031	46	41	7	7167	0	7261
23032	24	23	9	7065	0	7121
23033	14	6530	20	212	0	6776
23034	12	6976	7	98	0	7093
23035	30	176	7	6938	0	7151
23036	31	60	13	6958	0	7062
23037	27	34	9	7052	0	7122
23038	6644	23	6	250	0	6923
23039	132	6729	11	111	0	6983
23040	6770	148	11	78	0	7007
23041	6932	55	4	58	0	7049
23042	206	39	3	6724	0	6972
23043	84	6615	5	175	0	6879
23044	6654	151	4	98	0	6907
23045	192	69	2	6637	0	6900
23046	6737	40	4	190	0	6971
23047	196	25	3	6775	0	6999
23048	70	28	6713	191	0	7002
23049	56	13	6855	86	0	7010
23050	51	16	174	6825	0	7066
23051	41	14	77	6906	0	7038
23052	48	19	38	6848	0	6953
23053	33	6635	22	235	0	6925
23054	26	6947	20	130	0	7123
23055	6789	182	15	90	0	7076
23056	6774	67	15	95	0	6951
23057	184	6655	16	59	0	6914
23058	85	6537	13	46	0	6681
23059	52	6688	12	56	0	6808
23060	6367	201	11	66	0	6645
23061	139	6438	11	50	0	6638
23062	83	174	13	6427	0	6697
23063	6393	77	14	174	0	6658
23064	6413	47	11	85	0	6556
23065	219	31	3	6181	0	6434
23066	88	40	6048	175	0	6351
23067	61	39	6144	76	0	6320
23068	59	39	167	6090	0	6355
23069	42	29	6225	177	0	6473
23070	65	26	157	6237	0	6485
23071	41	26	59	6269	0	6395
23072	26	31	6153	216	0	6426
23073	31	33	6207	99	0	6370
23074	44	16	194	6134	0	6388
23075	32	24	93	6346	0	6495
23076	6125	21	55	244	0	6445
23077	149	6090	32	128	0	6399
23078	71	6381	31	83	0	6566
23079	6205	184	20	88	0	6497
23080	6399	83	21	85	0	6588
23081	194	6251	37	57	0	6539
23082	97	6365	26	67	0	6555
23083	6322	191	14	83	0	6610
23084	180	91	23	6221	0	6515
23085	6153	75	23	184	0	6435
23086	168	6137	23	124	0	6452
23087	6141	161	26	101	0	6429
23088	200	77	6028	70	0	6375
23089	6051	57	128	85	0	6321
23090	196	52	6069	61	0	6378
23091	112	46	168	5964	0	6290
23092	5928	36	66	200	0	6230
23093	170	40	5800	113	0	6123
23094	110	35	155	5854	0	6154
23095	5802	50	71	202	0	6125
23096	177	47	5757	120	0	6101
23097	113	35	156	5810	0	6114
23098	5708	34	73	217	0	6032
23099	174	5647	49	120	0	5990
23100	101	159	35	5797	0	6092
23101	95	76	23	5776	0	5970
23102	65	65	26	5841	0	5997
23103	60	5753	30	249	0	6092
23104	77	165	24	5932	0	6198
23105	68	81	35	6050	0	6234
23106	68	69	21	6052	0	6210
23107	86	43	22	6187	0	6338
23108	57	44	5937	275	0	6313
23109	5772	45	152	153	0	6122
23110	5989	48	67	112	0	6216
23111	221	5850	51	91	0	6213
23112	116	151	35	5666	0	5968
23113	86	74	26	5773	0	5959
23114	53	5652	33	233	0	5971
23115	48	134	37	5687	0	5906
23116	5389	61	24	214	0	5688
23117	138	5349	44	101	0	5632
23118	5083	134	32	89	0	5338
23119	156	63	25	5041	0	5285
23120	78	44	5008	166	0	5296
23121	50	5017	112	107	0	5286
23122	4720	122	89	83	0	5014
23123	116	4424	41	41	0	4622
23124	68	4311	25	41	0	4445
23125	3697	104	49	40	0	3890
23126	85	44	3611	40	0	3780
23127	31	3253	52	22	0	3358
23128	2665	142	155	60	0	3022
23129	2345	16	21	15	0	2397
23130	24	2337	1	13	0	2375
23131	17	17	3	2390	0	2427
23132	9	14	2450	16	0	2489
23133	6	3	14	2458	0	2481
23134	10	5	16	2382	0	2413
23135	11	4	0	2511	0	2526
23136	8	6	2499	27	0	2540
23137	7	7	16	2441	0	2471
23138	5	5	2492	20	0	2522
23139	8	3	2377	16	0	2404
23140	2263	8	29	8	0	2308
23141	21	2429	12	3	0	2465
23142	19	2480	4	3	0	2506
23143	17	30	6	2596	0	2649
23144	2859	18	1	38	0	2916
23145	2916	3	5	28	0	2952
23146	2866	4	4	15	0	2889
23147	2892	6	1	13	0	2912
23148	2829	3	2	15	0	2849
23149	38	7	2750	5	0	2800
23150	19	4	24	2778	0	2825
23151	7	2737	14	23	0	2781
23152	9	20	8	2801	0	2838
23153	2804	17	6	28	0	2855
23154	24	2771	3	18	0	2816
23155	21	23	6	2817	0	2867
23156	2831	20	6	34	0	2891
23157	2960	3	4	27	0	2994
23158	45	4	2	2966	0	3017
23159	27	4	6	2932	0	2969
23160	11	6	1	2966	0	2984
23161	13	1	2935	41	0	2990
23162	11	5	2982	19	0	3017
23163	10	4	38	3008	0	3060
23164	11	5	15	3069	0	3100
23165	3057	5	5	47	0	3114
23166	3045	4	2	38	0	3089
23167	3135	5	3	21	0	3164
23168	3188	7	5	28	0	3228
23169	3181	1	6	17	0	3205
23170	44	3239	2	10	0	3295
23171	3337	24	4	19	0	3384
23172	3359	15	4	17	0	3395
23173	3367	3	3	18	0	3391
23174	40	7	3	3496	0	3546
23175	18	6	3476	33	0	3533
23176	13	2	25	3579	0	3619
23177	13	8	3795	34	0	3850
23178	16	6	28	3657	0	3707
23179	14	3762	18	32	0	3826
23180	3744	27	4	31	0	3806
23181	3856	21	5	13	0	3895
23182	53	3	4	3909	0	3969
23183	35	6	4	4021	0	4066
23184	10	12	1	4061	0	4084
23185	16	4105	6	43	0	4170
23186	4142	35	4	34	0	4215
23187	4165	20	5	13	0	4203
23188	55	4172	5	16	0	4248
23189	30	30	6	4217	0	4283
23190	16	18	4	4178	0	4216
23191	10	4176	11	46	0	4243
23192	4224	34	6	33	0	4297
23193	4231	22	7	13	0	4273
23194	60	4	3	4229	0	4296
23195	22	8	4276	39	0	4345
23196	16	6	4132	27	0	4181
23197	25	4	45	4355	0	4429
23198	17	5	15	4374	0	4411
23199	18	7	5	4493	0	4523
23200	4410	4	4	76	0	4494
23201	4512	9	5	36	0	4562
23202	58	4668	2	17	0	4745
23203	4752	42	8	26	0	4828
23204	58	14	4751	17	0	4840
23205	25	9	4715	8	0	4757
23206	11	4882	58	12	0	4963
23207	4740	54	28	14	0	4836
23208	46	4734	7	18	0	4805
23209	4722	41	6	23	0	4792
23210	52	13	4732	5	0	4802
23211	24	8	4659	10	0	4701
23212	27	8	53	4628	0	4716
23213	16	5	4845	47	0	4913
23214	19	4	43	4838	0	4904
23215	52	11	21	4427	0	4511
23216	11	4889	7	53	0	4960
23217	20	44	8	4927	0	4999
23218	12	14	12	4994	0	5032
23219	5111	8	12	74	0	5205
23220	47	5112	7	19	0	5185
23221	24	43	6	5216	0	5289
23222	17	20	5186	55	0	5278
23223	4796	7	49	44	0	4896
23224	50	10	5177	14	0	5251
23225	34	14	53	5061	0	5162
23226	11	5398	21	63	0	5493
23227	16	53	14	5392	0	5475
23228	5472	20	10	87	0	5589
23229	5491	11	8	40	0	5550
23230	80	5625	9	21	0	5735
23231	5783	59	6	42	0	5890
23232	5860	26	10	30	0	5926
23233	5853	13	9	36	0	5911
23234	6000	11	11	33	0	6055
23235	5743	10	12	39	0	5804
23236	84	16	5852	12	0	5964
23237	51	3	74	5833	0	5961
23238	29	11	29	5763	0	5832
23239	26	11	8	5868	0	5913
23240	13	5876	9	83	0	5981
23241	29	55	8	5869	0	5961
23242	29	26	5859	64	0	5978
23243	19	5678	51	30	0	5778
23244	15	5585	30	15	0	5645
23245	25	62	18	5540	0	5645
23246	25	22	11	5554	0	5612
23247	25	14	4	5501	0	5544
23248	20	5384	5	81	0	5490
23249	17	5488	7	42	0	5554
23250	5476	71	11	35	0	5593
23251	5504	25	11	31	0	5571
23252	69	5506	13	22	0	5610
23253	5614	59	3	39	0	5715
23254	5843	24	10	51	0	5928
23255	83	12	13	5919	0	6027
23256	54	14	12	6030	0	6110
23257	32	14	6	6026	0	6078
23258	24	23	6004	79	0	6130
23259	25	15	6034	45	0	6119
23260	21	6352	77	30	0	6480
23261	6530	66	25	40	0	6661
23262	88	40	6579	20	0	6727
23263	6605	18	74	35	0	6732
23264	98	18	7035	13	0	7164
23265	7034	11	74	26	0	7145
23266	91	7353	48	27	0	7519
23267	7333	82	14	39	0	7468
23268	103	37	26	7250	0	7416
23269	75	11	13	7345	0	7444
23270	28	29	7364	122	0	7543
23271	33	7515	73	71	0	7692
23272	41	94	41	7603	0	7779
23273	31	41	7551	96	0	7719
23274	7060	26	93	63	0	7242
23275	94	7405	43	30	0	7572
23276	7282	87	23	52	0	7444
23277	89	7107	23	30	0	7249
23278	52	79	20	7119	0	7270
23279	7032	36	20	107	0	7195
23280	83	7116	21	55	0	7275
23281	48	95	16	7156	0	7315
23282	23	33	7079	103	0	7238
23283	6798	17	80	55	0	6950
23284	101	32	26	6996	0	7155
23285	39	28	6938	90	0	7095
23286	27	6912	75	47	0	7061
23287	44	69	30	6952	0	7095
23288	28	39	6978	84	0	7129
23289	43	37	74	6805	0	6959
23290	25	7004	33	80	0	7142
23291	31	7124	28	45	0	7228
23292	31	94	7092	19	0	7236
23293	52	42	70	6999	0	7163
23294	25	31	7142	87	0	7285
23295	6938	25	92	56	0	7111
23296	97	19	33	6924	0	7073
23297	44	6816	22	76	0	6958
23298	23	7081	21	39	0	7164
23299	6931	85	13	46	0	7075
23300	69	7155	14	36	0	7274
23301	7037	80	22	47	0	7186
23302	74	36	6921	26	0	7057
23303	6530	22	66	30	0	6648
23304	64	6710	26	13	0	6813
23305	6656	63	28	31	0	6778
23306	64	6612	16	16	0	6708
23307	40	68	15	6602	0	6725
23308	28	36	11	6697	0	6772
23309	25	20	6676	77	0	6798
23310	6373	31	52	58	0	6514
23311	73	19	6711	23	0	6826
23312	6745	22	67	25	0	6859
23313	90	19	36	6718	0	6863
23314	51	18	15	6793	0	6877
23315	28	6927	24	85	0	7064
23316	35	82	11	7153	0	7281
23317	29	32	14	7275	0	7350
23318	18	21	7185	121	0	7345
23319	6692	20	85	74	0	6871
23320	90	6967	37	34	0	7128
23321	6945	94	22	37	0	7098
23322	111	33	14	6954	0	7112
23323	52	24	16	7034	0	7126
23324	6944	17	19	125	0	7105
23325	91	7065	21	48	0	7225
23326	6795	82	14	54	0	6945
23327	92	6746	23	33	0	6894
23328	38	6750	23	20	0	6831
23329	6683	103	27	30	0	6843
23330	121	37	16	6516	0	6690
23331	31	30	6511	95	0	6667
23332	33	32	77	6407	0	6549
23333	35	16	26	6385	0	6462
23334	21	6404	16	103	0	6544
23335	27	93	13	6489	0	6622
23336	30	36	8	6498	0	6572
23337	26	29	13	6557	0	6625
23338	31	22	7	6639	0	6699
23339	17	15	6565	137	0	6734
23340	14	25	6657	50	0	6746
23341	28	14	108	6762	0	6912
23342	19	16	6760	109	0	6904
23343	17	25	6728	43	0	6813
23344	34	16	118	6843	0	7011
23345	12	21	7087	123	0	7243
23346	34	13	113	6858	0	7018
23347	8	7107	40	123	0	7278
23348	7287	99	28	75	0	7489
23349	112	35	7793	25	0	7965
23350	53	17	130	7788	0	7988
23351	20	23	8005	139	0	8187
23352	31	15	144	8437	0	8627
23353	41	18	62	8642	0	8763
23354	8430	14	32	225	0	8701
23355	185	11	27	8594	0	8817
23356	8293	14	24	221	0	8552
23357	8505	16	21	102	0	8644
23358	218	8359	18	46	0	8641
23359	8119	173	20	60	0	8372
23360	194	8005	19	31	0	8249
23361	54	8115	18	39	0	8226
23362	7867	201	35	51	0	8154
23363	202	71	7788	27	0	8088
23364	69	39	7520	31	0	7659
23365	7181	38	264	44	0	7527
23366	7303	19	67	40	0	7429
23367	195	7247	30	30	0	7502
23368	7323	163	14	35	0	7535
23369	7386	55	25	41	0	7507
23370	7303	27	14	35	0	7379
23371	245	14	18	7075	0	7352
23372	7015	24	12	186	0	7237
23373	184	7190	18	64	0	7456
23374	103	160	13	7288	0	7564
23375	63	52	17	7392	0	7524
23376	34	7294	21	198	0	7547
23377	55	164	14	7378	0	7611
23378	7289	55	16	204	0	7564
23379	7398	33	19	89	0	7539
23380	220	7169	21	51	0	7461
23381	82	7335	16	44	0	7477
23382	7256	195	17	42	0	7510
23383	184	68	7189	41	0	7482
23384	82	36	7217	33	0	7368
23385	74	31	201	6997	0	7303
23386	57	17	62	7253	0	7389
23387	45	26	7091	218	0	7380
23388	46	6838	177	79	0	7140
23389	75	165	58	6674	0	6972
23390	43	64	7051	175	0	7333
23391	60	34	174	6969	0	7237
23392	43	37	66	7014	0	7160
23393	33	7195	43	218	0	7489
23394	48	168	26	7185	0	7427
23395	32	62	32	7294	0	7420
23396	47	34	30	7355	0	7466
23397	7179	26	18	265	0	7488
23398	198	23	22	7051	0	7294
23399	84	7140	25	205	0	7454
23400	7057	173	17	93	0	7340
23401	191	67	6880	56	0	7194
23402	88	38	6859	43	0	7028
23403	6874	26	199	56	0	7155
23404	196	38	71	6970	0	7275
23405	84	35	7090	185	0	7394
23406	71	15	174	7047	0	7307
23407	49	23	75	7260	0	7407
23408	7064	34	43	241	0	7382
23409	7142	17	21	106	0	7286
23410	233	7094	32	65	0	7424
23411	95	172	28	7066	0	7361
23412	62	57	7049	190	0	7358
23413	44	7272	163	89	0	7568
23414	7219	156	64	77	0	7516
23415	179	7420	31	48	0	7678
23416	7327	176	20	64	0	7587
23417	188	65	7303	35	0	7591
23418	7240	33	164	60	0	7497
23419	7606	34	58	48	0	7746
23420	237	40	7812	36	0	8125
23421	82	42	185	7621	0	7930
23422	50	7686	71	174	0	7981
23423	51	8120	32	67	0	8270
23424	40	8189	33	44	0	8306
23425	70	224	31	7843	0	8168
23426	44	69	7989	188	0	8290
23427	54	46	167	7952	0	8219
23428	59	36	55	8174	0	8324
23429	28	26	8065	225	0	8344
23430	34	8036	167	93	0	8330
23431	46	172	58	7926	0	8202
23432	7998	54	40	213	0	8305
23433	185	32	28	8043	0	8288
23434	79	32	25	8033	0	8169
23435	38	7959	24	225	0	8246
23436	8069	173	17	105	0	8364
23437	195	61	13	8298	0	8567
23438	69	49	8244	185	0	8547
23439	34	8188	155	88	0	8465
23440	8049	158	57	76	0	8340
23441	171	66	8147	28	0	8412
23442	7982	44	167	46	0	8239
23443	187	47	66	7974	0	8274
23444	72	8103	40	152	0	8367
23445	7949	152	41	73	0	8215
23446	7970	64	26	66	0	8126
23447	195	8163	28	38	0	8424
23448	86	143	27	8002	0	8258
23449	50	52	18	7711	0	7831
23450	7476	24	21	168	0	7689
23451	136	7464	19	66	0	7685
23452	48	111	10	6949	0	7118
23453	18	6808	14	88	0	6928
23454	11	6813	14	44	0	6882
23455	42	90	12	6601	0	6745
23456	6571	24	20	87	0	6702
23457	63	6605	7	30	0	6705
23458	30	60	7	6617	0	6714
23459	19	24	6	6661	0	6710
23460	13	17	6584	74	0	6688
23461	26	15	6311	24	0	6376
23462	13	6536	59	22	0	6630
23463	11	61	6498	16	0	6586
23464	16	29	60	6457	0	6562
23465	14	11	6696	59	0	6780
23466	17	13	67	6733	0	6830
23467	25	7	21	6878	0	6931
23468	21	10	14	6927	0	6972
23469	6768	13	9	102	0	6892
23470	70	7	9	6757	0	6843
23471	33	6	5	6778	0	6822
23472	11	6755	9	79	0	6854
23473	16	59	3	6759	0	6837
23474	6843	20	8	114	0	6985
23475	59	7037	6	35	0	7137
23476	7093	63	10	47	0	7213
23477	68	30	7109	18	0	7225
23478	26	20	7174	22	0	7242
23479	33	13	71	7345	0	7462
23480	19	20	26	7526	0	7591
23481	17	7550	13	80	0	7660
23482	42	65	20	7076	0	7203
23483	7523	25	12	106	0	7666
23484	7433	17	10	65	0	7525
23485	89	12	13	7585	0	7699
23486	41	17	8159	80	0	8297
23487	36	17	69	8199	0	8321
23488	29	13	30	8500	0	8572
23489	20	11	16	8592	0	8639
23490	23	17	15	8496	0	8551
23491	18	17	23	8371	0	8429
23492	10	8413	18	125	0	8566
23493	8270	80	12	87	0	8449
23494	8348	24	14	89	0	8475
23495	8449	23	14	65	0	8551
23496	102	8547	18	53	0	8720
23497	8522	90	7	55	0	8674
23498	98	8560	13	37	0	8708
23499	47	91	8453	33	0	8624
23500	55	41	78	8292	0	8466
23501	26	28	8589	105	0	8748
23502	22	8640	100	56	0	8818
23503	8531	92	37	68	0	8728
23504	101	39	8824	36	0	9000
23505	44	36	9158	41	0	9279
23506	33	9569	144	39	0	9785
23507	47	126	71	9689	0	9933
23508	36	61	10378	131	0	10606
23509	78	43	144	10135	0	10400
23510	49	29	59	11435	0	11572
23511	53	25	39	12154	0	12271
23512	12668	26	23	299	0	13016
23513	12707	21	21	137	0	12886
23514	299	26	15	12613	0	12953
23515	12654	15	23	284	0	12976
23516	263	28	12421	98	0	12810
23517	117	17	12261	66	0	12461
23518	69	24	12388	71	0	12552
23519	71	22	12566	44	0	12703
23520	35	12208	282	76	0	12601
23521	122	197	121	11970	0	12410
23522	53	52	12325	196	0	12626
23523	11550	40	230	112	0	11932
23524	12188	31	77	105	0	12401
23525	240	12123	98	79	0	12540
23526	12126	193	82	65	0	12466
23527	296	49	78	12071	0	12494
23528	85	60	12496	223	0	12864
23529	125	57	241	11925	0	12348
23530	76	12686	107	217	0	13086
23531	12247	202	98	152	0	12699
23532	12619	72	75	115	0	12881
23533	258	12645	76	76	0	13055
23534	12806	244	59	76	0	13185
23535	12825	68	50	96	0	13039
23536	282	12768	63	61	0	13174
23537	191	214	53	12389	0	12847
23538	111	12527	50	232	0	12920
23539	12706	250	59	109	0	13124
23540	301	121	57	12620	0	13099
23541	12642	77	47	265	0	13031
23542	306	86	53	12564	0	13009
23543	168	60	12407	256	0	12891
23544	12119	68	206	161	0	12554
23545	289	62	12394	83	0	12828
23546	193	52	231	12300	0	12776
23547	118	88	12287	232	0	12725
23548	158	54	235	12200	0	12647
23549	113	62	12304	277	0	12756
23550	11927	54	251	166	0	12398
23551	250	12236	116	126	0	12728
23552	12321	211	94	118	0	12744
23553	306	86	79	12305	0	12776
23554	12230	66	78	287	0	12661
23555	274	12249	70	134	0	12727
23556	158	12211	89	99	0	12557
23557	108	12771	65	118	0	13062
23558	12861	261	74	125	0	13321
23559	290	132	69	12811	0	13302
23560	157	94	80	13007	0	13338
23561	133	95	12744	284	0	13256
23562	126	71	12572	154	0	12923
23563	137	72	251	12802	0	13262
23564	96	76	13084	278	0	13534
23565	94	12993	272	133	0	13492
23566	12885	254	132	141	0	13412
23567	278	115	13064	94	0	13551
23568	126	103	13033	95	0	13357
23569	167	88	282	12880	0	13417
23570	13174	54	154	304	0	13686
23571	261	51	140	13224	0	13676
23572	13152	47	122	337	0	13658
23573	295	65	123	13160	0	13643
23574	145	80	13349	289	0	13863
23575	141	13099	294	140	0	13674
23576	111	235	13385	108	0	13839
23577	89	13319	295	106	0	13809
23578	116	276	157	13169	0	13718
23579	12993	115	131	288	0	13527
23580	280	87	12996	142	0	13505
23581	183	74	237	12839	0	13333
23582	142	65	113	13186	0	13506
23583	13253	48	103	334	0	13738
23584	275	66	96	13038	0	13475
23585	110	13210	119	277	0	13716
23586	12704	248	85	169	0	13206
23587	269	111	12629	95	0	13104
23588	12209	87	227	129	0	12652
23589	282	12495	113	91	0	12981
23590	164	224	81	12141	0	12610
23591	109	12626	95	232	0	13062
23592	12551	231	64	161	0	13007
23593	263	115	12570	108	0	13056
23594	12046	104	216	159	0	12525
23595	277	12613	99	88	0	13077
23596	172	222	74	12673	0	13141
23597	12734	88	82	277	0	13181
23598	12886	80	73	159	0	13198
23599	292	90	67	12816	0	13265
23600	161	112	60	12861	0	13194
23601	145	12785	57	263	0	13250
23602	139	268	74	12808	0	13289
23603	111	14212	62	280	0	14665
23604	86	14867	88	144	0	15185
23605	149	455	56	13697	0	14357
23606	94	14288	54	278	0	14714
23607	128	275	14308	108	0	14819
23608	182	130	14339	95	0	14746
23609	90	14674	313	135	0	15212
23610	75	281	14440	72	0	14868
23611	66	98	14168	49	0	14381
23612	45	65	13338	24	0	13472
23613	21	13175	321	22	0	13539
23614	12736	238	185	72	0	13231
23615	190	12807	77	26	0	13100
23616	74	242	12822	7	0	13145
23617	103	106	224	12483	0	12916
23618	12570	63	95	237	0	12965
23619	217	48	12545	82	0	12892
23620	127	38	238	12384	0	12787
23621	52	27	12696	221	0	12996
23622	75	27	248	12390	0	12740
23623	12337	25	127	260	0	12749
23624	215	41	12514	108	0	12878
23625	95	12523	244	84	0	12946
23626	92	227	118	12221	0	12658
23627	12610	104	65	268	0	13047
23628	236	64	12381	89	0	12770
23629	149	57	253	11706	0	12165
23630	56	12203	135	209	0	12603
23631	12344	238	79	162	0	12823
23632	12720	101	89	84	0	12994
23633	344	80	79	12440	0	12943
23634	148	12599	71	248	0	13066
23635	87	13156	69	133	0	13445
23636	13254	310	64	107	0	13735
23637	314	149	67	12993	0	13523
23638	139	13178	68	336	0	13721
23639	13243	307	58	156	0	13764
23640	321	140	57	13258	0	13776
23641	178	81	62	13506	0	13827
23642	87	79	12890	375	0	13431
23643	78	13147	265	175	0	13665
23644	65	13704	128	123	0	14020
23645	93	365	84	13508	0	14050
23646	13454	149	78	340	0	14021
23647	287	13524	60	158	0	14029
23648	13488	329	49	119	0	13985
23649	334	13500	60	75	0	13969
23650	195	318	52	13479	0	14044
23651	13465	169	42	354	0	14030
23652	360	112	60	13431	0	13963
23653	161	91	13410	335	0	13997
23654	126	87	280	12837	0	13330
23655	94	13279	133	334	0	13840
23656	13045	320	77	202	0	13644
23657	311	13053	68	106	0	13538
23658	188	341	54	12625	0	13208
23659	141	194	43	12982	0	13360
23660	107	131	12591	376	0	13205
23661	84	118	12624	205	0	13031
23662	103	113	355	12503	0	13074
23663	73	90	12513	357	0	13033
23664	73	12301	340	174	0	12888
23665	12075	320	172	139	0	12706
23666	307	190	12219	116	0	12832
23667	11917	123	310	147	0	12497
23668	12288	133	156	110	0	12687
23669	12284	105	107	116	0	12612
23670	12313	90	92	126	0	12621
23671	439	91	84	11977	0	12591
23672	243	90	86	11712	0	12131
23673	151	11740	86	369	0	12346
23674	11441	307	95	208	0	12051
23675	330	167	11269	148	0	11914
23676	208	123	294	11108	0	11733
23677	146	115	169	11307	0	11737
23678	139	100	10976	385	0	11600
23679	102	11052	334	227	0	11715
23680	149	307	169	10730	0	11355
23681	120	162	121	11331	0	11734
23682	10928	117	100	444	0	11589
23683	301	10867	93	245	0	11506
23684	189	307	83	10738	0	11317
23685	126	10719	83	355	0	11283
23686	138	328	79	10915	0	11460
23687	10694	174	81	378	0	11327
23688	10918	112	82	237	0	11349
23689	416	100	72	10726	0	11314
23690	10647	83	70	390	0	11190
23691	10704	84	78	217	0	11083
23692	437	10458	71	164	0	11130
23693	266	294	66	10225	0	10851
23694	180	10420	51	339	0	10990
23695	181	327	61	10404	0	10973
23696	10308	188	55	395	0	10946
23697	345	145	47	10357	0	10894
23698	226	119	37	10502	0	10884
23699	171	103	9969	432	0	10675
23700	155	9567	251	252	0	10225
23701	132	10050	113	193	0	10488
23702	9664	347	91	212	0	10314
23703	287	180	53	7951	0	8471
23704	7352	86	43	222	0	7703
23705	205	7054	42	153	0	7454
23706	145	6588	27	112	0	6872
23707	85	6843	29	103	0	7060
23708	5617	194	149	85	0	6045
23709	127	5642	19	61	0	5849
23710	5170	90	96	67	0	5423
23711	5025	34	15	59	0	5133
23712	5168	26	18	43	0	5255
23713	118	34	11	5479	0	5642
23714	62	28	11	5658	0	5759
23715	41	35	14	5709	0	5799
23716	43	15	11	5699	0	5768
23717	5595	23	14	149	0	5781
23718	122	5543	21	68	0	5754
23719	49	109	11	5569	0	5738
23720	5632	37	13	136	0	5818
23721	127	29	13	5593	0	5762
23722	54	45	4	5663	0	5766
23723	5577	21	12	154	0	5764
23724	122	22	5490	62	0	5696
23725	59	22	90	5471	0	5642
23726	42	17	5562	123	0	5744
23727	39	23	96	5437	0	5595
23728	35	52	37	5459	0	5583
23729	5322	12	17	154	0	5505
23730	110	5194	23	49	0	5376
23731	36	5145	8	35	0	5224
23732	4809	76	14	51	0	4950
23733	89	5021	7	23	0	5140
23734	4966	70	23	51	0	5110
23735	81	19	4914	29	0	5043
23736	4446	15	49	20	0	4530
23737	4574	9	10	19	0	4612
23738	4608	4	5	24	0	4641
23739	62	4	8	4520	0	4594
23740	21	4	1	4531	0	4557
23741	10	4510	5	52	0	4577
23742	19	61	1	4497	0	4578
23743	4459	12	3	70	0	4544
23744	51	4540	5	14	0	4610
23745	9	4567	6	14	0	4596
23746	4532	44	0	22	0	4598
23747	47	10	4538	7	0	4602
23748	18	9	42	4467	0	4536
23749	9	6	4611	41	0	4667
23750	17	6	39	4532	0	4594
23751	6	4589	8	43	0	4646
23752	9	36	6	4708	0	4759
23753	4657	5	5	59	0	4726
23754	51	4	1	4658	0	4714
23755	14	5	4865	48	0	4932
23756	4579	2	46	24	0	4651
23757	48	4924	16	17	0	5005
23758	13	5216	10	10	0	5249
23759	5368	62	2	35	0	5467
23760	5767	17	3	18	0	5805
23761	92	10	5766	4	0	5872
23762	5569	9	76	17	0	5671
23763	90	5773	23	8	0	5894
23764	5851	77	7	16	0	5951
23765	93	20	8	5717	0	5838
23766	30	5506	8	77	0	5621
23767	5610	83	5	36	0	5734
23768	92	28	5651	11	0	5782
23769	41	12	78	5665	0	5796
23770	5784	12	30	102	0	5928
23771	99	14	5761	29	0	5903
23772	5786	12	87	28	0	5913
23773	110	7	22	5770	0	5909
23774	40	7	10	5905	0	5962
23775	17	18	5931	105	0	6071
23776	34	10	85	5865	0	5994
23777	5956	2	28	117	0	6103
23778	86	5909	17	42	0	6054
23779	5967	84	14	34	0	6099
23780	6030	24	13	29	0	6096
23781	125	9	9	5995	0	6138
23782	40	29	6139	106	0	6314
23783	33	15	87	6083	0	6218
23784	6137	8	31	124	0	6300
23785	100	6127	16	43	0	6286
23786	6207	93	9	41	0	6350
23787	120	26	7	6195	0	6348
23788	46	14	11	6296	0	6367
23789	35	10	6	6363	0	6414
23790	33	14	6225	126	0	6398
23791	25	8	97	6280	0	6410
23792	20	9	6289	115	0	6433
23793	24	12	6322	46	0	6404
23794	32	14	114	6769	0	6929
23795	19	22	6860	124	0	7025
23796	7492	14	123	68	0	7697
23797	172	10	38	7799	0	8019
23798	81	11	29	7765	0	7886
23799	33	7919	29	204	0	8185
23800	7975	150	21	118	0	8264
23801	8332	56	16	85	0	8489
23802	219	8415	24	32	0	8690
23803	120	161	13	8389	0	8683
23804	50	66	8432	171	0	8719
23805	8222	31	164	99	0	8516
23806	8569	18	63	72	0	8722
23807	247	15	39	8179	0	8480
23808	95	24	7998	175	0	8292
23809	68	7896	170	70	0	8204
23810	7805	163	66	64	0	8098
23811	199	67	7845	44	0	8155
23812	82	7776	173	44	0	8075
23813	7372	155	80	50	0	7657
23814	7431	58	35	47	0	7571
23815	211	43	28	7258	0	7540
23816	104	7334	22	147	0	7607
23817	85	142	23	7662	0	7912
23818	64	78	30	7786	0	7958
23819	78	38	19	7623	0	7758
23820	46	20	32	7800	0	7898
23821	40	23	7643	241	0	7947
23822	62	31	158	7655	0	7906
23823	65	21	63	7841	0	7990
23824	50	24	7665	224	0	7963
23825	24	7702	163	114	0	8003
23826	7659	158	63	101	0	7981
23827	7788	66	44	83	0	7981
23828	229	37	28	7749	0	8043
23829	7792	27	32	197	0	8048
23830	217	31	24	7913	0	8185
23831	106	21	7952	222	0	8301
23832	63	37	7951	116	0	8167
23833	49	7860	214	88	0	8211
23834	7698	153	99	98	0	8048
23835	184	77	8156	75	0	8492
23836	130	41	189	7912	0	8272
23837	102	33	100	8431	0	8666
23838	83	24	57	8786	0	8950
23839	77	33	43	8735	0	8888
23840	78	26	48	8760	0	8912
23841	49	41	8546	342	0	8978
23842	75	36	214	8618	0	8943
23843	8487	29	93	314	0	8923
23844	220	8367	67	164	0	8818
23845	8396	191	57	138	0	8782
23846	244	8435	52	97	0	8828
23847	8456	235	43	106	0	8840
23848	8669	101	56	113	0	8939
23849	323	69	50	8481	0	8923
23850	170	44	28	8647	0	8889
23851	8445	31	53	346	0	8875
23852	8349	35	42	212	0	8638
23853	8492	33	36	159	0	8720
23854	318	8099	45	117	0	8579
23855	151	8203	50	86	0	8490
23856	117	259	8032	89	0	8497
23857	116	117	200	7847	0	8280
23858	79	83	7791	255	0	8208
23859	82	7583	215	159	0	8039
23860	96	180	98	7218	0	7592
23861	64	80	64	7308	0	7516
23862	70	67	32	7432	0	7601
23863	7186	35	37	312	0	7570
23864	7243	37	36	173	0	7489
23865	245	7223	32	109	0	7609
23866	150	172	38	7251	0	7611
23867	107	87	7200	220	0	7614
23868	77	62	6987	127	0	7253
23869	7067	60	214	106	0	7447
23870	7183	34	116	102	0	7435
23871	256	34	67	7075	0	7432
23872	7146	26	58	230	0	7460
23873	232	33	7011	131	0	7407
23874	122	6966	191	103	0	7382
23875	96	182	88	6972	0	7338
23876	71	87	7154	213	0	7525
23877	83	56	188	7190	0	7517
23878	75	39	102	7332	0	7548
23879	62	51	7259	276	0	7648
23880	7044	24	192	200	0	7460
23881	7375	26	99	155	0	7655
23882	245	7508	60	138	0	7951
23883	7768	194	57	109	0	8128
23884	8016	98	51	90	0	8255
23885	315	67	7883	95	0	8360
23886	7869	51	220	91	0	8231
23887	281	8207	115	88	0	8691
23888	8293	233	69	107	0	8702
23889	8566	101	57	96	0	8820
23890	8730	74	45	79	0	8928
23891	8452	37	34	107	0	8630
23892	8662	39	38	99	0	8838
23893	382	8309	39	73	0	8803
23894	7918	219	29	66	0	8232
23895	310	7762	29	75	0	8176
23896	117	6834	37	43	0	7031
23897	72	7023	28	35	0	7158
23898	6809	233	101	59	0	7202
23899	6831	90	37	41	0	6999
23900	255	56	6659	25	0	6995
23901	6828	35	153	44	0	7060
23902	6918	26	52	56	0	7052
23903	259	30	6911	30	0	7230
23904	130	26	176	6860	0	7192
23905	99	26	67	6802	0	6994
23906	69	33	33	7134	0	7269
23907	72	34	28	7133	0	7267
23908	67	24	20	7216	0	7327
23909	56	25	6970	250	0	7301
23910	55	6939	170	96	0	7260
23911	6808	176	59	66	0	7109
23912	199	6843	43	39	0	7124
23913	6871	191	29	47	0	7138
23914	6909	71	30	52	0	7062
23915	248	42	6709	43	0	7042
23916	132	51	168	6295	0	6646
23917	65	6430	75	172	0	6742
23918	6471	161	46	81	0	6759
23919	6565	56	25	79	0	6725
23920	6641	43	30	57	0	6771
23921	246	6579	22	40	0	6887
23922	6614	165	28	54	0	6861
23923	6760	53	33	36	0	6882
23924	6734	47	21	32	0	6834
23925	268	31	16	6507	0	6822
23926	127	35	24	6578	0	6764
23927	107	22	23	6666	0	6818
23928	6478	23	21	229	0	6751
23929	202	6528	25	78	0	6833
23930	6526	159	10	63	0	6758
23931	6469	59	11	35	0	6574
23932	6315	36	20	35	0	6406
23933	6313	32	18	38	0	6401
23934	260	6122	21	22	0	6425
23935	5690	149	5	30	0	5874
23936	202	5537	9	24	0	5772
23937	88	5466	7	15	0	5576
23938	5367	137	9	29	0	5542
23939	140	5238	8	35	0	5421
23940	68	5411	7	22	0	5508
23941	5382	138	10	28	0	5558
23942	5468	50	5	15	0	5538
23943	162	44	5	5323	0	5534
23944	93	25	3	5472	0	5593
23945	5521	24	7	147	0	5699
23946	5700	28	7	59	0	5794
23947	5639	24	7	48	0	5718
23948	164	37	5427	16	0	5644
23949	5646	33	97	31	0	5807
23950	164	24	26	5668	0	5882
23951	73	31	19	5778	0	5901
23952	73	23	10	5798	0	5904
23953	55	25	8	5791	0	5879
23954	64	23	5620	146	0	5853
23955	61	23	5674	56	0	5814
23956	67	13	124	5662	0	5866
23957	45	28	5706	130	0	5909
23958	60	24	5734	58	0	5876
23959	67	19	128	5797	0	6011
23960	49	24	44	5929	0	6046
23961	64	15	29	6060	0	6168
23962	48	23	27	5943	0	6041
23963	6012	20	16	179	0	6227
23964	6314	25	17	100	0	6456
23965	167	21	20	6167	0	6375
23966	89	24	20	6238	0	6371
23967	63	17	28	6231	0	6339
23968	60	21	17	6226	0	6324
23969	55	15	24	6194	0	6288
23970	47	6124	20	170	0	6361
23971	6140	107	27	86	0	6360
23972	147	6174	21	64	0	6406
23973	6232	125	9	78	0	6444
23974	6284	44	4	81	0	6413
23975	6294	29	8	60	0	6391
23976	193	16	9	5995	0	6213
23977	5976	29	11	136	0	6152
23978	179	16	12	5914	0	6121
23979	81	37	12	5862	0	5992
23980	5910	14	7	154	0	6085
23981	142	5746	9	74	0	5971
23982	57	5482	11	51	0	5601
23983	5322	74	2	54	0	5452
23984	108	33	5265	25	0	5431
23985	5150	28	55	43	0	5276
23986	127	27	18	5134	0	5306
23987	54	4808	18	65	0	4945
23988	44	4854	10	33	0	4941
23989	4910	45	10	39	0	5004
23990	64	37	5	4969	0	5075
23991	29	5120	7	39	0	5195
23992	5092	32	7	52	0	5183
23993	5111	11	6	36	0	5164
23994	5155	18	1	26	0	5200
23995	5173	16	1	42	0	5232
23996	49	5044	4	19	0	5116
23997	30	4999	4	15	0	5048
23998	5110	27	5	25	0	5167
23999	5269	11	5	26	0	5311
24000	64	10	5209	8	0	5291
24001	11	5081	37	9	0	5138
24002	5055	34	10	25	0	5124
24003	5203	6	2	17	0	5228
24004	46	7	5263	4	0	5320
24005	5234	4	43	22	0	5303
24006	54	5	5546	1	0	5606
24007	13	7	5894	4	0	5918
24008	36	11	67	5559	0	5673
24009	8	5770	15	51	0	5844
24010	6114	59	11	36	0	6220
24011	77	12	5	6130	0	6224
24012	34	9	1	6191	0	6235
24013	22	9	3	6245	0	6279
24014	6184	5	3	99	0	6291
24015	80	3	3	6177	0	6263
24016	31	2	5	6336	0	6374
24017	17	10	6325	84	0	6436
24018	6231	2	73	49	0	6355
24019	6467	4	17	37	0	6525
24020	97	6	6422	14	0	6539
24021	6243	2	75	28	0	6348
24022	100	5	22	6256	0	6383
24023	29	6312	21	76	0	6438
24024	37	67	7	6400	0	6511
24025	6324	17	4	107	0	6452
24026	77	6403	10	43	0	6533
24027	41	76	4	6474	0	6595
24028	40	15	6	6554	0	6615
24029	42	13	5	6517	0	6577
24030	34	13	9	6293	0	6349
24031	14	6604	17	105	0	6740
24032	6609	80	5	71	0	6765
24033	6651	26	16	56	0	6749
24034	122	6851	13	23	0	7009
24035	7426	100	6	44	0	7576
24036	7715	31	9	44	0	7799
24037	7659	30	13	65	0	7767
24038	207	21	7490	29	0	7747
24039	107	17	115	7465	0	7704
24040	62	24	7369	144	0	7599
24041	7346	10	130	97	0	7583
24042	151	7490	50	51	0	7742
24043	7400	123	28	67	0	7618
24044	163	7481	26	32	0	7702
24045	113	145	21	7198	0	7477
24046	79	61	22	7318	0	7480
24047	52	52	7305	169	0	7578
24048	52	7379	132	78	0	7641
24049	7255	149	64	57	0	7525
24050	172	78	7244	39	0	7533
24051	7255	45	149	49	0	7498
24052	203	28	62	7287	0	7580
24053	86	32	7324	160	0	7602
24054	66	7292	161	78	0	7597
24055	74	149	69	7256	0	7548
24056	52	73	7300	164	0	7589
24057	49	58	7293	75	0	7475
24058	45	7172	190	74	0	7481
24059	59	150	89	7013	0	7311
24060	53	75	53	7004	0	7185
24061	35	7008	46	191	0	7280
24062	6998	151	33	115	0	7297
24063	175	71	40	6911	0	7197
24064	94	6762	52	169	0	7077
24065	6871	165	28	122	0	7186
24066	6870	72	35	92	0	7069
24067	6980	63	40	69	0	7152
24068	235	6872	39	57	0	7203
24069	6954	150	39	81	0	7224
24070	6968	89	52	69	0	7178
24071	256	72	31	6804	0	7163
24072	6901	59	24	194	0	7178
24073	242	46	28	6858	0	7174
24074	112	57	6751	212	0	7132
24075	98	55	6856	110	0	7119
24076	81	32	195	6908	0	7216
24077	63	48	6966	200	0	7277
24078	6851	42	181	137	0	7211
24079	219	31	95	7030	0	7375
24080	130	26	70	7039	0	7265
24081	96	37	6932	224	0	7289
24082	73	6706	171	136	0	7086
24083	77	7008	98	79	0	7262
24084	86	205	56	6822	0	7169
24085	77	100	45	6895	0	7117
24086	76	56	6705	238	0	7075
24087	56	57	6774	138	0	7025
24088	73	47	229	6788	0	7137
24089	65	52	6594	212	0	6923
24090	6498	41	197	142	0	6878
24091	212	46	93	6498	0	6849
24092	6541	42	71	212	0	6866
24093	220	43	53	6486	0	6802
24094	128	52	61	6606	0	6847
24095	98	44	6415	245	0	6802
24096	88	6502	169	135	0	6894
24097	99	169	92	6471	0	6831
24098	69	96	6392	196	0	6753
24099	72	6162	168	132	0	6534
24100	81	150	110	6247	0	6588
24101	6235	80	85	185	0	6585
24102	160	63	6214	128	0	6565
24103	5925	38	167	97	0	6227
24104	178	30	5893	70	0	6171
24105	5452	32	186	71	0	5741
24106	168	5456	103	60	0	5787
24107	96	5212	61	68	0	5437
24108	64	182	63	4995	0	5304
24109	44	5014	56	120	0	5234
24110	4914	134	38	130	0	5216
24111	124	85	47	4952	0	5208
24112	88	58	35	4996	0	5177
24113	45	60	27	5060	0	5192
24114	46	35	4860	201	0	5142
24115	39	33	116	4916	0	5104
24116	42	42	4833	154	0	5071
24117	36	4715	133	105	0	4989
24118	4396	103	79	71	0	4649
24119	112	4542	39	53	0	4746
24120	4586	108	44	61	0	4799
24121	4628	60	39	48	0	4775
24122	4688	37	23	55	0	4803
24123	4574	31	33	41	0	4679
24124	177	37	4403	36	0	4653
24125	99	30	104	4389	0	4622
24126	73	34	60	4305	0	4472
24127	66	24	39	4473	0	4602
24128	4106	28	33	178	0	4345
24129	4227	25	34	110	0	4396
24130	140	4328	36	72	0	4576
24131	89	89	4158	48	0	4384
24132	58	55	4085	47	0	4245
24133	46	4010	145	46	0	4247
24134	42	3943	82	51	0	4118
24135	149	103	81	3128	0	3461
24136	24	35	14	3090	0	3163
24137	3129	22	10	80	0	3241
24138	48	3114	16	49	0	3227
24139	41	45	13	3217	0	3316
24140	30	27	3357	61	0	3475
24141	23	15	54	3472	0	3564
24142	27	17	38	3543	0	3625
24143	24	11	24	3588	0	3647
24144	20	6	17	3568	0	3611
24145	18	8	3471	89	0	3586
24146	23	3359	54	48	0	3484
24147	21	3412	26	29	0	3488
24148	3249	50	15	21	0	3335
24149	42	3210	16	19	0	3287
24150	24	3368	18	6	0	3416
24151	29	52	9	3359	0	3449
24152	16	32	5	3375	0	3428
24153	14	12	16	3368	0	3410
24154	12	10	3322	72	0	3416
24155	12	3312	40	43	0	3407
24156	20	48	22	3256	0	3346
24157	13	3348	18	44	0	3423
24158	3311	50	10	44	0	3415
24159	48	3352	14	26	0	3440
24160	3324	52	18	28	0	3422
24161	51	29	3294	22	0	3396
24162	3318	15	46	29	0	3408
24163	60	19	22	3365	0	3466
24164	30	18	3376	48	0	3472
24165	3280	18	40	32	0	3370
24166	3339	10	18	36	0	3403
24167	3365	16	13	22	0	3416
24168	67	17	11	3326	0	3421
24169	31	9	3347	56	0	3443
24170	3357	7	40	49	0	3453
24171	52	16	16	3460	0	3544
24172	34	7	22	3475	0	3538
24173	18	24	3593	61	0	3696
24174	17	3561	42	32	0	3652
24175	23	54	18	3464	0	3559
24176	19	3574	11	35	0	3639
24177	3529	57	5	25	0	3616
24178	3551	16	11	23	0	3601
24179	53	20	10	3500	0	3583
24180	3508	7	6	59	0	3580
24181	42	3474	10	39	0	3565
24182	3509	34	16	25	0	3584
24183	48	3540	7	21	0	3616
24184	28	44	7	3562	0	3641
24185	23	18	2	3526	0	3569
24186	18	3560	13	48	0	3639
24187	22	51	9	3517	0	3599
24188	21	22	3506	48	0	3597
24189	7	3472	43	28	0	3550
24190	3316	31	13	29	0	3389
24191	29	3340	20	12	0	3401
24192	17	36	4	3334	0	3391
24193	11	11	3344	45	0	3411
24194	8	18	33	3349	0	3408
24195	20	7	10	3367	0	3404
24196	3288	10	11	63	0	3372
24197	40	3	3316	35	0	3394
24198	16	3368	40	20	0	3444
24199	12	40	3523	15	0	3590
24200	15	13	3375	18	0	3421
24201	10	11	3396	8	0	3425
24202	33	48	47	3253	0	3381
24203	3371	9	25	45	0	3450
24204	38	3397	8	12	0	3455
24205	3505	41	6	23	0	3575
24206	3637	13	6	18	0	3674
24207	45	10	3	3572	0	3630
24208	12	3612	7	42	0	3673
24209	3599	41	6	25	0	3671
24210	41	3623	6	20	0	3690
24211	19	43	3	3658	0	3723
24212	14	13	2	3797	0	3826
24213	6	3792	7	53	0	3858
24214	14	40	8	3817	0	3879
24215	3	21	3759	42	0	3825
24216	9	16	3736	14	0	3775
24217	7	6	51	3802	0	3866
24218	16	10	14	3867	0	3907
24219	9	11	3732	51	0	3803
24220	9	8	3703	20	0	3740
24221	3483	5	44	27	0	3559
24222	47	3636	14	11	0	3708
24223	19	3922	10	10	0	3961
24224	19	50	7	3835	0	3911
24225	16	16	6	3859	0	3897
24226	20	12	6	3895	0	3933
24227	10	6	3858	53	0	3927
24228	10	13	3767	21	0	3811
24229	15	5	49	3865	0	3934
24230	11	9	3916	43	0	3979
24231	13	3874	51	20	0	3958
24232	3862	43	14	31	0	3950
24233	49	15	3886	13	0	3963
24234	22	16	3907	13	0	3958
24235	28	6	53	3970	0	4057
24236	21	9	4316	51	0	4397
24237	7	4423	50	32	0	4512
24238	20	47	18	4490	0	4575
24239	14	22	4523	49	0	4608
24240	6	4410	47	25	0	4488
24241	4294	45	25	25	0	4389
24242	59	20	8	4264	0	4351
24243	25	16	9	4302	0	4352
24244	4288	9	8	81	0	4386
24245	46	4313	13	35	0	4407
24246	4331	50	8	23	0	4412
24247	4338	23	4	17	0	4382
24248	4376	7	10	24	0	4417
24249	68	8	13	4315	0	4404
24250	4218	7	14	60	0	4299
24251	46	4106	12	35	0	4199
24252	25	4213	13	18	0	4269
24253	4261	61	12	23	0	4357
24254	54	27	8	4316	0	4405
24255	35	21	8	4338	0	4402
24256	24	17	8	4356	0	4405
24257	16	9	4217	76	0	4318
24258	7	4213	50	49	0	4319
24259	21	47	28	4296	0	4392
24260	4296	25	18	76	0	4415
24261	63	17	17	4310	0	4407
24262	37	17	4277	61	0	4392
24263	20	4294	54	35	0	4403
24264	4323	54	27	29	0	4433
24265	4295	28	20	32	0	4375
24266	4330	22	20	18	0	4390
24267	82	24	13	4344	0	4463
24268	45	13	4394	65	0	4517
24269	30	20	4499	44	0	4593
24270	26	4570	73	32	0	4701
24271	44	60	26	4538	0	4668
24272	20	35	21	4651	0	4727
24273	4412	22	17	108	0	4559
24274	78	19	12	4524	0	4633
24275	4620	15	9	101	0	4745
24276	81	17	4539	58	0	4695
24277	53	13	4662	33	0	4761
24278	42	13	94	4565	0	4714
24279	38	18	41	4656	0	4753
24280	39	13	22	4782	0	4856
24281	4871	15	15	119	0	5020
24282	5092	9	13	69	0	5183
24283	125	11	15	5116	0	5267
24284	60	12	5064	105	0	5241
24285	26	19	5236	63	0	5344
24286	36	11	125	5206	0	5378
24287	5313	16	47	114	0	5490
24288	112	15	20	5327	0	5474
24289	68	9	19	5411	0	5507
24290	36	15	5315	148	0	5514
24291	30	13	5306	62	0	5411
24292	5142	13	130	57	0	5342
24293	116	6	5306	35	0	5463
24294	65	12	109	5156	0	5342
24295	45	10	51	5267	0	5373
24296	5170	7	28	144	0	5349
24297	103	5118	24	61	0	5306
24298	5023	85	29	55	0	5192
24299	104	4913	31	28	0	5076
24300	4818	80	22	53	0	4973
24301	98	37	4756	42	0	4933
24302	4500	17	100	28	0	4645
24303	4621	10	47	33	0	4711
24304	130	20	23	4557	0	4730
24305	63	11	4485	84	0	4643
24306	42	13	102	4305	0	4462
24307	36	7	49	4377	0	4469
24308	31	4320	34	122	0	4507
24309	34	72	19	4280	0	4405
24310	37	4310	20	101	0	4468
24311	40	81	16	4334	0	4471
24312	4267	42	20	119	0	4448
24313	107	19	20	4312	0	4458
24314	56	21	4269	92	0	4438
24315	4202	16	83	72	0	4373
24316	100	11	4334	51	0	4496
24317	4332	13	96	45	0	4486
24318	4400	10	51	57	0	4518
24319	134	4349	33	32	0	4548
24320	77	4550	29	26	0	4682
24321	4494	117	26	38	0	4675
24322	4601	46	32	50	0	4729
24323	4494	21	28	43	0	4586
24324	4489	18	16	56	0	4579
24325	4511	20	16	42	0	4589
24326	157	27	24	4373	0	4581
24327	97	19	20	4482	0	4618
24328	47	17	4387	140	0	4591
24329	4306	10	95	66	0	4477
24330	129	17	56	4296	0	4498
24331	85	19	33	4343	0	4480
24332	52	26	4282	131	0	4491
24333	52	4142	101	81	0	4376
24334	43	4291	60	46	0	4440
24335	4181	116	43	50	0	4390
24336	3890	40	19	47	0	3996
24337	125	3649	20	37	0	3831
24338	49	3647	24	28	0	3748
24339	3602	96	26	34	0	3758
24340	3737	33	19	36	0	3825
24341	119	18	15	3636	0	3788
24342	54	21	19	3697	0	3791
24343	45	13	23	3780	0	3861
24344	3625	16	13	127	0	3781
24345	3679	18	13	60	0	3770
24346	131	14	18	3659	0	3822
24347	3770	17	14	103	0	3904
24348	119	23	3759	53	0	3954
24349	74	27	94	3755	0	3950
24350	56	15	3786	98	0	3955
24351	42	3743	94	50	0	3929
24352	51	101	54	3724	0	3930
24353	3714	39	25	108	0	3886
24354	125	15	7	3713	0	3860
24355	58	15	18	3741	0	3832
24356	31	16	3679	135	0	3861
24357	31	17	3720	63	0	3831
24358	46	3778	111	32	0	3967
24359	3779	85	36	38	0	3938
24360	3834	36	14	49	0	3933
24361	3807	24	21	39	0	3891
24362	3844	19	23	28	0	3914
24363	136	17	22	3759	0	3934
24364	76	15	20	3780	0	3891
24365	51	3782	12	116	0	3961
24366	3798	90	15	59	0	3962
24367	3819	42	14	33	0	3908
24368	135	21	3631	30	0	3817
24369	3288	13	77	38	0	3416
24370	102	3340	32	20	0	3494
24371	63	100	16	3243	0	3422
24372	32	3369	8	89	0	3498
24373	3336	88	18	52	0	3494
24374	100	3313	17	26	0	3456
24375	50	75	8	3215	0	3348
24376	32	25	13	3283	0	3353
24377	33	9	6	3197	0	3245
24378	23	3083	12	108	0	3226
24379	30	106	10	3098	0	3244
24380	43	47	18	3065	0	3173
24381	29	2740	10	83	0	2862
24382	16	2671	13	36	0	2736
24383	2493	62	13	26	0	2594
24384	58	2527	4	15	0	2604
24385	2377	45	7	22	0	2451
24386	58	21	2356	12	0	2447
24387	30	2279	41	12	0	2362
24388	2274	45	20	13	0	2352
24389	2262	18	8	18	0	2306
24390	61	11	2231	12	0	2315
24391	29	6	38	2214	0	2287
24392	14	12	2263	50	0	2339
24393	18	2221	38	21	0	2298
24394	2190	47	16	22	0	2275
24395	42	2187	4	13	0	2246
24396	24	44	6	2188	0	2262
24397	17	21	7	2248	0	2293
24398	9	14	2208	59	0	2290
24399	13	16	2136	19	0	2184
24400	2091	6	49	18	0	2164
24401	2173	14	13	15	0	2215
24402	2192	10	7	19	0	2228
24403	2165	11	3	21	0	2200
24404	57	2170	10	9	0	2246
24405	19	49	6	2177	0	2251
24406	15	19	7	2178	0	2219
24407	13	2222	6	55	0	2296
24408	2257	50	4	20	0	2331
24409	2291	20	5	17	0	2333
24410	65	11	2257	13	0	2346
24411	2251	11	48	15	0	2325
24412	61	15	10	2253	0	2339
24413	24	10	2210	53	0	2297
24414	23	14	61	2190	0	2288
24415	14	7	2252	56	0	2329
24416	13	10	2174	16	0	2213
24417	20	26	62	2052	0	2160
24418	9	2057	16	40	0	2122
24419	2073	42	10	17	0	2142
24420	2006	10	7	17	0	2040
24421	49	2135	8	10	0	2202
24422	19	2199	7	10	0	2235
24423	2247	45	11	16	0	2319
24424	2290	12	10	12	0	2324
24425	2306	11	4	15	0	2336
24426	2306	7	8	7	0	2328
24427	61	10	2	2355	0	2428
24428	22	3	2385	43	0	2453
24429	14	2378	44	13	0	2449
24430	2363	42	7	9	0	2421
24431	39	2401	8	9	0	2457
24432	2398	39	9	6	0	2452
24433	2418	12	3	16	0	2449
24434	56	5	2425	4	0	2490
24435	17	2524	35	8	0	2584
24436	17	41	15	2541	0	2614
24437	10	13	7	2586	0	2616
24438	10	6	3	2519	0	2538
24439	2527	9	5	53	0	2594
24440	2453	6	2	20	0	2481
24441	2465	9	2	16	0	2492
24442	45	2458	4	6	0	2513
24443	2426	39	1	9	0	2475
24444	40	2421	1	9	0	2471
24445	14	35	2429	9	0	2487
24446	7	2420	33	12	0	2472
24447	26	40	18	2263	0	2347
24448	8	5	1	2242	0	2256
24449	8	5	2243	24	0	2280
24450	13	6	20	2203	0	2242
24451	12	2	4	2220	0	2238
24452	2240	5	2	29	0	2276
24453	2231	5	4	9	0	2249
24454	2258	4	0	11	0	2273
24455	28	2272	3	6	0	2309
24456	2241	25	2	8	0	2276
24457	2199	3	3	6	0	2211
24458	24	2277	2	6	0	2309
24459	14	20	2	2281	0	2317
24460	13	6	3	2286	0	2308
24461	2304	3	4	28	0	2339
24462	26	6	2287	7	0	2326
24463	9	2218	22	9	0	2258
24464	11	29	3	2150	0	2193
24465	7	2140	3	24	0	2174
24466	3	2212	2	7	0	2224
24467	2193	17	10	11	0	2231
24468	2205	5	1	10	0	2221
24469	23	8	3	2190	0	2224
24470	11	4	2	2171	0	2188
24471	11	3	1	2184	0	2199
24472	7	6	2	2164	0	2179
24473	7	7	2128	22	0	2164
24474	6	7	2018	13	0	2044
24475	5	2	17	2167	0	2191
24476	3	4	2296	23	0	2326
24477	5	2322	24	17	0	2368
24478	2369	24	6	15	0	2414
24479	2411	6	3	14	0	2434
24480	35	2	5	2428	0	2470
24481	9	6	5	2434	0	2454
24482	14	10	4	2437	0	2465
24483	8	2470	0	33	0	2511
24484	2483	29	3	14	0	2529
24485	2521	9	1	10	0	2541
24486	44	3	2470	9	0	2526
24487	19	3	32	2647	0	2701
24488	10	3	2713	48	0	2774
24489	9	3	41	2916	0	2969
24490	12	5	7	2921	0	2945
24491	15	2	6	2901	0	2924
24492	9	4	5	2995	0	3013
24493	2980	3	3	84	0	3070
24494	3066	6	6	20	0	3098
24495	3108	7	2	18	0	3135
24496	85	3	2	3085	0	3175
24497	19	5	3039	63	0	3126
24498	2986	1	55	23	0	3065
24499	60	3	9	3069	0	3141
24500	3067	2	13	76	0	3158
24501	66	5	5	3067	0	3143
24502	18	3002	3	69	0	3092
24503	12	3137	5	17	0	3171
24504	17	62	6	3131	0	3216
24505	16	13	4	3151	0	3184
24506	20	10	3	3160	0	3193
24507	11	3068	1	67	0	3147
24508	3034	54	2	35	0	3125
24509	56	3079	3	20	0	3158
24510	10	57	3090	16	0	3173
24511	21	12	50	3070	0	3153
24512	10	3196	16	56	0	3278
24513	15	60	7	3178	0	3260
24514	17	10	7	3207	0	3241
24515	9	8	3172	76	0	3265
24516	3038	10	52	40	0	3140
24517	60	3279	13	22	0	3374
24518	3307	58	6	18	0	3389
24519	3380	13	4	25	0	3422
24520	3388	12	6	20	0	3426
24521	80	11	3164	12	0	3267
24522	37	3	60	3130	0	3230
24523	27	9	11	3189	0	3236
24524	13	8	3092	78	0	3191
24525	2949	3	66	32	0	3050
24526	70	10	3107	19	0	3206
24527	19	9	3009	12	0	3049
24528	11	2993	67	18	0	3089
24529	19	59	15	2983	0	3076
24530	7	14	3011	64	0	3096
24531	2862	9	66	26	0	2963
24532	2980	13	15	16	0	3024
24533	71	7	2971	15	0	3064
24534	26	9	66	2961	0	3062
24535	15	14	3007	61	0	3097
24536	18	3022	66	26	0	3132
24537	3176	66	17	38	0	3297
24538	3241	10	13	24	0	3288
24539	3308	5	10	22	0	3345
24540	97	10	7	3244	0	3358
24541	38	8	9	3322	0	3377
24542	32	7	3254	83	0	3376
24543	3222	5	74	30	0	3331
24544	93	4	22	3247	0	3366
24545	3209	6	12	103	0	3330
24546	86	7	3199	25	0	3317
24547	27	5	3295	24	0	3351
24548	40	9	85	3187	0	3321
24549	27	7	25	3313	0	3372
24550	18	2	3265	98	0	3383
24551	3180	9	87	32	0	3308
24552	89	10	21	3198	0	3318
24553	22	3318	19	82	0	3441
24554	3319	79	16	34	0	3448
24555	97	3350	16	33	0	3496
24556	3382	86	15	24	0	3507
24557	99	20	3407	21	0	3547
24558	31	12	3331	19	0	3393
24559	26	3347	92	25	0	3490
24560	3364	80	24	27	0	3495
24561	95	13	3335	26	0	3469
24562	3228	10	86	27	0	3351
24563	102	3301	25	11	0	3439
24564	44	75	23	3343	0	3485
24565	30	13	21	3341	0	3405
24566	27	3279	19	93	0	3418
24567	3423	83	24	34	0	3564
24568	3561	13	15	33	0	3622
24569	3624	10	17	38	0	3689
24570	107	20	3588	17	0	3732
24571	51	10	83	3582	0	3726
24572	40	16	22	3642	0	3720
24573	31	14	19	3718	0	3782
24574	22	11	3654	103	0	3790
24575	16	3569	84	42	0	3711
24576	3444	86	21	26	0	3577
24577	97	19	3460	16	0	3592
24578	3371	17	94	23	0	3505
24579	97	3401	27	14	0	3539
24580	3426	83	24	25	0	3558
24581	87	26	27	3408	0	3548
24582	3496	19	14	91	0	3620
24583	100	17	13	3508	0	3638
24584	35	19	3601	84	0	3739
24585	55	24	66	3542	0	3687
24586	30	18	3584	79	0	3711
24587	3321	14	69	34	0	3438
24588	83	3427	22	27	0	3559
24589	32	52	14	3130	0	3228
24590	18	3299	19	46	0	3382
24591	3277	40	18	30	0	3365
24592	3263	14	18	33	0	3328
24593	48	3222	21	16	0	3307
24594	3203	43	17	23	0	3286
24595	3306	16	10	20	0	3352
24596	55	11	11	3274	0	3351
24597	25	14	10	3294	0	3343
24598	3409	14	12	55	0	3490
24599	3493	7	5	24	0	3529
24600	65	10	10	3446	0	3531
24601	42	5	10	3701	0	3758
24602	3774	4	12	80	0	3870
24603	70	6	3767	25	0	3868
24604	3591	4	63	34	0	3692
24605	72	8	3688	20	0	3788
24606	21	3650	72	17	0	3760
24607	40	66	23	3626	0	3755
24608	26	13	3734	57	0	3830
24609	22	3859	66	12	0	3959
24610	3778	72	15	41	0	3906
24611	74	20	3843	15	0	3952
24612	3766	14	60	23	0	3863
24613	3916	11	12	28	0	3967
24614	3966	10	14	26	0	4016
24615	84	9	12	3828	0	3933
24616	35	3913	10	62	0	4020
24617	3863	59	14	44	0	3980
24618	79	12	3902	18	0	4011
24619	3620	14	51	38	0	3723
24620	66	12	3877	18	0	3973
24621	24	3850	55	30	0	3959
24622	25	62	16	3884	0	3987
24623	34	12	14	3904	0	3964
24624	20	3836	20	59	0	3935
24625	17	56	16	3897	0	3986
24626	17	13	3938	58	0	4026
24627	14	3945	59	24	0	4042
24628	20	57	16	3906	0	3999
24629	3880	17	14	72	0	3983
24630	4063	18	16	19	0	4116
24631	90	10	9	4107	0	4216
24632	32	4194	15	62	0	4303
24633	43	61	7	4178	0	4289
24634	32	17	12	4185	0	4246
24635	23	20	4006	81	0	4130
24636	19	4014	62	33	0	4128
24637	21	47	12	3907	0	3987
24638	19	17	3857	54	0	3947
24639	12	3811	55	20	0	3898
24640	23	45	18	3835	0	3921
24641	3814	19	18	64	0	3915
24642	55	3952	6	24	0	4037
24643	20	49	6	3988	0	4063
24644	4088	17	8	67	0	4180
24645	4147	17	6	30	0	4200
24646	4152	15	7	33	0	4207
24647	4133	8	7	29	0	4177
24648	75	13	11	4084	0	4183
24649	29	13	4170	61	0	4273
24650	37	20	49	4041	0	4147
24651	15	4150	16	62	0	4243
24652	4213	49	17	36	0	4315
24653	59	17	4120	21	0	4217
24654	3978	15	48	30	0	4071
24655	65	11	4061	13	0	4150
24656	29	12	49	4025	0	4115
24657	22	16	4075	54	0	4167
24658	29	11	56	3993	0	4089
24659	25	8	4048	57	0	4138
24660	33	13	49	3959	0	4054
24661	4041	12	15	74	0	4142
24662	49	4235	17	31	0	4332
24663	39	50	11	4284	0	4384
24664	32	17	12	4295	0	4356
24665	19	21	4386	62	0	4488
24666	22	7	4205	31	0	4265
24667	4138	13	56	40	0	4247
24668	59	4228	24	17	0	4328
24669	4165	44	23	28	0	4260
24670	4247	13	18	35	0	4313
24671	60	12	25	4211	0	4308
24672	21	4320	15	54	0	4410
24673	4385	46	14	48	0	4493
24674	4470	14	14	33	0	4531
24675	4504	16	9	27	0	4556
24676	4519	11	8	30	0	4568
24677	4483	14	8	38	0	4543
24678	76	8	4399	23	0	4506
24679	4353	8	54	24	0	4439
24680	78	12	4434	9	0	4533
24681	36	12	53	4361	0	4462
24682	34	12	24	4463	0	4533
24683	30	7	4397	60	0	4494
24684	4299	11	53	33	0	4396
24685	70	7	21	4399	0	4497
24686	31	10	20	4510	0	4571
24687	32	11	15	4548	0	4606
24688	29	7	16	4496	0	4548
24689	26	12	8	4539	0	4585
24690	22	10	4550	80	0	4662
24691	35	7	55	4494	0	4591
24692	17	7	4593	72	0	4689
24693	18	10	4553	35	0	4616
24694	4529	6	82	31	0	4648
24695	4725	9	32	31	0	4797
24696	5107	5	16	36	0	5164
24697	121	7	5190	19	0	5337
24698	45	7	5245	23	0	5320
24699	20	5	5375	20	0	5420
24700	21	5454	137	24	0	5636
24701	43	129	78	5267	0	5517
24702	5483	31	24	122	0	5660
24703	124	16	12	5852	0	6004
24704	42	5938	18	123	0	6121
24705	6027	111	18	71	0	6227
24706	139	43	23	5993	0	6198
24707	56	6143	22	124	0	6345
24708	63	111	19	6164	0	6357
24709	51	44	17	6123	0	6235
24710	5970	25	16	183	0	6194
24711	135	21	16	5993	0	6165
24712	70	17	5926	156	0	6169
24713	63	20	112	5843	0	6038
24714	30	5754	57	157	0	5998
24715	20	5934	40	83	0	6077
24716	46	154	25	5778	0	6003
24717	35	70	21	5761	0	5887
24718	19	5672	25	183	0	5899
24719	35	5740	32	94	0	5901
24720	27	5851	21	82	0	5981
24721	45	184	19	5445	0	5693
24722	26	5796	16	150	0	5988
24723	5693	164	21	88	0	5966
24724	137	83	5748	69	0	6037
24725	67	63	114	5619	0	5863
24726	45	5816	53	144	0	6058
24727	5701	144	28	107	0	5980
24728	125	79	5780	69	0	6053
24729	58	5827	123	50	0	6058
24730	5586	139	46	71	0	5842
24731	117	5580	33	38	0	5768
24732	61	5657	20	50	0	5788
24733	59	180	24	5499	0	5762
24734	28	5638	16	130	0	5812
24735	5550	158	21	84	0	5813
24736	129	98	9	5563	0	5799
24737	63	69	5526	126	0	5784
24738	46	56	5579	72	0	5753
24739	42	56	149	5540	0	5787
24740	24	63	5625	128	0	5840
24741	38	58	127	5614	0	5837
24742	5445	42	56	172	0	5715
24743	121	57	5476	77	0	5731
24744	87	22	120	5351	0	5580
24745	35	5334	75	123	0	5567
24746	37	131	39	5431	0	5638
24747	34	73	39	5439	0	5585
24748	29	5413	33	172	0	5647
24749	38	125	41	5499	0	5703
24750	32	73	28	5591	0	5724
24751	35	50	5442	171	0	5698
24752	30	5389	126	101	0	5646
24753	5377	147	61	90	0	5675
24754	121	72	50	5462	0	5705
24755	61	60	5519	163	0	5803
24756	52	44	117	5518	0	5731
24757	28	44	5510	178	0	5760
24758	5283	33	151	127	0	5594
24759	115	5474	85	68	0	5742
24760	74	117	56	5500	0	5747
24761	51	78	43	5648	0	5820
24762	5344	50	46	204	0	5644
24763	139	35	33	5422	0	5629
24764	68	37	5354	182	0	5641
24765	54	41	126	5202	0	5423
24766	31	5104	80	170	0	5385
24767	25	5266	57	124	0	5472
24768	26	5383	40	89	0	5538
24769	52	190	23	5317	0	5582
24770	25	100	5202	180	0	5507
24771	31	5169	129	113	0	5442
24772	5040	134	71	102	0	5347
24773	112	5180	51	56	0	5399
24774	5157	151	40	80	0	5428
24775	5154	92	24	92	0	5362
24776	161	66	5103	59	0	5389
24777	5134	59	125	86	0	5404
24778	5400	47	75	78	0	5600
24779	5254	38	53	84	0	5429
24780	5389	52	27	79	0	5547
24781	193	55	5346	41	0	5635
24782	5296	55	119	67	0	5537
24783	5482	44	59	63	0	5648
24784	182	5518	47	50	0	5797
24785	104	144	40	5429	0	5717
24786	82	82	24	5484	0	5672
24787	42	5455	35	178	0	5710
24788	5377	155	24	99	0	5655
24789	152	5444	28	58	0	5682
24790	5273	154	38	57	0	5522
24791	5393	75	30	42	0	5540
24792	184	5342	36	33	0	5595
24793	121	132	26	5292	0	5571
24794	77	70	5340	137	0	5624
24795	64	5174	105	73	0	5416
24796	67	164	55	4623	0	4909
24797	57	4683	49	93	0	4882
24798	33	4891	27	44	0	4995
24799	58	148	34	4562	0	4802
24800	33	38	4647	84	0	4802
24801	32	4492	68	34	0	4626
24802	15	4431	33	34	0	4513
24803	3885	71	23	34	0	4013
24804	65	19	7	3921	0	4012
24805	26	12	8	3943	0	3989
24806	20	14	3	4051	0	4088
24807	18	8	4023	74	0	4123
24808	20	7	67	4067	0	4161
24809	7	4185	21	87	0	4300
24810	4321	80	13	41	0	4455
24811	96	25	11	4346	0	4478
24812	31	16	4351	89	0	4487
24813	4436	16	82	35	0	4569
24814	109	9	24	4564	0	4706
24815	28	9	4873	97	0	5007
24816	10	13	4911	32	0	4966
24817	4923	5	128	27	0	5083
24818	5138	13	24	36	0	5211
24819	5133	8	19	31	0	5191
24820	5182	7	14	31	0	5234
24821	130	16	5120	10	0	5276
24822	47	5185	91	21	0	5344
24823	5183	102	26	30	0	5341
24824	112	5174	12	14	0	5312
24825	5131	95	18	35	0	5279
24826	101	5171	18	13	0	5303
24827	53	105	6	5145	0	5309
24828	28	35	11	5189	0	5263
24829	31	14	18	5143	0	5206
24830	17	5011	17	131	0	5176
24831	18	5160	10	48	0	5236
24832	26	119	9	4934	0	5088
24833	21	5043	9	107	0	5180
24834	19	107	5008	31	0	5165
24835	29	36	108	4968	0	5141
24836	10	27	5045	107	0	5189
24837	4948	18	100	47	0	5113
24838	5043	20	34	31	0	5128
24839	135	13	4989	24	0	5161
24840	36	25	4982	22	0	5065
24841	37	10	130	4912	0	5089
24842	30	18	4980	109	0	5137
24843	33	20	101	4782	0	4936
24844	28	4680	49	97	0	4854
24845	30	111	18	5009	0	5168
24846	29	36	23	5077	0	5165
24847	29	24	16	5089	0	5158
24848	22	26	4891	135	0	5074
24849	20	20	103	4869	0	5012
24850	30	19	46	4875	0	4970
24851	33	23	17	4829	0	4902
24852	28	4862	21	114	0	5025
24853	4852	107	24	58	0	5041
24854	4886	34	28	47	0	4995
24855	4834	23	21	47	0	4925
24856	130	43	24	4730	0	4927
24857	47	25	4737	120	0	4929
24858	74	25	4673	40	0	4812
24859	26	4751	127	40	0	4944
24860	4658	116	41	51	0	4866
24861	97	4693	32	50	0	4872
24862	4691	111	37	47	0	4886
24863	107	4687	28	42	0	4864
24864	4648	117	16	51	0	4832
24865	114	4854	21	44	0	5033
24866	53	123	18	4836	0	5030
24867	38	42	4808	119	0	5007
24868	45	31	4876	46	0	4998
24869	33	42	121	4780	0	4976
24870	34	14	46	4849	0	4943
24871	33	20	38	4928	0	5019
24872	34	24	4823	143	0	5024
24873	39	29	115	4734	0	4917
24874	4636	16	46	142	0	4840
24875	4696	27	25	76	0	4824
24876	136	4615	25	46	0	4822
24877	4540	118	26	47	0	4731
24878	137	4465	25	32	0	4659
24879	4457	119	23	44	0	4643
24880	4547	41	21	50	0	4659
24881	4425	31	28	40	0	4524
24882	133	26	4458	34	0	4651
24883	65	28	4350	37	0	4480
24884	4282	23	123	45	0	4473
24885	4491	18	40	47	0	4596
24886	140	29	39	4425	0	4633
24887	74	19	31	4577	0	4701
24888	66	23	19	4658	0	4766
24889	57	21	23	4685	0	4786
24890	40	26	21	4823	0	4910
24891	4670	19	18	165	0	4872
24892	120	29	27	4699	0	4875
24893	55	18	4681	135	0	4889
24894	4512	22	92	68	0	4694
24895	4658	15	32	41	0	4746
24896	123	4603	24	40	0	4790
24897	45	4686	26	36	0	4793
24898	4321	79	11	34	0	4445
24899	78	4464	13	26	0	4581
24900	4400	72	25	34	0	4531
24901	4639	24	17	29	0	4709
24902	4686	11	12	26	0	4735
24903	117	11	9	4528	0	4665
24904	48	4526	14	86	0	4674
24905	4580	65	8	43	0	4696
24906	91	31	14	4540	0	4676
24907	47	16	10	4453	0	4526
24908	4268	11	6	88	0	4373
24909	67	4183	12	49	0	4311
24910	50	52	8	4160	0	4270
24911	4240	29	5	75	0	4349
24912	59	4270	7	42	0	4378
24913	4304	47	1	43	0	4395
24914	62	28	4148	14	0	4252
24915	4017	15	39	24	0	4095
24916	58	4157	15	11	0	4241
24917	4074	45	14	20	0	4153
24918	4077	18	4	25	0	4124
24919	62	4196	7	10	0	4275
24920	4181	45	0	20	0	4246
24921	62	4096	4	10	0	4172
24922	4194	51	5	19	0	4269
24923	66	21	7	4209	0	4303
24924	46	24	2	4200	0	4272
24925	35	15	3	4249	0	4302
24926	27	13	4144	61	0	4245
24927	30	10	36	4150	0	4226
24928	28	12	4163	55	0	4258
24929	29	16	43	4129	0	4217
24930	22	4183	16	53	0	4274
24931	33	48	9	4235	0	4325
24932	21	28	4234	59	0	4342
24933	21	19	4337	33	0	4410
24934	28	18	52	4340	0	4438
24935	4320	14	26	66	0	4426
24936	4329	10	14	39	0	4392
24937	66	4377	13	24	0	4480
24938	48	47	7	4402	0	4504
24939	29	33	4554	53	0	4669
24940	28	15	48	4569	0	4660
24941	24	14	4605	58	0	4701
24942	4496	19	57	43	0	4615
24943	68	16	23	4606	0	4713
24944	34	16	4564	56	0	4670
24945	41	13	43	4557	0	4654
24946	27	16	27	4611	0	4681
24947	19	22	4564	81	0	4686
24948	34	5	51	4575	0	4665
24949	4566	11	27	79	0	4683
24950	4616	11	20	50	0	4697
24951	73	14	18	4670	0	4775
24952	4690	12	22	67	0	4791
24953	66	11	4758	47	0	4882
24954	34	16	4694	35	0	4779
24955	4747	11	71	44	0	4873
24956	4888	11	42	37	0	4978
24957	79	7	18	4817	0	4921
24958	49	13	21	4850	0	4933
24959	32	11	4795	88	0	4926
24960	29	11	56	4640	0	4736
24961	25	4846	38	73	0	4982
24962	4939	49	35	60	0	5083
24963	5293	24	25	39	0	5381
24964	97	5294	24	33	0	5448
24965	5149	69	17	37	0	5272
24966	5167	22	19	48	0	5256
24967	103	5218	21	29	0	5371
24968	5209	76	20	52	0	5357
24969	97	5237	27	34	0	5395
24970	5271	83	23	38	0	5415
24971	100	36	5264	34	0	5434
24972	62	20	82	5278	0	5442
24973	57	21	34	5391	0	5503
24974	44	16	21	5610	0	5691
24975	5572	14	24	126	0	5736
24976	117	15	15	5751	0	5898
24977	64	17	5729	109	0	5919
24978	5782	15	91	65	0	5953
24979	118	15	42	5789	0	5964
24980	66	5688	27	113	0	5894
24981	37	5891	28	53	0	6009
24982	44	114	22	5777	0	5957
24983	55	41	21	5781	0	5898
24984	56	29	22	5808	0	5915
24985	34	23	5594	141	0	5792
24986	40	5544	80	74	0	5738
24987	5423	73	34	50	0	5580
24988	5377	29	31	50	0	5487
24989	109	5357	17	35	0	5518
24990	58	5445	20	24	0	5547
24991	67	105	43	5354	0	5569
24992	29	40	5317	96	0	5482
24993	5113	44	90	56	0	5303
24994	5245	27	31	44	0	5347
24995	100	21	19	5201	0	5341
24996	61	7	21	5205	0	5294
24997	5072	11	14	131	0	5228
24998	86	22	5055	54	0	5217
24999	4892	12	74	51	0	5029
25000	90	4969	28	41	0	5128
25001	36	68	16	4637	0	4757
25002	28	4695	15	66	0	4804
25003	4746	69	12	50	0	4877
25004	75	28	7	4743	0	4853
25005	46	19	13	4671	0	4749
25006	32	4647	15	81	0	4775
25007	4681	65	11	53	0	4810
25008	4704	19	16	48	0	4787
25009	89	17	4609	35	0	4750
25010	37	22	4449	21	0	4529
25011	4397	18	65	21	0	4501
25012	74	9	4455	25	0	4563
25013	25	18	4216	20	0	4279
25014	4151	17	81	23	0	4272
25015	65	12	4571	8	0	4656
25016	36	7	81	4577	0	4701
25017	38	6	28	4640	0	4712
25018	4844	4	20	118	0	4986
25019	104	12	4895	46	0	5057
25020	5113	10	95	39	0	5257
25021	134	8	36	5158	0	5336
25022	5214	3	28	127	0	5372
25023	5294	10	20	50	0	5374
25024	5339	6	9	34	0	5388
25025	184	6	10	5190	0	5390
25026	5290	6	11	131	0	5438
25027	169	10	11	5258	0	5448
25028	94	1	13	5315	0	5423
25029	80	4	10	5351	0	5445
25030	50	11	16	5366	0	5443
25031	5255	9	13	196	0	5473
25032	5323	7	10	97	0	5437
25033	173	9	5250	62	0	5494
25034	5287	3	132	61	0	5483
25035	5447	5	50	54	0	5556
25036	200	5	35	5295	0	5535
25037	113	5260	19	143	0	5535
25038	5375	109	13	76	0	5573
25039	185	40	21	5172	0	5418
25040	5169	25	21	155	0	5370
25041	188	5100	16	76	0	5380
25042	5187	119	12	81	0	5399
25043	192	43	13	5110	0	5358
25044	96	5049	13	155	0	5313
25045	5170	129	11	102	0	5412
25046	171	5069	8	67	0	5315
25047	95	5356	13	48	0	5512
25048	5343	158	18	46	0	5565
25049	171	78	5237	36	0	5522
25050	5294	47	116	53	0	5510
25051	195	24	43	5237	0	5499
25052	98	39	5245	137	0	5519
25053	101	31	127	5126	0	5385
25054	76	19	55	5266	0	5416
25055	65	32	5202	186	0	5485
25056	5196	24	127	98	0	5445
25057	182	20	56	5245	0	5503
25058	112	25	39	5317	0	5493
25059	91	26	18	5325	0	5460
25060	5219	22	19	233	0	5493
25061	182	31	5042	111	0	5366
25062	101	41	5054	84	0	5280
25063	88	30	158	4711	0	4987
25064	77	15	4723	147	0	4962
25065	4615	27	142	107	0	4891
25066	155	4650	70	82	0	4957
25067	4598	106	62	67	0	4833
25068	177	52	33	4493	0	4755
25069	111	4515	37	143	0	4806
25070	89	125	48	4525	0	4787
25071	75	4573	43	162	0	4853
25072	83	133	22	4624	0	4862
25073	62	52	4493	174	0	4781
25074	58	47	4312	107	0	4524
25075	56	4320	135	91	0	4602
25076	4078	92	90	76	0	4336
25077	119	54	57	4066	0	4296
25078	82	43	37	4090	0	4252
25079	4012	28	43	162	0	4245
25080	4039	29	30	102	0	4200
25081	165	32	30	4011	0	4238
25082	100	28	3937	131	0	4196
25083	76	3937	114	81	0	4208
25084	67	112	52	3984	0	4215
25085	57	60	51	3941	0	4109
25086	60	4012	39	152	0	4263
25087	4023	121	28	107	0	4279
25088	135	56	4059	70	0	4320
25089	75	51	112	3967	0	4205
25090	63	54	59	3933	0	4109
25091	51	40	3877	173	0	4141
25092	48	36	114	3943	0	4141
25093	3924	37	63	171	0	4195
25094	3964	27	49	101	0	4141
25095	3975	27	38	86	0	4126
25096	167	3870	38	74	0	4149
25097	4069	102	35	75	0	4281
25098	167	54	36	4016	0	4273
25099	94	40	36	4092	0	4262
25100	77	4331	34	179	0	4621
25101	4659	143	27	104	0	4933
25102	4912	62	36	87	0	5097
25103	4970	48	34	82	0	5134
25104	5027	48	28	79	0	5182
25105	5020	37	29	72	0	5158
25106	233	29	4796	73	0	5131
25107	4946	32	149	71	0	5198
25108	5040	25	62	66	0	5193
25109	5014	28	53	56	0	5151
25110	264	20	38	4846	0	5168
25111	156	26	31	4903	0	5116
25112	114	17	4742	207	0	5080
25113	4304	27	144	143	0	4618
25114	182	4607	69	86	0	4944
25115	90	4264	35	57	0	4446
25116	79	114	4201	46	0	4440
25117	57	4108	101	46	0	4312
25118	49	4002	49	33	0	4133
25119	72	197	65	3481	0	3815
25120	35	3555	16	90	0	3696
25121	3505	84	8	32	0	3629
25122	3495	32	8	29	0	3564
25123	115	20	7	3392	0	3534
25124	55	20	3385	78	0	3538
25125	3372	9	77	31	0	3489
25126	98	10	3418	21	0	3547
25127	49	15	3451	14	0	3529
25128	48	7	97	3288	0	3440
25129	42	9	36	3415	0	3502
25130	27	12	3399	96	0	3534
25131	29	3296	86	37	0	3448
25132	29	3482	24	28	0	3563
25133	3341	91	28	39	0	3499
25134	3386	28	13	24	0	3451
25135	84	16	3299	20	0	3419
25136	3261	11	60	20	0	3352
25137	3395	9	23	17	0	3444
25138	93	10	13	3325	0	3441
25139	50	13	8	3379	0	3450
25140	40	14	13	3403	0	3470
25141	3363	11	9	91	0	3474
25142	3356	9	12	42	0	3419
25143	3423	8	6	35	0	3472
25144	118	10	11	3359	0	3498
25145	60	12	3271	70	0	3413
25146	3249	10	60	37	0	3356
25147	3233	2	26	30	0	3291
25148	108	10	21	3134	0	3273
25149	62	3180	18	60	0	3320
25150	56	67	7	3174	0	3304
25151	32	3196	8	81	0	3317
25152	26	74	22	3093	0	3215
25153	33	3217	9	81	0	3340
25154	3169	71	12	31	0	3283
25155	85	36	10	3150	0	3281
25156	35	3140	15	65	0	3255
25157	30	65	3108	28	0	3231
25158	3081	27	69	18	0	3195
25159	79	16	24	3100	0	3219
25160	35	3088	15	62	0	3200
25161	44	60	10	3016	0	3130
25162	33	2980	14	65	0	3092
25163	22	3198	16	30	0	3266
25164	3133	70	17	31	0	3251
25165	3191	26	10	27	0	3254
25166	84	21	3160	15	0	3280
25167	3142	18	66	18	0	3244
25168	3171	18	28	22	0	3239
25169	75	3090	20	16	0	3201
25170	42	63	15	3093	0	3213
25171	36	29	11	3110	0	3186
25172	23	22	3054	75	0	3174
25173	27	22	3017	28	0	3094
25174	3072	16	66	25	0	3179
25175	3129	3	30	26	0	3188
25176	3130	9	20	24	0	3183
25177	91	8	3052	17	0	3168
25178	46	7	62	3020	0	3135
25179	3051	5	23	75	0	3154
25180	71	11	20	3044	0	3146
25181	35	8	2965	67	0	3075
25182	2910	6	52	29	0	2997
25183	77	14	3069	13	0	3173
25184	35	3001	55	21	0	3112
25185	3016	55	22	17	0	3110
25186	69	18	2991	11	0	3089
25187	37	21	55	2943	0	3056
25188	2981	10	23	60	0	3074
25189	73	12	10	2971	0	3066
25190	3006	10	11	76	0	3103
25191	65	16	5	2991	0	3077
25192	3081	12	3	76	0	3172
25193	3088	13	9	33	0	3143
25194	3086	7	7	33	0	3133
25195	3070	13	10	28	0	3121
25196	89	21	18	3020	0	3148
25197	39	7	2917	50	0	3013
25198	27	13	2897	23	0	2960
25199	26	2821	55	16	0	2918
25200	21	2480	13	12	0	2526
25201	2055	36	68	13	0	2172
25202	22	2	13	1983	0	2020
25203	5	1	1981	12	0	1999
25204	7	4	2071	2	0	2084
25205	9	6	14	2093	0	2122
25206	2102	1	7	18	0	2128
25207	12	2128	3	4	0	2147
25208	2279	11	0	9	0	2299
25209	14	0	1	2315	0	2330
25210	8	1	3	2294	0	2306
25211	5	2	3	2298	0	2308
25212	6	2	2296	14	0	2318
25213	5	1	2257	3	0	2266
25214	7	2293	12	6	0	2318
25215	6	12	9	2354	0	2381
25216	2304	2	3	22	0	2331
25217	16	3	2244	6	0	2269
25218	3	6	2296	5	0	2310
25219	6	2	13	2368	0	2389
25220	3	3	6	2431	0	2443
25221	9	2	3	2454	0	2468
25222	3	1	2	2628	0	2634
25223	2710	5	2	40	0	2757
25224	39	1	5	2743	0	2788
25225	2751	1	4	40	0	2796
25226	33	4	2834	15	0	2886
25227	11	2862	32	9	0	2914
25228	12	32	5	2864	0	2913
25229	7	10	2901	34	0	2952
25230	10	6	2925	11	0	2952
25231	6	2995	38	13	0	3052
25232	8	32	6	2884	0	2930
25233	9	7	10	2911	0	2937
25234	3	8	2964	35	0	3010
25235	2865	7	29	17	0	2918
25236	35	2	11	2962	0	3010
25237	15	1	6	2930	0	2952
25238	6	6	3032	41	0	3085
25239	9	2996	40	12	0	3057
25240	4	3312	11	20	0	3347
25241	3321	54	7	22	0	3404
25242	58	10	12	3368	0	3448
25243	3504	13	10	61	0	3588
25244	70	8	3485	16	0	3579
25245	26	5	63	3488	0	3582
25246	3487	4	15	74	0	3580
25247	3533	8	14	26	0	3581
25248	73	3	9	3516	0	3601
25249	32	2	3476	67	0	3577
25250	24	4	3502	27	0	3557
25251	22	12	70	3532	0	3636
25252	7	8	3573	71	0	3659
25253	3404	6	76	29	0	3515
25254	69	3471	21	27	0	3588
25255	3512	59	20	23	0	3614
25256	3570	14	17	21	0	3622
25257	84	17	14	3524	0	3639
25258	37	5	12	3584	0	3638
25259	3545	5	13	91	0	3654
25260	85	8	15	3534	0	3642
25261	25	9	3533	82	0	3649
25262	23	3513	65	34	0	3635
25263	22	60	19	3493	0	3594
25264	15	14	27	3508	0	3564
25265	14	17	12	3516	0	3559
25266	10	14	3438	93	0	3555
25267	20	3427	65	36	0	3548
25268	18	62	23	3511	0	3614
25269	23	18	3469	84	0	3594
25270	15	20	74	3469	0	3578
25271	3453	11	20	102	0	3586
25272	80	11	15	3498	0	3604
25273	33	5	3461	89	0	3588
25274	3458	7	73	48	0	3586
25275	74	3503	27	36	0	3640
25276	24	3639	33	25	0	3721
25277	3646	70	15	43	0	3774
25278	75	25	3759	29	0	3888
25279	42	19	73	3711	0	3845
25280	27	17	23	3835	0	3902
25281	24	12	3781	95	0	3912
25282	22	3775	86	41	0	3924
25283	32	75	32	3536	0	3675
25284	15	19	3751	97	0	3882
25285	39	17	85	3722	0	3863
25286	3738	9	25	116	0	3888
25287	83	15	3858	34	0	3990
25288	39	20	73	3878	0	4010
25289	32	16	25	3928	0	4001
25290	21	14	3817	109	0	3961
25291	35	10	77	3706	0	3828
25292	15	3519	33	106	0	3673
25293	27	74	26	3582	0	3709
25294	11	3817	32	97	0	3957
25295	3793	83	30	65	0	3971
25296	3761	26	21	55	0	3863
25297	97	28	3682	31	0	3838
25298	36	20	3673	38	0	3767
25299	27	22	3634	33	0	3716
25300	30	3617	104	31	0	3782
25301	30	77	45	3706	0	3858
25302	22	28	3773	84	0	3907
25303	42	19	80	3701	0	3842
25304	30	19	39	3692	0	3780
25305	21	12	3734	108	0	3875
25306	30	16	85	3738	0	3869
25307	25	19	34	3723	0	3801
25308	24	3614	30	101	0	3769
25309	30	69	20	3674	0	3793
25310	23	20	37	3773	0	3853
25311	23	22	3692	113	0	3850
25312	28	17	80	3658	0	3783
25313	18	12	3738	106	0	3874
25314	16	18	3651	55	0	3740
25315	3576	12	93	65	0	3746
25316	84	14	50	3581	0	3729
25317	26	3728	34	107	0	3895
25318	30	3771	31	47	0	3879
25319	37	93	26	3794	0	3950
25320	15	40	3749	110	0	3914
25321	25	3749	85	51	0	3910
25322	31	79	26	3616	0	3752
25323	14	23	3705	81	0	3823
25324	15	3745	61	38	0	3859
25325	3837	58	30	47	0	3972
25326	3810	30	32	31	0	3903
25327	3879	19	14	39	0	3951
25328	73	7	23	4100	0	4203
25329	31	13	26	4117	0	4187
25330	25	12	16	4082	0	4135
25331	17	12	3981	102	0	4112
25332	4010	14	72	60	0	4156
25333	73	14	31	4029	0	4147
25334	27	15	3971	75	0	4088
25335	4001	19	67	45	0	4132
25336	4092	10	29	44	0	4175
25337	93	38	3434	33	0	3598
25338	3976	10	52	46	0	4084
25339	73	4140	26	34	0	4273
25340	23	40	3941	13	0	4017
25341	3832	26	65	25	0	3948
25342	47	3903	33	20	0	4003
25343	18	32	9	3751	0	3810
25344	6	3796	13	36	0	3851
25345	14	36	5	3833	0	3888
25346	5	15	3860	42	0	3922
25347	3551	6	46	33	0	3636
25348	37	5	3873	16	0	3931
25349	20	3770	38	11	0	3839
25350	12	3878	22	4	0	3916
25351	3804	45	7	11	0	3867
25352	32	18	3810	10	0	3870
25353	22	7	36	3741	0	3806
25354	14	6	3862	29	0	3911
25355	5	3883	36	17	0	3941
25356	15	31	16	3760	0	3822
25357	5	3940	10	29	0	3984
25358	4018	38	7	21	0	4084
25359	4059	12	7	16	0	4094
25360	4080	7	7	14	0	4108
25361	46	6	4004	5	0	4061
25362	24	8	3857	8	0	3897
25363	3950	6	47	15	0	4018
25364	35	7	4135	6	0	4183
25365	25	3	40	3947	0	4015
25366	8	4060	19	34	0	4121
25367	4166	34	11	34	0	4245
25368	4154	19	7	25	0	4205
25369	4241	9	7	23	0	4280
25370	53	6	4	4251	0	4314
25371	33	4	8	4298	0	4343
25372	4279	5	6	62	0	4352
25373	38	4248	8	30	0	4324
25374	4231	34	11	20	0	4296
25375	47	19	7	4158	0	4231
25376	27	9	7	4164	0	4207
25377	4086	3	11	57	0	4157
25378	40	4000	8	28	0	4076
25379	4000	32	11	18	0	4061
25380	40	4061	7	8	0	4116
25381	4043	37	8	10	0	4098
25382	56	18	2	4314	0	4390
25383	4384	7	5	47	0	4443
25384	4642	3	1	29	0	4675
25385	5111	10	8	28	0	5157
25386	81	5305	8	10	0	5404
25387	34	73	5180	6	0	5293
25388	5175	29	74	16	0	5294
25389	5316	9	25	16	0	5366
25390	89	5288	13	12	0	5402
25391	50	72	6	5351	0	5479
25392	36	25	9	5355	0	5425
25393	5341	18	5	102	0	5466
25394	94	8	7	5433	0	5542
25395	36	10	5425	85	0	5556
25396	33	8	5365	39	0	5445
25397	5552	12	91	35	0	5690
25398	98	11	31	5589	0	5729
25399	55	8	16	5637	0	5716
25400	44	3	14	5716	0	5777
25401	23	5	5768	110	0	5906
25402	37	7	80	5729	0	5853
25403	31	8	31	5900	0	5970
25404	32	6	16	5957	0	6011
25405	5806	16	7	128	0	5957
25406	99	10	10	5833	0	5952
25407	40	12	5906	106	0	6064
25408	6065	6	81	54	0	6206
25409	97	9	6240	32	0	6378
25410	6346	12	96	32	0	6486
25411	6380	11	33	37	0	6461
25412	145	7	19	6441	0	6612
25413	57	6516	15	115	0	6703
25414	54	102	15	6533	0	6704
25415	42	41	13	6644	0	6740
25416	28	6640	21	133	0	6822
25417	6578	95	10	70	0	6753
25418	104	6567	13	40	0	6724
25419	6519	109	15	49	0	6692
25420	6615	35	15	33	0	6698
25421	139	29	11	6486	0	6665
25422	76	11	9	6462	0	6558
25423	35	13	6288	147	0	6483
25424	34	9	6107	56	0	6206
25425	5993	18	115	46	0	6172
25426	6126	11	46	43	0	6226
25427	131	5850	27	33	0	6041
25428	53	92	20	5701	0	5866
25429	42	22	5932	103	0	6099
25430	46	29	91	5927	0	6093
25431	5866	19	37	123	0	6045
25432	5766	11	20	52	0	5849
25433	111	5763	16	34	0	5924
25434	62	93	11	5743	0	5909
25435	44	34	9	5819	0	5906
25436	47	17	10	5807	0	5881
25437	30	19	5548	126	0	5723
25438	5212	18	92	59	0	5381
25439	5446	13	28	50	0	5537
25440	125	21	5405	36	0	5587
25441	55	5388	92	35	0	5570
25442	5379	90	33	44	0	5546
25443	5451	30	22	46	0	5549
25444	138	19	5312	24	0	5493
25445	54	18	5477	28	0	5577
25446	56	12	110	5392	0	5570
25447	39	12	5458	103	0	5612
25448	5329	19	111	43	0	5502
25449	5411	7	47	45	0	5510
25450	5490	14	28	35	0	5567
25451	143	9	16	5290	0	5458
25452	52	5506	27	101	0	5686
25453	5554	86	14	58	0	5712
25454	5531	34	20	49	0	5634
25455	135	23	5404	34	0	5596
25456	59	16	5337	32	0	5444
25457	5214	16	107	40	0	5377
25458	133	19	41	5339	0	5532
25459	60	13	5323	103	0	5499
25460	42	5275	112	44	0	5473
25461	41	89	39	5307	0	5476
25462	5253	26	31	122	0	5432
25463	108	5382	32	45	0	5567
25464	56	92	37	5284	0	5469
25465	45	5229	21	101	0	5396
25466	31	5401	28	49	0	5509
25467	53	105	18	5373	0	5549
25468	35	42	22	5403	0	5502
25469	33	5466	21	115	0	5635
25470	5451	91	12	66	0	5620
25471	110	36	5447	29	0	5622
25472	5403	29	90	44	0	5566
25473	131	23	33	5543	0	5730
25474	73	18	31	5584	0	5706
25475	50	17	25	5624	0	5716
25476	43	9	35	5590	0	5677
25477	45	15	5575	130	0	5765
25478	42	15	95	5574	0	5726
25479	46	19	43	5617	0	5725
25480	28	5819	33	126	0	6006
25481	41	104	5932	65	0	6142
25482	37	6108	113	50	0	6308
25483	30	115	6185	46	0	6376
25484	28	6116	99	38	0	6281
25485	81	130	72	5390	0	5673
25486	5402	36	23	90	0	5551
25487	87	5401	17	37	0	5542
25488	61	78	14	5497	0	5650
25489	39	39	5576	85	0	5739
25490	21	5668	91	61	0	5841
25491	5587	91	46	50	0	5774
25492	5654	42	30	33	0	5759
25493	118	5621	23	18	0	5780
25494	51	86	5548	22	0	5707
25495	5445	45	88	23	0	5601
25496	104	27	33	5624	0	5788
25497	5536	13	19	107	0	5675
25498	98	5615	24	43	0	5780
25499	47	5740	13	36	0	5836
25500	32	115	5624	29	0	5800
25501	5448	59	93	33	0	5633
25502	109	33	37	5506	0	5685
25503	5509	16	25	89	0	5639
25504	97	5505	19	42	0	5663
25505	5538	79	20	51	0	5688
25506	5527	41	17	34	0	5619
25507	120	28	5554	20	0	5722
25508	52	5259	72	15	0	5398
25509	27	5350	42	17	0	5436
25510	31	117	13	4891	0	5052
25511	13	4964	19	58	0	5054
25512	4938	75	5	41	0	5059
25513	63	4942	7	18	0	5030
25514	45	86	6	4806	0	4943
25515	15	4827	9	61	0	4912
25516	18	4789	13	28	0	4848
25517	23	4907	8	11	0	4949
25518	31	88	12	4876	0	5007
25519	33	39	7	4936	0	5015
25520	14	30	4	4897	0	4945
25521	16	4804	4	87	0	4911
25522	13	65	4794	39	0	4911
25523	19	42	4737	15	0	4813
25524	4702	31	75	26	0	4834
25525	71	23	39	4821	0	4954
25526	29	30	4913	61	0	5033
25527	33	21	4960	34	0	5048
25528	22	5090	71	30	0	5213
25529	26	70	40	4868	0	5004
25530	24	43	19	4999	0	5085
25531	4971	28	16	94	0	5109
25532	67	20	14	4993	0	5094
25533	46	24	13	4985	0	5068
25534	20	25	5134	99	0	5278
25535	30	30	61	5168	0	5289
25536	26	18	32	5378	0	5454
25537	19	25	5400	89	0	5533
25538	13	15	5399	50	0	5477
25539	13	5391	83	26	0	5513
25540	14	67	5400	25	0	5506
25541	19	43	75	5312	0	5449
25542	59	39	51	4586	0	4735
25543	13	19	5426	101	0	5559
25544	7	5390	73	54	0	5524
25545	5155	76	47	52	0	5330
25546	65	5351	25	24	0	5465
25547	50	83	14	5348	0	5495
25548	25	53	33	5400	0	5511
25549	20	5392	38	86	0	5536
25550	15	87	24	5409	0	5535
25551	21	42	19	5432	0	5514
25552	20	38	5229	106	0	5393
25553	18	5210	69	70	0	5367
25554	25	86	49	5258	0	5418
25555	20	57	5317	79	0	5473
25556	31	26	78	5280	0	5415
25557	30	40	39	5262	0	5371
25558	24	30	27	5372	0	5453
25559	22	28	29	5367	0	5446
25560	26	31	19	5263	0	5339
25561	23	5307	28	122	0	5480
25562	5250	75	22	92	0	5439
25563	68	48	5138	52	0	5306
25564	4679	45	69	64	0	4857
25565	67	28	5367	44	0	5506
25566	43	5472	79	44	0	5638
25567	29	80	5440	30	0	5579
25568	25	5472	87	41	0	5625
25569	42	91	55	5103	0	5291
25570	32	50	28	5233	0	5343
25571	24	5316	23	98	0	5461
25572	20	5543	17	66	0	5646
25573	5518	90	24	50	0	5682
25574	5643	50	26	44	0	5763
25575	5659	38	15	51	0	5763
25576	5734	32	18	53	0	5837
25577	103	38	18	5664	0	5823
25578	43	5640	20	87	0	5790
25579	5613	71	16	67	0	5767
25580	69	35	18	5377	0	5499
25581	5190	16	25	72	0	5303
25582	4998	17	9	51	0	5075
25583	60	4766	21	26	0	4873
25584	21	4582	10	21	0	4634
25585	13	4810	19	15	0	4857
25586	12	82	25	4579	0	4698
25587	3	4707	14	40	0	4764
25588	4646	24	12	39	0	4721
25589	4703	19	7	28	0	4757
25590	4677	13	1	31	0	4722
25591	4744	6	7	25	0	4782
25592	4834	6	4	29	0	4873
25593	44	11	4950	15	0	5020
25594	4907	5	43	27	0	4982
25595	41	9	4991	11	0	5052
25596	4931	10	45	13	0	4999
25597	50	13	16	4999	0	5078
25598	15	12	4876	48	0	4951
25599	9	10	5127	19	0	5165
25600	7	5479	47	8	0	5541
25601	5455	51	22	24	0	5552
25602	5685	15	9	27	0	5736
25603	67	6181	11	12	0	6271
25604	49	87	6	7043	0	7185
25605	7569	29	3	140	0	7741
25606	140	18	7740	35	0	7933
25607	46	7685	141	20	0	7892
25608	7530	149	39	29	0	7747
25609	144	7673	22	29	0	7868
25610	80	149	12	7364	0	7605
25611	29	7705	17	119	0	7870
25612	45	169	8	7441	0	7663
25613	32	7545	13	150	0	7740
25614	14	7816	16	85	0	7931
25615	7547	184	7	49	0	7787
25616	7782	70	15	40	0	7907
25617	177	46	7694	27	0	7944
25618	71	36	7587	22	0	7716
25619	40	44	7767	14	0	7865
25620	57	22	192	7748	0	8019
25621	34	41	7879	144	0	8098
25622	43	34	184	7752	0	8013
25623	50	37	63	7790	0	7940
25624	32	7850	42	183	0	8107
25625	7836	157	28	90	0	8111
25626	164	7930	36	47	0	8177
25627	65	187	30	8133	0	8415
25628	53	67	25	8222	0	8367
25629	57	48	32	8238	0	8375
25630	46	31	8130	213	0	8420
25631	52	31	173	8058	0	8314
25632	56	40	57	8216	0	8369
25633	63	24	48	8313	0	8448
25634	28	45	7991	220	0	8284
25635	26	7947	169	101	0	8243
25636	7844	176	55	103	0	8178
25637	7692	67	32	107	0	7898
25638	173	7948	29	76	0	8226
25639	83	186	27	7978	0	8274
25640	75	81	30	8185	0	8371
25641	44	58	8037	224	0	8363
25642	39	7982	178	102	0	8301
25643	48	177	66	8101	0	8392
25644	47	62	8135	209	0	8453
25645	38	53	180	8071	0	8342
25646	42	55	80	8063	0	8240
25647	36	45	8116	255	0	8452
25648	50	77	171	8033	0	8331
25649	62	40	83	8025	0	8210
25650	49	55	8186	230	0	8520
25651	48	40	182	8204	0	8474
25652	60	42	86	8029	0	8217
25653	39	44	61	8396	0	8540
25654	22	33	8246	275	0	8576
25655	33	29	199	8199	0	8460
25656	8101	27	75	280	0	8483
25657	8134	24	60	163	0	8381
25658	175	8146	70	112	0	8503
25659	8221	168	53	112	0	8554
25660	194	66	8633	102	0	8995
25661	100	34	167	8712	0	9013
25662	67	29	84	8813	0	8993
25663	38	52	49	8996	0	9135
25664	8603	13	50	293	0	8959
25665	160	8573	59	148	0	8940
25666	73	174	41	8309	0	8597
25667	44	8469	29	237	0	8779
25668	8386	171	55	157	0	8769
25669	173	8504	53	88	0	8818
25670	8379	188	24	116	0	8707
25671	189	8269	41	91	0	8590
25672	83	8368	37	91	0	8579
25673	68	211	38	8276	0	8593
25674	58	100	36	8325	0	8519
25675	61	53	52	8304	0	8470
25676	41	63	34	8322	0	8460
25677	34	67	8122	266	0	8489
25678	46	8094	168	146	0	8454
25679	40	188	64	7923	0	8215
25680	39	8141	35	222	0	8437
25681	42	191	8128	117	0	8478
25682	56	88	168	8102	0	8414
25683	45	80	55	8428	0	8608
25684	52	46	8247	243	0	8588
25685	40	8089	178	123	0	8430
25686	38	179	82	8150	0	8449
25687	23	61	8040	246	0	8370
25688	19	8011	180	151	0	8361
25689	39	166	79	7985	0	8269
25690	21	85	7962	230	0	8298
25691	38	54	7826	130	0	8048
25692	36	7692	184	95	0	8007
25693	31	8323	74	78	0	8506
25694	52	201	70	8450	0	8773
25695	50	111	49	8924	0	9134
25696	24	74	8840	269	0	9207
25697	8453	61	186	181	0	8881
25698	8664	50	84	144	0	8942
25699	216	46	8586	90	0	8938
25700	91	8308	165	92	0	8656
25701	50	8363	105	69	0	8587
25702	39	8229	64	59	0	8391
25703	83	6748	94	71	0	6996
25704	143	288	90	6521	0	7042
25705	35	53	10	7402	0	7500
25706	31	31	7	7482	0	7551
25707	22	22	6	7640	0	7690
25708	7	7652	4	216	0	7879
25709	19	121	7	7709	0	7856
25710	7	7713	10	163	0	7893
25711	26	147	4	7814	0	7991
25712	7684	82	9	180	0	7955
25713	132	53	5	7795	0	7985
25714	65	7729	8	175	0	7977
25715	55	118	10	7905	0	8088
25716	37	72	4	8011	0	8124
25717	33	50	7	8070	0	8160
25718	7804	38	6	291	0	8139
25719	131	37	6	8016	0	8190
25720	71	46	7799	225	0	8141
25721	40	7996	115	161	0	8312
25722	47	175	62	8149	0	8433
25723	38	86	36	8394	0	8554
25724	45	71	14	8465	0	8595
25725	8146	42	12	344	0	8544
25726	157	46	7988	187	0	8378
25727	113	32	129	7813	0	8087
25728	63	7842	78	220	0	8203
25729	47	161	40	8001	0	8249
25730	7640	98	25	274	0	8037
25731	142	7820	20	168	0	8150
25732	109	170	16	7874	0	8169
25733	63	103	7	7932	0	8105
25734	42	7767	26	281	0	8116
25735	44	168	15	7935	0	8162
25736	56	101	23	8004	0	8184
25737	34	84	7786	301	0	8205
25738	24	7708	145	230	0	8107
25739	7688	178	85	165	0	8116
25740	155	116	7654	123	0	8048
25741	7481	74	152	145	0	7852
25742	193	69	7638	119	0	8019
25743	132	60	179	7629	0	8000
25744	7568	47	95	266	0	7976
25745	198	57	61	7647	0	7963
25746	7614	50	38	311	0	8013
25747	7626	59	32	232	0	7949
25748	7621	73	31	186	0	7911
25749	273	7531	40	126	0	7970
25750	170	204	29	7506	0	7909
25751	110	102	45	7603	0	7860
25752	98	75	41	7639	0	7853
25753	77	62	7422	327	0	7888
25754	68	55	172	7541	0	7836
25755	7405	41	102	306	0	7854
25756	7494	42	85	211	0	7832
25757	276	43	7333	153	0	7805
25758	7437	37	166	134	0	7774
25759	7573	38	109	126	0	7846
25760	318	48	67	6998	0	7431
25761	6994	44	43	252	0	7333
25762	7075	38	45	207	0	7365
25763	291	56	39	6970	0	7356
25764	6988	27	34	286	0	7335
25765	6999	43	55	191	0	7288
25766	314	36	40	6884	0	7274
25767	215	59	5954	243	0	6471
25768	6631	38	148	196	0	7013
25769	239	46	6798	134	0	7217
25770	197	43	6793	129	0	7162
25771	141	6708	246	123	0	7218
25772	138	145	128	6705	0	7116
25773	141	97	90	6833	0	7161
25774	126	59	52	6809	0	7046
25775	135	38	6668	344	0	7185
25776	133	33	6693	211	0	7070
25777	107	6659	244	161	0	7171
25778	140	152	146	6555	0	6993
25779	122	93	102	6743	0	7060
25780	117	60	70	6800	0	7047
25781	101	40	6505	324	0	6970
25782	106	6407	180	227	0	6920
25783	105	160	127	6508	0	6900
25784	102	91	6508	252	0	6953
25785	89	70	6531	183	0	6873
25786	6402	49	263	155	0	6869
25787	6496	37	176	131	0	6840
25788	6557	43	97	126	0	6823
25789	298	44	85	6275	0	6702
25790	188	26	6322	243	0	6779
25791	109	6180	188	190	0	6667
25792	88	6350	141	154	0	6733
25793	75	186	5618	135	0	6014
25794	107	217	176	5064	0	5564
25795	85	94	131	4667	0	4977
25796	71	4563	95	179	0	4908
25797	77	4667	72	124	0	4940
25798	4531	153	67	88	0	4839
25799	4620	73	51	79	0	4823
25800	4629	41	53	77	0	4800
25801	4535	31	49	76	0	4691
25802	4369	31	50	60	0	4510
25803	213	4130	43	75	0	4461
25804	100	3375	40	36	0	3551
25805	35	2753	22	36	0	2846
25806	2495	57	111	22	0	2685
25807	84	61	25	2340	0	2510
25808	33	7	15	2287	0	2342
25809	2262	8	12	60	0	2342
25810	34	2253	13	37	0	2337
25811	28	32	14	2258	0	2332
25812	15	26	14	2273	0	2328
25813	22	11	12	2296	0	2341
25814	2206	8	11	52	0	2277
25815	38	7	6	2268	0	2319
25816	26	9	2192	42	0	2269
25817	2162	7	34	29	0	2232
25818	46	14	18	2188	0	2266
25819	30	10	2191	29	0	2260
25820	20	2163	32	19	0	2234
25821	9	2052	18	13	0	2092
25822	1924	45	26	18	0	2013
25823	1896	6	13	27	0	1942
25824	24	1956	7	4	0	1991
25825	12	20	1	2091	0	2124
25826	2196	8	1	28	0	2233
25827	36	3	4	2328	0	2371
25828	22	1	2	2434	0	2459
25829	8	3	2	2446	0	2459
25830	7	3	0	2431	0	2441
25831	5	2399	6	54	0	2464
25832	6	28	5	2436	0	2475
25833	5	15	4	2461	0	2485
25834	6	8	3	2474	0	2491
25835	4	9	2408	58	0	2479
25836	2	2427	30	29	0	2488
25837	7	32	14	2429	0	2482
25838	3	16	2416	41	0	2476
25839	5	12	2331	21	0	2369
25840	4	2391	49	11	0	2455
25841	2378	37	25	12	0	2452
25842	34	20	11	2408	0	2473
25843	2408	10	6	41	0	2465
25844	39	2425	5	21	0	2490
25845	23	36	3	2437	0	2499
25846	2371	19	1	48	0	2439
25847	2436	9	1	33	0	2479
25848	52	4	4	2429	0	2489
25849	31	6	3	2403	0	2443
25850	15	3	2395	57	0	2470
25851	11	3	31	2399	0	2444
25852	15	4	18	2434	0	2471
25853	2377	3	10	61	0	2451
25854	35	2404	6	42	0	2487
25855	16	43	2370	19	0	2448
25856	2316	18	35	25	0	2394
25857	38	2378	19	20	0	2455
25858	25	42	10	2370	0	2447
25859	2331	19	5	46	0	2401
25860	44	11	6	2335	0	2396
25861	25	5	5	2358	0	2393
25862	13	9	2311	55	0	2388
25863	6	6	36	2357	0	2405
25864	2341	2	17	60	0	2420
25865	48	4	9	2357	0	2418
25866	2307	1	7	62	0	2377
25867	40	2246	7	32	0	2325
25868	23	2340	6	19	0	2388
25869	23	44	5	2309	0	2381
25870	15	23	2	2326	0	2366
25871	2214	15	1	61	0	2291
25872	38	2201	5	34	0	2278
25873	2215	38	6	31	0	2290
25874	2229	19	7	28	0	2283
25875	54	13	1	2225	0	2293
25876	2231	7	4	51	0	2293
25877	52	7	2133	22	0	2214
25878	29	7	35	2163	0	2234
25879	20	6	2183	45	0	2254
25880	18	3	45	2200	0	2266
25881	2197	8	22	54	0	2281
25882	2219	8	12	38	0	2277
25883	54	2227	7	29	0	2317
25884	34	38	8	2229	0	2309
25885	18	23	5	2240	0	2286
25886	17	2214	8	63	0	2302
25887	18	37	2	2271	0	2328
25888	20	24	5	2252	0	2301
25889	10	2220	6	68	0	2304
25890	2139	40	4	50	0	2233
25891	2174	21	4	34	0	2233
25892	57	18	4	2153	0	2232
25893	35	9	5	2178	0	2227
25894	22	10	2135	64	0	2231
25895	19	11	34	2123	0	2187
25896	13	2131	22	54	0	2220
25897	2164	39	14	40	0	2257
25898	44	28	5	2177	0	2254
25899	29	13	6	2150	0	2198
25900	2098	9	7	68	0	2182
25901	41	2089	10	37	0	2177
25902	30	40	5	2143	0	2218
25903	24	21	6	2147	0	2198
25904	14	2117	2	68	0	2201
25905	2126	40	5	33	0	2204
25906	45	25	2098	29	0	2197
25907	22	19	2111	22	0	2174
25908	24	11	51	2105	0	2191
25909	14	7	2108	51	0	2180
25910	2076	10	43	34	0	2163
25911	47	3	18	2127	0	2195
25912	28	5	2152	47	0	2232
25913	19	9	2107	28	0	2163
25914	16	2158	47	26	0	2247
25915	2103	33	29	24	0	2189
25916	36	2117	19	29	0	2201
25917	2112	39	9	20	0	2180
25918	2080	23	16	23	0	2142
25919	47	2042	4	17	0	2110
25920	2029	32	8	14	0	2083
25921	2039	14	14	21	0	2088
25922	54	12	1975	16	0	2057
25923	41	119	28	1817	0	2005
25924	18	1813	17	30	0	1878
25925	8	1697	9	14	0	1728
25926	36	44	15	1548	0	1643
25927	1464	13	7	42	0	1526
25928	13	6	3	1442	0	1464
25929	9	1	3	1523	0	1536
25930	11	4	1	1560	0	1576
25931	3	1613	4	22	0	1642
25932	10	16	0	1718	0	1744
25933	3	9	1840	29	0	1881
25934	1807	5	26	19	0	1857
25935	1907	2	11	13	0	1933
25936	37	1877	6	5	0	1925
25937	1905	27	2	6	0	1940
25938	35	12	0	1923	0	1970
25939	17	6	1924	26	0	1973
25940	1887	4	24	18	0	1933
25941	28	1950	11	7	0	1996
25942	22	26	4	1949	0	2001
25943	2020	14	2	28	0	2064
25944	29	2058	1	16	0	2104
25945	14	2088	2	8	0	2112
25946	2093	36	2	6	0	2137
25947	31	18	2018	2	0	2069
25948	2048	7	28	6	0	2089
25949	34	2	13	2024	0	2073
25950	17	3	7	2051	0	2078
25951	8	4	2023	39	0	2074
25952	4	5	2018	24	0	2051
25953	13	4	39	2011	0	2067
25954	8	4	1992	30	0	2034
25955	4	7	1985	17	0	2013
25956	16	2	40	1969	0	2027
25957	9	2	21	2020	0	2052
25958	2008	3	12	42	0	2065
25959	32	3	7	2026	0	2068
25960	2016	8	3	38	0	2065
25961	32	2006	5	27	0	2070
25962	31	24	5	2026	0	2086
25963	12	17	2046	32	0	2107
25964	2028	9	27	22	0	2086
25965	2081	7	18	15	0	2121
25966	2105	5	9	10	0	2129
25967	2078	6	4	8	0	2096
25968	2069	5	2	11	0	2087
25969	49	6	4	2016	0	2075
25970	26	3	1982	33	0	2044
25971	14	3	1986	15	0	2018
25972	13	4	2017	13	0	2047
25973	1984	4	49	15	0	2052
25974	2039	2	27	10	0	2078
25975	50	2	14	1985	0	2051
25976	23	2043	9	41	0	2116
25977	17	31	10	2103	0	2161
25978	13	13	2085	40	0	2151
25979	10	7	2074	22	0	2113
25980	2010	7	45	14	0	2076
25981	34	7	2148	14	0	2203
25982	22	6	39	2112	0	2179
25983	2168	3	23	44	0	2238
25984	2090	7	12	22	0	2131
25985	2230	3	7	20	0	2260
25986	2246	5	8	13	0	2272
25987	58	4	2180	11	0	2253
25988	2176	4	38	14	0	2232
25989	43	2203	23	11	0	2280
25990	31	31	16	2219	0	2297
25991	23	18	2221	36	0	2298
25992	25	10	37	2228	0	2300
25993	15	11	2262	42	0	2330
25994	22	5	36	2245	0	2308
25995	13	9	28	2249	0	2299
25996	21	7	2225	52	0	2305
25997	15	6	41	2214	0	2276
25998	2231	5	29	49	0	2314
25999	48	9	16	2238	0	2311
26000	30	4	13	2275	0	2322
26001	2240	5	12	64	0	2321
26002	43	2248	17	29	0	2337
26003	2266	33	14	19	0	2332
26004	47	2291	14	19	0	2371
26005	2329	38	14	22	0	2403
26006	58	18	2330	10	0	2416
26007	29	8	42	2320	0	2399
26008	27	7	22	2355	0	2411
26009	2322	7	13	59	0	2401
26010	41	2312	15	34	0	2402
26011	40	31	13	2301	0	2385
26012	23	22	13	2287	0	2345
26013	16	2214	11	52	0	2293
26014	2211	38	13	37	0	2299
26015	42	2231	16	30	0	2319
26016	28	32	17	2227	0	2304
26017	26	13	9	2192	0	2240
26018	17	2169	10	61	0	2257
26019	2176	31	11	36	0	2254
26020	40	20	2166	25	0	2251
26021	2105	13	40	21	0	2179
26022	46	2115	27	20	0	2208
26023	32	32	11	2122	0	2197
26024	2150	19	7	41	0	2217
26025	47	9	10	2147	0	2213
26026	27	12	7	2167	0	2213
26027	2137	13	8	58	0	2216
26028	41	2098	6	32	0	2177
26029	31	2123	12	14	0	2180
26030	2094	35	10	19	0	2158
26031	36	12	2083	13	0	2144
26032	14	1993	28	14	0	2049
26033	37	25	25	1868	0	1955
26034	13	7	2183	19	0	2222
26035	16	9	23	2101	0	2149
26036	2133	7	15	33	0	2188
26037	30	2218	4	17	0	2269
26038	20	34	5	2109	0	2168
26039	8	2191	3	23	0	2225
26040	2195	30	4	17	0	2246
26041	2232	15	0	15	0	2262
26042	37	2256	4	20	0	2317
26043	17	30	3	2217	0	2267
26044	12	2302	4	38	0	2356
26045	2347	25	7	15	0	2394
26046	2376	21	3	11	0	2411
26047	55	6	1	2356	0	2418
26048	25	7	4	2385	0	2421
26049	11	5	2328	51	0	2395
26050	2256	3	31	30	0	2320
26051	33	13	2322	9	0	2377
26052	21	5	31	2320	0	2377
26053	2320	11	16	35	0	2382
26054	38	2422	5	17	0	2482
26055	2353	39	4	12	0	2408
26056	37	21	2252	15	0	2325
26057	2335	7	32	11	0	2385
26058	36	2425	16	12	0	2489
26059	2428	32	7	18	0	2485
26060	43	2463	12	10	0	2528
26061	30	36	4	2472	0	2542
26062	13	26	2425	37	0	2501
26063	11	13	2380	25	0	2429
26064	20	13	46	2385	0	2464
26065	20	12	2419	36	0	2487
26066	20	9	38	2393	0	2460
26067	16	11	21	2400	0	2448
26068	15	15	2431	53	0	2514
26069	2269	10	40	29	0	2348
26070	2454	11	16	14	0	2495
26071	54	2415	9	14	0	2492
26072	2420	35	10	15	0	2480
26073	46	16	7	2403	0	2472
26074	24	7	2478	37	0	2546
26075	19	13	38	2467	0	2537
26076	22	5	17	2498	0	2542
26077	2443	5	12	52	0	2512
26078	37	2416	8	25	0	2486
26079	27	2441	3	11	0	2482
26080	14	44	11	2468	0	2537
26081	22	17	5	2436	0	2480
26082	11	2421	6	46	0	2484
26083	18	32	8	2417	0	2475
26084	16	18	6	2400	0	2440
26085	8	2368	9	52	0	2437
26086	2340	31	11	26	0	2408
26087	32	15	12	2331	0	2390
26088	16	2342	8	38	0	2404
26089	10	34	12	2358	0	2414
26090	2326	15	7	48	0	2396
26091	27	2314	11	26	0	2378
26092	2344	31	5	25	0	2405
26093	2348	18	7	16	0	2389
26094	52	11	7	2385	0	2455
26095	2424	14	2	48	0	2488
26096	2453	7	4	29	0	2493
26097	2451	9	5	20	0	2485
26098	2447	9	7	21	0	2484
26099	52	7	7	2436	0	2502
26100	32	9	3	2465	0	2509
26101	19	5	2399	61	0	2484
26102	20	8	33	2420	0	2481
26103	17	11	14	2457	0	2499
26104	10	9	2407	64	0	2490
26105	2395	6	38	32	0	2471
26106	54	9	15	2433	0	2511
26107	27	9	2466	52	0	2554
26108	2428	7	41	35	0	2511
26109	47	11	2622	26	0	2706
26110	29	2665	50	14	0	2758
26111	12	2818	18	21	0	2869
26112	20	54	9	2963	0	3046
26113	11	27	3226	60	0	3324
26114	3214	12	52	32	0	3310
26115	3401	16	14	22	0	3453
26116	78	10	3350	15	0	3453
26117	3383	7	55	28	0	3473
26118	3453	4	24	21	0	3502
26119	79	3442	14	14	0	3549
26120	3455	54	10	17	0	3536
26121	77	23	13	3428	0	3541
26122	37	11	3474	59	0	3581
26123	25	7	60	3354	0	3446
26124	18	3508	26	55	0	3607
26125	20	3631	13	31	0	3695
26126	3594	65	13	21	0	3693
26127	3589	19	14	19	0	3641
26128	3591	10	11	23	0	3635
26129	92	7	18	3494	0	3611
26130	46	19	11	3448	0	3524
26131	29	3408	17	81	0	3535
26132	3430	54	17	32	0	3533
26133	72	3491	13	19	0	3595
26134	3121	46	8	25	0	3200
26135	56	3159	18	13	0	3246
26136	3116	46	17	16	0	3195
26137	3063	16	9	16	0	3104
26138	71	27	13	3019	0	3130
26139	41	3144	5	43	0	3233
26140	36	48	3045	18	0	3147
26141	2957	17	45	23	0	3042
26142	62	2958	15	15	0	3050
26143	18	46	2979	15	0	3058
26144	19	21	3006	13	0	3059
26145	31	35	38	2892	0	2996
26146	25	18	6	2828	0	2877
26147	21	2981	5	33	0	3040
26148	3066	36	4	11	0	3117
26149	58	12	2	2996	0	3068
26150	27	3144	3	44	0	3218
26151	17	3330	6	17	0	3370
26152	19	46	3287	14	0	3366
26153	20	23	3290	9	0	3342
26154	3196	17	40	14	0	3267
26155	51	17	3299	8	0	3375
26156	31	14	36	3235	0	3316
26157	27	14	13	3346	0	3400
26158	21	11	3363	44	0	3439
26159	22	13	38	3303	0	3376
26160	24	12	13	3187	0	3236
26161	3293	18	12	45	0	3368
26162	3335	12	12	23	0	3382
26163	45	14	20	3304	0	3383
26164	16	3272	23	41	0	3352
26165	19	3471	21	16	0	3527
26166	3478	44	21	18	0	3561
26167	56	17	3462	14	0	3549
26168	27	14	43	3452	0	3536
26169	3548	20	14	59	0	3641
26170	3587	17	14	29	0	3647
26171	58	15	15	3592	0	3680
26172	17	19	3583	51	0	3670
26173	25	13	3466	23	0	3527
26174	3393	18	60	19	0	3490
26175	3513	16	21	22	0	3572
26176	63	3536	22	20	0	3641
26177	30	3689	22	24	0	3765
26178	3764	45	23	46	0	3878
26179	3825	15	21	38	0	3899
26180	68	14	15	3874	0	3971
26181	33	20	15	3937	0	4005
26182	39	18	10	3955	0	4022
26183	3899	20	16	63	0	3998
26184	76	18	13	3917	0	4024
26185	36	21	3962	56	0	4075
26186	3912	20	54	27	0	4013
26187	74	13	22	3989	0	4098
26188	34	21	4051	59	0	4165
26189	3935	27	45	43	0	4050
26190	3805	30	19	35	0	3889
26191	72	4221	21	20	0	4334
26192	36	4350	21	23	0	4430
26193	30	54	4221	27	0	4332
26194	4270	21	58	39	0	4388
26195	72	4451	16	28	0	4567
26196	32	69	4302	25	0	4428
26197	4296	25	46	32	0	4399
26198	70	4709	13	25	0	4817
26199	35	52	4687	29	0	4803
26200	4512	34	44	38	0	4628
26201	66	4692	13	27	0	4798
26202	38	48	20	4710	0	4816
26203	4679	15	17	75	0	4786
26204	60	4747	14	24	0	4845
26205	35	61	19	4705	0	4820
26206	4704	13	17	70	0	4804
26207	51	13	4706	22	0	4792
26208	23	4606	49	22	0	4700
26209	23	50	4566	17	0	4656
26210	31	32	43	4385	0	4491
26211	27	12	4407	32	0	4478
26212	12	4163	30	14	0	4219
26213	10	4002	10	8	0	4030
26214	20	32	14	3942	0	4008
26215	16	7	8	3831	0	3862
26216	11	6	1	3886	0	3904
26217	7	5	4077	21	0	4110
26218	18	10	21	4072	0	4121
26219	4064	5	3	35	0	4107
26220	4019	3	6	16	0	4044
26221	29	10	4156	9	0	4204
26222	7	4146	24	11	0	4188
26223	4117	23	4	26	0	4170
26224	28	4120	9	9	0	4166
26225	4109	23	5	20	0	4157
26226	4106	5	7	27	0	4145
26227	27	8	4124	8	0	4167
26228	10	4277	28	9	0	4324
26229	15	22	8	4308	0	4353
26230	11	11	4351	26	0	4399
26231	4194	10	25	14	0	4243
26232	32	11	6	4358	0	4407
26233	6	7	4296	23	0	4332
26234	4135	2	25	31	0	4193
26235	26	6	4394	8	0	4434
26236	15	4	25	4440	0	4484
26237	4564	5	7	35	0	4611
26238	25	4712	11	11	0	4759
26239	13	31	4790	4	0	4838
26240	4745	5	29	21	0	4800
26241	5130	8	11	25	0	5174
26242	33	5303	9	5	0	5350
26243	32	28	2	5330	0	5392
26244	15	17	7	5300	0	5339
26245	5256	9	3	65	0	5333
26246	39	6	1	5317	0	5363
26247	19	4	5338	43	0	5404
26248	27	5	36	5274	0	5342
26249	5311	4	18	67	0	5400
26250	45	5259	14	21	0	5339
26251	37	49	4	5079	0	5169
26252	15	5183	7	49	0	5254
26253	5285	54	8	32	0	5379
26254	61	19	6	5677	0	5763
26255	36	10	3	5825	0	5874
26256	9	5856	12	92	0	5969
26257	13	77	5790	37	0	5917
26258	24	26	74	5712	0	5836
26259	19	17	28	5819	0	5883
26260	17	7	12	5822	0	5858
26261	7	5753	13	110	0	5883
26262	13	78	5834	37	0	5962
26263	15	37	5824	22	0	5898
26264	5811	14	101	23	0	5949
26265	5927	9	37	24	0	5997
26266	96	10	6003	9	0	6118
26267	5858	11	78	36	0	5983
26268	94	11	6093	18	0	6216
26269	5873	13	87	38	0	6011
26270	84	6123	38	29	0	6274
26271	6145	73	22	36	0	6276
26272	88	30	6243	21	0	6382
26273	45	21	6301	22	0	6389
26274	39	14	114	6564	0	6731
26275	6758	11	48	139	0	6956
26276	125	7050	27	46	0	7248
26277	48	121	7609	27	0	7805
26278	63	42	162	7607	0	7874
26279	56	28	51	7858	0	7993
26280	7720	14	35	222	0	7991
26281	7811	10	27	87	0	7935
26282	229	13	20	7709	0	7971
26283	7748	17	16	202	0	7983
26284	202	19	7693	68	0	7982
26285	102	18	166	7570	0	7856
26286	53	15	65	7825	0	7958
26287	7671	15	35	238	0	7959
26288	7717	12	30	105	0	7864
26289	253	17	15	7629	0	7914
26290	7611	8	26	194	0	7839
26291	198	14	7419	75	0	7706
26292	77	7361	170	61	0	7669
26293	46	155	7380	51	0	7632
26294	67	74	174	7309	0	7624
26295	7226	26	69	200	0	7521
26296	190	7161	43	70	0	7464
26297	100	157	37	7141	0	7435
26298	79	55	29	6989	0	7152
26299	50	6967	33	206	0	7256
26300	58	168	36	7046	0	7308
26301	62	64	30	7092	0	7248
26302	64	28	28	7136	0	7256
26303	66	22	28	7088	0	7204
26304	65	20	32	7007	0	7124
26305	37	6777	37	262	0	7113
26306	67	161	31	6890	0	7149
26307	63	62	33	6970	0	7128
26308	54	38	6717	248	0	7057
26309	47	6672	171	123	0	7013
26310	60	172	69	6719	0	7020
26311	66	63	43	6763	0	6935
26312	44	43	40	6789	0	6916
26313	49	6575	21	283	0	6928
26314	49	175	6601	135	0	6960
26315	67	62	170	6721	0	7020
26316	54	42	6685	236	0	7017
26317	44	30	6550	128	0	6752
26318	63	29	211	6506	0	6809
26319	6557	34	78	246	0	6915
26320	182	34	51	6653	0	6920
26321	92	20	45	6604	0	6761
26322	59	6551	37	273	0	6920
26323	76	171	28	6726	0	7001
26324	55	70	59	6838	0	7022
26325	40	46	6749	281	0	7116
26326	36	6720	180	140	0	7076
26327	32	180	81	6842	0	7135
26328	6597	75	45	251	0	6968
26329	180	51	6582	134	0	6947
26330	93	38	183	6603	0	6917
26331	63	29	75	6733	0	6900
26332	6472	35	53	284	0	6844
26333	185	6450	47	172	0	6854
26334	6354	172	37	145	0	6708
26335	182	6355	35	131	0	6703
26336	86	182	42	6337	0	6647
26337	6180	77	27	272	0	6556
26338	185	47	6153	154	0	6539
26339	78	5981	166	129	0	6354
26340	48	6097	79	112	0	6336
26341	5646	205	61	108	0	6020
26342	177	79	46	5516	0	5818
26343	75	5451	38	231	0	5795
26344	50	5677	39	136	0	5902
26345	56	178	39	5634	0	5907
26346	55	83	29	5731	0	5898
26347	5488	63	35	252	0	5838
26348	165	5499	44	136	0	5844
26349	68	169	42	5539	0	5818
26350	56	71	5419	211	0	5757
26351	55	5428	162	121	0	5766
26352	42	164	5380	111	0	5697
26353	47	5357	163	105	0	5672
26354	104	197	88	4877	0	5266
26355	40	56	25	4818	0	4939
26356	39	4832	34	174	0	5079
26357	29	132	4822	95	0	5078
26358	4788	63	122	82	0	5055
26359	113	56	55	4958	0	5182
26360	61	45	32	5047	0	5185
26361	42	41	4940	185	0	5208
26362	37	47	109	4965	0	5158
26363	25	50	4950	184	0	5209
26364	34	52	117	4956	0	5159
26365	26	42	5086	172	0	5326
26366	22	5107	132	114	0	5375
26367	27	133	5253	88	0	5501
26368	36	81	130	5260	0	5507
26369	5182	53	50	204	0	5489
26370	135	5131	37	102	0	5405
26371	59	155	43	5162	0	5419
26372	33	64	5070	175	0	5342
26373	30	5141	131	94	0	5396
26374	34	140	58	4707	0	4939
26375	27	50	4706	115	0	4898
26376	20	4324	79	48	0	4471
26377	3558	68	53	48	0	3727
26378	3378	14	12	21	0	3425
26379	45	6	5	3389	0	3445
26380	3396	5	5	40	0	3446
26381	37	5	5	3390	0	3437
26382	15	6	5	3443	0	3469
26383	7	5	3639	42	0	3693
26384	18	2	31	3568	0	3619
26385	7	7	9	3642	0	3665
26386	3580	4	8	52	0	3644
26387	3523	2	5	33	0	3563
26388	33	3577	4	13	0	3627
26389	14	30	3600	5	0	3649
26390	9	11	28	3577	0	3625
26391	2	5	3580	32	0	3619
26392	3322	7	33	25	0	3387
26393	34	5	3532	11	0	3582
26394	20	2	31	3432	0	3485
26395	8	3508	15	33	0	3564
26396	15	28	5	3505	0	3553
26397	9	10	4	3507	0	3530
26398	5	5	3638	45	0	3693
26399	11	3	31	3604	0	3649
26400	3631	3	10	53	0	3697
26401	3635	2	8	32	0	3677
26402	3620	3	4	33	0	3660
26403	3660	3	7	20	0	3690
26404	37	3602	5	9	0	3653
26405	19	3609	7	5	0	3640
26406	32	36	3	3407	0	3478
26407	19	16	7	3586	0	3628
26408	5	3486	10	43	0	3544
26409	6	25	6	3651	0	3688
26410	8	24	4	3636	0	3672
26411	8	10	3	3613	0	3634
26412	10	2	7	3629	0	3648
26413	9	4	4	3669	0	3686
26414	3569	6	5	67	0	3647
26415	35	3523	7	23	0	3588
26416	15	31	3491	14	0	3551
26417	17	12	34	3494	0	3557
26418	11	6	13	3544	0	3574
26419	10	4	10	3505	0	3529
26420	3453	10	5	63	0	3531
26421	34	3762	8	33	0	3837
26422	25	44	2	3797	0	3868
26423	9	3887	7	62	0	3965
26424	17	72	3	3817	0	3909
26425	3	3769	6	70	0	3848
26426	6	70	3973	36	0	4085
26427	12	31	69	4218	0	4330
26428	9	15	4879	89	0	4992
26429	24	8	110	4886	0	5028
26430	22	9	46	5330	0	5407
26431	5291	8	22	174	0	5495
26432	5311	9	12	84	0	5416
26433	5431	5	8	53	0	5497
26434	5407	4	7	37	0	5455
26435	5414	10	11	30	0	5465
26436	185	9	6	5210	0	5410
26437	72	5251	10	129	0	5462
26438	57	111	10	5219	0	5397
26439	28	56	5101	144	0	5329
26440	5041	27	107	83	0	5258
26441	5263	15	47	52	0	5377
26442	197	9	26	5183	0	5415
26443	99	5	13	5158	0	5275
26444	56	5030	8	167	0	5261
26445	44	110	9	5169	0	5332
26446	38	53	17	5178	0	5286
26447	30	5061	11	171	0	5273
26448	36	118	6	5168	0	5328
26449	4817	45	13	203	0	5078
26450	126	29	4979	86	0	5220
26451	4857	20	118	76	0	5071
26452	149	19	4945	39	0	5152
26453	83	12	130	4841	0	5066
26454	61	22	52	4812	0	4947
26455	33	4760	37	182	0	5012
26456	34	4873	20	94	0	5021
26457	44	165	17	4664	0	4890
26458	28	69	4706	151	0	4954
26459	4557	36	119	87	0	4799
26460	139	15	57	4670	0	4881
26461	65	4621	30	160	0	4876
26462	55	126	18	4647	0	4846
26463	46	62	16	4619	0	4743
26464	41	4500	20	188	0	4749
26465	64	114	15	4312	0	4505
26466	40	55	4025	145	0	4265
26467	21	41	3971	79	0	4112
26468	28	35	119	3882	0	4064
26469	18	3990	61	116	0	4185
26470	30	102	41	3978	0	4151
26471	3920	55	22	138	0	4135
26472	3971	26	16	92	0	4105
26473	3822	19	22	62	0	3925
26474	145	3757	18	46	0	3966
26475	65	105	3705	50	0	3925
26476	3660	59	100	46	0	3865
26477	3760	34	44	57	0	3895
26478	135	3690	29	50	0	3904
26479	78	113	19	3693	0	3903
26480	3699	47	11	134	0	3891
26481	3747	37	23	64	0	3871
26482	3796	23	27	49	0	3895
26483	178	10	16	3495	0	3699
26484	3553	25	22	122	0	3722
26485	145	22	17	3522	0	3706
26486	86	20	18	3586	0	3710
26487	3513	22	17	170	0	3722
26488	149	29	15	3484	0	3677
26489	3454	24	15	168	0	3661
26490	150	21	22	3451	0	3644
26491	101	20	13	3520	0	3654
26492	3412	18	12	191	0	3633
26493	144	29	3329	100	0	3602
26494	96	24	98	3405	0	3623
26495	71	23	48	3434	0	3576
26496	67	17	38	3413	0	3535
26497	69	13	23	3469	0	3574
26498	45	22	20	3323	0	3410
26499	51	3160	19	195	0	3425
26500	50	102	22	3217	0	3391
26501	51	50	3149	175	0	3425
26502	74	26	87	3236	0	3423
26503	59	25	47	3292	0	3423
26504	59	17	23	3360	0	3459
26505	38	18	3182	211	0	3449
26506	43	33	3196	122	0	3394
26507	3148	23	136	93	0	3400
26508	3186	14	71	85	0	3356
26509	151	3184	43	61	0	3439
26510	92	109	16	3256	0	3473
26511	63	51	23	3371	0	3508
26512	51	40	27	3446	0	3564
26513	3329	22	28	207	0	3586
26514	3423	24	23	118	0	3588
26515	158	24	22	3374	0	3578
26516	83	20	20	3417	0	3540
26517	63	26	22	3435	0	3546
26518	48	25	21	3473	0	3567
26519	3275	27	20	212	0	3534
26520	119	24	3198	124	0	3465
26521	63	2668	90	86	0	2907
26522	39	2666	38	73	0	2816
26523	2518	83	28	55	0	2684
26524	103	99	29	2453	0	2684
26525	41	22	2454	115	0	2632
26526	32	16	2200	65	0	2313
26527	27	2084	75	55	0	2241
26528	1375	21	40	24	0	1460
26529	22	10	1342	14	0	1388
26530	961	8	27	8	0	1004
26531	15	2	7	967	0	991
26532	5	1	4	994	0	1004
26533	7	967	3	11	0	988
26534	7	1031	2	7	0	1047
26535	1049	8	2	11	0	1070
26536	1047	3	2	11	0	1063
26537	10	1044	3	6	0	1063
26538	3	8	1000	4	0	1015
26539	5	3	1028	7	0	1043
26540	7	0	13	1053	0	1073
26541	1077	4	8	10	0	1099
26542	6	1081	0	6	0	1093
26543	12	7	1	1132	0	1152
26544	1150	6	1	11	0	1168
26545	11	2	3	1177	0	1193
26546	9	1	6	1230	0	1246
26547	1220	4	2	22	0	1248
26548	12	1233	2	11	0	1258
26549	10	1321	5	4	0	1340
26550	4	15	1396	3	0	1418
26551	6	4	9	1398	0	1417
26552	6	3	5	1435	0	1449
26553	2	4	1477	19	0	1502
26554	1358	6	11	14	0	1389
26555	1418	2	7	10	0	1437
26556	17	3	1489	6	0	1515
26557	1331	4	13	7	0	1355
26558	16	3	1556	1	0	1576
26559	8	1678	12	1	0	1699
26560	2	11	9	1753	0	1775
26561	6	5	3	1835	0	1849
26562	1826	2	1	26	0	1855
26563	1800	2	2	15	0	1819
26564	1822	2	2	4	0	1830
26565	1829	1	2	9	0	1841
26566	1824	1	4	4	0	1833
26567	21	2	1834	3	0	1860
26568	13	1832	9	4	0	1858
26569	9	15	6	1839	0	1869
26570	3	1862	4	12	0	1881
26571	3	1877	4	15	0	1899
26572	8	16	1	1868	0	1893
26573	5	8	3	1887	0	1903
26574	9	1	1873	14	0	1897
26575	1796	2	16	16	0	1830
26576	1886	2	8	10	0	1906
26577	20	1871	4	5	0	1900
26578	1885	12	4	12	0	1913
26579	1954	7	1	7	0	1969
26580	15	2	4	1962	0	1983
26581	9	2	2037	10	0	2058
26582	5	1	2032	9	0	2047
26583	2065	1	15	5	0	2086
26584	2098	0	8	7	0	2113
26585	16	2076	2	2	0	2096
26586	5	2165	1	2	0	2173
26587	4	16	0	2250	0	2270
26588	2261	5	1	14	0	2281
26589	15	1	2378	5	0	2399
26590	8	1	13	2428	0	2450
26591	2460	1	8	18	0	2487
26592	2477	3	2	13	0	2495
26593	24	2	1	2576	0	2603
26594	2590	0	1	26	0	2617
26595	19	7	2527	5	0	2558
26596	8	3	2702	3	0	2716
26597	11	1	21	2674	0	2707
26598	7	2	9	2801	0	2819
26599	6	0	5	2803	0	2814
26600	9	2765	1	27	0	2802
26601	7	2835	3	8	0	2853
26602	5	22	2	2839	0	2868
26603	2884	9	3	26	0	2922
26604	16	5	3	2931	0	2955
26605	11	5	4	2919	0	2939
26606	4	2917	7	31	0	2959
26607	6	3006	3	17	0	3032
26608	2	24	3	3032	0	3061
26609	5	14	3	2989	0	3011
26610	2960	8	1	30	0	2999
26611	24	2964	0	15	0	3003
26612	2974	17	4	19	0	3014
26613	25	7	3	2988	0	3023
26614	12	6	2977	23	0	3018
26615	14	7	2936	13	0	2970
26616	3039	6	28	14	0	3087
26617	19	3	14	3166	0	3202
26618	18	5	5	3163	0	3191
26619	10	5	4	3191	0	3210
26620	8	8	3214	31	0	3261
26621	12	2	17	3261	0	3292
26622	9	3283	12	24	0	3328
26623	6	16	6	3384	0	3412
26624	4	13	5	3407	0	3429
26625	2	3493	4	31	0	3530
26626	3	25	1	3612	0	3641
26627	3546	11	1	53	0	3611
26628	32	3605	2	26	0	3665
26629	3785	32	1	24	0	3842
26630	3862	20	4	15	0	3901
26631	58	10	3	3861	0	3932
26632	29	5	2	3871	0	3907
26633	15	3	4	3929	0	3951
26634	9	9	3797	60	0	3875
26635	12	3694	35	28	0	3769
26636	10	3819	15	18	0	3862
26637	7	40	6	3796	0	3849
26638	3754	18	8	52	0	3832
26639	51	9	6	3740	0	3806
26640	24	11	3768	51	0	3854
26641	7	3718	39	32	0	3796
26642	5	3780	20	17	0	3822
26643	3733	48	7	25	0	3813
26644	3769	22	7	16	0	3814
26645	51	3952	4	20	0	4027
26646	3980	43	5	23	0	4051
26647	48	23	3943	16	0	4030
26648	27	17	3925	8	0	3977
26649	3940	13	48	16	0	4017
26650	4015	11	19	26	0	4071
26651	67	8	9	3999	0	4083
26652	3971	6	6	61	0	4044
26653	63	7	3946	25	0	4041
26654	28	13	4092	16	0	4149
26655	31	13	65	4480	0	4589
26656	19	12	30	4939	0	5000
26657	33	5	13	5123	0	5174
26658	32	16	13	5170	0	5231
26659	21	8	15	5540	0	5584
26660	12	11	5381	160	0	5564
26661	26	10	94	5378	0	5508
26662	5333	3	35	157	0	5528
26663	113	4	22	5421	0	5560
26664	5376	10	16	151	0	5553
26665	124	10	14	5422	0	5570
26666	5473	6	16	157	0	5652
26667	5626	2	19	85	0	5732
26668	150	2	17	5567	0	5736
26669	84	12	15	5646	0	5757
26670	5557	11	9	179	0	5756
26671	5620	8	10	103	0	5741
26672	161	2	5583	73	0	5819
26673	110	6	102	5638	0	5856
26674	77	7	40	5777	0	5901
26675	5677	6	32	168	0	5883
26676	5753	10	19	104	0	5886
26677	165	8	19	5720	0	5912
26678	101	6	19	5808	0	5934
26679	92	6	14	5779	0	5891
26680	62	7	13	5729	0	5811
26681	52	5389	20	228	0	5689
26682	40	5514	16	128	0	5698
26683	47	117	17	5503	0	5684
26684	47	5460	25	167	0	5699
26685	44	116	11	5566	0	5737
26686	42	53	5409	181	0	5685
26687	30	36	5309	124	0	5499
26688	28	5433	127	96	0	5684
26689	37	113	49	5342	0	5541
26690	42	50	5298	143	0	5533
26691	43	41	112	5253	0	5449
26692	34	32	50	5410	0	5526
26693	5217	27	39	199	0	5482
26694	126	18	41	5338	0	5523
26695	63	29	5310	164	0	5566
26696	56	21	5270	98	0	5445
26697	48	5180	126	95	0	5449
26698	34	5473	66	92	0	5665
26699	5499	114	48	86	0	5747
26700	140	49	5824	66	0	6079
26701	69	30	124	5859	0	6082
26702	5886	25	59	165	0	6135
26703	5861	21	43	108	0	6033
26704	146	5865	42	83	0	6136
26705	103	120	37	5805	0	6065
26706	63	59	24	6075	0	6221
26707	57	42	35	6022	0	6156
26708	5901	31	30	203	0	6165
26709	120	24	5824	128	0	6096
26710	72	5961	120	90	0	6243
26711	66	104	53	5942	0	6165
26712	57	57	33	6087	0	6234
26713	43	44	5973	180	0	6240
26714	49	28	117	5941	0	6135
26715	48	21	50	6082	0	6201
26716	39	25	38	6063	0	6165
26717	53	28	29	6006	0	6116
26718	34	21	5803	225	0	6083
26719	34	24	121	5872	0	6051
26720	27	16	5896	198	0	6137
26721	22	5798	129	149	0	6098
26722	41	106	62	5857	0	6066
26723	46	50	46	5974	0	6116
26724	41	29	5817	213	0	6100
26725	33	5635	117	147	0	5932
26726	56	89	50	5659	0	5854
26727	48	36	5643	160	0	5887
26728	40	5554	105	120	0	5819
26729	33	91	60	5530	0	5714
26730	45	47	5516	145	0	5753
26731	56	30	89	5458	0	5633
26732	47	34	58	5432	0	5571
26733	40	27	57	5612	0	5736
26734	5474	34	33	184	0	5725
26735	103	5450	38	120	0	5711
26736	5488	85	32	109	0	5714
26737	107	41	5478	94	0	5720
26738	5578	35	86	131	0	5830
26739	5931	27	43	103	0	6104
26740	131	24	35	5895	0	6085
26741	5985	23	32	161	0	6201
26742	6049	38	35	105	0	6227
26743	6195	27	22	120	0	6364
26744	138	25	30	6177	0	6370
26745	86	35	21	6033	0	6175
26746	65	22	5836	131	0	6054
26747	57	19	5578	97	0	5751
26748	5645	23	94	81	0	5843
26749	95	37	40	5771	0	5943
26750	45	5754	64	105	0	5968
26751	5803	72	47	81	0	6003
26752	80	5755	26	81	0	5942
26753	54	5796	30	70	0	5950
26754	64	82	5591	72	0	5809
26755	27	26	5682	47	0	5782
26756	55	105	83	5465	0	5708
26757	23	14	5835	44	0	5916
26758	14	10	5313	25	0	5362
26759	5021	2	14	26	0	5063
26760	5283	3	8	20	0	5314
26761	7	3	3	5400	0	5413
26762	9	1	2	5484	0	5496
26763	5	4	5658	7	0	5674
26764	4	5743	6	13	0	5766
26765	7	7	5	5747	0	5766
26766	5974	2	0	37	0	6013
26767	12	1	6	6066	0	6085
26768	4	6146	6	12	0	6168
26769	5	10	6103	9	0	6127
26770	3	6283	16	3	0	6305
26771	6296	9	3	36	0	6344
26772	6218	5	2	29	0	6254
26773	17	1	6	6183	0	6207
26774	8	9	6374	13	0	6404
26775	9	12	5981	12	0	6014
26776	5	6356	19	5	0	6385
26777	18	11	9	6144	0	6182
26778	8	6	5	6426	0	6445
26779	4	13	6409	16	0	6442
26780	9	1	13	6343	0	6366
26781	4	6741	9	24	0	6778
26782	14	20	5	6818	0	6857
26783	15	11	4	6832	0	6862
26784	8	11	6881	38	0	6938
26785	18	5	23	6744	0	6790
26786	6751	2	15	66	0	6834
26787	29	5	6859	13	0	6906
26788	19	7	6767	12	0	6805
26789	7	7041	31	7	0	7086
26790	15	26	17	7182	0	7240
26791	16	11	12	7503	0	7542
26792	5	9	7481	53	0	7548
26793	7029	9	47	46	0	7131
26794	57	8	19	7509	0	7593
26795	22	9	7493	58	0	7582
26796	30	4	56	7250	0	7340
26797	8	7	7517	62	0	7594
26798	15	9	7234	29	0	7287
26799	2	7351	74	18	0	7445
26800	17	48	32	6998	0	7095
26801	4	7180	22	64	0	7270
26802	7013	57	14	55	0	7139
26803	56	26	7087	22	0	7191
26804	19	7018	61	14	0	7112
26805	20	54	24	7068	0	7166
26806	6995	22	22	81	0	7120
26807	46	7029	23	26	0	7124
26808	27	52	11	7149	0	7239
26809	27	26	11	7149	0	7213
26810	9	7231	15	63	0	7318
26811	7301	70	6	64	0	7441
26812	76	24	11	8154	0	8265
26813	43	26	16	8580	0	8665
26814	19	17	8491	164	0	8691
26815	11	8825	131	78	0	9045
26816	35	142	50	9009	0	9236
26817	33	43	29	9783	0	9888
26818	11	9836	24	204	0	10075
26819	29	192	16	9894	0	10131
26820	39	59	15	10361	0	10474
26821	36	44	12	10403	0	10495
26822	12	10323	14	285	0	10634
26823	10222	198	16	148	0	10584
26824	197	74	10247	79	0	10597
26825	9875	40	195	92	0	10202
26826	219	10236	79	39	0	10573
26827	98	211	43	10200	0	10552
26828	48	72	10262	226	0	10608
26829	56	64	210	10165	0	10495
26830	52	34	61	10242	0	10389
26831	45	24	58	10434	0	10561
26832	21	37	10202	309	0	10569
26833	15	10150	208	151	0	10524
26834	26	198	10278	103	0	10605
26835	16	10361	245	73	0	10695
26836	22	241	10525	70	0	10858
26837	53	86	251	10409	0	10799
26838	10216	73	91	293	0	10673
26839	199	10465	70	121	0	10855
26840	67	234	10511	90	0	10902
26841	44	10522	231	81	0	10878
26842	36	254	10582	73	0	10945
26843	81	91	258	10165	0	10595
26844	47	89	98	10183	0	10417
26845	38	10307	78	266	0	10689
26846	15	10683	69	148	0	10915
26847	10594	279	55	149	0	11077
26848	250	133	61	10474	0	10918
26849	81	106	10541	274	0	11002
26850	92	70	227	10725	0	11114
26851	38	69	10865	328	0	11300
26852	45	77	10934	142	0	11198
26853	51	65	306	10549	0	10971
26854	38	10696	149	253	0	11136
26855	10381	255	92	168	0	10896
26856	243	115	78	10319	0	10755
26857	118	86	65	10136	0	10405
26858	58	10237	79	308	0	10682
26859	10097	250	53	207	0	10607
26860	10215	120	55	158	0	10548
26861	300	99	56	9948	0	10403
26862	125	9809	77	293	0	10304
26863	61	10537	75	158	0	10831
26864	10246	308	69	148	0	10771
26865	232	163	10280	95	0	10770
26866	9960	108	266	108	0	10442
26867	10172	89	106	110	0	10477
26868	10081	66	102	121	0	10370
26869	316	9960	65	95	0	10436
26870	167	265	61	10057	0	10550
26871	10087	107	66	309	0	10569
26872	10116	90	61	154	0	10421
26873	304	10073	49	128	0	10554
26874	10171	247	67	100	0	10585
26875	311	127	42	10297	0	10777
26876	126	113	56	10370	0	10665
26877	89	10279	52	319	0	10739
26878	110	250	43	10505	0	10908
26879	99	110	51	10611	0	10871
26880	73	10464	61	319	0	10917
26881	91	231	45	9990	0	10357
26882	49	10287	55	345	0	10736
26883	10277	277	76	144	0	10774
26884	10096	138	45	167	0	10446
26885	264	10129	56	129	0	10578
26886	146	256	10095	91	0	10588
26887	110	158	202	10132	0	10602
26888	87	116	10091	259	0	10553
26889	99	9767	228	138	0	10232
26890	73	10023	87	137	0	10320
26891	9556	253	63	108	0	9980
26892	208	9846	56	67	0	10177
26893	136	230	56	9578	0	10000
26894	98	9647	60	197	0	10002
26895	89	9939	42	123	0	10193
26896	9766	279	28	101	0	10174
26897	249	131	39	9744	0	10163
26898	127	84	9656	235	0	10102
26899	84	88	9542	122	0	9836
26900	84	9724	234	100	0	10142
26901	9715	222	100	109	0	10146
26902	216	9796	77	66	0	10155
26903	104	282	50	10020	0	10456
26904	10056	128	48	256	0	10488
26905	257	99	33	10134	0	10523
26906	120	78	43	10239	0	10480
26907	87	10177	26	301	0	10591
26908	116	224	35	10263	0	10638
26909	50	146	10269	271	0	10736
26910	10093	96	206	162	0	10557
26911	232	10505	77	94	0	10908
26912	74	10197	41	76	0	10388
26913	9723	184	30	64	0	10001
26914	175	100	9766	35	0	10076
26915	9239	90	179	72	0	9580
26916	191	10234	58	31	0	10514
26917	48	10893	30	37	0	11008
26918	27	250	10868	28	0	11173
26919	24	11081	214	16	0	11335
26920	79	251	92	10060	0	10482
26921	59	107	42	10320	0	10528
26922	15	10511	17	210	0	10753
26923	45	198	7	10599	0	10849
26924	10579	90	16	247	0	10932
26925	199	64	10495	77	0	10835
26926	10516	31	190	71	0	10808
26927	10805	39	81	72	0	10997
26928	10795	54	40	52	0	10941
26929	295	61	10635	30	0	11021
26930	157	36	190	10529	0	10912
26931	61	56	10755	193	0	11065
26932	10407	42	229	140	0	10818
26933	10514	29	93	99	0	10735
26934	274	10559	54	26	0	10913
26935	166	212	35	10538	0	10951
26936	74	10838	27	211	0	11150
26937	45	225	10857	92	0	11219
26938	106	110	204	10701	0	11121
26939	10683	57	101	263	0	11104
26940	10844	35	43	121	0	11043
26941	319	46	49	10364	0	10778
26942	148	10459	33	215	0	10855
26943	81	221	10584	85	0	10971
26944	64	120	10634	65	0	10883
26945	10068	55	276	79	0	10478
26946	240	61	10582	40	0	10923
26947	122	10385	240	74	0	10821
26948	111	222	112	10268	0	10713
26949	64	122	10434	203	0	10823
26950	89	63	238	10212	0	10602
26951	66	44	10294	252	0	10656
26952	9710	50	262	133	0	10155
26953	250	42	122	9959	0	10373
26954	126	9875	80	237	0	10318
26955	74	10131	77	124	0	10406
26956	91	271	69	9941	0	10372
26957	110	130	50	9875	0	10165
26958	70	9882	77	286	0	10315
26959	65	234	9873	127	0	10299
26960	94	105	234	9870	0	10303
26961	47	86	10046	224	0	10403
26962	55	45	9769	142	0	10011
26963	9061	44	318	120	0	9543
26964	239	9311	153	64	0	9767
26965	9269	227	84	104	0	9684
26966	274	149	53	9075	0	9551
26967	106	9275	75	246	0	9702
26968	99	242	75	9351	0	9767
26969	80	130	76	9316	0	9602
26970	56	9168	81	311	0	9616
26971	75	248	9138	168	0	9629
26972	85	134	232	9191	0	9642
26973	9114	105	137	275	0	9631
26974	239	77	106	9070	0	9492
26975	162	59	68	9074	0	9363
26976	79	95	8837	322	0	9333
26977	70	8746	261	174	0	9251
26978	80	237	136	8776	0	9229
26979	73	151	8706	260	0	9190
26980	60	115	8645	175	0	8995
26981	8344	68	324	180	0	8916
26982	256	8511	175	114	0	9056
26983	8414	256	121	125	0	8916
26984	264	8392	85	124	0	8865
26985	156	8607	74	119	0	8956
26986	8322	316	86	145	0	8869
26987	270	170	76	8140	0	8656
26988	145	8249	111	266	0	8771
26989	137	250	84	8395	0	8866
26990	8342	138	69	324	0	8873
26991	283	105	8286	159	0	8833
26992	154	76	8155	111	0	8496
26993	7936	70	315	116	0	8437
26994	255	8030	195	77	0	8557
26995	150	241	8004	83	0	8478
26996	134	8027	258	91	0	8510
26997	120	296	144	7865	0	8425
26998	109	148	8002	254	0	8513
26999	100	112	249	7921	0	8382
27000	61	112	7858	289	0	8320
27001	7493	86	297	191	0	8067
27002	256	7708	162	116	0	8242
27003	7600	260	110	87	0	8057
27004	272	149	98	7466	0	7985
27005	153	7898	86	266	0	8403
27006	7829	272	104	165	0	8370
27007	7517	147	109	142	0	7915
27008	308	115	7839	98	0	8360
27009	153	76	7804	91	0	8124
27010	6852	71	335	61	0	7319
27011	221	6936	160	104	0	7421
27012	104	6791	112	57	0	7064
27013	190	366	101	6306	0	6963
27014	66	130	6376	214	0	6786
27015	80	6057	205	111	0	6453
27016	61	5401	101	78	0	5641
27017	142	109	69	3668	0	3988
27018	3739	28	29	65	0	3861
27019	3746	24	7	34	0	3811
27020	3791	20	6	21	0	3838
27021	86	17	3752	14	0	3869
27022	3731	13	65	17	0	3826
27023	3804	13	27	20	0	3864
27024	3872	8	21	8	0	3909
27025	96	13	15	3723	0	3847
27026	48	3718	12	57	0	3835
27027	3708	62	5	34	0	3809
27028	69	3712	12	13	0	3806
27029	35	67	12	3623	0	3737
27030	21	33	3817	63	0	3934
27031	20	23	63	3776	0	3882
27032	25	10	21	3845	0	3901
27033	15	13	3826	79	0	3933
27034	13	3780	69	28	0	3890
27035	22	65	23	3514	0	3624
27036	3439	23	15	68	0	3545
27037	63	3383	12	24	0	3482
27038	3322	59	8	20	0	3409
27039	79	25	4	3211	0	3319
27040	27	3314	9	55	0	3405
27041	3270	56	5	27	0	3358
27042	63	3316	7	9	0	3395
27043	17	64	3209	6	0	3296
27044	3176	26	62	20	0	3284
27045	3311	19	17	19	0	3366
27046	85	3288	9	4	0	3386
27047	32	67	3174	6	0	3279
27048	12	3363	63	7	0	3445
27049	54	95	37	2528	0	2714
27050	14	30	10	3404	0	3458
27051	14	17	3	3416	0	3450
27052	7	3389	6	93	0	3495
27053	10	68	5	3440	0	3523
27054	11	22	5	3440	0	3478
27055	3386	11	5	92	0	3494
27056	81	13	4	3385	0	3483
27057	34	8	4	3476	0	3522
27058	3391	4	3	102	0	3500
27059	75	3414	9	41	0	3539
27060	3449	70	4	27	0	3550
27061	3471	24	9	17	0	3521
27062	3499	14	6	14	0	3533
27063	110	10	2	3414	0	3536
27064	43	6	4	3530	0	3583
27065	23	10	3406	95	0	3534
27066	20	8	3384	34	0	3446
27067	19	10	3376	20	0	3425
27068	3226	13	92	18	0	3349
27069	81	11	3320	14	0	3426
27070	35	3305	89	13	0	3442
27071	25	71	27	3291	0	3414
27072	20	29	16	3274	0	3339
27073	15	3318	12	88	0	3433
27074	17	78	3411	31	0	3537
27075	14	3459	82	16	0	3571
27076	3428	93	27	23	0	3571
27077	79	32	3468	15	0	3594
27078	35	3440	80	19	0	3574
27079	22	84	3478	12	0	3596
27080	20	32	73	3434	0	3559
27081	23	22	3507	76	0	3628
27082	23	17	84	3420	0	3544
27083	3468	9	30	95	0	3602
27084	95	10	3472	30	0	3607
27085	39	3475	79	19	0	3612
27086	3515	81	30	20	0	3646
27087	94	31	3611	14	0	3750
27088	33	19	3617	25	0	3694
27089	24	15	94	3545	0	3678
27090	19	9	3586	97	0	3711
27091	3424	16	88	47	0	3575
27092	79	3514	29	60	0	3682
27093	32	81	20	3546	0	3679
27094	20	3683	19	75	0	3797
27095	3730	86	13	45	0	3874
27096	82	32	3732	32	0	3878
27097	44	25	3830	22	0	3921
27098	23	22	100	3769	0	3914
27099	24	19	37	3866	0	3946
27100	31	18	20	3957	0	4026
27101	32	18	12	3964	0	4026
27102	30	20	3974	110	0	4134
27103	14	3944	87	52	0	4097
27104	16	76	24	3667	0	3783
27105	17	22	3501	60	0	3600
27106	10	3466	69	25	0	3570
27107	3416	59	46	28	0	3549
27108	93	28	16	3395	0	3532
27109	3324	16	14	69	0	3423
27110	62	3318	7	36	0	3423
27111	3322	55	7	27	0	3411
27112	63	27	3418	15	0	3523
27113	34	27	58	3299	0	3418
27114	12	3421	24	66	0	3523
27115	12	58	3397	28	0	3495
27116	8	3403	52	18	0	3481
27117	41	77	36	2682	0	2836
27118	3187	26	8	54	0	3275
27119	53	3207	5	21	0	3286
27120	3198	43	9	21	0	3271
27121	49	22	3177	16	0	3264
27122	22	10	3143	13	0	3188
27123	3086	6	62	14	0	3168
27124	49	8	28	3120	0	3205
27125	20	18	14	3176	0	3228
27126	23	6	3299	51	0	3379
27127	10	8	3202	26	0	3246
27128	6	3304	53	19	0	3382
27129	3212	50	35	26	0	3323
27130	3063	12	6	13	0	3094
27131	40	3037	6	3	0	3086
27132	14	32	7	3123	0	3176
27133	3146	12	2	42	0	3202
27134	41	8	5	3156	0	3210
27135	3186	1	8	46	0	3241
27136	3199	5	8	16	0	3228
27137	3309	3	7	14	0	3333
27138	47	5	7	3252	0	3311
27139	16	6	6	3392	0	3420
27140	3287	3	2	54	0	3346
27141	3280	2	5	18	0	3305
27142	3291	9	5	12	0	3317
27143	49	3278	2	9	0	3338
27144	3134	16	2	10	0	3162
27145	21	3123	6	2	0	3152
27146	3095	20	3	11	0	3129
27147	21	5	3134	7	0	3167
27148	2860	8	31	16	0	2915
27149	17	2955	4	7	0	2983
27150	8	2940	7	5	0	2960
27151	2981	14	3	4	0	3002
27152	14	4	5	2939	0	2962
27153	8	5	3	3035	0	3051
27154	3	3033	0	16	0	3052
27155	2	3196	1	11	0	3210
27156	3331	16	4	14	0	3365
27157	19	13	3517	3	0	3552
27158	18	2	17	3678	0	3715
27159	3756	4	7	32	0	3799
27160	30	4	3782	13	0	3829
27161	14	4208	31	6	0	4259
27162	4414	44	10	11	0	4479
27163	63	11	4535	2	0	4611
27164	25	9	59	4795	0	4888
27165	8	5	4952	69	0	5034
27166	4759	3	75	21	0	4858
27167	68	5039	21	8	0	5136
27168	5072	68	13	13	0	5166
27169	5105	19	6	13	0	5143
27170	96	8	3	5077	0	5184
27171	5120	3	8	80	0	5211
27172	88	2	6	5137	0	5233
27173	39	8	2	5206	0	5255
27174	14	4	5058	81	0	5157
27175	10	5068	68	25	0	5171
27176	17	87	19	5124	0	5247
27177	27	18	9	5137	0	5191
27178	17	9	3	5162	0	5191
27179	5	5	5079	92	0	5181
27180	7	5011	71	34	0	5123
27181	18	67	25	5081	0	5191
27182	20	19	8	5147	0	5194
27183	9	11	5084	87	0	5191
27184	24	6	67	4972	0	5069
27185	5033	6	19	94	0	5152
27186	70	5056	11	30	0	5167
27187	4981	67	4	28	0	5080
27188	76	17	5011	20	0	5124
27189	36	6	70	5005	0	5117
27190	5111	7	25	86	0	5229
27191	5109	9	7	39	0	5164
27192	92	6	5192	15	0	5305
27193	39	9	72	5143	0	5263
27194	22	8	5185	78	0	5293
27195	4941	6	71	32	0	5050
27196	76	5145	19	15	0	5255
27197	5196	65	13	23	0	5297
27198	5188	15	14	26	0	5243
27199	94	5249	14	11	0	5368
27200	5267	78	9	22	0	5376
27201	98	24	5219	9	0	5350
27202	5209	13	74	15	0	5311
27203	100	7	25	5226	0	5358
27204	32	10	5419	80	0	5541
27205	38	7	80	5394	0	5519
27206	30	8	31	5298	0	5367
27207	26	9	23	5440	0	5498
27208	24	5423	16	100	0	5563
27209	5461	77	18	41	0	5597
27210	89	22	12	5469	0	5592
27211	36	5453	17	93	0	5599
27212	29	75	12	5336	0	5452
27213	21	5342	12	95	0	5470
27214	25	86	5418	36	0	5565
27215	30	24	76	5364	0	5494
27216	25	13	25	5501	0	5564
27217	19	14	5483	109	0	5625
27218	5089	15	79	58	0	5241
27219	77	5445	24	39	0	5585
27220	35	82	25	5524	0	5666
27221	23	20	18	5490	0	5551
27222	21	19	14	5417	0	5471
27223	17	5451	20	105	0	5593
27224	5421	83	13	58	0	5575
27225	86	31	5492	36	0	5645
27226	34	22	5269	35	0	5360
27227	35	17	93	5310	0	5455
27228	27	14	25	5462	0	5528
27229	5404	18	19	112	0	5553
27230	87	5370	25	49	0	5531
27231	48	71	24	5422	0	5565
27232	5384	32	20	103	0	5539
27233	97	24	23	5314	0	5458
27234	5333	8	19	111	0	5471
27235	102	22	5204	43	0	5371
27236	41	5366	81	36	0	5524
27237	5348	77	26	46	0	5497
27238	102	31	5353	26	0	5512
27239	5212	19	81	44	0	5356
27240	100	21	5217	30	0	5368
27241	5269	12	93	33	0	5407
27242	107	21	25	5297	0	5450
27243	5335	15	25	102	0	5477
27244	100	12	24	5312	0	5448
27245	44	18	15	5355	0	5432
27246	5298	17	14	131	0	5460
27247	95	5263	15	60	0	5433
27248	49	83	19	5373	0	5524
27249	5453	27	14	132	0	5626
27250	5629	21	17	61	0	5728
27251	113	16	14	5615	0	5758
27252	42	28	13	5741	0	5824
27253	5769	15	15	126	0	5925
27254	113	14	18	5847	0	5992
27255	56	24	7	5795	0	5882
27256	5649	13	13	137	0	5812
27257	125	12	11	5454	0	5602
27258	31	8	5118	101	0	5258
27259	4947	10	74	43	0	5074
27260	96	8	5153	27	0	5284
27261	30	8	4613	18	0	4669
27262	4369	17	90	34	0	4510
27263	49	4334	36	11	0	4430
27264	24	39	14	4166	0	4243
27265	18	10	11	4143	0	4182
27266	22	6	2	4360	0	4390
27267	16	3	1	4452	0	4472
27268	4371	3	3	81	0	4458
27269	4661	4	5	25	0	4695
27270	4819	4	1	29	0	4853
27271	75	3	5174	13	0	5265
27272	39	4	81	5429	0	5553
27273	31	2	20	5558	0	5611
27274	32	1	12	5418	0	5463
27275	18	5312	12	131	0	5473
27276	13	5480	11	56	0	5560
27277	5584	133	7	38	0	5762
27278	122	47	2	5619	0	5790
27279	53	25	4	5954	0	6036
27280	35	12	2	6115	0	6164
27281	23	13	5898	178	0	6112
27282	19	21	5796	64	0	5900
27283	5817	5	147	53	0	6022
27284	6056	2	54	40	0	6152
27285	173	0	28	5916	0	6117
27286	55	5947	17	141	0	6160
27287	45	120	15	5980	0	6160
27288	34	38	13	6012	0	6097
27289	25	27	5835	169	0	6056
27290	5884	8	123	82	0	6097
27291	156	5	35	6099	0	6295
27292	64	13	25	6054	0	6156
27293	5880	3	18	207	0	6108
27294	146	6017	23	83	0	6269
27295	6146	135	25	55	0	6361
27296	190	47	16	6011	0	6264
27297	62	5937	8	151	0	6158
27298	6020	138	7	79	0	6244
27299	163	63	12	5949	0	6187
27300	5922	34	5	168	0	6129
27301	5884	18	8	77	0	5987
27302	5911	5	13	74	0	6003
27303	199	5712	13	43	0	5967
27304	88	5665	12	46	0	5811
27305	67	164	16	5540	0	5787
27306	56	5608	16	140	0	5820
27307	5718	161	4	68	0	5951
27308	172	64	3	5703	0	5942
27309	5700	46	7	181	0	5934
27310	5807	37	4	83	0	5931
27311	218	19	7	5660	0	5904
27312	112	14	11	5916	0	6053
27313	5881	16	13	211	0	6121
27314	5944	20	15	105	0	6084
27315	6099	12	8	74	0	6193
27316	6148	24	5	67	0	6244
27317	6237	26	8	58	0	6329
27318	239	27	5	6062	0	6333
27319	125	26	10	6176	0	6337
27320	103	21	6	6205	0	6335
27321	6077	21	9	231	0	6338
27322	203	14	7	6048	0	6272
27323	96	5949	4	206	0	6255
27324	76	147	9	6101	0	6333
27325	5921	51	11	221	0	6204
27326	6039	36	8	95	0	6178
27327	253	29	5811	52	0	6145
27328	125	40	131	5667	0	5963
27329	75	5868	45	175	0	6163
27330	5901	147	24	96	0	6168
27331	199	5923	10	73	0	6205
27332	108	169	12	6035	0	6324
27333	6093	59	11	190	0	6353
27334	6169	41	10	107	0	6327
27335	220	6082	8	91	0	6401
27336	128	158	3	6053	0	6342
27337	90	70	5971	193	0	6324
27338	5876	37	145	92	0	6150
27339	207	24	5967	68	0	6266
27340	6017	33	170	49	0	6269
27341	6164	28	51	60	0	6303
27342	244	22	29	6058	0	6353
27343	6149	22	22	201	0	6394
27344	6286	24	15	101	0	6426
27345	6352	17	14	86	0	6469
27346	289	29	9	6158	0	6485
27347	6212	25	11	188	0	6436
27348	227	23	9	6175	0	6434
27349	120	16	14	6210	0	6360
27350	98	6048	29	222	0	6397
27351	92	146	24	5930	0	6192
27352	62	5931	21	196	0	6210
27353	5849	149	9	101	0	6108
27354	5824	55	12	79	0	5970
27355	224	51	5	5709	0	5989
27356	126	27	7	5733	0	5893
27357	5656	27	11	214	0	5908
27358	196	25	5545	99	0	5865
27359	5599	26	123	84	0	5832
27360	218	22	45	5502	0	5787
27361	95	22	5271	175	0	5563
27362	5247	23	122	96	0	5488
27363	5415	15	53	72	0	5555
27364	222	21	5280	33	0	5556
27365	5324	15	118	68	0	5525
27366	176	27	5213	56	0	5472
27367	100	5201	130	45	0	5476
27368	5278	97	102	54	0	5531
27369	5207	50	41	41	0	5339
27370	190	4975	17	28	0	5210
27371	87	4647	17	30	0	4781
27372	4350	68	26	42	0	4486
27373	4362	23	18	36	0	4439
27374	123	17	8	4475	0	4623
27375	50	10	4412	72	0	4544
27376	40	15	4265	26	0	4346
27377	4341	14	57	36	0	4448
27378	74	14	4412	21	0	4521
27379	4200	31	88	24	0	4343
27380	62	6	21	4155	0	4244
27381	32	12	14	4171	0	4229
27382	25	10	4255	53	0	4343
27383	4243	2	43	33	0	4321
27384	62	8	13	4352	0	4435
27385	28	2	17	4557	0	4604
27386	4487	1	12	67	0	4567
27387	4538	3	7	37	0	4585
27388	4548	1	11	33	0	4593
27389	66	4635	14	11	0	4726
27390	27	33	4519	13	0	4592
27391	4458	6	35	22	0	4521
27392	4490	10	14	21	0	4535
27393	51	4412	14	13	0	4490
27394	4300	18	16	12	0	4346
27395	35	7	4	4266	0	4312
27396	17	14	4393	29	0	4453
27397	4347	3	28	27	0	4405
27398	4453	3	10	26	0	4492
27399	4510	4	5	25	0	4544
27400	4511	4	7	15	0	4537
27401	48	2	3	4507	0	4560
27402	20	6	4	4494	0	4524
27403	4526	3	0	52	0	4581
27404	40	1	5	4527	0	4573
27405	18	0	4	4530	0	4552
27406	13	4462	6	40	0	4521
27407	17	26	5	4555	0	4603
27408	15	3	4	4569	0	4591
27409	16	4	1	4570	0	4591
27410	13	5	3	4609	0	4630
27411	10	4558	7	44	0	4619
27412	14	32	6	4483	0	4535
27413	13	10	1	4386	0	4410
27414	11	7	4321	43	0	4382
27415	10	10	4142	15	0	4177
27416	8	4251	29	14	0	4302
27417	4822	28	16	24	0	4890
27418	42	4938	8	8	0	4996
27419	23	46	5	5202	0	5276
27420	16	13	5604	52	0	5685
27421	5920	6	63	43	0	6032
27422	81	4	14	6143	0	6242
27423	6139	5	11	95	0	6250
27424	6214	6	6	53	0	6279
27425	87	6243	6	20	0	6356
27426	6209	67	3	39	0	6318
27427	77	6420	10	16	0	6523
27428	37	102	3	6478	0	6620
27429	22	6538	6	83	0	6649
27430	20	93	6505	25	0	6643
27431	14	6563	73	28	0	6678
27432	37	100	20	6395	0	6552
27433	6461	24	12	106	0	6603
27434	74	6620	6	31	0	6731
27435	45	82	12	6609	0	6748
27436	46	26	1	6766	0	6839
27437	9	22	6714	114	0	6859
27438	42	9	87	6676	0	6814
27439	23	20	6702	104	0	6849
27440	6542	14	98	60	0	6714
27441	105	21	6880	24	0	7030
27442	26	6898	104	19	0	7047
27443	53	103	22	6848	0	7026
27444	29	31	25	6884	0	6969
27445	35	22	17	6916	0	6990
27446	6915	17	15	152	0	7099
27447	133	17	12	6797	0	6959
27448	41	6824	14	117	0	6996
27449	6663	115	14	56	0	6848
27450	111	6631	8	45	0	6795
27451	60	120	11	6611	0	6802
27452	6604	38	11	146	0	6799
27453	108	6545	18	51	0	6722
27454	27	6714	21	42	0	6804
27455	6670	125	15	45	0	6855
27456	6747	54	20	54	0	6875
27457	136	41	6659	28	0	6864
27458	6713	30	102	53	0	6898
27459	132	28	6886	42	0	7088
27460	68	31	118	6942	0	7159
27461	40	18	6999	141	0	7198
27462	51	22	129	6958	0	7160
27463	35	31	6988	140	0	7194
27464	52	21	134	6837	0	7044
27465	35	32	43	7027	0	7137
27466	6844	24	34	175	0	7077
27467	135	26	6764	81	0	7006
27468	6482	29	126	74	0	6711
27469	140	18	6663	54	0	6875
27470	66	22	6678	42	0	6808
27471	56	25	149	6540	0	6770
27472	6574	22	51	162	0	6809
27473	137	6600	44	55	0	6836
27474	6451	126	29	66	0	6672
27475	6480	41	40	52	0	6613
27476	153	6347	34	80	0	6614
27477	6374	128	35	57	0	6594
27478	156	57	6432	33	0	6678
27479	77	42	133	6402	0	6654
27480	6439	23	43	154	0	6659
27481	142	6424	45	62	0	6673
27482	74	115	38	6325	0	6552
27483	66	44	33	6381	0	6524
27484	56	35	34	6434	0	6559
27485	55	20	38	6463	0	6576
27486	6321	28	37	185	0	6571
27487	6402	21	33	86	0	6542
27488	6385	29	27	74	0	6515
27489	6249	20	30	71	0	6370
27490	188	29	6135	47	0	6399
27491	6156	29	134	52	0	6371
27492	6308	21	48	55	0	6432
27493	177	6145	44	56	0	6422
27494	93	6265	42	50	0	6450
27495	78	139	38	6153	0	6408
27496	66	52	32	6166	0	6316
27497	60	40	6044	165	0	6309
27498	54	6130	123	80	0	6387
27499	80	116	50	5980	0	6226
27500	57	6115	43	138	0	6353
27501	77	128	27	6301	0	6533
27502	77	55	28	6294	0	6454
27503	61	6470	35	159	0	6725
27504	79	126	28	6572	0	6805
27505	56	60	6615	156	0	6887
27506	63	44	6577	81	0	6765
27507	6466	32	165	79	0	6742
27508	6712	28	56	80	0	6876
27509	167	6621	50	78	0	6916
27510	6670	137	27	64	0	6898
27511	184	60	36	6633	0	6913
27512	6616	43	37	151	0	6847
27513	176	6589	27	82	0	6874
27514	101	119	6513	56	0	6789
27515	6433	59	162	60	0	6714
27516	175	35	6736	51	0	6997
27517	74	36	6003	32	0	6145
27518	54	31	5936	38	0	6059
27519	48	5744	134	39	0	5965
27520	5180	143	152	75	0	5550
27521	5032	33	41	47	0	5153
27522	123	23	25	4890	0	5061
27523	57	21	22	4837	0	4937
27524	39	4994	27	102	0	5162
27525	5045	80	20	63	0	5208
27526	91	5060	24	34	0	5209
27527	48	4952	19	37	0	5056
27528	4921	76	30	32	0	5059
27529	84	34	22	4890	0	5030
27530	56	14	25	4894	0	4989
27531	39	21	24	4955	0	5039
27532	34	4896	17	86	0	5033
27533	4803	55	15	47	0	4920
27534	90	36	13	4729	0	4868
27535	37	4515	11	65	0	4628
27536	19	4523	12	33	0	4587
27537	27	73	10	4361	0	4471
27538	22	4430	16	52	0	4520
27539	39	59	8	4412	0	4518
27540	4300	24	6	71	0	4401
27541	54	12	4187	27	0	4280
27542	22	4266	43	18	0	4349
27543	21	55	19	4327	0	4422
27544	21	28	4388	43	0	4480
27545	4296	12	49	33	0	4390
27546	58	21	18	4458	0	4555
27547	4465	8	8	63	0	4544
27548	4473	5	8	45	0	4531
27549	53	4711	7	21	0	4792
27550	4808	44	6	40	0	4898
27551	4810	33	8	33	0	4884
27552	4851	18	5	16	0	4890
27553	67	9	9	4783	0	4868
27554	38	15	6	4758	0	4817
27555	29	13	8	4803	0	4853
27556	18	16	4733	63	0	4830
27557	9	4677	45	31	0	4762
27558	4602	38	15	25	0	4680
27559	39	4524	11	12	0	4586
27560	22	36	7	4496	0	4561
27561	21	15	4438	33	0	4507
27562	4148	13	31	32	0	4224
27563	36	4471	13	16	0	4536
27564	25	30	15	4429	0	4499
27565	18	16	2	4423	0	4459
27566	13	13	4382	37	0	4445
27567	10	4394	30	18	0	4452
27568	17	35	8	4402	0	4462
27569	14	10	10	4409	0	4443
27570	10	12	4	4343	0	4369
27571	4246	4	3	63	0	4316
27572	35	16	4205	24	0	4280
27573	13	4203	31	22	0	4269
27574	4185	31	13	24	0	4253
27575	30	4233	13	6	0	4282
27576	19	40	4	4197	0	4260
27577	14	4233	6	37	0	4290
27578	4108	37	3	25	0	4173
27579	4125	12	3	22	0	4162
27580	38	13	5	4240	0	4296
27581	22	8	6	4258	0	4294
27582	20	9	4	4444	0	4477
27583	11	9	4500	62	0	4582
27584	13	4640	49	29	0	4731
27585	23	48	14	5394	0	5479
27586	21	15	17	5506	0	5559
27587	20	18	6	5561	0	5605
27588	28	9	5	5544	0	5586
27589	11	12	5514	108	0	5645
27590	6	5886	75	48	0	6015
27591	32	91	15	6077	0	6215
27592	31	33	19	6653	0	6736
27593	14	34	6553	145	0	6746
27594	34	15	107	6323	0	6479
27595	8	6361	41	146	0	6556
27596	6	6596	36	69	0	6707
27597	29	140	16	6502	0	6687
27598	7	68	6297	143	0	6515
27599	5875	39	110	93	0	6117
27600	102	6208	49	71	0	6430
27601	38	117	6103	41	0	6299
27602	34	55	6055	31	0	6175
27603	13	5988	148	43	0	6192
27604	10	118	6024	32	0	6184
27605	34	107	147	5800	0	6088
27606	5755	46	54	138	0	5993
27607	5842	27	47	66	0	5982
27608	5841	24	26	61	0	5952
27609	5984	22	17	50	0	6073
27610	164	6055	23	24	0	6266
27611	6123	111	22	36	0	6292
27612	140	6225	28	28	0	6421
27613	59	142	6156	18	0	6375
27614	87	68	128	5885	0	6168
27615	27	6220	60	111	0	6418
27616	45	129	52	5997	0	6223
27617	5892	60	26	159	0	6137
27618	146	45	24	5818	0	6033
27619	68	5970	22	130	0	6190
27620	6008	119	22	68	0	6217
27621	138	67	5940	46	0	6191
27622	87	65	114	5892	0	6158
27623	81	31	53	6014	0	6179
27624	5703	30	49	175	0	5957
27625	121	5720	28	94	0	5963
27626	65	128	5618	76	0	5887
27627	87	66	109	5629	0	5891
27628	44	55	5649	144	0	5892
27629	32	5479	144	84	0	5739
27630	30	5650	66	73	0	5819
27631	5531	165	49	56	0	5801
27632	124	97	5543	43	0	5807
27633	5537	64	135	61	0	5797
27634	154	40	68	5430	0	5692
27635	59	5579	66	130	0	5834
27636	5574	135	30	92	0	5831
27637	142	75	5619	68	0	5904
27638	88	61	131	5568	0	5848
27639	71	49	80	5626	0	5826
27640	64	39	72	5578	0	5753
27641	30	5536	48	187	0	5801
27642	5319	142	38	122	0	5621
27643	136	5328	38	84	0	5586
27644	72	5384	40	48	0	5544
27645	88	161	38	5262	0	5549
27646	5265	92	35	148	0	5540
27647	5188	69	38	90	0	5385
27648	5215	54	27	83	0	5379
27649	186	4909	41	46	0	5182
27650	113	134	28	4882	0	5157
27651	73	88	4862	139	0	5162
27652	68	60	129	4881	0	5138
27653	57	52	63	4833	0	5005
27654	47	4916	45	174	0	5182
27655	4956	142	37	113	0	5248
27656	146	95	20	4873	0	5134
27657	83	4962	36	155	0	5236
27658	4954	131	41	93	0	5219
27659	151	76	4873	79	0	5179
27660	4820	73	112	67	0	5072
27661	149	4954	58	55	0	5216
27662	4981	133	52	65	0	5231
27663	5006	75	40	63	0	5184
27664	161	79	4916	53	0	5209
27665	4973	50	118	58	0	5199
27666	168	54	5032	56	0	5310
27667	105	47	5094	45	0	5291
27668	5032	46	149	39	0	5266
27669	5119	54	89	48	0	5310
27670	191	48	5107	39	0	5385
27671	111	44	150	5050	0	5355
27672	99	49	75	5040	0	5263
27673	62	5237	66	163	0	5528
27674	5011	128	53	109	0	5301
27675	5316	76	27	78	0	5497
27676	184	67	5272	47	0	5570
27677	5390	38	121	54	0	5603
27678	5448	32	77	42	0	5599
27679	191	5332	62	45	0	5630
27680	132	134	41	5260	0	5567
27681	121	72	34	5226	0	5453
27682	84	50	38	5153	0	5325
27683	4879	47	43	166	0	5135
27684	133	4707	27	104	0	4971
27685	78	92	23	3893	0	4086
27686	47	3856	29	77	0	4009
27687	53	181	16	3589	0	3839
27688	35	3687	19	77	0	3818
27689	38	3743	23	57	0	3861
27690	3158	83	46	42	0	3329
27691	3086	35	53	64	0	3238
27692	37	14	7	2742	0	2800
27693	20	13	6	2774	0	2813
27694	24	11	4	2783	0	2822
27695	17	12	5	2783	0	2817
27696	19	8	9	2748	0	2784
27697	17	2753	2	47	0	2819
27698	11	26	11	2796	0	2844
27699	19	13	3	2835	0	2870
27700	2810	10	4	43	0	2867
27701	40	9	2	2791	0	2842
27702	17	7	8	2791	0	2823
27703	19	11	2813	37	0	2880
27704	19	9	27	2774	0	2829
27705	13	14	10	2911	0	2948
27706	18	12	2998	36	0	3064
27707	13	3100	27	23	0	3163
27708	13	30	3103	21	0	3167
27709	12	9	3059	11	0	3091
27710	5	2987	37	12	0	3041
27711	2942	28	19	17	0	3006
27712	2918	6	5	11	0	2940
27713	31	4	5	2879	0	2919
27714	2917	3	5	35	0	2960
27715	25	3	3010	11	0	3049
27716	15	5	25	3056	0	3101
27717	12	2	3414	27	0	3455
27718	17	2	27	3454	0	3500
27719	4	4	10	3476	0	3494
27720	9	2	4	3510	0	3525
27721	3488	1	8	48	0	3545
27722	29	2	1	3547	0	3579
27723	3530	2	9	47	0	3588
27724	3562	4	5	28	0	3599
27725	35	3572	10	10	0	3627
27726	3617	27	7	21	0	3672
27727	36	3742	3	6	0	3787
27728	19	29	5	3702	0	3755
27729	20	9	1	3760	0	3790
27730	23	4	5	3820	0	3852
27731	7	10	3763	50	0	3830
27732	11	3748	38	15	0	3812
27733	10	38	11	3694	0	3753
27734	12	7	6	3718	0	3743
27735	6	3787	9	49	0	3851
27736	3789	37	4	31	0	3861
27737	40	3700	9	14	0	3763
27738	3715	41	2	21	0	3779
27739	42	3802	5	17	0	3866
27740	20	38	2	3750	0	3810
27741	15	3843	2	42	0	3902
27742	3884	39	1	26	0	3950
27743	3899	17	4	23	0	3943
27744	3921	5	3	25	0	3954
27745	3895	9	3	27	0	3934
27746	48	7	3965	14	0	4034
27747	3938	6	35	21	0	4000
27748	4077	6	12	23	0	4118
27749	4085	6	3	19	0	4113
27750	49	8	4046	12	0	4115
27751	4031	3	33	23	0	4090
27752	40	4132	14	12	0	4198
27753	4140	38	8	21	0	4207
27754	45	16	4437	6	0	4504
27755	4435	7	38	31	0	4511
27756	4511	11	12	23	0	4557
27757	55	5	3	4498	0	4561
27758	16	13	4449	41	0	4519
27759	4514	4	35	26	0	4579
27760	48	5	11	4619	0	4683
27761	30	7	4	4653	0	4694
27762	15	5	4705	46	0	4771
27763	4467	7	41	29	0	4544
27764	4748	3	15	30	0	4796
27765	54	4765	4	6	0	4829
27766	26	39	8	4766	0	4839
27767	12	15	11	4759	0	4797
27768	27	4	7	4742	0	4780
27769	16	4803	6	41	0	4866
27770	4767	34	2	37	0	4840
27771	51	10	11	4749	0	4821
27772	28	1	5	4794	0	4828
27773	4630	5	3	67	0	4705
27774	4590	3	6	38	0	4637
27775	56	7	10	4665	0	4738
27776	28	4	7	4610	0	4649
27777	13	5	4444	57	0	4519
27778	4233	5	37	40	0	4315
27779	47	4546	16	13	0	4622
27780	24	38	6	4760	0	4828
27781	19	10	3	4875	0	4907
27782	15	5034	7	68	0	5124
27783	23	57	3	5173	0	5256
27784	5591	19	5	93	0	5708
27785	94	7	1	6519	0	6621
27786	45	7	8	6698	0	6758
27787	41	6	5	6837	0	6889
27788	12	8	6739	191	0	6950
27789	33	5	113	6721	0	6872
27790	8	12	6661	175	0	6856
27791	10	6528	142	85	0	6765
27792	24	121	58	6525	0	6728
27793	28	47	31	6607	0	6713
27794	29	29	26	6714	0	6798
27795	26	27	14	6698	0	6765
27796	24	13	11	6790	0	6838
27797	6467	6	7	244	0	6724
27798	123	10	6524	110	0	6767
27799	51	6401	113	80	0	6645
27800	36	6757	48	62	0	6903
27801	40	144	27	6704	0	6915
27802	34	62	26	6832	0	6954
27803	29	45	15	6767	0	6856
27804	8	6682	9	210	0	6909
27805	19	118	13	6767	0	6917
27806	5	53	6576	186	0	6820
27807	6	6461	121	87	0	6675
27808	31	133	42	6505	0	6711
27809	6375	45	42	180	0	6642
27810	112	38	19	6464	0	6633
27811	53	32	9	6475	0	6569
27812	35	6260	11	193	0	6499
27813	30	6631	16	115	0	6792
27814	38	147	20	6586	0	6791
27815	21	70	14	6626	0	6731
27816	19	55	6513	188	0	6775
27817	24	36	111	6286	0	6457
27818	23	23	47	6390	0	6483
27819	12	26	29	6420	0	6487
27820	12	11	31	6478	0	6532
27821	6229	26	29	258	0	6542
27822	6342	18	16	167	0	6543
27823	156	22	24	6430	0	6632
27824	89	23	18	6641	0	6771
27825	6501	15	18	241	0	6775
27826	158	18	9	6729	0	6914
27827	63	14	6776	250	0	7103
27828	43	6788	125	145	0	7101
27829	53	128	61	6935	0	7177
27830	34	56	50	7057	0	7197
27831	6966	44	47	231	0	7288
27832	122	54	21	7134	0	7331
27833	63	29	14	7284	0	7390
27834	7162	19	14	278	0	7473
27835	151	28	17	7275	0	7471
27836	64	7238	12	249	0	7563
27837	63	159	11	7574	0	7807
27838	48	65	17	7856	0	7986
27839	47	54	25	7814	0	7940
27840	46	48	11	7888	0	7993
27841	31	35	7579	290	0	7935
27842	33	24	7496	184	0	7737
27843	22	29	169	7657	0	7877
27844	30	33	79	7634	0	7776
27845	12	7618	56	263	0	7949
27846	24	147	50	7511	0	7732
27847	13	7508	34	260	0	7815
27848	7436	176	27	173	0	7812
27849	144	7786	30	133	0	8093
27850	85	170	22	7942	0	8219
27851	55	83	11	8128	0	8277
27852	29	56	7909	280	0	8274
27853	7572	47	135	186	0	7940
27854	7588	29	53	167	0	7837
27855	186	7583	46	122	0	7937
27856	109	147	40	7575	0	7871
27857	74	74	7914	202	0	8264
27858	45	8022	155	131	0	8353
27859	7953	168	58	142	0	8321
27860	7962	71	64	130	0	8227
27861	199	63	7699	90	0	8051
27862	7755	43	135	97	0	8030
27863	216	38	52	7808	0	8114
27864	102	7804	50	192	0	8148
27865	7829	146	31	140	0	8146
27866	197	75	24	7821	0	8117
27867	7869	55	22	227	0	8173
27868	8205	46	17	147	0	8415
27869	235	35	27	8116	0	8413
27870	107	46	8212	253	0	8618
27871	8276	18	142	178	0	8614
27872	8512	34	65	126	0	8737
27873	8555	22	55	126	0	8758
27874	227	8641	45	103	0	9016
27875	143	148	38	8665	0	8994
27876	120	69	28	8955	0	9172
27877	68	65	8869	264	0	9266
27878	58	61	149	8739	0	9007
27879	58	8721	66	255	0	9100
27880	8516	159	50	141	0	8866
27881	168	8523	26	106	0	8823
27882	86	168	8413	76	0	8743
27883	56	8488	151	77	0	8772
27884	58	8327	74	70	0	8529
27885	83	93	82	7186	0	7444
27886	7186	42	23	97	0	7348
27887	7132	18	10	61	0	7221
27888	7107	14	6	51	0	7178
27889	99	7289	13	25	0	7426
27890	41	73	7253	21	0	7388
27891	7187	37	70	37	0	7331
27892	7378	20	29	39	0	7466
27893	102	7288	17	24	0	7431
27894	7426	74	12	35	0	7547
27895	102	41	8	7432	0	7583
27896	51	29	7758	78	0	7916
27897	7723	15	74	66	0	7878
27898	7812	19	28	47	0	7906
27899	8040	11	15	30	0	8096
27900	128	8	8	7894	0	8038
27901	63	21	8	8091	0	8183
27902	40	10	9	8465	0	8524
27903	25	8468	22	133	0	8648
27904	89	107	12	8632	0	8840
27905	40	41	6	9532	0	9619
27906	36	36	9551	170	0	9793
27907	41	19	142	9516	0	9718
27908	33	14	46	9745	0	9838
27909	52	16	30	9747	0	9845
27910	66	18	12	9700	0	9796
27911	30	9614	20	222	0	9886
27912	45	155	18	9693	0	9911
27913	48	45	24	9670	0	9787
27914	9519	33	17	242	0	9811
27915	161	30	9453	110	0	9754
27916	66	28	9247	78	0	9419
27917	9112	32	181	103	0	9428
27918	9478	24	70	83	0	9655
27919	214	21	40	9031	0	9306
27920	73	9388	26	172	0	9659
27921	9409	147	30	97	0	9683
27922	210	54	24	9248	0	9536
27923	74	9484	35	175	0	9768
27924	9402	142	17	103	0	9664
27925	170	9476	16	66	0	9728
27926	9297	155	25	75	0	9552
27927	9127	48	18	70	0	9263
27928	196	8954	24	31	0	9205
27929	107	145	22	8910	0	9184
27930	60	57	8861	163	0	9141
27931	67	62	137	8693	0	8959
27932	8719	30	37	191	0	8977
27933	162	48	8622	64	0	8896
27934	76	8566	131	48	0	8821
27935	85	155	38	8458	0	8736
27936	38	64	8450	154	0	8706
27937	40	8281	139	71	0	8531
27938	8256	148	48	78	0	8530
27939	174	49	39	8240	0	8502
27940	84	38	23	8332	0	8477
27941	52	31	31	8289	0	8403
27942	29	8226	28	184	0	8467
27943	8169	135	27	111	0	8442
27944	137	8105	38	69	0	8349
27945	57	8316	17	49	0	8439
27946	8276	148	23	73	0	8520
27947	8311	65	20	70	0	8466
27948	165	51	8118	52	0	8386
27949	7875	35	122	61	0	8093
27950	7892	37	46	47	0	8022
27951	190	36	24	7730	0	7980
27952	81	36	7683	146	0	7946
27953	85	28	124	7655	0	7892
27954	7776	25	42	200	0	8043
27955	165	27	7894	63	0	8149
27956	95	26	136	8361	0	8618
27957	101	20	50	9030	0	9201
27958	69	25	38	9880	0	10012
27959	9789	26	28	326	0	10169
27960	242	9944	34	120	0	10340
27961	10005	220	29	104	0	10358
27962	272	75	10033	63	0	10443
27963	132	47	223	9707	0	10109
27964	69	10089	77	273	0	10508
27965	10159	225	53	137	0	10574
27966	269	82	33	10159	0	10543
27967	111	52	9990	270	0	10423
27968	98	37	220	9823	0	10178
27969	9518	33	86	308	0	9945
27970	226	9499	54	130	0	9909
27971	124	240	33	8829	0	9226
27972	71	9388	35	242	0	9736
27973	9288	246	28	128	0	9690
27974	9221	93	27	111	0	9452
27975	290	9083	31	78	0	9482
27976	8998	228	23	82	0	9331
27977	296	89	29	8632	0	9046
27978	115	8824	32	219	0	9190
27979	8773	236	26	117	0	9152
27980	8951	93	23	88	0	9155
27981	288	8618	18	60	0	8984
27982	132	8672	10	66	0	8880
27983	8526	246	19	54	0	8845
27984	281	107	16	8447	0	8851
27985	8525	84	8	235	0	8852
27986	298	57	12	8493	0	8860
27987	121	65	8321	241	0	8748
27988	105	74	175	8502	0	8856
27989	8375	46	53	259	0	8733
27990	264	48	8366	103	0	8781
27991	137	48	198	8384	0	8767
27992	123	38	67	8605	0	8833
27993	67	41	8432	285	0	8825
27994	8191	33	209	149	0	8582
27995	273	32	71	8324	0	8700
27996	107	35	7916	242	0	8300
27997	7495	37	211	134	0	7877
27998	224	7878	95	99	0	8296
27999	92	7840	65	87	0	8084
28000	82	8012	45	75	0	8214
28001	54	241	7551	69	0	7915
28002	94	153	200	7179	0	7626
28003	50	51	7177	209	0	7487
28004	70	159	179	6247	0	6655
28005	27	6128	67	200	0	6422
28006	34	6148	47	71	0	6300
28007	85	166	26	6024	0	6301
28008	5990	78	23	184	0	6275
28009	172	49	20	6098	0	6339
28010	72	36	18	6087	0	6213
28011	40	6030	37	173	0	6280
28012	5939	141	15	105	0	6200
28013	151	6040	21	57	0	6269
28014	75	156	17	6018	0	6266
28015	55	76	21	6025	0	6177
28016	43	5963	14	208	0	6228
28017	58	150	24	6050	0	6282
28018	6011	73	14	193	0	6291
28019	173	66	11	6059	0	6309
28020	97	51	24	6042	0	6214
28021	76	5980	21	208	0	6285
28022	83	152	29	6063	0	6327
28023	5755	84	22	208	0	6069
28024	5951	57	16	116	0	6140
28025	6000	57	27	98	0	6182
28026	220	41	23	5945	0	6229
28027	105	46	5842	188	0	6181
28028	88	51	5878	101	0	6118
28029	80	43	166	5923	0	6212
28030	5941	64	60	203	0	6268
28031	182	55	29	6020	0	6286
28032	6084	42	31	210	0	6367
28033	214	50	26	6137	0	6427
28034	122	37	27	6245	0	6431
28035	6146	54	22	216	0	6438
28036	211	49	5968	100	0	6328
28037	6024	48	140	87	0	6299
28038	204	40	5945	77	0	6266
28039	123	41	153	5899	0	6216
28040	6016	42	60	184	0	6302
28041	204	56	6074	96	0	6430
28042	111	43	6155	60	0	6369
28043	6052	34	186	73	0	6345
28044	201	38	6152	76	0	6467
28045	93	6045	178	75	0	6391
28046	79	151	71	6283	0	6584
28047	6635	60	62	220	0	6977
28048	191	41	6769	97	0	7098
28049	6794	27	169	104	0	7094
28050	7025	23	85	88	0	7221
28051	7007	22	73	97	0	7199
28052	7036	27	44	87	0	7194
28053	234	67	55	6729	0	7085
28054	115	6715	56	180	0	7066
28055	6581	141	39	119	0	6880
28056	164	48	5998	65	0	6275
28057	54	4874	86	31	0	5045
28058	4269	54	48	30	0	4401
28059	57	3968	28	13	0	4066
28060	23	4152	8	10	0	4193
28061	105	58	43	4036	0	4242
28062	25	13	11	4120	0	4169
28063	25	9	11	4141	0	4186
28064	4198	3	7	76	0	4284
28065	4352	9	8	33	0	4402
28066	77	10	5	4468	0	4560
28067	46	4	11	4829	0	4890
28068	15	11	5084	86	0	5196
28069	5052	8	73	48	0	5181
28070	5251	4	16	22	0	5293
28071	105	9	21	5207	0	5342
28072	47	7	7	5280	0	5341
28073	31	6	5215	95	0	5347
28074	30	2	80	5212	0	5324
28075	28	3	5315	94	0	5440
28076	27	5301	90	21	0	5439
28077	22	71	5377	30	0	5500
28078	38	21	87	5275	0	5421
28079	17	13	5466	88	0	5584
28080	10	14	5358	19	0	5401
28081	5418	9	90	35	0	5552
28082	97	17	35	5732	0	5881
28083	21	14	5772	90	0	5897
28084	5536	7	90	34	0	5667
28085	91	10	5824	29	0	5954
28086	30	9	6109	20	0	6168
28087	32	6168	98	41	0	6339
28088	43	77	42	6120	0	6282
28089	28	20	6144	91	0	6283
28090	27	14	5985	26	0	6052
28091	39	11	104	5986	0	6140
28092	44	11	40	6042	0	6137
28093	27	6114	32	101	0	6274
28094	36	80	26	6191	0	6333
28095	6283	18	28	125	0	6454
28096	6306	18	29	65	0	6418
28097	6408	4	31	65	0	6508
28098	119	16	31	6231	0	6397
28099	48	6262	28	109	0	6447
28100	6290	79	26	61	0	6456
28101	89	6235	33	46	0	6403
28102	40	6129	26	42	0	6237
28103	35	6233	31	40	0	6339
28104	6269	93	34	44	0	6440
28105	104	36	35	6221	0	6396
28106	46	27	27	6222	0	6322
28107	34	6246	30	105	0	6415
28108	6163	92	30	55	0	6340
28109	97	32	6151	28	0	6308
28110	48	28	97	6152	0	6325
28111	6150	16	39	117	0	6322
28112	95	6319	47	42	0	6503
28113	6517	79	33	66	0	6695
28114	112	37	30	6585	0	6764
28115	42	6715	35	93	0	6885
28116	41	85	6647	32	0	6805
28117	6597	35	83	54	0	6769
28118	108	29	35	6751	0	6923
28119	6833	20	36	111	0	7000
28120	114	29	24	6803	0	6970
28121	39	6751	26	118	0	6934
28122	46	92	6854	42	0	7034
28123	37	34	6897	44	0	7012
28124	52	53	91	6799	0	6995
28125	6874	16	45	109	0	7044
28126	6911	27	25	47	0	7010
28127	97	20	26	6845	0	6988
28128	59	19	22	6842	0	6942
28129	6913	17	23	117	0	7070
28130	101	20	24	6966	0	7111
28131	6969	22	18	121	0	7130
28132	88	6971	13	46	0	7118
28133	6920	79	24	71	0	7094
28134	113	34	7118	39	0	7304
28135	52	28	84	7133	0	7297
28136	64	16	38	7254	0	7372
28137	63	26	34	7257	0	7380
28138	50	7043	31	120	0	7244
28139	40	6762	34	81	0	6917
28140	40	83	31	7101	0	7255
28141	31	38	7014	104	0	7187
28142	33	33	87	6982	0	7135
28143	32	29	36	7114	0	7211
28144	31	6822	42	299	0	7194
28145	6928	76	42	63	0	7109
28146	85	6713	36	48	0	6882
28147	29	6751	33	48	0	6861
28148	45	79	32	6706	0	6862
28149	50	31	29	6744	0	6854
28150	41	24	16	6684	0	6765
28151	46	23	32	6721	0	6822
28152	6656	24	33	112	0	6825
28153	76	6624	41	65	0	6806
28154	6720	79	33	63	0	6895
28155	6918	34	28	56	0	7036
28156	80	31	25	6907	0	7043
28157	49	13	23	6969	0	7054
28158	6921	22	28	117	0	7088
28159	6986	21	11	79	0	7097
28160	96	46	9	6836	0	6987
28161	57	47	9	6823	0	6936
28162	46	30	6770	107	0	6953
28163	54	6609	63	50	0	6776
28164	51	6858	18	40	0	6967
28165	6649	58	15	55	0	6777
28166	75	22	6732	38	0	6867
28167	46	21	6169	25	0	6261
28168	5783	25	48	31	0	5887
28169	5932	8	12	43	0	5995
28170	41	6368	11	13	0	6433
28171	17	6641	10	21	0	6689
28172	21	26	3	6735	0	6785
28173	6950	15	5	70	0	7040
28174	6999	11	2	43	0	7055
28175	7066	11	6	34	0	7117
28176	50	12	2	7077	0	7141
28177	30	10	6	7110	0	7156
28178	18	10	7074	43	0	7145
28179	23	11	6599	21	0	6654
28180	14	18	6996	22	0	7050
28181	37	128	28	6812	0	7005
28182	6692	9	14	48	0	6763
28183	29	10	6929	13	0	6981
28184	16	6	26	6910	0	6958
28185	11	7053	9	33	0	7106
28186	10	19	7	7052	0	7088
28187	15	8	4	7143	0	7170
28188	9	13	7410	54	0	7486
28189	18	5	40	7353	0	7416
28190	7935	7	10	78	0	8030
28191	76	9	8223	16	0	8324
28192	35	9	73	8218	0	8335
28193	28	9	8486	76	0	8599
28194	14	8569	92	34	0	8709
28195	15	89	8654	26	0	8784
28196	26	29	98	8327	0	8480
28197	29	21	33	8744	0	8827
28198	9	21	9019	116	0	9165
28199	27	9	95	8836	0	8967
28200	34	8	34	8827	0	8903
28201	10	8888	21	134	0	9053
28202	15	83	9120	44	0	9262
28203	40	26	109	8965	0	9140
28204	31	18	38	9291	0	9378
28205	8	9263	34	132	0	9437
28206	24	107	21	9474	0	9626
28207	9408	30	17	161	0	9616
28208	111	22	12	9483	0	9628
28209	28	20	9555	149	0	9752
28210	9441	7	121	90	0	9659
28211	10257	8	42	84	0	10391
28212	167	18	10316	37	0	10538
28213	9919	9	155	70	0	10153
28214	170	10344	59	36	0	10609
28215	81	136	45	10513	0	10775
28216	67	50	30	11544	0	11691
28217	54	34	30	11507	0	11625
28218	60	28	20	11744	0	11852
28219	36	19	17	11826	0	11898
28220	11623	9	26	309	0	11967
28221	191	11	11508	142	0	11852
28222	11109	7	182	137	0	11435
28223	211	19	11405	72	0	11707
28224	117	11	205	11354	0	11687
28225	11452	20	93	252	0	11817
28226	234	21	61	11364	0	11680
28227	90	11499	45	247	0	11881
28228	11777	176	38	167	0	12158
28229	242	62	33	12208	0	12545
28230	100	52	11563	256	0	11971
28231	11415	32	177	166	0	11790
28232	225	12398	73	103	0	12799
28233	110	185	12660	79	0	13034
28234	98	64	234	12365	0	12761
28235	108	43	93	12120	0	12364
28236	62	12389	70	281	0	12802
28237	48	202	12401	160	0	12811
28238	73	76	218	12295	0	12662
28239	60	68	12699	287	0	13114
28240	75	46	243	12552	0	12916
28241	75	34	103	12728	0	12940
28242	55	28	12675	342	0	13100
28243	68	31	234	12612	0	12945
28244	175	50	156	10713	0	11094
28245	72	28	88	13303	0	13491
28246	72	25	76	13359	0	13532
28247	12846	20	77	439	0	13382
28248	255	19	12727	229	0	13230
28249	13153	36	260	199	0	13648
28250	327	29	124	13687	0	14167
28251	163	31	89	13955	0	14238
28252	116	31	89	13865	0	14101
28253	77	13660	73	410	0	14220
28254	13810	247	54	273	0	14384
28255	297	98	69	14171	0	14635
28256	116	14117	73	359	0	14665
28257	110	258	49	14403	0	14820
28258	14401	94	62	426	0	14983
28259	14457	71	72	229	0	14829
28260	14346	55	58	195	0	14654
28261	346	14290	76	148	0	14860
28262	159	267	14395	146	0	14967
28263	14241	96	261	182	0	14780
28264	14536	79	115	190	0	14920
28265	349	14528	87	161	0	15125
28266	14504	268	79	176	0	15027
28267	14351	107	71	179	0	14708
28268	14633	68	62	186	0	14949
28269	379	14928	65	187	0	15559
28270	231	276	70	14940	0	15517
28271	14996	92	78	388	0	15554
28272	15363	77	42	218	0	15700
28273	14968	66	61	184	0	15279
28274	15163	56	43	190	0	15452
28275	455	59	43	14914	0	15471
28276	254	60	14776	365	0	15455
28277	222	53	278	14742	0	15295
28278	178	14946	99	373	0	15596
28279	177	281	72	15443	0	15973
28280	139	118	15533	399	0	16189
28281	15552	76	303	250	0	16181
28282	422	82	111	15924	0	16539
28283	15770	71	78	422	0	16341
28284	16056	72	67	246	0	16441
28285	520	60	67	16064	0	16711
28286	251	59	16022	393	0	16725
28287	243	57	15250	185	0	15735
28288	14895	61	342	189	0	15487
28289	401	15305	163	133	0	16002
28290	202	14920	88	118	0	15328
28291	151	15070	79	111	0	15411
28292	139	15529	75	116	0	15859
28293	14969	336	131	144	0	15580
28294	15045	135	68	124	0	15372
28295	14976	86	45	114	0	15221
28296	15024	78	38	115	0	15255
28297	424	93	39	14588	0	15144
28298	202	14437	59	275	0	14973
28299	14510	251	47	167	0	14975
28300	356	112	14527	92	0	15087
28301	211	14570	226	106	0	15113
28302	190	235	14547	103	0	15075
28303	14308	127	240	117	0	14792
28304	14698	81	105	124	0	15008
28305	14675	76	80	120	0	14951
28306	376	79	53	14549	0	15057
28307	212	73	14711	259	0	15255
28308	173	14623	227	144	0	15167
28309	14360	233	103	132	0	14828
28310	330	14202	79	93	0	14704
28311	181	13581	44	107	0	13913
28312	157	13433	59	308	0	13957
28313	138	13760	53	96	0	14047
28314	140	234	13220	67	0	13661
28315	106	13278	220	74	0	13678
28316	12281	171	102	76	0	12630
28317	193	74	38	12280	0	12585
28318	107	58	28	12420	0	12613
28319	12355	52	34	192	0	12633
28320	180	12255	46	75	0	12556
28321	113	157	12638	57	0	12965
28322	127	66	133	12485	0	12811
28323	106	44	49	12790	0	12989
28324	125	38	36	12873	0	13072
28325	79	61	12730	179	0	13049
28326	72	53	12640	65	0	12830
28327	103	46	160	12657	0	12966
28328	89	54	12680	132	0	12955
28329	85	62	11915	65	0	12127
28330	11046	50	168	89	0	11353
28331	155	12019	70	53	0	12297
28332	91	11633	29	56	0	11809
28333	78	11985	44	69	0	12176
28334	96	155	42	11800	0	12093
28335	78	12316	34	112	0	12540
28336	12430	124	46	114	0	12714
28337	149	65	12598	55	0	12867
28338	12708	43	144	70	0	12965
28339	183	48	55	12943	0	13229
28340	101	46	48	13088	0	13283
28341	61	13476	43	175	0	13755
28342	13411	173	48	108	0	13740
28343	13501	74	60	81	0	13716
28344	243	14350	38	55	0	14686
28345	136	248	32	13926	0	14342
28346	82	100	14205	209	0	14596
28347	76	53	14180	85	0	14394
28348	54	14504	277	60	0	14895
28349	14303	269	99	99	0	14770
28350	261	79	14281	25	0	14646
28351	142	42	237	13956	0	14377
28352	14257	41	84	281	0	14663
28353	14482	47	34	118	0	14681
28354	311	17053	44	52	0	17460
28355	117	17832	55	39	0	18043
28356	17791	439	40	65	0	18335
28357	404	149	17764	36	0	18353
28358	17673	79	372	75	0	18199
28359	18077	49	128	64	0	18318
28360	541	47	67	17678	0	18333
28361	204	58	18117	355	0	18734
28362	127	59	17997	109	0	18292
28363	17407	44	469	123	0	18043
28364	439	54	18191	36	0	18720
28365	17320	32	451	67	0	17870
28366	17919	48	155	82	0	18204
28367	505	17775	99	40	0	18419
28368	240	377	17813	30	0	18460
28369	121	17456	417	40	0	18034
28370	17219	407	158	77	0	17861
28371	447	149	17156	31	0	17783
28372	253	108	416	16423	0	17200
28373	144	70	17134	351	0	17699
28374	124	59	17214	106	0	17503
28375	118	52	17210	69	0	17449
28376	104	64	17095	37	0	17300
28377	106	16571	547	50	0	17274
28378	107	397	16599	25	0	17128
28379	86	16334	468	47	0	16935
28380	103	401	16115	32	0	16651
28381	15701	153	466	79	0	16399
28382	471	87	206	14954	0	15718
28383	184	16004	167	292	0	16647
28384	15714	382	118	165	0	16379
28385	15884	144	143	120	0	16291
28386	14958	149	139	112	0	15358
28387	15747	73	146	77	0	16043
28388	519	15576	149	54	0	16298
28389	14898	410	113	110	0	15531
28390	15708	166	133	95	0	16102
28391	520	15074	130	87	0	15811
28392	221	438	14675	48	0	15382
28393	220	164	434	14292	0	15110
28394	166	14975	211	334	0	15686
28395	137	442	15007	104	0	15690
28396	173	176	15137	84	0	15570
28397	139	14754	535	79	0	15507
28398	167	15075	265	40	0	15547
28399	170	15573	203	64	0	16010
28400	169	15345	138	61	0	15713
28401	15275	589	156	78	0	16098
28402	15532	289	139	101	0	16061
28403	627	204	15379	91	0	16301
28404	338	144	15697	38	0	16217
28405	287	133	607	15181	0	16208
28406	247	162	292	15532	0	16233
28407	248	137	207	15720	0	16312
28408	15409	160	190	576	0	16335
28409	533	15434	185	227	0	16379
28410	304	16057	182	135	0	16678
28411	287	16491	189	89	0	17056
28412	15883	696	175	110	0	16864
28413	16287	320	209	104	0	16920
28414	751	271	180	15804	0	17006
28415	16363	181	223	512	0	17279
28416	16567	183	218	205	0	17173
28417	768	188	206	16168	0	17330
28418	16307	191	193	573	0	17264
28419	712	16072	245	220	0	17249
28420	410	549	259	15951	0	17169
28421	338	269	15771	504	0	16882
28422	294	15688	661	202	0	16845
28423	309	619	15849	168	0	16945
28424	355	309	678	14812	0	16154
28425	312	15885	382	454	0	17033
28426	363	591	309	15671	0	16934
28427	351	302	290	16085	0	17028
28428	303	273	15695	664	0	16935
28429	272	234	16520	296	0	17322
28430	314	187	791	16121	0	17413
28431	314	218	444	15765	0	16741
28432	270	16211	391	627	0	17499
28433	15475	637	305	300	0	16717
28434	657	15672	302	221	0	16852
28435	350	16090	256	176	0	16872
28436	266	747	15289	180	0	16482
28437	193	15327	631	177	0	16328
28438	266	654	395	14006	0	15321
28439	201	14903	306	534	0	15944
28440	248	636	249	14285	0	15418
28441	191	14523	260	533	0	15507
28442	14278	618	218	283	0	15397
28443	604	14456	241	188	0	15489
28444	292	615	178	12685	0	13770
28445	237	13440	151	428	0	14256
28446	13148	582	189	188	0	14107
28447	13207	318	107	181	0	13813
28448	592	12976	147	125	0	13840
28449	12593	502	83	127	0	13305
28450	548	386	123	12068	0	13125
28451	251	254	12127	411	0	13043
28452	230	202	12286	201	0	12919
28453	212	12180	458	169	0	13019
28454	8800	274	186	112	0	9372
28455	8786	104	68	74	0	9032
28456	283	88	8507	71	0	8949
28457	122	87	8486	70	0	8765
28458	8201	58	263	73	0	8595
28459	8467	82	92	72	0	8713
28460	284	74	8192	68	0	8618
28461	7696	76	229	71	0	8072
28462	245	7803	82	61	0	8191
28463	98	8100	72	63	0	8333
28464	95	278	63	7764	0	8200
28465	97	133	76	7901	0	8207
28466	7828	98	60	266	0	8252
28467	7854	94	47	119	0	8114
28468	7902	67	53	101	0	8123
28469	297	78	46	7691	0	8112
28470	135	62	54	7784	0	8035
28471	103	7318	55	253	0	7729
28472	89	7569	40	117	0	7815
28473	81	7787	46	84	0	7998
28474	104	270	41	7310	0	7725
28475	93	7569	38	198	0	7898
28476	83	272	7357	73	0	7785
28477	7074	136	190	80	0	7480
28478	246	110	7349	70	0	7775
28479	112	104	7334	60	0	7610
28480	7088	85	239	86	0	7498
28481	240	7269	100	56	0	7665
28482	7289	237	74	74	0	7674
28483	7402	110	58	80	0	7650
28484	292	85	7226	69	0	7672
28485	138	104	7370	48	0	7660
28486	129	7399	249	51	0	7828
28487	114	246	7449	60	0	7869
28488	121	114	241	7433	0	7909
28489	142	111	117	6701	0	7071
28490	94	7388	93	242	0	7817
28491	114	7720	80	96	0	8010
28492	7486	301	82	95	0	7964
28493	7791	144	71	90	0	8096
28494	281	136	66	7677	0	8160
28495	157	109	60	7882	0	8208
28496	7698	82	57	264	0	8101
28497	7790	80	65	136	0	8071
28498	297	7778	78	96	0	8249
28499	7347	214	53	70	0	7684
28500	269	7029	56	54	0	7408
28501	112	7367	57	58	0	7594
28502	7273	234	55	88	0	7650
28503	7316	155	36	64	0	7571
28504	276	124	42	7134	0	7576
28505	7168	95	29	188	0	7480
28506	267	69	7094	76	0	7506
28507	140	7134	176	80	0	7530
28508	7138	184	67	83	0	7472
28509	219	75	7098	65	0	7457
28510	106	101	173	6375	0	6755
28511	99	6483	57	127	0	6766
28512	98	6747	55	43	0	6943
28513	6744	188	61	48	0	7041
28514	178	94	6554	39	0	6865
28515	6254	69	153	26	0	6502
28516	209	26	66	6292	0	6593
28517	108	43	6273	117	0	6541
28518	6254	41	143	69	0	6507
28519	182	6585	60	42	0	6869
28520	72	6899	62	36	0	7069
28521	6929	156	64	35	0	7184
28522	6954	74	39	55	0	7122
28523	7124	55	28	70	0	7277
28524	207	47	22	7035	0	7311
28525	127	44	27	7069	0	7267
28526	94	38	6996	125	0	7253
28527	81	26	6779	70	0	6956
28528	65	6979	116	68	0	7228
28529	62	95	60	6469	0	6686
28530	6376	32	46	82	0	6536
28531	88	6422	13	52	0	6575
28532	45	80	10	6501	0	6636
28533	6508	41	21	72	0	6642
28534	78	6516	27	37	0	6658
28535	42	7049	10	40	0	7141
28536	55	76	6834	16	0	6981
28537	6730	58	72	30	0	6890
28538	6937	32	22	39	0	7030
28539	82	33	6812	21	0	6948
28540	6439	18	61	31	0	6549
28541	78	21	6734	8	0	6841
28542	29	6633	60	10	0	6732
28543	50	83	29	6598	0	6760
28544	6591	24	30	61	0	6706
28545	49	6522	24	15	0	6610
28546	37	6623	11	14	0	6685
28547	6423	34	10	22	0	6489
28548	35	29	6899	8	0	6971
28549	6677	24	40	41	0	6782
28550	41	7060	17	5	0	7123
28551	29	32	6910	5	0	6976
28552	6856	16	27	18	0	6917
28553	7060	11	10	14	0	7095
28554	49	13	11	7029	0	7102
28555	26	8	12	7104	0	7150
28556	23	7131	3	32	0	7189
28557	23	29	7183	16	0	7251
28558	29	9	33	7264	0	7335
28559	10	23	7619	41	0	7693
28560	9	11	7523	12	0	7555
28561	25	6	52	7985	0	8068
28562	15	12	8122	64	0	8213
28563	14	4	8103	18	0	8139
28564	19	11	78	8098	0	8206
28565	6	13	8326	65	0	8410
28566	7796	7	82	35	0	7920
28567	64	8129	32	24	0	8249
28568	23	53	8440	16	0	8532
28569	23	20	9079	13	0	9135
28570	42	28	79	8922	0	9071
28571	9487	10	38	78	0	9613
28572	9541	6	30	38	0	9615
28573	9495	13	20	36	0	9564
28574	9577	7	20	36	0	9640
28575	100	7	17	9454	0	9578
28576	46	12	9710	62	0	9830
28577	9807	6	65	45	0	9923
28578	10014	5	21	51	0	10091
28579	10098	4	23	37	0	10162
28580	99	11	9867	7	0	9984
28581	9646	13	57	25	0	9741
28582	91	10	30	10339	0	10470
28583	37	10542	28	78	0	10685
28584	46	87	25	10402	0	10560
28585	23	10612	17	82	0	10734
28586	10699	72	19	43	0	10833
28587	93	25	10915	20	0	11053
28588	56	16	88	10639	0	10799
28589	22	10893	36	88	0	11039
28590	20	11197	29	30	0	11276
28591	11165	110	23	46	0	11344
28592	11157	32	16	42	0	11247
28593	114	31	10862	13	0	11020
28594	10912	14	105	40	0	11071
28595	151	10	35	10988	0	11184
28596	56	14	11354	103	0	11527
28597	55	19	11202	34	0	11310
28598	55	18	128	11525	0	11726
28599	12216	14	47	168	0	12445
28600	165	10	41	12150	0	12366
28601	78	5	32	12167	0	12282
28602	65	10	27	12184	0	12286
28603	40	12292	24	184	0	12540
28604	49	131	21	12409	0	12610
28605	12156	33	21	208	0	12418
28606	152	12153	26	73	0	12404
28607	81	143	21	12339	0	12584
28608	12255	42	15	196	0	12508
28609	156	12017	26	64	0	12263
28610	51	12256	35	63	0	12405
28611	73	173	38	12265	0	12549
28612	12050	65	23	194	0	12332
28613	175	51	11954	72	0	12252
28614	72	45	11593	63	0	11773
28615	11954	37	173	87	0	12251
28616	12563	40	67	80	0	12750
28617	216	12679	56	48	0	12999
28618	139	172	43	12377	0	12731
28619	83	67	12429	171	0	12750
28620	58	60	11986	75	0	12179
28621	58	37	12929	70	0	13094
28622	65	12777	262	45	0	13149
28623	46	13047	112	41	0	13246
28624	12823	240	72	84	0	13219
28625	217	88	12913	63	0	13281
28626	12567	60	216	83	0	12926
28627	12933	43	95	80	0	13151
28628	265	52	13068	45	0	13430
28629	136	13433	234	66	0	13869
28630	148	230	85	13051	0	13514
28631	72	93	13622	231	0	14018
28632	76	84	13168	95	0	13423
28633	12852	60	267	128	0	13307
28634	238	13428	124	56	0	13846
28635	127	232	94	12956	0	13409
28636	103	112	74	13018	0	13307
28637	73	12965	55	286	0	13379
28638	70	13308	73	109	0	13560
28639	72	13499	66	83	0	13720
28640	93	324	39	13775	0	14231
28641	14149	142	45	309	0	14645
28642	310	97	48	14369	0	14824
28643	122	84	14316	327	0	14849
28644	81	72	14237	140	0	14530
28645	99	77	348	14355	0	14879
28646	78	62	14469	308	0	14917
28647	72	14405	336	146	0	14959
28648	130	289	132	14826	0	15377
28649	15290	107	114	392	0	15903
28650	15341	93	92	174	0	15700
28651	402	15461	81	139	0	16083
28652	15464	370	85	134	0	16053
28653	15843	148	75	127	0	16193
28654	15895	116	90	123	0	16224
28655	483	102	14538	101	0	15224
28656	15050	77	323	134	0	15584
28657	431	15199	137	99	0	15866
28658	168	366	15134	80	0	15748
28659	159	136	15045	87	0	15427
28660	132	14972	429	92	0	15625
28661	14773	360	211	100	0	15444
28662	438	146	139	14283	0	15006
28663	198	14350	94	319	0	14961
28664	14485	347	95	175	0	15102
28665	418	155	107	14562	0	15242
28666	14747	130	76	418	0	15371
28667	479	94	85	14809	0	15467
28668	210	102	14493	409	0	15214
28669	140	109	13927	179	0	14355
28670	146	115	14080	132	0	14473
28671	181	110	468	13543	0	14302
28672	174	108	212	14130	0	14624
28673	137	100	13968	473	0	14678
28674	139	13863	409	227	0	14638
28675	14036	373	185	178	0	14772
28676	13912	172	163	119	0	14366
28677	489	13917	154	114	0	14674
28678	302	421	123	13986	0	14832
28679	216	166	14361	404	0	15147
28680	14046	126	457	203	0	14832
28681	473	112	14393	149	0	15127
28682	249	107	13584	110	0	14050
28683	186	100	13859	113	0	14258
28684	13238	117	523	120	0	13998
28685	446	107	13515	100	0	14168
28686	235	12882	440	126	0	13683
28687	212	13365	240	75	0	13892
28688	199	429	188	12677	0	13493
28689	186	185	163	12959	0	13493
28690	170	118	12833	423	0	13544
28691	12457	105	405	220	0	13187
28692	13017	111	206	157	0	13491
28693	491	105	196	12792	0	13584
28694	12776	89	162	384	0	13411
28695	416	12728	167	179	0	13490
28696	12468	338	152	166	0	13124
28697	408	12139	151	153	0	12851
28698	215	12327	136	115	0	12793
28699	11709	368	111	157	0	12345
28700	11699	157	143	140	0	12139
28701	12056	129	126	110	0	12421
28702	12165	102	129	128	0	12524
28703	490	94	11422	116	0	12122
28704	11429	90	358	129	0	12006
28705	441	100	179	11122	0	11842
28706	226	11383	163	299	0	12071
28707	11390	316	130	177	0	12013
28708	399	11395	148	113	0	12055
28709	11477	334	126	112	0	12049
28710	456	152	122	11302	0	12032
28711	267	136	122	11536	0	12061
28712	210	122	10998	390	0	11720
28713	212	110	11309	184	0	11815
28714	184	11335	386	129	0	12034
28715	10963	306	203	132	0	11604
28716	396	10726	139	117	0	11378
28717	221	10489	141	102	0	10953
28718	218	10937	128	86	0	11369
28719	224	368	10499	81	0	11172
28720	178	10716	313	85	0	11292
28721	9909	307	144	104	0	10464
28722	9971	172	109	112	0	10364
28723	418	128	117	9546	0	10209
28724	201	9517	118	265	0	10101
28725	177	9851	79	133	0	10240
28726	199	334	80	9635	0	10248
28727	170	154	9611	277	0	10212
28728	174	9288	276	116	0	9854
28729	209	310	124	8901	0	9544
28730	8696	146	89	282	0	9213
28731	8806	145	89	151	0	9191
28732	352	8879	90	91	0	9412
28733	8963	291	88	82	0	9424
28734	9006	148	78	90	0	9322
28735	385	134	75	8646	0	9240
28736	195	125	8488	247	0	9055
28737	154	8526	248	140	0	9068
28738	174	298	128	8286	0	8886
28739	140	164	8264	213	0	8781
28740	143	7888	211	120	0	8362
28741	7306	231	117	90	0	7744
28742	7346	111	74	77	0	7608
28743	272	107	56	7138	0	7573
28744	136	7189	74	174	0	7573
28745	126	208	7155	81	0	7570
28746	139	134	192	6950	0	7415
28747	108	104	7066	190	0	7468
28748	85	6329	148	83	0	6645
28749	183	158	88	5422	0	5851
28750	5429	67	48	123	0	5667
28751	114	5360	44	65	0	5583
28752	5276	119	26	59	0	5480
28753	5202	71	38	53	0	5364
28754	160	5228	33	49	0	5470
28755	91	124	38	5201	0	5454
28756	75	75	27	5234	0	5411
28757	69	5052	26	132	0	5279
28758	60	5201	26	74	0	5361
28759	71	134	25	4925	0	5155
28760	59	5095	24	92	0	5270
28761	5052	112	29	56	0	5249
28762	5036	56	35	40	0	5167
28763	124	56	4958	40	0	5178
28764	71	44	4810	34	0	4959
28765	4715	43	81	36	0	4875
28766	4782	40	40	41	0	4903
28767	112	4917	22	25	0	5076
28768	4850	103	30	34	0	5017
28769	4833	63	11	36	0	4943
28770	115	4706	19	35	0	4875
28771	4726	111	15	38	0	4890
28772	123	59	19	5406	0	5607
28773	72	45	18	5626	0	5761
28774	36	47	5866	148	0	6097
28775	42	5631	121	46	0	5840
28776	28	5780	35	34	0	5877
28777	5379	199	59	69	0	5706
28778	5382	52	32	56	0	5522
28779	5212	24	13	35	0	5284
28780	5453	15	14	30	0	5512
28781	137	27	5121	20	0	5305
28782	28	30	5302	14	0	5374
28783	32	5315	125	13	0	5485
28784	43	135	26	5266	0	5470
28785	48	34	23	5197	0	5302
28786	33	5352	13	111	0	5509
28787	50	128	15	5226	0	5419
28788	5238	26	16	138	0	5418
28789	129	5245	18	26	0	5418
28790	41	125	5347	24	0	5537
28791	31	5406	117	28	0	5582
28792	5363	128	29	43	0	5563
28793	132	46	5359	21	0	5558
28794	5253	36	131	26	0	5446
28795	5422	28	21	32	0	5503
28796	148	26	5278	20	0	5472
28797	45	32	5277	16	0	5370
28798	35	22	5229	21	0	5307
28799	4911	24	134	20	0	5089
28800	135	21	5159	19	0	5334
28801	40	5051	125	12	0	5228
28802	5024	123	28	20	0	5195
28803	125	24	5049	12	0	5210
28804	4801	25	139	15	0	4980
28805	144	18	4958	7	0	5127
28806	47	21	5138	3	0	5209
28807	39	5144	137	8	0	5328
28808	44	120	5218	3	0	5385
28809	27	27	5188	8	0	5250
28810	44	4746	135	12	0	4937
28811	4997	115	54	14	0	5180
28812	131	29	5077	5	0	5242
28813	46	26	139	4765	0	4976
28814	19	5095	49	100	0	5263
28815	5122	115	30	42	0	5309
28816	5116	31	44	34	0	5225
28817	149	27	5075	13	0	5264
28818	40	4889	127	12	0	5068
28819	29	5079	52	18	0	5178
28820	41	135	42	4816	0	5034
28821	39	4835	40	93	0	5007
28822	81	132	28	4632	0	4873
28823	54	37	40	5012	0	5143
28824	41	5000	31	137	0	5209
28825	37	131	41	4915	0	5124
28826	42	4978	31	123	0	5174
28827	37	133	4921	36	0	5127
28828	47	46	134	4876	0	5103
28829	41	44	36	4912	0	5033
28830	32	4883	37	134	0	5086
28831	39	5051	33	40	0	5163
28832	31	164	29	4790	0	5014
28833	33	4910	40	131	0	5114
28834	4901	144	30	45	0	5120
28835	130	49	43	4872	0	5094
28836	35	4917	42	135	0	5129
28837	4812	153	28	32	0	5025
28838	133	4811	39	35	0	5018
28839	46	136	4779	25	0	4986
28840	49	46	143	4741	0	4979
28841	4785	38	48	140	0	5011
28842	139	52	4815	39	0	5045
28843	60	40	139	4614	0	4853
28844	38	4770	53	110	0	4971
28845	62	134	4662	38	0	4896
28846	42	4757	141	36	0	4976
28847	4554	133	60	28	0	4775
28848	4669	52	49	30	0	4800
28849	136	4629	59	23	0	4847
28850	4548	136	44	23	0	4751
28851	137	47	4545	28	0	4757
28852	45	42	153	4447	0	4687
28853	56	53	45	4414	0	4568
28854	49	4500	51	115	0	4715
28855	4743	130	52	58	0	4983
28856	4949	67	38	49	0	5103
28857	140	55	5004	23	0	5222
28858	4954	36	135	42	0	5167
28859	5118	46	43	27	0	5234
28860	5119	50	41	29	0	5239
28861	163	43	34	4962	0	5202
28862	63	53	38	4976	0	5130
28863	51	5000	40	118	0	5209
28864	4885	120	35	41	0	5081
28865	4877	49	42	58	0	5026
28866	139	4834	34	36	0	5043
28867	55	144	21	4592	0	4812
28868	38	4662	28	99	0	4827
28869	31	4854	23	36	0	4944
28870	4726	122	33	47	0	4928
28871	124	43	4609	42	0	4818
28872	34	33	3771	13	0	3851
28873	34	3686	61	15	0	3796
28874	3241	37	34	17	0	3329
28875	37	17	3238	11	0	3303
28876	14	3081	39	9	0	3143
28877	2956	25	5	17	0	3003
28878	23	10	2903	6	0	2942
28879	11	13	20	2887	0	2931
28880	3115	6	4	30	0	3155
28881	29	7	3222	9	0	3267
28882	11	6	3445	7	0	3469
28883	10	8	3601	6	0	3625
28884	5	3	3583	7	0	3598
28885	3440	17	39	10	0	3506
28886	3737	4	13	5	0	3759
28887	36	3755	5	4	0	3800
28888	13	36	4	3885	0	3938
28889	19	7	1	4006	0	4033
28890	2	3927	2	38	0	3969
28891	7	43	2	3981	0	4033
28892	5	4086	1	56	0	4148
28893	3	4202	2	12	0	4219
28894	14	58	5	4132	0	4209
28895	2	30	4155	46	0	4233
28896	6	4217	45	16	0	4284
28897	10	46	21	4238	0	4315
28898	4249	20	14	60	0	4343
28899	52	17	4242	20	0	4331
28900	4156	5	54	23	0	4238
28901	4308	19	18	12	0	4357
28902	71	5	15	4358	0	4449
28903	33	8	4512	58	0	4611
28904	20	7	4517	21	0	4565
28905	12	4830	79	12	0	4933
28906	18	62	34	4782	0	4896
28907	9	22	4859	64	0	4954
28908	10	14	4817	22	0	4863
28909	6	4908	85	22	0	5021
28910	4922	65	34	15	0	5036
28911	4987	25	17	17	0	5046
28912	91	15	11	5167	0	5284
28913	39	10	5414	74	0	5537
28914	18	14	5379	33	0	5444
28915	10	5614	103	17	0	5744
28916	12	82	5657	12	0	5763
28917	9	35	5622	12	0	5678
28918	22	28	118	5357	0	5525
28919	7	11	5682	80	0	5780
28920	5456	12	100	38	0	5606
28921	87	11	40	5733	0	5871
28922	33	11	5943	91	0	6078
28923	17	5993	102	47	0	6159
28924	22	85	48	6025	0	6180
28925	19	35	6169	86	0	6309
28926	11	6302	98	38	0	6449
28927	16	97	49	6259	0	6421
28928	11	6471	38	90	0	6610
28929	21	105	27	6494	0	6647
28930	20	40	22	6506	0	6588
28931	13	26	6445	129	0	6613
28932	9	6536	110	59	0	6714
28933	19	99	50	6557	0	6725
28934	31	42	43	6569	0	6685
28935	21	29	26	6672	0	6748
28936	10	15	6531	155	0	6711
28937	5	6505	114	66	0	6690
28938	17	97	60	6558	0	6732
28939	8	53	6542	115	0	6718
28940	11	6507	117	60	0	6695
28941	18	111	52	6550	0	6731
28942	3	46	6643	128	0	6820
28943	4	6622	121	61	0	6808
28944	26	110	53	6563	0	6752
28945	19	53	32	6730	0	6834
28946	13	36	6846	151	0	7046
28947	6421	25	125	92	0	6663
28948	88	6843	62	49	0	7042
28949	6881	120	41	50	0	7092
28950	110	56	6949	45	0	7160
28951	6908	36	126	53	0	7123
28952	123	36	59	7004	0	7222
28953	49	32	37	7216	0	7334
28954	30	17	7098	158	0	7303
28955	6484	27	122	94	0	6727
28956	6649	28	63	66	0	6806
28957	122	6615	49	46	0	6832
28958	55	6908	29	45	0	7037
28959	6863	134	40	64	0	7101
28960	123	62	6912	36	0	7133
28961	48	7317	124	38	0	7527
28962	45	128	58	7476	0	7707
28963	39	51	45	7658	0	7793
28964	30	34	7593	151	0	7808
28965	7326	29	128	97	0	7580
28966	120	31	7855	45	0	8051
28967	7700	38	135	45	0	7918
28968	138	28	8213	41	0	8420
28969	54	8282	151	42	0	8529
28970	8368	119	80	56	0	8623
28971	8433	56	47	52	0	8588
28972	8355	39	39	59	0	8492
28973	8427	23	42	54	0	8546
28974	176	22	36	8343	0	8577
28975	83	30	8425	124	0	8662
28976	79	35	126	8231	0	8471
28977	41	8464	71	130	0	8706
28978	51	122	51	8532	0	8756
28979	41	57	8495	134	0	8727
28980	44	45	8469	65	0	8623
28981	50	45	145	8268	0	8508
28982	8184	28	82	136	0	8430
28983	8015	23	53	84	0	8175
28984	8064	23	46	59	0	8192
28985	156	35	8139	41	0	8371
28986	85	34	8089	40	0	8248
28987	50	8096	136	47	0	8329
28988	39	8240	73	46	0	8398
28989	8016	118	85	37	0	8256
28990	8074	52	47	49	0	8222
28991	133	8345	37	42	0	8557
28992	8253	82	39	50	0	8424
28993	8261	43	28	50	0	8382
28994	128	8285	37	32	0	8482
28995	8456	80	32	44	0	8612
28996	8391	40	39	44	0	8514
28997	129	8628	35	35	0	8827
28998	8667	93	31	46	0	8837
28999	8628	51	28	49	0	8756
29000	132	36	8716	24	0	8908
29001	95	35	8599	22	0	8751
29002	60	8559	89	31	0	8739
29003	52	8746	62	24	0	8884
29004	8661	99	80	46	0	8886
29005	8337	41	30	39	0	8447
29006	8270	31	23	29	0	8353
29007	105	8358	32	12	0	8507
29008	60	68	14	8449	0	8591
29009	45	31	8592	59	0	8727
29010	58	56	73	8349	0	8536
29011	36	8605	40	64	0	8745
29012	8477	56	30	34	0	8597
29013	67	8278	16	19	0	8380
29014	64	53	9	8346	0	8472
29015	8892	29	17	79	0	9017
29016	8840	19	11	38	0	8908
29017	94	18	8911	15	0	9038
29018	8935	28	54	28	0	9045
29019	9531	16	21	36	0	9604
29020	9675	17	20	28	0	9740
29021	107	26	20	9372	0	9525
29022	54	9467	19	69	0	9609
29023	70	79	11	9567	0	9727
29024	41	37	9872	83	0	10033
29025	38	9924	88	36	0	10086
29026	51	80	35	9804	0	9970
29027	27	34	9839	75	0	9975
29028	37	9789	83	24	0	9933
29029	59	82	26	9541	0	9708
29030	34	31	9839	73	0	9977
29031	8737	33	89	58	0	8917
29032	91	29	9941	29	0	10090
29033	45	31	9872	17	0	9965
29034	44	10070	88	21	0	10223
29035	56	89	38	10077	0	10260
29036	55	29	34	9920	0	10038
29037	33	9897	30	79	0	10039
29038	50	89	25	10364	0	10528
29039	10415	34	17	148	0	10614
29040	10415	27	23	66	0	10531
29041	104	34	10321	31	0	10490
29042	10369	25	71	54	0	10519
29043	10760	27	24	50	0	10861
29044	123	25	10758	24	0	10930
29045	53	10765	101	23	0	10942
29046	41	10845	40	19	0	10945
29047	55	104	31	10060	0	10250
29048	38	10753	32	71	0	10894
29049	49	117	10120	23	0	10309
29050	48	41	10232	30	0	10351
29051	29	10727	108	25	0	10889
29052	10723	107	42	37	0	10909
29053	10877	45	30	55	0	11007
29054	10969	38	28	45	0	11080
29055	10975	33	24	45	0	11077
29056	10437	42	23	77	0	10579
29057	118	10764	20	23	0	10925
29058	60	112	10695	14	0	10881
29059	77	32	94	10545	0	10748
29060	10488	30	34	120	0	10672
29061	111	10305	32	28	0	10476
29062	64	112	25	10147	0	10348
29063	54	38	10173	90	0	10355
29064	41	9877	99	33	0	10050
29065	28	10137	37	31	0	10233
29066	9707	134	65	85	0	9991
29067	92	9710	24	17	0	9843
29068	62	99	17	9440	0	9618
29069	9451	31	12	103	0	9597
29070	9384	23	15	48	0	9470
29071	9419	26	12	44	0	9501
29072	103	27	9280	16	0	9426
29073	35	9363	85	16	0	9499
29074	9546	93	15	35	0	9689
29075	110	30	16	9421	0	9577
29076	9506	23	17	111	0	9657
29077	111	9417	16	36	0	9580
29078	9802	88	12	49	0	9951
29079	10457	34	11	34	0	10536
29080	172	32	12	10320	0	10536
29081	65	36	10800	118	0	11019
29082	82	21	121	10934	0	11158
29083	11018	22	30	174	0	11244
29084	11054	13	28	71	0	11166
29085	160	10872	25	48	0	11105
29086	10627	127	23	47	0	10824
29087	154	10743	29	30	0	10956
29088	10798	140	16	56	0	11010
29089	10543	49	18	53	0	10663
29090	175	42	10631	24	0	10872
29091	62	10576	130	33	0	10801
29092	82	133	34	10716	0	10965
29093	54	45	32	10844	0	10975
29094	74	39	14	10512	0	10639
29095	33	10630	29	165	0	10857
29096	42	141	10600	59	0	10842
29097	45	60	10679	35	0	10819
29098	34	12688	167	49	0	12938
29099	12707	222	52	63	0	13044
29100	226	94	12715	23	0	13058
29101	12331	58	225	59	0	12673
29102	253	12544	85	28	0	12910
29103	114	243	12679	21	0	13057
29104	111	79	247	12481	0	12918
29105	58	66	12869	225	0	13218
29106	50	64	13121	78	0	13313
29107	117	46	294	12035	0	12492
29108	48	12718	114	212	0	13092
29109	59	13013	84	63	0	13219
29110	12853	293	57	66	0	13269
29111	251	114	12771	33	0	13169
29112	12696	67	237	53	0	13053
29113	12931	39	111	55	0	13136
29114	290	12957	70	46	0	13363
29115	12426	232	34	39	0	12731
29116	12444	97	29	51	0	12621
29117	12101	59	34	44	0	12238
29118	306	11849	37	34	0	12226
29119	132	11136	43	18	0	11329
29120	79	11632	29	27	0	11767
29121	11493	260	58	37	0	11848
29122	11499	102	29	26	0	11656
29123	283	71	11049	15	0	11418
29124	137	53	10900	8	0	11098
29125	11053	42	247	31	0	11373
29126	11286	40	94	38	0	11458
29127	11330	32	57	42	0	11461
29128	287	32	39	10995	0	11353
29129	161	30	28	11143	0	11362
29130	103	31	28	11272	0	11434
29131	93	34	33	11332	0	11492
29132	56	40	10628	263	0	10987
29133	63	28	10830	107	0	11028
29134	59	37	10883	60	0	11039
29135	62	25	10908	41	0	11036
29136	10663	28	262	47	0	11000
29137	207	10740	117	44	0	11108
29138	120	11081	62	30	0	11293
29139	10915	231	44	50	0	11240
29140	229	106	10925	38	0	11298
29141	97	66	10654	30	0	10847
29142	10561	46	282	51	0	10940
29143	10857	34	124	52	0	11067
29144	265	10769	76	21	0	11131
29145	158	199	53	10702	0	11112
29146	10868	87	53	195	0	11203
29147	11067	60	46	84	0	11257
29148	316	58	34	10879	0	11287
29149	155	11271	42	181	0	11649
29150	11321	213	35	108	0	11677
29151	244	101	11059	56	0	11460
29152	10887	58	202	73	0	11220
29153	254	11057	101	55	0	11467
29154	11168	204	70	59	0	11501
29155	10816	109	54	76	0	11055
29156	280	65	11161	39	0	11545
29157	150	53	10972	31	0	11206
29158	10933	45	270	48	0	11296
29159	11238	49	119	48	0	11454
29160	281	11335	87	34	0	11737
29161	177	214	51	11347	0	11789
29162	112	97	11368	180	0	11757
29163	11212	58	237	93	0	11600
29164	267	48	112	11397	0	11824
29165	157	46	79	11580	0	11862
29166	11450	36	72	274	0	11832
29167	248	11685	53	135	0	12121
29168	11818	224	51	91	0	12184
29169	11911	102	55	64	0	12132
29170	12043	61	59	69	0	12232
29171	316	11789	58	72	0	12235
29172	11980	208	57	50	0	12295
29173	301	95	59	11848	0	12303
29174	174	80	43	11895	0	12192
29175	145	61	11903	259	0	12368
29176	152	44	11724	115	0	12035
29177	113	11667	274	61	0	12115
29178	93	12064	129	38	0	12324
29179	105	247	11291	21	0	11664
29180	82	11475	197	34	0	11788
29181	11256	269	128	60	0	11713
29182	11321	90	40	54	0	11505
29183	11468	53	43	42	0	11606
29184	311	47	33	10964	0	11355
29185	174	40	26	11298	0	11538
29186	94	44	11439	238	0	11815
29187	67	11364	178	110	0	11719
29188	11283	198	81	85	0	11647
29189	209	11448	54	40	0	11751
29190	11445	204	33	44	0	11726
29191	11519	84	29	42	0	11674
29192	292	48	33	11206	0	11579
29193	174	33	40	11263	0	11510
29194	118	33	33	11547	0	11731
29195	75	37	11216	267	0	11595
29196	63	10875	177	142	0	11257
29197	51	10867	90	82	0	11090
29198	19	8661	19	23	0	8722
29199	17	8614	16	23	0	8670
29200	20	8713	17	26	0	8776
29201	8264	123	15	33	0	8435
29202	101	49	8394	16	0	8560
29203	45	8418	88	6	0	8557
29204	42	81	8179	7	0	8309
29205	26	8495	84	8	0	8613
29206	105	128	49	6689	0	6971
29207	35	53	22	8120	0	8230
29208	21	8377	18	96	0	8512
29209	8248	81	16	57	0	8402
29210	92	55	8221	21	0	8389
29211	50	8366	69	28	0	8513
29212	33	88	8296	16	0	8433
29213	32	44	78	8197	0	8351
29214	33	36	38	7819	0	7926
29215	28	8237	19	107	0	8391
29216	42	87	20	8323	0	8472
29217	40	51	20	8407	0	8518
29218	26	8435	22	121	0	8604
29219	24	100	8348	48	0	8520
29220	37	51	8257	27	0	8372
29221	7961	34	105	46	0	8146
29222	8511	29	43	36	0	8619
29223	121	34	26	8245	0	8426
29224	60	31	8310	82	0	8483
29225	45	31	81	8086	0	8243
29226	25	8555	47	106	0	8733
29227	23	90	8624	51	0	8788
29228	19	8537	88	36	0	8680
29229	22	102	8545	20	0	8689
29230	19	8609	86	27	0	8741
29231	8514	98	57	41	0	8710
29232	87	60	27	8489	0	8663
29233	66	43	19	8349	0	8477
29234	35	36	8440	109	0	8620
29235	35	32	8173	66	0	8306
29236	28	8411	113	36	0	8588
29237	8424	102	47	51	0	8624
29238	99	45	36	8341	0	8521
29239	46	38	8571	87	0	8742
29240	35	44	8220	57	0	8356
29241	7778	38	112	46	0	7974
29242	8074	28	52	46	0	8200
29243	113	27	8246	28	0	8414
29244	59	60	77	7959	0	8155
29245	27	8167	48	81	0	8323
29246	8210	83	38	81	0	8412
29247	75	8200	29	33	0	8337
29248	7878	77	22	55	0	8032
29249	75	7878	23	28	0	8004
29250	33	8009	16	24	0	8082
29251	32	81	14	8067	0	8194
29252	25	47	24	8070	0	8166
29253	16	8088	24	85	0	8213
29254	19	79	7972	40	0	8110
29255	20	44	7889	24	0	7977
29256	17	28	7901	20	0	7966
29257	7467	30	87	37	0	7621
29258	7891	24	46	30	0	7991
29259	77	8192	24	20	0	8313
29260	42	99	8119	20	0	8280
29261	25	44	102	8121	0	8292
29262	22	34	8599	105	0	8760
29263	18	31	8850	37	0	8936
29264	34	29	147	9544	0	9754
29265	33	18	58	10133	0	10242
29266	15	33	10786	215	0	11049
29267	10481	14	186	131	0	10812
29268	183	11331	104	55	0	11673
29269	84	11941	42	41	0	12108
29270	91	284	33	11667	0	12075
29271	11991	127	30	235	0	12383
29272	233	12271	22	115	0	12641
29273	12318	257	20	76	0	12671
29274	250	12548	22	37	0	12857
29275	12874	271	17	82	0	13244
29276	289	143	12807	46	0	13285
29277	139	99	13044	31	0	13313
29278	144	86	311	12456	0	12997
29279	86	67	12625	235	0	13013
29280	65	11950	305	100	0	12420
29281	76	12023	159	46	0	12304
29282	12095	327	87	63	0	12572
29283	282	178	65	11754	0	12279
29284	118	12204	59	239	0	12620
29285	12267	269	52	139	0	12727
29286	12111	170	42	82	0	12405
29287	12441	111	39	68	0	12659
29288	439	96	43	12081	0	12659
29289	257	80	34	12301	0	12672
29290	152	58	12235	329	0	12774
29291	107	68	12212	144	0	12531
29292	11986	49	327	133	0	12495
29293	329	57	166	11997	0	12549
29294	165	57	12062	269	0	12553
29295	11756	77	282	185	0	12300
29296	309	12377	161	82	0	12929
29297	12410	240	97	119	0	12866
29298	12572	149	84	102	0	12907
29299	12717	85	68	89	0	12959
29300	462	54	12233	83	0	12832
29301	12283	51	280	67	0	12681
29302	421	47	146	11824	0	12438
29303	220	11674	89	280	0	12263
29304	167	12336	101	139	0	12743
29305	12168	315	108	103	0	12694
29306	12294	141	82	77	0	12594
29307	12433	80	55	108	0	12676
29308	478	85	61	11874	0	12498
29309	308	74	51	12067	0	12500
29310	229	90	38	11797	0	12154
29311	192	11900	41	350	0	12483
29312	11886	254	39	205	0	12384
29313	12041	140	37	155	0	12373
29314	12190	79	57	154	0	12480
29315	456	83	11917	104	0	12560
29316	12142	73	256	110	0	12581
29317	430	89	114	11524	0	12157
29318	268	11821	69	268	0	12426
29319	11743	268	57	169	0	12237
29320	11777	141	52	106	0	12076
29321	501	92	11681	76	0	12350
29322	316	71	267	11480	0	12134
29323	189	11788	129	302	0	12408
29324	12100	269	80	212	0	12661
29325	401	179	79	12036	0	12695
29326	308	117	75	11946	0	12446
29327	240	82	63	12146	0	12531
29328	208	97	58	12440	0	12803
29329	168	77	12115	481	0	12841
29330	168	12047	309	263	0	12787
29331	192	299	141	12161	0	12793
29332	131	185	12202	407	0	12925
29333	12115	120	303	268	0	12806
29334	12472	86	168	198	0	12924
29335	470	113	135	12356	0	13074
29336	12456	78	114	398	0	13046
29337	12711	97	78	259	0	13145
29338	537	94	12424	147	0	13202
29339	331	12318	316	160	0	13125
29340	12467	292	161	173	0	13093
29341	453	145	91	12459	0	13148
29342	12608	103	91	413	0	13215
29343	457	86	120	12459	0	13122
29344	299	109	100	12641	0	13149
29345	225	88	12242	470	0	13025
29346	11679	62	338	297	0	12376
29347	392	12328	171	204	0	13095
29348	292	295	12269	175	0	13031
29349	206	12304	302	164	0	12976
29350	12152	336	166	158	0	12812
29351	470	174	113	11986	0	12743
29352	11998	106	111	361	0	12576
29353	415	11919	107	217	0	12658
29354	12205	337	97	153	0	12792
29355	12389	173	62	171	0	12795
29356	12445	107	59	167	0	12778
29357	12334	77	73	161	0	12645
29358	530	12026	66	139	0	12761
29359	11925	273	71	118	0	12387
29360	469	161	89	11623	0	12342
29361	365	159	49	11421	0	11994
29362	240	10689	67	368	0	11364
29363	199	10561	63	200	0	11023
29364	197	10159	44	110	0	10510
29365	9414	288	64	131	0	9897
29366	249	8599	35	102	0	8985
29367	150	7750	42	65	0	8007
29368	7570	161	141	69	0	7941
29369	7331	80	32	46	0	7489
29370	181	7416	30	43	0	7670
29371	7247	119	20	40	0	7426
29372	158	67	6997	42	0	7264
29373	6814	60	91	35	0	7000
29374	146	46	6857	39	0	7088
29375	90	6210	76	27	0	6403
29376	61	6320	37	38	0	6456
29377	154	165	53	6030	0	6402
29378	6170	41	30	81	0	6322
29379	6279	33	15	51	0	6378
29380	6452	24	13	44	0	6533
29381	6414	29	15	41	0	6499
29382	6303	41	11	31	0	6386
29383	97	37	6150	29	0	6313
29384	54	29	5991	35	0	6109
29385	6163	30	62	37	0	6292
29386	85	6358	24	30	0	6497
29387	6230	55	31	29	0	6345
29388	6441	34	13	30	0	6518
29389	6652	29	10	35	0	6726
29390	6685	24	17	36	0	6762
29391	6690	31	16	37	0	6774
29392	105	27	6755	26	0	6913
29393	6905	30	47	33	0	7015
29394	6946	26	26	28	0	7026
29395	91	39	6746	19	0	6895
29396	6515	31	40	33	0	6619
29397	6773	26	27	30	0	6856
29398	91	34	7166	20	0	7311
29399	71	29	7025	21	0	7146
29400	61	7301	63	23	0	7448
29401	78	54	37	7319	0	7488
29402	61	40	7399	43	0	7543
29403	7458	24	57	51	0	7590
29404	101	23	33	7920	0	8077
29405	62	32	8171	56	0	8321
29406	8088	22	64	53	0	8227
29407	8264	29	36	38	0	8367
29408	8330	27	16	31	0	8404
29409	113	8535	16	31	0	8695
29410	92	65	14	8492	0	8663
29411	65	8611	23	55	0	8754
29412	8717	66	22	46	0	8851
29413	8606	30	23	41	0	8700
29414	113	32	8594	12	0	8751
29415	58	8349	59	12	0	8478
29416	40	8428	37	12	0	8517
29417	59	72	27	8333	0	8491
29418	66	32	14	8362	0	8474
29419	8401	23	13	78	0	8515
29420	101	8349	15	26	0	8491
29421	61	8375	15	23	0	8474
29422	71	71	8336	11	0	8489
29423	51	8451	63	17	0	8582
29424	8405	63	26	33	0	8527
29425	92	30	8253	13	0	8388
29426	7593	28	59	25	0	7705
29427	78	24	7970	7	0	8079
29428	7226	9	44	27	0	7306
29429	49	8056	20	9	0	8134
29430	8279	57	10	31	0	8377
29431	83	24	8617	4	0	8728
29432	8444	19	78	49	0	8590
29433	8675	8	18	35	0	8736
29434	85	11	8927	4	0	9027
29435	8857	10	64	30	0	8961
29436	9118	10	24	36	0	9188
29437	8967	15	11	33	0	9026
29438	79	8937	16	18	0	9050
29439	9067	65	10	30	0	9172
29440	94	31	9165	12	0	9302
29441	36	9604	70	12	0	9722
29442	9731	93	30	26	0	9880
29443	9657	20	12	45	0	9734
29444	9824	12	12	32	0	9880
29445	117	9751	13	5	0	9886
29446	59	89	10	10948	0	11106
29447	41	28	10968	134	0	11171
29448	57	17	149	10921	0	11144
29449	28	26	11265	157	0	11476
29450	10893	11	178	64	0	11146
29451	169	11320	59	25	0	11573
29452	87	181	21	11195	0	11484
29453	41	11430	19	150	0	11640
29454	81	181	19	11579	0	11860
29455	54	64	16	11618	0	11752
29456	24	11877	17	215	0	12133
29457	55	188	8	12037	0	12288
29458	67	68	11	12436	0	12582
29459	29	12459	23	259	0	12770
29460	17	12835	20	92	0	12964
29461	61	266	20	12673	0	13020
29462	32	85	12674	239	0	13030
29463	23	12853	238	91	0	13205
29464	79	240	72	12839	0	13230
29465	45	101	13288	239	0	13673
29466	26	13395	260	118	0	13799
29467	13285	278	77	84	0	13724
29468	263	105	13252	47	0	13667
29469	13074	54	262	74	0	13464
29470	303	58	78	13010	0	13449
29471	108	51	47	13174	0	13380
29472	93	37	28	13231	0	13389
29473	36	54	12962	352	0	13404
29474	46	63	12896	122	0	13127
29475	12638	57	303	110	0	13108
29476	310	35	110	12860	0	13315
29477	85	44	12963	289	0	13381
29478	12802	48	263	146	0	13259
29479	306	35	109	12856	0	13306
29480	137	51	59	12904	0	13151
29481	94	45	41	12878	0	13058
29482	49	12799	65	352	0	13265
29483	74	278	37	12516	0	12905
29484	44	12504	46	305	0	12899
29485	38	13013	36	147	0	13234
29486	12704	321	42	112	0	13179
29487	11895	132	49	166	0	12242
29488	12688	56	55	108	0	12907
29489	343	12388	59	74	0	12864
29490	12295	278	35	107	0	12715
29491	12489	102	47	97	0	12735
29492	374	64	48	12050	0	12536
29493	166	61	41	12198	0	12466
29494	72	58	11889	384	0	12403
29495	62	12064	273	157	0	12556
29496	11843	289	93	127	0	12352
29497	11974	101	56	126	0	12257
29498	319	11708	51	91	0	12169
29499	11633	293	52	103	0	12081
29500	11710	115	36	115	0	11976
29501	382	80	54	11354	0	11870
29502	161	11123	53	290	0	11627
29503	97	11455	46	138	0	11736
29504	11054	329	38	117	0	11538
29505	324	134	31	10839	0	11328
29506	124	94	10653	327	0	11198
29507	10421	53	262	181	0	10917
29508	283	78	10886	118	0	11365
29509	124	10653	273	106	0	11156
29510	10597	281	112	104	0	11094
29511	310	123	10538	93	0	11064
29512	151	109	272	10584	0	11116
29513	100	82	10895	326	0	11403
29514	92	10914	290	150	0	11446
29515	127	286	108	10935	0	11456
29516	74	151	10877	317	0	11419
29517	10452	121	262	185	0	11020
29518	292	11111	98	110	0	11611
29519	156	296	76	10744	0	11272
29520	110	11122	61	300	0	11593
29521	10977	316	56	158	0	11507
29522	10957	134	70	155	0	11316
29523	332	10945	57	132	0	11466
29524	183	299	58	10690	0	11230
29525	98	11012	74	299	0	11483
29526	10923	305	62	172	0	11462
29527	302	143	10867	104	0	11416
29528	153	125	10701	83	0	11062
29529	116	10594	293	113	0	11116
29530	87	10704	169	88	0	11048
29531	114	332	85	10348	0	10879
29532	10263	145	69	292	0	10769
29533	10426	91	81	156	0	10754
29534	10158	71	60	122	0	10411
29535	345	10380	65	110	0	10900
29536	164	263	66	10189	0	10682
29537	120	10421	54	263	0	10858
29538	10376	265	74	143	0	10858
29539	328	126	63	10220	0	10737
29540	154	72	9986	268	0	10480
29541	97	9813	223	142	0	10275
29542	9664	236	119	95	0	10114
29543	263	120	9580	72	0	10035
29544	9369	96	209	106	0	9780
29545	254	9459	92	95	0	9900
29546	91	8488	32	44	0	8655
29547	8204	181	40	49	0	8474
29548	169	8378	24	51	0	8622
29549	8115	145	26	38	0	8324
29550	147	8160	24	34	0	8365
29551	8213	144	31	42	0	8430
29552	8248	69	22	38	0	8377
29553	174	42	8374	28	0	8618
29554	70	50	8041	11	0	8172
29555	56	8132	115	15	0	8318
29556	7888	130	71	34	0	8123
29557	118	43	7692	22	0	7875
29558	7230	45	93	25	0	7393
29559	92	48	41	7196	0	7377
29560	39	19	7359	61	0	7478
29561	35	19	7065	19	0	7138
29562	26	21	7468	13	0	7528
29563	15	7458	60	15	0	7548
29564	78	164	57	7083	0	7382
29565	6899	17	10	38	0	6964
29566	35	1	8	7001	0	7045
29567	7080	5	5	42	0	7132
29568	37	3	5	7105	0	7150
29569	7247	4	3	57	0	7311
29570	7286	10	6	54	0	7356
29571	8354	2	4	31	0	8391
29572	80	8500	4	12	0	8596
29573	35	73	8680	5	0	8793
29574	20	28	74	8690	0	8812
29575	176	95	116	5133	0	5520
29576	21	11	10	8986	0	9028
29577	26	8	8	8849	0	8891
29578	11	8656	8	130	0	8805
29579	14	83	8568	63	0	8728
29580	11	8731	85	33	0	8860
29581	30	110	30	8368	0	8538
29582	22	45	9	8876	0	8952
29583	17	16	11	8941	0	8985
29584	23	16	5	8852	0	8896
29585	9	8650	15	155	0	8829
29586	6	8753	12	56	0	8827
29587	11	128	8623	39	0	8801
29588	14	42	101	8632	0	8789
29589	19	20	34	8760	0	8833
29590	19	21	14	8973	0	9027
29591	9057	23	9	174	0	9263
29592	104	9136	14	57	0	9311
29593	42	114	9121	32	0	9309
29594	9104	39	103	37	0	9283
29595	124	22	35	9149	0	9330
29596	9378	19	9	151	0	9557
29597	132	12	13	9454	0	9611
29598	9563	15	4	150	0	9732
29599	127	13	11	9579	0	9730
29600	9525	18	14	145	0	9702
29601	129	17	9795	61	0	10002
29602	81	12	101	9700	0	9894
29603	24	10061	41	124	0	10250
29604	49	103	12	10330	0	10494
29605	10243	47	15	163	0	10468
29606	139	10310	19	59	0	10527
29607	60	138	14	10763	0	10975
29608	23	10686	17	143	0	10869
29609	38	153	12	10787	0	10990
29610	33	60	9	10885	0	10987
29611	29	26	10690	191	0	10936
29612	28	27	137	10525	0	10717
29613	25	25	10418	170	0	10638
29614	13	10297	145	82	0	10537
29615	10288	140	58	67	0	10553
29616	147	61	10260	42	0	10510
29617	10030	28	153	70	0	10281
29618	10597	24	54	59	0	10734
29619	198	19	38	10690	0	10945
29620	65	21	11052	178	0	11316
29621	10785	19	175	94	0	11073
29622	11626	17	64	70	0	11777
29623	242	16	33	11331	0	11622
29624	107	14	32	11460	0	11613
29625	53	11452	23	238	0	11766
29626	54	182	27	11409	0	11672
29627	37	11477	20	213	0	11747
29628	37	190	11448	95	0	11770
29629	51	82	170	11198	0	11501
29630	11042	33	66	226	0	11367
29631	11143	22	24	101	0	11290
29632	202	11131	22	64	0	11419
29633	82	168	24	11311	0	11585
29634	11287	61	15	241	0	11604
29635	192	10924	24	91	0	11231
29636	11024	190	17	76	0	11307
29637	220	66	14	11440	0	11740
29638	11989	39	14	223	0	12265
29639	233	48	12827	91	0	13199
29640	83	13036	222	64	0	13405
29641	12950	240	72	80	0	13342
29642	243	13336	38	71	0	13688
29643	13504	262	30	76	0	13872
29644	13869	85	20	74	0	14048
29645	330	60	13784	46	0	14220
29646	170	39	249	13660	0	14118
29647	14045	32	82	292	0	14451
29648	296	53	13829	97	0	14275
29649	13878	39	253	94	0	14264
29650	328	38	76	13925	0	14367
29651	135	35	13907	271	0	14348
29652	117	32	269	13709	0	14127
29653	13532	29	100	313	0	13974
29654	305	27	13875	132	0	14339
29655	156	30	273	13870	0	14329
29656	122	36	93	14106	0	14357
29657	14052	27	52	369	0	14500
29658	14084	31	60	167	0	14342
29659	352	14262	55	110	0	14779
29660	190	264	46	14175	0	14675
29661	124	85	58	14254	0	14521
29662	127	51	41	14125	0	14344
29663	13881	44	39	406	0	14370
29664	14064	36	45	168	0	14313
29665	407	55	41	13763	0	14266
29666	161	13605	45	306	0	14117
29667	148	288	47	13411	0	13894
29668	106	13692	42	306	0	14146
29669	13522	261	57	175	0	14015
29670	303	13200	54	115	0	13672
29671	12321	209	40	101	0	12671
29672	295	80	51	12144	0	12570
29673	12059	52	38	268	0	12417
29674	283	38	12095	126	0	12542
29675	120	12353	211	100	0	12784
29676	12272	218	103	123	0	12716
29677	12434	79	51	115	0	12679
29678	335	43	46	12167	0	12591
29679	135	12352	57	262	0	12806
29680	140	221	31	12780	0	13172
29681	118	80	41	12851	0	13090
29682	134	52	40	12832	0	13058
29683	12663	56	42	345	0	13106
29684	12820	49	32	161	0	13062
29685	325	38	32	12737	0	13132
29686	151	12655	38	260	0	13104
29687	12790	202	32	169	0	13193
29688	282	93	12630	124	0	13129
29689	170	61	190	12796	0	13217
29690	129	63	12837	272	0	13301
29691	118	66	195	12770	0	13149
29692	108	66	12960	278	0	13412
29693	126	59	204	12928	0	13317
29694	12940	61	78	303	0	13382
29695	12960	67	63	149	0	13239
29696	313	12643	33	132	0	13121
29697	12990	217	45	129	0	13381
29698	312	85	33	12938	0	13368
29699	186	81	46	13126	0	13439
29700	13076	71	42	340	0	13529
29701	299	63	12799	156	0	13317
29702	182	58	12689	131	0	13060
29703	135	77	12805	120	0	13137
29704	12520	47	235	139	0	12941
29705	286	43	13036	121	0	13486
29706	153	57	12459	127	0	12796
29707	12091	69	240	141	0	12541
29708	264	12843	114	119	0	13340
29709	164	170	80	13091	0	13505
29710	128	77	64	13339	0	13608
29711	114	62	13507	286	0	13969
29712	13231	41	203	193	0	13668
29713	13517	36	103	180	0	13836
29714	13133	36	80	192	0	13441
29715	285	41	13467	127	0	13920
29716	13076	40	199	158	0	13473
29717	276	57	13216	121	0	13670
29718	157	13012	193	107	0	13469
29719	133	13119	90	113	0	13455
29720	12592	180	71	138	0	12981
29721	202	12413	75	103	0	12793
29722	112	12568	69	111	0	12860
29723	12438	165	78	122	0	12803
29724	197	12527	86	86	0	12896
29725	12548	163	58	110	0	12879
29726	238	70	64	12805	0	13177
29727	138	66	57	12918	0	13179
29728	137	57	55	12983	0	13232
29729	111	72	72	12810	0	13065
29730	101	12817	66	236	0	13220
29731	13075	162	64	149	0	13450
29732	236	13819	72	82	0	14209
29733	156	14292	92	110	0	14650
29734	104	245	14812	79	0	15240
29735	14222	101	266	105	0	14694
29736	325	71	15516	67	0	15979
29737	164	79	15880	62	0	16185
29738	110	15529	327	67	0	16033
29739	60	15697	115	30	0	15902
29740	15745	349	108	104	0	16306
29741	284	16659	43	63	0	17049
29742	141	337	16580	30	0	17088
29743	76	16434	300	37	0	16847
29744	54	362	16564	21	0	17001
29745	52	155	16260	15	0	16482
29746	15499	98	400	55	0	16052
29747	289	66	16260	18	0	16633
29748	171	62	373	15652	0	16258
29749	15643	48	174	318	0	16183
29750	276	15617	137	128	0	16158
29751	146	272	15785	73	0	16276
29752	15480	129	328	77	0	16014
29753	348	73	159	15249	0	15829
29754	158	15043	106	262	0	15569
29755	86	287	15311	119	0	15803
29756	15054	144	310	106	0	15614
29757	325	76	15437	29	0	15867
29758	206	49	356	15192	0	15803
29759	92	49	15160	291	0	15592
29760	109	39	371	14967	0	15486
29761	14848	39	178	376	0	15441
29762	287	15202	134	152	0	15775
29763	15341	283	84	138	0	15846
29764	357	145	15305	66	0	15873
29765	211	74	339	15438	0	16062
29766	109	51	15750	319	0	16229
29767	15260	48	388	187	0	15883
29768	15700	56	177	152	0	16085
29769	444	15750	133	64	0	16391
29770	15905	319	99	98	0	16421
29771	16145	136	73	98	0	16452
29772	522	84	80	15718	0	16404
29773	245	70	15775	307	0	16397
29774	167	15222	329	157	0	15875
29775	164	327	152	15303	0	15946
29776	15370	150	106	367	0	15993
29777	371	105	15223	162	0	15861
29778	186	59	15317	103	0	15665
29779	117	82	15059	69	0	15327
29780	14475	66	492	97	0	15130
29781	373	49	14879	70	0	15371
29782	14421	49	438	91	0	14999
29783	400	56	14118	46	0	14620
29784	199	14402	430	43	0	15074
29785	168	314	212	14257	0	14951
29786	114	143	14438	315	0	15010
29787	92	14021	409	148	0	14670
29788	88	14400	224	92	0	14804
29789	101	425	141	14118	0	14785
29790	13967	210	98	354	0	14629
29791	349	131	112	14083	0	14675
29792	13763	102	105	398	0	14368
29793	424	86	76	13764	0	14350
29794	205	75	13663	396	0	14339
29795	150	86	13748	192	0	14176
29796	13227	55	472	185	0	13939
29797	13556	55	249	133	0	13993
29798	479	69	13247	104	0	13899
29799	12845	64	417	124	0	13450
29800	439	82	13183	63	0	13767
29801	256	12507	458	64	0	13285
29802	198	12609	249	56	0	13112
29803	167	12517	194	65	0	12943
29804	163	461	150	12157	0	12931
29805	12054	230	142	353	0	12779
29806	12281	150	121	188	0	12740
29807	512	138	119	12022	0	12791
29808	271	130	11438	347	0	12186
29809	194	106	391	11388	0	12079
29810	160	93	11360	396	0	12009
29811	172	72	427	11024	0	11695
29812	10862	57	260	446	0	11625
29813	11083	59	186	230	0	11558
29814	11085	54	160	171	0	11470
29815	11134	56	131	138	0	11459
29816	575	57	137	10626	0	11395
29817	347	45	129	10882	0	11403
29818	10681	47	122	492	0	11342
29819	10916	56	102	254	0	11328
29820	584	62	84	10594	0	11324
29821	341	51	101	10805	0	11298
29822	249	40	77	10682	0	11048
29823	198	40	107	10747	0	11092
29824	10317	51	79	568	0	11015
29825	398	49	10128	325	0	10900
29826	275	52	331	9892	0	10550
29827	9795	39	191	445	0	10470
29828	424	61	9587	253	0	10325
29829	297	59	347	9617	0	10320
29830	197	33	9659	401	0	10290
29831	143	9049	424	234	0	9850
29832	207	267	235	8044	0	8753
29833	7499	115	166	294	0	8074
29834	290	259	131	6526	0	7206
29835	180	6314	115	278	0	6887
29836	125	5842	102	152	0	6221
29837	106	4736	48	95	0	4985
29838	94	4417	71	72	0	4654
29839	2606	319	244	212	0	3381
29840	180	91	69	1904	0	2244
29841	25	19	1601	43	0	1688
29842	19	9	39	1474	0	1541
29843	23	5	1448	42	0	1518
29844	1416	10	43	26	0	1495
29845	53	4	15	1404	0	1476
29846	30	7	12	1430	0	1479
29847	25	2	17	1422	0	1466
29848	25	5	14	1429	0	1473
29849	1396	6	9	50	0	1461
29850	1413	9	8	23	0	1453
29851	48	11	11	1381	0	1451
29852	1343	6	7	50	0	1406
29853	38	10	1327	29	0	1404
29854	19	1293	29	26	0	1367
29855	14	32	9	1321	0	1376
29856	21	9	11	1289	0	1330
29857	20	1273	13	45	0	1351
29858	23	36	8	1261	0	1328
29859	30	31	10	1254	0	1325
29860	1239	5	13	50	0	1307
29861	31	5	1153	20	0	1209
29862	18	4	1073	21	0	1116
29863	1031	3	35	19	0	1088
29864	38	5	957	15	0	1015
29865	533	11	24	5	0	573
29866	428	1	20	6	0	455
29867	21	7	3	347	0	378
29868	5	2	280	5	0	292
29869	214	1	10	3	0	228
29870	7	214	2	1	0	224
29871	101	6	17	11	0	135
29872	75	3	16	2	0	96
29873	79	2	0	2	0	83
29874	192	0	0	0	0	192
29875	178	0	0	0	0	178
29876	173	0	0	1	0	174
29877	182	0	0	1	0	183
29878	162	0	0	5	0	167
29879	197	0	0	1	0	198
29880	196	0	0	0	0	196
29881	182	0	0	0	0	182
29882	169	0	0	0	0	169
29883	191	0	0	0	0	191
29884	171	0	1	0	0	172
29885	176	0	0	1	0	177
29886	188	0	0	0	0	188
29887	165	1	0	0	0	166
29888	171	0	0	1	0	172
29889	153	0	0	0	0	153
29890	182	0	0	1	0	183
29891	161	0	0	0	0	161
29892	181	1	0	0	0	182
29893	178	1	0	0	0	179
29894	192	1	0	0	0	193
29895	187	0	0	0	0	187
29896	187	0	0	1	0	188
29897	180	0	1	0	0	181
29898	168	0	0	1	0	169
29899	186	0	1	0	0	187
29900	192	0	0	0	0	192
29901	182	0	0	1	0	183
29902	173	0	4	1	0	178
29903	144	0	22	1	0	167
29904	0	0	0	1	0	1
29905	1	0	0	0	0	1
29906	1	0	0	0	0	1
29907	0	0	0	1	0	1
29908	1	0	0	0	0	1
29909	0	0	1	0	0	1
